01/01/2000,MIA,FL,ASO,ES,Towers with Radar,684,285,66,7,1042,0,9,66,2,77,684,294,132,9,1119,0,0,0,1119
01/02/2000,MIA,FL,ASO,ES,Towers with Radar,827,319,162,14,1322,0,12,109,2,123,827,331,271,16,1445,0,0,0,1445
01/03/2000,MIA,FL,ASO,ES,Towers with Radar,838,338,128,29,1333,0,17,95,3,115,838,355,223,32,1448,0,0,0,1448
01/04/2000,MIA,FL,ASO,ES,Towers with Radar,904,370,121,4,1399,0,16,94,0,110,904,386,215,4,1509,0,0,0,1509
01/05/2000,MIA,FL,ASO,ES,Towers with Radar,897,352,115,6,1370,0,19,90,11,120,897,371,205,17,1490,0,0,0,1490
01/06/2000,MIA,FL,ASO,ES,Towers with Radar,852,356,118,8,1334,0,20,127,7,154,852,376,245,15,1488,0,0,0,1488
01/07/2000,MIA,FL,ASO,ES,Towers with Radar,896,315,123,10,1344,0,23,109,0,132,896,338,232,10,1476,0,0,0,1476
01/08/2000,MIA,FL,ASO,ES,Towers with Radar,943,266,95,7,1311,0,11,92,0,103,943,277,187,7,1414,0,0,0,1414
01/09/2000,MIA,FL,ASO,ES,Towers with Radar,903,271,98,10,1282,0,14,97,0,111,903,285,195,10,1393,0,0,0,1393
01/10/2000,MIA,FL,ASO,ES,Towers with Radar,876,301,112,14,1303,0,17,89,6,112,876,318,201,20,1415,0,0,0,1415
01/11/2000,MIA,FL,ASO,ES,Towers with Radar,889,322,123,7,1341,0,21,84,1,106,889,343,207,8,1447,0,0,0,1447
01/12/2000,MIA,FL,ASO,ES,Towers with Radar,904,315,134,13,1366,0,12,104,7,123,904,327,238,20,1489,0,0,0,1489
01/13/2000,MIA,FL,ASO,ES,Towers with Radar,903,329,132,9,1373,0,15,111,6,132,903,344,243,15,1505,0,0,0,1505
01/14/2000,MIA,FL,ASO,ES,Towers with Radar,904,319,126,11,1360,0,19,137,11,167,904,338,263,22,1527,0,0,0,1527
01/15/2000,MIA,FL,ASO,ES,Towers with Radar,802,270,107,9,1188,100,30,69,0,199,902,300,176,9,1387,0,0,0,1387
01/16/2000,MIA,FL,ASO,ES,Towers with Radar,875,296,102,5,1278,0,12,125,3,140,875,308,227,8,1418,0,0,0,1418
01/17/2000,MIA,FL,ASO,ES,Towers with Radar,851,304,128,8,1291,0,17,95,4,116,851,321,223,12,1407,0,0,0,1407
01/18/2000,MIA,FL,ASO,ES,Towers with Radar,848,330,131,16,1325,0,14,99,6,119,848,344,230,22,1444,0,0,0,1444
01/19/2000,MIA,FL,ASO,ES,Towers with Radar,898,305,133,7,1343,0,12,105,2,119,898,317,238,9,1462,0,0,0,1462
01/20/2000,MIA,FL,ASO,ES,Towers with Radar,865,315,128,11,1319,0,18,77,11,106,865,333,205,22,1425,0,0,0,1425
01/21/2000,MIA,FL,ASO,ES,Towers with Radar,909,328,149,19,1405,0,16,124,7,147,909,344,273,26,1552,0,0,0,1552
01/22/2000,MIA,FL,ASO,ES,Towers with Radar,910,275,106,7,1298,0,12,127,2,141,910,287,233,9,1439,0,0,0,1439
01/23/2000,MIA,FL,ASO,ES,Towers with Radar,875,294,116,7,1292,0,18,86,3,107,875,312,202,10,1399,0,0,0,1399
01/24/2000,MIA,FL,ASO,ES,Towers with Radar,848,289,90,13,1240,0,18,62,3,83,848,307,152,16,1323,0,0,0,1323
01/25/2000,MIA,FL,ASO,ES,Towers with Radar,781,312,119,11,1223,0,18,106,3,127,781,330,225,14,1350,0,0,0,1350
01/26/2000,MIA,FL,ASO,ES,Towers with Radar,887,307,155,13,1362,0,19,131,4,154,887,326,286,17,1516,0,0,0,1516
01/27/2000,MIA,FL,ASO,ES,Towers with Radar,899,360,150,15,1424,0,19,104,11,134,899,379,254,26,1558,0,0,0,1558
01/28/2000,MIA,FL,ASO,ES,Towers with Radar,902,296,143,12,1353,0,15,93,9,117,902,311,236,21,1470,0,0,0,1470
01/29/2000,MIA,FL,ASO,ES,Towers with Radar,925,281,95,7,1308,0,20,93,2,115,925,301,188,9,1423,0,0,0,1423
01/30/2000,MIA,FL,ASO,ES,Towers with Radar,753,270,110,9,1142,0,0,34,2,36,753,270,144,11,1178,0,0,0,1178
01/31/2000,MIA,FL,ASO,ES,Towers with Radar,878,316,103,13,1310,0,14,90,4,108,878,330,193,17,1418,0,0,0,1418
02/01/2000,MIA,FL,ASO,ES,Towers with Radar,930,331,116,3,1380,2,8,94,7,111,932,339,210,10,1491,0,0,0,1491
02/02/2000,MIA,FL,ASO,ES,Towers with Radar,927,312,117,17,1373,0,10,71,6,87,927,322,188,23,1460,0,0,0,1460
02/03/2000,MIA,FL,ASO,ES,Towers with Radar,921,345,136,10,1412,2,9,81,5,97,923,354,217,15,1509,0,0,0,1509
02/04/2000,MIA,FL,ASO,ES,Towers with Radar,915,323,143,8,1389,2,3,89,1,95,917,326,232,9,1484,0,0,0,1484
02/05/2000,MIA,FL,ASO,ES,Towers with Radar,959,286,130,12,1387,6,5,98,2,111,965,291,228,14,1498,0,0,0,1498
02/06/2000,MIA,FL,ASO,ES,Towers with Radar,936,301,105,9,1351,0,7,95,3,105,936,308,200,12,1456,0,0,0,1456
02/07/2000,MIA,FL,ASO,ES,Towers with Radar,878,305,92,5,1280,3,12,99,3,117,881,317,191,8,1397,0,0,0,1397
02/08/2000,MIA,FL,ASO,ES,Towers with Radar,891,320,112,8,1331,1,3,38,5,47,892,323,150,13,1378,0,0,0,1378
02/09/2000,MIA,FL,ASO,ES,Towers with Radar,904,309,172,14,1399,5,7,101,3,116,909,316,273,17,1515,0,0,0,1515
02/10/2000,MIA,FL,ASO,ES,Towers with Radar,908,309,150,12,1379,2,13,100,6,121,910,322,250,18,1500,0,0,0,1500
02/11/2000,MIA,FL,ASO,ES,Towers with Radar,894,323,158,19,1394,1,5,114,3,123,895,328,272,22,1517,0,0,0,1517
02/12/2000,MIA,FL,ASO,ES,Towers with Radar,917,305,130,4,1356,1,7,119,2,129,918,312,249,6,1485,0,0,0,1485
02/13/2000,MIA,FL,ASO,ES,Towers with Radar,881,282,145,8,1316,2,5,113,2,122,883,287,258,10,1438,0,0,0,1438
02/14/2000,MIA,FL,ASO,ES,Towers with Radar,876,295,146,13,1330,1,2,90,3,96,877,297,236,16,1426,0,0,0,1426
02/15/2000,MIA,FL,ASO,ES,Towers with Radar,878,307,168,8,1361,4,5,103,0,112,882,312,271,8,1473,0,0,0,1473
02/16/2000,MIA,FL,ASO,ES,Towers with Radar,865,318,190,15,1388,1,13,117,4,135,866,331,307,19,1523,0,0,0,1523
02/17/2000,MIA,FL,ASO,ES,Towers with Radar,864,336,280,11,1491,1,9,112,6,128,865,345,392,17,1619,0,0,0,1619
02/18/2000,MIA,FL,ASO,ES,Towers with Radar,899,326,256,18,1499,1,12,127,1,141,900,338,383,19,1640,0,0,0,1640
02/19/2000,MIA,FL,ASO,ES,Towers with Radar,942,310,169,11,1432,2,8,82,5,97,944,318,251,16,1529,0,0,0,1529
02/20/2000,MIA,FL,ASO,ES,Towers with Radar,899,293,170,8,1370,2,4,92,0,98,901,297,262,8,1468,0,0,0,1468
02/21/2000,MIA,FL,ASO,ES,Towers with Radar,871,312,189,11,1383,5,5,115,2,127,876,317,304,13,1510,0,0,0,1510
02/22/2000,MIA,FL,ASO,ES,Towers with Radar,873,297,114,10,1294,3,12,83,8,106,876,309,197,18,1400,0,0,0,1400
02/23/2000,MIA,FL,ASO,ES,Towers with Radar,894,296,164,14,1368,0,6,93,11,110,894,302,257,25,1478,0,0,0,1478
02/24/2000,MIA,FL,ASO,ES,Towers with Radar,891,330,191,13,1425,3,8,129,6,146,894,338,320,19,1571,0,0,0,1571
02/25/2000,MIA,FL,ASO,ES,Towers with Radar,884,331,198,16,1429,11,10,107,8,136,895,341,305,24,1565,0,0,0,1565
02/26/2000,MIA,FL,ASO,ES,Towers with Radar,949,301,122,11,1383,1,2,116,6,125,950,303,238,17,1508,0,0,0,1508
02/27/2000,MIA,FL,ASO,ES,Towers with Radar,894,308,133,9,1344,0,4,123,3,130,894,312,256,12,1474,0,0,0,1474
02/28/2000,MIA,FL,ASO,ES,Towers with Radar,768,294,130,11,1203,0,0,70,2,72,768,294,200,13,1275,0,0,0,1275
02/29/2000,MIA,FL,ASO,ES,Towers with Radar,887,331,205,18,1441,2,10,144,8,164,889,341,349,26,1605,0,0,0,1605
03/01/2000,MIA,FL,ASO,ES,Towers with Radar,911,312,183,11,1417,4,8,122,5,139,915,320,305,16,1556,0,0,0,1556
03/02/2000,MIA,FL,ASO,ES,Towers with Radar,904,331,191,12,1438,4,18,124,1,147,908,349,315,13,1585,0,0,0,1585
03/03/2000,MIA,FL,ASO,ES,Towers with Radar,911,328,179,14,1432,5,7,106,8,126,916,335,285,22,1558,0,0,0,1558
03/04/2000,MIA,FL,ASO,ES,Towers with Radar,902,300,117,14,1333,2,8,125,3,138,904,308,242,17,1471,0,0,0,1471
03/05/2000,MIA,FL,ASO,ES,Towers with Radar,897,307,144,12,1360,2,8,99,2,111,899,315,243,14,1471,0,0,0,1471
03/06/2000,MIA,FL,ASO,ES,Towers with Radar,879,321,153,5,1358,5,14,103,8,130,884,335,256,13,1488,0,0,0,1488
03/07/2000,MIA,FL,ASO,ES,Towers with Radar,878,331,136,20,1365,1,9,111,3,124,879,340,247,23,1489,0,0,0,1489
03/08/2000,MIA,FL,ASO,ES,Towers with Radar,877,330,138,9,1354,7,5,96,6,114,884,335,234,15,1468,0,0,0,1468
03/09/2000,MIA,FL,ASO,ES,Towers with Radar,895,343,138,11,1387,4,9,105,4,122,899,352,243,15,1509,0,0,0,1509
03/10/2000,MIA,FL,ASO,ES,Towers with Radar,869,374,179,14,1436,4,12,132,7,155,873,386,311,21,1591,0,0,0,1591
03/11/2000,MIA,FL,ASO,ES,Towers with Radar,920,311,96,7,1334,2,2,89,5,98,922,313,185,12,1432,0,0,0,1432
03/12/2000,MIA,FL,ASO,ES,Towers with Radar,914,315,142,18,1389,0,8,109,6,123,914,323,251,24,1512,0,0,0,1512
03/13/2000,MIA,FL,ASO,ES,Towers with Radar,868,312,126,29,1335,0,10,100,11,121,868,322,226,40,1456,0,0,0,1456
03/14/2000,MIA,FL,ASO,ES,Towers with Radar,910,311,197,8,1426,2,5,142,5,154,912,316,339,13,1580,0,0,0,1580
03/15/2000,MIA,FL,ASO,ES,Towers with Radar,883,322,162,6,1373,2,13,93,3,111,885,335,255,9,1484,0,0,0,1484
03/16/2000,MIA,FL,ASO,ES,Towers with Radar,881,327,177,8,1393,4,9,125,7,145,885,336,302,15,1538,0,0,0,1538
03/17/2000,MIA,FL,ASO,ES,Towers with Radar,896,338,196,13,1443,15,13,117,4,149,911,351,313,17,1592,0,0,0,1592
03/18/2000,MIA,FL,ASO,ES,Towers with Radar,920,311,127,17,1375,5,1,97,5,108,925,312,224,22,1483,0,0,0,1483
03/19/2000,MIA,FL,ASO,ES,Towers with Radar,892,331,124,1,1348,3,0,32,1,36,895,331,156,2,1384,0,0,0,1384
03/20/2000,MIA,FL,ASO,ES,Towers with Radar,878,325,140,13,1356,4,8,92,2,106,882,333,232,15,1462,0,0,0,1462
03/21/2000,MIA,FL,ASO,ES,Towers with Radar,871,335,158,6,1370,3,11,128,5,147,874,346,286,11,1517,0,0,0,1517
03/22/2000,MIA,FL,ASO,ES,Towers with Radar,907,321,172,12,1412,3,15,136,7,161,910,336,308,19,1573,0,0,0,1573
03/23/2000,MIA,FL,ASO,ES,Towers with Radar,884,347,195,6,1432,3,11,133,5,152,887,358,328,11,1584,0,0,0,1584
03/24/2000,MIA,FL,ASO,ES,Towers with Radar,905,345,189,12,1451,2,12,114,2,130,907,357,303,14,1581,0,0,0,1581
03/25/2000,MIA,FL,ASO,ES,Towers with Radar,911,322,160,15,1408,1,3,146,3,153,912,325,306,18,1561,0,0,0,1561
03/26/2000,MIA,FL,ASO,ES,Towers with Radar,894,332,179,13,1418,0,5,132,2,139,894,337,311,15,1557,0,0,0,1557
03/27/2000,MIA,FL,ASO,ES,Towers with Radar,870,330,132,1,1333,4,5,77,5,91,874,335,209,6,1424,0,0,0,1424
03/28/2000,MIA,FL,ASO,ES,Towers with Radar,878,322,137,10,1347,3,8,110,2,123,881,330,247,12,1470,0,0,0,1470
03/29/2000,MIA,FL,ASO,ES,Towers with Radar,905,332,176,11,1424,2,14,112,7,135,907,346,288,18,1559,0,0,0,1559
03/30/2000,MIA,FL,ASO,ES,Towers with Radar,888,319,185,14,1406,2,14,122,5,143,890,333,307,19,1549,0,0,0,1549
03/31/2000,MIA,FL,ASO,ES,Towers with Radar,912,347,163,14,1436,12,10,115,4,141,924,357,278,18,1577,0,0,0,1577
04/01/2000,MIA,FL,ASO,ES,Towers with Radar,941,309,122,11,1383,0,6,108,4,118,941,315,230,15,1501,0,0,0,1501
04/02/2000,MIA,FL,ASO,ES,Towers with Radar,898,311,130,13,1352,0,2,106,1,109,898,313,236,14,1461,0,0,0,1461
04/03/2000,MIA,FL,ASO,ES,Towers with Radar,873,289,135,10,1307,1,9,86,1,97,874,298,221,11,1404,0,0,0,1404
04/04/2000,MIA,FL,ASO,ES,Towers with Radar,890,290,156,13,1349,0,14,110,7,131,890,304,266,20,1480,0,0,0,1480
04/05/2000,MIA,FL,ASO,ES,Towers with Radar,910,301,183,15,1409,8,15,125,8,156,918,316,308,23,1565,0,0,0,1565
04/06/2000,MIA,FL,ASO,ES,Towers with Radar,925,322,163,15,1425,5,11,123,3,142,930,333,286,18,1567,0,0,0,1567
04/07/2000,MIA,FL,ASO,ES,Towers with Radar,918,304,162,8,1392,0,9,135,6,150,918,313,297,14,1542,0,0,0,1542
04/08/2000,MIA,FL,ASO,ES,Towers with Radar,931,274,97,7,1309,0,1,117,4,122,931,275,214,11,1431,0,0,0,1431
04/09/2000,MIA,FL,ASO,ES,Towers with Radar,905,290,165,11,1371,0,7,150,3,160,905,297,315,14,1531,0,0,0,1531
04/10/2000,MIA,FL,ASO,ES,Towers with Radar,865,305,141,15,1326,0,9,97,10,116,865,314,238,25,1442,0,0,0,1442
04/11/2000,MIA,FL,ASO,ES,Towers with Radar,902,320,130,11,1363,0,3,109,3,115,902,323,239,14,1478,0,0,0,1478
04/12/2000,MIA,FL,ASO,ES,Towers with Radar,914,322,111,13,1360,0,5,77,2,84,914,327,188,15,1444,0,0,0,1444
04/13/2000,MIA,FL,ASO,ES,Towers with Radar,902,301,143,6,1352,19,21,72,0,112,921,322,215,6,1464,0,0,0,1464
04/14/2000,MIA,FL,ASO,ES,Towers with Radar,794,265,125,9,1193,121,62,63,6,252,915,327,188,15,1445,0,0,0,1445
04/15/2000,MIA,FL,ASO,ES,Towers with Radar,917,306,144,11,1378,43,37,88,7,175,960,343,232,18,1553,0,0,0,1553
04/16/2000,MIA,FL,ASO,ES,Towers with Radar,893,297,140,10,1340,199,48,86,5,338,1092,345,226,15,1678,0,0,0,1678
04/17/2000,MIA,FL,ASO,ES,Towers with Radar,890,293,120,27,1330,0,18,108,7,133,890,311,228,34,1463,0,0,0,1463
04/18/2000,MIA,FL,ASO,ES,Towers with Radar,915,293,135,8,1351,1,13,123,8,145,916,306,258,16,1496,0,0,0,1496
04/19/2000,MIA,FL,ASO,ES,Towers with Radar,925,320,164,2,1411,5,17,138,2,162,930,337,302,4,1573,0,0,0,1573
04/20/2000,MIA,FL,ASO,ES,Towers with Radar,892,335,186,12,1425,0,13,138,3,154,892,348,324,15,1579,0,0,0,1579
04/21/2000,MIA,FL,ASO,ES,Towers with Radar,881,265,139,11,1296,0,10,127,5,142,881,275,266,16,1438,0,0,0,1438
04/22/2000,MIA,FL,ASO,ES,Towers with Radar,904,290,133,13,1340,0,5,145,8,158,904,295,278,21,1498,0,0,0,1498
04/23/2000,MIA,FL,ASO,ES,Towers with Radar,874,320,135,8,1337,0,4,102,3,109,874,324,237,11,1446,0,0,0,1446
04/24/2000,MIA,FL,ASO,ES,Towers with Radar,870,284,194,7,1355,0,11,160,3,174,870,295,354,10,1529,0,0,0,1529
04/25/2000,MIA,FL,ASO,ES,Towers with Radar,925,323,150,8,1406,0,14,94,6,114,925,337,244,14,1520,0,0,0,1520
04/26/2000,MIA,FL,ASO,ES,Towers with Radar,920,309,143,8,1380,0,10,100,2,112,920,319,243,10,1492,0,0,0,1492
04/27/2000,MIA,FL,ASO,ES,Towers with Radar,931,314,196,18,1459,0,10,108,2,120,931,324,304,20,1579,0,0,0,1579
04/28/2000,MIA,FL,ASO,ES,Towers with Radar,930,324,157,11,1422,0,0,151,0,151,930,324,308,11,1573,0,0,0,1573
04/29/2000,MIA,FL,ASO,ES,Towers with Radar,946,296,124,6,1372,0,4,99,3,106,946,300,223,9,1478,0,0,0,1478
04/30/2000,MIA,FL,ASO,ES,Towers with Radar,906,287,140,10,1343,0,4,109,5,118,906,291,249,15,1461,0,0,0,1461
05/01/2000,MIA,FL,ASO,ES,Towers with Radar,897,272,156,9,1334,5,18,94,2,119,902,290,250,11,1453,0,0,0,1453
05/02/2000,MIA,FL,ASO,ES,Towers with Radar,902,285,125,13,1325,6,11,107,3,127,908,296,232,16,1452,0,0,0,1452
05/03/2000,MIA,FL,ASO,ES,Towers with Radar,898,293,128,7,1326,11,7,120,0,138,909,300,248,7,1464,0,0,0,1464
05/04/2000,MIA,FL,ASO,ES,Towers with Radar,909,295,118,10,1332,7,18,89,5,119,916,313,207,15,1451,0,0,0,1451
05/05/2000,MIA,FL,ASO,ES,Towers with Radar,907,304,138,12,1361,0,0,128,14,142,907,304,266,26,1503,0,0,0,1503
05/06/2000,MIA,FL,ASO,ES,Towers with Radar,911,268,101,20,1300,12,9,106,1,128,923,277,207,21,1428,0,0,0,1428
05/07/2000,MIA,FL,ASO,ES,Towers with Radar,876,273,96,29,1274,6,8,86,3,103,882,281,182,32,1377,0,0,0,1377
05/08/2000,MIA,FL,ASO,ES,Towers with Radar,842,290,112,9,1253,6,22,71,2,101,848,312,183,11,1354,0,0,0,1354
05/09/2000,MIA,FL,ASO,ES,Towers with Radar,860,289,137,14,1300,5,15,87,7,114,865,304,224,21,1414,0,0,0,1414
05/10/2000,MIA,FL,ASO,ES,Towers with Radar,862,302,167,17,1348,10,17,121,1,149,872,319,288,18,1497,0,0,0,1497
05/11/2000,MIA,FL,ASO,ES,Towers with Radar,873,295,164,11,1343,8,12,109,4,133,881,307,273,15,1476,0,0,0,1476
05/12/2000,MIA,FL,ASO,ES,Towers with Radar,881,292,161,10,1344,6,10,121,1,138,887,302,282,11,1482,0,0,0,1482
05/13/2000,MIA,FL,ASO,ES,Towers with Radar,868,265,95,6,1234,4,5,102,1,112,872,270,197,7,1346,0,0,0,1346
05/14/2000,MIA,FL,ASO,ES,Towers with Radar,856,277,83,12,1228,6,8,76,2,92,862,285,159,14,1320,0,0,0,1320
05/15/2000,MIA,FL,ASO,ES,Towers with Radar,834,270,98,10,1212,4,17,80,6,107,838,287,178,16,1319,0,0,0,1319
05/16/2000,MIA,FL,ASO,ES,Towers with Radar,850,297,129,7,1283,8,23,102,4,137,858,320,231,11,1420,0,0,0,1420
05/17/2000,MIA,FL,ASO,ES,Towers with Radar,844,297,137,12,1290,4,12,92,6,114,848,309,229,18,1404,0,0,0,1404
05/18/2000,MIA,FL,ASO,ES,Towers with Radar,877,292,154,6,1329,5,15,115,4,139,882,307,269,10,1468,0,0,0,1468
05/19/2000,MIA,FL,ASO,ES,Towers with Radar,850,299,141,14,1304,10,13,107,2,132,860,312,248,16,1436,0,0,0,1436
05/20/2000,MIA,FL,ASO,ES,Towers with Radar,859,272,102,6,1239,4,8,113,4,129,863,280,215,10,1368,0,0,0,1368
05/21/2000,MIA,FL,ASO,ES,Towers with Radar,821,296,142,8,1267,4,1,0,0,5,825,297,142,8,1272,54,6,60,1332
05/22/2000,MIA,FL,ASO,ES,Towers with Radar,826,280,114,6,1226,5,12,56,3,76,831,292,170,9,1302,0,0,0,1302
05/23/2000,MIA,FL,ASO,ES,Towers with Radar,857,292,105,16,1270,5,10,83,3,101,862,302,188,19,1371,0,0,0,1371
05/24/2000,MIA,FL,ASO,ES,Towers with Radar,868,291,116,9,1284,7,14,97,5,123,875,305,213,14,1407,0,0,0,1407
05/25/2000,MIA,FL,ASO,ES,Towers with Radar,888,298,131,12,1329,0,0,149,1,150,888,298,280,13,1479,0,0,0,1479
05/26/2000,MIA,FL,ASO,ES,Towers with Radar,918,284,147,10,1359,6,8,88,3,105,924,292,235,13,1464,0,0,0,1464
05/27/2000,MIA,FL,ASO,ES,Towers with Radar,863,267,100,11,1241,4,7,78,5,94,867,274,178,16,1335,0,0,0,1335
05/28/2000,MIA,FL,ASO,ES,Towers with Radar,848,258,67,14,1187,3,22,76,0,101,851,280,143,14,1288,0,0,0,1288
05/29/2000,MIA,FL,ASO,ES,Towers with Radar,858,272,108,3,1241,4,16,97,2,119,862,288,205,5,1360,0,0,0,1360
05/30/2000,MIA,FL,ASO,ES,Towers with Radar,841,273,81,7,1202,4,13,77,2,96,845,286,158,9,1298,0,0,0,1298
05/31/2000,MIA,FL,ASO,ES,Towers with Radar,882,283,98,9,1272,4,17,74,2,97,886,300,172,11,1369,0,0,0,1369
06/01/2000,MIA,FL,ASO,ES,Towers with Radar,889,280,136,10,1315,2,5,91,4,102,891,285,227,14,1417,0,0,0,1417
06/02/2000,MIA,FL,ASO,ES,Towers with Radar,899,284,122,6,1311,2,4,107,0,113,901,288,229,6,1424,0,0,0,1424
06/03/2000,MIA,FL,ASO,ES,Towers with Radar,905,249,90,6,1250,2,5,97,2,106,907,254,187,8,1356,0,0,0,1356
06/04/2000,MIA,FL,ASO,ES,Towers with Radar,882,255,69,4,1210,1,6,77,3,87,883,261,146,7,1297,0,0,0,1297
06/05/2000,MIA,FL,ASO,ES,Towers with Radar,844,262,117,10,1233,1,12,85,11,109,845,274,202,21,1342,0,0,0,1342
06/06/2000,MIA,FL,ASO,ES,Towers with Radar,867,261,107,15,1250,1,9,92,5,107,868,270,199,20,1357,0,0,0,1357
06/07/2000,MIA,FL,ASO,ES,Towers with Radar,889,259,126,4,1278,5,10,84,1,100,894,269,210,5,1378,0,0,0,1378
06/08/2000,MIA,FL,ASO,ES,Towers with Radar,898,288,127,16,1329,8,6,79,3,96,906,294,206,19,1425,0,0,0,1425
06/09/2000,MIA,FL,ASO,ES,Towers with Radar,918,286,118,9,1331,0,17,78,1,96,918,303,196,10,1427,0,0,0,1427
06/10/2000,MIA,FL,ASO,ES,Towers with Radar,910,270,108,8,1296,13,9,87,3,112,923,279,195,11,1408,0,0,0,1408
06/11/2000,MIA,FL,ASO,ES,Towers with Radar,867,252,55,7,1181,1,10,48,2,61,868,262,103,9,1242,0,0,0,1242
06/12/2000,MIA,FL,ASO,ES,Towers with Radar,844,252,110,12,1218,5,13,96,6,120,849,265,206,18,1338,0,0,0,1338
06/13/2000,MIA,FL,ASO,ES,Towers with Radar,901,278,104,8,1291,1,22,83,2,108,902,300,187,10,1399,0,0,0,1399
06/14/2000,MIA,FL,ASO,ES,Towers with Radar,869,279,119,10,1277,4,14,93,6,117,873,293,212,16,1394,0,0,0,1394
06/15/2000,MIA,FL,ASO,ES,Towers with Radar,872,262,104,3,1241,9,7,94,5,115,881,269,198,8,1356,0,0,0,1356
06/16/2000,MIA,FL,ASO,ES,Towers with Radar,893,285,126,17,1321,5,10,101,4,120,898,295,227,21,1441,0,0,0,1441
06/17/2000,MIA,FL,ASO,ES,Towers with Radar,881,265,107,7,1260,4,3,97,2,106,885,268,204,9,1366,0,0,0,1366
06/18/2000,MIA,FL,ASO,ES,Towers with Radar,865,251,72,6,1194,6,6,95,0,107,871,257,167,6,1301,0,0,0,1301
06/19/2000,MIA,FL,ASO,ES,Towers with Radar,849,263,86,7,1205,6,8,79,2,95,855,271,165,9,1300,0,0,0,1300
06/20/2000,MIA,FL,ASO,ES,Towers with Radar,871,276,113,2,1262,3,17,83,6,109,874,293,196,8,1371,0,0,0,1371
06/21/2000,MIA,FL,ASO,ES,Towers with Radar,877,285,131,7,1300,4,12,112,7,135,881,297,243,14,1435,0,0,0,1435
06/22/2000,MIA,FL,ASO,ES,Towers with Radar,887,269,116,11,1283,3,9,107,5,124,890,278,223,16,1407,0,0,0,1407
06/23/2000,MIA,FL,ASO,ES,Towers with Radar,862,295,139,7,1303,6,10,84,1,101,868,305,223,8,1404,0,0,0,1404
06/24/2000,MIA,FL,ASO,ES,Towers with Radar,895,260,124,6,1285,4,2,128,3,137,899,262,252,9,1422,0,0,0,1422
06/25/2000,MIA,FL,ASO,ES,Towers with Radar,864,260,90,21,1235,4,3,97,0,104,868,263,187,21,1339,0,0,0,1339
06/26/2000,MIA,FL,ASO,ES,Towers with Radar,833,276,123,5,1237,2,8,105,5,120,835,284,228,10,1357,0,0,0,1357
06/27/2000,MIA,FL,ASO,ES,Towers with Radar,884,270,110,6,1270,5,19,81,2,107,889,289,191,8,1377,0,0,0,1377
06/28/2000,MIA,FL,ASO,ES,Towers with Radar,875,272,121,3,1271,1,15,120,3,139,876,287,241,6,1410,0,0,0,1410
06/29/2000,MIA,FL,ASO,ES,Towers with Radar,916,273,138,17,1344,2,6,111,2,121,918,279,249,19,1465,0,0,0,1465
06/30/2000,MIA,FL,ASO,ES,Towers with Radar,907,281,163,11,1362,5,1,125,4,135,912,282,288,15,1497,0,0,0,1497
07/01/2000,MIA,FL,ASO,ES,Towers with Radar,912,238,101,3,1254,6,5,78,3,92,918,243,179,6,1346,0,0,0,1346
07/02/2000,MIA,FL,ASO,ES,Towers with Radar,866,242,53,4,1165,0,7,51,1,59,866,249,104,5,1224,0,0,0,1224
07/03/2000,MIA,FL,ASO,ES,Towers with Radar,851,255,90,5,1201,0,12,70,3,85,851,267,160,8,1286,0,0,0,1286
07/04/2000,MIA,FL,ASO,ES,Towers with Radar,872,240,62,3,1177,0,7,95,2,104,872,247,157,5,1281,0,0,0,1281
07/05/2000,MIA,FL,ASO,ES,Towers with Radar,868,267,99,15,1249,0,8,100,4,112,868,275,199,19,1361,0,0,0,1361
07/06/2000,MIA,FL,ASO,ES,Towers with Radar,924,271,135,8,1338,0,9,113,5,127,924,280,248,13,1465,0,0,0,1465
07/07/2000,MIA,FL,ASO,ES,Towers with Radar,913,281,106,16,1316,0,14,90,6,110,913,295,196,22,1426,0,0,0,1426
07/08/2000,MIA,FL,ASO,ES,Towers with Radar,945,235,69,5,1254,0,9,84,0,93,945,244,153,5,1347,0,0,0,1347
07/09/2000,MIA,FL,ASO,ES,Towers with Radar,442,121,84,4,651,0,0,0,0,0,442,121,84,4,651,3,0,3,654
07/10/2000,MIA,FL,ASO,ES,Towers with Radar,885,250,100,8,1243,165,46,104,6,321,1050,296,204,14,1564,0,0,0,1564
07/11/2000,MIA,FL,ASO,ES,Towers with Radar,917,261,87,6,1271,0,13,76,8,97,917,274,163,14,1368,0,0,0,1368
07/12/2000,MIA,FL,ASO,ES,Towers with Radar,928,248,123,13,1312,0,10,105,5,120,928,258,228,18,1432,0,0,0,1432
07/13/2000,MIA,FL,ASO,ES,Towers with Radar,934,285,123,11,1353,0,10,94,9,113,934,295,217,20,1466,0,0,0,1466
07/14/2000,MIA,FL,ASO,ES,Towers with Radar,886,263,115,13,1277,2,12,91,2,107,888,275,206,15,1384,0,0,0,1384
07/15/2000,MIA,FL,ASO,ES,Towers with Radar,894,237,100,8,1239,59,0,79,1,139,953,237,179,9,1378,0,0,0,1378
07/16/2000,MIA,FL,ASO,ES,Towers with Radar,889,221,106,3,1219,0,5,105,4,114,889,226,211,7,1333,0,0,0,1333
07/17/2000,MIA,FL,ASO,ES,Towers with Radar,918,264,96,1,1279,0,11,81,2,94,918,275,177,3,1373,0,0,0,1373
07/18/2000,MIA,FL,ASO,ES,Towers with Radar,943,273,118,10,1344,0,13,91,5,109,943,286,209,15,1453,0,0,0,1453
07/19/2000,MIA,FL,ASO,ES,Towers with Radar,907,285,99,12,1303,6,12,77,0,95,913,297,176,12,1398,0,0,0,1398
07/20/2000,MIA,FL,ASO,ES,Towers with Radar,942,285,140,10,1377,9,9,88,2,108,951,294,228,12,1485,0,0,0,1485
07/21/2000,MIA,FL,ASO,ES,Towers with Radar,925,272,126,14,1337,7,8,115,4,134,932,280,241,18,1471,0,0,0,1471
07/22/2000,MIA,FL,ASO,ES,Towers with Radar,922,243,74,12,1251,0,7,87,3,97,922,250,161,15,1348,0,0,0,1348
07/23/2000,MIA,FL,ASO,ES,Towers with Radar,898,249,95,11,1253,4,2,77,3,86,902,251,172,14,1339,0,0,0,1339
07/24/2000,MIA,FL,ASO,ES,Towers with Radar,878,260,103,11,1252,0,12,96,8,116,878,272,199,19,1368,0,0,0,1368
07/25/2000,MIA,FL,ASO,ES,Towers with Radar,891,257,83,9,1240,0,10,83,4,97,891,267,166,13,1337,0,0,0,1337
07/26/2000,MIA,FL,ASO,ES,Towers with Radar,910,275,121,5,1311,0,12,100,1,113,910,287,221,6,1424,0,0,0,1424
07/27/2000,MIA,FL,ASO,ES,Towers with Radar,923,285,148,7,1363,2,14,117,3,136,925,299,265,10,1499,0,0,0,1499
07/28/2000,MIA,FL,ASO,ES,Towers with Radar,922,276,121,11,1330,14,8,95,2,119,936,284,216,13,1449,0,0,0,1449
07/29/2000,MIA,FL,ASO,ES,Towers with Radar,913,241,92,10,1256,5,10,100,4,119,918,251,192,14,1375,0,0,0,1375
07/30/2000,MIA,FL,ASO,ES,Towers with Radar,874,243,90,6,1213,0,7,75,1,83,874,250,165,7,1296,0,0,0,1296
07/31/2000,MIA,FL,ASO,ES,Towers with Radar,878,260,104,10,1252,0,16,81,4,101,878,276,185,14,1353,0,0,0,1353
08/01/2000,MIA,FL,ASO,ES,Towers with Radar,929,264,82,6,1281,2,4,93,2,101,931,268,175,8,1382,0,0,0,1382
08/02/2000,MIA,FL,ASO,ES,Towers with Radar,904,261,90,7,1262,2,12,52,4,70,906,273,142,11,1332,0,0,0,1332
08/03/2000,MIA,FL,ASO,ES,Towers with Radar,880,298,120,15,1313,8,12,102,6,128,888,310,222,21,1441,0,0,0,1441
08/04/2000,MIA,FL,ASO,ES,Towers with Radar,921,275,127,20,1343,1,11,106,10,128,922,286,233,30,1471,0,0,0,1471
08/05/2000,MIA,FL,ASO,ES,Towers with Radar,907,254,79,6,1246,2,6,74,1,83,909,260,153,7,1329,0,0,0,1329
08/06/2000,MIA,FL,ASO,ES,Towers with Radar,870,235,69,14,1188,1,4,60,2,67,871,239,129,16,1255,0,0,0,1255
08/07/2000,MIA,FL,ASO,ES,Towers with Radar,882,239,81,7,1209,2,12,81,4,99,884,251,162,11,1308,0,0,0,1308
08/08/2000,MIA,FL,ASO,ES,Towers with Radar,929,266,115,9,1319,1,6,81,5,93,930,272,196,14,1412,0,0,0,1412
08/09/2000,MIA,FL,ASO,ES,Towers with Radar,903,272,118,15,1308,3,11,102,6,122,906,283,220,21,1430,0,0,0,1430
08/10/2000,MIA,FL,ASO,ES,Towers with Radar,914,261,116,13,1304,9,8,102,2,121,923,269,218,15,1425,0,0,0,1425
08/11/2000,MIA,FL,ASO,ES,Towers with Radar,888,269,98,11,1266,9,7,92,7,115,897,276,190,18,1381,0,0,0,1381
08/12/2000,MIA,FL,ASO,ES,Towers with Radar,915,240,81,10,1246,1,11,68,5,85,916,251,149,15,1331,0,0,0,1331
08/13/2000,MIA,FL,ASO,ES,Towers with Radar,875,259,84,9,1227,1,4,86,5,96,876,263,170,14,1323,0,0,0,1323
08/14/2000,MIA,FL,ASO,ES,Towers with Radar,868,263,91,12,1234,1,7,81,0,89,869,270,172,12,1323,0,0,0,1323
08/15/2000,MIA,FL,ASO,ES,Towers with Radar,939,269,122,11,1341,0,3,94,4,101,939,272,216,15,1442,0,0,0,1442
08/16/2000,MIA,FL,ASO,ES,Towers with Radar,899,279,126,19,1323,0,12,112,1,125,899,291,238,20,1448,0,0,0,1448
08/17/2000,MIA,FL,ASO,ES,Towers with Radar,910,306,156,12,1384,6,9,101,3,119,916,315,257,15,1503,0,0,0,1503
08/18/2000,MIA,FL,ASO,ES,Towers with Radar,904,274,97,12,1287,1,8,75,5,89,905,282,172,17,1376,0,0,0,1376
08/19/2000,MIA,FL,ASO,ES,Towers with Radar,918,246,88,12,1264,5,8,78,1,92,923,254,166,13,1356,0,0,0,1356
08/20/2000,MIA,FL,ASO,ES,Towers with Radar,867,268,88,12,1235,1,3,92,1,97,868,271,180,13,1332,0,0,0,1332
08/21/2000,MIA,FL,ASO,ES,Towers with Radar,816,266,100,11,1193,0,6,40,5,51,816,272,140,16,1244,0,0,0,1244
08/22/2000,MIA,FL,ASO,ES,Towers with Radar,906,285,93,8,1292,3,15,93,5,116,909,300,186,13,1408,0,0,0,1408
08/23/2000,MIA,FL,ASO,ES,Towers with Radar,904,276,130,11,1321,3,14,105,2,124,907,290,235,13,1445,0,0,0,1445
08/24/2000,MIA,FL,ASO,ES,Towers with Radar,926,285,123,6,1340,5,8,105,3,121,931,293,228,9,1461,0,0,0,1461
08/25/2000,MIA,FL,ASO,ES,Towers with Radar,924,274,79,7,1284,6,9,71,2,88,930,283,150,9,1372,0,0,0,1372
08/26/2000,MIA,FL,ASO,ES,Towers with Radar,906,241,66,8,1221,1,4,76,3,84,907,245,142,11,1305,0,0,0,1305
08/27/2000,MIA,FL,ASO,ES,Towers with Radar,876,255,63,9,1203,0,6,52,0,58,876,261,115,9,1261,0,0,0,1261
08/28/2000,MIA,FL,ASO,ES,Towers with Radar,887,259,88,20,1254,1,10,60,2,73,888,269,148,22,1327,0,0,0,1327
08/29/2000,MIA,FL,ASO,ES,Towers with Radar,927,265,102,15,1309,6,10,96,3,115,933,275,198,18,1424,0,0,0,1424
08/30/2000,MIA,FL,ASO,ES,Towers with Radar,919,278,113,12,1322,1,14,98,1,114,920,292,211,13,1436,0,0,0,1436
08/31/2000,MIA,FL,ASO,ES,Towers with Radar,933,271,143,11,1358,8,10,109,3,130,941,281,252,14,1488,0,0,0,1488
09/01/2000,MIA,FL,ASO,ES,Towers with Radar,935,280,152,6,1373,8,11,137,2,158,943,291,289,8,1531,0,0,0,1531
09/02/2000,MIA,FL,ASO,ES,Towers with Radar,933,241,107,5,1286,4,5,114,1,124,937,246,221,6,1410,0,0,0,1410
09/03/2000,MIA,FL,ASO,ES,Towers with Radar,872,245,73,6,1196,0,4,98,1,103,872,249,171,7,1299,0,0,0,1299
09/04/2000,MIA,FL,ASO,ES,Towers with Radar,876,232,100,12,1220,0,9,109,3,121,876,241,209,15,1341,0,0,0,1341
09/05/2000,MIA,FL,ASO,ES,Towers with Radar,881,259,76,11,1227,0,9,83,4,96,881,268,159,15,1323,0,0,0,1323
09/06/2000,MIA,FL,ASO,ES,Towers with Radar,870,273,99,11,1253,0,7,85,2,94,870,280,184,13,1347,0,0,0,1347
09/07/2000,MIA,FL,ASO,ES,Towers with Radar,896,267,112,14,1289,1,13,114,5,133,897,280,226,19,1422,0,0,0,1422
09/08/2000,MIA,FL,ASO,ES,Towers with Radar,893,259,121,24,1297,2,12,110,2,126,895,271,231,26,1423,0,0,0,1423
09/09/2000,MIA,FL,ASO,ES,Towers with Radar,881,218,86,10,1195,0,6,101,2,109,881,224,187,12,1304,0,0,0,1304
09/10/2000,MIA,FL,ASO,ES,Towers with Radar,854,243,76,5,1178,1,5,60,1,67,855,248,136,6,1245,0,0,0,1245
09/11/2000,MIA,FL,ASO,ES,Towers with Radar,845,246,124,10,1225,2,6,86,4,98,847,252,210,14,1323,0,0,0,1323
09/12/2000,MIA,FL,ASO,ES,Towers with Radar,862,258,119,5,1244,0,9,83,4,96,862,267,202,9,1340,0,0,0,1340
09/13/2000,MIA,FL,ASO,ES,Towers with Radar,857,261,138,11,1267,4,6,122,2,134,861,267,260,13,1401,0,0,0,1401
09/14/2000,MIA,FL,ASO,ES,Towers with Radar,887,245,159,12,1303,5,8,114,2,129,892,253,273,14,1432,0,0,0,1432
09/15/2000,MIA,FL,ASO,ES,Towers with Radar,886,261,112,20,1279,3,6,67,2,78,889,267,179,22,1357,0,0,0,1357
09/16/2000,MIA,FL,ASO,ES,Towers with Radar,868,212,76,12,1168,6,8,89,3,106,874,220,165,15,1274,0,0,0,1274
09/17/2000,MIA,FL,ASO,ES,Towers with Radar,832,149,59,3,1043,0,4,43,2,49,832,153,102,5,1092,0,0,0,1092
09/18/2000,MIA,FL,ASO,ES,Towers with Radar,855,255,96,8,1214,1,12,88,3,104,856,267,184,11,1318,0,0,0,1318
09/19/2000,MIA,FL,ASO,ES,Towers with Radar,863,247,103,16,1229,4,8,69,5,86,867,255,172,21,1315,0,0,0,1315
09/20/2000,MIA,FL,ASO,ES,Towers with Radar,887,246,96,3,1232,1,10,67,6,84,888,256,163,9,1316,0,0,0,1316
09/21/2000,MIA,FL,ASO,ES,Towers with Radar,872,260,141,10,1283,5,15,105,3,128,877,275,246,13,1411,0,0,0,1411
09/22/2000,MIA,FL,ASO,ES,Towers with Radar,880,237,111,8,1236,6,10,108,8,132,886,247,219,16,1368,0,0,0,1368
09/23/2000,MIA,FL,ASO,ES,Towers with Radar,865,207,72,11,1155,2,9,83,1,95,867,216,155,12,1250,0,0,0,1250
09/24/2000,MIA,FL,ASO,ES,Towers with Radar,740,201,100,9,1050,0,0,70,4,74,740,201,170,13,1124,0,0,0,1124
09/25/2000,MIA,FL,ASO,ES,Towers with Radar,815,249,127,15,1206,0,7,87,5,99,815,256,214,20,1305,0,0,0,1305
09/26/2000,MIA,FL,ASO,ES,Towers with Radar,875,259,105,9,1248,2,12,93,3,110,877,271,198,12,1358,0,0,0,1358
09/27/2000,MIA,FL,ASO,ES,Towers with Radar,872,243,130,8,1253,2,11,85,3,101,874,254,215,11,1354,0,0,0,1354
09/28/2000,MIA,FL,ASO,ES,Towers with Radar,886,253,120,11,1270,4,13,82,2,101,890,266,202,13,1371,0,0,0,1371
09/29/2000,MIA,FL,ASO,ES,Towers with Radar,897,253,111,10,1271,7,6,87,2,102,904,259,198,12,1373,0,0,0,1373
09/30/2000,MIA,FL,ASO,ES,Towers with Radar,866,202,78,4,1150,9,5,55,0,69,875,207,133,4,1219,0,0,0,1219
10/01/2000,MIA,FL,ASO,ES,Towers with Radar,847,222,85,4,1158,0,7,65,6,78,847,229,150,10,1236,0,0,0,1236
10/02/2000,MIA,FL,ASO,ES,Towers with Radar,726,207,97,7,1037,83,9,12,2,106,809,216,109,9,1143,0,0,0,1143
10/03/2000,MIA,FL,ASO,ES,Towers with Radar,578,151,42,8,779,0,0,16,0,16,578,151,58,8,795,0,0,0,795
10/04/2000,MIA,FL,ASO,ES,Towers with Radar,798,238,148,15,1199,3,10,111,0,124,801,248,259,15,1323,0,0,0,1323
10/05/2000,MIA,FL,ASO,ES,Towers with Radar,884,257,202,7,1350,0,13,128,8,149,884,270,330,15,1499,0,0,0,1499
10/06/2000,MIA,FL,ASO,ES,Towers with Radar,870,247,132,13,1262,0,8,85,3,96,870,255,217,16,1358,0,0,0,1358
10/07/2000,MIA,FL,ASO,ES,Towers with Radar,884,205,100,4,1193,0,8,97,0,105,884,213,197,4,1298,0,0,0,1298
10/08/2000,MIA,FL,ASO,ES,Towers with Radar,825,234,87,4,1150,0,8,87,2,97,825,242,174,6,1247,0,0,0,1247
10/09/2000,MIA,FL,ASO,ES,Towers with Radar,822,244,93,8,1167,0,4,84,2,90,822,248,177,10,1257,0,0,0,1257
10/10/2000,MIA,FL,ASO,ES,Towers with Radar,873,250,109,8,1240,0,0,1,0,1,873,250,110,8,1241,0,0,0,1241
10/11/2000,MIA,FL,ASO,ES,Towers with Radar,871,261,139,10,1281,6,8,95,5,114,877,269,234,15,1395,0,0,0,1395
10/12/2000,MIA,FL,ASO,ES,Towers with Radar,851,255,121,11,1238,4,5,104,7,120,855,260,225,18,1358,0,0,0,1358
10/13/2000,MIA,FL,ASO,ES,Towers with Radar,895,245,117,11,1268,0,13,114,4,131,895,258,231,15,1399,0,0,0,1399
10/14/2000,MIA,FL,ASO,ES,Towers with Radar,898,205,73,7,1183,12,4,93,6,115,910,209,166,13,1298,0,0,0,1298
10/15/2000,MIA,FL,ASO,ES,Towers with Radar,860,236,120,12,1228,1,0,98,0,99,861,236,218,12,1327,0,0,0,1327
10/16/2000,MIA,FL,ASO,ES,Towers with Radar,841,261,108,12,1222,4,8,102,0,114,845,269,210,12,1336,0,0,0,1336
10/17/2000,MIA,FL,ASO,ES,Towers with Radar,871,248,135,9,1263,3,4,114,7,128,874,252,249,16,1391,0,0,0,1391
10/18/2000,MIA,FL,ASO,ES,Towers with Radar,866,249,144,11,1270,0,10,107,5,122,866,259,251,16,1392,0,0,0,1392
10/19/2000,MIA,FL,ASO,ES,Towers with Radar,876,275,145,4,1300,2,12,117,4,135,878,287,262,8,1435,0,0,0,1435
10/20/2000,MIA,FL,ASO,ES,Towers with Radar,870,256,121,12,1259,1,9,104,11,125,871,265,225,23,1384,0,0,0,1384
10/21/2000,MIA,FL,ASO,ES,Towers with Radar,865,232,92,9,1198,0,4,95,4,103,865,236,187,13,1301,0,0,0,1301
10/22/2000,MIA,FL,ASO,ES,Towers with Radar,851,244,76,10,1181,1,4,78,1,84,852,248,154,11,1265,0,0,0,1265
10/23/2000,MIA,FL,ASO,ES,Towers with Radar,840,249,101,8,1198,0,5,68,5,78,840,254,169,13,1276,0,0,0,1276
10/24/2000,MIA,FL,ASO,ES,Towers with Radar,872,255,119,7,1253,9,7,104,7,127,881,262,223,14,1380,0,0,0,1380
10/25/2000,MIA,FL,ASO,ES,Towers with Radar,870,268,116,14,1268,0,8,97,7,112,870,276,213,21,1380,0,0,0,1380
10/26/2000,MIA,FL,ASO,ES,Towers with Radar,880,302,184,9,1375,5,4,118,2,129,885,306,302,11,1504,0,0,0,1504
10/27/2000,MIA,FL,ASO,ES,Towers with Radar,890,277,157,13,1337,2,9,114,7,132,892,286,271,20,1469,0,0,0,1469
10/28/2000,MIA,FL,ASO,ES,Towers with Radar,890,232,113,7,1242,4,6,118,3,131,894,238,231,10,1373,0,0,0,1373
10/29/2000,MIA,FL,ASO,ES,Towers with Radar,849,253,111,7,1220,3,9,119,1,132,852,262,230,8,1352,0,0,0,1352
10/30/2000,MIA,FL,ASO,ES,Towers with Radar,827,256,90,8,1181,0,8,94,3,105,827,264,184,11,1286,0,0,0,1286
10/31/2000,MIA,FL,ASO,ES,Towers with Radar,861,263,115,5,1244,0,14,95,4,113,861,277,210,9,1357,0,0,0,1357
11/01/2000,MIA,FL,ASO,ES,Towers with Radar,865,264,115,8,1252,6,7,113,2,128,871,271,228,10,1380,0,0,0,1380
11/02/2000,MIA,FL,ASO,ES,Towers with Radar,866,274,157,8,1305,6,7,111,0,124,872,281,268,8,1429,0,0,0,1429
11/03/2000,MIA,FL,ASO,ES,Towers with Radar,881,274,127,16,1298,14,10,101,3,128,895,284,228,19,1426,0,0,0,1426
11/04/2000,MIA,FL,ASO,ES,Towers with Radar,866,238,103,10,1217,7,3,88,1,99,873,241,191,11,1316,0,0,0,1316
11/05/2000,MIA,FL,ASO,ES,Towers with Radar,839,270,102,12,1223,4,10,100,0,114,843,280,202,12,1337,0,0,0,1337
11/06/2000,MIA,FL,ASO,ES,Towers with Radar,805,300,120,18,1243,7,8,84,6,105,812,308,204,24,1348,0,0,0,1348
11/07/2000,MIA,FL,ASO,ES,Towers with Radar,854,282,120,15,1271,13,7,103,6,129,867,289,223,21,1400,0,0,0,1400
11/08/2000,MIA,FL,ASO,ES,Towers with Radar,878,276,107,20,1281,8,15,74,1,98,886,291,181,21,1379,0,0,0,1379
11/09/2000,MIA,FL,ASO,ES,Towers with Radar,881,277,169,8,1335,7,6,108,3,124,888,283,277,11,1459,0,0,0,1459
11/10/2000,MIA,FL,ASO,ES,Towers with Radar,873,287,136,7,1303,6,12,111,2,131,879,299,247,9,1434,0,0,0,1434
11/11/2000,MIA,FL,ASO,ES,Towers with Radar,856,246,131,11,1244,4,9,119,2,134,860,255,250,13,1378,0,0,0,1378
11/12/2000,MIA,FL,ASO,ES,Towers with Radar,855,268,132,13,1268,0,0,126,5,131,855,268,258,18,1399,0,0,0,1399
11/13/2000,MIA,FL,ASO,ES,Towers with Radar,834,267,110,12,1223,9,7,87,6,109,843,274,197,18,1332,0,0,0,1332
11/14/2000,MIA,FL,ASO,ES,Towers with Radar,860,290,125,15,1290,6,15,85,8,114,866,305,210,23,1404,0,0,0,1404
11/15/2000,MIA,FL,ASO,ES,Towers with Radar,882,297,137,21,1337,7,14,98,5,124,889,311,235,26,1461,0,0,0,1461
11/16/2000,MIA,FL,ASO,ES,Towers with Radar,865,284,148,11,1308,9,10,118,4,141,874,294,266,15,1449,0,0,0,1449
11/17/2000,MIA,FL,ASO,ES,Towers with Radar,870,280,180,7,1337,4,12,147,10,173,874,292,327,17,1510,0,0,0,1510
11/18/2000,MIA,FL,ASO,ES,Towers with Radar,887,258,119,16,1280,6,2,116,5,129,893,260,235,21,1409,0,0,0,1409
11/19/2000,MIA,FL,ASO,ES,Towers with Radar,866,281,106,13,1266,7,10,77,5,99,873,291,183,18,1365,0,0,0,1365
11/20/2000,MIA,FL,ASO,ES,Towers with Radar,871,284,109,11,1275,5,8,87,6,106,876,292,196,17,1381,0,0,0,1381
11/21/2000,MIA,FL,ASO,ES,Towers with Radar,877,286,139,12,1314,6,10,79,4,99,883,296,218,16,1413,0,0,0,1413
11/22/2000,MIA,FL,ASO,ES,Towers with Radar,870,308,160,11,1349,5,14,109,1,129,875,322,269,12,1478,0,0,0,1478
11/23/2000,MIA,FL,ASO,ES,Towers with Radar,836,276,77,9,1198,3,5,74,0,82,839,281,151,9,1280,0,0,0,1280
11/24/2000,MIA,FL,ASO,ES,Towers with Radar,803,260,104,6,1173,6,11,110,2,129,809,271,214,8,1302,0,0,0,1302
11/25/2000,MIA,FL,ASO,ES,Towers with Radar,861,251,79,10,1201,2,11,66,1,80,863,262,145,11,1281,0,0,0,1281
11/26/2000,MIA,FL,ASO,ES,Towers with Radar,835,275,96,22,1228,2,3,65,2,72,837,278,161,24,1300,0,0,0,1300
11/27/2000,MIA,FL,ASO,ES,Towers with Radar,820,273,122,11,1226,0,49,125,2,176,820,322,247,13,1402,0,0,0,1402
11/28/2000,MIA,FL,ASO,ES,Towers with Radar,849,296,120,9,1274,6,13,135,7,161,855,309,255,16,1435,0,0,0,1435
11/29/2000,MIA,FL,ASO,ES,Towers with Radar,879,293,145,8,1325,3,12,96,5,116,882,305,241,13,1441,0,0,0,1441
11/30/2000,MIA,FL,ASO,ES,Towers with Radar,892,296,125,14,1327,8,17,99,4,128,900,313,224,18,1455,0,0,0,1455
12/01/2000,MIA,FL,ASO,ES,Towers with Radar,864,294,163,14,1335,5,1,130,0,136,869,295,293,14,1471,0,0,0,1471
12/02/2000,MIA,FL,ASO,ES,Towers with Radar,894,254,107,9,1264,2,3,105,1,111,896,257,212,10,1375,0,0,0,1375
12/03/2000,MIA,FL,ASO,ES,Towers with Radar,859,289,112,11,1271,2,3,90,2,97,861,292,202,13,1368,0,0,0,1368
12/04/2000,MIA,FL,ASO,ES,Towers with Radar,829,313,120,9,1271,3,8,87,7,105,832,321,207,16,1376,0,0,0,1376
12/05/2000,MIA,FL,ASO,ES,Towers with Radar,870,311,136,11,1328,4,9,109,4,126,874,320,245,15,1454,0,0,0,1454
12/06/2000,MIA,FL,ASO,ES,Towers with Radar,882,293,166,7,1348,2,9,100,2,113,884,302,266,9,1461,0,0,0,1461
12/07/2000,MIA,FL,ASO,ES,Towers with Radar,862,319,179,19,1379,3,7,109,0,119,865,326,288,19,1498,0,0,0,1498
12/08/2000,MIA,FL,ASO,ES,Towers with Radar,857,314,136,12,1319,4,8,97,7,116,861,322,233,19,1435,0,0,0,1435
12/09/2000,MIA,FL,ASO,ES,Towers with Radar,874,276,79,9,1238,2,7,82,0,91,876,283,161,9,1329,0,0,0,1329
12/10/2000,MIA,FL,ASO,ES,Towers with Radar,824,291,72,8,1195,2,0,17,2,21,826,291,89,10,1216,0,0,0,1216
12/11/2000,MIA,FL,ASO,ES,Towers with Radar,838,314,123,12,1287,2,9,98,5,114,840,323,221,17,1401,0,0,0,1401
12/12/2000,MIA,FL,ASO,ES,Towers with Radar,861,308,123,14,1306,5,9,93,6,113,866,317,216,20,1419,0,0,0,1419
12/13/2000,MIA,FL,ASO,ES,Towers with Radar,864,304,162,19,1349,2,0,0,0,2,866,304,162,19,1351,0,0,0,1351
12/14/2000,MIA,FL,ASO,ES,Towers with Radar,925,313,144,7,1389,3,9,103,4,119,928,322,247,11,1508,0,0,0,1508
12/15/2000,MIA,FL,ASO,ES,Towers with Radar,942,286,150,23,1401,4,11,128,6,149,946,297,278,29,1550,0,0,0,1550
12/16/2000,MIA,FL,ASO,ES,Towers with Radar,966,258,105,20,1349,2,3,125,0,130,968,261,230,20,1479,0,0,0,1479
12/17/2000,MIA,FL,ASO,ES,Towers with Radar,934,261,89,12,1296,5,4,91,1,101,939,265,180,13,1397,0,0,0,1397
12/18/2000,MIA,FL,ASO,ES,Towers with Radar,933,285,143,13,1374,2,11,101,9,123,935,296,244,22,1497,0,0,0,1497
12/19/2000,MIA,FL,ASO,ES,Towers with Radar,952,301,115,17,1385,1,11,81,4,97,953,312,196,21,1482,0,0,0,1482
12/20/2000,MIA,FL,ASO,ES,Towers with Radar,983,300,160,21,1464,3,16,128,5,152,986,316,288,26,1616,0,0,0,1616
12/21/2000,MIA,FL,ASO,ES,Towers with Radar,945,311,138,13,1407,0,0,144,14,158,945,311,282,27,1565,0,0,0,1565
12/22/2000,MIA,FL,ASO,ES,Towers with Radar,961,307,155,16,1439,3,11,92,1,107,964,318,247,17,1546,0,0,0,1546
12/23/2000,MIA,FL,ASO,ES,Towers with Radar,1023,272,99,9,1403,1,7,59,1,68,1024,279,158,10,1471,0,0,0,1471
12/24/2000,MIA,FL,ASO,ES,Towers with Radar,899,256,30,5,1190,1,2,15,3,21,900,258,45,8,1211,0,0,0,1211
12/25/2000,MIA,FL,ASO,ES,Towers with Radar,786,244,43,3,1076,1,5,23,1,30,787,249,66,4,1106,0,0,0,1106
12/26/2000,MIA,FL,ASO,ES,Towers with Radar,850,288,134,11,1283,1,9,72,1,83,851,297,206,12,1366,0,0,0,1366
12/27/2000,MIA,FL,ASO,ES,Towers with Radar,946,296,164,15,1421,3,10,135,0,148,949,306,299,15,1569,0,0,0,1569
12/28/2000,MIA,FL,ASO,ES,Towers with Radar,923,298,128,12,1361,3,10,102,2,117,926,308,230,14,1478,0,0,0,1478
12/29/2000,MIA,FL,ASO,ES,Towers with Radar,930,297,142,16,1385,2,10,103,1,116,932,307,245,17,1501,0,0,0,1501
12/30/2000,MIA,FL,ASO,ES,Towers with Radar,876,266,99,10,1251,1,7,98,5,111,877,273,197,15,1362,0,0,0,1362
12/31/2000,MIA,FL,ASO,ES,Towers with Radar,805,249,107,15,1176,2,8,76,0,86,807,257,183,15,1262,0,0,0,1262
01/01/2001,MIA,FL,ASO,ES,Towers with Radar,813,271,113,5,1202,0,5,76,2,83,813,276,189,7,1285,0,0,0,1285
01/02/2001,MIA,FL,ASO,ES,Towers with Radar,887,305,180,7,1379,0,9,107,1,117,887,314,287,8,1496,0,0,0,1496
01/03/2001,MIA,FL,ASO,ES,Towers with Radar,934,320,203,13,1470,0,4,115,2,121,934,324,318,15,1591,0,0,0,1591
01/04/2001,MIA,FL,ASO,ES,Towers with Radar,954,297,171,18,1440,0,8,111,1,120,954,305,282,19,1560,0,0,0,1560
01/05/2001,MIA,FL,ASO,ES,Towers with Radar,931,310,168,11,1420,0,7,153,4,164,931,317,321,15,1584,0,0,0,1584
01/06/2001,MIA,FL,ASO,ES,Towers with Radar,968,274,104,13,1359,0,9,88,1,98,968,283,192,14,1457,0,0,0,1457
01/07/2001,MIA,FL,ASO,ES,Towers with Radar,931,277,120,15,1343,0,5,123,1,129,931,282,243,16,1472,0,0,0,1472
01/08/2001,MIA,FL,ASO,ES,Towers with Radar,890,296,138,12,1336,0,1,125,11,137,890,297,263,23,1473,0,0,0,1473
01/09/2001,MIA,FL,ASO,ES,Towers with Radar,927,287,123,14,1351,0,11,89,10,110,927,298,212,24,1461,0,0,0,1461
01/10/2001,MIA,FL,ASO,ES,Towers with Radar,890,304,131,13,1338,0,10,100,5,115,890,314,231,18,1453,0,0,0,1453
01/11/2001,MIA,FL,ASO,ES,Towers with Radar,884,330,172,6,1392,0,15,105,7,127,884,345,277,13,1519,0,0,0,1519
01/12/2001,MIA,FL,ASO,ES,Towers with Radar,891,321,179,10,1401,0,11,157,10,178,891,332,336,20,1579,0,0,0,1579
01/13/2001,MIA,FL,ASO,ES,Towers with Radar,923,279,106,11,1319,0,9,104,5,118,923,288,210,16,1437,0,0,0,1437
01/14/2001,MIA,FL,ASO,ES,Towers with Radar,868,305,121,13,1307,0,4,82,0,86,868,309,203,13,1393,0,0,0,1393
01/15/2001,MIA,FL,ASO,ES,Towers with Radar,854,278,116,8,1256,0,7,103,3,113,854,285,219,11,1369,0,0,0,1369
01/16/2001,MIA,FL,ASO,ES,Towers with Radar,871,292,133,31,1327,0,6,100,3,109,871,298,233,34,1436,0,0,0,1436
01/17/2001,MIA,FL,ASO,ES,Towers with Radar,879,305,140,9,1333,0,6,115,5,126,879,311,255,14,1459,0,0,0,1459
01/18/2001,MIA,FL,ASO,ES,Towers with Radar,905,318,142,14,1379,0,12,117,3,132,905,330,259,17,1511,0,0,0,1511
01/19/2001,MIA,FL,ASO,ES,Towers with Radar,889,314,157,10,1370,0,9,106,5,120,889,323,263,15,1490,0,0,0,1490
01/20/2001,MIA,FL,ASO,ES,Towers with Radar,796,263,75,10,1144,133,12,0,0,145,929,275,75,10,1289,0,0,0,1289
01/21/2001,MIA,FL,ASO,ES,Towers with Radar,850,284,125,17,1276,0,8,108,3,119,850,292,233,20,1395,0,0,0,1395
01/22/2001,MIA,FL,ASO,ES,Towers with Radar,838,292,104,11,1245,0,4,33,4,41,838,296,137,15,1286,0,0,0,1286
01/23/2001,MIA,FL,ASO,ES,Towers with Radar,873,311,123,9,1316,0,9,102,2,113,873,320,225,11,1429,0,0,0,1429
01/24/2001,MIA,FL,ASO,ES,Towers with Radar,881,294,168,29,1372,0,16,125,7,148,881,310,293,36,1520,0,0,0,1520
01/25/2001,MIA,FL,ASO,ES,Towers with Radar,896,310,166,18,1390,0,10,131,3,144,896,320,297,21,1534,0,0,0,1534
01/26/2001,MIA,FL,ASO,ES,Towers with Radar,901,313,176,19,1409,0,16,108,7,131,901,329,284,26,1540,0,0,0,1540
01/27/2001,MIA,FL,ASO,ES,Towers with Radar,938,286,124,12,1360,0,7,125,1,133,938,293,249,13,1493,0,0,0,1493
01/28/2001,MIA,FL,ASO,ES,Towers with Radar,900,283,120,8,1311,0,11,108,5,124,900,294,228,13,1435,0,0,0,1435
01/29/2001,MIA,FL,ASO,ES,Towers with Radar,872,298,136,13,1319,0,13,92,4,109,872,311,228,17,1428,0,0,0,1428
01/30/2001,MIA,FL,ASO,ES,Towers with Radar,898,288,127,7,1320,0,10,103,4,117,898,298,230,11,1437,0,0,0,1437
01/31/2001,MIA,FL,ASO,ES,Towers with Radar,912,285,145,13,1355,0,9,103,4,116,912,294,248,17,1471,0,0,0,1471
02/01/2001,MIA,FL,ASO,ES,Towers with Radar,956,294,201,16,1467,1,9,132,3,145,957,303,333,19,1612,0,0,0,1612
02/02/2001,MIA,FL,ASO,ES,Towers with Radar,921,294,173,15,1403,2,13,123,3,141,923,307,296,18,1544,0,0,0,1544
02/03/2001,MIA,FL,ASO,ES,Towers with Radar,964,272,111,12,1359,2,6,105,2,115,966,278,216,14,1474,0,0,0,1474
02/04/2001,MIA,FL,ASO,ES,Towers with Radar,935,267,114,23,1339,2,7,111,4,124,937,274,225,27,1463,0,0,0,1463
02/05/2001,MIA,FL,ASO,ES,Towers with Radar,881,294,156,9,1340,1,6,112,6,125,882,300,268,15,1465,0,0,0,1465
02/06/2001,MIA,FL,ASO,ES,Towers with Radar,916,265,144,22,1347,5,10,153,7,175,921,275,297,29,1522,0,0,0,1522
02/07/2001,MIA,FL,ASO,ES,Towers with Radar,911,285,169,9,1374,0,4,138,5,147,911,289,307,14,1521,0,0,0,1521
02/08/2001,MIA,FL,ASO,ES,Towers with Radar,913,309,185,16,1423,5,7,171,2,185,918,316,356,18,1608,0,0,0,1608
02/09/2001,MIA,FL,ASO,ES,Towers with Radar,918,299,135,12,1364,0,6,127,8,141,918,305,262,20,1505,0,0,0,1505
02/10/2001,MIA,FL,ASO,ES,Towers with Radar,933,266,109,7,1315,0,9,123,1,133,933,275,232,8,1448,0,0,0,1448
02/11/2001,MIA,FL,ASO,ES,Towers with Radar,890,286,133,5,1314,2,14,146,1,163,892,300,279,6,1477,0,0,0,1477
02/12/2001,MIA,FL,ASO,ES,Towers with Radar,880,267,101,29,1277,1,13,95,6,115,881,280,196,35,1392,0,0,0,1392
02/13/2001,MIA,FL,ASO,ES,Towers with Radar,885,281,132,10,1308,2,9,98,4,113,887,290,230,14,1421,0,0,0,1421
02/14/2001,MIA,FL,ASO,ES,Towers with Radar,898,308,184,11,1401,0,10,90,6,106,898,318,274,17,1507,0,0,0,1507
02/15/2001,MIA,FL,ASO,ES,Towers with Radar,919,307,227,16,1469,2,13,116,0,131,921,320,343,16,1600,0,0,0,1600
02/16/2001,MIA,FL,ASO,ES,Towers with Radar,913,324,242,10,1489,1,8,117,4,130,914,332,359,14,1619,0,0,0,1619
02/17/2001,MIA,FL,ASO,ES,Towers with Radar,971,280,183,7,1441,0,6,128,0,134,971,286,311,7,1575,0,0,0,1575
02/18/2001,MIA,FL,ASO,ES,Towers with Radar,914,292,139,14,1359,1,10,108,3,122,915,302,247,17,1481,0,0,0,1481
02/19/2001,MIA,FL,ASO,ES,Towers with Radar,865,296,146,9,1316,0,11,96,3,110,865,307,242,12,1426,0,0,0,1426
02/20/2001,MIA,FL,ASO,ES,Towers with Radar,895,290,160,10,1355,1,13,125,3,142,896,303,285,13,1497,0,0,0,1497
02/21/2001,MIA,FL,ASO,ES,Towers with Radar,910,300,166,19,1395,1,9,133,2,145,911,309,299,21,1540,0,0,0,1540
02/22/2001,MIA,FL,ASO,ES,Towers with Radar,910,300,158,24,1392,0,11,117,7,135,910,311,275,31,1527,0,0,0,1527
02/23/2001,MIA,FL,ASO,ES,Towers with Radar,907,332,162,13,1414,2,6,116,1,125,909,338,278,14,1539,0,0,0,1539
02/24/2001,MIA,FL,ASO,ES,Towers with Radar,930,279,114,16,1339,1,6,101,3,111,931,285,215,19,1450,0,0,0,1450
02/25/2001,MIA,FL,ASO,ES,Towers with Radar,893,295,116,23,1327,1,8,103,2,114,894,303,219,25,1441,0,0,0,1441
02/26/2001,MIA,FL,ASO,ES,Towers with Radar,893,304,129,9,1335,2,14,104,7,127,895,318,233,16,1462,0,0,0,1462
02/27/2001,MIA,FL,ASO,ES,Towers with Radar,918,311,176,15,1420,2,10,126,4,142,920,321,302,19,1562,0,0,0,1562
02/28/2001,MIA,FL,ASO,ES,Towers with Radar,920,288,177,16,1401,0,13,117,10,140,920,301,294,26,1541,0,0,0,1541
03/01/2001,MIA,FL,ASO,ES,Towers with Radar,914,304,124,11,1353,1,1,2,0,4,915,305,126,11,1357,0,0,0,1357
03/02/2001,MIA,FL,ASO,ES,Towers with Radar,893,302,178,22,1395,2,10,126,6,144,895,312,304,28,1539,0,0,0,1539
03/03/2001,MIA,FL,ASO,ES,Towers with Radar,917,299,121,12,1349,4,11,120,2,137,921,310,241,14,1486,0,0,0,1486
03/04/2001,MIA,FL,ASO,ES,Towers with Radar,868,265,122,12,1267,7,4,57,2,70,875,269,179,14,1337,0,0,0,1337
03/05/2001,MIA,FL,ASO,ES,Towers with Radar,841,298,95,16,1250,2,18,89,4,113,843,316,184,20,1363,0,0,0,1363
03/06/2001,MIA,FL,ASO,ES,Towers with Radar,874,289,149,9,1321,4,13,104,0,121,878,302,253,9,1442,0,0,0,1442
03/07/2001,MIA,FL,ASO,ES,Towers with Radar,919,285,138,17,1359,3,13,107,4,127,922,298,245,21,1486,0,0,0,1486
03/08/2001,MIA,FL,ASO,ES,Towers with Radar,916,328,156,23,1423,4,18,118,4,144,920,346,274,27,1567,0,0,0,1567
03/09/2001,MIA,FL,ASO,ES,Towers with Radar,928,298,202,24,1452,4,5,131,5,145,932,303,333,29,1597,0,0,0,1597
03/10/2001,MIA,FL,ASO,ES,Towers with Radar,943,261,95,11,1310,2,7,91,5,105,945,268,186,16,1415,0,0,0,1415
03/11/2001,MIA,FL,ASO,ES,Towers with Radar,890,289,125,18,1322,1,3,124,0,128,891,292,249,18,1450,0,0,0,1450
03/12/2001,MIA,FL,ASO,ES,Towers with Radar,863,277,111,18,1269,3,12,94,1,110,866,289,205,19,1379,0,0,0,1379
03/13/2001,MIA,FL,ASO,ES,Towers with Radar,909,268,100,17,1294,1,6,83,5,95,910,274,183,22,1389,0,0,0,1389
03/14/2001,MIA,FL,ASO,ES,Towers with Radar,900,284,144,13,1341,3,7,111,3,124,903,291,255,16,1465,0,0,0,1465
03/15/2001,MIA,FL,ASO,ES,Towers with Radar,918,309,162,17,1406,3,15,128,4,150,921,324,290,21,1556,0,0,0,1556
03/16/2001,MIA,FL,ASO,ES,Towers with Radar,939,319,150,23,1431,0,11,110,4,125,939,330,260,27,1556,0,0,0,1556
03/17/2001,MIA,FL,ASO,ES,Towers with Radar,940,292,106,10,1348,4,9,114,2,129,944,301,220,12,1477,0,0,0,1477
03/18/2001,MIA,FL,ASO,ES,Towers with Radar,897,299,107,11,1314,0,8,88,2,98,897,307,195,13,1412,0,0,0,1412
03/19/2001,MIA,FL,ASO,ES,Towers with Radar,899,265,80,6,1250,0,12,64,4,80,899,277,144,10,1330,0,0,0,1330
03/20/2001,MIA,FL,ASO,ES,Towers with Radar,914,277,69,13,1273,3,8,97,6,114,917,285,166,19,1387,0,0,0,1387
03/21/2001,MIA,FL,ASO,ES,Towers with Radar,849,257,76,7,1189,2,6,123,10,141,851,263,199,17,1330,0,0,0,1330
03/22/2001,MIA,FL,ASO,ES,Towers with Radar,818,279,110,13,1220,0,0,79,8,87,818,279,189,21,1307,0,0,0,1307
03/23/2001,MIA,FL,ASO,ES,Towers with Radar,928,294,112,15,1349,1,8,124,3,136,929,302,236,18,1485,0,0,0,1485
03/24/2001,MIA,FL,ASO,ES,Towers with Radar,939,271,82,12,1304,2,8,149,3,162,941,279,231,15,1466,0,0,0,1466
03/25/2001,MIA,FL,ASO,ES,Towers with Radar,898,285,91,5,1279,1,9,136,0,146,899,294,227,5,1425,0,0,0,1425
03/26/2001,MIA,FL,ASO,ES,Towers with Radar,875,268,93,12,1248,1,9,89,8,107,876,277,182,20,1355,0,0,0,1355
03/27/2001,MIA,FL,ASO,ES,Towers with Radar,893,278,99,8,1278,0,6,96,2,104,893,284,195,10,1382,0,0,0,1382
03/28/2001,MIA,FL,ASO,ES,Towers with Radar,880,275,64,18,1237,3,10,100,8,121,883,285,164,26,1358,0,0,0,1358
03/29/2001,MIA,FL,ASO,ES,Towers with Radar,856,232,96,11,1195,0,6,103,3,112,856,238,199,14,1307,0,0,0,1307
03/30/2001,MIA,FL,ASO,ES,Towers with Radar,913,277,113,14,1317,54,0,36,9,99,967,277,149,23,1416,0,0,0,1416
03/31/2001,MIA,FL,ASO,ES,Towers with Radar,945,264,65,8,1282,0,11,118,1,130,945,275,183,9,1412,0,0,0,1412
04/01/2001,MIA,FL,ASO,ES,Towers with Radar,876,260,88,9,1233,1,6,103,2,112,877,266,191,11,1345,0,0,0,1345
04/02/2001,MIA,FL,ASO,ES,Towers with Radar,867,267,65,12,1211,3,13,113,5,134,870,280,178,17,1345,0,0,0,1345
04/03/2001,MIA,FL,ASO,ES,Towers with Radar,913,261,82,13,1269,2,10,129,4,145,915,271,211,17,1414,0,0,0,1414
04/04/2001,MIA,FL,ASO,ES,Towers with Radar,911,263,80,9,1263,3,15,128,5,151,914,278,208,14,1414,0,0,0,1414
04/05/2001,MIA,FL,ASO,ES,Towers with Radar,888,269,89,12,1258,0,10,116,6,132,888,279,205,18,1390,0,0,0,1390
04/06/2001,MIA,FL,ASO,ES,Towers with Radar,894,282,92,28,1296,2,15,82,4,103,896,297,174,32,1399,0,0,0,1399
04/07/2001,MIA,FL,ASO,ES,Towers with Radar,943,270,66,11,1290,1,9,111,2,123,944,279,177,13,1413,0,0,0,1413
04/08/2001,MIA,FL,ASO,ES,Towers with Radar,907,259,88,13,1267,1,12,116,5,134,908,271,204,18,1401,0,0,0,1401
04/09/2001,MIA,FL,ASO,ES,Towers with Radar,868,259,90,14,1231,2,14,110,6,132,870,273,200,20,1363,0,0,0,1363
04/10/2001,MIA,FL,ASO,ES,Towers with Radar,873,263,77,14,1227,3,8,134,7,152,876,271,211,21,1379,0,0,0,1379
04/11/2001,MIA,FL,ASO,ES,Towers with Radar,882,271,89,8,1250,2,8,121,4,135,884,279,210,12,1385,0,0,0,1385
04/12/2001,MIA,FL,ASO,ES,Towers with Radar,891,298,90,14,1293,0,10,22,0,32,891,308,112,14,1325,61,1,62,1387
04/13/2001,MIA,FL,ASO,ES,Towers with Radar,830,267,83,5,1185,0,14,129,3,146,830,281,212,8,1331,0,0,0,1331
04/14/2001,MIA,FL,ASO,ES,Towers with Radar,860,253,53,12,1178,1,3,104,3,111,861,256,157,15,1289,0,0,0,1289
04/15/2001,MIA,FL,ASO,ES,Towers with Radar,848,253,64,23,1188,3,4,71,3,81,851,257,135,26,1269,0,0,0,1269
04/16/2001,MIA,FL,ASO,ES,Towers with Radar,806,270,93,9,1178,0,8,105,7,120,806,278,198,16,1298,0,0,0,1298
04/17/2001,MIA,FL,ASO,ES,Towers with Radar,913,302,83,14,1312,5,12,86,2,105,918,314,169,16,1417,0,0,0,1417
04/18/2001,MIA,FL,ASO,ES,Towers with Radar,918,269,84,17,1288,3,6,112,3,124,921,275,196,20,1412,0,0,0,1412
04/19/2001,MIA,FL,ASO,ES,Towers with Radar,922,283,100,16,1321,3,10,90,6,109,925,293,190,22,1430,0,0,0,1430
04/20/2001,MIA,FL,ASO,ES,Towers with Radar,926,282,84,12,1304,0,2,116,0,118,926,284,200,12,1422,0,0,0,1422
04/21/2001,MIA,FL,ASO,ES,Towers with Radar,929,236,62,11,1238,1,9,122,2,134,930,245,184,13,1372,0,0,0,1372
04/22/2001,MIA,FL,ASO,ES,Towers with Radar,888,262,69,21,1240,1,5,95,3,104,889,267,164,24,1344,0,0,0,1344
04/23/2001,MIA,FL,ASO,ES,Towers with Radar,879,256,78,13,1226,1,16,105,1,123,880,272,183,14,1349,0,0,0,1349
04/24/2001,MIA,FL,ASO,ES,Towers with Radar,913,284,72,13,1282,2,10,136,6,154,915,294,208,19,1436,0,0,0,1436
04/25/2001,MIA,FL,ASO,ES,Towers with Radar,915,263,79,15,1272,1,5,123,1,130,916,268,202,16,1402,0,0,0,1402
04/26/2001,MIA,FL,ASO,ES,Towers with Radar,944,257,86,20,1307,3,12,107,3,125,947,269,193,23,1432,0,0,0,1432
04/27/2001,MIA,FL,ASO,ES,Towers with Radar,927,269,97,18,1311,1,10,116,2,129,928,279,213,20,1440,0,0,0,1440
04/28/2001,MIA,FL,ASO,ES,Towers with Radar,822,245,73,6,1146,71,6,18,0,95,893,251,91,6,1241,0,0,0,1241
04/29/2001,MIA,FL,ASO,ES,Towers with Radar,906,237,43,10,1196,1,5,56,1,63,907,242,99,11,1259,0,0,0,1259
04/30/2001,MIA,FL,ASO,ES,Towers with Radar,864,269,61,13,1207,1,9,60,2,72,865,278,121,15,1279,0,0,0,1279
05/01/2001,MIA,FL,ASO,ES,Towers with Radar,828,258,63,10,1159,52,22,83,10,167,880,280,146,20,1326,0,0,0,1326
05/02/2001,MIA,FL,ASO,ES,Towers with Radar,876,264,86,8,1234,1,4,100,3,108,877,268,186,11,1342,0,0,0,1342
05/03/2001,MIA,FL,ASO,ES,Towers with Radar,883,284,83,10,1260,5,6,50,6,67,888,290,133,16,1327,0,0,0,1327
05/04/2001,MIA,FL,ASO,ES,Towers with Radar,906,265,59,11,1241,0,0,0,0,0,906,265,59,11,1241,0,0,0,1241
05/05/2001,MIA,FL,ASO,ES,Towers with Radar,901,243,42,14,1200,2,4,111,4,121,903,247,153,18,1321,0,0,0,1321
05/06/2001,MIA,FL,ASO,ES,Towers with Radar,872,260,72,14,1218,3,4,87,5,99,875,264,159,19,1317,0,0,0,1317
05/07/2001,MIA,FL,ASO,ES,Towers with Radar,829,273,61,11,1174,3,12,96,7,118,832,285,157,18,1292,0,0,0,1292
05/08/2001,MIA,FL,ASO,ES,Towers with Radar,889,261,94,11,1255,1,9,87,4,101,890,270,181,15,1356,0,0,0,1356
05/09/2001,MIA,FL,ASO,ES,Towers with Radar,894,258,75,19,1246,2,8,112,4,126,896,266,187,23,1372,0,0,0,1372
05/10/2001,MIA,FL,ASO,ES,Towers with Radar,905,282,63,17,1267,3,9,119,7,138,908,291,182,24,1405,0,0,0,1405
05/11/2001,MIA,FL,ASO,ES,Towers with Radar,889,293,73,11,1266,0,10,85,0,95,889,303,158,11,1361,0,0,0,1361
05/12/2001,MIA,FL,ASO,ES,Towers with Radar,899,245,36,10,1190,3,4,112,2,121,902,249,148,12,1311,0,0,0,1311
05/13/2001,MIA,FL,ASO,ES,Towers with Radar,835,264,46,13,1158,1,4,96,2,103,836,268,142,15,1261,0,0,0,1261
05/14/2001,MIA,FL,ASO,ES,Towers with Radar,832,258,68,10,1168,3,11,130,8,152,835,269,198,18,1320,0,0,0,1320
05/15/2001,MIA,FL,ASO,ES,Towers with Radar,874,278,59,12,1223,2,6,131,2,141,876,284,190,14,1364,0,0,0,1364
05/16/2001,MIA,FL,ASO,ES,Towers with Radar,871,277,71,12,1231,3,6,87,4,100,874,283,158,16,1331,0,0,0,1331
05/17/2001,MIA,FL,ASO,ES,Towers with Radar,883,299,80,10,1272,3,9,106,3,121,886,308,186,13,1393,0,0,0,1393
05/18/2001,MIA,FL,ASO,ES,Towers with Radar,890,300,96,10,1296,3,16,130,1,150,893,316,226,11,1446,0,0,0,1446
05/19/2001,MIA,FL,ASO,ES,Towers with Radar,876,254,58,16,1204,1,8,98,6,113,877,262,156,22,1317,0,0,0,1317
05/20/2001,MIA,FL,ASO,ES,Towers with Radar,833,267,49,4,1153,3,10,77,1,91,836,277,126,5,1244,0,0,0,1244
05/21/2001,MIA,FL,ASO,ES,Towers with Radar,816,270,72,12,1170,2,7,166,5,180,818,277,238,17,1350,0,0,0,1350
05/22/2001,MIA,FL,ASO,ES,Towers with Radar,834,259,64,10,1167,20,8,88,5,121,854,267,152,15,1288,0,0,0,1288
05/23/2001,MIA,FL,ASO,ES,Towers with Radar,872,249,77,8,1206,1,6,48,8,63,873,255,125,16,1269,0,0,0,1269
05/24/2001,MIA,FL,ASO,ES,Towers with Radar,906,279,94,9,1288,1,5,110,2,118,907,284,204,11,1406,0,0,0,1406
05/25/2001,MIA,FL,ASO,ES,Towers with Radar,892,281,100,14,1287,1,8,80,3,92,893,289,180,17,1379,0,0,0,1379
05/26/2001,MIA,FL,ASO,ES,Towers with Radar,873,234,40,3,1150,2,4,71,1,78,875,238,111,4,1228,0,0,0,1228
05/27/2001,MIA,FL,ASO,ES,Towers with Radar,824,257,22,16,1119,3,7,64,2,76,827,264,86,18,1195,0,0,0,1195
05/28/2001,MIA,FL,ASO,ES,Towers with Radar,829,276,70,8,1183,2,3,72,3,80,831,279,142,11,1263,0,0,0,1263
05/29/2001,MIA,FL,ASO,ES,Towers with Radar,834,265,69,6,1174,2,7,98,4,111,836,272,167,10,1285,0,0,0,1285
05/30/2001,MIA,FL,ASO,ES,Towers with Radar,873,295,70,14,1252,2,9,104,8,123,875,304,174,22,1375,0,0,0,1375
05/31/2001,MIA,FL,ASO,ES,Towers with Radar,888,279,65,13,1245,3,11,109,6,129,891,290,174,19,1374,0,0,0,1374
06/01/2001,MIA,FL,ASO,ES,Towers with Radar,878,267,63,6,1214,4,3,67,1,75,882,270,130,7,1289,0,0,0,1289
06/02/2001,MIA,FL,ASO,ES,Towers with Radar,837,232,52,9,1130,4,3,57,3,67,841,235,109,12,1197,0,0,0,1197
06/03/2001,MIA,FL,ASO,ES,Towers with Radar,844,246,44,9,1143,3,1,79,5,88,847,247,123,14,1231,0,0,0,1231
06/04/2001,MIA,FL,ASO,ES,Towers with Radar,827,262,60,13,1162,6,0,79,7,92,833,262,139,20,1254,0,0,0,1254
06/05/2001,MIA,FL,ASO,ES,Towers with Radar,841,269,62,9,1181,2,6,80,4,92,843,275,142,13,1273,0,0,0,1273
06/06/2001,MIA,FL,ASO,ES,Towers with Radar,840,270,72,18,1200,4,4,121,2,131,844,274,193,20,1331,0,0,0,1331
06/07/2001,MIA,FL,ASO,ES,Towers with Radar,869,273,67,10,1219,0,12,95,2,109,869,285,162,12,1328,0,0,0,1328
06/08/2001,MIA,FL,ASO,ES,Towers with Radar,862,282,84,10,1238,2,4,102,2,110,864,286,186,12,1348,0,0,0,1348
06/09/2001,MIA,FL,ASO,ES,Towers with Radar,851,237,69,10,1167,0,0,98,4,102,851,237,167,14,1269,0,0,0,1269
06/10/2001,MIA,FL,ASO,ES,Towers with Radar,829,247,55,5,1136,5,0,107,1,113,834,247,162,6,1249,0,0,0,1249
06/11/2001,MIA,FL,ASO,ES,Towers with Radar,827,277,71,17,1192,5,3,98,3,109,832,280,169,20,1301,0,0,0,1301
06/12/2001,MIA,FL,ASO,ES,Towers with Radar,844,260,70,15,1189,7,5,86,10,108,851,265,156,25,1297,0,0,0,1297
06/13/2001,MIA,FL,ASO,ES,Towers with Radar,848,260,36,9,1153,3,7,93,3,106,851,267,129,12,1259,0,0,0,1259
06/14/2001,MIA,FL,ASO,ES,Towers with Radar,856,266,53,14,1189,4,12,92,3,111,860,278,145,17,1300,0,0,0,1300
06/15/2001,MIA,FL,ASO,ES,Towers with Radar,866,267,67,8,1208,5,7,132,7,151,871,274,199,15,1359,0,0,0,1359
06/16/2001,MIA,FL,ASO,ES,Towers with Radar,832,256,62,9,1159,38,19,138,8,203,870,275,200,17,1362,0,0,0,1362
06/17/2001,MIA,FL,ASO,ES,Towers with Radar,853,240,49,4,1146,3,4,101,1,109,856,244,150,5,1255,0,0,0,1255
06/18/2001,MIA,FL,ASO,ES,Towers with Radar,818,258,80,7,1163,4,3,103,5,115,822,261,183,12,1278,0,0,0,1278
06/19/2001,MIA,FL,ASO,ES,Towers with Radar,822,261,65,9,1157,0,0,118,3,121,822,261,183,12,1278,0,0,0,1278
06/20/2001,MIA,FL,ASO,ES,Towers with Radar,813,274,66,10,1163,0,5,127,12,144,813,279,193,22,1307,0,0,0,1307
06/21/2001,MIA,FL,ASO,ES,Towers with Radar,848,274,68,5,1195,3,5,87,1,96,851,279,155,6,1291,0,0,0,1291
06/22/2001,MIA,FL,ASO,ES,Towers with Radar,881,274,68,13,1236,2,5,46,1,54,883,279,114,14,1290,0,0,0,1290
06/23/2001,MIA,FL,ASO,ES,Towers with Radar,901,223,42,5,1171,3,8,61,1,73,904,231,103,6,1244,0,0,0,1244
06/24/2001,MIA,FL,ASO,ES,Towers with Radar,848,267,51,15,1181,3,3,109,2,117,851,270,160,17,1298,0,0,0,1298
06/25/2001,MIA,FL,ASO,ES,Towers with Radar,825,262,63,9,1159,0,11,86,3,100,825,273,149,12,1259,0,0,0,1259
06/26/2001,MIA,FL,ASO,ES,Towers with Radar,854,263,63,9,1189,6,19,97,4,126,860,282,160,13,1315,0,0,0,1315
06/27/2001,MIA,FL,ASO,ES,Towers with Radar,869,267,64,9,1209,6,20,64,0,90,875,287,128,9,1299,0,0,0,1299
06/28/2001,MIA,FL,ASO,ES,Towers with Radar,832,256,62,3,1153,43,18,97,0,158,875,274,159,3,1311,0,0,0,1311
06/29/2001,MIA,FL,ASO,ES,Towers with Radar,884,276,66,10,1236,0,0,111,10,121,884,276,177,20,1357,0,0,0,1357
06/30/2001,MIA,FL,ASO,ES,Towers with Radar,864,244,37,4,1149,3,3,109,2,117,867,247,146,6,1266,0,0,0,1266
07/01/2001,MIA,FL,ASO,ES,Towers with Radar,778,238,53,6,1075,89,9,93,0,191,867,247,146,6,1266,0,0,0,1266
07/02/2001,MIA,FL,ASO,ES,Towers with Radar,816,259,59,7,1141,0,4,87,0,91,816,263,146,7,1232,0,0,0,1232
07/03/2001,MIA,FL,ASO,ES,Towers with Radar,822,271,61,8,1162,0,6,92,10,108,822,277,153,18,1270,0,0,0,1270
07/04/2001,MIA,FL,ASO,ES,Towers with Radar,731,224,51,7,1013,104,59,98,6,267,835,283,149,13,1280,0,0,0,1280
07/05/2001,MIA,FL,ASO,ES,Towers with Radar,814,253,59,6,1132,0,0,36,0,36,814,253,95,6,1168,0,0,0,1168
07/06/2001,MIA,FL,ASO,ES,Towers with Radar,903,257,53,11,1224,12,3,118,5,138,915,260,171,16,1362,0,0,0,1362
07/07/2001,MIA,FL,ASO,ES,Towers with Radar,863,241,52,5,1161,10,1,94,5,110,873,242,146,10,1271,0,0,0,1271
07/08/2001,MIA,FL,ASO,ES,Towers with Radar,844,250,60,1,1155,10,1,54,1,66,854,251,114,2,1221,0,0,0,1221
07/09/2001,MIA,FL,ASO,ES,Towers with Radar,836,268,55,6,1165,10,2,56,3,71,846,270,111,9,1236,0,0,0,1236
07/10/2001,MIA,FL,ASO,ES,Towers with Radar,839,253,66,10,1168,9,2,73,4,88,848,255,139,14,1256,0,0,0,1256
07/11/2001,MIA,FL,ASO,ES,Towers with Radar,848,255,58,9,1170,0,0,81,5,86,848,255,139,14,1256,0,0,0,1256
07/12/2001,MIA,FL,ASO,ES,Towers with Radar,861,283,63,9,1216,0,10,123,6,139,861,293,186,15,1355,0,0,0,1355
07/13/2001,MIA,FL,ASO,ES,Towers with Radar,865,271,62,9,1207,0,0,149,3,152,865,271,211,12,1359,0,0,0,1359
07/14/2001,MIA,FL,ASO,ES,Towers with Radar,875,238,31,8,1152,10,2,73,0,85,885,240,104,8,1237,0,0,0,1237
07/15/2001,MIA,FL,ASO,ES,Towers with Radar,832,254,38,7,1131,10,5,72,0,87,842,259,110,7,1218,0,0,0,1218
07/16/2001,MIA,FL,ASO,ES,Towers with Radar,816,260,57,9,1142,0,16,122,6,144,816,276,179,15,1286,0,0,0,1286
07/17/2001,MIA,FL,ASO,ES,Towers with Radar,816,263,58,9,1146,0,13,121,6,140,816,276,179,15,1286,0,0,0,1286
07/18/2001,MIA,FL,ASO,ES,Towers with Radar,844,265,59,9,1177,0,12,79,7,98,844,277,138,16,1275,0,0,0,1275
07/19/2001,MIA,FL,ASO,ES,Towers with Radar,849,273,62,5,1189,0,0,90,0,90,849,273,152,5,1279,0,0,0,1279
07/20/2001,MIA,FL,ASO,ES,Towers with Radar,850,276,59,9,1194,11,3,86,3,103,861,279,145,12,1297,0,0,0,1297
07/21/2001,MIA,FL,ASO,ES,Towers with Radar,878,230,47,10,1165,9,2,66,0,77,887,232,113,10,1242,0,0,0,1242
07/22/2001,MIA,FL,ASO,ES,Towers with Radar,862,223,50,3,1138,9,0,0,0,9,871,223,50,3,1147,0,0,0,1147
07/23/2001,MIA,FL,ASO,ES,Towers with Radar,822,241,50,9,1122,9,1,57,2,69,831,242,107,11,1191,0,0,0,1191
07/24/2001,MIA,FL,ASO,ES,Towers with Radar,880,268,62,8,1218,0,0,106,7,113,880,268,168,15,1331,0,0,0,1331
07/25/2001,MIA,FL,ASO,ES,Towers with Radar,846,270,73,12,1201,12,4,121,6,143,858,274,194,18,1344,0,0,0,1344
07/26/2001,MIA,FL,ASO,ES,Towers with Radar,862,278,62,12,1214,10,6,113,2,131,872,284,175,14,1345,0,0,0,1345
07/27/2001,MIA,FL,ASO,ES,Towers with Radar,903,269,64,8,1244,9,9,93,0,111,912,278,157,8,1355,0,0,0,1355
07/28/2001,MIA,FL,ASO,ES,Towers with Radar,842,257,57,8,1164,70,21,100,0,191,912,278,157,8,1355,0,0,0,1355
07/29/2001,MIA,FL,ASO,ES,Towers with Radar,793,243,53,7,1096,102,3,106,2,213,895,246,159,9,1309,0,0,0,1309
07/30/2001,MIA,FL,ASO,ES,Towers with Radar,847,238,58,8,1151,13,0,61,0,74,860,238,119,8,1225,0,0,0,1225
07/31/2001,MIA,FL,ASO,ES,Towers with Radar,852,250,60,8,1170,0,0,81,9,90,852,250,141,17,1260,0,0,0,1260
08/01/2001,MIA,FL,ASO,ES,Towers with Radar,847,246,56,9,1158,42,16,111,3,172,889,262,167,12,1330,0,0,0,1330
08/02/2001,MIA,FL,ASO,ES,Towers with Radar,832,242,56,9,1139,53,30,47,3,133,885,272,103,12,1272,0,0,0,1272
08/03/2001,MIA,FL,ASO,ES,Towers with Radar,862,251,56,6,1175,36,12,36,0,84,898,263,92,6,1259,0,0,0,1259
08/04/2001,MIA,FL,ASO,ES,Towers with Radar,850,247,57,8,1162,62,17,90,0,169,912,264,147,8,1331,0,0,0,1331
08/05/2001,MIA,FL,ASO,ES,Towers with Radar,822,239,54,8,1123,40,4,74,0,118,862,243,128,8,1241,0,0,0,1241
08/06/2001,MIA,FL,ASO,ES,Towers with Radar,763,222,51,8,1044,82,31,91,5,209,845,253,142,13,1253,0,0,0,1253
08/07/2001,MIA,FL,ASO,ES,Towers with Radar,703,222,57,10,992,0,0,69,2,71,703,222,126,12,1063,0,0,0,1063
08/08/2001,MIA,FL,ASO,ES,Towers with Radar,846,266,61,10,1183,0,6,91,1,98,846,272,152,11,1281,0,0,0,1281
08/09/2001,MIA,FL,ASO,ES,Towers with Radar,859,265,62,10,1196,0,0,156,4,160,859,265,218,14,1356,0,0,0,1356
08/10/2001,MIA,FL,ASO,ES,Towers with Radar,863,266,60,10,1199,0,8,98,3,109,863,274,158,13,1308,0,0,0,1308
08/11/2001,MIA,FL,ASO,ES,Towers with Radar,837,236,56,9,1138,53,0,93,5,151,890,236,149,14,1289,0,0,0,1289
08/12/2001,MIA,FL,ASO,ES,Towers with Radar,866,252,35,13,1166,4,3,90,2,99,870,255,125,15,1265,0,0,0,1265
08/13/2001,MIA,FL,ASO,ES,Towers with Radar,841,249,46,8,1144,2,6,94,6,108,843,255,140,14,1252,0,0,0,1252
08/14/2001,MIA,FL,ASO,ES,Towers with Radar,886,260,53,7,1206,3,6,86,2,97,889,266,139,9,1303,0,0,0,1303
08/15/2001,MIA,FL,ASO,ES,Towers with Radar,879,254,57,9,1199,10,12,82,0,104,889,266,139,9,1303,0,0,0,1303
08/16/2001,MIA,FL,ASO,ES,Towers with Radar,867,257,62,7,1193,0,0,119,0,119,867,257,181,7,1312,0,0,0,1312
08/17/2001,MIA,FL,ASO,ES,Towers with Radar,873,266,60,9,1208,0,5,162,6,173,873,271,222,15,1381,0,0,0,1381
08/18/2001,MIA,FL,ASO,ES,Towers with Radar,836,234,56,8,1134,69,0,85,4,158,905,234,141,12,1292,0,0,0,1292
08/19/2001,MIA,FL,ASO,ES,Towers with Radar,841,235,56,6,1138,25,0,86,0,111,866,235,142,6,1249,0,0,0,1249
08/20/2001,MIA,FL,ASO,ES,Towers with Radar,852,232,78,4,1166,2,4,91,6,103,854,236,169,10,1269,0,0,0,1269
08/21/2001,MIA,FL,ASO,ES,Towers with Radar,870,256,55,4,1185,3,6,97,7,113,873,262,152,11,1298,0,0,0,1298
08/22/2001,MIA,FL,ASO,ES,Towers with Radar,873,254,57,9,1193,0,8,95,2,105,873,262,152,11,1298,0,0,0,1298
08/23/2001,MIA,FL,ASO,ES,Towers with Radar,895,259,60,9,1223,0,0,99,3,102,895,259,159,12,1325,0,0,0,1325
08/24/2001,MIA,FL,ASO,ES,Towers with Radar,894,267,61,9,1231,0,0,189,2,191,894,267,250,11,1422,0,0,0,1422
08/25/2001,MIA,FL,ASO,ES,Towers with Radar,909,228,49,6,1192,2,3,117,2,124,911,231,166,8,1316,0,0,0,1316
08/26/2001,MIA,FL,ASO,ES,Towers with Radar,864,234,42,10,1150,2,3,83,1,89,866,237,125,11,1239,0,0,0,1239
08/27/2001,MIA,FL,ASO,ES,Towers with Radar,829,253,38,10,1130,2,5,97,17,121,831,258,135,27,1251,0,0,0,1251
08/28/2001,MIA,FL,ASO,ES,Towers with Radar,872,255,54,11,1192,2,4,111,5,122,874,259,165,16,1314,0,0,0,1314
08/29/2001,MIA,FL,ASO,ES,Towers with Radar,854,261,58,10,1183,0,9,113,11,133,854,270,171,21,1316,0,0,0,1316
08/30/2001,MIA,FL,ASO,ES,Towers with Radar,886,267,80,13,1246,5,7,141,2,155,891,274,221,15,1401,0,0,0,1401
08/31/2001,MIA,FL,ASO,ES,Towers with Radar,887,271,66,10,1234,6,2,132,3,143,893,273,198,13,1377,0,0,0,1377
09/01/2001,MIA,FL,ASO,ES,Towers with Radar,900,221,54,7,1182,0,4,88,0,92,900,225,142,7,1274,0,0,0,1274
09/02/2001,MIA,FL,ASO,ES,Towers with Radar,864,215,39,9,1127,0,2,77,0,79,864,217,116,9,1206,0,0,0,1206
09/03/2001,MIA,FL,ASO,ES,Towers with Radar,835,252,38,11,1136,0,3,115,1,119,835,255,153,12,1255,0,0,0,1255
09/04/2001,MIA,FL,ASO,ES,Towers with Radar,837,234,62,8,1141,0,6,75,3,84,837,240,137,11,1225,0,0,0,1225
09/05/2001,MIA,FL,ASO,ES,Towers with Radar,836,245,52,10,1143,44,12,124,8,188,880,257,176,18,1331,0,0,0,1331
09/06/2001,MIA,FL,ASO,ES,Towers with Radar,844,248,52,11,1155,1,5,90,2,98,845,253,142,13,1253,0,0,0,1253
09/07/2001,MIA,FL,ASO,ES,Towers with Radar,826,243,51,10,1130,34,7,130,7,178,860,250,181,17,1308,0,0,0,1308
09/08/2001,MIA,FL,ASO,ES,Towers with Radar,876,204,43,2,1125,0,2,56,4,62,876,206,99,6,1187,0,0,0,1187
09/09/2001,MIA,FL,ASO,ES,Towers with Radar,718,211,44,8,981,128,10,36,0,174,846,221,80,8,1155,0,0,0,1155
09/10/2001,MIA,FL,ASO,ES,Towers with Radar,814,236,56,10,1116,0,2,50,1,53,814,238,106,11,1169,0,0,0,1169
09/11/2001,MIA,FL,ASO,ES,Towers with Radar,226,51,27,7,311,0,0,14,3,17,226,51,41,10,328,0,0,0,328
09/12/2001,MIA,FL,ASO,ES,Towers with Radar,0,5,5,0,10,0,0,6,10,16,0,5,11,10,26,0,0,0,26
09/13/2001,MIA,FL,ASO,ES,Towers with Radar,90,54,14,17,175,0,5,12,6,23,90,59,26,23,198,0,0,0,198
09/14/2001,MIA,FL,ASO,ES,Towers with Radar,292,111,4,3,410,0,1,12,1,14,292,112,16,4,424,0,0,0,424
09/15/2001,MIA,FL,ASO,ES,Towers with Radar,514,229,31,6,780,0,2,17,4,23,514,231,48,10,803,0,0,0,803
09/16/2001,MIA,FL,ASO,ES,Towers with Radar,654,228,28,7,917,0,3,9,0,12,654,231,37,7,929,0,0,0,929
09/17/2001,MIA,FL,ASO,ES,Towers with Radar,701,222,35,7,965,0,2,10,4,16,701,224,45,11,981,0,0,0,981
09/18/2001,MIA,FL,ASO,ES,Towers with Radar,739,246,29,11,1025,0,4,18,2,24,739,250,47,13,1049,0,0,0,1049
09/19/2001,MIA,FL,ASO,ES,Towers with Radar,730,245,48,12,1035,0,2,13,1,16,730,247,61,13,1051,0,0,0,1051
09/20/2001,MIA,FL,ASO,ES,Towers with Radar,754,233,67,10,1064,0,3,14,1,18,754,236,81,11,1082,0,0,0,1082
09/21/2001,MIA,FL,ASO,ES,Towers with Radar,742,241,63,12,1058,0,3,23,0,26,742,244,86,12,1084,0,0,0,1084
09/22/2001,MIA,FL,ASO,ES,Towers with Radar,725,193,34,5,957,0,2,37,2,41,725,195,71,7,998,0,0,0,998
09/23/2001,MIA,FL,ASO,ES,Towers with Radar,706,202,44,9,961,41,0,43,10,94,747,202,87,19,1055,0,0,0,1055
09/24/2001,MIA,FL,ASO,ES,Towers with Radar,721,225,71,12,1029,0,4,42,5,51,721,229,113,17,1080,0,0,0,1080
09/25/2001,MIA,FL,ASO,ES,Towers with Radar,762,230,63,11,1066,0,4,63,8,75,762,234,126,19,1141,0,0,0,1141
09/26/2001,MIA,FL,ASO,ES,Towers with Radar,734,220,60,13,1027,0,12,53,4,69,734,232,113,17,1096,0,0,0,1096
09/27/2001,MIA,FL,ASO,ES,Towers with Radar,738,221,47,10,1016,0,20,48,12,80,738,241,95,22,1096,0,0,0,1096
09/28/2001,MIA,FL,ASO,ES,Towers with Radar,759,231,38,8,1036,0,2,27,4,33,759,233,65,12,1069,0,0,0,1069
09/29/2001,MIA,FL,ASO,ES,Towers with Radar,738,192,23,6,959,0,1,25,3,29,738,193,48,9,988,0,0,0,988
09/30/2001,MIA,FL,ASO,ES,Towers with Radar,721,207,37,8,973,0,4,55,2,61,721,211,92,10,1034,0,0,0,1034
10/01/2001,MIA,FL,ASO,ES,Towers with Radar,717,233,46,8,1004,0,7,80,6,93,717,240,126,14,1097,0,0,0,1097
10/02/2001,MIA,FL,ASO,ES,Towers with Radar,755,237,48,12,1052,0,8,83,5,96,755,245,131,17,1148,0,0,0,1148
10/03/2001,MIA,FL,ASO,ES,Towers with Radar,758,241,62,4,1065,0,5,74,3,82,758,246,136,7,1147,0,0,0,1147
10/04/2001,MIA,FL,ASO,ES,Towers with Radar,738,235,63,8,1044,0,5,84,13,102,738,240,147,21,1146,0,0,0,1146
10/05/2001,MIA,FL,ASO,ES,Towers with Radar,765,251,74,7,1097,0,7,67,4,78,765,258,141,11,1175,0,0,0,1175
10/06/2001,MIA,FL,ASO,ES,Towers with Radar,756,196,24,8,984,0,5,95,3,103,756,201,119,11,1087,0,0,0,1087
10/07/2001,MIA,FL,ASO,ES,Towers with Radar,740,210,39,7,996,0,3,56,5,64,740,213,95,12,1060,0,0,0,1060
10/08/2001,MIA,FL,ASO,ES,Towers with Radar,683,207,48,10,948,0,0,45,3,48,683,207,93,13,996,0,0,0,996
10/09/2001,MIA,FL,ASO,ES,Towers with Radar,661,202,44,8,915,46,24,85,5,160,707,226,129,13,1075,0,0,0,1075
10/10/2001,MIA,FL,ASO,ES,Towers with Radar,746,245,52,6,1049,0,6,68,11,85,746,251,120,17,1134,0,0,0,1134
10/11/2001,MIA,FL,ASO,ES,Towers with Radar,746,253,52,14,1065,0,5,92,4,101,746,258,144,18,1166,0,0,0,1166
10/12/2001,MIA,FL,ASO,ES,Towers with Radar,777,248,45,9,1079,0,7,74,6,87,777,255,119,15,1166,0,0,0,1166
10/13/2001,MIA,FL,ASO,ES,Towers with Radar,676,193,46,8,923,67,0,48,0,115,743,193,94,8,1038,0,0,0,1038
10/14/2001,MIA,FL,ASO,ES,Towers with Radar,741,205,43,11,1000,0,0,52,7,59,741,205,95,18,1059,0,0,0,1059
10/15/2001,MIA,FL,ASO,ES,Towers with Radar,723,242,53,13,1031,0,3,76,1,80,723,245,129,14,1111,0,0,0,1111
10/16/2001,MIA,FL,ASO,ES,Towers with Radar,740,228,50,9,1027,0,33,126,9,168,740,261,176,18,1195,0,0,0,1195
10/17/2001,MIA,FL,ASO,ES,Towers with Radar,740,250,50,8,1048,0,11,126,10,147,740,261,176,18,1195,0,0,0,1195
10/18/2001,MIA,FL,ASO,ES,Towers with Radar,733,224,49,9,1015,14,35,80,6,135,747,259,129,15,1150,0,0,0,1150
10/19/2001,MIA,FL,ASO,ES,Towers with Radar,776,237,42,5,1060,0,7,70,4,81,776,244,112,9,1141,0,0,0,1141
10/20/2001,MIA,FL,ASO,ES,Towers with Radar,745,194,25,6,970,0,0,41,2,43,745,194,66,8,1013,0,0,0,1013
10/21/2001,MIA,FL,ASO,ES,Towers with Radar,724,213,43,11,991,0,0,35,4,39,724,213,78,15,1030,0,0,0,1030
10/22/2001,MIA,FL,ASO,ES,Towers with Radar,712,242,39,13,1006,0,5,50,7,62,712,247,89,20,1068,0,0,0,1068
10/23/2001,MIA,FL,ASO,ES,Towers with Radar,739,246,45,11,1041,0,7,79,9,95,739,253,124,20,1136,0,0,0,1136
10/24/2001,MIA,FL,ASO,ES,Towers with Radar,748,242,73,22,1085,0,7,79,4,90,748,249,152,26,1175,0,0,0,1175
10/25/2001,MIA,FL,ASO,ES,Towers with Radar,759,244,78,19,1100,0,6,89,1,96,759,250,167,20,1196,0,0,0,1196
10/26/2001,MIA,FL,ASO,ES,Towers with Radar,778,236,58,5,1077,0,11,68,5,84,778,247,126,10,1161,0,0,0,1161
10/27/2001,MIA,FL,ASO,ES,Towers with Radar,760,183,51,6,1000,0,0,99,0,99,760,183,150,6,1099,0,0,0,1099
10/28/2001,MIA,FL,ASO,ES,Towers with Radar,756,190,39,12,997,0,1,68,2,71,756,191,107,14,1068,0,0,0,1068
10/29/2001,MIA,FL,ASO,ES,Towers with Radar,741,242,47,8,1038,0,7,78,9,94,741,249,125,17,1132,0,0,0,1132
10/30/2001,MIA,FL,ASO,ES,Towers with Radar,754,206,74,4,1038,0,0,85,2,87,754,206,159,6,1125,0,0,0,1125
10/31/2001,MIA,FL,ASO,ES,Towers with Radar,754,232,54,17,1057,0,0,114,1,115,754,232,168,18,1172,0,0,0,1172
11/01/2001,MIA,FL,ASO,ES,Towers with Radar,759,251,41,4,1055,0,2,96,1,99,759,253,137,5,1154,0,0,0,1154
11/02/2001,MIA,FL,ASO,ES,Towers with Radar,770,239,50,8,1067,0,6,79,3,88,770,245,129,11,1155,0,0,0,1155
11/03/2001,MIA,FL,ASO,ES,Towers with Radar,768,183,31,9,991,0,2,66,1,69,768,185,97,10,1060,0,0,0,1060
11/04/2001,MIA,FL,ASO,ES,Towers with Radar,732,161,17,4,914,0,3,21,0,24,732,164,38,4,938,0,0,0,938
11/05/2001,MIA,FL,ASO,ES,Towers with Radar,670,128,21,9,828,0,0,19,2,21,670,128,40,11,849,0,0,0,849
11/06/2001,MIA,FL,ASO,ES,Towers with Radar,748,222,61,13,1044,0,9,98,3,110,748,231,159,16,1154,0,0,0,1154
11/07/2001,MIA,FL,ASO,ES,Towers with Radar,761,254,111,8,1134,0,3,105,3,111,761,257,216,11,1245,0,0,0,1245
11/08/2001,MIA,FL,ASO,ES,Towers with Radar,769,238,134,11,1152,0,0,1,0,1,769,238,135,11,1153,0,0,0,1153
11/09/2001,MIA,FL,ASO,ES,Towers with Radar,787,238,97,7,1129,0,12,139,1,152,787,250,236,8,1281,0,0,0,1281
11/10/2001,MIA,FL,ASO,ES,Towers with Radar,766,185,92,15,1058,0,4,141,1,146,766,189,233,16,1204,0,0,0,1204
11/11/2001,MIA,FL,ASO,ES,Towers with Radar,781,201,147,9,1138,0,4,159,1,164,781,205,306,10,1302,0,0,0,1302
11/12/2001,MIA,FL,ASO,ES,Towers with Radar,713,227,62,11,1013,0,3,88,2,93,713,230,150,13,1106,0,0,0,1106
11/13/2001,MIA,FL,ASO,ES,Towers with Radar,763,226,53,15,1057,0,5,120,2,127,763,231,173,17,1184,0,0,0,1184
11/14/2001,MIA,FL,ASO,ES,Towers with Radar,767,237,64,8,1076,0,6,103,7,116,767,243,167,15,1192,0,0,0,1192
11/15/2001,MIA,FL,ASO,ES,Towers with Radar,773,224,75,10,1082,0,0,106,0,106,773,224,181,10,1188,0,0,0,1188
11/16/2001,MIA,FL,ASO,ES,Towers with Radar,794,231,94,5,1124,0,6,115,6,127,794,237,209,11,1251,0,0,0,1251
11/17/2001,MIA,FL,ASO,ES,Towers with Radar,793,206,56,7,1062,0,8,111,1,120,793,214,167,8,1182,0,0,0,1182
11/18/2001,MIA,FL,ASO,ES,Towers with Radar,769,196,60,11,1036,0,1,106,6,113,769,197,166,17,1149,0,0,0,1149
11/19/2001,MIA,FL,ASO,ES,Towers with Radar,778,222,58,9,1067,0,14,94,5,113,778,236,152,14,1180,0,0,0,1180
11/20/2001,MIA,FL,ASO,ES,Towers with Radar,797,230,71,16,1114,0,12,89,5,106,797,242,160,21,1220,0,0,0,1220
11/21/2001,MIA,FL,ASO,ES,Towers with Radar,784,247,108,6,1145,0,16,134,3,153,784,263,242,9,1298,0,0,0,1298
11/22/2001,MIA,FL,ASO,ES,Towers with Radar,735,198,26,4,963,0,3,65,2,70,735,201,91,6,1033,0,0,0,1033
11/23/2001,MIA,FL,ASO,ES,Towers with Radar,756,216,37,6,1015,0,8,131,3,142,756,224,168,9,1157,0,0,0,1157
11/24/2001,MIA,FL,ASO,ES,Towers with Radar,681,195,60,8,944,84,33,111,1,229,765,228,171,9,1173,0,0,0,1173
11/25/2001,MIA,FL,ASO,ES,Towers with Radar,785,236,89,15,1125,0,6,120,1,127,785,242,209,16,1252,0,0,0,1252
11/26/2001,MIA,FL,ASO,ES,Towers with Radar,746,242,51,11,1050,0,10,91,1,102,746,252,142,12,1152,0,0,0,1152
11/27/2001,MIA,FL,ASO,ES,Towers with Radar,791,259,60,9,1119,0,13,119,9,141,791,272,179,18,1260,0,0,0,1260
11/28/2001,MIA,FL,ASO,ES,Towers with Radar,767,221,68,9,1065,6,28,92,6,132,773,249,160,15,1197,0,0,0,1197
11/29/2001,MIA,FL,ASO,ES,Towers with Radar,799,247,80,10,1136,0,10,122,8,140,799,257,202,18,1276,0,0,0,1276
11/30/2001,MIA,FL,ASO,ES,Towers with Radar,823,251,110,13,1197,0,11,121,2,134,823,262,231,15,1331,0,0,0,1331
12/01/2001,MIA,FL,ASO,ES,Towers with Radar,800,181,66,13,1060,0,5,128,4,137,800,186,194,17,1197,0,0,0,1197
12/02/2001,MIA,FL,ASO,ES,Towers with Radar,787,196,65,7,1055,3,1,137,5,146,790,197,202,12,1201,0,0,0,1201
12/03/2001,MIA,FL,ASO,ES,Towers with Radar,771,225,47,11,1054,0,8,89,5,102,771,233,136,16,1156,0,0,0,1156
12/04/2001,MIA,FL,ASO,ES,Towers with Radar,800,206,68,18,1092,0,8,122,7,137,800,214,190,25,1229,0,0,0,1229
12/05/2001,MIA,FL,ASO,ES,Towers with Radar,825,212,67,4,1108,0,16,96,6,118,825,228,163,10,1226,0,0,0,1226
12/06/2001,MIA,FL,ASO,ES,Towers with Radar,829,210,53,12,1104,0,5,66,6,77,829,215,119,18,1181,0,0,0,1181
12/07/2001,MIA,FL,ASO,ES,Towers with Radar,861,196,63,9,1129,0,11,85,2,98,861,207,148,11,1227,0,0,0,1227
12/08/2001,MIA,FL,ASO,ES,Towers with Radar,835,148,34,4,1021,0,4,144,4,152,835,152,178,8,1173,0,0,0,1173
12/09/2001,MIA,FL,ASO,ES,Towers with Radar,777,155,56,8,996,62,0,124,0,186,839,155,180,8,1182,0,0,0,1182
12/10/2001,MIA,FL,ASO,ES,Towers with Radar,804,196,56,15,1071,2,6,97,2,107,806,202,153,17,1178,0,0,0,1178
12/11/2001,MIA,FL,ASO,ES,Towers with Radar,816,223,60,22,1121,0,13,100,5,118,816,236,160,27,1239,0,0,0,1239
12/12/2001,MIA,FL,ASO,ES,Towers with Radar,840,219,54,10,1123,0,9,98,2,109,840,228,152,12,1232,0,0,0,1232
12/13/2001,MIA,FL,ASO,ES,Towers with Radar,852,199,73,13,1137,2,12,97,7,118,854,211,170,20,1255,0,0,0,1255
12/14/2001,MIA,FL,ASO,ES,Towers with Radar,881,227,68,7,1183,0,8,126,2,136,881,235,194,9,1319,0,0,0,1319
12/15/2001,MIA,FL,ASO,ES,Towers with Radar,904,167,46,4,1121,0,4,104,3,111,904,171,150,7,1232,0,0,0,1232
12/16/2001,MIA,FL,ASO,ES,Towers with Radar,885,166,44,5,1100,0,3,86,2,91,885,169,130,7,1191,0,0,0,1191
12/17/2001,MIA,FL,ASO,ES,Towers with Radar,846,207,59,13,1125,0,6,85,1,92,846,213,144,14,1217,0,0,0,1217
12/18/2001,MIA,FL,ASO,ES,Towers with Radar,878,187,59,9,1133,1,6,99,1,107,879,193,158,10,1240,0,0,0,1240
12/19/2001,MIA,FL,ASO,ES,Towers with Radar,922,207,63,9,1201,3,3,120,3,129,925,210,183,12,1330,0,0,0,1330
12/20/2001,MIA,FL,ASO,ES,Towers with Radar,930,220,66,7,1223,3,6,143,6,158,933,226,209,13,1381,0,0,0,1381
12/21/2001,MIA,FL,ASO,ES,Towers with Radar,945,229,88,6,1268,0,3,105,0,108,945,232,193,6,1376,0,0,0,1376
12/22/2001,MIA,FL,ASO,ES,Towers with Radar,961,211,66,12,1250,1,4,109,3,117,962,215,175,15,1367,0,0,0,1367
12/23/2001,MIA,FL,ASO,ES,Towers with Radar,926,165,60,5,1156,0,2,66,3,71,926,167,126,8,1227,0,0,0,1227
12/24/2001,MIA,FL,ASO,ES,Towers with Radar,815,173,40,5,1033,1,5,50,1,57,816,178,90,6,1090,0,0,0,1090
12/25/2001,MIA,FL,ASO,ES,Towers with Radar,711,137,30,0,878,0,1,36,2,39,711,138,66,2,917,0,0,0,917
12/26/2001,MIA,FL,ASO,ES,Towers with Radar,811,208,82,11,1112,0,6,54,3,63,811,214,136,14,1175,0,0,0,1175
12/27/2001,MIA,FL,ASO,ES,Towers with Radar,883,235,108,9,1235,1,7,96,3,107,884,242,204,12,1342,0,0,0,1342
12/28/2001,MIA,FL,ASO,ES,Towers with Radar,879,216,72,10,1177,0,8,98,4,110,879,224,170,14,1287,0,0,0,1287
12/29/2001,MIA,FL,ASO,ES,Towers with Radar,878,172,81,9,1140,0,5,117,2,124,878,177,198,11,1264,0,0,0,1264
12/30/2001,MIA,FL,ASO,ES,Towers with Radar,859,150,72,6,1087,1,4,92,1,98,860,154,164,7,1185,0,0,0,1185
12/31/2001,MIA,FL,ASO,ES,Towers with Radar,757,165,50,2,974,0,4,40,0,44,757,169,90,2,1018,0,0,0,1018
01/01/2002,MIA,FL,ASO,ES,Towers with Radar,730,198,59,3,990,0,5,70,2,77,730,203,129,5,1067,0,0,0,1067
01/02/2002,MIA,FL,ASO,ES,Towers with Radar,806,217,76,2,1101,0,3,73,1,77,806,220,149,3,1178,0,0,0,1178
01/03/2002,MIA,FL,ASO,ES,Towers with Radar,884,216,82,9,1191,0,2,80,5,87,884,218,162,14,1278,0,0,0,1278
01/04/2002,MIA,FL,ASO,ES,Towers with Radar,897,226,66,6,1195,3,3,97,3,106,900,229,163,9,1301,0,0,0,1301
01/05/2002,MIA,FL,ASO,ES,Towers with Radar,915,181,85,9,1190,0,1,105,1,107,915,182,190,10,1297,0,0,0,1297
01/06/2002,MIA,FL,ASO,ES,Towers with Radar,874,159,52,4,1089,0,4,64,1,69,874,163,116,5,1158,0,0,0,1158
01/07/2002,MIA,FL,ASO,ES,Towers with Radar,853,194,49,7,1103,0,5,82,14,101,853,199,131,21,1204,0,0,0,1204
01/08/2002,MIA,FL,ASO,ES,Towers with Radar,882,183,68,23,1156,1,8,92,4,105,883,191,160,27,1261,0,0,0,1261
01/09/2002,MIA,FL,ASO,ES,Towers with Radar,835,170,65,6,1076,2,7,146,4,159,837,177,211,10,1235,0,0,0,1235
01/10/2002,MIA,FL,ASO,ES,Towers with Radar,858,207,79,13,1157,0,4,125,9,138,858,211,204,22,1295,0,0,0,1295
01/11/2002,MIA,FL,ASO,ES,Towers with Radar,870,204,84,11,1169,2,11,126,3,142,872,215,210,14,1311,0,0,0,1311
01/12/2002,MIA,FL,ASO,ES,Towers with Radar,862,149,56,8,1075,0,3,136,0,139,862,152,192,8,1214,0,0,0,1214
01/13/2002,MIA,FL,ASO,ES,Towers with Radar,828,160,57,11,1056,0,2,76,6,84,828,162,133,17,1140,0,0,0,1140
01/14/2002,MIA,FL,ASO,ES,Towers with Radar,765,170,67,8,1010,34,23,74,6,137,799,193,141,14,1147,0,0,0,1147
01/15/2002,MIA,FL,ASO,ES,Towers with Radar,836,209,60,14,1119,0,1,69,7,77,836,210,129,21,1196,0,0,0,1196
01/16/2002,MIA,FL,ASO,ES,Towers with Radar,817,216,91,9,1133,1,8,105,6,120,818,224,196,15,1253,0,0,0,1253
01/17/2002,MIA,FL,ASO,ES,Towers with Radar,845,211,103,8,1167,3,3,126,3,135,848,214,229,11,1302,0,0,0,1302
01/18/2002,MIA,FL,ASO,ES,Towers with Radar,863,199,110,7,1179,0,8,113,3,124,863,207,223,10,1303,0,0,0,1303
01/19/2002,MIA,FL,ASO,ES,Towers with Radar,849,135,60,3,1047,0,6,103,3,112,849,141,163,6,1159,0,0,0,1159
01/20/2002,MIA,FL,ASO,ES,Towers with Radar,830,147,66,8,1051,0,1,95,2,98,830,148,161,10,1149,0,0,0,1149
01/21/2002,MIA,FL,ASO,ES,Towers with Radar,808,199,97,6,1110,1,2,115,8,126,809,201,212,14,1236,0,0,0,1236
01/22/2002,MIA,FL,ASO,ES,Towers with Radar,824,200,80,13,1117,2,4,114,10,130,826,204,194,23,1247,0,0,0,1247
01/23/2002,MIA,FL,ASO,ES,Towers with Radar,826,192,88,13,1119,0,2,131,8,141,826,194,219,21,1260,0,0,0,1260
01/24/2002,MIA,FL,ASO,ES,Towers with Radar,862,195,78,8,1143,0,5,128,9,142,862,200,206,17,1285,0,0,0,1285
01/25/2002,MIA,FL,ASO,ES,Towers with Radar,866,204,81,15,1166,0,8,120,3,131,866,212,201,18,1297,0,0,0,1297
01/26/2002,MIA,FL,ASO,ES,Towers with Radar,872,145,56,7,1080,0,4,130,1,135,872,149,186,8,1215,0,0,0,1215
01/27/2002,MIA,FL,ASO,ES,Towers with Radar,842,158,46,15,1061,0,3,95,4,102,842,161,141,19,1163,0,0,0,1163
01/28/2002,MIA,FL,ASO,ES,Towers with Radar,838,169,82,8,1097,0,4,84,3,91,838,173,166,11,1188,0,0,0,1188
01/29/2002,MIA,FL,ASO,ES,Towers with Radar,854,182,76,10,1122,1,3,118,6,128,855,185,194,16,1250,0,0,0,1250
01/30/2002,MIA,FL,ASO,ES,Towers with Radar,842,189,90,6,1127,1,6,116,6,129,843,195,206,12,1256,0,0,0,1256
01/31/2002,MIA,FL,ASO,ES,Towers with Radar,859,209,84,12,1164,1,9,128,4,142,860,218,212,16,1306,0,0,0,1306
02/01/2002,MIA,FL,ASO,ES,Towers with Radar,905,191,79,11,1186,2,3,93,6,104,907,194,172,17,1290,0,0,0,1290
02/02/2002,MIA,FL,ASO,ES,Towers with Radar,932,155,56,4,1147,1,8,104,1,114,933,163,160,5,1261,0,0,0,1261
02/03/2002,MIA,FL,ASO,ES,Towers with Radar,890,159,73,11,1133,0,6,123,3,132,890,165,196,14,1265,0,0,0,1265
02/04/2002,MIA,FL,ASO,ES,Towers with Radar,891,200,78,10,1179,0,4,103,3,110,891,204,181,13,1289,0,0,0,1289
02/05/2002,MIA,FL,ASO,ES,Towers with Radar,862,193,82,12,1149,0,3,112,3,118,862,196,194,15,1267,0,0,0,1267
02/06/2002,MIA,FL,ASO,ES,Towers with Radar,857,213,85,12,1167,1,5,103,4,113,858,218,188,16,1280,0,0,0,1280
02/07/2002,MIA,FL,ASO,ES,Towers with Radar,887,231,75,16,1209,3,9,88,2,102,890,240,163,18,1311,0,0,0,1311
02/08/2002,MIA,FL,ASO,ES,Towers with Radar,905,205,107,13,1230,3,4,114,7,128,908,209,221,20,1358,0,0,0,1358
02/09/2002,MIA,FL,ASO,ES,Towers with Radar,876,165,72,8,1121,0,4,58,2,64,876,169,130,10,1185,0,0,0,1185
02/10/2002,MIA,FL,ASO,ES,Towers with Radar,855,173,74,13,1115,1,7,65,2,75,856,180,139,15,1190,0,0,0,1190
02/11/2002,MIA,FL,ASO,ES,Towers with Radar,832,218,80,4,1134,2,5,69,7,83,834,223,149,11,1217,0,0,0,1217
02/12/2002,MIA,FL,ASO,ES,Towers with Radar,833,214,85,6,1138,8,9,119,6,142,841,223,204,12,1280,0,0,0,1280
02/13/2002,MIA,FL,ASO,ES,Towers with Radar,850,211,113,13,1187,1,2,118,4,125,851,213,231,17,1312,0,0,0,1312
02/14/2002,MIA,FL,ASO,ES,Towers with Radar,860,224,153,18,1255,1,15,95,4,115,861,239,248,22,1370,0,0,0,1370
02/15/2002,MIA,FL,ASO,ES,Towers with Radar,906,229,123,7,1265,1,7,136,1,145,907,236,259,8,1410,0,0,0,1410
02/16/2002,MIA,FL,ASO,ES,Towers with Radar,907,184,99,7,1197,0,3,77,1,81,907,187,176,8,1278,0,0,0,1278
02/17/2002,MIA,FL,ASO,ES,Towers with Radar,882,169,127,7,1185,1,5,147,2,155,883,174,274,9,1340,0,0,0,1340
02/18/2002,MIA,FL,ASO,ES,Towers with Radar,853,208,91,3,1155,0,0,0,0,0,853,208,91,3,1155,0,0,0,1155
02/19/2002,MIA,FL,ASO,ES,Towers with Radar,770,175,98,6,1049,11,6,94,5,116,781,181,192,11,1165,0,0,0,1165
02/20/2002,MIA,FL,ASO,ES,Towers with Radar,843,207,96,18,1164,2,4,128,7,141,845,211,224,25,1305,0,0,0,1305
02/21/2002,MIA,FL,ASO,ES,Towers with Radar,882,207,83,16,1188,1,8,113,10,132,883,215,196,26,1320,0,0,0,1320
02/22/2002,MIA,FL,ASO,ES,Towers with Radar,879,205,87,16,1187,0,3,93,7,103,879,208,180,23,1290,0,0,0,1290
02/23/2002,MIA,FL,ASO,ES,Towers with Radar,915,151,56,9,1131,0,4,27,2,33,915,155,83,11,1164,0,0,0,1164
02/24/2002,MIA,FL,ASO,ES,Towers with Radar,861,192,95,6,1154,2,1,125,6,134,863,193,220,12,1288,0,0,0,1288
02/25/2002,MIA,FL,ASO,ES,Towers with Radar,832,206,86,6,1130,1,7,120,5,133,833,213,206,11,1263,0,0,0,1263
02/26/2002,MIA,FL,ASO,ES,Towers with Radar,817,236,99,13,1165,4,4,131,10,149,821,240,230,23,1314,0,0,0,1314
02/27/2002,MIA,FL,ASO,ES,Towers with Radar,838,227,77,9,1151,1,7,121,9,138,839,234,198,18,1289,0,0,0,1289
02/28/2002,MIA,FL,ASO,ES,Towers with Radar,857,224,86,11,1178,2,15,124,5,146,859,239,210,16,1324,0,0,0,1324
03/01/2002,MIA,FL,ASO,ES,Towers with Radar,872,198,90,10,1170,0,26,126,1,153,872,224,216,11,1323,0,0,0,1323
03/02/2002,MIA,FL,ASO,ES,Towers with Radar,856,164,54,11,1085,6,0,122,1,129,862,164,176,12,1214,0,0,0,1214
03/03/2002,MIA,FL,ASO,ES,Towers with Radar,858,176,85,12,1131,1,0,0,0,1,859,176,85,12,1132,0,0,0,1132
03/04/2002,MIA,FL,ASO,ES,Towers with Radar,840,210,76,9,1135,3,1,58,1,63,843,211,134,10,1198,0,0,0,1198
03/05/2002,MIA,FL,ASO,ES,Towers with Radar,840,230,102,11,1183,7,7,94,8,116,847,237,196,19,1299,0,0,0,1299
03/06/2002,MIA,FL,ASO,ES,Towers with Radar,858,196,79,5,1138,1,2,42,1,46,859,198,121,6,1184,0,0,0,1184
03/07/2002,MIA,FL,ASO,ES,Towers with Radar,868,212,93,10,1183,2,3,52,2,59,870,215,145,12,1242,0,0,0,1242
03/08/2002,MIA,FL,ASO,ES,Towers with Radar,894,217,92,10,1213,4,1,113,6,124,898,218,205,16,1337,0,0,0,1337
03/09/2002,MIA,FL,ASO,ES,Towers with Radar,891,169,66,11,1137,1,5,144,4,154,892,174,210,15,1291,0,0,0,1291
03/10/2002,MIA,FL,ASO,ES,Towers with Radar,884,152,96,7,1139,6,6,109,4,125,890,158,205,11,1264,0,0,0,1264
03/11/2002,MIA,FL,ASO,ES,Towers with Radar,842,197,69,7,1115,4,5,110,10,129,846,202,179,17,1244,0,0,0,1244
03/12/2002,MIA,FL,ASO,ES,Towers with Radar,858,217,77,16,1168,1,3,134,10,148,859,220,211,26,1316,0,0,0,1316
03/13/2002,MIA,FL,ASO,ES,Towers with Radar,863,190,83,7,1143,3,2,112,8,125,866,192,195,15,1268,0,0,0,1268
03/14/2002,MIA,FL,ASO,ES,Towers with Radar,807,208,80,6,1101,1,0,0,0,1,808,208,80,6,1102,0,0,0,1102
03/15/2002,MIA,FL,ASO,ES,Towers with Radar,891,202,79,13,1185,2,8,128,8,146,893,210,207,21,1331,0,0,0,1331
03/16/2002,MIA,FL,ASO,ES,Towers with Radar,896,162,79,11,1148,1,4,121,1,127,897,166,200,12,1275,0,0,0,1275
03/17/2002,MIA,FL,ASO,ES,Towers with Radar,856,167,87,8,1118,0,0,115,5,120,856,167,202,13,1238,0,0,0,1238
03/18/2002,MIA,FL,ASO,ES,Towers with Radar,836,201,84,5,1126,3,93,100,6,202,839,294,184,11,1328,0,0,0,1328
03/19/2002,MIA,FL,ASO,ES,Towers with Radar,821,189,71,11,1092,3,6,118,8,135,824,195,189,19,1227,0,0,0,1227
03/20/2002,MIA,FL,ASO,ES,Towers with Radar,859,216,70,13,1158,2,7,109,6,124,861,223,179,19,1282,0,0,0,1282
03/21/2002,MIA,FL,ASO,ES,Towers with Radar,892,215,83,10,1200,5,7,154,3,169,897,222,237,13,1369,0,0,0,1369
03/22/2002,MIA,FL,ASO,ES,Towers with Radar,909,230,125,6,1270,1,5,86,7,99,910,235,211,13,1369,0,0,0,1369
03/23/2002,MIA,FL,ASO,ES,Towers with Radar,919,172,105,10,1206,2,5,152,8,167,921,177,257,18,1373,0,0,0,1373
03/24/2002,MIA,FL,ASO,ES,Towers with Radar,874,167,76,9,1126,3,5,107,3,118,877,172,183,12,1244,0,0,0,1244
03/25/2002,MIA,FL,ASO,ES,Towers with Radar,814,196,90,3,1103,1,7,97,6,111,815,203,187,9,1214,0,0,0,1214
03/26/2002,MIA,FL,ASO,ES,Towers with Radar,841,205,78,25,1149,1,6,114,7,128,842,211,192,32,1277,0,0,0,1277
03/27/2002,MIA,FL,ASO,ES,Towers with Radar,905,217,108,8,1238,2,9,126,5,142,907,226,234,13,1380,0,0,0,1380
03/28/2002,MIA,FL,ASO,ES,Towers with Radar,840,199,124,16,1179,1,3,142,4,150,841,202,266,20,1329,0,0,0,1329
03/29/2002,MIA,FL,ASO,ES,Towers with Radar,860,167,93,12,1132,3,9,152,3,167,863,176,245,15,1299,0,0,0,1299
03/30/2002,MIA,FL,ASO,ES,Towers with Radar,865,159,100,8,1132,0,1,149,4,154,865,160,249,12,1286,0,0,0,1286
03/31/2002,MIA,FL,ASO,ES,Towers with Radar,876,161,89,10,1136,2,0,119,0,121,878,161,208,10,1257,0,0,0,1257
04/01/2002,MIA,FL,ASO,ES,Towers with Radar,836,179,83,12,1110,0,0,138,2,140,836,179,221,14,1250,0,0,0,1250
04/02/2002,MIA,FL,ASO,ES,Towers with Radar,882,187,54,9,1132,8,1,120,0,129,890,188,174,9,1261,0,0,0,1261
04/03/2002,MIA,FL,ASO,ES,Towers with Radar,880,199,85,8,1172,8,3,100,1,112,888,202,185,9,1284,0,0,0,1284
04/04/2002,MIA,FL,ASO,ES,Towers with Radar,882,194,92,7,1175,9,4,147,2,162,891,198,239,9,1337,0,0,0,1337
04/05/2002,MIA,FL,ASO,ES,Towers with Radar,887,199,93,13,1192,8,3,133,5,149,895,202,226,18,1341,0,0,0,1341
04/06/2002,MIA,FL,ASO,ES,Towers with Radar,888,164,55,8,1115,8,9,118,1,136,896,173,173,9,1251,0,0,0,1251
04/07/2002,MIA,FL,ASO,ES,Towers with Radar,863,182,83,23,1151,9,3,104,3,119,872,185,187,26,1270,0,0,0,1270
04/08/2002,MIA,FL,ASO,ES,Towers with Radar,820,179,69,4,1072,6,2,68,4,80,826,181,137,8,1152,0,0,0,1152
04/09/2002,MIA,FL,ASO,ES,Towers with Radar,814,219,77,17,1127,6,9,97,6,118,820,228,174,23,1245,0,0,0,1245
04/10/2002,MIA,FL,ASO,ES,Towers with Radar,849,192,83,11,1135,9,6,110,7,132,858,198,193,18,1267,0,0,0,1267
04/11/2002,MIA,FL,ASO,ES,Towers with Radar,848,212,122,16,1198,8,2,109,4,123,856,214,231,20,1321,0,0,0,1321
04/12/2002,MIA,FL,ASO,ES,Towers with Radar,853,214,90,12,1169,0,21,111,4,136,853,235,201,16,1305,0,0,0,1305
04/13/2002,MIA,FL,ASO,ES,Towers with Radar,869,168,90,9,1136,0,0,80,0,80,869,168,170,9,1216,0,0,0,1216
04/14/2002,MIA,FL,ASO,ES,Towers with Radar,812,177,57,5,1051,7,7,75,2,91,819,184,132,7,1142,0,0,0,1142
04/15/2002,MIA,FL,ASO,ES,Towers with Radar,802,202,64,15,1083,9,6,99,5,119,811,208,163,20,1202,0,0,0,1202
04/16/2002,MIA,FL,ASO,ES,Towers with Radar,836,195,66,16,1113,10,6,86,4,106,846,201,152,20,1219,0,0,0,1219
04/17/2002,MIA,FL,ASO,ES,Towers with Radar,854,196,77,16,1143,6,7,118,7,138,860,203,195,23,1281,0,0,0,1281
04/18/2002,MIA,FL,ASO,ES,Towers with Radar,860,214,81,3,1158,6,0,0,0,6,866,214,81,3,1164,0,0,0,1164
04/19/2002,MIA,FL,ASO,ES,Towers with Radar,847,226,82,10,1165,7,6,118,6,137,854,232,200,16,1302,0,0,0,1302
04/20/2002,MIA,FL,ASO,ES,Towers with Radar,852,168,79,4,1103,6,2,120,1,129,858,170,199,5,1232,0,0,0,1232
04/21/2002,MIA,FL,ASO,ES,Towers with Radar,831,189,71,10,1101,7,3,107,3,120,838,192,178,13,1221,0,0,0,1221
04/22/2002,MIA,FL,ASO,ES,Towers with Radar,773,204,71,14,1062,7,0,100,5,112,780,204,171,19,1174,0,0,0,1174
04/23/2002,MIA,FL,ASO,ES,Towers with Radar,840,207,92,8,1147,6,6,108,8,128,846,213,200,16,1275,0,0,0,1275
04/24/2002,MIA,FL,ASO,ES,Towers with Radar,843,202,69,11,1125,10,2,109,4,125,853,204,178,15,1250,0,0,0,1250
04/25/2002,MIA,FL,ASO,ES,Towers with Radar,860,229,96,12,1197,6,6,121,2,135,866,235,217,14,1332,0,0,0,1332
04/26/2002,MIA,FL,ASO,ES,Towers with Radar,872,227,75,8,1182,6,0,103,7,116,878,227,178,15,1298,0,0,0,1298
04/27/2002,MIA,FL,ASO,ES,Towers with Radar,867,165,53,12,1097,7,2,104,2,115,874,167,157,14,1212,0,0,0,1212
04/28/2002,MIA,FL,ASO,ES,Towers with Radar,826,181,56,7,1070,7,4,99,4,114,833,185,155,11,1184,0,0,0,1184
04/29/2002,MIA,FL,ASO,ES,Towers with Radar,826,204,87,11,1128,0,1,62,6,69,826,205,149,17,1197,0,0,0,1197
04/30/2002,MIA,FL,ASO,ES,Towers with Radar,874,205,182,15,1276,6,0,39,2,47,880,205,221,17,1323,0,0,0,1323
05/01/2002,MIA,FL,ASO,ES,Towers with Radar,844,194,199,18,1255,0,2,45,0,47,844,196,244,18,1302,0,0,0,1302
05/02/2002,MIA,FL,ASO,ES,Towers with Radar,847,223,204,8,1282,0,1,36,0,37,847,224,240,8,1319,0,0,0,1319
05/03/2002,MIA,FL,ASO,ES,Towers with Radar,887,205,219,14,1325,0,1,30,1,32,887,206,249,15,1357,0,0,0,1357
05/04/2002,MIA,FL,ASO,ES,Towers with Radar,851,177,116,17,1161,0,1,30,0,31,851,178,146,17,1192,0,0,0,1192
05/05/2002,MIA,FL,ASO,ES,Towers with Radar,824,182,153,19,1178,0,1,45,0,46,824,183,198,19,1224,0,0,0,1224
05/06/2002,MIA,FL,ASO,ES,Towers with Radar,807,213,148,21,1189,0,0,36,1,37,807,213,184,22,1226,0,0,0,1226
05/07/2002,MIA,FL,ASO,ES,Towers with Radar,824,215,186,11,1236,0,0,33,2,35,824,215,219,13,1271,0,0,0,1271
05/08/2002,MIA,FL,ASO,ES,Towers with Radar,838,197,178,15,1228,0,0,30,0,30,838,197,208,15,1258,0,0,0,1258
05/09/2002,MIA,FL,ASO,ES,Towers with Radar,841,220,203,14,1278,0,0,36,0,36,841,220,239,14,1314,0,0,0,1314
05/10/2002,MIA,FL,ASO,ES,Towers with Radar,865,235,206,13,1319,0,0,26,0,26,865,235,232,13,1345,0,0,0,1345
05/11/2002,MIA,FL,ASO,ES,Towers with Radar,834,174,160,7,1175,0,0,41,0,41,834,174,201,7,1216,0,0,0,1216
05/12/2002,MIA,FL,ASO,ES,Towers with Radar,794,174,134,10,1112,0,0,25,0,25,794,174,159,10,1137,0,0,0,1137
05/13/2002,MIA,FL,ASO,ES,Towers with Radar,789,200,139,9,1137,0,0,28,0,28,789,200,167,9,1165,0,0,0,1165
05/14/2002,MIA,FL,ASO,ES,Towers with Radar,831,211,173,16,1231,0,0,28,1,29,831,211,201,17,1260,0,0,0,1260
05/15/2002,MIA,FL,ASO,ES,Towers with Radar,833,190,123,11,1157,0,1,33,0,34,833,191,156,11,1191,0,0,0,1191
05/16/2002,MIA,FL,ASO,ES,Towers with Radar,850,191,137,7,1185,0,1,42,1,44,850,192,179,8,1229,0,0,0,1229
05/17/2002,MIA,FL,ASO,ES,Towers with Radar,823,194,154,11,1182,23,38,70,5,136,846,232,224,16,1318,0,0,0,1318
05/18/2002,MIA,FL,ASO,ES,Towers with Radar,832,171,120,12,1135,1,0,31,1,33,833,171,151,13,1168,0,0,0,1168
05/19/2002,MIA,FL,ASO,ES,Towers with Radar,803,167,67,5,1042,0,0,11,1,12,803,167,78,6,1054,0,0,0,1054
05/20/2002,MIA,FL,ASO,ES,Towers with Radar,802,201,158,20,1181,0,0,24,2,26,802,201,182,22,1207,0,0,0,1207
05/21/2002,MIA,FL,ASO,ES,Towers with Radar,834,198,151,8,1191,0,0,29,2,31,834,198,180,10,1222,0,0,0,1222
05/22/2002,MIA,FL,ASO,ES,Towers with Radar,806,185,150,6,1147,0,1,28,1,30,806,186,178,7,1177,0,0,0,1177
05/23/2002,MIA,FL,ASO,ES,Towers with Radar,822,197,159,11,1189,0,0,32,0,32,822,197,191,11,1221,0,0,0,1221
05/24/2002,MIA,FL,ASO,ES,Towers with Radar,864,207,177,14,1262,0,0,26,0,26,864,207,203,14,1288,0,0,0,1288
05/25/2002,MIA,FL,ASO,ES,Towers with Radar,799,176,150,5,1130,0,0,24,0,24,799,176,174,5,1154,0,0,0,1154
05/26/2002,MIA,FL,ASO,ES,Towers with Radar,760,147,99,6,1012,0,0,27,0,27,760,147,126,6,1039,0,0,0,1039
05/27/2002,MIA,FL,ASO,ES,Towers with Radar,767,194,146,14,1121,1,0,24,0,25,768,194,170,14,1146,0,0,0,1146
05/28/2002,MIA,FL,ASO,ES,Towers with Radar,796,187,136,11,1130,0,0,22,0,22,796,187,158,11,1152,0,0,0,1152
05/29/2002,MIA,FL,ASO,ES,Towers with Radar,849,194,177,10,1230,0,0,54,1,55,849,194,231,11,1285,0,0,0,1285
05/30/2002,MIA,FL,ASO,ES,Towers with Radar,827,198,139,17,1181,0,0,28,0,28,827,198,167,17,1209,0,0,0,1209
05/31/2002,MIA,FL,ASO,ES,Towers with Radar,845,210,159,8,1222,0,0,27,0,27,845,210,186,8,1249,0,0,0,1249
06/01/2002,MIA,FL,ASO,ES,Towers with Radar,829,165,140,10,1144,0,0,33,0,33,829,165,173,10,1177,0,0,0,1177
06/02/2002,MIA,FL,ASO,ES,Towers with Radar,783,159,143,16,1101,0,0,28,0,28,783,159,171,16,1129,0,0,0,1129
06/03/2002,MIA,FL,ASO,ES,Towers with Radar,773,208,159,10,1150,0,0,32,0,32,773,208,191,10,1182,0,0,0,1182
06/04/2002,MIA,FL,ASO,ES,Towers with Radar,814,221,148,16,1199,0,0,30,0,30,814,221,178,16,1229,0,0,0,1229
06/05/2002,MIA,FL,ASO,ES,Towers with Radar,833,219,154,9,1215,2,0,32,0,34,835,219,186,9,1249,0,0,0,1249
06/06/2002,MIA,FL,ASO,ES,Towers with Radar,800,205,186,10,1201,1,0,46,0,47,801,205,232,10,1248,0,0,0,1248
06/07/2002,MIA,FL,ASO,ES,Towers with Radar,816,201,144,9,1170,0,0,36,0,36,816,201,180,9,1206,0,0,0,1206
06/08/2002,MIA,FL,ASO,ES,Towers with Radar,808,160,109,3,1080,0,0,32,0,32,808,160,141,3,1112,0,0,0,1112
06/09/2002,MIA,FL,ASO,ES,Towers with Radar,808,150,132,6,1096,0,0,46,0,46,808,150,178,6,1142,0,0,0,1142
06/10/2002,MIA,FL,ASO,ES,Towers with Radar,774,195,147,10,1126,0,0,36,0,36,774,195,183,10,1162,0,0,0,1162
06/11/2002,MIA,FL,ASO,ES,Towers with Radar,808,217,120,14,1159,1,1,25,0,27,809,218,145,14,1186,0,0,0,1186
06/12/2002,MIA,FL,ASO,ES,Towers with Radar,809,195,118,13,1135,0,0,24,0,24,809,195,142,13,1159,0,0,0,1159
06/13/2002,MIA,FL,ASO,ES,Towers with Radar,803,208,109,4,1124,2,0,25,0,27,805,208,134,4,1151,0,0,0,1151
06/14/2002,MIA,FL,ASO,ES,Towers with Radar,809,201,109,15,1134,0,0,25,0,25,809,201,134,15,1159,0,0,0,1159
06/15/2002,MIA,FL,ASO,ES,Towers with Radar,828,154,31,5,1018,0,0,15,0,15,828,154,46,5,1033,0,0,0,1033
06/16/2002,MIA,FL,ASO,ES,Towers with Radar,808,158,89,8,1063,0,0,33,0,33,808,158,122,8,1096,0,0,0,1096
06/17/2002,MIA,FL,ASO,ES,Towers with Radar,789,175,134,7,1105,0,0,14,0,14,789,175,148,7,1119,0,0,0,1119
06/18/2002,MIA,FL,ASO,ES,Towers with Radar,840,216,129,16,1201,0,0,23,0,23,840,216,152,16,1224,0,0,0,1224
06/19/2002,MIA,FL,ASO,ES,Towers with Radar,847,203,144,12,1206,0,0,18,0,18,847,203,162,12,1224,0,0,0,1224
06/20/2002,MIA,FL,ASO,ES,Towers with Radar,859,220,99,13,1191,0,0,24,0,24,859,220,123,13,1215,0,0,0,1215
06/21/2002,MIA,FL,ASO,ES,Towers with Radar,888,219,84,11,1202,0,0,17,0,17,888,219,101,11,1219,0,0,0,1219
06/22/2002,MIA,FL,ASO,ES,Towers with Radar,884,167,80,1,1132,0,0,14,0,14,884,167,94,1,1146,0,0,0,1146
06/23/2002,MIA,FL,ASO,ES,Towers with Radar,839,175,88,8,1110,0,0,27,0,27,839,175,115,8,1137,0,0,0,1137
06/24/2002,MIA,FL,ASO,ES,Towers with Radar,808,205,109,10,1132,0,0,22,0,22,808,205,131,10,1154,0,0,0,1154
06/25/2002,MIA,FL,ASO,ES,Towers with Radar,852,205,120,13,1190,0,0,27,0,27,852,205,147,13,1217,0,0,0,1217
06/26/2002,MIA,FL,ASO,ES,Towers with Radar,864,189,126,6,1185,0,0,30,0,30,864,189,156,6,1215,0,0,0,1215
06/27/2002,MIA,FL,ASO,ES,Towers with Radar,866,215,152,11,1244,0,0,28,0,28,866,215,180,11,1272,0,0,0,1272
06/28/2002,MIA,FL,ASO,ES,Towers with Radar,886,205,155,13,1259,0,0,33,0,33,886,205,188,13,1292,0,0,0,1292
06/29/2002,MIA,FL,ASO,ES,Towers with Radar,880,164,162,11,1217,0,0,24,0,24,880,164,186,11,1241,0,0,0,1241
06/30/2002,MIA,FL,ASO,ES,Towers with Radar,847,165,91,10,1113,0,0,16,0,16,847,165,107,10,1129,0,0,0,1129
07/01/2002,MIA,FL,ASO,ES,Towers with Radar,832,191,90,14,1127,0,0,33,0,33,832,191,123,14,1160,0,0,0,1160
07/02/2002,MIA,FL,ASO,ES,Towers with Radar,837,197,146,12,1192,0,0,31,0,31,837,197,177,12,1223,0,0,0,1223
07/03/2002,MIA,FL,ASO,ES,Towers with Radar,881,203,125,13,1222,0,0,31,0,31,881,203,156,13,1253,0,0,0,1253
07/04/2002,MIA,FL,ASO,ES,Towers with Radar,811,169,95,6,1081,3,84,0,0,87,814,253,95,6,1168,0,0,0,1168
07/05/2002,MIA,FL,ASO,ES,Towers with Radar,856,169,114,12,1151,0,0,19,0,19,856,169,133,12,1170,0,0,0,1170
07/06/2002,MIA,FL,ASO,ES,Towers with Radar,812,164,125,6,1107,73,0,3,0,76,885,164,128,6,1183,0,0,0,1183
07/07/2002,MIA,FL,ASO,ES,Towers with Radar,858,167,131,6,1162,0,0,17,0,17,858,167,148,6,1179,0,0,0,1179
07/08/2002,MIA,FL,ASO,ES,Towers with Radar,833,195,98,7,1133,0,0,16,0,16,833,195,114,7,1149,0,0,0,1149
07/09/2002,MIA,FL,ASO,ES,Towers with Radar,857,222,103,6,1188,0,0,24,0,24,857,222,127,6,1212,0,0,0,1212
07/10/2002,MIA,FL,ASO,ES,Towers with Radar,867,171,127,15,1180,0,1,24,0,25,867,172,151,15,1205,0,0,0,1205
07/11/2002,MIA,FL,ASO,ES,Towers with Radar,888,195,153,13,1249,0,0,39,0,39,888,195,192,13,1288,0,0,0,1288
07/12/2002,MIA,FL,ASO,ES,Towers with Radar,890,192,114,21,1217,0,0,55,0,55,890,192,169,21,1272,0,0,0,1272
07/13/2002,MIA,FL,ASO,ES,Towers with Radar,906,161,134,13,1214,0,0,29,0,29,906,161,163,13,1243,0,0,0,1243
07/14/2002,MIA,FL,ASO,ES,Towers with Radar,873,161,125,9,1168,0,0,30,0,30,873,161,155,9,1198,0,0,0,1198
07/15/2002,MIA,FL,ASO,ES,Towers with Radar,837,171,136,11,1155,1,0,27,0,28,838,171,163,11,1183,0,0,0,1183
07/16/2002,MIA,FL,ASO,ES,Towers with Radar,893,179,139,13,1224,0,0,36,0,36,893,179,175,13,1260,0,0,0,1260
07/17/2002,MIA,FL,ASO,ES,Towers with Radar,881,176,175,10,1242,0,0,31,0,31,881,176,206,10,1273,0,0,0,1273
07/18/2002,MIA,FL,ASO,ES,Towers with Radar,879,180,148,4,1211,0,0,53,0,53,879,180,201,4,1264,0,0,0,1264
07/19/2002,MIA,FL,ASO,ES,Towers with Radar,916,176,169,18,1279,0,0,43,0,43,916,176,212,18,1322,0,0,0,1322
07/20/2002,MIA,FL,ASO,ES,Towers with Radar,921,144,153,13,1231,0,0,40,0,40,921,144,193,13,1271,0,0,0,1271
07/21/2002,MIA,FL,ASO,ES,Towers with Radar,878,147,134,11,1170,0,1,30,0,31,878,148,164,11,1201,0,0,0,1201
07/22/2002,MIA,FL,ASO,ES,Towers with Radar,845,176,159,18,1198,0,0,28,0,28,845,176,187,18,1226,0,0,0,1226
07/23/2002,MIA,FL,ASO,ES,Towers with Radar,866,183,161,20,1230,0,0,30,0,30,866,183,191,20,1260,0,0,0,1260
07/24/2002,MIA,FL,ASO,ES,Towers with Radar,885,180,145,11,1221,0,0,42,0,42,885,180,187,11,1263,0,0,0,1263
07/25/2002,MIA,FL,ASO,ES,Towers with Radar,883,192,143,12,1230,0,20,57,2,79,883,212,200,14,1309,0,0,0,1309
07/26/2002,MIA,FL,ASO,ES,Towers with Radar,908,182,175,7,1272,0,0,25,0,25,908,182,200,7,1297,0,0,0,1297
07/27/2002,MIA,FL,ASO,ES,Towers with Radar,889,161,156,7,1213,0,0,26,0,26,889,161,182,7,1239,0,0,0,1239
07/28/2002,MIA,FL,ASO,ES,Towers with Radar,894,240,37,6,1177,0,0,0,0,0,894,240,37,6,1177,0,0,0,1177
07/29/2002,MIA,FL,ASO,ES,Towers with Radar,830,185,141,17,1173,0,0,27,0,27,830,185,168,17,1200,0,0,0,1200
07/30/2002,MIA,FL,ASO,ES,Towers with Radar,878,193,151,14,1236,0,0,27,0,27,878,193,178,14,1263,0,0,0,1263
07/31/2002,MIA,FL,ASO,ES,Towers with Radar,879,187,153,3,1222,0,0,35,0,35,879,187,188,3,1257,0,0,0,1257
08/01/2002,MIA,FL,ASO,ES,Towers with Radar,881,187,159,5,1232,0,0,41,0,41,881,187,200,5,1273,0,0,0,1273
08/02/2002,MIA,FL,ASO,ES,Towers with Radar,915,180,146,10,1251,0,0,22,0,22,915,180,168,10,1273,0,0,0,1273
08/03/2002,MIA,FL,ASO,ES,Towers with Radar,894,165,120,4,1183,0,0,29,0,29,894,165,149,4,1212,0,0,0,1212
08/04/2002,MIA,FL,ASO,ES,Towers with Radar,878,152,137,7,1174,0,0,36,0,36,878,152,173,7,1210,0,0,0,1210
08/05/2002,MIA,FL,ASO,ES,Towers with Radar,850,159,128,5,1142,0,0,23,0,23,850,159,151,5,1165,0,0,0,1165
08/06/2002,MIA,FL,ASO,ES,Towers with Radar,868,186,155,0,1209,0,0,31,0,31,868,186,186,0,1240,0,0,0,1240
08/07/2002,MIA,FL,ASO,ES,Towers with Radar,866,189,139,13,1207,0,0,37,0,37,866,189,176,13,1244,0,0,0,1244
08/08/2002,MIA,FL,ASO,ES,Towers with Radar,860,192,174,17,1243,0,0,42,0,42,860,192,216,17,1285,0,0,0,1285
08/09/2002,MIA,FL,ASO,ES,Towers with Radar,909,185,145,6,1245,1,0,37,0,38,910,185,182,6,1283,0,0,0,1283
08/10/2002,MIA,FL,ASO,ES,Towers with Radar,901,151,101,8,1161,0,0,18,0,18,901,151,119,8,1179,0,0,0,1179
08/11/2002,MIA,FL,ASO,ES,Towers with Radar,864,138,96,5,1103,0,0,16,0,16,864,138,112,5,1119,0,0,0,1119
08/12/2002,MIA,FL,ASO,ES,Towers with Radar,839,166,128,10,1143,0,0,39,0,39,839,166,167,10,1182,0,0,0,1182
08/13/2002,MIA,FL,ASO,ES,Towers with Radar,807,160,147,12,1126,0,0,33,0,33,807,160,180,12,1159,0,0,0,1159
08/14/2002,MIA,FL,ASO,ES,Towers with Radar,863,174,131,34,1202,0,1,44,0,45,863,175,175,34,1247,0,0,0,1247
08/15/2002,MIA,FL,ASO,ES,Towers with Radar,888,178,162,9,1237,1,0,32,0,33,889,178,194,9,1270,0,0,0,1270
08/16/2002,MIA,FL,ASO,ES,Towers with Radar,901,186,137,7,1231,0,0,46,0,46,901,186,183,7,1277,0,0,0,1277
08/17/2002,MIA,FL,ASO,ES,Towers with Radar,896,149,141,8,1194,1,0,37,0,38,897,149,178,8,1232,0,0,0,1232
08/18/2002,MIA,FL,ASO,ES,Towers with Radar,871,139,102,8,1120,1,0,32,0,33,872,139,134,8,1153,0,0,0,1153
08/19/2002,MIA,FL,ASO,ES,Towers with Radar,846,176,138,11,1171,0,0,31,0,31,846,176,169,11,1202,0,0,0,1202
08/20/2002,MIA,FL,ASO,ES,Towers with Radar,869,176,114,10,1169,1,0,25,2,28,870,176,139,12,1197,0,0,0,1197
08/21/2002,MIA,FL,ASO,ES,Towers with Radar,876,175,140,12,1203,0,0,42,1,43,876,175,182,13,1246,0,0,0,1246
08/22/2002,MIA,FL,ASO,ES,Towers with Radar,880,199,133,16,1228,0,1,62,0,63,880,200,195,16,1291,0,0,0,1291
08/23/2002,MIA,FL,ASO,ES,Towers with Radar,884,180,134,9,1207,0,7,60,1,68,884,187,194,10,1275,0,0,0,1275
08/24/2002,MIA,FL,ASO,ES,Towers with Radar,886,147,137,13,1183,0,0,26,0,26,886,147,163,13,1209,0,0,0,1209
08/25/2002,MIA,FL,ASO,ES,Towers with Radar,887,149,120,13,1169,0,0,23,0,23,887,149,143,13,1192,0,0,0,1192
08/26/2002,MIA,FL,ASO,ES,Towers with Radar,841,175,113,6,1135,0,0,29,0,29,841,175,142,6,1164,0,0,0,1164
08/27/2002,MIA,FL,ASO,ES,Towers with Radar,872,167,118,18,1175,0,0,31,0,31,872,167,149,18,1206,0,0,0,1206
08/28/2002,MIA,FL,ASO,ES,Towers with Radar,880,179,132,14,1205,0,1,27,0,28,880,180,159,14,1233,0,0,0,1233
08/29/2002,MIA,FL,ASO,ES,Towers with Radar,886,192,169,13,1260,0,1,57,0,58,886,193,226,13,1318,0,0,0,1318
08/30/2002,MIA,FL,ASO,ES,Towers with Radar,917,180,125,7,1229,1,0,32,0,33,918,180,157,7,1262,0,0,0,1262
08/31/2002,MIA,FL,ASO,ES,Towers with Radar,872,150,88,8,1118,0,0,34,0,34,872,150,122,8,1152,0,0,0,1152
09/01/2002,MIA,FL,ASO,ES,Towers with Radar,843,126,85,6,1060,0,2,36,0,38,843,128,121,6,1098,0,0,0,1098
09/02/2002,MIA,FL,ASO,ES,Towers with Radar,829,178,93,6,1106,0,1,22,0,23,829,179,115,6,1129,0,0,0,1129
09/03/2002,MIA,FL,ASO,ES,Towers with Radar,824,158,116,6,1104,0,1,29,0,30,824,159,145,6,1134,0,0,0,1134
09/04/2002,MIA,FL,ASO,ES,Towers with Radar,852,167,108,8,1135,0,1,29,0,30,852,168,137,8,1165,0,0,0,1165
09/05/2002,MIA,FL,ASO,ES,Towers with Radar,851,158,90,11,1110,0,1,42,0,43,851,159,132,11,1153,0,0,0,1153
09/06/2002,MIA,FL,ASO,ES,Towers with Radar,857,164,121,17,1159,0,1,22,0,23,857,165,143,17,1182,0,0,0,1182
09/07/2002,MIA,FL,ASO,ES,Towers with Radar,762,124,119,5,1010,62,0,28,0,90,824,124,147,5,1100,0,0,0,1100
09/08/2002,MIA,FL,ASO,ES,Towers with Radar,815,122,121,5,1063,0,1,31,0,32,815,123,152,5,1095,0,0,0,1095
09/09/2002,MIA,FL,ASO,ES,Towers with Radar,792,148,171,7,1118,0,1,49,0,50,792,149,220,7,1168,0,0,0,1168
09/10/2002,MIA,FL,ASO,ES,Towers with Radar,808,145,148,13,1114,0,1,20,0,21,808,146,168,13,1135,0,0,0,1135
09/11/2002,MIA,FL,ASO,ES,Towers with Radar,767,147,100,8,1022,0,1,36,1,38,767,148,136,9,1060,0,0,0,1060
09/12/2002,MIA,FL,ASO,ES,Towers with Radar,823,144,123,2,1092,0,0,26,1,27,823,144,149,3,1119,0,0,0,1119
09/13/2002,MIA,FL,ASO,ES,Towers with Radar,860,166,146,8,1180,0,1,33,1,35,860,167,179,9,1215,0,0,0,1215
09/14/2002,MIA,FL,ASO,ES,Towers with Radar,830,136,137,6,1109,0,1,19,1,21,830,137,156,7,1130,0,0,0,1130
09/15/2002,MIA,FL,ASO,ES,Towers with Radar,795,124,125,7,1051,0,0,36,1,37,795,124,161,8,1088,0,0,0,1088
09/16/2002,MIA,FL,ASO,ES,Towers with Radar,790,162,156,16,1124,0,0,36,0,36,790,162,192,16,1160,0,0,0,1160
09/17/2002,MIA,FL,ASO,ES,Towers with Radar,823,151,142,24,1140,0,0,26,0,26,823,151,168,24,1166,0,0,0,1166
09/18/2002,MIA,FL,ASO,ES,Towers with Radar,829,135,176,15,1155,0,0,38,0,38,829,135,214,15,1193,0,0,0,1193
09/19/2002,MIA,FL,ASO,ES,Towers with Radar,828,154,134,12,1128,0,0,45,0,45,828,154,179,12,1173,0,0,0,1173
09/20/2002,MIA,FL,ASO,ES,Towers with Radar,872,147,155,16,1190,0,0,27,0,27,872,147,182,16,1217,0,0,0,1217
09/21/2002,MIA,FL,ASO,ES,Towers with Radar,786,118,128,4,1036,0,0,32,0,32,786,118,160,4,1068,0,0,0,1068
09/22/2002,MIA,FL,ASO,ES,Towers with Radar,816,131,106,5,1058,0,0,20,0,20,816,131,126,5,1078,0,0,0,1078
09/23/2002,MIA,FL,ASO,ES,Towers with Radar,800,136,88,14,1038,0,0,27,0,27,800,136,115,14,1065,0,0,0,1065
09/24/2002,MIA,FL,ASO,ES,Towers with Radar,836,137,143,9,1125,0,0,23,0,23,836,137,166,9,1148,0,0,0,1148
09/25/2002,MIA,FL,ASO,ES,Towers with Radar,830,159,114,8,1111,0,0,21,0,21,830,159,135,8,1132,0,0,0,1132
09/26/2002,MIA,FL,ASO,ES,Towers with Radar,834,179,181,11,1205,0,0,41,0,41,834,179,222,11,1246,0,0,0,1246
09/27/2002,MIA,FL,ASO,ES,Towers with Radar,851,166,148,8,1173,0,0,41,0,41,851,166,189,8,1214,0,0,0,1214
09/28/2002,MIA,FL,ASO,ES,Towers with Radar,829,122,154,12,1117,0,0,37,0,37,829,122,191,12,1154,0,0,0,1154
09/29/2002,MIA,FL,ASO,ES,Towers with Radar,811,129,136,9,1085,0,0,32,0,32,811,129,168,9,1117,0,0,0,1117
09/30/2002,MIA,FL,ASO,ES,Towers with Radar,798,151,127,14,1090,0,0,27,0,27,798,151,154,14,1117,0,0,0,1117
10/01/2002,MIA,FL,ASO,ES,Towers with Radar,807,162,107,14,1090,0,0,31,0,31,807,162,138,14,1121,0,0,0,1121
10/02/2002,MIA,FL,ASO,ES,Towers with Radar,837,145,138,3,1123,0,0,40,0,40,837,145,178,3,1163,0,0,0,1163
10/03/2002,MIA,FL,ASO,ES,Towers with Radar,850,153,172,17,1192,0,0,54,0,54,850,153,226,17,1246,0,0,0,1246
10/04/2002,MIA,FL,ASO,ES,Towers with Radar,873,148,157,17,1195,0,0,49,1,50,873,148,206,18,1245,0,0,0,1245
10/05/2002,MIA,FL,ASO,ES,Towers with Radar,847,111,115,7,1080,0,0,34,0,34,847,111,149,7,1114,0,0,0,1114
10/06/2002,MIA,FL,ASO,ES,Towers with Radar,833,115,165,7,1120,1,0,34,0,35,834,115,199,7,1155,0,0,0,1155
10/07/2002,MIA,FL,ASO,ES,Towers with Radar,807,138,133,7,1085,1,0,37,0,38,808,138,170,7,1123,0,0,0,1123
10/08/2002,MIA,FL,ASO,ES,Towers with Radar,846,134,148,10,1138,1,0,25,1,27,847,134,173,11,1165,0,0,0,1165
10/09/2002,MIA,FL,ASO,ES,Towers with Radar,839,145,167,23,1174,1,0,41,0,42,840,145,208,23,1216,0,0,0,1216
10/10/2002,MIA,FL,ASO,ES,Towers with Radar,870,160,150,11,1191,0,1,33,0,34,870,161,183,11,1225,0,0,0,1225
10/11/2002,MIA,FL,ASO,ES,Towers with Radar,890,145,133,11,1179,1,0,47,0,48,891,145,180,11,1227,0,0,0,1227
10/12/2002,MIA,FL,ASO,ES,Towers with Radar,841,114,115,6,1076,0,0,27,0,27,841,114,142,6,1103,0,0,0,1103
10/13/2002,MIA,FL,ASO,ES,Towers with Radar,838,128,120,4,1090,1,0,47,0,48,839,128,167,4,1138,0,0,0,1138
10/14/2002,MIA,FL,ASO,ES,Towers with Radar,818,132,129,10,1089,0,0,52,1,53,818,132,181,11,1142,0,0,0,1142
10/15/2002,MIA,FL,ASO,ES,Towers with Radar,831,131,103,17,1082,0,0,33,0,33,831,131,136,17,1115,0,0,0,1115
10/16/2002,MIA,FL,ASO,ES,Towers with Radar,841,135,97,9,1082,0,0,50,0,50,841,135,147,9,1132,0,0,0,1132
10/17/2002,MIA,FL,ASO,ES,Towers with Radar,867,170,149,10,1196,0,2,52,0,54,867,172,201,10,1250,0,0,0,1250
10/18/2002,MIA,FL,ASO,ES,Towers with Radar,885,142,176,15,1218,0,1,55,0,56,885,143,231,15,1274,0,0,0,1274
10/19/2002,MIA,FL,ASO,ES,Towers with Radar,843,107,129,9,1088,0,1,34,0,35,843,108,163,9,1123,0,0,0,1123
10/20/2002,MIA,FL,ASO,ES,Towers with Radar,788,121,131,2,1042,0,0,18,0,18,788,121,149,2,1060,0,0,0,1060
10/21/2002,MIA,FL,ASO,ES,Towers with Radar,819,129,115,10,1073,0,0,33,0,33,819,129,148,10,1106,0,0,0,1106
10/22/2002,MIA,FL,ASO,ES,Towers with Radar,867,121,153,12,1153,0,0,23,0,23,867,121,176,12,1176,0,0,0,1176
10/23/2002,MIA,FL,ASO,ES,Towers with Radar,855,131,167,15,1168,0,2,25,0,27,855,133,192,15,1195,0,0,0,1195
10/24/2002,MIA,FL,ASO,ES,Towers with Radar,877,152,187,10,1226,2,0,32,0,34,879,152,219,10,1260,0,0,0,1260
10/25/2002,MIA,FL,ASO,ES,Towers with Radar,871,155,212,18,1256,0,0,38,0,38,871,155,250,18,1294,0,0,0,1294
10/26/2002,MIA,FL,ASO,ES,Towers with Radar,846,104,132,17,1099,0,0,0,0,0,846,104,132,17,1099,0,0,0,1099
10/27/2002,MIA,FL,ASO,ES,Towers with Radar,794,138,148,16,1096,0,2,40,0,42,794,140,188,16,1138,0,0,0,1138
10/28/2002,MIA,FL,ASO,ES,Towers with Radar,849,149,150,14,1162,0,0,29,1,30,849,149,179,15,1192,0,0,0,1192
10/29/2002,MIA,FL,ASO,ES,Towers with Radar,872,131,149,13,1165,1,0,27,0,28,873,131,176,13,1193,0,0,0,1193
10/30/2002,MIA,FL,ASO,ES,Towers with Radar,863,143,165,18,1189,0,0,48,1,49,863,143,213,19,1238,0,0,0,1238
10/31/2002,MIA,FL,ASO,ES,Towers with Radar,868,147,183,10,1208,0,0,30,0,30,868,147,213,10,1238,0,0,0,1238
11/01/2002,MIA,FL,ASO,ES,Towers with Radar,889,171,159,7,1226,0,2,40,0,42,889,173,199,7,1268,0,0,0,1268
11/02/2002,MIA,FL,ASO,ES,Towers with Radar,850,125,131,7,1113,51,45,63,1,160,901,170,194,8,1273,0,0,0,1273
11/03/2002,MIA,FL,ASO,ES,Towers with Radar,832,117,155,13,1117,0,0,30,0,30,832,117,185,13,1147,0,0,0,1147
11/04/2002,MIA,FL,ASO,ES,Towers with Radar,808,149,151,19,1127,1,2,30,0,33,809,151,181,19,1160,0,0,0,1160
11/05/2002,MIA,FL,ASO,ES,Towers with Radar,844,164,172,6,1186,0,0,49,0,49,844,164,221,6,1235,0,0,0,1235
11/06/2002,MIA,FL,ASO,ES,Towers with Radar,861,167,147,12,1187,0,0,46,0,46,861,167,193,12,1233,0,0,0,1233
11/07/2002,MIA,FL,ASO,ES,Towers with Radar,878,157,195,17,1247,1,0,62,0,63,879,157,257,17,1310,0,0,0,1310
11/08/2002,MIA,FL,ASO,ES,Towers with Radar,914,150,150,13,1227,0,0,48,0,48,914,150,198,13,1275,0,0,0,1275
11/09/2002,MIA,FL,ASO,ES,Towers with Radar,871,111,136,7,1125,0,0,19,0,19,871,111,155,7,1144,0,0,0,1144
11/10/2002,MIA,FL,ASO,ES,Towers with Radar,831,123,147,4,1105,0,0,23,0,23,831,123,170,4,1128,0,0,0,1128
11/11/2002,MIA,FL,ASO,ES,Towers with Radar,830,152,157,5,1144,0,0,44,0,44,830,152,201,5,1188,0,0,0,1188
11/12/2002,MIA,FL,ASO,ES,Towers with Radar,860,140,170,9,1179,0,0,33,0,33,860,140,203,9,1212,0,0,0,1212
11/13/2002,MIA,FL,ASO,ES,Towers with Radar,881,155,160,10,1206,1,0,28,0,29,882,155,188,10,1235,0,0,0,1235
11/14/2002,MIA,FL,ASO,ES,Towers with Radar,865,169,222,18,1274,0,0,58,0,58,865,169,280,18,1332,0,0,0,1332
11/15/2002,MIA,FL,ASO,ES,Towers with Radar,896,181,217,15,1309,0,0,51,0,51,896,181,268,15,1360,0,0,0,1360
11/16/2002,MIA,FL,ASO,ES,Towers with Radar,814,103,88,4,1009,1,0,21,0,22,815,103,109,4,1031,0,0,0,1031
11/17/2002,MIA,FL,ASO,ES,Towers with Radar,895,120,162,8,1185,0,0,21,0,21,895,120,183,8,1206,0,0,0,1206
11/18/2002,MIA,FL,ASO,ES,Towers with Radar,846,140,160,11,1157,0,0,46,0,46,846,140,206,11,1203,0,0,0,1203
11/19/2002,MIA,FL,ASO,ES,Towers with Radar,868,167,155,14,1204,0,0,42,1,43,868,167,197,15,1247,0,0,0,1247
11/20/2002,MIA,FL,ASO,ES,Towers with Radar,887,153,132,11,1183,0,1,44,2,47,887,154,176,13,1230,0,0,0,1230
11/21/2002,MIA,FL,ASO,ES,Towers with Radar,882,173,139,9,1203,0,0,38,0,38,882,173,177,9,1241,0,0,0,1241
11/22/2002,MIA,FL,ASO,ES,Towers with Radar,901,178,163,6,1248,0,0,48,0,48,901,178,211,6,1296,0,0,0,1296
11/23/2002,MIA,FL,ASO,ES,Towers with Radar,864,123,173,7,1167,1,0,28,0,29,865,123,201,7,1196,0,0,0,1196
11/24/2002,MIA,FL,ASO,ES,Towers with Radar,859,127,156,11,1153,0,0,39,0,39,859,127,195,11,1192,0,0,0,1192
11/25/2002,MIA,FL,ASO,ES,Towers with Radar,776,136,123,9,1044,0,0,8,0,8,776,136,131,9,1052,0,0,0,1052
11/26/2002,MIA,FL,ASO,ES,Towers with Radar,890,158,179,11,1238,0,0,34,1,35,890,158,213,12,1273,0,0,0,1273
11/27/2002,MIA,FL,ASO,ES,Towers with Radar,911,161,194,12,1278,0,0,41,0,41,911,161,235,12,1319,0,0,0,1319
11/28/2002,MIA,FL,ASO,ES,Towers with Radar,826,126,69,4,1025,0,0,27,0,27,826,126,96,4,1052,0,0,0,1052
11/29/2002,MIA,FL,ASO,ES,Towers with Radar,852,128,140,5,1125,0,0,26,0,26,852,128,166,5,1151,0,0,0,1151
11/30/2002,MIA,FL,ASO,ES,Towers with Radar,873,122,134,10,1139,0,0,28,0,28,873,122,162,10,1167,0,0,0,1167
12/01/2002,MIA,FL,ASO,ES,Towers with Radar,874,163,166,19,1222,2,0,20,1,23,876,163,186,20,1245,0,0,0,1245
12/02/2002,MIA,FL,ASO,ES,Towers with Radar,852,165,155,13,1185,2,0,33,1,36,854,165,188,14,1221,0,0,0,1221
12/03/2002,MIA,FL,ASO,ES,Towers with Radar,911,150,184,16,1261,2,0,30,2,34,913,150,214,18,1295,0,0,0,1295
12/04/2002,MIA,FL,ASO,ES,Towers with Radar,891,160,159,12,1222,2,0,40,0,42,893,160,199,12,1264,0,0,0,1264
12/05/2002,MIA,FL,ASO,ES,Towers with Radar,853,171,156,14,1194,2,0,47,3,52,855,171,203,17,1246,0,0,0,1246
12/06/2002,MIA,FL,ASO,ES,Towers with Radar,912,163,155,11,1241,0,10,37,7,54,912,173,192,18,1295,0,0,0,1295
12/07/2002,MIA,FL,ASO,ES,Towers with Radar,785,120,138,5,1048,2,0,20,0,22,787,120,158,5,1070,0,0,0,1070
12/08/2002,MIA,FL,ASO,ES,Towers with Radar,860,133,128,4,1125,2,0,17,0,19,862,133,145,4,1144,0,0,0,1144
12/09/2002,MIA,FL,ASO,ES,Towers with Radar,846,157,79,5,1087,2,0,24,1,27,848,157,103,6,1114,0,0,0,1114
12/10/2002,MIA,FL,ASO,ES,Towers with Radar,896,151,134,8,1189,2,0,16,0,18,898,151,150,8,1207,0,0,0,1207
12/11/2002,MIA,FL,ASO,ES,Towers with Radar,915,171,144,5,1235,2,0,35,0,37,917,171,179,5,1272,0,0,0,1272
12/12/2002,MIA,FL,ASO,ES,Towers with Radar,906,152,140,11,1209,2,0,52,0,54,908,152,192,11,1263,0,0,0,1263
12/13/2002,MIA,FL,ASO,ES,Towers with Radar,928,155,91,16,1190,2,0,35,0,37,930,155,126,16,1227,0,0,0,1227
12/14/2002,MIA,FL,ASO,ES,Towers with Radar,925,100,134,4,1163,2,0,33,0,35,927,100,167,4,1198,0,0,0,1198
12/15/2002,MIA,FL,ASO,ES,Towers with Radar,891,124,142,12,1169,3,0,29,0,32,894,124,171,12,1201,0,0,0,1201
12/16/2002,MIA,FL,ASO,ES,Towers with Radar,895,146,168,20,1229,2,0,27,0,29,897,146,195,20,1258,0,0,0,1258
12/17/2002,MIA,FL,ASO,ES,Towers with Radar,889,157,188,20,1254,3,0,40,0,43,892,157,228,20,1297,0,0,0,1297
12/18/2002,MIA,FL,ASO,ES,Towers with Radar,963,165,146,11,1285,2,0,49,1,52,965,165,195,12,1337,0,0,0,1337
12/19/2002,MIA,FL,ASO,ES,Towers with Radar,970,151,185,8,1314,2,0,60,0,62,972,151,245,8,1376,0,0,0,1376
12/20/2002,MIA,FL,ASO,ES,Towers with Radar,968,181,150,10,1309,2,0,24,0,26,970,181,174,10,1335,0,0,0,1335
12/21/2002,MIA,FL,ASO,ES,Towers with Radar,1027,148,174,7,1356,2,0,26,0,28,1029,148,200,7,1384,0,0,0,1384
12/22/2002,MIA,FL,ASO,ES,Towers with Radar,941,135,151,11,1238,2,0,22,0,24,943,135,173,11,1262,0,0,0,1262
12/23/2002,MIA,FL,ASO,ES,Towers with Radar,910,171,142,10,1233,2,0,20,0,22,912,171,162,10,1255,0,0,0,1255
12/24/2002,MIA,FL,ASO,ES,Towers with Radar,875,138,81,8,1102,2,0,29,0,31,877,138,110,8,1133,0,0,0,1133
12/25/2002,MIA,FL,ASO,ES,Towers with Radar,773,103,25,3,904,2,0,28,0,30,775,103,53,3,934,0,0,0,934
12/26/2002,MIA,FL,ASO,ES,Towers with Radar,888,141,156,7,1192,2,0,34,0,36,890,141,190,7,1228,0,0,0,1228
12/27/2002,MIA,FL,ASO,ES,Towers with Radar,945,176,177,4,1302,1,2,22,0,25,946,178,199,4,1327,0,0,0,1327
12/28/2002,MIA,FL,ASO,ES,Towers with Radar,956,139,157,6,1258,1,0,26,0,27,957,139,183,6,1285,0,0,0,1285
12/29/2002,MIA,FL,ASO,ES,Towers with Radar,880,131,147,12,1170,1,0,18,0,19,881,131,165,12,1189,0,0,0,1189
12/30/2002,MIA,FL,ASO,ES,Towers with Radar,849,165,189,8,1211,1,0,32,0,33,850,165,221,8,1244,0,0,0,1244
12/31/2002,MIA,FL,ASO,ES,Towers with Radar,833,155,100,11,1099,2,0,19,0,21,835,155,119,11,1120,0,0,0,1120
01/01/2003,MIA,FL,ASO,ES,Towers with Radar,773,136,91,7,1007,3,0,19,0,22,776,136,110,7,1029,0,0,0,1029
01/02/2003,MIA,FL,ASO,ES,Towers with Radar,865,170,192,3,1230,4,0,38,0,42,869,170,230,3,1272,0,0,0,1272
01/03/2003,MIA,FL,ASO,ES,Towers with Radar,966,202,156,7,1331,3,0,29,0,32,969,202,185,7,1363,0,0,0,1363
01/04/2003,MIA,FL,ASO,ES,Towers with Radar,990,165,208,8,1371,6,0,22,0,28,996,165,230,8,1399,0,0,0,1399
01/05/2003,MIA,FL,ASO,ES,Towers with Radar,930,162,229,8,1329,3,0,32,0,35,933,162,261,8,1364,0,0,0,1364
01/06/2003,MIA,FL,ASO,ES,Towers with Radar,898,139,117,12,1166,3,0,31,0,34,901,139,148,12,1200,0,0,0,1200
01/07/2003,MIA,FL,ASO,ES,Towers with Radar,890,154,162,6,1212,4,0,19,0,23,894,154,181,6,1235,0,0,0,1235
01/08/2003,MIA,FL,ASO,ES,Towers with Radar,890,163,157,9,1219,3,0,19,0,22,893,163,176,9,1241,0,0,0,1241
01/09/2003,MIA,FL,ASO,ES,Towers with Radar,894,168,191,14,1267,3,1,44,0,48,897,169,235,14,1315,0,0,0,1315
01/10/2003,MIA,FL,ASO,ES,Towers with Radar,920,164,185,10,1279,0,0,56,3,59,920,164,241,13,1338,0,0,0,1338
01/11/2003,MIA,FL,ASO,ES,Towers with Radar,916,112,133,6,1167,3,0,37,0,40,919,112,170,6,1207,0,0,0,1207
01/12/2003,MIA,FL,ASO,ES,Towers with Radar,881,124,159,6,1170,3,0,26,0,29,884,124,185,6,1199,0,0,0,1199
01/13/2003,MIA,FL,ASO,ES,Towers with Radar,847,160,146,11,1164,3,0,28,1,32,850,160,174,12,1196,0,0,0,1196
01/14/2003,MIA,FL,ASO,ES,Towers with Radar,883,163,126,11,1183,3,0,30,0,33,886,163,156,11,1216,0,0,0,1216
01/15/2003,MIA,FL,ASO,ES,Towers with Radar,872,162,173,17,1224,3,1,30,0,34,875,163,203,17,1258,0,0,0,1258
01/16/2003,MIA,FL,ASO,ES,Towers with Radar,872,156,201,6,1235,2,1,36,0,39,874,157,237,6,1274,0,0,0,1274
01/17/2003,MIA,FL,ASO,ES,Towers with Radar,892,179,179,11,1261,2,2,31,0,35,894,181,210,11,1296,0,0,0,1296
01/18/2003,MIA,FL,ASO,ES,Towers with Radar,905,126,143,6,1180,3,1,31,0,35,908,127,174,6,1215,0,0,0,1215
01/19/2003,MIA,FL,ASO,ES,Towers with Radar,892,141,170,10,1213,2,1,22,0,25,894,142,192,10,1238,0,0,0,1238
01/20/2003,MIA,FL,ASO,ES,Towers with Radar,828,170,207,4,1209,4,1,41,0,46,832,171,248,4,1255,0,0,0,1255
01/21/2003,MIA,FL,ASO,ES,Towers with Radar,872,145,164,17,1198,2,1,38,0,41,874,146,202,17,1239,0,0,0,1239
01/22/2003,MIA,FL,ASO,ES,Towers with Radar,874,153,154,14,1195,2,1,45,0,48,876,154,199,14,1243,0,0,0,1243
01/23/2003,MIA,FL,ASO,ES,Towers with Radar,880,178,148,13,1219,3,1,23,0,27,883,179,171,13,1246,0,0,0,1246
01/24/2003,MIA,FL,ASO,ES,Towers with Radar,908,160,177,10,1255,6,1,22,0,29,914,161,199,10,1284,0,0,0,1284
01/25/2003,MIA,FL,ASO,ES,Towers with Radar,888,143,137,3,1171,2,0,37,0,39,890,143,174,3,1210,0,0,0,1210
01/26/2003,MIA,FL,ASO,ES,Towers with Radar,868,127,145,6,1146,2,0,34,0,36,870,127,179,6,1182,0,0,0,1182
01/27/2003,MIA,FL,ASO,ES,Towers with Radar,840,162,151,12,1165,2,0,40,0,42,842,162,191,12,1207,0,0,0,1207
01/28/2003,MIA,FL,ASO,ES,Towers with Radar,885,165,170,4,1224,3,0,28,0,31,888,165,198,4,1255,0,0,0,1255
01/29/2003,MIA,FL,ASO,ES,Towers with Radar,873,152,184,14,1223,2,0,28,0,30,875,152,212,14,1253,0,0,0,1253
01/30/2003,MIA,FL,ASO,ES,Towers with Radar,922,161,142,22,1247,2,0,35,0,37,924,161,177,22,1284,0,0,0,1284
01/31/2003,MIA,FL,ASO,ES,Towers with Radar,910,175,184,14,1283,2,0,55,1,58,912,175,239,15,1341,0,0,0,1341
02/01/2003,MIA,FL,ASO,ES,Towers with Radar,911,134,134,5,1184,4,0,38,0,42,915,134,172,5,1226,0,0,0,1226
02/02/2003,MIA,FL,ASO,ES,Towers with Radar,886,152,176,8,1222,3,0,7,0,10,889,152,183,8,1232,0,0,0,1232
02/03/2003,MIA,FL,ASO,ES,Towers with Radar,865,170,191,6,1232,3,0,1,0,4,868,170,192,6,1236,0,0,0,1236
02/04/2003,MIA,FL,ASO,ES,Towers with Radar,893,170,176,12,1251,3,0,0,0,3,896,170,176,12,1254,0,0,0,1254
02/05/2003,MIA,FL,ASO,ES,Towers with Radar,897,179,157,13,1246,3,0,0,0,3,900,179,157,13,1249,0,0,0,1249
02/06/2003,MIA,FL,ASO,ES,Towers with Radar,869,172,186,9,1236,0,4,23,3,30,869,176,209,12,1266,0,0,0,1266
02/07/2003,MIA,FL,ASO,ES,Towers with Radar,896,183,143,13,1235,3,1,37,0,41,899,184,180,13,1276,0,0,0,1276
02/08/2003,MIA,FL,ASO,ES,Towers with Radar,908,130,128,9,1175,3,0,32,0,35,911,130,160,9,1210,0,0,0,1210
02/09/2003,MIA,FL,ASO,ES,Towers with Radar,861,156,158,10,1185,3,0,11,0,14,864,156,169,10,1199,0,0,0,1199
02/10/2003,MIA,FL,ASO,ES,Towers with Radar,828,152,157,11,1148,3,0,0,0,3,831,152,157,11,1151,0,0,0,1151
02/11/2003,MIA,FL,ASO,ES,Towers with Radar,865,159,173,8,1205,3,0,0,0,3,868,159,173,8,1208,0,0,0,1208
02/12/2003,MIA,FL,ASO,ES,Towers with Radar,870,188,240,12,1310,3,0,0,0,3,873,188,240,12,1313,0,0,0,1313
02/13/2003,MIA,FL,ASO,ES,Towers with Radar,886,184,279,5,1354,3,0,56,0,59,889,184,335,5,1413,0,0,0,1413
02/14/2003,MIA,FL,ASO,ES,Towers with Radar,905,195,247,11,1358,3,0,50,0,53,908,195,297,11,1411,0,0,0,1411
02/15/2003,MIA,FL,ASO,ES,Towers with Radar,914,143,202,8,1267,3,0,29,0,32,917,143,231,8,1299,0,0,0,1299
02/16/2003,MIA,FL,ASO,ES,Towers with Radar,850,139,145,8,1142,3,0,26,0,29,853,139,171,8,1171,0,0,0,1171
02/17/2003,MIA,FL,ASO,ES,Towers with Radar,755,168,196,6,1125,2,0,20,0,22,757,168,216,6,1147,0,0,0,1147
02/18/2003,MIA,FL,ASO,ES,Towers with Radar,836,187,246,8,1277,2,0,17,0,19,838,187,263,8,1296,0,0,0,1296
02/19/2003,MIA,FL,ASO,ES,Towers with Radar,860,177,187,13,1237,0,0,7,0,7,860,177,194,13,1244,0,0,0,1244
02/20/2003,MIA,FL,ASO,ES,Towers with Radar,862,174,150,10,1196,2,0,33,0,35,864,174,183,10,1231,0,0,0,1231
02/21/2003,MIA,FL,ASO,ES,Towers with Radar,894,182,189,11,1276,2,1,41,0,44,896,183,230,11,1320,0,0,0,1320
02/22/2003,MIA,FL,ASO,ES,Towers with Radar,900,125,131,4,1160,2,0,26,0,28,902,125,157,4,1188,0,0,0,1188
02/23/2003,MIA,FL,ASO,ES,Towers with Radar,892,152,132,11,1187,2,0,13,1,16,894,152,145,12,1203,0,0,0,1203
02/24/2003,MIA,FL,ASO,ES,Towers with Radar,837,160,144,11,1152,2,0,34,0,36,839,160,178,11,1188,0,0,0,1188
02/25/2003,MIA,FL,ASO,ES,Towers with Radar,858,146,149,6,1159,2,1,22,0,25,860,147,171,6,1184,0,0,0,1184
02/26/2003,MIA,FL,ASO,ES,Towers with Radar,861,167,182,12,1222,3,0,38,0,41,864,167,220,12,1263,0,0,0,1263
02/27/2003,MIA,FL,ASO,ES,Towers with Radar,866,173,173,14,1226,2,1,32,1,36,868,174,205,15,1262,0,0,0,1262
02/28/2003,MIA,FL,ASO,ES,Towers with Radar,883,166,175,6,1230,0,0,0,0,0,883,166,175,6,1230,0,0,0,1230
03/01/2003,MIA,FL,ASO,ES,Towers with Radar,886,129,113,10,1138,0,0,52,0,52,886,129,165,10,1190,0,0,0,1190
03/02/2003,MIA,FL,ASO,ES,Towers with Radar,888,161,168,4,1221,1,0,35,0,36,889,161,203,4,1257,0,0,0,1257
03/03/2003,MIA,FL,ASO,ES,Towers with Radar,835,179,174,6,1194,0,0,33,0,33,835,179,207,6,1227,0,0,0,1227
03/04/2003,MIA,FL,ASO,ES,Towers with Radar,862,197,164,13,1236,0,0,38,0,38,862,197,202,13,1274,0,0,0,1274
03/05/2003,MIA,FL,ASO,ES,Towers with Radar,861,178,207,16,1262,1,0,26,0,27,862,178,233,16,1289,0,0,0,1289
03/06/2003,MIA,FL,ASO,ES,Towers with Radar,853,180,202,11,1246,1,0,34,0,35,854,180,236,11,1281,0,0,0,1281
03/07/2003,MIA,FL,ASO,ES,Towers with Radar,909,186,169,6,1270,0,0,52,0,52,909,186,221,6,1322,0,0,0,1322
03/08/2003,MIA,FL,ASO,ES,Towers with Radar,907,136,170,8,1221,0,0,25,0,25,907,136,195,8,1246,0,0,0,1246
03/09/2003,MIA,FL,ASO,ES,Towers with Radar,857,141,192,9,1199,0,0,33,0,33,857,141,225,9,1232,0,0,0,1232
03/10/2003,MIA,FL,ASO,ES,Towers with Radar,861,161,132,7,1161,0,0,30,0,30,861,161,162,7,1191,0,0,0,1191
03/11/2003,MIA,FL,ASO,ES,Towers with Radar,856,156,147,14,1173,0,0,43,0,43,856,156,190,14,1216,0,0,0,1216
03/12/2003,MIA,FL,ASO,ES,Towers with Radar,862,172,158,16,1208,0,0,59,0,59,862,172,217,16,1267,0,0,0,1267
03/13/2003,MIA,FL,ASO,ES,Towers with Radar,868,186,196,14,1264,0,0,32,0,32,868,186,228,14,1296,0,0,0,1296
03/14/2003,MIA,FL,ASO,ES,Towers with Radar,892,193,187,20,1292,1,0,42,0,43,893,193,229,20,1335,0,0,0,1335
03/15/2003,MIA,FL,ASO,ES,Towers with Radar,902,128,160,9,1199,0,0,16,0,16,902,128,176,9,1215,0,0,0,1215
03/16/2003,MIA,FL,ASO,ES,Towers with Radar,859,178,175,8,1220,1,0,35,0,36,860,178,210,8,1256,0,0,0,1256
03/17/2003,MIA,FL,ASO,ES,Towers with Radar,843,160,131,8,1142,0,1,21,0,22,843,161,152,8,1164,0,0,0,1164
03/18/2003,MIA,FL,ASO,ES,Towers with Radar,867,171,159,16,1213,0,0,19,0,19,867,171,178,16,1232,0,0,0,1232
03/19/2003,MIA,FL,ASO,ES,Towers with Radar,857,176,184,11,1228,1,0,33,0,34,858,176,217,11,1262,0,0,0,1262
03/20/2003,MIA,FL,ASO,ES,Towers with Radar,879,181,168,13,1241,2,0,49,0,51,881,181,217,13,1292,0,0,0,1292
03/21/2003,MIA,FL,ASO,ES,Towers with Radar,924,182,187,12,1305,2,0,24,0,26,926,182,211,12,1331,0,0,0,1331
03/22/2003,MIA,FL,ASO,ES,Towers with Radar,911,147,137,5,1200,0,0,38,0,38,911,147,175,5,1238,0,0,0,1238
03/23/2003,MIA,FL,ASO,ES,Towers with Radar,854,160,107,7,1128,0,0,16,0,16,854,160,123,7,1144,0,0,0,1144
03/24/2003,MIA,FL,ASO,ES,Towers with Radar,843,153,170,8,1174,1,0,29,0,30,844,153,199,8,1204,0,0,0,1204
03/25/2003,MIA,FL,ASO,ES,Towers with Radar,859,152,157,16,1184,0,1,30,0,31,859,153,187,16,1215,0,0,0,1215
03/26/2003,MIA,FL,ASO,ES,Towers with Radar,866,160,171,9,1206,0,2,43,1,46,866,162,214,10,1252,0,0,0,1252
03/27/2003,MIA,FL,ASO,ES,Towers with Radar,869,166,141,9,1185,0,0,24,0,24,869,166,165,9,1209,0,0,0,1209
03/28/2003,MIA,FL,ASO,ES,Towers with Radar,935,176,208,4,1323,2,0,53,0,55,937,176,261,4,1378,0,0,0,1378
03/29/2003,MIA,FL,ASO,ES,Towers with Radar,903,145,176,7,1231,0,0,39,0,39,903,145,215,7,1270,0,0,0,1270
03/30/2003,MIA,FL,ASO,ES,Towers with Radar,889,166,134,13,1202,1,0,8,0,9,890,166,142,13,1211,0,0,0,1211
03/31/2003,MIA,FL,ASO,ES,Towers with Radar,827,144,131,12,1114,0,0,47,0,47,827,144,178,12,1161,0,0,0,1161
04/01/2003,MIA,FL,ASO,ES,Towers with Radar,857,155,163,17,1192,0,1,37,0,38,857,156,200,17,1230,0,0,0,1230
04/02/2003,MIA,FL,ASO,ES,Towers with Radar,875,147,171,14,1207,0,1,34,1,36,875,148,205,15,1243,0,0,0,1243
04/03/2003,MIA,FL,ASO,ES,Towers with Radar,867,170,200,10,1247,0,1,37,0,38,867,171,237,10,1285,0,0,0,1285
04/04/2003,MIA,FL,ASO,ES,Towers with Radar,888,173,190,5,1256,0,1,30,0,31,888,174,220,5,1287,0,0,0,1287
04/05/2003,MIA,FL,ASO,ES,Towers with Radar,881,115,173,6,1175,0,1,29,0,30,881,116,202,6,1205,0,0,0,1205
04/06/2003,MIA,FL,ASO,ES,Towers with Radar,814,152,157,11,1134,0,1,23,0,24,814,153,180,11,1158,0,0,0,1158
04/07/2003,MIA,FL,ASO,ES,Towers with Radar,811,149,138,8,1106,0,1,28,0,29,811,150,166,8,1135,0,0,0,1135
04/08/2003,MIA,FL,ASO,ES,Towers with Radar,839,173,137,9,1158,0,1,30,0,31,839,174,167,9,1189,0,0,0,1189
04/09/2003,MIA,FL,ASO,ES,Towers with Radar,844,177,137,9,1167,0,1,30,0,31,844,178,167,9,1198,0,0,0,1198
04/10/2003,MIA,FL,ASO,ES,Towers with Radar,862,172,145,19,1198,0,1,38,0,39,862,173,183,19,1237,0,0,0,1237
04/11/2003,MIA,FL,ASO,ES,Towers with Radar,890,189,199,11,1289,0,4,41,3,48,890,193,240,14,1337,0,0,0,1337
04/12/2003,MIA,FL,ASO,ES,Towers with Radar,847,160,155,10,1172,43,32,78,2,155,890,192,233,12,1327,0,0,0,1327
04/13/2003,MIA,FL,ASO,ES,Towers with Radar,845,156,184,10,1195,0,1,26,0,27,845,157,210,10,1222,0,0,0,1222
04/14/2003,MIA,FL,ASO,ES,Towers with Radar,823,157,162,13,1155,0,2,39,0,41,823,159,201,13,1196,0,0,0,1196
04/15/2003,MIA,FL,ASO,ES,Towers with Radar,841,167,167,10,1185,0,2,32,0,34,841,169,199,10,1219,0,0,0,1219
04/16/2003,MIA,FL,ASO,ES,Towers with Radar,859,172,162,10,1203,0,1,20,0,21,859,173,182,10,1224,0,0,0,1224
04/17/2003,MIA,FL,ASO,ES,Towers with Radar,834,180,184,8,1206,0,1,42,0,43,834,181,226,8,1249,0,0,0,1249
04/18/2003,MIA,FL,ASO,ES,Towers with Radar,827,156,193,7,1183,1,1,25,0,27,828,157,218,7,1210,0,0,0,1210
04/19/2003,MIA,FL,ASO,ES,Towers with Radar,816,128,129,9,1082,0,2,23,1,26,816,130,152,10,1108,0,0,0,1108
04/20/2003,MIA,FL,ASO,ES,Towers with Radar,840,142,137,2,1121,0,1,38,0,39,840,143,175,2,1160,0,0,0,1160
04/21/2003,MIA,FL,ASO,ES,Towers with Radar,835,158,219,19,1231,0,1,32,1,34,835,159,251,20,1265,0,0,0,1265
04/22/2003,MIA,FL,ASO,ES,Towers with Radar,846,186,147,9,1188,0,2,46,0,48,846,188,193,9,1236,0,0,0,1236
04/23/2003,MIA,FL,ASO,ES,Towers with Radar,852,175,196,10,1233,0,1,58,0,59,852,176,254,10,1292,0,0,0,1292
04/24/2003,MIA,FL,ASO,ES,Towers with Radar,870,177,168,6,1221,0,0,36,0,36,870,177,204,6,1257,0,0,0,1257
04/25/2003,MIA,FL,ASO,ES,Towers with Radar,888,180,175,14,1257,0,0,46,1,47,888,180,221,15,1304,0,0,0,1304
04/26/2003,MIA,FL,ASO,ES,Towers with Radar,852,122,46,7,1027,0,0,7,1,8,852,122,53,8,1035,0,0,0,1035
04/27/2003,MIA,FL,ASO,ES,Towers with Radar,890,163,121,8,1182,0,0,32,1,33,890,163,153,9,1215,0,0,0,1215
04/28/2003,MIA,FL,ASO,ES,Towers with Radar,835,176,122,12,1145,1,0,39,0,40,836,176,161,12,1185,0,0,0,1185
04/29/2003,MIA,FL,ASO,ES,Towers with Radar,863,198,134,6,1201,0,1,40,0,41,863,199,174,6,1242,0,0,0,1242
04/30/2003,MIA,FL,ASO,ES,Towers with Radar,874,170,91,15,1150,1,0,23,0,24,875,170,114,15,1174,0,0,0,1174
05/01/2003,MIA,FL,ASO,ES,Towers with Radar,836,183,146,10,1175,0,1,28,0,29,836,184,174,10,1204,0,0,0,1204
05/02/2003,MIA,FL,ASO,ES,Towers with Radar,872,162,168,18,1220,0,1,35,0,36,872,163,203,18,1256,0,0,0,1256
05/03/2003,MIA,FL,ASO,ES,Towers with Radar,836,117,154,15,1122,0,1,27,0,28,836,118,181,15,1150,0,0,0,1150
05/04/2003,MIA,FL,ASO,ES,Towers with Radar,808,124,138,5,1075,0,1,27,1,29,808,125,165,6,1104,0,0,0,1104
05/05/2003,MIA,FL,ASO,ES,Towers with Radar,782,149,151,8,1090,0,1,43,1,45,782,150,194,9,1135,0,0,0,1135
05/06/2003,MIA,FL,ASO,ES,Towers with Radar,804,165,127,11,1107,0,2,61,0,63,804,167,188,11,1170,0,0,0,1170
05/07/2003,MIA,FL,ASO,ES,Towers with Radar,840,161,147,17,1165,0,2,31,0,33,840,163,178,17,1198,0,0,0,1198
05/08/2003,MIA,FL,ASO,ES,Towers with Radar,819,165,191,11,1186,0,1,35,0,36,819,166,226,11,1222,0,0,0,1222
05/09/2003,MIA,FL,ASO,ES,Towers with Radar,827,171,177,11,1186,0,1,41,0,42,827,172,218,11,1228,0,0,0,1228
05/10/2003,MIA,FL,ASO,ES,Towers with Radar,796,124,134,6,1060,0,8,62,6,76,796,132,196,12,1136,0,0,0,1136
05/11/2003,MIA,FL,ASO,ES,Towers with Radar,800,132,132,15,1079,0,0,25,0,25,800,132,157,15,1104,0,0,0,1104
05/12/2003,MIA,FL,ASO,ES,Towers with Radar,761,133,148,6,1048,0,0,34,0,34,761,133,182,6,1082,0,0,0,1082
05/13/2003,MIA,FL,ASO,ES,Towers with Radar,770,155,140,12,1077,2,0,20,0,22,772,155,160,12,1099,0,0,0,1099
05/14/2003,MIA,FL,ASO,ES,Towers with Radar,804,158,162,13,1137,1,0,31,0,32,805,158,193,13,1169,0,0,0,1169
05/15/2003,MIA,FL,ASO,ES,Towers with Radar,812,172,142,11,1137,1,0,36,0,37,813,172,178,11,1174,0,0,0,1174
05/16/2003,MIA,FL,ASO,ES,Towers with Radar,818,160,170,12,1160,0,0,47,0,47,818,160,217,12,1207,0,0,0,1207
05/17/2003,MIA,FL,ASO,ES,Towers with Radar,817,107,106,6,1036,0,0,40,0,40,817,107,146,6,1076,0,0,0,1076
05/18/2003,MIA,FL,ASO,ES,Towers with Radar,796,136,102,13,1047,3,0,40,0,43,799,136,142,13,1090,0,0,0,1090
05/19/2003,MIA,FL,ASO,ES,Towers with Radar,755,135,134,11,1035,0,0,39,8,47,755,135,173,19,1082,0,0,0,1082
05/20/2003,MIA,FL,ASO,ES,Towers with Radar,691,160,138,11,1000,0,1,36,0,37,691,161,174,11,1037,0,0,0,1037
05/21/2003,MIA,FL,ASO,ES,Towers with Radar,803,146,140,12,1101,1,0,60,0,61,804,146,200,12,1162,0,0,0,1162
05/22/2003,MIA,FL,ASO,ES,Towers with Radar,792,143,140,9,1084,24,0,4,0,28,816,143,144,9,1112,0,0,0,1112
05/23/2003,MIA,FL,ASO,ES,Towers with Radar,848,186,157,18,1209,2,0,42,0,44,850,186,199,18,1253,0,0,0,1253
05/24/2003,MIA,FL,ASO,ES,Towers with Radar,799,114,113,6,1032,1,0,21,0,22,800,114,134,6,1054,0,0,0,1054
05/25/2003,MIA,FL,ASO,ES,Towers with Radar,773,110,87,6,976,0,0,26,0,26,773,110,113,6,1002,0,0,0,1002
05/26/2003,MIA,FL,ASO,ES,Towers with Radar,754,155,144,4,1057,1,0,46,0,47,755,155,190,4,1104,0,0,0,1104
05/27/2003,MIA,FL,ASO,ES,Towers with Radar,777,140,145,14,1076,2,0,31,0,33,779,140,176,14,1109,0,0,0,1109
05/28/2003,MIA,FL,ASO,ES,Towers with Radar,786,153,123,7,1069,0,3,45,1,49,786,156,168,8,1118,0,0,0,1118
05/29/2003,MIA,FL,ASO,ES,Towers with Radar,799,148,121,17,1085,2,0,22,0,24,801,148,143,17,1109,0,0,0,1109
05/30/2003,MIA,FL,ASO,ES,Towers with Radar,826,158,183,8,1175,1,0,44,0,45,827,158,227,8,1220,0,0,0,1220
05/31/2003,MIA,FL,ASO,ES,Towers with Radar,799,108,140,6,1053,1,0,33,0,34,800,108,173,6,1087,0,0,0,1087
06/01/2003,MIA,FL,ASO,ES,Towers with Radar,798,120,116,5,1039,4,0,31,0,35,802,120,147,5,1074,0,0,0,1074
06/02/2003,MIA,FL,ASO,ES,Towers with Radar,738,132,121,12,1003,4,0,19,0,23,742,132,140,12,1026,0,0,0,1026
06/03/2003,MIA,FL,ASO,ES,Towers with Radar,785,140,109,9,1043,4,0,23,2,29,789,140,132,11,1072,0,0,0,1072
06/04/2003,MIA,FL,ASO,ES,Towers with Radar,780,153,134,14,1081,4,0,32,0,36,784,153,166,14,1117,0,0,0,1117
06/05/2003,MIA,FL,ASO,ES,Towers with Radar,788,142,130,9,1069,0,0,1,3,4,788,142,131,12,1073,0,0,0,1073
06/06/2003,MIA,FL,ASO,ES,Towers with Radar,805,151,142,8,1106,5,0,22,0,27,810,151,164,8,1133,0,0,0,1133
06/07/2003,MIA,FL,ASO,ES,Towers with Radar,789,100,87,5,981,4,1,18,0,23,793,101,105,5,1004,0,0,0,1004
06/08/2003,MIA,FL,ASO,ES,Towers with Radar,774,115,124,3,1016,4,1,25,0,30,778,116,149,3,1046,0,0,0,1046
06/09/2003,MIA,FL,ASO,ES,Towers with Radar,733,161,105,11,1010,4,0,21,1,26,737,161,126,12,1036,0,0,0,1036
06/10/2003,MIA,FL,ASO,ES,Towers with Radar,781,157,135,6,1079,5,0,27,1,33,786,157,162,7,1112,0,0,0,1112
06/11/2003,MIA,FL,ASO,ES,Towers with Radar,778,165,139,11,1093,3,0,16,0,19,781,165,155,11,1112,0,0,0,1112
06/12/2003,MIA,FL,ASO,ES,Towers with Radar,777,163,164,6,1110,4,0,42,1,47,781,163,206,7,1157,0,0,0,1157
06/13/2003,MIA,FL,ASO,ES,Towers with Radar,803,173,146,13,1135,6,1,24,0,31,809,174,170,13,1166,0,0,0,1166
06/14/2003,MIA,FL,ASO,ES,Towers with Radar,801,123,109,8,1041,3,0,16,0,19,804,123,125,8,1060,0,0,0,1060
06/15/2003,MIA,FL,ASO,ES,Towers with Radar,818,117,81,7,1023,3,0,29,0,32,821,117,110,7,1055,0,0,0,1055
06/16/2003,MIA,FL,ASO,ES,Towers with Radar,757,151,120,12,1040,5,0,19,0,24,762,151,139,12,1064,0,0,0,1064
06/17/2003,MIA,FL,ASO,ES,Towers with Radar,800,142,126,4,1072,15,0,34,0,49,815,142,160,4,1121,0,0,0,1121
06/18/2003,MIA,FL,ASO,ES,Towers with Radar,818,163,118,14,1113,7,0,41,1,49,825,163,159,15,1162,0,0,0,1162
06/19/2003,MIA,FL,ASO,ES,Towers with Radar,811,151,127,5,1094,3,1,34,0,38,814,152,161,5,1132,0,0,0,1132
06/20/2003,MIA,FL,ASO,ES,Towers with Radar,844,159,114,12,1129,3,2,41,0,46,847,161,155,12,1175,0,0,0,1175
06/21/2003,MIA,FL,ASO,ES,Towers with Radar,834,127,104,8,1073,4,0,36,0,40,838,127,140,8,1113,0,0,0,1113
06/22/2003,MIA,FL,ASO,ES,Towers with Radar,815,122,114,9,1060,3,0,18,1,22,818,122,132,10,1082,0,0,0,1082
06/23/2003,MIA,FL,ASO,ES,Towers with Radar,786,134,81,11,1012,3,0,12,0,15,789,134,93,11,1027,0,0,0,1027
06/24/2003,MIA,FL,ASO,ES,Towers with Radar,808,147,139,10,1104,5,2,29,0,36,813,149,168,10,1140,0,0,0,1140
06/25/2003,MIA,FL,ASO,ES,Towers with Radar,814,161,144,9,1128,3,0,41,0,44,817,161,185,9,1172,0,0,0,1172
06/26/2003,MIA,FL,ASO,ES,Towers with Radar,841,157,145,11,1154,3,1,42,0,46,844,158,187,11,1200,0,0,0,1200
06/27/2003,MIA,FL,ASO,ES,Towers with Radar,857,160,133,15,1165,4,0,32,0,36,861,160,165,15,1201,0,0,0,1201
06/28/2003,MIA,FL,ASO,ES,Towers with Radar,818,107,120,2,1047,0,0,0,0,0,818,107,120,2,1047,0,0,0,1047
06/29/2003,MIA,FL,ASO,ES,Towers with Radar,827,115,49,4,995,0,0,0,0,0,827,115,49,4,995,0,0,0,995
06/30/2003,MIA,FL,ASO,ES,Towers with Radar,806,144,72,4,1026,0,0,0,0,0,806,144,72,4,1026,0,0,0,1026
07/01/2003,MIA,FL,ASO,ES,Towers with Radar,818,134,39,4,995,0,0,23,3,26,818,134,62,7,1021,0,0,0,1021
07/02/2003,MIA,FL,ASO,ES,Towers with Radar,832,139,38,5,1014,13,0,29,6,48,845,139,67,11,1062,0,0,0,1062
07/03/2003,MIA,FL,ASO,ES,Towers with Radar,844,150,44,7,1045,6,8,31,2,47,850,158,75,9,1092,0,0,0,1092
07/04/2003,MIA,FL,ASO,ES,Towers with Radar,808,139,13,1,961,6,0,15,1,22,814,139,28,2,983,0,0,0,983
07/05/2003,MIA,FL,ASO,ES,Towers with Radar,813,108,15,0,936,5,0,11,0,16,818,108,26,0,952,0,0,0,952
07/06/2003,MIA,FL,ASO,ES,Towers with Radar,839,115,22,3,979,3,0,9,0,12,842,115,31,3,991,0,0,0,991
07/07/2003,MIA,FL,ASO,ES,Towers with Radar,795,139,35,3,972,9,5,24,1,39,804,144,59,4,1011,0,0,0,1011
07/08/2003,MIA,FL,ASO,ES,Towers with Radar,810,136,57,9,1012,8,1,18,2,29,818,137,75,11,1041,0,0,0,1041
07/09/2003,MIA,FL,ASO,ES,Towers with Radar,492,132,16,4,644,0,0,0,3,3,492,132,16,7,647,0,0,0,647
07/10/2003,MIA,FL,ASO,ES,Towers with Radar,782,141,31,4,958,0,57,0,0,57,782,198,31,4,1015,0,0,0,1015
07/11/2003,MIA,FL,ASO,ES,Towers with Radar,870,152,42,6,1070,5,1,14,3,23,875,153,56,9,1093,0,0,0,1093
07/12/2003,MIA,FL,ASO,ES,Towers with Radar,850,111,31,3,995,6,1,8,0,15,856,112,39,3,1010,0,0,0,1010
07/13/2003,MIA,FL,ASO,ES,Towers with Radar,845,106,25,0,976,1,3,10,0,14,846,109,35,0,990,0,0,0,990
07/14/2003,MIA,FL,ASO,ES,Towers with Radar,800,140,52,3,995,9,0,9,4,22,809,140,61,7,1017,0,0,0,1017
07/15/2003,MIA,FL,ASO,ES,Towers with Radar,813,145,36,6,1000,10,3,17,6,36,823,148,53,12,1036,0,0,0,1036
07/16/2003,MIA,FL,ASO,ES,Towers with Radar,783,140,40,4,967,0,82,12,3,97,783,222,52,7,1064,0,0,0,1064
07/17/2003,MIA,FL,ASO,ES,Towers with Radar,780,146,42,4,972,0,79,21,4,104,780,225,63,8,1076,0,0,0,1076
07/18/2003,MIA,FL,ASO,ES,Towers with Radar,857,145,45,4,1051,9,4,37,3,53,866,149,82,7,1104,0,0,0,1104
07/19/2003,MIA,FL,ASO,ES,Towers with Radar,866,111,20,1,998,9,11,52,10,82,875,122,72,11,1080,0,0,0,1080
07/20/2003,MIA,FL,ASO,ES,Towers with Radar,833,110,34,0,977,7,0,35,1,43,840,110,69,1,1020,0,0,0,1020
07/21/2003,MIA,FL,ASO,ES,Towers with Radar,734,135,39,3,911,0,76,21,1,98,734,211,60,4,1009,0,0,0,1009
07/22/2003,MIA,FL,ASO,ES,Towers with Radar,813,143,41,4,1001,9,0,24,2,35,822,143,65,6,1036,0,0,0,1036
07/23/2003,MIA,FL,ASO,ES,Towers with Radar,833,143,42,3,1021,0,7,25,2,34,833,150,67,5,1055,0,0,0,1055
07/24/2003,MIA,FL,ASO,ES,Towers with Radar,832,159,61,4,1056,6,5,30,3,44,838,164,91,7,1100,0,0,0,1100
07/25/2003,MIA,FL,ASO,ES,Towers with Radar,854,142,52,2,1050,9,4,28,0,41,863,146,80,2,1091,0,0,0,1091
07/26/2003,MIA,FL,ASO,ES,Towers with Radar,790,131,36,0,957,0,53,0,0,53,790,184,36,0,1010,0,0,0,1010
07/27/2003,MIA,FL,ASO,ES,Towers with Radar,828,107,27,0,962,7,0,15,0,22,835,107,42,0,984,0,0,0,984
07/28/2003,MIA,FL,ASO,ES,Towers with Radar,818,136,44,1,999,6,0,14,0,20,824,136,58,1,1019,0,0,0,1019
07/29/2003,MIA,FL,ASO,ES,Towers with Radar,827,143,48,4,1022,9,0,6,1,16,836,143,54,5,1038,0,0,0,1038
07/30/2003,MIA,FL,ASO,ES,Towers with Radar,854,155,49,5,1063,9,2,36,2,49,863,157,85,7,1112,0,0,0,1112
07/31/2003,MIA,FL,ASO,ES,Towers with Radar,839,149,42,4,1034,0,10,41,0,51,839,159,83,4,1085,0,0,0,1085
08/01/2003,MIA,FL,ASO,ES,Towers with Radar,885,142,64,0,1091,0,2,16,0,18,885,144,80,0,1109,0,0,0,1109
08/02/2003,MIA,FL,ASO,ES,Towers with Radar,864,123,30,2,1019,2,1,21,2,26,866,124,51,4,1045,0,0,0,1045
08/03/2003,MIA,FL,ASO,ES,Towers with Radar,858,118,26,0,1002,2,1,7,1,11,860,119,33,1,1013,0,0,0,1013
08/04/2003,MIA,FL,ASO,ES,Towers with Radar,805,131,33,0,969,1,1,13,2,17,806,132,46,2,986,0,0,0,986
08/05/2003,MIA,FL,ASO,ES,Towers with Radar,834,144,41,1,1020,0,15,0,0,15,834,159,41,1,1035,0,0,0,1035
08/06/2003,MIA,FL,ASO,ES,Towers with Radar,803,113,41,2,959,0,0,6,4,10,803,113,47,6,969,0,0,0,969
08/07/2003,MIA,FL,ASO,ES,Towers with Radar,833,148,39,2,1022,3,0,9,0,12,836,148,48,2,1034,0,0,0,1034
08/08/2003,MIA,FL,ASO,ES,Towers with Radar,876,155,48,2,1081,1,3,18,1,23,877,158,66,3,1104,0,0,0,1104
08/09/2003,MIA,FL,ASO,ES,Towers with Radar,856,131,39,1,1027,12,3,8,0,23,868,134,47,1,1050,0,0,0,1050
08/10/2003,MIA,FL,ASO,ES,Towers with Radar,854,115,41,1,1011,7,14,19,2,42,861,129,60,3,1053,0,0,0,1053
08/11/2003,MIA,FL,ASO,ES,Towers with Radar,820,148,42,2,1012,5,4,18,0,27,825,152,60,2,1039,0,0,0,1039
08/12/2003,MIA,FL,ASO,ES,Towers with Radar,832,155,29,7,1023,0,2,30,6,38,832,157,59,13,1061,0,0,0,1061
08/13/2003,MIA,FL,ASO,ES,Towers with Radar,847,151,37,5,1040,0,0,27,2,29,847,151,64,7,1069,0,0,0,1069
08/14/2003,MIA,FL,ASO,ES,Towers with Radar,822,147,40,8,1017,5,2,7,4,18,827,149,47,12,1035,0,0,0,1035
08/15/2003,MIA,FL,ASO,ES,Towers with Radar,855,148,70,5,1078,0,6,41,0,47,855,154,111,5,1125,0,0,0,1125
08/16/2003,MIA,FL,ASO,ES,Towers with Radar,852,123,30,1,1006,0,2,25,1,28,852,125,55,2,1034,0,0,0,1034
08/17/2003,MIA,FL,ASO,ES,Towers with Radar,853,117,44,2,1016,5,5,16,0,26,858,122,60,2,1042,0,0,0,1042
08/18/2003,MIA,FL,ASO,ES,Towers with Radar,818,144,46,2,1010,2,0,16,0,18,820,144,62,2,1028,0,0,0,1028
08/19/2003,MIA,FL,ASO,ES,Towers with Radar,835,151,48,4,1038,5,0,13,5,23,840,151,61,9,1061,0,0,0,1061
08/20/2003,MIA,FL,ASO,ES,Towers with Radar,836,142,39,1,1018,0,0,5,0,5,836,142,44,1,1023,0,0,0,1023
08/21/2003,MIA,FL,ASO,ES,Towers with Radar,831,163,46,2,1042,2,0,18,2,22,833,163,64,4,1064,0,0,0,1064
08/22/2003,MIA,FL,ASO,ES,Towers with Radar,836,142,44,1,1023,0,0,0,0,0,836,142,44,1,1023,0,0,0,1023
08/23/2003,MIA,FL,ASO,ES,Towers with Radar,868,122,17,1,1008,2,3,14,0,19,870,125,31,1,1027,0,0,0,1027
08/24/2003,MIA,FL,ASO,ES,Towers with Radar,852,122,31,0,1005,1,2,19,2,24,853,124,50,2,1029,0,0,0,1029
08/25/2003,MIA,FL,ASO,ES,Towers with Radar,813,137,33,3,986,0,2,16,2,20,813,139,49,5,1006,0,0,0,1006
08/26/2003,MIA,FL,ASO,ES,Towers with Radar,829,139,53,10,1031,2,0,20,3,25,831,139,73,13,1056,0,0,0,1056
08/27/2003,MIA,FL,ASO,ES,Towers with Radar,663,124,44,3,834,2,0,21,2,25,665,124,65,5,859,0,0,0,859
08/28/2003,MIA,FL,ASO,ES,Towers with Radar,730,154,44,2,930,3,2,16,2,23,733,156,60,4,953,0,0,0,953
08/29/2003,MIA,FL,ASO,ES,Towers with Radar,885,156,47,1,1089,5,4,12,3,24,890,160,59,4,1113,0,0,0,1113
08/30/2003,MIA,FL,ASO,ES,Towers with Radar,799,122,14,1,936,2,4,18,0,24,801,126,32,1,960,0,0,0,960
08/31/2003,MIA,FL,ASO,ES,Towers with Radar,455,75,21,1,552,403,49,22,1,475,858,124,43,2,1027,0,0,0,1027
09/01/2003,MIA,FL,ASO,ES,Combined TRACON& Tower with Radar,786,138,32,3,959,1,1,9,0,11,787,139,41,3,970,0,0,0,970
09/02/2003,MIA,FL,ASO,ES,Combined TRACON& Tower with Radar,793,144,37,3,977,8,9,10,2,29,801,153,47,5,1006,0,0,0,1006
09/03/2003,MIA,FL,ASO,ES,Combined TRACON& Tower with Radar,794,147,44,1,986,0,4,14,11,29,794,151,58,12,1015,0,0,0,1015
09/04/2003,MIA,FL,ASO,ES,Combined TRACON& Tower with Radar,765,137,51,0,953,5,4,19,2,30,770,141,70,2,983,0,0,0,983
09/05/2003,MIA,FL,ASO,ES,Combined TRACON& Tower with Radar,855,137,34,1,1027,7,3,17,0,27,862,140,51,1,1054,0,0,0,1054
09/06/2003,MIA,FL,ASO,ES,Combined TRACON& Tower with Radar,796,112,22,2,932,7,1,25,4,37,803,113,47,6,969,0,0,0,969
09/07/2003,MIA,FL,ASO,ES,Combined TRACON& Tower with Radar,799,112,39,0,950,2,1,16,0,19,801,113,55,0,969,0,0,0,969
09/08/2003,MIA,FL,ASO,ES,Combined TRACON& Tower with Radar,769,137,43,3,952,4,0,31,1,36,773,137,74,4,988,0,0,0,988
09/09/2003,MIA,FL,ASO,ES,Combined TRACON& Tower with Radar,788,148,49,6,991,5,1,37,1,44,793,149,86,7,1035,0,0,0,1035
09/10/2003,MIA,FL,ASO,ES,Combined TRACON& Tower with Radar,791,155,46,6,998,0,0,0,0,0,791,155,46,6,998,0,0,0,998
09/11/2003,MIA,FL,ASO,ES,Combined TRACON& Tower with Radar,774,140,53,11,978,2,4,9,17,32,776,144,62,28,1010,0,0,0,1010
09/12/2003,MIA,FL,ASO,ES,Combined TRACON& Tower with Radar,822,134,56,5,1017,1,6,3,9,19,823,140,59,14,1036,0,0,0,1036
09/13/2003,MIA,FL,ASO,ES,Combined TRACON& Tower with Radar,804,103,15,0,922,2,4,8,13,27,806,107,23,13,949,0,0,0,949
09/14/2003,MIA,FL,ASO,ES,Combined TRACON& Tower with Radar,781,107,27,2,917,0,0,9,4,13,781,107,36,6,930,0,0,0,930
09/15/2003,MIA,FL,ASO,ES,Combined TRACON& Tower with Radar,753,144,27,3,927,4,2,10,12,28,757,146,37,15,955,0,0,0,955
09/16/2003,MIA,FL,ASO,ES,Combined TRACON& Tower with Radar,785,146,39,3,973,6,8,7,11,32,791,154,46,14,1005,0,0,0,1005
09/17/2003,MIA,FL,ASO,ES,Combined TRACON& Tower with Radar,784,146,59,5,994,0,0,0,0,0,784,146,59,5,994,0,0,0,994
09/18/2003,MIA,FL,ASO,ES,Combined TRACON& Tower with Radar,730,153,36,3,922,4,4,6,23,37,734,157,42,26,959,0,0,0,959
09/19/2003,MIA,FL,ASO,ES,Combined TRACON& Tower with Radar,812,163,53,7,1035,4,8,13,9,34,816,171,66,16,1069,0,0,0,1069
09/20/2003,MIA,FL,ASO,ES,Combined TRACON& Tower with Radar,799,117,34,5,955,1,1,4,16,22,800,118,38,21,977,0,0,0,977
09/21/2003,MIA,FL,ASO,ES,Combined TRACON& Tower with Radar,789,116,28,3,936,0,2,6,13,21,789,118,34,16,957,0,0,0,957
09/22/2003,MIA,FL,ASO,ES,Combined TRACON& Tower with Radar,763,148,59,6,976,7,6,6,12,31,770,154,65,18,1007,0,0,0,1007
09/23/2003,MIA,FL,ASO,ES,Combined TRACON& Tower with Radar,783,140,35,8,966,7,5,19,8,39,790,145,54,16,1005,0,0,0,1005
09/24/2003,MIA,FL,ASO,ES,Combined TRACON& Tower with Radar,799,145,56,3,1003,2,1,6,15,24,801,146,62,18,1027,0,0,0,1027
09/25/2003,MIA,FL,ASO,ES,Combined TRACON& Tower with Radar,796,137,54,1,988,2,0,2,16,20,798,137,56,17,1008,0,0,0,1008
09/26/2003,MIA,FL,ASO,ES,Combined TRACON& Tower with Radar,826,139,67,5,1037,3,3,14,21,41,829,142,81,26,1078,0,0,0,1078
09/27/2003,MIA,FL,ASO,ES,Combined TRACON& Tower with Radar,796,117,34,2,949,0,0,60,21,81,796,117,94,23,1030,0,0,0,1030
09/28/2003,MIA,FL,ASO,ES,Combined TRACON& Tower with Radar,788,107,45,5,945,3,0,19,13,35,791,107,64,18,980,0,0,0,980
09/29/2003,MIA,FL,ASO,ES,Combined TRACON& Tower with Radar,769,140,54,6,969,5,0,0,7,12,774,140,54,13,981,0,0,0,981
09/30/2003,MIA,FL,ASO,ES,Combined TRACON& Tower with Radar,795,139,59,8,1001,0,1,2,18,21,795,140,61,26,1022,0,0,0,1022
10/01/2003,MIA,FL,ASO,ES,Combined TRACON& Tower with Radar,796,154,52,6,1008,3,9,8,10,30,799,163,60,16,1038,0,0,0,1038
10/02/2003,MIA,FL,ASO,ES,Combined TRACON& Tower with Radar,785,163,61,3,1012,2,9,15,7,33,787,172,76,10,1045,0,0,0,1045
10/03/2003,MIA,FL,ASO,ES,Combined TRACON& Tower with Radar,850,149,51,2,1052,1,4,5,17,27,851,153,56,19,1079,0,0,0,1079
10/04/2003,MIA,FL,ASO,ES,Combined TRACON& Tower with Radar,808,109,29,0,946,0,2,6,2,10,808,111,35,2,956,0,0,0,956
10/05/2003,MIA,FL,ASO,ES,Combined TRACON& Tower with Radar,796,109,20,2,927,2,3,1,4,10,798,112,21,6,937,0,0,0,937
10/06/2003,MIA,FL,ASO,ES,Combined TRACON& Tower with Radar,759,135,44,3,941,7,2,5,12,26,766,137,49,15,967,0,0,0,967
10/07/2003,MIA,FL,ASO,ES,Combined TRACON& Tower with Radar,795,155,53,1,1004,0,1,7,21,29,795,156,60,22,1033,0,0,0,1033
10/08/2003,MIA,FL,ASO,ES,Combined TRACON& Tower with Radar,804,157,78,6,1045,0,4,1,11,16,804,161,79,17,1061,0,0,0,1061
10/09/2003,MIA,FL,ASO,ES,Combined TRACON& Tower with Radar,804,146,67,7,1024,0,0,7,15,22,804,146,74,22,1046,0,0,0,1046
10/10/2003,MIA,FL,ASO,ES,Combined TRACON& Tower with Radar,857,158,74,5,1094,9,5,6,20,40,866,163,80,25,1134,0,0,0,1134
10/11/2003,MIA,FL,ASO,ES,Combined TRACON& Tower with Radar,824,121,34,1,980,2,0,2,19,23,826,121,36,20,1003,0,0,0,1003
10/12/2003,MIA,FL,ASO,ES,Combined TRACON& Tower with Radar,792,116,52,0,960,0,2,1,11,14,792,118,53,11,974,0,0,0,974
10/13/2003,MIA,FL,ASO,ES,Combined TRACON& Tower with Radar,779,140,56,0,975,0,4,12,11,27,779,144,68,11,1002,0,0,0,1002
10/14/2003,MIA,FL,ASO,ES,Combined TRACON& Tower with Radar,800,145,53,7,1005,0,1,11,2,14,800,146,64,9,1019,0,0,0,1019
10/15/2003,MIA,FL,ASO,ES,Combined TRACON& Tower with Radar,807,140,36,12,995,0,0,7,8,15,807,140,43,20,1010,0,0,0,1010
10/16/2003,MIA,FL,ASO,ES,Combined TRACON& Tower with Radar,799,157,55,6,1017,5,6,10,11,32,804,163,65,17,1049,0,0,0,1049
10/17/2003,MIA,FL,ASO,ES,Combined TRACON& Tower with Radar,838,159,54,11,1062,0,7,15,11,33,838,166,69,22,1095,0,0,0,1095
10/18/2003,MIA,FL,ASO,ES,Combined TRACON& Tower with Radar,791,123,34,4,952,0,0,35,15,50,791,123,69,19,1002,0,0,0,1002
10/19/2003,MIA,FL,ASO,ES,Combined TRACON& Tower with Radar,800,113,52,1,966,0,0,1,20,21,800,113,53,21,987,0,0,0,987
10/20/2003,MIA,FL,ASO,ES,Combined TRACON& Tower with Radar,774,145,64,6,989,0,11,4,2,17,774,156,68,8,1006,0,0,0,1006
10/21/2003,MIA,FL,ASO,ES,Combined TRACON& Tower with Radar,784,154,54,1,993,4,2,2,15,23,788,156,56,16,1016,0,0,0,1016
10/22/2003,MIA,FL,ASO,ES,Combined TRACON& Tower with Radar,794,177,56,6,1033,2,0,12,16,30,796,177,68,22,1063,0,0,0,1063
10/23/2003,MIA,FL,ASO,ES,Combined TRACON& Tower with Radar,809,180,84,7,1080,1,0,8,16,25,810,180,92,23,1105,0,0,0,1105
10/24/2003,MIA,FL,ASO,ES,Combined TRACON& Tower with Radar,826,164,60,6,1056,1,1,23,8,33,827,165,83,14,1089,0,0,0,1089
10/25/2003,MIA,FL,ASO,ES,Combined TRACON& Tower with Radar,803,118,24,0,945,0,0,4,16,20,803,118,28,16,965,0,0,0,965
10/26/2003,MIA,FL,ASO,ES,Combined TRACON& Tower with Radar,774,112,55,0,941,0,0,1,24,25,774,112,56,24,966,0,0,0,966
10/27/2003,MIA,FL,ASO,ES,Combined TRACON& Tower with Radar,776,147,51,5,979,0,0,6,20,26,776,147,57,25,1005,0,0,0,1005
10/28/2003,MIA,FL,ASO,ES,Combined TRACON& Tower with Radar,796,143,45,4,988,2,8,97,46,153,798,151,142,50,1141,0,0,0,1141
10/29/2003,MIA,FL,ASO,ES,Combined TRACON& Tower with Radar,795,168,69,12,1044,0,0,1,11,12,795,168,70,23,1056,0,0,0,1056
10/30/2003,MIA,FL,ASO,ES,Combined TRACON& Tower with Radar,810,176,61,4,1051,0,2,15,9,26,810,178,76,13,1077,0,0,0,1077
10/31/2003,MIA,FL,ASO,ES,Combined TRACON& Tower with Radar,818,154,67,2,1041,0,10,16,27,53,818,164,83,29,1094,0,0,0,1094
11/01/2003,MIA,FL,ASO,ES,Combined TRACON& Tower with Radar,850,127,39,0,1016,3,2,0,12,17,853,129,39,12,1033,0,0,0,1033
11/02/2003,MIA,FL,ASO,ES,Combined TRACON& Tower with Radar,854,128,42,3,1027,0,0,4,16,20,854,128,46,19,1047,0,0,0,1047
11/03/2003,MIA,FL,ASO,ES,Combined TRACON& Tower with Radar,808,154,44,3,1009,0,0,12,7,19,808,154,56,10,1028,0,0,0,1028
11/04/2003,MIA,FL,ASO,ES,Combined TRACON& Tower with Radar,830,158,52,4,1044,0,0,4,10,14,830,158,56,14,1058,0,0,0,1058
11/05/2003,MIA,FL,ASO,ES,Combined TRACON& Tower with Radar,846,158,75,6,1085,0,1,15,15,31,846,159,90,21,1116,0,0,0,1116
11/06/2003,MIA,FL,ASO,ES,Combined TRACON& Tower with Radar,859,178,67,2,1106,5,0,3,15,23,864,178,70,17,1129,0,0,0,1129
11/07/2003,MIA,FL,ASO,ES,Combined TRACON& Tower with Radar,870,173,86,5,1134,2,0,5,36,43,872,173,91,41,1177,0,0,0,1177
11/08/2003,MIA,FL,ASO,ES,Combined TRACON& Tower with Radar,867,124,43,2,1036,0,3,19,10,32,867,127,62,12,1068,0,0,0,1068
11/09/2003,MIA,FL,ASO,ES,Combined TRACON& Tower with Radar,868,125,57,3,1053,0,4,0,10,14,868,129,57,13,1067,0,0,0,1067
11/10/2003,MIA,FL,ASO,ES,Combined TRACON& Tower with Radar,819,138,51,3,1011,4,0,11,17,32,823,138,62,20,1043,0,0,0,1043
11/11/2003,MIA,FL,ASO,ES,Combined TRACON& Tower with Radar,844,155,47,2,1048,0,1,6,19,26,844,156,53,21,1074,0,0,0,1074
11/12/2003,MIA,FL,ASO,ES,Combined TRACON& Tower with Radar,846,105,22,0,973,0,4,2,1,7,846,109,24,1,980,0,0,0,980
11/13/2003,MIA,FL,ASO,ES,Combined TRACON& Tower with Radar,850,105,24,2,981,0,0,0,19,19,850,105,24,21,1000,0,0,0,1000
11/14/2003,MIA,FL,ASO,ES,Combined TRACON& Tower with Radar,882,162,61,4,1109,1,8,25,43,77,883,170,86,47,1186,0,0,0,1186
11/15/2003,MIA,FL,ASO,ES,Combined TRACON& Tower with Radar,869,118,56,2,1045,0,5,77,20,102,869,123,133,22,1147,0,0,0,1147
11/16/2003,MIA,FL,ASO,ES,Combined TRACON& Tower with Radar,855,133,94,6,1088,2,0,60,30,92,857,133,154,36,1180,0,0,0,1180
11/17/2003,MIA,FL,ASO,ES,Combined TRACON& Tower with Radar,823,153,56,9,1041,1,1,70,41,113,824,154,126,50,1154,0,0,0,1154
11/18/2003,MIA,FL,ASO,ES,Combined TRACON& Tower with Radar,849,151,78,5,1083,0,5,74,44,123,849,156,152,49,1206,0,0,0,1206
11/19/2003,MIA,FL,ASO,ES,Combined TRACON& Tower with Radar,859,167,97,7,1130,0,7,46,87,140,859,174,143,94,1270,0,0,0,1270
11/20/2003,MIA,FL,ASO,ES,Combined TRACON& Tower with Radar,861,169,99,7,1136,0,7,46,88,141,861,176,145,95,1277,0,0,0,1277
11/21/2003,MIA,FL,ASO,ES,Combined TRACON& Tower with Radar,891,167,58,5,1121,4,5,45,54,108,895,172,103,59,1229,0,0,0,1229
11/22/2003,MIA,FL,ASO,ES,Combined TRACON& Tower with Radar,847,124,42,1,1014,1,0,26,8,35,848,124,68,9,1049,0,0,0,1049
11/23/2003,MIA,FL,ASO,ES,Combined TRACON& Tower with Radar,838,135,56,3,1032,0,0,0,7,7,838,135,56,10,1039,0,0,0,1039
11/24/2003,MIA,FL,ASO,ES,Combined TRACON& Tower with Radar,821,145,47,5,1018,0,0,8,8,16,821,145,55,13,1034,0,0,0,1034
11/25/2003,MIA,FL,ASO,ES,Combined TRACON& Tower with Radar,873,164,58,6,1101,1,0,12,14,27,874,164,70,20,1128,0,0,0,1128
11/26/2003,MIA,FL,ASO,ES,Combined TRACON& Tower with Radar,872,154,82,3,1111,1,0,18,7,26,873,154,100,10,1137,0,0,0,1137
11/27/2003,MIA,FL,ASO,ES,Combined TRACON& Tower with Radar,807,131,29,2,969,0,0,2,15,17,807,131,31,17,986,0,0,0,986
11/28/2003,MIA,FL,ASO,ES,Combined TRACON& Tower with Radar,852,130,37,4,1023,1,0,14,17,32,853,130,51,21,1055,0,0,0,1055
11/29/2003,MIA,FL,ASO,ES,Combined TRACON& Tower with Radar,854,143,44,0,1041,0,1,3,12,16,854,144,47,12,1057,0,0,0,1057
11/30/2003,MIA,FL,ASO,ES,Combined TRACON& Tower with Radar,841,162,65,3,1071,0,2,1,9,12,841,164,66,12,1083,0,0,0,1083
12/01/2003,MIA,FL,ASO,ES,Combined TRACON& Tower with Radar,840,170,53,5,1068,0,9,14,18,41,840,179,67,23,1109,0,0,0,1109
12/02/2003,MIA,FL,ASO,ES,Combined TRACON& Tower with Radar,873,172,58,7,1110,4,4,11,9,28,877,176,69,16,1138,0,0,0,1138
12/03/2003,MIA,FL,ASO,ES,Combined TRACON& Tower with Radar,870,183,77,7,1137,0,1,22,27,50,870,184,99,34,1187,0,0,0,1187
12/04/2003,MIA,FL,ASO,ES,Combined TRACON& Tower with Radar,874,210,74,6,1164,0,2,10,15,27,874,212,84,21,1191,0,0,0,1191
12/05/2003,MIA,FL,ASO,ES,Combined TRACON& Tower with Radar,883,173,85,6,1147,2,5,4,16,27,885,178,89,22,1174,0,0,0,1174
12/06/2003,MIA,FL,ASO,ES,Combined TRACON& Tower with Radar,867,131,38,3,1039,0,0,10,8,18,867,131,48,11,1057,0,0,0,1057
12/07/2003,MIA,FL,ASO,ES,Combined TRACON& Tower with Radar,858,154,55,10,1077,2,1,0,2,5,860,155,55,12,1082,0,0,0,1082
12/08/2003,MIA,FL,ASO,ES,Combined TRACON& Tower with Radar,854,179,87,3,1123,0,6,5,5,16,854,185,92,8,1139,0,0,0,1139
12/09/2003,MIA,FL,ASO,ES,Combined TRACON& Tower with Radar,881,158,74,13,1126,3,0,11,19,33,884,158,85,32,1159,0,0,0,1159
12/10/2003,MIA,FL,ASO,ES,Combined TRACON& Tower with Radar,882,178,58,11,1129,0,6,5,20,31,882,184,63,31,1160,0,0,0,1160
12/11/2003,MIA,FL,ASO,ES,Combined TRACON& Tower with Radar,908,183,68,5,1164,1,1,26,17,45,909,184,94,22,1209,0,0,0,1209
12/12/2003,MIA,FL,ASO,ES,Combined TRACON& Tower with Radar,910,181,60,8,1159,0,2,15,17,34,910,183,75,25,1193,0,0,0,1193
12/13/2003,MIA,FL,ASO,ES,Combined TRACON& Tower with Radar,898,135,35,9,1077,0,0,13,22,35,898,135,48,31,1112,0,0,0,1112
12/14/2003,MIA,FL,ASO,ES,Combined TRACON& Tower with Radar,872,141,41,4,1058,0,0,4,16,20,872,141,45,20,1078,0,0,0,1078
12/15/2003,MIA,FL,ASO,ES,Combined TRACON& Tower with Radar,868,161,64,5,1098,3,0,2,8,13,871,161,66,13,1111,0,0,0,1111
12/16/2003,MIA,FL,ASO,ES,Combined TRACON& Tower with Radar,940,170,51,4,1165,3,0,12,12,27,943,170,63,16,1192,0,0,0,1192
12/17/2003,MIA,FL,ASO,ES,Combined TRACON& Tower with Radar,945,173,77,5,1200,0,2,5,16,23,945,175,82,21,1223,0,0,0,1223
12/18/2003,MIA,FL,ASO,ES,Combined TRACON& Tower with Radar,929,166,69,1,1165,0,0,16,21,37,929,166,85,22,1202,0,0,0,1202
12/19/2003,MIA,FL,ASO,ES,Combined TRACON& Tower with Radar,989,185,77,5,1256,0,1,2,21,24,989,186,79,26,1280,0,0,0,1280
12/20/2003,MIA,FL,ASO,ES,Combined TRACON& Tower with Radar,991,133,49,2,1175,1,0,16,10,27,992,133,65,12,1202,0,0,0,1202
12/21/2003,MIA,FL,ASO,ES,Combined TRACON& Tower with Radar,966,148,37,0,1151,4,0,5,0,9,970,148,42,0,1160,8,0,8,1168
12/22/2003,MIA,FL,ASO,ES,Combined TRACON& Tower with Radar,912,155,52,3,1122,0,0,10,14,24,912,155,62,17,1146,0,0,0,1146
12/23/2003,MIA,FL,ASO,ES,Combined TRACON& Tower with Radar,972,160,39,3,1174,1,0,15,9,25,973,160,54,12,1199,0,0,0,1199
12/24/2003,MIA,FL,ASO,ES,Combined TRACON& Tower with Radar,899,149,26,0,1074,2,2,4,21,29,901,151,30,21,1103,0,0,0,1103
12/25/2003,MIA,FL,ASO,ES,Combined TRACON& Tower with Radar,772,109,13,0,894,0,0,7,13,20,772,109,20,13,914,0,0,0,914
12/26/2003,MIA,FL,ASO,ES,Combined TRACON& Tower with Radar,872,155,78,0,1105,0,0,12,22,34,872,155,90,22,1139,0,0,0,1139
12/27/2003,MIA,FL,ASO,ES,Combined TRACON& Tower with Radar,913,156,80,3,1152,0,4,4,4,12,913,160,84,7,1164,0,0,0,1164
12/28/2003,MIA,FL,ASO,ES,Combined TRACON& Tower with Radar,879,140,53,0,1072,1,5,6,2,14,880,145,59,2,1086,0,0,0,1086
12/29/2003,MIA,FL,ASO,ES,Combined TRACON& Tower with Radar,854,150,54,6,1064,0,0,14,11,25,854,150,68,17,1089,0,0,0,1089
12/30/2003,MIA,FL,ASO,ES,Combined TRACON& Tower with Radar,910,187,63,5,1165,1,0,11,18,30,911,187,74,23,1195,0,0,0,1195
12/31/2003,MIA,FL,ASO,ES,Combined TRACON& Tower with Radar,817,152,36,2,1007,0,0,13,11,24,817,152,49,13,1031,0,0,0,1031
01/01/2004,MIA,FL,ASO,ES,Combined TRACON& Tower with Radar,817,152,36,2,1007,0,0,13,11,24,817,152,49,13,1031,0,0,0,1031
01/02/2004,MIA,FL,ASO,ES,Combined TRACON& Tower with Radar,884,175,77,5,1141,0,0,0,17,17,884,175,77,22,1158,0,0,0,1158
01/03/2004,MIA,FL,ASO,ES,Combined TRACON& Tower with Radar,944,155,73,2,1174,0,2,10,3,15,944,157,83,5,1189,0,0,0,1189
01/04/2004,MIA,FL,ASO,ES,Combined TRACON& Tower with Radar,922,149,72,1,1144,0,0,2,2,4,922,149,74,3,1148,0,0,0,1148
01/05/2004,MIA,FL,ASO,ES,Combined TRACON& Tower with Radar,907,175,70,3,1155,1,0,2,8,11,908,175,72,11,1166,0,0,0,1166
01/06/2004,MIA,FL,ASO,ES,Combined TRACON& Tower with Radar,895,155,48,5,1103,2,7,0,22,31,897,162,48,27,1134,0,0,0,1134
01/07/2004,MIA,FL,ASO,ES,Combined TRACON& Tower with Radar,892,172,51,7,1122,2,0,8,10,20,894,172,59,17,1142,0,0,0,1142
01/08/2004,MIA,FL,ASO,ES,Combined TRACON& Tower with Radar,875,183,57,2,1117,3,0,1,13,17,878,183,58,15,1134,0,0,0,1134
01/09/2004,MIA,FL,ASO,ES,Combined TRACON& Tower with Radar,897,177,68,4,1146,1,5,9,14,29,898,182,77,18,1175,0,0,0,1175
01/10/2004,MIA,FL,ASO,ES,Combined TRACON& Tower with Radar,895,120,36,0,1051,1,2,0,6,9,896,122,36,6,1060,0,0,0,1060
01/11/2004,MIA,FL,ASO,ES,Combined TRACON& Tower with Radar,884,141,40,2,1067,4,0,0,3,7,888,141,40,5,1074,0,0,0,1074
01/12/2004,MIA,FL,ASO,ES,Combined TRACON& Tower with Radar,812,151,45,9,1017,4,0,4,15,23,816,151,49,24,1040,0,0,0,1040
01/13/2004,MIA,FL,ASO,ES,Combined TRACON& Tower with Radar,846,180,53,8,1087,0,0,10,14,24,846,180,63,22,1111,0,0,0,1111
01/14/2004,MIA,FL,ASO,ES,Combined TRACON& Tower with Radar,851,176,63,7,1097,0,5,16,24,45,851,181,79,31,1142,0,0,0,1142
01/15/2004,MIA,FL,ASO,ES,Combined TRACON& Tower with Radar,854,170,63,3,1090,0,3,12,8,23,854,173,75,11,1113,0,0,0,1113
01/16/2004,MIA,FL,ASO,ES,Combined TRACON& Tower with Radar,875,190,73,2,1140,0,0,0,16,16,875,190,73,18,1156,0,0,0,1156
01/17/2004,MIA,FL,ASO,ES,Combined TRACON& Tower with Radar,861,126,40,0,1027,0,4,8,9,21,861,130,48,9,1048,0,0,0,1048
01/18/2004,MIA,FL,ASO,ES,Combined TRACON& Tower with Radar,846,133,43,0,1022,0,2,0,16,18,846,135,43,16,1040,0,0,0,1040
01/19/2004,MIA,FL,ASO,ES,Combined TRACON& Tower with Radar,813,178,68,4,1063,3,3,0,23,29,816,181,68,27,1092,0,0,0,1092
01/20/2004,MIA,FL,ASO,ES,Combined TRACON& Tower with Radar,845,163,65,11,1084,0,0,3,8,11,845,163,68,19,1095,0,0,0,1095
01/21/2004,MIA,FL,ASO,ES,Combined TRACON& Tower with Radar,837,170,67,13,1087,0,0,5,7,12,837,170,72,20,1099,0,0,0,1099
01/22/2004,MIA,FL,ASO,ES,Combined TRACON& Tower with Radar,871,183,70,10,1134,0,4,13,14,31,871,187,83,24,1165,0,0,0,1165
01/23/2004,MIA,FL,ASO,ES,Combined TRACON& Tower with Radar,869,189,76,8,1142,0,0,11,10,21,869,189,87,18,1163,0,0,0,1163
01/24/2004,MIA,FL,ASO,ES,Combined TRACON& Tower with Radar,856,153,45,5,1059,2,1,9,19,31,858,154,54,24,1090,0,0,0,1090
01/25/2004,MIA,FL,ASO,ES,Combined TRACON& Tower with Radar,838,158,64,4,1064,0,3,1,19,23,838,161,65,23,1087,0,0,0,1087
01/26/2004,MIA,FL,ASO,ES,Combined TRACON& Tower with Radar,806,153,63,6,1028,4,0,15,3,22,810,153,78,9,1050,0,0,0,1050
01/27/2004,MIA,FL,ASO,ES,Combined TRACON& Tower with Radar,838,160,48,7,1053,0,0,2,5,7,838,160,50,12,1060,0,0,0,1060
01/28/2004,MIA,FL,ASO,ES,Combined TRACON& Tower with Radar,857,176,64,7,1104,0,0,23,3,26,857,176,87,10,1130,0,0,0,1130
01/29/2004,MIA,FL,ASO,ES,Combined TRACON& Tower with Radar,888,174,72,2,1136,0,2,9,8,19,888,176,81,10,1155,0,0,0,1155
01/30/2004,MIA,FL,ASO,ES,Combined TRACON& Tower with Radar,880,156,70,8,1114,0,4,7,9,20,880,160,77,17,1134,0,0,0,1134
01/31/2004,MIA,FL,ASO,ES,Combined TRACON& Tower with Radar,908,130,39,0,1077,4,0,0,15,19,912,130,39,15,1096,0,0,0,1096
02/01/2004,MIA,FL,ASO,ES,Combined TRACON& Tower with Radar,896,124,56,2,1078,0,0,1,10,11,896,124,57,12,1089,0,0,0,1089
02/02/2004,MIA,FL,ASO,ES,Combined TRACON& Tower with Radar,857,152,88,4,1101,2,0,7,6,15,859,152,95,10,1116,0,0,0,1116
02/03/2004,MIA,FL,ASO,ES,Combined TRACON& Tower with Radar,876,176,81,6,1139,2,0,9,13,24,878,176,90,19,1163,0,0,0,1163
02/04/2004,MIA,FL,ASO,ES,Combined TRACON& Tower with Radar,875,192,100,18,1185,0,0,21,12,33,875,192,121,30,1218,0,0,0,1218
02/05/2004,MIA,FL,ASO,ES,Combined TRACON& Tower with Radar,881,180,108,9,1178,1,0,14,13,28,882,180,122,22,1206,0,0,0,1206
02/06/2004,MIA,FL,ASO,ES,Combined TRACON& Tower with Radar,899,172,86,5,1162,1,0,9,10,20,900,172,95,15,1182,0,0,0,1182
02/07/2004,MIA,FL,ASO,ES,Combined TRACON& Tower with Radar,805,204,48,0,1057,0,1,10,0,11,805,205,58,0,1068,0,0,0,1068
02/08/2004,MIA,FL,ASO,ES,Combined TRACON& Tower with Radar,738,252,55,2,1047,0,4,15,0,19,738,256,70,2,1066,0,0,0,1066
02/09/2004,MIA,FL,ASO,ES,Combined TRACON& Tower with Radar,820,151,63,7,1041,0,0,15,14,29,820,151,78,21,1070,0,0,0,1070
02/10/2004,MIA,FL,ASO,ES,Combined TRACON& Tower with Radar,845,179,80,0,1104,1,0,7,21,29,846,179,87,21,1133,0,0,0,1133
02/11/2004,MIA,FL,ASO,ES,Combined TRACON& Tower with Radar,853,179,106,14,1152,3,0,2,26,31,856,179,108,40,1183,0,0,0,1183
02/12/2004,MIA,FL,ASO,ES,Combined TRACON& Tower with Radar,898,191,139,7,1235,3,2,17,16,38,901,193,156,23,1273,0,0,0,1273
02/13/2004,MIA,FL,ASO,ES,Combined TRACON& Tower with Radar,889,203,169,4,1265,0,0,10,13,23,889,203,179,17,1288,0,0,0,1288
02/14/2004,MIA,FL,ASO,ES,Combined TRACON& Tower with Radar,704,220,105,2,1031,0,0,0,0,0,704,220,105,2,1031,0,0,0,1031
02/15/2004,MIA,FL,ASO,ES,Combined TRACON& Tower with Radar,810,224,91,0,1125,0,2,7,0,9,810,226,98,0,1134,0,0,0,1134
02/16/2004,MIA,FL,ASO,ES,Combined TRACON& Tower with Radar,747,231,82,0,1060,1,5,32,1,39,748,236,114,1,1099,0,0,0,1099
02/17/2004,MIA,FL,ASO,ES,Combined TRACON& Tower with Radar,878,254,80,6,1218,2,5,18,0,25,880,259,98,6,1243,0,0,0,1243
02/18/2004,MIA,FL,ASO,ES,Combined TRACON& Tower with Radar,877,276,79,7,1239,2,0,21,3,26,879,276,100,10,1265,0,0,0,1265
02/19/2004,MIA,FL,ASO,ES,Combined TRACON& Tower with Radar,924,279,76,4,1283,2,9,26,3,40,926,288,102,7,1323,0,0,0,1323
02/20/2004,MIA,FL,ASO,ES,Combined TRACON& Tower with Radar,764,226,91,4,1085,0,4,17,2,23,764,230,108,6,1108,0,0,0,1108
02/21/2004,MIA,FL,ASO,ES,Combined TRACON& Tower with Radar,813,203,38,1,1055,0,2,15,0,17,813,205,53,1,1072,0,0,0,1072
02/22/2004,MIA,FL,ASO,ES,Combined TRACON& Tower with Radar,821,190,67,0,1078,0,3,15,0,18,821,193,82,0,1096,0,0,0,1096
02/23/2004,MIA,FL,ASO,ES,Combined TRACON& Tower with Radar,864,263,60,1,1188,2,1,17,0,20,866,264,77,1,1208,0,0,0,1208
02/24/2004,MIA,FL,ASO,ES,Combined TRACON& Tower with Radar,872,278,61,2,1213,0,2,18,1,21,872,280,79,3,1234,0,0,0,1234
02/25/2004,MIA,FL,ASO,ES,Combined TRACON& Tower with Radar,999,274,98,6,1377,5,4,13,1,23,1004,278,111,7,1400,0,0,0,1400
02/26/2004,MIA,FL,ASO,ES,Combined TRACON& Tower with Radar,889,250,89,5,1233,2,6,26,1,35,891,256,115,6,1268,0,0,0,1268
02/27/2004,MIA,FL,ASO,ES,Combined TRACON& Tower with Radar,824,246,92,3,1165,0,3,27,1,31,824,249,119,4,1196,0,0,0,1196
02/28/2004,MIA,FL,ASO,ES,Combined TRACON& Tower with Radar,816,190,52,0,1058,1,1,9,0,11,817,191,61,0,1069,0,0,0,1069
02/29/2004,MIA,FL,ASO,ES,Combined TRACON& Tower with Radar,781,207,62,0,1050,0,1,10,0,11,781,208,72,0,1061,0,0,0,1061
03/01/2004,MIA,FL,ASO,ES,Combined TRACON& Tower with Radar,791,242,64,7,1104,1,3,20,0,24,792,245,84,7,1128,0,0,0,1128
03/02/2004,MIA,FL,ASO,ES,Combined TRACON& Tower with Radar,906,273,81,7,1267,0,2,24,0,26,906,275,105,7,1293,0,0,0,1293
03/03/2004,MIA,FL,ASO,ES,Combined TRACON& Tower with Radar,770,255,63,11,1099,0,2,28,2,32,770,257,91,13,1131,0,0,0,1131
03/04/2004,MIA,FL,ASO,ES,Combined TRACON& Tower with Radar,918,302,107,4,1331,1,2,28,1,32,919,304,135,5,1363,0,0,0,1363
03/05/2004,MIA,FL,ASO,ES,Combined TRACON& Tower with Radar,867,181,85,6,1139,0,1,16,11,28,867,182,101,17,1167,0,0,0,1167
03/06/2004,MIA,FL,ASO,ES,Combined TRACON& Tower with Radar,816,201,68,2,1087,0,0,0,0,0,816,201,68,2,1087,0,0,0,1087
03/07/2004,MIA,FL,ASO,ES,Combined TRACON& Tower with Radar,865,153,42,7,1067,0,0,4,13,17,865,153,46,20,1084,0,0,0,1084
03/08/2004,MIA,FL,ASO,ES,Combined TRACON& Tower with Radar,761,231,47,2,1041,0,0,0,0,0,761,231,47,2,1041,0,0,0,1041
03/09/2004,MIA,FL,ASO,ES,Combined TRACON& Tower with Radar,924,280,83,2,1289,2,9,11,1,23,926,289,94,3,1312,0,0,0,1312
03/10/2004,MIA,FL,ASO,ES,Combined TRACON& Tower with Radar,814,241,86,6,1147,1,3,0,0,4,815,244,86,6,1151,0,0,0,1151
03/11/2004,MIA,FL,ASO,ES,Combined TRACON& Tower with Radar,858,240,63,7,1168,0,3,28,4,35,858,243,91,11,1203,0,0,0,1203
03/12/2004,MIA,FL,ASO,ES,Combined TRACON& Tower with Radar,846,241,97,6,1190,0,4,45,3,52,846,245,142,9,1242,0,0,0,1242
03/13/2004,MIA,FL,ASO,ES,Combined TRACON& Tower with Radar,819,217,43,3,1082,0,6,13,0,19,819,223,56,3,1101,0,0,0,1101
03/14/2004,MIA,FL,ASO,ES,Combined TRACON& Tower with Radar,783,192,64,0,1039,0,2,37,0,39,783,194,101,0,1078,0,0,0,1078
03/15/2004,MIA,FL,ASO,ES,Combined TRACON& Tower with Radar,815,227,65,9,1116,0,2,15,0,17,815,229,80,9,1133,0,0,0,1133
03/16/2004,MIA,FL,ASO,ES,Combined TRACON& Tower with Radar,903,239,66,4,1212,1,4,19,2,26,904,243,85,6,1238,0,0,0,1238
03/17/2004,MIA,FL,ASO,ES,Combined TRACON& Tower with Radar,828,230,59,8,1125,0,1,36,2,39,828,231,95,10,1164,0,0,0,1164
03/18/2004,MIA,FL,ASO,ES,Combined TRACON& Tower with Radar,841,226,57,5,1129,0,9,39,7,55,841,235,96,12,1184,0,0,0,1184
03/19/2004,MIA,FL,ASO,ES,Combined TRACON& Tower with Radar,914,282,69,7,1272,0,2,13,4,19,914,284,82,11,1291,0,0,0,1291
03/20/2004,MIA,FL,ASO,ES,Combined TRACON& Tower with Radar,815,220,43,3,1081,0,9,12,0,21,815,229,55,3,1102,0,0,0,1102
03/21/2004,MIA,FL,ASO,ES,Combined TRACON& Tower with Radar,773,194,60,0,1027,0,2,37,0,39,773,196,97,0,1066,0,0,0,1066
03/22/2004,MIA,FL,ASO,ES,Combined TRACON& Tower with Radar,102,218,76,6,402,900,4,18,3,925,1002,222,94,9,1327,0,0,0,1327
03/23/2004,MIA,FL,ASO,ES,Combined TRACON& Tower with Radar,875,190,65,2,1132,0,3,15,0,18,875,193,80,2,1150,0,0,0,1150
03/24/2004,MIA,FL,ASO,ES,Combined TRACON& Tower with Radar,968,186,69,6,1229,0,8,14,4,26,968,194,83,10,1255,0,0,0,1255
03/25/2004,MIA,FL,ASO,ES,Combined TRACON& Tower with Radar,890,168,89,4,1151,5,3,13,18,39,895,171,102,22,1190,0,0,0,1190
03/26/2004,MIA,FL,ASO,ES,Combined TRACON& Tower with Radar,890,173,69,8,1140,0,1,5,7,13,890,174,74,15,1153,0,0,0,1153
03/27/2004,MIA,FL,ASO,ES,Combined TRACON& Tower with Radar,968,186,69,6,1229,0,8,14,4,26,968,194,83,10,1255,0,0,0,1255
03/28/2004,MIA,FL,ASO,ES,Combined TRACON& Tower with Radar,866,151,83,8,1108,0,12,26,0,38,866,163,109,8,1146,0,0,0,1146
03/29/2004,MIA,FL,ASO,ES,Combined TRACON& Tower with Radar,881,182,48,10,1121,1,3,25,6,35,882,185,73,16,1156,0,0,0,1156
03/30/2004,MIA,FL,ASO,ES,Combined TRACON& Tower with Radar,899,180,46,5,1130,0,5,24,1,30,899,185,70,6,1160,0,0,0,1160
03/31/2004,MIA,FL,ASO,ES,Combined TRACON& Tower with Radar,920,153,54,9,1136,0,5,29,5,39,920,158,83,14,1175,0,0,0,1175
04/01/2004,MIA,FL,ASO,ES,Combined TRACON& Tower with Radar,871,170,61,5,1107,0,2,19,9,30,871,172,80,14,1137,0,0,0,1137
04/02/2004,MIA,FL,ASO,ES,Combined TRACON& Tower with Radar,907,166,90,8,1171,0,0,6,6,12,907,166,96,14,1183,0,0,0,1183
04/03/2004,MIA,FL,ASO,ES,Combined TRACON& Tower with Radar,893,168,70,3,1134,0,0,1,18,19,893,168,71,21,1153,0,0,0,1153
04/04/2004,MIA,FL,ASO,ES,Combined TRACON& Tower with Radar,844,140,82,3,1069,0,6,7,8,21,844,146,89,11,1090,0,0,0,1090
04/05/2004,MIA,FL,ASO,ES,Combined TRACON& Tower with Radar,821,146,54,9,1030,0,2,4,24,30,821,148,58,33,1060,0,0,0,1060
04/06/2004,MIA,FL,ASO,ES,Combined TRACON& Tower with Radar,851,148,59,4,1062,4,1,9,4,18,855,149,68,8,1080,0,0,0,1080
04/07/2004,MIA,FL,ASO,ES,Combined TRACON& Tower with Radar,857,149,58,3,1067,3,0,8,25,36,860,149,66,28,1103,0,0,0,1103
04/08/2004,MIA,FL,ASO,ES,Combined TRACON& Tower with Radar,881,168,79,8,1136,1,4,18,15,38,882,172,97,23,1174,0,0,0,1174
04/09/2004,MIA,FL,ASO,ES,Combined TRACON& Tower with Radar,841,123,48,8,1020,10,7,16,20,53,851,130,64,28,1073,0,0,0,1073
04/10/2004,MIA,FL,ASO,ES,Combined TRACON& Tower with Radar,820,135,51,5,1011,0,2,3,47,52,820,137,54,52,1063,0,0,0,1063
04/11/2004,MIA,FL,ASO,ES,Combined TRACON& Tower with Radar,819,138,80,9,1046,0,5,1,24,30,819,143,81,33,1076,0,0,0,1076
04/12/2004,MIA,FL,ASO,ES,Combined TRACON& Tower with Radar,811,148,81,4,1044,2,0,0,0,2,813,148,81,4,1046,0,0,0,1046
04/13/2004,MIA,FL,ASO,ES,Combined TRACON& Tower with Radar,855,158,47,10,1070,0,1,0,13,14,855,159,47,23,1084,0,0,0,1084
04/14/2004,MIA,FL,ASO,ES,Combined TRACON& Tower with Radar,876,144,83,3,1106,0,0,12,19,31,876,144,95,22,1137,0,0,0,1137
04/15/2004,MIA,FL,ASO,ES,Combined TRACON& Tower with Radar,895,155,73,2,1125,2,1,15,17,35,897,156,88,19,1160,0,0,0,1160
04/16/2004,MIA,FL,ASO,ES,Combined TRACON& Tower with Radar,880,169,67,9,1125,0,0,10,10,20,880,169,77,19,1145,0,0,0,1145
04/17/2004,MIA,FL,ASO,ES,Combined TRACON& Tower with Radar,863,139,51,4,1057,1,4,6,15,26,864,143,57,19,1083,0,0,0,1083
04/18/2004,MIA,FL,ASO,ES,Combined TRACON& Tower with Radar,852,140,68,7,1067,0,3,7,8,18,852,143,75,15,1085,0,0,0,1085
04/19/2004,MIA,FL,ASO,ES,Combined TRACON& Tower with Radar,895,155,73,2,1125,1,1,1,1,4,896,156,74,3,1129,0,0,0,1129
04/20/2004,MIA,FL,ASO,ES,Combined TRACON& Tower with Radar,857,154,58,2,1071,3,0,17,11,31,860,154,75,13,1102,0,0,0,1102
04/21/2004,MIA,FL,ASO,ES,Combined TRACON& Tower with Radar,847,149,77,9,1082,0,4,59,23,86,847,153,136,32,1168,0,0,0,1168
04/22/2004,MIA,FL,ASO,ES,Combined TRACON& Tower with Radar,879,155,60,2,1096,0,0,16,20,36,879,155,76,22,1132,0,0,0,1132
04/23/2004,MIA,FL,ASO,ES,Combined TRACON& Tower with Radar,887,155,46,9,1097,0,0,9,14,23,887,155,55,23,1120,0,0,0,1120
04/24/2004,MIA,FL,ASO,ES,Combined TRACON& Tower with Radar,877,138,53,3,1071,0,6,56,18,80,877,144,109,21,1151,0,0,0,1151
04/25/2004,MIA,FL,ASO,ES,Combined TRACON& Tower with Radar,859,127,47,1,1034,0,0,11,8,19,859,127,58,9,1053,0,0,0,1053
04/26/2004,MIA,FL,ASO,ES,Combined TRACON& Tower with Radar,837,152,56,7,1052,0,1,23,20,44,837,153,79,27,1096,0,0,0,1096
04/27/2004,MIA,FL,ASO,ES,Combined TRACON& Tower with Radar,884,141,58,9,1092,0,0,9,12,21,884,141,67,21,1113,0,0,0,1113
04/28/2004,MIA,FL,ASO,ES,Combined TRACON& Tower with Radar,885,160,63,7,1115,1,0,1,18,20,886,160,64,25,1135,0,0,0,1135
04/29/2004,MIA,FL,ASO,ES,Combined TRACON& Tower with Radar,888,193,72,6,1159,1,1,11,19,32,889,194,83,25,1191,0,0,0,1191
04/30/2004,MIA,FL,ASO,ES,Combined TRACON& Tower with Radar,888,144,79,4,1115,0,9,10,4,23,888,153,89,8,1138,0,0,0,1138
05/01/2004,MIA,FL,ASO,ES,Combined TRACON& Tower with Radar,862,138,29,3,1032,1,0,0,12,13,863,138,29,15,1045,0,0,0,1045
05/02/2004,MIA,FL,ASO,ES,Combined TRACON& Tower with Radar,841,127,45,2,1015,0,6,25,15,46,841,133,70,17,1061,0,0,0,1061
05/03/2004,MIA,FL,ASO,ES,Combined TRACON& Tower with Radar,812,135,71,4,1022,0,5,26,23,54,812,140,97,27,1076,0,0,0,1076
05/04/2004,MIA,FL,ASO,ES,Combined TRACON& Tower with Radar,841,161,74,5,1081,0,11,33,22,66,841,172,107,27,1147,0,0,0,1147
05/05/2004,MIA,FL,ASO,ES,Combined TRACON& Tower with Radar,853,164,82,14,1113,0,8,45,32,85,853,172,127,46,1198,0,0,0,1198
05/06/2004,MIA,FL,ASO,ES,Combined TRACON& Tower with Radar,873,168,67,5,1113,7,6,43,39,95,880,174,110,44,1208,0,0,0,1208
05/07/2004,MIA,FL,ASO,ES,Combined TRACON& Tower with Radar,865,165,57,1,1088,1,12,51,44,108,866,177,108,45,1196,0,0,0,1196
05/08/2004,MIA,FL,ASO,ES,Combined TRACON& Tower with Radar,842,119,33,1,995,0,6,29,14,49,842,125,62,15,1044,0,0,0,1044
05/09/2004,MIA,FL,ASO,ES,Combined TRACON& Tower with Radar,815,118,29,9,971,0,3,18,18,39,815,121,47,27,1010,0,0,0,1010
05/10/2004,MIA,FL,ASO,ES,Combined TRACON& Tower with Radar,799,139,57,13,1008,1,7,26,21,55,800,146,83,34,1063,0,0,0,1063
05/11/2004,MIA,FL,ASO,ES,Combined TRACON& Tower with Radar,821,151,59,4,1035,0,11,30,25,66,821,162,89,29,1101,0,0,0,1101
05/12/2004,MIA,FL,ASO,ES,Combined TRACON& Tower with Radar,840,153,53,8,1054,0,7,4,24,35,840,160,57,32,1089,0,0,0,1089
05/13/2004,MIA,FL,ASO,ES,Combined TRACON& Tower with Radar,848,167,89,5,1109,3,4,16,26,49,851,171,105,31,1158,0,0,0,1158
05/14/2004,MIA,FL,ASO,ES,Combined TRACON& Tower with Radar,865,152,62,6,1085,2,4,14,10,30,867,156,76,16,1115,0,0,0,1115
05/15/2004,MIA,FL,ASO,ES,Combined TRACON& Tower with Radar,831,138,42,2,1013,0,4,30,16,50,831,142,72,18,1063,0,0,0,1063
05/16/2004,MIA,FL,ASO,ES,Combined TRACON& Tower with Radar,831,138,42,2,1013,1,4,0,13,18,832,142,42,15,1031,0,0,0,1031
05/17/2004,MIA,FL,ASO,ES,Combined TRACON& Tower with Radar,791,162,41,5,999,0,9,27,29,65,791,171,68,34,1064,0,0,0,1064
05/18/2004,MIA,FL,ASO,ES,Combined TRACON& Tower with Radar,790,162,41,5,998,0,0,5,25,30,790,162,46,30,1028,0,0,0,1028
05/19/2004,MIA,FL,ASO,ES,Combined TRACON& Tower with Radar,834,161,69,3,1067,0,0,14,12,26,834,161,83,15,1093,0,0,0,1093
05/20/2004,MIA,FL,ASO,ES,Combined TRACON& Tower with Radar,856,160,77,5,1098,0,0,15,14,29,856,160,92,19,1127,0,0,0,1127
05/21/2004,MIA,FL,ASO,ES,Combined TRACON& Tower with Radar,903,156,67,2,1128,1,12,39,2,54,904,168,106,4,1182,0,0,0,1182
05/22/2004,MIA,FL,ASO,ES,Combined TRACON& Tower with Radar,832,115,16,2,965,0,3,7,2,12,832,118,23,4,977,0,0,0,977
05/23/2004,MIA,FL,ASO,ES,Combined TRACON& Tower with Radar,811,134,40,2,987,1,7,10,0,18,812,141,50,2,1005,0,0,0,1005
05/24/2004,MIA,FL,ASO,ES,Combined TRACON& Tower with Radar,849,154,54,6,1063,0,0,0,0,0,849,154,54,6,1063,0,0,0,1063
05/25/2004,MIA,FL,ASO,ES,Combined TRACON& Tower with Radar,936,151,44,9,1140,1,9,38,1,49,937,160,82,10,1189,0,0,0,1189
05/26/2004,MIA,FL,ASO,ES,Combined TRACON& Tower with Radar,924,178,48,11,1161,0,9,29,2,40,924,187,77,13,1201,0,0,0,1201
05/27/2004,MIA,FL,ASO,ES,Combined TRACON& Tower with Radar,941,165,73,2,1181,1,11,29,2,43,942,176,102,4,1224,0,0,0,1224
05/28/2004,MIA,FL,ASO,ES,Combined TRACON& Tower with Radar,880,168,58,5,1111,0,9,34,3,46,880,177,92,8,1157,0,0,0,1157
05/29/2004,MIA,FL,ASO,ES,Combined TRACON& Tower with Radar,886,122,19,0,1027,0,2,8,0,10,886,124,27,0,1037,0,0,0,1037
05/30/2004,MIA,FL,ASO,ES,Combined TRACON& Tower with Radar,854,109,27,3,993,0,5,9,0,14,854,114,36,3,1007,0,0,0,1007
05/31/2004,MIA,FL,ASO,ES,Combined TRACON& Tower with Radar,791,135,47,3,976,0,9,16,0,25,791,144,63,3,1001,0,0,0,1001
06/01/2004,MIA,FL,ASO,ES,Combined TRACON& Tower with Radar,869,143,42,6,1060,1,11,26,0,38,870,154,68,6,1098,0,0,0,1098
06/02/2004,MIA,FL,ASO,ES,Combined TRACON& Tower with Radar,978,172,55,6,1211,0,10,20,5,35,978,182,75,11,1246,0,0,0,1246
06/03/2004,MIA,FL,ASO,ES,Combined TRACON& Tower with Radar,932,167,46,6,1151,1,6,20,0,27,933,173,66,6,1178,0,0,0,1178
06/04/2004,MIA,FL,ASO,ES,Combined TRACON& Tower with Radar,988,162,46,13,1209,0,15,10,1,26,988,177,56,14,1235,0,0,0,1235
06/05/2004,MIA,FL,ASO,ES,Combined TRACON& Tower with Radar,817,121,23,1,962,0,3,10,0,13,817,124,33,1,975,0,0,0,975
06/06/2004,MIA,FL,ASO,ES,Combined TRACON& Tower with Radar,820,110,22,0,952,0,11,8,0,19,820,121,30,0,971,0,0,0,971
06/07/2004,MIA,FL,ASO,ES,Combined TRACON& Tower with Radar,817,120,37,4,978,0,2,9,2,13,817,122,46,6,991,0,0,0,991
06/08/2004,MIA,FL,ASO,ES,Combined TRACON& Tower with Radar,822,128,44,4,998,0,3,14,5,22,822,131,58,9,1020,0,0,0,1020
06/09/2004,MIA,FL,ASO,ES,Combined TRACON& Tower with Radar,885,142,49,14,1090,0,5,21,2,28,885,147,70,16,1118,0,0,0,1118
06/10/2004,MIA,FL,ASO,ES,Combined TRACON& Tower with Radar,858,139,47,1,1045,0,8,31,0,39,858,147,78,1,1084,0,0,0,1084
06/11/2004,MIA,FL,ASO,ES,Combined TRACON& Tower with Radar,899,138,36,5,1078,0,5,26,1,32,899,143,62,6,1110,0,0,0,1110
06/12/2004,MIA,FL,ASO,ES,Combined TRACON& Tower with Radar,897,147,35,1,1080,0,3,6,0,9,897,150,41,1,1089,0,0,0,1089
06/13/2004,MIA,FL,ASO,ES,Combined TRACON& Tower with Radar,837,105,23,5,970,0,6,6,0,12,837,111,29,5,982,0,0,0,982
06/14/2004,MIA,FL,ASO,ES,Combined TRACON& Tower with Radar,823,130,40,11,1004,0,2,18,4,24,823,132,58,15,1028,0,0,0,1028
06/15/2004,MIA,FL,ASO,ES,Combined TRACON& Tower with Radar,842,119,66,2,1029,0,10,12,2,24,842,129,78,4,1053,0,0,0,1053
06/16/2004,MIA,FL,ASO,ES,Combined TRACON& Tower with Radar,798,128,56,3,985,0,6,18,2,26,798,134,74,5,1011,0,0,0,1011
06/17/2004,MIA,FL,ASO,ES,Combined TRACON& Tower with Radar,861,135,55,3,1054,1,6,20,4,31,862,141,75,7,1085,0,0,0,1085
06/18/2004,MIA,FL,ASO,ES,Combined TRACON& Tower with Radar,884,130,64,7,1085,0,7,20,3,30,884,137,84,10,1115,0,0,0,1115
06/19/2004,MIA,FL,ASO,ES,Combined TRACON& Tower with Radar,856,133,31,2,1022,1,8,11,0,20,857,141,42,2,1042,0,0,0,1042
06/20/2004,MIA,FL,ASO,ES,Combined TRACON& Tower with Radar,855,111,22,2,990,0,0,8,0,8,855,111,30,2,998,0,0,0,998
06/21/2004,MIA,FL,ASO,ES,Combined TRACON& Tower with Radar,822,151,46,6,1025,1,2,17,4,24,823,153,63,10,1049,0,0,0,1049
06/22/2004,MIA,FL,ASO,ES,Combined TRACON& Tower with Radar,864,131,34,1,1030,0,6,23,2,31,864,137,57,3,1061,0,0,0,1061
06/23/2004,MIA,FL,ASO,ES,Combined TRACON& Tower with Radar,868,141,29,12,1050,0,0,0,0,0,868,141,29,12,1050,437,202,639,1689
06/24/2004,MIA,FL,ASO,ES,Combined TRACON& Tower with Radar,885,135,38,8,1066,0,4,28,3,35,885,139,66,11,1101,0,0,0,1101
06/25/2004,MIA,FL,ASO,ES,Combined TRACON& Tower with Radar,870,140,63,20,1093,0,11,27,3,41,870,151,90,23,1134,0,0,0,1134
06/26/2004,MIA,FL,ASO,ES,Combined TRACON& Tower with Radar,871,12,24,7,914,1,0,7,1,9,872,12,31,8,923,0,0,0,923
06/27/2004,MIA,FL,ASO,ES,Combined TRACON& Tower with Radar,85,131,30,1,247,0,0,10,0,10,85,131,40,1,257,0,0,0,257
06/28/2004,MIA,FL,ASO,ES,Combined TRACON& Tower with Radar,839,135,35,4,1013,0,4,22,7,33,839,139,57,11,1046,0,0,0,1046
06/29/2004,MIA,FL,ASO,ES,Combined TRACON& Tower with Radar,887,138,31,4,1060,0,4,7,4,15,887,142,38,8,1075,0,0,0,1075
06/30/2004,MIA,FL,ASO,ES,Combined TRACON& Tower with Radar,882,127,69,5,1083,2,0,0,0,2,884,127,69,5,1085,0,0,0,1085
07/01/2004,MIA,FL,ASO,ES,Combined TRACON& Tower with Radar,869,144,63,2,1078,2,0,19,32,53,871,144,82,34,1131,0,0,0,1131
07/02/2004,MIA,FL,ASO,ES,Combined TRACON& Tower with Radar,898,133,61,6,1098,0,2,29,1,32,898,135,90,7,1130,0,0,0,1130
07/03/2004,MIA,FL,ASO,ES,Combined TRACON& Tower with Radar,867,107,36,0,1010,0,0,7,0,7,867,107,43,0,1017,0,0,0,1017
07/04/2004,MIA,FL,ASO,ES,Combined TRACON& Tower with Radar,870,108,38,0,1016,1,1,6,10,18,871,109,44,10,1034,0,0,0,1034
07/05/2004,MIA,FL,ASO,ES,Combined TRACON& Tower with Radar,820,123,22,1,966,0,1,7,1,9,820,124,29,2,975,0,0,0,975
07/06/2004,MIA,FL,ASO,ES,Combined TRACON& Tower with Radar,816,129,33,7,985,0,5,35,0,40,816,134,68,7,1025,0,0,0,1025
07/07/2004,MIA,FL,ASO,ES,Combined TRACON& Tower with Radar,843,142,58,2,1045,0,8,26,1,35,843,150,84,3,1080,0,0,0,1080
07/08/2004,MIA,FL,ASO,ES,Combined TRACON& Tower with Radar,894,131,38,2,1065,0,11,27,0,38,894,142,65,2,1103,0,0,0,1103
07/09/2004,MIA,FL,ASO,ES,Combined TRACON& Tower with Radar,875,154,49,3,1081,0,8,28,2,38,875,162,77,5,1119,0,0,0,1119
07/10/2004,MIA,FL,ASO,ES,Combined TRACON& Tower with Radar,868,122,36,2,1028,0,8,18,0,26,868,130,54,2,1054,0,0,0,1054
07/11/2004,MIA,FL,ASO,ES,Combined TRACON& Tower with Radar,834,113,12,5,964,0,4,15,1,20,834,117,27,6,984,0,0,0,984
07/12/2004,MIA,FL,ASO,ES,Combined TRACON& Tower with Radar,828,134,37,8,1007,0,4,17,2,23,828,138,54,10,1030,0,0,0,1030
07/13/2004,MIA,FL,ASO,ES,Combined TRACON& Tower with Radar,848,141,47,3,1039,0,4,13,1,18,848,145,60,4,1057,0,0,0,1057
07/14/2004,MIA,FL,ASO,ES,Combined TRACON& Tower with Radar,864,142,40,10,1056,0,23,16,3,42,864,165,56,13,1098,0,0,0,1098
07/15/2004,MIA,FL,ASO,ES,Combined TRACON& Tower with Radar,881,150,55,2,1088,1,6,22,2,31,882,156,77,4,1119,0,0,0,1119
07/16/2004,MIA,FL,ASO,ES,Combined TRACON& Tower with Radar,862,154,42,2,1060,0,12,17,2,31,862,166,59,4,1091,0,0,0,1091
07/17/2004,MIA,FL,ASO,ES,Combined TRACON& Tower with Radar,1091,152,34,3,1280,0,9,14,0,23,1091,161,48,3,1303,0,0,0,1303
07/18/2004,MIA,FL,ASO,ES,Combined TRACON& Tower with Radar,846,121,37,2,1006,0,8,10,0,18,846,129,47,2,1024,0,0,0,1024
07/19/2004,MIA,FL,ASO,ES,Combined TRACON& Tower with Radar,814,140,32,11,997,0,2,11,5,18,814,142,43,16,1015,0,0,0,1015
07/20/2004,MIA,FL,ASO,ES,Combined TRACON& Tower with Radar,841,153,43,7,1044,1,10,20,2,33,842,163,63,9,1077,0,0,0,1077
07/21/2004,MIA,FL,ASO,ES,Combined TRACON& Tower with Radar,846,137,45,8,1036,0,6,27,0,33,846,143,72,8,1069,0,0,0,1069
07/22/2004,MIA,FL,ASO,ES,Combined TRACON& Tower with Radar,708,118,43,3,872,0,0,36,8,44,708,118,79,11,916,0,0,0,916
07/23/2004,MIA,FL,ASO,ES,Combined TRACON& Tower with Radar,885,145,46,4,1080,0,6,30,5,41,885,151,76,9,1121,0,0,0,1121
07/24/2004,MIA,FL,ASO,ES,Combined TRACON& Tower with Radar,878,130,32,0,1040,0,1,17,0,18,878,131,49,0,1058,0,0,0,1058
07/25/2004,MIA,FL,ASO,ES,Combined TRACON& Tower with Radar,856,114,24,0,994,0,1,13,0,14,856,115,37,0,1008,0,0,0,1008
07/26/2004,MIA,FL,ASO,ES,Combined TRACON& Tower with Radar,819,154,34,6,1013,0,2,25,6,33,819,156,59,12,1046,0,0,0,1046
07/27/2004,MIA,FL,ASO,ES,Combined TRACON& Tower with Radar,865,131,30,3,1029,0,7,24,3,34,865,138,54,6,1063,0,0,0,1063
07/28/2004,MIA,FL,ASO,ES,Combined TRACON& Tower with Radar,870,139,39,8,1056,0,5,16,1,22,870,144,55,9,1078,0,0,0,1078
07/29/2004,MIA,FL,ASO,ES,Combined TRACON& Tower with Radar,872,142,48,10,1072,1,10,25,2,38,873,152,73,12,1110,0,0,0,1110
07/30/2004,MIA,FL,ASO,ES,Combined TRACON& Tower with Radar,892,152,37,8,1089,0,10,35,3,48,892,162,72,11,1137,0,0,0,1137
07/31/2004,MIA,FL,ASO,ES,Combined TRACON& Tower with Radar,881,130,24,1,1036,0,8,8,0,16,881,138,32,1,1052,0,0,0,1052
08/01/2004,MIA,FL,ASO,ES,Combined TRACON& Tower with Radar,748,113,14,1,876,0,0,12,0,12,748,113,26,1,888,0,0,0,888
08/02/2004,MIA,FL,ASO,ES,Combined TRACON& Tower with Radar,785,128,58,3,974,0,5,13,1,19,785,133,71,4,993,0,0,0,993
08/03/2004,MIA,FL,ASO,ES,Combined TRACON& Tower with Radar,854,139,49,1,1043,0,4,16,1,21,854,143,65,2,1064,0,0,0,1064
08/04/2004,MIA,FL,ASO,ES,Combined TRACON& Tower with Radar,871,153,44,3,1071,0,13,28,3,44,871,166,72,6,1115,0,0,0,1115
08/05/2004,MIA,FL,ASO,ES,Combined TRACON& Tower with Radar,883,136,37,5,1061,0,6,19,1,26,883,142,56,6,1087,0,0,0,1087
08/06/2004,MIA,FL,ASO,ES,Combined TRACON& Tower with Radar,902,130,46,5,1083,0,5,21,3,29,902,135,67,8,1112,0,0,0,1112
08/07/2004,MIA,FL,ASO,ES,Combined TRACON& Tower with Radar,871,122,21,1,1015,0,7,17,0,24,871,129,38,1,1039,0,0,0,1039
08/08/2004,MIA,FL,ASO,ES,Combined TRACON& Tower with Radar,838,135,25,1,999,0,1,7,0,8,838,136,32,1,1007,0,0,0,1007
08/09/2004,MIA,FL,ASO,ES,Combined TRACON& Tower with Radar,843,136,43,6,1028,0,10,23,2,35,843,146,66,8,1063,0,0,0,1063
08/10/2004,MIA,FL,ASO,ES,Combined TRACON& Tower with Radar,857,144,36,2,1039,1,13,34,4,52,858,157,70,6,1091,0,0,0,1091
08/11/2004,MIA,FL,ASO,ES,Combined TRACON& Tower with Radar,853,130,38,5,1026,0,3,40,1,44,853,133,78,6,1070,0,0,0,1070
08/12/2004,MIA,FL,ASO,ES,Combined TRACON& Tower with Radar,880,132,33,0,1045,0,1,35,0,36,880,133,68,0,1081,0,0,0,1081
08/13/2004,MIA,FL,ASO,ES,Combined TRACON& Tower with Radar,822,85,20,1,928,0,0,5,0,5,822,85,25,1,933,0,0,0,933
08/14/2004,MIA,FL,ASO,ES,Combined TRACON& Tower with Radar,880,105,29,1,1015,0,0,17,1,18,880,105,46,2,1033,0,0,0,1033
08/15/2004,MIA,FL,ASO,ES,Combined TRACON& Tower with Radar,855,117,23,1,996,0,1,6,0,7,855,118,29,1,1003,0,0,0,1003
08/16/2004,MIA,FL,ASO,ES,Combined TRACON& Tower with Radar,829,136,30,6,1001,0,0,30,1,31,829,136,60,7,1032,0,0,0,1032
08/17/2004,MIA,FL,ASO,ES,Combined TRACON& Tower with Radar,860,139,31,3,1033,0,0,33,0,33,860,139,64,3,1066,0,0,0,1066
08/18/2004,MIA,FL,ASO,ES,Combined TRACON& Tower with Radar,868,135,43,8,1054,0,5,25,0,30,868,140,68,8,1084,0,0,0,1084
08/19/2004,MIA,FL,ASO,ES,Combined TRACON& Tower with Radar,865,140,54,6,1065,0,0,21,0,21,865,140,75,6,1086,0,0,0,1086
08/20/2004,MIA,FL,ASO,ES,Combined TRACON& Tower with Radar,892,135,44,4,1075,0,0,23,0,23,892,135,67,4,1098,0,0,0,1098
08/21/2004,MIA,FL,ASO,ES,Combined TRACON& Tower with Radar,861,123,19,3,1006,0,2,12,0,14,861,125,31,3,1020,0,0,0,1020
08/22/2004,MIA,FL,ASO,ES,Combined TRACON& Tower with Radar,829,114,41,8,992,0,2,10,0,12,829,116,51,8,1004,0,0,0,1004
08/23/2004,MIA,FL,ASO,ES,Combined TRACON& Tower with Radar,829,114,41,8,992,0,2,10,0,12,829,116,51,8,1004,0,0,0,1004
08/24/2004,MIA,FL,ASO,ES,Combined TRACON& Tower with Radar,854,130,31,3,1018,0,1,31,0,32,854,131,62,3,1050,0,0,0,1050
08/25/2004,MIA,FL,ASO,ES,Combined TRACON& Tower with Radar,838,135,39,3,1015,0,0,26,0,26,838,135,65,3,1041,0,0,0,1041
08/26/2004,MIA,FL,ASO,ES,Combined TRACON& Tower with Radar,931,165,46,9,1151,1,1,31,0,33,932,166,77,9,1184,0,0,0,1184
08/27/2004,MIA,FL,ASO,ES,Combined TRACON& Tower with Radar,885,141,44,10,1080,0,2,29,0,31,885,143,73,10,1111,0,0,0,1111
08/28/2004,MIA,FL,ASO,ES,Combined TRACON& Tower with Radar,847,133,35,6,1021,1,2,9,0,12,848,135,44,6,1033,0,0,0,1033
08/29/2004,MIA,FL,ASO,ES,Combined TRACON& Tower with Radar,843,114,37,0,994,0,0,12,0,12,843,114,49,0,1006,0,0,0,1006
08/30/2004,MIA,FL,ASO,ES,Combined TRACON& Tower with Radar,887,167,67,1,1122,0,2,35,0,37,887,169,102,1,1159,0,0,0,1159
08/31/2004,MIA,FL,ASO,ES,Combined TRACON& Tower with Radar,842,146,51,2,1041,0,1,21,0,22,842,147,72,2,1063,0,0,0,1063
09/01/2004,MIA,FL,ASO,ES,Combined TRACON& Tower with Radar,914,172,44,1,1131,0,2,28,0,30,914,174,72,1,1161,0,0,0,1161
09/02/2004,MIA,FL,ASO,ES,Combined TRACON& Tower with Radar,802,162,98,2,1064,0,1,25,0,26,802,163,123,2,1090,0,0,0,1090
09/03/2004,MIA,FL,ASO,ES,Combined TRACON& Tower with Radar,248,29,5,0,282,0,1,8,0,9,248,30,13,0,291,0,0,0,291
09/04/2004,MIA,FL,ASO,ES,Combined TRACON& Tower with Radar,248,29,5,0,282,0,1,8,0,9,248,30,13,0,291,0,0,0,291
09/05/2004,MIA,FL,ASO,ES,Combined TRACON& Tower with Radar,280,6,2,0,288,0,0,3,0,3,280,6,5,0,291,0,0,0,291
09/06/2004,MIA,FL,ASO,ES,Combined TRACON& Tower with Radar,755,108,37,8,908,0,1,14,3,18,755,109,51,11,926,0,0,0,926
09/07/2004,MIA,FL,ASO,ES,Combined TRACON& Tower with Radar,825,134,37,1,997,0,0,17,1,18,825,134,54,2,1015,0,0,0,1015
09/08/2004,MIA,FL,ASO,ES,Combined TRACON& Tower with Radar,761,142,33,9,945,0,2,25,0,27,761,144,58,9,972,0,0,0,972
09/09/2004,MIA,FL,ASO,ES,Combined TRACON& Tower with Radar,816,141,27,1,985,1,2,31,0,34,817,143,58,1,1019,0,0,0,1019
09/10/2004,MIA,FL,ASO,ES,Combined TRACON& Tower with Radar,874,144,45,3,1066,0,3,21,0,24,874,147,66,3,1090,0,0,0,1090
09/11/2004,MIA,FL,ASO,ES,Combined TRACON& Tower with Radar,798,131,25,2,956,0,0,14,0,14,798,131,39,2,970,0,0,0,970
09/12/2004,MIA,FL,ASO,ES,Combined TRACON& Tower with Radar,754,112,17,0,883,0,1,9,1,11,754,113,26,1,894,0,0,0,894
09/13/2004,MIA,FL,ASO,ES,Combined TRACON& Tower with Radar,720,109,11,0,840,0,2,13,0,15,720,111,24,0,855,0,0,0,855
09/14/2004,MIA,FL,ASO,ES,Combined TRACON& Tower with Radar,785,135,40,2,962,0,0,26,0,26,785,135,66,2,988,0,0,0,988
09/15/2004,MIA,FL,ASO,ES,Combined TRACON& Tower with Radar,755,141,32,4,932,0,1,13,0,14,755,142,45,4,946,0,0,0,946
09/16/2004,MIA,FL,ASO,ES,Combined TRACON& Tower with Radar,787,172,44,2,1005,0,0,38,0,38,787,172,82,2,1043,0,0,0,1043
09/17/2004,MIA,FL,ASO,ES,Combined TRACON& Tower with Radar,822,130,44,1,997,0,7,25,0,32,822,137,69,1,1029,0,0,0,1029
09/18/2004,MIA,FL,ASO,ES,Combined TRACON& Tower with Radar,824,124,29,0,977,0,2,13,0,15,824,126,42,0,992,0,0,0,992
09/19/2004,MIA,FL,ASO,ES,Combined TRACON& Tower with Radar,824,124,29,0,977,0,2,13,0,15,824,126,42,0,992,0,0,0,992
09/20/2004,MIA,FL,ASO,ES,Combined TRACON& Tower with Radar,758,153,46,3,960,0,2,9,0,11,758,155,55,3,971,0,0,0,971
09/21/2004,MIA,FL,ASO,ES,Combined TRACON& Tower with Radar,782,150,53,3,988,0,3,13,0,16,782,153,66,3,1004,0,0,0,1004
09/22/2004,MIA,FL,ASO,ES,Combined TRACON& Tower with Radar,782,145,82,4,1013,0,2,4,0,6,782,147,86,4,1019,0,0,0,1019
09/23/2004,MIA,FL,ASO,ES,Combined TRACON& Tower with Radar,846,148,67,4,1065,0,2,21,0,23,846,150,88,4,1088,0,0,0,1088
09/24/2004,MIA,FL,ASO,ES,Combined TRACON& Tower with Radar,831,162,59,0,1052,0,4,18,0,22,831,166,77,0,1074,0,0,0,1074
09/25/2004,MIA,FL,ASO,ES,Combined TRACON& Tower with Radar,423,79,37,0,539,0,0,8,0,8,423,79,45,0,547,0,0,0,547
09/26/2004,MIA,FL,ASO,ES,Combined TRACON& Tower with Radar,532,57,17,1,607,0,2,4,0,6,532,59,21,1,613,0,0,0,613
09/27/2004,MIA,FL,ASO,ES,Combined TRACON& Tower with Radar,811,123,35,5,974,0,0,9,0,9,811,123,44,5,983,0,0,0,983
09/28/2004,MIA,FL,ASO,ES,Combined TRACON& Tower with Radar,795,147,86,3,1031,0,0,7,0,7,795,147,93,3,1038,0,0,0,1038
09/29/2004,MIA,FL,ASO,ES,Combined TRACON& Tower with Radar,764,143,45,3,955,0,2,12,2,16,764,145,57,5,971,0,0,0,971
09/30/2004,MIA,FL,ASO,ES,Combined TRACON& Tower with Radar,789,136,3,6,934,0,2,18,0,20,789,138,21,6,954,0,0,0,954
10/01/2004,MIA,FL,ASO,ES,Combined TRACON& Tower with Radar,830,153,60,5,1048,1,1,25,1,28,831,154,85,6,1076,0,0,0,1076
10/02/2004,MIA,FL,ASO,ES,Combined TRACON& Tower with Radar,807,134,23,2,966,0,2,12,0,14,807,136,35,2,980,0,0,0,980
10/03/2004,MIA,FL,ASO,ES,Combined TRACON& Tower with Radar,783,128,34,2,947,0,0,6,0,6,783,128,40,2,953,0,0,0,953
10/04/2004,MIA,FL,ASO,ES,Combined TRACON& Tower with Radar,749,154,50,6,959,0,6,12,0,18,749,160,62,6,977,0,0,0,977
10/05/2004,MIA,FL,ASO,ES,Combined TRACON& Tower with Radar,755,151,68,6,980,0,1,7,1,9,755,152,75,7,989,0,0,0,989
10/06/2004,MIA,FL,ASO,ES,Combined TRACON& Tower with Radar,780,152,62,6,1000,0,2,15,1,18,780,154,77,7,1018,0,0,0,1018
10/07/2004,MIA,FL,ASO,ES,Combined TRACON& Tower with Radar,794,148,75,12,1029,0,3,13,0,16,794,151,88,12,1045,0,0,0,1045
10/08/2004,MIA,FL,ASO,ES,Combined TRACON& Tower with Radar,956,201,76,2,1235,1,2,20,0,23,957,203,96,2,1258,0,0,0,1258
10/09/2004,MIA,FL,ASO,ES,Combined TRACON& Tower with Radar,792,132,25,0,949,0,0,5,0,5,792,132,30,0,954,0,0,0,954
10/10/2004,MIA,FL,ASO,ES,Combined TRACON& Tower with Radar,800,120,27,0,947,1,0,14,0,15,801,120,41,0,962,0,0,0,962
10/11/2004,MIA,FL,ASO,ES,Combined TRACON& Tower with Radar,758,129,55,2,944,1,2,11,0,14,759,131,66,2,958,0,0,0,958
10/12/2004,MIA,FL,ASO,ES,Combined TRACON& Tower with Radar,777,138,65,4,984,0,2,20,0,22,777,140,85,4,1006,0,0,0,1006
10/13/2004,MIA,FL,ASO,ES,Combined TRACON& Tower with Radar,795,155,62,5,1017,0,1,23,0,24,795,156,85,5,1041,0,0,0,1041
10/14/2004,MIA,FL,ASO,ES,Combined TRACON& Tower with Radar,846,168,60,5,1079,0,4,18,0,22,846,172,78,5,1101,0,0,0,1101
10/15/2004,MIA,FL,ASO,ES,Combined TRACON& Tower with Radar,870,169,79,8,1126,1,0,12,1,14,871,169,91,9,1140,0,0,0,1140
10/16/2004,MIA,FL,ASO,ES,Combined TRACON& Tower with Radar,814,128,39,1,982,0,0,3,0,3,814,128,42,1,985,0,0,0,985
10/17/2004,MIA,FL,ASO,ES,Combined TRACON& Tower with Radar,793,130,42,2,967,0,2,7,0,9,793,132,49,2,976,0,0,0,976
10/18/2004,MIA,FL,ASO,ES,Combined TRACON& Tower with Radar,736,139,65,2,942,0,1,8,0,9,736,140,73,2,951,0,0,0,951
10/19/2004,MIA,FL,ASO,ES,Combined TRACON& Tower with Radar,756,142,55,4,957,0,1,16,2,19,756,143,71,6,976,0,0,0,976
10/20/2004,MIA,FL,ASO,ES,Combined TRACON& Tower with Radar,855,167,63,1,1086,0,1,16,0,17,855,168,79,1,1103,0,0,0,1103
10/21/2004,MIA,FL,ASO,ES,Combined TRACON& Tower with Radar,885,158,77,2,1122,0,6,15,1,22,885,164,92,3,1144,0,0,0,1144
10/22/2004,MIA,FL,ASO,ES,Combined TRACON& Tower with Radar,830,164,59,0,1053,0,2,12,1,15,830,166,71,1,1068,0,0,0,1068
10/23/2004,MIA,FL,ASO,ES,Combined TRACON& Tower with Radar,809,138,36,0,983,1,0,6,0,7,810,138,42,0,990,0,0,0,990
10/24/2004,MIA,FL,ASO,ES,Combined TRACON& Tower with Radar,776,147,58,0,981,0,2,4,0,6,776,149,62,0,987,0,0,0,987
10/25/2004,MIA,FL,ASO,ES,Combined TRACON& Tower with Radar,780,144,46,2,972,0,1,23,0,24,780,145,69,2,996,0,0,0,996
10/26/2004,MIA,FL,ASO,ES,Combined TRACON& Tower with Radar,876,166,60,1,1103,0,3,22,0,25,876,169,82,1,1128,0,0,0,1128
10/27/2004,MIA,FL,ASO,ES,Combined TRACON& Tower with Radar,815,165,63,2,1045,0,0,21,0,21,815,165,84,2,1066,0,0,0,1066
10/28/2004,MIA,FL,ASO,ES,Combined TRACON& Tower with Radar,806,154,76,6,1042,0,0,19,0,19,806,154,95,6,1061,0,0,0,1061
10/29/2004,MIA,FL,ASO,ES,Combined TRACON& Tower with Radar,903,178,85,3,1169,1,4,28,1,34,904,182,113,4,1203,0,0,0,1203
10/30/2004,MIA,FL,ASO,ES,Combined TRACON& Tower with Radar,789,157,38,3,987,1,4,9,0,14,790,161,47,3,1001,0,0,0,1001
10/31/2004,MIA,FL,ASO,ES,Combined TRACON& Tower with Radar,788,146,35,7,976,0,1,10,0,11,788,147,45,7,987,0,0,0,987
11/01/2004,MIA,FL,ASO,ES,Combined TRACON& Tower with Radar,921,189,45,2,1157,0,3,17,0,20,921,192,62,2,1177,0,0,0,1177
11/02/2004,MIA,FL,ASO,ES,Combined TRACON& Tower with Radar,860,158,46,2,1066,0,3,14,0,17,860,161,60,2,1083,0,0,0,1083
11/03/2004,MIA,FL,ASO,ES,Combined TRACON& Tower with Radar,841,170,62,3,1076,1,4,15,0,20,842,174,77,3,1096,0,0,0,1096
11/04/2004,MIA,FL,ASO,ES,Combined TRACON& Tower with Radar,946,215,57,1,1219,1,5,16,0,22,947,220,73,1,1241,0,0,0,1241
11/05/2004,MIA,FL,ASO,ES,Combined TRACON& Tower with Radar,944,189,75,2,1210,1,1,25,0,27,945,190,100,2,1237,0,0,0,1237
11/06/2004,MIA,FL,ASO,ES,Combined TRACON& Tower with Radar,819,151,35,2,1007,1,2,9,0,12,820,153,44,2,1019,0,0,0,1019
11/07/2004,MIA,FL,ASO,ES,Combined TRACON& Tower with Radar,928,178,65,2,1173,1,5,9,0,15,929,183,74,2,1188,0,0,0,1188
11/08/2004,MIA,FL,ASO,ES,Combined TRACON& Tower with Radar,786,141,53,4,984,0,4,35,0,39,786,145,88,4,1023,0,0,0,1023
11/09/2004,MIA,FL,ASO,ES,Combined TRACON& Tower with Radar,833,162,60,11,1066,1,1,19,1,22,834,163,79,12,1088,0,0,0,1088
11/10/2004,MIA,FL,ASO,ES,Combined TRACON& Tower with Radar,838,173,52,6,1069,0,1,25,0,26,838,174,77,6,1095,0,0,0,1095
11/11/2004,MIA,FL,ASO,ES,Combined TRACON& Tower with Radar,842,156,66,3,1067,0,2,20,0,22,842,158,86,3,1089,0,0,0,1089
11/12/2004,MIA,FL,ASO,ES,Combined TRACON& Tower with Radar,861,160,49,3,1073,1,2,25,0,28,862,162,74,3,1101,0,0,0,1101
11/13/2004,MIA,FL,ASO,ES,Combined TRACON& Tower with Radar,823,140,29,0,992,0,2,8,0,10,823,142,37,0,1002,0,0,0,1002
11/14/2004,MIA,FL,ASO,ES,Combined TRACON& Tower with Radar,818,162,43,1,1024,0,2,14,0,16,818,164,57,1,1040,0,0,0,1040
11/15/2004,MIA,FL,ASO,ES,Combined TRACON& Tower with Radar,779,157,38,8,982,0,2,18,1,21,779,159,56,9,1003,0,0,0,1003
11/16/2004,MIA,FL,ASO,ES,Combined TRACON& Tower with Radar,827,151,32,3,1013,0,2,20,0,22,827,153,52,3,1035,0,0,0,1035
11/17/2004,MIA,FL,ASO,ES,Combined TRACON& Tower with Radar,870,157,53,4,1084,0,0,17,0,17,870,157,70,4,1101,0,0,0,1101
11/18/2004,MIA,FL,ASO,ES,Combined TRACON& Tower with Radar,859,144,85,2,1090,1,4,22,0,27,860,148,107,2,1117,0,0,0,1117
11/19/2004,MIA,FL,ASO,ES,Combined TRACON& Tower with Radar,885,172,70,2,1129,0,2,21,0,23,885,174,91,2,1152,0,0,0,1152
11/20/2004,MIA,FL,ASO,ES,Combined TRACON& Tower with Radar,831,146,28,2,1007,0,2,17,0,19,831,148,45,2,1026,0,0,0,1026
11/21/2004,MIA,FL,ASO,ES,Combined TRACON& Tower with Radar,815,125,50,1,991,0,0,34,0,34,815,125,84,1,1025,0,0,0,1025
11/22/2004,MIA,FL,ASO,ES,Combined TRACON& Tower with Radar,791,157,32,3,983,0,4,20,0,24,791,161,52,3,1007,0,0,0,1007
11/23/2004,MIA,FL,ASO,ES,Combined TRACON& Tower with Radar,864,150,53,4,1071,1,3,14,0,18,865,153,67,4,1089,0,0,0,1089
11/24/2004,MIA,FL,ASO,ES,Combined TRACON& Tower with Radar,875,162,66,4,1107,0,5,21,0,26,875,167,87,4,1133,0,0,0,1133
11/25/2004,MIA,FL,ASO,ES,Combined TRACON& Tower with Radar,794,125,22,0,941,0,2,2,0,4,794,127,24,0,945,0,0,0,945
11/26/2004,MIA,FL,ASO,ES,Combined TRACON& Tower with Radar,829,130,36,0,995,0,0,17,0,17,829,130,53,0,1012,0,0,0,1012
11/27/2004,MIA,FL,ASO,ES,Combined TRACON& Tower with Radar,837,147,26,0,1010,0,0,12,0,12,837,147,38,0,1022,0,0,0,1022
11/28/2004,MIA,FL,ASO,ES,Combined TRACON& Tower with Radar,808,152,59,3,1022,0,1,10,0,11,808,153,69,3,1033,0,0,0,1033
11/29/2004,MIA,FL,ASO,ES,Combined TRACON& Tower with Radar,803,157,59,3,1022,0,0,25,0,25,803,157,84,3,1047,0,0,0,1047
11/30/2004,MIA,FL,ASO,ES,Combined TRACON& Tower with Radar,855,166,84,10,1115,1,3,13,0,17,856,169,97,10,1132,0,0,0,1132
12/01/2004,MIA,FL,ASO,ES,Combined TRACON& Tower with Radar,884,210,70,7,1171,0,0,23,0,23,884,210,93,7,1194,0,0,0,1194
12/02/2004,MIA,FL,ASO,ES,Combined TRACON& Tower with Radar,894,189,70,5,1158,1,2,19,1,23,895,191,89,6,1181,0,0,0,1181
12/03/2004,MIA,FL,ASO,ES,Combined TRACON& Tower with Radar,876,226,109,3,1214,0,7,25,0,32,876,233,134,3,1246,0,0,0,1246
12/04/2004,MIA,FL,ASO,ES,Combined TRACON& Tower with Radar,853,184,48,3,1088,0,3,13,0,16,853,187,61,3,1104,0,0,0,1104
12/05/2004,MIA,FL,ASO,ES,Combined TRACON& Tower with Radar,812,186,69,4,1071,0,1,15,0,16,812,187,84,4,1087,0,0,0,1087
12/06/2004,MIA,FL,ASO,ES,Combined TRACON& Tower with Radar,794,173,58,2,1027,0,1,14,0,15,794,174,72,2,1042,0,0,0,1042
12/07/2004,MIA,FL,ASO,ES,Combined TRACON& Tower with Radar,849,162,58,5,1074,0,0,13,0,13,849,162,71,5,1087,0,0,0,1087
12/08/2004,MIA,FL,ASO,ES,Combined TRACON& Tower with Radar,895,172,63,9,1139,0,0,15,0,15,895,172,78,9,1154,0,0,0,1154
12/09/2004,MIA,FL,ASO,ES,Combined TRACON& Tower with Radar,879,158,61,3,1101,0,0,14,0,14,879,158,75,3,1115,0,0,0,1115
12/10/2004,MIA,FL,ASO,ES,Combined TRACON& Tower with Radar,875,164,74,2,1115,0,11,12,1,24,875,175,86,3,1139,0,0,0,1139
12/11/2004,MIA,FL,ASO,ES,Combined TRACON& Tower with Radar,863,141,39,3,1046,0,0,12,0,12,863,141,51,3,1058,0,0,0,1058
12/12/2004,MIA,FL,ASO,ES,Combined TRACON& Tower with Radar,832,126,28,3,989,0,0,24,0,24,832,126,52,3,1013,0,0,0,1013
12/13/2004,MIA,FL,ASO,ES,Combined TRACON& Tower with Radar,837,159,51,2,1049,0,1,16,0,17,837,160,67,2,1066,0,0,0,1066
12/14/2004,MIA,FL,ASO,ES,Combined TRACON& Tower with Radar,868,164,59,1,1092,0,1,23,0,24,868,165,82,1,1116,0,0,0,1116
12/15/2004,MIA,FL,ASO,ES,Combined TRACON& Tower with Radar,897,195,57,5,1154,1,1,17,0,19,898,196,74,5,1173,0,0,0,1173
12/16/2004,MIA,FL,ASO,ES,Combined TRACON& Tower with Radar,917,186,47,1,1151,0,1,17,0,18,917,187,64,1,1169,0,0,0,1169
12/17/2004,MIA,FL,ASO,ES,Combined TRACON& Tower with Radar,926,199,73,2,1200,0,1,20,0,21,926,200,93,2,1221,0,0,0,1221
12/18/2004,MIA,FL,ASO,ES,Combined TRACON& Tower with Radar,912,180,28,0,1120,0,1,9,0,10,912,181,37,0,1130,0,0,0,1130
12/19/2004,MIA,FL,ASO,ES,Combined TRACON& Tower with Radar,880,160,42,2,1084,0,1,9,0,10,880,161,51,2,1094,0,0,0,1094
12/20/2004,MIA,FL,ASO,ES,Combined TRACON& Tower with Radar,849,173,37,4,1063,1,0,21,0,22,850,173,58,4,1085,0,0,0,1085
12/21/2004,MIA,FL,ASO,ES,Combined TRACON& Tower with Radar,899,155,51,4,1109,0,0,17,0,17,899,155,68,4,1126,0,0,0,1126
12/22/2004,MIA,FL,ASO,ES,Combined TRACON& Tower with Radar,902,175,57,0,1134,0,2,21,0,23,902,177,78,0,1157,0,0,0,1157
12/23/2004,MIA,FL,ASO,ES,Combined TRACON& Tower with Radar,882,184,40,0,1106,0,0,19,0,19,882,184,59,0,1125,0,0,0,1125
12/24/2004,MIA,FL,ASO,ES,Combined TRACON& Tower with Radar,839,164,40,0,1043,0,0,9,0,9,839,164,49,0,1052,0,0,0,1052
12/25/2004,MIA,FL,ASO,ES,Combined TRACON& Tower with Radar,744,161,12,0,917,0,0,1,0,1,744,161,13,0,918,0,0,0,918
12/26/2004,MIA,FL,ASO,ES,Combined TRACON& Tower with Radar,805,164,54,2,1025,0,0,6,0,6,805,164,60,2,1031,0,0,0,1031
12/27/2004,MIA,FL,ASO,ES,Combined TRACON& Tower with Radar,825,150,67,2,1044,0,2,21,0,23,825,152,88,2,1067,0,0,0,1067
12/28/2004,MIA,FL,ASO,ES,Combined TRACON& Tower with Radar,842,181,47,1,1071,0,4,20,0,24,842,185,67,1,1095,0,0,0,1095
12/29/2004,MIA,FL,ASO,ES,Combined TRACON& Tower with Radar,905,183,52,1,1141,0,0,24,0,24,905,183,76,1,1165,0,0,0,1165
12/30/2004,MIA,FL,ASO,ES,Combined TRACON& Tower with Radar,869,185,52,0,1106,0,8,23,0,31,869,193,75,0,1137,0,0,0,1137
12/31/2004,MIA,FL,ASO,ES,Combined TRACON& Tower with Radar,798,170,30,0,998,0,3,20,0,23,798,173,50,0,1021,0,0,0,1021
01/01/2005,MIA,FL,ASO,ES,Combined TRACON& Tower with Radar,779,170,46,1,996,0,3,9,0,12,779,173,55,1,1008,0,0,0,1008
01/02/2005,MIA,FL,ASO,ES,Combined TRACON& Tower with Radar,831,190,98,1,1120,1,2,8,0,11,832,192,106,1,1131,0,0,0,1131
01/03/2005,MIA,FL,ASO,ES,Combined TRACON& Tower with Radar,827,201,83,1,1112,0,3,26,0,29,827,204,109,1,1141,0,0,0,1141
01/04/2005,MIA,FL,ASO,ES,Combined TRACON& Tower with Radar,882,204,75,2,1163,0,1,18,0,19,882,205,93,2,1182,0,0,0,1182
01/05/2005,MIA,FL,ASO,ES,Combined TRACON& Tower with Radar,873,227,137,8,1245,0,1,21,0,22,873,228,158,8,1267,0,0,0,1267
01/06/2005,MIA,FL,ASO,ES,Combined TRACON& Tower with Radar,849,174,67,10,1100,0,6,26,0,32,849,180,93,10,1132,0,0,0,1132
01/07/2005,MIA,FL,ASO,ES,Combined TRACON& Tower with Radar,873,185,56,4,1118,0,6,18,0,24,873,191,74,4,1142,0,0,0,1142
01/08/2005,MIA,FL,ASO,ES,Combined TRACON& Tower with Radar,843,149,52,3,1047,0,4,4,1,9,843,153,56,4,1056,0,0,0,1056
01/09/2005,MIA,FL,ASO,ES,Combined TRACON& Tower with Radar,828,137,49,3,1017,0,3,11,0,14,828,140,60,3,1031,0,0,0,1031
01/10/2005,MIA,FL,ASO,ES,Combined TRACON& Tower with Radar,813,156,54,4,1027,0,2,13,0,15,813,158,67,4,1042,0,0,0,1042
01/11/2005,MIA,FL,ASO,ES,Combined TRACON& Tower with Radar,852,143,55,3,1053,0,2,21,0,23,852,145,76,3,1076,0,0,0,1076
01/12/2005,MIA,FL,ASO,ES,Combined TRACON& Tower with Radar,839,164,63,7,1073,0,8,24,0,32,839,172,87,7,1105,0,0,0,1105
01/13/2005,MIA,FL,ASO,ES,Combined TRACON& Tower with Radar,869,162,56,7,1094,0,4,17,0,21,869,166,73,7,1115,0,0,0,1115
01/14/2005,MIA,FL,ASO,ES,Combined TRACON& Tower with Radar,866,190,79,3,1138,1,1,9,0,11,867,191,88,3,1149,0,0,0,1149
01/15/2005,MIA,FL,ASO,ES,Combined TRACON& Tower with Radar,847,172,42,2,1063,0,0,2,0,2,847,172,44,2,1065,0,0,0,1065
01/16/2005,MIA,FL,ASO,ES,Combined TRACON& Tower with Radar,840,132,59,0,1031,0,1,1,0,2,840,133,60,0,1033,0,0,0,1033
01/17/2005,MIA,FL,ASO,ES,Combined TRACON& Tower with Radar,794,174,72,1,1041,0,0,27,0,27,794,174,99,1,1068,0,0,0,1068
01/18/2005,MIA,FL,ASO,ES,Combined TRACON& Tower with Radar,848,154,46,4,1052,0,2,15,0,17,848,156,61,4,1069,0,0,0,1069
01/19/2005,MIA,FL,ASO,ES,Combined TRACON& Tower with Radar,844,169,56,4,1073,0,2,19,0,21,844,171,75,4,1094,0,0,0,1094
01/20/2005,MIA,FL,ASO,ES,Combined TRACON& Tower with Radar,852,170,60,6,1088,0,0,24,0,24,852,170,84,6,1112,0,0,0,1112
01/21/2005,MIA,FL,ASO,ES,Combined TRACON& Tower with Radar,844,175,64,5,1088,0,4,23,0,27,844,179,87,5,1115,0,0,0,1115
01/22/2005,MIA,FL,ASO,ES,Combined TRACON& Tower with Radar,813,142,47,0,1002,0,0,13,0,13,813,142,60,0,1015,0,0,0,1015
01/23/2005,MIA,FL,ASO,ES,Combined TRACON& Tower with Radar,763,153,58,0,974,0,0,10,0,10,763,153,68,0,984,0,0,0,984
01/24/2005,MIA,FL,ASO,ES,Combined TRACON& Tower with Radar,792,153,71,3,1019,1,4,26,1,32,793,157,97,4,1051,0,0,0,1051
01/25/2005,MIA,FL,ASO,ES,Combined TRACON& Tower with Radar,853,162,63,2,1080,1,6,35,0,42,854,168,98,2,1122,0,0,0,1122
01/26/2005,MIA,FL,ASO,ES,Combined TRACON& Tower with Radar,842,165,64,7,1078,0,4,20,0,24,842,169,84,7,1102,0,0,0,1102
01/27/2005,MIA,FL,ASO,ES,Combined TRACON& Tower with Radar,885,184,74,3,1146,0,2,31,0,33,885,186,105,3,1179,0,0,0,1179
01/28/2005,MIA,FL,ASO,ES,Combined TRACON& Tower with Radar,873,183,83,7,1146,0,3,35,1,39,873,186,118,8,1185,0,0,0,1185
01/29/2005,MIA,FL,ASO,ES,Combined TRACON& Tower with Radar,850,145,42,0,1037,0,2,3,0,5,850,147,45,0,1042,0,0,0,1042
01/30/2005,MIA,FL,ASO,ES,Combined TRACON& Tower with Radar,852,155,87,0,1094,0,4,15,0,19,852,159,102,0,1113,0,0,0,1113
01/31/2005,MIA,FL,ASO,ES,Combined TRACON& Tower with Radar,855,160,76,4,1095,0,2,25,0,27,855,162,101,4,1122,0,0,0,1122
02/01/2005,MIA,FL,ASO,ES,Combined TRACON& Tower with Radar,891,156,76,3,1126,1,3,18,0,22,892,159,94,3,1148,0,0,0,1148
02/02/2005,MIA,FL,ASO,ES,Combined TRACON& Tower with Radar,887,174,82,3,1146,1,0,20,0,21,888,174,102,3,1167,0,0,0,1167
02/03/2005,MIA,FL,ASO,ES,Combined TRACON& Tower with Radar,888,169,86,5,1148,0,2,18,1,21,888,171,104,6,1169,0,0,0,1169
02/04/2005,MIA,FL,ASO,ES,Combined TRACON& Tower with Radar,897,178,77,3,1155,0,0,9,0,9,897,178,86,3,1164,0,0,0,1164
02/05/2005,MIA,FL,ASO,ES,Combined TRACON& Tower with Radar,885,154,43,0,1082,1,2,15,0,18,886,156,58,0,1100,0,0,0,1100
02/06/2005,MIA,FL,ASO,ES,Combined TRACON& Tower with Radar,855,170,77,2,1104,0,0,16,0,16,855,170,93,2,1120,0,0,0,1120
02/07/2005,MIA,FL,ASO,ES,Combined TRACON& Tower with Radar,842,178,99,1,1120,0,2,25,0,27,842,180,124,1,1147,0,0,0,1147
02/08/2005,MIA,FL,ASO,ES,Combined TRACON& Tower with Radar,876,149,62,1,1088,0,2,6,0,8,876,151,68,1,1096,0,0,0,1096
02/09/2005,MIA,FL,ASO,ES,Combined TRACON& Tower with Radar,862,157,68,4,1091,0,0,26,0,26,862,157,94,4,1117,0,0,0,1117
02/10/2005,MIA,FL,ASO,ES,Combined TRACON& Tower with Radar,876,187,80,5,1148,0,4,28,0,32,876,191,108,5,1180,0,0,0,1180
02/11/2005,MIA,FL,ASO,ES,Combined TRACON& Tower with Radar,857,162,82,4,1105,0,2,34,0,36,857,164,116,4,1141,0,0,0,1141
02/12/2005,MIA,FL,ASO,ES,Combined TRACON& Tower with Radar,871,149,49,2,1071,0,3,11,0,14,871,152,60,2,1085,0,0,0,1085
02/13/2005,MIA,FL,ASO,ES,Combined TRACON& Tower with Radar,827,153,55,2,1037,0,2,4,0,6,827,155,59,2,1043,0,0,0,1043
02/14/2005,MIA,FL,ASO,ES,Combined TRACON& Tower with Radar,799,153,63,4,1019,1,1,17,0,19,800,154,80,4,1038,0,0,0,1038
02/15/2005,MIA,FL,ASO,ES,Combined TRACON& Tower with Radar,857,174,68,6,1105,1,1,27,0,29,858,175,95,6,1134,0,0,0,1134
02/16/2005,MIA,FL,ASO,ES,Combined TRACON& Tower with Radar,847,184,93,10,1134,0,3,18,0,21,847,187,111,10,1155,0,0,0,1155
02/17/2005,MIA,FL,ASO,ES,Combined TRACON& Tower with Radar,890,201,163,1,1255,1,5,41,1,48,891,206,204,2,1303,0,0,0,1303
02/18/2005,MIA,FL,ASO,ES,Combined TRACON& Tower with Radar,853,213,157,2,1225,1,2,29,0,32,854,215,186,2,1257,0,0,0,1257
02/19/2005,MIA,FL,ASO,ES,Combined TRACON& Tower with Radar,867,187,93,2,1149,0,1,30,0,31,867,188,123,2,1180,0,0,0,1180
02/20/2005,MIA,FL,ASO,ES,Combined TRACON& Tower with Radar,818,156,97,3,1074,0,2,11,0,13,818,158,108,3,1087,0,0,0,1087
02/21/2005,MIA,FL,ASO,ES,Combined TRACON& Tower with Radar,789,169,84,1,1043,0,1,24,0,25,789,170,108,1,1068,0,0,0,1068
02/22/2005,MIA,FL,ASO,ES,Combined TRACON& Tower with Radar,862,161,65,3,1091,0,5,24,2,31,862,166,89,5,1122,0,0,0,1122
02/23/2005,MIA,FL,ASO,ES,Combined TRACON& Tower with Radar,841,179,79,3,1102,1,2,32,0,35,842,181,111,3,1137,0,0,0,1137
02/24/2005,MIA,FL,ASO,ES,Combined TRACON& Tower with Radar,863,181,107,9,1160,0,9,45,0,54,863,190,152,9,1214,0,0,0,1214
02/25/2005,MIA,FL,ASO,ES,Combined TRACON& Tower with Radar,862,191,119,5,1177,0,3,21,0,24,862,194,140,5,1201,0,0,0,1201
02/26/2005,MIA,FL,ASO,ES,Combined TRACON& Tower with Radar,881,157,51,5,1094,0,3,15,0,18,881,160,66,5,1112,0,0,0,1112
02/27/2005,MIA,FL,ASO,ES,Combined TRACON& Tower with Radar,837,154,88,3,1082,0,3,4,0,7,837,157,92,3,1089,0,0,0,1089
02/28/2005,MIA,FL,ASO,ES,Combined TRACON& Tower with Radar,796,170,69,9,1044,0,2,13,0,15,796,172,82,9,1059,0,0,0,1059
03/01/2005,MIA,FL,ASO,ES,Combined TRACON& Tower with Radar,860,166,70,6,1102,0,2,37,0,39,860,168,107,6,1141,0,0,0,1141
03/02/2005,MIA,FL,ASO,ES,Combined TRACON& Tower with Radar,859,191,65,10,1125,0,3,29,0,32,859,194,94,10,1157,0,0,0,1157
03/03/2005,MIA,FL,ASO,ES,Combined TRACON& Tower with Radar,864,168,64,5,1101,0,2,24,0,26,864,170,88,5,1127,0,0,0,1127
03/04/2005,MIA,FL,ASO,ES,Combined TRACON& Tower with Radar,863,198,85,4,1150,0,1,16,18,35,863,199,101,22,1185,0,0,0,1185
03/05/2005,MIA,FL,ASO,ES,Combined TRACON& Tower with Radar,863,152,48,6,1069,0,1,18,5,24,863,153,66,11,1093,0,0,0,1093
03/06/2005,MIA,FL,ASO,ES,Combined TRACON& Tower with Radar,827,149,66,2,1044,0,0,9,8,17,827,149,75,10,1061,0,0,0,1061
03/07/2005,MIA,FL,ASO,ES,Combined TRACON& Tower with Radar,798,165,63,8,1034,0,1,27,1,29,798,166,90,9,1063,0,0,0,1063
03/08/2005,MIA,FL,ASO,ES,Combined TRACON& Tower with Radar,849,151,49,5,1054,0,0,13,0,13,849,151,62,5,1067,0,0,0,1067
03/09/2005,MIA,FL,ASO,ES,Combined TRACON& Tower with Radar,843,183,100,4,1130,0,0,2,0,2,843,183,102,4,1132,0,0,0,1132
03/10/2005,MIA,FL,ASO,ES,Combined TRACON& Tower with Radar,873,188,73,5,1139,2,4,23,0,29,875,192,96,5,1168,0,0,0,1168
03/11/2005,MIA,FL,ASO,ES,Combined TRACON& Tower with Radar,875,177,61,6,1119,0,3,39,0,42,875,180,100,6,1161,0,0,0,1161
03/12/2005,MIA,FL,ASO,ES,Combined TRACON& Tower with Radar,864,161,28,3,1056,1,2,13,0,16,865,163,41,3,1072,0,0,0,1072
03/13/2005,MIA,FL,ASO,ES,Combined TRACON& Tower with Radar,831,147,53,2,1033,1,1,19,0,21,832,148,72,2,1054,0,0,0,1054
03/14/2005,MIA,FL,ASO,ES,Combined TRACON& Tower with Radar,828,164,63,3,1058,0,2,15,1,18,828,166,78,4,1076,0,0,0,1076
03/15/2005,MIA,FL,ASO,ES,Combined TRACON& Tower with Radar,856,166,68,3,1093,0,0,25,0,25,856,166,93,3,1118,0,0,0,1118
03/16/2005,MIA,FL,ASO,ES,Combined TRACON& Tower with Radar,863,179,65,6,1113,0,0,17,0,17,863,179,82,6,1130,0,0,0,1130
03/17/2005,MIA,FL,ASO,ES,Combined TRACON& Tower with Radar,829,142,78,3,1052,0,1,20,0,21,829,143,98,3,1073,0,0,0,1073
03/18/2005,MIA,FL,ASO,ES,Combined TRACON& Tower with Radar,923,191,139,1,1254,1,2,22,0,25,924,193,161,1,1279,0,0,0,1279
03/19/2005,MIA,FL,ASO,ES,Combined TRACON& Tower with Radar,868,180,84,2,1134,0,0,15,0,15,868,180,99,2,1149,0,0,0,1149
03/20/2005,MIA,FL,ASO,ES,Combined TRACON& Tower with Radar,854,154,75,4,1087,1,1,22,0,24,855,155,97,4,1111,0,0,0,1111
03/21/2005,MIA,FL,ASO,ES,Combined TRACON& Tower with Radar,808,170,46,0,1024,0,1,21,0,22,808,171,67,0,1046,0,0,0,1046
03/22/2005,MIA,FL,ASO,ES,Combined TRACON& Tower with Radar,858,171,60,3,1092,0,0,10,0,10,858,171,70,3,1102,0,0,0,1102
03/23/2005,MIA,FL,ASO,ES,Combined TRACON& Tower with Radar,1025,216,68,3,1312,1,0,20,0,21,1026,216,88,3,1333,0,0,0,1333
03/24/2005,MIA,FL,ASO,ES,Combined TRACON& Tower with Radar,1025,216,68,3,1312,1,0,20,0,21,1026,216,88,3,1333,0,0,0,1333
03/25/2005,MIA,FL,ASO,ES,Combined TRACON& Tower with Radar,798,169,80,0,1047,0,3,23,0,26,798,172,103,0,1073,0,0,0,1073
03/26/2005,MIA,FL,ASO,ES,Combined TRACON& Tower with Radar,829,175,64,0,1068,0,0,0,0,0,829,175,64,0,1068,0,0,0,1068
03/27/2005,MIA,FL,ASO,ES,Combined TRACON& Tower with Radar,839,139,70,0,1048,0,1,12,0,13,839,140,82,0,1061,0,0,0,1061
03/28/2005,MIA,FL,ASO,ES,Combined TRACON& Tower with Radar,818,173,81,9,1081,0,0,19,0,19,818,173,100,9,1100,0,0,0,1100
03/29/2005,MIA,FL,ASO,ES,Combined TRACON& Tower with Radar,895,167,67,12,1141,0,1,28,0,29,895,168,95,12,1170,0,0,0,1170
03/30/2005,MIA,FL,ASO,ES,Combined TRACON& Tower with Radar,863,192,82,8,1145,0,1,29,0,30,863,193,111,8,1175,0,0,0,1175
03/31/2005,MIA,FL,ASO,ES,Combined TRACON& Tower with Radar,861,194,85,5,1145,1,0,13,0,14,862,194,98,5,1159,0,0,0,1159
04/01/2005,MIA,FL,ASO,ES,Combined TRACON& Tower with Radar,867,174,73,3,1117,1,3,22,0,26,868,177,95,3,1143,0,0,0,1143
04/02/2005,MIA,FL,ASO,ES,Combined TRACON& Tower with Radar,856,174,62,2,1094,0,3,6,0,9,856,177,68,2,1103,0,0,0,1103
04/03/2005,MIA,FL,ASO,ES,Combined TRACON& Tower with Radar,829,172,60,7,1068,0,0,7,0,7,829,172,67,7,1075,0,0,0,1075
04/04/2005,MIA,FL,ASO,ES,Combined TRACON& Tower with Radar,782,182,85,4,1053,1,2,38,0,41,783,184,123,4,1094,0,0,0,1094
04/05/2005,MIA,FL,ASO,ES,Combined TRACON& Tower with Radar,830,160,72,3,1065,1,0,22,0,23,831,160,94,3,1088,0,0,0,1088
04/06/2005,MIA,FL,ASO,ES,Combined TRACON& Tower with Radar,828,180,67,4,1079,1,0,23,0,24,829,180,90,4,1103,0,0,0,1103
04/07/2005,MIA,FL,ASO,ES,Combined TRACON& Tower with Radar,835,167,99,3,1104,2,7,32,0,41,837,174,131,3,1145,0,0,0,1145
04/08/2005,MIA,FL,ASO,ES,Combined TRACON& Tower with Radar,827,186,64,0,1077,2,0,11,0,13,829,186,75,0,1090,0,0,0,1090
04/09/2005,MIA,FL,ASO,ES,Combined TRACON& Tower with Radar,840,161,34,0,1035,0,3,22,0,25,840,164,56,0,1060,0,0,0,1060
04/10/2005,MIA,FL,ASO,ES,Combined TRACON& Tower with Radar,791,132,66,2,991,0,4,15,0,19,791,136,81,2,1010,0,0,0,1010
04/11/2005,MIA,FL,ASO,ES,Combined TRACON& Tower with Radar,768,153,67,5,993,0,3,17,0,20,768,156,84,5,1013,0,0,0,1013
04/12/2005,MIA,FL,ASO,ES,Combined TRACON& Tower with Radar,828,159,68,4,1059,2,4,20,0,26,830,163,88,4,1085,0,0,0,1085
04/13/2005,MIA,FL,ASO,ES,Combined TRACON& Tower with Radar,831,155,51,5,1042,0,1,23,0,24,831,156,74,5,1066,0,0,0,1066
04/14/2005,MIA,FL,ASO,ES,Combined TRACON& Tower with Radar,850,155,76,8,1089,0,2,19,0,21,850,157,95,8,1110,0,0,0,1110
04/15/2005,MIA,FL,ASO,ES,Combined TRACON& Tower with Radar,849,156,75,5,1085,1,2,19,0,22,850,158,94,5,1107,0,0,0,1107
04/16/2005,MIA,FL,ASO,ES,Combined TRACON& Tower with Radar,820,148,36,0,1004,0,3,12,0,15,820,151,48,0,1019,0,0,0,1019
04/17/2005,MIA,FL,ASO,ES,Combined TRACON& Tower with Radar,807,145,60,0,1012,0,1,7,0,8,807,146,67,0,1020,0,0,0,1020
04/18/2005,MIA,FL,ASO,ES,Combined TRACON& Tower with Radar,766,163,57,4,990,1,1,21,0,23,767,164,78,4,1013,0,0,0,1013
04/19/2005,MIA,FL,ASO,ES,Combined TRACON& Tower with Radar,818,184,53,4,1059,2,3,20,0,25,820,187,73,4,1084,0,0,0,1084
04/20/2005,MIA,FL,ASO,ES,Combined TRACON& Tower with Radar,838,162,53,5,1058,3,2,15,0,20,841,164,68,5,1078,0,0,0,1078
04/21/2005,MIA,FL,ASO,ES,Combined TRACON& Tower with Radar,839,161,54,6,1060,3,2,14,0,19,842,163,68,6,1079,0,0,0,1079
04/22/2005,MIA,FL,ASO,ES,Combined TRACON& Tower with Radar,840,170,50,3,1063,2,1,35,0,38,842,171,85,3,1101,0,0,0,1101
04/23/2005,MIA,FL,ASO,ES,Combined TRACON& Tower with Radar,846,132,36,8,1022,1,2,7,0,10,847,134,43,8,1032,0,0,0,1032
04/24/2005,MIA,FL,ASO,ES,Combined TRACON& Tower with Radar,828,144,59,8,1039,2,0,12,0,14,830,144,71,8,1053,0,0,0,1053
04/25/2005,MIA,FL,ASO,ES,Combined TRACON& Tower with Radar,796,155,44,8,1003,1,4,26,0,31,797,159,70,8,1034,0,0,0,1034
04/26/2005,MIA,FL,ASO,ES,Combined TRACON& Tower with Radar,840,151,54,7,1052,4,2,19,0,25,844,153,73,7,1077,0,0,0,1077
04/27/2005,MIA,FL,ASO,ES,Combined TRACON& Tower with Radar,848,170,69,4,1091,2,2,18,0,22,850,172,87,4,1113,0,0,0,1113
04/28/2005,MIA,FL,ASO,ES,Combined TRACON& Tower with Radar,871,173,71,5,1120,1,2,23,0,26,872,175,94,5,1146,0,0,0,1146
04/29/2005,MIA,FL,ASO,ES,Combined TRACON& Tower with Radar,853,163,79,2,1097,1,0,33,0,34,854,163,112,2,1131,0,0,0,1131
04/30/2005,MIA,FL,ASO,ES,Combined TRACON& Tower with Radar,850,127,29,2,1008,1,0,11,0,12,851,127,40,2,1020,0,0,0,1020
05/01/2005,MIA,FL,ASO,ES,Combined TRACON& Tower with Radar,805,150,62,0,1017,4,2,9,0,15,809,152,71,0,1032,0,0,0,1032
05/02/2005,MIA,FL,ASO,ES,Combined TRACON& Tower with Radar,767,168,61,2,998,0,3,24,0,27,767,171,85,2,1025,0,0,0,1025
05/03/2005,MIA,FL,ASO,ES,Combined TRACON& Tower with Radar,803,168,58,5,1034,4,1,14,0,19,807,169,72,5,1053,0,0,0,1053
05/04/2005,MIA,FL,ASO,ES,Combined TRACON& Tower with Radar,847,201,70,11,1129,5,3,18,0,26,852,204,88,11,1155,0,0,0,1155
05/05/2005,MIA,FL,ASO,ES,Combined TRACON& Tower with Radar,848,176,65,4,1093,2,1,20,0,23,850,177,85,4,1116,0,0,0,1116
05/06/2005,MIA,FL,ASO,ES,Combined TRACON& Tower with Radar,850,180,63,2,1095,2,0,18,0,20,852,180,81,2,1115,0,0,0,1115
05/07/2005,MIA,FL,ASO,ES,Combined TRACON& Tower with Radar,802,154,34,0,990,1,2,19,0,22,803,156,53,0,1012,0,0,0,1012
05/08/2005,MIA,FL,ASO,ES,Combined TRACON& Tower with Radar,777,135,39,1,952,0,0,10,0,10,777,135,49,1,962,0,0,0,962
05/09/2005,MIA,FL,ASO,ES,Combined TRACON& Tower with Radar,738,169,53,8,968,0,3,23,0,26,738,172,76,8,994,0,0,0,994
05/10/2005,MIA,FL,ASO,ES,Combined TRACON& Tower with Radar,799,165,54,10,1028,1,3,27,0,31,800,168,81,10,1059,0,0,0,1059
05/11/2005,MIA,FL,ASO,ES,Combined TRACON& Tower with Radar,779,171,57,2,1009,1,4,15,2,22,780,175,72,4,1031,0,0,0,1031
05/12/2005,MIA,FL,ASO,ES,Combined TRACON& Tower with Radar,970,193,69,7,1239,5,3,16,0,24,975,196,85,7,1263,0,0,0,1263
05/13/2005,MIA,FL,ASO,ES,Combined TRACON& Tower with Radar,823,176,56,0,1055,1,5,25,0,31,824,181,81,0,1086,0,0,0,1086
05/14/2005,MIA,FL,ASO,ES,Combined TRACON& Tower with Radar,795,127,37,2,961,3,4,13,0,20,798,131,50,2,981,0,0,0,981
05/15/2005,MIA,FL,ASO,ES,Combined TRACON& Tower with Radar,771,118,43,0,932,1,0,11,0,12,772,118,54,0,944,0,0,0,944
05/16/2005,MIA,FL,ASO,ES,Combined TRACON& Tower with Radar,755,146,48,2,951,1,1,11,0,13,756,147,59,2,964,0,0,0,964
05/17/2005,MIA,FL,ASO,ES,Combined TRACON& Tower with Radar,795,183,58,5,1041,1,4,20,0,25,796,187,78,5,1066,0,0,0,1066
05/18/2005,MIA,FL,ASO,ES,Combined TRACON& Tower with Radar,821,164,69,5,1059,0,2,19,0,21,821,166,88,5,1080,0,0,0,1080
05/19/2005,MIA,FL,ASO,ES,Combined TRACON& Tower with Radar,809,163,56,8,1036,2,0,24,1,27,811,163,80,9,1063,0,0,0,1063
05/20/2005,MIA,FL,ASO,ES,Combined TRACON& Tower with Radar,805,150,71,4,1030,3,3,9,0,15,808,153,80,4,1045,0,0,0,1045
05/21/2005,MIA,FL,ASO,ES,Combined TRACON& Tower with Radar,790,122,32,3,947,2,0,6,0,8,792,122,38,3,955,0,0,0,955
05/22/2005,MIA,FL,ASO,ES,Combined TRACON& Tower with Radar,766,115,46,2,929,2,0,6,0,8,768,115,52,2,937,0,0,0,937
05/23/2005,MIA,FL,ASO,ES,Combined TRACON& Tower with Radar,740,153,48,1,942,1,1,18,0,20,741,154,66,1,962,0,0,0,962
05/24/2005,MIA,FL,ASO,ES,Combined TRACON& Tower with Radar,805,149,41,7,1002,1,1,34,0,36,806,150,75,7,1038,0,0,0,1038
05/25/2005,MIA,FL,ASO,ES,Combined TRACON& Tower with Radar,962,215,93,6,1276,0,0,30,0,30,962,215,123,6,1306,0,0,0,1306
05/26/2005,MIA,FL,ASO,ES,Combined TRACON& Tower with Radar,809,161,69,5,1044,1,5,27,0,33,810,166,96,5,1077,0,0,0,1077
05/27/2005,MIA,FL,ASO,ES,Combined TRACON& Tower with Radar,972,195,67,8,1242,3,0,39,1,43,975,195,106,9,1285,0,0,0,1285
05/28/2005,MIA,FL,ASO,ES,Combined TRACON& Tower with Radar,787,133,28,1,949,1,0,14,0,15,788,133,42,1,964,0,0,0,964
05/29/2005,MIA,FL,ASO,ES,Combined TRACON& Tower with Radar,771,114,22,0,907,0,1,11,0,12,771,115,33,0,919,0,0,0,919
05/30/2005,MIA,FL,ASO,ES,Combined TRACON& Tower with Radar,749,153,57,3,962,0,0,5,0,5,749,153,62,3,967,0,0,0,967
05/31/2005,MIA,FL,ASO,ES,Combined TRACON& Tower with Radar,784,144,49,1,978,0,1,12,0,13,784,145,61,1,991,0,0,0,991
06/01/2005,MIA,FL,ASO,ES,Combined TRACON& Tower with Radar,805,166,57,5,1033,3,0,7,0,10,808,166,64,5,1043,0,0,0,1043
06/02/2005,MIA,FL,ASO,ES,Combined TRACON& Tower with Radar,818,169,53,5,1045,3,2,17,0,22,821,171,70,5,1067,0,0,0,1067
06/03/2005,MIA,FL,ASO,ES,Combined TRACON& Tower with Radar,822,150,57,3,1032,1,1,12,2,16,823,151,69,5,1048,0,0,0,1048
06/04/2005,MIA,FL,ASO,ES,Combined TRACON& Tower with Radar,789,127,40,2,958,1,0,8,0,9,790,127,48,2,967,0,0,0,967
06/05/2005,MIA,FL,ASO,ES,Combined TRACON& Tower with Radar,782,115,34,2,933,2,0,1,0,3,784,115,35,2,936,0,0,0,936
06/06/2005,MIA,FL,ASO,ES,Combined TRACON& Tower with Radar,759,152,61,9,981,0,0,11,0,11,759,152,72,9,992,0,0,0,992
06/07/2005,MIA,FL,ASO,ES,Combined TRACON& Tower with Radar,793,161,50,7,1011,2,2,7,0,11,795,163,57,7,1022,0,0,0,1022
06/08/2005,MIA,FL,ASO,ES,Combined TRACON& Tower with Radar,790,175,53,8,1026,2,0,19,0,21,792,175,72,8,1047,0,0,0,1047
06/09/2005,MIA,FL,ASO,ES,Combined TRACON& Tower with Radar,825,171,57,9,1062,1,0,21,0,22,826,171,78,9,1084,0,0,0,1084
06/10/2005,MIA,FL,ASO,ES,Combined TRACON& Tower with Radar,852,157,65,6,1080,0,0,2,0,2,852,157,67,6,1082,0,0,0,1082
06/11/2005,MIA,FL,ASO,ES,Combined TRACON& Tower with Radar,820,135,28,1,984,2,0,1,0,3,822,135,29,1,987,0,0,0,987
06/12/2005,MIA,FL,ASO,ES,Combined TRACON& Tower with Radar,818,138,28,1,985,2,0,4,0,6,820,138,32,1,991,0,0,0,991
06/13/2005,MIA,FL,ASO,ES,Combined TRACON& Tower with Radar,768,163,53,4,988,2,3,13,0,18,770,166,66,4,1006,0,0,0,1006
06/14/2005,MIA,FL,ASO,ES,Combined TRACON& Tower with Radar,809,154,41,5,1009,6,1,7,0,14,815,155,48,5,1023,0,0,0,1023
06/15/2005,MIA,FL,ASO,ES,Combined TRACON& Tower with Radar,832,170,54,5,1061,4,1,25,0,30,836,171,79,5,1091,0,0,0,1091
06/16/2005,MIA,FL,ASO,ES,Combined TRACON& Tower with Radar,825,158,47,3,1033,1,1,27,3,32,826,159,74,6,1065,0,0,0,1065
06/17/2005,MIA,FL,ASO,ES,Combined TRACON& Tower with Radar,859,175,51,1,1086,2,1,12,1,16,861,176,63,2,1102,0,0,0,1102
06/18/2005,MIA,FL,ASO,ES,Combined TRACON& Tower with Radar,834,139,30,1,1004,1,3,17,7,28,835,142,47,8,1032,0,0,0,1032
06/19/2005,MIA,FL,ASO,ES,Combined TRACON& Tower with Radar,799,125,34,5,963,1,0,3,1,5,800,125,37,6,968,0,0,0,968
06/20/2005,MIA,FL,ASO,ES,Combined TRACON& Tower with Radar,766,144,41,5,956,2,1,6,0,9,768,145,47,5,965,0,0,0,965
06/21/2005,MIA,FL,ASO,ES,Combined TRACON& Tower with Radar,839,158,49,1,1047,3,0,9,0,12,842,158,58,1,1059,0,0,0,1059
06/22/2005,MIA,FL,ASO,ES,Combined TRACON& Tower with Radar,843,167,49,1,1060,1,1,1,0,3,844,168,50,1,1063,0,0,0,1063
06/23/2005,MIA,FL,ASO,ES,Combined TRACON& Tower with Radar,826,148,58,5,1037,1,1,16,0,18,827,149,74,5,1055,0,0,0,1055
06/24/2005,MIA,FL,ASO,ES,Combined TRACON& Tower with Radar,855,169,58,9,1091,2,5,12,0,19,857,174,70,9,1110,0,0,0,1110
06/25/2005,MIA,FL,ASO,ES,Combined TRACON& Tower with Radar,823,128,23,2,976,2,1,7,0,10,825,129,30,2,986,0,0,0,986
06/26/2005,MIA,FL,ASO,ES,Combined TRACON& Tower with Radar,805,126,31,4,966,1,1,6,0,8,806,127,37,4,974,0,0,0,974
06/27/2005,MIA,FL,ASO,ES,Combined TRACON& Tower with Radar,782,147,41,4,974,2,1,17,1,21,784,148,58,5,995,0,0,0,995
06/28/2005,MIA,FL,ASO,ES,Combined TRACON& Tower with Radar,834,159,69,6,1068,0,6,0,0,6,834,165,69,6,1074,0,0,0,1074
06/29/2005,MIA,FL,ASO,ES,Combined TRACON& Tower with Radar,847,172,42,9,1070,1,1,56,0,58,848,173,98,9,1128,0,0,0,1128
06/30/2005,MIA,FL,ASO,ES,Combined TRACON& Tower with Radar,847,156,58,8,1069,0,2,16,0,18,847,158,74,8,1087,0,0,0,1087
07/01/2005,MIA,FL,ASO,ES,Combined TRACON& Tower with Radar,900,171,65,1,1137,2,2,25,0,29,902,173,90,1,1166,0,0,0,1166
07/02/2005,MIA,FL,ASO,ES,Combined TRACON& Tower with Radar,820,136,26,0,982,3,2,3,0,8,823,138,29,0,990,0,0,0,990
07/03/2005,MIA,FL,ASO,ES,Combined TRACON& Tower with Radar,812,118,16,0,946,2,1,1,0,4,814,119,17,0,950,0,0,0,950
07/04/2005,MIA,FL,ASO,ES,Combined TRACON& Tower with Radar,775,132,12,0,919,0,1,6,0,7,775,133,18,0,926,0,0,0,926
07/05/2005,MIA,FL,ASO,ES,Combined TRACON& Tower with Radar,803,143,41,1,988,3,2,24,0,29,806,145,65,1,1017,0,0,0,1017
07/06/2005,MIA,FL,ASO,ES,Combined TRACON& Tower with Radar,846,172,31,4,1053,2,6,11,0,19,848,178,42,4,1072,0,0,0,1072
07/07/2005,MIA,FL,ASO,ES,Combined TRACON& Tower with Radar,820,145,44,4,1013,0,0,25,0,25,820,145,69,4,1038,0,0,0,1038
07/08/2005,MIA,FL,ASO,ES,Combined TRACON& Tower with Radar,837,146,33,0,1016,2,4,5,0,11,839,150,38,0,1027,0,0,0,1027
07/09/2005,MIA,FL,ASO,ES,Combined TRACON& Tower with Radar,807,119,17,2,945,0,0,1,0,1,807,119,18,2,946,0,0,0,946
07/10/2005,MIA,FL,ASO,ES,Combined TRACON& Tower with Radar,799,118,24,1,942,1,0,1,0,2,800,118,25,1,944,0,0,0,944
07/11/2005,MIA,FL,ASO,ES,Combined TRACON& Tower with Radar,779,150,49,6,984,2,3,7,0,12,781,153,56,6,996,0,0,0,996
07/12/2005,MIA,FL,ASO,ES,Combined TRACON& Tower with Radar,843,154,45,3,1045,1,1,14,0,16,844,155,59,3,1061,0,0,0,1061
07/13/2005,MIA,FL,ASO,ES,Combined TRACON& Tower with Radar,828,167,48,11,1054,2,0,15,0,17,830,167,63,11,1071,0,0,0,1071
07/14/2005,MIA,FL,ASO,ES,Combined TRACON& Tower with Radar,856,166,85,7,1114,2,4,5,0,11,858,170,90,7,1125,0,0,0,1125
07/15/2005,MIA,FL,ASO,ES,Combined TRACON& Tower with Radar,828,161,54,8,1051,3,0,17,0,20,831,161,71,8,1071,0,0,0,1071
07/16/2005,MIA,FL,ASO,ES,Combined TRACON& Tower with Radar,844,163,28,4,1039,1,0,5,0,6,845,163,33,4,1045,0,0,0,1045
07/17/2005,MIA,FL,ASO,ES,Combined TRACON& Tower with Radar,799,140,28,1,968,1,0,9,0,10,800,140,37,1,978,0,0,0,978
07/18/2005,MIA,FL,ASO,ES,Combined TRACON& Tower with Radar,784,158,55,4,1001,0,1,12,0,13,784,159,67,4,1014,0,0,0,1014
07/19/2005,MIA,FL,ASO,ES,Combined TRACON& Tower with Radar,837,158,40,1,1036,4,2,12,0,18,841,160,52,1,1054,0,0,0,1054
07/20/2005,MIA,FL,ASO,ES,Combined TRACON& Tower with Radar,825,189,54,5,1073,1,6,17,0,24,826,195,71,5,1097,0,0,0,1097
07/21/2005,MIA,FL,ASO,ES,Combined TRACON& Tower with Radar,825,164,48,7,1044,2,4,17,0,23,827,168,65,7,1067,0,0,0,1067
07/22/2005,MIA,FL,ASO,ES,Combined TRACON& Tower with Radar,846,173,61,3,1083,4,0,20,0,24,850,173,81,3,1107,0,0,0,1107
07/23/2005,MIA,FL,ASO,ES,Combined TRACON& Tower with Radar,830,154,24,0,1008,2,1,5,0,8,832,155,29,0,1016,0,0,0,1016
07/24/2005,MIA,FL,ASO,ES,Combined TRACON& Tower with Radar,810,133,36,0,979,2,1,3,0,6,812,134,39,0,985,0,0,0,985
07/25/2005,MIA,FL,ASO,ES,Combined TRACON& Tower with Radar,781,161,34,2,978,1,1,25,2,29,782,162,59,4,1007,0,0,0,1007
07/26/2005,MIA,FL,ASO,ES,Combined TRACON& Tower with Radar,846,155,41,2,1044,2,2,24,0,28,848,157,65,2,1072,0,0,0,1072
07/27/2005,MIA,FL,ASO,ES,Combined TRACON& Tower with Radar,820,165,49,4,1038,2,0,19,0,21,822,165,68,4,1059,0,0,0,1059
07/28/2005,MIA,FL,ASO,ES,Combined TRACON& Tower with Radar,821,165,49,4,1039,2,0,18,0,20,823,165,67,4,1059,0,0,0,1059
07/29/2005,MIA,FL,ASO,ES,Combined TRACON& Tower with Radar,841,164,42,4,1051,2,1,16,0,19,843,165,58,4,1070,0,0,0,1070
07/30/2005,MIA,FL,ASO,ES,Combined TRACON& Tower with Radar,823,133,15,4,975,4,0,8,0,12,827,133,23,4,987,0,0,0,987
07/31/2005,MIA,FL,ASO,ES,Combined TRACON& Tower with Radar,806,134,20,0,960,0,3,17,0,20,806,137,37,0,980,0,0,0,980
08/01/2005,MIA,FL,ASO,ES,Combined TRACON& Tower with Radar,780,153,23,4,960,0,4,21,1,26,780,157,44,5,986,0,0,0,986
08/02/2005,MIA,FL,ASO,ES,Combined TRACON& Tower with Radar,817,186,28,2,1033,3,0,13,0,16,820,186,41,2,1049,0,0,0,1049
08/03/2005,MIA,FL,ASO,ES,Combined TRACON& Tower with Radar,839,176,43,5,1063,0,0,13,0,13,839,176,56,5,1076,0,0,0,1076
08/04/2005,MIA,FL,ASO,ES,Combined TRACON& Tower with Radar,816,166,28,3,1013,2,4,18,0,24,818,170,46,3,1037,0,0,0,1037
08/05/2005,MIA,FL,ASO,ES,Combined TRACON& Tower with Radar,843,194,42,3,1082,2,0,11,1,14,845,194,53,4,1096,0,0,0,1096
08/06/2005,MIA,FL,ASO,ES,Combined TRACON& Tower with Radar,806,136,26,1,969,3,1,7,0,11,809,137,33,1,980,0,0,0,980
08/07/2005,MIA,FL,ASO,ES,Combined TRACON& Tower with Radar,806,141,33,2,982,0,0,4,1,5,806,141,37,3,987,0,0,0,987
08/08/2005,MIA,FL,ASO,ES,Combined TRACON& Tower with Radar,780,173,39,4,996,0,1,15,0,16,780,174,54,4,1012,0,0,0,1012
08/09/2005,MIA,FL,ASO,ES,Combined TRACON& Tower with Radar,841,162,40,1,1044,1,3,19,0,23,842,165,59,1,1067,0,0,0,1067
08/10/2005,MIA,FL,ASO,ES,Combined TRACON& Tower with Radar,816,172,50,9,1047,2,0,10,0,12,818,172,60,9,1059,0,0,0,1059
08/11/2005,MIA,FL,ASO,ES,Combined TRACON& Tower with Radar,822,166,40,12,1040,1,3,23,0,27,823,169,63,12,1067,0,0,0,1067
08/12/2005,MIA,FL,ASO,ES,Combined TRACON& Tower with Radar,826,165,56,7,1054,1,0,15,0,16,827,165,71,7,1070,0,0,0,1070
08/13/2005,MIA,FL,ASO,ES,Combined TRACON& Tower with Radar,795,145,23,2,965,3,0,16,0,19,798,145,39,2,984,0,0,0,984
08/14/2005,MIA,FL,ASO,ES,Combined TRACON& Tower with Radar,786,137,37,6,966,3,2,9,0,14,789,139,46,6,980,0,0,0,980
08/15/2005,MIA,FL,ASO,ES,Combined TRACON& Tower with Radar,741,170,44,4,959,2,3,28,0,33,743,173,72,4,992,0,0,0,992
08/16/2005,MIA,FL,ASO,ES,Combined TRACON& Tower with Radar,815,171,50,7,1043,3,11,10,1,25,818,182,60,8,1068,0,0,0,1068
08/17/2005,MIA,FL,ASO,ES,Combined TRACON& Tower with Radar,820,183,48,2,1053,0,1,12,0,13,820,184,60,2,1066,0,0,0,1066
08/18/2005,MIA,FL,ASO,ES,Combined TRACON& Tower with Radar,818,149,58,9,1034,1,0,16,0,17,819,149,74,9,1051,0,0,0,1051
08/19/2005,MIA,FL,ASO,ES,Combined TRACON& Tower with Radar,966,204,45,6,1221,0,0,20,1,21,966,204,65,7,1242,0,0,0,1242
08/20/2005,MIA,FL,ASO,ES,Combined TRACON& Tower with Radar,797,143,25,2,967,2,1,6,0,9,799,144,31,2,976,0,0,0,976
08/21/2005,MIA,FL,ASO,ES,Combined TRACON& Tower with Radar,790,128,26,3,947,0,3,5,0,8,790,131,31,3,955,0,0,0,955
08/22/2005,MIA,FL,ASO,ES,Combined TRACON& Tower with Radar,770,150,37,10,967,2,1,5,0,8,772,151,42,10,975,0,0,0,975
08/23/2005,MIA,FL,ASO,ES,Combined TRACON& Tower with Radar,822,167,29,4,1022,0,2,13,0,15,822,169,42,4,1037,0,0,0,1037
08/24/2005,MIA,FL,ASO,ES,Combined TRACON& Tower with Radar,780,158,42,4,984,0,1,9,0,10,780,159,51,4,994,0,0,0,994
08/25/2005,MIA,FL,ASO,ES,Combined TRACON& Tower with Radar,510,116,30,0,656,2,0,3,0,5,512,116,33,0,661,0,0,0,661
08/26/2005,MIA,FL,ASO,ES,Combined TRACON& Tower with Radar,452,88,27,2,569,1,0,44,6,51,453,88,71,8,620,0,0,0,620
08/27/2005,MIA,FL,ASO,ES,Combined TRACON& Tower with Radar,716,145,51,0,912,1,3,21,0,25,717,148,72,0,937,0,0,0,937
08/28/2005,MIA,FL,ASO,ES,Combined TRACON& Tower with Radar,755,134,45,1,935,0,1,28,0,29,755,135,73,1,964,0,0,0,964
08/29/2005,MIA,FL,ASO,ES,Combined TRACON& Tower with Radar,721,162,53,7,943,1,0,22,0,23,722,162,75,7,966,0,0,0,966
08/30/2005,MIA,FL,ASO,ES,Combined TRACON& Tower with Radar,745,157,52,4,958,2,0,17,0,19,747,157,69,4,977,0,0,0,977
08/31/2005,MIA,FL,ASO,ES,Combined TRACON& Tower with Radar,774,175,62,8,1019,1,0,22,0,23,775,175,84,8,1042,0,0,0,1042
09/01/2005,MIA,FL,ASO,ES,Combined TRACON& Tower with Radar,780,164,56,7,1007,2,1,8,0,11,782,165,64,7,1018,0,0,0,1018
09/02/2005,MIA,FL,ASO,ES,Combined TRACON& Tower with Radar,802,168,51,2,1023,1,3,4,0,8,803,171,55,2,1031,0,0,0,1031
09/03/2005,MIA,FL,ASO,ES,Combined TRACON& Tower with Radar,746,133,15,2,896,1,4,6,0,11,747,137,21,2,907,0,0,0,907
09/04/2005,MIA,FL,ASO,ES,Combined TRACON& Tower with Radar,729,112,19,1,861,0,0,6,0,6,729,112,25,1,867,0,0,0,867
09/05/2005,MIA,FL,ASO,ES,Combined TRACON& Tower with Radar,739,163,47,0,949,0,1,1,0,2,739,164,48,0,951,0,0,0,951
09/06/2005,MIA,FL,ASO,ES,Combined TRACON& Tower with Radar,738,150,33,3,924,3,3,4,0,10,741,153,37,3,934,0,0,0,934
09/07/2005,MIA,FL,ASO,ES,Combined TRACON& Tower with Radar,780,165,39,3,987,0,0,4,0,4,780,165,43,3,991,0,0,0,991
09/08/2005,MIA,FL,ASO,ES,Combined TRACON& Tower with Radar,786,156,40,0,982,0,0,18,0,18,786,156,58,0,1000,0,0,0,1000
09/09/2005,MIA,FL,ASO,ES,Combined TRACON& Tower with Radar,786,156,40,0,982,0,0,18,0,18,786,156,58,0,1000,0,0,0,1000
09/10/2005,MIA,FL,ASO,ES,Combined TRACON& Tower with Radar,724,124,19,0,867,2,1,16,0,19,726,125,35,0,886,0,0,0,886
09/11/2005,MIA,FL,ASO,ES,Combined TRACON& Tower with Radar,702,136,28,1,867,0,0,5,0,5,702,136,33,1,872,0,0,0,872
09/12/2005,MIA,FL,ASO,ES,Combined TRACON& Tower with Radar,691,157,45,3,896,0,0,16,0,16,691,157,61,3,912,0,0,0,912
09/13/2005,MIA,FL,ASO,ES,Combined TRACON& Tower with Radar,744,160,39,2,945,0,0,11,0,11,744,160,50,2,956,0,0,0,956
09/14/2005,MIA,FL,ASO,ES,Combined TRACON& Tower with Radar,763,179,55,3,1000,0,2,19,0,21,763,181,74,3,1021,0,0,0,1021
09/15/2005,MIA,FL,ASO,ES,Combined TRACON& Tower with Radar,741,179,57,11,988,5,2,13,0,20,746,181,70,11,1008,0,0,0,1008
09/16/2005,MIA,FL,ASO,ES,Combined TRACON& Tower with Radar,761,170,52,10,993,1,0,14,0,15,762,170,66,10,1008,0,0,0,1008
09/17/2005,MIA,FL,ASO,ES,Combined TRACON& Tower with Radar,708,133,22,0,863,2,1,15,1,19,710,134,37,1,882,0,0,0,882
09/18/2005,MIA,FL,ASO,ES,Combined TRACON& Tower with Radar,717,128,22,5,872,2,0,1,0,3,719,128,23,5,875,0,0,0,875
09/19/2005,MIA,FL,ASO,ES,Combined TRACON& Tower with Radar,667,169,56,7,899,0,3,13,0,16,667,172,69,7,915,0,0,0,915
09/20/2005,MIA,FL,ASO,ES,Combined TRACON& Tower with Radar,393,73,18,2,486,2,0,2,0,4,395,73,20,2,490,0,0,0,490
09/21/2005,MIA,FL,ASO,ES,Combined TRACON& Tower with Radar,751,168,35,3,957,10,1,5,0,16,761,169,40,3,973,0,0,0,973
09/22/2005,MIA,FL,ASO,ES,Combined TRACON& Tower with Radar,764,177,57,2,1000,0,0,12,0,12,764,177,69,2,1012,0,0,0,1012
09/23/2005,MIA,FL,ASO,ES,Combined TRACON& Tower with Radar,751,166,50,7,974,1,0,15,0,16,752,166,65,7,990,0,0,0,990
09/24/2005,MIA,FL,ASO,ES,Combined TRACON& Tower with Radar,697,130,22,1,850,4,2,34,0,40,701,132,56,1,890,0,0,0,890
09/25/2005,MIA,FL,ASO,ES,Combined TRACON& Tower with Radar,698,134,37,1,870,1,0,10,0,11,699,134,47,1,881,0,0,0,881
09/26/2005,MIA,FL,ASO,ES,Combined TRACON& Tower with Radar,694,166,42,5,907,1,1,15,0,17,695,167,57,5,924,0,0,0,924
09/27/2005,MIA,FL,ASO,ES,Combined TRACON& Tower with Radar,762,174,50,8,994,0,1,21,0,22,762,175,71,8,1016,0,0,0,1016
09/28/2005,MIA,FL,ASO,ES,Combined TRACON& Tower with Radar,740,167,39,3,949,1,2,21,0,24,741,169,60,3,973,0,0,0,973
09/29/2005,MIA,FL,ASO,ES,Combined TRACON& Tower with Radar,766,168,50,2,986,2,1,19,0,22,768,169,69,2,1008,0,0,0,1008
09/30/2005,MIA,FL,ASO,ES,Combined TRACON& Tower with Radar,766,168,50,2,986,2,1,19,0,22,768,169,69,2,1008,0,0,0,1008
10/01/2005,MIA,FL,ASO,ES,Combined TRACON& Tower with Radar,732,128,30,2,892,1,0,11,0,12,733,128,41,2,904,0,0,0,904
10/02/2005,MIA,FL,ASO,ES,Combined TRACON& Tower with Radar,730,139,36,0,905,2,1,5,0,8,732,140,41,0,913,0,0,0,913
10/03/2005,MIA,FL,ASO,ES,Combined TRACON& Tower with Radar,706,157,36,0,899,0,0,10,1,11,706,157,46,1,910,0,0,0,910
10/04/2005,MIA,FL,ASO,ES,Combined TRACON& Tower with Radar,767,151,37,4,959,1,0,7,0,8,768,151,44,4,967,0,0,0,967
10/05/2005,MIA,FL,ASO,ES,Combined TRACON& Tower with Radar,767,173,40,3,983,0,0,10,0,10,767,173,50,3,993,0,0,0,993
10/06/2005,MIA,FL,ASO,ES,Combined TRACON& Tower with Radar,787,163,43,2,995,0,2,4,0,6,787,165,47,2,1001,0,0,0,1001
10/07/2005,MIA,FL,ASO,ES,Combined TRACON& Tower with Radar,788,163,43,2,996,1,2,4,0,7,789,165,47,2,1003,0,0,0,1003
10/08/2005,MIA,FL,ASO,ES,Combined TRACON& Tower with Radar,757,130,25,0,912,0,0,23,0,23,757,130,48,0,935,0,0,0,935
10/09/2005,MIA,FL,ASO,ES,Combined TRACON& Tower with Radar,749,127,28,0,904,0,0,4,0,4,749,127,32,0,908,0,0,0,908
10/10/2005,MIA,FL,ASO,ES,Combined TRACON& Tower with Radar,714,174,42,0,930,1,0,15,0,16,715,174,57,0,946,0,0,0,946
10/11/2005,MIA,FL,ASO,ES,Combined TRACON& Tower with Radar,756,172,55,3,986,1,2,9,0,12,757,174,64,3,998,0,0,0,998
10/12/2005,MIA,FL,ASO,ES,Combined TRACON& Tower with Radar,777,172,55,3,1007,2,2,9,0,13,779,174,64,3,1020,0,0,0,1020
10/13/2005,MIA,FL,ASO,ES,Combined TRACON& Tower with Radar,770,174,62,3,1009,0,0,8,0,8,770,174,70,3,1017,0,0,0,1017
10/14/2005,MIA,FL,ASO,ES,Combined TRACON& Tower with Radar,773,173,50,2,998,2,0,22,0,24,775,173,72,2,1022,0,0,0,1022
10/15/2005,MIA,FL,ASO,ES,Combined TRACON& Tower with Radar,752,132,20,2,906,1,0,0,0,1,753,132,20,2,907,0,0,0,907
10/16/2005,MIA,FL,ASO,ES,Combined TRACON& Tower with Radar,750,146,44,2,942,1,1,12,0,14,751,147,56,2,956,0,0,0,956
10/17/2005,MIA,FL,ASO,ES,Combined TRACON& Tower with Radar,713,169,58,3,943,1,0,9,0,10,714,169,67,3,953,0,0,0,953
10/18/2005,MIA,FL,ASO,ES,Combined TRACON& Tower with Radar,765,169,72,3,1009,1,0,21,0,22,766,169,93,3,1031,0,0,0,1031
10/19/2005,MIA,FL,ASO,ES,Combined TRACON& Tower with Radar,777,172,60,1,1010,2,0,13,0,15,779,172,73,1,1025,0,0,0,1025
10/20/2005,MIA,FL,ASO,ES,Combined TRACON& Tower with Radar,784,161,57,3,1005,2,1,12,0,15,786,162,69,3,1020,0,0,0,1020
10/21/2005,MIA,FL,ASO,ES,Combined TRACON& Tower with Radar,775,171,48,0,994,1,0,2,0,3,776,171,50,0,997,0,0,0,997
10/22/2005,MIA,FL,ASO,ES,Combined TRACON& Tower with Radar,724,128,22,0,874,0,0,1,1,2,724,128,23,1,876,0,0,0,876
10/23/2005,MIA,FL,ASO,ES,Combined TRACON& Tower with Radar,644,118,25,0,787,0,0,4,0,4,644,118,29,0,791,0,0,0,791
10/24/2005,MIA,FL,ASO,ES,Combined TRACON& Tower with Radar,0,0,0,0,0,0,0,0,0,0,0,0,0,0,0,0,0,0,0
10/25/2005,MIA,FL,ASO,ES,Combined TRACON& Tower with Radar,32,7,19,2,60,1,0,37,2,40,33,7,56,4,100,0,0,0,100
10/26/2005,MIA,FL,ASO,ES,Combined TRACON& Tower with Radar,538,126,53,2,719,3,9,42,6,60,541,135,95,8,779,0,0,0,779
10/27/2005,MIA,FL,ASO,ES,Combined TRACON& Tower with Radar,634,172,68,5,879,0,4,25,6,35,634,176,93,11,914,0,0,0,914
10/28/2005,MIA,FL,ASO,ES,Combined TRACON& Tower with Radar,698,196,42,5,941,0,5,58,4,67,698,201,100,9,1008,0,0,0,1008
10/29/2005,MIA,FL,ASO,ES,Combined TRACON& Tower with Radar,698,196,42,5,941,0,5,58,4,67,698,201,100,9,1008,0,0,0,1008
10/30/2005,MIA,FL,ASO,ES,Combined TRACON& Tower with Radar,714,150,33,4,901,1,5,11,2,19,715,155,44,6,920,0,0,0,920
10/31/2005,MIA,FL,ASO,ES,Combined TRACON& Tower with Radar,716,183,43,5,947,0,1,20,6,27,716,184,63,11,974,0,0,0,974
11/01/2005,MIA,FL,ASO,ES,Combined TRACON& Tower with Radar,823,176,34,4,1037,1,0,19,0,20,824,176,53,4,1057,0,0,0,1057
11/02/2005,MIA,FL,ASO,ES,Combined TRACON& Tower with Radar,813,175,44,6,1038,1,0,11,0,12,814,175,55,6,1050,0,0,0,1050
11/03/2005,MIA,FL,ASO,ES,Combined TRACON& Tower with Radar,835,182,56,4,1077,0,1,16,0,17,835,183,72,4,1094,0,0,0,1094
11/04/2005,MIA,FL,ASO,ES,Combined TRACON& Tower with Radar,786,191,45,4,1026,2,3,11,0,16,788,194,56,4,1042,0,0,0,1042
11/05/2005,MIA,FL,ASO,ES,Combined TRACON& Tower with Radar,773,147,22,2,944,1,1,12,0,14,774,148,34,2,958,0,0,0,958
11/06/2005,MIA,FL,ASO,ES,Combined TRACON& Tower with Radar,773,163,40,3,979,1,1,20,0,22,774,164,60,3,1001,0,0,0,1001
11/07/2005,MIA,FL,ASO,ES,Combined TRACON& Tower with Radar,749,177,53,2,981,1,0,13,0,14,750,177,66,2,995,0,0,0,995
11/08/2005,MIA,FL,ASO,ES,Combined TRACON& Tower with Radar,809,183,48,2,1042,0,2,24,0,26,809,185,72,2,1068,0,0,0,1068
11/09/2005,MIA,FL,ASO,ES,Combined TRACON& Tower with Radar,790,193,55,6,1044,0,2,16,0,18,790,195,71,6,1062,0,0,0,1062
11/10/2005,MIA,FL,ASO,ES,Combined TRACON& Tower with Radar,836,217,72,8,1133,1,4,24,0,29,837,221,96,8,1162,0,0,0,1162
11/11/2005,MIA,FL,ASO,ES,Combined TRACON& Tower with Radar,801,214,61,2,1078,4,0,8,0,12,805,214,69,2,1090,0,0,0,1090
11/12/2005,MIA,FL,ASO,ES,Combined TRACON& Tower with Radar,773,139,32,0,944,1,1,18,1,21,774,140,50,1,965,0,0,0,965
11/13/2005,MIA,FL,ASO,ES,Combined TRACON& Tower with Radar,773,156,48,1,978,1,4,20,0,25,774,160,68,1,1003,0,0,0,1003
11/14/2005,MIA,FL,ASO,ES,Combined TRACON& Tower with Radar,768,190,36,1,995,0,0,19,0,19,768,190,55,1,1014,0,0,0,1014
11/15/2005,MIA,FL,ASO,ES,Combined TRACON& Tower with Radar,811,202,28,3,1044,3,1,24,0,28,814,203,52,3,1072,0,0,0,1072
11/16/2005,MIA,FL,ASO,ES,Combined TRACON& Tower with Radar,819,187,58,1,1065,2,0,15,0,17,821,187,73,1,1082,0,0,0,1082
11/17/2005,MIA,FL,ASO,ES,Combined TRACON& Tower with Radar,822,178,67,6,1073,1,2,19,0,22,823,180,86,6,1095,0,0,0,1095
11/18/2005,MIA,FL,ASO,ES,Combined TRACON& Tower with Radar,842,194,70,6,1112,0,0,11,1,12,842,194,81,7,1124,0,0,0,1124
11/19/2005,MIA,FL,ASO,ES,Combined TRACON& Tower with Radar,790,155,56,0,1001,1,1,41,0,43,791,156,97,0,1044,0,0,0,1044
11/20/2005,MIA,FL,ASO,ES,Combined TRACON& Tower with Radar,793,149,57,13,1012,1,2,71,5,79,794,151,128,18,1091,0,0,0,1091
11/21/2005,MIA,FL,ASO,ES,Combined TRACON& Tower with Radar,764,182,49,5,1000,2,0,19,0,21,766,182,68,5,1021,0,0,0,1021
11/22/2005,MIA,FL,ASO,ES,Combined TRACON& Tower with Radar,842,186,52,5,1085,1,2,25,0,28,843,188,77,5,1113,0,0,0,1113
11/23/2005,MIA,FL,ASO,ES,Combined TRACON& Tower with Radar,845,201,55,3,1104,1,4,16,1,22,846,205,71,4,1126,0,0,0,1126
11/24/2005,MIA,FL,ASO,ES,Combined TRACON& Tower with Radar,747,159,24,2,932,0,2,6,0,8,747,161,30,2,940,0,0,0,940
11/25/2005,MIA,FL,ASO,ES,Combined TRACON& Tower with Radar,773,166,24,1,964,2,3,16,0,21,775,169,40,1,985,0,0,0,985
11/26/2005,MIA,FL,ASO,ES,Combined TRACON& Tower with Radar,775,155,37,2,969,1,0,46,0,47,776,155,83,2,1016,0,0,0,1016
11/27/2005,MIA,FL,ASO,ES,Combined TRACON& Tower with Radar,763,183,77,2,1025,0,2,12,0,14,763,185,89,2,1039,0,0,0,1039
11/28/2005,MIA,FL,ASO,ES,Combined TRACON& Tower with Radar,775,182,47,5,1009,0,2,23,2,27,775,184,70,7,1036,0,0,0,1036
11/29/2005,MIA,FL,ASO,ES,Combined TRACON& Tower with Radar,822,206,69,5,1102,0,0,5,0,5,822,206,74,5,1107,0,0,0,1107
11/30/2005,MIA,FL,ASO,ES,Combined TRACON& Tower with Radar,839,265,79,8,1191,0,0,14,0,14,839,265,93,8,1205,0,0,0,1205
12/01/2005,MIA,FL,ASO,ES,Combined TRACON& Tower with Radar,846,219,88,8,1161,1,8,22,0,31,847,227,110,8,1192,0,0,0,1192
12/02/2005,MIA,FL,ASO,ES,Combined TRACON& Tower with Radar,855,226,88,4,1173,0,2,34,1,37,855,228,122,5,1210,0,0,0,1210
12/03/2005,MIA,FL,ASO,ES,Combined TRACON& Tower with Radar,777,171,45,2,995,2,1,16,0,19,779,172,61,2,1014,0,0,0,1014
12/04/2005,MIA,FL,ASO,ES,Combined TRACON& Tower with Radar,775,191,59,4,1029,1,4,10,0,15,776,195,69,4,1044,0,0,0,1044
12/05/2005,MIA,FL,ASO,ES,Combined TRACON& Tower with Radar,738,181,50,3,972,1,1,11,0,13,739,182,61,3,985,0,0,0,985
12/06/2005,MIA,FL,ASO,ES,Combined TRACON& Tower with Radar,808,181,61,4,1054,2,0,4,0,6,810,181,65,4,1060,0,0,0,1060
12/07/2005,MIA,FL,ASO,ES,Combined TRACON& Tower with Radar,837,173,39,7,1056,2,0,26,0,28,839,173,65,7,1084,0,0,0,1084
12/08/2005,MIA,FL,ASO,ES,Combined TRACON& Tower with Radar,845,171,47,4,1067,2,7,25,0,34,847,178,72,4,1101,0,0,0,1101
12/09/2005,MIA,FL,ASO,ES,Combined TRACON& Tower with Radar,846,199,49,3,1097,1,2,12,0,15,847,201,61,3,1112,0,0,0,1112
12/10/2005,MIA,FL,ASO,ES,Combined TRACON& Tower with Radar,795,141,29,0,965,2,1,7,0,10,797,142,36,0,975,0,0,0,975
12/11/2005,MIA,FL,ASO,ES,Combined TRACON& Tower with Radar,802,153,41,3,999,1,1,7,0,9,803,154,48,3,1008,0,0,0,1008
12/12/2005,MIA,FL,ASO,ES,Combined TRACON& Tower with Radar,784,162,46,5,997,0,3,9,0,12,784,165,55,5,1009,0,0,0,1009
12/13/2005,MIA,FL,ASO,ES,Combined TRACON& Tower with Radar,834,168,45,6,1053,2,3,17,0,22,836,171,62,6,1075,0,0,0,1075
12/14/2005,MIA,FL,ASO,ES,Combined TRACON& Tower with Radar,852,177,57,7,1093,1,1,24,0,26,853,178,81,7,1119,0,0,0,1119
12/15/2005,MIA,FL,ASO,ES,Combined TRACON& Tower with Radar,897,175,59,7,1138,2,0,27,0,29,899,175,86,7,1167,0,0,0,1167
12/16/2005,MIA,FL,ASO,ES,Combined TRACON& Tower with Radar,907,193,54,5,1159,4,0,10,0,14,911,193,64,5,1173,0,0,0,1173
12/17/2005,MIA,FL,ASO,ES,Combined TRACON& Tower with Radar,880,168,53,3,1104,1,0,12,0,13,881,168,65,3,1117,0,0,0,1117
12/18/2005,MIA,FL,ASO,ES,Combined TRACON& Tower with Radar,870,172,46,6,1094,0,1,9,0,10,870,173,55,6,1104,0,0,0,1104
12/19/2005,MIA,FL,ASO,ES,Combined TRACON& Tower with Radar,873,202,50,4,1129,0,0,3,0,3,873,202,53,4,1132,0,0,0,1132
12/20/2005,MIA,FL,ASO,ES,Combined TRACON& Tower with Radar,914,184,39,2,1139,1,0,3,0,4,915,184,42,2,1143,0,0,0,1143
12/21/2005,MIA,FL,ASO,ES,Combined TRACON& Tower with Radar,926,221,48,7,1202,0,1,16,0,17,926,222,64,7,1219,0,0,0,1219
12/22/2005,MIA,FL,ASO,ES,Combined TRACON& Tower with Radar,931,233,50,5,1219,0,1,20,0,21,931,234,70,5,1240,0,0,0,1240
12/23/2005,MIA,FL,ASO,ES,Combined TRACON& Tower with Radar,921,202,71,0,1194,1,1,18,0,20,922,203,89,0,1214,0,0,0,1214
12/24/2005,MIA,FL,ASO,ES,Combined TRACON& Tower with Radar,825,159,24,1,1009,0,0,0,0,0,825,159,24,1,1009,0,0,0,1009
12/25/2005,MIA,FL,ASO,ES,Combined TRACON& Tower with Radar,752,143,23,0,918,0,0,5,0,5,752,143,28,0,923,0,0,0,923
12/26/2005,MIA,FL,ASO,ES,Combined TRACON& Tower with Radar,779,165,65,0,1009,0,4,18,0,22,779,169,83,0,1031,0,0,0,1031
12/27/2005,MIA,FL,ASO,ES,Combined TRACON& Tower with Radar,839,185,69,3,1096,1,6,20,0,27,840,191,89,3,1123,0,0,0,1123
12/28/2005,MIA,FL,ASO,ES,Combined TRACON& Tower with Radar,888,191,42,2,1123,1,2,10,0,13,889,193,52,2,1136,0,0,0,1136
12/29/2005,MIA,FL,ASO,ES,Combined TRACON& Tower with Radar,869,186,56,5,1116,0,0,0,0,0,869,186,56,5,1116,0,0,0,1116
12/30/2005,MIA,FL,ASO,ES,Combined TRACON& Tower with Radar,868,203,43,4,1118,2,2,3,0,7,870,205,46,4,1125,0,0,0,1125
12/31/2005,MIA,FL,ASO,ES,Combined TRACON& Tower with Radar,812,154,40,0,1006,3,1,8,0,12,815,155,48,0,1018,0,0,0,1018
01/01/2006,MIA,FL,ASO,ES,Combined TRACON& Tower with Radar,766,178,69,0,1013,1,4,10,0,15,767,182,79,0,1028,0,0,0,1028
01/02/2006,MIA,FL,ASO,ES,Combined TRACON& Tower with Radar,793,187,92,0,1072,1,0,17,0,18,794,187,109,0,1090,0,0,0,1090
01/03/2006,MIA,FL,ASO,ES,Combined TRACON& Tower with Radar,864,207,77,2,1150,1,0,13,0,14,865,207,90,2,1164,0,0,0,1164
01/04/2006,MIA,FL,ASO,ES,Combined TRACON& Tower with Radar,940,195,74,8,1217,3,1,24,0,28,943,196,98,8,1245,0,0,0,1245
01/05/2006,MIA,FL,ASO,ES,Combined TRACON& Tower with Radar,866,188,45,5,1104,0,6,24,0,30,866,194,69,5,1134,0,0,0,1134
01/06/2006,MIA,FL,ASO,ES,Combined TRACON& Tower with Radar,876,215,45,7,1143,0,1,11,0,12,876,216,56,7,1155,0,0,0,1155
01/07/2006,MIA,FL,ASO,ES,Combined TRACON& Tower with Radar,839,157,44,0,1040,1,0,16,0,17,840,157,60,0,1057,0,0,0,1057
01/08/2006,MIA,FL,ASO,ES,Combined TRACON& Tower with Radar,841,164,53,2,1060,1,3,4,0,8,842,167,57,2,1068,0,0,0,1068
01/09/2006,MIA,FL,ASO,ES,Combined TRACON& Tower with Radar,797,181,48,6,1032,2,1,16,0,19,799,182,64,6,1051,0,0,0,1051
01/10/2006,MIA,FL,ASO,ES,Combined TRACON& Tower with Radar,858,188,78,2,1126,2,0,33,0,35,860,188,111,2,1161,0,0,0,1161
01/11/2006,MIA,FL,ASO,ES,Combined TRACON& Tower with Radar,864,189,62,6,1121,0,6,11,2,19,864,195,73,8,1140,0,0,0,1140
01/12/2006,MIA,FL,ASO,ES,Combined TRACON& Tower with Radar,860,189,62,6,1117,0,6,11,2,19,860,195,73,8,1136,0,0,0,1136
01/13/2006,MIA,FL,ASO,ES,Combined TRACON& Tower with Radar,857,216,62,0,1135,1,3,8,0,12,858,219,70,0,1147,0,0,0,1147
01/14/2006,MIA,FL,ASO,ES,Combined TRACON& Tower with Radar,816,168,32,2,1018,3,1,7,0,11,819,169,39,2,1029,0,0,0,1029
01/15/2006,MIA,FL,ASO,ES,Combined TRACON& Tower with Radar,816,149,47,3,1015,2,0,7,0,9,818,149,54,3,1024,0,0,0,1024
01/16/2006,MIA,FL,ASO,ES,Combined TRACON& Tower with Radar,803,191,55,3,1052,0,4,26,0,30,803,195,81,3,1082,0,0,0,1082
01/17/2006,MIA,FL,ASO,ES,Combined TRACON& Tower with Radar,860,184,69,2,1115,2,0,23,0,25,862,184,92,2,1140,0,0,0,1140
01/18/2006,MIA,FL,ASO,ES,Combined TRACON& Tower with Radar,840,185,38,13,1076,0,0,8,0,8,840,185,46,13,1084,0,0,0,1084
01/19/2006,MIA,FL,ASO,ES,Combined TRACON& Tower with Radar,840,185,38,13,1076,0,0,8,0,8,840,185,46,13,1084,0,0,0,1084
01/20/2006,MIA,FL,ASO,ES,Combined TRACON& Tower with Radar,840,185,38,13,1076,0,0,8,0,8,840,185,46,13,1084,0,0,0,1084
01/21/2006,MIA,FL,ASO,ES,Combined TRACON& Tower with Radar,822,62,52,3,939,2,0,18,0,20,824,62,70,3,959,0,0,0,959
01/22/2006,MIA,FL,ASO,ES,Combined TRACON& Tower with Radar,815,176,52,3,1046,1,0,10,2,13,816,176,62,5,1059,0,0,0,1059
01/23/2006,MIA,FL,ASO,ES,Combined TRACON& Tower with Radar,791,188,50,5,1034,1,5,18,0,24,792,193,68,5,1058,384,96,480,1538
01/24/2006,MIA,FL,ASO,ES,Combined TRACON& Tower with Radar,856,196,32,2,1086,1,1,18,0,20,857,197,50,2,1106,0,0,0,1106
01/25/2006,MIA,FL,ASO,ES,Combined TRACON& Tower with Radar,857,223,40,3,1123,1,0,21,0,22,858,223,61,3,1145,0,0,0,1145
01/26/2006,MIA,FL,ASO,ES,Combined TRACON& Tower with Radar,882,195,53,5,1135,0,2,27,0,29,882,197,80,5,1164,0,0,0,1164
01/27/2006,MIA,FL,ASO,ES,Combined TRACON& Tower with Radar,852,166,40,3,1061,0,0,0,0,0,852,166,40,3,1061,0,0,0,1061
01/28/2006,MIA,FL,ASO,ES,Combined TRACON& Tower with Radar,850,163,28,3,1044,2,3,12,0,17,852,166,40,3,1061,0,0,0,1061
01/29/2006,MIA,FL,ASO,ES,Combined TRACON& Tower with Radar,859,170,49,2,1080,3,1,6,0,10,862,171,55,2,1090,0,0,0,1090
01/30/2006,MIA,FL,ASO,ES,Combined TRACON& Tower with Radar,818,192,58,5,1073,0,5,14,0,19,818,197,72,5,1092,0,0,0,1092
01/31/2006,MIA,FL,ASO,ES,Combined TRACON& Tower with Radar,889,187,39,6,1121,2,4,11,2,19,891,191,50,8,1140,0,0,0,1140
02/01/2006,MIA,FL,ASO,ES,Combined TRACON& Tower with Radar,889,187,57,8,1141,2,3,20,0,25,891,190,77,8,1166,0,0,0,1166
02/02/2006,MIA,FL,ASO,ES,Combined TRACON& Tower with Radar,900,171,40,7,1118,2,0,22,0,24,902,171,62,7,1142,0,0,0,1142
02/03/2006,MIA,FL,ASO,ES,Combined TRACON& Tower with Radar,1031,224,70,4,1329,4,2,19,0,25,1035,226,89,4,1354,0,0,0,1354
02/04/2006,MIA,FL,ASO,ES,Combined TRACON& Tower with Radar,887,150,31,2,1070,2,2,1,0,5,889,152,32,2,1075,0,0,0,1075
02/05/2006,MIA,FL,ASO,ES,Combined TRACON& Tower with Radar,886,150,34,3,1073,0,0,11,0,11,886,150,45,3,1084,0,0,0,1084
02/06/2006,MIA,FL,ASO,ES,Combined TRACON& Tower with Radar,831,193,59,6,1089,2,2,21,0,25,833,195,80,6,1114,0,0,0,1114
02/07/2006,MIA,FL,ASO,ES,Combined TRACON& Tower with Radar,866,195,60,8,1129,1,1,13,0,15,867,196,73,8,1144,0,0,0,1144
02/08/2006,MIA,FL,ASO,ES,Combined TRACON& Tower with Radar,878,197,64,11,1150,1,0,22,0,23,879,197,86,11,1173,0,0,0,1173
02/09/2006,MIA,FL,ASO,ES,Combined TRACON& Tower with Radar,890,199,69,2,1160,4,1,25,0,30,894,200,94,2,1190,0,0,0,1190
02/10/2006,MIA,FL,ASO,ES,Combined TRACON& Tower with Radar,859,209,75,9,1152,0,1,26,0,27,859,210,101,9,1179,0,0,0,1179
02/11/2006,MIA,FL,ASO,ES,Combined TRACON& Tower with Radar,800,181,37,6,1024,3,4,8,0,15,803,185,45,6,1039,0,0,0,1039
02/12/2006,MIA,FL,ASO,ES,Combined TRACON& Tower with Radar,757,164,63,2,986,0,1,9,0,10,757,165,72,2,996,0,0,0,996
02/13/2006,MIA,FL,ASO,ES,Combined TRACON& Tower with Radar,795,181,73,5,1054,2,0,8,0,10,797,181,81,5,1064,0,0,0,1064
02/14/2006,MIA,FL,ASO,ES,Combined TRACON& Tower with Radar,858,200,71,1,1130,2,2,14,1,19,860,202,85,2,1149,0,0,0,1149
02/15/2006,MIA,FL,ASO,ES,Combined TRACON& Tower with Radar,845,213,106,4,1168,2,5,25,0,32,847,218,131,4,1200,0,0,0,1200
02/16/2006,MIA,FL,ASO,ES,Combined TRACON& Tower with Radar,778,238,132,8,1156,0,4,26,0,30,778,242,158,8,1186,0,0,0,1186
02/17/2006,MIA,FL,ASO,ES,Combined TRACON& Tower with Radar,1114,277,206,9,1606,1,4,24,0,29,1115,281,230,9,1635,0,0,0,1635
02/18/2006,MIA,FL,ASO,ES,Combined TRACON& Tower with Radar,833,172,89,3,1097,2,2,18,1,23,835,174,107,4,1120,0,0,0,1120
02/19/2006,MIA,FL,ASO,ES,Combined TRACON& Tower with Radar,836,180,101,5,1122,1,2,9,0,12,837,182,110,5,1134,0,0,0,1134
02/20/2006,MIA,FL,ASO,ES,Combined TRACON& Tower with Radar,820,210,86,4,1120,1,6,13,0,20,821,216,99,4,1140,0,0,0,1140
02/21/2006,MIA,FL,ASO,ES,Combined TRACON& Tower with Radar,862,212,81,6,1161,2,4,22,0,28,864,216,103,6,1189,0,0,0,1189
02/22/2006,MIA,FL,ASO,ES,Combined TRACON& Tower with Radar,838,191,51,10,1090,0,2,12,0,14,838,193,63,10,1104,0,0,0,1104
02/23/2006,MIA,FL,ASO,ES,Combined TRACON& Tower with Radar,878,185,88,5,1156,1,1,18,0,20,879,186,106,5,1176,0,0,0,1176
02/24/2006,MIA,FL,ASO,ES,Combined TRACON& Tower with Radar,887,198,77,2,1164,2,2,21,0,25,889,200,98,2,1189,0,0,0,1189
02/25/2006,MIA,FL,ASO,ES,Combined TRACON& Tower with Radar,854,151,60,4,1069,0,2,11,0,13,854,153,71,4,1082,0,0,0,1082
02/26/2006,MIA,FL,ASO,ES,Combined TRACON& Tower with Radar,850,172,92,2,1116,5,0,9,0,14,855,172,101,2,1130,0,0,0,1130
02/27/2006,MIA,FL,ASO,ES,Combined TRACON& Tower with Radar,816,204,87,4,1111,1,1,17,0,19,817,205,104,4,1130,0,0,0,1130
02/28/2006,MIA,FL,ASO,ES,Combined TRACON& Tower with Radar,846,201,77,3,1127,2,3,26,0,31,848,204,103,3,1158,0,0,0,1158
03/01/2006,MIA,FL,ASO,ES,Combined TRACON& Tower with Radar,855,202,90,5,1152,0,0,11,0,11,855,202,101,5,1163,0,0,0,1163
03/02/2006,MIA,FL,ASO,ES,Combined TRACON& Tower with Radar,849,196,83,5,1133,1,4,26,1,32,850,200,109,6,1165,0,0,0,1165
03/03/2006,MIA,FL,ASO,ES,Combined TRACON& Tower with Radar,868,208,74,4,1154,2,4,19,1,26,870,212,93,5,1180,0,0,0,1180
03/04/2006,MIA,FL,ASO,ES,Combined TRACON& Tower with Radar,868,208,74,4,1154,2,4,19,1,26,870,212,93,5,1180,0,0,0,1180
03/05/2006,MIA,FL,ASO,ES,Combined TRACON& Tower with Radar,845,192,61,2,1100,2,1,16,9,28,847,193,77,11,1128,0,0,0,1128
03/06/2006,MIA,FL,ASO,ES,Combined TRACON& Tower with Radar,799,189,50,4,1042,2,2,21,0,25,801,191,71,4,1067,0,0,0,1067
03/07/2006,MIA,FL,ASO,ES,Combined TRACON& Tower with Radar,866,189,55,4,1114,1,0,24,0,25,867,189,79,4,1139,0,0,0,1139
03/08/2006,MIA,FL,ASO,ES,Combined TRACON& Tower with Radar,857,200,76,7,1140,0,0,29,0,29,857,200,105,7,1169,0,0,0,1169
03/09/2006,MIA,FL,ASO,ES,Combined TRACON& Tower with Radar,859,203,95,0,1157,2,2,34,0,38,861,205,129,0,1195,0,0,0,1195
03/10/2006,MIA,FL,ASO,ES,Combined TRACON& Tower with Radar,853,204,87,0,1144,2,0,21,0,23,855,204,108,0,1167,0,0,0,1167
03/11/2006,MIA,FL,ASO,ES,Combined TRACON& Tower with Radar,850,156,63,4,1073,1,0,23,0,24,851,156,86,4,1097,0,0,0,1097
03/12/2006,MIA,FL,ASO,ES,Combined TRACON& Tower with Radar,822,165,89,0,1076,3,2,24,0,29,825,167,113,0,1105,0,0,0,1105
03/13/2006,MIA,FL,ASO,ES,Combined TRACON& Tower with Radar,816,182,81,3,1082,1,3,23,0,27,817,185,104,3,1109,0,0,0,1109
03/14/2006,MIA,FL,ASO,ES,Combined TRACON& Tower with Radar,857,197,48,4,1106,2,5,13,0,20,859,202,61,4,1126,0,0,0,1126
03/15/2006,MIA,FL,ASO,ES,Combined TRACON& Tower with Radar,859,199,66,4,1128,0,8,10,0,18,859,207,76,4,1146,0,0,0,1146
03/16/2006,MIA,FL,ASO,ES,Combined TRACON& Tower with Radar,872,189,63,1,1125,0,6,21,0,27,872,195,84,1,1152,0,0,0,1152
03/17/2006,MIA,FL,ASO,ES,Combined TRACON& Tower with Radar,867,205,82,4,1158,1,7,21,2,31,868,212,103,6,1189,0,0,0,1189
03/18/2006,MIA,FL,ASO,ES,Combined TRACON& Tower with Radar,835,168,51,3,1057,1,3,7,3,14,836,171,58,6,1071,0,0,0,1071
03/19/2006,MIA,FL,ASO,ES,Combined TRACON& Tower with Radar,856,161,71,1,1089,0,6,13,0,19,856,167,84,1,1108,0,0,0,1108
03/20/2006,MIA,FL,ASO,ES,Combined TRACON& Tower with Radar,815,175,68,7,1065,1,2,17,0,20,816,177,85,7,1085,0,0,0,1085
03/21/2006,MIA,FL,ASO,ES,Combined TRACON& Tower with Radar,883,187,54,8,1132,3,0,26,1,30,886,187,80,9,1162,0,0,0,1162
03/22/2006,MIA,FL,ASO,ES,Combined TRACON& Tower with Radar,872,202,77,7,1158,1,2,31,0,34,873,204,108,7,1192,0,0,0,1192
03/23/2006,MIA,FL,ASO,ES,Combined TRACON& Tower with Radar,862,187,50,2,1101,3,0,17,0,20,865,187,67,2,1121,0,0,0,1121
03/24/2006,MIA,FL,ASO,ES,Combined TRACON& Tower with Radar,872,218,85,2,1177,2,4,26,0,32,874,222,111,2,1209,0,0,0,1209
03/25/2006,MIA,FL,ASO,ES,Combined TRACON& Tower with Radar,861,169,58,0,1088,2,9,24,0,35,863,178,82,0,1123,0,0,0,1123
03/26/2006,MIA,FL,ASO,ES,Combined TRACON& Tower with Radar,856,164,101,7,1128,3,1,22,0,26,859,165,123,7,1154,0,0,0,1154
03/27/2006,MIA,FL,ASO,ES,Combined TRACON& Tower with Radar,817,191,65,9,1082,0,1,15,0,16,817,192,80,9,1098,0,0,0,1098
03/28/2006,MIA,FL,ASO,ES,Combined TRACON& Tower with Radar,872,187,49,6,1114,0,0,25,0,25,872,187,74,6,1139,0,0,0,1139
03/29/2006,MIA,FL,ASO,ES,Combined TRACON& Tower with Radar,895,200,71,7,1173,2,1,21,0,24,897,201,92,7,1197,0,0,0,1197
03/30/2006,MIA,FL,ASO,ES,Combined TRACON& Tower with Radar,869,192,83,11,1155,2,0,25,0,27,871,192,108,11,1182,0,0,0,1182
03/31/2006,MIA,FL,ASO,ES,Combined TRACON& Tower with Radar,885,202,61,10,1158,1,7,19,0,27,886,209,80,10,1185,0,0,0,1185
04/01/2006,MIA,FL,ASO,ES,Combined TRACON& Tower with Radar,857,136,50,2,1045,0,0,0,0,0,857,136,50,2,1045,0,0,0,1045
04/02/2006,MIA,FL,ASO,ES,Combined TRACON& Tower with Radar,832,170,73,0,1075,1,1,17,1,20,833,171,90,1,1095,0,0,0,1095
04/03/2006,MIA,FL,ASO,ES,Combined TRACON& Tower with Radar,810,186,56,3,1055,2,4,28,0,34,812,190,84,3,1089,0,0,0,1089
04/04/2006,MIA,FL,ASO,ES,Combined TRACON& Tower with Radar,868,191,47,3,1109,0,4,18,0,22,868,195,65,3,1131,0,0,0,1131
04/05/2006,MIA,FL,ASO,ES,Combined TRACON& Tower with Radar,848,190,62,6,1106,2,3,20,0,25,850,193,82,6,1131,0,0,0,1131
04/06/2006,MIA,FL,ASO,ES,Combined TRACON& Tower with Radar,864,181,59,1,1105,2,6,34,0,42,866,187,93,1,1147,0,0,0,1147
04/07/2006,MIA,FL,ASO,ES,Combined TRACON& Tower with Radar,859,205,66,6,1136,2,0,30,0,32,861,205,96,6,1168,0,0,0,1168
04/08/2006,MIA,FL,ASO,ES,Combined TRACON& Tower with Radar,857,155,34,3,1049,3,0,12,0,15,860,155,46,3,1064,0,0,0,1064
04/09/2006,MIA,FL,ASO,ES,Combined TRACON& Tower with Radar,833,161,61,7,1062,1,2,17,0,20,834,163,78,7,1082,0,0,0,1082
04/10/2006,MIA,FL,ASO,ES,Combined TRACON& Tower with Radar,800,166,49,6,1021,1,0,10,3,14,801,166,59,9,1035,0,0,0,1035
04/11/2006,MIA,FL,ASO,ES,Combined TRACON& Tower with Radar,841,173,32,4,1050,3,1,18,0,22,844,174,50,4,1072,0,0,0,1072
04/12/2006,MIA,FL,ASO,ES,Combined TRACON& Tower with Radar,856,195,61,3,1115,1,5,28,2,36,857,200,89,5,1151,0,0,0,1151
04/13/2006,MIA,FL,ASO,ES,Combined TRACON& Tower with Radar,836,203,78,6,1123,3,5,28,1,37,839,208,106,7,1160,0,0,0,1160
04/14/2006,MIA,FL,ASO,ES,Combined TRACON& Tower with Radar,799,182,38,1,1020,1,2,15,0,18,800,184,53,1,1038,0,0,0,1038
04/15/2006,MIA,FL,ASO,ES,Combined TRACON& Tower with Radar,788,147,54,2,991,3,1,12,0,16,791,148,66,2,1007,0,0,0,1007
04/16/2006,MIA,FL,ASO,ES,Combined TRACON& Tower with Radar,796,171,61,0,1028,0,1,15,0,16,796,172,76,0,1044,0,0,0,1044
04/17/2006,MIA,FL,ASO,ES,Combined TRACON& Tower with Radar,797,181,71,5,1054,1,0,22,0,23,798,181,93,5,1077,0,0,0,1077
04/18/2006,MIA,FL,ASO,ES,Combined TRACON& Tower with Radar,837,193,50,15,1095,1,5,23,0,29,838,198,73,15,1124,0,0,0,1124
04/19/2006,MIA,FL,ASO,ES,Combined TRACON& Tower with Radar,857,183,69,13,1122,0,0,14,0,14,857,183,83,13,1136,0,0,0,1136
04/20/2006,MIA,FL,ASO,ES,Combined TRACON& Tower with Radar,1007,225,75,6,1313,1,10,19,0,30,1008,235,94,6,1343,0,0,0,1343
04/21/2006,MIA,FL,ASO,ES,Combined TRACON& Tower with Radar,837,195,81,2,1115,4,1,20,6,31,841,196,101,8,1146,0,0,0,1146
04/22/2006,MIA,FL,ASO,ES,Combined TRACON& Tower with Radar,829,157,43,1,1030,1,0,17,0,18,830,157,60,1,1048,0,0,0,1048
04/23/2006,MIA,FL,ASO,ES,Combined TRACON& Tower with Radar,810,159,54,4,1027,0,0,6,0,6,810,159,60,4,1033,0,0,0,1033
04/24/2006,MIA,FL,ASO,ES,Combined TRACON& Tower with Radar,798,173,45,4,1020,0,1,24,0,25,798,174,69,4,1045,0,0,0,1045
04/25/2006,MIA,FL,ASO,ES,Combined TRACON& Tower with Radar,859,195,48,6,1108,0,0,27,0,27,859,195,75,6,1135,0,0,0,1135
04/26/2006,MIA,FL,ASO,ES,Combined TRACON& Tower with Radar,848,183,51,6,1088,1,2,18,0,21,849,185,69,6,1109,0,0,0,1109
04/27/2006,MIA,FL,ASO,ES,Combined TRACON& Tower with Radar,871,180,38,9,1098,1,2,12,0,15,872,182,50,9,1113,0,0,0,1113
04/28/2006,MIA,FL,ASO,ES,Combined TRACON& Tower with Radar,856,199,38,1,1094,2,2,17,0,21,858,201,55,1,1115,0,0,0,1115
04/29/2006,MIA,FL,ASO,ES,Combined TRACON& Tower with Radar,839,136,24,1,1000,0,3,15,1,19,839,139,39,2,1019,0,0,0,1019
04/30/2006,MIA,FL,ASO,ES,Combined TRACON& Tower with Radar,838,148,44,0,1030,2,5,14,1,22,840,153,58,1,1052,0,0,0,1052
05/01/2006,MIA,FL,ASO,ES,Combined TRACON& Tower with Radar,794,176,39,4,1013,0,0,20,0,20,794,176,59,4,1033,0,0,0,1033
05/02/2006,MIA,FL,ASO,ES,Combined TRACON& Tower with Radar,829,177,49,2,1057,2,3,10,0,15,831,180,59,2,1072,0,0,0,1072
05/03/2006,MIA,FL,ASO,ES,Combined TRACON& Tower with Radar,832,199,94,2,1127,2,6,14,0,22,834,205,108,2,1149,0,0,0,1149
05/04/2006,MIA,FL,ASO,ES,Combined TRACON& Tower with Radar,857,192,75,3,1127,1,0,20,1,22,858,192,95,4,1149,0,0,0,1149
05/05/2006,MIA,FL,ASO,ES,Combined TRACON& Tower with Radar,850,190,58,2,1100,2,2,13,0,17,852,192,71,2,1117,0,0,0,1117
05/06/2006,MIA,FL,ASO,ES,Combined TRACON& Tower with Radar,844,138,33,1,1016,0,0,0,0,0,844,138,33,1,1016,13,0,13,1029
05/07/2006,MIA,FL,ASO,ES,Combined TRACON& Tower with Radar,789,148,46,0,983,2,2,13,0,17,791,150,59,0,1000,0,0,0,1000
05/08/2006,MIA,FL,ASO,ES,Combined TRACON& Tower with Radar,789,169,55,6,1019,0,0,21,0,21,789,169,76,6,1040,0,0,0,1040
05/09/2006,MIA,FL,ASO,ES,Combined TRACON& Tower with Radar,812,195,31,7,1045,0,3,10,0,13,812,198,41,7,1058,0,0,0,1058
05/10/2006,MIA,FL,ASO,ES,Combined TRACON& Tower with Radar,818,199,50,6,1073,0,1,8,0,9,818,200,58,6,1082,0,0,0,1082
05/11/2006,MIA,FL,ASO,ES,Combined TRACON& Tower with Radar,844,184,59,4,1091,3,3,6,0,12,847,187,65,4,1103,0,0,0,1103
05/12/2006,MIA,FL,ASO,ES,Combined TRACON& Tower with Radar,823,194,50,5,1072,0,1,13,0,14,823,195,63,5,1086,0,0,0,1086
05/13/2006,MIA,FL,ASO,ES,Combined TRACON& Tower with Radar,788,141,39,0,968,1,0,7,0,8,789,141,46,0,976,0,0,0,976
05/14/2006,MIA,FL,ASO,ES,Combined TRACON& Tower with Radar,758,145,31,0,934,1,1,23,0,25,759,146,54,0,959,0,0,0,959
05/15/2006,MIA,FL,ASO,ES,Combined TRACON& Tower with Radar,704,158,52,0,914,1,1,7,0,9,705,159,59,0,923,0,0,0,923
05/16/2006,MIA,FL,ASO,ES,Combined TRACON& Tower with Radar,786,178,32,2,998,1,1,5,0,7,787,179,37,2,1005,0,0,0,1005
05/17/2006,MIA,FL,ASO,ES,Combined TRACON& Tower with Radar,816,174,47,7,1044,2,1,6,0,9,818,175,53,7,1053,0,0,0,1053
05/18/2006,MIA,FL,ASO,ES,Combined TRACON& Tower with Radar,812,169,48,1,1030,1,3,37,0,41,813,172,85,1,1071,0,0,0,1071
05/19/2006,MIA,FL,ASO,ES,Combined TRACON& Tower with Radar,820,181,47,2,1050,0,4,28,0,32,820,185,75,2,1082,0,0,0,1082
05/20/2006,MIA,FL,ASO,ES,Combined TRACON& Tower with Radar,797,132,28,4,961,2,1,16,0,19,799,133,44,4,980,0,0,0,980
05/21/2006,MIA,FL,ASO,ES,Combined TRACON& Tower with Radar,756,147,35,4,942,0,0,4,1,5,756,147,39,5,947,0,0,0,947
05/22/2006,MIA,FL,ASO,ES,Combined TRACON& Tower with Radar,768,172,52,8,1000,1,2,22,0,25,769,174,74,8,1025,0,0,0,1025
05/23/2006,MIA,FL,ASO,ES,Combined TRACON& Tower with Radar,800,169,48,3,1020,0,3,17,0,20,800,172,65,3,1040,0,0,0,1040
05/24/2006,MIA,FL,ASO,ES,Combined TRACON& Tower with Radar,809,182,33,3,1027,1,1,15,0,17,810,183,48,3,1044,0,0,0,1044
05/25/2006,MIA,FL,ASO,ES,Combined TRACON& Tower with Radar,831,175,55,2,1063,2,1,19,0,22,833,176,74,2,1085,0,0,0,1085
05/26/2006,MIA,FL,ASO,ES,Combined TRACON& Tower with Radar,807,193,57,2,1059,1,2,25,0,28,808,195,82,2,1087,0,0,0,1087
05/27/2006,MIA,FL,ASO,ES,Combined TRACON& Tower with Radar,807,159,31,0,997,2,2,14,1,19,809,161,45,1,1016,0,0,0,1016
05/28/2006,MIA,FL,ASO,ES,Combined TRACON& Tower with Radar,773,140,16,0,929,1,1,9,0,11,774,141,25,0,940,0,0,0,940
05/29/2006,MIA,FL,ASO,ES,Combined TRACON& Tower with Radar,759,175,52,2,988,0,1,15,0,16,759,176,67,2,1004,0,0,0,1004
05/30/2006,MIA,FL,ASO,ES,Combined TRACON& Tower with Radar,765,155,47,8,975,2,4,17,0,23,767,159,64,8,998,0,0,0,998
05/31/2006,MIA,FL,ASO,ES,Combined TRACON& Tower with Radar,821,169,34,8,1032,1,1,22,0,24,822,170,56,8,1056,0,0,0,1056
06/01/2006,MIA,FL,ASO,ES,Combined TRACON& Tower with Radar,827,186,44,9,1066,1,2,15,0,18,828,188,59,9,1084,0,0,0,1084
06/02/2006,MIA,FL,ASO,ES,Combined TRACON& Tower with Radar,822,175,44,4,1045,1,2,25,0,28,823,177,69,4,1073,0,0,0,1073
06/03/2006,MIA,FL,ASO,ES,Combined TRACON& Tower with Radar,802,154,35,1,992,2,1,8,0,11,804,155,43,1,1003,0,0,0,1003
06/04/2006,MIA,FL,ASO,ES,Combined TRACON& Tower with Radar,769,149,28,3,949,3,1,6,0,10,772,150,34,3,959,0,0,0,959
06/05/2006,MIA,FL,ASO,ES,Combined TRACON& Tower with Radar,783,158,26,2,969,0,0,15,0,15,783,158,41,2,984,0,0,0,984
06/06/2006,MIA,FL,ASO,ES,Combined TRACON& Tower with Radar,806,172,41,6,1025,1,2,17,0,20,807,174,58,6,1045,0,0,0,1045
06/07/2006,MIA,FL,ASO,ES,Combined TRACON& Tower with Radar,808,185,35,1,1029,1,2,32,0,35,809,187,67,1,1064,0,0,0,1064
06/08/2006,MIA,FL,ASO,ES,Combined TRACON& Tower with Radar,808,170,41,2,1021,2,1,16,0,19,810,171,57,2,1040,0,0,0,1040
06/09/2006,MIA,FL,ASO,ES,Combined TRACON& Tower with Radar,826,165,43,3,1037,0,1,20,0,21,826,166,63,3,1058,0,0,0,1058
06/10/2006,MIA,FL,ASO,ES,Combined TRACON& Tower with Radar,805,146,31,5,987,2,1,12,0,15,807,147,43,5,1002,0,0,0,1002
06/11/2006,MIA,FL,ASO,ES,Combined TRACON& Tower with Radar,778,140,41,12,971,1,0,7,4,12,779,140,48,16,983,0,0,0,983
06/12/2006,MIA,FL,ASO,ES,Combined TRACON& Tower with Radar,777,164,25,2,968,1,1,0,0,2,778,165,25,2,970,0,0,0,970
06/13/2006,MIA,FL,ASO,ES,Combined TRACON& Tower with Radar,815,162,28,2,1007,1,1,17,0,19,816,163,45,2,1026,0,0,0,1026
06/14/2006,MIA,FL,ASO,ES,Combined TRACON& Tower with Radar,814,192,43,8,1057,0,1,28,0,29,814,193,71,8,1086,0,0,0,1086
06/15/2006,MIA,FL,ASO,ES,Combined TRACON& Tower with Radar,878,197,77,2,1154,0,4,17,0,21,878,201,94,2,1175,0,0,0,1175
06/16/2006,MIA,FL,ASO,ES,Combined TRACON& Tower with Radar,837,183,60,0,1080,1,2,16,3,22,838,185,76,3,1102,0,0,0,1102
06/17/2006,MIA,FL,ASO,ES,Combined TRACON& Tower with Radar,804,143,32,2,981,1,1,1,0,3,805,144,33,2,984,0,0,0,984
06/18/2006,MIA,FL,ASO,ES,Combined TRACON& Tower with Radar,780,146,55,0,981,1,2,10,0,13,781,148,65,0,994,0,0,0,994
06/19/2006,MIA,FL,ASO,ES,Combined TRACON& Tower with Radar,783,182,70,5,1040,0,2,26,0,28,783,184,96,5,1068,0,0,0,1068
06/20/2006,MIA,FL,ASO,ES,Combined TRACON& Tower with Radar,836,159,51,1,1047,1,2,12,0,15,837,161,63,1,1062,0,0,0,1062
06/21/2006,MIA,FL,ASO,ES,Combined TRACON& Tower with Radar,811,175,52,6,1044,1,3,10,0,14,812,178,62,6,1058,0,0,0,1058
06/22/2006,MIA,FL,ASO,ES,Combined TRACON& Tower with Radar,831,162,39,0,1032,1,2,23,0,26,832,164,62,0,1058,0,0,0,1058
06/23/2006,MIA,FL,ASO,ES,Combined TRACON& Tower with Radar,821,168,33,3,1025,0,2,23,1,26,821,170,56,4,1051,0,0,0,1051
06/24/2006,MIA,FL,ASO,ES,Combined TRACON& Tower with Radar,777,144,32,0,953,0,0,11,0,11,777,144,43,0,964,0,0,0,964
06/25/2006,MIA,FL,ASO,ES,Combined TRACON& Tower with Radar,779,133,36,2,950,1,1,3,0,5,780,134,39,2,955,0,0,0,955
06/26/2006,MIA,FL,ASO,ES,Combined TRACON& Tower with Radar,782,171,43,4,1000,1,2,15,1,19,783,173,58,5,1019,0,0,0,1019
06/27/2006,MIA,FL,ASO,ES,Combined TRACON& Tower with Radar,832,171,35,4,1042,0,0,25,3,28,832,171,60,7,1070,0,0,0,1070
06/28/2006,MIA,FL,ASO,ES,Combined TRACON& Tower with Radar,836,167,44,4,1051,1,6,14,1,22,837,173,58,5,1073,0,0,0,1073
06/29/2006,MIA,FL,ASO,ES,Combined TRACON& Tower with Radar,838,173,58,4,1073,2,4,10,0,16,840,177,68,4,1089,0,0,0,1089
06/30/2006,MIA,FL,ASO,ES,Combined TRACON& Tower with Radar,856,174,52,2,1084,1,1,7,0,9,857,175,59,2,1093,0,0,0,1093
07/01/2006,MIA,FL,ASO,ES,Combined TRACON& Tower with Radar,823,160,30,2,1015,1,1,6,0,8,824,161,36,2,1023,0,0,0,1023
07/02/2006,MIA,FL,ASO,ES,Combined TRACON& Tower with Radar,778,132,22,2,934,1,0,0,0,1,779,132,22,2,935,0,0,0,935
07/03/2006,MIA,FL,ASO,ES,Combined TRACON& Tower with Radar,763,160,15,0,938,0,1,6,0,7,763,161,21,0,945,0,0,0,945
07/04/2006,MIA,FL,ASO,ES,Combined TRACON& Tower with Radar,783,143,18,3,947,0,3,5,0,8,783,146,23,3,955,0,0,0,955
07/05/2006,MIA,FL,ASO,ES,Combined TRACON& Tower with Radar,792,158,33,2,985,0,1,16,0,17,792,159,49,2,1002,0,0,0,1002
07/06/2006,MIA,FL,ASO,ES,Combined TRACON& Tower with Radar,843,157,30,3,1033,3,0,6,0,9,846,157,36,3,1042,0,0,0,1042
07/07/2006,MIA,FL,ASO,ES,Combined TRACON& Tower with Radar,843,157,30,3,1033,3,0,6,0,9,846,157,36,3,1042,0,0,0,1042
07/08/2006,MIA,FL,ASO,ES,Combined TRACON& Tower with Radar,806,145,20,2,973,1,1,16,0,18,807,146,36,2,991,0,0,0,991
07/09/2006,MIA,FL,ASO,ES,Combined TRACON& Tower with Radar,772,137,33,3,945,0,3,8,0,11,772,140,41,3,956,0,0,0,956
07/10/2006,MIA,FL,ASO,ES,Combined TRACON& Tower with Radar,780,158,33,6,977,3,1,13,0,17,783,159,46,6,994,0,0,0,994
07/11/2006,MIA,FL,ASO,ES,Combined TRACON& Tower with Radar,818,159,32,4,1013,2,3,15,0,20,820,162,47,4,1033,0,0,0,1033
07/12/2006,MIA,FL,ASO,ES,Combined TRACON& Tower with Radar,822,172,26,2,1022,0,1,12,0,13,822,173,38,2,1035,0,0,0,1035
07/13/2006,MIA,FL,ASO,ES,Combined TRACON& Tower with Radar,838,165,28,2,1033,1,0,2,0,3,839,165,30,2,1036,0,0,0,1036
07/14/2006,MIA,FL,ASO,ES,Combined TRACON& Tower with Radar,836,176,62,4,1078,0,3,20,0,23,836,179,82,4,1101,0,0,0,1101
07/15/2006,MIA,FL,ASO,ES,Combined TRACON& Tower with Radar,807,136,25,2,970,1,2,5,0,8,808,138,30,2,978,0,0,0,978
07/16/2006,MIA,FL,ASO,ES,Combined TRACON& Tower with Radar,790,147,24,0,961,0,2,8,0,10,790,149,32,0,971,0,0,0,971
07/17/2006,MIA,FL,ASO,ES,Combined TRACON& Tower with Radar,771,170,39,6,986,0,1,31,0,32,771,171,70,6,1018,0,0,0,1018
07/18/2006,MIA,FL,ASO,ES,Combined TRACON& Tower with Radar,855,161,36,3,1055,0,4,11,0,15,855,165,47,3,1070,0,0,0,1070
07/19/2006,MIA,FL,ASO,ES,Combined TRACON& Tower with Radar,828,171,41,8,1048,44,8,31,0,83,872,179,72,8,1131,0,0,0,1131
07/20/2006,MIA,FL,ASO,ES,Combined TRACON& Tower with Radar,825,179,44,0,1048,2,1,17,0,20,827,180,61,0,1068,0,0,0,1068
07/21/2006,MIA,FL,ASO,ES,Combined TRACON& Tower with Radar,810,174,45,2,1031,1,5,10,0,16,811,179,55,2,1047,0,0,0,1047
07/22/2006,MIA,FL,ASO,ES,Combined TRACON& Tower with Radar,810,174,45,2,1031,1,5,10,0,16,811,179,55,2,1047,0,0,0,1047
07/23/2006,MIA,FL,ASO,ES,Combined TRACON& Tower with Radar,788,141,33,1,963,1,2,5,0,8,789,143,38,1,971,0,0,0,971
07/24/2006,MIA,FL,ASO,ES,Combined TRACON& Tower with Radar,789,163,43,1,996,0,16,18,0,34,789,179,61,1,1030,0,0,0,1030
07/25/2006,MIA,FL,ASO,ES,Combined TRACON& Tower with Radar,841,152,30,1,1024,2,1,27,0,30,843,153,57,1,1054,0,0,0,1054
07/26/2006,MIA,FL,ASO,ES,Combined TRACON& Tower with Radar,840,161,35,5,1041,0,0,17,0,17,840,161,52,5,1058,0,0,0,1058
07/27/2006,MIA,FL,ASO,ES,Combined TRACON& Tower with Radar,828,177,32,4,1041,0,1,22,0,23,828,178,54,4,1064,0,0,0,1064
07/28/2006,MIA,FL,ASO,ES,Combined TRACON& Tower with Radar,839,176,33,2,1050,2,1,13,0,16,841,177,46,2,1066,0,0,0,1066
07/29/2006,MIA,FL,ASO,ES,Combined TRACON& Tower with Radar,818,136,23,3,980,1,1,3,0,5,819,137,26,3,985,0,0,0,985
07/30/2006,MIA,FL,ASO,ES,Combined TRACON& Tower with Radar,792,143,42,1,978,0,1,8,0,9,792,144,50,1,987,0,0,0,987
07/31/2006,MIA,FL,ASO,ES,Combined TRACON& Tower with Radar,787,157,26,5,975,0,0,11,0,11,787,157,37,5,986,0,0,0,986
08/01/2006,MIA,FL,ASO,ES,Combined TRACON& Tower with Radar,849,162,24,3,1038,1,1,15,5,22,850,163,39,8,1060,0,0,0,1060
08/02/2006,MIA,FL,ASO,ES,Combined TRACON& Tower with Radar,827,167,16,4,1014,1,2,13,0,16,828,169,29,4,1030,0,0,0,1030
08/03/2006,MIA,FL,ASO,ES,Combined TRACON& Tower with Radar,827,174,33,6,1040,0,1,16,2,19,827,175,49,8,1059,0,0,0,1059
08/04/2006,MIA,FL,ASO,ES,Combined TRACON& Tower with Radar,821,181,34,3,1039,2,3,11,0,16,823,184,45,3,1055,0,0,0,1055
08/05/2006,MIA,FL,ASO,ES,Combined TRACON& Tower with Radar,823,144,24,2,993,0,2,13,0,15,823,146,37,2,1008,0,0,0,1008
08/06/2006,MIA,FL,ASO,ES,Combined TRACON& Tower with Radar,783,131,19,2,935,3,0,2,0,5,786,131,21,2,940,0,0,0,940
08/07/2006,MIA,FL,ASO,ES,Combined TRACON& Tower with Radar,779,151,23,4,957,0,3,14,0,17,779,154,37,4,974,0,0,0,974
08/08/2006,MIA,FL,ASO,ES,Combined TRACON& Tower with Radar,822,179,21,6,1028,0,4,29,1,34,822,183,50,7,1062,0,0,0,1062
08/09/2006,MIA,FL,ASO,ES,Combined TRACON& Tower with Radar,829,165,41,3,1038,0,2,19,2,23,829,167,60,5,1061,0,0,0,1061
08/10/2006,MIA,FL,ASO,ES,Combined TRACON& Tower with Radar,808,180,43,5,1036,1,0,28,2,31,809,180,71,7,1067,0,0,0,1067
08/11/2006,MIA,FL,ASO,ES,Combined TRACON& Tower with Radar,846,186,35,0,1067,1,1,21,1,24,847,187,56,1,1091,0,0,0,1091
08/12/2006,MIA,FL,ASO,ES,Combined TRACON& Tower with Radar,810,149,28,0,987,3,1,9,0,13,813,150,37,0,1000,0,0,0,1000
08/13/2006,MIA,FL,ASO,ES,Combined TRACON& Tower with Radar,790,130,23,2,945,0,1,5,0,6,790,131,28,2,951,0,0,0,951
08/14/2006,MIA,FL,ASO,ES,Combined TRACON& Tower with Radar,773,172,40,5,990,0,1,4,0,5,773,173,44,5,995,0,0,0,995
08/15/2006,MIA,FL,ASO,ES,Combined TRACON& Tower with Radar,816,160,44,7,1027,1,2,12,0,15,817,162,56,7,1042,0,0,0,1042
08/16/2006,MIA,FL,ASO,ES,Combined TRACON& Tower with Radar,827,166,37,3,1033,1,1,11,0,13,828,167,48,3,1046,0,0,0,1046
08/17/2006,MIA,FL,ASO,ES,Combined TRACON& Tower with Radar,819,173,47,7,1046,1,4,19,0,24,820,177,66,7,1070,0,0,0,1070
08/18/2006,MIA,FL,ASO,ES,Combined TRACON& Tower with Radar,832,171,44,6,1053,2,5,9,0,16,834,176,53,6,1069,0,0,0,1069
08/19/2006,MIA,FL,ASO,ES,Combined TRACON& Tower with Radar,806,146,24,6,982,2,5,6,0,13,808,151,30,6,995,0,0,0,995
08/20/2006,MIA,FL,ASO,ES,Combined TRACON& Tower with Radar,782,147,25,1,955,0,0,4,0,4,782,147,29,1,959,0,0,0,959
08/21/2006,MIA,FL,ASO,ES,Combined TRACON& Tower with Radar,765,169,31,4,969,1,0,12,0,13,766,169,43,4,982,0,0,0,982
08/22/2006,MIA,FL,ASO,ES,Combined TRACON& Tower with Radar,826,177,33,0,1036,0,0,8,0,8,826,177,41,0,1044,0,0,0,1044
08/23/2006,MIA,FL,ASO,ES,Combined TRACON& Tower with Radar,989,220,31,4,1244,0,2,21,0,23,989,222,52,4,1267,0,0,0,1267
08/24/2006,MIA,FL,ASO,ES,Combined TRACON& Tower with Radar,823,163,34,2,1022,3,5,20,1,29,826,168,54,3,1051,0,0,0,1051
08/25/2006,MIA,FL,ASO,ES,Combined TRACON& Tower with Radar,825,167,40,1,1033,2,9,14,0,25,827,176,54,1,1058,0,0,0,1058
08/26/2006,MIA,FL,ASO,ES,Combined TRACON& Tower with Radar,801,149,15,1,966,1,2,1,0,4,802,151,16,1,970,0,0,0,970
08/27/2006,MIA,FL,ASO,ES,Combined TRACON& Tower with Radar,752,127,27,0,906,1,2,6,0,9,753,129,33,0,915,0,0,0,915
08/28/2006,MIA,FL,ASO,ES,Combined TRACON& Tower with Radar,764,156,28,2,950,0,1,12,1,14,764,157,40,3,964,0,0,0,964
08/29/2006,MIA,FL,ASO,ES,Combined TRACON& Tower with Radar,487,91,26,2,606,0,0,5,1,6,487,91,31,3,612,0,0,0,612
08/30/2006,MIA,FL,ASO,ES,Combined TRACON& Tower with Radar,598,121,10,0,729,1,0,2,1,4,599,121,12,1,733,0,0,0,733
08/31/2006,MIA,FL,ASO,ES,Combined TRACON& Tower with Radar,837,170,47,4,1058,0,0,44,0,44,837,170,91,4,1102,0,0,0,1102
09/01/2006,MIA,FL,ASO,ES,Combined TRACON& Tower with Radar,815,168,44,5,1032,0,1,20,0,21,815,169,64,5,1053,0,0,0,1053
09/02/2006,MIA,FL,ASO,ES,Combined TRACON& Tower with Radar,813,141,18,2,974,0,3,0,0,3,813,144,18,2,977,0,0,0,977
09/03/2006,MIA,FL,ASO,ES,Combined TRACON& Tower with Radar,758,130,17,2,907,1,2,5,0,8,759,132,22,2,915,0,0,0,915
09/04/2006,MIA,FL,ASO,ES,Combined TRACON& Tower with Radar,768,167,43,0,978,2,1,4,0,7,770,168,47,0,985,0,0,0,985
09/05/2006,MIA,FL,ASO,ES,Combined TRACON& Tower with Radar,789,158,35,3,985,0,1,2,0,3,789,159,37,3,988,0,0,0,988
09/06/2006,MIA,FL,ASO,ES,Combined TRACON& Tower with Radar,747,169,26,6,948,0,0,15,0,15,747,169,41,6,963,0,0,0,963
09/07/2006,MIA,FL,ASO,ES,Combined TRACON& Tower with Radar,775,171,60,4,1010,0,0,29,0,29,775,171,89,4,1039,0,0,0,1039
09/08/2006,MIA,FL,ASO,ES,Combined TRACON& Tower with Radar,769,175,50,4,998,1,3,16,0,20,770,178,66,4,1018,0,0,0,1018
09/09/2006,MIA,FL,ASO,ES,Combined TRACON& Tower with Radar,747,147,18,5,917,0,1,17,2,20,747,148,35,7,937,0,0,0,937
09/10/2006,MIA,FL,ASO,ES,Combined TRACON& Tower with Radar,730,139,24,1,894,0,4,6,0,10,730,143,30,1,904,0,0,0,904
09/11/2006,MIA,FL,ASO,ES,Combined TRACON& Tower with Radar,702,173,38,6,919,0,3,14,1,18,702,176,52,7,937,0,0,0,937
09/12/2006,MIA,FL,ASO,ES,Combined TRACON& Tower with Radar,736,148,43,6,933,2,0,15,0,17,738,148,58,6,950,0,0,0,950
09/13/2006,MIA,FL,ASO,ES,Combined TRACON& Tower with Radar,765,153,37,8,963,1,2,17,0,20,766,155,54,8,983,0,0,0,983
09/14/2006,MIA,FL,ASO,ES,Combined TRACON& Tower with Radar,765,176,39,4,984,1,0,14,0,15,766,176,53,4,999,0,0,0,999
09/15/2006,MIA,FL,ASO,ES,Combined TRACON& Tower with Radar,763,165,56,0,984,0,0,21,0,21,763,165,77,0,1005,0,0,0,1005
09/16/2006,MIA,FL,ASO,ES,Combined TRACON& Tower with Radar,737,139,17,1,894,0,1,8,0,9,737,140,25,1,903,0,0,0,903
09/17/2006,MIA,FL,ASO,ES,Combined TRACON& Tower with Radar,720,127,55,6,908,0,0,3,0,3,720,127,58,6,911,0,0,0,911
09/18/2006,MIA,FL,ASO,ES,Combined TRACON& Tower with Radar,702,192,33,0,927,1,0,14,0,15,703,192,47,0,942,0,0,0,942
09/19/2006,MIA,FL,ASO,ES,Combined TRACON& Tower with Radar,758,171,30,0,959,0,5,8,0,13,758,176,38,0,972,0,0,0,972
09/20/2006,MIA,FL,ASO,ES,Combined TRACON& Tower with Radar,739,177,42,6,964,1,7,19,0,27,740,184,61,6,991,0,0,0,991
09/21/2006,MIA,FL,ASO,ES,Combined TRACON& Tower with Radar,775,181,56,2,1014,1,6,6,0,13,776,187,62,2,1027,0,0,0,1027
09/22/2006,MIA,FL,ASO,ES,Combined TRACON& Tower with Radar,763,179,39,0,981,1,8,19,0,28,764,187,58,0,1009,0,0,0,1009
09/23/2006,MIA,FL,ASO,ES,Combined TRACON& Tower with Radar,729,144,28,4,905,3,7,8,0,18,732,151,36,4,923,0,0,0,923
09/24/2006,MIA,FL,ASO,ES,Combined TRACON& Tower with Radar,724,131,36,1,892,1,2,3,0,6,725,133,39,1,898,0,0,0,898
09/25/2006,MIA,FL,ASO,ES,Combined TRACON& Tower with Radar,716,152,40,7,915,0,0,28,0,28,716,152,68,7,943,0,0,0,943
09/26/2006,MIA,FL,ASO,ES,Combined TRACON& Tower with Radar,761,162,35,4,962,0,3,26,3,32,761,165,61,7,994,0,0,0,994
09/27/2006,MIA,FL,ASO,ES,Combined TRACON& Tower with Radar,763,165,33,4,965,0,0,25,0,25,763,165,58,4,990,0,0,0,990
09/28/2006,MIA,FL,ASO,ES,Combined TRACON& Tower with Radar,772,169,47,9,997,1,3,15,1,20,773,172,62,10,1017,0,0,0,1017
09/29/2006,MIA,FL,ASO,ES,Combined TRACON& Tower with Radar,780,180,64,5,1029,1,3,23,0,27,781,183,87,5,1056,0,0,0,1056
09/30/2006,MIA,FL,ASO,ES,Combined TRACON& Tower with Radar,736,136,26,4,902,1,1,8,0,10,737,137,34,4,912,0,0,0,912
10/01/2006,MIA,FL,ASO,ES,Combined TRACON& Tower with Radar,749,130,42,3,924,1,1,9,0,11,750,131,51,3,935,0,0,0,935
10/02/2006,MIA,FL,ASO,ES,Combined TRACON& Tower with Radar,693,174,52,4,923,0,0,0,0,0,693,174,52,4,923,22,0,22,945
10/03/2006,MIA,FL,ASO,ES,Combined TRACON& Tower with Radar,762,165,48,0,975,3,2,16,1,22,765,167,64,1,997,0,0,0,997
10/04/2006,MIA,FL,ASO,ES,Combined TRACON& Tower with Radar,748,174,43,3,968,1,0,34,0,35,749,174,77,3,1003,0,0,0,1003
10/05/2006,MIA,FL,ASO,ES,Combined TRACON& Tower with Radar,783,182,51,0,1016,1,1,4,1,7,784,183,55,1,1023,0,0,0,1023
10/06/2006,MIA,FL,ASO,ES,Combined TRACON& Tower with Radar,777,175,70,3,1025,0,4,14,1,19,777,179,84,4,1044,0,0,0,1044
10/07/2006,MIA,FL,ASO,ES,Combined TRACON& Tower with Radar,777,175,70,3,1025,0,4,14,1,19,777,179,84,4,1044,0,0,0,1044
10/08/2006,MIA,FL,ASO,ES,Combined TRACON& Tower with Radar,736,131,33,0,900,1,1,9,1,12,737,132,42,1,912,0,0,0,912
10/09/2006,MIA,FL,ASO,ES,Combined TRACON& Tower with Radar,711,166,40,0,917,1,1,11,0,13,712,167,51,0,930,0,0,0,930
10/10/2006,MIA,FL,ASO,ES,Combined TRACON& Tower with Radar,765,151,51,3,970,0,0,21,0,21,765,151,72,3,991,0,0,0,991
10/11/2006,MIA,FL,ASO,ES,Combined TRACON& Tower with Radar,750,172,42,4,968,1,2,32,0,35,751,174,74,4,1003,0,0,0,1003
10/12/2006,MIA,FL,ASO,ES,Combined TRACON& Tower with Radar,940,214,40,6,1200,2,1,32,0,35,942,215,72,6,1235,0,0,0,1235
10/13/2006,MIA,FL,ASO,ES,Combined TRACON& Tower with Radar,948,214,40,6,1208,2,1,33,0,36,950,215,73,6,1244,0,0,0,1244
10/14/2006,MIA,FL,ASO,ES,Combined TRACON& Tower with Radar,741,157,31,5,934,2,1,12,0,15,743,158,43,5,949,0,0,0,949
10/15/2006,MIA,FL,ASO,ES,Combined TRACON& Tower with Radar,733,136,32,3,904,0,0,14,0,14,733,136,46,3,918,0,0,0,918
10/16/2006,MIA,FL,ASO,ES,Combined TRACON& Tower with Radar,708,180,32,0,920,1,1,15,0,17,709,181,47,0,937,0,0,0,937
10/17/2006,MIA,FL,ASO,ES,Combined TRACON& Tower with Radar,758,164,46,1,969,1,9,16,3,29,759,173,62,4,998,0,0,0,998
10/18/2006,MIA,FL,ASO,ES,Combined TRACON& Tower with Radar,750,172,52,9,983,1,1,18,0,20,751,173,70,9,1003,0,0,0,1003
10/19/2006,MIA,FL,ASO,ES,Combined TRACON& Tower with Radar,780,184,66,7,1037,1,4,22,0,27,781,188,88,7,1064,0,0,0,1064
10/20/2006,MIA,FL,ASO,ES,Combined TRACON& Tower with Radar,774,176,50,2,1002,1,4,6,0,11,775,180,56,2,1013,0,0,0,1013
10/21/2006,MIA,FL,ASO,ES,Combined TRACON& Tower with Radar,734,153,31,5,923,0,1,9,0,10,734,154,40,5,933,0,0,0,933
10/22/2006,MIA,FL,ASO,ES,Combined TRACON& Tower with Radar,737,144,49,1,931,2,1,14,0,17,739,145,63,1,948,0,0,0,948
10/23/2006,MIA,FL,ASO,ES,Combined TRACON& Tower with Radar,701,178,34,0,913,0,0,10,0,10,701,178,44,0,923,0,0,0,923
10/24/2006,MIA,FL,ASO,ES,Combined TRACON& Tower with Radar,769,163,42,2,976,2,1,18,0,21,771,164,60,2,997,0,0,0,997
10/25/2006,MIA,FL,ASO,ES,Combined TRACON& Tower with Radar,762,178,48,3,991,1,2,21,1,25,763,180,69,4,1016,0,0,0,1016
10/26/2006,MIA,FL,ASO,ES,Combined TRACON& Tower with Radar,786,190,77,3,1056,0,3,19,4,26,786,193,96,7,1082,0,0,0,1082
10/27/2006,MIA,FL,ASO,ES,Combined TRACON& Tower with Radar,767,203,44,3,1017,1,2,19,2,24,768,205,63,5,1041,0,0,0,1041
10/28/2006,MIA,FL,ASO,ES,Combined TRACON& Tower with Radar,757,164,41,3,965,2,0,2,0,4,759,164,43,3,969,0,0,0,969
10/29/2006,MIA,FL,ASO,ES,Combined TRACON& Tower with Radar,747,139,44,0,930,1,5,17,0,23,748,144,61,0,953,0,0,0,953
10/30/2006,MIA,FL,ASO,ES,Combined TRACON& Tower with Radar,727,181,54,2,964,1,9,29,0,39,728,190,83,2,1003,0,0,0,1003
10/31/2006,MIA,FL,ASO,ES,Combined TRACON& Tower with Radar,796,156,45,1,998,1,3,8,0,12,797,159,53,1,1010,0,0,0,1010
11/01/2006,MIA,FL,ASO,ES,Combined TRACON& Tower with Radar,786,175,51,4,1016,0,2,15,0,17,786,177,66,4,1033,0,0,0,1033
11/02/2006,MIA,FL,ASO,ES,Combined TRACON& Tower with Radar,805,173,60,4,1042,2,4,5,0,11,807,177,65,4,1053,0,0,0,1053
11/03/2006,MIA,FL,ASO,ES,Combined TRACON& Tower with Radar,798,185,54,0,1037,1,2,22,1,26,799,187,76,1,1063,0,0,0,1063
11/04/2006,MIA,FL,ASO,ES,Combined TRACON& Tower with Radar,757,149,26,2,934,0,0,0,0,0,757,149,26,2,934,0,0,0,934
11/05/2006,MIA,FL,ASO,ES,Combined TRACON& Tower with Radar,755,147,47,0,949,0,3,4,0,7,755,150,51,0,956,0,0,0,956
11/06/2006,MIA,FL,ASO,ES,Combined TRACON& Tower with Radar,732,170,55,1,958,0,4,12,0,16,732,174,67,1,974,0,0,0,974
11/07/2006,MIA,FL,ASO,ES,Combined TRACON& Tower with Radar,775,178,43,4,1000,1,1,11,0,13,776,179,54,4,1013,0,0,0,1013
11/08/2006,MIA,FL,ASO,ES,Combined TRACON& Tower with Radar,775,180,55,2,1012,0,0,16,0,16,775,180,71,2,1028,0,0,0,1028
11/09/2006,MIA,FL,ASO,ES,Combined TRACON& Tower with Radar,807,188,68,8,1071,0,0,37,1,38,807,188,105,9,1109,0,0,0,1109
11/10/2006,MIA,FL,ASO,ES,Combined TRACON& Tower with Radar,792,192,52,2,1038,0,6,16,0,22,792,198,68,2,1060,0,0,0,1060
11/11/2006,MIA,FL,ASO,ES,Combined TRACON& Tower with Radar,766,136,40,1,943,1,2,9,0,12,767,138,49,1,955,0,0,0,955
11/12/2006,MIA,FL,ASO,ES,Combined TRACON& Tower with Radar,752,164,42,2,960,1,4,16,0,21,753,168,58,2,981,0,0,0,981
11/13/2006,MIA,FL,ASO,ES,Combined TRACON& Tower with Radar,728,182,52,4,966,2,3,16,0,21,730,185,68,4,987,0,0,0,987
11/14/2006,MIA,FL,ASO,ES,Combined TRACON& Tower with Radar,802,186,70,1,1059,1,2,16,0,19,803,188,86,1,1078,0,0,0,1078
11/15/2006,MIA,FL,ASO,ES,Combined TRACON& Tower with Radar,785,206,74,6,1071,1,1,16,0,18,786,207,90,6,1089,0,0,0,1089
11/16/2006,MIA,FL,ASO,ES,Combined TRACON& Tower with Radar,812,192,91,4,1099,1,2,19,0,22,813,194,110,4,1121,0,0,0,1121
11/17/2006,MIA,FL,ASO,ES,Combined TRACON& Tower with Radar,835,194,74,3,1106,1,9,28,0,38,836,203,102,3,1144,0,0,0,1144
11/18/2006,MIA,FL,ASO,ES,Combined TRACON& Tower with Radar,786,142,54,0,982,2,4,34,1,41,788,146,88,1,1023,0,0,0,1023
11/19/2006,MIA,FL,ASO,ES,Combined TRACON& Tower with Radar,771,164,52,1,988,4,6,95,1,106,775,170,147,2,1094,0,0,0,1094
11/20/2006,MIA,FL,ASO,ES,Combined TRACON& Tower with Radar,753,166,69,0,988,2,0,20,2,24,755,166,89,2,1012,0,0,0,1012
11/21/2006,MIA,FL,ASO,ES,Combined TRACON& Tower with Radar,809,177,64,0,1050,0,3,16,0,19,809,180,80,0,1069,0,0,0,1069
11/22/2006,MIA,FL,ASO,ES,Combined TRACON& Tower with Radar,801,174,61,1,1037,2,10,28,0,40,803,184,89,1,1077,0,0,0,1077
11/23/2006,MIA,FL,ASO,ES,Combined TRACON& Tower with Radar,737,145,15,0,897,0,5,13,0,18,737,150,28,0,915,0,0,0,915
11/24/2006,MIA,FL,ASO,ES,Combined TRACON& Tower with Radar,774,149,29,0,952,1,6,8,0,15,775,155,37,0,967,0,0,0,967
11/25/2006,MIA,FL,ASO,ES,Combined TRACON& Tower with Radar,767,146,32,0,945,2,1,6,0,9,769,147,38,0,954,0,0,0,954
11/26/2006,MIA,FL,ASO,ES,Combined TRACON& Tower with Radar,764,180,85,0,1029,1,6,11,0,18,765,186,96,0,1047,0,0,0,1047
11/27/2006,MIA,FL,ASO,ES,Combined TRACON& Tower with Radar,764,179,51,2,996,2,3,13,0,18,766,182,64,2,1014,0,0,0,1014
11/28/2006,MIA,FL,ASO,ES,Combined TRACON& Tower with Radar,803,172,59,7,1041,3,3,13,0,19,806,175,72,7,1060,0,0,0,1060
11/29/2006,MIA,FL,ASO,ES,Combined TRACON& Tower with Radar,813,191,78,2,1084,21,3,38,0,62,834,194,116,2,1146,0,0,0,1146
11/30/2006,MIA,FL,ASO,ES,Combined TRACON& Tower with Radar,802,181,74,1,1058,1,2,12,0,15,803,183,86,1,1073,0,0,0,1073
12/01/2006,MIA,FL,ASO,ES,Combined TRACON& Tower with Radar,802,181,74,1,1058,1,2,12,0,15,803,183,86,1,1073,0,0,0,1073
12/02/2006,MIA,FL,ASO,ES,Combined TRACON& Tower with Radar,794,142,30,2,968,0,3,6,0,9,794,145,36,2,977,0,0,0,977
12/03/2006,MIA,FL,ASO,ES,Combined TRACON& Tower with Radar,786,140,53,0,979,1,4,6,0,11,787,144,59,0,990,0,0,0,990
12/04/2006,MIA,FL,ASO,ES,Combined TRACON& Tower with Radar,746,179,58,1,984,2,4,18,0,24,748,183,76,1,1008,0,0,0,1008
12/05/2006,MIA,FL,ASO,ES,Combined TRACON& Tower with Radar,816,250,77,3,1146,1,4,12,0,17,817,254,89,3,1163,0,0,0,1163
12/06/2006,MIA,FL,ASO,ES,Combined TRACON& Tower with Radar,817,237,97,10,1161,0,5,19,1,25,817,242,116,11,1186,0,0,0,1186
12/07/2006,MIA,FL,ASO,ES,Combined TRACON& Tower with Radar,831,210,101,5,1147,0,4,31,0,35,831,214,132,5,1182,0,0,0,1182
12/08/2006,MIA,FL,ASO,ES,Combined TRACON& Tower with Radar,819,241,101,2,1163,2,6,7,0,15,821,247,108,2,1178,0,0,0,1178
12/09/2006,MIA,FL,ASO,ES,Combined TRACON& Tower with Radar,803,164,57,0,1024,4,4,6,2,16,807,168,63,2,1040,0,0,0,1040
12/10/2006,MIA,FL,ASO,ES,Combined TRACON& Tower with Radar,776,216,65,1,1058,1,5,7,0,13,777,221,72,1,1071,0,0,0,1071
12/11/2006,MIA,FL,ASO,ES,Combined TRACON& Tower with Radar,756,190,55,5,1006,1,1,13,2,17,757,191,68,7,1023,0,0,0,1023
12/12/2006,MIA,FL,ASO,ES,Combined TRACON& Tower with Radar,829,161,50,7,1047,1,7,11,0,19,830,168,61,7,1066,0,0,0,1066
12/13/2006,MIA,FL,ASO,ES,Combined TRACON& Tower with Radar,843,177,61,3,1084,2,4,18,0,24,845,181,79,3,1108,0,0,0,1108
12/14/2006,MIA,FL,ASO,ES,Combined TRACON& Tower with Radar,868,176,64,1,1109,1,1,9,0,11,869,177,73,1,1120,0,0,0,1120
12/15/2006,MIA,FL,ASO,ES,Combined TRACON& Tower with Radar,900,185,67,3,1155,2,3,20,0,25,902,188,87,3,1180,0,0,0,1180
12/16/2006,MIA,FL,ASO,ES,Combined TRACON& Tower with Radar,890,148,48,0,1086,1,1,3,0,5,891,149,51,0,1091,0,0,0,1091
12/17/2006,MIA,FL,ASO,ES,Combined TRACON& Tower with Radar,823,155,37,0,1015,2,4,10,0,16,825,159,47,0,1031,0,0,0,1031
12/18/2006,MIA,FL,ASO,ES,Combined TRACON& Tower with Radar,840,188,64,4,1096,0,6,16,0,22,840,194,80,4,1118,0,0,0,1118
12/19/2006,MIA,FL,ASO,ES,Combined TRACON& Tower with Radar,906,191,55,3,1155,0,6,22,0,28,906,197,77,3,1183,0,0,0,1183
12/20/2006,MIA,FL,ASO,ES,Combined TRACON& Tower with Radar,919,210,53,1,1183,1,12,22,2,37,920,222,75,3,1220,0,0,0,1220
12/21/2006,MIA,FL,ASO,ES,Combined TRACON& Tower with Radar,917,212,65,2,1196,2,7,4,7,20,919,219,69,9,1216,0,0,0,1216
12/22/2006,MIA,FL,ASO,ES,Combined TRACON& Tower with Radar,910,201,62,3,1176,1,3,14,0,18,911,204,76,3,1194,0,0,0,1194
12/23/2006,MIA,FL,ASO,ES,Combined TRACON& Tower with Radar,910,201,62,3,1176,1,3,14,0,18,911,204,76,3,1194,0,0,0,1194
12/24/2006,MIA,FL,ASO,ES,Combined TRACON& Tower with Radar,794,145,29,0,968,1,4,10,0,15,795,149,39,0,983,0,0,0,983
12/25/2006,MIA,FL,ASO,ES,Combined TRACON& Tower with Radar,696,142,25,0,863,1,3,1,0,5,697,145,26,0,868,0,0,0,868
12/26/2006,MIA,FL,ASO,ES,Combined TRACON& Tower with Radar,794,179,85,0,1058,1,4,13,0,18,795,183,98,0,1076,0,0,0,1076
12/27/2006,MIA,FL,ASO,ES,Combined TRACON& Tower with Radar,893,198,88,0,1179,1,10,25,0,36,894,208,113,0,1215,0,0,0,1215
12/28/2006,MIA,FL,ASO,ES,Combined TRACON& Tower with Radar,876,181,48,0,1105,0,4,26,0,30,876,185,74,0,1135,0,0,0,1135
12/29/2006,MIA,FL,ASO,ES,Combined TRACON& Tower with Radar,872,194,57,0,1123,0,6,17,0,23,872,200,74,0,1146,0,0,0,1146
12/30/2006,MIA,FL,ASO,ES,Combined TRACON& Tower with Radar,823,166,55,1,1045,1,5,8,0,14,824,171,63,1,1059,0,0,0,1059
12/31/2006,MIA,FL,ASO,ES,Combined TRACON& Tower with Radar,761,160,31,0,952,0,1,8,0,9,761,161,39,0,961,0,0,0,961
01/01/2007,MIA,FL,ASO,ES,Combined TRACON& Tower with Radar,704,157,84,1,946,0,3,14,0,17,704,160,98,1,963,0,0,0,963
01/02/2007,MIA,FL,ASO,ES,Combined TRACON& Tower with Radar,797,185,105,0,1087,1,2,6,0,9,798,187,111,0,1096,0,0,0,1096
01/03/2007,MIA,FL,ASO,ES,Combined TRACON& Tower with Radar,919,189,74,2,1184,0,0,14,0,14,919,189,88,2,1198,0,0,0,1198
01/04/2007,MIA,FL,ASO,ES,Combined TRACON& Tower with Radar,890,179,60,1,1130,0,1,11,2,14,890,180,71,3,1144,0,0,0,1144
01/05/2007,MIA,FL,ASO,ES,Combined TRACON& Tower with Radar,875,189,85,0,1149,1,1,20,0,22,876,190,105,0,1171,0,0,0,1171
01/06/2007,MIA,FL,ASO,ES,Combined TRACON& Tower with Radar,852,154,53,2,1061,0,0,8,0,8,852,154,61,2,1069,0,0,0,1069
01/07/2007,MIA,FL,ASO,ES,Combined TRACON& Tower with Radar,815,173,75,0,1063,1,2,11,0,14,816,175,86,0,1077,0,0,0,1077
01/08/2007,MIA,FL,ASO,ES,Combined TRACON& Tower with Radar,808,181,65,0,1054,0,5,11,0,16,808,186,76,0,1070,0,0,0,1070
01/09/2007,MIA,FL,ASO,ES,Combined TRACON& Tower with Radar,861,180,61,5,1107,2,5,14,0,21,863,185,75,5,1128,0,0,0,1128
01/10/2007,MIA,FL,ASO,ES,Combined TRACON& Tower with Radar,861,190,53,4,1108,1,6,27,0,34,862,196,80,4,1142,0,0,0,1142
01/11/2007,MIA,FL,ASO,ES,Combined TRACON& Tower with Radar,874,192,62,5,1133,3,7,14,1,25,877,199,76,6,1158,0,0,0,1158
01/12/2007,MIA,FL,ASO,ES,Combined TRACON& Tower with Radar,868,179,53,2,1102,0,8,40,0,48,868,187,93,2,1150,0,0,0,1150
01/13/2007,MIA,FL,ASO,ES,Combined TRACON& Tower with Radar,819,143,29,1,992,2,4,8,0,14,821,147,37,1,1006,0,0,0,1006
01/14/2007,MIA,FL,ASO,ES,Combined TRACON& Tower with Radar,807,144,34,2,987,0,1,9,0,10,807,145,43,2,997,0,0,0,997
01/15/2007,MIA,FL,ASO,ES,Combined TRACON& Tower with Radar,803,181,76,3,1063,1,1,6,1,9,804,182,82,4,1072,0,0,0,1072
01/16/2007,MIA,FL,ASO,ES,Combined TRACON& Tower with Radar,857,189,64,2,1112,0,0,31,0,31,857,189,95,2,1143,0,0,0,1143
01/17/2007,MIA,FL,ASO,ES,Combined TRACON& Tower with Radar,850,172,47,4,1073,2,4,22,0,28,852,176,69,4,1101,0,0,0,1101
01/18/2007,MIA,FL,ASO,ES,Combined TRACON& Tower with Radar,846,190,82,1,1119,1,6,22,1,30,847,196,104,2,1149,0,0,0,1149
01/19/2007,MIA,FL,ASO,ES,Combined TRACON& Tower with Radar,862,190,64,2,1118,2,2,12,0,16,864,192,76,2,1134,0,0,0,1134
01/20/2007,MIA,FL,ASO,ES,Combined TRACON& Tower with Radar,844,147,29,2,1022,0,5,14,0,19,844,152,43,2,1041,0,0,0,1041
01/21/2007,MIA,FL,ASO,ES,Combined TRACON& Tower with Radar,798,173,47,0,1018,1,4,10,0,15,799,177,57,0,1033,0,0,0,1033
01/22/2007,MIA,FL,ASO,ES,Combined TRACON& Tower with Radar,797,167,54,0,1018,2,4,10,0,16,799,171,64,0,1034,0,0,0,1034
01/23/2007,MIA,FL,ASO,ES,Combined TRACON& Tower with Radar,848,192,43,4,1087,1,3,7,3,14,849,195,50,7,1101,0,0,0,1101
01/24/2007,MIA,FL,ASO,ES,Combined TRACON& Tower with Radar,863,186,68,7,1124,0,1,14,0,15,863,187,82,7,1139,0,0,0,1139
01/25/2007,MIA,FL,ASO,ES,Combined TRACON& Tower with Radar,858,182,84,1,1125,1,0,5,0,6,859,182,89,1,1131,0,0,0,1131
01/26/2007,MIA,FL,ASO,ES,Combined TRACON& Tower with Radar,890,186,65,4,1145,0,9,16,0,25,890,195,81,4,1170,0,0,0,1170
01/27/2007,MIA,FL,ASO,ES,Combined TRACON& Tower with Radar,848,151,45,1,1045,2,0,13,0,15,850,151,58,1,1060,0,0,0,1060
01/28/2007,MIA,FL,ASO,ES,Combined TRACON& Tower with Radar,839,179,65,2,1085,4,4,4,0,12,843,183,69,2,1097,0,0,0,1097
01/29/2007,MIA,FL,ASO,ES,Combined TRACON& Tower with Radar,825,163,62,5,1055,1,7,17,0,25,826,170,79,5,1080,0,0,0,1080
01/30/2007,MIA,FL,ASO,ES,Combined TRACON& Tower with Radar,874,169,48,1,1092,2,1,11,1,15,876,170,59,2,1107,0,0,0,1107
01/31/2007,MIA,FL,ASO,ES,Combined TRACON& Tower with Radar,878,190,68,5,1141,0,4,19,0,23,878,194,87,5,1164,0,0,0,1164
02/01/2007,MIA,FL,ASO,ES,Combined TRACON& Tower with Radar,908,209,108,1,1226,0,0,0,0,0,908,209,108,1,1226,0,0,0,1226
02/02/2007,MIA,FL,ASO,ES,Combined TRACON& Tower with Radar,908,209,108,1,1226,1,1,21,0,23,909,210,129,1,1249,0,0,0,1249
02/03/2007,MIA,FL,ASO,ES,Combined TRACON& Tower with Radar,915,176,93,2,1186,1,0,34,0,35,916,176,127,2,1221,0,0,0,1221
02/04/2007,MIA,FL,ASO,ES,Combined TRACON& Tower with Radar,849,173,92,4,1118,0,2,2,0,4,849,175,94,4,1122,0,0,0,1122
02/05/2007,MIA,FL,ASO,ES,Combined TRACON& Tower with Radar,885,259,190,8,1342,6,0,12,1,19,891,259,202,9,1361,0,0,0,1361
02/06/2007,MIA,FL,ASO,ES,Combined TRACON& Tower with Radar,913,206,95,0,1214,0,3,10,0,13,913,209,105,0,1227,0,0,0,1227
02/07/2007,MIA,FL,ASO,ES,Combined TRACON& Tower with Radar,876,219,80,3,1178,1,14,25,0,40,877,233,105,3,1218,0,0,0,1218
02/08/2007,MIA,FL,ASO,ES,Combined TRACON& Tower with Radar,900,206,73,5,1184,1,7,16,0,24,901,213,89,5,1208,0,0,0,1208
02/09/2007,MIA,FL,ASO,ES,Combined TRACON& Tower with Radar,948,200,113,9,1270,1,3,26,4,34,949,203,139,13,1304,0,0,0,1304
02/10/2007,MIA,FL,ASO,ES,Combined TRACON& Tower with Radar,841,166,45,6,1058,2,3,15,0,20,843,169,60,6,1078,0,0,0,1078
02/11/2007,MIA,FL,ASO,ES,Combined TRACON& Tower with Radar,811,167,75,2,1055,4,6,16,0,26,815,173,91,2,1081,0,0,0,1081
02/12/2007,MIA,FL,ASO,ES,Combined TRACON& Tower with Radar,796,195,67,4,1062,0,0,5,0,5,796,195,72,4,1067,0,0,0,1067
02/13/2007,MIA,FL,ASO,ES,Combined TRACON& Tower with Radar,832,187,54,2,1075,0,3,20,0,23,832,190,74,2,1098,0,0,0,1098
02/14/2007,MIA,FL,ASO,ES,Combined TRACON& Tower with Radar,787,183,85,2,1057,2,3,18,0,23,789,186,103,2,1080,0,0,0,1080
02/15/2007,MIA,FL,ASO,ES,Combined TRACON& Tower with Radar,864,217,137,3,1221,0,5,37,0,42,864,222,174,3,1263,0,0,0,1263
02/16/2007,MIA,FL,ASO,ES,Combined TRACON& Tower with Radar,872,226,146,4,1248,4,6,30,0,40,876,232,176,4,1288,0,0,0,1288
02/17/2007,MIA,FL,ASO,ES,Combined TRACON& Tower with Radar,836,195,69,4,1104,0,3,28,0,31,836,198,97,4,1135,0,0,0,1135
02/18/2007,MIA,FL,ASO,ES,Combined TRACON& Tower with Radar,819,192,93,2,1106,0,4,15,0,19,819,196,108,2,1125,0,0,0,1125
02/19/2007,MIA,FL,ASO,ES,Combined TRACON& Tower with Radar,787,188,90,2,1067,1,8,26,0,35,788,196,116,2,1102,0,0,0,1102
02/20/2007,MIA,FL,ASO,ES,Combined TRACON& Tower with Radar,847,196,74,0,1117,2,3,13,0,18,849,199,87,0,1135,0,0,0,1135
02/21/2007,MIA,FL,ASO,ES,Combined TRACON& Tower with Radar,832,179,64,5,1080,1,11,17,0,29,833,190,81,5,1109,0,0,0,1109
02/22/2007,MIA,FL,ASO,ES,Combined TRACON& Tower with Radar,1004,233,86,3,1326,1,8,22,0,31,1005,241,108,3,1357,0,0,0,1357
02/23/2007,MIA,FL,ASO,ES,Combined TRACON& Tower with Radar,853,233,78,5,1169,1,8,21,0,30,854,241,99,5,1199,0,0,0,1199
02/24/2007,MIA,FL,ASO,ES,Combined TRACON& Tower with Radar,807,175,51,0,1033,1,3,14,0,18,808,178,65,0,1051,0,0,0,1051
02/25/2007,MIA,FL,ASO,ES,Combined TRACON& Tower with Radar,767,188,92,3,1050,1,3,12,0,16,768,191,104,3,1066,0,0,0,1066
02/26/2007,MIA,FL,ASO,ES,Combined TRACON& Tower with Radar,783,192,87,3,1065,1,2,14,0,17,784,194,101,3,1082,0,0,0,1082
02/27/2007,MIA,FL,ASO,ES,Combined TRACON& Tower with Radar,861,172,44,3,1080,0,0,15,0,15,861,172,59,3,1095,0,0,0,1095
02/28/2007,MIA,FL,ASO,ES,Combined TRACON& Tower with Radar,856,173,80,5,1114,1,0,13,0,14,857,173,93,5,1128,0,0,0,1128
03/01/2007,MIA,FL,ASO,ES,Combined TRACON& Tower with Radar,843,197,76,3,1119,0,3,23,0,26,843,200,99,3,1145,0,0,0,1145
03/02/2007,MIA,FL,ASO,ES,Combined TRACON& Tower with Radar,859,205,100,6,1170,1,3,27,0,31,860,208,127,6,1201,0,0,0,1201
03/03/2007,MIA,FL,ASO,ES,Combined TRACON& Tower with Radar,844,159,42,2,1047,1,4,7,0,12,845,163,49,2,1059,0,0,0,1059
03/04/2007,MIA,FL,ASO,ES,Combined TRACON& Tower with Radar,810,161,68,0,1039,1,3,5,0,9,811,164,73,0,1048,0,0,0,1048
03/05/2007,MIA,FL,ASO,ES,Combined TRACON& Tower with Radar,803,179,75,5,1062,0,4,16,0,20,803,183,91,5,1082,0,0,0,1082
03/06/2007,MIA,FL,ASO,ES,Combined TRACON& Tower with Radar,847,177,85,6,1115,0,23,11,0,34,847,200,96,6,1149,0,0,0,1149
03/07/2007,MIA,FL,ASO,ES,Combined TRACON& Tower with Radar,850,179,57,5,1091,1,4,28,0,33,851,183,85,5,1124,0,0,0,1124
03/08/2007,MIA,FL,ASO,ES,Combined TRACON& Tower with Radar,869,183,59,2,1113,0,4,13,1,18,869,187,72,3,1131,0,0,0,1131
03/09/2007,MIA,FL,ASO,ES,Combined TRACON& Tower with Radar,840,199,68,4,1111,4,6,23,0,33,844,205,91,4,1144,0,0,0,1144
03/10/2007,MIA,FL,ASO,ES,Combined TRACON& Tower with Radar,821,157,68,1,1047,1,2,16,0,19,822,159,84,1,1066,0,0,0,1066
03/11/2007,MIA,FL,ASO,ES,Combined TRACON& Tower with Radar,799,179,58,1,1037,1,9,29,0,39,800,188,87,1,1076,0,0,0,1076
03/12/2007,MIA,FL,ASO,ES,Combined TRACON& Tower with Radar,788,176,51,0,1015,2,1,15,0,18,790,177,66,0,1033,0,0,0,1033
03/13/2007,MIA,FL,ASO,ES,Combined TRACON& Tower with Radar,849,181,48,5,1083,0,4,4,0,8,849,185,52,5,1091,0,0,0,1091
03/14/2007,MIA,FL,ASO,ES,Combined TRACON& Tower with Radar,837,166,58,8,1069,0,0,23,1,24,837,166,81,9,1093,0,0,0,1093
03/15/2007,MIA,FL,ASO,ES,Combined TRACON& Tower with Radar,856,189,71,2,1118,1,3,29,0,33,857,192,100,2,1151,0,0,0,1151
03/16/2007,MIA,FL,ASO,ES,Combined TRACON& Tower with Radar,774,214,81,4,1073,2,2,6,3,13,776,216,87,7,1086,0,0,0,1086
03/17/2007,MIA,FL,ASO,ES,Combined TRACON& Tower with Radar,807,184,75,1,1067,2,6,12,0,20,809,190,87,1,1087,0,0,0,1087
03/18/2007,MIA,FL,ASO,ES,Combined TRACON& Tower with Radar,821,178,102,2,1103,0,4,19,0,23,821,182,121,2,1126,0,0,0,1126
03/19/2007,MIA,FL,ASO,ES,Combined TRACON& Tower with Radar,820,201,88,7,1116,0,6,5,0,11,820,207,93,7,1127,0,0,0,1127
03/20/2007,MIA,FL,ASO,ES,Combined TRACON& Tower with Radar,869,222,75,14,1180,1,6,15,0,22,870,228,90,14,1202,0,0,0,1202
03/21/2007,MIA,FL,ASO,ES,Combined TRACON& Tower with Radar,861,196,67,8,1132,1,6,23,0,30,862,202,90,8,1162,0,0,0,1162
03/22/2007,MIA,FL,ASO,ES,Combined TRACON& Tower with Radar,866,197,91,6,1160,0,2,10,0,12,866,199,101,6,1172,0,0,0,1172
03/23/2007,MIA,FL,ASO,ES,Combined TRACON& Tower with Radar,884,207,90,0,1181,2,6,15,15,38,886,213,105,15,1219,0,0,0,1219
03/24/2007,MIA,FL,ASO,ES,Combined TRACON& Tower with Radar,848,160,62,0,1070,0,7,15,13,35,848,167,77,13,1105,0,0,0,1105
03/25/2007,MIA,FL,ASO,ES,Combined TRACON& Tower with Radar,834,191,73,2,1100,0,5,13,17,35,834,196,86,19,1135,0,0,0,1135
03/26/2007,MIA,FL,ASO,ES,Combined TRACON& Tower with Radar,810,188,57,5,1060,1,6,22,0,29,811,194,79,5,1089,0,0,0,1089
03/27/2007,MIA,FL,ASO,ES,Combined TRACON& Tower with Radar,864,199,44,3,1110,2,2,12,2,18,866,201,56,5,1128,0,0,0,1128
03/28/2007,MIA,FL,ASO,ES,Combined TRACON& Tower with Radar,856,192,69,5,1122,0,8,27,0,35,856,200,96,5,1157,0,0,0,1157
03/29/2007,MIA,FL,ASO,ES,Combined TRACON& Tower with Radar,873,187,64,3,1127,0,4,21,0,25,873,191,85,3,1152,0,0,0,1152
03/30/2007,MIA,FL,ASO,ES,Combined TRACON& Tower with Radar,876,195,85,4,1160,3,5,26,0,34,879,200,111,4,1194,0,0,0,1194
03/31/2007,MIA,FL,ASO,ES,Combined TRACON& Tower with Radar,834,163,79,1,1077,1,4,27,0,32,835,167,106,1,1109,0,0,0,1109
04/01/2007,MIA,FL,ASO,ES,Combined TRACON& Tower with Radar,830,178,105,5,1118,1,4,16,0,21,831,182,121,5,1139,0,0,0,1139
04/02/2007,MIA,FL,ASO,ES,Combined TRACON& Tower with Radar,804,172,49,4,1029,0,6,8,0,14,804,178,57,4,1043,0,0,0,1043
04/03/2007,MIA,FL,ASO,ES,Combined TRACON& Tower with Radar,871,185,58,1,1115,0,8,17,0,25,871,193,75,1,1140,0,0,0,1140
04/04/2007,MIA,FL,ASO,ES,Combined TRACON& Tower with Radar,856,83,76,3,1018,2,103,9,0,114,858,186,85,3,1132,0,0,0,1132
04/05/2007,MIA,FL,ASO,ES,Combined TRACON& Tower with Radar,866,173,62,3,1104,2,11,23,0,36,868,184,85,3,1140,0,0,0,1140
04/06/2007,MIA,FL,ASO,ES,Combined TRACON& Tower with Radar,866,173,62,3,1104,2,11,23,0,36,868,184,85,3,1140,0,0,0,1140
04/07/2007,MIA,FL,ASO,ES,Combined TRACON& Tower with Radar,803,151,46,0,1000,0,3,15,0,18,803,154,61,0,1018,0,0,0,1018
04/08/2007,MIA,FL,ASO,ES,Combined TRACON& Tower with Radar,803,172,67,3,1045,3,1,4,0,8,806,173,71,3,1053,0,0,0,1053
04/09/2007,MIA,FL,ASO,ES,Combined TRACON& Tower with Radar,804,169,88,1,1062,1,4,31,0,36,805,173,119,1,1098,0,0,0,1098
04/10/2007,MIA,FL,ASO,ES,Combined TRACON& Tower with Radar,822,195,67,5,1089,2,4,22,0,28,824,199,89,5,1117,0,0,0,1117
04/11/2007,MIA,FL,ASO,ES,Combined TRACON& Tower with Radar,865,222,71,8,1166,1,5,22,0,28,866,227,93,8,1194,0,0,0,1194
04/12/2007,MIA,FL,ASO,ES,Combined TRACON& Tower with Radar,818,208,57,0,1083,0,8,27,1,36,818,216,84,1,1119,0,0,0,1119
04/13/2007,MIA,FL,ASO,ES,Combined TRACON& Tower with Radar,863,196,60,4,1123,1,4,14,3,22,864,200,74,7,1145,0,0,0,1145
04/14/2007,MIA,FL,ASO,ES,Combined TRACON& Tower with Radar,817,187,48,2,1054,1,7,13,0,21,818,194,61,2,1075,0,0,0,1075
04/15/2007,MIA,FL,ASO,ES,Combined TRACON& Tower with Radar,787,160,73,4,1024,0,2,4,0,6,787,162,77,4,1030,0,0,0,1030
04/16/2007,MIA,FL,ASO,ES,Combined TRACON& Tower with Radar,775,171,52,7,1005,0,4,14,0,18,775,175,66,7,1023,0,0,0,1023
04/17/2007,MIA,FL,ASO,ES,Combined TRACON& Tower with Radar,854,171,54,8,1087,0,5,10,0,15,854,176,64,8,1102,0,0,0,1102
04/18/2007,MIA,FL,ASO,ES,Combined TRACON& Tower with Radar,837,186,52,8,1083,0,3,21,0,24,837,189,73,8,1107,0,0,0,1107
04/19/2007,MIA,FL,ASO,ES,Combined TRACON& Tower with Radar,847,196,62,7,1112,2,4,21,1,28,849,200,83,8,1140,0,0,0,1140
04/20/2007,MIA,FL,ASO,ES,Combined TRACON& Tower with Radar,839,207,54,6,1106,1,5,32,0,38,840,212,86,6,1144,0,0,0,1144
04/21/2007,MIA,FL,ASO,ES,Combined TRACON& Tower with Radar,806,148,34,2,990,3,3,14,0,20,809,151,48,2,1010,0,0,0,1010
04/22/2007,MIA,FL,ASO,ES,Combined TRACON& Tower with Radar,791,148,44,3,986,1,7,5,0,13,792,155,49,3,999,0,0,0,999
04/23/2007,MIA,FL,ASO,ES,Combined TRACON& Tower with Radar,780,177,46,7,1010,0,1,27,0,28,780,178,73,7,1038,0,0,0,1038
04/24/2007,MIA,FL,ASO,ES,Combined TRACON& Tower with Radar,830,177,37,3,1047,0,0,24,0,24,830,177,61,3,1071,0,0,0,1071
04/25/2007,MIA,FL,ASO,ES,Combined TRACON& Tower with Radar,832,193,44,7,1076,1,5,36,0,42,833,198,80,7,1118,0,0,0,1118
04/26/2007,MIA,FL,ASO,ES,Combined TRACON& Tower with Radar,853,210,54,6,1123,1,9,29,0,39,854,219,83,6,1162,0,0,0,1162
04/27/2007,MIA,FL,ASO,ES,Combined TRACON& Tower with Radar,849,197,40,7,1093,1,6,17,0,24,850,203,57,7,1117,0,0,0,1117
04/28/2007,MIA,FL,ASO,ES,Combined TRACON& Tower with Radar,813,167,25,2,1007,3,9,12,0,24,816,176,37,2,1031,0,0,0,1031
04/29/2007,MIA,FL,ASO,ES,Combined TRACON& Tower with Radar,800,191,43,2,1036,0,2,6,0,8,800,193,49,2,1044,0,0,0,1044
04/30/2007,MIA,FL,ASO,ES,Combined TRACON& Tower with Radar,787,183,42,10,1022,1,3,25,0,29,788,186,67,10,1051,0,0,0,1051
05/01/2007,MIA,FL,ASO,ES,Combined TRACON& Tower with Radar,846,184,56,5,1091,0,4,4,0,8,846,188,60,5,1099,0,0,0,1099
05/02/2007,MIA,FL,ASO,ES,Combined TRACON& Tower with Radar,801,220,57,3,1081,1,4,18,0,23,802,224,75,3,1104,0,0,0,1104
05/03/2007,MIA,FL,ASO,ES,Combined TRACON& Tower with Radar,836,199,62,4,1101,1,3,17,1,22,837,202,79,5,1123,0,0,0,1123
05/04/2007,MIA,FL,ASO,ES,Combined TRACON& Tower with Radar,843,209,39,2,1093,1,1,16,0,18,844,210,55,2,1111,0,0,0,1111
05/05/2007,MIA,FL,ASO,ES,Combined TRACON& Tower with Radar,792,155,26,0,973,1,3,5,0,9,793,158,31,0,982,0,0,0,982
05/06/2007,MIA,FL,ASO,ES,Combined TRACON& Tower with Radar,765,155,53,6,979,1,0,3,0,4,766,155,56,6,983,0,0,0,983
05/07/2007,MIA,FL,ASO,ES,Combined TRACON& Tower with Radar,782,195,35,6,1018,1,4,13,0,18,783,199,48,6,1036,0,0,0,1036
05/08/2007,MIA,FL,ASO,ES,Combined TRACON& Tower with Radar,804,190,58,1,1053,0,5,27,0,32,804,195,85,1,1085,0,0,0,1085
05/09/2007,MIA,FL,ASO,ES,Combined TRACON& Tower with Radar,801,217,60,2,1080,0,1,17,0,18,801,218,77,2,1098,0,0,0,1098
05/10/2007,MIA,FL,ASO,ES,Combined TRACON& Tower with Radar,823,220,50,7,1100,1,4,25,0,30,824,224,75,7,1130,0,0,0,1130
05/11/2007,MIA,FL,ASO,ES,Combined TRACON& Tower with Radar,812,203,50,4,1069,0,0,4,0,4,812,203,54,4,1073,0,0,0,1073
05/12/2007,MIA,FL,ASO,ES,Combined TRACON& Tower with Radar,777,169,43,1,990,1,2,9,0,12,778,171,52,1,1002,0,0,0,1002
05/13/2007,MIA,FL,ASO,ES,Combined TRACON& Tower with Radar,761,166,44,1,972,1,1,4,0,6,762,167,48,1,978,0,0,0,978
05/14/2007,MIA,FL,ASO,ES,Combined TRACON& Tower with Radar,755,190,64,5,1014,1,1,10,1,13,756,191,74,6,1027,0,0,0,1027
05/15/2007,MIA,FL,ASO,ES,Combined TRACON& Tower with Radar,789,202,34,3,1028,2,2,7,0,11,791,204,41,3,1039,0,0,0,1039
05/16/2007,MIA,FL,ASO,ES,Combined TRACON& Tower with Radar,777,188,52,11,1028,11,0,8,0,19,788,188,60,11,1047,0,0,0,1047
05/17/2007,MIA,FL,ASO,ES,Combined TRACON& Tower with Radar,804,205,53,6,1068,1,3,29,0,33,805,208,82,6,1101,0,0,0,1101
05/18/2007,MIA,FL,ASO,ES,Combined TRACON& Tower with Radar,809,206,63,1,1079,1,2,14,0,17,810,208,77,1,1096,0,0,0,1096
05/19/2007,MIA,FL,ASO,ES,Combined TRACON& Tower with Radar,786,153,24,0,963,1,5,13,0,19,787,158,37,0,982,0,0,0,982
05/20/2007,MIA,FL,ASO,ES,Combined TRACON& Tower with Radar,780,172,57,1,1010,1,4,7,0,12,781,176,64,1,1022,0,0,0,1022
05/21/2007,MIA,FL,ASO,ES,Combined TRACON& Tower with Radar,741,175,57,6,979,1,4,20,0,25,742,179,77,6,1004,0,0,0,1004
05/22/2007,MIA,FL,ASO,ES,Combined TRACON& Tower with Radar,786,197,39,8,1030,1,0,14,0,15,787,197,53,8,1045,0,0,0,1045
05/23/2007,MIA,FL,ASO,ES,Combined TRACON& Tower with Radar,801,193,54,3,1051,2,2,19,0,23,803,195,73,3,1074,0,0,0,1074
05/24/2007,MIA,FL,ASO,ES,Combined TRACON& Tower with Radar,810,202,85,0,1097,0,4,25,1,30,810,206,110,1,1127,0,0,0,1127
05/25/2007,MIA,FL,ASO,ES,Combined TRACON& Tower with Radar,810,198,68,0,1076,18,0,0,0,18,828,198,68,0,1094,0,0,0,1094
05/26/2007,MIA,FL,ASO,ES,Combined TRACON& Tower with Radar,761,153,47,0,961,0,0,0,0,0,761,153,47,0,961,0,0,0,961
05/27/2007,MIA,FL,ASO,ES,Combined TRACON& Tower with Radar,770,143,29,0,942,1,2,4,0,7,771,145,33,0,949,0,0,0,949
05/28/2007,MIA,FL,ASO,ES,Combined TRACON& Tower with Radar,740,162,30,0,932,1,9,13,0,23,741,171,43,0,955,0,0,0,955
05/29/2007,MIA,FL,ASO,ES,Combined TRACON& Tower with Radar,769,201,63,3,1036,0,9,10,0,19,769,210,73,3,1055,0,0,0,1055
05/30/2007,MIA,FL,ASO,ES,Combined TRACON& Tower with Radar,774,205,58,3,1040,0,14,10,2,26,774,219,68,5,1066,0,0,0,1066
05/31/2007,MIA,FL,ASO,ES,Combined TRACON& Tower with Radar,817,192,3,10,1022,0,6,60,0,66,817,198,63,10,1088,0,0,0,1088
06/01/2007,MIA,FL,ASO,ES,Combined TRACON& Tower with Radar,796,192,52,2,1042,1,2,9,0,12,797,194,61,2,1054,0,0,0,1054
06/02/2007,MIA,FL,ASO,ES,Combined TRACON& Tower with Radar,788,166,21,2,977,1,7,2,0,10,789,173,23,2,987,0,0,0,987
06/03/2007,MIA,FL,ASO,ES,Combined TRACON& Tower with Radar,763,160,42,0,965,0,5,15,0,20,763,165,57,0,985,0,0,0,985
06/04/2007,MIA,FL,ASO,ES,Combined TRACON& Tower with Radar,750,191,47,0,988,0,4,17,1,22,750,195,64,1,1010,0,0,0,1010
06/05/2007,MIA,FL,ASO,ES,Combined TRACON& Tower with Radar,800,183,28,0,1011,2,11,14,0,27,802,194,42,0,1038,0,0,0,1038
06/06/2007,MIA,FL,ASO,ES,Combined TRACON& Tower with Radar,790,202,35,7,1034,2,6,8,0,16,792,208,43,7,1050,0,0,0,1050
06/07/2007,MIA,FL,ASO,ES,Combined TRACON& Tower with Radar,796,200,53,1,1050,1,9,21,0,31,797,209,74,1,1081,0,0,0,1081
06/08/2007,MIA,FL,ASO,ES,Combined TRACON& Tower with Radar,768,213,36,0,1017,2,2,18,2,24,770,215,54,2,1041,0,0,0,1041
06/09/2007,MIA,FL,ASO,ES,Combined TRACON& Tower with Radar,792,156,22,3,973,2,8,6,0,16,794,164,28,3,989,0,0,0,989
06/10/2007,MIA,FL,ASO,ES,Combined TRACON& Tower with Radar,755,164,37,4,960,0,2,4,0,6,755,166,41,4,966,0,0,0,966
06/11/2007,MIA,FL,ASO,ES,Combined TRACON& Tower with Radar,734,197,29,5,965,1,8,18,0,27,735,205,47,5,992,0,0,0,992
06/12/2007,MIA,FL,ASO,ES,Combined TRACON& Tower with Radar,785,186,37,1,1009,1,4,31,0,36,786,190,68,1,1045,0,0,0,1045
06/13/2007,MIA,FL,ASO,ES,Combined TRACON& Tower with Radar,797,200,40,2,1039,0,5,10,0,15,797,205,50,2,1054,0,0,0,1054
06/14/2007,MIA,FL,ASO,ES,Combined TRACON& Tower with Radar,797,202,59,4,1062,2,7,14,1,24,799,209,73,5,1086,0,0,0,1086
06/15/2007,MIA,FL,ASO,ES,Combined TRACON& Tower with Radar,818,201,35,4,1058,0,5,8,0,13,818,206,43,4,1071,0,0,0,1071
06/16/2007,MIA,FL,ASO,ES,Combined TRACON& Tower with Radar,778,162,23,1,964,1,3,4,0,8,779,165,27,1,972,0,0,0,972
06/17/2007,MIA,FL,ASO,ES,Combined TRACON& Tower with Radar,753,164,21,0,938,1,5,5,0,11,754,169,26,0,949,0,0,0,949
06/18/2007,MIA,FL,ASO,ES,Combined TRACON& Tower with Radar,758,171,32,1,962,1,2,15,0,18,759,173,47,1,980,0,0,0,980
06/19/2007,MIA,FL,ASO,ES,Combined TRACON& Tower with Radar,800,183,29,4,1016,2,11,7,0,20,802,194,36,4,1036,0,0,0,1036
06/20/2007,MIA,FL,ASO,ES,Combined TRACON& Tower with Radar,802,205,32,6,1045,1,19,20,0,40,803,224,52,6,1085,0,0,0,1085
06/21/2007,MIA,FL,ASO,ES,Combined TRACON& Tower with Radar,802,205,32,6,1045,1,19,20,0,40,803,224,52,6,1085,0,0,0,1085
06/22/2007,MIA,FL,ASO,ES,Combined TRACON& Tower with Radar,813,200,39,3,1055,1,7,17,0,25,814,207,56,3,1080,0,0,0,1080
06/23/2007,MIA,FL,ASO,ES,Combined TRACON& Tower with Radar,800,156,18,0,974,1,3,8,0,12,801,159,26,0,986,0,0,0,986
06/24/2007,MIA,FL,ASO,ES,Combined TRACON& Tower with Radar,771,173,38,0,982,1,1,6,0,8,772,174,44,0,990,0,0,0,990
06/25/2007,MIA,FL,ASO,ES,Combined TRACON& Tower with Radar,771,173,38,0,982,1,1,6,0,8,772,174,44,0,990,0,0,0,990
06/26/2007,MIA,FL,ASO,ES,Combined TRACON& Tower with Radar,815,189,40,2,1046,1,9,14,0,24,816,198,54,2,1070,0,0,0,1070
06/27/2007,MIA,FL,ASO,ES,Combined TRACON& Tower with Radar,796,189,48,0,1033,3,6,15,0,24,799,195,63,0,1057,0,0,0,1057
06/28/2007,MIA,FL,ASO,ES,Combined TRACON& Tower with Radar,804,190,47,1,1042,1,1,12,3,17,805,191,59,4,1059,0,0,0,1059
06/29/2007,MIA,FL,ASO,ES,Combined TRACON& Tower with Radar,831,204,56,3,1094,1,5,17,0,23,832,209,73,3,1117,0,0,0,1117
06/30/2007,MIA,FL,ASO,ES,Combined TRACON& Tower with Radar,812,163,40,2,1017,4,1,5,0,10,816,164,45,2,1027,0,0,0,1027
07/01/2007,MIA,FL,ASO,ES,Combined TRACON& Tower with Radar,773,156,34,2,965,1,0,4,0,5,774,156,38,2,970,0,0,0,970
07/02/2007,MIA,FL,ASO,ES,Combined TRACON& Tower with Radar,773,160,42,3,978,3,2,22,0,27,776,162,64,3,1005,0,0,0,1005
07/03/2007,MIA,FL,ASO,ES,Combined TRACON& Tower with Radar,797,175,35,2,1009,0,5,10,0,15,797,180,45,2,1024,0,0,0,1024
07/04/2007,MIA,FL,ASO,ES,Combined TRACON& Tower with Radar,797,153,13,3,966,1,1,7,0,9,798,154,20,3,975,0,0,0,975
07/05/2007,MIA,FL,ASO,ES,Combined TRACON& Tower with Radar,742,171,46,3,962,0,2,6,0,8,742,173,52,3,970,52,3,55,1025
07/06/2007,MIA,FL,ASO,ES,Combined TRACON& Tower with Radar,830,188,53,1,1072,1,4,15,1,21,831,192,68,2,1093,0,0,0,1093
07/07/2007,MIA,FL,ASO,ES,Combined TRACON& Tower with Radar,807,165,29,0,1001,1,2,1,0,4,808,167,30,0,1005,0,0,0,1005
07/08/2007,MIA,FL,ASO,ES,Combined TRACON& Tower with Radar,762,173,41,2,978,2,5,9,0,16,764,178,50,2,994,0,0,0,994
07/09/2007,MIA,FL,ASO,ES,Combined TRACON& Tower with Radar,760,176,45,6,987,1,5,17,0,23,761,181,62,6,1010,0,0,0,1010
07/10/2007,MIA,FL,ASO,ES,Combined TRACON& Tower with Radar,798,175,38,4,1015,1,2,14,0,17,799,177,52,4,1032,0,0,0,1032
07/11/2007,MIA,FL,ASO,ES,Combined TRACON& Tower with Radar,811,202,55,1,1069,1,4,30,0,35,812,206,85,1,1104,0,0,0,1104
07/12/2007,MIA,FL,ASO,ES,Combined TRACON& Tower with Radar,821,206,51,2,1080,0,0,0,0,0,821,206,51,2,1080,12,0,12,1092
07/13/2007,MIA,FL,ASO,ES,Combined TRACON& Tower with Radar,829,187,64,6,1086,0,7,20,0,27,829,194,84,6,1113,0,0,0,1113
07/14/2007,MIA,FL,ASO,ES,Combined TRACON& Tower with Radar,798,150,26,2,976,0,2,15,0,17,798,152,41,2,993,0,0,0,993
07/15/2007,MIA,FL,ASO,ES,Combined TRACON& Tower with Radar,774,156,24,1,955,1,9,6,0,16,775,165,30,1,971,0,0,0,971
07/16/2007,MIA,FL,ASO,ES,Combined TRACON& Tower with Radar,762,183,53,5,1003,0,2,28,0,30,762,185,81,5,1033,0,0,0,1033
07/17/2007,MIA,FL,ASO,ES,Combined TRACON& Tower with Radar,980,221,48,2,1251,1,6,18,0,25,981,227,66,2,1276,0,0,0,1276
07/18/2007,MIA,FL,ASO,ES,Combined TRACON& Tower with Radar,791,191,31,0,1013,1,6,6,0,13,792,197,37,0,1026,0,0,0,1026
07/19/2007,MIA,FL,ASO,ES,Combined TRACON& Tower with Radar,820,179,41,4,1044,1,8,19,0,28,821,187,60,4,1072,0,0,0,1072
07/20/2007,MIA,FL,ASO,ES,Combined TRACON& Tower with Radar,822,201,39,0,1062,3,3,11,0,17,825,204,50,0,1079,0,0,0,1079
07/21/2007,MIA,FL,ASO,ES,Combined TRACON& Tower with Radar,780,150,23,3,956,2,1,4,0,7,782,151,27,3,963,0,0,0,963
07/22/2007,MIA,FL,ASO,ES,Combined TRACON& Tower with Radar,776,175,41,4,996,0,3,9,0,12,776,178,50,4,1008,0,0,0,1008
07/23/2007,MIA,FL,ASO,ES,Combined TRACON& Tower with Radar,754,189,26,3,972,0,2,10,2,14,754,191,36,5,986,0,0,0,986
07/24/2007,MIA,FL,ASO,ES,Combined TRACON& Tower with Radar,816,197,33,3,1049,1,3,17,0,21,817,200,50,3,1070,0,0,0,1070
07/25/2007,MIA,FL,ASO,ES,Combined TRACON& Tower with Radar,811,187,48,2,1048,1,3,20,0,24,812,190,68,2,1072,0,0,0,1072
07/26/2007,MIA,FL,ASO,ES,Combined TRACON& Tower with Radar,817,195,37,1,1050,1,3,21,0,25,818,198,58,1,1075,0,0,0,1075
07/27/2007,MIA,FL,ASO,ES,Combined TRACON& Tower with Radar,816,186,45,0,1047,0,5,17,0,22,816,191,62,0,1069,0,0,0,1069
07/28/2007,MIA,FL,ASO,ES,Combined TRACON& Tower with Radar,792,166,27,0,985,3,2,4,0,9,795,168,31,0,994,0,0,0,994
07/29/2007,MIA,FL,ASO,ES,Combined TRACON& Tower with Radar,733,168,27,1,929,1,7,13,0,21,734,175,40,1,950,0,0,0,950
07/30/2007,MIA,FL,ASO,ES,Combined TRACON& Tower with Radar,765,165,51,3,984,0,5,16,0,21,765,170,67,3,1005,0,0,0,1005
07/31/2007,MIA,FL,ASO,ES,Combined TRACON& Tower with Radar,817,195,28,1,1041,0,6,13,0,19,817,201,41,1,1060,0,0,0,1060
08/01/2007,MIA,FL,ASO,ES,Combined TRACON& Tower with Radar,811,197,31,0,1039,3,3,9,1,16,814,200,40,1,1055,0,0,0,1055
08/02/2007,MIA,FL,ASO,ES,Combined TRACON& Tower with Radar,811,186,36,0,1033,1,3,11,1,16,812,189,47,1,1049,0,0,0,1049
08/03/2007,MIA,FL,ASO,ES,Combined TRACON& Tower with Radar,810,180,26,0,1016,3,4,17,0,24,813,184,43,0,1040,0,0,0,1040
08/04/2007,MIA,FL,ASO,ES,Combined TRACON& Tower with Radar,789,160,22,0,971,1,3,6,0,10,790,163,28,0,981,0,0,0,981
08/05/2007,MIA,FL,ASO,ES,Combined TRACON& Tower with Radar,763,152,40,1,956,3,4,11,0,18,766,156,51,1,974,0,0,0,974
08/06/2007,MIA,FL,ASO,ES,Combined TRACON& Tower with Radar,733,169,30,2,934,0,10,9,0,19,733,179,39,2,953,0,0,0,953
08/07/2007,MIA,FL,ASO,ES,Combined TRACON& Tower with Radar,814,178,38,4,1034,1,7,15,1,24,815,185,53,5,1058,0,0,0,1058
08/08/2007,MIA,FL,ASO,ES,Combined TRACON& Tower with Radar,814,178,38,4,1034,1,7,15,1,24,815,185,53,5,1058,0,0,0,1058
08/09/2007,MIA,FL,ASO,ES,Combined TRACON& Tower with Radar,785,185,39,5,1014,1,3,18,0,22,786,188,57,5,1036,0,0,0,1036
08/10/2007,MIA,FL,ASO,ES,Combined TRACON& Tower with Radar,785,185,39,5,1014,1,3,18,0,22,786,188,57,5,1036,0,0,0,1036
08/11/2007,MIA,FL,ASO,ES,Combined TRACON& Tower with Radar,791,156,25,2,974,1,0,13,0,14,792,156,38,2,988,0,0,0,988
08/12/2007,MIA,FL,ASO,ES,Combined TRACON& Tower with Radar,762,157,28,2,949,1,4,7,0,12,763,161,35,2,961,0,0,0,961
08/13/2007,MIA,FL,ASO,ES,Combined TRACON& Tower with Radar,748,186,38,3,975,0,6,18,0,24,748,192,56,3,999,0,0,0,999
08/14/2007,MIA,FL,ASO,ES,Combined TRACON& Tower with Radar,805,196,27,1,1029,0,10,13,0,23,805,206,40,1,1052,0,0,0,1052
08/15/2007,MIA,FL,ASO,ES,Combined TRACON& Tower with Radar,804,186,48,10,1048,1,3,26,1,31,805,189,74,11,1079,0,0,0,1079
08/16/2007,MIA,FL,ASO,ES,Combined TRACON& Tower with Radar,798,181,52,3,1034,0,2,22,1,25,798,183,74,4,1059,0,0,0,1059
08/17/2007,MIA,FL,ASO,ES,Combined TRACON& Tower with Radar,793,203,36,0,1032,0,4,13,0,17,793,207,49,0,1049,0,0,0,1049
08/18/2007,MIA,FL,ASO,ES,Combined TRACON& Tower with Radar,789,165,48,0,1002,2,4,12,0,18,791,169,60,0,1020,0,0,0,1020
08/19/2007,MIA,FL,ASO,ES,Combined TRACON& Tower with Radar,768,168,40,0,976,3,1,9,0,13,771,169,49,0,989,0,0,0,989
08/20/2007,MIA,FL,ASO,ES,Combined TRACON& Tower with Radar,728,160,33,0,921,1,3,8,0,12,729,163,41,0,933,0,0,0,933
08/21/2007,MIA,FL,ASO,ES,Combined TRACON& Tower with Radar,808,179,26,4,1017,1,2,9,2,14,809,181,35,6,1031,0,0,0,1031
08/22/2007,MIA,FL,ASO,ES,Combined TRACON& Tower with Radar,797,198,31,0,1026,2,0,11,0,13,799,198,42,0,1039,0,0,0,1039
08/23/2007,MIA,FL,ASO,ES,Combined TRACON& Tower with Radar,793,181,45,2,1021,1,6,16,0,23,794,187,61,2,1044,0,0,0,1044
08/24/2007,MIA,FL,ASO,ES,Combined TRACON& Tower with Radar,811,189,24,2,1026,1,3,18,0,22,812,192,42,2,1048,0,0,0,1048
08/25/2007,MIA,FL,ASO,ES,Combined TRACON& Tower with Radar,775,156,16,1,948,0,3,8,0,11,775,159,24,1,959,0,0,0,959
08/26/2007,MIA,FL,ASO,ES,Combined TRACON& Tower with Radar,774,153,25,2,954,0,0,5,0,5,774,153,30,2,959,0,0,0,959
08/27/2007,MIA,FL,ASO,ES,Combined TRACON& Tower with Radar,745,185,38,4,972,0,2,11,0,13,745,187,49,4,985,0,0,0,985
08/28/2007,MIA,FL,ASO,ES,Combined TRACON& Tower with Radar,786,166,36,4,992,0,1,19,0,20,786,167,55,4,1012,0,0,0,1012
08/29/2007,MIA,FL,ASO,ES,Combined TRACON& Tower with Radar,771,184,45,5,1005,1,1,7,0,9,772,185,52,5,1014,0,0,0,1014
08/30/2007,MIA,FL,ASO,ES,Combined TRACON& Tower with Radar,808,188,40,0,1036,0,2,7,0,9,808,190,47,0,1045,0,0,0,1045
08/31/2007,MIA,FL,ASO,ES,Combined TRACON& Tower with Radar,808,188,40,0,1036,0,2,7,0,9,808,190,47,0,1045,0,0,0,1045
09/01/2007,MIA,FL,ASO,ES,Combined TRACON& Tower with Radar,770,163,21,0,954,0,1,4,0,5,770,164,25,0,959,0,0,0,959
09/02/2007,MIA,FL,ASO,ES,Combined TRACON& Tower with Radar,746,131,18,0,895,0,2,4,0,6,746,133,22,0,901,0,0,0,901
09/03/2007,MIA,FL,ASO,ES,Combined TRACON& Tower with Radar,734,166,30,0,930,0,1,7,0,8,734,167,37,0,938,0,0,0,938
09/04/2007,MIA,FL,ASO,ES,Combined TRACON& Tower with Radar,757,161,32,2,952,1,2,6,0,9,758,163,38,2,961,0,0,0,961
09/05/2007,MIA,FL,ASO,ES,Combined TRACON& Tower with Radar,761,173,46,0,980,0,2,13,0,15,761,175,59,0,995,0,0,0,995
09/06/2007,MIA,FL,ASO,ES,Combined TRACON& Tower with Radar,778,177,32,0,987,0,1,4,0,5,778,178,36,0,992,0,0,0,992
09/07/2007,MIA,FL,ASO,ES,Combined TRACON& Tower with Radar,783,185,35,2,1005,0,1,6,0,7,783,186,41,2,1012,0,0,0,1012
09/08/2007,MIA,FL,ASO,ES,Combined TRACON& Tower with Radar,746,138,16,5,905,0,2,13,0,15,746,140,29,5,920,0,0,0,920
09/09/2007,MIA,FL,ASO,ES,Combined TRACON& Tower with Radar,736,148,23,4,911,2,0,5,0,7,738,148,28,4,918,0,0,0,918
09/10/2007,MIA,FL,ASO,ES,Combined TRACON& Tower with Radar,715,171,34,7,927,0,4,11,1,16,715,175,45,8,943,0,0,0,943
09/11/2007,MIA,FL,ASO,ES,Combined TRACON& Tower with Radar,764,154,43,7,968,0,2,13,0,15,764,156,56,7,983,0,0,0,983
09/12/2007,MIA,FL,ASO,ES,Combined TRACON& Tower with Radar,758,186,33,6,983,0,2,13,0,15,758,188,46,6,998,0,0,0,998
09/13/2007,MIA,FL,ASO,ES,Combined TRACON& Tower with Radar,770,179,49,5,1003,0,9,13,0,22,770,188,62,5,1025,0,0,0,1025
09/14/2007,MIA,FL,ASO,ES,Combined TRACON& Tower with Radar,793,179,28,2,1002,0,2,14,0,16,793,181,42,2,1018,0,0,0,1018
09/15/2007,MIA,FL,ASO,ES,Combined TRACON& Tower with Radar,729,135,18,0,882,0,0,7,0,7,729,135,25,0,889,0,0,0,889
09/16/2007,MIA,FL,ASO,ES,Combined TRACON& Tower with Radar,738,154,38,0,930,0,1,5,0,6,738,155,43,0,936,0,0,0,936
09/17/2007,MIA,FL,ASO,ES,Combined TRACON& Tower with Radar,725,175,46,2,948,0,4,13,0,17,725,179,59,2,965,0,0,0,965
09/18/2007,MIA,FL,ASO,ES,Combined TRACON& Tower with Radar,738,164,36,2,940,0,0,6,0,6,738,164,42,2,946,0,0,0,946
09/19/2007,MIA,FL,ASO,ES,Combined TRACON& Tower with Radar,761,170,49,0,980,0,3,8,0,11,761,173,57,0,991,0,0,0,991
09/20/2007,MIA,FL,ASO,ES,Combined TRACON& Tower with Radar,790,186,44,3,1023,1,1,6,0,8,791,187,50,3,1031,0,0,0,1031
09/21/2007,MIA,FL,ASO,ES,Combined TRACON& Tower with Radar,782,192,45,2,1021,0,2,11,0,13,782,194,56,2,1034,0,0,0,1034
09/22/2007,MIA,FL,ASO,ES,Combined TRACON& Tower with Radar,746,148,25,0,919,0,1,6,0,7,746,149,31,0,926,0,0,0,926
09/23/2007,MIA,FL,ASO,ES,Combined TRACON& Tower with Radar,748,154,33,2,937,0,0,2,0,2,748,154,35,2,939,0,0,0,939
09/24/2007,MIA,FL,ASO,ES,Combined TRACON& Tower with Radar,720,177,32,2,931,0,3,10,0,13,720,180,42,2,944,0,0,0,944
09/25/2007,MIA,FL,ASO,ES,Combined TRACON& Tower with Radar,754,158,35,1,948,0,0,4,0,4,754,158,39,1,952,0,0,0,952
09/26/2007,MIA,FL,ASO,ES,Combined TRACON& Tower with Radar,757,189,35,5,986,0,1,1,0,2,757,190,36,5,988,0,0,0,988
09/27/2007,MIA,FL,ASO,ES,Combined TRACON& Tower with Radar,795,173,44,0,1012,1,3,12,0,16,796,176,56,0,1028,0,0,0,1028
09/28/2007,MIA,FL,ASO,ES,Combined TRACON& Tower with Radar,778,188,34,0,1000,1,8,11,0,20,779,196,45,0,1020,0,0,0,1020
09/29/2007,MIA,FL,ASO,ES,Combined TRACON& Tower with Radar,747,148,26,5,926,2,1,4,0,7,749,149,30,5,933,0,0,0,933
09/30/2007,MIA,FL,ASO,ES,Combined TRACON& Tower with Radar,751,156,45,5,957,0,0,0,0,0,751,156,45,5,957,0,0,0,957
10/01/2007,MIA,FL,ASO,ES,Combined TRACON& Tower with Radar,724,178,41,2,945,0,1,2,0,3,724,179,43,2,948,0,0,0,948
10/02/2007,MIA,FL,ASO,ES,Combined TRACON& Tower with Radar,788,148,36,0,972,1,1,1,2,5,789,149,37,2,977,0,0,0,977
10/03/2007,MIA,FL,ASO,ES,Combined TRACON& Tower with Radar,776,171,31,2,980,0,2,7,0,9,776,173,38,2,989,0,0,0,989
10/04/2007,MIA,FL,ASO,ES,Combined TRACON& Tower with Radar,795,186,39,1,1021,0,1,12,0,13,795,187,51,1,1034,0,0,0,1034
10/05/2007,MIA,FL,ASO,ES,Combined TRACON& Tower with Radar,789,186,38,0,1013,0,2,14,0,16,789,188,52,0,1029,0,0,0,1029
10/06/2007,MIA,FL,ASO,ES,Combined TRACON& Tower with Radar,746,143,32,0,921,0,1,5,2,8,746,144,37,2,929,0,0,0,929
10/07/2007,MIA,FL,ASO,ES,Combined TRACON& Tower with Radar,754,152,34,0,940,0,1,2,1,4,754,153,36,1,944,0,0,0,944
10/08/2007,MIA,FL,ASO,ES,Combined TRACON& Tower with Radar,732,161,30,2,925,1,2,6,0,9,733,163,36,2,934,0,0,0,934
10/09/2007,MIA,FL,ASO,ES,Combined TRACON& Tower with Radar,767,161,50,1,979,1,1,14,0,16,768,162,64,1,995,0,0,0,995
10/10/2007,MIA,FL,ASO,ES,Combined TRACON& Tower with Radar,780,175,61,2,1018,0,2,22,0,24,780,177,83,2,1042,0,0,0,1042
10/11/2007,MIA,FL,ASO,ES,Combined TRACON& Tower with Radar,786,162,47,7,1002,0,6,15,1,22,786,168,62,8,1024,0,0,0,1024
10/12/2007,MIA,FL,ASO,ES,Combined TRACON& Tower with Radar,798,158,42,3,1001,0,2,9,0,11,798,160,51,3,1012,0,0,0,1012
10/13/2007,MIA,FL,ASO,ES,Combined TRACON& Tower with Radar,763,150,26,2,941,0,1,4,0,5,763,151,30,2,946,0,0,0,946
10/14/2007,MIA,FL,ASO,ES,Combined TRACON& Tower with Radar,738,134,35,0,907,0,1,0,0,1,738,135,35,0,908,0,0,0,908
10/15/2007,MIA,FL,ASO,ES,Combined TRACON& Tower with Radar,727,173,27,2,929,0,1,6,0,7,727,174,33,2,936,0,0,0,936
10/16/2007,MIA,FL,ASO,ES,Combined TRACON& Tower with Radar,789,174,52,0,1015,0,3,13,0,16,789,177,65,0,1031,0,0,0,1031
10/17/2007,MIA,FL,ASO,ES,Combined TRACON& Tower with Radar,766,155,44,2,967,0,0,12,0,12,766,155,56,2,979,0,0,0,979
10/18/2007,MIA,FL,ASO,ES,Combined TRACON& Tower with Radar,780,171,51,2,1004,0,2,11,0,13,780,173,62,2,1017,0,0,0,1017
10/19/2007,MIA,FL,ASO,ES,Combined TRACON& Tower with Radar,769,188,62,0,1019,0,2,2,0,4,769,190,64,0,1023,0,0,0,1023
10/20/2007,MIA,FL,ASO,ES,Combined TRACON& Tower with Radar,768,145,18,0,931,0,1,4,0,5,768,146,22,0,936,0,0,0,936
10/21/2007,MIA,FL,ASO,ES,Combined TRACON& Tower with Radar,770,145,42,3,960,0,2,3,0,5,770,147,45,3,965,0,0,0,965
10/22/2007,MIA,FL,ASO,ES,Combined TRACON& Tower with Radar,721,173,49,0,943,0,0,8,0,8,721,173,57,0,951,0,0,0,951
10/23/2007,MIA,FL,ASO,ES,Combined TRACON& Tower with Radar,778,152,54,4,988,1,1,11,1,14,779,153,65,5,1002,0,0,0,1002
10/24/2007,MIA,FL,ASO,ES,Combined TRACON& Tower with Radar,781,159,50,3,993,0,3,6,1,10,781,162,56,4,1003,0,0,0,1003
10/25/2007,MIA,FL,ASO,ES,Combined TRACON& Tower with Radar,788,173,69,6,1036,0,2,25,0,27,788,175,94,6,1063,0,0,0,1063
10/26/2007,MIA,FL,ASO,ES,Combined TRACON& Tower with Radar,812,191,57,2,1062,0,0,5,0,5,812,191,62,2,1067,0,0,0,1067
10/27/2007,MIA,FL,ASO,ES,Combined TRACON& Tower with Radar,742,145,34,3,924,1,3,9,0,13,743,148,43,3,937,0,0,0,937
10/28/2007,MIA,FL,ASO,ES,Combined TRACON& Tower with Radar,754,145,44,6,949,0,0,5,0,5,754,145,49,6,954,0,0,0,954
10/29/2007,MIA,FL,ASO,ES,Combined TRACON& Tower with Radar,726,161,37,2,926,0,1,10,2,13,726,162,47,4,939,0,0,0,939
10/30/2007,MIA,FL,ASO,ES,Combined TRACON& Tower with Radar,747,147,59,1,954,0,1,8,1,10,747,148,67,2,964,0,0,0,964
10/31/2007,MIA,FL,ASO,ES,Combined TRACON& Tower with Radar,744,150,34,0,928,0,0,2,0,2,744,150,36,0,930,0,0,0,930
11/01/2007,MIA,FL,ASO,ES,Combined TRACON& Tower with Radar,770,171,39,0,980,0,2,10,0,12,770,173,49,0,992,0,0,0,992
11/02/2007,MIA,FL,ASO,ES,Combined TRACON& Tower with Radar,800,203,56,2,1061,0,2,7,0,9,800,205,63,2,1070,0,0,0,1070
11/03/2007,MIA,FL,ASO,ES,Combined TRACON& Tower with Radar,767,142,28,1,938,0,2,5,0,7,767,144,33,1,945,0,0,0,945
11/04/2007,MIA,FL,ASO,ES,Combined TRACON& Tower with Radar,782,150,54,1,987,0,1,2,0,3,782,151,56,1,990,0,0,0,990
11/05/2007,MIA,FL,ASO,ES,Combined TRACON& Tower with Radar,747,182,39,2,970,1,0,7,0,8,748,182,46,2,978,0,0,0,978
11/06/2007,MIA,FL,ASO,ES,Combined TRACON& Tower with Radar,790,171,60,3,1024,0,3,17,0,20,790,174,77,3,1044,0,0,0,1044
11/07/2007,MIA,FL,ASO,ES,Combined TRACON& Tower with Radar,811,186,50,6,1053,1,3,14,0,18,812,189,64,6,1071,0,0,0,1071
11/08/2007,MIA,FL,ASO,ES,Combined TRACON& Tower with Radar,824,200,51,1,1076,0,0,11,0,11,824,200,62,1,1087,0,0,0,1087
11/09/2007,MIA,FL,ASO,ES,Combined TRACON& Tower with Radar,809,190,59,5,1063,0,1,17,0,18,809,191,76,5,1081,0,0,0,1081
11/10/2007,MIA,FL,ASO,ES,Combined TRACON& Tower with Radar,775,158,39,0,972,1,0,6,0,7,776,158,45,0,979,0,0,0,979
11/11/2007,MIA,FL,ASO,ES,Combined TRACON& Tower with Radar,788,171,72,2,1033,0,1,9,0,10,788,172,81,2,1043,0,0,0,1043
11/12/2007,MIA,FL,ASO,ES,Combined TRACON& Tower with Radar,754,189,43,7,993,0,2,13,0,15,754,191,56,7,1008,0,0,0,1008
11/13/2007,MIA,FL,ASO,ES,Combined TRACON& Tower with Radar,798,169,35,7,1009,0,0,5,0,5,798,169,40,7,1014,0,0,0,1014
11/14/2007,MIA,FL,ASO,ES,Combined TRACON& Tower with Radar,810,196,82,9,1097,0,3,8,0,11,810,199,90,9,1108,0,0,0,1108
11/15/2007,MIA,FL,ASO,ES,Combined TRACON& Tower with Radar,845,209,108,10,1172,0,2,17,2,21,845,211,125,12,1193,0,0,0,1193
11/16/2007,MIA,FL,ASO,ES,Combined TRACON& Tower with Radar,818,215,102,8,1143,0,3,34,0,37,818,218,136,8,1180,0,0,0,1180
11/17/2007,MIA,FL,ASO,ES,Combined TRACON& Tower with Radar,790,163,49,0,1002,0,1,31,0,32,790,164,80,0,1034,0,0,0,1034
11/18/2007,MIA,FL,ASO,ES,Combined TRACON& Tower with Radar,780,169,58,1,1008,0,2,111,0,113,780,171,169,1,1121,0,0,0,1121
11/19/2007,MIA,FL,ASO,ES,Combined TRACON& Tower with Radar,750,184,66,1,1001,0,2,12,0,14,750,186,78,1,1015,0,0,0,1015
11/20/2007,MIA,FL,ASO,ES,Combined TRACON& Tower with Radar,813,193,65,0,1071,0,2,11,1,14,813,195,76,1,1085,0,0,0,1085
11/21/2007,MIA,FL,ASO,ES,Combined TRACON& Tower with Radar,811,213,67,1,1092,1,4,13,2,20,812,217,80,3,1112,0,0,0,1112
11/22/2007,MIA,FL,ASO,ES,Combined TRACON& Tower with Radar,744,157,17,0,918,0,1,2,0,3,744,158,19,0,921,0,0,0,921
11/23/2007,MIA,FL,ASO,ES,Combined TRACON& Tower with Radar,765,148,25,1,939,0,3,6,0,9,765,151,31,1,948,0,0,0,948
11/24/2007,MIA,FL,ASO,ES,Combined TRACON& Tower with Radar,768,156,29,0,953,1,0,2,0,3,769,156,31,0,956,0,0,0,956
11/25/2007,MIA,FL,ASO,ES,Combined TRACON& Tower with Radar,764,169,92,1,1026,0,2,9,0,11,764,171,101,1,1037,0,0,0,1037
11/26/2007,MIA,FL,ASO,ES,Combined TRACON& Tower with Radar,734,190,68,3,995,0,1,7,0,8,734,191,75,3,1003,0,0,0,1003
11/27/2007,MIA,FL,ASO,ES,Combined TRACON& Tower with Radar,834,183,45,7,1069,0,2,5,0,7,834,185,50,7,1076,0,0,0,1076
11/28/2007,MIA,FL,ASO,ES,Combined TRACON& Tower with Radar,797,192,62,2,1053,0,1,14,0,15,797,193,76,2,1068,0,0,0,1068
11/29/2007,MIA,FL,ASO,ES,Combined TRACON& Tower with Radar,821,212,69,2,1104,0,1,11,2,14,821,213,80,4,1118,0,0,0,1118
11/30/2007,MIA,FL,ASO,ES,Combined TRACON& Tower with Radar,803,220,66,4,1093,0,1,8,0,9,803,221,74,4,1102,0,0,0,1102
12/01/2007,MIA,FL,ASO,ES,Combined TRACON& Tower with Radar,798,141,41,4,984,0,0,3,0,3,798,141,44,4,987,0,0,0,987
12/02/2007,MIA,FL,ASO,ES,Combined TRACON& Tower with Radar,788,158,69,2,1017,0,2,5,0,7,788,160,74,2,1024,0,0,0,1024
12/03/2007,MIA,FL,ASO,ES,Combined TRACON& Tower with Radar,760,187,67,4,1018,1,2,9,0,12,761,189,76,4,1030,0,0,0,1030
12/04/2007,MIA,FL,ASO,ES,Combined TRACON& Tower with Radar,823,257,69,5,1154,0,1,6,2,9,823,258,75,7,1163,0,0,0,1163
12/05/2007,MIA,FL,ASO,ES,Combined TRACON& Tower with Radar,826,251,94,6,1177,0,2,19,0,21,826,253,113,6,1198,0,0,0,1198
12/06/2007,MIA,FL,ASO,ES,Combined TRACON& Tower with Radar,838,234,106,7,1185,0,1,7,0,8,838,235,113,7,1193,0,0,0,1193
12/07/2007,MIA,FL,ASO,ES,Combined TRACON& Tower with Radar,840,245,114,3,1202,0,1,22,0,23,840,246,136,3,1225,0,0,0,1225
12/08/2007,MIA,FL,ASO,ES,Combined TRACON& Tower with Radar,804,181,88,3,1076,0,0,3,0,3,804,181,91,3,1079,0,0,0,1079
12/09/2007,MIA,FL,ASO,ES,Combined TRACON& Tower with Radar,786,230,90,3,1109,0,0,10,0,10,786,230,100,3,1119,0,0,0,1119
12/10/2007,MIA,FL,ASO,ES,Combined TRACON& Tower with Radar,775,203,66,8,1052,0,2,7,0,9,775,205,73,8,1061,0,0,0,1061
12/11/2007,MIA,FL,ASO,ES,Combined TRACON& Tower with Radar,832,183,74,3,1092,0,2,14,0,16,832,185,88,3,1108,0,0,0,1108
12/12/2007,MIA,FL,ASO,ES,Combined TRACON& Tower with Radar,834,182,53,2,1071,0,2,14,0,16,834,184,67,2,1087,0,0,0,1087
12/13/2007,MIA,FL,ASO,ES,Combined TRACON& Tower with Radar,876,184,67,4,1131,0,2,13,0,15,876,186,80,4,1146,0,0,0,1146
12/14/2007,MIA,FL,ASO,ES,Combined TRACON& Tower with Radar,865,184,81,2,1132,0,3,13,1,17,865,187,94,3,1149,0,0,0,1149
12/15/2007,MIA,FL,ASO,ES,Combined TRACON& Tower with Radar,859,137,29,2,1027,0,1,5,0,6,859,138,34,2,1033,0,0,0,1033
12/16/2007,MIA,FL,ASO,ES,Combined TRACON& Tower with Radar,798,137,41,0,976,1,0,2,0,3,799,137,43,0,979,0,0,0,979
12/17/2007,MIA,FL,ASO,ES,Combined TRACON& Tower with Radar,840,172,58,0,1070,1,3,6,2,12,841,175,64,2,1082,0,0,0,1082
12/18/2007,MIA,FL,ASO,ES,Combined TRACON& Tower with Radar,925,184,50,2,1161,0,2,9,0,11,925,186,59,2,1172,0,0,0,1172
12/19/2007,MIA,FL,ASO,ES,Combined TRACON& Tower with Radar,936,187,72,2,1197,0,5,13,0,18,936,192,85,2,1215,0,0,0,1215
12/20/2007,MIA,FL,ASO,ES,Combined TRACON& Tower with Radar,917,187,74,2,1180,0,0,19,0,19,917,187,93,2,1199,0,0,0,1199
12/21/2007,MIA,FL,ASO,ES,Combined TRACON& Tower with Radar,914,229,92,0,1235,0,3,7,2,12,914,232,99,2,1247,0,0,0,1247
12/22/2007,MIA,FL,ASO,ES,Combined TRACON& Tower with Radar,912,180,59,1,1152,0,1,9,0,10,912,181,68,1,1162,0,0,0,1162
12/23/2007,MIA,FL,ASO,ES,Combined TRACON& Tower with Radar,856,148,46,2,1052,0,0,13,0,13,856,148,59,2,1065,0,0,0,1065
12/24/2007,MIA,FL,ASO,ES,Combined TRACON& Tower with Radar,765,164,30,0,959,0,3,12,0,15,765,167,42,0,974,0,0,0,974
12/25/2007,MIA,FL,ASO,ES,Combined TRACON& Tower with Radar,703,129,18,0,850,1,0,2,0,3,704,129,20,0,853,0,0,0,853
12/26/2007,MIA,FL,ASO,ES,Combined TRACON& Tower with Radar,815,180,81,0,1076,0,4,6,0,10,815,184,87,0,1086,0,0,0,1086
12/27/2007,MIA,FL,ASO,ES,Combined TRACON& Tower with Radar,878,221,67,0,1166,0,2,7,1,10,878,223,74,1,1176,0,0,0,1176
12/28/2007,MIA,FL,ASO,ES,Combined TRACON& Tower with Radar,879,206,64,0,1149,1,5,18,0,24,880,211,82,0,1173,0,0,0,1173
12/29/2007,MIA,FL,ASO,ES,Combined TRACON& Tower with Radar,839,153,58,0,1050,0,2,1,0,3,839,155,59,0,1053,0,0,0,1053
12/30/2007,MIA,FL,ASO,ES,Combined TRACON& Tower with Radar,832,131,45,5,1013,0,1,8,0,9,832,132,53,5,1022,0,0,0,1022
12/31/2007,MIA,FL,ASO,ES,Combined TRACON& Tower with Radar,749,144,27,1,921,0,6,6,0,12,749,150,33,1,933,0,0,0,933
01/01/2008,MIA,FL,ASO,ES,Combined TRACON& Tower with Radar,730,135,57,0,922,0,0,5,0,5,730,135,62,0,927,0,0,0,927
01/02/2008,MIA,FL,ASO,ES,Combined TRACON& Tower with Radar,808,192,61,0,1061,1,2,8,0,11,809,194,69,0,1072,0,0,0,1072
01/03/2008,MIA,FL,ASO,ES,Combined TRACON& Tower with Radar,893,205,85,2,1185,0,1,10,0,11,893,206,95,2,1196,0,0,0,1196
01/04/2008,MIA,FL,ASO,ES,Combined TRACON& Tower with Radar,887,199,96,4,1186,0,6,10,0,16,887,205,106,4,1202,0,0,0,1202
01/05/2008,MIA,FL,ASO,ES,Combined TRACON& Tower with Radar,858,173,66,2,1099,0,1,4,0,5,858,174,70,2,1104,0,0,0,1104
01/06/2008,MIA,FL,ASO,ES,Combined TRACON& Tower with Radar,817,160,86,1,1064,0,1,8,0,9,817,161,94,1,1073,0,0,0,1073
01/07/2008,MIA,FL,ASO,ES,Combined TRACON& Tower with Radar,811,181,46,5,1043,0,4,15,1,20,811,185,61,6,1063,0,0,0,1063
01/08/2008,MIA,FL,ASO,ES,Combined TRACON& Tower with Radar,854,176,52,1,1083,0,3,14,1,18,854,179,66,2,1101,0,0,0,1101
01/09/2008,MIA,FL,ASO,ES,Combined TRACON& Tower with Radar,853,175,51,2,1081,0,3,4,0,7,853,178,55,2,1088,0,0,0,1088
01/10/2008,MIA,FL,ASO,ES,Combined TRACON& Tower with Radar,858,178,41,4,1081,0,2,6,1,9,858,180,47,5,1090,0,0,0,1090
01/11/2008,MIA,FL,ASO,ES,Combined TRACON& Tower with Radar,853,179,57,7,1096,0,2,4,0,6,853,181,61,7,1102,0,0,0,1102
01/12/2008,MIA,FL,ASO,ES,Combined TRACON& Tower with Radar,850,156,43,2,1051,0,1,4,0,5,850,157,47,2,1056,0,0,0,1056
01/13/2008,MIA,FL,ASO,ES,Combined TRACON& Tower with Radar,808,160,50,0,1018,0,2,7,0,9,808,162,57,0,1027,0,0,0,1027
01/14/2008,MIA,FL,ASO,ES,Combined TRACON& Tower with Radar,786,169,59,2,1016,0,2,11,0,13,786,171,70,2,1029,0,0,0,1029
01/15/2008,MIA,FL,ASO,ES,Combined TRACON& Tower with Radar,853,181,57,8,1099,0,2,5,0,7,853,183,62,8,1106,0,0,0,1106
01/16/2008,MIA,FL,ASO,ES,Combined TRACON& Tower with Radar,822,195,87,6,1110,0,1,12,0,13,822,196,99,6,1123,0,0,0,1123
01/17/2008,MIA,FL,ASO,ES,Combined TRACON& Tower with Radar,875,191,98,5,1169,0,0,13,1,14,875,191,111,6,1183,0,0,0,1183
01/18/2008,MIA,FL,ASO,ES,Combined TRACON& Tower with Radar,852,221,97,0,1170,1,3,6,0,10,853,224,103,0,1180,0,0,0,1180
01/19/2008,MIA,FL,ASO,ES,Combined TRACON& Tower with Radar,821,153,48,3,1025,1,3,1,0,5,822,156,49,3,1030,0,0,0,1030
01/20/2008,MIA,FL,ASO,ES,Combined TRACON& Tower with Radar,830,162,56,1,1049,0,0,0,0,0,830,162,56,1,1049,0,0,0,1049
01/21/2008,MIA,FL,ASO,ES,Combined TRACON& Tower with Radar,785,209,80,1,1075,0,1,2,0,3,785,210,82,1,1078,0,0,0,1078
01/22/2008,MIA,FL,ASO,ES,Combined TRACON& Tower with Radar,848,172,62,3,1085,0,1,5,0,6,848,173,67,3,1091,0,0,0,1091
01/23/2008,MIA,FL,ASO,ES,Combined TRACON& Tower with Radar,846,198,64,5,1113,0,4,9,0,13,846,202,73,5,1126,0,0,0,1126
01/24/2008,MIA,FL,ASO,ES,Combined TRACON& Tower with Radar,872,192,70,3,1137,0,4,7,0,11,872,196,77,3,1148,0,0,0,1148
01/25/2008,MIA,FL,ASO,ES,Combined TRACON& Tower with Radar,865,198,80,4,1147,0,4,22,0,26,865,202,102,4,1173,0,0,0,1173
01/26/2008,MIA,FL,ASO,ES,Combined TRACON& Tower with Radar,848,152,53,0,1053,1,0,8,0,9,849,152,61,0,1062,0,0,0,1062
01/27/2008,MIA,FL,ASO,ES,Combined TRACON& Tower with Radar,808,168,51,1,1028,0,1,2,0,3,808,169,53,1,1031,0,0,0,1031
01/28/2008,MIA,FL,ASO,ES,Combined TRACON& Tower with Radar,806,170,59,3,1038,0,1,16,1,18,806,171,75,4,1056,0,0,0,1056
01/29/2008,MIA,FL,ASO,ES,Combined TRACON& Tower with Radar,855,178,53,0,1086,0,3,19,0,22,855,181,72,0,1108,0,0,0,1108
01/30/2008,MIA,FL,ASO,ES,Combined TRACON& Tower with Radar,850,202,80,4,1136,0,2,6,1,9,850,204,86,5,1145,0,0,0,1145
01/31/2008,MIA,FL,ASO,ES,Combined TRACON& Tower with Radar,883,174,78,2,1137,0,2,21,1,24,883,176,99,3,1161,0,0,0,1161
02/01/2008,MIA,FL,ASO,ES,Combined TRACON& Tower with Radar,873,192,89,0,1154,1,4,11,0,16,874,196,100,0,1170,0,0,0,1170
02/02/2008,MIA,FL,ASO,ES,Combined TRACON& Tower with Radar,870,145,38,2,1055,0,1,8,0,9,870,146,46,2,1064,0,0,0,1064
02/03/2008,MIA,FL,ASO,ES,Combined TRACON& Tower with Radar,845,152,43,0,1040,0,1,7,0,8,845,153,50,0,1048,0,0,0,1048
02/04/2008,MIA,FL,ASO,ES,Combined TRACON& Tower with Radar,825,173,62,12,1072,0,3,9,0,12,825,176,71,12,1084,0,0,0,1084
02/05/2008,MIA,FL,ASO,ES,Combined TRACON& Tower with Radar,848,190,72,4,1114,0,1,8,2,11,848,191,80,6,1125,0,0,0,1125
02/06/2008,MIA,FL,ASO,ES,Combined TRACON& Tower with Radar,853,186,78,12,1129,1,1,7,0,9,854,187,85,12,1138,0,0,0,1138
02/07/2008,MIA,FL,ASO,ES,Combined TRACON& Tower with Radar,874,204,93,2,1173,0,4,14,2,20,874,208,107,4,1193,0,0,0,1193
02/08/2008,MIA,FL,ASO,ES,Combined TRACON& Tower with Radar,863,217,75,7,1162,0,4,10,0,14,863,221,85,7,1176,0,0,0,1176
02/09/2008,MIA,FL,ASO,ES,Combined TRACON& Tower with Radar,835,153,32,3,1023,0,1,2,0,3,835,154,34,3,1026,0,0,0,1026
02/10/2008,MIA,FL,ASO,ES,Combined TRACON& Tower with Radar,837,137,76,3,1053,0,1,1,0,2,837,138,77,3,1055,0,0,0,1055
02/11/2008,MIA,FL,ASO,ES,Combined TRACON& Tower with Radar,790,164,93,7,1054,0,7,11,0,18,790,171,104,7,1072,0,0,0,1072
02/12/2008,MIA,FL,ASO,ES,Combined TRACON& Tower with Radar,824,203,76,2,1105,0,1,6,0,7,824,204,82,2,1112,0,0,0,1112
02/13/2008,MIA,FL,ASO,ES,Combined TRACON& Tower with Radar,849,217,98,9,1173,0,3,5,0,8,849,220,103,9,1181,0,0,0,1181
02/14/2008,MIA,FL,ASO,ES,Combined TRACON& Tower with Radar,855,199,155,3,1212,0,3,24,1,28,855,202,179,4,1240,0,0,0,1240
02/15/2008,MIA,FL,ASO,ES,Combined TRACON& Tower with Radar,857,189,102,4,1152,0,2,20,1,23,857,191,122,5,1175,0,0,0,1175
02/16/2008,MIA,FL,ASO,ES,Combined TRACON& Tower with Radar,831,183,77,0,1091,0,3,12,1,16,831,186,89,1,1107,0,0,0,1107
02/17/2008,MIA,FL,ASO,ES,Combined TRACON& Tower with Radar,819,158,91,2,1070,0,1,5,0,6,819,159,96,2,1076,0,0,0,1076
02/18/2008,MIA,FL,ASO,ES,Combined TRACON& Tower with Radar,797,189,103,0,1089,0,2,14,0,16,797,191,117,0,1105,0,0,0,1105
02/19/2008,MIA,FL,ASO,ES,Combined TRACON& Tower with Radar,864,172,70,3,1109,0,3,7,1,11,864,175,77,4,1120,0,0,0,1120
02/20/2008,MIA,FL,ASO,ES,Combined TRACON& Tower with Radar,856,183,52,6,1097,1,8,11,1,21,857,191,63,7,1118,0,0,0,1118
02/21/2008,MIA,FL,ASO,ES,Combined TRACON& Tower with Radar,848,183,73,4,1108,0,3,17,0,20,848,186,90,4,1128,0,0,0,1128
02/22/2008,MIA,FL,ASO,ES,Combined TRACON& Tower with Radar,842,185,58,9,1094,0,10,14,0,24,842,195,72,9,1118,0,0,0,1118
02/23/2008,MIA,FL,ASO,ES,Combined TRACON& Tower with Radar,845,167,66,2,1080,0,2,8,0,10,845,169,74,2,1090,0,0,0,1090
02/24/2008,MIA,FL,ASO,ES,Combined TRACON& Tower with Radar,835,187,61,1,1084,1,4,8,0,13,836,191,69,1,1097,0,0,0,1097
02/25/2008,MIA,FL,ASO,ES,Combined TRACON& Tower with Radar,793,172,57,3,1025,0,1,16,0,17,793,173,73,3,1042,0,0,0,1042
02/26/2008,MIA,FL,ASO,ES,Combined TRACON& Tower with Radar,857,176,42,2,1077,1,1,17,2,21,858,177,59,4,1098,0,0,0,1098
02/27/2008,MIA,FL,ASO,ES,Combined TRACON& Tower with Radar,858,186,49,3,1096,0,4,11,0,15,858,190,60,3,1111,0,0,0,1111
02/28/2008,MIA,FL,ASO,ES,Combined TRACON& Tower with Radar,860,190,68,8,1126,0,1,20,0,21,860,191,88,8,1147,0,0,0,1147
02/29/2008,MIA,FL,ASO,ES,Combined TRACON& Tower with Radar,858,185,79,2,1124,0,4,16,0,20,858,189,95,2,1144,0,0,0,1144
03/01/2008,MIA,FL,ASO,ES,Combined TRACON& Tower with Radar,843,166,42,3,1054,0,2,1,0,3,843,168,43,3,1057,0,0,0,1057
03/02/2008,MIA,FL,ASO,ES,Combined TRACON& Tower with Radar,821,169,56,0,1046,0,1,6,0,7,821,170,62,0,1053,0,0,0,1053
03/03/2008,MIA,FL,ASO,ES,Combined TRACON& Tower with Radar,787,147,69,3,1006,0,3,2,0,5,787,150,71,3,1011,0,0,0,1011
03/04/2008,MIA,FL,ASO,ES,Combined TRACON& Tower with Radar,852,162,55,4,1073,0,2,10,0,12,852,164,65,4,1085,0,0,0,1085
03/05/2008,MIA,FL,ASO,ES,Combined TRACON& Tower with Radar,840,192,73,9,1114,4,2,5,1,12,844,194,78,10,1126,0,0,0,1126
03/06/2008,MIA,FL,ASO,ES,Combined TRACON& Tower with Radar,884,174,74,1,1133,1,2,4,0,7,885,176,78,1,1140,0,0,0,1140
03/07/2008,MIA,FL,ASO,ES,Combined TRACON& Tower with Radar,846,167,72,4,1089,0,1,12,0,13,846,168,84,4,1102,0,0,0,1102
03/08/2008,MIA,FL,ASO,ES,Combined TRACON& Tower with Radar,810,143,55,1,1009,2,2,4,0,8,812,145,59,1,1017,0,0,0,1017
03/09/2008,MIA,FL,ASO,ES,Combined TRACON& Tower with Radar,843,153,74,4,1074,4,1,8,0,13,847,154,82,4,1087,0,0,0,1087
03/10/2008,MIA,FL,ASO,ES,Combined TRACON& Tower with Radar,805,169,52,3,1029,0,5,9,0,14,805,174,61,3,1043,0,0,0,1043
03/11/2008,MIA,FL,ASO,ES,Combined TRACON& Tower with Radar,872,155,59,8,1094,1,4,15,0,20,873,159,74,8,1114,0,0,0,1114
03/12/2008,MIA,FL,ASO,ES,Combined TRACON& Tower with Radar,861,171,64,4,1100,1,4,31,0,36,862,175,95,4,1136,0,0,0,1136
03/13/2008,MIA,FL,ASO,ES,Combined TRACON& Tower with Radar,887,186,93,4,1170,1,5,19,0,25,888,191,112,4,1195,0,0,0,1195
03/14/2008,MIA,FL,ASO,ES,Combined TRACON& Tower with Radar,865,197,101,5,1168,0,4,11,0,15,865,201,112,5,1183,0,0,0,1183
03/15/2008,MIA,FL,ASO,ES,Combined TRACON& Tower with Radar,839,171,66,0,1076,0,3,2,0,5,839,174,68,0,1081,0,0,0,1081
03/16/2008,MIA,FL,ASO,ES,Combined TRACON& Tower with Radar,846,169,78,2,1095,2,3,5,0,10,848,172,83,2,1105,0,0,0,1105
03/17/2008,MIA,FL,ASO,ES,Combined TRACON& Tower with Radar,811,185,76,6,1078,0,2,7,0,9,811,187,83,6,1087,0,0,0,1087
03/18/2008,MIA,FL,ASO,ES,Combined TRACON& Tower with Radar,866,194,82,6,1148,0,3,9,0,12,866,197,91,6,1160,0,0,0,1160
03/19/2008,MIA,FL,ASO,ES,Combined TRACON& Tower with Radar,869,215,92,2,1178,0,3,24,1,28,869,218,116,3,1206,0,0,0,1206
03/20/2008,MIA,FL,ASO,ES,Combined TRACON& Tower with Radar,853,214,109,1,1177,2,3,26,0,31,855,217,135,1,1208,0,0,0,1208
03/21/2008,MIA,FL,ASO,ES,Combined TRACON& Tower with Radar,809,136,72,0,1017,0,2,28,0,30,809,138,100,0,1047,0,0,0,1047
03/22/2008,MIA,FL,ASO,ES,Combined TRACON& Tower with Radar,829,146,73,0,1048,1,0,3,0,4,830,146,76,0,1052,0,0,0,1052
03/23/2008,MIA,FL,ASO,ES,Combined TRACON& Tower with Radar,821,162,86,0,1069,1,3,2,0,6,822,165,88,0,1075,0,0,0,1075
03/24/2008,MIA,FL,ASO,ES,Combined TRACON& Tower with Radar,838,195,105,2,1140,0,5,11,0,16,838,200,116,2,1156,0,0,0,1156
03/25/2008,MIA,FL,ASO,ES,Combined TRACON& Tower with Radar,866,170,73,5,1114,1,2,9,0,12,867,172,82,5,1126,0,0,0,1126
03/26/2008,MIA,FL,ASO,ES,Combined TRACON& Tower with Radar,867,174,50,4,1095,2,5,5,0,12,869,179,55,4,1107,0,0,0,1107
03/27/2008,MIA,FL,ASO,ES,Combined TRACON& Tower with Radar,856,201,84,4,1145,0,5,18,0,23,856,206,102,4,1168,0,0,0,1168
03/28/2008,MIA,FL,ASO,ES,Combined TRACON& Tower with Radar,862,220,81,5,1168,2,3,18,0,23,864,223,99,5,1191,0,0,0,1191
03/29/2008,MIA,FL,ASO,ES,Combined TRACON& Tower with Radar,857,180,66,2,1105,0,1,14,0,15,857,181,80,2,1120,0,0,0,1120
03/30/2008,MIA,FL,ASO,ES,Combined TRACON& Tower with Radar,834,183,85,0,1102,0,3,8,0,11,834,186,93,0,1113,0,0,0,1113
03/31/2008,MIA,FL,ASO,ES,Combined TRACON& Tower with Radar,800,175,52,1,1028,1,3,12,0,16,801,178,64,1,1044,0,0,0,1044
04/01/2008,MIA,FL,ASO,ES,Combined TRACON& Tower with Radar,853,163,72,4,1092,0,1,10,0,11,853,164,82,4,1103,0,0,0,1103
04/02/2008,MIA,FL,ASO,ES,Combined TRACON& Tower with Radar,845,180,65,13,1103,2,2,10,0,14,847,182,75,13,1117,0,0,0,1117
04/03/2008,MIA,FL,ASO,ES,Combined TRACON& Tower with Radar,847,190,54,7,1098,0,1,6,0,7,847,191,60,7,1105,0,0,0,1105
04/04/2008,MIA,FL,ASO,ES,Combined TRACON& Tower with Radar,845,189,70,1,1105,0,4,9,1,14,845,193,79,2,1119,0,0,0,1119
04/05/2008,MIA,FL,ASO,ES,Combined TRACON& Tower with Radar,836,161,54,0,1051,0,1,11,0,12,836,162,65,0,1063,0,0,0,1063
04/06/2008,MIA,FL,ASO,ES,Combined TRACON& Tower with Radar,791,197,65,3,1056,1,0,5,0,6,792,197,70,3,1062,0,0,0,1062
04/07/2008,MIA,FL,ASO,ES,Combined TRACON& Tower with Radar,803,184,61,3,1051,3,1,3,0,7,806,185,64,3,1058,0,0,0,1058
04/08/2008,MIA,FL,ASO,ES,Combined TRACON& Tower with Radar,863,176,58,9,1106,1,5,7,1,14,864,181,65,10,1120,0,0,0,1120
04/09/2008,MIA,FL,ASO,ES,Combined TRACON& Tower with Radar,838,190,62,2,1092,0,9,26,0,35,838,199,88,2,1127,0,0,0,1127
04/10/2008,MIA,FL,ASO,ES,Combined TRACON& Tower with Radar,859,193,61,3,1116,0,8,25,1,34,859,201,86,4,1150,0,0,0,1150
04/11/2008,MIA,FL,ASO,ES,Combined TRACON& Tower with Radar,858,175,62,1,1096,2,0,12,0,14,860,175,74,1,1110,0,0,0,1110
04/12/2008,MIA,FL,ASO,ES,Combined TRACON& Tower with Radar,834,158,56,0,1048,2,1,15,1,19,836,159,71,1,1067,0,0,0,1067
04/13/2008,MIA,FL,ASO,ES,Combined TRACON& Tower with Radar,802,160,76,0,1038,0,2,5,0,7,802,162,81,0,1045,0,0,0,1045
04/14/2008,MIA,FL,ASO,ES,Combined TRACON& Tower with Radar,810,156,43,2,1011,2,4,11,0,17,812,160,54,2,1028,0,0,0,1028
04/15/2008,MIA,FL,ASO,ES,Combined TRACON& Tower with Radar,863,148,54,3,1068,1,4,14,0,19,864,152,68,3,1087,0,0,0,1087
04/16/2008,MIA,FL,ASO,ES,Combined TRACON& Tower with Radar,831,180,42,2,1055,0,6,21,0,27,831,186,63,2,1082,0,0,0,1082
04/17/2008,MIA,FL,ASO,ES,Combined TRACON& Tower with Radar,858,166,49,4,1077,0,1,11,0,12,858,167,60,4,1089,0,0,0,1089
04/18/2008,MIA,FL,ASO,ES,Combined TRACON& Tower with Radar,829,176,57,0,1062,0,2,13,0,15,829,178,70,0,1077,0,0,0,1077
04/19/2008,MIA,FL,ASO,ES,Combined TRACON& Tower with Radar,834,142,41,0,1017,1,4,5,0,10,835,146,46,0,1027,0,0,0,1027
04/20/2008,MIA,FL,ASO,ES,Combined TRACON& Tower with Radar,800,144,57,0,1001,2,0,10,0,12,802,144,67,0,1013,0,0,0,1013
04/21/2008,MIA,FL,ASO,ES,Combined TRACON& Tower with Radar,798,164,61,0,1023,1,0,12,0,13,799,164,73,0,1036,0,0,0,1036
04/22/2008,MIA,FL,ASO,ES,Combined TRACON& Tower with Radar,853,158,49,6,1066,0,3,14,1,18,853,161,63,7,1084,0,0,0,1084
04/23/2008,MIA,FL,ASO,ES,Combined TRACON& Tower with Radar,858,170,46,8,1082,0,4,10,0,14,858,174,56,8,1096,0,0,0,1096
04/24/2008,MIA,FL,ASO,ES,Combined TRACON& Tower with Radar,858,163,49,4,1074,0,3,12,0,15,858,166,61,4,1089,0,0,0,1089
04/25/2008,MIA,FL,ASO,ES,Combined TRACON& Tower with Radar,855,162,57,5,1079,3,4,10,0,17,858,166,67,5,1096,0,0,0,1096
04/26/2008,MIA,FL,ASO,ES,Combined TRACON& Tower with Radar,842,132,24,4,1002,0,2,4,0,6,842,134,28,4,1008,0,0,0,1008
04/27/2008,MIA,FL,ASO,ES,Combined TRACON& Tower with Radar,844,132,62,1,1039,1,1,4,0,6,845,133,66,1,1045,0,0,0,1045
04/28/2008,MIA,FL,ASO,ES,Combined TRACON& Tower with Radar,801,148,53,3,1005,0,3,7,0,10,801,151,60,3,1015,0,0,0,1015
04/29/2008,MIA,FL,ASO,ES,Combined TRACON& Tower with Radar,895,150,37,5,1087,1,3,6,1,11,896,153,43,6,1098,0,0,0,1098
04/30/2008,MIA,FL,ASO,ES,Combined TRACON& Tower with Radar,869,172,68,6,1115,1,4,10,0,15,870,176,78,6,1130,0,0,0,1130
05/01/2008,MIA,FL,ASO,ES,Combined TRACON& Tower with Radar,885,164,79,6,1134,1,1,12,1,15,886,165,91,7,1149,0,0,0,1149
05/02/2008,MIA,FL,ASO,ES,Combined TRACON& Tower with Radar,856,143,65,6,1070,0,1,8,0,9,856,144,73,6,1079,0,0,0,1079
05/03/2008,MIA,FL,ASO,ES,Combined TRACON& Tower with Radar,820,121,42,2,985,1,3,6,0,10,821,124,48,2,995,0,0,0,995
05/04/2008,MIA,FL,ASO,ES,Combined TRACON& Tower with Radar,801,125,52,2,980,1,2,4,0,7,802,127,56,2,987,0,0,0,987
05/05/2008,MIA,FL,ASO,ES,Combined TRACON& Tower with Radar,788,146,48,3,985,0,3,3,0,6,788,149,51,3,991,0,0,0,991
05/06/2008,MIA,FL,ASO,ES,Combined TRACON& Tower with Radar,813,153,47,1,1014,4,4,5,0,13,817,157,52,1,1027,0,0,0,1027
05/07/2008,MIA,FL,ASO,ES,Combined TRACON& Tower with Radar,822,150,69,0,1041,2,4,13,0,19,824,154,82,0,1060,0,0,0,1060
05/08/2008,MIA,FL,ASO,ES,Combined TRACON& Tower with Radar,840,162,59,4,1065,1,3,10,1,15,841,165,69,5,1080,0,0,0,1080
05/09/2008,MIA,FL,ASO,ES,Combined TRACON& Tower with Radar,830,165,68,6,1069,2,6,9,0,17,832,171,77,6,1086,0,0,0,1086
05/10/2008,MIA,FL,ASO,ES,Combined TRACON& Tower with Radar,795,136,30,0,961,6,4,3,0,13,801,140,33,0,974,0,0,0,974
05/11/2008,MIA,FL,ASO,ES,Combined TRACON& Tower with Radar,784,124,48,2,958,0,3,15,0,18,784,127,63,2,976,0,0,0,976
05/12/2008,MIA,FL,ASO,ES,Combined TRACON& Tower with Radar,765,130,57,0,952,2,1,11,2,16,767,131,68,2,968,0,0,0,968
05/13/2008,MIA,FL,ASO,ES,Combined TRACON& Tower with Radar,828,140,50,2,1020,6,6,13,0,25,834,146,63,2,1045,0,0,0,1045
05/14/2008,MIA,FL,ASO,ES,Combined TRACON& Tower with Radar,814,147,83,2,1046,1,6,14,0,21,815,153,97,2,1067,0,0,0,1067
05/15/2008,MIA,FL,ASO,ES,Combined TRACON& Tower with Radar,824,151,62,1,1038,0,5,25,0,30,824,156,87,1,1068,0,0,0,1068
05/16/2008,MIA,FL,ASO,ES,Combined TRACON& Tower with Radar,801,142,46,2,991,1,6,9,0,16,802,148,55,2,1007,0,0,0,1007
05/17/2008,MIA,FL,ASO,ES,Combined TRACON& Tower with Radar,797,122,31,0,950,9,0,3,0,12,806,122,34,0,962,0,0,0,962
05/18/2008,MIA,FL,ASO,ES,Combined TRACON& Tower with Radar,771,117,44,0,932,3,2,6,0,11,774,119,50,0,943,0,0,0,943
05/19/2008,MIA,FL,ASO,ES,Combined TRACON& Tower with Radar,776,138,47,2,963,1,4,5,0,10,777,142,52,2,973,0,0,0,973
05/20/2008,MIA,FL,ASO,ES,Combined TRACON& Tower with Radar,829,140,53,2,1024,8,5,8,1,22,837,145,61,3,1046,0,0,0,1046
05/21/2008,MIA,FL,ASO,ES,Combined TRACON& Tower with Radar,827,145,41,9,1022,0,5,17,0,22,827,150,58,9,1044,0,0,0,1044
05/22/2008,MIA,FL,ASO,ES,Combined TRACON& Tower with Radar,824,147,64,1,1036,1,2,11,0,14,825,149,75,1,1050,0,0,0,1050
05/23/2008,MIA,FL,ASO,ES,Combined TRACON& Tower with Radar,818,154,41,0,1013,2,2,8,0,12,820,156,49,0,1025,0,0,0,1025
05/24/2008,MIA,FL,ASO,ES,Combined TRACON& Tower with Radar,783,121,31,0,935,3,1,7,0,11,786,122,38,0,946,0,0,0,946
05/25/2008,MIA,FL,ASO,ES,Combined TRACON& Tower with Radar,772,104,22,0,898,4,3,9,0,16,776,107,31,0,914,0,0,0,914
05/26/2008,MIA,FL,ASO,ES,Combined TRACON& Tower with Radar,742,147,42,1,932,1,1,7,0,9,743,148,49,1,941,0,0,0,941
05/27/2008,MIA,FL,ASO,ES,Combined TRACON& Tower with Radar,767,132,49,2,950,3,1,7,0,11,770,133,56,2,961,0,0,0,961
05/28/2008,MIA,FL,ASO,ES,Combined TRACON& Tower with Radar,824,151,45,8,1028,6,5,22,0,33,830,156,67,8,1061,0,0,0,1061
05/29/2008,MIA,FL,ASO,ES,Combined TRACON& Tower with Radar,829,134,38,2,1003,1,4,7,0,12,830,138,45,2,1015,0,0,0,1015
05/30/2008,MIA,FL,ASO,ES,Combined TRACON& Tower with Radar,791,151,46,2,990,3,4,8,0,15,794,155,54,2,1005,0,0,0,1005
05/31/2008,MIA,FL,ASO,ES,Combined TRACON& Tower with Radar,772,127,39,2,940,4,2,7,0,13,776,129,46,2,953,0,0,0,953
06/01/2008,MIA,FL,ASO,ES,Combined TRACON& Tower with Radar,765,122,29,3,919,0,2,5,0,7,765,124,34,3,926,0,0,0,926
06/02/2008,MIA,FL,ASO,ES,Combined TRACON& Tower with Radar,769,137,35,3,944,2,2,5,1,10,771,139,40,4,954,0,0,0,954
06/03/2008,MIA,FL,ASO,ES,Combined TRACON& Tower with Radar,806,129,34,4,973,2,5,8,0,15,808,134,42,4,988,0,0,0,988
06/04/2008,MIA,FL,ASO,ES,Combined TRACON& Tower with Radar,797,156,30,3,986,1,8,3,0,12,798,164,33,3,998,0,0,0,998
06/05/2008,MIA,FL,ASO,ES,Combined TRACON& Tower with Radar,837,148,37,5,1027,1,5,5,0,11,838,153,42,5,1038,0,0,0,1038
06/06/2008,MIA,FL,ASO,ES,Combined TRACON& Tower with Radar,810,158,47,0,1015,6,3,6,0,15,816,161,53,0,1030,0,0,0,1030
06/07/2008,MIA,FL,ASO,ES,Combined TRACON& Tower with Radar,802,125,28,0,955,5,1,6,0,12,807,126,34,0,967,0,0,0,967
06/08/2008,MIA,FL,ASO,ES,Combined TRACON& Tower with Radar,757,103,32,0,892,4,2,14,0,20,761,105,46,0,912,0,0,0,912
06/09/2008,MIA,FL,ASO,ES,Combined TRACON& Tower with Radar,766,143,49,0,958,1,4,9,0,14,767,147,58,0,972,0,0,0,972
06/10/2008,MIA,FL,ASO,ES,Combined TRACON& Tower with Radar,833,140,40,1,1014,5,3,11,0,19,838,143,51,1,1033,0,0,0,1033
06/11/2008,MIA,FL,ASO,ES,Combined TRACON& Tower with Radar,818,165,57,7,1047,2,4,22,0,28,820,169,79,7,1075,0,0,0,1075
06/12/2008,MIA,FL,ASO,ES,Combined TRACON& Tower with Radar,833,146,36,1,1016,4,6,11,0,21,837,152,47,1,1037,0,0,0,1037
06/13/2008,MIA,FL,ASO,ES,Combined TRACON& Tower with Radar,816,147,36,1,1000,5,3,13,0,21,821,150,49,1,1021,0,0,0,1021
06/14/2008,MIA,FL,ASO,ES,Combined TRACON& Tower with Radar,788,125,32,1,946,1,6,6,0,13,789,131,38,1,959,0,0,0,959
06/15/2008,MIA,FL,ASO,ES,Combined TRACON& Tower with Radar,785,115,28,0,928,1,2,9,0,12,786,117,37,0,940,0,0,0,940
06/16/2008,MIA,FL,ASO,ES,Combined TRACON& Tower with Radar,756,138,41,1,936,1,6,17,0,24,757,144,58,1,960,0,0,0,960
06/17/2008,MIA,FL,ASO,ES,Combined TRACON& Tower with Radar,832,152,23,2,1009,0,1,2,0,3,832,153,25,2,1012,0,0,0,1012
06/18/2008,MIA,FL,ASO,ES,Combined TRACON& Tower with Radar,759,141,38,4,942,1,7,8,0,16,760,148,46,4,958,0,0,0,958
06/19/2008,MIA,FL,ASO,ES,Combined TRACON& Tower with Radar,827,168,52,5,1052,4,4,10,0,18,831,172,62,5,1070,0,0,0,1070
06/20/2008,MIA,FL,ASO,ES,Combined TRACON& Tower with Radar,818,150,37,0,1005,1,5,10,0,16,819,155,47,0,1021,0,0,0,1021
06/21/2008,MIA,FL,ASO,ES,Combined TRACON& Tower with Radar,810,131,13,0,954,1,4,4,0,9,811,135,17,0,963,0,0,0,963
06/22/2008,MIA,FL,ASO,ES,Combined TRACON& Tower with Radar,794,115,43,0,952,2,2,1,0,5,796,117,44,0,957,0,0,0,957
06/23/2008,MIA,FL,ASO,ES,Combined TRACON& Tower with Radar,770,141,32,0,943,5,2,10,0,17,775,143,42,0,960,0,0,0,960
06/24/2008,MIA,FL,ASO,ES,Combined TRACON& Tower with Radar,835,143,36,0,1014,6,5,36,0,47,841,148,72,0,1061,0,0,0,1061
06/25/2008,MIA,FL,ASO,ES,Combined TRACON& Tower with Radar,846,149,34,2,1031,3,5,10,0,18,849,154,44,2,1049,0,0,0,1049
06/26/2008,MIA,FL,ASO,ES,Combined TRACON& Tower with Radar,839,145,50,3,1037,1,3,19,0,23,840,148,69,3,1060,0,0,0,1060
06/27/2008,MIA,FL,ASO,ES,Combined TRACON& Tower with Radar,814,142,35,2,993,4,1,8,3,16,818,143,43,5,1009,0,0,0,1009
06/28/2008,MIA,FL,ASO,ES,Combined TRACON& Tower with Radar,812,135,28,2,977,2,8,5,0,15,814,143,33,2,992,0,0,0,992
06/29/2008,MIA,FL,ASO,ES,Combined TRACON& Tower with Radar,779,120,18,0,917,2,4,2,0,8,781,124,20,0,925,0,0,0,925
06/30/2008,MIA,FL,ASO,ES,Combined TRACON& Tower with Radar,784,147,27,0,958,4,2,13,2,21,788,149,40,2,979,0,0,0,979
07/01/2008,MIA,FL,ASO,ES,Combined TRACON& Tower with Radar,829,132,34,0,995,2,5,4,0,11,831,137,38,0,1006,0,0,0,1006
07/02/2008,MIA,FL,ASO,ES,Combined TRACON& Tower with Radar,782,158,40,0,980,1,4,9,1,15,783,162,49,1,995,0,0,0,995
07/03/2008,MIA,FL,ASO,ES,Combined TRACON& Tower with Radar,830,157,26,0,1013,5,3,12,0,20,835,160,38,0,1033,0,0,0,1033
07/04/2008,MIA,FL,ASO,ES,Combined TRACON& Tower with Radar,769,135,16,0,920,1,0,7,0,8,770,135,23,0,928,0,0,0,928
07/05/2008,MIA,FL,ASO,ES,Combined TRACON& Tower with Radar,791,107,15,0,913,2,4,4,2,12,793,111,19,2,925,0,0,0,925
07/06/2008,MIA,FL,ASO,ES,Combined TRACON& Tower with Radar,783,120,25,0,928,7,3,8,0,18,790,123,33,0,946,0,0,0,946
07/07/2008,MIA,FL,ASO,ES,Combined TRACON& Tower with Radar,773,128,28,2,931,0,3,5,0,8,773,131,33,2,939,0,0,0,939
07/08/2008,MIA,FL,ASO,ES,Combined TRACON& Tower with Radar,839,137,17,5,998,3,4,8,1,16,842,141,25,6,1014,0,0,0,1014
07/09/2008,MIA,FL,ASO,ES,Combined TRACON& Tower with Radar,827,143,39,3,1012,1,2,14,0,17,828,145,53,3,1029,0,0,0,1029
07/10/2008,MIA,FL,ASO,ES,Combined TRACON& Tower with Radar,840,143,24,1,1008,3,6,13,0,22,843,149,37,1,1030,0,0,0,1030
07/11/2008,MIA,FL,ASO,ES,Combined TRACON& Tower with Radar,832,150,39,5,1026,2,2,6,0,10,834,152,45,5,1036,0,0,0,1036
07/12/2008,MIA,FL,ASO,ES,Combined TRACON& Tower with Radar,809,116,20,2,947,4,4,9,0,17,813,120,29,2,964,0,0,0,964
07/13/2008,MIA,FL,ASO,ES,Combined TRACON& Tower with Radar,779,114,31,3,927,0,3,4,1,8,779,117,35,4,935,0,0,0,935
07/14/2008,MIA,FL,ASO,ES,Combined TRACON& Tower with Radar,779,132,31,0,942,3,3,5,1,12,782,135,36,1,954,0,0,0,954
07/15/2008,MIA,FL,ASO,ES,Combined TRACON& Tower with Radar,806,134,26,2,968,4,2,9,2,17,810,136,35,4,985,0,0,0,985
07/16/2008,MIA,FL,ASO,ES,Combined TRACON& Tower with Radar,825,143,34,4,1006,2,2,6,0,10,827,145,40,4,1016,0,0,0,1016
07/17/2008,MIA,FL,ASO,ES,Combined TRACON& Tower with Radar,846,153,27,4,1030,1,4,11,4,20,847,157,38,8,1050,0,0,0,1050
07/18/2008,MIA,FL,ASO,ES,Combined TRACON& Tower with Radar,826,140,50,4,1020,1,4,10,0,15,827,144,60,4,1035,0,0,0,1035
07/19/2008,MIA,FL,ASO,ES,Combined TRACON& Tower with Radar,817,111,25,0,953,5,3,8,0,16,822,114,33,0,969,0,0,0,969
07/20/2008,MIA,FL,ASO,ES,Combined TRACON& Tower with Radar,782,112,24,2,920,3,2,1,0,6,785,114,25,2,926,0,0,0,926
07/21/2008,MIA,FL,ASO,ES,Combined TRACON& Tower with Radar,789,134,42,4,969,4,4,9,0,17,793,138,51,4,986,0,0,0,986
07/22/2008,MIA,FL,ASO,ES,Combined TRACON& Tower with Radar,824,134,25,4,987,4,1,10,0,15,828,135,35,4,1002,0,0,0,1002
07/23/2008,MIA,FL,ASO,ES,Combined TRACON& Tower with Radar,807,148,35,4,994,1,0,12,0,13,808,148,47,4,1007,0,0,0,1007
07/24/2008,MIA,FL,ASO,ES,Combined TRACON& Tower with Radar,827,147,40,2,1016,4,0,7,6,17,831,147,47,8,1033,0,0,0,1033
07/25/2008,MIA,FL,ASO,ES,Combined TRACON& Tower with Radar,820,156,34,2,1012,1,2,18,0,21,821,158,52,2,1033,0,0,0,1033
07/26/2008,MIA,FL,ASO,ES,Combined TRACON& Tower with Radar,814,127,13,4,958,3,3,0,0,6,817,130,13,4,964,0,0,0,964
07/27/2008,MIA,FL,ASO,ES,Combined TRACON& Tower with Radar,776,111,35,0,922,2,5,8,0,15,778,116,43,0,937,0,0,0,937
07/28/2008,MIA,FL,ASO,ES,Combined TRACON& Tower with Radar,808,142,30,2,982,0,8,10,1,19,808,150,40,3,1001,0,0,0,1001
07/29/2008,MIA,FL,ASO,ES,Combined TRACON& Tower with Radar,812,130,25,0,967,2,3,22,0,27,814,133,47,0,994,0,0,0,994
07/30/2008,MIA,FL,ASO,ES,Combined TRACON& Tower with Radar,834,147,27,3,1011,3,7,6,0,16,837,154,33,3,1027,0,0,0,1027
07/31/2008,MIA,FL,ASO,ES,Combined TRACON& Tower with Radar,835,139,43,1,1018,2,2,11,0,15,837,141,54,1,1033,0,0,0,1033
08/01/2008,MIA,FL,ASO,ES,Combined TRACON& Tower with Radar,853,125,35,0,1013,2,0,14,0,16,855,125,49,0,1029,0,0,0,1029
08/02/2008,MIA,FL,ASO,ES,Combined TRACON& Tower with Radar,795,132,29,0,956,4,3,12,0,19,799,135,41,0,975,0,0,0,975
08/03/2008,MIA,FL,ASO,ES,Combined TRACON& Tower with Radar,819,105,28,2,954,0,0,16,0,16,819,105,44,2,970,0,0,0,970
08/04/2008,MIA,FL,ASO,ES,Combined TRACON& Tower with Radar,794,117,41,3,955,2,2,7,0,11,796,119,48,3,966,0,0,0,966
08/05/2008,MIA,FL,ASO,ES,Combined TRACON& Tower with Radar,829,121,14,2,966,0,1,8,0,9,829,122,22,2,975,0,0,0,975
08/06/2008,MIA,FL,ASO,ES,Combined TRACON& Tower with Radar,842,126,30,3,1001,1,1,18,0,20,843,127,48,3,1021,0,0,0,1021
08/07/2008,MIA,FL,ASO,ES,Combined TRACON& Tower with Radar,846,134,30,5,1015,0,1,19,0,20,846,135,49,5,1035,0,0,0,1035
08/08/2008,MIA,FL,ASO,ES,Combined TRACON& Tower with Radar,824,143,36,4,1007,0,0,8,0,8,824,143,44,4,1015,0,0,0,1015
08/09/2008,MIA,FL,ASO,ES,Combined TRACON& Tower with Radar,811,102,18,0,931,5,2,7,0,14,816,104,25,0,945,0,0,0,945
08/10/2008,MIA,FL,ASO,ES,Combined TRACON& Tower with Radar,793,104,28,1,926,2,1,3,0,6,795,105,31,1,932,0,0,0,932
08/11/2008,MIA,FL,ASO,ES,Combined TRACON& Tower with Radar,785,126,25,0,936,1,0,7,0,8,786,126,32,0,944,0,0,0,944
08/12/2008,MIA,FL,ASO,ES,Combined TRACON& Tower with Radar,842,123,29,0,994,0,1,15,0,16,842,124,44,0,1010,0,0,0,1010
08/13/2008,MIA,FL,ASO,ES,Combined TRACON& Tower with Radar,848,114,31,4,997,2,0,14,0,16,850,114,45,4,1013,0,0,0,1013
08/14/2008,MIA,FL,ASO,ES,Combined TRACON& Tower with Radar,818,135,33,4,990,1,9,9,0,19,819,144,42,4,1009,0,0,0,1009
08/15/2008,MIA,FL,ASO,ES,Combined TRACON& Tower with Radar,828,135,34,2,999,4,5,13,0,22,832,140,47,2,1021,0,0,0,1021
08/16/2008,MIA,FL,ASO,ES,Combined TRACON& Tower with Radar,827,118,32,2,979,4,1,7,0,12,831,119,39,2,991,0,0,0,991
08/17/2008,MIA,FL,ASO,ES,Combined TRACON& Tower with Radar,793,106,21,1,921,1,3,6,0,10,794,109,27,1,931,0,0,0,931
08/18/2008,MIA,FL,ASO,ES,Combined TRACON& Tower with Radar,726,94,16,3,839,2,0,2,0,4,728,94,18,3,843,0,0,0,843
08/19/2008,MIA,FL,ASO,ES,Combined TRACON& Tower with Radar,750,99,11,1,861,1,1,2,0,4,751,100,13,1,865,0,0,0,865
08/20/2008,MIA,FL,ASO,ES,Combined TRACON& Tower with Radar,849,127,34,7,1017,1,0,11,0,12,850,127,45,7,1029,0,0,0,1029
08/21/2008,MIA,FL,ASO,ES,Combined TRACON& Tower with Radar,840,124,30,0,994,0,1,0,1,2,840,125,30,1,996,0,0,0,996
08/22/2008,MIA,FL,ASO,ES,Combined TRACON& Tower with Radar,842,106,32,0,980,2,1,12,0,15,844,107,44,0,995,0,0,0,995
08/23/2008,MIA,FL,ASO,ES,Combined TRACON& Tower with Radar,811,88,16,0,915,1,0,7,0,8,812,88,23,0,923,0,0,0,923
08/24/2008,MIA,FL,ASO,ES,Combined TRACON& Tower with Radar,789,86,31,0,906,2,1,1,0,4,791,87,32,0,910,0,0,0,910
08/25/2008,MIA,FL,ASO,ES,Combined TRACON& Tower with Radar,776,105,26,0,907,2,3,5,0,10,778,108,31,0,917,0,0,0,917
08/26/2008,MIA,FL,ASO,ES,Combined TRACON& Tower with Radar,824,118,24,3,969,2,2,14,0,18,826,120,38,3,987,0,0,0,987
08/27/2008,MIA,FL,ASO,ES,Combined TRACON& Tower with Radar,820,112,27,3,962,5,0,14,0,19,825,112,41,3,981,0,0,0,981
08/28/2008,MIA,FL,ASO,ES,Combined TRACON& Tower with Radar,847,113,32,1,993,5,3,13,0,21,852,116,45,1,1014,0,0,0,1014
08/29/2008,MIA,FL,ASO,ES,Combined TRACON& Tower with Radar,820,106,37,4,967,3,5,6,1,15,823,111,43,5,982,0,0,0,982
08/30/2008,MIA,FL,ASO,ES,Combined TRACON& Tower with Radar,778,82,22,3,885,3,1,4,0,8,781,83,26,3,893,0,0,0,893
08/31/2008,MIA,FL,ASO,ES,Combined TRACON& Tower with Radar,781,87,24,0,892,0,1,0,0,1,781,88,24,0,893,0,0,0,893
09/01/2008,MIA,FL,ASO,ES,Combined TRACON& Tower with Radar,766,105,30,0,901,1,0,4,0,5,767,105,34,0,906,0,0,0,906
09/02/2008,MIA,FL,ASO,ES,Combined TRACON& Tower with Radar,769,84,12,7,872,2,3,9,0,14,771,87,21,7,886,0,0,0,886
09/03/2008,MIA,FL,ASO,ES,Combined TRACON& Tower with Radar,746,111,29,4,890,1,1,7,1,10,747,112,36,5,900,0,0,0,900
09/04/2008,MIA,FL,ASO,ES,Combined TRACON& Tower with Radar,782,98,32,4,916,0,4,6,2,12,782,102,38,6,928,0,0,0,928
09/05/2008,MIA,FL,ASO,ES,Combined TRACON& Tower with Radar,797,108,25,0,930,1,3,10,0,14,798,111,35,0,944,0,0,0,944
09/06/2008,MIA,FL,ASO,ES,Combined TRACON& Tower with Radar,743,93,28,2,866,4,8,10,0,22,747,101,38,2,888,0,0,0,888
09/07/2008,MIA,FL,ASO,ES,Combined TRACON& Tower with Radar,743,86,15,0,844,1,2,6,0,9,744,88,21,0,853,0,0,0,853
09/08/2008,MIA,FL,ASO,ES,Combined TRACON& Tower with Radar,696,94,15,2,807,0,3,2,0,5,696,97,17,2,812,0,0,0,812
09/09/2008,MIA,FL,ASO,ES,Combined TRACON& Tower with Radar,695,92,25,1,813,1,0,8,0,9,696,92,33,1,822,0,0,0,822
09/10/2008,MIA,FL,ASO,ES,Combined TRACON& Tower with Radar,764,101,14,5,884,2,4,22,0,28,766,105,36,5,912,0,0,0,912
09/11/2008,MIA,FL,ASO,ES,Combined TRACON& Tower with Radar,791,139,30,2,962,2,2,15,0,19,793,141,45,2,981,0,0,0,981
09/12/2008,MIA,FL,ASO,ES,Combined TRACON& Tower with Radar,789,102,24,2,917,1,4,9,0,14,790,106,33,2,931,0,0,0,931
09/13/2008,MIA,FL,ASO,ES,Combined TRACON& Tower with Radar,729,85,16,1,831,5,2,6,0,13,734,87,22,1,844,0,0,0,844
09/14/2008,MIA,FL,ASO,ES,Combined TRACON& Tower with Radar,722,78,28,1,829,1,3,2,0,6,723,81,30,1,835,0,0,0,835
09/15/2008,MIA,FL,ASO,ES,Combined TRACON& Tower with Radar,710,113,38,5,866,6,1,1,1,9,716,114,39,6,875,0,0,0,875
09/16/2008,MIA,FL,ASO,ES,Combined TRACON& Tower with Radar,769,116,20,3,908,3,5,17,0,25,772,121,37,3,933,0,0,0,933
09/17/2008,MIA,FL,ASO,ES,Combined TRACON& Tower with Radar,754,113,21,6,894,3,4,14,0,21,757,117,35,6,915,0,0,0,915
09/18/2008,MIA,FL,ASO,ES,Combined TRACON& Tower with Radar,774,115,45,4,938,4,3,12,0,19,778,118,57,4,957,0,0,0,957
09/19/2008,MIA,FL,ASO,ES,Combined TRACON& Tower with Radar,798,109,48,5,960,1,2,12,0,15,799,111,60,5,975,0,0,0,975
09/20/2008,MIA,FL,ASO,ES,Combined TRACON& Tower with Radar,732,89,17,5,843,0,2,9,0,11,732,91,26,5,854,0,0,0,854
09/21/2008,MIA,FL,ASO,ES,Combined TRACON& Tower with Radar,747,73,38,3,861,3,2,7,0,12,750,75,45,3,873,0,0,0,873
09/22/2008,MIA,FL,ASO,ES,Combined TRACON& Tower with Radar,738,99,22,1,860,0,6,5,0,11,738,105,27,1,871,0,0,0,871
09/23/2008,MIA,FL,ASO,ES,Combined TRACON& Tower with Radar,774,110,30,5,919,4,3,7,0,14,778,113,37,5,933,0,0,0,933
09/24/2008,MIA,FL,ASO,ES,Combined TRACON& Tower with Radar,771,113,45,3,932,1,2,17,0,20,772,115,62,3,952,0,0,0,952
09/25/2008,MIA,FL,ASO,ES,Combined TRACON& Tower with Radar,761,116,39,3,919,8,1,8,0,17,769,117,47,3,936,0,0,0,936
09/26/2008,MIA,FL,ASO,ES,Combined TRACON& Tower with Radar,795,105,29,2,931,2,7,6,0,15,797,112,35,2,946,0,0,0,946
09/27/2008,MIA,FL,ASO,ES,Combined TRACON& Tower with Radar,736,98,23,0,857,3,1,6,0,10,739,99,29,0,867,0,0,0,867
09/28/2008,MIA,FL,ASO,ES,Combined TRACON& Tower with Radar,726,79,19,1,825,2,1,0,0,3,728,80,19,1,828,0,0,0,828
09/29/2008,MIA,FL,ASO,ES,Combined TRACON& Tower with Radar,730,107,30,5,872,1,2,5,2,10,731,109,35,7,882,0,0,0,882
09/30/2008,MIA,FL,ASO,ES,Combined TRACON& Tower with Radar,755,117,23,2,897,5,2,7,0,14,760,119,30,2,911,0,0,0,911
10/01/2008,MIA,FL,ASO,ES,Combined TRACON& Tower with Radar,773,110,41,6,930,1,1,3,0,5,774,111,44,6,935,0,0,0,935
10/02/2008,MIA,FL,ASO,ES,Combined TRACON& Tower with Radar,776,113,32,2,923,4,4,4,2,14,780,117,36,4,937,0,0,0,937
10/03/2008,MIA,FL,ASO,ES,Combined TRACON& Tower with Radar,779,118,40,0,937,2,5,5,0,12,781,123,45,0,949,0,0,0,949
10/04/2008,MIA,FL,ASO,ES,Combined TRACON& Tower with Radar,735,89,18,1,843,2,0,3,0,5,737,89,21,1,848,0,0,0,848
10/05/2008,MIA,FL,ASO,ES,Combined TRACON& Tower with Radar,728,84,39,0,851,3,2,5,0,10,731,86,44,0,861,0,0,0,861
10/06/2008,MIA,FL,ASO,ES,Combined TRACON& Tower with Radar,727,110,27,4,868,2,4,12,1,19,729,114,39,5,887,0,0,0,887
10/07/2008,MIA,FL,ASO,ES,Combined TRACON& Tower with Radar,756,104,25,5,890,4,0,7,0,11,760,104,32,5,901,0,0,0,901
10/08/2008,MIA,FL,ASO,ES,Combined TRACON& Tower with Radar,767,103,32,7,909,1,2,14,0,17,768,105,46,7,926,0,0,0,926
10/09/2008,MIA,FL,ASO,ES,Combined TRACON& Tower with Radar,778,112,35,3,928,2,0,10,0,12,780,112,45,3,940,0,0,0,940
10/10/2008,MIA,FL,ASO,ES,Combined TRACON& Tower with Radar,783,114,38,5,940,2,2,20,1,25,785,116,58,6,965,0,0,0,965
10/11/2008,MIA,FL,ASO,ES,Combined TRACON& Tower with Radar,735,94,34,1,864,3,1,3,0,7,738,95,37,1,871,0,0,0,871
10/12/2008,MIA,FL,ASO,ES,Combined TRACON& Tower with Radar,739,98,25,1,863,0,4,6,0,10,739,102,31,1,873,0,0,0,873
10/13/2008,MIA,FL,ASO,ES,Combined TRACON& Tower with Radar,735,114,46,2,897,3,0,10,0,13,738,114,56,2,910,0,0,0,910
10/14/2008,MIA,FL,ASO,ES,Combined TRACON& Tower with Radar,754,110,36,5,905,2,4,6,0,12,756,114,42,5,917,0,0,0,917
10/15/2008,MIA,FL,ASO,ES,Combined TRACON& Tower with Radar,756,119,58,3,936,3,4,34,0,41,759,123,92,3,977,0,0,0,977
10/16/2008,MIA,FL,ASO,ES,Combined TRACON& Tower with Radar,786,110,52,2,950,3,2,11,0,16,789,112,63,2,966,0,0,0,966
10/17/2008,MIA,FL,ASO,ES,Combined TRACON& Tower with Radar,791,112,67,8,978,1,3,14,1,19,792,115,81,9,997,0,0,0,997
10/18/2008,MIA,FL,ASO,ES,Combined TRACON& Tower with Radar,747,93,22,1,863,0,1,12,0,13,747,94,34,1,876,0,0,0,876
10/19/2008,MIA,FL,ASO,ES,Combined TRACON& Tower with Radar,730,95,35,0,860,1,4,8,0,13,731,99,43,0,873,0,0,0,873
10/20/2008,MIA,FL,ASO,ES,Combined TRACON& Tower with Radar,651,108,39,1,799,1,1,20,0,22,652,109,59,1,821,0,0,0,821
10/21/2008,MIA,FL,ASO,ES,Combined TRACON& Tower with Radar,761,115,39,1,916,2,8,21,0,31,763,123,60,1,947,0,0,0,947
10/22/2008,MIA,FL,ASO,ES,Combined TRACON& Tower with Radar,761,114,38,0,913,3,2,7,0,12,764,116,45,0,925,0,0,0,925
10/23/2008,MIA,FL,ASO,ES,Combined TRACON& Tower with Radar,779,123,44,4,950,1,3,5,0,9,780,126,49,4,959,0,0,0,959
10/24/2008,MIA,FL,ASO,ES,Combined TRACON& Tower with Radar,783,124,27,2,936,4,0,2,0,6,787,124,29,2,942,0,0,0,942
10/25/2008,MIA,FL,ASO,ES,Combined TRACON& Tower with Radar,736,86,15,1,838,6,2,7,0,15,742,88,22,1,853,0,0,0,853
10/26/2008,MIA,FL,ASO,ES,Combined TRACON& Tower with Radar,733,85,30,0,848,3,2,3,0,8,736,87,33,0,856,0,0,0,856
10/27/2008,MIA,FL,ASO,ES,Combined TRACON& Tower with Radar,724,130,64,4,922,3,1,11,0,15,727,131,75,4,937,0,0,0,937
10/28/2008,MIA,FL,ASO,ES,Combined TRACON& Tower with Radar,764,122,61,4,951,5,3,20,0,28,769,125,81,4,979,0,0,0,979
10/29/2008,MIA,FL,ASO,ES,Combined TRACON& Tower with Radar,773,121,48,10,952,1,5,41,1,48,774,126,89,11,1000,0,0,0,1000
10/30/2008,MIA,FL,ASO,ES,Combined TRACON& Tower with Radar,791,130,51,1,973,3,4,17,1,25,794,134,68,2,998,0,0,0,998
10/31/2008,MIA,FL,ASO,ES,Combined TRACON& Tower with Radar,796,125,31,0,952,3,2,7,0,12,799,127,38,0,964,0,0,0,964
11/01/2008,MIA,FL,ASO,ES,Combined TRACON& Tower with Radar,768,83,27,0,878,4,0,7,0,11,772,83,34,0,889,0,0,0,889
11/02/2008,MIA,FL,ASO,ES,Combined TRACON& Tower with Radar,778,83,53,4,918,4,1,4,0,9,782,84,57,4,927,0,0,0,927
11/03/2008,MIA,FL,ASO,ES,Combined TRACON& Tower with Radar,764,113,32,2,911,2,5,19,0,26,766,118,51,2,937,0,0,0,937
11/04/2008,MIA,FL,ASO,ES,Combined TRACON& Tower with Radar,812,113,47,4,976,3,3,4,0,10,815,116,51,4,986,0,0,0,986
11/05/2008,MIA,FL,ASO,ES,Combined TRACON& Tower with Radar,821,117,36,3,977,4,5,17,0,26,825,122,53,3,1003,0,0,0,1003
11/06/2008,MIA,FL,ASO,ES,Combined TRACON& Tower with Radar,830,115,46,1,992,6,4,14,0,24,836,119,60,1,1016,0,0,0,1016
11/07/2008,MIA,FL,ASO,ES,Combined TRACON& Tower with Radar,849,126,60,0,1035,4,4,23,0,31,853,130,83,0,1066,0,0,0,1066
11/08/2008,MIA,FL,ASO,ES,Combined TRACON& Tower with Radar,790,80,35,0,905,0,0,6,0,6,790,80,41,0,911,0,0,0,911
11/09/2008,MIA,FL,ASO,ES,Combined TRACON& Tower with Radar,785,99,37,0,921,2,5,7,0,14,787,104,44,0,935,0,0,0,935
11/10/2008,MIA,FL,ASO,ES,Combined TRACON& Tower with Radar,782,114,57,1,954,5,0,10,0,15,787,114,67,1,969,0,0,0,969
11/11/2008,MIA,FL,ASO,ES,Combined TRACON& Tower with Radar,790,125,53,0,968,2,3,10,0,15,792,128,63,0,983,0,0,0,983
11/12/2008,MIA,FL,ASO,ES,Combined TRACON& Tower with Radar,830,140,55,0,1025,3,3,15,1,22,833,143,70,1,1047,0,0,0,1047
11/13/2008,MIA,FL,ASO,ES,Combined TRACON& Tower with Radar,832,135,66,0,1033,0,3,14,0,17,832,138,80,0,1050,0,0,0,1050
11/14/2008,MIA,FL,ASO,ES,Combined TRACON& Tower with Radar,834,118,65,2,1019,2,0,33,0,35,836,118,98,2,1054,0,0,0,1054
11/15/2008,MIA,FL,ASO,ES,Combined TRACON& Tower with Radar,812,90,36,2,940,3,1,26,0,30,815,91,62,2,970,0,0,0,970
11/16/2008,MIA,FL,ASO,ES,Combined TRACON& Tower with Radar,794,111,54,1,960,4,1,91,0,96,798,112,145,1,1056,0,0,0,1056
11/17/2008,MIA,FL,ASO,ES,Combined TRACON& Tower with Radar,778,123,45,4,950,2,2,11,0,15,780,125,56,4,965,0,0,0,965
11/18/2008,MIA,FL,ASO,ES,Combined TRACON& Tower with Radar,808,129,39,7,983,3,7,6,2,18,811,136,45,9,1001,0,0,0,1001
11/19/2008,MIA,FL,ASO,ES,Combined TRACON& Tower with Radar,824,121,44,6,995,4,2,12,0,18,828,123,56,6,1013,0,0,0,1013
11/20/2008,MIA,FL,ASO,ES,Combined TRACON& Tower with Radar,835,112,51,1,999,4,3,10,0,17,839,115,61,1,1016,0,0,0,1016
11/21/2008,MIA,FL,ASO,ES,Combined TRACON& Tower with Radar,821,115,55,8,999,4,1,6,0,11,825,116,61,8,1010,0,0,0,1010
11/22/2008,MIA,FL,ASO,ES,Combined TRACON& Tower with Radar,800,80,28,0,908,2,0,12,0,14,802,80,40,0,922,0,0,0,922
11/23/2008,MIA,FL,ASO,ES,Combined TRACON& Tower with Radar,793,75,24,0,892,2,3,4,0,9,795,78,28,0,901,0,0,0,901
11/24/2008,MIA,FL,ASO,ES,Combined TRACON& Tower with Radar,791,103,37,0,931,1,4,10,0,15,792,107,47,0,946,0,0,0,946
11/25/2008,MIA,FL,ASO,ES,Combined TRACON& Tower with Radar,840,134,47,0,1021,6,7,14,0,27,846,141,61,0,1048,0,0,0,1048
11/26/2008,MIA,FL,ASO,ES,Combined TRACON& Tower with Radar,847,125,69,0,1041,4,5,25,0,34,851,130,94,0,1075,0,0,0,1075
11/27/2008,MIA,FL,ASO,ES,Combined TRACON& Tower with Radar,801,101,18,0,920,1,2,7,0,10,802,103,25,0,930,0,0,0,930
11/28/2008,MIA,FL,ASO,ES,Combined TRACON& Tower with Radar,813,85,22,0,920,2,1,7,0,10,815,86,29,0,930,0,0,0,930
11/29/2008,MIA,FL,ASO,ES,Combined TRACON& Tower with Radar,807,87,36,0,930,2,2,10,2,16,809,89,46,2,946,0,0,0,946
11/30/2008,MIA,FL,ASO,ES,Combined TRACON& Tower with Radar,778,100,69,0,947,7,0,3,0,10,785,100,72,0,957,0,0,0,957
12/01/2008,MIA,FL,ASO,ES,Combined TRACON& Tower with Radar,787,120,59,0,966,8,1,5,0,14,795,121,64,0,980,0,0,0,980
12/02/2008,MIA,FL,ASO,ES,Combined TRACON& Tower with Radar,833,140,46,3,1022,1,5,13,0,19,834,145,59,3,1041,0,0,0,1041
12/03/2008,MIA,FL,ASO,ES,Combined TRACON& Tower with Radar,840,146,76,4,1066,2,8,11,4,25,842,154,87,8,1091,0,0,0,1091
12/04/2008,MIA,FL,ASO,ES,Combined TRACON& Tower with Radar,834,142,62,0,1038,3,3,9,6,21,837,145,71,6,1059,0,0,0,1059
12/05/2008,MIA,FL,ASO,ES,Combined TRACON& Tower with Radar,850,170,85,1,1106,2,3,13,0,18,852,173,98,1,1124,0,0,0,1124
12/06/2008,MIA,FL,ASO,ES,Combined TRACON& Tower with Radar,805,85,45,3,938,3,3,15,0,21,808,88,60,3,959,0,0,0,959
12/07/2008,MIA,FL,ASO,ES,Combined TRACON& Tower with Radar,800,119,58,0,977,2,6,5,0,13,802,125,63,0,990,0,0,0,990
12/08/2008,MIA,FL,ASO,ES,Combined TRACON& Tower with Radar,766,120,41,5,932,7,6,7,0,20,773,126,48,5,952,0,0,0,952
12/09/2008,MIA,FL,ASO,ES,Combined TRACON& Tower with Radar,815,111,44,6,976,0,2,10,0,12,815,113,54,6,988,0,0,0,988
12/10/2008,MIA,FL,ASO,ES,Combined TRACON& Tower with Radar,845,120,43,6,1014,0,5,16,2,23,845,125,59,8,1037,0,0,0,1037
12/11/2008,MIA,FL,ASO,ES,Combined TRACON& Tower with Radar,876,110,45,1,1032,2,0,13,0,15,878,110,58,1,1047,0,0,0,1047
12/12/2008,MIA,FL,ASO,ES,Combined TRACON& Tower with Radar,861,98,46,7,1012,2,3,15,2,22,863,101,61,9,1034,0,0,0,1034
12/13/2008,MIA,FL,ASO,ES,Combined TRACON& Tower with Radar,827,80,22,4,933,6,0,12,0,18,833,80,34,4,951,0,0,0,951
12/14/2008,MIA,FL,ASO,ES,Combined TRACON& Tower with Radar,786,108,35,3,932,3,5,9,0,17,789,113,44,3,949,0,0,0,949
12/15/2008,MIA,FL,ASO,ES,Combined TRACON& Tower with Radar,825,100,33,5,963,2,1,17,0,20,827,101,50,5,983,0,0,0,983
12/16/2008,MIA,FL,ASO,ES,Combined TRACON& Tower with Radar,844,129,33,4,1010,1,3,16,0,20,845,132,49,4,1030,0,0,0,1030
12/17/2008,MIA,FL,ASO,ES,Combined TRACON& Tower with Radar,875,117,56,8,1056,3,2,17,0,22,878,119,73,8,1078,0,0,0,1078
12/18/2008,MIA,FL,ASO,ES,Combined TRACON& Tower with Radar,897,130,53,3,1083,3,4,15,0,22,900,134,68,3,1105,0,0,0,1105
12/19/2008,MIA,FL,ASO,ES,Combined TRACON& Tower with Radar,906,123,64,1,1094,3,3,25,0,31,909,126,89,1,1125,0,0,0,1125
12/20/2008,MIA,FL,ASO,ES,Combined TRACON& Tower with Radar,840,113,45,3,1001,3,2,8,0,13,843,115,53,3,1014,0,0,0,1014
12/21/2008,MIA,FL,ASO,ES,Combined TRACON& Tower with Radar,846,109,40,1,996,1,1,9,0,11,847,110,49,1,1007,0,0,0,1007
12/22/2008,MIA,FL,ASO,ES,Combined TRACON& Tower with Radar,844,136,34,2,1016,3,1,11,0,15,847,137,45,2,1031,0,0,0,1031
12/23/2008,MIA,FL,ASO,ES,Combined TRACON& Tower with Radar,872,137,34,0,1043,4,4,14,0,22,876,141,48,0,1065,0,0,0,1065
12/24/2008,MIA,FL,ASO,ES,Combined TRACON& Tower with Radar,845,134,40,0,1019,1,0,6,0,7,846,134,46,0,1026,0,0,0,1026
12/25/2008,MIA,FL,ASO,ES,Combined TRACON& Tower with Radar,761,102,26,0,889,0,0,3,0,3,761,102,29,0,892,0,0,0,892
12/26/2008,MIA,FL,ASO,ES,Combined TRACON& Tower with Radar,789,114,48,0,951,3,2,8,0,13,792,116,56,0,964,0,0,0,964
12/27/2008,MIA,FL,ASO,ES,Combined TRACON& Tower with Radar,820,113,54,0,987,4,2,14,0,20,824,115,68,0,1007,0,0,0,1007
12/28/2008,MIA,FL,ASO,ES,Combined TRACON& Tower with Radar,806,121,29,1,957,6,3,3,0,12,812,124,32,1,969,0,0,0,969
12/29/2008,MIA,FL,ASO,ES,Combined TRACON& Tower with Radar,819,112,42,0,973,4,4,18,0,26,823,116,60,0,999,0,0,0,999
12/30/2008,MIA,FL,ASO,ES,Combined TRACON& Tower with Radar,846,138,35,0,1019,3,2,10,0,15,849,140,45,0,1034,0,0,0,1034
12/31/2008,MIA,FL,ASO,ES,Combined TRACON& Tower with Radar,803,99,31,0,933,2,4,3,0,9,805,103,34,0,942,0,0,0,942
01/01/2009,MIA,FL,ASO,ES,Combined TRACON& Tower with Radar,732,93,26,1,852,1,3,5,0,9,733,96,31,1,861,0,0,0,861
01/02/2009,MIA,FL,ASO,ES,Combined TRACON& Tower with Radar,818,126,56,0,1000,2,5,12,0,19,820,131,68,0,1019,0,0,0,1019
01/03/2009,MIA,FL,ASO,ES,Combined TRACON& Tower with Radar,836,130,60,0,1026,5,3,14,0,22,841,133,74,0,1048,0,0,0,1048
01/04/2009,MIA,FL,ASO,ES,Combined TRACON& Tower with Radar,835,130,85,2,1052,2,2,11,0,15,837,132,96,2,1067,0,0,0,1067
01/05/2009,MIA,FL,ASO,ES,Combined TRACON& Tower with Radar,816,149,48,8,1021,5,5,3,0,13,821,154,51,8,1034,0,0,0,1034
01/06/2009,MIA,FL,ASO,ES,Combined TRACON& Tower with Radar,820,142,45,4,1011,7,3,11,0,21,827,145,56,4,1032,0,0,0,1032
01/07/2009,MIA,FL,ASO,ES,Combined TRACON& Tower with Radar,828,147,39,4,1018,2,3,12,0,17,830,150,51,4,1035,0,0,0,1035
01/08/2009,MIA,FL,ASO,ES,Combined TRACON& Tower with Radar,857,140,62,0,1059,3,2,14,0,19,860,142,76,0,1078,0,0,0,1078
01/09/2009,MIA,FL,ASO,ES,Combined TRACON& Tower with Radar,851,142,65,5,1063,1,3,13,0,17,852,145,78,5,1080,0,0,0,1080
01/10/2009,MIA,FL,ASO,ES,Combined TRACON& Tower with Radar,791,95,46,1,933,6,3,10,0,19,797,98,56,1,952,0,0,0,952
01/11/2009,MIA,FL,ASO,ES,Combined TRACON& Tower with Radar,796,94,46,2,938,5,0,8,0,13,801,94,54,2,951,0,0,0,951
01/12/2009,MIA,FL,ASO,ES,Combined TRACON& Tower with Radar,777,112,31,2,922,5,3,6,2,16,782,115,37,4,938,0,0,0,938
01/13/2009,MIA,FL,ASO,ES,Combined TRACON& Tower with Radar,809,120,53,3,985,1,2,20,0,23,810,122,73,3,1008,0,0,0,1008
01/14/2009,MIA,FL,ASO,ES,Combined TRACON& Tower with Radar,828,120,55,3,1006,1,5,10,0,16,829,125,65,3,1022,0,0,0,1022
01/15/2009,MIA,FL,ASO,ES,Combined TRACON& Tower with Radar,849,130,50,2,1031,2,5,8,0,15,851,135,58,2,1046,0,0,0,1046
01/16/2009,MIA,FL,ASO,ES,Combined TRACON& Tower with Radar,835,132,51,4,1022,6,2,16,0,24,841,134,67,4,1046,0,0,0,1046
01/17/2009,MIA,FL,ASO,ES,Combined TRACON& Tower with Radar,815,81,28,0,924,3,3,25,0,31,818,84,53,0,955,0,0,0,955
01/18/2009,MIA,FL,ASO,ES,Combined TRACON& Tower with Radar,791,89,42,0,922,2,3,6,0,11,793,92,48,0,933,0,0,0,933
01/19/2009,MIA,FL,ASO,ES,Combined TRACON& Tower with Radar,783,126,48,0,957,0,4,10,0,14,783,130,58,0,971,0,0,0,971
01/20/2009,MIA,FL,ASO,ES,Combined TRACON& Tower with Radar,806,119,47,0,972,4,1,11,1,17,810,120,58,1,989,0,0,0,989
01/21/2009,MIA,FL,ASO,ES,Combined TRACON& Tower with Radar,826,132,43,0,1001,2,4,19,0,25,828,136,62,0,1026,0,0,0,1026
01/22/2009,MIA,FL,ASO,ES,Combined TRACON& Tower with Radar,849,123,43,0,1015,0,10,22,0,32,849,133,65,0,1047,0,0,0,1047
01/23/2009,MIA,FL,ASO,ES,Combined TRACON& Tower with Radar,839,120,54,0,1013,5,2,13,0,20,844,122,67,0,1033,0,0,0,1033
01/24/2009,MIA,FL,ASO,ES,Combined TRACON& Tower with Radar,823,82,29,0,934,3,2,21,0,26,826,84,50,0,960,0,0,0,960
01/25/2009,MIA,FL,ASO,ES,Combined TRACON& Tower with Radar,798,90,39,0,927,4,3,15,0,22,802,93,54,0,949,0,0,0,949
01/26/2009,MIA,FL,ASO,ES,Combined TRACON& Tower with Radar,800,129,39,0,968,4,5,20,0,29,804,134,59,0,997,0,0,0,997
01/27/2009,MIA,FL,ASO,ES,Combined TRACON& Tower with Radar,819,112,31,5,967,3,5,16,0,24,822,117,47,5,991,0,0,0,991
01/28/2009,MIA,FL,ASO,ES,Combined TRACON& Tower with Radar,817,123,32,3,975,3,4,10,0,17,820,127,42,3,992,0,0,0,992
01/29/2009,MIA,FL,ASO,ES,Combined TRACON& Tower with Radar,868,116,45,4,1033,4,6,18,0,28,872,122,63,4,1061,0,0,0,1061
01/30/2009,MIA,FL,ASO,ES,Combined TRACON& Tower with Radar,872,118,52,5,1047,1,6,9,0,16,873,124,61,5,1063,0,0,0,1063
01/31/2009,MIA,FL,ASO,ES,Combined TRACON& Tower with Radar,836,89,30,3,958,0,3,8,0,11,836,92,38,3,969,0,0,0,969
02/01/2009,MIA,FL,ASO,ES,Combined TRACON& Tower with Radar,835,105,38,1,979,5,0,14,0,19,840,105,52,1,998,0,0,0,998
02/02/2009,MIA,FL,ASO,ES,Combined TRACON& Tower with Radar,813,126,47,1,987,2,6,10,0,18,815,132,57,1,1005,0,0,0,1005
02/03/2009,MIA,FL,ASO,ES,Combined TRACON& Tower with Radar,808,114,42,5,969,3,3,3,0,9,811,117,45,5,978,0,0,0,978
02/04/2009,MIA,FL,ASO,ES,Combined TRACON& Tower with Radar,853,121,55,3,1032,2,4,16,0,22,855,125,71,3,1054,0,0,0,1054
02/05/2009,MIA,FL,ASO,ES,Combined TRACON& Tower with Radar,881,114,48,7,1050,4,2,20,8,34,885,116,68,15,1084,0,0,0,1084
02/06/2009,MIA,FL,ASO,ES,Combined TRACON& Tower with Radar,844,119,70,3,1036,3,2,8,0,13,847,121,78,3,1049,0,0,0,1049
02/07/2009,MIA,FL,ASO,ES,Combined TRACON& Tower with Radar,805,78,26,4,913,1,3,8,0,12,806,81,34,4,925,0,0,0,925
02/08/2009,MIA,FL,ASO,ES,Combined TRACON& Tower with Radar,820,105,57,4,986,1,10,18,0,29,821,115,75,4,1015,0,0,0,1015
02/09/2009,MIA,FL,ASO,ES,Combined TRACON& Tower with Radar,791,118,47,2,958,5,4,13,0,22,796,122,60,2,980,0,0,0,980
02/10/2009,MIA,FL,ASO,ES,Combined TRACON& Tower with Radar,800,128,68,0,996,1,5,14,0,20,801,133,82,0,1016,0,0,0,1016
02/11/2009,MIA,FL,ASO,ES,Combined TRACON& Tower with Radar,824,121,61,2,1008,1,3,17,0,21,825,124,78,2,1029,0,0,0,1029
02/12/2009,MIA,FL,ASO,ES,Combined TRACON& Tower with Radar,842,124,94,0,1060,1,4,21,0,26,843,128,115,0,1086,0,0,0,1086
02/13/2009,MIA,FL,ASO,ES,Combined TRACON& Tower with Radar,836,169,86,3,1094,3,0,26,0,29,839,169,112,3,1123,0,0,0,1123
02/14/2009,MIA,FL,ASO,ES,Combined TRACON& Tower with Radar,808,99,35,1,943,3,2,15,0,20,811,101,50,1,963,0,0,0,963
02/15/2009,MIA,FL,ASO,ES,Combined TRACON& Tower with Radar,796,113,62,1,972,2,7,8,0,17,798,120,70,1,989,0,0,0,989
02/16/2009,MIA,FL,ASO,ES,Combined TRACON& Tower with Radar,785,123,62,1,971,2,3,13,0,18,787,126,75,1,989,0,0,0,989
02/17/2009,MIA,FL,ASO,ES,Combined TRACON& Tower with Radar,799,128,47,3,977,5,6,18,0,29,804,134,65,3,1006,0,0,0,1006
02/18/2009,MIA,FL,ASO,ES,Combined TRACON& Tower with Radar,815,120,60,4,999,3,4,18,0,25,818,124,78,4,1024,0,0,0,1024
02/19/2009,MIA,FL,ASO,ES,Combined TRACON& Tower with Radar,850,131,45,2,1028,2,7,11,0,20,852,138,56,2,1048,0,0,0,1048
02/20/2009,MIA,FL,ASO,ES,Combined TRACON& Tower with Radar,843,114,48,4,1009,3,3,14,1,21,846,117,62,5,1030,0,0,0,1030
02/21/2009,MIA,FL,ASO,ES,Combined TRACON& Tower with Radar,816,98,55,0,969,4,3,11,0,18,820,101,66,0,987,0,0,0,987
02/22/2009,MIA,FL,ASO,ES,Combined TRACON& Tower with Radar,795,111,35,1,942,3,6,6,0,15,798,117,41,1,957,0,0,0,957
02/23/2009,MIA,FL,ASO,ES,Combined TRACON& Tower with Radar,773,102,23,1,899,1,7,5,0,13,774,109,28,1,912,0,0,0,912
02/24/2009,MIA,FL,ASO,ES,Combined TRACON& Tower with Radar,803,126,32,1,962,0,4,7,0,11,803,130,39,1,973,0,0,0,973
02/25/2009,MIA,FL,ASO,ES,Combined TRACON& Tower with Radar,817,112,62,4,995,5,9,21,1,36,822,121,83,5,1031,0,0,0,1031
02/26/2009,MIA,FL,ASO,ES,Combined TRACON& Tower with Radar,814,136,68,5,1023,3,8,19,0,30,817,144,87,5,1053,0,0,0,1053
02/27/2009,MIA,FL,ASO,ES,Combined TRACON& Tower with Radar,828,122,71,5,1026,1,21,5,0,27,829,143,76,5,1053,0,0,0,1053
02/28/2009,MIA,FL,ASO,ES,Combined TRACON& Tower with Radar,803,85,38,2,928,0,0,7,0,7,803,85,45,2,935,0,0,0,935
03/01/2009,MIA,FL,ASO,ES,Combined TRACON& Tower with Radar,745,105,55,5,910,6,4,10,0,20,751,109,65,5,930,0,0,0,930
03/02/2009,MIA,FL,ASO,ES,Combined TRACON& Tower with Radar,739,110,31,2,882,1,2,10,0,13,740,112,41,2,895,0,0,0,895
03/03/2009,MIA,FL,ASO,ES,Combined TRACON& Tower with Radar,786,111,42,3,942,1,2,17,0,20,787,113,59,3,962,0,0,0,962
03/04/2009,MIA,FL,ASO,ES,Combined TRACON& Tower with Radar,807,121,31,10,969,5,13,10,0,28,812,134,41,10,997,0,0,0,997
03/05/2009,MIA,FL,ASO,ES,Combined TRACON& Tower with Radar,847,104,42,3,996,2,7,14,1,24,849,111,56,4,1020,0,0,0,1020
03/06/2009,MIA,FL,ASO,ES,Combined TRACON& Tower with Radar,831,113,44,1,989,2,0,14,0,16,833,113,58,1,1005,0,0,0,1005
03/07/2009,MIA,FL,ASO,ES,Combined TRACON& Tower with Radar,801,77,31,4,913,2,0,9,0,11,803,77,40,4,924,0,0,0,924
03/08/2009,MIA,FL,ASO,ES,Combined TRACON& Tower with Radar,787,114,48,3,952,1,4,12,0,17,788,118,60,3,969,0,0,0,969
03/09/2009,MIA,FL,ASO,ES,Combined TRACON& Tower with Radar,783,130,73,0,986,2,6,16,0,24,785,136,89,0,1010,0,0,0,1010
03/10/2009,MIA,FL,ASO,ES,Combined TRACON& Tower with Radar,809,135,42,5,991,4,5,17,0,26,813,140,59,5,1017,0,0,0,1017
03/11/2009,MIA,FL,ASO,ES,Combined TRACON& Tower with Radar,813,120,32,10,975,2,2,16,0,20,815,122,48,10,995,0,0,0,995
03/12/2009,MIA,FL,ASO,ES,Combined TRACON& Tower with Radar,848,114,31,4,997,5,5,13,3,26,853,119,44,7,1023,0,0,0,1023
03/13/2009,MIA,FL,ASO,ES,Combined TRACON& Tower with Radar,847,134,48,1,1030,0,0,13,0,13,847,134,61,1,1043,0,0,0,1043
03/14/2009,MIA,FL,ASO,ES,Combined TRACON& Tower with Radar,802,104,50,0,956,2,0,22,2,26,804,104,72,2,982,0,0,0,982
03/15/2009,MIA,FL,ASO,ES,Combined TRACON& Tower with Radar,780,114,61,0,955,6,4,13,0,23,786,118,74,0,978,0,0,0,978
03/16/2009,MIA,FL,ASO,ES,Combined TRACON& Tower with Radar,775,123,53,3,954,6,2,13,0,21,781,125,66,3,975,0,0,0,975
03/17/2009,MIA,FL,ASO,ES,Combined TRACON& Tower with Radar,816,115,36,1,968,2,1,16,0,19,818,116,52,1,987,0,0,0,987
03/18/2009,MIA,FL,ASO,ES,Combined TRACON& Tower with Radar,818,121,52,2,993,1,0,3,0,4,819,121,55,2,997,0,0,0,997
03/19/2009,MIA,FL,ASO,ES,Combined TRACON& Tower with Radar,851,120,44,2,1017,1,3,10,2,16,852,123,54,4,1033,0,0,0,1033
03/20/2009,MIA,FL,ASO,ES,Combined TRACON& Tower with Radar,849,126,51,1,1027,1,1,22,0,24,850,127,73,1,1051,0,0,0,1051
03/21/2009,MIA,FL,ASO,ES,Combined TRACON& Tower with Radar,801,109,41,0,951,1,3,13,0,17,802,112,54,0,968,0,0,0,968
03/22/2009,MIA,FL,ASO,ES,Combined TRACON& Tower with Radar,789,115,50,1,955,9,3,2,0,14,798,118,52,1,969,0,0,0,969
03/23/2009,MIA,FL,ASO,ES,Combined TRACON& Tower with Radar,782,122,48,4,956,0,4,15,0,19,782,126,63,4,975,0,0,0,975
03/24/2009,MIA,FL,ASO,ES,Combined TRACON& Tower with Radar,807,107,40,5,959,3,5,20,2,30,810,112,60,7,989,0,0,0,989
03/25/2009,MIA,FL,ASO,ES,Combined TRACON& Tower with Radar,821,110,44,4,979,2,2,23,2,29,823,112,67,6,1008,0,0,0,1008
03/26/2009,MIA,FL,ASO,ES,Combined TRACON& Tower with Radar,820,113,38,4,975,1,3,16,0,20,821,116,54,4,995,0,0,0,995
03/27/2009,MIA,FL,ASO,ES,Combined TRACON& Tower with Radar,834,125,55,4,1018,5,1,25,4,35,839,126,80,8,1053,0,0,0,1053
03/28/2009,MIA,FL,ASO,ES,Combined TRACON& Tower with Radar,800,104,61,0,965,3,0,8,2,13,803,104,69,2,978,0,0,0,978
03/29/2009,MIA,FL,ASO,ES,Combined TRACON& Tower with Radar,792,107,51,0,950,3,4,4,0,11,795,111,55,0,961,0,0,0,961
03/30/2009,MIA,FL,ASO,ES,Combined TRACON& Tower with Radar,775,107,43,3,928,2,2,10,0,14,777,109,53,3,942,0,0,0,942
03/31/2009,MIA,FL,ASO,ES,Combined TRACON& Tower with Radar,809,103,53,7,972,4,16,11,2,33,813,119,64,9,1005,0,0,0,1005
04/01/2009,MIA,FL,ASO,ES,Combined TRACON& Tower with Radar,841,132,44,1,1018,3,3,23,2,31,844,135,67,3,1049,0,0,0,1049
04/02/2009,MIA,FL,ASO,ES,Combined TRACON& Tower with Radar,854,129,56,3,1042,3,0,11,0,14,857,129,67,3,1056,0,0,0,1056
04/03/2009,MIA,FL,ASO,ES,Combined TRACON& Tower with Radar,854,156,69,1,1080,0,0,17,0,17,854,156,86,1,1097,0,0,0,1097
04/04/2009,MIA,FL,ASO,ES,Combined TRACON& Tower with Radar,841,101,52,0,994,4,3,10,0,17,845,104,62,0,1011,0,0,0,1011
04/05/2009,MIA,FL,ASO,ES,Combined TRACON& Tower with Radar,798,121,40,5,964,1,6,10,0,17,799,127,50,5,981,0,0,0,981
04/06/2009,MIA,FL,ASO,ES,Combined TRACON& Tower with Radar,775,133,42,5,955,2,3,19,0,24,777,136,61,5,979,0,0,0,979
04/07/2009,MIA,FL,ASO,ES,Combined TRACON& Tower with Radar,806,126,23,9,964,4,3,19,2,28,810,129,42,11,992,0,0,0,992
04/08/2009,MIA,FL,ASO,ES,Combined TRACON& Tower with Radar,827,125,46,10,1008,2,6,17,1,26,829,131,63,11,1034,0,0,0,1034
04/09/2009,MIA,FL,ASO,ES,Combined TRACON& Tower with Radar,817,126,58,5,1006,2,0,25,0,27,819,126,83,5,1033,0,0,0,1033
04/10/2009,MIA,FL,ASO,ES,Combined TRACON& Tower with Radar,775,93,34,1,903,2,0,23,0,25,777,93,57,1,928,0,0,0,928
04/11/2009,MIA,FL,ASO,ES,Combined TRACON& Tower with Radar,785,99,29,5,918,4,0,18,0,22,789,99,47,5,940,0,0,0,940
04/12/2009,MIA,FL,ASO,ES,Combined TRACON& Tower with Radar,792,112,47,2,953,2,0,14,0,16,794,112,61,2,969,0,0,0,969
04/13/2009,MIA,FL,ASO,ES,Combined TRACON& Tower with Radar,772,112,47,6,937,3,2,30,4,39,775,114,77,10,976,0,0,0,976
04/14/2009,MIA,FL,ASO,ES,Combined TRACON& Tower with Radar,807,121,38,4,970,0,4,21,0,25,807,125,59,4,995,0,0,0,995
04/15/2009,MIA,FL,ASO,ES,Combined TRACON& Tower with Radar,822,115,44,8,989,0,3,10,0,13,822,118,54,8,1002,0,0,0,1002
04/16/2009,MIA,FL,ASO,ES,Combined TRACON& Tower with Radar,842,112,42,0,996,3,2,31,0,36,845,114,73,0,1032,0,0,0,1032
04/17/2009,MIA,FL,ASO,ES,Combined TRACON& Tower with Radar,833,126,58,5,1022,1,0,21,0,22,834,126,79,5,1044,0,0,0,1044
04/18/2009,MIA,FL,ASO,ES,Combined TRACON& Tower with Radar,806,98,37,0,941,1,2,7,0,10,807,100,44,0,951,0,0,0,951
04/19/2009,MIA,FL,ASO,ES,Combined TRACON& Tower with Radar,789,112,49,2,952,2,3,6,0,11,791,115,55,2,963,0,0,0,963
04/20/2009,MIA,FL,ASO,ES,Combined TRACON& Tower with Radar,779,121,49,3,952,3,2,13,0,18,782,123,62,3,970,0,0,0,970
04/21/2009,MIA,FL,ASO,ES,Combined TRACON& Tower with Radar,809,142,30,3,984,0,5,3,0,8,809,147,33,3,992,0,0,0,992
04/22/2009,MIA,FL,ASO,ES,Combined TRACON& Tower with Radar,838,127,39,1,1005,5,3,22,0,30,843,130,61,1,1035,0,0,0,1035
04/23/2009,MIA,FL,ASO,ES,Combined TRACON& Tower with Radar,821,125,38,6,990,4,3,12,0,19,825,128,50,6,1009,0,0,0,1009
04/24/2009,MIA,FL,ASO,ES,Combined TRACON& Tower with Radar,847,123,43,3,1016,3,2,15,0,20,850,125,58,3,1036,0,0,0,1036
04/25/2009,MIA,FL,ASO,ES,Combined TRACON& Tower with Radar,818,93,38,0,949,3,3,15,0,21,821,96,53,0,970,0,0,0,970
04/26/2009,MIA,FL,ASO,ES,Combined TRACON& Tower with Radar,812,99,35,0,946,4,2,14,0,20,816,101,49,0,966,0,0,0,966
04/27/2009,MIA,FL,ASO,ES,Combined TRACON& Tower with Radar,786,112,36,6,940,5,3,11,1,20,791,115,47,7,960,0,0,0,960
04/28/2009,MIA,FL,ASO,ES,Combined TRACON& Tower with Radar,820,128,57,2,1007,1,8,19,1,29,821,136,76,3,1036,0,0,0,1036
04/29/2009,MIA,FL,ASO,ES,Combined TRACON& Tower with Radar,849,124,53,8,1034,2,3,26,0,31,851,127,79,8,1065,0,0,0,1065
04/30/2009,MIA,FL,ASO,ES,Combined TRACON& Tower with Radar,861,124,42,0,1027,2,1,19,2,24,863,125,61,2,1051,0,0,0,1051
05/01/2009,MIA,FL,ASO,ES,Combined TRACON& Tower with Radar,831,110,45,2,988,1,0,11,0,12,832,110,56,2,1000,0,0,0,1000
05/02/2009,MIA,FL,ASO,ES,Combined TRACON& Tower with Radar,792,90,19,0,901,4,5,12,1,22,796,95,31,1,923,0,0,0,923
05/03/2009,MIA,FL,ASO,ES,Combined TRACON& Tower with Radar,762,103,33,2,900,2,4,7,0,13,764,107,40,2,913,0,0,0,913
05/04/2009,MIA,FL,ASO,ES,Combined TRACON& Tower with Radar,771,118,38,4,931,3,3,23,0,29,774,121,61,4,960,0,0,0,960
05/05/2009,MIA,FL,ASO,ES,Combined TRACON& Tower with Radar,788,118,19,3,928,3,3,6,0,12,791,121,25,3,940,0,0,0,940
05/06/2009,MIA,FL,ASO,ES,Combined TRACON& Tower with Radar,813,122,35,10,980,0,3,22,0,25,813,125,57,10,1005,0,0,0,1005
05/07/2009,MIA,FL,ASO,ES,Combined TRACON& Tower with Radar,804,122,26,1,953,2,3,16,0,21,806,125,42,1,974,0,0,0,974
05/08/2009,MIA,FL,ASO,ES,Combined TRACON& Tower with Radar,815,116,37,0,968,2,0,14,2,18,817,116,51,2,986,0,0,0,986
05/09/2009,MIA,FL,ASO,ES,Combined TRACON& Tower with Radar,780,96,36,0,912,1,1,8,0,10,781,97,44,0,922,0,0,0,922
05/10/2009,MIA,FL,ASO,ES,Combined TRACON& Tower with Radar,754,94,31,1,880,4,2,9,0,15,758,96,40,1,895,0,0,0,895
05/11/2009,MIA,FL,ASO,ES,Combined TRACON& Tower with Radar,749,111,26,3,889,1,9,13,1,24,750,120,39,4,913,0,0,0,913
05/12/2009,MIA,FL,ASO,ES,Combined TRACON& Tower with Radar,783,109,32,1,925,3,2,19,0,24,786,111,51,1,949,0,0,0,949
05/13/2009,MIA,FL,ASO,ES,Combined TRACON& Tower with Radar,793,120,27,2,942,0,13,13,6,32,793,133,40,8,974,0,0,0,974
05/14/2009,MIA,FL,ASO,ES,Combined TRACON& Tower with Radar,810,106,58,3,977,3,1,28,0,32,813,107,86,3,1009,0,0,0,1009
05/15/2009,MIA,FL,ASO,ES,Combined TRACON& Tower with Radar,811,112,49,1,973,3,3,11,2,19,814,115,60,3,992,0,0,0,992
05/16/2009,MIA,FL,ASO,ES,Combined TRACON& Tower with Radar,788,78,26,0,892,1,2,6,0,9,789,80,32,0,901,0,0,0,901
05/17/2009,MIA,FL,ASO,ES,Combined TRACON& Tower with Radar,740,96,43,4,883,2,2,13,0,17,742,98,56,4,900,0,0,0,900
05/18/2009,MIA,FL,ASO,ES,Combined TRACON& Tower with Radar,737,85,34,3,859,5,1,9,0,15,742,86,43,3,874,0,0,0,874
05/19/2009,MIA,FL,ASO,ES,Combined TRACON& Tower with Radar,781,104,25,2,912,0,0,6,0,6,781,104,31,2,918,0,0,0,918
05/20/2009,MIA,FL,ASO,ES,Combined TRACON& Tower with Radar,790,114,40,2,946,6,1,13,0,20,796,115,53,2,966,0,0,0,966
05/21/2009,MIA,FL,ASO,ES,Combined TRACON& Tower with Radar,798,124,48,0,970,1,1,9,0,11,799,125,57,0,981,0,0,0,981
05/22/2009,MIA,FL,ASO,ES,Combined TRACON& Tower with Radar,809,120,41,4,974,5,1,11,0,17,814,121,52,4,991,0,0,0,991
05/23/2009,MIA,FL,ASO,ES,Combined TRACON& Tower with Radar,758,91,24,0,873,4,0,1,0,5,762,91,25,0,878,0,0,0,878
05/24/2009,MIA,FL,ASO,ES,Combined TRACON& Tower with Radar,746,94,13,0,853,1,0,2,0,3,747,94,15,0,856,0,0,0,856
05/25/2009,MIA,FL,ASO,ES,Combined TRACON& Tower with Radar,735,107,24,1,867,5,4,11,1,21,740,111,35,2,888,0,0,0,888
05/26/2009,MIA,FL,ASO,ES,Combined TRACON& Tower with Radar,731,103,51,2,887,1,0,6,0,7,732,103,57,2,894,0,0,0,894
05/27/2009,MIA,FL,ASO,ES,Combined TRACON& Tower with Radar,793,108,54,2,957,3,1,18,2,24,796,109,72,4,981,0,0,0,981
05/28/2009,MIA,FL,ASO,ES,Combined TRACON& Tower with Radar,798,106,33,4,941,2,1,17,0,20,800,107,50,4,961,0,0,0,961
05/29/2009,MIA,FL,ASO,ES,Combined TRACON& Tower with Radar,815,95,26,3,939,3,3,5,0,11,818,98,31,3,950,0,0,0,950
05/30/2009,MIA,FL,ASO,ES,Combined TRACON& Tower with Radar,777,73,14,2,866,3,1,8,0,12,780,74,22,2,878,0,0,0,878
05/31/2009,MIA,FL,ASO,ES,Combined TRACON& Tower with Radar,737,89,24,2,852,1,1,0,0,2,738,90,24,2,854,0,0,0,854
06/01/2009,MIA,FL,ASO,ES,Combined TRACON& Tower with Radar,748,96,18,5,867,1,1,5,0,7,749,97,23,5,874,0,0,0,874
06/02/2009,MIA,FL,ASO,ES,Combined TRACON& Tower with Radar,775,117,25,2,919,3,1,21,1,26,778,118,46,3,945,0,0,0,945
06/03/2009,MIA,FL,ASO,ES,Combined TRACON& Tower with Radar,781,102,45,4,932,1,0,12,0,13,782,102,57,4,945,0,0,0,945
06/04/2009,MIA,FL,ASO,ES,Combined TRACON& Tower with Radar,817,113,38,4,972,5,0,3,0,8,822,113,41,4,980,0,0,0,980
06/05/2009,MIA,FL,ASO,ES,Combined TRACON& Tower with Radar,789,107,23,8,927,1,2,11,0,14,790,109,34,8,941,0,0,0,941
06/06/2009,MIA,FL,ASO,ES,Combined TRACON& Tower with Radar,758,93,19,1,871,0,1,6,1,8,758,94,25,2,879,0,0,0,879
06/07/2009,MIA,FL,ASO,ES,Combined TRACON& Tower with Radar,750,88,28,0,866,3,3,7,0,13,753,91,35,0,879,0,0,0,879
06/08/2009,MIA,FL,ASO,ES,Combined TRACON& Tower with Radar,758,126,25,3,912,1,2,4,0,7,759,128,29,3,919,0,0,0,919
06/09/2009,MIA,FL,ASO,ES,Combined TRACON& Tower with Radar,746,110,21,1,878,4,2,14,0,20,750,112,35,1,898,0,0,0,898
06/10/2009,MIA,FL,ASO,ES,Combined TRACON& Tower with Radar,778,116,20,4,918,0,5,14,0,19,778,121,34,4,937,0,0,0,937
06/11/2009,MIA,FL,ASO,ES,Combined TRACON& Tower with Radar,790,114,33,5,942,2,1,28,1,32,792,115,61,6,974,0,0,0,974
06/12/2009,MIA,FL,ASO,ES,Combined TRACON& Tower with Radar,828,119,34,5,986,4,1,12,0,17,832,120,46,5,1003,0,0,0,1003
06/13/2009,MIA,FL,ASO,ES,Combined TRACON& Tower with Radar,791,91,22,4,908,1,3,7,0,11,792,94,29,4,919,0,0,0,919
06/14/2009,MIA,FL,ASO,ES,Combined TRACON& Tower with Radar,763,93,33,5,894,2,1,11,0,14,765,94,44,5,908,0,0,0,908
06/15/2009,MIA,FL,ASO,ES,Combined TRACON& Tower with Radar,763,88,29,0,880,4,1,11,0,16,767,89,40,0,896,0,0,0,896
06/16/2009,MIA,FL,ASO,ES,Combined TRACON& Tower with Radar,771,122,15,1,909,1,3,16,0,20,772,125,31,1,929,0,0,0,929
06/17/2009,MIA,FL,ASO,ES,Combined TRACON& Tower with Radar,812,119,30,7,968,2,3,11,0,16,814,122,41,7,984,0,0,0,984
06/18/2009,MIA,FL,ASO,ES,Combined TRACON& Tower with Radar,818,124,32,5,979,1,4,9,0,14,819,128,41,5,993,0,0,0,993
06/19/2009,MIA,FL,ASO,ES,Combined TRACON& Tower with Radar,790,115,33,3,941,3,1,1,0,5,793,116,34,3,946,0,0,0,946
06/20/2009,MIA,FL,ASO,ES,Combined TRACON& Tower with Radar,803,89,24,0,916,3,2,4,0,9,806,91,28,0,925,0,0,0,925
06/21/2009,MIA,FL,ASO,ES,Combined TRACON& Tower with Radar,769,95,25,2,891,3,2,3,0,8,772,97,28,2,899,0,0,0,899
06/22/2009,MIA,FL,ASO,ES,Combined TRACON& Tower with Radar,762,98,26,5,891,1,0,8,0,9,763,98,34,5,900,0,0,0,900
06/23/2009,MIA,FL,ASO,ES,Combined TRACON& Tower with Radar,772,106,39,8,925,0,1,5,2,8,772,107,44,10,933,0,0,0,933
06/24/2009,MIA,FL,ASO,ES,Combined TRACON& Tower with Radar,810,113,21,15,959,3,7,30,1,41,813,120,51,16,1000,0,0,0,1000
06/25/2009,MIA,FL,ASO,ES,Combined TRACON& Tower with Radar,818,107,32,6,963,3,3,40,2,48,821,110,72,8,1011,0,0,0,1011
06/26/2009,MIA,FL,ASO,ES,Combined TRACON& Tower with Radar,807,122,35,5,969,4,2,13,0,19,811,124,48,5,988,0,0,0,988
06/27/2009,MIA,FL,ASO,ES,Combined TRACON& Tower with Radar,809,88,24,0,921,3,0,8,0,11,812,88,32,0,932,0,0,0,932
06/28/2009,MIA,FL,ASO,ES,Combined TRACON& Tower with Radar,784,100,20,0,904,2,1,5,0,8,786,101,25,0,912,0,0,0,912
06/29/2009,MIA,FL,ASO,ES,Combined TRACON& Tower with Radar,764,104,35,1,904,1,2,6,0,9,765,106,41,1,913,0,0,0,913
06/30/2009,MIA,FL,ASO,ES,Combined TRACON& Tower with Radar,775,112,30,5,922,3,5,5,0,13,778,117,35,5,935,0,0,0,935
07/01/2009,MIA,FL,ASO,ES,Combined TRACON& Tower with Radar,829,121,40,4,994,2,1,7,0,10,831,122,47,4,1004,0,0,0,1004
07/02/2009,MIA,FL,ASO,ES,Combined TRACON& Tower with Radar,833,109,36,0,978,2,1,18,1,22,835,110,54,1,1000,0,0,0,1000
07/03/2009,MIA,FL,ASO,ES,Combined TRACON& Tower with Radar,847,99,24,0,970,1,0,8,0,9,848,99,32,0,979,0,0,0,979
07/04/2009,MIA,FL,ASO,ES,Combined TRACON& Tower with Radar,764,87,9,0,860,1,0,3,0,4,765,87,12,0,864,0,0,0,864
07/05/2009,MIA,FL,ASO,ES,Combined TRACON& Tower with Radar,788,88,27,0,903,2,1,13,0,16,790,89,40,0,919,0,0,0,919
07/06/2009,MIA,FL,ASO,ES,Combined TRACON& Tower with Radar,755,106,34,0,895,2,1,8,0,11,757,107,42,0,906,0,0,0,906
07/07/2009,MIA,FL,ASO,ES,Combined TRACON& Tower with Radar,795,109,19,2,925,2,3,11,0,16,797,112,30,2,941,0,0,0,941
07/08/2009,MIA,FL,ASO,ES,Combined TRACON& Tower with Radar,822,109,37,8,976,0,2,12,0,14,822,111,49,8,990,0,0,0,990
07/09/2009,MIA,FL,ASO,ES,Combined TRACON& Tower with Radar,832,115,24,0,971,1,1,13,1,16,833,116,37,1,987,0,0,0,987
07/10/2009,MIA,FL,ASO,ES,Combined TRACON& Tower with Radar,826,111,29,0,966,1,1,5,0,7,827,112,34,0,973,0,0,0,973
07/11/2009,MIA,FL,ASO,ES,Combined TRACON& Tower with Radar,796,82,15,0,893,0,2,1,2,5,796,84,16,2,898,0,0,0,898
07/12/2009,MIA,FL,ASO,ES,Combined TRACON& Tower with Radar,779,94,30,1,904,1,0,3,0,4,780,94,33,1,908,0,0,0,908
07/13/2009,MIA,FL,ASO,ES,Combined TRACON& Tower with Radar,778,106,17,0,901,1,1,10,0,12,779,107,27,0,913,0,0,0,913
07/14/2009,MIA,FL,ASO,ES,Combined TRACON& Tower with Radar,808,108,20,3,939,2,2,10,0,14,810,110,30,3,953,0,0,0,953
07/15/2009,MIA,FL,ASO,ES,Combined TRACON& Tower with Radar,813,128,27,1,969,2,2,20,4,28,815,130,47,5,997,0,0,0,997
07/16/2009,MIA,FL,ASO,ES,Combined TRACON& Tower with Radar,809,129,41,1,980,2,3,8,0,13,811,132,49,1,993,0,0,0,993
07/17/2009,MIA,FL,ASO,ES,Combined TRACON& Tower with Radar,832,124,30,4,990,0,1,6,0,7,832,125,36,4,997,0,0,0,997
07/18/2009,MIA,FL,ASO,ES,Combined TRACON& Tower with Radar,804,88,24,0,916,2,2,7,2,13,806,90,31,2,929,0,0,0,929
07/19/2009,MIA,FL,ASO,ES,Combined TRACON& Tower with Radar,787,99,36,2,924,1,0,5,0,6,788,99,41,2,930,0,0,0,930
07/20/2009,MIA,FL,ASO,ES,Combined TRACON& Tower with Radar,744,115,17,8,884,3,2,7,0,12,747,117,24,8,896,0,0,0,896
07/21/2009,MIA,FL,ASO,ES,Combined TRACON& Tower with Radar,798,114,19,4,935,0,1,10,0,11,798,115,29,4,946,0,0,0,946
07/22/2009,MIA,FL,ASO,ES,Combined TRACON& Tower with Radar,809,125,30,7,971,1,2,19,2,24,810,127,49,9,995,0,0,0,995
07/23/2009,MIA,FL,ASO,ES,Combined TRACON& Tower with Radar,826,112,29,3,970,1,2,10,3,16,827,114,39,6,986,0,0,0,986
07/24/2009,MIA,FL,ASO,ES,Combined TRACON& Tower with Radar,832,131,39,4,1006,2,3,15,0,20,834,134,54,4,1026,0,0,0,1026
07/25/2009,MIA,FL,ASO,ES,Combined TRACON& Tower with Radar,798,91,18,0,907,0,1,7,0,8,798,92,25,0,915,0,0,0,915
07/26/2009,MIA,FL,ASO,ES,Combined TRACON& Tower with Radar,769,81,21,0,871,2,0,4,0,6,771,81,25,0,877,0,0,0,877
07/27/2009,MIA,FL,ASO,ES,Combined TRACON& Tower with Radar,764,105,26,1,896,0,1,20,0,21,764,106,46,1,917,0,0,0,917
07/28/2009,MIA,FL,ASO,ES,Combined TRACON& Tower with Radar,812,114,36,0,962,0,16,10,0,26,812,130,46,0,988,0,0,0,988
07/29/2009,MIA,FL,ASO,ES,Combined TRACON& Tower with Radar,806,118,33,2,959,0,19,9,0,28,806,137,42,2,987,0,0,0,987
07/30/2009,MIA,FL,ASO,ES,Combined TRACON& Tower with Radar,809,119,46,4,978,1,1,10,1,13,810,120,56,5,991,0,0,0,991
07/31/2009,MIA,FL,ASO,ES,Combined TRACON& Tower with Radar,827,110,36,1,974,0,0,14,0,14,827,110,50,1,988,0,0,0,988
08/01/2009,MIA,FL,ASO,ES,Combined TRACON& Tower with Radar,812,87,10,2,911,1,0,2,0,3,813,87,12,2,914,0,0,0,914
08/02/2009,MIA,FL,ASO,ES,Combined TRACON& Tower with Radar,773,95,34,0,902,1,0,8,0,9,774,95,42,0,911,0,0,0,911
08/03/2009,MIA,FL,ASO,ES,Combined TRACON& Tower with Radar,795,90,15,0,900,1,1,6,0,8,796,91,21,0,908,0,0,0,908
08/04/2009,MIA,FL,ASO,ES,Combined TRACON& Tower with Radar,796,120,24,1,941,2,3,16,4,25,798,123,40,5,966,0,0,0,966
08/05/2009,MIA,FL,ASO,ES,Combined TRACON& Tower with Radar,822,117,38,3,980,1,0,11,0,12,823,117,49,3,992,0,0,0,992
08/06/2009,MIA,FL,ASO,ES,Combined TRACON& Tower with Radar,819,96,29,3,947,0,5,8,2,15,819,101,37,5,962,0,0,0,962
08/07/2009,MIA,FL,ASO,ES,Combined TRACON& Tower with Radar,816,113,32,2,963,0,0,13,0,13,816,113,45,2,976,0,0,0,976
08/08/2009,MIA,FL,ASO,ES,Combined TRACON& Tower with Radar,797,82,16,0,895,3,1,4,2,10,800,83,20,2,905,0,0,0,905
08/09/2009,MIA,FL,ASO,ES,Combined TRACON& Tower with Radar,785,85,29,0,899,2,0,2,0,4,787,85,31,0,903,0,0,0,903
08/10/2009,MIA,FL,ASO,ES,Combined TRACON& Tower with Radar,791,100,19,3,913,2,2,13,0,17,793,102,32,3,930,0,0,0,930
08/11/2009,MIA,FL,ASO,ES,Combined TRACON& Tower with Radar,811,97,10,2,920,1,0,22,0,23,812,97,32,2,943,0,0,0,943
08/12/2009,MIA,FL,ASO,ES,Combined TRACON& Tower with Radar,800,105,30,5,940,2,1,20,0,23,802,106,50,5,963,0,0,0,963
08/13/2009,MIA,FL,ASO,ES,Combined TRACON& Tower with Radar,842,108,31,4,985,3,1,6,0,10,845,109,37,4,995,0,0,0,995
08/14/2009,MIA,FL,ASO,ES,Combined TRACON& Tower with Radar,829,121,32,6,988,1,0,5,0,6,830,121,37,6,994,0,0,0,994
08/15/2009,MIA,FL,ASO,ES,Combined TRACON& Tower with Radar,796,89,16,0,901,0,0,2,2,4,796,89,18,2,905,0,0,0,905
08/16/2009,MIA,FL,ASO,ES,Combined TRACON& Tower with Radar,788,89,26,2,905,1,0,6,1,8,789,89,32,3,913,0,0,0,913
08/17/2009,MIA,FL,ASO,ES,Combined TRACON& Tower with Radar,772,108,15,3,898,0,0,2,0,2,772,108,17,3,900,0,0,0,900
08/18/2009,MIA,FL,ASO,ES,Combined TRACON& Tower with Radar,805,106,21,5,937,1,0,10,0,11,806,106,31,5,948,0,0,0,948
08/19/2009,MIA,FL,ASO,ES,Combined TRACON& Tower with Radar,818,112,28,8,966,2,1,16,0,19,820,113,44,8,985,0,0,0,985
08/20/2009,MIA,FL,ASO,ES,Combined TRACON& Tower with Radar,825,98,31,2,956,2,2,12,0,16,827,100,43,2,972,0,0,0,972
08/21/2009,MIA,FL,ASO,ES,Combined TRACON& Tower with Radar,819,108,23,0,950,0,1,9,0,10,819,109,32,0,960,0,0,0,960
08/22/2009,MIA,FL,ASO,ES,Combined TRACON& Tower with Radar,796,78,23,0,897,0,8,4,0,12,796,86,27,0,909,0,0,0,909
08/23/2009,MIA,FL,ASO,ES,Combined TRACON& Tower with Radar,794,81,18,1,894,2,0,5,0,7,796,81,23,1,901,0,0,0,901
08/24/2009,MIA,FL,ASO,ES,Combined TRACON& Tower with Radar,764,105,21,3,893,0,2,11,0,13,764,107,32,3,906,0,0,0,906
08/25/2009,MIA,FL,ASO,ES,Combined TRACON& Tower with Radar,763,96,24,6,889,0,1,12,0,13,763,97,36,6,902,0,0,0,902
08/26/2009,MIA,FL,ASO,ES,Combined TRACON& Tower with Radar,762,111,24,8,905,0,0,13,0,13,762,111,37,8,918,0,0,0,918
08/27/2009,MIA,FL,ASO,ES,Combined TRACON& Tower with Radar,777,104,20,2,903,3,3,13,0,19,780,107,33,2,922,0,0,0,922
08/28/2009,MIA,FL,ASO,ES,Combined TRACON& Tower with Radar,784,101,22,4,911,3,0,12,0,15,787,101,34,4,926,0,0,0,926
08/29/2009,MIA,FL,ASO,ES,Combined TRACON& Tower with Radar,767,88,19,0,874,1,1,6,0,8,768,89,25,0,882,0,0,0,882
08/30/2009,MIA,FL,ASO,ES,Combined TRACON& Tower with Radar,744,89,24,0,857,2,1,13,0,16,746,90,37,0,873,0,0,0,873
08/31/2009,MIA,FL,ASO,ES,Combined TRACON& Tower with Radar,730,106,21,2,859,1,0,7,0,8,731,106,28,2,867,0,0,0,867
09/01/2009,MIA,FL,ASO,ES,Combined TRACON& Tower with Radar,724,104,10,8,846,4,0,6,0,10,728,104,16,8,856,0,0,0,856
09/02/2009,MIA,FL,ASO,ES,Combined TRACON& Tower with Radar,750,108,32,3,893,2,2,15,2,21,752,110,47,5,914,0,0,0,914
09/03/2009,MIA,FL,ASO,ES,Combined TRACON& Tower with Radar,761,109,34,7,911,1,0,2,0,3,762,109,36,7,914,0,0,0,914
09/04/2009,MIA,FL,ASO,ES,Combined TRACON& Tower with Radar,763,112,42,2,919,3,1,11,0,15,766,113,53,2,934,0,0,0,934
09/05/2009,MIA,FL,ASO,ES,Combined TRACON& Tower with Radar,733,83,17,0,833,3,4,3,0,10,736,87,20,0,843,0,0,0,843
09/06/2009,MIA,FL,ASO,ES,Combined TRACON& Tower with Radar,726,75,14,0,815,2,1,8,0,11,728,76,22,0,826,0,0,0,826
09/07/2009,MIA,FL,ASO,ES,Combined TRACON& Tower with Radar,711,97,30,0,838,0,4,12,0,16,711,101,42,0,854,0,0,0,854
09/08/2009,MIA,FL,ASO,ES,Combined TRACON& Tower with Radar,721,110,30,3,864,1,0,16,0,17,722,110,46,3,881,0,0,0,881
09/09/2009,MIA,FL,ASO,ES,Combined TRACON& Tower with Radar,734,91,18,2,845,2,0,13,2,17,736,91,31,4,862,0,0,0,862
09/10/2009,MIA,FL,ASO,ES,Combined TRACON& Tower with Radar,749,108,22,1,880,2,0,5,0,7,751,108,27,1,887,0,0,0,887
09/11/2009,MIA,FL,ASO,ES,Combined TRACON& Tower with Radar,749,104,25,0,878,0,3,8,0,11,749,107,33,0,889,0,0,0,889
09/12/2009,MIA,FL,ASO,ES,Combined TRACON& Tower with Radar,741,71,11,0,823,5,0,4,0,9,746,71,15,0,832,0,0,0,832
09/13/2009,MIA,FL,ASO,ES,Combined TRACON& Tower with Radar,722,93,24,2,841,2,1,3,0,6,724,94,27,2,847,0,0,0,847
09/14/2009,MIA,FL,ASO,ES,Combined TRACON& Tower with Radar,706,100,18,1,825,2,2,18,0,22,708,102,36,1,847,0,0,0,847
09/15/2009,MIA,FL,ASO,ES,Combined TRACON& Tower with Radar,721,95,16,2,834,4,0,13,0,17,725,95,29,2,851,0,0,0,851
09/16/2009,MIA,FL,ASO,ES,Combined TRACON& Tower with Radar,729,104,30,4,867,1,0,11,0,12,730,104,41,4,879,0,0,0,879
09/17/2009,MIA,FL,ASO,ES,Combined TRACON& Tower with Radar,768,99,12,6,885,1,0,8,4,13,769,99,20,10,898,0,0,0,898
09/18/2009,MIA,FL,ASO,ES,Combined TRACON& Tower with Radar,768,105,24,2,899,3,1,6,2,12,771,106,30,4,911,0,0,0,911
09/19/2009,MIA,FL,ASO,ES,Combined TRACON& Tower with Radar,730,76,21,0,827,0,1,2,0,3,730,77,23,0,830,0,0,0,830
09/20/2009,MIA,FL,ASO,ES,Combined TRACON& Tower with Radar,719,87,25,2,833,3,3,3,1,10,722,90,28,3,843,0,0,0,843
09/21/2009,MIA,FL,ASO,ES,Combined TRACON& Tower with Radar,713,94,14,0,821,2,0,5,0,7,715,94,19,0,828,0,0,0,828
09/22/2009,MIA,FL,ASO,ES,Combined TRACON& Tower with Radar,724,105,25,3,857,4,2,14,3,23,728,107,39,6,880,0,0,0,880
09/23/2009,MIA,FL,ASO,ES,Combined TRACON& Tower with Radar,732,103,38,0,873,4,1,14,1,20,736,104,52,1,893,0,0,0,893
09/24/2009,MIA,FL,ASO,ES,Combined TRACON& Tower with Radar,765,101,17,6,889,2,0,22,0,24,767,101,39,6,913,0,0,0,913
09/25/2009,MIA,FL,ASO,ES,Combined TRACON& Tower with Radar,759,113,21,2,895,2,7,9,1,19,761,120,30,3,914,0,0,0,914
09/26/2009,MIA,FL,ASO,ES,Combined TRACON& Tower with Radar,728,74,23,0,825,2,0,4,1,7,730,74,27,1,832,0,0,0,832
09/27/2009,MIA,FL,ASO,ES,Combined TRACON& Tower with Radar,731,80,27,0,838,1,0,0,0,1,732,80,27,0,839,0,0,0,839
09/28/2009,MIA,FL,ASO,ES,Combined TRACON& Tower with Radar,716,106,10,7,839,2,1,9,0,12,718,107,19,7,851,0,0,0,851
09/29/2009,MIA,FL,ASO,ES,Combined TRACON& Tower with Radar,733,112,19,7,871,1,1,8,1,11,734,113,27,8,882,0,0,0,882
09/30/2009,MIA,FL,ASO,ES,Combined TRACON& Tower with Radar,745,117,25,7,894,3,0,7,1,11,748,117,32,8,905,0,0,0,905
10/01/2009,MIA,FL,ASO,ES,Combined TRACON& Tower with Radar,765,112,19,3,899,5,0,2,0,7,770,112,21,3,906,0,0,0,906
10/02/2009,MIA,FL,ASO,ES,Combined TRACON& Tower with Radar,779,114,30,1,924,1,1,11,0,13,780,115,41,1,937,0,0,0,937
10/03/2009,MIA,FL,ASO,ES,Combined TRACON& Tower with Radar,741,81,13,0,835,3,0,2,0,5,744,81,15,0,840,0,0,0,840
10/04/2009,MIA,FL,ASO,ES,Combined TRACON& Tower with Radar,744,82,26,0,852,1,1,3,0,5,745,83,29,0,857,0,0,0,857
10/05/2009,MIA,FL,ASO,ES,Combined TRACON& Tower with Radar,711,107,35,1,854,4,3,9,0,16,715,110,44,1,870,0,0,0,870
10/06/2009,MIA,FL,ASO,ES,Combined TRACON& Tower with Radar,734,104,19,3,860,5,2,7,0,14,739,106,26,3,874,0,0,0,874
10/07/2009,MIA,FL,ASO,ES,Combined TRACON& Tower with Radar,766,118,30,4,918,3,0,11,0,14,769,118,41,4,932,0,0,0,932
10/08/2009,MIA,FL,ASO,ES,Combined TRACON& Tower with Radar,778,108,50,2,938,6,1,20,0,27,784,109,70,2,965,0,0,0,965
10/09/2009,MIA,FL,ASO,ES,Combined TRACON& Tower with Radar,777,101,42,1,921,2,2,6,0,10,779,103,48,1,931,0,0,0,931
10/10/2009,MIA,FL,ASO,ES,Combined TRACON& Tower with Radar,746,74,25,0,845,1,0,2,0,3,747,74,27,0,848,0,0,0,848
10/11/2009,MIA,FL,ASO,ES,Combined TRACON& Tower with Radar,752,97,21,0,870,5,0,6,0,11,757,97,27,0,881,0,0,0,881
10/12/2009,MIA,FL,ASO,ES,Combined TRACON& Tower with Radar,733,98,46,0,877,2,1,21,0,24,735,99,67,0,901,0,0,0,901
10/13/2009,MIA,FL,ASO,ES,Combined TRACON& Tower with Radar,737,111,29,8,885,2,1,11,1,15,739,112,40,9,900,0,0,0,900
10/14/2009,MIA,FL,ASO,ES,Combined TRACON& Tower with Radar,746,101,26,5,878,2,1,15,0,18,748,102,41,5,896,0,0,0,896
10/15/2009,MIA,FL,ASO,ES,Combined TRACON& Tower with Radar,765,105,20,8,898,3,2,16,0,21,768,107,36,8,919,0,0,0,919
10/16/2009,MIA,FL,ASO,ES,Combined TRACON& Tower with Radar,763,115,37,3,918,3,2,2,0,7,766,117,39,3,925,0,0,0,925
10/17/2009,MIA,FL,ASO,ES,Combined TRACON& Tower with Radar,741,81,20,0,842,4,0,15,1,20,745,81,35,1,862,0,0,0,862
10/18/2009,MIA,FL,ASO,ES,Combined TRACON& Tower with Radar,731,99,21,0,851,6,0,5,1,12,737,99,26,1,863,0,0,0,863
10/19/2009,MIA,FL,ASO,ES,Combined TRACON& Tower with Radar,716,109,31,2,858,2,4,9,0,15,718,113,40,2,873,0,0,0,873
10/20/2009,MIA,FL,ASO,ES,Combined TRACON& Tower with Radar,753,111,38,2,904,0,2,5,2,9,753,113,43,4,913,0,0,0,913
10/21/2009,MIA,FL,ASO,ES,Combined TRACON& Tower with Radar,750,126,37,3,916,4,0,15,0,19,754,126,52,3,935,0,0,0,935
10/22/2009,MIA,FL,ASO,ES,Combined TRACON& Tower with Radar,762,115,37,3,917,0,1,14,0,15,762,116,51,3,932,0,0,0,932
10/23/2009,MIA,FL,ASO,ES,Combined TRACON& Tower with Radar,781,116,40,3,940,3,5,10,0,18,784,121,50,3,958,0,0,0,958
10/24/2009,MIA,FL,ASO,ES,Combined TRACON& Tower with Radar,736,76,21,1,834,8,0,6,0,14,744,76,27,1,848,0,0,0,848
10/25/2009,MIA,FL,ASO,ES,Combined TRACON& Tower with Radar,751,85,34,3,873,2,0,6,1,9,753,85,40,4,882,0,0,0,882
10/26/2009,MIA,FL,ASO,ES,Combined TRACON& Tower with Radar,743,97,32,1,873,3,1,20,0,24,746,98,52,1,897,0,0,0,897
10/27/2009,MIA,FL,ASO,ES,Combined TRACON& Tower with Radar,731,101,23,7,862,5,1,11,0,17,736,102,34,7,879,0,0,0,879
10/28/2009,MIA,FL,ASO,ES,Combined TRACON& Tower with Radar,774,110,41,5,930,1,0,18,0,19,775,110,59,5,949,0,0,0,949
10/29/2009,MIA,FL,ASO,ES,Combined TRACON& Tower with Radar,769,126,44,5,944,1,0,14,2,17,770,126,58,7,961,0,0,0,961
10/30/2009,MIA,FL,ASO,ES,Combined TRACON& Tower with Radar,791,111,27,0,929,5,0,9,3,17,796,111,36,3,946,0,0,0,946
10/31/2009,MIA,FL,ASO,ES,Combined TRACON& Tower with Radar,752,77,20,4,853,3,3,8,0,14,755,80,28,4,867,0,0,0,867
11/01/2009,MIA,FL,ASO,ES,Combined TRACON& Tower with Radar,774,94,39,2,909,0,1,6,1,8,774,95,45,3,917,0,0,0,917
11/02/2009,MIA,FL,ASO,ES,Combined TRACON& Tower with Radar,727,116,28,1,872,4,1,12,3,20,731,117,40,4,892,0,0,0,892
11/03/2009,MIA,FL,ASO,ES,Combined TRACON& Tower with Radar,752,122,27,4,905,3,0,13,2,18,755,122,40,6,923,0,0,0,923
11/04/2009,MIA,FL,ASO,ES,Combined TRACON& Tower with Radar,761,113,38,2,914,4,1,8,0,13,765,114,46,2,927,0,0,0,927
11/05/2009,MIA,FL,ASO,ES,Combined TRACON& Tower with Radar,783,129,61,3,976,3,6,9,1,19,786,135,70,4,995,0,0,0,995
11/06/2009,MIA,FL,ASO,ES,Combined TRACON& Tower with Radar,801,105,38,1,945,4,10,11,5,30,805,115,49,6,975,0,0,0,975
11/07/2009,MIA,FL,ASO,ES,Combined TRACON& Tower with Radar,773,82,22,1,878,1,0,1,0,2,774,82,23,1,880,0,0,0,880
11/08/2009,MIA,FL,ASO,ES,Combined TRACON& Tower with Radar,760,103,37,0,900,2,4,18,0,24,762,107,55,0,924,0,0,0,924
11/09/2009,MIA,FL,ASO,ES,Combined TRACON& Tower with Radar,724,106,33,5,868,4,2,11,0,17,728,108,44,5,885,0,0,0,885
11/10/2009,MIA,FL,ASO,ES,Combined TRACON& Tower with Radar,769,108,29,4,910,2,2,25,0,29,771,110,54,4,939,0,0,0,939
11/11/2009,MIA,FL,ASO,ES,Combined TRACON& Tower with Radar,777,110,30,2,919,0,2,10,0,12,777,112,40,2,931,0,0,0,931
11/12/2009,MIA,FL,ASO,ES,Combined TRACON& Tower with Radar,792,107,43,3,945,4,1,12,0,17,796,108,55,3,962,0,0,0,962
11/13/2009,MIA,FL,ASO,ES,Combined TRACON& Tower with Radar,807,114,58,1,980,4,1,4,0,9,811,115,62,1,989,0,0,0,989
11/14/2009,MIA,FL,ASO,ES,Combined TRACON& Tower with Radar,768,81,20,3,872,2,0,4,0,6,770,81,24,3,878,0,0,0,878
11/15/2009,MIA,FL,ASO,ES,Combined TRACON& Tower with Radar,770,100,39,1,910,1,0,5,0,6,771,100,44,1,916,0,0,0,916
11/16/2009,MIA,FL,ASO,ES,Combined TRACON& Tower with Radar,743,113,30,8,894,8,2,9,0,19,751,115,39,8,913,0,0,0,913
11/17/2009,MIA,FL,ASO,ES,Combined TRACON& Tower with Radar,773,121,34,2,930,2,4,14,3,23,775,125,48,5,953,0,0,0,953
11/18/2009,MIA,FL,ASO,ES,Combined TRACON& Tower with Radar,786,121,37,5,949,1,0,11,0,12,787,121,48,5,961,0,0,0,961
11/19/2009,MIA,FL,ASO,ES,Combined TRACON& Tower with Radar,833,141,51,0,1025,6,6,12,1,25,839,147,63,1,1050,0,0,0,1050
11/20/2009,MIA,FL,ASO,ES,Combined TRACON& Tower with Radar,894,137,52,1,1084,3,0,13,0,16,897,137,65,1,1100,0,0,0,1100
11/21/2009,MIA,FL,ASO,ES,Combined TRACON& Tower with Radar,837,109,30,8,984,3,1,16,1,21,840,110,46,9,1005,0,0,0,1005
11/22/2009,MIA,FL,ASO,ES,Combined TRACON& Tower with Radar,833,126,53,2,1014,3,1,86,0,90,836,127,139,2,1104,0,0,0,1104
11/23/2009,MIA,FL,ASO,ES,Combined TRACON& Tower with Radar,811,124,47,5,987,5,0,16,0,21,816,124,63,5,1008,0,0,0,1008
11/24/2009,MIA,FL,ASO,ES,Combined TRACON& Tower with Radar,856,138,41,5,1040,5,0,31,0,36,861,138,72,5,1076,0,0,0,1076
11/25/2009,MIA,FL,ASO,ES,Combined TRACON& Tower with Radar,862,125,45,4,1036,2,0,6,0,8,864,125,51,4,1044,0,0,0,1044
11/26/2009,MIA,FL,ASO,ES,Combined TRACON& Tower with Radar,782,97,23,2,904,4,0,12,0,16,786,97,35,2,920,0,0,0,920
11/27/2009,MIA,FL,ASO,ES,Combined TRACON& Tower with Radar,838,106,26,0,970,2,0,11,0,13,840,106,37,0,983,0,0,0,983
11/28/2009,MIA,FL,ASO,ES,Combined TRACON& Tower with Radar,849,88,26,0,963,4,1,6,0,11,853,89,32,0,974,0,0,0,974
11/29/2009,MIA,FL,ASO,ES,Combined TRACON& Tower with Radar,855,117,63,1,1036,3,0,10,0,13,858,117,73,1,1049,0,0,0,1049
11/30/2009,MIA,FL,ASO,ES,Combined TRACON& Tower with Radar,812,133,48,3,996,2,1,16,2,21,814,134,64,5,1017,0,0,0,1017
12/01/2009,MIA,FL,ASO,ES,Combined TRACON& Tower with Radar,856,148,42,2,1048,4,1,5,0,10,860,149,47,2,1058,0,0,0,1058
12/02/2009,MIA,FL,ASO,ES,Combined TRACON& Tower with Radar,862,148,71,7,1088,2,2,12,0,16,864,150,83,7,1104,0,0,0,1104
12/03/2009,MIA,FL,ASO,ES,Combined TRACON& Tower with Radar,869,147,49,5,1070,3,0,19,3,25,872,147,68,8,1095,0,0,0,1095
12/04/2009,MIA,FL,ASO,ES,Combined TRACON& Tower with Radar,895,157,62,4,1118,3,9,11,0,23,898,166,73,4,1141,0,0,0,1141
12/05/2009,MIA,FL,ASO,ES,Combined TRACON& Tower with Radar,831,115,43,0,989,4,0,14,0,18,835,115,57,0,1007,0,0,0,1007
12/06/2009,MIA,FL,ASO,ES,Combined TRACON& Tower with Radar,844,128,70,3,1045,4,4,10,0,18,848,132,80,3,1063,0,0,0,1063
12/07/2009,MIA,FL,ASO,ES,Combined TRACON& Tower with Radar,831,114,50,5,1000,1,2,8,0,11,832,116,58,5,1011,0,0,0,1011
12/08/2009,MIA,FL,ASO,ES,Combined TRACON& Tower with Radar,836,119,38,6,999,7,2,15,0,24,843,121,53,6,1023,0,0,0,1023
12/09/2009,MIA,FL,ASO,ES,Combined TRACON& Tower with Radar,863,117,23,3,1006,1,3,21,0,25,864,120,44,3,1031,0,0,0,1031
12/10/2009,MIA,FL,ASO,ES,Combined TRACON& Tower with Radar,883,114,43,7,1047,4,4,8,3,19,887,118,51,10,1066,0,0,0,1066
12/11/2009,MIA,FL,ASO,ES,Combined TRACON& Tower with Radar,893,132,29,4,1058,4,1,6,0,11,897,133,35,4,1069,0,0,0,1069
12/12/2009,MIA,FL,ASO,ES,Combined TRACON& Tower with Radar,869,100,31,2,1002,3,3,5,0,11,872,103,36,2,1013,0,0,0,1013
12/13/2009,MIA,FL,ASO,ES,Combined TRACON& Tower with Radar,849,97,13,4,963,6,0,1,0,7,855,97,14,4,970,0,0,0,970
12/14/2009,MIA,FL,ASO,ES,Combined TRACON& Tower with Radar,838,101,26,2,967,5,2,11,0,18,843,103,37,2,985,0,0,0,985
12/15/2009,MIA,FL,ASO,ES,Combined TRACON& Tower with Radar,852,122,38,1,1013,4,1,8,0,13,856,123,46,1,1026,0,0,0,1026
12/16/2009,MIA,FL,ASO,ES,Combined TRACON& Tower with Radar,898,117,28,1,1044,2,1,10,0,13,900,118,38,1,1057,0,0,0,1057
12/17/2009,MIA,FL,ASO,ES,Combined TRACON& Tower with Radar,915,144,50,5,1114,6,3,5,1,15,921,147,55,6,1129,0,0,0,1129
12/18/2009,MIA,FL,ASO,ES,Combined TRACON& Tower with Radar,913,123,62,2,1100,3,1,5,0,9,916,124,67,2,1109,0,0,0,1109
12/19/2009,MIA,FL,ASO,ES,Combined TRACON& Tower with Radar,861,141,54,0,1056,9,1,7,2,19,870,142,61,2,1075,0,0,0,1075
12/20/2009,MIA,FL,ASO,ES,Combined TRACON& Tower with Radar,850,119,46,0,1015,1,0,6,0,7,851,119,52,0,1022,0,0,0,1022
12/21/2009,MIA,FL,ASO,ES,Combined TRACON& Tower with Radar,900,137,35,0,1072,5,1,19,1,26,905,138,54,1,1098,0,0,0,1098
12/22/2009,MIA,FL,ASO,ES,Combined TRACON& Tower with Radar,901,147,36,0,1084,1,2,17,0,20,902,149,53,0,1104,0,0,0,1104
12/23/2009,MIA,FL,ASO,ES,Combined TRACON& Tower with Radar,910,144,40,2,1096,8,7,9,0,24,918,151,49,2,1120,0,0,0,1120
12/24/2009,MIA,FL,ASO,ES,Combined TRACON& Tower with Radar,837,126,30,0,993,4,0,8,0,12,841,126,38,0,1005,0,0,0,1005
12/25/2009,MIA,FL,ASO,ES,Combined TRACON& Tower with Radar,765,109,27,0,901,2,0,5,0,7,767,109,32,0,908,0,0,0,908
12/26/2009,MIA,FL,ASO,ES,Combined TRACON& Tower with Radar,818,133,60,0,1011,3,1,7,0,11,821,134,67,0,1022,0,0,0,1022
12/27/2009,MIA,FL,ASO,ES,Combined TRACON& Tower with Radar,831,117,71,1,1020,4,0,11,0,15,835,117,82,1,1035,0,0,0,1035
12/28/2009,MIA,FL,ASO,ES,Combined TRACON& Tower with Radar,839,110,40,2,991,5,0,14,0,19,844,110,54,2,1010,0,0,0,1010
12/29/2009,MIA,FL,ASO,ES,Combined TRACON& Tower with Radar,859,135,49,0,1043,4,1,8,0,13,863,136,57,0,1056,0,0,0,1056
12/30/2009,MIA,FL,ASO,ES,Combined TRACON& Tower with Radar,876,135,61,3,1075,2,5,20,0,27,878,140,81,3,1102,0,0,0,1102
12/31/2009,MIA,FL,ASO,ES,Combined TRACON& Tower with Radar,805,118,27,0,950,5,2,4,0,11,810,120,31,0,961,0,0,0,961
01/01/2010,MIA,FL,ASO,ES,Combined TRACON& Tower with Radar,771,101,30,1,903,5,2,5,0,12,776,103,35,1,915,0,0,0,915
01/02/2010,MIA,FL,ASO,ES,Combined TRACON& Tower with Radar,849,150,55,0,1054,1,1,7,0,9,850,151,62,0,1063,0,0,0,1063
01/03/2010,MIA,FL,ASO,ES,Combined TRACON& Tower with Radar,854,150,82,1,1087,5,2,12,0,19,859,152,94,1,1106,0,0,0,1106
01/04/2010,MIA,FL,ASO,ES,Combined TRACON& Tower with Radar,854,144,56,4,1058,2,4,9,0,15,856,148,65,4,1073,0,0,0,1073
01/05/2010,MIA,FL,ASO,ES,Combined TRACON& Tower with Radar,867,140,24,4,1035,2,3,16,0,21,869,143,40,4,1056,0,0,0,1056
01/06/2010,MIA,FL,ASO,ES,Combined TRACON& Tower with Radar,860,121,31,7,1019,4,1,9,4,18,864,122,40,11,1037,0,0,0,1037
01/07/2010,MIA,FL,ASO,ES,Combined TRACON& Tower with Radar,855,126,34,3,1018,3,0,10,0,13,858,126,44,3,1031,0,0,0,1031
01/08/2010,MIA,FL,ASO,ES,Combined TRACON& Tower with Radar,869,122,33,2,1026,2,7,11,0,20,871,129,44,2,1046,0,0,0,1046
01/09/2010,MIA,FL,ASO,ES,Combined TRACON& Tower with Radar,836,121,23,2,982,1,0,1,0,2,837,121,24,2,984,0,0,0,984
01/10/2010,MIA,FL,ASO,ES,Combined TRACON& Tower with Radar,838,109,38,4,989,2,1,8,0,11,840,110,46,4,1000,0,0,0,1000
01/11/2010,MIA,FL,ASO,ES,Combined TRACON& Tower with Radar,816,104,39,0,959,7,0,9,1,17,823,104,48,1,976,0,0,0,976
01/12/2010,MIA,FL,ASO,ES,Combined TRACON& Tower with Radar,827,138,43,3,1011,4,3,21,0,28,831,141,64,3,1039,0,0,0,1039
01/13/2010,MIA,FL,ASO,ES,Combined TRACON& Tower with Radar,831,142,56,8,1037,2,1,10,0,13,833,143,66,8,1050,0,0,0,1050
01/14/2010,MIA,FL,ASO,ES,Combined TRACON& Tower with Radar,873,136,65,7,1081,0,3,10,0,13,873,139,75,7,1094,0,0,0,1094
01/15/2010,MIA,FL,ASO,ES,Combined TRACON& Tower with Radar,867,125,60,9,1061,5,2,10,2,19,872,127,70,11,1080,0,0,0,1080
01/16/2010,MIA,FL,ASO,ES,Combined TRACON& Tower with Radar,870,108,46,11,1035,3,0,10,0,13,873,108,56,11,1048,0,0,0,1048
01/17/2010,MIA,FL,ASO,ES,Combined TRACON& Tower with Radar,839,115,45,18,1017,3,1,5,0,9,842,116,50,18,1026,0,0,0,1026
01/18/2010,MIA,FL,ASO,ES,Combined TRACON& Tower with Radar,825,115,58,9,1007,2,1,10,0,13,827,116,68,9,1020,0,0,0,1020
01/19/2010,MIA,FL,ASO,ES,Combined TRACON& Tower with Radar,845,128,56,13,1042,3,2,11,0,16,848,130,67,13,1058,0,0,0,1058
01/20/2010,MIA,FL,ASO,ES,Combined TRACON& Tower with Radar,839,132,56,13,1040,5,1,18,0,24,844,133,74,13,1064,0,0,0,1064
01/21/2010,MIA,FL,ASO,ES,Combined TRACON& Tower with Radar,855,148,54,21,1078,3,2,5,0,10,858,150,59,21,1088,0,0,0,1088
01/22/2010,MIA,FL,ASO,ES,Combined TRACON& Tower with Radar,895,142,55,13,1105,2,0,14,0,16,897,142,69,13,1121,0,0,0,1121
01/23/2010,MIA,FL,ASO,ES,Combined TRACON& Tower with Radar,873,112,46,11,1042,1,0,11,0,12,874,112,57,11,1054,0,0,0,1054
01/24/2010,MIA,FL,ASO,ES,Combined TRACON& Tower with Radar,832,112,61,8,1013,5,0,2,0,7,837,112,63,8,1020,0,0,0,1020
01/25/2010,MIA,FL,ASO,ES,Combined TRACON& Tower with Radar,835,123,45,6,1009,3,1,6,0,10,838,124,51,6,1019,0,0,0,1019
01/26/2010,MIA,FL,ASO,ES,Combined TRACON& Tower with Radar,878,132,49,8,1067,6,1,24,0,31,884,133,73,8,1098,0,0,0,1098
01/27/2010,MIA,FL,ASO,ES,Combined TRACON& Tower with Radar,872,116,49,9,1046,4,2,22,0,28,876,118,71,9,1074,0,0,0,1074
01/28/2010,MIA,FL,ASO,ES,Combined TRACON& Tower with Radar,886,143,38,8,1075,4,3,10,0,17,890,146,48,8,1092,0,0,0,1092
01/29/2010,MIA,FL,ASO,ES,Combined TRACON& Tower with Radar,919,136,59,4,1118,4,1,8,2,15,923,137,67,6,1133,0,0,0,1133
01/30/2010,MIA,FL,ASO,ES,Combined TRACON& Tower with Radar,865,95,32,8,1000,1,2,8,0,11,866,97,40,8,1011,0,0,0,1011
01/31/2010,MIA,FL,ASO,ES,Combined TRACON& Tower with Radar,866,127,52,3,1048,7,0,4,0,11,873,127,56,3,1059,0,0,0,1059
02/01/2010,MIA,FL,ASO,ES,Combined TRACON& Tower with Radar,841,129,43,8,1021,4,0,1,0,5,845,129,44,8,1026,0,0,0,1026
02/02/2010,MIA,FL,ASO,ES,Combined TRACON& Tower with Radar,858,118,39,9,1024,3,1,11,0,15,861,119,50,9,1039,0,0,0,1039
02/03/2010,MIA,FL,ASO,ES,Combined TRACON& Tower with Radar,890,133,52,10,1085,7,0,9,0,16,897,133,61,10,1101,0,0,0,1101
02/04/2010,MIA,FL,ASO,ES,Combined TRACON& Tower with Radar,907,154,97,10,1168,3,1,9,3,16,910,155,106,13,1184,0,0,0,1184
02/05/2010,MIA,FL,ASO,ES,Combined TRACON& Tower with Radar,922,181,105,4,1212,2,2,9,0,13,924,183,114,4,1225,0,0,0,1225
02/06/2010,MIA,FL,ASO,ES,Combined TRACON& Tower with Radar,838,135,50,11,1034,2,2,8,0,12,840,137,58,11,1046,0,0,0,1046
02/07/2010,MIA,FL,ASO,ES,Combined TRACON& Tower with Radar,827,132,65,7,1031,4,2,17,0,23,831,134,82,7,1054,0,0,0,1054
02/08/2010,MIA,FL,ASO,ES,Combined TRACON& Tower with Radar,893,192,121,3,1209,3,2,21,0,26,896,194,142,3,1235,0,0,0,1235
02/09/2010,MIA,FL,ASO,ES,Combined TRACON& Tower with Radar,831,140,61,21,1053,5,1,12,0,18,836,141,73,21,1071,0,0,0,1071
02/10/2010,MIA,FL,ASO,ES,Combined TRACON& Tower with Radar,777,131,71,17,996,2,0,16,0,18,779,131,87,17,1014,0,0,0,1014
02/11/2010,MIA,FL,ASO,ES,Combined TRACON& Tower with Radar,841,170,78,12,1101,3,4,21,1,29,844,174,99,13,1130,0,0,0,1130
02/12/2010,MIA,FL,ASO,ES,Combined TRACON& Tower with Radar,853,146,96,14,1109,1,1,8,0,10,854,147,104,14,1119,0,0,0,1119
02/13/2010,MIA,FL,ASO,ES,Combined TRACON& Tower with Radar,866,136,67,8,1077,2,2,17,0,21,868,138,84,8,1098,0,0,0,1098
02/14/2010,MIA,FL,ASO,ES,Combined TRACON& Tower with Radar,849,116,40,7,1012,3,2,7,0,12,852,118,47,7,1024,0,0,0,1024
02/15/2010,MIA,FL,ASO,ES,Combined TRACON& Tower with Radar,804,158,58,8,1028,3,3,23,0,29,807,161,81,8,1057,0,0,0,1057
02/16/2010,MIA,FL,ASO,ES,Combined TRACON& Tower with Radar,837,153,62,10,1062,3,0,9,0,12,840,153,71,10,1074,0,0,0,1074
02/17/2010,MIA,FL,ASO,ES,Combined TRACON& Tower with Radar,857,128,102,13,1100,2,1,18,0,21,859,129,120,13,1121,0,0,0,1121
02/18/2010,MIA,FL,ASO,ES,Combined TRACON& Tower with Radar,868,133,57,6,1064,2,6,19,1,28,870,139,76,7,1092,0,0,0,1092
02/19/2010,MIA,FL,ASO,ES,Combined TRACON& Tower with Radar,886,126,56,13,1081,2,1,18,0,21,888,127,74,13,1102,0,0,0,1102
02/20/2010,MIA,FL,ASO,ES,Combined TRACON& Tower with Radar,857,116,42,6,1021,4,1,14,0,19,861,117,56,6,1040,0,0,0,1040
02/21/2010,MIA,FL,ASO,ES,Combined TRACON& Tower with Radar,859,117,64,3,1043,3,0,10,0,13,862,117,74,3,1056,0,0,0,1056
02/22/2010,MIA,FL,ASO,ES,Combined TRACON& Tower with Radar,812,128,38,4,982,2,0,4,0,6,814,128,42,4,988,0,0,0,988
02/23/2010,MIA,FL,ASO,ES,Combined TRACON& Tower with Radar,867,133,24,3,1027,3,3,6,0,12,870,136,30,3,1039,0,0,0,1039
02/24/2010,MIA,FL,ASO,ES,Combined TRACON& Tower with Radar,851,119,43,6,1019,0,1,7,0,8,851,120,50,6,1027,0,0,0,1027
02/25/2010,MIA,FL,ASO,ES,Combined TRACON& Tower with Radar,850,128,39,6,1023,6,2,26,0,34,856,130,65,6,1057,0,0,0,1057
02/26/2010,MIA,FL,ASO,ES,Combined TRACON& Tower with Radar,855,130,65,0,1050,1,2,13,0,16,856,132,78,0,1066,0,0,0,1066
02/27/2010,MIA,FL,ASO,ES,Combined TRACON& Tower with Radar,863,90,30,0,983,6,1,5,1,13,869,91,35,1,996,0,0,0,996
02/28/2010,MIA,FL,ASO,ES,Combined TRACON& Tower with Radar,854,119,58,1,1032,2,1,10,0,13,856,120,68,1,1045,0,0,0,1045
03/01/2010,MIA,FL,ASO,ES,Combined TRACON& Tower with Radar,822,122,56,5,1005,5,0,14,2,21,827,122,70,7,1026,0,0,0,1026
03/02/2010,MIA,FL,ASO,ES,Combined TRACON& Tower with Radar,829,133,45,9,1016,4,1,4,1,10,833,134,49,10,1026,0,0,0,1026
03/03/2010,MIA,FL,ASO,ES,Combined TRACON& Tower with Radar,862,124,48,4,1038,2,1,4,0,7,864,125,52,4,1045,0,0,0,1045
03/04/2010,MIA,FL,ASO,ES,Combined TRACON& Tower with Radar,865,139,47,2,1053,4,1,11,0,16,869,140,58,2,1069,0,0,0,1069
03/05/2010,MIA,FL,ASO,ES,Combined TRACON& Tower with Radar,873,142,47,0,1062,7,4,11,4,26,880,146,58,4,1088,0,0,0,1088
03/06/2010,MIA,FL,ASO,ES,Combined TRACON& Tower with Radar,862,98,51,5,1016,3,0,3,1,7,865,98,54,6,1023,0,0,0,1023
03/07/2010,MIA,FL,ASO,ES,Combined TRACON& Tower with Radar,846,107,41,5,999,2,1,1,1,5,848,108,42,6,1004,0,0,0,1004
03/08/2010,MIA,FL,ASO,ES,Combined TRACON& Tower with Radar,825,129,37,7,998,3,3,8,1,15,828,132,45,8,1013,0,0,0,1013
03/09/2010,MIA,FL,ASO,ES,Combined TRACON& Tower with Radar,850,134,22,2,1008,4,0,16,0,20,854,134,38,2,1028,0,0,0,1028
03/10/2010,MIA,FL,ASO,ES,Combined TRACON& Tower with Radar,848,133,28,3,1012,7,4,18,0,29,855,137,46,3,1041,0,0,0,1041
03/11/2010,MIA,FL,ASO,ES,Combined TRACON& Tower with Radar,861,132,42,4,1039,4,1,8,0,13,865,133,50,4,1052,0,0,0,1052
03/12/2010,MIA,FL,ASO,ES,Combined TRACON& Tower with Radar,871,114,47,1,1033,2,0,0,0,2,873,114,47,1,1035,0,0,0,1035
03/13/2010,MIA,FL,ASO,ES,Combined TRACON& Tower with Radar,854,121,45,0,1020,3,1,13,0,17,857,122,58,0,1037,0,0,0,1037
03/14/2010,MIA,FL,ASO,ES,Combined TRACON& Tower with Radar,846,140,58,1,1045,4,2,13,0,19,850,142,71,1,1064,0,0,0,1064
03/15/2010,MIA,FL,ASO,ES,Combined TRACON& Tower with Radar,826,135,44,12,1017,6,0,5,0,11,832,135,49,12,1028,0,0,0,1028
03/16/2010,MIA,FL,ASO,ES,Combined TRACON& Tower with Radar,848,119,33,5,1005,5,5,13,0,23,853,124,46,5,1028,0,0,0,1028
03/17/2010,MIA,FL,ASO,ES,Combined TRACON& Tower with Radar,858,133,40,1,1032,7,1,10,0,18,865,134,50,1,1050,0,0,0,1050
03/18/2010,MIA,FL,ASO,ES,Combined TRACON& Tower with Radar,888,128,38,0,1054,3,0,11,0,14,891,128,49,0,1068,0,0,0,1068
03/19/2010,MIA,FL,ASO,ES,Combined TRACON& Tower with Radar,886,131,49,1,1067,2,1,3,2,8,888,132,52,3,1075,0,0,0,1075
03/20/2010,MIA,FL,ASO,ES,Combined TRACON& Tower with Radar,867,114,38,4,1023,4,2,10,1,17,871,116,48,5,1040,0,0,0,1040
03/21/2010,MIA,FL,ASO,ES,Combined TRACON& Tower with Radar,858,129,41,1,1029,4,0,13,0,17,862,129,54,1,1046,0,0,0,1046
03/22/2010,MIA,FL,ASO,ES,Combined TRACON& Tower with Radar,834,117,31,1,983,1,1,2,0,4,835,118,33,1,987,0,0,0,987
03/23/2010,MIA,FL,ASO,ES,Combined TRACON& Tower with Radar,856,141,49,4,1050,5,11,10,0,26,861,152,59,4,1076,0,0,0,1076
03/24/2010,MIA,FL,ASO,ES,Combined TRACON& Tower with Radar,869,149,41,2,1061,3,0,17,0,20,872,149,58,2,1081,0,0,0,1081
03/25/2010,MIA,FL,ASO,ES,Combined TRACON& Tower with Radar,892,132,47,3,1074,3,0,20,0,23,895,132,67,3,1097,0,0,0,1097
03/26/2010,MIA,FL,ASO,ES,Combined TRACON& Tower with Radar,920,142,57,7,1126,5,5,22,0,32,925,147,79,7,1158,0,0,0,1158
03/27/2010,MIA,FL,ASO,ES,Combined TRACON& Tower with Radar,899,139,56,0,1094,7,2,13,0,22,906,141,69,0,1116,0,0,0,1116
03/28/2010,MIA,FL,ASO,ES,Combined TRACON& Tower with Radar,887,131,67,3,1088,4,1,6,1,12,891,132,73,4,1100,0,0,0,1100
03/29/2010,MIA,FL,ASO,ES,Combined TRACON& Tower with Radar,827,140,23,6,996,6,2,3,0,11,833,142,26,6,1007,0,0,0,1007
03/30/2010,MIA,FL,ASO,ES,Combined TRACON& Tower with Radar,878,126,44,3,1051,2,3,10,0,15,880,129,54,3,1066,0,0,0,1066
03/31/2010,MIA,FL,ASO,ES,Combined TRACON& Tower with Radar,879,122,39,13,1053,3,2,11,0,16,882,124,50,13,1069,0,0,0,1069
04/01/2010,MIA,FL,ASO,ES,Combined TRACON& Tower with Radar,890,144,64,8,1106,3,0,15,0,18,893,144,79,8,1124,0,0,0,1124
04/02/2010,MIA,FL,ASO,ES,Combined TRACON& Tower with Radar,850,92,56,6,1004,3,3,27,1,34,853,95,83,7,1038,0,0,0,1038
04/03/2010,MIA,FL,ASO,ES,Combined TRACON& Tower with Radar,856,116,29,0,1001,1,2,15,0,18,857,118,44,0,1019,0,0,0,1019
04/04/2010,MIA,FL,ASO,ES,Combined TRACON& Tower with Radar,884,141,54,2,1081,4,0,7,0,11,888,141,61,2,1092,0,0,0,1092
04/05/2010,MIA,FL,ASO,ES,Combined TRACON& Tower with Radar,829,121,70,3,1023,2,1,8,4,15,831,122,78,7,1038,0,0,0,1038
04/06/2010,MIA,FL,ASO,ES,Combined TRACON& Tower with Radar,871,152,51,2,1076,2,1,7,0,10,873,153,58,2,1086,0,0,0,1086
04/07/2010,MIA,FL,ASO,ES,Combined TRACON& Tower with Radar,862,143,44,4,1053,4,1,11,0,16,866,144,55,4,1069,0,0,0,1069
04/08/2010,MIA,FL,ASO,ES,Combined TRACON& Tower with Radar,869,137,45,3,1054,4,3,20,0,27,873,140,65,3,1081,0,0,0,1081
04/09/2010,MIA,FL,ASO,ES,Combined TRACON& Tower with Radar,895,159,40,7,1101,4,2,5,3,14,899,161,45,10,1115,0,0,0,1115
04/10/2010,MIA,FL,ASO,ES,Combined TRACON& Tower with Radar,860,131,42,4,1037,6,3,14,0,23,866,134,56,4,1060,0,0,0,1060
04/11/2010,MIA,FL,ASO,ES,Combined TRACON& Tower with Radar,846,127,39,1,1013,3,0,4,0,7,849,127,43,1,1020,0,0,0,1020
04/12/2010,MIA,FL,ASO,ES,Combined TRACON& Tower with Radar,816,141,21,9,987,5,0,7,0,12,821,141,28,9,999,0,0,0,999
04/13/2010,MIA,FL,ASO,ES,Combined TRACON& Tower with Radar,867,154,41,16,1078,2,2,17,0,21,869,156,58,16,1099,0,0,0,1099
04/14/2010,MIA,FL,ASO,ES,Combined TRACON& Tower with Radar,870,162,42,10,1084,1,3,13,3,20,871,165,55,13,1104,0,0,0,1104
04/15/2010,MIA,FL,ASO,ES,Combined TRACON& Tower with Radar,850,138,35,7,1030,2,2,16,1,21,852,140,51,8,1051,0,0,0,1051
04/16/2010,MIA,FL,ASO,ES,Combined TRACON& Tower with Radar,855,151,37,5,1048,6,1,12,1,20,861,152,49,6,1068,0,0,0,1068
04/17/2010,MIA,FL,ASO,ES,Combined TRACON& Tower with Radar,833,102,21,6,962,3,0,9,0,12,836,102,30,6,974,0,0,0,974
04/18/2010,MIA,FL,ASO,ES,Combined TRACON& Tower with Radar,818,117,38,4,977,3,0,0,0,3,821,117,38,4,980,0,0,0,980
04/19/2010,MIA,FL,ASO,ES,Combined TRACON& Tower with Radar,813,130,35,6,984,3,0,1,0,4,816,130,36,6,988,0,0,0,988
04/20/2010,MIA,FL,ASO,ES,Combined TRACON& Tower with Radar,849,136,27,2,1014,3,3,12,0,18,852,139,39,2,1032,0,0,0,1032
04/21/2010,MIA,FL,ASO,ES,Combined TRACON& Tower with Radar,884,146,43,6,1079,3,0,7,1,11,887,146,50,7,1090,0,0,0,1090
04/22/2010,MIA,FL,ASO,ES,Combined TRACON& Tower with Radar,895,139,35,5,1074,3,0,22,3,28,898,139,57,8,1102,0,0,0,1102
04/23/2010,MIA,FL,ASO,ES,Combined TRACON& Tower with Radar,893,145,42,5,1085,2,1,19,0,22,895,146,61,5,1107,0,0,0,1107
04/24/2010,MIA,FL,ASO,ES,Combined TRACON& Tower with Radar,893,102,28,5,1028,4,4,17,0,25,897,106,45,5,1053,0,0,0,1053
04/25/2010,MIA,FL,ASO,ES,Combined TRACON& Tower with Radar,869,112,46,1,1028,3,0,11,0,14,872,112,57,1,1042,0,0,0,1042
04/26/2010,MIA,FL,ASO,ES,Combined TRACON& Tower with Radar,775,105,38,4,922,1,2,5,0,8,776,107,43,4,930,0,0,0,930
04/27/2010,MIA,FL,ASO,ES,Combined TRACON& Tower with Radar,880,142,35,4,1061,4,4,19,0,27,884,146,54,4,1088,0,0,0,1088
04/28/2010,MIA,FL,ASO,ES,Combined TRACON& Tower with Radar,888,148,48,6,1090,2,0,18,0,20,890,148,66,6,1110,0,0,0,1110
04/29/2010,MIA,FL,ASO,ES,Combined TRACON& Tower with Radar,898,137,39,2,1076,6,2,5,0,13,904,139,44,2,1089,0,0,0,1089
04/30/2010,MIA,FL,ASO,ES,Combined TRACON& Tower with Radar,895,139,49,1,1084,5,1,10,0,16,900,140,59,1,1100,0,0,0,1100
05/01/2010,MIA,FL,ASO,ES,Combined TRACON& Tower with Radar,882,111,24,0,1017,2,0,9,0,11,884,111,33,0,1028,0,0,0,1028
05/02/2010,MIA,FL,ASO,ES,Combined TRACON& Tower with Radar,851,115,39,0,1005,5,1,8,0,14,856,116,47,0,1019,0,0,0,1019
05/03/2010,MIA,FL,ASO,ES,Combined TRACON& Tower with Radar,811,135,39,1,986,1,3,9,0,13,812,138,48,1,999,0,0,0,999
05/04/2010,MIA,FL,ASO,ES,Combined TRACON& Tower with Radar,867,136,42,5,1050,2,1,4,0,7,869,137,46,5,1057,0,0,0,1057
05/05/2010,MIA,FL,ASO,ES,Combined TRACON& Tower with Radar,853,147,38,1,1039,2,2,15,0,19,855,149,53,1,1058,0,0,0,1058
05/06/2010,MIA,FL,ASO,ES,Combined TRACON& Tower with Radar,860,154,46,3,1063,8,0,14,0,22,868,154,60,3,1085,0,0,0,1085
05/07/2010,MIA,FL,ASO,ES,Combined TRACON& Tower with Radar,873,132,45,4,1054,4,4,3,0,11,877,136,48,4,1065,0,0,0,1065
05/08/2010,MIA,FL,ASO,ES,Combined TRACON& Tower with Radar,840,101,31,2,974,2,0,15,0,17,842,101,46,2,991,0,0,0,991
05/09/2010,MIA,FL,ASO,ES,Combined TRACON& Tower with Radar,843,114,26,0,983,3,1,7,0,11,846,115,33,0,994,0,0,0,994
05/10/2010,MIA,FL,ASO,ES,Combined TRACON& Tower with Radar,801,131,31,5,968,3,0,20,1,24,804,131,51,6,992,0,0,0,992
05/11/2010,MIA,FL,ASO,ES,Combined TRACON& Tower with Radar,830,132,32,7,1001,3,1,10,0,14,833,133,42,7,1015,0,0,0,1015
05/12/2010,MIA,FL,ASO,ES,Combined TRACON& Tower with Radar,835,133,41,4,1013,0,0,3,0,3,835,133,44,4,1016,0,0,0,1016
05/13/2010,MIA,FL,ASO,ES,Combined TRACON& Tower with Radar,849,140,51,3,1043,5,4,14,2,25,854,144,65,5,1068,0,0,0,1068
05/14/2010,MIA,FL,ASO,ES,Combined TRACON& Tower with Radar,854,137,41,3,1035,7,1,14,0,22,861,138,55,3,1057,0,0,0,1057
05/15/2010,MIA,FL,ASO,ES,Combined TRACON& Tower with Radar,844,95,29,5,973,2,2,12,0,16,846,97,41,5,989,0,0,0,989
05/16/2010,MIA,FL,ASO,ES,Combined TRACON& Tower with Radar,832,119,27,3,981,2,3,8,0,13,834,122,35,3,994,0,0,0,994
05/17/2010,MIA,FL,ASO,ES,Combined TRACON& Tower with Radar,796,132,36,5,969,5,3,6,0,14,801,135,42,5,983,0,0,0,983
05/18/2010,MIA,FL,ASO,ES,Combined TRACON& Tower with Radar,842,139,29,2,1012,4,4,6,0,14,846,143,35,2,1026,0,0,0,1026
05/19/2010,MIA,FL,ASO,ES,Combined TRACON& Tower with Radar,843,145,34,9,1031,3,3,15,6,27,846,148,49,15,1058,0,0,0,1058
05/20/2010,MIA,FL,ASO,ES,Combined TRACON& Tower with Radar,853,144,41,2,1040,2,1,13,0,16,855,145,54,2,1056,0,0,0,1056
05/21/2010,MIA,FL,ASO,ES,Combined TRACON& Tower with Radar,853,146,48,1,1048,4,1,4,0,9,857,147,52,1,1057,0,0,0,1057
05/22/2010,MIA,FL,ASO,ES,Combined TRACON& Tower with Radar,853,97,18,1,969,2,0,5,0,7,855,97,23,1,976,0,0,0,976
05/23/2010,MIA,FL,ASO,ES,Combined TRACON& Tower with Radar,807,120,36,1,964,6,0,8,1,15,813,120,44,2,979,0,0,0,979
05/24/2010,MIA,FL,ASO,ES,Combined TRACON& Tower with Radar,804,117,30,2,953,1,0,10,0,11,805,117,40,2,964,0,0,0,964
05/25/2010,MIA,FL,ASO,ES,Combined TRACON& Tower with Radar,838,132,35,4,1009,3,3,15,0,21,841,135,50,4,1030,0,0,0,1030
05/26/2010,MIA,FL,ASO,ES,Combined TRACON& Tower with Radar,829,132,30,2,993,5,0,16,0,21,834,132,46,2,1014,0,0,0,1014
05/27/2010,MIA,FL,ASO,ES,Combined TRACON& Tower with Radar,847,150,37,5,1039,1,0,5,1,7,848,150,42,6,1046,0,0,0,1046
05/28/2010,MIA,FL,ASO,ES,Combined TRACON& Tower with Radar,850,144,41,5,1040,3,0,13,0,16,853,144,54,5,1056,0,0,0,1056
05/29/2010,MIA,FL,ASO,ES,Combined TRACON& Tower with Radar,813,104,27,3,947,3,1,11,0,15,816,105,38,3,962,0,0,0,962
05/30/2010,MIA,FL,ASO,ES,Combined TRACON& Tower with Radar,800,100,9,1,910,4,1,7,0,12,804,101,16,1,922,0,0,0,922
05/31/2010,MIA,FL,ASO,ES,Combined TRACON& Tower with Radar,781,117,18,3,919,2,3,12,0,17,783,120,30,3,936,0,0,0,936
06/01/2010,MIA,FL,ASO,ES,Combined TRACON& Tower with Radar,801,131,13,5,950,3,2,8,0,13,804,133,21,5,963,0,0,0,963
06/02/2010,MIA,FL,ASO,ES,Combined TRACON& Tower with Radar,818,130,20,8,976,6,2,4,0,12,824,132,24,8,988,0,0,0,988
06/03/2010,MIA,FL,ASO,ES,Combined TRACON& Tower with Radar,742,137,33,4,916,6,1,6,0,13,748,138,39,4,929,0,0,0,929
06/04/2010,MIA,FL,ASO,ES,Combined TRACON& Tower with Radar,844,138,27,2,1011,1,4,9,0,14,845,142,36,2,1025,0,0,0,1025
06/05/2010,MIA,FL,ASO,ES,Combined TRACON& Tower with Radar,829,105,37,0,971,2,1,5,0,8,831,106,42,0,979,0,0,0,979
06/06/2010,MIA,FL,ASO,ES,Combined TRACON& Tower with Radar,820,118,25,0,963,6,2,3,0,11,826,120,28,0,974,0,0,0,974
06/07/2010,MIA,FL,ASO,ES,Combined TRACON& Tower with Radar,807,129,35,1,972,3,4,3,0,10,810,133,38,1,982,0,0,0,982
06/08/2010,MIA,FL,ASO,ES,Combined TRACON& Tower with Radar,852,126,28,4,1010,4,0,5,5,14,856,126,33,9,1024,0,0,0,1024
06/09/2010,MIA,FL,ASO,ES,Combined TRACON& Tower with Radar,845,138,34,5,1022,1,2,6,0,9,846,140,40,5,1031,0,0,0,1031
06/10/2010,MIA,FL,ASO,ES,Combined TRACON& Tower with Radar,857,127,35,4,1023,4,1,24,0,29,861,128,59,4,1052,0,0,0,1052
06/11/2010,MIA,FL,ASO,ES,Combined TRACON& Tower with Radar,858,136,40,5,1039,7,4,17,0,28,865,140,57,5,1067,0,0,0,1067
06/12/2010,MIA,FL,ASO,ES,Combined TRACON& Tower with Radar,852,108,18,1,979,3,2,23,0,28,855,110,41,1,1007,0,0,0,1007
06/13/2010,MIA,FL,ASO,ES,Combined TRACON& Tower with Radar,828,107,20,4,959,3,0,11,0,14,831,107,31,4,973,0,0,0,973
06/14/2010,MIA,FL,ASO,ES,Combined TRACON& Tower with Radar,825,109,13,4,951,2,3,0,1,6,827,112,13,5,957,0,0,0,957
06/15/2010,MIA,FL,ASO,ES,Combined TRACON& Tower with Radar,855,126,23,2,1006,5,0,12,2,19,860,126,35,4,1025,0,0,0,1025
06/16/2010,MIA,FL,ASO,ES,Combined TRACON& Tower with Radar,855,140,32,3,1030,1,0,15,0,16,856,140,47,3,1046,0,0,0,1046
06/17/2010,MIA,FL,ASO,ES,Combined TRACON& Tower with Radar,866,119,39,2,1026,2,0,13,0,15,868,119,52,2,1041,0,0,0,1041
06/18/2010,MIA,FL,ASO,ES,Combined TRACON& Tower with Radar,889,136,38,6,1069,5,1,8,0,14,894,137,46,6,1083,0,0,0,1083
06/19/2010,MIA,FL,ASO,ES,Combined TRACON& Tower with Radar,868,109,17,2,996,4,0,13,0,17,872,109,30,2,1013,0,0,0,1013
06/20/2010,MIA,FL,ASO,ES,Combined TRACON& Tower with Radar,836,102,24,4,966,3,1,3,1,8,839,103,27,5,974,0,0,0,974
06/21/2010,MIA,FL,ASO,ES,Combined TRACON& Tower with Radar,850,112,21,0,983,6,1,3,0,10,856,113,24,0,993,0,0,0,993
06/22/2010,MIA,FL,ASO,ES,Combined TRACON& Tower with Radar,846,135,35,7,1023,5,1,1,0,7,851,136,36,7,1030,0,0,0,1030
06/23/2010,MIA,FL,ASO,ES,Combined TRACON& Tower with Radar,848,115,31,8,1002,3,0,3,0,6,851,115,34,8,1008,0,0,0,1008
06/24/2010,MIA,FL,ASO,ES,Combined TRACON& Tower with Radar,867,119,39,5,1030,1,6,23,0,30,868,125,62,5,1060,0,0,0,1060
06/25/2010,MIA,FL,ASO,ES,Combined TRACON& Tower with Radar,891,118,41,4,1054,2,1,16,1,20,893,119,57,5,1074,0,0,0,1074
06/26/2010,MIA,FL,ASO,ES,Combined TRACON& Tower with Radar,854,98,20,3,975,4,0,7,0,11,858,98,27,3,986,0,0,0,986
06/27/2010,MIA,FL,ASO,ES,Combined TRACON& Tower with Radar,817,101,20,1,939,2,0,6,0,8,819,101,26,1,947,0,0,0,947
06/28/2010,MIA,FL,ASO,ES,Combined TRACON& Tower with Radar,837,131,27,2,997,3,2,2,2,9,840,133,29,4,1006,0,0,0,1006
06/29/2010,MIA,FL,ASO,ES,Combined TRACON& Tower with Radar,868,132,29,1,1030,6,0,10,0,16,874,132,39,1,1046,0,0,0,1046
06/30/2010,MIA,FL,ASO,ES,Combined TRACON& Tower with Radar,850,128,39,6,1023,4,2,11,0,17,854,130,50,6,1040,0,0,0,1040
07/01/2010,MIA,FL,ASO,ES,Combined TRACON& Tower with Radar,867,131,36,3,1037,3,0,11,0,14,870,131,47,3,1051,0,0,0,1051
07/02/2010,MIA,FL,ASO,ES,Combined TRACON& Tower with Radar,880,124,33,1,1038,3,1,10,0,14,883,125,43,1,1052,0,0,0,1052
07/03/2010,MIA,FL,ASO,ES,Combined TRACON& Tower with Radar,855,97,17,0,969,4,2,5,0,11,859,99,22,0,980,0,0,0,980
07/04/2010,MIA,FL,ASO,ES,Combined TRACON& Tower with Radar,797,96,9,0,902,8,0,4,0,12,805,96,13,0,914,0,0,0,914
07/05/2010,MIA,FL,ASO,ES,Combined TRACON& Tower with Radar,825,131,23,0,979,6,0,0,0,6,831,131,23,0,985,0,0,0,985
07/06/2010,MIA,FL,ASO,ES,Combined TRACON& Tower with Radar,842,126,15,1,984,0,2,15,1,18,842,128,30,2,1002,0,0,0,1002
07/07/2010,MIA,FL,ASO,ES,Combined TRACON& Tower with Radar,851,121,20,1,993,2,0,10,1,13,853,121,30,2,1006,0,0,0,1006
07/08/2010,MIA,FL,ASO,ES,Combined TRACON& Tower with Radar,872,136,50,1,1059,2,2,8,1,13,874,138,58,2,1072,0,0,0,1072
07/09/2010,MIA,FL,ASO,ES,Combined TRACON& Tower with Radar,869,132,27,0,1028,2,3,26,0,31,871,135,53,0,1059,0,0,0,1059
07/10/2010,MIA,FL,ASO,ES,Combined TRACON& Tower with Radar,857,108,18,2,985,4,0,13,0,17,861,108,31,2,1002,0,0,0,1002
07/11/2010,MIA,FL,ASO,ES,Combined TRACON& Tower with Radar,851,108,22,1,982,5,0,8,0,13,856,108,30,1,995,0,0,0,995
07/12/2010,MIA,FL,ASO,ES,Combined TRACON& Tower with Radar,838,130,23,5,996,3,0,10,1,14,841,130,33,6,1010,0,0,0,1010
07/13/2010,MIA,FL,ASO,ES,Combined TRACON& Tower with Radar,838,140,16,2,996,2,4,15,0,21,840,144,31,2,1017,0,0,0,1017
07/14/2010,MIA,FL,ASO,ES,Combined TRACON& Tower with Radar,865,137,21,4,1027,5,1,7,0,13,870,138,28,4,1040,0,0,0,1040
07/15/2010,MIA,FL,ASO,ES,Combined TRACON& Tower with Radar,868,133,27,4,1032,3,2,13,0,18,871,135,40,4,1050,0,0,0,1050
07/16/2010,MIA,FL,ASO,ES,Combined TRACON& Tower with Radar,900,132,41,4,1077,1,0,5,0,6,901,132,46,4,1083,0,0,0,1083
07/17/2010,MIA,FL,ASO,ES,Combined TRACON& Tower with Radar,864,107,15,3,989,3,1,8,0,12,867,108,23,3,1001,0,0,0,1001
07/18/2010,MIA,FL,ASO,ES,Combined TRACON& Tower with Radar,823,112,18,2,955,5,0,4,0,9,828,112,22,2,964,0,0,0,964
07/19/2010,MIA,FL,ASO,ES,Combined TRACON& Tower with Radar,841,117,33,0,991,5,0,8,0,13,846,117,41,0,1004,0,0,0,1004
07/20/2010,MIA,FL,ASO,ES,Combined TRACON& Tower with Radar,866,121,35,3,1025,6,1,11,0,18,872,122,46,3,1043,0,0,0,1043
07/21/2010,MIA,FL,ASO,ES,Combined TRACON& Tower with Radar,858,117,35,4,1014,1,4,19,1,25,859,121,54,5,1039,0,0,0,1039
07/22/2010,MIA,FL,ASO,ES,Combined TRACON& Tower with Radar,874,134,34,3,1045,5,6,11,0,22,879,140,45,3,1067,0,0,0,1067
07/23/2010,MIA,FL,ASO,ES,Combined TRACON& Tower with Radar,869,117,23,2,1011,4,2,1,0,7,873,119,24,2,1018,0,0,0,1018
07/24/2010,MIA,FL,ASO,ES,Combined TRACON& Tower with Radar,877,98,30,3,1008,1,0,6,0,7,878,98,36,3,1015,0,0,0,1015
07/25/2010,MIA,FL,ASO,ES,Combined TRACON& Tower with Radar,830,112,20,1,963,6,0,8,0,14,836,112,28,1,977,0,0,0,977
07/26/2010,MIA,FL,ASO,ES,Combined TRACON& Tower with Radar,849,116,32,4,1001,3,2,9,2,16,852,118,41,6,1017,0,0,0,1017
07/27/2010,MIA,FL,ASO,ES,Combined TRACON& Tower with Radar,859,122,24,2,1007,6,1,14,0,21,865,123,38,2,1028,0,0,0,1028
07/28/2010,MIA,FL,ASO,ES,Combined TRACON& Tower with Radar,864,116,29,6,1015,0,2,14,0,16,864,118,43,6,1031,0,0,0,1031
07/29/2010,MIA,FL,ASO,ES,Combined TRACON& Tower with Radar,863,125,30,1,1019,5,3,9,0,17,868,128,39,1,1036,0,0,0,1036
07/30/2010,MIA,FL,ASO,ES,Combined TRACON& Tower with Radar,885,135,35,7,1062,6,2,13,0,21,891,137,48,7,1083,0,0,0,1083
07/31/2010,MIA,FL,ASO,ES,Combined TRACON& Tower with Radar,865,102,32,0,999,6,1,5,0,12,871,103,37,0,1011,0,0,0,1011
08/01/2010,MIA,FL,ASO,ES,Combined TRACON& Tower with Radar,831,97,31,3,962,3,2,9,0,14,834,99,40,3,976,0,0,0,976
08/02/2010,MIA,FL,ASO,ES,Combined TRACON& Tower with Radar,833,113,24,2,972,2,2,6,0,10,835,115,30,2,982,0,0,0,982
08/03/2010,MIA,FL,ASO,ES,Combined TRACON& Tower with Radar,862,126,37,1,1026,6,1,12,0,19,868,127,49,1,1045,0,0,0,1045
08/04/2010,MIA,FL,ASO,ES,Combined TRACON& Tower with Radar,856,116,31,8,1011,4,0,20,0,24,860,116,51,8,1035,0,0,0,1035
08/05/2010,MIA,FL,ASO,ES,Combined TRACON& Tower with Radar,849,125,25,5,1004,5,2,13,0,20,854,127,38,5,1024,0,0,0,1024
08/06/2010,MIA,FL,ASO,ES,Combined TRACON& Tower with Radar,866,141,19,4,1030,5,1,8,0,14,871,142,27,4,1044,0,0,0,1044
08/07/2010,MIA,FL,ASO,ES,Combined TRACON& Tower with Radar,859,101,17,2,979,5,2,7,0,14,864,103,24,2,993,0,0,0,993
08/08/2010,MIA,FL,ASO,ES,Combined TRACON& Tower with Radar,815,97,21,0,933,3,0,3,0,6,818,97,24,0,939,0,0,0,939
08/09/2010,MIA,FL,ASO,ES,Combined TRACON& Tower with Radar,843,127,38,1,1009,1,1,11,0,13,844,128,49,1,1022,0,0,0,1022
08/10/2010,MIA,FL,ASO,ES,Combined TRACON& Tower with Radar,863,121,30,5,1019,3,0,1,0,4,866,121,31,5,1023,0,0,0,1023
08/11/2010,MIA,FL,ASO,ES,Combined TRACON& Tower with Radar,854,130,24,2,1010,4,2,17,2,25,858,132,41,4,1035,0,0,0,1035
08/12/2010,MIA,FL,ASO,ES,Combined TRACON& Tower with Radar,858,133,27,2,1020,4,2,36,0,42,862,135,63,2,1062,0,0,0,1062
08/13/2010,MIA,FL,ASO,ES,Combined TRACON& Tower with Radar,864,122,42,2,1030,4,6,14,0,24,868,128,56,2,1054,0,0,0,1054
08/14/2010,MIA,FL,ASO,ES,Combined TRACON& Tower with Radar,864,93,20,2,979,4,1,3,0,8,868,94,23,2,987,0,0,0,987
08/15/2010,MIA,FL,ASO,ES,Combined TRACON& Tower with Radar,816,98,16,0,930,4,1,8,0,13,820,99,24,0,943,0,0,0,943
08/16/2010,MIA,FL,ASO,ES,Combined TRACON& Tower with Radar,832,118,31,2,983,5,2,8,0,15,837,120,39,2,998,0,0,0,998
08/17/2010,MIA,FL,ASO,ES,Combined TRACON& Tower with Radar,860,113,24,3,1000,3,0,9,0,12,863,113,33,3,1012,0,0,0,1012
08/18/2010,MIA,FL,ASO,ES,Combined TRACON& Tower with Radar,855,123,20,4,1002,4,3,25,0,32,859,126,45,4,1034,0,0,0,1034
08/19/2010,MIA,FL,ASO,ES,Combined TRACON& Tower with Radar,867,117,27,4,1015,5,4,15,0,24,872,121,42,4,1039,0,0,0,1039
08/20/2010,MIA,FL,ASO,ES,Combined TRACON& Tower with Radar,847,119,32,1,999,5,5,12,1,23,852,124,44,2,1022,0,0,0,1022
08/21/2010,MIA,FL,ASO,ES,Combined TRACON& Tower with Radar,847,94,14,3,958,5,0,12,0,17,852,94,26,3,975,0,0,0,975
08/22/2010,MIA,FL,ASO,ES,Combined TRACON& Tower with Radar,795,95,28,2,920,2,1,4,0,7,797,96,32,2,927,0,0,0,927
08/23/2010,MIA,FL,ASO,ES,Combined TRACON& Tower with Radar,822,108,23,0,953,4,1,7,0,12,826,109,30,0,965,0,0,0,965
08/24/2010,MIA,FL,ASO,ES,Combined TRACON& Tower with Radar,803,122,36,3,964,5,0,18,0,23,808,122,54,3,987,0,0,0,987
08/25/2010,MIA,FL,ASO,ES,Combined TRACON& Tower with Radar,809,112,19,0,940,3,0,11,0,14,812,112,30,0,954,0,0,0,954
08/26/2010,MIA,FL,ASO,ES,Combined TRACON& Tower with Radar,804,122,19,0,945,2,1,24,0,27,806,123,43,0,972,0,0,0,972
08/27/2010,MIA,FL,ASO,ES,Combined TRACON& Tower with Radar,795,130,32,0,957,3,1,17,0,21,798,131,49,0,978,0,0,0,978
08/28/2010,MIA,FL,ASO,ES,Combined TRACON& Tower with Radar,791,90,12,2,895,2,0,5,0,7,793,90,17,2,902,0,0,0,902
08/29/2010,MIA,FL,ASO,ES,Combined TRACON& Tower with Radar,771,90,17,0,878,0,0,4,0,4,771,90,21,0,882,0,0,0,882
08/30/2010,MIA,FL,ASO,ES,Combined TRACON& Tower with Radar,741,110,24,4,879,2,0,10,0,12,743,110,34,4,891,0,0,0,891
08/31/2010,MIA,FL,ASO,ES,Combined TRACON& Tower with Radar,784,110,31,5,930,3,3,14,0,20,787,113,45,5,950,0,0,0,950
09/01/2010,MIA,FL,ASO,ES,Combined TRACON& Tower with Radar,783,124,24,2,933,5,0,16,3,24,788,124,40,5,957,0,0,0,957
09/02/2010,MIA,FL,ASO,ES,Combined TRACON& Tower with Radar,798,122,24,4,948,2,5,20,0,27,800,127,44,4,975,0,0,0,975
09/03/2010,MIA,FL,ASO,ES,Combined TRACON& Tower with Radar,811,133,28,0,972,2,0,13,0,15,813,133,41,0,987,0,0,0,987
09/04/2010,MIA,FL,ASO,ES,Combined TRACON& Tower with Radar,770,99,10,3,882,4,1,3,0,8,774,100,13,3,890,0,0,0,890
09/05/2010,MIA,FL,ASO,ES,Combined TRACON& Tower with Radar,742,87,10,1,840,2,1,4,0,7,744,88,14,1,847,0,0,0,847
09/06/2010,MIA,FL,ASO,ES,Combined TRACON& Tower with Radar,741,119,37,1,898,5,0,4,0,9,746,119,41,1,907,0,0,0,907
09/07/2010,MIA,FL,ASO,ES,Combined TRACON& Tower with Radar,760,115,30,0,905,9,1,9,2,21,769,116,39,2,926,0,0,0,926
09/08/2010,MIA,FL,ASO,ES,Combined TRACON& Tower with Radar,784,126,26,6,942,1,0,5,0,6,785,126,31,6,948,0,0,0,948
09/09/2010,MIA,FL,ASO,ES,Combined TRACON& Tower with Radar,792,125,23,5,945,5,1,21,0,27,797,126,44,5,972,0,0,0,972
09/10/2010,MIA,FL,ASO,ES,Combined TRACON& Tower with Radar,817,134,32,1,984,5,0,11,0,16,822,134,43,1,1000,0,0,0,1000
09/11/2010,MIA,FL,ASO,ES,Combined TRACON& Tower with Radar,769,98,21,1,889,6,0,2,0,8,775,98,23,1,897,0,0,0,897
09/12/2010,MIA,FL,ASO,ES,Combined TRACON& Tower with Radar,763,99,15,3,880,1,1,7,1,10,764,100,22,4,890,0,0,0,890
09/13/2010,MIA,FL,ASO,ES,Combined TRACON& Tower with Radar,758,114,27,6,905,1,1,10,0,12,759,115,37,6,917,0,0,0,917
09/14/2010,MIA,FL,ASO,ES,Combined TRACON& Tower with Radar,790,118,37,6,951,5,5,19,1,30,795,123,56,7,981,0,0,0,981
09/15/2010,MIA,FL,ASO,ES,Combined TRACON& Tower with Radar,781,138,34,5,958,3,3,14,0,20,784,141,48,5,978,0,0,0,978
09/16/2010,MIA,FL,ASO,ES,Combined TRACON& Tower with Radar,781,123,23,12,939,3,2,12,0,17,784,125,35,12,956,0,0,0,956
09/17/2010,MIA,FL,ASO,ES,Combined TRACON& Tower with Radar,808,122,33,2,965,4,0,8,0,12,812,122,41,2,977,0,0,0,977
09/18/2010,MIA,FL,ASO,ES,Combined TRACON& Tower with Radar,769,99,21,4,893,4,1,2,0,7,773,100,23,4,900,0,0,0,900
09/19/2010,MIA,FL,ASO,ES,Combined TRACON& Tower with Radar,754,114,15,3,886,2,2,4,0,8,756,116,19,3,894,0,0,0,894
09/20/2010,MIA,FL,ASO,ES,Combined TRACON& Tower with Radar,756,124,30,3,913,2,1,6,0,9,758,125,36,3,922,0,0,0,922
09/21/2010,MIA,FL,ASO,ES,Combined TRACON& Tower with Radar,775,112,30,4,921,3,1,13,0,17,778,113,43,4,938,0,0,0,938
09/22/2010,MIA,FL,ASO,ES,Combined TRACON& Tower with Radar,774,115,28,6,923,2,2,17,0,21,776,117,45,6,944,0,0,0,944
09/23/2010,MIA,FL,ASO,ES,Combined TRACON& Tower with Radar,799,125,32,2,958,1,2,6,0,9,800,127,38,2,967,0,0,0,967
09/24/2010,MIA,FL,ASO,ES,Combined TRACON& Tower with Radar,812,123,30,5,970,3,0,11,0,14,815,123,41,5,984,0,0,0,984
09/25/2010,MIA,FL,ASO,ES,Combined TRACON& Tower with Radar,765,108,17,0,890,2,0,6,0,8,767,108,23,0,898,0,0,0,898
09/26/2010,MIA,FL,ASO,ES,Combined TRACON& Tower with Radar,760,101,23,0,884,7,1,5,0,13,767,102,28,0,897,0,0,0,897
09/27/2010,MIA,FL,ASO,ES,Combined TRACON& Tower with Radar,752,117,21,3,893,1,5,14,0,20,753,122,35,3,913,0,0,0,913
09/28/2010,MIA,FL,ASO,ES,Combined TRACON& Tower with Radar,781,124,34,2,941,1,1,15,0,17,782,125,49,2,958,0,0,0,958
09/29/2010,MIA,FL,ASO,ES,Combined TRACON& Tower with Radar,751,105,20,1,877,0,0,0,0,0,751,105,20,1,877,0,0,0,877
09/30/2010,MIA,FL,ASO,ES,Combined TRACON& Tower with Radar,771,127,32,6,936,5,1,8,2,16,776,128,40,8,952,0,0,0,952
10/01/2010,MIA,FL,ASO,ES,Combined TRACON& Tower with Radar,815,123,47,0,985,1,4,25,0,30,816,127,72,0,1015,0,0,0,1015
10/02/2010,MIA,FL,ASO,ES,Combined TRACON& Tower with Radar,796,105,20,3,924,2,0,7,0,9,798,105,27,3,933,0,0,0,933
10/03/2010,MIA,FL,ASO,ES,Combined TRACON& Tower with Radar,756,104,25,0,885,2,1,4,0,7,758,105,29,0,892,0,0,0,892
10/04/2010,MIA,FL,ASO,ES,Combined TRACON& Tower with Radar,764,121,25,0,910,1,0,21,0,22,765,121,46,0,932,0,0,0,932
10/05/2010,MIA,FL,ASO,ES,Combined TRACON& Tower with Radar,792,115,28,2,937,2,2,10,0,14,794,117,38,2,951,0,0,0,951
10/06/2010,MIA,FL,ASO,ES,Combined TRACON& Tower with Radar,776,134,27,3,940,5,4,11,1,21,781,138,38,4,961,0,0,0,961
10/07/2010,MIA,FL,ASO,ES,Combined TRACON& Tower with Radar,796,136,41,3,976,1,2,11,0,14,797,138,52,3,990,0,0,0,990
10/08/2010,MIA,FL,ASO,ES,Combined TRACON& Tower with Radar,811,149,45,2,1007,3,2,14,0,19,814,151,59,2,1026,0,0,0,1026
10/09/2010,MIA,FL,ASO,ES,Combined TRACON& Tower with Radar,777,110,15,2,904,7,0,6,0,13,784,110,21,2,917,0,0,0,917
10/10/2010,MIA,FL,ASO,ES,Combined TRACON& Tower with Radar,775,122,31,1,929,2,3,10,0,15,777,125,41,1,944,0,0,0,944
10/11/2010,MIA,FL,ASO,ES,Combined TRACON& Tower with Radar,750,125,36,2,913,7,2,21,0,30,757,127,57,2,943,0,0,0,943
10/12/2010,MIA,FL,ASO,ES,Combined TRACON& Tower with Radar,786,129,26,6,947,2,2,6,0,10,788,131,32,6,957,0,0,0,957
10/13/2010,MIA,FL,ASO,ES,Combined TRACON& Tower with Radar,778,128,30,7,943,5,6,8,0,19,783,134,38,7,962,0,0,0,962
10/14/2010,MIA,FL,ASO,ES,Combined TRACON& Tower with Radar,803,134,22,7,966,1,3,3,4,11,804,137,25,11,977,0,0,0,977
10/15/2010,MIA,FL,ASO,ES,Combined TRACON& Tower with Radar,815,139,19,0,973,3,2,4,0,9,818,141,23,0,982,0,0,0,982
10/16/2010,MIA,FL,ASO,ES,Combined TRACON& Tower with Radar,774,102,15,0,891,3,1,4,0,8,777,103,19,0,899,0,0,0,899
10/17/2010,MIA,FL,ASO,ES,Combined TRACON& Tower with Radar,777,117,31,2,927,2,3,6,0,11,779,120,37,2,938,0,0,0,938
10/18/2010,MIA,FL,ASO,ES,Combined TRACON& Tower with Radar,751,118,25,1,895,10,0,10,0,20,761,118,35,1,915,0,0,0,915
10/19/2010,MIA,FL,ASO,ES,Combined TRACON& Tower with Radar,785,130,35,5,955,1,1,19,0,21,786,131,54,5,976,0,0,0,976
10/20/2010,MIA,FL,ASO,ES,Combined TRACON& Tower with Radar,782,135,27,5,949,1,2,8,0,11,783,137,35,5,960,0,0,0,960
10/21/2010,MIA,FL,ASO,ES,Combined TRACON& Tower with Radar,811,138,32,5,986,4,3,8,1,16,815,141,40,6,1002,0,0,0,1002
10/22/2010,MIA,FL,ASO,ES,Combined TRACON& Tower with Radar,820,134,29,5,988,2,0,15,0,17,822,134,44,5,1005,0,0,0,1005
10/23/2010,MIA,FL,ASO,ES,Combined TRACON& Tower with Radar,784,99,27,3,913,5,0,6,0,11,789,99,33,3,924,0,0,0,924
10/24/2010,MIA,FL,ASO,ES,Combined TRACON& Tower with Radar,772,107,32,2,913,8,0,4,1,13,780,107,36,3,926,0,0,0,926
10/25/2010,MIA,FL,ASO,ES,Combined TRACON& Tower with Radar,773,132,39,4,948,1,2,17,0,20,774,134,56,4,968,0,0,0,968
10/26/2010,MIA,FL,ASO,ES,Combined TRACON& Tower with Radar,808,128,31,5,972,2,3,24,1,30,810,131,55,6,1002,0,0,0,1002
10/27/2010,MIA,FL,ASO,ES,Combined TRACON& Tower with Radar,775,146,47,6,974,9,0,26,0,35,784,146,73,6,1009,0,0,0,1009
10/28/2010,MIA,FL,ASO,ES,Combined TRACON& Tower with Radar,824,147,47,4,1022,1,0,19,0,20,825,147,66,4,1042,0,0,0,1042
10/29/2010,MIA,FL,ASO,ES,Combined TRACON& Tower with Radar,813,160,33,6,1012,1,1,17,0,19,814,161,50,6,1031,0,0,0,1031
10/30/2010,MIA,FL,ASO,ES,Combined TRACON& Tower with Radar,792,119,21,3,935,2,0,14,0,16,794,119,35,3,951,0,0,0,951
10/31/2010,MIA,FL,ASO,ES,Combined TRACON& Tower with Radar,789,125,35,4,953,6,1,12,1,20,795,126,47,5,973,0,0,0,973
11/01/2010,MIA,FL,ASO,ES,Combined TRACON& Tower with Radar,772,132,37,2,943,6,3,14,0,23,778,135,51,2,966,0,0,0,966
11/02/2010,MIA,FL,ASO,ES,Combined TRACON& Tower with Radar,808,135,40,5,988,0,0,15,1,16,808,135,55,6,1004,0,0,0,1004
11/03/2010,MIA,FL,ASO,ES,Combined TRACON& Tower with Radar,807,144,31,6,988,2,0,9,0,11,809,144,40,6,999,0,0,0,999
11/04/2010,MIA,FL,ASO,ES,Combined TRACON& Tower with Radar,826,149,46,7,1028,3,1,11,0,15,829,150,57,7,1043,0,0,0,1043
11/05/2010,MIA,FL,ASO,ES,Combined TRACON& Tower with Radar,824,149,40,4,1017,2,0,22,2,26,826,149,62,6,1043,0,0,0,1043
11/06/2010,MIA,FL,ASO,ES,Combined TRACON& Tower with Radar,811,106,23,5,945,4,0,8,0,12,815,106,31,5,957,0,0,0,957
11/07/2010,MIA,FL,ASO,ES,Combined TRACON& Tower with Radar,806,113,37,1,957,9,0,1,0,10,815,113,38,1,967,0,0,0,967
11/08/2010,MIA,FL,ASO,ES,Combined TRACON& Tower with Radar,780,147,48,2,977,2,4,18,0,24,782,151,66,2,1001,0,0,0,1001
11/09/2010,MIA,FL,ASO,ES,Combined TRACON& Tower with Radar,816,130,46,3,995,4,4,17,0,25,820,134,63,3,1020,0,0,0,1020
11/10/2010,MIA,FL,ASO,ES,Combined TRACON& Tower with Radar,797,152,52,4,1005,5,0,18,0,23,802,152,70,4,1028,0,0,0,1028
11/11/2010,MIA,FL,ASO,ES,Combined TRACON& Tower with Radar,833,169,44,2,1048,0,0,17,0,17,833,169,61,2,1065,0,0,0,1065
11/12/2010,MIA,FL,ASO,ES,Combined TRACON& Tower with Radar,841,155,60,0,1056,2,4,16,0,22,843,159,76,0,1078,0,0,0,1078
11/13/2010,MIA,FL,ASO,ES,Combined TRACON& Tower with Radar,807,107,28,0,942,4,2,6,0,12,811,109,34,0,954,0,0,0,954
11/14/2010,MIA,FL,ASO,ES,Combined TRACON& Tower with Radar,796,139,40,0,975,6,2,5,0,13,802,141,45,0,988,0,0,0,988
11/15/2010,MIA,FL,ASO,ES,Combined TRACON& Tower with Radar,783,136,40,3,962,3,3,13,0,19,786,139,53,3,981,0,0,0,981
11/16/2010,MIA,FL,ASO,ES,Combined TRACON& Tower with Radar,821,136,33,3,993,2,1,7,0,10,823,137,40,3,1003,0,0,0,1003
11/17/2010,MIA,FL,ASO,ES,Combined TRACON& Tower with Radar,811,155,45,2,1013,6,2,14,0,22,817,157,59,2,1035,0,0,0,1035
11/18/2010,MIA,FL,ASO,ES,Combined TRACON& Tower with Radar,883,177,53,8,1121,6,6,26,1,39,889,183,79,9,1160,0,0,0,1160
11/19/2010,MIA,FL,ASO,ES,Combined TRACON& Tower with Radar,892,203,49,4,1148,5,2,31,2,40,897,205,80,6,1188,0,0,0,1188
11/20/2010,MIA,FL,ASO,ES,Combined TRACON& Tower with Radar,863,164,34,3,1064,3,1,58,2,64,866,165,92,5,1128,0,0,0,1128
11/21/2010,MIA,FL,ASO,ES,Combined TRACON& Tower with Radar,866,162,42,1,1071,5,0,72,0,77,871,162,114,1,1148,0,0,0,1148
11/22/2010,MIA,FL,ASO,ES,Combined TRACON& Tower with Radar,835,178,47,4,1064,8,0,19,0,27,843,178,66,4,1091,0,0,0,1091
11/23/2010,MIA,FL,ASO,ES,Combined TRACON& Tower with Radar,886,182,40,4,1112,3,0,32,0,35,889,182,72,4,1147,0,0,0,1147
11/24/2010,MIA,FL,ASO,ES,Combined TRACON& Tower with Radar,892,191,33,4,1120,2,2,17,0,21,894,193,50,4,1141,0,0,0,1141
11/25/2010,MIA,FL,ASO,ES,Combined TRACON& Tower with Radar,813,155,23,1,992,3,0,7,0,10,816,155,30,1,1002,0,0,0,1002
11/26/2010,MIA,FL,ASO,ES,Combined TRACON& Tower with Radar,851,167,22,2,1042,4,3,25,0,32,855,170,47,2,1074,0,0,0,1074
11/27/2010,MIA,FL,ASO,ES,Combined TRACON& Tower with Radar,882,155,30,0,1067,2,0,4,0,6,884,155,34,0,1073,0,0,0,1073
11/28/2010,MIA,FL,ASO,ES,Combined TRACON& Tower with Radar,859,178,61,3,1101,1,0,12,0,13,860,178,73,3,1114,0,0,0,1114
11/29/2010,MIA,FL,ASO,ES,Combined TRACON& Tower with Radar,836,175,40,0,1051,9,2,19,0,30,845,177,59,0,1081,0,0,0,1081
11/30/2010,MIA,FL,ASO,ES,Combined TRACON& Tower with Radar,882,186,48,0,1116,2,1,21,0,24,884,187,69,0,1140,0,0,0,1140
12/01/2010,MIA,FL,ASO,ES,Combined TRACON& Tower with Radar,888,216,75,2,1181,3,2,15,1,21,891,218,90,3,1202,0,0,0,1202
12/02/2010,MIA,FL,ASO,ES,Combined TRACON& Tower with Radar,918,213,83,0,1214,8,5,20,0,33,926,218,103,0,1247,0,0,0,1247
12/03/2010,MIA,FL,ASO,ES,Combined TRACON& Tower with Radar,927,211,50,1,1189,4,1,24,0,29,931,212,74,1,1218,0,0,0,1218
12/04/2010,MIA,FL,ASO,ES,Combined TRACON& Tower with Radar,891,167,30,0,1088,6,2,17,0,25,897,169,47,0,1113,0,0,0,1113
12/05/2010,MIA,FL,ASO,ES,Combined TRACON& Tower with Radar,890,177,57,4,1128,5,3,21,1,30,895,180,78,5,1158,0,0,0,1158
12/06/2010,MIA,FL,ASO,ES,Combined TRACON& Tower with Radar,857,189,31,1,1078,1,2,11,0,14,858,191,42,1,1092,0,0,0,1092
12/07/2010,MIA,FL,ASO,ES,Combined TRACON& Tower with Radar,882,166,29,0,1077,7,0,16,0,23,889,166,45,0,1100,0,0,0,1100
12/08/2010,MIA,FL,ASO,ES,Combined TRACON& Tower with Radar,884,168,25,4,1081,3,1,14,1,19,887,169,39,5,1100,0,0,0,1100
12/09/2010,MIA,FL,ASO,ES,Combined TRACON& Tower with Radar,903,193,43,3,1142,5,0,13,0,18,908,193,56,3,1160,0,0,0,1160
12/10/2010,MIA,FL,ASO,ES,Combined TRACON& Tower with Radar,916,176,38,4,1134,3,2,9,0,14,919,178,47,4,1148,0,0,0,1148
12/11/2010,MIA,FL,ASO,ES,Combined TRACON& Tower with Radar,885,165,31,1,1082,3,0,15,0,18,888,165,46,1,1100,0,0,0,1100
12/12/2010,MIA,FL,ASO,ES,Combined TRACON& Tower with Radar,844,149,29,0,1022,4,0,6,0,10,848,149,35,0,1032,0,0,0,1032
12/13/2010,MIA,FL,ASO,ES,Combined TRACON& Tower with Radar,872,184,31,1,1088,1,1,26,1,29,873,185,57,2,1117,0,0,0,1117
12/14/2010,MIA,FL,ASO,ES,Combined TRACON& Tower with Radar,881,179,35,1,1096,4,0,17,0,21,885,179,52,1,1117,0,0,0,1117
12/15/2010,MIA,FL,ASO,ES,Combined TRACON& Tower with Radar,901,184,40,2,1127,5,4,17,1,27,906,188,57,3,1154,0,0,0,1154
12/16/2010,MIA,FL,ASO,ES,Combined TRACON& Tower with Radar,945,182,46,3,1176,2,1,19,1,23,947,183,65,4,1199,0,0,0,1199
12/17/2010,MIA,FL,ASO,ES,Combined TRACON& Tower with Radar,974,195,60,3,1232,4,4,13,0,21,978,199,73,3,1253,0,0,0,1253
12/18/2010,MIA,FL,ASO,ES,Combined TRACON& Tower with Radar,933,190,44,1,1168,3,0,5,0,8,936,190,49,1,1176,0,0,0,1176
12/19/2010,MIA,FL,ASO,ES,Combined TRACON& Tower with Radar,948,180,47,1,1176,3,3,8,0,14,951,183,55,1,1190,0,0,0,1190
12/20/2010,MIA,FL,ASO,ES,Combined TRACON& Tower with Radar,908,172,51,0,1131,4,3,18,0,25,912,175,69,0,1156,0,0,0,1156
12/21/2010,MIA,FL,ASO,ES,Combined TRACON& Tower with Radar,920,181,42,0,1143,6,1,11,0,18,926,182,53,0,1161,0,0,0,1161
12/22/2010,MIA,FL,ASO,ES,Combined TRACON& Tower with Radar,945,209,48,0,1202,3,2,8,0,13,948,211,56,0,1215,0,0,0,1215
12/23/2010,MIA,FL,ASO,ES,Combined TRACON& Tower with Radar,944,191,41,0,1176,5,3,30,0,38,949,194,71,0,1214,0,0,0,1214
12/24/2010,MIA,FL,ASO,ES,Combined TRACON& Tower with Radar,879,184,26,0,1089,5,4,4,0,13,884,188,30,0,1102,0,0,0,1102
12/25/2010,MIA,FL,ASO,ES,Combined TRACON& Tower with Radar,806,163,21,0,990,3,2,3,0,8,809,165,24,0,998,0,0,0,998
12/26/2010,MIA,FL,ASO,ES,Combined TRACON& Tower with Radar,780,173,70,0,1023,3,2,10,0,15,783,175,80,0,1038,0,0,0,1038
12/27/2010,MIA,FL,ASO,ES,Combined TRACON& Tower with Radar,791,196,74,2,1063,1,0,21,0,22,792,196,95,2,1085,0,0,0,1085
12/28/2010,MIA,FL,ASO,ES,Combined TRACON& Tower with Radar,899,215,62,0,1176,1,5,30,0,36,900,220,92,0,1212,0,0,0,1212
12/29/2010,MIA,FL,ASO,ES,Combined TRACON& Tower with Radar,916,186,53,0,1155,6,0,20,2,28,922,186,73,2,1183,0,0,0,1183
12/30/2010,MIA,FL,ASO,ES,Combined TRACON& Tower with Radar,917,190,55,0,1162,4,1,16,0,21,921,191,71,0,1183,0,0,0,1183
12/31/2010,MIA,FL,ASO,ES,Combined TRACON& Tower with Radar,849,153,31,0,1033,5,0,5,0,10,854,153,36,0,1043,0,0,0,1043
01/01/2011,MIA,FL,ASO,ES,Combined TRACON& Tower with Radar,839,156,52,0,1047,7,2,4,0,13,846,158,56,0,1060,0,0,0,1060
01/02/2011,MIA,FL,ASO,ES,Combined TRACON& Tower with Radar,905,215,95,0,1215,6,5,12,0,23,911,220,107,0,1238,0,0,0,1238
01/03/2011,MIA,FL,ASO,ES,Combined TRACON& Tower with Radar,889,185,86,1,1161,7,1,23,0,31,896,186,109,1,1192,0,0,0,1192
01/04/2011,MIA,FL,ASO,ES,Combined TRACON& Tower with Radar,929,194,66,2,1191,3,1,11,0,15,932,195,77,2,1206,0,0,0,1206
01/05/2011,MIA,FL,ASO,ES,Combined TRACON& Tower with Radar,900,180,50,2,1132,5,2,12,0,19,905,182,62,2,1151,0,0,0,1151
01/06/2011,MIA,FL,ASO,ES,Combined TRACON& Tower with Radar,895,182,33,0,1110,2,2,14,1,19,897,184,47,1,1129,0,0,0,1129
01/07/2011,MIA,FL,ASO,ES,Combined TRACON& Tower with Radar,902,168,37,1,1108,4,0,20,0,24,906,168,57,1,1132,0,0,0,1132
01/08/2011,MIA,FL,ASO,ES,Combined TRACON& Tower with Radar,888,159,40,1,1088,1,5,5,0,11,889,164,45,1,1099,0,0,0,1099
01/09/2011,MIA,FL,ASO,ES,Combined TRACON& Tower with Radar,864,170,57,0,1091,1,1,4,0,6,865,171,61,0,1097,0,0,0,1097
01/10/2011,MIA,FL,ASO,ES,Combined TRACON& Tower with Radar,813,162,43,3,1021,3,2,22,0,27,816,164,65,3,1048,0,0,0,1048
01/11/2011,MIA,FL,ASO,ES,Combined TRACON& Tower with Radar,769,160,58,2,989,3,0,12,0,15,772,160,70,2,1004,0,0,0,1004
01/12/2011,MIA,FL,ASO,ES,Combined TRACON& Tower with Radar,853,163,49,8,1073,5,2,16,1,24,858,165,65,9,1097,0,0,0,1097
01/13/2011,MIA,FL,ASO,ES,Combined TRACON& Tower with Radar,899,173,50,2,1124,4,0,12,0,16,903,173,62,2,1140,0,0,0,1140
01/14/2011,MIA,FL,ASO,ES,Combined TRACON& Tower with Radar,897,199,61,0,1157,6,2,23,0,31,903,201,84,0,1188,0,0,0,1188
01/15/2011,MIA,FL,ASO,ES,Combined TRACON& Tower with Radar,870,136,37,0,1043,3,0,6,0,9,873,136,43,0,1052,0,0,0,1052
01/16/2011,MIA,FL,ASO,ES,Combined TRACON& Tower with Radar,868,147,32,4,1051,3,3,4,0,10,871,150,36,4,1061,0,0,0,1061
01/17/2011,MIA,FL,ASO,ES,Combined TRACON& Tower with Radar,846,192,52,7,1097,3,4,3,0,10,849,196,55,7,1107,0,0,0,1107
01/18/2011,MIA,FL,ASO,ES,Combined TRACON& Tower with Radar,864,175,46,3,1088,3,1,5,1,10,867,176,51,4,1098,0,0,0,1098
01/19/2011,MIA,FL,ASO,ES,Combined TRACON& Tower with Radar,879,185,48,5,1117,1,1,7,0,9,880,186,55,5,1126,0,0,0,1126
01/20/2011,MIA,FL,ASO,ES,Combined TRACON& Tower with Radar,883,208,59,6,1156,3,0,18,0,21,886,208,77,6,1177,0,0,0,1177
01/21/2011,MIA,FL,ASO,ES,Combined TRACON& Tower with Radar,906,190,57,4,1157,3,2,7,0,12,909,192,64,4,1169,0,0,0,1169
01/22/2011,MIA,FL,ASO,ES,Combined TRACON& Tower with Radar,875,143,30,2,1050,6,0,5,0,11,881,143,35,2,1061,0,0,0,1061
01/23/2011,MIA,FL,ASO,ES,Combined TRACON& Tower with Radar,859,156,52,0,1067,8,0,11,0,19,867,156,63,0,1086,0,0,0,1086
01/24/2011,MIA,FL,ASO,ES,Combined TRACON& Tower with Radar,842,178,43,5,1068,4,3,16,0,23,846,181,59,5,1091,0,0,0,1091
01/25/2011,MIA,FL,ASO,ES,Combined TRACON& Tower with Radar,869,157,54,4,1084,7,1,15,0,23,876,158,69,4,1107,0,0,0,1107
01/26/2011,MIA,FL,ASO,ES,Combined TRACON& Tower with Radar,863,179,45,3,1090,3,2,13,0,18,866,181,58,3,1108,0,0,0,1108
01/27/2011,MIA,FL,ASO,ES,Combined TRACON& Tower with Radar,877,195,50,4,1126,7,4,21,0,32,884,199,71,4,1158,0,0,0,1158
01/28/2011,MIA,FL,ASO,ES,Combined TRACON& Tower with Radar,930,187,60,1,1178,3,1,22,0,26,933,188,82,1,1204,0,0,0,1204
01/29/2011,MIA,FL,ASO,ES,Combined TRACON& Tower with Radar,911,135,42,4,1092,5,6,8,0,19,916,141,50,4,1111,0,0,0,1111
01/30/2011,MIA,FL,ASO,ES,Combined TRACON& Tower with Radar,906,155,58,0,1119,6,0,9,0,15,912,155,67,0,1134,0,0,0,1134
01/31/2011,MIA,FL,ASO,ES,Combined TRACON& Tower with Radar,885,174,47,4,1110,4,1,14,0,19,889,175,61,4,1129,0,0,0,1129
02/01/2011,MIA,FL,ASO,ES,Combined TRACON& Tower with Radar,837,153,53,0,1043,1,3,1,0,5,838,156,54,0,1048,0,0,0,1048
02/02/2011,MIA,FL,ASO,ES,Combined TRACON& Tower with Radar,841,172,38,6,1057,4,1,11,0,16,845,173,49,6,1073,0,0,0,1073
02/03/2011,MIA,FL,ASO,ES,Combined TRACON& Tower with Radar,909,163,60,5,1137,2,5,14,2,23,911,168,74,7,1160,0,0,0,1160
02/04/2011,MIA,FL,ASO,ES,Combined TRACON& Tower with Radar,928,201,50,3,1182,5,4,7,0,16,933,205,57,3,1198,0,0,0,1198
02/05/2011,MIA,FL,ASO,ES,Combined TRACON& Tower with Radar,912,147,27,0,1086,4,1,7,0,12,916,148,34,0,1098,0,0,0,1098
02/06/2011,MIA,FL,ASO,ES,Combined TRACON& Tower with Radar,888,137,38,2,1065,5,0,1,0,6,893,137,39,2,1071,0,0,0,1071
02/07/2011,MIA,FL,ASO,ES,Combined TRACON& Tower with Radar,880,168,74,0,1122,3,0,6,0,9,883,168,80,0,1131,0,0,0,1131
02/08/2011,MIA,FL,ASO,ES,Combined TRACON& Tower with Radar,872,179,85,0,1136,2,4,5,0,11,874,183,90,0,1147,0,0,0,1147
02/09/2011,MIA,FL,ASO,ES,Combined TRACON& Tower with Radar,879,196,77,0,1152,3,1,17,0,21,882,197,94,0,1173,0,0,0,1173
02/10/2011,MIA,FL,ASO,ES,Combined TRACON& Tower with Radar,898,212,65,3,1178,3,2,19,0,24,901,214,84,3,1202,0,0,0,1202
02/11/2011,MIA,FL,ASO,ES,Combined TRACON& Tower with Radar,896,185,64,5,1150,3,1,10,0,14,899,186,74,5,1164,0,0,0,1164
02/12/2011,MIA,FL,ASO,ES,Combined TRACON& Tower with Radar,852,166,39,1,1058,3,0,6,0,9,855,166,45,1,1067,0,0,0,1067
02/13/2011,MIA,FL,ASO,ES,Combined TRACON& Tower with Radar,852,157,53,2,1064,4,2,11,0,17,856,159,64,2,1081,0,0,0,1081
02/14/2011,MIA,FL,ASO,ES,Combined TRACON& Tower with Radar,846,176,45,5,1072,5,3,11,0,19,851,179,56,5,1091,0,0,0,1091
02/15/2011,MIA,FL,ASO,ES,Combined TRACON& Tower with Radar,861,166,64,1,1092,1,2,20,0,23,862,168,84,1,1115,0,0,0,1115
02/16/2011,MIA,FL,ASO,ES,Combined TRACON& Tower with Radar,866,195,75,2,1138,1,4,10,2,17,867,199,85,4,1155,0,0,0,1155
02/17/2011,MIA,FL,ASO,ES,Combined TRACON& Tower with Radar,890,220,100,6,1216,4,1,16,0,21,894,221,116,6,1237,0,0,0,1237
02/18/2011,MIA,FL,ASO,ES,Combined TRACON& Tower with Radar,911,209,104,4,1228,2,2,19,0,23,913,211,123,4,1251,0,0,0,1251
02/19/2011,MIA,FL,ASO,ES,Combined TRACON& Tower with Radar,865,167,51,0,1083,3,0,14,0,17,868,167,65,0,1100,0,0,0,1100
02/20/2011,MIA,FL,ASO,ES,Combined TRACON& Tower with Radar,846,155,49,0,1050,4,0,8,0,12,850,155,57,0,1062,0,0,0,1062
02/21/2011,MIA,FL,ASO,ES,Combined TRACON& Tower with Radar,854,204,64,2,1124,7,1,4,0,12,861,205,68,2,1136,0,0,0,1136
02/22/2011,MIA,FL,ASO,ES,Combined TRACON& Tower with Radar,884,205,61,4,1154,2,2,19,0,23,886,207,80,4,1177,0,0,0,1177
02/23/2011,MIA,FL,ASO,ES,Combined TRACON& Tower with Radar,881,180,42,0,1103,6,0,15,0,21,887,180,57,0,1124,0,0,0,1124
02/24/2011,MIA,FL,ASO,ES,Combined TRACON& Tower with Radar,890,195,49,2,1136,7,0,27,3,37,897,195,76,5,1173,0,0,0,1173
02/25/2011,MIA,FL,ASO,ES,Combined TRACON& Tower with Radar,912,186,56,2,1156,4,3,23,0,30,916,189,79,2,1186,0,0,0,1186
02/26/2011,MIA,FL,ASO,ES,Combined TRACON& Tower with Radar,881,164,42,0,1087,3,3,24,0,30,884,167,66,0,1117,0,0,0,1117
02/27/2011,MIA,FL,ASO,ES,Combined TRACON& Tower with Radar,857,174,56,0,1087,3,2,13,0,18,860,176,69,0,1105,0,0,0,1105
02/28/2011,MIA,FL,ASO,ES,Combined TRACON& Tower with Radar,865,195,65,2,1127,3,0,8,0,11,868,195,73,2,1138,0,0,0,1138
03/01/2011,MIA,FL,ASO,ES,Combined TRACON& Tower with Radar,871,192,52,3,1118,4,0,5,0,9,875,192,57,3,1127,0,0,0,1127
03/02/2011,MIA,FL,ASO,ES,Combined TRACON& Tower with Radar,861,184,68,2,1115,3,0,3,0,6,864,184,71,2,1121,0,0,0,1121
03/03/2011,MIA,FL,ASO,ES,Combined TRACON& Tower with Radar,888,183,51,5,1127,6,2,14,0,22,894,185,65,5,1149,0,0,0,1149
03/04/2011,MIA,FL,ASO,ES,Combined TRACON& Tower with Radar,916,173,59,3,1151,5,2,5,0,12,921,175,64,3,1163,0,0,0,1163
03/05/2011,MIA,FL,ASO,ES,Combined TRACON& Tower with Radar,870,146,48,0,1064,10,2,17,0,29,880,148,65,0,1093,0,0,0,1093
03/06/2011,MIA,FL,ASO,ES,Combined TRACON& Tower with Radar,871,148,76,0,1095,2,1,9,0,12,873,149,85,0,1107,0,0,0,1107
03/07/2011,MIA,FL,ASO,ES,Combined TRACON& Tower with Radar,862,170,65,6,1103,2,2,14,0,18,864,172,79,6,1121,0,0,0,1121
03/08/2011,MIA,FL,ASO,ES,Combined TRACON& Tower with Radar,872,176,60,1,1109,4,0,17,0,21,876,176,77,1,1130,0,0,0,1130
03/09/2011,MIA,FL,ASO,ES,Combined TRACON& Tower with Radar,884,174,30,5,1093,3,0,18,0,21,887,174,48,5,1114,0,0,0,1114
03/10/2011,MIA,FL,ASO,ES,Combined TRACON& Tower with Radar,890,199,61,5,1155,6,1,6,1,14,896,200,67,6,1169,0,0,0,1169
03/11/2011,MIA,FL,ASO,ES,Combined TRACON& Tower with Radar,910,185,83,5,1183,1,3,16,1,21,911,188,99,6,1204,0,0,0,1204
03/12/2011,MIA,FL,ASO,ES,Combined TRACON& Tower with Radar,900,168,42,2,1112,4,4,10,0,18,904,172,52,2,1130,0,0,0,1130
03/13/2011,MIA,FL,ASO,ES,Combined TRACON& Tower with Radar,848,164,55,1,1068,4,1,19,0,24,852,165,74,1,1092,0,0,0,1092
03/14/2011,MIA,FL,ASO,ES,Combined TRACON& Tower with Radar,855,174,62,3,1094,5,4,13,0,22,860,178,75,3,1116,0,0,0,1116
03/15/2011,MIA,FL,ASO,ES,Combined TRACON& Tower with Radar,866,166,53,1,1086,6,0,16,0,22,872,166,69,1,1108,0,0,0,1108
03/16/2011,MIA,FL,ASO,ES,Combined TRACON& Tower with Radar,883,181,51,9,1124,3,4,18,0,25,886,185,69,9,1149,0,0,0,1149
03/17/2011,MIA,FL,ASO,ES,Combined TRACON& Tower with Radar,903,189,43,3,1138,2,2,12,0,16,905,191,55,3,1154,0,0,0,1154
03/18/2011,MIA,FL,ASO,ES,Combined TRACON& Tower with Radar,913,195,56,4,1168,3,1,17,1,22,916,196,73,5,1190,0,0,0,1190
03/19/2011,MIA,FL,ASO,ES,Combined TRACON& Tower with Radar,887,157,51,4,1099,5,0,13,0,18,892,157,64,4,1117,0,0,0,1117
03/20/2011,MIA,FL,ASO,ES,Combined TRACON& Tower with Radar,889,150,70,1,1110,3,2,9,0,14,892,152,79,1,1124,0,0,0,1124
03/21/2011,MIA,FL,ASO,ES,Combined TRACON& Tower with Radar,877,170,38,3,1088,3,3,26,2,34,880,173,64,5,1122,0,0,0,1122
03/22/2011,MIA,FL,ASO,ES,Combined TRACON& Tower with Radar,881,181,50,1,1113,1,3,9,0,13,882,184,59,1,1126,0,0,0,1126
03/23/2011,MIA,FL,ASO,ES,Combined TRACON& Tower with Radar,875,187,39,2,1103,6,0,12,0,18,881,187,51,2,1121,0,0,0,1121
03/24/2011,MIA,FL,ASO,ES,Combined TRACON& Tower with Radar,714,182,51,1,948,5,2,20,0,27,719,184,71,1,975,0,0,0,975
03/25/2011,MIA,FL,ASO,ES,Combined TRACON& Tower with Radar,796,186,73,5,1060,2,0,23,0,25,798,186,96,5,1085,0,0,0,1085
03/26/2011,MIA,FL,ASO,ES,Combined TRACON& Tower with Radar,755,155,47,4,961,5,3,12,0,20,760,158,59,4,981,0,0,0,981
03/27/2011,MIA,FL,ASO,ES,Combined TRACON& Tower with Radar,812,179,101,4,1096,5,0,11,0,16,817,179,112,4,1112,0,0,0,1112
03/28/2011,MIA,FL,ASO,ES,Combined TRACON& Tower with Radar,796,207,39,8,1050,4,1,5,0,10,800,208,44,8,1060,0,0,0,1060
03/29/2011,MIA,FL,ASO,ES,Combined TRACON& Tower with Radar,874,188,28,12,1102,3,0,4,0,7,877,188,32,12,1109,0,0,0,1109
03/30/2011,MIA,FL,ASO,ES,Combined TRACON& Tower with Radar,884,198,28,4,1114,3,4,10,0,17,887,202,38,4,1131,0,0,0,1131
03/31/2011,MIA,FL,ASO,ES,Combined TRACON& Tower with Radar,884,193,52,4,1133,3,3,7,0,13,887,196,59,4,1146,0,0,0,1146
04/01/2011,MIA,FL,ASO,ES,Combined TRACON& Tower with Radar,918,200,58,3,1179,4,2,16,0,22,922,202,74,3,1201,0,0,0,1201
04/02/2011,MIA,FL,ASO,ES,Combined TRACON& Tower with Radar,900,171,37,1,1109,2,0,8,0,10,902,171,45,1,1119,0,0,0,1119
04/03/2011,MIA,FL,ASO,ES,Combined TRACON& Tower with Radar,879,149,45,2,1075,3,0,13,0,16,882,149,58,2,1091,0,0,0,1091
04/04/2011,MIA,FL,ASO,ES,Combined TRACON& Tower with Radar,854,193,49,0,1096,7,2,11,0,20,861,195,60,0,1116,0,0,0,1116
04/05/2011,MIA,FL,ASO,ES,Combined TRACON& Tower with Radar,837,144,44,2,1027,3,0,10,0,13,840,144,54,2,1040,0,0,0,1040
04/06/2011,MIA,FL,ASO,ES,Combined TRACON& Tower with Radar,882,191,46,0,1119,2,1,8,1,12,884,192,54,1,1131,0,0,0,1131
04/07/2011,MIA,FL,ASO,ES,Combined TRACON& Tower with Radar,905,172,34,3,1114,2,0,16,1,19,907,172,50,4,1133,0,0,0,1133
04/08/2011,MIA,FL,ASO,ES,Combined TRACON& Tower with Radar,906,189,40,1,1136,2,1,20,2,25,908,190,60,3,1161,0,0,0,1161
04/09/2011,MIA,FL,ASO,ES,Combined TRACON& Tower with Radar,872,134,30,2,1038,4,1,10,0,15,876,135,40,2,1053,0,0,0,1053
04/10/2011,MIA,FL,ASO,ES,Combined TRACON& Tower with Radar,866,135,49,1,1051,4,0,5,0,9,870,135,54,1,1060,0,0,0,1060
04/11/2011,MIA,FL,ASO,ES,Combined TRACON& Tower with Radar,845,179,54,1,1079,6,2,4,0,12,851,181,58,1,1091,0,0,0,1091
04/12/2011,MIA,FL,ASO,ES,Combined TRACON& Tower with Radar,876,179,41,4,1100,0,5,13,0,18,876,184,54,4,1118,0,0,0,1118
04/13/2011,MIA,FL,ASO,ES,Combined TRACON& Tower with Radar,878,182,21,2,1083,6,8,21,0,35,884,190,42,2,1118,0,0,0,1118
04/14/2011,MIA,FL,ASO,ES,Combined TRACON& Tower with Radar,906,179,45,0,1130,4,1,17,0,22,910,180,62,0,1152,0,0,0,1152
04/15/2011,MIA,FL,ASO,ES,Combined TRACON& Tower with Radar,913,202,51,2,1168,3,1,8,0,12,916,203,59,2,1180,0,0,0,1180
04/16/2011,MIA,FL,ASO,ES,Combined TRACON& Tower with Radar,886,174,52,0,1112,3,5,14,0,22,889,179,66,0,1134,0,0,0,1134
04/17/2011,MIA,FL,ASO,ES,Combined TRACON& Tower with Radar,878,158,44,1,1081,3,4,15,0,22,881,162,59,1,1103,0,0,0,1103
04/18/2011,MIA,FL,ASO,ES,Combined TRACON& Tower with Radar,845,165,41,1,1052,6,3,9,2,20,851,168,50,3,1072,0,0,0,1072
04/19/2011,MIA,FL,ASO,ES,Combined TRACON& Tower with Radar,864,175,40,11,1090,3,2,7,2,14,867,177,47,13,1104,0,0,0,1104
04/20/2011,MIA,FL,ASO,ES,Combined TRACON& Tower with Radar,881,176,29,2,1088,1,0,11,0,12,882,176,40,2,1100,0,0,0,1100
04/21/2011,MIA,FL,ASO,ES,Combined TRACON& Tower with Radar,891,196,42,4,1133,3,5,12,0,20,894,201,54,4,1153,0,0,0,1153
04/22/2011,MIA,FL,ASO,ES,Combined TRACON& Tower with Radar,896,157,32,0,1085,2,3,23,0,28,898,160,55,0,1113,0,0,0,1113
04/23/2011,MIA,FL,ASO,ES,Combined TRACON& Tower with Radar,865,143,20,0,1028,4,4,17,0,25,869,147,37,0,1053,0,0,0,1053
04/24/2011,MIA,FL,ASO,ES,Combined TRACON& Tower with Radar,854,158,58,0,1070,6,1,11,0,18,860,159,69,0,1088,0,0,0,1088
04/25/2011,MIA,FL,ASO,ES,Combined TRACON& Tower with Radar,874,168,70,1,1113,3,3,21,0,27,877,171,91,1,1140,0,0,0,1140
04/26/2011,MIA,FL,ASO,ES,Combined TRACON& Tower with Radar,889,186,40,1,1116,5,2,9,0,16,894,188,49,1,1132,0,0,0,1132
04/27/2011,MIA,FL,ASO,ES,Combined TRACON& Tower with Radar,897,187,51,0,1135,4,9,26,0,39,901,196,77,0,1174,0,0,0,1174
04/28/2011,MIA,FL,ASO,ES,Combined TRACON& Tower with Radar,891,173,44,11,1119,1,2,26,0,29,892,175,70,11,1148,0,0,0,1148
04/29/2011,MIA,FL,ASO,ES,Combined TRACON& Tower with Radar,857,153,31,2,1043,3,0,13,0,16,860,153,44,2,1059,0,0,0,1059
04/30/2011,MIA,FL,ASO,ES,Combined TRACON& Tower with Radar,907,140,33,1,1081,3,3,15,0,21,910,143,48,1,1102,0,0,0,1102
05/01/2011,MIA,FL,ASO,ES,Combined TRACON& Tower with Radar,880,151,38,2,1071,3,4,11,0,18,883,155,49,2,1089,0,0,0,1089
05/02/2011,MIA,FL,ASO,ES,Combined TRACON& Tower with Radar,858,170,34,5,1067,1,3,13,1,18,859,173,47,6,1085,0,0,0,1085
05/03/2011,MIA,FL,ASO,ES,Combined TRACON& Tower with Radar,860,165,55,3,1083,3,2,15,0,20,863,167,70,3,1103,0,0,0,1103
05/04/2011,MIA,FL,ASO,ES,Combined TRACON& Tower with Radar,861,184,34,0,1079,2,3,13,0,18,863,187,47,0,1097,0,0,0,1097
05/05/2011,MIA,FL,ASO,ES,Combined TRACON& Tower with Radar,882,181,46,6,1115,4,7,9,0,20,886,188,55,6,1135,0,0,0,1135
05/06/2011,MIA,FL,ASO,ES,Combined TRACON& Tower with Radar,885,177,34,4,1100,2,3,7,0,12,887,180,41,4,1112,0,0,0,1112
05/07/2011,MIA,FL,ASO,ES,Combined TRACON& Tower with Radar,845,129,17,0,991,4,3,8,0,15,849,132,25,0,1006,0,0,0,1006
05/08/2011,MIA,FL,ASO,ES,Combined TRACON& Tower with Radar,834,118,19,2,973,4,1,3,0,8,838,119,22,2,981,0,0,0,981
05/09/2011,MIA,FL,ASO,ES,Combined TRACON& Tower with Radar,811,151,35,2,999,5,6,5,0,16,816,157,40,2,1015,0,0,0,1015
05/10/2011,MIA,FL,ASO,ES,Combined TRACON& Tower with Radar,853,169,28,4,1054,2,6,6,2,16,855,175,34,6,1070,0,0,0,1070
05/11/2011,MIA,FL,ASO,ES,Combined TRACON& Tower with Radar,844,166,35,0,1045,2,5,18,0,25,846,171,53,0,1070,0,0,0,1070
05/12/2011,MIA,FL,ASO,ES,Combined TRACON& Tower with Radar,857,167,41,3,1068,3,2,10,0,15,860,169,51,3,1083,0,0,0,1083
05/13/2011,MIA,FL,ASO,ES,Combined TRACON& Tower with Radar,878,175,45,0,1098,4,12,13,0,29,882,187,58,0,1127,0,0,0,1127
05/14/2011,MIA,FL,ASO,ES,Combined TRACON& Tower with Radar,851,134,20,2,1007,1,0,10,0,11,852,134,30,2,1018,0,0,0,1018
05/15/2011,MIA,FL,ASO,ES,Combined TRACON& Tower with Radar,819,133,32,1,985,5,0,5,1,11,824,133,37,2,996,0,0,0,996
05/16/2011,MIA,FL,ASO,ES,Combined TRACON& Tower with Radar,812,164,30,3,1009,4,6,23,0,33,816,170,53,3,1042,0,0,0,1042
05/17/2011,MIA,FL,ASO,ES,Combined TRACON& Tower with Radar,849,159,39,5,1052,2,4,12,0,18,851,163,51,5,1070,0,0,0,1070
05/18/2011,MIA,FL,ASO,ES,Combined TRACON& Tower with Radar,848,178,31,3,1060,4,3,8,0,15,852,181,39,3,1075,0,0,0,1075
05/19/2011,MIA,FL,ASO,ES,Combined TRACON& Tower with Radar,855,171,38,1,1065,6,2,3,0,11,861,173,41,1,1076,0,0,0,1076
05/20/2011,MIA,FL,ASO,ES,Combined TRACON& Tower with Radar,875,167,40,3,1085,5,3,13,3,24,880,170,53,6,1109,0,0,0,1109
05/21/2011,MIA,FL,ASO,ES,Combined TRACON& Tower with Radar,839,123,28,2,992,3,1,7,1,12,842,124,35,3,1004,0,0,0,1004
05/22/2011,MIA,FL,ASO,ES,Combined TRACON& Tower with Radar,814,149,29,4,996,1,1,10,0,12,815,150,39,4,1008,0,0,0,1008
05/23/2011,MIA,FL,ASO,ES,Combined TRACON& Tower with Radar,798,159,43,0,1000,1,4,9,0,14,799,163,52,0,1014,0,0,0,1014
05/24/2011,MIA,FL,ASO,ES,Combined TRACON& Tower with Radar,838,166,35,0,1039,4,5,8,0,17,842,171,43,0,1056,0,0,0,1056
05/25/2011,MIA,FL,ASO,ES,Combined TRACON& Tower with Radar,825,166,49,2,1042,2,19,22,0,43,827,185,71,2,1085,0,0,0,1085
05/26/2011,MIA,FL,ASO,ES,Combined TRACON& Tower with Radar,852,172,39,4,1067,3,4,18,0,25,855,176,57,4,1092,0,0,0,1092
05/27/2011,MIA,FL,ASO,ES,Combined TRACON& Tower with Radar,875,164,38,3,1080,3,4,13,0,20,878,168,51,3,1100,0,0,0,1100
05/28/2011,MIA,FL,ASO,ES,Combined TRACON& Tower with Radar,827,134,23,2,986,5,2,12,0,19,832,136,35,2,1005,0,0,0,1005
05/29/2011,MIA,FL,ASO,ES,Combined TRACON& Tower with Radar,814,109,17,1,941,2,2,4,0,8,816,111,21,1,949,0,0,0,949
05/30/2011,MIA,FL,ASO,ES,Combined TRACON& Tower with Radar,830,160,23,1,1014,4,2,22,2,30,834,162,45,3,1044,0,0,0,1044
05/31/2011,MIA,FL,ASO,ES,Combined TRACON& Tower with Radar,841,153,25,2,1021,3,2,13,2,20,844,155,38,4,1041,0,0,0,1041
06/01/2011,MIA,FL,ASO,ES,Combined TRACON& Tower with Radar,836,170,38,4,1048,4,4,9,0,17,840,174,47,4,1065,0,0,0,1065
06/02/2011,MIA,FL,ASO,ES,Combined TRACON& Tower with Radar,859,170,22,1,1052,4,12,8,1,25,863,182,30,2,1077,0,0,0,1077
06/03/2011,MIA,FL,ASO,ES,Combined TRACON& Tower with Radar,885,157,38,2,1082,4,7,17,0,28,889,164,55,2,1110,0,0,0,1110
06/04/2011,MIA,FL,ASO,ES,Combined TRACON& Tower with Radar,815,125,26,2,968,7,0,12,0,19,822,125,38,2,987,0,0,0,987
06/05/2011,MIA,FL,ASO,ES,Combined TRACON& Tower with Radar,842,128,29,0,999,0,0,6,0,6,842,128,35,0,1005,0,0,0,1005
06/06/2011,MIA,FL,ASO,ES,Combined TRACON& Tower with Radar,829,172,38,5,1044,2,5,8,0,15,831,177,46,5,1059,0,0,0,1059
06/07/2011,MIA,FL,ASO,ES,Combined TRACON& Tower with Radar,851,173,31,4,1059,0,2,9,1,12,851,175,40,5,1071,0,0,0,1071
06/08/2011,MIA,FL,ASO,ES,Combined TRACON& Tower with Radar,839,173,28,2,1042,5,9,12,0,26,844,182,40,2,1068,0,0,0,1068
06/09/2011,MIA,FL,ASO,ES,Combined TRACON& Tower with Radar,869,173,26,4,1072,2,5,6,0,13,871,178,32,4,1085,0,0,0,1085
06/10/2011,MIA,FL,ASO,ES,Combined TRACON& Tower with Radar,906,151,27,7,1091,4,4,23,1,32,910,155,50,8,1123,0,0,0,1123
06/11/2011,MIA,FL,ASO,ES,Combined TRACON& Tower with Radar,869,128,19,1,1017,3,0,0,0,3,872,128,19,1,1020,0,0,0,1020
06/12/2011,MIA,FL,ASO,ES,Combined TRACON& Tower with Radar,859,141,49,7,1056,2,3,3,0,8,861,144,52,7,1064,0,0,0,1064
06/13/2011,MIA,FL,ASO,ES,Combined TRACON& Tower with Radar,851,151,33,2,1037,2,3,13,0,18,853,154,46,2,1055,0,0,0,1055
06/14/2011,MIA,FL,ASO,ES,Combined TRACON& Tower with Radar,862,175,31,4,1072,0,3,9,1,13,862,178,40,5,1085,0,0,0,1085
06/15/2011,MIA,FL,ASO,ES,Combined TRACON& Tower with Radar,861,165,25,0,1051,1,4,10,0,15,862,169,35,0,1066,0,0,0,1066
06/16/2011,MIA,FL,ASO,ES,Combined TRACON& Tower with Radar,879,177,25,3,1084,2,5,9,0,16,881,182,34,3,1100,0,0,0,1100
06/17/2011,MIA,FL,ASO,ES,Combined TRACON& Tower with Radar,911,175,34,2,1122,2,4,14,2,22,913,179,48,4,1144,0,0,0,1144
06/18/2011,MIA,FL,ASO,ES,Combined TRACON& Tower with Radar,872,143,20,2,1037,2,2,5,0,9,874,145,25,2,1046,0,0,0,1046
06/19/2011,MIA,FL,ASO,ES,Combined TRACON& Tower with Radar,836,139,22,1,998,7,0,9,1,17,843,139,31,2,1015,0,0,0,1015
06/20/2011,MIA,FL,ASO,ES,Combined TRACON& Tower with Radar,874,164,35,4,1077,2,2,41,0,45,876,166,76,4,1122,0,0,0,1122
06/21/2011,MIA,FL,ASO,ES,Combined TRACON& Tower with Radar,881,154,20,0,1055,3,5,9,2,19,884,159,29,2,1074,0,0,0,1074
06/22/2011,MIA,FL,ASO,ES,Combined TRACON& Tower with Radar,864,175,28,1,1068,4,12,17,0,33,868,187,45,1,1101,0,0,0,1101
06/23/2011,MIA,FL,ASO,ES,Combined TRACON& Tower with Radar,891,153,26,3,1073,6,5,10,0,21,897,158,36,3,1094,0,0,0,1094
06/24/2011,MIA,FL,ASO,ES,Combined TRACON& Tower with Radar,885,154,41,5,1085,8,2,27,0,37,893,156,68,5,1122,0,0,0,1122
06/25/2011,MIA,FL,ASO,ES,Combined TRACON& Tower with Radar,880,138,22,1,1041,6,0,5,0,11,886,138,27,1,1052,0,0,0,1052
06/26/2011,MIA,FL,ASO,ES,Combined TRACON& Tower with Radar,847,115,25,0,987,7,0,13,0,20,854,115,38,0,1007,0,0,0,1007
06/27/2011,MIA,FL,ASO,ES,Combined TRACON& Tower with Radar,858,150,28,2,1038,3,6,37,0,46,861,156,65,2,1084,0,0,0,1084
06/28/2011,MIA,FL,ASO,ES,Combined TRACON& Tower with Radar,859,148,17,4,1028,7,7,19,0,33,866,155,36,4,1061,0,0,0,1061
06/29/2011,MIA,FL,ASO,ES,Combined TRACON& Tower with Radar,899,167,36,3,1105,5,9,18,0,32,904,176,54,3,1137,0,0,0,1137
06/30/2011,MIA,FL,ASO,ES,Combined TRACON& Tower with Radar,794,159,37,4,994,8,5,15,0,28,802,164,52,4,1022,0,0,0,1022
07/01/2011,MIA,FL,ASO,ES,Combined TRACON& Tower with Radar,907,174,42,0,1123,6,2,16,0,24,913,176,58,0,1147,0,0,0,1147
07/02/2011,MIA,FL,ASO,ES,Combined TRACON& Tower with Radar,894,125,24,0,1043,4,0,11,0,15,898,125,35,0,1058,0,0,0,1058
07/03/2011,MIA,FL,ASO,ES,Combined TRACON& Tower with Radar,849,113,20,0,982,6,0,17,0,23,855,113,37,0,1005,0,0,0,1005
07/04/2011,MIA,FL,ASO,ES,Combined TRACON& Tower with Radar,855,136,13,0,1004,7,5,14,0,26,862,141,27,0,1030,0,0,0,1030
07/05/2011,MIA,FL,ASO,ES,Combined TRACON& Tower with Radar,854,151,33,1,1039,2,8,11,0,21,856,159,44,1,1060,0,0,0,1060
07/06/2011,MIA,FL,ASO,ES,Combined TRACON& Tower with Radar,902,161,36,3,1102,1,4,16,0,21,903,165,52,3,1123,0,0,0,1123
07/07/2011,MIA,FL,ASO,ES,Combined TRACON& Tower with Radar,902,162,18,0,1082,9,7,22,0,38,911,169,40,0,1120,0,0,0,1120
07/08/2011,MIA,FL,ASO,ES,Combined TRACON& Tower with Radar,897,162,26,3,1088,1,9,19,4,33,898,171,45,7,1121,0,0,0,1121
07/09/2011,MIA,FL,ASO,ES,Combined TRACON& Tower with Radar,907,123,11,1,1042,2,0,12,0,14,909,123,23,1,1056,0,0,0,1056
07/10/2011,MIA,FL,ASO,ES,Combined TRACON& Tower with Radar,870,117,37,2,1026,5,2,10,0,17,875,119,47,2,1043,0,0,0,1043
07/11/2011,MIA,FL,ASO,ES,Combined TRACON& Tower with Radar,876,141,28,4,1049,4,8,24,1,37,880,149,52,5,1086,0,0,0,1086
07/12/2011,MIA,FL,ASO,ES,Combined TRACON& Tower with Radar,897,145,14,3,1059,7,6,23,0,36,904,151,37,3,1095,0,0,0,1095
07/13/2011,MIA,FL,ASO,ES,Combined TRACON& Tower with Radar,898,145,25,4,1072,4,2,15,0,21,902,147,40,4,1093,0,0,0,1093
07/14/2011,MIA,FL,ASO,ES,Combined TRACON& Tower with Radar,906,159,25,3,1093,5,9,30,0,44,911,168,55,3,1137,0,0,0,1137
07/15/2011,MIA,FL,ASO,ES,Combined TRACON& Tower with Radar,907,166,21,3,1097,3,6,30,1,40,910,172,51,4,1137,0,0,0,1137
07/16/2011,MIA,FL,ASO,ES,Combined TRACON& Tower with Radar,891,117,25,0,1033,5,2,22,0,29,896,119,47,0,1062,0,0,0,1062
07/17/2011,MIA,FL,ASO,ES,Combined TRACON& Tower with Radar,847,115,34,2,998,4,0,10,0,14,851,115,44,2,1012,0,0,0,1012
07/18/2011,MIA,FL,ASO,ES,Combined TRACON& Tower with Radar,886,153,44,0,1083,4,7,18,0,29,890,160,62,0,1112,0,0,0,1112
07/19/2011,MIA,FL,ASO,ES,Combined TRACON& Tower with Radar,898,139,31,0,1068,1,10,7,0,18,899,149,38,0,1086,0,0,0,1086
07/20/2011,MIA,FL,ASO,ES,Combined TRACON& Tower with Radar,900,158,38,3,1099,6,4,22,0,32,906,162,60,3,1131,0,0,0,1131
07/21/2011,MIA,FL,ASO,ES,Combined TRACON& Tower with Radar,902,158,32,1,1093,3,2,17,0,22,905,160,49,1,1115,0,0,0,1115
07/22/2011,MIA,FL,ASO,ES,Combined TRACON& Tower with Radar,885,165,30,1,1081,4,7,27,0,38,889,172,57,1,1119,0,0,0,1119
07/23/2011,MIA,FL,ASO,ES,Combined TRACON& Tower with Radar,895,129,19,0,1043,2,2,11,0,15,897,131,30,0,1058,0,0,0,1058
07/24/2011,MIA,FL,ASO,ES,Combined TRACON& Tower with Radar,863,114,20,2,999,2,1,15,0,18,865,115,35,2,1017,0,0,0,1017
07/25/2011,MIA,FL,ASO,ES,Combined TRACON& Tower with Radar,864,161,31,3,1059,6,6,36,0,48,870,167,67,3,1107,0,0,0,1107
07/26/2011,MIA,FL,ASO,ES,Combined TRACON& Tower with Radar,889,133,27,4,1053,2,9,31,0,42,891,142,58,4,1095,0,0,0,1095
07/27/2011,MIA,FL,ASO,ES,Combined TRACON& Tower with Radar,878,148,26,2,1054,2,10,31,0,43,880,158,57,2,1097,0,0,0,1097
07/28/2011,MIA,FL,ASO,ES,Combined TRACON& Tower with Radar,917,152,37,2,1108,3,6,25,0,34,920,158,62,2,1142,0,0,0,1142
07/29/2011,MIA,FL,ASO,ES,Combined TRACON& Tower with Radar,902,160,35,1,1098,3,7,25,0,35,905,167,60,1,1133,0,0,0,1133
07/30/2011,MIA,FL,ASO,ES,Combined TRACON& Tower with Radar,883,126,17,1,1027,1,2,16,0,19,884,128,33,1,1046,0,0,0,1046
07/31/2011,MIA,FL,ASO,ES,Combined TRACON& Tower with Radar,894,106,13,1,1014,2,0,20,0,22,896,106,33,1,1036,0,0,0,1036
08/01/2011,MIA,FL,ASO,ES,Combined TRACON& Tower with Radar,874,137,30,1,1042,1,2,34,0,37,875,139,64,1,1079,0,0,0,1079
08/02/2011,MIA,FL,ASO,ES,Combined TRACON& Tower with Radar,898,142,25,2,1067,10,0,19,0,29,908,142,44,2,1096,0,0,0,1096
08/03/2011,MIA,FL,ASO,ES,Combined TRACON& Tower with Radar,878,154,22,2,1056,7,0,39,0,46,885,154,61,2,1102,0,0,0,1102
08/04/2011,MIA,FL,ASO,ES,Combined TRACON& Tower with Radar,901,147,31,1,1080,0,2,27,0,29,901,149,58,1,1109,0,0,0,1109
08/05/2011,MIA,FL,ASO,ES,Combined TRACON& Tower with Radar,904,167,26,3,1100,4,3,30,0,37,908,170,56,3,1137,0,0,0,1137
08/06/2011,MIA,FL,ASO,ES,Combined TRACON& Tower with Radar,890,122,15,1,1028,6,2,6,0,14,896,124,21,1,1042,0,0,0,1042
08/07/2011,MIA,FL,ASO,ES,Combined TRACON& Tower with Radar,841,109,23,0,973,4,0,6,2,12,845,109,29,2,985,0,0,0,985
08/08/2011,MIA,FL,ASO,ES,Combined TRACON& Tower with Radar,872,144,20,2,1038,7,1,15,0,23,879,145,35,2,1061,0,0,0,1061
08/09/2011,MIA,FL,ASO,ES,Combined TRACON& Tower with Radar,854,132,19,1,1006,0,4,12,0,16,854,136,31,1,1022,0,0,0,1022
08/10/2011,MIA,FL,ASO,ES,Combined TRACON& Tower with Radar,847,140,20,0,1007,3,6,14,0,23,850,146,34,0,1030,0,0,0,1030
08/11/2011,MIA,FL,ASO,ES,Combined TRACON& Tower with Radar,900,144,18,4,1066,3,1,15,0,19,903,145,33,4,1085,0,0,0,1085
08/12/2011,MIA,FL,ASO,ES,Combined TRACON& Tower with Radar,907,151,39,5,1102,6,4,24,0,34,913,155,63,5,1136,0,0,0,1136
08/13/2011,MIA,FL,ASO,ES,Combined TRACON& Tower with Radar,894,131,12,0,1037,4,0,16,0,20,898,131,28,0,1057,0,0,0,1057
08/14/2011,MIA,FL,ASO,ES,Combined TRACON& Tower with Radar,875,122,22,2,1021,4,4,8,0,16,879,126,30,2,1037,0,0,0,1037
08/15/2011,MIA,FL,ASO,ES,Combined TRACON& Tower with Radar,867,153,25,0,1045,1,6,15,0,22,868,159,40,0,1067,0,0,0,1067
08/16/2011,MIA,FL,ASO,ES,Combined TRACON& Tower with Radar,868,142,19,1,1030,9,3,36,1,49,877,145,55,2,1079,0,0,0,1079
08/17/2011,MIA,FL,ASO,ES,Combined TRACON& Tower with Radar,887,149,34,0,1070,4,9,32,0,45,891,158,66,0,1115,0,0,0,1115
08/18/2011,MIA,FL,ASO,ES,Combined TRACON& Tower with Radar,893,143,23,2,1061,5,2,15,0,22,898,145,38,2,1083,0,0,0,1083
08/19/2011,MIA,FL,ASO,ES,Combined TRACON& Tower with Radar,905,150,39,1,1095,0,2,6,1,9,905,152,45,2,1104,0,0,0,1104
08/20/2011,MIA,FL,ASO,ES,Combined TRACON& Tower with Radar,891,114,18,3,1026,3,0,3,0,6,894,114,21,3,1032,0,0,0,1032
08/21/2011,MIA,FL,ASO,ES,Combined TRACON& Tower with Radar,853,131,41,2,1027,5,1,13,0,19,858,132,54,2,1046,0,0,0,1046
08/22/2011,MIA,FL,ASO,ES,Combined TRACON& Tower with Radar,853,146,25,1,1025,7,3,7,0,17,860,149,32,1,1042,0,0,0,1042
08/23/2011,MIA,FL,ASO,ES,Combined TRACON& Tower with Radar,795,155,23,1,974,5,2,16,0,23,800,157,39,1,997,0,0,0,997
08/24/2011,MIA,FL,ASO,ES,Combined TRACON& Tower with Radar,811,139,24,1,975,4,0,22,0,26,815,139,46,1,1001,0,0,0,1001
08/25/2011,MIA,FL,ASO,ES,Combined TRACON& Tower with Radar,723,127,14,0,864,4,1,3,0,8,727,128,17,0,872,0,0,0,872
08/26/2011,MIA,FL,ASO,ES,Combined TRACON& Tower with Radar,840,138,18,3,999,7,2,7,0,16,847,140,25,3,1015,0,0,0,1015
08/27/2011,MIA,FL,ASO,ES,Combined TRACON& Tower with Radar,762,103,23,3,891,2,2,7,0,11,764,105,30,3,902,0,0,0,902
08/28/2011,MIA,FL,ASO,ES,Combined TRACON& Tower with Radar,718,109,16,2,845,5,2,4,0,11,723,111,20,2,856,0,0,0,856
08/29/2011,MIA,FL,ASO,ES,Combined TRACON& Tower with Radar,803,144,31,2,980,5,2,1,0,8,808,146,32,2,988,0,0,0,988
08/30/2011,MIA,FL,ASO,ES,Combined TRACON& Tower with Radar,781,166,23,4,974,5,5,7,0,17,786,171,30,4,991,0,0,0,991
08/31/2011,MIA,FL,ASO,ES,Combined TRACON& Tower with Radar,810,137,24,0,971,4,2,9,0,15,814,139,33,0,986,0,0,0,986
09/01/2011,MIA,FL,ASO,ES,Combined TRACON& Tower with Radar,837,158,30,4,1029,0,4,15,0,19,837,162,45,4,1048,0,0,0,1048
09/02/2011,MIA,FL,ASO,ES,Combined TRACON& Tower with Radar,861,161,34,1,1057,3,0,13,0,16,864,161,47,1,1073,0,0,0,1073
09/03/2011,MIA,FL,ASO,ES,Combined TRACON& Tower with Radar,798,111,7,1,917,2,0,11,0,13,800,111,18,1,930,0,0,0,930
09/04/2011,MIA,FL,ASO,ES,Combined TRACON& Tower with Radar,824,95,13,2,934,4,0,9,0,13,828,95,22,2,947,0,0,0,947
09/05/2011,MIA,FL,ASO,ES,Combined TRACON& Tower with Radar,793,162,34,0,989,2,3,8,0,13,795,165,42,0,1002,0,0,0,1002
09/06/2011,MIA,FL,ASO,ES,Combined TRACON& Tower with Radar,759,136,22,1,918,5,1,13,0,19,764,137,35,1,937,0,0,0,937
09/07/2011,MIA,FL,ASO,ES,Combined TRACON& Tower with Radar,791,137,27,4,959,0,0,4,0,4,791,137,31,4,963,0,0,0,963
09/08/2011,MIA,FL,ASO,ES,Combined TRACON& Tower with Radar,740,142,32,1,915,1,1,9,0,11,741,143,41,1,926,0,0,0,926
09/09/2011,MIA,FL,ASO,ES,Combined TRACON& Tower with Radar,841,146,38,2,1027,1,0,9,0,10,842,146,47,2,1037,0,0,0,1037
09/10/2011,MIA,FL,ASO,ES,Combined TRACON& Tower with Radar,765,106,26,0,897,7,1,6,0,14,772,107,32,0,911,0,0,0,911
09/11/2011,MIA,FL,ASO,ES,Combined TRACON& Tower with Radar,785,117,24,1,927,3,0,6,0,9,788,117,30,1,936,0,0,0,936
09/12/2011,MIA,FL,ASO,ES,Combined TRACON& Tower with Radar,805,149,22,0,976,1,2,11,0,14,806,151,33,0,990,0,0,0,990
09/13/2011,MIA,FL,ASO,ES,Combined TRACON& Tower with Radar,773,142,30,2,947,4,0,15,0,19,777,142,45,2,966,0,0,0,966
09/14/2011,MIA,FL,ASO,ES,Combined TRACON& Tower with Radar,791,161,30,8,990,3,1,8,0,12,794,162,38,8,1002,0,0,0,1002
09/15/2011,MIA,FL,ASO,ES,Combined TRACON& Tower with Radar,833,176,30,3,1042,1,1,14,1,17,834,177,44,4,1059,0,0,0,1059
09/16/2011,MIA,FL,ASO,ES,Combined TRACON& Tower with Radar,820,153,33,2,1008,7,0,11,0,18,827,153,44,2,1026,0,0,0,1026
09/17/2011,MIA,FL,ASO,ES,Combined TRACON& Tower with Radar,793,105,12,2,912,7,2,3,0,12,800,107,15,2,924,0,0,0,924
09/18/2011,MIA,FL,ASO,ES,Combined TRACON& Tower with Radar,816,127,22,3,968,2,2,4,0,8,818,129,26,3,976,0,0,0,976
09/19/2011,MIA,FL,ASO,ES,Combined TRACON& Tower with Radar,803,143,21,4,971,3,1,9,0,13,806,144,30,4,984,0,0,0,984
09/20/2011,MIA,FL,ASO,ES,Combined TRACON& Tower with Radar,784,140,22,9,955,3,0,5,1,9,787,140,27,10,964,0,0,0,964
09/21/2011,MIA,FL,ASO,ES,Combined TRACON& Tower with Radar,794,157,30,8,989,6,1,4,0,11,800,158,34,8,1000,0,0,0,1000
09/22/2011,MIA,FL,ASO,ES,Combined TRACON& Tower with Radar,818,156,25,5,1004,1,2,12,0,15,819,158,37,5,1019,0,0,0,1019
09/23/2011,MIA,FL,ASO,ES,Combined TRACON& Tower with Radar,847,163,23,4,1037,3,0,7,0,10,850,163,30,4,1047,0,0,0,1047
09/24/2011,MIA,FL,ASO,ES,Combined TRACON& Tower with Radar,809,114,5,2,930,3,1,11,0,15,812,115,16,2,945,0,0,0,945
09/25/2011,MIA,FL,ASO,ES,Combined TRACON& Tower with Radar,799,125,21,8,953,2,0,6,0,8,801,125,27,8,961,0,0,0,961
09/26/2011,MIA,FL,ASO,ES,Combined TRACON& Tower with Radar,805,152,22,2,981,5,1,7,2,15,810,153,29,4,996,0,0,0,996
09/27/2011,MIA,FL,ASO,ES,Combined TRACON& Tower with Radar,777,137,15,0,929,2,2,19,0,23,779,139,34,0,952,0,0,0,952
09/28/2011,MIA,FL,ASO,ES,Combined TRACON& Tower with Radar,825,148,20,0,993,3,1,16,0,20,828,149,36,0,1013,0,0,0,1013
09/29/2011,MIA,FL,ASO,ES,Combined TRACON& Tower with Radar,824,169,18,0,1011,6,1,3,0,10,830,170,21,0,1021,0,0,0,1021
09/30/2011,MIA,FL,ASO,ES,Combined TRACON& Tower with Radar,855,166,27,2,1050,3,2,14,0,19,858,168,41,2,1069,0,0,0,1069
10/01/2011,MIA,FL,ASO,ES,Combined TRACON& Tower with Radar,806,109,11,2,928,4,2,4,1,11,810,111,15,3,939,0,0,0,939
10/02/2011,MIA,FL,ASO,ES,Combined TRACON& Tower with Radar,811,118,20,4,953,4,2,8,0,14,815,120,28,4,967,0,0,0,967
10/03/2011,MIA,FL,ASO,ES,Combined TRACON& Tower with Radar,791,148,22,0,961,5,4,6,3,18,796,152,28,3,979,0,0,0,979
10/04/2011,MIA,FL,ASO,ES,Combined TRACON& Tower with Radar,769,139,28,1,937,8,2,3,1,14,777,141,31,2,951,0,0,0,951
10/05/2011,MIA,FL,ASO,ES,Combined TRACON& Tower with Radar,800,156,23,3,982,3,4,17,1,25,803,160,40,4,1007,0,0,0,1007
10/06/2011,MIA,FL,ASO,ES,Combined TRACON& Tower with Radar,825,177,32,4,1038,2,1,9,1,13,827,178,41,5,1051,0,0,0,1051
10/07/2011,MIA,FL,ASO,ES,Combined TRACON& Tower with Radar,832,170,36,4,1042,8,0,15,0,23,840,170,51,4,1065,0,0,0,1065
10/08/2011,MIA,FL,ASO,ES,Combined TRACON& Tower with Radar,794,107,15,0,916,1,0,1,0,2,795,107,16,0,918,0,0,0,918
10/09/2011,MIA,FL,ASO,ES,Combined TRACON& Tower with Radar,832,132,26,0,990,8,3,9,0,20,840,135,35,0,1010,0,0,0,1010
10/10/2011,MIA,FL,ASO,ES,Combined TRACON& Tower with Radar,802,149,35,1,987,3,2,15,0,20,805,151,50,1,1007,0,0,0,1007
10/11/2011,MIA,FL,ASO,ES,Combined TRACON& Tower with Radar,777,150,31,3,961,2,0,24,0,26,779,150,55,3,987,0,0,0,987
10/12/2011,MIA,FL,ASO,ES,Combined TRACON& Tower with Radar,798,165,25,1,989,0,1,11,0,12,798,166,36,1,1001,0,0,0,1001
10/13/2011,MIA,FL,ASO,ES,Combined TRACON& Tower with Radar,820,164,32,3,1019,2,2,17,1,22,822,166,49,4,1041,0,0,0,1041
10/14/2011,MIA,FL,ASO,ES,Combined TRACON& Tower with Radar,859,171,35,1,1066,5,3,13,0,21,864,174,48,1,1087,0,0,0,1087
10/15/2011,MIA,FL,ASO,ES,Combined TRACON& Tower with Radar,791,112,24,1,928,4,0,3,0,7,795,112,27,1,935,0,0,0,935
10/16/2011,MIA,FL,ASO,ES,Combined TRACON& Tower with Radar,819,137,29,1,986,4,0,1,1,6,823,137,30,2,992,0,0,0,992
10/17/2011,MIA,FL,ASO,ES,Combined TRACON& Tower with Radar,789,149,32,1,971,3,0,3,0,6,792,149,35,1,977,0,0,0,977
10/18/2011,MIA,FL,ASO,ES,Combined TRACON& Tower with Radar,766,149,36,4,955,6,0,3,0,9,772,149,39,4,964,0,0,0,964
10/19/2011,MIA,FL,ASO,ES,Combined TRACON& Tower with Radar,798,153,22,0,973,5,0,6,0,11,803,153,28,0,984,0,0,0,984
10/20/2011,MIA,FL,ASO,ES,Combined TRACON& Tower with Radar,830,176,43,2,1051,2,5,7,0,14,832,181,50,2,1065,0,0,0,1065
10/21/2011,MIA,FL,ASO,ES,Combined TRACON& Tower with Radar,842,178,38,2,1060,3,1,8,0,12,845,179,46,2,1072,0,0,0,1072
10/22/2011,MIA,FL,ASO,ES,Combined TRACON& Tower with Radar,789,111,24,0,924,1,3,6,0,10,790,114,30,0,934,0,0,0,934
10/23/2011,MIA,FL,ASO,ES,Combined TRACON& Tower with Radar,829,117,32,0,978,4,1,4,0,9,833,118,36,0,987,0,0,0,987
10/24/2011,MIA,FL,ASO,ES,Combined TRACON& Tower with Radar,798,153,16,0,967,2,0,5,0,7,800,153,21,0,974,0,0,0,974
10/25/2011,MIA,FL,ASO,ES,Combined TRACON& Tower with Radar,763,153,27,2,945,6,1,17,0,24,769,154,44,2,969,0,0,0,969
10/26/2011,MIA,FL,ASO,ES,Combined TRACON& Tower with Radar,798,160,39,0,997,3,3,22,0,28,801,163,61,0,1025,0,0,0,1025
10/27/2011,MIA,FL,ASO,ES,Combined TRACON& Tower with Radar,819,172,29,2,1022,5,6,16,0,27,824,178,45,2,1049,0,0,0,1049
10/28/2011,MIA,FL,ASO,ES,Combined TRACON& Tower with Radar,830,184,38,2,1054,3,0,17,0,20,833,184,55,2,1074,0,0,0,1074
10/29/2011,MIA,FL,ASO,ES,Combined TRACON& Tower with Radar,774,126,18,0,918,0,1,8,0,9,774,127,26,0,927,0,0,0,927
10/30/2011,MIA,FL,ASO,ES,Combined TRACON& Tower with Radar,799,138,24,2,963,2,0,8,0,10,801,138,32,2,973,0,0,0,973
10/31/2011,MIA,FL,ASO,ES,Combined TRACON& Tower with Radar,804,163,24,3,994,4,3,2,0,9,808,166,26,3,1003,0,0,0,1003
11/01/2011,MIA,FL,ASO,ES,Combined TRACON& Tower with Radar,801,153,37,2,993,5,1,10,0,16,806,154,47,2,1009,0,0,0,1009
11/02/2011,MIA,FL,ASO,ES,Combined TRACON& Tower with Radar,820,173,46,4,1043,4,5,7,0,16,824,178,53,4,1059,0,0,0,1059
11/03/2011,MIA,FL,ASO,ES,Combined TRACON& Tower with Radar,835,183,29,1,1048,7,5,15,0,27,842,188,44,1,1075,0,0,0,1075
11/04/2011,MIA,FL,ASO,ES,Combined TRACON& Tower with Radar,859,193,54,2,1108,2,2,19,0,23,861,195,73,2,1131,0,0,0,1131
11/05/2011,MIA,FL,ASO,ES,Combined TRACON& Tower with Radar,814,117,23,3,957,3,1,14,0,18,817,118,37,3,975,0,0,0,975
11/06/2011,MIA,FL,ASO,ES,Combined TRACON& Tower with Radar,838,142,45,3,1028,1,4,4,0,9,839,146,49,3,1037,0,0,0,1037
11/07/2011,MIA,FL,ASO,ES,Combined TRACON& Tower with Radar,810,161,44,0,1015,6,1,11,0,18,816,162,55,0,1033,0,0,0,1033
11/08/2011,MIA,FL,ASO,ES,Combined TRACON& Tower with Radar,810,157,42,1,1010,4,2,9,0,15,814,159,51,1,1025,0,0,0,1025
11/09/2011,MIA,FL,ASO,ES,Combined TRACON& Tower with Radar,816,163,33,1,1013,6,0,26,0,32,822,163,59,1,1045,0,0,0,1045
11/10/2011,MIA,FL,ASO,ES,Combined TRACON& Tower with Radar,850,194,56,6,1106,1,1,14,0,16,851,195,70,6,1122,0,0,0,1122
11/11/2011,MIA,FL,ASO,ES,Combined TRACON& Tower with Radar,878,174,52,1,1105,6,8,12,1,27,884,182,64,2,1132,0,0,0,1132
11/12/2011,MIA,FL,ASO,ES,Combined TRACON& Tower with Radar,822,119,28,3,972,4,0,8,0,12,826,119,36,3,984,0,0,0,984
11/13/2011,MIA,FL,ASO,ES,Combined TRACON& Tower with Radar,824,141,45,0,1010,5,6,2,1,14,829,147,47,1,1024,0,0,0,1024
11/14/2011,MIA,FL,ASO,ES,Combined TRACON& Tower with Radar,828,161,40,1,1030,7,1,6,0,14,835,162,46,1,1044,0,0,0,1044
11/15/2011,MIA,FL,ASO,ES,Combined TRACON& Tower with Radar,802,155,48,4,1009,5,1,7,1,14,807,156,55,5,1023,0,0,0,1023
11/16/2011,MIA,FL,ASO,ES,Combined TRACON& Tower with Radar,805,166,49,2,1022,10,1,3,0,14,815,167,52,2,1036,0,0,0,1036
11/17/2011,MIA,FL,ASO,ES,Combined TRACON& Tower with Radar,894,189,56,2,1141,6,6,10,0,22,900,195,66,2,1163,0,0,0,1163
11/18/2011,MIA,FL,ASO,ES,Combined TRACON& Tower with Radar,920,200,64,0,1184,3,0,11,0,14,923,200,75,0,1198,0,0,0,1198
11/19/2011,MIA,FL,ASO,ES,Combined TRACON& Tower with Radar,900,143,42,0,1085,4,2,24,0,30,904,145,66,0,1115,0,0,0,1115
11/20/2011,MIA,FL,ASO,ES,Combined TRACON& Tower with Radar,906,164,50,0,1120,4,3,84,0,91,910,167,134,0,1211,0,0,0,1211
11/21/2011,MIA,FL,ASO,ES,Combined TRACON& Tower with Radar,869,175,62,2,1108,3,0,14,0,17,872,175,76,2,1125,0,0,0,1125
11/22/2011,MIA,FL,ASO,ES,Combined TRACON& Tower with Radar,898,193,32,3,1126,7,4,5,0,16,905,197,37,3,1142,0,0,0,1142
11/23/2011,MIA,FL,ASO,ES,Combined TRACON& Tower with Radar,884,200,49,2,1135,4,3,11,0,18,888,203,60,2,1153,0,0,0,1153
11/24/2011,MIA,FL,ASO,ES,Combined TRACON& Tower with Radar,821,140,29,2,992,4,3,3,0,10,825,143,32,2,1002,0,0,0,1002
11/25/2011,MIA,FL,ASO,ES,Combined TRACON& Tower with Radar,858,145,21,3,1027,2,1,7,0,10,860,146,28,3,1037,0,0,0,1037
11/26/2011,MIA,FL,ASO,ES,Combined TRACON& Tower with Radar,880,147,25,0,1052,0,0,3,0,3,880,147,28,0,1055,0,0,0,1055
11/27/2011,MIA,FL,ASO,ES,Combined TRACON& Tower with Radar,887,149,67,0,1103,2,2,13,0,17,889,151,80,0,1120,0,0,0,1120
11/28/2011,MIA,FL,ASO,ES,Combined TRACON& Tower with Radar,875,172,43,0,1090,2,5,13,0,20,877,177,56,0,1110,0,0,0,1110
11/29/2011,MIA,FL,ASO,ES,Combined TRACON& Tower with Radar,871,202,73,1,1147,6,3,8,1,18,877,205,81,2,1165,0,0,0,1165
11/30/2011,MIA,FL,ASO,ES,Combined TRACON& Tower with Radar,895,235,70,2,1202,3,4,15,0,22,898,239,85,2,1224,0,0,0,1224
12/01/2011,MIA,FL,ASO,ES,Combined TRACON& Tower with Radar,907,224,85,0,1216,7,7,18,0,32,914,231,103,0,1248,0,0,0,1248
12/02/2011,MIA,FL,ASO,ES,Combined TRACON& Tower with Radar,933,214,63,1,1211,3,7,9,1,20,936,221,72,2,1231,0,0,0,1231
12/03/2011,MIA,FL,ASO,ES,Combined TRACON& Tower with Radar,898,172,49,5,1124,2,0,17,0,19,900,172,66,5,1143,0,0,0,1143
12/04/2011,MIA,FL,ASO,ES,Combined TRACON& Tower with Radar,888,183,53,3,1127,2,2,3,2,9,890,185,56,5,1136,0,0,0,1136
12/05/2011,MIA,FL,ASO,ES,Combined TRACON& Tower with Radar,877,176,37,4,1094,4,0,9,0,13,881,176,46,4,1107,0,0,0,1107
12/06/2011,MIA,FL,ASO,ES,Combined TRACON& Tower with Radar,898,163,15,1,1077,5,4,2,0,11,903,167,17,1,1088,0,0,0,1088
12/07/2011,MIA,FL,ASO,ES,Combined TRACON& Tower with Radar,900,180,42,0,1122,4,3,10,2,19,904,183,52,2,1141,0,0,0,1141
12/08/2011,MIA,FL,ASO,ES,Combined TRACON& Tower with Radar,933,181,31,10,1155,2,3,4,0,9,935,184,35,10,1164,0,0,0,1164
12/09/2011,MIA,FL,ASO,ES,Combined TRACON& Tower with Radar,951,186,60,4,1201,4,3,8,0,15,955,189,68,4,1216,0,0,0,1216
12/10/2011,MIA,FL,ASO,ES,Combined TRACON& Tower with Radar,916,152,25,2,1095,6,6,10,3,25,922,158,35,5,1120,0,0,0,1120
12/11/2011,MIA,FL,ASO,ES,Combined TRACON& Tower with Radar,903,137,32,2,1074,0,1,13,2,16,903,138,45,4,1090,0,0,0,1090
12/12/2011,MIA,FL,ASO,ES,Combined TRACON& Tower with Radar,889,179,43,0,1111,5,2,18,0,25,894,181,61,0,1136,0,0,0,1136
12/13/2011,MIA,FL,ASO,ES,Combined TRACON& Tower with Radar,901,176,32,0,1109,3,5,10,0,18,904,181,42,0,1127,0,0,0,1127
12/14/2011,MIA,FL,ASO,ES,Combined TRACON& Tower with Radar,916,202,35,3,1156,3,16,10,0,29,919,218,45,3,1185,0,0,0,1185
12/15/2011,MIA,FL,ASO,ES,Combined TRACON& Tower with Radar,952,227,37,3,1219,4,6,6,0,16,956,233,43,3,1235,0,0,0,1235
12/16/2011,MIA,FL,ASO,ES,Combined TRACON& Tower with Radar,992,217,58,2,1269,1,6,10,1,18,993,223,68,3,1287,0,0,0,1287
12/17/2011,MIA,FL,ASO,ES,Combined TRACON& Tower with Radar,965,171,48,2,1186,2,4,15,0,21,967,175,63,2,1207,0,0,0,1207
12/18/2011,MIA,FL,ASO,ES,Combined TRACON& Tower with Radar,939,142,36,2,1119,2,0,8,0,10,941,142,44,2,1129,0,0,0,1129
12/19/2011,MIA,FL,ASO,ES,Combined TRACON& Tower with Radar,943,179,48,1,1171,3,2,11,0,16,946,181,59,1,1187,0,0,0,1187
12/20/2011,MIA,FL,ASO,ES,Combined TRACON& Tower with Radar,975,183,33,3,1194,6,1,11,0,18,981,184,44,3,1212,0,0,0,1212
12/21/2011,MIA,FL,ASO,ES,Combined TRACON& Tower with Radar,961,187,30,2,1180,3,0,9,0,12,964,187,39,2,1192,0,0,0,1192
12/22/2011,MIA,FL,ASO,ES,Combined TRACON& Tower with Radar,1002,183,42,2,1229,3,2,10,0,15,1005,185,52,2,1244,0,0,0,1244
12/23/2011,MIA,FL,ASO,ES,Combined TRACON& Tower with Radar,1003,196,36,0,1235,1,2,16,0,19,1004,198,52,0,1254,0,0,0,1254
12/24/2011,MIA,FL,ASO,ES,Combined TRACON& Tower with Radar,893,140,26,0,1059,4,5,19,0,28,897,145,45,0,1087,0,0,0,1087
12/25/2011,MIA,FL,ASO,ES,Combined TRACON& Tower with Radar,833,138,13,0,984,3,0,10,0,13,836,138,23,0,997,0,0,0,997
12/26/2011,MIA,FL,ASO,ES,Combined TRACON& Tower with Radar,880,197,66,0,1143,4,1,14,0,19,884,198,80,0,1162,0,0,0,1162
12/27/2011,MIA,FL,ASO,ES,Combined TRACON& Tower with Radar,884,194,41,0,1119,4,0,24,0,28,888,194,65,0,1147,0,0,0,1147
12/28/2011,MIA,FL,ASO,ES,Combined TRACON& Tower with Radar,937,194,35,2,1168,2,2,14,3,21,939,196,49,5,1189,0,0,0,1189
12/29/2011,MIA,FL,ASO,ES,Combined TRACON& Tower with Radar,942,200,24,3,1169,6,4,10,1,21,948,204,34,4,1190,0,0,0,1190
12/30/2011,MIA,FL,ASO,ES,Combined TRACON& Tower with Radar,963,196,27,2,1188,4,3,19,0,26,967,199,46,2,1214,0,0,0,1214
12/31/2011,MIA,FL,ASO,ES,Combined TRACON& Tower with Radar,875,143,19,0,1037,4,1,17,0,22,879,144,36,0,1059,0,0,0,1059
01/01/2012,MIA,FL,ASO,ES,Combined TRACON& Tower with Radar,858,142,60,0,1060,3,3,11,2,19,861,145,71,2,1079,0,0,0,1079
01/02/2012,MIA,FL,ASO,ES,Combined TRACON& Tower with Radar,930,187,81,0,1198,6,4,18,0,28,936,191,99,0,1226,0,0,0,1226
01/03/2012,MIA,FL,ASO,ES,Combined TRACON& Tower with Radar,925,180,52,0,1157,2,2,14,0,18,927,182,66,0,1175,0,0,0,1175
01/04/2012,MIA,FL,ASO,ES,Combined TRACON& Tower with Radar,933,189,34,3,1159,4,0,8,0,12,937,189,42,3,1171,0,0,0,1171
01/05/2012,MIA,FL,ASO,ES,Combined TRACON& Tower with Radar,939,186,56,4,1185,0,12,15,0,27,939,198,71,4,1212,0,0,0,1212
01/06/2012,MIA,FL,ASO,ES,Combined TRACON& Tower with Radar,927,172,44,4,1147,3,2,5,0,10,930,174,49,4,1157,0,0,0,1157
01/07/2012,MIA,FL,ASO,ES,Combined TRACON& Tower with Radar,891,149,45,0,1085,6,5,16,0,27,897,154,61,0,1112,0,0,0,1112
01/08/2012,MIA,FL,ASO,ES,Combined TRACON& Tower with Radar,905,148,33,4,1090,2,2,3,0,7,907,150,36,4,1097,0,0,0,1097
01/09/2012,MIA,FL,ASO,ES,Combined TRACON& Tower with Radar,878,194,47,4,1123,5,1,13,0,19,883,195,60,4,1142,0,0,0,1142
01/10/2012,MIA,FL,ASO,ES,Combined TRACON& Tower with Radar,901,182,48,3,1134,5,0,24,0,29,906,182,72,3,1163,0,0,0,1163
01/11/2012,MIA,FL,ASO,ES,Combined TRACON& Tower with Radar,908,182,66,5,1161,4,1,8,0,13,912,183,74,5,1174,0,0,0,1174
01/12/2012,MIA,FL,ASO,ES,Combined TRACON& Tower with Radar,925,176,50,4,1155,2,1,13,0,16,927,177,63,4,1171,0,0,0,1171
01/13/2012,MIA,FL,ASO,ES,Combined TRACON& Tower with Radar,935,186,67,5,1193,6,1,16,0,23,941,187,83,5,1216,0,0,0,1216
01/14/2012,MIA,FL,ASO,ES,Combined TRACON& Tower with Radar,901,138,23,2,1064,9,2,10,2,23,910,140,33,4,1087,0,0,0,1087
01/15/2012,MIA,FL,ASO,ES,Combined TRACON& Tower with Radar,902,134,50,0,1086,3,1,8,0,12,905,135,58,0,1098,0,0,0,1098
01/16/2012,MIA,FL,ASO,ES,Combined TRACON& Tower with Radar,867,191,59,5,1122,5,0,1,0,6,872,191,60,5,1128,0,0,0,1128
01/17/2012,MIA,FL,ASO,ES,Combined TRACON& Tower with Radar,878,167,31,9,1085,5,1,12,0,18,883,168,43,9,1103,0,0,0,1103
01/18/2012,MIA,FL,ASO,ES,Combined TRACON& Tower with Radar,895,174,56,6,1131,11,1,9,2,23,906,175,65,8,1154,0,0,0,1154
01/19/2012,MIA,FL,ASO,ES,Combined TRACON& Tower with Radar,912,195,57,6,1170,2,4,9,1,16,914,199,66,7,1186,0,0,0,1186
01/20/2012,MIA,FL,ASO,ES,Combined TRACON& Tower with Radar,916,206,66,2,1190,9,4,11,0,24,925,210,77,2,1214,0,0,0,1214
01/21/2012,MIA,FL,ASO,ES,Combined TRACON& Tower with Radar,891,121,35,1,1048,7,2,8,0,17,898,123,43,1,1065,0,0,0,1065
01/22/2012,MIA,FL,ASO,ES,Combined TRACON& Tower with Radar,877,147,53,3,1080,5,1,8,2,16,882,148,61,5,1096,0,0,0,1096
01/23/2012,MIA,FL,ASO,ES,Combined TRACON& Tower with Radar,879,180,37,3,1099,4,1,11,0,16,883,181,48,3,1115,0,0,0,1115
01/24/2012,MIA,FL,ASO,ES,Combined TRACON& Tower with Radar,899,175,59,0,1133,8,2,6,0,16,907,177,65,0,1149,0,0,0,1149
01/25/2012,MIA,FL,ASO,ES,Combined TRACON& Tower with Radar,903,174,41,2,1120,3,0,19,0,22,906,174,60,2,1142,0,0,0,1142
01/26/2012,MIA,FL,ASO,ES,Combined TRACON& Tower with Radar,907,192,75,2,1176,3,2,20,0,25,910,194,95,2,1201,0,0,0,1201
01/27/2012,MIA,FL,ASO,ES,Combined TRACON& Tower with Radar,951,197,53,4,1205,3,0,10,3,16,954,197,63,7,1221,0,0,0,1221
01/28/2012,MIA,FL,ASO,ES,Combined TRACON& Tower with Radar,925,128,34,2,1089,1,0,8,0,9,926,128,42,2,1098,0,0,0,1098
01/29/2012,MIA,FL,ASO,ES,Combined TRACON& Tower with Radar,906,144,51,0,1101,6,1,15,0,22,912,145,66,0,1123,0,0,0,1123
01/30/2012,MIA,FL,ASO,ES,Combined TRACON& Tower with Radar,896,175,36,4,1111,6,1,19,1,27,902,176,55,5,1138,0,0,0,1138
01/31/2012,MIA,FL,ASO,ES,Combined TRACON& Tower with Radar,908,162,31,1,1102,5,1,4,0,10,913,163,35,1,1112,0,0,0,1112
02/01/2012,MIA,FL,ASO,ES,Combined TRACON& Tower with Radar,914,176,53,4,1147,11,0,9,0,20,925,176,62,4,1167,0,0,0,1167
02/02/2012,MIA,FL,ASO,ES,Combined TRACON& Tower with Radar,926,168,39,3,1136,6,3,12,1,22,932,171,51,4,1158,0,0,0,1158
02/03/2012,MIA,FL,ASO,ES,Combined TRACON& Tower with Radar,930,180,41,1,1152,8,1,19,0,28,938,181,60,1,1180,0,0,0,1180
02/04/2012,MIA,FL,ASO,ES,Combined TRACON& Tower with Radar,914,142,34,0,1090,2,4,5,0,11,916,146,39,0,1101,0,0,0,1101
02/05/2012,MIA,FL,ASO,ES,Combined TRACON& Tower with Radar,905,151,31,3,1090,7,1,6,0,14,912,152,37,3,1104,0,0,0,1104
02/06/2012,MIA,FL,ASO,ES,Combined TRACON& Tower with Radar,877,197,43,4,1121,4,0,7,0,11,881,197,50,4,1132,0,0,0,1132
02/07/2012,MIA,FL,ASO,ES,Combined TRACON& Tower with Radar,903,174,43,0,1120,6,0,6,0,12,909,174,49,0,1132,0,0,0,1132
02/08/2012,MIA,FL,ASO,ES,Combined TRACON& Tower with Radar,903,179,54,2,1138,1,0,2,0,3,904,179,56,2,1141,0,0,0,1141
02/09/2012,MIA,FL,ASO,ES,Combined TRACON& Tower with Radar,883,187,68,4,1142,6,7,3,0,16,889,194,71,4,1158,0,0,0,1158
02/10/2012,MIA,FL,ASO,ES,Combined TRACON& Tower with Radar,917,211,54,2,1184,3,2,9,0,14,920,213,63,2,1198,0,0,0,1198
02/11/2012,MIA,FL,ASO,ES,Combined TRACON& Tower with Radar,868,147,51,1,1067,2,1,15,0,18,870,148,66,1,1085,0,0,0,1085
02/12/2012,MIA,FL,ASO,ES,Combined TRACON& Tower with Radar,871,155,44,5,1075,5,3,9,0,17,876,158,53,5,1092,0,0,0,1092
02/13/2012,MIA,FL,ASO,ES,Combined TRACON& Tower with Radar,839,177,40,1,1057,10,3,8,0,21,849,180,48,1,1078,0,0,0,1078
02/14/2012,MIA,FL,ASO,ES,Combined TRACON& Tower with Radar,878,155,43,4,1080,2,1,11,0,14,880,156,54,4,1094,0,0,0,1094
02/15/2012,MIA,FL,ASO,ES,Combined TRACON& Tower with Radar,865,212,74,2,1153,3,2,7,0,12,868,214,81,2,1165,0,0,0,1165
02/16/2012,MIA,FL,ASO,ES,Combined TRACON& Tower with Radar,912,211,124,6,1253,4,5,27,1,37,916,216,151,7,1290,0,0,0,1290
02/17/2012,MIA,FL,ASO,ES,Combined TRACON& Tower with Radar,907,222,133,4,1266,6,6,13,0,25,913,228,146,4,1291,0,0,0,1291
02/18/2012,MIA,FL,ASO,ES,Combined TRACON& Tower with Radar,886,170,39,1,1096,5,2,10,0,17,891,172,49,1,1113,0,0,0,1113
02/19/2012,MIA,FL,ASO,ES,Combined TRACON& Tower with Radar,877,146,58,1,1082,8,2,12,0,22,885,148,70,1,1104,0,0,0,1104
02/20/2012,MIA,FL,ASO,ES,Combined TRACON& Tower with Radar,868,192,76,2,1138,8,5,16,0,29,876,197,92,2,1167,0,0,0,1167
02/21/2012,MIA,FL,ASO,ES,Combined TRACON& Tower with Radar,887,185,48,2,1122,6,0,7,0,13,893,185,55,2,1135,0,0,0,1135
02/22/2012,MIA,FL,ASO,ES,Combined TRACON& Tower with Radar,883,188,68,1,1140,2,4,8,0,14,885,192,76,1,1154,0,0,0,1154
02/23/2012,MIA,FL,ASO,ES,Combined TRACON& Tower with Radar,919,182,65,2,1168,6,5,15,0,26,925,187,80,2,1194,0,0,0,1194
02/24/2012,MIA,FL,ASO,ES,Combined TRACON& Tower with Radar,909,215,55,4,1183,5,3,19,0,27,914,218,74,4,1210,0,0,0,1210
02/25/2012,MIA,FL,ASO,ES,Combined TRACON& Tower with Radar,874,147,44,0,1065,8,1,9,0,18,882,148,53,0,1083,0,0,0,1083
02/26/2012,MIA,FL,ASO,ES,Combined TRACON& Tower with Radar,890,176,57,0,1123,3,0,7,0,10,893,176,64,0,1133,0,0,0,1133
02/27/2012,MIA,FL,ASO,ES,Combined TRACON& Tower with Radar,880,206,59,4,1149,7,3,9,0,19,887,209,68,4,1168,0,0,0,1168
02/28/2012,MIA,FL,ASO,ES,Combined TRACON& Tower with Radar,891,183,58,3,1135,2,4,8,1,15,893,187,66,4,1150,0,0,0,1150
02/29/2012,MIA,FL,ASO,ES,Combined TRACON& Tower with Radar,890,192,57,4,1143,6,5,11,0,22,896,197,68,4,1165,0,0,0,1165
03/01/2012,MIA,FL,ASO,ES,Combined TRACON& Tower with Radar,909,197,56,2,1164,1,4,8,0,13,910,201,64,2,1177,0,0,0,1177
03/02/2012,MIA,FL,ASO,ES,Combined TRACON& Tower with Radar,908,186,46,4,1144,7,1,15,0,23,915,187,61,4,1167,0,0,0,1167
03/03/2012,MIA,FL,ASO,ES,Combined TRACON& Tower with Radar,899,144,32,0,1075,1,3,15,1,20,900,147,47,1,1095,0,0,0,1095
03/04/2012,MIA,FL,ASO,ES,Combined TRACON& Tower with Radar,885,149,29,2,1065,4,1,3,0,8,889,150,32,2,1073,0,0,0,1073
03/05/2012,MIA,FL,ASO,ES,Combined TRACON& Tower with Radar,856,158,40,3,1057,10,2,5,0,17,866,160,45,3,1074,0,0,0,1074
03/06/2012,MIA,FL,ASO,ES,Combined TRACON& Tower with Radar,894,163,39,2,1098,3,2,5,0,10,897,165,44,2,1108,0,0,0,1108
03/07/2012,MIA,FL,ASO,ES,Combined TRACON& Tower with Radar,885,176,58,3,1122,4,0,15,0,19,889,176,73,3,1141,0,0,0,1141
03/08/2012,MIA,FL,ASO,ES,Combined TRACON& Tower with Radar,924,192,43,6,1165,2,0,6,1,9,926,192,49,7,1174,0,0,0,1174
03/09/2012,MIA,FL,ASO,ES,Combined TRACON& Tower with Radar,932,206,58,4,1200,6,6,12,0,24,938,212,70,4,1224,0,0,0,1224
03/10/2012,MIA,FL,ASO,ES,Combined TRACON& Tower with Radar,922,156,46,0,1124,4,1,14,2,21,926,157,60,2,1145,0,0,0,1145
03/11/2012,MIA,FL,ASO,ES,Combined TRACON& Tower with Radar,893,152,48,3,1096,3,0,4,0,7,896,152,52,3,1103,0,0,0,1103
03/12/2012,MIA,FL,ASO,ES,Combined TRACON& Tower with Radar,876,199,43,5,1123,0,2,10,0,12,876,201,53,5,1135,0,0,0,1135
03/13/2012,MIA,FL,ASO,ES,Combined TRACON& Tower with Radar,899,184,62,1,1146,2,3,20,0,25,901,187,82,1,1171,0,0,0,1171
03/14/2012,MIA,FL,ASO,ES,Combined TRACON& Tower with Radar,894,196,57,4,1151,3,3,19,0,25,897,199,76,4,1176,0,0,0,1176
03/15/2012,MIA,FL,ASO,ES,Combined TRACON& Tower with Radar,930,200,48,4,1182,8,3,12,0,23,938,203,60,4,1205,0,0,0,1205
03/16/2012,MIA,FL,ASO,ES,Combined TRACON& Tower with Radar,917,189,43,9,1158,10,5,12,1,28,927,194,55,10,1186,0,0,0,1186
03/17/2012,MIA,FL,ASO,ES,Combined TRACON& Tower with Radar,883,153,30,0,1066,3,2,13,0,18,886,155,43,0,1084,0,0,0,1084
03/18/2012,MIA,FL,ASO,ES,Combined TRACON& Tower with Radar,901,150,68,2,1121,2,2,9,1,14,903,152,77,3,1135,0,0,0,1135
03/19/2012,MIA,FL,ASO,ES,Combined TRACON& Tower with Radar,886,189,43,4,1122,4,0,10,0,14,890,189,53,4,1136,0,0,0,1136
03/20/2012,MIA,FL,ASO,ES,Combined TRACON& Tower with Radar,894,180,46,2,1122,6,0,12,0,18,900,180,58,2,1140,0,0,0,1140
03/21/2012,MIA,FL,ASO,ES,Combined TRACON& Tower with Radar,899,184,42,1,1126,1,0,10,0,11,900,184,52,1,1137,0,0,0,1137
03/22/2012,MIA,FL,ASO,ES,Combined TRACON& Tower with Radar,932,199,53,2,1186,6,0,10,0,16,938,199,63,2,1202,0,0,0,1202
03/23/2012,MIA,FL,ASO,ES,Combined TRACON& Tower with Radar,929,215,63,2,1209,9,2,17,0,28,938,217,80,2,1237,0,0,0,1237
03/24/2012,MIA,FL,ASO,ES,Combined TRACON& Tower with Radar,914,145,39,1,1099,5,1,17,2,25,919,146,56,3,1124,0,0,0,1124
03/25/2012,MIA,FL,ASO,ES,Combined TRACON& Tower with Radar,917,168,73,3,1161,5,2,13,0,20,922,170,86,3,1181,0,0,0,1181
03/26/2012,MIA,FL,ASO,ES,Combined TRACON& Tower with Radar,899,177,46,6,1128,3,5,15,1,24,902,182,61,7,1152,0,0,0,1152
03/27/2012,MIA,FL,ASO,ES,Combined TRACON& Tower with Radar,919,176,60,5,1160,1,0,12,0,13,920,176,72,5,1173,0,0,0,1173
03/28/2012,MIA,FL,ASO,ES,Combined TRACON& Tower with Radar,930,171,64,9,1174,2,0,24,0,26,932,171,88,9,1200,0,0,0,1200
03/29/2012,MIA,FL,ASO,ES,Combined TRACON& Tower with Radar,934,177,75,3,1189,4,2,14,1,21,938,179,89,4,1210,0,0,0,1210
03/30/2012,MIA,FL,ASO,ES,Combined TRACON& Tower with Radar,938,209,85,3,1235,8,5,26,0,39,946,214,111,3,1274,0,0,0,1274
03/31/2012,MIA,FL,ASO,ES,Combined TRACON& Tower with Radar,937,148,61,1,1147,3,2,6,1,12,940,150,67,2,1159,0,0,0,1159
04/01/2012,MIA,FL,ASO,ES,Combined TRACON& Tower with Radar,929,177,61,3,1170,2,2,11,1,16,931,179,72,4,1186,0,0,0,1186
04/02/2012,MIA,FL,ASO,ES,Combined TRACON& Tower with Radar,892,153,62,4,1111,4,3,17,1,25,896,156,79,5,1136,0,0,0,1136
04/03/2012,MIA,FL,ASO,ES,Combined TRACON& Tower with Radar,897,148,49,1,1095,4,2,12,0,18,901,150,61,1,1113,0,0,0,1113
04/04/2012,MIA,FL,ASO,ES,Combined TRACON& Tower with Radar,898,164,56,2,1120,8,0,8,0,16,906,164,64,2,1136,0,0,0,1136
04/05/2012,MIA,FL,ASO,ES,Combined TRACON& Tower with Radar,897,180,56,4,1137,5,0,20,1,26,902,180,76,5,1163,0,0,0,1163
04/06/2012,MIA,FL,ASO,ES,Combined TRACON& Tower with Radar,875,156,47,2,1080,6,9,14,0,29,881,165,61,2,1109,0,0,0,1109
04/07/2012,MIA,FL,ASO,ES,Combined TRACON& Tower with Radar,860,142,32,3,1037,4,3,8,0,15,864,145,40,3,1052,0,0,0,1052
04/08/2012,MIA,FL,ASO,ES,Combined TRACON& Tower with Radar,862,138,54,2,1056,4,5,12,0,21,866,143,66,2,1077,0,0,0,1077
04/09/2012,MIA,FL,ASO,ES,Combined TRACON& Tower with Radar,875,146,61,3,1085,1,0,31,0,32,876,146,92,3,1117,0,0,0,1117
04/10/2012,MIA,FL,ASO,ES,Combined TRACON& Tower with Radar,887,164,68,3,1122,3,5,16,2,26,890,169,84,5,1148,0,0,0,1148
04/11/2012,MIA,FL,ASO,ES,Combined TRACON& Tower with Radar,888,176,59,0,1123,4,1,23,0,28,892,177,82,0,1151,0,0,0,1151
04/12/2012,MIA,FL,ASO,ES,Combined TRACON& Tower with Radar,896,179,33,1,1109,5,6,11,0,22,901,185,44,1,1131,0,0,0,1131
04/13/2012,MIA,FL,ASO,ES,Combined TRACON& Tower with Radar,908,166,33,5,1112,1,6,16,1,24,909,172,49,6,1136,0,0,0,1136
04/14/2012,MIA,FL,ASO,ES,Combined TRACON& Tower with Radar,864,151,39,1,1055,4,1,17,0,22,868,152,56,1,1077,0,0,0,1077
04/15/2012,MIA,FL,ASO,ES,Combined TRACON& Tower with Radar,869,174,79,2,1124,4,1,21,2,28,873,175,100,4,1152,0,0,0,1152
04/16/2012,MIA,FL,ASO,ES,Combined TRACON& Tower with Radar,837,152,38,2,1029,5,3,11,0,19,842,155,49,2,1048,0,0,0,1048
04/17/2012,MIA,FL,ASO,ES,Combined TRACON& Tower with Radar,870,151,43,2,1066,2,4,12,1,19,872,155,55,3,1085,0,0,0,1085
04/18/2012,MIA,FL,ASO,ES,Combined TRACON& Tower with Radar,883,167,28,0,1078,2,1,10,0,13,885,168,38,0,1091,0,0,0,1091
04/19/2012,MIA,FL,ASO,ES,Combined TRACON& Tower with Radar,884,167,41,4,1096,0,7,8,1,16,884,174,49,5,1112,0,0,0,1112
04/20/2012,MIA,FL,ASO,ES,Combined TRACON& Tower with Radar,884,170,47,1,1102,6,5,12,1,24,890,175,59,2,1126,0,0,0,1126
04/21/2012,MIA,FL,ASO,ES,Combined TRACON& Tower with Radar,862,133,23,0,1018,5,0,1,0,6,867,133,24,0,1024,0,0,0,1024
04/22/2012,MIA,FL,ASO,ES,Combined TRACON& Tower with Radar,862,139,50,5,1056,1,8,6,0,15,863,147,56,5,1071,0,0,0,1071
04/23/2012,MIA,FL,ASO,ES,Combined TRACON& Tower with Radar,855,157,44,7,1063,4,0,13,0,17,859,157,57,7,1080,0,0,0,1080
04/24/2012,MIA,FL,ASO,ES,Combined TRACON& Tower with Radar,857,137,22,1,1017,6,4,15,0,25,863,141,37,1,1042,0,0,0,1042
04/25/2012,MIA,FL,ASO,ES,Combined TRACON& Tower with Radar,874,150,42,6,1072,5,4,8,0,17,879,154,50,6,1089,0,0,0,1089
04/26/2012,MIA,FL,ASO,ES,Combined TRACON& Tower with Radar,917,169,40,5,1131,2,0,13,0,15,919,169,53,5,1146,0,0,0,1146
04/27/2012,MIA,FL,ASO,ES,Combined TRACON& Tower with Radar,901,166,52,4,1123,3,4,17,0,24,904,170,69,4,1147,0,0,0,1147
04/28/2012,MIA,FL,ASO,ES,Combined TRACON& Tower with Radar,886,132,39,0,1057,4,1,7,0,12,890,133,46,0,1069,0,0,0,1069
04/29/2012,MIA,FL,ASO,ES,Combined TRACON& Tower with Radar,901,132,34,1,1068,2,0,3,0,5,903,132,37,1,1073,0,0,0,1073
04/30/2012,MIA,FL,ASO,ES,Combined TRACON& Tower with Radar,879,163,35,0,1077,5,0,4,0,9,884,163,39,0,1086,0,0,0,1086
05/01/2012,MIA,FL,ASO,ES,Combined TRACON& Tower with Radar,872,150,46,1,1069,3,2,10,0,15,875,152,56,1,1084,0,0,0,1084
05/02/2012,MIA,FL,ASO,ES,Combined TRACON& Tower with Radar,874,167,26,3,1070,5,0,8,0,13,879,167,34,3,1083,0,0,0,1083
05/03/2012,MIA,FL,ASO,ES,Combined TRACON& Tower with Radar,888,158,55,3,1104,6,2,9,1,18,894,160,64,4,1122,0,0,0,1122
05/04/2012,MIA,FL,ASO,ES,Combined TRACON& Tower with Radar,888,174,42,6,1110,6,0,14,0,20,894,174,56,6,1130,0,0,0,1130
05/05/2012,MIA,FL,ASO,ES,Combined TRACON& Tower with Radar,839,125,35,2,1001,7,2,14,0,23,846,127,49,2,1024,0,0,0,1024
05/06/2012,MIA,FL,ASO,ES,Combined TRACON& Tower with Radar,868,125,49,2,1044,3,1,14,0,18,871,126,63,2,1062,0,0,0,1062
05/07/2012,MIA,FL,ASO,ES,Combined TRACON& Tower with Radar,837,156,36,3,1032,8,4,8,0,20,845,160,44,3,1052,0,0,0,1052
05/08/2012,MIA,FL,ASO,ES,Combined TRACON& Tower with Radar,833,144,43,4,1024,6,2,19,2,29,839,146,62,6,1053,0,0,0,1053
05/09/2012,MIA,FL,ASO,ES,Combined TRACON& Tower with Radar,851,171,47,6,1075,5,0,21,0,26,856,171,68,6,1101,0,0,0,1101
05/10/2012,MIA,FL,ASO,ES,Combined TRACON& Tower with Radar,875,177,48,2,1102,4,0,11,0,15,879,177,59,2,1117,0,0,0,1117
05/11/2012,MIA,FL,ASO,ES,Combined TRACON& Tower with Radar,879,158,37,1,1075,7,3,13,0,23,886,161,50,1,1098,0,0,0,1098
05/12/2012,MIA,FL,ASO,ES,Combined TRACON& Tower with Radar,841,128,20,1,990,2,5,6,1,14,843,133,26,2,1004,0,0,0,1004
05/13/2012,MIA,FL,ASO,ES,Combined TRACON& Tower with Radar,854,114,37,1,1006,4,0,9,0,13,858,114,46,1,1019,0,0,0,1019
05/14/2012,MIA,FL,ASO,ES,Combined TRACON& Tower with Radar,831,152,34,4,1021,7,1,3,0,11,838,153,37,4,1032,0,0,0,1032
05/15/2012,MIA,FL,ASO,ES,Combined TRACON& Tower with Radar,845,154,52,4,1055,4,0,0,0,4,849,154,52,4,1059,0,0,0,1059
05/16/2012,MIA,FL,ASO,ES,Combined TRACON& Tower with Radar,862,159,37,0,1058,6,1,3,0,10,868,160,40,0,1068,0,0,0,1068
05/17/2012,MIA,FL,ASO,ES,Combined TRACON& Tower with Radar,870,158,36,6,1070,4,2,7,0,13,874,160,43,6,1083,0,0,0,1083
05/18/2012,MIA,FL,ASO,ES,Combined TRACON& Tower with Radar,866,154,40,4,1064,3,2,16,0,21,869,156,56,4,1085,0,0,0,1085
05/19/2012,MIA,FL,ASO,ES,Combined TRACON& Tower with Radar,824,115,26,1,966,4,1,12,0,17,828,116,38,1,983,0,0,0,983
05/20/2012,MIA,FL,ASO,ES,Combined TRACON& Tower with Radar,858,117,43,2,1020,0,1,7,0,8,858,118,50,2,1028,0,0,0,1028
05/21/2012,MIA,FL,ASO,ES,Combined TRACON& Tower with Radar,831,147,20,3,1001,4,0,6,0,10,835,147,26,3,1011,0,0,0,1011
05/22/2012,MIA,FL,ASO,ES,Combined TRACON& Tower with Radar,802,127,26,5,960,4,0,7,0,11,806,127,33,5,971,0,0,0,971
05/23/2012,MIA,FL,ASO,ES,Combined TRACON& Tower with Radar,876,144,38,2,1060,4,0,4,3,11,880,144,42,5,1071,0,0,0,1071
05/24/2012,MIA,FL,ASO,ES,Combined TRACON& Tower with Radar,878,154,27,3,1062,2,1,5,0,8,880,155,32,3,1070,0,0,0,1070
05/25/2012,MIA,FL,ASO,ES,Combined TRACON& Tower with Radar,898,147,35,1,1081,7,0,13,1,21,905,147,48,2,1102,0,0,0,1102
05/26/2012,MIA,FL,ASO,ES,Combined TRACON& Tower with Radar,832,105,22,3,962,6,2,3,2,13,838,107,25,5,975,0,0,0,975
05/27/2012,MIA,FL,ASO,ES,Combined TRACON& Tower with Radar,839,107,33,0,979,3,0,6,0,9,842,107,39,0,988,0,0,0,988
05/28/2012,MIA,FL,ASO,ES,Combined TRACON& Tower with Radar,827,132,19,3,981,5,2,18,0,25,832,134,37,3,1006,0,0,0,1006
05/29/2012,MIA,FL,ASO,ES,Combined TRACON& Tower with Radar,802,127,46,7,982,2,4,8,0,14,804,131,54,7,996,0,0,0,996
05/30/2012,MIA,FL,ASO,ES,Combined TRACON& Tower with Radar,847,141,28,2,1018,3,2,9,0,14,850,143,37,2,1032,0,0,0,1032
05/31/2012,MIA,FL,ASO,ES,Combined TRACON& Tower with Radar,862,147,29,2,1040,6,0,5,2,13,868,147,34,4,1053,0,0,0,1053
06/01/2012,MIA,FL,ASO,ES,Combined TRACON& Tower with Radar,865,129,39,0,1033,4,3,7,0,14,869,132,46,0,1047,0,0,0,1047
06/02/2012,MIA,FL,ASO,ES,Combined TRACON& Tower with Radar,833,119,30,0,982,6,3,7,0,16,839,122,37,0,998,0,0,0,998
06/03/2012,MIA,FL,ASO,ES,Combined TRACON& Tower with Radar,850,103,29,1,983,1,2,8,0,11,851,105,37,1,994,0,0,0,994
06/04/2012,MIA,FL,ASO,ES,Combined TRACON& Tower with Radar,821,145,41,3,1010,5,1,5,0,11,826,146,46,3,1021,0,0,0,1021
06/05/2012,MIA,FL,ASO,ES,Combined TRACON& Tower with Radar,841,153,43,1,1038,3,1,10,0,14,844,154,53,1,1052,0,0,0,1052
06/06/2012,MIA,FL,ASO,ES,Combined TRACON& Tower with Radar,844,174,43,3,1064,3,0,6,2,11,847,174,49,5,1075,0,0,0,1075
06/07/2012,MIA,FL,ASO,ES,Combined TRACON& Tower with Radar,864,152,33,4,1053,1,0,8,0,9,865,152,41,4,1062,0,0,0,1062
06/08/2012,MIA,FL,ASO,ES,Combined TRACON& Tower with Radar,865,157,23,3,1048,8,4,8,0,20,873,161,31,3,1068,0,0,0,1068
06/09/2012,MIA,FL,ASO,ES,Combined TRACON& Tower with Radar,849,119,30,0,998,2,1,12,0,15,851,120,42,0,1013,0,0,0,1013
06/10/2012,MIA,FL,ASO,ES,Combined TRACON& Tower with Radar,833,126,39,0,998,6,1,6,0,13,839,127,45,0,1011,0,0,0,1011
06/11/2012,MIA,FL,ASO,ES,Combined TRACON& Tower with Radar,836,150,25,0,1011,4,0,18,0,22,840,150,43,0,1033,0,0,0,1033
06/12/2012,MIA,FL,ASO,ES,Combined TRACON& Tower with Radar,831,155,21,6,1013,5,9,5,0,19,836,164,26,6,1032,0,0,0,1032
06/13/2012,MIA,FL,ASO,ES,Combined TRACON& Tower with Radar,846,171,22,3,1042,4,3,15,0,22,850,174,37,3,1064,0,0,0,1064
06/14/2012,MIA,FL,ASO,ES,Combined TRACON& Tower with Radar,867,162,37,3,1069,3,1,12,2,18,870,163,49,5,1087,0,0,0,1087
06/15/2012,MIA,FL,ASO,ES,Combined TRACON& Tower with Radar,889,180,43,0,1112,3,0,11,0,14,892,180,54,0,1126,0,0,0,1126
06/16/2012,MIA,FL,ASO,ES,Combined TRACON& Tower with Radar,905,143,22,0,1070,3,6,13,0,22,908,149,35,0,1092,0,0,0,1092
06/17/2012,MIA,FL,ASO,ES,Combined TRACON& Tower with Radar,870,149,42,1,1062,2,2,17,0,21,872,151,59,1,1083,0,0,0,1083
06/18/2012,MIA,FL,ASO,ES,Combined TRACON& Tower with Radar,857,148,32,3,1040,6,4,4,0,14,863,152,36,3,1054,0,0,0,1054
06/19/2012,MIA,FL,ASO,ES,Combined TRACON& Tower with Radar,846,144,44,5,1039,3,1,3,0,7,849,145,47,5,1046,0,0,0,1046
06/20/2012,MIA,FL,ASO,ES,Combined TRACON& Tower with Radar,874,143,38,1,1056,6,2,5,1,14,880,145,43,2,1070,0,0,0,1070
06/21/2012,MIA,FL,ASO,ES,Combined TRACON& Tower with Radar,881,145,52,3,1081,8,2,9,0,19,889,147,61,3,1100,0,0,0,1100
06/22/2012,MIA,FL,ASO,ES,Combined TRACON& Tower with Radar,872,152,52,9,1085,3,0,4,2,9,875,152,56,11,1094,0,0,0,1094
06/23/2012,MIA,FL,ASO,ES,Combined TRACON& Tower with Radar,869,118,30,0,1017,4,0,7,0,11,873,118,37,0,1028,0,0,0,1028
06/24/2012,MIA,FL,ASO,ES,Combined TRACON& Tower with Radar,857,106,29,0,992,2,0,2,0,4,859,106,31,0,996,0,0,0,996
06/25/2012,MIA,FL,ASO,ES,Combined TRACON& Tower with Radar,867,128,32,5,1032,5,0,4,0,9,872,128,36,5,1041,0,0,0,1041
06/26/2012,MIA,FL,ASO,ES,Combined TRACON& Tower with Radar,879,126,27,2,1034,2,1,7,0,10,881,127,34,2,1044,0,0,0,1044
06/27/2012,MIA,FL,ASO,ES,Combined TRACON& Tower with Radar,895,133,32,6,1066,4,1,7,0,12,899,134,39,6,1078,0,0,0,1078
06/28/2012,MIA,FL,ASO,ES,Combined TRACON& Tower with Radar,887,141,38,1,1067,4,1,23,0,28,891,142,61,1,1095,0,0,0,1095
06/29/2012,MIA,FL,ASO,ES,Combined TRACON& Tower with Radar,903,146,39,7,1095,5,1,14,4,24,908,147,53,11,1119,0,0,0,1119
06/30/2012,MIA,FL,ASO,ES,Combined TRACON& Tower with Radar,880,117,21,3,1021,1,0,9,0,10,881,117,30,3,1031,0,0,0,1031
07/01/2012,MIA,FL,ASO,ES,Combined TRACON& Tower with Radar,858,100,29,2,989,4,0,20,0,24,862,100,49,2,1013,0,0,0,1013
07/02/2012,MIA,FL,ASO,ES,Combined TRACON& Tower with Radar,854,135,32,0,1021,5,1,6,0,12,859,136,38,0,1033,0,0,0,1033
07/03/2012,MIA,FL,ASO,ES,Combined TRACON& Tower with Radar,840,123,34,0,997,7,5,10,0,22,847,128,44,0,1019,0,0,0,1019
07/04/2012,MIA,FL,ASO,ES,Combined TRACON& Tower with Radar,815,125,15,2,957,5,0,8,0,13,820,125,23,2,970,0,0,0,970
07/05/2012,MIA,FL,ASO,ES,Combined TRACON& Tower with Radar,841,131,33,6,1011,3,3,13,3,22,844,134,46,9,1033,0,0,0,1033
07/06/2012,MIA,FL,ASO,ES,Combined TRACON& Tower with Radar,882,142,21,2,1047,4,1,17,0,22,886,143,38,2,1069,0,0,0,1069
07/07/2012,MIA,FL,ASO,ES,Combined TRACON& Tower with Radar,867,115,20,0,1002,8,0,11,0,19,875,115,31,0,1021,0,0,0,1021
07/08/2012,MIA,FL,ASO,ES,Combined TRACON& Tower with Radar,869,119,25,1,1014,6,1,7,0,14,875,120,32,1,1028,0,0,0,1028
07/09/2012,MIA,FL,ASO,ES,Combined TRACON& Tower with Radar,868,135,33,1,1037,8,1,5,0,14,876,136,38,1,1051,0,0,0,1051
07/10/2012,MIA,FL,ASO,ES,Combined TRACON& Tower with Radar,859,125,19,3,1006,6,0,12,1,19,865,125,31,4,1025,0,0,0,1025
07/11/2012,MIA,FL,ASO,ES,Combined TRACON& Tower with Radar,876,144,30,1,1051,0,2,4,0,6,876,146,34,1,1057,0,0,0,1057
07/12/2012,MIA,FL,ASO,ES,Combined TRACON& Tower with Radar,905,139,36,3,1083,1,2,13,0,16,906,141,49,3,1099,0,0,0,1099
07/13/2012,MIA,FL,ASO,ES,Combined TRACON& Tower with Radar,887,142,40,0,1069,7,0,11,0,18,894,142,51,0,1087,0,0,0,1087
07/14/2012,MIA,FL,ASO,ES,Combined TRACON& Tower with Radar,871,114,26,1,1012,1,2,14,0,17,872,116,40,1,1029,0,0,0,1029
07/15/2012,MIA,FL,ASO,ES,Combined TRACON& Tower with Radar,847,101,30,0,978,5,0,5,0,10,852,101,35,0,988,0,0,0,988
07/16/2012,MIA,FL,ASO,ES,Combined TRACON& Tower with Radar,859,125,28,0,1012,2,0,5,0,7,861,125,33,0,1019,0,0,0,1019
07/17/2012,MIA,FL,ASO,ES,Combined TRACON& Tower with Radar,888,126,31,1,1046,6,1,2,0,9,894,127,33,1,1055,0,0,0,1055
07/18/2012,MIA,FL,ASO,ES,Combined TRACON& Tower with Radar,852,133,37,3,1025,4,1,11,0,16,856,134,48,3,1041,0,0,0,1041
07/19/2012,MIA,FL,ASO,ES,Combined TRACON& Tower with Radar,899,135,32,0,1066,4,0,10,0,14,903,135,42,0,1080,0,0,0,1080
07/20/2012,MIA,FL,ASO,ES,Combined TRACON& Tower with Radar,904,142,30,4,1080,4,0,10,0,14,908,142,40,4,1094,0,0,0,1094
07/21/2012,MIA,FL,ASO,ES,Combined TRACON& Tower with Radar,872,105,16,1,994,3,1,4,0,8,875,106,20,1,1002,0,0,0,1002
07/22/2012,MIA,FL,ASO,ES,Combined TRACON& Tower with Radar,880,102,24,2,1008,3,0,6,0,9,883,102,30,2,1017,0,0,0,1017
07/23/2012,MIA,FL,ASO,ES,Combined TRACON& Tower with Radar,858,139,26,4,1027,6,3,7,0,16,864,142,33,4,1043,0,0,0,1043
07/24/2012,MIA,FL,ASO,ES,Combined TRACON& Tower with Radar,866,143,33,1,1043,6,1,9,0,16,872,144,42,1,1059,0,0,0,1059
07/25/2012,MIA,FL,ASO,ES,Combined TRACON& Tower with Radar,898,124,47,2,1071,4,5,9,0,18,902,129,56,2,1089,0,0,0,1089
07/26/2012,MIA,FL,ASO,ES,Combined TRACON& Tower with Radar,873,140,27,4,1044,3,0,8,0,11,876,140,35,4,1055,0,0,0,1055
07/27/2012,MIA,FL,ASO,ES,Combined TRACON& Tower with Radar,908,132,40,1,1081,7,0,10,0,17,915,132,50,1,1098,0,0,0,1098
07/28/2012,MIA,FL,ASO,ES,Combined TRACON& Tower with Radar,872,111,21,0,1004,3,0,9,0,12,875,111,30,0,1016,0,0,0,1016
07/29/2012,MIA,FL,ASO,ES,Combined TRACON& Tower with Radar,868,106,29,0,1003,4,0,11,0,15,872,106,40,0,1018,0,0,0,1018
07/30/2012,MIA,FL,ASO,ES,Combined TRACON& Tower with Radar,869,136,30,0,1035,9,0,18,0,27,878,136,48,0,1062,0,0,0,1062
07/31/2012,MIA,FL,ASO,ES,Combined TRACON& Tower with Radar,865,140,36,2,1043,6,2,6,0,14,871,142,42,2,1057,0,0,0,1057
08/01/2012,MIA,FL,ASO,ES,Combined TRACON& Tower with Radar,873,137,22,1,1033,4,4,8,0,16,877,141,30,1,1049,0,0,0,1049
08/02/2012,MIA,FL,ASO,ES,Combined TRACON& Tower with Radar,885,145,31,1,1062,7,2,8,0,17,892,147,39,1,1079,0,0,0,1079
08/03/2012,MIA,FL,ASO,ES,Combined TRACON& Tower with Radar,904,134,36,1,1075,2,0,5,0,7,906,134,41,1,1082,0,0,0,1082
08/04/2012,MIA,FL,ASO,ES,Combined TRACON& Tower with Radar,880,110,23,3,1016,3,0,5,0,8,883,110,28,3,1024,0,0,0,1024
08/05/2012,MIA,FL,ASO,ES,Combined TRACON& Tower with Radar,857,103,24,0,984,1,0,2,0,3,858,103,26,0,987,0,0,0,987
08/06/2012,MIA,FL,ASO,ES,Combined TRACON& Tower with Radar,870,121,37,2,1030,2,1,2,0,5,872,122,39,2,1035,0,0,0,1035
08/07/2012,MIA,FL,ASO,ES,Combined TRACON& Tower with Radar,871,136,12,3,1022,3,2,6,0,11,874,138,18,3,1033,0,0,0,1033
08/08/2012,MIA,FL,ASO,ES,Combined TRACON& Tower with Radar,877,135,30,3,1045,2,2,17,2,23,879,137,47,5,1068,0,0,0,1068
08/09/2012,MIA,FL,ASO,ES,Combined TRACON& Tower with Radar,879,132,30,2,1043,5,5,26,0,36,884,137,56,2,1079,0,0,0,1079
08/10/2012,MIA,FL,ASO,ES,Combined TRACON& Tower with Radar,898,139,29,2,1068,1,0,7,2,10,899,139,36,4,1078,0,0,0,1078
08/11/2012,MIA,FL,ASO,ES,Combined TRACON& Tower with Radar,880,116,17,0,1013,5,1,9,0,15,885,117,26,0,1028,0,0,0,1028
08/12/2012,MIA,FL,ASO,ES,Combined TRACON& Tower with Radar,869,115,26,0,1010,2,0,3,0,5,871,115,29,0,1015,0,0,0,1015
08/13/2012,MIA,FL,ASO,ES,Combined TRACON& Tower with Radar,869,134,23,2,1028,4,0,14,0,18,873,134,37,2,1046,0,0,0,1046
08/14/2012,MIA,FL,ASO,ES,Combined TRACON& Tower with Radar,856,136,21,2,1015,8,2,21,0,31,864,138,42,2,1046,0,0,0,1046
08/15/2012,MIA,FL,ASO,ES,Combined TRACON& Tower with Radar,886,139,29,4,1058,6,6,19,0,31,892,145,48,4,1089,0,0,0,1089
08/16/2012,MIA,FL,ASO,ES,Combined TRACON& Tower with Radar,891,142,21,3,1057,4,4,4,0,12,895,146,25,3,1069,0,0,0,1069
08/17/2012,MIA,FL,ASO,ES,Combined TRACON& Tower with Radar,897,141,28,2,1068,5,0,20,0,25,902,141,48,2,1093,0,0,0,1093
08/18/2012,MIA,FL,ASO,ES,Combined TRACON& Tower with Radar,866,108,28,1,1003,3,1,6,0,10,869,109,34,1,1013,0,0,0,1013
08/19/2012,MIA,FL,ASO,ES,Combined TRACON& Tower with Radar,850,105,15,0,970,11,0,4,0,15,861,105,19,0,985,0,0,0,985
08/20/2012,MIA,FL,ASO,ES,Combined TRACON& Tower with Radar,869,137,34,1,1041,4,0,14,0,18,873,137,48,1,1059,0,0,0,1059
08/21/2012,MIA,FL,ASO,ES,Combined TRACON& Tower with Radar,782,104,19,1,906,1,2,11,0,14,783,106,30,1,920,0,0,0,920
08/22/2012,MIA,FL,ASO,ES,Combined TRACON& Tower with Radar,788,139,25,1,953,3,0,14,0,17,791,139,39,1,970,0,0,0,970
08/23/2012,MIA,FL,ASO,ES,Combined TRACON& Tower with Radar,822,140,34,0,996,5,4,13,0,22,827,144,47,0,1018,0,0,0,1018
08/24/2012,MIA,FL,ASO,ES,Combined TRACON& Tower with Radar,830,137,22,2,991,4,0,10,0,14,834,137,32,2,1005,0,0,0,1005
08/25/2012,MIA,FL,ASO,ES,Combined TRACON& Tower with Radar,802,106,34,0,942,3,1,0,0,4,805,107,34,0,946,0,0,0,946
08/26/2012,MIA,FL,ASO,ES,Combined TRACON& Tower with Radar,283,37,1,0,321,0,0,0,0,0,283,37,1,0,321,0,0,0,321
08/27/2012,MIA,FL,ASO,ES,Combined TRACON& Tower with Radar,712,97,28,1,838,7,0,0,0,7,719,97,28,1,845,0,0,0,845
08/28/2012,MIA,FL,ASO,ES,Combined TRACON& Tower with Radar,801,121,27,3,952,7,2,11,0,20,808,123,38,3,972,0,0,0,972
08/29/2012,MIA,FL,ASO,ES,Combined TRACON& Tower with Radar,807,126,24,6,963,5,3,16,1,25,812,129,40,7,988,0,0,0,988
08/30/2012,MIA,FL,ASO,ES,Combined TRACON& Tower with Radar,831,140,23,4,998,2,0,11,0,13,833,140,34,4,1011,0,0,0,1011
08/31/2012,MIA,FL,ASO,ES,Combined TRACON& Tower with Radar,845,141,33,1,1020,2,1,11,1,15,847,142,44,2,1035,0,0,0,1035
09/01/2012,MIA,FL,ASO,ES,Combined TRACON& Tower with Radar,785,94,14,0,893,3,1,4,0,8,788,95,18,0,901,0,0,0,901
09/02/2012,MIA,FL,ASO,ES,Combined TRACON& Tower with Radar,769,85,13,0,867,4,4,7,0,15,773,89,20,0,882,0,0,0,882
09/03/2012,MIA,FL,ASO,ES,Combined TRACON& Tower with Radar,770,139,25,0,934,5,1,2,0,8,775,140,27,0,942,0,0,0,942
09/04/2012,MIA,FL,ASO,ES,Combined TRACON& Tower with Radar,733,116,21,2,872,5,1,6,0,12,738,117,27,2,884,0,0,0,884
09/05/2012,MIA,FL,ASO,ES,Combined TRACON& Tower with Radar,769,122,30,0,921,3,0,11,0,14,772,122,41,0,935,0,0,0,935
09/06/2012,MIA,FL,ASO,ES,Combined TRACON& Tower with Radar,833,124,26,3,986,6,2,4,0,12,839,126,30,3,998,0,0,0,998
09/07/2012,MIA,FL,ASO,ES,Combined TRACON& Tower with Radar,824,138,31,0,993,5,2,9,0,16,829,140,40,0,1009,0,0,0,1009
09/08/2012,MIA,FL,ASO,ES,Combined TRACON& Tower with Radar,777,101,18,0,896,3,0,8,1,12,780,101,26,1,908,0,0,0,908
09/09/2012,MIA,FL,ASO,ES,Combined TRACON& Tower with Radar,776,106,25,3,910,3,6,5,0,14,779,112,30,3,924,0,0,0,924
09/10/2012,MIA,FL,ASO,ES,Combined TRACON& Tower with Radar,779,135,28,3,945,4,0,13,1,18,783,135,41,4,963,0,0,0,963
09/11/2012,MIA,FL,ASO,ES,Combined TRACON& Tower with Radar,761,129,29,6,925,2,1,9,1,13,763,130,38,7,938,0,0,0,938
09/12/2012,MIA,FL,ASO,ES,Combined TRACON& Tower with Radar,776,130,36,1,943,5,0,9,2,16,781,130,45,3,959,0,0,0,959
09/13/2012,MIA,FL,ASO,ES,Combined TRACON& Tower with Radar,832,137,26,2,997,2,4,4,0,10,834,141,30,2,1007,0,0,0,1007
09/14/2012,MIA,FL,ASO,ES,Combined TRACON& Tower with Radar,820,149,42,8,1019,1,4,7,1,13,821,153,49,9,1032,0,0,0,1032
09/15/2012,MIA,FL,ASO,ES,Combined TRACON& Tower with Radar,777,110,15,0,902,3,0,12,1,16,780,110,27,1,918,0,0,0,918
09/16/2012,MIA,FL,ASO,ES,Combined TRACON& Tower with Radar,763,110,13,1,887,5,2,6,0,13,768,112,19,1,900,0,0,0,900
09/17/2012,MIA,FL,ASO,ES,Combined TRACON& Tower with Radar,758,138,31,4,931,3,2,4,0,9,761,140,35,4,940,0,0,0,940
09/18/2012,MIA,FL,ASO,ES,Combined TRACON& Tower with Radar,739,137,25,2,903,4,3,9,0,16,743,140,34,2,919,0,0,0,919
09/19/2012,MIA,FL,ASO,ES,Combined TRACON& Tower with Radar,783,128,32,5,948,0,0,3,0,3,783,128,35,5,951,0,0,0,951
09/20/2012,MIA,FL,ASO,ES,Combined TRACON& Tower with Radar,788,142,16,5,951,3,4,12,1,20,791,146,28,6,971,0,0,0,971
09/21/2012,MIA,FL,ASO,ES,Combined TRACON& Tower with Radar,806,143,36,2,987,4,5,4,0,13,810,148,40,2,1000,0,0,0,1000
09/22/2012,MIA,FL,ASO,ES,Combined TRACON& Tower with Radar,784,98,17,4,903,8,0,3,0,11,792,98,20,4,914,0,0,0,914
09/23/2012,MIA,FL,ASO,ES,Combined TRACON& Tower with Radar,778,95,14,1,888,3,0,3,0,6,781,95,17,1,894,0,0,0,894
09/24/2012,MIA,FL,ASO,ES,Combined TRACON& Tower with Radar,764,127,24,2,917,3,0,9,0,12,767,127,33,2,929,0,0,0,929
09/25/2012,MIA,FL,ASO,ES,Combined TRACON& Tower with Radar,749,127,25,3,904,1,15,7,0,23,750,142,32,3,927,0,0,0,927
09/26/2012,MIA,FL,ASO,ES,Combined TRACON& Tower with Radar,784,127,27,4,942,4,20,8,0,32,788,147,35,4,974,0,0,0,974
09/27/2012,MIA,FL,ASO,ES,Combined TRACON& Tower with Radar,817,152,49,1,1019,2,10,10,0,22,819,162,59,1,1041,0,0,0,1041
09/28/2012,MIA,FL,ASO,ES,Combined TRACON& Tower with Radar,817,142,34,3,996,2,0,17,0,19,819,142,51,3,1015,0,0,0,1015
09/29/2012,MIA,FL,ASO,ES,Combined TRACON& Tower with Radar,771,99,15,2,887,3,1,10,0,14,774,100,25,2,901,0,0,0,901
09/30/2012,MIA,FL,ASO,ES,Combined TRACON& Tower with Radar,782,115,31,0,928,4,0,5,0,9,786,115,36,0,937,0,0,0,937
10/01/2012,MIA,FL,ASO,ES,Combined TRACON& Tower with Radar,788,124,37,5,954,3,0,5,0,8,791,124,42,5,962,0,0,0,962
10/02/2012,MIA,FL,ASO,ES,Combined TRACON& Tower with Radar,764,130,41,2,937,5,0,8,0,13,769,130,49,2,950,0,0,0,950
10/03/2012,MIA,FL,ASO,ES,Combined TRACON& Tower with Radar,791,141,40,0,972,5,1,8,0,14,796,142,48,0,986,0,0,0,986
10/04/2012,MIA,FL,ASO,ES,Combined TRACON& Tower with Radar,801,142,49,2,994,5,0,6,0,11,806,142,55,2,1005,0,0,0,1005
10/05/2012,MIA,FL,ASO,ES,Combined TRACON& Tower with Radar,792,156,51,4,1003,8,2,16,1,27,800,158,67,5,1030,0,0,0,1030
10/06/2012,MIA,FL,ASO,ES,Combined TRACON& Tower with Radar,784,102,19,1,906,3,0,5,0,8,787,102,24,1,914,0,0,0,914
10/07/2012,MIA,FL,ASO,ES,Combined TRACON& Tower with Radar,810,105,13,1,929,6,0,2,2,10,816,105,15,3,939,0,0,0,939
10/08/2012,MIA,FL,ASO,ES,Combined TRACON& Tower with Radar,791,123,28,3,945,6,0,5,0,11,797,123,33,3,956,0,0,0,956
10/09/2012,MIA,FL,ASO,ES,Combined TRACON& Tower with Radar,768,118,31,1,918,5,0,12,0,17,773,118,43,1,935,0,0,0,935
10/10/2012,MIA,FL,ASO,ES,Combined TRACON& Tower with Radar,788,133,34,5,960,5,1,18,0,24,793,134,52,5,984,0,0,0,984
10/11/2012,MIA,FL,ASO,ES,Combined TRACON& Tower with Radar,824,129,16,2,971,3,2,16,1,22,827,131,32,3,993,0,0,0,993
10/12/2012,MIA,FL,ASO,ES,Combined TRACON& Tower with Radar,829,144,28,2,1003,4,0,14,0,18,833,144,42,2,1021,0,0,0,1021
10/13/2012,MIA,FL,ASO,ES,Combined TRACON& Tower with Radar,797,103,13,0,913,0,0,7,0,7,797,103,20,0,920,0,0,0,920
10/14/2012,MIA,FL,ASO,ES,Combined TRACON& Tower with Radar,786,107,30,1,924,5,0,5,0,10,791,107,35,1,934,0,0,0,934
10/15/2012,MIA,FL,ASO,ES,Combined TRACON& Tower with Radar,794,135,40,0,969,6,0,4,2,12,800,135,44,2,981,0,0,0,981
10/16/2012,MIA,FL,ASO,ES,Combined TRACON& Tower with Radar,768,131,35,1,935,2,0,6,0,8,770,131,41,1,943,0,0,0,943
10/17/2012,MIA,FL,ASO,ES,Combined TRACON& Tower with Radar,769,136,34,2,941,8,2,15,0,25,777,138,49,2,966,0,0,0,966
10/18/2012,MIA,FL,ASO,ES,Combined TRACON& Tower with Radar,813,152,29,2,996,4,0,11,0,15,817,152,40,2,1011,0,0,0,1011
10/19/2012,MIA,FL,ASO,ES,Combined TRACON& Tower with Radar,808,155,38,1,1002,7,1,28,0,36,815,156,66,1,1038,0,0,0,1038
10/20/2012,MIA,FL,ASO,ES,Combined TRACON& Tower with Radar,776,111,21,0,908,4,0,10,0,14,780,111,31,0,922,0,0,0,922
10/21/2012,MIA,FL,ASO,ES,Combined TRACON& Tower with Radar,770,124,37,4,935,4,0,10,0,14,774,124,47,4,949,0,0,0,949
10/22/2012,MIA,FL,ASO,ES,Combined TRACON& Tower with Radar,782,146,53,3,984,5,1,7,0,13,787,147,60,3,997,0,0,0,997
10/23/2012,MIA,FL,ASO,ES,Combined TRACON& Tower with Radar,756,156,41,3,956,4,0,5,0,9,760,156,46,3,965,0,0,0,965
10/24/2012,MIA,FL,ASO,ES,Combined TRACON& Tower with Radar,758,144,25,0,927,5,1,12,0,18,763,145,37,0,945,0,0,0,945
10/25/2012,MIA,FL,ASO,ES,Combined TRACON& Tower with Radar,788,116,23,0,927,6,1,1,0,8,794,117,24,0,935,0,0,0,935
10/26/2012,MIA,FL,ASO,ES,Combined TRACON& Tower with Radar,810,121,34,2,967,3,3,0,0,6,813,124,34,2,973,0,0,0,973
10/27/2012,MIA,FL,ASO,ES,Combined TRACON& Tower with Radar,785,124,35,3,947,3,2,12,0,17,788,126,47,3,964,0,0,0,964
10/28/2012,MIA,FL,ASO,ES,Combined TRACON& Tower with Radar,776,120,41,0,937,3,0,10,0,13,779,120,51,0,950,0,0,0,950
10/29/2012,MIA,FL,ASO,ES,Combined TRACON& Tower with Radar,687,138,42,2,869,7,1,10,1,19,694,139,52,3,888,0,0,0,888
10/30/2012,MIA,FL,ASO,ES,Combined TRACON& Tower with Radar,684,124,20,1,829,5,2,10,0,17,689,126,30,1,846,0,0,0,846
10/31/2012,MIA,FL,ASO,ES,Combined TRACON& Tower with Radar,732,152,43,3,930,5,0,15,1,21,737,152,58,4,951,0,0,0,951
11/01/2012,MIA,FL,ASO,ES,Combined TRACON& Tower with Radar,839,155,48,7,1049,5,7,9,0,21,844,162,57,7,1070,0,0,0,1070
11/02/2012,MIA,FL,ASO,ES,Combined TRACON& Tower with Radar,827,158,39,3,1027,2,4,14,2,22,829,162,53,5,1049,0,0,0,1049
11/03/2012,MIA,FL,ASO,ES,Combined TRACON& Tower with Radar,809,122,18,7,956,3,3,4,2,12,812,125,22,9,968,0,0,0,968
11/04/2012,MIA,FL,ASO,ES,Combined TRACON& Tower with Radar,799,148,42,5,994,6,6,12,0,24,805,154,54,5,1018,0,0,0,1018
11/05/2012,MIA,FL,ASO,ES,Combined TRACON& Tower with Radar,788,149,33,7,977,2,3,7,1,13,790,152,40,8,990,0,0,0,990
11/06/2012,MIA,FL,ASO,ES,Combined TRACON& Tower with Radar,767,145,26,2,940,5,1,20,2,28,772,146,46,4,968,0,0,0,968
11/07/2012,MIA,FL,ASO,ES,Combined TRACON& Tower with Radar,746,156,30,5,937,7,4,9,0,20,753,160,39,5,957,0,0,0,957
11/08/2012,MIA,FL,ASO,ES,Combined TRACON& Tower with Radar,804,165,53,2,1024,5,4,4,0,13,809,169,57,2,1037,0,0,0,1037
11/09/2012,MIA,FL,ASO,ES,Combined TRACON& Tower with Radar,829,177,66,2,1074,3,2,9,0,14,832,179,75,2,1088,0,0,0,1088
11/10/2012,MIA,FL,ASO,ES,Combined TRACON& Tower with Radar,815,129,30,2,976,2,1,10,1,14,817,130,40,3,990,0,0,0,990
11/11/2012,MIA,FL,ASO,ES,Combined TRACON& Tower with Radar,786,135,51,0,972,6,0,8,0,14,792,135,59,0,986,0,0,0,986
11/12/2012,MIA,FL,ASO,ES,Combined TRACON& Tower with Radar,776,146,45,0,967,6,0,8,0,14,782,146,53,0,981,0,0,0,981
11/13/2012,MIA,FL,ASO,ES,Combined TRACON& Tower with Radar,764,146,45,1,956,8,1,10,0,19,772,147,55,1,975,0,0,0,975
11/14/2012,MIA,FL,ASO,ES,Combined TRACON& Tower with Radar,784,162,54,2,1002,5,0,8,0,13,789,162,62,2,1015,0,0,0,1015
11/15/2012,MIA,FL,ASO,ES,Combined TRACON& Tower with Radar,867,212,55,1,1135,1,3,17,0,21,868,215,72,1,1156,0,0,0,1156
11/16/2012,MIA,FL,ASO,ES,Combined TRACON& Tower with Radar,873,232,75,1,1181,9,1,24,0,34,882,233,99,1,1215,0,0,0,1215
11/17/2012,MIA,FL,ASO,ES,Combined TRACON& Tower with Radar,872,173,38,0,1083,5,4,42,2,53,877,177,80,2,1136,0,0,0,1136
11/18/2012,MIA,FL,ASO,ES,Combined TRACON& Tower with Radar,823,178,41,1,1043,6,2,61,0,69,829,180,102,1,1112,0,0,0,1112
11/19/2012,MIA,FL,ASO,ES,Combined TRACON& Tower with Radar,814,220,66,7,1107,6,1,14,0,21,820,221,80,7,1128,0,0,0,1128
11/20/2012,MIA,FL,ASO,ES,Combined TRACON& Tower with Radar,829,213,53,5,1100,10,1,4,0,15,839,214,57,5,1115,0,0,0,1115
11/21/2012,MIA,FL,ASO,ES,Combined TRACON& Tower with Radar,827,220,36,1,1084,6,4,8,0,18,833,224,44,1,1102,0,0,0,1102
11/22/2012,MIA,FL,ASO,ES,Combined TRACON& Tower with Radar,774,152,28,1,955,4,0,3,0,7,778,152,31,1,962,0,0,0,962
11/23/2012,MIA,FL,ASO,ES,Combined TRACON& Tower with Radar,831,181,30,0,1042,4,2,22,0,28,835,183,52,0,1070,0,0,0,1070
11/24/2012,MIA,FL,ASO,ES,Combined TRACON& Tower with Radar,864,182,36,0,1082,2,2,15,0,19,866,184,51,0,1101,0,0,0,1101
11/25/2012,MIA,FL,ASO,ES,Combined TRACON& Tower with Radar,852,218,70,1,1141,1,2,12,0,15,853,220,82,1,1156,0,0,0,1156
11/26/2012,MIA,FL,ASO,ES,Combined TRACON& Tower with Radar,831,210,32,5,1078,6,0,9,2,17,837,210,41,7,1095,0,0,0,1095
11/27/2012,MIA,FL,ASO,ES,Combined TRACON& Tower with Radar,813,193,30,2,1038,8,0,10,0,18,821,193,40,2,1056,0,0,0,1056
11/28/2012,MIA,FL,ASO,ES,Combined TRACON& Tower with Radar,834,203,33,1,1071,4,1,7,0,12,838,204,40,1,1083,0,0,0,1083
11/29/2012,MIA,FL,ASO,ES,Combined TRACON& Tower with Radar,885,200,43,5,1133,7,0,8,0,15,892,200,51,5,1148,0,0,0,1148
11/30/2012,MIA,FL,ASO,ES,Combined TRACON& Tower with Radar,891,207,40,11,1149,4,1,7,0,12,895,208,47,11,1161,0,0,0,1161
12/01/2012,MIA,FL,ASO,ES,Combined TRACON& Tower with Radar,860,171,35,0,1066,1,0,13,0,14,861,171,48,0,1080,0,0,0,1080
12/02/2012,MIA,FL,ASO,ES,Combined TRACON& Tower with Radar,850,171,42,0,1063,4,2,3,0,9,854,173,45,0,1072,0,0,0,1072
12/03/2012,MIA,FL,ASO,ES,Combined TRACON& Tower with Radar,821,211,38,7,1077,7,2,4,0,13,828,213,42,7,1090,0,0,0,1090
12/04/2012,MIA,FL,ASO,ES,Combined TRACON& Tower with Radar,833,223,74,4,1134,2,0,5,0,7,835,223,79,4,1141,0,0,0,1141
12/05/2012,MIA,FL,ASO,ES,Combined TRACON& Tower with Radar,841,255,101,3,1200,2,7,8,1,18,843,262,109,4,1218,0,0,0,1218
12/06/2012,MIA,FL,ASO,ES,Combined TRACON& Tower with Radar,889,257,90,3,1239,5,2,10,1,18,894,259,100,4,1257,0,0,0,1257
12/07/2012,MIA,FL,ASO,ES,Combined TRACON& Tower with Radar,875,235,78,2,1190,7,3,9,1,20,882,238,87,3,1210,0,0,0,1210
12/08/2012,MIA,FL,ASO,ES,Combined TRACON& Tower with Radar,872,202,61,1,1136,4,2,14,0,20,876,204,75,1,1156,0,0,0,1156
12/09/2012,MIA,FL,ASO,ES,Combined TRACON& Tower with Radar,849,210,58,2,1119,7,3,10,0,20,856,213,68,2,1139,0,0,0,1139
12/10/2012,MIA,FL,ASO,ES,Combined TRACON& Tower with Radar,848,215,41,2,1106,4,1,21,2,28,852,216,62,4,1134,0,0,0,1134
12/11/2012,MIA,FL,ASO,ES,Combined TRACON& Tower with Radar,854,211,39,2,1106,7,3,6,2,18,861,214,45,4,1124,0,0,0,1124
12/12/2012,MIA,FL,ASO,ES,Combined TRACON& Tower with Radar,841,216,32,5,1094,12,0,7,0,19,853,216,39,5,1113,0,0,0,1113
12/13/2012,MIA,FL,ASO,ES,Combined TRACON& Tower with Radar,902,214,56,2,1174,7,7,8,0,22,909,221,64,2,1196,0,0,0,1196
12/14/2012,MIA,FL,ASO,ES,Combined TRACON& Tower with Radar,914,228,66,0,1208,5,3,8,1,17,919,231,74,1,1225,0,0,0,1225
12/15/2012,MIA,FL,ASO,ES,Combined TRACON& Tower with Radar,895,181,40,4,1120,7,3,11,2,23,902,184,51,6,1143,0,0,0,1143
12/16/2012,MIA,FL,ASO,ES,Combined TRACON& Tower with Radar,884,181,22,4,1091,5,2,2,0,9,889,183,24,4,1100,0,0,0,1100
12/17/2012,MIA,FL,ASO,ES,Combined TRACON& Tower with Radar,876,213,39,3,1131,5,4,14,0,23,881,217,53,3,1154,0,0,0,1154
12/18/2012,MIA,FL,ASO,ES,Combined TRACON& Tower with Radar,896,215,31,3,1145,2,2,12,0,16,898,217,43,3,1161,0,0,0,1161
12/19/2012,MIA,FL,ASO,ES,Combined TRACON& Tower with Radar,895,219,35,2,1151,10,1,15,0,26,905,220,50,2,1177,0,0,0,1177
12/20/2012,MIA,FL,ASO,ES,Combined TRACON& Tower with Radar,951,229,36,6,1222,5,3,22,0,30,956,232,58,6,1252,0,0,0,1252
12/21/2012,MIA,FL,ASO,ES,Combined TRACON& Tower with Radar,951,255,66,3,1275,7,2,22,0,31,958,257,88,3,1306,0,0,0,1306
12/22/2012,MIA,FL,ASO,ES,Combined TRACON& Tower with Radar,941,201,60,2,1204,5,5,23,0,33,946,206,83,2,1237,0,0,0,1237
12/23/2012,MIA,FL,ASO,ES,Combined TRACON& Tower with Radar,900,191,38,3,1132,5,1,13,2,21,905,192,51,5,1153,0,0,0,1153
12/24/2012,MIA,FL,ASO,ES,Combined TRACON& Tower with Radar,820,193,13,0,1026,1,1,6,0,8,821,194,19,0,1034,0,0,0,1034
12/25/2012,MIA,FL,ASO,ES,Combined TRACON& Tower with Radar,721,171,12,1,905,5,3,1,0,9,726,174,13,1,914,0,0,0,914
12/26/2012,MIA,FL,ASO,ES,Combined TRACON& Tower with Radar,790,214,60,2,1066,8,1,8,0,17,798,215,68,2,1083,0,0,0,1083
12/27/2012,MIA,FL,ASO,ES,Combined TRACON& Tower with Radar,912,234,71,1,1218,7,1,23,0,31,919,235,94,1,1249,0,0,0,1249
12/28/2012,MIA,FL,ASO,ES,Combined TRACON& Tower with Radar,922,256,50,0,1228,8,5,11,0,24,930,261,61,0,1252,0,0,0,1252
12/29/2012,MIA,FL,ASO,ES,Combined TRACON& Tower with Radar,882,201,48,0,1131,8,2,9,0,19,890,203,57,0,1150,0,0,0,1150
12/30/2012,MIA,FL,ASO,ES,Combined TRACON& Tower with Radar,878,196,47,0,1121,5,2,13,0,20,883,198,60,0,1141,0,0,0,1141
12/31/2012,MIA,FL,ASO,ES,Combined TRACON& Tower with Radar,778,194,27,2,1001,4,0,6,0,10,782,194,33,2,1011,0,0,0,1011
01/01/2013,MIA,FL,ASO,ES,Combined TRACON& Tower with Radar,740,174,35,0,949,6,2,7,0,15,746,176,42,0,964,0,0,0,964
01/02/2013,MIA,FL,ASO,ES,Combined TRACON& Tower with Radar,831,205,56,0,1092,2,0,12,0,14,833,205,68,0,1106,0,0,0,1106
01/03/2013,MIA,FL,ASO,ES,Combined TRACON& Tower with Radar,914,222,75,2,1213,4,6,13,0,23,918,228,88,2,1236,0,0,0,1236
01/04/2013,MIA,FL,ASO,ES,Combined TRACON& Tower with Radar,920,251,74,6,1251,3,1,7,0,11,923,252,81,6,1262,0,0,0,1262
01/05/2013,MIA,FL,ASO,ES,Combined TRACON& Tower with Radar,943,242,95,2,1282,2,0,20,0,22,945,242,115,2,1304,0,0,0,1304
01/06/2013,MIA,FL,ASO,ES,Combined TRACON& Tower with Radar,874,228,92,0,1194,6,0,8,0,14,880,228,100,0,1208,0,0,0,1208
01/07/2013,MIA,FL,ASO,ES,Combined TRACON& Tower with Radar,864,243,66,3,1176,4,0,12,0,16,868,243,78,3,1192,0,0,0,1192
01/08/2013,MIA,FL,ASO,ES,Combined TRACON& Tower with Radar,866,322,157,3,1348,6,2,8,0,16,872,324,165,3,1364,0,0,0,1364
01/09/2013,MIA,FL,ASO,ES,Combined TRACON& Tower with Radar,863,215,50,2,1130,3,2,15,0,20,866,217,65,2,1150,0,0,0,1150
01/10/2013,MIA,FL,ASO,ES,Combined TRACON& Tower with Radar,886,206,32,7,1131,5,10,15,1,31,891,216,47,8,1162,0,0,0,1162
01/11/2013,MIA,FL,ASO,ES,Combined TRACON& Tower with Radar,875,208,54,7,1144,11,10,21,2,44,886,218,75,9,1188,0,0,0,1188
01/12/2013,MIA,FL,ASO,ES,Combined TRACON& Tower with Radar,888,164,37,2,1091,2,1,18,0,21,890,165,55,2,1112,0,0,0,1112
01/13/2013,MIA,FL,ASO,ES,Combined TRACON& Tower with Radar,844,177,46,4,1071,7,1,4,0,12,851,178,50,4,1083,0,0,0,1083
01/14/2013,MIA,FL,ASO,ES,Combined TRACON& Tower with Radar,826,207,54,6,1093,9,1,4,0,14,835,208,58,6,1107,0,0,0,1107
01/15/2013,MIA,FL,ASO,ES,Combined TRACON& Tower with Radar,832,214,48,4,1098,5,0,9,0,14,837,214,57,4,1112,0,0,0,1112
01/16/2013,MIA,FL,ASO,ES,Combined TRACON& Tower with Radar,851,221,58,2,1132,5,1,13,0,19,856,222,71,2,1151,0,0,0,1151
01/17/2013,MIA,FL,ASO,ES,Combined TRACON& Tower with Radar,889,223,55,4,1171,4,1,9,0,14,893,224,64,4,1185,0,0,0,1185
01/18/2013,MIA,FL,ASO,ES,Combined TRACON& Tower with Radar,894,240,39,1,1174,6,1,5,0,12,900,241,44,1,1186,0,0,0,1186
01/19/2013,MIA,FL,ASO,ES,Combined TRACON& Tower with Radar,887,178,28,3,1096,9,1,14,0,24,896,179,42,3,1120,0,0,0,1120
01/20/2013,MIA,FL,ASO,ES,Combined TRACON& Tower with Radar,864,174,32,1,1071,3,1,4,1,9,867,175,36,2,1080,0,0,0,1080
01/21/2013,MIA,FL,ASO,ES,Combined TRACON& Tower with Radar,838,226,42,3,1109,6,0,6,0,12,844,226,48,3,1121,0,0,0,1121
01/22/2013,MIA,FL,ASO,ES,Combined TRACON& Tower with Radar,836,219,68,2,1125,8,4,6,0,18,844,223,74,2,1143,0,0,0,1143
01/23/2013,MIA,FL,ASO,ES,Combined TRACON& Tower with Radar,858,210,48,2,1118,4,1,10,2,17,862,211,58,4,1135,0,0,0,1135
01/24/2013,MIA,FL,ASO,ES,Combined TRACON& Tower with Radar,896,214,38,3,1151,1,4,18,8,31,897,218,56,11,1182,0,0,0,1182
01/25/2013,MIA,FL,ASO,ES,Combined TRACON& Tower with Radar,911,215,51,5,1182,3,2,28,0,33,914,217,79,5,1215,0,0,0,1215
01/26/2013,MIA,FL,ASO,ES,Combined TRACON& Tower with Radar,905,195,43,0,1143,3,0,10,0,13,908,195,53,0,1156,0,0,0,1156
01/27/2013,MIA,FL,ASO,ES,Combined TRACON& Tower with Radar,871,194,57,0,1122,2,1,11,0,14,873,195,68,0,1136,0,0,0,1136
01/28/2013,MIA,FL,ASO,ES,Combined TRACON& Tower with Radar,858,218,47,0,1123,8,1,12,0,21,866,219,59,0,1144,0,0,0,1144
01/29/2013,MIA,FL,ASO,ES,Combined TRACON& Tower with Radar,858,208,35,5,1106,7,2,8,0,17,865,210,43,5,1123,0,0,0,1123
01/30/2013,MIA,FL,ASO,ES,Combined TRACON& Tower with Radar,862,208,55,3,1128,7,2,13,0,22,869,210,68,3,1150,0,0,0,1150
01/31/2013,MIA,FL,ASO,ES,Combined TRACON& Tower with Radar,933,216,59,5,1213,5,2,16,0,23,938,218,75,5,1236,0,0,0,1236
02/01/2013,MIA,FL,ASO,ES,Combined TRACON& Tower with Radar,912,219,52,10,1193,7,3,22,0,32,919,222,74,10,1225,0,0,0,1225
02/02/2013,MIA,FL,ASO,ES,Combined TRACON& Tower with Radar,902,205,38,7,1152,8,0,10,0,18,910,205,48,7,1170,0,0,0,1170
02/03/2013,MIA,FL,ASO,ES,Combined TRACON& Tower with Radar,886,181,43,1,1111,4,1,7,0,12,890,182,50,1,1123,0,0,0,1123
02/04/2013,MIA,FL,ASO,ES,Combined TRACON& Tower with Radar,871,220,34,4,1129,9,1,7,1,18,880,221,41,5,1147,0,0,0,1147
02/05/2013,MIA,FL,ASO,ES,Combined TRACON& Tower with Radar,869,219,28,1,1117,3,3,15,0,21,872,222,43,1,1138,0,0,0,1138
02/06/2013,MIA,FL,ASO,ES,Combined TRACON& Tower with Radar,881,243,60,0,1184,5,0,22,0,27,886,243,82,0,1211,0,0,0,1211
02/07/2013,MIA,FL,ASO,ES,Combined TRACON& Tower with Radar,906,235,72,5,1218,12,5,14,0,31,918,240,86,5,1249,0,0,0,1249
02/08/2013,MIA,FL,ASO,ES,Combined TRACON& Tower with Radar,862,253,71,5,1191,13,2,25,0,40,875,255,96,5,1231,0,0,0,1231
02/09/2013,MIA,FL,ASO,ES,Combined TRACON& Tower with Radar,853,192,42,1,1088,6,0,14,0,20,859,192,56,1,1108,0,0,0,1108
02/10/2013,MIA,FL,ASO,ES,Combined TRACON& Tower with Radar,843,185,64,4,1096,7,5,7,0,19,850,190,71,4,1115,0,0,0,1115
02/11/2013,MIA,FL,ASO,ES,Combined TRACON& Tower with Radar,847,221,42,6,1116,6,2,13,0,21,853,223,55,6,1137,0,0,0,1137
02/12/2013,MIA,FL,ASO,ES,Combined TRACON& Tower with Radar,829,218,73,0,1120,5,3,18,0,26,834,221,91,0,1146,0,0,0,1146
02/13/2013,MIA,FL,ASO,ES,Combined TRACON& Tower with Radar,841,213,79,6,1139,9,2,14,0,25,850,215,93,6,1164,0,0,0,1164
02/14/2013,MIA,FL,ASO,ES,Combined TRACON& Tower with Radar,894,244,88,6,1232,5,0,9,2,16,899,244,97,8,1248,0,0,0,1248
02/15/2013,MIA,FL,ASO,ES,Combined TRACON& Tower with Radar,901,246,87,7,1241,3,4,7,0,14,904,250,94,7,1255,0,0,0,1255
02/16/2013,MIA,FL,ASO,ES,Combined TRACON& Tower with Radar,894,201,48,2,1145,8,0,2,0,10,902,201,50,2,1155,0,0,0,1155
02/17/2013,MIA,FL,ASO,ES,Combined TRACON& Tower with Radar,860,182,67,5,1114,3,1,8,1,13,863,183,75,6,1127,0,0,0,1127
02/18/2013,MIA,FL,ASO,ES,Combined TRACON& Tower with Radar,853,243,70,1,1167,5,3,16,0,24,858,246,86,1,1191,0,0,0,1191
02/19/2013,MIA,FL,ASO,ES,Combined TRACON& Tower with Radar,843,211,58,2,1114,8,1,12,3,24,851,212,70,5,1138,0,0,0,1138
02/20/2013,MIA,FL,ASO,ES,Combined TRACON& Tower with Radar,836,225,53,5,1119,5,10,25,0,40,841,235,78,5,1159,0,0,0,1159
02/21/2013,MIA,FL,ASO,ES,Combined TRACON& Tower with Radar,883,248,54,0,1185,2,5,16,0,23,885,253,70,0,1208,0,0,0,1208
02/22/2013,MIA,FL,ASO,ES,Combined TRACON& Tower with Radar,877,227,54,2,1160,6,3,12,0,21,883,230,66,2,1181,0,0,0,1181
02/23/2013,MIA,FL,ASO,ES,Combined TRACON& Tower with Radar,880,187,32,2,1101,4,1,9,1,15,884,188,41,3,1116,0,0,0,1116
02/24/2013,MIA,FL,ASO,ES,Combined TRACON& Tower with Radar,874,211,53,2,1140,2,0,9,0,11,876,211,62,2,1151,0,0,0,1151
02/25/2013,MIA,FL,ASO,ES,Combined TRACON& Tower with Radar,848,215,71,2,1136,8,2,10,0,20,856,217,81,2,1156,0,0,0,1156
02/26/2013,MIA,FL,ASO,ES,Combined TRACON& Tower with Radar,850,212,80,4,1146,5,0,23,0,28,855,212,103,4,1174,0,0,0,1174
02/27/2013,MIA,FL,ASO,ES,Combined TRACON& Tower with Radar,833,219,64,1,1117,10,1,14,0,25,843,220,78,1,1142,0,0,0,1142
02/28/2013,MIA,FL,ASO,ES,Combined TRACON& Tower with Radar,883,232,76,5,1196,7,0,22,0,29,890,232,98,5,1225,0,0,0,1225
03/01/2013,MIA,FL,ASO,ES,Combined TRACON& Tower with Radar,888,219,66,4,1177,5,4,13,0,22,893,223,79,4,1199,0,0,0,1199
03/02/2013,MIA,FL,ASO,ES,Combined TRACON& Tower with Radar,893,192,35,1,1121,6,7,10,0,23,899,199,45,1,1144,0,0,0,1144
03/03/2013,MIA,FL,ASO,ES,Combined TRACON& Tower with Radar,837,188,49,17,1091,8,0,7,1,16,845,188,56,18,1107,0,0,0,1107
03/04/2013,MIA,FL,ASO,ES,Combined TRACON& Tower with Radar,854,199,46,1,1100,4,3,12,0,19,858,202,58,1,1119,0,0,0,1119
03/05/2013,MIA,FL,ASO,ES,Combined TRACON& Tower with Radar,845,205,40,4,1094,4,5,6,0,15,849,210,46,4,1109,0,0,0,1109
03/06/2013,MIA,FL,ASO,ES,Combined TRACON& Tower with Radar,843,210,46,3,1102,4,2,22,0,28,847,212,68,3,1130,0,0,0,1130
03/07/2013,MIA,FL,ASO,ES,Combined TRACON& Tower with Radar,883,217,55,4,1159,3,1,14,2,20,886,218,69,6,1179,0,0,0,1179
03/08/2013,MIA,FL,ASO,ES,Combined TRACON& Tower with Radar,893,236,64,0,1193,4,3,13,0,20,897,239,77,0,1213,0,0,0,1213
03/09/2013,MIA,FL,ASO,ES,Combined TRACON& Tower with Radar,895,213,56,0,1164,5,0,10,0,15,900,213,66,0,1179,0,0,0,1179
03/10/2013,MIA,FL,ASO,ES,Combined TRACON& Tower with Radar,849,213,63,1,1126,7,0,16,2,25,856,213,79,3,1151,0,0,0,1151
03/11/2013,MIA,FL,ASO,ES,Combined TRACON& Tower with Radar,867,226,43,3,1139,5,1,11,2,19,872,227,54,5,1158,0,0,0,1158
03/12/2013,MIA,FL,ASO,ES,Combined TRACON& Tower with Radar,829,214,59,7,1109,5,7,21,0,33,834,221,80,7,1142,0,0,0,1142
03/13/2013,MIA,FL,ASO,ES,Combined TRACON& Tower with Radar,852,238,54,4,1148,6,2,4,2,14,858,240,58,6,1162,0,0,0,1162
03/14/2013,MIA,FL,ASO,ES,Combined TRACON& Tower with Radar,886,236,53,4,1179,6,7,15,4,32,892,243,68,8,1211,0,0,0,1211
03/15/2013,MIA,FL,ASO,ES,Combined TRACON& Tower with Radar,886,247,75,5,1213,8,4,22,0,34,894,251,97,5,1247,0,0,0,1247
03/16/2013,MIA,FL,ASO,ES,Combined TRACON& Tower with Radar,880,198,46,0,1124,7,0,7,0,14,887,198,53,0,1138,0,0,0,1138
03/17/2013,MIA,FL,ASO,ES,Combined TRACON& Tower with Radar,873,211,66,0,1150,1,2,12,0,15,874,213,78,0,1165,0,0,0,1165
03/18/2013,MIA,FL,ASO,ES,Combined TRACON& Tower with Radar,866,224,52,2,1144,5,0,9,0,14,871,224,61,2,1158,0,0,0,1158
03/19/2013,MIA,FL,ASO,ES,Combined TRACON& Tower with Radar,861,215,40,1,1117,8,1,6,0,15,869,216,46,1,1132,0,0,0,1132
03/20/2013,MIA,FL,ASO,ES,Combined TRACON& Tower with Radar,875,211,66,0,1152,7,3,8,0,18,882,214,74,0,1170,0,0,0,1170
03/21/2013,MIA,FL,ASO,ES,Combined TRACON& Tower with Radar,923,238,78,1,1240,5,4,3,1,13,928,242,81,2,1253,0,0,0,1253
03/22/2013,MIA,FL,ASO,ES,Combined TRACON& Tower with Radar,925,264,91,2,1282,13,4,18,0,35,938,268,109,2,1317,0,0,0,1317
03/23/2013,MIA,FL,ASO,ES,Combined TRACON& Tower with Radar,927,208,63,1,1199,8,4,18,0,30,935,212,81,1,1229,0,0,0,1229
03/24/2013,MIA,FL,ASO,ES,Combined TRACON& Tower with Radar,878,197,70,3,1148,7,5,9,0,21,885,202,79,3,1169,0,0,0,1169
03/25/2013,MIA,FL,ASO,ES,Combined TRACON& Tower with Radar,873,217,44,4,1138,8,1,11,0,20,881,218,55,4,1158,0,0,0,1158
03/26/2013,MIA,FL,ASO,ES,Combined TRACON& Tower with Radar,880,229,46,5,1160,3,2,14,2,21,883,231,60,7,1181,0,0,0,1181
03/27/2013,MIA,FL,ASO,ES,Combined TRACON& Tower with Radar,887,233,50,2,1172,5,1,18,0,24,892,234,68,2,1196,0,0,0,1196
03/28/2013,MIA,FL,ASO,ES,Combined TRACON& Tower with Radar,899,225,43,4,1171,4,3,24,0,31,903,228,67,4,1202,0,0,0,1202
03/29/2013,MIA,FL,ASO,ES,Combined TRACON& Tower with Radar,864,208,38,4,1114,8,4,19,0,31,872,212,57,4,1145,0,0,0,1145
03/30/2013,MIA,FL,ASO,ES,Combined TRACON& Tower with Radar,878,191,44,1,1114,9,0,18,1,28,887,191,62,2,1142,0,0,0,1142
03/31/2013,MIA,FL,ASO,ES,Combined TRACON& Tower with Radar,850,219,71,0,1140,6,0,10,0,16,856,219,81,0,1156,0,0,0,1156
04/01/2013,MIA,FL,ASO,ES,Combined TRACON& Tower with Radar,910,214,73,0,1197,2,2,10,0,14,912,216,83,0,1211,0,0,0,1211
04/02/2013,MIA,FL,ASO,ES,Combined TRACON& Tower with Radar,867,212,33,0,1112,4,7,12,1,24,871,219,45,1,1136,0,0,0,1136
04/03/2013,MIA,FL,ASO,ES,Combined TRACON& Tower with Radar,891,214,43,0,1148,3,1,10,0,14,894,215,53,0,1162,0,0,0,1162
04/04/2013,MIA,FL,ASO,ES,Combined TRACON& Tower with Radar,886,221,51,0,1158,8,3,1,0,12,894,224,52,0,1170,0,0,0,1170
04/05/2013,MIA,FL,ASO,ES,Combined TRACON& Tower with Radar,906,216,49,0,1171,5,6,5,0,16,911,222,54,0,1187,0,0,0,1187
04/06/2013,MIA,FL,ASO,ES,Combined TRACON& Tower with Radar,897,191,38,0,1126,8,2,13,1,24,905,193,51,1,1150,0,0,0,1150
04/07/2013,MIA,FL,ASO,ES,Combined TRACON& Tower with Radar,866,200,45,0,1111,5,1,15,0,21,871,201,60,0,1132,0,0,0,1132
04/08/2013,MIA,FL,ASO,ES,Combined TRACON& Tower with Radar,875,201,30,0,1106,2,4,9,0,15,877,205,39,0,1121,0,0,0,1121
04/09/2013,MIA,FL,ASO,ES,Combined TRACON& Tower with Radar,846,199,32,1,1078,4,0,7,1,12,850,199,39,2,1090,0,0,0,1090
04/10/2013,MIA,FL,ASO,ES,Combined TRACON& Tower with Radar,850,207,51,0,1108,5,5,10,3,23,855,212,61,3,1131,0,0,0,1131
04/11/2013,MIA,FL,ASO,ES,Combined TRACON& Tower with Radar,894,214,52,2,1162,7,1,15,1,24,901,215,67,3,1186,0,0,0,1186
04/12/2013,MIA,FL,ASO,ES,Combined TRACON& Tower with Radar,896,226,60,0,1182,4,4,13,1,22,900,230,73,1,1204,0,0,0,1204
04/13/2013,MIA,FL,ASO,ES,Combined TRACON& Tower with Radar,865,189,41,0,1095,8,1,6,0,15,873,190,47,0,1110,0,0,0,1110
04/14/2013,MIA,FL,ASO,ES,Combined TRACON& Tower with Radar,865,170,46,0,1081,6,5,12,0,23,871,175,58,0,1104,0,0,0,1104
04/15/2013,MIA,FL,ASO,ES,Combined TRACON& Tower with Radar,842,194,33,2,1071,3,2,7,0,12,845,196,40,2,1083,0,0,0,1083
04/16/2013,MIA,FL,ASO,ES,Combined TRACON& Tower with Radar,697,171,35,3,906,4,2,5,0,11,701,173,40,3,917,0,0,0,917
04/17/2013,MIA,FL,ASO,ES,Combined TRACON& Tower with Radar,835,217,50,2,1104,1,1,7,0,9,836,218,57,2,1113,0,0,0,1113
04/18/2013,MIA,FL,ASO,ES,Combined TRACON& Tower with Radar,890,207,43,4,1144,6,0,10,1,17,896,207,53,5,1161,0,0,0,1161
04/19/2013,MIA,FL,ASO,ES,Combined TRACON& Tower with Radar,870,213,42,2,1127,9,4,14,1,28,879,217,56,3,1155,0,0,0,1155
04/20/2013,MIA,FL,ASO,ES,Combined TRACON& Tower with Radar,879,175,32,0,1086,4,1,21,0,26,883,176,53,0,1112,0,0,0,1112
04/21/2013,MIA,FL,ASO,ES,Combined TRACON& Tower with Radar,828,183,46,0,1057,4,1,8,0,13,832,184,54,0,1070,0,0,0,1070
04/22/2013,MIA,FL,ASO,ES,Combined TRACON& Tower with Radar,835,196,39,0,1070,9,0,5,0,14,844,196,44,0,1084,0,0,0,1084
04/23/2013,MIA,FL,ASO,ES,Combined TRACON& Tower with Radar,851,196,32,1,1080,9,5,13,0,27,860,201,45,1,1107,0,0,0,1107
04/24/2013,MIA,FL,ASO,ES,Combined TRACON& Tower with Radar,869,189,46,1,1105,5,0,7,0,12,874,189,53,1,1117,0,0,0,1117
04/25/2013,MIA,FL,ASO,ES,Combined TRACON& Tower with Radar,900,193,46,1,1140,2,2,27,2,33,902,195,73,3,1173,0,0,0,1173
04/26/2013,MIA,FL,ASO,ES,Combined TRACON& Tower with Radar,891,213,40,2,1146,9,2,24,0,35,900,215,64,2,1181,0,0,0,1181
04/27/2013,MIA,FL,ASO,ES,Combined TRACON& Tower with Radar,880,169,28,1,1078,7,0,6,1,14,887,169,34,2,1092,0,0,0,1092
04/28/2013,MIA,FL,ASO,ES,Combined TRACON& Tower with Radar,855,168,45,2,1070,5,0,13,2,20,860,168,58,4,1090,0,0,0,1090
04/29/2013,MIA,FL,ASO,ES,Combined TRACON& Tower with Radar,857,195,47,2,1101,3,2,9,0,14,860,197,56,2,1115,0,0,0,1115
04/30/2013,MIA,FL,ASO,ES,Combined TRACON& Tower with Radar,868,197,38,0,1103,4,3,5,0,12,872,200,43,0,1115,0,0,0,1115
05/01/2013,MIA,FL,ASO,ES,Combined TRACON& Tower with Radar,880,199,38,1,1118,7,0,7,0,14,887,199,45,1,1132,0,0,0,1132
05/02/2013,MIA,FL,ASO,ES,Combined TRACON& Tower with Radar,858,189,32,6,1085,4,4,1,0,9,862,193,33,6,1094,0,0,0,1094
05/03/2013,MIA,FL,ASO,ES,Combined TRACON& Tower with Radar,885,203,45,2,1135,4,0,9,0,13,889,203,54,2,1148,0,0,0,1148
05/04/2013,MIA,FL,ASO,ES,Combined TRACON& Tower with Radar,864,162,27,1,1054,3,2,5,0,10,867,164,32,1,1064,0,0,0,1064
05/05/2013,MIA,FL,ASO,ES,Combined TRACON& Tower with Radar,830,197,37,0,1064,8,4,8,1,21,838,201,45,1,1085,0,0,0,1085
05/06/2013,MIA,FL,ASO,ES,Combined TRACON& Tower with Radar,816,199,51,0,1066,3,2,16,2,23,819,201,67,2,1089,0,0,0,1089
05/07/2013,MIA,FL,ASO,ES,Combined TRACON& Tower with Radar,839,179,27,2,1047,7,0,9,0,16,846,179,36,2,1063,0,0,0,1063
05/08/2013,MIA,FL,ASO,ES,Combined TRACON& Tower with Radar,838,207,34,9,1088,4,0,23,1,28,842,207,57,10,1116,0,0,0,1116
05/09/2013,MIA,FL,ASO,ES,Combined TRACON& Tower with Radar,839,203,34,2,1078,2,3,15,0,20,841,206,49,2,1098,0,0,0,1098
05/10/2013,MIA,FL,ASO,ES,Combined TRACON& Tower with Radar,864,195,27,6,1092,3,0,17,0,20,867,195,44,6,1112,0,0,0,1112
05/11/2013,MIA,FL,ASO,ES,Combined TRACON& Tower with Radar,840,161,26,2,1029,5,0,6,0,11,845,161,32,2,1040,0,0,0,1040
05/12/2013,MIA,FL,ASO,ES,Combined TRACON& Tower with Radar,804,177,25,0,1006,7,0,16,0,23,811,177,41,0,1029,0,0,0,1029
05/13/2013,MIA,FL,ASO,ES,Combined TRACON& Tower with Radar,824,177,29,0,1030,4,3,7,0,14,828,180,36,0,1044,0,0,0,1044
05/14/2013,MIA,FL,ASO,ES,Combined TRACON& Tower with Radar,816,196,23,0,1035,5,0,8,0,13,821,196,31,0,1048,0,0,0,1048
05/15/2013,MIA,FL,ASO,ES,Combined TRACON& Tower with Radar,823,181,41,3,1048,3,0,11,0,14,826,181,52,3,1062,0,0,0,1062
05/16/2013,MIA,FL,ASO,ES,Combined TRACON& Tower with Radar,846,201,32,3,1082,11,0,14,0,25,857,201,46,3,1107,0,0,0,1107
05/17/2013,MIA,FL,ASO,ES,Combined TRACON& Tower with Radar,835,191,44,2,1072,3,0,14,1,18,838,191,58,3,1090,0,0,0,1090
05/18/2013,MIA,FL,ASO,ES,Combined TRACON& Tower with Radar,833,157,31,2,1023,3,0,3,0,6,836,157,34,2,1029,0,0,0,1029
05/19/2013,MIA,FL,ASO,ES,Combined TRACON& Tower with Radar,800,175,37,5,1017,4,2,15,0,21,804,177,52,5,1038,0,0,0,1038
05/20/2013,MIA,FL,ASO,ES,Combined TRACON& Tower with Radar,773,179,29,2,983,9,1,8,1,19,782,180,37,3,1002,0,0,0,1002
05/21/2013,MIA,FL,ASO,ES,Combined TRACON& Tower with Radar,856,205,39,6,1106,6,0,6,0,12,862,205,45,6,1118,0,0,0,1118
05/22/2013,MIA,FL,ASO,ES,Combined TRACON& Tower with Radar,817,201,37,3,1058,3,0,11,0,14,820,201,48,3,1072,0,0,0,1072
05/23/2013,MIA,FL,ASO,ES,Combined TRACON& Tower with Radar,848,194,39,8,1089,3,1,7,0,11,851,195,46,8,1100,0,0,0,1100
05/24/2013,MIA,FL,ASO,ES,Combined TRACON& Tower with Radar,851,210,51,5,1117,7,3,12,0,22,858,213,63,5,1139,0,0,0,1139
05/25/2013,MIA,FL,ASO,ES,Combined TRACON& Tower with Radar,825,166,13,1,1005,1,1,0,0,2,826,167,13,1,1007,0,0,0,1007
05/26/2013,MIA,FL,ASO,ES,Combined TRACON& Tower with Radar,768,154,23,1,946,4,1,11,0,16,772,155,34,1,962,0,0,0,962
05/27/2013,MIA,FL,ASO,ES,Combined TRACON& Tower with Radar,787,205,43,1,1036,6,0,20,0,26,793,205,63,1,1062,0,0,0,1062
05/28/2013,MIA,FL,ASO,ES,Combined TRACON& Tower with Radar,783,189,48,4,1024,4,2,3,2,11,787,191,51,6,1035,0,0,0,1035
05/29/2013,MIA,FL,ASO,ES,Combined TRACON& Tower with Radar,829,194,34,3,1060,1,2,3,0,6,830,196,37,3,1066,0,0,0,1066
05/30/2013,MIA,FL,ASO,ES,Combined TRACON& Tower with Radar,834,195,32,0,1061,5,1,4,0,10,839,196,36,0,1071,0,0,0,1071
05/31/2013,MIA,FL,ASO,ES,Combined TRACON& Tower with Radar,861,202,52,1,1116,7,2,9,0,18,868,204,61,1,1134,0,0,0,1134
06/01/2013,MIA,FL,ASO,ES,Combined TRACON& Tower with Radar,835,155,25,6,1021,2,1,7,0,10,837,156,32,6,1031,0,0,0,1031
06/02/2013,MIA,FL,ASO,ES,Combined TRACON& Tower with Radar,800,148,28,4,980,6,1,3,0,10,806,149,31,4,990,0,0,0,990
06/03/2013,MIA,FL,ASO,ES,Combined TRACON& Tower with Radar,821,171,34,5,1031,7,0,5,0,12,828,171,39,5,1043,0,0,0,1043
06/04/2013,MIA,FL,ASO,ES,Combined TRACON& Tower with Radar,818,191,20,0,1029,7,2,5,0,14,825,193,25,0,1043,0,0,0,1043
06/05/2013,MIA,FL,ASO,ES,Combined TRACON& Tower with Radar,828,198,27,2,1055,4,1,5,0,10,832,199,32,2,1065,0,0,0,1065
06/06/2013,MIA,FL,ASO,ES,Combined TRACON& Tower with Radar,834,193,26,1,1054,5,2,2,2,11,839,195,28,3,1065,0,0,0,1065
06/07/2013,MIA,FL,ASO,ES,Combined TRACON& Tower with Radar,855,184,35,4,1078,7,0,8,0,15,862,184,43,4,1093,0,0,0,1093
06/08/2013,MIA,FL,ASO,ES,Combined TRACON& Tower with Radar,855,172,19,3,1049,5,0,7,0,12,860,172,26,3,1061,0,0,0,1061
06/09/2013,MIA,FL,ASO,ES,Combined TRACON& Tower with Radar,800,175,44,0,1019,8,3,9,0,20,808,178,53,0,1039,0,0,0,1039
06/10/2013,MIA,FL,ASO,ES,Combined TRACON& Tower with Radar,807,183,33,5,1028,8,2,18,1,29,815,185,51,6,1057,0,0,0,1057
06/11/2013,MIA,FL,ASO,ES,Combined TRACON& Tower with Radar,808,186,36,4,1034,7,1,10,0,18,815,187,46,4,1052,0,0,0,1052
06/12/2013,MIA,FL,ASO,ES,Combined TRACON& Tower with Radar,828,183,30,2,1043,3,0,4,0,7,831,183,34,2,1050,0,0,0,1050
06/13/2013,MIA,FL,ASO,ES,Combined TRACON& Tower with Radar,870,186,42,6,1104,5,0,9,3,17,875,186,51,9,1121,0,0,0,1121
06/14/2013,MIA,FL,ASO,ES,Combined TRACON& Tower with Radar,883,203,42,11,1139,6,0,7,1,14,889,203,49,12,1153,0,0,0,1153
06/15/2013,MIA,FL,ASO,ES,Combined TRACON& Tower with Radar,865,175,23,0,1063,4,0,5,0,9,869,175,28,0,1072,0,0,0,1072
06/16/2013,MIA,FL,ASO,ES,Combined TRACON& Tower with Radar,829,157,28,1,1015,5,0,4,0,9,834,157,32,1,1024,0,0,0,1024
06/17/2013,MIA,FL,ASO,ES,Combined TRACON& Tower with Radar,829,180,35,1,1045,1,0,10,0,11,830,180,45,1,1056,0,0,0,1056
06/18/2013,MIA,FL,ASO,ES,Combined TRACON& Tower with Radar,832,179,27,0,1038,4,0,7,0,11,836,179,34,0,1049,0,0,0,1049
06/19/2013,MIA,FL,ASO,ES,Combined TRACON& Tower with Radar,844,200,31,2,1077,5,0,6,0,11,849,200,37,2,1088,0,0,0,1088
06/20/2013,MIA,FL,ASO,ES,Combined TRACON& Tower with Radar,873,213,43,2,1131,8,5,11,1,25,881,218,54,3,1156,0,0,0,1156
06/21/2013,MIA,FL,ASO,ES,Combined TRACON& Tower with Radar,858,215,41,0,1114,7,1,11,0,19,865,216,52,0,1133,0,0,0,1133
06/22/2013,MIA,FL,ASO,ES,Combined TRACON& Tower with Radar,867,178,18,0,1063,6,1,11,0,18,873,179,29,0,1081,0,0,0,1081
06/23/2013,MIA,FL,ASO,ES,Combined TRACON& Tower with Radar,829,171,26,1,1027,3,3,6,0,12,832,174,32,1,1039,0,0,0,1039
06/24/2013,MIA,FL,ASO,ES,Combined TRACON& Tower with Radar,822,183,31,1,1037,7,0,9,0,16,829,183,40,1,1053,0,0,0,1053
06/25/2013,MIA,FL,ASO,ES,Combined TRACON& Tower with Radar,838,190,20,2,1050,9,1,7,0,17,847,191,27,2,1067,0,0,0,1067
06/26/2013,MIA,FL,ASO,ES,Combined TRACON& Tower with Radar,840,187,30,1,1058,8,2,13,0,23,848,189,43,1,1081,0,0,0,1081
06/27/2013,MIA,FL,ASO,ES,Combined TRACON& Tower with Radar,852,199,22,0,1073,3,0,8,0,11,855,199,30,0,1084,0,0,0,1084
06/28/2013,MIA,FL,ASO,ES,Combined TRACON& Tower with Radar,858,196,38,4,1096,5,1,11,0,17,863,197,49,4,1113,0,0,0,1113
06/29/2013,MIA,FL,ASO,ES,Combined TRACON& Tower with Radar,864,169,25,1,1059,6,2,1,2,11,870,171,26,3,1070,0,0,0,1070
06/30/2013,MIA,FL,ASO,ES,Combined TRACON& Tower with Radar,822,165,42,3,1032,2,2,2,0,6,824,167,44,3,1038,0,0,0,1038
07/01/2013,MIA,FL,ASO,ES,Combined TRACON& Tower with Radar,823,189,46,1,1059,7,0,6,0,13,830,189,52,1,1072,0,0,0,1072
07/02/2013,MIA,FL,ASO,ES,Combined TRACON& Tower with Radar,775,184,26,2,987,7,3,7,0,17,782,187,33,2,1004,0,0,0,1004
07/03/2013,MIA,FL,ASO,ES,Combined TRACON& Tower with Radar,857,187,31,1,1076,3,0,6,0,9,860,187,37,1,1085,0,0,0,1085
07/04/2013,MIA,FL,ASO,ES,Combined TRACON& Tower with Radar,793,156,24,0,973,3,0,2,0,5,796,156,26,0,978,0,0,0,978
07/05/2013,MIA,FL,ASO,ES,Combined TRACON& Tower with Radar,826,181,15,0,1022,8,0,9,0,17,834,181,24,0,1039,0,0,0,1039
07/06/2013,MIA,FL,ASO,ES,Combined TRACON& Tower with Radar,853,174,16,0,1043,4,0,8,0,12,857,174,24,0,1055,0,0,0,1055
07/07/2013,MIA,FL,ASO,ES,Combined TRACON& Tower with Radar,833,162,29,3,1027,5,0,4,0,9,838,162,33,3,1036,0,0,0,1036
07/08/2013,MIA,FL,ASO,ES,Combined TRACON& Tower with Radar,829,201,35,3,1068,5,0,11,0,16,834,201,46,3,1084,0,0,0,1084
07/09/2013,MIA,FL,ASO,ES,Combined TRACON& Tower with Radar,833,201,28,0,1062,6,1,4,0,11,839,202,32,0,1073,0,0,0,1073
07/10/2013,MIA,FL,ASO,ES,Combined TRACON& Tower with Radar,833,175,39,0,1047,0,0,4,0,4,833,175,43,0,1051,0,0,0,1051
07/11/2013,MIA,FL,ASO,ES,Combined TRACON& Tower with Radar,865,210,40,0,1115,10,0,6,0,16,875,210,46,0,1131,0,0,0,1131
07/12/2013,MIA,FL,ASO,ES,Combined TRACON& Tower with Radar,877,206,33,0,1116,5,1,9,0,15,882,207,42,0,1131,0,0,0,1131
07/13/2013,MIA,FL,ASO,ES,Combined TRACON& Tower with Radar,876,173,22,0,1071,2,0,2,0,4,878,173,24,0,1075,0,0,0,1075
07/14/2013,MIA,FL,ASO,ES,Combined TRACON& Tower with Radar,845,170,28,1,1044,4,2,4,0,10,849,172,32,1,1054,0,0,0,1054
07/15/2013,MIA,FL,ASO,ES,Combined TRACON& Tower with Radar,867,185,24,2,1078,2,2,4,0,8,869,187,28,2,1086,0,0,0,1086
07/16/2013,MIA,FL,ASO,ES,Combined TRACON& Tower with Radar,845,186,29,5,1065,6,1,8,0,15,851,187,37,5,1080,0,0,0,1080
07/17/2013,MIA,FL,ASO,ES,Combined TRACON& Tower with Radar,867,186,34,2,1089,4,1,4,0,9,871,187,38,2,1098,0,0,0,1098
07/18/2013,MIA,FL,ASO,ES,Combined TRACON& Tower with Radar,852,185,27,2,1066,5,1,6,0,12,857,186,33,2,1078,0,0,0,1078
07/19/2013,MIA,FL,ASO,ES,Combined TRACON& Tower with Radar,885,195,31,0,1111,5,5,11,0,21,890,200,42,0,1132,0,0,0,1132
07/20/2013,MIA,FL,ASO,ES,Combined TRACON& Tower with Radar,870,158,31,0,1059,2,0,8,0,10,872,158,39,0,1069,0,0,0,1069
07/21/2013,MIA,FL,ASO,ES,Combined TRACON& Tower with Radar,850,162,31,2,1045,2,0,5,0,7,852,162,36,2,1052,0,0,0,1052
07/22/2013,MIA,FL,ASO,ES,Combined TRACON& Tower with Radar,832,192,32,0,1056,4,0,7,0,11,836,192,39,0,1067,0,0,0,1067
07/23/2013,MIA,FL,ASO,ES,Combined TRACON& Tower with Radar,850,193,28,2,1073,9,0,3,0,12,859,193,31,2,1085,0,0,0,1085
07/24/2013,MIA,FL,ASO,ES,Combined TRACON& Tower with Radar,869,196,28,0,1093,2,0,11,0,13,871,196,39,0,1106,0,0,0,1106
07/25/2013,MIA,FL,ASO,ES,Combined TRACON& Tower with Radar,878,189,20,1,1088,4,2,21,1,28,882,191,41,2,1116,0,0,0,1116
07/26/2013,MIA,FL,ASO,ES,Combined TRACON& Tower with Radar,878,195,27,4,1104,2,1,11,0,14,880,196,38,4,1118,0,0,0,1118
07/27/2013,MIA,FL,ASO,ES,Combined TRACON& Tower with Radar,868,166,14,1,1049,9,1,6,0,16,877,167,20,1,1065,0,0,0,1065
07/28/2013,MIA,FL,ASO,ES,Combined TRACON& Tower with Radar,832,148,16,1,997,7,1,8,0,16,839,149,24,1,1013,0,0,0,1013
07/29/2013,MIA,FL,ASO,ES,Combined TRACON& Tower with Radar,843,177,30,1,1051,4,0,19,1,24,847,177,49,2,1075,0,0,0,1075
07/30/2013,MIA,FL,ASO,ES,Combined TRACON& Tower with Radar,845,184,36,0,1065,4,0,9,0,13,849,184,45,0,1078,0,0,0,1078
07/31/2013,MIA,FL,ASO,ES,Combined TRACON& Tower with Radar,875,184,29,1,1089,5,0,15,2,22,880,184,44,3,1111,0,0,0,1111
08/01/2013,MIA,FL,ASO,ES,Combined TRACON& Tower with Radar,864,196,31,3,1094,4,2,7,0,13,868,198,38,3,1107,0,0,0,1107
08/02/2013,MIA,FL,ASO,ES,Combined TRACON& Tower with Radar,890,201,37,0,1128,4,0,9,0,13,894,201,46,0,1141,0,0,0,1141
08/03/2013,MIA,FL,ASO,ES,Combined TRACON& Tower with Radar,870,168,8,1,1047,7,0,6,0,13,877,168,14,1,1060,0,0,0,1060
08/04/2013,MIA,FL,ASO,ES,Combined TRACON& Tower with Radar,840,151,19,1,1011,5,2,2,0,9,845,153,21,1,1020,0,0,0,1020
08/05/2013,MIA,FL,ASO,ES,Combined TRACON& Tower with Radar,851,183,28,0,1062,5,0,1,0,6,856,183,29,0,1068,0,0,0,1068
08/06/2013,MIA,FL,ASO,ES,Combined TRACON& Tower with Radar,853,179,25,0,1057,5,1,14,0,20,858,180,39,0,1077,0,0,0,1077
08/07/2013,MIA,FL,ASO,ES,Combined TRACON& Tower with Radar,854,185,29,2,1070,2,1,7,0,10,856,186,36,2,1080,0,0,0,1080
08/08/2013,MIA,FL,ASO,ES,Combined TRACON& Tower with Radar,867,203,34,0,1104,5,3,11,0,19,872,206,45,0,1123,0,0,0,1123
08/09/2013,MIA,FL,ASO,ES,Combined TRACON& Tower with Radar,875,198,38,2,1113,5,0,12,0,17,880,198,50,2,1130,0,0,0,1130
08/10/2013,MIA,FL,ASO,ES,Combined TRACON& Tower with Radar,878,162,13,0,1053,3,1,3,0,7,881,163,16,0,1060,0,0,0,1060
08/11/2013,MIA,FL,ASO,ES,Combined TRACON& Tower with Radar,845,161,21,0,1027,4,0,6,0,10,849,161,27,0,1037,0,0,0,1037
08/12/2013,MIA,FL,ASO,ES,Combined TRACON& Tower with Radar,834,184,26,2,1046,4,0,13,1,18,838,184,39,3,1064,0,0,0,1064
08/13/2013,MIA,FL,ASO,ES,Combined TRACON& Tower with Radar,842,188,43,0,1073,3,0,9,1,13,845,188,52,1,1086,0,0,0,1086
08/14/2013,MIA,FL,ASO,ES,Combined TRACON& Tower with Radar,859,185,31,1,1076,3,0,5,0,8,862,185,36,1,1084,0,0,0,1084
08/15/2013,MIA,FL,ASO,ES,Combined TRACON& Tower with Radar,865,188,44,2,1099,10,1,4,0,15,875,189,48,2,1114,0,0,0,1114
08/16/2013,MIA,FL,ASO,ES,Combined TRACON& Tower with Radar,874,208,26,0,1108,4,1,8,0,13,878,209,34,0,1121,0,0,0,1121
08/17/2013,MIA,FL,ASO,ES,Combined TRACON& Tower with Radar,868,165,26,0,1059,3,1,5,0,9,871,166,31,0,1068,0,0,0,1068
08/18/2013,MIA,FL,ASO,ES,Combined TRACON& Tower with Radar,841,176,33,0,1050,5,0,5,0,10,846,176,38,0,1060,0,0,0,1060
08/19/2013,MIA,FL,ASO,ES,Combined TRACON& Tower with Radar,824,193,41,0,1058,5,0,11,0,16,829,193,52,0,1074,0,0,0,1074
08/20/2013,MIA,FL,ASO,ES,Combined TRACON& Tower with Radar,857,189,20,0,1066,1,2,6,0,9,858,191,26,0,1075,0,0,0,1075
08/21/2013,MIA,FL,ASO,ES,Combined TRACON& Tower with Radar,851,187,32,2,1072,3,0,4,0,7,854,187,36,2,1079,0,0,0,1079
08/22/2013,MIA,FL,ASO,ES,Combined TRACON& Tower with Radar,870,216,22,0,1108,3,7,6,0,16,873,223,28,0,1124,0,0,0,1124
08/23/2013,MIA,FL,ASO,ES,Combined TRACON& Tower with Radar,861,195,24,0,1080,5,0,14,0,19,866,195,38,0,1099,0,0,0,1099
08/24/2013,MIA,FL,ASO,ES,Combined TRACON& Tower with Radar,861,162,18,1,1042,2,1,4,0,7,863,163,22,1,1049,0,0,0,1049
08/25/2013,MIA,FL,ASO,ES,Combined TRACON& Tower with Radar,826,164,25,0,1015,3,0,4,0,7,829,164,29,0,1022,0,0,0,1022
08/26/2013,MIA,FL,ASO,ES,Combined TRACON& Tower with Radar,798,189,31,0,1018,5,0,6,2,13,803,189,37,2,1031,0,0,0,1031
08/27/2013,MIA,FL,ASO,ES,Combined TRACON& Tower with Radar,753,161,24,1,939,6,0,8,0,14,759,161,32,1,953,0,0,0,953
08/28/2013,MIA,FL,ASO,ES,Combined TRACON& Tower with Radar,762,165,26,3,956,3,0,5,0,8,765,165,31,3,964,0,0,0,964
08/29/2013,MIA,FL,ASO,ES,Combined TRACON& Tower with Radar,794,178,37,5,1014,5,0,16,0,21,799,178,53,5,1035,0,0,0,1035
08/30/2013,MIA,FL,ASO,ES,Combined TRACON& Tower with Radar,789,192,36,2,1019,4,2,14,0,20,793,194,50,2,1039,0,0,0,1039
08/31/2013,MIA,FL,ASO,ES,Combined TRACON& Tower with Radar,763,139,12,3,917,4,2,18,0,24,767,141,30,3,941,0,0,0,941
09/01/2013,MIA,FL,ASO,ES,Combined TRACON& Tower with Radar,734,129,14,0,877,4,0,2,0,6,738,129,16,0,883,0,0,0,883
09/02/2013,MIA,FL,ASO,ES,Combined TRACON& Tower with Radar,733,168,25,0,926,2,2,13,0,17,735,170,38,0,943,0,0,0,943
09/03/2013,MIA,FL,ASO,ES,Combined TRACON& Tower with Radar,721,168,16,0,905,1,2,6,0,9,722,170,22,0,914,0,0,0,914
09/04/2013,MIA,FL,ASO,ES,Combined TRACON& Tower with Radar,751,171,18,1,941,5,0,11,0,16,756,171,29,1,957,0,0,0,957
09/05/2013,MIA,FL,ASO,ES,Combined TRACON& Tower with Radar,784,169,25,1,979,6,0,9,0,15,790,169,34,1,994,0,0,0,994
09/06/2013,MIA,FL,ASO,ES,Combined TRACON& Tower with Radar,798,162,24,1,985,3,2,15,1,21,801,164,39,2,1006,0,0,0,1006
09/07/2013,MIA,FL,ASO,ES,Combined TRACON& Tower with Radar,775,141,20,0,936,6,0,5,0,11,781,141,25,0,947,0,0,0,947
09/08/2013,MIA,FL,ASO,ES,Combined TRACON& Tower with Radar,762,141,28,0,931,5,0,7,0,12,767,141,35,0,943,0,0,0,943
09/09/2013,MIA,FL,ASO,ES,Combined TRACON& Tower with Radar,731,175,26,1,933,5,0,7,0,12,736,175,33,1,945,0,0,0,945
09/10/2013,MIA,FL,ASO,ES,Combined TRACON& Tower with Radar,740,168,37,2,947,6,0,7,0,13,746,168,44,2,960,0,0,0,960
09/11/2013,MIA,FL,ASO,ES,Combined TRACON& Tower with Radar,744,159,22,3,928,1,0,10,1,12,745,159,32,4,940,0,0,0,940
09/12/2013,MIA,FL,ASO,ES,Combined TRACON& Tower with Radar,776,181,30,2,989,1,0,9,0,10,777,181,39,2,999,0,0,0,999
09/13/2013,MIA,FL,ASO,ES,Combined TRACON& Tower with Radar,785,188,33,0,1006,8,0,9,0,17,793,188,42,0,1023,0,0,0,1023
09/14/2013,MIA,FL,ASO,ES,Combined TRACON& Tower with Radar,772,141,14,0,927,3,0,10,0,13,775,141,24,0,940,0,0,0,940
09/15/2013,MIA,FL,ASO,ES,Combined TRACON& Tower with Radar,749,140,15,1,905,3,0,3,0,6,752,140,18,1,911,0,0,0,911
09/16/2013,MIA,FL,ASO,ES,Combined TRACON& Tower with Radar,744,177,27,1,949,8,0,4,0,12,752,177,31,1,961,0,0,0,961
09/17/2013,MIA,FL,ASO,ES,Combined TRACON& Tower with Radar,747,177,31,1,956,5,0,3,0,8,752,177,34,1,964,0,0,0,964
09/18/2013,MIA,FL,ASO,ES,Combined TRACON& Tower with Radar,745,173,30,1,949,4,0,9,0,13,749,173,39,1,962,0,0,0,962
09/19/2013,MIA,FL,ASO,ES,Combined TRACON& Tower with Radar,780,196,37,2,1015,1,0,5,0,6,781,196,42,2,1021,0,0,0,1021
09/20/2013,MIA,FL,ASO,ES,Combined TRACON& Tower with Radar,784,186,25,1,996,8,3,7,0,18,792,189,32,1,1014,0,0,0,1014
09/21/2013,MIA,FL,ASO,ES,Combined TRACON& Tower with Radar,764,132,15,1,912,5,0,12,0,17,769,132,27,1,929,0,0,0,929
09/22/2013,MIA,FL,ASO,ES,Combined TRACON& Tower with Radar,756,143,25,0,924,2,0,18,0,20,758,143,43,0,944,0,0,0,944
09/23/2013,MIA,FL,ASO,ES,Combined TRACON& Tower with Radar,749,176,26,0,951,4,0,0,0,4,753,176,26,0,955,0,0,0,955
09/24/2013,MIA,FL,ASO,ES,Combined TRACON& Tower with Radar,738,149,27,0,914,3,0,10,0,13,741,149,37,0,927,0,0,0,927
09/25/2013,MIA,FL,ASO,ES,Combined TRACON& Tower with Radar,744,160,15,0,919,5,2,12,0,19,749,162,27,0,938,0,0,0,938
09/26/2013,MIA,FL,ASO,ES,Combined TRACON& Tower with Radar,807,163,21,0,991,2,4,12,0,18,809,167,33,0,1009,0,0,0,1009
09/27/2013,MIA,FL,ASO,ES,Combined TRACON& Tower with Radar,796,176,20,2,994,0,1,16,0,17,796,177,36,2,1011,0,0,0,1011
09/28/2013,MIA,FL,ASO,ES,Combined TRACON& Tower with Radar,768,139,14,0,921,4,0,18,0,22,772,139,32,0,943,0,0,0,943
09/29/2013,MIA,FL,ASO,ES,Combined TRACON& Tower with Radar,766,143,26,1,936,2,0,18,0,20,768,143,44,1,956,0,0,0,956
09/30/2013,MIA,FL,ASO,ES,Combined TRACON& Tower with Radar,761,175,26,0,962,3,0,13,0,16,764,175,39,0,978,0,0,0,978
10/01/2013,MIA,FL,ASO,ES,Combined TRACON& Tower with Radar,758,166,32,0,956,3,1,15,0,19,761,167,47,0,975,0,0,0,975
10/02/2013,MIA,FL,ASO,ES,Combined TRACON& Tower with Radar,755,173,39,0,967,10,1,3,0,14,765,174,42,0,981,0,0,0,981
10/03/2013,MIA,FL,ASO,ES,Combined TRACON& Tower with Radar,791,173,21,2,987,5,4,14,0,23,796,177,35,2,1010,0,0,0,1010
10/04/2013,MIA,FL,ASO,ES,Combined TRACON& Tower with Radar,817,188,41,0,1046,5,0,11,0,16,822,188,52,0,1062,0,0,0,1062
10/05/2013,MIA,FL,ASO,ES,Combined TRACON& Tower with Radar,770,142,14,0,926,3,0,8,0,11,773,142,22,0,937,0,0,0,937
10/06/2013,MIA,FL,ASO,ES,Combined TRACON& Tower with Radar,764,148,23,0,935,4,0,3,0,7,768,148,26,0,942,0,0,0,942
10/07/2013,MIA,FL,ASO,ES,Combined TRACON& Tower with Radar,762,179,29,0,970,7,1,2,0,10,769,180,31,0,980,0,0,0,980
10/08/2013,MIA,FL,ASO,ES,Combined TRACON& Tower with Radar,752,170,33,0,955,3,1,4,0,8,755,171,37,0,963,0,0,0,963
10/09/2013,MIA,FL,ASO,ES,Combined TRACON& Tower with Radar,764,174,27,0,965,5,3,20,0,28,769,177,47,0,993,0,0,0,993
10/10/2013,MIA,FL,ASO,ES,Combined TRACON& Tower with Radar,807,181,27,0,1015,7,4,6,4,21,814,185,33,4,1036,0,0,0,1036
10/11/2013,MIA,FL,ASO,ES,Combined TRACON& Tower with Radar,807,194,32,1,1034,7,1,11,0,19,814,195,43,1,1053,0,0,0,1053
10/12/2013,MIA,FL,ASO,ES,Combined TRACON& Tower with Radar,774,137,18,0,929,4,0,10,0,14,778,137,28,0,943,0,0,0,943
10/13/2013,MIA,FL,ASO,ES,Combined TRACON& Tower with Radar,755,153,24,0,932,9,0,2,0,11,764,153,26,0,943,0,0,0,943
10/14/2013,MIA,FL,ASO,ES,Combined TRACON& Tower with Radar,769,163,36,0,968,4,1,9,0,14,773,164,45,0,982,0,0,0,982
10/15/2013,MIA,FL,ASO,ES,Combined TRACON& Tower with Radar,749,174,31,1,955,4,1,8,1,14,753,175,39,2,969,0,0,0,969
10/16/2013,MIA,FL,ASO,ES,Combined TRACON& Tower with Radar,764,173,32,3,972,7,0,15,0,22,771,173,47,3,994,0,0,0,994
10/17/2013,MIA,FL,ASO,ES,Combined TRACON& Tower with Radar,800,174,39,1,1014,2,2,7,0,11,802,176,46,1,1025,0,0,0,1025
10/18/2013,MIA,FL,ASO,ES,Combined TRACON& Tower with Radar,822,174,47,1,1044,4,4,18,1,27,826,178,65,2,1071,0,0,0,1071
10/19/2013,MIA,FL,ASO,ES,Combined TRACON& Tower with Radar,762,141,27,1,931,4,2,9,2,17,766,143,36,3,948,0,0,0,948
10/20/2013,MIA,FL,ASO,ES,Combined TRACON& Tower with Radar,764,145,37,1,947,5,0,11,0,16,769,145,48,1,963,0,0,0,963
10/21/2013,MIA,FL,ASO,ES,Combined TRACON& Tower with Radar,751,177,27,6,961,10,0,9,0,19,761,177,36,6,980,0,0,0,980
10/22/2013,MIA,FL,ASO,ES,Combined TRACON& Tower with Radar,760,161,33,0,954,5,2,4,0,11,765,163,37,0,965,0,0,0,965
10/23/2013,MIA,FL,ASO,ES,Combined TRACON& Tower with Radar,767,170,36,1,974,5,2,7,0,14,772,172,43,1,988,0,0,0,988
10/24/2013,MIA,FL,ASO,ES,Combined TRACON& Tower with Radar,808,191,52,4,1055,1,0,3,0,4,809,191,55,4,1059,0,0,0,1059
10/25/2013,MIA,FL,ASO,ES,Combined TRACON& Tower with Radar,802,181,51,5,1039,6,1,11,0,18,808,182,62,5,1057,0,0,0,1057
10/26/2013,MIA,FL,ASO,ES,Combined TRACON& Tower with Radar,795,138,33,4,970,1,3,15,0,19,796,141,48,4,989,0,0,0,989
10/27/2013,MIA,FL,ASO,ES,Combined TRACON& Tower with Radar,779,154,41,0,974,3,5,11,0,19,782,159,52,0,993,0,0,0,993
10/28/2013,MIA,FL,ASO,ES,Combined TRACON& Tower with Radar,760,195,31,2,988,9,1,16,1,27,769,196,47,3,1015,0,0,0,1015
10/29/2013,MIA,FL,ASO,ES,Combined TRACON& Tower with Radar,774,163,40,3,980,7,3,16,0,26,781,166,56,3,1006,0,0,0,1006
10/30/2013,MIA,FL,ASO,ES,Combined TRACON& Tower with Radar,786,170,40,8,1004,5,0,7,0,12,791,170,47,8,1016,0,0,0,1016
10/31/2013,MIA,FL,ASO,ES,Combined TRACON& Tower with Radar,803,198,37,5,1043,5,2,11,0,18,808,200,48,5,1061,0,0,0,1061
11/01/2013,MIA,FL,ASO,ES,Combined TRACON& Tower with Radar,819,192,37,2,1050,7,2,15,0,24,826,194,52,2,1074,0,0,0,1074
11/02/2013,MIA,FL,ASO,ES,Combined TRACON& Tower with Radar,806,140,26,1,973,9,4,12,1,26,815,144,38,2,999,0,0,0,999
11/03/2013,MIA,FL,ASO,ES,Combined TRACON& Tower with Radar,776,171,37,0,984,6,1,12,0,19,782,172,49,0,1003,0,0,0,1003
11/04/2013,MIA,FL,ASO,ES,Combined TRACON& Tower with Radar,776,181,50,0,1007,4,1,14,0,19,780,182,64,0,1026,0,0,0,1026
11/05/2013,MIA,FL,ASO,ES,Combined TRACON& Tower with Radar,759,171,36,3,969,8,0,10,0,18,767,171,46,3,987,0,0,0,987
11/06/2013,MIA,FL,ASO,ES,Combined TRACON& Tower with Radar,777,176,47,1,1001,4,3,21,0,28,781,179,68,1,1029,0,0,0,1029
11/07/2013,MIA,FL,ASO,ES,Combined TRACON& Tower with Radar,837,205,43,3,1088,5,2,20,1,28,842,207,63,4,1116,0,0,0,1116
11/08/2013,MIA,FL,ASO,ES,Combined TRACON& Tower with Radar,815,187,45,0,1047,6,0,15,0,21,821,187,60,0,1068,0,0,0,1068
11/09/2013,MIA,FL,ASO,ES,Combined TRACON& Tower with Radar,795,134,11,4,944,6,0,2,0,8,801,134,13,4,952,0,0,0,952
11/10/2013,MIA,FL,ASO,ES,Combined TRACON& Tower with Radar,787,170,35,0,992,7,1,14,0,22,794,171,49,0,1014,0,0,0,1014
11/11/2013,MIA,FL,ASO,ES,Combined TRACON& Tower with Radar,785,184,42,1,1012,4,2,5,0,11,789,186,47,1,1023,0,0,0,1023
11/12/2013,MIA,FL,ASO,ES,Combined TRACON& Tower with Radar,769,171,49,5,994,11,0,6,0,17,780,171,55,5,1011,0,0,0,1011
11/13/2013,MIA,FL,ASO,ES,Combined TRACON& Tower with Radar,778,177,31,7,993,4,0,10,0,14,782,177,41,7,1007,0,0,0,1007
11/14/2013,MIA,FL,ASO,ES,Combined TRACON& Tower with Radar,833,195,46,5,1079,3,0,14,2,19,836,195,60,7,1098,0,0,0,1098
11/15/2013,MIA,FL,ASO,ES,Combined TRACON& Tower with Radar,831,187,52,4,1074,6,1,15,4,26,837,188,67,8,1100,0,0,0,1100
11/16/2013,MIA,FL,ASO,ES,Combined TRACON& Tower with Radar,819,140,23,2,984,4,0,22,0,26,823,140,45,2,1010,0,0,0,1010
11/17/2013,MIA,FL,ASO,ES,Combined TRACON& Tower with Radar,803,161,54,3,1021,4,4,46,1,55,807,165,100,4,1076,0,0,0,1076
11/18/2013,MIA,FL,ASO,ES,Combined TRACON& Tower with Radar,794,185,61,2,1042,2,2,11,0,15,796,187,72,2,1057,0,0,0,1057
11/19/2013,MIA,FL,ASO,ES,Combined TRACON& Tower with Radar,779,178,50,0,1007,5,1,6,0,12,784,179,56,0,1019,0,0,0,1019
11/20/2013,MIA,FL,ASO,ES,Combined TRACON& Tower with Radar,794,174,59,2,1029,2,0,15,0,17,796,174,74,2,1046,0,0,0,1046
11/21/2013,MIA,FL,ASO,ES,Combined TRACON& Tower with Radar,891,207,47,0,1145,4,3,10,0,17,895,210,57,0,1162,0,0,0,1162
11/22/2013,MIA,FL,ASO,ES,Combined TRACON& Tower with Radar,910,223,40,2,1175,7,1,7,0,15,917,224,47,2,1190,0,0,0,1190
11/23/2013,MIA,FL,ASO,ES,Combined TRACON& Tower with Radar,890,184,17,0,1091,7,2,7,0,16,897,186,24,0,1107,0,0,0,1107
11/24/2013,MIA,FL,ASO,ES,Combined TRACON& Tower with Radar,851,193,31,0,1075,3,1,6,0,10,854,194,37,0,1085,0,0,0,1085
11/25/2013,MIA,FL,ASO,ES,Combined TRACON& Tower with Radar,859,210,46,0,1115,6,1,8,0,15,865,211,54,0,1130,0,0,0,1130
11/26/2013,MIA,FL,ASO,ES,Combined TRACON& Tower with Radar,869,239,59,1,1168,2,0,9,1,12,871,239,68,2,1180,0,0,0,1180
11/27/2013,MIA,FL,ASO,ES,Combined TRACON& Tower with Radar,903,210,51,0,1164,4,2,7,0,13,907,212,58,0,1177,0,0,0,1177
11/28/2013,MIA,FL,ASO,ES,Combined TRACON& Tower with Radar,773,145,16,0,934,9,0,4,0,13,782,145,20,0,947,0,0,0,947
11/29/2013,MIA,FL,ASO,ES,Combined TRACON& Tower with Radar,840,189,17,2,1048,6,1,14,0,21,846,190,31,2,1069,0,0,0,1069
11/30/2013,MIA,FL,ASO,ES,Combined TRACON& Tower with Radar,900,187,29,0,1116,5,1,3,0,9,905,188,32,0,1125,0,0,0,1125
12/01/2013,MIA,FL,ASO,ES,Combined TRACON& Tower with Radar,895,200,80,0,1175,3,1,9,0,13,898,201,89,0,1188,0,0,0,1188
12/02/2013,MIA,FL,ASO,ES,Combined TRACON& Tower with Radar,856,216,46,2,1120,5,1,9,0,15,861,217,55,2,1135,0,0,0,1135
12/03/2013,MIA,FL,ASO,ES,Combined TRACON& Tower with Radar,865,236,53,1,1155,9,8,7,0,24,874,244,60,1,1179,0,0,0,1179
12/04/2013,MIA,FL,ASO,ES,Combined TRACON& Tower with Radar,891,257,81,5,1234,7,5,14,0,26,898,262,95,5,1260,0,0,0,1260
12/05/2013,MIA,FL,ASO,ES,Combined TRACON& Tower with Radar,932,246,97,0,1275,5,1,21,1,28,937,247,118,1,1303,0,0,0,1303
12/06/2013,MIA,FL,ASO,ES,Combined TRACON& Tower with Radar,910,268,85,2,1265,8,1,12,1,22,918,269,97,3,1287,0,0,0,1287
12/07/2013,MIA,FL,ASO,ES,Combined TRACON& Tower with Radar,884,193,53,2,1132,9,1,9,2,21,893,194,62,4,1153,0,0,0,1153
12/08/2013,MIA,FL,ASO,ES,Combined TRACON& Tower with Radar,840,237,55,1,1133,8,2,9,0,19,848,239,64,1,1152,0,0,0,1152
12/09/2013,MIA,FL,ASO,ES,Combined TRACON& Tower with Radar,881,226,45,2,1154,6,1,17,0,24,887,227,62,2,1178,0,0,0,1178
12/10/2013,MIA,FL,ASO,ES,Combined TRACON& Tower with Radar,890,220,32,5,1147,3,3,20,0,26,893,223,52,5,1173,0,0,0,1173
12/11/2013,MIA,FL,ASO,ES,Combined TRACON& Tower with Radar,916,207,40,0,1163,4,1,15,2,22,920,208,55,2,1185,0,0,0,1185
12/12/2013,MIA,FL,ASO,ES,Combined TRACON& Tower with Radar,936,237,33,0,1206,10,2,4,0,16,946,239,37,0,1222,0,0,0,1222
12/13/2013,MIA,FL,ASO,ES,Combined TRACON& Tower with Radar,958,245,47,2,1252,5,1,10,0,16,963,246,57,2,1268,0,0,0,1268
12/14/2013,MIA,FL,ASO,ES,Combined TRACON& Tower with Radar,921,176,24,2,1123,3,0,3,0,6,924,176,27,2,1129,0,0,0,1129
12/15/2013,MIA,FL,ASO,ES,Combined TRACON& Tower with Radar,898,180,31,1,1110,5,0,5,0,10,903,180,36,1,1120,0,0,0,1120
12/16/2013,MIA,FL,ASO,ES,Combined TRACON& Tower with Radar,888,201,34,1,1124,8,0,5,0,13,896,201,39,1,1137,0,0,0,1137
12/17/2013,MIA,FL,ASO,ES,Combined TRACON& Tower with Radar,927,215,33,6,1181,5,3,24,0,32,932,218,57,6,1213,0,0,0,1213
12/18/2013,MIA,FL,ASO,ES,Combined TRACON& Tower with Radar,944,209,47,1,1201,3,5,10,0,18,947,214,57,1,1219,0,0,0,1219
12/19/2013,MIA,FL,ASO,ES,Combined TRACON& Tower with Radar,996,224,53,0,1273,4,1,16,1,22,1000,225,69,1,1295,0,0,0,1295
12/20/2013,MIA,FL,ASO,ES,Combined TRACON& Tower with Radar,993,243,61,0,1297,4,2,31,0,37,997,245,92,0,1334,0,0,0,1334
12/21/2013,MIA,FL,ASO,ES,Combined TRACON& Tower with Radar,976,218,46,0,1240,2,0,6,0,8,978,218,52,0,1248,0,0,0,1248
12/22/2013,MIA,FL,ASO,ES,Combined TRACON& Tower with Radar,945,193,41,0,1179,7,1,5,0,13,952,194,46,0,1192,0,0,0,1192
12/23/2013,MIA,FL,ASO,ES,Combined TRACON& Tower with Radar,919,234,51,1,1205,6,1,18,0,25,925,235,69,1,1230,0,0,0,1230
12/24/2013,MIA,FL,ASO,ES,Combined TRACON& Tower with Radar,849,186,18,0,1053,6,0,10,0,16,855,186,28,0,1069,0,0,0,1069
12/25/2013,MIA,FL,ASO,ES,Combined TRACON& Tower with Radar,766,172,14,0,952,7,0,6,0,13,773,172,20,0,965,0,0,0,965
12/26/2013,MIA,FL,ASO,ES,Combined TRACON& Tower with Radar,881,253,60,0,1194,6,0,7,0,13,887,253,67,0,1207,0,0,0,1207
12/27/2013,MIA,FL,ASO,ES,Combined TRACON& Tower with Radar,968,236,41,0,1245,7,0,5,0,12,975,236,46,0,1257,0,0,0,1257
12/28/2013,MIA,FL,ASO,ES,Combined TRACON& Tower with Radar,945,221,55,0,1221,8,0,10,0,18,953,221,65,0,1239,0,0,0,1239
12/29/2013,MIA,FL,ASO,ES,Combined TRACON& Tower with Radar,903,217,63,0,1183,8,0,10,0,18,911,217,73,0,1201,0,0,0,1201
12/30/2013,MIA,FL,ASO,ES,Combined TRACON& Tower with Radar,910,233,39,0,1182,4,5,4,0,13,914,238,43,0,1195,0,0,0,1195
12/31/2013,MIA,FL,ASO,ES,Combined TRACON& Tower with Radar,831,187,27,1,1046,6,0,4,0,10,837,187,31,1,1056,0,0,0,1056
01/01/2014,MIA,FL,ASO,ES,Combined TRACON& Tower with Radar,767,176,41,1,985,6,1,5,1,13,773,177,46,2,998,0,0,0,998
01/02/2014,MIA,FL,ASO,ES,Combined TRACON& Tower with Radar,874,218,48,0,1140,4,1,13,0,18,878,219,61,0,1158,0,0,0,1158
01/03/2014,MIA,FL,ASO,ES,Combined TRACON& Tower with Radar,939,215,61,1,1216,2,2,10,0,14,941,217,71,1,1230,0,0,0,1230
01/04/2014,MIA,FL,ASO,ES,Combined TRACON& Tower with Radar,972,224,69,0,1265,2,0,3,0,5,974,224,72,0,1270,0,0,0,1270
01/05/2014,MIA,FL,ASO,ES,Combined TRACON& Tower with Radar,918,214,77,0,1209,5,0,9,0,14,923,214,86,0,1223,0,0,0,1223
01/06/2014,MIA,FL,ASO,ES,Combined TRACON& Tower with Radar,892,222,59,0,1173,5,0,13,0,18,897,222,72,0,1191,0,0,0,1191
01/07/2014,MIA,FL,ASO,ES,Combined TRACON& Tower with Radar,868,218,64,0,1150,11,0,8,0,19,879,218,72,0,1169,0,0,0,1169
01/08/2014,MIA,FL,ASO,ES,Combined TRACON& Tower with Radar,909,219,54,0,1182,3,0,1,0,4,912,219,55,0,1186,0,0,0,1186
01/09/2014,MIA,FL,ASO,ES,Combined TRACON& Tower with Radar,914,217,53,0,1184,7,0,4,0,11,921,217,57,0,1195,0,0,0,1195
01/10/2014,MIA,FL,ASO,ES,Combined TRACON& Tower with Radar,904,212,66,0,1182,6,1,13,0,20,910,213,79,0,1202,0,0,0,1202
01/11/2014,MIA,FL,ASO,ES,Combined TRACON& Tower with Radar,917,175,32,3,1127,8,1,12,1,22,925,176,44,4,1149,0,0,0,1149
01/12/2014,MIA,FL,ASO,ES,Combined TRACON& Tower with Radar,878,187,71,1,1137,7,0,5,0,12,885,187,76,1,1149,0,0,0,1149
01/13/2014,MIA,FL,ASO,ES,Combined TRACON& Tower with Radar,874,214,43,1,1132,3,1,11,0,15,877,215,54,1,1147,0,0,0,1147
01/14/2014,MIA,FL,ASO,ES,Combined TRACON& Tower with Radar,878,213,55,0,1146,8,2,9,0,19,886,215,64,0,1165,0,0,0,1165
01/15/2014,MIA,FL,ASO,ES,Combined TRACON& Tower with Radar,871,209,59,0,1139,13,0,15,0,28,884,209,74,0,1167,0,0,0,1167
01/16/2014,MIA,FL,ASO,ES,Combined TRACON& Tower with Radar,898,213,71,5,1187,3,0,10,0,13,901,213,81,5,1200,0,0,0,1200
01/17/2014,MIA,FL,ASO,ES,Combined TRACON& Tower with Radar,904,223,45,2,1174,11,1,17,0,29,915,224,62,2,1203,0,0,0,1203
01/18/2014,MIA,FL,ASO,ES,Combined TRACON& Tower with Radar,903,183,34,1,1121,5,1,27,1,34,908,184,61,2,1155,0,0,0,1155
01/19/2014,MIA,FL,ASO,ES,Combined TRACON& Tower with Radar,864,178,36,0,1078,6,2,30,4,42,870,180,66,4,1120,0,0,0,1120
01/20/2014,MIA,FL,ASO,ES,Combined TRACON& Tower with Radar,861,231,47,2,1141,7,0,10,0,17,868,231,57,2,1158,0,0,0,1158
01/21/2014,MIA,FL,ASO,ES,Combined TRACON& Tower with Radar,814,201,28,0,1043,12,0,10,0,22,826,201,38,0,1065,0,0,0,1065
01/22/2014,MIA,FL,ASO,ES,Combined TRACON& Tower with Radar,845,211,60,3,1119,7,5,13,0,25,852,216,73,3,1144,0,0,0,1144
01/23/2014,MIA,FL,ASO,ES,Combined TRACON& Tower with Radar,907,240,66,0,1213,5,0,12,0,17,912,240,78,0,1230,0,0,0,1230
01/24/2014,MIA,FL,ASO,ES,Combined TRACON& Tower with Radar,906,229,51,0,1186,4,2,22,2,30,910,231,73,2,1216,0,0,0,1216
01/25/2014,MIA,FL,ASO,ES,Combined TRACON& Tower with Radar,922,191,36,0,1149,8,3,8,11,30,930,194,44,11,1179,0,0,0,1179
01/26/2014,MIA,FL,ASO,ES,Combined TRACON& Tower with Radar,892,214,45,0,1151,5,0,9,2,16,897,214,54,2,1167,0,0,0,1167
01/27/2014,MIA,FL,ASO,ES,Combined TRACON& Tower with Radar,879,218,63,2,1162,5,0,17,0,22,884,218,80,2,1184,0,0,0,1184
01/28/2014,MIA,FL,ASO,ES,Combined TRACON& Tower with Radar,860,188,40,0,1088,11,3,13,0,27,871,191,53,0,1115,0,0,0,1115
01/29/2014,MIA,FL,ASO,ES,Combined TRACON& Tower with Radar,862,185,60,0,1107,8,0,4,0,12,870,185,64,0,1119,0,0,0,1119
01/30/2014,MIA,FL,ASO,ES,Combined TRACON& Tower with Radar,902,223,67,4,1196,6,1,4,1,12,908,224,71,5,1208,0,0,0,1208
01/31/2014,MIA,FL,ASO,ES,Combined TRACON& Tower with Radar,935,222,47,1,1205,5,0,3,2,10,940,222,50,3,1215,0,0,0,1215
02/01/2014,MIA,FL,ASO,ES,Combined TRACON& Tower with Radar,948,176,38,0,1162,5,2,3,0,10,953,178,41,0,1172,0,0,0,1172
02/02/2014,MIA,FL,ASO,ES,Combined TRACON& Tower with Radar,888,184,50,0,1122,3,0,7,2,12,891,184,57,2,1134,0,0,0,1134
02/03/2014,MIA,FL,ASO,ES,Combined TRACON& Tower with Radar,865,219,65,1,1150,6,2,5,2,15,871,221,70,3,1165,0,0,0,1165
02/04/2014,MIA,FL,ASO,ES,Combined TRACON& Tower with Radar,863,209,56,6,1134,8,1,16,2,27,871,210,72,8,1161,0,0,0,1161
02/05/2014,MIA,FL,ASO,ES,Combined TRACON& Tower with Radar,832,213,60,6,1111,6,2,0,0,8,838,215,60,6,1119,0,0,0,1119
02/06/2014,MIA,FL,ASO,ES,Combined TRACON& Tower with Radar,912,218,87,1,1218,5,3,14,1,23,917,221,101,2,1241,0,0,0,1241
02/07/2014,MIA,FL,ASO,ES,Combined TRACON& Tower with Radar,945,211,88,0,1244,8,0,12,2,22,953,211,100,2,1266,0,0,0,1266
02/08/2014,MIA,FL,ASO,ES,Combined TRACON& Tower with Radar,911,178,32,0,1121,9,2,6,1,18,920,180,38,1,1139,0,0,0,1139
02/09/2014,MIA,FL,ASO,ES,Combined TRACON& Tower with Radar,863,194,60,2,1119,5,0,9,2,16,868,194,69,4,1135,0,0,0,1135
02/10/2014,MIA,FL,ASO,ES,Combined TRACON& Tower with Radar,854,217,51,2,1124,4,3,11,2,20,858,220,62,4,1144,0,0,0,1144
02/11/2014,MIA,FL,ASO,ES,Combined TRACON& Tower with Radar,842,204,50,3,1099,5,5,10,0,20,847,209,60,3,1119,0,0,0,1119
02/12/2014,MIA,FL,ASO,ES,Combined TRACON& Tower with Radar,765,208,93,0,1066,6,0,10,2,18,771,208,103,2,1084,0,0,0,1084
02/13/2014,MIA,FL,ASO,ES,Combined TRACON& Tower with Radar,832,252,132,4,1220,11,1,9,1,22,843,253,141,5,1242,0,0,0,1242
02/14/2014,MIA,FL,ASO,ES,Combined TRACON& Tower with Radar,884,267,91,0,1242,8,4,30,0,42,892,271,121,0,1284,0,0,0,1284
02/15/2014,MIA,FL,ASO,ES,Combined TRACON& Tower with Radar,901,216,74,0,1191,4,2,12,0,18,905,218,86,0,1209,0,0,0,1209
02/16/2014,MIA,FL,ASO,ES,Combined TRACON& Tower with Radar,866,201,58,0,1125,2,1,11,0,14,868,202,69,0,1139,0,0,0,1139
02/17/2014,MIA,FL,ASO,ES,Combined TRACON& Tower with Radar,848,247,71,0,1166,4,3,21,0,28,852,250,92,0,1194,0,0,0,1194
02/18/2014,MIA,FL,ASO,ES,Combined TRACON& Tower with Radar,863,238,93,0,1194,5,3,16,1,25,868,241,109,1,1219,0,0,0,1219
02/19/2014,MIA,FL,ASO,ES,Combined TRACON& Tower with Radar,876,230,79,3,1188,5,1,9,1,16,881,231,88,4,1204,0,0,0,1204
02/20/2014,MIA,FL,ASO,ES,Combined TRACON& Tower with Radar,906,243,68,2,1219,2,1,11,0,14,908,244,79,2,1233,0,0,0,1233
02/21/2014,MIA,FL,ASO,ES,Combined TRACON& Tower with Radar,887,217,55,5,1164,7,0,7,0,14,894,217,62,5,1178,0,0,0,1178
02/22/2014,MIA,FL,ASO,ES,Combined TRACON& Tower with Radar,918,189,32,1,1140,6,1,4,0,11,924,190,36,1,1151,0,0,0,1151
02/23/2014,MIA,FL,ASO,ES,Combined TRACON& Tower with Radar,870,201,63,1,1135,5,1,6,0,12,875,202,69,1,1147,0,0,0,1147
02/24/2014,MIA,FL,ASO,ES,Combined TRACON& Tower with Radar,875,236,55,7,1173,2,0,8,0,10,877,236,63,7,1183,0,0,0,1183
02/25/2014,MIA,FL,ASO,ES,Combined TRACON& Tower with Radar,876,217,65,2,1160,2,2,4,0,8,878,219,69,2,1168,0,0,0,1168
02/26/2014,MIA,FL,ASO,ES,Combined TRACON& Tower with Radar,868,220,45,2,1135,5,2,9,2,18,873,222,54,4,1153,0,0,0,1153
02/27/2014,MIA,FL,ASO,ES,Combined TRACON& Tower with Radar,898,222,57,6,1183,3,3,12,2,20,901,225,69,8,1203,0,0,0,1203
02/28/2014,MIA,FL,ASO,ES,Combined TRACON& Tower with Radar,912,240,62,3,1217,6,2,9,1,18,918,242,71,4,1235,0,0,0,1235
03/01/2014,MIA,FL,ASO,ES,Combined TRACON& Tower with Radar,915,184,44,0,1143,3,1,17,1,22,918,185,61,1,1165,0,0,0,1165
03/02/2014,MIA,FL,ASO,ES,Combined TRACON& Tower with Radar,834,198,56,2,1090,2,0,7,2,11,836,198,63,4,1101,0,0,0,1101
03/03/2014,MIA,FL,ASO,ES,Combined TRACON& Tower with Radar,810,218,36,3,1067,5,2,10,0,17,815,220,46,3,1084,0,0,0,1084
03/04/2014,MIA,FL,ASO,ES,Combined TRACON& Tower with Radar,863,216,47,2,1128,3,2,9,0,14,866,218,56,2,1142,0,0,0,1142
03/05/2014,MIA,FL,ASO,ES,Combined TRACON& Tower with Radar,869,209,63,6,1147,7,0,4,5,16,876,209,67,11,1163,0,0,0,1163
03/06/2014,MIA,FL,ASO,ES,Combined TRACON& Tower with Radar,902,212,42,1,1157,4,0,5,0,9,906,212,47,1,1166,0,0,0,1166
03/07/2014,MIA,FL,ASO,ES,Combined TRACON& Tower with Radar,910,228,81,2,1221,3,1,19,0,23,913,229,100,2,1244,0,0,0,1244
03/08/2014,MIA,FL,ASO,ES,Combined TRACON& Tower with Radar,920,194,34,1,1149,3,0,10,1,14,923,194,44,2,1163,0,0,0,1163
03/09/2014,MIA,FL,ASO,ES,Combined TRACON& Tower with Radar,848,216,58,1,1123,6,3,19,1,29,854,219,77,2,1152,0,0,0,1152
03/10/2014,MIA,FL,ASO,ES,Combined TRACON& Tower with Radar,884,219,51,3,1157,4,3,11,0,18,888,222,62,3,1175,0,0,0,1175
03/11/2014,MIA,FL,ASO,ES,Combined TRACON& Tower with Radar,869,219,54,3,1145,5,6,11,0,22,874,225,65,3,1167,0,0,0,1167
03/12/2014,MIA,FL,ASO,ES,Combined TRACON& Tower with Radar,871,222,58,4,1155,6,1,17,2,26,877,223,75,6,1181,0,0,0,1181
03/13/2014,MIA,FL,ASO,ES,Combined TRACON& Tower with Radar,900,221,57,7,1185,4,2,18,0,24,904,223,75,7,1209,0,0,0,1209
03/14/2014,MIA,FL,ASO,ES,Combined TRACON& Tower with Radar,916,231,73,3,1223,2,5,25,0,32,918,236,98,3,1255,0,0,0,1255
03/15/2014,MIA,FL,ASO,ES,Combined TRACON& Tower with Radar,904,198,58,0,1160,5,2,6,0,13,909,200,64,0,1173,0,0,0,1173
03/16/2014,MIA,FL,ASO,ES,Combined TRACON& Tower with Radar,877,216,49,0,1142,3,1,17,0,21,880,217,66,0,1163,0,0,0,1163
03/17/2014,MIA,FL,ASO,ES,Combined TRACON& Tower with Radar,866,213,53,1,1133,8,0,5,0,13,874,213,58,1,1146,0,0,0,1146
03/18/2014,MIA,FL,ASO,ES,Combined TRACON& Tower with Radar,863,203,39,2,1107,4,0,3,0,7,867,203,42,2,1114,0,0,0,1114
03/19/2014,MIA,FL,ASO,ES,Combined TRACON& Tower with Radar,875,217,54,5,1151,9,1,12,0,22,884,218,66,5,1173,0,0,0,1173
03/20/2014,MIA,FL,ASO,ES,Combined TRACON& Tower with Radar,912,216,37,0,1165,2,1,4,0,7,914,217,41,0,1172,0,0,0,1172
03/21/2014,MIA,FL,ASO,ES,Combined TRACON& Tower with Radar,921,255,70,1,1247,3,1,7,4,15,924,256,77,5,1262,0,0,0,1262
03/22/2014,MIA,FL,ASO,ES,Combined TRACON& Tower with Radar,936,193,47,0,1176,6,0,6,0,12,942,193,53,0,1188,0,0,0,1188
03/23/2014,MIA,FL,ASO,ES,Combined TRACON& Tower with Radar,889,199,53,2,1143,4,1,12,2,19,893,200,65,4,1162,0,0,0,1162
03/24/2014,MIA,FL,ASO,ES,Combined TRACON& Tower with Radar,875,210,38,2,1125,2,2,10,3,17,877,212,48,5,1142,0,0,0,1142
03/25/2014,MIA,FL,ASO,ES,Combined TRACON& Tower with Radar,875,218,33,0,1126,5,4,19,0,28,880,222,52,0,1154,0,0,0,1154
03/26/2014,MIA,FL,ASO,ES,Combined TRACON& Tower with Radar,887,209,39,1,1136,3,0,14,4,21,890,209,53,5,1157,0,0,0,1157
03/27/2014,MIA,FL,ASO,ES,Combined TRACON& Tower with Radar,914,228,61,4,1207,4,1,21,3,29,918,229,82,7,1236,0,0,0,1236
03/28/2014,MIA,FL,ASO,ES,Combined TRACON& Tower with Radar,906,213,67,2,1188,5,2,13,3,23,911,215,80,5,1211,0,0,0,1211
03/29/2014,MIA,FL,ASO,ES,Combined TRACON& Tower with Radar,909,172,40,0,1121,3,2,4,2,11,912,174,44,2,1132,0,0,0,1132
03/30/2014,MIA,FL,ASO,ES,Combined TRACON& Tower with Radar,911,211,71,1,1194,1,6,10,0,17,912,217,81,1,1211,0,0,0,1211
03/31/2014,MIA,FL,ASO,ES,Combined TRACON& Tower with Radar,876,235,51,2,1164,6,2,5,0,13,882,237,56,2,1177,0,0,0,1177
04/01/2014,MIA,FL,ASO,ES,Combined TRACON& Tower with Radar,858,206,35,2,1101,3,1,6,2,12,861,207,41,4,1113,0,0,0,1113
04/02/2014,MIA,FL,ASO,ES,Combined TRACON& Tower with Radar,852,211,29,2,1094,5,0,12,2,19,857,211,41,4,1113,0,0,0,1113
04/03/2014,MIA,FL,ASO,ES,Combined TRACON& Tower with Radar,886,202,49,4,1141,8,1,25,1,35,894,203,74,5,1176,0,0,0,1176
04/04/2014,MIA,FL,ASO,ES,Combined TRACON& Tower with Radar,877,213,34,1,1125,6,2,10,0,18,883,215,44,1,1143,0,0,0,1143
04/05/2014,MIA,FL,ASO,ES,Combined TRACON& Tower with Radar,901,173,27,0,1101,5,3,16,1,25,906,176,43,1,1126,0,0,0,1126
04/06/2014,MIA,FL,ASO,ES,Combined TRACON& Tower with Radar,847,178,62,0,1087,2,0,16,0,18,849,178,78,0,1105,0,0,0,1105
04/07/2014,MIA,FL,ASO,ES,Combined TRACON& Tower with Radar,860,202,36,2,1100,2,3,8,0,13,862,205,44,2,1113,0,0,0,1113
04/08/2014,MIA,FL,ASO,ES,Combined TRACON& Tower with Radar,854,207,48,3,1112,4,3,3,0,10,858,210,51,3,1122,0,0,0,1122
04/09/2014,MIA,FL,ASO,ES,Combined TRACON& Tower with Radar,852,209,34,1,1096,7,1,20,0,28,859,210,54,1,1124,0,0,0,1124
04/10/2014,MIA,FL,ASO,ES,Combined TRACON& Tower with Radar,904,209,57,4,1174,3,1,15,0,19,907,210,72,4,1193,0,0,0,1193
04/11/2014,MIA,FL,ASO,ES,Combined TRACON& Tower with Radar,897,243,65,2,1207,5,1,21,0,27,902,244,86,2,1234,0,0,0,1234
04/12/2014,MIA,FL,ASO,ES,Combined TRACON& Tower with Radar,900,209,49,0,1158,1,3,15,0,19,901,212,64,0,1177,0,0,0,1177
04/13/2014,MIA,FL,ASO,ES,Combined TRACON& Tower with Radar,870,193,43,1,1107,2,0,11,0,13,872,193,54,1,1120,0,0,0,1120
04/14/2014,MIA,FL,ASO,ES,Combined TRACON& Tower with Radar,853,209,29,1,1092,6,1,5,0,12,859,210,34,1,1104,0,0,0,1104
04/15/2014,MIA,FL,ASO,ES,Combined TRACON& Tower with Radar,859,202,45,5,1111,2,2,5,0,9,861,204,50,5,1120,0,0,0,1120
04/16/2014,MIA,FL,ASO,ES,Combined TRACON& Tower with Radar,864,205,44,8,1121,3,1,6,2,12,867,206,50,10,1133,0,0,0,1133
04/17/2014,MIA,FL,ASO,ES,Combined TRACON& Tower with Radar,888,219,58,11,1176,5,2,6,3,16,893,221,64,14,1192,0,0,0,1192
04/18/2014,MIA,FL,ASO,ES,Combined TRACON& Tower with Radar,863,194,59,2,1118,5,1,11,6,23,868,195,70,8,1141,0,0,0,1141
04/19/2014,MIA,FL,ASO,ES,Combined TRACON& Tower with Radar,863,180,27,0,1070,3,1,10,1,15,866,181,37,1,1085,0,0,0,1085
04/20/2014,MIA,FL,ASO,ES,Combined TRACON& Tower with Radar,859,199,55,3,1116,1,0,8,0,9,860,199,63,3,1125,0,0,0,1125
04/21/2014,MIA,FL,ASO,ES,Combined TRACON& Tower with Radar,878,218,70,1,1167,3,2,11,0,16,881,220,81,1,1183,0,0,0,1183
04/22/2014,MIA,FL,ASO,ES,Combined TRACON& Tower with Radar,862,202,40,4,1108,5,4,13,2,24,867,206,53,6,1132,0,0,0,1132
04/23/2014,MIA,FL,ASO,ES,Combined TRACON& Tower with Radar,874,208,53,3,1138,2,4,10,7,23,876,212,63,10,1161,0,0,0,1161
04/24/2014,MIA,FL,ASO,ES,Combined TRACON& Tower with Radar,926,196,41,5,1168,4,2,12,0,18,930,198,53,5,1186,0,0,0,1186
04/25/2014,MIA,FL,ASO,ES,Combined TRACON& Tower with Radar,924,208,64,2,1198,3,1,27,1,32,927,209,91,3,1230,0,0,0,1230
04/26/2014,MIA,FL,ASO,ES,Combined TRACON& Tower with Radar,910,183,43,1,1137,10,1,13,9,33,920,184,56,10,1170,0,0,0,1170
04/27/2014,MIA,FL,ASO,ES,Combined TRACON& Tower with Radar,875,198,50,6,1129,2,3,8,0,13,877,201,58,6,1142,0,0,0,1142
04/28/2014,MIA,FL,ASO,ES,Combined TRACON& Tower with Radar,891,203,47,9,1150,5,0,7,0,12,896,203,54,9,1162,0,0,0,1162
04/29/2014,MIA,FL,ASO,ES,Combined TRACON& Tower with Radar,856,191,37,2,1086,5,6,13,0,24,861,197,50,2,1110,0,0,0,1110
04/30/2014,MIA,FL,ASO,ES,Combined TRACON& Tower with Radar,893,190,47,3,1133,5,1,10,0,16,898,191,57,3,1149,0,0,0,1149
05/01/2014,MIA,FL,ASO,ES,Combined TRACON& Tower with Radar,896,223,45,9,1173,6,4,4,2,16,902,227,49,11,1189,0,0,0,1189
05/02/2014,MIA,FL,ASO,ES,Combined TRACON& Tower with Radar,916,209,53,5,1183,6,3,3,2,14,922,212,56,7,1197,0,0,0,1197
05/03/2014,MIA,FL,ASO,ES,Combined TRACON& Tower with Radar,894,166,30,4,1094,6,1,1,0,8,900,167,31,4,1102,0,0,0,1102
05/04/2014,MIA,FL,ASO,ES,Combined TRACON& Tower with Radar,862,187,39,3,1091,2,2,7,0,11,864,189,46,3,1102,0,0,0,1102
05/05/2014,MIA,FL,ASO,ES,Combined TRACON& Tower with Radar,864,206,37,1,1108,4,0,6,0,10,868,206,43,1,1118,0,0,0,1118
05/06/2014,MIA,FL,ASO,ES,Combined TRACON& Tower with Radar,849,193,47,1,1090,4,1,10,0,15,853,194,57,1,1105,0,0,0,1105
05/07/2014,MIA,FL,ASO,ES,Combined TRACON& Tower with Radar,842,216,35,0,1093,6,2,6,2,16,848,218,41,2,1109,0,0,0,1109
05/08/2014,MIA,FL,ASO,ES,Combined TRACON& Tower with Radar,861,193,25,0,1079,0,4,13,3,20,861,197,38,3,1099,0,0,0,1099
05/09/2014,MIA,FL,ASO,ES,Combined TRACON& Tower with Radar,858,207,37,3,1105,0,4,13,4,21,858,211,50,7,1126,0,0,0,1126
05/10/2014,MIA,FL,ASO,ES,Combined TRACON& Tower with Radar,841,169,13,0,1023,5,2,16,0,23,846,171,29,0,1046,0,0,0,1046
05/11/2014,MIA,FL,ASO,ES,Combined TRACON& Tower with Radar,815,178,25,2,1020,5,0,4,0,9,820,178,29,2,1029,0,0,0,1029
05/12/2014,MIA,FL,ASO,ES,Combined TRACON& Tower with Radar,835,198,30,2,1065,5,1,10,0,16,840,199,40,2,1081,0,0,0,1081
05/13/2014,MIA,FL,ASO,ES,Combined TRACON& Tower with Radar,806,209,35,4,1054,4,1,8,2,15,810,210,43,6,1069,0,0,0,1069
05/14/2014,MIA,FL,ASO,ES,Combined TRACON& Tower with Radar,848,205,40,5,1098,10,1,11,0,22,858,206,51,5,1120,0,0,0,1120
05/15/2014,MIA,FL,ASO,ES,Combined TRACON& Tower with Radar,796,179,35,2,1012,5,0,4,0,9,801,179,39,2,1021,0,0,0,1021
05/16/2014,MIA,FL,ASO,ES,Combined TRACON& Tower with Radar,881,189,20,0,1090,2,0,4,2,8,883,189,24,2,1098,0,0,0,1098
05/17/2014,MIA,FL,ASO,ES,Combined TRACON& Tower with Radar,851,159,28,1,1039,7,0,3,0,10,858,159,31,1,1049,0,0,0,1049
05/18/2014,MIA,FL,ASO,ES,Combined TRACON& Tower with Radar,823,160,35,3,1021,6,0,15,0,21,829,160,50,3,1042,0,0,0,1042
05/19/2014,MIA,FL,ASO,ES,Combined TRACON& Tower with Radar,847,197,29,1,1074,8,1,5,0,14,855,198,34,1,1088,0,0,0,1088
05/20/2014,MIA,FL,ASO,ES,Combined TRACON& Tower with Radar,829,190,40,4,1063,5,1,11,0,17,834,191,51,4,1080,0,0,0,1080
05/21/2014,MIA,FL,ASO,ES,Combined TRACON& Tower with Radar,838,186,31,4,1059,4,2,5,0,11,842,188,36,4,1070,0,0,0,1070
05/22/2014,MIA,FL,ASO,ES,Combined TRACON& Tower with Radar,866,205,34,2,1107,4,1,15,0,20,870,206,49,2,1127,0,0,0,1127
05/23/2014,MIA,FL,ASO,ES,Combined TRACON& Tower with Radar,862,204,49,2,1117,7,0,13,0,20,869,204,62,2,1137,0,0,0,1137
05/24/2014,MIA,FL,ASO,ES,Combined TRACON& Tower with Radar,833,168,29,0,1030,2,0,13,0,15,835,168,42,0,1045,0,0,0,1045
05/25/2014,MIA,FL,ASO,ES,Combined TRACON& Tower with Radar,804,152,15,2,973,7,0,3,0,10,811,152,18,2,983,0,0,0,983
05/26/2014,MIA,FL,ASO,ES,Combined TRACON& Tower with Radar,819,189,26,0,1034,2,1,19,0,22,821,190,45,0,1056,0,0,0,1056
05/27/2014,MIA,FL,ASO,ES,Combined TRACON& Tower with Radar,792,199,38,4,1033,2,0,18,0,20,794,199,56,4,1053,0,0,0,1053
05/28/2014,MIA,FL,ASO,ES,Combined TRACON& Tower with Radar,849,185,20,2,1056,4,6,17,0,27,853,191,37,2,1083,0,0,0,1083
05/29/2014,MIA,FL,ASO,ES,Combined TRACON& Tower with Radar,881,199,33,9,1122,4,0,8,0,12,885,199,41,9,1134,0,0,0,1134
05/30/2014,MIA,FL,ASO,ES,Combined TRACON& Tower with Radar,861,188,43,5,1097,3,4,16,0,23,864,192,59,5,1120,0,0,0,1120
05/31/2014,MIA,FL,ASO,ES,Combined TRACON& Tower with Radar,846,163,20,3,1032,5,0,6,0,11,851,163,26,3,1043,0,0,0,1043
06/01/2014,MIA,FL,ASO,ES,Combined TRACON& Tower with Radar,820,145,18,2,985,5,4,15,0,24,825,149,33,2,1009,0,0,0,1009
06/02/2014,MIA,FL,ASO,ES,Combined TRACON& Tower with Radar,833,173,34,3,1043,5,0,10,0,15,838,173,44,3,1058,0,0,0,1058
06/03/2014,MIA,FL,ASO,ES,Combined TRACON& Tower with Radar,823,176,31,4,1034,5,3,13,1,22,828,179,44,5,1056,0,0,0,1056
06/04/2014,MIA,FL,ASO,ES,Combined TRACON& Tower with Radar,843,185,45,5,1078,2,0,9,0,11,845,185,54,5,1089,0,0,0,1089
06/05/2014,MIA,FL,ASO,ES,Combined TRACON& Tower with Radar,859,176,30,4,1069,3,0,9,0,12,862,176,39,4,1081,0,0,0,1081
06/06/2014,MIA,FL,ASO,ES,Combined TRACON& Tower with Radar,852,182,25,3,1062,12,0,25,0,37,864,182,50,3,1099,0,0,0,1099
06/07/2014,MIA,FL,ASO,ES,Combined TRACON& Tower with Radar,858,148,24,1,1031,4,3,11,0,18,862,151,35,1,1049,0,0,0,1049
06/08/2014,MIA,FL,ASO,ES,Combined TRACON& Tower with Radar,838,166,28,2,1034,3,0,8,0,11,841,166,36,2,1045,0,0,0,1045
06/09/2014,MIA,FL,ASO,ES,Combined TRACON& Tower with Radar,861,200,40,0,1101,8,0,5,0,13,869,200,45,0,1114,0,0,0,1114
06/10/2014,MIA,FL,ASO,ES,Combined TRACON& Tower with Radar,836,185,32,2,1055,9,5,7,0,21,845,190,39,2,1076,0,0,0,1076
06/11/2014,MIA,FL,ASO,ES,Combined TRACON& Tower with Radar,849,163,41,1,1054,7,0,13,0,20,856,163,54,1,1074,0,0,0,1074
06/12/2014,MIA,FL,ASO,ES,Combined TRACON& Tower with Radar,883,179,45,2,1109,5,2,8,0,15,888,181,53,2,1124,0,0,0,1124
06/13/2014,MIA,FL,ASO,ES,Combined TRACON& Tower with Radar,880,188,35,1,1104,6,5,4,0,15,886,193,39,1,1119,0,0,0,1119
06/14/2014,MIA,FL,ASO,ES,Combined TRACON& Tower with Radar,896,152,26,0,1074,5,3,7,0,15,901,155,33,0,1089,0,0,0,1089
06/15/2014,MIA,FL,ASO,ES,Combined TRACON& Tower with Radar,854,153,21,0,1028,10,1,5,0,16,864,154,26,0,1044,0,0,0,1044
06/16/2014,MIA,FL,ASO,ES,Combined TRACON& Tower with Radar,852,175,46,6,1079,6,5,10,0,21,858,180,56,6,1100,0,0,0,1100
06/17/2014,MIA,FL,ASO,ES,Combined TRACON& Tower with Radar,837,161,35,4,1037,5,1,3,0,9,842,162,38,4,1046,0,0,0,1046
06/18/2014,MIA,FL,ASO,ES,Combined TRACON& Tower with Radar,864,182,24,3,1073,6,0,10,0,16,870,182,34,3,1089,0,0,0,1089
06/19/2014,MIA,FL,ASO,ES,Combined TRACON& Tower with Radar,873,162,35,2,1072,9,2,4,0,15,882,164,39,2,1087,0,0,0,1087
06/20/2014,MIA,FL,ASO,ES,Combined TRACON& Tower with Radar,894,163,36,5,1098,3,1,5,1,10,897,164,41,6,1108,0,0,0,1108
06/21/2014,MIA,FL,ASO,ES,Combined TRACON& Tower with Radar,871,170,24,0,1065,6,1,2,0,9,877,171,26,0,1074,0,0,0,1074
06/22/2014,MIA,FL,ASO,ES,Combined TRACON& Tower with Radar,848,167,35,1,1051,10,0,10,0,20,858,167,45,1,1071,0,0,0,1071
06/23/2014,MIA,FL,ASO,ES,Combined TRACON& Tower with Radar,867,179,32,1,1079,6,0,8,0,14,873,179,40,1,1093,0,0,0,1093
06/24/2014,MIA,FL,ASO,ES,Combined TRACON& Tower with Radar,860,165,24,4,1053,5,4,12,0,21,865,169,36,4,1074,0,0,0,1074
06/25/2014,MIA,FL,ASO,ES,Combined TRACON& Tower with Radar,858,173,22,0,1053,7,0,6,0,13,865,173,28,0,1066,0,0,0,1066
06/26/2014,MIA,FL,ASO,ES,Combined TRACON& Tower with Radar,893,189,43,2,1127,1,0,14,1,16,894,189,57,3,1143,0,0,0,1143
06/27/2014,MIA,FL,ASO,ES,Combined TRACON& Tower with Radar,897,181,40,4,1122,4,1,6,1,12,901,182,46,5,1134,0,0,0,1134
06/28/2014,MIA,FL,ASO,ES,Combined TRACON& Tower with Radar,880,166,29,0,1075,4,0,5,1,10,884,166,34,1,1085,0,0,0,1085
06/29/2014,MIA,FL,ASO,ES,Combined TRACON& Tower with Radar,864,154,17,0,1035,4,0,11,1,16,868,154,28,1,1051,0,0,0,1051
06/30/2014,MIA,FL,ASO,ES,Combined TRACON& Tower with Radar,841,163,28,1,1033,4,0,6,1,11,845,163,34,2,1044,0,0,0,1044
07/01/2014,MIA,FL,ASO,ES,Combined TRACON& Tower with Radar,863,162,29,2,1056,7,0,6,0,13,870,162,35,2,1069,0,0,0,1069
07/02/2014,MIA,FL,ASO,ES,Combined TRACON& Tower with Radar,883,155,22,3,1063,1,0,8,0,9,884,155,30,3,1072,0,0,0,1072
07/03/2014,MIA,FL,ASO,ES,Combined TRACON& Tower with Radar,865,175,37,0,1077,3,0,16,0,19,868,175,53,0,1096,0,0,0,1096
07/04/2014,MIA,FL,ASO,ES,Combined TRACON& Tower with Radar,858,146,12,2,1018,7,0,6,0,13,865,146,18,2,1031,0,0,0,1031
07/05/2014,MIA,FL,ASO,ES,Combined TRACON& Tower with Radar,849,145,24,0,1018,3,0,5,0,8,852,145,29,0,1026,0,0,0,1026
07/06/2014,MIA,FL,ASO,ES,Combined TRACON& Tower with Radar,877,167,43,0,1087,1,2,20,0,23,878,169,63,0,1110,0,0,0,1110
07/07/2014,MIA,FL,ASO,ES,Combined TRACON& Tower with Radar,838,162,29,1,1030,6,0,9,0,15,844,162,38,1,1045,0,0,0,1045
07/08/2014,MIA,FL,ASO,ES,Combined TRACON& Tower with Radar,857,164,29,9,1059,7,0,9,0,16,864,164,38,9,1075,0,0,0,1075
07/09/2014,MIA,FL,ASO,ES,Combined TRACON& Tower with Radar,867,165,31,4,1067,6,1,19,0,26,873,166,50,4,1093,0,0,0,1093
07/10/2014,MIA,FL,ASO,ES,Combined TRACON& Tower with Radar,884,172,21,4,1081,3,0,14,0,17,887,172,35,4,1098,0,0,0,1098
07/11/2014,MIA,FL,ASO,ES,Combined TRACON& Tower with Radar,900,182,34,2,1118,6,0,20,3,29,906,182,54,5,1147,0,0,0,1147
07/12/2014,MIA,FL,ASO,ES,Combined TRACON& Tower with Radar,878,145,21,3,1047,4,0,7,0,11,882,145,28,3,1058,0,0,0,1058
07/13/2014,MIA,FL,ASO,ES,Combined TRACON& Tower with Radar,874,153,27,0,1054,3,2,9,0,14,877,155,36,0,1068,0,0,0,1068
07/14/2014,MIA,FL,ASO,ES,Combined TRACON& Tower with Radar,840,179,26,0,1045,2,0,1,0,3,842,179,27,0,1048,0,0,0,1048
07/15/2014,MIA,FL,ASO,ES,Combined TRACON& Tower with Radar,844,173,23,2,1042,1,0,3,0,4,845,173,26,2,1046,0,0,0,1046
07/16/2014,MIA,FL,ASO,ES,Combined TRACON& Tower with Radar,888,172,42,0,1102,7,0,15,0,22,895,172,57,0,1124,0,0,0,1124
07/17/2014,MIA,FL,ASO,ES,Combined TRACON& Tower with Radar,892,177,37,0,1106,2,0,9,0,11,894,177,46,0,1117,0,0,0,1117
07/18/2014,MIA,FL,ASO,ES,Combined TRACON& Tower with Radar,872,180,29,2,1083,6,0,6,0,12,878,180,35,2,1095,0,0,0,1095
07/19/2014,MIA,FL,ASO,ES,Combined TRACON& Tower with Radar,882,157,26,0,1065,3,0,3,1,7,885,157,29,1,1072,0,0,0,1072
07/20/2014,MIA,FL,ASO,ES,Combined TRACON& Tower with Radar,887,141,38,0,1066,5,0,13,0,18,892,141,51,0,1084,0,0,0,1084
07/21/2014,MIA,FL,ASO,ES,Combined TRACON& Tower with Radar,848,168,29,2,1047,5,0,6,0,11,853,168,35,2,1058,0,0,0,1058
07/22/2014,MIA,FL,ASO,ES,Combined TRACON& Tower with Radar,866,181,32,0,1079,4,0,10,0,14,870,181,42,0,1093,0,0,0,1093
07/23/2014,MIA,FL,ASO,ES,Combined TRACON& Tower with Radar,876,163,32,0,1071,2,0,12,0,14,878,163,44,0,1085,0,0,0,1085
07/24/2014,MIA,FL,ASO,ES,Combined TRACON& Tower with Radar,887,171,32,2,1092,9,0,10,0,19,896,171,42,2,1111,0,0,0,1111
07/25/2014,MIA,FL,ASO,ES,Combined TRACON& Tower with Radar,893,186,37,2,1118,5,2,24,0,31,898,188,61,2,1149,0,0,0,1149
07/26/2014,MIA,FL,ASO,ES,Combined TRACON& Tower with Radar,872,152,19,0,1043,15,0,0,0,15,887,152,19,0,1058,0,0,0,1058
07/27/2014,MIA,FL,ASO,ES,Combined TRACON& Tower with Radar,872,150,35,2,1059,5,1,14,0,20,877,151,49,2,1079,0,0,0,1079
07/28/2014,MIA,FL,ASO,ES,Combined TRACON& Tower with Radar,844,172,18,2,1036,4,0,5,0,9,848,172,23,2,1045,0,0,0,1045
07/29/2014,MIA,FL,ASO,ES,Combined TRACON& Tower with Radar,866,160,29,5,1060,1,1,11,2,15,867,161,40,7,1075,0,0,0,1075
07/30/2014,MIA,FL,ASO,ES,Combined TRACON& Tower with Radar,888,173,31,0,1092,8,1,7,0,16,896,174,38,0,1108,0,0,0,1108
07/31/2014,MIA,FL,ASO,ES,Combined TRACON& Tower with Radar,894,181,25,5,1105,5,3,11,0,19,899,184,36,5,1124,0,0,0,1124
08/01/2014,MIA,FL,ASO,ES,Combined TRACON& Tower with Radar,890,172,22,2,1086,6,1,9,0,16,896,173,31,2,1102,0,0,0,1102
08/02/2014,MIA,FL,ASO,ES,Combined TRACON& Tower with Radar,881,153,12,0,1046,4,1,4,2,11,885,154,16,2,1057,0,0,0,1057
08/03/2014,MIA,FL,ASO,ES,Combined TRACON& Tower with Radar,881,146,32,0,1059,6,2,10,0,18,887,148,42,0,1077,0,0,0,1077
08/04/2014,MIA,FL,ASO,ES,Combined TRACON& Tower with Radar,854,166,22,3,1045,3,0,5,0,8,857,166,27,3,1053,0,0,0,1053
08/05/2014,MIA,FL,ASO,ES,Combined TRACON& Tower with Radar,872,169,32,2,1075,4,1,18,0,23,876,170,50,2,1098,0,0,0,1098
08/06/2014,MIA,FL,ASO,ES,Combined TRACON& Tower with Radar,878,168,42,4,1092,3,0,8,0,11,881,168,50,4,1103,0,0,0,1103
08/07/2014,MIA,FL,ASO,ES,Combined TRACON& Tower with Radar,860,179,33,3,1075,6,3,8,0,17,866,182,41,3,1092,0,0,0,1092
08/08/2014,MIA,FL,ASO,ES,Combined TRACON& Tower with Radar,903,185,37,0,1125,2,4,11,0,17,905,189,48,0,1142,0,0,0,1142
08/09/2014,MIA,FL,ASO,ES,Combined TRACON& Tower with Radar,884,158,19,0,1061,2,2,12,0,16,886,160,31,0,1077,0,0,0,1077
08/10/2014,MIA,FL,ASO,ES,Combined TRACON& Tower with Radar,882,157,53,2,1094,3,1,5,0,9,885,158,58,2,1103,0,0,0,1103
08/11/2014,MIA,FL,ASO,ES,Combined TRACON& Tower with Radar,841,184,25,5,1055,1,2,1,0,4,842,186,26,5,1059,0,0,0,1059
08/12/2014,MIA,FL,ASO,ES,Combined TRACON& Tower with Radar,848,174,23,6,1051,7,0,11,0,18,855,174,34,6,1069,0,0,0,1069
08/13/2014,MIA,FL,ASO,ES,Combined TRACON& Tower with Radar,897,167,24,2,1090,7,0,5,0,12,904,167,29,2,1102,0,0,0,1102
08/14/2014,MIA,FL,ASO,ES,Combined TRACON& Tower with Radar,891,171,26,2,1090,4,0,6,0,10,895,171,32,2,1100,0,0,0,1100
08/15/2014,MIA,FL,ASO,ES,Combined TRACON& Tower with Radar,918,166,20,1,1105,6,1,4,0,11,924,167,24,1,1116,0,0,0,1116
08/16/2014,MIA,FL,ASO,ES,Combined TRACON& Tower with Radar,878,156,14,2,1050,6,0,7,0,13,884,156,21,2,1063,0,0,0,1063
08/17/2014,MIA,FL,ASO,ES,Combined TRACON& Tower with Radar,866,154,31,2,1053,5,0,2,0,7,871,154,33,2,1060,0,0,0,1060
08/18/2014,MIA,FL,ASO,ES,Combined TRACON& Tower with Radar,823,185,20,1,1029,7,0,4,0,11,830,185,24,1,1040,0,0,0,1040
08/19/2014,MIA,FL,ASO,ES,Combined TRACON& Tower with Radar,784,157,33,3,977,5,0,7,0,12,789,157,40,3,989,0,0,0,989
08/20/2014,MIA,FL,ASO,ES,Combined TRACON& Tower with Radar,797,166,25,4,992,4,4,7,0,15,801,170,32,4,1007,0,0,0,1007
08/21/2014,MIA,FL,ASO,ES,Combined TRACON& Tower with Radar,826,165,26,3,1020,5,2,10,1,18,831,167,36,4,1038,0,0,0,1038
08/22/2014,MIA,FL,ASO,ES,Combined TRACON& Tower with Radar,797,160,25,1,983,3,0,10,0,13,800,160,35,1,996,0,0,0,996
08/23/2014,MIA,FL,ASO,ES,Combined TRACON& Tower with Radar,800,125,20,5,950,5,0,8,0,13,805,125,28,5,963,0,0,0,963
08/24/2014,MIA,FL,ASO,ES,Combined TRACON& Tower with Radar,792,148,20,2,962,3,0,3,0,6,795,148,23,2,968,0,0,0,968
08/25/2014,MIA,FL,ASO,ES,Combined TRACON& Tower with Radar,757,160,23,3,943,10,0,14,0,24,767,160,37,3,967,0,0,0,967
08/26/2014,MIA,FL,ASO,ES,Combined TRACON& Tower with Radar,794,156,26,7,983,3,2,4,0,9,797,158,30,7,992,0,0,0,992
08/27/2014,MIA,FL,ASO,ES,Combined TRACON& Tower with Radar,790,167,25,3,985,4,3,23,2,32,794,170,48,5,1017,0,0,0,1017
08/28/2014,MIA,FL,ASO,ES,Combined TRACON& Tower with Radar,792,166,37,10,1005,5,4,12,0,21,797,170,49,10,1026,0,0,0,1026
08/29/2014,MIA,FL,ASO,ES,Combined TRACON& Tower with Radar,819,177,31,0,1027,6,0,13,0,19,825,177,44,0,1046,0,0,0,1046
08/30/2014,MIA,FL,ASO,ES,Combined TRACON& Tower with Radar,772,133,20,4,929,4,1,12,0,17,776,134,32,4,946,0,0,0,946
08/31/2014,MIA,FL,ASO,ES,Combined TRACON& Tower with Radar,790,134,15,0,939,4,0,4,0,8,794,134,19,0,947,0,0,0,947
09/01/2014,MIA,FL,ASO,ES,Combined TRACON& Tower with Radar,738,155,30,0,923,8,0,3,0,11,746,155,33,0,934,0,0,0,934
09/02/2014,MIA,FL,ASO,ES,Combined TRACON& Tower with Radar,752,152,23,4,931,4,2,16,0,22,756,154,39,4,953,0,0,0,953
09/03/2014,MIA,FL,ASO,ES,Combined TRACON& Tower with Radar,753,160,29,1,943,6,0,4,0,10,759,160,33,1,953,0,0,0,953
09/04/2014,MIA,FL,ASO,ES,Combined TRACON& Tower with Radar,780,159,34,1,974,6,0,11,0,17,786,159,45,1,991,0,0,0,991
09/05/2014,MIA,FL,ASO,ES,Combined TRACON& Tower with Radar,780,170,40,2,992,0,1,7,1,9,780,171,47,3,1001,0,0,0,1001
09/06/2014,MIA,FL,ASO,ES,Combined TRACON& Tower with Radar,764,135,32,4,935,3,0,4,0,7,767,135,36,4,942,0,0,0,942
09/07/2014,MIA,FL,ASO,ES,Combined TRACON& Tower with Radar,760,151,17,0,928,8,0,3,0,11,768,151,20,0,939,0,0,0,939
09/08/2014,MIA,FL,ASO,ES,Combined TRACON& Tower with Radar,754,160,26,2,942,1,3,8,1,13,755,163,34,3,955,0,0,0,955
09/09/2014,MIA,FL,ASO,ES,Combined TRACON& Tower with Radar,744,163,23,5,935,4,1,7,2,14,748,164,30,7,949,0,0,0,949
09/10/2014,MIA,FL,ASO,ES,Combined TRACON& Tower with Radar,743,164,28,6,941,4,2,10,1,17,747,166,38,7,958,0,0,0,958
09/11/2014,MIA,FL,ASO,ES,Combined TRACON& Tower with Radar,788,164,26,7,985,3,1,14,1,19,791,165,40,8,1004,0,0,0,1004
09/12/2014,MIA,FL,ASO,ES,Combined TRACON& Tower with Radar,785,166,33,1,985,6,2,6,2,16,791,168,39,3,1001,0,0,0,1001
09/13/2014,MIA,FL,ASO,ES,Combined TRACON& Tower with Radar,772,137,11,0,920,5,0,5,0,10,777,137,16,0,930,0,0,0,930
09/14/2014,MIA,FL,ASO,ES,Combined TRACON& Tower with Radar,756,136,27,0,919,6,0,13,0,19,762,136,40,0,938,0,0,0,938
09/15/2014,MIA,FL,ASO,ES,Combined TRACON& Tower with Radar,733,160,30,0,923,5,0,4,1,10,738,160,34,1,933,0,0,0,933
09/16/2014,MIA,FL,ASO,ES,Combined TRACON& Tower with Radar,742,171,22,4,939,9,2,13,0,24,751,173,35,4,963,0,0,0,963
09/17/2014,MIA,FL,ASO,ES,Combined TRACON& Tower with Radar,753,170,46,4,973,5,3,3,2,13,758,173,49,6,986,0,0,0,986
09/18/2014,MIA,FL,ASO,ES,Combined TRACON& Tower with Radar,780,177,36,3,996,2,6,12,0,20,782,183,48,3,1016,0,0,0,1016
09/19/2014,MIA,FL,ASO,ES,Combined TRACON& Tower with Radar,805,171,41,4,1021,5,2,14,0,21,810,173,55,4,1042,0,0,0,1042
09/20/2014,MIA,FL,ASO,ES,Combined TRACON& Tower with Radar,766,127,22,0,915,5,2,2,2,11,771,129,24,2,926,0,0,0,926
09/21/2014,MIA,FL,ASO,ES,Combined TRACON& Tower with Radar,774,139,28,0,941,4,2,1,0,7,778,141,29,0,948,0,0,0,948
09/22/2014,MIA,FL,ASO,ES,Combined TRACON& Tower with Radar,761,156,31,0,948,3,0,3,0,6,764,156,34,0,954,0,0,0,954
09/23/2014,MIA,FL,ASO,ES,Combined TRACON& Tower with Radar,759,163,32,1,955,1,0,4,0,5,760,163,36,1,960,0,0,0,960
09/24/2014,MIA,FL,ASO,ES,Combined TRACON& Tower with Radar,760,173,37,7,977,2,1,2,2,7,762,174,39,9,984,0,0,0,984
09/25/2014,MIA,FL,ASO,ES,Combined TRACON& Tower with Radar,789,165,20,4,978,5,0,0,0,5,794,165,20,4,983,0,0,0,983
09/26/2014,MIA,FL,ASO,ES,Combined TRACON& Tower with Radar,792,153,23,2,970,7,0,9,0,16,799,153,32,2,986,0,0,0,986
09/27/2014,MIA,FL,ASO,ES,Combined TRACON& Tower with Radar,782,137,5,1,925,0,1,6,0,7,782,138,11,1,932,0,0,0,932
09/28/2014,MIA,FL,ASO,ES,Combined TRACON& Tower with Radar,767,148,23,3,941,9,0,1,0,10,776,148,24,3,951,0,0,0,951
09/29/2014,MIA,FL,ASO,ES,Combined TRACON& Tower with Radar,746,179,29,2,956,5,0,8,0,13,751,179,37,2,969,0,0,0,969
09/30/2014,MIA,FL,ASO,ES,Combined TRACON& Tower with Radar,760,162,21,7,950,3,1,4,0,8,763,163,25,7,958,0,0,0,958
10/01/2014,MIA,FL,ASO,ES,Combined TRACON& Tower with Radar,768,165,17,3,953,2,7,8,2,19,770,172,25,5,972,0,0,0,972
10/02/2014,MIA,FL,ASO,ES,Combined TRACON& Tower with Radar,796,169,39,0,1004,4,1,11,0,16,800,170,50,0,1020,0,0,0,1020
10/03/2014,MIA,FL,ASO,ES,Combined TRACON& Tower with Radar,824,153,30,2,1009,7,1,5,0,13,831,154,35,2,1022,0,0,0,1022
10/04/2014,MIA,FL,ASO,ES,Combined TRACON& Tower with Radar,797,118,23,2,940,4,0,4,0,8,801,118,27,2,948,0,0,0,948
10/05/2014,MIA,FL,ASO,ES,Combined TRACON& Tower with Radar,792,136,29,1,958,3,1,11,0,15,795,137,40,1,973,0,0,0,973
10/06/2014,MIA,FL,ASO,ES,Combined TRACON& Tower with Radar,773,152,29,1,955,4,2,10,2,18,777,154,39,3,973,0,0,0,973
10/07/2014,MIA,FL,ASO,ES,Combined TRACON& Tower with Radar,792,139,31,4,966,4,1,4,1,10,796,140,35,5,976,0,0,0,976
10/08/2014,MIA,FL,ASO,ES,Combined TRACON& Tower with Radar,800,152,23,4,979,5,0,16,1,22,805,152,39,5,1001,0,0,0,1001
10/09/2014,MIA,FL,ASO,ES,Combined TRACON& Tower with Radar,817,151,42,3,1013,0,3,9,0,12,817,154,51,3,1025,0,0,0,1025
10/10/2014,MIA,FL,ASO,ES,Combined TRACON& Tower with Radar,831,172,50,4,1057,9,1,14,0,24,840,173,64,4,1081,0,0,0,1081
10/11/2014,MIA,FL,ASO,ES,Combined TRACON& Tower with Radar,803,130,30,2,965,7,1,3,0,11,810,131,33,2,976,0,0,0,976
10/12/2014,MIA,FL,ASO,ES,Combined TRACON& Tower with Radar,791,139,39,3,972,1,1,5,0,7,792,140,44,3,979,0,0,0,979
10/13/2014,MIA,FL,ASO,ES,Combined TRACON& Tower with Radar,772,140,43,4,959,4,0,11,0,15,776,140,54,4,974,0,0,0,974
10/14/2014,MIA,FL,ASO,ES,Combined TRACON& Tower with Radar,801,137,32,9,979,3,0,15,0,18,804,137,47,9,997,0,0,0,997
10/15/2014,MIA,FL,ASO,ES,Combined TRACON& Tower with Radar,815,162,42,0,1019,5,2,12,0,19,820,164,54,0,1038,0,0,0,1038
10/16/2014,MIA,FL,ASO,ES,Combined TRACON& Tower with Radar,822,179,33,3,1037,1,1,6,0,8,823,180,39,3,1045,0,0,0,1045
10/17/2014,MIA,FL,ASO,ES,Combined TRACON& Tower with Radar,834,165,59,7,1065,1,0,8,0,9,835,165,67,7,1074,0,0,0,1074
10/18/2014,MIA,FL,ASO,ES,Combined TRACON& Tower with Radar,803,139,22,0,964,4,1,9,0,14,807,140,31,0,978,0,0,0,978
10/19/2014,MIA,FL,ASO,ES,Combined TRACON& Tower with Radar,808,153,48,2,1011,4,3,9,0,16,812,156,57,2,1027,0,0,0,1027
10/20/2014,MIA,FL,ASO,ES,Combined TRACON& Tower with Radar,790,152,43,0,985,6,0,9,0,15,796,152,52,0,1000,0,0,0,1000
10/21/2014,MIA,FL,ASO,ES,Combined TRACON& Tower with Radar,796,163,44,0,1003,2,3,4,2,11,798,166,48,2,1014,0,0,0,1014
10/22/2014,MIA,FL,ASO,ES,Combined TRACON& Tower with Radar,830,156,49,0,1035,4,3,17,1,25,834,159,66,1,1060,0,0,0,1060
10/23/2014,MIA,FL,ASO,ES,Combined TRACON& Tower with Radar,812,152,41,1,1006,3,0,3,0,6,815,152,44,1,1012,0,0,0,1012
10/24/2014,MIA,FL,ASO,ES,Combined TRACON& Tower with Radar,836,166,61,1,1064,2,1,4,0,7,838,167,65,1,1071,0,0,0,1071
10/25/2014,MIA,FL,ASO,ES,Combined TRACON& Tower with Radar,820,137,28,0,985,5,0,8,0,13,825,137,36,0,998,0,0,0,998
10/26/2014,MIA,FL,ASO,ES,Combined TRACON& Tower with Radar,804,143,26,0,973,4,0,22,0,26,808,143,48,0,999,0,0,0,999
10/27/2014,MIA,FL,ASO,ES,Combined TRACON& Tower with Radar,801,169,33,4,1007,2,2,14,0,18,803,171,47,4,1025,0,0,0,1025
10/28/2014,MIA,FL,ASO,ES,Combined TRACON& Tower with Radar,805,148,29,4,986,1,1,6,0,8,806,149,35,4,994,0,0,0,994
10/29/2014,MIA,FL,ASO,ES,Combined TRACON& Tower with Radar,792,148,55,6,1001,2,5,11,2,20,794,153,66,8,1021,0,0,0,1021
10/30/2014,MIA,FL,ASO,ES,Combined TRACON& Tower with Radar,831,171,31,9,1042,1,2,10,0,13,832,173,41,9,1055,0,0,0,1055
10/31/2014,MIA,FL,ASO,ES,Combined TRACON& Tower with Radar,814,172,34,10,1030,5,0,8,0,13,819,172,42,10,1043,0,0,0,1043
11/01/2014,MIA,FL,ASO,ES,Combined TRACON& Tower with Radar,846,137,20,0,1003,3,1,26,0,30,849,138,46,0,1033,0,0,0,1033
11/02/2014,MIA,FL,ASO,ES,Combined TRACON& Tower with Radar,824,157,44,3,1028,7,2,5,0,14,831,159,49,3,1042,0,0,0,1042
11/03/2014,MIA,FL,ASO,ES,Combined TRACON& Tower with Radar,807,169,45,1,1022,1,1,23,0,25,808,170,68,1,1047,0,0,0,1047
11/04/2014,MIA,FL,ASO,ES,Combined TRACON& Tower with Radar,810,174,33,4,1021,1,0,16,0,17,811,174,49,4,1038,0,0,0,1038
11/05/2014,MIA,FL,ASO,ES,Combined TRACON& Tower with Radar,812,177,51,3,1043,2,2,5,0,9,814,179,56,3,1052,0,0,0,1052
11/06/2014,MIA,FL,ASO,ES,Combined TRACON& Tower with Radar,904,167,69,3,1143,5,0,20,0,25,909,167,89,3,1168,0,0,0,1168
11/07/2014,MIA,FL,ASO,ES,Combined TRACON& Tower with Radar,920,185,59,9,1173,2,2,8,1,13,922,187,67,10,1186,0,0,0,1186
11/08/2014,MIA,FL,ASO,ES,Combined TRACON& Tower with Radar,948,122,12,0,1082,5,0,6,0,11,953,122,18,0,1093,0,0,0,1093
11/09/2014,MIA,FL,ASO,ES,Combined TRACON& Tower with Radar,893,145,54,0,1092,6,0,5,0,11,899,145,59,0,1103,0,0,0,1103
11/10/2014,MIA,FL,ASO,ES,Combined TRACON& Tower with Radar,877,149,37,1,1064,3,2,8,0,13,880,151,45,1,1077,0,0,0,1077
11/11/2014,MIA,FL,ASO,ES,Combined TRACON& Tower with Radar,881,154,34,1,1070,2,1,5,0,8,883,155,39,1,1078,0,0,0,1078
11/12/2014,MIA,FL,ASO,ES,Combined TRACON& Tower with Radar,907,145,49,7,1108,2,2,19,0,23,909,147,68,7,1131,0,0,0,1131
11/13/2014,MIA,FL,ASO,ES,Combined TRACON& Tower with Radar,927,173,79,7,1186,2,3,9,0,14,929,176,88,7,1200,0,0,0,1200
11/14/2014,MIA,FL,ASO,ES,Combined TRACON& Tower with Radar,920,166,51,3,1140,3,6,28,1,38,923,172,79,4,1178,0,0,0,1178
11/15/2014,MIA,FL,ASO,ES,Combined TRACON& Tower with Radar,950,121,24,5,1100,1,2,9,0,12,951,123,33,5,1112,0,0,0,1112
11/16/2014,MIA,FL,ASO,ES,Combined TRACON& Tower with Radar,903,131,48,0,1082,5,3,44,0,52,908,134,92,0,1134,0,0,0,1134
11/17/2014,MIA,FL,ASO,ES,Combined TRACON& Tower with Radar,881,161,53,1,1096,1,0,0,0,1,882,161,53,1,1097,0,0,0,1097
11/18/2014,MIA,FL,ASO,ES,Combined TRACON& Tower with Radar,887,149,44,3,1083,0,1,3,0,4,887,150,47,3,1087,0,0,0,1087
11/19/2014,MIA,FL,ASO,ES,Combined TRACON& Tower with Radar,907,158,35,6,1106,5,2,1,0,8,912,160,36,6,1114,0,0,0,1114
11/20/2014,MIA,FL,ASO,ES,Combined TRACON& Tower with Radar,911,161,38,6,1116,1,2,12,1,16,912,163,50,7,1132,0,0,0,1132
11/21/2014,MIA,FL,ASO,ES,Combined TRACON& Tower with Radar,926,164,48,4,1142,4,2,0,0,6,930,166,48,4,1148,0,0,0,1148
11/22/2014,MIA,FL,ASO,ES,Combined TRACON& Tower with Radar,932,134,33,0,1099,3,2,2,0,7,935,136,35,0,1106,0,0,0,1106
11/23/2014,MIA,FL,ASO,ES,Combined TRACON& Tower with Radar,895,143,32,2,1072,3,3,10,0,16,898,146,42,2,1088,0,0,0,1088
11/24/2014,MIA,FL,ASO,ES,Combined TRACON& Tower with Radar,847,145,37,3,1032,4,0,7,0,11,851,145,44,3,1043,0,0,0,1043
11/25/2014,MIA,FL,ASO,ES,Combined TRACON& Tower with Radar,858,167,47,5,1077,5,2,7,0,14,863,169,54,5,1091,0,0,0,1091
11/26/2014,MIA,FL,ASO,ES,Combined TRACON& Tower with Radar,908,171,63,2,1144,0,4,14,0,18,908,175,77,2,1162,0,0,0,1162
11/27/2014,MIA,FL,ASO,ES,Combined TRACON& Tower with Radar,833,121,21,2,977,2,0,1,0,3,835,121,22,2,980,0,0,0,980
11/28/2014,MIA,FL,ASO,ES,Combined TRACON& Tower with Radar,825,140,25,0,990,4,1,9,0,14,829,141,34,0,1004,0,0,0,1004
11/29/2014,MIA,FL,ASO,ES,Combined TRACON& Tower with Radar,930,144,47,0,1121,2,2,10,0,14,932,146,57,0,1135,0,0,0,1135
11/30/2014,MIA,FL,ASO,ES,Combined TRACON& Tower with Radar,900,164,63,2,1129,4,5,13,0,22,904,169,76,2,1151,0,0,0,1151
12/01/2014,MIA,FL,ASO,ES,Combined TRACON& Tower with Radar,898,190,50,3,1141,0,3,6,1,10,898,193,56,4,1151,0,0,0,1151
12/02/2014,MIA,FL,ASO,ES,Combined TRACON& Tower with Radar,911,205,62,1,1179,3,0,5,1,9,914,205,67,2,1188,0,0,0,1188
12/03/2014,MIA,FL,ASO,ES,Combined TRACON& Tower with Radar,922,214,100,3,1239,0,3,8,0,11,922,217,108,3,1250,0,0,0,1250
12/04/2014,MIA,FL,ASO,ES,Combined TRACON& Tower with Radar,967,212,97,0,1276,2,4,6,0,12,969,216,103,0,1288,0,0,0,1288
12/05/2014,MIA,FL,ASO,ES,Combined TRACON& Tower with Radar,958,198,78,7,1241,8,2,11,0,21,966,200,89,7,1262,0,0,0,1262
12/06/2014,MIA,FL,ASO,ES,Combined TRACON& Tower with Radar,964,163,52,0,1179,3,1,6,0,10,967,164,58,0,1189,0,0,0,1189
12/07/2014,MIA,FL,ASO,ES,Combined TRACON& Tower with Radar,923,183,93,0,1199,3,0,3,0,6,926,183,96,0,1205,0,0,0,1205
12/08/2014,MIA,FL,ASO,ES,Combined TRACON& Tower with Radar,913,170,56,3,1142,1,0,16,0,17,914,170,72,3,1159,0,0,0,1159
12/09/2014,MIA,FL,ASO,ES,Combined TRACON& Tower with Radar,929,159,34,2,1124,1,3,4,0,8,930,162,38,2,1132,0,0,0,1132
12/10/2014,MIA,FL,ASO,ES,Combined TRACON& Tower with Radar,927,149,27,2,1105,2,2,18,0,22,929,151,45,2,1127,0,0,0,1127
12/11/2014,MIA,FL,ASO,ES,Combined TRACON& Tower with Radar,982,170,45,0,1197,2,9,18,0,29,984,179,63,0,1226,0,0,0,1226
12/12/2014,MIA,FL,ASO,ES,Combined TRACON& Tower with Radar,996,156,55,2,1209,0,1,20,0,21,996,157,75,2,1230,0,0,0,1230
12/13/2014,MIA,FL,ASO,ES,Combined TRACON& Tower with Radar,989,130,23,0,1142,8,1,8,0,17,997,131,31,0,1159,0,0,0,1159
12/14/2014,MIA,FL,ASO,ES,Combined TRACON& Tower with Radar,925,133,35,1,1094,4,0,16,0,20,929,133,51,1,1114,0,0,0,1114
12/15/2014,MIA,FL,ASO,ES,Combined TRACON& Tower with Radar,915,153,54,2,1124,1,1,11,0,13,916,154,65,2,1137,0,0,0,1137
12/16/2014,MIA,FL,ASO,ES,Combined TRACON& Tower with Radar,953,150,28,6,1137,2,4,10,0,16,955,154,38,6,1153,0,0,0,1153
12/17/2014,MIA,FL,ASO,ES,Combined TRACON& Tower with Radar,966,157,54,3,1180,0,0,8,0,8,966,157,62,3,1188,0,0,0,1188
12/18/2014,MIA,FL,ASO,ES,Combined TRACON& Tower with Radar,1048,140,57,1,1246,0,0,10,0,10,1048,140,67,1,1256,0,0,0,1256
12/19/2014,MIA,FL,ASO,ES,Combined TRACON& Tower with Radar,1049,154,46,4,1253,3,1,15,0,19,1052,155,61,4,1272,0,0,0,1272
12/20/2014,MIA,FL,ASO,ES,Combined TRACON& Tower with Radar,1091,136,54,2,1283,4,0,14,0,18,1095,136,68,2,1301,0,0,0,1301
12/21/2014,MIA,FL,ASO,ES,Combined TRACON& Tower with Radar,1067,118,48,0,1233,3,0,5,1,9,1070,118,53,1,1242,0,0,0,1242
12/22/2014,MIA,FL,ASO,ES,Combined TRACON& Tower with Radar,1028,145,35,0,1208,4,1,6,0,11,1032,146,41,0,1219,0,0,0,1219
12/23/2014,MIA,FL,ASO,ES,Combined TRACON& Tower with Radar,1036,146,44,3,1229,5,0,17,1,23,1041,146,61,4,1252,0,0,0,1252
12/24/2014,MIA,FL,ASO,ES,Combined TRACON& Tower with Radar,1027,141,20,0,1188,0,2,12,0,14,1027,143,32,0,1202,0,0,0,1202
12/25/2014,MIA,FL,ASO,ES,Combined TRACON& Tower with Radar,908,100,24,0,1032,1,0,4,0,5,909,100,28,0,1037,0,0,0,1037
12/26/2014,MIA,FL,ASO,ES,Combined TRACON& Tower with Radar,994,143,68,0,1205,2,2,9,0,13,996,145,77,0,1218,0,0,0,1218
12/27/2014,MIA,FL,ASO,ES,Combined TRACON& Tower with Radar,1023,143,82,0,1248,3,1,10,0,14,1026,144,92,0,1262,0,0,0,1262
12/28/2014,MIA,FL,ASO,ES,Combined TRACON& Tower with Radar,982,126,48,0,1156,5,2,22,0,29,987,128,70,0,1185,0,0,0,1185
12/29/2014,MIA,FL,ASO,ES,Combined TRACON& Tower with Radar,980,146,48,0,1174,3,0,22,0,25,983,146,70,0,1199,0,0,0,1199
12/30/2014,MIA,FL,ASO,ES,Combined TRACON& Tower with Radar,1018,162,58,3,1241,4,0,15,0,19,1022,162,73,3,1260,0,0,0,1260
12/31/2014,MIA,FL,ASO,ES,Combined TRACON& Tower with Radar,980,134,46,0,1160,3,0,9,0,12,983,134,55,0,1172,0,0,0,1172
01/01/2015,MIA,FL,ASO,ES,Combined TRACON& Tower with Radar,893,113,43,0,1049,3,2,10,0,15,896,115,53,0,1064,0,0,0,1064
01/02/2015,MIA,FL,ASO,ES,Combined TRACON& Tower with Radar,991,184,69,0,1244,2,0,15,0,17,993,184,84,0,1261,0,0,0,1261
01/03/2015,MIA,FL,ASO,ES,Combined TRACON& Tower with Radar,1022,180,68,0,1270,4,0,15,0,19,1026,180,83,0,1289,0,0,0,1289
01/04/2015,MIA,FL,ASO,ES,Combined TRACON& Tower with Radar,1048,142,77,4,1271,3,2,17,0,22,1051,144,94,4,1293,0,0,0,1293
01/05/2015,MIA,FL,ASO,ES,Combined TRACON& Tower with Radar,1000,153,53,3,1209,1,1,17,1,20,1001,154,70,4,1229,0,0,0,1229
01/06/2015,MIA,FL,ASO,ES,Combined TRACON& Tower with Radar,981,133,56,2,1172,5,0,7,0,12,986,133,63,2,1184,0,0,0,1184
01/07/2015,MIA,FL,ASO,ES,Combined TRACON& Tower with Radar,967,131,64,1,1163,3,0,6,2,11,970,131,70,3,1174,0,0,0,1174
01/08/2015,MIA,FL,ASO,ES,Combined TRACON& Tower with Radar,1012,136,55,1,1204,6,0,8,0,14,1018,136,63,1,1218,0,0,0,1218
01/09/2015,MIA,FL,ASO,ES,Combined TRACON& Tower with Radar,993,125,39,0,1157,6,0,13,0,19,999,125,52,0,1176,0,0,0,1176
01/10/2015,MIA,FL,ASO,ES,Combined TRACON& Tower with Radar,1015,112,26,0,1153,5,2,10,0,17,1020,114,36,0,1170,0,0,0,1170
01/11/2015,MIA,FL,ASO,ES,Combined TRACON& Tower with Radar,976,106,49,1,1132,0,0,8,0,8,976,106,57,1,1140,0,0,0,1140
01/12/2015,MIA,FL,ASO,ES,Combined TRACON& Tower with Radar,938,113,53,3,1107,2,0,7,0,9,940,113,60,3,1116,0,0,0,1116
01/13/2015,MIA,FL,ASO,ES,Combined TRACON& Tower with Radar,919,122,47,1,1089,3,1,12,0,16,922,123,59,1,1105,0,0,0,1105
01/14/2015,MIA,FL,ASO,ES,Combined TRACON& Tower with Radar,943,120,37,6,1106,1,0,4,1,6,944,120,41,7,1112,0,0,0,1112
01/15/2015,MIA,FL,ASO,ES,Combined TRACON& Tower with Radar,984,128,70,4,1186,3,5,6,0,14,987,133,76,4,1200,0,0,0,1200
01/16/2015,MIA,FL,ASO,ES,Combined TRACON& Tower with Radar,1011,157,75,2,1245,1,4,14,0,19,1012,161,89,2,1264,0,0,0,1264
01/17/2015,MIA,FL,ASO,ES,Combined TRACON& Tower with Radar,979,104,29,1,1113,0,1,11,0,12,979,105,40,1,1125,0,0,0,1125
01/18/2015,MIA,FL,ASO,ES,Combined TRACON& Tower with Radar,964,108,41,2,1115,1,0,8,0,9,965,108,49,2,1124,0,0,0,1124
01/19/2015,MIA,FL,ASO,ES,Combined TRACON& Tower with Radar,950,157,75,8,1190,7,8,23,0,38,957,165,98,8,1228,0,0,0,1228
01/20/2015,MIA,FL,ASO,ES,Combined TRACON& Tower with Radar,932,134,41,4,1111,9,0,8,1,18,941,134,49,5,1129,0,0,0,1129
01/21/2015,MIA,FL,ASO,ES,Combined TRACON& Tower with Radar,945,113,41,2,1101,2,4,15,0,21,947,117,56,2,1122,0,0,0,1122
01/22/2015,MIA,FL,ASO,ES,Combined TRACON& Tower with Radar,982,145,46,4,1177,6,1,8,0,15,988,146,54,4,1192,0,0,0,1192
01/23/2015,MIA,FL,ASO,ES,Combined TRACON& Tower with Radar,1005,141,72,4,1222,5,2,25,2,34,1010,143,97,6,1256,0,0,0,1256
01/24/2015,MIA,FL,ASO,ES,Combined TRACON& Tower with Radar,995,96,46,4,1141,3,0,10,0,13,998,96,56,4,1154,0,0,0,1154
01/25/2015,MIA,FL,ASO,ES,Combined TRACON& Tower with Radar,985,114,65,4,1168,3,1,17,2,23,988,115,82,6,1191,0,0,0,1191
01/26/2015,MIA,FL,ASO,ES,Combined TRACON& Tower with Radar,931,123,70,7,1131,2,2,9,3,16,933,125,79,10,1147,0,0,0,1147
01/27/2015,MIA,FL,ASO,ES,Combined TRACON& Tower with Radar,828,129,67,6,1030,4,0,16,0,20,832,129,83,6,1050,0,0,0,1050
01/28/2015,MIA,FL,ASO,ES,Combined TRACON& Tower with Radar,926,125,62,8,1121,6,0,16,0,22,932,125,78,8,1143,0,0,0,1143
01/29/2015,MIA,FL,ASO,ES,Combined TRACON& Tower with Radar,1005,130,63,5,1203,4,1,11,0,16,1009,131,74,5,1219,0,0,0,1219
01/30/2015,MIA,FL,ASO,ES,Combined TRACON& Tower with Radar,1036,117,62,7,1222,2,2,6,0,10,1038,119,68,7,1232,0,0,0,1232
01/31/2015,MIA,FL,ASO,ES,Combined TRACON& Tower with Radar,1030,96,32,2,1160,2,2,10,0,14,1032,98,42,2,1174,0,0,0,1174
02/01/2015,MIA,FL,ASO,ES,Combined TRACON& Tower with Radar,946,105,30,1,1082,3,0,2,0,5,949,105,32,1,1087,0,0,0,1087
02/02/2015,MIA,FL,ASO,ES,Combined TRACON& Tower with Radar,903,124,56,3,1086,2,2,6,2,12,905,126,62,5,1098,0,0,0,1098
02/03/2015,MIA,FL,ASO,ES,Combined TRACON& Tower with Radar,952,137,39,1,1129,4,1,8,2,15,956,138,47,3,1144,0,0,0,1144
02/04/2015,MIA,FL,ASO,ES,Combined TRACON& Tower with Radar,961,132,68,4,1165,6,4,7,0,17,967,136,75,4,1182,0,0,0,1182
02/05/2015,MIA,FL,ASO,ES,Combined TRACON& Tower with Radar,991,144,62,7,1204,1,0,6,11,18,992,144,68,18,1222,0,0,0,1222
02/06/2015,MIA,FL,ASO,ES,Combined TRACON& Tower with Radar,1008,163,61,7,1239,1,1,13,2,17,1009,164,74,9,1256,0,0,0,1256
02/07/2015,MIA,FL,ASO,ES,Combined TRACON& Tower with Radar,1006,103,34,0,1143,2,0,16,4,22,1008,103,50,4,1165,0,0,0,1165
02/08/2015,MIA,FL,ASO,ES,Combined TRACON& Tower with Radar,960,113,40,5,1118,1,0,8,0,9,961,113,48,5,1127,0,0,0,1127
02/09/2015,MIA,FL,ASO,ES,Combined TRACON& Tower with Radar,915,128,65,1,1109,4,4,10,0,18,919,132,75,1,1127,0,0,0,1127
02/10/2015,MIA,FL,ASO,ES,Combined TRACON& Tower with Radar,924,126,38,7,1095,4,0,9,0,13,928,126,47,7,1108,0,0,0,1108
02/11/2015,MIA,FL,ASO,ES,Combined TRACON& Tower with Radar,932,158,77,1,1168,3,1,19,0,23,935,159,96,1,1191,0,0,0,1191
02/12/2015,MIA,FL,ASO,ES,Combined TRACON& Tower with Radar,983,159,92,10,1244,5,1,20,0,26,988,160,112,10,1270,0,0,0,1270
02/13/2015,MIA,FL,ASO,ES,Combined TRACON& Tower with Radar,1004,172,99,7,1282,1,2,18,0,21,1005,174,117,7,1303,0,0,0,1303
02/14/2015,MIA,FL,ASO,ES,Combined TRACON& Tower with Radar,980,119,54,0,1153,5,1,18,0,24,985,120,72,0,1177,0,0,0,1177
02/15/2015,MIA,FL,ASO,ES,Combined TRACON& Tower with Radar,919,116,76,1,1112,5,0,5,0,10,924,116,81,1,1122,0,0,0,1122
02/16/2015,MIA,FL,ASO,ES,Combined TRACON& Tower with Radar,919,146,98,2,1165,1,3,9,2,15,920,149,107,4,1180,0,0,0,1180
02/17/2015,MIA,FL,ASO,ES,Combined TRACON& Tower with Radar,939,137,56,3,1135,2,1,6,1,10,941,138,62,4,1145,0,0,0,1145
02/18/2015,MIA,FL,ASO,ES,Combined TRACON& Tower with Radar,960,129,66,2,1157,4,1,6,0,11,964,130,72,2,1168,0,0,0,1168
02/19/2015,MIA,FL,ASO,ES,Combined TRACON& Tower with Radar,989,140,85,3,1217,7,1,7,0,15,996,141,92,3,1232,0,0,0,1232
02/20/2015,MIA,FL,ASO,ES,Combined TRACON& Tower with Radar,997,158,71,1,1227,3,2,13,2,20,1000,160,84,3,1247,0,0,0,1247
02/21/2015,MIA,FL,ASO,ES,Combined TRACON& Tower with Radar,963,114,51,4,1132,4,1,16,4,25,967,115,67,8,1157,0,0,0,1157
02/22/2015,MIA,FL,ASO,ES,Combined TRACON& Tower with Radar,966,132,62,0,1160,2,1,9,3,15,968,133,71,3,1175,0,0,0,1175
02/23/2015,MIA,FL,ASO,ES,Combined TRACON& Tower with Radar,969,140,68,0,1177,2,0,8,2,12,971,140,76,2,1189,0,0,0,1189
02/24/2015,MIA,FL,ASO,ES,Combined TRACON& Tower with Radar,932,140,53,4,1129,5,0,9,2,16,937,140,62,6,1145,0,0,0,1145
02/25/2015,MIA,FL,ASO,ES,Combined TRACON& Tower with Radar,921,132,56,1,1110,2,0,13,0,15,923,132,69,1,1125,0,0,0,1125
02/26/2015,MIA,FL,ASO,ES,Combined TRACON& Tower with Radar,970,117,60,3,1150,1,0,10,0,11,971,117,70,3,1161,0,0,0,1161
02/27/2015,MIA,FL,ASO,ES,Combined TRACON& Tower with Radar,984,130,46,2,1162,3,0,4,1,8,987,130,50,3,1170,0,0,0,1170
02/28/2015,MIA,FL,ASO,ES,Combined TRACON& Tower with Radar,996,105,27,0,1128,1,0,2,0,3,997,105,29,0,1131,0,0,0,1131
03/01/2015,MIA,FL,ASO,ES,Combined TRACON& Tower with Radar,937,100,47,0,1084,3,2,6,1,12,940,102,53,1,1096,0,0,0,1096
03/02/2015,MIA,FL,ASO,ES,Combined TRACON& Tower with Radar,936,135,54,5,1130,0,0,8,1,9,936,135,62,6,1139,0,0,0,1139
03/03/2015,MIA,FL,ASO,ES,Combined TRACON& Tower with Radar,931,127,42,1,1101,3,0,6,0,9,934,127,48,1,1110,0,0,0,1110
03/04/2015,MIA,FL,ASO,ES,Combined TRACON& Tower with Radar,958,121,43,3,1125,0,1,13,7,21,958,122,56,10,1146,0,0,0,1146
03/05/2015,MIA,FL,ASO,ES,Combined TRACON& Tower with Radar,896,120,47,4,1067,2,0,16,6,24,898,120,63,10,1091,0,0,0,1091
03/06/2015,MIA,FL,ASO,ES,Combined TRACON& Tower with Radar,993,133,77,5,1208,6,0,12,1,19,999,133,89,6,1227,0,0,0,1227
03/07/2015,MIA,FL,ASO,ES,Combined TRACON& Tower with Radar,1022,104,39,2,1167,2,0,6,0,8,1024,104,45,2,1175,0,0,0,1175
03/08/2015,MIA,FL,ASO,ES,Combined TRACON& Tower with Radar,994,119,53,1,1167,1,0,6,0,7,995,119,59,1,1174,0,0,0,1174
03/09/2015,MIA,FL,ASO,ES,Combined TRACON& Tower with Radar,954,112,45,0,1111,5,0,4,0,9,959,112,49,0,1120,0,0,0,1120
03/10/2015,MIA,FL,ASO,ES,Combined TRACON& Tower with Radar,945,141,54,4,1144,4,0,12,2,18,949,141,66,6,1162,0,0,0,1162
03/11/2015,MIA,FL,ASO,ES,Combined TRACON& Tower with Radar,967,124,42,4,1137,2,0,8,0,10,969,124,50,4,1147,0,0,0,1147
03/12/2015,MIA,FL,ASO,ES,Combined TRACON& Tower with Radar,991,146,50,8,1195,3,0,6,0,9,994,146,56,8,1204,0,0,0,1204
03/13/2015,MIA,FL,ASO,ES,Combined TRACON& Tower with Radar,1010,137,64,7,1218,3,0,14,0,17,1013,137,78,7,1235,0,0,0,1235
03/14/2015,MIA,FL,ASO,ES,Combined TRACON& Tower with Radar,1038,97,60,1,1196,3,2,17,4,26,1041,99,77,5,1222,0,0,0,1222
03/15/2015,MIA,FL,ASO,ES,Combined TRACON& Tower with Radar,993,112,61,0,1166,3,0,14,0,17,996,112,75,0,1183,0,0,0,1183
03/16/2015,MIA,FL,ASO,ES,Combined TRACON& Tower with Radar,967,132,44,4,1147,3,1,6,0,10,970,133,50,4,1157,0,0,0,1157
03/17/2015,MIA,FL,ASO,ES,Combined TRACON& Tower with Radar,949,118,40,2,1109,3,2,15,0,20,952,120,55,2,1129,0,0,0,1129
03/18/2015,MIA,FL,ASO,ES,Combined TRACON& Tower with Radar,974,125,49,2,1150,6,5,12,1,24,980,130,61,3,1174,0,0,0,1174
03/19/2015,MIA,FL,ASO,ES,Combined TRACON& Tower with Radar,1016,124,59,2,1201,2,1,16,2,21,1018,125,75,4,1222,0,0,0,1222
03/20/2015,MIA,FL,ASO,ES,Combined TRACON& Tower with Radar,1012,113,64,5,1194,2,1,17,1,21,1014,114,81,6,1215,0,0,0,1215
03/21/2015,MIA,FL,ASO,ES,Combined TRACON& Tower with Radar,1057,104,33,0,1194,2,1,7,0,10,1059,105,40,0,1204,0,0,0,1204
03/22/2015,MIA,FL,ASO,ES,Combined TRACON& Tower with Radar,993,96,70,2,1161,3,2,16,0,21,996,98,86,2,1182,0,0,0,1182
03/23/2015,MIA,FL,ASO,ES,Combined TRACON& Tower with Radar,969,125,66,8,1168,7,0,12,0,19,976,125,78,8,1187,0,0,0,1187
03/24/2015,MIA,FL,ASO,ES,Combined TRACON& Tower with Radar,945,123,37,5,1110,3,0,12,0,15,948,123,49,5,1125,0,0,0,1125
03/25/2015,MIA,FL,ASO,ES,Combined TRACON& Tower with Radar,972,123,66,4,1165,3,2,13,0,18,975,125,79,4,1183,0,0,0,1183
03/26/2015,MIA,FL,ASO,ES,Combined TRACON& Tower with Radar,1020,127,70,7,1224,2,0,9,0,11,1022,127,79,7,1235,0,0,0,1235
03/27/2015,MIA,FL,ASO,ES,Combined TRACON& Tower with Radar,1023,134,92,0,1249,3,0,17,0,20,1026,134,109,0,1269,0,0,0,1269
03/28/2015,MIA,FL,ASO,ES,Combined TRACON& Tower with Radar,1076,116,59,0,1251,4,0,17,0,21,1080,116,76,0,1272,0,0,0,1272
03/29/2015,MIA,FL,ASO,ES,Combined TRACON& Tower with Radar,1020,105,71,0,1196,6,0,19,0,25,1026,105,90,0,1221,0,0,0,1221
03/30/2015,MIA,FL,ASO,ES,Combined TRACON& Tower with Radar,982,128,50,4,1164,4,1,7,0,12,986,129,57,4,1176,0,0,0,1176
03/31/2015,MIA,FL,ASO,ES,Combined TRACON& Tower with Radar,968,111,29,6,1114,6,2,8,1,17,974,113,37,7,1131,0,0,0,1131
04/01/2015,MIA,FL,ASO,ES,Combined TRACON& Tower with Radar,994,97,39,4,1134,3,0,16,0,19,997,97,55,4,1153,0,0,0,1153
04/02/2015,MIA,FL,ASO,ES,Combined TRACON& Tower with Radar,1007,120,70,0,1197,1,2,25,0,28,1008,122,95,0,1225,0,0,0,1225
04/03/2015,MIA,FL,ASO,ES,Combined TRACON& Tower with Radar,987,100,55,2,1144,4,0,13,2,19,991,100,68,4,1163,0,0,0,1163
04/04/2015,MIA,FL,ASO,ES,Combined TRACON& Tower with Radar,1004,83,36,0,1123,3,1,9,1,14,1007,84,45,1,1137,0,0,0,1137
04/05/2015,MIA,FL,ASO,ES,Combined TRACON& Tower with Radar,978,108,48,2,1136,4,0,7,0,11,982,108,55,2,1147,0,0,0,1147
04/06/2015,MIA,FL,ASO,ES,Combined TRACON& Tower with Radar,966,103,65,3,1137,1,1,14,0,16,967,104,79,3,1153,0,0,0,1153
04/07/2015,MIA,FL,ASO,ES,Combined TRACON& Tower with Radar,965,105,34,1,1105,1,1,17,0,19,966,106,51,1,1124,0,0,0,1124
04/08/2015,MIA,FL,ASO,ES,Combined TRACON& Tower with Radar,978,99,41,9,1127,5,0,11,0,16,983,99,52,9,1143,0,0,0,1143
04/09/2015,MIA,FL,ASO,ES,Combined TRACON& Tower with Radar,1009,109,38,10,1166,2,0,17,0,19,1011,109,55,10,1185,0,0,0,1185
04/10/2015,MIA,FL,ASO,ES,Combined TRACON& Tower with Radar,1025,113,54,6,1198,2,1,12,1,16,1027,114,66,7,1214,0,0,0,1214
04/11/2015,MIA,FL,ASO,ES,Combined TRACON& Tower with Radar,1042,92,27,1,1162,2,0,17,0,19,1044,92,44,1,1181,0,0,0,1181
04/12/2015,MIA,FL,ASO,ES,Combined TRACON& Tower with Radar,991,103,42,2,1138,5,1,7,0,13,996,104,49,2,1151,0,0,0,1151
04/13/2015,MIA,FL,ASO,ES,Combined TRACON& Tower with Radar,963,98,40,7,1108,3,4,11,0,18,966,102,51,7,1126,0,0,0,1126
04/14/2015,MIA,FL,ASO,ES,Combined TRACON& Tower with Radar,960,106,53,2,1121,4,0,14,0,18,964,106,67,2,1139,0,0,0,1139
04/15/2015,MIA,FL,ASO,ES,Combined TRACON& Tower with Radar,971,117,40,7,1135,3,0,12,0,15,974,117,52,7,1150,0,0,0,1150
04/16/2015,MIA,FL,ASO,ES,Combined TRACON& Tower with Radar,1011,116,54,4,1185,5,0,5,1,11,1016,116,59,5,1196,0,0,0,1196
04/17/2015,MIA,FL,ASO,ES,Combined TRACON& Tower with Radar,1031,89,46,3,1169,5,0,17,0,22,1036,89,63,3,1191,0,0,0,1191
04/18/2015,MIA,FL,ASO,ES,Combined TRACON& Tower with Radar,1018,73,37,3,1131,3,0,10,0,13,1021,73,47,3,1144,0,0,0,1144
04/19/2015,MIA,FL,ASO,ES,Combined TRACON& Tower with Radar,1004,72,37,1,1114,3,0,9,2,14,1007,72,46,3,1128,0,0,0,1128
04/20/2015,MIA,FL,ASO,ES,Combined TRACON& Tower with Radar,970,109,38,3,1120,3,1,8,0,12,973,110,46,3,1132,0,0,0,1132
04/21/2015,MIA,FL,ASO,ES,Combined TRACON& Tower with Radar,994,90,44,2,1130,2,0,6,0,8,996,90,50,2,1138,0,0,0,1138
04/22/2015,MIA,FL,ASO,ES,Combined TRACON& Tower with Radar,1009,94,36,8,1147,0,0,9,0,9,1009,94,45,8,1156,0,0,0,1156
04/23/2015,MIA,FL,ASO,ES,Combined TRACON& Tower with Radar,1043,98,52,6,1199,3,0,14,0,17,1046,98,66,6,1216,0,0,0,1216
04/24/2015,MIA,FL,ASO,ES,Combined TRACON& Tower with Radar,1048,102,51,1,1202,5,1,8,0,14,1053,103,59,1,1216,0,0,0,1216
04/25/2015,MIA,FL,ASO,ES,Combined TRACON& Tower with Radar,1052,82,24,2,1160,5,0,0,2,7,1057,82,24,4,1167,0,0,0,1167
04/26/2015,MIA,FL,ASO,ES,Combined TRACON& Tower with Radar,1014,92,53,8,1167,1,1,24,2,28,1015,93,77,10,1195,0,0,0,1195
04/27/2015,MIA,FL,ASO,ES,Combined TRACON& Tower with Radar,1020,100,46,4,1170,4,2,8,0,14,1024,102,54,4,1184,0,0,0,1184
04/28/2015,MIA,FL,ASO,ES,Combined TRACON& Tower with Radar,1003,85,20,10,1118,2,0,4,0,6,1005,85,24,10,1124,0,0,0,1124
04/29/2015,MIA,FL,ASO,ES,Combined TRACON& Tower with Radar,1012,94,35,7,1148,6,0,3,0,9,1018,94,38,7,1157,0,0,0,1157
04/30/2015,MIA,FL,ASO,ES,Combined TRACON& Tower with Radar,1043,114,37,17,1211,5,1,14,0,20,1048,115,51,17,1231,0,0,0,1231
05/01/2015,MIA,FL,ASO,ES,Combined TRACON& Tower with Radar,1042,102,32,4,1180,0,0,11,2,13,1042,102,43,6,1193,0,0,0,1193
05/02/2015,MIA,FL,ASO,ES,Combined TRACON& Tower with Radar,1011,82,14,4,1111,2,0,0,0,2,1013,82,14,4,1113,0,0,0,1113
05/03/2015,MIA,FL,ASO,ES,Combined TRACON& Tower with Radar,1000,71,37,7,1115,3,0,11,0,14,1003,71,48,7,1129,0,0,0,1129
05/04/2015,MIA,FL,ASO,ES,Combined TRACON& Tower with Radar,959,94,42,2,1097,2,0,2,0,4,961,94,44,2,1101,0,0,0,1101
05/05/2015,MIA,FL,ASO,ES,Combined TRACON& Tower with Radar,960,100,45,4,1109,3,0,1,0,4,963,100,46,4,1113,0,0,0,1113
05/06/2015,MIA,FL,ASO,ES,Combined TRACON& Tower with Radar,960,94,39,2,1095,3,0,11,0,14,963,94,50,2,1109,0,0,0,1109
05/07/2015,MIA,FL,ASO,ES,Combined TRACON& Tower with Radar,1026,86,46,0,1158,3,1,13,0,17,1029,87,59,0,1175,0,0,0,1175
05/08/2015,MIA,FL,ASO,ES,Combined TRACON& Tower with Radar,1010,88,54,1,1153,4,1,7,0,12,1014,89,61,1,1165,0,0,0,1165
05/09/2015,MIA,FL,ASO,ES,Combined TRACON& Tower with Radar,981,60,23,2,1066,4,2,9,0,15,985,62,32,2,1081,0,0,0,1081
05/10/2015,MIA,FL,ASO,ES,Combined TRACON& Tower with Radar,951,55,29,3,1038,2,0,10,0,12,953,55,39,3,1050,0,0,0,1050
05/11/2015,MIA,FL,ASO,ES,Combined TRACON& Tower with Radar,950,66,41,8,1065,3,1,8,1,13,953,67,49,9,1078,0,0,0,1078
05/12/2015,MIA,FL,ASO,ES,Combined TRACON& Tower with Radar,965,91,37,5,1098,8,1,14,1,24,973,92,51,6,1122,0,0,0,1122
05/13/2015,MIA,FL,ASO,ES,Combined TRACON& Tower with Radar,969,92,46,2,1109,3,2,7,0,12,972,94,53,2,1121,0,0,0,1121
05/14/2015,MIA,FL,ASO,ES,Combined TRACON& Tower with Radar,1010,100,54,6,1170,4,2,10,1,17,1014,102,64,7,1187,0,0,0,1187
05/15/2015,MIA,FL,ASO,ES,Combined TRACON& Tower with Radar,1008,106,49,9,1172,4,0,8,0,12,1012,106,57,9,1184,0,0,0,1184
05/16/2015,MIA,FL,ASO,ES,Combined TRACON& Tower with Radar,1011,56,37,0,1104,0,1,9,0,10,1011,57,46,0,1114,0,0,0,1114
05/17/2015,MIA,FL,ASO,ES,Combined TRACON& Tower with Radar,973,55,35,2,1065,7,2,6,0,15,980,57,41,2,1080,0,0,0,1080
05/18/2015,MIA,FL,ASO,ES,Combined TRACON& Tower with Radar,953,76,30,3,1062,0,2,7,0,9,953,78,37,3,1071,0,0,0,1071
05/19/2015,MIA,FL,ASO,ES,Combined TRACON& Tower with Radar,971,73,21,1,1066,0,2,8,0,10,971,75,29,1,1076,0,0,0,1076
05/20/2015,MIA,FL,ASO,ES,Combined TRACON& Tower with Radar,955,82,43,4,1084,2,0,12,2,16,957,82,55,6,1100,0,0,0,1100
05/21/2015,MIA,FL,ASO,ES,Combined TRACON& Tower with Radar,1005,91,33,2,1131,4,2,7,0,13,1009,93,40,2,1144,0,0,0,1144
05/22/2015,MIA,FL,ASO,ES,Combined TRACON& Tower with Radar,1034,94,46,0,1174,0,0,11,0,11,1034,94,57,0,1185,0,0,0,1185
05/23/2015,MIA,FL,ASO,ES,Combined TRACON& Tower with Radar,1004,47,19,1,1071,4,0,5,0,9,1008,47,24,1,1080,0,0,0,1080
05/24/2015,MIA,FL,ASO,ES,Combined TRACON& Tower with Radar,928,33,28,1,990,4,0,7,0,11,932,33,35,1,1001,0,0,0,1001
05/25/2015,MIA,FL,ASO,ES,Combined TRACON& Tower with Radar,942,62,46,1,1051,0,0,15,0,15,942,62,61,1,1066,0,0,0,1066
05/26/2015,MIA,FL,ASO,ES,Combined TRACON& Tower with Radar,907,88,45,7,1047,1,0,12,0,13,908,88,57,7,1060,0,0,0,1060
05/27/2015,MIA,FL,ASO,ES,Combined TRACON& Tower with Radar,962,83,24,2,1071,3,2,8,0,13,965,85,32,2,1084,0,0,0,1084
05/28/2015,MIA,FL,ASO,ES,Combined TRACON& Tower with Radar,1007,81,30,3,1121,3,0,9,0,12,1010,81,39,3,1133,0,0,0,1133
05/29/2015,MIA,FL,ASO,ES,Combined TRACON& Tower with Radar,1017,77,38,7,1139,1,0,8,0,9,1018,77,46,7,1148,0,0,0,1148
05/30/2015,MIA,FL,ASO,ES,Combined TRACON& Tower with Radar,1014,44,26,3,1087,1,2,6,0,9,1015,46,32,3,1096,0,0,0,1096
05/31/2015,MIA,FL,ASO,ES,Combined TRACON& Tower with Radar,952,49,31,0,1032,4,0,16,0,20,956,49,47,0,1052,0,0,0,1052
06/01/2015,MIA,FL,ASO,ES,Combined TRACON& Tower with Radar,960,71,24,3,1058,5,0,14,0,19,965,71,38,3,1077,0,0,0,1077
06/02/2015,MIA,FL,ASO,ES,Combined TRACON& Tower with Radar,977,61,24,3,1065,2,0,7,0,9,979,61,31,3,1074,0,0,0,1074
06/03/2015,MIA,FL,ASO,ES,Combined TRACON& Tower with Radar,972,73,31,3,1079,2,0,8,0,10,974,73,39,3,1089,0,0,0,1089
06/04/2015,MIA,FL,ASO,ES,Combined TRACON& Tower with Radar,1015,101,33,4,1153,1,3,10,1,15,1016,104,43,5,1168,0,0,0,1168
06/05/2015,MIA,FL,ASO,ES,Combined TRACON& Tower with Radar,1045,86,28,7,1166,6,1,8,0,15,1051,87,36,7,1181,0,0,0,1181
06/06/2015,MIA,FL,ASO,ES,Combined TRACON& Tower with Radar,1016,69,25,3,1113,4,0,10,0,14,1020,69,35,3,1127,0,0,0,1127
06/07/2015,MIA,FL,ASO,ES,Combined TRACON& Tower with Radar,1001,70,30,3,1104,2,1,7,0,10,1003,71,37,3,1114,0,0,0,1114
06/08/2015,MIA,FL,ASO,ES,Combined TRACON& Tower with Radar,974,84,24,2,1084,1,0,5,0,6,975,84,29,2,1090,0,0,0,1090
06/09/2015,MIA,FL,ASO,ES,Combined TRACON& Tower with Radar,970,68,24,1,1063,2,0,7,0,9,972,68,31,1,1072,0,0,0,1072
06/10/2015,MIA,FL,ASO,ES,Combined TRACON& Tower with Radar,996,87,36,2,1121,3,0,7,0,10,999,87,43,2,1131,0,0,0,1131
06/11/2015,MIA,FL,ASO,ES,Combined TRACON& Tower with Radar,1019,88,23,2,1132,3,0,15,0,18,1022,88,38,2,1150,0,0,0,1150
06/12/2015,MIA,FL,ASO,ES,Combined TRACON& Tower with Radar,1036,85,25,6,1152,3,0,8,0,11,1039,85,33,6,1163,0,0,0,1163
06/13/2015,MIA,FL,ASO,ES,Combined TRACON& Tower with Radar,1018,46,17,2,1083,2,0,0,0,2,1020,46,17,2,1085,0,0,0,1085
06/14/2015,MIA,FL,ASO,ES,Combined TRACON& Tower with Radar,992,58,28,3,1081,2,1,5,0,8,994,59,33,3,1089,0,0,0,1089
06/15/2015,MIA,FL,ASO,ES,Combined TRACON& Tower with Radar,967,90,31,6,1094,2,1,11,0,14,969,91,42,6,1108,0,0,0,1108
06/16/2015,MIA,FL,ASO,ES,Combined TRACON& Tower with Radar,981,81,29,2,1093,6,1,10,0,17,987,82,39,2,1110,0,0,0,1110
06/17/2015,MIA,FL,ASO,ES,Combined TRACON& Tower with Radar,984,86,27,3,1100,5,0,11,0,16,989,86,38,3,1116,0,0,0,1116
06/18/2015,MIA,FL,ASO,ES,Combined TRACON& Tower with Radar,1005,93,34,4,1136,3,3,19,0,25,1008,96,53,4,1161,0,0,0,1161
06/19/2015,MIA,FL,ASO,ES,Combined TRACON& Tower with Radar,1029,83,26,3,1141,5,3,9,0,17,1034,86,35,3,1158,0,0,0,1158
06/20/2015,MIA,FL,ASO,ES,Combined TRACON& Tower with Radar,1024,52,15,1,1092,1,0,8,0,9,1025,52,23,1,1101,0,0,0,1101
06/21/2015,MIA,FL,ASO,ES,Combined TRACON& Tower with Radar,993,63,18,0,1074,2,0,8,0,10,995,63,26,0,1084,0,0,0,1084
06/22/2015,MIA,FL,ASO,ES,Combined TRACON& Tower with Radar,954,85,31,2,1072,1,0,9,0,10,955,85,40,2,1082,0,0,0,1082
06/23/2015,MIA,FL,ASO,ES,Combined TRACON& Tower with Radar,963,86,18,4,1071,6,0,5,0,11,969,86,23,4,1082,0,0,0,1082
06/24/2015,MIA,FL,ASO,ES,Combined TRACON& Tower with Radar,997,83,16,2,1098,0,2,9,0,11,997,85,25,2,1109,0,0,0,1109
06/25/2015,MIA,FL,ASO,ES,Combined TRACON& Tower with Radar,1020,80,29,3,1132,6,0,24,0,30,1026,80,53,3,1162,0,0,0,1162
06/26/2015,MIA,FL,ASO,ES,Combined TRACON& Tower with Radar,1031,80,36,5,1152,2,1,8,0,11,1033,81,44,5,1163,0,0,0,1163
06/27/2015,MIA,FL,ASO,ES,Combined TRACON& Tower with Radar,1015,64,26,2,1107,4,0,7,0,11,1019,64,33,2,1118,0,0,0,1118
06/28/2015,MIA,FL,ASO,ES,Combined TRACON& Tower with Radar,1008,71,28,2,1109,2,0,5,0,7,1010,71,33,2,1116,0,0,0,1116
06/29/2015,MIA,FL,ASO,ES,Combined TRACON& Tower with Radar,957,83,21,2,1063,1,1,7,0,9,958,84,28,2,1072,0,0,0,1072
06/30/2015,MIA,FL,ASO,ES,Combined TRACON& Tower with Radar,976,69,35,3,1083,5,0,6,2,13,981,69,41,5,1096,0,0,0,1096
07/01/2015,MIA,FL,ASO,ES,Combined TRACON& Tower with Radar,986,80,17,7,1090,1,0,1,0,2,987,80,18,7,1092,0,0,0,1092
07/02/2015,MIA,FL,ASO,ES,Combined TRACON& Tower with Radar,1021,79,36,0,1136,2,0,6,0,8,1023,79,42,0,1144,0,0,0,1144
07/03/2015,MIA,FL,ASO,ES,Combined TRACON& Tower with Radar,977,68,25,4,1074,0,0,4,0,4,977,68,29,4,1078,0,0,0,1078
07/04/2015,MIA,FL,ASO,ES,Combined TRACON& Tower with Radar,1019,42,12,0,1073,4,0,2,0,6,1023,42,14,0,1079,0,0,0,1079
07/05/2015,MIA,FL,ASO,ES,Combined TRACON& Tower with Radar,995,55,26,4,1080,2,0,6,0,8,997,55,32,4,1088,0,0,0,1088
07/06/2015,MIA,FL,ASO,ES,Combined TRACON& Tower with Radar,966,69,29,2,1066,2,1,2,0,5,968,70,31,2,1071,0,0,0,1071
07/07/2015,MIA,FL,ASO,ES,Combined TRACON& Tower with Radar,977,63,24,2,1066,4,0,12,0,16,981,63,36,2,1082,0,0,0,1082
07/08/2015,MIA,FL,ASO,ES,Combined TRACON& Tower with Radar,983,74,22,4,1083,2,1,6,0,9,985,75,28,4,1092,0,0,0,1092
07/09/2015,MIA,FL,ASO,ES,Combined TRACON& Tower with Radar,1012,83,38,0,1133,2,0,24,0,26,1014,83,62,0,1159,0,0,0,1159
07/10/2015,MIA,FL,ASO,ES,Combined TRACON& Tower with Radar,1040,78,18,4,1140,1,0,5,0,6,1041,78,23,4,1146,0,0,0,1146
07/11/2015,MIA,FL,ASO,ES,Combined TRACON& Tower with Radar,1023,65,22,4,1114,6,0,4,0,10,1029,65,26,4,1124,0,0,0,1124
07/12/2015,MIA,FL,ASO,ES,Combined TRACON& Tower with Radar,1007,57,25,2,1091,3,0,2,0,5,1010,57,27,2,1096,0,0,0,1096
07/13/2015,MIA,FL,ASO,ES,Combined TRACON& Tower with Radar,964,89,28,4,1085,6,0,3,0,9,970,89,31,4,1094,0,0,0,1094
07/14/2015,MIA,FL,ASO,ES,Combined TRACON& Tower with Radar,973,80,21,0,1074,2,0,3,0,5,975,80,24,0,1079,0,0,0,1079
07/15/2015,MIA,FL,ASO,ES,Combined TRACON& Tower with Radar,977,73,36,3,1089,4,0,3,0,7,981,73,39,3,1096,0,0,0,1096
07/16/2015,MIA,FL,ASO,ES,Combined TRACON& Tower with Radar,1021,82,33,1,1137,2,2,6,0,10,1023,84,39,1,1147,0,0,0,1147
07/17/2015,MIA,FL,ASO,ES,Combined TRACON& Tower with Radar,1031,84,29,4,1148,4,0,4,0,8,1035,84,33,4,1156,0,0,0,1156
07/18/2015,MIA,FL,ASO,ES,Combined TRACON& Tower with Radar,1008,75,19,2,1104,3,0,8,0,11,1011,75,27,2,1115,0,0,0,1115
07/19/2015,MIA,FL,ASO,ES,Combined TRACON& Tower with Radar,1033,75,30,0,1138,3,0,1,0,4,1036,75,31,0,1142,0,0,0,1142
07/20/2015,MIA,FL,ASO,ES,Combined TRACON& Tower with Radar,980,79,28,5,1092,3,0,2,2,7,983,79,30,7,1099,0,0,0,1099
07/21/2015,MIA,FL,ASO,ES,Combined TRACON& Tower with Radar,971,68,32,1,1072,6,1,7,0,14,977,69,39,1,1086,0,0,0,1086
07/22/2015,MIA,FL,ASO,ES,Combined TRACON& Tower with Radar,1000,81,29,1,1111,5,0,7,0,12,1005,81,36,1,1123,0,0,0,1123
07/23/2015,MIA,FL,ASO,ES,Combined TRACON& Tower with Radar,1027,82,21,1,1131,1,2,13,0,16,1028,84,34,1,1147,0,0,0,1147
07/24/2015,MIA,FL,ASO,ES,Combined TRACON& Tower with Radar,1020,78,29,2,1129,3,0,0,0,3,1023,78,29,2,1132,0,0,0,1132
07/25/2015,MIA,FL,ASO,ES,Combined TRACON& Tower with Radar,1046,50,25,0,1121,3,0,2,0,5,1049,50,27,0,1126,0,0,0,1126
07/26/2015,MIA,FL,ASO,ES,Combined TRACON& Tower with Radar,1016,58,15,1,1090,4,0,5,0,9,1020,58,20,1,1099,0,0,0,1099
07/27/2015,MIA,FL,ASO,ES,Combined TRACON& Tower with Radar,982,70,38,3,1093,1,0,13,0,14,983,70,51,3,1107,0,0,0,1107
07/28/2015,MIA,FL,ASO,ES,Combined TRACON& Tower with Radar,977,80,31,2,1090,3,2,5,0,10,980,82,36,2,1100,0,0,0,1100
07/29/2015,MIA,FL,ASO,ES,Combined TRACON& Tower with Radar,993,81,22,2,1098,2,0,4,2,8,995,81,26,4,1106,0,0,0,1106
07/30/2015,MIA,FL,ASO,ES,Combined TRACON& Tower with Radar,1009,87,34,0,1130,5,1,8,0,14,1014,88,42,0,1144,0,0,0,1144
07/31/2015,MIA,FL,ASO,ES,Combined TRACON& Tower with Radar,994,81,25,6,1106,0,0,8,0,8,994,81,33,6,1114,0,0,0,1114
08/01/2015,MIA,FL,ASO,ES,Combined TRACON& Tower with Radar,1044,56,26,1,1127,6,0,6,0,12,1050,56,32,1,1139,0,0,0,1139
08/02/2015,MIA,FL,ASO,ES,Combined TRACON& Tower with Radar,997,65,28,2,1092,4,0,10,0,14,1001,65,38,2,1106,0,0,0,1106
08/03/2015,MIA,FL,ASO,ES,Combined TRACON& Tower with Radar,963,69,23,1,1056,1,0,2,1,4,964,69,25,2,1060,0,0,0,1060
08/04/2015,MIA,FL,ASO,ES,Combined TRACON& Tower with Radar,988,76,36,6,1106,2,0,4,0,6,990,76,40,6,1112,0,0,0,1112
08/05/2015,MIA,FL,ASO,ES,Combined TRACON& Tower with Radar,986,69,39,3,1097,3,0,1,0,4,989,69,40,3,1101,0,0,0,1101
08/06/2015,MIA,FL,ASO,ES,Combined TRACON& Tower with Radar,1017,79,32,2,1130,0,0,9,0,9,1017,79,41,2,1139,0,0,0,1139
08/07/2015,MIA,FL,ASO,ES,Combined TRACON& Tower with Radar,1003,91,40,4,1138,5,0,9,0,14,1008,91,49,4,1152,0,0,0,1152
08/08/2015,MIA,FL,ASO,ES,Combined TRACON& Tower with Radar,1023,59,10,0,1092,4,0,2,0,6,1027,59,12,0,1098,0,0,0,1098
08/09/2015,MIA,FL,ASO,ES,Combined TRACON& Tower with Radar,1012,59,24,1,1096,5,0,7,0,12,1017,59,31,1,1108,0,0,0,1108
08/10/2015,MIA,FL,ASO,ES,Combined TRACON& Tower with Radar,942,86,21,1,1050,4,1,5,0,10,946,87,26,1,1060,0,0,0,1060
08/11/2015,MIA,FL,ASO,ES,Combined TRACON& Tower with Radar,985,63,22,2,1072,1,1,4,0,6,986,64,26,2,1078,0,0,0,1078
08/12/2015,MIA,FL,ASO,ES,Combined TRACON& Tower with Radar,1002,72,25,2,1101,4,4,1,0,9,1006,76,26,2,1110,0,0,0,1110
08/13/2015,MIA,FL,ASO,ES,Combined TRACON& Tower with Radar,1017,81,42,2,1142,2,1,8,1,12,1019,82,50,3,1154,0,0,0,1154
08/14/2015,MIA,FL,ASO,ES,Combined TRACON& Tower with Radar,1016,81,34,7,1138,5,3,3,0,11,1021,84,37,7,1149,0,0,0,1149
08/15/2015,MIA,FL,ASO,ES,Combined TRACON& Tower with Radar,1001,51,31,2,1085,3,2,8,1,14,1004,53,39,3,1099,0,0,0,1099
08/16/2015,MIA,FL,ASO,ES,Combined TRACON& Tower with Radar,1017,63,41,4,1125,3,0,3,0,6,1020,63,44,4,1131,0,0,0,1131
08/17/2015,MIA,FL,ASO,ES,Combined TRACON& Tower with Radar,961,82,27,7,1077,5,1,8,2,16,966,83,35,9,1093,0,0,0,1093
08/18/2015,MIA,FL,ASO,ES,Combined TRACON& Tower with Radar,928,78,18,4,1028,2,1,8,3,14,930,79,26,7,1042,0,0,0,1042
08/19/2015,MIA,FL,ASO,ES,Combined TRACON& Tower with Radar,921,78,36,7,1042,3,0,13,0,16,924,78,49,7,1058,0,0,0,1058
08/20/2015,MIA,FL,ASO,ES,Combined TRACON& Tower with Radar,956,82,32,4,1074,5,3,7,0,15,961,85,39,4,1089,0,0,0,1089
08/21/2015,MIA,FL,ASO,ES,Combined TRACON& Tower with Radar,981,93,23,2,1099,4,0,6,0,10,985,93,29,2,1109,0,0,0,1109
08/22/2015,MIA,FL,ASO,ES,Combined TRACON& Tower with Radar,965,60,15,0,1040,3,0,11,0,14,968,60,26,0,1054,0,0,0,1054
08/23/2015,MIA,FL,ASO,ES,Combined TRACON& Tower with Radar,951,69,18,4,1042,3,1,1,1,6,954,70,19,5,1048,0,0,0,1048
08/24/2015,MIA,FL,ASO,ES,Combined TRACON& Tower with Radar,922,74,27,0,1023,1,2,13,0,16,923,76,40,0,1039,0,0,0,1039
08/25/2015,MIA,FL,ASO,ES,Combined TRACON& Tower with Radar,905,65,13,1,984,5,3,5,0,13,910,68,18,1,997,0,0,0,997
08/26/2015,MIA,FL,ASO,ES,Combined TRACON& Tower with Radar,904,74,42,4,1024,2,0,9,0,11,906,74,51,4,1035,0,0,0,1035
08/27/2015,MIA,FL,ASO,ES,Combined TRACON& Tower with Radar,975,90,31,3,1099,2,0,3,0,5,977,90,34,3,1104,0,0,0,1104
08/28/2015,MIA,FL,ASO,ES,Combined TRACON& Tower with Radar,971,84,16,4,1075,4,2,12,0,18,975,86,28,4,1093,0,0,0,1093
08/29/2015,MIA,FL,ASO,ES,Combined TRACON& Tower with Radar,941,58,11,0,1010,2,0,1,0,3,943,58,12,0,1013,0,0,0,1013
08/30/2015,MIA,FL,ASO,ES,Combined TRACON& Tower with Radar,969,50,20,0,1039,3,1,1,0,5,972,51,21,0,1044,0,0,0,1044
08/31/2015,MIA,FL,ASO,ES,Combined TRACON& Tower with Radar,926,80,8,0,1014,0,0,2,0,2,926,80,10,0,1016,0,0,0,1016
09/01/2015,MIA,FL,ASO,ES,Combined TRACON& Tower with Radar,907,79,18,3,1007,3,0,5,0,8,910,79,23,3,1015,0,0,0,1015
09/02/2015,MIA,FL,ASO,ES,Combined TRACON& Tower with Radar,948,80,28,6,1062,1,0,7,0,8,949,80,35,6,1070,0,0,0,1070
09/03/2015,MIA,FL,ASO,ES,Combined TRACON& Tower with Radar,953,85,40,2,1080,1,0,6,0,7,954,85,46,2,1087,0,0,0,1087
09/04/2015,MIA,FL,ASO,ES,Combined TRACON& Tower with Radar,974,85,38,1,1098,4,1,12,0,17,978,86,50,1,1115,0,0,0,1115
09/05/2015,MIA,FL,ASO,ES,Combined TRACON& Tower with Radar,931,39,14,0,984,2,0,3,0,5,933,39,17,0,989,0,0,0,989
09/06/2015,MIA,FL,ASO,ES,Combined TRACON& Tower with Radar,933,42,12,0,987,0,0,1,0,1,933,42,13,0,988,0,0,0,988
09/07/2015,MIA,FL,ASO,ES,Combined TRACON& Tower with Radar,905,74,26,3,1008,4,0,4,0,8,909,74,30,3,1016,0,0,0,1016
09/08/2015,MIA,FL,ASO,ES,Combined TRACON& Tower with Radar,877,75,25,4,981,3,0,2,0,5,880,75,27,4,986,0,0,0,986
09/09/2015,MIA,FL,ASO,ES,Combined TRACON& Tower with Radar,892,70,23,7,992,2,0,11,0,13,894,70,34,7,1005,0,0,0,1005
09/10/2015,MIA,FL,ASO,ES,Combined TRACON& Tower with Radar,913,77,26,7,1023,2,0,9,0,11,915,77,35,7,1034,0,0,0,1034
09/11/2015,MIA,FL,ASO,ES,Combined TRACON& Tower with Radar,970,72,33,5,1080,4,0,15,0,19,974,72,48,5,1099,0,0,0,1099
09/12/2015,MIA,FL,ASO,ES,Combined TRACON& Tower with Radar,932,35,17,1,985,2,0,7,0,9,934,35,24,1,994,0,0,0,994
09/13/2015,MIA,FL,ASO,ES,Combined TRACON& Tower with Radar,943,51,10,3,1007,4,1,5,0,10,947,52,15,3,1017,0,0,0,1017
09/14/2015,MIA,FL,ASO,ES,Combined TRACON& Tower with Radar,896,68,32,5,1001,4,2,5,0,11,900,70,37,5,1012,0,0,0,1012
09/15/2015,MIA,FL,ASO,ES,Combined TRACON& Tower with Radar,862,69,35,1,967,3,0,5,1,9,865,69,40,2,976,0,0,0,976
09/16/2015,MIA,FL,ASO,ES,Combined TRACON& Tower with Radar,899,70,27,5,1001,2,0,2,0,4,901,70,29,5,1005,0,0,0,1005
09/17/2015,MIA,FL,ASO,ES,Combined TRACON& Tower with Radar,932,73,31,6,1042,2,3,4,0,9,934,76,35,6,1051,0,0,0,1051
09/18/2015,MIA,FL,ASO,ES,Combined TRACON& Tower with Radar,971,80,41,9,1101,4,2,3,0,9,975,82,44,9,1110,0,0,0,1110
09/19/2015,MIA,FL,ASO,ES,Combined TRACON& Tower with Radar,917,36,17,2,972,2,1,5,0,8,919,37,22,2,980,0,0,0,980
09/20/2015,MIA,FL,ASO,ES,Combined TRACON& Tower with Radar,945,59,25,3,1032,1,1,3,0,5,946,60,28,3,1037,0,0,0,1037
09/21/2015,MIA,FL,ASO,ES,Combined TRACON& Tower with Radar,902,72,32,5,1011,6,0,12,0,18,908,72,44,5,1029,0,0,0,1029
09/22/2015,MIA,FL,ASO,ES,Combined TRACON& Tower with Radar,887,60,20,0,967,0,0,9,0,9,887,60,29,0,976,0,0,0,976
09/23/2015,MIA,FL,ASO,ES,Combined TRACON& Tower with Radar,920,59,28,2,1009,1,0,11,1,13,921,59,39,3,1022,0,0,0,1022
09/24/2015,MIA,FL,ASO,ES,Combined TRACON& Tower with Radar,944,68,32,4,1048,3,3,7,0,13,947,71,39,4,1061,0,0,0,1061
09/25/2015,MIA,FL,ASO,ES,Combined TRACON& Tower with Radar,961,71,35,2,1069,1,2,3,1,7,962,73,38,3,1076,0,0,0,1076
09/26/2015,MIA,FL,ASO,ES,Combined TRACON& Tower with Radar,936,35,14,1,986,3,0,6,0,9,939,35,20,1,995,0,0,0,995
09/27/2015,MIA,FL,ASO,ES,Combined TRACON& Tower with Radar,947,46,26,3,1022,1,0,3,1,5,948,46,29,4,1027,0,0,0,1027
09/28/2015,MIA,FL,ASO,ES,Combined TRACON& Tower with Radar,910,72,22,1,1005,3,3,3,2,11,913,75,25,3,1016,0,0,0,1016
09/29/2015,MIA,FL,ASO,ES,Combined TRACON& Tower with Radar,878,67,19,2,966,1,0,8,0,9,879,67,27,2,975,0,0,0,975
09/30/2015,MIA,FL,ASO,ES,Combined TRACON& Tower with Radar,897,61,45,3,1006,4,0,14,0,18,901,61,59,3,1024,0,0,0,1024
10/01/2015,MIA,FL,ASO,ES,Combined TRACON& Tower with Radar,947,81,50,1,1079,5,0,14,0,19,952,81,64,1,1098,0,0,0,1098
10/02/2015,MIA,FL,ASO,ES,Combined TRACON& Tower with Radar,946,66,43,2,1057,2,0,10,0,12,948,66,53,2,1069,0,0,0,1069
10/03/2015,MIA,FL,ASO,ES,Combined TRACON& Tower with Radar,940,55,28,1,1024,1,0,7,0,8,941,55,35,1,1032,0,0,0,1032
10/04/2015,MIA,FL,ASO,ES,Combined TRACON& Tower with Radar,956,47,26,0,1029,3,0,4,2,9,959,47,30,2,1038,0,0,0,1038
10/05/2015,MIA,FL,ASO,ES,Combined TRACON& Tower with Radar,910,78,30,4,1022,2,0,10,0,12,912,78,40,4,1034,0,0,0,1034
10/06/2015,MIA,FL,ASO,ES,Combined TRACON& Tower with Radar,875,79,24,3,981,2,0,10,0,12,877,79,34,3,993,0,0,0,993
10/07/2015,MIA,FL,ASO,ES,Combined TRACON& Tower with Radar,921,72,24,4,1021,2,0,7,0,9,923,72,31,4,1030,0,0,0,1030
10/08/2015,MIA,FL,ASO,ES,Combined TRACON& Tower with Radar,940,90,35,0,1065,3,0,16,0,19,943,90,51,0,1084,0,0,0,1084
10/09/2015,MIA,FL,ASO,ES,Combined TRACON& Tower with Radar,986,89,38,0,1113,1,0,14,0,15,987,89,52,0,1128,0,0,0,1128
10/10/2015,MIA,FL,ASO,ES,Combined TRACON& Tower with Radar,941,72,24,2,1039,5,0,10,0,15,946,72,34,2,1054,0,0,0,1054
10/11/2015,MIA,FL,ASO,ES,Combined TRACON& Tower with Radar,956,63,25,0,1044,1,0,6,0,7,957,63,31,0,1051,0,0,0,1051
10/12/2015,MIA,FL,ASO,ES,Combined TRACON& Tower with Radar,923,65,29,2,1019,1,4,10,0,15,924,69,39,2,1034,0,0,0,1034
10/13/2015,MIA,FL,ASO,ES,Combined TRACON& Tower with Radar,889,67,31,0,987,1,1,8,0,10,890,68,39,0,997,0,0,0,997
10/14/2015,MIA,FL,ASO,ES,Combined TRACON& Tower with Radar,922,85,19,4,1030,0,0,10,0,10,922,85,29,4,1040,0,0,0,1040
10/15/2015,MIA,FL,ASO,ES,Combined TRACON& Tower with Radar,953,85,36,3,1077,1,3,9,0,13,954,88,45,3,1090,0,0,0,1090
10/16/2015,MIA,FL,ASO,ES,Combined TRACON& Tower with Radar,988,89,28,1,1106,2,2,6,0,10,990,91,34,1,1116,0,0,0,1116
10/17/2015,MIA,FL,ASO,ES,Combined TRACON& Tower with Radar,949,52,20,1,1022,3,0,10,0,13,952,52,30,1,1035,0,0,0,1035
10/18/2015,MIA,FL,ASO,ES,Combined TRACON& Tower with Radar,947,64,40,9,1060,2,0,4,0,6,949,64,44,9,1066,0,0,0,1066
10/19/2015,MIA,FL,ASO,ES,Combined TRACON& Tower with Radar,925,73,42,6,1046,5,0,13,0,18,930,73,55,6,1064,0,0,0,1064
10/20/2015,MIA,FL,ASO,ES,Combined TRACON& Tower with Radar,884,74,23,8,989,2,0,5,1,8,886,74,28,9,997,0,0,0,997
10/21/2015,MIA,FL,ASO,ES,Combined TRACON& Tower with Radar,926,73,33,7,1039,1,0,13,2,16,927,73,46,9,1055,0,0,0,1055
10/22/2015,MIA,FL,ASO,ES,Combined TRACON& Tower with Radar,956,78,30,2,1066,5,0,14,0,19,961,78,44,2,1085,0,0,0,1085
10/23/2015,MIA,FL,ASO,ES,Combined TRACON& Tower with Radar,975,83,39,4,1101,2,1,13,0,16,977,84,52,4,1117,0,0,0,1117
10/24/2015,MIA,FL,ASO,ES,Combined TRACON& Tower with Radar,942,54,26,0,1022,4,0,10,0,14,946,54,36,0,1036,0,0,0,1036
10/25/2015,MIA,FL,ASO,ES,Combined TRACON& Tower with Radar,975,56,43,2,1076,3,0,11,0,14,978,56,54,2,1090,0,0,0,1090
10/26/2015,MIA,FL,ASO,ES,Combined TRACON& Tower with Radar,935,85,45,6,1071,2,2,3,0,7,937,87,48,6,1078,0,0,0,1078
10/27/2015,MIA,FL,ASO,ES,Combined TRACON& Tower with Radar,896,70,36,3,1005,3,0,10,0,13,899,70,46,3,1018,0,0,0,1018
10/28/2015,MIA,FL,ASO,ES,Combined TRACON& Tower with Radar,929,87,39,5,1060,1,1,9,2,13,930,88,48,7,1073,0,0,0,1073
10/29/2015,MIA,FL,ASO,ES,Combined TRACON& Tower with Radar,993,98,41,1,1133,2,0,7,0,9,995,98,48,1,1142,0,0,0,1142
10/30/2015,MIA,FL,ASO,ES,Combined TRACON& Tower with Radar,987,100,41,1,1129,1,0,13,0,14,988,100,54,1,1143,0,0,0,1143
10/31/2015,MIA,FL,ASO,ES,Combined TRACON& Tower with Radar,937,53,23,3,1016,2,2,3,0,7,939,55,26,3,1023,0,0,0,1023
11/01/2015,MIA,FL,ASO,ES,Combined TRACON& Tower with Radar,987,69,38,1,1095,0,0,11,1,12,987,69,49,2,1107,0,0,0,1107
11/02/2015,MIA,FL,ASO,ES,Combined TRACON& Tower with Radar,939,97,50,1,1087,2,0,9,2,13,941,97,59,3,1100,0,0,0,1100
11/03/2015,MIA,FL,ASO,ES,Combined TRACON& Tower with Radar,900,85,41,1,1027,0,2,5,1,8,900,87,46,2,1035,0,0,0,1035
11/04/2015,MIA,FL,ASO,ES,Combined TRACON& Tower with Radar,943,97,50,6,1096,5,0,13,0,18,948,97,63,6,1114,0,0,0,1114
11/05/2015,MIA,FL,ASO,ES,Combined TRACON& Tower with Radar,1011,102,55,2,1170,0,1,9,0,10,1011,103,64,2,1180,0,0,0,1180
11/06/2015,MIA,FL,ASO,ES,Combined TRACON& Tower with Radar,1022,118,43,9,1192,3,0,12,0,15,1025,118,55,9,1207,0,0,0,1207
11/07/2015,MIA,FL,ASO,ES,Combined TRACON& Tower with Radar,999,78,41,0,1118,3,0,6,0,9,1002,78,47,0,1127,0,0,0,1127
11/08/2015,MIA,FL,ASO,ES,Combined TRACON& Tower with Radar,973,79,45,2,1099,2,0,10,0,12,975,79,55,2,1111,0,0,0,1111
11/09/2015,MIA,FL,ASO,ES,Combined TRACON& Tower with Radar,936,90,67,0,1093,1,0,11,0,12,937,90,78,0,1105,0,0,0,1105
11/10/2015,MIA,FL,ASO,ES,Combined TRACON& Tower with Radar,917,77,58,2,1054,3,0,6,1,10,920,77,64,3,1064,0,0,0,1064
11/11/2015,MIA,FL,ASO,ES,Combined TRACON& Tower with Radar,941,96,49,2,1088,2,1,16,0,19,943,97,65,2,1107,0,0,0,1107
11/12/2015,MIA,FL,ASO,ES,Combined TRACON& Tower with Radar,1002,95,41,2,1140,1,4,17,2,24,1003,99,58,4,1164,0,0,0,1164
11/13/2015,MIA,FL,ASO,ES,Combined TRACON& Tower with Radar,1035,122,31,3,1191,1,3,14,0,18,1036,125,45,3,1209,0,0,0,1209
11/14/2015,MIA,FL,ASO,ES,Combined TRACON& Tower with Radar,1005,61,22,3,1091,3,0,8,0,11,1008,61,30,3,1102,0,0,0,1102
11/15/2015,MIA,FL,ASO,ES,Combined TRACON& Tower with Radar,1007,73,47,4,1131,1,1,10,0,12,1008,74,57,4,1143,0,0,0,1143
11/16/2015,MIA,FL,ASO,ES,Combined TRACON& Tower with Radar,967,119,28,4,1118,1,0,11,0,12,968,119,39,4,1130,0,0,0,1130
11/17/2015,MIA,FL,ASO,ES,Combined TRACON& Tower with Radar,933,85,38,2,1058,0,0,12,0,12,933,85,50,2,1070,0,0,0,1070
11/18/2015,MIA,FL,ASO,ES,Combined TRACON& Tower with Radar,974,71,42,3,1090,2,0,12,0,14,976,71,54,3,1104,0,0,0,1104
11/19/2015,MIA,FL,ASO,ES,Combined TRACON& Tower with Radar,1033,86,59,3,1181,0,0,7,0,7,1033,86,66,3,1188,0,0,0,1188
11/20/2015,MIA,FL,ASO,ES,Combined TRACON& Tower with Radar,1029,121,67,2,1219,7,2,24,3,36,1036,123,91,5,1255,0,0,0,1255
11/21/2015,MIA,FL,ASO,ES,Combined TRACON& Tower with Radar,1020,73,36,0,1129,4,2,32,1,39,1024,75,68,1,1168,0,0,0,1168
11/22/2015,MIA,FL,ASO,ES,Combined TRACON& Tower with Radar,1000,72,70,0,1142,3,3,121,1,128,1003,75,191,1,1270,0,0,0,1270
11/23/2015,MIA,FL,ASO,ES,Combined TRACON& Tower with Radar,960,86,78,4,1128,3,1,21,1,26,963,87,99,5,1154,0,0,0,1154
11/24/2015,MIA,FL,ASO,ES,Combined TRACON& Tower with Radar,956,96,61,1,1114,1,2,9,0,12,957,98,70,1,1126,0,0,0,1126
11/25/2015,MIA,FL,ASO,ES,Combined TRACON& Tower with Radar,978,102,55,1,1136,4,0,12,0,16,982,102,67,1,1152,0,0,0,1152
11/26/2015,MIA,FL,ASO,ES,Combined TRACON& Tower with Radar,915,66,14,2,997,1,0,11,0,12,916,66,25,2,1009,0,0,0,1009
11/27/2015,MIA,FL,ASO,ES,Combined TRACON& Tower with Radar,959,77,24,0,1060,2,0,15,1,18,961,77,39,1,1078,0,0,0,1078
11/28/2015,MIA,FL,ASO,ES,Combined TRACON& Tower with Radar,1030,72,32,0,1134,4,5,13,1,23,1034,77,45,1,1157,0,0,0,1157
11/29/2015,MIA,FL,ASO,ES,Combined TRACON& Tower with Radar,1024,101,101,4,1230,7,0,7,0,14,1031,101,108,4,1244,0,0,0,1244
11/30/2015,MIA,FL,ASO,ES,Combined TRACON& Tower with Radar,977,106,72,2,1157,2,3,8,4,17,979,109,80,6,1174,0,0,0,1174
12/01/2015,MIA,FL,ASO,ES,Combined TRACON& Tower with Radar,983,134,89,2,1208,2,3,10,2,17,985,137,99,4,1225,0,0,0,1225
12/02/2015,MIA,FL,ASO,ES,Combined TRACON& Tower with Radar,1017,178,76,4,1275,1,3,10,3,17,1018,181,86,7,1292,0,0,0,1292
12/03/2015,MIA,FL,ASO,ES,Combined TRACON& Tower with Radar,1046,161,82,3,1292,0,5,2,1,8,1046,166,84,4,1300,0,0,0,1300
12/04/2015,MIA,FL,ASO,ES,Combined TRACON& Tower with Radar,1081,139,76,4,1300,5,1,5,2,13,1086,140,81,6,1313,0,0,0,1313
12/05/2015,MIA,FL,ASO,ES,Combined TRACON& Tower with Radar,1060,87,40,2,1189,0,1,1,0,2,1060,88,41,2,1191,0,0,0,1191
12/06/2015,MIA,FL,ASO,ES,Combined TRACON& Tower with Radar,1036,119,40,3,1198,2,2,14,1,19,1038,121,54,4,1217,0,0,0,1217
12/07/2015,MIA,FL,ASO,ES,Combined TRACON& Tower with Radar,1021,111,54,4,1190,0,0,7,0,7,1021,111,61,4,1197,0,0,0,1197
12/08/2015,MIA,FL,ASO,ES,Combined TRACON& Tower with Radar,996,107,39,5,1147,2,0,6,0,8,998,107,45,5,1155,0,0,0,1155
12/09/2015,MIA,FL,ASO,ES,Combined TRACON& Tower with Radar,1014,92,43,9,1158,3,2,11,0,16,1017,94,54,9,1174,0,0,0,1174
12/10/2015,MIA,FL,ASO,ES,Combined TRACON& Tower with Radar,1065,85,53,6,1209,1,2,9,0,12,1066,87,62,6,1221,0,0,0,1221
12/11/2015,MIA,FL,ASO,ES,Combined TRACON& Tower with Radar,1069,98,55,9,1231,3,2,15,0,20,1072,100,70,9,1251,0,0,0,1251
12/12/2015,MIA,FL,ASO,ES,Combined TRACON& Tower with Radar,1060,80,32,1,1173,3,2,8,0,13,1063,82,40,1,1186,0,0,0,1186
12/13/2015,MIA,FL,ASO,ES,Combined TRACON& Tower with Radar,1042,85,22,0,1149,0,1,4,0,5,1042,86,26,0,1154,0,0,0,1154
12/14/2015,MIA,FL,ASO,ES,Combined TRACON& Tower with Radar,1015,105,47,2,1169,4,1,15,0,20,1019,106,62,2,1189,0,0,0,1189
12/15/2015,MIA,FL,ASO,ES,Combined TRACON& Tower with Radar,1009,93,33,3,1138,1,3,9,0,13,1010,96,42,3,1151,0,0,0,1151
12/16/2015,MIA,FL,ASO,ES,Combined TRACON& Tower with Radar,1042,100,32,4,1178,1,1,23,0,25,1043,101,55,4,1203,0,0,0,1203
12/17/2015,MIA,FL,ASO,ES,Combined TRACON& Tower with Radar,1140,92,55,3,1290,1,2,11,0,14,1141,94,66,3,1304,0,0,0,1304
12/18/2015,MIA,FL,ASO,ES,Combined TRACON& Tower with Radar,1178,97,46,4,1325,2,1,7,1,11,1180,98,53,5,1336,0,0,0,1336
12/19/2015,MIA,FL,ASO,ES,Combined TRACON& Tower with Radar,1182,93,60,0,1335,4,0,5,0,9,1186,93,65,0,1344,0,0,0,1344
12/20/2015,MIA,FL,ASO,ES,Combined TRACON& Tower with Radar,1149,72,34,1,1256,2,4,9,0,15,1151,76,43,1,1271,0,0,0,1271
12/21/2015,MIA,FL,ASO,ES,Combined TRACON& Tower with Radar,1135,89,40,2,1266,1,0,12,0,13,1136,89,52,2,1279,0,0,0,1279
12/22/2015,MIA,FL,ASO,ES,Combined TRACON& Tower with Radar,1110,79,34,1,1224,2,0,12,0,14,1112,79,46,1,1238,0,0,0,1238
12/23/2015,MIA,FL,ASO,ES,Combined TRACON& Tower with Radar,1145,98,30,0,1273,2,0,22,0,24,1147,98,52,0,1297,0,0,0,1297
12/24/2015,MIA,FL,ASO,ES,Combined TRACON& Tower with Radar,1104,78,25,0,1207,3,0,11,0,14,1107,78,36,0,1221,0,0,0,1221
12/25/2015,MIA,FL,ASO,ES,Combined TRACON& Tower with Radar,1001,70,22,1,1094,2,0,4,0,6,1003,70,26,1,1100,0,0,0,1100
12/26/2015,MIA,FL,ASO,ES,Combined TRACON& Tower with Radar,1079,108,102,1,1290,3,2,15,1,21,1082,110,117,2,1311,0,0,0,1311
12/27/2015,MIA,FL,ASO,ES,Combined TRACON& Tower with Radar,1063,102,75,0,1240,2,0,8,0,10,1065,102,83,0,1250,0,0,0,1250
12/28/2015,MIA,FL,ASO,ES,Combined TRACON& Tower with Radar,1030,106,59,0,1195,1,0,10,0,11,1031,106,69,0,1206,0,0,0,1206
12/29/2015,MIA,FL,ASO,ES,Combined TRACON& Tower with Radar,1075,113,64,2,1254,2,0,21,0,23,1077,113,85,2,1277,0,0,0,1277
12/30/2015,MIA,FL,ASO,ES,Combined TRACON& Tower with Radar,1100,113,62,4,1279,0,1,15,0,16,1100,114,77,4,1295,0,0,0,1295
12/31/2015,MIA,FL,ASO,ES,Combined TRACON& Tower with Radar,1054,78,50,0,1182,2,0,16,0,18,1056,78,66,0,1200,0,0,0,1200
01/01/2016,MIA,FL,ASO,ES,Combined TRACON& Tower with Radar,1019,67,39,0,1125,0,1,4,1,6,1019,68,43,1,1131,0,0,0,1131
01/02/2016,MIA,FL,ASO,ES,Combined TRACON& Tower with Radar,1133,118,62,2,1315,1,0,16,0,17,1134,118,78,2,1332,0,0,0,1332
01/03/2016,MIA,FL,ASO,ES,Combined TRACON& Tower with Radar,1171,105,95,0,1371,4,0,5,0,9,1175,105,100,0,1380,0,0,0,1380
01/04/2016,MIA,FL,ASO,ES,Combined TRACON& Tower with Radar,1102,100,80,2,1284,2,0,12,0,14,1104,100,92,2,1298,0,0,0,1298
01/05/2016,MIA,FL,ASO,ES,Combined TRACON& Tower with Radar,1043,108,45,0,1196,0,0,5,0,5,1043,108,50,0,1201,0,0,0,1201
01/06/2016,MIA,FL,ASO,ES,Combined TRACON& Tower with Radar,1031,85,46,1,1163,4,0,5,0,9,1035,85,51,1,1172,0,0,0,1172
01/07/2016,MIA,FL,ASO,ES,Combined TRACON& Tower with Radar,1085,91,50,5,1231,3,0,9,1,13,1088,91,59,6,1244,0,0,0,1244
01/08/2016,MIA,FL,ASO,ES,Combined TRACON& Tower with Radar,1072,111,35,1,1219,3,0,19,0,22,1075,111,54,1,1241,0,0,0,1241
01/09/2016,MIA,FL,ASO,ES,Combined TRACON& Tower with Radar,1070,78,23,1,1172,0,0,9,0,9,1070,78,32,1,1181,0,0,0,1181
01/10/2016,MIA,FL,ASO,ES,Combined TRACON& Tower with Radar,1029,94,40,0,1163,5,0,11,0,16,1034,94,51,0,1179,0,0,0,1179
01/11/2016,MIA,FL,ASO,ES,Combined TRACON& Tower with Radar,1004,87,49,1,1141,3,3,11,1,18,1007,90,60,2,1159,0,0,0,1159
01/12/2016,MIA,FL,ASO,ES,Combined TRACON& Tower with Radar,963,89,42,0,1094,2,5,15,2,24,965,94,57,2,1118,0,0,0,1118
01/13/2016,MIA,FL,ASO,ES,Combined TRACON& Tower with Radar,987,91,51,5,1134,5,1,14,0,20,992,92,65,5,1154,0,0,0,1154
01/14/2016,MIA,FL,ASO,ES,Combined TRACON& Tower with Radar,1050,106,55,5,1216,4,1,12,1,18,1054,107,67,6,1234,0,0,0,1234
01/15/2016,MIA,FL,ASO,ES,Combined TRACON& Tower with Radar,1042,127,40,2,1211,2,0,5,0,7,1044,127,45,2,1218,0,0,0,1218
01/16/2016,MIA,FL,ASO,ES,Combined TRACON& Tower with Radar,1055,74,32,0,1161,6,0,7,0,13,1061,74,39,0,1174,0,0,0,1174
01/17/2016,MIA,FL,ASO,ES,Combined TRACON& Tower with Radar,1052,65,27,0,1144,0,2,1,0,3,1052,67,28,0,1147,0,0,0,1147
01/18/2016,MIA,FL,ASO,ES,Combined TRACON& Tower with Radar,991,113,66,0,1170,2,1,18,0,21,993,114,84,0,1191,0,0,0,1191
01/19/2016,MIA,FL,ASO,ES,Combined TRACON& Tower with Radar,961,110,46,6,1123,3,3,7,0,13,964,113,53,6,1136,0,0,0,1136
01/20/2016,MIA,FL,ASO,ES,Combined TRACON& Tower with Radar,993,91,50,5,1139,1,3,11,1,16,994,94,61,6,1155,0,0,0,1155
01/21/2016,MIA,FL,ASO,ES,Combined TRACON& Tower with Radar,1043,117,73,3,1236,2,2,18,2,24,1045,119,91,5,1260,0,0,0,1260
01/22/2016,MIA,FL,ASO,ES,Combined TRACON& Tower with Radar,1004,106,53,5,1168,4,0,9,1,14,1008,106,62,6,1182,0,0,0,1182
01/23/2016,MIA,FL,ASO,ES,Combined TRACON& Tower with Radar,953,64,37,1,1055,2,1,6,0,9,955,65,43,1,1064,0,0,0,1064
01/24/2016,MIA,FL,ASO,ES,Combined TRACON& Tower with Radar,943,101,59,1,1104,0,0,4,0,4,943,101,63,1,1108,0,0,0,1108
01/25/2016,MIA,FL,ASO,ES,Combined TRACON& Tower with Radar,984,100,67,0,1151,0,0,8,0,8,984,100,75,0,1159,0,0,0,1159
01/26/2016,MIA,FL,ASO,ES,Combined TRACON& Tower with Radar,978,92,65,6,1141,1,0,5,0,6,979,92,70,6,1147,0,0,0,1147
01/27/2016,MIA,FL,ASO,ES,Combined TRACON& Tower with Radar,1013,89,65,3,1170,2,0,3,0,5,1015,89,68,3,1175,0,0,0,1175
01/28/2016,MIA,FL,ASO,ES,Combined TRACON& Tower with Radar,1055,110,40,5,1210,2,0,1,0,3,1057,110,41,5,1213,0,0,0,1213
01/29/2016,MIA,FL,ASO,ES,Combined TRACON& Tower with Radar,1099,103,50,3,1255,2,0,8,1,11,1101,103,58,4,1266,0,0,0,1266
01/30/2016,MIA,FL,ASO,ES,Combined TRACON& Tower with Radar,1091,70,37,0,1198,2,0,13,0,15,1093,70,50,0,1213,0,0,0,1213
01/31/2016,MIA,FL,ASO,ES,Combined TRACON& Tower with Radar,1074,88,39,3,1204,2,0,16,0,18,1076,88,55,3,1222,0,0,0,1222
02/01/2016,MIA,FL,ASO,ES,Combined TRACON& Tower with Radar,1034,91,34,5,1164,0,0,11,0,11,1034,91,45,5,1175,0,0,0,1175
02/02/2016,MIA,FL,ASO,ES,Combined TRACON& Tower with Radar,984,96,38,5,1123,2,1,5,0,8,986,97,43,5,1131,0,0,0,1131
02/03/2016,MIA,FL,ASO,ES,Combined TRACON& Tower with Radar,1002,92,76,5,1175,1,0,9,0,10,1003,92,85,5,1185,0,0,0,1185
02/04/2016,MIA,FL,ASO,ES,Combined TRACON& Tower with Radar,1049,96,53,4,1202,1,0,12,1,14,1050,96,65,5,1216,0,0,0,1216
02/05/2016,MIA,FL,ASO,ES,Combined TRACON& Tower with Radar,1085,101,106,6,1298,2,1,7,0,10,1087,102,113,6,1308,0,0,0,1308
02/06/2016,MIA,FL,ASO,ES,Combined TRACON& Tower with Radar,1087,59,31,7,1184,4,0,13,1,18,1091,59,44,8,1202,0,0,0,1202
02/07/2016,MIA,FL,ASO,ES,Combined TRACON& Tower with Radar,1040,74,30,2,1146,2,0,4,0,6,1042,74,34,2,1152,0,0,0,1152
02/08/2016,MIA,FL,ASO,ES,Combined TRACON& Tower with Radar,984,104,58,5,1151,0,0,9,0,9,984,104,67,5,1160,0,0,0,1160
02/09/2016,MIA,FL,ASO,ES,Combined TRACON& Tower with Radar,977,89,39,7,1112,1,1,17,2,21,978,90,56,9,1133,0,0,0,1133
02/10/2016,MIA,FL,ASO,ES,Combined TRACON& Tower with Radar,987,94,59,2,1142,1,0,11,0,12,988,94,70,2,1154,0,0,0,1154
02/11/2016,MIA,FL,ASO,ES,Combined TRACON& Tower with Radar,1029,124,98,4,1255,0,3,32,2,37,1029,127,130,6,1292,0,0,0,1292
02/12/2016,MIA,FL,ASO,ES,Combined TRACON& Tower with Radar,1035,128,85,0,1248,4,4,20,0,28,1039,132,105,0,1276,0,0,0,1276
02/13/2016,MIA,FL,ASO,ES,Combined TRACON& Tower with Radar,1058,80,44,0,1182,0,4,24,0,28,1058,84,68,0,1210,0,0,0,1210
02/14/2016,MIA,FL,ASO,ES,Combined TRACON& Tower with Radar,1027,83,58,5,1173,2,2,12,1,17,1029,85,70,6,1190,0,0,0,1190
02/15/2016,MIA,FL,ASO,ES,Combined TRACON& Tower with Radar,932,126,66,3,1127,1,1,10,0,12,933,127,76,3,1139,0,0,0,1139
02/16/2016,MIA,FL,ASO,ES,Combined TRACON& Tower with Radar,953,123,47,1,1124,2,0,8,0,10,955,123,55,1,1134,0,0,0,1134
02/17/2016,MIA,FL,ASO,ES,Combined TRACON& Tower with Radar,1008,123,67,4,1202,2,2,15,0,19,1010,125,82,4,1221,0,0,0,1221
02/18/2016,MIA,FL,ASO,ES,Combined TRACON& Tower with Radar,1028,101,46,4,1179,0,0,17,0,17,1028,101,63,4,1196,0,0,0,1196
02/19/2016,MIA,FL,ASO,ES,Combined TRACON& Tower with Radar,1034,108,30,0,1172,2,2,9,0,13,1036,110,39,0,1185,0,0,0,1185
02/20/2016,MIA,FL,ASO,ES,Combined TRACON& Tower with Radar,1069,78,25,0,1172,2,0,5,0,7,1071,78,30,0,1179,0,0,0,1179
02/21/2016,MIA,FL,ASO,ES,Combined TRACON& Tower with Radar,1020,96,47,2,1165,3,1,8,0,12,1023,97,55,2,1177,0,0,0,1177
02/22/2016,MIA,FL,ASO,ES,Combined TRACON& Tower with Radar,982,97,44,3,1126,3,4,9,0,16,985,101,53,3,1142,0,0,0,1142
02/23/2016,MIA,FL,ASO,ES,Combined TRACON& Tower with Radar,964,95,30,2,1091,2,3,4,0,9,966,98,34,2,1100,0,0,0,1100
02/24/2016,MIA,FL,ASO,ES,Combined TRACON& Tower with Radar,980,89,65,2,1136,1,0,3,0,4,981,89,68,2,1140,0,0,0,1140
02/25/2016,MIA,FL,ASO,ES,Combined TRACON& Tower with Radar,1033,101,70,4,1208,1,2,12,0,15,1034,103,82,4,1223,0,0,0,1223
02/26/2016,MIA,FL,ASO,ES,Combined TRACON& Tower with Radar,1027,120,48,0,1195,2,0,23,0,25,1029,120,71,0,1220,0,0,0,1220
02/27/2016,MIA,FL,ASO,ES,Combined TRACON& Tower with Radar,1056,52,24,2,1134,4,0,4,0,8,1060,52,28,2,1142,0,0,0,1142
02/28/2016,MIA,FL,ASO,ES,Combined TRACON& Tower with Radar,1021,72,54,1,1148,1,1,9,0,11,1022,73,63,1,1159,0,0,0,1159
02/29/2016,MIA,FL,ASO,ES,Combined TRACON& Tower with Radar,986,103,53,7,1149,0,0,9,0,9,986,103,62,7,1158,0,0,0,1158
03/01/2016,MIA,FL,ASO,ES,Combined TRACON& Tower with Radar,940,108,53,4,1105,3,0,19,0,22,943,108,72,4,1127,0,0,0,1127
03/02/2016,MIA,FL,ASO,ES,Combined TRACON& Tower with Radar,1014,105,47,6,1172,2,1,20,0,23,1016,106,67,6,1195,0,0,0,1195
03/03/2016,MIA,FL,ASO,ES,Combined TRACON& Tower with Radar,1045,109,45,5,1204,6,0,15,0,21,1051,109,60,5,1225,0,0,0,1225
03/04/2016,MIA,FL,ASO,ES,Combined TRACON& Tower with Radar,1053,104,46,3,1206,1,1,18,1,21,1054,105,64,4,1227,0,0,0,1227
03/05/2016,MIA,FL,ASO,ES,Combined TRACON& Tower with Radar,1062,66,34,6,1168,5,2,6,0,13,1067,68,40,6,1181,0,0,0,1181
03/06/2016,MIA,FL,ASO,ES,Combined TRACON& Tower with Radar,1037,89,55,5,1186,3,0,20,0,23,1040,89,75,5,1209,0,0,0,1209
03/07/2016,MIA,FL,ASO,ES,Combined TRACON& Tower with Radar,981,117,28,3,1129,2,0,13,0,15,983,117,41,3,1144,0,0,0,1144
03/08/2016,MIA,FL,ASO,ES,Combined TRACON& Tower with Radar,968,113,38,6,1125,0,1,13,0,14,968,114,51,6,1139,0,0,0,1139
03/09/2016,MIA,FL,ASO,ES,Combined TRACON& Tower with Radar,1001,104,58,0,1163,1,0,13,0,14,1002,104,71,0,1177,0,0,0,1177
03/10/2016,MIA,FL,ASO,ES,Combined TRACON& Tower with Radar,1058,102,56,7,1223,5,1,13,0,19,1063,103,69,7,1242,0,0,0,1242
03/11/2016,MIA,FL,ASO,ES,Combined TRACON& Tower with Radar,1040,126,46,5,1217,4,1,14,1,20,1044,127,60,6,1237,0,0,0,1237
03/12/2016,MIA,FL,ASO,ES,Combined TRACON& Tower with Radar,1081,83,30,0,1194,2,4,3,0,9,1083,87,33,0,1203,0,0,0,1203
03/13/2016,MIA,FL,ASO,ES,Combined TRACON& Tower with Radar,1040,76,60,5,1181,1,1,15,3,20,1041,77,75,8,1201,0,0,0,1201
03/14/2016,MIA,FL,ASO,ES,Combined TRACON& Tower with Radar,996,110,43,9,1158,3,1,10,0,14,999,111,53,9,1172,0,0,0,1172
03/15/2016,MIA,FL,ASO,ES,Combined TRACON& Tower with Radar,1001,94,69,0,1164,3,0,6,0,9,1004,94,75,0,1173,0,0,0,1173
03/16/2016,MIA,FL,ASO,ES,Combined TRACON& Tower with Radar,1025,98,57,9,1189,4,0,8,1,13,1029,98,65,10,1202,0,0,0,1202
03/17/2016,MIA,FL,ASO,ES,Combined TRACON& Tower with Radar,1059,110,72,10,1251,6,0,9,1,16,1065,110,81,11,1267,0,0,0,1267
03/18/2016,MIA,FL,ASO,ES,Combined TRACON& Tower with Radar,1069,135,62,3,1269,4,3,16,0,23,1073,138,78,3,1292,0,0,0,1292
03/19/2016,MIA,FL,ASO,ES,Combined TRACON& Tower with Radar,1112,116,86,5,1319,5,3,6,0,14,1117,119,92,5,1333,0,0,0,1333
03/20/2016,MIA,FL,ASO,ES,Combined TRACON& Tower with Radar,1053,93,70,4,1220,1,0,10,0,11,1054,93,80,4,1231,0,0,0,1231
03/21/2016,MIA,FL,ASO,ES,Combined TRACON& Tower with Radar,1013,112,30,6,1161,3,1,11,0,15,1016,113,41,6,1176,0,0,0,1176
03/22/2016,MIA,FL,ASO,ES,Combined TRACON& Tower with Radar,1020,118,37,6,1181,2,0,7,0,9,1022,118,44,6,1190,0,0,0,1190
03/23/2016,MIA,FL,ASO,ES,Combined TRACON& Tower with Radar,1030,124,69,8,1231,1,1,16,0,18,1031,125,85,8,1249,0,0,0,1249
03/24/2016,MIA,FL,ASO,ES,Combined TRACON& Tower with Radar,1023,136,62,6,1227,4,4,3,0,11,1027,140,65,6,1238,0,0,0,1238
03/25/2016,MIA,FL,ASO,ES,Combined TRACON& Tower with Radar,1022,107,65,9,1203,2,1,15,0,18,1024,108,80,9,1221,0,0,0,1221
03/26/2016,MIA,FL,ASO,ES,Combined TRACON& Tower with Radar,1069,106,60,5,1240,6,1,8,0,15,1075,107,68,5,1255,0,0,0,1255
03/27/2016,MIA,FL,ASO,ES,Combined TRACON& Tower with Radar,1040,105,74,1,1220,3,0,10,0,13,1043,105,84,1,1233,0,0,0,1233
03/28/2016,MIA,FL,ASO,ES,Combined TRACON& Tower with Radar,989,93,73,6,1161,3,2,15,0,20,992,95,88,6,1181,0,0,0,1181
03/29/2016,MIA,FL,ASO,ES,Combined TRACON& Tower with Radar,1008,113,31,3,1155,3,2,15,0,20,1011,115,46,3,1175,0,0,0,1175
03/30/2016,MIA,FL,ASO,ES,Combined TRACON& Tower with Radar,1018,126,41,2,1187,5,1,8,0,14,1023,127,49,2,1201,0,0,0,1201
03/31/2016,MIA,FL,ASO,ES,Combined TRACON& Tower with Radar,1057,109,59,3,1228,3,0,17,0,20,1060,109,76,3,1248,0,0,0,1248
04/01/2016,MIA,FL,ASO,ES,Combined TRACON& Tower with Radar,1060,109,57,3,1229,1,0,16,0,17,1061,109,73,3,1246,0,0,0,1246
04/02/2016,MIA,FL,ASO,ES,Combined TRACON& Tower with Radar,1067,88,38,1,1194,0,1,18,0,19,1067,89,56,1,1213,0,0,0,1213
04/03/2016,MIA,FL,ASO,ES,Combined TRACON& Tower with Radar,1039,130,60,1,1230,4,0,11,0,15,1043,130,71,1,1245,0,0,0,1245
04/04/2016,MIA,FL,ASO,ES,Combined TRACON& Tower with Radar,979,102,44,1,1126,1,1,12,0,14,980,103,56,1,1140,0,0,0,1140
04/05/2016,MIA,FL,ASO,ES,Combined TRACON& Tower with Radar,961,94,52,3,1110,1,1,22,0,24,962,95,74,3,1134,0,0,0,1134
04/06/2016,MIA,FL,ASO,ES,Combined TRACON& Tower with Radar,970,104,45,1,1120,2,0,19,0,21,972,104,64,1,1141,0,0,0,1141
04/07/2016,MIA,FL,ASO,ES,Combined TRACON& Tower with Radar,1003,120,53,1,1177,1,0,16,0,17,1004,120,69,1,1194,0,0,0,1194
04/08/2016,MIA,FL,ASO,ES,Combined TRACON& Tower with Radar,1030,131,44,5,1210,2,1,16,0,19,1032,132,60,5,1229,0,0,0,1229
04/09/2016,MIA,FL,ASO,ES,Combined TRACON& Tower with Radar,1040,89,39,0,1168,3,1,10,0,14,1043,90,49,0,1182,0,0,0,1182
04/10/2016,MIA,FL,ASO,ES,Combined TRACON& Tower with Radar,1010,106,41,3,1160,5,0,15,0,20,1015,106,56,3,1180,0,0,0,1180
04/11/2016,MIA,FL,ASO,ES,Combined TRACON& Tower with Radar,958,112,44,3,1117,2,2,6,0,10,960,114,50,3,1127,0,0,0,1127
04/12/2016,MIA,FL,ASO,ES,Combined TRACON& Tower with Radar,958,97,42,4,1101,2,0,14,0,16,960,97,56,4,1117,0,0,0,1117
04/13/2016,MIA,FL,ASO,ES,Combined TRACON& Tower with Radar,982,114,55,1,1152,2,0,17,0,19,984,114,72,1,1171,0,0,0,1171
04/14/2016,MIA,FL,ASO,ES,Combined TRACON& Tower with Radar,1013,106,34,6,1159,5,1,6,0,12,1018,107,40,6,1171,0,0,0,1171
04/15/2016,MIA,FL,ASO,ES,Combined TRACON& Tower with Radar,1031,112,45,4,1192,3,0,9,0,12,1034,112,54,4,1204,0,0,0,1204
04/16/2016,MIA,FL,ASO,ES,Combined TRACON& Tower with Radar,1046,74,24,0,1144,6,0,15,0,21,1052,74,39,0,1165,0,0,0,1165
04/17/2016,MIA,FL,ASO,ES,Combined TRACON& Tower with Radar,1011,87,56,1,1155,8,0,16,0,24,1019,87,72,1,1179,0,0,0,1179
04/18/2016,MIA,FL,ASO,ES,Combined TRACON& Tower with Radar,959,108,50,8,1125,1,3,7,0,11,960,111,57,8,1136,0,0,0,1136
04/19/2016,MIA,FL,ASO,ES,Combined TRACON& Tower with Radar,963,103,42,7,1115,4,0,5,1,10,967,103,47,8,1125,0,0,0,1125
04/20/2016,MIA,FL,ASO,ES,Combined TRACON& Tower with Radar,990,114,47,3,1154,4,2,17,0,23,994,116,64,3,1177,0,0,0,1177
04/21/2016,MIA,FL,ASO,ES,Combined TRACON& Tower with Radar,1069,133,56,3,1261,2,2,8,0,12,1071,135,64,3,1273,0,0,0,1273
04/22/2016,MIA,FL,ASO,ES,Combined TRACON& Tower with Radar,1049,110,55,2,1216,2,1,14,0,17,1051,111,69,2,1233,0,0,0,1233
04/23/2016,MIA,FL,ASO,ES,Combined TRACON& Tower with Radar,1043,71,25,2,1141,5,0,15,0,20,1048,71,40,2,1161,0,0,0,1161
04/24/2016,MIA,FL,ASO,ES,Combined TRACON& Tower with Radar,1030,100,43,1,1174,4,2,9,0,15,1034,102,52,1,1189,0,0,0,1189
04/25/2016,MIA,FL,ASO,ES,Combined TRACON& Tower with Radar,975,118,49,6,1148,4,1,28,0,33,979,119,77,6,1181,0,0,0,1181
04/26/2016,MIA,FL,ASO,ES,Combined TRACON& Tower with Radar,960,100,44,6,1110,2,0,8,0,10,962,100,52,6,1120,0,0,0,1120
04/27/2016,MIA,FL,ASO,ES,Combined TRACON& Tower with Radar,974,107,59,8,1148,3,3,19,0,25,977,110,78,8,1173,0,0,0,1173
04/28/2016,MIA,FL,ASO,ES,Combined TRACON& Tower with Radar,1044,125,38,3,1210,1,0,18,0,19,1045,125,56,3,1229,0,0,0,1229
04/29/2016,MIA,FL,ASO,ES,Combined TRACON& Tower with Radar,1020,119,60,4,1203,5,0,6,0,11,1025,119,66,4,1214,0,0,0,1214
04/30/2016,MIA,FL,ASO,ES,Combined TRACON& Tower with Radar,1020,77,18,0,1115,2,0,12,0,14,1022,77,30,0,1129,0,0,0,1129
05/01/2016,MIA,FL,ASO,ES,Combined TRACON& Tower with Radar,987,116,45,2,1150,1,0,14,0,15,988,116,59,2,1165,0,0,0,1165
05/02/2016,MIA,FL,ASO,ES,Combined TRACON& Tower with Radar,954,124,32,0,1110,3,0,6,0,9,957,124,38,0,1119,0,0,0,1119
05/03/2016,MIA,FL,ASO,ES,Combined TRACON& Tower with Radar,948,117,36,1,1102,3,1,7,0,11,951,118,43,1,1113,0,0,0,1113
05/04/2016,MIA,FL,ASO,ES,Combined TRACON& Tower with Radar,864,100,34,2,1000,2,0,2,0,4,866,100,36,2,1004,0,0,0,1004
05/05/2016,MIA,FL,ASO,ES,Combined TRACON& Tower with Radar,1034,128,64,3,1229,2,1,7,0,10,1036,129,71,3,1239,0,0,0,1239
05/06/2016,MIA,FL,ASO,ES,Combined TRACON& Tower with Radar,986,133,44,0,1163,2,1,9,0,12,988,134,53,0,1175,0,0,0,1175
05/07/2016,MIA,FL,ASO,ES,Combined TRACON& Tower with Radar,976,90,19,2,1087,5,0,10,0,15,981,90,29,2,1102,0,0,0,1102
05/08/2016,MIA,FL,ASO,ES,Combined TRACON& Tower with Radar,962,95,31,5,1093,3,0,11,0,14,965,95,42,5,1107,0,0,0,1107
05/09/2016,MIA,FL,ASO,ES,Combined TRACON& Tower with Radar,934,121,50,4,1109,1,0,11,0,12,935,121,61,4,1121,0,0,0,1121
05/10/2016,MIA,FL,ASO,ES,Combined TRACON& Tower with Radar,922,107,47,2,1078,2,0,13,0,15,924,107,60,2,1093,0,0,0,1093
05/11/2016,MIA,FL,ASO,ES,Combined TRACON& Tower with Radar,952,125,52,5,1134,0,3,20,0,23,952,128,72,5,1157,0,0,0,1157
05/12/2016,MIA,FL,ASO,ES,Combined TRACON& Tower with Radar,985,136,55,5,1181,5,2,5,0,12,990,138,60,5,1193,0,0,0,1193
05/13/2016,MIA,FL,ASO,ES,Combined TRACON& Tower with Radar,985,119,31,2,1137,3,0,7,0,10,988,119,38,2,1147,0,0,0,1147
05/14/2016,MIA,FL,ASO,ES,Combined TRACON& Tower with Radar,977,84,25,4,1090,1,1,4,0,6,978,85,29,4,1096,0,0,0,1096
05/15/2016,MIA,FL,ASO,ES,Combined TRACON& Tower with Radar,963,106,44,2,1115,6,2,3,1,12,969,108,47,3,1127,0,0,0,1127
05/16/2016,MIA,FL,ASO,ES,Combined TRACON& Tower with Radar,936,109,23,7,1075,2,0,5,0,7,938,109,28,7,1082,0,0,0,1082
05/17/2016,MIA,FL,ASO,ES,Combined TRACON& Tower with Radar,916,108,48,1,1073,2,0,3,1,6,918,108,51,2,1079,0,0,0,1079
05/18/2016,MIA,FL,ASO,ES,Combined TRACON& Tower with Radar,940,115,42,3,1100,6,2,8,2,18,946,117,50,5,1118,0,0,0,1118
05/19/2016,MIA,FL,ASO,ES,Combined TRACON& Tower with Radar,990,129,31,3,1153,5,0,21,0,26,995,129,52,3,1179,0,0,0,1179
05/20/2016,MIA,FL,ASO,ES,Combined TRACON& Tower with Radar,1003,117,37,3,1160,2,0,16,0,18,1005,117,53,3,1178,0,0,0,1178
05/21/2016,MIA,FL,ASO,ES,Combined TRACON& Tower with Radar,977,92,18,4,1091,3,0,6,0,9,980,92,24,4,1100,0,0,0,1100
05/22/2016,MIA,FL,ASO,ES,Combined TRACON& Tower with Radar,952,92,43,0,1087,6,2,7,0,15,958,94,50,0,1102,0,0,0,1102
05/23/2016,MIA,FL,ASO,ES,Combined TRACON& Tower with Radar,932,118,35,7,1092,3,2,8,0,13,935,120,43,7,1105,0,0,0,1105
05/24/2016,MIA,FL,ASO,ES,Combined TRACON& Tower with Radar,925,104,46,3,1078,2,0,10,1,13,927,104,56,4,1091,0,0,0,1091
05/25/2016,MIA,FL,ASO,ES,Combined TRACON& Tower with Radar,943,122,49,4,1118,2,3,24,0,29,945,125,73,4,1147,0,0,0,1147
05/26/2016,MIA,FL,ASO,ES,Combined TRACON& Tower with Radar,982,129,41,3,1155,4,3,12,0,19,986,132,53,3,1174,0,0,0,1174
05/27/2016,MIA,FL,ASO,ES,Combined TRACON& Tower with Radar,974,125,39,1,1139,0,0,6,0,6,974,125,45,1,1145,0,0,0,1145
05/28/2016,MIA,FL,ASO,ES,Combined TRACON& Tower with Radar,967,83,23,2,1075,5,3,10,0,18,972,86,33,2,1093,0,0,0,1093
05/29/2016,MIA,FL,ASO,ES,Combined TRACON& Tower with Radar,927,73,19,0,1019,5,0,3,0,8,932,73,22,0,1027,0,0,0,1027
05/30/2016,MIA,FL,ASO,ES,Combined TRACON& Tower with Radar,913,115,37,0,1065,1,0,11,2,14,914,115,48,2,1079,0,0,0,1079
05/31/2016,MIA,FL,ASO,ES,Combined TRACON& Tower with Radar,861,104,30,4,999,2,5,19,2,28,863,109,49,6,1027,0,0,0,1027
06/01/2016,MIA,FL,ASO,ES,Combined TRACON& Tower with Radar,942,121,24,0,1087,6,3,7,0,16,948,124,31,0,1103,0,0,0,1103
06/02/2016,MIA,FL,ASO,ES,Combined TRACON& Tower with Radar,987,95,28,1,1111,2,5,23,0,30,989,100,51,1,1141,0,0,0,1141
06/03/2016,MIA,FL,ASO,ES,Combined TRACON& Tower with Radar,1001,98,23,2,1124,3,0,16,1,20,1004,98,39,3,1144,0,0,0,1144
06/04/2016,MIA,FL,ASO,ES,Combined TRACON& Tower with Radar,991,69,22,1,1083,1,0,16,0,17,992,69,38,1,1100,0,0,0,1100
06/05/2016,MIA,FL,ASO,ES,Combined TRACON& Tower with Radar,955,70,8,4,1037,3,0,9,0,12,958,70,17,4,1049,0,0,0,1049
06/06/2016,MIA,FL,ASO,ES,Combined TRACON& Tower with Radar,968,94,24,8,1094,2,2,8,0,12,970,96,32,8,1106,0,0,0,1106
06/07/2016,MIA,FL,ASO,ES,Combined TRACON& Tower with Radar,940,90,16,2,1048,1,0,7,0,8,941,90,23,2,1056,0,0,0,1056
06/08/2016,MIA,FL,ASO,ES,Combined TRACON& Tower with Radar,972,101,43,0,1116,5,1,8,0,14,977,102,51,0,1130,0,0,0,1130
06/09/2016,MIA,FL,ASO,ES,Combined TRACON& Tower with Radar,1014,99,46,1,1160,1,0,13,0,14,1015,99,59,1,1174,0,0,0,1174
06/10/2016,MIA,FL,ASO,ES,Combined TRACON& Tower with Radar,987,83,20,1,1091,2,0,8,0,10,989,83,28,1,1101,0,0,0,1101
06/11/2016,MIA,FL,ASO,ES,Combined TRACON& Tower with Radar,1008,70,23,4,1105,3,0,7,0,10,1011,70,30,4,1115,0,0,0,1115
06/12/2016,MIA,FL,ASO,ES,Combined TRACON& Tower with Radar,960,75,28,3,1066,2,2,13,1,18,962,77,41,4,1084,0,0,0,1084
06/13/2016,MIA,FL,ASO,ES,Combined TRACON& Tower with Radar,952,84,26,2,1064,2,0,12,1,15,954,84,38,3,1079,0,0,0,1079
06/14/2016,MIA,FL,ASO,ES,Combined TRACON& Tower with Radar,939,98,30,2,1069,2,0,2,0,4,941,98,32,2,1073,0,0,0,1073
06/15/2016,MIA,FL,ASO,ES,Combined TRACON& Tower with Radar,982,100,22,2,1106,1,1,5,2,9,983,101,27,4,1115,0,0,0,1115
06/16/2016,MIA,FL,ASO,ES,Combined TRACON& Tower with Radar,1003,113,39,4,1159,4,0,5,2,11,1007,113,44,6,1170,0,0,0,1170
06/17/2016,MIA,FL,ASO,ES,Combined TRACON& Tower with Radar,1001,97,15,7,1120,4,2,9,0,15,1005,99,24,7,1135,0,0,0,1135
06/18/2016,MIA,FL,ASO,ES,Combined TRACON& Tower with Radar,955,71,21,4,1051,5,2,12,0,19,960,73,33,4,1070,0,0,0,1070
06/19/2016,MIA,FL,ASO,ES,Combined TRACON& Tower with Radar,1008,71,44,1,1124,5,0,16,0,21,1013,71,60,1,1145,0,0,0,1145
06/20/2016,MIA,FL,ASO,ES,Combined TRACON& Tower with Radar,965,93,34,0,1092,3,1,7,0,11,968,94,41,0,1103,0,0,0,1103
06/21/2016,MIA,FL,ASO,ES,Combined TRACON& Tower with Radar,939,107,40,1,1087,8,0,5,0,13,947,107,45,1,1100,0,0,0,1100
06/22/2016,MIA,FL,ASO,ES,Combined TRACON& Tower with Radar,983,107,24,4,1118,7,1,8,0,16,990,108,32,4,1134,0,0,0,1134
06/23/2016,MIA,FL,ASO,ES,Combined TRACON& Tower with Radar,996,92,30,6,1124,5,0,8,0,13,1001,92,38,6,1137,0,0,0,1137
06/24/2016,MIA,FL,ASO,ES,Combined TRACON& Tower with Radar,1014,100,19,2,1135,3,0,14,0,17,1017,100,33,2,1152,0,0,0,1152
06/25/2016,MIA,FL,ASO,ES,Combined TRACON& Tower with Radar,1011,68,24,0,1103,4,2,10,0,16,1015,70,34,0,1119,0,0,0,1119
06/26/2016,MIA,FL,ASO,ES,Combined TRACON& Tower with Radar,978,64,34,0,1076,8,0,4,0,12,986,64,38,0,1088,0,0,0,1088
06/27/2016,MIA,FL,ASO,ES,Combined TRACON& Tower with Radar,954,97,24,0,1075,5,1,16,0,22,959,98,40,0,1097,0,0,0,1097
06/28/2016,MIA,FL,ASO,ES,Combined TRACON& Tower with Radar,942,88,25,3,1058,1,1,13,1,16,943,89,38,4,1074,0,0,0,1074
06/29/2016,MIA,FL,ASO,ES,Combined TRACON& Tower with Radar,972,107,26,6,1111,3,0,20,0,23,975,107,46,6,1134,0,0,0,1134
06/30/2016,MIA,FL,ASO,ES,Combined TRACON& Tower with Radar,1001,99,35,4,1139,1,2,13,0,16,1002,101,48,4,1155,0,0,0,1155
07/01/2016,MIA,FL,ASO,ES,Combined TRACON& Tower with Radar,983,93,24,5,1105,1,2,11,1,15,984,95,35,6,1120,0,0,0,1120
07/02/2016,MIA,FL,ASO,ES,Combined TRACON& Tower with Radar,1011,63,21,0,1095,4,2,3,0,9,1015,65,24,0,1104,0,0,0,1104
07/03/2016,MIA,FL,ASO,ES,Combined TRACON& Tower with Radar,974,65,17,0,1056,3,0,3,0,6,977,65,20,0,1062,0,0,0,1062
07/04/2016,MIA,FL,ASO,ES,Combined TRACON& Tower with Radar,930,74,24,0,1028,2,0,3,0,5,932,74,27,0,1033,0,0,0,1033
07/05/2016,MIA,FL,ASO,ES,Combined TRACON& Tower with Radar,905,100,22,3,1030,3,0,5,2,10,908,100,27,5,1040,0,0,0,1040
07/06/2016,MIA,FL,ASO,ES,Combined TRACON& Tower with Radar,975,100,21,8,1104,5,0,10,0,15,980,100,31,8,1119,0,0,0,1119
07/07/2016,MIA,FL,ASO,ES,Combined TRACON& Tower with Radar,1022,93,22,4,1141,4,0,4,0,8,1026,93,26,4,1149,0,0,0,1149
07/08/2016,MIA,FL,ASO,ES,Combined TRACON& Tower with Radar,1022,108,23,3,1156,3,0,16,0,19,1025,108,39,3,1175,0,0,0,1175
07/09/2016,MIA,FL,ASO,ES,Combined TRACON& Tower with Radar,1034,82,14,2,1132,4,1,12,0,17,1038,83,26,2,1149,0,0,0,1149
07/10/2016,MIA,FL,ASO,ES,Combined TRACON& Tower with Radar,985,82,30,5,1102,1,1,2,0,4,986,83,32,5,1106,0,0,0,1106
07/11/2016,MIA,FL,ASO,ES,Combined TRACON& Tower with Radar,951,93,33,1,1078,1,3,6,0,10,952,96,39,1,1088,0,0,0,1088
07/12/2016,MIA,FL,ASO,ES,Combined TRACON& Tower with Radar,951,96,23,7,1077,2,0,12,0,14,953,96,35,7,1091,0,0,0,1091
07/13/2016,MIA,FL,ASO,ES,Combined TRACON& Tower with Radar,971,100,33,5,1109,5,0,10,0,15,976,100,43,5,1124,0,0,0,1124
07/14/2016,MIA,FL,ASO,ES,Combined TRACON& Tower with Radar,1026,116,29,2,1173,2,0,11,0,13,1028,116,40,2,1186,0,0,0,1186
07/15/2016,MIA,FL,ASO,ES,Combined TRACON& Tower with Radar,1015,113,28,2,1158,2,0,7,0,9,1017,113,35,2,1167,0,0,0,1167
07/16/2016,MIA,FL,ASO,ES,Combined TRACON& Tower with Radar,1016,72,24,2,1114,3,0,8,1,12,1019,72,32,3,1126,0,0,0,1126
07/17/2016,MIA,FL,ASO,ES,Combined TRACON& Tower with Radar,984,95,25,1,1105,4,0,4,2,10,988,95,29,3,1115,0,0,0,1115
07/18/2016,MIA,FL,ASO,ES,Combined TRACON& Tower with Radar,936,93,17,1,1047,4,0,20,0,24,940,93,37,1,1071,0,0,0,1071
07/19/2016,MIA,FL,ASO,ES,Combined TRACON& Tower with Radar,961,89,21,3,1074,3,0,17,0,20,964,89,38,3,1094,0,0,0,1094
07/20/2016,MIA,FL,ASO,ES,Combined TRACON& Tower with Radar,982,104,23,4,1113,2,0,3,0,5,984,104,26,4,1118,0,0,0,1118
07/21/2016,MIA,FL,ASO,ES,Combined TRACON& Tower with Radar,1008,110,33,4,1155,4,2,7,0,13,1012,112,40,4,1168,0,0,0,1168
07/22/2016,MIA,FL,ASO,ES,Combined TRACON& Tower with Radar,1013,110,41,4,1168,4,3,13,0,20,1017,113,54,4,1188,0,0,0,1188
07/23/2016,MIA,FL,ASO,ES,Combined TRACON& Tower with Radar,995,78,30,1,1104,5,3,11,0,19,1000,81,41,1,1123,0,0,0,1123
07/24/2016,MIA,FL,ASO,ES,Combined TRACON& Tower with Radar,987,80,30,0,1097,9,1,11,0,21,996,81,41,0,1118,0,0,0,1118
07/25/2016,MIA,FL,ASO,ES,Combined TRACON& Tower with Radar,940,102,34,0,1076,3,0,7,0,10,943,102,41,0,1086,0,0,0,1086
07/26/2016,MIA,FL,ASO,ES,Combined TRACON& Tower with Radar,952,120,40,3,1115,4,2,15,0,21,956,122,55,3,1136,0,0,0,1136
07/27/2016,MIA,FL,ASO,ES,Combined TRACON& Tower with Radar,979,102,34,3,1118,4,1,12,0,17,983,103,46,3,1135,0,0,0,1135
07/28/2016,MIA,FL,ASO,ES,Combined TRACON& Tower with Radar,989,101,22,2,1114,1,0,9,0,10,990,101,31,2,1124,0,0,0,1124
07/29/2016,MIA,FL,ASO,ES,Combined TRACON& Tower with Radar,1000,116,38,2,1156,3,2,17,0,22,1003,118,55,2,1178,0,0,0,1178
07/30/2016,MIA,FL,ASO,ES,Combined TRACON& Tower with Radar,999,84,19,2,1104,2,1,1,0,4,1001,85,20,2,1108,0,0,0,1108
07/31/2016,MIA,FL,ASO,ES,Combined TRACON& Tower with Radar,962,91,15,2,1070,4,1,8,1,14,966,92,23,3,1084,0,0,0,1084
08/01/2016,MIA,FL,ASO,ES,Combined TRACON& Tower with Radar,954,96,31,2,1083,3,2,5,0,10,957,98,36,2,1093,0,0,0,1093
08/02/2016,MIA,FL,ASO,ES,Combined TRACON& Tower with Radar,832,83,18,4,937,4,1,11,0,16,836,84,29,4,953,0,0,0,953
08/03/2016,MIA,FL,ASO,ES,Combined TRACON& Tower with Radar,1012,104,19,5,1140,3,0,16,0,19,1015,104,35,5,1159,0,0,0,1159
08/04/2016,MIA,FL,ASO,ES,Combined TRACON& Tower with Radar,1005,107,34,1,1147,0,2,8,0,10,1005,109,42,1,1157,0,0,0,1157
08/05/2016,MIA,FL,ASO,ES,Combined TRACON& Tower with Radar,1020,105,33,1,1159,5,0,20,0,25,1025,105,53,1,1184,0,0,0,1184
08/06/2016,MIA,FL,ASO,ES,Combined TRACON& Tower with Radar,946,82,11,0,1039,7,0,4,0,11,953,82,15,0,1050,0,0,0,1050
08/07/2016,MIA,FL,ASO,ES,Combined TRACON& Tower with Radar,989,78,29,0,1096,1,0,6,0,7,990,78,35,0,1103,0,0,0,1103
08/08/2016,MIA,FL,ASO,ES,Combined TRACON& Tower with Radar,945,116,34,3,1098,4,0,8,0,12,949,116,42,3,1110,0,0,0,1110
08/09/2016,MIA,FL,ASO,ES,Combined TRACON& Tower with Radar,943,104,26,1,1074,3,2,5,0,10,946,106,31,1,1084,0,0,0,1084
08/10/2016,MIA,FL,ASO,ES,Combined TRACON& Tower with Radar,979,105,26,0,1110,2,2,9,0,13,981,107,35,0,1123,0,0,0,1123
08/11/2016,MIA,FL,ASO,ES,Combined TRACON& Tower with Radar,997,118,31,0,1146,4,3,8,0,15,1001,121,39,0,1161,0,0,0,1161
08/12/2016,MIA,FL,ASO,ES,Combined TRACON& Tower with Radar,1021,103,22,7,1153,10,0,5,0,15,1031,103,27,7,1168,0,0,0,1168
08/13/2016,MIA,FL,ASO,ES,Combined TRACON& Tower with Radar,977,86,17,1,1081,5,0,1,0,6,982,86,18,1,1087,0,0,0,1087
08/14/2016,MIA,FL,ASO,ES,Combined TRACON& Tower with Radar,994,92,22,2,1110,4,0,7,1,12,998,92,29,3,1122,0,0,0,1122
08/15/2016,MIA,FL,ASO,ES,Combined TRACON& Tower with Radar,960,116,38,5,1119,2,0,8,0,10,962,116,46,5,1129,0,0,0,1129
08/16/2016,MIA,FL,ASO,ES,Combined TRACON& Tower with Radar,949,104,34,1,1088,3,0,5,0,8,952,104,39,1,1096,0,0,0,1096
08/17/2016,MIA,FL,ASO,ES,Combined TRACON& Tower with Radar,937,129,27,2,1095,1,0,11,0,12,938,129,38,2,1107,0,0,0,1107
08/18/2016,MIA,FL,ASO,ES,Combined TRACON& Tower with Radar,955,153,23,0,1131,7,2,6,0,15,962,155,29,0,1146,0,0,0,1146
08/19/2016,MIA,FL,ASO,ES,Combined TRACON& Tower with Radar,936,188,28,6,1158,2,1,8,0,11,938,189,36,6,1169,0,0,0,1169
08/20/2016,MIA,FL,ASO,ES,Combined TRACON& Tower with Radar,898,162,24,1,1085,4,1,8,0,13,902,163,32,1,1098,0,0,0,1098
08/21/2016,MIA,FL,ASO,ES,Combined TRACON& Tower with Radar,886,167,24,1,1078,2,2,5,0,9,888,169,29,1,1087,0,0,0,1087
08/22/2016,MIA,FL,ASO,ES,Combined TRACON& Tower with Radar,867,181,21,5,1074,3,0,3,0,6,870,181,24,5,1080,0,0,0,1080
08/23/2016,MIA,FL,ASO,ES,Combined TRACON& Tower with Radar,805,164,29,1,999,3,3,27,0,33,808,167,56,1,1032,0,0,0,1032
08/24/2016,MIA,FL,ASO,ES,Combined TRACON& Tower with Radar,822,153,39,4,1018,4,0,7,1,12,826,153,46,5,1030,0,0,0,1030
08/25/2016,MIA,FL,ASO,ES,Combined TRACON& Tower with Radar,844,173,34,2,1053,4,2,8,0,14,848,175,42,2,1067,0,0,0,1067
08/26/2016,MIA,FL,ASO,ES,Combined TRACON& Tower with Radar,939,166,25,3,1133,2,0,3,0,5,941,166,28,3,1138,0,0,0,1138
08/27/2016,MIA,FL,ASO,ES,Combined TRACON& Tower with Radar,977,86,17,1,1081,5,0,1,0,6,982,86,18,1,1087,0,0,0,1087
08/28/2016,MIA,FL,ASO,ES,Combined TRACON& Tower with Radar,992,89,24,2,1107,4,0,9,1,14,996,89,33,3,1121,0,0,0,1121
08/29/2016,MIA,FL,ASO,ES,Combined TRACON& Tower with Radar,947,107,28,2,1084,3,2,5,0,10,950,109,33,2,1094,0,0,0,1094
08/30/2016,MIA,FL,ASO,ES,Combined TRACON& Tower with Radar,804,147,23,4,978,0,0,4,0,4,804,147,27,4,982,0,0,0,982
08/31/2016,MIA,FL,ASO,ES,Combined TRACON& Tower with Radar,816,152,27,5,1000,2,2,7,0,11,818,154,34,5,1011,0,0,0,1011
09/01/2016,MIA,FL,ASO,ES,Combined TRACON& Tower with Radar,853,159,24,0,1036,1,0,4,0,5,854,159,28,0,1041,0,0,0,1041
09/02/2016,MIA,FL,ASO,ES,Combined TRACON& Tower with Radar,855,169,35,3,1062,2,2,11,0,15,857,171,46,3,1077,0,0,0,1077
09/03/2016,MIA,FL,ASO,ES,Combined TRACON& Tower with Radar,816,144,12,4,976,4,0,8,0,12,820,144,20,4,988,0,0,0,988
09/04/2016,MIA,FL,ASO,ES,Combined TRACON& Tower with Radar,796,138,20,0,954,2,0,1,0,3,798,138,21,0,957,0,0,0,957
09/05/2016,MIA,FL,ASO,ES,Combined TRACON& Tower with Radar,758,165,33,1,957,2,0,5,0,7,760,165,38,1,964,0,0,0,964
09/06/2016,MIA,FL,ASO,ES,Combined TRACON& Tower with Radar,756,156,30,4,946,5,0,1,0,6,761,156,31,4,952,0,0,0,952
09/07/2016,MIA,FL,ASO,ES,Combined TRACON& Tower with Radar,793,156,18,6,973,2,0,3,0,5,795,156,21,6,978,0,0,0,978
09/08/2016,MIA,FL,ASO,ES,Combined TRACON& Tower with Radar,848,160,34,6,1048,3,3,11,0,17,851,163,45,6,1065,0,0,0,1065
09/09/2016,MIA,FL,ASO,ES,Combined TRACON& Tower with Radar,831,180,33,3,1047,4,0,5,0,9,835,180,38,3,1056,0,0,0,1056
09/10/2016,MIA,FL,ASO,ES,Combined TRACON& Tower with Radar,814,153,14,3,984,6,0,7,0,13,820,153,21,3,997,0,0,0,997
09/11/2016,MIA,FL,ASO,ES,Combined TRACON& Tower with Radar,811,152,19,1,983,2,2,1,0,5,813,154,20,1,988,0,0,0,988
09/12/2016,MIA,FL,ASO,ES,Combined TRACON& Tower with Radar,772,173,19,2,966,0,2,9,0,11,772,175,28,2,977,0,0,0,977
09/13/2016,MIA,FL,ASO,ES,Combined TRACON& Tower with Radar,783,145,21,1,950,3,1,6,0,10,786,146,27,1,960,0,0,0,960
09/14/2016,MIA,FL,ASO,ES,Combined TRACON& Tower with Radar,797,163,31,9,1000,4,2,7,0,13,801,165,38,9,1013,0,0,0,1013
09/15/2016,MIA,FL,ASO,ES,Combined TRACON& Tower with Radar,890,131,38,3,1062,5,2,10,1,18,895,133,48,4,1080,0,0,0,1080
09/16/2016,MIA,FL,ASO,ES,Combined TRACON& Tower with Radar,891,110,31,2,1034,2,0,3,0,5,893,110,34,2,1039,0,0,0,1039
09/17/2016,MIA,FL,ASO,ES,Combined TRACON& Tower with Radar,895,84,19,2,1000,5,0,6,0,11,900,84,25,2,1011,0,0,0,1011
09/18/2016,MIA,FL,ASO,ES,Combined TRACON& Tower with Radar,886,93,29,2,1010,2,0,2,2,6,888,93,31,4,1016,0,0,0,1016
09/19/2016,MIA,FL,ASO,ES,Combined TRACON& Tower with Radar,835,114,33,3,985,3,2,13,0,18,838,116,46,3,1003,0,0,0,1003
09/20/2016,MIA,FL,ASO,ES,Combined TRACON& Tower with Radar,833,116,20,2,971,6,0,5,0,11,839,116,25,2,982,0,0,0,982
09/21/2016,MIA,FL,ASO,ES,Combined TRACON& Tower with Radar,851,101,44,3,999,4,0,9,0,13,855,101,53,3,1012,0,0,0,1012
09/22/2016,MIA,FL,ASO,ES,Combined TRACON& Tower with Radar,906,126,32,1,1065,2,1,4,0,7,908,127,36,1,1072,0,0,0,1072
09/23/2016,MIA,FL,ASO,ES,Combined TRACON& Tower with Radar,896,119,42,3,1060,5,3,1,0,9,901,122,43,3,1069,0,0,0,1069
09/24/2016,MIA,FL,ASO,ES,Combined TRACON& Tower with Radar,901,86,19,2,1008,3,0,4,0,7,904,86,23,2,1015,0,0,0,1015
09/25/2016,MIA,FL,ASO,ES,Combined TRACON& Tower with Radar,895,95,32,0,1022,3,1,6,0,10,898,96,38,0,1032,0,0,0,1032
09/26/2016,MIA,FL,ASO,ES,Combined TRACON& Tower with Radar,840,109,16,6,971,2,3,12,0,17,842,112,28,6,988,0,0,0,988
09/27/2016,MIA,FL,ASO,ES,Combined TRACON& Tower with Radar,835,108,22,0,965,3,3,10,0,16,838,111,32,0,981,0,0,0,981
09/28/2016,MIA,FL,ASO,ES,Combined TRACON& Tower with Radar,864,103,19,2,988,4,1,6,1,12,868,104,25,3,1000,0,0,0,1000
09/29/2016,MIA,FL,ASO,ES,Combined TRACON& Tower with Radar,917,117,42,0,1076,1,4,6,0,11,918,121,48,0,1087,0,0,0,1087
09/30/2016,MIA,FL,ASO,ES,Combined TRACON& Tower with Radar,881,129,31,5,1046,4,0,3,0,7,885,129,34,5,1053,0,0,0,1053
10/01/2016,MIA,FL,ASO,ES,Combined TRACON& Tower with Radar,912,92,15,2,1021,0,0,11,0,11,912,92,26,2,1032,0,0,0,1032
10/02/2016,MIA,FL,ASO,ES,Combined TRACON& Tower with Radar,897,86,12,0,995,0,1,2,0,3,897,87,14,0,998,0,0,0,998
10/03/2016,MIA,FL,ASO,ES,Combined TRACON& Tower with Radar,818,101,33,2,954,2,1,7,0,10,820,102,40,2,964,0,0,0,964
10/04/2016,MIA,FL,ASO,ES,Combined TRACON& Tower with Radar,825,86,35,1,947,4,0,4,0,8,829,86,39,1,955,0,0,0,955
10/05/2016,MIA,FL,ASO,ES,Combined TRACON& Tower with Radar,851,113,29,1,994,2,0,5,0,7,853,113,34,1,1001,0,0,0,1001
10/06/2016,MIA,FL,ASO,ES,Combined TRACON& Tower with Radar,261,24,1,0,286,1,0,0,0,1,262,24,1,0,287,0,0,0,287
10/07/2016,MIA,FL,ASO,ES,Combined TRACON& Tower with Radar,523,58,15,0,596,11,0,1,0,12,534,58,16,0,608,0,0,0,608
10/08/2016,MIA,FL,ASO,ES,Combined TRACON& Tower with Radar,917,96,13,3,1029,4,0,3,0,7,921,96,16,3,1036,0,0,0,1036
10/09/2016,MIA,FL,ASO,ES,Combined TRACON& Tower with Radar,912,104,15,2,1033,3,1,1,0,5,915,105,16,2,1038,0,0,0,1038
10/10/2016,MIA,FL,ASO,ES,Combined TRACON& Tower with Radar,857,117,38,3,1015,3,1,14,0,18,860,118,52,3,1033,0,0,0,1033
10/11/2016,MIA,FL,ASO,ES,Combined TRACON& Tower with Radar,873,115,38,2,1028,3,0,8,0,11,876,115,46,2,1039,0,0,0,1039
10/12/2016,MIA,FL,ASO,ES,Combined TRACON& Tower with Radar,893,109,39,3,1044,2,1,7,0,10,895,110,46,3,1054,0,0,0,1054
10/13/2016,MIA,FL,ASO,ES,Combined TRACON& Tower with Radar,927,127,32,4,1090,0,0,5,0,5,927,127,37,4,1095,0,0,0,1095
10/14/2016,MIA,FL,ASO,ES,Combined TRACON& Tower with Radar,930,131,38,4,1103,3,0,10,0,13,933,131,48,4,1116,0,0,0,1116
10/15/2016,MIA,FL,ASO,ES,Combined TRACON& Tower with Radar,903,104,11,2,1020,2,3,0,0,5,905,107,11,2,1025,0,0,0,1025
10/16/2016,MIA,FL,ASO,ES,Combined TRACON& Tower with Radar,910,110,41,1,1062,3,1,1,0,5,913,111,42,1,1067,0,0,0,1067
10/17/2016,MIA,FL,ASO,ES,Combined TRACON& Tower with Radar,855,131,57,1,1044,3,2,10,0,15,858,133,67,1,1059,0,0,0,1059
10/18/2016,MIA,FL,ASO,ES,Combined TRACON& Tower with Radar,866,113,36,5,1020,3,2,2,2,9,869,115,38,7,1029,0,0,0,1029
10/19/2016,MIA,FL,ASO,ES,Combined TRACON& Tower with Radar,879,113,28,8,1028,4,2,8,0,14,883,115,36,8,1042,0,0,0,1042
10/20/2016,MIA,FL,ASO,ES,Combined TRACON& Tower with Radar,913,117,44,9,1083,2,0,10,0,12,915,117,54,9,1095,0,0,0,1095
10/21/2016,MIA,FL,ASO,ES,Combined TRACON& Tower with Radar,919,140,30,5,1094,0,3,17,0,20,919,143,47,5,1114,0,0,0,1114
10/22/2016,MIA,FL,ASO,ES,Combined TRACON& Tower with Radar,911,90,15,5,1021,1,0,10,0,11,912,90,25,5,1032,0,0,0,1032
10/23/2016,MIA,FL,ASO,ES,Combined TRACON& Tower with Radar,910,129,32,5,1076,6,1,5,0,12,916,130,37,5,1088,0,0,0,1088
10/24/2016,MIA,FL,ASO,ES,Combined TRACON& Tower with Radar,855,134,38,3,1030,3,1,13,0,17,858,135,51,3,1047,0,0,0,1047
10/25/2016,MIA,FL,ASO,ES,Combined TRACON& Tower with Radar,865,114,39,4,1022,1,1,6,1,9,866,115,45,5,1031,0,0,0,1031
10/26/2016,MIA,FL,ASO,ES,Combined TRACON& Tower with Radar,898,114,37,1,1050,5,0,11,0,16,903,114,48,1,1066,0,0,0,1066
10/27/2016,MIA,FL,ASO,ES,Combined TRACON& Tower with Radar,924,121,40,3,1088,1,3,4,0,8,925,124,44,3,1096,0,0,0,1096
10/28/2016,MIA,FL,ASO,ES,Combined TRACON& Tower with Radar,929,131,26,0,1086,1,1,8,0,10,930,132,34,0,1096,0,0,0,1096
10/29/2016,MIA,FL,ASO,ES,Combined TRACON& Tower with Radar,919,98,30,0,1047,3,2,6,0,11,922,100,36,0,1058,0,0,0,1058
10/30/2016,MIA,FL,ASO,ES,Combined TRACON& Tower with Radar,894,107,34,2,1037,4,2,5,0,11,898,109,39,2,1048,0,0,0,1048
10/31/2016,MIA,FL,ASO,ES,Combined TRACON& Tower with Radar,865,118,32,6,1021,3,2,16,0,21,868,120,48,6,1042,0,0,0,1042
11/01/2016,MIA,FL,ASO,ES,Combined TRACON& Tower with Radar,879,129,46,5,1059,4,2,8,0,14,883,131,54,5,1073,0,0,0,1073
11/02/2016,MIA,FL,ASO,ES,Combined TRACON& Tower with Radar,904,129,66,4,1103,4,0,13,0,17,908,129,79,4,1120,0,0,0,1120
11/03/2016,MIA,FL,ASO,ES,Combined TRACON& Tower with Radar,933,129,33,7,1102,3,0,13,2,18,936,129,46,9,1120,0,0,0,1120
11/04/2016,MIA,FL,ASO,ES,Combined TRACON& Tower with Radar,986,143,53,8,1190,0,0,10,0,10,986,143,63,8,1200,0,0,0,1200
11/05/2016,MIA,FL,ASO,ES,Combined TRACON& Tower with Radar,981,81,29,0,1091,5,3,9,0,17,986,84,38,0,1108,0,0,0,1108
11/06/2016,MIA,FL,ASO,ES,Combined TRACON& Tower with Radar,981,97,40,0,1118,2,0,5,0,7,983,97,45,0,1125,0,0,0,1125
11/07/2016,MIA,FL,ASO,ES,Combined TRACON& Tower with Radar,926,98,23,2,1049,2,0,8,0,10,928,98,31,2,1059,0,0,0,1059
11/08/2016,MIA,FL,ASO,ES,Combined TRACON& Tower with Radar,913,102,38,0,1053,1,3,13,1,18,914,105,51,1,1071,0,0,0,1071
11/09/2016,MIA,FL,ASO,ES,Combined TRACON& Tower with Radar,935,98,41,1,1075,6,1,24,0,31,941,99,65,1,1106,0,0,0,1106
11/10/2016,MIA,FL,ASO,ES,Combined TRACON& Tower with Radar,1001,98,40,1,1140,5,2,14,0,21,1006,100,54,1,1161,0,0,0,1161
11/11/2016,MIA,FL,ASO,ES,Combined TRACON& Tower with Radar,993,111,36,0,1140,1,2,22,0,25,994,113,58,0,1165,0,0,0,1165
11/12/2016,MIA,FL,ASO,ES,Combined TRACON& Tower with Radar,984,69,13,0,1066,10,0,8,0,18,994,69,21,0,1084,0,0,0,1084
11/13/2016,MIA,FL,ASO,ES,Combined TRACON& Tower with Radar,964,83,36,2,1085,2,0,7,0,9,966,83,43,2,1094,0,0,0,1094
11/14/2016,MIA,FL,ASO,ES,Combined TRACON& Tower with Radar,947,100,33,7,1087,3,2,12,0,17,950,102,45,7,1104,0,0,0,1104
11/15/2016,MIA,FL,ASO,ES,Combined TRACON& Tower with Radar,937,99,39,4,1079,2,1,9,0,12,939,100,48,4,1091,0,0,0,1091
11/16/2016,MIA,FL,ASO,ES,Combined TRACON& Tower with Radar,970,113,60,6,1149,4,0,16,0,20,974,113,76,6,1169,0,0,0,1169
11/17/2016,MIA,FL,ASO,ES,Combined TRACON& Tower with Radar,1002,117,58,6,1183,6,0,7,1,14,1008,117,65,7,1197,0,0,0,1197
11/18/2016,MIA,FL,ASO,ES,Combined TRACON& Tower with Radar,1004,121,57,2,1184,4,1,24,0,29,1008,122,81,2,1213,0,0,0,1213
11/19/2016,MIA,FL,ASO,ES,Combined TRACON& Tower with Radar,1010,97,50,2,1159,4,1,43,0,48,1014,98,93,2,1207,0,0,0,1207
11/20/2016,MIA,FL,ASO,ES,Combined TRACON& Tower with Radar,957,91,47,1,1096,2,1,74,1,78,959,92,121,2,1174,0,0,0,1174
11/21/2016,MIA,FL,ASO,ES,Combined TRACON& Tower with Radar,931,113,49,6,1099,3,2,15,0,20,934,115,64,6,1119,0,0,0,1119
11/22/2016,MIA,FL,ASO,ES,Combined TRACON& Tower with Radar,924,112,52,2,1090,5,2,25,0,32,929,114,77,2,1122,0,0,0,1122
11/23/2016,MIA,FL,ASO,ES,Combined TRACON& Tower with Radar,953,114,49,3,1119,3,0,5,0,8,956,114,54,3,1127,0,0,0,1127
11/24/2016,MIA,FL,ASO,ES,Combined TRACON& Tower with Radar,900,70,11,2,983,1,0,3,0,4,901,70,14,2,987,0,0,0,987
11/25/2016,MIA,FL,ASO,ES,Combined TRACON& Tower with Radar,933,94,24,0,1051,1,0,6,0,7,934,94,30,0,1058,0,0,0,1058
11/26/2016,MIA,FL,ASO,ES,Combined TRACON& Tower with Radar,1002,99,26,0,1127,5,0,13,2,20,1007,99,39,2,1147,0,0,0,1147
11/27/2016,MIA,FL,ASO,ES,Combined TRACON& Tower with Radar,977,113,57,0,1147,6,0,9,0,15,983,113,66,0,1162,0,0,0,1162
11/28/2016,MIA,FL,ASO,ES,Combined TRACON& Tower with Radar,953,114,47,2,1116,3,4,10,2,19,956,118,57,4,1135,0,0,0,1135
11/29/2016,MIA,FL,ASO,ES,Combined TRACON& Tower with Radar,954,117,47,3,1121,1,1,8,0,10,955,118,55,3,1131,0,0,0,1131
11/30/2016,MIA,FL,ASO,ES,Combined TRACON& Tower with Radar,967,159,67,3,1196,4,2,15,0,21,971,161,82,3,1217,0,0,0,1217
12/01/2016,MIA,FL,ASO,ES,Combined TRACON& Tower with Radar,1018,147,81,1,1247,8,2,13,0,23,1026,149,94,1,1270,0,0,0,1270
12/02/2016,MIA,FL,ASO,ES,Combined TRACON& Tower with Radar,1026,158,89,4,1277,2,1,6,0,9,1028,159,95,4,1286,0,0,0,1286
12/03/2016,MIA,FL,ASO,ES,Combined TRACON& Tower with Radar,1008,74,45,3,1130,0,0,4,0,4,1008,74,49,3,1134,0,0,0,1134
12/04/2016,MIA,FL,ASO,ES,Combined TRACON& Tower with Radar,977,120,46,0,1143,6,1,4,0,11,983,121,50,0,1154,0,0,0,1154
12/05/2016,MIA,FL,ASO,ES,Combined TRACON& Tower with Radar,947,116,28,4,1095,3,0,10,1,14,950,116,38,5,1109,0,0,0,1109
12/06/2016,MIA,FL,ASO,ES,Combined TRACON& Tower with Radar,960,108,37,3,1108,1,0,5,0,6,961,108,42,3,1114,0,0,0,1114
12/07/2016,MIA,FL,ASO,ES,Combined TRACON& Tower with Radar,985,110,45,2,1142,0,0,7,0,7,985,110,52,2,1149,0,0,0,1149
12/08/2016,MIA,FL,ASO,ES,Combined TRACON& Tower with Radar,1050,109,53,2,1214,3,0,5,0,8,1053,109,58,2,1222,0,0,0,1222
12/09/2016,MIA,FL,ASO,ES,Combined TRACON& Tower with Radar,1019,114,38,5,1176,2,0,11,0,13,1021,114,49,5,1189,0,0,0,1189
12/10/2016,MIA,FL,ASO,ES,Combined TRACON& Tower with Radar,1012,73,35,2,1122,5,1,2,0,8,1017,74,37,2,1130,0,0,0,1130
12/11/2016,MIA,FL,ASO,ES,Combined TRACON& Tower with Radar,976,90,46,0,1112,4,0,2,0,6,980,90,48,0,1118,0,0,0,1118
12/12/2016,MIA,FL,ASO,ES,Combined TRACON& Tower with Radar,971,94,42,4,1111,6,0,15,0,21,977,94,57,4,1132,0,0,0,1132
12/13/2016,MIA,FL,ASO,ES,Combined TRACON& Tower with Radar,980,94,38,3,1115,2,7,13,0,22,982,101,51,3,1137,0,0,0,1137
12/14/2016,MIA,FL,ASO,ES,Combined TRACON& Tower with Radar,981,104,34,7,1126,1,1,18,2,22,982,105,52,9,1148,0,0,0,1148
12/15/2016,MIA,FL,ASO,ES,Combined TRACON& Tower with Radar,1114,90,51,2,1257,0,3,8,1,12,1114,93,59,3,1269,0,0,0,1269
12/16/2016,MIA,FL,ASO,ES,Combined TRACON& Tower with Radar,1118,103,44,5,1270,3,5,13,1,22,1121,108,57,6,1292,0,0,0,1292
12/17/2016,MIA,FL,ASO,ES,Combined TRACON& Tower with Radar,1090,86,27,2,1205,4,1,3,1,9,1094,87,30,3,1214,0,0,0,1214
12/18/2016,MIA,FL,ASO,ES,Combined TRACON& Tower with Radar,1091,95,37,1,1224,3,2,4,0,9,1094,97,41,1,1233,0,0,0,1233
12/19/2016,MIA,FL,ASO,ES,Combined TRACON& Tower with Radar,1092,106,45,3,1246,3,0,8,0,11,1095,106,53,3,1257,0,0,0,1257
12/20/2016,MIA,FL,ASO,ES,Combined TRACON& Tower with Radar,1108,98,57,1,1264,2,0,12,0,14,1110,98,69,1,1278,0,0,0,1278
12/21/2016,MIA,FL,ASO,ES,Combined TRACON& Tower with Radar,1130,97,41,2,1270,2,0,9,0,11,1132,97,50,2,1281,0,0,0,1281
12/22/2016,MIA,FL,ASO,ES,Combined TRACON& Tower with Radar,1171,106,40,4,1321,7,4,11,2,24,1178,110,51,6,1345,0,0,0,1345
12/23/2016,MIA,FL,ASO,ES,Combined TRACON& Tower with Radar,1130,116,33,0,1279,5,1,9,2,17,1135,117,42,2,1296,0,0,0,1296
12/24/2016,MIA,FL,ASO,ES,Combined TRACON& Tower with Radar,1109,55,20,0,1184,8,0,8,1,17,1117,55,28,1,1201,0,0,0,1201
12/25/2016,MIA,FL,ASO,ES,Combined TRACON& Tower with Radar,983,64,18,0,1065,1,0,4,0,5,984,64,22,0,1070,0,0,0,1070
12/26/2016,MIA,FL,ASO,ES,Combined TRACON& Tower with Radar,1032,95,64,1,1192,0,3,9,0,12,1032,98,73,1,1204,0,0,0,1204
12/27/2016,MIA,FL,ASO,ES,Combined TRACON& Tower with Radar,1081,108,62,1,1252,3,1,12,0,16,1084,109,74,1,1268,0,0,0,1268
12/28/2016,MIA,FL,ASO,ES,Combined TRACON& Tower with Radar,1139,109,54,2,1304,4,0,8,0,12,1143,109,62,2,1316,0,0,0,1316
12/29/2016,MIA,FL,ASO,ES,Combined TRACON& Tower with Radar,1149,95,38,5,1287,4,0,13,0,17,1153,95,51,5,1304,0,0,0,1304
12/30/2016,MIA,FL,ASO,ES,Combined TRACON& Tower with Radar,1141,99,46,0,1286,1,1,6,0,8,1142,100,52,0,1294,0,0,0,1294
12/31/2016,MIA,FL,ASO,ES,Combined TRACON& Tower with Radar,1070,71,24,0,1165,5,1,4,0,10,1075,72,28,0,1175,0,0,0,1175
01/01/2017,MIA,FL,ASO,ES,Combined TRACON& Tower with Radar,1023,85,38,0,1146,3,5,5,0,13,1026,90,43,0,1159,0,0,0,1159
01/02/2017,MIA,FL,ASO,ES,Combined TRACON& Tower with Radar,1035,112,72,1,1220,10,1,16,0,27,1045,113,88,1,1247,0,0,0,1247
01/03/2017,MIA,FL,ASO,ES,Combined TRACON& Tower with Radar,1067,104,63,7,1241,3,0,6,0,9,1070,104,69,7,1250,0,0,0,1250
01/04/2017,MIA,FL,ASO,ES,Combined TRACON& Tower with Radar,1111,94,38,3,1246,2,1,4,0,7,1113,95,42,3,1253,0,0,0,1253
01/05/2017,MIA,FL,ASO,ES,Combined TRACON& Tower with Radar,1110,91,46,4,1251,2,0,18,0,20,1112,91,64,4,1271,0,0,0,1271
01/06/2017,MIA,FL,ASO,ES,Combined TRACON& Tower with Radar,1129,94,52,0,1275,3,0,15,2,20,1132,94,67,2,1295,0,0,0,1295
01/07/2017,MIA,FL,ASO,ES,Combined TRACON& Tower with Radar,1073,81,50,2,1206,3,3,4,0,10,1076,84,54,2,1216,0,0,0,1216
01/08/2017,MIA,FL,ASO,ES,Combined TRACON& Tower with Radar,1074,91,50,6,1221,3,0,6,0,9,1077,91,56,6,1230,0,0,0,1230
01/09/2017,MIA,FL,ASO,ES,Combined TRACON& Tower with Radar,984,99,44,3,1130,6,1,15,0,22,990,100,59,3,1152,0,0,0,1152
01/10/2017,MIA,FL,ASO,ES,Combined TRACON& Tower with Radar,974,120,39,1,1134,1,0,19,0,20,975,120,58,1,1154,0,0,0,1154
01/11/2017,MIA,FL,ASO,ES,Combined TRACON& Tower with Radar,977,115,57,4,1153,7,0,10,0,17,984,115,67,4,1170,0,0,0,1170
01/12/2017,MIA,FL,ASO,ES,Combined TRACON& Tower with Radar,1026,113,39,2,1180,4,2,14,1,21,1030,115,53,3,1201,0,0,0,1201
01/13/2017,MIA,FL,ASO,ES,Combined TRACON& Tower with Radar,1029,138,61,7,1235,3,0,10,0,13,1032,138,71,7,1248,0,0,0,1248
01/14/2017,MIA,FL,ASO,ES,Combined TRACON& Tower with Radar,1011,72,27,6,1116,3,0,6,0,9,1014,72,33,6,1125,0,0,0,1125
01/15/2017,MIA,FL,ASO,ES,Combined TRACON& Tower with Radar,992,87,29,3,1111,3,0,6,0,9,995,87,35,3,1120,0,0,0,1120
01/16/2017,MIA,FL,ASO,ES,Combined TRACON& Tower with Radar,962,138,51,2,1153,1,0,7,0,8,963,138,58,2,1161,0,0,0,1161
01/17/2017,MIA,FL,ASO,ES,Combined TRACON& Tower with Radar,960,120,45,8,1133,2,0,2,1,5,962,120,47,9,1138,0,0,0,1138
01/18/2017,MIA,FL,ASO,ES,Combined TRACON& Tower with Radar,987,108,59,7,1161,0,1,17,2,20,987,109,76,9,1181,0,0,0,1181
01/19/2017,MIA,FL,ASO,ES,Combined TRACON& Tower with Radar,1009,100,66,3,1178,3,2,15,0,20,1012,102,81,3,1198,0,0,0,1198
01/20/2017,MIA,FL,ASO,ES,Combined TRACON& Tower with Radar,1018,124,37,3,1182,2,0,17,0,19,1020,124,54,3,1201,0,0,0,1201
01/21/2017,MIA,FL,ASO,ES,Combined TRACON& Tower with Radar,1041,78,26,3,1148,2,0,5,0,7,1043,78,31,3,1155,0,0,0,1155
01/22/2017,MIA,FL,ASO,ES,Combined TRACON& Tower with Radar,985,77,38,4,1104,5,0,8,0,13,990,77,46,4,1117,0,0,0,1117
01/23/2017,MIA,FL,ASO,ES,Combined TRACON& Tower with Radar,977,109,58,9,1153,5,2,2,0,9,982,111,60,9,1162,0,0,0,1162
01/24/2017,MIA,FL,ASO,ES,Combined TRACON& Tower with Radar,965,110,54,2,1131,2,4,16,1,23,967,114,70,3,1154,0,0,0,1154
01/25/2017,MIA,FL,ASO,ES,Combined TRACON& Tower with Radar,995,109,44,3,1151,5,0,14,0,19,1000,109,58,3,1170,0,0,0,1170
01/26/2017,MIA,FL,ASO,ES,Combined TRACON& Tower with Radar,1016,119,58,7,1200,5,0,8,1,14,1021,119,66,8,1214,0,0,0,1214
01/27/2017,MIA,FL,ASO,ES,Combined TRACON& Tower with Radar,1037,118,46,9,1210,3,1,11,0,15,1040,119,57,9,1225,0,0,0,1225
01/28/2017,MIA,FL,ASO,ES,Combined TRACON& Tower with Radar,1041,76,12,2,1131,9,2,7,2,20,1050,78,19,4,1151,0,0,0,1151
01/29/2017,MIA,FL,ASO,ES,Combined TRACON& Tower with Radar,1000,98,35,4,1137,4,0,0,0,4,1004,98,35,4,1141,0,0,0,1141
01/30/2017,MIA,FL,ASO,ES,Combined TRACON& Tower with Radar,993,107,44,4,1148,2,7,8,0,17,995,114,52,4,1165,0,0,0,1165
01/31/2017,MIA,FL,ASO,ES,Combined TRACON& Tower with Radar,984,106,46,4,1140,3,0,10,1,14,987,106,56,5,1154,0,0,0,1154
02/01/2017,MIA,FL,ASO,ES,Combined TRACON& Tower with Radar,1020,111,38,7,1176,1,2,13,0,16,1021,113,51,7,1192,0,0,0,1192
02/02/2017,MIA,FL,ASO,ES,Combined TRACON& Tower with Radar,1031,131,33,3,1198,7,0,19,1,27,1038,131,52,4,1225,0,0,0,1225
02/03/2017,MIA,FL,ASO,ES,Combined TRACON& Tower with Radar,1026,124,46,4,1200,2,2,20,0,24,1028,126,66,4,1224,0,0,0,1224
02/04/2017,MIA,FL,ASO,ES,Combined TRACON& Tower with Radar,1043,81,27,2,1153,7,0,7,0,14,1050,81,34,2,1167,0,0,0,1167
02/05/2017,MIA,FL,ASO,ES,Combined TRACON& Tower with Radar,1000,81,49,2,1132,3,0,9,0,12,1003,81,58,2,1144,0,0,0,1144
02/06/2017,MIA,FL,ASO,ES,Combined TRACON& Tower with Radar,956,104,57,5,1122,4,1,8,0,13,960,105,65,5,1135,0,0,0,1135
02/07/2017,MIA,FL,ASO,ES,Combined TRACON& Tower with Radar,953,119,46,3,1121,2,1,7,1,11,955,120,53,4,1132,0,0,0,1132
02/08/2017,MIA,FL,ASO,ES,Combined TRACON& Tower with Radar,949,125,105,6,1185,8,2,11,0,21,957,127,116,6,1206,0,0,0,1206
02/09/2017,MIA,FL,ASO,ES,Combined TRACON& Tower with Radar,922,121,64,8,1115,3,0,14,1,18,925,121,78,9,1133,0,0,0,1133
02/10/2017,MIA,FL,ASO,ES,Combined TRACON& Tower with Radar,1007,143,92,3,1245,2,0,24,0,26,1009,143,116,3,1271,0,0,0,1271
02/11/2017,MIA,FL,ASO,ES,Combined TRACON& Tower with Radar,1015,91,35,2,1143,8,0,7,0,15,1023,91,42,2,1158,0,0,0,1158
02/12/2017,MIA,FL,ASO,ES,Combined TRACON& Tower with Radar,973,83,42,1,1099,3,1,5,0,9,976,84,47,1,1108,0,0,0,1108
02/13/2017,MIA,FL,ASO,ES,Combined TRACON& Tower with Radar,939,105,37,3,1084,4,2,12,0,18,943,107,49,3,1102,0,0,0,1102
02/14/2017,MIA,FL,ASO,ES,Combined TRACON& Tower with Radar,935,128,49,0,1112,4,3,7,0,14,939,131,56,0,1126,0,0,0,1126
02/15/2017,MIA,FL,ASO,ES,Combined TRACON& Tower with Radar,953,128,54,3,1138,12,2,21,1,36,965,130,75,4,1174,0,0,0,1174
02/16/2017,MIA,FL,ASO,ES,Combined TRACON& Tower with Radar,1047,114,69,2,1232,4,6,17,0,27,1051,120,86,2,1259,0,0,0,1259
02/17/2017,MIA,FL,ASO,ES,Combined TRACON& Tower with Radar,1035,143,102,10,1290,1,1,28,0,30,1036,144,130,10,1320,0,0,0,1320
02/18/2017,MIA,FL,ASO,ES,Combined TRACON& Tower with Radar,1017,67,51,1,1136,8,0,9,2,19,1025,67,60,3,1155,0,0,0,1155
02/19/2017,MIA,FL,ASO,ES,Combined TRACON& Tower with Radar,994,79,45,1,1119,7,2,9,1,19,1001,81,54,2,1138,0,0,0,1138
02/20/2017,MIA,FL,ASO,ES,Combined TRACON& Tower with Radar,992,112,65,6,1175,9,0,14,1,24,1001,112,79,7,1199,0,0,0,1199
02/21/2017,MIA,FL,ASO,ES,Combined TRACON& Tower with Radar,993,115,56,10,1174,3,2,15,0,20,996,117,71,10,1194,0,0,0,1194
02/22/2017,MIA,FL,ASO,ES,Combined TRACON& Tower with Radar,1015,112,82,3,1212,4,4,3,0,11,1019,116,85,3,1223,0,0,0,1223
02/23/2017,MIA,FL,ASO,ES,Combined TRACON& Tower with Radar,1041,110,74,4,1229,3,5,14,0,22,1044,115,88,4,1251,0,0,0,1251
02/24/2017,MIA,FL,ASO,ES,Combined TRACON& Tower with Radar,1036,111,49,3,1199,4,1,13,0,18,1040,112,62,3,1217,0,0,0,1217
02/25/2017,MIA,FL,ASO,ES,Combined TRACON& Tower with Radar,1043,61,40,5,1149,7,0,12,0,19,1050,61,52,5,1168,0,0,0,1168
02/26/2017,MIA,FL,ASO,ES,Combined TRACON& Tower with Radar,1010,88,71,4,1173,0,0,11,0,11,1010,88,82,4,1184,0,0,0,1184
02/27/2017,MIA,FL,ASO,ES,Combined TRACON& Tower with Radar,977,97,47,4,1125,1,6,4,0,11,978,103,51,4,1136,0,0,0,1136
02/28/2017,MIA,FL,ASO,ES,Combined TRACON& Tower with Radar,978,99,43,3,1123,5,2,17,0,24,983,101,60,3,1147,0,0,0,1147
03/01/2017,MIA,FL,ASO,ES,Combined TRACON& Tower with Radar,1007,96,60,6,1169,3,1,16,1,21,1010,97,76,7,1190,0,0,0,1190
03/02/2017,MIA,FL,ASO,ES,Combined TRACON& Tower with Radar,1042,95,53,5,1195,1,0,10,1,12,1043,95,63,6,1207,0,0,0,1207
03/03/2017,MIA,FL,ASO,ES,Combined TRACON& Tower with Radar,1026,93,53,8,1180,0,2,17,0,19,1026,95,70,8,1199,0,0,0,1199
03/04/2017,MIA,FL,ASO,ES,Combined TRACON& Tower with Radar,1047,63,31,3,1144,2,0,6,0,8,1049,63,37,3,1152,0,0,0,1152
03/05/2017,MIA,FL,ASO,ES,Combined TRACON& Tower with Radar,1005,72,44,3,1124,5,1,6,0,12,1010,73,50,3,1136,0,0,0,1136
03/06/2017,MIA,FL,ASO,ES,Combined TRACON& Tower with Radar,980,85,45,4,1114,3,1,9,0,13,983,86,54,4,1127,0,0,0,1127
03/07/2017,MIA,FL,ASO,ES,Combined TRACON& Tower with Radar,980,97,44,9,1130,1,2,9,0,12,981,99,53,9,1142,0,0,0,1142
03/08/2017,MIA,FL,ASO,ES,Combined TRACON& Tower with Radar,1001,83,56,2,1142,3,0,16,2,21,1004,83,72,4,1163,0,0,0,1163
03/09/2017,MIA,FL,ASO,ES,Combined TRACON& Tower with Radar,1046,111,53,2,1212,5,0,18,1,24,1051,111,71,3,1236,0,0,0,1236
03/10/2017,MIA,FL,ASO,ES,Combined TRACON& Tower with Radar,1023,108,46,5,1182,1,2,16,0,19,1024,110,62,5,1201,0,0,0,1201
03/11/2017,MIA,FL,ASO,ES,Combined TRACON& Tower with Radar,1060,59,61,2,1182,3,0,6,0,9,1063,59,67,2,1191,0,0,0,1191
03/12/2017,MIA,FL,ASO,ES,Combined TRACON& Tower with Radar,1021,103,56,0,1180,9,0,9,0,18,1030,103,65,0,1198,0,0,0,1198
03/13/2017,MIA,FL,ASO,ES,Combined TRACON& Tower with Radar,966,115,50,4,1135,5,1,8,0,14,971,116,58,4,1149,0,0,0,1149
03/14/2017,MIA,FL,ASO,ES,Combined TRACON& Tower with Radar,897,109,58,3,1067,0,0,18,0,18,897,109,76,3,1085,0,0,0,1085
03/15/2017,MIA,FL,ASO,ES,Combined TRACON& Tower with Radar,980,98,54,0,1132,0,2,16,0,18,980,100,70,0,1150,0,0,0,1150
03/16/2017,MIA,FL,ASO,ES,Combined TRACON& Tower with Radar,1046,97,53,3,1199,9,2,11,0,22,1055,99,64,3,1221,0,0,0,1221
03/17/2017,MIA,FL,ASO,ES,Combined TRACON& Tower with Radar,1034,118,59,11,1222,4,0,10,0,14,1038,118,69,11,1236,0,0,0,1236
03/18/2017,MIA,FL,ASO,ES,Combined TRACON& Tower with Radar,1045,76,47,1,1169,0,0,11,0,11,1045,76,58,1,1180,0,0,0,1180
03/19/2017,MIA,FL,ASO,ES,Combined TRACON& Tower with Radar,1024,81,61,2,1168,4,0,14,0,18,1028,81,75,2,1186,0,0,0,1186
03/20/2017,MIA,FL,ASO,ES,Combined TRACON& Tower with Radar,984,111,52,4,1151,6,0,8,0,14,990,111,60,4,1165,0,0,0,1165
03/21/2017,MIA,FL,ASO,ES,Combined TRACON& Tower with Radar,987,98,30,2,1117,3,3,6,0,12,990,101,36,2,1129,0,0,0,1129
03/22/2017,MIA,FL,ASO,ES,Combined TRACON& Tower with Radar,1006,95,40,2,1143,0,0,10,0,10,1006,95,50,2,1153,0,0,0,1153
03/23/2017,MIA,FL,ASO,ES,Combined TRACON& Tower with Radar,1036,97,52,3,1188,3,3,15,0,21,1039,100,67,3,1209,0,0,0,1209
03/24/2017,MIA,FL,ASO,ES,Combined TRACON& Tower with Radar,1033,113,51,4,1201,2,1,22,1,26,1035,114,73,5,1227,0,0,0,1227
03/25/2017,MIA,FL,ASO,ES,Combined TRACON& Tower with Radar,1031,70,39,3,1143,4,2,6,0,12,1035,72,45,3,1155,0,0,0,1155
03/26/2017,MIA,FL,ASO,ES,Combined TRACON& Tower with Radar,1025,100,58,3,1186,0,2,10,0,12,1025,102,68,3,1198,0,0,0,1198
03/27/2017,MIA,FL,ASO,ES,Combined TRACON& Tower with Radar,986,97,56,2,1141,5,0,7,0,12,991,97,63,2,1153,0,0,0,1153
03/28/2017,MIA,FL,ASO,ES,Combined TRACON& Tower with Radar,981,87,37,3,1108,6,1,7,0,14,987,88,44,3,1122,0,0,0,1122
03/29/2017,MIA,FL,ASO,ES,Combined TRACON& Tower with Radar,995,99,55,1,1150,2,2,24,0,28,997,101,79,1,1178,0,0,0,1178
03/30/2017,MIA,FL,ASO,ES,Combined TRACON& Tower with Radar,1026,111,52,5,1194,3,9,19,1,32,1029,120,71,6,1226,0,0,0,1226
03/31/2017,MIA,FL,ASO,ES,Combined TRACON& Tower with Radar,1026,95,54,6,1181,2,1,8,0,11,1028,96,62,6,1192,0,0,0,1192
04/01/2017,MIA,FL,ASO,ES,Combined TRACON& Tower with Radar,1029,68,44,4,1145,4,3,12,0,19,1033,71,56,4,1164,0,0,0,1164
04/02/2017,MIA,FL,ASO,ES,Combined TRACON& Tower with Radar,1029,85,49,4,1167,2,1,9,0,12,1031,86,58,4,1179,0,0,0,1179
04/03/2017,MIA,FL,ASO,ES,Combined TRACON& Tower with Radar,994,84,36,1,1115,1,0,11,0,12,995,84,47,1,1127,0,0,0,1127
04/04/2017,MIA,FL,ASO,ES,Combined TRACON& Tower with Radar,993,99,36,3,1131,2,1,6,0,9,995,100,42,3,1140,0,0,0,1140
04/05/2017,MIA,FL,ASO,ES,Combined TRACON& Tower with Radar,962,102,37,2,1103,4,1,20,0,25,966,103,57,2,1128,0,0,0,1128
04/06/2017,MIA,FL,ASO,ES,Combined TRACON& Tower with Radar,998,119,59,6,1182,0,0,15,0,15,998,119,74,6,1197,0,0,0,1197
04/07/2017,MIA,FL,ASO,ES,Combined TRACON& Tower with Radar,1012,145,61,4,1222,4,2,14,0,20,1016,147,75,4,1242,0,0,0,1242
04/08/2017,MIA,FL,ASO,ES,Combined TRACON& Tower with Radar,1045,105,46,2,1198,3,0,8,0,11,1048,105,54,2,1209,0,0,0,1209
04/09/2017,MIA,FL,ASO,ES,Combined TRACON& Tower with Radar,1025,106,56,2,1189,1,2,14,1,18,1026,108,70,3,1207,0,0,0,1207
04/10/2017,MIA,FL,ASO,ES,Combined TRACON& Tower with Radar,972,112,52,2,1138,6,2,12,0,20,978,114,64,2,1158,0,0,0,1158
04/11/2017,MIA,FL,ASO,ES,Combined TRACON& Tower with Radar,1010,127,37,0,1174,2,0,10,0,12,1012,127,47,0,1186,0,0,0,1186
04/12/2017,MIA,FL,ASO,ES,Combined TRACON& Tower with Radar,994,109,41,7,1151,1,0,9,0,10,995,109,50,7,1161,0,0,0,1161
04/13/2017,MIA,FL,ASO,ES,Combined TRACON& Tower with Radar,1022,126,49,6,1203,2,0,17,1,20,1024,126,66,7,1223,0,0,0,1223
04/14/2017,MIA,FL,ASO,ES,Combined TRACON& Tower with Radar,996,90,46,1,1133,0,0,14,2,16,996,90,60,3,1149,0,0,0,1149
04/15/2017,MIA,FL,ASO,ES,Combined TRACON& Tower with Radar,1029,91,37,1,1158,3,1,14,0,18,1032,92,51,1,1176,0,0,0,1176
04/16/2017,MIA,FL,ASO,ES,Combined TRACON& Tower with Radar,997,124,39,4,1164,4,0,7,0,11,1001,124,46,4,1175,0,0,0,1175
04/17/2017,MIA,FL,ASO,ES,Combined TRACON& Tower with Radar,981,112,47,4,1144,1,3,10,0,14,982,115,57,4,1158,0,0,0,1158
04/18/2017,MIA,FL,ASO,ES,Combined TRACON& Tower with Radar,996,114,42,9,1161,2,3,7,2,14,998,117,49,11,1175,0,0,0,1175
04/19/2017,MIA,FL,ASO,ES,Combined TRACON& Tower with Radar,1008,108,60,5,1181,4,3,7,0,14,1012,111,67,5,1195,0,0,0,1195
04/20/2017,MIA,FL,ASO,ES,Combined TRACON& Tower with Radar,1039,106,55,1,1201,4,2,10,1,17,1043,108,65,2,1218,0,0,0,1218
04/21/2017,MIA,FL,ASO,ES,Combined TRACON& Tower with Radar,1036,108,45,3,1192,4,0,10,1,15,1040,108,55,4,1207,0,0,0,1207
04/22/2017,MIA,FL,ASO,ES,Combined TRACON& Tower with Radar,1039,94,43,7,1183,2,2,4,0,8,1041,96,47,7,1191,0,0,0,1191
04/23/2017,MIA,FL,ASO,ES,Combined TRACON& Tower with Radar,1004,81,39,6,1130,8,2,3,0,13,1012,83,42,6,1143,0,0,0,1143
04/24/2017,MIA,FL,ASO,ES,Combined TRACON& Tower with Radar,1010,92,46,5,1153,2,3,19,0,24,1012,95,65,5,1177,0,0,0,1177
04/25/2017,MIA,FL,ASO,ES,Combined TRACON& Tower with Radar,995,97,51,2,1145,3,2,12,0,17,998,99,63,2,1162,0,0,0,1162
04/26/2017,MIA,FL,ASO,ES,Combined TRACON& Tower with Radar,1018,120,48,4,1190,4,1,19,0,24,1022,121,67,4,1214,0,0,0,1214
04/27/2017,MIA,FL,ASO,ES,Combined TRACON& Tower with Radar,1072,124,30,1,1227,4,4,14,0,22,1076,128,44,1,1249,0,0,0,1249
04/28/2017,MIA,FL,ASO,ES,Combined TRACON& Tower with Radar,1078,91,44,6,1219,1,0,15,0,16,1079,91,59,6,1235,0,0,0,1235
04/29/2017,MIA,FL,ASO,ES,Combined TRACON& Tower with Radar,1064,75,23,0,1162,6,0,5,0,11,1070,75,28,0,1173,0,0,0,1173
04/30/2017,MIA,FL,ASO,ES,Combined TRACON& Tower with Radar,1034,98,34,1,1167,1,1,4,0,6,1035,99,38,1,1173,0,0,0,1173
05/01/2017,MIA,FL,ASO,ES,Combined TRACON& Tower with Radar,1017,89,47,4,1157,2,0,11,0,13,1019,89,58,4,1170,0,0,0,1170
05/02/2017,MIA,FL,ASO,ES,Combined TRACON& Tower with Radar,997,98,42,0,1137,5,0,11,0,16,1002,98,53,0,1153,0,0,0,1153
05/03/2017,MIA,FL,ASO,ES,Combined TRACON& Tower with Radar,1011,100,34,1,1146,3,0,27,0,30,1014,100,61,1,1176,0,0,0,1176
05/04/2017,MIA,FL,ASO,ES,Combined TRACON& Tower with Radar,1063,112,33,0,1208,3,0,19,0,22,1066,112,52,0,1230,0,0,0,1230
05/05/2017,MIA,FL,ASO,ES,Combined TRACON& Tower with Radar,1016,96,30,1,1143,2,0,8,0,10,1018,96,38,1,1153,0,0,0,1153
05/06/2017,MIA,FL,ASO,ES,Combined TRACON& Tower with Radar,1020,69,34,4,1127,4,1,11,0,16,1024,70,45,4,1143,0,0,0,1143
05/07/2017,MIA,FL,ASO,ES,Combined TRACON& Tower with Radar,993,95,51,2,1141,2,0,8,0,10,995,95,59,2,1151,0,0,0,1151
05/08/2017,MIA,FL,ASO,ES,Combined TRACON& Tower with Radar,975,98,32,10,1115,7,2,1,0,10,982,100,33,10,1125,0,0,0,1125
05/09/2017,MIA,FL,ASO,ES,Combined TRACON& Tower with Radar,968,99,48,3,1118,6,0,8,0,14,974,99,56,3,1132,0,0,0,1132
05/10/2017,MIA,FL,ASO,ES,Combined TRACON& Tower with Radar,989,108,36,4,1137,2,3,18,0,23,991,111,54,4,1160,0,0,0,1160
05/11/2017,MIA,FL,ASO,ES,Combined TRACON& Tower with Radar,1011,101,41,4,1157,2,0,15,0,17,1013,101,56,4,1174,0,0,0,1174
05/12/2017,MIA,FL,ASO,ES,Combined TRACON& Tower with Radar,999,114,52,5,1170,7,2,9,0,18,1006,116,61,5,1188,0,0,0,1188
05/13/2017,MIA,FL,ASO,ES,Combined TRACON& Tower with Radar,1011,70,23,2,1106,6,0,6,0,12,1017,70,29,2,1118,0,0,0,1118
05/14/2017,MIA,FL,ASO,ES,Combined TRACON& Tower with Radar,966,84,32,0,1082,1,0,9,0,10,967,84,41,0,1092,0,0,0,1092
05/15/2017,MIA,FL,ASO,ES,Combined TRACON& Tower with Radar,952,87,38,4,1081,4,3,11,0,18,956,90,49,4,1099,0,0,0,1099
05/16/2017,MIA,FL,ASO,ES,Combined TRACON& Tower with Radar,954,99,34,1,1088,2,1,6,0,9,956,100,40,1,1097,0,0,0,1097
05/17/2017,MIA,FL,ASO,ES,Combined TRACON& Tower with Radar,973,92,40,4,1109,0,4,35,0,39,973,96,75,4,1148,0,0,0,1148
05/18/2017,MIA,FL,ASO,ES,Combined TRACON& Tower with Radar,1018,94,51,4,1167,2,2,4,0,8,1020,96,55,4,1175,0,0,0,1175
05/19/2017,MIA,FL,ASO,ES,Combined TRACON& Tower with Radar,990,105,45,3,1143,3,4,7,0,14,993,109,52,3,1157,0,0,0,1157
05/20/2017,MIA,FL,ASO,ES,Combined TRACON& Tower with Radar,1001,69,9,1,1080,4,0,8,0,12,1005,69,17,1,1092,0,0,0,1092
05/21/2017,MIA,FL,ASO,ES,Combined TRACON& Tower with Radar,982,83,32,3,1100,3,1,9,0,13,985,84,41,3,1113,0,0,0,1113
05/22/2017,MIA,FL,ASO,ES,Combined TRACON& Tower with Radar,964,90,39,2,1095,4,0,18,0,22,968,90,57,2,1117,0,0,0,1117
05/23/2017,MIA,FL,ASO,ES,Combined TRACON& Tower with Radar,956,95,27,0,1078,5,0,15,0,20,961,95,42,0,1098,0,0,0,1098
05/24/2017,MIA,FL,ASO,ES,Combined TRACON& Tower with Radar,945,80,39,1,1065,2,0,33,0,35,947,80,72,1,1100,0,0,0,1100
05/25/2017,MIA,FL,ASO,ES,Combined TRACON& Tower with Radar,993,103,44,3,1143,6,1,5,0,12,999,104,49,3,1155,0,0,0,1155
05/26/2017,MIA,FL,ASO,ES,Combined TRACON& Tower with Radar,1009,100,40,0,1149,4,1,13,0,18,1013,101,53,0,1167,0,0,0,1167
05/27/2017,MIA,FL,ASO,ES,Combined TRACON& Tower with Radar,988,68,20,0,1076,1,0,2,1,4,989,68,22,1,1080,0,0,0,1080
05/28/2017,MIA,FL,ASO,ES,Combined TRACON& Tower with Radar,945,64,16,0,1025,4,0,6,0,10,949,64,22,0,1035,0,0,0,1035
05/29/2017,MIA,FL,ASO,ES,Combined TRACON& Tower with Radar,924,101,42,1,1068,7,0,7,0,14,931,101,49,1,1082,0,0,0,1082
05/30/2017,MIA,FL,ASO,ES,Combined TRACON& Tower with Radar,935,104,30,2,1071,3,0,8,0,11,938,104,38,2,1082,0,0,0,1082
05/31/2017,MIA,FL,ASO,ES,Combined TRACON& Tower with Radar,991,104,30,8,1133,0,2,13,0,15,991,106,43,8,1148,0,0,0,1148
06/01/2017,MIA,FL,ASO,ES,Combined TRACON& Tower with Radar,998,90,26,3,1117,3,0,15,2,20,1001,90,41,5,1137,0,0,0,1137
06/02/2017,MIA,FL,ASO,ES,Combined TRACON& Tower with Radar,977,94,22,5,1098,1,0,3,0,4,978,94,25,5,1102,0,0,0,1102
06/03/2017,MIA,FL,ASO,ES,Combined TRACON& Tower with Radar,1005,71,18,5,1099,3,0,7,0,10,1008,71,25,5,1109,0,0,0,1109
06/04/2017,MIA,FL,ASO,ES,Combined TRACON& Tower with Radar,961,70,25,1,1057,2,0,4,0,6,963,70,29,1,1063,0,0,0,1063
06/05/2017,MIA,FL,ASO,ES,Combined TRACON& Tower with Radar,975,87,37,5,1104,1,2,3,0,6,976,89,40,5,1110,0,0,0,1110
06/06/2017,MIA,FL,ASO,ES,Combined TRACON& Tower with Radar,878,64,17,3,962,3,1,6,0,10,881,65,23,3,972,0,0,0,972
06/07/2017,MIA,FL,ASO,ES,Combined TRACON& Tower with Radar,931,57,24,1,1013,3,0,3,0,6,934,57,27,1,1019,0,0,0,1019
06/08/2017,MIA,FL,ASO,ES,Combined TRACON& Tower with Radar,978,102,51,2,1133,8,0,6,0,14,986,102,57,2,1147,0,0,0,1147
06/09/2017,MIA,FL,ASO,ES,Combined TRACON& Tower with Radar,996,97,27,2,1122,2,3,6,0,11,998,100,33,2,1133,0,0,0,1133
06/10/2017,MIA,FL,ASO,ES,Combined TRACON& Tower with Radar,1033,63,13,0,1109,4,0,3,0,7,1037,63,16,0,1116,0,0,0,1116
06/11/2017,MIA,FL,ASO,ES,Combined TRACON& Tower with Radar,980,78,29,2,1089,2,0,7,0,9,982,78,36,2,1098,0,0,0,1098
06/12/2017,MIA,FL,ASO,ES,Combined TRACON& Tower with Radar,950,92,33,4,1079,7,0,5,0,12,957,92,38,4,1091,0,0,0,1091
06/13/2017,MIA,FL,ASO,ES,Combined TRACON& Tower with Radar,962,105,39,4,1110,4,1,7,0,12,966,106,46,4,1122,0,0,0,1122
06/14/2017,MIA,FL,ASO,ES,Combined TRACON& Tower with Radar,984,91,39,10,1124,2,0,11,0,13,986,91,50,10,1137,0,0,0,1137
06/15/2017,MIA,FL,ASO,ES,Combined TRACON& Tower with Radar,1016,96,33,10,1155,1,0,9,0,10,1017,96,42,10,1165,0,0,0,1165
06/16/2017,MIA,FL,ASO,ES,Combined TRACON& Tower with Radar,1007,100,28,9,1144,6,2,7,0,15,1013,102,35,9,1159,0,0,0,1159
06/17/2017,MIA,FL,ASO,ES,Combined TRACON& Tower with Radar,1031,70,14,2,1117,6,0,8,0,14,1037,70,22,2,1131,0,0,0,1131
06/18/2017,MIA,FL,ASO,ES,Combined TRACON& Tower with Radar,970,82,18,3,1073,4,3,6,0,13,974,85,24,3,1086,0,0,0,1086
06/19/2017,MIA,FL,ASO,ES,Combined TRACON& Tower with Radar,938,83,16,1,1038,1,0,12,0,13,939,83,28,1,1051,0,0,0,1051
06/20/2017,MIA,FL,ASO,ES,Combined TRACON& Tower with Radar,972,95,38,2,1107,4,0,15,0,19,976,95,53,2,1126,0,0,0,1126
06/21/2017,MIA,FL,ASO,ES,Combined TRACON& Tower with Radar,984,93,18,2,1097,3,0,15,0,18,987,93,33,2,1115,0,0,0,1115
06/22/2017,MIA,FL,ASO,ES,Combined TRACON& Tower with Radar,1028,99,25,4,1156,5,2,10,0,17,1033,101,35,4,1173,0,0,0,1173
06/23/2017,MIA,FL,ASO,ES,Combined TRACON& Tower with Radar,1003,98,33,0,1134,1,0,13,0,14,1004,98,46,0,1148,0,0,0,1148
06/24/2017,MIA,FL,ASO,ES,Combined TRACON& Tower with Radar,1034,60,15,0,1109,1,0,9,0,10,1035,60,24,0,1119,0,0,0,1119
06/25/2017,MIA,FL,ASO,ES,Combined TRACON& Tower with Radar,994,79,38,2,1113,5,1,9,0,15,999,80,47,2,1128,0,0,0,1128
06/26/2017,MIA,FL,ASO,ES,Combined TRACON& Tower with Radar,958,96,30,2,1086,1,3,6,0,10,959,99,36,2,1096,0,0,0,1096
06/27/2017,MIA,FL,ASO,ES,Combined TRACON& Tower with Radar,971,99,28,2,1100,5,0,11,0,16,976,99,39,2,1116,0,0,0,1116
06/28/2017,MIA,FL,ASO,ES,Combined TRACON& Tower with Radar,989,101,43,2,1135,8,4,8,0,20,997,105,51,2,1155,0,0,0,1155
06/29/2017,MIA,FL,ASO,ES,Combined TRACON& Tower with Radar,1024,93,31,2,1150,3,2,10,0,15,1027,95,41,2,1165,0,0,0,1165
06/30/2017,MIA,FL,ASO,ES,Combined TRACON& Tower with Radar,1017,94,31,1,1143,1,2,12,0,15,1018,96,43,1,1158,0,0,0,1158
07/01/2017,MIA,FL,ASO,ES,Combined TRACON& Tower with Radar,1038,73,20,1,1132,3,0,3,0,6,1041,73,23,1,1138,0,0,0,1138
07/02/2017,MIA,FL,ASO,ES,Combined TRACON& Tower with Radar,1000,66,15,2,1083,2,0,1,0,3,1002,66,16,2,1086,0,0,0,1086
07/03/2017,MIA,FL,ASO,ES,Combined TRACON& Tower with Radar,967,81,10,0,1058,3,0,17,0,20,970,81,27,0,1078,0,0,0,1078
07/04/2017,MIA,FL,ASO,ES,Combined TRACON& Tower with Radar,964,78,9,3,1054,6,2,11,0,19,970,80,20,3,1073,0,0,0,1073
07/05/2017,MIA,FL,ASO,ES,Combined TRACON& Tower with Radar,976,92,23,1,1092,7,2,12,0,21,983,94,35,1,1113,0,0,0,1113
07/06/2017,MIA,FL,ASO,ES,Combined TRACON& Tower with Radar,1025,95,32,4,1156,4,0,8,0,12,1029,95,40,4,1168,0,0,0,1168
07/07/2017,MIA,FL,ASO,ES,Combined TRACON& Tower with Radar,1036,94,35,5,1170,2,0,16,0,18,1038,94,51,5,1188,0,0,0,1188
07/08/2017,MIA,FL,ASO,ES,Combined TRACON& Tower with Radar,1037,72,16,2,1127,3,1,10,0,14,1040,73,26,2,1141,0,0,0,1141
07/09/2017,MIA,FL,ASO,ES,Combined TRACON& Tower with Radar,989,78,43,2,1112,1,0,13,0,14,990,78,56,2,1126,0,0,0,1126
07/10/2017,MIA,FL,ASO,ES,Combined TRACON& Tower with Radar,955,100,50,6,1111,6,1,10,0,17,961,101,60,6,1128,0,0,0,1128
07/11/2017,MIA,FL,ASO,ES,Combined TRACON& Tower with Radar,1020,101,30,2,1153,5,1,15,2,23,1025,102,45,4,1176,0,0,0,1176
07/12/2017,MIA,FL,ASO,ES,Combined TRACON& Tower with Radar,903,86,36,2,1027,4,1,4,2,11,907,87,40,4,1038,0,0,0,1038
07/13/2017,MIA,FL,ASO,ES,Combined TRACON& Tower with Radar,1065,102,34,2,1203,3,2,7,0,12,1068,104,41,2,1215,0,0,0,1215
07/14/2017,MIA,FL,ASO,ES,Combined TRACON& Tower with Radar,1013,106,29,4,1152,6,1,15,0,22,1019,107,44,4,1174,0,0,0,1174
07/15/2017,MIA,FL,ASO,ES,Combined TRACON& Tower with Radar,1024,72,26,1,1123,5,2,4,0,11,1029,74,30,1,1134,0,0,0,1134
07/16/2017,MIA,FL,ASO,ES,Combined TRACON& Tower with Radar,1000,88,22,3,1113,2,0,0,0,2,1002,88,22,3,1115,0,0,0,1115
07/17/2017,MIA,FL,ASO,ES,Combined TRACON& Tower with Radar,955,92,28,5,1080,4,1,13,0,18,959,93,41,5,1098,0,0,0,1098
07/18/2017,MIA,FL,ASO,ES,Combined TRACON& Tower with Radar,997,95,42,2,1136,2,0,16,0,18,999,95,58,2,1154,0,0,0,1154
07/19/2017,MIA,FL,ASO,ES,Combined TRACON& Tower with Radar,1014,95,23,3,1135,2,0,20,0,22,1016,95,43,3,1157,0,0,0,1157
07/20/2017,MIA,FL,ASO,ES,Combined TRACON& Tower with Radar,1028,87,31,2,1148,3,0,13,0,16,1031,87,44,2,1164,0,0,0,1164
07/21/2017,MIA,FL,ASO,ES,Combined TRACON& Tower with Radar,1021,92,22,4,1139,5,1,9,0,15,1026,93,31,4,1154,0,0,0,1154
07/22/2017,MIA,FL,ASO,ES,Combined TRACON& Tower with Radar,1024,84,14,1,1123,8,0,8,0,16,1032,84,22,1,1139,0,0,0,1139
07/23/2017,MIA,FL,ASO,ES,Combined TRACON& Tower with Radar,1000,76,40,1,1117,4,2,4,0,10,1004,78,44,1,1127,0,0,0,1127
07/24/2017,MIA,FL,ASO,ES,Combined TRACON& Tower with Radar,967,112,28,4,1111,8,2,20,1,31,975,114,48,5,1142,0,0,0,1142
07/25/2017,MIA,FL,ASO,ES,Combined TRACON& Tower with Radar,1011,88,32,2,1133,4,1,22,0,27,1015,89,54,2,1160,0,0,0,1160
07/26/2017,MIA,FL,ASO,ES,Combined TRACON& Tower with Radar,998,97,36,4,1135,3,1,11,0,15,1001,98,47,4,1150,0,0,0,1150
07/27/2017,MIA,FL,ASO,ES,Combined TRACON& Tower with Radar,1035,95,37,3,1170,4,0,14,0,18,1039,95,51,3,1188,0,0,0,1188
07/28/2017,MIA,FL,ASO,ES,Combined TRACON& Tower with Radar,1030,99,41,3,1173,6,0,10,0,16,1036,99,51,3,1189,0,0,0,1189
07/29/2017,MIA,FL,ASO,ES,Combined TRACON& Tower with Radar,1054,86,24,2,1166,5,0,6,0,11,1059,86,30,2,1177,0,0,0,1177
07/30/2017,MIA,FL,ASO,ES,Combined TRACON& Tower with Radar,1028,81,32,0,1141,3,0,2,0,5,1031,81,34,0,1146,0,0,0,1146
07/31/2017,MIA,FL,ASO,ES,Combined TRACON& Tower with Radar,976,86,24,0,1086,5,1,6,0,12,981,87,30,0,1098,0,0,0,1098
08/01/2017,MIA,FL,ASO,ES,Combined TRACON& Tower with Radar,1016,93,31,0,1140,2,0,4,1,7,1018,93,35,1,1147,0,0,0,1147
08/02/2017,MIA,FL,ASO,ES,Combined TRACON& Tower with Radar,994,88,30,2,1114,7,0,9,1,17,1001,88,39,3,1131,0,0,0,1131
08/03/2017,MIA,FL,ASO,ES,Combined TRACON& Tower with Radar,1033,99,28,0,1160,4,0,6,1,11,1037,99,34,1,1171,0,0,0,1171
08/04/2017,MIA,FL,ASO,ES,Combined TRACON& Tower with Radar,1017,98,23,1,1139,2,0,9,3,14,1019,98,32,4,1153,0,0,0,1153
08/05/2017,MIA,FL,ASO,ES,Combined TRACON& Tower with Radar,1049,76,11,3,1139,6,0,5,1,12,1055,76,16,4,1151,0,0,0,1151
08/06/2017,MIA,FL,ASO,ES,Combined TRACON& Tower with Radar,996,68,16,3,1083,4,0,3,3,10,1000,68,19,6,1093,0,0,0,1093
08/07/2017,MIA,FL,ASO,ES,Combined TRACON& Tower with Radar,984,85,24,1,1094,2,1,7,0,10,986,86,31,1,1104,0,0,0,1104
08/08/2017,MIA,FL,ASO,ES,Combined TRACON& Tower with Radar,997,96,26,2,1121,10,0,16,0,26,1007,96,42,2,1147,0,0,0,1147
08/09/2017,MIA,FL,ASO,ES,Combined TRACON& Tower with Radar,997,94,32,3,1126,9,0,11,0,20,1006,94,43,3,1146,0,0,0,1146
08/10/2017,MIA,FL,ASO,ES,Combined TRACON& Tower with Radar,1035,114,27,4,1180,7,0,5,0,12,1042,114,32,4,1192,0,0,0,1192
08/11/2017,MIA,FL,ASO,ES,Combined TRACON& Tower with Radar,1030,110,20,1,1161,10,0,6,0,16,1040,110,26,1,1177,0,0,0,1177
08/12/2017,MIA,FL,ASO,ES,Combined TRACON& Tower with Radar,1030,70,16,0,1116,5,0,4,0,9,1035,70,20,0,1125,0,0,0,1125
08/13/2017,MIA,FL,ASO,ES,Combined TRACON& Tower with Radar,996,85,17,2,1100,4,0,4,0,8,1000,85,21,2,1108,0,0,0,1108
08/14/2017,MIA,FL,ASO,ES,Combined TRACON& Tower with Radar,986,104,25,4,1119,3,0,2,0,5,989,104,27,4,1124,0,0,0,1124
08/15/2017,MIA,FL,ASO,ES,Combined TRACON& Tower with Radar,990,96,41,0,1127,6,0,3,0,9,996,96,44,0,1136,0,0,0,1136
08/16/2017,MIA,FL,ASO,ES,Combined TRACON& Tower with Radar,991,102,34,4,1131,11,0,6,0,17,1002,102,40,4,1148,0,0,0,1148
08/17/2017,MIA,FL,ASO,ES,Combined TRACON& Tower with Radar,1012,100,23,4,1139,5,0,10,0,15,1017,100,33,4,1154,0,0,0,1154
08/18/2017,MIA,FL,ASO,ES,Combined TRACON& Tower with Radar,995,99,21,5,1120,6,1,10,0,17,1001,100,31,5,1137,0,0,0,1137
08/19/2017,MIA,FL,ASO,ES,Combined TRACON& Tower with Radar,998,75,12,2,1087,9,0,3,0,12,1007,75,15,2,1099,0,0,0,1099
08/20/2017,MIA,FL,ASO,ES,Combined TRACON& Tower with Radar,977,84,24,1,1086,7,0,4,0,11,984,84,28,1,1097,0,0,0,1097
08/21/2017,MIA,FL,ASO,ES,Combined TRACON& Tower with Radar,959,97,16,0,1072,6,0,17,0,23,965,97,33,0,1095,0,0,0,1095
08/22/2017,MIA,FL,ASO,ES,Combined TRACON& Tower with Radar,927,85,29,2,1043,6,0,18,0,24,933,85,47,2,1067,0,0,0,1067
08/23/2017,MIA,FL,ASO,ES,Combined TRACON& Tower with Radar,934,84,37,4,1059,6,2,18,0,26,940,86,55,4,1085,0,0,0,1085
08/24/2017,MIA,FL,ASO,ES,Combined TRACON& Tower with Radar,950,94,26,2,1072,6,0,4,0,10,956,94,30,2,1082,0,0,0,1082
08/25/2017,MIA,FL,ASO,ES,Combined TRACON& Tower with Radar,968,91,24,2,1085,1,0,7,0,8,969,91,31,2,1093,0,0,0,1093
08/26/2017,MIA,FL,ASO,ES,Combined TRACON& Tower with Radar,905,70,15,0,990,6,0,1,0,7,911,70,16,0,997,0,0,0,997
08/27/2017,MIA,FL,ASO,ES,Combined TRACON& Tower with Radar,908,76,17,1,1002,6,0,2,0,8,914,76,19,1,1010,0,0,0,1010
08/28/2017,MIA,FL,ASO,ES,Combined TRACON& Tower with Radar,901,92,26,2,1021,9,0,14,0,23,910,92,40,2,1044,0,0,0,1044
08/29/2017,MIA,FL,ASO,ES,Combined TRACON& Tower with Radar,897,86,29,4,1016,4,0,28,0,32,901,86,57,4,1048,0,0,0,1048
08/30/2017,MIA,FL,ASO,ES,Combined TRACON& Tower with Radar,894,88,20,1,1003,6,4,17,0,27,900,92,37,1,1030,0,0,0,1030
08/31/2017,MIA,FL,ASO,ES,Combined TRACON& Tower with Radar,933,97,40,2,1072,4,2,7,1,14,937,99,47,3,1086,0,0,0,1086
09/01/2017,MIA,FL,ASO,ES,Combined TRACON& Tower with Radar,911,108,21,2,1042,7,1,7,0,15,918,109,28,2,1057,0,0,0,1057
09/02/2017,MIA,FL,ASO,ES,Combined TRACON& Tower with Radar,915,62,16,1,994,7,0,5,0,12,922,62,21,1,1006,0,0,0,1006
09/03/2017,MIA,FL,ASO,ES,Combined TRACON& Tower with Radar,907,65,16,1,989,2,0,7,0,9,909,65,23,1,998,0,0,0,998
09/04/2017,MIA,FL,ASO,ES,Combined TRACON& Tower with Radar,870,99,44,1,1014,4,0,4,0,8,874,99,48,1,1022,0,0,0,1022
09/05/2017,MIA,FL,ASO,ES,Combined TRACON& Tower with Radar,864,94,36,1,995,4,4,12,0,20,868,98,48,1,1015,0,0,0,1015
09/06/2017,MIA,FL,ASO,ES,Combined TRACON& Tower with Radar,883,146,60,1,1090,3,0,14,0,17,886,146,74,1,1107,0,0,0,1107
09/07/2017,MIA,FL,ASO,ES,Combined TRACON& Tower with Radar,742,195,89,2,1028,2,4,5,0,11,744,199,94,2,1039,0,0,0,1039
09/08/2017,MIA,FL,ASO,ES,Combined TRACON& Tower with Radar,421,152,58,7,638,3,0,2,1,6,424,152,60,8,644,0,0,0,644
09/09/2017,MIA,FL,ASO,ES,Combined TRACON& Tower with Radar,0,0,2,0,2,0,0,0,0,0,0,0,2,0,2,0,0,0,2
09/10/2017,MIA,FL,ASO,ES,Combined TRACON& Tower with Radar,0,0,0,0,0,0,0,0,0,0,0,0,0,0,0,0,0,0,0
09/11/2017,MIA,FL,ASO,ES,Combined TRACON& Tower with Radar,4,0,0,0,4,0,0,8,1,9,4,0,8,1,13,0,0,0,13
09/12/2017,MIA,FL,ASO,ES,Combined TRACON& Tower with Radar,319,28,35,0,382,3,2,19,1,25,322,30,54,1,407,0,0,0,407
09/13/2017,MIA,FL,ASO,ES,Combined TRACON& Tower with Radar,506,100,38,0,644,3,3,29,3,38,509,103,67,3,682,0,0,0,682
09/14/2017,MIA,FL,ASO,ES,Combined TRACON& Tower with Radar,660,98,37,2,797,3,1,16,0,20,663,99,53,2,817,0,0,0,817
09/15/2017,MIA,FL,ASO,ES,Combined TRACON& Tower with Radar,695,87,24,2,808,5,4,17,0,26,700,91,41,2,834,0,0,0,834
09/16/2017,MIA,FL,ASO,ES,Combined TRACON& Tower with Radar,738,83,8,4,833,4,1,21,2,28,742,84,29,6,861,0,0,0,861
09/17/2017,MIA,FL,ASO,ES,Combined TRACON& Tower with Radar,898,88,23,0,1009,7,0,2,0,9,905,88,25,0,1018,0,0,0,1018
09/18/2017,MIA,FL,ASO,ES,Combined TRACON& Tower with Radar,885,91,30,1,1007,4,5,6,0,15,889,96,36,1,1022,0,0,0,1022
09/19/2017,MIA,FL,ASO,ES,Combined TRACON& Tower with Radar,861,99,37,5,1002,8,4,6,0,18,869,103,43,5,1020,0,0,0,1020
09/20/2017,MIA,FL,ASO,ES,Combined TRACON& Tower with Radar,871,91,39,2,1003,4,2,13,0,19,875,93,52,2,1022,0,0,0,1022
09/21/2017,MIA,FL,ASO,ES,Combined TRACON& Tower with Radar,884,81,26,1,992,10,0,8,0,18,894,81,34,1,1010,0,0,0,1010
09/22/2017,MIA,FL,ASO,ES,Combined TRACON& Tower with Radar,945,94,25,3,1067,7,0,4,0,11,952,94,29,3,1078,0,0,0,1078
09/23/2017,MIA,FL,ASO,ES,Combined TRACON& Tower with Radar,890,76,26,9,1001,6,0,7,0,13,896,76,33,9,1014,0,0,0,1014
09/24/2017,MIA,FL,ASO,ES,Combined TRACON& Tower with Radar,900,71,36,6,1013,5,0,6,0,11,905,71,42,6,1024,0,0,0,1024
09/25/2017,MIA,FL,ASO,ES,Combined TRACON& Tower with Radar,889,103,29,7,1028,5,2,9,0,16,894,105,38,7,1044,0,0,0,1044
09/26/2017,MIA,FL,ASO,ES,Combined TRACON& Tower with Radar,869,98,32,7,1006,4,0,12,0,16,873,98,44,7,1022,0,0,0,1022
09/27/2017,MIA,FL,ASO,ES,Combined TRACON& Tower with Radar,895,100,27,2,1024,5,1,15,0,21,900,101,42,2,1045,0,0,0,1045
09/28/2017,MIA,FL,ASO,ES,Combined TRACON& Tower with Radar,934,95,29,4,1062,4,2,25,0,31,938,97,54,4,1093,0,0,0,1093
09/29/2017,MIA,FL,ASO,ES,Combined TRACON& Tower with Radar,929,103,50,6,1088,9,0,3,0,12,938,103,53,6,1100,0,0,0,1100
09/30/2017,MIA,FL,ASO,ES,Combined TRACON& Tower with Radar,886,89,23,10,1008,11,0,0,0,11,897,89,23,10,1019,0,0,0,1019
10/01/2017,MIA,FL,ASO,ES,Combined TRACON& Tower with Radar,895,82,40,4,1021,6,2,3,0,11,901,84,43,4,1032,0,0,0,1032
10/02/2017,MIA,FL,ASO,ES,Combined TRACON& Tower with Radar,927,91,43,6,1067,2,0,13,0,15,929,91,56,6,1082,0,0,0,1082
10/03/2017,MIA,FL,ASO,ES,Combined TRACON& Tower with Radar,886,103,37,2,1028,9,1,5,1,16,895,104,42,3,1044,0,0,0,1044
10/04/2017,MIA,FL,ASO,ES,Combined TRACON& Tower with Radar,902,117,46,5,1070,5,0,8,4,17,907,117,54,9,1087,0,0,0,1087
10/05/2017,MIA,FL,ASO,ES,Combined TRACON& Tower with Radar,970,115,61,10,1156,6,1,5,0,12,976,116,66,10,1168,0,0,0,1168
10/06/2017,MIA,FL,ASO,ES,Combined TRACON& Tower with Radar,1002,135,54,5,1196,8,2,17,0,27,1010,137,71,5,1223,0,0,0,1223
10/07/2017,MIA,FL,ASO,ES,Combined TRACON& Tower with Radar,956,90,23,3,1072,6,0,5,1,12,962,90,28,4,1084,0,0,0,1084
10/08/2017,MIA,FL,ASO,ES,Combined TRACON& Tower with Radar,955,73,36,0,1064,4,0,4,0,8,959,73,40,0,1072,0,0,0,1072
10/09/2017,MIA,FL,ASO,ES,Combined TRACON& Tower with Radar,923,88,32,3,1046,5,2,1,0,8,928,90,33,3,1054,0,0,0,1054
10/10/2017,MIA,FL,ASO,ES,Combined TRACON& Tower with Radar,930,86,28,11,1055,5,0,16,0,21,935,86,44,11,1076,0,0,0,1076
10/11/2017,MIA,FL,ASO,ES,Combined TRACON& Tower with Radar,952,93,42,6,1093,6,1,17,0,24,958,94,59,6,1117,0,0,0,1117
10/12/2017,MIA,FL,ASO,ES,Combined TRACON& Tower with Radar,982,95,35,4,1116,6,2,6,0,14,988,97,41,4,1130,0,0,0,1130
10/13/2017,MIA,FL,ASO,ES,Combined TRACON& Tower with Radar,998,99,44,1,1142,5,0,6,0,11,1003,99,50,1,1153,0,0,0,1153
10/14/2017,MIA,FL,ASO,ES,Combined TRACON& Tower with Radar,952,85,20,1,1058,4,0,3,0,7,956,85,23,1,1065,0,0,0,1065
10/15/2017,MIA,FL,ASO,ES,Combined TRACON& Tower with Radar,958,81,41,12,1092,9,0,4,0,13,967,81,45,12,1105,0,0,0,1105
10/16/2017,MIA,FL,ASO,ES,Combined TRACON& Tower with Radar,936,85,30,2,1053,5,0,8,2,15,941,85,38,4,1068,0,0,0,1068
10/17/2017,MIA,FL,ASO,ES,Combined TRACON& Tower with Radar,928,99,21,9,1057,9,1,12,0,22,937,100,33,9,1079,0,0,0,1079
10/18/2017,MIA,FL,ASO,ES,Combined TRACON& Tower with Radar,954,126,45,3,1128,7,3,17,0,27,961,129,62,3,1155,0,0,0,1155
10/19/2017,MIA,FL,ASO,ES,Combined TRACON& Tower with Radar,995,95,50,1,1141,7,0,21,0,28,1002,95,71,1,1169,0,0,0,1169
10/20/2017,MIA,FL,ASO,ES,Combined TRACON& Tower with Radar,989,103,46,4,1142,4,2,9,0,15,993,105,55,4,1157,0,0,0,1157
10/21/2017,MIA,FL,ASO,ES,Combined TRACON& Tower with Radar,954,77,22,2,1055,6,2,7,0,15,960,79,29,2,1070,0,0,0,1070
10/22/2017,MIA,FL,ASO,ES,Combined TRACON& Tower with Radar,938,78,32,0,1048,7,1,3,0,11,945,79,35,0,1059,0,0,0,1059
10/23/2017,MIA,FL,ASO,ES,Combined TRACON& Tower with Radar,935,102,31,4,1072,5,0,5,0,10,940,102,36,4,1082,0,0,0,1082
10/24/2017,MIA,FL,ASO,ES,Combined TRACON& Tower with Radar,903,97,45,6,1051,6,0,5,0,11,909,97,50,6,1062,0,0,0,1062
10/25/2017,MIA,FL,ASO,ES,Combined TRACON& Tower with Radar,945,112,39,6,1102,9,3,11,0,23,954,115,50,6,1125,0,0,0,1125
10/26/2017,MIA,FL,ASO,ES,Combined TRACON& Tower with Radar,985,98,39,4,1126,9,0,11,0,20,994,98,50,4,1146,0,0,0,1146
10/27/2017,MIA,FL,ASO,ES,Combined TRACON& Tower with Radar,972,100,41,5,1118,9,2,8,0,19,981,102,49,5,1137,0,0,0,1137
10/28/2017,MIA,FL,ASO,ES,Combined TRACON& Tower with Radar,947,85,19,7,1058,8,0,1,0,9,955,85,20,7,1067,0,0,0,1067
10/29/2017,MIA,FL,ASO,ES,Combined TRACON& Tower with Radar,959,77,29,4,1069,3,2,2,0,7,962,79,31,4,1076,0,0,0,1076
10/30/2017,MIA,FL,ASO,ES,Combined TRACON& Tower with Radar,918,101,22,0,1041,6,4,15,0,25,924,105,37,0,1066,0,0,0,1066
10/31/2017,MIA,FL,ASO,ES,Combined TRACON& Tower with Radar,910,98,38,3,1049,7,0,16,0,23,917,98,54,3,1072,0,0,0,1072
11/01/2017,MIA,FL,ASO,ES,Combined TRACON& Tower with Radar,957,117,40,3,1117,9,0,13,0,22,966,117,53,3,1139,0,0,0,1139
11/02/2017,MIA,FL,ASO,ES,Combined TRACON& Tower with Radar,999,109,36,3,1147,7,0,12,0,19,1006,109,48,3,1166,0,0,0,1166
11/03/2017,MIA,FL,ASO,ES,Combined TRACON& Tower with Radar,993,118,37,1,1149,2,0,13,0,15,995,118,50,1,1164,0,0,0,1164
11/04/2017,MIA,FL,ASO,ES,Combined TRACON& Tower with Radar,963,90,21,0,1074,3,0,9,0,12,966,90,30,0,1086,0,0,0,1086
11/05/2017,MIA,FL,ASO,ES,Combined TRACON& Tower with Radar,970,112,49,2,1133,2,1,9,0,12,972,113,58,2,1145,0,0,0,1145
11/06/2017,MIA,FL,ASO,ES,Combined TRACON& Tower with Radar,950,108,32,2,1092,8,2,11,0,21,958,110,43,2,1113,0,0,0,1113
11/07/2017,MIA,FL,ASO,ES,Combined TRACON& Tower with Radar,965,104,36,2,1107,10,2,13,0,25,975,106,49,2,1132,0,0,0,1132
11/08/2017,MIA,FL,ASO,ES,Combined TRACON& Tower with Radar,988,114,49,6,1157,9,0,9,0,18,997,114,58,6,1175,0,0,0,1175
11/09/2017,MIA,FL,ASO,ES,Combined TRACON& Tower with Radar,1015,117,45,5,1182,7,2,21,0,30,1022,119,66,5,1212,0,0,0,1212
11/10/2017,MIA,FL,ASO,ES,Combined TRACON& Tower with Radar,1003,123,38,5,1169,6,3,5,0,14,1009,126,43,5,1183,0,0,0,1183
11/11/2017,MIA,FL,ASO,ES,Combined TRACON& Tower with Radar,996,82,26,0,1104,2,0,7,1,10,998,82,33,1,1114,0,0,0,1114
11/12/2017,MIA,FL,ASO,ES,Combined TRACON& Tower with Radar,971,102,45,4,1122,2,2,6,1,11,973,104,51,5,1133,0,0,0,1133
11/13/2017,MIA,FL,ASO,ES,Combined TRACON& Tower with Radar,963,110,38,10,1121,4,1,16,0,21,967,111,54,10,1142,0,0,0,1142
11/14/2017,MIA,FL,ASO,ES,Combined TRACON& Tower with Radar,956,100,43,4,1103,9,0,7,0,16,965,100,50,4,1119,0,0,0,1119
11/15/2017,MIA,FL,ASO,ES,Combined TRACON& Tower with Radar,985,133,47,0,1165,13,0,14,3,30,998,133,61,3,1195,0,0,0,1195
11/16/2017,MIA,FL,ASO,ES,Combined TRACON& Tower with Radar,1040,136,72,1,1249,4,0,18,1,23,1044,136,90,2,1272,0,0,0,1272
11/17/2017,MIA,FL,ASO,ES,Combined TRACON& Tower with Radar,1029,134,75,0,1238,8,2,30,2,42,1037,136,105,2,1280,0,0,0,1280
11/18/2017,MIA,FL,ASO,ES,Combined TRACON& Tower with Radar,996,104,34,3,1137,7,1,42,0,50,1003,105,76,3,1187,0,0,0,1187
11/19/2017,MIA,FL,ASO,ES,Combined TRACON& Tower with Radar,988,115,50,0,1153,7,0,55,0,62,995,115,105,0,1215,0,0,0,1215
11/20/2017,MIA,FL,ASO,ES,Combined TRACON& Tower with Radar,966,107,37,3,1113,4,0,8,0,12,970,107,45,3,1125,0,0,0,1125
11/21/2017,MIA,FL,ASO,ES,Combined TRACON& Tower with Radar,986,145,46,7,1184,1,3,9,2,15,987,148,55,9,1199,0,0,0,1199
11/22/2017,MIA,FL,ASO,ES,Combined TRACON& Tower with Radar,998,115,37,5,1155,7,0,21,0,28,1005,115,58,5,1183,0,0,0,1183
11/23/2017,MIA,FL,ASO,ES,Combined TRACON& Tower with Radar,908,82,16,3,1009,5,0,3,0,8,913,82,19,3,1017,0,0,0,1017
11/24/2017,MIA,FL,ASO,ES,Combined TRACON& Tower with Radar,946,110,25,0,1081,7,0,5,1,13,953,110,30,1,1094,0,0,0,1094
11/25/2017,MIA,FL,ASO,ES,Combined TRACON& Tower with Radar,1003,107,27,0,1137,7,0,6,0,13,1010,107,33,0,1150,0,0,0,1150
11/26/2017,MIA,FL,ASO,ES,Combined TRACON& Tower with Radar,995,94,68,0,1157,5,0,8,0,13,1000,94,76,0,1170,0,0,0,1170
11/27/2017,MIA,FL,ASO,ES,Combined TRACON& Tower with Radar,997,107,64,9,1177,6,0,7,0,13,1003,107,71,9,1190,0,0,0,1190
11/28/2017,MIA,FL,ASO,ES,Combined TRACON& Tower with Radar,970,115,38,4,1127,9,0,11,0,20,979,115,49,4,1147,0,0,0,1147
11/29/2017,MIA,FL,ASO,ES,Combined TRACON& Tower with Radar,988,115,37,1,1141,7,0,5,0,12,995,115,42,1,1153,0,0,0,1153
11/30/2017,MIA,FL,ASO,ES,Combined TRACON& Tower with Radar,1029,118,39,2,1188,6,1,13,2,22,1035,119,52,4,1210,0,0,0,1210
12/01/2017,MIA,FL,ASO,ES,Combined TRACON& Tower with Radar,1061,125,44,1,1231,3,3,8,1,15,1064,128,52,2,1246,0,0,0,1246
12/02/2017,MIA,FL,ASO,ES,Combined TRACON& Tower with Radar,1003,89,27,3,1122,4,0,6,0,10,1007,89,33,3,1132,0,0,0,1132
12/03/2017,MIA,FL,ASO,ES,Combined TRACON& Tower with Radar,989,96,38,0,1123,3,2,3,0,8,992,98,41,0,1131,0,0,0,1131
12/04/2017,MIA,FL,ASO,ES,Combined TRACON& Tower with Radar,1001,131,37,1,1170,5,3,10,1,19,1006,134,47,2,1189,0,0,0,1189
12/05/2017,MIA,FL,ASO,ES,Combined TRACON& Tower with Radar,968,148,53,1,1170,4,5,16,0,25,972,153,69,1,1195,0,0,0,1195
12/06/2017,MIA,FL,ASO,ES,Combined TRACON& Tower with Radar,995,169,83,3,1250,6,4,12,3,25,1001,173,95,6,1275,0,0,0,1275
12/07/2017,MIA,FL,ASO,ES,Combined TRACON& Tower with Radar,1047,176,74,4,1301,8,0,19,0,27,1055,176,93,4,1328,0,0,0,1328
12/08/2017,MIA,FL,ASO,ES,Combined TRACON& Tower with Radar,1026,161,57,0,1244,9,2,16,0,27,1035,163,73,0,1271,0,0,0,1271
12/09/2017,MIA,FL,ASO,ES,Combined TRACON& Tower with Radar,995,120,34,2,1151,5,0,1,0,6,1000,120,35,2,1157,0,0,0,1157
12/10/2017,MIA,FL,ASO,ES,Combined TRACON& Tower with Radar,1006,124,55,4,1189,7,2,6,0,15,1013,126,61,4,1204,0,0,0,1204
12/11/2017,MIA,FL,ASO,ES,Combined TRACON& Tower with Radar,998,118,30,0,1146,3,0,14,0,17,1001,118,44,0,1163,0,0,0,1163
12/12/2017,MIA,FL,ASO,ES,Combined TRACON& Tower with Radar,980,135,45,1,1161,3,0,23,0,26,983,135,68,1,1187,0,0,0,1187
12/13/2017,MIA,FL,ASO,ES,Combined TRACON& Tower with Radar,999,120,58,6,1183,10,1,20,2,33,1009,121,78,8,1216,0,0,0,1216
12/14/2017,MIA,FL,ASO,ES,Combined TRACON& Tower with Radar,1053,102,47,3,1205,6,4,26,0,36,1059,106,73,3,1241,0,0,0,1241
12/15/2017,MIA,FL,ASO,ES,Combined TRACON& Tower with Radar,1063,136,62,5,1266,8,4,13,0,25,1071,140,75,5,1291,0,0,0,1291
12/16/2017,MIA,FL,ASO,ES,Combined TRACON& Tower with Radar,1087,109,45,0,1241,9,1,3,0,13,1096,110,48,0,1254,0,0,0,1254
12/17/2017,MIA,FL,ASO,ES,Combined TRACON& Tower with Radar,1055,99,30,0,1184,7,2,5,0,14,1062,101,35,0,1198,0,0,0,1198
12/18/2017,MIA,FL,ASO,ES,Combined TRACON& Tower with Radar,1047,106,36,4,1193,4,1,21,0,26,1051,107,57,4,1219,0,0,0,1219
12/19/2017,MIA,FL,ASO,ES,Combined TRACON& Tower with Radar,1051,120,43,1,1215,2,0,11,0,13,1053,120,54,1,1228,0,0,0,1228
12/20/2017,MIA,FL,ASO,ES,Combined TRACON& Tower with Radar,1085,132,51,3,1271,3,0,16,0,19,1088,132,67,3,1290,0,0,0,1290
12/21/2017,MIA,FL,ASO,ES,Combined TRACON& Tower with Radar,1148,132,66,2,1348,6,1,24,0,31,1154,133,90,2,1379,0,0,0,1379
12/22/2017,MIA,FL,ASO,ES,Combined TRACON& Tower with Radar,1147,131,60,0,1338,8,1,13,0,22,1155,132,73,0,1360,0,0,0,1360
12/23/2017,MIA,FL,ASO,ES,Combined TRACON& Tower with Radar,1142,91,49,0,1282,8,2,8,0,18,1150,93,57,0,1300,0,0,0,1300
12/24/2017,MIA,FL,ASO,ES,Combined TRACON& Tower with Radar,1044,68,20,0,1132,10,0,6,0,16,1054,68,26,0,1148,0,0,0,1148
12/25/2017,MIA,FL,ASO,ES,Combined TRACON& Tower with Radar,955,68,17,0,1040,5,0,4,0,9,960,68,21,0,1049,0,0,0,1049
12/26/2017,MIA,FL,ASO,ES,Combined TRACON& Tower with Radar,1033,108,50,0,1191,10,2,16,0,28,1043,110,66,0,1219,0,0,0,1219
12/27/2017,MIA,FL,ASO,ES,Combined TRACON& Tower with Radar,1130,122,62,0,1314,7,0,11,0,18,1137,122,73,0,1332,0,0,0,1332
12/28/2017,MIA,FL,ASO,ES,Combined TRACON& Tower with Radar,1139,124,50,0,1313,10,0,9,0,19,1149,124,59,0,1332,0,0,0,1332
12/29/2017,MIA,FL,ASO,ES,Combined TRACON& Tower with Radar,1156,121,43,0,1320,4,0,7,0,11,1160,121,50,0,1331,0,0,0,1331
12/30/2017,MIA,FL,ASO,ES,Combined TRACON& Tower with Radar,1129,92,46,0,1267,9,0,3,0,12,1138,92,49,0,1279,0,0,0,1279
12/31/2017,MIA,FL,ASO,ES,Combined TRACON& Tower with Radar,1009,92,18,0,1119,6,2,8,0,16,1015,94,26,0,1135,0,0,0,1135
01/01/2018,MIA,FL,ASO,ES,Combined TRACON& Tower with Radar,954,107,47,0,1108,6,3,6,0,15,960,110,53,0,1123,0,0,0,1123
01/02/2018,MIA,FL,ASO,ES,Combined TRACON& Tower with Radar,1058,141,89,0,1288,5,0,1,0,6,1063,141,90,0,1294,0,0,0,1294
01/03/2018,MIA,FL,ASO,ES,Combined TRACON& Tower with Radar,1088,112,48,1,1249,7,0,4,2,13,1095,112,52,3,1262,0,0,0,1262
01/04/2018,MIA,FL,ASO,ES,Combined TRACON& Tower with Radar,1026,106,24,1,1157,4,1,7,0,12,1030,107,31,1,1169,0,0,0,1169
01/05/2018,MIA,FL,ASO,ES,Combined TRACON& Tower with Radar,1063,130,71,2,1266,5,0,10,0,15,1068,130,81,2,1281,0,0,0,1281
01/06/2018,MIA,FL,ASO,ES,Combined TRACON& Tower with Radar,1096,105,50,2,1253,8,0,5,0,13,1104,105,55,2,1266,0,0,0,1266
01/07/2018,MIA,FL,ASO,ES,Combined TRACON& Tower with Radar,1060,118,60,2,1240,8,0,2,0,10,1068,118,62,2,1250,0,0,0,1250
01/08/2018,MIA,FL,ASO,ES,Combined TRACON& Tower with Radar,1023,112,54,0,1189,6,0,13,0,19,1029,112,67,0,1208,0,0,0,1208
01/09/2018,MIA,FL,ASO,ES,Combined TRACON& Tower with Radar,998,116,59,4,1177,8,1,6,1,16,1006,117,65,5,1193,0,0,0,1193
01/10/2018,MIA,FL,ASO,ES,Combined TRACON& Tower with Radar,1011,107,59,3,1180,6,2,4,0,12,1017,109,63,3,1192,0,0,0,1192
01/11/2018,MIA,FL,ASO,ES,Combined TRACON& Tower with Radar,1062,115,35,5,1217,4,0,7,0,11,1066,115,42,5,1228,0,0,0,1228
01/12/2018,MIA,FL,ASO,ES,Combined TRACON& Tower with Radar,1028,142,36,4,1210,7,1,1,0,9,1035,143,37,4,1219,0,0,0,1219
01/13/2018,MIA,FL,ASO,ES,Combined TRACON& Tower with Radar,1012,81,30,2,1125,5,3,9,0,17,1017,84,39,2,1142,0,0,0,1142
01/14/2018,MIA,FL,ASO,ES,Combined TRACON& Tower with Radar,987,107,23,0,1117,8,0,6,0,14,995,107,29,0,1131,0,0,0,1131
01/15/2018,MIA,FL,ASO,ES,Combined TRACON& Tower with Radar,992,163,55,0,1210,5,0,6,0,11,997,163,61,0,1221,0,0,0,1221
01/16/2018,MIA,FL,ASO,ES,Combined TRACON& Tower with Radar,974,105,40,2,1121,4,3,8,0,15,978,108,48,2,1136,0,0,0,1136
01/17/2018,MIA,FL,ASO,ES,Combined TRACON& Tower with Radar,985,96,36,9,1126,7,1,8,0,16,992,97,44,9,1142,0,0,0,1142
01/18/2018,MIA,FL,ASO,ES,Combined TRACON& Tower with Radar,1025,122,61,4,1212,9,1,7,0,17,1034,123,68,4,1229,0,0,0,1229
01/19/2018,MIA,FL,ASO,ES,Combined TRACON& Tower with Radar,1034,122,39,3,1198,6,0,7,0,13,1040,122,46,3,1211,0,0,0,1211
01/20/2018,MIA,FL,ASO,ES,Combined TRACON& Tower with Radar,1015,84,36,2,1137,7,2,4,0,13,1022,86,40,2,1150,0,0,0,1150
01/21/2018,MIA,FL,ASO,ES,Combined TRACON& Tower with Radar,1000,94,53,0,1147,5,0,5,0,10,1005,94,58,0,1157,0,0,0,1157
01/22/2018,MIA,FL,ASO,ES,Combined TRACON& Tower with Radar,994,108,65,3,1170,10,0,7,0,17,1004,108,72,3,1187,0,0,0,1187
01/23/2018,MIA,FL,ASO,ES,Combined TRACON& Tower with Radar,1008,98,52,1,1159,2,3,7,1,13,1010,101,59,2,1172,0,0,0,1172
01/24/2018,MIA,FL,ASO,ES,Combined TRACON& Tower with Radar,1041,121,52,0,1214,3,1,15,0,19,1044,122,67,0,1233,0,0,0,1233
01/25/2018,MIA,FL,ASO,ES,Combined TRACON& Tower with Radar,1056,125,61,0,1242,4,2,3,0,9,1060,127,64,0,1251,0,0,0,1251
01/26/2018,MIA,FL,ASO,ES,Combined TRACON& Tower with Radar,1036,130,50,2,1218,6,0,6,0,12,1042,130,56,2,1230,0,0,0,1230
01/27/2018,MIA,FL,ASO,ES,Combined TRACON& Tower with Radar,1024,85,42,0,1151,7,0,6,0,13,1031,85,48,0,1164,0,0,0,1164
01/28/2018,MIA,FL,ASO,ES,Combined TRACON& Tower with Radar,1017,104,44,1,1166,7,0,1,0,8,1024,104,45,1,1174,0,0,0,1174
01/29/2018,MIA,FL,ASO,ES,Combined TRACON& Tower with Radar,1006,118,38,5,1167,6,0,0,0,6,1012,118,38,5,1173,0,0,0,1173
01/30/2018,MIA,FL,ASO,ES,Combined TRACON& Tower with Radar,1007,114,30,3,1154,5,3,12,1,21,1012,117,42,4,1175,0,0,0,1175
01/31/2018,MIA,FL,ASO,ES,Combined TRACON& Tower with Radar,1044,122,38,2,1206,4,1,9,0,14,1048,123,47,2,1220,0,0,0,1220
02/01/2018,MIA,FL,ASO,ES,Combined TRACON& Tower with Radar,1060,137,40,1,1238,3,2,7,0,12,1063,139,47,1,1250,0,0,0,1250
02/02/2018,MIA,FL,ASO,ES,Combined TRACON& Tower with Radar,1045,124,27,2,1198,5,0,14,0,19,1050,124,41,2,1217,0,0,0,1217
02/03/2018,MIA,FL,ASO,ES,Combined TRACON& Tower with Radar,1058,78,15,0,1151,7,1,5,0,13,1065,79,20,0,1164,0,0,0,1164
02/04/2018,MIA,FL,ASO,ES,Combined TRACON& Tower with Radar,1009,88,26,1,1124,3,0,5,0,8,1012,88,31,1,1132,0,0,0,1132
02/05/2018,MIA,FL,ASO,ES,Combined TRACON& Tower with Radar,1004,104,44,3,1155,4,0,2,0,6,1008,104,46,3,1161,0,0,0,1161
02/06/2018,MIA,FL,ASO,ES,Combined TRACON& Tower with Radar,983,106,43,3,1135,2,5,10,2,19,985,111,53,5,1154,0,0,0,1154
02/07/2018,MIA,FL,ASO,ES,Combined TRACON& Tower with Radar,1016,159,73,6,1254,4,1,12,0,17,1020,160,85,6,1271,0,0,0,1271
02/08/2018,MIA,FL,ASO,ES,Combined TRACON& Tower with Radar,1047,145,58,8,1258,3,0,5,0,8,1050,145,63,8,1266,0,0,0,1266
02/09/2018,MIA,FL,ASO,ES,Combined TRACON& Tower with Radar,1014,143,85,4,1246,2,1,15,2,20,1016,144,100,6,1266,0,0,0,1266
02/10/2018,MIA,FL,ASO,ES,Combined TRACON& Tower with Radar,1014,87,27,4,1132,4,5,8,0,17,1018,92,35,4,1149,0,0,0,1149
02/11/2018,MIA,FL,ASO,ES,Combined TRACON& Tower with Radar,1003,118,48,1,1170,3,0,7,1,11,1006,118,55,2,1181,0,0,0,1181
02/12/2018,MIA,FL,ASO,ES,Combined TRACON& Tower with Radar,987,119,59,2,1167,4,1,14,0,19,991,120,73,2,1186,0,0,0,1186
02/13/2018,MIA,FL,ASO,ES,Combined TRACON& Tower with Radar,971,114,46,1,1132,5,0,12,1,18,976,114,58,2,1150,0,0,0,1150
02/14/2018,MIA,FL,ASO,ES,Combined TRACON& Tower with Radar,997,131,55,3,1186,5,0,16,0,21,1002,131,71,3,1207,0,0,0,1207
02/15/2018,MIA,FL,ASO,ES,Combined TRACON& Tower with Radar,1026,148,81,4,1259,3,0,19,0,22,1029,148,100,4,1281,0,0,0,1281
02/16/2018,MIA,FL,ASO,ES,Combined TRACON& Tower with Radar,1053,166,83,0,1302,5,0,5,0,10,1058,166,88,0,1312,0,0,0,1312
02/17/2018,MIA,FL,ASO,ES,Combined TRACON& Tower with Radar,1009,112,51,3,1175,1,0,8,1,10,1010,112,59,4,1185,0,0,0,1185
02/18/2018,MIA,FL,ASO,ES,Combined TRACON& Tower with Radar,990,107,54,1,1152,4,0,4,0,8,994,107,58,1,1160,0,0,0,1160
02/19/2018,MIA,FL,ASO,ES,Combined TRACON& Tower with Radar,989,134,70,2,1195,3,0,6,0,9,992,134,76,2,1204,0,0,0,1204
02/20/2018,MIA,FL,ASO,ES,Combined TRACON& Tower with Radar,989,119,74,2,1184,4,1,5,1,11,993,120,79,3,1195,0,0,0,1195
02/21/2018,MIA,FL,ASO,ES,Combined TRACON& Tower with Radar,1025,146,79,0,1250,5,1,9,0,15,1030,147,88,0,1265,0,0,0,1265
02/22/2018,MIA,FL,ASO,ES,Combined TRACON& Tower with Radar,1031,123,64,2,1220,6,2,11,0,19,1037,125,75,2,1239,0,0,0,1239
02/23/2018,MIA,FL,ASO,ES,Combined TRACON& Tower with Radar,1012,113,54,1,1180,3,1,10,0,14,1015,114,64,1,1194,0,0,0,1194
02/24/2018,MIA,FL,ASO,ES,Combined TRACON& Tower with Radar,1011,90,22,3,1126,4,3,4,1,12,1015,93,26,4,1138,0,0,0,1138
02/25/2018,MIA,FL,ASO,ES,Combined TRACON& Tower with Radar,1001,103,44,4,1152,3,1,9,1,14,1004,104,53,5,1166,0,0,0,1166
02/26/2018,MIA,FL,ASO,ES,Combined TRACON& Tower with Radar,989,146,43,5,1183,6,5,19,0,30,995,151,62,5,1213,0,0,0,1213
02/27/2018,MIA,FL,ASO,ES,Combined TRACON& Tower with Radar,999,119,36,3,1157,5,0,6,0,11,1004,119,42,3,1168,0,0,0,1168
02/28/2018,MIA,FL,ASO,ES,Combined TRACON& Tower with Radar,1003,127,61,5,1196,3,0,7,0,10,1006,127,68,5,1206,0,0,0,1206
03/01/2018,MIA,FL,ASO,ES,Combined TRACON& Tower with Radar,1030,132,47,2,1211,6,4,16,0,26,1036,136,63,2,1237,0,0,0,1237
03/02/2018,MIA,FL,ASO,ES,Combined TRACON& Tower with Radar,950,111,47,0,1108,5,0,4,0,9,955,111,51,0,1117,0,0,0,1117
03/03/2018,MIA,FL,ASO,ES,Combined TRACON& Tower with Radar,995,107,35,1,1138,3,1,3,0,7,998,108,38,1,1145,0,0,0,1145
03/04/2018,MIA,FL,ASO,ES,Combined TRACON& Tower with Radar,967,110,52,3,1132,4,0,10,0,14,971,110,62,3,1146,0,0,0,1146
03/05/2018,MIA,FL,ASO,ES,Combined TRACON& Tower with Radar,1002,126,44,2,1174,3,1,11,0,15,1005,127,55,2,1189,0,0,0,1189
03/06/2018,MIA,FL,ASO,ES,Combined TRACON& Tower with Radar,1000,113,41,1,1155,6,2,7,0,15,1006,115,48,1,1170,0,0,0,1170
03/07/2018,MIA,FL,ASO,ES,Combined TRACON& Tower with Radar,971,127,35,2,1135,5,0,4,0,9,976,127,39,2,1144,0,0,0,1144
03/08/2018,MIA,FL,ASO,ES,Combined TRACON& Tower with Radar,1029,127,48,2,1206,5,2,11,1,19,1034,129,59,3,1225,0,0,0,1225
03/09/2018,MIA,FL,ASO,ES,Combined TRACON& Tower with Radar,1030,131,45,3,1209,3,0,17,0,20,1033,131,62,3,1229,0,0,0,1229
03/10/2018,MIA,FL,ASO,ES,Combined TRACON& Tower with Radar,1032,102,37,0,1171,2,1,11,0,14,1034,103,48,0,1185,0,0,0,1185
03/11/2018,MIA,FL,ASO,ES,Combined TRACON& Tower with Radar,1008,110,53,0,1171,2,0,8,0,10,1010,110,61,0,1181,0,0,0,1181
03/12/2018,MIA,FL,ASO,ES,Combined TRACON& Tower with Radar,1010,117,46,5,1178,1,1,8,0,10,1011,118,54,5,1188,0,0,0,1188
03/13/2018,MIA,FL,ASO,ES,Combined TRACON& Tower with Radar,988,121,37,0,1146,3,4,3,0,10,991,125,40,0,1156,0,0,0,1156
03/14/2018,MIA,FL,ASO,ES,Combined TRACON& Tower with Radar,1028,139,45,1,1213,3,0,10,2,15,1031,139,55,3,1228,0,0,0,1228
03/15/2018,MIA,FL,ASO,ES,Combined TRACON& Tower with Radar,1059,126,41,1,1227,5,0,14,0,19,1064,126,55,1,1246,0,0,0,1246
03/16/2018,MIA,FL,ASO,ES,Combined TRACON& Tower with Radar,1029,139,44,3,1215,5,3,6,0,14,1034,142,50,3,1229,0,0,0,1229
03/17/2018,MIA,FL,ASO,ES,Combined TRACON& Tower with Radar,1034,100,39,0,1173,3,2,11,0,16,1037,102,50,0,1189,0,0,0,1189
03/18/2018,MIA,FL,ASO,ES,Combined TRACON& Tower with Radar,1004,99,54,1,1158,3,0,10,0,13,1007,99,64,1,1171,0,0,0,1171
03/19/2018,MIA,FL,ASO,ES,Combined TRACON& Tower with Radar,1008,130,38,1,1177,4,0,15,0,19,1012,130,53,1,1196,0,0,0,1196
03/20/2018,MIA,FL,ASO,ES,Combined TRACON& Tower with Radar,995,116,24,1,1136,2,0,3,0,5,997,116,27,1,1141,0,0,0,1141
03/21/2018,MIA,FL,ASO,ES,Combined TRACON& Tower with Radar,968,115,43,1,1127,2,0,6,1,9,970,115,49,2,1136,0,0,0,1136
03/22/2018,MIA,FL,ASO,ES,Combined TRACON& Tower with Radar,1038,149,71,0,1258,3,2,16,0,21,1041,151,87,0,1279,0,0,0,1279
03/23/2018,MIA,FL,ASO,ES,Combined TRACON& Tower with Radar,1064,149,67,4,1284,5,0,8,1,14,1069,149,75,5,1298,0,0,0,1298
03/24/2018,MIA,FL,ASO,ES,Combined TRACON& Tower with Radar,1047,118,61,1,1227,2,2,10,0,14,1049,120,71,1,1241,0,0,0,1241
03/25/2018,MIA,FL,ASO,ES,Combined TRACON& Tower with Radar,1019,120,56,2,1197,7,0,3,0,10,1026,120,59,2,1207,0,0,0,1207
03/26/2018,MIA,FL,ASO,ES,Combined TRACON& Tower with Radar,1012,122,50,4,1188,5,0,20,0,25,1017,122,70,4,1213,0,0,0,1213
03/27/2018,MIA,FL,ASO,ES,Combined TRACON& Tower with Radar,995,110,48,2,1155,3,1,9,0,13,998,111,57,2,1168,0,0,0,1168
03/28/2018,MIA,FL,ASO,ES,Combined TRACON& Tower with Radar,1031,130,51,3,1215,2,5,10,0,17,1033,135,61,3,1232,0,0,0,1232
03/29/2018,MIA,FL,ASO,ES,Combined TRACON& Tower with Radar,1036,128,78,0,1242,2,3,21,0,26,1038,131,99,0,1268,0,0,0,1268
03/30/2018,MIA,FL,ASO,ES,Combined TRACON& Tower with Radar,1026,127,44,0,1197,6,1,21,0,28,1032,128,65,0,1225,0,0,0,1225
03/31/2018,MIA,FL,ASO,ES,Combined TRACON& Tower with Radar,994,105,40,0,1139,6,0,11,0,17,1000,105,51,0,1156,0,0,0,1156
04/01/2018,MIA,FL,ASO,ES,Combined TRACON& Tower with Radar,995,111,43,0,1149,2,3,7,0,12,997,114,50,0,1161,0,0,0,1161
04/02/2018,MIA,FL,ASO,ES,Combined TRACON& Tower with Radar,987,100,60,0,1147,1,0,14,0,15,988,100,74,0,1162,0,0,0,1162
04/03/2018,MIA,FL,ASO,ES,Combined TRACON& Tower with Radar,984,120,32,1,1137,0,2,23,0,25,984,122,55,1,1162,0,0,0,1162
04/04/2018,MIA,FL,ASO,ES,Combined TRACON& Tower with Radar,1016,126,48,2,1192,0,3,10,0,13,1016,129,58,2,1205,0,0,0,1205
04/05/2018,MIA,FL,ASO,ES,Combined TRACON& Tower with Radar,1029,129,43,2,1203,0,0,18,0,18,1029,129,61,2,1221,0,0,0,1221
04/06/2018,MIA,FL,ASO,ES,Combined TRACON& Tower with Radar,1038,129,50,4,1221,0,2,10,0,12,1038,131,60,4,1233,0,0,0,1233
04/07/2018,MIA,FL,ASO,ES,Combined TRACON& Tower with Radar,994,116,37,3,1150,0,0,10,0,10,994,116,47,3,1160,0,0,0,1160
04/08/2018,MIA,FL,ASO,ES,Combined TRACON& Tower with Radar,983,129,58,4,1174,0,0,6,0,6,983,129,64,4,1180,0,0,0,1180
04/09/2018,MIA,FL,ASO,ES,Combined TRACON& Tower with Radar,971,150,42,1,1164,0,3,12,0,15,971,153,54,1,1179,0,0,0,1179
04/10/2018,MIA,FL,ASO,ES,Combined TRACON& Tower with Radar,995,101,47,2,1145,0,1,2,5,8,995,102,49,7,1153,0,0,0,1153
04/11/2018,MIA,FL,ASO,ES,Combined TRACON& Tower with Radar,989,129,49,1,1168,0,2,23,0,25,989,131,72,1,1193,0,0,0,1193
04/12/2018,MIA,FL,ASO,ES,Combined TRACON& Tower with Radar,1006,126,47,0,1179,0,2,15,0,17,1006,128,62,0,1196,0,0,0,1196
04/13/2018,MIA,FL,ASO,ES,Combined TRACON& Tower with Radar,1008,118,56,7,1189,0,0,10,0,10,1008,118,66,7,1199,0,0,0,1199
04/14/2018,MIA,FL,ASO,ES,Combined TRACON& Tower with Radar,946,97,27,3,1073,0,0,7,0,7,946,97,34,3,1080,0,0,0,1080
04/15/2018,MIA,FL,ASO,ES,Combined TRACON& Tower with Radar,944,99,51,2,1096,0,2,5,0,7,944,101,56,2,1103,0,0,0,1103
04/16/2018,MIA,FL,ASO,ES,Combined TRACON& Tower with Radar,969,121,33,1,1124,0,1,10,0,11,969,122,43,1,1135,0,0,0,1135
04/17/2018,MIA,FL,ASO,ES,Combined TRACON& Tower with Radar,982,109,33,3,1127,0,2,30,0,32,982,111,63,3,1159,0,0,0,1159
04/18/2018,MIA,FL,ASO,ES,Combined TRACON& Tower with Radar,980,124,46,4,1154,0,0,6,0,6,980,124,52,4,1160,0,0,0,1160
04/19/2018,MIA,FL,ASO,ES,Combined TRACON& Tower with Radar,1002,147,49,6,1204,0,2,9,0,11,1002,149,58,6,1215,0,0,0,1215
04/20/2018,MIA,FL,ASO,ES,Combined TRACON& Tower with Radar,1018,144,46,0,1208,0,2,13,0,15,1018,146,59,0,1223,0,0,0,1223
04/21/2018,MIA,FL,ASO,ES,Combined TRACON& Tower with Radar,980,108,27,0,1115,0,0,3,0,3,980,108,30,0,1118,0,0,0,1118
04/22/2018,MIA,FL,ASO,ES,Combined TRACON& Tower with Radar,992,112,47,0,1151,0,0,6,0,6,992,112,53,0,1157,0,0,0,1157
04/23/2018,MIA,FL,ASO,ES,Combined TRACON& Tower with Radar,958,117,52,1,1128,1,0,1,0,2,959,117,53,1,1130,0,0,0,1130
04/24/2018,MIA,FL,ASO,ES,Combined TRACON& Tower with Radar,989,109,32,2,1132,0,0,9,0,9,989,109,41,2,1141,0,0,0,1141
04/25/2018,MIA,FL,ASO,ES,Combined TRACON& Tower with Radar,1004,129,36,3,1172,0,0,18,2,20,1004,129,54,5,1192,0,0,0,1192
04/26/2018,MIA,FL,ASO,ES,Combined TRACON& Tower with Radar,1038,140,40,2,1220,0,2,11,0,13,1038,142,51,2,1233,0,0,0,1233
04/27/2018,MIA,FL,ASO,ES,Combined TRACON& Tower with Radar,1042,136,38,1,1217,0,1,11,0,12,1042,137,49,1,1229,0,0,0,1229
04/28/2018,MIA,FL,ASO,ES,Combined TRACON& Tower with Radar,1028,95,11,0,1134,0,0,5,0,5,1028,95,16,0,1139,0,0,0,1139
04/29/2018,MIA,FL,ASO,ES,Combined TRACON& Tower with Radar,1015,110,46,1,1172,0,0,10,0,10,1015,110,56,1,1182,0,0,0,1182
04/30/2018,MIA,FL,ASO,ES,Combined TRACON& Tower with Radar,983,127,21,1,1132,0,0,10,0,10,983,127,31,1,1142,0,0,0,1142
05/01/2018,MIA,FL,ASO,ES,Combined TRACON& Tower with Radar,986,107,31,2,1126,0,0,8,0,8,986,107,39,2,1134,0,0,0,1134
05/02/2018,MIA,FL,ASO,ES,Combined TRACON& Tower with Radar,1023,125,36,0,1184,0,3,6,0,9,1023,128,42,0,1193,0,0,0,1193
05/03/2018,MIA,FL,ASO,ES,Combined TRACON& Tower with Radar,1040,121,37,1,1199,0,2,7,0,9,1040,123,44,1,1208,0,0,0,1208
05/04/2018,MIA,FL,ASO,ES,Combined TRACON& Tower with Radar,1028,114,27,1,1170,0,2,6,0,8,1028,116,33,1,1178,0,0,0,1178
05/05/2018,MIA,FL,ASO,ES,Combined TRACON& Tower with Radar,995,78,23,0,1096,0,0,6,0,6,995,78,29,0,1102,0,0,0,1102
05/06/2018,MIA,FL,ASO,ES,Combined TRACON& Tower with Radar,999,105,48,0,1152,0,0,0,0,0,999,105,48,0,1152,0,0,0,1152
05/07/2018,MIA,FL,ASO,ES,Combined TRACON& Tower with Radar,981,117,25,1,1124,0,0,6,0,6,981,117,31,1,1130,0,0,0,1130
05/08/2018,MIA,FL,ASO,ES,Combined TRACON& Tower with Radar,974,112,32,2,1120,0,0,6,0,6,974,112,38,2,1126,0,0,0,1126
05/09/2018,MIA,FL,ASO,ES,Combined TRACON& Tower with Radar,1004,122,40,0,1166,0,0,11,0,11,1004,122,51,0,1177,0,0,0,1177
05/10/2018,MIA,FL,ASO,ES,Combined TRACON& Tower with Radar,995,116,54,3,1168,0,2,6,2,10,995,118,60,5,1178,0,0,0,1178
05/11/2018,MIA,FL,ASO,ES,Combined TRACON& Tower with Radar,984,117,39,3,1143,0,0,11,0,11,984,117,50,3,1154,0,0,0,1154
05/12/2018,MIA,FL,ASO,ES,Combined TRACON& Tower with Radar,974,86,27,2,1089,0,0,3,0,3,974,86,30,2,1092,0,0,0,1092
05/13/2018,MIA,FL,ASO,ES,Combined TRACON& Tower with Radar,964,84,36,2,1086,0,0,1,0,1,964,84,37,2,1087,0,0,0,1087
05/14/2018,MIA,FL,ASO,ES,Combined TRACON& Tower with Radar,934,112,38,4,1088,0,2,1,0,3,934,114,39,4,1091,0,0,0,1091
05/15/2018,MIA,FL,ASO,ES,Combined TRACON& Tower with Radar,941,115,35,2,1093,0,1,4,0,5,941,116,39,2,1098,0,0,0,1098
05/16/2018,MIA,FL,ASO,ES,Combined TRACON& Tower with Radar,943,113,37,2,1095,0,0,4,0,4,943,113,41,2,1099,0,0,0,1099
05/17/2018,MIA,FL,ASO,ES,Combined TRACON& Tower with Radar,994,107,37,1,1139,0,3,0,0,3,994,110,37,1,1142,0,0,0,1142
05/18/2018,MIA,FL,ASO,ES,Combined TRACON& Tower with Radar,1005,121,23,0,1149,0,0,5,0,5,1005,121,28,0,1154,0,0,0,1154
05/19/2018,MIA,FL,ASO,ES,Combined TRACON& Tower with Radar,976,84,24,0,1084,0,0,0,0,0,976,84,24,0,1084,0,0,0,1084
05/20/2018,MIA,FL,ASO,ES,Combined TRACON& Tower with Radar,980,98,32,0,1110,0,0,1,0,1,980,98,33,0,1111,0,0,0,1111
05/21/2018,MIA,FL,ASO,ES,Combined TRACON& Tower with Radar,954,103,33,0,1090,0,2,1,0,3,954,105,34,0,1093,0,0,0,1093
05/22/2018,MIA,FL,ASO,ES,Combined TRACON& Tower with Radar,968,95,41,0,1104,0,0,2,0,2,968,95,43,0,1106,0,0,0,1106
05/23/2018,MIA,FL,ASO,ES,Combined TRACON& Tower with Radar,992,115,29,3,1139,1,0,8,0,9,993,115,37,3,1148,0,0,0,1148
05/24/2018,MIA,FL,ASO,ES,Combined TRACON& Tower with Radar,986,130,33,2,1151,0,0,8,0,8,986,130,41,2,1159,0,0,0,1159
05/25/2018,MIA,FL,ASO,ES,Combined TRACON& Tower with Radar,1000,125,35,1,1161,0,1,2,0,3,1000,126,37,1,1164,0,0,0,1164
05/26/2018,MIA,FL,ASO,ES,Combined TRACON& Tower with Radar,977,73,13,0,1063,0,0,1,0,1,977,73,14,0,1064,0,0,0,1064
05/27/2018,MIA,FL,ASO,ES,Combined TRACON& Tower with Radar,940,86,10,0,1036,0,0,6,0,6,940,86,16,0,1042,0,0,0,1042
05/28/2018,MIA,FL,ASO,ES,Combined TRACON& Tower with Radar,938,100,34,1,1073,0,2,4,0,6,938,102,38,1,1079,0,0,0,1079
05/29/2018,MIA,FL,ASO,ES,Combined TRACON& Tower with Radar,935,116,31,1,1083,0,1,5,0,6,935,117,36,1,1089,0,0,0,1089
05/30/2018,MIA,FL,ASO,ES,Combined TRACON& Tower with Radar,975,104,20,2,1101,0,0,3,0,3,975,104,23,2,1104,0,0,0,1104
05/31/2018,MIA,FL,ASO,ES,Combined TRACON& Tower with Radar,996,123,31,0,1150,0,0,5,0,5,996,123,36,0,1155,0,0,0,1155
06/01/2018,MIA,FL,ASO,ES,Combined TRACON& Tower with Radar,1004,110,23,3,1140,0,0,7,0,7,1004,110,30,3,1147,0,0,0,1147
06/02/2018,MIA,FL,ASO,ES,Combined TRACON& Tower with Radar,964,90,14,1,1069,0,0,4,0,4,964,90,18,1,1073,0,0,0,1073
06/03/2018,MIA,FL,ASO,ES,Combined TRACON& Tower with Radar,964,92,18,1,1075,0,0,7,0,7,964,92,25,1,1082,0,0,0,1082
06/04/2018,MIA,FL,ASO,ES,Combined TRACON& Tower with Radar,928,108,19,1,1056,0,2,3,0,5,928,110,22,1,1061,0,0,0,1061
06/05/2018,MIA,FL,ASO,ES,Combined TRACON& Tower with Radar,967,100,37,4,1108,0,0,5,0,5,967,100,42,4,1113,0,0,0,1113
06/06/2018,MIA,FL,ASO,ES,Combined TRACON& Tower with Radar,983,105,26,0,1114,0,0,9,0,9,983,105,35,0,1123,0,0,0,1123
06/07/2018,MIA,FL,ASO,ES,Combined TRACON& Tower with Radar,984,136,27,4,1151,0,0,5,0,5,984,136,32,4,1156,0,0,0,1156
06/08/2018,MIA,FL,ASO,ES,Combined TRACON& Tower with Radar,974,140,36,0,1150,0,0,9,0,9,974,140,45,0,1159,0,0,0,1159
06/09/2018,MIA,FL,ASO,ES,Combined TRACON& Tower with Radar,942,112,16,0,1070,0,0,7,0,7,942,112,23,0,1077,0,0,0,1077
06/10/2018,MIA,FL,ASO,ES,Combined TRACON& Tower with Radar,950,126,32,3,1111,0,0,4,0,4,950,126,36,3,1115,0,0,0,1115
06/11/2018,MIA,FL,ASO,ES,Combined TRACON& Tower with Radar,929,137,29,1,1096,0,0,3,0,3,929,137,32,1,1099,0,0,0,1099
06/12/2018,MIA,FL,ASO,ES,Combined TRACON& Tower with Radar,938,142,35,0,1115,1,0,2,0,3,939,142,37,0,1118,0,0,0,1118
06/13/2018,MIA,FL,ASO,ES,Combined TRACON& Tower with Radar,966,122,29,0,1117,1,0,2,0,3,967,122,31,0,1120,0,0,0,1120
06/14/2018,MIA,FL,ASO,ES,Combined TRACON& Tower with Radar,972,130,29,2,1133,0,0,6,0,6,972,130,35,2,1139,0,0,0,1139
06/15/2018,MIA,FL,ASO,ES,Combined TRACON& Tower with Radar,982,139,37,0,1158,0,2,8,0,10,982,141,45,0,1168,0,0,0,1168
06/16/2018,MIA,FL,ASO,ES,Combined TRACON& Tower with Radar,945,101,24,0,1070,0,0,7,0,7,945,101,31,0,1077,0,0,0,1077
06/17/2018,MIA,FL,ASO,ES,Combined TRACON& Tower with Radar,946,113,23,0,1082,0,0,4,0,4,946,113,27,0,1086,0,0,0,1086
06/18/2018,MIA,FL,ASO,ES,Combined TRACON& Tower with Radar,927,138,31,6,1102,0,1,6,0,7,927,139,37,6,1109,0,0,0,1109
06/19/2018,MIA,FL,ASO,ES,Combined TRACON& Tower with Radar,945,126,16,0,1087,0,0,5,0,5,945,126,21,0,1092,0,0,0,1092
06/20/2018,MIA,FL,ASO,ES,Combined TRACON& Tower with Radar,954,131,29,3,1117,0,0,9,0,9,954,131,38,3,1126,0,0,0,1126
06/21/2018,MIA,FL,ASO,ES,Combined TRACON& Tower with Radar,973,152,31,1,1157,0,0,1,1,2,973,152,32,2,1159,0,0,0,1159
06/22/2018,MIA,FL,ASO,ES,Combined TRACON& Tower with Radar,977,136,23,2,1138,0,0,2,0,2,977,136,25,2,1140,0,0,0,1140
06/23/2018,MIA,FL,ASO,ES,Combined TRACON& Tower with Radar,970,102,15,6,1093,0,0,6,0,6,970,102,21,6,1099,0,0,0,1099
06/24/2018,MIA,FL,ASO,ES,Combined TRACON& Tower with Radar,919,120,33,1,1073,0,0,4,0,4,919,120,37,1,1077,0,0,0,1077
06/25/2018,MIA,FL,ASO,ES,Combined TRACON& Tower with Radar,929,137,27,1,1094,0,1,13,0,14,929,138,40,1,1108,0,0,0,1108
06/26/2018,MIA,FL,ASO,ES,Combined TRACON& Tower with Radar,959,137,45,2,1143,0,3,9,2,14,959,140,54,4,1157,0,0,0,1157
06/27/2018,MIA,FL,ASO,ES,Combined TRACON& Tower with Radar,971,127,21,0,1119,0,0,6,1,7,971,127,27,1,1126,0,0,0,1126
06/28/2018,MIA,FL,ASO,ES,Combined TRACON& Tower with Radar,948,145,20,0,1113,0,2,11,0,13,948,147,31,0,1126,0,0,0,1126
06/29/2018,MIA,FL,ASO,ES,Combined TRACON& Tower with Radar,996,153,46,0,1195,0,1,3,0,4,996,154,49,0,1199,0,0,0,1199
06/30/2018,MIA,FL,ASO,ES,Combined TRACON& Tower with Radar,971,120,22,2,1115,0,0,6,0,6,971,120,28,2,1121,0,0,0,1121
07/01/2018,MIA,FL,ASO,ES,Combined TRACON& Tower with Radar,939,110,26,2,1077,0,0,5,0,5,939,110,31,2,1082,0,0,0,1082
07/02/2018,MIA,FL,ASO,ES,Combined TRACON& Tower with Radar,911,138,15,4,1068,0,1,24,0,25,911,139,39,4,1093,0,0,0,1093
07/03/2018,MIA,FL,ASO,ES,Combined TRACON& Tower with Radar,922,131,21,0,1074,0,0,3,0,3,922,131,24,0,1077,0,0,0,1077
07/04/2018,MIA,FL,ASO,ES,Combined TRACON& Tower with Radar,927,115,9,2,1053,0,0,2,0,2,927,115,11,2,1055,0,0,0,1055
07/05/2018,MIA,FL,ASO,ES,Combined TRACON& Tower with Radar,953,126,23,2,1104,0,2,1,1,4,953,128,24,3,1108,0,0,0,1108
07/06/2018,MIA,FL,ASO,ES,Combined TRACON& Tower with Radar,987,134,25,3,1149,0,0,7,0,7,987,134,32,3,1156,0,0,0,1156
07/07/2018,MIA,FL,ASO,ES,Combined TRACON& Tower with Radar,957,113,20,0,1090,0,0,5,0,5,957,113,25,0,1095,0,0,0,1095
07/08/2018,MIA,FL,ASO,ES,Combined TRACON& Tower with Radar,969,119,23,2,1113,0,0,1,0,1,969,119,24,2,1114,0,0,0,1114
07/09/2018,MIA,FL,ASO,ES,Combined TRACON& Tower with Radar,920,130,18,0,1068,0,0,3,0,3,920,130,21,0,1071,0,0,0,1071
07/10/2018,MIA,FL,ASO,ES,Combined TRACON& Tower with Radar,961,120,28,0,1109,0,0,3,0,3,961,120,31,0,1112,0,0,0,1112
07/11/2018,MIA,FL,ASO,ES,Combined TRACON& Tower with Radar,957,125,33,1,1116,1,0,6,0,7,958,125,39,1,1123,0,0,0,1123
07/12/2018,MIA,FL,ASO,ES,Combined TRACON& Tower with Radar,997,131,31,0,1159,0,1,2,1,4,997,132,33,1,1163,0,0,0,1163
07/13/2018,MIA,FL,ASO,ES,Combined TRACON& Tower with Radar,992,121,22,2,1137,0,0,8,0,8,992,121,30,2,1145,0,0,0,1145
07/14/2018,MIA,FL,ASO,ES,Combined TRACON& Tower with Radar,963,112,15,0,1090,0,0,6,0,6,963,112,21,0,1096,0,0,0,1096
07/15/2018,MIA,FL,ASO,ES,Combined TRACON& Tower with Radar,952,110,15,2,1079,0,0,5,0,5,952,110,20,2,1084,0,0,0,1084
07/16/2018,MIA,FL,ASO,ES,Combined TRACON& Tower with Radar,932,131,22,3,1088,0,0,3,0,3,932,131,25,3,1091,0,0,0,1091
07/17/2018,MIA,FL,ASO,ES,Combined TRACON& Tower with Radar,948,126,22,2,1098,0,0,11,0,11,948,126,33,2,1109,0,0,0,1109
07/18/2018,MIA,FL,ASO,ES,Combined TRACON& Tower with Radar,984,140,38,0,1162,0,1,8,0,9,984,141,46,0,1171,0,0,0,1171
07/19/2018,MIA,FL,ASO,ES,Combined TRACON& Tower with Radar,971,138,42,2,1153,0,0,7,0,7,971,138,49,2,1160,0,0,0,1160
07/20/2018,MIA,FL,ASO,ES,Combined TRACON& Tower with Radar,971,134,40,1,1146,0,0,4,0,4,971,134,44,1,1150,0,0,0,1150
07/21/2018,MIA,FL,ASO,ES,Combined TRACON& Tower with Radar,949,119,21,0,1089,0,0,2,0,2,949,119,23,0,1091,0,0,0,1091
07/22/2018,MIA,FL,ASO,ES,Combined TRACON& Tower with Radar,973,110,22,1,1106,0,0,3,0,3,973,110,25,1,1109,0,0,0,1109
07/23/2018,MIA,FL,ASO,ES,Combined TRACON& Tower with Radar,899,123,45,0,1067,0,0,11,0,11,899,123,56,0,1078,0,0,0,1078
07/24/2018,MIA,FL,ASO,ES,Combined TRACON& Tower with Radar,930,129,28,0,1087,0,2,10,0,12,930,131,38,0,1099,0,0,0,1099
07/25/2018,MIA,FL,ASO,ES,Combined TRACON& Tower with Radar,955,133,34,0,1122,0,0,13,0,13,955,133,47,0,1135,0,0,0,1135
07/26/2018,MIA,FL,ASO,ES,Combined TRACON& Tower with Radar,957,127,32,4,1120,0,0,10,1,11,957,127,42,5,1131,0,0,0,1131
07/27/2018,MIA,FL,ASO,ES,Combined TRACON& Tower with Radar,981,132,41,2,1156,0,3,7,0,10,981,135,48,2,1166,0,0,0,1166
07/28/2018,MIA,FL,ASO,ES,Combined TRACON& Tower with Radar,948,110,22,0,1080,0,0,2,0,2,948,110,24,0,1082,0,0,0,1082
07/29/2018,MIA,FL,ASO,ES,Combined TRACON& Tower with Radar,968,116,42,0,1126,0,0,1,0,1,968,116,43,0,1127,0,0,0,1127
07/30/2018,MIA,FL,ASO,ES,Combined TRACON& Tower with Radar,926,127,29,0,1082,0,2,0,0,2,926,129,29,0,1084,0,0,0,1084
07/31/2018,MIA,FL,ASO,ES,Combined TRACON& Tower with Radar,964,121,33,0,1118,0,0,2,0,2,964,121,35,0,1120,0,0,0,1120
08/01/2018,MIA,FL,ASO,ES,Combined TRACON& Tower with Radar,967,124,43,0,1134,0,0,3,0,3,967,124,46,0,1137,0,0,0,1137
08/02/2018,MIA,FL,ASO,ES,Combined TRACON& Tower with Radar,957,146,20,0,1123,0,0,3,0,3,957,146,23,0,1126,0,0,0,1126
08/03/2018,MIA,FL,ASO,ES,Combined TRACON& Tower with Radar,985,130,30,0,1145,0,0,1,0,1,985,130,31,0,1146,0,0,0,1146
08/04/2018,MIA,FL,ASO,ES,Combined TRACON& Tower with Radar,969,118,12,0,1099,0,1,6,0,7,969,119,18,0,1106,0,0,0,1106
08/05/2018,MIA,FL,ASO,ES,Combined TRACON& Tower with Radar,956,114,35,0,1105,0,0,1,0,1,956,114,36,0,1106,0,0,0,1106
08/06/2018,MIA,FL,ASO,ES,Combined TRACON& Tower with Radar,928,123,43,4,1098,0,2,4,0,6,928,125,47,4,1104,0,0,0,1104
08/07/2018,MIA,FL,ASO,ES,Combined TRACON& Tower with Radar,945,126,23,0,1094,0,0,8,0,8,945,126,31,0,1102,0,0,0,1102
08/08/2018,MIA,FL,ASO,ES,Combined TRACON& Tower with Radar,982,142,20,0,1144,0,2,9,2,13,982,144,29,2,1157,0,0,0,1157
08/09/2018,MIA,FL,ASO,ES,Combined TRACON& Tower with Radar,955,133,24,0,1112,0,0,11,0,11,955,133,35,0,1123,0,0,0,1123
08/10/2018,MIA,FL,ASO,ES,Combined TRACON& Tower with Radar,953,122,36,0,1111,0,0,14,0,14,953,122,50,0,1125,0,0,0,1125
08/11/2018,MIA,FL,ASO,ES,Combined TRACON& Tower with Radar,968,115,10,1,1094,0,0,5,0,5,968,115,15,1,1099,0,0,0,1099
08/12/2018,MIA,FL,ASO,ES,Combined TRACON& Tower with Radar,940,119,34,2,1095,0,3,3,0,6,940,122,37,2,1101,0,0,0,1101
08/13/2018,MIA,FL,ASO,ES,Combined TRACON& Tower with Radar,923,133,29,0,1085,0,0,14,1,15,923,133,43,1,1100,0,0,0,1100
08/14/2018,MIA,FL,ASO,ES,Combined TRACON& Tower with Radar,948,122,23,4,1097,0,0,10,1,11,948,122,33,5,1108,0,0,0,1108
08/15/2018,MIA,FL,ASO,ES,Combined TRACON& Tower with Radar,968,148,27,0,1143,0,2,4,1,7,968,150,31,1,1150,0,0,0,1150
08/16/2018,MIA,FL,ASO,ES,Combined TRACON& Tower with Radar,955,126,33,4,1118,0,1,10,0,11,955,127,43,4,1129,0,0,0,1129
08/17/2018,MIA,FL,ASO,ES,Combined TRACON& Tower with Radar,960,131,23,0,1114,0,0,6,0,6,960,131,29,0,1120,0,0,0,1120
08/18/2018,MIA,FL,ASO,ES,Combined TRACON& Tower with Radar,933,109,20,0,1062,0,0,4,0,4,933,109,24,0,1066,0,0,0,1066
08/19/2018,MIA,FL,ASO,ES,Combined TRACON& Tower with Radar,937,121,29,0,1087,0,0,3,0,3,937,121,32,0,1090,0,0,0,1090
08/20/2018,MIA,FL,ASO,ES,Combined TRACON& Tower with Radar,927,135,15,4,1081,0,0,7,0,7,927,135,22,4,1088,0,0,0,1088
08/21/2018,MIA,FL,ASO,ES,Combined TRACON& Tower with Radar,899,104,27,6,1036,0,0,10,0,10,899,104,37,6,1046,0,0,0,1046
08/22/2018,MIA,FL,ASO,ES,Combined TRACON& Tower with Radar,920,120,32,4,1076,0,1,3,0,4,920,121,35,4,1080,0,0,0,1080
08/23/2018,MIA,FL,ASO,ES,Combined TRACON& Tower with Radar,914,123,32,1,1070,0,0,5,0,5,914,123,37,1,1075,0,0,0,1075
08/24/2018,MIA,FL,ASO,ES,Combined TRACON& Tower with Radar,921,129,27,0,1077,0,2,8,0,10,921,131,35,0,1087,0,0,0,1087
08/25/2018,MIA,FL,ASO,ES,Combined TRACON& Tower with Radar,845,102,13,1,961,0,0,1,0,1,845,102,14,1,962,0,0,0,962
08/26/2018,MIA,FL,ASO,ES,Combined TRACON& Tower with Radar,917,103,21,1,1042,0,1,6,0,7,917,104,27,1,1049,0,0,0,1049
08/27/2018,MIA,FL,ASO,ES,Combined TRACON& Tower with Radar,872,117,19,0,1008,0,3,7,1,11,872,120,26,1,1019,0,0,0,1019
08/28/2018,MIA,FL,ASO,ES,Combined TRACON& Tower with Radar,880,106,29,0,1015,0,0,2,0,2,880,106,31,0,1017,0,0,0,1017
08/29/2018,MIA,FL,ASO,ES,Combined TRACON& Tower with Radar,903,135,11,0,1049,0,0,5,0,5,903,135,16,0,1054,0,0,0,1054
08/30/2018,MIA,FL,ASO,ES,Combined TRACON& Tower with Radar,928,119,28,1,1076,0,0,6,0,6,928,119,34,1,1082,0,0,0,1082
08/31/2018,MIA,FL,ASO,ES,Combined TRACON& Tower with Radar,929,140,26,1,1096,0,0,3,1,4,929,140,29,2,1100,0,0,0,1100
09/01/2018,MIA,FL,ASO,ES,Combined TRACON& Tower with Radar,880,102,8,0,990,0,0,2,0,2,880,102,10,0,992,0,0,0,992
09/02/2018,MIA,FL,ASO,ES,Combined TRACON& Tower with Radar,884,89,16,1,990,0,0,1,0,1,884,89,17,1,991,0,0,0,991
09/03/2018,MIA,FL,ASO,ES,Combined TRACON& Tower with Radar,850,119,24,0,993,0,0,0,0,0,850,119,24,0,993,0,0,0,993
09/04/2018,MIA,FL,ASO,ES,Combined TRACON& Tower with Radar,853,113,27,0,993,0,3,6,0,9,853,116,33,0,1002,0,0,0,1002
09/05/2018,MIA,FL,ASO,ES,Combined TRACON& Tower with Radar,894,114,18,14,1040,0,0,7,2,9,894,114,25,16,1049,0,0,0,1049
09/06/2018,MIA,FL,ASO,ES,Combined TRACON& Tower with Radar,909,112,20,1,1042,0,0,3,0,3,909,112,23,1,1045,0,0,0,1045
09/07/2018,MIA,FL,ASO,ES,Combined TRACON& Tower with Radar,904,115,31,10,1060,0,0,7,0,7,904,115,38,10,1067,0,0,0,1067
09/08/2018,MIA,FL,ASO,ES,Combined TRACON& Tower with Radar,867,93,20,1,981,0,0,3,0,3,867,93,23,1,984,0,0,0,984
09/09/2018,MIA,FL,ASO,ES,Combined TRACON& Tower with Radar,889,96,16,0,1001,0,0,3,0,3,889,96,19,0,1004,0,0,0,1004
09/10/2018,MIA,FL,ASO,ES,Combined TRACON& Tower with Radar,855,112,21,1,989,0,0,8,0,8,855,112,29,1,997,0,0,0,997
09/11/2018,MIA,FL,ASO,ES,Combined TRACON& Tower with Radar,876,99,27,1,1003,0,0,4,0,4,876,99,31,1,1007,0,0,0,1007
09/12/2018,MIA,FL,ASO,ES,Combined TRACON& Tower with Radar,900,102,22,0,1024,1,0,3,1,5,901,102,25,1,1029,0,0,0,1029
09/13/2018,MIA,FL,ASO,ES,Combined TRACON& Tower with Radar,913,114,34,3,1064,0,0,5,0,5,913,114,39,3,1069,0,0,0,1069
09/14/2018,MIA,FL,ASO,ES,Combined TRACON& Tower with Radar,902,111,24,1,1038,0,1,8,0,9,902,112,32,1,1047,0,0,0,1047
09/15/2018,MIA,FL,ASO,ES,Combined TRACON& Tower with Radar,892,86,11,0,989,0,0,0,0,0,892,86,11,0,989,0,0,0,989
09/16/2018,MIA,FL,ASO,ES,Combined TRACON& Tower with Radar,895,90,33,0,1018,0,0,13,0,13,895,90,46,0,1031,0,0,0,1031
09/17/2018,MIA,FL,ASO,ES,Combined TRACON& Tower with Radar,856,115,26,0,997,0,1,8,0,9,856,116,34,0,1006,0,0,0,1006
09/18/2018,MIA,FL,ASO,ES,Combined TRACON& Tower with Radar,879,108,21,2,1010,0,0,5,0,5,879,108,26,2,1015,0,0,0,1015
09/19/2018,MIA,FL,ASO,ES,Combined TRACON& Tower with Radar,901,103,25,2,1031,0,0,7,0,7,901,103,32,2,1038,0,0,0,1038
09/20/2018,MIA,FL,ASO,ES,Combined TRACON& Tower with Radar,921,135,36,3,1095,0,0,4,0,4,921,135,40,3,1099,0,0,0,1099
09/21/2018,MIA,FL,ASO,ES,Combined TRACON& Tower with Radar,910,131,34,3,1078,0,0,10,0,10,910,131,44,3,1088,0,0,0,1088
09/22/2018,MIA,FL,ASO,ES,Combined TRACON& Tower with Radar,858,96,14,5,973,0,0,10,0,10,858,96,24,5,983,0,0,0,983
09/23/2018,MIA,FL,ASO,ES,Combined TRACON& Tower with Radar,898,108,27,0,1033,0,0,5,0,5,898,108,32,0,1038,0,0,0,1038
09/24/2018,MIA,FL,ASO,ES,Combined TRACON& Tower with Radar,855,113,24,1,993,0,0,10,0,10,855,113,34,1,1003,0,0,0,1003
09/25/2018,MIA,FL,ASO,ES,Combined TRACON& Tower with Radar,879,125,34,0,1038,0,0,9,0,9,879,125,43,0,1047,0,0,0,1047
09/26/2018,MIA,FL,ASO,ES,Combined TRACON& Tower with Radar,887,115,36,4,1042,0,0,6,0,6,887,115,42,4,1048,0,0,0,1048
09/27/2018,MIA,FL,ASO,ES,Combined TRACON& Tower with Radar,928,118,44,0,1090,1,0,6,1,8,929,118,50,1,1098,0,0,0,1098
09/28/2018,MIA,FL,ASO,ES,Combined TRACON& Tower with Radar,927,111,21,1,1060,0,4,3,1,8,927,115,24,2,1068,0,0,0,1068
09/29/2018,MIA,FL,ASO,ES,Combined TRACON& Tower with Radar,866,89,8,0,963,0,0,2,0,2,866,89,10,0,965,0,0,0,965
09/30/2018,MIA,FL,ASO,ES,Combined TRACON& Tower with Radar,891,98,29,0,1018,0,0,5,0,5,891,98,34,0,1023,0,0,0,1023
10/01/2018,MIA,FL,ASO,ES,Combined TRACON& Tower with Radar,867,131,28,3,1029,0,0,7,0,7,867,131,35,3,1036,0,0,0,1036
10/02/2018,MIA,FL,ASO,ES,Combined TRACON& Tower with Radar,892,102,21,2,1017,0,0,8,0,8,892,102,29,2,1025,0,0,0,1025
10/03/2018,MIA,FL,ASO,ES,Combined TRACON& Tower with Radar,910,118,30,0,1058,0,0,9,0,9,910,118,39,0,1067,0,0,0,1067
10/04/2018,MIA,FL,ASO,ES,Combined TRACON& Tower with Radar,942,116,38,2,1098,0,0,1,0,1,942,116,39,2,1099,0,0,0,1099
10/05/2018,MIA,FL,ASO,ES,Combined TRACON& Tower with Radar,942,133,31,2,1108,0,0,9,0,9,942,133,40,2,1117,0,0,0,1117
10/06/2018,MIA,FL,ASO,ES,Combined TRACON& Tower with Radar,915,92,26,0,1033,0,0,1,0,1,915,92,27,0,1034,0,0,0,1034
10/07/2018,MIA,FL,ASO,ES,Combined TRACON& Tower with Radar,920,103,43,2,1068,0,0,9,0,9,920,103,52,2,1077,0,0,0,1077
10/08/2018,MIA,FL,ASO,ES,Combined TRACON& Tower with Radar,883,101,34,3,1021,0,0,0,0,0,883,101,34,3,1021,0,0,0,1021
10/09/2018,MIA,FL,ASO,ES,Combined TRACON& Tower with Radar,875,103,23,0,1001,0,0,7,0,7,875,103,30,0,1008,0,0,0,1008
10/10/2018,MIA,FL,ASO,ES,Combined TRACON& Tower with Radar,925,85,26,0,1036,0,2,7,0,9,925,87,33,0,1045,0,0,0,1045
10/11/2018,MIA,FL,ASO,ES,Combined TRACON& Tower with Radar,947,110,33,0,1090,0,0,8,0,8,947,110,41,0,1098,0,0,0,1098
10/12/2018,MIA,FL,ASO,ES,Combined TRACON& Tower with Radar,945,109,37,0,1091,0,2,13,0,15,945,111,50,0,1106,0,0,0,1106
10/13/2018,MIA,FL,ASO,ES,Combined TRACON& Tower with Radar,920,91,17,0,1028,0,0,4,0,4,920,91,21,0,1032,0,0,0,1032
10/14/2018,MIA,FL,ASO,ES,Combined TRACON& Tower with Radar,909,102,24,0,1035,0,0,5,0,5,909,102,29,0,1040,0,0,0,1040
10/15/2018,MIA,FL,ASO,ES,Combined TRACON& Tower with Radar,904,108,31,0,1043,0,0,2,2,4,904,108,33,2,1047,0,0,0,1047
10/16/2018,MIA,FL,ASO,ES,Combined TRACON& Tower with Radar,901,109,29,4,1043,0,0,5,0,5,901,109,34,4,1048,0,0,0,1048
10/17/2018,MIA,FL,ASO,ES,Combined TRACON& Tower with Radar,920,105,33,0,1058,0,2,10,0,12,920,107,43,0,1070,0,0,0,1070
10/18/2018,MIA,FL,ASO,ES,Combined TRACON& Tower with Radar,954,115,34,0,1103,0,0,21,0,21,954,115,55,0,1124,0,0,0,1124
10/19/2018,MIA,FL,ASO,ES,Combined TRACON& Tower with Radar,958,126,26,4,1114,0,0,1,0,1,958,126,27,4,1115,0,0,0,1115
10/20/2018,MIA,FL,ASO,ES,Combined TRACON& Tower with Radar,911,87,24,0,1022,0,0,1,0,1,911,87,25,0,1023,0,0,0,1023
10/21/2018,MIA,FL,ASO,ES,Combined TRACON& Tower with Radar,923,105,36,1,1065,0,0,9,0,9,923,105,45,1,1074,0,0,0,1074
10/22/2018,MIA,FL,ASO,ES,Combined TRACON& Tower with Radar,897,110,34,6,1047,0,0,4,0,4,897,110,38,6,1051,0,0,0,1051
10/23/2018,MIA,FL,ASO,ES,Combined TRACON& Tower with Radar,893,104,21,0,1018,0,0,10,0,10,893,104,31,0,1028,0,0,0,1028
10/24/2018,MIA,FL,ASO,ES,Combined TRACON& Tower with Radar,920,104,32,2,1058,0,0,18,0,18,920,104,50,2,1076,0,0,0,1076
10/25/2018,MIA,FL,ASO,ES,Combined TRACON& Tower with Radar,961,122,25,0,1108,0,1,9,1,11,961,123,34,1,1119,0,0,0,1119
10/26/2018,MIA,FL,ASO,ES,Combined TRACON& Tower with Radar,954,116,27,1,1098,0,0,10,0,10,954,116,37,1,1108,0,0,0,1108
10/27/2018,MIA,FL,ASO,ES,Combined TRACON& Tower with Radar,903,88,12,0,1003,0,0,4,0,4,903,88,16,0,1007,0,0,0,1007
10/28/2018,MIA,FL,ASO,ES,Combined TRACON& Tower with Radar,924,108,29,2,1063,0,0,4,0,4,924,108,33,2,1067,0,0,0,1067
10/29/2018,MIA,FL,ASO,ES,Combined TRACON& Tower with Radar,889,122,34,2,1047,0,0,13,0,13,889,122,47,2,1060,0,0,0,1060
10/30/2018,MIA,FL,ASO,ES,Combined TRACON& Tower with Radar,893,111,46,0,1050,0,1,6,0,7,893,112,52,0,1057,0,0,0,1057
10/31/2018,MIA,FL,ASO,ES,Combined TRACON& Tower with Radar,919,105,34,0,1058,0,0,12,0,12,919,105,46,0,1070,0,0,0,1070
11/01/2018,MIA,FL,ASO,ES,Combined TRACON& Tower with Radar,965,127,34,7,1133,0,0,15,0,15,965,127,49,7,1148,0,0,0,1148
11/02/2018,MIA,FL,ASO,ES,Combined TRACON& Tower with Radar,953,122,37,2,1114,0,0,6,0,6,953,122,43,2,1120,0,0,0,1120
11/03/2018,MIA,FL,ASO,ES,Combined TRACON& Tower with Radar,907,89,18,3,1017,0,0,2,0,2,907,89,20,3,1019,0,0,0,1019
11/04/2018,MIA,FL,ASO,ES,Combined TRACON& Tower with Radar,970,94,38,2,1104,0,1,3,0,4,970,95,41,2,1108,0,0,0,1108
11/05/2018,MIA,FL,ASO,ES,Combined TRACON& Tower with Radar,927,131,33,1,1092,0,0,4,0,4,927,131,37,1,1096,0,0,0,1096
11/06/2018,MIA,FL,ASO,ES,Combined TRACON& Tower with Radar,951,93,50,1,1095,0,0,8,0,8,951,93,58,1,1103,0,0,0,1103
11/07/2018,MIA,FL,ASO,ES,Combined TRACON& Tower with Radar,970,112,51,0,1133,0,1,7,0,8,970,113,58,0,1141,0,0,0,1141
11/08/2018,MIA,FL,ASO,ES,Combined TRACON& Tower with Radar,1013,125,44,2,1184,0,1,22,0,23,1013,126,66,2,1207,0,0,0,1207
11/09/2018,MIA,FL,ASO,ES,Combined TRACON& Tower with Radar,998,123,50,0,1171,0,0,15,0,15,998,123,65,0,1186,0,0,0,1186
11/10/2018,MIA,FL,ASO,ES,Combined TRACON& Tower with Radar,956,94,30,1,1081,0,0,4,0,4,956,94,34,1,1085,0,0,0,1085
11/11/2018,MIA,FL,ASO,ES,Combined TRACON& Tower with Radar,979,93,39,1,1112,0,4,3,0,7,979,97,42,1,1119,0,0,0,1119
11/12/2018,MIA,FL,ASO,ES,Combined TRACON& Tower with Radar,946,120,45,1,1112,0,2,8,0,10,946,122,53,1,1122,0,0,0,1122
11/13/2018,MIA,FL,ASO,ES,Combined TRACON& Tower with Radar,972,100,23,1,1096,0,4,3,0,7,972,104,26,1,1103,0,0,0,1103
11/14/2018,MIA,FL,ASO,ES,Combined TRACON& Tower with Radar,989,114,55,0,1158,0,3,8,0,11,989,117,63,0,1169,0,0,0,1169
11/15/2018,MIA,FL,ASO,ES,Combined TRACON& Tower with Radar,1012,141,67,0,1220,0,1,9,0,10,1012,142,76,0,1230,0,0,0,1230
11/16/2018,MIA,FL,ASO,ES,Combined TRACON& Tower with Radar,1028,137,53,0,1218,0,2,15,0,17,1028,139,68,0,1235,0,0,0,1235
11/17/2018,MIA,FL,ASO,ES,Combined TRACON& Tower with Radar,980,112,47,0,1139,1,7,21,0,29,981,119,68,0,1168,0,0,0,1168
11/18/2018,MIA,FL,ASO,ES,Combined TRACON& Tower with Radar,973,117,37,0,1127,0,2,37,0,39,973,119,74,0,1166,0,0,0,1166
11/19/2018,MIA,FL,ASO,ES,Combined TRACON& Tower with Radar,935,130,41,0,1106,1,2,10,0,13,936,132,51,0,1119,0,0,0,1119
11/20/2018,MIA,FL,ASO,ES,Combined TRACON& Tower with Radar,994,133,36,4,1167,0,1,18,0,19,994,134,54,4,1186,0,0,0,1186
11/21/2018,MIA,FL,ASO,ES,Combined TRACON& Tower with Radar,1033,124,52,1,1210,0,1,3,0,4,1033,125,55,1,1214,0,0,0,1214
11/22/2018,MIA,FL,ASO,ES,Combined TRACON& Tower with Radar,844,66,22,2,934,0,0,5,0,5,844,66,27,2,939,0,0,0,939
11/23/2018,MIA,FL,ASO,ES,Combined TRACON& Tower with Radar,898,100,24,0,1022,0,1,6,0,7,898,101,30,0,1029,0,0,0,1029
11/24/2018,MIA,FL,ASO,ES,Combined TRACON& Tower with Radar,985,102,31,2,1120,0,0,4,0,4,985,102,35,2,1124,0,0,0,1124
11/25/2018,MIA,FL,ASO,ES,Combined TRACON& Tower with Radar,998,134,51,4,1187,0,0,2,0,2,998,134,53,4,1189,0,0,0,1189
11/26/2018,MIA,FL,ASO,ES,Combined TRACON& Tower with Radar,958,127,44,14,1143,0,1,4,0,5,958,128,48,14,1148,0,0,0,1148
11/27/2018,MIA,FL,ASO,ES,Combined TRACON& Tower with Radar,989,107,41,4,1141,0,0,16,0,16,989,107,57,4,1157,0,0,0,1157
11/28/2018,MIA,FL,ASO,ES,Combined TRACON& Tower with Radar,1006,109,51,5,1171,0,0,6,0,6,1006,109,57,5,1177,0,0,0,1177
11/29/2018,MIA,FL,ASO,ES,Combined TRACON& Tower with Radar,1045,114,52,6,1217,0,0,9,0,9,1045,114,61,6,1226,0,0,0,1226
11/30/2018,MIA,FL,ASO,ES,Combined TRACON& Tower with Radar,1029,129,46,3,1207,0,1,19,1,21,1029,130,65,4,1228,0,0,0,1228
12/01/2018,MIA,FL,ASO,ES,Combined TRACON& Tower with Radar,984,95,35,1,1115,0,1,5,0,6,984,96,40,1,1121,0,0,0,1121
12/02/2018,MIA,FL,ASO,ES,Combined TRACON& Tower with Radar,1000,100,41,0,1141,0,0,5,0,5,1000,100,46,0,1146,0,0,0,1146
12/03/2018,MIA,FL,ASO,ES,Combined TRACON& Tower with Radar,987,119,54,2,1162,0,1,11,0,12,987,120,65,2,1174,0,0,0,1174
12/04/2018,MIA,FL,ASO,ES,Combined TRACON& Tower with Radar,991,151,60,3,1205,0,0,7,0,7,991,151,67,3,1212,0,0,0,1212
12/05/2018,MIA,FL,ASO,ES,Combined TRACON& Tower with Radar,1028,174,63,0,1265,0,4,11,0,15,1028,178,74,0,1280,0,0,0,1280
12/06/2018,MIA,FL,ASO,ES,Combined TRACON& Tower with Radar,1036,167,71,2,1276,0,2,12,1,15,1036,169,83,3,1291,0,0,0,1291
12/07/2018,MIA,FL,ASO,ES,Combined TRACON& Tower with Radar,1033,190,60,3,1286,0,3,12,0,15,1033,193,72,3,1301,0,0,0,1301
12/08/2018,MIA,FL,ASO,ES,Combined TRACON& Tower with Radar,1002,133,29,0,1164,1,0,7,0,8,1003,133,36,0,1172,0,0,0,1172
12/09/2018,MIA,FL,ASO,ES,Combined TRACON& Tower with Radar,990,121,56,2,1169,1,2,3,0,6,991,123,59,2,1175,0,0,0,1175
12/10/2018,MIA,FL,ASO,ES,Combined TRACON& Tower with Radar,973,125,45,2,1145,0,2,11,0,13,973,127,56,2,1158,0,0,0,1158
12/11/2018,MIA,FL,ASO,ES,Combined TRACON& Tower with Radar,980,122,27,0,1129,0,0,4,0,4,980,122,31,0,1133,0,0,0,1133
12/12/2018,MIA,FL,ASO,ES,Combined TRACON& Tower with Radar,1012,118,29,1,1160,0,0,7,0,7,1012,118,36,1,1167,0,0,0,1167
12/13/2018,MIA,FL,ASO,ES,Combined TRACON& Tower with Radar,1033,132,38,3,1206,0,0,5,0,5,1033,132,43,3,1211,0,0,0,1211
12/14/2018,MIA,FL,ASO,ES,Combined TRACON& Tower with Radar,1027,125,38,5,1195,0,2,6,0,8,1027,127,44,5,1203,0,0,0,1203
12/15/2018,MIA,FL,ASO,ES,Combined TRACON& Tower with Radar,1027,80,24,1,1132,0,0,3,0,3,1027,80,27,1,1135,0,0,0,1135
12/16/2018,MIA,FL,ASO,ES,Combined TRACON& Tower with Radar,1016,95,32,2,1145,0,0,3,0,3,1016,95,35,2,1148,0,0,0,1148
12/17/2018,MIA,FL,ASO,ES,Combined TRACON& Tower with Radar,1012,128,26,1,1167,1,0,7,1,9,1013,128,33,2,1176,0,0,0,1176
12/18/2018,MIA,FL,ASO,ES,Combined TRACON& Tower with Radar,1016,130,26,0,1172,0,2,11,0,13,1016,132,37,0,1185,0,0,0,1185
12/19/2018,MIA,FL,ASO,ES,Combined TRACON& Tower with Radar,1132,142,34,1,1309,0,0,4,0,4,1132,142,38,1,1313,0,0,0,1313
12/20/2018,MIA,FL,ASO,ES,Combined TRACON& Tower with Radar,1080,140,29,1,1250,1,0,1,0,2,1081,140,30,1,1252,0,0,0,1252
12/21/2018,MIA,FL,ASO,ES,Combined TRACON& Tower with Radar,1222,189,55,1,1467,0,2,9,0,11,1222,191,64,1,1478,0,0,0,1478
12/22/2018,MIA,FL,ASO,ES,Combined TRACON& Tower with Radar,1172,142,29,0,1343,0,0,8,0,8,1172,142,37,0,1351,0,0,0,1351
12/23/2018,MIA,FL,ASO,ES,Combined TRACON& Tower with Radar,1140,118,29,0,1287,0,1,5,0,6,1140,119,34,0,1293,0,0,0,1293
12/24/2018,MIA,FL,ASO,ES,Combined TRACON& Tower with Radar,982,118,10,4,1114,0,2,6,0,8,982,120,16,4,1122,0,0,0,1122
12/25/2018,MIA,FL,ASO,ES,Combined TRACON& Tower with Radar,943,119,13,0,1075,0,0,8,0,8,943,119,21,0,1083,0,0,0,1083
12/26/2018,MIA,FL,ASO,ES,Combined TRACON& Tower with Radar,1085,140,66,0,1291,0,2,10,0,12,1085,142,76,0,1303,0,0,0,1303
12/27/2018,MIA,FL,ASO,ES,Combined TRACON& Tower with Radar,1112,175,53,0,1340,0,0,9,0,9,1112,175,62,0,1349,0,0,0,1349
12/28/2018,MIA,FL,ASO,ES,Combined TRACON& Tower with Radar,1105,194,67,1,1367,0,3,3,0,6,1105,197,70,1,1373,0,0,0,1373
12/29/2018,MIA,FL,ASO,ES,Combined TRACON& Tower with Radar,1138,144,45,2,1329,0,1,9,0,10,1138,145,54,2,1339,0,0,0,1339
12/30/2018,MIA,FL,ASO,ES,Combined TRACON& Tower with Radar,1115,131,51,0,1297,0,0,8,0,8,1115,131,59,0,1305,0,0,0,1305
12/31/2018,MIA,FL,ASO,ES,Combined TRACON& Tower with Radar,1002,120,13,0,1135,0,0,7,0,7,1002,120,20,0,1142,0,0,0,1142
01/01/2019,MIA,FL,ASO,ES,Combined TRACON& Tower with Radar,951,126,38,0,1115,0,6,14,0,20,951,132,52,0,1135,0,0,0,1135
01/02/2019,MIA,FL,ASO,ES,Combined TRACON& Tower with Radar,1095,151,57,0,1303,0,0,13,0,13,1095,151,70,0,1316,0,0,0,1316
01/03/2019,MIA,FL,ASO,ES,Combined TRACON& Tower with Radar,1142,142,58,1,1343,0,0,7,0,7,1142,142,65,1,1350,0,0,0,1350
01/04/2019,MIA,FL,ASO,ES,Combined TRACON& Tower with Radar,1128,156,52,3,1339,0,5,18,0,23,1128,161,70,3,1362,0,0,0,1362
01/05/2019,MIA,FL,ASO,ES,Combined TRACON& Tower with Radar,1112,149,57,0,1318,1,0,15,0,16,1113,149,72,0,1334,0,0,0,1334
01/06/2019,MIA,FL,ASO,ES,Combined TRACON& Tower with Radar,1093,140,52,0,1285,0,2,19,0,21,1093,142,71,0,1306,0,0,0,1306
01/07/2019,MIA,FL,ASO,ES,Combined TRACON& Tower with Radar,1041,124,46,0,1211,0,1,10,3,14,1041,125,56,3,1225,0,0,0,1225
01/08/2019,MIA,FL,ASO,ES,Combined TRACON& Tower with Radar,1035,127,49,2,1213,0,0,17,0,17,1035,127,66,2,1230,0,0,0,1230
01/09/2019,MIA,FL,ASO,ES,Combined TRACON& Tower with Radar,1044,118,51,1,1214,0,0,8,0,8,1044,118,59,1,1222,0,0,0,1222
01/10/2019,MIA,FL,ASO,ES,Combined TRACON& Tower with Radar,1083,105,47,3,1238,0,2,19,1,22,1083,107,66,4,1260,0,0,0,1260
01/11/2019,MIA,FL,ASO,ES,Combined TRACON& Tower with Radar,1084,122,40,0,1246,0,0,7,0,7,1084,122,47,0,1253,0,0,0,1253
01/12/2019,MIA,FL,ASO,ES,Combined TRACON& Tower with Radar,1030,92,30,0,1152,0,0,3,0,3,1030,92,33,0,1155,0,0,0,1155
01/13/2019,MIA,FL,ASO,ES,Combined TRACON& Tower with Radar,1057,111,46,0,1214,2,0,9,0,11,1059,111,55,0,1225,0,0,0,1225
01/14/2019,MIA,FL,ASO,ES,Combined TRACON& Tower with Radar,1029,121,26,0,1176,0,0,11,0,11,1029,121,37,0,1187,0,0,0,1187
01/15/2019,MIA,FL,ASO,ES,Combined TRACON& Tower with Radar,1024,124,40,4,1192,0,1,7,0,8,1024,125,47,4,1200,0,0,0,1200
01/16/2019,MIA,FL,ASO,ES,Combined TRACON& Tower with Radar,1024,121,44,0,1189,0,0,9,0,9,1024,121,53,0,1198,0,0,0,1198
01/17/2019,MIA,FL,ASO,ES,Combined TRACON& Tower with Radar,1088,145,46,1,1280,0,2,0,0,2,1088,147,46,1,1282,0,0,0,1282
01/18/2019,MIA,FL,ASO,ES,Combined TRACON& Tower with Radar,1082,146,76,1,1305,0,3,12,0,15,1082,149,88,1,1320,0,0,0,1320
01/19/2019,MIA,FL,ASO,ES,Combined TRACON& Tower with Radar,1028,97,30,4,1159,0,2,8,0,10,1028,99,38,4,1169,0,0,0,1169
01/20/2019,MIA,FL,ASO,ES,Combined TRACON& Tower with Radar,1033,107,45,1,1186,0,0,3,0,3,1033,107,48,1,1189,0,0,0,1189
01/21/2019,MIA,FL,ASO,ES,Combined TRACON& Tower with Radar,1023,155,70,1,1249,0,0,10,0,10,1023,155,80,1,1259,0,0,0,1259
01/22/2019,MIA,FL,ASO,ES,Combined TRACON& Tower with Radar,1028,123,49,0,1200,0,0,6,0,6,1028,123,55,0,1206,0,0,0,1206
01/23/2019,MIA,FL,ASO,ES,Combined TRACON& Tower with Radar,1048,117,59,0,1224,0,0,17,0,17,1048,117,76,0,1241,0,0,0,1241
01/24/2019,MIA,FL,ASO,ES,Combined TRACON& Tower with Radar,1088,130,60,0,1278,0,1,3,0,4,1088,131,63,0,1282,0,0,0,1282
01/25/2019,MIA,FL,ASO,ES,Combined TRACON& Tower with Radar,1096,142,54,3,1295,0,0,15,0,15,1096,142,69,3,1310,0,0,0,1310
01/26/2019,MIA,FL,ASO,ES,Combined TRACON& Tower with Radar,1072,114,23,1,1210,0,0,3,0,3,1072,114,26,1,1213,0,0,0,1213
01/27/2019,MIA,FL,ASO,ES,Combined TRACON& Tower with Radar,1091,107,50,0,1248,0,0,7,0,7,1091,107,57,0,1255,0,0,0,1255
01/28/2019,MIA,FL,ASO,ES,Combined TRACON& Tower with Radar,1032,122,39,2,1195,0,0,7,2,9,1032,122,46,4,1204,0,0,0,1204
01/29/2019,MIA,FL,ASO,ES,Combined TRACON& Tower with Radar,1043,115,46,0,1204,0,0,18,0,18,1043,115,64,0,1222,0,0,0,1222
01/30/2019,MIA,FL,ASO,ES,Combined TRACON& Tower with Radar,1035,123,59,0,1217,0,0,2,0,2,1035,123,61,0,1219,0,0,0,1219
01/31/2019,MIA,FL,ASO,ES,Combined TRACON& Tower with Radar,1101,141,43,5,1290,0,0,14,0,14,1101,141,57,5,1304,0,0,0,1304
02/01/2019,MIA,FL,ASO,ES,Combined TRACON& Tower with Radar,1111,142,59,3,1315,0,2,15,0,17,1111,144,74,3,1332,0,0,0,1332
02/02/2019,MIA,FL,ASO,ES,Combined TRACON& Tower with Radar,1106,101,28,0,1235,0,1,1,0,2,1106,102,29,0,1237,0,0,0,1237
02/03/2019,MIA,FL,ASO,ES,Combined TRACON& Tower with Radar,1073,118,38,0,1229,0,0,3,0,3,1073,118,41,0,1232,0,0,0,1232
02/04/2019,MIA,FL,ASO,ES,Combined TRACON& Tower with Radar,1058,151,54,2,1265,0,3,4,0,7,1058,154,58,2,1272,0,0,0,1272
02/05/2019,MIA,FL,ASO,ES,Combined TRACON& Tower with Radar,1039,138,44,8,1229,0,2,7,0,9,1039,140,51,8,1238,0,0,0,1238
02/06/2019,MIA,FL,ASO,ES,Combined TRACON& Tower with Radar,1066,136,50,2,1254,0,5,10,0,15,1066,141,60,2,1269,0,0,0,1269
02/07/2019,MIA,FL,ASO,ES,Combined TRACON& Tower with Radar,1071,150,63,2,1286,0,0,7,0,7,1071,150,70,2,1293,0,0,0,1293
02/08/2019,MIA,FL,ASO,ES,Combined TRACON& Tower with Radar,1089,150,52,0,1291,0,0,8,0,8,1089,150,60,0,1299,0,0,0,1299
02/09/2019,MIA,FL,ASO,ES,Combined TRACON& Tower with Radar,1034,98,26,1,1159,1,1,1,0,3,1035,99,27,1,1162,0,0,0,1162
02/10/2019,MIA,FL,ASO,ES,Combined TRACON& Tower with Radar,1058,118,37,1,1214,0,0,2,0,2,1058,118,39,1,1216,0,0,0,1216
02/11/2019,MIA,FL,ASO,ES,Combined TRACON& Tower with Radar,1004,143,48,0,1195,1,2,7,0,10,1005,145,55,0,1205,0,0,0,1205
02/12/2019,MIA,FL,ASO,ES,Combined TRACON& Tower with Radar,999,122,67,0,1188,0,1,7,0,8,999,123,74,0,1196,0,0,0,1196
02/13/2019,MIA,FL,ASO,ES,Combined TRACON& Tower with Radar,1052,157,61,0,1270,1,1,1,0,3,1053,158,62,0,1273,0,0,0,1273
02/14/2019,MIA,FL,ASO,ES,Combined TRACON& Tower with Radar,1072,164,80,2,1318,0,2,16,3,21,1072,166,96,5,1339,0,0,0,1339
02/15/2019,MIA,FL,ASO,ES,Combined TRACON& Tower with Radar,1071,185,78,0,1334,0,1,20,0,21,1071,186,98,0,1355,0,0,0,1355
02/16/2019,MIA,FL,ASO,ES,Combined TRACON& Tower with Radar,1040,124,36,0,1200,1,0,17,0,18,1041,124,53,0,1218,0,0,0,1218
02/17/2019,MIA,FL,ASO,ES,Combined TRACON& Tower with Radar,1036,146,63,1,1246,0,2,8,0,10,1036,148,71,1,1256,0,0,0,1256
02/18/2019,MIA,FL,ASO,ES,Combined TRACON& Tower with Radar,1027,143,53,5,1228,0,2,5,0,7,1027,145,58,5,1235,0,0,0,1235
02/19/2019,MIA,FL,ASO,ES,Combined TRACON& Tower with Radar,1041,144,57,1,1243,0,2,12,0,14,1041,146,69,1,1257,0,0,0,1257
02/20/2019,MIA,FL,ASO,ES,Combined TRACON& Tower with Radar,1046,161,77,0,1284,0,1,14,2,17,1046,162,91,2,1301,0,0,0,1301
02/21/2019,MIA,FL,ASO,ES,Combined TRACON& Tower with Radar,1085,152,70,2,1309,0,2,14,1,17,1085,154,84,3,1326,0,0,0,1326
02/22/2019,MIA,FL,ASO,ES,Combined TRACON& Tower with Radar,1075,146,50,1,1272,0,0,11,0,11,1075,146,61,1,1283,0,0,0,1283
02/23/2019,MIA,FL,ASO,ES,Combined TRACON& Tower with Radar,1066,112,26,0,1204,0,0,5,0,5,1066,112,31,0,1209,0,0,0,1209
02/24/2019,MIA,FL,ASO,ES,Combined TRACON& Tower with Radar,1050,117,51,2,1220,0,0,1,0,1,1050,117,52,2,1221,0,0,0,1221
02/25/2019,MIA,FL,ASO,ES,Combined TRACON& Tower with Radar,1037,148,52,1,1238,1,3,5,0,9,1038,151,57,1,1247,0,0,0,1247
02/26/2019,MIA,FL,ASO,ES,Combined TRACON& Tower with Radar,1057,134,49,5,1245,0,2,11,0,13,1057,136,60,5,1258,0,0,0,1258
02/27/2019,MIA,FL,ASO,ES,Combined TRACON& Tower with Radar,1076,135,57,2,1270,0,0,7,0,7,1076,135,64,2,1277,0,0,0,1277
02/28/2019,MIA,FL,ASO,ES,Combined TRACON& Tower with Radar,1084,158,74,2,1318,0,3,15,1,19,1084,161,89,3,1337,0,0,0,1337
03/01/2019,MIA,FL,ASO,ES,Combined TRACON& Tower with Radar,1079,145,53,2,1279,1,2,8,0,11,1080,147,61,2,1290,0,0,0,1290
03/02/2019,MIA,FL,ASO,ES,Combined TRACON& Tower with Radar,1069,113,27,0,1209,0,0,9,0,9,1069,113,36,0,1218,0,0,0,1218
03/03/2019,MIA,FL,ASO,ES,Combined TRACON& Tower with Radar,1055,109,42,0,1206,0,0,9,1,10,1055,109,51,1,1216,0,0,0,1216
03/04/2019,MIA,FL,ASO,ES,Combined TRACON& Tower with Radar,1026,125,24,0,1175,0,0,5,0,5,1026,125,29,0,1180,0,0,0,1180
03/05/2019,MIA,FL,ASO,ES,Combined TRACON& Tower with Radar,1041,127,33,0,1201,0,1,5,0,6,1041,128,38,0,1207,0,0,0,1207
03/06/2019,MIA,FL,ASO,ES,Combined TRACON& Tower with Radar,1065,118,32,0,1215,0,0,6,0,6,1065,118,38,0,1221,0,0,0,1221
03/07/2019,MIA,FL,ASO,ES,Combined TRACON& Tower with Radar,1081,144,34,2,1261,0,0,10,0,10,1081,144,44,2,1271,0,0,0,1271
03/08/2019,MIA,FL,ASO,ES,Combined TRACON& Tower with Radar,1055,146,49,0,1250,0,0,16,0,16,1055,146,65,0,1266,0,0,0,1266
03/09/2019,MIA,FL,ASO,ES,Combined TRACON& Tower with Radar,1078,105,29,0,1212,0,1,9,0,10,1078,106,38,0,1222,0,0,0,1222
03/10/2019,MIA,FL,ASO,ES,Combined TRACON& Tower with Radar,1050,116,48,0,1214,0,1,8,0,9,1050,117,56,0,1223,0,0,0,1223
03/11/2019,MIA,FL,ASO,ES,Combined TRACON& Tower with Radar,1039,120,40,1,1200,0,2,3,0,5,1039,122,43,1,1205,0,0,0,1205
03/12/2019,MIA,FL,ASO,ES,Combined TRACON& Tower with Radar,1055,124,58,1,1238,0,0,5,0,5,1055,124,63,1,1243,0,0,0,1243
03/13/2019,MIA,FL,ASO,ES,Combined TRACON& Tower with Radar,1024,140,54,1,1219,0,0,11,0,11,1024,140,65,1,1230,0,0,0,1230
03/14/2019,MIA,FL,ASO,ES,Combined TRACON& Tower with Radar,1091,145,66,3,1305,0,1,9,0,10,1091,146,75,3,1315,0,0,0,1315
03/15/2019,MIA,FL,ASO,ES,Combined TRACON& Tower with Radar,1061,154,51,0,1266,0,1,10,0,11,1061,155,61,0,1277,0,0,0,1277
03/16/2019,MIA,FL,ASO,ES,Combined TRACON& Tower with Radar,1043,117,28,0,1188,0,0,9,0,9,1043,117,37,0,1197,0,0,0,1197
03/17/2019,MIA,FL,ASO,ES,Combined TRACON& Tower with Radar,1011,137,49,0,1197,0,2,5,0,7,1011,139,54,0,1204,0,0,0,1204
03/18/2019,MIA,FL,ASO,ES,Combined TRACON& Tower with Radar,993,145,56,0,1194,0,1,6,0,7,993,146,62,0,1201,0,0,0,1201
03/19/2019,MIA,FL,ASO,ES,Combined TRACON& Tower with Radar,990,136,33,0,1159,0,0,2,0,2,990,136,35,0,1161,0,0,0,1161
03/20/2019,MIA,FL,ASO,ES,Combined TRACON& Tower with Radar,1030,145,37,0,1212,0,0,3,0,3,1030,145,40,0,1215,0,0,0,1215
03/21/2019,MIA,FL,ASO,ES,Combined TRACON& Tower with Radar,1029,136,39,0,1204,0,2,6,0,8,1029,138,45,0,1212,0,0,0,1212
03/22/2019,MIA,FL,ASO,ES,Combined TRACON& Tower with Radar,1019,133,65,2,1219,1,0,10,0,11,1020,133,75,2,1230,0,0,0,1230
03/23/2019,MIA,FL,ASO,ES,Combined TRACON& Tower with Radar,1028,125,41,0,1194,0,0,8,0,8,1028,125,49,0,1202,0,0,0,1202
03/24/2019,MIA,FL,ASO,ES,Combined TRACON& Tower with Radar,1006,139,42,0,1187,0,0,8,0,8,1006,139,50,0,1195,0,0,0,1195
03/25/2019,MIA,FL,ASO,ES,Combined TRACON& Tower with Radar,976,122,41,0,1139,0,2,7,0,9,976,124,48,0,1148,0,0,0,1148
03/26/2019,MIA,FL,ASO,ES,Combined TRACON& Tower with Radar,995,123,27,2,1147,0,0,10,0,10,995,123,37,2,1157,0,0,0,1157
03/27/2019,MIA,FL,ASO,ES,Combined TRACON& Tower with Radar,1012,142,41,4,1199,0,1,8,0,9,1012,143,49,4,1208,0,0,0,1208
03/28/2019,MIA,FL,ASO,ES,Combined TRACON& Tower with Radar,1035,141,47,3,1226,0,2,5,0,7,1035,143,52,3,1233,0,0,0,1233
03/29/2019,MIA,FL,ASO,ES,Combined TRACON& Tower with Radar,1042,134,53,3,1232,0,0,6,0,6,1042,134,59,3,1238,0,0,0,1238
03/30/2019,MIA,FL,ASO,ES,Combined TRACON& Tower with Radar,1038,128,28,0,1194,0,3,11,0,14,1038,131,39,0,1208,0,0,0,1208
03/31/2019,MIA,FL,ASO,ES,Combined TRACON& Tower with Radar,1032,147,54,1,1234,0,1,5,0,6,1032,148,59,1,1240,0,0,0,1240
04/01/2019,MIA,FL,ASO,ES,Combined TRACON& Tower with Radar,977,129,48,4,1158,0,0,9,0,9,977,129,57,4,1167,0,0,0,1167
04/02/2019,MIA,FL,ASO,ES,Combined TRACON& Tower with Radar,978,115,41,1,1135,0,0,2,0,2,978,115,43,1,1137,0,0,0,1137
04/03/2019,MIA,FL,ASO,ES,Combined TRACON& Tower with Radar,985,121,38,0,1144,0,0,3,0,3,985,121,41,0,1147,0,0,0,1147
04/04/2019,MIA,FL,ASO,ES,Combined TRACON& Tower with Radar,1013,135,52,0,1200,0,0,1,0,1,1013,135,53,0,1201,0,0,0,1201
04/05/2019,MIA,FL,ASO,ES,Combined TRACON& Tower with Radar,967,135,49,2,1153,0,0,9,0,9,967,135,58,2,1162,0,0,0,1162
04/06/2019,MIA,FL,ASO,ES,Combined TRACON& Tower with Radar,967,106,32,2,1107,0,0,4,0,4,967,106,36,2,1111,0,0,0,1111
04/07/2019,MIA,FL,ASO,ES,Combined TRACON& Tower with Radar,973,114,55,0,1142,0,0,8,0,8,973,114,63,0,1150,0,0,0,1150
04/08/2019,MIA,FL,ASO,ES,Combined TRACON& Tower with Radar,944,110,41,2,1097,0,0,6,0,6,944,110,47,2,1103,0,0,0,1103
04/09/2019,MIA,FL,ASO,ES,Combined TRACON& Tower with Radar,959,111,42,0,1112,0,0,1,0,1,959,111,43,0,1113,0,0,0,1113
04/10/2019,MIA,FL,ASO,ES,Combined TRACON& Tower with Radar,983,139,59,0,1181,0,2,21,0,23,983,141,80,0,1204,0,0,0,1204
04/11/2019,MIA,FL,ASO,ES,Combined TRACON& Tower with Radar,1003,120,48,6,1177,0,0,10,0,10,1003,120,58,6,1187,0,0,0,1187
04/12/2019,MIA,FL,ASO,ES,Combined TRACON& Tower with Radar,983,127,56,2,1168,0,1,5,0,6,983,128,61,2,1174,0,0,0,1174
04/13/2019,MIA,FL,ASO,ES,Combined TRACON& Tower with Radar,965,93,33,2,1093,0,0,8,0,8,965,93,41,2,1101,0,0,0,1101
04/14/2019,MIA,FL,ASO,ES,Combined TRACON& Tower with Radar,936,110,55,0,1101,0,0,13,0,13,936,110,68,0,1114,0,0,0,1114
04/15/2019,MIA,FL,ASO,ES,Combined TRACON& Tower with Radar,923,112,32,1,1068,0,0,6,0,6,923,112,38,1,1074,0,0,0,1074
04/16/2019,MIA,FL,ASO,ES,Combined TRACON& Tower with Radar,983,129,39,1,1152,0,1,6,0,7,983,130,45,1,1159,0,0,0,1159
04/17/2019,MIA,FL,ASO,ES,Combined TRACON& Tower with Radar,985,139,54,4,1182,0,0,14,0,14,985,139,68,4,1196,0,0,0,1196
04/18/2019,MIA,FL,ASO,ES,Combined TRACON& Tower with Radar,1025,160,59,2,1246,0,0,8,0,8,1025,160,67,2,1254,0,0,0,1254
04/19/2019,MIA,FL,ASO,ES,Combined TRACON& Tower with Radar,786,80,42,0,908,0,0,3,0,3,786,80,45,0,911,0,0,0,911
04/20/2019,MIA,FL,ASO,ES,Combined TRACON& Tower with Radar,987,112,40,0,1139,0,0,7,0,7,987,112,47,0,1146,0,0,0,1146
04/21/2019,MIA,FL,ASO,ES,Combined TRACON& Tower with Radar,977,118,38,2,1135,0,1,13,0,14,977,119,51,2,1149,0,0,0,1149
04/22/2019,MIA,FL,ASO,ES,Combined TRACON& Tower with Radar,973,135,45,1,1154,0,0,12,0,12,973,135,57,1,1166,0,0,0,1166
04/23/2019,MIA,FL,ASO,ES,Combined TRACON& Tower with Radar,1021,118,35,1,1175,0,1,18,0,19,1021,119,53,1,1194,0,0,0,1194
04/24/2019,MIA,FL,ASO,ES,Combined TRACON& Tower with Radar,1022,125,40,2,1189,0,2,14,0,16,1022,127,54,2,1205,0,0,0,1205
04/25/2019,MIA,FL,ASO,ES,Combined TRACON& Tower with Radar,1040,129,50,2,1221,0,3,10,0,13,1040,132,60,2,1234,0,0,0,1234
04/26/2019,MIA,FL,ASO,ES,Combined TRACON& Tower with Radar,1032,123,24,2,1181,0,0,9,0,9,1032,123,33,2,1190,0,0,0,1190
04/27/2019,MIA,FL,ASO,ES,Combined TRACON& Tower with Radar,998,112,27,1,1138,0,2,12,0,14,998,114,39,1,1152,0,0,0,1152
04/28/2019,MIA,FL,ASO,ES,Combined TRACON& Tower with Radar,1005,106,32,1,1144,0,4,10,0,14,1005,110,42,1,1158,0,0,0,1158
04/29/2019,MIA,FL,ASO,ES,Combined TRACON& Tower with Radar,984,116,47,5,1152,0,1,6,0,7,984,117,53,5,1159,0,0,0,1159
04/30/2019,MIA,FL,ASO,ES,Combined TRACON& Tower with Radar,984,123,25,0,1132,0,0,4,0,4,984,123,29,0,1136,0,0,0,1136
05/01/2019,MIA,FL,ASO,ES,Combined TRACON& Tower with Radar,1004,126,28,0,1158,0,0,9,0,9,1004,126,37,0,1167,0,0,0,1167
05/02/2019,MIA,FL,ASO,ES,Combined TRACON& Tower with Radar,997,121,28,0,1146,0,0,16,0,16,997,121,44,0,1162,0,0,0,1162
05/03/2019,MIA,FL,ASO,ES,Combined TRACON& Tower with Radar,991,144,36,2,1173,0,0,12,0,12,991,144,48,2,1185,0,0,0,1185
05/04/2019,MIA,FL,ASO,ES,Combined TRACON& Tower with Radar,942,115,19,4,1080,0,0,5,0,5,942,115,24,4,1085,0,0,0,1085
05/05/2019,MIA,FL,ASO,ES,Combined TRACON& Tower with Radar,894,127,35,3,1059,0,0,9,0,9,894,127,44,3,1068,0,0,0,1068
05/06/2019,MIA,FL,ASO,ES,Combined TRACON& Tower with Radar,935,136,34,1,1106,0,0,7,0,7,935,136,41,1,1113,0,0,0,1113
05/07/2019,MIA,FL,ASO,ES,Combined TRACON& Tower with Radar,950,144,45,0,1139,0,1,15,0,16,950,145,60,0,1155,0,0,0,1155
05/08/2019,MIA,FL,ASO,ES,Combined TRACON& Tower with Radar,963,143,40,0,1146,0,0,14,4,18,963,143,54,4,1164,0,0,0,1164
05/09/2019,MIA,FL,ASO,ES,Combined TRACON& Tower with Radar,990,151,39,2,1182,0,7,13,2,22,990,158,52,4,1204,0,0,0,1204
05/10/2019,MIA,FL,ASO,ES,Combined TRACON& Tower with Radar,968,143,45,2,1158,0,0,6,0,6,968,143,51,2,1164,0,0,0,1164
05/11/2019,MIA,FL,ASO,ES,Combined TRACON& Tower with Radar,922,127,22,0,1071,0,0,8,0,8,922,127,30,0,1079,0,0,0,1079
05/12/2019,MIA,FL,ASO,ES,Combined TRACON& Tower with Radar,929,125,32,0,1086,0,1,3,0,4,929,126,35,0,1090,0,0,0,1090
05/13/2019,MIA,FL,ASO,ES,Combined TRACON& Tower with Radar,928,124,30,0,1082,0,0,7,0,7,928,124,37,0,1089,0,0,0,1089
05/14/2019,MIA,FL,ASO,ES,Combined TRACON& Tower with Radar,935,123,27,0,1085,0,0,8,0,8,935,123,35,0,1093,0,0,0,1093
05/15/2019,MIA,FL,ASO,ES,Combined TRACON& Tower with Radar,927,133,38,0,1098,0,0,3,1,4,927,133,41,1,1102,0,0,0,1102
05/16/2019,MIA,FL,ASO,ES,Combined TRACON& Tower with Radar,984,127,36,0,1147,0,2,16,0,18,984,129,52,0,1165,0,0,0,1165
05/17/2019,MIA,FL,ASO,ES,Combined TRACON& Tower with Radar,961,134,23,0,1118,0,2,11,0,13,961,136,34,0,1131,0,0,0,1131
05/18/2019,MIA,FL,ASO,ES,Combined TRACON& Tower with Radar,914,106,32,0,1052,0,0,5,0,5,914,106,37,0,1057,0,0,0,1057
05/19/2019,MIA,FL,ASO,ES,Combined TRACON& Tower with Radar,940,111,33,2,1086,0,0,12,0,12,940,111,45,2,1098,0,0,0,1098
05/20/2019,MIA,FL,ASO,ES,Combined TRACON& Tower with Radar,916,140,42,1,1099,0,1,6,1,8,916,141,48,2,1107,0,0,0,1107
05/21/2019,MIA,FL,ASO,ES,Combined TRACON& Tower with Radar,930,140,58,3,1131,0,2,9,0,11,930,142,67,3,1142,0,0,0,1142
05/22/2019,MIA,FL,ASO,ES,Combined TRACON& Tower with Radar,927,152,66,2,1147,0,0,11,0,11,927,152,77,2,1158,0,0,0,1158
05/23/2019,MIA,FL,ASO,ES,Combined TRACON& Tower with Radar,959,134,32,0,1125,0,2,18,0,20,959,136,50,0,1145,0,0,0,1145
05/24/2019,MIA,FL,ASO,ES,Combined TRACON& Tower with Radar,970,159,37,0,1166,0,5,7,0,12,970,164,44,0,1178,0,0,0,1178
05/25/2019,MIA,FL,ASO,ES,Combined TRACON& Tower with Radar,909,120,19,0,1048,0,0,1,1,2,909,120,20,1,1050,0,0,0,1050
05/26/2019,MIA,FL,ASO,ES,Combined TRACON& Tower with Radar,916,106,14,0,1036,0,0,6,0,6,916,106,20,0,1042,0,0,0,1042
05/27/2019,MIA,FL,ASO,ES,Combined TRACON& Tower with Radar,901,150,37,0,1088,0,0,8,0,8,901,150,45,0,1096,0,0,0,1096
05/28/2019,MIA,FL,ASO,ES,Combined TRACON& Tower with Radar,892,134,14,0,1040,0,4,7,0,11,892,138,21,0,1051,0,0,0,1051
05/29/2019,MIA,FL,ASO,ES,Combined TRACON& Tower with Radar,916,139,28,0,1083,0,1,4,0,5,916,140,32,0,1088,0,0,0,1088
05/30/2019,MIA,FL,ASO,ES,Combined TRACON& Tower with Radar,961,142,26,0,1129,0,2,8,0,10,961,144,34,0,1139,0,0,0,1139
05/31/2019,MIA,FL,ASO,ES,Combined TRACON& Tower with Radar,966,134,24,0,1124,0,0,8,0,8,966,134,32,0,1132,0,0,0,1132
06/01/2019,MIA,FL,ASO,ES,Combined TRACON& Tower with Radar,910,118,18,0,1046,0,2,10,0,12,910,120,28,0,1058,0,0,0,1058
06/02/2019,MIA,FL,ASO,ES,Combined TRACON& Tower with Radar,920,114,13,2,1049,0,3,4,0,7,920,117,17,2,1056,0,0,0,1056
06/03/2019,MIA,FL,ASO,ES,Combined TRACON& Tower with Radar,904,130,25,4,1063,0,3,6,0,9,904,133,31,4,1072,0,0,0,1072
06/04/2019,MIA,FL,ASO,ES,Combined TRACON& Tower with Radar,909,120,25,0,1054,0,4,8,0,12,909,124,33,0,1066,0,0,0,1066
06/05/2019,MIA,FL,ASO,ES,Combined TRACON& Tower with Radar,921,138,25,0,1084,0,3,4,0,7,921,141,29,0,1091,0,0,0,1091
06/06/2019,MIA,FL,ASO,ES,Combined TRACON& Tower with Radar,1005,128,31,4,1168,0,2,15,0,17,1005,130,46,4,1185,0,0,0,1185
06/07/2019,MIA,FL,ASO,ES,Combined TRACON& Tower with Radar,992,121,37,2,1152,0,0,7,0,7,992,121,44,2,1159,0,0,0,1159
06/08/2019,MIA,FL,ASO,ES,Combined TRACON& Tower with Radar,933,94,12,1,1040,0,0,4,0,4,933,94,16,1,1044,0,0,0,1044
06/09/2019,MIA,FL,ASO,ES,Combined TRACON& Tower with Radar,974,101,22,3,1100,0,0,4,0,4,974,101,26,3,1104,0,0,0,1104
06/10/2019,MIA,FL,ASO,ES,Combined TRACON& Tower with Radar,939,109,29,0,1077,0,0,3,0,3,939,109,32,0,1080,0,0,0,1080
06/11/2019,MIA,FL,ASO,ES,Combined TRACON& Tower with Radar,963,117,20,0,1100,0,2,9,0,11,963,119,29,0,1111,0,0,0,1111
06/12/2019,MIA,FL,ASO,ES,Combined TRACON& Tower with Radar,993,115,28,0,1136,0,1,5,0,6,993,116,33,0,1142,0,0,0,1142
06/13/2019,MIA,FL,ASO,ES,Combined TRACON& Tower with Radar,991,127,18,0,1136,0,2,9,0,11,991,129,27,0,1147,0,0,0,1147
06/14/2019,MIA,FL,ASO,ES,Combined TRACON& Tower with Radar,973,136,43,1,1153,0,0,14,0,14,973,136,57,1,1167,0,0,0,1167
06/15/2019,MIA,FL,ASO,ES,Combined TRACON& Tower with Radar,943,107,7,0,1057,0,0,8,0,8,943,107,15,0,1065,0,0,0,1065
06/16/2019,MIA,FL,ASO,ES,Combined TRACON& Tower with Radar,951,96,15,0,1062,0,0,3,0,3,951,96,18,0,1065,0,0,0,1065
06/17/2019,MIA,FL,ASO,ES,Combined TRACON& Tower with Radar,918,123,19,3,1063,0,0,2,0,2,918,123,21,3,1065,0,0,0,1065
06/18/2019,MIA,FL,ASO,ES,Combined TRACON& Tower with Radar,911,112,27,4,1054,0,1,14,0,15,911,113,41,4,1069,0,0,0,1069
06/19/2019,MIA,FL,ASO,ES,Combined TRACON& Tower with Radar,952,93,32,4,1081,0,0,7,0,7,952,93,39,4,1088,0,0,0,1088
06/20/2019,MIA,FL,ASO,ES,Combined TRACON& Tower with Radar,994,140,38,2,1174,1,0,11,0,12,995,140,49,2,1186,0,0,0,1186
06/21/2019,MIA,FL,ASO,ES,Combined TRACON& Tower with Radar,994,123,26,4,1147,0,0,6,0,6,994,123,32,4,1153,0,0,0,1153
06/22/2019,MIA,FL,ASO,ES,Combined TRACON& Tower with Radar,953,98,13,1,1065,0,0,2,0,2,953,98,15,1,1067,0,0,0,1067
06/23/2019,MIA,FL,ASO,ES,Combined TRACON& Tower with Radar,973,90,19,3,1085,0,2,8,0,10,973,92,27,3,1095,0,0,0,1095
06/24/2019,MIA,FL,ASO,ES,Combined TRACON& Tower with Radar,941,134,20,1,1096,0,2,5,0,7,941,136,25,1,1103,0,0,0,1103
06/25/2019,MIA,FL,ASO,ES,Combined TRACON& Tower with Radar,945,123,25,3,1096,0,0,18,0,18,945,123,43,3,1114,0,0,0,1114
06/26/2019,MIA,FL,ASO,ES,Combined TRACON& Tower with Radar,979,118,31,0,1128,1,0,2,0,3,980,118,33,0,1131,0,0,0,1131
06/27/2019,MIA,FL,ASO,ES,Combined TRACON& Tower with Radar,999,149,37,0,1185,0,0,8,0,8,999,149,45,0,1193,0,0,0,1193
06/28/2019,MIA,FL,ASO,ES,Combined TRACON& Tower with Radar,984,118,36,1,1139,0,1,14,0,15,984,119,50,1,1154,0,0,0,1154
06/29/2019,MIA,FL,ASO,ES,Combined TRACON& Tower with Radar,937,110,21,4,1072,0,0,4,1,5,937,110,25,5,1077,0,0,0,1077
06/30/2019,MIA,FL,ASO,ES,Combined TRACON& Tower with Radar,971,106,27,2,1106,0,0,1,1,2,971,106,28,3,1108,0,0,0,1108
07/01/2019,MIA,FL,ASO,ES,Combined TRACON& Tower with Radar,926,137,20,2,1085,0,1,4,0,5,926,138,24,2,1090,0,0,0,1090
07/02/2019,MIA,FL,ASO,ES,Combined TRACON& Tower with Radar,948,140,17,0,1105,0,2,5,0,7,948,142,22,0,1112,0,0,0,1112
07/03/2019,MIA,FL,ASO,ES,Combined TRACON& Tower with Radar,965,134,30,0,1129,0,2,5,0,7,965,136,35,0,1136,0,0,0,1136
07/04/2019,MIA,FL,ASO,ES,Combined TRACON& Tower with Radar,937,104,9,1,1051,0,0,6,0,6,937,104,15,1,1057,0,0,0,1057
07/05/2019,MIA,FL,ASO,ES,Combined TRACON& Tower with Radar,950,132,11,0,1093,0,1,7,0,8,950,133,18,0,1101,0,0,0,1101
07/06/2019,MIA,FL,ASO,ES,Combined TRACON& Tower with Radar,966,91,12,0,1069,0,0,4,0,4,966,91,16,0,1073,0,0,0,1073
07/07/2019,MIA,FL,ASO,ES,Combined TRACON& Tower with Radar,964,103,27,0,1094,0,1,1,0,2,964,104,28,0,1096,0,0,0,1096
07/08/2019,MIA,FL,ASO,ES,Combined TRACON& Tower with Radar,919,119,21,2,1061,0,1,3,0,4,919,120,24,2,1065,0,0,0,1065
07/09/2019,MIA,FL,ASO,ES,Combined TRACON& Tower with Radar,966,122,27,1,1116,0,0,1,0,1,966,122,28,1,1117,0,0,0,1117
07/10/2019,MIA,FL,ASO,ES,Combined TRACON& Tower with Radar,968,111,26,0,1105,0,0,3,0,3,968,111,29,0,1108,0,0,0,1108
07/11/2019,MIA,FL,ASO,ES,Combined TRACON& Tower with Radar,997,122,26,2,1147,0,0,5,1,6,997,122,31,3,1153,0,0,0,1153
07/12/2019,MIA,FL,ASO,ES,Combined TRACON& Tower with Radar,994,142,32,5,1173,0,0,9,0,9,994,142,41,5,1182,0,0,0,1182
07/13/2019,MIA,FL,ASO,ES,Combined TRACON& Tower with Radar,956,100,13,0,1069,0,1,6,0,7,956,101,19,0,1076,0,0,0,1076
07/14/2019,MIA,FL,ASO,ES,Combined TRACON& Tower with Radar,985,106,25,3,1119,0,0,3,0,3,985,106,28,3,1122,0,0,0,1122
07/15/2019,MIA,FL,ASO,ES,Combined TRACON& Tower with Radar,943,123,20,2,1088,0,0,6,0,6,943,123,26,2,1094,0,0,0,1094
07/16/2019,MIA,FL,ASO,ES,Combined TRACON& Tower with Radar,955,134,16,1,1106,0,0,1,0,1,955,134,17,1,1107,0,0,0,1107
07/17/2019,MIA,FL,ASO,ES,Combined TRACON& Tower with Radar,974,109,22,3,1108,0,2,9,0,11,974,111,31,3,1119,0,0,0,1119
07/18/2019,MIA,FL,ASO,ES,Combined TRACON& Tower with Radar,988,123,27,0,1138,0,3,4,0,7,988,126,31,0,1145,0,0,0,1145
07/19/2019,MIA,FL,ASO,ES,Combined TRACON& Tower with Radar,1001,115,17,0,1133,0,1,11,0,12,1001,116,28,0,1145,0,0,0,1145
07/20/2019,MIA,FL,ASO,ES,Combined TRACON& Tower with Radar,956,100,10,1,1067,0,0,3,0,3,956,100,13,1,1070,0,0,0,1070
07/21/2019,MIA,FL,ASO,ES,Combined TRACON& Tower with Radar,968,113,29,2,1112,0,2,4,0,6,968,115,33,2,1118,0,0,0,1118
07/22/2019,MIA,FL,ASO,ES,Combined TRACON& Tower with Radar,937,113,13,3,1066,0,0,4,0,4,937,113,17,3,1070,0,0,0,1070
07/23/2019,MIA,FL,ASO,ES,Combined TRACON& Tower with Radar,908,111,21,0,1040,0,0,0,0,0,908,111,21,0,1040,0,0,0,1040
07/24/2019,MIA,FL,ASO,ES,Combined TRACON& Tower with Radar,1005,131,25,2,1163,0,3,15,0,18,1005,134,40,2,1181,0,0,0,1181
07/25/2019,MIA,FL,ASO,ES,Combined TRACON& Tower with Radar,985,88,20,0,1093,0,2,4,0,6,985,90,24,0,1099,0,0,0,1099
07/26/2019,MIA,FL,ASO,ES,Combined TRACON& Tower with Radar,960,109,25,4,1098,0,0,7,0,7,960,109,32,4,1105,0,0,0,1105
07/27/2019,MIA,FL,ASO,ES,Combined TRACON& Tower with Radar,988,106,13,0,1107,0,0,5,0,5,988,106,18,0,1112,0,0,0,1112
07/28/2019,MIA,FL,ASO,ES,Combined TRACON& Tower with Radar,967,102,18,1,1088,0,0,2,1,3,967,102,20,2,1091,0,0,0,1091
07/29/2019,MIA,FL,ASO,ES,Combined TRACON& Tower with Radar,934,127,23,0,1084,0,4,2,0,6,934,131,25,0,1090,0,0,0,1090
07/30/2019,MIA,FL,ASO,ES,Combined TRACON& Tower with Radar,958,116,20,1,1095,0,0,7,0,7,958,116,27,1,1102,0,0,0,1102
07/31/2019,MIA,FL,ASO,ES,Combined TRACON& Tower with Radar,967,121,28,1,1117,0,1,5,0,6,967,122,33,1,1123,0,0,0,1123
08/01/2019,MIA,FL,ASO,ES,Combined TRACON& Tower with Radar,983,118,19,1,1121,0,2,6,0,8,983,120,25,1,1129,0,0,0,1129
08/02/2019,MIA,FL,ASO,ES,Combined TRACON& Tower with Radar,981,122,19,1,1123,0,0,3,0,3,981,122,22,1,1126,0,0,0,1126
08/03/2019,MIA,FL,ASO,ES,Combined TRACON& Tower with Radar,955,76,14,2,1047,0,0,2,0,2,955,76,16,2,1049,0,0,0,1049
08/04/2019,MIA,FL,ASO,ES,Combined TRACON& Tower with Radar,994,104,17,1,1116,0,0,4,0,4,994,104,21,1,1120,0,0,0,1120
08/05/2019,MIA,FL,ASO,ES,Combined TRACON& Tower with Radar,961,110,16,1,1088,0,0,7,0,7,961,110,23,1,1095,0,0,0,1095
08/06/2019,MIA,FL,ASO,ES,Combined TRACON& Tower with Radar,962,118,14,2,1096,0,3,4,0,7,962,121,18,2,1103,0,0,0,1103
08/07/2019,MIA,FL,ASO,ES,Combined TRACON& Tower with Radar,958,131,29,0,1118,0,0,9,0,9,958,131,38,0,1127,0,0,0,1127
08/08/2019,MIA,FL,ASO,ES,Combined TRACON& Tower with Radar,1006,113,18,1,1138,0,1,12,0,13,1006,114,30,1,1151,0,0,0,1151
08/09/2019,MIA,FL,ASO,ES,Combined TRACON& Tower with Radar,990,130,26,4,1150,0,0,5,1,6,990,130,31,5,1156,0,0,0,1156
08/10/2019,MIA,FL,ASO,ES,Combined TRACON& Tower with Radar,952,96,12,2,1062,0,0,5,0,5,952,96,17,2,1067,0,0,0,1067
08/11/2019,MIA,FL,ASO,ES,Combined TRACON& Tower with Radar,968,105,27,1,1101,0,0,3,0,3,968,105,30,1,1104,0,0,0,1104
08/12/2019,MIA,FL,ASO,ES,Combined TRACON& Tower with Radar,958,122,13,4,1097,0,0,1,0,1,958,122,14,4,1098,0,0,0,1098
08/13/2019,MIA,FL,ASO,ES,Combined TRACON& Tower with Radar,942,131,24,2,1099,0,0,10,0,10,942,131,34,2,1109,0,0,0,1109
08/14/2019,MIA,FL,ASO,ES,Combined TRACON& Tower with Radar,977,96,20,0,1093,0,1,3,0,4,977,97,23,0,1097,0,0,0,1097
08/15/2019,MIA,FL,ASO,ES,Combined TRACON& Tower with Radar,1004,105,24,0,1133,0,0,6,0,6,1004,105,30,0,1139,0,0,0,1139
08/16/2019,MIA,FL,ASO,ES,Combined TRACON& Tower with Radar,1000,128,19,2,1149,0,2,4,0,6,1000,130,23,2,1155,0,0,0,1155
08/17/2019,MIA,FL,ASO,ES,Combined TRACON& Tower with Radar,954,94,6,1,1055,0,0,4,0,4,954,94,10,1,1059,0,0,0,1059
08/18/2019,MIA,FL,ASO,ES,Combined TRACON& Tower with Radar,955,105,18,1,1079,0,4,5,0,9,955,109,23,1,1088,0,0,0,1088
08/19/2019,MIA,FL,ASO,ES,Combined TRACON& Tower with Radar,930,115,13,0,1058,0,0,5,0,5,930,115,18,0,1063,0,0,0,1063
08/20/2019,MIA,FL,ASO,ES,Combined TRACON& Tower with Radar,918,106,27,0,1051,0,0,1,0,1,918,106,28,0,1052,0,0,0,1052
08/21/2019,MIA,FL,ASO,ES,Combined TRACON& Tower with Radar,931,115,23,0,1069,0,2,1,0,3,931,117,24,0,1072,0,0,0,1072
08/22/2019,MIA,FL,ASO,ES,Combined TRACON& Tower with Radar,955,109,30,1,1095,0,1,11,0,12,955,110,41,1,1107,0,0,0,1107
08/23/2019,MIA,FL,ASO,ES,Combined TRACON& Tower with Radar,974,124,20,1,1119,0,2,9,0,11,974,126,29,1,1130,0,0,0,1130
08/24/2019,MIA,FL,ASO,ES,Combined TRACON& Tower with Radar,927,81,7,0,1015,0,0,0,0,0,927,81,7,0,1015,0,0,0,1015
08/25/2019,MIA,FL,ASO,ES,Combined TRACON& Tower with Radar,927,89,19,1,1036,0,0,4,0,4,927,89,23,1,1040,0,0,0,1040
08/26/2019,MIA,FL,ASO,ES,Combined TRACON& Tower with Radar,915,98,34,0,1047,0,0,8,0,8,915,98,42,0,1055,0,0,0,1055
08/27/2019,MIA,FL,ASO,ES,Combined TRACON& Tower with Radar,916,106,23,2,1047,0,0,5,0,5,916,106,28,2,1052,0,0,0,1052
08/28/2019,MIA,FL,ASO,ES,Combined TRACON& Tower with Radar,943,106,26,0,1075,0,0,1,0,1,943,106,27,0,1076,0,0,0,1076
08/29/2019,MIA,FL,ASO,ES,Combined TRACON& Tower with Radar,945,108,34,0,1087,0,0,4,0,4,945,108,38,0,1091,0,0,0,1091
08/30/2019,MIA,FL,ASO,ES,Combined TRACON& Tower with Radar,969,145,34,2,1150,0,0,1,0,1,969,145,35,2,1151,0,0,0,1151
08/31/2019,MIA,FL,ASO,ES,Combined TRACON& Tower with Radar,914,103,19,0,1036,0,0,6,0,6,914,103,25,0,1042,0,0,0,1042
09/01/2019,MIA,FL,ASO,ES,Combined TRACON& Tower with Radar,857,77,5,1,940,0,0,0,0,0,857,77,5,1,940,0,0,0,940
09/02/2019,MIA,FL,ASO,ES,Combined TRACON& Tower with Radar,764,56,6,0,826,0,0,0,0,0,764,56,6,0,826,0,0,0,826
09/03/2019,MIA,FL,ASO,ES,Combined TRACON& Tower with Radar,738,74,10,2,824,0,0,2,0,2,738,74,12,2,826,0,0,0,826
09/04/2019,MIA,FL,ASO,ES,Combined TRACON& Tower with Radar,871,96,28,0,995,0,2,2,0,4,871,98,30,0,999,0,0,0,999
09/05/2019,MIA,FL,ASO,ES,Combined TRACON& Tower with Radar,915,102,28,1,1046,0,0,3,2,5,915,102,31,3,1051,0,0,0,1051
09/06/2019,MIA,FL,ASO,ES,Combined TRACON& Tower with Radar,905,104,22,5,1036,0,2,0,3,5,905,106,22,8,1041,0,0,0,1041
09/07/2019,MIA,FL,ASO,ES,Combined TRACON& Tower with Radar,865,91,16,1,973,0,2,3,0,5,865,93,19,1,978,0,0,0,978
09/08/2019,MIA,FL,ASO,ES,Combined TRACON& Tower with Radar,886,100,19,0,1005,0,0,2,0,2,886,100,21,0,1007,0,0,0,1007
09/09/2019,MIA,FL,ASO,ES,Combined TRACON& Tower with Radar,852,108,22,0,982,0,1,4,0,5,852,109,26,0,987,0,0,0,987
09/10/2019,MIA,FL,ASO,ES,Combined TRACON& Tower with Radar,837,95,14,0,946,0,1,11,0,12,837,96,25,0,958,0,0,0,958
09/11/2019,MIA,FL,ASO,ES,Combined TRACON& Tower with Radar,893,117,20,2,1032,0,2,1,0,3,893,119,21,2,1035,0,0,0,1035
09/12/2019,MIA,FL,ASO,ES,Combined TRACON& Tower with Radar,913,119,19,4,1055,0,0,4,0,4,913,119,23,4,1059,0,0,0,1059
09/13/2019,MIA,FL,ASO,ES,Combined TRACON& Tower with Radar,909,115,27,3,1054,0,0,2,0,2,909,115,29,3,1056,0,0,0,1056
09/14/2019,MIA,FL,ASO,ES,Combined TRACON& Tower with Radar,883,88,10,1,982,0,0,0,0,0,883,88,10,1,982,0,0,0,982
09/15/2019,MIA,FL,ASO,ES,Combined TRACON& Tower with Radar,888,95,23,0,1006,0,1,3,0,4,888,96,26,0,1010,0,0,0,1010
09/16/2019,MIA,FL,ASO,ES,Combined TRACON& Tower with Radar,856,98,18,0,972,0,2,6,0,8,856,100,24,0,980,0,0,0,980
09/17/2019,MIA,FL,ASO,ES,Combined TRACON& Tower with Radar,855,116,30,0,1001,0,2,5,0,7,855,118,35,0,1008,0,0,0,1008
09/18/2019,MIA,FL,ASO,ES,Combined TRACON& Tower with Radar,893,92,23,0,1008,0,0,15,0,15,893,92,38,0,1023,0,0,0,1023
09/19/2019,MIA,FL,ASO,ES,Combined TRACON& Tower with Radar,890,109,23,2,1024,0,1,4,0,5,890,110,27,2,1029,0,0,0,1029
09/20/2019,MIA,FL,ASO,ES,Combined TRACON& Tower with Radar,903,118,22,0,1043,0,0,10,0,10,903,118,32,0,1053,0,0,0,1053
09/21/2019,MIA,FL,ASO,ES,Combined TRACON& Tower with Radar,888,92,14,0,994,0,1,0,0,1,888,93,14,0,995,0,0,0,995
09/22/2019,MIA,FL,ASO,ES,Combined TRACON& Tower with Radar,867,96,14,1,978,0,4,1,0,5,867,100,15,1,983,0,0,0,983
09/23/2019,MIA,FL,ASO,ES,Combined TRACON& Tower with Radar,839,115,27,1,982,0,1,21,0,22,839,116,48,1,1004,0,0,0,1004
09/24/2019,MIA,FL,ASO,ES,Combined TRACON& Tower with Radar,852,97,29,2,980,0,0,13,0,13,852,97,42,2,993,0,0,0,993
09/25/2019,MIA,FL,ASO,ES,Combined TRACON& Tower with Radar,878,113,28,2,1021,0,0,7,0,7,878,113,35,2,1028,0,0,0,1028
09/26/2019,MIA,FL,ASO,ES,Combined TRACON& Tower with Radar,905,123,24,0,1052,0,1,6,0,7,905,124,30,0,1059,0,0,0,1059
09/27/2019,MIA,FL,ASO,ES,Combined TRACON& Tower with Radar,897,116,31,0,1044,0,0,5,0,5,897,116,36,0,1049,0,0,0,1049
09/28/2019,MIA,FL,ASO,ES,Combined TRACON& Tower with Radar,892,99,7,0,998,0,0,2,0,2,892,99,9,0,1000,0,0,0,1000
09/29/2019,MIA,FL,ASO,ES,Combined TRACON& Tower with Radar,891,95,25,1,1012,0,0,6,0,6,891,95,31,1,1018,0,0,0,1018
09/30/2019,MIA,FL,ASO,ES,Combined TRACON& Tower with Radar,849,102,15,1,967,0,0,7,1,8,849,102,22,2,975,0,0,0,975
10/01/2019,MIA,FL,ASO,ES,Combined TRACON& Tower with Radar,872,104,21,0,997,0,1,1,0,2,872,105,22,0,999,0,0,0,999
10/02/2019,MIA,FL,ASO,ES,Combined TRACON& Tower with Radar,900,104,32,0,1036,0,0,7,0,7,900,104,39,0,1043,0,0,0,1043
10/03/2019,MIA,FL,ASO,ES,Combined TRACON& Tower with Radar,931,123,27,0,1081,0,0,4,0,4,931,123,31,0,1085,0,0,0,1085
10/04/2019,MIA,FL,ASO,ES,Combined TRACON& Tower with Radar,902,121,22,1,1046,0,0,11,0,11,902,121,33,1,1057,0,0,0,1057
10/05/2019,MIA,FL,ASO,ES,Combined TRACON& Tower with Radar,867,92,17,0,976,0,4,4,0,8,867,96,21,0,984,0,0,0,984
10/06/2019,MIA,FL,ASO,ES,Combined TRACON& Tower with Radar,915,101,25,1,1042,0,1,4,0,5,915,102,29,1,1047,0,0,0,1047
10/07/2019,MIA,FL,ASO,ES,Combined TRACON& Tower with Radar,879,116,20,0,1015,0,1,2,0,3,879,117,22,0,1018,0,0,0,1018
10/08/2019,MIA,FL,ASO,ES,Combined TRACON& Tower with Radar,900,98,13,0,1011,0,1,8,0,9,900,99,21,0,1020,0,0,0,1020
10/09/2019,MIA,FL,ASO,ES,Combined TRACON& Tower with Radar,906,112,21,2,1041,0,2,2,0,4,906,114,23,2,1045,0,0,0,1045
10/10/2019,MIA,FL,ASO,ES,Combined TRACON& Tower with Radar,928,129,22,0,1079,0,1,8,0,9,928,130,30,0,1088,0,0,0,1088
10/11/2019,MIA,FL,ASO,ES,Combined TRACON& Tower with Radar,940,133,44,0,1117,0,0,4,0,4,940,133,48,0,1121,0,0,0,1121
10/12/2019,MIA,FL,ASO,ES,Combined TRACON& Tower with Radar,887,105,22,0,1014,0,0,2,0,2,887,105,24,0,1016,0,0,0,1016
10/13/2019,MIA,FL,ASO,ES,Combined TRACON& Tower with Radar,897,109,30,0,1036,0,0,1,0,1,897,109,31,0,1037,0,0,0,1037
10/14/2019,MIA,FL,ASO,ES,Combined TRACON& Tower with Radar,869,110,34,0,1013,0,3,6,0,9,869,113,40,0,1022,0,0,0,1022
10/15/2019,MIA,FL,ASO,ES,Combined TRACON& Tower with Radar,890,104,27,1,1022,0,2,4,0,6,890,106,31,1,1028,0,0,0,1028
10/16/2019,MIA,FL,ASO,ES,Combined TRACON& Tower with Radar,912,119,33,4,1068,0,2,9,0,11,912,121,42,4,1079,0,0,0,1079
10/17/2019,MIA,FL,ASO,ES,Combined TRACON& Tower with Radar,946,120,25,0,1091,0,0,10,0,10,946,120,35,0,1101,0,0,0,1101
10/18/2019,MIA,FL,ASO,ES,Combined TRACON& Tower with Radar,941,127,33,0,1101,0,0,2,0,2,941,127,35,0,1103,0,0,0,1103
10/19/2019,MIA,FL,ASO,ES,Combined TRACON& Tower with Radar,888,91,15,0,994,0,2,5,0,7,888,93,20,0,1001,0,0,0,1001
10/20/2019,MIA,FL,ASO,ES,Combined TRACON& Tower with Radar,904,96,41,0,1041,0,1,2,0,3,904,97,43,0,1044,0,0,0,1044
10/21/2019,MIA,FL,ASO,ES,Combined TRACON& Tower with Radar,872,119,36,0,1027,0,0,4,0,4,872,119,40,0,1031,0,0,0,1031
10/22/2019,MIA,FL,ASO,ES,Combined TRACON& Tower with Radar,890,113,27,2,1032,0,1,4,0,5,890,114,31,2,1037,0,0,0,1037
10/23/2019,MIA,FL,ASO,ES,Combined TRACON& Tower with Radar,908,122,19,0,1049,0,2,8,0,10,908,124,27,0,1059,0,0,0,1059
10/24/2019,MIA,FL,ASO,ES,Combined TRACON& Tower with Radar,914,129,28,2,1073,0,2,8,4,14,914,131,36,6,1087,0,0,0,1087
10/25/2019,MIA,FL,ASO,ES,Combined TRACON& Tower with Radar,925,121,41,0,1087,0,0,10,0,10,925,121,51,0,1097,0,0,0,1097
10/26/2019,MIA,FL,ASO,ES,Combined TRACON& Tower with Radar,892,108,17,0,1017,0,1,4,0,5,892,109,21,0,1022,0,0,0,1022
10/27/2019,MIA,FL,ASO,ES,Combined TRACON& Tower with Radar,905,100,21,0,1026,0,0,2,0,2,905,100,23,0,1028,0,0,0,1028
10/28/2019,MIA,FL,ASO,ES,Combined TRACON& Tower with Radar,870,111,26,0,1007,0,2,12,0,14,870,113,38,0,1021,0,0,0,1021
10/29/2019,MIA,FL,ASO,ES,Combined TRACON& Tower with Radar,873,111,18,0,1002,0,0,9,0,9,873,111,27,0,1011,0,0,0,1011
10/30/2019,MIA,FL,ASO,ES,Combined TRACON& Tower with Radar,908,128,48,0,1084,0,1,0,0,1,908,129,48,0,1085,0,0,0,1085
10/31/2019,MIA,FL,ASO,ES,Combined TRACON& Tower with Radar,917,139,31,0,1087,0,1,7,0,8,917,140,38,0,1095,0,0,0,1095
11/01/2019,MIA,FL,ASO,ES,Combined TRACON& Tower with Radar,915,130,38,0,1083,0,1,8,0,9,915,131,46,0,1092,0,0,0,1092
11/02/2019,MIA,FL,ASO,ES,Combined TRACON& Tower with Radar,908,94,28,0,1030,0,0,10,0,10,908,94,38,0,1040,0,0,0,1040
11/03/2019,MIA,FL,ASO,ES,Combined TRACON& Tower with Radar,927,119,46,0,1092,0,1,3,0,4,927,120,49,0,1096,0,0,0,1096
11/04/2019,MIA,FL,ASO,ES,Combined TRACON& Tower with Radar,900,127,27,2,1056,0,1,5,0,6,900,128,32,2,1062,0,0,0,1062
11/05/2019,MIA,FL,ASO,ES,Combined TRACON& Tower with Radar,890,119,32,3,1044,0,0,6,0,6,890,119,38,3,1050,0,0,0,1050
11/06/2019,MIA,FL,ASO,ES,Combined TRACON& Tower with Radar,940,138,46,1,1125,0,2,6,0,8,940,140,52,1,1133,0,0,0,1133
11/07/2019,MIA,FL,ASO,ES,Combined TRACON& Tower with Radar,961,133,39,5,1138,0,0,15,0,15,961,133,54,5,1153,0,0,0,1153
11/08/2019,MIA,FL,ASO,ES,Combined TRACON& Tower with Radar,951,142,43,3,1139,0,5,10,0,15,951,147,53,3,1154,0,0,0,1154
11/09/2019,MIA,FL,ASO,ES,Combined TRACON& Tower with Radar,940,97,16,0,1053,0,0,0,0,0,940,97,16,0,1053,0,0,0,1053
11/10/2019,MIA,FL,ASO,ES,Combined TRACON& Tower with Radar,934,100,49,0,1083,0,0,5,0,5,934,100,54,0,1088,0,0,0,1088
11/11/2019,MIA,FL,ASO,ES,Combined TRACON& Tower with Radar,894,141,28,0,1063,0,2,8,0,10,894,143,36,0,1073,0,0,0,1073
11/12/2019,MIA,FL,ASO,ES,Combined TRACON& Tower with Radar,899,122,41,0,1062,0,0,2,0,2,899,122,43,0,1064,0,0,0,1064
11/13/2019,MIA,FL,ASO,ES,Combined TRACON& Tower with Radar,954,138,45,2,1139,0,0,2,0,2,954,138,47,2,1141,0,0,0,1141
11/14/2019,MIA,FL,ASO,ES,Combined TRACON& Tower with Radar,981,137,46,0,1164,1,0,2,0,3,982,137,48,0,1167,0,0,0,1167
11/15/2019,MIA,FL,ASO,ES,Combined TRACON& Tower with Radar,981,131,46,1,1159,0,0,9,0,9,981,131,55,1,1168,0,0,0,1168
11/16/2019,MIA,FL,ASO,ES,Combined TRACON& Tower with Radar,958,108,28,0,1094,0,2,15,0,17,958,110,43,0,1111,0,0,0,1111
11/17/2019,MIA,FL,ASO,ES,Combined TRACON& Tower with Radar,978,100,39,1,1118,0,0,42,0,42,978,100,81,1,1160,0,0,0,1160
11/18/2019,MIA,FL,ASO,ES,Combined TRACON& Tower with Radar,941,128,26,0,1095,0,2,2,0,4,941,130,28,0,1099,0,0,0,1099
11/19/2019,MIA,FL,ASO,ES,Combined TRACON& Tower with Radar,928,141,39,7,1115,0,2,6,0,8,928,143,45,7,1123,0,0,0,1123
11/20/2019,MIA,FL,ASO,ES,Combined TRACON& Tower with Radar,991,133,43,4,1171,0,4,10,4,18,991,137,53,8,1189,0,0,0,1189
11/21/2019,MIA,FL,ASO,ES,Combined TRACON& Tower with Radar,982,146,45,1,1174,0,2,11,0,13,982,148,56,1,1187,0,0,0,1187
11/22/2019,MIA,FL,ASO,ES,Combined TRACON& Tower with Radar,978,136,36,4,1154,1,3,4,1,9,979,139,40,5,1163,0,0,0,1163
11/23/2019,MIA,FL,ASO,ES,Combined TRACON& Tower with Radar,974,102,25,0,1101,0,2,5,0,7,974,104,30,0,1108,0,0,0,1108
11/24/2019,MIA,FL,ASO,ES,Combined TRACON& Tower with Radar,977,109,36,2,1124,0,0,6,0,6,977,109,42,2,1130,0,0,0,1130
11/25/2019,MIA,FL,ASO,ES,Combined TRACON& Tower with Radar,956,117,22,1,1096,0,3,6,1,10,956,120,28,2,1106,0,0,0,1106
11/26/2019,MIA,FL,ASO,ES,Combined TRACON& Tower with Radar,962,142,26,2,1132,1,4,5,0,10,963,146,31,2,1142,0,0,0,1142
11/27/2019,MIA,FL,ASO,ES,Combined TRACON& Tower with Radar,1014,131,39,1,1185,0,2,11,0,13,1014,133,50,1,1198,0,0,0,1198
11/28/2019,MIA,FL,ASO,ES,Combined TRACON& Tower with Radar,834,76,17,0,927,0,0,7,0,7,834,76,24,0,934,0,0,0,934
11/29/2019,MIA,FL,ASO,ES,Combined TRACON& Tower with Radar,892,101,37,0,1030,0,2,12,0,14,892,103,49,0,1044,0,0,0,1044
11/30/2019,MIA,FL,ASO,ES,Combined TRACON& Tower with Radar,988,128,24,0,1140,0,1,5,0,6,988,129,29,0,1146,0,0,0,1146
12/01/2019,MIA,FL,ASO,ES,Combined TRACON& Tower with Radar,1008,145,47,0,1200,0,0,3,0,3,1008,145,50,0,1203,0,0,0,1203
12/02/2019,MIA,FL,ASO,ES,Combined TRACON& Tower with Radar,966,144,35,2,1147,1,2,7,0,10,967,146,42,2,1157,0,0,0,1157
12/03/2019,MIA,FL,ASO,ES,Combined TRACON& Tower with Radar,982,179,45,2,1208,0,1,10,0,11,982,180,55,2,1219,0,0,0,1219
12/04/2019,MIA,FL,ASO,ES,Combined TRACON& Tower with Radar,988,173,60,0,1221,1,6,14,0,21,989,179,74,0,1242,0,0,0,1242
12/05/2019,MIA,FL,ASO,ES,Combined TRACON& Tower with Radar,1041,195,57,0,1293,0,3,12,0,15,1041,198,69,0,1308,0,0,0,1308
12/06/2019,MIA,FL,ASO,ES,Combined TRACON& Tower with Radar,1020,176,79,2,1277,0,4,20,0,24,1020,180,99,2,1301,0,0,0,1301
12/07/2019,MIA,FL,ASO,ES,Combined TRACON& Tower with Radar,1011,143,63,0,1217,0,0,7,0,7,1011,143,70,0,1224,0,0,0,1224
12/08/2019,MIA,FL,ASO,ES,Combined TRACON& Tower with Radar,1016,141,50,0,1207,0,0,10,0,10,1016,141,60,0,1217,0,0,0,1217
12/09/2019,MIA,FL,ASO,ES,Combined TRACON& Tower with Radar,1006,158,46,0,1210,0,2,18,0,20,1006,160,64,0,1230,0,0,0,1230
12/10/2019,MIA,FL,ASO,ES,Combined TRACON& Tower with Radar,986,129,33,1,1149,0,2,8,0,10,986,131,41,1,1159,0,0,0,1159
12/11/2019,MIA,FL,ASO,ES,Combined TRACON& Tower with Radar,1005,134,36,1,1176,0,3,5,0,8,1005,137,41,1,1184,0,0,0,1184
12/12/2019,MIA,FL,ASO,ES,Combined TRACON& Tower with Radar,1037,128,45,2,1212,0,3,14,1,18,1037,131,59,3,1230,0,0,0,1230
12/13/2019,MIA,FL,ASO,ES,Combined TRACON& Tower with Radar,1023,154,21,0,1198,0,2,10,2,14,1023,156,31,2,1212,0,0,0,1212
12/14/2019,MIA,FL,ASO,ES,Combined TRACON& Tower with Radar,1002,95,21,0,1118,0,0,8,0,8,1002,95,29,0,1126,0,0,0,1126
12/15/2019,MIA,FL,ASO,ES,Combined TRACON& Tower with Radar,998,115,19,0,1132,0,1,4,0,5,998,116,23,0,1137,0,0,0,1137
12/16/2019,MIA,FL,ASO,ES,Combined TRACON& Tower with Radar,990,130,27,0,1147,0,0,1,0,1,990,130,28,0,1148,0,0,0,1148
12/17/2019,MIA,FL,ASO,ES,Combined TRACON& Tower with Radar,984,119,34,1,1138,0,5,6,0,11,984,124,40,1,1149,0,0,0,1149
12/18/2019,MIA,FL,ASO,ES,Combined TRACON& Tower with Radar,1096,138,37,2,1273,0,4,0,0,4,1096,142,37,2,1277,0,0,0,1277
12/19/2019,MIA,FL,ASO,ES,Combined TRACON& Tower with Radar,1140,155,35,2,1332,0,3,0,0,3,1140,158,35,2,1335,0,0,0,1335
12/20/2019,MIA,FL,ASO,ES,Combined TRACON& Tower with Radar,1159,155,34,0,1348,0,4,7,0,11,1159,159,41,0,1359,0,0,0,1359
12/21/2019,MIA,FL,ASO,ES,Combined TRACON& Tower with Radar,1146,142,47,0,1335,0,2,3,0,5,1146,144,50,0,1340,0,0,0,1340
12/22/2019,MIA,FL,ASO,ES,Combined TRACON& Tower with Radar,1125,134,29,0,1288,0,0,3,0,3,1125,134,32,0,1291,0,0,0,1291
12/23/2019,MIA,FL,ASO,ES,Combined TRACON& Tower with Radar,1153,146,31,0,1330,0,1,4,0,5,1153,147,35,0,1335,0,0,0,1335
12/24/2019,MIA,FL,ASO,ES,Combined TRACON& Tower with Radar,1034,113,9,0,1156,0,4,4,0,8,1034,117,13,0,1164,0,0,0,1164
12/25/2019,MIA,FL,ASO,ES,Combined TRACON& Tower with Radar,940,116,23,0,1079,0,1,1,0,2,940,117,24,0,1081,0,0,0,1081
12/26/2019,MIA,FL,ASO,ES,Combined TRACON& Tower with Radar,1087,169,50,0,1306,0,2,10,0,12,1087,171,60,0,1318,0,0,0,1318
12/27/2019,MIA,FL,ASO,ES,Combined TRACON& Tower with Radar,1120,186,45,0,1351,0,2,4,0,6,1120,188,49,0,1357,0,0,0,1357
12/28/2019,MIA,FL,ASO,ES,Combined TRACON& Tower with Radar,1109,156,48,0,1313,0,1,6,0,7,1109,157,54,0,1320,0,0,0,1320
12/29/2019,MIA,FL,ASO,ES,Combined TRACON& Tower with Radar,1111,137,49,0,1297,0,0,3,0,3,1111,137,52,0,1300,0,0,0,1300
12/30/2019,MIA,FL,ASO,ES,Combined TRACON& Tower with Radar,1095,162,39,0,1296,0,1,9,0,10,1095,163,48,0,1306,0,0,0,1306
12/31/2019,MIA,FL,ASO,ES,Combined TRACON& Tower with Radar,1044,130,33,0,1207,0,1,5,0,6,1044,131,38,0,1213,0,0,0,1213
01/01/2020,MIA,FL,ASO,ES,Combined TRACON& Tower with Radar,965,117,21,0,1103,0,0,4,0,4,965,117,25,0,1107,0,0,0,1107
01/02/2020,MIA,FL,ASO,ES,Combined TRACON& Tower with Radar,1071,172,37,3,1283,0,3,9,0,12,1071,175,46,3,1295,0,0,0,1295
01/03/2020,MIA,FL,ASO,ES,Combined TRACON& Tower with Radar,1113,159,37,1,1310,0,0,11,0,11,1113,159,48,1,1321,0,0,0,1321
01/04/2020,MIA,FL,ASO,ES,Combined TRACON& Tower with Radar,1100,178,47,0,1325,0,0,4,0,4,1100,178,51,0,1329,0,0,0,1329
01/05/2020,MIA,FL,ASO,ES,Combined TRACON& Tower with Radar,1124,142,65,0,1331,1,0,8,0,9,1125,142,73,0,1340,0,0,0,1340
01/06/2020,MIA,FL,ASO,ES,Combined TRACON& Tower with Radar,1061,161,72,0,1294,0,1,4,0,5,1061,162,76,0,1299,0,0,0,1299
01/07/2020,MIA,FL,ASO,ES,Combined TRACON& Tower with Radar,1000,122,47,2,1171,0,0,3,0,3,1000,122,50,2,1174,0,0,0,1174
01/08/2020,MIA,FL,ASO,ES,Combined TRACON& Tower with Radar,1022,139,61,0,1222,0,2,9,0,11,1022,141,70,0,1233,0,0,0,1233
01/09/2020,MIA,FL,ASO,ES,Combined TRACON& Tower with Radar,1063,139,54,0,1256,0,0,1,0,1,1063,139,55,0,1257,0,0,0,1257
01/10/2020,MIA,FL,ASO,ES,Combined TRACON& Tower with Radar,1029,131,38,2,1200,0,0,7,0,7,1029,131,45,2,1207,0,0,0,1207
01/11/2020,MIA,FL,ASO,ES,Combined TRACON& Tower with Radar,980,103,35,0,1118,0,2,5,0,7,980,105,40,0,1125,0,0,0,1125
01/12/2020,MIA,FL,ASO,ES,Combined TRACON& Tower with Radar,1021,103,31,2,1157,0,1,7,1,9,1021,104,38,3,1166,0,0,0,1166
01/13/2020,MIA,FL,ASO,ES,Combined TRACON& Tower with Radar,998,135,34,2,1169,1,0,4,0,5,999,135,38,2,1174,0,0,0,1174
01/14/2020,MIA,FL,ASO,ES,Combined TRACON& Tower with Radar,983,114,32,1,1130,0,2,6,0,8,983,116,38,1,1138,0,0,0,1138
01/15/2020,MIA,FL,ASO,ES,Combined TRACON& Tower with Radar,1017,132,41,2,1192,0,0,0,0,0,1017,132,41,2,1192,0,0,0,1192
01/16/2020,MIA,FL,ASO,ES,Combined TRACON& Tower with Radar,1064,161,51,0,1276,0,0,4,2,6,1064,161,55,2,1282,0,0,0,1282
01/17/2020,MIA,FL,ASO,ES,Combined TRACON& Tower with Radar,1034,157,54,0,1245,0,0,5,0,5,1034,157,59,0,1250,0,0,0,1250
01/18/2020,MIA,FL,ASO,ES,Combined TRACON& Tower with Radar,1029,118,39,0,1186,0,0,8,0,8,1029,118,47,0,1194,0,0,0,1194
01/19/2020,MIA,FL,ASO,ES,Combined TRACON& Tower with Radar,1042,105,22,0,1169,0,0,4,0,4,1042,105,26,0,1173,0,0,0,1173
01/20/2020,MIA,FL,ASO,ES,Combined TRACON& Tower with Radar,1014,143,63,0,1220,0,1,8,0,9,1014,144,71,0,1229,0,0,0,1229
01/21/2020,MIA,FL,ASO,ES,Combined TRACON& Tower with Radar,999,149,33,2,1183,0,6,3,0,9,999,155,36,2,1192,0,0,0,1192
01/22/2020,MIA,FL,ASO,ES,Combined TRACON& Tower with Radar,1045,127,51,3,1226,0,1,10,0,11,1045,128,61,3,1237,0,0,0,1237
01/23/2020,MIA,FL,ASO,ES,Combined TRACON& Tower with Radar,1063,144,33,5,1245,0,4,5,0,9,1063,148,38,5,1254,0,0,0,1254
01/24/2020,MIA,FL,ASO,ES,Combined TRACON& Tower with Radar,1073,135,37,0,1245,0,0,8,0,8,1073,135,45,0,1253,0,0,0,1253
01/25/2020,MIA,FL,ASO,ES,Combined TRACON& Tower with Radar,1052,119,31,0,1202,0,0,7,0,7,1052,119,38,0,1209,0,0,0,1209
01/26/2020,MIA,FL,ASO,ES,Combined TRACON& Tower with Radar,1050,135,52,1,1238,0,3,14,1,18,1050,138,66,2,1256,0,0,0,1256
01/27/2020,MIA,FL,ASO,ES,Combined TRACON& Tower with Radar,1036,136,48,1,1221,0,0,9,0,9,1036,136,57,1,1230,0,0,0,1230
01/28/2020,MIA,FL,ASO,ES,Combined TRACON& Tower with Radar,1032,125,28,2,1187,0,0,8,2,10,1032,125,36,4,1197,0,0,0,1197
01/29/2020,MIA,FL,ASO,ES,Combined TRACON& Tower with Radar,1057,106,30,3,1196,0,0,16,0,16,1057,106,46,3,1212,0,0,0,1212
01/30/2020,MIA,FL,ASO,ES,Combined TRACON& Tower with Radar,1082,158,56,2,1298,0,1,7,0,8,1082,159,63,2,1306,0,0,0,1306
01/31/2020,MIA,FL,ASO,ES,Combined TRACON& Tower with Radar,1108,147,56,0,1311,1,0,13,0,14,1109,147,69,0,1325,0,0,0,1325
02/01/2020,MIA,FL,ASO,ES,Combined TRACON& Tower with Radar,1100,112,47,0,1259,1,0,0,0,1,1101,112,47,0,1260,0,0,0,1260
02/02/2020,MIA,FL,ASO,ES,Combined TRACON& Tower with Radar,1076,110,44,1,1231,0,0,7,0,7,1076,110,51,1,1238,0,0,0,1238
02/03/2020,MIA,FL,ASO,ES,Combined TRACON& Tower with Radar,1134,182,93,2,1411,0,4,4,0,8,1134,186,97,2,1419,0,0,0,1419
02/04/2020,MIA,FL,ASO,ES,Combined TRACON& Tower with Radar,1048,144,39,2,1233,0,2,10,0,12,1048,146,49,2,1245,0,0,0,1245
02/05/2020,MIA,FL,ASO,ES,Combined TRACON& Tower with Radar,1055,149,68,0,1272,0,0,13,0,13,1055,149,81,0,1285,0,0,0,1285
02/06/2020,MIA,FL,ASO,ES,Combined TRACON& Tower with Radar,1035,137,61,2,1235,0,2,6,0,8,1035,139,67,2,1243,0,0,0,1243
02/07/2020,MIA,FL,ASO,ES,Combined TRACON& Tower with Radar,1054,165,65,0,1284,0,0,5,0,5,1054,165,70,0,1289,0,0,0,1289
02/08/2020,MIA,FL,ASO,ES,Combined TRACON& Tower with Radar,1030,112,31,1,1174,0,0,9,0,9,1030,112,40,1,1183,0,0,0,1183
02/09/2020,MIA,FL,ASO,ES,Combined TRACON& Tower with Radar,1037,132,54,1,1224,0,1,6,0,7,1037,133,60,1,1231,0,0,0,1231
02/10/2020,MIA,FL,ASO,ES,Combined TRACON& Tower with Radar,994,126,46,0,1166,0,0,10,1,11,994,126,56,1,1177,0,0,0,1177
02/11/2020,MIA,FL,ASO,ES,Combined TRACON& Tower with Radar,995,128,45,0,1168,0,0,2,0,2,995,128,47,0,1170,0,0,0,1170
02/12/2020,MIA,FL,ASO,ES,Combined TRACON& Tower with Radar,1042,137,45,1,1225,0,0,16,0,16,1042,137,61,1,1241,0,0,0,1241
02/13/2020,MIA,FL,ASO,ES,Combined TRACON& Tower with Radar,1046,160,75,0,1281,0,7,20,0,27,1046,167,95,0,1308,0,0,0,1308
02/14/2020,MIA,FL,ASO,ES,Combined TRACON& Tower with Radar,1040,155,76,1,1272,0,3,22,0,25,1040,158,98,1,1297,0,0,0,1297
02/15/2020,MIA,FL,ASO,ES,Combined TRACON& Tower with Radar,1023,113,48,0,1184,0,0,4,0,4,1023,113,52,0,1188,0,0,0,1188
02/16/2020,MIA,FL,ASO,ES,Combined TRACON& Tower with Radar,1013,138,51,2,1204,0,0,20,0,20,1013,138,71,2,1224,0,0,0,1224
02/17/2020,MIA,FL,ASO,ES,Combined TRACON& Tower with Radar,1024,177,53,1,1255,0,3,13,0,16,1024,180,66,1,1271,0,0,0,1271
02/18/2020,MIA,FL,ASO,ES,Combined TRACON& Tower with Radar,1017,158,80,2,1257,0,1,6,5,12,1017,159,86,7,1269,0,0,0,1269
02/19/2020,MIA,FL,ASO,ES,Combined TRACON& Tower with Radar,1046,143,61,1,1251,0,1,10,0,11,1046,144,71,1,1262,0,0,0,1262
02/20/2020,MIA,FL,ASO,ES,Combined TRACON& Tower with Radar,1062,164,59,1,1286,0,0,2,0,2,1062,164,61,1,1288,0,0,0,1288
02/21/2020,MIA,FL,ASO,ES,Combined TRACON& Tower with Radar,1060,141,48,0,1249,0,2,5,0,7,1060,143,53,0,1256,0,0,0,1256
02/22/2020,MIA,FL,ASO,ES,Combined TRACON& Tower with Radar,1031,102,23,0,1156,0,0,3,1,4,1031,102,26,1,1160,0,0,0,1160
02/23/2020,MIA,FL,ASO,ES,Combined TRACON& Tower with Radar,1026,125,42,3,1196,0,2,3,0,5,1026,127,45,3,1201,0,0,0,1201
02/24/2020,MIA,FL,ASO,ES,Combined TRACON& Tower with Radar,1027,130,39,4,1200,0,1,6,0,7,1027,131,45,4,1207,0,0,0,1207
02/25/2020,MIA,FL,ASO,ES,Combined TRACON& Tower with Radar,1005,137,27,2,1171,0,0,12,0,12,1005,137,39,2,1183,0,0,0,1183
02/26/2020,MIA,FL,ASO,ES,Combined TRACON& Tower with Radar,1040,140,47,1,1228,0,1,6,0,7,1040,141,53,1,1235,0,0,0,1235
02/27/2020,MIA,FL,ASO,ES,Combined TRACON& Tower with Radar,1063,159,50,2,1274,0,0,4,0,4,1063,159,54,2,1278,0,0,0,1278
02/28/2020,MIA,FL,ASO,ES,Combined TRACON& Tower with Radar,1065,144,47,3,1259,0,3,8,1,12,1065,147,55,4,1271,0,0,0,1271
02/29/2020,MIA,FL,ASO,ES,Combined TRACON& Tower with Radar,1032,101,38,0,1171,0,0,8,0,8,1032,101,46,0,1179,0,0,0,1179
03/01/2020,MIA,FL,ASO,ES,Combined TRACON& Tower with Radar,1030,124,31,0,1185,1,0,3,0,4,1031,124,34,0,1189,0,0,0,1189
03/02/2020,MIA,FL,ASO,ES,Combined TRACON& Tower with Radar,1010,130,24,3,1167,0,1,7,0,8,1010,131,31,3,1175,0,0,0,1175
03/03/2020,MIA,FL,ASO,ES,Combined TRACON& Tower with Radar,1014,139,43,3,1199,0,0,17,0,17,1014,139,60,3,1216,0,0,0,1216
03/04/2020,MIA,FL,ASO,ES,Combined TRACON& Tower with Radar,1037,140,46,1,1224,0,1,11,0,12,1037,141,57,1,1236,0,0,0,1236
03/05/2020,MIA,FL,ASO,ES,Combined TRACON& Tower with Radar,1075,139,33,0,1247,0,0,10,0,10,1075,139,43,0,1257,0,0,0,1257
03/06/2020,MIA,FL,ASO,ES,Combined TRACON& Tower with Radar,1051,135,38,4,1228,0,0,3,0,3,1051,135,41,4,1231,0,0,0,1231
03/07/2020,MIA,FL,ASO,ES,Combined TRACON& Tower with Radar,1028,101,19,0,1148,1,0,1,0,2,1029,101,20,0,1150,0,0,0,1150
03/08/2020,MIA,FL,ASO,ES,Combined TRACON& Tower with Radar,1038,129,45,0,1212,0,0,6,0,6,1038,129,51,0,1218,0,0,0,1218
03/09/2020,MIA,FL,ASO,ES,Combined TRACON& Tower with Radar,1009,140,30,4,1183,0,1,1,0,2,1009,141,31,4,1185,0,0,0,1185
03/10/2020,MIA,FL,ASO,ES,Combined TRACON& Tower with Radar,1031,126,39,3,1199,0,1,11,0,12,1031,127,50,3,1211,0,0,0,1211
03/11/2020,MIA,FL,ASO,ES,Combined TRACON& Tower with Radar,1029,142,31,2,1204,0,0,11,0,11,1029,142,42,2,1215,0,0,0,1215
03/12/2020,MIA,FL,ASO,ES,Combined TRACON& Tower with Radar,1063,143,48,0,1254,0,2,7,0,9,1063,145,55,0,1263,0,0,0,1263
03/13/2020,MIA,FL,ASO,ES,Combined TRACON& Tower with Radar,1044,174,52,0,1270,0,5,11,0,16,1044,179,63,0,1286,0,0,0,1286
03/14/2020,MIA,FL,ASO,ES,Combined TRACON& Tower with Radar,990,114,36,0,1140,0,0,2,0,2,990,114,38,0,1142,0,0,0,1142
03/15/2020,MIA,FL,ASO,ES,Combined TRACON& Tower with Radar,1007,114,40,2,1163,0,0,4,0,4,1007,114,44,2,1167,0,0,0,1167
03/16/2020,MIA,FL,ASO,ES,Combined TRACON& Tower with Radar,966,128,32,0,1126,0,0,1,0,1,966,128,33,0,1127,0,0,0,1127
03/17/2020,MIA,FL,ASO,ES,Combined TRACON& Tower with Radar,903,137,30,0,1070,0,0,2,0,2,903,137,32,0,1072,0,0,0,1072
03/18/2020,MIA,FL,ASO,ES,Combined TRACON& Tower with Radar,860,127,40,1,1028,0,1,2,1,4,860,128,42,2,1032,0,0,0,1032
03/19/2020,MIA,FL,ASO,ES,Combined TRACON& Tower with Radar,871,122,27,0,1020,0,0,1,0,1,871,122,28,0,1021,0,0,0,1021
03/20/2020,MIA,FL,ASO,ES,Combined TRACON& Tower with Radar,790,117,21,0,928,0,0,2,0,2,790,117,23,0,930,0,0,0,930
03/21/2020,MIA,FL,ASO,ES,Combined TRACON& Tower with Radar,691,76,15,0,782,1,0,1,0,2,692,76,16,0,784,0,0,0,784
03/22/2020,MIA,FL,ASO,ES,Combined TRACON& Tower with Radar,713,66,23,1,803,0,0,2,0,2,713,66,25,1,805,0,0,0,805
03/23/2020,MIA,FL,ASO,ES,Combined TRACON& Tower with Radar,540,80,5,1,626,0,0,1,0,1,540,80,6,1,627,0,0,0,627
03/24/2020,MIA,FL,ASO,ES,Combined TRACON& Tower with Radar,528,73,2,5,608,0,2,2,0,4,528,75,4,5,612,0,0,0,612
03/25/2020,MIA,FL,ASO,ES,Combined TRACON& Tower with Radar,470,73,1,1,545,0,2,3,0,5,470,75,4,1,550,0,0,0,550
03/26/2020,MIA,FL,ASO,ES,Combined TRACON& Tower with Radar,471,77,15,0,563,0,2,2,0,4,471,79,17,0,567,0,0,0,567
03/27/2020,MIA,FL,ASO,ES,Combined TRACON& Tower with Radar,394,61,5,0,460,0,4,3,0,7,394,65,8,0,467,0,0,0,467
03/28/2020,MIA,FL,ASO,ES,Combined TRACON& Tower with Radar,366,35,7,2,410,0,1,2,1,4,366,36,9,3,414,0,0,0,414
03/29/2020,MIA,FL,ASO,ES,Combined TRACON& Tower with Radar,362,24,9,0,395,0,0,2,0,2,362,24,11,0,397,0,0,0,397
03/30/2020,MIA,FL,ASO,ES,Combined TRACON& Tower with Radar,351,43,7,0,401,0,0,0,0,0,351,43,7,0,401,0,0,0,401
03/31/2020,MIA,FL,ASO,ES,Combined TRACON& Tower with Radar,353,25,5,0,383,0,0,0,0,0,353,25,5,0,383,0,0,0,383
04/01/2020,MIA,FL,ASO,ES,Combined TRACON& Tower with Radar,427,33,14,0,474,0,0,4,0,4,427,33,18,0,478,0,0,0,478
04/02/2020,MIA,FL,ASO,ES,Combined TRACON& Tower with Radar,334,30,4,2,370,0,0,4,0,4,334,30,8,2,374,0,0,0,374
04/03/2020,MIA,FL,ASO,ES,Combined TRACON& Tower with Radar,332,33,13,1,379,0,1,2,1,4,332,34,15,2,383,0,0,0,383
04/04/2020,MIA,FL,ASO,ES,Combined TRACON& Tower with Radar,324,15,4,0,343,0,0,3,0,3,324,15,7,0,346,0,0,0,346
04/05/2020,MIA,FL,ASO,ES,Combined TRACON& Tower with Radar,356,5,1,0,362,0,0,2,0,2,356,5,3,0,364,0,0,0,364
04/06/2020,MIA,FL,ASO,ES,Combined TRACON& Tower with Radar,334,28,3,2,367,0,0,2,2,4,334,28,5,4,371,0,0,0,371
04/07/2020,MIA,FL,ASO,ES,Combined TRACON& Tower with Radar,318,28,5,0,351,0,3,0,0,3,318,31,5,0,354,0,0,0,354
04/08/2020,MIA,FL,ASO,ES,Combined TRACON& Tower with Radar,347,29,11,5,392,0,0,2,1,3,347,29,13,6,395,0,0,0,395
04/09/2020,MIA,FL,ASO,ES,Combined TRACON& Tower with Radar,359,22,10,0,391,0,0,1,0,1,359,22,11,0,392,0,0,0,392
04/10/2020,MIA,FL,ASO,ES,Combined TRACON& Tower with Radar,286,11,8,0,305,0,1,0,0,1,286,12,8,0,306,0,0,0,306
04/11/2020,MIA,FL,ASO,ES,Combined TRACON& Tower with Radar,266,11,8,0,285,0,0,4,0,4,266,11,12,0,289,0,0,0,289
04/12/2020,MIA,FL,ASO,ES,Combined TRACON& Tower with Radar,285,7,9,0,301,0,0,0,0,0,285,7,9,0,301,0,0,0,301
04/13/2020,MIA,FL,ASO,ES,Combined TRACON& Tower with Radar,296,16,10,0,322,0,0,4,2,6,296,16,14,2,328,0,0,0,328
04/14/2020,MIA,FL,ASO,ES,Combined TRACON& Tower with Radar,303,22,7,0,332,0,0,0,0,0,303,22,7,0,332,0,0,0,332
04/15/2020,MIA,FL,ASO,ES,Combined TRACON& Tower with Radar,316,21,15,0,352,0,0,10,0,10,316,21,25,0,362,0,0,0,362
04/16/2020,MIA,FL,ASO,ES,Combined TRACON& Tower with Radar,308,21,11,0,340,0,0,2,0,2,308,21,13,0,342,0,0,0,342
04/17/2020,MIA,FL,ASO,ES,Combined TRACON& Tower with Radar,316,25,12,0,353,0,0,3,0,3,316,25,15,0,356,0,0,0,356
04/18/2020,MIA,FL,ASO,ES,Combined TRACON& Tower with Radar,285,12,8,0,305,0,0,11,0,11,285,12,19,0,316,0,0,0,316
04/19/2020,MIA,FL,ASO,ES,Combined TRACON& Tower with Radar,285,7,10,2,304,0,0,7,2,9,285,7,17,4,313,0,0,0,313
04/20/2020,MIA,FL,ASO,ES,Combined TRACON& Tower with Radar,288,28,3,0,319,0,0,0,0,0,288,28,3,0,319,0,0,0,319
04/21/2020,MIA,FL,ASO,ES,Combined TRACON& Tower with Radar,299,19,4,0,322,0,1,3,0,4,299,20,7,0,326,0,0,0,326
04/22/2020,MIA,FL,ASO,ES,Combined TRACON& Tower with Radar,323,24,7,0,354,0,0,13,0,13,323,24,20,0,367,0,0,0,367
04/23/2020,MIA,FL,ASO,ES,Combined TRACON& Tower with Radar,319,30,6,2,357,0,5,5,0,10,319,35,11,2,367,0,0,0,367
04/24/2020,MIA,FL,ASO,ES,Combined TRACON& Tower with Radar,321,26,8,0,355,0,0,11,0,11,321,26,19,0,366,0,0,0,366
04/25/2020,MIA,FL,ASO,ES,Combined TRACON& Tower with Radar,316,4,6,1,327,0,0,4,0,4,316,4,10,1,331,0,0,0,331
04/26/2020,MIA,FL,ASO,ES,Combined TRACON& Tower with Radar,290,7,11,0,308,0,0,2,0,2,290,7,13,0,310,0,0,0,310
04/27/2020,MIA,FL,ASO,ES,Combined TRACON& Tower with Radar,290,23,6,0,319,0,0,12,0,12,290,23,18,0,331,0,0,0,331
04/28/2020,MIA,FL,ASO,ES,Combined TRACON& Tower with Radar,305,24,10,0,339,0,0,10,0,10,305,24,20,0,349,0,0,0,349
04/29/2020,MIA,FL,ASO,ES,Combined TRACON& Tower with Radar,338,32,8,0,378,0,0,11,0,11,338,32,19,0,389,0,0,0,389
04/30/2020,MIA,FL,ASO,ES,Combined TRACON& Tower with Radar,335,26,1,0,362,0,0,8,0,8,335,26,9,0,370,0,0,0,370
05/01/2020,MIA,FL,ASO,ES,Combined TRACON& Tower with Radar,361,27,13,0,401,0,0,10,0,10,361,27,23,0,411,0,0,0,411
05/02/2020,MIA,FL,ASO,ES,Combined TRACON& Tower with Radar,349,21,11,0,381,0,0,9,0,9,349,21,20,0,390,0,0,0,390
05/03/2020,MIA,FL,ASO,ES,Combined TRACON& Tower with Radar,334,19,13,0,366,0,1,8,0,9,334,20,21,0,375,0,0,0,375
05/04/2020,MIA,FL,ASO,ES,Combined TRACON& Tower with Radar,331,34,11,0,376,0,2,0,0,2,331,36,11,0,378,0,0,0,378
05/05/2020,MIA,FL,ASO,ES,Combined TRACON& Tower with Radar,231,27,11,0,269,0,0,0,0,0,231,27,11,0,269,0,0,0,269
05/06/2020,MIA,FL,ASO,ES,Combined TRACON& Tower with Radar,260,21,6,0,287,0,0,2,0,2,260,21,8,0,289,0,0,0,289
05/07/2020,MIA,FL,ASO,ES,Combined TRACON& Tower with Radar,331,28,9,2,370,0,0,7,0,7,331,28,16,2,377,0,0,0,377
05/08/2020,MIA,FL,ASO,ES,Combined TRACON& Tower with Radar,279,30,9,0,318,0,0,8,0,8,279,30,17,0,326,0,0,0,326
05/09/2020,MIA,FL,ASO,ES,Combined TRACON& Tower with Radar,254,13,5,2,274,0,0,3,0,3,254,13,8,2,277,0,0,0,277
05/10/2020,MIA,FL,ASO,ES,Combined TRACON& Tower with Radar,262,16,3,0,281,0,0,0,0,0,262,16,3,0,281,0,0,0,281
05/11/2020,MIA,FL,ASO,ES,Combined TRACON& Tower with Radar,254,29,6,1,290,0,0,5,0,5,254,29,11,1,295,0,0,0,295
05/12/2020,MIA,FL,ASO,ES,Combined TRACON& Tower with Radar,245,26,7,0,278,0,0,2,4,6,245,26,9,4,284,0,0,0,284
05/13/2020,MIA,FL,ASO,ES,Combined TRACON& Tower with Radar,309,29,5,8,351,0,0,4,0,4,309,29,9,8,355,0,0,0,355
05/14/2020,MIA,FL,ASO,ES,Combined TRACON& Tower with Radar,313,32,22,0,367,0,0,2,0,2,313,32,24,0,369,0,0,0,369
05/15/2020,MIA,FL,ASO,ES,Combined TRACON& Tower with Radar,286,41,11,0,338,0,0,3,0,3,286,41,14,0,341,0,0,0,341
05/16/2020,MIA,FL,ASO,ES,Combined TRACON& Tower with Radar,256,15,10,0,281,0,0,1,0,1,256,15,11,0,282,0,0,0,282
05/17/2020,MIA,FL,ASO,ES,Combined TRACON& Tower with Radar,247,18,5,0,270,0,0,1,0,1,247,18,6,0,271,0,0,0,271
05/18/2020,MIA,FL,ASO,ES,Combined TRACON& Tower with Radar,265,30,12,1,308,0,0,3,0,3,265,30,15,1,311,0,0,0,311
05/19/2020,MIA,FL,ASO,ES,Combined TRACON& Tower with Radar,259,34,8,2,303,0,0,0,0,0,259,34,8,2,303,0,0,0,303
05/20/2020,MIA,FL,ASO,ES,Combined TRACON& Tower with Radar,303,38,11,2,354,0,0,4,0,4,303,38,15,2,358,0,0,0,358
05/21/2020,MIA,FL,ASO,ES,Combined TRACON& Tower with Radar,335,25,18,2,380,0,0,4,0,4,335,25,22,2,384,0,0,0,384
05/22/2020,MIA,FL,ASO,ES,Combined TRACON& Tower with Radar,287,43,15,0,345,0,0,2,0,2,287,43,17,0,347,0,0,0,347
05/23/2020,MIA,FL,ASO,ES,Combined TRACON& Tower with Radar,262,17,3,1,283,0,1,4,0,5,262,18,7,1,288,0,0,0,288
05/24/2020,MIA,FL,ASO,ES,Combined TRACON& Tower with Radar,250,11,11,0,272,0,0,0,0,0,250,11,11,0,272,0,0,0,272
05/25/2020,MIA,FL,ASO,ES,Combined TRACON& Tower with Radar,236,28,10,0,274,0,0,0,0,0,236,28,10,0,274,0,0,0,274
05/26/2020,MIA,FL,ASO,ES,Combined TRACON& Tower with Radar,209,37,15,0,261,0,1,10,0,11,209,38,25,0,272,0,0,0,272
05/27/2020,MIA,FL,ASO,ES,Combined TRACON& Tower with Radar,299,31,11,4,345,0,0,4,0,4,299,31,15,4,349,0,0,0,349
05/28/2020,MIA,FL,ASO,ES,Combined TRACON& Tower with Radar,313,44,11,4,372,0,0,4,0,4,313,44,15,4,376,0,0,0,376
05/29/2020,MIA,FL,ASO,ES,Combined TRACON& Tower with Radar,274,46,15,0,335,0,0,10,0,10,274,46,25,0,345,0,0,0,345
05/30/2020,MIA,FL,ASO,ES,Combined TRACON& Tower with Radar,256,22,18,0,296,0,0,2,0,2,256,22,20,0,298,0,0,0,298
05/31/2020,MIA,FL,ASO,ES,Combined TRACON& Tower with Radar,255,23,8,3,289,0,1,4,1,6,255,24,12,4,295,0,0,0,295
06/01/2020,MIA,FL,ASO,ES,Combined TRACON& Tower with Radar,247,31,18,1,297,0,0,2,0,2,247,31,20,1,299,0,0,0,299
06/02/2020,MIA,FL,ASO,ES,Combined TRACON& Tower with Radar,259,42,23,0,324,0,0,2,0,2,259,42,25,0,326,0,0,0,326
06/03/2020,MIA,FL,ASO,ES,Combined TRACON& Tower with Radar,311,45,10,0,366,0,0,1,1,2,311,45,11,1,368,0,0,0,368
06/04/2020,MIA,FL,ASO,ES,Combined TRACON& Tower with Radar,383,47,19,2,451,0,2,0,0,2,383,49,19,2,453,0,0,0,453
06/05/2020,MIA,FL,ASO,ES,Combined TRACON& Tower with Radar,393,75,16,0,484,0,0,0,0,0,393,75,16,0,484,0,0,0,484
06/06/2020,MIA,FL,ASO,ES,Combined TRACON& Tower with Radar,358,44,2,0,404,0,0,6,0,6,358,44,8,0,410,0,0,0,410
06/07/2020,MIA,FL,ASO,ES,Combined TRACON& Tower with Radar,361,39,14,2,416,0,0,3,4,7,361,39,17,6,423,0,0,0,423
06/08/2020,MIA,FL,ASO,ES,Combined TRACON& Tower with Radar,330,66,11,2,409,0,1,2,0,3,330,67,13,2,412,0,0,0,412
06/09/2020,MIA,FL,ASO,ES,Combined TRACON& Tower with Radar,379,54,10,0,443,0,2,2,0,4,379,56,12,0,447,0,0,0,447
06/10/2020,MIA,FL,ASO,ES,Combined TRACON& Tower with Radar,391,68,12,1,472,0,0,4,0,4,391,68,16,1,476,0,0,0,476
06/11/2020,MIA,FL,ASO,ES,Combined TRACON& Tower with Radar,401,65,15,1,482,0,0,1,0,1,401,65,16,1,483,0,0,0,483
06/12/2020,MIA,FL,ASO,ES,Combined TRACON& Tower with Radar,376,71,28,6,481,0,2,8,0,10,376,73,36,6,491,0,0,0,491
06/13/2020,MIA,FL,ASO,ES,Combined TRACON& Tower with Radar,359,41,20,0,420,0,0,2,0,2,359,41,22,0,422,0,0,0,422
06/14/2020,MIA,FL,ASO,ES,Combined TRACON& Tower with Radar,356,57,16,4,433,0,1,6,0,7,356,58,22,4,440,0,0,0,440
06/15/2020,MIA,FL,ASO,ES,Combined TRACON& Tower with Radar,341,68,18,0,427,0,4,1,0,5,341,72,19,0,432,0,0,0,432
06/16/2020,MIA,FL,ASO,ES,Combined TRACON& Tower with Radar,365,68,10,0,443,0,0,4,0,4,365,68,14,0,447,0,0,0,447
06/17/2020,MIA,FL,ASO,ES,Combined TRACON& Tower with Radar,392,63,22,1,478,0,0,4,0,4,392,63,26,1,482,0,0,0,482
06/18/2020,MIA,FL,ASO,ES,Combined TRACON& Tower with Radar,403,64,16,4,487,0,0,1,0,1,403,64,17,4,488,0,0,0,488
06/19/2020,MIA,FL,ASO,ES,Combined TRACON& Tower with Radar,385,82,21,1,489,0,0,6,0,6,385,82,27,1,495,0,0,0,495
06/20/2020,MIA,FL,ASO,ES,Combined TRACON& Tower with Radar,374,53,8,1,436,0,0,6,0,6,374,53,14,1,442,0,0,0,442
06/21/2020,MIA,FL,ASO,ES,Combined TRACON& Tower with Radar,362,46,9,2,419,0,0,10,0,10,362,46,19,2,429,0,0,0,429
06/22/2020,MIA,FL,ASO,ES,Combined TRACON& Tower with Radar,351,65,18,1,435,0,0,7,0,7,351,65,25,1,442,0,0,0,442
06/23/2020,MIA,FL,ASO,ES,Combined TRACON& Tower with Radar,381,61,9,3,454,0,1,7,0,8,381,62,16,3,462,0,0,0,462
06/24/2020,MIA,FL,ASO,ES,Combined TRACON& Tower with Radar,391,73,13,0,477,0,1,23,0,24,391,74,36,0,501,0,0,0,501
06/25/2020,MIA,FL,ASO,ES,Combined TRACON& Tower with Radar,404,58,20,4,486,0,2,5,1,8,404,60,25,5,494,0,0,0,494
06/26/2020,MIA,FL,ASO,ES,Combined TRACON& Tower with Radar,397,71,17,12,497,0,0,7,0,7,397,71,24,12,504,0,0,0,504
06/27/2020,MIA,FL,ASO,ES,Combined TRACON& Tower with Radar,383,48,12,2,445,0,0,2,0,2,383,48,14,2,447,0,0,0,447
06/28/2020,MIA,FL,ASO,ES,Combined TRACON& Tower with Radar,371,42,17,1,431,0,0,0,0,0,371,42,17,1,431,0,0,0,431
06/29/2020,MIA,FL,ASO,ES,Combined TRACON& Tower with Radar,361,68,13,1,443,0,1,2,0,3,361,69,15,1,446,0,0,0,446
06/30/2020,MIA,FL,ASO,ES,Combined TRACON& Tower with Radar,393,66,10,0,469,0,0,0,0,0,393,66,10,0,469,0,0,0,469
07/01/2020,MIA,FL,ASO,ES,Combined TRACON& Tower with Radar,421,67,21,0,509,0,2,7,0,9,421,69,28,0,518,0,0,0,518
07/02/2020,MIA,FL,ASO,ES,Combined TRACON& Tower with Radar,453,64,20,2,539,0,0,2,0,2,453,64,22,2,541,0,0,0,541
07/03/2020,MIA,FL,ASO,ES,Combined TRACON& Tower with Radar,437,67,12,0,516,0,1,2,0,3,437,68,14,0,519,0,0,0,519
07/04/2020,MIA,FL,ASO,ES,Combined TRACON& Tower with Radar,385,30,3,0,418,0,2,2,0,4,385,32,5,0,422,0,0,0,422
07/05/2020,MIA,FL,ASO,ES,Combined TRACON& Tower with Radar,401,47,15,1,464,0,0,5,0,5,401,47,20,1,469,0,0,0,469
07/06/2020,MIA,FL,ASO,ES,Combined TRACON& Tower with Radar,376,55,9,1,441,0,0,2,0,2,376,55,11,1,443,0,0,0,443
07/07/2020,MIA,FL,ASO,ES,Combined TRACON& Tower with Radar,502,73,9,2,586,0,0,3,0,3,502,73,12,2,589,0,0,0,589
07/08/2020,MIA,FL,ASO,ES,Combined TRACON& Tower with Radar,522,74,9,0,605,0,0,4,0,4,522,74,13,0,609,0,0,0,609
07/09/2020,MIA,FL,ASO,ES,Combined TRACON& Tower with Radar,560,72,14,2,648,0,0,6,0,6,560,72,20,2,654,0,0,0,654
07/10/2020,MIA,FL,ASO,ES,Combined TRACON& Tower with Radar,535,63,8,9,615,0,2,5,0,7,535,65,13,9,622,0,0,0,622
07/11/2020,MIA,FL,ASO,ES,Combined TRACON& Tower with Radar,501,57,15,1,574,0,0,0,0,0,501,57,15,1,574,0,0,0,574
07/12/2020,MIA,FL,ASO,ES,Combined TRACON& Tower with Radar,514,64,15,0,593,0,0,3,0,3,514,64,18,0,596,0,0,0,596
07/13/2020,MIA,FL,ASO,ES,Combined TRACON& Tower with Radar,477,80,15,3,575,0,1,5,2,8,477,81,20,5,583,0,0,0,583
07/14/2020,MIA,FL,ASO,ES,Combined TRACON& Tower with Radar,520,69,15,2,606,0,1,4,0,5,520,70,19,2,611,0,0,0,611
07/15/2020,MIA,FL,ASO,ES,Combined TRACON& Tower with Radar,542,67,10,2,621,0,2,2,1,5,542,69,12,3,626,0,0,0,626
07/16/2020,MIA,FL,ASO,ES,Combined TRACON& Tower with Radar,548,68,15,1,632,0,2,5,1,8,548,70,20,2,640,0,0,0,640
07/17/2020,MIA,FL,ASO,ES,Combined TRACON& Tower with Radar,518,77,13,3,611,0,3,2,0,5,518,80,15,3,616,0,0,0,616
07/18/2020,MIA,FL,ASO,ES,Combined TRACON& Tower with Radar,487,57,1,1,546,0,0,0,0,0,487,57,1,1,546,0,0,0,546
07/19/2020,MIA,FL,ASO,ES,Combined TRACON& Tower with Radar,512,61,7,2,582,0,0,1,1,2,512,61,8,3,584,0,0,0,584
07/20/2020,MIA,FL,ASO,ES,Combined TRACON& Tower with Radar,470,76,11,1,558,0,0,2,0,2,470,76,13,1,560,0,0,0,560
07/21/2020,MIA,FL,ASO,ES,Combined TRACON& Tower with Radar,516,71,9,1,597,0,0,6,0,6,516,71,15,1,603,0,0,0,603
07/22/2020,MIA,FL,ASO,ES,Combined TRACON& Tower with Radar,551,59,12,4,626,0,0,1,0,1,551,59,13,4,627,0,0,0,627
07/23/2020,MIA,FL,ASO,ES,Combined TRACON& Tower with Radar,573,62,7,1,643,0,0,2,0,2,573,62,9,1,645,0,0,0,645
07/24/2020,MIA,FL,ASO,ES,Combined TRACON& Tower with Radar,517,77,7,0,601,0,4,5,0,9,517,81,12,0,610,0,0,0,610
07/25/2020,MIA,FL,ASO,ES,Combined TRACON& Tower with Radar,481,62,7,0,550,0,2,4,0,6,481,64,11,0,556,0,0,0,556
07/26/2020,MIA,FL,ASO,ES,Combined TRACON& Tower with Radar,522,45,14,3,584,0,1,3,2,6,522,46,17,5,590,0,0,0,590
07/27/2020,MIA,FL,ASO,ES,Combined TRACON& Tower with Radar,455,55,21,7,538,0,0,9,0,9,455,55,30,7,547,0,0,0,547
07/28/2020,MIA,FL,ASO,ES,Combined TRACON& Tower with Radar,488,56,9,3,556,0,0,7,0,7,488,56,16,3,563,0,0,0,563
07/29/2020,MIA,FL,ASO,ES,Combined TRACON& Tower with Radar,515,58,26,1,600,0,0,0,0,0,515,58,26,1,600,0,0,0,600
07/30/2020,MIA,FL,ASO,ES,Combined TRACON& Tower with Radar,477,65,10,3,555,0,0,4,1,5,477,65,14,4,560,0,0,0,560
07/31/2020,MIA,FL,ASO,ES,Combined TRACON& Tower with Radar,445,54,12,9,520,0,5,3,0,8,445,59,15,9,528,0,0,0,528
08/01/2020,MIA,FL,ASO,ES,Combined TRACON& Tower with Radar,404,35,4,0,443,0,0,0,0,0,404,35,4,0,443,0,0,0,443
08/02/2020,MIA,FL,ASO,ES,Combined TRACON& Tower with Radar,438,31,4,1,474,0,0,0,0,0,438,31,4,1,474,0,0,0,474
08/03/2020,MIA,FL,ASO,ES,Combined TRACON& Tower with Radar,410,53,21,3,487,0,0,3,0,3,410,53,24,3,490,0,0,0,490
08/04/2020,MIA,FL,ASO,ES,Combined TRACON& Tower with Radar,440,56,9,1,506,0,3,2,0,5,440,59,11,1,511,0,0,0,511
08/05/2020,MIA,FL,ASO,ES,Combined TRACON& Tower with Radar,466,65,15,6,552,0,2,4,0,6,466,67,19,6,558,0,0,0,558
08/06/2020,MIA,FL,ASO,ES,Combined TRACON& Tower with Radar,488,45,10,1,544,0,2,6,0,8,488,47,16,1,552,0,0,0,552
08/07/2020,MIA,FL,ASO,ES,Combined TRACON& Tower with Radar,447,72,13,3,535,0,0,3,0,3,447,72,16,3,538,0,0,0,538
08/08/2020,MIA,FL,ASO,ES,Combined TRACON& Tower with Radar,426,56,16,5,503,0,2,2,0,4,426,58,18,5,507,0,0,0,507
08/09/2020,MIA,FL,ASO,ES,Combined TRACON& Tower with Radar,429,43,19,2,493,0,0,3,0,3,429,43,22,2,496,0,0,0,496
08/10/2020,MIA,FL,ASO,ES,Combined TRACON& Tower with Radar,406,67,8,0,481,0,0,4,0,4,406,67,12,0,485,0,0,0,485
08/11/2020,MIA,FL,ASO,ES,Combined TRACON& Tower with Radar,446,51,10,0,507,0,0,2,0,2,446,51,12,0,509,0,0,0,509
08/12/2020,MIA,FL,ASO,ES,Combined TRACON& Tower with Radar,466,64,14,0,544,0,0,3,0,3,466,64,17,0,547,0,0,0,547
08/13/2020,MIA,FL,ASO,ES,Combined TRACON& Tower with Radar,482,56,13,0,551,0,1,7,0,8,482,57,20,0,559,0,0,0,559
08/14/2020,MIA,FL,ASO,ES,Combined TRACON& Tower with Radar,456,61,16,0,533,1,0,3,0,4,457,61,19,0,537,0,0,0,537
08/15/2020,MIA,FL,ASO,ES,Combined TRACON& Tower with Radar,434,42,18,2,496,0,0,6,0,6,434,42,24,2,502,0,0,0,502
08/16/2020,MIA,FL,ASO,ES,Combined TRACON& Tower with Radar,448,39,11,1,499,0,0,6,0,6,448,39,17,1,505,0,0,0,505
08/17/2020,MIA,FL,ASO,ES,Combined TRACON& Tower with Radar,395,57,1,7,460,0,0,0,0,0,395,57,1,7,460,0,0,0,460
08/18/2020,MIA,FL,ASO,ES,Combined TRACON& Tower with Radar,442,52,13,1,508,0,2,10,0,12,442,54,23,1,520,0,0,0,520
08/19/2020,MIA,FL,ASO,ES,Combined TRACON& Tower with Radar,474,61,6,4,545,0,0,0,0,0,474,61,6,4,545,0,0,0,545
08/20/2020,MIA,FL,ASO,ES,Combined TRACON& Tower with Radar,492,55,6,4,557,0,1,2,0,3,492,56,8,4,560,0,0,0,560
08/21/2020,MIA,FL,ASO,ES,Combined TRACON& Tower with Radar,477,60,16,4,557,0,0,7,0,7,477,60,23,4,564,0,0,0,564
08/22/2020,MIA,FL,ASO,ES,Combined TRACON& Tower with Radar,459,41,1,1,502,0,1,0,0,1,459,42,1,1,503,0,0,0,503
08/23/2020,MIA,FL,ASO,ES,Combined TRACON& Tower with Radar,446,37,14,3,500,0,0,3,0,3,446,37,17,3,503,0,0,0,503
08/24/2020,MIA,FL,ASO,ES,Combined TRACON& Tower with Radar,412,53,6,4,475,0,1,2,0,3,412,54,8,4,478,0,0,0,478
08/25/2020,MIA,FL,ASO,ES,Combined TRACON& Tower with Radar,458,58,13,4,533,0,0,0,0,0,458,58,13,4,533,0,0,0,533
08/26/2020,MIA,FL,ASO,ES,Combined TRACON& Tower with Radar,480,56,13,1,550,0,0,4,0,4,480,56,17,1,554,0,0,0,554
08/27/2020,MIA,FL,ASO,ES,Combined TRACON& Tower with Radar,487,68,7,0,562,0,0,2,0,2,487,68,9,0,564,0,0,0,564
08/28/2020,MIA,FL,ASO,ES,Combined TRACON& Tower with Radar,462,62,6,2,532,0,1,3,0,4,462,63,9,2,536,0,0,0,536
08/29/2020,MIA,FL,ASO,ES,Combined TRACON& Tower with Radar,449,42,15,0,506,0,0,2,0,2,449,42,17,0,508,0,0,0,508
08/30/2020,MIA,FL,ASO,ES,Combined TRACON& Tower with Radar,432,46,8,2,488,0,0,8,0,8,432,46,16,2,496,0,0,0,496
08/31/2020,MIA,FL,ASO,ES,Combined TRACON& Tower with Radar,413,72,16,0,501,0,0,2,0,2,413,72,18,0,503,0,0,0,503
09/01/2020,MIA,FL,ASO,ES,Combined TRACON& Tower with Radar,441,68,14,1,524,0,2,3,0,5,441,70,17,1,529,0,0,0,529
09/02/2020,MIA,FL,ASO,ES,Combined TRACON& Tower with Radar,475,61,6,2,544,0,0,0,0,0,475,61,6,2,544,0,0,0,544
09/03/2020,MIA,FL,ASO,ES,Combined TRACON& Tower with Radar,485,51,22,4,562,0,0,7,0,7,485,51,29,4,569,0,0,0,569
09/04/2020,MIA,FL,ASO,ES,Combined TRACON& Tower with Radar,473,67,20,2,562,0,0,6,0,6,473,67,26,2,568,0,0,0,568
09/05/2020,MIA,FL,ASO,ES,Combined TRACON& Tower with Radar,420,32,11,0,463,0,0,5,0,5,420,32,16,0,468,0,0,0,468
09/06/2020,MIA,FL,ASO,ES,Combined TRACON& Tower with Radar,421,27,10,3,461,0,0,6,0,6,421,27,16,3,467,0,0,0,467
09/07/2020,MIA,FL,ASO,ES,Combined TRACON& Tower with Radar,389,47,11,1,448,0,0,6,0,6,389,47,17,1,454,0,0,0,454
09/08/2020,MIA,FL,ASO,ES,Combined TRACON& Tower with Radar,436,58,8,2,504,0,0,3,0,3,436,58,11,2,507,0,0,0,507
09/09/2020,MIA,FL,ASO,ES,Combined TRACON& Tower with Radar,340,45,16,5,406,0,0,1,0,1,340,45,17,5,407,0,0,0,407
09/10/2020,MIA,FL,ASO,ES,Combined TRACON& Tower with Radar,488,43,26,2,559,0,0,4,0,4,488,43,30,2,563,0,0,0,563
09/11/2020,MIA,FL,ASO,ES,Combined TRACON& Tower with Radar,484,55,14,2,555,1,0,0,0,1,485,55,14,2,556,0,0,0,556
09/12/2020,MIA,FL,ASO,ES,Combined TRACON& Tower with Radar,448,24,9,0,481,0,0,0,0,0,448,24,9,0,481,0,0,0,481
09/13/2020,MIA,FL,ASO,ES,Combined TRACON& Tower with Radar,446,43,16,3,508,0,0,9,0,9,446,43,25,3,517,0,0,0,517
09/14/2020,MIA,FL,ASO,ES,Combined TRACON& Tower with Radar,425,60,14,3,502,0,0,2,0,2,425,60,16,3,504,0,0,0,504
09/15/2020,MIA,FL,ASO,ES,Combined TRACON& Tower with Radar,328,43,19,2,392,0,0,1,0,1,328,43,20,2,393,0,0,0,393
09/16/2020,MIA,FL,ASO,ES,Combined TRACON& Tower with Radar,358,32,15,2,407,0,0,2,0,2,358,32,17,2,409,0,0,0,409
09/17/2020,MIA,FL,ASO,ES,Combined TRACON& Tower with Radar,506,61,12,3,582,0,0,9,0,9,506,61,21,3,591,0,0,0,591
09/18/2020,MIA,FL,ASO,ES,Combined TRACON& Tower with Radar,468,55,17,1,541,0,0,2,0,2,468,55,19,1,543,0,0,0,543
09/19/2020,MIA,FL,ASO,ES,Combined TRACON& Tower with Radar,464,28,9,3,504,0,0,2,0,2,464,28,11,3,506,0,0,0,506
09/20/2020,MIA,FL,ASO,ES,Combined TRACON& Tower with Radar,451,42,12,1,506,0,0,7,0,7,451,42,19,1,513,0,0,0,513
09/21/2020,MIA,FL,ASO,ES,Combined TRACON& Tower with Radar,412,50,15,5,482,0,0,2,0,2,412,50,17,5,484,0,0,0,484
09/22/2020,MIA,FL,ASO,ES,Combined TRACON& Tower with Radar,330,38,15,2,385,0,0,1,0,1,330,38,16,2,386,0,0,0,386
09/23/2020,MIA,FL,ASO,ES,Combined TRACON& Tower with Radar,347,46,15,9,417,0,0,0,2,2,347,46,15,11,419,0,0,0,419
09/24/2020,MIA,FL,ASO,ES,Combined TRACON& Tower with Radar,494,61,12,4,571,0,0,7,0,7,494,61,19,4,578,0,0,0,578
09/25/2020,MIA,FL,ASO,ES,Combined TRACON& Tower with Radar,509,48,6,7,570,0,1,3,0,4,509,49,9,7,574,0,0,0,574
09/26/2020,MIA,FL,ASO,ES,Combined TRACON& Tower with Radar,452,39,7,3,501,0,1,4,0,5,452,40,11,3,506,0,0,0,506
09/27/2020,MIA,FL,ASO,ES,Combined TRACON& Tower with Radar,477,33,12,1,523,0,0,3,0,3,477,33,15,1,526,0,0,0,526
09/28/2020,MIA,FL,ASO,ES,Combined TRACON& Tower with Radar,425,65,13,1,504,0,0,2,0,2,425,65,15,1,506,0,0,0,506
09/29/2020,MIA,FL,ASO,ES,Combined TRACON& Tower with Radar,325,43,26,4,398,0,0,0,0,0,325,43,26,4,398,0,0,0,398
09/30/2020,MIA,FL,ASO,ES,Combined TRACON& Tower with Radar,350,51,22,6,429,0,0,7,0,7,350,51,29,6,436,0,0,0,436
10/01/2020,MIA,FL,ASO,ES,Combined TRACON& Tower with Radar,520,61,16,2,599,0,0,3,0,3,520,61,19,2,602,0,0,0,602
10/02/2020,MIA,FL,ASO,ES,Combined TRACON& Tower with Radar,504,64,22,1,591,0,0,0,0,0,504,64,22,1,591,0,0,0,591
10/03/2020,MIA,FL,ASO,ES,Combined TRACON& Tower with Radar,483,50,15,4,552,0,0,2,0,2,483,50,17,4,554,0,0,0,554
10/04/2020,MIA,FL,ASO,ES,Combined TRACON& Tower with Radar,488,40,23,3,554,0,0,2,0,2,488,40,25,3,556,0,0,0,556
10/05/2020,MIA,FL,ASO,ES,Combined TRACON& Tower with Radar,451,63,16,2,532,0,0,6,1,7,451,63,22,3,539,0,0,0,539
10/06/2020,MIA,FL,ASO,ES,Combined TRACON& Tower with Radar,346,33,12,1,392,0,0,1,1,2,346,33,13,2,394,0,0,0,394
10/07/2020,MIA,FL,ASO,ES,Combined TRACON& Tower with Radar,352,57,17,0,426,0,0,2,0,2,352,57,19,0,428,0,0,0,428
10/08/2020,MIA,FL,ASO,ES,Combined TRACON& Tower with Radar,547,60,17,5,629,0,0,10,0,10,547,60,27,5,639,0,0,0,639
10/09/2020,MIA,FL,ASO,ES,Combined TRACON& Tower with Radar,548,69,23,2,642,0,0,5,0,5,548,69,28,2,647,0,0,0,647
10/10/2020,MIA,FL,ASO,ES,Combined TRACON& Tower with Radar,528,45,9,2,584,0,0,11,0,11,528,45,20,2,595,0,0,0,595
10/11/2020,MIA,FL,ASO,ES,Combined TRACON& Tower with Radar,519,48,11,0,578,0,0,2,1,3,519,48,13,1,581,0,0,0,581
10/12/2020,MIA,FL,ASO,ES,Combined TRACON& Tower with Radar,509,68,16,0,593,0,0,1,0,1,509,68,17,0,594,0,0,0,594
10/13/2020,MIA,FL,ASO,ES,Combined TRACON& Tower with Radar,354,50,7,1,412,0,0,4,0,4,354,50,11,1,416,0,0,0,416
10/14/2020,MIA,FL,ASO,ES,Combined TRACON& Tower with Radar,378,44,18,9,449,0,0,4,0,4,378,44,22,9,453,0,0,0,453
10/15/2020,MIA,FL,ASO,ES,Combined TRACON& Tower with Radar,568,44,9,5,626,0,0,15,0,15,568,44,24,5,641,0,0,0,641
10/16/2020,MIA,FL,ASO,ES,Combined TRACON& Tower with Radar,537,57,8,7,609,0,2,4,0,6,537,59,12,7,615,0,0,0,615
10/17/2020,MIA,FL,ASO,ES,Combined TRACON& Tower with Radar,541,33,8,5,587,0,1,1,0,2,541,34,9,5,589,0,0,0,589
10/18/2020,MIA,FL,ASO,ES,Combined TRACON& Tower with Radar,516,40,19,6,581,0,0,5,0,5,516,40,24,6,586,0,0,0,586
10/19/2020,MIA,FL,ASO,ES,Combined TRACON& Tower with Radar,507,57,11,3,578,0,1,1,0,2,507,58,12,3,580,0,0,0,580
10/20/2020,MIA,FL,ASO,ES,Combined TRACON& Tower with Radar,360,47,16,1,424,0,0,0,0,0,360,47,16,1,424,0,0,0,424
10/21/2020,MIA,FL,ASO,ES,Combined TRACON& Tower with Radar,377,51,16,7,451,0,0,0,0,0,377,51,16,7,451,0,0,0,451
10/22/2020,MIA,FL,ASO,ES,Combined TRACON& Tower with Radar,583,77,21,0,681,0,0,2,0,2,583,77,23,0,683,0,0,0,683
10/23/2020,MIA,FL,ASO,ES,Combined TRACON& Tower with Radar,549,68,16,4,637,0,0,2,0,2,549,68,18,4,639,0,0,0,639
10/24/2020,MIA,FL,ASO,ES,Combined TRACON& Tower with Radar,537,41,9,0,587,1,0,4,0,5,538,41,13,0,592,0,0,0,592
10/25/2020,MIA,FL,ASO,ES,Combined TRACON& Tower with Radar,538,35,24,3,600,0,0,0,0,0,538,35,24,3,600,0,0,0,600
10/26/2020,MIA,FL,ASO,ES,Combined TRACON& Tower with Radar,522,59,14,1,596,0,0,9,0,9,522,59,23,1,605,0,0,0,605
10/27/2020,MIA,FL,ASO,ES,Combined TRACON& Tower with Radar,352,54,17,5,428,0,0,4,0,4,352,54,21,5,432,0,0,0,432
10/28/2020,MIA,FL,ASO,ES,Combined TRACON& Tower with Radar,396,49,22,6,473,0,2,8,0,10,396,51,30,6,483,0,0,0,483
10/29/2020,MIA,FL,ASO,ES,Combined TRACON& Tower with Radar,569,56,16,11,652,0,0,6,0,6,569,56,22,11,658,0,0,0,658
10/30/2020,MIA,FL,ASO,ES,Combined TRACON& Tower with Radar,561,76,38,1,676,0,0,6,0,6,561,76,44,1,682,0,0,0,682
10/31/2020,MIA,FL,ASO,ES,Combined TRACON& Tower with Radar,509,44,14,6,573,1,3,4,0,8,510,47,18,6,581,0,0,0,581
11/01/2020,MIA,FL,ASO,ES,Combined TRACON& Tower with Radar,525,49,15,7,596,0,0,3,0,3,525,49,18,7,599,0,0,0,599
11/02/2020,MIA,FL,ASO,ES,Combined TRACON& Tower with Radar,508,49,22,11,590,0,0,2,0,2,508,49,24,11,592,0,0,0,592
11/03/2020,MIA,FL,ASO,ES,Combined TRACON& Tower with Radar,345,44,18,3,410,0,0,12,0,12,345,44,30,3,422,0,0,0,422
11/04/2020,MIA,FL,ASO,ES,Combined TRACON& Tower with Radar,606,55,23,0,684,0,0,5,0,5,606,55,28,0,689,0,0,0,689
11/05/2020,MIA,FL,ASO,ES,Combined TRACON& Tower with Radar,658,70,29,3,760,0,0,0,0,0,658,70,29,3,760,0,0,0,760
11/06/2020,MIA,FL,ASO,ES,Combined TRACON& Tower with Radar,638,78,27,3,746,0,2,8,0,10,638,80,35,3,756,0,0,0,756
11/07/2020,MIA,FL,ASO,ES,Combined TRACON& Tower with Radar,643,66,18,0,727,0,0,1,0,1,643,66,19,0,728,0,0,0,728
11/08/2020,MIA,FL,ASO,ES,Combined TRACON& Tower with Radar,605,39,10,0,654,0,0,0,0,0,605,39,10,0,654,0,0,0,654
11/09/2020,MIA,FL,ASO,ES,Combined TRACON& Tower with Radar,606,45,11,0,662,0,0,1,0,1,606,45,12,0,663,0,0,0,663
11/10/2020,MIA,FL,ASO,ES,Combined TRACON& Tower with Radar,361,49,21,3,434,0,0,2,0,2,361,49,23,3,436,0,0,0,436
11/11/2020,MIA,FL,ASO,ES,Combined TRACON& Tower with Radar,687,82,25,1,795,0,0,0,0,0,687,82,25,1,795,0,0,0,795
11/12/2020,MIA,FL,ASO,ES,Combined TRACON& Tower with Radar,698,64,27,1,790,0,0,15,0,15,698,64,42,1,805,0,0,0,805
11/13/2020,MIA,FL,ASO,ES,Combined TRACON& Tower with Radar,666,90,28,2,786,0,0,8,0,8,666,90,36,2,794,0,0,0,794
11/14/2020,MIA,FL,ASO,ES,Combined TRACON& Tower with Radar,669,50,17,2,738,0,0,9,0,9,669,50,26,2,747,0,0,0,747
11/15/2020,MIA,FL,ASO,ES,Combined TRACON& Tower with Radar,694,65,26,3,788,0,2,4,0,6,694,67,30,3,794,0,0,0,794
11/16/2020,MIA,FL,ASO,ES,Combined TRACON& Tower with Radar,680,82,24,0,786,0,0,4,0,4,680,82,28,0,790,0,0,0,790
11/17/2020,MIA,FL,ASO,ES,Combined TRACON& Tower with Radar,397,47,27,0,471,0,0,13,1,14,397,47,40,1,485,0,0,0,485
11/18/2020,MIA,FL,ASO,ES,Combined TRACON& Tower with Radar,719,65,17,0,801,0,1,17,0,18,719,66,34,0,819,0,0,0,819
11/19/2020,MIA,FL,ASO,ES,Combined TRACON& Tower with Radar,772,66,27,0,865,0,3,23,0,26,772,69,50,0,891,0,0,0,891
11/20/2020,MIA,FL,ASO,ES,Combined TRACON& Tower with Radar,746,111,34,5,896,0,0,5,0,5,746,111,39,5,901,0,0,0,901
11/21/2020,MIA,FL,ASO,ES,Combined TRACON& Tower with Radar,716,74,31,3,824,0,0,5,0,5,716,74,36,3,829,0,0,0,829
11/22/2020,MIA,FL,ASO,ES,Combined TRACON& Tower with Radar,740,55,27,1,823,0,0,4,0,4,740,55,31,1,827,0,0,0,827
11/23/2020,MIA,FL,ASO,ES,Combined TRACON& Tower with Radar,574,80,28,2,684,0,1,3,1,5,574,81,31,3,689,0,0,0,689
11/24/2020,MIA,FL,ASO,ES,Combined TRACON& Tower with Radar,586,70,32,1,689,0,0,4,0,4,586,70,36,1,693,0,0,0,693
11/25/2020,MIA,FL,ASO,ES,Combined TRACON& Tower with Radar,735,85,25,0,845,0,2,6,0,8,735,87,31,0,853,0,0,0,853
11/26/2020,MIA,FL,ASO,ES,Combined TRACON& Tower with Radar,547,40,18,0,605,0,0,5,0,5,547,40,23,0,610,0,0,0,610
11/27/2020,MIA,FL,ASO,ES,Combined TRACON& Tower with Radar,695,58,24,0,777,0,1,13,0,14,695,59,37,0,791,0,0,0,791
11/28/2020,MIA,FL,ASO,ES,Combined TRACON& Tower with Radar,745,79,35,0,859,0,1,1,0,2,745,80,36,0,861,0,0,0,861
11/29/2020,MIA,FL,ASO,ES,Combined TRACON& Tower with Radar,771,74,30,1,876,0,2,4,0,6,771,76,34,1,882,0,0,0,882
11/30/2020,MIA,FL,ASO,ES,Combined TRACON& Tower with Radar,739,75,32,3,849,0,0,2,0,2,739,75,34,3,851,0,0,0,851
12/01/2020,MIA,FL,ASO,ES,Combined TRACON& Tower with Radar,433,54,25,4,516,0,1,2,0,3,433,55,27,4,519,0,0,0,519
12/02/2020,MIA,FL,ASO,ES,Combined TRACON& Tower with Radar,738,87,22,2,849,1,3,10,0,14,739,90,32,2,863,0,0,0,863
12/03/2020,MIA,FL,ASO,ES,Combined TRACON& Tower with Radar,758,71,42,7,878,0,2,14,0,16,758,73,56,7,894,0,0,0,894
12/04/2020,MIA,FL,ASO,ES,Combined TRACON& Tower with Radar,738,91,20,3,852,0,0,8,0,8,738,91,28,3,860,0,0,0,860
12/05/2020,MIA,FL,ASO,ES,Combined TRACON& Tower with Radar,723,66,24,3,816,0,0,2,0,2,723,66,26,3,818,0,0,0,818
12/06/2020,MIA,FL,ASO,ES,Combined TRACON& Tower with Radar,721,60,32,1,814,0,4,6,0,10,721,64,38,1,824,0,0,0,824
12/07/2020,MIA,FL,ASO,ES,Combined TRACON& Tower with Radar,678,78,21,0,777,0,1,1,0,2,678,79,22,0,779,0,0,0,779
12/08/2020,MIA,FL,ASO,ES,Combined TRACON& Tower with Radar,419,61,26,3,509,0,0,12,0,12,419,61,38,3,521,0,0,0,521
12/09/2020,MIA,FL,ASO,ES,Combined TRACON& Tower with Radar,742,85,32,8,867,1,0,16,1,18,743,85,48,9,885,0,0,0,885
12/10/2020,MIA,FL,ASO,ES,Combined TRACON& Tower with Radar,777,96,32,1,906,0,0,9,0,9,777,96,41,1,915,0,0,0,915
12/11/2020,MIA,FL,ASO,ES,Combined TRACON& Tower with Radar,740,84,28,3,855,0,4,5,0,9,740,88,33,3,864,0,0,0,864
12/12/2020,MIA,FL,ASO,ES,Combined TRACON& Tower with Radar,738,48,21,3,810,0,2,4,0,6,738,50,25,3,816,0,0,0,816
12/13/2020,MIA,FL,ASO,ES,Combined TRACON& Tower with Radar,726,67,32,5,830,0,1,9,0,10,726,68,41,5,840,0,0,0,840
12/14/2020,MIA,FL,ASO,ES,Combined TRACON& Tower with Radar,698,75,21,1,795,0,0,0,7,7,698,75,21,8,802,0,0,0,802
12/15/2020,MIA,FL,ASO,ES,Combined TRACON& Tower with Radar,443,70,21,6,540,0,1,3,1,5,443,71,24,7,545,0,0,0,545
12/16/2020,MIA,FL,ASO,ES,Combined TRACON& Tower with Radar,720,93,21,8,842,0,0,6,0,6,720,93,27,8,848,0,0,0,848
12/17/2020,MIA,FL,ASO,ES,Combined TRACON& Tower with Radar,794,97,13,4,908,0,1,5,0,6,794,98,18,4,914,0,0,0,914
12/18/2020,MIA,FL,ASO,ES,Combined TRACON& Tower with Radar,832,99,39,0,970,0,0,6,0,6,832,99,45,0,976,0,0,0,976
12/19/2020,MIA,FL,ASO,ES,Combined TRACON& Tower with Radar,829,86,36,0,951,0,2,2,0,4,829,88,38,0,955,0,0,0,955
12/20/2020,MIA,FL,ASO,ES,Combined TRACON& Tower with Radar,837,73,29,1,940,0,0,2,0,2,837,73,31,1,942,0,0,0,942
12/21/2020,MIA,FL,ASO,ES,Combined TRACON& Tower with Radar,751,96,29,3,879,0,1,15,0,16,751,97,44,3,895,0,0,0,895
12/22/2020,MIA,FL,ASO,ES,Combined TRACON& Tower with Radar,805,89,29,4,927,0,3,3,2,8,805,92,32,6,935,0,0,0,935
12/23/2020,MIA,FL,ASO,ES,Combined TRACON& Tower with Radar,833,90,31,0,954,0,0,9,0,9,833,90,40,0,963,0,0,0,963
12/24/2020,MIA,FL,ASO,ES,Combined TRACON& Tower with Radar,601,56,23,0,680,0,0,3,0,3,601,56,26,0,683,0,0,0,683
12/25/2020,MIA,FL,ASO,ES,Combined TRACON& Tower with Radar,622,66,8,0,696,0,0,0,0,0,622,66,8,0,696,0,0,0,696
12/26/2020,MIA,FL,ASO,ES,Combined TRACON& Tower with Radar,732,92,29,0,853,0,0,8,0,8,732,92,37,0,861,0,0,0,861
12/27/2020,MIA,FL,ASO,ES,Combined TRACON& Tower with Radar,787,87,45,0,919,0,0,5,0,5,787,87,50,0,924,0,0,0,924
12/28/2020,MIA,FL,ASO,ES,Combined TRACON& Tower with Radar,736,82,21,1,840,0,0,4,0,4,736,82,25,1,844,0,0,0,844
12/29/2020,MIA,FL,ASO,ES,Combined TRACON& Tower with Radar,766,97,35,1,899,0,0,4,0,4,766,97,39,1,903,0,0,0,903
12/30/2020,MIA,FL,ASO,ES,Combined TRACON& Tower with Radar,802,108,36,0,946,0,0,17,1,18,802,108,53,1,964,0,0,0,964
12/31/2020,MIA,FL,ASO,ES,Combined TRACON& Tower with Radar,589,71,17,2,679,0,0,1,0,1,589,71,18,2,680,0,0,0,680
01/01/2021,MIA,FL,ASO,ES,Combined TRACON& Tower with Radar,607,56,20,0,683,1,3,4,0,8,608,59,24,0,691,0,0,0,691
01/02/2021,MIA,FL,ASO,ES,Combined TRACON& Tower with Radar,735,99,36,1,871,0,0,5,0,5,735,99,41,1,876,0,0,0,876
01/03/2021,MIA,FL,ASO,ES,Combined TRACON& Tower with Radar,793,96,31,1,921,0,1,10,0,11,793,97,41,1,932,0,0,0,932
01/04/2021,MIA,FL,ASO,ES,Combined TRACON& Tower with Radar,699,93,32,0,824,0,1,8,0,9,699,94,40,0,833,0,0,0,833
01/05/2021,MIA,FL,ASO,ES,Combined TRACON& Tower with Radar,584,60,23,1,668,0,0,6,0,6,584,60,29,1,674,0,0,0,674
01/06/2021,MIA,FL,ASO,ES,Combined TRACON& Tower with Radar,626,70,45,5,746,0,1,4,0,5,626,71,49,5,751,0,0,0,751
01/07/2021,MIA,FL,ASO,ES,Combined TRACON& Tower with Radar,746,68,44,2,860,0,1,6,0,7,746,69,50,2,867,0,0,0,867
01/08/2021,MIA,FL,ASO,ES,Combined TRACON& Tower with Radar,749,97,36,2,884,0,2,6,0,8,749,99,42,2,892,0,0,0,892
01/09/2021,MIA,FL,ASO,ES,Combined TRACON& Tower with Radar,716,73,26,0,815,0,0,3,0,3,716,73,29,0,818,0,0,0,818
01/10/2021,MIA,FL,ASO,ES,Combined TRACON& Tower with Radar,735,69,52,1,857,0,0,4,0,4,735,69,56,1,861,0,0,0,861
01/11/2021,MIA,FL,ASO,ES,Combined TRACON& Tower with Radar,698,98,24,3,823,0,1,9,1,11,698,99,33,4,834,0,0,0,834
01/12/2021,MIA,FL,ASO,ES,Combined TRACON& Tower with Radar,590,96,33,3,722,0,1,9,0,10,590,97,42,3,732,0,0,0,732
01/13/2021,MIA,FL,ASO,ES,Combined TRACON& Tower with Radar,630,80,37,4,751,0,2,3,0,5,630,82,40,4,756,0,0,0,756
01/14/2021,MIA,FL,ASO,ES,Combined TRACON& Tower with Radar,761,83,41,5,890,0,0,2,0,2,761,83,43,5,892,0,0,0,892
01/15/2021,MIA,FL,ASO,ES,Combined TRACON& Tower with Radar,763,102,34,4,903,0,4,10,0,14,763,106,44,4,917,0,0,0,917
01/16/2021,MIA,FL,ASO,ES,Combined TRACON& Tower with Radar,711,56,21,0,788,0,0,6,1,7,711,56,27,1,795,0,0,0,795
01/17/2021,MIA,FL,ASO,ES,Combined TRACON& Tower with Radar,731,56,27,0,814,0,0,6,1,7,731,56,33,1,821,0,0,0,821
01/18/2021,MIA,FL,ASO,ES,Combined TRACON& Tower with Radar,693,104,25,0,822,0,3,5,0,8,693,107,30,0,830,0,0,0,830
01/19/2021,MIA,FL,ASO,ES,Combined TRACON& Tower with Radar,577,75,24,3,679,0,1,8,0,9,577,76,32,3,688,0,0,0,688
01/20/2021,MIA,FL,ASO,ES,Combined TRACON& Tower with Radar,637,64,21,0,722,0,0,6,0,6,637,64,27,0,728,0,0,0,728
01/21/2021,MIA,FL,ASO,ES,Combined TRACON& Tower with Radar,766,104,31,2,903,0,0,11,0,11,766,104,42,2,914,0,0,0,914
01/22/2021,MIA,FL,ASO,ES,Combined TRACON& Tower with Radar,766,86,26,4,882,0,1,11,0,12,766,87,37,4,894,0,0,0,894
01/23/2021,MIA,FL,ASO,ES,Combined TRACON& Tower with Radar,734,71,9,1,815,0,3,3,0,6,734,74,12,1,821,0,0,0,821
01/24/2021,MIA,FL,ASO,ES,Combined TRACON& Tower with Radar,760,81,42,1,884,0,0,2,0,2,760,81,44,1,886,0,0,0,886
01/25/2021,MIA,FL,ASO,ES,Combined TRACON& Tower with Radar,737,82,42,0,861,0,1,9,0,10,737,83,51,0,871,0,0,0,871
01/26/2021,MIA,FL,ASO,ES,Combined TRACON& Tower with Radar,605,54,31,1,691,0,0,3,0,3,605,54,34,1,694,0,0,0,694
01/27/2021,MIA,FL,ASO,ES,Combined TRACON& Tower with Radar,652,63,21,2,738,0,0,7,0,7,652,63,28,2,745,0,0,0,745
01/28/2021,MIA,FL,ASO,ES,Combined TRACON& Tower with Radar,779,85,30,2,896,0,0,3,0,3,779,85,33,2,899,0,0,0,899
01/29/2021,MIA,FL,ASO,ES,Combined TRACON& Tower with Radar,785,80,27,4,896,0,2,12,0,14,785,82,39,4,910,0,0,0,910
01/30/2021,MIA,FL,ASO,ES,Combined TRACON& Tower with Radar,733,62,15,1,811,0,0,9,0,9,733,62,24,1,820,0,0,0,820
01/31/2021,MIA,FL,ASO,ES,Combined TRACON& Tower with Radar,763,67,43,0,873,0,0,2,0,2,763,67,45,0,875,0,0,0,875
02/01/2021,MIA,FL,ASO,ES,Combined TRACON& Tower with Radar,677,73,20,6,776,0,1,5,0,6,677,74,25,6,782,0,0,0,782
02/02/2021,MIA,FL,ASO,ES,Combined TRACON& Tower with Radar,610,67,19,3,699,0,0,7,0,7,610,67,26,3,706,0,0,0,706
02/03/2021,MIA,FL,ASO,ES,Combined TRACON& Tower with Radar,651,73,22,5,751,0,0,12,0,12,651,73,34,5,763,0,0,0,763
02/04/2021,MIA,FL,ASO,ES,Combined TRACON& Tower with Radar,794,88,35,4,921,0,1,12,2,15,794,89,47,6,936,0,0,0,936
02/05/2021,MIA,FL,ASO,ES,Combined TRACON& Tower with Radar,789,109,33,1,932,0,0,6,0,6,789,109,39,1,938,0,0,0,938
02/06/2021,MIA,FL,ASO,ES,Combined TRACON& Tower with Radar,748,70,26,0,844,0,0,2,0,2,748,70,28,0,846,0,0,0,846
02/07/2021,MIA,FL,ASO,ES,Combined TRACON& Tower with Radar,766,65,14,2,847,0,0,6,0,6,766,65,20,2,853,0,0,0,853
02/08/2021,MIA,FL,ASO,ES,Combined TRACON& Tower with Radar,742,107,26,3,878,0,2,4,0,6,742,109,30,3,884,0,0,0,884
02/09/2021,MIA,FL,ASO,ES,Combined TRACON& Tower with Radar,589,77,24,1,691,0,4,7,2,13,589,81,31,3,704,0,0,0,704
02/10/2021,MIA,FL,ASO,ES,Combined TRACON& Tower with Radar,608,103,36,1,748,0,2,6,2,10,608,105,42,3,758,0,0,0,758
02/11/2021,MIA,FL,ASO,ES,Combined TRACON& Tower with Radar,801,121,55,1,978,0,2,4,0,6,801,123,59,1,984,0,0,0,984
02/12/2021,MIA,FL,ASO,ES,Combined TRACON& Tower with Radar,801,120,42,3,966,0,0,1,2,3,801,120,43,5,969,0,0,0,969
02/13/2021,MIA,FL,ASO,ES,Combined TRACON& Tower with Radar,768,90,48,0,906,0,0,1,0,1,768,90,49,0,907,0,0,0,907
02/14/2021,MIA,FL,ASO,ES,Combined TRACON& Tower with Radar,772,72,30,0,874,0,0,8,0,8,772,72,38,0,882,0,0,0,882
02/15/2021,MIA,FL,ASO,ES,Combined TRACON& Tower with Radar,717,107,38,1,863,0,0,7,0,7,717,107,45,1,870,0,0,0,870
02/16/2021,MIA,FL,ASO,ES,Combined TRACON& Tower with Radar,612,80,55,2,749,0,0,5,0,5,612,80,60,2,754,0,0,0,754
02/17/2021,MIA,FL,ASO,ES,Combined TRACON& Tower with Radar,665,77,43,1,786,0,0,9,0,9,665,77,52,1,795,0,0,0,795
02/18/2021,MIA,FL,ASO,ES,Combined TRACON& Tower with Radar,762,105,31,1,899,0,1,20,2,23,762,106,51,3,922,0,0,0,922
02/19/2021,MIA,FL,ASO,ES,Combined TRACON& Tower with Radar,805,109,52,4,970,0,0,3,0,3,805,109,55,4,973,0,0,0,973
02/20/2021,MIA,FL,ASO,ES,Combined TRACON& Tower with Radar,776,69,25,3,873,0,1,0,0,1,776,70,25,3,874,0,0,0,874
02/21/2021,MIA,FL,ASO,ES,Combined TRACON& Tower with Radar,790,67,35,1,893,0,0,5,0,5,790,67,40,1,898,0,0,0,898
02/22/2021,MIA,FL,ASO,ES,Combined TRACON& Tower with Radar,744,99,31,4,878,0,0,2,0,2,744,99,33,4,880,0,0,0,880
02/23/2021,MIA,FL,ASO,ES,Combined TRACON& Tower with Radar,664,68,15,1,748,0,0,5,0,5,664,68,20,1,753,0,0,0,753
02/24/2021,MIA,FL,ASO,ES,Combined TRACON& Tower with Radar,687,56,25,6,774,0,0,2,0,2,687,56,27,6,776,0,0,0,776
02/25/2021,MIA,FL,ASO,ES,Combined TRACON& Tower with Radar,817,80,46,3,946,0,0,8,0,8,817,80,54,3,954,0,0,0,954
02/26/2021,MIA,FL,ASO,ES,Combined TRACON& Tower with Radar,801,93,35,0,929,0,2,7,0,9,801,95,42,0,938,0,0,0,938
02/27/2021,MIA,FL,ASO,ES,Combined TRACON& Tower with Radar,757,92,14,2,865,0,4,4,0,8,757,96,18,2,873,0,0,0,873
02/28/2021,MIA,FL,ASO,ES,Combined TRACON& Tower with Radar,773,99,28,3,903,1,1,1,0,3,774,100,29,3,906,0,0,0,906
03/01/2021,MIA,FL,ASO,ES,Combined TRACON& Tower with Radar,742,98,31,1,872,0,2,0,0,2,742,100,31,1,874,0,0,0,874
03/02/2021,MIA,FL,ASO,ES,Combined TRACON& Tower with Radar,661,68,29,1,759,0,0,4,0,4,661,68,33,1,763,0,0,0,763
03/03/2021,MIA,FL,ASO,ES,Combined TRACON& Tower with Radar,696,90,20,3,809,0,0,3,0,3,696,90,23,3,812,0,0,0,812
03/04/2021,MIA,FL,ASO,ES,Combined TRACON& Tower with Radar,849,97,37,4,987,0,1,7,1,9,849,98,44,5,996,0,0,0,996
03/05/2021,MIA,FL,ASO,ES,Combined TRACON& Tower with Radar,857,110,32,6,1005,0,0,7,0,7,857,110,39,6,1012,0,0,0,1012
03/06/2021,MIA,FL,ASO,ES,Combined TRACON& Tower with Radar,821,78,21,1,921,2,0,3,0,5,823,78,24,1,926,0,0,0,926
03/07/2021,MIA,FL,ASO,ES,Combined TRACON& Tower with Radar,864,93,35,0,992,0,2,2,0,4,864,95,37,0,996,0,0,0,996
03/08/2021,MIA,FL,ASO,ES,Combined TRACON& Tower with Radar,833,106,37,3,979,0,1,6,0,7,833,107,43,3,986,0,0,0,986
03/09/2021,MIA,FL,ASO,ES,Combined TRACON& Tower with Radar,812,89,25,0,926,0,0,8,0,8,812,89,33,0,934,0,0,0,934
03/10/2021,MIA,FL,ASO,ES,Combined TRACON& Tower with Radar,852,89,38,2,981,0,0,5,0,5,852,89,43,2,986,0,0,0,986
03/11/2021,MIA,FL,ASO,ES,Combined TRACON& Tower with Radar,917,102,38,3,1060,0,1,11,0,12,917,103,49,3,1072,0,0,0,1072
03/12/2021,MIA,FL,ASO,ES,Combined TRACON& Tower with Radar,879,96,35,4,1014,0,0,6,1,7,879,96,41,5,1021,0,0,0,1021
03/13/2021,MIA,FL,ASO,ES,Combined TRACON& Tower with Radar,845,76,36,0,957,0,0,6,0,6,845,76,42,0,963,0,0,0,963
03/14/2021,MIA,FL,ASO,ES,Combined TRACON& Tower with Radar,864,109,37,1,1011,0,0,8,0,8,864,109,45,1,1019,0,0,0,1019
03/15/2021,MIA,FL,ASO,ES,Combined TRACON& Tower with Radar,837,115,33,3,988,0,1,5,0,6,837,116,38,3,994,0,0,0,994
03/16/2021,MIA,FL,ASO,ES,Combined TRACON& Tower with Radar,842,81,19,3,945,0,0,5,0,5,842,81,24,3,950,0,0,0,950
03/17/2021,MIA,FL,ASO,ES,Combined TRACON& Tower with Radar,870,101,43,3,1017,0,4,4,0,8,870,105,47,3,1025,0,0,0,1025
03/18/2021,MIA,FL,ASO,ES,Combined TRACON& Tower with Radar,923,105,58,3,1089,0,2,8,0,10,923,107,66,3,1099,0,0,0,1099
03/19/2021,MIA,FL,ASO,ES,Combined TRACON& Tower with Radar,888,114,52,3,1057,0,3,11,0,14,888,117,63,3,1071,0,0,0,1071
03/20/2021,MIA,FL,ASO,ES,Combined TRACON& Tower with Radar,862,103,33,1,999,0,1,7,0,8,862,104,40,1,1007,0,0,0,1007
03/21/2021,MIA,FL,ASO,ES,Combined TRACON& Tower with Radar,880,82,46,0,1008,0,2,0,0,2,880,84,46,0,1010,0,0,0,1010
03/22/2021,MIA,FL,ASO,ES,Combined TRACON& Tower with Radar,869,95,26,1,991,0,2,7,0,9,869,97,33,1,1000,0,0,0,1000
03/23/2021,MIA,FL,ASO,ES,Combined TRACON& Tower with Radar,838,107,37,5,987,0,1,11,3,15,838,108,48,8,1002,0,0,0,1002
03/24/2021,MIA,FL,ASO,ES,Combined TRACON& Tower with Radar,904,117,30,6,1057,0,0,10,0,10,904,117,40,6,1067,0,0,0,1067
03/25/2021,MIA,FL,ASO,ES,Combined TRACON& Tower with Radar,902,119,47,4,1072,0,0,14,0,14,902,119,61,4,1086,0,0,0,1086
03/26/2021,MIA,FL,ASO,ES,Combined TRACON& Tower with Radar,904,110,48,0,1062,0,2,12,3,17,904,112,60,3,1079,0,0,0,1079
03/27/2021,MIA,FL,ASO,ES,Combined TRACON& Tower with Radar,859,114,47,1,1021,0,0,4,0,4,859,114,51,1,1025,0,0,0,1025
03/28/2021,MIA,FL,ASO,ES,Combined TRACON& Tower with Radar,916,85,49,3,1053,0,0,11,0,11,916,85,60,3,1064,0,0,0,1064
03/29/2021,MIA,FL,ASO,ES,Combined TRACON& Tower with Radar,857,105,21,2,985,1,1,7,0,9,858,106,28,2,994,0,0,0,994
03/30/2021,MIA,FL,ASO,ES,Combined TRACON& Tower with Radar,874,83,27,3,987,0,2,6,0,8,874,85,33,3,995,0,0,0,995
03/31/2021,MIA,FL,ASO,ES,Combined TRACON& Tower with Radar,898,91,21,2,1012,0,0,5,1,6,898,91,26,3,1018,0,0,0,1018
04/01/2021,MIA,FL,ASO,ES,Combined TRACON& Tower with Radar,923,84,41,0,1048,0,0,10,0,10,923,84,51,0,1058,0,0,0,1058
04/02/2021,MIA,FL,ASO,ES,Combined TRACON& Tower with Radar,879,72,40,0,991,0,0,11,0,11,879,72,51,0,1002,0,0,0,1002
04/03/2021,MIA,FL,ASO,ES,Combined TRACON& Tower with Radar,866,86,50,3,1005,0,0,12,0,12,866,86,62,3,1017,0,0,0,1017
04/04/2021,MIA,FL,ASO,ES,Combined TRACON& Tower with Radar,909,95,36,3,1043,0,2,2,0,4,909,97,38,3,1047,0,0,0,1047
04/05/2021,MIA,FL,ASO,ES,Combined TRACON& Tower with Radar,899,81,44,2,1026,0,2,15,0,17,899,83,59,2,1043,0,0,0,1043
04/06/2021,MIA,FL,ASO,ES,Combined TRACON& Tower with Radar,884,98,28,1,1011,0,2,6,0,8,884,100,34,1,1019,0,0,0,1019
04/07/2021,MIA,FL,ASO,ES,Combined TRACON& Tower with Radar,919,79,32,1,1031,0,2,14,0,16,919,81,46,1,1047,0,0,0,1047
04/08/2021,MIA,FL,ASO,ES,Combined TRACON& Tower with Radar,955,106,43,2,1106,0,0,7,0,7,955,106,50,2,1113,0,0,0,1113
04/09/2021,MIA,FL,ASO,ES,Combined TRACON& Tower with Radar,904,107,39,1,1051,0,0,6,0,6,904,107,45,1,1057,0,0,0,1057
04/10/2021,MIA,FL,ASO,ES,Combined TRACON& Tower with Radar,878,66,26,3,973,0,2,8,0,10,878,68,34,3,983,0,0,0,983
04/11/2021,MIA,FL,ASO,ES,Combined TRACON& Tower with Radar,704,53,38,0,795,0,2,1,0,3,704,55,39,0,798,0,0,0,798
04/12/2021,MIA,FL,ASO,ES,Combined TRACON& Tower with Radar,886,97,59,6,1048,0,0,3,0,3,886,97,62,6,1051,0,0,0,1051
04/13/2021,MIA,FL,ASO,ES,Combined TRACON& Tower with Radar,902,87,32,4,1025,0,3,4,0,7,902,90,36,4,1032,0,0,0,1032
04/14/2021,MIA,FL,ASO,ES,Combined TRACON& Tower with Radar,895,75,39,4,1013,0,0,4,0,4,895,75,43,4,1017,0,0,0,1017
04/15/2021,MIA,FL,ASO,ES,Combined TRACON& Tower with Radar,978,87,40,8,1113,0,1,7,0,8,978,88,47,8,1121,0,0,0,1121
04/16/2021,MIA,FL,ASO,ES,Combined TRACON& Tower with Radar,966,80,42,3,1091,0,1,6,0,7,966,81,48,3,1098,0,0,0,1098
04/17/2021,MIA,FL,ASO,ES,Combined TRACON& Tower with Radar,925,70,29,1,1025,0,0,3,0,3,925,70,32,1,1028,0,0,0,1028
04/18/2021,MIA,FL,ASO,ES,Combined TRACON& Tower with Radar,969,73,41,0,1083,0,0,5,0,5,969,73,46,0,1088,0,0,0,1088
04/19/2021,MIA,FL,ASO,ES,Combined TRACON& Tower with Radar,946,68,43,4,1061,0,0,4,0,4,946,68,47,4,1065,0,0,0,1065
04/20/2021,MIA,FL,ASO,ES,Combined TRACON& Tower with Radar,940,72,28,2,1042,0,0,10,0,10,940,72,38,2,1052,0,0,0,1052
04/21/2021,MIA,FL,ASO,ES,Combined TRACON& Tower with Radar,945,86,39,3,1073,0,1,8,1,10,945,87,47,4,1083,0,0,0,1083
04/22/2021,MIA,FL,ASO,ES,Combined TRACON& Tower with Radar,1015,85,58,6,1164,0,2,7,2,11,1015,87,65,8,1175,0,0,0,1175
04/23/2021,MIA,FL,ASO,ES,Combined TRACON& Tower with Radar,997,107,40,4,1148,0,0,2,1,3,997,107,42,5,1151,0,0,0,1151
04/24/2021,MIA,FL,ASO,ES,Combined TRACON& Tower with Radar,946,70,25,1,1042,0,0,1,0,1,946,70,26,1,1043,0,0,0,1043
04/25/2021,MIA,FL,ASO,ES,Combined TRACON& Tower with Radar,980,91,49,2,1122,0,2,12,0,14,980,93,61,2,1136,0,0,0,1136
04/26/2021,MIA,FL,ASO,ES,Combined TRACON& Tower with Radar,974,82,34,5,1095,0,1,8,0,9,974,83,42,5,1104,0,0,0,1104
04/27/2021,MIA,FL,ASO,ES,Combined TRACON& Tower with Radar,954,87,35,2,1078,0,2,7,0,9,954,89,42,2,1087,0,0,0,1087
04/28/2021,MIA,FL,ASO,ES,Combined TRACON& Tower with Radar,950,80,48,2,1080,0,4,0,0,4,950,84,48,2,1084,0,0,0,1084
04/29/2021,MIA,FL,ASO,ES,Combined TRACON& Tower with Radar,1019,90,50,1,1160,0,2,15,0,17,1019,92,65,1,1177,0,0,0,1177
04/30/2021,MIA,FL,ASO,ES,Combined TRACON& Tower with Radar,988,98,46,2,1134,0,0,12,1,13,988,98,58,3,1147,0,0,0,1147
05/01/2021,MIA,FL,ASO,ES,Combined TRACON& Tower with Radar,974,60,21,1,1056,0,1,11,0,12,974,61,32,1,1068,0,0,0,1068
05/02/2021,MIA,FL,ASO,ES,Combined TRACON& Tower with Radar,970,70,42,3,1085,0,3,2,1,6,970,73,44,4,1091,0,0,0,1091
05/03/2021,MIA,FL,ASO,ES,Combined TRACON& Tower with Radar,966,89,46,0,1101,0,1,2,0,3,966,90,48,0,1104,0,0,0,1104
05/04/2021,MIA,FL,ASO,ES,Combined TRACON& Tower with Radar,931,80,34,1,1046,0,1,6,0,7,931,81,40,1,1053,0,0,0,1053
05/05/2021,MIA,FL,ASO,ES,Combined TRACON& Tower with Radar,933,87,29,2,1051,0,2,1,0,3,933,89,30,2,1054,0,0,0,1054
05/06/2021,MIA,FL,ASO,ES,Combined TRACON& Tower with Radar,962,83,41,1,1087,0,1,4,0,5,962,84,45,1,1092,0,0,0,1092
05/07/2021,MIA,FL,ASO,ES,Combined TRACON& Tower with Radar,967,101,53,3,1124,0,0,9,0,9,967,101,62,3,1133,0,0,0,1133
05/08/2021,MIA,FL,ASO,ES,Combined TRACON& Tower with Radar,928,63,37,2,1030,0,3,9,0,12,928,66,46,2,1042,0,0,0,1042
05/09/2021,MIA,FL,ASO,ES,Combined TRACON& Tower with Radar,938,61,38,2,1039,0,3,4,0,7,938,64,42,2,1046,0,0,0,1046
05/10/2021,MIA,FL,ASO,ES,Combined TRACON& Tower with Radar,910,97,38,0,1045,0,0,11,0,11,910,97,49,0,1056,0,0,0,1056
05/11/2021,MIA,FL,ASO,ES,Combined TRACON& Tower with Radar,891,77,32,1,1001,0,0,7,0,7,891,77,39,1,1008,0,0,0,1008
05/12/2021,MIA,FL,ASO,ES,Combined TRACON& Tower with Radar,920,98,51,2,1071,0,0,4,0,4,920,98,55,2,1075,0,0,0,1075
05/13/2021,MIA,FL,ASO,ES,Combined TRACON& Tower with Radar,982,102,49,1,1134,0,3,8,0,11,982,105,57,1,1145,0,0,0,1145
05/14/2021,MIA,FL,ASO,ES,Combined TRACON& Tower with Radar,955,95,34,0,1084,0,2,4,0,6,955,97,38,0,1090,0,0,0,1090
05/15/2021,MIA,FL,ASO,ES,Combined TRACON& Tower with Radar,911,69,32,1,1013,0,0,8,0,8,911,69,40,1,1021,0,0,0,1021
05/16/2021,MIA,FL,ASO,ES,Combined TRACON& Tower with Radar,944,69,46,1,1060,1,1,7,1,10,945,70,53,2,1070,0,0,0,1070
05/17/2021,MIA,FL,ASO,ES,Combined TRACON& Tower with Radar,910,71,27,5,1013,0,0,7,0,7,910,71,34,5,1020,0,0,0,1020
05/18/2021,MIA,FL,ASO,ES,Combined TRACON& Tower with Radar,907,67,36,0,1010,0,4,6,0,10,907,71,42,0,1020,0,0,0,1020
05/19/2021,MIA,FL,ASO,ES,Combined TRACON& Tower with Radar,948,90,29,1,1068,0,1,4,1,6,948,91,33,2,1074,0,0,0,1074
05/20/2021,MIA,FL,ASO,ES,Combined TRACON& Tower with Radar,1000,90,33,1,1124,0,2,8,2,12,1000,92,41,3,1136,0,0,0,1136
05/21/2021,MIA,FL,ASO,ES,Combined TRACON& Tower with Radar,949,78,39,0,1066,0,1,5,0,6,949,79,44,0,1072,0,0,0,1072
05/22/2021,MIA,FL,ASO,ES,Combined TRACON& Tower with Radar,942,50,18,0,1010,0,0,19,0,19,942,50,37,0,1029,0,0,0,1029
05/23/2021,MIA,FL,ASO,ES,Combined TRACON& Tower with Radar,965,66,31,0,1062,0,1,2,0,3,965,67,33,0,1065,0,0,0,1065
05/24/2021,MIA,FL,ASO,ES,Combined TRACON& Tower with Radar,933,80,21,0,1034,0,0,4,0,4,933,80,25,0,1038,0,0,0,1038
05/25/2021,MIA,FL,ASO,ES,Combined TRACON& Tower with Radar,930,85,19,4,1038,0,2,6,1,9,930,87,25,5,1047,0,0,0,1047
05/26/2021,MIA,FL,ASO,ES,Combined TRACON& Tower with Radar,941,84,13,3,1041,0,2,2,0,4,941,86,15,3,1045,0,0,0,1045
05/27/2021,MIA,FL,ASO,ES,Combined TRACON& Tower with Radar,1009,90,48,2,1149,0,1,12,0,13,1009,91,60,2,1162,0,0,0,1162
05/28/2021,MIA,FL,ASO,ES,Combined TRACON& Tower with Radar,970,80,30,0,1080,0,2,9,0,11,970,82,39,0,1091,0,0,0,1091
05/29/2021,MIA,FL,ASO,ES,Combined TRACON& Tower with Radar,941,65,31,0,1037,0,0,7,0,7,941,65,38,0,1044,0,0,0,1044
05/30/2021,MIA,FL,ASO,ES,Combined TRACON& Tower with Radar,952,54,18,0,1024,0,0,3,0,3,952,54,21,0,1027,0,0,0,1027
05/31/2021,MIA,FL,ASO,ES,Combined TRACON& Tower with Radar,925,68,38,3,1034,0,0,2,0,2,925,68,40,3,1036,0,0,0,1036
06/01/2021,MIA,FL,ASO,ES,Combined TRACON& Tower with Radar,897,99,31,1,1028,0,0,1,0,1,897,99,32,1,1029,0,0,0,1029
06/02/2021,MIA,FL,ASO,ES,Combined TRACON& Tower with Radar,941,86,31,4,1062,0,0,17,0,17,941,86,48,4,1079,0,0,0,1079
06/03/2021,MIA,FL,ASO,ES,Combined TRACON& Tower with Radar,969,87,36,0,1092,0,0,4,0,4,969,87,40,0,1096,0,0,0,1096
06/04/2021,MIA,FL,ASO,ES,Combined TRACON& Tower with Radar,980,89,39,1,1109,0,0,17,3,20,980,89,56,4,1129,0,0,0,1129
06/05/2021,MIA,FL,ASO,ES,Combined TRACON& Tower with Radar,973,49,32,0,1054,0,0,6,0,6,973,49,38,0,1060,0,0,0,1060
06/06/2021,MIA,FL,ASO,ES,Combined TRACON& Tower with Radar,961,64,39,1,1065,0,0,8,0,8,961,64,47,1,1073,0,0,0,1073
06/07/2021,MIA,FL,ASO,ES,Combined TRACON& Tower with Radar,959,88,34,0,1081,0,2,7,0,9,959,90,41,0,1090,0,0,0,1090
06/08/2021,MIA,FL,ASO,ES,Combined TRACON& Tower with Radar,953,75,20,1,1049,0,0,15,0,15,953,75,35,1,1064,0,0,0,1064
06/09/2021,MIA,FL,ASO,ES,Combined TRACON& Tower with Radar,965,66,24,4,1059,0,2,11,0,13,965,68,35,4,1072,0,0,0,1072
06/10/2021,MIA,FL,ASO,ES,Combined TRACON& Tower with Radar,1033,74,32,3,1142,0,1,7,1,9,1033,75,39,4,1151,0,0,0,1151
06/11/2021,MIA,FL,ASO,ES,Combined TRACON& Tower with Radar,974,74,26,4,1078,0,1,0,1,2,974,75,26,5,1080,0,0,0,1080
06/12/2021,MIA,FL,ASO,ES,Combined TRACON& Tower with Radar,1012,54,22,1,1089,0,0,16,1,17,1012,54,38,2,1106,0,0,0,1106
06/13/2021,MIA,FL,ASO,ES,Combined TRACON& Tower with Radar,971,56,34,0,1061,0,1,4,0,5,971,57,38,0,1066,0,0,0,1066
06/14/2021,MIA,FL,ASO,ES,Combined TRACON& Tower with Radar,963,76,23,2,1064,1,2,3,0,6,964,78,26,2,1070,0,0,0,1070
06/15/2021,MIA,FL,ASO,ES,Combined TRACON& Tower with Radar,964,76,23,3,1066,0,0,0,0,0,964,76,23,3,1066,0,0,0,1066
06/16/2021,MIA,FL,ASO,ES,Combined TRACON& Tower with Radar,994,73,37,4,1108,0,1,6,0,7,994,74,43,4,1115,0,0,0,1115
06/17/2021,MIA,FL,ASO,ES,Combined TRACON& Tower with Radar,1028,67,35,3,1133,0,2,13,1,16,1028,69,48,4,1149,0,0,0,1149
06/18/2021,MIA,FL,ASO,ES,Combined TRACON& Tower with Radar,978,84,40,4,1106,0,0,7,0,7,978,84,47,4,1113,0,0,0,1113
06/19/2021,MIA,FL,ASO,ES,Combined TRACON& Tower with Radar,1007,48,34,2,1091,0,0,7,0,7,1007,48,41,2,1098,0,0,0,1098
06/20/2021,MIA,FL,ASO,ES,Combined TRACON& Tower with Radar,962,54,39,1,1056,0,1,4,0,5,962,55,43,1,1061,0,0,0,1061
06/21/2021,MIA,FL,ASO,ES,Combined TRACON& Tower with Radar,972,61,24,1,1058,0,1,6,0,7,972,62,30,1,1065,0,0,0,1065
06/22/2021,MIA,FL,ASO,ES,Combined TRACON& Tower with Radar,993,59,17,1,1070,0,3,3,0,6,993,62,20,1,1076,0,0,0,1076
06/23/2021,MIA,FL,ASO,ES,Combined TRACON& Tower with Radar,1034,56,37,5,1132,0,2,11,1,14,1034,58,48,6,1146,0,0,0,1146
06/24/2021,MIA,FL,ASO,ES,Combined TRACON& Tower with Radar,1026,82,42,3,1153,0,2,12,0,14,1026,84,54,3,1167,0,0,0,1167
06/25/2021,MIA,FL,ASO,ES,Combined TRACON& Tower with Radar,1013,69,40,0,1122,0,0,8,0,8,1013,69,48,0,1130,0,0,0,1130
06/26/2021,MIA,FL,ASO,ES,Combined TRACON& Tower with Radar,1027,43,30,1,1101,0,0,4,0,4,1027,43,34,1,1105,0,0,0,1105
06/27/2021,MIA,FL,ASO,ES,Combined TRACON& Tower with Radar,1006,52,32,0,1090,0,1,4,0,5,1006,53,36,0,1095,0,0,0,1095
06/28/2021,MIA,FL,ASO,ES,Combined TRACON& Tower with Radar,956,66,36,10,1068,0,0,5,0,5,956,66,41,10,1073,0,0,0,1073
06/29/2021,MIA,FL,ASO,ES,Combined TRACON& Tower with Radar,952,71,26,6,1055,0,0,9,0,9,952,71,35,6,1064,0,0,0,1064
06/30/2021,MIA,FL,ASO,ES,Combined TRACON& Tower with Radar,1012,64,31,9,1116,0,0,7,1,8,1012,64,38,10,1124,0,0,0,1124
07/01/2021,MIA,FL,ASO,ES,Combined TRACON& Tower with Radar,1057,53,12,5,1127,0,0,4,0,4,1057,53,16,5,1131,0,0,0,1131
07/02/2021,MIA,FL,ASO,ES,Combined TRACON& Tower with Radar,968,67,28,5,1068,0,2,11,0,13,968,69,39,5,1081,0,0,0,1081
07/03/2021,MIA,FL,ASO,ES,Combined TRACON& Tower with Radar,1034,58,15,2,1109,0,0,4,0,4,1034,58,19,2,1113,0,0,0,1113
07/04/2021,MIA,FL,ASO,ES,Combined TRACON& Tower with Radar,1001,36,16,0,1053,0,0,7,0,7,1001,36,23,0,1060,0,0,0,1060
07/05/2021,MIA,FL,ASO,ES,Combined TRACON& Tower with Radar,937,49,26,2,1014,0,0,2,0,2,937,49,28,2,1016,0,0,0,1016
07/06/2021,MIA,FL,ASO,ES,Combined TRACON& Tower with Radar,944,54,5,5,1008,0,0,0,0,0,944,54,5,5,1008,0,0,0,1008
07/07/2021,MIA,FL,ASO,ES,Combined TRACON& Tower with Radar,996,66,33,4,1099,0,0,3,0,3,996,66,36,4,1102,0,0,0,1102
07/08/2021,MIA,FL,ASO,ES,Combined TRACON& Tower with Radar,1046,74,33,2,1155,0,0,8,0,8,1046,74,41,2,1163,0,0,0,1163
07/09/2021,MIA,FL,ASO,ES,Combined TRACON& Tower with Radar,1008,78,19,4,1109,0,2,2,0,4,1008,80,21,4,1113,0,0,0,1113
07/10/2021,MIA,FL,ASO,ES,Combined TRACON& Tower with Radar,1040,34,30,1,1105,0,0,7,0,7,1040,34,37,1,1112,0,0,0,1112
07/11/2021,MIA,FL,ASO,ES,Combined TRACON& Tower with Radar,1014,48,25,1,1088,0,1,4,0,5,1014,49,29,1,1093,0,0,0,1093
07/12/2021,MIA,FL,ASO,ES,Combined TRACON& Tower with Radar,934,71,17,2,1024,0,1,2,0,3,934,72,19,2,1027,0,0,0,1027
07/13/2021,MIA,FL,ASO,ES,Combined TRACON& Tower with Radar,1023,67,23,3,1116,0,0,4,0,4,1023,67,27,3,1120,0,0,0,1120
07/14/2021,MIA,FL,ASO,ES,Combined TRACON& Tower with Radar,1018,77,16,5,1116,1,0,7,0,8,1019,77,23,5,1124,0,0,0,1124
07/15/2021,MIA,FL,ASO,ES,Combined TRACON& Tower with Radar,1054,89,23,3,1169,0,0,0,0,0,1054,89,23,3,1169,0,0,0,1169
07/16/2021,MIA,FL,ASO,ES,Combined TRACON& Tower with Radar,1015,82,31,0,1128,0,5,8,2,15,1015,87,39,2,1143,0,0,0,1143
07/17/2021,MIA,FL,ASO,ES,Combined TRACON& Tower with Radar,1024,37,21,0,1082,0,0,4,1,5,1024,37,25,1,1087,0,0,0,1087
07/18/2021,MIA,FL,ASO,ES,Combined TRACON& Tower with Radar,1021,60,27,0,1108,2,1,5,2,10,1023,61,32,2,1118,0,0,0,1118
07/19/2021,MIA,FL,ASO,ES,Combined TRACON& Tower with Radar,951,77,29,2,1059,0,1,8,0,9,951,78,37,2,1068,0,0,0,1068
07/20/2021,MIA,FL,ASO,ES,Combined TRACON& Tower with Radar,1010,70,31,1,1112,0,0,3,0,3,1010,70,34,1,1115,0,0,0,1115
07/21/2021,MIA,FL,ASO,ES,Combined TRACON& Tower with Radar,1020,74,35,4,1133,0,1,8,0,9,1020,75,43,4,1142,0,0,0,1142
07/22/2021,MIA,FL,ASO,ES,Combined TRACON& Tower with Radar,1071,71,38,1,1181,0,0,2,0,2,1071,71,40,1,1183,0,0,0,1183
07/23/2021,MIA,FL,ASO,ES,Combined TRACON& Tower with Radar,1008,74,24,2,1108,0,0,2,0,2,1008,74,26,2,1110,0,0,0,1110
07/24/2021,MIA,FL,ASO,ES,Combined TRACON& Tower with Radar,1052,39,18,0,1109,0,0,6,0,6,1052,39,24,0,1115,0,0,0,1115
07/25/2021,MIA,FL,ASO,ES,Combined TRACON& Tower with Radar,1019,47,22,0,1088,0,0,6,0,6,1019,47,28,0,1094,0,0,0,1094
07/26/2021,MIA,FL,ASO,ES,Combined TRACON& Tower with Radar,961,72,20,0,1053,0,0,4,0,4,961,72,24,0,1057,0,0,0,1057
07/27/2021,MIA,FL,ASO,ES,Combined TRACON& Tower with Radar,1000,55,21,1,1077,0,0,5,0,5,1000,55,26,1,1082,0,0,0,1082
07/28/2021,MIA,FL,ASO,ES,Combined TRACON& Tower with Radar,1025,74,27,2,1128,0,2,9,0,11,1025,76,36,2,1139,0,0,0,1139
07/29/2021,MIA,FL,ASO,ES,Combined TRACON& Tower with Radar,1063,77,39,2,1181,0,0,6,0,6,1063,77,45,2,1187,0,0,0,1187
07/30/2021,MIA,FL,ASO,ES,Combined TRACON& Tower with Radar,1024,89,25,0,1138,0,0,7,0,7,1024,89,32,0,1145,0,0,0,1145
07/31/2021,MIA,FL,ASO,ES,Combined TRACON& Tower with Radar,1049,38,18,0,1105,0,0,8,0,8,1049,38,26,0,1113,0,0,0,1113
08/01/2021,MIA,FL,ASO,ES,Combined TRACON& Tower with Radar,993,51,21,0,1065,0,0,2,0,2,993,51,23,0,1067,0,0,0,1067
08/02/2021,MIA,FL,ASO,ES,Combined TRACON& Tower with Radar,950,59,38,0,1047,0,1,11,1,13,950,60,49,1,1060,0,0,0,1060
08/03/2021,MIA,FL,ASO,ES,Combined TRACON& Tower with Radar,903,66,25,1,995,0,0,2,0,2,903,66,27,1,997,0,0,0,997
08/04/2021,MIA,FL,ASO,ES,Combined TRACON& Tower with Radar,1010,67,26,2,1105,0,0,1,0,1,1010,67,27,2,1106,0,0,0,1106
08/05/2021,MIA,FL,ASO,ES,Combined TRACON& Tower with Radar,1041,60,32,3,1136,0,0,1,0,1,1041,60,33,3,1137,0,0,0,1137
08/06/2021,MIA,FL,ASO,ES,Combined TRACON& Tower with Radar,1010,88,19,0,1117,0,0,4,0,4,1010,88,23,0,1121,0,0,0,1121
08/07/2021,MIA,FL,ASO,ES,Combined TRACON& Tower with Radar,1038,37,18,3,1096,0,1,4,0,5,1038,38,22,3,1101,0,0,0,1101
08/08/2021,MIA,FL,ASO,ES,Combined TRACON& Tower with Radar,1010,38,24,1,1073,0,0,2,0,2,1010,38,26,1,1075,0,0,0,1075
08/09/2021,MIA,FL,ASO,ES,Combined TRACON& Tower with Radar,972,64,24,2,1062,0,0,15,0,15,972,64,39,2,1077,0,0,0,1077
08/10/2021,MIA,FL,ASO,ES,Combined TRACON& Tower with Radar,979,57,20,3,1059,0,0,11,0,11,979,57,31,3,1070,0,0,0,1070
08/11/2021,MIA,FL,ASO,ES,Combined TRACON& Tower with Radar,988,67,16,4,1075,0,0,3,0,3,988,67,19,4,1078,0,0,0,1078
08/12/2021,MIA,FL,ASO,ES,Combined TRACON& Tower with Radar,972,62,25,1,1060,0,1,2,0,3,972,63,27,1,1063,0,0,0,1063
08/13/2021,MIA,FL,ASO,ES,Combined TRACON& Tower with Radar,1035,71,22,3,1131,0,0,8,0,8,1035,71,30,3,1139,0,0,0,1139
08/14/2021,MIA,FL,ASO,ES,Combined TRACON& Tower with Radar,988,36,19,0,1043,0,0,7,0,7,988,36,26,0,1050,0,0,0,1050
08/15/2021,MIA,FL,ASO,ES,Combined TRACON& Tower with Radar,1006,33,22,2,1063,1,0,5,0,6,1007,33,27,2,1069,0,0,0,1069
08/16/2021,MIA,FL,ASO,ES,Combined TRACON& Tower with Radar,979,77,20,4,1080,0,1,4,0,5,979,78,24,4,1085,0,0,0,1085
08/17/2021,MIA,FL,ASO,ES,Combined TRACON& Tower with Radar,867,50,25,6,948,0,0,0,0,0,867,50,25,6,948,0,0,0,948
08/18/2021,MIA,FL,ASO,ES,Combined TRACON& Tower with Radar,906,54,20,7,987,0,0,4,0,4,906,54,24,7,991,0,0,0,991
08/19/2021,MIA,FL,ASO,ES,Combined TRACON& Tower with Radar,975,69,28,7,1079,0,0,8,1,9,975,69,36,8,1088,0,0,0,1088
08/20/2021,MIA,FL,ASO,ES,Combined TRACON& Tower with Radar,919,67,33,2,1021,0,0,8,0,8,919,67,41,2,1029,0,0,0,1029
08/21/2021,MIA,FL,ASO,ES,Combined TRACON& Tower with Radar,937,39,18,2,996,0,0,7,0,7,937,39,25,2,1003,0,0,0,1003
08/22/2021,MIA,FL,ASO,ES,Combined TRACON& Tower with Radar,893,61,26,2,982,0,0,4,2,6,893,61,30,4,988,0,0,0,988
08/23/2021,MIA,FL,ASO,ES,Combined TRACON& Tower with Radar,902,52,31,1,986,0,2,6,0,8,902,54,37,1,994,0,0,0,994
08/24/2021,MIA,FL,ASO,ES,Combined TRACON& Tower with Radar,883,48,21,3,955,0,0,6,0,6,883,48,27,3,961,0,0,0,961
08/25/2021,MIA,FL,ASO,ES,Combined TRACON& Tower with Radar,882,47,32,3,964,0,0,8,0,8,882,47,40,3,972,0,0,0,972
08/26/2021,MIA,FL,ASO,ES,Combined TRACON& Tower with Radar,956,53,42,3,1054,0,2,13,0,15,956,55,55,3,1069,0,0,0,1069
08/27/2021,MIA,FL,ASO,ES,Combined TRACON& Tower with Radar,905,57,15,4,981,0,1,0,0,1,905,58,15,4,982,0,0,0,982
08/28/2021,MIA,FL,ASO,ES,Combined TRACON& Tower with Radar,931,26,26,6,989,0,0,4,0,4,931,26,30,6,993,0,0,0,993
08/29/2021,MIA,FL,ASO,ES,Combined TRACON& Tower with Radar,903,32,16,2,953,0,2,4,0,6,903,34,20,2,959,0,0,0,959
08/30/2021,MIA,FL,ASO,ES,Combined TRACON& Tower with Radar,880,48,18,0,946,0,0,4,0,4,880,48,22,0,950,0,0,0,950
08/31/2021,MIA,FL,ASO,ES,Combined TRACON& Tower with Radar,879,68,14,5,966,0,1,4,0,5,879,69,18,5,971,0,0,0,971
09/01/2021,MIA,FL,ASO,ES,Combined TRACON& Tower with Radar,879,65,26,3,973,0,0,4,0,4,879,65,30,3,977,0,0,0,977
09/02/2021,MIA,FL,ASO,ES,Combined TRACON& Tower with Radar,936,60,11,1,1008,0,2,0,0,2,936,62,11,1,1010,0,0,0,1010
09/03/2021,MIA,FL,ASO,ES,Combined TRACON& Tower with Radar,917,66,25,5,1013,0,3,3,0,6,917,69,28,5,1019,0,0,0,1019
09/04/2021,MIA,FL,ASO,ES,Combined TRACON& Tower with Radar,900,34,4,2,940,0,1,4,0,5,900,35,8,2,945,0,0,0,945
09/05/2021,MIA,FL,ASO,ES,Combined TRACON& Tower with Radar,867,30,5,1,903,0,0,0,0,0,867,30,5,1,903,0,0,0,903
09/06/2021,MIA,FL,ASO,ES,Combined TRACON& Tower with Radar,867,52,32,4,955,0,0,3,0,3,867,52,35,4,958,0,0,0,958
09/07/2021,MIA,FL,ASO,ES,Combined TRACON& Tower with Radar,838,58,24,0,920,0,2,5,0,7,838,60,29,0,927,0,0,0,927
09/08/2021,MIA,FL,ASO,ES,Combined TRACON& Tower with Radar,849,57,27,1,934,0,2,5,0,7,849,59,32,1,941,0,0,0,941
09/09/2021,MIA,FL,ASO,ES,Combined TRACON& Tower with Radar,925,60,31,1,1017,0,4,3,0,7,925,64,34,1,1024,0,0,0,1024
09/10/2021,MIA,FL,ASO,ES,Combined TRACON& Tower with Radar,896,58,20,2,976,0,3,8,2,13,896,61,28,4,989,0,0,0,989
09/11/2021,MIA,FL,ASO,ES,Combined TRACON& Tower with Radar,864,24,12,0,900,0,2,1,0,3,864,26,13,0,903,0,0,0,903
09/12/2021,MIA,FL,ASO,ES,Combined TRACON& Tower with Radar,858,38,17,2,915,0,2,2,0,4,858,40,19,2,919,0,0,0,919
09/13/2021,MIA,FL,ASO,ES,Combined TRACON& Tower with Radar,864,61,12,2,939,0,1,0,0,1,864,62,12,2,940,0,0,0,940
09/14/2021,MIA,FL,ASO,ES,Combined TRACON& Tower with Radar,829,51,33,2,915,0,2,4,0,6,829,53,37,2,921,0,0,0,921
09/15/2021,MIA,FL,ASO,ES,Combined TRACON& Tower with Radar,861,73,25,4,963,0,3,3,0,6,861,76,28,4,969,0,0,0,969
09/16/2021,MIA,FL,ASO,ES,Combined TRACON& Tower with Radar,919,66,23,2,1010,0,7,3,0,10,919,73,26,2,1020,0,0,0,1020
09/17/2021,MIA,FL,ASO,ES,Combined TRACON& Tower with Radar,897,71,20,1,989,0,2,7,0,9,897,73,27,1,998,0,0,0,998
09/18/2021,MIA,FL,ASO,ES,Combined TRACON& Tower with Radar,887,27,18,0,932,0,3,18,0,21,887,30,36,0,953,0,0,0,953
09/19/2021,MIA,FL,ASO,ES,Combined TRACON& Tower with Radar,895,44,34,3,976,0,1,6,0,7,895,45,40,3,983,0,0,0,983
09/20/2021,MIA,FL,ASO,ES,Combined TRACON& Tower with Radar,861,66,19,2,948,0,1,5,0,6,861,67,24,2,954,0,0,0,954
09/21/2021,MIA,FL,ASO,ES,Combined TRACON& Tower with Radar,829,66,23,2,920,0,4,4,0,8,829,70,27,2,928,0,0,0,928
09/22/2021,MIA,FL,ASO,ES,Combined TRACON& Tower with Radar,862,71,14,2,949,1,2,8,0,11,863,73,22,2,960,0,0,0,960
09/23/2021,MIA,FL,ASO,ES,Combined TRACON& Tower with Radar,900,59,27,1,987,0,2,3,0,5,900,61,30,1,992,0,0,0,992
09/24/2021,MIA,FL,ASO,ES,Combined TRACON& Tower with Radar,926,64,34,0,1024,0,3,4,0,7,926,67,38,0,1031,0,0,0,1031
09/25/2021,MIA,FL,ASO,ES,Combined TRACON& Tower with Radar,867,34,11,4,916,0,2,5,0,7,867,36,16,4,923,0,0,0,923
09/26/2021,MIA,FL,ASO,ES,Combined TRACON& Tower with Radar,874,42,26,1,943,0,0,3,0,3,874,42,29,1,946,0,0,0,946
09/27/2021,MIA,FL,ASO,ES,Combined TRACON& Tower with Radar,854,63,31,3,951,0,4,6,0,10,854,67,37,3,961,0,0,0,961
09/28/2021,MIA,FL,ASO,ES,Combined TRACON& Tower with Radar,825,53,25,8,911,0,6,1,0,7,825,59,26,8,918,0,0,0,918
09/29/2021,MIA,FL,ASO,ES,Combined TRACON& Tower with Radar,883,67,31,5,986,0,4,3,1,8,883,71,34,6,994,0,0,0,994
09/30/2021,MIA,FL,ASO,ES,Combined TRACON& Tower with Radar,929,78,33,7,1047,0,2,6,0,8,929,80,39,7,1055,0,0,0,1055
10/01/2021,MIA,FL,ASO,ES,Combined TRACON& Tower with Radar,883,76,30,3,992,0,3,3,0,6,883,79,33,3,998,0,0,0,998
10/02/2021,MIA,FL,ASO,ES,Combined TRACON& Tower with Radar,878,43,20,2,943,0,1,1,0,2,878,44,21,2,945,0,0,0,945
10/03/2021,MIA,FL,ASO,ES,Combined TRACON& Tower with Radar,885,42,20,0,947,0,4,4,0,8,885,46,24,0,955,0,0,0,955
10/04/2021,MIA,FL,ASO,ES,Combined TRACON& Tower with Radar,869,58,21,4,952,0,1,1,0,2,869,59,22,4,954,0,0,0,954
10/05/2021,MIA,FL,ASO,ES,Combined TRACON& Tower with Radar,857,53,21,3,934,0,2,2,0,4,857,55,23,3,938,0,0,0,938
10/06/2021,MIA,FL,ASO,ES,Combined TRACON& Tower with Radar,894,65,29,4,992,0,2,5,0,7,894,67,34,4,999,0,0,0,999
10/07/2021,MIA,FL,ASO,ES,Combined TRACON& Tower with Radar,1028,69,32,1,1130,0,4,4,0,8,1028,73,36,1,1138,0,0,0,1138
10/08/2021,MIA,FL,ASO,ES,Combined TRACON& Tower with Radar,940,66,34,2,1042,0,2,7,0,9,940,68,41,2,1051,0,0,0,1051
10/09/2021,MIA,FL,ASO,ES,Combined TRACON& Tower with Radar,993,34,27,0,1054,0,3,10,0,13,993,37,37,0,1067,0,0,0,1067
10/10/2021,MIA,FL,ASO,ES,Combined TRACON& Tower with Radar,1004,35,23,0,1062,0,0,12,0,12,1004,35,35,0,1074,0,0,0,1074
10/11/2021,MIA,FL,ASO,ES,Combined TRACON& Tower with Radar,1012,63,30,0,1105,0,2,6,0,8,1012,65,36,0,1113,0,0,0,1113
10/12/2021,MIA,FL,ASO,ES,Combined TRACON& Tower with Radar,989,60,23,5,1077,0,4,2,1,7,989,64,25,6,1084,0,0,0,1084
10/13/2021,MIA,FL,ASO,ES,Combined TRACON& Tower with Radar,1006,69,25,2,1102,0,2,5,0,7,1006,71,30,2,1109,0,0,0,1109
10/14/2021,MIA,FL,ASO,ES,Combined TRACON& Tower with Radar,1056,77,33,3,1169,0,4,6,0,10,1056,81,39,3,1179,0,0,0,1179
10/15/2021,MIA,FL,ASO,ES,Combined TRACON& Tower with Radar,1023,67,43,2,1135,0,2,7,2,11,1023,69,50,4,1146,0,0,0,1146
10/16/2021,MIA,FL,ASO,ES,Combined TRACON& Tower with Radar,976,53,38,0,1067,0,2,5,0,7,976,55,43,0,1074,0,0,0,1074
10/17/2021,MIA,FL,ASO,ES,Combined TRACON& Tower with Radar,1023,56,36,0,1115,0,5,10,1,16,1023,61,46,1,1131,0,0,0,1131
10/18/2021,MIA,FL,ASO,ES,Combined TRACON& Tower with Radar,1002,66,41,0,1109,0,3,1,0,4,1002,69,42,0,1113,0,0,0,1113
10/19/2021,MIA,FL,ASO,ES,Combined TRACON& Tower with Radar,977,80,19,1,1077,0,2,0,2,4,977,82,19,3,1081,0,0,0,1081
10/20/2021,MIA,FL,ASO,ES,Combined TRACON& Tower with Radar,1018,65,40,2,1125,0,3,7,0,10,1018,68,47,2,1135,0,0,0,1135
10/21/2021,MIA,FL,ASO,ES,Combined TRACON& Tower with Radar,1055,73,43,0,1171,0,2,5,0,7,1055,75,48,0,1178,0,0,0,1178
10/22/2021,MIA,FL,ASO,ES,Combined TRACON& Tower with Radar,1043,77,38,1,1159,0,2,5,0,7,1043,79,43,1,1166,0,0,0,1166
10/23/2021,MIA,FL,ASO,ES,Combined TRACON& Tower with Radar,986,32,22,0,1040,0,1,0,0,1,986,33,22,0,1041,0,0,0,1041
10/24/2021,MIA,FL,ASO,ES,Combined TRACON& Tower with Radar,1026,47,37,0,1110,0,0,2,0,2,1026,47,39,0,1112,0,0,0,1112
10/25/2021,MIA,FL,ASO,ES,Combined TRACON& Tower with Radar,1001,64,35,0,1100,0,1,4,0,5,1001,65,39,0,1105,0,0,0,1105
10/26/2021,MIA,FL,ASO,ES,Combined TRACON& Tower with Radar,980,61,19,2,1062,0,2,29,0,31,980,63,48,2,1093,0,0,0,1093
10/27/2021,MIA,FL,ASO,ES,Combined TRACON& Tower with Radar,1014,69,40,0,1123,0,4,7,0,11,1014,73,47,0,1134,0,0,0,1134
10/28/2021,MIA,FL,ASO,ES,Combined TRACON& Tower with Radar,1045,83,30,0,1158,0,3,6,0,9,1045,86,36,0,1167,0,0,0,1167
10/29/2021,MIA,FL,ASO,ES,Combined TRACON& Tower with Radar,1001,104,47,13,1165,0,3,2,2,7,1001,107,49,15,1172,0,0,0,1172
10/30/2021,MIA,FL,ASO,ES,Combined TRACON& Tower with Radar,901,48,27,1,977,0,1,3,0,4,901,49,30,1,981,0,0,0,981
10/31/2021,MIA,FL,ASO,ES,Combined TRACON& Tower with Radar,794,52,36,2,884,0,0,5,0,5,794,52,41,2,889,0,0,0,889
11/01/2021,MIA,FL,ASO,ES,Combined TRACON& Tower with Radar,916,78,54,0,1048,0,5,8,0,13,916,83,62,0,1061,0,0,0,1061
11/02/2021,MIA,FL,ASO,ES,Combined TRACON& Tower with Radar,953,72,32,1,1058,0,3,2,0,5,953,75,34,1,1063,0,0,0,1063
11/03/2021,MIA,FL,ASO,ES,Combined TRACON& Tower with Radar,1152,87,36,2,1277,0,4,6,0,10,1152,91,42,2,1287,0,0,0,1287
11/04/2021,MIA,FL,ASO,ES,Combined TRACON& Tower with Radar,1179,84,36,1,1300,0,2,14,0,16,1179,86,50,1,1316,0,0,0,1316
11/05/2021,MIA,FL,ASO,ES,Combined TRACON& Tower with Radar,1181,80,27,0,1288,1,2,2,0,5,1182,82,29,0,1293,0,0,0,1293
11/06/2021,MIA,FL,ASO,ES,Combined TRACON& Tower with Radar,1107,44,19,0,1170,0,1,5,0,6,1107,45,24,0,1176,0,0,0,1176
11/07/2021,MIA,FL,ASO,ES,Combined TRACON& Tower with Radar,1132,77,43,0,1252,0,0,7,0,7,1132,77,50,0,1259,0,0,0,1259
11/08/2021,MIA,FL,ASO,ES,Combined TRACON& Tower with Radar,1104,68,56,2,1230,0,1,6,0,7,1104,69,62,2,1237,0,0,0,1237
11/09/2021,MIA,FL,ASO,ES,Combined TRACON& Tower with Radar,953,71,37,1,1062,0,2,7,0,9,953,73,44,1,1071,0,0,0,1071
11/10/2021,MIA,FL,ASO,ES,Combined TRACON& Tower with Radar,1146,98,41,3,1288,0,5,9,2,16,1146,103,50,5,1304,0,0,0,1304
11/11/2021,MIA,FL,ASO,ES,Combined TRACON& Tower with Radar,1185,91,43,0,1319,0,5,6,0,11,1185,96,49,0,1330,0,0,0,1330
11/12/2021,MIA,FL,ASO,ES,Combined TRACON& Tower with Radar,1141,66,41,0,1248,0,2,8,0,10,1141,68,49,0,1258,0,0,0,1258
11/13/2021,MIA,FL,ASO,ES,Combined TRACON& Tower with Radar,1142,39,34,0,1215,0,2,5,0,7,1142,41,39,0,1222,0,0,0,1222
11/14/2021,MIA,FL,ASO,ES,Combined TRACON& Tower with Radar,1143,50,50,0,1243,0,0,7,0,7,1143,50,57,0,1250,0,0,0,1250
11/15/2021,MIA,FL,ASO,ES,Combined TRACON& Tower with Radar,1144,76,50,1,1271,0,4,4,0,8,1144,80,54,1,1279,0,0,0,1279
11/16/2021,MIA,FL,ASO,ES,Combined TRACON& Tower with Radar,993,74,42,2,1111,0,3,1,0,4,993,77,43,2,1115,0,0,0,1115
11/17/2021,MIA,FL,ASO,ES,Combined TRACON& Tower with Radar,1176,81,29,2,1288,0,2,3,0,5,1176,83,32,2,1293,0,0,0,1293
11/18/2021,MIA,FL,ASO,ES,Combined TRACON& Tower with Radar,1218,95,47,3,1363,0,2,5,1,8,1218,97,52,4,1371,0,0,0,1371
11/19/2021,MIA,FL,ASO,ES,Combined TRACON& Tower with Radar,1220,94,42,2,1358,0,2,5,0,7,1220,96,47,2,1365,0,0,0,1365
11/20/2021,MIA,FL,ASO,ES,Combined TRACON& Tower with Radar,1209,75,35,0,1319,0,1,1,0,2,1209,76,36,0,1321,0,0,0,1321
11/21/2021,MIA,FL,ASO,ES,Combined TRACON& Tower with Radar,1210,62,41,1,1314,0,1,10,0,11,1210,63,51,1,1325,0,0,0,1325
11/22/2021,MIA,FL,ASO,ES,Combined TRACON& Tower with Radar,1050,73,21,2,1146,0,1,8,0,9,1050,74,29,2,1155,0,0,0,1155
11/23/2021,MIA,FL,ASO,ES,Combined TRACON& Tower with Radar,1094,76,34,1,1205,0,4,5,0,9,1094,80,39,1,1214,0,0,0,1214
11/24/2021,MIA,FL,ASO,ES,Combined TRACON& Tower with Radar,1241,75,32,1,1349,0,5,9,0,14,1241,80,41,1,1363,0,0,0,1363
11/25/2021,MIA,FL,ASO,ES,Combined TRACON& Tower with Radar,964,65,22,0,1051,0,0,1,0,1,964,65,23,0,1052,0,0,0,1052
11/26/2021,MIA,FL,ASO,ES,Combined TRACON& Tower with Radar,1152,78,19,0,1249,0,6,5,0,11,1152,84,24,0,1260,0,0,0,1260
11/27/2021,MIA,FL,ASO,ES,Combined TRACON& Tower with Radar,1242,69,35,2,1348,0,1,2,0,3,1242,70,37,2,1351,0,0,0,1351
11/28/2021,MIA,FL,ASO,ES,Combined TRACON& Tower with Radar,1239,101,68,1,1409,0,0,10,0,10,1239,101,78,1,1419,0,0,0,1419
11/29/2021,MIA,FL,ASO,ES,Combined TRACON& Tower with Radar,1232,156,75,1,1464,0,4,13,0,17,1232,160,88,1,1481,0,0,0,1481
11/30/2021,MIA,FL,ASO,ES,Combined TRACON& Tower with Radar,1079,138,69,3,1289,0,2,7,0,9,1079,140,76,3,1298,0,0,0,1298
12/01/2021,MIA,FL,ASO,ES,Combined TRACON& Tower with Radar,1211,144,51,1,1407,0,4,25,0,29,1211,148,76,1,1436,0,0,0,1436
12/02/2021,MIA,FL,ASO,ES,Combined TRACON& Tower with Radar,1272,140,71,1,1484,0,3,9,2,14,1272,143,80,3,1498,0,0,0,1498
12/03/2021,MIA,FL,ASO,ES,Combined TRACON& Tower with Radar,1302,108,81,6,1497,0,2,18,0,20,1302,110,99,6,1517,0,0,0,1517
12/04/2021,MIA,FL,ASO,ES,Combined TRACON& Tower with Radar,1218,98,39,0,1355,0,1,8,0,9,1218,99,47,0,1364,0,0,0,1364
12/05/2021,MIA,FL,ASO,ES,Combined TRACON& Tower with Radar,1262,108,65,0,1435,0,1,9,0,10,1262,109,74,0,1445,0,0,0,1445
12/06/2021,MIA,FL,ASO,ES,Combined TRACON& Tower with Radar,1238,88,54,0,1380,0,1,3,0,4,1238,89,57,0,1384,0,0,0,1384
12/07/2021,MIA,FL,ASO,ES,Combined TRACON& Tower with Radar,1158,82,56,1,1297,0,5,7,0,12,1158,87,63,1,1309,0,0,0,1309
12/08/2021,MIA,FL,ASO,ES,Combined TRACON& Tower with Radar,1178,91,53,1,1323,0,3,2,0,5,1178,94,55,1,1328,0,0,0,1328
12/09/2021,MIA,FL,ASO,ES,Combined TRACON& Tower with Radar,1287,101,50,3,1441,0,2,12,0,14,1287,103,62,3,1455,0,0,0,1455
12/10/2021,MIA,FL,ASO,ES,Combined TRACON& Tower with Radar,1271,107,39,0,1417,0,2,9,1,12,1271,109,48,1,1429,0,0,0,1429
12/11/2021,MIA,FL,ASO,ES,Combined TRACON& Tower with Radar,1218,65,26,0,1309,0,2,7,0,9,1218,67,33,0,1318,0,0,0,1318
12/12/2021,MIA,FL,ASO,ES,Combined TRACON& Tower with Radar,1266,75,41,0,1382,0,10,1,0,11,1266,85,42,0,1393,0,0,0,1393
12/13/2021,MIA,FL,ASO,ES,Combined TRACON& Tower with Radar,1233,87,36,4,1360,0,3,3,0,6,1233,90,39,4,1366,0,0,0,1366
12/14/2021,MIA,FL,ASO,ES,Combined TRACON& Tower with Radar,1144,86,28,2,1260,0,2,8,0,10,1144,88,36,2,1270,0,0,0,1270
12/15/2021,MIA,FL,ASO,ES,Combined TRACON& Tower with Radar,1180,77,43,6,1306,0,2,5,0,7,1180,79,48,6,1313,0,0,0,1313
12/16/2021,MIA,FL,ASO,ES,Combined TRACON& Tower with Radar,1296,87,38,3,1424,0,2,12,0,14,1296,89,50,3,1438,0,0,0,1438
12/17/2021,MIA,FL,ASO,ES,Combined TRACON& Tower with Radar,1319,111,38,0,1468,0,4,6,2,12,1319,115,44,2,1480,0,0,0,1480
12/18/2021,MIA,FL,ASO,ES,Combined TRACON& Tower with Radar,1293,89,45,0,1427,1,0,1,0,2,1294,89,46,0,1429,0,0,0,1429
12/19/2021,MIA,FL,ASO,ES,Combined TRACON& Tower with Radar,1307,60,56,0,1423,0,3,11,2,16,1307,63,67,2,1439,0,0,0,1439
12/20/2021,MIA,FL,ASO,ES,Combined TRACON& Tower with Radar,1273,84,35,4,1396,0,1,4,0,5,1273,85,39,4,1401,0,0,0,1401
12/21/2021,MIA,FL,ASO,ES,Combined TRACON& Tower with Radar,1288,94,32,2,1416,1,2,3,0,6,1289,96,35,2,1422,0,0,0,1422
12/22/2021,MIA,FL,ASO,ES,Combined TRACON& Tower with Radar,1308,76,38,1,1423,1,5,6,0,12,1309,81,44,1,1435,0,0,0,1435
12/23/2021,MIA,FL,ASO,ES,Combined TRACON& Tower with Radar,1337,102,27,1,1467,0,3,9,0,12,1337,105,36,1,1479,0,0,0,1479
12/24/2021,MIA,FL,ASO,ES,Combined TRACON& Tower with Radar,1204,54,16,0,1274,0,5,4,0,9,1204,59,20,0,1283,0,0,0,1283
12/25/2021,MIA,FL,ASO,ES,Combined TRACON& Tower with Radar,1076,75,20,0,1171,0,1,5,0,6,1076,76,25,0,1177,0,0,0,1177
12/26/2021,MIA,FL,ASO,ES,Combined TRACON& Tower with Radar,1194,92,63,1,1350,0,2,9,0,11,1194,94,72,1,1361,0,0,0,1361
12/27/2021,MIA,FL,ASO,ES,Combined TRACON& Tower with Radar,1196,113,57,0,1366,0,5,13,0,18,1196,118,70,0,1384,0,0,0,1384
12/28/2021,MIA,FL,ASO,ES,Combined TRACON& Tower with Radar,1250,123,37,1,1411,0,3,8,0,11,1250,126,45,1,1422,0,0,0,1422
12/29/2021,MIA,FL,ASO,ES,Combined TRACON& Tower with Radar,1286,97,41,2,1426,0,4,6,0,10,1286,101,47,2,1436,0,0,0,1436
12/30/2021,MIA,FL,ASO,ES,Combined TRACON& Tower with Radar,1317,102,58,1,1478,0,3,8,0,11,1317,105,66,1,1489,0,0,0,1489
12/31/2021,MIA,FL,ASO,ES,Combined TRACON& Tower with Radar,1160,54,23,0,1237,0,6,5,0,11,1160,60,28,0,1248,0,0,0,1248
01/01/2022,MIA,FL,ASO,ES,Combined TRACON& Tower with Radar,1015,78,34,0,1127,0,4,5,0,9,1015,82,39,0,1136,0,0,0,1136
01/02/2022,MIA,FL,ASO,ES,Combined TRACON& Tower with Radar,1131,109,64,0,1304,0,3,16,0,19,1131,112,80,0,1323,0,0,0,1323
01/03/2022,MIA,FL,ASO,ES,Combined TRACON& Tower with Radar,1177,103,71,2,1353,0,3,5,0,8,1177,106,76,2,1361,0,0,0,1361
01/04/2022,MIA,FL,ASO,ES,Combined TRACON& Tower with Radar,1203,104,30,2,1339,0,2,9,0,11,1203,106,39,2,1350,0,0,0,1350
01/05/2022,MIA,FL,ASO,ES,Combined TRACON& Tower with Radar,1195,73,67,4,1339,0,3,4,1,8,1195,76,71,5,1347,0,0,0,1347
01/06/2022,MIA,FL,ASO,ES,Combined TRACON& Tower with Radar,1231,99,58,4,1392,1,2,8,0,11,1232,101,66,4,1403,0,0,0,1403
01/07/2022,MIA,FL,ASO,ES,Combined TRACON& Tower with Radar,1158,83,31,1,1273,0,3,2,0,5,1158,86,33,1,1278,0,0,0,1278
01/08/2022,MIA,FL,ASO,ES,Combined TRACON& Tower with Radar,1173,83,36,4,1296,0,3,8,0,11,1173,86,44,4,1307,0,0,0,1307
01/09/2022,MIA,FL,ASO,ES,Combined TRACON& Tower with Radar,1191,87,39,0,1317,0,0,6,2,8,1191,87,45,2,1325,0,0,0,1325
01/10/2022,MIA,FL,ASO,ES,Combined TRACON& Tower with Radar,1179,67,38,1,1285,0,5,1,0,6,1179,72,39,1,1291,0,0,0,1291
01/11/2022,MIA,FL,ASO,ES,Combined TRACON& Tower with Radar,1166,74,27,2,1269,0,3,11,0,14,1166,77,38,2,1283,0,0,0,1283
01/12/2022,MIA,FL,ASO,ES,Combined TRACON& Tower with Radar,1171,63,35,2,1271,0,2,15,0,17,1171,65,50,2,1288,0,0,0,1288
01/13/2022,MIA,FL,ASO,ES,Combined TRACON& Tower with Radar,1244,97,38,1,1380,0,3,5,0,8,1244,100,43,1,1388,0,0,0,1388
01/14/2022,MIA,FL,ASO,ES,Combined TRACON& Tower with Radar,1216,94,56,0,1366,0,4,13,0,17,1216,98,69,0,1383,0,0,0,1383
01/15/2022,MIA,FL,ASO,ES,Combined TRACON& Tower with Radar,1194,60,36,0,1290,0,1,13,0,14,1194,61,49,0,1304,0,0,0,1304
01/16/2022,MIA,FL,ASO,ES,Combined TRACON& Tower with Radar,1109,43,23,0,1175,1,0,4,0,5,1110,43,27,0,1180,0,0,0,1180
01/17/2022,MIA,FL,ASO,ES,Combined TRACON& Tower with Radar,1154,98,59,0,1311,0,2,8,0,10,1154,100,67,0,1321,0,0,0,1321
01/18/2022,MIA,FL,ASO,ES,Combined TRACON& Tower with Radar,1193,72,49,1,1315,0,5,14,0,19,1193,77,63,1,1334,0,0,0,1334
01/19/2022,MIA,FL,ASO,ES,Combined TRACON& Tower with Radar,1191,78,33,3,1305,0,4,4,0,8,1191,82,37,3,1313,0,0,0,1313
01/20/2022,MIA,FL,ASO,ES,Combined TRACON& Tower with Radar,1258,83,31,2,1374,0,3,2,0,5,1258,86,33,2,1379,0,0,0,1379
01/21/2022,MIA,FL,ASO,ES,Combined TRACON& Tower with Radar,1287,73,26,2,1388,0,1,11,0,12,1287,74,37,2,1400,0,0,0,1400
01/22/2022,MIA,FL,ASO,ES,Combined TRACON& Tower with Radar,1233,47,21,3,1304,0,0,6,0,6,1233,47,27,3,1310,0,0,0,1310
01/23/2022,MIA,FL,ASO,ES,Combined TRACON& Tower with Radar,1233,62,34,1,1330,2,1,7,0,10,1235,63,41,1,1340,0,0,0,1340
01/24/2022,MIA,FL,ASO,ES,Combined TRACON& Tower with Radar,1210,81,41,2,1334,0,0,8,0,8,1210,81,49,2,1342,0,0,0,1342
01/25/2022,MIA,FL,ASO,ES,Combined TRACON& Tower with Radar,1176,90,27,1,1294,0,1,8,0,9,1176,91,35,1,1303,0,0,0,1303
01/26/2022,MIA,FL,ASO,ES,Combined TRACON& Tower with Radar,1221,77,34,1,1333,0,4,6,1,11,1221,81,40,2,1344,0,0,0,1344
01/27/2022,MIA,FL,ASO,ES,Combined TRACON& Tower with Radar,1291,108,46,2,1447,1,0,7,1,9,1292,108,53,3,1456,0,0,0,1456
01/28/2022,MIA,FL,ASO,ES,Combined TRACON& Tower with Radar,1249,74,48,1,1372,1,0,2,2,5,1250,74,50,3,1377,0,0,0,1377
01/29/2022,MIA,FL,ASO,ES,Combined TRACON& Tower with Radar,1108,51,42,0,1201,0,1,3,0,4,1108,52,45,0,1205,0,0,0,1205
01/30/2022,MIA,FL,ASO,ES,Combined TRACON& Tower with Radar,1177,93,54,2,1326,0,2,12,2,16,1177,95,66,4,1342,0,0,0,1342
01/31/2022,MIA,FL,ASO,ES,Combined TRACON& Tower with Radar,1205,77,37,5,1324,0,1,15,0,16,1205,78,52,5,1340,0,0,0,1340
02/01/2022,MIA,FL,ASO,ES,Combined TRACON& Tower with Radar,1179,68,31,2,1280,0,2,4,0,6,1179,70,35,2,1286,0,0,0,1286
02/02/2022,MIA,FL,ASO,ES,Combined TRACON& Tower with Radar,1177,103,44,4,1328,1,1,11,0,13,1178,104,55,4,1341,0,0,0,1341
02/03/2022,MIA,FL,ASO,ES,Combined TRACON& Tower with Radar,1163,93,43,0,1299,0,3,8,0,11,1163,96,51,0,1310,0,0,0,1310
02/04/2022,MIA,FL,ASO,ES,Combined TRACON& Tower with Radar,1084,75,42,2,1203,0,3,6,0,9,1084,78,48,2,1212,0,0,0,1212
02/05/2022,MIA,FL,ASO,ES,Combined TRACON& Tower with Radar,1071,49,39,1,1160,0,2,7,0,9,1071,51,46,1,1169,0,0,0,1169
02/06/2022,MIA,FL,ASO,ES,Combined TRACON& Tower with Radar,1130,73,55,1,1259,1,0,11,0,12,1131,73,66,1,1271,0,0,0,1271
02/07/2022,MIA,FL,ASO,ES,Combined TRACON& Tower with Radar,1223,91,59,3,1376,0,2,10,0,12,1223,93,69,3,1388,0,0,0,1388
02/08/2022,MIA,FL,ASO,ES,Combined TRACON& Tower with Radar,1167,88,36,3,1294,0,2,3,0,5,1167,90,39,3,1299,0,0,0,1299
02/09/2022,MIA,FL,ASO,ES,Combined TRACON& Tower with Radar,1188,103,66,9,1366,0,0,5,0,5,1188,103,71,9,1371,0,0,0,1371
02/10/2022,MIA,FL,ASO,ES,Combined TRACON& Tower with Radar,1262,115,53,4,1434,1,0,9,0,10,1263,115,62,4,1444,0,0,0,1444
02/11/2022,MIA,FL,ASO,ES,Combined TRACON& Tower with Radar,1255,100,64,3,1422,0,0,11,0,11,1255,100,75,3,1433,0,0,0,1433
02/12/2022,MIA,FL,ASO,ES,Combined TRACON& Tower with Radar,1214,50,28,1,1293,0,1,6,1,8,1214,51,34,2,1301,0,0,0,1301
02/13/2022,MIA,FL,ASO,ES,Combined TRACON& Tower with Radar,1149,70,38,0,1257,0,0,4,0,4,1149,70,42,0,1261,0,0,0,1261
02/14/2022,MIA,FL,ASO,ES,Combined TRACON& Tower with Radar,1182,78,33,2,1295,0,1,6,0,7,1182,79,39,2,1302,0,0,0,1302
02/15/2022,MIA,FL,ASO,ES,Combined TRACON& Tower with Radar,1159,76,59,1,1295,0,1,6,0,7,1159,77,65,1,1302,0,0,0,1302
02/16/2022,MIA,FL,ASO,ES,Combined TRACON& Tower with Radar,1197,123,66,1,1387,0,1,12,0,13,1197,124,78,1,1400,0,0,0,1400
02/17/2022,MIA,FL,ASO,ES,Combined TRACON& Tower with Radar,1251,141,66,0,1458,0,0,24,0,24,1251,141,90,0,1482,0,0,0,1482
02/18/2022,MIA,FL,ASO,ES,Combined TRACON& Tower with Radar,1261,119,71,1,1452,0,0,11,0,11,1261,119,82,1,1463,0,0,0,1463
02/19/2022,MIA,FL,ASO,ES,Combined TRACON& Tower with Radar,1231,95,58,1,1385,0,2,9,0,11,1231,97,67,1,1396,0,0,0,1396
02/20/2022,MIA,FL,ASO,ES,Combined TRACON& Tower with Radar,1200,89,45,0,1334,0,3,10,0,13,1200,92,55,0,1347,0,0,0,1347
02/21/2022,MIA,FL,ASO,ES,Combined TRACON& Tower with Radar,1213,114,62,1,1390,0,0,11,0,11,1213,114,73,1,1401,0,0,0,1401
02/22/2022,MIA,FL,ASO,ES,Combined TRACON& Tower with Radar,1181,117,71,3,1372,0,1,8,0,9,1181,118,79,3,1381,0,0,0,1381
02/23/2022,MIA,FL,ASO,ES,Combined TRACON& Tower with Radar,1189,100,80,3,1372,0,0,8,0,8,1189,100,88,3,1380,0,0,0,1380
02/24/2022,MIA,FL,ASO,ES,Combined TRACON& Tower with Radar,1218,101,66,1,1386,0,3,21,0,24,1218,104,87,1,1410,0,0,0,1410
02/25/2022,MIA,FL,ASO,ES,Combined TRACON& Tower with Radar,1239,108,67,2,1416,0,0,5,1,6,1239,108,72,3,1422,0,0,0,1422
02/26/2022,MIA,FL,ASO,ES,Combined TRACON& Tower with Radar,1236,95,51,1,1383,0,2,9,0,11,1236,97,60,1,1394,0,0,0,1394
02/27/2022,MIA,FL,ASO,ES,Combined TRACON& Tower with Radar,1201,97,68,1,1367,0,4,13,0,17,1201,101,81,1,1384,0,0,0,1384
02/28/2022,MIA,FL,ASO,ES,Combined TRACON& Tower with Radar,1192,89,47,2,1330,0,2,8,0,10,1192,91,55,2,1340,0,0,0,1340
03/01/2022,MIA,FL,ASO,ES,Combined TRACON& Tower with Radar,1200,90,56,3,1349,0,2,3,0,5,1200,92,59,3,1354,0,0,0,1354
03/02/2022,MIA,FL,ASO,ES,Combined TRACON& Tower with Radar,1174,84,54,2,1314,0,0,3,0,3,1174,84,57,2,1317,0,0,0,1317
03/03/2022,MIA,FL,ASO,ES,Combined TRACON& Tower with Radar,1260,118,59,4,1441,0,4,11,0,15,1260,122,70,4,1456,0,0,0,1456
03/04/2022,MIA,FL,ASO,ES,Combined TRACON& Tower with Radar,1249,101,52,2,1404,0,1,13,0,14,1249,102,65,2,1418,0,0,0,1418
03/05/2022,MIA,FL,ASO,ES,Combined TRACON& Tower with Radar,1218,60,40,2,1320,0,0,3,0,3,1218,60,43,2,1323,0,0,0,1323
03/06/2022,MIA,FL,ASO,ES,Combined TRACON& Tower with Radar,1191,85,52,0,1328,1,2,13,0,16,1192,87,65,0,1344,0,0,0,1344
03/07/2022,MIA,FL,ASO,ES,Combined TRACON& Tower with Radar,1180,93,42,0,1315,0,2,4,0,6,1180,95,46,0,1321,0,0,0,1321
03/08/2022,MIA,FL,ASO,ES,Combined TRACON& Tower with Radar,1169,74,30,4,1277,0,1,15,0,16,1169,75,45,4,1293,0,0,0,1293
03/09/2022,MIA,FL,ASO,ES,Combined TRACON& Tower with Radar,1182,87,44,4,1317,0,0,17,0,17,1182,87,61,4,1334,0,0,0,1334
03/10/2022,MIA,FL,ASO,ES,Combined TRACON& Tower with Radar,1248,94,49,2,1393,0,0,10,0,10,1248,94,59,2,1403,0,0,0,1403
03/11/2022,MIA,FL,ASO,ES,Combined TRACON& Tower with Radar,1214,94,49,3,1360,1,3,10,0,14,1215,97,59,3,1374,0,0,0,1374
03/12/2022,MIA,FL,ASO,ES,Combined TRACON& Tower with Radar,1130,66,55,2,1253,1,1,9,0,11,1131,67,64,2,1264,0,0,0,1264
03/13/2022,MIA,FL,ASO,ES,Combined TRACON& Tower with Radar,1197,91,61,1,1350,0,0,9,0,9,1197,91,70,1,1359,0,0,0,1359
03/14/2022,MIA,FL,ASO,ES,Combined TRACON& Tower with Radar,1213,86,46,4,1349,0,0,10,0,10,1213,86,56,4,1359,0,0,0,1359
03/15/2022,MIA,FL,ASO,ES,Combined TRACON& Tower with Radar,1201,97,48,1,1347,0,1,1,0,2,1201,98,49,1,1349,0,0,0,1349
03/16/2022,MIA,FL,ASO,ES,Combined TRACON& Tower with Radar,1212,116,45,3,1376,0,0,13,0,13,1212,116,58,3,1389,0,0,0,1389
03/17/2022,MIA,FL,ASO,ES,Combined TRACON& Tower with Radar,1239,107,40,4,1390,0,0,4,1,5,1239,107,44,5,1395,0,0,0,1395
03/18/2022,MIA,FL,ASO,ES,Combined TRACON& Tower with Radar,1200,107,69,0,1376,0,2,11,2,15,1200,109,80,2,1391,0,0,0,1391
03/19/2022,MIA,FL,ASO,ES,Combined TRACON& Tower with Radar,1245,95,53,0,1393,0,0,16,0,16,1245,95,69,0,1409,0,0,0,1409
03/20/2022,MIA,FL,ASO,ES,Combined TRACON& Tower with Radar,1224,82,70,2,1378,0,1,14,1,16,1224,83,84,3,1394,0,0,0,1394
03/21/2022,MIA,FL,ASO,ES,Combined TRACON& Tower with Radar,1181,101,68,4,1354,1,2,6,0,9,1182,103,74,4,1363,0,0,0,1363
03/22/2022,MIA,FL,ASO,ES,Combined TRACON& Tower with Radar,1178,72,41,1,1292,0,0,12,0,12,1178,72,53,1,1304,0,0,0,1304
03/23/2022,MIA,FL,ASO,ES,Combined TRACON& Tower with Radar,1195,83,56,2,1336,1,0,8,0,9,1196,83,64,2,1345,0,0,0,1345
03/24/2022,MIA,FL,ASO,ES,Combined TRACON& Tower with Radar,1231,103,65,1,1400,0,1,14,0,15,1231,104,79,1,1415,0,0,0,1415
03/25/2022,MIA,FL,ASO,ES,Combined TRACON& Tower with Radar,1258,118,45,0,1421,0,0,4,0,4,1258,118,49,0,1425,0,0,0,1425
03/26/2022,MIA,FL,ASO,ES,Combined TRACON& Tower with Radar,1213,72,39,0,1324,0,0,11,0,11,1213,72,50,0,1335,0,0,0,1335
03/27/2022,MIA,FL,ASO,ES,Combined TRACON& Tower with Radar,1186,104,61,0,1351,0,1,12,0,13,1186,105,73,0,1364,0,0,0,1364
03/28/2022,MIA,FL,ASO,ES,Combined TRACON& Tower with Radar,1210,80,41,0,1331,0,1,11,0,12,1210,81,52,0,1343,0,0,0,1343
03/29/2022,MIA,FL,ASO,ES,Combined TRACON& Tower with Radar,1177,87,27,1,1292,1,0,4,0,5,1178,87,31,1,1297,0,0,0,1297
03/30/2022,MIA,FL,ASO,ES,Combined TRACON& Tower with Radar,1180,78,54,8,1320,0,2,3,0,5,1180,80,57,8,1325,0,0,0,1325
03/31/2022,MIA,FL,ASO,ES,Combined TRACON& Tower with Radar,1186,81,48,3,1318,0,0,8,0,8,1186,81,56,3,1326,0,0,0,1326
04/01/2022,MIA,FL,ASO,ES,Combined TRACON& Tower with Radar,1119,105,70,3,1297,1,2,10,0,13,1120,107,80,3,1310,0,0,0,1310
04/02/2022,MIA,FL,ASO,ES,Combined TRACON& Tower with Radar,963,51,54,0,1068,0,0,10,0,10,963,51,64,0,1078,0,0,0,1078
04/03/2022,MIA,FL,ASO,ES,Combined TRACON& Tower with Radar,1013,91,76,4,1184,0,2,6,0,8,1013,93,82,4,1192,0,0,0,1192
04/04/2022,MIA,FL,ASO,ES,Combined TRACON& Tower with Radar,1143,83,57,2,1285,0,0,7,0,7,1143,83,64,2,1292,0,0,0,1292
04/05/2022,MIA,FL,ASO,ES,Combined TRACON& Tower with Radar,1155,80,58,2,1295,0,1,8,0,9,1155,81,66,2,1304,0,0,0,1304
04/06/2022,MIA,FL,ASO,ES,Combined TRACON& Tower with Radar,1221,86,62,0,1369,0,1,2,2,5,1221,87,64,2,1374,0,0,0,1374
04/07/2022,MIA,FL,ASO,ES,Combined TRACON& Tower with Radar,1199,108,46,4,1357,0,1,10,0,11,1199,109,56,4,1368,0,0,0,1368
04/08/2022,MIA,FL,ASO,ES,Combined TRACON& Tower with Radar,1262,117,55,1,1435,0,1,14,0,15,1262,118,69,1,1450,0,0,0,1450
04/09/2022,MIA,FL,ASO,ES,Combined TRACON& Tower with Radar,1237,68,40,0,1345,0,2,9,0,11,1237,70,49,0,1356,0,0,0,1356
04/10/2022,MIA,FL,ASO,ES,Combined TRACON& Tower with Radar,1197,88,61,0,1346,0,2,5,0,7,1197,90,66,0,1353,0,0,0,1353
04/11/2022,MIA,FL,ASO,ES,Combined TRACON& Tower with Radar,1217,71,35,2,1325,0,0,15,0,15,1217,71,50,2,1340,0,0,0,1340
04/12/2022,MIA,FL,ASO,ES,Combined TRACON& Tower with Radar,1193,72,34,0,1299,2,0,5,0,7,1195,72,39,0,1306,0,0,0,1306
04/13/2022,MIA,FL,ASO,ES,Combined TRACON& Tower with Radar,1244,99,40,3,1386,2,1,14,0,17,1246,100,54,3,1403,0,0,0,1403
04/14/2022,MIA,FL,ASO,ES,Combined TRACON& Tower with Radar,1260,106,50,1,1417,0,2,9,0,11,1260,108,59,1,1428,0,0,0,1428
04/15/2022,MIA,FL,ASO,ES,Combined TRACON& Tower with Radar,1122,62,47,1,1232,0,3,5,0,8,1122,65,52,1,1240,0,0,0,1240
04/16/2022,MIA,FL,ASO,ES,Combined TRACON& Tower with Radar,1210,69,44,0,1323,0,0,13,0,13,1210,69,57,0,1336,0,0,0,1336
04/17/2022,MIA,FL,ASO,ES,Combined TRACON& Tower with Radar,1204,76,42,2,1324,1,2,9,0,12,1205,78,51,2,1336,0,0,0,1336
04/18/2022,MIA,FL,ASO,ES,Combined TRACON& Tower with Radar,1222,73,65,1,1361,1,2,16,0,19,1223,75,81,1,1380,0,0,0,1380
04/19/2022,MIA,FL,ASO,ES,Combined TRACON& Tower with Radar,1212,85,51,8,1356,0,2,7,1,10,1212,87,58,9,1366,0,0,0,1366
04/20/2022,MIA,FL,ASO,ES,Combined TRACON& Tower with Radar,1239,83,45,5,1372,0,0,10,0,10,1239,83,55,5,1382,0,0,0,1382
04/21/2022,MIA,FL,ASO,ES,Combined TRACON& Tower with Radar,1258,80,48,1,1387,0,2,2,0,4,1258,82,50,1,1391,0,0,0,1391
04/22/2022,MIA,FL,ASO,ES,Combined TRACON& Tower with Radar,1260,90,48,0,1398,0,1,7,0,8,1260,91,55,0,1406,0,0,0,1406
04/23/2022,MIA,FL,ASO,ES,Combined TRACON& Tower with Radar,1230,49,23,0,1302,1,4,6,0,11,1231,53,29,0,1313,0,0,0,1313
04/24/2022,MIA,FL,ASO,ES,Combined TRACON& Tower with Radar,1236,84,48,1,1369,0,0,8,0,8,1236,84,56,1,1377,0,0,0,1377
04/25/2022,MIA,FL,ASO,ES,Combined TRACON& Tower with Radar,1250,81,32,1,1364,1,1,8,0,10,1251,82,40,1,1374,0,0,0,1374
04/26/2022,MIA,FL,ASO,ES,Combined TRACON& Tower with Radar,1234,62,36,0,1332,0,1,7,0,8,1234,63,43,0,1340,0,0,0,1340
04/27/2022,MIA,FL,ASO,ES,Combined TRACON& Tower with Radar,1259,80,54,1,1394,0,0,5,2,7,1259,80,59,3,1401,0,0,0,1401
04/28/2022,MIA,FL,ASO,ES,Combined TRACON& Tower with Radar,1288,84,43,1,1416,0,6,9,1,16,1288,90,52,2,1432,0,0,0,1432
04/29/2022,MIA,FL,ASO,ES,Combined TRACON& Tower with Radar,1308,77,39,2,1426,1,4,7,0,12,1309,81,46,2,1438,0,0,0,1438
04/30/2022,MIA,FL,ASO,ES,Combined TRACON& Tower with Radar,1259,48,30,0,1337,1,0,2,0,3,1260,48,32,0,1340,0,0,0,1340
05/01/2022,MIA,FL,ASO,ES,Combined TRACON& Tower with Radar,1211,54,47,1,1313,0,2,2,0,4,1211,56,49,1,1317,0,0,0,1317
05/02/2022,MIA,FL,ASO,ES,Combined TRACON& Tower with Radar,1249,56,41,1,1347,0,2,7,0,9,1249,58,48,1,1356,0,0,0,1356
05/03/2022,MIA,FL,ASO,ES,Combined TRACON& Tower with Radar,1222,75,33,0,1330,1,1,9,1,12,1223,76,42,1,1342,0,0,0,1342
05/04/2022,MIA,FL,ASO,ES,Combined TRACON& Tower with Radar,1219,80,26,1,1326,0,3,23,2,28,1219,83,49,3,1354,0,0,0,1354
05/05/2022,MIA,FL,ASO,ES,Combined TRACON& Tower with Radar,1269,115,75,2,1461,0,0,5,0,5,1269,115,80,2,1466,0,0,0,1466
05/06/2022,MIA,FL,ASO,ES,Combined TRACON& Tower with Radar,1243,111,37,0,1391,0,0,8,0,8,1243,111,45,0,1399,0,0,0,1399
05/07/2022,MIA,FL,ASO,ES,Combined TRACON& Tower with Radar,1214,69,24,0,1307,0,1,12,0,13,1214,70,36,0,1320,0,0,0,1320
05/08/2022,MIA,FL,ASO,ES,Combined TRACON& Tower with Radar,1179,90,32,0,1301,1,0,13,0,14,1180,90,45,0,1315,0,0,0,1315
05/09/2022,MIA,FL,ASO,ES,Combined TRACON& Tower with Radar,1223,104,62,4,1393,0,0,6,0,6,1223,104,68,4,1399,0,0,0,1399
05/10/2022,MIA,FL,ASO,ES,Combined TRACON& Tower with Radar,1209,77,44,0,1330,0,0,13,0,13,1209,77,57,0,1343,0,0,0,1343
05/11/2022,MIA,FL,ASO,ES,Combined TRACON& Tower with Radar,1222,84,40,0,1346,0,0,13,2,15,1222,84,53,2,1361,0,0,0,1361
05/12/2022,MIA,FL,ASO,ES,Combined TRACON& Tower with Radar,1216,90,41,0,1347,0,0,7,0,7,1216,90,48,0,1354,0,0,0,1354
05/13/2022,MIA,FL,ASO,ES,Combined TRACON& Tower with Radar,1212,80,36,0,1328,0,0,9,0,9,1212,80,45,0,1337,0,0,0,1337
05/14/2022,MIA,FL,ASO,ES,Combined TRACON& Tower with Radar,1247,54,24,1,1326,0,0,4,1,5,1247,54,28,2,1331,0,0,0,1331
05/15/2022,MIA,FL,ASO,ES,Combined TRACON& Tower with Radar,1189,73,40,1,1303,0,0,1,1,2,1189,73,41,2,1305,0,0,0,1305
05/16/2022,MIA,FL,ASO,ES,Combined TRACON& Tower with Radar,1160,86,38,2,1286,0,0,6,0,6,1160,86,44,2,1292,0,0,0,1292
05/17/2022,MIA,FL,ASO,ES,Combined TRACON& Tower with Radar,1196,80,35,5,1316,0,0,8,0,8,1196,80,43,5,1324,0,0,0,1324
05/18/2022,MIA,FL,ASO,ES,Combined TRACON& Tower with Radar,1221,83,42,2,1348,0,0,5,0,5,1221,83,47,2,1353,0,0,0,1353
05/19/2022,MIA,FL,ASO,ES,Combined TRACON& Tower with Radar,1212,81,42,4,1339,0,1,0,0,1,1212,82,42,4,1340,0,0,0,1340
05/20/2022,MIA,FL,ASO,ES,Combined TRACON& Tower with Radar,1132,57,31,0,1220,0,4,0,0,4,1132,61,31,0,1224,0,0,0,1224
05/21/2022,MIA,FL,ASO,ES,Combined TRACON& Tower with Radar,1189,52,31,2,1274,1,0,8,0,9,1190,52,39,2,1283,0,0,0,1283
05/22/2022,MIA,FL,ASO,ES,Combined TRACON& Tower with Radar,1175,61,36,0,1272,0,2,8,0,10,1175,63,44,0,1282,0,0,0,1282
05/23/2022,MIA,FL,ASO,ES,Combined TRACON& Tower with Radar,1196,58,41,0,1295,0,2,11,0,13,1196,60,52,0,1308,0,0,0,1308
05/24/2022,MIA,FL,ASO,ES,Combined TRACON& Tower with Radar,1198,73,26,0,1297,0,0,11,0,11,1198,73,37,0,1308,0,0,0,1308
05/25/2022,MIA,FL,ASO,ES,Combined TRACON& Tower with Radar,1198,67,37,2,1304,0,0,4,0,4,1198,67,41,2,1308,0,0,0,1308
05/26/2022,MIA,FL,ASO,ES,Combined TRACON& Tower with Radar,1227,76,36,1,1340,0,0,5,0,5,1227,76,41,1,1345,0,0,0,1345
05/27/2022,MIA,FL,ASO,ES,Combined TRACON& Tower with Radar,1176,80,51,3,1310,0,0,7,0,7,1176,80,58,3,1317,0,0,0,1317
05/28/2022,MIA,FL,ASO,ES,Combined TRACON& Tower with Radar,1176,35,33,0,1244,0,0,2,0,2,1176,35,35,0,1246,0,0,0,1246
05/29/2022,MIA,FL,ASO,ES,Combined TRACON& Tower with Radar,1099,28,13,2,1142,0,0,6,0,6,1099,28,19,2,1148,0,0,0,1148
05/30/2022,MIA,FL,ASO,ES,Combined TRACON& Tower with Radar,1129,64,33,0,1226,0,0,1,0,1,1129,64,34,0,1227,0,0,0,1227
05/31/2022,MIA,FL,ASO,ES,Combined TRACON& Tower with Radar,1171,62,40,2,1275,0,0,6,0,6,1171,62,46,2,1281,0,0,0,1281
06/01/2022,MIA,FL,ASO,ES,Combined TRACON& Tower with Radar,1088,43,21,0,1152,0,0,5,0,5,1088,43,26,0,1157,0,0,0,1157
06/02/2022,MIA,FL,ASO,ES,Combined TRACON& Tower with Radar,1104,66,18,1,1189,0,1,3,1,5,1104,67,21,2,1194,0,0,0,1194
06/03/2022,MIA,FL,ASO,ES,Combined TRACON& Tower with Radar,1057,54,19,0,1130,0,0,0,0,0,1057,54,19,0,1130,0,0,0,1130
06/04/2022,MIA,FL,ASO,ES,Combined TRACON& Tower with Radar,1076,20,14,0,1110,0,0,1,0,1,1076,20,15,0,1111,0,0,0,1111
06/05/2022,MIA,FL,ASO,ES,Combined TRACON& Tower with Radar,1127,35,29,2,1193,0,2,8,0,10,1127,37,37,2,1203,0,0,0,1203
06/06/2022,MIA,FL,ASO,ES,Combined TRACON& Tower with Radar,1107,49,30,0,1186,1,0,3,0,4,1108,49,33,0,1190,0,0,0,1190
06/07/2022,MIA,FL,ASO,ES,Combined TRACON& Tower with Radar,1101,56,30,0,1187,0,1,0,0,1,1101,57,30,0,1188,0,0,0,1188
06/08/2022,MIA,FL,ASO,ES,Combined TRACON& Tower with Radar,1040,63,38,0,1141,0,0,7,0,7,1040,63,45,0,1148,0,0,0,1148
06/09/2022,MIA,FL,ASO,ES,Combined TRACON& Tower with Radar,1004,64,30,0,1098,0,3,10,0,13,1004,67,40,0,1111,0,0,0,1111
06/10/2022,MIA,FL,ASO,ES,Combined TRACON& Tower with Radar,1116,58,31,5,1210,0,2,4,0,6,1116,60,35,5,1216,0,0,0,1216
06/11/2022,MIA,FL,ASO,ES,Combined TRACON& Tower with Radar,1166,37,30,6,1239,0,0,7,0,7,1166,37,37,6,1246,0,0,0,1246
06/12/2022,MIA,FL,ASO,ES,Combined TRACON& Tower with Radar,1092,51,35,2,1180,0,0,9,0,9,1092,51,44,2,1189,0,0,0,1189
06/13/2022,MIA,FL,ASO,ES,Combined TRACON& Tower with Radar,1099,56,43,0,1198,1,1,8,0,10,1100,57,51,0,1208,0,0,0,1208
06/14/2022,MIA,FL,ASO,ES,Combined TRACON& Tower with Radar,1098,66,26,4,1194,0,3,2,0,5,1098,69,28,4,1199,0,0,0,1199
06/15/2022,MIA,FL,ASO,ES,Combined TRACON& Tower with Radar,1104,71,29,1,1205,0,0,6,0,6,1104,71,35,1,1211,0,0,0,1211
06/16/2022,MIA,FL,ASO,ES,Combined TRACON& Tower with Radar,1086,64,26,2,1178,0,0,4,0,4,1086,64,30,2,1182,0,0,0,1182
06/17/2022,MIA,FL,ASO,ES,Combined TRACON& Tower with Radar,1130,74,27,0,1231,0,0,5,0,5,1130,74,32,0,1236,0,0,0,1236
06/18/2022,MIA,FL,ASO,ES,Combined TRACON& Tower with Radar,1127,38,19,0,1184,0,0,2,0,2,1127,38,21,0,1186,0,0,0,1186
06/19/2022,MIA,FL,ASO,ES,Combined TRACON& Tower with Radar,1100,48,34,0,1182,1,0,1,0,2,1101,48,35,0,1184,0,0,0,1184
06/20/2022,MIA,FL,ASO,ES,Combined TRACON& Tower with Radar,1130,56,31,1,1218,0,0,5,0,5,1130,56,36,1,1223,0,0,0,1223
06/21/2022,MIA,FL,ASO,ES,Combined TRACON& Tower with Radar,1092,68,30,4,1194,0,0,15,1,16,1092,68,45,5,1210,0,0,0,1210
06/22/2022,MIA,FL,ASO,ES,Combined TRACON& Tower with Radar,1089,50,30,0,1169,0,1,3,0,4,1089,51,33,0,1173,0,0,0,1173
06/23/2022,MIA,FL,ASO,ES,Combined TRACON& Tower with Radar,1135,61,35,0,1231,0,2,7,0,9,1135,63,42,0,1240,0,0,0,1240
06/24/2022,MIA,FL,ASO,ES,Combined TRACON& Tower with Radar,1118,69,17,2,1206,0,3,3,0,6,1118,72,20,2,1212,0,0,0,1212
06/25/2022,MIA,FL,ASO,ES,Combined TRACON& Tower with Radar,1164,33,21,2,1220,0,0,3,0,3,1164,33,24,2,1223,0,0,0,1223
06/26/2022,MIA,FL,ASO,ES,Combined TRACON& Tower with Radar,1113,45,24,0,1182,0,0,1,0,1,1113,45,25,0,1183,0,0,0,1183
06/27/2022,MIA,FL,ASO,ES,Combined TRACON& Tower with Radar,1089,66,33,0,1188,0,5,11,0,16,1089,71,44,0,1204,0,0,0,1204
06/28/2022,MIA,FL,ASO,ES,Combined TRACON& Tower with Radar,1071,69,33,0,1173,0,0,10,1,11,1071,69,43,1,1184,0,0,0,1184
06/29/2022,MIA,FL,ASO,ES,Combined TRACON& Tower with Radar,1065,57,44,3,1169,0,0,6,0,6,1065,57,50,3,1175,0,0,0,1175
06/30/2022,MIA,FL,ASO,ES,Combined TRACON& Tower with Radar,1129,68,25,3,1225,0,2,7,0,9,1129,70,32,3,1234,0,0,0,1234
07/01/2022,MIA,FL,ASO,ES,Combined TRACON& Tower with Radar,1122,79,25,0,1226,0,2,5,0,7,1122,81,30,0,1233,0,0,0,1233
07/02/2022,MIA,FL,ASO,ES,Combined TRACON& Tower with Radar,1148,33,14,0,1195,1,4,0,0,5,1149,37,14,0,1200,0,0,0,1200
07/03/2022,MIA,FL,ASO,ES,Combined TRACON& Tower with Radar,1153,34,23,0,1210,0,1,3,0,4,1153,35,26,0,1214,0,0,0,1214
07/04/2022,MIA,FL,ASO,ES,Combined TRACON& Tower with Radar,1088,32,6,1,1127,0,0,0,0,0,1088,32,6,1,1127,0,0,0,1127
07/05/2022,MIA,FL,ASO,ES,Combined TRACON& Tower with Radar,1080,59,21,2,1162,0,2,3,0,5,1080,61,24,2,1167,0,0,0,1167
07/06/2022,MIA,FL,ASO,ES,Combined TRACON& Tower with Radar,1093,52,34,3,1182,0,0,4,0,4,1093,52,38,3,1186,0,0,0,1186
07/07/2022,MIA,FL,ASO,ES,Combined TRACON& Tower with Radar,1138,54,29,2,1223,0,2,5,0,7,1138,56,34,2,1230,0,0,0,1230
07/08/2022,MIA,FL,ASO,ES,Combined TRACON& Tower with Radar,1154,55,14,0,1223,0,4,10,0,14,1154,59,24,0,1237,0,0,0,1237
07/09/2022,MIA,FL,ASO,ES,Combined TRACON& Tower with Radar,1153,26,21,0,1200,0,0,4,0,4,1153,26,25,0,1204,0,0,0,1204
07/10/2022,MIA,FL,ASO,ES,Combined TRACON& Tower with Radar,1159,26,32,0,1217,0,2,0,0,2,1159,28,32,0,1219,0,0,0,1219
07/11/2022,MIA,FL,ASO,ES,Combined TRACON& Tower with Radar,1106,51,23,0,1180,1,0,10,0,11,1107,51,33,0,1191,0,0,0,1191
07/12/2022,MIA,FL,ASO,ES,Combined TRACON& Tower with Radar,1101,54,31,0,1186,0,0,6,2,8,1101,54,37,2,1194,0,0,0,1194
07/13/2022,MIA,FL,ASO,ES,Combined TRACON& Tower with Radar,1153,51,24,0,1228,0,2,3,0,5,1153,53,27,0,1233,0,0,0,1233
07/14/2022,MIA,FL,ASO,ES,Combined TRACON& Tower with Radar,1148,67,29,1,1245,0,2,8,0,10,1148,69,37,1,1255,0,0,0,1255
07/15/2022,MIA,FL,ASO,ES,Combined TRACON& Tower with Radar,1156,49,20,5,1230,0,2,6,0,8,1156,51,26,5,1238,0,0,0,1238
07/16/2022,MIA,FL,ASO,ES,Combined TRACON& Tower with Radar,1180,33,23,0,1236,0,0,3,1,4,1180,33,26,1,1240,0,0,0,1240
07/17/2022,MIA,FL,ASO,ES,Combined TRACON& Tower with Radar,1114,30,28,0,1172,1,1,5,0,7,1115,31,33,0,1179,0,0,0,1179
07/18/2022,MIA,FL,ASO,ES,Combined TRACON& Tower with Radar,1099,48,27,1,1175,0,0,6,0,6,1099,48,33,1,1181,0,0,0,1181
07/19/2022,MIA,FL,ASO,ES,Combined TRACON& Tower with Radar,1120,71,17,3,1211,0,0,13,0,13,1120,71,30,3,1224,0,0,0,1224
07/20/2022,MIA,FL,ASO,ES,Combined TRACON& Tower with Radar,1130,44,34,0,1208,0,0,7,1,8,1130,44,41,1,1216,0,0,0,1216
07/21/2022,MIA,FL,ASO,ES,Combined TRACON& Tower with Radar,1133,58,25,1,1217,0,0,7,0,7,1133,58,32,1,1224,0,0,0,1224
07/22/2022,MIA,FL,ASO,ES,Combined TRACON& Tower with Radar,1152,71,28,2,1253,0,0,7,0,7,1152,71,35,2,1260,0,0,0,1260
07/23/2022,MIA,FL,ASO,ES,Combined TRACON& Tower with Radar,1156,42,12,0,1210,0,0,4,0,4,1156,42,16,0,1214,0,0,0,1214
07/24/2022,MIA,FL,ASO,ES,Combined TRACON& Tower with Radar,1128,40,26,0,1194,0,0,0,0,0,1128,40,26,0,1194,0,0,0,1194
07/25/2022,MIA,FL,ASO,ES,Combined TRACON& Tower with Radar,1078,45,20,6,1149,0,0,18,0,18,1078,45,38,6,1167,0,0,0,1167
07/26/2022,MIA,FL,ASO,ES,Combined TRACON& Tower with Radar,1035,41,26,0,1102,0,1,7,0,8,1035,42,33,0,1110,0,0,0,1110
07/27/2022,MIA,FL,ASO,ES,Combined TRACON& Tower with Radar,1128,66,34,0,1228,0,0,15,0,15,1128,66,49,0,1243,0,0,0,1243
07/28/2022,MIA,FL,ASO,ES,Combined TRACON& Tower with Radar,1157,65,28,0,1250,0,0,7,0,7,1157,65,35,0,1257,0,0,0,1257
07/29/2022,MIA,FL,ASO,ES,Combined TRACON& Tower with Radar,1147,52,35,2,1236,0,0,5,0,5,1147,52,40,2,1241,0,0,0,1241
07/30/2022,MIA,FL,ASO,ES,Combined TRACON& Tower with Radar,1163,22,25,4,1214,0,0,0,0,0,1163,22,25,4,1214,0,0,0,1214
07/31/2022,MIA,FL,ASO,ES,Combined TRACON& Tower with Radar,1134,43,28,2,1207,0,0,1,0,1,1134,43,29,2,1208,0,0,0,1208
08/01/2022,MIA,FL,ASO,ES,Combined TRACON& Tower with Radar,1106,50,26,4,1186,0,0,12,0,12,1106,50,38,4,1198,0,0,0,1198
08/02/2022,MIA,FL,ASO,ES,Combined TRACON& Tower with Radar,1095,53,13,0,1161,0,0,1,0,1,1095,53,14,0,1162,0,0,0,1162
08/03/2022,MIA,FL,ASO,ES,Combined TRACON& Tower with Radar,1127,59,28,1,1215,1,4,0,1,6,1128,63,28,2,1221,0,0,0,1221
08/04/2022,MIA,FL,ASO,ES,Combined TRACON& Tower with Radar,1152,56,26,2,1236,0,0,8,1,9,1152,56,34,3,1245,0,0,0,1245
08/05/2022,MIA,FL,ASO,ES,Combined TRACON& Tower with Radar,1132,49,13,3,1197,0,0,6,0,6,1132,49,19,3,1203,0,0,0,1203
08/06/2022,MIA,FL,ASO,ES,Combined TRACON& Tower with Radar,1131,28,9,0,1168,0,1,5,0,6,1131,29,14,0,1174,0,0,0,1174
08/07/2022,MIA,FL,ASO,ES,Combined TRACON& Tower with Radar,1113,28,23,1,1165,0,0,6,0,6,1113,28,29,1,1171,0,0,0,1171
08/08/2022,MIA,FL,ASO,ES,Combined TRACON& Tower with Radar,1109,54,20,2,1185,0,0,2,0,2,1109,54,22,2,1187,0,0,0,1187
08/09/2022,MIA,FL,ASO,ES,Combined TRACON& Tower with Radar,1100,51,25,0,1176,1,1,11,0,13,1101,52,36,0,1189,0,0,0,1189
08/10/2022,MIA,FL,ASO,ES,Combined TRACON& Tower with Radar,1095,56,28,1,1180,0,4,10,0,14,1095,60,38,1,1194,0,0,0,1194
08/11/2022,MIA,FL,ASO,ES,Combined TRACON& Tower with Radar,1127,39,18,0,1184,0,0,0,1,1,1127,39,18,1,1185,0,0,0,1185
08/12/2022,MIA,FL,ASO,ES,Combined TRACON& Tower with Radar,1147,57,19,0,1223,0,0,1,0,1,1147,57,20,0,1224,0,0,0,1224
08/13/2022,MIA,FL,ASO,ES,Combined TRACON& Tower with Radar,1162,33,23,0,1218,0,2,2,0,4,1162,35,25,0,1222,0,0,0,1222
08/14/2022,MIA,FL,ASO,ES,Combined TRACON& Tower with Radar,1124,49,20,0,1193,0,0,4,0,4,1124,49,24,0,1197,0,0,0,1197
08/15/2022,MIA,FL,ASO,ES,Combined TRACON& Tower with Radar,1083,65,30,0,1178,0,4,3,0,7,1083,69,33,0,1185,0,0,0,1185
08/16/2022,MIA,FL,ASO,ES,Combined TRACON& Tower with Radar,1050,64,25,2,1141,1,0,5,0,6,1051,64,30,2,1147,0,0,0,1147
08/17/2022,MIA,FL,ASO,ES,Combined TRACON& Tower with Radar,1095,59,12,0,1166,0,0,4,0,4,1095,59,16,0,1170,0,0,0,1170
08/18/2022,MIA,FL,ASO,ES,Combined TRACON& Tower with Radar,1105,68,28,2,1203,0,2,6,0,8,1105,70,34,2,1211,0,0,0,1211
08/19/2022,MIA,FL,ASO,ES,Combined TRACON& Tower with Radar,1103,60,17,2,1182,0,0,0,0,0,1103,60,17,2,1182,0,0,0,1182
08/20/2022,MIA,FL,ASO,ES,Combined TRACON& Tower with Radar,1083,27,19,0,1129,1,3,1,0,5,1084,30,20,0,1134,0,0,0,1134
08/21/2022,MIA,FL,ASO,ES,Combined TRACON& Tower with Radar,1054,48,21,0,1123,0,0,3,0,3,1054,48,24,0,1126,0,0,0,1126
08/22/2022,MIA,FL,ASO,ES,Combined TRACON& Tower with Radar,1029,51,34,0,1114,0,0,6,0,6,1029,51,40,0,1120,0,0,0,1120
08/23/2022,MIA,FL,ASO,ES,Combined TRACON& Tower with Radar,1049,46,29,2,1126,0,0,10,2,12,1049,46,39,4,1138,0,0,0,1138
08/24/2022,MIA,FL,ASO,ES,Combined TRACON& Tower with Radar,1083,53,29,1,1166,0,3,26,0,29,1083,56,55,1,1195,0,0,0,1195
08/25/2022,MIA,FL,ASO,ES,Combined TRACON& Tower with Radar,1098,53,16,1,1168,0,2,7,0,9,1098,55,23,1,1177,0,0,0,1177
08/26/2022,MIA,FL,ASO,ES,Combined TRACON& Tower with Radar,1102,70,16,0,1188,0,0,4,0,4,1102,70,20,0,1192,0,0,0,1192
08/27/2022,MIA,FL,ASO,ES,Combined TRACON& Tower with Radar,1073,16,13,0,1102,0,1,0,0,1,1073,17,13,0,1103,0,0,0,1103
08/28/2022,MIA,FL,ASO,ES,Combined TRACON& Tower with Radar,1055,24,22,1,1102,0,0,2,0,2,1055,24,24,1,1104,0,0,0,1104
08/29/2022,MIA,FL,ASO,ES,Combined TRACON& Tower with Radar,1055,61,27,2,1145,0,0,3,0,3,1055,61,30,2,1148,0,0,0,1148
08/30/2022,MIA,FL,ASO,ES,Combined TRACON& Tower with Radar,1041,53,28,0,1122,0,1,2,0,3,1041,54,30,0,1125,0,0,0,1125
08/31/2022,MIA,FL,ASO,ES,Combined TRACON& Tower with Radar,1102,45,34,0,1181,0,1,2,0,3,1102,46,36,0,1184,0,0,0,1184
09/01/2022,MIA,FL,ASO,ES,Combined TRACON& Tower with Radar,1104,61,32,2,1199,0,0,3,0,3,1104,61,35,2,1202,0,0,0,1202
09/02/2022,MIA,FL,ASO,ES,Combined TRACON& Tower with Radar,1100,48,32,1,1181,0,2,4,1,7,1100,50,36,2,1188,0,0,0,1188
09/03/2022,MIA,FL,ASO,ES,Combined TRACON& Tower with Radar,1063,35,21,1,1120,0,1,0,0,1,1063,36,21,1,1121,0,0,0,1121
09/04/2022,MIA,FL,ASO,ES,Combined TRACON& Tower with Radar,1052,25,16,1,1094,0,0,3,0,3,1052,25,19,1,1097,0,0,0,1097
09/05/2022,MIA,FL,ASO,ES,Combined TRACON& Tower with Radar,1020,45,35,3,1103,0,1,4,0,5,1020,46,39,3,1108,0,0,0,1108
09/06/2022,MIA,FL,ASO,ES,Combined TRACON& Tower with Radar,1036,51,23,0,1110,1,2,0,0,3,1037,53,23,0,1113,0,0,0,1113
09/07/2022,MIA,FL,ASO,ES,Combined TRACON& Tower with Radar,1046,48,29,1,1124,0,0,13,0,13,1046,48,42,1,1137,0,0,0,1137
09/08/2022,MIA,FL,ASO,ES,Combined TRACON& Tower with Radar,1086,54,28,1,1169,0,0,12,1,13,1086,54,40,2,1182,0,0,0,1182
09/09/2022,MIA,FL,ASO,ES,Combined TRACON& Tower with Radar,1046,49,21,4,1120,0,0,2,0,2,1046,49,23,4,1122,0,0,0,1122
09/10/2022,MIA,FL,ASO,ES,Combined TRACON& Tower with Radar,1040,21,9,0,1070,0,0,0,0,0,1040,21,9,0,1070,0,0,0,1070
09/11/2022,MIA,FL,ASO,ES,Combined TRACON& Tower with Radar,1030,37,21,3,1091,0,2,4,0,6,1030,39,25,3,1097,0,0,0,1097
09/12/2022,MIA,FL,ASO,ES,Combined TRACON& Tower with Radar,1019,67,28,3,1117,0,0,4,0,4,1019,67,32,3,1121,0,0,0,1121
09/13/2022,MIA,FL,ASO,ES,Combined TRACON& Tower with Radar,1003,50,36,0,1089,1,3,6,0,10,1004,53,42,0,1099,0,0,0,1099
09/14/2022,MIA,FL,ASO,ES,Combined TRACON& Tower with Radar,1049,58,28,1,1136,0,0,3,0,3,1049,58,31,1,1139,0,0,0,1139
09/15/2022,MIA,FL,ASO,ES,Combined TRACON& Tower with Radar,1069,60,30,3,1162,1,0,4,0,5,1070,60,34,3,1167,0,0,0,1167
09/16/2022,MIA,FL,ASO,ES,Combined TRACON& Tower with Radar,1063,74,20,1,1158,0,1,2,0,3,1063,75,22,1,1161,0,0,0,1161
09/17/2022,MIA,FL,ASO,ES,Combined TRACON& Tower with Radar,1015,42,24,0,1081,1,2,0,0,3,1016,44,24,0,1084,0,0,0,1084
09/18/2022,MIA,FL,ASO,ES,Combined TRACON& Tower with Radar,1034,53,32,1,1120,0,0,3,0,3,1034,53,35,1,1123,0,0,0,1123
09/19/2022,MIA,FL,ASO,ES,Combined TRACON& Tower with Radar,1008,61,21,0,1090,1,0,4,0,5,1009,61,25,0,1095,0,0,0,1095
09/20/2022,MIA,FL,ASO,ES,Combined TRACON& Tower with Radar,1017,59,29,2,1107,2,1,8,0,11,1019,60,37,2,1118,0,0,0,1118
09/21/2022,MIA,FL,ASO,ES,Combined TRACON& Tower with Radar,1069,70,22,1,1162,0,1,7,0,8,1069,71,29,1,1170,0,0,0,1170
09/22/2022,MIA,FL,ASO,ES,Combined TRACON& Tower with Radar,1075,49,30,5,1159,0,1,3,0,4,1075,50,33,5,1163,0,0,0,1163
09/23/2022,MIA,FL,ASO,ES,Combined TRACON& Tower with Radar,1056,77,31,3,1167,0,3,16,0,19,1056,80,47,3,1186,0,0,0,1186
09/24/2022,MIA,FL,ASO,ES,Combined TRACON& Tower with Radar,1040,35,13,1,1089,0,2,2,0,4,1040,37,15,1,1093,0,0,0,1093
09/25/2022,MIA,FL,ASO,ES,Combined TRACON& Tower with Radar,1038,33,18,0,1089,0,0,2,0,2,1038,33,20,0,1091,0,0,0,1091
09/26/2022,MIA,FL,ASO,ES,Combined TRACON& Tower with Radar,993,56,21,1,1071,1,0,9,0,10,994,56,30,1,1081,0,0,0,1081
09/27/2022,MIA,FL,ASO,ES,Combined TRACON& Tower with Radar,917,27,21,2,967,0,0,0,0,0,917,27,21,2,967,0,0,0,967
09/28/2022,MIA,FL,ASO,ES,Combined TRACON& Tower with Radar,538,8,5,0,551,1,1,0,0,2,539,9,5,0,553,0,0,0,553
09/29/2022,MIA,FL,ASO,ES,Combined TRACON& Tower with Radar,1003,36,20,2,1061,1,0,0,0,1,1004,36,20,2,1062,0,0,0,1062
09/30/2022,MIA,FL,ASO,ES,Combined TRACON& Tower with Radar,1032,58,21,0,1111,1,0,4,0,5,1033,58,25,0,1116,0,0,0,1116
10/01/2022,MIA,FL,ASO,ES,Combined TRACON& Tower with Radar,1009,51,15,0,1075,0,0,6,0,6,1009,51,21,0,1081,0,0,0,1081
10/02/2022,MIA,FL,ASO,ES,Combined TRACON& Tower with Radar,1029,39,31,0,1099,0,1,2,1,4,1029,40,33,1,1103,0,0,0,1103
10/03/2022,MIA,FL,ASO,ES,Combined TRACON& Tower with Radar,1029,55,25,0,1109,0,0,12,0,12,1029,55,37,0,1121,0,0,0,1121
10/04/2022,MIA,FL,ASO,ES,Combined TRACON& Tower with Radar,1020,48,19,2,1089,0,4,7,0,11,1020,52,26,2,1100,0,0,0,1100
10/05/2022,MIA,FL,ASO,ES,Combined TRACON& Tower with Radar,1051,53,23,0,1127,2,1,4,0,7,1053,54,27,0,1134,0,0,0,1134
10/06/2022,MIA,FL,ASO,ES,Combined TRACON& Tower with Radar,1070,93,33,0,1196,0,3,8,0,11,1070,96,41,0,1207,0,0,0,1207
10/07/2022,MIA,FL,ASO,ES,Combined TRACON& Tower with Radar,1068,82,34,0,1184,0,2,4,0,6,1068,84,38,0,1190,0,0,0,1190
10/08/2022,MIA,FL,ASO,ES,Combined TRACON& Tower with Radar,1034,41,26,0,1101,0,1,5,0,6,1034,42,31,0,1107,0,0,0,1107
10/09/2022,MIA,FL,ASO,ES,Combined TRACON& Tower with Radar,1015,64,26,0,1105,0,0,0,0,0,1015,64,26,0,1105,0,0,0,1105
10/10/2022,MIA,FL,ASO,ES,Combined TRACON& Tower with Radar,1050,71,29,0,1150,0,1,5,0,6,1050,72,34,0,1156,0,0,0,1156
10/11/2022,MIA,FL,ASO,ES,Combined TRACON& Tower with Radar,1041,64,16,0,1121,1,1,13,3,18,1042,65,29,3,1139,0,0,0,1139
10/12/2022,MIA,FL,ASO,ES,Combined TRACON& Tower with Radar,1071,66,31,2,1170,0,1,9,1,11,1071,67,40,3,1181,0,0,0,1181
10/13/2022,MIA,FL,ASO,ES,Combined TRACON& Tower with Radar,1058,69,25,2,1154,0,0,1,0,1,1058,69,26,2,1155,0,0,0,1155
10/14/2022,MIA,FL,ASO,ES,Combined TRACON& Tower with Radar,1094,68,28,0,1190,0,8,1,0,9,1094,76,29,0,1199,0,0,0,1199
10/15/2022,MIA,FL,ASO,ES,Combined TRACON& Tower with Radar,1056,42,12,0,1110,0,0,2,1,3,1056,42,14,1,1113,0,0,0,1113
10/16/2022,MIA,FL,ASO,ES,Combined TRACON& Tower with Radar,1039,69,33,1,1142,0,2,6,1,9,1039,71,39,2,1151,0,0,0,1151
10/17/2022,MIA,FL,ASO,ES,Combined TRACON& Tower with Radar,1029,65,19,1,1114,0,0,10,0,10,1029,65,29,1,1124,0,0,0,1124
10/18/2022,MIA,FL,ASO,ES,Combined TRACON& Tower with Radar,1043,67,22,2,1134,0,1,10,0,11,1043,68,32,2,1145,0,0,0,1145
10/19/2022,MIA,FL,ASO,ES,Combined TRACON& Tower with Radar,1063,68,51,0,1182,1,1,4,0,6,1064,69,55,0,1188,0,0,0,1188
10/20/2022,MIA,FL,ASO,ES,Combined TRACON& Tower with Radar,1091,72,37,0,1200,0,3,9,0,12,1091,75,46,0,1212,0,0,0,1212
10/21/2022,MIA,FL,ASO,ES,Combined TRACON& Tower with Radar,1085,73,37,0,1195,0,3,8,0,11,1085,76,45,0,1206,0,0,0,1206
10/22/2022,MIA,FL,ASO,ES,Combined TRACON& Tower with Radar,1063,45,26,0,1134,0,0,6,0,6,1063,45,32,0,1140,0,0,0,1140
10/23/2022,MIA,FL,ASO,ES,Combined TRACON& Tower with Radar,1045,69,31,0,1145,0,2,5,0,7,1045,71,36,0,1152,0,0,0,1152
10/24/2022,MIA,FL,ASO,ES,Combined TRACON& Tower with Radar,1044,84,36,2,1166,0,0,12,0,12,1044,84,48,2,1178,0,0,0,1178
10/25/2022,MIA,FL,ASO,ES,Combined TRACON& Tower with Radar,1041,78,20,0,1139,1,4,2,0,7,1042,82,22,0,1146,0,0,0,1146
10/26/2022,MIA,FL,ASO,ES,Combined TRACON& Tower with Radar,1072,69,35,0,1176,1,1,20,0,22,1073,70,55,0,1198,0,0,0,1198
10/27/2022,MIA,FL,ASO,ES,Combined TRACON& Tower with Radar,1102,87,45,1,1235,0,5,11,4,20,1102,92,56,5,1255,0,0,0,1255
10/28/2022,MIA,FL,ASO,ES,Combined TRACON& Tower with Radar,1060,71,19,3,1153,2,3,13,0,18,1062,74,32,3,1171,0,0,0,1171
10/29/2022,MIA,FL,ASO,ES,Combined TRACON& Tower with Radar,1079,35,27,1,1142,0,4,5,0,9,1079,39,32,1,1151,0,0,0,1151
10/30/2022,MIA,FL,ASO,ES,Combined TRACON& Tower with Radar,1059,65,21,0,1145,0,2,4,0,6,1059,67,25,0,1151,0,0,0,1151
10/31/2022,MIA,FL,ASO,ES,Combined TRACON& Tower with Radar,1048,67,24,0,1139,1,3,4,0,8,1049,70,28,0,1147,0,0,0,1147
11/01/2022,MIA,FL,ASO,ES,Combined TRACON& Tower with Radar,1072,86,33,1,1192,1,2,3,0,6,1073,88,36,1,1198,0,0,0,1198
11/02/2022,MIA,FL,ASO,ES,Combined TRACON& Tower with Radar,1093,67,36,4,1200,0,1,7,0,8,1093,68,43,4,1208,0,0,0,1208
11/03/2022,MIA,FL,ASO,ES,Combined TRACON& Tower with Radar,1133,88,28,0,1249,1,1,11,0,13,1134,89,39,0,1262,0,0,0,1262
11/04/2022,MIA,FL,ASO,ES,Combined TRACON& Tower with Radar,1143,73,39,0,1255,0,1,5,0,6,1143,74,44,0,1261,0,0,0,1261
11/05/2022,MIA,FL,ASO,ES,Combined TRACON& Tower with Radar,1122,58,24,1,1205,0,0,3,0,3,1122,58,27,1,1208,0,0,0,1208
11/06/2022,MIA,FL,ASO,ES,Combined TRACON& Tower with Radar,1111,64,34,0,1209,0,7,6,0,13,1111,71,40,0,1222,0,0,0,1222
11/07/2022,MIA,FL,ASO,ES,Combined TRACON& Tower with Radar,1093,91,31,0,1215,1,2,7,0,10,1094,93,38,0,1225,0,0,0,1225
11/08/2022,MIA,FL,ASO,ES,Combined TRACON& Tower with Radar,1111,73,38,3,1225,0,0,6,0,6,1111,73,44,3,1231,0,0,0,1231
11/09/2022,MIA,FL,ASO,ES,Combined TRACON& Tower with Radar,1070,49,24,0,1143,0,0,1,0,1,1070,49,25,0,1144,0,0,0,1144
11/10/2022,MIA,FL,ASO,ES,Combined TRACON& Tower with Radar,1126,66,19,0,1211,2,0,0,0,2,1128,66,19,0,1213,0,0,0,1213
11/11/2022,MIA,FL,ASO,ES,Combined TRACON& Tower with Radar,1147,86,39,0,1272,0,0,9,0,9,1147,86,48,0,1281,0,0,0,1281
11/12/2022,MIA,FL,ASO,ES,Combined TRACON& Tower with Radar,1140,50,25,1,1216,0,2,8,0,10,1140,52,33,1,1226,0,0,0,1226
11/13/2022,MIA,FL,ASO,ES,Combined TRACON& Tower with Radar,1140,71,41,3,1255,0,4,10,0,14,1140,75,51,3,1269,0,0,0,1269
11/14/2022,MIA,FL,ASO,ES,Combined TRACON& Tower with Radar,1114,89,45,0,1248,0,2,5,0,7,1114,91,50,0,1255,0,0,0,1255
11/15/2022,MIA,FL,ASO,ES,Combined TRACON& Tower with Radar,1124,80,36,2,1242,1,2,5,0,8,1125,82,41,2,1250,0,0,0,1250
11/16/2022,MIA,FL,ASO,ES,Combined TRACON& Tower with Radar,1161,74,50,2,1287,1,2,4,0,7,1162,76,54,2,1294,0,0,0,1294
11/17/2022,MIA,FL,ASO,ES,Combined TRACON& Tower with Radar,1178,91,55,2,1326,0,2,4,0,6,1178,93,59,2,1332,0,0,0,1332
11/18/2022,MIA,FL,ASO,ES,Combined TRACON& Tower with Radar,1179,84,50,2,1315,0,5,7,0,12,1179,89,57,2,1327,0,0,0,1327
11/19/2022,MIA,FL,ASO,ES,Combined TRACON& Tower with Radar,1131,66,29,0,1226,1,2,4,0,7,1132,68,33,0,1233,0,0,0,1233
11/20/2022,MIA,FL,ASO,ES,Combined TRACON& Tower with Radar,1145,74,38,0,1257,0,0,2,0,2,1145,74,40,0,1259,0,0,0,1259
11/21/2022,MIA,FL,ASO,ES,Combined TRACON& Tower with Radar,1144,89,25,0,1258,0,1,8,1,10,1144,90,33,1,1268,0,0,0,1268
11/22/2022,MIA,FL,ASO,ES,Combined TRACON& Tower with Radar,1137,94,29,0,1260,1,3,5,0,9,1138,97,34,0,1269,0,0,0,1269
11/23/2022,MIA,FL,ASO,ES,Combined TRACON& Tower with Radar,1201,90,35,4,1330,0,3,8,0,11,1201,93,43,4,1341,0,0,0,1341
11/24/2022,MIA,FL,ASO,ES,Combined TRACON& Tower with Radar,893,51,14,3,961,1,1,0,0,2,894,52,14,3,963,0,0,0,963
11/25/2022,MIA,FL,ASO,ES,Combined TRACON& Tower with Radar,1074,68,20,0,1162,0,1,8,0,9,1074,69,28,0,1171,0,0,0,1171
11/26/2022,MIA,FL,ASO,ES,Combined TRACON& Tower with Radar,1171,80,37,0,1288,1,2,5,0,8,1172,82,42,0,1296,0,0,0,1296
11/27/2022,MIA,FL,ASO,ES,Combined TRACON& Tower with Radar,1128,131,50,0,1309,1,1,3,0,5,1129,132,53,0,1314,0,0,0,1314
11/28/2022,MIA,FL,ASO,ES,Combined TRACON& Tower with Radar,1119,162,44,0,1325,0,2,9,0,11,1119,164,53,0,1336,0,0,0,1336
11/29/2022,MIA,FL,ASO,ES,Combined TRACON& Tower with Radar,1141,129,46,4,1320,0,2,8,0,10,1141,131,54,4,1330,0,0,0,1330
11/30/2022,MIA,FL,ASO,ES,Combined TRACON& Tower with Radar,1153,99,46,0,1298,1,1,7,0,9,1154,100,53,0,1307,0,0,0,1307
12/01/2022,MIA,FL,ASO,ES,Combined TRACON& Tower with Radar,1189,108,54,0,1351,0,2,15,0,17,1189,110,69,0,1368,0,0,0,1368
12/02/2022,MIA,FL,ASO,ES,Combined TRACON& Tower with Radar,1172,120,40,2,1334,0,3,7,0,10,1172,123,47,2,1344,0,0,0,1344
12/03/2022,MIA,FL,ASO,ES,Combined TRACON& Tower with Radar,1164,52,20,0,1236,2,1,4,0,7,1166,53,24,0,1243,0,0,0,1243
12/04/2022,MIA,FL,ASO,ES,Combined TRACON& Tower with Radar,1160,103,30,0,1293,0,0,3,0,3,1160,103,33,0,1296,0,0,0,1296
12/05/2022,MIA,FL,ASO,ES,Combined TRACON& Tower with Radar,1129,85,45,0,1259,0,6,8,0,14,1129,91,53,0,1273,0,0,0,1273
12/06/2022,MIA,FL,ASO,ES,Combined TRACON& Tower with Radar,1150,68,34,0,1252,1,4,5,0,10,1151,72,39,0,1262,0,0,0,1262
12/07/2022,MIA,FL,ASO,ES,Combined TRACON& Tower with Radar,1156,68,26,0,1250,0,2,2,0,4,1156,70,28,0,1254,0,0,0,1254
12/08/2022,MIA,FL,ASO,ES,Combined TRACON& Tower with Radar,1187,105,53,2,1347,0,7,11,0,18,1187,112,64,2,1365,0,0,0,1365
12/09/2022,MIA,FL,ASO,ES,Combined TRACON& Tower with Radar,1182,88,37,6,1313,1,5,8,1,15,1183,93,45,7,1328,0,0,0,1328
12/10/2022,MIA,FL,ASO,ES,Combined TRACON& Tower with Radar,1180,40,21,0,1241,3,1,8,0,12,1183,41,29,0,1253,0,0,0,1253
12/11/2022,MIA,FL,ASO,ES,Combined TRACON& Tower with Radar,1160,70,34,1,1265,0,1,8,0,9,1160,71,42,1,1274,0,0,0,1274
12/12/2022,MIA,FL,ASO,ES,Combined TRACON& Tower with Radar,1146,87,28,0,1261,0,0,4,0,4,1146,87,32,0,1265,0,0,0,1265
12/13/2022,MIA,FL,ASO,ES,Combined TRACON& Tower with Radar,1149,75,33,3,1260,1,3,4,1,9,1150,78,37,4,1269,0,0,0,1269
12/14/2022,MIA,FL,ASO,ES,Combined TRACON& Tower with Radar,1172,93,42,4,1311,0,6,7,0,13,1172,99,49,4,1324,0,0,0,1324
12/15/2022,MIA,FL,ASO,ES,Combined TRACON& Tower with Radar,1247,86,41,0,1374,1,4,6,0,11,1248,90,47,0,1385,0,0,0,1385
12/16/2022,MIA,FL,ASO,ES,Combined TRACON& Tower with Radar,1249,94,43,1,1387,2,2,4,1,9,1251,96,47,2,1396,0,0,0,1396
12/17/2022,MIA,FL,ASO,ES,Combined TRACON& Tower with Radar,1262,64,39,1,1366,2,1,1,1,5,1264,65,40,2,1371,0,0,0,1371
12/18/2022,MIA,FL,ASO,ES,Combined TRACON& Tower with Radar,1236,63,57,0,1356,1,0,2,0,3,1237,63,59,0,1359,0,0,0,1359
12/19/2022,MIA,FL,ASO,ES,Combined TRACON& Tower with Radar,1223,91,33,0,1347,0,6,4,0,10,1223,97,37,0,1357,0,0,0,1357
12/20/2022,MIA,FL,ASO,ES,Combined TRACON& Tower with Radar,1222,79,38,0,1339,1,1,3,0,5,1223,80,41,0,1344,0,0,0,1344
12/21/2022,MIA,FL,ASO,ES,Combined TRACON& Tower with Radar,1248,91,44,0,1383,2,3,4,0,9,1250,94,48,0,1392,0,0,0,1392
12/22/2022,MIA,FL,ASO,ES,Combined TRACON& Tower with Radar,1220,124,31,2,1377,1,3,1,0,5,1221,127,32,2,1382,0,0,0,1382
12/23/2022,MIA,FL,ASO,ES,Combined TRACON& Tower with Radar,1140,96,39,1,1276,1,9,3,0,13,1141,105,42,1,1289,0,0,0,1289
12/24/2022,MIA,FL,ASO,ES,Combined TRACON& Tower with Radar,974,50,20,1,1045,2,1,7,0,10,976,51,27,1,1055,0,0,0,1055
12/25/2022,MIA,FL,ASO,ES,Combined TRACON& Tower with Radar,892,64,20,0,976,1,1,1,0,3,893,65,21,0,979,0,0,0,979
12/26/2022,MIA,FL,ASO,ES,Combined TRACON& Tower with Radar,1054,92,60,0,1206,0,1,4,0,5,1054,93,64,0,1211,0,0,0,1211
12/27/2022,MIA,FL,ASO,ES,Combined TRACON& Tower with Radar,1151,96,49,0,1296,2,2,8,0,12,1153,98,57,0,1308,0,0,0,1308
12/28/2022,MIA,FL,ASO,ES,Combined TRACON& Tower with Radar,1223,113,54,0,1390,0,4,12,0,16,1223,117,66,0,1406,0,0,0,1406
12/29/2022,MIA,FL,ASO,ES,Combined TRACON& Tower with Radar,1209,102,35,0,1346,1,7,6,0,14,1210,109,41,0,1360,0,0,0,1360
12/30/2022,MIA,FL,ASO,ES,Combined TRACON& Tower with Radar,1228,93,28,0,1349,0,4,8,0,12,1228,97,36,0,1361,0,0,0,1361
12/31/2022,MIA,FL,ASO,ES,Combined TRACON& Tower with Radar,1032,46,12,0,1090,0,1,4,0,5,1032,47,16,0,1095,0,0,0,1095
01/01/2023,MIA,FL,ASO,ES,Combined TRACON& Tower with Radar,1077,61,34,0,1172,0,3,4,0,7,1077,64,38,0,1179,0,0,0,1179
01/02/2023,MIA,FL,ASO,ES,Combined TRACON& Tower with Radar,1052,93,58,0,1203,1,7,10,0,18,1053,100,68,0,1221,0,0,0,1221
01/03/2023,MIA,FL,ASO,ES,Combined TRACON& Tower with Radar,1189,108,76,0,1373,0,2,10,0,12,1189,110,86,0,1385,0,0,0,1385
01/04/2023,MIA,FL,ASO,ES,Combined TRACON& Tower with Radar,1104,86,64,0,1254,0,6,8,0,14,1104,92,72,0,1268,0,0,0,1268
01/05/2023,MIA,FL,ASO,ES,Combined TRACON& Tower with Radar,1221,94,44,0,1359,1,3,5,0,9,1222,97,49,0,1368,0,0,0,1368
01/06/2023,MIA,FL,ASO,ES,Combined TRACON& Tower with Radar,1203,98,61,0,1362,2,6,5,0,13,1205,104,66,0,1375,0,0,0,1375
01/07/2023,MIA,FL,ASO,ES,Combined TRACON& Tower with Radar,1207,52,21,1,1281,3,1,4,0,8,1210,53,25,1,1289,0,0,0,1289
01/08/2023,MIA,FL,ASO,ES,Combined TRACON& Tower with Radar,1180,99,43,1,1323,1,1,4,0,6,1181,100,47,1,1329,0,0,0,1329
01/09/2023,MIA,FL,ASO,ES,Combined TRACON& Tower with Radar,1133,91,40,2,1266,2,1,6,0,9,1135,92,46,2,1275,0,0,0,1275
01/10/2023,MIA,FL,ASO,ES,Combined TRACON& Tower with Radar,1167,57,29,0,1253,3,4,1,0,8,1170,61,30,0,1261,0,0,0,1261
01/11/2023,MIA,FL,ASO,ES,Combined TRACON& Tower with Radar,1084,85,36,2,1207,3,4,7,0,14,1087,89,43,2,1221,0,0,0,1221
01/12/2023,MIA,FL,ASO,ES,Combined TRACON& Tower with Radar,1178,84,32,0,1294,4,3,7,2,16,1182,87,39,2,1310,0,0,0,1310
01/13/2023,MIA,FL,ASO,ES,Combined TRACON& Tower with Radar,1210,104,39,1,1354,3,2,4,0,9,1213,106,43,1,1363,0,0,0,1363
01/14/2023,MIA,FL,ASO,ES,Combined TRACON& Tower with Radar,1195,60,34,0,1289,6,0,3,0,9,1201,60,37,0,1298,0,0,0,1298
01/15/2023,MIA,FL,ASO,ES,Combined TRACON& Tower with Radar,1170,73,32,0,1275,0,2,2,0,4,1170,75,34,0,1279,0,0,0,1279
01/16/2023,MIA,FL,ASO,ES,Combined TRACON& Tower with Radar,1132,109,37,1,1279,0,0,8,0,8,1132,109,45,1,1287,0,0,0,1287
01/17/2023,MIA,FL,ASO,ES,Combined TRACON& Tower with Radar,1166,96,35,1,1298,0,1,6,0,7,1166,97,41,1,1305,0,0,0,1305
01/18/2023,MIA,FL,ASO,ES,Combined TRACON& Tower with Radar,1184,83,29,2,1298,5,1,10,0,16,1189,84,39,2,1314,0,0,0,1314
01/19/2023,MIA,FL,ASO,ES,Combined TRACON& Tower with Radar,1184,83,40,0,1307,4,3,14,1,22,1188,86,54,1,1329,0,0,0,1329
01/20/2023,MIA,FL,ASO,ES,Combined TRACON& Tower with Radar,1203,71,38,2,1314,3,4,8,0,15,1206,75,46,2,1329,0,0,0,1329
01/21/2023,MIA,FL,ASO,ES,Combined TRACON& Tower with Radar,1215,55,33,1,1304,4,0,4,0,8,1219,55,37,1,1312,0,0,0,1312
01/22/2023,MIA,FL,ASO,ES,Combined TRACON& Tower with Radar,1171,67,32,1,1271,0,2,1,0,3,1171,69,33,1,1274,0,0,0,1274
01/23/2023,MIA,FL,ASO,ES,Combined TRACON& Tower with Radar,1151,86,40,2,1279,0,0,9,1,10,1151,86,49,3,1289,0,0,0,1289
01/24/2023,MIA,FL,ASO,ES,Combined TRACON& Tower with Radar,1171,75,37,0,1283,1,0,13,0,14,1172,75,50,0,1297,0,0,0,1297
01/25/2023,MIA,FL,ASO,ES,Combined TRACON& Tower with Radar,1194,103,51,1,1349,0,4,4,0,8,1194,107,55,1,1357,0,0,0,1357
01/26/2023,MIA,FL,ASO,ES,Combined TRACON& Tower with Radar,1208,88,28,4,1328,0,0,3,3,6,1208,88,31,7,1334,0,0,0,1334
01/27/2023,MIA,FL,ASO,ES,Combined TRACON& Tower with Radar,1231,94,48,3,1376,0,2,24,0,26,1231,96,72,3,1402,0,0,0,1402
01/28/2023,MIA,FL,ASO,ES,Combined TRACON& Tower with Radar,1249,58,28,0,1335,0,0,6,0,6,1249,58,34,0,1341,0,0,0,1341
01/29/2023,MIA,FL,ASO,ES,Combined TRACON& Tower with Radar,1214,107,40,1,1362,1,1,9,0,11,1215,108,49,1,1373,0,0,0,1373
01/30/2023,MIA,FL,ASO,ES,Combined TRACON& Tower with Radar,1147,88,36,6,1277,0,5,10,0,15,1147,93,46,6,1292,0,0,0,1292
01/31/2023,MIA,FL,ASO,ES,Combined TRACON& Tower with Radar,1178,96,44,5,1323,0,1,11,0,12,1178,97,55,5,1335,0,0,0,1335
02/01/2023,MIA,FL,ASO,ES,Combined TRACON& Tower with Radar,1181,94,43,0,1318,2,3,3,0,8,1183,97,46,0,1326,0,0,0,1326
02/02/2023,MIA,FL,ASO,ES,Combined TRACON& Tower with Radar,1183,79,62,1,1325,1,1,6,1,9,1184,80,68,2,1334,0,0,0,1334
02/03/2023,MIA,FL,ASO,ES,Combined TRACON& Tower with Radar,1218,94,26,1,1339,6,2,4,1,13,1224,96,30,2,1352,0,0,0,1352
02/04/2023,MIA,FL,ASO,ES,Combined TRACON& Tower with Radar,1244,55,29,0,1328,6,1,2,1,10,1250,56,31,1,1338,0,0,0,1338
02/05/2023,MIA,FL,ASO,ES,Combined TRACON& Tower with Radar,1193,79,58,1,1331,2,3,5,0,10,1195,82,63,1,1341,0,0,0,1341
02/06/2023,MIA,FL,ASO,ES,Combined TRACON& Tower with Radar,1181,89,43,2,1315,0,2,3,0,5,1181,91,46,2,1320,0,0,0,1320
02/07/2023,MIA,FL,ASO,ES,Combined TRACON& Tower with Radar,1191,87,41,1,1320,0,3,5,0,8,1191,90,46,1,1328,0,0,0,1328
02/08/2023,MIA,FL,ASO,ES,Combined TRACON& Tower with Radar,1211,102,80,3,1396,0,2,8,2,12,1211,104,88,5,1408,0,0,0,1408
02/09/2023,MIA,FL,ASO,ES,Combined TRACON& Tower with Radar,1211,109,54,5,1379,0,2,11,0,13,1211,111,65,5,1392,0,0,0,1392
02/10/2023,MIA,FL,ASO,ES,Combined TRACON& Tower with Radar,1206,119,78,3,1406,1,2,16,0,19,1207,121,94,3,1425,0,0,0,1425
02/11/2023,MIA,FL,ASO,ES,Combined TRACON& Tower with Radar,1205,65,35,0,1305,1,2,3,2,8,1206,67,38,2,1313,0,0,0,1313
02/12/2023,MIA,FL,ASO,ES,Combined TRACON& Tower with Radar,1173,94,49,0,1316,0,0,14,2,16,1173,94,63,2,1332,0,0,0,1332
02/13/2023,MIA,FL,ASO,ES,Combined TRACON& Tower with Radar,1135,90,29,2,1256,2,6,7,0,15,1137,96,36,2,1271,0,0,0,1271
02/14/2023,MIA,FL,ASO,ES,Combined TRACON& Tower with Radar,1172,92,43,0,1307,2,2,14,0,18,1174,94,57,0,1325,0,0,0,1325
02/15/2023,MIA,FL,ASO,ES,Combined TRACON& Tower with Radar,1179,120,54,0,1353,1,3,14,0,18,1180,123,68,0,1371,0,0,0,1371
02/16/2023,MIA,FL,ASO,ES,Combined TRACON& Tower with Radar,1188,120,70,0,1378,4,2,21,0,27,1192,122,91,0,1405,0,0,0,1405
02/17/2023,MIA,FL,ASO,ES,Combined TRACON& Tower with Radar,1184,123,77,0,1384,2,5,15,0,22,1186,128,92,0,1406,0,0,0,1406
02/18/2023,MIA,FL,ASO,ES,Combined TRACON& Tower with Radar,1203,79,58,0,1340,6,3,10,3,22,1209,82,68,3,1362,0,0,0,1362
02/19/2023,MIA,FL,ASO,ES,Combined TRACON& Tower with Radar,1172,84,53,1,1310,5,5,13,0,23,1177,89,66,1,1333,0,0,0,1333
02/20/2023,MIA,FL,ASO,ES,Combined TRACON& Tower with Radar,1139,129,57,0,1325,4,10,9,1,24,1143,139,66,1,1349,0,0,0,1349
02/21/2023,MIA,FL,ASO,ES,Combined TRACON& Tower with Radar,1180,114,59,0,1353,4,6,6,1,17,1184,120,65,1,1370,0,0,0,1370
02/22/2023,MIA,FL,ASO,ES,Combined TRACON& Tower with Radar,1164,114,55,2,1335,3,2,3,0,8,1167,116,58,2,1343,0,0,0,1343
02/23/2023,MIA,FL,ASO,ES,Combined TRACON& Tower with Radar,1168,116,56,2,1342,4,8,7,1,20,1172,124,63,3,1362,0,0,0,1362
02/24/2023,MIA,FL,ASO,ES,Combined TRACON& Tower with Radar,1182,87,38,1,1308,7,5,13,0,25,1189,92,51,1,1333,0,0,0,1333
02/25/2023,MIA,FL,ASO,ES,Combined TRACON& Tower with Radar,1203,77,28,0,1308,7,4,9,0,20,1210,81,37,0,1328,0,0,0,1328
02/26/2023,MIA,FL,ASO,ES,Combined TRACON& Tower with Radar,1169,107,31,0,1307,6,0,15,0,21,1175,107,46,0,1328,0,0,0,1328
02/27/2023,MIA,FL,ASO,ES,Combined TRACON& Tower with Radar,1110,108,48,2,1268,4,2,9,0,15,1114,110,57,2,1283,0,0,0,1283
02/28/2023,MIA,FL,ASO,ES,Combined TRACON& Tower with Radar,1161,112,16,0,1289,4,4,10,0,18,1165,116,26,0,1307,0,0,0,1307
03/01/2023,MIA,FL,ASO,ES,Combined TRACON& Tower with Radar,1163,116,48,0,1327,6,2,22,0,30,1169,118,70,0,1357,0,0,0,1357
03/02/2023,MIA,FL,ASO,ES,Combined TRACON& Tower with Radar,1181,84,55,1,1321,5,2,5,0,12,1186,86,60,1,1333,0,0,0,1333
03/03/2023,MIA,FL,ASO,ES,Combined TRACON& Tower with Radar,1204,105,41,1,1351,9,3,10,0,22,1213,108,51,1,1373,0,0,0,1373
03/04/2023,MIA,FL,ASO,ES,Combined TRACON& Tower with Radar,1166,55,32,0,1253,6,4,6,0,16,1172,59,38,0,1269,0,0,0,1269
03/05/2023,MIA,FL,ASO,ES,Combined TRACON& Tower with Radar,1168,80,42,0,1290,6,1,12,0,19,1174,81,54,0,1309,0,0,0,1309
03/06/2023,MIA,FL,ASO,ES,Combined TRACON& Tower with Radar,1157,98,60,0,1315,6,5,5,0,16,1163,103,65,0,1331,0,0,0,1331
03/07/2023,MIA,FL,ASO,ES,Combined TRACON& Tower with Radar,1169,88,41,2,1300,3,2,5,2,12,1172,90,46,4,1312,0,0,0,1312
03/08/2023,MIA,FL,ASO,ES,Combined TRACON& Tower with Radar,1179,101,35,4,1319,3,2,13,0,18,1182,103,48,4,1337,0,0,0,1337
03/09/2023,MIA,FL,ASO,ES,Combined TRACON& Tower with Radar,1186,86,46,0,1318,6,2,4,0,12,1192,88,50,0,1330,0,0,0,1330
03/10/2023,MIA,FL,ASO,ES,Combined TRACON& Tower with Radar,1183,107,59,2,1351,4,3,7,2,16,1187,110,66,4,1367,0,0,0,1367
03/11/2023,MIA,FL,ASO,ES,Combined TRACON& Tower with Radar,1213,66,49,0,1328,5,1,6,0,12,1218,67,55,0,1340,0,0,0,1340
03/12/2023,MIA,FL,ASO,ES,Combined TRACON& Tower with Radar,1154,85,35,0,1274,5,1,4,3,13,1159,86,39,3,1287,0,0,0,1287
03/13/2023,MIA,FL,ASO,ES,Combined TRACON& Tower with Radar,1152,94,32,3,1281,4,0,6,0,10,1156,94,38,3,1291,0,0,0,1291
03/14/2023,MIA,FL,ASO,ES,Combined TRACON& Tower with Radar,1170,85,27,3,1285,3,1,10,0,14,1173,86,37,3,1299,0,0,0,1299
03/15/2023,MIA,FL,ASO,ES,Combined TRACON& Tower with Radar,1198,80,45,2,1325,4,5,10,1,20,1202,85,55,3,1345,0,0,0,1345
03/16/2023,MIA,FL,ASO,ES,Combined TRACON& Tower with Radar,1189,98,38,1,1326,5,7,6,0,18,1194,105,44,1,1344,0,0,0,1344
03/17/2023,MIA,FL,ASO,ES,Combined TRACON& Tower with Radar,1196,118,33,0,1347,6,4,9,1,20,1202,122,42,1,1367,0,0,0,1367
03/18/2023,MIA,FL,ASO,ES,Combined TRACON& Tower with Radar,1207,78,53,0,1338,6,1,14,0,21,1213,79,67,0,1359,0,0,0,1359
03/19/2023,MIA,FL,ASO,ES,Combined TRACON& Tower with Radar,1162,107,50,0,1319,8,1,7,1,17,1170,108,57,1,1336,0,0,0,1336
03/20/2023,MIA,FL,ASO,ES,Combined TRACON& Tower with Radar,1140,83,40,3,1266,6,4,1,0,11,1146,87,41,3,1277,0,0,0,1277
03/21/2023,MIA,FL,ASO,ES,Combined TRACON& Tower with Radar,1177,86,32,3,1298,4,3,10,0,17,1181,89,42,3,1315,0,0,0,1315
03/22/2023,MIA,FL,ASO,ES,Combined TRACON& Tower with Radar,1189,88,33,3,1313,7,4,2,0,13,1196,92,35,3,1326,0,0,0,1326
03/23/2023,MIA,FL,ASO,ES,Combined TRACON& Tower with Radar,1169,99,34,3,1305,8,1,16,0,25,1177,100,50,3,1330,0,0,0,1330
03/24/2023,MIA,FL,ASO,ES,Combined TRACON& Tower with Radar,1198,105,31,0,1334,8,5,9,0,22,1206,110,40,0,1356,0,0,0,1356
03/25/2023,MIA,FL,ASO,ES,Combined TRACON& Tower with Radar,1183,80,27,0,1290,6,1,5,0,12,1189,81,32,0,1302,0,0,0,1302
03/26/2023,MIA,FL,ASO,ES,Combined TRACON& Tower with Radar,1128,70,36,0,1234,8,3,12,0,23,1136,73,48,0,1257,0,0,0,1257
03/27/2023,MIA,FL,ASO,ES,Combined TRACON& Tower with Radar,1140,85,50,0,1275,5,0,8,0,13,1145,85,58,0,1288,0,0,0,1288
03/28/2023,MIA,FL,ASO,ES,Combined TRACON& Tower with Radar,1127,82,41,0,1250,6,3,10,0,19,1133,85,51,0,1269,0,0,0,1269
03/29/2023,MIA,FL,ASO,ES,Combined TRACON& Tower with Radar,1142,74,40,4,1260,3,3,14,0,20,1145,77,54,4,1280,0,0,0,1280
03/30/2023,MIA,FL,ASO,ES,Combined TRACON& Tower with Radar,1214,111,56,8,1389,7,1,17,0,25,1221,112,73,8,1414,0,0,0,1414
03/31/2023,MIA,FL,ASO,ES,Combined TRACON& Tower with Radar,1185,100,51,2,1338,8,4,12,0,24,1193,104,63,2,1362,0,0,0,1362
04/01/2023,MIA,FL,ASO,ES,Combined TRACON& Tower with Radar,1156,91,39,0,1286,12,4,14,0,30,1168,95,53,0,1316,0,0,0,1316
04/02/2023,MIA,FL,ASO,ES,Combined TRACON& Tower with Radar,1162,103,54,2,1321,6,1,7,0,14,1168,104,61,2,1335,0,0,0,1335
04/03/2023,MIA,FL,ASO,ES,Combined TRACON& Tower with Radar,1125,83,44,1,1253,9,3,4,0,16,1134,86,48,1,1269,0,0,0,1269
04/04/2023,MIA,FL,ASO,ES,Combined TRACON& Tower with Radar,1126,92,35,0,1253,5,4,11,1,21,1131,96,46,1,1274,0,0,0,1274
04/05/2023,MIA,FL,ASO,ES,Combined TRACON& Tower with Radar,1132,87,38,1,1258,6,8,12,1,27,1138,95,50,2,1285,0,0,0,1285
04/06/2023,MIA,FL,ASO,ES,Combined TRACON& Tower with Radar,1169,101,48,3,1321,4,3,14,1,22,1173,104,62,4,1343,0,0,0,1343
04/07/2023,MIA,FL,ASO,ES,Combined TRACON& Tower with Radar,1137,85,33,4,1259,7,1,8,0,16,1144,86,41,4,1275,0,0,0,1275
04/08/2023,MIA,FL,ASO,ES,Combined TRACON& Tower with Radar,1139,52,30,2,1223,9,1,5,0,15,1148,53,35,2,1238,0,0,0,1238
04/09/2023,MIA,FL,ASO,ES,Combined TRACON& Tower with Radar,1128,80,46,1,1255,9,1,9,0,19,1137,81,55,1,1274,0,0,0,1274
04/10/2023,MIA,FL,ASO,ES,Combined TRACON& Tower with Radar,1104,90,40,4,1238,4,5,2,0,11,1108,95,42,4,1249,0,0,0,1249
04/11/2023,MIA,FL,ASO,ES,Combined TRACON& Tower with Radar,1138,103,21,2,1264,3,0,5,1,9,1141,103,26,3,1273,0,0,0,1273
04/12/2023,MIA,FL,ASO,ES,Combined TRACON& Tower with Radar,1163,68,15,0,1246,5,0,0,0,5,1168,68,15,0,1251,0,0,0,1251
04/13/2023,MIA,FL,ASO,ES,Combined TRACON& Tower with Radar,1227,94,21,1,1343,6,1,13,0,20,1233,95,34,1,1363,0,0,0,1363
04/14/2023,MIA,FL,ASO,ES,Combined TRACON& Tower with Radar,1240,117,38,1,1396,10,3,6,0,19,1250,120,44,1,1415,0,0,0,1415
04/15/2023,MIA,FL,ASO,ES,Combined TRACON& Tower with Radar,1152,74,37,1,1264,10,2,11,0,23,1162,76,48,1,1287,0,0,0,1287
04/16/2023,MIA,FL,ASO,ES,Combined TRACON& Tower with Radar,1112,95,42,2,1251,8,2,9,0,19,1120,97,51,2,1270,0,0,0,1270
04/17/2023,MIA,FL,ASO,ES,Combined TRACON& Tower with Radar,1167,91,41,0,1299,5,3,10,0,18,1172,94,51,0,1317,0,0,0,1317
04/18/2023,MIA,FL,ASO,ES,Combined TRACON& Tower with Radar,1140,102,25,0,1267,4,3,4,0,11,1144,105,29,0,1278,0,0,0,1278
04/19/2023,MIA,FL,ASO,ES,Combined TRACON& Tower with Radar,1174,95,29,2,1300,5,0,9,0,14,1179,95,38,2,1314,0,0,0,1314
04/20/2023,MIA,FL,ASO,ES,Combined TRACON& Tower with Radar,1180,94,31,1,1306,8,2,3,0,13,1188,96,34,1,1319,0,0,0,1319
04/21/2023,MIA,FL,ASO,ES,Combined TRACON& Tower with Radar,1176,92,32,4,1304,10,4,9,2,25,1186,96,41,6,1329,0,0,0,1329
04/22/2023,MIA,FL,ASO,ES,Combined TRACON& Tower with Radar,1157,64,24,1,1246,11,4,9,0,24,1168,68,33,1,1270,0,0,0,1270
04/23/2023,MIA,FL,ASO,ES,Combined TRACON& Tower with Radar,1175,68,39,0,1282,9,1,7,2,19,1184,69,46,2,1301,0,0,0,1301
04/24/2023,MIA,FL,ASO,ES,Combined TRACON& Tower with Radar,1139,57,27,0,1223,6,3,4,1,14,1145,60,31,1,1237,0,0,0,1237
04/25/2023,MIA,FL,ASO,ES,Combined TRACON& Tower with Radar,1157,59,31,0,1247,3,2,8,0,13,1160,61,39,0,1260,0,0,0,1260
04/26/2023,MIA,FL,ASO,ES,Combined TRACON& Tower with Radar,1186,64,34,2,1286,5,3,16,0,24,1191,67,50,2,1310,0,0,0,1310
04/27/2023,MIA,FL,ASO,ES,Combined TRACON& Tower with Radar,1199,80,31,0,1310,7,1,12,0,20,1206,81,43,0,1330,0,0,0,1330
04/28/2023,MIA,FL,ASO,ES,Combined TRACON& Tower with Radar,1242,85,51,1,1379,10,5,13,0,28,1252,90,64,1,1407,0,0,0,1407
04/29/2023,MIA,FL,ASO,ES,Combined TRACON& Tower with Radar,1181,54,23,1,1259,8,2,5,0,15,1189,56,28,1,1274,0,0,0,1274
04/30/2023,MIA,FL,ASO,ES,Combined TRACON& Tower with Radar,1126,55,24,0,1205,8,1,5,0,14,1134,56,29,0,1219,0,0,0,1219
05/01/2023,MIA,FL,ASO,ES,Combined TRACON& Tower with Radar,1162,93,35,2,1292,5,7,9,0,21,1167,100,44,2,1313,0,0,0,1313
05/02/2023,MIA,FL,ASO,ES,Combined TRACON& Tower with Radar,1189,67,28,0,1284,6,0,8,0,14,1195,67,36,0,1298,0,0,0,1298
05/03/2023,MIA,FL,ASO,ES,Combined TRACON& Tower with Radar,1194,68,24,0,1286,4,2,2,0,8,1198,70,26,0,1294,0,0,0,1294
05/04/2023,MIA,FL,ASO,ES,Combined TRACON& Tower with Radar,1208,77,43,0,1328,7,7,6,0,20,1215,84,49,0,1348,0,0,0,1348
05/05/2023,MIA,FL,ASO,ES,Combined TRACON& Tower with Radar,1178,73,39,0,1290,9,3,11,0,23,1187,76,50,0,1313,0,0,0,1313
05/06/2023,MIA,FL,ASO,ES,Combined TRACON& Tower with Radar,1165,41,28,0,1234,6,1,0,0,7,1171,42,28,0,1241,0,0,0,1241
05/07/2023,MIA,FL,ASO,ES,Combined TRACON& Tower with Radar,1141,84,44,0,1269,7,1,6,1,15,1148,85,50,1,1284,0,0,0,1284
05/08/2023,MIA,FL,ASO,ES,Combined TRACON& Tower with Radar,1140,91,38,2,1271,3,1,6,1,11,1143,92,44,3,1282,0,0,0,1282
05/09/2023,MIA,FL,ASO,ES,Combined TRACON& Tower with Radar,1124,71,19,0,1214,4,2,13,0,19,1128,73,32,0,1233,0,0,0,1233
05/10/2023,MIA,FL,ASO,ES,Combined TRACON& Tower with Radar,1148,78,51,2,1279,3,0,20,0,23,1151,78,71,2,1302,0,0,0,1302
05/11/2023,MIA,FL,ASO,ES,Combined TRACON& Tower with Radar,1188,75,32,6,1301,6,0,3,0,9,1194,75,35,6,1310,0,0,0,1310
05/12/2023,MIA,FL,ASO,ES,Combined TRACON& Tower with Radar,1155,70,20,4,1249,10,3,4,0,17,1165,73,24,4,1266,0,0,0,1266
05/13/2023,MIA,FL,ASO,ES,Combined TRACON& Tower with Radar,1144,32,18,0,1194,6,5,12,0,23,1150,37,30,0,1217,0,0,0,1217
05/14/2023,MIA,FL,ASO,ES,Combined TRACON& Tower with Radar,1122,65,25,0,1212,9,1,7,0,17,1131,66,32,0,1229,0,0,0,1229
05/15/2023,MIA,FL,ASO,ES,Combined TRACON& Tower with Radar,1102,64,31,0,1197,4,1,4,1,10,1106,65,35,1,1207,0,0,0,1207
05/16/2023,MIA,FL,ASO,ES,Combined TRACON& Tower with Radar,1081,68,31,0,1180,3,0,2,0,5,1084,68,33,0,1185,0,0,0,1185
05/17/2023,MIA,FL,ASO,ES,Combined TRACON& Tower with Radar,1143,92,32,0,1267,2,2,5,0,9,1145,94,37,0,1276,0,0,0,1276
05/18/2023,MIA,FL,ASO,ES,Combined TRACON& Tower with Radar,1167,77,25,0,1269,3,0,15,0,18,1170,77,40,0,1287,0,0,0,1287
05/19/2023,MIA,FL,ASO,ES,Combined TRACON& Tower with Radar,1170,86,23,2,1281,5,2,10,0,17,1175,88,33,2,1298,0,0,0,1298
05/20/2023,MIA,FL,ASO,ES,Combined TRACON& Tower with Radar,1135,44,14,1,1194,3,0,2,0,5,1138,44,16,1,1199,0,0,0,1199
05/21/2023,MIA,FL,ASO,ES,Combined TRACON& Tower with Radar,1135,52,40,1,1228,6,1,12,0,19,1141,53,52,1,1247,0,0,0,1247
05/22/2023,MIA,FL,ASO,ES,Combined TRACON& Tower with Radar,1086,79,28,0,1193,3,0,12,0,15,1089,79,40,0,1208,0,0,0,1208
05/23/2023,MIA,FL,ASO,ES,Combined TRACON& Tower with Radar,1095,61,39,0,1195,3,1,6,0,10,1098,62,45,0,1205,0,0,0,1205
05/24/2023,MIA,FL,ASO,ES,Combined TRACON& Tower with Radar,1127,65,37,1,1230,2,2,8,0,12,1129,67,45,1,1242,0,0,0,1242
05/25/2023,MIA,FL,ASO,ES,Combined TRACON& Tower with Radar,1157,72,50,2,1281,2,2,8,0,12,1159,74,58,2,1293,0,0,0,1293
05/26/2023,MIA,FL,ASO,ES,Combined TRACON& Tower with Radar,1181,74,25,1,1281,2,3,2,0,7,1183,77,27,1,1288,0,0,0,1288
05/27/2023,MIA,FL,ASO,ES,Combined TRACON& Tower with Radar,1126,35,24,3,1188,3,0,12,0,15,1129,35,36,3,1203,0,0,0,1203
05/28/2023,MIA,FL,ASO,ES,Combined TRACON& Tower with Radar,1118,30,18,1,1167,0,0,5,0,5,1118,30,23,1,1172,0,0,0,1172
05/29/2023,MIA,FL,ASO,ES,Combined TRACON& Tower with Radar,1089,81,20,0,1190,0,3,7,0,10,1089,84,27,0,1200,0,0,0,1200
05/30/2023,MIA,FL,ASO,ES,Combined TRACON& Tower with Radar,1027,64,23,0,1114,1,5,11,0,17,1028,69,34,0,1131,0,0,0,1131
05/31/2023,MIA,FL,ASO,ES,Combined TRACON& Tower with Radar,1166,45,22,1,1234,0,0,0,0,0,1166,45,22,1,1234,0,0,0,1234
06/01/2023,MIA,FL,ASO,ES,Combined TRACON& Tower with Radar,1218,78,26,0,1322,0,0,3,0,3,1218,78,29,0,1325,0,0,0,1325
06/02/2023,MIA,FL,ASO,ES,Combined TRACON& Tower with Radar,1154,56,15,0,1225,2,2,6,1,11,1156,58,21,1,1236,0,0,0,1236
06/03/2023,MIA,FL,ASO,ES,Combined TRACON& Tower with Radar,1162,31,18,0,1211,0,0,4,0,4,1162,31,22,0,1215,0,0,0,1215
06/04/2023,MIA,FL,ASO,ES,Combined TRACON& Tower with Radar,1126,44,35,0,1205,0,0,5,1,6,1126,44,40,1,1211,0,0,0,1211
06/05/2023,MIA,FL,ASO,ES,Combined TRACON& Tower with Radar,1103,59,22,4,1188,0,0,7,0,7,1103,59,29,4,1195,0,0,0,1195
06/06/2023,MIA,FL,ASO,ES,Combined TRACON& Tower with Radar,1118,52,21,0,1191,1,1,0,0,2,1119,53,21,0,1193,0,0,0,1193
06/07/2023,MIA,FL,ASO,ES,Combined TRACON& Tower with Radar,1157,59,51,0,1267,0,0,1,0,1,1157,59,52,0,1268,0,0,0,1268
06/08/2023,MIA,FL,ASO,ES,Combined TRACON& Tower with Radar,1143,63,23,3,1232,4,4,5,0,13,1147,67,28,3,1245,0,0,0,1245
06/09/2023,MIA,FL,ASO,ES,Combined TRACON& Tower with Radar,1174,72,32,0,1278,8,2,5,0,15,1182,74,37,0,1293,0,0,0,1293
06/10/2023,MIA,FL,ASO,ES,Combined TRACON& Tower with Radar,1196,46,32,1,1275,7,4,18,0,29,1203,50,50,1,1304,0,0,0,1304
06/11/2023,MIA,FL,ASO,ES,Combined TRACON& Tower with Radar,1121,55,39,4,1219,8,2,6,0,16,1129,57,45,4,1235,0,0,0,1235
06/12/2023,MIA,FL,ASO,ES,Combined TRACON& Tower with Radar,1092,53,17,1,1163,7,1,2,0,10,1099,54,19,1,1173,0,0,0,1173
06/13/2023,MIA,FL,ASO,ES,Combined TRACON& Tower with Radar,1135,71,10,2,1218,6,1,5,0,12,1141,72,15,2,1230,0,0,0,1230
06/14/2023,MIA,FL,ASO,ES,Combined TRACON& Tower with Radar,1122,60,31,0,1213,5,0,7,0,12,1127,60,38,0,1225,0,0,0,1225
06/15/2023,MIA,FL,ASO,ES,Combined TRACON& Tower with Radar,1138,63,27,0,1228,5,0,3,0,8,1143,63,30,0,1236,0,0,0,1236
06/16/2023,MIA,FL,ASO,ES,Combined TRACON& Tower with Radar,1120,56,18,5,1199,5,4,4,0,13,1125,60,22,5,1212,0,0,0,1212
06/17/2023,MIA,FL,ASO,ES,Combined TRACON& Tower with Radar,1090,28,15,0,1133,5,2,3,0,10,1095,30,18,0,1143,0,0,0,1143
06/18/2023,MIA,FL,ASO,ES,Combined TRACON& Tower with Radar,1178,38,15,0,1231,7,1,4,0,12,1185,39,19,0,1243,0,0,0,1243
06/19/2023,MIA,FL,ASO,ES,Combined TRACON& Tower with Radar,860,28,16,0,904,5,1,0,0,6,865,29,16,0,910,0,0,0,910
06/20/2023,MIA,FL,ASO,ES,Combined TRACON& Tower with Radar,1056,53,18,1,1128,4,3,1,0,8,1060,56,19,1,1136,0,0,0,1136
06/21/2023,MIA,FL,ASO,ES,Combined TRACON& Tower with Radar,1171,54,26,1,1252,5,0,2,0,7,1176,54,28,1,1259,0,0,0,1259
06/22/2023,MIA,FL,ASO,ES,Combined TRACON& Tower with Radar,1140,65,31,2,1238,6,2,1,0,9,1146,67,32,2,1247,0,0,0,1247
06/23/2023,MIA,FL,ASO,ES,Combined TRACON& Tower with Radar,1148,56,17,2,1223,7,1,4,0,12,1155,57,21,2,1235,0,0,0,1235
06/24/2023,MIA,FL,ASO,ES,Combined TRACON& Tower with Radar,1130,48,15,0,1193,7,0,4,0,11,1137,48,19,0,1204,0,0,0,1204
06/25/2023,MIA,FL,ASO,ES,Combined TRACON& Tower with Radar,1041,34,22,0,1097,5,0,1,0,6,1046,34,23,0,1103,0,0,0,1103
06/26/2023,MIA,FL,ASO,ES,Combined TRACON& Tower with Radar,1075,55,26,3,1159,4,5,2,0,11,1079,60,28,3,1170,0,0,0,1170
06/27/2023,MIA,FL,ASO,ES,Combined TRACON& Tower with Radar,1063,48,20,0,1131,4,3,3,0,10,1067,51,23,0,1141,0,0,0,1141
06/28/2023,MIA,FL,ASO,ES,Combined TRACON& Tower with Radar,1105,45,27,1,1178,3,2,1,0,6,1108,47,28,1,1184,0,0,0,1184
06/29/2023,MIA,FL,ASO,ES,Combined TRACON& Tower with Radar,1159,53,32,2,1246,5,2,5,0,12,1164,55,37,2,1258,0,0,0,1258
06/30/2023,MIA,FL,ASO,ES,Combined TRACON& Tower with Radar,1133,70,23,0,1226,6,2,2,0,10,1139,72,25,0,1236,0,0,0,1236
07/01/2023,MIA,FL,ASO,ES,Combined TRACON& Tower with Radar,1172,45,22,0,1239,5,0,5,0,10,1177,45,27,0,1249,0,0,0,1249
07/02/2023,MIA,FL,ASO,ES,Combined TRACON& Tower with Radar,1121,28,27,2,1178,2,0,8,0,10,1123,28,35,2,1188,0,0,0,1188
07/03/2023,MIA,FL,ASO,ES,Combined TRACON& Tower with Radar,1111,53,18,0,1182,6,1,4,0,11,1117,54,22,0,1193,0,0,0,1193
07/04/2023,MIA,FL,ASO,ES,Combined TRACON& Tower with Radar,1043,28,11,0,1082,4,1,1,2,8,1047,29,12,2,1090,0,0,0,1090
07/05/2023,MIA,FL,ASO,ES,Combined TRACON& Tower with Radar,1114,53,23,1,1191,2,4,5,0,11,1116,57,28,1,1202,0,0,0,1202
07/06/2023,MIA,FL,ASO,ES,Combined TRACON& Tower with Radar,1174,58,21,2,1255,6,1,0,1,8,1180,59,21,3,1263,0,0,0,1263
07/07/2023,MIA,FL,ASO,ES,Combined TRACON& Tower with Radar,1150,54,14,0,1218,6,2,7,2,17,1156,56,21,2,1235,0,0,0,1235
07/08/2023,MIA,FL,ASO,ES,Combined TRACON& Tower with Radar,1212,40,17,0,1269,4,0,0,0,4,1216,40,17,0,1273,0,0,0,1273
07/09/2023,MIA,FL,ASO,ES,Combined TRACON& Tower with Radar,1123,46,27,0,1196,7,0,1,1,9,1130,46,28,1,1205,0,0,0,1205
07/10/2023,MIA,FL,ASO,ES,Combined TRACON& Tower with Radar,1077,39,22,1,1139,3,0,0,0,3,1080,39,22,1,1142,0,0,0,1142
07/11/2023,MIA,FL,ASO,ES,Combined TRACON& Tower with Radar,1136,45,16,0,1197,4,4,4,0,12,1140,49,20,0,1209,0,0,0,1209
07/12/2023,MIA,FL,ASO,ES,Combined TRACON& Tower with Radar,1142,46,28,2,1218,5,1,8,0,14,1147,47,36,2,1232,0,0,0,1232
07/13/2023,MIA,FL,ASO,ES,Combined TRACON& Tower with Radar,1154,49,21,1,1225,4,3,2,0,9,1158,52,23,1,1234,0,0,0,1234
07/14/2023,MIA,FL,ASO,ES,Combined TRACON& Tower with Radar,1141,47,21,2,1211,7,4,6,0,17,1148,51,27,2,1228,0,0,0,1228
07/15/2023,MIA,FL,ASO,ES,Combined TRACON& Tower with Radar,1175,36,26,0,1237,6,0,1,0,7,1181,36,27,0,1244,0,0,0,1244
07/16/2023,MIA,FL,ASO,ES,Combined TRACON& Tower with Radar,1054,26,29,2,1111,6,2,5,0,13,1060,28,34,2,1124,0,0,0,1124
07/17/2023,MIA,FL,ASO,ES,Combined TRACON& Tower with Radar,1093,54,27,2,1176,3,0,15,0,18,1096,54,42,2,1194,0,0,0,1194
07/18/2023,MIA,FL,ASO,ES,Combined TRACON& Tower with Radar,1122,46,27,3,1198,0,3,8,0,11,1122,49,35,3,1209,0,0,0,1209
07/19/2023,MIA,FL,ASO,ES,Combined TRACON& Tower with Radar,1158,37,26,0,1221,2,1,0,0,3,1160,38,26,0,1224,0,0,0,1224
07/20/2023,MIA,FL,ASO,ES,Combined TRACON& Tower with Radar,1177,49,21,2,1249,2,0,2,0,4,1179,49,23,2,1253,0,0,0,1253
07/21/2023,MIA,FL,ASO,ES,Combined TRACON& Tower with Radar,1173,64,23,3,1263,3,2,0,0,5,1176,66,23,3,1268,0,0,0,1268
07/22/2023,MIA,FL,ASO,ES,Combined TRACON& Tower with Radar,1190,42,25,1,1258,2,0,2,0,4,1192,42,27,1,1262,0,0,0,1262
07/23/2023,MIA,FL,ASO,ES,Combined TRACON& Tower with Radar,1148,42,20,0,1210,2,2,4,0,8,1150,44,24,0,1218,0,0,0,1218
07/24/2023,MIA,FL,ASO,ES,Combined TRACON& Tower with Radar,1131,50,22,2,1205,2,1,4,1,8,1133,51,26,3,1213,0,0,0,1213
07/25/2023,MIA,FL,ASO,ES,Combined TRACON& Tower with Radar,1108,59,18,2,1187,1,0,6,2,9,1109,59,24,4,1196,0,0,0,1196
07/26/2023,MIA,FL,ASO,ES,Combined TRACON& Tower with Radar,1143,39,25,2,1209,5,0,0,0,5,1148,39,25,2,1214,0,0,0,1214
07/27/2023,MIA,FL,ASO,ES,Combined TRACON& Tower with Radar,1189,59,20,3,1271,3,1,3,0,7,1192,60,23,3,1278,0,0,0,1278
07/28/2023,MIA,FL,ASO,ES,Combined TRACON& Tower with Radar,1164,50,21,2,1237,5,2,8,0,15,1169,52,29,2,1252,0,0,0,1252
07/29/2023,MIA,FL,ASO,ES,Combined TRACON& Tower with Radar,1184,39,23,0,1246,2,2,3,0,7,1186,41,26,0,1253,0,0,0,1253
07/30/2023,MIA,FL,ASO,ES,Combined TRACON& Tower with Radar,1152,42,15,0,1209,2,0,6,0,8,1154,42,21,0,1217,0,0,0,1217
07/31/2023,MIA,FL,ASO,ES,Combined TRACON& Tower with Radar,1109,46,24,2,1181,1,0,5,0,6,1110,46,29,2,1187,0,0,0,1187
08/01/2023,MIA,FL,ASO,ES,Combined TRACON& Tower with Radar,1101,46,21,0,1168,1,1,4,0,6,1102,47,25,0,1174,0,0,0,1174
08/02/2023,MIA,FL,ASO,ES,Combined TRACON& Tower with Radar,1154,57,23,0,1234,0,1,0,0,1,1154,58,23,0,1235,0,0,0,1235
08/03/2023,MIA,FL,ASO,ES,Combined TRACON& Tower with Radar,1188,47,22,0,1257,5,0,8,0,13,1193,47,30,0,1270,0,0,0,1270
08/04/2023,MIA,FL,ASO,ES,Combined TRACON& Tower with Radar,1160,56,19,2,1237,3,3,2,0,8,1163,59,21,2,1245,0,0,0,1245
08/05/2023,MIA,FL,ASO,ES,Combined TRACON& Tower with Radar,1211,38,15,0,1264,2,1,5,0,8,1213,39,20,0,1272,0,0,0,1272
08/06/2023,MIA,FL,ASO,ES,Combined TRACON& Tower with Radar,1151,30,18,0,1199,3,0,0,0,3,1154,30,18,0,1202,0,0,0,1202
08/07/2023,MIA,FL,ASO,ES,Combined TRACON& Tower with Radar,1081,43,11,0,1135,3,0,2,0,5,1084,43,13,0,1140,0,0,0,1140
08/08/2023,MIA,FL,ASO,ES,Combined TRACON& Tower with Radar,1142,32,25,0,1199,0,0,1,0,1,1142,32,26,0,1200,0,0,0,1200
08/09/2023,MIA,FL,ASO,ES,Combined TRACON& Tower with Radar,1153,46,24,1,1224,1,0,2,0,3,1154,46,26,1,1227,0,0,0,1227
08/10/2023,MIA,FL,ASO,ES,Combined TRACON& Tower with Radar,1172,61,15,2,1250,3,5,2,0,10,1175,66,17,2,1260,0,0,0,1260
08/11/2023,MIA,FL,ASO,ES,Combined TRACON& Tower with Radar,1176,68,21,2,1267,5,2,9,0,16,1181,70,30,2,1283,0,0,0,1283
08/12/2023,MIA,FL,ASO,ES,Combined TRACON& Tower with Radar,1185,48,16,0,1249,1,0,2,0,3,1186,48,18,0,1252,0,0,0,1252
08/13/2023,MIA,FL,ASO,ES,Combined TRACON& Tower with Radar,1143,49,20,2,1214,5,2,6,0,13,1148,51,26,2,1227,0,0,0,1227
08/14/2023,MIA,FL,ASO,ES,Combined TRACON& Tower with Radar,1096,59,30,0,1185,2,8,2,0,12,1098,67,32,0,1197,0,0,0,1197
08/15/2023,MIA,FL,ASO,ES,Combined TRACON& Tower with Radar,1101,65,14,0,1180,1,2,1,0,4,1102,67,15,0,1184,0,0,0,1184
08/16/2023,MIA,FL,ASO,ES,Combined TRACON& Tower with Radar,1118,56,26,0,1200,0,1,3,0,4,1118,57,29,0,1204,0,0,0,1204
08/17/2023,MIA,FL,ASO,ES,Combined TRACON& Tower with Radar,998,59,28,0,1085,3,0,1,0,4,1001,59,29,0,1089,0,0,0,1089
08/18/2023,MIA,FL,ASO,ES,Combined TRACON& Tower with Radar,1137,57,41,0,1235,5,2,1,0,8,1142,59,42,0,1243,0,0,0,1243
08/19/2023,MIA,FL,ASO,ES,Combined TRACON& Tower with Radar,1169,33,19,1,1222,1,0,2,0,3,1170,33,21,1,1225,0,0,0,1225
08/20/2023,MIA,FL,ASO,ES,Combined TRACON& Tower with Radar,1120,49,19,5,1193,1,1,1,0,3,1121,50,20,5,1196,0,0,0,1196
08/21/2023,MIA,FL,ASO,ES,Combined TRACON& Tower with Radar,1085,39,13,2,1139,0,0,0,0,0,1085,39,13,2,1139,0,0,0,1139
08/22/2023,MIA,FL,ASO,ES,Combined TRACON& Tower with Radar,1093,63,18,0,1174,1,4,3,0,8,1094,67,21,0,1182,0,0,0,1182
08/23/2023,MIA,FL,ASO,ES,Combined TRACON& Tower with Radar,1115,49,23,0,1187,1,2,1,0,4,1116,51,24,0,1191,0,0,0,1191
08/24/2023,MIA,FL,ASO,ES,Combined TRACON& Tower with Radar,1139,61,15,1,1216,2,4,2,0,8,1141,65,17,1,1224,0,0,0,1224
08/25/2023,MIA,FL,ASO,ES,Combined TRACON& Tower with Radar,1147,62,26,4,1239,4,1,0,0,5,1151,63,26,4,1244,0,0,0,1244
08/26/2023,MIA,FL,ASO,ES,Combined TRACON& Tower with Radar,1144,30,10,0,1184,4,0,2,0,6,1148,30,12,0,1190,0,0,0,1190
08/27/2023,MIA,FL,ASO,ES,Combined TRACON& Tower with Radar,1113,38,26,2,1179,5,1,4,0,10,1118,39,30,2,1189,0,0,0,1189
08/28/2023,MIA,FL,ASO,ES,Combined TRACON& Tower with Radar,1063,50,23,0,1136,1,1,2,0,4,1064,51,25,0,1140,0,0,0,1140
08/29/2023,MIA,FL,ASO,ES,Combined TRACON& Tower with Radar,1072,62,20,1,1155,2,2,2,0,6,1074,64,22,1,1161,0,0,0,1161
08/30/2023,MIA,FL,ASO,ES,Combined TRACON& Tower with Radar,1058,39,12,1,1110,4,3,2,0,9,1062,42,14,1,1119,0,0,0,1119
08/31/2023,MIA,FL,ASO,ES,Combined TRACON& Tower with Radar,1150,54,21,1,1226,0,1,2,0,3,1150,55,23,1,1229,0,0,0,1229
