01/01/2000,MKC,MO,ACE,CE,Combined TRACON& Tower with Radar,0,5,26,0,31,0,16,121,0,137,0,21,147,0,168,144,0,144,312
01/02/2000,MKC,MO,ACE,CE,Combined TRACON& Tower with Radar,0,16,74,0,90,0,10,109,0,119,0,26,183,0,209,145,0,145,354
01/03/2000,MKC,MO,ACE,CE,Combined TRACON& Tower with Radar,0,16,67,0,83,0,20,0,0,20,0,36,67,0,103,7,0,7,110
01/04/2000,MKC,MO,ACE,CE,Combined TRACON& Tower with Radar,0,22,102,0,124,0,29,87,2,118,0,51,189,2,242,58,0,58,300
01/05/2000,MKC,MO,ACE,CE,Combined TRACON& Tower with Radar,0,29,130,0,159,0,28,98,0,126,0,57,228,0,285,48,0,48,333
01/06/2000,MKC,MO,ACE,CE,Combined TRACON& Tower with Radar,0,24,112,0,136,0,18,107,0,125,0,42,219,0,261,126,0,126,387
01/07/2000,MKC,MO,ACE,CE,Combined TRACON& Tower with Radar,0,30,132,0,162,0,21,163,8,192,0,51,295,8,354,106,0,106,460
01/08/2000,MKC,MO,ACE,CE,Combined TRACON& Tower with Radar,0,14,63,1,78,0,6,36,5,47,0,20,99,6,125,98,0,98,223
01/09/2000,MKC,MO,ACE,CE,Combined TRACON& Tower with Radar,0,14,64,1,79,0,6,49,2,57,0,20,113,3,136,71,0,71,207
01/10/2000,MKC,MO,ACE,CE,Combined TRACON& Tower with Radar,0,24,98,0,122,0,12,89,0,101,0,36,187,0,223,69,0,69,292
01/11/2000,MKC,MO,ACE,CE,Combined TRACON& Tower with Radar,0,32,137,0,169,0,14,142,0,156,0,46,279,0,325,126,0,126,451
01/12/2000,MKC,MO,ACE,CE,Combined TRACON& Tower with Radar,0,35,149,2,186,0,14,130,1,145,0,49,279,3,331,57,0,57,388
01/13/2000,MKC,MO,ACE,CE,Combined TRACON& Tower with Radar,0,37,156,2,195,0,13,98,1,112,0,50,254,3,307,71,0,71,378
01/14/2000,MKC,MO,ACE,CE,Combined TRACON& Tower with Radar,0,33,138,0,171,0,24,117,0,141,0,57,255,0,312,76,0,76,388
01/15/2000,MKC,MO,ACE,CE,Combined TRACON& Tower with Radar,0,10,38,1,49,0,4,142,1,147,0,14,180,2,196,40,0,40,236
01/16/2000,MKC,MO,ACE,CE,Combined TRACON& Tower with Radar,0,13,56,0,69,0,0,112,0,112,0,13,168,0,181,199,0,199,380
01/17/2000,MKC,MO,ACE,CE,Combined TRACON& Tower with Radar,0,19,121,0,140,1,0,45,0,46,1,19,166,0,186,131,0,131,317
01/18/2000,MKC,MO,ACE,CE,Combined TRACON& Tower with Radar,0,31,185,2,218,0,0,98,2,100,0,31,283,4,318,73,0,73,391
01/19/2000,MKC,MO,ACE,CE,Combined TRACON& Tower with Radar,0,37,154,2,193,0,12,67,1,80,0,49,221,3,273,56,0,56,329
01/20/2000,MKC,MO,ACE,CE,Combined TRACON& Tower with Radar,0,42,176,2,220,0,8,112,1,121,0,50,288,3,341,66,0,66,407
01/21/2000,MKC,MO,ACE,CE,Combined TRACON& Tower with Radar,0,34,144,1,179,0,9,129,3,141,0,43,273,4,320,119,0,119,439
01/22/2000,MKC,MO,ACE,CE,Combined TRACON& Tower with Radar,0,18,72,0,90,0,31,112,2,145,0,49,184,2,235,161,0,161,396
01/23/2000,MKC,MO,ACE,CE,Combined TRACON& Tower with Radar,0,14,56,0,70,0,26,24,2,52,0,40,80,2,122,17,0,17,139
01/24/2000,MKC,MO,ACE,CE,Combined TRACON& Tower with Radar,0,27,112,0,139,0,23,70,0,93,0,50,182,0,232,30,35,65,297
01/25/2000,MKC,MO,ACE,CE,Combined TRACON& Tower with Radar,0,39,166,0,205,2,43,76,0,121,2,82,242,0,326,74,0,74,400
01/26/2000,MKC,MO,ACE,CE,Combined TRACON& Tower with Radar,0,47,197,0,244,0,14,91,0,105,0,61,288,0,349,81,0,81,430
01/27/2000,MKC,MO,ACE,CE,Combined TRACON& Tower with Radar,0,37,156,0,193,0,13,78,0,91,0,50,234,0,284,106,0,106,390
01/28/2000,MKC,MO,ACE,CE,Combined TRACON& Tower with Radar,0,23,91,0,114,2,9,0,0,11,2,32,91,0,125,0,0,0,125
01/29/2000,MKC,MO,ACE,CE,Combined TRACON& Tower with Radar,0,10,42,0,52,2,9,14,0,25,2,19,56,0,77,13,0,13,90
01/30/2000,MKC,MO,ACE,CE,Combined TRACON& Tower with Radar,0,8,34,0,42,0,2,39,0,41,0,10,73,0,83,49,0,49,132
01/31/2000,MKC,MO,ACE,CE,Combined TRACON& Tower with Radar,0,34,143,0,177,0,3,47,0,50,0,37,190,0,227,51,0,51,278
02/01/2000,MKC,MO,ACE,CE,Combined TRACON& Tower with Radar,0,32,148,1,181,0,27,63,3,93,0,59,211,4,274,143,2,145,419
02/02/2000,MKC,MO,ACE,CE,Combined TRACON& Tower with Radar,0,35,161,1,197,0,22,89,1,112,0,57,250,2,309,120,0,120,429
02/03/2000,MKC,MO,ACE,CE,Combined TRACON& Tower with Radar,0,33,154,1,188,0,29,68,0,97,0,62,222,1,285,59,0,59,344
02/04/2000,MKC,MO,ACE,CE,Combined TRACON& Tower with Radar,0,33,150,1,184,0,11,74,3,88,0,44,224,4,272,89,0,89,361
02/05/2000,MKC,MO,ACE,CE,Combined TRACON& Tower with Radar,0,14,67,1,82,0,10,173,2,185,0,24,240,3,267,187,0,187,454
02/06/2000,MKC,MO,ACE,CE,Combined TRACON& Tower with Radar,0,10,69,1,80,0,0,129,1,130,0,10,198,2,210,98,0,98,308
02/07/2000,MKC,MO,ACE,CE,Combined TRACON& Tower with Radar,0,26,123,2,151,0,10,110,2,122,0,36,233,4,273,132,0,132,405
02/08/2000,MKC,MO,ACE,CE,Combined TRACON& Tower with Radar,0,33,151,2,186,0,21,121,3,145,0,54,272,5,331,165,0,165,496
02/09/2000,MKC,MO,ACE,CE,Combined TRACON& Tower with Radar,0,33,154,2,189,0,3,141,2,146,0,36,295,4,335,188,0,188,523
02/10/2000,MKC,MO,ACE,CE,Combined TRACON& Tower with Radar,0,36,167,0,203,0,11,84,0,95,0,47,251,0,298,90,0,90,388
02/11/2000,MKC,MO,ACE,CE,Combined TRACON& Tower with Radar,0,23,102,0,125,0,4,20,0,24,0,27,122,0,149,86,0,86,235
02/12/2000,MKC,MO,ACE,CE,Combined TRACON& Tower with Radar,0,6,37,1,44,0,0,26,0,26,0,6,63,1,70,96,0,96,166
02/13/2000,MKC,MO,ACE,CE,Combined TRACON& Tower with Radar,0,5,38,0,43,0,0,10,0,10,0,5,48,0,53,59,0,59,112
02/14/2000,MKC,MO,ACE,CE,Combined TRACON& Tower with Radar,0,25,114,2,141,2,8,50,0,60,2,33,164,2,201,92,0,92,293
02/15/2000,MKC,MO,ACE,CE,Combined TRACON& Tower with Radar,0,29,127,0,156,0,34,76,0,110,0,63,203,0,266,111,0,111,377
02/16/2000,MKC,MO,ACE,CE,Combined TRACON& Tower with Radar,0,31,137,0,168,0,13,112,0,125,0,44,249,0,293,152,0,152,445
02/17/2000,MKC,MO,ACE,CE,Combined TRACON& Tower with Radar,0,28,125,0,153,0,7,30,0,37,0,35,155,0,190,39,0,39,229
02/18/2000,MKC,MO,ACE,CE,Combined TRACON& Tower with Radar,0,27,121,0,148,0,9,21,0,30,0,36,142,0,178,64,0,64,242
02/19/2000,MKC,MO,ACE,CE,Combined TRACON& Tower with Radar,0,16,69,0,85,0,3,82,0,85,0,19,151,0,170,259,0,259,429
02/20/2000,MKC,MO,ACE,CE,Combined TRACON& Tower with Radar,0,10,45,0,55,0,2,151,0,153,0,12,196,0,208,233,0,233,441
02/21/2000,MKC,MO,ACE,CE,Combined TRACON& Tower with Radar,0,11,85,0,96,0,0,115,0,115,0,11,200,0,211,225,0,225,436
02/22/2000,MKC,MO,ACE,CE,Combined TRACON& Tower with Radar,0,36,158,1,195,2,7,62,3,74,2,43,220,4,269,162,0,162,431
02/23/2000,MKC,MO,ACE,CE,Combined TRACON& Tower with Radar,0,34,152,1,187,0,13,53,1,67,0,47,205,2,254,34,0,34,288
02/24/2000,MKC,MO,ACE,CE,Combined TRACON& Tower with Radar,0,37,166,1,204,0,3,117,5,125,0,40,283,6,329,110,0,110,439
02/25/2000,MKC,MO,ACE,CE,Combined TRACON& Tower with Radar,0,24,109,1,134,0,15,26,3,44,0,39,135,4,178,19,0,19,197
02/26/2000,MKC,MO,ACE,CE,Combined TRACON& Tower with Radar,0,14,64,0,78,0,0,106,0,106,0,14,170,0,184,65,0,65,249
02/27/2000,MKC,MO,ACE,CE,Combined TRACON& Tower with Radar,0,10,60,0,70,0,0,196,4,200,0,10,256,4,270,213,0,213,483
02/28/2000,MKC,MO,ACE,CE,Combined TRACON& Tower with Radar,0,26,117,0,143,0,8,99,0,107,0,34,216,0,250,65,0,65,315
02/29/2000,MKC,MO,ACE,CE,Combined TRACON& Tower with Radar,0,28,126,1,155,0,13,38,1,52,0,41,164,2,207,32,0,32,239
03/01/2000,MKC,MO,ACE,CE,Combined TRACON& Tower with Radar,0,33,136,1,170,0,16,150,5,171,0,49,286,6,341,151,0,151,492
03/02/2000,MKC,MO,ACE,CE,Combined TRACON& Tower with Radar,0,33,133,1,167,0,17,57,3,77,0,50,190,4,244,66,0,66,310
03/03/2000,MKC,MO,ACE,CE,Combined TRACON& Tower with Radar,0,29,116,2,147,0,16,42,0,58,0,45,158,2,205,56,0,56,261
03/04/2000,MKC,MO,ACE,CE,Combined TRACON& Tower with Radar,0,17,72,0,89,0,0,153,0,153,0,17,225,0,242,110,0,110,352
03/05/2000,MKC,MO,ACE,CE,Combined TRACON& Tower with Radar,0,8,56,0,64,0,0,132,0,132,0,8,188,0,196,172,0,172,368
03/06/2000,MKC,MO,ACE,CE,Combined TRACON& Tower with Radar,0,33,134,2,169,0,13,119,2,134,0,46,253,4,303,97,0,97,400
03/07/2000,MKC,MO,ACE,CE,Combined TRACON& Tower with Radar,0,34,136,2,172,0,9,112,0,121,0,43,248,2,293,53,0,53,346
03/08/2000,MKC,MO,ACE,CE,Combined TRACON& Tower with Radar,0,41,167,0,208,0,6,58,0,64,0,47,225,0,272,7,0,7,279
03/09/2000,MKC,MO,ACE,CE,Combined TRACON& Tower with Radar,0,45,181,2,228,0,2,140,0,142,0,47,321,2,370,142,0,142,512
03/10/2000,MKC,MO,ACE,CE,Combined TRACON& Tower with Radar,0,39,158,2,199,0,16,99,0,115,0,55,257,2,314,110,0,110,424
03/11/2000,MKC,MO,ACE,CE,Combined TRACON& Tower with Radar,0,19,79,0,98,0,1,134,0,135,0,20,213,0,233,65,0,65,298
03/12/2000,MKC,MO,ACE,CE,Combined TRACON& Tower with Radar,0,12,109,2,123,0,0,128,0,128,0,12,237,2,251,193,0,193,444
03/13/2000,MKC,MO,ACE,CE,Combined TRACON& Tower with Radar,0,30,119,0,149,2,9,150,0,161,2,39,269,0,310,173,0,173,483
03/14/2000,MKC,MO,ACE,CE,Combined TRACON& Tower with Radar,0,41,162,2,205,0,3,79,0,82,0,44,241,2,287,97,0,97,384
03/15/2000,MKC,MO,ACE,CE,Combined TRACON& Tower with Radar,0,42,166,0,208,0,5,30,0,35,0,47,196,0,243,56,0,56,299
03/16/2000,MKC,MO,ACE,CE,Combined TRACON& Tower with Radar,0,33,129,2,164,0,9,93,2,104,0,42,222,4,268,140,0,140,408
03/17/2000,MKC,MO,ACE,CE,Combined TRACON& Tower with Radar,0,33,129,2,164,0,6,87,2,95,0,39,216,4,259,99,0,99,358
03/18/2000,MKC,MO,ACE,CE,Combined TRACON& Tower with Radar,0,15,58,0,73,0,10,19,0,29,0,25,77,0,102,133,0,133,235
03/19/2000,MKC,MO,ACE,CE,Combined TRACON& Tower with Radar,0,3,41,0,44,0,0,22,0,22,0,3,63,0,66,27,0,27,93
03/20/2000,MKC,MO,ACE,CE,Combined TRACON& Tower with Radar,0,35,135,1,171,0,5,95,0,100,0,40,230,1,271,87,0,87,358
03/21/2000,MKC,MO,ACE,CE,Combined TRACON& Tower with Radar,0,37,158,0,195,0,0,97,0,97,0,37,255,0,292,51,0,51,343
03/22/2000,MKC,MO,ACE,CE,Combined TRACON& Tower with Radar,0,37,149,1,187,0,0,108,1,109,0,37,257,2,296,109,0,109,405
03/23/2000,MKC,MO,ACE,CE,Combined TRACON& Tower with Radar,0,32,124,0,156,1,9,74,0,84,1,41,198,0,240,105,0,105,345
03/24/2000,MKC,MO,ACE,CE,Combined TRACON& Tower with Radar,0,38,147,1,186,1,0,92,7,100,1,38,239,8,286,121,0,121,407
03/25/2000,MKC,MO,ACE,CE,Combined TRACON& Tower with Radar,0,13,51,0,64,0,5,178,0,183,0,18,229,0,247,236,0,236,483
03/26/2000,MKC,MO,ACE,CE,Combined TRACON& Tower with Radar,0,15,58,0,73,0,3,115,2,120,0,18,173,2,193,77,0,77,270
03/27/2000,MKC,MO,ACE,CE,Combined TRACON& Tower with Radar,0,29,114,0,143,0,2,93,0,95,0,31,207,0,238,79,0,79,317
03/28/2000,MKC,MO,ACE,CE,Combined TRACON& Tower with Radar,0,40,155,1,196,0,5,115,0,120,0,45,270,1,316,131,0,131,447
03/29/2000,MKC,MO,ACE,CE,Combined TRACON& Tower with Radar,0,44,176,0,220,0,0,90,0,90,0,44,266,0,310,99,6,105,415
03/30/2000,MKC,MO,ACE,CE,Combined TRACON& Tower with Radar,0,37,147,0,184,0,6,135,0,141,0,43,282,0,325,94,26,120,445
03/31/2000,MKC,MO,ACE,CE,Combined TRACON& Tower with Radar,0,32,127,1,160,0,11,109,3,123,0,43,236,4,283,135,0,135,418
04/01/2000,MKC,MO,ACE,CE,Combined TRACON& Tower with Radar,0,12,70,2,84,0,0,83,0,83,0,12,153,2,167,110,0,110,277
04/02/2000,MKC,MO,ACE,CE,Combined TRACON& Tower with Radar,0,9,45,0,54,0,0,132,0,132,0,9,177,0,186,154,31,185,371
04/03/2000,MKC,MO,ACE,CE,Combined TRACON& Tower with Radar,0,22,105,0,127,0,6,45,0,51,0,28,150,0,178,54,0,54,232
04/04/2000,MKC,MO,ACE,CE,Combined TRACON& Tower with Radar,0,34,157,0,191,0,14,104,0,118,0,48,261,0,309,68,0,68,377
04/05/2000,MKC,MO,ACE,CE,Combined TRACON& Tower with Radar,0,34,159,0,193,0,12,132,0,144,0,46,291,0,337,29,0,29,366
04/06/2000,MKC,MO,ACE,CE,Combined TRACON& Tower with Radar,0,37,169,5,211,0,9,142,1,152,0,46,311,6,363,116,0,116,479
04/07/2000,MKC,MO,ACE,CE,Combined TRACON& Tower with Radar,0,27,124,2,153,0,18,47,0,65,0,45,171,2,218,38,0,38,256
04/08/2000,MKC,MO,ACE,CE,Combined TRACON& Tower with Radar,0,9,45,0,54,0,11,134,0,145,0,20,179,0,199,151,0,151,350
04/09/2000,MKC,MO,ACE,CE,Combined TRACON& Tower with Radar,0,14,75,2,91,1,0,101,0,102,1,14,176,2,193,98,0,98,291
04/10/2000,MKC,MO,ACE,CE,Combined TRACON& Tower with Radar,0,29,136,2,167,2,11,98,0,111,2,40,234,2,278,70,0,70,348
04/11/2000,MKC,MO,ACE,CE,Combined TRACON& Tower with Radar,0,36,165,5,206,0,18,61,2,81,0,54,226,7,287,88,0,88,375
04/12/2000,MKC,MO,ACE,CE,Combined TRACON& Tower with Radar,0,33,149,6,188,0,16,130,0,146,0,49,279,6,334,144,0,144,478
04/13/2000,MKC,MO,ACE,CE,Combined TRACON& Tower with Radar,0,40,179,4,223,1,7,154,0,162,1,47,333,4,385,164,0,164,549
04/14/2000,MKC,MO,ACE,CE,Combined TRACON& Tower with Radar,0,30,134,2,166,0,17,116,0,133,0,47,250,2,299,126,0,126,425
04/15/2000,MKC,MO,ACE,CE,Combined TRACON& Tower with Radar,0,12,51,2,65,0,11,99,1,111,0,23,150,3,176,265,0,265,441
04/16/2000,MKC,MO,ACE,CE,Combined TRACON& Tower with Radar,0,15,67,2,84,0,6,16,0,22,0,21,83,2,106,23,0,23,129
04/17/2000,MKC,MO,ACE,CE,Combined TRACON& Tower with Radar,0,28,123,0,151,0,10,65,0,75,0,38,188,0,226,103,0,103,329
04/18/2000,MKC,MO,ACE,CE,Combined TRACON& Tower with Radar,0,38,168,2,208,0,11,137,0,148,0,49,305,2,356,82,0,82,438
04/19/2000,MKC,MO,ACE,CE,Combined TRACON& Tower with Radar,0,27,119,2,148,0,10,73,0,83,0,37,192,2,231,102,0,102,333
04/20/2000,MKC,MO,ACE,CE,Combined TRACON& Tower with Radar,0,31,141,2,174,0,17,34,0,51,0,48,175,2,225,14,0,14,239
04/21/2000,MKC,MO,ACE,CE,Combined TRACON& Tower with Radar,0,26,116,0,142,0,7,189,0,196,0,33,305,0,338,124,0,124,462
04/22/2000,MKC,MO,ACE,CE,Combined TRACON& Tower with Radar,0,10,41,1,52,0,4,172,4,180,0,14,213,5,232,161,0,161,393
04/23/2000,MKC,MO,ACE,CE,Combined TRACON& Tower with Radar,0,4,31,0,35,0,0,32,0,32,0,4,63,0,67,60,0,60,127
04/24/2000,MKC,MO,ACE,CE,Combined TRACON& Tower with Radar,0,30,137,1,168,0,9,107,0,116,0,39,244,1,284,103,0,103,387
04/25/2000,MKC,MO,ACE,CE,Combined TRACON& Tower with Radar,0,30,138,2,170,0,21,123,0,144,0,51,261,2,314,175,0,175,489
04/26/2000,MKC,MO,ACE,CE,Combined TRACON& Tower with Radar,0,39,175,3,217,0,11,123,0,134,0,50,298,3,351,129,0,129,480
04/27/2000,MKC,MO,ACE,CE,Combined TRACON& Tower with Radar,0,31,139,2,172,2,14,83,0,99,2,45,222,2,271,75,0,75,346
04/28/2000,MKC,MO,ACE,CE,Combined TRACON& Tower with Radar,0,33,147,4,184,0,7,130,9,146,0,40,277,13,330,74,0,74,404
04/29/2000,MKC,MO,ACE,CE,Combined TRACON& Tower with Radar,0,10,65,2,77,0,0,175,3,178,0,10,240,5,255,159,0,159,414
04/30/2000,MKC,MO,ACE,CE,Combined TRACON& Tower with Radar,0,14,74,0,88,3,0,87,0,90,3,14,161,0,178,117,0,117,295
05/01/2000,MKC,MO,ACE,CE,Combined TRACON& Tower with Radar,1,27,123,0,151,0,11,60,0,71,1,38,183,0,222,87,0,87,309
05/02/2000,MKC,MO,ACE,CE,Combined TRACON& Tower with Radar,1,35,161,0,197,1,14,103,0,118,2,49,264,0,315,251,0,251,566
05/03/2000,MKC,MO,ACE,CE,Combined TRACON& Tower with Radar,0,36,166,1,203,0,16,115,5,136,0,52,281,6,339,110,0,110,449
05/04/2000,MKC,MO,ACE,CE,Combined TRACON& Tower with Radar,0,32,150,0,182,0,11,135,0,146,0,43,285,0,328,119,0,119,447
05/05/2000,MKC,MO,ACE,CE,Combined TRACON& Tower with Radar,1,31,141,0,173,1,8,116,0,125,2,39,257,0,298,137,0,137,435
05/06/2000,MKC,MO,ACE,CE,Combined TRACON& Tower with Radar,1,13,63,0,77,1,9,118,4,132,2,22,181,4,209,155,0,155,364
05/07/2000,MKC,MO,ACE,CE,Combined TRACON& Tower with Radar,1,9,69,0,79,0,0,46,0,46,1,9,115,0,125,74,0,74,199
05/08/2000,MKC,MO,ACE,CE,Combined TRACON& Tower with Radar,0,28,128,0,156,0,22,101,0,123,0,50,229,0,279,112,0,112,391
05/09/2000,MKC,MO,ACE,CE,Combined TRACON& Tower with Radar,0,38,175,0,213,0,19,87,0,106,0,57,262,0,319,81,0,81,400
05/10/2000,MKC,MO,ACE,CE,Combined TRACON& Tower with Radar,0,38,175,0,213,0,28,118,0,146,0,66,293,0,359,150,0,150,509
05/11/2000,MKC,MO,ACE,CE,Combined TRACON& Tower with Radar,0,33,155,2,190,0,9,56,6,71,0,42,211,8,261,25,0,25,286
05/12/2000,MKC,MO,ACE,CE,Combined TRACON& Tower with Radar,0,33,154,0,187,0,18,101,0,119,0,51,255,0,306,94,0,94,400
05/13/2000,MKC,MO,ACE,CE,Combined TRACON& Tower with Radar,0,12,53,0,65,0,6,99,0,105,0,18,152,0,170,57,0,57,227
05/14/2000,MKC,MO,ACE,CE,Combined TRACON& Tower with Radar,0,10,42,0,52,0,4,102,0,106,0,14,144,0,158,121,0,121,279
05/15/2000,MKC,MO,ACE,CE,Combined TRACON& Tower with Radar,0,26,114,1,141,0,1,91,8,100,0,27,205,9,241,113,0,113,354
05/16/2000,MKC,MO,ACE,CE,Combined TRACON& Tower with Radar,0,37,164,2,203,0,6,78,0,84,0,43,242,2,287,62,0,62,349
05/17/2000,MKC,MO,ACE,CE,Combined TRACON& Tower with Radar,0,33,146,0,179,0,15,54,0,69,0,48,200,0,248,51,0,51,299
05/18/2000,MKC,MO,ACE,CE,Combined TRACON& Tower with Radar,0,42,190,0,232,2,14,68,0,84,2,56,258,0,316,44,0,44,360
05/19/2000,MKC,MO,ACE,CE,Combined TRACON& Tower with Radar,0,39,176,2,217,0,0,61,2,63,0,39,237,4,280,156,0,156,436
05/20/2000,MKC,MO,ACE,CE,Combined TRACON& Tower with Radar,0,13,57,1,71,0,2,121,0,123,0,15,178,1,194,134,0,134,328
05/21/2000,MKC,MO,ACE,CE,Combined TRACON& Tower with Radar,0,16,71,0,87,0,2,94,3,99,0,18,165,3,186,137,0,137,323
05/22/2000,MKC,MO,ACE,CE,Combined TRACON& Tower with Radar,0,29,129,0,158,0,13,134,2,149,0,42,263,2,307,114,0,114,421
05/23/2000,MKC,MO,ACE,CE,Combined TRACON& Tower with Radar,0,33,147,0,180,0,13,146,4,163,0,46,293,4,343,115,0,115,458
05/24/2000,MKC,MO,ACE,CE,Combined TRACON& Tower with Radar,0,34,154,0,188,0,14,129,0,143,0,48,283,0,331,118,0,118,449
05/25/2000,MKC,MO,ACE,CE,Combined TRACON& Tower with Radar,0,37,164,0,201,0,22,125,0,147,0,59,289,0,348,205,0,205,553
05/26/2000,MKC,MO,ACE,CE,Combined TRACON& Tower with Radar,0,26,113,0,139,0,14,47,3,64,0,40,160,3,203,113,0,113,316
05/27/2000,MKC,MO,ACE,CE,Combined TRACON& Tower with Radar,0,11,54,0,65,0,0,74,6,80,0,11,128,6,145,224,0,224,369
05/28/2000,MKC,MO,ACE,CE,Combined TRACON& Tower with Radar,0,8,53,0,61,0,0,101,2,103,0,8,154,2,164,168,0,168,332
05/29/2000,MKC,MO,ACE,CE,Combined TRACON& Tower with Radar,0,6,45,0,51,0,0,139,12,151,0,6,184,12,202,74,0,74,276
05/30/2000,MKC,MO,ACE,CE,Combined TRACON& Tower with Radar,0,29,137,0,166,0,0,117,0,117,0,29,254,0,283,95,0,95,378
05/31/2000,MKC,MO,ACE,CE,Combined TRACON& Tower with Radar,0,36,159,0,195,0,14,139,0,153,0,50,298,0,348,119,0,119,467
06/01/2000,MKC,MO,ACE,CE,Combined TRACON& Tower with Radar,0,32,138,1,171,0,19,97,2,118,0,51,235,3,289,134,0,134,423
06/02/2000,MKC,MO,ACE,CE,Combined TRACON& Tower with Radar,0,32,136,1,169,0,11,128,6,145,0,43,264,7,314,136,0,136,450
06/03/2000,MKC,MO,ACE,CE,Combined TRACON& Tower with Radar,0,12,54,0,66,0,10,171,2,183,0,22,225,2,249,125,0,125,374
06/04/2000,MKC,MO,ACE,CE,Combined TRACON& Tower with Radar,0,12,53,0,65,0,3,60,0,63,0,15,113,0,128,129,0,129,257
06/05/2000,MKC,MO,ACE,CE,Combined TRACON& Tower with Radar,0,27,117,1,145,0,17,66,5,88,0,44,183,6,233,127,0,127,360
06/06/2000,MKC,MO,ACE,CE,Combined TRACON& Tower with Radar,0,28,121,1,150,0,14,164,4,182,0,42,285,5,332,92,0,92,424
06/07/2000,MKC,MO,ACE,CE,Combined TRACON& Tower with Radar,0,27,114,1,142,0,11,169,1,181,0,38,283,2,323,115,0,115,438
06/08/2000,MKC,MO,ACE,CE,Combined TRACON& Tower with Radar,0,35,149,2,186,0,17,162,0,179,0,52,311,2,365,148,0,148,513
06/09/2000,MKC,MO,ACE,CE,Combined TRACON& Tower with Radar,1,31,133,1,166,0,12,135,3,150,1,43,268,4,316,86,8,94,410
06/10/2000,MKC,MO,ACE,CE,Combined TRACON& Tower with Radar,0,17,75,2,94,0,1,68,3,72,0,18,143,5,166,96,0,96,262
06/11/2000,MKC,MO,ACE,CE,Combined TRACON& Tower with Radar,0,15,71,1,87,2,0,20,0,22,2,15,91,1,109,45,0,45,154
06/12/2000,MKC,MO,ACE,CE,Combined TRACON& Tower with Radar,0,33,139,1,173,2,22,66,0,90,2,55,205,1,263,153,0,153,416
06/13/2000,MKC,MO,ACE,CE,Combined TRACON& Tower with Radar,0,34,147,0,181,1,15,60,0,76,1,49,207,0,257,42,0,42,299
06/14/2000,MKC,MO,ACE,CE,Combined TRACON& Tower with Radar,0,43,182,1,226,0,10,128,0,138,0,53,310,1,364,114,0,114,478
06/15/2000,MKC,MO,ACE,CE,Combined TRACON& Tower with Radar,0,40,166,1,207,0,12,162,0,174,0,52,328,1,381,121,0,121,502
06/16/2000,MKC,MO,ACE,CE,Combined TRACON& Tower with Radar,0,18,75,2,95,0,26,185,2,213,0,44,260,4,308,178,0,178,486
06/17/2000,MKC,MO,ACE,CE,Combined TRACON& Tower with Radar,0,16,65,1,82,0,2,120,1,123,0,18,185,2,205,147,0,147,352
06/18/2000,MKC,MO,ACE,CE,Combined TRACON& Tower with Radar,0,15,59,0,74,0,7,102,0,109,0,22,161,0,183,122,0,122,305
06/19/2000,MKC,MO,ACE,CE,Combined TRACON& Tower with Radar,0,31,128,0,159,1,13,71,0,85,1,44,199,0,244,77,0,77,321
06/20/2000,MKC,MO,ACE,CE,Combined TRACON& Tower with Radar,0,29,117,0,146,0,19,35,0,54,0,48,152,0,200,35,0,35,235
06/21/2000,MKC,MO,ACE,CE,Combined TRACON& Tower with Radar,0,43,183,2,228,0,0,144,0,144,0,43,327,2,372,107,0,107,479
06/22/2000,MKC,MO,ACE,CE,Combined TRACON& Tower with Radar,0,45,186,1,232,0,5,181,0,186,0,50,367,1,418,182,0,182,600
06/23/2000,MKC,MO,ACE,CE,Combined TRACON& Tower with Radar,0,39,161,3,203,0,6,129,4,139,0,45,290,7,342,109,0,109,451
06/24/2000,MKC,MO,ACE,CE,Combined TRACON& Tower with Radar,0,13,55,0,68,1,0,107,0,108,1,13,162,0,176,154,0,154,330
06/25/2000,MKC,MO,ACE,CE,Combined TRACON& Tower with Radar,0,17,67,1,85,0,2,76,1,79,0,19,143,2,164,169,0,169,333
06/26/2000,MKC,MO,ACE,CE,Combined TRACON& Tower with Radar,0,32,130,2,164,0,9,111,0,120,0,41,241,2,284,169,0,169,453
06/27/2000,MKC,MO,ACE,CE,Combined TRACON& Tower with Radar,0,34,143,2,179,2,6,125,4,137,2,40,268,6,316,157,0,157,473
06/28/2000,MKC,MO,ACE,CE,Combined TRACON& Tower with Radar,0,39,162,1,202,0,17,134,0,151,0,56,296,1,353,132,0,132,485
06/29/2000,MKC,MO,ACE,CE,Combined TRACON& Tower with Radar,0,38,157,2,197,1,15,193,0,209,1,53,350,2,406,135,0,135,541
06/30/2000,MKC,MO,ACE,CE,Combined TRACON& Tower with Radar,0,37,164,0,201,1,0,90,0,91,1,37,254,0,292,121,0,121,413
07/01/2000,MKC,MO,ACE,CE,Combined TRACON& Tower with Radar,0,25,98,0,123,0,3,60,0,63,0,28,158,0,186,88,0,88,274
07/02/2000,MKC,MO,ACE,CE,Combined TRACON& Tower with Radar,1,12,47,0,60,4,3,66,0,73,5,15,113,0,133,148,0,148,281
07/03/2000,MKC,MO,ACE,CE,Combined TRACON& Tower with Radar,0,18,70,0,88,0,12,97,0,109,0,30,167,0,197,103,0,103,300
07/04/2000,MKC,MO,ACE,CE,Combined TRACON& Tower with Radar,0,6,28,0,34,0,10,52,0,62,0,16,80,0,96,86,0,86,182
07/05/2000,MKC,MO,ACE,CE,Combined TRACON& Tower with Radar,0,36,138,0,174,0,5,118,0,123,0,41,256,0,297,124,0,124,421
07/06/2000,MKC,MO,ACE,CE,Combined TRACON& Tower with Radar,1,36,138,1,176,0,12,136,0,148,1,48,274,1,324,153,0,153,477
07/07/2000,MKC,MO,ACE,CE,Combined TRACON& Tower with Radar,0,33,127,0,160,0,0,119,6,125,0,33,246,6,285,100,0,100,385
07/08/2000,MKC,MO,ACE,CE,Combined TRACON& Tower with Radar,0,14,58,0,72,0,3,155,0,158,0,17,213,0,230,133,0,133,363
07/09/2000,MKC,MO,ACE,CE,Combined TRACON& Tower with Radar,0,11,43,0,54,0,6,93,2,101,0,17,136,2,155,144,0,144,299
07/10/2000,MKC,MO,ACE,CE,Combined TRACON& Tower with Radar,0,30,117,0,147,0,1,134,0,135,0,31,251,0,282,60,0,60,342
07/11/2000,MKC,MO,ACE,CE,Combined TRACON& Tower with Radar,0,14,55,0,69,0,24,190,0,214,0,38,245,0,283,122,0,122,405
07/12/2000,MKC,MO,ACE,CE,Combined TRACON& Tower with Radar,1,40,154,1,196,0,14,114,2,130,1,54,268,3,326,222,0,222,548
07/13/2000,MKC,MO,ACE,CE,Combined TRACON& Tower with Radar,0,38,147,1,186,0,15,153,3,171,0,53,300,4,357,168,0,168,525
07/14/2000,MKC,MO,ACE,CE,Combined TRACON& Tower with Radar,1,26,99,0,126,0,12,155,0,167,1,38,254,0,293,115,0,115,408
07/15/2000,MKC,MO,ACE,CE,Combined TRACON& Tower with Radar,1,13,48,0,62,4,17,101,0,122,5,30,149,0,184,117,0,117,301
07/16/2000,MKC,MO,ACE,CE,Combined TRACON& Tower with Radar,0,15,54,0,69,0,2,101,0,103,0,17,155,0,172,65,0,65,237
07/17/2000,MKC,MO,ACE,CE,Combined TRACON& Tower with Radar,1,38,142,1,182,0,8,55,1,64,1,46,197,2,246,100,0,100,346
07/18/2000,MKC,MO,ACE,CE,Combined TRACON& Tower with Radar,0,45,170,1,216,2,15,70,0,87,2,60,240,1,303,250,0,250,553
07/19/2000,MKC,MO,ACE,CE,Combined TRACON& Tower with Radar,0,49,184,1,234,0,10,43,0,53,0,59,227,1,287,142,0,142,429
07/20/2000,MKC,MO,ACE,CE,Combined TRACON& Tower with Radar,0,39,148,2,189,0,8,103,14,125,0,47,251,16,314,193,0,193,507
07/21/2000,MKC,MO,ACE,CE,Combined TRACON& Tower with Radar,0,38,144,2,184,1,21,143,1,166,1,59,287,3,350,126,0,126,476
07/22/2000,MKC,MO,ACE,CE,Combined TRACON& Tower with Radar,0,19,72,1,92,0,5,145,1,151,0,24,217,2,243,160,0,160,403
07/23/2000,MKC,MO,ACE,CE,Combined TRACON& Tower with Radar,0,20,79,1,100,0,0,115,14,129,0,20,194,15,229,183,0,183,412
07/24/2000,MKC,MO,ACE,CE,Combined TRACON& Tower with Radar,0,28,104,1,133,0,12,130,3,145,0,40,234,4,278,82,0,82,360
07/25/2000,MKC,MO,ACE,CE,Combined TRACON& Tower with Radar,0,35,132,2,169,0,15,100,0,115,0,50,232,2,284,161,0,161,445
07/26/2000,MKC,MO,ACE,CE,Combined TRACON& Tower with Radar,0,40,149,0,189,0,21,105,0,126,0,61,254,0,315,120,0,120,435
07/27/2000,MKC,MO,ACE,CE,Combined TRACON& Tower with Radar,0,43,163,2,208,0,18,121,0,139,0,61,284,2,347,63,0,63,410
07/28/2000,MKC,MO,ACE,CE,Combined TRACON& Tower with Radar,0,38,142,2,182,0,9,58,1,68,0,47,200,3,250,69,0,69,319
07/29/2000,MKC,MO,ACE,CE,Combined TRACON& Tower with Radar,0,18,88,0,106,0,0,133,0,133,0,18,221,0,239,119,0,119,358
07/30/2000,MKC,MO,ACE,CE,Combined TRACON& Tower with Radar,0,7,61,0,68,0,0,73,0,73,0,7,134,0,141,56,0,56,197
07/31/2000,MKC,MO,ACE,CE,Combined TRACON& Tower with Radar,0,28,124,0,152,0,0,99,1,100,0,28,223,1,252,197,0,197,449
08/01/2000,MKC,MO,ACE,CE,Combined TRACON& Tower with Radar,0,34,128,1,163,0,9,149,0,158,0,43,277,1,321,117,34,151,472
08/02/2000,MKC,MO,ACE,CE,Combined TRACON& Tower with Radar,0,39,147,0,186,0,4,108,0,112,0,43,255,0,298,190,30,220,518
08/03/2000,MKC,MO,ACE,CE,Combined TRACON& Tower with Radar,0,36,135,0,171,0,16,135,0,151,0,52,270,0,322,112,23,135,457
08/04/2000,MKC,MO,ACE,CE,Combined TRACON& Tower with Radar,0,38,141,1,180,0,8,104,0,112,0,46,245,1,292,102,27,129,421
08/05/2000,MKC,MO,ACE,CE,Combined TRACON& Tower with Radar,0,9,39,0,48,0,5,86,3,94,0,14,125,3,142,63,20,83,225
08/06/2000,MKC,MO,ACE,CE,Combined TRACON& Tower with Radar,1,10,38,0,49,1,0,53,1,55,2,10,91,1,104,104,9,113,217
08/07/2000,MKC,MO,ACE,CE,Combined TRACON& Tower with Radar,0,25,96,1,122,0,2,119,0,121,0,27,215,1,243,166,2,168,411
08/08/2000,MKC,MO,ACE,CE,Combined TRACON& Tower with Radar,0,34,130,0,164,0,17,129,0,146,0,51,259,0,310,139,0,139,449
08/09/2000,MKC,MO,ACE,CE,Combined TRACON& Tower with Radar,0,35,132,2,169,0,20,123,0,143,0,55,255,2,312,182,0,182,494
08/10/2000,MKC,MO,ACE,CE,Combined TRACON& Tower with Radar,1,40,150,2,193,3,10,136,0,149,4,50,286,2,342,146,0,146,488
08/11/2000,MKC,MO,ACE,CE,Combined TRACON& Tower with Radar,1,33,126,2,162,0,13,181,8,202,1,46,307,10,364,103,0,103,467
08/12/2000,MKC,MO,ACE,CE,Combined TRACON& Tower with Radar,0,17,65,0,82,0,8,113,2,123,0,25,178,2,205,77,0,77,282
08/13/2000,MKC,MO,ACE,CE,Combined TRACON& Tower with Radar,0,14,56,0,70,0,6,128,8,142,0,20,184,8,212,44,0,44,256
08/14/2000,MKC,MO,ACE,CE,Combined TRACON& Tower with Radar,0,34,128,2,164,2,15,116,4,137,2,49,244,6,301,212,0,212,513
08/15/2000,MKC,MO,ACE,CE,Combined TRACON& Tower with Radar,0,34,124,2,160,0,25,96,0,121,0,59,220,2,281,88,0,88,369
08/16/2000,MKC,MO,ACE,CE,Combined TRACON& Tower with Radar,0,33,121,2,156,0,18,96,2,116,0,51,217,4,272,154,0,154,426
08/17/2000,MKC,MO,ACE,CE,Combined TRACON& Tower with Radar,0,39,141,2,182,0,12,87,13,112,0,51,228,15,294,246,0,246,540
08/18/2000,MKC,MO,ACE,CE,Combined TRACON& Tower with Radar,0,38,138,2,178,0,14,146,0,160,0,52,284,2,338,122,0,122,460
08/19/2000,MKC,MO,ACE,CE,Combined TRACON& Tower with Radar,0,14,48,0,62,1,0,423,0,424,1,14,471,0,486,71,0,71,557
08/20/2000,MKC,MO,ACE,CE,Combined TRACON& Tower with Radar,0,8,31,1,40,1,1,108,1,111,1,9,139,2,151,40,0,40,191
08/21/2000,MKC,MO,ACE,CE,Combined TRACON& Tower with Radar,0,29,107,0,136,1,11,126,0,138,1,40,233,0,274,106,0,106,380
08/22/2000,MKC,MO,ACE,CE,Combined TRACON& Tower with Radar,0,37,135,0,172,0,10,114,0,124,0,47,249,0,296,39,0,39,335
08/23/2000,MKC,MO,ACE,CE,Combined TRACON& Tower with Radar,0,38,138,0,176,0,8,125,0,133,0,46,263,0,309,132,0,132,441
08/24/2000,MKC,MO,ACE,CE,Combined TRACON& Tower with Radar,0,49,187,1,237,2,0,99,0,101,2,49,286,1,338,111,0,111,449
08/25/2000,MKC,MO,ACE,CE,Combined TRACON& Tower with Radar,0,39,141,1,181,3,14,105,1,123,3,53,246,2,304,147,0,147,451
08/26/2000,MKC,MO,ACE,CE,Combined TRACON& Tower with Radar,0,21,75,0,96,0,9,122,0,131,0,30,197,0,227,133,0,133,360
08/27/2000,MKC,MO,ACE,CE,Combined TRACON& Tower with Radar,0,20,71,0,91,0,7,69,0,76,0,27,140,0,167,37,0,37,204
08/28/2000,MKC,MO,ACE,CE,Combined TRACON& Tower with Radar,0,22,80,0,102,0,14,125,0,139,0,36,205,0,241,35,0,35,276
08/29/2000,MKC,MO,ACE,CE,Combined TRACON& Tower with Radar,0,41,151,2,194,0,14,124,0,138,0,55,275,2,332,89,0,89,421
08/30/2000,MKC,MO,ACE,CE,Combined TRACON& Tower with Radar,0,41,148,2,191,0,18,134,0,152,0,59,282,2,343,90,0,90,433
08/31/2000,MKC,MO,ACE,CE,Combined TRACON& Tower with Radar,0,40,146,2,188,0,9,132,3,144,0,49,278,5,332,85,0,85,417
09/01/2000,MKC,MO,ACE,CE,Combined TRACON& Tower with Radar,1,30,107,1,139,0,19,154,1,174,1,49,261,2,313,209,0,209,522
09/02/2000,MKC,MO,ACE,CE,Combined TRACON& Tower with Radar,0,11,42,0,53,0,4,127,1,132,0,15,169,1,185,143,0,143,328
09/03/2000,MKC,MO,ACE,CE,Combined TRACON& Tower with Radar,0,13,47,0,60,0,11,69,1,81,0,24,116,1,141,65,0,65,206
09/04/2000,MKC,MO,ACE,CE,Combined TRACON& Tower with Radar,0,12,46,0,58,0,4,52,0,56,0,16,98,0,114,128,0,128,242
09/05/2000,MKC,MO,ACE,CE,Combined TRACON& Tower with Radar,1,33,116,1,151,0,31,103,0,134,1,64,219,1,285,57,0,57,342
09/06/2000,MKC,MO,ACE,CE,Combined TRACON& Tower with Radar,0,37,134,2,173,0,26,150,4,180,0,63,284,6,353,125,0,125,478
09/07/2000,MKC,MO,ACE,CE,Combined TRACON& Tower with Radar,0,42,150,3,195,0,14,153,1,168,0,56,303,4,363,186,0,186,549
09/08/2000,MKC,MO,ACE,CE,Combined TRACON& Tower with Radar,0,34,121,3,158,1,8,169,4,182,1,42,290,7,340,132,0,132,472
09/09/2000,MKC,MO,ACE,CE,Combined TRACON& Tower with Radar,0,22,82,0,104,0,9,114,0,123,0,31,196,0,227,109,0,109,336
09/10/2000,MKC,MO,ACE,CE,Combined TRACON& Tower with Radar,0,20,74,2,96,0,1,89,8,98,0,21,163,10,194,44,0,44,238
09/11/2000,MKC,MO,ACE,CE,Combined TRACON& Tower with Radar,0,31,113,0,144,0,4,74,0,78,0,35,187,0,222,56,0,56,278
09/12/2000,MKC,MO,ACE,CE,Combined TRACON& Tower with Radar,0,45,162,3,210,1,18,136,1,156,1,63,298,4,366,115,0,115,481
09/13/2000,MKC,MO,ACE,CE,Combined TRACON& Tower with Radar,0,53,183,4,240,0,22,99,9,130,0,75,282,13,370,161,0,161,531
09/14/2000,MKC,MO,ACE,CE,Combined TRACON& Tower with Radar,0,44,152,3,199,0,14,160,6,180,0,58,312,9,379,132,0,132,511
09/15/2000,MKC,MO,ACE,CE,Combined TRACON& Tower with Radar,0,37,128,3,168,0,0,177,6,183,0,37,305,9,351,128,0,128,479
09/16/2000,MKC,MO,ACE,CE,Combined TRACON& Tower with Radar,0,18,64,2,84,0,0,166,0,166,0,18,230,2,250,109,0,109,359
09/17/2000,MKC,MO,ACE,CE,Combined TRACON& Tower with Radar,0,16,54,0,70,0,11,141,0,152,0,27,195,0,222,91,0,91,313
09/18/2000,MKC,MO,ACE,CE,Combined TRACON& Tower with Radar,0,31,108,1,140,2,12,108,0,122,2,43,216,1,262,117,0,117,379
09/19/2000,MKC,MO,ACE,CE,Combined TRACON& Tower with Radar,0,40,137,0,177,0,10,101,0,111,0,50,238,0,288,41,0,41,329
09/20/2000,MKC,MO,ACE,CE,Combined TRACON& Tower with Radar,0,37,127,0,164,0,27,60,0,87,0,64,187,0,251,64,0,64,315
09/21/2000,MKC,MO,ACE,CE,Combined TRACON& Tower with Radar,0,64,287,0,351,0,0,0,0,0,0,64,287,0,351,125,0,125,476
09/22/2000,MKC,MO,ACE,CE,Combined TRACON& Tower with Radar,0,34,116,2,152,0,12,47,2,61,0,46,163,4,213,36,0,36,249
09/23/2000,MKC,MO,ACE,CE,Combined TRACON& Tower with Radar,0,17,54,1,72,0,5,0,1,6,0,22,54,2,78,0,0,0,78
09/24/2000,MKC,MO,ACE,CE,Combined TRACON& Tower with Radar,0,13,74,1,88,0,0,10,3,13,0,13,84,4,101,1,0,1,102
09/25/2000,MKC,MO,ACE,CE,Combined TRACON& Tower with Radar,0,35,121,0,156,0,9,98,0,107,0,44,219,0,263,104,0,104,367
09/26/2000,MKC,MO,ACE,CE,Combined TRACON& Tower with Radar,0,41,141,2,184,1,12,128,1,142,1,53,269,3,326,123,1,124,450
09/27/2000,MKC,MO,ACE,CE,Combined TRACON& Tower with Radar,0,41,142,0,183,0,31,139,0,170,0,72,281,0,353,91,0,91,444
09/28/2000,MKC,MO,ACE,CE,Combined TRACON& Tower with Radar,0,38,134,0,172,0,15,148,0,163,0,53,282,0,335,109,0,109,444
09/29/2000,MKC,MO,ACE,CE,Combined TRACON& Tower with Radar,0,35,125,1,161,1,23,169,0,193,1,58,294,1,354,106,0,106,460
09/30/2000,MKC,MO,ACE,CE,Combined TRACON& Tower with Radar,0,17,62,1,80,0,3,155,0,158,0,20,217,1,238,70,0,70,308
10/01/2000,MKC,MO,ACE,CE,Combined TRACON& Tower with Radar,0,12,43,0,55,0,2,86,0,88,0,14,129,0,143,110,0,110,253
10/02/2000,MKC,MO,ACE,CE,Combined TRACON& Tower with Radar,0,31,113,0,144,0,11,158,0,169,0,42,271,0,313,156,0,156,469
10/03/2000,MKC,MO,ACE,CE,Combined TRACON& Tower with Radar,1,41,144,1,187,1,18,111,1,131,2,59,255,2,318,103,0,103,421
10/04/2000,MKC,MO,ACE,CE,Combined TRACON& Tower with Radar,0,43,145,0,188,0,6,17,0,23,0,49,162,0,211,52,0,52,263
10/05/2000,MKC,MO,ACE,CE,Combined TRACON& Tower with Radar,0,42,144,0,186,0,4,10,0,14,0,46,154,0,200,25,0,25,225
10/06/2000,MKC,MO,ACE,CE,Combined TRACON& Tower with Radar,0,39,131,1,171,0,7,109,7,123,0,46,240,8,294,102,0,102,396
10/07/2000,MKC,MO,ACE,CE,Combined TRACON& Tower with Radar,1,17,62,0,80,0,9,107,0,116,1,26,169,0,196,84,0,84,280
10/08/2000,MKC,MO,ACE,CE,Combined TRACON& Tower with Radar,0,19,66,0,85,0,11,122,0,133,0,30,188,0,218,104,0,104,322
10/09/2000,MKC,MO,ACE,CE,Combined TRACON& Tower with Radar,0,26,91,0,117,0,11,144,0,155,0,37,235,0,272,229,0,229,501
10/10/2000,MKC,MO,ACE,CE,Combined TRACON& Tower with Radar,0,43,148,2,193,0,12,120,3,135,0,55,268,5,328,149,0,149,477
10/11/2000,MKC,MO,ACE,CE,Combined TRACON& Tower with Radar,0,38,131,1,170,0,24,98,1,123,0,62,229,2,293,36,0,36,329
10/12/2000,MKC,MO,ACE,CE,Combined TRACON& Tower with Radar,0,43,147,1,191,0,35,135,0,170,0,78,282,1,361,112,0,112,473
10/13/2000,MKC,MO,ACE,CE,Combined TRACON& Tower with Radar,0,36,123,2,161,0,7,132,1,140,0,43,255,3,301,130,2,132,433
10/14/2000,MKC,MO,ACE,CE,Combined TRACON& Tower with Radar,0,20,65,1,86,0,1,60,2,63,0,21,125,3,149,107,0,107,256
10/15/2000,MKC,MO,ACE,CE,Combined TRACON& Tower with Radar,0,19,90,1,110,0,0,42,1,43,0,19,132,2,153,79,0,79,232
10/16/2000,MKC,MO,ACE,CE,Combined TRACON& Tower with Radar,0,33,119,2,154,0,0,50,2,52,0,33,169,4,206,127,0,127,333
10/17/2000,MKC,MO,ACE,CE,Combined TRACON& Tower with Radar,0,45,150,3,198,0,6,88,7,101,0,51,238,10,299,83,0,83,382
10/18/2000,MKC,MO,ACE,CE,Combined TRACON& Tower with Radar,0,49,162,3,214,1,8,167,1,177,1,57,329,4,391,142,0,142,533
10/19/2000,MKC,MO,ACE,CE,Combined TRACON& Tower with Radar,0,45,151,2,198,1,17,145,0,163,1,62,296,2,361,102,0,102,463
10/20/2000,MKC,MO,ACE,CE,Combined TRACON& Tower with Radar,0,40,131,2,173,0,6,165,0,171,0,46,296,2,344,164,0,164,508
10/21/2000,MKC,MO,ACE,CE,Combined TRACON& Tower with Radar,0,23,76,1,100,0,8,85,1,94,0,31,161,2,194,160,1,161,355
10/22/2000,MKC,MO,ACE,CE,Combined TRACON& Tower with Radar,0,26,111,0,137,0,0,31,0,31,0,26,142,0,168,58,0,58,226
10/23/2000,MKC,MO,ACE,CE,Combined TRACON& Tower with Radar,0,42,137,0,179,2,15,0,0,17,2,57,137,0,196,89,0,89,285
10/24/2000,MKC,MO,ACE,CE,Combined TRACON& Tower with Radar,0,48,159,1,208,0,18,58,1,77,0,66,217,2,285,125,0,125,410
10/25/2000,MKC,MO,ACE,CE,Combined TRACON& Tower with Radar,0,50,168,1,219,2,16,33,0,51,2,66,201,1,270,89,0,89,359
10/26/2000,MKC,MO,ACE,CE,Combined TRACON& Tower with Radar,0,58,192,2,252,0,1,66,1,68,0,59,258,3,320,192,0,192,512
10/27/2000,MKC,MO,ACE,CE,Combined TRACON& Tower with Radar,0,44,169,0,213,2,0,39,0,41,2,44,208,0,254,32,0,32,286
10/28/2000,MKC,MO,ACE,CE,Combined TRACON& Tower with Radar,0,13,42,0,55,0,4,69,0,73,0,17,111,0,128,126,0,126,254
10/29/2000,MKC,MO,ACE,CE,Combined TRACON& Tower with Radar,0,7,47,0,54,0,0,44,0,44,0,7,91,0,98,98,0,98,196
10/30/2000,MKC,MO,ACE,CE,Combined TRACON& Tower with Radar,0,35,116,1,152,1,1,123,1,126,1,36,239,2,278,142,0,142,420
10/31/2000,MKC,MO,ACE,CE,Combined TRACON& Tower with Radar,0,38,125,1,164,1,12,60,1,74,1,50,185,2,238,119,0,119,357
11/01/2000,MKC,MO,ACE,CE,Combined TRACON& Tower with Radar,0,36,123,0,159,0,10,0,0,10,0,46,123,0,169,46,0,46,215
11/02/2000,MKC,MO,ACE,CE,Combined TRACON& Tower with Radar,0,36,128,1,165,0,10,190,1,201,0,46,318,2,366,132,0,132,498
11/03/2000,MKC,MO,ACE,CE,Combined TRACON& Tower with Radar,1,39,142,1,183,2,0,120,8,130,3,39,262,9,313,115,0,115,428
11/04/2000,MKC,MO,ACE,CE,Combined TRACON& Tower with Radar,0,16,73,0,89,0,0,143,5,148,0,16,216,5,237,100,0,100,337
11/05/2000,MKC,MO,ACE,CE,Combined TRACON& Tower with Radar,1,14,49,0,64,0,0,24,0,24,1,14,73,0,88,12,0,12,100
11/06/2000,MKC,MO,ACE,CE,Combined TRACON& Tower with Radar,0,35,120,1,156,0,11,0,4,15,0,46,120,5,171,1,0,1,172
11/07/2000,MKC,MO,ACE,CE,Combined TRACON& Tower with Radar,0,43,149,1,193,0,11,80,2,93,0,54,229,3,286,131,0,131,417
11/08/2000,MKC,MO,ACE,CE,Combined TRACON& Tower with Radar,0,35,126,0,161,0,6,16,0,22,0,41,142,0,183,7,0,7,190
11/09/2000,MKC,MO,ACE,CE,Combined TRACON& Tower with Radar,0,43,151,0,194,0,16,66,0,82,0,59,217,0,276,21,0,21,297
11/10/2000,MKC,MO,ACE,CE,Combined TRACON& Tower with Radar,0,12,43,0,55,0,28,127,4,159,0,40,170,4,214,18,0,18,232
11/11/2000,MKC,MO,ACE,CE,Combined TRACON& Tower with Radar,0,14,40,1,55,0,0,0,1,1,0,14,40,2,56,0,0,0,56
11/12/2000,MKC,MO,ACE,CE,Combined TRACON& Tower with Radar,0,13,46,0,59,0,1,57,0,58,0,14,103,0,117,86,0,86,203
11/13/2000,MKC,MO,ACE,CE,Combined TRACON& Tower with Radar,0,27,96,0,123,0,11,80,0,91,0,38,176,0,214,63,0,63,277
11/14/2000,MKC,MO,ACE,CE,Combined TRACON& Tower with Radar,0,42,142,2,186,0,16,77,0,93,0,58,219,2,279,54,0,54,333
11/15/2000,MKC,MO,ACE,CE,Combined TRACON& Tower with Radar,0,43,146,0,189,2,17,88,0,107,2,60,234,0,296,81,0,81,377
11/16/2000,MKC,MO,ACE,CE,Combined TRACON& Tower with Radar,0,40,138,0,178,0,5,82,0,87,0,45,220,0,265,19,0,19,284
11/17/2000,MKC,MO,ACE,CE,Combined TRACON& Tower with Radar,0,39,131,2,172,0,0,172,3,175,0,39,303,5,347,81,0,81,428
11/18/2000,MKC,MO,ACE,CE,Combined TRACON& Tower with Radar,0,18,61,1,80,0,6,161,5,172,0,24,222,6,252,87,0,87,339
11/19/2000,MKC,MO,ACE,CE,Combined TRACON& Tower with Radar,0,17,59,1,77,0,0,62,3,65,0,17,121,4,142,21,0,21,163
11/20/2000,MKC,MO,ACE,CE,Combined TRACON& Tower with Radar,0,32,107,1,140,1,3,73,2,79,1,35,180,3,219,13,0,13,232
11/21/2000,MKC,MO,ACE,CE,Combined TRACON& Tower with Radar,0,39,134,2,175,1,10,116,2,129,1,49,250,4,304,167,2,169,473
11/22/2000,MKC,MO,ACE,CE,Combined TRACON& Tower with Radar,0,34,119,0,153,1,13,114,0,128,1,47,233,0,281,106,0,106,387
11/23/2000,MKC,MO,ACE,CE,Combined TRACON& Tower with Radar,0,10,33,0,43,0,10,64,0,74,0,20,97,0,117,49,0,49,166
11/24/2000,MKC,MO,ACE,CE,Combined TRACON& Tower with Radar,0,21,72,0,93,0,11,150,0,161,0,32,222,0,254,141,0,141,395
11/25/2000,MKC,MO,ACE,CE,Combined TRACON& Tower with Radar,0,16,51,0,67,0,2,78,2,82,0,18,129,2,149,84,0,84,233
11/26/2000,MKC,MO,ACE,CE,Combined TRACON& Tower with Radar,0,12,47,0,59,0,0,75,0,75,0,12,122,0,134,81,0,81,215
11/27/2000,MKC,MO,ACE,CE,Combined TRACON& Tower with Radar,0,33,115,0,148,0,14,119,0,133,0,47,234,0,281,117,0,117,398
11/28/2000,MKC,MO,ACE,CE,Combined TRACON& Tower with Radar,0,40,136,1,177,0,11,83,2,96,0,51,219,3,273,65,6,71,344
11/29/2000,MKC,MO,ACE,CE,Combined TRACON& Tower with Radar,0,32,109,0,141,0,15,71,0,86,0,47,180,0,227,38,0,38,265
11/30/2000,MKC,MO,ACE,CE,Combined TRACON& Tower with Radar,0,45,154,1,200,0,4,109,1,114,0,49,263,2,314,136,0,136,450
12/01/2000,MKC,MO,ACE,CE,Combined TRACON& Tower with Radar,1,42,143,0,186,2,0,60,1,63,3,42,203,1,249,67,0,67,316
12/02/2000,MKC,MO,ACE,CE,Combined TRACON& Tower with Radar,0,32,98,0,130,0,0,135,0,135,0,32,233,0,265,98,0,98,363
12/03/2000,MKC,MO,ACE,CE,Combined TRACON& Tower with Radar,1,18,101,0,120,1,0,147,1,149,2,18,248,1,269,128,0,128,397
12/04/2000,MKC,MO,ACE,CE,Combined TRACON& Tower with Radar,0,33,99,0,132,0,10,83,0,93,0,43,182,0,225,134,0,134,359
12/05/2000,MKC,MO,ACE,CE,Combined TRACON& Tower with Radar,0,44,130,1,175,0,13,102,1,116,0,57,232,2,291,144,0,144,435
12/06/2000,MKC,MO,ACE,CE,Combined TRACON& Tower with Radar,0,43,127,0,170,0,8,84,0,92,0,51,211,0,262,121,0,121,383
12/07/2000,MKC,MO,ACE,CE,Combined TRACON& Tower with Radar,0,45,141,1,187,0,0,133,1,134,0,45,274,2,321,186,0,186,507
12/08/2000,MKC,MO,ACE,CE,Combined TRACON& Tower with Radar,0,42,125,1,168,0,5,149,3,157,0,47,274,4,325,133,0,133,458
12/09/2000,MKC,MO,ACE,CE,Combined TRACON& Tower with Radar,0,11,51,0,62,0,0,177,0,177,0,11,228,0,239,102,0,102,341
12/10/2000,MKC,MO,ACE,CE,Combined TRACON& Tower with Radar,0,7,39,0,46,0,0,14,0,14,0,7,53,0,60,26,0,26,86
12/11/2000,MKC,MO,ACE,CE,Combined TRACON& Tower with Radar,0,24,67,0,91,0,10,5,0,15,0,34,72,0,106,0,0,0,106
12/12/2000,MKC,MO,ACE,CE,Combined TRACON& Tower with Radar,0,45,131,1,177,0,11,20,0,31,0,56,151,1,208,14,0,14,222
12/13/2000,MKC,MO,ACE,CE,Combined TRACON& Tower with Radar,0,30,85,0,115,0,11,0,0,11,0,41,85,0,126,8,0,8,134
12/14/2000,MKC,MO,ACE,CE,Combined TRACON& Tower with Radar,0,49,143,0,192,0,8,18,2,28,0,57,161,2,220,38,0,38,258
12/15/2000,MKC,MO,ACE,CE,Combined TRACON& Tower with Radar,0,32,90,0,122,0,0,0,0,0,0,32,90,0,122,0,0,0,122
12/16/2000,MKC,MO,ACE,CE,Combined TRACON& Tower with Radar,0,8,21,0,29,0,4,0,0,4,0,12,21,0,33,0,0,0,33
12/17/2000,MKC,MO,ACE,CE,Combined TRACON& Tower with Radar,0,14,42,0,56,0,0,58,0,58,0,14,100,0,114,34,0,34,148
12/18/2000,MKC,MO,ACE,CE,Combined TRACON& Tower with Radar,0,30,89,0,119,0,10,12,0,22,0,40,101,0,141,4,0,4,145
12/19/2000,MKC,MO,ACE,CE,Combined TRACON& Tower with Radar,0,44,126,0,170,0,14,54,0,68,0,58,180,0,238,40,0,40,278
12/20/2000,MKC,MO,ACE,CE,Combined TRACON& Tower with Radar,0,47,128,0,175,0,0,0,1,1,0,47,128,1,176,31,0,31,207
12/21/2000,MKC,MO,ACE,CE,Combined TRACON& Tower with Radar,0,37,105,0,142,0,8,82,1,91,0,45,187,1,233,15,0,15,248
12/22/2000,MKC,MO,ACE,CE,Combined TRACON& Tower with Radar,0,31,91,0,122,0,27,134,0,161,0,58,225,0,283,78,0,78,361
12/23/2000,MKC,MO,ACE,CE,Combined TRACON& Tower with Radar,0,15,43,0,58,0,14,93,0,107,0,29,136,0,165,40,0,40,205
12/24/2000,MKC,MO,ACE,CE,Combined TRACON& Tower with Radar,0,4,13,0,17,0,3,23,0,26,0,7,36,0,43,3,0,3,46
12/25/2000,MKC,MO,ACE,CE,Combined TRACON& Tower with Radar,0,3,9,0,12,0,6,1,0,7,0,9,10,0,19,3,0,3,22
12/26/2000,MKC,MO,ACE,CE,Combined TRACON& Tower with Radar,0,23,65,0,88,0,16,14,0,30,0,39,79,0,118,12,0,12,130
12/27/2000,MKC,MO,ACE,CE,Combined TRACON& Tower with Radar,0,29,85,0,114,0,28,51,0,79,0,57,136,0,193,66,0,66,259
12/28/2000,MKC,MO,ACE,CE,Combined TRACON& Tower with Radar,0,29,81,0,110,0,24,0,0,24,0,53,81,0,134,8,0,8,142
12/29/2000,MKC,MO,ACE,CE,Combined TRACON& Tower with Radar,0,24,70,0,94,0,11,48,0,59,0,35,118,0,153,32,0,32,185
12/30/2000,MKC,MO,ACE,CE,Combined TRACON& Tower with Radar,0,12,34,0,46,0,4,92,0,96,0,16,126,0,142,65,0,65,207
12/31/2000,MKC,MO,ACE,CE,Combined TRACON& Tower with Radar,0,8,34,0,42,0,0,30,0,30,0,8,64,0,72,28,0,28,100
01/01/2001,MKC,MO,ACE,CE,Combined TRACON& Tower with Radar,1,6,21,0,28,0,50,218,4,272,1,56,239,4,300,117,0,117,417
01/02/2001,MKC,MO,ACE,CE,Combined TRACON& Tower with Radar,0,27,93,1,121,0,39,104,1,144,0,66,197,2,265,121,0,121,386
01/03/2001,MKC,MO,ACE,CE,Combined TRACON& Tower with Radar,0,29,100,0,129,0,19,42,0,61,0,48,142,0,190,81,0,81,271
01/04/2001,MKC,MO,ACE,CE,Combined TRACON& Tower with Radar,0,25,85,0,110,0,22,69,0,91,0,47,154,0,201,127,0,127,328
01/05/2001,MKC,MO,ACE,CE,Combined TRACON& Tower with Radar,0,25,75,2,102,0,0,0,0,0,0,25,75,2,102,107,0,107,209
01/06/2001,MKC,MO,ACE,CE,Combined TRACON& Tower with Radar,0,14,46,0,60,0,2,58,0,60,0,16,104,0,120,89,0,89,209
01/07/2001,MKC,MO,ACE,CE,Combined TRACON& Tower with Radar,0,9,30,0,39,0,35,200,0,235,0,44,230,0,274,118,0,118,392
01/08/2001,MKC,MO,ACE,CE,Combined TRACON& Tower with Radar,0,29,92,3,124,0,20,135,1,156,0,49,227,4,280,109,0,109,389
01/09/2001,MKC,MO,ACE,CE,Combined TRACON& Tower with Radar,0,41,130,0,171,4,12,117,0,133,4,53,247,0,304,96,0,96,400
01/10/2001,MKC,MO,ACE,CE,Combined TRACON& Tower with Radar,0,42,130,0,172,0,4,83,0,87,0,46,213,0,259,49,0,49,308
01/11/2001,MKC,MO,ACE,CE,Combined TRACON& Tower with Radar,0,30,93,0,123,0,12,97,0,109,0,42,190,0,232,130,0,130,362
01/12/2001,MKC,MO,ACE,CE,Combined TRACON& Tower with Radar,0,25,127,2,154,0,0,82,2,84,0,25,209,4,238,217,0,217,455
01/13/2001,MKC,MO,ACE,CE,Combined TRACON& Tower with Radar,0,7,23,0,30,0,7,106,0,113,0,14,129,0,143,54,0,54,197
01/14/2001,MKC,MO,ACE,CE,Combined TRACON& Tower with Radar,0,7,20,0,27,0,39,216,8,263,0,46,236,8,290,138,0,138,428
01/15/2001,MKC,MO,ACE,CE,Combined TRACON& Tower with Radar,0,24,74,1,99,0,30,168,1,199,0,54,242,2,298,51,0,51,349
01/16/2001,MKC,MO,ACE,CE,Combined TRACON& Tower with Radar,0,21,65,0,86,0,23,238,0,261,0,44,303,0,347,144,0,144,491
01/17/2001,MKC,MO,ACE,CE,Combined TRACON& Tower with Radar,0,34,106,0,140,0,20,82,0,102,0,54,188,0,242,82,0,82,324
01/18/2001,MKC,MO,ACE,CE,Combined TRACON& Tower with Radar,0,43,135,2,180,0,14,75,1,90,0,57,210,3,270,118,0,118,388
01/19/2001,MKC,MO,ACE,CE,Combined TRACON& Tower with Radar,0,17,73,0,90,0,0,184,0,184,0,17,257,0,274,228,0,228,502
01/20/2001,MKC,MO,ACE,CE,Combined TRACON& Tower with Radar,0,14,42,0,56,0,1,52,2,55,0,15,94,2,111,47,0,47,158
01/21/2001,MKC,MO,ACE,CE,Combined TRACON& Tower with Radar,0,17,50,0,67,1,29,124,3,157,1,46,174,3,224,179,0,179,403
01/22/2001,MKC,MO,ACE,CE,Combined TRACON& Tower with Radar,0,43,136,2,181,0,16,78,11,105,0,59,214,13,286,96,0,96,382
01/23/2001,MKC,MO,ACE,CE,Combined TRACON& Tower with Radar,0,51,158,2,211,1,3,79,0,83,1,54,237,2,294,45,0,45,339
01/24/2001,MKC,MO,ACE,CE,Combined TRACON& Tower with Radar,0,52,161,2,215,0,1,22,4,27,0,53,183,6,242,47,0,47,289
01/25/2001,MKC,MO,ACE,CE,Combined TRACON& Tower with Radar,0,42,130,1,173,2,2,112,0,116,2,44,242,1,289,166,0,166,455
01/26/2001,MKC,MO,ACE,CE,Combined TRACON& Tower with Radar,0,19,108,1,128,0,0,46,0,46,0,19,154,1,174,150,0,150,324
01/27/2001,MKC,MO,ACE,CE,Combined TRACON& Tower with Radar,0,17,51,0,68,0,8,60,0,68,0,25,111,0,136,118,0,118,254
01/28/2001,MKC,MO,ACE,CE,Combined TRACON& Tower with Radar,0,3,11,0,14,1,15,130,0,146,1,18,141,0,160,178,0,178,338
01/29/2001,MKC,MO,ACE,CE,Combined TRACON& Tower with Radar,0,18,58,0,76,0,23,116,0,139,0,41,174,0,215,189,0,189,404
01/30/2001,MKC,MO,ACE,CE,Combined TRACON& Tower with Radar,0,34,105,1,140,0,19,37,1,57,0,53,142,2,197,25,0,25,222
01/31/2001,MKC,MO,ACE,CE,Combined TRACON& Tower with Radar,0,46,145,2,193,0,18,32,0,50,0,64,177,2,243,55,0,55,298
02/01/2001,MKC,MO,ACE,CE,Combined TRACON& Tower with Radar,0,54,169,2,225,0,9,86,1,96,0,63,255,3,321,66,0,66,387
02/02/2001,MKC,MO,ACE,CE,Combined TRACON& Tower with Radar,3,59,4,0,66,56,215,0,0,271,59,274,4,0,337,62,0,62,399
02/03/2001,MKC,MO,ACE,CE,Combined TRACON& Tower with Radar,0,15,47,0,62,0,0,143,2,145,0,15,190,2,207,80,0,80,287
02/04/2001,MKC,MO,ACE,CE,Combined TRACON& Tower with Radar,0,11,36,0,47,0,7,43,4,54,0,18,79,4,101,0,61,61,162
02/05/2001,MKC,MO,ACE,CE,Combined TRACON& Tower with Radar,0,30,94,0,124,0,13,123,1,137,0,43,217,1,261,86,0,86,347
02/06/2001,MKC,MO,ACE,CE,Combined TRACON& Tower with Radar,0,48,150,1,199,0,8,104,3,115,0,56,254,4,314,39,2,41,355
02/07/2001,MKC,MO,ACE,CE,Combined TRACON& Tower with Radar,0,39,121,0,160,0,8,67,2,77,0,47,188,2,237,69,0,69,306
02/08/2001,MKC,MO,ACE,CE,Combined TRACON& Tower with Radar,0,20,64,0,84,0,25,55,0,80,0,45,119,0,164,5,0,5,169
02/09/2001,MKC,MO,ACE,CE,Combined TRACON& Tower with Radar,0,16,53,0,69,0,14,10,2,26,0,30,63,2,95,7,0,7,102
02/10/2001,MKC,MO,ACE,CE,Combined TRACON& Tower with Radar,0,12,41,0,53,0,2,92,0,94,0,14,133,0,147,132,0,132,279
02/11/2001,MKC,MO,ACE,CE,Combined TRACON& Tower with Radar,0,12,41,0,53,0,0,66,2,68,0,12,107,2,121,74,0,74,195
02/12/2001,MKC,MO,ACE,CE,Combined TRACON& Tower with Radar,0,20,62,0,82,0,21,59,0,80,0,41,121,0,162,1,0,1,163
02/13/2001,MKC,MO,ACE,CE,Combined TRACON& Tower with Radar,0,20,58,0,78,0,24,46,0,70,0,44,104,0,148,0,0,0,148
02/14/2001,MKC,MO,ACE,CE,Combined TRACON& Tower with Radar,0,15,43,0,58,0,34,28,0,62,0,49,71,0,120,0,0,0,120
02/15/2001,MKC,MO,ACE,CE,Combined TRACON& Tower with Radar,0,23,69,0,92,0,18,93,0,111,0,41,162,0,203,5,0,5,208
02/16/2001,MKC,MO,ACE,CE,Combined TRACON& Tower with Radar,0,39,117,0,156,0,8,97,0,105,0,47,214,0,261,51,0,51,312
02/17/2001,MKC,MO,ACE,CE,Combined TRACON& Tower with Radar,0,13,40,0,53,0,8,122,0,130,0,21,162,0,183,127,0,127,310
02/18/2001,MKC,MO,ACE,CE,Combined TRACON& Tower with Radar,0,12,37,0,49,0,1,99,0,100,0,13,136,0,149,93,0,93,242
02/19/2001,MKC,MO,ACE,CE,Combined TRACON& Tower with Radar,0,37,111,0,148,0,9,89,0,98,0,46,200,0,246,90,4,94,340
02/20/2001,MKC,MO,ACE,CE,Combined TRACON& Tower with Radar,0,38,116,1,155,0,1,76,1,78,0,39,192,2,233,33,6,39,272
02/21/2001,MKC,MO,ACE,CE,Combined TRACON& Tower with Radar,0,41,125,0,166,0,10,42,0,52,0,51,167,0,218,28,0,28,246
02/22/2001,MKC,MO,ACE,CE,Combined TRACON& Tower with Radar,0,35,106,1,142,0,20,106,4,130,0,55,212,5,272,82,4,86,358
02/23/2001,MKC,MO,ACE,CE,Combined TRACON& Tower with Radar,0,21,61,1,83,5,29,38,3,75,5,50,99,4,158,0,0,0,158
02/24/2001,MKC,MO,ACE,CE,Combined TRACON& Tower with Radar,0,9,26,0,35,0,2,21,0,23,0,11,47,0,58,4,0,4,62
02/25/2001,MKC,MO,ACE,CE,Combined TRACON& Tower with Radar,0,10,49,0,59,1,0,106,0,107,1,10,155,0,166,30,0,30,196
02/26/2001,MKC,MO,ACE,CE,Combined TRACON& Tower with Radar,0,37,111,0,148,0,13,121,0,134,0,50,232,0,282,48,0,48,330
02/27/2001,MKC,MO,ACE,CE,Combined TRACON& Tower with Radar,0,19,57,0,76,0,17,33,0,50,0,36,90,0,126,0,0,0,126
02/28/2001,MKC,MO,ACE,CE,Combined TRACON& Tower with Radar,0,45,139,0,184,0,26,54,0,80,0,71,193,0,264,19,0,19,283
03/01/2001,MKC,MO,ACE,CE,Combined TRACON& Tower with Radar,0,24,86,1,111,0,20,35,1,56,0,44,121,2,167,18,0,18,185
03/02/2001,MKC,MO,ACE,CE,Combined TRACON& Tower with Radar,0,31,109,1,141,0,22,36,2,60,0,53,145,3,201,61,0,61,262
03/03/2001,MKC,MO,ACE,CE,Combined TRACON& Tower with Radar,0,18,63,0,81,0,1,135,0,136,0,19,198,0,217,139,0,139,356
03/04/2001,MKC,MO,ACE,CE,Combined TRACON& Tower with Radar,0,14,63,0,77,0,0,99,0,99,0,14,162,0,176,110,0,110,286
03/05/2001,MKC,MO,ACE,CE,Combined TRACON& Tower with Radar,0,33,115,0,148,0,9,111,0,120,0,42,226,0,268,58,0,58,326
03/06/2001,MKC,MO,ACE,CE,Combined TRACON& Tower with Radar,0,34,119,2,155,0,8,98,2,108,0,42,217,4,263,62,0,62,325
03/07/2001,MKC,MO,ACE,CE,Combined TRACON& Tower with Radar,0,46,160,0,206,0,21,63,0,84,0,67,223,0,290,71,0,71,361
03/08/2001,MKC,MO,ACE,CE,Combined TRACON& Tower with Radar,0,44,152,3,199,0,6,107,1,114,0,50,259,4,313,31,0,31,344
03/09/2001,MKC,MO,ACE,CE,Combined TRACON& Tower with Radar,0,44,152,2,198,0,1,132,6,139,0,45,284,8,337,135,0,135,472
03/10/2001,MKC,MO,ACE,CE,Combined TRACON& Tower with Radar,0,16,57,0,73,0,6,108,0,114,0,22,165,0,187,97,0,97,284
03/11/2001,MKC,MO,ACE,CE,Combined TRACON& Tower with Radar,0,16,66,1,83,0,0,30,1,31,0,16,96,2,114,42,0,42,156
03/12/2001,MKC,MO,ACE,CE,Combined TRACON& Tower with Radar,0,29,103,2,134,0,15,71,0,86,0,44,174,2,220,111,0,111,331
03/13/2001,MKC,MO,ACE,CE,Combined TRACON& Tower with Radar,0,35,119,2,156,0,13,67,0,80,0,48,186,2,236,48,0,48,284
03/14/2001,MKC,MO,ACE,CE,Combined TRACON& Tower with Radar,0,41,138,0,179,2,16,74,0,92,2,57,212,0,271,31,0,31,302
03/15/2001,MKC,MO,ACE,CE,Combined TRACON& Tower with Radar,0,20,67,0,87,0,28,59,0,87,0,48,126,0,174,0,0,0,174
03/16/2001,MKC,MO,ACE,CE,Combined TRACON& Tower with Radar,0,35,118,0,153,0,9,72,0,81,0,44,190,0,234,45,0,45,279
03/17/2001,MKC,MO,ACE,CE,Combined TRACON& Tower with Radar,0,17,57,1,75,0,7,148,5,160,0,24,205,6,235,218,2,220,455
03/18/2001,MKC,MO,ACE,CE,Combined TRACON& Tower with Radar,0,10,67,0,77,0,0,81,0,81,0,10,148,0,158,150,0,150,308
03/19/2001,MKC,MO,ACE,CE,Combined TRACON& Tower with Radar,0,24,81,1,106,0,15,84,1,100,0,39,165,2,206,105,0,105,311
03/20/2001,MKC,MO,ACE,CE,Combined TRACON& Tower with Radar,0,37,124,0,161,0,6,138,0,144,0,43,262,0,305,81,0,81,386
03/21/2001,MKC,MO,ACE,CE,Combined TRACON& Tower with Radar,0,37,138,1,176,0,0,110,1,111,0,37,248,2,287,77,0,77,364
03/22/2001,MKC,MO,ACE,CE,Combined TRACON& Tower with Radar,0,38,127,1,166,0,17,106,5,128,0,55,233,6,294,143,0,143,437
03/23/2001,MKC,MO,ACE,CE,Combined TRACON& Tower with Radar,0,30,101,1,132,0,8,87,10,105,0,38,188,11,237,111,0,111,348
03/24/2001,MKC,MO,ACE,CE,Combined TRACON& Tower with Radar,0,19,64,0,83,0,8,107,2,117,0,27,171,2,200,86,0,86,286
03/25/2001,MKC,MO,ACE,CE,Combined TRACON& Tower with Radar,0,12,38,0,50,0,44,91,0,135,0,56,129,0,185,83,0,83,268
03/26/2001,MKC,MO,ACE,CE,Combined TRACON& Tower with Radar,0,33,110,1,144,2,8,141,1,152,2,41,251,2,296,131,0,131,427
03/27/2001,MKC,MO,ACE,CE,Combined TRACON& Tower with Radar,0,44,148,2,194,0,11,111,2,124,0,55,259,4,318,109,0,109,427
03/28/2001,MKC,MO,ACE,CE,Combined TRACON& Tower with Radar,0,27,91,0,118,2,34,39,0,75,2,61,130,0,193,18,0,18,211
03/29/2001,MKC,MO,ACE,CE,Combined TRACON& Tower with Radar,0,40,133,1,174,0,21,64,5,90,0,61,197,6,264,153,0,153,417
03/30/2001,MKC,MO,ACE,CE,Combined TRACON& Tower with Radar,0,41,138,2,181,0,8,105,4,117,0,49,243,6,298,149,0,149,447
03/31/2001,MKC,MO,ACE,CE,Combined TRACON& Tower with Radar,0,14,56,0,70,0,0,61,0,61,0,14,117,0,131,60,0,60,191
04/01/2001,MKC,MO,ACE,CE,Combined TRACON& Tower with Radar,0,11,45,0,56,0,0,98,0,98,0,11,143,0,154,153,0,153,307
04/02/2001,MKC,MO,ACE,CE,Combined TRACON& Tower with Radar,0,28,96,0,124,0,10,49,0,59,0,38,145,0,183,71,0,71,254
04/03/2001,MKC,MO,ACE,CE,Combined TRACON& Tower with Radar,0,20,67,0,87,0,28,47,0,75,0,48,114,0,162,2,0,2,164
04/04/2001,MKC,MO,ACE,CE,Combined TRACON& Tower with Radar,1,29,97,0,127,1,23,79,0,103,2,52,176,0,230,79,0,79,309
04/05/2001,MKC,MO,ACE,CE,Combined TRACON& Tower with Radar,0,32,107,2,141,0,14,37,0,51,0,46,144,2,192,54,0,54,246
04/06/2001,MKC,MO,ACE,CE,Combined TRACON& Tower with Radar,0,37,123,2,162,0,23,30,4,57,0,60,153,6,219,122,0,122,341
04/07/2001,MKC,MO,ACE,CE,Combined TRACON& Tower with Radar,0,15,50,1,66,0,6,67,5,78,0,21,117,6,144,38,0,38,182
04/08/2001,MKC,MO,ACE,CE,Combined TRACON& Tower with Radar,0,13,63,1,77,0,0,65,4,69,0,13,128,5,146,51,0,51,197
04/09/2001,MKC,MO,ACE,CE,Combined TRACON& Tower with Radar,0,34,113,0,147,2,11,105,0,118,2,45,218,0,265,93,0,93,358
04/10/2001,MKC,MO,ACE,CE,Combined TRACON& Tower with Radar,0,29,96,0,125,0,22,49,0,71,0,51,145,0,196,7,0,7,203
04/11/2001,MKC,MO,ACE,CE,Combined TRACON& Tower with Radar,0,33,110,2,145,2,23,5,1,31,2,56,115,3,176,12,0,12,188
04/12/2001,MKC,MO,ACE,CE,Combined TRACON& Tower with Radar,0,43,143,2,188,0,10,166,3,179,0,53,309,5,367,153,0,153,520
04/13/2001,MKC,MO,ACE,CE,Combined TRACON& Tower with Radar,0,33,111,0,144,0,15,195,0,210,0,48,306,0,354,141,0,141,495
04/14/2001,MKC,MO,ACE,CE,Combined TRACON& Tower with Radar,0,15,46,0,61,0,2,155,3,160,0,17,201,3,221,140,0,140,361
04/15/2001,MKC,MO,ACE,CE,Combined TRACON& Tower with Radar,0,8,36,0,44,0,0,56,0,56,0,8,92,0,100,64,0,64,164
04/16/2001,MKC,MO,ACE,CE,Combined TRACON& Tower with Radar,0,30,94,0,124,0,18,101,0,119,0,48,195,0,243,84,0,84,327
04/17/2001,MKC,MO,ACE,CE,Combined TRACON& Tower with Radar,0,30,94,1,125,0,19,181,1,201,0,49,275,2,326,196,0,196,522
04/18/2001,MKC,MO,ACE,CE,Combined TRACON& Tower with Radar,0,48,154,1,203,0,7,153,1,161,0,55,307,2,364,192,0,192,556
04/19/2001,MKC,MO,ACE,CE,Combined TRACON& Tower with Radar,0,43,138,1,182,0,19,82,0,101,0,62,220,1,283,82,0,82,365
04/20/2001,MKC,MO,ACE,CE,Combined TRACON& Tower with Radar,0,44,140,2,186,0,1,84,6,91,0,45,224,8,277,48,0,48,325
04/21/2001,MKC,MO,ACE,CE,Combined TRACON& Tower with Radar,0,12,37,0,49,1,17,78,1,97,1,29,115,1,146,189,0,189,335
04/22/2001,MKC,MO,ACE,CE,Combined TRACON& Tower with Radar,0,14,47,0,61,0,4,1,1,6,0,18,48,1,67,26,0,26,93
04/23/2001,MKC,MO,ACE,CE,Combined TRACON& Tower with Radar,0,34,107,1,142,2,8,31,1,42,2,42,138,2,184,74,0,74,258
04/24/2001,MKC,MO,ACE,CE,Combined TRACON& Tower with Radar,0,42,134,2,178,0,6,186,0,192,0,48,320,2,370,216,0,216,586
04/25/2001,MKC,MO,ACE,CE,Combined TRACON& Tower with Radar,0,45,145,1,191,2,7,159,2,170,2,52,304,3,361,153,0,153,514
04/26/2001,MKC,MO,ACE,CE,Combined TRACON& Tower with Radar,0,41,131,1,173,0,12,164,0,176,0,53,295,1,349,183,0,183,532
04/27/2001,MKC,MO,ACE,CE,Combined TRACON& Tower with Radar,0,33,105,1,139,0,26,169,2,197,0,59,274,3,336,172,0,172,508
04/28/2001,MKC,MO,ACE,CE,Combined TRACON& Tower with Radar,0,8,52,0,60,0,0,156,2,158,0,8,208,2,218,179,0,179,397
04/29/2001,MKC,MO,ACE,CE,Combined TRACON& Tower with Radar,0,12,37,0,49,0,0,112,0,112,0,12,149,0,161,121,0,121,282
04/30/2001,MKC,MO,ACE,CE,Combined TRACON& Tower with Radar,0,36,116,0,152,1,10,77,0,88,1,46,193,0,240,94,0,94,334
05/01/2001,MKC,MO,ACE,CE,Combined TRACON& Tower with Radar,1,41,122,2,166,0,15,117,2,134,1,56,239,4,300,117,0,117,417
05/02/2001,MKC,MO,ACE,CE,Combined TRACON& Tower with Radar,0,46,135,1,182,0,20,62,1,83,0,66,197,2,265,121,0,121,386
05/03/2001,MKC,MO,ACE,CE,Combined TRACON& Tower with Radar,0,35,105,0,140,0,13,37,0,50,0,48,142,0,190,81,0,81,271
05/04/2001,MKC,MO,ACE,CE,Combined TRACON& Tower with Radar,0,32,97,0,129,0,15,57,0,72,0,47,154,0,201,127,0,127,328
05/05/2001,MKC,MO,ACE,CE,Combined TRACON& Tower with Radar,0,13,39,0,52,0,12,36,2,50,0,25,75,2,102,107,0,107,209
05/06/2001,MKC,MO,ACE,CE,Combined TRACON& Tower with Radar,0,15,48,0,63,0,1,56,0,57,0,16,104,0,120,89,0,89,209
05/07/2001,MKC,MO,ACE,CE,Combined TRACON& Tower with Radar,0,35,105,0,140,0,9,125,0,134,0,44,230,0,274,118,0,118,392
05/08/2001,MKC,MO,ACE,CE,Combined TRACON& Tower with Radar,0,40,120,3,163,0,9,107,1,117,0,49,227,4,280,109,0,109,389
05/09/2001,MKC,MO,ACE,CE,Combined TRACON& Tower with Radar,0,39,117,0,156,4,14,130,0,148,4,53,247,0,304,96,0,96,400
05/10/2001,MKC,MO,ACE,CE,Combined TRACON& Tower with Radar,0,40,120,0,160,0,6,93,0,99,0,46,213,0,259,49,0,49,308
05/11/2001,MKC,MO,ACE,CE,Combined TRACON& Tower with Radar,0,30,91,0,121,0,12,99,0,111,0,42,190,0,232,130,0,130,362
05/12/2001,MKC,MO,ACE,CE,Combined TRACON& Tower with Radar,0,13,41,1,55,0,12,168,3,183,0,25,209,4,238,217,0,217,455
05/13/2001,MKC,MO,ACE,CE,Combined TRACON& Tower with Radar,0,14,47,0,61,0,0,82,0,82,0,14,129,0,143,54,0,54,197
05/14/2001,MKC,MO,ACE,CE,Combined TRACON& Tower with Radar,0,45,130,1,176,0,1,106,7,114,0,46,236,8,290,138,0,138,428
05/15/2001,MKC,MO,ACE,CE,Combined TRACON& Tower with Radar,0,44,127,1,172,0,10,115,1,126,0,54,242,2,298,51,0,51,349
05/16/2001,MKC,MO,ACE,CE,Combined TRACON& Tower with Radar,0,44,151,0,195,0,0,152,0,152,0,44,303,0,347,144,0,144,491
05/17/2001,MKC,MO,ACE,CE,Combined TRACON& Tower with Radar,0,45,129,0,174,0,9,59,0,68,0,54,188,0,242,82,0,82,324
05/18/2001,MKC,MO,ACE,CE,Combined TRACON& Tower with Radar,0,38,108,1,147,0,19,102,2,123,0,57,210,3,270,118,0,118,388
05/19/2001,MKC,MO,ACE,CE,Combined TRACON& Tower with Radar,0,17,64,0,81,0,0,193,0,193,0,17,257,0,274,228,0,228,502
05/20/2001,MKC,MO,ACE,CE,Combined TRACON& Tower with Radar,0,15,50,0,65,0,0,44,2,46,0,15,94,2,111,47,0,47,158
05/21/2001,MKC,MO,ACE,CE,Combined TRACON& Tower with Radar,0,38,109,1,148,1,8,65,2,76,1,46,174,3,224,179,0,179,403
05/22/2001,MKC,MO,ACE,CE,Combined TRACON& Tower with Radar,0,49,142,2,193,0,10,72,11,93,0,59,214,13,286,96,0,96,382
05/23/2001,MKC,MO,ACE,CE,Combined TRACON& Tower with Radar,0,44,126,1,171,1,10,111,1,123,1,54,237,2,294,45,0,45,339
05/24/2001,MKC,MO,ACE,CE,Combined TRACON& Tower with Radar,0,42,120,1,163,0,11,63,5,79,0,53,183,6,242,47,0,47,289
05/25/2001,MKC,MO,ACE,CE,Combined TRACON& Tower with Radar,0,41,119,1,161,2,3,123,0,128,2,44,242,1,289,166,0,166,455
05/26/2001,MKC,MO,ACE,CE,Combined TRACON& Tower with Radar,0,12,33,0,45,0,7,121,1,129,0,19,154,1,174,150,0,150,324
05/27/2001,MKC,MO,ACE,CE,Combined TRACON& Tower with Radar,0,8,23,0,31,0,17,88,0,105,0,25,111,0,136,118,0,118,254
05/28/2001,MKC,MO,ACE,CE,Combined TRACON& Tower with Radar,0,14,41,0,55,1,4,100,0,105,1,18,141,0,160,178,0,178,338
05/29/2001,MKC,MO,ACE,CE,Combined TRACON& Tower with Radar,0,34,98,0,132,0,7,76,0,83,0,41,174,0,215,189,0,189,404
05/30/2001,MKC,MO,ACE,CE,Combined TRACON& Tower with Radar,0,33,97,1,131,0,20,45,1,66,0,53,142,2,197,25,0,25,222
05/31/2001,MKC,MO,ACE,CE,Combined TRACON& Tower with Radar,0,54,156,1,211,0,10,21,1,32,0,64,177,2,243,55,0,55,298
06/01/2001,MKC,MO,ACE,CE,Combined TRACON& Tower with Radar,0,39,110,1,150,0,4,120,1,125,0,43,230,2,275,131,0,131,406
06/02/2001,MKC,MO,ACE,CE,Combined TRACON& Tower with Radar,0,17,72,0,89,0,0,157,0,157,0,17,229,0,246,84,0,84,330
06/03/2001,MKC,MO,ACE,CE,Combined TRACON& Tower with Radar,0,14,48,0,62,0,0,27,2,29,0,14,75,2,91,31,0,31,122
06/04/2001,MKC,MO,ACE,CE,Combined TRACON& Tower with Radar,1,24,68,0,93,1,15,60,0,76,2,39,128,0,169,31,0,31,200
06/05/2001,MKC,MO,ACE,CE,Combined TRACON& Tower with Radar,1,41,118,1,161,0,0,64,0,64,1,41,182,1,225,81,0,81,306
06/06/2001,MKC,MO,ACE,CE,Combined TRACON& Tower with Radar,0,42,118,0,160,0,2,81,0,83,0,44,199,0,243,119,0,119,362
06/07/2001,MKC,MO,ACE,CE,Combined TRACON& Tower with Radar,1,44,125,0,170,1,13,115,0,129,2,57,240,0,299,126,0,126,425
06/08/2001,MKC,MO,ACE,CE,Combined TRACON& Tower with Radar,0,38,108,3,149,1,5,149,0,155,1,43,257,3,304,133,0,133,437
06/09/2001,MKC,MO,ACE,CE,Combined TRACON& Tower with Radar,0,0,31,1,32,0,0,0,178,178,0,0,31,179,210,130,0,130,340
06/10/2001,MKC,MO,ACE,CE,Combined TRACON& Tower with Radar,0,17,51,1,69,2,3,76,2,83,2,20,127,3,152,111,0,111,263
06/11/2001,MKC,MO,ACE,CE,Combined TRACON& Tower with Radar,0,41,116,1,158,0,15,120,0,135,0,56,236,1,293,59,0,59,352
06/12/2001,MKC,MO,ACE,CE,Combined TRACON& Tower with Radar,0,48,136,0,184,0,13,121,0,134,0,61,257,0,318,82,0,82,400
06/13/2001,MKC,MO,ACE,CE,Combined TRACON& Tower with Radar,0,51,143,1,195,0,11,94,0,105,0,62,237,1,300,113,0,113,413
06/14/2001,MKC,MO,ACE,CE,Combined TRACON& Tower with Radar,0,33,91,0,124,0,21,38,0,59,0,54,129,0,183,82,0,82,265
06/15/2001,MKC,MO,ACE,CE,Combined TRACON& Tower with Radar,0,36,102,0,138,0,11,179,0,190,0,47,281,0,328,105,0,105,433
06/16/2001,MKC,MO,ACE,CE,Combined TRACON& Tower with Radar,0,8,24,0,32,0,2,151,0,153,0,10,175,0,185,113,0,113,298
06/17/2001,MKC,MO,ACE,CE,Combined TRACON& Tower with Radar,0,8,34,0,42,0,0,114,4,118,0,8,148,4,160,84,0,84,244
06/18/2001,MKC,MO,ACE,CE,Combined TRACON& Tower with Radar,0,34,97,0,131,0,0,81,0,81,0,34,178,0,212,62,0,62,274
06/19/2001,MKC,MO,ACE,CE,Combined TRACON& Tower with Radar,0,43,118,0,161,0,8,55,0,63,0,51,173,0,224,45,0,45,269
06/20/2001,MKC,MO,ACE,CE,Combined TRACON& Tower with Radar,0,53,145,2,200,0,13,60,4,77,0,66,205,6,277,94,0,94,371
06/21/2001,MKC,MO,ACE,CE,Combined TRACON& Tower with Radar,0,52,144,2,198,0,24,121,0,145,0,76,265,2,343,158,0,158,501
06/22/2001,MKC,MO,ACE,CE,Combined TRACON& Tower with Radar,0,42,115,1,158,0,7,175,1,183,0,49,290,2,341,159,0,159,500
06/23/2001,MKC,MO,ACE,CE,Combined TRACON& Tower with Radar,0,15,45,0,60,0,0,144,0,144,0,15,189,0,204,85,0,85,289
06/24/2001,MKC,MO,ACE,CE,Combined TRACON& Tower with Radar,0,17,45,0,62,0,0,144,4,148,0,17,189,4,210,166,0,166,376
06/25/2001,MKC,MO,ACE,CE,Combined TRACON& Tower with Radar,0,42,115,2,159,0,1,94,9,104,0,43,209,11,263,153,0,153,416
06/26/2001,MKC,MO,ACE,CE,Combined TRACON& Tower with Radar,0,46,139,2,187,0,0,107,2,109,0,46,246,4,296,132,0,132,428
06/27/2001,MKC,MO,ACE,CE,Combined TRACON& Tower with Radar,0,51,139,2,192,0,2,116,3,121,0,53,255,5,313,183,0,183,496
06/28/2001,MKC,MO,ACE,CE,Combined TRACON& Tower with Radar,0,47,130,2,179,0,10,122,4,136,0,57,252,6,315,148,0,148,463
06/29/2001,MKC,MO,ACE,CE,Combined TRACON& Tower with Radar,0,41,112,1,154,0,4,114,1,119,0,45,226,2,273,94,0,94,367
06/30/2001,MKC,MO,ACE,CE,Combined TRACON& Tower with Radar,0,15,40,0,55,0,0,133,2,135,0,15,173,2,190,0,176,176,366
07/01/2001,MKC,MO,ACE,CE,Combined TRACON& Tower with Radar,0,15,50,0,65,0,0,74,0,74,0,15,124,0,139,123,0,123,262
07/02/2001,MKC,MO,ACE,CE,Combined TRACON& Tower with Radar,0,34,108,1,143,0,2,85,2,89,0,36,193,3,232,138,0,138,370
07/03/2001,MKC,MO,ACE,CE,Combined TRACON& Tower with Radar,0,26,84,1,111,0,18,111,12,141,0,44,195,13,252,247,0,247,499
07/04/2001,MKC,MO,ACE,CE,Combined TRACON& Tower with Radar,0,5,21,0,26,0,12,78,0,90,0,17,99,0,116,63,0,63,179
07/05/2001,MKC,MO,ACE,CE,Combined TRACON& Tower with Radar,0,32,101,0,133,0,6,120,0,126,0,38,221,0,259,96,0,96,355
07/06/2001,MKC,MO,ACE,CE,Combined TRACON& Tower with Radar,0,29,94,2,125,0,15,93,4,112,0,44,187,6,237,148,0,148,385
07/07/2001,MKC,MO,ACE,CE,Combined TRACON& Tower with Radar,0,11,36,0,47,0,9,102,0,111,0,20,138,0,158,105,0,105,263
07/08/2001,MKC,MO,ACE,CE,Combined TRACON& Tower with Radar,0,12,46,1,59,0,0,116,3,119,0,12,162,4,178,114,0,114,292
07/09/2001,MKC,MO,ACE,CE,Combined TRACON& Tower with Radar,0,34,109,0,143,0,7,131,0,138,0,41,240,0,281,188,0,188,469
07/10/2001,MKC,MO,ACE,CE,Combined TRACON& Tower with Radar,0,44,140,2,186,0,12,89,0,101,0,56,229,2,287,101,0,101,388
07/11/2001,MKC,MO,ACE,CE,Combined TRACON& Tower with Radar,0,37,119,1,157,0,15,135,0,150,0,52,254,1,307,90,0,90,397
07/12/2001,MKC,MO,ACE,CE,Combined TRACON& Tower with Radar,0,49,156,2,207,0,12,4,0,16,0,61,160,2,223,54,0,54,277
07/13/2001,MKC,MO,ACE,CE,Combined TRACON& Tower with Radar,0,34,110,2,146,0,14,173,0,187,0,48,283,2,333,204,0,204,537
07/14/2001,MKC,MO,ACE,CE,Combined TRACON& Tower with Radar,0,14,47,1,62,0,0,134,0,134,0,14,181,1,196,245,0,245,441
07/15/2001,MKC,MO,ACE,CE,Combined TRACON& Tower with Radar,0,17,57,1,75,0,7,119,3,129,0,24,176,4,204,137,0,137,341
07/16/2001,MKC,MO,ACE,CE,Combined TRACON& Tower with Radar,0,33,100,1,134,0,3,97,1,101,0,36,197,2,235,158,0,158,393
07/17/2001,MKC,MO,ACE,CE,Combined TRACON& Tower with Radar,0,41,128,0,169,1,10,115,0,126,1,51,243,0,295,121,0,121,416
07/18/2001,MKC,MO,ACE,CE,Combined TRACON& Tower with Radar,0,46,142,2,190,0,12,130,2,144,0,58,272,4,334,126,0,126,460
07/19/2001,MKC,MO,ACE,CE,Combined TRACON& Tower with Radar,0,45,142,0,187,1,0,114,0,115,1,45,256,0,302,169,0,169,471
07/20/2001,MKC,MO,ACE,CE,Combined TRACON& Tower with Radar,0,47,145,1,193,2,0,124,5,131,2,47,269,6,324,113,0,113,437
07/21/2001,MKC,MO,ACE,CE,Combined TRACON& Tower with Radar,0,14,42,0,56,0,15,96,2,113,0,29,138,2,169,97,0,97,266
07/22/2001,MKC,MO,ACE,CE,Combined TRACON& Tower with Radar,0,14,63,0,77,1,0,116,2,119,1,14,179,2,196,162,0,162,358
07/23/2001,MKC,MO,ACE,CE,Combined TRACON& Tower with Radar,0,35,107,1,143,1,16,107,1,125,1,51,214,2,268,106,0,106,374
07/24/2001,MKC,MO,ACE,CE,Combined TRACON& Tower with Radar,0,48,148,2,198,0,8,128,0,136,0,56,276,2,334,92,0,92,426
07/25/2001,MKC,MO,ACE,CE,Combined TRACON& Tower with Radar,0,41,127,1,169,0,7,73,2,82,0,48,200,3,251,102,0,102,353
07/26/2001,MKC,MO,ACE,CE,Combined TRACON& Tower with Radar,0,36,136,1,173,0,0,62,0,62,0,36,198,1,235,23,0,23,258
07/27/2001,MKC,MO,ACE,CE,Combined TRACON& Tower with Radar,0,35,109,0,144,0,2,76,0,78,0,37,185,0,222,66,0,66,288
07/28/2001,MKC,MO,ACE,CE,Combined TRACON& Tower with Radar,0,18,53,0,71,2,7,86,2,97,2,25,139,2,168,81,0,81,249
07/29/2001,MKC,MO,ACE,CE,Combined TRACON& Tower with Radar,0,21,66,0,87,0,0,82,0,82,0,21,148,0,169,117,0,117,286
07/30/2001,MKC,MO,ACE,CE,Combined TRACON& Tower with Radar,0,34,104,2,140,0,10,105,2,117,0,44,209,4,257,87,0,87,344
07/31/2001,MKC,MO,ACE,CE,Combined TRACON& Tower with Radar,0,39,120,1,160,0,7,89,4,100,0,46,209,5,260,126,0,126,386
08/01/2001,MKC,MO,ACE,CE,Combined TRACON& Tower with Radar,0,48,138,2,188,0,0,118,0,118,0,48,256,2,306,94,0,94,400
08/02/2001,MKC,MO,ACE,CE,Combined TRACON& Tower with Radar,0,38,105,1,144,0,17,114,0,131,0,55,219,1,275,147,0,147,422
08/03/2001,MKC,MO,ACE,CE,Combined TRACON& Tower with Radar,0,36,100,3,139,0,2,85,0,87,0,38,185,3,226,82,0,82,308
08/04/2001,MKC,MO,ACE,CE,Combined TRACON& Tower with Radar,0,11,39,0,50,0,0,112,0,112,0,11,151,0,162,160,0,160,322
08/05/2001,MKC,MO,ACE,CE,Combined TRACON& Tower with Radar,0,14,43,1,58,0,6,67,1,74,0,20,110,2,132,58,0,58,190
08/06/2001,MKC,MO,ACE,CE,Combined TRACON& Tower with Radar,0,34,96,2,132,0,11,82,0,93,0,45,178,2,225,70,0,70,295
08/07/2001,MKC,MO,ACE,CE,Combined TRACON& Tower with Radar,0,43,120,0,163,0,7,82,0,89,0,50,202,0,252,159,0,159,411
08/08/2001,MKC,MO,ACE,CE,Combined TRACON& Tower with Radar,0,48,135,3,186,0,0,134,1,135,0,48,269,4,321,211,0,211,532
08/09/2001,MKC,MO,ACE,CE,Combined TRACON& Tower with Radar,0,44,131,0,175,1,0,90,0,91,1,44,221,0,266,130,0,130,396
08/10/2001,MKC,MO,ACE,CE,Combined TRACON& Tower with Radar,0,37,104,2,143,2,4,104,0,110,2,41,208,2,253,75,0,75,328
08/11/2001,MKC,MO,ACE,CE,Combined TRACON& Tower with Radar,0,12,41,2,55,0,0,157,4,161,0,12,198,6,216,130,0,130,346
08/12/2001,MKC,MO,ACE,CE,Combined TRACON& Tower with Radar,0,9,53,0,62,0,0,111,0,111,0,9,164,0,173,118,0,118,291
08/13/2001,MKC,MO,ACE,CE,Combined TRACON& Tower with Radar,0,40,107,3,150,0,8,117,1,126,0,48,224,4,276,146,0,146,422
08/14/2001,MKC,MO,ACE,CE,Combined TRACON& Tower with Radar,0,41,109,0,150,0,13,147,0,160,0,54,256,0,310,107,0,107,417
08/15/2001,MKC,MO,ACE,CE,Combined TRACON& Tower with Radar,0,46,139,3,188,0,0,103,5,108,0,46,242,8,296,57,0,57,353
08/16/2001,MKC,MO,ACE,CE,Combined TRACON& Tower with Radar,0,41,112,3,156,0,6,77,13,96,0,47,189,16,252,106,0,106,358
08/17/2001,MKC,MO,ACE,CE,Combined TRACON& Tower with Radar,0,32,86,2,120,1,6,34,12,53,1,38,120,14,173,66,0,66,239
08/18/2001,MKC,MO,ACE,CE,Combined TRACON& Tower with Radar,0,10,30,0,40,0,0,68,5,73,0,10,98,5,113,32,0,32,145
08/19/2001,MKC,MO,ACE,CE,Combined TRACON& Tower with Radar,0,11,31,0,42,2,4,108,11,125,2,15,139,11,167,41,0,41,208
08/20/2001,MKC,MO,ACE,CE,Combined TRACON& Tower with Radar,0,42,118,3,163,0,0,110,5,115,0,42,228,8,278,68,2,70,348
08/21/2001,MKC,MO,ACE,CE,Combined TRACON& Tower with Radar,0,58,157,1,216,0,9,99,0,108,0,67,256,1,324,38,0,38,362
08/22/2001,MKC,MO,ACE,CE,Combined TRACON& Tower with Radar,0,51,138,3,192,1,10,77,9,97,1,61,215,12,289,35,0,35,324
08/23/2001,MKC,MO,ACE,CE,Combined TRACON& Tower with Radar,0,46,135,2,183,3,0,86,0,89,3,46,221,2,272,124,0,124,396
08/24/2001,MKC,MO,ACE,CE,Combined TRACON& Tower with Radar,0,36,100,1,137,1,0,77,0,78,1,36,177,1,215,173,0,173,388
08/25/2001,MKC,MO,ACE,CE,Combined TRACON& Tower with Radar,0,16,44,1,61,0,0,513,1,514,0,16,557,2,575,54,0,54,629
08/26/2001,MKC,MO,ACE,CE,Combined TRACON& Tower with Radar,0,15,42,1,58,1,4,128,0,133,1,19,170,1,191,194,0,194,385
08/27/2001,MKC,MO,ACE,CE,Combined TRACON& Tower with Radar,0,41,111,3,155,0,4,121,0,125,0,45,232,3,280,102,0,102,382
08/28/2001,MKC,MO,ACE,CE,Combined TRACON& Tower with Radar,0,46,124,1,171,0,14,122,0,136,0,60,246,1,307,96,2,98,405
08/29/2001,MKC,MO,ACE,CE,Combined TRACON& Tower with Radar,0,50,135,2,187,0,1,110,0,111,0,51,245,2,298,93,0,93,391
08/30/2001,MKC,MO,ACE,CE,Combined TRACON& Tower with Radar,0,42,116,0,158,0,15,57,0,72,0,57,173,0,230,35,0,35,265
08/31/2001,MKC,MO,ACE,CE,Combined TRACON& Tower with Radar,0,40,108,1,149,1,7,108,0,116,1,47,216,1,265,155,0,155,420
09/01/2001,MKC,MO,ACE,CE,Combined TRACON& Tower with Radar,1,14,32,0,47,0,37,117,0,154,1,51,149,0,201,56,0,56,257
09/02/2001,MKC,MO,ACE,CE,Combined TRACON& Tower with Radar,0,12,27,0,39,0,91,159,2,252,0,103,186,2,291,54,0,54,345
09/03/2001,MKC,MO,ACE,CE,Combined TRACON& Tower with Radar,0,22,48,0,70,0,74,147,2,223,0,96,195,2,293,109,0,109,402
09/04/2001,MKC,MO,ACE,CE,Combined TRACON& Tower with Radar,1,43,90,0,134,1,32,55,0,88,2,75,145,0,222,5,0,5,227
09/05/2001,MKC,MO,ACE,CE,Combined TRACON& Tower with Radar,0,60,125,0,185,0,23,18,0,41,0,83,143,0,226,77,0,77,303
09/06/2001,MKC,MO,ACE,CE,Combined TRACON& Tower with Radar,1,50,124,0,175,0,0,0,0,0,1,50,124,0,175,75,0,75,250
09/07/2001,MKC,MO,ACE,CE,Combined TRACON& Tower with Radar,0,15,99,0,114,0,0,11,0,11,0,15,110,0,125,65,0,65,190
09/08/2001,MKC,MO,ACE,CE,Combined TRACON& Tower with Radar,0,26,56,0,82,0,17,88,0,105,0,43,144,0,187,53,0,53,240
09/09/2001,MKC,MO,ACE,CE,Combined TRACON& Tower with Radar,0,38,79,0,117,0,33,55,0,88,0,71,134,0,205,42,0,42,247
09/10/2001,MKC,MO,ACE,CE,Combined TRACON& Tower with Radar,0,45,91,1,137,0,38,83,3,124,0,83,174,4,261,56,0,56,317
09/11/2001,MKC,MO,ACE,CE,Combined TRACON& Tower with Radar,0,15,32,1,48,0,69,173,2,244,0,84,205,3,292,75,0,75,367
09/12/2001,MKC,MO,ACE,CE,Combined TRACON& Tower with Radar,0,4,9,1,14,0,65,166,3,234,0,69,175,4,248,127,0,127,375
09/13/2001,MKC,MO,ACE,CE,Combined TRACON& Tower with Radar,0,22,44,0,66,0,2,44,0,46,0,24,88,0,112,83,0,83,195
09/14/2001,MKC,MO,ACE,CE,Combined TRACON& Tower with Radar,0,21,92,1,114,0,0,40,3,43,0,21,132,4,157,24,0,24,181
09/15/2001,MKC,MO,ACE,CE,Combined TRACON& Tower with Radar,0,26,54,0,80,0,25,45,0,70,0,51,99,0,150,6,0,6,156
09/16/2001,MKC,MO,ACE,CE,Combined TRACON& Tower with Radar,0,23,48,1,72,0,44,170,4,218,0,67,218,5,290,99,0,99,389
09/17/2001,MKC,MO,ACE,CE,Combined TRACON& Tower with Radar,0,24,49,0,73,2,48,172,11,233,2,72,221,11,306,151,4,155,461
09/18/2001,MKC,MO,ACE,CE,Combined TRACON& Tower with Radar,0,35,71,0,106,1,36,144,3,184,1,71,215,3,290,72,0,72,362
09/19/2001,MKC,MO,ACE,CE,Combined TRACON& Tower with Radar,0,77,190,1,268,5,0,8,0,13,5,77,198,1,281,92,0,92,373
09/20/2001,MKC,MO,ACE,CE,Combined TRACON& Tower with Radar,0,33,161,0,194,0,0,0,0,0,0,33,161,0,194,151,0,151,345
09/21/2001,MKC,MO,ACE,CE,Combined TRACON& Tower with Radar,0,21,117,1,139,0,0,0,1,1,0,21,117,2,140,58,0,58,198
09/22/2001,MKC,MO,ACE,CE,Combined TRACON& Tower with Radar,0,35,71,0,106,0,40,83,2,125,0,75,154,2,231,37,0,37,268
09/23/2001,MKC,MO,ACE,CE,Combined TRACON& Tower with Radar,0,30,61,0,91,0,48,118,5,171,0,78,179,5,262,133,0,133,395
09/24/2001,MKC,MO,ACE,CE,Combined TRACON& Tower with Radar,0,66,137,0,203,0,0,32,5,37,0,66,169,5,240,22,0,22,262
09/25/2001,MKC,MO,ACE,CE,Combined TRACON& Tower with Radar,0,78,160,1,239,0,12,2,3,17,0,90,162,4,256,16,0,16,272
09/26/2001,MKC,MO,ACE,CE,Combined TRACON& Tower with Radar,0,65,186,2,253,0,0,13,5,18,0,65,199,7,271,136,0,136,407
09/27/2001,MKC,MO,ACE,CE,Combined TRACON& Tower with Radar,0,21,146,1,168,0,0,80,1,81,0,21,226,2,249,156,0,156,405
09/28/2001,MKC,MO,ACE,CE,Combined TRACON& Tower with Radar,0,13,92,2,107,0,0,0,2,2,0,13,92,4,109,76,2,78,187
09/29/2001,MKC,MO,ACE,CE,Combined TRACON& Tower with Radar,0,41,85,0,126,0,10,76,14,100,0,51,161,14,226,64,0,64,290
09/30/2001,MKC,MO,ACE,CE,Combined TRACON& Tower with Radar,0,59,121,0,180,0,32,70,0,102,0,91,191,0,282,80,0,80,362
10/01/2001,MKC,MO,ACE,CE,Combined TRACON& Tower with Radar,1,51,108,0,160,0,0,41,0,41,1,51,149,0,201,56,0,56,257
10/02/2001,MKC,MO,ACE,CE,Combined TRACON& Tower with Radar,0,75,152,2,229,0,28,34,0,62,0,103,186,2,291,54,0,54,345
10/03/2001,MKC,MO,ACE,CE,Combined TRACON& Tower with Radar,0,84,169,2,255,0,12,26,0,38,0,96,195,2,293,109,0,109,402
10/04/2001,MKC,MO,ACE,CE,Combined TRACON& Tower with Radar,2,60,122,0,184,0,15,23,0,38,2,75,145,0,222,5,0,5,227
10/05/2001,MKC,MO,ACE,CE,Combined TRACON& Tower with Radar,0,62,126,0,188,0,21,17,0,38,0,83,143,0,226,77,0,77,303
10/06/2001,MKC,MO,ACE,CE,Combined TRACON& Tower with Radar,1,43,89,0,133,0,7,35,0,42,1,50,124,0,175,75,0,75,250
10/07/2001,MKC,MO,ACE,CE,Combined TRACON& Tower with Radar,0,15,58,0,73,0,0,52,0,52,0,15,110,0,125,65,0,65,190
10/08/2001,MKC,MO,ACE,CE,Combined TRACON& Tower with Radar,0,43,97,0,140,0,0,47,0,47,0,43,144,0,187,53,0,53,240
10/09/2001,MKC,MO,ACE,CE,Combined TRACON& Tower with Radar,0,55,111,0,166,0,16,23,0,39,0,71,134,0,205,42,0,42,247
10/10/2001,MKC,MO,ACE,CE,Combined TRACON& Tower with Radar,0,69,139,2,210,0,14,35,2,51,0,83,174,4,261,56,0,56,317
10/11/2001,MKC,MO,ACE,CE,Combined TRACON& Tower with Radar,0,70,142,2,214,0,14,63,1,78,0,84,205,3,292,75,0,75,367
10/12/2001,MKC,MO,ACE,CE,Combined TRACON& Tower with Radar,0,49,100,2,151,0,20,75,2,97,0,69,175,4,248,127,0,127,375
10/13/2001,MKC,MO,ACE,CE,Combined TRACON& Tower with Radar,0,24,60,0,84,0,0,28,0,28,0,24,88,0,112,83,0,83,195
10/14/2001,MKC,MO,ACE,CE,Combined TRACON& Tower with Radar,0,21,83,1,105,0,0,49,3,52,0,21,132,4,157,24,0,24,181
10/15/2001,MKC,MO,ACE,CE,Combined TRACON& Tower with Radar,0,38,73,0,111,0,13,26,0,39,0,51,99,0,150,6,0,6,156
10/16/2001,MKC,MO,ACE,CE,Combined TRACON& Tower with Radar,0,67,136,2,205,0,0,82,3,85,0,67,218,5,290,99,0,99,389
10/17/2001,MKC,MO,ACE,CE,Combined TRACON& Tower with Radar,2,72,149,2,225,0,0,72,9,81,2,72,221,11,306,151,4,155,461
10/18/2001,MKC,MO,ACE,CE,Combined TRACON& Tower with Radar,1,64,127,1,193,0,7,88,2,97,1,71,215,3,290,72,0,72,362
10/19/2001,MKC,MO,ACE,CE,Combined TRACON& Tower with Radar,4,76,151,1,232,1,1,47,0,49,5,77,198,1,281,92,0,92,373
10/20/2001,MKC,MO,ACE,CE,Combined TRACON& Tower with Radar,0,31,60,0,91,0,2,101,0,103,0,33,161,0,194,151,0,151,345
10/21/2001,MKC,MO,ACE,CE,Combined TRACON& Tower with Radar,0,21,52,0,73,0,0,65,2,67,0,21,117,2,140,58,0,58,198
10/22/2001,MKC,MO,ACE,CE,Combined TRACON& Tower with Radar,0,57,113,1,171,0,18,41,1,60,0,75,154,2,231,37,0,37,268
10/23/2001,MKC,MO,ACE,CE,Combined TRACON& Tower with Radar,0,56,110,1,167,0,22,69,4,95,0,78,179,5,262,133,0,133,395
10/24/2001,MKC,MO,ACE,CE,Combined TRACON& Tower with Radar,0,59,117,1,177,0,7,52,4,63,0,66,169,5,240,22,0,22,262
10/25/2001,MKC,MO,ACE,CE,Combined TRACON& Tower with Radar,0,66,131,1,198,0,24,31,3,58,0,90,162,4,256,16,0,16,272
10/26/2001,MKC,MO,ACE,CE,Combined TRACON& Tower with Radar,0,59,116,1,176,0,6,83,6,95,0,65,199,7,271,136,0,136,407
10/27/2001,MKC,MO,ACE,CE,Combined TRACON& Tower with Radar,0,21,73,0,94,0,0,153,2,155,0,21,226,2,249,156,0,156,405
10/28/2001,MKC,MO,ACE,CE,Combined TRACON& Tower with Radar,0,13,44,0,57,0,0,48,4,52,0,13,92,4,109,76,2,78,187
10/29/2001,MKC,MO,ACE,CE,Combined TRACON& Tower with Radar,0,46,91,1,138,0,5,70,13,88,0,51,161,14,226,64,0,64,290
10/30/2001,MKC,MO,ACE,CE,Combined TRACON& Tower with Radar,0,61,120,0,181,0,30,71,0,101,0,91,191,0,282,80,0,80,362
10/31/2001,MKC,MO,ACE,CE,Combined TRACON& Tower with Radar,0,42,84,0,126,0,27,20,0,47,0,69,104,0,173,4,0,4,177
11/01/2001,MKC,MO,ACE,CE,Combined TRACON& Tower with Radar,0,66,111,0,177,0,12,84,0,96,0,78,195,0,273,76,0,76,349
11/02/2001,MKC,MO,ACE,CE,Combined TRACON& Tower with Radar,0,61,103,2,166,0,12,123,4,139,0,73,226,6,305,79,0,79,384
11/03/2001,MKC,MO,ACE,CE,Combined TRACON& Tower with Radar,0,17,35,0,52,0,0,80,0,80,0,17,115,0,132,100,0,100,232
11/04/2001,MKC,MO,ACE,CE,Combined TRACON& Tower with Radar,0,20,40,0,60,0,0,47,2,49,0,20,87,2,109,23,0,23,132
11/05/2001,MKC,MO,ACE,CE,Combined TRACON& Tower with Radar,0,49,83,0,132,0,18,76,0,94,0,67,159,0,226,73,0,73,299
11/06/2001,MKC,MO,ACE,CE,Combined TRACON& Tower with Radar,0,66,110,2,178,0,11,91,6,108,0,77,201,8,286,90,0,90,376
11/07/2001,MKC,MO,ACE,CE,Combined TRACON& Tower with Radar,0,77,129,3,209,0,24,103,0,127,0,101,232,3,336,82,0,82,418
11/08/2001,MKC,MO,ACE,CE,Combined TRACON& Tower with Radar,0,74,124,4,202,0,9,49,6,64,0,83,173,10,266,117,0,117,383
11/09/2001,MKC,MO,ACE,CE,Combined TRACON& Tower with Radar,0,59,100,2,161,0,7,113,0,120,0,66,213,2,281,83,0,83,364
11/10/2001,MKC,MO,ACE,CE,Combined TRACON& Tower with Radar,0,28,47,2,77,0,20,106,1,127,0,48,153,3,204,83,0,83,287
11/11/2001,MKC,MO,ACE,CE,Combined TRACON& Tower with Radar,0,14,49,2,65,0,0,124,0,124,0,14,173,2,189,91,0,91,280
11/12/2001,MKC,MO,ACE,CE,Combined TRACON& Tower with Radar,0,40,65,2,107,0,44,140,1,185,0,84,205,3,292,75,0,75,367
11/13/2001,MKC,MO,ACE,CE,Combined TRACON& Tower with Radar,0,69,123,3,195,0,0,52,1,53,0,69,175,4,248,127,0,127,375
11/14/2001,MKC,MO,ACE,CE,Combined TRACON& Tower with Radar,0,87,143,4,234,2,11,76,1,90,2,98,219,5,324,98,0,98,422
11/15/2001,MKC,MO,ACE,CE,Combined TRACON& Tower with Radar,0,81,134,3,218,0,12,77,0,89,0,93,211,3,307,110,0,110,417
11/16/2001,MKC,MO,ACE,CE,Combined TRACON& Tower with Radar,0,22,35,0,57,0,55,175,2,232,0,77,210,2,289,91,0,91,380
11/17/2001,MKC,MO,ACE,CE,Combined TRACON& Tower with Radar,0,36,103,2,141,0,0,67,0,67,0,36,170,2,208,140,0,140,348
11/18/2001,MKC,MO,ACE,CE,Combined TRACON& Tower with Radar,0,28,54,1,83,0,0,44,1,45,0,28,98,2,128,90,0,90,218
11/19/2001,MKC,MO,ACE,CE,Combined TRACON& Tower with Radar,0,54,88,0,142,2,15,94,0,111,2,69,182,0,253,56,0,56,309
11/20/2001,MKC,MO,ACE,CE,Combined TRACON& Tower with Radar,0,77,126,0,203,1,5,120,0,126,1,82,246,0,329,72,0,72,401
11/21/2001,MKC,MO,ACE,CE,Combined TRACON& Tower with Radar,0,58,96,1,155,1,13,130,0,144,1,71,226,1,299,112,0,112,411
11/22/2001,MKC,MO,ACE,CE,Combined TRACON& Tower with Radar,0,18,30,0,48,1,15,45,0,61,1,33,75,0,109,16,0,16,125
11/23/2001,MKC,MO,ACE,CE,Combined TRACON& Tower with Radar,0,27,44,0,71,0,8,13,0,21,0,35,57,0,92,4,0,4,96
11/24/2001,MKC,MO,ACE,CE,Combined TRACON& Tower with Radar,0,18,29,0,47,0,3,17,0,20,0,21,46,0,67,1,0,1,68
11/25/2001,MKC,MO,ACE,CE,Combined TRACON& Tower with Radar,0,20,59,1,80,0,0,137,0,137,0,20,196,1,217,135,0,135,352
11/26/2001,MKC,MO,ACE,CE,Combined TRACON& Tower with Radar,0,61,100,2,163,0,14,101,1,116,0,75,201,3,279,45,0,45,324
11/27/2001,MKC,MO,ACE,CE,Combined TRACON& Tower with Radar,0,71,117,2,190,1,1,60,1,63,1,72,177,3,253,62,0,62,315
11/28/2001,MKC,MO,ACE,CE,Combined TRACON& Tower with Radar,0,29,48,1,78,1,47,78,0,126,1,76,126,1,204,64,0,64,268
11/29/2001,MKC,MO,ACE,CE,Combined TRACON& Tower with Radar,0,44,73,0,117,0,44,65,0,109,0,88,138,0,226,32,0,32,258
11/30/2001,MKC,MO,ACE,CE,Combined TRACON& Tower with Radar,0,59,99,2,160,0,9,108,0,117,0,68,207,2,277,44,0,44,321
12/01/2001,MKC,MO,ACE,CE,Combined TRACON& Tower with Radar,0,29,52,0,81,0,0,148,0,148,0,29,200,0,229,170,0,170,399
12/02/2001,MKC,MO,ACE,CE,Combined TRACON& Tower with Radar,0,20,37,0,57,0,4,107,0,111,0,24,144,0,168,119,0,119,287
12/03/2001,MKC,MO,ACE,CE,Combined TRACON& Tower with Radar,0,51,89,0,140,0,12,88,0,100,0,63,177,0,240,54,0,54,294
12/04/2001,MKC,MO,ACE,CE,Combined TRACON& Tower with Radar,0,81,140,6,227,0,18,37,0,55,0,99,177,6,282,28,6,34,316
12/05/2001,MKC,MO,ACE,CE,Combined TRACON& Tower with Radar,0,71,124,4,199,0,20,46,0,66,0,91,170,4,265,33,2,35,300
12/06/2001,MKC,MO,ACE,CE,Combined TRACON& Tower with Radar,0,68,118,0,186,0,5,105,0,110,0,73,223,0,296,79,0,79,375
12/07/2001,MKC,MO,ACE,CE,Combined TRACON& Tower with Radar,0,64,113,5,182,0,2,146,0,148,0,66,259,5,330,68,0,68,398
12/08/2001,MKC,MO,ACE,CE,Combined TRACON& Tower with Radar,0,20,35,0,55,0,2,128,0,130,0,22,163,0,185,66,0,66,251
12/09/2001,MKC,MO,ACE,CE,Combined TRACON& Tower with Radar,0,11,35,2,48,0,0,135,2,137,0,11,170,4,185,123,0,123,308
12/10/2001,MKC,MO,ACE,CE,Combined TRACON& Tower with Radar,0,0,0,0,0,0,0,0,0,0,0,0,0,0,0,0,0,0,0
12/11/2001,MKC,MO,ACE,CE,Combined TRACON& Tower with Radar,0,68,115,4,187,0,9,115,0,124,0,77,230,4,311,48,0,48,359
12/12/2001,MKC,MO,ACE,CE,Combined TRACON& Tower with Radar,0,43,72,0,115,0,41,32,0,73,0,84,104,0,188,0,0,0,188
12/13/2001,MKC,MO,ACE,CE,Combined TRACON& Tower with Radar,0,59,0,0,59,77,119,0,0,196,77,178,0,0,255,77,0,77,332
12/14/2001,MKC,MO,ACE,CE,Combined TRACON& Tower with Radar,0,57,97,6,160,0,8,50,1,59,0,65,147,7,219,102,0,102,321
12/15/2001,MKC,MO,ACE,CE,Combined TRACON& Tower with Radar,0,27,67,0,94,0,0,109,0,109,0,27,176,0,203,71,0,71,274
12/16/2001,MKC,MO,ACE,CE,Combined TRACON& Tower with Radar,0,15,35,1,51,0,0,40,0,40,0,15,75,1,91,3,0,3,94
12/17/2001,MKC,MO,ACE,CE,Combined TRACON& Tower with Radar,0,53,91,2,146,0,6,73,0,79,0,59,164,2,225,54,0,54,279
12/18/2001,MKC,MO,ACE,CE,Combined TRACON& Tower with Radar,0,55,95,5,155,0,22,76,3,101,0,77,171,8,256,91,0,91,347
12/19/2001,MKC,MO,ACE,CE,Combined TRACON& Tower with Radar,0,70,119,0,189,0,7,121,0,128,0,77,240,0,317,115,0,115,432
12/20/2001,MKC,MO,ACE,CE,Combined TRACON& Tower with Radar,0,65,111,0,176,0,7,100,0,107,0,72,211,0,283,144,0,144,427
12/21/2001,MKC,MO,ACE,CE,Combined TRACON& Tower with Radar,0,60,107,5,172,0,0,80,3,83,0,60,187,8,255,87,0,87,342
12/22/2001,MKC,MO,ACE,CE,Combined TRACON& Tower with Radar,0,18,30,0,48,0,11,6,0,17,0,29,36,0,65,16,0,16,81
12/23/2001,MKC,MO,ACE,CE,Combined TRACON& Tower with Radar,0,18,30,1,49,0,2,65,5,72,0,20,95,6,121,17,0,17,138
12/24/2001,MKC,MO,ACE,CE,Combined TRACON& Tower with Radar,0,24,42,0,66,0,23,27,0,50,0,47,69,0,116,31,0,31,147
12/25/2001,MKC,MO,ACE,CE,Combined TRACON& Tower with Radar,0,12,20,0,32,0,7,19,0,26,0,19,39,0,58,16,0,16,74
12/26/2001,MKC,MO,ACE,CE,Combined TRACON& Tower with Radar,0,37,62,0,99,0,23,74,0,97,0,60,136,0,196,151,0,151,347
12/27/2001,MKC,MO,ACE,CE,Combined TRACON& Tower with Radar,0,46,79,0,125,0,19,49,0,68,0,65,128,0,193,70,0,70,263
12/28/2001,MKC,MO,ACE,CE,Combined TRACON& Tower with Radar,0,39,68,3,110,0,9,69,0,78,0,48,137,3,188,120,0,120,308
12/29/2001,MKC,MO,ACE,CE,Combined TRACON& Tower with Radar,0,23,44,0,67,0,0,67,0,67,0,23,111,0,134,83,0,83,217
12/30/2001,MKC,MO,ACE,CE,Combined TRACON& Tower with Radar,0,16,28,1,45,0,7,115,1,123,0,23,143,2,168,93,0,93,261
12/31/2001,MKC,MO,ACE,CE,Combined TRACON& Tower with Radar,0,34,59,0,93,0,27,62,0,89,0,61,121,0,182,152,0,152,334
01/01/2002,MKC,MO,ACE,CE,Combined TRACON& Tower with Radar,0,17,28,0,45,0,5,42,0,47,0,22,70,0,92,52,0,52,144
01/02/2002,MKC,MO,ACE,CE,Combined TRACON& Tower with Radar,0,43,71,0,114,0,7,28,0,35,0,50,99,0,149,66,0,66,215
01/03/2002,MKC,MO,ACE,CE,Combined TRACON& Tower with Radar,0,55,90,0,145,0,18,73,0,91,0,73,163,0,236,91,0,91,327
01/04/2002,MKC,MO,ACE,CE,Combined TRACON& Tower with Radar,0,50,81,2,133,0,12,85,2,99,0,62,166,4,232,98,0,98,330
01/05/2002,MKC,MO,ACE,CE,Combined TRACON& Tower with Radar,0,14,25,0,39,0,1,20,0,21,0,15,45,0,60,25,0,25,85
01/06/2002,MKC,MO,ACE,CE,Combined TRACON& Tower with Radar,0,0,0,0,0,0,14,0,41,55,0,14,0,41,55,28,0,28,83
01/07/2002,MKC,MO,ACE,CE,Combined TRACON& Tower with Radar,0,45,74,0,119,0,18,57,0,75,0,63,131,0,194,91,0,91,285
01/08/2002,MKC,MO,ACE,CE,Combined TRACON& Tower with Radar,0,63,102,2,167,0,12,80,0,92,0,75,182,2,259,119,0,119,378
01/09/2002,MKC,MO,ACE,CE,Combined TRACON& Tower with Radar,0,69,114,1,184,0,1,103,0,104,0,70,217,1,288,122,0,122,410
01/10/2002,MKC,MO,ACE,CE,Combined TRACON& Tower with Radar,0,68,111,2,181,0,24,61,0,85,0,92,172,2,266,59,4,63,329
01/11/2002,MKC,MO,ACE,CE,Combined TRACON& Tower with Radar,0,63,103,2,168,0,7,107,0,114,0,70,210,2,282,103,0,103,385
01/12/2002,MKC,MO,ACE,CE,Combined TRACON& Tower with Radar,0,27,41,0,68,0,23,82,0,105,0,50,123,0,173,63,0,63,236
01/13/2002,MKC,MO,ACE,CE,Combined TRACON& Tower with Radar,0,22,41,1,64,0,0,62,1,63,0,22,103,2,127,44,0,44,171
01/14/2002,MKC,MO,ACE,CE,Combined TRACON& Tower with Radar,0,47,75,0,122,0,22,31,0,53,0,69,106,0,175,25,0,25,200
01/15/2002,MKC,MO,ACE,CE,Combined TRACON& Tower with Radar,0,74,120,3,197,0,0,85,7,92,0,74,205,10,289,126,0,126,415
01/16/2002,MKC,MO,ACE,CE,Combined TRACON& Tower with Radar,0,63,100,2,165,0,7,69,3,79,0,70,169,5,244,82,0,82,326
01/17/2002,MKC,MO,ACE,CE,Combined TRACON& Tower with Radar,0,64,102,0,166,0,12,109,0,121,0,76,211,0,287,126,0,126,413
01/18/2002,MKC,MO,ACE,CE,Combined TRACON& Tower with Radar,0,49,79,0,128,0,15,113,0,128,0,64,192,0,256,77,0,77,333
01/19/2002,MKC,MO,ACE,CE,Combined TRACON& Tower with Radar,0,23,36,0,59,0,3,43,0,46,0,26,79,0,105,39,0,39,144
01/20/2002,MKC,MO,ACE,CE,Combined TRACON& Tower with Radar,0,20,33,0,53,0,0,98,2,100,0,20,131,2,153,62,0,62,215
01/21/2002,MKC,MO,ACE,CE,Combined TRACON& Tower with Radar,0,34,69,0,103,0,0,121,0,121,0,34,190,0,224,156,0,156,380
01/22/2002,MKC,MO,ACE,CE,Combined TRACON& Tower with Radar,0,66,112,0,178,0,0,61,0,61,0,66,173,0,239,64,0,64,303
01/23/2002,MKC,MO,ACE,CE,Combined TRACON& Tower with Radar,0,67,106,0,173,0,18,65,0,83,0,85,171,0,256,88,0,88,344
01/24/2002,MKC,MO,ACE,CE,Combined TRACON& Tower with Radar,0,83,133,0,216,0,4,126,0,130,0,87,259,0,346,112,0,112,458
01/25/2002,MKC,MO,ACE,CE,Combined TRACON& Tower with Radar,0,63,105,2,170,0,0,131,4,135,0,63,236,6,305,86,0,86,391
01/26/2002,MKC,MO,ACE,CE,Combined TRACON& Tower with Radar,0,19,47,0,66,0,0,138,0,138,0,19,185,0,204,61,0,61,265
01/27/2002,MKC,MO,ACE,CE,Combined TRACON& Tower with Radar,0,29,46,0,75,0,6,84,4,94,0,35,130,4,169,78,0,78,247
01/28/2002,MKC,MO,ACE,CE,Combined TRACON& Tower with Radar,0,61,98,0,159,0,17,126,0,143,0,78,224,0,302,118,0,118,420
01/29/2002,MKC,MO,ACE,CE,Combined TRACON& Tower with Radar,0,49,80,0,129,0,18,45,0,63,0,67,125,0,192,5,0,5,197
01/30/2002,MKC,MO,ACE,CE,Combined TRACON& Tower with Radar,0,19,30,0,49,0,29,19,0,48,0,48,49,0,97,0,0,0,97
01/31/2002,MKC,MO,ACE,CE,Combined TRACON& Tower with Radar,0,25,40,0,65,0,42,52,0,94,0,67,92,0,159,0,0,0,159
02/01/2002,MKC,MO,ACE,CE,Combined TRACON& Tower with Radar,1,69,118,0,188,1,10,67,0,78,2,79,185,0,266,76,0,76,342
02/02/2002,MKC,MO,ACE,CE,Combined TRACON& Tower with Radar,0,15,28,0,43,0,10,58,0,68,0,25,86,0,111,107,0,107,218
02/03/2002,MKC,MO,ACE,CE,Combined TRACON& Tower with Radar,0,30,75,0,105,0,0,0,0,0,0,30,75,0,105,37,0,37,142
02/04/2002,MKC,MO,ACE,CE,Combined TRACON& Tower with Radar,0,64,111,0,175,0,17,53,0,70,0,81,164,0,245,64,0,64,309
02/05/2002,MKC,MO,ACE,CE,Combined TRACON& Tower with Radar,1,38,66,0,105,0,41,127,0,168,1,79,193,0,273,76,0,76,349
02/06/2002,MKC,MO,ACE,CE,Combined TRACON& Tower with Radar,0,0,0,0,0,1,75,182,0,258,1,75,182,0,258,93,0,93,351
02/07/2002,MKC,MO,ACE,CE,Combined TRACON& Tower with Radar,1,80,143,0,224,1,0,71,0,72,2,80,214,0,296,62,0,62,358
02/08/2002,MKC,MO,ACE,CE,Combined TRACON& Tower with Radar,0,70,121,1,192,0,8,140,9,157,0,78,261,10,349,77,0,77,426
02/09/2002,MKC,MO,ACE,CE,Combined TRACON& Tower with Radar,0,17,31,1,49,0,0,41,0,41,0,17,72,1,90,12,0,12,102
02/10/2002,MKC,MO,ACE,CE,Combined TRACON& Tower with Radar,0,0,0,0,0,0,41,69,6,116,0,41,69,6,116,8,0,8,124
02/11/2002,MKC,MO,ACE,CE,Combined TRACON& Tower with Radar,0,62,108,1,171,0,8,122,0,130,0,70,230,1,301,58,0,58,359
02/12/2002,MKC,MO,ACE,CE,Combined TRACON& Tower with Radar,0,63,108,1,172,0,0,106,13,119,0,63,214,14,291,86,0,86,377
02/13/2002,MKC,MO,ACE,CE,Combined TRACON& Tower with Radar,0,75,129,0,204,0,0,146,0,146,0,75,275,0,350,112,0,112,462
02/14/2002,MKC,MO,ACE,CE,Combined TRACON& Tower with Radar,0,61,105,1,167,0,19,63,0,82,0,80,168,1,249,42,0,42,291
02/15/2002,MKC,MO,ACE,CE,Combined TRACON& Tower with Radar,0,66,114,0,180,0,0,123,0,123,0,66,237,0,303,88,0,88,391
02/16/2002,MKC,MO,ACE,CE,Combined TRACON& Tower with Radar,0,12,38,0,50,0,0,119,0,119,0,12,157,0,169,169,0,169,338
02/17/2002,MKC,MO,ACE,CE,Combined TRACON& Tower with Radar,0,23,41,1,65,0,0,135,0,135,0,23,176,1,200,119,0,119,319
02/18/2002,MKC,MO,ACE,CE,Combined TRACON& Tower with Radar,0,38,65,0,103,0,1,57,0,58,0,39,122,0,161,46,0,46,207
02/19/2002,MKC,MO,ACE,CE,Combined TRACON& Tower with Radar,0,43,72,1,116,0,25,33,1,59,0,68,105,2,175,78,0,78,253
02/20/2002,MKC,MO,ACE,CE,Combined TRACON& Tower with Radar,0,62,106,0,168,0,7,79,0,86,0,69,185,0,254,48,0,48,302
02/21/2002,MKC,MO,ACE,CE,Combined TRACON& Tower with Radar,0,75,128,0,203,0,18,113,0,131,0,93,241,0,334,68,0,68,402
02/22/2002,MKC,MO,ACE,CE,Combined TRACON& Tower with Radar,0,61,105,1,167,0,1,118,1,120,0,62,223,2,287,126,0,126,413
02/23/2002,MKC,MO,ACE,CE,Combined TRACON& Tower with Radar,0,26,53,0,79,0,0,111,0,111,0,26,164,0,190,118,0,118,308
02/24/2002,MKC,MO,ACE,CE,Combined TRACON& Tower with Radar,0,21,38,0,59,0,0,48,0,48,0,21,86,0,107,14,0,14,121
02/25/2002,MKC,MO,ACE,CE,Combined TRACON& Tower with Radar,0,55,92,0,147,0,14,1,0,15,0,69,93,0,162,33,0,33,195
02/26/2002,MKC,MO,ACE,CE,Combined TRACON& Tower with Radar,0,48,80,0,128,0,18,30,2,50,0,66,110,2,178,35,2,37,215
02/27/2002,MKC,MO,ACE,CE,Combined TRACON& Tower with Radar,0,72,123,0,195,0,2,109,3,114,0,74,232,3,309,84,0,84,393
02/28/2002,MKC,MO,ACE,CE,Combined TRACON& Tower with Radar,0,70,120,0,190,0,4,109,2,115,0,74,229,2,305,188,0,188,493
03/01/2002,MKC,MO,ACE,CE,Combined TRACON& Tower with Radar,0,39,76,2,117,0,38,65,0,103,0,77,141,2,220,61,0,61,281
03/02/2002,MKC,MO,ACE,CE,Combined TRACON& Tower with Radar,0,11,23,0,34,0,5,5,0,10,0,16,28,0,44,5,0,5,49
03/03/2002,MKC,MO,ACE,CE,Combined TRACON& Tower with Radar,0,18,45,1,64,0,0,36,1,37,0,18,81,2,101,36,0,36,137
03/04/2002,MKC,MO,ACE,CE,Combined TRACON& Tower with Radar,0,47,91,2,140,0,23,60,1,84,0,70,151,3,224,57,0,57,281
03/05/2002,MKC,MO,ACE,CE,Combined TRACON& Tower with Radar,0,78,152,2,232,0,11,97,0,108,0,89,249,2,340,43,0,43,383
03/06/2002,MKC,MO,ACE,CE,Combined TRACON& Tower with Radar,0,69,134,1,204,0,8,126,0,134,0,77,260,1,338,126,0,126,464
03/07/2002,MKC,MO,ACE,CE,Combined TRACON& Tower with Radar,0,64,126,0,190,1,28,57,0,86,1,92,183,0,276,17,0,17,293
03/08/2002,MKC,MO,ACE,CE,Combined TRACON& Tower with Radar,0,60,117,2,179,0,11,21,0,32,0,71,138,2,211,73,0,73,284
03/09/2002,MKC,MO,ACE,CE,Combined TRACON& Tower with Radar,0,28,57,0,85,0,3,41,0,44,0,31,98,0,129,58,0,58,187
03/10/2002,MKC,MO,ACE,CE,Combined TRACON& Tower with Radar,0,35,81,3,119,0,0,198,0,198,0,35,279,3,317,99,0,99,416
03/11/2002,MKC,MO,ACE,CE,Combined TRACON& Tower with Radar,0,50,96,2,148,0,14,71,8,93,0,64,167,10,241,119,0,119,360
03/12/2002,MKC,MO,ACE,CE,Combined TRACON& Tower with Radar,0,71,146,2,219,0,0,112,0,112,0,71,258,2,331,78,0,78,409
03/13/2002,MKC,MO,ACE,CE,Combined TRACON& Tower with Radar,0,70,150,3,223,0,0,116,13,129,0,70,266,16,352,133,0,133,485
03/14/2002,MKC,MO,ACE,CE,Combined TRACON& Tower with Radar,0,64,122,3,189,0,4,39,3,46,0,68,161,6,235,21,0,21,256
03/15/2002,MKC,MO,ACE,CE,Combined TRACON& Tower with Radar,0,56,107,2,165,0,7,98,1,106,0,63,205,3,271,113,0,113,384
03/16/2002,MKC,MO,ACE,CE,Combined TRACON& Tower with Radar,0,25,53,1,79,0,0,128,2,130,0,25,181,3,209,89,0,89,298
03/17/2002,MKC,MO,ACE,CE,Combined TRACON& Tower with Radar,0,13,52,0,65,0,0,118,1,119,0,13,170,1,184,198,0,198,382
03/18/2002,MKC,MO,ACE,CE,Combined TRACON& Tower with Radar,0,47,89,0,136,0,16,33,0,49,0,63,122,0,185,139,0,139,324
03/19/2002,MKC,MO,ACE,CE,Combined TRACON& Tower with Radar,0,43,81,1,125,0,34,24,0,58,0,77,105,1,183,35,0,35,218
03/20/2002,MKC,MO,ACE,CE,Combined TRACON& Tower with Radar,0,35,65,1,101,0,33,153,3,189,0,68,218,4,290,154,0,154,444
03/21/2002,MKC,MO,ACE,CE,Combined TRACON& Tower with Radar,0,53,99,0,152,0,32,31,0,63,0,85,130,0,215,20,0,20,235
03/22/2002,MKC,MO,ACE,CE,Combined TRACON& Tower with Radar,0,49,94,1,144,0,16,105,1,122,0,65,199,2,266,154,0,154,420
03/23/2002,MKC,MO,ACE,CE,Combined TRACON& Tower with Radar,0,26,50,0,76,0,8,122,3,133,0,34,172,3,209,129,1,130,339
03/24/2002,MKC,MO,ACE,CE,Combined TRACON& Tower with Radar,0,12,27,0,39,0,0,20,2,22,0,12,47,2,61,3,0,3,64
03/25/2002,MKC,MO,ACE,CE,Combined TRACON& Tower with Radar,0,21,39,0,60,0,28,36,0,64,0,49,75,0,124,3,0,3,127
03/26/2002,MKC,MO,ACE,CE,Combined TRACON& Tower with Radar,0,59,113,2,174,0,8,90,4,102,0,67,203,6,276,82,0,82,358
03/27/2002,MKC,MO,ACE,CE,Combined TRACON& Tower with Radar,0,71,135,2,208,0,16,71,7,94,0,87,206,9,302,61,6,67,369
03/28/2002,MKC,MO,ACE,CE,Combined TRACON& Tower with Radar,0,68,129,2,199,0,10,120,1,131,0,78,249,3,330,154,0,154,484
03/29/2002,MKC,MO,ACE,CE,Combined TRACON& Tower with Radar,0,58,111,2,171,0,3,87,0,90,0,61,198,2,261,112,0,112,373
03/30/2002,MKC,MO,ACE,CE,Combined TRACON& Tower with Radar,0,19,45,0,64,0,0,144,0,144,0,19,189,0,208,103,0,103,311
03/31/2002,MKC,MO,ACE,CE,Combined TRACON& Tower with Radar,0,20,48,0,68,0,0,111,0,111,0,20,159,0,179,112,0,112,291
04/01/2002,MKC,MO,ACE,CE,Combined TRACON& Tower with Radar,0,43,88,0,131,0,28,87,0,115,0,71,175,0,246,27,0,27,273
04/02/2002,MKC,MO,ACE,CE,Combined TRACON& Tower with Radar,0,58,117,2,177,0,13,35,2,50,0,71,152,4,227,46,0,46,273
04/03/2002,MKC,MO,ACE,CE,Combined TRACON& Tower with Radar,0,64,130,4,198,1,4,108,0,113,1,68,238,4,311,116,0,116,427
04/04/2002,MKC,MO,ACE,CE,Combined TRACON& Tower with Radar,0,62,126,4,192,2,18,124,4,148,2,80,250,8,340,106,4,110,450
04/05/2002,MKC,MO,ACE,CE,Combined TRACON& Tower with Radar,0,55,112,2,169,0,11,133,0,144,0,66,245,2,313,194,0,194,507
04/06/2002,MKC,MO,ACE,CE,Combined TRACON& Tower with Radar,0,17,35,0,52,0,3,90,0,93,0,20,125,0,145,88,0,88,233
04/07/2002,MKC,MO,ACE,CE,Combined TRACON& Tower with Radar,0,15,32,0,47,0,0,13,0,13,0,15,45,0,60,6,0,6,66
04/08/2002,MKC,MO,ACE,CE,Combined TRACON& Tower with Radar,0,26,55,0,81,0,26,18,0,44,0,52,73,0,125,0,0,0,125
04/09/2002,MKC,MO,ACE,CE,Combined TRACON& Tower with Radar,0,62,123,0,185,0,12,86,0,98,0,74,209,0,283,73,0,73,356
04/10/2002,MKC,MO,ACE,CE,Combined TRACON& Tower with Radar,0,70,139,2,211,0,15,116,4,135,0,85,255,6,346,46,0,46,392
04/11/2002,MKC,MO,ACE,CE,Combined TRACON& Tower with Radar,0,58,114,0,172,2,26,30,0,58,2,84,144,0,230,16,0,16,246
04/12/2002,MKC,MO,ACE,CE,Combined TRACON& Tower with Radar,0,43,85,2,130,0,5,75,4,84,0,48,160,6,214,31,0,31,245
04/13/2002,MKC,MO,ACE,CE,Combined TRACON& Tower with Radar,0,10,62,0,72,0,0,87,0,87,0,10,149,0,159,83,0,83,242
04/14/2002,MKC,MO,ACE,CE,Combined TRACON& Tower with Radar,0,11,48,0,59,0,0,73,5,78,0,11,121,5,137,20,0,20,157
04/15/2002,MKC,MO,ACE,CE,Combined TRACON& Tower with Radar,0,49,97,2,148,1,3,73,0,77,1,52,170,2,225,62,0,62,287
04/16/2002,MKC,MO,ACE,CE,Combined TRACON& Tower with Radar,0,62,123,2,187,2,18,44,1,65,2,80,167,3,252,22,0,22,274
04/17/2002,MKC,MO,ACE,CE,Combined TRACON& Tower with Radar,0,68,137,2,207,0,4,118,1,123,0,72,255,3,330,107,0,107,437
04/18/2002,MKC,MO,ACE,CE,Combined TRACON& Tower with Radar,0,72,143,2,217,0,6,43,1,50,0,78,186,3,267,48,0,48,315
04/19/2002,MKC,MO,ACE,CE,Combined TRACON& Tower with Radar,0,55,112,1,168,0,0,67,3,70,0,55,179,4,238,33,0,33,271
04/20/2002,MKC,MO,ACE,CE,Combined TRACON& Tower with Radar,0,13,36,0,49,0,0,41,2,43,0,13,77,2,92,120,0,120,212
04/21/2002,MKC,MO,ACE,CE,Combined TRACON& Tower with Radar,0,19,48,0,67,0,0,49,0,49,0,19,97,0,116,8,0,8,124
04/22/2002,MKC,MO,ACE,CE,Combined TRACON& Tower with Radar,0,48,95,0,143,0,10,103,0,113,0,58,198,0,256,103,0,103,359
04/23/2002,MKC,MO,ACE,CE,Combined TRACON& Tower with Radar,0,66,131,2,199,0,8,114,2,124,0,74,245,4,323,114,0,114,437
04/24/2002,MKC,MO,ACE,CE,Combined TRACON& Tower with Radar,0,62,123,2,187,0,22,65,2,89,0,84,188,4,276,26,0,26,302
04/25/2002,MKC,MO,ACE,CE,Combined TRACON& Tower with Radar,0,71,142,0,213,0,21,126,0,147,0,92,268,0,360,122,0,122,482
04/26/2002,MKC,MO,ACE,CE,Combined TRACON& Tower with Radar,0,55,111,2,168,0,0,72,2,74,0,55,183,4,242,112,0,112,354
04/27/2002,MKC,MO,ACE,CE,Combined TRACON& Tower with Radar,0,13,25,0,38,0,5,7,0,12,0,18,32,0,50,15,0,15,65
04/28/2002,MKC,MO,ACE,CE,Combined TRACON& Tower with Radar,0,22,60,1,83,0,0,105,1,106,0,22,165,2,189,78,0,78,267
04/29/2002,MKC,MO,ACE,CE,Combined TRACON& Tower with Radar,0,54,107,0,161,0,10,141,0,151,0,64,248,0,312,129,0,129,441
04/30/2002,MKC,MO,ACE,CE,Combined TRACON& Tower with Radar,0,61,123,1,185,0,19,71,0,90,0,80,194,1,275,93,0,93,368
05/01/2002,MKC,MO,ACE,CE,Combined TRACON& Tower with Radar,0,38,78,0,116,0,30,77,0,107,0,68,155,0,223,11,0,11,234
05/02/2002,MKC,MO,ACE,CE,Combined TRACON& Tower with Radar,0,55,111,0,166,0,17,141,0,158,0,72,252,0,324,155,0,155,479
05/03/2002,MKC,MO,ACE,CE,Combined TRACON& Tower with Radar,0,61,124,3,188,0,9,118,1,128,0,70,242,4,316,118,0,118,434
05/04/2002,MKC,MO,ACE,CE,Combined TRACON& Tower with Radar,0,19,67,1,87,0,0,213,1,214,0,19,280,2,301,140,0,140,441
05/05/2002,MKC,MO,ACE,CE,Combined TRACON& Tower with Radar,0,0,0,0,0,0,28,136,4,168,0,28,136,4,168,38,0,38,206
05/06/2002,MKC,MO,ACE,CE,Combined TRACON& Tower with Radar,0,46,94,2,142,0,31,49,2,82,0,77,143,4,224,112,0,112,336
05/07/2002,MKC,MO,ACE,CE,Combined TRACON& Tower with Radar,0,71,142,0,213,0,11,37,0,48,0,82,179,0,261,40,0,40,301
05/08/2002,MKC,MO,ACE,CE,Combined TRACON& Tower with Radar,0,61,124,3,188,0,8,62,0,70,0,69,186,3,258,41,0,41,299
05/09/2002,MKC,MO,ACE,CE,Combined TRACON& Tower with Radar,0,63,127,2,192,0,30,107,2,139,0,93,234,4,331,102,0,102,433
05/10/2002,MKC,MO,ACE,CE,Combined TRACON& Tower with Radar,0,54,110,0,164,0,16,81,0,97,0,70,191,0,261,95,0,95,356
05/11/2002,MKC,MO,ACE,CE,Combined TRACON& Tower with Radar,0,17,39,0,56,0,0,21,0,21,0,17,60,0,77,21,0,21,98
05/12/2002,MKC,MO,ACE,CE,Combined TRACON& Tower with Radar,0,13,27,0,40,0,0,25,0,25,0,13,52,0,65,26,0,26,91
05/13/2002,MKC,MO,ACE,CE,Combined TRACON& Tower with Radar,0,54,108,0,162,0,6,118,0,124,0,60,226,0,286,126,0,126,412
05/14/2002,MKC,MO,ACE,CE,Combined TRACON& Tower with Radar,0,68,135,1,204,0,14,146,0,160,0,82,281,1,364,159,0,159,523
05/15/2002,MKC,MO,ACE,CE,Combined TRACON& Tower with Radar,0,67,134,1,202,0,7,115,1,123,0,74,249,2,325,78,0,78,403
05/16/2002,MKC,MO,ACE,CE,Combined TRACON& Tower with Radar,0,71,140,1,212,0,25,43,1,69,0,96,183,2,281,64,0,64,345
05/17/2002,MKC,MO,ACE,CE,Combined TRACON& Tower with Radar,0,21,42,0,63,0,47,162,6,215,0,68,204,6,278,123,0,123,401
05/18/2002,MKC,MO,ACE,CE,Combined TRACON& Tower with Radar,0,16,102,1,119,0,0,119,5,124,0,16,221,6,243,102,0,102,345
05/19/2002,MKC,MO,ACE,CE,Combined TRACON& Tower with Radar,0,18,49,0,67,0,0,184,6,190,0,18,233,6,257,102,0,102,359
05/20/2002,MKC,MO,ACE,CE,Combined TRACON& Tower with Radar,0,49,95,1,145,0,10,151,1,162,0,59,246,2,307,95,0,95,402
05/21/2002,MKC,MO,ACE,CE,Combined TRACON& Tower with Radar,0,60,118,1,179,0,10,157,5,172,0,70,275,6,351,226,0,226,577
05/22/2002,MKC,MO,ACE,CE,Combined TRACON& Tower with Radar,0,67,132,1,200,0,18,95,3,116,0,85,227,4,316,35,0,35,351
05/23/2002,MKC,MO,ACE,CE,Combined TRACON& Tower with Radar,0,53,105,0,158,0,15,52,0,67,0,68,157,0,225,29,0,29,254
05/24/2002,MKC,MO,ACE,CE,Combined TRACON& Tower with Radar,0,38,74,0,112,0,17,62,2,81,0,55,136,2,193,108,0,108,301
05/25/2002,MKC,MO,ACE,CE,Combined TRACON& Tower with Radar,0,10,36,0,46,0,0,135,3,138,0,10,171,3,184,77,0,77,261
05/26/2002,MKC,MO,ACE,CE,Combined TRACON& Tower with Radar,0,12,30,0,42,0,0,101,0,101,0,12,131,0,143,86,0,86,229
05/27/2002,MKC,MO,ACE,CE,Combined TRACON& Tower with Radar,0,7,40,0,47,0,0,121,0,121,0,7,161,0,168,69,0,69,237
05/28/2002,MKC,MO,ACE,CE,Combined TRACON& Tower with Radar,0,25,48,0,73,0,35,121,6,162,0,60,169,6,235,86,2,88,323
05/29/2002,MKC,MO,ACE,CE,Combined TRACON& Tower with Radar,0,73,144,0,217,0,8,150,0,158,0,81,294,0,375,85,0,85,460
05/30/2002,MKC,MO,ACE,CE,Combined TRACON& Tower with Radar,0,61,122,2,185,0,13,115,2,130,0,74,237,4,315,72,0,72,387
05/31/2002,MKC,MO,ACE,CE,Combined TRACON& Tower with Radar,0,53,104,0,157,0,35,120,0,155,0,88,224,0,312,173,0,173,485
06/01/2002,MKC,MO,ACE,CE,Combined TRACON& Tower with Radar,0,15,38,0,53,0,0,108,1,109,0,15,146,1,162,116,0,116,278
06/02/2002,MKC,MO,ACE,CE,Combined TRACON& Tower with Radar,0,15,48,0,63,0,0,106,5,111,0,15,154,5,174,67,0,67,241
06/03/2002,MKC,MO,ACE,CE,Combined TRACON& Tower with Radar,0,54,110,0,164,0,12,95,0,107,0,66,205,0,271,156,0,156,427
06/04/2002,MKC,MO,ACE,CE,Combined TRACON& Tower with Radar,0,41,85,1,127,0,31,18,0,49,0,72,103,1,176,18,0,18,194
06/05/2002,MKC,MO,ACE,CE,Combined TRACON& Tower with Radar,0,73,149,1,223,0,4,127,0,131,0,77,276,1,354,138,0,138,492
06/06/2002,MKC,MO,ACE,CE,Combined TRACON& Tower with Radar,0,62,126,0,188,0,26,161,0,187,0,88,287,0,375,225,0,225,600
06/07/2002,MKC,MO,ACE,CE,Combined TRACON& Tower with Radar,0,54,110,2,166,0,2,168,6,176,0,56,278,8,342,127,1,128,470
06/08/2002,MKC,MO,ACE,CE,Combined TRACON& Tower with Radar,0,18,47,0,65,0,0,111,0,111,0,18,158,0,176,124,0,124,300
06/09/2002,MKC,MO,ACE,CE,Combined TRACON& Tower with Radar,1,21,44,0,66,0,10,60,0,70,1,31,104,0,136,56,0,56,192
06/10/2002,MKC,MO,ACE,CE,Combined TRACON& Tower with Radar,1,55,112,0,168,0,22,65,0,87,1,77,177,0,255,155,0,155,410
06/11/2002,MKC,MO,ACE,CE,Combined TRACON& Tower with Radar,0,56,114,0,170,0,6,49,0,55,0,62,163,0,225,124,0,124,349
06/12/2002,MKC,MO,ACE,CE,Combined TRACON& Tower with Radar,1,71,145,2,219,2,6,124,5,137,3,77,269,7,356,160,6,166,522
06/13/2002,MKC,MO,ACE,CE,Combined TRACON& Tower with Radar,0,71,144,1,216,0,28,111,0,139,0,99,255,1,355,208,0,208,563
06/14/2002,MKC,MO,ACE,CE,Combined TRACON& Tower with Radar,0,47,97,1,145,0,9,120,0,129,0,56,217,1,274,185,0,185,459
06/15/2002,MKC,MO,ACE,CE,Combined TRACON& Tower with Radar,0,12,33,0,45,0,0,132,1,133,0,12,165,1,178,154,0,154,332
06/16/2002,MKC,MO,ACE,CE,Combined TRACON& Tower with Radar,0,23,44,0,67,1,5,64,0,70,1,28,108,0,137,153,0,153,290
06/17/2002,MKC,MO,ACE,CE,Combined TRACON& Tower with Radar,0,46,92,2,140,2,18,91,6,117,2,64,183,8,257,234,0,234,491
06/18/2002,MKC,MO,ACE,CE,Combined TRACON& Tower with Radar,0,60,119,2,181,0,12,58,0,70,0,72,177,2,251,77,0,77,328
06/19/2002,MKC,MO,ACE,CE,Combined TRACON& Tower with Radar,0,76,152,3,231,0,5,66,3,74,0,81,218,6,305,124,8,132,437
06/20/2002,MKC,MO,ACE,CE,Combined TRACON& Tower with Radar,0,69,139,0,208,0,10,141,0,151,0,79,280,0,359,250,0,250,609
06/21/2002,MKC,MO,ACE,CE,Combined TRACON& Tower with Radar,0,56,111,1,168,0,2,134,1,137,0,58,245,2,305,231,0,231,536
06/22/2002,MKC,MO,ACE,CE,Combined TRACON& Tower with Radar,0,18,48,0,66,0,0,128,0,128,0,18,176,0,194,92,0,92,286
06/23/2002,MKC,MO,ACE,CE,Combined TRACON& Tower with Radar,0,37,75,1,113,1,10,118,1,130,1,47,193,2,243,148,0,148,391
06/24/2002,MKC,MO,ACE,CE,Combined TRACON& Tower with Radar,0,54,107,2,163,0,12,75,6,93,0,66,182,8,256,166,0,166,422
06/25/2002,MKC,MO,ACE,CE,Combined TRACON& Tower with Radar,0,76,155,2,233,1,0,117,11,129,1,76,272,13,362,153,0,153,515
06/26/2002,MKC,MO,ACE,CE,Combined TRACON& Tower with Radar,0,67,134,2,203,0,17,96,2,115,0,84,230,4,318,63,0,63,381
06/27/2002,MKC,MO,ACE,CE,Combined TRACON& Tower with Radar,0,66,133,0,199,1,23,159,0,183,1,89,292,0,382,208,0,208,590
06/28/2002,MKC,MO,ACE,CE,Combined TRACON& Tower with Radar,0,16,32,0,48,0,55,278,3,336,0,71,310,3,384,169,0,169,553
06/29/2002,MKC,MO,ACE,CE,Combined TRACON& Tower with Radar,0,23,132,1,156,0,0,32,0,32,0,23,164,1,188,153,0,153,341
06/30/2002,MKC,MO,ACE,CE,Combined TRACON& Tower with Radar,0,14,40,0,54,2,0,99,1,102,2,14,139,1,156,207,0,207,363
07/01/2002,MKC,MO,ACE,CE,Combined TRACON& Tower with Radar,0,46,85,2,133,0,22,82,6,110,0,68,167,8,243,134,0,134,377
07/02/2002,MKC,MO,ACE,CE,Combined TRACON& Tower with Radar,0,61,113,2,176,0,28,73,0,101,0,89,186,2,277,165,0,165,442
07/03/2002,MKC,MO,ACE,CE,Combined TRACON& Tower with Radar,0,43,80,2,125,0,16,88,0,104,0,59,168,2,229,72,6,78,307
07/04/2002,MKC,MO,ACE,CE,Combined TRACON& Tower with Radar,0,17,32,0,49,0,10,62,0,72,0,27,94,0,121,76,0,76,197
07/05/2002,MKC,MO,ACE,CE,Combined TRACON& Tower with Radar,0,33,62,2,97,0,15,96,3,114,0,48,158,5,211,77,0,77,288
07/06/2002,MKC,MO,ACE,CE,Combined TRACON& Tower with Radar,0,20,41,0,61,0,0,103,0,103,0,20,144,0,164,110,0,110,274
07/07/2002,MKC,MO,ACE,CE,Combined TRACON& Tower with Radar,0,30,73,0,103,0,0,96,0,96,0,30,169,0,199,19,0,19,218
07/08/2002,MKC,MO,ACE,CE,Combined TRACON& Tower with Radar,0,57,104,2,163,0,2,126,0,128,0,59,230,2,291,126,0,126,417
07/09/2002,MKC,MO,ACE,CE,Combined TRACON& Tower with Radar,0,65,119,0,184,0,9,93,0,102,0,74,212,0,286,201,0,201,487
07/10/2002,MKC,MO,ACE,CE,Combined TRACON& Tower with Radar,0,62,114,0,176,0,7,85,0,92,0,69,199,0,268,48,0,48,316
07/11/2002,MKC,MO,ACE,CE,Combined TRACON& Tower with Radar,0,76,140,0,216,0,29,131,0,160,0,105,271,0,376,192,0,192,568
07/12/2002,MKC,MO,ACE,CE,Combined TRACON& Tower with Radar,0,52,96,1,149,0,0,107,4,111,0,52,203,5,260,168,0,168,428
07/13/2002,MKC,MO,ACE,CE,Combined TRACON& Tower with Radar,0,15,49,0,64,0,0,151,0,151,0,15,200,0,215,38,0,38,253
07/14/2002,MKC,MO,ACE,CE,Combined TRACON& Tower with Radar,0,19,97,0,116,0,0,133,0,133,0,19,230,0,249,127,0,127,376
07/15/2002,MKC,MO,ACE,CE,Combined TRACON& Tower with Radar,0,61,133,2,196,0,0,138,0,138,0,61,271,2,334,140,0,140,474
07/16/2002,MKC,MO,ACE,CE,Combined TRACON& Tower with Radar,0,72,133,2,207,0,0,158,0,158,0,72,291,2,365,187,0,187,552
07/17/2002,MKC,MO,ACE,CE,Combined TRACON& Tower with Radar,0,65,117,0,182,0,7,127,0,134,0,72,244,0,316,163,0,163,479
07/18/2002,MKC,MO,ACE,CE,Combined TRACON& Tower with Radar,0,67,121,2,190,0,5,163,4,172,0,72,284,6,362,176,16,192,554
07/19/2002,MKC,MO,ACE,CE,Combined TRACON& Tower with Radar,0,54,97,1,152,0,13,91,4,108,0,67,188,5,260,93,0,93,353
07/20/2002,MKC,MO,ACE,CE,Combined TRACON& Tower with Radar,0,21,53,0,74,0,0,150,2,152,0,21,203,2,226,76,0,76,302
07/21/2002,MKC,MO,ACE,CE,Combined TRACON& Tower with Radar,0,18,51,0,69,0,0,136,5,141,0,18,187,5,210,63,0,63,273
07/22/2002,MKC,MO,ACE,CE,Combined TRACON& Tower with Radar,0,45,80,1,126,0,23,76,5,104,0,68,156,6,230,125,0,125,355
07/23/2002,MKC,MO,ACE,CE,Combined TRACON& Tower with Radar,0,62,117,2,181,1,0,155,3,159,1,62,272,5,340,186,6,192,532
07/24/2002,MKC,MO,ACE,CE,Combined TRACON& Tower with Radar,0,64,116,2,182,0,5,134,4,143,0,69,250,6,325,157,0,157,482
07/25/2002,MKC,MO,ACE,CE,Combined TRACON& Tower with Radar,0,63,114,2,179,0,26,80,0,106,0,89,194,2,285,168,1,169,454
07/26/2002,MKC,MO,ACE,CE,Combined TRACON& Tower with Radar,0,57,102,2,161,0,12,142,2,156,0,69,244,4,317,145,0,145,462
07/27/2002,MKC,MO,ACE,CE,Combined TRACON& Tower with Radar,0,0,0,0,0,0,21,136,5,162,0,21,136,5,162,94,0,94,256
07/28/2002,MKC,MO,ACE,CE,Combined TRACON& Tower with Radar,0,18,43,0,61,1,0,74,3,78,1,18,117,3,139,51,0,51,190
07/29/2002,MKC,MO,ACE,CE,Combined TRACON& Tower with Radar,0,61,112,2,175,0,14,109,13,136,0,75,221,15,311,83,8,91,402
07/30/2002,MKC,MO,ACE,CE,Combined TRACON& Tower with Radar,0,65,118,0,183,0,8,137,0,145,0,73,255,0,328,0,0,0,328
07/31/2002,MKC,MO,ACE,CE,Combined TRACON& Tower with Radar,0,59,108,0,167,0,17,110,0,127,0,76,218,0,294,136,0,136,430
08/01/2002,MKC,MO,ACE,CE,Combined TRACON& Tower with Radar,1,61,119,2,183,0,39,92,0,131,1,100,211,2,314,146,0,146,460
08/02/2002,MKC,MO,ACE,CE,Combined TRACON& Tower with Radar,0,51,100,2,153,0,25,123,0,148,0,76,223,2,301,125,0,125,426
08/03/2002,MKC,MO,ACE,CE,Combined TRACON& Tower with Radar,0,24,52,1,77,0,0,128,0,128,0,24,180,1,205,188,0,188,393
08/04/2002,MKC,MO,ACE,CE,Combined TRACON& Tower with Radar,0,18,35,0,53,0,1,85,0,86,0,19,120,0,139,106,0,106,245
08/05/2002,MKC,MO,ACE,CE,Combined TRACON& Tower with Radar,0,48,93,2,143,0,13,93,2,108,0,61,186,4,251,147,8,155,406
08/06/2002,MKC,MO,ACE,CE,Combined TRACON& Tower with Radar,0,56,110,3,169,0,15,89,1,105,0,71,199,4,274,113,8,121,395
08/07/2002,MKC,MO,ACE,CE,Combined TRACON& Tower with Radar,0,57,112,2,171,0,12,105,0,117,0,69,217,2,288,107,0,107,395
08/08/2002,MKC,MO,ACE,CE,Combined TRACON& Tower with Radar,0,62,121,2,185,0,24,127,2,153,0,86,248,4,338,176,4,180,518
08/09/2002,MKC,MO,ACE,CE,Combined TRACON& Tower with Radar,0,46,90,0,136,0,180,176,0,356,0,226,266,0,492,115,0,115,607
08/10/2002,MKC,MO,ACE,CE,Combined TRACON& Tower with Radar,0,17,37,0,54,0,0,103,0,103,0,17,140,0,157,158,0,158,315
08/11/2002,MKC,MO,ACE,CE,Combined TRACON& Tower with Radar,0,27,62,2,91,0,0,94,0,94,0,27,156,2,185,125,0,125,310
08/12/2002,MKC,MO,ACE,CE,Combined TRACON& Tower with Radar,0,39,77,0,116,0,8,78,0,86,0,47,155,0,202,115,0,115,317
08/13/2002,MKC,MO,ACE,CE,Combined TRACON& Tower with Radar,0,56,110,0,166,0,25,58,0,83,0,81,168,0,249,79,0,79,328
08/14/2002,MKC,MO,ACE,CE,Combined TRACON& Tower with Radar,0,72,141,3,216,0,8,146,0,154,0,80,287,3,370,134,0,134,504
08/15/2002,MKC,MO,ACE,CE,Combined TRACON& Tower with Radar,0,68,133,3,204,0,21,52,5,78,0,89,185,8,282,117,0,117,399
08/16/2002,MKC,MO,ACE,CE,Combined TRACON& Tower with Radar,0,49,94,2,145,1,2,77,22,102,1,51,171,24,247,64,32,96,343
08/17/2002,MKC,MO,ACE,CE,Combined TRACON& Tower with Radar,0,9,18,0,27,0,4,32,1,37,0,13,50,1,64,27,0,27,91
08/18/2002,MKC,MO,ACE,CE,Combined TRACON& Tower with Radar,0,11,42,0,53,0,0,73,7,80,0,11,115,7,133,34,4,38,171
08/19/2002,MKC,MO,ACE,CE,Combined TRACON& Tower with Radar,0,44,83,2,129,0,4,97,12,113,0,48,180,14,242,313,0,313,555
08/20/2002,MKC,MO,ACE,CE,Combined TRACON& Tower with Radar,0,66,127,2,195,0,17,87,0,104,0,83,214,2,299,82,0,82,381
08/21/2002,MKC,MO,ACE,CE,Combined TRACON& Tower with Radar,0,65,123,2,190,0,18,74,0,92,0,83,197,2,282,99,0,99,381
08/22/2002,MKC,MO,ACE,CE,Combined TRACON& Tower with Radar,0,65,124,2,191,0,19,106,0,125,0,84,230,2,316,80,0,80,396
08/23/2002,MKC,MO,ACE,CE,Combined TRACON& Tower with Radar,0,61,144,4,209,0,0,69,0,69,0,61,213,4,278,104,0,104,382
08/24/2002,MKC,MO,ACE,CE,Combined TRACON& Tower with Radar,0,20,54,1,75,0,0,352,2,354,0,20,406,3,429,58,0,58,487
08/25/2002,MKC,MO,ACE,CE,Combined TRACON& Tower with Radar,0,35,69,1,105,2,0,122,6,130,2,35,191,7,235,109,0,109,344
08/26/2002,MKC,MO,ACE,CE,Combined TRACON& Tower with Radar,0,45,85,0,130,0,11,86,0,97,0,56,171,0,227,152,0,152,379
08/27/2002,MKC,MO,ACE,CE,Combined TRACON& Tower with Radar,0,59,112,2,173,0,7,108,0,115,0,66,220,2,288,109,0,109,397
08/28/2002,MKC,MO,ACE,CE,Combined TRACON& Tower with Radar,0,68,129,3,200,2,9,138,0,149,2,77,267,3,349,69,0,69,418
08/29/2002,MKC,MO,ACE,CE,Combined TRACON& Tower with Radar,0,58,111,2,171,1,17,133,1,152,1,75,244,3,323,172,0,172,495
08/30/2002,MKC,MO,ACE,CE,Combined TRACON& Tower with Radar,0,52,98,0,150,1,8,154,0,163,1,60,252,0,313,167,0,167,480
08/31/2002,MKC,MO,ACE,CE,Combined TRACON& Tower with Radar,0,17,32,0,49,0,6,95,0,101,0,23,127,0,150,120,0,120,270
09/01/2002,MKC,MO,ACE,CE,Combined TRACON& Tower with Radar,0,9,23,0,32,0,10,74,1,85,0,19,97,1,117,71,0,71,188
09/02/2002,MKC,MO,ACE,CE,Combined TRACON& Tower with Radar,0,19,47,0,66,0,11,76,0,87,0,30,123,0,153,104,0,104,257
09/03/2002,MKC,MO,ACE,CE,Combined TRACON& Tower with Radar,1,46,107,1,155,1,21,85,1,108,2,67,192,2,263,104,0,104,367
09/04/2002,MKC,MO,ACE,CE,Combined TRACON& Tower with Radar,0,49,114,1,164,0,25,98,3,126,0,74,212,4,290,107,0,107,397
09/05/2002,MKC,MO,ACE,CE,Combined TRACON& Tower with Radar,0,53,121,1,175,0,24,117,4,145,0,77,238,5,320,198,0,198,518
09/06/2002,MKC,MO,ACE,CE,Combined TRACON& Tower with Radar,0,57,132,2,191,0,18,105,6,129,0,75,237,8,320,167,0,167,487
09/07/2002,MKC,MO,ACE,CE,Combined TRACON& Tower with Radar,0,8,35,0,43,0,0,114,2,116,0,8,149,2,159,177,0,177,336
09/08/2002,MKC,MO,ACE,CE,Combined TRACON& Tower with Radar,0,20,48,0,68,0,8,90,5,103,0,28,138,5,171,160,10,170,341
09/09/2002,MKC,MO,ACE,CE,Combined TRACON& Tower with Radar,0,40,91,0,131,0,23,87,0,110,0,63,178,0,241,163,0,163,404
09/10/2002,MKC,MO,ACE,CE,Combined TRACON& Tower with Radar,0,49,112,0,161,0,19,77,0,96,0,68,189,0,257,111,0,111,368
09/11/2002,MKC,MO,ACE,CE,Combined TRACON& Tower with Radar,0,56,125,2,183,0,13,83,2,98,0,69,208,4,281,107,2,109,390
09/12/2002,MKC,MO,ACE,CE,Combined TRACON& Tower with Radar,0,58,131,0,189,0,18,123,0,141,0,76,254,0,330,127,0,127,457
09/13/2002,MKC,MO,ACE,CE,Combined TRACON& Tower with Radar,1,52,116,0,169,0,7,91,0,98,1,59,207,0,267,116,0,116,383
09/14/2002,MKC,MO,ACE,CE,Combined TRACON& Tower with Radar,0,21,45,0,66,0,1,22,1,24,0,22,67,1,90,95,0,95,185
09/15/2002,MKC,MO,ACE,CE,Combined TRACON& Tower with Radar,1,14,70,0,85,0,0,123,2,125,1,14,193,2,210,117,0,117,327
09/16/2002,MKC,MO,ACE,CE,Combined TRACON& Tower with Radar,0,51,115,0,166,0,6,134,0,140,0,57,249,0,306,277,0,277,583
09/17/2002,MKC,MO,ACE,CE,Combined TRACON& Tower with Radar,0,61,138,2,201,0,11,76,4,91,0,72,214,6,292,104,0,104,396
09/18/2002,MKC,MO,ACE,CE,Combined TRACON& Tower with Radar,0,65,147,2,214,2,19,61,57,139,2,84,208,59,353,59,0,59,412
09/19/2002,MKC,MO,ACE,CE,Combined TRACON& Tower with Radar,0,62,138,1,201,0,6,17,0,23,0,68,155,1,224,28,0,28,252
09/20/2002,MKC,MO,ACE,CE,Combined TRACON& Tower with Radar,0,50,111,1,162,0,6,85,7,98,0,56,196,8,260,175,0,175,435
09/21/2002,MKC,MO,ACE,CE,Combined TRACON& Tower with Radar,0,20,43,0,63,0,9,131,1,141,0,29,174,1,204,180,2,182,386
09/22/2002,MKC,MO,ACE,CE,Combined TRACON& Tower with Radar,0,25,63,0,88,0,0,119,2,121,0,25,182,2,209,150,0,150,359
09/23/2002,MKC,MO,ACE,CE,Combined TRACON& Tower with Radar,0,51,113,2,166,2,18,94,0,114,2,69,207,2,280,89,0,89,369
09/24/2002,MKC,MO,ACE,CE,Combined TRACON& Tower with Radar,0,64,144,1,209,2,11,97,0,110,2,75,241,1,319,81,0,81,400
09/25/2002,MKC,MO,ACE,CE,Combined TRACON& Tower with Radar,0,59,132,2,193,0,27,118,1,146,0,86,250,3,339,108,0,108,447
09/26/2002,MKC,MO,ACE,CE,Combined TRACON& Tower with Radar,2,62,162,2,228,3,0,151,1,155,5,62,313,3,383,103,0,103,486
09/27/2002,MKC,MO,ACE,CE,Combined TRACON& Tower with Radar,0,53,118,1,172,0,5,92,1,98,0,58,210,2,270,109,0,109,379
09/28/2002,MKC,MO,ACE,CE,Combined TRACON& Tower with Radar,0,12,65,0,77,2,0,126,0,128,2,12,191,0,205,183,0,183,388
09/29/2002,MKC,MO,ACE,CE,Combined TRACON& Tower with Radar,0,27,131,0,158,4,0,154,0,158,4,27,285,0,316,94,0,94,410
09/30/2002,MKC,MO,ACE,CE,Combined TRACON& Tower with Radar,0,44,98,1,143,0,3,92,0,95,0,47,190,1,238,45,1,46,284
10/01/2002,MKC,MO,ACE,CE,Combined TRACON& Tower with Radar,0,60,103,2,165,0,9,108,1,118,0,69,211,3,283,100,0,100,383
10/02/2002,MKC,MO,ACE,CE,Combined TRACON& Tower with Radar,0,63,111,0,174,0,10,53,0,63,0,73,164,0,237,22,0,22,259
10/03/2002,MKC,MO,ACE,CE,Combined TRACON& Tower with Radar,0,52,91,1,144,0,17,62,0,79,0,69,153,1,223,77,0,77,300
10/04/2002,MKC,MO,ACE,CE,Combined TRACON& Tower with Radar,0,55,96,2,153,0,16,66,2,84,0,71,162,4,237,43,0,43,280
10/05/2002,MKC,MO,ACE,CE,Combined TRACON& Tower with Radar,0,23,54,1,78,0,0,174,0,174,0,23,228,1,252,177,0,177,429
10/06/2002,MKC,MO,ACE,CE,Combined TRACON& Tower with Radar,0,18,40,1,59,0,0,108,3,111,0,18,148,4,170,59,0,59,229
10/07/2002,MKC,MO,ACE,CE,Combined TRACON& Tower with Radar,0,52,91,2,145,0,4,101,2,107,0,56,192,4,252,153,0,153,405
10/08/2002,MKC,MO,ACE,CE,Combined TRACON& Tower with Radar,0,60,104,2,166,0,5,94,0,99,0,65,198,2,265,117,0,117,382
10/09/2002,MKC,MO,ACE,CE,Combined TRACON& Tower with Radar,0,70,122,2,194,0,1,119,2,122,0,71,241,4,316,167,18,185,501
10/10/2002,MKC,MO,ACE,CE,Combined TRACON& Tower with Radar,0,75,134,3,212,2,0,123,5,130,2,75,257,8,342,117,0,117,459
10/11/2002,MKC,MO,ACE,CE,Combined TRACON& Tower with Radar,0,53,93,2,148,0,3,104,0,107,0,56,197,2,255,73,0,73,328
10/12/2002,MKC,MO,ACE,CE,Combined TRACON& Tower with Radar,0,15,54,0,69,0,0,48,0,48,0,15,102,0,117,17,0,17,134
10/13/2002,MKC,MO,ACE,CE,Combined TRACON& Tower with Radar,0,22,51,0,73,0,0,167,2,169,0,22,218,2,242,146,0,146,388
10/14/2002,MKC,MO,ACE,CE,Combined TRACON& Tower with Radar,0,21,82,0,103,0,0,147,0,147,0,21,229,0,250,111,0,111,361
10/15/2002,MKC,MO,ACE,CE,Combined TRACON& Tower with Radar,0,55,100,1,156,0,0,94,1,95,0,55,194,2,251,96,0,96,347
10/16/2002,MKC,MO,ACE,CE,Combined TRACON& Tower with Radar,0,54,92,1,147,0,25,74,11,110,0,79,166,12,257,89,4,93,350
10/17/2002,MKC,MO,ACE,CE,Combined TRACON& Tower with Radar,0,55,93,1,149,0,16,86,1,103,0,71,179,2,252,86,0,86,338
10/18/2002,MKC,MO,ACE,CE,Combined TRACON& Tower with Radar,0,52,116,1,169,0,0,116,4,120,0,52,232,5,289,69,0,69,358
10/19/2002,MKC,MO,ACE,CE,Combined TRACON& Tower with Radar,0,15,57,0,72,0,0,169,3,172,0,15,226,3,244,98,1,99,343
10/20/2002,MKC,MO,ACE,CE,Combined TRACON& Tower with Radar,0,17,80,1,98,0,0,182,1,183,0,17,262,2,281,179,0,179,460
10/21/2002,MKC,MO,ACE,CE,Combined TRACON& Tower with Radar,0,48,83,2,133,0,0,132,4,136,0,48,215,6,269,96,2,98,367
10/22/2002,MKC,MO,ACE,CE,Combined TRACON& Tower with Radar,0,70,118,1,189,0,0,66,3,69,0,70,184,4,258,95,4,99,357
10/23/2002,MKC,MO,ACE,CE,Combined TRACON& Tower with Radar,0,58,102,2,162,0,0,8,0,8,0,58,110,2,170,5,0,5,175
10/24/2002,MKC,MO,ACE,CE,Combined TRACON& Tower with Radar,0,74,113,0,187,0,16,0,0,16,0,90,113,0,203,0,0,0,203
10/25/2002,MKC,MO,ACE,CE,Combined TRACON& Tower with Radar,0,56,95,0,151,0,32,17,0,49,0,88,112,0,200,0,0,0,200
10/26/2002,MKC,MO,ACE,CE,Combined TRACON& Tower with Radar,0,19,113,1,133,0,0,21,1,22,0,19,134,2,155,196,0,196,351
10/27/2002,MKC,MO,ACE,CE,Combined TRACON& Tower with Radar,0,21,77,0,98,0,0,0,0,0,0,21,77,0,98,29,0,29,127
10/28/2002,MKC,MO,ACE,CE,Combined TRACON& Tower with Radar,0,55,94,0,149,0,0,3,0,3,0,55,97,0,152,0,0,0,152
10/29/2002,MKC,MO,ACE,CE,Combined TRACON& Tower with Radar,0,61,100,0,161,0,14,0,0,14,0,75,100,0,175,10,0,10,185
10/30/2002,MKC,MO,ACE,CE,Combined TRACON& Tower with Radar,0,63,108,0,171,0,6,18,0,24,0,69,126,0,195,28,0,28,223
10/31/2002,MKC,MO,ACE,CE,Combined TRACON& Tower with Radar,0,58,97,0,155,0,17,0,0,17,0,75,97,0,172,20,0,20,192
11/01/2002,MKC,MO,ACE,CE,Combined TRACON& Tower with Radar,0,54,102,0,156,0,11,82,0,93,0,65,184,0,249,96,0,96,345
11/02/2002,MKC,MO,ACE,CE,Combined TRACON& Tower with Radar,0,18,36,1,55,0,3,69,1,73,0,21,105,2,128,83,0,83,211
11/03/2002,MKC,MO,ACE,CE,Combined TRACON& Tower with Radar,0,12,29,0,41,0,0,27,0,27,0,12,56,0,68,12,0,12,80
11/04/2002,MKC,MO,ACE,CE,Combined TRACON& Tower with Radar,0,56,106,2,164,0,3,78,2,83,0,59,184,4,247,88,0,88,335
11/05/2002,MKC,MO,ACE,CE,Combined TRACON& Tower with Radar,0,49,92,0,141,0,24,21,0,45,0,73,113,0,186,22,0,22,208
11/06/2002,MKC,MO,ACE,CE,Combined TRACON& Tower with Radar,0,68,126,0,194,0,4,143,0,147,0,72,269,0,341,135,0,135,476
11/07/2002,MKC,MO,ACE,CE,Combined TRACON& Tower with Radar,0,55,114,2,171,0,0,144,1,145,0,55,258,3,316,89,0,89,405
11/08/2002,MKC,MO,ACE,CE,Combined TRACON& Tower with Radar,0,49,91,2,142,0,10,81,6,97,0,59,172,8,239,64,0,64,303
11/09/2002,MKC,MO,ACE,CE,Combined TRACON& Tower with Radar,0,16,43,1,60,0,0,78,0,78,0,16,121,1,138,87,0,87,225
11/10/2002,MKC,MO,ACE,CE,Combined TRACON& Tower with Radar,0,12,28,0,40,0,0,62,0,62,0,12,90,0,102,136,0,136,238
11/11/2002,MKC,MO,ACE,CE,Combined TRACON& Tower with Radar,0,32,74,0,106,0,0,130,0,130,0,32,204,0,236,192,0,192,428
11/12/2002,MKC,MO,ACE,CE,Combined TRACON& Tower with Radar,0,64,125,0,189,0,0,91,0,91,0,64,216,0,280,133,0,133,413
11/13/2002,MKC,MO,ACE,CE,Combined TRACON& Tower with Radar,0,58,105,0,163,0,3,150,0,153,0,61,255,0,316,62,0,62,378
11/14/2002,MKC,MO,ACE,CE,Combined TRACON& Tower with Radar,0,65,118,0,183,0,10,67,0,77,0,75,185,0,260,80,0,80,340
11/15/2002,MKC,MO,ACE,CE,Combined TRACON& Tower with Radar,0,55,100,1,156,0,6,88,2,96,0,61,188,3,252,120,0,120,372
11/16/2002,MKC,MO,ACE,CE,Combined TRACON& Tower with Radar,0,17,42,0,59,0,0,134,0,134,0,17,176,0,193,150,0,150,343
11/17/2002,MKC,MO,ACE,CE,Combined TRACON& Tower with Radar,0,21,64,0,85,0,0,128,2,130,0,21,192,2,215,175,1,176,391
11/18/2002,MKC,MO,ACE,CE,Combined TRACON& Tower with Radar,0,51,94,1,146,0,3,99,5,107,0,54,193,6,253,110,6,116,369
11/19/2002,MKC,MO,ACE,CE,Combined TRACON& Tower with Radar,0,63,115,0,178,0,19,69,0,88,0,82,184,0,266,172,0,172,438
11/20/2002,MKC,MO,ACE,CE,Combined TRACON& Tower with Radar,0,60,109,1,170,1,14,81,7,103,1,74,190,8,273,100,0,100,373
11/21/2002,MKC,MO,ACE,CE,Combined TRACON& Tower with Radar,0,59,106,0,165,1,20,48,0,69,1,79,154,0,234,94,0,94,328
11/22/2002,MKC,MO,ACE,CE,Combined TRACON& Tower with Radar,0,57,105,1,163,0,12,128,5,145,0,69,233,6,308,157,0,157,465
11/23/2002,MKC,MO,ACE,CE,Combined TRACON& Tower with Radar,0,22,47,0,69,0,0,150,0,150,0,22,197,0,219,186,0,186,405
11/24/2002,MKC,MO,ACE,CE,Combined TRACON& Tower with Radar,0,15,30,0,45,0,0,40,0,40,0,15,70,0,85,111,0,111,196
11/25/2002,MKC,MO,ACE,CE,Combined TRACON& Tower with Radar,0,46,84,0,130,0,7,84,0,91,0,53,168,0,221,109,0,109,330
11/26/2002,MKC,MO,ACE,CE,Combined TRACON& Tower with Radar,0,53,97,0,150,0,21,55,0,76,0,74,152,0,226,79,0,79,305
11/27/2002,MKC,MO,ACE,CE,Combined TRACON& Tower with Radar,0,57,104,1,162,0,12,50,1,63,0,69,154,2,225,190,0,190,415
11/28/2002,MKC,MO,ACE,CE,Combined TRACON& Tower with Radar,0,12,23,0,35,0,10,29,0,39,0,22,52,0,74,54,0,54,128
11/29/2002,MKC,MO,ACE,CE,Combined TRACON& Tower with Radar,0,27,50,0,77,0,11,110,1,122,0,38,160,1,199,88,1,89,288
11/30/2002,MKC,MO,ACE,CE,Combined TRACON& Tower with Radar,0,17,40,0,57,0,0,109,0,109,0,17,149,0,166,125,0,125,291
12/01/2002,MKC,MO,ACE,CE,Combined TRACON& Tower with Radar,0,15,63,0,78,0,0,127,0,127,0,15,190,0,205,202,0,202,407
12/02/2002,MKC,MO,ACE,CE,Combined TRACON& Tower with Radar,0,46,90,0,136,0,15,92,2,109,0,61,182,2,245,102,0,102,347
12/03/2002,MKC,MO,ACE,CE,Combined TRACON& Tower with Radar,0,61,117,0,178,0,7,76,0,83,0,68,193,0,261,82,0,82,343
12/04/2002,MKC,MO,ACE,CE,Combined TRACON& Tower with Radar,0,54,105,2,161,0,17,84,0,101,0,71,189,2,262,128,0,128,390
12/05/2002,MKC,MO,ACE,CE,Combined TRACON& Tower with Radar,0,59,113,0,172,1,28,98,0,127,1,87,211,0,299,226,0,226,525
12/06/2002,MKC,MO,ACE,CE,Combined TRACON& Tower with Radar,0,63,122,2,187,4,6,140,0,150,4,69,262,2,337,132,0,132,469
12/07/2002,MKC,MO,ACE,CE,Combined TRACON& Tower with Radar,0,30,62,1,93,0,0,107,3,110,0,30,169,4,203,158,0,158,361
12/08/2002,MKC,MO,ACE,CE,Combined TRACON& Tower with Radar,0,24,58,1,83,0,0,95,3,98,0,24,153,4,181,205,0,205,386
12/09/2002,MKC,MO,ACE,CE,Combined TRACON& Tower with Radar,0,46,88,0,134,0,4,102,0,106,0,50,190,0,240,120,0,120,360
12/10/2002,MKC,MO,ACE,CE,Combined TRACON& Tower with Radar,0,65,122,1,188,0,8,51,0,59,0,73,173,1,247,41,0,41,288
12/11/2002,MKC,MO,ACE,CE,Combined TRACON& Tower with Radar,0,68,128,0,196,0,5,79,0,84,0,73,207,0,280,132,0,132,412
12/12/2002,MKC,MO,ACE,CE,Combined TRACON& Tower with Radar,0,58,110,0,168,0,33,24,0,57,0,91,134,0,225,100,0,100,325
12/13/2002,MKC,MO,ACE,CE,Combined TRACON& Tower with Radar,0,50,95,2,147,6,14,66,1,87,6,64,161,3,234,97,0,97,331
12/14/2002,MKC,MO,ACE,CE,Combined TRACON& Tower with Radar,0,23,44,1,68,0,0,158,0,158,0,23,202,1,226,227,0,227,453
12/15/2002,MKC,MO,ACE,CE,Combined TRACON& Tower with Radar,0,19,47,1,67,0,0,117,1,118,0,19,164,2,185,212,0,212,397
12/16/2002,MKC,MO,ACE,CE,Combined TRACON& Tower with Radar,0,56,106,2,164,1,6,23,0,30,1,62,129,2,194,63,1,64,258
12/17/2002,MKC,MO,ACE,CE,Combined TRACON& Tower with Radar,0,54,101,1,156,0,35,49,1,85,0,89,150,2,241,25,0,25,266
12/18/2002,MKC,MO,ACE,CE,Combined TRACON& Tower with Radar,0,75,141,1,217,0,2,88,1,91,0,77,229,2,308,105,0,105,413
12/19/2002,MKC,MO,ACE,CE,Combined TRACON& Tower with Radar,0,74,174,2,250,7,0,92,4,103,7,74,266,6,353,110,0,110,463
12/20/2002,MKC,MO,ACE,CE,Combined TRACON& Tower with Radar,0,52,98,0,150,0,17,161,0,178,0,69,259,0,328,66,0,66,394
12/21/2002,MKC,MO,ACE,CE,Combined TRACON& Tower with Radar,0,15,36,0,51,0,0,150,17,167,0,15,186,17,218,130,0,130,348
12/22/2002,MKC,MO,ACE,CE,Combined TRACON& Tower with Radar,0,14,38,0,52,0,0,112,0,112,0,14,150,0,164,82,0,82,246
12/23/2002,MKC,MO,ACE,CE,Combined TRACON& Tower with Radar,0,38,72,0,110,0,11,107,0,118,0,49,179,0,228,182,0,182,410
12/24/2002,MKC,MO,ACE,CE,Combined TRACON& Tower with Radar,0,28,53,0,81,0,28,37,0,65,0,56,90,0,146,27,0,27,173
12/25/2002,MKC,MO,ACE,CE,Combined TRACON& Tower with Radar,0,7,14,0,21,0,4,61,0,65,0,11,75,0,86,83,0,83,169
12/26/2002,MKC,MO,ACE,CE,Combined TRACON& Tower with Radar,0,30,56,0,86,0,22,76,0,98,0,52,132,0,184,69,0,69,253
12/27/2002,MKC,MO,ACE,CE,Combined TRACON& Tower with Radar,0,32,60,0,92,0,38,61,0,99,0,70,121,0,191,118,0,118,309
12/28/2002,MKC,MO,ACE,CE,Combined TRACON& Tower with Radar,0,21,41,0,62,0,0,155,5,160,0,21,196,5,222,240,0,240,462
12/29/2002,MKC,MO,ACE,CE,Combined TRACON& Tower with Radar,0,17,32,0,49,0,4,87,0,91,0,21,119,0,140,75,0,75,215
12/30/2002,MKC,MO,ACE,CE,Combined TRACON& Tower with Radar,0,38,73,0,111,0,10,78,12,100,0,48,151,12,211,87,16,103,314
12/31/2002,MKC,MO,ACE,CE,Combined TRACON& Tower with Radar,0,31,58,0,89,0,34,80,0,114,0,65,138,0,203,114,0,114,317
01/01/2003,MKC,MO,ACE,CE,Combined TRACON& Tower with Radar,0,12,24,0,36,0,14,49,0,63,0,26,73,0,99,132,0,132,231
01/02/2003,MKC,MO,ACE,CE,Combined TRACON& Tower with Radar,0,41,72,0,113,0,19,86,0,105,0,60,158,0,218,159,0,159,377
01/03/2003,MKC,MO,ACE,CE,Combined TRACON& Tower with Radar,0,41,72,0,113,0,24,145,0,169,0,65,217,0,282,66,0,66,348
01/04/2003,MKC,MO,ACE,CE,Combined TRACON& Tower with Radar,0,17,42,1,60,1,0,97,1,99,1,17,139,2,159,103,0,103,262
01/05/2003,MKC,MO,ACE,CE,Combined TRACON& Tower with Radar,0,17,46,0,63,0,0,130,0,130,0,17,176,0,193,95,0,95,288
01/06/2003,MKC,MO,ACE,CE,Combined TRACON& Tower with Radar,0,63,132,0,195,0,0,15,0,15,0,63,147,0,210,111,0,111,321
01/07/2003,MKC,MO,ACE,CE,Combined TRACON& Tower with Radar,0,48,83,1,132,0,13,81,1,95,0,61,164,2,227,109,0,109,336
01/08/2003,MKC,MO,ACE,CE,Combined TRACON& Tower with Radar,0,51,87,1,139,0,4,140,0,144,0,55,227,1,283,125,0,125,408
01/09/2003,MKC,MO,ACE,CE,Combined TRACON& Tower with Radar,0,60,104,1,165,0,22,49,2,73,0,82,153,3,238,70,0,70,308
01/10/2003,MKC,MO,ACE,CE,Combined TRACON& Tower with Radar,0,40,67,1,108,0,18,98,2,118,0,58,165,3,226,116,0,116,342
01/11/2003,MKC,MO,ACE,CE,Combined TRACON& Tower with Radar,0,21,34,0,55,0,0,116,0,116,0,21,150,0,171,154,0,154,325
01/12/2003,MKC,MO,ACE,CE,Combined TRACON& Tower with Radar,0,17,31,1,49,0,0,84,1,85,0,17,115,2,134,106,0,106,240
01/13/2003,MKC,MO,ACE,CE,Combined TRACON& Tower with Radar,0,50,86,1,137,0,0,64,3,67,0,50,150,4,204,72,3,75,279
01/14/2003,MKC,MO,ACE,CE,Combined TRACON& Tower with Radar,0,57,95,1,153,0,18,107,3,128,0,75,202,4,281,110,0,110,391
01/15/2003,MKC,MO,ACE,CE,Combined TRACON& Tower with Radar,0,61,104,0,165,0,3,71,0,74,0,64,175,0,239,61,0,61,300
01/16/2003,MKC,MO,ACE,CE,Combined TRACON& Tower with Radar,0,48,79,0,127,0,14,42,0,56,0,62,121,0,183,55,0,55,238
01/17/2003,MKC,MO,ACE,CE,Combined TRACON& Tower with Radar,0,49,83,0,132,0,6,93,0,99,0,55,176,0,231,56,0,56,287
01/18/2003,MKC,MO,ACE,CE,Combined TRACON& Tower with Radar,0,11,23,1,35,0,0,32,1,33,0,11,55,2,68,24,0,24,92
01/19/2003,MKC,MO,ACE,CE,Combined TRACON& Tower with Radar,0,14,28,0,42,0,0,93,0,93,0,14,121,0,135,106,2,108,243
01/20/2003,MKC,MO,ACE,CE,Combined TRACON& Tower with Radar,0,28,65,0,93,0,0,132,0,132,0,28,197,0,225,96,0,96,321
01/21/2003,MKC,MO,ACE,CE,Combined TRACON& Tower with Radar,0,61,102,0,163,0,5,64,0,69,0,66,166,0,232,89,0,89,321
01/22/2003,MKC,MO,ACE,CE,Combined TRACON& Tower with Radar,0,43,73,0,116,0,17,19,0,36,0,60,92,0,152,18,0,18,170
01/23/2003,MKC,MO,ACE,CE,Combined TRACON& Tower with Radar,0,57,96,0,153,2,8,58,2,70,2,65,154,2,223,35,0,35,258
01/24/2003,MKC,MO,ACE,CE,Combined TRACON& Tower with Radar,0,43,71,0,114,0,2,48,6,56,0,45,119,6,170,112,2,114,284
01/25/2003,MKC,MO,ACE,CE,Combined TRACON& Tower with Radar,0,14,31,0,45,0,0,114,2,116,0,14,145,2,161,59,0,59,220
01/26/2003,MKC,MO,ACE,CE,Combined TRACON& Tower with Radar,0,13,23,0,36,0,4,50,0,54,0,17,73,0,90,38,0,38,128
01/27/2003,MKC,MO,ACE,CE,Combined TRACON& Tower with Radar,0,56,98,0,154,0,0,109,0,109,0,56,207,0,263,65,0,65,328
01/28/2003,MKC,MO,ACE,CE,Combined TRACON& Tower with Radar,0,57,96,0,153,0,13,72,0,85,0,70,168,0,238,27,0,27,265
01/29/2003,MKC,MO,ACE,CE,Combined TRACON& Tower with Radar,0,46,77,0,123,0,21,128,0,149,0,67,205,0,272,62,2,64,336
01/30/2003,MKC,MO,ACE,CE,Combined TRACON& Tower with Radar,0,73,123,1,197,0,11,74,4,89,0,84,197,5,286,111,4,115,401
01/31/2003,MKC,MO,ACE,CE,Combined TRACON& Tower with Radar,0,68,123,1,192,0,0,90,0,90,0,68,213,1,282,50,0,50,332
02/01/2003,MKC,MO,ACE,CE,Combined TRACON& Tower with Radar,0,24,44,0,68,0,1,141,1,143,0,25,185,1,211,175,0,175,386
02/02/2003,MKC,MO,ACE,CE,Combined TRACON& Tower with Radar,0,19,45,0,64,0,0,121,0,121,0,19,166,0,185,134,0,134,319
02/03/2003,MKC,MO,ACE,CE,Combined TRACON& Tower with Radar,0,29,45,0,74,0,14,0,0,14,0,43,45,0,88,0,0,0,88
02/04/2003,MKC,MO,ACE,CE,Combined TRACON& Tower with Radar,0,67,126,2,195,0,0,68,0,68,0,67,194,2,263,100,4,104,367
02/05/2003,MKC,MO,ACE,CE,Combined TRACON& Tower with Radar,0,56,103,0,159,0,18,63,0,81,0,74,166,0,240,63,0,63,303
02/06/2003,MKC,MO,ACE,CE,Combined TRACON& Tower with Radar,0,13,81,2,96,0,0,0,0,0,0,13,81,2,96,134,0,134,230
02/07/2003,MKC,MO,ACE,CE,Combined TRACON& Tower with Radar,0,83,164,0,247,3,0,36,0,39,3,83,200,0,286,13,0,13,299
02/08/2003,MKC,MO,ACE,CE,Combined TRACON& Tower with Radar,0,14,27,1,42,1,50,216,31,298,1,64,243,32,340,57,1,58,398
02/09/2003,MKC,MO,ACE,CE,Combined TRACON& Tower with Radar,0,8,31,1,40,0,0,105,0,105,0,8,136,1,145,143,0,143,288
02/10/2003,MKC,MO,ACE,CE,Combined TRACON& Tower with Radar,0,63,122,3,188,0,0,3,1,4,0,63,125,4,192,75,0,75,267
02/11/2003,MKC,MO,ACE,CE,Combined TRACON& Tower with Radar,0,56,103,2,161,0,15,85,5,105,0,71,188,7,266,67,0,67,333
02/12/2003,MKC,MO,ACE,CE,Combined TRACON& Tower with Radar,0,52,94,2,148,0,19,76,0,95,0,71,170,2,243,125,0,125,368
02/13/2003,MKC,MO,ACE,CE,Combined TRACON& Tower with Radar,0,69,125,3,197,0,6,89,0,95,0,75,214,3,292,109,12,121,413
02/14/2003,MKC,MO,ACE,CE,Combined TRACON& Tower with Radar,0,28,49,1,78,0,22,39,1,62,0,50,88,2,140,0,0,0,140
02/15/2003,MKC,MO,ACE,CE,Combined TRACON& Tower with Radar,0,9,17,0,26,0,18,5,0,23,0,27,22,0,49,0,0,0,49
02/16/2003,MKC,MO,ACE,CE,Combined TRACON& Tower with Radar,0,17,40,0,57,0,0,78,0,78,0,17,118,0,135,64,0,64,199
02/17/2003,MKC,MO,ACE,CE,Combined TRACON& Tower with Radar,0,27,63,0,90,0,0,97,0,97,0,27,160,0,187,113,0,113,300
02/18/2003,MKC,MO,ACE,CE,Combined TRACON& Tower with Radar,0,55,111,1,167,0,0,75,1,76,0,55,186,2,243,110,0,110,353
02/19/2003,MKC,MO,ACE,CE,Combined TRACON& Tower with Radar,0,64,114,1,179,0,10,86,6,102,0,74,200,7,281,112,0,112,393
02/20/2003,MKC,MO,ACE,CE,Combined TRACON& Tower with Radar,0,67,120,0,187,0,6,125,0,131,0,73,245,0,318,199,0,199,517
02/21/2003,MKC,MO,ACE,CE,Combined TRACON& Tower with Radar,0,48,87,0,135,0,5,95,0,100,0,53,182,0,235,152,0,152,387
02/22/2003,MKC,MO,ACE,CE,Combined TRACON& Tower with Radar,0,10,22,0,32,0,0,55,2,57,0,10,77,2,89,116,0,116,205
02/23/2003,MKC,MO,ACE,CE,Combined TRACON& Tower with Radar,0,6,12,0,18,0,0,24,8,32,0,6,36,8,50,3,0,3,53
02/24/2003,MKC,MO,ACE,CE,Combined TRACON& Tower with Radar,0,34,62,0,96,0,17,27,0,44,0,51,89,0,140,35,0,35,175
02/25/2003,MKC,MO,ACE,CE,Combined TRACON& Tower with Radar,0,43,77,0,120,0,26,27,0,53,0,69,104,0,173,62,0,62,235
02/26/2003,MKC,MO,ACE,CE,Combined TRACON& Tower with Radar,0,60,123,0,183,0,0,52,0,52,0,60,175,0,235,32,0,32,267
02/27/2003,MKC,MO,ACE,CE,Combined TRACON& Tower with Radar,0,37,65,0,102,0,23,41,0,64,0,60,106,0,166,27,0,27,193
02/28/2003,MKC,MO,ACE,CE,Combined TRACON& Tower with Radar,0,48,85,0,133,0,9,48,0,57,0,57,133,0,190,82,0,82,272
03/01/2003,MKC,MO,ACE,CE,Combined TRACON& Tower with Radar,0,7,25,0,32,0,0,11,0,11,0,7,36,0,43,4,0,4,47
03/02/2003,MKC,MO,ACE,CE,Combined TRACON& Tower with Radar,0,19,39,1,59,0,0,130,0,130,0,19,169,1,189,139,0,139,328
03/03/2003,MKC,MO,ACE,CE,Combined TRACON& Tower with Radar,0,45,75,2,122,0,2,76,1,79,0,47,151,3,201,58,2,60,261
03/04/2003,MKC,MO,ACE,CE,Combined TRACON& Tower with Radar,0,48,81,2,131,0,11,45,0,56,0,59,126,2,187,16,0,16,203
03/05/2003,MKC,MO,ACE,CE,Combined TRACON& Tower with Radar,0,56,93,0,149,0,9,19,0,28,0,65,112,0,177,7,0,7,184
03/06/2003,MKC,MO,ACE,CE,Combined TRACON& Tower with Radar,0,55,92,0,147,0,5,93,0,98,0,60,185,0,245,76,0,76,321
03/07/2003,MKC,MO,ACE,CE,Combined TRACON& Tower with Radar,0,60,105,0,165,0,0,181,0,181,0,60,286,0,346,162,0,162,508
03/08/2003,MKC,MO,ACE,CE,Combined TRACON& Tower with Radar,0,21,37,0,58,0,0,83,0,83,0,21,120,0,141,172,0,172,313
03/09/2003,MKC,MO,ACE,CE,Combined TRACON& Tower with Radar,0,23,44,0,67,0,0,117,0,117,0,23,161,0,184,107,0,107,291
03/10/2003,MKC,MO,ACE,CE,Combined TRACON& Tower with Radar,0,52,88,0,140,0,5,79,0,84,0,57,167,0,224,858,0,858,1082
03/11/2003,MKC,MO,ACE,CE,Combined TRACON& Tower with Radar,0,64,107,0,171,0,14,63,0,77,0,78,170,0,248,90,0,90,338
03/12/2003,MKC,MO,ACE,CE,Combined TRACON& Tower with Radar,0,64,107,2,173,0,14,29,0,43,0,78,136,2,216,38,2,40,256
03/13/2003,MKC,MO,ACE,CE,Combined TRACON& Tower with Radar,0,74,126,3,203,1,1,95,1,98,1,75,221,4,301,36,4,40,341
03/14/2003,MKC,MO,ACE,CE,Combined TRACON& Tower with Radar,0,55,108,0,163,0,0,108,0,108,0,55,216,0,271,91,0,91,362
03/15/2003,MKC,MO,ACE,CE,Combined TRACON& Tower with Radar,0,18,46,0,64,0,0,168,4,172,0,18,214,4,236,187,0,187,423
03/16/2003,MKC,MO,ACE,CE,Combined TRACON& Tower with Radar,0,26,51,0,77,0,0,97,0,97,0,26,148,0,174,113,0,113,287
03/17/2003,MKC,MO,ACE,CE,Combined TRACON& Tower with Radar,0,31,51,0,82,0,15,68,0,83,0,46,119,0,165,67,0,67,232
03/18/2003,MKC,MO,ACE,CE,Combined TRACON& Tower with Radar,0,49,79,0,128,0,12,37,0,49,0,61,116,0,177,41,0,41,218
03/19/2003,MKC,MO,ACE,CE,Combined TRACON& Tower with Radar,0,36,58,1,95,0,29,58,1,88,0,65,116,2,183,0,0,0,183
03/20/2003,MKC,MO,ACE,CE,Combined TRACON& Tower with Radar,0,35,56,0,91,0,33,28,3,64,0,68,84,3,155,5,0,5,160
03/21/2003,MKC,MO,ACE,CE,Combined TRACON& Tower with Radar,0,56,91,1,148,0,7,127,11,145,0,63,218,12,293,127,0,127,420
03/22/2003,MKC,MO,ACE,CE,Combined TRACON& Tower with Radar,0,15,38,0,53,0,0,160,1,161,0,15,198,1,214,223,0,223,437
03/23/2003,MKC,MO,ACE,CE,Combined TRACON& Tower with Radar,0,19,50,0,69,0,0,149,2,151,0,19,199,2,220,194,0,194,414
03/24/2003,MKC,MO,ACE,CE,Combined TRACON& Tower with Radar,0,41,68,0,109,0,7,90,0,97,0,48,158,0,206,91,0,91,297
03/25/2003,MKC,MO,ACE,CE,Combined TRACON& Tower with Radar,0,71,117,2,190,0,0,96,2,98,0,71,213,4,288,106,0,106,394
03/26/2003,MKC,MO,ACE,CE,Combined TRACON& Tower with Radar,0,61,100,2,163,0,5,67,2,74,0,66,167,4,237,72,0,72,309
03/27/2003,MKC,MO,ACE,CE,Combined TRACON& Tower with Radar,0,54,90,0,144,0,0,77,0,77,0,54,167,0,221,49,0,49,270
03/28/2003,MKC,MO,ACE,CE,Combined TRACON& Tower with Radar,0,37,61,0,98,0,5,76,0,81,0,42,137,0,179,130,0,130,309
03/29/2003,MKC,MO,ACE,CE,Combined TRACON& Tower with Radar,0,27,43,0,70,0,0,79,0,79,0,27,122,0,149,59,0,59,208
03/30/2003,MKC,MO,ACE,CE,Combined TRACON& Tower with Radar,0,20,48,0,68,0,0,139,2,141,0,20,187,2,209,158,0,158,367
03/31/2003,MKC,MO,ACE,CE,Combined TRACON& Tower with Radar,0,39,81,1,121,0,0,85,0,85,0,39,166,1,206,62,0,62,268
04/01/2003,MKC,MO,ACE,CE,Combined TRACON& Tower with Radar,0,56,100,0,156,0,6,91,0,97,0,62,191,0,253,115,0,115,368
04/02/2003,MKC,MO,ACE,CE,Combined TRACON& Tower with Radar,0,44,79,0,123,0,22,44,2,68,0,66,123,2,191,39,0,39,230
04/03/2003,MKC,MO,ACE,CE,Combined TRACON& Tower with Radar,0,36,65,1,102,0,31,98,5,134,0,67,163,6,236,23,0,23,259
04/04/2003,MKC,MO,ACE,CE,Combined TRACON& Tower with Radar,0,43,107,1,151,0,0,0,0,0,0,43,107,1,151,32,0,32,183
04/05/2003,MKC,MO,ACE,CE,Combined TRACON& Tower with Radar,0,13,30,1,44,0,0,122,1,123,0,13,152,2,167,194,0,194,361
04/06/2003,MKC,MO,ACE,CE,Combined TRACON& Tower with Radar,0,10,18,0,28,0,5,30,0,35,0,15,48,0,63,0,0,0,63
04/07/2003,MKC,MO,ACE,CE,Combined TRACON& Tower with Radar,0,38,68,0,106,0,3,20,0,23,0,41,88,0,129,15,0,15,144
04/08/2003,MKC,MO,ACE,CE,Combined TRACON& Tower with Radar,0,56,102,0,158,0,12,43,0,55,0,68,145,0,213,121,0,121,334
04/09/2003,MKC,MO,ACE,CE,Combined TRACON& Tower with Radar,0,71,130,1,202,0,7,83,1,91,0,78,213,2,293,105,0,105,398
04/10/2003,MKC,MO,ACE,CE,Combined TRACON& Tower with Radar,0,59,108,1,168,0,8,107,1,116,0,67,215,2,284,133,0,133,417
04/11/2003,MKC,MO,ACE,CE,Combined TRACON& Tower with Radar,0,45,103,1,149,0,0,151,1,152,0,45,254,2,301,100,0,100,401
04/12/2003,MKC,MO,ACE,CE,Combined TRACON& Tower with Radar,0,8,39,0,47,0,0,124,0,124,0,8,163,0,171,91,0,91,262
04/13/2003,MKC,MO,ACE,CE,Combined TRACON& Tower with Radar,0,18,38,1,57,0,0,136,14,150,0,18,174,15,207,162,0,162,369
04/14/2003,MKC,MO,ACE,CE,Combined TRACON& Tower with Radar,0,45,88,1,134,0,0,57,13,70,0,45,145,14,204,29,0,29,233
04/15/2003,MKC,MO,ACE,CE,Combined TRACON& Tower with Radar,0,60,110,0,170,0,0,53,2,55,0,60,163,2,225,36,0,36,261
04/16/2003,MKC,MO,ACE,CE,Combined TRACON& Tower with Radar,0,61,111,0,172,0,10,27,0,37,0,71,138,0,209,9,0,9,218
04/17/2003,MKC,MO,ACE,CE,Combined TRACON& Tower with Radar,0,49,88,0,137,0,24,93,0,117,0,73,181,0,254,63,0,63,317
04/18/2003,MKC,MO,ACE,CE,Combined TRACON& Tower with Radar,0,34,64,0,98,0,12,46,0,58,0,46,110,0,156,44,0,44,200
04/19/2003,MKC,MO,ACE,CE,Combined TRACON& Tower with Radar,0,3,10,0,13,0,0,11,0,11,0,3,21,0,24,31,0,31,55
04/20/2003,MKC,MO,ACE,CE,Combined TRACON& Tower with Radar,0,15,38,0,53,0,0,52,0,52,0,15,90,0,105,26,0,26,131
04/21/2003,MKC,MO,ACE,CE,Combined TRACON& Tower with Radar,0,51,94,0,145,0,1,78,0,79,0,52,172,0,224,110,0,110,334
04/22/2003,MKC,MO,ACE,CE,Combined TRACON& Tower with Radar,0,60,117,0,177,0,0,99,0,99,0,60,216,0,276,105,0,105,381
04/23/2003,MKC,MO,ACE,CE,Combined TRACON& Tower with Radar,0,55,100,0,155,0,5,66,0,71,0,60,166,0,226,55,0,55,281
04/24/2003,MKC,MO,ACE,CE,Combined TRACON& Tower with Radar,0,35,66,0,101,0,18,61,0,79,0,53,127,0,180,12,0,12,192
04/25/2003,MKC,MO,ACE,CE,Combined TRACON& Tower with Radar,0,42,77,0,119,0,8,69,6,83,0,50,146,6,202,30,4,34,236
04/26/2003,MKC,MO,ACE,CE,Combined TRACON& Tower with Radar,0,9,46,0,55,0,0,129,2,131,0,9,175,2,186,145,1,146,332
04/27/2003,MKC,MO,ACE,CE,Combined TRACON& Tower with Radar,0,23,44,0,67,0,8,149,0,157,0,31,193,0,224,186,0,186,410
04/28/2003,MKC,MO,ACE,CE,Combined TRACON& Tower with Radar,0,53,99,0,152,0,0,68,14,82,0,53,167,14,234,101,0,101,335
04/29/2003,MKC,MO,ACE,CE,Combined TRACON& Tower with Radar,0,60,110,0,170,0,6,60,2,68,0,66,170,2,238,91,0,91,329
04/30/2003,MKC,MO,ACE,CE,Combined TRACON& Tower with Radar,0,54,100,0,154,0,2,64,1,67,0,56,164,1,221,33,0,33,254
05/01/2003,MKC,MO,ACE,CE,Combined TRACON& Tower with Radar,0,55,108,2,165,0,17,59,4,80,0,72,167,6,245,132,0,132,377
05/02/2003,MKC,MO,ACE,CE,Combined TRACON& Tower with Radar,0,49,97,2,148,0,5,147,0,152,0,54,244,2,300,151,0,151,451
05/03/2003,MKC,MO,ACE,CE,Combined TRACON& Tower with Radar,0,23,51,1,75,0,0,125,7,132,0,23,176,8,207,133,0,133,340
05/04/2003,MKC,MO,ACE,CE,Combined TRACON& Tower with Radar,0,16,34,0,50,0,3,17,0,20,0,19,51,0,70,12,0,12,82
05/05/2003,MKC,MO,ACE,CE,Combined TRACON& Tower with Radar,0,45,89,2,136,0,11,152,2,165,0,56,241,4,301,80,0,80,381
05/06/2003,MKC,MO,ACE,CE,Combined TRACON& Tower with Radar,0,56,112,2,170,0,13,96,0,109,0,69,208,2,279,118,0,118,397
05/07/2003,MKC,MO,ACE,CE,Combined TRACON& Tower with Radar,0,66,130,0,196,0,9,140,0,149,0,75,270,0,345,101,0,101,446
05/08/2003,MKC,MO,ACE,CE,Combined TRACON& Tower with Radar,0,31,62,0,93,0,35,18,0,53,0,66,80,0,146,4,0,4,150
05/09/2003,MKC,MO,ACE,CE,Combined TRACON& Tower with Radar,0,50,99,3,152,0,11,141,1,153,0,61,240,4,305,104,0,104,409
05/10/2003,MKC,MO,ACE,CE,Combined TRACON& Tower with Radar,0,5,42,0,47,0,0,48,0,48,0,5,90,0,95,23,0,23,118
05/11/2003,MKC,MO,ACE,CE,Combined TRACON& Tower with Radar,0,7,29,1,37,0,0,40,1,41,0,7,69,2,78,56,0,56,134
05/12/2003,MKC,MO,ACE,CE,Combined TRACON& Tower with Radar,0,61,118,2,181,0,4,88,3,95,0,65,206,5,276,80,1,81,357
05/13/2003,MKC,MO,ACE,CE,Combined TRACON& Tower with Radar,0,72,154,2,228,0,0,83,4,87,0,72,237,6,315,148,0,148,463
05/14/2003,MKC,MO,ACE,CE,Combined TRACON& Tower with Radar,0,64,123,1,188,0,4,108,0,112,0,68,231,1,300,99,0,99,399
05/15/2003,MKC,MO,ACE,CE,Combined TRACON& Tower with Radar,0,69,140,2,211,0,0,126,0,126,0,69,266,2,337,121,0,121,458
05/16/2003,MKC,MO,ACE,CE,Combined TRACON& Tower with Radar,0,38,72,1,111,0,20,24,1,45,0,58,96,2,156,34,0,34,190
05/17/2003,MKC,MO,ACE,CE,Combined TRACON& Tower with Radar,0,10,33,0,43,0,0,71,2,73,0,10,104,2,116,87,0,87,203
05/18/2003,MKC,MO,ACE,CE,Combined TRACON& Tower with Radar,0,22,51,0,73,0,0,99,2,101,0,22,150,2,174,219,0,219,393
05/19/2003,MKC,MO,ACE,CE,Combined TRACON& Tower with Radar,0,44,75,0,119,0,25,0,0,25,0,69,75,0,144,34,0,34,178
05/20/2003,MKC,MO,ACE,CE,Combined TRACON& Tower with Radar,0,57,117,2,176,0,0,117,4,121,0,57,234,6,297,34,0,34,331
05/21/2003,MKC,MO,ACE,CE,Combined TRACON& Tower with Radar,0,55,105,1,161,0,15,160,0,175,0,70,265,1,336,140,0,140,476
05/22/2003,MKC,MO,ACE,CE,Combined TRACON& Tower with Radar,0,62,119,2,183,0,15,165,2,182,0,77,284,4,365,64,0,64,429
05/23/2003,MKC,MO,ACE,CE,Combined TRACON& Tower with Radar,0,48,92,0,140,0,20,113,0,133,0,68,205,0,273,100,0,100,373
05/24/2003,MKC,MO,ACE,CE,Combined TRACON& Tower with Radar,0,13,24,0,37,0,1,24,0,25,0,14,48,0,62,31,0,31,93
05/25/2003,MKC,MO,ACE,CE,Combined TRACON& Tower with Radar,0,12,24,0,36,0,3,96,0,99,0,15,120,0,135,68,0,68,203
05/26/2003,MKC,MO,ACE,CE,Combined TRACON& Tower with Radar,0,7,26,0,33,1,0,133,2,136,1,7,159,2,169,131,0,131,300
05/27/2003,MKC,MO,ACE,CE,Combined TRACON& Tower with Radar,0,43,83,2,128,0,1,100,0,101,0,44,183,2,229,66,0,66,295
05/28/2003,MKC,MO,ACE,CE,Combined TRACON& Tower with Radar,0,65,126,3,194,0,0,66,20,86,0,65,192,23,280,88,14,102,382
05/29/2003,MKC,MO,ACE,CE,Combined TRACON& Tower with Radar,0,57,112,1,170,0,10,101,0,111,0,67,213,1,281,97,0,97,378
05/30/2003,MKC,MO,ACE,CE,Combined TRACON& Tower with Radar,0,49,96,1,146,0,9,120,0,129,0,58,216,1,275,97,0,97,372
05/31/2003,MKC,MO,ACE,CE,Combined TRACON& Tower with Radar,0,17,37,0,54,0,0,86,0,86,0,17,123,0,140,56,0,56,196
06/01/2003,MKC,MO,ACE,CE,Combined TRACON& Tower with Radar,0,0,0,0,0,0,16,135,0,151,0,16,135,0,151,143,0,143,294
06/02/2003,MKC,MO,ACE,CE,Combined TRACON& Tower with Radar,0,11,66,0,77,0,37,47,0,84,0,48,113,0,161,38,0,38,199
06/03/2003,MKC,MO,ACE,CE,Combined TRACON& Tower with Radar,0,29,163,0,192,0,44,23,0,67,0,73,186,0,259,104,0,104,363
06/04/2003,MKC,MO,ACE,CE,Combined TRACON& Tower with Radar,0,34,186,0,220,0,35,88,2,125,0,69,274,2,345,129,0,129,474
06/05/2003,MKC,MO,ACE,CE,Combined TRACON& Tower with Radar,0,28,158,0,186,0,30,56,10,96,0,58,214,10,282,133,0,133,415
06/06/2003,MKC,MO,ACE,CE,Combined TRACON& Tower with Radar,0,24,135,0,159,0,41,40,0,81,0,65,175,0,240,128,0,128,368
06/07/2003,MKC,MO,ACE,CE,Combined TRACON& Tower with Radar,0,7,40,0,47,0,5,97,2,104,0,12,137,2,151,100,0,100,251
06/08/2003,MKC,MO,ACE,CE,Combined TRACON& Tower with Radar,0,10,55,0,65,0,6,80,6,92,0,16,135,6,157,86,0,86,243
06/09/2003,MKC,MO,ACE,CE,Combined TRACON& Tower with Radar,0,22,122,0,144,1,36,88,4,129,1,58,210,4,273,95,0,95,368
06/10/2003,MKC,MO,ACE,CE,Combined TRACON& Tower with Radar,0,24,134,0,158,0,47,24,0,71,0,71,158,0,229,111,0,111,340
06/11/2003,MKC,MO,ACE,CE,Combined TRACON& Tower with Radar,0,35,193,0,228,0,27,59,0,86,0,62,252,0,314,168,0,168,482
06/12/2003,MKC,MO,ACE,CE,Combined TRACON& Tower with Radar,0,22,125,0,147,0,41,29,4,74,0,63,154,4,221,128,0,128,349
06/13/2003,MKC,MO,ACE,CE,Combined TRACON& Tower with Radar,0,25,138,0,163,1,53,59,0,113,1,78,197,0,276,140,0,140,416
06/14/2003,MKC,MO,ACE,CE,Combined TRACON& Tower with Radar,0,9,49,0,58,0,6,91,0,97,0,15,140,0,155,109,0,109,264
06/15/2003,MKC,MO,ACE,CE,Combined TRACON& Tower with Radar,0,11,62,0,73,0,11,110,0,121,0,22,172,0,194,70,6,76,270
06/16/2003,MKC,MO,ACE,CE,Combined TRACON& Tower with Radar,0,22,120,0,142,0,24,77,0,101,0,46,197,0,243,75,0,75,318
06/17/2003,MKC,MO,ACE,CE,Combined TRACON& Tower with Radar,0,28,156,0,184,0,45,85,0,130,0,73,241,0,314,133,0,133,447
06/18/2003,MKC,MO,ACE,CE,Combined TRACON& Tower with Radar,0,31,170,0,201,0,35,112,0,147,0,66,282,0,348,63,0,63,411
06/19/2003,MKC,MO,ACE,CE,Combined TRACON& Tower with Radar,0,34,185,0,219,0,32,93,0,125,0,66,278,0,344,116,0,116,460
06/20/2003,MKC,MO,ACE,CE,Combined TRACON& Tower with Radar,0,26,146,0,172,0,32,90,4,126,0,58,236,4,298,130,0,130,428
06/21/2003,MKC,MO,ACE,CE,Combined TRACON& Tower with Radar,0,9,49,0,58,0,14,87,0,101,0,23,136,0,159,143,0,143,302
06/22/2003,MKC,MO,ACE,CE,Combined TRACON& Tower with Radar,0,31,111,2,144,0,0,0,0,0,0,31,111,2,144,36,0,36,180
06/23/2003,MKC,MO,ACE,CE,Combined TRACON& Tower with Radar,0,23,131,0,154,0,29,37,0,66,0,52,168,0,220,74,0,74,294
06/24/2003,MKC,MO,ACE,CE,Combined TRACON& Tower with Radar,0,28,157,0,185,0,38,60,2,100,0,66,217,2,285,127,0,127,412
06/25/2003,MKC,MO,ACE,CE,Combined TRACON& Tower with Radar,0,9,53,0,62,0,49,104,2,155,0,58,157,2,217,47,0,47,264
06/26/2003,MKC,MO,ACE,CE,Combined TRACON& Tower with Radar,0,31,174,0,205,0,33,135,2,170,0,64,309,2,375,238,0,238,613
06/27/2003,MKC,MO,ACE,CE,Combined TRACON& Tower with Radar,0,24,133,0,157,0,45,86,0,131,0,69,219,0,288,130,0,130,418
06/28/2003,MKC,MO,ACE,CE,Combined TRACON& Tower with Radar,0,10,60,0,70,0,21,86,1,108,0,31,146,1,178,120,2,122,300
06/29/2003,MKC,MO,ACE,CE,Combined TRACON& Tower with Radar,0,9,53,0,62,0,11,52,0,63,0,20,105,0,125,46,0,46,171
06/30/2003,MKC,MO,ACE,CE,Combined TRACON& Tower with Radar,0,20,109,0,129,0,26,88,6,120,0,46,197,6,249,107,0,107,356
07/01/2003,MKC,MO,ACE,CE,Combined TRACON& Tower with Radar,0,48,99,2,149,0,21,106,4,131,0,69,205,6,280,221,0,221,501
07/02/2003,MKC,MO,ACE,CE,Combined TRACON& Tower with Radar,0,54,111,0,165,0,17,93,0,110,0,71,204,0,275,135,0,135,410
07/03/2003,MKC,MO,ACE,CE,Combined TRACON& Tower with Radar,0,47,96,1,144,0,4,110,3,117,0,51,206,4,261,177,0,177,438
07/04/2003,MKC,MO,ACE,CE,Combined TRACON& Tower with Radar,0,11,25,0,36,0,2,56,0,58,0,13,81,0,94,112,0,112,206
07/05/2003,MKC,MO,ACE,CE,Combined TRACON& Tower with Radar,0,10,25,0,35,0,0,94,3,97,0,10,119,3,132,103,0,103,235
07/06/2003,MKC,MO,ACE,CE,Combined TRACON& Tower with Radar,0,25,62,0,87,0,0,129,0,129,0,25,191,0,216,56,0,56,272
07/07/2003,MKC,MO,ACE,CE,Combined TRACON& Tower with Radar,0,41,85,0,126,0,13,88,0,101,0,54,173,0,227,58,0,58,285
07/08/2003,MKC,MO,ACE,CE,Combined TRACON& Tower with Radar,0,46,95,2,143,0,13,110,0,123,0,59,205,2,266,114,0,114,380
07/09/2003,MKC,MO,ACE,CE,Combined TRACON& Tower with Radar,0,53,108,2,163,0,32,101,0,133,0,85,209,2,296,131,0,131,427
07/10/2003,MKC,MO,ACE,CE,Combined TRACON& Tower with Radar,0,57,118,0,175,0,24,136,0,160,0,81,254,0,335,101,0,101,436
07/11/2003,MKC,MO,ACE,CE,Combined TRACON& Tower with Radar,0,52,106,0,158,0,19,106,0,125,0,71,212,0,283,203,0,203,486
07/12/2003,MKC,MO,ACE,CE,Combined TRACON& Tower with Radar,0,18,41,0,59,0,0,133,0,133,0,18,174,0,192,205,0,205,397
07/13/2003,MKC,MO,ACE,CE,Combined TRACON& Tower with Radar,0,11,38,0,49,0,0,130,0,130,0,11,168,0,179,103,0,103,282
07/14/2003,MKC,MO,ACE,CE,Combined TRACON& Tower with Radar,0,45,99,2,146,0,0,113,0,113,0,45,212,2,259,93,0,93,352
07/15/2003,MKC,MO,ACE,CE,Combined TRACON& Tower with Radar,0,52,103,0,155,0,24,109,0,133,0,76,212,0,288,217,0,217,505
07/16/2003,MKC,MO,ACE,CE,Combined TRACON& Tower with Radar,0,63,126,2,191,1,8,99,2,110,1,71,225,4,301,147,0,147,448
07/17/2003,MKC,MO,ACE,CE,Combined TRACON& Tower with Radar,0,58,116,0,174,0,14,125,0,139,0,72,241,0,313,226,0,226,539
07/18/2003,MKC,MO,ACE,CE,Combined TRACON& Tower with Radar,0,51,101,0,152,0,11,107,0,118,0,62,208,0,270,188,0,188,458
07/19/2003,MKC,MO,ACE,CE,Combined TRACON& Tower with Radar,0,22,53,0,75,0,0,83,0,83,0,22,136,0,158,193,0,193,351
07/20/2003,MKC,MO,ACE,CE,Combined TRACON& Tower with Radar,0,13,40,0,53,2,0,87,20,109,2,13,127,20,162,106,0,106,268
07/21/2003,MKC,MO,ACE,CE,Combined TRACON& Tower with Radar,0,43,86,1,130,0,0,113,5,118,0,43,199,6,248,214,0,214,462
07/22/2003,MKC,MO,ACE,CE,Combined TRACON& Tower with Radar,0,60,120,3,183,0,11,98,5,114,0,71,218,8,297,247,2,249,546
07/23/2003,MKC,MO,ACE,CE,Combined TRACON& Tower with Radar,0,60,120,3,183,0,5,147,11,163,0,65,267,14,346,304,6,310,656
07/24/2003,MKC,MO,ACE,CE,Combined TRACON& Tower with Radar,0,52,104,0,156,0,18,114,0,132,0,70,218,0,288,217,0,217,505
07/25/2003,MKC,MO,ACE,CE,Combined TRACON& Tower with Radar,0,46,92,1,139,0,23,106,1,130,0,69,198,2,269,194,0,194,463
07/26/2003,MKC,MO,ACE,CE,Combined TRACON& Tower with Radar,0,11,33,0,44,0,0,100,0,100,0,11,133,0,144,67,0,67,211
07/27/2003,MKC,MO,ACE,CE,Combined TRACON& Tower with Radar,0,19,54,1,74,0,0,64,1,65,0,19,118,2,139,51,0,51,190
07/28/2003,MKC,MO,ACE,CE,Combined TRACON& Tower with Radar,0,49,97,1,147,0,14,85,1,100,0,63,182,2,247,157,0,157,404
07/29/2003,MKC,MO,ACE,CE,Combined TRACON& Tower with Radar,0,56,112,2,170,2,10,84,3,99,2,66,196,5,269,141,2,143,412
07/30/2003,MKC,MO,ACE,CE,Combined TRACON& Tower with Radar,0,59,119,3,181,0,12,86,2,100,0,71,205,5,281,237,0,237,518
07/31/2003,MKC,MO,ACE,CE,Combined TRACON& Tower with Radar,0,54,108,1,163,0,6,94,0,100,0,60,202,1,263,108,0,108,371
08/01/2003,MKC,MO,ACE,CE,Combined TRACON& Tower with Radar,0,50,93,1,144,0,15,75,3,93,0,65,168,4,237,136,0,136,373
08/02/2003,MKC,MO,ACE,CE,Combined TRACON& Tower with Radar,0,14,31,0,45,0,0,101,0,101,0,14,132,0,146,106,0,106,252
08/03/2003,MKC,MO,ACE,CE,Combined TRACON& Tower with Radar,0,11,105,1,117,0,0,17,0,17,0,11,122,1,134,92,0,92,226
08/04/2003,MKC,MO,ACE,CE,Combined TRACON& Tower with Radar,0,49,91,1,141,0,9,74,0,83,0,58,165,1,224,134,0,134,358
08/05/2003,MKC,MO,ACE,CE,Combined TRACON& Tower with Radar,0,52,98,2,152,0,14,69,0,83,0,66,167,2,235,182,2,184,419
08/06/2003,MKC,MO,ACE,CE,Combined TRACON& Tower with Radar,0,73,136,2,211,0,18,122,0,140,0,91,258,2,351,165,0,165,516
08/07/2003,MKC,MO,ACE,CE,Combined TRACON& Tower with Radar,0,54,100,1,155,0,16,83,1,100,0,70,183,2,255,158,0,158,413
08/08/2003,MKC,MO,ACE,CE,Combined TRACON& Tower with Radar,0,56,105,0,161,0,9,107,0,116,0,65,212,0,277,151,0,151,428
08/09/2003,MKC,MO,ACE,CE,Combined TRACON& Tower with Radar,0,17,45,0,62,0,0,307,0,307,0,17,352,0,369,119,0,119,488
08/10/2003,MKC,MO,ACE,CE,Combined TRACON& Tower with Radar,0,14,45,0,59,0,0,119,0,119,0,14,164,0,178,100,0,100,278
08/11/2003,MKC,MO,ACE,CE,Combined TRACON& Tower with Radar,0,50,93,0,143,0,12,83,0,95,0,62,176,0,238,137,0,137,375
08/12/2003,MKC,MO,ACE,CE,Combined TRACON& Tower with Radar,0,62,116,2,180,0,2,103,0,105,0,64,219,2,285,117,0,117,402
08/13/2003,MKC,MO,ACE,CE,Combined TRACON& Tower with Radar,0,69,125,0,194,0,8,95,0,103,0,77,220,0,297,75,0,75,372
08/14/2003,MKC,MO,ACE,CE,Combined TRACON& Tower with Radar,0,84,154,3,241,0,8,113,4,125,0,92,267,7,366,205,0,205,571
08/15/2003,MKC,MO,ACE,CE,Combined TRACON& Tower with Radar,0,57,104,1,162,0,11,89,5,105,0,68,193,6,267,146,2,148,415
08/16/2003,MKC,MO,ACE,CE,Combined TRACON& Tower with Radar,0,28,61,0,89,0,0,117,6,123,0,28,178,6,212,195,0,195,407
08/17/2003,MKC,MO,ACE,CE,Combined TRACON& Tower with Radar,0,20,61,0,81,0,0,116,0,116,0,20,177,0,197,240,0,240,437
08/18/2003,MKC,MO,ACE,CE,Combined TRACON& Tower with Radar,0,45,83,0,128,0,8,110,0,118,0,53,193,0,246,84,0,84,330
08/19/2003,MKC,MO,ACE,CE,Combined TRACON& Tower with Radar,0,58,106,2,166,0,24,94,4,122,0,82,200,6,288,154,0,154,442
08/20/2003,MKC,MO,ACE,CE,Combined TRACON& Tower with Radar,0,55,99,0,154,0,11,102,0,113,0,66,201,0,267,101,0,101,368
08/21/2003,MKC,MO,ACE,CE,Combined TRACON& Tower with Radar,0,61,110,1,172,0,18,68,0,86,0,79,178,1,258,66,0,66,324
08/22/2003,MKC,MO,ACE,CE,Combined TRACON& Tower with Radar,0,0,0,0,0,0,0,0,0,0,0,0,0,0,0,0,0,0,0
08/23/2003,MKC,MO,ACE,CE,Combined TRACON& Tower with Radar,0,22,49,0,71,0,0,100,2,102,0,22,149,2,173,164,0,164,337
08/24/2003,MKC,MO,ACE,CE,Combined TRACON& Tower with Radar,0,21,46,0,67,0,0,74,2,76,0,21,120,2,143,163,0,163,306
08/25/2003,MKC,MO,ACE,CE,Combined TRACON& Tower with Radar,0,53,98,1,152,0,11,76,3,90,0,64,174,4,242,40,0,40,282
08/26/2003,MKC,MO,ACE,CE,Combined TRACON& Tower with Radar,0,67,123,2,192,0,2,58,2,62,0,69,181,4,254,67,0,67,321
08/27/2003,MKC,MO,ACE,CE,Combined TRACON& Tower with Radar,0,66,121,0,187,0,13,81,0,94,0,79,202,0,281,62,0,62,343
08/28/2003,MKC,MO,ACE,CE,Combined TRACON& Tower with Radar,0,57,105,0,162,0,21,90,0,111,0,78,195,0,273,71,0,71,344
08/29/2003,MKC,MO,ACE,CE,Combined TRACON& Tower with Radar,0,52,95,1,148,1,18,38,3,60,1,70,133,4,208,104,2,106,314
08/30/2003,MKC,MO,ACE,CE,Combined TRACON& Tower with Radar,0,9,18,0,27,0,13,41,0,54,0,22,59,0,81,84,0,84,165
08/31/2003,MKC,MO,ACE,CE,Combined TRACON& Tower with Radar,0,2,9,0,11,0,0,12,0,12,0,2,21,0,23,0,0,0,23
09/01/2003,MKC,MO,ACE,CE,Combined TRACON& Tower with Radar,0,14,42,0,56,0,0,61,5,66,0,14,103,5,122,63,0,63,185
09/02/2003,MKC,MO,ACE,CE,Combined TRACON& Tower with Radar,1,51,86,2,140,1,6,72,1,80,2,57,158,3,220,119,0,119,339
09/03/2003,MKC,MO,ACE,CE,Combined TRACON& Tower with Radar,1,61,102,0,164,0,10,96,0,106,1,71,198,0,270,167,0,167,437
09/04/2003,MKC,MO,ACE,CE,Combined TRACON& Tower with Radar,0,59,101,2,162,0,22,119,2,143,0,81,220,4,305,214,0,214,519
09/05/2003,MKC,MO,ACE,CE,Combined TRACON& Tower with Radar,1,65,111,2,179,1,23,113,2,139,2,88,224,4,318,116,0,116,434
09/06/2003,MKC,MO,ACE,CE,Combined TRACON& Tower with Radar,0,24,43,0,67,0,2,72,1,75,0,26,115,1,142,75,0,75,217
09/07/2003,MKC,MO,ACE,CE,Combined TRACON& Tower with Radar,1,30,56,0,87,0,0,107,1,108,1,30,163,1,195,72,0,72,267
09/08/2003,MKC,MO,ACE,CE,Combined TRACON& Tower with Radar,0,54,92,1,147,0,5,68,5,78,0,59,160,6,225,59,0,59,284
09/09/2003,MKC,MO,ACE,CE,Combined TRACON& Tower with Radar,0,69,117,0,186,0,18,80,0,98,0,87,197,0,284,145,0,145,429
09/10/2003,MKC,MO,ACE,CE,Combined TRACON& Tower with Radar,0,74,137,0,211,0,0,97,0,97,0,74,234,0,308,111,0,111,419
09/11/2003,MKC,MO,ACE,CE,Combined TRACON& Tower with Radar,0,58,99,0,157,0,14,40,0,54,0,72,139,0,211,68,0,68,279
09/12/2003,MKC,MO,ACE,CE,Combined TRACON& Tower with Radar,0,48,81,2,131,0,29,142,0,171,0,77,223,2,302,15,0,15,317
09/13/2003,MKC,MO,ACE,CE,Combined TRACON& Tower with Radar,0,12,23,0,35,0,7,34,0,41,0,19,57,0,76,9,0,9,85
09/14/2003,MKC,MO,ACE,CE,Combined TRACON& Tower with Radar,0,29,60,2,91,0,0,162,6,168,0,29,222,8,259,88,0,88,347
09/15/2003,MKC,MO,ACE,CE,Combined TRACON& Tower with Radar,0,60,99,1,160,0,14,78,4,96,0,74,177,5,256,121,0,121,377
09/16/2003,MKC,MO,ACE,CE,Combined TRACON& Tower with Radar,0,65,108,2,175,0,22,77,2,101,0,87,185,4,276,134,0,134,410
09/17/2003,MKC,MO,ACE,CE,Combined TRACON& Tower with Radar,0,70,116,2,188,0,11,53,9,73,0,81,169,11,261,114,0,114,375
09/18/2003,MKC,MO,ACE,CE,Combined TRACON& Tower with Radar,0,58,96,0,154,2,11,59,0,72,2,69,155,0,226,25,0,25,251
09/19/2003,MKC,MO,ACE,CE,Combined TRACON& Tower with Radar,0,62,103,0,165,0,20,80,0,100,0,82,183,0,265,77,0,77,342
09/20/2003,MKC,MO,ACE,CE,Combined TRACON& Tower with Radar,0,18,54,0,72,0,0,147,2,149,0,18,201,2,221,165,0,165,386
09/21/2003,MKC,MO,ACE,CE,Combined TRACON& Tower with Radar,0,22,45,0,67,0,0,23,2,25,0,22,68,2,92,16,0,16,108
09/22/2003,MKC,MO,ACE,CE,Combined TRACON& Tower with Radar,0,64,105,2,171,2,6,109,0,117,2,70,214,2,288,92,0,92,380
09/23/2003,MKC,MO,ACE,CE,Combined TRACON& Tower with Radar,0,71,118,1,190,0,30,104,0,134,0,101,222,1,324,137,0,137,461
09/24/2003,MKC,MO,ACE,CE,Combined TRACON& Tower with Radar,0,73,123,1,197,1,17,77,0,95,1,90,200,1,292,156,0,156,448
09/25/2003,MKC,MO,ACE,CE,Combined TRACON& Tower with Radar,0,71,119,0,190,0,20,153,0,173,0,91,272,0,363,172,0,172,535
09/26/2003,MKC,MO,ACE,CE,Combined TRACON& Tower with Radar,0,57,94,0,151,0,28,68,0,96,0,85,162,0,247,117,0,117,364
09/27/2003,MKC,MO,ACE,CE,Combined TRACON& Tower with Radar,0,27,45,0,72,0,4,87,0,91,0,31,132,0,163,136,0,136,299
09/28/2003,MKC,MO,ACE,CE,Combined TRACON& Tower with Radar,0,22,53,0,75,0,0,92,0,92,0,22,145,0,167,120,0,120,287
09/29/2003,MKC,MO,ACE,CE,Combined TRACON& Tower with Radar,0,63,104,0,167,0,13,81,0,94,0,76,185,0,261,144,0,144,405
09/30/2003,MKC,MO,ACE,CE,Combined TRACON& Tower with Radar,0,58,96,0,154,0,11,36,0,47,0,69,132,0,201,79,0,79,280
10/01/2003,MKC,MO,ACE,CE,Combined TRACON& Tower with Radar,0,62,122,2,186,0,26,94,4,124,0,88,216,6,310,190,0,190,500
10/02/2003,MKC,MO,ACE,CE,Combined TRACON& Tower with Radar,0,74,144,2,220,0,17,124,4,145,0,91,268,6,365,104,0,104,469
10/03/2003,MKC,MO,ACE,CE,Combined TRACON& Tower with Radar,0,72,140,2,214,0,17,68,3,88,0,89,208,5,302,128,0,128,430
10/04/2003,MKC,MO,ACE,CE,Combined TRACON& Tower with Radar,0,31,67,1,99,0,0,152,2,154,0,31,219,3,253,143,0,143,396
10/05/2003,MKC,MO,ACE,CE,Combined TRACON& Tower with Radar,0,64,127,0,191,0,0,193,0,193,0,64,320,0,384,126,0,126,510
10/06/2003,MKC,MO,ACE,CE,Combined TRACON& Tower with Radar,0,44,86,0,130,0,19,117,0,136,0,63,203,0,266,190,0,190,456
10/07/2003,MKC,MO,ACE,CE,Combined TRACON& Tower with Radar,0,56,110,1,167,0,33,77,0,110,0,89,187,1,277,178,0,178,455
10/08/2003,MKC,MO,ACE,CE,Combined TRACON& Tower with Radar,0,64,125,2,191,0,26,72,3,101,0,90,197,5,292,123,0,123,415
10/09/2003,MKC,MO,ACE,CE,Combined TRACON& Tower with Radar,0,65,127,2,194,0,21,69,2,92,0,86,196,4,286,162,6,168,454
10/10/2003,MKC,MO,ACE,CE,Combined TRACON& Tower with Radar,0,49,93,0,142,0,36,84,0,120,0,85,177,0,262,250,0,250,512
10/11/2003,MKC,MO,ACE,CE,Combined TRACON& Tower with Radar,0,18,34,0,52,0,2,39,0,41,0,20,73,0,93,21,0,21,114
10/12/2003,MKC,MO,ACE,CE,Combined TRACON& Tower with Radar,0,30,56,0,86,0,5,111,0,116,0,35,167,0,202,72,0,72,274
10/13/2003,MKC,MO,ACE,CE,Combined TRACON& Tower with Radar,0,33,62,0,95,0,1,42,0,43,0,34,104,0,138,63,0,63,201
10/14/2003,MKC,MO,ACE,CE,Combined TRACON& Tower with Radar,0,61,119,1,181,0,20,78,1,99,0,81,197,2,280,110,2,112,392
10/15/2003,MKC,MO,ACE,CE,Combined TRACON& Tower with Radar,0,62,121,0,183,0,15,81,0,96,0,77,202,0,279,197,0,197,476
10/16/2003,MKC,MO,ACE,CE,Combined TRACON& Tower with Radar,0,66,127,1,194,0,15,56,1,72,0,81,183,2,266,82,0,82,348
10/17/2003,MKC,MO,ACE,CE,Combined TRACON& Tower with Radar,0,58,112,1,171,0,44,88,1,133,0,102,200,2,304,140,0,140,444
10/18/2003,MKC,MO,ACE,CE,Combined TRACON& Tower with Radar,0,19,37,0,56,0,5,112,0,117,0,24,149,0,173,114,0,114,287
10/19/2003,MKC,MO,ACE,CE,Combined TRACON& Tower with Radar,0,26,70,0,96,0,0,170,2,172,0,26,240,2,268,133,0,133,401
10/20/2003,MKC,MO,ACE,CE,Combined TRACON& Tower with Radar,0,57,109,0,166,0,14,63,0,77,0,71,172,0,243,70,0,70,313
10/21/2003,MKC,MO,ACE,CE,Combined TRACON& Tower with Radar,0,69,133,1,203,0,8,72,3,83,0,77,205,4,286,132,0,132,418
10/22/2003,MKC,MO,ACE,CE,Combined TRACON& Tower with Radar,0,66,128,0,194,0,13,128,0,141,0,79,256,0,335,126,0,126,461
10/23/2003,MKC,MO,ACE,CE,Combined TRACON& Tower with Radar,0,56,108,0,164,0,25,93,0,118,0,81,201,0,282,57,0,57,339
10/24/2003,MKC,MO,ACE,CE,Combined TRACON& Tower with Radar,0,53,104,0,157,0,14,83,0,97,0,67,187,0,254,68,2,70,324
10/25/2003,MKC,MO,ACE,CE,Combined TRACON& Tower with Radar,0,13,35,0,48,0,0,97,3,100,0,13,132,3,148,100,0,100,248
10/26/2003,MKC,MO,ACE,CE,Combined TRACON& Tower with Radar,0,37,72,0,109,0,5,150,0,155,0,42,222,0,264,59,0,59,323
10/27/2003,MKC,MO,ACE,CE,Combined TRACON& Tower with Radar,0,57,111,1,169,0,4,107,1,112,0,61,218,2,281,28,0,28,309
10/28/2003,MKC,MO,ACE,CE,Combined TRACON& Tower with Radar,0,61,120,0,181,0,26,48,0,74,0,87,168,0,255,66,0,66,321
10/29/2003,MKC,MO,ACE,CE,Combined TRACON& Tower with Radar,0,59,116,0,175,0,11,70,0,81,0,70,186,0,256,98,0,98,354
10/30/2003,MKC,MO,ACE,CE,Combined TRACON& Tower with Radar,0,65,126,1,192,0,20,54,3,77,0,85,180,4,269,97,0,97,366
10/31/2003,MKC,MO,ACE,CE,Combined TRACON& Tower with Radar,0,49,95,0,144,0,34,33,0,67,0,83,128,0,211,82,0,82,293
11/01/2003,MKC,MO,ACE,CE,Combined TRACON& Tower with Radar,0,17,34,0,51,0,6,41,2,49,0,23,75,2,100,127,0,127,227
11/02/2003,MKC,MO,ACE,CE,Combined TRACON& Tower with Radar,0,9,20,0,29,0,9,36,0,45,0,18,56,0,74,0,0,0,74
11/03/2003,MKC,MO,ACE,CE,Combined TRACON& Tower with Radar,0,52,99,0,151,0,18,28,0,46,0,70,127,0,197,79,0,79,276
11/04/2003,MKC,MO,ACE,CE,Combined TRACON& Tower with Radar,1,41,79,0,121,1,41,48,0,90,2,82,127,0,211,80,0,80,291
11/05/2003,MKC,MO,ACE,CE,Combined TRACON& Tower with Radar,0,48,93,1,142,0,33,61,0,94,0,81,154,1,236,181,0,181,417
11/06/2003,MKC,MO,ACE,CE,Combined TRACON& Tower with Radar,0,76,144,1,221,0,11,117,1,129,0,87,261,2,350,108,0,108,458
11/07/2003,MKC,MO,ACE,CE,Combined TRACON& Tower with Radar,0,59,112,1,172,0,19,124,10,153,0,78,236,11,325,119,0,119,444
11/08/2003,MKC,MO,ACE,CE,Combined TRACON& Tower with Radar,0,17,59,1,77,0,0,86,0,86,0,17,145,1,163,65,0,65,228
11/09/2003,MKC,MO,ACE,CE,Combined TRACON& Tower with Radar,0,37,70,1,108,0,6,107,1,114,0,43,177,2,222,37,4,41,263
11/10/2003,MKC,MO,ACE,CE,Combined TRACON& Tower with Radar,0,29,54,1,84,0,23,27,2,52,0,52,81,3,136,9,0,9,145
11/11/2003,MKC,MO,ACE,CE,Combined TRACON& Tower with Radar,0,18,32,0,50,0,48,95,0,143,0,66,127,0,193,51,0,51,244
11/12/2003,MKC,MO,ACE,CE,Combined TRACON& Tower with Radar,0,55,102,0,157,0,2,64,0,66,0,57,166,0,223,24,0,24,247
11/13/2003,MKC,MO,ACE,CE,Combined TRACON& Tower with Radar,0,74,137,2,213,0,10,106,0,116,0,84,243,2,329,132,0,132,461
11/14/2003,MKC,MO,ACE,CE,Combined TRACON& Tower with Radar,0,56,104,2,162,0,25,61,2,88,0,81,165,4,250,43,0,43,293
11/15/2003,MKC,MO,ACE,CE,Combined TRACON& Tower with Radar,0,24,45,0,69,0,3,56,0,59,0,27,101,0,128,61,0,61,189
11/16/2003,MKC,MO,ACE,CE,Combined TRACON& Tower with Radar,0,25,48,0,73,0,0,112,0,112,0,25,160,0,185,72,0,72,257
11/17/2003,MKC,MO,ACE,CE,Combined TRACON& Tower with Radar,0,37,69,0,106,0,18,29,0,47,0,55,98,0,153,16,0,16,169
11/18/2003,MKC,MO,ACE,CE,Combined TRACON& Tower with Radar,0,69,128,0,197,0,13,55,0,68,0,82,183,0,265,72,0,72,337
11/19/2003,MKC,MO,ACE,CE,Combined TRACON& Tower with Radar,0,81,161,3,245,0,0,133,3,136,0,81,294,6,381,142,0,142,523
11/20/2003,MKC,MO,ACE,CE,Combined TRACON& Tower with Radar,0,69,129,2,200,0,11,68,4,83,0,80,197,6,283,92,0,92,375
11/21/2003,MKC,MO,ACE,CE,Combined TRACON& Tower with Radar,0,58,45,0,103,0,46,0,0,46,0,104,45,0,149,149,0,149,298
11/22/2003,MKC,MO,ACE,CE,Combined TRACON& Tower with Radar,0,23,41,0,64,0,4,62,2,68,0,27,103,2,132,160,0,160,292
11/23/2003,MKC,MO,ACE,CE,Combined TRACON& Tower with Radar,0,30,55,0,85,2,2,12,2,18,2,32,67,2,103,25,0,25,128
11/24/2003,MKC,MO,ACE,CE,Combined TRACON& Tower with Radar,0,48,91,1,140,0,0,82,0,82,0,48,173,1,222,28,0,28,250
11/25/2003,MKC,MO,ACE,CE,Combined TRACON& Tower with Radar,0,60,111,1,172,1,14,78,0,93,1,74,189,1,265,155,0,155,420
11/26/2003,MKC,MO,ACE,CE,Combined TRACON& Tower with Radar,0,55,101,1,157,1,12,43,3,59,1,67,144,4,216,109,0,109,325
11/27/2003,MKC,MO,ACE,CE,Combined TRACON& Tower with Radar,0,14,26,0,40,0,25,36,0,61,0,39,62,0,101,31,0,31,132
11/28/2003,MKC,MO,ACE,CE,Combined TRACON& Tower with Radar,0,29,55,0,84,0,27,78,0,105,0,56,133,0,189,161,0,161,350
11/29/2003,MKC,MO,ACE,CE,Combined TRACON& Tower with Radar,0,20,39,0,59,0,1,59,0,60,0,21,98,0,119,33,0,33,152
11/30/2003,MKC,MO,ACE,CE,Combined TRACON& Tower with Radar,0,26,62,0,88,0,0,144,1,145,0,26,206,1,233,67,0,67,300
12/01/2003,MKC,MO,ACE,CE,Combined TRACON& Tower with Radar,0,56,115,2,173,0,0,29,1,30,0,56,144,3,203,47,0,47,250
12/02/2003,MKC,MO,ACE,CE,Combined TRACON& Tower with Radar,0,33,55,1,89,0,54,142,1,197,0,87,197,2,286,109,0,109,395
12/03/2003,MKC,MO,ACE,CE,Combined TRACON& Tower with Radar,0,33,55,0,88,0,32,45,0,77,0,65,100,0,165,0,0,0,165
12/04/2003,MKC,MO,ACE,CE,Combined TRACON& Tower with Radar,0,61,101,2,164,0,17,41,0,58,0,78,142,2,222,23,0,23,245
12/05/2003,MKC,MO,ACE,CE,Combined TRACON& Tower with Radar,0,82,135,2,219,0,30,36,2,68,0,112,171,4,287,60,0,60,347
12/06/2003,MKC,MO,ACE,CE,Combined TRACON& Tower with Radar,0,25,43,0,68,0,15,258,0,273,0,40,301,0,341,161,0,161,502
12/07/2003,MKC,MO,ACE,CE,Combined TRACON& Tower with Radar,0,45,93,2,140,0,0,151,0,151,0,45,244,2,291,97,0,97,388
12/08/2003,MKC,MO,ACE,CE,Combined TRACON& Tower with Radar,0,48,80,0,128,0,8,131,0,139,0,56,211,0,267,96,0,96,363
12/09/2003,MKC,MO,ACE,CE,Combined TRACON& Tower with Radar,0,0,0,0,0,0,70,77,0,147,0,70,77,0,147,0,0,0,147
12/10/2003,MKC,MO,ACE,CE,Combined TRACON& Tower with Radar,0,0,0,0,0,0,73,141,5,219,0,73,141,5,219,17,0,17,236
12/11/2003,MKC,MO,ACE,CE,Combined TRACON& Tower with Radar,0,72,127,2,201,0,0,108,0,108,0,72,235,2,309,32,0,32,341
12/12/2003,MKC,MO,ACE,CE,Combined TRACON& Tower with Radar,0,50,85,2,137,0,1,89,16,106,0,51,174,18,243,84,1,85,328
12/13/2003,MKC,MO,ACE,CE,Combined TRACON& Tower with Radar,0,13,20,0,33,0,2,8,0,10,0,15,28,0,43,4,0,4,47
12/14/2003,MKC,MO,ACE,CE,Combined TRACON& Tower with Radar,0,18,30,0,48,0,0,44,0,44,0,18,74,0,92,0,0,0,92
12/15/2003,MKC,MO,ACE,CE,Combined TRACON& Tower with Radar,0,47,75,1,123,0,5,109,0,114,0,52,184,1,237,44,0,44,281
12/16/2003,MKC,MO,ACE,CE,Combined TRACON& Tower with Radar,0,69,111,0,180,0,14,65,0,79,0,83,176,0,259,82,0,82,341
12/17/2003,MKC,MO,ACE,CE,Combined TRACON& Tower with Radar,0,76,122,2,200,0,1,117,7,125,0,77,239,9,325,133,0,133,458
12/18/2003,MKC,MO,ACE,CE,Combined TRACON& Tower with Radar,0,57,92,0,149,0,8,84,0,92,0,65,176,0,241,44,0,44,285
12/19/2003,MKC,MO,ACE,CE,Combined TRACON& Tower with Radar,0,57,98,1,156,0,0,171,1,172,0,57,269,2,328,157,0,157,485
12/20/2003,MKC,MO,ACE,CE,Combined TRACON& Tower with Radar,0,25,52,0,77,0,0,152,0,152,0,25,204,0,229,96,0,96,325
12/21/2003,MKC,MO,ACE,CE,Combined TRACON& Tower with Radar,0,25,39,0,64,0,20,64,0,84,0,45,103,0,148,234,0,234,382
12/22/2003,MKC,MO,ACE,CE,Combined TRACON& Tower with Radar,0,39,62,0,101,0,26,16,0,42,0,65,78,0,143,36,0,36,179
12/23/2003,MKC,MO,ACE,CE,Combined TRACON& Tower with Radar,0,49,79,0,128,0,22,88,0,110,0,71,167,0,238,129,0,129,367
12/24/2003,MKC,MO,ACE,CE,Combined TRACON& Tower with Radar,0,37,59,0,96,0,14,60,0,74,0,51,119,0,170,71,0,71,241
12/25/2003,MKC,MO,ACE,CE,Combined TRACON& Tower with Radar,0,11,20,0,31,0,7,35,0,42,0,18,55,0,73,40,0,40,113
12/26/2003,MKC,MO,ACE,CE,Combined TRACON& Tower with Radar,0,37,61,0,98,0,19,57,0,76,0,56,118,0,174,68,0,68,242
12/27/2003,MKC,MO,ACE,CE,Combined TRACON& Tower with Radar,0,30,50,0,80,0,0,14,0,14,0,30,64,0,94,21,0,21,115
12/28/2003,MKC,MO,ACE,CE,Combined TRACON& Tower with Radar,0,17,44,0,61,0,0,92,0,92,0,17,136,0,153,62,0,62,215
12/29/2003,MKC,MO,ACE,CE,Combined TRACON& Tower with Radar,0,33,54,0,87,0,18,95,2,115,0,51,149,2,202,100,2,102,304
12/30/2003,MKC,MO,ACE,CE,Combined TRACON& Tower with Radar,0,44,73,0,117,0,15,59,2,76,0,59,132,2,193,56,0,56,249
12/31/2003,MKC,MO,ACE,CE,Combined TRACON& Tower with Radar,0,28,45,0,73,0,24,71,0,95,0,52,116,0,168,118,0,118,286
01/01/2004,MKC,MO,ACE,CE,Combined TRACON& Tower with Radar,0,15,27,0,42,0,9,31,0,40,0,24,58,0,82,22,0,22,104
01/02/2004,MKC,MO,ACE,CE,Combined TRACON& Tower with Radar,0,39,68,1,108,0,13,71,0,84,0,52,139,1,192,38,0,38,230
01/03/2004,MKC,MO,ACE,CE,Combined TRACON& Tower with Radar,0,20,40,1,61,0,0,58,0,58,0,20,98,1,119,68,0,68,187
01/04/2004,MKC,MO,ACE,CE,Combined TRACON& Tower with Radar,0,12,21,0,33,0,8,14,0,22,0,20,35,0,55,1,0,1,56
01/05/2004,MKC,MO,ACE,CE,Combined TRACON& Tower with Radar,0,45,77,0,122,0,18,29,0,47,0,63,106,0,169,18,0,18,187
01/06/2004,MKC,MO,ACE,CE,Combined TRACON& Tower with Radar,0,58,102,2,162,0,17,34,0,51,0,75,136,2,213,87,0,87,300
01/07/2004,MKC,MO,ACE,CE,Combined TRACON& Tower with Radar,0,52,91,0,143,0,9,38,0,47,0,61,129,0,190,47,0,47,237
01/08/2004,MKC,MO,ACE,CE,Combined TRACON& Tower with Radar,0,41,70,0,111,0,25,87,0,112,0,66,157,0,223,94,0,94,317
01/09/2004,MKC,MO,ACE,CE,Combined TRACON& Tower with Radar,0,43,74,1,118,0,14,53,3,70,0,57,127,4,188,86,0,86,274
01/10/2004,MKC,MO,ACE,CE,Combined TRACON& Tower with Radar,0,30,90,2,122,0,0,110,0,110,0,30,200,2,232,135,2,137,369
01/11/2004,MKC,MO,ACE,CE,Combined TRACON& Tower with Radar,0,45,80,0,125,0,0,113,0,113,0,45,193,0,238,57,0,57,295
01/12/2004,MKC,MO,ACE,CE,Combined TRACON& Tower with Radar,0,55,102,2,159,0,0,52,2,54,0,55,154,4,213,60,0,60,273
01/13/2004,MKC,MO,ACE,CE,Combined TRACON& Tower with Radar,0,59,102,2,163,0,8,80,8,96,0,67,182,10,259,98,0,98,357
01/14/2004,MKC,MO,ACE,CE,Combined TRACON& Tower with Radar,0,64,111,0,175,0,14,44,0,58,0,78,155,0,233,77,0,77,310
01/15/2004,MKC,MO,ACE,CE,Combined TRACON& Tower with Radar,0,60,104,0,164,0,14,69,0,83,0,74,173,0,247,84,0,84,331
01/16/2004,MKC,MO,ACE,CE,Combined TRACON& Tower with Radar,0,33,56,0,89,0,36,38,0,74,0,69,94,0,163,12,0,12,175
01/17/2004,MKC,MO,ACE,CE,Combined TRACON& Tower with Radar,0,9,16,0,25,0,3,28,0,31,0,12,44,0,56,0,0,0,56
01/18/2004,MKC,MO,ACE,CE,Combined TRACON& Tower with Radar,0,14,25,0,39,0,1,78,0,79,0,15,103,0,118,52,0,52,170
01/19/2004,MKC,MO,ACE,CE,Combined TRACON& Tower with Radar,0,34,65,0,99,0,0,84,0,84,0,34,149,0,183,43,0,43,226
01/20/2004,MKC,MO,ACE,CE,Combined TRACON& Tower with Radar,0,68,118,0,186,0,6,59,0,65,0,74,177,0,251,75,0,75,326
01/21/2004,MKC,MO,ACE,CE,Combined TRACON& Tower with Radar,0,75,131,1,207,0,8,64,7,79,0,83,195,8,286,59,2,61,347
01/22/2004,MKC,MO,ACE,CE,Combined TRACON& Tower with Radar,0,67,118,1,186,0,12,63,2,77,0,79,181,3,263,122,0,122,385
01/23/2004,MKC,MO,ACE,CE,Combined TRACON& Tower with Radar,0,57,99,1,157,0,10,53,3,66,0,67,152,4,223,90,2,92,315
01/24/2004,MKC,MO,ACE,CE,Combined TRACON& Tower with Radar,0,15,53,0,68,0,0,99,0,99,0,15,152,0,167,106,0,106,273
01/25/2004,MKC,MO,ACE,CE,Combined TRACON& Tower with Radar,0,5,10,0,15,0,2,8,0,10,0,7,18,0,25,0,0,0,25
01/26/2004,MKC,MO,ACE,CE,Combined TRACON& Tower with Radar,0,35,62,0,97,0,12,24,3,39,0,47,86,3,136,1,0,1,137
01/27/2004,MKC,MO,ACE,CE,Combined TRACON& Tower with Radar,0,89,155,1,245,0,0,37,0,37,0,89,192,1,282,39,0,39,321
01/28/2004,MKC,MO,ACE,CE,Combined TRACON& Tower with Radar,0,90,177,0,267,0,0,82,0,82,0,90,259,0,349,21,0,21,370
01/29/2004,MKC,MO,ACE,CE,Combined TRACON& Tower with Radar,0,63,111,0,174,0,13,43,0,56,0,76,154,0,230,22,0,22,252
01/30/2004,MKC,MO,ACE,CE,Combined TRACON& Tower with Radar,0,61,107,0,168,1,15,23,0,39,1,76,130,0,207,49,0,49,256
01/31/2004,MKC,MO,ACE,CE,Combined TRACON& Tower with Radar,0,16,29,0,45,1,5,30,0,36,1,21,59,0,81,77,0,77,158
02/01/2004,MKC,MO,ACE,CE,Combined TRACON& Tower with Radar,0,5,10,0,15,0,6,1,0,7,0,11,11,0,22,0,0,0,22
02/02/2004,MKC,MO,ACE,CE,Combined TRACON& Tower with Radar,0,46,76,0,122,0,18,4,0,22,0,64,80,0,144,8,0,8,152
02/03/2004,MKC,MO,ACE,CE,Combined TRACON& Tower with Radar,0,64,111,1,176,0,0,90,3,93,0,64,201,4,269,57,2,59,328
02/04/2004,MKC,MO,ACE,CE,Combined TRACON& Tower with Radar,0,59,100,0,159,0,11,33,0,44,0,70,133,0,203,135,0,135,338
02/05/2004,MKC,MO,ACE,CE,Combined TRACON& Tower with Radar,0,29,50,0,79,0,35,26,0,61,0,64,76,0,140,0,0,0,140
02/06/2004,MKC,MO,ACE,CE,Combined TRACON& Tower with Radar,0,39,66,0,105,0,25,27,0,52,0,64,93,0,157,12,0,12,169
02/07/2004,MKC,MO,ACE,CE,Combined TRACON& Tower with Radar,0,23,38,0,61,0,0,79,0,79,0,23,117,0,140,35,0,35,175
02/08/2004,MKC,MO,ACE,CE,Combined TRACON& Tower with Radar,0,26,44,0,70,0,0,32,0,32,0,26,76,0,102,25,0,25,127
02/09/2004,MKC,MO,ACE,CE,Combined TRACON& Tower with Radar,0,54,89,0,143,0,20,76,0,96,0,74,165,0,239,111,0,111,350
02/10/2004,MKC,MO,ACE,CE,Combined TRACON& Tower with Radar,0,65,107,1,173,0,33,89,3,125,0,98,196,4,298,49,0,49,347
02/11/2004,MKC,MO,ACE,CE,Combined TRACON& Tower with Radar,0,63,104,0,167,0,12,53,0,65,0,75,157,0,232,98,0,98,330
02/12/2004,MKC,MO,ACE,CE,Combined TRACON& Tower with Radar,0,65,108,1,174,0,10,47,3,60,0,75,155,4,234,52,0,52,286
02/13/2004,MKC,MO,ACE,CE,Combined TRACON& Tower with Radar,0,67,109,0,176,0,3,104,2,109,0,70,213,2,285,82,0,82,367
02/14/2004,MKC,MO,ACE,CE,Combined TRACON& Tower with Radar,0,15,33,0,48,0,0,145,1,146,0,15,178,1,194,136,0,136,330
02/15/2004,MKC,MO,ACE,CE,Combined TRACON& Tower with Radar,0,12,25,0,37,0,0,113,0,113,0,12,138,0,150,102,0,102,252
02/16/2004,MKC,MO,ACE,CE,Combined TRACON& Tower with Radar,0,26,57,0,83,0,0,98,0,98,0,26,155,0,181,125,0,125,306
02/17/2004,MKC,MO,ACE,CE,Combined TRACON& Tower with Radar,0,0,0,0,0,0,71,138,8,217,0,71,138,8,217,79,0,79,296
02/18/2004,MKC,MO,ACE,CE,Combined TRACON& Tower with Radar,0,62,101,0,163,0,8,89,0,97,0,70,190,0,260,102,0,102,362
02/19/2004,MKC,MO,ACE,CE,Combined TRACON& Tower with Radar,0,60,99,0,159,0,14,64,2,80,0,74,163,2,239,81,0,81,320
02/20/2004,MKC,MO,ACE,CE,Combined TRACON& Tower with Radar,0,46,78,0,124,0,54,52,0,106,0,100,130,0,230,56,0,56,286
02/21/2004,MKC,MO,ACE,CE,Combined TRACON& Tower with Radar,0,24,50,0,74,0,0,142,6,148,0,24,192,6,222,135,0,135,357
02/22/2004,MKC,MO,ACE,CE,Combined TRACON& Tower with Radar,0,21,37,0,58,0,1,55,0,56,0,22,92,0,114,74,0,74,188
02/23/2004,MKC,MO,ACE,CE,Combined TRACON& Tower with Radar,0,33,56,0,89,0,31,65,4,100,0,64,121,4,189,137,2,139,328
02/24/2004,MKC,MO,ACE,CE,Combined TRACON& Tower with Radar,0,41,68,0,109,1,20,83,2,106,1,61,151,2,215,96,2,98,313
02/25/2004,MKC,MO,ACE,CE,Combined TRACON& Tower with Radar,0,69,114,0,183,1,8,64,4,77,1,77,178,4,260,96,0,96,356
02/26/2004,MKC,MO,ACE,CE,Combined TRACON& Tower with Radar,0,65,108,0,173,0,1,89,0,90,0,66,197,0,263,140,0,140,403
02/27/2004,MKC,MO,ACE,CE,Combined TRACON& Tower with Radar,0,58,96,0,154,0,7,66,0,73,0,65,162,0,227,72,0,72,299
02/28/2004,MKC,MO,ACE,CE,Combined TRACON& Tower with Radar,0,24,40,0,64,0,5,107,0,112,0,29,147,0,176,127,0,127,303
02/29/2004,MKC,MO,ACE,CE,Combined TRACON& Tower with Radar,0,14,32,0,46,0,0,30,0,30,0,14,62,0,76,96,0,96,172
03/01/2004,MKC,MO,ACE,CE,Combined TRACON& Tower with Radar,0,49,86,0,135,0,14,24,2,40,0,63,110,2,175,66,0,66,241
03/02/2004,MKC,MO,ACE,CE,Combined TRACON& Tower with Radar,0,65,117,0,182,0,0,116,0,116,0,65,233,0,298,134,0,134,432
03/03/2004,MKC,MO,ACE,CE,Combined TRACON& Tower with Radar,0,52,91,0,143,0,26,48,0,74,0,78,139,0,217,72,0,72,289
03/04/2004,MKC,MO,ACE,CE,Combined TRACON& Tower with Radar,0,25,43,0,68,0,49,15,0,64,0,74,58,0,132,0,0,0,132
03/05/2004,MKC,MO,ACE,CE,Combined TRACON& Tower with Radar,0,54,95,0,149,0,22,33,1,56,0,76,128,1,205,114,0,114,319
03/06/2004,MKC,MO,ACE,CE,Combined TRACON& Tower with Radar,0,23,43,0,66,0,2,139,0,141,0,25,182,0,207,123,0,123,330
03/07/2004,MKC,MO,ACE,CE,Combined TRACON& Tower with Radar,0,17,32,0,49,0,3,54,0,57,0,20,86,0,106,18,0,18,124
03/08/2004,MKC,MO,ACE,CE,Combined TRACON& Tower with Radar,0,45,79,0,124,0,4,81,0,85,0,49,160,0,209,82,0,82,291
03/09/2004,MKC,MO,ACE,CE,Combined TRACON& Tower with Radar,0,59,105,1,165,0,28,67,1,96,0,87,172,2,261,110,2,112,373
03/10/2004,MKC,MO,ACE,CE,Combined TRACON& Tower with Radar,0,67,125,2,194,0,0,70,2,72,0,67,195,4,266,31,0,31,297
03/11/2004,MKC,MO,ACE,CE,Combined TRACON& Tower with Radar,0,66,117,2,185,0,8,46,2,56,0,74,163,4,241,34,0,34,275
03/12/2004,MKC,MO,ACE,CE,Combined TRACON& Tower with Radar,0,59,103,0,162,0,4,90,0,94,0,63,193,0,256,180,0,180,436
03/13/2004,MKC,MO,ACE,CE,Combined TRACON& Tower with Radar,0,26,44,0,70,0,2,51,0,53,0,28,95,0,123,40,0,40,163
03/14/2004,MKC,MO,ACE,CE,Combined TRACON& Tower with Radar,0,32,62,1,95,0,0,94,0,94,0,32,156,1,189,91,0,91,280
03/15/2004,MKC,MO,ACE,CE,Combined TRACON& Tower with Radar,0,34,58,0,92,0,33,27,0,60,0,67,85,0,152,21,0,21,173
03/16/2004,MKC,MO,ACE,CE,Combined TRACON& Tower with Radar,0,55,94,0,149,0,21,42,0,63,0,76,136,0,212,151,0,151,363
03/17/2004,MKC,MO,ACE,CE,Combined TRACON& Tower with Radar,0,61,104,1,166,4,8,105,1,118,4,69,209,2,284,82,0,82,366
03/18/2004,MKC,MO,ACE,CE,Combined TRACON& Tower with Radar,0,54,94,1,149,0,15,63,3,81,0,69,157,4,230,79,0,79,309
03/19/2004,MKC,MO,ACE,CE,Combined TRACON& Tower with Radar,0,64,109,2,175,0,18,49,3,70,0,82,158,5,245,87,2,89,334
03/20/2004,MKC,MO,ACE,CE,Combined TRACON& Tower with Radar,0,23,45,0,68,3,0,51,0,54,3,23,96,0,122,34,0,34,156
03/21/2004,MKC,MO,ACE,CE,Combined TRACON& Tower with Radar,0,28,71,1,100,0,0,135,1,136,0,28,206,2,236,109,0,109,345
03/22/2004,MKC,MO,ACE,CE,Combined TRACON& Tower with Radar,0,49,83,0,132,0,15,64,0,79,0,64,147,0,211,98,0,98,309
03/23/2004,MKC,MO,ACE,CE,Combined TRACON& Tower with Radar,0,53,90,1,144,0,20,40,1,61,0,73,130,2,205,64,0,64,269
03/24/2004,MKC,MO,ACE,CE,Combined TRACON& Tower with Radar,0,57,98,0,155,0,7,37,0,44,0,64,135,0,199,24,0,24,223
03/25/2004,MKC,MO,ACE,CE,Combined TRACON& Tower with Radar,0,63,107,0,170,0,16,41,0,57,0,79,148,0,227,29,0,29,256
03/26/2004,MKC,MO,ACE,CE,Combined TRACON& Tower with Radar,0,61,106,1,168,0,4,71,3,78,0,65,177,4,246,125,0,125,371
03/27/2004,MKC,MO,ACE,CE,Combined TRACON& Tower with Radar,0,20,35,0,55,2,2,26,0,30,2,22,61,0,85,50,0,50,135
03/28/2004,MKC,MO,ACE,CE,Combined TRACON& Tower with Radar,0,18,56,0,74,0,0,109,2,111,0,18,165,2,185,102,0,102,287
03/29/2004,MKC,MO,ACE,CE,Combined TRACON& Tower with Radar,0,50,86,0,136,0,8,54,2,64,0,58,140,2,200,85,0,85,285
03/30/2004,MKC,MO,ACE,CE,Combined TRACON& Tower with Radar,0,66,113,0,179,0,16,79,0,95,0,82,192,0,274,118,0,118,392
03/31/2004,MKC,MO,ACE,CE,Combined TRACON& Tower with Radar,0,65,111,1,177,0,3,95,1,99,0,68,206,2,276,148,0,148,424
04/01/2004,MKC,MO,ACE,CE,Combined TRACON& Tower with Radar,0,54,97,0,151,0,25,73,0,98,0,79,170,0,249,57,0,57,306
04/02/2004,MKC,MO,ACE,CE,Combined TRACON& Tower with Radar,0,49,88,0,137,0,30,61,0,91,0,79,149,0,228,124,0,124,352
04/03/2004,MKC,MO,ACE,CE,Combined TRACON& Tower with Radar,0,19,36,0,55,0,0,87,0,87,0,19,123,0,142,171,0,171,313
04/04/2004,MKC,MO,ACE,CE,Combined TRACON& Tower with Radar,0,20,48,0,68,0,0,103,1,104,0,20,151,1,172,165,0,165,337
04/05/2004,MKC,MO,ACE,CE,Combined TRACON& Tower with Radar,0,44,78,0,122,0,18,96,1,115,0,62,174,1,237,102,0,102,339
04/06/2004,MKC,MO,ACE,CE,Combined TRACON& Tower with Radar,0,70,123,2,195,0,11,69,5,85,0,81,192,7,280,82,6,88,368
04/07/2004,MKC,MO,ACE,CE,Combined TRACON& Tower with Radar,0,64,111,2,177,0,4,66,4,74,0,68,177,6,251,97,11,108,359
04/08/2004,MKC,MO,ACE,CE,Combined TRACON& Tower with Radar,0,58,100,0,158,0,6,91,0,97,0,64,191,0,255,31,0,31,286
04/09/2004,MKC,MO,ACE,CE,Combined TRACON& Tower with Radar,0,50,87,2,139,0,26,22,3,51,0,76,109,5,190,145,0,145,335
04/10/2004,MKC,MO,ACE,CE,Combined TRACON& Tower with Radar,0,18,41,1,60,0,0,53,2,55,0,18,94,3,115,27,3,30,145
04/11/2004,MKC,MO,ACE,CE,Combined TRACON& Tower with Radar,0,21,37,0,58,0,5,87,0,92,0,26,124,0,150,59,3,62,212
04/12/2004,MKC,MO,ACE,CE,Combined TRACON& Tower with Radar,0,50,87,0,137,0,13,84,0,97,0,63,171,0,234,137,0,137,371
04/13/2004,MKC,MO,ACE,CE,Combined TRACON& Tower with Radar,0,70,121,2,193,0,4,89,2,95,0,74,210,4,288,97,0,97,385
04/14/2004,MKC,MO,ACE,CE,Combined TRACON& Tower with Radar,0,66,114,0,180,0,0,56,0,56,0,66,170,0,236,68,0,68,304
04/15/2004,MKC,MO,ACE,CE,Combined TRACON& Tower with Radar,0,56,98,2,156,0,12,47,0,59,0,68,145,2,215,90,0,90,305
04/16/2004,MKC,MO,ACE,CE,Combined TRACON& Tower with Radar,0,61,107,1,169,0,18,105,0,123,0,79,212,1,292,74,0,74,366
04/17/2004,MKC,MO,ACE,CE,Combined TRACON& Tower with Radar,0,21,42,0,63,0,0,88,1,89,0,21,130,1,152,123,0,123,275
04/18/2004,MKC,MO,ACE,CE,Combined TRACON& Tower with Radar,0,22,42,0,64,0,0,24,2,26,0,22,66,2,90,20,4,24,114
04/19/2004,MKC,MO,ACE,CE,Combined TRACON& Tower with Radar,0,53,93,0,146,0,1,115,0,116,0,54,208,0,262,169,0,169,431
04/20/2004,MKC,MO,ACE,CE,Combined TRACON& Tower with Radar,0,50,89,0,139,0,12,25,0,37,0,62,114,0,176,44,0,44,220
04/21/2004,MKC,MO,ACE,CE,Combined TRACON& Tower with Radar,0,74,129,0,203,0,12,85,0,97,0,86,214,0,300,89,0,89,389
04/22/2004,MKC,MO,ACE,CE,Combined TRACON& Tower with Radar,0,64,113,1,178,0,13,56,1,70,0,77,169,2,248,51,0,51,299
04/23/2004,MKC,MO,ACE,CE,Combined TRACON& Tower with Radar,0,51,89,1,141,2,32,27,5,66,2,83,116,6,207,92,0,92,299
04/24/2004,MKC,MO,ACE,CE,Combined TRACON& Tower with Radar,0,11,53,0,64,0,0,8,2,10,0,11,61,2,74,11,0,11,85
04/25/2004,MKC,MO,ACE,CE,Combined TRACON& Tower with Radar,0,15,27,0,42,0,11,135,0,146,0,26,162,0,188,120,0,120,308
04/26/2004,MKC,MO,ACE,CE,Combined TRACON& Tower with Radar,0,54,95,0,149,2,11,116,0,129,2,65,211,0,278,71,0,71,349
04/27/2004,MKC,MO,ACE,CE,Combined TRACON& Tower with Radar,0,72,130,1,203,0,0,99,1,100,0,72,229,2,303,90,0,90,393
04/28/2004,MKC,MO,ACE,CE,Combined TRACON& Tower with Radar,0,0,0,0,0,0,0,0,0,0,0,0,0,0,0,0,0,0,0
04/29/2004,MKC,MO,ACE,CE,Combined TRACON& Tower with Radar,0,58,102,1,161,1,13,54,3,71,1,71,156,4,232,29,0,29,261
04/30/2004,MKC,MO,ACE,CE,Combined TRACON& Tower with Radar,0,24,43,0,67,0,35,45,0,80,0,59,88,0,147,2,0,2,149
05/01/2004,MKC,MO,ACE,CE,Towers with Radar,0,22,56,0,78,0,0,81,0,81,0,22,137,0,159,62,6,68,227
05/02/2004,MKC,MO,ACE,CE,Towers with Radar,0,16,43,0,59,0,0,73,0,73,0,16,116,0,132,112,0,112,244
05/03/2004,MKC,MO,ACE,CE,Towers with Radar,0,47,80,0,127,0,0,137,0,137,0,47,217,0,264,93,0,93,357
05/04/2004,MKC,MO,ACE,CE,Towers with Radar,0,60,102,1,163,0,7,81,1,89,0,67,183,2,252,134,0,134,386
05/05/2004,MKC,MO,ACE,CE,Towers with Radar,0,68,115,1,184,0,15,108,3,126,0,83,223,4,310,99,24,123,433
05/06/2004,MKC,MO,ACE,CE,Towers with Radar,0,32,119,0,151,0,0,12,0,12,0,32,131,0,163,119,0,119,282
05/07/2004,MKC,MO,ACE,CE,Towers with Radar,0,57,95,0,152,0,19,75,0,94,0,76,170,0,246,110,0,110,356
05/08/2004,MKC,MO,ACE,CE,Towers with Radar,0,25,42,0,67,0,7,89,0,96,0,32,131,0,163,119,0,119,282
05/09/2004,MKC,MO,ACE,CE,Towers with Radar,0,20,34,0,54,1,8,57,0,66,1,28,91,0,120,33,0,33,153
05/10/2004,MKC,MO,ACE,CE,Towers with Radar,0,58,94,0,152,0,22,34,0,56,0,80,128,0,208,124,0,124,332
05/11/2004,MKC,MO,ACE,CE,Towers with Radar,0,66,109,0,175,0,10,88,0,98,0,76,197,0,273,120,0,120,393
05/12/2004,MKC,MO,ACE,CE,Towers with Radar,0,70,114,0,184,1,8,37,0,46,1,78,151,0,230,108,0,108,338
05/13/2004,MKC,MO,ACE,CE,Towers with Radar,0,37,61,0,98,0,32,49,0,81,0,69,110,0,179,2,0,2,181
05/14/2004,MKC,MO,ACE,CE,Towers with Radar,0,61,101,1,163,0,3,73,1,77,0,64,174,2,240,114,0,114,354
05/15/2004,MKC,MO,ACE,CE,Towers with Radar,0,5,9,1,15,1,12,135,3,151,1,17,144,4,166,146,0,146,312
05/16/2004,MKC,MO,ACE,CE,Towers with Radar,0,10,44,1,55,0,0,62,9,71,0,10,106,10,126,72,0,72,198
05/17/2004,MKC,MO,ACE,CE,Towers with Radar,0,53,86,0,139,0,16,89,0,105,0,69,175,0,244,153,0,153,397
05/18/2004,MKC,MO,ACE,CE,Towers with Radar,0,60,99,0,159,0,27,39,0,66,0,87,138,0,225,91,0,91,316
05/19/2004,MKC,MO,ACE,CE,Towers with Radar,0,76,126,1,203,0,20,65,0,85,0,96,191,1,288,69,0,69,357
05/20/2004,MKC,MO,ACE,CE,Towers with Radar,0,78,141,2,221,1,0,81,4,86,1,78,222,6,307,170,0,170,477
05/21/2004,MKC,MO,ACE,CE,Towers with Radar,0,60,98,0,158,0,20,67,4,91,0,80,165,4,249,125,0,125,374
05/22/2004,MKC,MO,ACE,CE,Towers with Radar,0,19,38,0,57,0,0,71,0,71,0,19,109,0,128,56,0,56,184
05/23/2004,MKC,MO,ACE,CE,Towers with Radar,0,30,48,0,78,0,1,78,2,81,0,31,126,2,159,74,0,74,233
05/24/2004,MKC,MO,ACE,CE,Towers with Radar,0,59,97,0,156,0,6,40,0,46,0,65,137,0,202,47,0,47,249
05/25/2004,MKC,MO,ACE,CE,Towers with Radar,0,74,122,0,196,0,3,50,0,53,0,77,172,0,249,59,0,59,308
05/26/2004,MKC,MO,ACE,CE,Towers with Radar,0,67,111,0,178,0,4,88,6,98,0,71,199,6,276,60,0,60,336
05/27/2004,MKC,MO,ACE,CE,Towers with Radar,0,70,115,0,185,1,5,94,1,101,1,75,209,1,286,124,0,124,410
05/28/2004,MKC,MO,ACE,CE,Towers with Radar,0,58,95,0,153,0,4,101,2,107,0,62,196,2,260,83,0,83,343
05/29/2004,MKC,MO,ACE,CE,Towers with Radar,0,14,22,0,36,0,5,65,0,70,0,19,87,0,106,45,0,45,151
05/30/2004,MKC,MO,ACE,CE,Towers with Radar,0,4,15,0,19,0,0,42,7,49,0,4,57,7,68,48,0,48,116
05/31/2004,MKC,MO,ACE,CE,Towers with Radar,0,20,41,0,61,0,0,76,0,76,0,20,117,0,137,74,0,74,211
06/01/2004,MKC,MO,ACE,CE,Towers with Radar,0,51,92,2,145,0,8,68,8,84,0,59,160,10,229,93,2,95,324
06/02/2004,MKC,MO,ACE,CE,Towers with Radar,1,64,114,1,180,0,23,87,0,110,1,87,201,1,290,64,0,64,354
06/03/2004,MKC,MO,ACE,CE,Towers with Radar,1,71,128,0,200,2,9,87,0,98,3,80,215,0,298,140,0,140,438
06/04/2004,MKC,MO,ACE,CE,Towers with Radar,0,55,100,0,155,0,26,91,0,117,0,81,191,0,272,182,0,182,454
06/05/2004,MKC,MO,ACE,CE,Towers with Radar,0,21,38,0,59,0,5,69,0,74,0,26,107,0,133,113,0,113,246
06/06/2004,MKC,MO,ACE,CE,Towers with Radar,0,22,43,1,66,0,0,85,1,86,0,22,128,2,152,102,0,102,254
06/07/2004,MKC,MO,ACE,CE,Towers with Radar,0,50,96,1,147,0,0,60,0,60,0,50,156,1,207,33,0,33,240
06/08/2004,MKC,MO,ACE,CE,Towers with Radar,0,0,0,0,0,0,0,0,0,0,0,0,0,0,0,0,0,0,0
06/09/2004,MKC,MO,ACE,CE,Towers with Radar,0,57,104,0,161,0,21,45,0,66,0,78,149,0,227,20,0,20,247
06/10/2004,MKC,MO,ACE,CE,Towers with Radar,0,67,118,2,187,0,21,38,0,59,0,88,156,2,246,14,0,14,260
06/11/2004,MKC,MO,ACE,CE,Towers with Radar,0,52,93,3,148,0,12,54,0,66,0,64,147,3,214,74,0,74,288
06/12/2004,MKC,MO,ACE,CE,Towers with Radar,0,19,36,1,56,0,0,48,0,48,0,19,84,1,104,104,0,104,208
06/13/2004,MKC,MO,ACE,CE,Towers with Radar,0,26,48,0,74,0,0,95,0,95,0,26,143,0,169,74,0,74,243
06/14/2004,MKC,MO,ACE,CE,Towers with Radar,0,49,85,1,135,0,14,58,0,72,0,63,143,1,207,70,0,70,277
06/15/2004,MKC,MO,ACE,CE,Towers with Radar,0,66,115,3,184,0,27,81,0,108,0,93,196,3,292,97,0,97,389
06/16/2004,MKC,MO,ACE,CE,Towers with Radar,0,63,110,3,176,0,13,39,9,61,0,76,149,12,237,83,4,87,324
06/17/2004,MKC,MO,ACE,CE,Towers with Radar,0,68,126,3,197,0,0,91,1,92,0,68,217,4,289,121,0,121,410
06/18/2004,MKC,MO,ACE,CE,Towers with Radar,0,54,96,0,150,0,8,37,0,45,0,62,133,0,195,19,0,19,214
06/19/2004,MKC,MO,ACE,CE,Towers with Radar,0,17,43,0,60,0,0,64,0,64,0,17,107,0,124,83,0,83,207
06/20/2004,MKC,MO,ACE,CE,Towers with Radar,0,26,45,0,71,1,2,60,0,63,1,28,105,0,134,76,0,76,210
06/21/2004,MKC,MO,ACE,CE,Towers with Radar,0,60,106,2,168,0,7,71,2,80,0,67,177,4,248,58,0,58,306
06/22/2004,MKC,MO,ACE,CE,Towers with Radar,0,76,135,3,214,0,13,113,9,135,0,89,248,12,349,70,0,70,419
06/23/2004,MKC,MO,ACE,CE,Towers with Radar,0,73,128,0,201,0,5,110,0,115,0,78,238,0,316,114,0,114,430
06/24/2004,MKC,MO,ACE,CE,Towers with Radar,0,71,129,2,202,1,0,78,0,79,1,71,207,2,281,103,4,107,388
06/25/2004,MKC,MO,ACE,CE,Towers with Radar,0,49,87,0,136,0,24,75,0,99,0,73,162,0,235,188,0,188,423
06/26/2004,MKC,MO,ACE,CE,Towers with Radar,0,21,48,1,70,0,0,221,0,221,0,21,269,1,291,153,0,153,444
06/27/2004,MKC,MO,ACE,CE,Towers with Radar,0,0,0,0,0,0,29,91,0,120,0,29,91,0,120,16,0,16,136
06/28/2004,MKC,MO,ACE,CE,Towers with Radar,0,51,91,1,143,0,10,97,0,107,0,61,188,1,250,30,0,30,280
06/29/2004,MKC,MO,ACE,CE,Towers with Radar,0,79,140,3,222,0,20,114,6,140,0,99,254,9,362,147,0,147,509
06/30/2004,MKC,MO,ACE,CE,Towers with Radar,0,79,140,3,222,0,12,67,7,86,0,91,207,10,308,103,4,107,415
07/01/2004,MKC,MO,ACE,CE,Towers with Radar,0,71,123,3,197,0,5,93,48,146,0,76,216,51,343,39,0,39,382
07/02/2004,MKC,MO,ACE,CE,Towers with Radar,0,45,79,2,126,0,27,20,11,58,0,72,99,13,184,18,0,18,202
07/03/2004,MKC,MO,ACE,CE,Towers with Radar,0,6,12,1,19,0,20,28,4,52,0,26,40,5,71,20,0,20,91
07/04/2004,MKC,MO,ACE,CE,Towers with Radar,0,13,51,2,66,0,0,26,5,31,0,13,77,7,97,40,0,40,137
07/05/2004,MKC,MO,ACE,CE,Towers with Radar,0,32,96,3,131,0,0,13,4,17,0,32,109,7,148,71,0,71,219
07/06/2004,MKC,MO,ACE,CE,Towers with Radar,0,9,14,1,24,1,57,147,8,213,1,66,161,9,237,104,0,104,341
07/07/2004,MKC,MO,ACE,CE,Towers with Radar,0,73,123,0,196,0,4,121,0,125,0,77,244,0,321,124,0,124,445
07/08/2004,MKC,MO,ACE,CE,Towers with Radar,0,70,119,2,191,0,26,61,0,87,0,96,180,2,278,139,0,139,417
07/09/2004,MKC,MO,ACE,CE,Towers with Radar,0,52,87,2,141,0,15,84,4,103,0,67,171,6,244,152,2,154,398
07/10/2004,MKC,MO,ACE,CE,Towers with Radar,0,20,39,1,60,0,0,121,6,127,0,20,160,7,187,135,0,135,322
07/11/2004,MKC,MO,ACE,CE,Towers with Radar,0,25,46,0,71,0,0,104,0,104,0,25,150,0,175,124,0,124,299
07/12/2004,MKC,MO,ACE,CE,Towers with Radar,0,59,100,3,162,0,0,0,0,0,0,59,100,3,162,0,0,0,162
07/13/2004,MKC,MO,ACE,CE,Towers with Radar,0,60,101,0,161,0,14,92,0,106,0,74,193,0,267,62,0,62,329
07/14/2004,MKC,MO,ACE,CE,Towers with Radar,0,73,123,3,199,0,18,118,0,136,0,91,241,3,335,201,0,201,536
07/15/2004,MKC,MO,ACE,CE,Towers with Radar,0,76,129,2,207,0,11,135,0,146,0,87,264,2,353,86,0,86,439
07/16/2004,MKC,MO,ACE,CE,Towers with Radar,0,69,116,0,185,0,3,70,0,73,0,72,186,0,258,176,0,176,434
07/17/2004,MKC,MO,ACE,CE,Towers with Radar,0,30,56,1,87,0,0,106,2,108,0,30,162,3,195,161,0,161,356
07/18/2004,MKC,MO,ACE,CE,Towers with Radar,0,27,46,0,73,0,9,77,0,86,0,36,123,0,159,212,0,212,371
07/19/2004,MKC,MO,ACE,CE,Towers with Radar,0,45,77,0,122,0,27,67,0,94,0,72,144,0,216,164,0,164,380
07/20/2004,MKC,MO,ACE,CE,Towers with Radar,0,68,116,2,186,0,19,54,3,76,0,87,170,5,262,93,0,93,355
07/21/2004,MKC,MO,ACE,CE,Towers with Radar,0,74,126,2,202,0,3,94,4,101,0,77,220,6,303,141,0,141,444
07/22/2004,MKC,MO,ACE,CE,Towers with Radar,0,58,101,2,161,0,8,70,2,80,0,66,171,4,241,162,0,162,403
07/23/2004,MKC,MO,ACE,CE,Towers with Radar,0,64,109,2,175,0,5,46,0,51,0,69,155,2,226,49,0,49,275
07/24/2004,MKC,MO,ACE,CE,Towers with Radar,0,20,35,0,55,0,0,25,0,25,0,20,60,0,80,7,0,7,87
07/25/2004,MKC,MO,ACE,CE,Towers with Radar,0,22,55,0,77,0,0,82,0,82,0,22,137,0,159,86,0,86,245
07/26/2004,MKC,MO,ACE,CE,Towers with Radar,0,63,108,0,171,0,0,89,0,89,0,63,197,0,260,91,0,91,351
07/27/2004,MKC,MO,ACE,CE,Towers with Radar,0,73,123,2,198,0,0,134,1,135,0,73,257,3,333,211,0,211,544
07/28/2004,MKC,MO,ACE,CE,Towers with Radar,0,79,135,3,217,0,10,69,2,81,0,89,204,5,298,108,0,108,406
07/29/2004,MKC,MO,ACE,CE,Towers with Radar,0,66,114,2,182,0,3,45,0,48,0,69,159,2,230,171,0,171,401
07/30/2004,MKC,MO,ACE,CE,Towers with Radar,0,55,96,0,151,0,9,77,0,86,0,64,173,0,237,62,0,62,299
07/31/2004,MKC,MO,ACE,CE,Towers with Radar,0,15,54,1,70,0,0,103,11,114,0,15,157,12,184,109,0,109,293
08/01/2004,MKC,MO,ACE,CE,Towers with Radar,0,15,48,0,63,0,0,102,0,102,0,15,150,0,165,53,0,53,218
08/02/2004,MKC,MO,ACE,CE,Towers with Radar,0,55,95,0,150,0,6,67,0,73,0,61,162,0,223,89,0,89,312
08/03/2004,MKC,MO,ACE,CE,Towers with Radar,0,0,0,0,0,0,0,0,0,0,0,0,0,0,0,0,0,0,0
08/04/2004,MKC,MO,ACE,CE,Towers with Radar,0,65,111,3,179,0,21,75,1,97,0,86,186,4,276,170,0,170,446
08/05/2004,MKC,MO,ACE,CE,Towers with Radar,0,61,103,2,166,0,4,94,0,98,0,65,197,2,264,70,0,70,334
08/06/2004,MKC,MO,ACE,CE,Towers with Radar,0,43,76,0,119,0,19,92,0,111,0,62,168,0,230,196,0,196,426
08/07/2004,MKC,MO,ACE,CE,Towers with Radar,0,18,40,0,58,2,0,117,0,119,2,18,157,0,177,139,0,139,316
08/08/2004,MKC,MO,ACE,CE,Towers with Radar,0,23,55,1,79,0,0,75,4,79,0,23,130,5,158,98,0,98,256
08/09/2004,MKC,MO,ACE,CE,Towers with Radar,0,48,80,2,130,0,4,75,0,79,0,52,155,2,209,93,0,93,302
08/10/2004,MKC,MO,ACE,CE,Towers with Radar,0,67,112,2,181,0,5,91,0,96,0,72,203,2,277,85,0,85,362
08/11/2004,MKC,MO,ACE,CE,Towers with Radar,0,64,106,2,172,0,13,73,3,89,0,77,179,5,261,121,2,123,384
08/12/2004,MKC,MO,ACE,CE,Towers with Radar,0,65,109,2,176,0,0,101,0,101,0,65,210,2,277,95,0,95,372
08/13/2004,MKC,MO,ACE,CE,Towers with Radar,0,55,92,0,147,0,10,73,0,83,0,65,165,0,230,118,0,118,348
08/14/2004,MKC,MO,ACE,CE,Towers with Radar,0,22,37,0,59,0,1,100,0,101,0,23,137,0,160,97,0,97,257
08/15/2004,MKC,MO,ACE,CE,Towers with Radar,0,0,0,0,0,0,0,0,0,0,0,0,0,0,0,0,0,0,0
08/16/2004,MKC,MO,ACE,CE,Towers with Radar,0,53,89,0,142,1,12,81,0,94,1,65,170,0,236,85,0,85,321
08/17/2004,MKC,MO,ACE,CE,Towers with Radar,0,74,123,2,199,0,6,75,0,81,0,80,198,2,280,100,0,100,380
08/18/2004,MKC,MO,ACE,CE,Towers with Radar,0,73,122,1,196,0,7,90,4,101,0,80,212,5,297,61,0,61,358
08/19/2004,MKC,MO,ACE,CE,Towers with Radar,0,55,93,1,149,0,21,49,5,75,0,76,142,6,224,85,1,86,310
08/20/2004,MKC,MO,ACE,CE,Towers with Radar,0,48,80,1,129,0,13,62,2,77,0,61,142,3,206,52,0,52,258
08/21/2004,MKC,MO,ACE,CE,Towers with Radar,0,29,48,0,77,0,0,77,6,83,0,29,125,6,160,69,0,69,229
08/22/2004,MKC,MO,ACE,CE,Towers with Radar,0,19,32,0,51,1,14,83,2,100,1,33,115,2,151,83,2,85,236
08/23/2004,MKC,MO,ACE,CE,Towers with Radar,0,38,63,0,101,0,14,33,1,48,0,52,96,1,149,8,0,8,157
08/24/2004,MKC,MO,ACE,CE,Towers with Radar,0,55,93,1,149,0,22,59,7,88,0,77,152,8,237,50,0,50,287
08/25/2004,MKC,MO,ACE,CE,Towers with Radar,0,63,105,0,168,0,13,38,0,51,0,76,143,0,219,123,0,123,342
08/26/2004,MKC,MO,ACE,CE,Towers with Radar,0,74,125,1,200,0,3,77,3,83,0,77,202,4,283,108,0,108,391
08/27/2004,MKC,MO,ACE,CE,Towers with Radar,0,48,80,1,129,0,16,45,1,62,0,64,125,2,191,90,0,90,281
08/28/2004,MKC,MO,ACE,CE,Towers with Radar,0,17,40,0,57,0,0,52,0,52,0,17,92,0,109,66,0,66,175
08/29/2004,MKC,MO,ACE,CE,Towers with Radar,0,32,53,0,85,0,9,98,8,115,0,41,151,8,200,130,0,130,330
08/30/2004,MKC,MO,ACE,CE,Towers with Radar,0,46,79,0,125,0,11,69,0,80,0,57,148,0,205,82,0,82,287
08/31/2004,MKC,MO,ACE,CE,Towers with Radar,0,64,107,1,172,0,19,103,0,122,0,83,210,1,294,150,0,150,444
09/01/2004,MKC,MO,ACE,CE,Towers with Radar,0,1,78,2,81,0,0,0,221,221,0,1,78,223,302,195,0,195,497
09/02/2004,MKC,MO,ACE,CE,Towers with Radar,0,67,127,2,196,0,0,90,0,90,0,67,217,2,286,96,0,96,382
09/03/2004,MKC,MO,ACE,CE,Towers with Radar,0,50,92,1,143,0,15,57,1,73,0,65,149,2,216,62,0,62,278
09/04/2004,MKC,MO,ACE,CE,Towers with Radar,0,17,34,0,51,0,2,85,2,89,0,19,119,2,140,111,0,111,251
09/05/2004,MKC,MO,ACE,CE,Towers with Radar,0,12,23,1,36,0,5,31,3,39,0,17,54,4,75,54,0,54,129
09/06/2004,MKC,MO,ACE,CE,Towers with Radar,0,26,48,1,75,0,3,96,2,101,0,29,144,3,176,43,0,43,219
09/07/2004,MKC,MO,ACE,CE,Towers with Radar,0,44,80,2,126,0,7,58,2,67,0,51,138,4,193,55,0,55,248
09/08/2004,MKC,MO,ACE,CE,Towers with Radar,0,61,112,2,175,0,33,79,5,117,0,94,191,7,292,344,0,344,636
09/09/2004,MKC,MO,ACE,CE,Towers with Radar,0,49,86,2,137,0,24,182,2,208,0,73,268,4,345,164,0,164,509
09/10/2004,MKC,MO,ACE,CE,Towers with Radar,0,65,116,2,183,0,6,41,0,47,0,71,157,2,230,66,0,66,296
09/11/2004,MKC,MO,ACE,CE,Towers with Radar,0,25,45,0,70,0,9,141,0,150,0,34,186,0,220,68,0,68,288
09/12/2004,MKC,MO,ACE,CE,Towers with Radar,0,22,59,0,81,0,0,103,0,103,0,22,162,0,184,100,0,100,284
09/13/2004,MKC,MO,ACE,CE,Towers with Radar,0,55,99,0,154,0,3,96,0,99,0,58,195,0,253,95,0,95,348
09/14/2004,MKC,MO,ACE,CE,Towers with Radar,0,71,128,3,202,0,3,100,3,106,0,74,228,6,308,84,0,84,392
09/15/2004,MKC,MO,ACE,CE,Towers with Radar,0,79,141,1,221,0,7,52,0,59,0,86,193,1,280,44,0,44,324
09/16/2004,MKC,MO,ACE,CE,Towers with Radar,0,68,123,3,194,0,7,104,4,115,0,75,227,7,309,99,0,99,408
09/17/2004,MKC,MO,ACE,CE,Towers with Radar,0,53,94,2,149,2,2,45,15,64,2,55,139,17,213,34,0,34,247
09/18/2004,MKC,MO,ACE,CE,Towers with Radar,0,14,38,0,52,0,0,69,0,69,0,14,107,0,121,29,0,29,150
09/19/2004,MKC,MO,ACE,CE,Towers with Radar,0,23,79,1,103,1,0,125,13,139,1,23,204,14,242,101,0,101,343
09/20/2004,MKC,MO,ACE,CE,Towers with Radar,0,40,72,0,112,0,14,55,0,69,0,54,127,0,181,95,0,95,276
09/21/2004,MKC,MO,ACE,CE,Towers with Radar,0,63,112,2,177,0,25,70,0,95,0,88,182,2,272,120,2,122,394
09/22/2004,MKC,MO,ACE,CE,Towers with Radar,0,74,132,0,206,0,27,91,0,118,0,101,223,0,324,183,0,183,507
09/23/2004,MKC,MO,ACE,CE,Towers with Radar,0,72,129,2,203,0,1,65,4,70,0,73,194,6,273,94,2,96,369
09/24/2004,MKC,MO,ACE,CE,Towers with Radar,0,61,117,0,178,0,0,81,0,81,0,61,198,0,259,80,0,80,339
09/25/2004,MKC,MO,ACE,CE,Towers with Radar,0,28,49,0,77,0,0,98,0,98,0,28,147,0,175,159,0,159,334
09/26/2004,MKC,MO,ACE,CE,Towers with Radar,0,36,80,0,116,0,0,107,0,107,0,36,187,0,223,128,0,128,351
09/27/2004,MKC,MO,ACE,CE,Towers with Radar,0,55,100,0,155,0,5,112,0,117,0,60,212,0,272,137,0,137,409
09/28/2004,MKC,MO,ACE,CE,Towers with Radar,0,65,117,1,183,0,6,57,1,64,0,71,174,2,247,120,2,122,369
09/29/2004,MKC,MO,ACE,CE,Towers with Radar,0,78,140,2,220,0,2,109,2,113,0,80,249,4,333,89,0,89,422
09/30/2004,MKC,MO,ACE,CE,Towers with Radar,0,63,113,1,177,0,14,77,3,94,0,77,190,4,271,127,0,127,398
10/01/2004,MKC,MO,ACE,CE,Towers with Radar,0,0,0,0,0,0,76,127,4,207,0,76,127,4,207,44,0,44,251
10/02/2004,MKC,MO,ACE,CE,Towers with Radar,0,0,0,0,0,0,19,147,3,169,0,19,147,3,169,98,0,98,267
10/03/2004,MKC,MO,ACE,CE,Towers with Radar,0,0,0,0,0,0,20,156,11,187,0,20,156,11,187,72,0,72,259
10/04/2004,MKC,MO,ACE,CE,Towers with Radar,0,0,0,0,0,0,69,145,0,214,0,69,145,0,214,94,0,94,308
10/05/2004,MKC,MO,ACE,CE,Towers with Radar,0,0,0,0,0,0,77,209,2,288,0,77,209,2,288,68,0,68,356
10/06/2004,MKC,MO,ACE,CE,Towers with Radar,0,0,0,0,0,0,81,213,3,297,0,81,213,3,297,87,0,87,384
10/07/2004,MKC,MO,ACE,CE,Towers with Radar,0,0,0,0,0,0,81,186,0,267,0,81,186,0,267,13,0,13,280
10/08/2004,MKC,MO,ACE,CE,Towers with Radar,0,0,0,0,0,0,70,204,3,277,0,70,204,3,277,24,2,26,303
10/09/2004,MKC,MO,ACE,CE,Towers with Radar,0,0,0,0,0,0,23,217,1,241,0,23,217,1,241,94,0,94,335
10/10/2004,MKC,MO,ACE,CE,Towers with Radar,0,0,0,0,0,0,42,235,1,278,0,42,235,1,278,73,0,73,351
10/11/2004,MKC,MO,ACE,CE,Towers with Radar,0,0,0,0,0,2,32,150,2,186,2,32,150,2,186,91,0,91,277
10/12/2004,MKC,MO,ACE,CE,Towers with Radar,0,0,0,0,0,0,60,149,0,209,0,60,149,0,209,1,0,1,210
10/13/2004,MKC,MO,ACE,CE,Towers with Radar,0,0,0,0,0,0,87,205,0,292,0,87,205,0,292,150,0,150,442
10/14/2004,MKC,MO,ACE,CE,Towers with Radar,0,0,0,0,0,0,85,170,2,257,0,85,170,2,257,37,0,37,294
10/15/2004,MKC,MO,ACE,CE,Towers with Radar,0,0,0,0,0,0,63,154,0,217,0,63,154,0,217,58,0,58,275
10/16/2004,MKC,MO,ACE,CE,Towers with Radar,0,0,0,0,0,0,12,154,2,168,0,12,154,2,168,144,0,144,312
10/17/2004,MKC,MO,ACE,CE,Towers with Radar,0,0,0,0,0,0,26,157,2,185,0,26,157,2,185,68,0,68,253
10/18/2004,MKC,MO,ACE,CE,Towers with Radar,0,0,0,0,0,0,47,104,0,151,0,47,104,0,151,34,0,34,185
10/19/2004,MKC,MO,ACE,CE,Towers with Radar,0,0,0,0,0,0,60,149,0,209,0,60,149,0,209,71,0,71,280
10/20/2004,MKC,MO,ACE,CE,Towers with Radar,0,0,0,0,0,0,76,159,2,237,0,76,159,2,237,7,0,7,244
10/21/2004,MKC,MO,ACE,CE,Towers with Radar,0,0,0,0,0,0,74,144,0,218,0,74,144,0,218,0,0,0,218
10/22/2004,MKC,MO,ACE,CE,Towers with Radar,0,0,0,0,0,0,72,111,0,183,0,72,111,0,183,18,0,18,201
10/23/2004,MKC,MO,ACE,CE,Towers with Radar,0,0,0,0,0,0,21,167,0,188,0,21,167,0,188,76,0,76,264
10/24/2004,MKC,MO,ACE,CE,Towers with Radar,0,0,0,0,0,0,41,216,0,257,0,41,216,0,257,129,0,129,386
10/25/2004,MKC,MO,ACE,CE,Towers with Radar,0,0,0,0,0,0,74,187,0,261,0,74,187,0,261,91,0,91,352
10/26/2004,MKC,MO,ACE,CE,Towers with Radar,0,0,0,0,0,0,66,132,0,198,0,66,132,0,198,31,0,31,229
10/27/2004,MKC,MO,ACE,CE,Towers with Radar,0,0,0,0,0,0,84,150,0,234,0,84,150,0,234,4,0,4,238
10/28/2004,MKC,MO,ACE,CE,Towers with Radar,0,0,0,1,1,0,71,199,1,271,0,71,199,2,272,34,0,34,306
10/29/2004,MKC,MO,ACE,CE,Towers with Radar,0,0,0,0,0,0,69,136,2,207,0,69,136,2,207,2,0,2,209
10/30/2004,MKC,MO,ACE,CE,Towers with Radar,0,0,0,0,0,2,22,156,0,180,2,22,156,0,180,72,0,72,252
10/31/2004,MKC,MO,ACE,CE,Towers with Radar,0,0,0,0,0,0,22,179,0,201,0,22,179,0,201,184,0,184,385
11/01/2004,MKC,MO,ACE,CE,Towers with Radar,0,0,0,0,0,0,48,88,0,136,0,48,88,0,136,0,0,0,136
11/02/2004,MKC,MO,ACE,CE,Towers with Radar,0,0,0,0,0,0,73,152,0,225,0,73,152,0,225,95,0,95,320
11/03/2004,MKC,MO,ACE,CE,Towers with Radar,0,0,0,0,0,0,58,153,0,211,0,58,153,0,211,61,0,61,272
11/04/2004,MKC,MO,ACE,CE,Towers with Radar,0,0,0,0,0,0,74,245,0,319,0,74,245,0,319,107,0,107,426
11/05/2004,MKC,MO,ACE,CE,Towers with Radar,0,0,0,0,0,0,69,172,0,241,0,69,172,0,241,122,0,122,363
11/06/2004,MKC,MO,ACE,CE,Towers with Radar,0,0,0,0,0,0,21,212,0,233,0,21,212,0,233,169,0,169,402
11/07/2004,MKC,MO,ACE,CE,Towers with Radar,0,0,0,0,0,0,18,163,3,184,0,18,163,3,184,66,0,66,250
11/08/2004,MKC,MO,ACE,CE,Towers with Radar,0,0,0,0,0,0,43,196,3,242,0,43,196,3,242,117,0,117,359
11/09/2004,MKC,MO,ACE,CE,Towers with Radar,0,0,0,0,0,0,62,202,0,264,0,62,202,0,264,163,0,163,427
11/10/2004,MKC,MO,ACE,CE,Towers with Radar,0,0,0,0,0,0,88,139,6,233,0,88,139,6,233,91,0,91,324
11/11/2004,MKC,MO,ACE,CE,Towers with Radar,0,0,0,0,0,0,54,154,2,210,0,54,154,2,210,65,0,65,275
11/12/2004,MKC,MO,ACE,CE,Towers with Radar,0,0,0,0,0,0,48,176,0,224,0,48,176,0,224,118,0,118,342
11/13/2004,MKC,MO,ACE,CE,Towers with Radar,0,0,0,0,0,0,23,132,0,155,0,23,132,0,155,35,0,35,190
11/14/2004,MKC,MO,ACE,CE,Towers with Radar,0,0,0,0,0,0,25,77,0,102,0,25,77,0,102,44,0,44,146
11/15/2004,MKC,MO,ACE,CE,Towers with Radar,0,0,0,0,0,0,63,143,0,206,0,63,143,0,206,106,0,106,312
11/16/2004,MKC,MO,ACE,CE,Towers with Radar,0,0,0,0,0,0,87,168,0,255,0,87,168,0,255,69,0,69,324
11/17/2004,MKC,MO,ACE,CE,Towers with Radar,0,0,0,0,0,0,73,224,1,298,0,73,224,1,298,133,0,133,431
11/18/2004,MKC,MO,ACE,CE,Towers with Radar,0,0,0,0,0,0,76,200,2,278,0,76,200,2,278,35,0,35,313
11/19/2004,MKC,MO,ACE,CE,Towers with Radar,0,0,0,0,0,0,61,168,2,231,0,61,168,2,231,16,0,16,247
11/20/2004,MKC,MO,ACE,CE,Towers with Radar,0,0,0,0,0,0,17,173,0,190,0,17,173,0,190,54,0,54,244
11/21/2004,MKC,MO,ACE,CE,Towers with Radar,0,0,0,0,0,0,21,117,2,140,0,21,117,2,140,34,0,34,174
11/22/2004,MKC,MO,ACE,CE,Towers with Radar,0,0,0,0,0,0,54,171,0,225,0,54,171,0,225,54,0,54,279
11/23/2004,MKC,MO,ACE,CE,Towers with Radar,0,0,0,0,0,0,72,151,0,223,0,72,151,0,223,57,0,57,280
11/24/2004,MKC,MO,ACE,CE,Towers with Radar,0,0,0,0,0,0,69,91,0,160,0,69,91,0,160,48,0,48,208
11/25/2004,MKC,MO,ACE,CE,Towers with Radar,0,0,0,0,0,1,14,53,0,68,1,14,53,0,68,27,0,27,95
11/26/2004,MKC,MO,ACE,CE,Towers with Radar,0,0,0,0,0,0,32,106,2,140,0,32,106,2,140,60,0,60,200
11/27/2004,MKC,MO,ACE,CE,Towers with Radar,0,0,0,0,0,0,22,64,0,86,0,22,64,0,86,22,0,22,108
11/28/2004,MKC,MO,ACE,CE,Towers with Radar,0,0,0,0,0,0,25,112,0,137,0,25,112,0,137,96,0,96,233
11/29/2004,MKC,MO,ACE,CE,Towers with Radar,0,0,0,0,0,0,52,86,0,138,0,52,86,0,138,1,0,1,139
11/30/2004,MKC,MO,ACE,CE,Towers with Radar,0,0,0,0,0,0,54,93,0,147,0,54,93,0,147,9,0,9,156
12/01/2004,MKC,MO,ACE,CE,Towers with Radar,0,0,0,0,0,0,83,236,5,324,0,83,236,5,324,73,0,73,397
12/02/2004,MKC,MO,ACE,CE,Towers with Radar,0,0,0,0,0,0,79,234,2,315,0,79,234,2,315,148,0,148,463
12/03/2004,MKC,MO,ACE,CE,Towers with Radar,0,0,0,0,0,0,62,263,0,325,0,62,263,0,325,100,2,102,427
12/04/2004,MKC,MO,ACE,CE,Towers with Radar,0,0,0,0,0,0,23,231,0,254,0,23,231,0,254,80,0,80,334
12/05/2004,MKC,MO,ACE,CE,Towers with Radar,0,0,0,0,0,0,26,116,0,142,0,26,116,0,142,44,0,44,186
12/06/2004,MKC,MO,ACE,CE,Towers with Radar,0,0,0,0,0,0,47,114,2,163,0,47,114,2,163,12,0,12,175
12/07/2004,MKC,MO,ACE,CE,Towers with Radar,0,0,0,0,0,0,73,196,0,269,0,73,196,0,269,105,0,105,374
12/08/2004,MKC,MO,ACE,CE,Towers with Radar,0,0,0,0,0,0,76,204,0,280,0,76,204,0,280,130,0,130,410
12/09/2004,MKC,MO,ACE,CE,Towers with Radar,0,0,0,0,0,0,70,195,0,265,0,70,195,0,265,54,0,54,319
12/10/2004,MKC,MO,ACE,CE,Towers with Radar,0,0,0,0,0,0,55,134,0,189,0,55,134,0,189,50,0,50,239
12/11/2004,MKC,MO,ACE,CE,Towers with Radar,0,0,0,0,0,0,15,138,0,153,0,15,138,0,153,131,0,131,284
12/12/2004,MKC,MO,ACE,CE,Towers with Radar,0,0,0,0,0,0,26,98,0,124,0,26,98,0,124,30,0,30,154
12/13/2004,MKC,MO,ACE,CE,Towers with Radar,0,0,0,0,0,0,69,108,0,177,0,69,108,0,177,43,0,43,220
12/14/2004,MKC,MO,ACE,CE,Towers with Radar,0,0,0,0,0,0,68,234,2,304,0,68,234,2,304,85,0,85,389
12/15/2004,MKC,MO,ACE,CE,Towers with Radar,0,0,0,0,0,0,62,246,2,310,0,62,246,2,310,84,0,84,394
12/16/2004,MKC,MO,ACE,CE,Towers with Radar,0,0,0,0,0,0,58,239,0,297,0,58,239,0,297,89,0,89,386
12/17/2004,MKC,MO,ACE,CE,Towers with Radar,0,0,0,0,0,0,54,247,0,301,0,54,247,0,301,99,0,99,400
12/18/2004,MKC,MO,ACE,CE,Towers with Radar,0,0,0,0,0,0,29,171,2,202,0,29,171,2,202,118,0,118,320
12/19/2004,MKC,MO,ACE,CE,Towers with Radar,0,0,0,0,0,0,36,148,0,184,0,36,148,0,184,26,0,26,210
12/20/2004,MKC,MO,ACE,CE,Towers with Radar,0,0,0,0,0,0,46,155,0,201,0,46,155,0,201,98,0,98,299
12/21/2004,MKC,MO,ACE,CE,Towers with Radar,0,0,0,0,0,0,67,172,0,239,0,67,172,0,239,71,0,71,310
12/22/2004,MKC,MO,ACE,CE,Towers with Radar,0,0,0,0,0,0,71,169,8,248,0,71,169,8,248,58,0,58,306
12/23/2004,MKC,MO,ACE,CE,Towers with Radar,0,0,0,0,0,0,72,128,6,206,0,72,128,6,206,62,0,62,268
12/24/2004,MKC,MO,ACE,CE,Towers with Radar,0,0,0,0,0,0,45,92,0,137,0,45,92,0,137,6,0,6,143
12/25/2004,MKC,MO,ACE,CE,Towers with Radar,0,0,0,0,0,0,14,30,0,44,0,14,30,0,44,0,0,0,44
12/26/2004,MKC,MO,ACE,CE,Towers with Radar,0,0,0,0,0,0,33,144,0,177,0,33,144,0,177,54,0,54,231
12/27/2004,MKC,MO,ACE,CE,Towers with Radar,0,0,0,0,0,0,44,146,0,190,0,44,146,0,190,127,0,127,317
12/28/2004,MKC,MO,ACE,CE,Towers with Radar,0,0,0,0,0,0,72,167,3,242,0,72,167,3,242,85,0,85,327
12/29/2004,MKC,MO,ACE,CE,Towers with Radar,0,0,0,0,0,0,52,146,0,198,0,52,146,0,198,52,0,52,250
12/30/2004,MKC,MO,ACE,CE,Towers with Radar,0,0,0,0,0,60,98,2,0,160,60,98,2,0,160,21,0,21,181
12/31/2004,MKC,MO,ACE,CE,Towers with Radar,0,0,0,0,0,0,51,156,0,207,0,51,156,0,207,108,0,108,315
01/01/2005,MKC,MO,ACE,CE,Towers with Radar,0,0,0,0,0,0,26,42,0,68,0,26,42,0,68,22,0,22,90
01/02/2005,MKC,MO,ACE,CE,Towers with Radar,0,0,0,0,0,0,0,0,0,0,0,0,0,0,0,0,0,0,0
01/03/2005,MKC,MO,ACE,CE,Towers with Radar,0,0,0,0,0,0,0,0,0,0,0,0,0,0,0,0,0,0,0
01/04/2005,MKC,MO,ACE,CE,Towers with Radar,0,0,0,0,0,0,51,42,0,93,0,51,42,0,93,0,0,0,93
01/05/2005,MKC,MO,ACE,CE,Towers with Radar,0,0,0,0,0,0,28,29,0,57,0,28,29,0,57,0,0,0,57
01/06/2005,MKC,MO,ACE,CE,Towers with Radar,0,0,0,0,0,0,69,82,0,151,0,69,82,0,151,15,0,15,166
01/07/2005,MKC,MO,ACE,CE,Towers with Radar,0,0,0,0,0,0,70,84,0,154,0,70,84,0,154,0,0,0,154
01/08/2005,MKC,MO,ACE,CE,Towers with Radar,0,0,0,0,0,0,16,35,0,51,0,16,35,0,51,18,0,18,69
01/09/2005,MKC,MO,ACE,CE,Towers with Radar,0,0,0,0,0,0,8,26,0,34,0,8,26,0,34,30,0,30,64
01/10/2005,MKC,MO,ACE,CE,Towers with Radar,0,0,0,0,0,0,40,53,0,93,0,40,53,0,93,0,0,0,93
01/11/2005,MKC,MO,ACE,CE,Towers with Radar,0,0,0,0,0,0,58,78,0,136,0,58,78,0,136,0,0,0,136
01/12/2005,MKC,MO,ACE,CE,Towers with Radar,0,0,0,0,0,0,75,97,0,172,0,75,97,0,172,0,0,0,172
01/13/2005,MKC,MO,ACE,CE,Towers with Radar,0,0,0,0,0,0,60,155,2,217,0,60,155,2,217,67,0,67,284
01/14/2005,MKC,MO,ACE,CE,Towers with Radar,0,0,0,0,0,0,53,135,0,188,0,53,135,0,188,58,0,58,246
01/15/2005,MKC,MO,ACE,CE,Towers with Radar,0,0,0,0,0,0,20,109,0,129,0,20,109,0,129,24,0,24,153
01/16/2005,MKC,MO,ACE,CE,Towers with Radar,0,0,0,0,0,0,22,106,0,128,0,22,106,0,128,63,0,63,191
01/17/2005,MKC,MO,ACE,CE,Towers with Radar,0,0,0,0,0,0,42,175,3,220,0,42,175,3,220,125,0,125,345
01/18/2005,MKC,MO,ACE,CE,Towers with Radar,0,0,0,0,0,0,71,307,4,382,0,71,307,4,382,38,0,38,420
01/19/2005,MKC,MO,ACE,CE,Towers with Radar,0,0,0,0,0,0,74,284,0,358,0,74,284,0,358,93,0,93,451
01/20/2005,MKC,MO,ACE,CE,Towers with Radar,0,0,0,0,0,0,83,258,0,341,0,83,258,0,341,133,0,133,474
01/21/2005,MKC,MO,ACE,CE,Towers with Radar,0,0,0,0,0,0,67,125,0,192,0,67,125,0,192,4,0,4,196
01/22/2005,MKC,MO,ACE,CE,Towers with Radar,0,0,0,0,0,0,22,56,0,78,0,22,56,0,78,0,0,0,78
01/23/2005,MKC,MO,ACE,CE,Towers with Radar,0,0,0,0,0,0,10,108,1,119,0,10,108,1,119,139,0,139,258
01/24/2005,MKC,MO,ACE,CE,Towers with Radar,0,0,0,0,0,0,44,199,0,243,0,44,199,0,243,31,0,31,274
01/25/2005,MKC,MO,ACE,CE,Towers with Radar,0,0,0,0,0,0,67,282,0,349,0,67,282,0,349,126,0,126,475
01/26/2005,MKC,MO,ACE,CE,Towers with Radar,0,0,0,0,0,0,62,197,0,259,0,62,197,0,259,53,0,53,312
01/27/2005,MKC,MO,ACE,CE,Towers with Radar,0,0,0,0,0,0,68,147,0,215,0,68,147,0,215,43,0,43,258
01/28/2005,MKC,MO,ACE,CE,Towers with Radar,0,0,0,0,0,0,65,128,0,193,0,65,128,0,193,52,0,52,245
01/29/2005,MKC,MO,ACE,CE,Towers with Radar,0,0,0,0,0,0,11,22,4,37,0,11,22,4,37,0,0,0,37
01/30/2005,MKC,MO,ACE,CE,Towers with Radar,0,0,0,0,0,0,17,36,0,53,0,17,36,0,53,16,0,16,69
01/31/2005,MKC,MO,ACE,CE,Towers with Radar,0,0,0,0,0,0,36,56,0,92,0,36,56,0,92,0,0,0,92
02/01/2005,MKC,MO,ACE,CE,Towers with Radar,0,0,0,0,0,0,52,169,0,221,0,52,169,0,221,64,0,64,285
02/02/2005,MKC,MO,ACE,CE,Towers with Radar,0,0,0,0,0,0,68,175,0,243,0,68,175,0,243,27,0,27,270
02/03/2005,MKC,MO,ACE,CE,Towers with Radar,0,0,0,0,0,0,69,213,2,284,0,69,213,2,284,97,6,103,387
02/04/2005,MKC,MO,ACE,CE,Towers with Radar,0,0,0,0,0,0,60,219,2,281,0,60,219,2,281,46,0,46,327
02/05/2005,MKC,MO,ACE,CE,Towers with Radar,0,0,0,0,0,0,24,179,2,205,0,24,179,2,205,65,0,65,270
02/06/2005,MKC,MO,ACE,CE,Towers with Radar,0,0,0,0,0,0,21,21,0,42,0,21,21,0,42,0,0,0,42
02/07/2005,MKC,MO,ACE,CE,Towers with Radar,0,0,0,0,0,0,59,102,0,161,0,59,102,0,161,0,0,0,161
02/08/2005,MKC,MO,ACE,CE,Towers with Radar,0,0,0,0,0,0,65,99,0,164,0,65,99,0,164,24,0,24,188
02/09/2005,MKC,MO,ACE,CE,Towers with Radar,0,0,0,0,0,0,84,182,4,270,0,84,182,4,270,47,0,47,317
02/10/2005,MKC,MO,ACE,CE,Towers with Radar,0,0,0,0,0,0,87,230,5,322,0,87,230,5,322,99,0,99,421
02/11/2005,MKC,MO,ACE,CE,Towers with Radar,0,0,0,0,0,0,68,206,1,275,0,68,206,1,275,87,0,87,362
02/12/2005,MKC,MO,ACE,CE,Towers with Radar,0,0,0,0,0,0,16,114,2,132,0,16,114,2,132,100,0,100,232
02/13/2005,MKC,MO,ACE,CE,Towers with Radar,0,0,0,0,0,0,24,43,0,67,0,24,43,0,67,0,0,0,67
02/14/2005,MKC,MO,ACE,CE,Towers with Radar,0,0,0,0,0,0,50,163,6,219,0,50,163,6,219,48,0,48,267
02/15/2005,MKC,MO,ACE,CE,Towers with Radar,0,0,0,0,0,0,77,232,5,314,0,77,232,5,314,56,0,56,370
02/16/2005,MKC,MO,ACE,CE,Towers with Radar,0,0,0,0,0,0,89,226,8,323,0,89,226,8,323,134,0,134,457
02/17/2005,MKC,MO,ACE,CE,Towers with Radar,0,0,0,0,0,0,78,261,2,341,0,78,261,2,341,91,0,91,432
02/18/2005,MKC,MO,ACE,CE,Towers with Radar,0,0,0,0,0,0,50,207,2,259,0,50,207,2,259,60,0,60,319
02/19/2005,MKC,MO,ACE,CE,Towers with Radar,0,0,0,0,0,0,16,42,0,58,0,16,42,0,58,15,0,15,73
02/20/2005,MKC,MO,ACE,CE,Towers with Radar,0,0,0,0,0,0,24,48,0,72,0,24,48,0,72,62,0,62,134
02/21/2005,MKC,MO,ACE,CE,Towers with Radar,0,0,0,0,0,0,28,93,2,123,0,28,93,2,123,0,0,0,123
02/22/2005,MKC,MO,ACE,CE,Towers with Radar,0,0,0,0,0,0,55,191,3,249,0,55,191,3,249,100,0,100,349
02/23/2005,MKC,MO,ACE,CE,Towers with Radar,0,0,0,0,0,0,56,181,2,239,0,56,181,2,239,81,0,81,320
02/24/2005,MKC,MO,ACE,CE,Towers with Radar,0,0,0,0,0,0,75,205,2,282,0,75,205,2,282,146,0,146,428
02/25/2005,MKC,MO,ACE,CE,Towers with Radar,0,0,0,0,0,0,54,216,15,285,0,54,216,15,285,172,0,172,457
02/26/2005,MKC,MO,ACE,CE,Towers with Radar,0,0,0,0,0,0,20,211,0,231,0,20,211,0,231,125,0,125,356
02/27/2005,MKC,MO,ACE,CE,Towers with Radar,0,0,0,0,0,0,30,80,1,111,0,30,80,1,111,102,0,102,213
02/28/2005,MKC,MO,ACE,CE,Towers with Radar,0,0,0,0,0,0,59,142,1,202,0,59,142,1,202,26,0,26,228
03/01/2005,MKC,MO,ACE,CE,Towers with Radar,0,0,0,0,0,0,51,252,2,305,0,51,252,2,305,130,0,130,435
03/02/2005,MKC,MO,ACE,CE,Towers with Radar,0,0,0,0,0,0,71,274,0,345,0,71,274,0,345,173,0,173,518
03/03/2005,MKC,MO,ACE,CE,Towers with Radar,0,0,0,0,0,0,58,248,4,310,0,58,248,4,310,89,0,89,399
03/04/2005,MKC,MO,ACE,CE,Towers with Radar,0,0,0,0,0,0,53,238,0,291,0,53,238,0,291,70,0,70,361
03/05/2005,MKC,MO,ACE,CE,Towers with Radar,0,0,0,0,0,0,21,173,0,194,0,21,173,0,194,264,0,264,458
03/06/2005,MKC,MO,ACE,CE,Towers with Radar,0,0,0,0,0,0,39,122,1,162,0,39,122,1,162,83,0,83,245
03/07/2005,MKC,MO,ACE,CE,Towers with Radar,0,0,0,0,0,1,61,156,0,218,1,61,156,0,218,3,0,3,221
03/08/2005,MKC,MO,ACE,CE,Towers with Radar,0,0,0,0,0,6,69,202,1,278,6,69,202,1,278,83,0,83,361
03/09/2005,MKC,MO,ACE,CE,Towers with Radar,0,0,0,0,0,0,87,224,2,313,0,87,224,2,313,69,0,69,382
03/10/2005,MKC,MO,ACE,CE,Towers with Radar,0,0,0,0,0,0,89,151,0,240,0,89,151,0,240,35,0,35,275
03/11/2005,MKC,MO,ACE,CE,Towers with Radar,0,0,0,0,0,2,71,199,0,272,2,71,199,0,272,96,0,96,368
03/12/2005,MKC,MO,ACE,CE,Towers with Radar,0,0,0,0,0,2,21,193,0,216,2,21,193,0,216,165,0,165,381
03/13/2005,MKC,MO,ACE,CE,Towers with Radar,0,0,0,0,0,0,37,98,0,135,0,37,98,0,135,98,0,98,233
03/14/2005,MKC,MO,ACE,CE,Towers with Radar,0,0,0,0,0,0,45,176,2,223,0,45,176,2,223,70,0,70,293
03/15/2005,MKC,MO,ACE,CE,Towers with Radar,0,0,0,0,0,0,66,192,3,261,0,66,192,3,261,173,1,174,435
03/16/2005,MKC,MO,ACE,CE,Towers with Radar,0,0,0,0,0,0,89,233,1,323,0,89,233,1,323,195,0,195,518
03/17/2005,MKC,MO,ACE,CE,Towers with Radar,0,0,0,0,0,0,55,193,1,249,0,55,193,1,249,70,0,70,319
03/18/2005,MKC,MO,ACE,CE,Towers with Radar,0,0,0,0,0,0,51,141,1,193,0,51,141,1,193,63,1,64,257
03/19/2005,MKC,MO,ACE,CE,Towers with Radar,0,0,0,0,0,0,27,225,2,254,0,27,225,2,254,102,0,102,356
03/20/2005,MKC,MO,ACE,CE,Towers with Radar,0,0,0,0,0,0,35,129,0,164,0,35,129,0,164,86,0,86,250
03/21/2005,MKC,MO,ACE,CE,Towers with Radar,0,0,0,0,0,0,45,102,2,149,0,45,102,2,149,36,0,36,185
03/22/2005,MKC,MO,ACE,CE,Towers with Radar,0,0,0,0,0,0,51,104,0,155,0,51,104,0,155,10,0,10,165
03/23/2005,MKC,MO,ACE,CE,Towers with Radar,0,0,0,0,0,0,65,183,2,250,0,65,183,2,250,172,0,172,422
03/24/2005,MKC,MO,ACE,CE,Towers with Radar,0,0,0,0,0,0,62,126,0,188,0,62,126,0,188,17,0,17,205
03/25/2005,MKC,MO,ACE,CE,Towers with Radar,0,0,0,0,0,0,39,63,0,102,0,39,63,0,102,0,0,0,102
03/26/2005,MKC,MO,ACE,CE,Towers with Radar,0,0,0,0,0,0,12,115,0,127,0,12,115,0,127,248,0,248,375
03/27/2005,MKC,MO,ACE,CE,Towers with Radar,0,0,0,0,0,0,23,99,0,122,0,23,99,0,122,105,0,105,227
03/28/2005,MKC,MO,ACE,CE,Towers with Radar,0,0,0,0,0,0,45,207,1,253,0,45,207,1,253,49,0,49,302
03/29/2005,MKC,MO,ACE,CE,Towers with Radar,0,0,0,0,0,0,45,163,0,208,0,45,163,0,208,58,0,58,266
03/30/2005,MKC,MO,ACE,CE,Towers with Radar,0,0,0,0,0,0,56,113,2,171,0,56,113,2,171,68,0,68,239
03/31/2005,MKC,MO,ACE,CE,Towers with Radar,0,0,0,0,0,0,50,225,0,275,0,50,225,0,275,47,0,47,322
04/01/2005,MKC,MO,ACE,CE,Towers with Radar,0,0,0,0,0,0,51,201,0,252,0,51,201,0,252,40,0,40,292
04/02/2005,MKC,MO,ACE,CE,Towers with Radar,0,0,0,0,0,0,14,169,0,183,0,14,169,0,183,107,0,107,290
04/03/2005,MKC,MO,ACE,CE,Towers with Radar,0,0,0,0,0,0,26,154,0,180,0,26,154,0,180,20,0,20,200
04/04/2005,MKC,MO,ACE,CE,Towers with Radar,0,0,0,0,0,0,34,127,4,165,0,34,127,4,165,68,2,70,235
04/05/2005,MKC,MO,ACE,CE,Towers with Radar,0,0,0,0,0,0,53,185,2,240,0,53,185,2,240,101,0,101,341
04/06/2005,MKC,MO,ACE,CE,Towers with Radar,0,0,0,0,0,0,70,135,0,205,0,70,135,0,205,96,0,96,301
04/07/2005,MKC,MO,ACE,CE,Towers with Radar,0,0,0,0,0,0,32,177,0,209,0,32,177,0,209,79,0,79,288
04/08/2005,MKC,MO,ACE,CE,Towers with Radar,0,0,0,0,0,0,30,216,4,250,0,30,216,4,250,60,0,60,310
04/09/2005,MKC,MO,ACE,CE,Towers with Radar,0,0,0,0,0,0,19,118,0,137,0,19,118,0,137,49,0,49,186
04/10/2005,MKC,MO,ACE,CE,Towers with Radar,0,0,0,0,0,0,5,100,0,105,0,5,100,0,105,62,0,62,167
04/11/2005,MKC,MO,ACE,CE,Towers with Radar,0,0,0,0,0,0,33,111,0,144,0,33,111,0,144,70,0,70,214
04/12/2005,MKC,MO,ACE,CE,Towers with Radar,0,0,0,0,0,0,59,169,0,228,0,59,169,0,228,52,0,52,280
04/13/2005,MKC,MO,ACE,CE,Towers with Radar,0,0,0,0,0,0,51,198,2,251,0,51,198,2,251,98,0,98,349
04/14/2005,MKC,MO,ACE,CE,Towers with Radar,0,0,0,0,0,0,57,251,0,308,0,57,251,0,308,74,0,74,382
04/15/2005,MKC,MO,ACE,CE,Towers with Radar,0,0,0,0,0,0,57,234,0,291,0,57,234,0,291,111,2,113,404
04/16/2005,MKC,MO,ACE,CE,Towers with Radar,0,0,0,0,0,0,10,116,1,127,0,10,116,1,127,66,0,66,193
04/17/2005,MKC,MO,ACE,CE,Towers with Radar,0,0,0,0,0,0,15,151,0,166,0,15,151,0,166,137,0,137,303
04/18/2005,MKC,MO,ACE,CE,Towers with Radar,0,0,0,0,0,0,40,135,0,175,0,40,135,0,175,25,0,25,200
04/19/2005,MKC,MO,ACE,CE,Towers with Radar,0,0,0,0,0,0,34,169,4,207,0,34,169,4,207,67,0,67,274
04/20/2005,MKC,MO,ACE,CE,Towers with Radar,0,0,0,0,0,0,53,199,2,254,0,53,199,2,254,114,0,114,368
04/21/2005,MKC,MO,ACE,CE,Towers with Radar,0,0,0,0,0,0,54,136,0,190,0,54,136,0,190,95,0,95,285
04/22/2005,MKC,MO,ACE,CE,Towers with Radar,0,0,0,0,0,0,27,81,0,108,0,27,81,0,108,18,0,18,126
04/23/2005,MKC,MO,ACE,CE,Towers with Radar,0,0,0,0,0,0,27,126,3,156,0,27,126,3,156,43,0,43,199
04/24/2005,MKC,MO,ACE,CE,Towers with Radar,0,0,0,0,0,0,11,174,0,185,0,11,174,0,185,86,0,86,271
04/25/2005,MKC,MO,ACE,CE,Towers with Radar,0,0,0,0,0,0,42,115,1,158,0,42,115,1,158,63,0,63,221
04/26/2005,MKC,MO,ACE,CE,Towers with Radar,0,0,0,0,0,0,53,177,0,230,0,53,177,0,230,42,0,42,272
04/27/2005,MKC,MO,ACE,CE,Towers with Radar,0,0,0,0,0,0,58,194,2,254,0,58,194,2,254,151,0,151,405
04/28/2005,MKC,MO,ACE,CE,Towers with Radar,0,0,0,0,0,0,53,183,0,236,0,53,183,0,236,75,0,75,311
04/29/2005,MKC,MO,ACE,CE,Towers with Radar,0,0,0,0,0,0,40,135,0,175,0,40,135,0,175,0,0,0,175
04/30/2005,MKC,MO,ACE,CE,Towers with Radar,0,0,0,0,0,0,15,180,1,196,0,15,180,1,196,98,0,98,294
05/01/2005,MKC,MO,ACE,CE,Towers with Radar,0,0,0,0,0,0,12,107,0,119,0,12,107,0,119,74,0,74,193
05/02/2005,MKC,MO,ACE,CE,Towers with Radar,0,0,0,0,0,0,42,178,0,220,0,42,178,0,220,10,0,10,230
05/03/2005,MKC,MO,ACE,CE,Towers with Radar,0,0,0,0,0,0,47,257,0,304,0,47,257,0,304,189,0,189,493
05/04/2005,MKC,MO,ACE,CE,Towers with Radar,0,0,0,0,0,0,61,202,0,263,0,61,202,0,263,146,0,146,409
05/05/2005,MKC,MO,ACE,CE,Towers with Radar,0,0,0,0,0,0,52,223,2,277,0,52,223,2,277,65,0,65,342
05/06/2005,MKC,MO,ACE,CE,Towers with Radar,0,0,0,0,0,0,45,200,0,245,0,45,200,0,245,141,0,141,386
05/07/2005,MKC,MO,ACE,CE,Towers with Radar,0,0,0,0,0,0,16,85,0,101,0,16,85,0,101,83,0,83,184
05/08/2005,MKC,MO,ACE,CE,Towers with Radar,0,0,0,0,0,0,15,65,0,80,0,15,65,0,80,65,0,65,145
05/09/2005,MKC,MO,ACE,CE,Towers with Radar,0,0,0,0,0,0,42,174,0,216,0,42,174,0,216,139,0,139,355
05/10/2005,MKC,MO,ACE,CE,Towers with Radar,0,0,0,0,0,0,59,237,0,296,0,59,237,0,296,137,0,137,433
05/11/2005,MKC,MO,ACE,CE,Towers with Radar,0,0,0,0,0,0,48,183,2,233,0,48,183,2,233,95,0,95,328
05/12/2005,MKC,MO,ACE,CE,Towers with Radar,0,0,0,0,0,0,59,132,2,193,0,59,132,2,193,46,0,46,239
05/13/2005,MKC,MO,ACE,CE,Towers with Radar,0,0,0,0,0,0,33,147,0,180,0,33,147,0,180,38,0,38,218
05/14/2005,MKC,MO,ACE,CE,Towers with Radar,0,0,0,0,0,0,20,159,0,179,0,20,159,0,179,149,0,149,328
05/15/2005,MKC,MO,ACE,CE,Towers with Radar,0,0,0,0,0,0,26,173,1,200,0,26,173,1,200,110,0,110,310
05/16/2005,MKC,MO,ACE,CE,Towers with Radar,0,0,0,0,0,0,44,191,0,235,0,44,191,0,235,42,0,42,277
05/17/2005,MKC,MO,ACE,CE,Towers with Radar,0,0,0,0,0,0,52,200,0,252,0,52,200,0,252,137,0,137,389
05/18/2005,MKC,MO,ACE,CE,Towers with Radar,0,0,0,0,0,0,54,160,2,216,0,54,160,2,216,80,0,80,296
05/19/2005,MKC,MO,ACE,CE,Towers with Radar,0,0,0,0,0,0,43,224,3,270,0,43,224,3,270,91,0,91,361
05/20/2005,MKC,MO,ACE,CE,Towers with Radar,0,0,0,0,0,0,45,197,1,243,0,45,197,1,243,57,0,57,300
05/21/2005,MKC,MO,ACE,CE,Towers with Radar,0,0,0,0,0,0,18,169,2,189,0,18,169,2,189,50,0,50,239
05/22/2005,MKC,MO,ACE,CE,Towers with Radar,0,0,0,0,0,0,17,143,0,160,0,17,143,0,160,125,0,125,285
05/23/2005,MKC,MO,ACE,CE,Towers with Radar,0,0,0,0,0,0,42,233,2,277,0,42,233,2,277,106,0,106,383
05/24/2005,MKC,MO,ACE,CE,Towers with Radar,0,0,0,0,0,0,45,219,2,266,0,45,219,2,266,110,3,113,379
05/25/2005,MKC,MO,ACE,CE,Towers with Radar,0,0,0,0,0,0,64,200,2,266,0,64,200,2,266,163,0,163,429
05/26/2005,MKC,MO,ACE,CE,Towers with Radar,0,0,0,0,0,0,70,219,2,291,0,70,219,2,291,193,0,193,484
05/27/2005,MKC,MO,ACE,CE,Towers with Radar,0,0,0,0,0,0,55,183,0,238,0,55,183,0,238,80,0,80,318
05/28/2005,MKC,MO,ACE,CE,Towers with Radar,0,0,0,0,0,0,21,158,0,179,0,21,158,0,179,138,0,138,317
05/29/2005,MKC,MO,ACE,CE,Towers with Radar,0,0,0,0,0,0,15,83,0,98,0,15,83,0,98,29,0,29,127
05/30/2005,MKC,MO,ACE,CE,Towers with Radar,0,0,0,0,0,0,21,109,0,130,0,21,109,0,130,330,0,330,460
05/31/2005,MKC,MO,ACE,CE,Towers with Radar,0,0,0,0,0,0,42,155,6,203,0,42,155,6,203,82,0,82,285
06/01/2005,MKC,MO,ACE,CE,Towers with Radar,0,0,0,0,0,0,51,135,3,189,0,51,135,3,189,104,0,104,293
06/02/2005,MKC,MO,ACE,CE,Towers with Radar,0,0,0,0,0,0,51,255,2,308,0,51,255,2,308,152,0,152,460
06/03/2005,MKC,MO,ACE,CE,Towers with Radar,0,0,0,0,0,0,31,95,0,126,0,31,95,0,126,26,0,26,152
06/04/2005,MKC,MO,ACE,CE,Towers with Radar,0,0,0,0,0,0,11,61,0,72,0,11,61,0,72,51,0,51,123
06/05/2005,MKC,MO,ACE,CE,Towers with Radar,0,0,0,0,0,0,15,128,0,143,0,15,128,0,143,58,0,58,201
06/06/2005,MKC,MO,ACE,CE,Towers with Radar,0,0,0,0,0,0,27,175,3,205,0,27,175,3,205,92,0,92,297
06/07/2005,MKC,MO,ACE,CE,Towers with Radar,0,0,0,0,0,0,46,174,0,220,0,46,174,0,220,84,0,84,304
06/08/2005,MKC,MO,ACE,CE,Towers with Radar,0,0,0,0,0,0,64,193,0,257,0,64,193,0,257,116,0,116,373
06/09/2005,MKC,MO,ACE,CE,Towers with Radar,0,0,0,0,0,0,53,149,0,202,0,53,149,0,202,94,0,94,296
06/10/2005,MKC,MO,ACE,CE,Towers with Radar,0,0,0,0,0,0,41,154,0,195,0,41,154,0,195,74,0,74,269
06/11/2005,MKC,MO,ACE,CE,Towers with Radar,0,0,0,0,0,0,6,71,0,77,0,6,71,0,77,27,0,27,104
06/12/2005,MKC,MO,ACE,CE,Towers with Radar,0,0,0,0,0,0,14,70,0,84,0,14,70,0,84,58,0,58,142
06/13/2005,MKC,MO,ACE,CE,Towers with Radar,0,0,0,0,0,0,37,165,0,202,0,37,165,0,202,113,0,113,315
06/14/2005,MKC,MO,ACE,CE,Towers with Radar,0,0,0,0,0,0,50,193,0,243,0,50,193,0,243,95,0,95,338
06/15/2005,MKC,MO,ACE,CE,Towers with Radar,0,0,0,0,0,0,51,205,0,256,0,51,205,0,256,172,0,172,428
06/16/2005,MKC,MO,ACE,CE,Towers with Radar,0,0,0,0,0,0,48,200,1,249,0,48,200,1,249,141,0,141,390
06/17/2005,MKC,MO,ACE,CE,Towers with Radar,0,0,0,0,0,0,44,176,0,220,0,44,176,0,220,33,0,33,253
06/18/2005,MKC,MO,ACE,CE,Towers with Radar,0,0,0,0,0,0,13,167,13,193,0,13,167,13,193,84,0,84,277
06/19/2005,MKC,MO,ACE,CE,Towers with Radar,0,0,0,0,0,0,20,117,0,137,0,20,117,0,137,88,0,88,225
06/20/2005,MKC,MO,ACE,CE,Towers with Radar,0,0,0,0,0,0,40,154,0,194,0,40,154,0,194,76,1,77,271
06/21/2005,MKC,MO,ACE,CE,Towers with Radar,0,0,0,0,0,0,52,197,0,249,0,52,197,0,249,108,0,108,357
06/22/2005,MKC,MO,ACE,CE,Towers with Radar,0,0,0,0,0,0,50,226,0,276,0,50,226,0,276,172,0,172,448
06/23/2005,MKC,MO,ACE,CE,Towers with Radar,0,0,0,0,0,0,56,221,0,277,0,56,221,0,277,115,0,115,392
06/24/2005,MKC,MO,ACE,CE,Towers with Radar,0,0,0,0,0,0,46,190,1,237,0,46,190,1,237,64,0,64,301
06/25/2005,MKC,MO,ACE,CE,Towers with Radar,0,0,0,0,0,0,14,125,1,140,0,14,125,1,140,55,0,55,195
06/26/2005,MKC,MO,ACE,CE,Towers with Radar,0,0,0,0,0,0,14,106,0,120,0,14,106,0,120,64,0,64,184
06/27/2005,MKC,MO,ACE,CE,Towers with Radar,0,0,0,0,0,0,46,161,0,207,0,46,161,0,207,34,0,34,241
06/28/2005,MKC,MO,ACE,CE,Towers with Radar,0,0,0,0,0,0,43,176,4,223,0,43,176,4,223,92,0,92,315
06/29/2005,MKC,MO,ACE,CE,Towers with Radar,0,0,0,0,0,0,63,224,4,291,0,63,224,4,291,83,0,83,374
06/30/2005,MKC,MO,ACE,CE,Towers with Radar,0,0,0,0,0,0,48,121,0,169,0,48,121,0,169,18,0,18,187
07/01/2005,MKC,MO,ACE,CE,Towers with Radar,0,0,0,0,0,0,44,231,2,277,0,44,231,2,277,44,0,44,321
07/02/2005,MKC,MO,ACE,CE,Towers with Radar,0,0,0,0,0,0,23,115,1,139,0,23,115,1,139,109,0,109,248
07/03/2005,MKC,MO,ACE,CE,Towers with Radar,0,0,0,0,0,0,25,56,2,83,0,25,56,2,83,59,0,59,142
07/04/2005,MKC,MO,ACE,CE,Towers with Radar,0,0,0,0,0,0,12,73,0,85,0,12,73,0,85,44,0,44,129
07/05/2005,MKC,MO,ACE,CE,Towers with Radar,0,0,0,0,0,0,32,147,2,181,0,32,147,2,181,95,0,95,276
07/06/2005,MKC,MO,ACE,CE,Towers with Radar,0,0,0,0,0,0,57,211,2,270,0,57,211,2,270,74,0,74,344
07/07/2005,MKC,MO,ACE,CE,Towers with Radar,0,0,0,0,0,0,62,193,1,256,0,62,193,1,256,91,0,91,347
07/08/2005,MKC,MO,ACE,CE,Towers with Radar,0,0,0,0,0,0,42,184,5,231,0,42,184,5,231,96,0,96,327
07/09/2005,MKC,MO,ACE,CE,Towers with Radar,0,0,0,0,0,0,11,157,2,170,0,11,157,2,170,118,0,118,288
07/10/2005,MKC,MO,ACE,CE,Towers with Radar,0,0,0,0,0,0,22,117,0,139,0,22,117,0,139,35,0,35,174
07/11/2005,MKC,MO,ACE,CE,Towers with Radar,0,0,0,0,0,0,26,140,2,168,0,26,140,2,168,116,0,116,284
07/12/2005,MKC,MO,ACE,CE,Towers with Radar,0,0,0,0,0,0,54,171,0,225,0,54,171,0,225,185,0,185,410
07/13/2005,MKC,MO,ACE,CE,Towers with Radar,0,0,0,0,0,0,62,256,0,318,0,62,256,0,318,163,0,163,481
07/14/2005,MKC,MO,ACE,CE,Towers with Radar,0,0,0,0,0,0,60,253,0,313,0,60,253,0,313,159,0,159,472
07/15/2005,MKC,MO,ACE,CE,Towers with Radar,0,0,0,0,0,0,40,223,0,263,0,40,223,0,263,162,0,162,425
07/16/2005,MKC,MO,ACE,CE,Towers with Radar,0,0,0,0,0,0,8,138,0,146,0,8,138,0,146,202,0,202,348
07/17/2005,MKC,MO,ACE,CE,Towers with Radar,0,0,0,0,0,0,29,154,0,183,0,29,154,0,183,74,0,74,257
07/18/2005,MKC,MO,ACE,CE,Towers with Radar,0,0,0,0,0,0,36,150,0,186,0,36,150,0,186,60,2,62,248
07/19/2005,MKC,MO,ACE,CE,Towers with Radar,0,0,0,0,0,0,36,165,2,203,0,36,165,2,203,68,0,68,271
07/20/2005,MKC,MO,ACE,CE,Towers with Radar,0,0,0,0,0,0,49,210,2,261,0,49,210,2,261,188,0,188,449
07/21/2005,MKC,MO,ACE,CE,Towers with Radar,0,0,0,0,0,0,49,186,2,237,0,49,186,2,237,125,0,125,362
07/22/2005,MKC,MO,ACE,CE,Towers with Radar,0,0,0,0,0,0,49,195,0,244,0,49,195,0,244,132,0,132,376
07/23/2005,MKC,MO,ACE,CE,Towers with Radar,0,0,0,0,0,0,25,110,0,135,0,25,110,0,135,65,0,65,200
07/24/2005,MKC,MO,ACE,CE,Towers with Radar,0,0,0,0,0,0,18,70,0,88,0,18,70,0,88,57,0,57,145
07/25/2005,MKC,MO,ACE,CE,Towers with Radar,0,0,0,0,0,0,27,143,0,170,0,27,143,0,170,23,0,23,193
07/26/2005,MKC,MO,ACE,CE,Towers with Radar,0,0,0,0,0,0,37,128,0,165,0,37,128,0,165,0,0,0,165
07/27/2005,MKC,MO,ACE,CE,Towers with Radar,0,0,0,0,0,0,62,247,4,313,0,62,247,4,313,108,0,108,421
07/28/2005,MKC,MO,ACE,CE,Towers with Radar,0,0,0,0,0,0,59,251,1,311,0,59,251,1,311,138,0,138,449
07/29/2005,MKC,MO,ACE,CE,Towers with Radar,0,0,0,0,0,0,43,161,2,206,0,43,161,2,206,8,0,8,214
07/30/2005,MKC,MO,ACE,CE,Towers with Radar,0,0,0,0,0,0,24,124,0,148,0,24,124,0,148,133,0,133,281
07/31/2005,MKC,MO,ACE,CE,Towers with Radar,0,0,0,0,0,0,17,112,0,129,0,17,112,0,129,22,0,22,151
08/01/2005,MKC,MO,ACE,CE,Towers with Radar,0,0,0,0,0,0,44,170,0,214,0,44,170,0,214,59,0,59,273
08/02/2005,MKC,MO,ACE,CE,Towers with Radar,0,0,0,0,0,0,61,193,0,254,0,61,193,0,254,96,0,96,350
08/03/2005,MKC,MO,ACE,CE,Towers with Radar,0,0,0,0,0,0,62,204,2,268,0,62,204,2,268,120,0,120,388
08/04/2005,MKC,MO,ACE,CE,Towers with Radar,0,0,0,0,0,0,55,174,5,234,0,55,174,5,234,82,0,82,316
08/05/2005,MKC,MO,ACE,CE,Towers with Radar,0,0,0,0,0,0,42,157,7,206,0,42,157,7,206,32,2,34,240
08/06/2005,MKC,MO,ACE,CE,Towers with Radar,0,0,0,0,0,0,11,120,1,132,0,11,120,1,132,56,0,56,188
08/07/2005,MKC,MO,ACE,CE,Towers with Radar,0,0,0,0,0,0,27,125,0,152,0,27,125,0,152,73,0,73,225
08/08/2005,MKC,MO,ACE,CE,Towers with Radar,0,0,0,0,0,0,30,132,1,163,0,30,132,1,163,52,0,52,215
08/09/2005,MKC,MO,ACE,CE,Towers with Radar,0,0,0,0,0,0,44,178,1,223,0,44,178,1,223,88,0,88,311
08/10/2005,MKC,MO,ACE,CE,Towers with Radar,0,0,0,0,0,0,57,185,7,249,0,57,185,7,249,96,0,96,345
08/11/2005,MKC,MO,ACE,CE,Towers with Radar,0,0,0,0,0,0,52,198,0,250,0,52,198,0,250,69,0,69,319
08/12/2005,MKC,MO,ACE,CE,Towers with Radar,0,0,0,0,0,0,41,142,0,183,0,41,142,0,183,78,0,78,261
08/13/2005,MKC,MO,ACE,CE,Towers with Radar,0,0,0,0,0,0,11,88,0,99,0,11,88,0,99,217,0,217,316
08/14/2005,MKC,MO,ACE,CE,Towers with Radar,0,0,0,0,0,0,15,92,0,107,0,15,92,0,107,45,0,45,152
08/15/2005,MKC,MO,ACE,CE,Towers with Radar,0,0,0,0,0,0,39,114,0,153,0,39,114,0,153,78,0,78,231
08/16/2005,MKC,MO,ACE,CE,Towers with Radar,0,0,0,0,0,0,42,161,0,203,0,42,161,0,203,70,0,70,273
08/17/2005,MKC,MO,ACE,CE,Towers with Radar,0,0,0,0,0,0,57,200,0,257,0,57,200,0,257,103,0,103,360
08/18/2005,MKC,MO,ACE,CE,Towers with Radar,0,0,0,0,0,0,36,178,1,215,0,36,178,1,215,53,0,53,268
08/19/2005,MKC,MO,ACE,CE,Towers with Radar,0,0,0,0,0,0,36,154,9,199,0,36,154,9,199,22,0,22,221
08/20/2005,MKC,MO,ACE,CE,Towers with Radar,0,0,0,0,0,0,18,115,0,133,0,18,115,0,133,74,0,74,207
08/21/2005,MKC,MO,ACE,CE,Towers with Radar,0,0,0,0,0,0,21,121,1,143,0,21,121,1,143,88,0,88,231
08/22/2005,MKC,MO,ACE,CE,Towers with Radar,0,0,0,0,0,0,33,148,1,182,0,33,148,1,182,56,0,56,238
08/23/2005,MKC,MO,ACE,CE,Towers with Radar,0,0,0,0,0,0,50,164,0,214,0,50,164,0,214,109,0,109,323
08/24/2005,MKC,MO,ACE,CE,Towers with Radar,0,0,0,0,0,0,53,133,1,187,0,53,133,1,187,116,0,116,303
08/25/2005,MKC,MO,ACE,CE,Towers with Radar,0,0,0,0,0,0,46,154,0,200,0,46,154,0,200,98,0,98,298
08/26/2005,MKC,MO,ACE,CE,Towers with Radar,0,0,0,0,0,0,33,158,3,194,0,33,158,3,194,84,0,84,278
08/27/2005,MKC,MO,ACE,CE,Towers with Radar,0,0,0,0,0,0,18,181,0,199,0,18,181,0,199,139,0,139,338
08/28/2005,MKC,MO,ACE,CE,Towers with Radar,0,0,0,0,0,0,12,141,4,157,0,12,141,4,157,57,0,57,214
08/29/2005,MKC,MO,ACE,CE,Towers with Radar,0,0,0,0,0,0,42,177,1,220,0,42,177,1,220,58,0,58,278
08/30/2005,MKC,MO,ACE,CE,Towers with Radar,0,0,0,0,0,0,54,192,2,248,0,54,192,2,248,92,0,92,340
08/31/2005,MKC,MO,ACE,CE,Towers with Radar,0,0,0,0,0,0,48,229,2,279,0,48,229,2,279,98,0,98,377
09/01/2005,MKC,MO,ACE,CE,Towers with Radar,0,0,0,0,0,0,39,156,2,197,0,39,156,2,197,39,0,39,236
09/02/2005,MKC,MO,ACE,CE,Towers with Radar,0,0,0,0,0,0,43,139,0,182,0,43,139,0,182,38,0,38,220
09/03/2005,MKC,MO,ACE,CE,Towers with Radar,0,0,0,0,0,0,19,112,2,133,0,19,112,2,133,57,2,59,192
09/04/2005,MKC,MO,ACE,CE,Towers with Radar,0,0,0,0,0,0,3,92,0,95,0,3,92,0,95,31,0,31,126
09/05/2005,MKC,MO,ACE,CE,Towers with Radar,0,0,0,0,0,0,12,96,0,108,0,12,96,0,108,3,0,3,111
09/06/2005,MKC,MO,ACE,CE,Towers with Radar,0,0,0,0,0,0,43,155,2,200,0,43,155,2,200,154,0,154,354
09/07/2005,MKC,MO,ACE,CE,Towers with Radar,0,0,0,0,0,0,44,206,4,254,0,44,206,4,254,177,0,177,431
09/08/2005,MKC,MO,ACE,CE,Towers with Radar,0,0,0,0,0,0,51,193,0,244,0,51,193,0,244,112,0,112,356
09/09/2005,MKC,MO,ACE,CE,Towers with Radar,0,0,0,0,0,0,51,173,2,226,0,51,173,2,226,18,0,18,244
09/10/2005,MKC,MO,ACE,CE,Towers with Radar,0,0,0,0,0,0,18,117,1,136,0,18,117,1,136,61,0,61,197
09/11/2005,MKC,MO,ACE,CE,Towers with Radar,0,0,0,0,0,0,16,104,1,121,0,16,104,1,121,18,0,18,139
09/12/2005,MKC,MO,ACE,CE,Towers with Radar,0,0,0,0,0,0,44,152,1,197,0,44,152,1,197,22,0,22,219
09/13/2005,MKC,MO,ACE,CE,Towers with Radar,0,0,0,0,0,0,40,113,0,153,0,40,113,0,153,79,0,79,232
09/14/2005,MKC,MO,ACE,CE,Towers with Radar,0,0,0,0,0,0,48,189,0,237,0,48,189,0,237,74,0,74,311
09/15/2005,MKC,MO,ACE,CE,Towers with Radar,0,0,0,0,0,0,58,94,2,154,0,58,94,2,154,9,0,9,163
09/16/2005,MKC,MO,ACE,CE,Towers with Radar,0,0,0,0,0,0,66,206,2,274,0,66,206,2,274,102,2,104,378
09/17/2005,MKC,MO,ACE,CE,Towers with Radar,0,0,0,0,0,0,19,106,0,125,0,19,106,0,125,87,0,87,212
09/18/2005,MKC,MO,ACE,CE,Towers with Radar,0,0,0,0,0,0,13,90,2,105,0,13,90,2,105,28,0,28,133
09/19/2005,MKC,MO,ACE,CE,Towers with Radar,0,0,0,0,0,0,41,131,0,172,0,41,131,0,172,28,0,28,200
09/20/2005,MKC,MO,ACE,CE,Towers with Radar,0,0,0,0,0,0,53,175,2,230,0,53,175,2,230,66,0,66,296
09/21/2005,MKC,MO,ACE,CE,Towers with Radar,0,0,0,0,0,0,62,207,2,271,0,62,207,2,271,124,0,124,395
09/22/2005,MKC,MO,ACE,CE,Towers with Radar,0,0,0,0,0,0,69,179,5,253,0,69,179,5,253,87,0,87,340
09/23/2005,MKC,MO,ACE,CE,Towers with Radar,0,0,0,0,0,0,39,90,0,129,0,39,90,0,129,0,0,0,129
09/24/2005,MKC,MO,ACE,CE,Towers with Radar,0,0,0,0,0,0,16,84,0,100,0,16,84,0,100,57,0,57,157
09/25/2005,MKC,MO,ACE,CE,Towers with Radar,0,0,0,0,0,0,15,108,0,123,0,15,108,0,123,58,0,58,181
09/26/2005,MKC,MO,ACE,CE,Towers with Radar,0,0,0,0,0,0,42,133,0,175,0,42,133,0,175,57,0,57,232
09/27/2005,MKC,MO,ACE,CE,Towers with Radar,0,0,0,0,0,0,48,209,2,259,0,48,209,2,259,127,0,127,386
09/28/2005,MKC,MO,ACE,CE,Towers with Radar,0,0,0,0,0,0,52,132,7,191,0,52,132,7,191,52,0,52,243
09/29/2005,MKC,MO,ACE,CE,Towers with Radar,0,0,0,0,0,0,50,191,1,242,0,50,191,1,242,75,0,75,317
09/30/2005,MKC,MO,ACE,CE,Towers with Radar,0,0,0,0,0,0,52,168,0,220,0,52,168,0,220,6,0,6,226
10/01/2005,MKC,MO,ACE,CE,Towers with Radar,0,0,0,0,0,0,13,85,0,98,0,13,85,0,98,88,0,88,186
10/02/2005,MKC,MO,ACE,CE,Towers with Radar,0,0,0,0,0,0,13,103,0,116,0,13,103,0,116,7,0,7,123
10/03/2005,MKC,MO,ACE,CE,Towers with Radar,0,0,0,0,0,0,41,131,7,179,0,41,131,7,179,20,1,21,200
10/04/2005,MKC,MO,ACE,CE,Towers with Radar,0,0,0,0,0,0,47,146,1,194,0,47,146,1,194,76,0,76,270
10/05/2005,MKC,MO,ACE,CE,Towers with Radar,0,0,0,0,0,0,51,115,6,172,0,51,115,6,172,68,0,68,240
10/06/2005,MKC,MO,ACE,CE,Towers with Radar,0,0,0,0,0,0,53,185,0,238,0,53,185,0,238,116,0,116,354
10/07/2005,MKC,MO,ACE,CE,Towers with Radar,0,0,0,0,0,0,46,209,0,255,0,46,209,0,255,120,0,120,375
10/08/2005,MKC,MO,ACE,CE,Towers with Radar,0,0,0,0,0,0,11,146,0,157,0,11,146,0,157,53,0,53,210
10/09/2005,MKC,MO,ACE,CE,Towers with Radar,0,0,0,0,0,0,18,210,3,231,0,18,210,3,231,54,0,54,285
10/10/2005,MKC,MO,ACE,CE,Towers with Radar,0,0,0,0,0,0,25,140,9,174,0,25,140,9,174,55,0,55,229
10/11/2005,MKC,MO,ACE,CE,Towers with Radar,0,0,0,0,0,0,43,162,8,213,0,43,162,8,213,136,8,144,357
10/12/2005,MKC,MO,ACE,CE,Towers with Radar,0,0,0,0,0,0,53,186,2,241,0,53,186,2,241,146,0,146,387
10/13/2005,MKC,MO,ACE,CE,Towers with Radar,0,0,0,0,0,0,67,244,0,311,0,67,244,0,311,76,0,76,387
10/14/2005,MKC,MO,ACE,CE,Towers with Radar,0,0,0,0,0,0,55,179,2,236,0,55,179,2,236,42,0,42,278
10/15/2005,MKC,MO,ACE,CE,Towers with Radar,0,0,0,0,0,0,10,172,2,184,0,10,172,2,184,143,0,143,327
10/16/2005,MKC,MO,ACE,CE,Towers with Radar,0,0,0,0,0,0,19,176,0,195,0,19,176,0,195,33,0,33,228
10/17/2005,MKC,MO,ACE,CE,Towers with Radar,0,0,0,0,0,0,51,160,0,211,0,51,160,0,211,63,0,63,274
10/18/2005,MKC,MO,ACE,CE,Towers with Radar,0,0,0,0,0,0,52,172,0,224,0,52,172,0,224,71,0,71,295
10/19/2005,MKC,MO,ACE,CE,Towers with Radar,0,0,0,0,0,0,49,183,0,232,0,49,183,0,232,106,0,106,338
10/20/2005,MKC,MO,ACE,CE,Towers with Radar,0,0,0,0,0,0,48,135,0,183,0,48,135,0,183,0,0,0,183
10/21/2005,MKC,MO,ACE,CE,Towers with Radar,0,0,0,0,0,0,55,170,0,225,0,55,170,0,225,65,0,65,290
10/22/2005,MKC,MO,ACE,CE,Towers with Radar,0,0,0,0,0,0,10,117,0,127,0,10,117,0,127,42,0,42,169
10/23/2005,MKC,MO,ACE,CE,Towers with Radar,0,0,0,0,0,0,11,82,6,99,0,11,82,6,99,26,0,26,125
10/24/2005,MKC,MO,ACE,CE,Towers with Radar,0,0,0,0,0,0,50,138,0,188,0,50,138,0,188,38,0,38,226
10/25/2005,MKC,MO,ACE,CE,Towers with Radar,0,0,0,0,0,0,55,215,8,278,0,55,215,8,278,131,0,131,409
10/26/2005,MKC,MO,ACE,CE,Towers with Radar,0,0,0,0,0,0,57,204,2,263,0,57,204,2,263,0,137,137,400
10/27/2005,MKC,MO,ACE,CE,Towers with Radar,0,0,0,0,0,0,64,206,2,272,0,64,206,2,272,68,0,68,340
10/28/2005,MKC,MO,ACE,CE,Towers with Radar,0,0,0,0,0,0,55,166,4,225,0,55,166,4,225,58,0,58,283
10/29/2005,MKC,MO,ACE,CE,Towers with Radar,0,0,0,0,0,0,18,108,4,130,0,18,108,4,130,120,0,120,250
10/30/2005,MKC,MO,ACE,CE,Towers with Radar,0,0,0,0,0,0,22,88,0,110,0,22,88,0,110,65,0,65,175
10/31/2005,MKC,MO,ACE,CE,Towers with Radar,0,0,0,0,0,0,33,89,0,122,0,33,89,0,122,12,0,12,134
11/01/2005,MKC,MO,ACE,CE,Towers with Radar,0,0,0,0,0,0,60,178,2,240,0,60,178,2,240,76,0,76,316
11/02/2005,MKC,MO,ACE,CE,Towers with Radar,0,0,0,0,0,0,60,162,2,224,0,60,162,2,224,81,0,81,305
11/03/2005,MKC,MO,ACE,CE,Towers with Radar,0,0,0,0,0,0,56,150,0,206,0,56,150,0,206,46,0,46,252
11/04/2005,MKC,MO,ACE,CE,Towers with Radar,0,0,0,0,0,0,53,133,0,186,0,53,133,0,186,40,0,40,226
11/05/2005,MKC,MO,ACE,CE,Towers with Radar,0,0,0,0,0,0,20,96,4,120,0,20,96,4,120,126,0,126,246
11/06/2005,MKC,MO,ACE,CE,Towers with Radar,0,0,0,0,0,0,18,151,2,171,0,18,151,2,171,28,0,28,199
11/07/2005,MKC,MO,ACE,CE,Towers with Radar,0,0,0,0,0,0,36,159,2,197,0,36,159,2,197,50,0,50,247
11/08/2005,MKC,MO,ACE,CE,Towers with Radar,0,0,0,0,0,0,46,175,2,223,0,46,175,2,223,83,0,83,306
11/09/2005,MKC,MO,ACE,CE,Towers with Radar,0,0,0,0,0,0,52,195,1,248,0,52,195,1,248,90,0,90,338
11/10/2005,MKC,MO,ACE,CE,Towers with Radar,0,0,0,0,0,0,53,229,0,282,0,53,229,0,282,104,0,104,386
11/11/2005,MKC,MO,ACE,CE,Towers with Radar,0,0,0,0,0,0,27,147,0,174,0,27,147,0,174,24,0,24,198
11/12/2005,MKC,MO,ACE,CE,Towers with Radar,0,0,0,0,0,0,13,47,0,60,0,13,47,0,60,18,0,18,78
11/13/2005,MKC,MO,ACE,CE,Towers with Radar,0,0,0,0,0,0,13,67,0,80,0,13,67,0,80,18,0,18,98
11/14/2005,MKC,MO,ACE,CE,Towers with Radar,0,0,0,0,0,0,34,129,0,163,0,34,129,0,163,30,0,30,193
11/15/2005,MKC,MO,ACE,CE,Towers with Radar,0,0,0,0,0,0,62,85,0,147,0,62,85,0,147,19,0,19,166
11/16/2005,MKC,MO,ACE,CE,Towers with Radar,0,0,0,0,0,0,63,173,2,238,0,63,173,2,238,60,0,60,298
11/17/2005,MKC,MO,ACE,CE,Towers with Radar,0,0,0,0,0,0,77,189,0,266,0,77,189,0,266,56,0,56,322
11/18/2005,MKC,MO,ACE,CE,Towers with Radar,0,0,0,0,0,0,61,234,1,296,0,61,234,1,296,108,0,108,404
11/19/2005,MKC,MO,ACE,CE,Towers with Radar,0,0,0,0,0,0,22,126,0,148,0,22,126,0,148,114,0,114,262
11/20/2005,MKC,MO,ACE,CE,Towers with Radar,0,0,0,0,0,0,28,66,0,94,0,28,66,0,94,122,0,122,216
11/21/2005,MKC,MO,ACE,CE,Towers with Radar,0,0,0,0,0,0,60,152,0,212,0,60,152,0,212,20,0,20,232
11/22/2005,MKC,MO,ACE,CE,Towers with Radar,0,0,0,0,0,0,49,227,4,280,0,49,227,4,280,149,0,149,429
11/23/2005,MKC,MO,ACE,CE,Towers with Radar,0,0,0,0,0,0,52,142,2,196,0,52,142,2,196,82,0,82,278
11/24/2005,MKC,MO,ACE,CE,Towers with Radar,0,0,0,0,0,0,12,58,0,70,0,12,58,0,70,17,0,17,87
11/25/2005,MKC,MO,ACE,CE,Towers with Radar,0,0,0,0,0,0,22,142,0,164,0,22,142,0,164,68,0,68,232
11/26/2005,MKC,MO,ACE,CE,Towers with Radar,0,0,0,0,0,0,31,126,0,157,0,31,126,0,157,133,0,133,290
11/27/2005,MKC,MO,ACE,CE,Towers with Radar,0,0,0,0,0,0,15,89,0,104,0,15,89,0,104,6,0,6,110
11/28/2005,MKC,MO,ACE,CE,Towers with Radar,0,0,0,0,0,0,44,95,0,139,0,44,95,0,139,15,0,15,154
11/29/2005,MKC,MO,ACE,CE,Towers with Radar,0,0,0,0,0,0,65,141,4,210,0,65,141,4,210,49,0,49,259
11/30/2005,MKC,MO,ACE,CE,Towers with Radar,0,0,0,0,0,0,64,188,2,254,0,64,188,2,254,128,0,128,382
12/01/2005,MKC,MO,ACE,CE,Towers with Radar,0,0,0,0,0,0,59,186,6,251,0,59,186,6,251,87,0,87,338
12/02/2005,MKC,MO,ACE,CE,Towers with Radar,0,0,0,0,0,0,58,212,6,276,0,58,212,6,276,20,0,20,296
12/03/2005,MKC,MO,ACE,CE,Towers with Radar,0,0,0,0,0,0,25,88,2,115,0,25,88,2,115,85,2,87,202
12/04/2005,MKC,MO,ACE,CE,Towers with Radar,0,0,0,0,0,0,29,138,0,167,0,29,138,0,167,76,0,76,243
12/05/2005,MKC,MO,ACE,CE,Towers with Radar,0,0,0,0,0,0,48,154,0,202,0,48,154,0,202,26,0,26,228
12/06/2005,MKC,MO,ACE,CE,Towers with Radar,0,0,0,0,0,0,71,140,2,213,0,71,140,2,213,46,0,46,259
12/07/2005,MKC,MO,ACE,CE,Towers with Radar,0,0,0,0,0,0,35,83,0,118,0,35,83,0,118,8,0,8,126
12/08/2005,MKC,MO,ACE,CE,Towers with Radar,0,0,0,0,0,0,64,116,0,180,0,64,116,0,180,40,0,40,220
12/09/2005,MKC,MO,ACE,CE,Towers with Radar,0,0,0,0,0,0,65,200,0,265,0,65,200,0,265,2,0,2,267
12/10/2005,MKC,MO,ACE,CE,Towers with Radar,0,0,0,0,0,3,17,111,0,131,3,17,111,0,131,65,0,65,196
12/11/2005,MKC,MO,ACE,CE,Towers with Radar,0,0,0,0,0,0,15,91,0,106,0,15,91,0,106,58,0,58,164
12/12/2005,MKC,MO,ACE,CE,Towers with Radar,0,0,0,0,0,0,39,162,0,201,0,39,162,0,201,73,0,73,274
12/13/2005,MKC,MO,ACE,CE,Towers with Radar,0,0,0,0,0,1,53,166,0,220,1,53,166,0,220,47,0,47,267
12/14/2005,MKC,MO,ACE,CE,Towers with Radar,0,0,0,0,0,1,61,166,0,228,1,61,166,0,228,79,0,79,307
12/15/2005,MKC,MO,ACE,CE,Towers with Radar,0,0,0,0,0,0,45,156,0,201,0,45,156,0,201,51,0,51,252
12/16/2005,MKC,MO,ACE,CE,Towers with Radar,0,0,0,0,0,0,52,230,2,284,0,52,230,2,284,38,0,38,322
12/17/2005,MKC,MO,ACE,CE,Towers with Radar,0,0,0,0,0,0,13,34,0,47,0,13,34,0,47,6,0,6,53
12/18/2005,MKC,MO,ACE,CE,Towers with Radar,0,0,0,0,0,0,20,67,0,87,0,20,67,0,87,0,0,0,87
12/19/2005,MKC,MO,ACE,CE,Towers with Radar,0,0,0,0,0,0,43,162,2,207,0,43,162,2,207,56,0,56,263
12/20/2005,MKC,MO,ACE,CE,Towers with Radar,0,0,0,0,0,0,61,196,6,263,0,61,196,6,263,154,8,162,425
12/21/2005,MKC,MO,ACE,CE,Towers with Radar,0,0,0,0,0,0,68,143,0,211,0,68,143,0,211,50,0,50,261
12/22/2005,MKC,MO,ACE,CE,Towers with Radar,0,0,0,0,0,0,69,190,2,261,0,69,190,2,261,84,0,84,345
12/23/2005,MKC,MO,ACE,CE,Towers with Radar,0,0,0,0,0,0,66,197,12,275,0,66,197,12,275,40,29,69,344
12/24/2005,MKC,MO,ACE,CE,Towers with Radar,0,0,0,0,0,0,10,18,0,28,0,10,18,0,28,0,0,0,28
12/25/2005,MKC,MO,ACE,CE,Towers with Radar,0,0,0,0,0,0,9,15,0,24,0,9,15,0,24,0,0,0,24
12/26/2005,MKC,MO,ACE,CE,Towers with Radar,0,0,0,0,0,0,25,135,0,160,0,25,135,0,160,91,0,91,251
12/27/2005,MKC,MO,ACE,CE,Towers with Radar,0,0,0,0,0,0,58,169,8,235,0,58,169,8,235,94,0,94,329
12/28/2005,MKC,MO,ACE,CE,Towers with Radar,0,0,0,0,0,0,58,107,0,165,0,58,107,0,165,60,0,60,225
12/29/2005,MKC,MO,ACE,CE,Towers with Radar,0,0,0,0,0,0,66,104,0,170,0,66,104,0,170,46,0,46,216
12/30/2005,MKC,MO,ACE,CE,Towers with Radar,0,0,0,0,0,0,46,147,0,193,0,46,147,0,193,56,0,56,249
12/31/2005,MKC,MO,ACE,CE,Towers with Radar,0,0,0,0,0,0,22,127,4,153,0,22,127,4,153,72,0,72,225
01/01/2006,MKC,MO,ACE,CE,Towers with Radar,0,0,0,0,0,0,20,97,0,117,0,20,97,0,117,4,0,4,121
01/02/2006,MKC,MO,ACE,CE,Towers with Radar,0,0,0,0,0,0,31,31,0,62,0,31,31,0,62,12,0,12,74
01/03/2006,MKC,MO,ACE,CE,Towers with Radar,0,0,0,0,0,0,53,145,4,202,0,53,145,4,202,73,0,73,275
01/04/2006,MKC,MO,ACE,CE,Towers with Radar,0,0,0,0,0,0,45,168,1,214,0,45,168,1,214,93,0,93,307
01/05/2006,MKC,MO,ACE,CE,Towers with Radar,0,0,0,0,0,0,56,160,0,216,0,56,160,0,216,0,0,0,216
01/06/2006,MKC,MO,ACE,CE,Towers with Radar,0,0,0,0,0,0,59,156,2,217,0,59,156,2,217,60,0,60,277
01/07/2006,MKC,MO,ACE,CE,Towers with Radar,0,0,0,0,0,0,14,161,2,177,0,14,161,2,177,55,0,55,232
01/08/2006,MKC,MO,ACE,CE,Towers with Radar,0,0,0,0,0,0,24,83,0,107,0,24,83,0,107,10,0,10,117
01/09/2006,MKC,MO,ACE,CE,Towers with Radar,0,0,0,0,0,0,43,102,0,145,0,43,102,0,145,52,0,52,197
01/10/2006,MKC,MO,ACE,CE,Towers with Radar,0,0,0,0,0,0,54,105,0,159,0,54,105,0,159,5,0,5,164
01/11/2006,MKC,MO,ACE,CE,Towers with Radar,0,0,0,0,0,0,62,199,2,263,0,62,199,2,263,133,10,143,406
01/12/2006,MKC,MO,ACE,CE,Towers with Radar,0,0,0,0,0,0,50,180,2,232,0,50,180,2,232,81,0,81,313
01/13/2006,MKC,MO,ACE,CE,Towers with Radar,0,0,0,0,0,0,53,113,0,166,0,53,113,0,166,2,0,2,168
01/14/2006,MKC,MO,ACE,CE,Towers with Radar,0,0,0,0,0,0,12,162,0,174,0,12,162,0,174,113,0,113,287
01/15/2006,MKC,MO,ACE,CE,Towers with Radar,0,0,0,0,0,0,9,86,1,96,0,9,86,1,96,39,0,39,135
01/16/2006,MKC,MO,ACE,CE,Towers with Radar,0,0,0,0,0,0,23,128,0,151,0,23,128,0,151,33,0,33,184
01/17/2006,MKC,MO,ACE,CE,Towers with Radar,0,0,0,0,0,0,55,183,4,242,0,55,183,4,242,56,0,56,298
01/18/2006,MKC,MO,ACE,CE,Towers with Radar,0,0,0,0,0,0,53,172,4,229,0,53,172,4,229,55,0,55,284
01/19/2006,MKC,MO,ACE,CE,Towers with Radar,0,0,0,0,0,0,53,142,2,197,0,53,142,2,197,63,0,63,260
01/20/2006,MKC,MO,ACE,CE,Towers with Radar,0,0,0,0,0,0,47,73,0,120,0,47,73,0,120,0,0,0,120
01/21/2006,MKC,MO,ACE,CE,Towers with Radar,0,0,0,0,0,0,30,65,0,95,0,30,65,0,95,14,0,14,109
01/22/2006,MKC,MO,ACE,CE,Towers with Radar,0,0,0,0,0,0,18,84,0,102,0,18,84,0,102,74,0,74,176
01/23/2006,MKC,MO,ACE,CE,Towers with Radar,0,0,0,0,0,0,47,105,0,152,0,47,105,0,152,16,0,16,168
01/24/2006,MKC,MO,ACE,CE,Towers with Radar,0,0,0,0,0,0,74,263,0,337,0,74,263,0,337,98,0,98,435
01/25/2006,MKC,MO,ACE,CE,Towers with Radar,0,0,0,0,0,0,60,299,1,360,0,60,299,1,360,111,0,111,471
01/26/2006,MKC,MO,ACE,CE,Towers with Radar,0,0,0,0,0,0,62,203,0,265,0,62,203,0,265,70,0,70,335
01/27/2006,MKC,MO,ACE,CE,Towers with Radar,0,0,0,0,0,0,47,186,0,233,0,47,186,0,233,58,0,58,291
01/28/2006,MKC,MO,ACE,CE,Towers with Radar,0,0,0,0,0,0,13,59,0,72,0,13,59,0,72,0,0,0,72
01/29/2006,MKC,MO,ACE,CE,Towers with Radar,0,0,0,0,0,0,21,93,0,114,0,21,93,0,114,101,0,101,215
01/30/2006,MKC,MO,ACE,CE,Towers with Radar,0,0,0,0,0,0,44,144,0,188,0,44,144,0,188,78,0,78,266
01/31/2006,MKC,MO,ACE,CE,Towers with Radar,0,0,0,0,0,0,59,213,0,272,0,59,213,0,272,84,0,84,356
02/01/2006,MKC,MO,ACE,CE,Towers with Radar,0,0,0,0,0,0,58,164,0,222,0,58,164,0,222,114,0,114,336
02/02/2006,MKC,MO,ACE,CE,Towers with Radar,0,0,0,0,0,0,64,163,2,229,0,64,163,2,229,41,0,41,270
02/03/2006,MKC,MO,ACE,CE,Towers with Radar,0,0,0,0,0,0,60,117,0,177,0,60,117,0,177,34,0,34,211
02/04/2006,MKC,MO,ACE,CE,Towers with Radar,0,0,0,0,0,0,18,113,0,131,0,18,113,0,131,48,0,48,179
02/05/2006,MKC,MO,ACE,CE,Towers with Radar,0,0,0,0,0,0,21,57,0,78,0,21,57,0,78,36,0,36,114
02/06/2006,MKC,MO,ACE,CE,Towers with Radar,0,0,0,0,0,0,40,151,0,191,0,40,151,0,191,68,0,68,259
02/07/2006,MKC,MO,ACE,CE,Towers with Radar,0,0,0,0,0,0,63,179,2,244,0,63,179,2,244,139,0,139,383
02/08/2006,MKC,MO,ACE,CE,Towers with Radar,0,0,0,0,0,0,61,150,0,211,0,61,150,0,211,64,0,64,275
02/09/2006,MKC,MO,ACE,CE,Towers with Radar,0,0,0,0,0,0,53,160,8,221,0,53,160,8,221,108,0,108,329
02/10/2006,MKC,MO,ACE,CE,Towers with Radar,0,0,0,0,0,0,53,162,0,215,0,53,162,0,215,2,0,2,217
02/11/2006,MKC,MO,ACE,CE,Towers with Radar,0,0,0,0,0,0,6,37,0,43,0,6,37,0,43,0,0,0,43
02/12/2006,MKC,MO,ACE,CE,Towers with Radar,0,0,0,0,0,0,34,106,0,140,0,34,106,0,140,2,0,2,142
02/13/2006,MKC,MO,ACE,CE,Towers with Radar,0,0,0,0,0,0,62,157,0,219,0,62,157,0,219,41,0,41,260
02/14/2006,MKC,MO,ACE,CE,Towers with Radar,0,0,0,0,0,0,63,181,2,246,0,63,181,2,246,128,0,128,374
02/15/2006,MKC,MO,ACE,CE,Towers with Radar,0,0,0,0,0,0,67,184,0,251,0,67,184,0,251,172,0,172,423
02/16/2006,MKC,MO,ACE,CE,Towers with Radar,0,0,0,0,0,0,45,82,0,127,0,45,82,0,127,17,0,17,144
02/17/2006,MKC,MO,ACE,CE,Towers with Radar,0,0,0,0,0,0,73,133,0,206,0,73,133,0,206,70,0,70,276
02/18/2006,MKC,MO,ACE,CE,Towers with Radar,0,0,0,0,0,0,18,53,0,71,0,18,53,0,71,86,0,86,157
02/19/2006,MKC,MO,ACE,CE,Towers with Radar,0,0,0,0,0,1,11,76,0,88,1,11,76,0,88,32,0,32,120
02/20/2006,MKC,MO,ACE,CE,Towers with Radar,0,0,0,0,0,0,41,86,0,127,0,41,86,0,127,54,0,54,181
02/21/2006,MKC,MO,ACE,CE,Towers with Radar,0,0,0,0,0,0,68,189,0,257,0,68,189,0,257,125,0,125,382
02/22/2006,MKC,MO,ACE,CE,Towers with Radar,0,0,0,0,0,0,70,169,0,239,0,70,169,0,239,141,0,141,380
02/23/2006,MKC,MO,ACE,CE,Towers with Radar,0,0,0,0,0,0,76,233,5,314,0,76,233,5,314,99,0,99,413
02/24/2006,MKC,MO,ACE,CE,Towers with Radar,0,0,0,0,0,0,44,157,2,203,0,44,157,2,203,41,0,41,244
02/25/2006,MKC,MO,ACE,CE,Towers with Radar,0,0,0,0,0,0,21,99,0,120,0,21,99,0,120,12,0,12,132
02/26/2006,MKC,MO,ACE,CE,Towers with Radar,0,0,0,0,0,0,30,147,0,177,0,30,147,0,177,98,0,98,275
02/27/2006,MKC,MO,ACE,CE,Towers with Radar,0,0,0,0,0,0,47,141,0,188,0,47,141,0,188,44,0,44,232
02/28/2006,MKC,MO,ACE,CE,Towers with Radar,0,0,0,0,0,0,60,187,0,247,0,60,187,0,247,100,0,100,347
03/01/2006,MKC,MO,ACE,CE,Towers with Radar,0,0,0,0,0,0,48,173,0,221,0,48,173,0,221,42,0,42,263
03/02/2006,MKC,MO,ACE,CE,Towers with Radar,0,0,0,0,0,0,48,169,2,219,0,48,169,2,219,46,0,46,265
03/03/2006,MKC,MO,ACE,CE,Towers with Radar,0,0,0,0,0,0,42,159,2,203,0,42,159,2,203,52,0,52,255
03/04/2006,MKC,MO,ACE,CE,Towers with Radar,0,0,0,0,0,0,11,26,0,37,0,11,26,0,37,0,0,0,37
03/05/2006,MKC,MO,ACE,CE,Towers with Radar,0,0,0,0,0,0,13,91,0,104,0,13,91,0,104,111,0,111,215
03/06/2006,MKC,MO,ACE,CE,Towers with Radar,0,0,0,0,0,0,34,58,0,92,0,34,58,0,92,27,0,27,119
03/07/2006,MKC,MO,ACE,CE,Towers with Radar,0,0,0,0,0,0,27,36,0,63,0,27,36,0,63,35,0,35,98
03/08/2006,MKC,MO,ACE,CE,Towers with Radar,0,0,0,0,0,0,29,37,0,66,0,29,37,0,66,32,0,32,98
03/09/2006,MKC,MO,ACE,CE,Towers with Radar,0,0,0,0,0,0,28,24,0,52,0,28,24,0,52,21,0,21,73
03/10/2006,MKC,MO,ACE,CE,Towers with Radar,0,0,0,0,0,0,28,69,0,97,0,28,69,0,97,29,0,29,126
03/11/2006,MKC,MO,ACE,CE,Towers with Radar,0,0,0,0,0,0,13,110,0,123,0,13,110,0,123,49,0,49,172
03/12/2006,MKC,MO,ACE,CE,Towers with Radar,0,0,0,0,0,0,8,5,0,13,0,8,5,0,13,0,0,0,13
03/13/2006,MKC,MO,ACE,CE,Towers with Radar,0,0,0,0,0,0,31,42,0,73,0,31,42,0,73,22,0,22,95
03/14/2006,MKC,MO,ACE,CE,Towers with Radar,0,0,0,0,0,0,31,84,0,115,0,31,84,0,115,47,0,47,162
03/15/2006,MKC,MO,ACE,CE,Towers with Radar,0,0,0,0,0,0,24,57,0,81,0,24,57,0,81,79,0,79,160
03/16/2006,MKC,MO,ACE,CE,Towers with Radar,0,0,0,0,0,0,29,57,0,86,0,29,57,0,86,24,0,24,110
03/17/2006,MKC,MO,ACE,CE,Towers with Radar,0,0,0,0,0,0,19,51,0,70,0,19,51,0,70,35,0,35,105
03/18/2006,MKC,MO,ACE,CE,Towers with Radar,0,0,0,0,0,0,9,35,0,44,0,9,35,0,44,0,0,0,44
03/19/2006,MKC,MO,ACE,CE,Towers with Radar,0,0,0,0,0,0,3,6,0,9,0,3,6,0,9,10,0,10,19
03/20/2006,MKC,MO,ACE,CE,Towers with Radar,0,0,0,0,0,0,12,6,1,19,0,12,6,1,19,0,0,0,19
03/21/2006,MKC,MO,ACE,CE,Towers with Radar,0,0,0,0,0,0,15,23,0,38,0,15,23,0,38,21,0,21,59
03/22/2006,MKC,MO,ACE,CE,Towers with Radar,0,0,0,0,0,0,22,71,0,93,0,22,71,0,93,49,0,49,142
03/23/2006,MKC,MO,ACE,CE,Towers with Radar,0,0,0,0,0,0,36,82,0,118,0,36,82,0,118,36,0,36,154
03/24/2006,MKC,MO,ACE,CE,Towers with Radar,0,0,0,0,0,0,22,73,0,95,0,22,73,0,95,27,0,27,122
03/25/2006,MKC,MO,ACE,CE,Towers with Radar,0,0,0,0,0,0,0,65,0,65,0,0,65,0,65,0,0,0,65
03/26/2006,MKC,MO,ACE,CE,Towers with Radar,0,0,0,0,0,0,1,43,0,44,0,1,43,0,44,14,0,14,58
03/27/2006,MKC,MO,ACE,CE,Towers with Radar,0,0,0,0,0,0,20,39,0,59,0,20,39,0,59,12,0,12,71
03/28/2006,MKC,MO,ACE,CE,Towers with Radar,0,0,0,0,0,0,28,69,0,97,0,28,69,0,97,47,0,47,144
03/29/2006,MKC,MO,ACE,CE,Towers with Radar,0,0,0,0,0,0,290,82,0,372,0,290,82,0,372,0,0,0,372
03/30/2006,MKC,MO,ACE,CE,Towers with Radar,0,0,0,0,0,0,31,37,0,68,0,31,37,0,68,0,0,0,68
03/31/2006,MKC,MO,ACE,CE,Towers with Radar,0,0,0,0,0,0,39,76,1,116,0,39,76,1,116,0,0,0,116
04/01/2006,MKC,MO,ACE,CE,Towers with Radar,0,0,0,0,0,0,18,94,0,112,0,18,94,0,112,2,0,2,114
04/02/2006,MKC,MO,ACE,CE,Towers with Radar,0,0,0,0,0,0,6,15,0,21,0,6,15,0,21,13,0,13,34
04/03/2006,MKC,MO,ACE,CE,Towers with Radar,0,0,0,0,0,0,23,62,0,85,0,23,62,0,85,29,0,29,114
04/04/2006,MKC,MO,ACE,CE,Towers with Radar,0,0,0,0,0,0,34,71,2,107,0,34,71,2,107,34,0,34,141
04/05/2006,MKC,MO,ACE,CE,Towers with Radar,0,0,0,0,0,0,30,60,1,91,0,30,60,1,91,57,0,57,148
04/06/2006,MKC,MO,ACE,CE,Towers with Radar,0,0,0,0,0,0,29,43,0,72,0,29,43,0,72,32,0,32,104
04/07/2006,MKC,MO,ACE,CE,Towers with Radar,0,0,0,0,0,0,43,50,0,93,0,43,50,0,93,43,0,43,136
04/08/2006,MKC,MO,ACE,CE,Towers with Radar,0,0,0,0,0,0,12,77,0,89,0,12,77,0,89,0,0,0,89
04/09/2006,MKC,MO,ACE,CE,Towers with Radar,0,0,0,0,0,0,5,66,0,71,0,5,66,0,71,39,0,39,110
04/10/2006,MKC,MO,ACE,CE,Towers with Radar,0,0,0,0,0,0,30,61,0,91,0,30,61,0,91,62,0,62,153
04/11/2006,MKC,MO,ACE,CE,Towers with Radar,0,0,0,0,0,0,38,61,0,99,0,38,61,0,99,66,0,66,165
04/12/2006,MKC,MO,ACE,CE,Towers with Radar,0,0,0,0,0,0,30,97,0,127,0,30,97,0,127,88,0,88,215
04/13/2006,MKC,MO,ACE,CE,Towers with Radar,0,0,0,0,0,0,19,84,0,103,0,19,84,0,103,2,0,2,105
04/14/2006,MKC,MO,ACE,CE,Towers with Radar,0,0,0,0,0,0,33,89,0,122,0,33,89,0,122,0,0,0,122
04/15/2006,MKC,MO,ACE,CE,Towers with Radar,0,0,0,0,0,0,3,63,0,66,0,3,63,0,66,0,0,0,66
04/16/2006,MKC,MO,ACE,CE,Towers with Radar,0,0,0,0,0,0,1,32,0,33,0,1,32,0,33,27,0,27,60
04/17/2006,MKC,MO,ACE,CE,Towers with Radar,0,0,0,0,0,0,22,71,0,93,0,22,71,0,93,28,0,28,121
04/18/2006,MKC,MO,ACE,CE,Towers with Radar,0,0,0,0,0,0,23,57,0,80,0,23,57,0,80,38,0,38,118
04/19/2006,MKC,MO,ACE,CE,Towers with Radar,0,0,0,0,0,0,19,103,0,122,0,19,103,0,122,37,0,37,159
04/20/2006,MKC,MO,ACE,CE,Towers with Radar,0,0,0,0,0,0,29,102,0,131,0,29,102,0,131,52,0,52,183
04/21/2006,MKC,MO,ACE,CE,Towers with Radar,0,0,0,0,0,0,28,77,0,105,0,28,77,0,105,36,0,36,141
04/22/2006,MKC,MO,ACE,CE,Towers with Radar,0,0,0,0,0,0,6,85,0,91,0,6,85,0,91,0,0,0,91
04/23/2006,MKC,MO,ACE,CE,Towers with Radar,0,0,0,0,0,0,3,79,0,82,0,3,79,0,82,0,0,0,82
04/24/2006,MKC,MO,ACE,CE,Towers with Radar,0,0,0,0,0,0,24,30,0,54,0,24,30,0,54,21,0,21,75
04/25/2006,MKC,MO,ACE,CE,Towers with Radar,0,0,0,0,0,0,30,42,3,75,0,30,42,3,75,22,0,22,97
04/26/2006,MKC,MO,ACE,CE,Towers with Radar,0,0,0,0,0,0,25,76,5,106,0,25,76,5,106,31,0,31,137
04/27/2006,MKC,MO,ACE,CE,Towers with Radar,0,0,0,0,0,0,36,115,1,152,0,36,115,1,152,54,0,54,206
04/28/2006,MKC,MO,ACE,CE,Towers with Radar,0,0,0,0,0,0,31,32,0,63,0,31,32,0,63,0,0,0,63
04/29/2006,MKC,MO,ACE,CE,Towers with Radar,0,0,0,0,0,0,1,15,0,16,0,1,15,0,16,9,0,9,25
04/30/2006,MKC,MO,ACE,CE,Towers with Radar,0,0,0,0,0,0,1,25,0,26,0,1,25,0,26,36,0,36,62
05/01/2006,MKC,MO,ACE,CE,Towers with Radar,0,0,0,0,0,0,33,62,0,95,0,33,62,0,95,44,0,44,139
05/02/2006,MKC,MO,ACE,CE,Towers with Radar,0,0,0,0,0,0,32,110,2,144,0,32,110,2,144,45,0,45,189
05/03/2006,MKC,MO,ACE,CE,Towers with Radar,0,0,0,0,0,0,34,54,0,88,0,34,54,0,88,72,0,72,160
05/04/2006,MKC,MO,ACE,CE,Towers with Radar,0,0,0,0,0,0,25,93,1,119,0,25,93,1,119,49,0,49,168
05/05/2006,MKC,MO,ACE,CE,Towers with Radar,0,0,0,0,0,0,48,82,0,130,0,48,82,0,130,73,0,73,203
05/06/2006,MKC,MO,ACE,CE,Towers with Radar,0,0,0,0,0,0,4,43,5,52,0,4,43,5,52,0,0,0,52
05/07/2006,MKC,MO,ACE,CE,Towers with Radar,0,0,0,0,0,0,7,25,0,32,0,7,25,0,32,16,0,16,48
05/08/2006,MKC,MO,ACE,CE,Towers with Radar,0,0,0,0,0,0,26,66,6,98,0,26,66,6,98,30,0,30,128
05/09/2006,MKC,MO,ACE,CE,Towers with Radar,0,0,0,0,0,0,30,89,0,119,0,30,89,0,119,75,1,76,195
05/10/2006,MKC,MO,ACE,CE,Towers with Radar,0,0,0,0,0,0,34,101,0,135,0,34,101,0,135,60,0,60,195
05/11/2006,MKC,MO,ACE,CE,Towers with Radar,0,0,0,0,0,0,35,76,0,111,0,35,76,0,111,56,0,56,167
05/12/2006,MKC,MO,ACE,CE,Towers with Radar,0,0,0,0,0,0,38,67,0,105,0,38,67,0,105,69,0,69,174
05/13/2006,MKC,MO,ACE,CE,Towers with Radar,0,0,0,0,0,0,5,75,0,80,0,5,75,0,80,78,0,78,158
05/14/2006,MKC,MO,ACE,CE,Towers with Radar,0,0,0,0,0,0,9,35,0,44,0,9,35,0,44,23,0,23,67
05/15/2006,MKC,MO,ACE,CE,Towers with Radar,0,0,0,0,0,0,16,76,7,99,0,16,76,7,99,36,0,36,135
05/16/2006,MKC,MO,ACE,CE,Towers with Radar,0,0,0,0,0,0,47,90,4,141,0,47,90,4,141,109,0,109,250
05/17/2006,MKC,MO,ACE,CE,Towers with Radar,0,0,0,0,0,0,31,83,2,116,0,31,83,2,116,103,0,103,219
05/18/2006,MKC,MO,ACE,CE,Towers with Radar,0,0,0,0,0,0,40,91,0,131,0,40,91,0,131,52,0,52,183
05/19/2006,MKC,MO,ACE,CE,Towers with Radar,0,0,0,0,0,0,41,91,2,134,0,41,91,2,134,85,0,85,219
05/20/2006,MKC,MO,ACE,CE,Towers with Radar,0,0,0,0,0,0,0,69,0,69,0,0,69,0,69,46,0,46,115
05/21/2006,MKC,MO,ACE,CE,Towers with Radar,0,0,0,0,0,0,1,58,1,60,0,1,58,1,60,45,0,45,105
05/22/2006,MKC,MO,ACE,CE,Towers with Radar,0,0,0,0,0,0,24,76,0,100,0,24,76,0,100,38,0,38,138
05/23/2006,MKC,MO,ACE,CE,Towers with Radar,0,0,0,0,0,0,36,72,0,108,0,36,72,0,108,53,0,53,161
05/24/2006,MKC,MO,ACE,CE,Towers with Radar,0,0,0,0,0,0,31,55,0,86,0,31,55,0,86,71,0,71,157
05/25/2006,MKC,MO,ACE,CE,Towers with Radar,0,0,0,0,0,0,32,73,0,105,0,32,73,0,105,48,0,48,153
05/26/2006,MKC,MO,ACE,CE,Towers with Radar,0,0,0,0,0,0,41,84,0,125,0,41,84,0,125,0,0,0,125
05/27/2006,MKC,MO,ACE,CE,Towers with Radar,0,0,0,0,0,0,10,82,1,93,0,10,82,1,93,0,0,0,93
05/28/2006,MKC,MO,ACE,CE,Towers with Radar,0,0,0,0,0,0,7,17,0,24,0,7,17,0,24,49,0,49,73
05/29/2006,MKC,MO,ACE,CE,Towers with Radar,0,0,0,0,0,0,4,36,0,40,0,4,36,0,40,35,0,35,75
05/30/2006,MKC,MO,ACE,CE,Towers with Radar,0,0,0,0,0,0,25,52,2,79,0,25,52,2,79,58,0,58,137
05/31/2006,MKC,MO,ACE,CE,Towers with Radar,0,0,0,0,0,0,29,61,2,92,0,29,61,2,92,20,0,20,112
06/01/2006,MKC,MO,ACE,CE,Towers with Radar,0,0,0,0,0,0,30,58,5,93,0,30,58,5,93,47,0,47,140
06/02/2006,MKC,MO,ACE,CE,Towers with Radar,0,0,0,0,0,0,40,98,2,140,0,40,98,2,140,65,0,65,205
06/03/2006,MKC,MO,ACE,CE,Towers with Radar,0,0,0,0,0,0,15,76,0,91,0,15,76,0,91,45,0,45,136
06/04/2006,MKC,MO,ACE,CE,Towers with Radar,0,0,0,0,0,0,4,58,0,62,0,4,58,0,62,27,0,27,89
06/05/2006,MKC,MO,ACE,CE,Towers with Radar,0,0,0,0,0,0,19,42,0,61,0,19,42,0,61,33,0,33,94
06/06/2006,MKC,MO,ACE,CE,Towers with Radar,0,0,0,0,0,0,33,74,0,107,0,33,74,0,107,76,0,76,183
06/07/2006,MKC,MO,ACE,CE,Towers with Radar,0,0,0,0,0,0,29,131,0,160,0,29,131,0,160,63,0,63,223
06/08/2006,MKC,MO,ACE,CE,Towers with Radar,0,0,0,0,0,0,496,95,6,597,0,496,95,6,597,0,0,0,597
06/09/2006,MKC,MO,ACE,CE,Towers with Radar,0,0,0,0,0,0,36,77,0,113,0,36,77,0,113,0,0,0,113
06/10/2006,MKC,MO,ACE,CE,Towers with Radar,0,0,0,0,0,0,7,57,7,71,0,7,57,7,71,0,0,0,71
06/11/2006,MKC,MO,ACE,CE,Towers with Radar,0,0,0,0,0,0,8,44,0,52,0,8,44,0,52,9,0,9,61
06/12/2006,MKC,MO,ACE,CE,Towers with Radar,0,0,0,0,0,0,22,71,4,97,0,22,71,4,97,73,0,73,170
06/13/2006,MKC,MO,ACE,CE,Towers with Radar,0,0,0,0,0,0,55,136,3,194,0,55,136,3,194,127,0,127,321
06/14/2006,MKC,MO,ACE,CE,Towers with Radar,0,0,0,0,0,0,39,167,0,206,0,39,167,0,206,69,0,69,275
06/15/2006,MKC,MO,ACE,CE,Towers with Radar,0,0,0,0,0,0,38,120,3,161,0,38,120,3,161,85,0,85,246
06/16/2006,MKC,MO,ACE,CE,Towers with Radar,0,0,0,0,0,0,47,98,6,151,0,47,98,6,151,67,0,67,218
06/17/2006,MKC,MO,ACE,CE,Towers with Radar,0,0,0,0,0,0,10,76,0,86,0,10,76,0,86,72,0,72,158
06/18/2006,MKC,MO,ACE,CE,Towers with Radar,0,0,0,0,0,0,8,63,0,71,0,8,63,0,71,33,0,33,104
06/19/2006,MKC,MO,ACE,CE,Towers with Radar,0,0,0,0,0,0,39,105,4,148,0,39,105,4,148,81,0,81,229
06/20/2006,MKC,MO,ACE,CE,Towers with Radar,0,0,0,0,0,0,45,117,4,166,0,45,117,4,166,89,0,89,255
06/21/2006,MKC,MO,ACE,CE,Towers with Radar,0,0,0,0,0,0,50,145,2,197,0,50,145,2,197,126,0,126,323
06/22/2006,MKC,MO,ACE,CE,Towers with Radar,0,0,0,0,0,0,59,133,2,194,0,59,133,2,194,91,0,91,285
06/23/2006,MKC,MO,ACE,CE,Towers with Radar,0,0,0,0,0,0,51,160,0,211,0,51,160,0,211,64,0,64,275
06/24/2006,MKC,MO,ACE,CE,Towers with Radar,0,0,0,0,0,0,19,94,0,113,0,19,94,0,113,24,0,24,137
06/25/2006,MKC,MO,ACE,CE,Towers with Radar,0,0,0,0,0,0,12,103,1,116,0,12,103,1,116,85,0,85,201
06/26/2006,MKC,MO,ACE,CE,Towers with Radar,0,0,0,0,0,0,40,123,7,170,0,40,123,7,170,53,0,53,223
06/27/2006,MKC,MO,ACE,CE,Towers with Radar,0,0,0,0,0,0,70,166,3,239,0,70,166,3,239,95,0,95,334
06/28/2006,MKC,MO,ACE,CE,Towers with Radar,0,0,0,0,0,0,52,152,0,204,0,52,152,0,204,54,0,54,258
06/29/2006,MKC,MO,ACE,CE,Towers with Radar,0,0,0,0,0,0,57,181,2,240,0,57,181,2,240,72,4,76,316
06/30/2006,MKC,MO,ACE,CE,Towers with Radar,0,0,0,0,0,0,64,171,0,235,0,64,171,0,235,32,0,32,267
07/01/2006,MKC,MO,ACE,CE,Towers with Radar,0,0,0,0,0,0,15,137,1,153,0,15,137,1,153,104,0,104,257
07/02/2006,MKC,MO,ACE,CE,Towers with Radar,0,0,0,0,0,0,7,85,0,92,0,7,85,0,92,39,0,39,131
07/03/2006,MKC,MO,ACE,CE,Towers with Radar,0,0,0,0,0,0,29,66,0,95,0,29,66,0,95,46,0,46,141
07/04/2006,MKC,MO,ACE,CE,Towers with Radar,0,0,0,0,0,0,17,76,1,94,0,17,76,1,94,65,0,65,159
07/05/2006,MKC,MO,ACE,CE,Towers with Radar,0,0,0,0,0,0,35,115,0,150,0,35,115,0,150,66,0,66,216
07/06/2006,MKC,MO,ACE,CE,Towers with Radar,0,0,0,0,0,0,42,117,0,159,0,42,117,0,159,119,2,121,280
07/07/2006,MKC,MO,ACE,CE,Towers with Radar,0,0,0,0,0,0,37,108,6,151,0,37,108,6,151,75,0,75,226
07/08/2006,MKC,MO,ACE,CE,Towers with Radar,0,0,0,0,0,0,28,106,2,136,0,28,106,2,136,84,0,84,220
07/09/2006,MKC,MO,ACE,CE,Towers with Radar,0,0,0,0,0,0,16,57,0,73,0,16,57,0,73,43,0,43,116
07/10/2006,MKC,MO,ACE,CE,Towers with Radar,0,0,0,0,0,0,38,83,1,122,0,38,83,1,122,20,0,20,142
07/11/2006,MKC,MO,ACE,CE,Towers with Radar,0,0,0,0,0,0,50,146,0,196,0,50,146,0,196,125,0,125,321
07/12/2006,MKC,MO,ACE,CE,Towers with Radar,0,0,0,0,0,0,64,156,0,220,0,64,156,0,220,103,0,103,323
07/13/2006,MKC,MO,ACE,CE,Towers with Radar,0,0,0,0,0,0,50,158,0,208,0,50,158,0,208,81,0,81,289
07/14/2006,MKC,MO,ACE,CE,Towers with Radar,0,0,0,0,0,0,48,157,0,205,0,48,157,0,205,40,0,40,245
07/15/2006,MKC,MO,ACE,CE,Towers with Radar,0,0,0,0,0,0,15,79,1,95,0,15,79,1,95,46,0,46,141
07/16/2006,MKC,MO,ACE,CE,Towers with Radar,0,0,0,0,0,0,30,100,0,130,0,30,100,0,130,83,0,83,213
07/17/2006,MKC,MO,ACE,CE,Towers with Radar,0,0,0,0,0,0,26,117,0,143,0,26,117,0,143,77,0,77,220
07/18/2006,MKC,MO,ACE,CE,Towers with Radar,0,0,0,0,0,0,73,150,15,238,0,73,150,15,238,141,0,141,379
07/19/2006,MKC,MO,ACE,CE,Towers with Radar,0,0,0,0,0,0,62,129,0,191,0,62,129,0,191,89,0,89,280
07/20/2006,MKC,MO,ACE,CE,Towers with Radar,0,0,0,0,0,2,61,164,0,227,2,61,164,0,227,92,0,92,319
07/21/2006,MKC,MO,ACE,CE,Towers with Radar,0,0,0,0,0,0,51,126,4,181,0,51,126,4,181,120,0,120,301
07/22/2006,MKC,MO,ACE,CE,Towers with Radar,0,0,0,0,0,0,13,117,5,135,0,13,117,5,135,92,45,137,272
07/23/2006,MKC,MO,ACE,CE,Towers with Radar,0,0,0,0,0,0,11,126,0,137,0,11,126,0,137,45,0,45,182
07/24/2006,MKC,MO,ACE,CE,Towers with Radar,0,0,0,0,0,0,42,118,0,160,0,42,118,0,160,100,0,100,260
07/25/2006,MKC,MO,ACE,CE,Towers with Radar,0,0,0,0,0,0,73,120,5,198,0,73,120,5,198,91,0,91,289
07/26/2006,MKC,MO,ACE,CE,Towers with Radar,0,0,0,0,0,0,46,139,1,186,0,46,139,1,186,90,0,90,276
07/27/2006,MKC,MO,ACE,CE,Towers with Radar,0,0,0,0,0,0,52,122,2,176,0,52,122,2,176,78,0,78,254
07/28/2006,MKC,MO,ACE,CE,Towers with Radar,0,0,0,0,0,0,42,158,0,200,0,42,158,0,200,45,0,45,245
07/29/2006,MKC,MO,ACE,CE,Towers with Radar,0,0,0,0,0,0,13,93,0,106,0,13,93,0,106,78,0,78,184
07/30/2006,MKC,MO,ACE,CE,Towers with Radar,0,0,0,0,0,0,21,106,0,127,0,21,106,0,127,47,0,47,174
07/31/2006,MKC,MO,ACE,CE,Towers with Radar,0,0,0,0,0,0,42,126,0,168,0,42,126,0,168,49,0,49,217
08/01/2006,MKC,MO,ACE,CE,Towers with Radar,0,0,0,0,0,0,73,165,4,242,0,73,165,4,242,105,0,105,347
08/02/2006,MKC,MO,ACE,CE,Towers with Radar,0,0,0,0,0,0,63,127,0,190,0,63,127,0,190,79,0,79,269
08/03/2006,MKC,MO,ACE,CE,Towers with Radar,0,0,0,0,0,0,61,160,3,224,0,61,160,3,224,85,0,85,309
08/04/2006,MKC,MO,ACE,CE,Towers with Radar,0,0,0,0,0,0,62,135,1,198,0,62,135,1,198,68,0,68,266
08/05/2006,MKC,MO,ACE,CE,Towers with Radar,0,0,0,0,0,0,17,101,5,123,0,17,101,5,123,104,2,106,229
08/06/2006,MKC,MO,ACE,CE,Towers with Radar,0,0,0,0,0,0,26,86,2,114,0,26,86,2,114,80,0,80,194
08/07/2006,MKC,MO,ACE,CE,Towers with Radar,0,0,0,0,0,0,34,122,4,160,0,34,122,4,160,90,0,90,250
08/08/2006,MKC,MO,ACE,CE,Towers with Radar,0,0,0,0,0,0,57,167,1,225,0,57,167,1,225,88,6,94,319
08/09/2006,MKC,MO,ACE,CE,Towers with Radar,0,0,0,0,0,0,55,205,10,270,0,55,205,10,270,94,0,94,364
08/10/2006,MKC,MO,ACE,CE,Towers with Radar,0,0,0,0,0,0,42,174,1,217,0,42,174,1,217,46,0,46,263
08/11/2006,MKC,MO,ACE,CE,Towers with Radar,0,0,0,0,0,0,49,163,0,212,0,49,163,0,212,37,0,37,249
08/12/2006,MKC,MO,ACE,CE,Towers with Radar,0,0,0,0,0,0,23,105,2,130,0,23,105,2,130,157,0,157,287
08/13/2006,MKC,MO,ACE,CE,Towers with Radar,0,0,0,0,0,0,23,102,0,125,0,23,102,0,125,44,0,44,169
08/14/2006,MKC,MO,ACE,CE,Towers with Radar,0,0,0,0,0,0,44,155,5,204,0,44,155,5,204,70,0,70,274
08/15/2006,MKC,MO,ACE,CE,Towers with Radar,0,0,0,0,0,0,84,220,0,304,0,84,220,0,304,168,0,168,472
08/16/2006,MKC,MO,ACE,CE,Towers with Radar,0,0,0,0,0,0,53,221,2,276,0,53,221,2,276,96,0,96,372
08/17/2006,MKC,MO,ACE,CE,Towers with Radar,0,0,0,0,0,1,73,191,0,265,1,73,191,0,265,110,0,110,375
08/18/2006,MKC,MO,ACE,CE,Towers with Radar,0,0,0,0,0,0,55,128,0,183,0,55,128,0,183,14,0,14,197
08/19/2006,MKC,MO,ACE,CE,Towers with Radar,0,0,0,0,0,0,14,75,4,93,0,14,75,4,93,56,0,56,149
08/20/2006,MKC,MO,ACE,CE,Towers with Radar,0,0,0,0,0,1,25,100,0,126,1,25,100,0,126,109,0,109,235
08/21/2006,MKC,MO,ACE,CE,Towers with Radar,0,0,0,0,0,0,41,123,8,172,0,41,123,8,172,90,0,90,262
08/22/2006,MKC,MO,ACE,CE,Towers with Radar,0,0,0,0,0,0,66,190,3,259,0,66,190,3,259,141,2,143,402
08/23/2006,MKC,MO,ACE,CE,Towers with Radar,0,0,0,0,0,0,50,178,0,228,0,50,178,0,228,100,0,100,328
08/24/2006,MKC,MO,ACE,CE,Towers with Radar,0,0,0,0,0,0,68,172,2,242,0,68,172,2,242,119,0,119,361
08/25/2006,MKC,MO,ACE,CE,Towers with Radar,0,0,0,0,0,0,48,1332,2,1382,0,48,1332,2,1382,33,0,33,1415
08/26/2006,MKC,MO,ACE,CE,Towers with Radar,0,0,0,0,0,0,15,74,0,89,0,15,74,0,89,84,0,84,173
08/27/2006,MKC,MO,ACE,CE,Towers with Radar,0,0,0,0,0,0,25,51,3,79,0,25,51,3,79,55,0,55,134
08/28/2006,MKC,MO,ACE,CE,Towers with Radar,0,0,0,0,0,0,37,119,1,157,0,37,119,1,157,52,0,52,209
08/29/2006,MKC,MO,ACE,CE,Towers with Radar,0,0,0,0,0,0,55,174,0,229,0,55,174,0,229,131,0,131,360
08/30/2006,MKC,MO,ACE,CE,Towers with Radar,0,0,0,0,0,0,58,175,0,233,0,58,175,0,233,80,0,80,313
08/31/2006,MKC,MO,ACE,CE,Towers with Radar,0,0,0,0,0,2,63,192,0,257,2,63,192,0,257,78,0,78,335
09/01/2006,MKC,MO,ACE,CE,Towers with Radar,0,0,0,0,0,0,56,195,0,251,0,56,195,0,251,46,0,46,297
09/02/2006,MKC,MO,ACE,CE,Towers with Radar,0,0,0,0,0,0,25,70,9,104,0,25,70,9,104,77,0,77,181
09/03/2006,MKC,MO,ACE,CE,Towers with Radar,0,0,0,0,0,4,15,88,6,113,4,15,88,6,113,89,0,89,202
09/04/2006,MKC,MO,ACE,CE,Towers with Radar,0,0,0,0,0,0,23,133,2,158,0,23,133,2,158,28,0,28,186
09/05/2006,MKC,MO,ACE,CE,Towers with Radar,0,0,0,0,0,0,61,152,5,218,0,61,152,5,218,54,0,54,272
09/06/2006,MKC,MO,ACE,CE,Towers with Radar,0,0,0,0,0,2,64,194,0,260,2,64,194,0,260,75,0,75,335
09/07/2006,MKC,MO,ACE,CE,Towers with Radar,0,0,0,0,0,0,64,189,2,255,0,64,189,2,255,100,0,100,355
09/08/2006,MKC,MO,ACE,CE,Towers with Radar,0,0,0,0,0,2,57,146,3,208,2,57,146,3,208,75,0,75,283
09/09/2006,MKC,MO,ACE,CE,Towers with Radar,0,0,0,0,0,0,20,80,0,100,0,20,80,0,100,92,0,92,192
09/10/2006,MKC,MO,ACE,CE,Towers with Radar,0,0,0,0,0,0,20,72,4,96,0,20,72,4,96,38,0,38,134
09/11/2006,MKC,MO,ACE,CE,Towers with Radar,0,0,0,0,0,0,44,86,0,130,0,44,86,0,130,34,0,34,164
09/12/2006,MKC,MO,ACE,CE,Towers with Radar,0,0,0,0,0,0,59,147,3,209,0,59,147,3,209,46,0,46,255
09/13/2006,MKC,MO,ACE,CE,Towers with Radar,0,0,0,0,0,1,66,178,8,253,1,66,178,8,253,93,2,95,348
09/14/2006,MKC,MO,ACE,CE,Towers with Radar,0,0,0,0,0,0,75,177,18,270,0,75,177,18,270,90,6,96,366
09/15/2006,MKC,MO,ACE,CE,Towers with Radar,0,0,0,0,0,0,60,129,18,207,0,60,129,18,207,10,2,12,219
09/16/2006,MKC,MO,ACE,CE,Towers with Radar,0,0,0,0,0,0,15,64,5,84,0,15,64,5,84,22,0,22,106
09/17/2006,MKC,MO,ACE,CE,Towers with Radar,0,0,0,0,0,0,13,50,12,75,0,13,50,12,75,22,0,22,97
09/18/2006,MKC,MO,ACE,CE,Towers with Radar,0,0,0,0,0,1,57,147,16,221,1,57,147,16,221,72,4,76,297
09/19/2006,MKC,MO,ACE,CE,Towers with Radar,0,0,0,0,0,0,78,214,1,293,0,78,214,1,293,93,0,93,386
09/20/2006,MKC,MO,ACE,CE,Towers with Radar,0,0,0,0,0,0,47,220,3,270,0,47,220,3,270,92,0,92,362
09/21/2006,MKC,MO,ACE,CE,Towers with Radar,0,0,0,0,0,1,55,107,0,163,1,55,107,0,163,21,0,21,184
09/22/2006,MKC,MO,ACE,CE,Towers with Radar,0,0,0,0,0,0,61,141,0,202,0,61,141,0,202,28,0,28,230
09/23/2006,MKC,MO,ACE,CE,Towers with Radar,0,0,0,0,0,0,6,109,0,115,0,6,109,0,115,47,0,47,162
09/24/2006,MKC,MO,ACE,CE,Towers with Radar,0,0,0,0,0,1,23,131,0,155,1,23,131,0,155,80,0,80,235
09/25/2006,MKC,MO,ACE,CE,Towers with Radar,0,0,0,0,0,0,57,139,2,198,0,57,139,2,198,77,2,79,277
09/26/2006,MKC,MO,ACE,CE,Towers with Radar,0,0,0,0,0,0,93,186,4,283,0,93,186,4,283,120,0,120,403
09/27/2006,MKC,MO,ACE,CE,Towers with Radar,0,0,0,0,0,0,52,207,3,262,0,52,207,3,262,127,0,127,389
09/28/2006,MKC,MO,ACE,CE,Towers with Radar,0,0,0,0,0,1,59,244,6,310,1,59,244,6,310,104,0,104,414
09/29/2006,MKC,MO,ACE,CE,Towers with Radar,0,0,0,0,0,0,57,183,1,241,0,57,183,1,241,50,0,50,291
09/30/2006,MKC,MO,ACE,CE,Towers with Radar,0,0,0,0,0,0,27,172,0,199,0,27,172,0,199,97,0,97,296
10/01/2006,MKC,MO,ACE,CE,Towers with Radar,0,0,0,0,0,0,70,243,0,313,0,70,243,0,313,30,0,30,343
10/02/2006,MKC,MO,ACE,CE,Towers with Radar,0,0,0,0,0,0,38,149,6,193,0,38,149,6,193,59,0,59,252
10/03/2006,MKC,MO,ACE,CE,Towers with Radar,0,0,0,0,0,0,71,173,2,246,0,71,173,2,246,56,0,56,302
10/04/2006,MKC,MO,ACE,CE,Towers with Radar,0,0,0,0,0,0,59,157,7,223,0,59,157,7,223,34,0,34,257
10/05/2006,MKC,MO,ACE,CE,Towers with Radar,0,0,0,0,0,0,64,169,5,238,0,64,169,5,238,86,0,86,324
10/06/2006,MKC,MO,ACE,CE,Towers with Radar,0,0,0,0,0,0,68,212,0,280,0,68,212,0,280,26,0,26,306
10/07/2006,MKC,MO,ACE,CE,Towers with Radar,0,0,0,0,0,0,20,305,2,327,0,20,305,2,327,90,0,90,417
10/08/2006,MKC,MO,ACE,CE,Towers with Radar,0,0,0,0,0,0,21,139,2,162,0,21,139,2,162,125,0,125,287
10/09/2006,MKC,MO,ACE,CE,Towers with Radar,0,0,0,0,0,0,33,127,0,160,0,33,127,0,160,83,0,83,243
10/10/2006,MKC,MO,ACE,CE,Towers with Radar,0,0,0,0,0,0,45,122,0,167,0,45,122,0,167,72,0,72,239
10/11/2006,MKC,MO,ACE,CE,Towers with Radar,0,0,0,0,0,0,61,161,0,222,0,61,161,0,222,97,0,97,319
10/12/2006,MKC,MO,ACE,CE,Towers with Radar,0,0,0,0,0,0,64,197,0,261,0,64,197,0,261,58,0,58,319
10/13/2006,MKC,MO,ACE,CE,Towers with Radar,0,0,0,0,0,0,63,155,0,218,0,63,155,0,218,26,0,26,244
10/14/2006,MKC,MO,ACE,CE,Towers with Radar,0,0,0,0,0,0,34,144,4,182,0,34,144,4,182,97,0,97,279
10/15/2006,MKC,MO,ACE,CE,Towers with Radar,0,0,0,0,0,0,19,46,2,67,0,19,46,2,67,107,0,107,174
10/16/2006,MKC,MO,ACE,CE,Towers with Radar,0,0,0,0,0,0,34,81,0,115,0,34,81,0,115,0,0,0,115
10/17/2006,MKC,MO,ACE,CE,Towers with Radar,0,0,0,0,0,0,48,168,3,219,0,48,168,3,219,70,0,70,289
10/18/2006,MKC,MO,ACE,CE,Towers with Radar,0,0,0,0,0,0,53,113,1,167,0,53,113,1,167,62,0,62,229
10/19/2006,MKC,MO,ACE,CE,Towers with Radar,0,0,0,0,0,0,65,231,1,297,0,65,231,1,297,102,0,102,399
10/20/2006,MKC,MO,ACE,CE,Towers with Radar,0,0,0,0,0,0,53,197,3,253,0,53,197,3,253,50,0,50,303
10/21/2006,MKC,MO,ACE,CE,Towers with Radar,0,0,0,0,0,0,32,53,0,85,0,32,53,0,85,11,0,11,96
10/22/2006,MKC,MO,ACE,CE,Towers with Radar,0,0,0,0,0,0,22,145,2,169,0,22,145,2,169,15,0,15,184
10/23/2006,MKC,MO,ACE,CE,Towers with Radar,0,0,0,0,0,0,52,169,2,223,0,52,169,2,223,108,0,108,331
10/24/2006,MKC,MO,ACE,CE,Towers with Radar,0,0,0,0,0,0,69,185,2,256,0,69,185,2,256,156,0,156,412
10/25/2006,MKC,MO,ACE,CE,Towers with Radar,0,0,0,0,0,0,61,163,0,224,0,61,163,0,224,54,0,54,278
10/26/2006,MKC,MO,ACE,CE,Towers with Radar,0,0,0,0,0,0,67,118,1,186,0,67,118,1,186,0,0,0,186
10/27/2006,MKC,MO,ACE,CE,Towers with Radar,0,0,0,0,0,0,49,128,0,177,0,49,128,0,177,92,0,92,269
10/28/2006,MKC,MO,ACE,CE,Towers with Radar,0,0,0,0,0,0,17,160,1,178,0,17,160,1,178,59,0,59,237
10/29/2006,MKC,MO,ACE,CE,Towers with Radar,0,0,0,0,0,0,17,173,1,191,0,17,173,1,191,75,0,75,266
10/30/2006,MKC,MO,ACE,CE,Towers with Radar,0,0,0,0,0,0,36,134,0,170,0,36,134,0,170,45,0,45,215
10/31/2006,MKC,MO,ACE,CE,Towers with Radar,0,0,0,0,0,0,83,172,0,255,0,83,172,0,255,140,0,140,395
11/01/2006,MKC,MO,ACE,CE,Towers with Radar,0,0,0,0,0,0,65,199,0,264,0,65,199,0,264,147,0,147,411
11/02/2006,MKC,MO,ACE,CE,Towers with Radar,0,0,0,0,0,0,83,192,7,282,0,83,192,7,282,123,0,123,405
11/03/2006,MKC,MO,ACE,CE,Towers with Radar,0,0,0,0,0,0,71,189,1,261,0,71,189,1,261,93,0,93,354
11/04/2006,MKC,MO,ACE,CE,Towers with Radar,0,0,0,0,0,0,26,122,2,150,0,26,122,2,150,82,0,82,232
11/05/2006,MKC,MO,ACE,CE,Towers with Radar,0,0,0,0,0,0,19,117,1,137,0,19,117,1,137,89,0,89,226
11/06/2006,MKC,MO,ACE,CE,Towers with Radar,0,0,0,0,0,0,49,122,0,171,0,49,122,0,171,58,0,58,229
11/07/2006,MKC,MO,ACE,CE,Towers with Radar,0,0,0,0,0,0,68,162,0,230,0,68,162,0,230,74,0,74,304
11/08/2006,MKC,MO,ACE,CE,Towers with Radar,0,0,0,0,0,0,54,199,2,255,0,54,199,2,255,149,0,149,404
11/09/2006,MKC,MO,ACE,CE,Towers with Radar,0,0,0,0,0,0,62,215,1,278,0,62,215,1,278,72,0,72,350
11/10/2006,MKC,MO,ACE,CE,Towers with Radar,0,0,0,0,0,2,60,126,2,190,2,60,126,2,190,0,6,6,196
11/11/2006,MKC,MO,ACE,CE,Towers with Radar,0,0,0,0,0,0,16,128,4,148,0,16,128,4,148,102,2,104,252
11/12/2006,MKC,MO,ACE,CE,Towers with Radar,0,0,0,0,0,0,33,90,0,123,0,33,90,0,123,59,0,59,182
11/13/2006,MKC,MO,ACE,CE,Towers with Radar,0,0,0,0,0,0,44,145,1,190,0,44,145,1,190,59,0,59,249
11/14/2006,MKC,MO,ACE,CE,Towers with Radar,0,0,0,0,0,0,81,208,1,290,0,81,208,1,290,116,0,116,406
11/15/2006,MKC,MO,ACE,CE,Towers with Radar,0,0,0,0,0,0,50,130,0,180,0,50,130,0,180,50,0,50,230
11/16/2006,MKC,MO,ACE,CE,Towers with Radar,0,0,0,0,0,0,66,207,2,275,0,66,207,2,275,99,0,99,374
11/17/2006,MKC,MO,ACE,CE,Towers with Radar,0,0,0,0,0,0,61,211,0,272,0,61,211,0,272,92,0,92,364
11/18/2006,MKC,MO,ACE,CE,Towers with Radar,0,0,0,0,0,0,16,144,1,161,0,16,144,1,161,167,0,167,328
11/19/2006,MKC,MO,ACE,CE,Towers with Radar,0,0,0,0,0,0,25,137,0,162,0,25,137,0,162,104,0,104,266
11/20/2006,MKC,MO,ACE,CE,Towers with Radar,0,0,0,0,0,0,51,149,6,206,0,51,149,6,206,95,0,95,301
11/21/2006,MKC,MO,ACE,CE,Towers with Radar,0,0,0,0,0,0,97,185,0,282,0,97,185,0,282,143,0,143,425
11/22/2006,MKC,MO,ACE,CE,Towers with Radar,0,0,0,0,0,0,57,161,0,218,0,57,161,0,218,173,0,173,391
11/23/2006,MKC,MO,ACE,CE,Towers with Radar,0,0,0,0,0,0,41,71,0,112,0,41,71,0,112,8,0,8,120
11/24/2006,MKC,MO,ACE,CE,Towers with Radar,0,0,0,0,0,0,45,118,0,163,0,45,118,0,163,30,0,30,193
11/25/2006,MKC,MO,ACE,CE,Towers with Radar,0,0,0,0,0,0,37,115,1,153,0,37,115,1,153,69,0,69,222
11/26/2006,MKC,MO,ACE,CE,Towers with Radar,0,0,0,0,0,0,25,77,0,102,0,25,77,0,102,44,0,44,146
11/27/2006,MKC,MO,ACE,CE,Towers with Radar,0,0,0,0,0,0,39,76,2,117,0,39,76,2,117,24,0,24,141
11/28/2006,MKC,MO,ACE,CE,Towers with Radar,0,0,0,0,0,0,77,154,2,233,0,77,154,2,233,60,0,60,293
11/29/2006,MKC,MO,ACE,CE,Towers with Radar,0,0,0,0,0,0,38,61,0,99,0,38,61,0,99,4,0,4,103
11/30/2006,MKC,MO,ACE,CE,Towers with Radar,0,0,0,0,0,0,39,78,0,117,0,39,78,0,117,14,0,14,131
12/01/2006,MKC,MO,ACE,CE,Towers with Radar,0,0,0,0,0,0,48,140,0,188,0,48,140,0,188,72,0,72,260
12/02/2006,MKC,MO,ACE,CE,Towers with Radar,0,0,0,0,0,0,31,149,0,180,0,31,149,0,180,82,0,82,262
12/03/2006,MKC,MO,ACE,CE,Towers with Radar,0,0,0,0,0,0,29,104,1,134,0,29,104,1,134,92,0,92,226
12/04/2006,MKC,MO,ACE,CE,Towers with Radar,0,0,0,0,0,0,35,117,0,152,0,35,117,0,152,53,0,53,205
12/05/2006,MKC,MO,ACE,CE,Towers with Radar,0,0,0,0,0,0,65,170,8,243,0,65,170,8,243,71,0,71,314
12/06/2006,MKC,MO,ACE,CE,Towers with Radar,0,0,0,0,0,0,58,162,2,222,0,58,162,2,222,81,2,83,305
12/07/2006,MKC,MO,ACE,CE,Towers with Radar,0,0,0,0,0,0,67,201,2,270,0,67,201,2,270,113,0,113,383
12/08/2006,MKC,MO,ACE,CE,Towers with Radar,0,0,0,0,0,0,69,165,2,236,0,69,165,2,236,4,8,12,248
12/09/2006,MKC,MO,ACE,CE,Towers with Radar,0,0,0,0,0,0,42,186,17,245,0,42,186,17,245,73,10,83,328
12/10/2006,MKC,MO,ACE,CE,Towers with Radar,0,0,0,0,0,0,20,135,0,155,0,20,135,0,155,42,0,42,197
12/11/2006,MKC,MO,ACE,CE,Towers with Radar,0,0,0,0,0,0,49,125,0,174,0,49,125,0,174,60,0,60,234
12/12/2006,MKC,MO,ACE,CE,Towers with Radar,0,0,0,0,0,0,70,147,0,217,0,70,147,0,217,62,0,62,279
12/13/2006,MKC,MO,ACE,CE,Towers with Radar,0,0,0,0,0,0,63,209,0,272,0,63,209,0,272,118,0,118,390
12/14/2006,MKC,MO,ACE,CE,Towers with Radar,0,0,0,0,0,0,69,209,0,278,0,69,209,0,278,125,0,125,403
12/15/2006,MKC,MO,ACE,CE,Towers with Radar,0,0,0,0,0,0,49,210,4,263,0,49,210,4,263,85,0,85,348
12/16/2006,MKC,MO,ACE,CE,Towers with Radar,0,0,0,0,0,0,12,126,2,140,0,12,126,2,140,70,0,70,210
12/17/2006,MKC,MO,ACE,CE,Towers with Radar,0,0,0,0,0,0,9,76,0,85,0,9,76,0,85,21,0,21,106
12/18/2006,MKC,MO,ACE,CE,Towers with Radar,0,0,0,0,0,0,51,166,2,219,0,51,166,2,219,79,0,79,298
12/19/2006,MKC,MO,ACE,CE,Towers with Radar,0,0,0,0,0,2,52,240,13,307,2,52,240,13,307,187,2,189,496
12/20/2006,MKC,MO,ACE,CE,Towers with Radar,0,0,0,0,0,0,53,97,1,151,0,53,97,1,151,2,0,2,153
12/21/2006,MKC,MO,ACE,CE,Towers with Radar,0,0,0,0,0,0,39,152,2,193,0,39,152,2,193,96,0,96,289
12/22/2006,MKC,MO,ACE,CE,Towers with Radar,0,0,0,0,0,0,64,115,0,179,0,64,115,0,179,0,0,0,179
12/23/2006,MKC,MO,ACE,CE,Towers with Radar,0,0,0,0,0,0,27,124,0,151,0,27,124,0,151,114,0,114,265
12/24/2006,MKC,MO,ACE,CE,Towers with Radar,0,0,0,0,0,0,9,50,0,59,0,9,50,0,59,41,0,41,100
12/25/2006,MKC,MO,ACE,CE,Towers with Radar,0,0,0,0,0,0,12,21,0,33,0,12,21,0,33,36,0,36,69
12/26/2006,MKC,MO,ACE,CE,Towers with Radar,0,0,0,0,0,0,63,152,0,215,0,63,152,0,215,77,0,77,292
12/27/2006,MKC,MO,ACE,CE,Towers with Radar,0,0,0,0,0,0,50,186,2,238,0,50,186,2,238,103,0,103,341
12/28/2006,MKC,MO,ACE,CE,Towers with Radar,0,0,0,0,0,0,55,119,0,174,0,55,119,0,174,80,0,80,254
12/29/2006,MKC,MO,ACE,CE,Towers with Radar,0,0,0,0,0,0,59,99,1,159,0,59,99,1,159,52,0,52,211
12/30/2006,MKC,MO,ACE,CE,Towers with Radar,0,0,0,0,0,0,9,23,0,32,0,9,23,0,32,8,0,8,40
12/31/2006,MKC,MO,ACE,CE,Towers with Radar,0,0,0,0,0,0,12,24,0,36,0,12,24,0,36,5,0,5,41
01/01/2007,MKC,MO,ACE,CE,Towers with Radar,0,0,0,0,0,0,10,85,0,95,0,10,85,0,95,54,0,54,149
01/02/2007,MKC,MO,ACE,CE,Towers with Radar,0,0,0,0,0,0,51,128,0,179,0,51,128,0,179,69,0,69,248
01/03/2007,MKC,MO,ACE,CE,Towers with Radar,0,0,0,0,0,0,56,168,9,233,0,56,168,9,233,152,2,154,387
01/04/2007,MKC,MO,ACE,CE,Towers with Radar,0,0,0,0,0,0,73,110,0,183,0,73,110,0,183,58,0,58,241
01/05/2007,MKC,MO,ACE,CE,Towers with Radar,0,0,0,0,0,0,44,96,8,148,0,44,96,8,148,0,14,14,162
01/06/2007,MKC,MO,ACE,CE,Towers with Radar,0,0,0,0,0,0,17,144,4,165,0,17,144,4,165,82,6,88,253
01/07/2007,MKC,MO,ACE,CE,Towers with Radar,0,0,0,0,0,0,13,83,0,96,0,13,83,0,96,35,0,35,131
01/08/2007,MKC,MO,ACE,CE,Towers with Radar,0,0,0,0,0,0,42,128,0,170,0,42,128,0,170,80,0,80,250
01/09/2007,MKC,MO,ACE,CE,Towers with Radar,0,0,0,0,0,0,65,153,6,224,0,65,153,6,224,100,6,106,330
01/10/2007,MKC,MO,ACE,CE,Towers with Radar,0,0,0,0,0,0,60,179,2,241,0,60,179,2,241,45,0,45,286
01/11/2007,MKC,MO,ACE,CE,Towers with Radar,0,0,0,0,0,0,60,175,2,237,0,60,175,2,237,37,0,37,274
01/12/2007,MKC,MO,ACE,CE,Towers with Radar,0,0,0,0,0,0,44,64,0,108,0,44,64,0,108,0,0,0,108
01/13/2007,MKC,MO,ACE,CE,Towers with Radar,0,0,0,0,0,0,13,23,0,36,0,13,23,0,36,3,0,3,39
01/14/2007,MKC,MO,ACE,CE,Towers with Radar,0,0,0,0,0,0,5,6,0,11,0,5,6,0,11,0,0,0,11
01/15/2007,MKC,MO,ACE,CE,Towers with Radar,0,0,0,0,0,0,23,25,0,48,0,23,25,0,48,20,0,20,68
01/16/2007,MKC,MO,ACE,CE,Towers with Radar,0,0,0,0,0,0,43,135,1,179,0,43,135,1,179,93,0,93,272
01/17/2007,MKC,MO,ACE,CE,Towers with Radar,0,0,0,0,0,0,55,120,7,182,0,55,120,7,182,38,0,38,220
01/18/2007,MKC,MO,ACE,CE,Towers with Radar,0,0,0,0,0,0,57,146,0,203,0,57,146,0,203,32,0,32,235
01/19/2007,MKC,MO,ACE,CE,Towers with Radar,0,0,0,0,0,0,51,142,5,198,0,51,142,5,198,56,0,56,254
01/20/2007,MKC,MO,ACE,CE,Towers with Radar,0,0,0,0,0,0,15,43,3,61,0,15,43,3,61,54,4,58,119
01/21/2007,MKC,MO,ACE,CE,Towers with Radar,0,0,0,0,0,0,12,30,0,42,0,12,30,0,42,33,0,33,75
01/22/2007,MKC,MO,ACE,CE,Towers with Radar,0,0,0,0,0,0,43,86,6,135,0,43,86,6,135,62,0,62,197
01/23/2007,MKC,MO,ACE,CE,Towers with Radar,0,0,0,0,0,0,53,157,9,219,0,53,157,9,219,102,0,102,321
01/24/2007,MKC,MO,ACE,CE,Towers with Radar,0,0,0,0,0,0,59,147,2,208,0,59,147,2,208,90,8,98,306
01/25/2007,MKC,MO,ACE,CE,Towers with Radar,0,0,0,0,0,2,83,123,3,211,2,83,123,3,211,62,0,62,273
01/26/2007,MKC,MO,ACE,CE,Towers with Radar,0,0,0,0,0,0,61,193,2,256,0,61,193,2,256,52,0,52,308
01/27/2007,MKC,MO,ACE,CE,Towers with Radar,0,0,0,0,0,0,20,90,0,110,0,20,90,0,110,32,0,32,142
01/28/2007,MKC,MO,ACE,CE,Towers with Radar,0,0,0,0,0,0,32,117,0,149,0,32,117,0,149,18,0,18,167
01/29/2007,MKC,MO,ACE,CE,Towers with Radar,0,0,0,0,0,0,47,127,13,187,0,47,127,13,187,61,12,73,260
01/30/2007,MKC,MO,ACE,CE,Towers with Radar,0,0,0,0,0,0,74,188,6,268,0,74,188,6,268,107,0,107,375
01/31/2007,MKC,MO,ACE,CE,Towers with Radar,0,0,0,0,0,0,62,209,3,274,0,62,209,3,274,36,0,36,310
02/01/2007,MKC,MO,ACE,CE,Towers with Radar,0,0,0,0,0,0,60,254,0,314,0,60,254,0,314,64,0,64,378
02/02/2007,MKC,MO,ACE,CE,Towers with Radar,0,0,0,0,0,0,51,147,2,200,0,51,147,2,200,32,0,32,232
02/03/2007,MKC,MO,ACE,CE,Towers with Radar,0,0,0,0,0,0,25,99,0,124,0,25,99,0,124,63,0,63,187
02/04/2007,MKC,MO,ACE,CE,Towers with Radar,0,0,0,0,0,0,24,68,0,92,0,24,68,0,92,22,0,22,114
02/05/2007,MKC,MO,ACE,CE,Towers with Radar,0,0,0,0,0,0,53,168,12,233,0,53,168,12,233,67,0,67,300
02/06/2007,MKC,MO,ACE,CE,Towers with Radar,0,0,0,0,0,0,62,173,0,235,0,62,173,0,235,720,0,720,955
02/07/2007,MKC,MO,ACE,CE,Towers with Radar,0,0,0,0,0,0,80,166,0,246,0,80,166,0,246,60,0,60,306
02/08/2007,MKC,MO,ACE,CE,Towers with Radar,0,0,0,0,0,0,86,215,2,303,0,86,215,2,303,102,0,102,405
02/09/2007,MKC,MO,ACE,CE,Towers with Radar,0,0,0,0,0,0,62,74,2,138,0,62,74,2,138,0,0,0,138
02/10/2007,MKC,MO,ACE,CE,Towers with Radar,0,0,0,0,0,0,23,121,0,144,0,23,121,0,144,146,0,146,290
02/11/2007,MKC,MO,ACE,CE,Towers with Radar,0,0,0,0,0,0,26,116,0,142,0,26,116,0,142,108,1,109,251
02/12/2007,MKC,MO,ACE,CE,Towers with Radar,0,0,0,0,0,0,42,79,0,121,0,42,79,0,121,2,0,2,123
02/13/2007,MKC,MO,ACE,CE,Towers with Radar,0,0,0,0,0,0,53,90,0,143,0,53,90,0,143,25,0,25,168
02/14/2007,MKC,MO,ACE,CE,Towers with Radar,0,0,0,0,0,1,55,139,0,195,1,55,139,0,195,51,0,51,246
02/15/2007,MKC,MO,ACE,CE,Towers with Radar,0,0,0,0,0,0,62,124,2,188,0,62,124,2,188,95,0,95,283
02/16/2007,MKC,MO,ACE,CE,Towers with Radar,0,0,0,0,0,0,53,133,2,188,0,53,133,2,188,465,0,465,653
02/17/2007,MKC,MO,ACE,CE,Towers with Radar,0,0,0,0,0,0,30,61,0,91,0,30,61,0,91,96,0,96,187
02/18/2007,MKC,MO,ACE,CE,Towers with Radar,0,0,0,0,0,0,20,88,0,108,0,20,88,0,108,120,0,120,228
02/19/2007,MKC,MO,ACE,CE,Towers with Radar,0,0,0,0,0,0,38,112,2,152,0,38,112,2,152,33,0,33,185
02/20/2007,MKC,MO,ACE,CE,Towers with Radar,0,0,0,0,0,0,57,173,6,236,0,57,173,6,236,148,0,148,384
02/21/2007,MKC,MO,ACE,CE,Towers with Radar,0,0,0,0,0,0,63,221,1,285,0,63,221,1,285,127,0,127,412
02/22/2007,MKC,MO,ACE,CE,Towers with Radar,0,0,0,0,0,0,70,216,2,288,0,70,216,2,288,108,0,108,396
02/23/2007,MKC,MO,ACE,CE,Towers with Radar,0,0,0,0,0,0,71,138,0,209,0,71,138,0,209,0,0,0,209
02/24/2007,MKC,MO,ACE,CE,Towers with Radar,0,0,0,0,0,0,15,39,0,54,0,15,39,0,54,9,0,9,63
02/25/2007,MKC,MO,ACE,CE,Towers with Radar,0,0,0,0,0,0,14,38,0,52,0,14,38,0,52,10,0,10,62
02/26/2007,MKC,MO,ACE,CE,Towers with Radar,0,0,0,0,0,0,48,134,2,184,0,48,134,2,184,86,0,86,270
02/27/2007,MKC,MO,ACE,CE,Towers with Radar,0,0,0,0,0,0,68,178,5,251,0,68,178,5,251,95,0,95,346
02/28/2007,MKC,MO,ACE,CE,Towers with Radar,0,0,0,0,0,0,67,165,4,236,0,67,165,4,236,52,4,56,292
03/01/2007,MKC,MO,ACE,CE,Towers with Radar,0,0,0,0,0,0,56,90,0,146,0,56,90,0,146,15,0,15,161
03/02/2007,MKC,MO,ACE,CE,Towers with Radar,0,0,0,0,0,0,59,108,6,173,0,59,108,6,173,20,0,20,193
03/03/2007,MKC,MO,ACE,CE,Towers with Radar,0,0,0,0,0,0,21,61,2,84,0,21,61,2,84,54,0,54,138
03/04/2007,MKC,MO,ACE,CE,Towers with Radar,0,0,0,0,0,0,20,115,2,137,0,20,115,2,137,85,0,85,222
03/05/2007,MKC,MO,ACE,CE,Towers with Radar,0,0,0,0,0,0,35,161,0,196,0,35,161,0,196,89,0,89,285
03/06/2007,MKC,MO,ACE,CE,Towers with Radar,0,0,0,0,0,0,83,168,2,253,0,83,168,2,253,105,0,105,358
03/07/2007,MKC,MO,ACE,CE,Towers with Radar,0,0,0,0,0,0,85,191,2,278,0,85,191,2,278,98,0,98,376
03/08/2007,MKC,MO,ACE,CE,Towers with Radar,0,0,0,0,0,0,57,183,3,243,0,57,183,3,243,86,0,86,329
03/09/2007,MKC,MO,ACE,CE,Towers with Radar,0,0,0,0,0,0,65,141,0,206,0,65,141,0,206,30,0,30,236
03/10/2007,MKC,MO,ACE,CE,Towers with Radar,0,0,0,0,0,0,39,135,2,176,0,39,135,2,176,131,0,131,307
03/11/2007,MKC,MO,ACE,CE,Towers with Radar,0,0,0,0,0,0,32,112,5,149,0,32,112,5,149,61,0,61,210
03/12/2007,MKC,MO,ACE,CE,Towers with Radar,0,0,0,0,0,0,25,147,3,175,0,25,147,3,175,65,0,65,240
03/13/2007,MKC,MO,ACE,CE,Towers with Radar,0,0,0,0,0,0,79,173,5,257,0,79,173,5,257,84,0,84,341
03/14/2007,MKC,MO,ACE,CE,Towers with Radar,0,0,0,0,0,0,55,194,1,250,0,55,194,1,250,119,0,119,369
03/15/2007,MKC,MO,ACE,CE,Towers with Radar,0,0,0,0,0,0,49,172,3,224,0,49,172,3,224,44,0,44,268
03/16/2007,MKC,MO,ACE,CE,Towers with Radar,0,0,0,0,0,0,60,172,0,232,0,60,172,0,232,0,0,0,232
03/17/2007,MKC,MO,ACE,CE,Towers with Radar,0,0,0,0,0,0,25,82,0,107,0,25,82,0,107,77,0,77,184
03/18/2007,MKC,MO,ACE,CE,Towers with Radar,0,0,0,0,0,0,30,101,7,138,0,30,101,7,138,74,4,78,216
03/19/2007,MKC,MO,ACE,CE,Towers with Radar,0,0,0,0,0,0,30,107,1,138,0,30,107,1,138,89,0,89,227
03/20/2007,MKC,MO,ACE,CE,Towers with Radar,0,0,0,0,0,1,55,73,5,134,1,55,73,5,134,30,0,30,164
03/21/2007,MKC,MO,ACE,CE,Towers with Radar,0,0,0,0,0,0,58,104,9,171,0,58,104,9,171,56,0,56,227
03/22/2007,MKC,MO,ACE,CE,Towers with Radar,0,0,0,0,0,0,52,104,2,158,0,52,104,2,158,6,0,6,164
03/23/2007,MKC,MO,ACE,CE,Towers with Radar,0,0,0,0,0,0,56,71,0,127,0,56,71,0,127,98,0,98,225
03/24/2007,MKC,MO,ACE,CE,Towers with Radar,0,0,0,0,0,0,19,104,3,126,0,19,104,3,126,72,0,72,198
03/25/2007,MKC,MO,ACE,CE,Towers with Radar,0,0,0,0,0,0,23,43,2,68,0,23,43,2,68,58,0,58,126
03/26/2007,MKC,MO,ACE,CE,Towers with Radar,0,0,0,0,0,0,48,114,2,164,0,48,114,2,164,77,0,77,241
03/27/2007,MKC,MO,ACE,CE,Towers with Radar,0,0,0,0,0,0,76,168,2,246,0,76,168,2,246,116,6,122,368
03/28/2007,MKC,MO,ACE,CE,Towers with Radar,0,0,0,0,0,1,74,184,8,267,1,74,184,8,267,95,0,95,362
03/29/2007,MKC,MO,ACE,CE,Towers with Radar,0,0,0,0,0,0,68,142,1,211,0,68,142,1,211,78,0,78,289
03/30/2007,MKC,MO,ACE,CE,Towers with Radar,0,0,0,0,0,0,60,102,6,168,0,60,102,6,168,26,0,26,194
03/31/2007,MKC,MO,ACE,CE,Towers with Radar,0,0,0,0,0,2,17,58,0,77,2,17,58,0,77,30,0,30,107
04/01/2007,MKC,MO,ACE,CE,Towers with Radar,0,0,0,0,0,0,17,112,0,129,0,17,112,0,129,50,0,50,179
04/02/2007,MKC,MO,ACE,CE,Towers with Radar,0,0,0,0,0,0,41,169,6,216,0,41,169,6,216,102,6,108,324
04/03/2007,MKC,MO,ACE,CE,Towers with Radar,0,0,0,0,0,0,6,9,2,17,0,6,9,2,17,0,0,0,17
04/04/2007,MKC,MO,ACE,CE,Towers with Radar,0,0,0,0,0,0,62,208,2,272,0,62,208,2,272,67,0,67,339
04/05/2007,MKC,MO,ACE,CE,Towers with Radar,0,0,0,0,0,2,76,185,10,273,2,76,185,10,273,83,2,85,358
04/06/2007,MKC,MO,ACE,CE,Towers with Radar,0,0,0,0,0,0,51,54,1,106,0,51,54,1,106,0,0,0,106
04/07/2007,MKC,MO,ACE,CE,Towers with Radar,0,0,0,0,0,0,13,103,2,118,0,13,103,2,118,148,0,148,266
04/08/2007,MKC,MO,ACE,CE,Towers with Radar,0,0,0,0,0,3,29,64,0,96,3,29,64,0,96,43,0,43,139
04/09/2007,MKC,MO,ACE,CE,Towers with Radar,0,0,0,0,0,0,49,162,2,213,0,49,162,2,213,126,0,126,339
04/10/2007,MKC,MO,ACE,CE,Towers with Radar,0,0,0,0,0,0,49,101,0,150,0,49,101,0,150,0,0,0,150
04/11/2007,MKC,MO,ACE,CE,Towers with Radar,0,0,0,0,0,0,64,138,0,202,0,64,138,0,202,50,0,50,252
04/12/2007,MKC,MO,ACE,CE,Towers with Radar,0,0,0,0,0,0,61,189,0,250,0,61,189,0,250,80,0,80,330
04/13/2007,MKC,MO,ACE,CE,Towers with Radar,0,0,0,0,0,0,51,64,8,123,0,51,64,8,123,34,8,42,165
04/14/2007,MKC,MO,ACE,CE,Towers with Radar,0,0,0,0,0,0,21,71,0,92,0,21,71,0,92,99,0,99,191
04/15/2007,MKC,MO,ACE,CE,Towers with Radar,0,0,0,0,0,0,26,37,2,65,0,26,37,2,65,0,0,0,65
04/16/2007,MKC,MO,ACE,CE,Towers with Radar,0,0,0,0,0,0,36,159,0,195,0,36,159,0,195,84,0,84,279
04/17/2007,MKC,MO,ACE,CE,Towers with Radar,0,0,0,0,0,0,57,108,2,167,0,57,108,2,167,0,0,0,167
04/18/2007,MKC,MO,ACE,CE,Towers with Radar,0,0,0,0,0,2,55,215,3,275,2,55,215,3,275,124,2,126,401
04/19/2007,MKC,MO,ACE,CE,Towers with Radar,0,0,0,0,0,0,53,187,4,244,0,53,187,4,244,62,0,62,306
04/20/2007,MKC,MO,ACE,CE,Towers with Radar,0,0,0,0,0,0,53,214,4,271,0,53,214,4,271,54,0,54,325
04/21/2007,MKC,MO,ACE,CE,Towers with Radar,0,0,0,0,0,0,49,113,4,166,0,49,113,4,166,96,0,96,262
04/22/2007,MKC,MO,ACE,CE,Towers with Radar,0,0,0,0,0,2,16,45,3,66,2,16,45,3,66,33,0,33,99
04/23/2007,MKC,MO,ACE,CE,Towers with Radar,0,0,0,0,0,0,45,182,6,233,0,45,182,6,233,88,0,88,321
04/24/2007,MKC,MO,ACE,CE,Towers with Radar,0,0,0,0,0,2,49,112,10,173,2,49,112,10,173,6,0,6,179
04/25/2007,MKC,MO,ACE,CE,Towers with Radar,0,0,0,0,0,2,55,150,0,207,2,55,150,0,207,36,0,36,243
04/26/2007,MKC,MO,ACE,CE,Towers with Radar,0,0,0,0,0,0,60,153,6,219,0,60,153,6,219,46,6,52,271
04/27/2007,MKC,MO,ACE,CE,Towers with Radar,0,0,0,0,0,0,57,153,0,210,0,57,153,0,210,32,0,32,242
04/28/2007,MKC,MO,ACE,CE,Towers with Radar,0,0,0,0,0,0,17,178,7,202,0,17,178,7,202,75,0,75,277
04/29/2007,MKC,MO,ACE,CE,Towers with Radar,0,0,0,0,0,2,39,119,0,160,2,39,119,0,160,44,0,44,204
04/30/2007,MKC,MO,ACE,CE,Towers with Radar,0,0,0,0,0,0,53,186,6,245,0,53,186,6,245,173,0,173,418
05/01/2007,MKC,MO,ACE,CE,Towers with Radar,0,0,0,0,0,0,76,160,0,236,0,76,160,0,236,207,0,207,443
05/02/2007,MKC,MO,ACE,CE,Towers with Radar,0,0,0,0,0,0,52,121,0,173,0,52,121,0,173,36,0,36,209
05/03/2007,MKC,MO,ACE,CE,Towers with Radar,0,0,0,0,0,4,52,107,1,164,4,52,107,1,164,11,0,11,175
05/04/2007,MKC,MO,ACE,CE,Towers with Radar,0,0,0,0,0,0,56,157,2,215,0,56,157,2,215,40,0,40,255
05/05/2007,MKC,MO,ACE,CE,Towers with Radar,0,0,0,0,0,0,20,67,2,89,0,20,67,2,89,151,0,151,240
05/06/2007,MKC,MO,ACE,CE,Towers with Radar,0,0,0,0,0,3,7,31,1,42,3,7,31,1,42,7,6,13,55
05/07/2007,MKC,MO,ACE,CE,Towers with Radar,0,0,0,0,0,0,53,111,3,167,0,53,111,3,167,90,0,90,257
05/08/2007,MKC,MO,ACE,CE,Towers with Radar,0,0,0,0,0,0,49,162,15,226,0,49,162,15,226,88,0,88,314
05/09/2007,MKC,MO,ACE,CE,Towers with Radar,0,0,0,0,0,0,67,144,0,211,0,67,144,0,211,97,0,97,308
05/10/2007,MKC,MO,ACE,CE,Towers with Radar,0,0,0,0,0,2,74,173,4,253,2,74,173,4,253,67,0,67,320
05/11/2007,MKC,MO,ACE,CE,Towers with Radar,0,0,0,0,0,0,61,169,0,230,0,61,169,0,230,82,0,82,312
05/12/2007,MKC,MO,ACE,CE,Towers with Radar,0,0,0,0,0,0,18,137,3,158,0,18,137,3,158,108,0,108,266
05/13/2007,MKC,MO,ACE,CE,Towers with Radar,0,0,0,0,0,0,29,110,0,139,0,29,110,0,139,32,0,32,171
05/14/2007,MKC,MO,ACE,CE,Towers with Radar,0,0,0,0,0,0,68,159,6,233,0,68,159,6,233,72,0,72,305
05/15/2007,MKC,MO,ACE,CE,Towers with Radar,0,0,0,0,0,0,93,147,0,240,0,93,147,0,240,73,0,73,313
05/16/2007,MKC,MO,ACE,CE,Towers with Radar,0,0,0,0,0,0,75,191,5,271,0,75,191,5,271,107,0,107,378
05/17/2007,MKC,MO,ACE,CE,Towers with Radar,0,0,0,0,0,0,65,180,4,249,0,65,180,4,249,65,8,73,322
05/18/2007,MKC,MO,ACE,CE,Towers with Radar,0,0,0,0,0,0,47,189,6,242,0,47,189,6,242,58,4,62,304
05/19/2007,MKC,MO,ACE,CE,Towers with Radar,0,0,0,0,0,1,35,117,0,153,1,35,117,0,153,63,0,63,216
05/20/2007,MKC,MO,ACE,CE,Towers with Radar,0,0,0,0,0,0,20,155,2,177,0,20,155,2,177,106,0,106,283
05/21/2007,MKC,MO,ACE,CE,Towers with Radar,0,0,0,0,0,4,46,157,7,214,4,46,157,7,214,152,0,152,366
05/22/2007,MKC,MO,ACE,CE,Towers with Radar,0,0,0,0,0,0,63,157,4,224,0,63,157,4,224,62,0,62,286
05/23/2007,MKC,MO,ACE,CE,Towers with Radar,0,0,136,2,138,0,73,56,0,129,0,73,192,2,267,104,0,104,371
05/24/2007,MKC,MO,ACE,CE,Towers with Radar,1,46,97,0,144,0,10,26,4,40,1,56,123,4,184,36,0,36,220
05/25/2007,MKC,MO,ACE,CE,Towers with Radar,0,39,82,0,121,0,22,78,0,100,0,61,160,0,221,78,0,78,299
05/26/2007,MKC,MO,ACE,CE,Towers with Radar,0,8,41,0,49,0,22,25,0,47,0,30,66,0,96,8,17,25,121
05/27/2007,MKC,MO,ACE,CE,Towers with Radar,1,5,25,0,31,0,2,8,0,10,1,7,33,0,41,15,0,15,56
05/28/2007,MKC,MO,ACE,CE,Towers with Radar,0,19,45,1,65,0,5,42,1,48,0,24,87,2,113,77,0,77,190
05/29/2007,MKC,MO,ACE,CE,Towers with Radar,0,43,86,0,129,0,12,50,0,62,0,55,136,0,191,126,0,126,317
05/30/2007,MKC,MO,ACE,CE,Towers with Radar,0,0,0,0,0,0,43,134,2,179,0,43,134,2,179,26,0,26,205
05/31/2007,MKC,MO,ACE,CE,Towers with Radar,2,48,98,0,148,0,11,81,0,92,2,59,179,0,240,90,0,90,330
06/01/2007,MKC,MO,ACE,CE,Towers with Radar,0,48,71,2,121,0,17,38,3,58,0,65,109,5,179,26,0,26,205
06/02/2007,MKC,MO,ACE,CE,Towers with Radar,0,0,0,0,0,0,14,73,7,94,0,14,73,7,94,20,0,20,114
06/03/2007,MKC,MO,ACE,CE,Towers with Radar,0,21,42,0,63,0,5,50,0,55,0,26,92,0,118,93,0,93,211
06/04/2007,MKC,MO,ACE,CE,Towers with Radar,0,42,72,0,114,0,10,83,3,96,0,52,155,3,210,31,4,35,245
06/05/2007,MKC,MO,ACE,CE,Towers with Radar,0,42,129,0,171,0,29,110,0,139,0,71,239,0,310,148,0,148,458
06/06/2007,MKC,MO,ACE,CE,Towers with Radar,0,34,101,2,137,0,24,37,0,61,0,58,138,2,198,107,0,107,305
06/07/2007,MKC,MO,ACE,CE,Towers with Radar,0,0,0,0,0,0,46,108,0,154,0,46,108,0,154,14,0,14,168
06/08/2007,MKC,MO,ACE,CE,Towers with Radar,0,0,0,0,0,0,41,184,2,227,0,41,184,2,227,38,0,38,265
06/09/2007,MKC,MO,ACE,CE,Towers with Radar,0,0,0,0,0,0,19,106,7,132,0,19,106,7,132,108,4,112,244
06/10/2007,MKC,MO,ACE,CE,Towers with Radar,0,15,31,0,46,0,2,39,0,41,0,17,70,0,87,43,0,43,130
06/11/2007,MKC,MO,ACE,CE,Towers with Radar,0,27,93,0,120,0,14,54,0,68,0,41,147,0,188,111,0,111,299
06/12/2007,MKC,MO,ACE,CE,Towers with Radar,0,46,96,0,142,0,18,65,2,85,0,64,161,2,227,120,0,120,347
06/13/2007,MKC,MO,ACE,CE,Towers with Radar,0,40,117,12,169,0,12,78,0,90,0,52,195,12,259,40,0,40,299
06/14/2007,MKC,MO,ACE,CE,Towers with Radar,0,42,113,0,155,0,14,86,5,105,0,56,199,5,260,93,0,93,353
06/15/2007,MKC,MO,ACE,CE,Towers with Radar,1,38,112,1,152,0,14,65,0,79,1,52,177,1,231,68,0,68,299
06/16/2007,MKC,MO,ACE,CE,Towers with Radar,0,0,0,0,0,0,31,134,15,180,0,31,134,15,180,89,0,89,269
06/17/2007,MKC,MO,ACE,CE,Towers with Radar,3,21,32,3,59,0,9,56,2,67,3,30,88,5,126,25,0,25,151
06/18/2007,MKC,MO,ACE,CE,Towers with Radar,0,36,95,0,131,0,8,31,2,41,0,44,126,2,172,74,0,74,246
06/19/2007,MKC,MO,ACE,CE,Towers with Radar,0,51,88,1,140,0,12,116,1,129,0,63,204,2,269,183,0,183,452
06/20/2007,MKC,MO,ACE,CE,Towers with Radar,0,47,82,3,132,0,3,75,0,78,0,50,157,3,210,67,0,67,277
06/21/2007,MKC,MO,ACE,CE,Towers with Radar,0,54,116,1,171,0,8,86,3,97,0,62,202,4,268,63,0,63,331
06/22/2007,MKC,MO,ACE,CE,Towers with Radar,0,0,0,0,0,0,61,169,8,238,0,61,169,8,238,20,0,20,258
06/23/2007,MKC,MO,ACE,CE,Towers with Radar,0,0,0,0,0,0,11,49,0,60,0,11,49,0,60,0,0,0,60
06/24/2007,MKC,MO,ACE,CE,Towers with Radar,0,27,54,0,81,0,12,52,0,64,0,39,106,0,145,83,0,83,228
06/25/2007,MKC,MO,ACE,CE,Towers with Radar,0,35,80,2,117,0,6,67,0,73,0,41,147,2,190,107,0,107,297
06/26/2007,MKC,MO,ACE,CE,Towers with Radar,0,56,141,2,199,0,5,69,0,74,0,61,210,2,273,124,0,124,397
06/27/2007,MKC,MO,ACE,CE,Towers with Radar,2,44,110,0,156,0,1,43,5,49,2,45,153,5,205,69,0,69,274
06/28/2007,MKC,MO,ACE,CE,Towers with Radar,0,53,114,2,169,0,5,40,0,45,0,58,154,2,214,70,0,70,284
06/29/2007,MKC,MO,ACE,CE,Towers with Radar,2,59,91,0,152,0,0,0,0,0,2,59,91,0,152,0,0,0,152
06/30/2007,MKC,MO,ACE,CE,Towers with Radar,0,27,52,0,79,0,2,0,0,2,0,29,52,0,81,0,0,0,81
07/01/2007,MKC,MO,ACE,CE,Towers with Radar,2,23,37,0,62,0,15,28,0,43,2,38,65,0,105,50,0,50,155
07/02/2007,MKC,MO,ACE,CE,Towers with Radar,0,35,57,2,94,0,5,70,0,75,0,40,127,2,169,65,0,65,234
07/03/2007,MKC,MO,ACE,CE,Towers with Radar,0,52,39,4,95,0,0,141,1,142,0,52,180,5,237,81,2,83,320
07/04/2007,MKC,MO,ACE,CE,Towers with Radar,0,13,19,0,32,0,3,41,0,44,0,16,60,0,76,28,0,28,104
07/05/2007,MKC,MO,ACE,CE,Towers with Radar,0,24,72,2,98,0,5,62,1,68,0,29,134,3,166,72,0,72,238
07/06/2007,MKC,MO,ACE,CE,Towers with Radar,0,40,66,0,106,0,17,87,1,105,0,57,153,1,211,42,0,42,253
07/07/2007,MKC,MO,ACE,CE,Towers with Radar,0,17,76,0,93,0,6,46,0,52,0,23,122,0,145,47,0,47,192
07/08/2007,MKC,MO,ACE,CE,Towers with Radar,0,23,44,0,67,0,4,86,0,90,0,27,130,0,157,77,0,77,234
07/09/2007,MKC,MO,ACE,CE,Towers with Radar,0,35,89,4,128,0,10,36,2,48,0,45,125,6,176,90,0,90,266
07/10/2007,MKC,MO,ACE,CE,Towers with Radar,0,52,109,2,163,0,5,83,3,91,0,57,192,5,254,87,0,87,341
07/11/2007,MKC,MO,ACE,CE,Towers with Radar,0,57,117,1,175,0,2,86,0,88,0,59,203,1,263,97,0,97,360
07/12/2007,MKC,MO,ACE,CE,Towers with Radar,2,65,128,0,195,0,6,92,3,101,2,71,220,3,296,99,0,99,395
07/13/2007,MKC,MO,ACE,CE,Towers with Radar,2,51,95,2,150,0,24,90,0,114,2,75,185,2,264,94,0,94,358
07/14/2007,MKC,MO,ACE,CE,Towers with Radar,0,14,48,0,62,0,7,67,0,74,0,21,115,0,136,75,0,75,211
07/15/2007,MKC,MO,ACE,CE,Towers with Radar,0,14,49,0,63,0,1,66,2,69,0,15,115,2,132,82,0,82,214
07/16/2007,MKC,MO,ACE,CE,Towers with Radar,0,30,84,0,114,0,20,86,8,114,0,50,170,8,228,125,4,129,357
07/17/2007,MKC,MO,ACE,CE,Towers with Radar,0,53,119,1,173,0,10,94,0,104,0,63,213,1,277,60,0,60,337
07/18/2007,MKC,MO,ACE,CE,Towers with Radar,0,60,121,3,184,0,4,82,0,86,0,64,203,3,270,55,0,55,325
07/19/2007,MKC,MO,ACE,CE,Towers with Radar,0,49,119,1,169,0,20,68,3,91,0,69,187,4,260,94,0,94,354
07/20/2007,MKC,MO,ACE,CE,Towers with Radar,0,30,126,1,157,0,28,19,0,47,0,58,145,1,204,45,0,45,249
07/21/2007,MKC,MO,ACE,CE,Towers with Radar,0,0,0,0,0,0,36,109,1,146,0,36,109,1,146,129,0,129,275
07/22/2007,MKC,MO,ACE,CE,Towers with Radar,2,37,55,2,96,0,6,53,1,60,2,43,108,3,156,39,0,39,195
07/23/2007,MKC,MO,ACE,CE,Towers with Radar,0,34,101,4,139,0,7,60,1,68,0,41,161,5,207,68,0,68,275
07/24/2007,MKC,MO,ACE,CE,Towers with Radar,0,53,118,0,171,0,9,92,0,101,0,62,210,0,272,129,0,129,401
07/25/2007,MKC,MO,ACE,CE,Towers with Radar,0,48,115,0,163,0,10,86,0,96,0,58,201,0,259,97,0,97,356
07/27/2007,MKC,MO,ACE,CE,Towers with Radar,1,55,86,2,144,0,19,52,0,71,1,74,138,2,215,30,0,30,245
07/28/2007,MKC,MO,ACE,CE,Towers with Radar,0,10,51,0,61,0,13,53,0,66,0,23,104,0,127,81,0,81,208
07/29/2007,MKC,MO,ACE,CE,Towers with Radar,3,19,32,2,56,0,2,25,1,28,3,21,57,3,84,69,0,69,153
07/30/2007,MKC,MO,ACE,CE,Towers with Radar,0,40,83,0,123,0,13,28,0,41,0,53,111,0,164,70,0,70,234
07/31/2007,MKC,MO,ACE,CE,Towers with Radar,0,47,108,0,155,0,21,73,0,94,0,68,181,0,249,142,0,142,391
08/01/2007,MKC,MO,ACE,CE,Towers with Radar,0,56,85,0,141,0,7,89,2,98,0,63,174,2,239,64,0,64,303
08/02/2007,MKC,MO,ACE,CE,Towers with Radar,0,47,117,0,164,0,13,45,5,63,0,60,162,5,227,145,0,145,372
08/03/2007,MKC,MO,ACE,CE,Towers with Radar,0,50,105,1,156,0,18,49,0,67,0,68,154,1,223,24,0,24,247
08/04/2007,MKC,MO,ACE,CE,Towers with Radar,0,22,42,3,67,0,3,67,2,72,0,25,109,5,139,105,0,105,244
08/05/2007,MKC,MO,ACE,CE,Towers with Radar,2,20,45,2,69,0,1,58,2,61,2,21,103,4,130,74,0,74,204
08/06/2007,MKC,MO,ACE,CE,Towers with Radar,0,27,86,0,113,0,7,61,0,68,0,34,147,0,181,76,0,76,257
08/07/2007,MKC,MO,ACE,CE,Towers with Radar,0,55,90,0,145,0,18,77,4,99,0,73,167,4,244,140,0,140,384
08/08/2007,MKC,MO,ACE,CE,Towers with Radar,0,57,104,0,161,0,5,65,5,75,0,62,169,5,236,77,0,77,313
08/09/2007,MKC,MO,ACE,CE,Towers with Radar,0,61,121,0,182,0,11,59,8,78,0,72,180,8,260,52,0,52,312
08/10/2007,MKC,MO,ACE,CE,Towers with Radar,0,27,111,2,140,0,12,89,0,101,0,39,200,2,241,82,0,82,323
08/11/2007,MKC,MO,ACE,CE,Towers with Radar,0,0,0,0,0,0,17,359,1,377,0,17,359,1,377,47,0,47,424
08/12/2007,MKC,MO,ACE,CE,Towers with Radar,1,14,51,0,66,0,1,67,0,68,1,15,118,0,134,29,0,29,163
08/13/2007,MKC,MO,ACE,CE,Towers with Radar,3,29,102,0,134,0,4,67,0,71,3,33,169,0,205,85,0,85,290
08/14/2007,MKC,MO,ACE,CE,Towers with Radar,0,38,96,2,136,0,15,82,2,99,0,53,178,4,235,56,0,56,291
08/15/2007,MKC,MO,ACE,CE,Towers with Radar,0,58,109,9,176,0,3,64,2,69,0,61,173,11,245,89,0,89,334
08/16/2007,MKC,MO,ACE,CE,Towers with Radar,0,45,114,6,165,0,25,53,0,78,0,70,167,6,243,95,0,95,338
08/17/2007,MKC,MO,ACE,CE,Towers with Radar,0,34,88,4,126,0,18,49,0,67,0,52,137,4,193,24,0,24,217
08/18/2007,MKC,MO,ACE,CE,Towers with Radar,0,17,51,2,70,0,8,65,2,75,0,25,116,4,145,41,0,41,186
08/19/2007,MKC,MO,ACE,CE,Towers with Radar,0,17,27,0,44,0,0,46,0,46,0,17,73,0,90,17,0,17,107
08/20/2007,MKC,MO,ACE,CE,Towers with Radar,0,47,71,4,122,0,8,35,0,43,0,55,106,4,165,53,0,53,218
08/21/2007,MKC,MO,ACE,CE,Towers with Radar,0,39,120,1,160,0,37,66,3,106,0,76,186,4,266,53,0,53,319
08/22/2007,MKC,MO,ACE,CE,Towers with Radar,2,30,53,2,87,0,16,59,4,79,2,46,112,6,166,16,0,16,182
08/23/2007,MKC,MO,ACE,CE,Towers with Radar,0,61,98,4,163,0,19,80,9,108,0,80,178,13,271,53,0,53,324
08/24/2007,MKC,MO,ACE,CE,Towers with Radar,1,47,81,6,135,0,11,36,5,52,1,58,117,11,187,16,0,16,203
08/25/2007,MKC,MO,ACE,CE,Towers with Radar,0,0,0,0,0,0,13,25,0,38,0,13,25,0,38,82,0,82,120
08/26/2007,MKC,MO,ACE,CE,Towers with Radar,0,17,22,2,41,0,14,79,6,99,0,31,101,8,140,24,0,24,164
08/27/2007,MKC,MO,ACE,CE,Towers with Radar,1,39,96,5,141,0,6,72,12,90,1,45,168,17,231,69,0,69,300
08/28/2007,MKC,MO,ACE,CE,Towers with Radar,1,61,100,1,163,0,32,96,1,129,1,93,196,2,292,99,0,99,391
08/29/2007,MKC,MO,ACE,CE,Towers with Radar,0,46,127,0,173,0,22,59,2,83,0,68,186,2,256,133,0,133,389
08/30/2007,MKC,MO,ACE,CE,Towers with Radar,3,46,98,0,147,0,13,65,0,78,3,59,163,0,225,78,0,78,303
08/31/2007,MKC,MO,ACE,CE,Towers with Radar,0,47,91,0,138,0,6,79,0,85,0,53,170,0,223,22,0,22,245
09/01/2007,MKC,MO,ACE,CE,Towers with Radar,0,18,45,0,63,0,9,81,1,91,0,27,126,1,154,72,0,72,226
09/02/2007,MKC,MO,ACE,CE,Towers with Radar,0,6,26,0,32,0,0,53,11,64,0,6,79,11,96,59,1,60,156
09/03/2007,MKC,MO,ACE,CE,Towers with Radar,0,13,47,0,60,0,6,56,1,63,0,19,103,1,123,80,0,80,203
09/04/2007,MKC,MO,ACE,CE,Towers with Radar,0,32,105,1,138,0,16,77,3,96,0,48,182,4,234,108,0,108,342
09/05/2007,MKC,MO,ACE,CE,Towers with Radar,0,50,116,0,166,0,24,37,0,61,0,74,153,0,227,90,0,90,317
09/06/2007,MKC,MO,ACE,CE,Towers with Radar,2,48,147,1,198,0,18,40,8,66,2,66,187,9,264,22,0,22,286
09/07/2007,MKC,MO,ACE,CE,Towers with Radar,0,51,120,0,171,0,21,60,0,81,0,72,180,0,252,91,0,91,343
09/08/2007,MKC,MO,ACE,CE,Towers with Radar,0,0,0,0,0,0,22,83,0,105,0,22,83,0,105,84,0,84,189
09/09/2007,MKC,MO,ACE,CE,Towers with Radar,0,27,49,2,78,0,16,43,8,67,0,43,92,10,145,48,0,48,193
09/10/2007,MKC,MO,ACE,CE,Towers with Radar,0,37,106,0,143,0,14,44,0,58,0,51,150,0,201,92,0,92,293
09/11/2007,MKC,MO,ACE,CE,Towers with Radar,0,41,123,2,166,0,25,85,0,110,0,66,208,2,276,180,0,180,456
09/12/2007,MKC,MO,ACE,CE,Towers with Radar,0,54,122,0,176,0,16,93,0,109,0,70,215,0,285,81,0,81,366
09/13/2007,MKC,MO,ACE,CE,Towers with Radar,2,60,111,0,173,0,15,76,0,91,2,75,187,0,264,46,0,46,310
09/14/2007,MKC,MO,ACE,CE,Towers with Radar,0,38,118,1,157,0,26,71,0,97,0,64,189,1,254,128,0,128,382
09/15/2007,MKC,MO,ACE,CE,Towers with Radar,0,6,26,0,32,0,3,49,2,54,0,9,75,2,86,64,0,64,150
09/16/2007,MKC,MO,ACE,CE,Towers with Radar,4,11,68,0,83,0,5,60,0,65,4,16,128,0,148,94,0,94,242
09/17/2007,MKC,MO,ACE,CE,Towers with Radar,0,34,100,4,138,0,15,63,0,78,0,49,163,4,216,94,0,94,310
09/18/2007,MKC,MO,ACE,CE,Towers with Radar,0,51,104,2,157,0,12,30,5,47,0,63,134,7,204,36,0,36,240
09/19/2007,MKC,MO,ACE,CE,Towers with Radar,0,44,118,0,162,0,14,51,0,65,0,58,169,0,227,98,0,98,325
09/20/2007,MKC,MO,ACE,CE,Towers with Radar,4,39,121,0,164,0,24,87,3,114,4,63,208,3,278,38,0,38,316
09/21/2007,MKC,MO,ACE,CE,Towers with Radar,0,44,133,2,179,0,33,54,2,89,0,77,187,4,268,62,0,62,330
09/22/2007,MKC,MO,ACE,CE,Towers with Radar,0,17,69,0,86,0,12,59,1,72,0,29,128,1,158,112,0,112,270
09/23/2007,MKC,MO,ACE,CE,Towers with Radar,0,28,90,0,118,0,19,69,0,88,0,47,159,0,206,100,0,100,306
09/24/2007,MKC,MO,ACE,CE,Towers with Radar,0,39,104,0,143,0,13,41,5,59,0,52,145,5,202,173,0,173,375
09/25/2007,MKC,MO,ACE,CE,Towers with Radar,0,57,111,0,168,0,6,15,0,21,0,63,126,0,189,40,0,40,229
09/26/2007,MKC,MO,ACE,CE,Towers with Radar,0,30,126,0,156,0,32,86,0,118,0,62,212,0,274,98,0,98,372
09/27/2007,MKC,MO,ACE,CE,Towers with Radar,4,49,149,0,202,0,21,82,4,107,4,70,231,4,309,88,0,88,397
09/28/2007,MKC,MO,ACE,CE,Towers with Radar,4,42,211,2,259,0,24,0,0,24,4,66,211,2,283,90,0,90,373
09/29/2007,MKC,MO,ACE,CE,Towers with Radar,0,21,77,0,98,0,11,58,10,79,0,32,135,10,177,10,0,10,187
09/30/2007,MKC,MO,ACE,CE,Towers with Radar,0,27,97,0,124,0,2,85,3,90,0,29,182,3,214,69,0,69,283
10/01/2007,MKC,MO,ACE,CE,Towers with Radar,0,51,78,7,136,0,19,87,4,110,0,70,165,11,246,184,40,224,470
10/02/2007,MKC,MO,ACE,CE,Towers with Radar,0,45,102,4,151,0,20,34,2,56,0,65,136,6,207,131,0,131,338
10/03/2007,MKC,MO,ACE,CE,Towers with Radar,0,42,120,0,162,0,10,66,2,78,0,52,186,2,240,99,0,99,339
10/04/2007,MKC,MO,ACE,CE,Towers with Radar,0,49,112,4,165,0,24,61,0,85,0,73,173,4,250,10,0,10,260
10/05/2007,MKC,MO,ACE,CE,Towers with Radar,0,45,76,0,121,0,21,81,0,102,0,66,157,0,223,19,0,19,242
10/06/2007,MKC,MO,ACE,CE,Towers with Radar,0,10,68,0,78,0,0,233,3,236,0,10,301,3,314,56,0,56,370
10/07/2007,MKC,MO,ACE,CE,Towers with Radar,0,19,61,0,80,0,0,37,0,37,0,19,98,0,117,49,0,49,166
10/08/2007,MKC,MO,ACE,CE,Towers with Radar,0,24,63,0,87,0,0,56,2,58,0,24,119,2,145,107,0,107,252
10/09/2007,MKC,MO,ACE,CE,Towers with Radar,0,34,134,0,168,0,19,85,0,104,0,53,219,0,272,18,0,18,290
10/10/2007,MKC,MO,ACE,CE,Towers with Radar,0,61,128,0,189,0,17,86,1,104,0,78,214,1,293,71,0,71,364
10/11/2007,MKC,MO,ACE,CE,Towers with Radar,0,49,98,0,147,0,8,69,0,77,0,57,167,0,224,25,0,25,249
10/12/2007,MKC,MO,ACE,CE,Towers with Radar,0,44,103,2,149,0,15,59,0,74,0,59,162,2,223,106,2,108,331
10/13/2007,MKC,MO,ACE,CE,Towers with Radar,0,14,46,0,60,0,1,10,0,11,0,15,56,0,71,0,0,0,71
10/14/2007,MKC,MO,ACE,CE,Towers with Radar,0,14,63,0,77,0,2,50,1,53,0,16,113,1,130,35,0,35,165
10/15/2007,MKC,MO,ACE,CE,Towers with Radar,0,31,95,0,126,0,13,17,0,30,0,44,112,0,156,86,0,86,242
10/16/2007,MKC,MO,ACE,CE,Towers with Radar,0,48,122,0,170,0,9,63,0,72,0,57,185,0,242,62,0,62,304
10/17/2007,MKC,MO,ACE,CE,Towers with Radar,0,38,102,0,140,0,10,24,0,34,0,48,126,0,174,9,0,9,183
10/18/2007,MKC,MO,ACE,CE,Towers with Radar,0,53,116,1,170,0,5,42,1,48,0,58,158,2,218,28,0,28,246
10/19/2007,MKC,MO,ACE,CE,Towers with Radar,0,53,110,0,163,0,0,66,2,68,0,53,176,2,231,10,0,10,241
10/20/2007,MKC,MO,ACE,CE,Towers with Radar,0,11,55,0,66,0,0,73,4,77,0,11,128,4,143,19,0,19,162
10/21/2007,MKC,MO,ACE,CE,Towers with Radar,0,18,85,0,103,0,3,16,0,19,0,21,101,0,122,35,0,35,157
10/22/2007,MKC,MO,ACE,CE,Towers with Radar,0,39,84,0,123,0,8,29,0,37,0,47,113,0,160,56,0,56,216
10/23/2007,MKC,MO,ACE,CE,Towers with Radar,0,41,110,3,154,0,23,87,2,112,0,64,197,5,266,84,22,106,372
10/24/2007,MKC,MO,ACE,CE,Towers with Radar,0,44,99,0,143,0,12,50,0,62,0,56,149,0,205,105,0,105,310
10/25/2007,MKC,MO,ACE,CE,Towers with Radar,0,41,130,0,171,0,7,74,2,83,0,48,204,2,254,82,0,82,336
10/26/2007,MKC,MO,ACE,CE,Towers with Radar,0,44,124,0,168,0,14,19,0,33,0,58,143,0,201,22,0,22,223
10/27/2007,MKC,MO,ACE,CE,Towers with Radar,0,17,42,0,59,0,11,71,0,82,0,28,113,0,141,39,0,39,180
10/28/2007,MKC,MO,ACE,CE,Towers with Radar,0,21,45,0,66,0,10,72,0,82,0,31,117,0,148,81,0,81,229
10/29/2007,MKC,MO,ACE,CE,Towers with Radar,0,26,95,0,121,0,5,66,0,71,0,31,161,0,192,102,0,102,294
10/30/2007,MKC,MO,ACE,CE,Towers with Radar,0,39,109,0,148,0,18,80,0,98,0,57,189,0,246,102,0,102,348
10/31/2007,MKC,MO,ACE,CE,Towers with Radar,0,36,78,0,114,0,17,69,0,86,0,53,147,0,200,36,0,36,236
11/01/2007,MKC,MO,ACE,CE,Towers with Radar,0,50,109,2,161,0,21,67,0,88,0,71,176,2,249,63,0,63,312
11/02/2007,MKC,MO,ACE,CE,Towers with Radar,0,28,120,2,150,0,17,70,0,87,0,45,190,2,237,98,0,98,335
11/03/2007,MKC,MO,ACE,CE,Towers with Radar,0,17,51,0,68,0,14,101,1,116,0,31,152,1,184,118,0,118,302
11/04/2007,MKC,MO,ACE,CE,Towers with Radar,0,27,65,0,92,0,0,54,0,54,0,27,119,0,146,34,0,34,180
11/05/2007,MKC,MO,ACE,CE,Towers with Radar,0,34,116,2,152,0,23,25,0,48,0,57,141,2,200,101,0,101,301
11/06/2007,MKC,MO,ACE,CE,Towers with Radar,0,0,172,0,172,0,75,33,8,116,0,75,205,8,288,148,0,148,436
11/07/2007,MKC,MO,ACE,CE,Towers with Radar,0,43,125,2,170,0,19,75,2,96,0,62,200,4,266,145,0,145,411
11/08/2007,MKC,MO,ACE,CE,Towers with Radar,0,40,111,3,154,0,14,59,2,75,0,54,170,5,229,91,0,91,320
11/09/2007,MKC,MO,ACE,CE,Towers with Radar,0,37,116,0,153,0,24,72,3,99,0,61,188,3,252,104,0,104,356
11/10/2007,MKC,MO,ACE,CE,Towers with Radar,0,13,55,0,68,0,16,56,1,73,0,29,111,1,141,22,0,22,163
11/11/2007,MKC,MO,ACE,CE,Towers with Radar,0,20,77,0,97,0,5,25,0,30,0,25,102,0,127,92,0,92,219
11/12/2007,MKC,MO,ACE,CE,Towers with Radar,0,31,124,0,155,0,10,38,0,48,0,41,162,0,203,102,0,102,305
11/13/2007,MKC,MO,ACE,CE,Towers with Radar,0,48,160,0,208,0,23,81,0,104,0,71,241,0,312,66,0,66,378
11/14/2007,MKC,MO,ACE,CE,Towers with Radar,0,34,119,0,153,0,13,40,0,53,0,47,159,0,206,76,0,76,282
11/15/2007,MKC,MO,ACE,CE,Towers with Radar,0,45,139,0,184,0,10,69,0,79,0,55,208,0,263,6,0,6,269
11/16/2007,MKC,MO,ACE,CE,Towers with Radar,0,42,133,1,176,0,31,56,2,89,0,73,189,3,265,22,2,24,289
11/17/2007,MKC,MO,ACE,CE,Towers with Radar,0,25,41,2,68,0,9,77,0,86,0,34,118,2,154,48,0,48,202
11/18/2007,MKC,MO,ACE,CE,Towers with Radar,1,19,43,0,63,0,11,42,2,55,1,30,85,2,118,82,0,82,200
11/19/2007,MKC,MO,ACE,CE,Towers with Radar,0,40,97,10,147,0,18,51,0,69,0,58,148,10,216,47,0,47,263
11/20/2007,MKC,MO,ACE,CE,Towers with Radar,0,0,142,0,142,2,46,10,5,63,2,46,152,5,205,93,0,93,298
11/21/2007,MKC,MO,ACE,CE,Towers with Radar,1,42,69,2,114,0,0,15,0,15,1,42,84,2,129,16,0,16,145
11/22/2007,MKC,MO,ACE,CE,Towers with Radar,0,19,27,0,46,0,16,11,0,27,0,35,38,0,73,44,0,44,117
11/23/2007,MKC,MO,ACE,CE,Towers with Radar,0,24,49,0,73,0,22,60,0,82,0,46,109,0,155,62,0,62,217
11/24/2007,MKC,MO,ACE,CE,Towers with Radar,0,28,56,0,84,0,11,24,0,35,0,39,80,0,119,26,0,26,145
11/25/2007,MKC,MO,ACE,CE,Towers with Radar,0,29,64,2,95,0,3,44,2,49,0,32,108,4,144,59,4,63,207
11/26/2007,MKC,MO,ACE,CE,Towers with Radar,0,28,78,0,106,0,20,60,2,82,0,48,138,2,188,149,0,149,337
11/27/2007,MKC,MO,ACE,CE,Towers with Radar,0,40,136,1,177,0,25,94,4,123,0,65,230,5,300,76,0,76,376
11/28/2007,MKC,MO,ACE,CE,Towers with Radar,0,28,107,1,136,0,18,47,1,66,0,46,154,2,202,72,0,72,274
11/29/2007,MKC,MO,ACE,CE,Towers with Radar,0,46,108,0,154,0,17,72,0,89,0,63,180,0,243,114,0,114,357
11/30/2007,MKC,MO,ACE,CE,Towers with Radar,0,48,104,0,152,0,17,75,0,92,0,65,179,0,244,62,0,62,306
12/01/2007,MKC,MO,ACE,CE,Towers with Radar,0,18,33,0,51,0,5,0,0,5,0,23,33,0,56,0,0,0,56
12/02/2007,MKC,MO,ACE,CE,Towers with Radar,0,17,39,0,56,0,1,7,0,8,0,18,46,0,64,11,0,11,75
12/03/2007,MKC,MO,ACE,CE,Towers with Radar,0,53,99,0,152,0,10,56,0,66,0,63,155,0,218,75,0,75,293
12/04/2007,MKC,MO,ACE,CE,Towers with Radar,0,53,101,3,157,0,22,90,2,114,0,75,191,5,271,62,2,64,335
12/05/2007,MKC,MO,ACE,CE,Towers with Radar,0,46,117,0,163,0,4,42,4,50,0,50,159,4,213,69,0,69,282
12/06/2007,MKC,MO,ACE,CE,Towers with Radar,1,32,108,2,143,0,4,11,2,17,1,36,119,4,160,0,0,0,160
12/07/2007,MKC,MO,ACE,CE,Towers with Radar,0,39,84,3,126,0,4,17,0,21,0,43,101,3,147,16,0,16,163
12/08/2007,MKC,MO,ACE,CE,Towers with Radar,0,8,23,0,31,0,35,78,3,116,0,43,101,3,147,26,0,26,173
12/09/2007,MKC,MO,ACE,CE,Towers with Radar,0,25,22,0,47,0,0,0,0,0,0,25,22,0,47,0,0,0,47
12/10/2007,MKC,MO,ACE,CE,Towers with Radar,0,30,73,0,103,0,1,20,2,23,0,31,93,2,126,37,0,37,163
12/11/2007,MKC,MO,ACE,CE,Towers with Radar,0,27,40,2,69,0,0,0,0,0,0,27,40,2,69,0,0,0,69
12/12/2007,MKC,MO,ACE,CE,Towers with Radar,0,47,98,1,146,0,0,6,1,7,0,47,104,2,153,22,0,22,175
12/13/2007,MKC,MO,ACE,CE,Towers with Radar,0,45,118,5,168,0,7,36,0,43,0,52,154,5,211,108,0,108,319
12/14/2007,MKC,MO,ACE,CE,Towers with Radar,0,36,116,0,152,0,11,1,0,12,0,47,117,0,164,48,0,48,212
12/15/2007,MKC,MO,ACE,CE,Towers with Radar,0,7,17,0,24,0,3,0,0,3,0,10,17,0,27,0,0,0,27
12/16/2007,MKC,MO,ACE,CE,Towers with Radar,0,13,42,0,55,0,4,50,0,54,0,17,92,0,109,44,0,44,153
12/17/2007,MKC,MO,ACE,CE,Towers with Radar,0,27,113,4,144,0,22,56,0,78,0,49,169,4,222,86,0,86,308
12/18/2007,MKC,MO,ACE,CE,Towers with Radar,0,53,120,2,175,0,17,88,1,106,0,70,208,3,281,60,0,60,341
12/19/2007,MKC,MO,ACE,CE,Towers with Radar,0,46,122,2,170,0,29,60,0,89,0,75,182,2,259,125,0,125,384
12/20/2007,MKC,MO,ACE,CE,Towers with Radar,0,44,94,4,142,0,5,86,2,93,0,49,180,6,235,32,0,32,267
12/21/2007,MKC,MO,ACE,CE,Towers with Radar,0,49,76,0,125,0,3,76,1,80,0,52,152,1,205,52,0,52,257
12/22/2007,MKC,MO,ACE,CE,Towers with Radar,0,13,15,0,28,0,2,0,0,2,0,15,15,0,30,4,0,4,34
12/23/2007,MKC,MO,ACE,CE,Towers with Radar,0,17,16,0,33,0,12,58,0,70,0,29,74,0,103,23,0,23,126
12/24/2007,MKC,MO,ACE,CE,Towers with Radar,0,13,28,0,41,0,8,53,1,62,0,21,81,1,103,28,0,28,131
12/26/2007,MKC,MO,ACE,CE,Towers with Radar,0,27,53,0,80,0,2,23,0,25,0,29,76,0,105,73,0,73,178
12/27/2007,MKC,MO,ACE,CE,Towers with Radar,0,38,60,0,98,0,0,0,0,0,0,38,60,0,98,0,0,0,98
12/28/2007,MKC,MO,ACE,CE,Towers with Radar,0,35,51,0,86,0,10,19,0,29,0,45,70,0,115,0,0,0,115
12/29/2007,MKC,MO,ACE,CE,Towers with Radar,0,14,49,0,63,0,6,67,0,73,0,20,116,0,136,40,0,40,176
12/30/2007,MKC,MO,ACE,CE,Towers with Radar,0,13,39,0,52,0,2,52,4,58,0,15,91,4,110,78,0,78,188
12/31/2007,MKC,MO,ACE,CE,Towers with Radar,0,20,45,0,65,0,7,31,0,38,0,27,76,0,103,65,0,65,168
01/02/2008,MKC,MO,ACE,CE,Towers with Radar,0,33,71,0,104,0,10,56,0,66,0,43,127,0,170,36,0,36,206
01/03/2008,MKC,MO,ACE,CE,Towers with Radar,0,38,92,3,133,0,6,56,0,62,0,44,148,3,195,36,0,36,231
01/04/2008,MKC,MO,ACE,CE,Towers with Radar,0,35,85,0,120,0,11,37,0,48,0,46,122,0,168,0,0,0,168
01/05/2008,MKC,MO,ACE,CE,Towers with Radar,0,16,38,0,54,0,4,77,3,84,0,20,115,3,138,154,0,154,292
01/06/2008,MKC,MO,ACE,CE,Towers with Radar,0,20,38,0,58,0,0,57,3,60,0,20,95,3,118,35,0,35,153
01/07/2008,MKC,MO,ACE,CE,Towers with Radar,0,19,54,0,73,0,8,30,2,40,0,27,84,2,113,47,0,47,160
01/08/2008,MKC,MO,ACE,CE,Towers with Radar,0,37,80,4,121,0,6,16,0,22,0,43,96,4,143,59,0,59,202
01/09/2008,MKC,MO,ACE,CE,Towers with Radar,0,29,94,2,125,0,15,58,3,76,0,44,152,5,201,116,0,116,317
01/10/2008,MKC,MO,ACE,CE,Towers with Radar,0,38,31,2,71,0,0,85,0,85,0,38,116,2,156,18,0,18,174
01/11/2008,MKC,MO,ACE,CE,Towers with Radar,0,35,74,1,110,0,10,79,2,91,0,45,153,3,201,70,0,70,271
01/12/2008,MKC,MO,ACE,CE,Towers with Radar,0,13,28,4,45,0,1,32,3,36,0,14,60,7,81,45,0,45,126
01/13/2008,MKC,MO,ACE,CE,Towers with Radar,0,18,21,0,39,0,4,75,2,81,0,22,96,2,120,28,4,32,152
01/14/2008,MKC,MO,ACE,CE,Towers with Radar,0,25,76,2,103,0,6,38,1,45,0,31,114,3,148,24,54,78,226
01/15/2008,MKC,MO,ACE,CE,Towers with Radar,0,44,97,0,141,0,16,71,0,87,0,60,168,0,228,70,0,70,298
01/16/2008,MKC,MO,ACE,CE,Towers with Radar,0,24,85,0,109,0,12,14,2,28,0,36,99,2,137,0,0,0,137
01/17/2008,MKC,MO,ACE,CE,Towers with Radar,0,31,94,1,126,0,14,12,2,28,0,45,106,3,154,24,4,28,182
01/18/2008,MKC,MO,ACE,CE,Towers with Radar,0,33,103,0,136,0,8,12,0,20,0,41,115,0,156,0,0,0,156
01/19/2008,MKC,MO,ACE,CE,Towers with Radar,0,11,41,0,52,0,4,54,1,59,0,15,95,1,111,70,0,70,181
01/20/2008,MKC,MO,ACE,CE,Towers with Radar,0,9,24,0,33,0,2,26,0,28,0,11,50,0,61,8,0,8,69
01/21/2008,MKC,MO,ACE,CE,Towers with Radar,0,25,78,0,103,0,6,22,0,28,0,31,100,0,131,92,0,92,223
01/22/2008,MKC,MO,ACE,CE,Towers with Radar,0,23,103,2,128,0,9,42,7,58,0,32,145,9,186,10,0,10,196
01/23/2008,MKC,MO,ACE,CE,Towers with Radar,0,26,119,4,149,0,23,46,1,70,0,49,165,5,219,42,0,42,261
01/24/2008,MKC,MO,ACE,CE,Towers with Radar,0,38,134,0,172,0,12,61,0,73,0,50,195,0,245,44,0,44,289
01/25/2008,MKC,MO,ACE,CE,Towers with Radar,0,19,91,0,110,0,2,20,0,22,0,21,111,0,132,6,0,6,138
01/26/2008,MKC,MO,ACE,CE,Towers with Radar,0,9,35,0,44,0,4,76,7,87,0,13,111,7,131,90,0,90,221
01/27/2008,MKC,MO,ACE,CE,Towers with Radar,0,8,32,1,41,0,0,57,4,61,0,8,89,5,102,80,0,80,182
01/28/2008,MKC,MO,ACE,CE,Towers with Radar,0,22,80,2,104,0,14,34,0,48,0,36,114,2,152,0,0,0,152
01/29/2008,MKC,MO,ACE,CE,Towers with Radar,2,24,93,2,121,0,8,13,0,21,2,32,106,2,142,0,0,0,142
01/30/2008,MKC,MO,ACE,CE,Towers with Radar,0,36,115,1,152,0,0,49,0,49,0,36,164,1,201,0,0,0,201
01/31/2008,MKC,MO,ACE,CE,Towers with Radar,0,27,69,7,103,0,7,31,1,39,0,34,100,8,142,14,0,14,156
02/01/2008,MKC,MO,ACE,CE,Towers with Radar,0,12,59,0,71,0,4,16,0,20,0,16,75,0,91,4,0,4,95
02/02/2008,MKC,MO,ACE,CE,Towers with Radar,0,18,2,0,20,0,0,109,5,114,0,18,111,5,134,32,0,32,166
02/03/2008,MKC,MO,ACE,CE,Towers with Radar,0,12,21,0,33,0,5,5,0,10,0,17,26,0,43,0,0,0,43
02/04/2008,MKC,MO,ACE,CE,Towers with Radar,0,25,100,7,132,0,2,41,1,44,0,27,141,8,176,66,0,66,242
02/05/2008,MKC,MO,ACE,CE,Towers with Radar,0,19,72,0,91,0,2,1,0,3,0,21,73,0,94,0,0,0,94
02/06/2008,MKC,MO,ACE,CE,Towers with Radar,0,16,94,7,117,0,9,8,0,17,0,25,102,7,134,36,0,36,170
02/07/2008,MKC,MO,ACE,CE,Towers with Radar,0,44,126,3,173,0,6,74,11,91,0,50,200,14,264,50,0,50,314
02/08/2008,MKC,MO,ACE,CE,Towers with Radar,0,37,100,0,137,0,9,50,1,60,0,46,150,1,197,46,0,46,243
02/09/2008,MKC,MO,ACE,CE,Towers with Radar,0,13,27,0,40,0,5,52,6,63,0,18,79,6,103,48,2,50,153
02/10/2008,MKC,MO,ACE,CE,Towers with Radar,0,18,44,0,62,0,8,38,1,47,0,26,82,1,109,36,0,36,145
02/11/2008,MKC,MO,ACE,CE,Towers with Radar,0,26,76,0,102,0,5,21,0,26,0,31,97,0,128,2,0,2,130
02/12/2008,MKC,MO,ACE,CE,Towers with Radar,0,27,88,1,116,0,18,23,1,42,0,45,111,2,158,6,0,6,164
02/13/2008,MKC,MO,ACE,CE,Towers with Radar,0,39,132,1,172,0,21,73,2,96,0,60,205,3,268,26,0,26,294
02/14/2008,MKC,MO,ACE,CE,Towers with Radar,0,35,75,2,112,0,10,42,0,52,0,45,117,2,164,0,0,0,164
02/15/2008,MKC,MO,ACE,CE,Towers with Radar,0,27,95,0,122,0,12,39,1,52,0,39,134,1,174,50,0,50,224
02/16/2008,MKC,MO,ACE,CE,Towers with Radar,0,11,22,0,33,0,5,11,0,16,0,16,33,0,49,14,0,14,63
02/17/2008,MKC,MO,ACE,CE,Towers with Radar,0,9,20,0,29,0,0,5,1,6,0,9,25,1,35,8,0,8,43
02/18/2008,MKC,MO,ACE,CE,Towers with Radar,0,19,50,1,70,0,14,41,1,56,0,33,91,2,126,48,0,48,174
02/19/2008,MKC,MO,ACE,CE,Towers with Radar,0,20,84,0,104,0,20,74,5,99,0,40,158,5,203,84,0,84,287
02/20/2008,MKC,MO,ACE,CE,Towers with Radar,0,34,103,0,137,0,30,53,4,87,0,64,156,4,224,30,8,38,262
02/21/2008,MKC,MO,ACE,CE,Towers with Radar,0,27,59,0,86,0,0,3,0,3,0,27,62,0,89,0,0,0,89
02/22/2008,MKC,MO,ACE,CE,Towers with Radar,0,41,83,0,124,0,14,18,0,32,0,55,101,0,156,28,0,28,184
02/23/2008,MKC,MO,ACE,CE,Towers with Radar,0,9,48,4,61,0,5,28,8,41,0,14,76,12,102,38,0,38,140
02/24/2008,MKC,MO,ACE,CE,Towers with Radar,0,18,40,0,58,0,5,36,2,43,0,23,76,2,101,96,0,96,197
02/25/2008,MKC,MO,ACE,CE,Towers with Radar,0,34,79,0,113,0,26,18,0,44,0,60,97,0,157,80,0,80,237
02/26/2008,MKC,MO,ACE,CE,Towers with Radar,0,40,86,2,128,0,14,50,0,64,0,54,136,2,192,6,0,6,198
02/27/2008,MKC,MO,ACE,CE,Towers with Radar,0,46,107,2,155,0,16,93,2,111,0,62,200,4,266,50,0,50,316
02/28/2008,MKC,MO,ACE,CE,Towers with Radar,0,43,97,3,143,0,10,34,0,44,0,53,131,3,187,36,0,36,223
02/29/2008,MKC,MO,ACE,CE,Towers with Radar,0,30,99,0,129,0,13,68,0,81,0,43,167,0,210,68,0,68,278
03/01/2008,MKC,MO,ACE,CE,Towers with Radar,0,16,30,0,46,0,12,44,0,56,0,28,74,0,102,8,0,8,110
03/02/2008,MKC,MO,ACE,CE,Towers with Radar,0,15,26,0,41,0,7,8,0,15,0,22,34,0,56,8,0,8,64
03/03/2008,MKC,MO,ACE,CE,Towers with Radar,0,44,24,0,68,0,0,63,0,63,0,44,87,0,131,27,0,27,158
03/04/2008,MKC,MO,ACE,CE,Towers with Radar,0,35,103,2,140,0,7,80,0,87,0,42,183,2,227,134,0,134,361
03/05/2008,MKC,MO,ACE,CE,Towers with Radar,0,41,105,0,146,0,28,36,0,64,0,69,141,0,210,47,0,47,257
03/06/2008,MKC,MO,ACE,CE,Towers with Radar,0,31,96,0,127,0,12,98,5,115,0,43,194,5,242,64,8,72,314
03/07/2008,MKC,MO,ACE,CE,Towers with Radar,0,23,86,0,109,0,5,12,2,19,0,28,98,2,128,0,0,0,128
03/08/2008,MKC,MO,ACE,CE,Towers with Radar,0,8,77,0,85,0,15,32,4,51,0,23,109,4,136,80,0,80,216
03/09/2008,MKC,MO,ACE,CE,Towers with Radar,0,15,44,0,59,0,2,72,2,76,0,17,116,2,135,100,0,100,235
03/10/2008,MKC,MO,ACE,CE,Towers with Radar,0,25,76,1,102,0,6,58,8,72,0,31,134,9,174,94,2,96,270
03/11/2008,MKC,MO,ACE,CE,Towers with Radar,0,40,126,0,166,0,27,67,0,94,0,67,193,0,260,98,0,98,358
03/12/2008,MKC,MO,ACE,CE,Towers with Radar,1,53,112,6,172,0,0,63,9,72,1,53,175,15,244,67,2,69,313
03/13/2008,MKC,MO,ACE,CE,Towers with Radar,0,41,112,4,157,0,6,34,10,50,0,47,146,14,207,33,0,33,240
03/14/2008,MKC,MO,ACE,CE,Towers with Radar,0,46,132,4,182,0,11,20,1,32,0,57,152,5,214,50,0,50,264
03/15/2008,MKC,MO,ACE,CE,Towers with Radar,0,25,34,0,59,0,0,11,0,11,0,25,45,0,70,18,0,18,88
03/16/2008,MKC,MO,ACE,CE,Towers with Radar,0,33,70,0,103,0,4,42,2,48,0,37,112,2,151,49,0,49,200
03/17/2008,MKC,MO,ACE,CE,Towers with Radar,0,17,50,2,69,0,2,10,0,12,0,19,60,2,81,11,0,11,92
03/18/2008,MKC,MO,ACE,CE,Towers with Radar,0,28,92,2,122,0,9,6,0,15,0,37,98,2,137,33,0,33,170
03/19/2008,MKC,MO,ACE,CE,Towers with Radar,0,33,85,0,118,0,13,81,0,94,0,46,166,0,212,102,0,102,314
03/20/2008,MKC,MO,ACE,CE,Towers with Radar,0,18,86,3,107,0,10,54,4,68,0,28,140,7,175,101,0,101,276
03/21/2008,MKC,MO,ACE,CE,Towers with Radar,0,28,77,0,105,0,6,59,1,66,0,34,136,1,171,28,0,28,199
03/22/2008,MKC,MO,ACE,CE,Towers with Radar,0,13,42,0,55,0,0,72,6,78,0,13,114,6,133,129,0,129,262
03/23/2008,MKC,MO,ACE,CE,Towers with Radar,0,31,23,0,54,0,6,22,0,28,0,37,45,0,82,9,0,9,91
03/24/2008,MKC,MO,ACE,CE,Towers with Radar,0,30,95,2,127,0,13,55,0,68,0,43,150,2,195,66,0,66,261
03/25/2008,MKC,MO,ACE,CE,Towers with Radar,0,28,118,1,147,0,9,56,3,68,0,37,174,4,215,153,0,153,368
03/26/2008,MKC,MO,ACE,CE,Towers with Radar,0,31,113,0,144,0,18,37,0,55,0,49,150,0,199,31,0,31,230
03/27/2008,MKC,MO,ACE,CE,Towers with Radar,0,41,127,0,168,0,2,0,0,2,0,43,127,0,170,0,0,0,170
03/28/2008,MKC,MO,ACE,CE,Towers with Radar,0,23,74,3,100,0,17,48,0,65,0,40,122,3,165,36,0,36,201
03/29/2008,MKC,MO,ACE,CE,Towers with Radar,0,16,36,3,55,1,4,49,4,58,1,20,85,7,113,32,0,32,145
03/30/2008,MKC,MO,ACE,CE,Towers with Radar,0,25,37,1,63,0,10,4,0,14,0,35,41,1,77,5,0,5,82
03/31/2008,MKC,MO,ACE,CE,Towers with Radar,0,28,57,1,86,0,12,30,0,42,0,40,87,1,128,40,0,40,168
04/01/2008,MKC,MO,ACE,CE,Towers with Radar,0,33,86,1,120,0,8,44,2,54,0,41,130,3,174,93,4,97,271
04/02/2008,MKC,MO,ACE,CE,Towers with Radar,0,36,80,0,116,0,16,67,0,83,0,52,147,0,199,106,0,106,305
04/03/2008,MKC,MO,ACE,CE,Towers with Radar,0,31,95,4,130,0,2,7,0,9,0,33,102,4,139,0,0,0,139
04/04/2008,MKC,MO,ACE,CE,Towers with Radar,0,32,95,2,129,0,1,70,4,75,0,33,165,6,204,85,0,85,289
04/05/2008,MKC,MO,ACE,CE,Towers with Radar,0,15,59,0,74,0,8,91,0,99,0,23,150,0,173,104,0,104,277
04/06/2008,MKC,MO,ACE,CE,Towers with Radar,2,24,53,1,80,0,3,43,1,47,2,27,96,2,127,24,0,24,151
04/07/2008,MKC,MO,ACE,CE,Towers with Radar,0,25,87,5,117,0,5,62,1,68,0,30,149,6,185,91,0,91,276
04/08/2008,MKC,MO,ACE,CE,Towers with Radar,0,52,130,2,184,0,7,19,0,26,0,59,149,2,210,11,0,11,221
04/09/2008,MKC,MO,ACE,CE,Towers with Radar,0,53,100,0,153,0,18,44,0,62,0,71,144,0,215,57,0,57,272
04/10/2008,MKC,MO,ACE,CE,Towers with Radar,0,30,83,2,115,0,0,9,0,9,0,30,92,2,124,0,0,0,124
04/11/2008,MKC,MO,ACE,CE,Towers with Radar,0,17,58,0,75,0,7,22,0,29,0,24,80,0,104,14,0,14,118
04/12/2008,MKC,MO,ACE,CE,Towers with Radar,0,14,21,0,35,0,9,6,0,15,0,23,27,0,50,22,0,22,72
04/13/2008,MKC,MO,ACE,CE,Towers with Radar,2,17,32,0,51,0,3,26,1,30,2,20,58,1,81,39,0,39,120
04/14/2008,MKC,MO,ACE,CE,Towers with Radar,0,29,77,0,106,0,11,86,0,97,0,40,163,0,203,81,0,81,284
04/15/2008,MKC,MO,ACE,CE,Towers with Radar,0,37,86,5,128,0,7,47,4,58,0,44,133,9,186,33,12,45,231
04/16/2008,MKC,MO,ACE,CE,Towers with Radar,0,51,95,0,146,1,13,19,0,33,1,64,114,0,179,22,0,22,201
04/17/2008,MKC,MO,ACE,CE,Towers with Radar,0,38,113,0,151,0,6,33,0,39,0,44,146,0,190,38,0,38,228
04/18/2008,MKC,MO,ACE,CE,Towers with Radar,0,41,92,1,134,0,0,18,0,18,0,41,110,1,152,4,0,4,156
04/19/2008,MKC,MO,ACE,CE,Towers with Radar,0,3,53,0,56,0,3,46,9,58,0,6,99,9,114,20,0,20,134
04/20/2008,MKC,MO,ACE,CE,Towers with Radar,4,14,48,5,71,0,1,69,1,71,4,15,117,6,142,41,0,41,183
04/21/2008,MKC,MO,ACE,CE,Towers with Radar,0,42,90,0,132,0,0,79,0,79,0,42,169,0,211,14,53,67,278
04/22/2008,MKC,MO,ACE,CE,Towers with Radar,1,51,116,2,170,0,9,69,2,80,1,60,185,4,250,47,0,47,297
04/23/2008,MKC,MO,ACE,CE,Towers with Radar,0,40,92,0,132,0,8,25,0,33,0,48,117,0,165,37,0,37,202
04/24/2008,MKC,MO,ACE,CE,Towers with Radar,1,43,108,1,153,0,7,35,1,43,1,50,143,2,196,10,0,10,206
04/25/2008,MKC,MO,ACE,CE,Towers with Radar,2,28,79,0,109,0,6,37,0,43,2,34,116,0,152,52,0,52,204
04/26/2008,MKC,MO,ACE,CE,Towers with Radar,0,21,61,0,82,9,3,54,1,67,9,24,115,1,149,35,0,35,184
04/27/2008,MKC,MO,ACE,CE,Towers with Radar,1,16,61,6,84,0,3,41,0,44,1,19,102,6,128,31,0,31,159
04/28/2008,MKC,MO,ACE,CE,Towers with Radar,2,34,68,0,104,0,6,77,0,83,2,40,145,0,187,61,0,61,248
04/29/2008,MKC,MO,ACE,CE,Towers with Radar,0,45,120,0,165,0,7,83,0,90,0,52,203,0,255,134,0,134,389
04/30/2008,MKC,MO,ACE,CE,Towers with Radar,0,38,115,2,155,0,14,53,0,67,0,52,168,2,222,47,0,47,269
05/01/2008,MKC,MO,ACE,CE,Towers with Radar,0,43,74,2,119,0,4,45,0,49,0,47,119,2,168,4,2,6,174
05/02/2008,MKC,MO,ACE,CE,Towers with Radar,1,45,56,2,104,1,20,33,4,58,2,65,89,6,162,0,0,0,162
05/03/2008,MKC,MO,ACE,CE,Towers with Radar,0,7,37,0,44,0,12,65,0,77,0,19,102,0,121,6,0,6,127
05/04/2008,MKC,MO,ACE,CE,Towers with Radar,2,16,24,2,44,0,21,76,1,98,2,37,100,3,142,58,0,58,200
05/05/2008,MKC,MO,ACE,CE,Towers with Radar,0,39,78,0,117,0,15,66,0,81,0,54,144,0,198,111,0,111,309
05/06/2008,MKC,MO,ACE,CE,Towers with Radar,0,34,86,4,124,0,12,54,1,67,0,46,140,5,191,69,0,69,260
05/07/2008,MKC,MO,ACE,CE,Towers with Radar,2,56,84,1,143,0,3,25,0,28,2,59,109,1,171,45,0,45,216
05/08/2008,MKC,MO,ACE,CE,Towers with Radar,2,45,107,0,154,0,0,38,4,42,2,45,145,4,196,75,0,75,271
05/09/2008,MKC,MO,ACE,CE,Towers with Radar,0,45,85,0,130,0,2,43,0,45,0,47,128,0,175,0,0,0,175
05/10/2008,MKC,MO,ACE,CE,Towers with Radar,0,9,47,0,56,0,4,16,0,20,0,13,63,0,76,53,0,53,129
05/11/2008,MKC,MO,ACE,CE,Towers with Radar,2,19,32,0,53,0,6,15,2,23,2,25,47,2,76,13,0,13,89
05/12/2008,MKC,MO,ACE,CE,Towers with Radar,2,54,84,0,140,0,5,81,0,86,2,59,165,0,226,86,0,86,312
05/13/2008,MKC,MO,ACE,CE,Towers with Radar,0,54,108,0,162,0,7,44,1,52,0,61,152,1,214,134,0,134,348
05/14/2008,MKC,MO,ACE,CE,Towers with Radar,0,46,97,4,147,0,14,81,6,101,0,60,178,10,248,197,8,205,453
05/15/2008,MKC,MO,ACE,CE,Towers with Radar,4,35,93,0,132,0,27,77,4,108,4,62,170,4,240,10,0,10,250
05/16/2008,MKC,MO,ACE,CE,Towers with Radar,0,38,77,2,117,0,11,72,0,83,0,49,149,2,200,14,0,14,214
05/17/2008,MKC,MO,ACE,CE,Towers with Radar,0,22,38,0,60,0,15,62,0,77,0,37,100,0,137,50,0,50,187
05/18/2008,MKC,MO,ACE,CE,Towers with Radar,0,12,45,0,57,0,5,67,1,73,0,17,112,1,130,77,0,77,207
05/19/2008,MKC,MO,ACE,CE,Towers with Radar,0,57,74,0,131,0,9,66,1,76,0,66,140,1,207,110,0,110,317
05/20/2008,MKC,MO,ACE,CE,Towers with Radar,0,39,120,0,159,0,12,82,0,94,0,51,202,0,253,116,0,116,369
05/21/2008,MKC,MO,ACE,CE,Towers with Radar,0,50,97,0,147,0,18,76,1,95,0,68,173,1,242,125,0,125,367
05/22/2008,MKC,MO,ACE,CE,Towers with Radar,0,55,93,0,148,0,16,22,1,39,0,71,115,1,187,5,0,5,192
05/23/2008,MKC,MO,ACE,CE,Towers with Radar,0,47,61,0,108,0,7,62,0,69,0,54,123,0,177,59,0,59,236
05/24/2008,MKC,MO,ACE,CE,Towers with Radar,0,6,27,0,33,0,7,29,0,36,0,13,56,0,69,28,0,28,97
05/25/2008,MKC,MO,ACE,CE,Towers with Radar,0,8,12,0,20,0,1,13,0,14,0,9,25,0,34,13,0,13,47
05/26/2008,MKC,MO,ACE,CE,Towers with Radar,2,16,19,0,37,0,3,19,0,22,2,19,38,0,59,8,0,8,67
05/27/2008,MKC,MO,ACE,CE,Towers with Radar,0,42,91,0,133,0,2,44,0,46,0,44,135,0,179,75,0,75,254
05/28/2008,MKC,MO,ACE,CE,Towers with Radar,0,51,100,0,151,0,11,40,1,52,0,62,140,1,203,78,0,78,281
05/30/2008,MKC,MO,ACE,CE,Towers with Radar,0,32,70,0,102,0,6,49,0,55,0,38,119,0,157,68,0,68,225
05/31/2008,MKC,MO,ACE,CE,Towers with Radar,0,2,34,0,36,0,16,54,0,70,0,18,88,0,106,31,0,31,137
06/01/2008,MKC,MO,ACE,CE,Towers with Radar,0,10,24,0,34,0,15,62,2,79,0,25,86,2,113,66,0,66,179
06/02/2008,MKC,MO,ACE,CE,Towers with Radar,2,31,39,0,72,0,11,49,0,60,2,42,88,0,132,30,0,30,162
06/03/2008,MKC,MO,ACE,CE,Towers with Radar,0,46,76,0,122,0,21,68,0,89,0,67,144,0,211,91,0,91,302
06/04/2008,MKC,MO,ACE,CE,Towers with Radar,0,49,74,0,123,0,14,60,0,74,0,63,134,0,197,61,0,61,258
06/05/2008,MKC,MO,ACE,CE,Towers with Radar,0,50,95,0,145,0,2,43,0,45,0,52,138,0,190,3,0,3,193
06/06/2008,MKC,MO,ACE,CE,Towers with Radar,0,36,81,1,118,0,7,58,3,68,0,43,139,4,186,28,0,28,214
06/07/2008,MKC,MO,ACE,CE,Towers with Radar,0,7,33,0,40,0,2,13,0,15,0,9,46,0,55,4,0,4,59
06/08/2008,MKC,MO,ACE,CE,Towers with Radar,0,17,42,0,59,0,3,14,0,17,0,20,56,0,76,16,0,16,92
06/09/2008,MKC,MO,ACE,CE,Towers with Radar,2,38,64,0,104,0,7,54,0,61,2,45,118,0,165,105,0,105,270
06/10/2008,MKC,MO,ACE,CE,Towers with Radar,0,43,101,7,151,0,22,70,0,92,0,65,171,7,243,35,0,35,278
06/11/2008,MKC,MO,ACE,CE,Towers with Radar,2,53,95,1,151,0,6,59,3,68,2,59,154,4,219,38,0,38,257
06/12/2008,MKC,MO,ACE,CE,Towers with Radar,2,47,62,1,112,0,6,27,2,35,2,53,89,3,147,62,2,64,211
06/13/2008,MKC,MO,ACE,CE,Towers with Radar,0,42,78,2,122,0,16,48,1,65,0,58,126,3,187,48,0,48,235
06/14/2008,MKC,MO,ACE,CE,Towers with Radar,0,13,31,0,44,0,8,77,5,90,0,21,108,5,134,57,0,57,191
06/15/2008,MKC,MO,ACE,CE,Towers with Radar,0,17,21,0,38,0,2,28,2,32,0,19,49,2,70,14,0,14,84
06/16/2008,MKC,MO,ACE,CE,Towers with Radar,0,31,67,1,99,0,4,64,1,69,0,35,131,2,168,59,0,59,227
06/17/2008,MKC,MO,ACE,CE,Towers with Radar,0,34,91,2,127,0,12,72,3,87,0,46,163,5,214,116,0,116,330
06/18/2008,MKC,MO,ACE,CE,Towers with Radar,0,48,89,0,137,0,0,70,5,75,0,48,159,5,212,138,0,138,350
06/19/2008,MKC,MO,ACE,CE,Towers with Radar,2,35,96,3,136,0,5,41,0,46,2,40,137,3,182,32,0,32,214
06/20/2008,MKC,MO,ACE,CE,Towers with Radar,0,44,66,1,111,0,11,59,1,71,0,55,125,2,182,48,2,50,232
06/21/2008,MKC,MO,ACE,CE,Towers with Radar,0,10,56,0,66,0,5,67,4,76,0,15,123,4,142,133,0,133,275
06/22/2008,MKC,MO,ACE,CE,Towers with Radar,0,8,28,4,40,0,1,54,2,57,0,9,82,6,97,26,0,26,123
06/23/2008,MKC,MO,ACE,CE,Towers with Radar,0,34,70,5,109,0,9,54,1,64,0,43,124,6,173,56,0,56,229
06/24/2008,MKC,MO,ACE,CE,Towers with Radar,0,43,108,0,151,0,10,42,0,52,0,53,150,0,203,98,0,98,301
06/25/2008,MKC,MO,ACE,CE,Towers with Radar,0,44,124,2,170,0,11,65,0,76,0,55,189,2,246,68,0,68,314
06/26/2008,MKC,MO,ACE,CE,Towers with Radar,0,44,132,2,178,0,1,32,0,33,0,45,164,2,211,16,0,16,227
06/27/2008,MKC,MO,ACE,CE,Towers with Radar,0,35,67,2,104,0,7,59,0,66,0,42,126,2,170,56,0,56,226
06/28/2008,MKC,MO,ACE,CE,Towers with Radar,0,13,34,0,47,0,6,51,0,57,0,19,85,0,104,65,0,65,169
06/29/2008,MKC,MO,ACE,CE,Towers with Radar,0,12,36,0,48,0,11,48,0,59,0,23,84,0,107,63,0,63,170
06/30/2008,MKC,MO,ACE,CE,Towers with Radar,2,33,85,2,122,0,4,70,2,76,2,37,155,4,198,50,4,54,252
07/01/2008,MKC,MO,ACE,CE,Towers with Radar,0,35,83,2,120,0,13,85,0,98,0,48,168,2,218,28,0,28,246
07/02/2008,MKC,MO,ACE,CE,Towers with Radar,0,38,59,1,98,0,5,28,0,33,0,43,87,1,131,12,0,12,143
07/03/2008,MKC,MO,ACE,CE,Towers with Radar,0,39,74,7,120,0,11,32,3,46,0,50,106,10,166,106,0,106,272
07/04/2008,MKC,MO,ACE,CE,Towers with Radar,0,7,20,0,27,0,2,39,0,41,0,9,59,0,68,112,0,112,180
07/05/2008,MKC,MO,ACE,CE,Towers with Radar,0,9,26,0,35,0,17,37,0,54,0,26,63,0,89,30,0,30,119
07/06/2008,MKC,MO,ACE,CE,Towers with Radar,0,12,20,1,33,0,5,37,1,43,0,17,57,2,76,31,0,31,107
07/07/2008,MKC,MO,ACE,CE,Towers with Radar,3,41,78,0,122,0,8,46,0,54,3,49,124,0,176,52,0,52,228
07/08/2008,MKC,MO,ACE,CE,Towers with Radar,1,38,65,2,106,0,4,33,4,41,1,42,98,6,147,23,8,31,178
07/09/2008,MKC,MO,ACE,CE,Towers with Radar,0,48,87,0,135,0,9,42,0,51,0,57,129,0,186,66,0,66,252
07/10/2008,MKC,MO,ACE,CE,Towers with Radar,1,46,102,0,149,0,3,67,2,72,1,49,169,2,221,69,0,69,290
07/11/2008,MKC,MO,ACE,CE,Towers with Radar,1,39,81,2,123,0,7,67,7,81,1,46,148,9,204,26,0,26,230
07/12/2008,MKC,MO,ACE,CE,Towers with Radar,0,11,34,0,45,0,5,22,0,27,0,16,56,0,72,20,0,20,92
07/13/2008,MKC,MO,ACE,CE,Towers with Radar,0,19,49,3,71,0,0,55,2,57,0,19,104,5,128,81,0,81,209
07/14/2008,MKC,MO,ACE,CE,Towers with Radar,0,50,65,3,118,0,8,64,3,75,0,58,129,6,193,172,6,178,371
07/15/2008,MKC,MO,ACE,CE,Towers with Radar,0,44,83,0,127,0,14,79,6,99,0,58,162,6,226,72,6,78,304
07/16/2008,MKC,MO,ACE,CE,Towers with Radar,0,39,95,2,136,0,13,93,10,116,0,52,188,12,252,68,0,68,320
07/17/2008,MKC,MO,ACE,CE,Towers with Radar,4,36,94,3,137,0,18,54,3,75,4,54,148,6,212,44,0,44,256
07/18/2008,MKC,MO,ACE,CE,Towers with Radar,0,34,93,0,127,0,10,58,0,68,0,44,151,0,195,91,0,91,286
07/19/2008,MKC,MO,ACE,CE,Towers with Radar,0,16,40,0,56,0,10,52,3,65,0,26,92,3,121,40,0,40,161
07/20/2008,MKC,MO,ACE,CE,Towers with Radar,2,16,38,2,58,0,17,46,0,63,2,33,84,2,121,24,0,24,145
07/21/2008,MKC,MO,ACE,CE,Towers with Radar,0,41,69,1,111,0,11,35,2,48,0,52,104,3,159,78,2,80,239
07/22/2008,MKC,MO,ACE,CE,Towers with Radar,0,35,84,1,120,0,6,50,1,57,0,41,134,2,177,54,0,54,231
07/23/2008,MKC,MO,ACE,CE,Towers with Radar,1,48,96,4,149,0,19,35,5,59,1,67,131,9,208,38,0,38,246
07/24/2008,MKC,MO,ACE,CE,Towers with Radar,0,53,78,2,133,0,3,45,0,48,0,56,123,2,181,43,0,43,224
07/25/2008,MKC,MO,ACE,CE,Towers with Radar,0,36,76,1,113,0,6,32,0,38,0,42,108,1,151,98,2,100,251
07/26/2008,MKC,MO,ACE,CE,Towers with Radar,0,9,31,9,49,0,7,48,0,55,0,16,79,9,104,46,0,46,150
07/27/2008,MKC,MO,ACE,CE,Towers with Radar,0,17,38,0,55,0,0,42,0,42,0,17,80,0,97,52,0,52,149
07/28/2008,MKC,MO,ACE,CE,Towers with Radar,0,29,54,0,83,0,4,40,2,46,0,33,94,2,129,38,0,38,167
07/29/2008,MKC,MO,ACE,CE,Towers with Radar,0,38,80,0,118,0,18,49,2,69,0,56,129,2,187,60,0,60,247
07/30/2008,MKC,MO,ACE,CE,Towers with Radar,5,45,96,1,147,0,10,13,0,23,5,55,109,1,170,0,0,0,170
07/31/2008,MKC,MO,ACE,CE,Towers with Radar,1,53,101,0,155,0,3,17,2,22,1,56,118,2,177,47,0,47,224
08/01/2008,MKC,MO,ACE,CE,Towers with Radar,2,47,62,0,111,0,1,57,2,60,2,48,119,2,171,52,0,52,223
08/02/2008,MKC,MO,ACE,CE,Towers with Radar,0,17,47,0,64,0,21,49,2,72,0,38,96,2,136,41,0,41,177
08/03/2008,MKC,MO,ACE,CE,Towers with Radar,2,18,36,1,57,0,2,35,3,40,2,20,71,4,97,48,0,48,145
08/04/2008,MKC,MO,ACE,CE,Towers with Radar,0,36,67,0,103,0,8,48,2,58,0,44,115,2,161,6,0,6,167
08/05/2008,MKC,MO,ACE,CE,Towers with Radar,0,38,93,2,133,0,3,56,0,59,0,41,149,2,192,16,4,20,212
08/06/2008,MKC,MO,ACE,CE,Towers with Radar,0,53,88,0,141,0,13,48,2,63,0,66,136,2,204,20,2,22,226
08/07/2008,MKC,MO,ACE,CE,Towers with Radar,0,44,80,0,124,0,19,72,4,95,0,63,152,4,219,32,0,32,251
08/08/2008,MKC,MO,ACE,CE,Towers with Radar,0,38,67,0,105,0,12,46,0,58,0,50,113,0,163,54,0,54,217
08/09/2008,MKC,MO,ACE,CE,Towers with Radar,0,12,29,0,41,0,17,228,1,246,0,29,257,1,287,32,0,32,319
08/10/2008,MKC,MO,ACE,CE,Towers with Radar,0,18,32,1,51,0,7,47,0,54,0,25,79,1,105,78,0,78,183
08/11/2008,MKC,MO,ACE,CE,Towers with Radar,3,31,74,2,110,0,11,50,0,61,3,42,124,2,171,36,0,36,207
08/12/2008,MKC,MO,ACE,CE,Towers with Radar,1,41,84,0,126,0,20,40,0,60,1,61,124,0,186,8,0,8,194
08/13/2008,MKC,MO,ACE,CE,Towers with Radar,0,33,128,1,162,0,6,65,2,73,0,39,193,3,235,30,8,38,273
08/14/2008,MKC,MO,ACE,CE,Towers with Radar,0,37,119,2,158,0,7,48,4,59,0,44,167,6,217,71,5,76,293
08/15/2008,MKC,MO,ACE,CE,Towers with Radar,0,40,94,1,135,0,14,66,0,80,0,54,160,1,215,46,0,46,261
08/16/2008,MKC,MO,ACE,CE,Towers with Radar,0,12,40,3,55,0,10,70,3,83,0,22,110,6,138,62,26,88,226
08/17/2008,MKC,MO,ACE,CE,Towers with Radar,0,25,41,0,66,0,14,45,0,59,0,39,86,0,125,26,0,26,151
08/18/2008,MKC,MO,ACE,CE,Towers with Radar,0,35,71,2,108,0,7,47,2,56,0,42,118,4,164,41,12,53,217
08/19/2008,MKC,MO,ACE,CE,Towers with Radar,0,54,71,2,127,0,14,51,4,69,0,68,122,6,196,46,12,58,254
08/20/2008,MKC,MO,ACE,CE,Towers with Radar,0,46,80,2,128,0,18,33,9,60,0,64,113,11,188,28,24,52,240
08/21/2008,MKC,MO,ACE,CE,Towers with Radar,3,46,102,7,158,0,4,36,12,52,3,50,138,19,210,38,0,38,248
08/22/2008,MKC,MO,ACE,CE,Towers with Radar,1,33,66,8,108,0,31,43,11,85,1,64,109,19,193,4,10,14,207
08/23/2008,MKC,MO,ACE,CE,Towers with Radar,0,8,16,0,24,0,12,19,1,32,0,20,35,1,56,4,0,4,60
08/24/2008,MKC,MO,ACE,CE,Towers with Radar,1,12,29,4,46,1,4,53,0,58,2,16,82,4,104,6,6,12,116
08/25/2008,MKC,MO,ACE,CE,Towers with Radar,3,50,64,7,124,0,13,58,2,73,3,63,122,9,197,28,4,32,229
08/26/2008,MKC,MO,ACE,CE,Towers with Radar,1,52,94,0,147,0,19,80,1,100,1,71,174,1,247,6,0,6,253
08/27/2008,MKC,MO,ACE,CE,Towers with Radar,1,59,113,0,173,0,15,62,0,77,1,74,175,0,250,35,0,35,285
08/28/2008,MKC,MO,ACE,CE,Towers with Radar,2,48,89,2,141,0,6,35,3,44,2,54,124,5,185,50,0,50,235
08/29/2008,MKC,MO,ACE,CE,Towers with Radar,0,36,61,2,99,0,9,63,0,72,0,45,124,2,171,10,0,10,181
08/30/2008,MKC,MO,ACE,CE,Towers with Radar,0,7,25,3,35,0,12,44,6,62,0,19,69,9,97,4,0,4,101
08/31/2008,MKC,MO,ACE,CE,Towers with Radar,2,5,23,0,30,0,8,44,4,56,2,13,67,4,86,8,0,8,94
09/01/2008,MKC,MO,ACE,CE,Towers with Radar,1,20,36,0,57,0,4,31,1,36,1,24,67,1,93,16,0,16,109
09/02/2008,MKC,MO,ACE,CE,Towers with Radar,0,33,64,0,97,0,6,45,2,53,0,39,109,2,150,20,0,20,170
09/03/2008,MKC,MO,ACE,CE,Towers with Radar,0,36,90,2,128,0,3,10,0,13,0,39,100,2,141,0,0,0,141
09/04/2008,MKC,MO,ACE,CE,Towers with Radar,2,50,96,1,149,0,0,12,0,12,2,50,108,1,161,0,0,0,161
09/05/2008,MKC,MO,ACE,CE,Towers with Radar,1,31,62,2,96,0,6,28,0,34,1,37,90,2,130,59,0,59,189
09/06/2008,MKC,MO,ACE,CE,Towers with Radar,0,8,32,4,44,0,4,11,4,19,0,12,43,8,63,14,0,14,77
09/07/2008,MKC,MO,ACE,CE,Towers with Radar,3,15,37,0,55,0,3,40,0,43,3,18,77,0,98,75,0,75,173
09/08/2008,MKC,MO,ACE,CE,Towers with Radar,2,39,56,2,99,0,1,6,0,7,2,40,62,2,106,6,0,6,112
09/09/2008,MKC,MO,ACE,CE,Towers with Radar,0,44,79,6,129,0,13,68,2,83,0,57,147,8,212,78,0,78,290
09/10/2008,MKC,MO,ACE,CE,Towers with Radar,0,50,109,1,160,0,8,29,2,39,0,58,138,3,199,9,0,9,208
09/11/2008,MKC,MO,ACE,CE,Towers with Radar,0,52,93,5,150,0,6,1,0,7,0,58,94,5,157,0,0,0,157
09/12/2008,MKC,MO,ACE,CE,Towers with Radar,0,41,73,0,114,0,11,1,0,12,0,52,74,0,126,0,0,0,126
09/13/2008,MKC,MO,ACE,CE,Towers with Radar,0,8,44,0,52,0,1,8,0,9,0,9,52,0,61,34,18,52,113
09/14/2008,MKC,MO,ACE,CE,Towers with Radar,2,29,38,0,69,0,1,19,0,20,2,30,57,0,89,46,0,46,135
09/15/2008,MKC,MO,ACE,CE,Towers with Radar,0,36,60,1,97,0,2,55,1,58,0,38,115,2,155,60,0,60,215
09/16/2008,MKC,MO,ACE,CE,Towers with Radar,0,44,98,1,143,0,9,102,3,114,0,53,200,4,257,86,0,86,343
09/17/2008,MKC,MO,ACE,CE,Towers with Radar,0,34,89,0,123,0,13,90,0,103,0,47,179,0,226,46,0,46,272
09/18/2008,MKC,MO,ACE,CE,Towers with Radar,0,45,87,1,133,0,16,61,0,77,0,61,148,1,210,56,0,56,266
09/19/2008,MKC,MO,ACE,CE,Towers with Radar,2,39,81,0,122,0,9,51,1,61,2,48,132,1,183,48,0,48,231
09/20/2008,MKC,MO,ACE,CE,Towers with Radar,0,15,61,1,77,0,10,56,1,67,0,25,117,2,144,88,0,88,232
09/21/2008,MKC,MO,ACE,CE,Towers with Radar,4,17,45,0,66,0,9,48,0,57,4,26,93,0,123,13,0,13,136
09/22/2008,MKC,MO,ACE,CE,Towers with Radar,2,29,105,0,136,0,4,61,0,65,2,33,166,0,201,30,0,30,231
09/23/2008,MKC,MO,ACE,CE,Towers with Radar,0,45,94,0,139,0,11,59,0,70,0,56,153,0,209,52,0,52,261
09/24/2008,MKC,MO,ACE,CE,Towers with Radar,0,50,95,2,147,0,18,58,7,83,0,68,153,9,230,74,8,82,312
09/25/2008,MKC,MO,ACE,CE,Towers with Radar,2,52,112,0,166,0,11,63,5,79,2,63,175,5,245,42,0,42,287
09/26/2008,MKC,MO,ACE,CE,Towers with Radar,0,52,104,1,157,0,16,73,0,89,0,68,177,1,246,40,0,40,286
09/27/2008,MKC,MO,ACE,CE,Towers with Radar,0,15,67,1,83,0,8,58,1,67,0,23,125,2,150,113,0,113,263
09/28/2008,MKC,MO,ACE,CE,Towers with Radar,2,25,122,0,149,0,10,87,0,97,2,35,209,0,246,26,0,26,272
09/29/2008,MKC,MO,ACE,CE,Towers with Radar,0,38,66,4,108,0,4,49,0,53,0,42,115,4,161,34,0,34,195
09/30/2008,MKC,MO,ACE,CE,Towers with Radar,0,38,86,0,124,0,13,31,0,44,0,51,117,0,168,4,0,4,172
10/01/2008,MKC,MO,ACE,CE,Towers with Radar,0,54,96,2,152,0,15,58,3,76,0,69,154,5,228,26,0,26,254
10/02/2008,MKC,MO,ACE,CE,Towers with Radar,0,57,86,6,149,0,15,51,2,68,0,72,137,8,217,62,4,66,283
10/03/2008,MKC,MO,ACE,CE,Towers with Radar,0,35,80,3,118,0,14,70,1,85,0,49,150,4,203,54,0,54,257
10/04/2008,MKC,MO,ACE,CE,Towers with Radar,0,12,41,1,54,0,10,59,3,72,0,22,100,4,126,43,0,43,169
10/05/2008,MKC,MO,ACE,CE,Towers with Radar,0,17,36,1,54,0,4,28,2,34,0,21,64,3,88,54,0,54,142
10/06/2008,MKC,MO,ACE,CE,Towers with Radar,0,38,62,0,100,0,2,33,0,35,0,40,95,0,135,36,0,36,171
10/07/2008,MKC,MO,ACE,CE,Towers with Radar,0,48,87,1,136,0,13,25,2,40,0,61,112,3,176,4,2,6,182
10/08/2008,MKC,MO,ACE,CE,Towers with Radar,0,49,74,4,127,0,9,71,6,86,0,58,145,10,213,68,0,68,281
10/09/2008,MKC,MO,ACE,CE,Towers with Radar,0,46,79,6,131,0,14,61,2,77,0,60,140,8,208,8,0,8,216
10/10/2008,MKC,MO,ACE,CE,Towers with Radar,0,35,68,0,103,0,7,72,0,79,0,42,140,0,182,32,0,32,214
10/11/2008,MKC,MO,ACE,CE,Towers with Radar,0,12,35,0,47,0,6,216,1,223,0,18,251,1,270,8,2,10,280
10/12/2008,MKC,MO,ACE,CE,Towers with Radar,0,23,44,3,70,0,5,32,0,37,0,28,76,3,107,54,0,54,161
10/13/2008,MKC,MO,ACE,CE,Towers with Radar,0,34,59,0,93,0,8,27,0,35,0,42,86,0,128,88,0,88,216
10/14/2008,MKC,MO,ACE,CE,Towers with Radar,0,33,82,2,117,0,4,23,0,27,0,37,105,2,144,34,0,34,178
10/15/2008,MKC,MO,ACE,CE,Towers with Radar,0,48,99,2,149,0,13,9,2,24,0,61,108,4,173,20,4,24,197
10/16/2008,MKC,MO,ACE,CE,Towers with Radar,0,42,86,5,133,0,8,86,0,94,0,50,172,5,227,168,2,170,397
10/17/2008,MKC,MO,ACE,CE,Towers with Radar,0,42,97,0,139,0,19,68,0,87,0,61,165,0,226,74,0,74,300
10/18/2008,MKC,MO,ACE,CE,Towers with Radar,2,25,44,1,72,0,21,68,3,92,2,46,112,4,164,80,4,84,248
10/19/2008,MKC,MO,ACE,CE,Towers with Radar,0,36,84,3,123,0,23,49,13,85,0,59,133,16,208,58,0,58,266
10/20/2008,MKC,MO,ACE,CE,Towers with Radar,2,32,79,2,115,0,5,48,0,53,2,37,127,2,168,70,0,70,238
10/21/2008,MKC,MO,ACE,CE,Towers with Radar,0,48,80,0,128,0,8,38,0,46,0,56,118,0,174,4,0,4,178
10/22/2008,MKC,MO,ACE,CE,Towers with Radar,0,41,77,0,118,0,5,4,0,9,0,46,81,0,127,0,0,0,127
10/23/2008,MKC,MO,ACE,CE,Towers with Radar,0,40,89,2,131,0,11,42,0,53,0,51,131,2,184,68,0,68,252
10/24/2008,MKC,MO,ACE,CE,Towers with Radar,0,30,89,0,119,0,10,44,0,54,0,40,133,0,173,86,0,86,259
10/25/2008,MKC,MO,ACE,CE,Towers with Radar,0,9,38,0,47,0,16,69,0,85,0,25,107,0,132,76,0,76,208
10/26/2008,MKC,MO,ACE,CE,Towers with Radar,0,19,26,0,45,0,0,28,0,28,0,19,54,0,73,24,0,24,97
10/27/2008,MKC,MO,ACE,CE,Towers with Radar,0,31,70,0,101,0,8,56,0,64,0,39,126,0,165,11,0,11,176
10/28/2008,MKC,MO,ACE,CE,Towers with Radar,0,42,86,0,128,0,10,59,0,69,0,52,145,0,197,140,0,140,337
10/29/2008,MKC,MO,ACE,CE,Towers with Radar,0,53,101,4,158,0,11,54,0,65,0,64,155,4,223,77,2,79,302
10/30/2008,MKC,MO,ACE,CE,Towers with Radar,0,47,76,2,125,0,10,83,0,93,0,57,159,2,218,76,0,76,294
10/31/2008,MKC,MO,ACE,CE,Towers with Radar,0,53,63,0,116,0,16,83,2,101,0,69,146,2,217,84,0,84,301
11/01/2008,MKC,MO,ACE,CE,Towers with Radar,0,7,28,2,37,0,2,44,4,50,0,9,72,6,87,0,0,0,87
11/02/2008,MKC,MO,ACE,CE,Towers with Radar,1,21,59,0,81,0,14,78,0,92,1,35,137,0,173,98,0,98,271
11/03/2008,MKC,MO,ACE,CE,Towers with Radar,0,32,75,1,108,0,12,52,0,64,0,44,127,1,172,14,0,14,186
11/04/2008,MKC,MO,ACE,CE,Towers with Radar,0,50,77,2,129,0,17,52,0,69,0,67,129,2,198,16,0,16,214
11/05/2008,MKC,MO,ACE,CE,Towers with Radar,0,39,74,0,113,0,14,16,0,30,0,53,90,0,143,8,0,8,151
11/06/2008,MKC,MO,ACE,CE,Towers with Radar,0,43,71,1,115,0,9,25,2,36,0,52,96,3,151,34,0,34,185
11/07/2008,MKC,MO,ACE,CE,Towers with Radar,0,30,75,1,106,0,15,44,0,59,0,45,119,1,165,38,0,38,203
11/08/2008,MKC,MO,ACE,CE,Towers with Radar,0,0,0,0,0,2,0,6,0,8,2,0,6,0,8,0,0,0,8
11/09/2008,MKC,MO,ACE,CE,Towers with Radar,0,0,0,0,0,0,2,0,0,2,0,2,0,0,2,0,0,0,2
11/10/2008,MKC,MO,ACE,CE,Towers with Radar,0,27,49,0,76,0,6,49,3,58,0,33,98,3,134,64,0,64,198
11/11/2008,MKC,MO,ACE,CE,Towers with Radar,0,18,45,0,63,0,0,4,0,4,0,18,49,0,67,0,0,0,67
11/12/2008,MKC,MO,ACE,CE,Towers with Radar,0,31,71,1,103,0,15,38,0,53,0,46,109,1,156,62,0,62,218
11/13/2008,MKC,MO,ACE,CE,Towers with Radar,0,40,77,0,117,0,5,30,0,35,0,45,107,0,152,0,0,0,152
11/14/2008,MKC,MO,ACE,CE,Towers with Radar,2,24,52,0,78,0,17,26,0,43,2,41,78,0,121,16,0,16,137
11/15/2008,MKC,MO,ACE,CE,Towers with Radar,0,9,37,0,46,0,17,26,2,45,0,26,63,2,91,104,0,104,195
11/16/2008,MKC,MO,ACE,CE,Towers with Radar,0,16,43,4,63,0,7,46,0,53,0,23,89,4,116,24,0,24,140
11/17/2008,MKC,MO,ACE,CE,Towers with Radar,0,24,49,0,73,0,14,64,0,78,0,38,113,0,151,55,0,55,206
11/18/2008,MKC,MO,ACE,CE,Towers with Radar,0,43,96,1,140,0,11,65,0,76,0,54,161,1,216,73,0,73,289
11/19/2008,MKC,MO,ACE,CE,Towers with Radar,0,39,90,0,129,0,14,71,7,92,0,53,161,7,221,51,0,51,272
11/20/2008,MKC,MO,ACE,CE,Towers with Radar,0,31,110,2,143,0,9,29,0,38,0,40,139,2,181,19,0,19,200
11/21/2008,MKC,MO,ACE,CE,Towers with Radar,0,35,77,0,112,0,21,54,0,75,0,56,131,0,187,52,0,52,239
11/22/2008,MKC,MO,ACE,CE,Towers with Radar,0,11,37,0,48,0,6,60,0,66,0,17,97,0,114,68,0,68,182
11/23/2008,MKC,MO,ACE,CE,Towers with Radar,0,13,58,0,71,0,4,47,0,51,0,17,105,0,122,80,0,80,202
11/24/2008,MKC,MO,ACE,CE,Towers with Radar,0,30,73,6,109,0,20,48,0,68,0,50,121,6,177,21,0,21,198
11/25/2008,MKC,MO,ACE,CE,Towers with Radar,0,53,85,0,138,0,14,69,1,84,0,67,154,1,222,58,0,58,280
11/26/2008,MKC,MO,ACE,CE,Towers with Radar,0,36,62,0,98,0,12,56,0,68,0,48,118,0,166,24,0,24,190
11/27/2008,MKC,MO,ACE,CE,Towers with Radar,0,17,10,0,27,0,14,27,0,41,0,31,37,0,68,8,0,8,76
11/28/2008,MKC,MO,ACE,CE,Towers with Radar,0,22,31,0,53,0,12,52,0,64,0,34,83,0,117,96,0,96,213
11/29/2008,MKC,MO,ACE,CE,Towers with Radar,0,24,48,0,72,0,6,8,0,14,0,30,56,0,86,8,0,8,94
11/30/2008,MKC,MO,ACE,CE,Towers with Radar,0,21,24,0,45,0,0,1,0,1,0,21,25,0,46,0,0,0,46
12/01/2008,MKC,MO,ACE,CE,Towers with Radar,0,39,58,0,97,0,10,39,6,55,0,49,97,6,152,94,2,96,248
12/02/2008,MKC,MO,ACE,CE,Towers with Radar,0,42,96,0,138,0,7,55,0,62,0,49,151,0,200,16,0,16,216
12/03/2008,MKC,MO,ACE,CE,Towers with Radar,0,50,78,0,128,0,8,27,0,35,0,58,105,0,163,0,0,0,163
12/04/2008,MKC,MO,ACE,CE,Towers with Radar,0,45,89,0,134,0,5,52,0,57,0,50,141,0,191,14,0,14,205
12/05/2008,MKC,MO,ACE,CE,Towers with Radar,0,50,80,0,130,0,13,67,6,86,0,63,147,6,216,14,4,18,234
12/06/2008,MKC,MO,ACE,CE,Towers with Radar,0,22,73,0,95,0,11,66,10,87,0,33,139,10,182,58,4,62,244
12/07/2008,MKC,MO,ACE,CE,Towers with Radar,0,15,61,1,77,0,5,52,1,58,0,20,113,2,135,97,0,97,232
12/08/2008,MKC,MO,ACE,CE,Towers with Radar,0,46,79,2,127,0,6,47,2,55,0,52,126,4,182,22,0,22,204
12/09/2008,MKC,MO,ACE,CE,Towers with Radar,0,30,32,0,62,0,6,8,0,14,0,36,40,0,76,0,0,0,76
12/10/2008,MKC,MO,ACE,CE,Towers with Radar,0,55,95,0,150,0,11,42,0,53,0,66,137,0,203,36,0,36,239
12/11/2008,MKC,MO,ACE,CE,Towers with Radar,0,44,77,0,121,0,8,59,0,67,0,52,136,0,188,28,0,28,216
12/12/2008,MKC,MO,ACE,CE,Towers with Radar,0,21,79,0,100,0,12,71,2,85,0,33,150,2,185,84,0,84,269
12/13/2008,MKC,MO,ACE,CE,Towers with Radar,0,7,33,1,41,0,7,15,4,26,0,14,48,5,67,12,0,12,79
12/14/2008,MKC,MO,ACE,CE,Towers with Radar,0,12,28,1,41,0,1,11,1,13,0,13,39,2,54,0,0,0,54
12/15/2008,MKC,MO,ACE,CE,Towers with Radar,0,31,67,1,99,0,7,28,2,37,0,38,95,3,136,2,0,2,138
12/16/2008,MKC,MO,ACE,CE,Towers with Radar,0,20,72,0,92,0,15,5,0,20,0,35,77,0,112,0,0,0,112
12/17/2008,MKC,MO,ACE,CE,Towers with Radar,0,50,95,0,145,0,6,33,0,39,0,56,128,0,184,2,0,2,186
12/18/2008,MKC,MO,ACE,CE,Towers with Radar,0,22,51,0,73,0,0,0,0,0,0,22,51,0,73,0,0,0,73
12/19/2008,MKC,MO,ACE,CE,Towers with Radar,0,43,69,0,112,0,11,48,0,59,0,54,117,0,171,14,0,14,185
12/20/2008,MKC,MO,ACE,CE,Towers with Radar,0,10,20,2,32,0,12,18,0,30,0,22,38,2,62,32,0,32,94
12/21/2008,MKC,MO,ACE,CE,Towers with Radar,0,13,25,0,38,0,1,16,0,17,0,14,41,0,55,2,0,2,57
12/22/2008,MKC,MO,ACE,CE,Towers with Radar,0,24,53,6,83,0,4,42,6,52,0,28,95,12,135,6,0,6,141
12/23/2008,MKC,MO,ACE,CE,Towers with Radar,0,30,35,0,65,0,4,11,0,15,0,34,46,0,80,4,0,4,84
12/24/2008,MKC,MO,ACE,CE,Towers with Radar,0,21,27,0,48,0,16,18,0,34,0,37,45,0,82,4,0,4,86
12/25/2008,MKC,MO,ACE,CE,Towers with Radar,0,15,8,0,23,0,2,8,0,10,0,17,16,0,33,0,0,0,33
12/26/2008,MKC,MO,ACE,CE,Towers with Radar,1,27,42,2,72,0,12,12,0,24,1,39,54,2,96,64,0,64,160
12/27/2008,MKC,MO,ACE,CE,Towers with Radar,0,16,25,0,41,0,4,3,0,7,0,20,28,0,48,22,0,22,70
12/28/2008,MKC,MO,ACE,CE,Towers with Radar,0,17,27,0,44,0,1,79,0,80,0,18,106,0,124,22,0,22,146
12/29/2008,MKC,MO,ACE,CE,Towers with Radar,0,34,47,0,81,0,4,97,0,101,0,38,144,0,182,24,0,24,206
12/30/2008,MKC,MO,ACE,CE,Towers with Radar,0,26,46,2,74,0,9,53,8,70,0,35,99,10,144,22,2,24,168
12/31/2008,MKC,MO,ACE,CE,Towers with Radar,0,26,36,0,62,0,7,49,0,56,0,33,85,0,118,35,0,35,153
01/01/2009,MKC,MO,ACE,CE,Towers with Radar,0,12,14,0,26,0,5,34,0,39,0,17,48,0,65,44,0,44,109
01/02/2009,MKC,MO,ACE,CE,Towers with Radar,0,29,36,4,69,0,8,73,0,81,0,37,109,4,150,56,0,56,206
01/03/2009,MKC,MO,ACE,CE,Towers with Radar,0,13,22,0,35,0,6,5,0,11,0,19,27,0,46,8,0,8,54
01/04/2009,MKC,MO,ACE,CE,Towers with Radar,0,9,23,0,32,0,1,36,0,37,0,10,59,0,69,16,0,16,85
01/05/2009,MKC,MO,ACE,CE,Towers with Radar,0,37,49,0,86,0,13,63,0,76,0,50,112,0,162,42,8,50,212
01/06/2009,MKC,MO,ACE,CE,Towers with Radar,0,31,56,0,87,0,7,58,0,65,0,38,114,0,152,10,0,10,162
01/07/2009,MKC,MO,ACE,CE,Towers with Radar,0,29,63,0,92,0,5,52,0,57,0,34,115,0,149,44,0,44,193
01/08/2009,MKC,MO,ACE,CE,Towers with Radar,0,31,65,3,99,0,8,46,0,54,0,39,111,3,153,50,0,50,203
01/09/2009,MKC,MO,ACE,CE,Towers with Radar,0,34,65,5,104,0,6,62,0,68,0,40,127,5,172,43,0,43,215
01/10/2009,MKC,MO,ACE,CE,Towers with Radar,0,5,47,0,52,0,0,40,0,40,0,5,87,0,92,46,0,46,138
01/11/2009,MKC,MO,ACE,CE,Towers with Radar,0,17,22,0,39,0,1,60,0,61,0,18,82,0,100,46,0,46,146
01/12/2009,MKC,MO,ACE,CE,Towers with Radar,0,31,41,0,72,0,7,40,2,49,0,38,81,2,121,23,0,23,144
01/13/2009,MKC,MO,ACE,CE,Towers with Radar,0,35,100,0,135,0,8,48,3,59,0,43,148,3,194,58,0,58,252
01/14/2009,MKC,MO,ACE,CE,Towers with Radar,0,38,54,0,92,0,4,20,2,26,0,42,74,2,118,0,0,0,118
01/15/2009,MKC,MO,ACE,CE,Towers with Radar,0,34,66,3,103,0,8,33,5,46,0,42,99,8,149,5,12,17,166
01/16/2009,MKC,MO,ACE,CE,Towers with Radar,0,26,46,0,72,0,7,23,0,30,0,33,69,0,102,20,0,20,122
01/17/2009,MKC,MO,ACE,CE,Towers with Radar,0,18,26,2,46,0,11,38,0,49,0,29,64,2,95,95,0,95,190
01/18/2009,MKC,MO,ACE,CE,Towers with Radar,0,19,17,1,37,0,2,21,0,23,0,21,38,1,60,18,0,18,78
01/19/2009,MKC,MO,ACE,CE,Towers with Radar,0,11,49,0,60,0,20,44,0,64,0,31,93,0,124,54,0,54,178
01/20/2009,MKC,MO,ACE,CE,Towers with Radar,0,34,63,0,97,0,2,44,0,46,0,36,107,0,143,56,2,58,201
01/21/2009,MKC,MO,ACE,CE,Towers with Radar,0,41,74,3,118,0,10,48,3,61,0,51,122,6,179,58,0,58,237
01/22/2009,MKC,MO,ACE,CE,Towers with Radar,0,34,71,0,105,0,11,66,0,77,0,45,137,0,182,48,0,48,230
01/23/2009,MKC,MO,ACE,CE,Towers with Radar,0,42,68,2,112,0,9,37,3,49,0,51,105,5,161,12,8,20,181
01/24/2009,MKC,MO,ACE,CE,Towers with Radar,0,10,25,2,37,0,16,53,0,69,0,26,78,2,106,52,8,60,166
01/25/2009,MKC,MO,ACE,CE,Towers with Radar,2,18,14,1,35,0,5,40,10,55,2,23,54,11,90,142,8,150,240
01/26/2009,MKC,MO,ACE,CE,Towers with Radar,0,25,25,0,50,0,2,11,0,13,0,27,36,0,63,16,0,16,79
01/27/2009,MKC,MO,ACE,CE,Towers with Radar,0,27,69,0,96,0,0,0,0,0,0,27,69,0,96,0,0,0,96
01/28/2009,MKC,MO,ACE,CE,Towers with Radar,0,33,84,0,117,0,16,55,2,73,0,49,139,2,190,32,0,32,222
01/29/2009,MKC,MO,ACE,CE,Towers with Radar,0,33,56,0,89,0,6,44,2,52,0,39,100,2,141,28,6,34,175
01/30/2009,MKC,MO,ACE,CE,Towers with Radar,0,29,57,0,86,0,12,34,0,46,0,41,91,0,132,84,0,84,216
01/31/2009,MKC,MO,ACE,CE,Towers with Radar,0,17,30,0,47,0,6,38,0,44,0,23,68,0,91,42,0,42,133
02/01/2009,MKC,MO,ACE,CE,Towers with Radar,0,14,24,0,38,0,1,36,2,39,0,15,60,2,77,109,2,111,188
02/02/2009,MKC,MO,ACE,CE,Towers with Radar,0,34,73,2,109,0,13,70,1,84,0,47,143,3,193,36,0,36,229
02/03/2009,MKC,MO,ACE,CE,Towers with Radar,0,34,83,2,119,0,26,43,1,70,0,60,126,3,189,8,0,8,197
02/04/2009,MKC,MO,ACE,CE,Towers with Radar,0,29,101,2,132,0,20,38,0,58,0,49,139,2,190,16,0,16,206
02/05/2009,MKC,MO,ACE,CE,Towers with Radar,0,37,86,0,123,0,11,58,2,71,0,48,144,2,194,78,0,78,272
02/06/2009,MKC,MO,ACE,CE,Towers with Radar,0,32,68,5,105,0,13,62,0,75,0,45,130,5,180,28,2,30,210
02/07/2009,MKC,MO,ACE,CE,Towers with Radar,0,13,33,1,47,0,7,70,4,81,0,20,103,5,128,63,0,63,191
02/08/2009,MKC,MO,ACE,CE,Towers with Radar,0,17,19,3,39,0,6,19,0,25,0,23,38,3,64,48,0,48,112
02/09/2009,MKC,MO,ACE,CE,Towers with Radar,0,36,55,0,91,0,8,13,0,21,0,44,68,0,112,0,0,0,112
02/10/2009,MKC,MO,ACE,CE,Towers with Radar,0,33,76,0,109,0,8,45,0,53,0,41,121,0,162,82,0,82,244
02/11/2009,MKC,MO,ACE,CE,Towers with Radar,0,34,53,0,87,0,23,35,0,58,0,57,88,0,145,62,0,62,207
02/12/2009,MKC,MO,ACE,CE,Towers with Radar,0,42,76,0,118,0,10,74,0,84,0,52,150,0,202,60,0,60,262
02/13/2009,MKC,MO,ACE,CE,Towers with Radar,0,39,60,0,99,0,9,22,0,31,0,48,82,0,130,70,0,70,200
02/14/2009,MKC,MO,ACE,CE,Towers with Radar,0,14,26,0,40,0,8,59,3,70,0,22,85,3,110,76,0,76,186
02/15/2009,MKC,MO,ACE,CE,Towers with Radar,0,15,37,0,52,0,4,42,2,48,0,19,79,2,100,39,0,39,139
02/16/2009,MKC,MO,ACE,CE,Towers with Radar,0,22,64,0,86,0,4,59,0,63,0,26,123,0,149,46,0,46,195
02/17/2009,MKC,MO,ACE,CE,Towers with Radar,0,26,87,1,114,0,10,28,2,40,0,36,115,3,154,48,0,48,202
02/18/2009,MKC,MO,ACE,CE,Towers with Radar,0,37,72,3,112,0,12,19,3,34,0,49,91,6,146,30,2,32,178
02/19/2009,MKC,MO,ACE,CE,Towers with Radar,0,35,106,4,145,0,16,67,5,88,0,51,173,9,233,58,8,66,299
02/20/2009,MKC,MO,ACE,CE,Towers with Radar,0,35,57,0,92,0,11,47,0,58,0,46,104,0,150,24,0,24,174
02/21/2009,MKC,MO,ACE,CE,Towers with Radar,0,11,35,1,47,0,7,38,0,45,0,18,73,1,92,16,0,16,108
02/22/2009,MKC,MO,ACE,CE,Towers with Radar,0,13,36,0,49,0,4,42,0,46,0,17,78,0,95,74,0,74,169
02/23/2009,MKC,MO,ACE,CE,Towers with Radar,0,30,57,7,94,0,5,44,5,54,0,35,101,12,148,106,8,114,262
02/24/2009,MKC,MO,ACE,CE,Towers with Radar,0,42,91,2,135,0,9,77,2,88,0,51,168,4,223,18,0,18,241
02/25/2009,MKC,MO,ACE,CE,Towers with Radar,0,49,103,2,154,0,11,64,2,77,0,60,167,4,231,84,0,84,315
02/26/2009,MKC,MO,ACE,CE,Towers with Radar,0,52,116,0,168,0,8,8,0,16,0,60,124,0,184,4,0,4,188
02/27/2009,MKC,MO,ACE,CE,Towers with Radar,0,47,91,0,138,0,8,37,0,45,0,55,128,0,183,88,0,88,271
02/28/2009,MKC,MO,ACE,CE,Towers with Radar,0,10,21,0,31,0,8,2,0,10,0,18,23,0,41,0,0,0,41
03/01/2009,MKC,MO,ACE,CE,Towers with Radar,0,10,20,0,30,0,9,45,0,54,0,19,65,0,84,52,0,52,136
03/02/2009,MKC,MO,ACE,CE,Towers with Radar,0,30,46,0,76,0,9,27,0,36,0,39,73,0,112,14,0,14,126
03/03/2009,MKC,MO,ACE,CE,Towers with Radar,0,40,67,4,111,0,11,37,4,52,0,51,104,8,163,16,4,20,183
03/04/2009,MKC,MO,ACE,CE,Towers with Radar,0,40,68,8,116,0,17,48,0,65,0,57,116,8,181,80,12,92,273
03/05/2009,MKC,MO,ACE,CE,Towers with Radar,0,40,67,0,107,0,29,61,0,90,0,69,128,0,197,17,0,17,214
03/06/2009,MKC,MO,ACE,CE,Towers with Radar,0,32,71,0,103,0,23,89,2,114,0,55,160,2,217,164,0,164,381
03/07/2009,MKC,MO,ACE,CE,Towers with Radar,0,15,19,0,34,0,6,39,0,45,0,21,58,0,79,108,0,108,187
03/08/2009,MKC,MO,ACE,CE,Towers with Radar,0,14,31,1,46,0,3,13,0,16,0,17,44,1,62,16,0,16,78
03/09/2009,MKC,MO,ACE,CE,Towers with Radar,0,30,57,3,90,0,13,43,2,58,0,43,100,5,148,68,4,72,220
03/10/2009,MKC,MO,ACE,CE,Towers with Radar,0,39,68,2,109,0,11,11,0,22,0,50,79,2,131,0,0,0,131
03/11/2009,MKC,MO,ACE,CE,Towers with Radar,0,31,92,4,127,0,17,63,4,84,0,48,155,8,211,20,0,20,231
03/12/2009,MKC,MO,ACE,CE,Towers with Radar,0,44,65,0,109,0,13,49,5,67,0,57,114,5,176,94,20,114,290
03/13/2009,MKC,MO,ACE,CE,Towers with Radar,2,47,55,2,106,0,15,55,1,71,2,62,110,3,177,62,0,62,239
03/14/2009,MKC,MO,ACE,CE,Towers with Radar,0,26,38,0,64,0,6,58,3,67,0,32,96,3,131,81,0,81,212
03/15/2009,MKC,MO,ACE,CE,Towers with Radar,0,10,16,0,26,0,6,44,4,54,0,16,60,4,80,50,0,50,130
03/16/2009,MKC,MO,ACE,CE,Towers with Radar,0,28,52,2,82,0,6,71,0,77,0,34,123,2,159,6,0,6,165
03/17/2009,MKC,MO,ACE,CE,Towers with Radar,5,42,67,3,117,0,28,55,2,85,5,70,122,5,202,70,8,78,280
03/18/2009,MKC,MO,ACE,CE,Towers with Radar,1,43,70,0,114,0,22,47,0,69,1,65,117,0,183,59,0,59,242
03/19/2009,MKC,MO,ACE,CE,Towers with Radar,6,24,73,1,104,0,14,52,0,66,6,38,125,1,170,114,4,118,288
03/20/2009,MKC,MO,ACE,CE,Towers with Radar,2,34,56,1,93,0,7,52,0,59,2,41,108,1,152,78,2,80,232
03/21/2009,MKC,MO,ACE,CE,Towers with Radar,2,31,73,0,106,0,7,61,3,71,2,38,134,3,177,128,0,128,305
03/22/2009,MKC,MO,ACE,CE,Towers with Radar,2,21,29,3,55,0,5,39,0,44,2,26,68,3,99,2,0,2,101
03/23/2009,MKC,MO,ACE,CE,Towers with Radar,0,26,47,0,73,0,14,25,0,39,0,40,72,0,112,0,0,0,112
03/24/2009,MKC,MO,ACE,CE,Towers with Radar,0,32,73,2,107,0,17,17,2,36,0,49,90,4,143,4,0,4,147
03/25/2009,MKC,MO,ACE,CE,Towers with Radar,0,35,84,0,119,0,27,59,0,86,0,62,143,0,205,20,0,20,225
03/26/2009,MKC,MO,ACE,CE,Towers with Radar,0,26,69,0,95,0,9,49,0,58,0,35,118,0,153,54,0,54,207
03/27/2009,MKC,MO,ACE,CE,Towers with Radar,0,47,43,0,90,0,6,11,0,17,0,53,54,0,107,0,0,0,107
03/28/2009,MKC,MO,ACE,CE,Towers with Radar,0,3,9,0,12,0,0,0,0,0,0,3,9,0,12,0,0,0,12
03/29/2009,MKC,MO,ACE,CE,Towers with Radar,0,31,25,0,56,0,19,63,2,84,0,50,88,2,140,30,0,30,170
03/30/2009,MKC,MO,ACE,CE,Towers with Radar,1,25,38,0,64,0,13,29,0,42,1,38,67,0,106,14,0,14,120
03/31/2009,MKC,MO,ACE,CE,Towers with Radar,0,22,44,0,66,0,15,33,0,48,0,37,77,0,114,30,0,30,144
04/01/2009,MKC,MO,ACE,CE,Towers with Radar,0,42,84,2,128,0,14,74,0,88,0,56,158,2,216,36,0,36,252
04/02/2009,MKC,MO,ACE,CE,Towers with Radar,0,29,72,0,101,0,11,24,0,35,0,40,96,0,136,8,0,8,144
04/03/2009,MKC,MO,ACE,CE,Towers with Radar,0,40,72,0,112,0,16,74,1,91,0,56,146,1,203,40,24,64,267
04/04/2009,MKC,MO,ACE,CE,Towers with Radar,0,10,31,1,42,0,13,22,0,35,0,23,53,1,77,20,0,20,97
04/05/2009,MKC,MO,ACE,CE,Towers with Radar,0,8,21,1,30,0,4,3,0,7,0,12,24,1,37,0,0,0,37
04/06/2009,MKC,MO,ACE,CE,Towers with Radar,0,34,66,0,100,0,7,35,0,42,0,41,101,0,142,57,0,57,199
04/07/2009,MKC,MO,ACE,CE,Towers with Radar,0,42,84,2,128,0,14,74,0,88,0,56,158,2,216,36,0,36,252
04/08/2009,MKC,MO,ACE,CE,Towers with Radar,0,41,100,0,141,0,14,80,0,94,0,55,180,0,235,82,0,82,317
04/09/2009,MKC,MO,ACE,CE,Towers with Radar,4,24,64,4,96,0,9,21,1,31,4,33,85,5,127,14,0,14,141
04/10/2009,MKC,MO,ACE,CE,Towers with Radar,0,34,60,8,102,0,6,41,1,48,0,40,101,9,150,10,0,10,160
04/11/2009,MKC,MO,ACE,CE,Towers with Radar,0,13,32,3,48,0,5,55,0,60,0,18,87,3,108,80,0,80,188
04/12/2009,MKC,MO,ACE,CE,Towers with Radar,4,18,13,0,35,0,5,7,0,12,4,23,20,0,47,8,0,8,55
04/13/2009,MKC,MO,ACE,CE,Towers with Radar,0,31,46,0,77,0,2,1,0,3,0,33,47,0,80,0,0,0,80
04/14/2009,MKC,MO,ACE,CE,Towers with Radar,0,39,86,0,125,0,13,64,0,77,0,52,150,0,202,58,0,58,260
04/15/2009,MKC,MO,ACE,CE,Towers with Radar,2,30,99,0,131,0,7,61,2,70,2,37,160,2,201,76,2,78,279
04/16/2009,MKC,MO,ACE,CE,Towers with Radar,2,27,73,0,102,0,10,57,6,73,2,37,130,6,175,30,0,30,205
04/17/2009,MKC,MO,ACE,CE,Towers with Radar,0,33,70,4,107,0,11,51,4,66,0,44,121,8,173,46,0,46,219
04/18/2009,MKC,MO,ACE,CE,Towers with Radar,0,9,23,0,32,0,7,10,0,17,0,16,33,0,49,26,0,26,75
04/19/2009,MKC,MO,ACE,CE,Towers with Radar,0,10,36,4,50,0,3,19,0,22,0,13,55,4,72,31,0,31,103
04/20/2009,MKC,MO,ACE,CE,Towers with Radar,0,38,57,2,97,0,19,55,1,75,0,57,112,3,172,18,0,18,190
04/21/2009,MKC,MO,ACE,CE,Towers with Radar,0,46,84,2,132,0,16,61,4,81,0,62,145,6,213,18,0,18,231
04/22/2009,MKC,MO,ACE,CE,Towers with Radar,0,48,78,0,126,0,12,90,0,102,0,60,168,0,228,32,0,32,260
04/23/2009,MKC,MO,ACE,CE,Towers with Radar,2,32,94,0,128,0,17,52,6,75,2,49,146,6,203,71,2,73,276
04/24/2009,MKC,MO,ACE,CE,Towers with Radar,1,33,53,6,93,0,6,55,3,64,1,39,108,9,157,61,12,73,230
04/25/2009,MKC,MO,ACE,CE,Towers with Radar,0,12,40,0,52,0,0,48,8,56,0,12,88,8,108,80,6,86,194
04/26/2009,MKC,MO,ACE,CE,Towers with Radar,3,13,23,0,39,0,5,20,3,28,3,18,43,3,67,12,0,12,79
04/27/2009,MKC,MO,ACE,CE,Towers with Radar,0,39,55,0,94,0,3,4,0,7,0,42,59,0,101,0,0,0,101
04/28/2009,MKC,MO,ACE,CE,Towers with Radar,0,31,88,4,123,0,16,71,1,88,0,47,159,5,211,118,0,118,329
04/29/2009,MKC,MO,ACE,CE,Towers with Radar,0,34,71,2,107,0,4,2,0,6,0,38,73,2,113,0,0,0,113
04/30/2009,MKC,MO,ACE,CE,Towers with Radar,4,40,63,0,107,0,3,16,0,19,4,43,79,0,126,2,0,2,128
05/01/2009,MKC,MO,ACE,CE,Towers with Radar,0,38,61,2,101,0,12,60,0,72,0,50,121,2,173,70,0,70,243
05/02/2009,MKC,MO,ACE,CE,Towers with Radar,0,18,38,10,66,0,12,64,0,76,0,30,102,10,142,186,0,186,328
05/03/2009,MKC,MO,ACE,CE,Towers with Radar,2,17,20,0,39,0,4,43,2,49,2,21,63,2,88,32,8,40,128
05/04/2009,MKC,MO,ACE,CE,Towers with Radar,2,28,53,2,85,0,18,59,2,79,2,46,112,4,164,47,0,47,211
05/05/2009,MKC,MO,ACE,CE,Towers with Radar,2,41,81,0,124,0,15,67,2,84,2,56,148,2,208,52,0,52,260
05/06/2009,MKC,MO,ACE,CE,Towers with Radar,2,34,90,5,131,0,12,61,0,73,2,46,151,5,204,122,0,122,326
05/07/2009,MKC,MO,ACE,CE,Towers with Radar,4,34,90,4,132,0,15,42,3,60,4,49,132,7,192,74,0,74,266
05/08/2009,MKC,MO,ACE,CE,Towers with Radar,0,42,73,0,115,0,18,45,1,64,0,60,118,1,179,48,0,48,227
05/09/2009,MKC,MO,ACE,CE,Towers with Radar,0,16,37,0,53,0,1,56,0,57,0,17,93,0,110,49,0,49,159
05/10/2009,MKC,MO,ACE,CE,Towers with Radar,0,26,30,0,56,0,0,27,1,28,0,26,57,1,84,66,0,66,150
05/11/2009,MKC,MO,ACE,CE,Towers with Radar,0,26,56,2,84,0,10,71,0,81,0,36,127,2,165,90,0,90,255
05/12/2009,MKC,MO,ACE,CE,Towers with Radar,0,36,72,0,108,0,9,42,0,51,0,45,114,0,159,8,0,8,167
05/13/2009,MKC,MO,ACE,CE,Towers with Radar,0,36,90,3,129,0,8,31,0,39,0,44,121,3,168,30,0,30,198
05/14/2009,MKC,MO,ACE,CE,Towers with Radar,4,47,75,2,128,0,8,88,1,97,4,55,163,3,225,68,0,68,293
05/15/2009,MKC,MO,ACE,CE,Towers with Radar,0,30,50,0,80,0,9,18,0,27,0,39,68,0,107,4,0,4,111
05/16/2009,MKC,MO,ACE,CE,Towers with Radar,0,19,41,0,60,0,13,51,2,66,0,32,92,2,126,48,6,54,180
05/17/2009,MKC,MO,ACE,CE,Towers with Radar,4,18,48,0,70,0,0,37,2,39,4,18,85,2,109,40,8,48,157
05/18/2009,MKC,MO,ACE,CE,Towers with Radar,0,37,73,0,110,0,11,78,0,89,0,48,151,0,199,73,0,73,272
05/19/2009,MKC,MO,ACE,CE,Towers with Radar,0,51,85,4,140,0,22,75,7,104,0,73,160,11,244,44,8,52,296
05/20/2009,MKC,MO,ACE,CE,Towers with Radar,0,34,82,4,120,0,16,66,0,82,0,50,148,4,202,74,8,82,284
05/21/2009,MKC,MO,ACE,CE,Towers with Radar,4,46,95,1,146,0,10,81,6,97,4,56,176,7,243,56,0,56,299
05/22/2009,MKC,MO,ACE,CE,Towers with Radar,0,41,70,0,111,0,11,75,0,86,0,52,145,0,197,70,0,70,267
05/23/2009,MKC,MO,ACE,CE,Towers with Radar,0,14,25,0,39,0,10,46,1,57,0,24,71,1,96,72,0,72,168
05/24/2009,MKC,MO,ACE,CE,Towers with Radar,2,16,11,3,32,0,4,33,0,37,2,20,44,3,69,27,0,27,96
05/25/2009,MKC,MO,ACE,CE,Towers with Radar,0,13,33,0,46,0,3,15,0,18,0,16,48,0,64,108,16,124,188
05/26/2009,MKC,MO,ACE,CE,Towers with Radar,0,37,75,5,117,0,9,25,0,34,0,46,100,5,151,26,0,26,177
05/27/2009,MKC,MO,ACE,CE,Towers with Radar,1,44,85,1,131,0,7,15,0,22,1,51,100,1,153,96,0,96,249
05/28/2009,MKC,MO,ACE,CE,Towers with Radar,2,40,90,0,132,0,8,47,3,58,2,48,137,3,190,90,0,90,280
05/29/2009,MKC,MO,ACE,CE,Towers with Radar,0,39,75,2,116,0,11,72,0,83,0,50,147,2,199,12,0,12,211
05/30/2009,MKC,MO,ACE,CE,Towers with Radar,0,14,22,0,36,0,12,51,3,66,0,26,73,3,102,73,12,85,187
05/31/2009,MKC,MO,ACE,CE,Towers with Radar,2,16,25,0,43,0,2,50,0,52,2,18,75,0,95,37,0,37,132
06/01/2009,MKC,MO,ACE,CE,Towers with Radar,2,28,63,0,93,0,7,68,0,75,2,35,131,0,168,59,0,59,227
06/02/2009,MKC,MO,ACE,CE,Towers with Radar,2,28,69,2,101,0,7,24,2,33,2,35,93,4,134,26,0,26,160
06/03/2009,MKC,MO,ACE,CE,Towers with Radar,0,40,90,3,133,0,7,43,7,57,0,47,133,10,190,92,2,94,284
06/04/2009,MKC,MO,ACE,CE,Towers with Radar,0,43,91,2,136,0,16,60,2,78,0,59,151,4,214,96,0,96,310
06/05/2009,MKC,MO,ACE,CE,Towers with Radar,0,30,63,0,93,0,8,76,2,86,0,38,139,2,179,108,0,108,287
06/06/2009,MKC,MO,ACE,CE,Towers with Radar,0,3,27,4,34,0,19,34,0,53,0,22,61,4,87,27,0,27,114
06/07/2009,MKC,MO,ACE,CE,Towers with Radar,0,9,37,0,46,0,3,54,1,58,0,12,91,1,104,24,0,24,128
06/08/2009,MKC,MO,ACE,CE,Towers with Radar,0,29,51,0,80,0,7,39,0,46,0,36,90,0,126,101,0,101,227
06/09/2009,MKC,MO,ACE,CE,Towers with Radar,0,28,62,0,90,0,6,26,0,32,0,34,88,0,122,14,0,14,136
06/10/2009,MKC,MO,ACE,CE,Towers with Radar,0,31,79,0,110,0,5,10,0,15,0,36,89,0,125,52,0,52,177
06/11/2009,MKC,MO,ACE,CE,Towers with Radar,0,37,87,0,124,0,9,41,2,52,0,46,128,2,176,52,0,52,228
06/12/2009,MKC,MO,ACE,CE,Towers with Radar,2,27,67,0,96,0,10,74,0,84,2,37,141,0,180,44,0,44,224
06/13/2009,MKC,MO,ACE,CE,Towers with Radar,0,15,38,1,54,0,10,36,0,46,0,25,74,1,100,152,0,152,252
06/14/2009,MKC,MO,ACE,CE,Towers with Radar,0,23,35,0,58,0,1,28,0,29,0,24,63,0,87,10,0,10,97
06/15/2009,MKC,MO,ACE,CE,Towers with Radar,1,25,57,0,83,0,7,21,0,28,1,32,78,0,111,74,0,74,185
06/16/2009,MKC,MO,ACE,CE,Towers with Radar,0,46,65,0,111,0,17,48,4,69,0,63,113,4,180,34,2,36,216
06/17/2009,MKC,MO,ACE,CE,Towers with Radar,0,30,97,1,128,0,14,64,3,81,0,44,161,4,209,104,0,104,313
06/18/2009,MKC,MO,ACE,CE,Towers with Radar,0,39,69,2,110,0,10,56,2,68,0,49,125,4,178,40,0,40,218
06/19/2009,MKC,MO,ACE,CE,Towers with Radar,1,27,63,0,91,0,9,54,0,63,1,36,117,0,154,68,0,68,222
06/20/2009,MKC,MO,ACE,CE,Towers with Radar,0,13,30,0,43,0,2,33,1,36,0,15,63,1,79,61,0,61,140
06/21/2009,MKC,MO,ACE,CE,Towers with Radar,0,14,30,0,44,0,7,40,0,47,0,21,70,0,91,52,0,52,143
06/22/2009,MKC,MO,ACE,CE,Towers with Radar,2,46,76,0,124,0,7,48,2,57,2,53,124,2,181,146,4,150,331
06/23/2009,MKC,MO,ACE,CE,Towers with Radar,0,47,68,1,116,0,20,70,0,90,0,67,138,1,206,58,0,58,264
06/24/2009,MKC,MO,ACE,CE,Towers with Radar,4,40,84,0,128,0,17,55,0,72,4,57,139,0,200,24,0,24,224
06/25/2009,MKC,MO,ACE,CE,Towers with Radar,0,39,81,2,122,0,13,69,2,84,0,52,150,4,206,112,0,112,318
06/26/2009,MKC,MO,ACE,CE,Towers with Radar,0,28,56,0,84,0,14,79,0,93,0,42,135,0,177,26,0,26,203
06/27/2009,MKC,MO,ACE,CE,Towers with Radar,0,27,18,3,48,0,17,36,5,58,0,44,54,8,106,77,0,77,183
06/28/2009,MKC,MO,ACE,CE,Towers with Radar,2,11,29,2,44,0,6,57,0,63,2,17,86,2,107,25,0,25,132
06/29/2009,MKC,MO,ACE,CE,Towers with Radar,0,26,63,2,91,0,24,55,2,81,0,50,118,4,172,94,0,94,266
06/30/2009,MKC,MO,ACE,CE,Towers with Radar,0,46,73,0,119,0,21,83,6,110,0,67,156,6,229,52,6,58,287
07/01/2009,MKC,MO,ACE,CE,Towers with Radar,1,40,71,0,112,0,14,78,0,92,1,54,149,0,204,100,0,100,304
07/02/2009,MKC,MO,ACE,CE,Towers with Radar,1,35,64,1,101,0,12,75,0,87,1,47,139,1,188,100,2,102,290
07/03/2009,MKC,MO,ACE,CE,Towers with Radar,0,31,35,0,66,0,4,29,0,33,0,35,64,0,99,88,0,88,187
07/04/2009,MKC,MO,ACE,CE,Towers with Radar,0,7,9,2,18,0,8,14,2,24,0,15,23,4,42,8,4,12,54
07/05/2009,MKC,MO,ACE,CE,Towers with Radar,4,10,28,1,43,0,2,22,0,24,4,12,50,1,67,52,0,52,119
07/06/2009,MKC,MO,ACE,CE,Towers with Radar,0,28,45,0,73,0,8,48,2,58,0,36,93,2,131,23,4,27,158
07/07/2009,MKC,MO,ACE,CE,Towers with Radar,0,36,64,0,100,0,19,55,8,82,0,55,119,8,182,76,6,82,264
07/08/2009,MKC,MO,ACE,CE,Towers with Radar,0,39,77,2,118,0,25,77,1,103,0,64,154,3,221,77,6,83,304
07/09/2009,MKC,MO,ACE,CE,Towers with Radar,0,40,75,2,117,0,11,64,0,75,0,51,139,2,192,44,4,48,240
07/10/2009,MKC,MO,ACE,CE,Towers with Radar,0,40,45,0,85,0,9,43,0,52,0,49,88,0,137,24,0,24,161
07/11/2009,MKC,MO,ACE,CE,Towers with Radar,0,27,40,0,67,0,10,56,0,66,0,37,96,0,133,22,0,22,155
07/12/2009,MKC,MO,ACE,CE,Towers with Radar,2,16,41,0,59,0,9,30,0,39,2,25,71,0,98,22,0,22,120
07/13/2009,MKC,MO,ACE,CE,Towers with Radar,0,40,82,6,128,0,9,28,0,37,0,49,110,6,165,38,0,38,203
07/14/2009,MKC,MO,ACE,CE,Towers with Radar,0,44,63,0,107,0,18,52,0,70,0,62,115,0,177,142,0,142,319
07/15/2009,MKC,MO,ACE,CE,Towers with Radar,0,42,81,0,123,0,34,60,2,96,0,76,141,2,219,138,0,138,357
07/16/2009,MKC,MO,ACE,CE,Towers with Radar,2,33,94,0,129,0,8,58,2,68,2,41,152,2,197,77,0,77,274
07/17/2009,MKC,MO,ACE,CE,Towers with Radar,0,39,74,4,117,0,7,73,3,83,0,46,147,7,200,53,8,61,261
07/18/2009,MKC,MO,ACE,CE,Towers with Radar,0,8,33,0,41,0,15,73,2,90,0,23,106,2,131,74,0,74,205
07/19/2009,MKC,MO,ACE,CE,Towers with Radar,2,17,41,1,61,0,1,55,0,56,2,18,96,1,117,6,18,24,141
07/20/2009,MKC,MO,ACE,CE,Towers with Radar,0,37,51,2,90,0,8,24,2,34,0,45,75,4,124,84,0,84,208
07/21/2009,MKC,MO,ACE,CE,Towers with Radar,0,38,122,2,162,0,9,29,0,38,0,47,151,2,200,88,0,88,288
07/22/2009,MKC,MO,ACE,CE,Towers with Radar,4,46,109,6,165,0,10,84,0,94,4,56,193,6,259,76,4,80,339
07/23/2009,MKC,MO,ACE,CE,Towers with Radar,0,39,80,3,122,0,10,49,0,59,0,49,129,3,181,54,0,54,235
07/24/2009,MKC,MO,ACE,CE,Towers with Radar,1,42,81,6,130,0,11,53,0,64,1,53,134,6,194,30,0,30,224
07/25/2009,MKC,MO,ACE,CE,Towers with Radar,0,25,38,0,63,0,16,51,6,73,0,41,89,6,136,22,4,26,162
07/26/2009,MKC,MO,ACE,CE,Towers with Radar,3,17,46,2,68,0,16,83,6,105,3,33,129,8,173,70,0,70,243
07/27/2009,MKC,MO,ACE,CE,Towers with Radar,0,34,46,2,82,0,6,42,7,55,0,40,88,9,137,31,8,39,176
07/28/2009,MKC,MO,ACE,CE,Towers with Radar,2,33,47,0,82,0,22,39,3,64,2,55,86,3,146,8,0,8,154
07/29/2009,MKC,MO,ACE,CE,Towers with Radar,0,50,73,0,123,0,20,63,0,83,0,70,136,0,206,38,0,38,244
07/30/2009,MKC,MO,ACE,CE,Towers with Radar,0,38,90,3,131,0,11,69,8,88,0,49,159,11,219,86,0,86,305
07/31/2009,MKC,MO,ACE,CE,Towers with Radar,0,26,83,6,115,0,19,78,1,98,0,45,161,7,213,62,10,72,285
08/01/2009,MKC,MO,ACE,CE,Towers with Radar,0,18,44,4,66,0,22,40,0,62,0,40,84,4,128,12,0,12,140
08/02/2009,MKC,MO,ACE,CE,Towers with Radar,0,19,36,0,55,0,2,51,5,58,0,21,87,5,113,57,0,57,170
08/03/2009,MKC,MO,ACE,CE,Towers with Radar,4,28,61,0,93,2,7,54,3,66,6,35,115,3,159,62,16,78,237
08/04/2009,MKC,MO,ACE,CE,Towers with Radar,0,37,58,2,97,0,1,38,0,39,0,38,96,2,136,32,8,40,176
08/05/2009,MKC,MO,ACE,CE,Towers with Radar,0,33,79,1,113,0,16,76,2,94,0,49,155,3,207,70,0,70,277
08/06/2009,MKC,MO,ACE,CE,Towers with Radar,2,29,67,2,100,0,9,43,2,54,2,38,110,4,154,74,0,74,228
08/07/2009,MKC,MO,ACE,CE,Towers with Radar,0,38,65,1,104,0,16,77,0,93,0,54,142,1,197,51,1,52,249
08/08/2009,MKC,MO,ACE,CE,Towers with Radar,0,14,38,0,52,0,16,287,1,304,0,30,325,1,356,46,0,46,402
08/09/2009,MKC,MO,ACE,CE,Towers with Radar,2,17,43,5,67,0,9,46,1,56,2,26,89,6,123,7,4,11,134
08/10/2009,MKC,MO,ACE,CE,Towers with Radar,2,32,45,9,88,0,13,48,2,63,2,45,93,11,151,50,4,54,205
08/11/2009,MKC,MO,ACE,CE,Towers with Radar,0,33,88,1,122,0,8,74,1,83,0,41,162,2,205,96,0,96,301
08/12/2009,MKC,MO,ACE,CE,Towers with Radar,0,29,101,2,132,0,11,77,0,88,0,40,178,2,220,22,0,22,242
08/13/2009,MKC,MO,ACE,CE,Towers with Radar,0,44,75,0,119,0,16,59,0,75,0,60,134,0,194,63,0,63,257
08/14/2009,MKC,MO,ACE,CE,Towers with Radar,0,28,61,0,89,0,13,70,0,83,0,41,131,0,172,44,0,44,216
08/15/2009,MKC,MO,ACE,CE,Towers with Radar,0,9,37,4,50,0,8,50,1,59,0,17,87,5,109,80,0,80,189
08/16/2009,MKC,MO,ACE,CE,Towers with Radar,0,13,20,1,34,0,8,29,4,41,0,21,49,5,75,48,8,56,131
08/17/2009,MKC,MO,ACE,CE,Towers with Radar,0,34,48,0,82,0,4,26,0,30,0,38,74,0,112,34,0,34,146
08/18/2009,MKC,MO,ACE,CE,Towers with Radar,0,40,101,0,141,0,7,45,2,54,0,47,146,2,195,52,0,52,247
08/19/2009,MKC,MO,ACE,CE,Towers with Radar,2,30,79,2,113,0,16,38,3,57,2,46,117,5,170,0,2,2,172
08/20/2009,MKC,MO,ACE,CE,Towers with Radar,0,30,72,5,107,0,16,46,14,76,0,46,118,19,183,68,14,82,265
08/21/2009,MKC,MO,ACE,CE,Towers with Radar,1,24,70,8,103,0,26,48,9,83,1,50,118,17,186,12,10,22,208
08/22/2009,MKC,MO,ACE,CE,Towers with Radar,0,7,21,0,28,0,21,29,0,50,0,28,50,0,78,9,0,9,87
08/23/2009,MKC,MO,ACE,CE,Towers with Radar,3,10,16,6,35,0,1,38,2,41,3,11,54,8,76,12,0,12,88
08/24/2009,MKC,MO,ACE,CE,Towers with Radar,0,36,68,11,115,0,15,99,0,114,0,51,167,11,229,6,6,12,241
08/25/2009,MKC,MO,ACE,CE,Towers with Radar,0,33,82,4,119,0,15,59,0,74,0,48,141,4,193,64,2,66,259
08/26/2009,MKC,MO,ACE,CE,Towers with Radar,4,26,90,1,121,0,6,26,0,32,4,32,116,1,153,18,0,18,171
08/27/2009,MKC,MO,ACE,CE,Towers with Radar,0,32,65,1,98,0,8,26,2,36,0,40,91,3,134,50,0,50,184
08/28/2009,MKC,MO,ACE,CE,Towers with Radar,0,47,82,0,129,0,8,29,0,37,0,55,111,0,166,44,0,44,210
08/29/2009,MKC,MO,ACE,CE,Towers with Radar,0,4,42,0,46,0,4,71,20,95,0,8,113,20,141,95,2,97,238
08/30/2009,MKC,MO,ACE,CE,Towers with Radar,0,17,27,0,44,0,0,89,2,91,0,17,116,2,135,75,0,75,210
08/31/2009,MKC,MO,ACE,CE,Towers with Radar,0,28,49,7,84,0,5,57,0,62,0,33,106,7,146,22,0,22,168
09/01/2009,MKC,MO,ACE,CE,Towers with Radar,0,34,84,0,118,0,13,75,2,90,0,47,159,2,208,84,0,84,292
09/02/2009,MKC,MO,ACE,CE,Towers with Radar,2,27,84,0,113,0,12,48,4,64,2,39,132,4,177,50,8,58,235
09/03/2009,MKC,MO,ACE,CE,Towers with Radar,0,28,83,3,114,0,24,50,1,75,0,52,133,4,189,28,0,28,217
09/04/2009,MKC,MO,ACE,CE,Towers with Radar,0,49,48,0,97,0,3,21,0,24,0,52,69,0,121,38,0,38,159
09/05/2009,MKC,MO,ACE,CE,Towers with Radar,0,9,30,1,40,0,4,37,0,41,0,13,67,1,81,69,0,69,150
09/06/2009,MKC,MO,ACE,CE,Towers with Radar,1,7,26,0,34,0,1,21,2,24,1,8,47,2,58,77,34,111,169
09/07/2009,MKC,MO,ACE,CE,Towers with Radar,0,22,32,0,54,0,4,57,1,62,0,26,89,1,116,58,0,58,174
09/08/2009,MKC,MO,ACE,CE,Towers with Radar,0,35,85,2,122,0,6,37,0,43,0,41,122,2,165,82,6,88,253
09/09/2009,MKC,MO,ACE,CE,Towers with Radar,0,46,82,2,130,0,2,1,0,3,0,48,83,2,133,0,0,0,133
09/10/2009,MKC,MO,ACE,CE,Towers with Radar,3,30,95,0,128,0,4,41,4,49,3,34,136,4,177,96,8,104,281
09/11/2009,MKC,MO,ACE,CE,Towers with Radar,0,31,75,0,106,0,5,77,2,84,0,36,152,2,190,158,0,158,348
09/12/2009,MKC,MO,ACE,CE,Towers with Radar,0,4,50,2,56,0,2,292,4,298,0,6,342,6,354,36,0,36,390
09/13/2009,MKC,MO,ACE,CE,Towers with Radar,0,24,42,0,66,0,4,45,6,55,0,28,87,6,121,54,0,54,175
09/14/2009,MKC,MO,ACE,CE,Towers with Radar,0,33,65,0,98,0,17,45,1,63,0,50,110,1,161,90,0,90,251
09/15/2009,MKC,MO,ACE,CE,Towers with Radar,0,34,83,0,117,0,26,38,8,72,0,60,121,8,189,58,0,58,247
09/16/2009,MKC,MO,ACE,CE,Towers with Radar,0,26,79,0,105,0,5,57,2,64,0,31,136,2,169,40,0,40,209
09/17/2009,MKC,MO,ACE,CE,Towers with Radar,0,35,95,4,134,0,17,104,9,130,0,52,199,13,264,88,4,92,356
09/18/2009,MKC,MO,ACE,CE,Towers with Radar,0,29,86,3,118,0,15,55,4,74,0,44,141,7,192,84,6,90,282
09/19/2009,MKC,MO,ACE,CE,Towers with Radar,0,4,33,2,39,0,6,44,0,50,0,10,77,2,89,50,0,50,139
09/20/2009,MKC,MO,ACE,CE,Towers with Radar,4,19,58,1,82,0,26,32,0,58,4,45,90,1,140,24,0,24,164
09/21/2009,MKC,MO,ACE,CE,Towers with Radar,1,27,49,2,79,0,5,4,0,9,1,32,53,2,88,0,0,0,88
09/22/2009,MKC,MO,ACE,CE,Towers with Radar,1,37,87,2,127,0,18,55,0,73,1,55,142,2,200,42,0,42,242
09/23/2009,MKC,MO,ACE,CE,Towers with Radar,0,40,99,5,144,0,21,80,2,103,0,61,179,7,247,99,18,117,364
09/24/2009,MKC,MO,ACE,CE,Towers with Radar,1,38,69,2,110,0,3,100,2,105,1,41,169,4,215,80,6,86,301
09/25/2009,MKC,MO,ACE,CE,Towers with Radar,1,36,64,0,101,0,9,49,0,58,1,45,113,0,159,46,0,46,205
09/26/2009,MKC,MO,ACE,CE,Towers with Radar,0,12,41,0,53,0,7,67,1,75,0,19,108,1,128,86,0,86,214
09/27/2009,MKC,MO,ACE,CE,Towers with Radar,2,18,25,0,45,0,3,58,0,61,2,21,83,0,106,60,0,60,166
09/28/2009,MKC,MO,ACE,CE,Towers with Radar,0,34,64,0,98,0,4,30,2,36,0,38,94,2,134,12,0,12,146
09/29/2009,MKC,MO,ACE,CE,Towers with Radar,0,38,84,6,128,0,20,92,11,123,0,58,176,17,251,64,0,64,315
09/30/2009,MKC,MO,ACE,CE,Towers with Radar,0,40,84,0,124,0,10,51,0,61,0,50,135,0,185,46,0,46,231
10/01/2009,MKC,MO,ACE,CE,Towers with Radar,0,40,97,4,141,0,12,34,0,46,0,52,131,4,187,70,0,70,257
10/02/2009,MKC,MO,ACE,CE,Towers with Radar,0,38,66,0,104,0,12,22,0,34,0,50,88,0,138,10,0,10,148
10/03/2009,MKC,MO,ACE,CE,Towers with Radar,0,26,72,0,98,0,5,67,2,74,0,31,139,2,172,39,0,39,211
10/04/2009,MKC,MO,ACE,CE,Towers with Radar,2,45,103,0,150,0,6,79,0,85,2,51,182,0,235,44,0,44,279
10/05/2009,MKC,MO,ACE,CE,Towers with Radar,0,38,51,0,89,0,0,33,0,33,0,38,84,0,122,8,0,8,130
10/06/2009,MKC,MO,ACE,CE,Towers with Radar,0,39,65,0,104,0,14,31,3,48,0,53,96,3,152,36,0,36,188
10/07/2009,MKC,MO,ACE,CE,Towers with Radar,0,32,93,4,129,0,15,57,0,72,0,47,150,4,201,60,0,60,261
10/08/2009,MKC,MO,ACE,CE,Towers with Radar,0,30,67,2,99,0,6,3,0,9,0,36,70,2,108,0,0,0,108
10/09/2009,MKC,MO,ACE,CE,Towers with Radar,0,40,67,0,107,0,12,64,0,76,0,52,131,0,183,18,0,18,201
10/10/2009,MKC,MO,ACE,CE,Towers with Radar,0,8,38,2,48,0,3,34,0,37,0,11,72,2,85,78,0,78,163
10/11/2009,MKC,MO,ACE,CE,Towers with Radar,0,21,70,0,91,0,0,49,0,49,0,21,119,0,140,16,0,16,156
10/12/2009,MKC,MO,ACE,CE,Towers with Radar,0,35,60,0,95,0,2,7,0,9,0,37,67,0,104,14,0,14,118
10/13/2009,MKC,MO,ACE,CE,Towers with Radar,0,38,68,0,106,0,5,23,0,28,0,43,91,0,134,38,0,38,172
10/14/2009,MKC,MO,ACE,CE,Towers with Radar,0,41,53,0,94,0,6,6,0,12,0,47,59,0,106,0,0,0,106
10/15/2009,MKC,MO,ACE,CE,Towers with Radar,0,43,69,0,112,0,3,15,4,22,0,46,84,4,134,0,6,6,140
10/16/2009,MKC,MO,ACE,CE,Towers with Radar,0,38,96,0,134,0,0,5,0,5,0,38,101,0,139,56,0,56,195
10/17/2009,MKC,MO,ACE,CE,Towers with Radar,0,10,37,2,49,0,12,32,0,44,0,22,69,2,93,62,0,62,155
10/18/2009,MKC,MO,ACE,CE,Towers with Radar,0,17,33,0,50,0,1,41,0,42,0,18,74,0,92,58,0,58,150
10/19/2009,MKC,MO,ACE,CE,Towers with Radar,0,31,54,2,87,0,5,50,1,56,0,36,104,3,143,52,0,52,195
10/20/2009,MKC,MO,ACE,CE,Towers with Radar,0,47,83,3,133,0,10,47,0,57,0,57,130,3,190,66,0,66,256
10/21/2009,MKC,MO,ACE,CE,Towers with Radar,0,45,84,1,130,0,12,34,1,47,0,57,118,2,177,20,0,20,197
10/22/2009,MKC,MO,ACE,CE,Towers with Radar,0,44,61,0,105,0,0,1,0,1,0,44,62,0,106,0,0,0,106
10/23/2009,MKC,MO,ACE,CE,Towers with Radar,0,43,51,0,94,0,9,15,3,27,0,52,66,3,121,22,0,22,143
10/24/2009,MKC,MO,ACE,CE,Towers with Radar,0,11,41,2,54,0,6,106,1,113,0,17,147,3,167,78,0,78,245
10/25/2009,MKC,MO,ACE,CE,Towers with Radar,0,21,40,0,61,0,0,15,10,25,0,21,55,10,86,42,0,42,128
10/26/2009,MKC,MO,ACE,CE,Towers with Radar,0,43,72,0,115,0,3,39,0,42,0,46,111,0,157,47,0,47,204
10/27/2009,MKC,MO,ACE,CE,Towers with Radar,0,48,81,0,129,0,3,74,2,79,0,51,155,2,208,114,0,114,322
10/28/2009,MKC,MO,ACE,CE,Towers with Radar,0,34,80,2,116,0,19,42,2,63,0,53,122,4,179,92,0,92,271
10/29/2009,MKC,MO,ACE,CE,Towers with Radar,0,37,63,0,100,0,0,0,0,0,0,37,63,0,100,0,0,0,100
10/30/2009,MKC,MO,ACE,CE,Towers with Radar,0,42,70,2,114,0,8,31,2,41,0,50,101,4,155,20,0,20,175
10/31/2009,MKC,MO,ACE,CE,Towers with Radar,0,22,24,1,47,0,25,54,0,79,0,47,78,1,126,70,0,70,196
11/01/2009,MKC,MO,ACE,CE,Towers with Radar,0,11,38,0,49,0,1,69,0,70,0,12,107,0,119,82,0,82,201
11/02/2009,MKC,MO,ACE,CE,Towers with Radar,0,52,69,0,121,0,5,32,0,37,0,57,101,0,158,64,0,64,222
11/03/2009,MKC,MO,ACE,CE,Towers with Radar,0,50,70,3,123,0,19,51,4,74,0,69,121,7,197,96,4,100,297
11/04/2009,MKC,MO,ACE,CE,Towers with Radar,0,39,75,4,118,0,14,61,3,78,0,53,136,7,196,70,14,84,280
11/05/2009,MKC,MO,ACE,CE,Towers with Radar,2,41,75,0,118,0,13,74,4,91,2,54,149,4,209,26,0,26,235
11/06/2009,MKC,MO,ACE,CE,Towers with Radar,0,41,94,4,139,0,5,45,1,51,0,46,139,5,190,36,4,40,230
11/07/2009,MKC,MO,ACE,CE,Towers with Radar,0,11,34,0,45,0,8,63,8,79,0,19,97,8,124,39,0,39,163
11/08/2009,MKC,MO,ACE,CE,Towers with Radar,0,20,40,0,60,0,2,35,2,39,0,22,75,2,99,48,0,48,147
11/09/2009,MKC,MO,ACE,CE,Towers with Radar,0,25,51,0,76,0,9,24,0,33,0,34,75,0,109,96,0,96,205
11/10/2009,MKC,MO,ACE,CE,Towers with Radar,0,45,67,0,112,0,16,61,0,77,0,61,128,0,189,62,0,62,251
11/11/2009,MKC,MO,ACE,CE,Towers with Radar,0,28,73,0,101,0,21,71,5,97,0,49,144,5,198,77,4,81,279
11/12/2009,MKC,MO,ACE,CE,Towers with Radar,0,31,73,0,104,0,14,66,4,84,0,45,139,4,188,150,0,150,338
11/13/2009,MKC,MO,ACE,CE,Towers with Radar,0,28,53,0,81,0,11,42,2,55,0,39,95,2,136,24,0,24,160
11/14/2009,MKC,MO,ACE,CE,Towers with Radar,0,24,41,4,69,0,2,8,0,10,0,26,49,4,79,14,0,14,93
11/15/2009,MKC,MO,ACE,CE,Towers with Radar,0,24,27,0,51,0,0,0,0,0,0,24,27,0,51,0,0,0,51
11/16/2009,MKC,MO,ACE,CE,Towers with Radar,0,36,37,0,73,0,0,0,0,0,0,36,37,0,73,0,0,0,73
11/17/2009,MKC,MO,ACE,CE,Towers with Radar,0,44,74,5,123,0,3,0,0,3,0,47,74,5,126,0,0,0,126
11/18/2009,MKC,MO,ACE,CE,Towers with Radar,2,40,85,2,129,0,0,0,0,0,2,40,85,2,129,0,0,0,129
11/19/2009,MKC,MO,ACE,CE,Towers with Radar,0,40,97,2,139,0,10,66,4,80,0,50,163,6,219,122,0,122,341
11/20/2009,MKC,MO,ACE,CE,Towers with Radar,0,35,69,7,111,0,6,41,0,47,0,41,110,7,158,60,0,60,218
11/21/2009,MKC,MO,ACE,CE,Towers with Radar,0,19,60,1,80,0,5,46,4,55,0,24,106,5,135,128,0,128,263
11/22/2009,MKC,MO,ACE,CE,Towers with Radar,0,17,77,1,95,0,0,70,2,72,0,17,147,3,167,94,0,94,261
11/23/2009,MKC,MO,ACE,CE,Towers with Radar,0,33,61,0,94,0,5,59,4,68,0,38,120,4,162,68,0,68,230
11/24/2009,MKC,MO,ACE,CE,Towers with Radar,0,48,65,0,113,0,12,20,6,38,0,60,85,6,151,4,2,6,157
11/25/2009,MKC,MO,ACE,CE,Towers with Radar,1,37,51,0,89,0,6,51,2,59,1,43,102,2,148,92,8,100,248
11/26/2009,MKC,MO,ACE,CE,Towers with Radar,0,14,9,0,23,0,9,20,0,29,0,23,29,0,52,8,0,8,60
11/27/2009,MKC,MO,ACE,CE,Towers with Radar,0,24,25,0,49,0,14,104,4,122,0,38,129,4,171,68,6,74,245
11/28/2009,MKC,MO,ACE,CE,Towers with Radar,0,17,51,0,68,0,1,66,2,69,0,18,117,2,137,79,0,79,216
11/29/2009,MKC,MO,ACE,CE,Towers with Radar,0,27,42,0,69,0,7,20,0,27,0,34,62,0,96,20,0,20,116
11/30/2009,MKC,MO,ACE,CE,Towers with Radar,0,40,39,1,80,0,21,53,2,76,0,61,92,3,156,62,0,62,218
12/01/2009,MKC,MO,ACE,CE,Towers with Radar,0,47,73,0,120,0,13,66,4,83,0,60,139,4,203,82,6,88,291
12/02/2009,MKC,MO,ACE,CE,Towers with Radar,0,45,90,0,135,0,20,34,0,54,0,65,124,0,189,26,0,26,215
12/03/2009,MKC,MO,ACE,CE,Towers with Radar,0,39,72,2,113,0,6,83,7,96,0,45,155,9,209,30,24,54,263
12/04/2009,MKC,MO,ACE,CE,Towers with Radar,0,41,92,0,133,0,10,63,1,74,0,51,155,1,207,12,0,12,219
12/05/2009,MKC,MO,ACE,CE,Towers with Radar,0,11,25,1,37,0,7,76,1,84,0,18,101,2,121,132,0,132,253
12/06/2009,MKC,MO,ACE,CE,Towers with Radar,0,27,51,1,79,0,2,19,0,21,0,29,70,1,100,16,0,16,116
12/07/2009,MKC,MO,ACE,CE,Towers with Radar,0,45,55,0,100,0,1,31,0,32,0,46,86,0,132,8,0,8,140
12/08/2009,MKC,MO,ACE,CE,Towers with Radar,0,25,34,0,59,0,0,0,0,0,0,25,34,0,59,0,0,0,59
12/09/2009,MKC,MO,ACE,CE,Towers with Radar,0,26,48,0,74,0,4,7,0,11,0,30,55,0,85,0,0,0,85
12/10/2009,MKC,MO,ACE,CE,Towers with Radar,0,35,71,0,106,0,8,45,0,53,0,43,116,0,159,34,0,34,193
12/11/2009,MKC,MO,ACE,CE,Towers with Radar,0,34,74,0,108,0,18,60,3,81,0,52,134,3,189,34,0,34,223
12/12/2009,MKC,MO,ACE,CE,Towers with Radar,0,7,30,2,39,0,2,13,0,15,0,9,43,2,54,70,0,70,124
12/13/2009,MKC,MO,ACE,CE,Towers with Radar,0,14,41,0,55,0,2,5,0,7,0,16,46,0,62,0,0,0,62
12/14/2009,MKC,MO,ACE,CE,Towers with Radar,0,41,39,0,80,0,3,14,0,17,0,44,53,0,97,13,0,13,110
12/15/2009,MKC,MO,ACE,CE,Towers with Radar,0,32,64,2,98,0,14,46,1,61,0,46,110,3,159,38,0,38,197
12/16/2009,MKC,MO,ACE,CE,Towers with Radar,0,43,80,1,124,0,12,105,2,119,0,55,185,3,243,63,0,63,306
12/17/2009,MKC,MO,ACE,CE,Towers with Radar,0,33,101,2,136,0,10,109,6,125,0,43,210,8,261,66,2,68,329
12/18/2009,MKC,MO,ACE,CE,Towers with Radar,0,45,51,0,96,0,11,40,0,51,0,56,91,0,147,22,0,22,169
12/19/2009,MKC,MO,ACE,CE,Towers with Radar,0,20,21,0,41,0,0,2,0,2,0,20,23,0,43,0,0,0,43
12/20/2009,MKC,MO,ACE,CE,Towers with Radar,0,24,40,0,64,0,3,58,0,61,0,27,98,0,125,43,0,43,168
12/21/2009,MKC,MO,ACE,CE,Towers with Radar,0,50,58,3,111,0,13,55,0,68,0,63,113,3,179,82,0,82,261
12/22/2009,MKC,MO,ACE,CE,Towers with Radar,0,40,54,2,96,0,8,27,0,35,0,48,81,2,131,72,0,72,203
12/23/2009,MKC,MO,ACE,CE,Towers with Radar,0,34,38,0,72,0,0,0,0,0,0,34,38,0,72,0,0,0,72
12/24/2009,MKC,MO,ACE,CE,Towers with Radar,0,23,12,0,35,0,0,0,0,0,0,23,12,0,35,0,0,0,35
12/25/2009,MKC,MO,ACE,CE,Towers with Radar,0,6,2,0,8,0,0,2,0,2,0,6,4,0,10,0,0,0,10
12/26/2009,MKC,MO,ACE,CE,Towers with Radar,0,21,18,0,39,0,0,0,0,0,0,21,18,0,39,0,0,0,39
12/27/2009,MKC,MO,ACE,CE,Towers with Radar,0,15,21,0,36,0,1,6,0,7,0,16,27,0,43,0,0,0,43
12/28/2009,MKC,MO,ACE,CE,Towers with Radar,0,47,37,0,84,0,4,20,0,24,0,51,57,0,108,28,2,30,138
12/29/2009,MKC,MO,ACE,CE,Towers with Radar,0,34,34,6,74,0,4,18,0,22,0,38,52,6,96,26,0,26,122
12/30/2009,MKC,MO,ACE,CE,Towers with Radar,0,20,27,2,49,0,0,0,0,0,0,20,27,2,49,0,0,0,49
12/31/2009,MKC,MO,ACE,CE,Towers with Radar,0,30,25,0,55,0,5,41,2,48,0,35,66,2,103,16,0,16,119
01/01/2010,MKC,MO,ACE,CE,Towers with Radar,0,15,15,0,30,0,3,28,0,31,0,18,43,0,61,4,0,4,65
01/02/2010,MKC,MO,ACE,CE,Towers with Radar,0,15,23,0,38,0,7,33,0,40,0,22,56,0,78,2,0,2,80
01/03/2010,MKC,MO,ACE,CE,Towers with Radar,0,19,11,0,30,0,0,1,0,1,0,19,12,0,31,0,0,0,31
01/04/2010,MKC,MO,ACE,CE,Towers with Radar,0,25,53,0,78,0,1,32,0,33,0,26,85,0,111,20,0,20,131
01/05/2010,MKC,MO,ACE,CE,Towers with Radar,0,45,52,2,99,0,6,41,1,48,0,51,93,3,147,36,10,46,193
01/06/2010,MKC,MO,ACE,CE,Towers with Radar,0,18,35,0,53,0,1,3,0,4,0,19,38,0,57,0,0,0,57
01/07/2010,MKC,MO,ACE,CE,Towers with Radar,0,19,39,0,58,0,3,11,0,14,0,22,50,0,72,0,0,0,72
01/08/2010,MKC,MO,ACE,CE,Towers with Radar,0,33,43,0,76,0,15,12,0,27,0,48,55,0,103,4,0,4,107
01/09/2010,MKC,MO,ACE,CE,Towers with Radar,0,15,27,0,42,0,3,10,0,13,0,18,37,0,55,0,0,0,55
01/10/2010,MKC,MO,ACE,CE,Towers with Radar,0,8,24,0,32,0,6,23,0,29,0,14,47,0,61,43,0,43,104
01/11/2010,MKC,MO,ACE,CE,Towers with Radar,0,35,48,1,84,0,7,34,4,45,0,42,82,5,129,100,0,100,229
01/12/2010,MKC,MO,ACE,CE,Towers with Radar,0,38,66,2,106,0,6,20,0,26,0,44,86,2,132,2,0,2,134
01/13/2010,MKC,MO,ACE,CE,Towers with Radar,0,37,82,0,119,0,4,51,2,57,0,41,133,2,176,48,0,48,224
01/14/2010,MKC,MO,ACE,CE,Towers with Radar,0,32,73,1,106,0,9,11,0,20,0,41,84,1,126,20,0,20,146
01/15/2010,MKC,MO,ACE,CE,Towers with Radar,0,36,58,1,95,0,1,0,0,1,0,37,58,1,96,0,0,0,96
01/16/2010,MKC,MO,ACE,CE,Towers with Radar,0,22,15,0,37,0,0,0,0,0,0,22,15,0,37,0,0,0,37
01/17/2010,MKC,MO,ACE,CE,Towers with Radar,0,8,17,1,26,0,0,11,0,11,0,8,28,1,37,0,0,0,37
01/18/2010,MKC,MO,ACE,CE,Towers with Radar,0,15,31,0,46,0,0,0,0,0,0,15,31,0,46,0,0,0,46
01/19/2010,MKC,MO,ACE,CE,Towers with Radar,0,42,45,2,89,0,0,0,0,0,0,42,45,2,89,0,0,0,89
01/20/2010,MKC,MO,ACE,CE,Towers with Radar,0,40,65,0,105,0,5,10,0,15,0,45,75,0,120,0,0,0,120
01/21/2010,MKC,MO,ACE,CE,Towers with Radar,0,43,61,1,105,0,2,0,0,2,0,45,61,1,107,0,0,0,107
01/22/2010,MKC,MO,ACE,CE,Towers with Radar,0,38,48,4,90,0,0,4,0,4,0,38,52,4,94,12,0,12,106
01/23/2010,MKC,MO,ACE,CE,Towers with Radar,0,13,36,0,49,0,0,8,0,8,0,13,44,0,57,54,0,54,111
01/24/2010,MKC,MO,ACE,CE,Towers with Radar,0,13,18,0,31,0,2,56,0,58,0,15,74,0,89,47,0,47,136
01/25/2010,MKC,MO,ACE,CE,Towers with Radar,0,32,30,0,62,0,4,13,0,17,0,36,43,0,79,0,0,0,79
01/26/2010,MKC,MO,ACE,CE,Towers with Radar,0,39,65,0,104,0,10,55,0,65,0,49,120,0,169,42,0,42,211
01/27/2010,MKC,MO,ACE,CE,Towers with Radar,0,28,62,4,94,0,14,64,0,78,0,42,126,4,172,66,8,74,246
01/28/2010,MKC,MO,ACE,CE,Towers with Radar,0,27,62,2,91,0,6,52,0,58,0,33,114,2,149,104,0,104,253
01/29/2010,MKC,MO,ACE,CE,Towers with Radar,0,44,48,0,92,0,2,28,0,30,0,46,76,0,122,74,0,74,196
01/30/2010,MKC,MO,ACE,CE,Towers with Radar,1,20,29,0,50,0,11,105,3,119,1,31,134,3,169,99,0,99,268
01/31/2010,MKC,MO,ACE,CE,Towers with Radar,0,16,31,0,47,0,0,66,2,68,0,16,97,2,115,74,0,74,189
02/01/2010,MKC,MO,ACE,CE,Towers with Radar,0,31,55,0,86,0,3,20,0,23,0,34,75,0,109,50,0,50,159
02/02/2010,MKC,MO,ACE,CE,Towers with Radar,0,44,75,0,119,0,15,50,2,67,0,59,125,2,186,80,0,80,266
02/03/2010,MKC,MO,ACE,CE,Towers with Radar,0,35,93,0,128,0,27,53,0,80,0,62,146,0,208,80,0,80,288
02/04/2010,MKC,MO,ACE,CE,Towers with Radar,0,23,37,2,62,0,11,29,0,40,0,34,66,2,102,67,0,67,169
02/05/2010,MKC,MO,ACE,CE,Towers with Radar,0,26,30,2,58,0,0,0,0,0,0,26,30,2,58,0,0,0,58
02/06/2010,MKC,MO,ACE,CE,Towers with Radar,0,10,28,0,38,0,2,10,0,12,0,12,38,0,50,75,0,75,125
02/07/2010,MKC,MO,ACE,CE,Towers with Radar,0,14,7,0,21,0,0,3,0,3,0,14,10,0,24,20,0,20,44
02/08/2010,MKC,MO,ACE,CE,Towers with Radar,0,29,41,0,70,0,2,6,0,8,0,31,47,0,78,0,0,0,78
02/09/2010,MKC,MO,ACE,CE,Towers with Radar,0,29,62,0,91,0,5,16,0,21,0,34,78,0,112,0,0,0,112
02/10/2010,MKC,MO,ACE,CE,Towers with Radar,0,36,82,4,122,0,17,73,11,101,0,53,155,15,223,136,2,138,361
02/11/2010,MKC,MO,ACE,CE,Towers with Radar,0,42,84,2,128,0,7,41,8,56,0,49,125,10,184,28,10,38,222
02/12/2010,MKC,MO,ACE,CE,Towers with Radar,0,37,65,1,103,0,11,48,0,59,0,48,113,1,162,88,0,88,250
02/13/2010,MKC,MO,ACE,CE,Towers with Radar,0,15,34,0,49,0,1,15,0,16,0,16,49,0,65,96,0,96,161
02/14/2010,MKC,MO,ACE,CE,Towers with Radar,0,6,14,0,20,0,0,5,0,5,0,6,19,0,25,0,0,0,25
02/15/2010,MKC,MO,ACE,CE,Towers with Radar,0,21,58,0,79,0,1,12,0,13,0,22,70,0,92,16,0,16,108
02/16/2010,MKC,MO,ACE,CE,Towers with Radar,0,42,83,1,126,0,10,41,2,53,0,52,124,3,179,52,2,54,233
02/17/2010,MKC,MO,ACE,CE,Towers with Radar,0,39,70,0,109,0,18,111,2,131,0,57,181,2,240,110,0,110,350
02/18/2010,MKC,MO,ACE,CE,Towers with Radar,0,38,87,3,128,0,11,76,1,88,0,49,163,4,216,119,8,127,343
02/19/2010,MKC,MO,ACE,CE,Towers with Radar,0,40,49,0,89,0,8,10,0,18,0,48,59,0,107,0,0,0,107
02/20/2010,MKC,MO,ACE,CE,Towers with Radar,0,17,21,0,38,0,0,2,0,2,0,17,23,0,40,0,0,0,40
02/21/2010,MKC,MO,ACE,CE,Towers with Radar,0,4,17,0,21,0,0,0,0,0,0,4,17,0,21,0,0,0,21
02/22/2010,MKC,MO,ACE,CE,Towers with Radar,0,26,52,2,80,0,9,31,0,40,0,35,83,2,120,8,0,8,128
02/23/2010,MKC,MO,ACE,CE,Towers with Radar,0,30,87,4,121,0,15,57,2,74,0,45,144,6,195,16,2,18,213
02/24/2010,MKC,MO,ACE,CE,Towers with Radar,0,35,77,4,116,0,14,64,2,80,0,49,141,6,196,28,12,40,236
02/25/2010,MKC,MO,ACE,CE,Towers with Radar,0,43,69,2,114,0,6,49,1,56,0,49,118,3,170,26,0,26,196
02/26/2010,MKC,MO,ACE,CE,Towers with Radar,2,39,63,2,106,0,16,79,1,96,2,55,142,3,202,110,0,110,312
02/27/2010,MKC,MO,ACE,CE,Towers with Radar,0,7,46,4,57,0,3,79,4,86,0,10,125,8,143,72,10,82,225
02/28/2010,MKC,MO,ACE,CE,Towers with Radar,0,17,31,0,48,0,2,68,4,74,0,19,99,4,122,52,0,52,174
03/01/2010,MKC,MO,ACE,CE,Towers with Radar,0,32,44,0,76,0,2,53,0,55,0,34,97,0,131,38,0,38,169
03/02/2010,MKC,MO,ACE,CE,Towers with Radar,0,31,52,0,83,1,17,50,6,74,1,48,102,6,157,48,10,58,215
03/03/2010,MKC,MO,ACE,CE,Towers with Radar,0,34,71,10,115,0,23,71,0,94,0,57,142,10,209,34,8,42,251
03/04/2010,MKC,MO,ACE,CE,Towers with Radar,1,46,72,0,119,0,12,76,3,91,1,58,148,3,210,44,30,74,284
03/05/2010,MKC,MO,ACE,CE,Towers with Radar,0,40,75,4,119,0,16,50,0,66,0,56,125,4,185,62,0,62,247
03/06/2010,MKC,MO,ACE,CE,Towers with Radar,0,11,45,0,56,0,6,61,2,69,0,17,106,2,125,103,8,111,236
03/07/2010,MKC,MO,ACE,CE,Towers with Radar,0,12,32,0,44,0,2,71,3,76,0,14,103,3,120,109,6,115,235
03/08/2010,MKC,MO,ACE,CE,Towers with Radar,2,24,57,0,83,0,4,37,0,41,2,28,94,0,124,30,0,30,154
03/09/2010,MKC,MO,ACE,CE,Towers with Radar,0,48,63,0,111,0,3,9,0,12,0,51,72,0,123,11,0,11,134
03/10/2010,MKC,MO,ACE,CE,Towers with Radar,3,44,85,0,132,0,17,39,0,56,3,61,124,0,188,126,0,126,314
03/11/2010,MKC,MO,ACE,CE,Towers with Radar,0,55,85,0,140,0,2,16,0,18,0,57,101,0,158,3,4,7,165
03/12/2010,MKC,MO,ACE,CE,Towers with Radar,3,54,74,0,131,0,19,32,0,51,3,73,106,0,182,94,0,94,276
03/13/2010,MKC,MO,ACE,CE,Towers with Radar,0,26,65,0,91,0,0,2,0,2,0,26,67,0,93,2,0,2,95
03/14/2010,MKC,MO,ACE,CE,Towers with Radar,0,33,42,0,75,0,0,5,0,5,0,33,47,0,80,10,0,10,90
03/15/2010,MKC,MO,ACE,CE,Towers with Radar,0,28,60,2,90,0,12,13,0,25,0,40,73,2,115,24,0,24,139
03/16/2010,MKC,MO,ACE,CE,Towers with Radar,0,42,61,2,105,0,3,12,0,15,0,45,73,2,120,42,0,42,162
03/17/2010,MKC,MO,ACE,CE,Towers with Radar,0,36,54,0,90,0,14,33,0,47,0,50,87,0,137,50,0,50,187
03/18/2010,MKC,MO,ACE,CE,Towers with Radar,0,27,69,3,99,0,4,98,4,106,0,31,167,7,205,134,4,138,343
03/19/2010,MKC,MO,ACE,CE,Towers with Radar,0,32,51,0,83,0,12,59,0,71,0,44,110,0,154,44,0,44,198
03/20/2010,MKC,MO,ACE,CE,Towers with Radar,0,18,15,0,33,0,0,0,0,0,0,18,15,0,33,0,0,0,33
03/21/2010,MKC,MO,ACE,CE,Towers with Radar,0,25,23,0,48,0,0,11,0,11,0,25,34,0,59,2,0,2,61
03/22/2010,MKC,MO,ACE,CE,Towers with Radar,0,41,61,0,102,0,14,52,4,70,0,55,113,4,172,36,6,42,214
03/23/2010,MKC,MO,ACE,CE,Towers with Radar,0,37,105,3,145,0,13,68,1,82,0,50,173,4,227,74,10,84,311
03/24/2010,MKC,MO,ACE,CE,Towers with Radar,0,50,95,2,147,0,6,8,0,14,0,56,103,2,161,0,0,0,161
03/25/2010,MKC,MO,ACE,CE,Towers with Radar,0,40,74,0,114,0,3,37,1,41,0,43,111,1,155,56,0,56,211
03/26/2010,MKC,MO,ACE,CE,Towers with Radar,0,40,63,1,104,0,15,49,0,64,0,55,112,1,168,18,0,18,186
03/27/2010,MKC,MO,ACE,CE,Towers with Radar,0,10,17,0,27,0,0,10,0,10,0,10,27,0,37,38,0,38,75
03/28/2010,MKC,MO,ACE,CE,Towers with Radar,0,32,55,1,88,0,4,25,1,30,0,36,80,2,118,38,0,38,156
03/29/2010,MKC,MO,ACE,CE,Towers with Radar,0,36,49,2,87,0,6,70,3,79,0,42,119,5,166,110,6,116,282
03/30/2010,MKC,MO,ACE,CE,Towers with Radar,0,33,99,0,132,0,25,58,4,87,0,58,157,4,219,26,0,26,245
03/31/2010,MKC,MO,ACE,CE,Towers with Radar,0,36,88,0,124,0,17,50,0,67,0,53,138,0,191,71,0,71,262
04/01/2010,MKC,MO,ACE,CE,Towers with Radar,0,43,71,5,119,0,10,35,7,52,0,53,106,12,171,24,4,28,199
04/02/2010,MKC,MO,ACE,CE,Towers with Radar,0,21,41,1,63,0,12,39,1,52,0,33,80,2,115,44,0,44,159
04/03/2010,MKC,MO,ACE,CE,Towers with Radar,4,15,29,0,48,0,0,59,0,59,4,15,88,0,107,124,0,124,231
04/04/2010,MKC,MO,ACE,CE,Towers with Radar,0,19,19,0,38,0,0,36,0,36,0,19,55,0,74,22,0,22,96
04/05/2010,MKC,MO,ACE,CE,Towers with Radar,0,34,39,0,73,0,6,19,0,25,0,40,58,0,98,16,0,16,114
04/06/2010,MKC,MO,ACE,CE,Towers with Radar,0,34,63,0,97,0,10,6,0,16,0,44,69,0,113,0,0,0,113
04/07/2010,MKC,MO,ACE,CE,Towers with Radar,0,42,91,2,135,0,8,34,4,46,0,50,125,6,181,20,10,30,211
04/08/2010,MKC,MO,ACE,CE,Towers with Radar,4,32,98,3,137,0,10,66,1,77,4,42,164,4,214,88,6,94,308
04/09/2010,MKC,MO,ACE,CE,Towers with Radar,0,40,81,0,121,0,11,63,2,76,0,51,144,2,197,96,2,98,295
04/10/2010,MKC,MO,ACE,CE,Towers with Radar,0,11,58,2,71,0,6,53,2,61,0,17,111,4,132,111,0,111,243
04/11/2010,MKC,MO,ACE,CE,Towers with Radar,3,22,42,2,69,1,5,64,1,71,4,27,106,3,140,107,0,107,247
04/12/2010,MKC,MO,ACE,CE,Towers with Radar,0,22,35,1,58,0,9,42,0,51,0,31,77,1,109,35,0,35,144
04/13/2010,MKC,MO,ACE,CE,Towers with Radar,0,37,63,0,100,0,8,37,0,45,0,45,100,0,145,58,8,66,211
04/14/2010,MKC,MO,ACE,CE,Towers with Radar,0,37,73,0,110,0,11,52,1,64,0,48,125,1,174,77,0,77,251
04/15/2010,MKC,MO,ACE,CE,Towers with Radar,0,41,73,0,114,0,15,52,0,67,0,56,125,0,181,8,0,8,189
04/16/2010,MKC,MO,ACE,CE,Towers with Radar,0,41,72,3,116,0,16,50,0,66,0,57,122,3,182,84,0,84,266
04/17/2010,MKC,MO,ACE,CE,Towers with Radar,0,8,34,0,42,0,9,78,1,88,0,17,112,1,130,172,0,172,302
04/18/2010,MKC,MO,ACE,CE,Towers with Radar,0,14,36,3,53,0,4,71,0,75,0,18,107,3,128,135,6,141,269
04/19/2010,MKC,MO,ACE,CE,Towers with Radar,0,42,45,2,89,0,27,65,1,93,0,69,110,3,182,68,0,68,250
04/20/2010,MKC,MO,ACE,CE,Towers with Radar,0,47,90,1,138,0,18,85,0,103,0,65,175,1,241,108,0,108,349
04/21/2010,MKC,MO,ACE,CE,Towers with Radar,2,50,78,2,132,0,5,55,4,64,2,55,133,6,196,22,4,26,222
04/22/2010,MKC,MO,ACE,CE,Towers with Radar,0,31,58,0,89,0,1,7,0,8,0,32,65,0,97,26,0,26,123
04/23/2010,MKC,MO,ACE,CE,Towers with Radar,0,55,71,1,127,0,21,28,1,50,0,76,99,2,177,26,0,26,203
04/24/2010,MKC,MO,ACE,CE,Towers with Radar,0,10,35,0,45,0,12,11,0,23,0,22,46,0,68,38,0,38,106
04/25/2010,MKC,MO,ACE,CE,Towers with Radar,2,24,33,0,59,0,1,7,0,8,2,25,40,0,67,4,0,4,71
04/26/2010,MKC,MO,ACE,CE,Towers with Radar,0,37,51,4,92,0,12,28,0,40,0,49,79,4,132,25,0,25,157
04/27/2010,MKC,MO,ACE,CE,Towers with Radar,0,46,63,3,112,0,15,58,2,75,0,61,121,5,187,140,4,144,331
04/28/2010,MKC,MO,ACE,CE,Towers with Radar,4,28,62,2,96,0,4,54,8,66,4,32,116,10,162,84,7,91,253
04/29/2010,MKC,MO,ACE,CE,Towers with Radar,0,37,76,3,116,0,7,29,2,38,0,44,105,5,154,0,0,0,154
04/30/2010,MKC,MO,ACE,CE,Towers with Radar,0,21,53,5,79,0,5,58,6,69,0,26,111,11,148,62,0,62,210
05/01/2010,MKC,MO,ACE,CE,Towers with Radar,0,28,53,0,81,0,8,48,2,58,0,36,101,2,139,129,0,129,268
05/02/2010,MKC,MO,ACE,CE,Towers with Radar,0,20,27,1,48,0,7,51,0,58,0,27,78,1,106,60,0,60,166
05/03/2010,MKC,MO,ACE,CE,Towers with Radar,0,25,48,2,75,0,9,53,0,62,0,34,101,2,137,49,0,49,186
05/04/2010,MKC,MO,ACE,CE,Towers with Radar,0,44,78,0,122,0,20,40,2,62,0,64,118,2,184,30,4,34,218
05/05/2010,MKC,MO,ACE,CE,Towers with Radar,0,38,87,0,125,0,9,72,0,81,0,47,159,0,206,92,0,92,298
05/06/2010,MKC,MO,ACE,CE,Towers with Radar,0,46,85,0,131,0,14,47,0,61,0,60,132,0,192,20,8,28,220
05/07/2010,MKC,MO,ACE,CE,Towers with Radar,0,39,61,2,102,0,13,32,1,46,0,52,93,3,148,6,0,6,154
05/08/2010,MKC,MO,ACE,CE,Towers with Radar,0,14,34,2,50,0,8,59,1,68,0,22,93,3,118,67,0,67,185
05/09/2010,MKC,MO,ACE,CE,Towers with Radar,2,16,26,0,44,0,1,27,0,28,2,17,53,0,72,23,0,23,95
05/10/2010,MKC,MO,ACE,CE,Towers with Radar,2,25,58,0,85,0,1,2,0,3,2,26,60,0,88,0,0,0,88
05/11/2010,MKC,MO,ACE,CE,Towers with Radar,0,42,72,3,117,0,19,32,3,54,0,61,104,6,171,126,0,126,297
05/12/2010,MKC,MO,ACE,CE,Towers with Radar,2,37,60,0,99,0,4,14,0,18,2,41,74,0,117,0,0,0,117
05/13/2010,MKC,MO,ACE,CE,Towers with Radar,2,32,73,0,107,0,10,16,0,26,2,42,89,0,133,66,0,66,199
05/14/2010,MKC,MO,ACE,CE,Towers with Radar,0,41,70,0,111,0,20,79,2,101,0,61,149,2,212,62,0,62,274
05/15/2010,MKC,MO,ACE,CE,Towers with Radar,0,26,33,4,63,0,9,12,0,21,0,35,45,4,84,2,0,2,86
05/16/2010,MKC,MO,ACE,CE,Towers with Radar,2,18,30,2,52,0,1,2,0,3,2,19,32,2,55,0,0,0,55
05/17/2010,MKC,MO,ACE,CE,Towers with Radar,0,33,82,0,115,0,9,32,0,41,0,42,114,0,156,74,0,74,230
05/18/2010,MKC,MO,ACE,CE,Towers with Radar,0,44,82,2,128,0,12,85,2,99,0,56,167,4,227,72,0,72,299
05/19/2010,MKC,MO,ACE,CE,Towers with Radar,0,40,75,0,115,0,14,57,2,73,0,54,132,2,188,70,0,70,258
05/20/2010,MKC,MO,ACE,CE,Towers with Radar,2,39,95,0,136,0,8,17,0,25,2,47,112,0,161,22,0,22,183
05/21/2010,MKC,MO,ACE,CE,Towers with Radar,0,39,68,2,109,0,18,67,1,86,0,57,135,3,195,94,0,94,289
05/22/2010,MKC,MO,ACE,CE,Towers with Radar,0,12,39,0,51,0,14,40,4,58,0,26,79,4,109,58,0,58,167
05/23/2010,MKC,MO,ACE,CE,Towers with Radar,0,15,43,2,60,0,5,63,3,71,0,20,106,5,131,88,0,88,219
05/24/2010,MKC,MO,ACE,CE,Towers with Radar,0,42,68,0,110,0,23,92,5,120,0,65,160,5,230,30,0,30,260
05/25/2010,MKC,MO,ACE,CE,Towers with Radar,2,65,73,2,142,0,22,42,0,64,2,87,115,2,206,40,0,40,246
05/26/2010,MKC,MO,ACE,CE,Towers with Radar,3,52,85,4,144,0,23,44,2,69,3,75,129,6,213,32,4,36,249
05/27/2010,MKC,MO,ACE,CE,Towers with Radar,0,47,67,1,115,0,15,76,4,95,0,62,143,5,210,84,6,90,300
05/28/2010,MKC,MO,ACE,CE,Towers with Radar,0,40,70,2,112,0,31,80,0,111,0,71,150,2,223,62,0,62,285
05/29/2010,MKC,MO,ACE,CE,Towers with Radar,0,13,24,0,37,0,11,53,0,64,0,24,77,0,101,67,0,67,168
05/30/2010,MKC,MO,ACE,CE,Towers with Radar,4,9,21,0,34,0,4,37,0,41,4,13,58,0,75,44,2,46,121
05/31/2010,MKC,MO,ACE,CE,Towers with Radar,0,13,49,0,62,0,7,57,0,64,0,20,106,0,126,98,0,98,224
06/01/2010,MKC,MO,ACE,CE,Towers with Radar,0,37,47,0,84,0,9,46,0,55,0,46,93,0,139,12,0,12,151
06/02/2010,MKC,MO,ACE,CE,Towers with Radar,0,48,51,0,99,0,15,48,0,63,0,63,99,0,162,16,0,16,178
06/03/2010,MKC,MO,ACE,CE,Towers with Radar,4,50,85,0,139,0,13,107,2,122,4,63,192,2,261,50,8,58,319
06/04/2010,MKC,MO,ACE,CE,Towers with Radar,0,44,50,0,94,0,34,75,0,109,0,78,125,0,203,110,0,110,313
06/05/2010,MKC,MO,ACE,CE,Towers with Radar,1,12,39,0,52,0,8,54,1,63,1,20,93,1,115,59,0,59,174
06/06/2010,MKC,MO,ACE,CE,Towers with Radar,1,22,22,2,47,0,10,96,6,112,1,32,118,8,159,66,0,66,225
06/07/2010,MKC,MO,ACE,CE,Towers with Radar,2,38,60,2,102,0,6,30,1,37,2,44,90,3,139,52,0,52,191
06/08/2010,MKC,MO,ACE,CE,Towers with Radar,0,54,64,0,118,0,4,11,3,18,0,58,75,3,136,0,0,0,136
06/09/2010,MKC,MO,ACE,CE,Towers with Radar,0,40,69,7,116,0,1,54,1,56,0,41,123,8,172,50,11,61,233
06/10/2010,MKC,MO,ACE,CE,Towers with Radar,0,40,68,2,110,0,17,59,8,84,0,57,127,10,194,56,14,70,264
06/11/2010,MKC,MO,ACE,CE,Towers with Radar,0,45,69,2,116,0,5,29,0,34,0,50,98,2,150,32,0,32,182
06/12/2010,MKC,MO,ACE,CE,Towers with Radar,0,12,17,1,30,0,1,20,0,21,0,13,37,1,51,6,0,6,57
06/13/2010,MKC,MO,ACE,CE,Towers with Radar,4,7,37,2,50,0,4,17,0,21,4,11,54,2,71,85,0,85,156
06/14/2010,MKC,MO,ACE,CE,Towers with Radar,0,47,58,4,109,0,7,37,0,44,0,54,95,4,153,70,2,72,225
06/15/2010,MKC,MO,ACE,CE,Towers with Radar,0,54,67,1,122,0,4,46,3,53,0,58,113,4,175,90,0,90,265
06/16/2010,MKC,MO,ACE,CE,Towers with Radar,0,40,73,2,115,0,7,70,0,77,0,47,143,2,192,58,4,62,254
06/17/2010,MKC,MO,ACE,CE,Towers with Radar,4,48,102,2,156,0,13,75,9,97,4,61,177,11,253,54,4,58,311
06/18/2010,MKC,MO,ACE,CE,Towers with Radar,0,45,57,0,102,0,23,58,0,81,0,68,115,0,183,4,0,4,187
06/19/2010,MKC,MO,ACE,CE,Towers with Radar,0,7,18,3,28,0,10,59,1,70,0,17,77,4,98,84,0,84,182
06/20/2010,MKC,MO,ACE,CE,Towers with Radar,0,18,24,1,43,0,3,57,2,62,0,21,81,3,105,92,0,92,197
06/21/2010,MKC,MO,ACE,CE,Towers with Radar,0,30,61,5,96,0,6,55,1,62,0,36,116,6,158,61,0,61,219
06/22/2010,MKC,MO,ACE,CE,Towers with Radar,0,38,62,2,102,0,12,59,2,73,0,50,121,4,175,66,0,66,241
06/23/2010,MKC,MO,ACE,CE,Towers with Radar,2,34,79,0,115,0,7,54,0,61,2,41,133,0,176,43,0,43,219
06/24/2010,MKC,MO,ACE,CE,Towers with Radar,0,45,83,0,128,0,18,78,2,98,0,63,161,2,226,70,0,70,296
06/25/2010,MKC,MO,ACE,CE,Towers with Radar,0,33,73,1,107,0,13,93,0,106,0,46,166,1,213,140,0,140,353
06/26/2010,MKC,MO,ACE,CE,Towers with Radar,0,14,22,1,37,0,14,65,1,80,0,28,87,2,117,22,0,22,139
06/27/2010,MKC,MO,ACE,CE,Towers with Radar,0,14,30,0,44,0,6,56,0,62,0,20,86,0,106,39,0,39,145
06/28/2010,MKC,MO,ACE,CE,Towers with Radar,0,32,81,0,113,0,2,44,0,46,0,34,125,0,159,26,0,26,185
06/29/2010,MKC,MO,ACE,CE,Towers with Radar,0,49,82,3,134,0,21,90,1,112,0,70,172,4,246,24,12,36,282
06/30/2010,MKC,MO,ACE,CE,Towers with Radar,0,50,96,1,147,0,10,95,0,105,0,60,191,1,252,44,0,44,296
07/01/2010,MKC,MO,ACE,CE,Towers with Radar,0,45,79,3,127,0,10,81,2,93,0,55,160,5,220,54,0,54,274
07/02/2010,MKC,MO,ACE,CE,Towers with Radar,0,39,50,0,89,0,5,62,0,67,0,44,112,0,156,50,0,50,206
07/03/2010,MKC,MO,ACE,CE,Towers with Radar,1,9,29,2,41,0,8,40,0,48,1,17,69,2,89,68,0,68,157
07/04/2010,MKC,MO,ACE,CE,Towers with Radar,0,18,8,0,26,0,3,14,0,17,0,21,22,0,43,10,0,10,53
07/05/2010,MKC,MO,ACE,CE,Towers with Radar,0,16,30,1,47,0,3,15,2,20,0,19,45,3,67,76,0,76,143
07/06/2010,MKC,MO,ACE,CE,Towers with Radar,0,28,60,0,88,0,5,33,0,38,0,33,93,0,126,90,0,90,216
07/07/2010,MKC,MO,ACE,CE,Towers with Radar,0,38,74,3,115,0,4,42,1,47,0,42,116,4,162,99,4,103,265
07/08/2010,MKC,MO,ACE,CE,Towers with Radar,0,50,39,0,89,0,8,17,3,28,0,58,56,3,117,92,0,92,209
07/09/2010,MKC,MO,ACE,CE,Towers with Radar,0,42,52,3,97,0,26,121,0,147,0,68,173,3,244,160,0,160,404
07/10/2010,MKC,MO,ACE,CE,Towers with Radar,0,17,29,0,46,0,6,85,2,93,0,23,114,2,139,120,0,120,259
07/11/2010,MKC,MO,ACE,CE,Towers with Radar,0,6,26,0,32,0,4,22,0,26,0,10,48,0,58,32,0,32,90
07/12/2010,MKC,MO,ACE,CE,Towers with Radar,0,36,77,1,114,0,4,41,2,47,0,40,118,3,161,106,0,106,267
07/13/2010,MKC,MO,ACE,CE,Towers with Radar,0,64,65,3,132,0,10,90,3,103,0,74,155,6,235,78,0,78,313
07/14/2010,MKC,MO,ACE,CE,Towers with Radar,0,52,73,7,132,0,17,62,2,81,0,69,135,9,213,91,0,91,304
07/15/2010,MKC,MO,ACE,CE,Towers with Radar,0,43,78,2,123,0,7,65,4,76,0,50,143,6,199,102,9,111,310
07/16/2010,MKC,MO,ACE,CE,Towers with Radar,0,45,66,4,115,0,21,72,0,93,0,66,138,4,208,38,0,38,246
07/17/2010,MKC,MO,ACE,CE,Towers with Radar,0,16,26,0,42,0,4,79,1,84,0,20,105,1,126,39,0,39,165
07/18/2010,MKC,MO,ACE,CE,Towers with Radar,1,17,24,2,44,0,5,57,1,63,1,22,81,3,107,84,20,104,211
07/19/2010,MKC,MO,ACE,CE,Towers with Radar,0,31,48,2,81,0,7,67,3,77,0,38,115,5,158,74,0,74,232
07/20/2010,MKC,MO,ACE,CE,Towers with Radar,0,43,62,1,106,0,8,52,0,60,0,51,114,1,166,92,0,92,258
07/21/2010,MKC,MO,ACE,CE,Towers with Radar,1,45,67,0,113,0,13,71,0,84,1,58,138,0,197,123,0,123,320
07/22/2010,MKC,MO,ACE,CE,Towers with Radar,0,47,87,2,136,0,4,72,2,78,0,51,159,4,214,138,0,138,352
07/23/2010,MKC,MO,ACE,CE,Towers with Radar,0,42,67,0,109,0,11,94,1,106,0,53,161,1,215,96,0,96,311
07/24/2010,MKC,MO,ACE,CE,Towers with Radar,0,20,33,1,54,0,6,35,5,46,0,26,68,6,100,64,0,64,164
07/25/2010,MKC,MO,ACE,CE,Towers with Radar,0,18,38,0,56,0,4,47,8,59,0,22,85,8,115,88,12,100,215
07/26/2010,MKC,MO,ACE,CE,Towers with Radar,0,37,60,0,97,0,7,44,0,51,0,44,104,0,148,74,0,74,222
07/27/2010,MKC,MO,ACE,CE,Towers with Radar,0,60,51,0,111,0,6,35,2,43,0,66,86,2,154,38,6,44,198
07/28/2010,MKC,MO,ACE,CE,Towers with Radar,0,51,70,0,121,0,8,65,2,75,0,59,135,2,196,116,0,116,312
07/29/2010,MKC,MO,ACE,CE,Towers with Radar,0,40,75,0,115,0,7,43,3,53,0,47,118,3,168,0,0,0,168
07/30/2010,MKC,MO,ACE,CE,Towers with Radar,0,55,56,0,111,0,13,54,0,67,0,68,110,0,178,32,0,32,210
07/31/2010,MKC,MO,ACE,CE,Towers with Radar,0,17,44,0,61,0,8,58,10,76,0,25,102,10,137,96,0,96,233
08/01/2010,MKC,MO,ACE,CE,Towers with Radar,0,38,40,0,78,0,3,59,0,62,0,41,99,0,140,32,0,32,172
08/02/2010,MKC,MO,ACE,CE,Towers with Radar,0,52,34,0,86,0,4,34,4,42,0,56,68,4,128,28,0,28,156
08/03/2010,MKC,MO,ACE,CE,Towers with Radar,0,48,53,2,103,0,12,50,0,62,0,60,103,2,165,28,0,28,193
08/04/2010,MKC,MO,ACE,CE,Towers with Radar,0,49,77,2,128,0,28,34,0,62,0,77,111,2,190,62,0,62,252
08/05/2010,MKC,MO,ACE,CE,Towers with Radar,0,53,63,4,120,0,15,50,0,65,0,68,113,4,185,32,0,32,217
08/06/2010,MKC,MO,ACE,CE,Towers with Radar,0,49,50,1,100,0,14,87,0,101,0,63,137,1,201,50,0,50,251
08/07/2010,MKC,MO,ACE,CE,Towers with Radar,0,19,46,0,65,0,21,388,5,414,0,40,434,5,479,18,0,18,497
08/08/2010,MKC,MO,ACE,CE,Towers with Radar,0,20,44,0,64,0,4,90,1,95,0,24,134,1,159,73,0,73,232
08/09/2010,MKC,MO,ACE,CE,Towers with Radar,0,43,55,0,98,0,5,34,0,39,0,48,89,0,137,46,0,46,183
08/10/2010,MKC,MO,ACE,CE,Towers with Radar,0,45,60,0,105,0,14,37,1,52,0,59,97,1,157,8,0,8,165
08/11/2010,MKC,MO,ACE,CE,Towers with Radar,0,45,64,2,111,0,17,44,0,61,0,62,108,2,172,34,0,34,206
08/12/2010,MKC,MO,ACE,CE,Towers with Radar,0,44,68,2,114,0,8,75,0,83,0,52,143,2,197,52,0,52,249
08/13/2010,MKC,MO,ACE,CE,Towers with Radar,0,38,59,1,98,0,19,43,0,62,0,57,102,1,160,28,0,28,188
08/14/2010,MKC,MO,ACE,CE,Towers with Radar,0,24,20,1,45,0,5,44,1,50,0,29,64,2,95,58,0,58,153
08/15/2010,MKC,MO,ACE,CE,Towers with Radar,0,14,40,0,54,0,10,61,2,73,0,24,101,2,127,60,0,60,187
08/16/2010,MKC,MO,ACE,CE,Towers with Radar,0,34,45,2,81,0,7,67,3,77,0,41,112,5,158,52,4,56,214
08/17/2010,MKC,MO,ACE,CE,Towers with Radar,0,48,59,2,109,0,11,29,0,40,0,59,88,2,149,90,0,90,239
08/18/2010,MKC,MO,ACE,CE,Towers with Radar,0,39,63,6,108,0,12,84,0,96,0,51,147,6,204,74,0,74,278
08/19/2010,MKC,MO,ACE,CE,Towers with Radar,0,46,65,2,113,0,8,67,5,80,0,54,132,7,193,36,18,54,247
08/20/2010,MKC,MO,ACE,CE,Towers with Radar,0,26,56,0,82,0,10,47,0,57,0,36,103,0,139,44,0,44,183
08/21/2010,MKC,MO,ACE,CE,Towers with Radar,0,20,30,3,53,0,7,141,6,154,0,27,171,9,207,72,0,72,279
08/22/2010,MKC,MO,ACE,CE,Towers with Radar,0,22,30,0,52,0,5,71,0,76,0,27,101,0,128,144,0,144,272
08/23/2010,MKC,MO,ACE,CE,Towers with Radar,0,39,56,0,95,0,7,64,0,71,0,46,120,0,166,42,0,42,208
08/24/2010,MKC,MO,ACE,CE,Towers with Radar,0,54,53,3,110,0,9,47,9,65,0,63,100,12,175,60,0,60,235
08/25/2010,MKC,MO,ACE,CE,Towers with Radar,0,43,78,2,123,0,17,66,2,85,0,60,144,4,208,90,0,90,298
08/26/2010,MKC,MO,ACE,CE,Towers with Radar,0,53,68,2,123,0,6,82,9,97,0,59,150,11,220,120,0,120,340
08/27/2010,MKC,MO,ACE,CE,Towers with Radar,0,46,54,0,100,0,21,73,2,96,0,67,127,2,196,74,0,74,270
08/28/2010,MKC,MO,ACE,CE,Towers with Radar,0,16,26,5,47,0,6,56,1,63,0,22,82,6,110,16,0,16,126
08/29/2010,MKC,MO,ACE,CE,Towers with Radar,0,14,43,0,57,0,3,36,4,43,0,17,79,4,100,27,0,27,127
08/30/2010,MKC,MO,ACE,CE,Towers with Radar,0,37,41,1,79,0,8,36,0,44,0,45,77,1,123,16,0,16,139
08/31/2010,MKC,MO,ACE,CE,Towers with Radar,0,39,73,1,113,0,7,39,0,46,0,46,112,1,159,28,0,28,187
09/01/2010,MKC,MO,ACE,CE,Towers with Radar,0,54,36,0,90,0,6,16,0,22,0,60,52,0,112,30,0,30,142
09/02/2010,MKC,MO,ACE,CE,Towers with Radar,0,45,48,3,96,0,8,17,0,25,0,53,65,3,121,10,0,10,131
09/03/2010,MKC,MO,ACE,CE,Towers with Radar,0,41,31,1,73,0,12,72,1,85,0,53,103,2,158,76,0,76,234
09/04/2010,MKC,MO,ACE,CE,Towers with Radar,0,16,29,0,45,0,8,80,0,88,0,24,109,0,133,157,0,157,290
09/05/2010,MKC,MO,ACE,CE,Towers with Radar,0,8,22,0,30,0,0,0,0,0,0,8,22,0,30,79,0,79,109
09/06/2010,MKC,MO,ACE,CE,Towers with Radar,0,17,28,0,45,0,0,1,0,1,0,17,29,0,46,8,0,8,54
09/07/2010,MKC,MO,ACE,CE,Towers with Radar,0,43,54,6,103,0,19,48,0,67,0,62,102,6,170,82,10,92,262
09/08/2010,MKC,MO,ACE,CE,Towers with Radar,0,76,62,0,138,0,17,66,0,83,0,93,128,0,221,32,0,32,253
09/09/2010,MKC,MO,ACE,CE,Towers with Radar,0,46,60,2,108,0,2,10,0,12,0,48,70,2,120,2,0,2,122
09/10/2010,MKC,MO,ACE,CE,Towers with Radar,0,47,53,2,102,0,8,24,0,32,0,55,77,2,134,18,0,18,152
09/11/2010,MKC,MO,ACE,CE,Towers with Radar,0,19,53,0,72,0,8,274,3,285,0,27,327,3,357,10,0,10,367
09/12/2010,MKC,MO,ACE,CE,Towers with Radar,0,15,28,0,43,0,2,61,0,63,0,17,89,0,106,96,0,96,202
09/13/2010,MKC,MO,ACE,CE,Towers with Radar,0,38,71,0,109,0,15,73,5,93,0,53,144,5,202,38,6,44,246
09/14/2010,MKC,MO,ACE,CE,Towers with Radar,0,56,92,3,151,0,15,43,7,65,0,71,135,10,216,20,0,20,236
09/15/2010,MKC,MO,ACE,CE,Towers with Radar,0,41,48,5,94,0,5,12,0,17,0,46,60,5,111,24,0,24,135
09/16/2010,MKC,MO,ACE,CE,Towers with Radar,1,51,94,0,146,0,9,58,9,76,1,60,152,9,222,14,0,14,236
09/17/2010,MKC,MO,ACE,CE,Towers with Radar,0,53,78,0,131,0,22,88,0,110,0,75,166,0,241,68,0,68,309
09/18/2010,MKC,MO,ACE,CE,Towers with Radar,0,16,28,0,44,0,4,30,0,34,0,20,58,0,78,24,0,24,102
09/19/2010,MKC,MO,ACE,CE,Towers with Radar,0,8,42,0,50,0,5,26,0,31,0,13,68,0,81,62,0,62,143
09/20/2010,MKC,MO,ACE,CE,Towers with Radar,0,39,58,4,101,0,5,55,2,62,0,44,113,6,163,18,0,18,181
09/21/2010,MKC,MO,ACE,CE,Towers with Radar,0,55,54,4,113,0,13,52,2,67,0,68,106,6,180,31,6,37,217
09/22/2010,MKC,MO,ACE,CE,Towers with Radar,0,38,75,0,113,0,12,53,2,67,0,50,128,2,180,8,0,8,188
09/23/2010,MKC,MO,ACE,CE,Towers with Radar,0,37,74,0,111,0,8,22,2,32,0,45,96,2,143,2,0,2,145
09/24/2010,MKC,MO,ACE,CE,Towers with Radar,0,46,50,0,96,0,12,84,0,96,0,58,134,0,192,88,0,88,280
09/25/2010,MKC,MO,ACE,CE,Towers with Radar,0,22,39,0,61,0,7,36,4,47,0,29,75,4,108,12,0,12,120
09/26/2010,MKC,MO,ACE,CE,Towers with Radar,0,16,60,0,76,0,2,56,0,58,0,18,116,0,134,36,0,36,170
09/27/2010,MKC,MO,ACE,CE,Towers with Radar,0,31,81,4,116,0,7,72,2,81,0,38,153,6,197,54,4,58,255
09/28/2010,MKC,MO,ACE,CE,Towers with Radar,0,45,63,10,118,0,21,46,2,69,0,66,109,12,187,18,12,30,217
09/29/2010,MKC,MO,ACE,CE,Towers with Radar,0,52,99,2,153,0,14,61,0,75,0,66,160,2,228,38,0,38,266
09/30/2010,MKC,MO,ACE,CE,Towers with Radar,5,59,113,4,181,0,13,93,1,107,5,72,206,5,288,32,0,32,320
10/01/2010,MKC,MO,ACE,CE,Towers with Radar,0,50,79,0,129,0,14,95,1,110,0,64,174,1,239,140,0,140,379
10/02/2010,MKC,MO,ACE,CE,Towers with Radar,0,25,47,0,72,0,10,63,3,76,0,35,110,3,148,6,4,10,158
10/03/2010,MKC,MO,ACE,CE,Towers with Radar,0,37,95,0,132,0,44,171,0,215,0,81,266,0,347,26,0,26,373
10/04/2010,MKC,MO,ACE,CE,Towers with Radar,0,41,63,1,105,0,7,55,1,63,0,48,118,2,168,12,0,12,180
10/05/2010,MKC,MO,ACE,CE,Towers with Radar,0,48,57,1,106,0,11,57,0,68,0,59,114,1,174,38,0,38,212
10/06/2010,MKC,MO,ACE,CE,Towers with Radar,0,51,66,4,121,0,19,44,4,67,0,70,110,8,188,10,6,16,204
10/07/2010,MKC,MO,ACE,CE,Towers with Radar,0,50,82,3,135,0,6,75,1,82,0,56,157,4,217,48,4,52,269
10/08/2010,MKC,MO,ACE,CE,Towers with Radar,0,50,73,6,129,0,3,89,2,94,0,53,162,8,223,48,8,56,279
10/09/2010,MKC,MO,ACE,CE,Towers with Radar,1,16,30,1,48,0,15,84,1,100,1,31,114,2,148,12,0,12,160
10/10/2010,MKC,MO,ACE,CE,Towers with Radar,0,26,46,0,72,0,5,68,1,74,0,31,114,1,146,40,0,40,186
10/11/2010,MKC,MO,ACE,CE,Towers with Radar,0,42,44,0,86,0,5,8,0,13,0,47,52,0,99,0,0,0,99
10/12/2010,MKC,MO,ACE,CE,Towers with Radar,0,47,51,2,100,0,24,46,0,70,0,71,97,2,170,38,0,38,208
10/13/2010,MKC,MO,ACE,CE,Towers with Radar,0,50,61,5,116,0,7,41,7,55,0,57,102,12,171,0,0,0,171
10/14/2010,MKC,MO,ACE,CE,Towers with Radar,0,47,53,0,100,0,18,68,2,88,0,65,121,2,188,18,0,18,206
10/15/2010,MKC,MO,ACE,CE,Towers with Radar,0,41,76,2,119,0,9,53,2,64,0,50,129,4,183,12,0,12,195
10/16/2010,MKC,MO,ACE,CE,Towers with Radar,0,17,38,0,55,0,13,100,1,114,0,30,138,1,169,66,0,66,235
10/17/2010,MKC,MO,ACE,CE,Towers with Radar,0,12,39,1,52,0,16,120,3,139,0,28,159,4,191,58,0,58,249
10/18/2010,MKC,MO,ACE,CE,Towers with Radar,0,41,49,2,92,0,16,39,3,58,0,57,88,5,150,6,2,8,158
10/19/2010,MKC,MO,ACE,CE,Towers with Radar,0,57,70,2,129,0,13,53,0,66,0,70,123,2,195,22,0,22,217
10/20/2010,MKC,MO,ACE,CE,Towers with Radar,0,59,99,8,166,0,23,70,2,95,0,82,169,10,261,44,0,44,305
10/21/2010,MKC,MO,ACE,CE,Towers with Radar,0,59,69,9,137,0,10,70,1,81,0,69,139,10,218,20,0,20,238
10/22/2010,MKC,MO,ACE,CE,Towers with Radar,0,56,60,2,118,0,5,49,0,54,0,61,109,2,172,20,0,20,192
10/23/2010,MKC,MO,ACE,CE,Towers with Radar,0,16,32,0,48,0,1,22,2,25,0,17,54,2,73,66,0,66,139
10/24/2010,MKC,MO,ACE,CE,Towers with Radar,0,39,59,1,99,0,11,28,0,39,0,50,87,1,138,64,0,64,202
10/25/2010,MKC,MO,ACE,CE,Towers with Radar,0,53,71,3,127,0,14,29,1,44,0,67,100,4,171,0,3,3,174
10/26/2010,MKC,MO,ACE,CE,Towers with Radar,0,61,54,0,115,0,9,26,2,37,0,70,80,2,152,12,2,14,166
10/27/2010,MKC,MO,ACE,CE,Towers with Radar,0,41,86,0,127,0,11,44,0,55,0,52,130,0,182,16,0,16,198
10/28/2010,MKC,MO,ACE,CE,Towers with Radar,0,50,73,6,129,0,9,66,2,77,0,59,139,8,206,56,10,66,272
10/29/2010,MKC,MO,ACE,CE,Towers with Radar,0,41,61,2,104,0,12,85,3,100,0,53,146,5,204,66,0,66,270
10/30/2010,MKC,MO,ACE,CE,Towers with Radar,2,25,34,2,63,0,5,60,2,67,2,30,94,4,130,32,0,32,162
10/31/2010,MKC,MO,ACE,CE,Towers with Radar,0,12,46,0,58,0,5,66,0,71,0,17,112,0,129,16,0,16,145
11/01/2010,MKC,MO,ACE,CE,Towers with Radar,0,37,64,0,101,0,6,54,2,62,0,43,118,2,163,36,0,36,199
11/02/2010,MKC,MO,ACE,CE,Towers with Radar,0,48,68,4,120,0,17,59,2,78,0,65,127,6,198,60,18,78,276
11/03/2010,MKC,MO,ACE,CE,Towers with Radar,0,53,66,2,121,0,9,53,0,62,0,62,119,2,183,34,0,34,217
11/04/2010,MKC,MO,ACE,CE,Towers with Radar,0,51,62,0,113,0,12,41,0,53,0,63,103,0,166,4,0,4,170
11/05/2010,MKC,MO,ACE,CE,Towers with Radar,0,49,39,0,88,0,13,72,3,88,0,62,111,3,176,54,0,54,230
11/06/2010,MKC,MO,ACE,CE,Towers with Radar,0,19,29,0,48,0,10,78,5,93,0,29,107,5,141,42,0,42,183
11/07/2010,MKC,MO,ACE,CE,Towers with Radar,0,14,37,0,51,0,13,38,0,51,0,27,75,0,102,52,0,52,154
11/08/2010,MKC,MO,ACE,CE,Towers with Radar,0,38,53,3,94,0,11,56,4,71,0,49,109,7,165,0,0,0,165
11/09/2010,MKC,MO,ACE,CE,Towers with Radar,0,54,55,0,109,0,9,54,4,67,0,63,109,4,176,50,2,52,228
11/10/2010,MKC,MO,ACE,CE,Towers with Radar,0,54,51,2,107,0,19,37,4,60,0,73,88,6,167,44,4,48,215
11/11/2010,MKC,MO,ACE,CE,Towers with Radar,0,45,61,0,106,0,4,23,2,29,0,49,84,2,135,54,0,54,189
11/12/2010,MKC,MO,ACE,CE,Towers with Radar,0,45,64,0,109,0,0,0,0,0,0,45,64,0,109,0,0,0,109
11/13/2010,MKC,MO,ACE,CE,Towers with Radar,0,20,27,2,49,0,2,23,0,25,0,22,50,2,74,18,0,18,92
11/14/2010,MKC,MO,ACE,CE,Towers with Radar,0,10,19,0,29,0,8,58,0,66,0,18,77,0,95,54,0,54,149
11/15/2010,MKC,MO,ACE,CE,Towers with Radar,0,48,75,1,124,0,6,48,0,54,0,54,123,1,178,20,0,20,198
11/16/2010,MKC,MO,ACE,CE,Towers with Radar,0,54,70,4,128,0,11,48,2,61,0,65,118,6,189,14,2,16,205
11/17/2010,MKC,MO,ACE,CE,Towers with Radar,0,41,86,0,127,0,0,20,0,20,0,41,106,0,147,26,0,26,173
11/18/2010,MKC,MO,ACE,CE,Towers with Radar,0,50,73,0,123,0,11,28,2,41,0,61,101,2,164,56,6,62,226
11/19/2010,MKC,MO,ACE,CE,Towers with Radar,1,58,84,0,143,0,7,49,0,56,1,65,133,0,199,48,0,48,247
11/20/2010,MKC,MO,ACE,CE,Towers with Radar,1,24,53,0,78,0,4,43,0,47,1,28,96,0,125,22,0,22,147
11/21/2010,MKC,MO,ACE,CE,Towers with Radar,0,19,49,0,68,0,0,18,0,18,0,19,67,0,86,42,0,42,128
11/22/2010,MKC,MO,ACE,CE,Towers with Radar,0,49,48,4,101,0,9,39,2,50,0,58,87,6,151,16,0,16,167
11/23/2010,MKC,MO,ACE,CE,Towers with Radar,1,47,69,0,117,0,5,65,6,76,1,52,134,6,193,45,8,53,246
11/24/2010,MKC,MO,ACE,CE,Towers with Radar,0,41,29,0,70,0,3,13,0,16,0,44,42,0,86,4,0,4,90
11/25/2010,MKC,MO,ACE,CE,Towers with Radar,0,21,7,0,28,0,2,32,0,34,0,23,39,0,62,14,0,14,76
11/26/2010,MKC,MO,ACE,CE,Towers with Radar,0,30,26,0,56,0,15,83,0,98,0,45,109,0,154,58,0,58,212
11/27/2010,MKC,MO,ACE,CE,Towers with Radar,0,32,37,0,69,0,4,82,3,89,0,36,119,3,158,104,0,104,262
11/28/2010,MKC,MO,ACE,CE,Towers with Radar,0,22,35,0,57,0,3,22,0,25,0,25,57,0,82,0,0,0,82
11/29/2010,MKC,MO,ACE,CE,Towers with Radar,0,37,41,0,78,0,12,33,2,47,0,49,74,2,125,24,0,24,149
11/30/2010,MKC,MO,ACE,CE,Towers with Radar,0,44,69,0,113,0,19,45,0,64,0,63,114,0,177,13,0,13,190
12/01/2010,MKC,MO,ACE,CE,Towers with Radar,0,40,54,4,98,0,6,51,1,58,0,46,105,5,156,44,0,44,200
12/02/2010,MKC,MO,ACE,CE,Towers with Radar,0,62,58,1,121,0,12,59,0,71,0,74,117,1,192,34,0,34,226
12/03/2010,MKC,MO,ACE,CE,Towers with Radar,0,54,78,0,132,0,13,66,0,79,0,67,144,0,211,36,0,36,247
12/04/2010,MKC,MO,ACE,CE,Towers with Radar,0,15,37,1,53,0,6,53,0,59,0,21,90,1,112,26,0,26,138
12/05/2010,MKC,MO,ACE,CE,Towers with Radar,0,24,62,0,86,0,1,55,1,57,0,25,117,1,143,12,0,12,155
12/06/2010,MKC,MO,ACE,CE,Towers with Radar,0,44,49,1,94,0,6,52,0,58,0,50,101,1,152,32,0,32,184
12/07/2010,MKC,MO,ACE,CE,Towers with Radar,0,49,60,0,109,0,15,53,0,68,0,64,113,0,177,68,0,68,245
12/08/2010,MKC,MO,ACE,CE,Towers with Radar,0,61,72,1,134,0,6,47,0,53,0,67,119,1,187,24,0,24,211
12/09/2010,MKC,MO,ACE,CE,Towers with Radar,0,66,63,4,133,0,2,37,1,40,0,68,100,5,173,25,0,25,198
12/10/2010,MKC,MO,ACE,CE,Towers with Radar,0,39,54,0,93,0,6,72,4,82,0,45,126,4,175,36,0,36,211
12/11/2010,MKC,MO,ACE,CE,Towers with Radar,0,23,11,1,35,0,5,2,0,7,0,28,13,1,42,8,0,8,50
12/12/2010,MKC,MO,ACE,CE,Towers with Radar,0,18,16,3,37,0,2,14,1,17,0,20,30,4,54,4,0,4,58
12/13/2010,MKC,MO,ACE,CE,Towers with Radar,0,34,38,2,74,0,8,32,0,40,0,42,70,2,114,16,2,18,132
12/14/2010,MKC,MO,ACE,CE,Towers with Radar,0,40,88,4,132,0,10,57,0,67,0,50,145,4,199,20,0,20,219
12/15/2010,MKC,MO,ACE,CE,Towers with Radar,0,39,57,0,96,0,0,17,0,17,0,39,74,0,113,23,0,23,136
12/16/2010,MKC,MO,ACE,CE,Towers with Radar,0,42,77,0,119,0,15,28,0,43,0,57,105,0,162,38,0,38,200
12/17/2010,MKC,MO,ACE,CE,Towers with Radar,0,52,58,0,110,0,4,50,0,54,0,56,108,0,164,64,0,64,228
12/18/2010,MKC,MO,ACE,CE,Towers with Radar,0,21,28,3,52,0,5,63,0,68,0,26,91,3,120,67,0,67,187
12/19/2010,MKC,MO,ACE,CE,Towers with Radar,0,16,28,0,44,0,5,55,0,60,0,21,83,0,104,120,0,120,224
12/20/2010,MKC,MO,ACE,CE,Towers with Radar,0,35,38,0,73,0,5,46,2,53,0,40,84,2,126,12,0,12,138
12/21/2010,MKC,MO,ACE,CE,Towers with Radar,0,33,61,0,94,0,6,58,7,71,0,39,119,7,165,48,2,50,215
12/22/2010,MKC,MO,ACE,CE,Towers with Radar,0,48,52,2,102,0,8,27,0,35,0,56,79,2,137,28,0,28,165
12/23/2010,MKC,MO,ACE,CE,Towers with Radar,0,37,22,0,59,0,8,42,0,50,0,45,64,0,109,4,0,4,113
12/24/2010,MKC,MO,ACE,CE,Towers with Radar,0,43,8,0,51,0,0,0,0,0,0,43,8,0,51,0,0,0,51
12/25/2010,MKC,MO,ACE,CE,Towers with Radar,0,14,1,0,15,0,2,5,0,7,0,16,6,0,22,0,0,0,22
12/26/2010,MKC,MO,ACE,CE,Towers with Radar,0,34,44,0,78,0,1,26,0,27,0,35,70,0,105,18,0,18,123
12/27/2010,MKC,MO,ACE,CE,Towers with Radar,0,42,39,0,81,0,3,75,0,78,0,45,114,0,159,98,0,98,257
12/28/2010,MKC,MO,ACE,CE,Towers with Radar,0,45,36,2,83,0,16,61,0,77,0,61,97,2,160,76,0,76,236
12/29/2010,MKC,MO,ACE,CE,Towers with Radar,0,34,36,0,70,0,1,5,0,6,0,35,41,0,76,2,0,2,78
12/30/2010,MKC,MO,ACE,CE,Towers with Radar,0,56,22,2,80,0,5,18,1,24,0,61,40,3,104,4,0,4,108
12/31/2010,MKC,MO,ACE,CE,Towers with Radar,0,44,8,0,52,0,6,13,0,19,0,50,21,0,71,14,0,14,85
01/01/2011,MKC,MO,ACE,CE,Towers with Radar,0,11,13,1,25,0,6,19,1,26,0,17,32,2,51,0,0,0,51
01/02/2011,MKC,MO,ACE,CE,Towers with Radar,0,15,45,0,60,0,7,32,0,39,0,22,77,0,99,10,0,10,109
01/03/2011,MKC,MO,ACE,CE,Towers with Radar,0,44,42,0,86,0,12,51,2,65,0,56,93,2,151,46,0,46,197
01/04/2011,MKC,MO,ACE,CE,Towers with Radar,0,41,63,4,108,0,23,83,0,106,0,64,146,4,214,112,0,112,326
01/05/2011,MKC,MO,ACE,CE,Towers with Radar,0,46,42,1,89,0,13,60,1,74,0,59,102,2,163,36,0,36,199
01/06/2011,MKC,MO,ACE,CE,Towers with Radar,0,39,49,2,90,0,17,48,0,65,0,56,97,2,155,46,0,46,201
01/07/2011,MKC,MO,ACE,CE,Towers with Radar,0,45,32,0,77,0,5,40,0,45,0,50,72,0,122,0,0,0,122
01/08/2011,MKC,MO,ACE,CE,Towers with Radar,0,25,51,0,76,0,2,53,3,58,0,27,104,3,134,30,0,30,164
01/09/2011,MKC,MO,ACE,CE,Towers with Radar,0,36,46,4,86,0,1,24,1,26,0,37,70,5,112,0,0,0,112
01/10/2011,MKC,MO,ACE,CE,Towers with Radar,0,24,34,0,58,0,0,0,0,0,0,24,34,0,58,0,0,0,58
01/11/2011,MKC,MO,ACE,CE,Towers with Radar,0,55,32,0,87,0,13,9,0,22,0,68,41,0,109,0,0,0,109
01/12/2011,MKC,MO,ACE,CE,Towers with Radar,0,38,47,3,88,0,13,39,0,52,0,51,86,3,140,26,0,26,166
01/13/2011,MKC,MO,ACE,CE,Towers with Radar,0,37,51,6,94,0,4,27,3,34,0,41,78,9,128,10,6,16,144
01/14/2011,MKC,MO,ACE,CE,Towers with Radar,0,45,59,0,104,0,9,56,4,69,0,54,115,4,173,20,8,28,201
01/15/2011,MKC,MO,ACE,CE,Towers with Radar,0,20,22,0,42,0,6,55,0,61,0,26,77,0,103,18,0,18,121
01/16/2011,MKC,MO,ACE,CE,Towers with Radar,0,11,13,0,24,0,0,15,1,16,0,11,28,1,40,37,0,37,77
01/17/2011,MKC,MO,ACE,CE,Towers with Radar,0,36,37,0,73,0,4,1,0,5,0,40,38,0,78,0,0,0,78
01/18/2011,MKC,MO,ACE,CE,Towers with Radar,0,42,65,0,107,0,5,15,6,26,0,47,80,6,133,36,4,40,173
01/19/2011,MKC,MO,ACE,CE,Towers with Radar,0,25,48,0,73,0,1,4,0,5,0,26,52,0,78,0,0,0,78
01/20/2011,MKC,MO,ACE,CE,Towers with Radar,0,48,52,0,100,0,1,20,0,21,0,49,72,0,121,14,0,14,135
01/21/2011,MKC,MO,ACE,CE,Towers with Radar,0,47,42,0,89,0,8,11,0,19,0,55,53,0,108,0,0,0,108
01/22/2011,MKC,MO,ACE,CE,Towers with Radar,0,27,17,1,45,0,12,44,1,57,0,39,61,2,102,46,0,46,148
01/23/2011,MKC,MO,ACE,CE,Towers with Radar,0,3,16,2,21,0,0,0,0,0,0,3,16,2,21,0,0,0,21
01/24/2011,MKC,MO,ACE,CE,Towers with Radar,0,50,41,0,91,0,20,38,0,58,0,70,79,0,149,34,0,34,183
01/25/2011,MKC,MO,ACE,CE,Towers with Radar,0,47,66,3,116,0,20,48,0,68,0,67,114,3,184,40,4,44,228
01/26/2011,MKC,MO,ACE,CE,Towers with Radar,0,51,52,4,107,0,4,13,0,17,0,55,65,4,124,30,0,30,154
01/27/2011,MKC,MO,ACE,CE,Towers with Radar,0,42,50,2,94,0,18,39,2,59,0,60,89,4,153,66,0,66,219
01/28/2011,MKC,MO,ACE,CE,Towers with Radar,0,38,57,0,95,0,8,73,0,81,0,46,130,0,176,54,0,54,230
01/29/2011,MKC,MO,ACE,CE,Towers with Radar,0,17,43,0,60,0,8,55,0,63,0,25,98,0,123,100,1,101,224
01/30/2011,MKC,MO,ACE,CE,Towers with Radar,0,18,27,0,45,0,3,12,2,17,0,21,39,2,62,7,0,7,69
01/31/2011,MKC,MO,ACE,CE,Towers with Radar,0,20,20,0,40,0,0,0,0,0,0,20,20,0,40,0,0,0,40
02/01/2011,MKC,MO,ACE,CE,Towers with Radar,0,9,3,0,12,0,0,1,0,1,0,9,4,0,13,0,0,0,13
02/02/2011,MKC,MO,ACE,CE,Towers with Radar,0,33,22,0,55,0,1,37,0,38,0,34,59,0,93,3,0,3,96
02/03/2011,MKC,MO,ACE,CE,Towers with Radar,0,38,63,0,101,0,15,32,0,47,0,53,95,0,148,14,0,14,162
02/04/2011,MKC,MO,ACE,CE,Towers with Radar,0,42,55,1,98,0,4,46,1,51,0,46,101,2,149,14,0,14,163
02/05/2011,MKC,MO,ACE,CE,Towers with Radar,0,17,12,0,29,0,0,30,0,30,0,17,42,0,59,100,0,100,159
02/06/2011,MKC,MO,ACE,CE,Towers with Radar,0,5,13,0,18,0,0,4,0,4,0,5,17,0,22,12,0,12,34
02/07/2011,MKC,MO,ACE,CE,Towers with Radar,0,46,64,0,110,0,6,32,0,38,0,52,96,0,148,10,0,10,158
02/08/2011,MKC,MO,ACE,CE,Towers with Radar,0,55,58,0,113,0,7,17,0,24,0,62,75,0,137,0,0,0,137
02/09/2011,MKC,MO,ACE,CE,Towers with Radar,0,40,39,0,79,0,21,38,0,59,0,61,77,0,138,34,0,34,172
02/10/2011,MKC,MO,ACE,CE,Towers with Radar,0,37,56,2,95,0,18,41,0,59,0,55,97,2,154,30,4,34,188
02/11/2011,MKC,MO,ACE,CE,Towers with Radar,0,42,42,1,85,0,18,60,5,83,0,60,102,6,168,48,2,50,218
02/12/2011,MKC,MO,ACE,CE,Towers with Radar,0,26,22,0,48,0,8,53,4,65,0,34,75,4,113,70,0,70,183
02/13/2011,MKC,MO,ACE,CE,Towers with Radar,0,22,31,0,53,0,2,57,0,59,0,24,88,0,112,30,0,30,142
02/14/2011,MKC,MO,ACE,CE,Towers with Radar,0,39,39,4,82,0,8,42,2,52,0,47,81,6,134,60,0,60,194
02/15/2011,MKC,MO,ACE,CE,Towers with Radar,0,51,73,0,124,0,7,22,0,29,0,58,95,0,153,2,0,2,155
02/16/2011,MKC,MO,ACE,CE,Towers with Radar,0,59,59,0,118,0,9,21,0,30,0,68,80,0,148,36,0,36,184
02/17/2011,MKC,MO,ACE,CE,Towers with Radar,0,59,67,3,129,0,6,17,0,23,0,65,84,3,152,24,0,24,176
02/18/2011,MKC,MO,ACE,CE,Towers with Radar,0,57,62,4,123,0,16,117,0,133,0,73,179,4,256,48,0,48,304
02/19/2011,MKC,MO,ACE,CE,Towers with Radar,0,24,18,0,42,0,6,34,0,40,0,30,52,0,82,22,0,22,104
02/20/2011,MKC,MO,ACE,CE,Towers with Radar,0,26,27,3,56,0,6,11,0,17,0,32,38,3,73,0,0,0,73
02/21/2011,MKC,MO,ACE,CE,Towers with Radar,0,12,33,0,45,0,33,57,0,90,0,45,90,0,135,16,0,16,151
02/22/2011,MKC,MO,ACE,CE,Towers with Radar,0,50,50,0,100,0,15,42,2,59,0,65,92,2,159,22,8,30,189
02/23/2011,MKC,MO,ACE,CE,Towers with Radar,0,67,86,2,155,0,26,43,2,71,0,93,129,4,226,24,4,28,254
02/24/2011,MKC,MO,ACE,CE,Towers with Radar,0,31,51,1,83,0,4,1,0,5,0,35,52,1,88,0,0,0,88
02/25/2011,MKC,MO,ACE,CE,Towers with Radar,0,44,33,1,78,0,7,14,0,21,0,51,47,1,99,0,0,0,99
02/26/2011,MKC,MO,ACE,CE,Towers with Radar,0,24,19,4,47,0,0,0,0,0,0,24,19,4,47,0,0,0,47
02/27/2011,MKC,MO,ACE,CE,Towers with Radar,0,7,21,0,28,0,0,0,0,0,0,7,21,0,28,0,0,0,28
02/28/2011,MKC,MO,ACE,CE,Towers with Radar,0,36,42,4,82,0,13,37,0,50,0,49,79,4,132,14,0,14,146
03/01/2011,MKC,MO,ACE,CE,Towers with Radar,0,50,74,0,124,0,14,41,0,55,0,64,115,0,179,48,0,48,227
03/02/2011,MKC,MO,ACE,CE,Towers with Radar,0,40,73,7,120,0,24,61,7,92,0,64,134,14,212,28,6,34,246
03/03/2011,MKC,MO,ACE,CE,Towers with Radar,0,34,53,2,89,0,8,51,7,66,0,42,104,9,155,24,0,24,179
03/04/2011,MKC,MO,ACE,CE,Towers with Radar,0,48,36,0,84,0,8,8,0,16,0,56,44,0,100,16,0,16,116
03/05/2011,MKC,MO,ACE,CE,Towers with Radar,0,27,28,0,55,0,7,40,4,51,0,34,68,4,106,73,1,74,180
03/06/2011,MKC,MO,ACE,CE,Towers with Radar,0,22,21,0,43,0,1,45,0,46,0,23,66,0,89,82,0,82,171
03/07/2011,MKC,MO,ACE,CE,Towers with Radar,4,46,51,2,103,2,12,45,0,59,6,58,96,2,162,18,2,20,182
03/08/2011,MKC,MO,ACE,CE,Towers with Radar,0,55,35,0,90,0,0,0,0,0,0,55,35,0,90,0,0,0,90
03/09/2011,MKC,MO,ACE,CE,Towers with Radar,0,50,67,0,117,0,13,4,0,17,0,63,71,0,134,38,0,38,172
03/10/2011,MKC,MO,ACE,CE,Towers with Radar,4,58,75,0,137,0,14,55,2,71,4,72,130,2,208,30,0,30,238
03/11/2011,MKC,MO,ACE,CE,Towers with Radar,0,60,67,2,129,0,20,75,3,98,0,80,142,5,227,90,6,96,323
03/12/2011,MKC,MO,ACE,CE,Towers with Radar,1,30,64,4,99,0,11,70,3,84,1,41,134,7,183,38,0,38,221
03/13/2011,MKC,MO,ACE,CE,Towers with Radar,0,12,23,0,35,0,1,18,0,19,0,13,41,0,54,44,0,44,98
03/14/2011,MKC,MO,ACE,CE,Towers with Radar,0,39,30,0,69,0,6,13,0,19,0,45,43,0,88,4,0,4,92
03/15/2011,MKC,MO,ACE,CE,Towers with Radar,0,42,54,1,97,0,18,53,0,71,0,60,107,1,168,102,0,102,270
03/16/2011,MKC,MO,ACE,CE,Towers with Radar,0,37,57,0,94,0,20,42,2,64,0,57,99,2,158,92,0,92,250
03/17/2011,MKC,MO,ACE,CE,Towers with Radar,0,40,35,2,77,0,8,26,0,34,0,48,61,2,111,44,2,46,157
03/18/2011,MKC,MO,ACE,CE,Towers with Radar,0,49,41,2,92,0,11,62,4,77,0,60,103,6,169,97,10,107,276
03/19/2011,MKC,MO,ACE,CE,Towers with Radar,0,21,32,1,54,0,3,20,0,23,0,24,52,1,77,4,0,4,81
03/20/2011,MKC,MO,ACE,CE,Towers with Radar,0,26,41,0,67,0,5,23,0,28,0,31,64,0,95,28,0,28,123
03/21/2011,MKC,MO,ACE,CE,Towers with Radar,0,37,49,0,86,0,0,41,0,41,0,37,90,0,127,68,0,68,195
03/22/2011,MKC,MO,ACE,CE,Towers with Radar,2,42,50,2,96,0,11,19,0,30,2,53,69,2,126,2,0,2,128
03/23/2011,MKC,MO,ACE,CE,Towers with Radar,0,41,64,4,109,0,18,48,2,68,0,59,112,6,177,41,0,41,218
03/24/2011,MKC,MO,ACE,CE,Towers with Radar,0,49,59,0,108,0,12,64,0,76,0,61,123,0,184,62,0,62,246
03/25/2011,MKC,MO,ACE,CE,Towers with Radar,0,60,60,0,120,0,8,18,0,26,0,68,78,0,146,8,4,12,158
03/26/2011,MKC,MO,ACE,CE,Towers with Radar,0,17,16,0,33,0,3,9,0,12,0,20,25,0,45,18,0,18,63
03/27/2011,MKC,MO,ACE,CE,Towers with Radar,0,27,41,2,70,0,6,32,0,38,0,33,73,2,108,113,0,113,221
03/28/2011,MKC,MO,ACE,CE,Towers with Radar,0,32,46,3,81,0,8,33,0,41,0,40,79,3,122,52,6,58,180
03/29/2011,MKC,MO,ACE,CE,Towers with Radar,4,53,54,2,113,0,15,31,0,46,4,68,85,2,159,94,0,94,253
03/30/2011,MKC,MO,ACE,CE,Towers with Radar,2,55,79,8,144,0,15,35,3,53,2,70,114,11,197,49,8,57,254
03/31/2011,MKC,MO,ACE,CE,Towers with Radar,0,56,59,2,117,0,10,37,0,47,0,66,96,2,164,152,0,152,316
04/01/2011,MKC,MO,ACE,CE,Towers with Radar,0,40,49,1,90,0,9,73,1,83,0,49,122,2,173,60,0,60,233
04/02/2011,MKC,MO,ACE,CE,Towers with Radar,0,27,23,1,51,0,17,79,0,96,0,44,102,1,147,77,0,77,224
04/03/2011,MKC,MO,ACE,CE,Towers with Radar,4,13,28,0,45,0,1,16,2,19,4,14,44,2,64,0,0,0,64
04/04/2011,MKC,MO,ACE,CE,Towers with Radar,0,44,53,0,97,0,8,19,0,27,0,52,72,0,124,8,0,8,132
04/05/2011,MKC,MO,ACE,CE,Towers with Radar,0,47,68,0,115,0,16,50,1,67,0,63,118,1,182,32,0,32,214
04/06/2011,MKC,MO,ACE,CE,Towers with Radar,2,51,97,8,158,0,10,71,4,85,2,61,168,12,243,50,17,67,310
04/07/2011,MKC,MO,ACE,CE,Towers with Radar,3,44,55,0,102,0,16,39,1,56,3,60,94,1,158,40,0,40,198
04/08/2011,MKC,MO,ACE,CE,Towers with Radar,0,43,70,0,113,0,0,37,0,37,0,43,107,0,150,34,0,34,184
04/09/2011,MKC,MO,ACE,CE,Towers with Radar,0,20,42,0,62,0,7,58,0,65,0,27,100,0,127,92,0,92,219
04/10/2011,MKC,MO,ACE,CE,Towers with Radar,0,15,20,0,35,0,2,10,0,12,0,17,30,0,47,0,0,0,47
04/11/2011,MKC,MO,ACE,CE,Towers with Radar,0,38,43,0,81,0,8,61,0,69,0,46,104,0,150,46,0,46,196
04/12/2011,MKC,MO,ACE,CE,Towers with Radar,0,47,74,0,121,0,16,77,2,95,0,63,151,2,216,54,0,54,270
04/13/2011,MKC,MO,ACE,CE,Towers with Radar,3,46,64,2,115,0,2,73,0,75,3,48,137,2,190,88,0,88,278
04/14/2011,MKC,MO,ACE,CE,Towers with Radar,0,1,36,67,104,0,12,35,0,47,0,13,71,67,151,10,0,10,161
04/15/2011,MKC,MO,ACE,CE,Towers with Radar,0,47,58,0,105,0,4,16,0,20,0,51,74,0,125,16,0,16,141
04/16/2011,MKC,MO,ACE,CE,Towers with Radar,0,28,30,3,61,0,11,55,1,67,0,39,85,4,128,15,0,15,143
04/17/2011,MKC,MO,ACE,CE,Towers with Radar,4,10,42,2,58,0,16,63,0,79,4,26,105,2,137,82,0,82,219
04/18/2011,MKC,MO,ACE,CE,Towers with Radar,0,38,53,0,91,0,11,47,0,58,0,49,100,0,149,6,0,6,155
04/19/2011,MKC,MO,ACE,CE,Towers with Radar,0,37,75,0,112,0,5,5,0,10,0,42,80,0,122,0,0,0,122
04/20/2011,MKC,MO,ACE,CE,Towers with Radar,0,53,59,0,112,0,26,58,4,88,0,79,117,4,200,66,18,84,284
04/21/2011,MKC,MO,ACE,CE,Towers with Radar,4,43,51,2,100,0,7,22,2,31,4,50,73,4,131,10,0,10,141
04/22/2011,MKC,MO,ACE,CE,Towers with Radar,0,38,19,0,57,0,3,22,0,25,0,41,41,0,82,4,0,4,86
04/23/2011,MKC,MO,ACE,CE,Towers with Radar,0,12,19,0,31,0,8,66,3,77,0,20,85,3,108,102,0,102,210
04/24/2011,MKC,MO,ACE,CE,Towers with Radar,0,11,15,0,26,0,5,27,0,32,0,16,42,0,58,72,0,72,130
04/25/2011,MKC,MO,ACE,CE,Towers with Radar,0,47,40,0,87,0,0,1,0,1,0,47,41,0,88,0,0,0,88
04/26/2011,MKC,MO,ACE,CE,Towers with Radar,0,44,87,0,131,0,16,37,0,53,0,60,124,0,184,28,0,28,212
04/27/2011,MKC,MO,ACE,CE,Towers with Radar,0,43,53,0,96,0,5,50,0,55,0,48,103,0,151,36,0,36,187
04/28/2011,MKC,MO,ACE,CE,Towers with Radar,0,55,72,1,128,0,11,72,1,84,0,66,144,2,212,90,0,90,302
04/29/2011,MKC,MO,ACE,CE,Towers with Radar,2,53,51,2,108,0,24,63,1,88,2,77,114,3,196,0,0,0,196
04/30/2011,MKC,MO,ACE,CE,Towers with Radar,0,25,36,0,61,0,5,46,0,51,0,30,82,0,112,14,0,14,126
05/01/2011,MKC,MO,ACE,CE,Towers with Radar,0,13,32,0,45,0,6,24,0,30,0,19,56,0,75,36,0,36,111
05/02/2011,MKC,MO,ACE,CE,Towers with Radar,0,30,55,3,88,0,7,59,0,66,0,37,114,3,154,66,16,82,236
05/03/2011,MKC,MO,ACE,CE,Towers with Radar,2,39,68,6,115,0,5,65,1,71,2,44,133,7,186,42,6,48,234
05/04/2011,MKC,MO,ACE,CE,Towers with Radar,0,41,79,1,121,0,8,49,1,58,0,49,128,2,179,42,1,43,222
05/05/2011,MKC,MO,ACE,CE,Towers with Radar,3,49,61,1,114,0,3,15,0,18,3,52,76,1,132,13,0,13,145
05/06/2011,MKC,MO,ACE,CE,Towers with Radar,1,52,70,5,128,0,8,96,2,106,1,60,166,7,234,108,0,108,342
05/07/2011,MKC,MO,ACE,CE,Towers with Radar,0,13,21,4,38,0,0,62,0,62,0,13,83,4,100,26,0,26,126
05/08/2011,MKC,MO,ACE,CE,Towers with Radar,0,23,28,0,51,0,9,40,0,49,0,32,68,0,100,44,0,44,144
05/09/2011,MKC,MO,ACE,CE,Towers with Radar,3,53,39,4,99,0,8,24,0,32,3,61,63,4,131,4,4,8,139
05/10/2011,MKC,MO,ACE,CE,Towers with Radar,0,52,75,3,130,0,17,42,11,70,0,69,117,14,200,42,14,56,256
05/11/2011,MKC,MO,ACE,CE,Towers with Radar,0,49,73,0,122,0,5,44,0,49,0,54,117,0,171,46,0,46,217
05/12/2011,MKC,MO,ACE,CE,Towers with Radar,0,71,65,4,140,0,17,47,0,64,0,88,112,4,204,32,0,32,236
05/13/2011,MKC,MO,ACE,CE,Towers with Radar,0,46,48,4,98,0,2,11,0,13,0,48,59,4,111,0,0,0,111
05/14/2011,MKC,MO,ACE,CE,Towers with Radar,0,19,29,0,48,0,5,23,1,29,0,24,52,1,77,28,0,28,105
05/15/2011,MKC,MO,ACE,CE,Towers with Radar,4,19,41,0,64,0,5,8,0,13,4,24,49,0,77,2,0,2,79
05/16/2011,MKC,MO,ACE,CE,Towers with Radar,0,37,57,0,94,0,7,67,2,76,0,44,124,2,170,58,0,58,228
05/17/2011,MKC,MO,ACE,CE,Towers with Radar,2,47,67,3,119,0,10,60,3,73,2,57,127,6,192,74,2,76,268
05/18/2011,MKC,MO,ACE,CE,Towers with Radar,0,57,60,0,117,0,10,44,3,57,0,67,104,3,174,36,0,36,210
05/19/2011,MKC,MO,ACE,CE,Towers with Radar,3,55,65,2,125,0,2,5,0,7,3,57,70,2,132,0,0,0,132
05/20/2011,MKC,MO,ACE,CE,Towers with Radar,1,61,34,0,96,0,4,28,0,32,1,65,62,0,128,16,0,16,144
05/21/2011,MKC,MO,ACE,CE,Towers with Radar,0,25,33,0,58,0,2,34,0,36,0,27,67,0,94,40,38,78,172
05/22/2011,MKC,MO,ACE,CE,Towers with Radar,2,16,33,0,51,0,5,37,1,43,2,21,70,1,94,20,0,20,114
05/23/2011,MKC,MO,ACE,CE,Towers with Radar,2,35,59,0,96,0,20,45,0,65,2,55,104,0,161,0,0,0,161
05/24/2011,MKC,MO,ACE,CE,Towers with Radar,0,49,63,0,112,0,6,14,0,20,0,55,77,0,132,18,0,18,150
05/25/2011,MKC,MO,ACE,CE,Towers with Radar,0,51,49,5,105,0,4,14,2,20,0,55,63,7,125,42,0,42,167
05/26/2011,MKC,MO,ACE,CE,Towers with Radar,0,47,71,1,119,0,33,69,0,102,0,80,140,1,221,48,0,48,269
05/27/2011,MKC,MO,ACE,CE,Towers with Radar,0,54,46,0,100,0,24,48,0,72,0,78,94,0,172,34,0,34,206
05/28/2011,MKC,MO,ACE,CE,Towers with Radar,0,19,24,0,43,0,5,22,2,29,0,24,46,2,72,34,0,34,106
05/29/2011,MKC,MO,ACE,CE,Towers with Radar,4,16,23,0,43,0,3,43,2,48,4,19,66,2,91,51,0,51,142
05/30/2011,MKC,MO,ACE,CE,Towers with Radar,0,12,24,0,36,0,5,17,1,23,0,17,41,1,59,20,0,20,79
05/31/2011,MKC,MO,ACE,CE,Towers with Radar,0,43,70,0,113,0,10,62,0,72,0,53,132,0,185,78,0,78,263
06/01/2011,MKC,MO,ACE,CE,Towers with Radar,0,2,47,71,120,0,6,39,0,45,0,8,86,71,165,88,0,88,253
06/02/2011,MKC,MO,ACE,CE,Towers with Radar,1,58,98,0,157,0,22,48,0,70,1,80,146,0,227,36,0,36,263
06/03/2011,MKC,MO,ACE,CE,Towers with Radar,0,55,68,2,125,0,12,73,6,91,0,67,141,8,216,28,0,28,244
06/04/2011,MKC,MO,ACE,CE,Towers with Radar,0,19,45,0,64,0,11,110,3,124,0,30,155,3,188,62,0,62,250
06/05/2011,MKC,MO,ACE,CE,Towers with Radar,2,36,72,0,110,0,23,106,0,129,2,59,178,0,239,31,7,38,277
06/06/2011,MKC,MO,ACE,CE,Towers with Radar,0,46,65,6,117,0,8,74,3,85,0,54,139,9,202,30,0,30,232
06/07/2011,MKC,MO,ACE,CE,Towers with Radar,0,50,63,1,114,0,24,53,11,88,0,74,116,12,202,14,0,14,216
06/08/2011,MKC,MO,ACE,CE,Towers with Radar,0,42,73,0,115,0,6,63,2,71,0,48,136,2,186,45,0,45,231
06/09/2011,MKC,MO,ACE,CE,Towers with Radar,4,38,57,1,100,0,6,54,5,65,4,44,111,6,165,32,0,32,197
06/10/2011,MKC,MO,ACE,CE,Towers with Radar,0,52,60,0,112,0,20,76,2,98,0,72,136,2,210,94,0,94,304
06/11/2011,MKC,MO,ACE,CE,Towers with Radar,0,29,28,4,61,0,12,81,0,93,0,41,109,4,154,28,0,28,182
06/12/2011,MKC,MO,ACE,CE,Towers with Radar,0,17,25,0,42,0,7,29,2,38,0,24,54,2,80,23,0,23,103
06/13/2011,MKC,MO,ACE,CE,Towers with Radar,0,50,46,1,97,0,20,34,0,54,0,70,80,1,151,20,0,20,171
06/14/2011,MKC,MO,ACE,CE,Towers with Radar,0,51,75,2,128,0,7,51,11,69,0,58,126,13,197,10,0,10,207
06/15/2011,MKC,MO,ACE,CE,Towers with Radar,0,55,77,0,132,0,15,112,3,130,0,70,189,3,262,67,4,71,333
06/16/2011,MKC,MO,ACE,CE,Towers with Radar,0,48,62,0,110,0,9,64,0,73,0,57,126,0,183,92,0,92,275
06/17/2011,MKC,MO,ACE,CE,Towers with Radar,0,43,47,1,91,0,9,50,2,61,0,52,97,3,152,24,0,24,176
06/18/2011,MKC,MO,ACE,CE,Towers with Radar,0,16,35,1,52,0,12,115,2,129,0,28,150,3,181,20,0,20,201
06/19/2011,MKC,MO,ACE,CE,Towers with Radar,2,20,44,5,71,0,9,71,6,86,2,29,115,11,157,8,0,8,165
06/20/2011,MKC,MO,ACE,CE,Towers with Radar,2,35,62,4,103,0,8,44,2,54,2,43,106,6,157,46,0,46,203
06/21/2011,MKC,MO,ACE,CE,Towers with Radar,0,47,61,1,109,0,22,43,0,65,0,69,104,1,174,40,0,40,214
06/22/2011,MKC,MO,ACE,CE,Towers with Radar,0,43,75,4,122,0,20,37,3,60,0,63,112,7,182,0,2,2,184
06/23/2011,MKC,MO,ACE,CE,Towers with Radar,4,49,79,4,136,0,16,50,8,74,4,65,129,12,210,32,4,36,246
06/24/2011,MKC,MO,ACE,CE,Towers with Radar,0,58,66,3,127,0,17,43,6,66,0,75,109,9,193,9,0,9,202
06/25/2011,MKC,MO,ACE,CE,Towers with Radar,0,23,31,0,54,0,9,60,0,69,0,32,91,0,123,22,0,22,145
06/26/2011,MKC,MO,ACE,CE,Towers with Radar,4,21,40,0,65,0,3,39,2,44,4,24,79,2,109,2,0,2,111
06/27/2011,MKC,MO,ACE,CE,Towers with Radar,0,50,64,0,114,0,10,80,0,90,0,60,144,0,204,50,2,52,256
06/28/2011,MKC,MO,ACE,CE,Towers with Radar,0,47,57,2,106,0,15,73,1,89,0,62,130,3,195,22,10,32,227
06/29/2011,MKC,MO,ACE,CE,Towers with Radar,0,40,57,2,99,0,17,66,2,85,0,57,123,4,184,102,0,102,286
06/30/2011,MKC,MO,ACE,CE,Towers with Radar,0,45,72,4,121,0,13,102,4,119,0,58,174,8,240,46,0,46,286
07/01/2011,MKC,MO,ACE,CE,Towers with Radar,0,49,55,3,107,0,17,92,2,111,0,66,147,5,218,82,0,82,300
07/02/2011,MKC,MO,ACE,CE,Towers with Radar,0,16,26,0,42,0,15,65,2,82,0,31,91,2,124,18,0,18,142
07/03/2011,MKC,MO,ACE,CE,Towers with Radar,0,2,13,0,15,0,4,20,0,24,0,6,33,0,39,45,0,45,84
07/04/2011,MKC,MO,ACE,CE,Towers with Radar,0,14,11,0,25,0,3,32,1,36,0,17,43,1,61,16,0,16,77
07/05/2011,MKC,MO,ACE,CE,Towers with Radar,0,27,69,2,98,0,13,64,1,78,0,40,133,3,176,38,0,38,214
07/06/2011,MKC,MO,ACE,CE,Towers with Radar,2,42,77,3,124,0,14,34,1,49,2,56,111,4,173,46,2,48,221
07/07/2011,MKC,MO,ACE,CE,Towers with Radar,1,36,49,3,89,0,9,39,0,48,1,45,88,3,137,60,0,60,197
07/08/2011,MKC,MO,ACE,CE,Towers with Radar,0,44,75,6,125,0,14,64,2,80,0,58,139,8,205,20,0,20,225
07/09/2011,MKC,MO,ACE,CE,Towers with Radar,0,17,34,0,51,0,5,77,0,82,0,22,111,0,133,42,0,42,175
07/10/2011,MKC,MO,ACE,CE,Towers with Radar,1,9,44,0,54,0,9,67,0,76,1,18,111,0,130,22,0,22,152
07/11/2011,MKC,MO,ACE,CE,Towers with Radar,0,29,64,1,94,0,7,71,0,78,0,36,135,1,172,98,0,98,270
07/12/2011,MKC,MO,ACE,CE,Towers with Radar,1,46,72,0,119,0,5,57,0,62,1,51,129,0,181,28,0,28,209
07/13/2011,MKC,MO,ACE,CE,Towers with Radar,2,54,71,10,137,0,13,57,0,70,2,67,128,10,207,55,0,55,262
07/14/2011,MKC,MO,ACE,CE,Towers with Radar,0,35,67,5,107,0,14,54,2,70,0,49,121,7,177,64,0,64,241
07/15/2011,MKC,MO,ACE,CE,Towers with Radar,0,39,65,1,105,0,18,58,6,82,0,57,123,7,187,47,0,47,234
07/16/2011,MKC,MO,ACE,CE,Towers with Radar,0,21,25,1,47,0,5,71,4,80,0,26,96,5,127,44,2,46,173
07/17/2011,MKC,MO,ACE,CE,Towers with Radar,4,14,39,1,58,0,14,82,1,97,4,28,121,2,155,32,3,35,190
07/18/2011,MKC,MO,ACE,CE,Towers with Radar,0,40,66,0,106,0,7,84,1,92,0,47,150,1,198,8,0,8,206
07/19/2011,MKC,MO,ACE,CE,Towers with Radar,0,55,46,6,107,0,24,55,3,82,0,79,101,9,189,1,1,2,191
07/20/2011,MKC,MO,ACE,CE,Towers with Radar,2,45,63,0,110,0,16,64,3,83,2,61,127,3,193,36,0,36,229
07/21/2011,MKC,MO,ACE,CE,Towers with Radar,0,42,66,1,109,0,19,48,1,68,0,61,114,2,177,18,18,36,213
07/22/2011,MKC,MO,ACE,CE,Towers with Radar,2,49,62,0,113,0,25,72,1,98,2,74,134,1,211,18,0,18,229
07/23/2011,MKC,MO,ACE,CE,Towers with Radar,0,21,13,0,34,0,13,48,1,62,0,34,61,1,96,10,14,24,120
07/24/2011,MKC,MO,ACE,CE,Towers with Radar,4,21,41,0,66,0,5,16,0,21,4,26,57,0,87,0,0,0,87
07/25/2011,MKC,MO,ACE,CE,Towers with Radar,0,54,69,7,130,0,15,30,6,51,0,69,99,13,181,10,0,10,191
07/26/2011,MKC,MO,ACE,CE,Towers with Radar,0,62,72,1,135,0,21,43,4,68,0,83,115,5,203,10,8,18,221
07/27/2011,MKC,MO,ACE,CE,Towers with Radar,0,43,58,1,102,0,51,111,3,165,0,94,169,4,267,0,0,0,267
07/28/2011,MKC,MO,ACE,CE,Towers with Radar,0,36,48,1,85,0,15,40,1,56,0,51,88,2,141,24,0,24,165
07/29/2011,MKC,MO,ACE,CE,Towers with Radar,0,47,61,1,109,0,8,61,0,69,0,55,122,1,178,64,0,64,242
07/30/2011,MKC,MO,ACE,CE,Towers with Radar,0,19,33,0,52,0,8,19,2,29,0,27,52,2,81,28,0,28,109
07/31/2011,MKC,MO,ACE,CE,Towers with Radar,4,29,55,1,89,0,8,50,0,58,4,37,105,1,147,12,0,12,159
08/01/2011,MKC,MO,ACE,CE,Towers with Radar,0,51,61,1,113,0,16,34,1,51,0,67,95,2,164,32,0,32,196
08/02/2011,MKC,MO,ACE,CE,Towers with Radar,0,41,65,0,106,0,17,32,0,49,0,58,97,0,155,14,0,14,169
08/03/2011,MKC,MO,ACE,CE,Towers with Radar,0,42,72,9,123,0,6,51,1,58,0,48,123,10,181,32,4,36,217
08/04/2011,MKC,MO,ACE,CE,Towers with Radar,2,39,70,0,111,0,12,32,1,45,2,51,102,1,156,22,0,22,178
08/05/2011,MKC,MO,ACE,CE,Towers with Radar,1,64,70,0,135,0,16,45,1,62,1,80,115,1,197,30,0,30,227
08/06/2011,MKC,MO,ACE,CE,Towers with Radar,0,33,45,0,78,0,2,275,9,286,0,35,320,9,364,6,0,6,370
08/07/2011,MKC,MO,ACE,CE,Towers with Radar,2,32,42,0,76,0,1,38,4,43,2,33,80,4,119,42,0,42,161
08/08/2011,MKC,MO,ACE,CE,Towers with Radar,0,49,69,3,121,0,9,31,0,40,0,58,100,3,161,10,0,10,171
08/09/2011,MKC,MO,ACE,CE,Towers with Radar,0,50,54,8,112,0,28,79,18,125,0,78,133,26,237,50,6,56,293
08/10/2011,MKC,MO,ACE,CE,Towers with Radar,0,40,80,0,120,0,15,31,0,46,0,55,111,0,166,36,0,36,202
08/11/2011,MKC,MO,ACE,CE,Towers with Radar,0,48,78,0,126,0,13,61,7,81,0,61,139,7,207,18,0,18,225
08/12/2011,MKC,MO,ACE,CE,Towers with Radar,0,61,82,0,143,0,3,31,1,35,0,64,113,1,178,51,0,51,229
08/13/2011,MKC,MO,ACE,CE,Towers with Radar,0,24,33,5,62,0,6,73,9,88,0,30,106,14,150,30,0,30,180
08/14/2011,MKC,MO,ACE,CE,Towers with Radar,4,22,35,0,61,0,7,73,4,84,4,29,108,4,145,2,0,2,147
08/15/2011,MKC,MO,ACE,CE,Towers with Radar,0,60,51,6,117,0,5,42,0,47,0,65,93,6,164,0,0,0,164
08/16/2011,MKC,MO,ACE,CE,Towers with Radar,0,53,78,1,132,0,14,64,0,78,0,67,142,1,210,70,0,70,280
08/17/2011,MKC,MO,ACE,CE,Towers with Radar,4,51,93,3,151,0,18,114,2,134,4,69,207,5,285,36,0,36,321
08/18/2011,MKC,MO,ACE,CE,Towers with Radar,0,45,81,1,127,0,4,73,6,83,0,49,154,7,210,75,10,85,295
08/19/2011,MKC,MO,ACE,CE,Towers with Radar,1,44,52,4,101,0,18,46,4,68,1,62,98,8,169,28,1,29,198
08/20/2011,MKC,MO,ACE,CE,Towers with Radar,0,9,22,0,31,0,0,11,1,12,0,9,33,1,43,2,0,2,45
08/21/2011,MKC,MO,ACE,CE,Towers with Radar,6,15,44,0,65,0,3,26,1,30,6,18,70,1,95,2,0,2,97
08/22/2011,MKC,MO,ACE,CE,Towers with Radar,2,43,39,4,88,0,5,30,8,43,2,48,69,12,131,28,0,28,159
08/23/2011,MKC,MO,ACE,CE,Towers with Radar,0,46,56,0,102,0,16,65,6,87,0,62,121,6,189,70,4,74,263
08/24/2011,MKC,MO,ACE,CE,Towers with Radar,0,45,72,2,119,0,17,72,2,91,0,62,144,4,210,91,0,91,301
08/25/2011,MKC,MO,ACE,CE,Towers with Radar,0,61,90,0,151,0,21,78,1,100,0,82,168,1,251,77,0,77,328
08/26/2011,MKC,MO,ACE,CE,Towers with Radar,0,44,78,2,124,0,20,82,6,108,0,64,160,8,232,27,0,27,259
08/27/2011,MKC,MO,ACE,CE,Towers with Radar,0,27,31,3,61,0,27,95,0,122,0,54,126,3,183,109,0,109,292
08/28/2011,MKC,MO,ACE,CE,Towers with Radar,0,20,37,1,58,0,8,15,0,23,0,28,52,1,81,53,0,53,134
08/29/2011,MKC,MO,ACE,CE,Towers with Radar,0,54,81,1,136,0,10,40,1,51,0,64,121,2,187,48,0,48,235
08/30/2011,MKC,MO,ACE,CE,Towers with Radar,0,52,59,1,112,0,13,29,1,43,0,65,88,2,155,28,2,30,185
08/31/2011,MKC,MO,ACE,CE,Towers with Radar,0,50,85,1,136,0,7,43,2,52,0,57,128,3,188,12,0,12,200
09/01/2011,MKC,MO,ACE,CE,Towers with Radar,4,54,48,0,106,0,17,40,5,62,4,71,88,5,168,21,0,21,189
09/02/2011,MKC,MO,ACE,CE,Towers with Radar,0,62,71,0,133,0,11,77,0,88,0,73,148,0,221,28,0,28,249
09/03/2011,MKC,MO,ACE,CE,Towers with Radar,0,21,18,0,39,0,5,35,0,40,0,26,53,0,79,26,0,26,105
09/04/2011,MKC,MO,ACE,CE,Towers with Radar,4,7,24,0,35,0,12,18,0,30,4,19,42,0,65,54,0,54,119
09/05/2011,MKC,MO,ACE,CE,Towers with Radar,0,18,36,2,56,0,10,48,2,60,0,28,84,4,116,3,0,3,119
09/06/2011,MKC,MO,ACE,CE,Towers with Radar,0,37,59,2,98,0,14,59,0,73,0,51,118,2,171,77,0,77,248
09/07/2011,MKC,MO,ACE,CE,Towers with Radar,0,73,72,5,150,0,25,76,3,104,0,98,148,8,254,83,6,89,343
09/08/2011,MKC,MO,ACE,CE,Towers with Radar,0,48,77,0,125,0,17,67,1,85,0,65,144,1,210,39,42,81,291
09/09/2011,MKC,MO,ACE,CE,Towers with Radar,0,39,47,2,88,0,10,37,0,47,0,49,84,2,135,8,0,8,143
09/10/2011,MKC,MO,ACE,CE,Towers with Radar,0,21,20,0,41,0,1,253,0,254,0,22,273,0,295,37,0,37,332
09/11/2011,MKC,MO,ACE,CE,Towers with Radar,3,22,34,0,59,0,9,59,1,69,3,31,93,1,128,48,0,48,176
09/12/2011,MKC,MO,ACE,CE,Towers with Radar,1,30,64,4,99,0,12,39,0,51,1,42,103,4,150,59,2,61,211
09/13/2011,MKC,MO,ACE,CE,Towers with Radar,0,50,64,0,114,0,23,46,3,72,0,73,110,3,186,32,0,32,218
09/14/2011,MKC,MO,ACE,CE,Towers with Radar,5,65,75,2,147,0,13,53,3,69,5,78,128,5,216,13,6,19,235
09/15/2011,MKC,MO,ACE,CE,Towers with Radar,0,64,97,6,167,0,16,86,11,113,0,80,183,17,280,116,0,116,396
09/16/2011,MKC,MO,ACE,CE,Towers with Radar,0,56,68,8,132,0,5,17,0,22,0,61,85,8,154,36,0,36,190
09/17/2011,MKC,MO,ACE,CE,Towers with Radar,0,34,46,0,80,0,0,6,0,6,0,34,52,0,86,4,0,4,90
09/18/2011,MKC,MO,ACE,CE,Towers with Radar,4,20,70,2,96,0,1,4,0,5,4,21,74,2,101,4,0,4,105
09/19/2011,MKC,MO,ACE,CE,Towers with Radar,0,47,61,0,108,0,11,55,0,66,0,58,116,0,174,16,0,16,190
09/20/2011,MKC,MO,ACE,CE,Towers with Radar,0,65,76,1,142,0,14,50,4,68,0,79,126,5,210,48,4,52,262
09/21/2011,MKC,MO,ACE,CE,Towers with Radar,0,54,69,1,124,0,9,44,0,53,0,63,113,1,177,26,0,26,203
09/22/2011,MKC,MO,ACE,CE,Towers with Radar,2,47,76,3,128,0,11,55,2,68,2,58,131,5,196,103,0,103,299
09/23/2011,MKC,MO,ACE,CE,Towers with Radar,0,49,57,5,111,0,16,57,9,82,0,65,114,14,193,38,0,38,231
09/24/2011,MKC,MO,ACE,CE,Towers with Radar,0,24,58,1,83,0,3,69,0,72,0,27,127,1,155,37,0,37,192
09/25/2011,MKC,MO,ACE,CE,Towers with Radar,0,23,46,1,70,0,2,41,2,45,0,25,87,3,115,22,0,22,137
09/26/2011,MKC,MO,ACE,CE,Towers with Radar,1,39,47,0,87,0,11,60,0,71,1,50,107,0,158,54,0,54,212
09/27/2011,MKC,MO,ACE,CE,Towers with Radar,6,46,74,2,128,0,20,36,5,61,6,66,110,7,189,18,4,22,211
09/28/2011,MKC,MO,ACE,CE,Towers with Radar,0,48,72,0,120,0,21,65,0,86,0,69,137,0,206,63,0,63,269
09/29/2011,MKC,MO,ACE,CE,Towers with Radar,2,59,70,5,136,0,22,53,0,75,2,81,123,5,211,6,2,8,219
09/30/2011,MKC,MO,ACE,CE,Towers with Radar,0,57,47,0,104,0,28,65,0,93,0,85,112,0,197,32,0,32,229
10/01/2011,MKC,MO,ACE,CE,Towers with Radar,0,18,53,2,73,0,4,132,0,136,0,22,185,2,209,36,0,36,245
10/02/2011,MKC,MO,ACE,CE,Towers with Radar,1,18,62,1,82,0,6,77,0,83,1,24,139,1,165,55,0,55,220
10/03/2011,MKC,MO,ACE,CE,Towers with Radar,0,49,51,4,104,0,26,68,0,94,0,75,119,4,198,82,0,82,280
10/04/2011,MKC,MO,ACE,CE,Towers with Radar,0,58,50,8,116,0,24,40,3,67,0,82,90,11,183,26,0,26,209
10/05/2011,MKC,MO,ACE,CE,Towers with Radar,0,49,65,6,120,0,7,60,4,71,0,56,125,10,191,30,0,30,221
10/06/2011,MKC,MO,ACE,CE,Towers with Radar,0,69,82,3,154,0,10,64,1,75,0,79,146,4,229,18,0,18,247
10/07/2011,MKC,MO,ACE,CE,Towers with Radar,0,54,63,2,119,0,7,47,0,54,0,61,110,2,173,34,0,34,207
10/08/2011,MKC,MO,ACE,CE,Towers with Radar,0,30,43,0,73,0,5,36,2,43,0,35,79,2,116,10,0,10,126
10/09/2011,MKC,MO,ACE,CE,Towers with Radar,0,19,71,0,90,0,3,60,2,65,0,22,131,2,155,23,0,23,178
10/10/2011,MKC,MO,ACE,CE,Towers with Radar,0,38,54,0,92,0,4,19,0,23,0,42,73,0,115,60,0,60,175
10/11/2011,MKC,MO,ACE,CE,Towers with Radar,0,57,78,1,136,0,7,46,5,58,0,64,124,6,194,66,3,69,263
10/12/2011,MKC,MO,ACE,CE,Towers with Radar,0,59,75,0,134,0,18,31,0,49,0,77,106,0,183,28,0,28,211
10/13/2011,MKC,MO,ACE,CE,Towers with Radar,0,54,68,1,123,0,9,69,6,84,0,63,137,7,207,75,0,75,282
10/14/2011,MKC,MO,ACE,CE,Towers with Radar,0,55,56,2,113,0,10,33,0,43,0,65,89,2,156,72,0,72,228
10/15/2011,MKC,MO,ACE,CE,Towers with Radar,0,28,33,0,61,0,8,89,0,97,0,36,122,0,158,116,0,116,274
10/16/2011,MKC,MO,ACE,CE,Towers with Radar,0,22,35,0,57,0,8,75,2,85,0,30,110,2,142,41,0,41,183
10/17/2011,MKC,MO,ACE,CE,Towers with Radar,0,45,56,4,105,0,22,26,0,48,0,67,82,4,153,28,0,28,181
10/18/2011,MKC,MO,ACE,CE,Towers with Radar,0,44,60,3,107,0,7,41,1,49,0,51,101,4,156,16,0,16,172
10/19/2011,MKC,MO,ACE,CE,Towers with Radar,0,55,80,4,139,0,12,37,0,49,0,67,117,4,188,17,0,17,205
10/20/2011,MKC,MO,ACE,CE,Towers with Radar,0,74,69,2,145,0,12,55,2,69,0,86,124,4,214,66,0,66,280
10/21/2011,MKC,MO,ACE,CE,Towers with Radar,1,51,83,0,135,0,7,60,0,67,1,58,143,0,202,45,0,45,247
10/22/2011,MKC,MO,ACE,CE,Towers with Radar,0,22,18,0,40,0,1,41,0,42,0,23,59,0,82,36,0,36,118
10/23/2011,MKC,MO,ACE,CE,Towers with Radar,0,26,37,0,63,0,2,56,2,60,0,28,93,2,123,38,0,38,161
10/24/2011,MKC,MO,ACE,CE,Towers with Radar,1,37,58,0,96,0,11,48,4,63,1,48,106,4,159,30,0,30,189
10/25/2011,MKC,MO,ACE,CE,Towers with Radar,0,52,63,0,115,0,20,30,3,53,0,72,93,3,168,12,0,12,180
10/26/2011,MKC,MO,ACE,CE,Towers with Radar,0,41,66,1,108,0,16,15,1,32,0,57,81,2,140,26,0,26,166
10/27/2011,MKC,MO,ACE,CE,Towers with Radar,0,64,54,2,120,0,19,58,1,78,0,83,112,3,198,46,4,50,248
10/28/2011,MKC,MO,ACE,CE,Towers with Radar,0,46,56,0,102,0,13,65,1,79,0,59,121,1,181,53,0,53,234
10/29/2011,MKC,MO,ACE,CE,Towers with Radar,0,23,38,0,61,0,14,78,0,92,0,37,116,0,153,122,0,122,275
10/30/2011,MKC,MO,ACE,CE,Towers with Radar,0,28,51,0,79,0,6,49,0,55,0,34,100,0,134,48,0,48,182
10/31/2011,MKC,MO,ACE,CE,Towers with Radar,0,35,39,7,81,0,5,71,4,80,0,40,110,11,161,18,6,24,185
11/01/2011,MKC,MO,ACE,CE,Towers with Radar,0,44,82,0,126,0,7,40,2,49,0,51,122,2,175,10,0,10,185
11/02/2011,MKC,MO,ACE,CE,Towers with Radar,0,72,61,2,135,0,2,20,0,22,0,74,81,2,157,46,0,46,203
11/03/2011,MKC,MO,ACE,CE,Towers with Radar,0,64,63,0,127,0,9,17,0,26,0,73,80,0,153,46,0,46,199
11/04/2011,MKC,MO,ACE,CE,Towers with Radar,0,64,54,9,127,0,6,50,0,56,0,70,104,9,183,93,4,97,280
11/05/2011,MKC,MO,ACE,CE,Towers with Radar,0,26,27,1,54,0,1,14,1,16,0,27,41,2,70,83,0,83,153
11/06/2011,MKC,MO,ACE,CE,Towers with Radar,0,16,48,2,66,0,2,42,0,44,0,18,90,2,110,74,0,74,184
11/07/2011,MKC,MO,ACE,CE,Towers with Radar,0,43,59,0,102,0,0,0,0,0,0,43,59,0,102,0,0,0,102
11/08/2011,MKC,MO,ACE,CE,Towers with Radar,0,40,73,2,115,0,0,0,0,0,0,40,73,2,115,0,0,0,115
11/09/2011,MKC,MO,ACE,CE,Towers with Radar,0,46,106,3,155,0,5,38,2,45,0,51,144,5,200,43,0,43,243
11/10/2011,MKC,MO,ACE,CE,Towers with Radar,0,48,84,2,134,0,14,72,0,86,0,62,156,2,220,4,0,4,224
11/11/2011,MKC,MO,ACE,CE,Towers with Radar,0,35,59,0,94,0,18,106,2,126,0,53,165,2,220,104,0,104,324
11/12/2011,MKC,MO,ACE,CE,Towers with Radar,0,29,29,0,58,0,2,34,0,36,0,31,63,0,94,7,0,7,101
11/13/2011,MKC,MO,ACE,CE,Towers with Radar,0,29,48,0,77,0,13,51,0,64,0,42,99,0,141,68,0,68,209
11/14/2011,MKC,MO,ACE,CE,Towers with Radar,0,47,75,2,124,0,10,44,2,56,0,57,119,4,180,44,0,44,224
11/15/2011,MKC,MO,ACE,CE,Towers with Radar,0,49,61,0,110,0,12,34,4,50,0,61,95,4,160,72,0,72,232
11/16/2011,MKC,MO,ACE,CE,Towers with Radar,0,61,90,1,152,0,11,56,3,70,0,72,146,4,222,31,0,31,253
11/17/2011,MKC,MO,ACE,CE,Towers with Radar,0,58,83,0,141,0,14,45,0,59,0,72,128,0,200,8,0,8,208
11/18/2011,MKC,MO,ACE,CE,Towers with Radar,0,49,65,0,114,0,8,17,0,25,0,57,82,0,139,0,0,0,139
11/19/2011,MKC,MO,ACE,CE,Towers with Radar,0,27,29,0,56,0,3,16,0,19,0,30,45,0,75,14,0,14,89
11/20/2011,MKC,MO,ACE,CE,Towers with Radar,0,21,41,2,64,0,0,26,0,26,0,21,67,2,90,34,0,34,124
11/21/2011,MKC,MO,ACE,CE,Towers with Radar,0,35,45,0,80,0,0,2,0,2,0,35,47,0,82,0,0,0,82
11/22/2011,MKC,MO,ACE,CE,Towers with Radar,2,51,68,0,121,0,3,5,0,8,2,54,73,0,129,16,0,16,145
11/23/2011,MKC,MO,ACE,CE,Towers with Radar,0,48,44,0,92,0,7,47,2,56,0,55,91,2,148,19,0,19,167
11/24/2011,MKC,MO,ACE,CE,Towers with Radar,0,22,5,0,27,0,3,24,0,27,0,25,29,0,54,2,0,2,56
11/25/2011,MKC,MO,ACE,CE,Towers with Radar,0,54,34,0,88,0,0,18,0,18,0,54,52,0,106,0,0,0,106
11/26/2011,MKC,MO,ACE,CE,Towers with Radar,0,37,18,0,55,0,4,22,0,26,0,41,40,0,81,0,0,0,81
11/27/2011,MKC,MO,ACE,CE,Towers with Radar,0,28,72,3,103,0,9,50,3,62,0,37,122,6,165,70,0,70,235
11/28/2011,MKC,MO,ACE,CE,Towers with Radar,0,41,67,1,109,0,9,48,3,60,0,50,115,4,169,74,0,74,243
11/29/2011,MKC,MO,ACE,CE,Towers with Radar,0,50,76,0,126,0,12,41,3,56,0,62,117,3,182,24,0,24,206
11/30/2011,MKC,MO,ACE,CE,Towers with Radar,0,67,110,1,178,0,7,47,5,59,0,74,157,6,237,61,0,61,298
12/01/2011,MKC,MO,ACE,CE,Towers with Radar,0,54,72,0,126,0,16,88,2,106,0,70,160,2,232,78,0,78,310
12/02/2011,MKC,MO,ACE,CE,Towers with Radar,0,35,55,2,92,0,8,11,3,22,0,43,66,5,114,32,0,32,146
12/03/2011,MKC,MO,ACE,CE,Towers with Radar,0,19,24,4,47,0,0,4,0,4,0,19,28,4,51,6,0,6,57
12/04/2011,MKC,MO,ACE,CE,Towers with Radar,0,12,33,0,45,0,2,19,8,29,0,14,52,8,74,127,1,128,202
12/05/2011,MKC,MO,ACE,CE,Towers with Radar,0,35,52,1,88,0,5,32,4,41,0,40,84,5,129,40,0,40,169
12/06/2011,MKC,MO,ACE,CE,Towers with Radar,0,61,84,0,145,0,20,37,3,60,0,81,121,3,205,78,0,78,283
12/07/2011,MKC,MO,ACE,CE,Towers with Radar,0,36,81,6,123,0,12,62,0,74,0,48,143,6,197,99,0,99,296
12/08/2011,MKC,MO,ACE,CE,Towers with Radar,0,52,77,1,130,0,7,35,1,43,0,59,112,2,173,32,0,32,205
12/09/2011,MKC,MO,ACE,CE,Towers with Radar,0,35,57,2,94,0,9,72,1,82,0,44,129,3,176,31,4,35,211
12/10/2011,MKC,MO,ACE,CE,Towers with Radar,0,23,36,2,61,0,3,75,0,78,0,26,111,2,139,76,0,76,215
12/11/2011,MKC,MO,ACE,CE,Towers with Radar,0,24,37,0,61,0,1,57,0,58,0,25,94,0,119,39,0,39,158
12/12/2011,MKC,MO,ACE,CE,Towers with Radar,0,45,63,0,108,0,11,40,1,52,0,56,103,1,160,22,0,22,182
12/13/2011,MKC,MO,ACE,CE,Towers with Radar,0,56,64,0,120,0,0,5,0,5,0,56,69,0,125,0,0,0,125
12/14/2011,MKC,MO,ACE,CE,Towers with Radar,0,58,70,4,132,0,0,4,0,4,0,58,74,4,136,2,0,2,138
12/15/2011,MKC,MO,ACE,CE,Towers with Radar,0,53,63,8,124,0,6,50,0,56,0,59,113,8,180,42,0,42,222
12/16/2011,MKC,MO,ACE,CE,Towers with Radar,0,53,76,2,131,0,3,71,1,75,0,56,147,3,206,48,0,48,254
12/17/2011,MKC,MO,ACE,CE,Towers with Radar,0,38,33,0,71,0,1,69,1,71,0,39,102,1,142,84,0,84,226
12/18/2011,MKC,MO,ACE,CE,Towers with Radar,0,16,47,1,64,0,2,50,0,52,0,18,97,1,116,42,0,42,158
12/19/2011,MKC,MO,ACE,CE,Towers with Radar,0,52,44,0,96,0,0,11,1,12,0,52,55,1,108,32,0,32,140
12/20/2011,MKC,MO,ACE,CE,Towers with Radar,0,47,60,0,107,0,0,0,0,0,0,47,60,0,107,0,0,0,107
12/21/2011,MKC,MO,ACE,CE,Towers with Radar,0,67,91,0,158,0,15,98,0,113,0,82,189,0,271,112,1,113,384
12/22/2011,MKC,MO,ACE,CE,Towers with Radar,0,52,31,0,83,0,3,52,0,55,0,55,83,0,138,60,0,60,198
12/23/2011,MKC,MO,ACE,CE,Towers with Radar,0,63,55,0,118,0,19,119,0,138,0,82,174,0,256,72,0,72,328
12/24/2011,MKC,MO,ACE,CE,Towers with Radar,0,17,17,0,34,0,0,17,0,17,0,17,34,0,51,0,0,0,51
12/25/2011,MKC,MO,ACE,CE,Towers with Radar,0,15,1,0,16,0,4,13,0,17,0,19,14,0,33,43,0,43,76
12/26/2011,MKC,MO,ACE,CE,Towers with Radar,0,32,48,0,80,0,0,37,0,37,0,32,85,0,117,38,0,38,155
12/27/2011,MKC,MO,ACE,CE,Towers with Radar,0,45,54,3,102,0,12,47,1,60,0,57,101,4,162,31,4,35,197
12/28/2011,MKC,MO,ACE,CE,Towers with Radar,0,46,46,0,92,0,17,74,2,93,0,63,120,2,185,94,0,94,279
12/29/2011,MKC,MO,ACE,CE,Towers with Radar,0,29,43,0,72,0,11,93,0,104,0,40,136,0,176,88,0,88,264
12/30/2011,MKC,MO,ACE,CE,Towers with Radar,0,25,26,0,51,0,4,48,0,52,0,29,74,0,103,24,0,24,127
12/31/2011,MKC,MO,ACE,CE,Towers with Radar,0,20,26,0,46,0,2,40,0,42,0,22,66,0,88,4,0,4,92
01/01/2012,MKC,MO,ACE,CE,Towers with Radar,0,21,11,0,32,0,12,27,0,39,0,33,38,0,71,0,0,0,71
01/02/2012,MKC,MO,ACE,CE,Towers with Radar,0,20,38,0,58,0,1,41,2,44,0,21,79,2,102,70,0,70,172
01/03/2012,MKC,MO,ACE,CE,Towers with Radar,0,41,76,0,117,0,14,26,0,40,0,55,102,0,157,28,0,28,185
01/04/2012,MKC,MO,ACE,CE,Towers with Radar,0,38,48,1,87,0,13,51,4,68,0,51,99,5,155,111,0,111,266
01/05/2012,MKC,MO,ACE,CE,Towers with Radar,0,33,60,4,97,0,14,56,7,77,0,47,116,11,174,139,0,139,313
01/06/2012,MKC,MO,ACE,CE,Towers with Radar,0,29,52,3,84,0,5,66,2,73,0,34,118,5,157,75,0,75,232
01/07/2012,MKC,MO,ACE,CE,Towers with Radar,0,17,34,0,51,0,2,109,0,111,0,19,143,0,162,83,0,83,245
01/08/2012,MKC,MO,ACE,CE,Towers with Radar,0,19,30,0,49,0,1,24,3,28,0,20,54,3,77,46,0,46,123
01/09/2012,MKC,MO,ACE,CE,Towers with Radar,0,26,45,0,71,0,8,26,0,34,0,34,71,0,105,18,0,18,123
01/10/2012,MKC,MO,ACE,CE,Towers with Radar,0,50,61,6,117,0,6,52,4,62,0,56,113,10,179,116,0,116,295
01/11/2012,MKC,MO,ACE,CE,Towers with Radar,0,41,45,4,90,0,3,9,2,14,0,44,54,6,104,16,4,20,124
01/12/2012,MKC,MO,ACE,CE,Towers with Radar,0,57,39,2,98,0,6,19,3,28,0,63,58,5,126,0,0,0,126
01/13/2012,MKC,MO,ACE,CE,Towers with Radar,0,43,66,0,109,0,9,23,1,33,0,52,89,1,142,100,0,100,242
01/14/2012,MKC,MO,ACE,CE,Towers with Radar,0,15,16,0,31,0,10,83,1,94,0,25,99,1,125,101,0,101,226
01/15/2012,MKC,MO,ACE,CE,Towers with Radar,0,10,23,0,33,0,5,29,0,34,0,15,52,0,67,63,0,63,130
01/16/2012,MKC,MO,ACE,CE,Towers with Radar,0,25,41,0,66,0,5,15,0,20,0,30,56,0,86,0,0,0,86
01/17/2012,MKC,MO,ACE,CE,Towers with Radar,0,34,70,2,106,0,4,32,3,39,0,38,102,5,145,16,2,18,163
01/18/2012,MKC,MO,ACE,CE,Towers with Radar,0,48,69,3,120,0,16,32,5,53,0,64,101,8,173,44,0,44,217
01/19/2012,MKC,MO,ACE,CE,Towers with Radar,0,38,73,0,111,0,2,55,0,57,0,40,128,0,168,41,0,41,209
01/20/2012,MKC,MO,ACE,CE,Towers with Radar,0,37,44,0,81,0,8,21,0,29,0,45,65,0,110,40,0,40,150
01/21/2012,MKC,MO,ACE,CE,Towers with Radar,0,28,35,2,65,0,1,0,0,1,0,29,35,2,66,22,0,22,88
01/22/2012,MKC,MO,ACE,CE,Towers with Radar,0,22,35,1,58,0,0,0,0,0,0,22,35,1,58,0,0,0,58
01/23/2012,MKC,MO,ACE,CE,Towers with Radar,0,30,43,0,73,0,7,14,0,21,0,37,57,0,94,0,0,0,94
01/24/2012,MKC,MO,ACE,CE,Towers with Radar,0,43,59,0,102,0,10,48,1,59,0,53,107,1,161,114,0,114,275
01/25/2012,MKC,MO,ACE,CE,Towers with Radar,0,37,67,6,110,0,12,47,4,63,0,49,114,10,173,9,0,9,182
01/26/2012,MKC,MO,ACE,CE,Towers with Radar,0,48,56,0,104,0,5,48,2,55,0,53,104,2,159,71,0,71,230
01/27/2012,MKC,MO,ACE,CE,Towers with Radar,0,59,45,0,104,0,18,36,3,57,0,77,81,3,161,62,0,62,223
01/28/2012,MKC,MO,ACE,CE,Towers with Radar,0,19,23,0,42,0,7,62,1,70,0,26,85,1,112,11,0,11,123
01/29/2012,MKC,MO,ACE,CE,Towers with Radar,0,26,24,0,50,0,21,69,2,92,0,47,93,2,142,30,8,38,180
01/30/2012,MKC,MO,ACE,CE,Towers with Radar,0,56,69,2,127,0,9,27,2,38,0,65,96,4,165,26,0,26,191
01/31/2012,MKC,MO,ACE,CE,Towers with Radar,0,39,51,1,91,0,5,37,4,46,0,44,88,5,137,46,0,46,183
02/01/2012,MKC,MO,ACE,CE,Towers with Radar,0,44,95,0,139,0,8,65,0,73,0,52,160,0,212,90,0,90,302
02/02/2012,MKC,MO,ACE,CE,Towers with Radar,0,43,59,2,104,0,15,60,1,76,0,58,119,3,180,112,0,112,292
02/03/2012,MKC,MO,ACE,CE,Towers with Radar,0,37,40,0,77,0,1,0,0,1,0,38,40,0,78,0,0,0,78
02/04/2012,MKC,MO,ACE,CE,Towers with Radar,0,20,17,0,37,0,0,0,0,0,0,20,17,0,37,0,0,0,37
02/05/2012,MKC,MO,ACE,CE,Towers with Radar,0,14,15,0,29,0,7,39,0,46,0,21,54,0,75,83,0,83,158
02/06/2012,MKC,MO,ACE,CE,Towers with Radar,0,37,50,0,87,0,12,66,0,78,0,49,116,0,165,14,0,14,179
02/07/2012,MKC,MO,ACE,CE,Towers with Radar,0,47,50,0,97,0,1,15,0,16,0,48,65,0,113,0,0,0,113
02/08/2012,MKC,MO,ACE,CE,Towers with Radar,0,53,73,2,128,0,11,22,0,33,0,64,95,2,161,24,0,24,185
02/09/2012,MKC,MO,ACE,CE,Towers with Radar,0,43,62,0,105,0,11,47,0,58,0,54,109,0,163,142,0,142,305
02/10/2012,MKC,MO,ACE,CE,Towers with Radar,0,42,61,4,107,0,16,39,6,61,0,58,100,10,168,6,0,6,174
02/11/2012,MKC,MO,ACE,CE,Towers with Radar,0,12,20,4,36,0,2,70,0,72,0,14,90,4,108,83,0,83,191
02/12/2012,MKC,MO,ACE,CE,Towers with Radar,0,9,30,0,39,0,19,42,0,61,0,28,72,0,100,114,0,114,214
02/13/2012,MKC,MO,ACE,CE,Towers with Radar,0,31,30,1,62,0,0,0,0,0,0,31,30,1,62,0,0,0,62
02/14/2012,MKC,MO,ACE,CE,Towers with Radar,0,57,49,17,123,0,11,99,4,114,0,68,148,21,237,126,12,138,375
02/15/2012,MKC,MO,ACE,CE,Towers with Radar,0,60,97,0,157,0,2,0,0,2,0,62,97,0,159,2,0,2,161
02/16/2012,MKC,MO,ACE,CE,Towers with Radar,0,76,100,7,183,0,18,39,0,57,0,94,139,7,240,118,0,118,358
02/17/2012,MKC,MO,ACE,CE,Towers with Radar,0,52,106,0,158,0,9,63,4,76,0,61,169,4,234,20,2,22,256
02/18/2012,MKC,MO,ACE,CE,Towers with Radar,0,33,26,0,59,0,16,75,10,101,0,49,101,10,160,43,0,43,203
02/19/2012,MKC,MO,ACE,CE,Towers with Radar,0,22,40,0,62,0,11,87,6,104,0,33,127,6,166,50,0,50,216
02/20/2012,MKC,MO,ACE,CE,Towers with Radar,0,27,58,0,85,0,9,1,0,10,0,36,59,0,95,0,0,0,95
02/21/2012,MKC,MO,ACE,CE,Towers with Radar,0,41,57,3,101,0,9,29,0,38,0,50,86,3,139,50,4,54,193
02/22/2012,MKC,MO,ACE,CE,Towers with Radar,0,55,67,0,122,0,26,66,3,95,0,81,133,3,217,39,0,39,256
02/23/2012,MKC,MO,ACE,CE,Towers with Radar,0,52,64,1,117,0,0,39,0,39,0,52,103,1,156,72,0,72,228
02/24/2012,MKC,MO,ACE,CE,Towers with Radar,0,53,72,2,127,0,4,34,0,38,0,57,106,2,165,20,0,20,185
02/25/2012,MKC,MO,ACE,CE,Towers with Radar,6,35,53,4,98,3,13,64,0,80,9,48,117,4,178,78,0,78,256
02/26/2012,MKC,MO,ACE,CE,Towers with Radar,0,30,47,0,77,0,6,32,0,38,0,36,79,0,115,48,0,48,163
02/27/2012,MKC,MO,ACE,CE,Towers with Radar,0,24,41,4,69,0,11,42,0,53,0,35,83,4,122,83,0,83,205
02/28/2012,MKC,MO,ACE,CE,Towers with Radar,0,40,37,0,77,0,4,22,0,26,0,44,59,0,103,0,0,0,103
02/29/2012,MKC,MO,ACE,CE,Towers with Radar,0,38,74,1,113,0,3,15,1,19,0,41,89,2,132,12,0,12,144
03/01/2012,MKC,MO,ACE,CE,Towers with Radar,0,64,70,2,136,0,16,82,0,98,0,80,152,2,234,73,0,73,307
03/02/2012,MKC,MO,ACE,CE,Towers with Radar,0,38,56,0,94,0,9,33,4,46,0,47,89,4,140,18,0,18,158
03/03/2012,MKC,MO,ACE,CE,Towers with Radar,0,19,42,2,63,0,4,33,1,38,0,23,75,3,101,20,0,20,121
03/04/2012,MKC,MO,ACE,CE,Towers with Radar,0,19,32,1,52,0,2,39,0,41,0,21,71,1,93,40,0,40,133
03/05/2012,MKC,MO,ACE,CE,Towers with Radar,0,35,45,3,83,0,7,45,2,54,0,42,90,5,137,109,0,109,246
03/06/2012,MKC,MO,ACE,CE,Towers with Radar,5,43,70,2,120,0,6,8,0,14,5,49,78,2,134,0,0,0,134
03/07/2012,MKC,MO,ACE,CE,Towers with Radar,3,50,80,6,139,0,9,43,4,56,3,59,123,10,195,10,0,10,205
03/08/2012,MKC,MO,ACE,CE,Towers with Radar,1,43,83,4,131,0,3,44,5,52,1,46,127,9,183,136,10,146,329
03/09/2012,MKC,MO,ACE,CE,Towers with Radar,0,53,65,0,118,0,33,124,0,157,0,86,189,0,275,108,0,108,383
03/10/2012,MKC,MO,ACE,CE,Towers with Radar,3,29,59,3,94,0,2,59,0,61,3,31,118,3,155,125,0,125,280
03/11/2012,MKC,MO,ACE,CE,Towers with Radar,0,24,28,0,52,0,0,1,0,1,0,24,29,0,53,0,0,0,53
03/12/2012,MKC,MO,ACE,CE,Towers with Radar,0,48,39,0,87,0,5,48,3,56,0,53,87,3,143,96,0,96,239
03/13/2012,MKC,MO,ACE,CE,Towers with Radar,2,37,51,1,91,0,5,36,0,41,2,42,87,1,132,6,0,6,138
03/14/2012,MKC,MO,ACE,CE,Towers with Radar,0,49,69,0,118,0,5,41,0,46,0,54,110,0,164,20,0,20,184
03/15/2012,MKC,MO,ACE,CE,Towers with Radar,0,61,44,2,107,0,7,53,0,60,0,68,97,2,167,114,0,114,281
03/16/2012,MKC,MO,ACE,CE,Towers with Radar,0,46,72,1,119,0,16,69,7,92,0,62,141,8,211,42,4,46,257
03/17/2012,MKC,MO,ACE,CE,Towers with Radar,0,26,35,0,61,0,0,48,1,49,0,26,83,1,110,8,0,8,118
03/18/2012,MKC,MO,ACE,CE,Towers with Radar,0,21,30,0,51,0,2,45,0,47,0,23,75,0,98,20,0,20,118
03/19/2012,MKC,MO,ACE,CE,Towers with Radar,0,25,44,1,70,0,3,18,0,21,0,28,62,1,91,0,0,0,91
03/20/2012,MKC,MO,ACE,CE,Towers with Radar,0,30,48,1,79,0,0,0,0,0,0,30,48,1,79,0,0,0,79
03/21/2012,MKC,MO,ACE,CE,Towers with Radar,0,54,83,1,138,0,0,2,0,2,0,54,85,1,140,2,0,2,142
03/22/2012,MKC,MO,ACE,CE,Towers with Radar,0,51,75,4,130,0,9,25,0,34,0,60,100,4,164,6,0,6,170
03/23/2012,MKC,MO,ACE,CE,Towers with Radar,0,37,51,0,88,0,13,43,1,57,0,50,94,1,145,75,0,75,220
03/24/2012,MKC,MO,ACE,CE,Towers with Radar,0,23,42,0,65,0,1,129,0,130,0,24,171,0,195,56,0,56,251
03/25/2012,MKC,MO,ACE,CE,Towers with Radar,0,29,64,0,93,0,7,107,2,116,0,36,171,2,209,88,0,88,297
03/26/2012,MKC,MO,ACE,CE,Towers with Radar,0,34,41,0,75,0,8,85,1,94,0,42,126,1,169,55,0,55,224
03/27/2012,MKC,MO,ACE,CE,Towers with Radar,0,34,52,0,86,0,8,18,2,28,0,42,70,2,114,14,1,15,129
03/28/2012,MKC,MO,ACE,CE,Towers with Radar,0,59,90,3,152,0,5,50,0,55,0,64,140,3,207,54,0,54,261
03/29/2012,MKC,MO,ACE,CE,Towers with Radar,0,47,82,0,129,0,6,27,0,33,0,53,109,0,162,9,0,9,171
03/30/2012,MKC,MO,ACE,CE,Towers with Radar,0,51,72,6,129,0,10,85,3,98,0,61,157,9,227,116,12,128,355
03/31/2012,MKC,MO,ACE,CE,Towers with Radar,0,31,50,0,81,0,4,80,0,84,0,35,130,0,165,64,0,64,229
04/01/2012,MKC,MO,ACE,CE,Towers with Radar,0,20,52,0,72,0,3,62,1,66,0,23,114,1,138,63,0,63,201
04/02/2012,MKC,MO,ACE,CE,Towers with Radar,0,51,40,0,91,0,12,39,0,51,0,63,79,0,142,40,0,40,182
04/03/2012,MKC,MO,ACE,CE,Towers with Radar,0,56,89,0,145,0,5,38,0,43,0,61,127,0,188,51,0,51,239
04/04/2012,MKC,MO,ACE,CE,Towers with Radar,0,40,79,0,119,0,3,16,0,19,0,43,95,0,138,74,0,74,212
04/05/2012,MKC,MO,ACE,CE,Towers with Radar,0,49,103,6,158,0,1,26,1,28,0,50,129,7,186,42,0,42,228
04/06/2012,MKC,MO,ACE,CE,Towers with Radar,0,58,82,0,140,0,18,82,4,104,0,76,164,4,244,38,2,40,284
04/07/2012,MKC,MO,ACE,CE,Towers with Radar,0,27,29,0,56,0,6,54,4,64,0,33,83,4,120,107,0,107,227
04/08/2012,MKC,MO,ACE,CE,Towers with Radar,0,18,22,0,40,0,3,72,0,75,0,21,94,0,115,36,0,36,151
04/09/2012,MKC,MO,ACE,CE,Towers with Radar,0,44,61,0,105,0,10,70,2,82,0,54,131,2,187,52,0,52,239
04/10/2012,MKC,MO,ACE,CE,Towers with Radar,0,42,79,8,129,0,10,90,2,102,0,52,169,10,231,78,0,78,309
04/11/2012,MKC,MO,ACE,CE,Towers with Radar,1,49,80,5,135,0,18,58,4,80,1,67,138,9,215,54,0,54,269
04/12/2012,MKC,MO,ACE,CE,Towers with Radar,3,63,87,0,153,0,10,29,0,39,3,73,116,0,192,12,0,12,204
04/13/2012,MKC,MO,ACE,CE,Towers with Radar,0,45,76,0,121,0,4,33,0,37,0,49,109,0,158,64,0,64,222
04/14/2012,MKC,MO,ACE,CE,Towers with Radar,0,19,23,0,42,0,7,8,0,15,0,26,31,0,57,64,0,64,121
04/15/2012,MKC,MO,ACE,CE,Towers with Radar,2,20,24,0,46,0,1,4,0,5,2,21,28,0,51,0,0,0,51
04/16/2012,MKC,MO,ACE,CE,Towers with Radar,0,40,36,2,78,0,1,1,0,2,0,41,37,2,80,0,0,0,80
04/17/2012,MKC,MO,ACE,CE,Towers with Radar,0,32,82,0,114,0,2,63,2,67,0,34,145,2,181,30,0,30,211
04/18/2012,MKC,MO,ACE,CE,Towers with Radar,0,42,78,0,120,0,11,39,0,50,0,53,117,0,170,38,0,38,208
04/19/2012,MKC,MO,ACE,CE,Towers with Radar,1,59,95,4,159,0,12,44,0,56,1,71,139,4,215,23,0,23,238
04/20/2012,MKC,MO,ACE,CE,Towers with Radar,3,41,103,2,149,0,14,60,5,79,3,55,163,7,228,28,0,28,256
04/21/2012,MKC,MO,ACE,CE,Towers with Radar,0,37,50,0,87,0,9,78,0,87,0,46,128,0,174,24,0,24,198
04/22/2012,MKC,MO,ACE,CE,Towers with Radar,2,22,80,0,104,0,15,44,0,59,2,37,124,0,163,42,0,42,205
04/23/2012,MKC,MO,ACE,CE,Towers with Radar,3,31,40,0,74,0,20,39,2,61,3,51,79,2,135,64,0,64,199
04/24/2012,MKC,MO,ACE,CE,Towers with Radar,0,43,62,2,107,0,11,49,1,61,0,54,111,3,168,92,2,94,262
04/25/2012,MKC,MO,ACE,CE,Towers with Radar,0,45,72,0,117,0,9,66,2,77,0,54,138,2,194,23,0,23,217
04/26/2012,MKC,MO,ACE,CE,Towers with Radar,0,50,81,3,134,0,9,40,2,51,0,59,121,5,185,42,0,42,227
04/27/2012,MKC,MO,ACE,CE,Towers with Radar,0,44,46,0,90,0,4,29,1,34,0,48,75,1,124,2,0,2,126
04/28/2012,MKC,MO,ACE,CE,Towers with Radar,0,22,39,0,61,0,1,55,0,56,0,23,94,0,117,56,0,56,173
04/29/2012,MKC,MO,ACE,CE,Towers with Radar,0,12,23,1,36,0,2,0,0,2,0,14,23,1,38,0,0,0,38
04/30/2012,MKC,MO,ACE,CE,Towers with Radar,0,32,41,3,76,0,7,24,0,31,0,39,65,3,107,6,0,6,113
05/01/2012,MKC,MO,ACE,CE,Towers with Radar,0,47,51,4,102,0,13,23,0,36,0,60,74,4,138,24,2,26,164
05/02/2012,MKC,MO,ACE,CE,Towers with Radar,2,71,124,4,201,0,5,55,1,61,2,76,179,5,262,60,0,60,322
05/03/2012,MKC,MO,ACE,CE,Towers with Radar,2,41,84,0,127,0,6,56,2,64,2,47,140,2,191,30,0,30,221
05/04/2012,MKC,MO,ACE,CE,Towers with Radar,0,37,67,6,110,0,13,65,1,79,0,50,132,7,189,8,0,8,197
05/05/2012,MKC,MO,ACE,CE,Towers with Radar,0,32,55,1,88,0,19,80,0,99,0,51,135,1,187,28,0,28,215
05/06/2012,MKC,MO,ACE,CE,Towers with Radar,3,14,23,0,40,0,5,21,0,26,3,19,44,0,66,28,0,28,94
05/07/2012,MKC,MO,ACE,CE,Towers with Radar,2,31,49,0,82,0,4,41,2,47,2,35,90,2,129,60,0,60,189
05/08/2012,MKC,MO,ACE,CE,Towers with Radar,0,57,105,6,168,0,8,43,2,53,0,65,148,8,221,42,0,42,263
05/09/2012,MKC,MO,ACE,CE,Towers with Radar,1,48,80,0,129,0,8,21,3,32,1,56,101,3,161,64,0,64,225
05/10/2012,MKC,MO,ACE,CE,Towers with Radar,3,48,69,11,131,0,15,53,2,70,3,63,122,13,201,54,0,54,255
05/11/2012,MKC,MO,ACE,CE,Towers with Radar,0,43,85,0,128,0,4,96,2,102,0,47,181,2,230,80,0,80,310
05/12/2012,MKC,MO,ACE,CE,Towers with Radar,0,34,40,0,74,0,7,43,0,50,0,41,83,0,124,6,0,6,130
05/13/2012,MKC,MO,ACE,CE,Towers with Radar,0,13,33,0,46,0,2,34,1,37,0,15,67,1,83,0,0,0,83
05/14/2012,MKC,MO,ACE,CE,Towers with Radar,0,38,46,4,88,0,16,52,2,70,0,54,98,6,158,28,2,30,188
05/15/2012,MKC,MO,ACE,CE,Towers with Radar,0,49,87,5,141,0,6,65,0,71,0,55,152,5,212,32,0,32,244
05/16/2012,MKC,MO,ACE,CE,Towers with Radar,4,36,98,0,138,0,5,67,4,76,4,41,165,4,214,36,6,42,256
05/17/2012,MKC,MO,ACE,CE,Towers with Radar,5,33,86,2,126,0,40,96,0,136,5,73,182,2,262,71,0,71,333
05/18/2012,MKC,MO,ACE,CE,Towers with Radar,0,38,53,1,92,0,21,62,1,84,0,59,115,2,176,28,0,28,204
05/19/2012,MKC,MO,ACE,CE,Towers with Radar,0,23,28,0,51,0,3,57,0,60,0,26,85,0,111,28,0,28,139
05/20/2012,MKC,MO,ACE,CE,Towers with Radar,4,27,32,0,63,0,2,38,1,41,4,29,70,1,104,16,0,16,120
05/21/2012,MKC,MO,ACE,CE,Towers with Radar,0,39,62,0,101,0,7,68,0,75,0,46,130,0,176,58,0,58,234
05/22/2012,MKC,MO,ACE,CE,Towers with Radar,0,46,64,2,112,0,10,70,3,83,0,56,134,5,195,20,0,20,215
05/23/2012,MKC,MO,ACE,CE,Towers with Radar,0,35,71,0,106,0,9,47,0,56,0,44,118,0,162,92,0,92,254
05/24/2012,MKC,MO,ACE,CE,Towers with Radar,0,37,83,1,121,0,9,54,2,65,0,46,137,3,186,47,0,47,233
05/25/2012,MKC,MO,ACE,CE,Towers with Radar,0,45,49,2,96,0,17,35,1,53,0,62,84,3,149,8,0,8,157
05/26/2012,MKC,MO,ACE,CE,Towers with Radar,0,31,27,0,58,0,23,68,0,91,0,54,95,0,149,44,0,44,193
05/27/2012,MKC,MO,ACE,CE,Towers with Radar,0,15,21,0,36,0,5,42,1,48,0,20,63,1,84,68,0,68,152
05/28/2012,MKC,MO,ACE,CE,Towers with Radar,0,22,37,0,59,0,9,39,0,48,0,31,76,0,107,72,0,72,179
05/29/2012,MKC,MO,ACE,CE,Towers with Radar,0,24,51,4,79,0,6,66,2,74,0,30,117,6,153,30,0,30,183
05/30/2012,MKC,MO,ACE,CE,Towers with Radar,4,37,92,3,136,0,10,52,1,63,4,47,144,4,199,34,0,34,233
05/31/2012,MKC,MO,ACE,CE,Towers with Radar,0,40,83,2,125,0,15,20,1,36,0,55,103,3,161,16,0,16,177
06/01/2012,MKC,MO,ACE,CE,Towers with Radar,0,37,48,0,85,0,10,58,4,72,0,47,106,4,157,56,0,56,213
06/02/2012,MKC,MO,ACE,CE,Towers with Radar,0,26,40,0,66,0,20,81,2,103,0,46,121,2,169,57,0,57,226
06/03/2012,MKC,MO,ACE,CE,Towers with Radar,1,19,27,0,47,0,8,57,1,66,1,27,84,1,113,16,0,16,129
06/04/2012,MKC,MO,ACE,CE,Towers with Radar,0,22,50,1,73,0,7,62,2,71,0,29,112,3,144,48,0,48,192
06/05/2012,MKC,MO,ACE,CE,Towers with Radar,0,44,62,3,109,0,5,62,4,71,0,49,124,7,180,4,0,4,184
06/06/2012,MKC,MO,ACE,CE,Towers with Radar,1,44,75,1,121,0,13,101,4,118,1,57,176,5,239,24,10,34,273
06/07/2012,MKC,MO,ACE,CE,Towers with Radar,2,43,77,3,125,0,14,56,1,71,2,57,133,4,196,41,0,41,237
06/08/2012,MKC,MO,ACE,CE,Towers with Radar,0,35,96,0,131,0,7,80,0,87,0,42,176,0,218,28,0,28,246
06/09/2012,MKC,MO,ACE,CE,Towers with Radar,0,21,21,0,42,0,26,64,0,90,0,47,85,0,132,42,0,42,174
06/10/2012,MKC,MO,ACE,CE,Towers with Radar,2,20,38,0,60,0,10,56,0,66,2,30,94,0,126,42,0,42,168
06/11/2012,MKC,MO,ACE,CE,Towers with Radar,2,32,56,0,90,0,6,12,0,18,2,38,68,0,108,14,0,14,122
06/12/2012,MKC,MO,ACE,CE,Towers with Radar,0,43,92,0,135,0,9,92,1,102,0,52,184,1,237,0,0,0,237
06/13/2012,MKC,MO,ACE,CE,Towers with Radar,0,37,97,0,134,0,8,84,5,97,0,45,181,5,231,15,10,25,256
06/14/2012,MKC,MO,ACE,CE,Towers with Radar,5,48,82,5,140,0,22,83,1,106,5,70,165,6,246,22,0,22,268
06/15/2012,MKC,MO,ACE,CE,Towers with Radar,2,47,100,0,149,0,10,55,0,65,2,57,155,0,214,52,0,52,266
06/16/2012,MKC,MO,ACE,CE,Towers with Radar,0,17,28,2,47,0,15,75,0,90,0,32,103,2,137,48,0,48,185
06/17/2012,MKC,MO,ACE,CE,Towers with Radar,0,17,37,0,54,0,6,75,0,81,0,23,112,0,135,35,0,35,170
06/18/2012,MKC,MO,ACE,CE,Towers with Radar,0,19,60,3,82,0,4,60,0,64,0,23,120,3,146,58,0,58,204
06/19/2012,MKC,MO,ACE,CE,Towers with Radar,0,54,143,7,204,0,5,51,10,66,0,59,194,17,270,12,0,12,282
06/20/2012,MKC,MO,ACE,CE,Towers with Radar,2,27,77,2,108,0,4,43,2,49,2,31,120,4,157,54,0,54,211
06/21/2012,MKC,MO,ACE,CE,Towers with Radar,2,34,84,7,127,0,10,56,9,75,2,44,140,16,202,58,0,58,260
06/22/2012,MKC,MO,ACE,CE,Towers with Radar,0,28,57,0,85,0,14,90,0,104,0,42,147,0,189,45,0,45,234
06/23/2012,MKC,MO,ACE,CE,Towers with Radar,0,21,39,0,60,0,9,60,0,69,0,30,99,0,129,40,2,42,171
06/24/2012,MKC,MO,ACE,CE,Towers with Radar,2,33,46,0,81,0,18,75,1,94,2,51,121,1,175,39,0,39,214
06/25/2012,MKC,MO,ACE,CE,Towers with Radar,2,36,53,4,95,0,9,46,2,57,2,45,99,6,152,55,0,55,207
06/26/2012,MKC,MO,ACE,CE,Towers with Radar,0,31,91,4,126,0,5,67,2,74,0,36,158,6,200,31,0,31,231
06/27/2012,MKC,MO,ACE,CE,Towers with Radar,2,39,69,7,117,0,14,39,0,53,2,53,108,7,170,43,2,45,215
06/28/2012,MKC,MO,ACE,CE,Towers with Radar,3,75,121,1,200,0,9,70,3,82,3,84,191,4,282,82,0,82,364
06/29/2012,MKC,MO,ACE,CE,Towers with Radar,1,44,94,3,142,0,11,48,0,59,1,55,142,3,201,51,0,51,252
06/30/2012,MKC,MO,ACE,CE,Towers with Radar,0,18,17,0,35,0,18,41,0,59,0,36,58,0,94,50,0,50,144
07/01/2012,MKC,MO,ACE,CE,Towers with Radar,0,20,34,3,57,0,4,59,0,63,0,24,93,3,120,38,0,38,158
07/02/2012,MKC,MO,ACE,CE,Towers with Radar,0,23,39,9,71,0,12,71,1,84,0,35,110,10,155,48,2,50,205
07/03/2012,MKC,MO,ACE,CE,Towers with Radar,0,29,38,4,71,0,10,46,0,56,0,39,84,4,127,36,0,36,163
07/04/2012,MKC,MO,ACE,CE,Towers with Radar,0,14,18,0,32,0,3,56,0,59,0,17,74,0,91,24,0,24,115
07/05/2012,MKC,MO,ACE,CE,Towers with Radar,0,9,44,0,53,0,11,62,0,73,0,20,106,0,126,23,0,23,149
07/06/2012,MKC,MO,ACE,CE,Towers with Radar,0,19,28,2,49,0,11,86,4,101,0,30,114,6,150,30,2,32,182
07/07/2012,MKC,MO,ACE,CE,Towers with Radar,0,13,39,1,53,0,1,62,2,65,0,14,101,3,118,53,0,53,171
07/08/2012,MKC,MO,ACE,CE,Towers with Radar,2,30,62,2,96,0,10,54,2,66,2,40,116,4,162,38,0,38,200
07/09/2012,MKC,MO,ACE,CE,Towers with Radar,4,29,110,8,151,0,17,84,6,107,4,46,194,14,258,32,0,32,290
07/10/2012,MKC,MO,ACE,CE,Towers with Radar,1,43,130,2,176,0,11,85,5,101,1,54,215,7,277,32,2,34,311
07/11/2012,MKC,MO,ACE,CE,Towers with Radar,1,69,114,0,184,0,9,28,0,37,1,78,142,0,221,36,0,36,257
07/12/2012,MKC,MO,ACE,CE,Towers with Radar,2,40,83,7,132,0,6,54,0,60,2,46,137,7,192,32,6,38,230
07/13/2012,MKC,MO,ACE,CE,Towers with Radar,0,26,60,0,86,0,7,45,4,56,0,33,105,4,142,112,0,112,254
07/14/2012,MKC,MO,ACE,CE,Towers with Radar,0,21,35,0,56,0,7,104,3,114,0,28,139,3,170,96,0,96,266
07/15/2012,MKC,MO,ACE,CE,Towers with Radar,4,19,37,0,60,0,16,97,1,114,4,35,134,1,174,80,0,80,254
07/16/2012,MKC,MO,ACE,CE,Towers with Radar,0,20,52,5,77,0,24,77,1,102,0,44,129,6,179,34,4,38,217
07/17/2012,MKC,MO,ACE,CE,Towers with Radar,0,21,70,5,96,0,21,41,2,64,0,42,111,7,160,4,0,4,164
07/18/2012,MKC,MO,ACE,CE,Towers with Radar,1,23,85,5,114,0,11,69,4,84,1,34,154,9,198,28,2,30,228
07/19/2012,MKC,MO,ACE,CE,Towers with Radar,4,56,70,3,133,0,20,56,2,78,4,76,126,5,211,55,0,55,266
07/20/2012,MKC,MO,ACE,CE,Towers with Radar,0,35,67,4,106,0,27,72,2,101,0,62,139,6,207,22,7,29,236
07/21/2012,MKC,MO,ACE,CE,Towers with Radar,0,13,32,0,45,0,5,93,1,99,0,18,125,1,144,38,2,40,184
07/22/2012,MKC,MO,ACE,CE,Towers with Radar,4,24,26,0,54,0,16,79,0,95,4,40,105,0,149,33,0,33,182
07/23/2012,MKC,MO,ACE,CE,Towers with Radar,0,25,58,1,84,0,11,64,2,77,0,36,122,3,161,24,0,24,185
07/24/2012,MKC,MO,ACE,CE,Towers with Radar,0,44,58,0,102,0,13,87,0,100,0,57,145,0,202,71,0,71,273
07/25/2012,MKC,MO,ACE,CE,Towers with Radar,0,53,78,5,136,0,10,30,0,40,0,63,108,5,176,6,0,6,182
07/26/2012,MKC,MO,ACE,CE,Towers with Radar,0,33,41,2,76,0,12,67,0,79,0,45,108,2,155,23,0,23,178
07/27/2012,MKC,MO,ACE,CE,Towers with Radar,0,20,41,0,61,0,13,69,0,82,0,33,110,0,143,26,0,26,169
07/28/2012,MKC,MO,ACE,CE,Towers with Radar,0,25,23,0,48,0,14,63,0,77,0,39,86,0,125,50,0,50,175
07/29/2012,MKC,MO,ACE,CE,Towers with Radar,5,17,20,0,42,0,2,59,0,61,5,19,79,0,103,31,0,31,134
07/30/2012,MKC,MO,ACE,CE,Towers with Radar,1,26,49,3,79,0,21,73,0,94,1,47,122,3,173,2,0,2,175
07/31/2012,MKC,MO,ACE,CE,Towers with Radar,0,26,53,5,84,0,10,64,4,78,0,36,117,9,162,18,4,22,184
08/01/2012,MKC,MO,ACE,CE,Towers with Radar,0,43,86,0,129,0,20,54,1,75,0,63,140,1,204,38,0,38,242
08/02/2012,MKC,MO,ACE,CE,Towers with Radar,1,37,76,0,114,0,15,37,1,53,1,52,113,1,167,85,0,85,252
08/03/2012,MKC,MO,ACE,CE,Towers with Radar,2,22,72,0,96,0,12,53,0,65,2,34,125,0,161,107,8,115,276
08/04/2012,MKC,MO,ACE,CE,Towers with Radar,0,23,38,3,64,0,13,54,0,67,0,36,92,3,131,17,0,17,148
08/05/2012,MKC,MO,ACE,CE,Towers with Radar,2,23,37,0,62,0,13,107,0,120,2,36,144,0,182,91,0,91,273
08/06/2012,MKC,MO,ACE,CE,Towers with Radar,0,22,47,0,69,0,5,55,4,64,0,27,102,4,133,20,4,24,157
08/07/2012,MKC,MO,ACE,CE,Towers with Radar,0,46,76,0,122,0,7,59,0,66,0,53,135,0,188,98,0,98,286
08/08/2012,MKC,MO,ACE,CE,Towers with Radar,0,30,59,2,91,0,0,43,2,45,0,30,102,4,136,32,0,32,168
08/09/2012,MKC,MO,ACE,CE,Towers with Radar,0,31,99,2,132,0,11,54,0,65,0,42,153,2,197,106,6,112,309
08/10/2012,MKC,MO,ACE,CE,Towers with Radar,0,26,61,2,89,0,5,72,0,77,0,31,133,2,166,49,2,51,217
08/11/2012,MKC,MO,ACE,CE,Towers with Radar,0,13,29,0,42,0,9,120,0,129,0,22,149,0,171,82,0,82,253
08/12/2012,MKC,MO,ACE,CE,Towers with Radar,1,15,37,0,53,0,8,71,0,79,1,23,108,0,132,34,0,34,166
08/13/2012,MKC,MO,ACE,CE,Towers with Radar,0,24,53,0,77,0,9,35,0,44,0,33,88,0,121,61,0,61,182
08/14/2012,MKC,MO,ACE,CE,Towers with Radar,0,24,63,0,87,0,10,67,3,80,0,34,130,3,167,68,10,78,245
08/15/2012,MKC,MO,ACE,CE,Towers with Radar,0,21,92,8,121,0,6,51,2,59,0,27,143,10,180,83,0,83,263
08/16/2012,MKC,MO,ACE,CE,Towers with Radar,0,34,61,7,102,0,11,63,1,75,0,45,124,8,177,17,0,17,194
08/17/2012,MKC,MO,ACE,CE,Towers with Radar,0,37,63,0,100,0,15,106,4,125,0,52,169,4,225,58,0,58,283
08/18/2012,MKC,MO,ACE,CE,Towers with Radar,0,24,21,4,49,0,14,52,1,67,0,38,73,5,116,35,0,35,151
08/19/2012,MKC,MO,ACE,CE,Towers with Radar,4,13,30,2,49,0,4,53,1,58,4,17,83,3,107,67,0,67,174
08/20/2012,MKC,MO,ACE,CE,Towers with Radar,0,20,50,5,75,0,21,69,0,90,0,41,119,5,165,13,2,15,180
08/21/2012,MKC,MO,ACE,CE,Towers with Radar,0,50,82,1,133,0,12,46,1,59,0,62,128,2,192,28,0,28,220
08/22/2012,MKC,MO,ACE,CE,Towers with Radar,0,36,90,6,132,0,6,39,0,45,0,42,129,6,177,22,0,22,199
08/23/2012,MKC,MO,ACE,CE,Towers with Radar,0,35,104,0,139,0,11,45,3,59,0,46,149,3,198,22,1,23,221
08/24/2012,MKC,MO,ACE,CE,Towers with Radar,0,46,70,4,120,0,12,65,0,77,0,58,135,4,197,64,0,64,261
08/25/2012,MKC,MO,ACE,CE,Towers with Radar,0,20,17,0,37,0,7,21,2,30,0,27,38,2,67,6,4,10,77
08/26/2012,MKC,MO,ACE,CE,Towers with Radar,0,22,23,0,45,0,9,31,0,40,0,31,54,0,85,28,0,28,113
08/27/2012,MKC,MO,ACE,CE,Towers with Radar,2,43,58,0,103,0,26,70,4,100,2,69,128,4,203,6,0,6,209
08/28/2012,MKC,MO,ACE,CE,Towers with Radar,0,22,74,2,98,0,21,74,2,97,0,43,148,4,195,57,10,67,262
08/29/2012,MKC,MO,ACE,CE,Towers with Radar,0,29,99,8,136,0,5,67,1,73,0,34,166,9,209,92,0,92,301
08/30/2012,MKC,MO,ACE,CE,Towers with Radar,2,39,58,3,102,0,23,47,4,74,2,62,105,7,176,108,0,108,284
08/31/2012,MKC,MO,ACE,CE,Towers with Radar,0,27,34,2,63,0,0,16,0,16,0,27,50,2,79,24,0,24,103
09/01/2012,MKC,MO,ACE,CE,Towers with Radar,0,16,14,0,30,0,1,5,1,7,0,17,19,1,37,1,0,1,38
09/02/2012,MKC,MO,ACE,CE,Towers with Radar,2,14,15,0,31,0,10,73,0,83,2,24,88,0,114,27,0,27,141
09/03/2012,MKC,MO,ACE,CE,Towers with Radar,0,40,33,0,73,0,14,65,1,80,0,54,98,1,153,111,0,111,264
09/04/2012,MKC,MO,ACE,CE,Towers with Radar,0,34,54,8,96,0,5,25,0,30,0,39,79,8,126,138,0,138,264
09/05/2012,MKC,MO,ACE,CE,Towers with Radar,0,29,102,4,135,1,7,91,6,105,1,36,193,10,240,142,0,142,382
09/06/2012,MKC,MO,ACE,CE,Towers with Radar,1,29,99,4,133,0,7,90,3,100,1,36,189,7,233,87,22,109,342
09/07/2012,MKC,MO,ACE,CE,Towers with Radar,1,47,50,0,98,0,10,55,0,65,1,57,105,0,163,54,22,76,239
09/08/2012,MKC,MO,ACE,CE,Towers with Radar,0,40,43,0,83,0,37,706,0,743,0,77,749,0,826,52,0,52,878
09/09/2012,MKC,MO,ACE,CE,Towers with Radar,0,20,67,0,87,0,14,80,2,96,0,34,147,2,183,22,0,22,205
09/10/2012,MKC,MO,ACE,CE,Towers with Radar,0,27,52,2,81,0,16,33,1,50,0,43,85,3,131,4,0,4,135
09/11/2012,MKC,MO,ACE,CE,Towers with Radar,0,29,39,0,68,0,5,30,0,35,0,34,69,0,103,16,0,16,119
09/12/2012,MKC,MO,ACE,CE,Towers with Radar,0,41,89,9,139,0,7,46,6,59,0,48,135,15,198,105,4,109,307
09/13/2012,MKC,MO,ACE,CE,Towers with Radar,1,45,86,0,132,0,13,20,0,33,1,58,106,0,165,84,0,84,249
09/14/2012,MKC,MO,ACE,CE,Towers with Radar,3,37,68,6,114,0,10,66,3,79,3,47,134,9,193,117,0,117,310
09/15/2012,MKC,MO,ACE,CE,Towers with Radar,0,21,51,1,73,0,4,47,5,56,0,25,98,6,129,7,2,9,138
09/16/2012,MKC,MO,ACE,CE,Towers with Radar,2,25,52,0,79,0,5,42,0,47,2,30,94,0,126,38,0,38,164
09/17/2012,MKC,MO,ACE,CE,Towers with Radar,2,33,61,5,101,0,6,33,7,46,2,39,94,12,147,136,2,138,285
09/18/2012,MKC,MO,ACE,CE,Towers with Radar,0,26,63,2,91,0,8,58,0,66,0,34,121,2,157,117,0,117,274
09/19/2012,MKC,MO,ACE,CE,Towers with Radar,0,39,85,0,124,0,10,58,2,70,0,49,143,2,194,68,0,68,262
09/20/2012,MKC,MO,ACE,CE,Towers with Radar,4,36,122,2,164,0,22,63,2,87,4,58,185,4,251,7,0,7,258
09/21/2012,MKC,MO,ACE,CE,Towers with Radar,0,39,46,0,85,0,31,49,2,82,0,70,95,2,167,39,0,39,206
09/22/2012,MKC,MO,ACE,CE,Towers with Radar,0,19,34,2,55,0,15,82,1,98,0,34,116,3,153,59,0,59,212
09/23/2012,MKC,MO,ACE,CE,Towers with Radar,4,23,40,0,67,0,15,77,0,92,4,38,117,0,159,24,0,24,183
09/24/2012,MKC,MO,ACE,CE,Towers with Radar,0,18,54,4,76,0,2,84,0,86,0,20,138,4,162,120,0,120,282
09/25/2012,MKC,MO,ACE,CE,Towers with Radar,0,28,62,0,90,0,7,56,0,63,0,35,118,0,153,85,0,85,238
09/26/2012,MKC,MO,ACE,CE,Towers with Radar,0,43,89,4,136,0,5,33,1,39,0,48,122,5,175,109,0,109,284
09/27/2012,MKC,MO,ACE,CE,Towers with Radar,0,38,106,2,146,0,9,32,0,41,0,47,138,2,187,66,0,66,253
09/28/2012,MKC,MO,ACE,CE,Towers with Radar,0,43,84,1,128,0,10,56,4,70,0,53,140,5,198,87,0,87,285
09/29/2012,MKC,MO,ACE,CE,Towers with Radar,0,19,28,0,47,0,12,85,1,98,0,31,113,1,145,62,0,62,207
09/30/2012,MKC,MO,ACE,CE,Towers with Radar,2,28,50,1,81,0,6,54,0,60,2,34,104,1,141,10,0,10,151
10/01/2012,MKC,MO,ACE,CE,Towers with Radar,0,33,68,0,101,0,22,85,5,112,0,55,153,5,213,100,0,100,313
10/02/2012,MKC,MO,ACE,CE,Towers with Radar,0,29,64,0,93,0,8,67,2,77,0,37,131,2,170,159,6,165,335
10/03/2012,MKC,MO,ACE,CE,Towers with Radar,0,43,104,5,152,0,7,68,3,78,0,50,172,8,230,58,0,58,288
10/04/2012,MKC,MO,ACE,CE,Towers with Radar,0,35,58,0,93,0,5,49,0,54,0,40,107,0,147,97,0,97,244
10/05/2012,MKC,MO,ACE,CE,Towers with Radar,0,27,61,2,90,0,7,71,1,79,0,34,132,3,169,53,0,53,222
10/06/2012,MKC,MO,ACE,CE,Towers with Radar,0,10,36,0,46,0,18,57,2,77,0,28,93,2,123,44,1,45,168
10/07/2012,MKC,MO,ACE,CE,Towers with Radar,0,26,50,0,76,0,12,80,0,92,0,38,130,0,168,48,0,48,216
10/08/2012,MKC,MO,ACE,CE,Towers with Radar,0,31,52,0,83,0,11,73,0,84,0,42,125,0,167,38,0,38,205
10/09/2012,MKC,MO,ACE,CE,Towers with Radar,0,41,41,0,82,0,12,37,1,50,0,53,78,1,132,22,0,22,154
10/10/2012,MKC,MO,ACE,CE,Towers with Radar,0,52,75,12,139,0,10,75,2,87,0,62,150,14,226,34,14,48,274
10/11/2012,MKC,MO,ACE,CE,Towers with Radar,0,41,69,3,113,0,26,70,0,96,0,67,139,3,209,46,0,46,255
10/12/2012,MKC,MO,ACE,CE,Towers with Radar,0,36,72,1,109,0,7,50,2,59,0,43,122,3,168,10,0,10,178
10/13/2012,MKC,MO,ACE,CE,Towers with Radar,0,20,15,0,35,0,3,5,0,8,0,23,20,0,43,0,0,0,43
10/14/2012,MKC,MO,ACE,CE,Towers with Radar,0,14,31,0,45,0,8,40,0,48,0,22,71,0,93,42,0,42,135
10/15/2012,MKC,MO,ACE,CE,Towers with Radar,0,36,45,0,81,0,23,56,0,79,0,59,101,0,160,53,0,53,213
10/16/2012,MKC,MO,ACE,CE,Towers with Radar,0,40,83,0,123,0,12,52,0,64,0,52,135,0,187,30,0,30,217
10/17/2012,MKC,MO,ACE,CE,Towers with Radar,0,49,92,2,143,0,19,38,0,57,0,68,130,2,200,20,0,20,220
10/18/2012,MKC,MO,ACE,CE,Towers with Radar,0,29,149,3,181,0,2,37,1,40,0,31,186,4,221,2,0,2,223
10/19/2012,MKC,MO,ACE,CE,Towers with Radar,0,41,100,0,141,0,8,58,2,68,0,49,158,2,209,14,0,14,223
10/20/2012,MKC,MO,ACE,CE,Towers with Radar,0,14,75,0,89,0,17,158,1,176,0,31,233,1,265,25,0,25,290
10/21/2012,MKC,MO,ACE,CE,Towers with Radar,0,29,113,1,143,0,11,151,5,167,0,40,264,6,310,13,0,13,323
10/22/2012,MKC,MO,ACE,CE,Towers with Radar,0,51,53,0,104,0,13,35,1,49,0,64,88,1,153,24,2,26,179
10/23/2012,MKC,MO,ACE,CE,Towers with Radar,2,34,66,2,104,0,4,32,2,38,2,38,98,4,142,12,0,12,154
10/24/2012,MKC,MO,ACE,CE,Towers with Radar,2,34,96,2,134,0,7,60,0,67,2,41,156,2,201,65,0,65,266
10/25/2012,MKC,MO,ACE,CE,Towers with Radar,0,38,73,1,112,0,2,3,1,6,0,40,76,2,118,30,0,30,148
10/26/2012,MKC,MO,ACE,CE,Towers with Radar,1,25,67,0,93,0,8,98,2,108,1,33,165,2,201,0,0,0,201
10/27/2012,MKC,MO,ACE,CE,Towers with Radar,0,22,47,0,69,0,17,100,7,124,0,39,147,7,193,72,0,72,265
10/28/2012,MKC,MO,ACE,CE,Towers with Radar,0,32,62,0,94,0,10,71,1,82,0,42,133,1,176,49,0,49,225
10/29/2012,MKC,MO,ACE,CE,Towers with Radar,0,50,52,3,105,0,12,44,5,61,0,62,96,8,166,8,0,8,174
10/30/2012,MKC,MO,ACE,CE,Towers with Radar,0,35,69,11,115,0,6,42,6,54,0,41,111,17,169,64,0,64,233
10/31/2012,MKC,MO,ACE,CE,Towers with Radar,0,30,66,4,100,0,7,61,0,68,0,37,127,4,168,118,0,118,286
11/01/2012,MKC,MO,ACE,CE,Towers with Radar,0,31,111,3,145,0,16,66,4,86,0,47,177,7,231,36,0,36,267
11/02/2012,MKC,MO,ACE,CE,Towers with Radar,2,30,75,11,118,0,18,72,0,90,2,48,147,11,208,26,2,28,236
11/03/2012,MKC,MO,ACE,CE,Towers with Radar,0,13,34,2,49,0,24,84,1,109,0,37,118,3,158,33,8,41,199
11/04/2012,MKC,MO,ACE,CE,Towers with Radar,0,14,59,0,73,0,7,50,1,58,0,21,109,1,131,5,0,5,136
11/05/2012,MKC,MO,ACE,CE,Towers with Radar,0,26,63,3,92,0,7,11,0,18,0,33,74,3,110,0,0,0,110
11/06/2012,MKC,MO,ACE,CE,Towers with Radar,0,35,69,5,109,0,9,38,1,48,0,44,107,6,157,36,0,36,193
11/07/2012,MKC,MO,ACE,CE,Towers with Radar,0,50,62,0,112,0,7,83,2,92,0,57,145,2,204,59,0,59,263
11/08/2012,MKC,MO,ACE,CE,Towers with Radar,0,50,76,0,126,0,7,49,4,60,0,57,125,4,186,55,0,55,241
11/09/2012,MKC,MO,ACE,CE,Towers with Radar,0,33,55,2,90,0,6,66,0,72,0,39,121,2,162,23,0,23,185
11/10/2012,MKC,MO,ACE,CE,Towers with Radar,0,27,22,0,49,0,6,21,0,27,0,33,43,0,76,6,0,6,82
11/11/2012,MKC,MO,ACE,CE,Towers with Radar,0,22,30,0,52,0,0,0,0,0,0,22,30,0,52,0,0,0,52
11/12/2012,MKC,MO,ACE,CE,Towers with Radar,0,47,72,0,119,0,10,42,0,52,0,57,114,0,171,8,0,8,179
11/13/2012,MKC,MO,ACE,CE,Towers with Radar,0,57,110,5,172,0,7,52,3,62,0,64,162,8,234,57,6,63,297
11/14/2012,MKC,MO,ACE,CE,Towers with Radar,0,38,73,0,111,0,7,37,1,45,0,45,110,1,156,27,2,29,185
11/15/2012,MKC,MO,ACE,CE,Towers with Radar,0,52,71,1,124,0,11,58,0,69,0,63,129,1,193,79,0,79,272
11/16/2012,MKC,MO,ACE,CE,Towers with Radar,0,35,78,5,118,0,9,91,0,100,0,44,169,5,218,29,0,29,247
11/17/2012,MKC,MO,ACE,CE,Towers with Radar,6,31,43,1,81,0,9,70,3,82,6,40,113,4,163,33,0,33,196
11/18/2012,MKC,MO,ACE,CE,Towers with Radar,4,29,60,1,94,0,9,58,4,71,4,38,118,5,165,36,0,36,201
11/19/2012,MKC,MO,ACE,CE,Towers with Radar,0,28,78,0,106,0,10,50,0,60,0,38,128,0,166,46,0,46,212
11/20/2012,MKC,MO,ACE,CE,Towers with Radar,1,25,78,4,108,0,13,59,0,72,1,38,137,4,180,33,0,33,213
11/21/2012,MKC,MO,ACE,CE,Towers with Radar,0,46,61,2,109,0,2,41,0,43,0,48,102,2,152,52,0,52,204
11/22/2012,MKC,MO,ACE,CE,Towers with Radar,0,15,6,0,21,0,0,14,0,14,0,15,20,0,35,3,0,3,38
11/23/2012,MKC,MO,ACE,CE,Towers with Radar,0,18,18,0,36,0,11,53,0,64,0,29,71,0,100,30,0,30,130
11/24/2012,MKC,MO,ACE,CE,Towers with Radar,0,20,27,0,47,0,16,72,1,89,0,36,99,1,136,47,0,47,183
11/25/2012,MKC,MO,ACE,CE,Towers with Radar,0,28,67,2,97,0,9,70,0,79,0,37,137,2,176,17,0,17,193
11/26/2012,MKC,MO,ACE,CE,Towers with Radar,0,34,39,2,75,0,13,55,0,68,0,47,94,2,143,0,0,0,143
11/27/2012,MKC,MO,ACE,CE,Towers with Radar,0,36,86,4,126,0,11,45,0,56,0,47,131,4,182,36,0,36,218
11/28/2012,MKC,MO,ACE,CE,Towers with Radar,0,44,74,0,118,0,10,72,0,82,0,54,146,0,200,74,0,74,274
11/29/2012,MKC,MO,ACE,CE,Towers with Radar,0,41,69,5,115,0,6,55,1,62,0,47,124,6,177,28,0,28,205
11/30/2012,MKC,MO,ACE,CE,Towers with Radar,0,28,72,0,100,0,12,97,6,115,0,40,169,6,215,39,10,49,264
12/01/2012,MKC,MO,ACE,CE,Towers with Radar,0,23,43,2,68,0,5,67,4,76,0,28,110,6,144,14,2,16,160
12/02/2012,MKC,MO,ACE,CE,Towers with Radar,0,20,41,0,61,0,6,76,0,82,0,26,117,0,143,78,0,78,221
12/03/2012,MKC,MO,ACE,CE,Towers with Radar,0,31,47,5,83,0,9,54,3,66,0,40,101,8,149,14,0,14,163
12/04/2012,MKC,MO,ACE,CE,Towers with Radar,0,36,54,0,90,0,8,109,2,119,0,44,163,2,209,50,6,56,265
12/05/2012,MKC,MO,ACE,CE,Towers with Radar,0,42,71,3,116,0,17,84,0,101,0,59,155,3,217,42,0,42,259
12/06/2012,MKC,MO,ACE,CE,Towers with Radar,0,32,78,2,112,0,11,29,2,42,0,43,107,4,154,47,9,56,210
12/07/2012,MKC,MO,ACE,CE,Towers with Radar,0,44,64,0,108,0,1,14,0,15,0,45,78,0,123,4,0,4,127
12/08/2012,MKC,MO,ACE,CE,Towers with Radar,0,21,48,1,70,0,1,40,0,41,0,22,88,1,111,32,0,32,143
12/09/2012,MKC,MO,ACE,CE,Towers with Radar,0,23,45,1,69,0,0,1,0,1,0,23,46,1,70,1,0,1,71
12/10/2012,MKC,MO,ACE,CE,Towers with Radar,0,30,49,0,79,0,13,34,0,47,0,43,83,0,126,6,0,6,132
12/11/2012,MKC,MO,ACE,CE,Towers with Radar,0,27,68,0,95,0,6,35,0,41,0,33,103,0,136,68,0,68,204
12/12/2012,MKC,MO,ACE,CE,Towers with Radar,0,41,66,2,109,0,10,67,1,78,0,51,133,3,187,26,0,26,213
12/13/2012,MKC,MO,ACE,CE,Towers with Radar,0,52,84,5,141,0,6,72,5,83,0,58,156,10,224,26,0,26,250
12/14/2012,MKC,MO,ACE,CE,Towers with Radar,0,52,64,0,116,0,9,57,0,66,0,61,121,0,182,8,0,8,190
12/15/2012,MKC,MO,ACE,CE,Towers with Radar,0,17,23,0,40,6,2,74,0,82,6,19,97,0,122,48,0,48,170
12/16/2012,MKC,MO,ACE,CE,Towers with Radar,0,10,37,0,47,0,0,4,0,4,0,10,41,0,51,10,0,10,61
12/17/2012,MKC,MO,ACE,CE,Towers with Radar,0,22,42,0,64,0,1,116,0,117,0,23,158,0,181,92,0,92,273
12/18/2012,MKC,MO,ACE,CE,Towers with Radar,0,32,82,6,120,0,2,66,2,70,0,34,148,8,190,52,6,58,248
12/19/2012,MKC,MO,ACE,CE,Towers with Radar,0,54,52,0,106,0,0,13,1,14,0,54,65,1,120,0,0,0,120
12/20/2012,MKC,MO,ACE,CE,Towers with Radar,0,22,48,0,70,0,1,4,0,5,0,23,52,0,75,0,0,0,75
12/21/2012,MKC,MO,ACE,CE,Towers with Radar,0,31,53,0,84,0,14,87,2,103,0,45,140,2,187,39,6,45,232
12/22/2012,MKC,MO,ACE,CE,Towers with Radar,0,23,34,0,57,0,16,81,0,97,0,39,115,0,154,68,0,68,222
12/23/2012,MKC,MO,ACE,CE,Towers with Radar,0,17,38,0,55,0,4,34,0,38,0,21,72,0,93,47,0,47,140
12/24/2012,MKC,MO,ACE,CE,Towers with Radar,0,10,12,0,22,0,0,14,0,14,0,10,26,0,36,2,0,2,38
12/25/2012,MKC,MO,ACE,CE,Towers with Radar,0,10,4,0,14,0,0,4,0,4,0,10,8,0,18,0,0,0,18
12/26/2012,MKC,MO,ACE,CE,Towers with Radar,0,34,34,0,68,0,5,29,0,34,0,39,63,0,102,12,0,12,114
12/27/2012,MKC,MO,ACE,CE,Towers with Radar,0,43,49,1,93,0,10,77,0,87,0,53,126,1,180,56,0,56,236
12/28/2012,MKC,MO,ACE,CE,Towers with Radar,0,25,20,2,47,0,7,15,0,22,0,32,35,2,69,2,0,2,71
12/29/2012,MKC,MO,ACE,CE,Towers with Radar,0,17,13,0,30,0,4,128,0,132,0,21,141,0,162,77,0,77,239
12/30/2012,MKC,MO,ACE,CE,Towers with Radar,0,17,48,0,65,0,9,74,0,83,0,26,122,0,148,64,0,64,212
12/31/2012,MKC,MO,ACE,CE,Towers with Radar,0,10,13,0,23,0,3,21,0,24,0,13,34,0,47,3,0,3,50
01/01/2013,MKC,MO,ACE,CE,Towers with Radar,0,37,18,0,55,0,1,37,0,38,0,38,55,0,93,0,0,0,93
01/02/2013,MKC,MO,ACE,CE,Towers with Radar,0,22,38,0,60,0,19,56,0,75,0,41,94,0,135,3,0,3,138
01/03/2013,MKC,MO,ACE,CE,Towers with Radar,0,28,42,2,72,0,10,55,0,65,0,38,97,2,137,42,0,42,179
01/04/2013,MKC,MO,ACE,CE,Towers with Radar,0,25,31,2,58,0,10,60,0,70,0,35,91,2,128,63,0,63,191
01/05/2013,MKC,MO,ACE,CE,Towers with Radar,0,22,19,0,41,0,6,85,4,95,0,28,104,4,136,109,32,141,277
01/06/2013,MKC,MO,ACE,CE,Towers with Radar,0,27,24,2,53,0,7,67,0,74,0,34,91,2,127,46,0,46,173
01/07/2013,MKC,MO,ACE,CE,Towers with Radar,0,22,38,1,61,0,7,35,2,44,0,29,73,3,105,46,0,46,151
01/08/2013,MKC,MO,ACE,CE,Towers with Radar,0,39,45,0,84,0,6,45,0,51,0,45,90,0,135,12,0,12,147
01/09/2013,MKC,MO,ACE,CE,Towers with Radar,0,22,43,0,65,0,23,61,0,84,0,45,104,0,149,65,0,65,214
01/10/2013,MKC,MO,ACE,CE,Towers with Radar,0,32,52,0,84,0,1,0,0,1,0,33,52,0,85,0,0,0,85
01/11/2013,MKC,MO,ACE,CE,Towers with Radar,0,39,60,0,99,0,5,71,2,78,0,44,131,2,177,24,0,24,201
01/12/2013,MKC,MO,ACE,CE,Towers with Radar,0,14,21,2,37,0,2,58,1,61,0,16,79,3,98,35,0,35,133
01/13/2013,MKC,MO,ACE,CE,Towers with Radar,0,31,22,0,53,0,2,37,0,39,0,33,59,0,92,70,0,70,162
01/14/2013,MKC,MO,ACE,CE,Towers with Radar,0,29,36,0,65,0,5,27,5,37,0,34,63,5,102,0,0,0,102
01/15/2013,MKC,MO,ACE,CE,Towers with Radar,0,24,42,1,67,0,8,72,7,87,0,32,114,8,154,8,0,8,162
01/16/2013,MKC,MO,ACE,CE,Towers with Radar,0,33,72,0,105,0,14,70,8,92,0,47,142,8,197,35,0,35,232
01/17/2013,MKC,MO,ACE,CE,Towers with Radar,0,29,62,0,91,0,13,68,3,84,0,42,130,3,175,48,4,52,227
01/18/2013,MKC,MO,ACE,CE,Towers with Radar,0,24,56,1,81,0,11,49,3,63,0,35,105,4,144,24,0,24,168
01/19/2013,MKC,MO,ACE,CE,Towers with Radar,0,19,26,2,47,0,4,63,1,68,0,23,89,3,115,41,0,41,156
01/20/2013,MKC,MO,ACE,CE,Towers with Radar,0,40,37,1,78,0,14,93,0,107,0,54,130,1,185,43,0,43,228
01/21/2013,MKC,MO,ACE,CE,Towers with Radar,0,29,37,0,66,0,9,42,1,52,0,38,79,1,118,26,0,26,144
01/22/2013,MKC,MO,ACE,CE,Towers with Radar,0,19,48,2,69,0,5,23,0,28,0,24,71,2,97,36,0,36,133
01/23/2013,MKC,MO,ACE,CE,Towers with Radar,0,24,60,0,84,0,19,58,0,77,0,43,118,0,161,58,0,58,219
01/24/2013,MKC,MO,ACE,CE,Towers with Radar,0,20,60,0,80,0,6,39,0,45,0,26,99,0,125,17,0,17,142
01/25/2013,MKC,MO,ACE,CE,Towers with Radar,0,40,64,0,104,0,5,73,0,78,0,45,137,0,182,22,0,22,204
01/26/2013,MKC,MO,ACE,CE,Towers with Radar,0,11,32,0,43,0,7,100,0,107,0,18,132,0,150,62,0,62,212
01/27/2013,MKC,MO,ACE,CE,Towers with Radar,0,20,27,0,47,0,1,11,0,12,0,21,38,0,59,52,0,52,111
01/28/2013,MKC,MO,ACE,CE,Towers with Radar,0,24,63,4,91,0,5,25,0,30,0,29,88,4,121,4,0,4,125
01/29/2013,MKC,MO,ACE,CE,Towers with Radar,0,41,63,1,105,0,0,0,0,0,0,41,63,1,105,6,0,6,111
01/30/2013,MKC,MO,ACE,CE,Towers with Radar,0,44,83,0,127,0,1,1,1,3,0,45,84,1,130,0,0,0,130
01/31/2013,MKC,MO,ACE,CE,Towers with Radar,0,33,84,2,119,0,14,40,0,54,0,47,124,2,173,25,0,25,198
02/01/2013,MKC,MO,ACE,CE,Towers with Radar,0,51,55,0,106,0,15,76,3,94,0,66,131,3,200,48,0,48,248
02/02/2013,MKC,MO,ACE,CE,Towers with Radar,0,30,21,0,51,0,5,95,2,102,0,35,116,2,153,52,0,52,205
02/03/2013,MKC,MO,ACE,CE,Towers with Radar,0,18,25,0,43,0,2,56,0,58,0,20,81,0,101,62,0,62,163
02/04/2013,MKC,MO,ACE,CE,Towers with Radar,0,38,63,0,101,0,3,62,0,65,0,41,125,0,166,46,0,46,212
02/05/2013,MKC,MO,ACE,CE,Towers with Radar,0,30,72,3,105,0,8,76,2,86,0,38,148,5,191,86,0,86,277
02/06/2013,MKC,MO,ACE,CE,Towers with Radar,0,31,83,0,114,0,11,44,0,55,0,42,127,0,169,42,0,42,211
02/07/2013,MKC,MO,ACE,CE,Towers with Radar,0,35,72,0,107,0,5,16,0,21,0,40,88,0,128,21,0,21,149
02/08/2013,MKC,MO,ACE,CE,Towers with Radar,0,37,45,2,84,0,6,42,0,48,0,43,87,2,132,59,4,63,195
02/09/2013,MKC,MO,ACE,CE,Towers with Radar,0,7,24,0,31,0,1,44,0,45,0,8,68,0,76,46,0,46,122
02/10/2013,MKC,MO,ACE,CE,Towers with Radar,0,13,15,0,28,0,0,6,0,6,0,13,21,0,34,0,0,0,34
02/11/2013,MKC,MO,ACE,CE,Towers with Radar,0,35,25,1,61,0,15,40,0,55,0,50,65,1,116,12,0,12,128
02/12/2013,MKC,MO,ACE,CE,Towers with Radar,0,45,57,2,104,0,13,57,5,75,0,58,114,7,179,38,0,38,217
02/13/2013,MKC,MO,ACE,CE,Towers with Radar,0,45,53,0,98,0,9,88,0,97,0,54,141,0,195,15,0,15,210
02/14/2013,MKC,MO,ACE,CE,Towers with Radar,0,52,59,0,111,0,12,68,0,80,0,64,127,0,191,36,0,36,227
02/15/2013,MKC,MO,ACE,CE,Towers with Radar,0,32,59,0,91,0,13,91,2,106,0,45,150,2,197,83,0,83,280
02/16/2013,MKC,MO,ACE,CE,Towers with Radar,0,26,34,0,60,0,10,118,1,129,0,36,152,1,189,76,0,76,265
02/17/2013,MKC,MO,ACE,CE,Towers with Radar,0,10,35,0,45,0,4,98,2,104,0,14,133,2,149,98,0,98,247
02/18/2013,MKC,MO,ACE,CE,Towers with Radar,0,26,39,0,65,0,9,40,0,49,0,35,79,0,114,16,0,16,130
02/19/2013,MKC,MO,ACE,CE,Towers with Radar,0,50,57,1,108,0,8,27,2,37,0,58,84,3,145,17,0,17,162
02/20/2013,MKC,MO,ACE,CE,Towers with Radar,0,47,83,1,131,0,12,20,0,32,0,59,103,1,163,16,0,16,179
02/21/2013,MKC,MO,ACE,CE,Towers with Radar,0,3,1,0,4,0,0,0,0,0,0,3,1,0,4,0,0,0,4
02/22/2013,MKC,MO,ACE,CE,Towers with Radar,0,15,10,0,25,0,9,14,0,23,0,24,24,0,48,0,0,0,48
02/23/2013,MKC,MO,ACE,CE,Towers with Radar,1,14,38,1,54,0,6,44,0,50,1,20,82,1,104,72,0,72,176
02/24/2013,MKC,MO,ACE,CE,Towers with Radar,0,24,39,1,64,0,12,67,0,79,0,36,106,1,143,51,0,51,194
02/25/2013,MKC,MO,ACE,CE,Towers with Radar,0,18,41,0,59,0,2,3,0,5,0,20,44,0,64,0,0,0,64
02/26/2013,MKC,MO,ACE,CE,Towers with Radar,0,3,8,0,11,0,2,0,0,2,0,5,8,0,13,0,0,0,13
02/27/2013,MKC,MO,ACE,CE,Towers with Radar,0,24,44,0,68,0,3,2,0,5,0,27,46,0,73,0,0,0,73
02/28/2013,MKC,MO,ACE,CE,Towers with Radar,0,44,60,2,106,0,9,19,4,32,0,53,79,6,138,32,0,32,170
03/01/2013,MKC,MO,ACE,CE,Towers with Radar,0,37,67,0,104,0,3,42,0,45,0,40,109,0,149,0,0,0,149
03/02/2013,MKC,MO,ACE,CE,Towers with Radar,0,17,29,0,46,0,2,65,2,69,0,19,94,2,115,52,0,52,167
03/03/2013,MKC,MO,ACE,CE,Towers with Radar,0,11,36,2,49,0,6,62,1,69,0,17,98,3,118,96,0,96,214
03/04/2013,MKC,MO,ACE,CE,Towers with Radar,0,31,42,0,73,0,0,29,0,29,0,31,71,0,102,34,0,34,136
03/05/2013,MKC,MO,ACE,CE,Towers with Radar,0,39,52,0,91,0,8,30,0,38,0,47,82,0,129,40,0,40,169
03/06/2013,MKC,MO,ACE,CE,Towers with Radar,0,32,58,4,94,0,19,47,2,68,0,51,105,6,162,34,0,34,196
03/07/2013,MKC,MO,ACE,CE,Towers with Radar,0,35,56,0,91,0,13,44,0,57,0,48,100,0,148,108,0,108,256
03/08/2013,MKC,MO,ACE,CE,Towers with Radar,0,20,55,0,75,0,4,45,0,49,0,24,100,0,124,22,0,22,146
03/09/2013,MKC,MO,ACE,CE,Towers with Radar,0,17,23,0,40,0,5,17,0,22,0,22,40,0,62,0,0,0,62
03/10/2013,MKC,MO,ACE,CE,Towers with Radar,0,9,15,0,24,0,0,0,0,0,0,9,15,0,24,0,0,0,24
03/11/2013,MKC,MO,ACE,CE,Towers with Radar,2,31,46,4,83,0,9,65,0,74,2,40,111,4,157,8,0,8,165
03/12/2013,MKC,MO,ACE,CE,Towers with Radar,5,41,75,2,123,0,20,60,0,80,5,61,135,2,203,4,0,4,207
03/13/2013,MKC,MO,ACE,CE,Towers with Radar,0,38,82,1,121,0,20,78,0,98,0,58,160,1,219,44,0,44,263
03/14/2013,MKC,MO,ACE,CE,Towers with Radar,4,46,109,0,159,0,6,65,0,71,4,52,174,0,230,54,0,54,284
03/15/2013,MKC,MO,ACE,CE,Towers with Radar,4,47,82,1,134,0,3,110,2,115,4,50,192,3,249,81,2,83,332
03/16/2013,MKC,MO,ACE,CE,Towers with Radar,0,26,54,2,82,0,0,46,1,47,0,26,100,3,129,42,2,44,173
03/17/2013,MKC,MO,ACE,CE,Towers with Radar,0,25,25,3,53,1,4,17,0,22,1,29,42,3,75,6,0,6,81
03/18/2013,MKC,MO,ACE,CE,Towers with Radar,0,26,43,0,69,0,5,34,0,39,0,31,77,0,108,6,0,6,114
03/19/2013,MKC,MO,ACE,CE,Towers with Radar,3,29,50,6,88,0,1,30,5,36,3,30,80,11,124,6,0,6,130
03/20/2013,MKC,MO,ACE,CE,Towers with Radar,0,33,54,2,89,0,5,61,0,66,0,38,115,2,155,31,0,31,186
03/21/2013,MKC,MO,ACE,CE,Towers with Radar,0,27,48,0,75,0,1,14,0,15,0,28,62,0,90,0,0,0,90
03/22/2013,MKC,MO,ACE,CE,Towers with Radar,0,45,54,0,99,0,2,10,0,12,0,47,64,0,111,0,0,0,111
03/23/2013,MKC,MO,ACE,CE,Towers with Radar,0,21,30,0,51,0,1,10,0,11,0,22,40,0,62,8,0,8,70
03/24/2013,MKC,MO,ACE,CE,Towers with Radar,0,25,28,0,53,0,1,7,0,8,0,26,35,0,61,0,0,0,61
03/25/2013,MKC,MO,ACE,CE,Towers with Radar,0,24,44,2,70,0,9,12,0,21,0,33,56,2,91,14,0,14,105
03/26/2013,MKC,MO,ACE,CE,Towers with Radar,0,37,64,3,104,0,20,72,2,94,0,57,136,5,198,64,0,64,262
03/27/2013,MKC,MO,ACE,CE,Towers with Radar,0,29,59,4,92,0,15,71,2,88,0,44,130,6,180,12,0,12,192
03/28/2013,MKC,MO,ACE,CE,Towers with Radar,0,38,54,0,92,0,13,100,7,120,0,51,154,7,212,157,0,157,369
03/29/2013,MKC,MO,ACE,CE,Towers with Radar,0,28,49,0,77,0,9,111,1,121,0,37,160,1,198,50,0,50,248
03/30/2013,MKC,MO,ACE,CE,Towers with Radar,0,13,40,0,53,0,10,15,0,25,0,23,55,0,78,65,0,65,143
03/31/2013,MKC,MO,ACE,CE,Towers with Radar,0,24,30,0,54,0,4,42,0,46,0,28,72,0,100,6,0,6,106
04/01/2013,MKC,MO,ACE,CE,Towers with Radar,0,20,38,0,58,0,17,63,2,82,0,37,101,2,140,12,0,12,152
04/02/2013,MKC,MO,ACE,CE,Towers with Radar,1,35,52,2,90,0,7,69,5,81,1,42,121,7,171,58,0,58,229
04/03/2013,MKC,MO,ACE,CE,Towers with Radar,0,40,75,0,115,0,7,57,2,66,0,47,132,2,181,50,6,56,237
04/04/2013,MKC,MO,ACE,CE,Towers with Radar,0,34,75,3,112,0,6,82,3,91,0,40,157,6,203,76,1,77,280
04/05/2013,MKC,MO,ACE,CE,Towers with Radar,0,27,79,4,110,0,8,109,0,117,0,35,188,4,227,129,0,129,356
04/06/2013,MKC,MO,ACE,CE,Towers with Radar,0,22,30,1,53,0,7,74,1,82,0,29,104,2,135,28,0,28,163
04/07/2013,MKC,MO,ACE,CE,Towers with Radar,3,14,48,1,66,0,3,47,0,50,3,17,95,1,116,14,0,14,130
04/08/2013,MKC,MO,ACE,CE,Towers with Radar,1,26,68,0,95,0,15,32,0,47,1,41,100,0,142,14,0,14,156
04/09/2013,MKC,MO,ACE,CE,Towers with Radar,0,35,71,0,106,0,7,20,0,27,0,42,91,0,133,19,0,19,152
04/10/2013,MKC,MO,ACE,CE,Towers with Radar,2,37,63,0,102,0,2,7,0,9,2,39,70,0,111,0,0,0,111
04/11/2013,MKC,MO,ACE,CE,Towers with Radar,1,34,59,0,94,0,9,59,0,68,1,43,118,0,162,24,0,24,186
04/12/2013,MKC,MO,ACE,CE,Towers with Radar,0,28,61,0,89,0,6,99,0,105,0,34,160,0,194,38,0,38,232
04/13/2013,MKC,MO,ACE,CE,Towers with Radar,0,24,44,0,68,0,4,74,0,78,0,28,118,0,146,16,0,16,162
04/14/2013,MKC,MO,ACE,CE,Towers with Radar,1,27,29,3,60,0,6,30,0,36,1,33,59,3,96,0,0,0,96
04/15/2013,MKC,MO,ACE,CE,Towers with Radar,2,37,42,5,86,0,19,52,1,72,2,56,94,6,158,28,0,28,186
04/16/2013,MKC,MO,ACE,CE,Towers with Radar,0,36,73,2,111,0,9,31,1,41,0,45,104,3,152,8,0,8,160
04/17/2013,MKC,MO,ACE,CE,Towers with Radar,0,33,42,1,76,0,0,1,0,1,0,33,43,1,77,0,0,0,77
04/18/2013,MKC,MO,ACE,CE,Towers with Radar,0,26,75,3,104,0,1,21,0,22,0,27,96,3,126,22,0,22,148
04/19/2013,MKC,MO,ACE,CE,Towers with Radar,0,35,62,1,98,0,7,62,1,70,0,42,124,2,168,28,0,28,196
04/20/2013,MKC,MO,ACE,CE,Towers with Radar,0,24,39,0,63,0,15,123,4,142,0,39,162,4,205,53,0,53,258
04/21/2013,MKC,MO,ACE,CE,Towers with Radar,0,23,66,1,90,0,7,107,0,114,0,30,173,1,204,64,0,64,268
04/22/2013,MKC,MO,ACE,CE,Towers with Radar,0,26,47,0,73,0,6,45,0,51,0,32,92,0,124,24,0,24,148
04/23/2013,MKC,MO,ACE,CE,Towers with Radar,0,22,34,0,56,0,10,4,0,14,0,32,38,0,70,10,0,10,80
04/24/2013,MKC,MO,ACE,CE,Towers with Radar,2,37,55,2,96,0,11,69,0,80,2,48,124,2,176,34,0,34,210
04/25/2013,MKC,MO,ACE,CE,Towers with Radar,2,36,85,0,123,0,10,67,0,77,2,46,152,0,200,69,1,70,270
04/26/2013,MKC,MO,ACE,CE,Towers with Radar,0,30,57,0,87,0,7,39,0,46,0,37,96,0,133,0,0,0,133
04/27/2013,MKC,MO,ACE,CE,Towers with Radar,0,23,56,0,79,0,1,38,0,39,0,24,94,0,118,10,0,10,128
04/28/2013,MKC,MO,ACE,CE,Towers with Radar,2,15,36,0,53,0,18,74,0,92,2,33,110,0,145,82,0,82,227
04/29/2013,MKC,MO,ACE,CE,Towers with Radar,2,18,53,1,74,0,4,41,5,50,2,22,94,6,124,22,0,22,146
04/30/2013,MKC,MO,ACE,CE,Towers with Radar,0,52,48,0,100,0,21,52,2,75,0,73,100,2,175,58,0,58,233
05/01/2013,MKC,MO,ACE,CE,Towers with Radar,0,39,91,0,130,0,11,48,2,61,0,50,139,2,191,16,0,16,207
05/02/2013,MKC,MO,ACE,CE,Towers with Radar,4,27,44,0,75,0,4,7,2,13,4,31,51,2,88,0,0,0,88
05/03/2013,MKC,MO,ACE,CE,Towers with Radar,0,29,49,0,78,0,3,19,0,22,0,32,68,0,100,0,0,0,100
05/04/2013,MKC,MO,ACE,CE,Towers with Radar,0,13,28,0,41,0,3,31,0,34,0,16,59,0,75,0,0,0,75
05/05/2013,MKC,MO,ACE,CE,Towers with Radar,0,18,31,2,51,0,7,11,0,18,0,25,42,2,69,14,0,14,83
05/06/2013,MKC,MO,ACE,CE,Towers with Radar,4,25,64,0,93,0,9,38,0,47,4,34,102,0,140,14,0,14,154
05/07/2013,MKC,MO,ACE,CE,Towers with Radar,0,44,70,0,114,0,18,65,2,85,0,62,135,2,199,85,0,85,284
05/08/2013,MKC,MO,ACE,CE,Towers with Radar,0,35,78,1,114,0,9,71,1,81,0,44,149,2,195,14,0,14,209
05/09/2013,MKC,MO,ACE,CE,Towers with Radar,2,40,50,2,94,0,10,49,4,63,2,50,99,6,157,76,0,76,233
05/10/2013,MKC,MO,ACE,CE,Towers with Radar,2,40,72,0,114,0,8,26,0,34,2,48,98,0,148,65,0,65,213
05/11/2013,MKC,MO,ACE,CE,Towers with Radar,0,17,32,0,49,0,6,83,0,89,0,23,115,0,138,46,0,46,184
05/12/2013,MKC,MO,ACE,CE,Towers with Radar,4,24,38,2,68,0,3,108,0,111,4,27,146,2,179,84,0,84,263
05/13/2013,MKC,MO,ACE,CE,Towers with Radar,0,38,55,0,93,0,14,92,0,106,0,52,147,0,199,46,0,46,245
05/14/2013,MKC,MO,ACE,CE,Towers with Radar,0,48,72,0,120,0,6,55,0,61,0,54,127,0,181,10,0,10,191
05/15/2013,MKC,MO,ACE,CE,Towers with Radar,1,39,68,1,109,0,11,87,1,99,1,50,155,2,208,2,0,2,210
05/16/2013,MKC,MO,ACE,CE,Towers with Radar,0,42,62,2,106,0,16,57,9,82,0,58,119,11,188,24,0,24,212
05/17/2013,MKC,MO,ACE,CE,Towers with Radar,0,29,78,0,107,0,9,49,1,59,0,38,127,1,166,28,0,28,194
05/18/2013,MKC,MO,ACE,CE,Towers with Radar,0,25,28,0,53,0,8,107,0,115,0,33,135,0,168,46,0,46,214
05/19/2013,MKC,MO,ACE,CE,Towers with Radar,0,17,29,0,46,0,6,35,0,41,0,23,64,0,87,10,0,10,97
05/20/2013,MKC,MO,ACE,CE,Towers with Radar,0,39,49,2,90,0,10,20,0,30,0,49,69,2,120,64,2,66,186
05/21/2013,MKC,MO,ACE,CE,Towers with Radar,0,49,90,0,139,0,18,66,6,90,0,67,156,6,229,88,10,98,327
05/22/2013,MKC,MO,ACE,CE,Towers with Radar,0,45,85,2,132,0,9,69,0,78,0,54,154,2,210,93,0,93,303
05/23/2013,MKC,MO,ACE,CE,Towers with Radar,5,39,72,4,120,0,16,77,3,96,5,55,149,7,216,78,0,78,294
05/24/2013,MKC,MO,ACE,CE,Towers with Radar,0,33,67,3,103,0,19,115,1,135,0,52,182,4,238,38,0,38,276
05/25/2013,MKC,MO,ACE,CE,Towers with Radar,0,23,16,0,39,0,3,92,0,95,0,26,108,0,134,48,0,48,182
05/26/2013,MKC,MO,ACE,CE,Towers with Radar,4,11,14,0,29,0,0,75,0,75,4,11,89,0,104,42,0,42,146
05/27/2013,MKC,MO,ACE,CE,Towers with Radar,0,17,22,0,39,0,4,23,0,27,0,21,45,0,66,36,0,36,102
05/28/2013,MKC,MO,ACE,CE,Towers with Radar,4,31,67,0,102,0,10,17,0,27,4,41,84,0,129,72,0,72,201
05/29/2013,MKC,MO,ACE,CE,Towers with Radar,1,21,60,0,82,0,2,22,0,24,1,23,82,0,106,15,0,15,121
05/30/2013,MKC,MO,ACE,CE,Towers with Radar,0,39,38,0,77,0,0,10,0,10,0,39,48,0,87,0,0,0,87
05/31/2013,MKC,MO,ACE,CE,Towers with Radar,0,34,37,2,73,0,8,35,0,43,0,42,72,2,116,8,0,8,124
06/01/2013,MKC,MO,ACE,CE,Towers with Radar,0,14,21,0,35,0,11,49,0,60,0,25,70,0,95,34,0,34,129
06/02/2013,MKC,MO,ACE,CE,Towers with Radar,2,20,60,2,84,0,6,75,0,81,2,26,135,2,165,222,0,222,387
06/03/2013,MKC,MO,ACE,CE,Towers with Radar,2,34,43,2,81,0,5,82,2,89,2,39,125,4,170,51,0,51,221
06/04/2013,MKC,MO,ACE,CE,Towers with Radar,0,35,54,1,90,0,8,49,0,57,0,43,103,1,147,61,0,61,208
06/05/2013,MKC,MO,ACE,CE,Towers with Radar,0,39,97,0,136,0,0,16,0,16,0,39,113,0,152,0,0,0,152
06/06/2013,MKC,MO,ACE,CE,Towers with Radar,4,29,85,4,122,0,4,92,0,96,4,33,177,4,218,138,0,138,356
06/07/2013,MKC,MO,ACE,CE,Towers with Radar,3,36,66,2,107,0,12,66,2,80,3,48,132,4,187,83,0,83,270
06/08/2013,MKC,MO,ACE,CE,Towers with Radar,0,9,19,0,28,0,12,75,0,87,0,21,94,0,115,90,0,90,205
06/09/2013,MKC,MO,ACE,CE,Towers with Radar,3,26,52,0,81,0,17,64,0,81,3,43,116,0,162,8,0,8,170
06/10/2013,MKC,MO,ACE,CE,Towers with Radar,0,34,58,3,95,0,23,80,0,103,0,57,138,3,198,18,0,18,216
06/11/2013,MKC,MO,ACE,CE,Towers with Radar,0,41,69,0,110,0,12,48,3,63,0,53,117,3,173,70,0,70,243
06/12/2013,MKC,MO,ACE,CE,Towers with Radar,4,43,58,2,107,0,40,77,0,117,4,83,135,2,224,28,0,28,252
06/13/2013,MKC,MO,ACE,CE,Towers with Radar,0,33,63,4,100,0,9,128,2,139,0,42,191,6,239,181,0,181,420
06/14/2013,MKC,MO,ACE,CE,Towers with Radar,0,16,60,0,76,0,23,60,0,83,0,39,120,0,159,70,0,70,229
06/15/2013,MKC,MO,ACE,CE,Towers with Radar,0,18,27,0,45,0,8,47,1,56,0,26,74,1,101,37,0,37,138
06/16/2013,MKC,MO,ACE,CE,Towers with Radar,0,24,30,0,54,0,10,20,0,30,0,34,50,0,84,6,0,6,90
06/17/2013,MKC,MO,ACE,CE,Towers with Radar,0,26,46,0,72,0,8,25,0,33,0,34,71,0,105,54,0,54,159
06/18/2013,MKC,MO,ACE,CE,Towers with Radar,0,44,55,2,101,0,14,79,0,93,0,58,134,2,194,88,0,88,282
06/19/2013,MKC,MO,ACE,CE,Towers with Radar,0,42,77,6,125,0,18,93,1,112,0,60,170,7,237,48,0,48,285
06/20/2013,MKC,MO,ACE,CE,Towers with Radar,4,37,64,0,105,0,15,58,0,73,4,52,122,0,178,24,0,24,202
06/21/2013,MKC,MO,ACE,CE,Towers with Radar,0,32,71,4,107,0,11,87,0,98,0,43,158,4,205,4,0,4,209
06/22/2013,MKC,MO,ACE,CE,Towers with Radar,0,28,39,0,67,0,4,51,0,55,0,32,90,0,122,4,0,4,126
06/23/2013,MKC,MO,ACE,CE,Towers with Radar,5,21,26,0,52,0,3,44,0,47,5,24,70,0,99,22,0,22,121
06/24/2013,MKC,MO,ACE,CE,Towers with Radar,0,22,60,0,82,0,6,39,0,45,0,28,99,0,127,56,0,56,183
06/25/2013,MKC,MO,ACE,CE,Towers with Radar,0,49,54,0,103,0,16,58,1,75,0,65,112,1,178,106,0,106,284
06/26/2013,MKC,MO,ACE,CE,Towers with Radar,3,63,99,2,167,0,20,84,2,106,3,83,183,4,273,85,0,85,358
06/27/2013,MKC,MO,ACE,CE,Towers with Radar,1,41,84,0,126,0,3,33,0,36,1,44,117,0,162,24,0,24,186
06/28/2013,MKC,MO,ACE,CE,Towers with Radar,0,54,59,0,113,0,29,87,0,116,0,83,146,0,229,81,0,81,310
06/29/2013,MKC,MO,ACE,CE,Towers with Radar,0,31,20,3,54,0,1,18,5,24,0,32,38,8,78,4,0,4,82
06/30/2013,MKC,MO,ACE,CE,Towers with Radar,4,15,31,1,51,0,4,81,0,85,4,19,112,1,136,57,0,57,193
07/01/2013,MKC,MO,ACE,CE,Towers with Radar,0,38,39,0,77,0,13,99,1,113,0,51,138,1,190,41,0,41,231
07/02/2013,MKC,MO,ACE,CE,Towers with Radar,0,36,47,4,87,0,9,88,0,97,0,45,135,4,184,66,0,66,250
07/03/2013,MKC,MO,ACE,CE,Towers with Radar,0,35,28,2,65,0,10,37,1,48,0,45,65,3,113,48,0,48,161
07/04/2013,MKC,MO,ACE,CE,Towers with Radar,2,13,17,0,32,0,2,45,0,47,2,15,62,0,79,18,0,18,97
07/05/2013,MKC,MO,ACE,CE,Towers with Radar,0,14,20,0,34,0,13,55,0,68,0,27,75,0,102,6,0,6,108
07/06/2013,MKC,MO,ACE,CE,Towers with Radar,0,18,19,0,37,0,10,77,0,87,0,28,96,0,124,14,0,14,138
07/07/2013,MKC,MO,ACE,CE,Towers with Radar,0,28,23,0,51,0,11,61,0,72,0,39,84,0,123,20,0,20,143
07/08/2013,MKC,MO,ACE,CE,Towers with Radar,0,30,40,0,70,0,5,46,0,51,0,35,86,0,121,18,0,18,139
07/09/2013,MKC,MO,ACE,CE,Towers with Radar,0,38,91,0,129,0,9,67,0,76,0,47,158,0,205,15,0,15,220
07/10/2013,MKC,MO,ACE,CE,Towers with Radar,0,28,56,0,84,0,9,96,0,105,0,37,152,0,189,36,0,36,225
07/11/2013,MKC,MO,ACE,CE,Towers with Radar,0,38,59,0,97,0,7,68,0,75,0,45,127,0,172,10,0,10,182
07/12/2013,MKC,MO,ACE,CE,Towers with Radar,0,35,48,4,87,0,7,93,0,100,0,42,141,4,187,16,4,20,207
07/13/2013,MKC,MO,ACE,CE,Towers with Radar,0,16,41,0,57,0,3,99,0,102,0,19,140,0,159,46,0,46,205
07/14/2013,MKC,MO,ACE,CE,Towers with Radar,2,21,38,4,65,0,9,68,0,77,2,30,106,4,142,19,0,19,161
07/15/2013,MKC,MO,ACE,CE,Towers with Radar,0,23,38,3,64,0,9,61,1,71,0,32,99,4,135,13,0,13,148
07/16/2013,MKC,MO,ACE,CE,Towers with Radar,0,37,87,3,127,0,9,48,5,62,0,46,135,8,189,46,14,60,249
07/17/2013,MKC,MO,ACE,CE,Towers with Radar,0,45,74,0,119,0,10,66,0,76,0,55,140,0,195,8,0,8,203
07/18/2013,MKC,MO,ACE,CE,Towers with Radar,0,31,55,0,86,0,14,57,1,72,0,45,112,1,158,62,0,62,220
07/19/2013,MKC,MO,ACE,CE,Towers with Radar,0,34,53,0,87,0,34,86,0,120,0,68,139,0,207,23,0,23,230
07/20/2013,MKC,MO,ACE,CE,Towers with Radar,0,14,18,0,32,0,4,38,0,42,0,18,56,0,74,38,0,38,112
07/21/2013,MKC,MO,ACE,CE,Towers with Radar,0,34,42,0,76,0,4,91,0,95,0,38,133,0,171,89,0,89,260
07/22/2013,MKC,MO,ACE,CE,Towers with Radar,2,24,52,2,80,0,7,46,0,53,2,31,98,2,133,6,0,6,139
07/23/2013,MKC,MO,ACE,CE,Towers with Radar,0,27,52,4,83,0,8,53,0,61,0,35,105,4,144,44,0,44,188
07/24/2013,MKC,MO,ACE,CE,Towers with Radar,0,38,61,6,105,0,21,74,0,95,0,59,135,6,200,54,0,54,254
07/25/2013,MKC,MO,ACE,CE,Towers with Radar,3,40,41,1,85,0,15,43,1,59,3,55,84,2,144,22,0,22,166
07/26/2013,MKC,MO,ACE,CE,Towers with Radar,1,34,66,2,103,0,5,38,0,43,1,39,104,2,146,68,0,68,214
07/27/2013,MKC,MO,ACE,CE,Towers with Radar,0,13,18,2,33,0,7,34,0,41,0,20,52,2,74,31,0,31,105
07/28/2013,MKC,MO,ACE,CE,Towers with Radar,0,14,27,1,42,0,2,39,0,41,0,16,66,1,83,23,0,23,106
07/29/2013,MKC,MO,ACE,CE,Towers with Radar,0,24,36,0,60,0,1,4,2,7,0,25,40,2,67,8,0,8,75
07/30/2013,MKC,MO,ACE,CE,Towers with Radar,0,39,76,3,118,0,3,13,0,16,0,42,89,3,134,18,0,18,152
07/31/2013,MKC,MO,ACE,CE,Towers with Radar,0,41,83,2,126,0,17,46,2,65,0,58,129,4,191,26,0,26,217
08/01/2013,MKC,MO,ACE,CE,Towers with Radar,2,34,79,0,115,0,9,47,1,57,2,43,126,1,172,20,0,20,192
08/02/2013,MKC,MO,ACE,CE,Towers with Radar,0,34,46,2,82,0,5,48,3,56,0,39,94,5,138,14,0,14,152
08/03/2013,MKC,MO,ACE,CE,Towers with Radar,0,17,23,1,41,0,4,72,0,76,0,21,95,1,117,86,0,86,203
08/04/2013,MKC,MO,ACE,CE,Towers with Radar,4,19,35,1,59,0,2,11,0,13,4,21,46,1,72,16,0,16,88
08/05/2013,MKC,MO,ACE,CE,Towers with Radar,0,34,39,0,73,0,4,42,1,47,0,38,81,1,120,33,0,33,153
08/06/2013,MKC,MO,ACE,CE,Towers with Radar,0,32,63,4,99,0,12,58,0,70,0,44,121,4,169,43,0,43,212
08/07/2013,MKC,MO,ACE,CE,Towers with Radar,2,39,53,0,94,0,20,34,2,56,2,59,87,2,150,37,0,37,187
08/08/2013,MKC,MO,ACE,CE,Towers with Radar,2,47,78,2,129,0,14,37,5,56,2,61,115,7,185,8,0,8,193
08/09/2013,MKC,MO,ACE,CE,Towers with Radar,0,41,55,2,98,0,13,78,4,95,0,54,133,6,193,62,0,62,255
08/10/2013,MKC,MO,ACE,CE,Towers with Radar,0,27,41,1,69,0,13,354,0,367,0,40,395,1,436,40,0,40,476
08/11/2013,MKC,MO,ACE,CE,Towers with Radar,4,17,37,0,58,0,4,79,0,83,4,21,116,0,141,22,0,22,163
08/12/2013,MKC,MO,ACE,CE,Towers with Radar,0,21,62,0,83,0,6,49,2,57,0,27,111,2,140,47,0,47,187
08/13/2013,MKC,MO,ACE,CE,Towers with Radar,0,40,79,0,119,0,3,52,3,58,0,43,131,3,177,24,0,24,201
08/14/2013,MKC,MO,ACE,CE,Towers with Radar,4,37,90,0,131,0,19,81,0,100,4,56,171,0,231,25,0,25,256
08/15/2013,MKC,MO,ACE,CE,Towers with Radar,0,38,76,4,118,0,8,59,1,68,0,46,135,5,186,25,10,35,221
08/16/2013,MKC,MO,ACE,CE,Towers with Radar,1,17,59,0,77,0,13,101,0,114,1,30,160,0,191,74,0,74,265
08/17/2013,MKC,MO,ACE,CE,Towers with Radar,0,18,42,0,60,0,9,78,0,87,0,27,120,0,147,40,0,40,187
08/18/2013,MKC,MO,ACE,CE,Towers with Radar,4,19,29,0,52,0,21,98,0,119,4,40,127,0,171,66,0,66,237
08/19/2013,MKC,MO,ACE,CE,Towers with Radar,0,30,42,0,72,0,12,46,0,58,0,42,88,0,130,12,0,12,142
08/20/2013,MKC,MO,ACE,CE,Towers with Radar,0,34,55,4,93,0,9,62,2,73,0,43,117,6,166,23,0,23,189
08/21/2013,MKC,MO,ACE,CE,Towers with Radar,0,37,82,1,120,0,9,48,3,60,0,46,130,4,180,26,0,26,206
08/22/2013,MKC,MO,ACE,CE,Towers with Radar,3,44,88,0,135,0,8,66,4,78,3,52,154,4,213,36,0,36,249
08/23/2013,MKC,MO,ACE,CE,Towers with Radar,1,29,88,0,118,0,16,81,1,98,1,45,169,1,216,34,0,34,250
08/24/2013,MKC,MO,ACE,CE,Towers with Radar,0,21,18,0,39,0,16,80,0,96,0,37,98,0,135,58,0,58,193
08/25/2013,MKC,MO,ACE,CE,Towers with Radar,4,13,32,0,49,0,5,94,5,104,4,18,126,5,153,0,0,0,153
08/26/2013,MKC,MO,ACE,CE,Towers with Radar,4,28,47,0,79,0,12,40,1,53,4,40,87,1,132,18,0,18,150
08/27/2013,MKC,MO,ACE,CE,Towers with Radar,0,36,69,1,106,0,16,66,1,83,0,52,135,2,189,30,0,30,219
08/28/2013,MKC,MO,ACE,CE,Towers with Radar,0,43,68,4,115,0,19,70,3,92,0,62,138,7,207,52,0,52,259
08/29/2013,MKC,MO,ACE,CE,Towers with Radar,0,39,89,6,134,0,9,77,1,87,0,48,166,7,221,50,0,50,271
08/30/2013,MKC,MO,ACE,CE,Towers with Radar,0,25,56,0,81,0,9,90,0,99,0,34,146,0,180,48,0,48,228
08/31/2013,MKC,MO,ACE,CE,Towers with Radar,0,16,13,0,29,0,8,56,0,64,0,24,69,0,93,16,0,16,109
09/01/2013,MKC,MO,ACE,CE,Towers with Radar,4,10,22,0,36,0,10,37,0,47,4,20,59,0,83,30,0,30,113
09/02/2013,MKC,MO,ACE,CE,Towers with Radar,0,11,34,0,45,0,5,78,1,84,0,16,112,1,129,26,0,26,155
09/03/2013,MKC,MO,ACE,CE,Towers with Radar,0,35,41,4,80,0,6,59,6,71,0,41,100,10,151,0,0,0,151
09/04/2013,MKC,MO,ACE,CE,Towers with Radar,0,39,90,2,131,0,20,93,10,123,0,59,183,12,254,10,0,10,264
09/05/2013,MKC,MO,ACE,CE,Towers with Radar,4,28,66,3,101,0,10,46,6,62,4,38,112,9,163,44,6,50,213
09/06/2013,MKC,MO,ACE,CE,Towers with Radar,0,34,46,2,82,0,15,95,3,113,0,49,141,5,195,42,14,56,251
09/07/2013,MKC,MO,ACE,CE,Towers with Radar,0,14,25,0,39,0,14,422,0,436,0,28,447,0,475,49,1,50,525
09/08/2013,MKC,MO,ACE,CE,Towers with Radar,3,29,29,2,63,0,21,65,0,86,3,50,94,2,149,22,0,22,171
09/09/2013,MKC,MO,ACE,CE,Towers with Radar,0,18,65,0,83,0,7,27,3,37,0,25,92,3,120,19,0,19,139
09/10/2013,MKC,MO,ACE,CE,Towers with Radar,0,37,48,0,85,0,14,68,0,82,0,51,116,0,167,38,0,38,205
09/11/2013,MKC,MO,ACE,CE,Towers with Radar,0,34,78,0,112,0,14,54,0,68,0,48,132,0,180,30,0,30,210
09/12/2013,MKC,MO,ACE,CE,Towers with Radar,0,31,82,0,113,0,28,109,0,137,0,59,191,0,250,46,0,46,296
09/13/2013,MKC,MO,ACE,CE,Towers with Radar,0,35,55,1,91,0,13,215,0,228,0,48,270,1,319,57,0,57,376
09/14/2013,MKC,MO,ACE,CE,Towers with Radar,0,25,51,0,76,0,21,163,1,185,0,46,214,1,261,64,0,64,325
09/15/2013,MKC,MO,ACE,CE,Towers with Radar,2,44,55,0,101,0,7,44,0,51,2,51,99,0,152,19,0,19,171
09/16/2013,MKC,MO,ACE,CE,Towers with Radar,0,32,80,0,112,0,0,4,0,4,0,32,84,0,116,0,0,0,116
09/17/2013,MKC,MO,ACE,CE,Towers with Radar,0,37,67,4,108,0,7,9,0,16,0,44,76,4,124,28,0,28,152
09/18/2013,MKC,MO,ACE,CE,Towers with Radar,2,44,90,3,139,0,8,49,0,57,2,52,139,3,196,34,0,34,230
09/19/2013,MKC,MO,ACE,CE,Towers with Radar,0,29,73,0,102,0,26,39,0,65,0,55,112,0,167,3,0,3,170
09/20/2013,MKC,MO,ACE,CE,Towers with Radar,0,45,67,1,113,0,11,48,1,60,0,56,115,2,173,15,0,15,188
09/21/2013,MKC,MO,ACE,CE,Towers with Radar,0,18,43,1,62,0,4,132,1,137,0,22,175,2,199,62,0,62,261
09/22/2013,MKC,MO,ACE,CE,Towers with Radar,2,20,39,1,62,0,11,96,0,107,2,31,135,1,169,82,0,82,251
09/23/2013,MKC,MO,ACE,CE,Towers with Radar,0,33,62,1,96,0,13,60,0,73,0,46,122,1,169,20,0,20,189
09/24/2013,MKC,MO,ACE,CE,Towers with Radar,0,31,81,4,116,0,22,70,0,92,0,53,151,4,208,48,0,48,256
09/25/2013,MKC,MO,ACE,CE,Towers with Radar,0,38,83,0,121,0,7,48,1,56,0,45,131,1,177,28,0,28,205
09/26/2013,MKC,MO,ACE,CE,Towers with Radar,0,47,78,0,125,0,6,100,0,106,0,53,178,0,231,45,0,45,276
09/27/2013,MKC,MO,ACE,CE,Towers with Radar,0,22,58,2,82,0,6,110,0,116,0,28,168,2,198,16,0,16,214
09/28/2013,MKC,MO,ACE,CE,Towers with Radar,0,14,39,0,53,0,7,9,0,16,0,21,48,0,69,0,0,0,69
09/29/2013,MKC,MO,ACE,CE,Towers with Radar,2,13,48,0,63,0,4,86,2,92,2,17,134,2,155,45,0,45,200
09/30/2013,MKC,MO,ACE,CE,Towers with Radar,0,25,50,2,77,0,12,49,0,61,0,37,99,2,138,43,0,43,181
10/01/2013,MKC,MO,ACE,CE,Towers with Radar,0,26,65,4,95,0,8,62,3,73,0,34,127,7,168,93,0,93,261
10/02/2013,MKC,MO,ACE,CE,Towers with Radar,0,50,82,0,132,0,17,24,0,41,0,67,106,0,173,24,0,24,197
10/03/2013,MKC,MO,ACE,CE,Towers with Radar,0,36,83,1,120,0,10,46,0,56,0,46,129,1,176,28,0,28,204
10/04/2013,MKC,MO,ACE,CE,Towers with Radar,0,25,54,0,79,0,11,49,0,60,0,36,103,0,139,40,0,40,179
10/05/2013,MKC,MO,ACE,CE,Towers with Radar,0,30,59,0,89,0,22,46,1,69,0,52,105,1,158,21,0,21,179
10/06/2013,MKC,MO,ACE,CE,Towers with Radar,0,31,97,3,131,0,16,104,0,120,0,47,201,3,251,14,0,14,265
10/07/2013,MKC,MO,ACE,CE,Towers with Radar,0,25,54,2,81,0,19,62,2,83,0,44,116,4,164,39,0,39,203
10/08/2013,MKC,MO,ACE,CE,Towers with Radar,0,36,45,3,84,0,8,54,0,62,0,44,99,3,146,23,0,23,169
10/09/2013,MKC,MO,ACE,CE,Towers with Radar,0,30,69,3,102,0,21,63,0,84,0,51,132,3,186,49,0,49,235
10/10/2013,MKC,MO,ACE,CE,Towers with Radar,1,41,94,2,138,0,5,69,0,74,1,46,163,2,212,79,0,79,291
10/11/2013,MKC,MO,ACE,CE,Towers with Radar,1,26,58,0,85,0,7,47,0,54,1,33,105,0,139,45,0,45,184
10/12/2013,MKC,MO,ACE,CE,Towers with Radar,0,16,47,0,63,0,10,89,0,99,0,26,136,0,162,84,0,84,246
10/13/2013,MKC,MO,ACE,CE,Towers with Radar,0,15,75,0,90,0,5,96,2,103,0,20,171,2,193,35,0,35,228
10/14/2013,MKC,MO,ACE,CE,Towers with Radar,0,32,37,1,70,0,3,30,1,34,0,35,67,2,104,0,0,0,104
10/15/2013,MKC,MO,ACE,CE,Towers with Radar,0,36,78,0,114,0,26,35,0,61,0,62,113,0,175,34,0,34,209
10/16/2013,MKC,MO,ACE,CE,Towers with Radar,0,40,69,1,110,0,5,45,0,50,0,45,114,1,160,52,0,52,212
10/17/2013,MKC,MO,ACE,CE,Towers with Radar,0,23,85,1,109,0,13,81,2,96,0,36,166,3,205,63,0,63,268
10/18/2013,MKC,MO,ACE,CE,Towers with Radar,0,30,73,0,103,0,3,19,0,22,0,33,92,0,125,0,0,0,125
10/19/2013,MKC,MO,ACE,CE,Towers with Radar,0,30,53,0,83,0,17,98,2,117,0,47,151,2,200,74,0,74,274
10/20/2013,MKC,MO,ACE,CE,Towers with Radar,0,24,52,0,76,0,15,79,0,94,0,39,131,0,170,80,0,80,250
10/21/2013,MKC,MO,ACE,CE,Towers with Radar,0,26,60,2,88,0,22,75,0,97,0,48,135,2,185,27,0,27,212
10/22/2013,MKC,MO,ACE,CE,Towers with Radar,0,41,86,2,129,0,18,71,0,89,0,59,157,2,218,38,0,38,256
10/23/2013,MKC,MO,ACE,CE,Towers with Radar,0,35,74,2,111,0,26,50,0,76,0,61,124,2,187,11,0,11,198
10/24/2013,MKC,MO,ACE,CE,Towers with Radar,0,32,62,2,96,0,15,36,0,51,0,47,98,2,147,40,0,40,187
10/25/2013,MKC,MO,ACE,CE,Towers with Radar,0,34,65,2,101,0,13,66,0,79,0,47,131,2,180,69,0,69,249
10/26/2013,MKC,MO,ACE,CE,Towers with Radar,0,23,29,0,52,0,33,71,0,104,0,56,100,0,156,106,0,106,262
10/27/2013,MKC,MO,ACE,CE,Towers with Radar,0,22,65,1,88,0,22,164,1,187,0,44,229,2,275,68,0,68,343
10/28/2013,MKC,MO,ACE,CE,Towers with Radar,0,37,43,0,80,0,10,61,1,72,0,47,104,1,152,28,0,28,180
10/29/2013,MKC,MO,ACE,CE,Towers with Radar,0,51,60,0,111,0,0,0,0,0,0,51,60,0,111,0,0,0,111
10/30/2013,MKC,MO,ACE,CE,Towers with Radar,0,26,42,0,68,0,1,3,0,4,0,27,45,0,72,0,0,0,72
10/31/2013,MKC,MO,ACE,CE,Towers with Radar,0,36,40,0,76,0,3,8,0,11,0,39,48,0,87,7,0,7,94
11/01/2013,MKC,MO,ACE,CE,Towers with Radar,0,32,46,0,78,0,13,43,0,56,0,45,89,0,134,41,0,41,175
11/02/2013,MKC,MO,ACE,CE,Towers with Radar,0,20,23,0,43,0,18,81,0,99,0,38,104,0,142,6,0,6,148
11/03/2013,MKC,MO,ACE,CE,Towers with Radar,0,30,29,0,59,0,3,85,0,88,0,33,114,0,147,6,0,6,153
11/04/2013,MKC,MO,ACE,CE,Towers with Radar,0,42,75,4,121,0,20,55,0,75,0,62,130,4,196,20,0,20,216
11/05/2013,MKC,MO,ACE,CE,Towers with Radar,0,33,67,2,102,0,3,13,1,17,0,36,80,3,119,0,0,0,119
11/06/2013,MKC,MO,ACE,CE,Towers with Radar,0,22,84,0,106,0,12,39,4,55,0,34,123,4,161,112,0,112,273
11/07/2013,MKC,MO,ACE,CE,Towers with Radar,0,27,77,2,106,0,12,69,0,81,0,39,146,2,187,22,0,22,209
11/08/2013,MKC,MO,ACE,CE,Towers with Radar,0,34,50,0,84,0,12,50,8,70,0,46,100,8,154,22,0,22,176
11/09/2013,MKC,MO,ACE,CE,Towers with Radar,0,14,42,0,56,0,16,27,0,43,0,30,69,0,99,0,0,0,99
11/10/2013,MKC,MO,ACE,CE,Towers with Radar,0,20,48,0,68,0,7,206,0,213,0,27,254,0,281,107,0,107,388
11/11/2013,MKC,MO,ACE,CE,Towers with Radar,0,20,52,0,72,0,14,14,0,28,0,34,66,0,100,94,0,94,194
11/12/2013,MKC,MO,ACE,CE,Towers with Radar,0,48,118,1,167,0,20,77,2,99,0,68,195,3,266,44,0,44,310
11/13/2013,MKC,MO,ACE,CE,Towers with Radar,0,31,104,0,135,0,13,62,4,79,0,44,166,4,214,32,2,34,248
11/14/2013,MKC,MO,ACE,CE,Towers with Radar,0,27,95,4,126,0,8,58,0,66,0,35,153,4,192,20,0,20,212
11/15/2013,MKC,MO,ACE,CE,Towers with Radar,0,36,60,1,97,1,5,79,1,86,1,41,139,2,183,93,0,93,276
11/16/2013,MKC,MO,ACE,CE,Towers with Radar,0,20,25,1,46,0,6,7,0,13,0,26,32,1,59,0,0,0,59
11/17/2013,MKC,MO,ACE,CE,Towers with Radar,0,20,27,0,47,0,7,14,0,21,0,27,41,0,68,0,0,0,68
11/18/2013,MKC,MO,ACE,CE,Towers with Radar,0,36,52,5,93,0,9,56,1,66,0,45,108,6,159,112,0,112,271
11/19/2013,MKC,MO,ACE,CE,Towers with Radar,0,28,69,4,101,0,15,63,3,81,0,43,132,7,182,38,0,38,220
11/20/2013,MKC,MO,ACE,CE,Towers with Radar,0,35,57,0,92,0,8,28,0,36,0,43,85,0,128,24,0,24,152
11/21/2013,MKC,MO,ACE,CE,Towers with Radar,0,37,51,0,88,0,2,3,0,5,0,39,54,0,93,0,0,0,93
11/22/2013,MKC,MO,ACE,CE,Towers with Radar,0,29,40,0,69,0,20,18,0,38,0,49,58,0,107,54,0,54,161
11/23/2013,MKC,MO,ACE,CE,Towers with Radar,0,23,30,0,53,0,15,68,1,84,0,38,98,1,137,60,0,60,197
11/24/2013,MKC,MO,ACE,CE,Towers with Radar,2,19,44,0,65,0,16,44,1,61,2,35,88,1,126,8,0,8,134
11/25/2013,MKC,MO,ACE,CE,Towers with Radar,0,29,60,2,91,0,2,34,0,36,0,31,94,2,127,26,0,26,153
11/26/2013,MKC,MO,ACE,CE,Towers with Radar,2,35,69,6,112,0,21,42,2,65,2,56,111,8,177,10,0,10,187
11/27/2013,MKC,MO,ACE,CE,Towers with Radar,0,28,50,1,79,0,25,59,1,85,0,53,109,2,164,21,0,21,185
11/28/2013,MKC,MO,ACE,CE,Towers with Radar,0,15,6,0,21,0,6,25,0,31,0,21,31,0,52,0,0,0,52
11/29/2013,MKC,MO,ACE,CE,Towers with Radar,0,19,31,0,50,0,8,105,0,113,0,27,136,0,163,56,0,56,219
11/30/2013,MKC,MO,ACE,CE,Towers with Radar,0,28,45,0,73,0,21,75,0,96,0,49,120,0,169,26,0,26,195
12/01/2013,MKC,MO,ACE,CE,Towers with Radar,0,46,111,0,157,0,9,90,0,99,0,55,201,0,256,12,0,12,268
12/02/2013,MKC,MO,ACE,CE,Towers with Radar,0,37,80,4,121,0,12,62,0,74,0,49,142,4,195,28,0,28,223
12/03/2013,MKC,MO,ACE,CE,Towers with Radar,0,50,68,0,118,0,13,30,0,43,0,63,98,0,161,25,0,25,186
12/04/2013,MKC,MO,ACE,CE,Towers with Radar,0,32,54,0,86,0,6,6,0,12,0,38,60,0,98,2,0,2,100
12/05/2013,MKC,MO,ACE,CE,Towers with Radar,0,49,45,0,94,0,9,26,0,35,0,58,71,0,129,5,0,5,134
12/06/2013,MKC,MO,ACE,CE,Towers with Radar,0,36,70,0,106,0,10,61,0,71,0,46,131,0,177,11,0,11,188
12/07/2013,MKC,MO,ACE,CE,Towers with Radar,0,28,43,0,71,0,8,107,0,115,0,36,150,0,186,63,0,63,249
12/08/2013,MKC,MO,ACE,CE,Towers with Radar,0,19,23,0,42,0,0,0,0,0,0,19,23,0,42,0,0,0,42
12/09/2013,MKC,MO,ACE,CE,Towers with Radar,0,26,51,0,77,0,10,36,2,48,0,36,87,2,125,0,0,0,125
12/10/2013,MKC,MO,ACE,CE,Towers with Radar,0,41,50,6,97,0,15,80,2,97,0,56,130,8,194,15,0,15,209
12/11/2013,MKC,MO,ACE,CE,Towers with Radar,0,35,61,2,98,0,24,31,3,58,0,59,92,5,156,13,4,17,173
12/12/2013,MKC,MO,ACE,CE,Towers with Radar,0,34,82,5,121,0,13,65,1,79,0,47,147,6,200,32,0,32,232
12/13/2013,MKC,MO,ACE,CE,Towers with Radar,0,23,50,4,77,0,5,10,0,15,0,28,60,4,92,2,0,2,94
12/14/2013,MKC,MO,ACE,CE,Towers with Radar,0,13,29,0,42,0,1,12,0,13,0,14,41,0,55,0,0,0,55
12/15/2013,MKC,MO,ACE,CE,Towers with Radar,0,14,29,4,47,0,6,88,2,96,0,20,117,6,143,73,0,73,216
12/16/2013,MKC,MO,ACE,CE,Towers with Radar,0,29,53,1,83,0,5,60,0,65,0,34,113,1,148,64,0,64,212
12/17/2013,MKC,MO,ACE,CE,Towers with Radar,0,35,63,5,103,0,13,77,0,90,0,48,140,5,193,27,0,27,220
12/18/2013,MKC,MO,ACE,CE,Towers with Radar,0,30,51,0,81,0,7,65,0,72,0,37,116,0,153,24,0,24,177
12/19/2013,MKC,MO,ACE,CE,Towers with Radar,0,30,63,2,95,0,21,34,0,55,0,51,97,2,150,44,2,46,196
12/20/2013,MKC,MO,ACE,CE,Towers with Radar,0,22,41,0,63,0,0,0,0,0,0,22,41,0,63,0,0,0,63
12/21/2013,MKC,MO,ACE,CE,Towers with Radar,0,12,13,0,25,0,0,0,0,0,0,12,13,0,25,0,0,0,25
12/22/2013,MKC,MO,ACE,CE,Towers with Radar,0,16,31,0,47,0,6,7,0,13,0,22,38,0,60,6,0,6,66
12/23/2013,MKC,MO,ACE,CE,Towers with Radar,0,39,32,0,71,0,4,19,0,23,0,43,51,0,94,23,0,23,117
12/24/2013,MKC,MO,ACE,CE,Towers with Radar,0,11,10,0,21,0,5,23,0,28,0,16,33,0,49,14,0,14,63
12/25/2013,MKC,MO,ACE,CE,Towers with Radar,0,23,6,0,29,0,0,3,0,3,0,23,9,0,32,0,0,0,32
12/26/2013,MKC,MO,ACE,CE,Towers with Radar,0,26,34,0,60,0,6,52,0,58,0,32,86,0,118,42,0,42,160
12/27/2013,MKC,MO,ACE,CE,Towers with Radar,0,28,27,0,55,0,9,77,0,86,0,37,104,0,141,77,0,77,218
12/28/2013,MKC,MO,ACE,CE,Towers with Radar,0,24,25,0,49,0,23,171,0,194,0,47,196,0,243,39,0,39,282
12/29/2013,MKC,MO,ACE,CE,Towers with Radar,0,17,15,0,32,0,0,28,0,28,0,17,43,0,60,4,0,4,64
12/30/2013,MKC,MO,ACE,CE,Towers with Radar,0,15,30,2,47,0,12,51,2,65,0,27,81,4,112,16,0,16,128
12/31/2013,MKC,MO,ACE,CE,Towers with Radar,0,15,20,0,35,0,9,56,0,65,0,24,76,0,100,0,0,0,100
01/01/2014,MKC,MO,ACE,CE,Towers with Radar,0,13,7,0,20,0,6,4,0,10,0,19,11,0,30,18,0,18,48
01/02/2014,MKC,MO,ACE,CE,Towers with Radar,0,23,23,0,46,0,9,23,1,33,0,32,46,1,79,36,4,40,119
01/03/2014,MKC,MO,ACE,CE,Towers with Radar,0,17,45,0,62,0,0,77,0,77,0,17,122,0,139,66,0,66,205
01/04/2014,MKC,MO,ACE,CE,Towers with Radar,0,22,27,0,49,0,0,33,0,33,0,22,60,0,82,2,1,3,85
01/05/2014,MKC,MO,ACE,CE,Towers with Radar,0,23,22,0,45,0,2,1,0,3,0,25,23,0,48,0,0,0,48
01/06/2014,MKC,MO,ACE,CE,Towers with Radar,0,13,15,0,28,0,1,19,0,20,0,14,34,0,48,0,0,0,48
01/07/2014,MKC,MO,ACE,CE,Towers with Radar,0,19,51,2,72,0,7,46,1,54,0,26,97,3,126,109,0,109,235
01/08/2014,MKC,MO,ACE,CE,Towers with Radar,0,18,50,3,71,0,16,50,0,66,0,34,100,3,137,34,0,34,171
01/09/2014,MKC,MO,ACE,CE,Towers with Radar,0,23,52,0,75,0,2,8,0,10,0,25,60,0,85,8,0,8,93
01/10/2014,MKC,MO,ACE,CE,Towers with Radar,0,22,29,0,51,0,0,3,0,3,0,22,32,0,54,18,0,18,72
01/11/2014,MKC,MO,ACE,CE,Towers with Radar,0,14,37,0,51,0,3,136,0,139,0,17,173,0,190,107,0,107,297
01/12/2014,MKC,MO,ACE,CE,Towers with Radar,0,7,21,0,28,0,1,38,0,39,0,8,59,0,67,6,0,6,73
01/13/2014,MKC,MO,ACE,CE,Towers with Radar,0,22,41,1,64,0,8,42,0,50,0,30,83,1,114,30,0,30,144
01/14/2014,MKC,MO,ACE,CE,Towers with Radar,0,26,40,0,66,0,18,62,2,82,0,44,102,2,148,22,0,22,170
01/15/2014,MKC,MO,ACE,CE,Towers with Radar,0,38,57,3,98,0,6,56,2,64,0,44,113,5,162,70,0,70,232
01/16/2014,MKC,MO,ACE,CE,Towers with Radar,0,35,53,1,89,0,3,26,1,30,0,38,79,2,119,0,0,0,119
01/17/2014,MKC,MO,ACE,CE,Towers with Radar,0,23,61,0,84,0,11,51,0,62,0,34,112,0,146,20,0,20,166
01/18/2014,MKC,MO,ACE,CE,Towers with Radar,0,7,30,0,37,0,3,27,0,30,0,10,57,0,67,4,0,4,71
01/19/2014,MKC,MO,ACE,CE,Towers with Radar,0,20,16,0,36,0,15,75,0,90,0,35,91,0,126,32,0,32,158
01/20/2014,MKC,MO,ACE,CE,Towers with Radar,0,22,32,0,54,0,4,31,0,35,0,26,63,0,89,24,0,24,113
01/21/2014,MKC,MO,ACE,CE,Towers with Radar,0,27,51,0,78,0,3,16,1,20,0,30,67,1,98,10,0,10,108
01/22/2014,MKC,MO,ACE,CE,Towers with Radar,0,43,59,2,104,0,3,48,1,52,0,46,107,3,156,57,0,57,213
01/23/2014,MKC,MO,ACE,CE,Towers with Radar,0,36,43,0,79,0,6,46,0,52,0,42,89,0,131,24,0,24,155
01/24/2014,MKC,MO,ACE,CE,Towers with Radar,0,23,38,0,61,0,3,36,0,39,0,26,74,0,100,12,0,12,112
01/25/2014,MKC,MO,ACE,CE,Towers with Radar,0,20,25,1,46,0,5,57,0,62,0,25,82,1,108,89,0,89,197
01/26/2014,MKC,MO,ACE,CE,Towers with Radar,0,17,28,1,46,0,0,48,0,48,0,17,76,1,94,28,0,28,122
01/27/2014,MKC,MO,ACE,CE,Towers with Radar,0,31,34,0,65,0,9,30,0,39,0,40,64,0,104,58,0,58,162
01/28/2014,MKC,MO,ACE,CE,Towers with Radar,0,30,39,0,69,0,29,36,1,66,0,59,75,1,135,42,0,42,177
01/29/2014,MKC,MO,ACE,CE,Towers with Radar,0,24,75,1,100,0,0,41,0,41,0,24,116,1,141,20,0,20,161
01/30/2014,MKC,MO,ACE,CE,Towers with Radar,0,25,52,3,80,0,3,14,3,20,0,28,66,6,100,18,0,18,118
01/31/2014,MKC,MO,ACE,CE,Towers with Radar,0,22,23,0,45,0,4,11,0,15,0,26,34,0,60,0,0,0,60
02/01/2014,MKC,MO,ACE,CE,Towers with Radar,0,11,15,0,26,0,12,11,0,23,0,23,26,0,49,2,0,2,51
02/02/2014,MKC,MO,ACE,CE,Towers with Radar,0,18,25,0,43,0,0,22,0,22,0,18,47,0,65,0,0,0,65
02/03/2014,MKC,MO,ACE,CE,Towers with Radar,0,44,55,4,103,0,13,42,6,61,0,57,97,10,164,32,0,32,196
02/04/2014,MKC,MO,ACE,CE,Towers with Radar,0,11,4,0,15,0,0,0,0,0,0,11,4,0,15,0,0,0,15
02/05/2014,MKC,MO,ACE,CE,Towers with Radar,0,30,39,1,70,0,1,1,3,5,0,31,40,4,75,0,0,0,75
02/06/2014,MKC,MO,ACE,CE,Towers with Radar,0,41,39,0,80,0,8,33,1,42,0,49,72,1,122,3,0,3,125
02/07/2014,MKC,MO,ACE,CE,Towers with Radar,0,35,35,1,71,0,8,34,1,43,0,43,69,2,114,0,0,0,114
02/08/2014,MKC,MO,ACE,CE,Towers with Radar,9,29,17,0,55,0,1,1,0,2,9,30,18,0,57,4,0,4,61
02/09/2014,MKC,MO,ACE,CE,Towers with Radar,1,17,28,3,49,0,3,5,0,8,1,20,33,3,57,14,0,14,71
02/10/2014,MKC,MO,ACE,CE,Towers with Radar,0,26,32,3,61,0,6,13,0,19,0,32,45,3,80,0,0,0,80
02/11/2014,MKC,MO,ACE,CE,Towers with Radar,0,26,59,2,87,0,1,28,0,29,0,27,87,2,116,4,0,4,120
02/12/2014,MKC,MO,ACE,CE,Towers with Radar,0,31,58,4,93,0,11,22,3,36,0,42,80,7,129,40,4,44,173
02/13/2014,MKC,MO,ACE,CE,Towers with Radar,0,31,62,2,95,0,20,46,0,66,0,51,108,2,161,43,0,43,204
02/14/2014,MKC,MO,ACE,CE,Towers with Radar,0,25,51,2,78,0,13,74,0,87,0,38,125,2,165,27,0,27,192
02/15/2014,MKC,MO,ACE,CE,Towers with Radar,7,10,34,0,51,0,18,104,0,122,7,28,138,0,173,44,0,44,217
02/16/2014,MKC,MO,ACE,CE,Towers with Radar,8,11,29,2,50,0,1,30,0,31,8,12,59,2,81,32,0,32,113
02/17/2014,MKC,MO,ACE,CE,Towers with Radar,4,26,53,2,85,0,4,33,0,37,4,30,86,2,122,14,0,14,136
02/18/2014,MKC,MO,ACE,CE,Towers with Radar,1,32,66,0,99,0,4,38,0,42,1,36,104,0,141,36,0,36,177
02/19/2014,MKC,MO,ACE,CE,Towers with Radar,0,47,62,0,109,0,5,34,0,39,0,52,96,0,148,24,0,24,172
02/20/2014,MKC,MO,ACE,CE,Towers with Radar,0,21,45,0,66,0,7,5,0,12,0,28,50,0,78,9,0,9,87
02/21/2014,MKC,MO,ACE,CE,Towers with Radar,0,27,57,2,86,0,18,63,0,81,0,45,120,2,167,14,0,14,181
02/22/2014,MKC,MO,ACE,CE,Towers with Radar,0,19,21,4,44,0,10,94,0,104,0,29,115,4,148,49,0,49,197
02/23/2014,MKC,MO,ACE,CE,Towers with Radar,0,28,34,2,64,0,5,62,1,68,0,33,96,3,132,7,0,7,139
02/24/2014,MKC,MO,ACE,CE,Towers with Radar,0,25,24,2,51,0,5,71,0,76,0,30,95,2,127,15,0,15,142
02/25/2014,MKC,MO,ACE,CE,Towers with Radar,0,33,52,0,85,0,1,31,0,32,0,34,83,0,117,26,0,26,143
02/26/2014,MKC,MO,ACE,CE,Towers with Radar,0,43,61,0,104,0,6,24,3,33,0,49,85,3,137,24,10,34,171
02/27/2014,MKC,MO,ACE,CE,Towers with Radar,0,42,85,4,131,0,7,85,0,92,0,49,170,4,223,43,4,47,270
02/28/2014,MKC,MO,ACE,CE,Towers with Radar,0,24,59,2,85,0,13,54,1,68,0,37,113,3,153,76,0,76,229
03/01/2014,MKC,MO,ACE,CE,Towers with Radar,0,14,22,0,36,0,6,0,0,6,0,20,22,0,42,0,0,0,42
03/02/2014,MKC,MO,ACE,CE,Towers with Radar,0,12,14,0,26,0,0,0,1,1,0,12,14,1,27,0,0,0,27
03/03/2014,MKC,MO,ACE,CE,Towers with Radar,0,31,33,3,67,0,0,10,0,10,0,31,43,3,77,0,0,0,77
03/04/2014,MKC,MO,ACE,CE,Towers with Radar,0,35,42,3,80,0,10,77,0,87,0,45,119,3,167,8,0,8,175
03/05/2014,MKC,MO,ACE,CE,Towers with Radar,0,38,53,4,95,0,8,14,0,22,0,46,67,4,117,20,0,20,137
03/06/2014,MKC,MO,ACE,CE,Towers with Radar,0,39,61,6,106,0,12,49,4,65,0,51,110,10,171,16,0,16,187
03/07/2014,MKC,MO,ACE,CE,Towers with Radar,0,42,52,0,94,0,11,55,0,66,0,53,107,0,160,16,0,16,176
03/08/2014,MKC,MO,ACE,CE,Towers with Radar,0,16,21,1,38,0,6,66,0,72,0,22,87,1,110,57,0,57,167
03/09/2014,MKC,MO,ACE,CE,Towers with Radar,0,27,45,1,73,0,6,95,0,101,0,33,140,1,174,82,0,82,256
03/10/2014,MKC,MO,ACE,CE,Towers with Radar,0,20,42,2,64,0,6,50,0,56,0,26,92,2,120,79,0,79,199
03/11/2014,MKC,MO,ACE,CE,Towers with Radar,3,35,72,1,111,0,6,43,9,58,3,41,115,10,169,40,2,42,211
03/12/2014,MKC,MO,ACE,CE,Towers with Radar,0,41,92,2,135,0,12,50,3,65,0,53,142,5,200,28,0,28,228
03/13/2014,MKC,MO,ACE,CE,Towers with Radar,0,32,76,0,108,1,14,65,1,81,1,46,141,1,189,42,0,42,231
03/14/2014,MKC,MO,ACE,CE,Towers with Radar,2,33,61,0,96,0,15,61,0,76,2,48,122,0,172,6,0,6,178
03/15/2014,MKC,MO,ACE,CE,Towers with Radar,1,23,47,0,71,0,7,93,1,101,1,30,140,1,172,83,0,83,255
03/16/2014,MKC,MO,ACE,CE,Towers with Radar,0,15,35,0,50,0,3,10,0,13,0,18,45,0,63,0,0,0,63
03/17/2014,MKC,MO,ACE,CE,Towers with Radar,0,23,45,0,68,0,18,71,0,89,0,41,116,0,157,22,0,22,179
03/18/2014,MKC,MO,ACE,CE,Towers with Radar,0,31,47,2,80,2,24,52,3,81,2,55,99,5,161,21,0,21,182
03/19/2014,MKC,MO,ACE,CE,Towers with Radar,0,29,60,2,91,0,8,35,0,43,0,37,95,2,134,6,0,6,140
03/20/2014,MKC,MO,ACE,CE,Towers with Radar,0,39,51,0,90,0,15,55,7,77,0,54,106,7,167,22,10,32,199
03/21/2014,MKC,MO,ACE,CE,Towers with Radar,0,38,47,5,90,0,4,33,0,37,0,42,80,5,127,10,0,10,137
03/22/2014,MKC,MO,ACE,CE,Towers with Radar,0,15,29,0,44,0,16,75,0,91,0,31,104,0,135,77,0,77,212
03/23/2014,MKC,MO,ACE,CE,Towers with Radar,0,38,48,0,86,0,2,92,0,94,0,40,140,0,180,80,0,80,260
03/24/2014,MKC,MO,ACE,CE,Towers with Radar,0,31,62,0,93,0,4,24,2,30,0,35,86,2,123,20,2,22,145
03/25/2014,MKC,MO,ACE,CE,Towers with Radar,0,36,78,0,114,0,6,21,0,27,0,42,99,0,141,42,0,42,183
03/26/2014,MKC,MO,ACE,CE,Towers with Radar,0,30,46,5,81,0,3,13,0,16,0,33,59,5,97,2,0,2,99
03/27/2014,MKC,MO,ACE,CE,Towers with Radar,0,47,55,0,102,0,26,17,6,49,0,73,72,6,151,10,2,12,163
03/28/2014,MKC,MO,ACE,CE,Towers with Radar,0,31,67,2,100,0,24,109,2,135,0,55,176,4,235,107,0,107,342
03/29/2014,MKC,MO,ACE,CE,Towers with Radar,0,16,39,0,55,0,32,132,0,164,0,48,171,0,219,51,0,51,270
03/30/2014,MKC,MO,ACE,CE,Towers with Radar,0,18,33,0,51,0,5,30,0,35,0,23,63,0,86,10,0,10,96
03/31/2014,MKC,MO,ACE,CE,Towers with Radar,0,29,48,6,83,0,6,52,0,58,0,35,100,6,141,5,0,5,146
04/01/2014,MKC,MO,ACE,CE,Towers with Radar,0,37,75,0,112,0,12,60,0,72,0,49,135,0,184,36,0,36,220
04/02/2014,MKC,MO,ACE,CE,Towers with Radar,0,32,50,0,82,0,2,5,2,9,0,34,55,2,91,0,1,1,92
04/03/2014,MKC,MO,ACE,CE,Towers with Radar,4,30,54,0,88,0,4,24,0,28,4,34,78,0,116,14,0,14,130
04/04/2014,MKC,MO,ACE,CE,Towers with Radar,0,58,74,1,133,0,22,50,2,74,0,80,124,3,207,33,0,33,240
04/05/2014,MKC,MO,ACE,CE,Towers with Radar,0,9,32,0,41,0,11,157,0,168,0,20,189,0,209,56,0,56,265
04/06/2014,MKC,MO,ACE,CE,Towers with Radar,4,16,37,0,57,0,0,7,0,7,4,16,44,0,64,195,0,195,259
04/07/2014,MKC,MO,ACE,CE,Towers with Radar,0,29,34,0,63,0,2,74,1,77,0,31,108,1,140,54,0,54,194
04/08/2014,MKC,MO,ACE,CE,Towers with Radar,0,40,53,0,93,0,9,92,0,101,0,49,145,0,194,112,0,112,306
04/09/2014,MKC,MO,ACE,CE,Towers with Radar,2,28,54,0,84,0,20,61,6,87,2,48,115,6,171,26,0,26,197
04/10/2014,MKC,MO,ACE,CE,Towers with Radar,2,28,80,2,112,0,19,38,2,59,2,47,118,4,171,44,0,44,215
04/11/2014,MKC,MO,ACE,CE,Towers with Radar,0,43,53,0,96,0,12,53,4,69,0,55,106,4,165,47,0,47,212
04/12/2014,MKC,MO,ACE,CE,Towers with Radar,0,28,27,0,55,0,21,62,0,83,0,49,89,0,138,15,0,15,153
04/13/2014,MKC,MO,ACE,CE,Towers with Radar,0,21,23,0,44,0,2,0,0,2,0,23,23,0,46,0,0,0,46
04/14/2014,MKC,MO,ACE,CE,Towers with Radar,0,46,51,0,97,0,4,15,1,20,0,50,66,1,117,0,0,0,117
04/15/2014,MKC,MO,ACE,CE,Towers with Radar,0,35,92,0,127,0,19,102,0,121,0,54,194,0,248,56,0,56,304
04/16/2014,MKC,MO,ACE,CE,Towers with Radar,0,41,72,4,117,0,23,54,1,78,0,64,126,5,195,4,0,4,199
04/17/2014,MKC,MO,ACE,CE,Towers with Radar,0,27,86,2,115,0,17,49,1,67,0,44,135,3,182,48,0,48,230
04/18/2014,MKC,MO,ACE,CE,Towers with Radar,4,25,38,4,71,0,19,67,0,86,4,44,105,4,157,40,0,40,197
04/19/2014,MKC,MO,ACE,CE,Towers with Radar,0,12,20,0,32,0,21,99,0,120,0,33,119,0,152,78,0,78,230
04/20/2014,MKC,MO,ACE,CE,Towers with Radar,4,23,18,0,45,0,15,38,0,53,4,38,56,0,98,0,0,0,98
04/21/2014,MKC,MO,ACE,CE,Towers with Radar,0,31,44,0,75,0,1,28,0,29,0,32,72,0,104,45,0,45,149
04/22/2014,MKC,MO,ACE,CE,Towers with Radar,0,35,76,0,111,0,13,94,5,112,0,48,170,5,223,92,0,92,315
04/23/2014,MKC,MO,ACE,CE,Towers with Radar,0,28,57,2,87,0,16,74,5,95,0,44,131,7,182,57,12,69,251
04/24/2014,MKC,MO,ACE,CE,Towers with Radar,0,17,59,0,76,0,4,7,0,11,0,21,66,0,87,6,0,6,93
04/25/2014,MKC,MO,ACE,CE,Towers with Radar,0,33,47,0,80,0,23,109,1,133,0,56,156,1,213,47,0,47,260
04/26/2014,MKC,MO,ACE,CE,Towers with Radar,0,21,24,0,45,0,28,50,1,79,0,49,74,1,124,20,0,20,144
04/27/2014,MKC,MO,ACE,CE,Towers with Radar,2,12,24,0,38,0,3,13,1,17,2,15,37,1,55,0,0,0,55
04/28/2014,MKC,MO,ACE,CE,Towers with Radar,0,27,55,2,84,0,14,50,0,64,0,41,105,2,148,40,0,40,188
04/29/2014,MKC,MO,ACE,CE,Towers with Radar,0,41,60,0,101,0,4,1,0,5,0,45,61,0,106,0,0,0,106
04/30/2014,MKC,MO,ACE,CE,Towers with Radar,0,35,73,0,108,0,6,19,2,27,0,41,92,2,135,12,0,12,147
05/01/2014,MKC,MO,ACE,CE,Towers with Radar,2,42,68,0,112,0,2,33,0,35,2,44,101,0,147,58,0,58,205
05/02/2014,MKC,MO,ACE,CE,Towers with Radar,0,29,65,3,97,0,25,111,1,137,0,54,176,4,234,23,0,23,257
05/03/2014,MKC,MO,ACE,CE,Towers with Radar,0,21,47,2,70,0,26,130,0,156,0,47,177,2,226,51,0,51,277
05/04/2014,MKC,MO,ACE,CE,Towers with Radar,2,25,39,0,66,0,18,90,0,108,2,43,129,0,174,74,0,74,248
05/05/2014,MKC,MO,ACE,CE,Towers with Radar,0,20,62,2,84,0,10,70,2,82,0,30,132,4,166,88,0,88,254
05/06/2014,MKC,MO,ACE,CE,Towers with Radar,0,27,68,0,95,0,29,63,5,97,0,56,131,5,192,20,8,28,220
05/07/2014,MKC,MO,ACE,CE,Towers with Radar,0,39,103,7,149,0,12,54,1,67,0,51,157,8,216,26,0,26,242
05/08/2014,MKC,MO,ACE,CE,Towers with Radar,0,31,55,3,89,0,2,30,0,32,0,33,85,3,121,26,0,26,147
05/09/2014,MKC,MO,ACE,CE,Towers with Radar,0,46,82,0,128,0,19,114,0,133,0,65,196,0,261,18,0,18,279
05/10/2014,MKC,MO,ACE,CE,Towers with Radar,1,16,52,1,70,0,10,59,1,70,1,26,111,2,140,35,0,35,175
05/11/2014,MKC,MO,ACE,CE,Towers with Radar,1,26,28,0,55,0,12,22,0,34,1,38,50,0,89,2,0,2,91
05/12/2014,MKC,MO,ACE,CE,Towers with Radar,1,30,48,1,80,0,8,24,1,33,1,38,72,2,113,8,0,8,121
05/13/2014,MKC,MO,ACE,CE,Towers with Radar,0,43,77,1,121,0,10,48,6,64,0,53,125,7,185,32,6,38,223
05/14/2014,MKC,MO,ACE,CE,Towers with Radar,2,47,96,0,145,0,0,41,3,44,2,47,137,3,189,60,0,60,249
05/15/2014,MKC,MO,ACE,CE,Towers with Radar,0,24,66,2,92,0,10,83,0,93,0,34,149,2,185,80,0,80,265
05/16/2014,MKC,MO,ACE,CE,Towers with Radar,0,28,105,4,137,0,17,55,0,72,0,45,160,4,209,4,0,4,213
05/17/2014,MKC,MO,ACE,CE,Towers with Radar,0,12,40,0,52,0,19,116,1,136,0,31,156,1,188,46,0,46,234
05/18/2014,MKC,MO,ACE,CE,Towers with Radar,4,16,48,0,68,0,7,124,1,132,4,23,172,1,200,31,2,33,233
05/19/2014,MKC,MO,ACE,CE,Towers with Radar,0,42,72,0,114,0,18,50,1,69,0,60,122,1,183,26,0,26,209
05/20/2014,MKC,MO,ACE,CE,Towers with Radar,0,43,76,8,127,0,21,92,18,131,0,64,168,26,258,76,18,94,352
05/21/2014,MKC,MO,ACE,CE,Towers with Radar,2,26,100,2,130,0,4,53,8,65,2,30,153,10,195,83,0,83,278
05/22/2014,MKC,MO,ACE,CE,Towers with Radar,2,36,52,0,90,0,16,77,8,101,2,52,129,8,191,39,0,39,230
05/23/2014,MKC,MO,ACE,CE,Towers with Radar,0,32,51,0,83,0,5,59,9,73,0,37,110,9,156,36,0,36,192
05/24/2014,MKC,MO,ACE,CE,Towers with Radar,0,32,21,0,53,0,15,93,0,108,0,47,114,0,161,50,0,50,211
05/25/2014,MKC,MO,ACE,CE,Towers with Radar,4,20,27,0,51,0,9,100,0,109,4,29,127,0,160,93,0,93,253
05/26/2014,MKC,MO,ACE,CE,Towers with Radar,0,15,25,0,40,0,9,29,0,38,0,24,54,0,78,30,0,30,108
05/27/2014,MKC,MO,ACE,CE,Towers with Radar,0,20,63,4,87,0,3,72,2,77,0,23,135,6,164,30,0,30,194
05/28/2014,MKC,MO,ACE,CE,Towers with Radar,4,37,77,1,119,0,18,56,2,76,4,55,133,3,195,50,0,50,245
05/29/2014,MKC,MO,ACE,CE,Towers with Radar,0,33,68,0,101,0,5,49,4,58,0,38,117,4,159,76,28,104,263
05/30/2014,MKC,MO,ACE,CE,Towers with Radar,0,33,81,6,120,0,18,70,3,91,0,51,151,9,211,47,6,53,264
05/31/2014,MKC,MO,ACE,CE,Towers with Radar,0,26,30,0,56,0,27,81,0,108,0,53,111,0,164,55,0,55,219
06/01/2014,MKC,MO,ACE,CE,Towers with Radar,0,20,43,0,63,0,11,109,2,122,0,31,152,2,185,100,0,100,285
06/02/2014,MKC,MO,ACE,CE,Towers with Radar,0,34,53,4,91,0,15,73,2,90,0,49,126,6,181,66,2,68,249
06/03/2014,MKC,MO,ACE,CE,Towers with Radar,0,21,73,2,96,0,14,100,0,114,0,35,173,2,210,84,14,98,308
06/04/2014,MKC,MO,ACE,CE,Towers with Radar,6,37,75,0,118,2,4,45,0,51,8,41,120,0,169,32,15,47,216
06/05/2014,MKC,MO,ACE,CE,Towers with Radar,4,30,53,1,88,0,6,13,1,20,4,36,66,2,108,20,0,20,128
06/06/2014,MKC,MO,ACE,CE,Towers with Radar,0,30,72,0,102,0,14,24,0,38,0,44,96,0,140,64,8,72,212
06/07/2014,MKC,MO,ACE,CE,Towers with Radar,0,20,32,0,52,0,6,137,0,143,0,26,169,0,195,62,0,62,257
06/08/2014,MKC,MO,ACE,CE,Towers with Radar,0,24,53,0,77,0,15,86,1,102,0,39,139,1,179,85,2,87,266
06/09/2014,MKC,MO,ACE,CE,Towers with Radar,0,26,42,0,68,0,0,12,1,13,0,26,54,1,81,31,0,31,112
06/10/2014,MKC,MO,ACE,CE,Towers with Radar,2,29,96,2,129,0,0,8,5,13,2,29,104,7,142,62,0,62,204
06/11/2014,MKC,MO,ACE,CE,Towers with Radar,3,36,85,1,125,0,11,60,2,73,3,47,145,3,198,92,0,92,290
06/12/2014,MKC,MO,ACE,CE,Towers with Radar,2,37,76,0,115,0,25,97,3,125,2,62,173,3,240,80,0,80,320
06/13/2014,MKC,MO,ACE,CE,Towers with Radar,0,40,71,10,121,0,24,106,3,133,0,64,177,13,254,104,0,104,358
06/14/2014,MKC,MO,ACE,CE,Towers with Radar,0,14,19,0,33,0,10,52,0,62,0,24,71,0,95,17,0,17,112
06/15/2014,MKC,MO,ACE,CE,Towers with Radar,0,25,28,0,53,0,8,56,0,64,0,33,84,0,117,59,0,59,176
06/16/2014,MKC,MO,ACE,CE,Towers with Radar,0,32,55,0,87,0,6,33,1,40,0,38,88,1,127,8,0,8,135
06/17/2014,MKC,MO,ACE,CE,Towers with Radar,0,44,77,5,126,0,14,43,7,64,0,58,120,12,190,3,0,3,193
06/18/2014,MKC,MO,ACE,CE,Towers with Radar,0,34,57,2,93,0,18,30,0,48,0,52,87,2,141,30,6,36,177
06/19/2014,MKC,MO,ACE,CE,Towers with Radar,2,39,67,0,108,0,12,26,1,39,2,51,93,1,147,19,0,19,166
06/20/2014,MKC,MO,ACE,CE,Towers with Radar,1,43,89,4,137,0,10,50,2,62,1,53,139,6,199,24,0,24,223
06/21/2014,MKC,MO,ACE,CE,Towers with Radar,0,18,23,0,41,0,11,100,0,111,0,29,123,0,152,40,0,40,192
06/22/2014,MKC,MO,ACE,CE,Towers with Radar,3,20,35,1,59,0,7,78,0,85,3,27,113,1,144,42,0,42,186
06/23/2014,MKC,MO,ACE,CE,Towers with Radar,0,37,64,0,101,0,9,41,3,53,0,46,105,3,154,33,10,43,197
06/24/2014,MKC,MO,ACE,CE,Towers with Radar,0,49,61,2,112,0,10,75,4,89,0,59,136,6,201,44,18,62,263
06/25/2014,MKC,MO,ACE,CE,Towers with Radar,1,43,72,4,120,0,44,61,0,105,1,87,133,4,225,39,6,45,270
06/26/2014,MKC,MO,ACE,CE,Towers with Radar,2,34,66,0,102,0,9,54,0,63,2,43,120,0,165,54,0,54,219
06/27/2014,MKC,MO,ACE,CE,Towers with Radar,1,28,39,2,70,0,16,31,0,47,1,44,70,2,117,12,0,12,129
06/28/2014,MKC,MO,ACE,CE,Towers with Radar,0,18,20,0,38,0,18,68,0,86,0,36,88,0,124,31,0,31,155
06/29/2014,MKC,MO,ACE,CE,Towers with Radar,4,19,29,0,52,0,13,110,0,123,4,32,139,0,175,130,0,130,305
06/30/2014,MKC,MO,ACE,CE,Towers with Radar,0,29,45,2,76,0,13,53,0,66,0,42,98,2,142,4,0,4,146
07/01/2014,MKC,MO,ACE,CE,Towers with Radar,0,24,49,0,73,0,23,100,0,123,0,47,149,0,196,25,0,25,221
07/02/2014,MKC,MO,ACE,CE,Towers with Radar,0,43,78,0,121,0,26,60,8,94,0,69,138,8,215,94,6,100,315
07/03/2014,MKC,MO,ACE,CE,Towers with Radar,0,34,31,0,65,0,17,96,2,115,0,51,127,2,180,109,0,109,289
07/04/2014,MKC,MO,ACE,CE,Towers with Radar,0,14,8,0,22,0,17,38,0,55,0,31,46,0,77,54,0,54,131
07/05/2014,MKC,MO,ACE,CE,Towers with Radar,0,7,14,0,21,0,7,46,0,53,0,14,60,0,74,22,0,22,96
07/06/2014,MKC,MO,ACE,CE,Towers with Radar,0,20,27,0,47,0,9,96,0,105,0,29,123,0,152,10,0,10,162
07/07/2014,MKC,MO,ACE,CE,Towers with Radar,0,28,40,0,68,0,24,96,1,121,0,52,136,1,189,18,0,18,207
07/08/2014,MKC,MO,ACE,CE,Towers with Radar,0,35,43,0,78,0,20,102,0,122,0,55,145,0,200,74,14,88,288
07/09/2014,MKC,MO,ACE,CE,Towers with Radar,0,35,52,0,87,0,20,79,3,102,0,55,131,3,189,86,0,86,275
07/10/2014,MKC,MO,ACE,CE,Towers with Radar,2,29,59,0,90,0,16,73,1,90,2,45,132,1,180,76,0,76,256
07/11/2014,MKC,MO,ACE,CE,Towers with Radar,0,34,50,0,84,0,2,42,0,44,0,36,92,0,128,20,0,20,148
07/12/2014,MKC,MO,ACE,CE,Towers with Radar,0,19,31,0,50,0,23,105,3,131,0,42,136,3,181,93,0,93,274
07/13/2014,MKC,MO,ACE,CE,Towers with Radar,0,30,40,0,70,0,27,87,0,114,0,57,127,0,184,60,0,60,244
07/14/2014,MKC,MO,ACE,CE,Towers with Radar,0,21,54,1,76,0,1,23,2,26,0,22,77,3,102,13,0,13,115
07/15/2014,MKC,MO,ACE,CE,Towers with Radar,0,30,78,0,108,0,14,115,0,129,0,44,193,0,237,100,0,100,337
07/16/2014,MKC,MO,ACE,CE,Towers with Radar,0,36,69,2,107,0,9,33,3,45,0,45,102,5,152,78,0,78,230
07/17/2014,MKC,MO,ACE,CE,Towers with Radar,2,26,76,0,104,0,16,79,1,96,2,42,155,1,200,76,0,76,276
07/18/2014,MKC,MO,ACE,CE,Towers with Radar,0,25,64,2,91,0,17,85,21,123,0,42,149,23,214,44,0,44,258
07/19/2014,MKC,MO,ACE,CE,Towers with Radar,0,20,40,0,60,0,17,98,0,115,0,37,138,0,175,87,0,87,262
07/20/2014,MKC,MO,ACE,CE,Towers with Radar,0,29,42,1,72,0,25,101,1,127,0,54,143,2,199,10,0,10,209
07/21/2014,MKC,MO,ACE,CE,Towers with Radar,0,19,63,1,83,0,16,111,3,130,0,35,174,4,213,81,0,81,294
07/22/2014,MKC,MO,ACE,CE,Towers with Radar,0,51,62,3,116,0,7,76,0,83,0,58,138,3,199,48,0,48,247
07/23/2014,MKC,MO,ACE,CE,Towers with Radar,4,36,66,3,109,0,3,55,2,60,4,39,121,5,169,26,0,26,195
07/24/2014,MKC,MO,ACE,CE,Towers with Radar,0,28,87,1,116,0,19,51,12,82,0,47,138,13,198,40,4,44,242
07/25/2014,MKC,MO,ACE,CE,Towers with Radar,0,33,75,1,109,0,15,71,6,92,0,48,146,7,201,19,10,29,230
07/26/2014,MKC,MO,ACE,CE,Towers with Radar,0,31,27,2,60,0,8,86,3,97,0,39,113,5,157,27,0,27,184
07/27/2014,MKC,MO,ACE,CE,Towers with Radar,2,24,37,1,64,0,13,109,0,122,2,37,146,1,186,0,0,0,186
07/28/2014,MKC,MO,ACE,CE,Towers with Radar,2,36,47,7,92,0,21,78,10,109,2,57,125,17,201,62,0,62,263
07/29/2014,MKC,MO,ACE,CE,Towers with Radar,0,35,43,0,78,0,16,85,0,101,0,51,128,0,179,4,0,4,183
07/30/2014,MKC,MO,ACE,CE,Towers with Radar,0,34,52,1,87,0,14,31,3,48,0,48,83,4,135,16,0,16,151
07/31/2014,MKC,MO,ACE,CE,Towers with Radar,3,34,64,2,103,0,3,39,2,44,3,37,103,4,147,36,0,36,183
08/01/2014,MKC,MO,ACE,CE,Towers with Radar,1,25,47,4,77,0,28,67,0,95,1,53,114,4,172,74,0,74,246
08/02/2014,MKC,MO,ACE,CE,Towers with Radar,0,20,40,0,60,0,12,129,0,141,0,32,169,0,201,66,0,66,267
08/03/2014,MKC,MO,ACE,CE,Towers with Radar,0,19,31,0,50,0,11,41,0,52,0,30,72,0,102,42,0,42,144
08/04/2014,MKC,MO,ACE,CE,Towers with Radar,0,22,28,2,52,0,12,76,0,88,0,34,104,2,140,34,0,34,174
08/05/2014,MKC,MO,ACE,CE,Towers with Radar,0,38,55,2,95,0,21,95,4,120,0,59,150,6,215,49,16,65,280
08/06/2014,MKC,MO,ACE,CE,Towers with Radar,2,39,73,0,114,0,12,45,2,59,2,51,118,2,173,4,0,4,177
08/07/2014,MKC,MO,ACE,CE,Towers with Radar,4,37,62,0,103,0,12,21,0,33,4,49,83,0,136,6,0,6,142
08/08/2014,MKC,MO,ACE,CE,Towers with Radar,3,31,58,0,92,0,0,53,0,53,3,31,111,0,145,50,0,50,195
08/09/2014,MKC,MO,ACE,CE,Towers with Radar,0,25,28,0,53,0,5,120,0,125,0,30,148,0,178,56,0,56,234
08/10/2014,MKC,MO,ACE,CE,Towers with Radar,0,34,45,0,79,0,4,17,0,21,0,38,62,0,100,82,0,82,182
08/11/2014,MKC,MO,ACE,CE,Towers with Radar,0,35,45,2,82,1,10,72,2,85,1,45,117,4,167,28,0,28,195
08/12/2014,MKC,MO,ACE,CE,Towers with Radar,0,51,70,2,123,0,28,130,14,172,0,79,200,16,295,116,14,130,425
08/13/2014,MKC,MO,ACE,CE,Towers with Radar,0,44,69,1,114,0,11,62,0,73,0,55,131,1,187,70,0,70,257
08/14/2014,MKC,MO,ACE,CE,Towers with Radar,2,43,68,2,115,0,0,32,3,35,2,43,100,5,150,72,2,74,224
08/15/2014,MKC,MO,ACE,CE,Towers with Radar,0,27,73,2,102,0,11,81,0,92,0,38,154,2,194,51,0,51,245
08/16/2014,MKC,MO,ACE,CE,Towers with Radar,0,18,58,0,76,0,2,99,1,102,0,20,157,1,178,58,0,58,236
08/17/2014,MKC,MO,ACE,CE,Towers with Radar,0,29,70,0,99,0,4,47,0,51,0,33,117,0,150,71,0,71,221
08/18/2014,MKC,MO,ACE,CE,Towers with Radar,0,30,58,3,91,0,9,54,7,70,0,39,112,10,161,24,0,24,185
08/19/2014,MKC,MO,ACE,CE,Towers with Radar,0,40,64,2,106,0,16,88,6,110,0,56,152,8,216,42,8,50,266
08/20/2014,MKC,MO,ACE,CE,Towers with Radar,0,44,49,2,95,0,13,42,0,55,0,57,91,2,150,56,2,58,208
08/21/2014,MKC,MO,ACE,CE,Towers with Radar,0,42,52,3,97,0,12,54,0,66,0,54,106,3,163,40,0,40,203
08/22/2014,MKC,MO,ACE,CE,Towers with Radar,0,28,43,0,71,0,13,50,2,65,0,41,93,2,136,37,0,37,173
08/23/2014,MKC,MO,ACE,CE,Towers with Radar,0,22,43,0,65,0,13,97,0,110,0,35,140,0,175,50,0,50,225
08/24/2014,MKC,MO,ACE,CE,Towers with Radar,4,27,31,2,64,0,11,103,0,114,4,38,134,2,178,51,0,51,229
08/25/2014,MKC,MO,ACE,CE,Towers with Radar,4,31,57,3,95,0,14,84,0,98,4,45,141,3,193,55,0,55,248
08/26/2014,MKC,MO,ACE,CE,Towers with Radar,0,41,61,1,103,0,16,64,0,80,0,57,125,1,183,52,0,52,235
08/27/2014,MKC,MO,ACE,CE,Towers with Radar,0,54,79,2,135,0,0,23,0,23,0,54,102,2,158,12,0,12,170
08/28/2014,MKC,MO,ACE,CE,Towers with Radar,1,39,64,0,104,0,3,17,1,21,1,42,81,1,125,34,0,34,159
08/29/2014,MKC,MO,ACE,CE,Towers with Radar,3,32,46,0,81,0,1,33,2,36,3,33,79,2,117,12,0,12,129
08/30/2014,MKC,MO,ACE,CE,Towers with Radar,0,21,12,0,33,0,7,79,2,88,0,28,91,2,121,34,0,34,155
08/31/2014,MKC,MO,ACE,CE,Towers with Radar,1,17,15,0,33,0,8,47,1,56,1,25,62,1,89,0,0,0,89
09/01/2014,MKC,MO,ACE,CE,Towers with Radar,1,21,36,0,58,0,20,55,0,75,1,41,91,0,133,37,0,37,170
09/02/2014,MKC,MO,ACE,CE,Towers with Radar,0,32,72,0,104,0,25,48,0,73,0,57,120,0,177,40,0,40,217
09/03/2014,MKC,MO,ACE,CE,Towers with Radar,0,45,65,6,116,0,11,22,0,33,0,56,87,6,149,33,0,33,182
09/04/2014,MKC,MO,ACE,CE,Towers with Radar,2,48,77,2,129,0,9,36,0,45,2,57,113,2,174,0,12,12,186
09/05/2014,MKC,MO,ACE,CE,Towers with Radar,0,33,58,0,91,0,7,74,0,81,0,40,132,0,172,27,0,27,199
09/06/2014,MKC,MO,ACE,CE,Towers with Radar,0,18,28,0,46,0,14,562,0,576,0,32,590,0,622,78,0,78,700
09/07/2014,MKC,MO,ACE,CE,Towers with Radar,0,37,49,2,88,0,24,104,0,128,0,61,153,2,216,54,0,54,270
09/08/2014,MKC,MO,ACE,CE,Towers with Radar,0,38,42,2,82,0,19,77,2,98,0,57,119,4,180,21,0,21,201
09/09/2014,MKC,MO,ACE,CE,Towers with Radar,0,42,58,3,103,0,13,97,11,121,0,55,155,14,224,102,6,108,332
09/10/2014,MKC,MO,ACE,CE,Towers with Radar,2,45,63,2,112,0,4,12,2,18,2,49,75,4,130,20,0,20,150
09/11/2014,MKC,MO,ACE,CE,Towers with Radar,2,57,74,0,133,0,9,23,0,32,2,66,97,0,165,39,0,39,204
09/12/2014,MKC,MO,ACE,CE,Towers with Radar,0,52,60,0,112,0,5,22,1,28,0,57,82,1,140,30,0,30,170
09/13/2014,MKC,MO,ACE,CE,Towers with Radar,0,12,21,0,33,0,0,6,0,6,0,12,27,0,39,0,0,0,39
09/14/2014,MKC,MO,ACE,CE,Towers with Radar,4,30,35,2,71,0,20,86,0,106,4,50,121,2,177,88,0,88,265
09/15/2014,MKC,MO,ACE,CE,Towers with Radar,0,33,49,1,83,0,2,27,1,30,0,35,76,2,113,32,0,32,145
09/16/2014,MKC,MO,ACE,CE,Towers with Radar,0,40,66,2,108,0,9,96,0,105,0,49,162,2,213,72,0,72,285
09/17/2014,MKC,MO,ACE,CE,Towers with Radar,2,33,75,0,110,0,11,20,0,31,2,44,95,0,141,17,0,17,158
09/18/2014,MKC,MO,ACE,CE,Towers with Radar,0,29,70,0,99,0,0,0,0,0,0,29,70,0,99,0,0,0,99
09/19/2014,MKC,MO,ACE,CE,Towers with Radar,1,34,101,2,138,0,17,60,0,77,1,51,161,2,215,24,0,24,239
09/20/2014,MKC,MO,ACE,CE,Towers with Radar,0,10,33,0,43,0,6,29,0,35,0,16,62,0,78,24,0,24,102
09/21/2014,MKC,MO,ACE,CE,Towers with Radar,0,13,46,0,59,0,7,81,0,88,0,20,127,0,147,37,0,37,184
09/22/2014,MKC,MO,ACE,CE,Towers with Radar,0,32,41,8,81,0,14,63,1,78,0,46,104,9,159,47,0,47,206
09/23/2014,MKC,MO,ACE,CE,Towers with Radar,0,31,75,0,106,0,21,66,0,87,0,52,141,0,193,6,0,6,199
09/24/2014,MKC,MO,ACE,CE,Towers with Radar,0,38,90,2,130,0,12,40,7,59,0,50,130,9,189,16,8,24,213
09/25/2014,MKC,MO,ACE,CE,Towers with Radar,0,49,52,1,102,0,35,105,4,144,0,84,157,5,246,42,0,42,288
09/26/2014,MKC,MO,ACE,CE,Towers with Radar,0,33,66,5,104,0,26,127,0,153,0,59,193,5,257,69,0,69,326
09/27/2014,MKC,MO,ACE,CE,Towers with Radar,2,28,26,1,57,0,29,110,1,140,2,57,136,2,197,44,0,44,241
09/28/2014,MKC,MO,ACE,CE,Towers with Radar,0,30,52,0,82,0,14,158,0,172,0,44,210,0,254,66,0,66,320
09/29/2014,MKC,MO,ACE,CE,Towers with Radar,0,55,75,5,135,0,13,122,3,138,0,68,197,8,273,18,0,18,291
09/30/2014,MKC,MO,ACE,CE,Towers with Radar,0,56,61,1,118,0,18,57,2,77,0,74,118,3,195,8,0,8,203
10/01/2014,MKC,MO,ACE,CE,Towers with Radar,1,40,90,4,135,0,3,9,0,12,1,43,99,4,147,4,0,4,151
10/02/2014,MKC,MO,ACE,CE,Towers with Radar,0,42,64,0,106,0,14,23,0,37,0,56,87,0,143,0,0,0,143
10/03/2014,MKC,MO,ACE,CE,Towers with Radar,0,55,86,1,142,3,47,83,0,133,3,102,169,1,275,46,0,46,321
10/04/2014,MKC,MO,ACE,CE,Towers with Radar,0,23,42,0,65,0,17,89,0,106,0,40,131,0,171,33,0,33,204
10/05/2014,MKC,MO,ACE,CE,Towers with Radar,0,26,96,0,122,0,10,117,2,129,0,36,213,2,251,18,1,19,270
10/06/2014,MKC,MO,ACE,CE,Towers with Radar,0,28,69,5,102,0,2,53,16,71,0,30,122,21,173,48,8,56,229
10/07/2014,MKC,MO,ACE,CE,Towers with Radar,0,32,43,0,75,0,14,102,3,119,0,46,145,3,194,22,4,26,220
10/08/2014,MKC,MO,ACE,CE,Towers with Radar,0,52,88,7,147,0,20,49,8,77,0,72,137,15,224,26,2,28,252
10/09/2014,MKC,MO,ACE,CE,Towers with Radar,0,58,66,0,124,0,4,4,0,8,0,62,70,0,132,0,0,0,132
10/10/2014,MKC,MO,ACE,CE,Towers with Radar,0,40,56,0,96,0,6,20,0,26,0,46,76,0,122,0,0,0,122
10/11/2014,MKC,MO,ACE,CE,Towers with Radar,0,17,44,0,61,0,26,94,0,120,0,43,138,0,181,44,0,44,225
10/12/2014,MKC,MO,ACE,CE,Towers with Radar,0,24,59,0,83,0,0,2,0,2,0,24,61,0,85,14,0,14,99
10/13/2014,MKC,MO,ACE,CE,Towers with Radar,0,28,36,0,64,0,2,15,0,17,0,30,51,0,81,0,0,0,81
10/14/2014,MKC,MO,ACE,CE,Towers with Radar,0,49,47,1,97,0,9,28,1,38,0,58,75,2,135,10,0,10,145
10/15/2014,MKC,MO,ACE,CE,Towers with Radar,1,52,82,4,139,1,30,82,3,116,2,82,164,7,255,2,2,4,259
10/16/2014,MKC,MO,ACE,CE,Towers with Radar,3,35,69,3,110,0,19,113,2,134,3,54,182,5,244,34,0,34,278
10/17/2014,MKC,MO,ACE,CE,Towers with Radar,2,34,69,4,109,0,32,93,8,133,2,66,162,12,242,36,12,48,290
10/18/2014,MKC,MO,ACE,CE,Towers with Radar,2,22,47,0,71,0,14,159,0,173,2,36,206,0,244,78,0,78,322
10/19/2014,MKC,MO,ACE,CE,Towers with Radar,0,16,38,0,54,0,5,74,0,79,0,21,112,0,133,36,0,36,169
10/20/2014,MKC,MO,ACE,CE,Towers with Radar,0,41,55,0,96,0,11,82,0,93,0,52,137,0,189,28,0,28,217
10/21/2014,MKC,MO,ACE,CE,Towers with Radar,0,69,109,0,178,0,17,92,0,109,0,86,201,0,287,22,0,22,309
10/22/2014,MKC,MO,ACE,CE,Towers with Radar,0,74,127,1,202,0,12,32,2,46,0,86,159,3,248,24,0,24,272
10/23/2014,MKC,MO,ACE,CE,Towers with Radar,0,51,101,0,152,0,8,21,1,30,0,59,122,1,182,8,0,8,190
10/24/2014,MKC,MO,ACE,CE,Towers with Radar,0,30,72,0,102,1,3,33,6,43,1,33,105,6,145,6,6,12,157
10/25/2014,MKC,MO,ACE,CE,Towers with Radar,0,16,32,1,49,0,10,59,1,70,0,26,91,2,119,13,0,13,132
10/26/2014,MKC,MO,ACE,CE,Towers with Radar,0,29,51,1,81,0,15,98,0,113,0,44,149,1,194,34,0,34,228
10/27/2014,MKC,MO,ACE,CE,Towers with Radar,0,33,58,2,93,0,4,44,0,48,0,37,102,2,141,26,0,26,167
10/28/2014,MKC,MO,ACE,CE,Towers with Radar,1,64,111,0,176,0,26,80,2,108,1,90,191,2,284,12,0,12,296
10/29/2014,MKC,MO,ACE,CE,Towers with Radar,0,69,131,2,202,0,36,82,0,118,0,105,213,2,320,48,0,48,368
10/30/2014,MKC,MO,ACE,CE,Towers with Radar,1,69,110,0,180,0,12,59,0,71,1,81,169,0,251,24,0,24,275
10/31/2014,MKC,MO,ACE,CE,Towers with Radar,1,25,41,2,69,0,19,38,0,57,1,44,79,2,126,36,0,36,162
11/01/2014,MKC,MO,ACE,CE,Towers with Radar,0,24,13,0,37,0,18,42,1,61,0,42,55,1,98,39,5,44,142
11/02/2014,MKC,MO,ACE,CE,Towers with Radar,0,25,57,0,82,0,15,65,6,86,0,40,122,6,168,15,0,15,183
11/03/2014,MKC,MO,ACE,CE,Towers with Radar,0,32,46,0,78,0,6,50,0,56,0,38,96,0,134,6,0,6,140
11/04/2014,MKC,MO,ACE,CE,Towers with Radar,0,39,43,3,85,0,21,69,2,92,0,60,112,5,177,40,0,40,217
11/05/2014,MKC,MO,ACE,CE,Towers with Radar,0,38,70,0,108,0,23,59,0,82,0,61,129,0,190,14,0,14,204
11/06/2014,MKC,MO,ACE,CE,Towers with Radar,0,22,79,0,101,0,13,83,0,96,0,35,162,0,197,90,0,90,287
11/07/2014,MKC,MO,ACE,CE,Towers with Radar,0,30,71,0,101,0,12,79,1,92,0,42,150,1,193,6,0,6,199
11/08/2014,MKC,MO,ACE,CE,Towers with Radar,0,23,33,0,56,0,7,88,0,95,0,30,121,0,151,14,0,14,165
11/09/2014,MKC,MO,ACE,CE,Towers with Radar,0,30,41,0,71,0,13,68,0,81,0,43,109,0,152,54,0,54,206
11/10/2014,MKC,MO,ACE,CE,Towers with Radar,0,24,49,0,73,0,7,51,0,58,0,31,100,0,131,14,0,14,145
11/11/2014,MKC,MO,ACE,CE,Towers with Radar,0,27,56,0,83,0,5,41,0,46,0,32,97,0,129,10,0,10,139
11/12/2014,MKC,MO,ACE,CE,Towers with Radar,0,46,66,1,113,0,9,41,0,50,0,55,107,1,163,26,0,26,189
11/13/2014,MKC,MO,ACE,CE,Towers with Radar,0,32,54,0,86,0,5,36,0,41,0,37,90,0,127,12,0,12,139
11/14/2014,MKC,MO,ACE,CE,Towers with Radar,0,24,70,2,96,0,17,38,2,57,0,41,108,4,153,16,0,16,169
11/15/2014,MKC,MO,ACE,CE,Towers with Radar,0,14,32,2,48,0,12,22,5,39,0,26,54,7,87,20,0,20,107
11/16/2014,MKC,MO,ACE,CE,Towers with Radar,0,26,67,0,93,0,8,27,4,39,0,34,94,4,132,0,0,0,132
11/17/2014,MKC,MO,ACE,CE,Towers with Radar,0,26,58,2,86,0,26,33,1,60,0,52,91,3,146,0,0,0,146
11/18/2014,MKC,MO,ACE,CE,Towers with Radar,0,32,59,2,93,0,26,83,2,111,0,58,142,4,204,37,0,37,241
11/19/2014,MKC,MO,ACE,CE,Towers with Radar,0,60,74,1,135,0,25,40,5,70,0,85,114,6,205,46,0,46,251
11/20/2014,MKC,MO,ACE,CE,Towers with Radar,0,44,69,2,115,0,35,47,0,82,0,79,116,2,197,70,0,70,267
11/21/2014,MKC,MO,ACE,CE,Towers with Radar,2,32,53,0,87,0,8,17,0,25,2,40,70,0,112,0,0,0,112
11/22/2014,MKC,MO,ACE,CE,Towers with Radar,0,26,18,0,44,0,0,1,0,1,0,26,19,0,45,0,0,0,45
11/23/2014,MKC,MO,ACE,CE,Towers with Radar,2,20,23,0,45,0,0,0,0,0,2,20,23,0,45,0,0,0,45
11/24/2014,MKC,MO,ACE,CE,Towers with Radar,0,18,44,0,62,0,1,2,0,3,0,19,46,0,65,0,0,0,65
11/25/2014,MKC,MO,ACE,CE,Towers with Radar,1,40,45,7,93,0,20,74,9,103,1,60,119,16,196,84,0,84,280
11/26/2014,MKC,MO,ACE,CE,Towers with Radar,1,38,40,0,79,0,27,29,0,56,1,65,69,0,135,36,0,36,171
11/27/2014,MKC,MO,ACE,CE,Towers with Radar,0,9,6,0,15,0,5,19,0,24,0,14,25,0,39,10,0,10,49
11/28/2014,MKC,MO,ACE,CE,Towers with Radar,0,5,33,0,38,0,8,56,0,64,0,13,89,0,102,18,0,18,120
11/29/2014,MKC,MO,ACE,CE,Towers with Radar,0,19,20,0,39,0,12,118,0,130,0,31,138,0,169,48,0,48,217
11/30/2014,MKC,MO,ACE,CE,Towers with Radar,0,29,73,0,102,0,13,41,0,54,0,42,114,0,156,99,0,99,255
12/01/2014,MKC,MO,ACE,CE,Towers with Radar,0,25,65,1,91,0,7,66,2,75,0,32,131,3,166,56,0,56,222
12/02/2014,MKC,MO,ACE,CE,Towers with Radar,0,29,46,1,76,0,7,52,0,59,0,36,98,1,135,16,0,16,151
12/03/2014,MKC,MO,ACE,CE,Towers with Radar,0,49,71,7,127,0,21,57,5,83,0,70,128,12,210,17,0,17,227
12/04/2014,MKC,MO,ACE,CE,Towers with Radar,0,37,64,0,101,0,4,7,0,11,0,41,71,0,112,0,0,0,112
12/05/2014,MKC,MO,ACE,CE,Towers with Radar,0,30,62,1,93,0,0,2,0,2,0,30,64,1,95,0,0,0,95
12/06/2014,MKC,MO,ACE,CE,Towers with Radar,0,26,40,2,68,0,0,0,0,0,0,26,40,2,68,0,0,0,68
12/07/2014,MKC,MO,ACE,CE,Towers with Radar,0,24,38,0,62,0,2,0,0,2,0,26,38,0,64,0,0,0,64
12/08/2014,MKC,MO,ACE,CE,Towers with Radar,0,39,36,1,76,0,18,43,0,61,0,57,79,1,137,59,0,59,196
12/09/2014,MKC,MO,ACE,CE,Towers with Radar,0,52,57,0,109,0,13,33,0,46,0,65,90,0,155,74,0,74,229
12/10/2014,MKC,MO,ACE,CE,Towers with Radar,0,52,59,0,111,0,0,0,0,0,0,52,59,0,111,0,0,0,111
12/11/2014,MKC,MO,ACE,CE,Towers with Radar,0,49,61,0,110,0,0,0,0,0,0,49,61,0,110,0,0,0,110
12/12/2014,MKC,MO,ACE,CE,Towers with Radar,0,34,47,4,85,0,5,29,0,34,0,39,76,4,119,39,0,39,158
12/13/2014,MKC,MO,ACE,CE,Towers with Radar,0,16,44,0,60,0,0,0,0,0,0,16,44,0,60,0,0,0,60
12/14/2014,MKC,MO,ACE,CE,Towers with Radar,0,26,50,0,76,0,15,101,0,116,0,41,151,0,192,46,0,46,238
12/15/2014,MKC,MO,ACE,CE,Towers with Radar,0,38,58,0,96,0,0,0,0,0,0,38,58,0,96,0,0,0,96
12/16/2014,MKC,MO,ACE,CE,Towers with Radar,0,41,53,0,94,0,12,16,0,28,0,53,69,0,122,26,0,26,148
12/17/2014,MKC,MO,ACE,CE,Towers with Radar,2,54,60,3,119,0,8,21,7,36,2,62,81,10,155,14,0,14,169
12/18/2014,MKC,MO,ACE,CE,Towers with Radar,0,50,41,0,91,0,0,0,0,0,0,50,41,0,91,0,0,0,91
12/19/2014,MKC,MO,ACE,CE,Towers with Radar,0,26,43,0,69,0,2,4,0,6,0,28,47,0,75,28,0,28,103
12/20/2014,MKC,MO,ACE,CE,Towers with Radar,2,21,41,0,64,0,6,144,0,150,2,27,185,0,214,42,0,42,256
12/21/2014,MKC,MO,ACE,CE,Towers with Radar,0,22,38,0,60,0,0,1,0,1,0,22,39,0,61,0,0,0,61
12/22/2014,MKC,MO,ACE,CE,Towers with Radar,0,29,47,0,76,0,0,76,0,76,0,29,123,0,152,16,0,16,168
12/23/2014,MKC,MO,ACE,CE,Towers with Radar,0,30,48,0,78,0,2,68,0,70,0,32,116,0,148,171,0,171,319
12/24/2014,MKC,MO,ACE,CE,Towers with Radar,0,20,6,0,26,0,16,4,0,20,0,36,10,0,46,60,0,60,106
12/25/2014,MKC,MO,ACE,CE,Towers with Radar,0,17,7,0,24,0,18,63,0,81,0,35,70,0,105,14,0,14,119
12/26/2014,MKC,MO,ACE,CE,Towers with Radar,0,29,47,0,76,0,14,43,0,57,0,43,90,0,133,65,0,65,198
12/27/2014,MKC,MO,ACE,CE,Towers with Radar,0,25,44,0,69,0,0,81,1,82,0,25,125,1,151,56,0,56,207
12/28/2014,MKC,MO,ACE,CE,Towers with Radar,0,19,36,0,55,0,0,202,11,213,0,19,238,11,268,64,0,64,332
12/29/2014,MKC,MO,ACE,CE,Towers with Radar,0,31,36,0,67,0,12,80,1,93,0,43,116,1,160,76,0,76,236
12/30/2014,MKC,MO,ACE,CE,Towers with Radar,0,32,39,0,71,0,10,70,0,80,0,42,109,0,151,101,0,101,252
12/31/2014,MKC,MO,ACE,CE,Towers with Radar,0,30,20,0,50,0,21,59,2,82,0,51,79,2,132,69,0,69,201
01/01/2015,MKC,MO,ACE,CE,Towers with Radar,0,22,14,0,36,0,10,68,0,78,0,32,82,0,114,34,0,34,148
01/02/2015,MKC,MO,ACE,CE,Towers with Radar,0,27,37,0,64,0,17,47,0,64,0,44,84,0,128,65,0,65,193
01/03/2015,MKC,MO,ACE,CE,Towers with Radar,0,30,19,0,49,0,0,2,0,2,0,30,21,0,51,0,0,0,51
01/04/2015,MKC,MO,ACE,CE,Towers with Radar,0,29,36,1,66,0,10,28,1,39,0,39,64,2,105,2,0,2,107
01/05/2015,MKC,MO,ACE,CE,Towers with Radar,0,17,35,0,52,0,5,23,0,28,0,22,58,0,80,36,0,36,116
01/06/2015,MKC,MO,ACE,CE,Towers with Radar,0,39,39,4,82,0,24,71,6,101,0,63,110,10,183,48,0,48,231
01/07/2015,MKC,MO,ACE,CE,Towers with Radar,0,35,26,0,61,0,4,24,2,30,0,39,50,2,91,46,0,46,137
01/08/2015,MKC,MO,ACE,CE,Towers with Radar,0,27,43,4,74,0,20,51,2,73,0,47,94,6,147,46,0,46,193
01/09/2015,MKC,MO,ACE,CE,Towers with Radar,0,28,33,0,61,0,9,36,0,45,0,37,69,0,106,2,0,2,108
01/10/2015,MKC,MO,ACE,CE,Towers with Radar,0,15,25,0,40,0,23,109,5,137,0,38,134,5,177,12,12,24,201
01/11/2015,MKC,MO,ACE,CE,Towers with Radar,0,8,25,0,33,0,0,10,0,10,0,8,35,0,43,0,0,0,43
01/12/2015,MKC,MO,ACE,CE,Towers with Radar,0,22,27,0,49,0,5,39,0,44,0,27,66,0,93,37,0,37,130
01/13/2015,MKC,MO,ACE,CE,Towers with Radar,0,29,47,3,79,0,15,53,1,69,0,44,100,4,148,69,0,69,217
01/14/2015,MKC,MO,ACE,CE,Towers with Radar,0,27,44,0,71,0,4,40,3,47,0,31,84,3,118,4,2,6,124
01/15/2015,MKC,MO,ACE,CE,Towers with Radar,0,28,48,4,80,0,12,74,4,90,0,40,122,8,170,37,0,37,207
01/16/2015,MKC,MO,ACE,CE,Towers with Radar,0,21,35,0,56,0,24,97,2,123,0,45,132,2,179,46,0,46,225
01/17/2015,MKC,MO,ACE,CE,Towers with Radar,0,20,28,0,48,0,12,71,1,84,0,32,99,1,132,16,0,16,148
01/18/2015,MKC,MO,ACE,CE,Towers with Radar,0,13,26,0,39,0,2,51,0,53,0,15,77,0,92,172,0,172,264
01/19/2015,MKC,MO,ACE,CE,Towers with Radar,0,13,31,0,44,0,13,43,0,56,0,26,74,0,100,66,0,66,166
01/20/2015,MKC,MO,ACE,CE,Towers with Radar,0,34,50,0,84,0,11,51,14,76,0,45,101,14,160,76,0,76,236
01/21/2015,MKC,MO,ACE,CE,Towers with Radar,0,35,50,0,85,0,14,47,5,66,0,49,97,5,151,52,0,52,203
01/22/2015,MKC,MO,ACE,CE,Towers with Radar,0,26,57,0,83,0,18,40,3,61,0,44,97,3,144,114,0,114,258
01/23/2015,MKC,MO,ACE,CE,Towers with Radar,0,27,52,0,79,0,16,84,5,105,0,43,136,5,184,22,0,22,206
01/24/2015,MKC,MO,ACE,CE,Towers with Radar,0,19,22,0,41,0,29,91,0,120,0,48,113,0,161,5,0,5,166
01/25/2015,MKC,MO,ACE,CE,Towers with Radar,0,18,25,0,43,0,0,8,0,8,0,18,33,0,51,22,0,22,73
01/26/2015,MKC,MO,ACE,CE,Towers with Radar,0,22,50,1,73,0,13,59,2,74,0,35,109,3,147,14,0,14,161
01/27/2015,MKC,MO,ACE,CE,Towers with Radar,0,27,50,0,77,0,9,38,2,49,0,36,88,2,126,115,0,115,241
01/28/2015,MKC,MO,ACE,CE,Towers with Radar,0,29,59,3,91,0,12,48,0,60,0,41,107,3,151,51,6,57,208
01/29/2015,MKC,MO,ACE,CE,Towers with Radar,0,45,70,3,118,0,19,53,1,73,0,64,123,4,191,44,5,49,240
01/30/2015,MKC,MO,ACE,CE,Towers with Radar,0,38,41,0,79,0,12,69,5,86,0,50,110,5,165,43,2,45,210
01/31/2015,MKC,MO,ACE,CE,Towers with Radar,0,19,10,0,29,0,2,7,0,9,0,21,17,0,38,0,0,0,38
02/01/2015,MKC,MO,ACE,CE,Towers with Radar,0,24,8,0,32,0,0,0,0,0,0,24,8,0,32,0,0,0,32
02/02/2015,MKC,MO,ACE,CE,Towers with Radar,0,26,45,0,71,0,13,27,0,40,0,39,72,0,111,8,0,8,119
02/03/2015,MKC,MO,ACE,CE,Towers with Radar,0,48,50,2,100,0,6,44,2,52,0,54,94,4,152,36,2,38,190
02/04/2015,MKC,MO,ACE,CE,Towers with Radar,0,37,46,2,85,0,4,10,2,16,0,41,56,4,101,20,0,20,121
02/05/2015,MKC,MO,ACE,CE,Towers with Radar,0,24,52,4,80,0,25,83,0,108,0,49,135,4,188,53,2,55,243
02/06/2015,MKC,MO,ACE,CE,Towers with Radar,0,34,39,3,76,0,14,73,4,91,0,48,112,7,167,82,2,84,251
02/07/2015,MKC,MO,ACE,CE,Towers with Radar,0,13,35,0,48,0,11,75,0,86,0,24,110,0,134,8,0,8,142
02/08/2015,MKC,MO,ACE,CE,Towers with Radar,0,18,37,0,55,0,0,51,0,51,0,18,88,0,106,30,0,30,136
02/09/2015,MKC,MO,ACE,CE,Towers with Radar,0,28,36,0,64,0,15,21,0,36,0,43,57,0,100,84,0,84,184
02/10/2015,MKC,MO,ACE,CE,Towers with Radar,0,26,54,7,87,0,34,39,3,76,0,60,93,10,163,112,0,112,275
02/11/2015,MKC,MO,ACE,CE,Towers with Radar,0,47,51,2,100,0,7,24,1,32,0,54,75,3,132,6,0,6,138
02/12/2015,MKC,MO,ACE,CE,Towers with Radar,0,40,53,4,97,0,14,55,4,73,0,54,108,8,170,39,0,39,209
02/13/2015,MKC,MO,ACE,CE,Towers with Radar,0,35,55,2,92,0,18,140,0,158,0,53,195,2,250,77,0,77,327
02/14/2015,MKC,MO,ACE,CE,Towers with Radar,0,13,18,0,31,0,18,59,0,77,0,31,77,0,108,74,0,74,182
02/15/2015,MKC,MO,ACE,CE,Towers with Radar,0,11,36,0,47,0,2,35,0,37,0,13,71,0,84,27,0,27,111
02/16/2015,MKC,MO,ACE,CE,Towers with Radar,0,33,19,0,52,0,13,18,0,31,0,46,37,0,83,64,0,64,147
02/17/2015,MKC,MO,ACE,CE,Towers with Radar,0,35,30,0,65,0,5,39,0,44,0,40,69,0,109,10,0,10,119
02/18/2015,MKC,MO,ACE,CE,Towers with Radar,0,36,65,2,103,0,6,40,2,48,0,42,105,4,151,18,0,18,169
02/19/2015,MKC,MO,ACE,CE,Towers with Radar,0,38,41,0,79,0,0,7,0,7,0,38,48,0,86,0,0,0,86
02/20/2015,MKC,MO,ACE,CE,Towers with Radar,0,42,41,1,84,0,13,41,1,55,0,55,82,2,139,66,0,66,205
02/21/2015,MKC,MO,ACE,CE,Towers with Radar,0,22,27,0,49,0,19,88,0,107,0,41,115,0,156,38,3,41,197
02/22/2015,MKC,MO,ACE,CE,Towers with Radar,0,17,26,0,43,0,7,41,0,48,0,24,67,0,91,0,0,0,91
02/23/2015,MKC,MO,ACE,CE,Towers with Radar,0,28,40,0,68,0,6,36,6,48,0,34,76,6,116,28,0,28,144
02/24/2015,MKC,MO,ACE,CE,Towers with Radar,0,55,63,2,120,0,24,59,6,89,0,79,122,8,209,31,0,31,240
02/25/2015,MKC,MO,ACE,CE,Towers with Radar,0,20,65,0,85,0,10,59,8,77,0,30,124,8,162,24,0,24,186
02/26/2015,MKC,MO,ACE,CE,Towers with Radar,0,33,60,2,95,0,7,40,8,55,0,40,100,10,150,10,0,10,160
02/27/2015,MKC,MO,ACE,CE,Towers with Radar,0,22,58,5,85,0,9,66,0,75,0,31,124,5,160,28,0,28,188
02/28/2015,MKC,MO,ACE,CE,Towers with Radar,2,34,14,1,51,0,0,5,0,5,2,34,19,1,56,0,0,0,56
03/01/2015,MKC,MO,ACE,CE,Towers with Radar,0,27,25,0,52,1,1,17,0,19,1,28,42,0,71,30,0,30,101
03/02/2015,MKC,MO,ACE,CE,Towers with Radar,0,31,33,1,65,0,2,46,0,48,0,33,79,1,113,42,0,42,155
03/03/2015,MKC,MO,ACE,CE,Towers with Radar,0,25,47,1,73,0,3,26,2,31,0,28,73,3,104,58,0,58,162
03/04/2015,MKC,MO,ACE,CE,Towers with Radar,0,47,50,1,98,0,4,32,3,39,0,51,82,4,137,33,0,33,170
03/05/2015,MKC,MO,ACE,CE,Towers with Radar,0,36,51,2,89,0,14,77,11,102,0,50,128,13,191,103,0,103,294
03/06/2015,MKC,MO,ACE,CE,Towers with Radar,0,22,45,0,67,0,5,52,9,66,0,27,97,9,133,39,0,39,172
03/07/2015,MKC,MO,ACE,CE,Towers with Radar,0,23,55,0,78,0,5,82,2,89,0,28,137,2,167,78,10,88,255
03/08/2015,MKC,MO,ACE,CE,Towers with Radar,0,20,36,0,56,0,6,55,1,62,0,26,91,1,118,34,4,38,156
03/09/2015,MKC,MO,ACE,CE,Towers with Radar,0,25,37,1,63,0,1,44,1,46,0,26,81,2,109,56,0,56,165
03/10/2015,MKC,MO,ACE,CE,Towers with Radar,7,34,59,1,101,0,8,39,8,55,7,42,98,9,156,46,0,46,202
03/11/2015,MKC,MO,ACE,CE,Towers with Radar,1,26,94,0,121,0,43,107,10,160,1,69,201,10,281,44,0,44,325
03/12/2015,MKC,MO,ACE,CE,Towers with Radar,1,43,82,2,128,0,0,59,5,64,1,43,141,7,192,14,0,14,206
03/13/2015,MKC,MO,ACE,CE,Towers with Radar,3,28,72,2,105,0,14,69,3,86,3,42,141,5,191,34,4,38,229
03/14/2015,MKC,MO,ACE,CE,Towers with Radar,2,46,49,0,97,0,14,82,0,96,2,60,131,0,193,44,0,44,237
03/15/2015,MKC,MO,ACE,CE,Towers with Radar,0,18,43,0,61,0,2,95,0,97,0,20,138,0,158,32,0,32,190
03/16/2015,MKC,MO,ACE,CE,Towers with Radar,0,8,37,2,47,0,16,71,1,88,0,24,108,3,135,38,0,38,173
03/17/2015,MKC,MO,ACE,CE,Towers with Radar,0,37,40,0,77,0,18,54,0,72,0,55,94,0,149,42,0,42,191
03/18/2015,MKC,MO,ACE,CE,Towers with Radar,0,23,40,0,63,0,1,1,0,2,0,24,41,0,65,0,0,0,65
03/19/2015,MKC,MO,ACE,CE,Towers with Radar,0,25,42,0,67,0,2,3,0,5,0,27,45,0,72,0,0,0,72
03/20/2015,MKC,MO,ACE,CE,Towers with Radar,0,24,55,0,79,0,14,87,6,107,0,38,142,6,186,44,2,46,232
03/21/2015,MKC,MO,ACE,CE,Towers with Radar,0,20,42,0,62,0,4,104,0,108,0,24,146,0,170,31,0,31,201
03/22/2015,MKC,MO,ACE,CE,Towers with Radar,0,16,46,0,62,0,7,61,0,68,0,23,107,0,130,38,0,38,168
03/23/2015,MKC,MO,ACE,CE,Towers with Radar,0,20,46,0,66,0,0,22,1,23,0,20,68,1,89,41,0,41,130
03/24/2015,MKC,MO,ACE,CE,Towers with Radar,0,38,49,0,87,0,0,22,0,22,0,38,71,0,109,0,0,0,109
03/25/2015,MKC,MO,ACE,CE,Towers with Radar,0,22,45,4,71,0,9,22,0,31,0,31,67,4,102,24,0,24,126
03/26/2015,MKC,MO,ACE,CE,Towers with Radar,0,40,51,4,95,0,14,88,0,102,0,54,139,4,197,21,10,31,228
03/27/2015,MKC,MO,ACE,CE,Towers with Radar,0,23,41,0,64,0,21,66,1,88,0,44,107,1,152,88,0,88,240
03/28/2015,MKC,MO,ACE,CE,Towers with Radar,0,21,31,0,52,0,8,40,0,48,0,29,71,0,100,18,0,18,118
03/29/2015,MKC,MO,ACE,CE,Towers with Radar,0,20,34,1,55,0,2,49,0,51,0,22,83,1,106,6,0,6,112
03/30/2015,MKC,MO,ACE,CE,Towers with Radar,0,33,30,1,64,0,32,62,1,95,0,65,92,2,159,54,0,54,213
03/31/2015,MKC,MO,ACE,CE,Towers with Radar,0,31,50,2,83,0,28,71,5,104,0,59,121,7,187,82,6,88,275
04/01/2015,MKC,MO,ACE,CE,Towers with Radar,0,30,64,4,98,0,5,47,7,59,0,35,111,11,157,20,0,20,177
04/02/2015,MKC,MO,ACE,CE,Towers with Radar,0,40,63,4,107,0,24,102,4,130,0,64,165,8,237,66,0,66,303
04/03/2015,MKC,MO,ACE,CE,Towers with Radar,1,21,36,0,58,0,5,48,1,54,1,26,84,1,112,26,0,26,138
04/04/2015,MKC,MO,ACE,CE,Towers with Radar,3,12,37,0,52,0,5,84,1,90,3,17,121,1,142,52,0,52,194
04/05/2015,MKC,MO,ACE,CE,Towers with Radar,0,18,22,0,40,0,2,14,0,16,0,20,36,0,56,2,0,2,58
04/06/2015,MKC,MO,ACE,CE,Towers with Radar,0,21,55,0,76,0,0,1,0,1,0,21,56,0,77,4,0,4,81
04/07/2015,MKC,MO,ACE,CE,Towers with Radar,0,27,57,0,84,0,20,56,1,77,0,47,113,1,161,69,0,69,230
04/08/2015,MKC,MO,ACE,CE,Towers with Radar,0,31,41,0,72,0,0,0,0,0,0,31,41,0,72,0,0,0,72
04/09/2015,MKC,MO,ACE,CE,Towers with Radar,4,38,55,4,101,0,9,25,6,40,4,47,80,10,141,0,4,4,145
04/10/2015,MKC,MO,ACE,CE,Towers with Radar,0,32,52,1,85,0,14,131,2,147,0,46,183,3,232,16,0,16,248
04/11/2015,MKC,MO,ACE,CE,Towers with Radar,0,24,49,0,73,0,12,138,4,154,0,36,187,4,227,55,5,60,287
04/12/2015,MKC,MO,ACE,CE,Towers with Radar,0,29,38,0,67,0,4,5,2,11,0,33,43,2,78,0,0,0,78
04/13/2015,MKC,MO,ACE,CE,Towers with Radar,0,38,49,4,91,0,23,53,2,78,0,61,102,6,169,134,0,134,303
04/14/2015,MKC,MO,ACE,CE,Towers with Radar,0,33,63,1,97,0,22,61,3,86,0,55,124,4,183,48,6,54,237
04/15/2015,MKC,MO,ACE,CE,Towers with Radar,0,42,65,1,108,0,3,12,0,15,0,45,77,1,123,44,0,44,167
04/16/2015,MKC,MO,ACE,CE,Towers with Radar,2,42,62,2,108,0,11,62,3,76,2,53,124,5,184,38,0,38,222
04/17/2015,MKC,MO,ACE,CE,Towers with Radar,0,25,59,1,85,0,14,65,7,86,0,39,124,8,171,31,4,35,206
04/18/2015,MKC,MO,ACE,CE,Towers with Radar,0,16,24,0,40,0,2,10,0,12,0,18,34,0,52,0,0,0,52
04/19/2015,MKC,MO,ACE,CE,Towers with Radar,2,12,41,0,55,0,0,24,0,24,2,12,65,0,79,56,0,56,135
04/20/2015,MKC,MO,ACE,CE,Towers with Radar,0,23,37,0,60,0,4,30,0,34,0,27,67,0,94,2,0,2,96
04/21/2015,MKC,MO,ACE,CE,Towers with Radar,0,31,44,0,75,0,8,66,0,74,0,39,110,0,149,50,6,56,205
04/22/2015,MKC,MO,ACE,CE,Towers with Radar,4,39,63,0,106,0,4,64,1,69,4,43,127,1,175,80,0,80,255
04/23/2015,MKC,MO,ACE,CE,Towers with Radar,0,43,66,3,112,0,12,57,2,71,0,55,123,5,183,127,8,135,318
04/24/2015,MKC,MO,ACE,CE,Towers with Radar,0,47,62,0,109,0,3,24,0,27,0,50,86,0,136,28,0,28,164
04/25/2015,MKC,MO,ACE,CE,Towers with Radar,0,10,38,0,48,0,0,34,0,34,0,10,72,0,82,42,0,42,124
04/26/2015,MKC,MO,ACE,CE,Towers with Radar,0,19,41,0,60,0,1,61,0,62,0,20,102,0,122,46,0,46,168
04/27/2015,MKC,MO,ACE,CE,Towers with Radar,0,28,52,0,80,0,44,74,2,120,0,72,126,2,200,30,0,30,230
04/28/2015,MKC,MO,ACE,CE,Towers with Radar,0,24,46,0,70,0,13,66,2,81,0,37,112,2,151,98,0,98,249
04/29/2015,MKC,MO,ACE,CE,Towers with Radar,2,27,67,4,100,0,15,90,2,107,2,42,157,6,207,42,2,44,251
04/30/2015,MKC,MO,ACE,CE,Towers with Radar,1,27,67,0,95,0,16,108,7,131,1,43,175,7,226,75,0,75,301
05/01/2015,MKC,MO,ACE,CE,Towers with Radar,0,24,61,2,87,0,16,76,2,94,0,40,137,4,181,55,0,55,236
05/02/2015,MKC,MO,ACE,CE,Towers with Radar,0,14,42,0,56,0,4,177,7,188,0,18,219,7,244,26,4,30,274
05/03/2015,MKC,MO,ACE,CE,Towers with Radar,1,28,41,0,70,0,17,65,6,88,1,45,106,6,158,18,0,18,176
05/04/2015,MKC,MO,ACE,CE,Towers with Radar,2,21,46,2,71,0,2,20,9,31,2,23,66,11,102,30,0,30,132
05/05/2015,MKC,MO,ACE,CE,Towers with Radar,0,29,57,2,88,0,10,43,7,60,0,39,100,9,148,36,0,36,184
05/06/2015,MKC,MO,ACE,CE,Towers with Radar,0,30,64,0,94,0,35,59,0,94,0,65,123,0,188,20,0,20,208
05/07/2015,MKC,MO,ACE,CE,Towers with Radar,4,32,73,2,111,3,19,45,0,67,7,51,118,2,178,0,0,0,178
05/08/2015,MKC,MO,ACE,CE,Towers with Radar,0,71,57,3,131,0,11,21,0,32,0,82,78,3,163,12,0,12,175
05/09/2015,MKC,MO,ACE,CE,Towers with Radar,0,14,44,0,58,0,14,55,3,72,0,28,99,3,130,66,0,66,196
05/10/2015,MKC,MO,ACE,CE,Towers with Radar,0,37,47,0,84,0,1,4,0,5,0,38,51,0,89,12,0,12,101
05/11/2015,MKC,MO,ACE,CE,Towers with Radar,0,33,94,5,132,0,7,97,3,107,0,40,191,8,239,131,0,131,370
05/12/2015,MKC,MO,ACE,CE,Towers with Radar,0,45,68,1,114,0,25,152,3,180,0,70,220,4,294,113,4,117,411
05/13/2015,MKC,MO,ACE,CE,Towers with Radar,2,39,63,0,104,0,5,20,0,25,2,44,83,0,129,16,0,16,145
05/14/2015,MKC,MO,ACE,CE,Towers with Radar,2,25,61,0,88,0,3,31,0,34,2,28,92,0,122,30,0,30,152
05/15/2015,MKC,MO,ACE,CE,Towers with Radar,2,29,62,0,93,0,3,41,0,44,2,32,103,0,137,96,0,96,233
05/16/2015,MKC,MO,ACE,CE,Towers with Radar,0,16,21,1,38,0,2,25,0,27,0,18,46,1,65,20,0,20,85
05/17/2015,MKC,MO,ACE,CE,Towers with Radar,2,33,51,2,88,0,2,27,0,29,2,35,78,2,117,46,0,46,163
05/18/2015,MKC,MO,ACE,CE,Towers with Radar,0,42,73,1,116,0,36,87,5,128,0,78,160,6,244,102,0,102,346
05/19/2015,MKC,MO,ACE,CE,Towers with Radar,0,37,79,1,117,0,18,85,5,108,0,55,164,6,225,64,0,64,289
05/20/2015,MKC,MO,ACE,CE,Towers with Radar,0,30,66,1,97,0,1,1,0,2,0,31,67,1,99,0,0,0,99
05/21/2015,MKC,MO,ACE,CE,Towers with Radar,2,42,68,1,113,0,13,78,0,91,2,55,146,1,204,102,0,102,306
05/22/2015,MKC,MO,ACE,CE,Towers with Radar,0,17,57,0,74,0,4,67,2,73,0,21,124,2,147,24,0,24,171
05/23/2015,MKC,MO,ACE,CE,Towers with Radar,0,6,32,0,38,0,1,38,0,39,0,7,70,0,77,52,0,52,129
05/24/2015,MKC,MO,ACE,CE,Towers with Radar,4,14,19,0,37,0,0,2,0,2,4,14,21,0,39,0,0,0,39
05/25/2015,MKC,MO,ACE,CE,Towers with Radar,0,21,40,0,61,0,2,18,0,20,0,23,58,0,81,26,0,26,107
05/26/2015,MKC,MO,ACE,CE,Towers with Radar,0,27,46,1,74,0,3,29,0,32,0,30,75,1,106,120,0,120,226
05/27/2015,MKC,MO,ACE,CE,Towers with Radar,0,40,46,1,87,0,6,60,5,71,0,46,106,6,158,139,0,139,297
05/28/2015,MKC,MO,ACE,CE,Towers with Radar,0,45,41,0,86,0,7,32,0,39,0,52,73,0,125,34,12,46,171
05/29/2015,MKC,MO,ACE,CE,Towers with Radar,0,34,36,0,70,0,2,15,0,17,0,36,51,0,87,0,0,0,87
05/30/2015,MKC,MO,ACE,CE,Towers with Radar,0,18,22,0,40,0,2,28,0,30,0,20,50,0,70,33,0,33,103
05/31/2015,MKC,MO,ACE,CE,Towers with Radar,2,22,45,0,69,0,3,47,0,50,2,25,92,0,119,36,0,36,155
06/01/2015,MKC,MO,ACE,CE,Towers with Radar,2,20,61,0,83,0,10,31,0,41,2,30,92,0,124,50,0,50,174
06/02/2015,MKC,MO,ACE,CE,Towers with Radar,0,46,61,1,108,0,18,57,1,76,0,64,118,2,184,75,0,75,259
06/03/2015,MKC,MO,ACE,CE,Towers with Radar,0,29,64,2,95,0,3,12,2,17,0,32,76,4,112,22,0,22,134
06/04/2015,MKC,MO,ACE,CE,Towers with Radar,1,38,66,0,105,0,9,45,1,55,1,47,111,1,160,54,7,61,221
06/05/2015,MKC,MO,ACE,CE,Towers with Radar,1,40,52,0,93,0,8,89,0,97,1,48,141,0,190,106,0,106,296
06/06/2015,MKC,MO,ACE,CE,Towers with Radar,0,28,53,0,81,0,8,74,0,82,0,36,127,0,163,12,0,12,175
06/07/2015,MKC,MO,ACE,CE,Towers with Radar,2,36,38,1,77,0,6,69,0,75,2,42,107,1,152,0,0,0,152
06/08/2015,MKC,MO,ACE,CE,Towers with Radar,0,41,52,1,94,0,14,79,5,98,0,55,131,6,192,46,0,46,238
06/09/2015,MKC,MO,ACE,CE,Towers with Radar,0,38,72,0,110,0,15,60,1,76,0,53,132,1,186,121,0,121,307
06/10/2015,MKC,MO,ACE,CE,Towers with Radar,0,45,79,0,124,0,20,105,1,126,0,65,184,1,250,150,0,150,400
06/11/2015,MKC,MO,ACE,CE,Towers with Radar,0,33,61,4,98,0,3,54,0,57,0,36,115,4,155,14,0,14,169
06/12/2015,MKC,MO,ACE,CE,Towers with Radar,0,34,73,0,107,0,2,38,0,40,0,36,111,0,147,99,0,99,246
06/13/2015,MKC,MO,ACE,CE,Towers with Radar,0,11,27,1,39,0,0,41,0,41,0,11,68,1,80,47,0,47,127
06/14/2015,MKC,MO,ACE,CE,Towers with Radar,0,20,34,1,55,0,0,12,0,12,0,20,46,1,67,78,0,78,145
06/15/2015,MKC,MO,ACE,CE,Towers with Radar,0,24,49,1,74,0,1,7,2,10,0,25,56,3,84,22,0,22,106
06/16/2015,MKC,MO,ACE,CE,Towers with Radar,0,37,83,0,120,0,7,52,8,67,0,44,135,8,187,60,0,60,247
06/17/2015,MKC,MO,ACE,CE,Towers with Radar,4,54,109,1,168,0,38,60,4,102,4,92,169,5,270,66,0,66,336
06/18/2015,MKC,MO,ACE,CE,Towers with Radar,2,46,73,4,125,0,14,59,9,82,2,60,132,13,207,118,0,118,325
06/19/2015,MKC,MO,ACE,CE,Towers with Radar,2,36,60,0,98,0,7,65,3,75,2,43,125,3,173,38,0,38,211
06/20/2015,MKC,MO,ACE,CE,Towers with Radar,0,16,39,0,55,0,5,105,0,110,0,21,144,0,165,73,0,73,238
06/21/2015,MKC,MO,ACE,CE,Towers with Radar,4,31,43,0,78,0,7,38,0,45,4,38,81,0,123,59,0,59,182
06/22/2015,MKC,MO,ACE,CE,Towers with Radar,0,43,47,0,90,0,21,83,1,105,0,64,130,1,195,22,0,22,217
06/23/2015,MKC,MO,ACE,CE,Towers with Radar,2,42,46,1,91,0,12,72,3,87,2,54,118,4,178,28,0,28,206
06/24/2015,MKC,MO,ACE,CE,Towers with Radar,0,50,77,5,132,0,13,77,16,106,0,63,154,21,238,136,2,138,376
06/25/2015,MKC,MO,ACE,CE,Towers with Radar,0,46,90,5,141,0,17,83,3,103,0,63,173,8,244,72,18,90,334
06/26/2015,MKC,MO,ACE,CE,Towers with Radar,1,36,58,0,95,0,9,91,2,102,1,45,149,2,197,18,0,18,215
06/27/2015,MKC,MO,ACE,CE,Towers with Radar,0,24,47,0,71,0,7,104,2,113,0,31,151,2,184,103,6,109,293
06/28/2015,MKC,MO,ACE,CE,Towers with Radar,0,30,55,0,85,0,6,61,0,67,0,36,116,0,152,61,0,61,213
06/29/2015,MKC,MO,ACE,CE,Towers with Radar,1,36,70,2,109,0,9,73,3,85,1,45,143,5,194,52,0,52,246
06/30/2015,MKC,MO,ACE,CE,Towers with Radar,0,30,58,5,93,0,6,43,1,50,0,36,101,6,143,80,2,82,225
07/01/2015,MKC,MO,ACE,CE,Towers with Radar,2,41,70,2,115,0,1,13,0,14,2,42,83,2,129,22,0,22,151
07/02/2015,MKC,MO,ACE,CE,Towers with Radar,2,31,42,0,75,0,1,7,0,8,2,32,49,0,83,0,0,0,83
07/03/2015,MKC,MO,ACE,CE,Towers with Radar,0,25,32,0,57,0,12,88,5,105,0,37,120,5,162,137,8,145,307
07/04/2015,MKC,MO,ACE,CE,Towers with Radar,0,8,9,0,17,0,9,64,0,73,0,17,73,0,90,12,0,12,102
07/05/2015,MKC,MO,ACE,CE,Towers with Radar,3,32,48,0,83,0,12,39,0,51,3,44,87,0,134,22,0,22,156
07/06/2015,MKC,MO,ACE,CE,Towers with Radar,0,29,45,0,74,0,4,46,0,50,0,33,91,0,124,22,0,22,146
07/07/2015,MKC,MO,ACE,CE,Towers with Radar,0,44,60,2,106,0,2,9,0,11,0,46,69,2,117,0,4,4,121
07/08/2015,MKC,MO,ACE,CE,Towers with Radar,0,49,76,0,125,0,0,7,0,7,0,49,83,0,132,8,0,8,140
07/09/2015,MKC,MO,ACE,CE,Towers with Radar,4,46,62,3,115,0,7,58,0,65,4,53,120,3,180,80,2,82,262
07/10/2015,MKC,MO,ACE,CE,Towers with Radar,0,36,45,0,81,0,1,16,0,17,0,37,61,0,98,0,0,0,98
07/11/2015,MKC,MO,ACE,CE,Towers with Radar,0,22,34,0,56,0,6,77,0,83,0,28,111,0,139,43,0,43,182
07/12/2015,MKC,MO,ACE,CE,Towers with Radar,4,27,39,0,70,0,9,44,0,53,4,36,83,0,123,16,0,16,139
07/13/2015,MKC,MO,ACE,CE,Towers with Radar,0,28,57,0,85,0,1,85,0,86,0,29,142,0,171,103,1,104,275
07/14/2015,MKC,MO,ACE,CE,Towers with Radar,0,59,73,2,134,0,10,44,1,55,0,69,117,3,189,61,12,73,262
07/15/2015,MKC,MO,ACE,CE,Towers with Radar,0,43,79,2,124,0,5,24,3,32,0,48,103,5,156,0,0,0,156
07/16/2015,MKC,MO,ACE,CE,Towers with Radar,2,37,55,1,95,0,11,96,3,110,2,48,151,4,205,71,2,73,278
07/17/2015,MKC,MO,ACE,CE,Towers with Radar,1,24,84,4,113,0,14,113,0,127,1,38,197,4,240,48,0,48,288
07/18/2015,MKC,MO,ACE,CE,Towers with Radar,0,19,34,2,55,0,4,84,0,88,0,23,118,2,143,11,0,11,154
07/19/2015,MKC,MO,ACE,CE,Towers with Radar,4,28,39,2,73,0,9,40,0,49,4,37,79,2,122,74,0,74,196
07/20/2015,MKC,MO,ACE,CE,Towers with Radar,0,33,62,0,95,0,2,27,0,29,0,35,89,0,124,3,0,3,127
07/21/2015,MKC,MO,ACE,CE,Towers with Radar,0,25,63,2,90,0,1,71,2,74,0,26,134,4,164,35,0,35,199
07/22/2015,MKC,MO,ACE,CE,Towers with Radar,4,38,69,0,111,0,20,46,0,66,4,58,115,0,177,69,0,69,246
07/23/2015,MKC,MO,ACE,CE,Towers with Radar,1,39,76,1,117,0,8,66,2,76,1,47,142,3,193,45,4,49,242
07/24/2015,MKC,MO,ACE,CE,Towers with Radar,2,30,64,2,98,0,13,61,1,75,2,43,125,3,173,26,0,26,199
07/25/2015,MKC,MO,ACE,CE,Towers with Radar,0,17,22,1,40,0,11,38,4,53,0,28,60,5,93,16,0,16,109
07/26/2015,MKC,MO,ACE,CE,Towers with Radar,4,20,36,0,60,0,3,56,0,59,4,23,92,0,119,26,0,26,145
07/27/2015,MKC,MO,ACE,CE,Towers with Radar,0,23,50,1,74,0,6,38,0,44,0,29,88,1,118,71,0,71,189
07/28/2015,MKC,MO,ACE,CE,Towers with Radar,0,33,57,0,90,0,3,47,0,50,0,36,104,0,140,74,0,74,214
07/29/2015,MKC,MO,ACE,CE,Towers with Radar,0,39,69,2,110,0,2,26,1,29,0,41,95,3,139,62,0,62,201
07/30/2015,MKC,MO,ACE,CE,Towers with Radar,0,40,56,0,96,0,16,61,6,83,0,56,117,6,179,84,12,96,275
07/31/2015,MKC,MO,ACE,CE,Towers with Radar,0,38,46,0,84,0,19,60,6,85,0,57,106,6,169,8,0,8,177
08/01/2015,MKC,MO,ACE,CE,Towers with Radar,0,24,27,0,51,0,1,55,0,56,0,25,82,0,107,2,0,2,109
08/02/2015,MKC,MO,ACE,CE,Towers with Radar,0,18,44,0,62,0,1,45,0,46,0,19,89,0,108,20,0,20,128
08/03/2015,MKC,MO,ACE,CE,Towers with Radar,0,47,30,0,77,0,7,43,0,50,0,54,73,0,127,40,0,40,167
08/04/2015,MKC,MO,ACE,CE,Towers with Radar,0,52,64,1,117,0,4,41,6,51,0,56,105,7,168,14,0,14,182
08/05/2015,MKC,MO,ACE,CE,Towers with Radar,0,57,42,3,102,0,8,20,1,29,0,65,62,4,131,24,0,24,155
08/06/2015,MKC,MO,ACE,CE,Towers with Radar,4,32,71,2,109,0,30,62,3,95,4,62,133,5,204,26,4,30,234
08/07/2015,MKC,MO,ACE,CE,Towers with Radar,0,27,45,2,74,0,19,56,1,76,0,46,101,3,150,55,0,55,205
08/08/2015,MKC,MO,ACE,CE,Towers with Radar,0,10,25,0,35,0,4,234,2,240,0,14,259,2,275,2,0,2,277
08/09/2015,MKC,MO,ACE,CE,Towers with Radar,2,24,48,0,74,0,7,62,0,69,2,31,110,0,143,20,0,20,163
08/10/2015,MKC,MO,ACE,CE,Towers with Radar,0,36,44,0,80,0,5,41,0,46,0,41,85,0,126,32,0,32,158
08/11/2015,MKC,MO,ACE,CE,Towers with Radar,0,43,66,0,109,0,6,48,2,56,0,49,114,2,165,46,0,46,211
08/12/2015,MKC,MO,ACE,CE,Towers with Radar,0,54,66,2,122,0,21,88,3,112,0,75,154,5,234,86,0,86,320
08/13/2015,MKC,MO,ACE,CE,Towers with Radar,0,30,72,0,102,0,5,39,2,46,0,35,111,2,148,76,0,76,224
08/14/2015,MKC,MO,ACE,CE,Towers with Radar,0,30,62,0,92,0,19,89,2,110,0,49,151,2,202,30,4,34,236
08/15/2015,MKC,MO,ACE,CE,Towers with Radar,0,26,23,0,49,0,13,139,0,152,0,39,162,0,201,40,0,40,241
08/16/2015,MKC,MO,ACE,CE,Towers with Radar,1,20,42,0,63,0,10,72,2,84,1,30,114,2,147,58,0,58,205
08/17/2015,MKC,MO,ACE,CE,Towers with Radar,3,33,40,2,78,0,3,36,1,40,3,36,76,3,118,21,0,21,139
08/18/2015,MKC,MO,ACE,CE,Towers with Radar,0,28,47,2,77,0,0,15,0,15,0,28,62,2,92,26,0,26,118
08/19/2015,MKC,MO,ACE,CE,Towers with Radar,0,46,62,1,109,0,15,42,24,81,0,61,104,25,190,10,0,10,200
08/20/2015,MKC,MO,ACE,CE,Towers with Radar,0,31,43,4,78,0,14,53,5,72,0,45,96,9,150,88,30,118,268
08/21/2015,MKC,MO,ACE,CE,Towers with Radar,0,35,52,6,93,0,22,92,7,121,0,57,144,13,214,19,20,39,253
08/22/2015,MKC,MO,ACE,CE,Towers with Radar,0,14,16,2,32,0,2,35,0,37,0,16,51,2,69,2,0,2,71
08/23/2015,MKC,MO,ACE,CE,Towers with Radar,4,13,27,6,50,0,5,56,0,61,4,18,83,6,111,6,0,6,117
08/24/2015,MKC,MO,ACE,CE,Towers with Radar,0,33,37,0,70,0,7,74,2,83,0,40,111,2,153,34,1,35,188
08/25/2015,MKC,MO,ACE,CE,Towers with Radar,0,40,72,0,112,0,11,65,4,80,0,51,137,4,192,29,0,29,221
08/26/2015,MKC,MO,ACE,CE,Towers with Radar,0,38,89,0,127,0,14,28,1,43,0,52,117,1,170,67,0,67,237
08/27/2015,MKC,MO,ACE,CE,Towers with Radar,4,39,60,0,103,0,12,46,3,61,4,51,106,3,164,96,0,96,260
08/28/2015,MKC,MO,ACE,CE,Towers with Radar,0,31,54,0,85,0,13,47,3,63,0,44,101,3,148,92,0,92,240
08/29/2015,MKC,MO,ACE,CE,Towers with Radar,0,19,26,2,47,0,6,52,0,58,0,25,78,2,105,52,0,52,157
08/30/2015,MKC,MO,ACE,CE,Towers with Radar,2,23,42,0,67,0,7,44,0,51,2,30,86,0,118,38,0,38,156
08/31/2015,MKC,MO,ACE,CE,Towers with Radar,0,23,43,1,67,0,3,36,5,44,0,26,79,6,111,70,1,71,182
09/01/2015,MKC,MO,ACE,CE,Towers with Radar,0,38,51,1,90,0,7,63,6,76,0,45,114,7,166,60,4,64,230
09/02/2015,MKC,MO,ACE,CE,Towers with Radar,0,41,61,0,102,0,9,39,8,56,0,50,100,8,158,56,0,56,214
09/03/2015,MKC,MO,ACE,CE,Towers with Radar,2,48,63,3,116,0,7,56,0,63,2,55,119,3,179,83,2,85,264
09/04/2015,MKC,MO,ACE,CE,Towers with Radar,0,48,68,3,119,0,6,61,2,69,0,54,129,5,188,40,0,40,228
09/05/2015,MKC,MO,ACE,CE,Towers with Radar,0,18,41,2,61,0,9,89,0,98,0,27,130,2,159,16,0,16,175
09/06/2015,MKC,MO,ACE,CE,Towers with Radar,4,7,23,0,34,0,3,73,0,76,4,10,96,0,110,42,0,42,152
09/07/2015,MKC,MO,ACE,CE,Towers with Radar,0,24,28,0,52,0,0,5,0,5,0,24,33,0,57,0,0,0,57
09/08/2015,MKC,MO,ACE,CE,Towers with Radar,2,42,42,0,86,0,2,10,0,12,2,44,52,0,98,49,0,49,147
09/09/2015,MKC,MO,ACE,CE,Towers with Radar,1,46,60,0,107,0,14,59,1,74,1,60,119,1,181,116,0,116,297
09/10/2015,MKC,MO,ACE,CE,Towers with Radar,3,47,69,2,121,0,8,23,1,32,3,55,92,3,153,40,0,40,193
09/11/2015,MKC,MO,ACE,CE,Towers with Radar,0,41,64,2,107,0,0,103,8,111,0,41,167,10,218,42,0,42,260
09/12/2015,MKC,MO,ACE,CE,Towers with Radar,0,23,34,0,57,0,5,455,0,460,0,28,489,0,517,11,0,11,528
09/13/2015,MKC,MO,ACE,CE,Towers with Radar,0,24,54,0,78,0,4,152,0,156,0,28,206,0,234,46,0,46,280
09/14/2015,MKC,MO,ACE,CE,Towers with Radar,0,45,54,1,100,0,1,47,2,50,0,46,101,3,150,32,0,32,182
09/15/2015,MKC,MO,ACE,CE,Towers with Radar,0,50,98,4,152,0,4,36,7,47,0,54,134,11,199,24,0,24,223
09/16/2015,MKC,MO,ACE,CE,Towers with Radar,1,39,71,4,115,0,14,53,13,80,1,53,124,17,195,12,2,14,209
09/17/2015,MKC,MO,ACE,CE,Towers with Radar,0,54,83,3,140,0,2,77,1,80,0,56,160,4,220,12,0,12,232
09/18/2015,MKC,MO,ACE,CE,Towers with Radar,0,46,76,1,123,0,6,17,0,23,0,52,93,1,146,60,0,60,206
09/19/2015,MKC,MO,ACE,CE,Towers with Radar,0,10,31,0,41,0,3,97,0,100,0,13,128,0,141,18,0,18,159
09/20/2015,MKC,MO,ACE,CE,Towers with Radar,3,23,50,4,80,0,5,100,0,105,3,28,150,4,185,62,0,62,247
09/21/2015,MKC,MO,ACE,CE,Towers with Radar,0,43,78,3,124,0,1,35,0,36,0,44,113,3,160,49,0,49,209
09/22/2015,MKC,MO,ACE,CE,Towers with Radar,0,40,88,3,131,0,0,82,4,86,0,40,170,7,217,112,0,112,329
09/23/2015,MKC,MO,ACE,CE,Towers with Radar,0,43,55,0,98,0,2,43,9,54,0,45,98,9,152,113,0,113,265
09/24/2015,MKC,MO,ACE,CE,Towers with Radar,0,30,75,0,105,0,11,51,3,65,0,41,126,3,170,7,4,11,181
09/25/2015,MKC,MO,ACE,CE,Towers with Radar,3,28,62,1,94,0,3,94,0,97,3,31,156,1,191,85,0,85,276
09/26/2015,MKC,MO,ACE,CE,Towers with Radar,0,18,39,0,57,0,20,89,1,110,0,38,128,1,167,22,0,22,189
09/27/2015,MKC,MO,ACE,CE,Towers with Radar,4,26,24,1,55,0,5,42,0,47,4,31,66,1,102,20,0,20,122
09/28/2015,MKC,MO,ACE,CE,Towers with Radar,0,26,65,0,91,0,7,61,0,68,0,33,126,0,159,26,0,26,185
09/29/2015,MKC,MO,ACE,CE,Towers with Radar,0,40,71,1,112,0,3,73,0,76,0,43,144,1,188,96,0,96,284
09/30/2015,MKC,MO,ACE,CE,Towers with Radar,0,38,86,0,124,0,7,40,0,47,0,45,126,0,171,53,0,53,224
10/01/2015,MKC,MO,ACE,CE,Towers with Radar,0,42,73,0,115,0,21,77,1,99,0,63,150,1,214,26,0,26,240
10/02/2015,MKC,MO,ACE,CE,Towers with Radar,0,28,43,2,73,0,5,65,4,74,0,33,108,6,147,14,0,14,161
10/03/2015,MKC,MO,ACE,CE,Towers with Radar,0,29,34,0,63,0,15,109,0,124,0,44,143,0,187,18,0,18,205
10/04/2015,MKC,MO,ACE,CE,Towers with Radar,2,21,44,0,67,0,14,27,0,41,2,35,71,0,108,10,0,10,118
10/05/2015,MKC,MO,ACE,CE,Towers with Radar,0,34,63,4,101,0,0,2,0,2,0,34,65,4,103,6,0,6,109
10/06/2015,MKC,MO,ACE,CE,Towers with Radar,0,37,66,3,106,0,5,31,0,36,0,42,97,3,142,31,0,31,173
10/07/2015,MKC,MO,ACE,CE,Towers with Radar,2,40,59,0,101,0,8,41,3,52,2,48,100,3,153,84,4,88,241
10/08/2015,MKC,MO,ACE,CE,Towers with Radar,0,43,74,1,118,0,21,41,0,62,0,64,115,1,180,14,0,14,194
10/09/2015,MKC,MO,ACE,CE,Towers with Radar,0,48,68,0,116,0,9,39,4,52,0,57,107,4,168,18,0,18,186
10/10/2015,MKC,MO,ACE,CE,Towers with Radar,1,25,34,0,60,0,13,100,0,113,1,38,134,0,173,22,0,22,195
10/11/2015,MKC,MO,ACE,CE,Towers with Radar,0,24,76,2,102,0,17,65,0,82,0,41,141,2,184,54,0,54,238
10/12/2015,MKC,MO,ACE,CE,Towers with Radar,0,29,56,0,85,0,2,76,0,78,0,31,132,0,163,78,0,78,241
10/13/2015,MKC,MO,ACE,CE,Towers with Radar,0,45,75,3,123,0,27,77,6,110,0,72,152,9,233,80,0,80,313
10/14/2015,MKC,MO,ACE,CE,Towers with Radar,0,45,111,1,157,0,28,111,2,141,0,73,222,3,298,30,0,30,328
10/15/2015,MKC,MO,ACE,CE,Towers with Radar,2,46,94,4,146,0,1,101,0,102,2,47,195,4,248,84,0,84,332
10/16/2015,MKC,MO,ACE,CE,Towers with Radar,0,44,92,5,141,0,19,81,7,107,0,63,173,12,248,63,0,63,311
10/17/2015,MKC,MO,ACE,CE,Towers with Radar,2,20,55,0,77,0,4,127,0,131,2,24,182,0,208,24,0,24,232
10/18/2015,MKC,MO,ACE,CE,Towers with Radar,0,30,92,0,122,0,11,68,0,79,0,41,160,0,201,18,0,18,219
10/19/2015,MKC,MO,ACE,CE,Towers with Radar,0,28,72,1,101,0,3,43,0,46,0,31,115,1,147,0,0,0,147
10/20/2015,MKC,MO,ACE,CE,Towers with Radar,0,47,91,2,140,0,3,56,4,63,0,50,147,6,203,6,0,6,209
10/21/2015,MKC,MO,ACE,CE,Towers with Radar,1,46,78,6,131,1,5,67,9,82,2,51,145,15,213,42,0,42,255
10/22/2015,MKC,MO,ACE,CE,Towers with Radar,1,38,89,0,128,0,27,78,3,108,1,65,167,3,236,56,10,66,302
10/23/2015,MKC,MO,ACE,CE,Towers with Radar,0,49,63,0,112,0,2,40,1,43,0,51,103,1,155,36,0,36,191
10/24/2015,MKC,MO,ACE,CE,Towers with Radar,2,31,50,0,83,0,5,80,0,85,2,36,130,0,168,32,0,32,200
10/25/2015,MKC,MO,ACE,CE,Towers with Radar,0,35,80,1,116,0,4,101,0,105,0,39,181,1,221,87,0,87,308
10/26/2015,MKC,MO,ACE,CE,Towers with Radar,0,29,65,4,98,0,5,68,2,75,0,34,133,6,173,54,2,56,229
10/27/2015,MKC,MO,ACE,CE,Towers with Radar,0,60,97,0,157,0,0,0,0,0,0,60,97,0,157,8,0,8,165
10/28/2015,MKC,MO,ACE,CE,Towers with Radar,2,68,168,1,239,0,4,53,4,61,2,72,221,5,300,30,0,30,330
10/29/2015,MKC,MO,ACE,CE,Towers with Radar,4,36,90,3,133,0,20,81,9,110,4,56,171,12,243,42,4,46,289
10/30/2015,MKC,MO,ACE,CE,Towers with Radar,0,28,43,1,72,0,5,21,1,27,0,33,64,2,99,32,2,34,133
10/31/2015,MKC,MO,ACE,CE,Towers with Radar,0,13,28,4,45,0,6,11,0,17,0,19,39,4,62,26,0,26,88
11/01/2015,MKC,MO,ACE,CE,Towers with Radar,0,18,34,0,52,0,3,87,0,90,0,21,121,0,142,74,0,74,216
11/02/2015,MKC,MO,ACE,CE,Towers with Radar,0,41,58,0,99,0,6,52,3,61,0,47,110,3,160,33,0,33,193
11/03/2015,MKC,MO,ACE,CE,Towers with Radar,0,42,80,0,122,0,10,54,0,64,0,52,134,0,186,18,0,18,204
11/04/2015,MKC,MO,ACE,CE,Towers with Radar,0,47,55,0,102,0,7,21,0,28,0,54,76,0,130,13,0,13,143
11/05/2015,MKC,MO,ACE,CE,Towers with Radar,0,43,63,0,106,0,2,13,1,16,0,45,76,1,122,24,2,26,148
11/06/2015,MKC,MO,ACE,CE,Towers with Radar,0,38,73,0,111,0,15,64,0,79,0,53,137,0,190,78,0,78,268
11/07/2015,MKC,MO,ACE,CE,Towers with Radar,0,15,44,2,61,0,3,122,0,125,0,18,166,2,186,54,2,56,242
11/08/2015,MKC,MO,ACE,CE,Towers with Radar,0,16,44,0,60,0,11,91,1,103,0,27,135,1,163,102,0,102,265
11/09/2015,MKC,MO,ACE,CE,Towers with Radar,0,17,55,0,72,0,0,48,0,48,0,17,103,0,120,80,0,80,200
11/10/2015,MKC,MO,ACE,CE,Towers with Radar,0,31,44,2,77,0,7,43,4,54,0,38,87,6,131,46,8,54,185
11/11/2015,MKC,MO,ACE,CE,Towers with Radar,0,33,45,0,78,0,1,6,0,7,0,34,51,0,85,0,0,0,85
11/12/2015,MKC,MO,ACE,CE,Towers with Radar,0,45,72,1,118,0,32,62,0,94,0,77,134,1,212,27,6,33,245
11/13/2015,MKC,MO,ACE,CE,Towers with Radar,0,42,70,2,114,0,22,108,2,132,0,64,178,4,246,106,10,116,362
11/14/2015,MKC,MO,ACE,CE,Towers with Radar,0,31,35,0,66,0,9,97,2,108,0,40,132,2,174,12,2,14,188
11/15/2015,MKC,MO,ACE,CE,Towers with Radar,0,29,71,0,100,0,0,29,0,29,0,29,100,0,129,54,0,54,183
11/16/2015,MKC,MO,ACE,CE,Towers with Radar,0,32,54,5,91,0,0,0,0,0,0,32,54,5,91,0,0,0,91
11/17/2015,MKC,MO,ACE,CE,Towers with Radar,0,32,42,0,74,0,1,4,0,5,0,33,46,0,79,0,0,0,79
11/18/2015,MKC,MO,ACE,CE,Towers with Radar,0,38,76,0,114,0,3,15,0,18,0,41,91,0,132,0,0,0,132
11/19/2015,MKC,MO,ACE,CE,Towers with Radar,0,41,76,4,121,0,13,101,1,115,0,54,177,5,236,21,0,21,257
11/20/2015,MKC,MO,ACE,CE,Towers with Radar,0,34,65,1,100,0,15,85,2,102,0,49,150,3,202,35,6,41,243
11/21/2015,MKC,MO,ACE,CE,Towers with Radar,2,21,28,0,51,0,7,106,0,113,2,28,134,0,164,108,0,108,272
11/22/2015,MKC,MO,ACE,CE,Towers with Radar,0,25,36,0,61,0,5,51,2,58,0,30,87,2,119,36,8,44,163
11/23/2015,MKC,MO,ACE,CE,Towers with Radar,0,25,46,0,71,0,2,62,2,66,0,27,108,2,137,59,0,59,196
11/24/2015,MKC,MO,ACE,CE,Towers with Radar,1,40,42,2,85,0,4,67,2,73,1,44,109,4,158,63,0,63,221
11/25/2015,MKC,MO,ACE,CE,Towers with Radar,1,43,29,0,73,0,14,25,4,43,1,57,54,4,116,112,4,116,232
11/26/2015,MKC,MO,ACE,CE,Towers with Radar,0,9,5,0,14,0,0,0,0,0,0,9,5,0,14,0,0,0,14
11/27/2015,MKC,MO,ACE,CE,Towers with Radar,0,20,10,0,30,0,0,0,0,0,0,20,10,0,30,0,0,0,30
11/28/2015,MKC,MO,ACE,CE,Towers with Radar,0,32,16,0,48,0,0,0,0,0,0,32,16,0,48,0,0,0,48
11/29/2015,MKC,MO,ACE,CE,Towers with Radar,0,33,47,0,80,0,0,0,0,0,0,33,47,0,80,0,0,0,80
11/30/2015,MKC,MO,ACE,CE,Towers with Radar,0,35,42,0,77,0,0,2,0,2,0,35,44,0,79,0,0,0,79
12/01/2015,MKC,MO,ACE,CE,Towers with Radar,0,29,52,0,81,0,2,61,0,63,0,31,113,0,144,18,0,18,162
12/02/2015,MKC,MO,ACE,CE,Towers with Radar,0,34,53,0,87,0,1,37,4,42,0,35,90,4,129,36,0,36,165
12/03/2015,MKC,MO,ACE,CE,Towers with Radar,0,39,80,1,120,0,13,118,3,134,0,52,198,4,254,95,6,101,355
12/04/2015,MKC,MO,ACE,CE,Towers with Radar,0,28,86,0,114,0,27,145,2,174,0,55,231,2,288,52,6,58,346
12/05/2015,MKC,MO,ACE,CE,Towers with Radar,0,15,25,0,40,0,12,222,0,234,0,27,247,0,274,35,0,35,309
12/06/2015,MKC,MO,ACE,CE,Towers with Radar,0,30,32,0,62,0,11,96,0,107,0,41,128,0,169,20,0,20,189
12/07/2015,MKC,MO,ACE,CE,Towers with Radar,0,40,45,2,87,0,7,76,0,83,0,47,121,2,170,44,0,44,214
12/08/2015,MKC,MO,ACE,CE,Towers with Radar,0,36,68,1,105,0,14,47,2,63,0,50,115,3,168,17,0,17,185
12/09/2015,MKC,MO,ACE,CE,Towers with Radar,0,44,67,0,111,0,9,68,0,77,0,53,135,0,188,89,0,89,277
12/10/2015,MKC,MO,ACE,CE,Towers with Radar,0,36,71,0,107,0,34,126,0,160,0,70,197,0,267,36,0,36,303
12/11/2015,MKC,MO,ACE,CE,Towers with Radar,0,40,75,0,115,0,14,127,4,145,0,54,202,4,260,75,7,82,342
12/12/2015,MKC,MO,ACE,CE,Towers with Radar,0,18,40,3,61,1,9,51,0,61,1,27,91,3,122,18,0,18,140
12/13/2015,MKC,MO,ACE,CE,Towers with Radar,0,14,26,0,40,0,0,0,2,2,0,14,26,2,42,0,0,0,42
12/14/2015,MKC,MO,ACE,CE,Towers with Radar,0,29,78,3,110,0,1,6,2,9,0,30,84,5,119,0,0,0,119
12/15/2015,MKC,MO,ACE,CE,Towers with Radar,0,31,63,4,98,0,11,58,8,77,0,42,121,12,175,39,6,45,220
12/16/2015,MKC,MO,ACE,CE,Towers with Radar,2,41,57,5,105,0,13,55,3,71,2,54,112,8,176,60,1,61,237
12/17/2015,MKC,MO,ACE,CE,Towers with Radar,0,31,65,0,96,0,21,77,8,106,0,52,142,8,202,54,6,60,262
12/18/2015,MKC,MO,ACE,CE,Towers with Radar,0,32,69,1,102,0,20,175,0,195,0,52,244,1,297,82,0,82,379
12/19/2015,MKC,MO,ACE,CE,Towers with Radar,2,28,23,0,53,0,24,195,4,223,2,52,218,4,276,20,0,20,296
12/20/2015,MKC,MO,ACE,CE,Towers with Radar,0,31,23,0,54,0,14,30,0,44,0,45,53,0,98,0,0,0,98
12/21/2015,MKC,MO,ACE,CE,Towers with Radar,0,41,56,0,97,0,2,5,0,7,0,43,61,0,104,0,0,0,104
12/22/2015,MKC,MO,ACE,CE,Towers with Radar,0,34,41,0,75,0,19,95,10,124,0,53,136,10,199,74,4,78,277
12/23/2015,MKC,MO,ACE,CE,Towers with Radar,0,37,27,0,64,0,19,70,3,92,0,56,97,3,156,57,5,62,218
12/24/2015,MKC,MO,ACE,CE,Towers with Radar,0,22,11,0,33,0,7,33,2,42,0,29,44,2,75,45,0,45,120
12/25/2015,MKC,MO,ACE,CE,Towers with Radar,0,21,7,0,28,0,26,10,0,36,0,47,17,0,64,0,0,0,64
12/26/2015,MKC,MO,ACE,CE,Towers with Radar,0,33,38,2,73,0,0,0,0,0,0,33,38,2,73,0,0,0,73
12/27/2015,MKC,MO,ACE,CE,Towers with Radar,0,21,36,0,57,0,2,0,3,5,0,23,36,3,62,0,0,0,62
12/28/2015,MKC,MO,ACE,CE,Towers with Radar,0,5,22,0,27,0,0,0,0,0,0,5,22,0,27,0,0,0,27
12/29/2015,MKC,MO,ACE,CE,Towers with Radar,0,42,35,0,77,0,2,62,4,68,0,44,97,4,145,19,4,23,168
12/30/2015,MKC,MO,ACE,CE,Towers with Radar,0,22,20,0,42,0,2,60,3,65,0,24,80,3,107,36,6,42,149
12/31/2015,MKC,MO,ACE,CE,Towers with Radar,0,19,25,1,45,0,20,136,0,156,0,39,161,1,201,42,0,42,243
01/01/2016,MKC,MO,ACE,CE,Towers with Radar,0,20,14,0,34,0,4,132,0,136,0,24,146,0,170,52,0,52,222
01/02/2016,MKC,MO,ACE,CE,Towers with Radar,1,20,58,0,79,0,7,142,0,149,1,27,200,0,228,28,0,28,256
01/03/2016,MKC,MO,ACE,CE,Towers with Radar,0,30,69,0,99,0,8,74,3,85,0,38,143,3,184,55,0,55,239
01/04/2016,MKC,MO,ACE,CE,Towers with Radar,0,16,25,1,42,0,0,8,0,8,0,16,33,1,50,30,0,30,80
01/05/2016,MKC,MO,ACE,CE,Towers with Radar,0,27,37,4,68,0,3,55,5,63,0,30,92,9,131,23,0,23,154
01/06/2016,MKC,MO,ACE,CE,Towers with Radar,0,39,43,0,82,0,0,2,0,2,0,39,45,0,84,0,0,0,84
01/07/2016,MKC,MO,ACE,CE,Towers with Radar,0,30,26,0,56,0,0,0,0,0,0,30,26,0,56,0,0,0,56
01/08/2016,MKC,MO,ACE,CE,Towers with Radar,0,26,43,0,69,0,2,2,0,4,0,28,45,0,73,0,0,0,73
01/09/2016,MKC,MO,ACE,CE,Towers with Radar,0,31,7,0,38,0,1,30,0,31,0,32,37,0,69,32,0,32,101
01/10/2016,MKC,MO,ACE,CE,Towers with Radar,0,18,25,0,43,0,8,95,2,105,0,26,120,2,148,104,0,104,252
01/11/2016,MKC,MO,ACE,CE,Towers with Radar,0,38,36,0,74,0,7,64,0,71,0,45,100,0,145,13,0,13,158
01/12/2016,MKC,MO,ACE,CE,Towers with Radar,0,26,35,2,63,0,6,52,2,60,0,32,87,4,123,56,2,58,181
01/13/2016,MKC,MO,ACE,CE,Towers with Radar,0,27,41,0,68,0,16,80,0,96,0,43,121,0,164,43,0,43,207
01/14/2016,MKC,MO,ACE,CE,Towers with Radar,0,34,72,0,106,0,13,62,10,85,0,47,134,10,191,23,0,23,214
01/15/2016,MKC,MO,ACE,CE,Towers with Radar,0,21,54,0,75,1,12,63,0,76,1,33,117,0,151,68,0,68,219
01/16/2016,MKC,MO,ACE,CE,Towers with Radar,0,29,20,0,49,0,6,134,0,140,0,35,154,0,189,35,0,35,224
01/17/2016,MKC,MO,ACE,CE,Towers with Radar,0,14,13,0,27,0,8,76,0,84,0,22,89,0,111,47,0,47,158
01/18/2016,MKC,MO,ACE,CE,Towers with Radar,0,18,42,0,60,0,7,35,2,44,0,25,77,2,104,17,2,19,123
01/19/2016,MKC,MO,ACE,CE,Towers with Radar,0,21,55,0,76,0,2,4,0,6,0,23,59,0,82,0,0,0,82
01/20/2016,MKC,MO,ACE,CE,Towers with Radar,0,39,65,0,104,0,0,18,0,18,0,39,83,0,122,56,0,56,178
01/21/2016,MKC,MO,ACE,CE,Towers with Radar,0,30,47,0,77,0,0,2,0,2,0,30,49,0,79,42,0,42,121
01/22/2016,MKC,MO,ACE,CE,Towers with Radar,0,40,54,0,94,0,0,15,0,15,0,40,69,0,109,116,0,116,225
01/23/2016,MKC,MO,ACE,CE,Towers with Radar,0,10,27,0,37,0,0,11,0,11,0,10,38,0,48,10,0,10,58
01/24/2016,MKC,MO,ACE,CE,Towers with Radar,0,20,35,0,55,0,10,60,0,70,0,30,95,0,125,30,0,30,155
01/25/2016,MKC,MO,ACE,CE,Towers with Radar,0,27,26,0,53,0,0,3,0,3,0,27,29,0,56,0,0,0,56
01/26/2016,MKC,MO,ACE,CE,Towers with Radar,0,46,41,0,87,0,10,31,4,45,0,56,72,4,132,90,0,90,222
01/27/2016,MKC,MO,ACE,CE,Towers with Radar,0,44,60,0,104,0,32,58,2,92,0,76,118,2,196,38,0,38,234
01/28/2016,MKC,MO,ACE,CE,Towers with Radar,0,35,63,1,99,0,24,89,9,122,0,59,152,10,221,105,2,107,328
01/29/2016,MKC,MO,ACE,CE,Towers with Radar,0,35,53,0,88,0,9,56,0,65,0,44,109,0,153,54,0,54,207
01/30/2016,MKC,MO,ACE,CE,Towers with Radar,0,23,34,0,57,0,12,100,0,112,0,35,134,0,169,24,0,24,193
01/31/2016,MKC,MO,ACE,CE,Towers with Radar,0,21,40,0,61,0,4,49,0,53,0,25,89,0,114,68,0,68,182
02/01/2016,MKC,MO,ACE,CE,Towers with Radar,0,19,29,0,48,0,10,30,0,40,0,29,59,0,88,62,0,62,150
02/02/2016,MKC,MO,ACE,CE,Towers with Radar,0,24,31,1,56,0,1,4,0,5,0,25,35,1,61,10,0,10,71
02/03/2016,MKC,MO,ACE,CE,Towers with Radar,0,44,59,1,104,0,9,20,1,30,0,53,79,2,134,0,0,0,134
02/04/2016,MKC,MO,ACE,CE,Towers with Radar,1,32,61,0,94,0,14,45,3,62,1,46,106,3,156,36,0,36,192
02/05/2016,MKC,MO,ACE,CE,Towers with Radar,0,32,45,0,77,0,13,76,3,92,0,45,121,3,169,14,0,14,183
02/06/2016,MKC,MO,ACE,CE,Towers with Radar,0,20,25,0,45,0,7,122,1,130,0,27,147,1,175,32,0,32,207
02/07/2016,MKC,MO,ACE,CE,Towers with Radar,0,22,16,2,40,0,1,13,0,14,0,23,29,2,54,37,0,37,91
02/08/2016,MKC,MO,ACE,CE,Towers with Radar,0,45,45,0,90,0,3,9,0,12,0,48,54,0,102,2,0,2,104
02/09/2016,MKC,MO,ACE,CE,Towers with Radar,0,30,47,1,78,0,7,44,2,53,0,37,91,3,131,18,0,18,149
02/10/2016,MKC,MO,ACE,CE,Towers with Radar,1,41,76,0,118,0,34,65,7,106,1,75,141,7,224,52,0,52,276
02/11/2016,MKC,MO,ACE,CE,Towers with Radar,0,58,74,1,133,0,2,34,1,37,0,60,108,2,170,14,20,34,204
02/12/2016,MKC,MO,ACE,CE,Towers with Radar,0,27,65,0,92,0,11,94,6,111,0,38,159,6,203,9,0,9,212
02/13/2016,MKC,MO,ACE,CE,Towers with Radar,0,15,17,0,32,0,7,204,0,211,0,22,221,0,243,73,0,73,316
02/14/2016,MKC,MO,ACE,CE,Towers with Radar,0,21,27,0,48,0,8,187,0,195,0,29,214,0,243,46,0,46,289
02/15/2016,MKC,MO,ACE,CE,Towers with Radar,0,32,38,0,70,0,3,69,0,72,0,35,107,0,142,56,0,56,198
02/16/2016,MKC,MO,ACE,CE,Towers with Radar,0,33,58,5,96,0,3,17,2,22,0,36,75,7,118,35,2,37,155
02/17/2016,MKC,MO,ACE,CE,Towers with Radar,0,29,57,2,88,0,15,76,7,98,0,44,133,9,186,73,15,88,274
02/18/2016,MKC,MO,ACE,CE,Towers with Radar,0,23,63,3,89,0,15,48,2,65,0,38,111,5,154,2,0,2,156
02/19/2016,MKC,MO,ACE,CE,Towers with Radar,1,26,47,0,74,0,20,95,1,116,1,46,142,1,190,26,0,26,216
02/20/2016,MKC,MO,ACE,CE,Towers with Radar,0,28,27,0,55,0,24,135,4,163,0,52,162,4,218,30,0,30,248
02/21/2016,MKC,MO,ACE,CE,Towers with Radar,0,17,25,0,42,0,4,101,4,109,0,21,126,4,151,50,0,50,201
02/22/2016,MKC,MO,ACE,CE,Towers with Radar,0,28,46,2,76,0,7,42,1,50,0,35,88,3,126,68,0,68,194
02/23/2016,MKC,MO,ACE,CE,Towers with Radar,0,34,55,2,91,0,4,49,9,62,0,38,104,11,153,0,0,0,153
02/24/2016,MKC,MO,ACE,CE,Towers with Radar,2,33,54,0,89,0,14,51,4,69,2,47,105,4,158,15,0,15,173
02/25/2016,MKC,MO,ACE,CE,Towers with Radar,1,33,64,1,99,0,8,30,9,47,1,41,94,10,146,0,1,1,147
02/26/2016,MKC,MO,ACE,CE,Towers with Radar,0,35,62,0,97,0,6,47,9,62,0,41,109,9,159,25,0,25,184
02/27/2016,MKC,MO,ACE,CE,Towers with Radar,0,20,26,4,50,0,13,144,0,157,0,33,170,4,207,60,9,69,276
02/28/2016,MKC,MO,ACE,CE,Towers with Radar,0,24,20,0,44,0,22,33,0,55,0,46,53,0,99,24,0,24,123
02/29/2016,MKC,MO,ACE,CE,Towers with Radar,0,30,43,4,77,0,21,55,10,86,0,51,98,14,163,13,0,13,176
03/01/2016,MKC,MO,ACE,CE,Towers with Radar,0,21,43,0,64,0,17,34,0,51,0,38,77,0,115,0,0,0,115
03/02/2016,MKC,MO,ACE,CE,Towers with Radar,0,34,56,1,91,0,31,64,9,104,0,65,120,10,195,12,0,12,207
03/03/2016,MKC,MO,ACE,CE,Towers with Radar,0,35,62,1,98,0,7,32,0,39,0,42,94,1,137,37,0,37,174
03/04/2016,MKC,MO,ACE,CE,Towers with Radar,0,47,77,0,124,0,2,83,0,85,0,49,160,0,209,46,0,46,255
03/05/2016,MKC,MO,ACE,CE,Towers with Radar,0,19,36,0,55,0,22,181,2,205,0,41,217,2,260,112,0,112,372
03/06/2016,MKC,MO,ACE,CE,Towers with Radar,0,19,34,0,53,0,13,29,1,43,0,32,63,1,96,6,0,6,102
03/07/2016,MKC,MO,ACE,CE,Towers with Radar,0,25,39,1,65,0,5,16,0,21,0,30,55,1,86,6,0,6,92
03/08/2016,MKC,MO,ACE,CE,Towers with Radar,6,38,28,0,72,0,10,13,0,23,6,48,41,0,95,14,0,14,109
03/09/2016,MKC,MO,ACE,CE,Towers with Radar,1,44,81,0,126,0,7,53,0,60,1,51,134,0,186,52,0,52,238
03/10/2016,MKC,MO,ACE,CE,Towers with Radar,6,38,77,0,121,0,16,56,0,72,6,54,133,0,193,41,2,43,236
03/11/2016,MKC,MO,ACE,CE,Towers with Radar,0,45,80,3,128,0,14,107,0,121,0,59,187,3,249,96,0,96,345
03/12/2016,MKC,MO,ACE,CE,Towers with Radar,3,37,57,3,100,0,7,9,0,16,3,44,66,3,116,0,0,0,116
03/13/2016,MKC,MO,ACE,CE,Towers with Radar,0,20,24,2,46,0,3,13,0,16,0,23,37,2,62,14,0,14,76
03/14/2016,MKC,MO,ACE,CE,Towers with Radar,0,27,21,2,50,0,0,64,1,65,0,27,85,3,115,32,0,32,147
03/15/2016,MKC,MO,ACE,CE,Towers with Radar,0,18,28,2,48,0,2,49,0,51,0,20,77,2,99,4,0,4,103
03/16/2016,MKC,MO,ACE,CE,Towers with Radar,0,25,85,0,110,0,26,65,1,92,0,51,150,1,202,129,0,129,331
03/17/2016,MKC,MO,ACE,CE,Towers with Radar,0,27,41,0,68,0,13,69,7,89,0,40,110,7,157,43,0,43,200
03/18/2016,MKC,MO,ACE,CE,Towers with Radar,0,26,35,0,61,0,15,70,3,88,0,41,105,3,149,30,0,30,179
03/19/2016,MKC,MO,ACE,CE,Towers with Radar,0,16,32,0,48,0,12,126,0,138,0,28,158,0,186,46,0,46,232
03/20/2016,MKC,MO,ACE,CE,Towers with Radar,0,26,43,0,69,0,7,83,2,92,0,33,126,2,161,88,32,120,281
03/21/2016,MKC,MO,ACE,CE,Towers with Radar,0,28,46,0,74,0,6,32,5,43,0,34,78,5,117,56,0,56,173
03/22/2016,MKC,MO,ACE,CE,Towers with Radar,0,34,51,1,86,0,15,73,23,111,0,49,124,24,197,16,4,20,217
03/23/2016,MKC,MO,ACE,CE,Towers with Radar,0,43,39,3,85,0,14,27,6,47,0,57,66,9,132,0,0,0,132
03/24/2016,MKC,MO,ACE,CE,Towers with Radar,0,37,56,0,93,0,10,35,0,45,0,47,91,0,138,24,0,24,162
03/25/2016,MKC,MO,ACE,CE,Towers with Radar,0,18,56,0,74,0,11,120,3,134,0,29,176,3,208,110,0,110,318
03/26/2016,MKC,MO,ACE,CE,Towers with Radar,0,9,16,0,25,0,10,54,0,64,0,19,70,0,89,38,0,38,127
03/27/2016,MKC,MO,ACE,CE,Towers with Radar,0,22,21,0,43,0,3,43,0,46,0,25,64,0,89,42,0,42,131
03/28/2016,MKC,MO,ACE,CE,Towers with Radar,0,28,54,0,82,0,3,58,0,61,0,31,112,0,143,48,0,48,191
03/29/2016,MKC,MO,ACE,CE,Towers with Radar,0,43,70,1,114,0,10,58,9,77,0,53,128,10,191,37,0,37,228
03/30/2016,MKC,MO,ACE,CE,Towers with Radar,0,33,65,0,98,0,3,23,0,26,0,36,88,0,124,22,0,22,146
03/31/2016,MKC,MO,ACE,CE,Towers with Radar,0,31,62,0,93,0,13,27,0,40,0,44,89,0,133,52,0,52,185
04/01/2016,MKC,MO,ACE,CE,Towers with Radar,2,29,38,0,69,0,6,34,1,41,2,35,72,1,110,67,0,67,177
04/02/2016,MKC,MO,ACE,CE,Towers with Radar,2,18,26,0,46,0,6,149,0,155,2,24,175,0,201,16,0,16,217
04/03/2016,MKC,MO,ACE,CE,Towers with Radar,0,14,34,0,48,0,0,57,0,57,0,14,91,0,105,40,0,40,145
04/04/2016,MKC,MO,ACE,CE,Towers with Radar,0,34,33,1,68,0,7,87,0,94,0,41,120,1,162,145,0,145,307
04/05/2016,MKC,MO,ACE,CE,Towers with Radar,2,24,62,0,88,0,3,32,3,38,2,27,94,3,126,12,0,12,138
04/06/2016,MKC,MO,ACE,CE,Towers with Radar,0,33,48,8,89,0,6,38,2,46,0,39,86,10,135,17,0,17,152
04/07/2016,MKC,MO,ACE,CE,Towers with Radar,0,31,59,0,90,0,14,51,11,76,0,45,110,11,166,44,0,44,210
04/08/2016,MKC,MO,ACE,CE,Towers with Radar,2,33,44,2,81,0,14,78,1,93,2,47,122,3,174,23,0,23,197
04/09/2016,MKC,MO,ACE,CE,Towers with Radar,0,15,38,1,54,0,3,137,2,142,0,18,175,3,196,82,4,86,282
04/10/2016,MKC,MO,ACE,CE,Towers with Radar,4,12,37,1,54,0,1,24,0,25,4,13,61,1,79,36,0,36,115
04/11/2016,MKC,MO,ACE,CE,Towers with Radar,0,30,51,0,81,0,3,42,0,45,0,33,93,0,126,42,0,42,168
04/12/2016,MKC,MO,ACE,CE,Towers with Radar,0,36,62,2,100,0,1,65,1,67,0,37,127,3,167,32,0,32,199
04/13/2016,MKC,MO,ACE,CE,Towers with Radar,0,31,81,0,112,0,6,89,5,100,0,37,170,5,212,90,0,90,302
04/14/2016,MKC,MO,ACE,CE,Towers with Radar,0,30,76,0,106,0,24,57,1,82,0,54,133,1,188,126,0,126,314
04/15/2016,MKC,MO,ACE,CE,Towers with Radar,0,37,55,0,92,0,1,67,1,69,0,38,122,1,161,16,0,16,177
04/16/2016,MKC,MO,ACE,CE,Towers with Radar,0,21,52,0,73,0,35,122,0,157,0,56,174,0,230,54,0,54,284
04/17/2016,MKC,MO,ACE,CE,Towers with Radar,2,19,42,0,63,0,8,52,2,62,2,27,94,2,125,23,0,23,148
04/18/2016,MKC,MO,ACE,CE,Towers with Radar,0,23,64,0,87,0,1,2,0,3,0,24,66,0,90,0,0,0,90
04/19/2016,MKC,MO,ACE,CE,Towers with Radar,0,34,46,1,81,0,4,27,2,33,0,38,73,3,114,124,0,124,238
04/20/2016,MKC,MO,ACE,CE,Towers with Radar,0,40,67,0,107,0,15,39,6,60,0,55,106,6,167,25,0,25,192
04/21/2016,MKC,MO,ACE,CE,Towers with Radar,2,47,72,0,121,0,17,69,0,86,2,64,141,0,207,71,0,71,278
04/22/2016,MKC,MO,ACE,CE,Towers with Radar,2,24,51,2,79,0,5,67,0,72,2,29,118,2,151,76,0,76,227
04/23/2016,MKC,MO,ACE,CE,Towers with Radar,0,17,20,3,40,0,17,132,3,152,0,34,152,6,192,28,20,48,240
04/24/2016,MKC,MO,ACE,CE,Towers with Radar,4,22,36,0,62,0,6,37,0,43,4,28,73,0,105,20,0,20,125
04/25/2016,MKC,MO,ACE,CE,Towers with Radar,0,30,49,0,79,0,7,48,0,55,0,37,97,0,134,98,0,98,232
04/26/2016,MKC,MO,ACE,CE,Towers with Radar,0,42,58,4,104,0,1,10,0,11,0,43,68,4,115,72,0,72,187
04/27/2016,MKC,MO,ACE,CE,Towers with Radar,0,38,60,2,100,0,7,50,4,61,0,45,110,6,161,14,0,14,175
04/28/2016,MKC,MO,ACE,CE,Towers with Radar,1,26,77,1,105,0,9,59,10,78,1,35,136,11,183,84,6,90,273
04/29/2016,MKC,MO,ACE,CE,Towers with Radar,0,26,44,1,71,0,5,37,0,42,0,31,81,1,113,50,0,50,163
04/30/2016,MKC,MO,ACE,CE,Towers with Radar,0,22,40,0,62,0,6,89,0,95,0,28,129,0,157,22,0,22,179
05/01/2016,MKC,MO,ACE,CE,Towers with Radar,3,23,35,0,61,0,7,42,4,53,3,30,77,4,114,14,0,14,128
05/02/2016,MKC,MO,ACE,CE,Towers with Radar,1,17,64,0,82,0,3,48,3,54,1,20,112,3,136,104,0,104,240
05/03/2016,MKC,MO,ACE,CE,Towers with Radar,0,38,53,1,92,0,22,59,2,83,0,60,112,3,175,44,0,44,219
05/04/2016,MKC,MO,ACE,CE,Towers with Radar,2,39,63,0,104,0,17,131,1,149,2,56,194,1,253,60,0,60,313
05/05/2016,MKC,MO,ACE,CE,Towers with Radar,2,43,60,1,106,0,18,99,7,124,2,61,159,8,230,35,0,35,265
05/06/2016,MKC,MO,ACE,CE,Towers with Radar,0,26,69,1,96,0,7,108,0,115,0,33,177,1,211,48,0,48,259
05/07/2016,MKC,MO,ACE,CE,Towers with Radar,0,22,56,0,78,1,15,144,1,161,1,37,200,1,239,32,0,32,271
05/08/2016,MKC,MO,ACE,CE,Towers with Radar,0,20,23,0,43,0,1,25,0,26,0,21,48,0,69,0,0,0,69
05/09/2016,MKC,MO,ACE,CE,Towers with Radar,0,24,43,4,71,0,2,14,0,16,0,26,57,4,87,0,0,0,87
05/10/2016,MKC,MO,ACE,CE,Towers with Radar,0,31,44,0,75,0,2,75,2,79,0,33,119,2,154,77,4,81,235
05/11/2016,MKC,MO,ACE,CE,Towers with Radar,0,20,63,0,83,0,7,40,0,47,0,27,103,0,130,41,0,41,171
05/12/2016,MKC,MO,ACE,CE,Towers with Radar,0,29,68,2,99,0,5,49,4,58,0,34,117,6,157,0,6,6,163
05/13/2016,MKC,MO,ACE,CE,Towers with Radar,4,24,34,3,65,0,1,16,2,19,4,25,50,5,84,0,0,0,84
05/14/2016,MKC,MO,ACE,CE,Towers with Radar,0,21,37,0,58,0,37,191,8,236,0,58,228,8,294,40,0,40,334
05/15/2016,MKC,MO,ACE,CE,Towers with Radar,4,27,39,0,70,0,4,50,9,63,4,31,89,9,133,24,0,24,157
05/16/2016,MKC,MO,ACE,CE,Towers with Radar,0,22,62,1,85,0,1,7,1,9,0,23,69,2,94,0,0,0,94
05/17/2016,MKC,MO,ACE,CE,Towers with Radar,0,37,77,0,114,0,0,28,1,29,0,37,105,1,143,51,0,51,194
05/18/2016,MKC,MO,ACE,CE,Towers with Radar,1,48,80,0,129,0,9,119,3,131,1,57,199,3,260,60,10,70,330
05/19/2016,MKC,MO,ACE,CE,Towers with Radar,3,38,50,0,91,0,8,89,0,97,3,46,139,0,188,41,0,41,229
05/20/2016,MKC,MO,ACE,CE,Towers with Radar,0,34,58,4,96,1,7,65,5,78,1,41,123,9,174,8,8,16,190
05/21/2016,MKC,MO,ACE,CE,Towers with Radar,0,19,38,0,57,0,0,183,1,184,0,19,221,1,241,42,0,42,283
05/22/2016,MKC,MO,ACE,CE,Towers with Radar,0,15,28,0,43,0,0,56,0,56,0,15,84,0,99,30,0,30,129
05/23/2016,MKC,MO,ACE,CE,Towers with Radar,0,28,50,1,79,0,3,44,0,47,0,31,94,1,126,16,0,16,142
05/24/2016,MKC,MO,ACE,CE,Towers with Radar,0,33,24,1,58,0,1,65,2,68,0,34,89,3,126,108,2,110,236
05/25/2016,MKC,MO,ACE,CE,Towers with Radar,4,40,81,2,127,1,10,68,3,82,5,50,149,5,209,2,0,2,211
05/26/2016,MKC,MO,ACE,CE,Towers with Radar,0,37,54,0,91,0,2,11,0,13,0,39,65,0,104,0,0,0,104
05/27/2016,MKC,MO,ACE,CE,Towers with Radar,0,30,35,0,65,0,17,33,0,50,0,47,68,0,115,58,0,58,173
05/28/2016,MKC,MO,ACE,CE,Towers with Radar,0,31,13,0,44,0,8,100,0,108,0,39,113,0,152,40,0,40,192
05/29/2016,MKC,MO,ACE,CE,Towers with Radar,4,21,28,0,53,1,14,56,0,71,5,35,84,0,124,6,0,6,130
05/30/2016,MKC,MO,ACE,CE,Towers with Radar,0,29,19,0,48,0,13,54,5,72,0,42,73,5,120,82,0,82,202
05/31/2016,MKC,MO,ACE,CE,Towers with Radar,0,36,62,0,98,0,6,29,5,40,0,42,91,5,138,40,0,40,178
06/01/2016,MKC,MO,ACE,CE,Towers with Radar,4,35,75,3,117,0,6,68,1,75,4,41,143,4,192,44,0,44,236
06/02/2016,MKC,MO,ACE,CE,Towers with Radar,0,41,52,3,96,0,6,83,9,98,0,47,135,12,194,54,16,70,264
06/03/2016,MKC,MO,ACE,CE,Towers with Radar,0,17,60,0,77,0,3,55,8,66,0,20,115,8,143,36,0,36,179
06/04/2016,MKC,MO,ACE,CE,Towers with Radar,0,17,27,0,44,0,10,110,0,120,0,27,137,0,164,2,0,2,166
06/05/2016,MKC,MO,ACE,CE,Towers with Radar,0,27,37,0,64,0,0,83,0,83,0,27,120,0,147,66,0,66,213
06/06/2016,MKC,MO,ACE,CE,Towers with Radar,0,26,24,0,50,0,1,54,8,63,0,27,78,8,113,26,0,26,139
06/07/2016,MKC,MO,ACE,CE,Towers with Radar,0,38,59,2,99,0,12,88,8,108,0,50,147,10,207,5,4,9,216
06/08/2016,MKC,MO,ACE,CE,Towers with Radar,0,35,63,6,104,0,10,108,6,124,0,45,171,12,228,44,2,46,274
06/09/2016,MKC,MO,ACE,CE,Towers with Radar,0,27,59,4,90,0,13,46,3,62,0,40,105,7,152,66,2,68,220
06/10/2016,MKC,MO,ACE,CE,Towers with Radar,0,33,58,4,95,0,18,119,2,139,0,51,177,6,234,6,0,6,240
06/11/2016,MKC,MO,ACE,CE,Towers with Radar,0,16,22,0,38,0,6,113,3,122,0,22,135,3,160,72,6,78,238
06/12/2016,MKC,MO,ACE,CE,Towers with Radar,4,21,37,2,64,0,0,58,1,59,4,21,95,3,123,42,0,42,165
06/13/2016,MKC,MO,ACE,CE,Towers with Radar,0,22,49,1,72,0,11,22,8,41,0,33,71,9,113,35,0,35,148
06/14/2016,MKC,MO,ACE,CE,Towers with Radar,0,38,50,1,89,0,24,59,4,87,0,62,109,5,176,63,2,65,241
06/15/2016,MKC,MO,ACE,CE,Towers with Radar,2,37,64,2,105,0,4,33,0,37,2,41,97,2,142,14,0,14,156
06/16/2016,MKC,MO,ACE,CE,Towers with Radar,0,30,57,0,87,0,13,115,0,128,0,43,172,0,215,78,2,80,295
06/17/2016,MKC,MO,ACE,CE,Towers with Radar,0,31,73,0,104,0,18,97,0,115,0,49,170,0,219,18,0,18,237
06/18/2016,MKC,MO,ACE,CE,Towers with Radar,0,18,43,0,61,0,8,120,0,128,0,26,163,0,189,68,0,68,257
06/19/2016,MKC,MO,ACE,CE,Towers with Radar,0,18,33,0,51,0,1,38,0,39,0,19,71,0,90,4,0,4,94
06/20/2016,MKC,MO,ACE,CE,Towers with Radar,2,42,47,2,93,0,25,92,6,123,2,67,139,8,216,88,4,92,308
06/21/2016,MKC,MO,ACE,CE,Towers with Radar,0,36,50,0,86,0,1,80,2,83,0,37,130,2,169,70,0,70,239
06/22/2016,MKC,MO,ACE,CE,Towers with Radar,2,40,62,0,104,0,9,112,6,127,2,49,174,6,231,86,0,86,317
06/23/2016,MKC,MO,ACE,CE,Towers with Radar,2,32,74,0,108,0,7,93,4,104,2,39,167,4,212,54,4,58,270
06/24/2016,MKC,MO,ACE,CE,Towers with Radar,0,32,42,2,76,0,0,59,5,64,0,32,101,7,140,12,0,12,152
06/25/2016,MKC,MO,ACE,CE,Towers with Radar,0,21,41,0,62,0,8,142,0,150,0,29,183,0,212,48,0,48,260
06/26/2016,MKC,MO,ACE,CE,Towers with Radar,3,13,36,0,52,0,0,26,0,26,3,13,62,0,78,26,0,26,104
06/27/2016,MKC,MO,ACE,CE,Towers with Radar,0,31,59,0,90,0,4,30,0,34,0,35,89,0,124,36,0,36,160
06/28/2016,MKC,MO,ACE,CE,Towers with Radar,2,33,86,0,121,0,6,55,2,63,2,39,141,2,184,48,0,48,232
06/29/2016,MKC,MO,ACE,CE,Towers with Radar,1,43,62,0,106,0,12,51,3,66,1,55,113,3,172,47,0,47,219
06/30/2016,MKC,MO,ACE,CE,Towers with Radar,0,39,67,0,106,0,5,74,0,79,0,44,141,0,185,62,0,62,247
07/01/2016,MKC,MO,ACE,CE,Towers with Radar,0,33,37,0,70,0,3,50,0,53,0,36,87,0,123,72,0,72,195
07/02/2016,MKC,MO,ACE,CE,Towers with Radar,0,31,7,0,38,0,0,0,0,0,0,31,7,0,38,0,0,0,38
07/03/2016,MKC,MO,ACE,CE,Towers with Radar,0,14,18,0,32,0,0,0,0,0,0,14,18,0,32,0,0,0,32
07/04/2016,MKC,MO,ACE,CE,Towers with Radar,0,20,19,0,39,0,1,18,0,19,0,21,37,0,58,18,0,18,76
07/05/2016,MKC,MO,ACE,CE,Towers with Radar,0,28,35,0,63,0,11,62,1,74,0,39,97,1,137,52,0,52,189
07/06/2016,MKC,MO,ACE,CE,Towers with Radar,0,31,57,3,91,0,21,80,3,104,0,52,137,6,195,86,8,94,289
07/07/2016,MKC,MO,ACE,CE,Towers with Radar,3,24,58,2,87,0,6,48,2,56,3,30,106,4,143,60,0,60,203
07/08/2016,MKC,MO,ACE,CE,Towers with Radar,0,32,49,7,88,0,16,64,10,90,0,48,113,17,178,77,0,77,255
07/09/2016,MKC,MO,ACE,CE,Towers with Radar,0,25,26,1,52,0,4,87,1,92,0,29,113,2,144,12,0,12,156
07/10/2016,MKC,MO,ACE,CE,Towers with Radar,3,24,32,0,59,0,10,58,0,68,3,34,90,0,127,24,0,24,151
07/11/2016,MKC,MO,ACE,CE,Towers with Radar,0,22,60,0,82,0,11,63,0,74,0,33,123,0,156,87,0,87,243
07/12/2016,MKC,MO,ACE,CE,Towers with Radar,0,36,54,0,90,0,14,58,0,72,0,50,112,0,162,0,0,0,162
07/13/2016,MKC,MO,ACE,CE,Towers with Radar,0,39,44,0,83,0,6,55,0,61,0,45,99,0,144,24,0,24,168
07/14/2016,MKC,MO,ACE,CE,Towers with Radar,2,32,51,2,87,0,4,42,1,47,2,36,93,3,134,57,0,57,191
07/15/2016,MKC,MO,ACE,CE,Towers with Radar,0,35,42,0,77,0,5,82,0,87,0,40,124,0,164,26,0,26,190
07/16/2016,MKC,MO,ACE,CE,Towers with Radar,0,19,32,0,51,0,1,155,0,156,0,20,187,0,207,46,0,46,253
07/17/2016,MKC,MO,ACE,CE,Towers with Radar,4,23,32,0,59,0,0,45,0,45,4,23,77,0,104,8,0,8,112
07/18/2016,MKC,MO,ACE,CE,Towers with Radar,0,23,50,4,77,0,0,21,1,22,0,23,71,5,99,56,0,56,155
07/19/2016,MKC,MO,ACE,CE,Towers with Radar,0,37,62,0,99,0,3,63,3,69,0,40,125,3,168,4,1,5,173
07/20/2016,MKC,MO,ACE,CE,Towers with Radar,4,33,68,2,107,2,2,64,4,72,6,35,132,6,179,60,0,60,239
07/21/2016,MKC,MO,ACE,CE,Towers with Radar,2,37,55,0,94,2,4,62,3,71,4,41,117,3,165,59,0,59,224
07/22/2016,MKC,MO,ACE,CE,Towers with Radar,0,36,66,0,102,0,4,88,0,92,0,40,154,0,194,6,0,6,200
07/23/2016,MKC,MO,ACE,CE,Towers with Radar,0,12,44,0,56,0,11,167,0,178,0,23,211,0,234,97,0,97,331
07/24/2016,MKC,MO,ACE,CE,Towers with Radar,2,29,51,0,82,0,6,51,2,59,2,35,102,2,141,24,0,24,165
07/25/2016,MKC,MO,ACE,CE,Towers with Radar,0,22,57,0,79,0,2,18,0,20,0,24,75,0,99,20,0,20,119
07/26/2016,MKC,MO,ACE,CE,Towers with Radar,0,38,43,0,81,0,7,31,0,38,0,45,74,0,119,6,0,6,125
07/27/2016,MKC,MO,ACE,CE,Towers with Radar,2,21,82,0,105,0,4,75,0,79,2,25,157,0,184,88,0,88,272
07/28/2016,MKC,MO,ACE,CE,Towers with Radar,2,43,68,4,117,0,9,60,2,71,2,52,128,6,188,16,0,16,204
07/29/2016,MKC,MO,ACE,CE,Towers with Radar,0,37,50,0,87,0,1,48,0,49,0,38,98,0,136,20,0,20,156
07/30/2016,MKC,MO,ACE,CE,Towers with Radar,0,13,29,0,42,0,2,74,0,76,0,15,103,0,118,2,0,2,120
07/31/2016,MKC,MO,ACE,CE,Towers with Radar,0,24,45,1,70,0,0,54,0,54,0,24,99,1,124,16,0,16,140
08/01/2016,MKC,MO,ACE,CE,Towers with Radar,0,30,56,4,90,0,3,37,2,42,0,33,93,6,132,0,2,2,134
08/02/2016,MKC,MO,ACE,CE,Towers with Radar,0,43,49,0,92,1,9,48,2,60,1,52,97,2,152,51,0,51,203
08/03/2016,MKC,MO,ACE,CE,Towers with Radar,0,41,60,0,101,0,5,58,4,67,0,46,118,4,168,58,0,58,226
08/04/2016,MKC,MO,ACE,CE,Towers with Radar,4,36,46,5,91,0,15,69,6,90,4,51,115,11,181,18,10,28,209
08/05/2016,MKC,MO,ACE,CE,Towers with Radar,1,28,37,2,68,0,3,37,2,42,1,31,74,4,110,33,9,42,152
08/06/2016,MKC,MO,ACE,CE,Towers with Radar,0,15,25,0,40,0,8,113,0,121,0,23,138,0,161,46,0,46,207
08/07/2016,MKC,MO,ACE,CE,Towers with Radar,1,31,45,0,77,0,3,39,0,42,1,34,84,0,119,10,0,10,129
08/08/2016,MKC,MO,ACE,CE,Towers with Radar,2,19,50,2,73,0,1,43,0,44,2,20,93,2,117,16,0,16,133
08/09/2016,MKC,MO,ACE,CE,Towers with Radar,0,47,75,0,122,0,17,102,2,121,0,64,177,2,243,33,0,33,276
08/10/2016,MKC,MO,ACE,CE,Towers with Radar,0,32,78,1,111,0,12,89,5,106,0,44,167,6,217,106,0,106,323
08/11/2016,MKC,MO,ACE,CE,Towers with Radar,4,27,55,0,86,0,2,69,0,71,4,29,124,0,157,38,0,38,195
08/12/2016,MKC,MO,ACE,CE,Towers with Radar,0,32,36,0,68,0,5,54,0,59,0,37,90,0,127,50,0,50,177
08/13/2016,MKC,MO,ACE,CE,Towers with Radar,0,22,29,2,53,0,4,118,1,123,0,26,147,3,176,96,0,96,272
08/14/2016,MKC,MO,ACE,CE,Towers with Radar,0,16,21,0,37,0,0,64,0,64,0,16,85,0,101,4,0,4,105
08/15/2016,MKC,MO,ACE,CE,Towers with Radar,0,17,55,0,72,0,1,65,1,67,0,18,120,1,139,58,2,60,199
08/16/2016,MKC,MO,ACE,CE,Towers with Radar,0,26,79,5,110,0,16,34,4,54,0,42,113,9,164,24,4,28,192
08/17/2016,MKC,MO,ACE,CE,Towers with Radar,0,51,53,2,106,0,6,112,6,124,0,57,165,8,230,38,0,38,268
08/18/2016,MKC,MO,ACE,CE,Towers with Radar,3,28,66,2,99,0,0,54,0,54,3,28,120,2,153,8,0,8,161
08/19/2016,MKC,MO,ACE,CE,Towers with Radar,0,24,61,3,88,0,0,66,3,69,0,24,127,6,157,30,0,30,187
08/20/2016,MKC,MO,ACE,CE,Towers with Radar,0,30,28,0,58,0,9,65,0,74,0,39,93,0,132,34,0,34,166
08/21/2016,MKC,MO,ACE,CE,Towers with Radar,1,25,35,0,61,0,5,76,0,81,1,30,111,0,142,32,0,32,174
08/22/2016,MKC,MO,ACE,CE,Towers with Radar,2,28,72,3,105,0,10,66,0,76,2,38,138,3,181,78,0,78,259
08/23/2016,MKC,MO,ACE,CE,Towers with Radar,0,26,48,0,74,0,14,51,0,65,0,40,99,0,139,0,0,0,139
08/24/2016,MKC,MO,ACE,CE,Towers with Radar,0,28,57,0,85,0,2,61,0,63,0,30,118,0,148,15,0,15,163
08/25/2016,MKC,MO,ACE,CE,Towers with Radar,0,35,62,0,97,1,3,36,3,43,1,38,98,3,140,56,0,56,196
08/26/2016,MKC,MO,ACE,CE,Towers with Radar,0,30,44,0,74,0,1,11,3,15,0,31,55,3,89,20,0,20,109
08/27/2016,MKC,MO,ACE,CE,Towers with Radar,0,27,33,2,62,0,3,124,1,128,0,30,157,3,190,94,0,94,284
08/28/2016,MKC,MO,ACE,CE,Towers with Radar,1,21,27,0,49,0,1,59,1,61,1,22,86,1,110,2,0,2,112
08/29/2016,MKC,MO,ACE,CE,Towers with Radar,2,39,53,0,94,0,3,101,2,106,2,42,154,2,200,22,2,24,224
08/30/2016,MKC,MO,ACE,CE,Towers with Radar,0,49,80,0,129,0,11,50,2,63,0,60,130,2,192,0,0,0,192
08/31/2016,MKC,MO,ACE,CE,Towers with Radar,0,41,65,0,106,0,6,77,6,89,0,47,142,6,195,51,8,59,254
09/01/2016,MKC,MO,ACE,CE,Towers with Radar,1,48,74,0,123,0,10,93,0,103,1,58,167,0,226,108,0,108,334
09/02/2016,MKC,MO,ACE,CE,Towers with Radar,0,35,57,0,92,0,16,79,0,95,0,51,136,0,187,24,2,26,213
09/03/2016,MKC,MO,ACE,CE,Towers with Radar,0,10,36,0,46,0,6,76,1,83,0,16,112,1,129,38,0,38,167
09/04/2016,MKC,MO,ACE,CE,Towers with Radar,2,20,28,0,50,0,1,40,0,41,2,21,68,0,91,12,0,12,103
09/05/2016,MKC,MO,ACE,CE,Towers with Radar,0,33,34,0,67,0,6,24,0,30,0,39,58,0,97,0,0,0,97
09/06/2016,MKC,MO,ACE,CE,Towers with Radar,0,35,48,3,86,0,7,53,13,73,0,42,101,16,159,48,0,48,207
09/07/2016,MKC,MO,ACE,CE,Towers with Radar,0,38,53,2,93,0,2,41,6,49,0,40,94,8,142,68,2,70,212
09/08/2016,MKC,MO,ACE,CE,Towers with Radar,2,42,38,0,82,0,0,29,0,29,2,42,67,0,111,30,0,30,141
09/09/2016,MKC,MO,ACE,CE,Towers with Radar,0,34,44,0,78,0,0,55,1,56,0,34,99,1,134,16,0,16,150
09/10/2016,MKC,MO,ACE,CE,Towers with Radar,0,19,31,0,50,0,4,454,1,459,0,23,485,1,509,4,0,4,513
09/11/2016,MKC,MO,ACE,CE,Towers with Radar,2,28,60,0,90,0,6,114,4,124,2,34,174,4,214,2,0,2,216
09/12/2016,MKC,MO,ACE,CE,Towers with Radar,0,31,49,2,82,0,2,98,0,100,0,33,147,2,182,26,0,26,208
09/13/2016,MKC,MO,ACE,CE,Towers with Radar,0,31,60,1,92,0,1,71,7,79,0,32,131,8,171,0,0,0,171
09/14/2016,MKC,MO,ACE,CE,Towers with Radar,0,31,57,1,89,0,5,59,0,64,0,36,116,1,153,0,0,0,153
09/15/2016,MKC,MO,ACE,CE,Towers with Radar,2,52,62,1,117,0,7,61,3,71,2,59,123,4,188,30,2,32,220
09/16/2016,MKC,MO,ACE,CE,Towers with Radar,0,28,30,0,58,0,4,66,0,70,0,32,96,0,128,24,0,24,152
09/17/2016,MKC,MO,ACE,CE,Towers with Radar,0,21,22,0,43,0,6,73,0,79,0,27,95,0,122,62,0,62,184
09/18/2016,MKC,MO,ACE,CE,Towers with Radar,0,35,46,0,81,0,14,61,1,76,0,49,107,1,157,30,0,30,187
09/19/2016,MKC,MO,ACE,CE,Towers with Radar,4,45,65,2,116,0,4,104,2,110,4,49,169,4,226,8,0,8,234
09/20/2016,MKC,MO,ACE,CE,Towers with Radar,0,38,58,0,96,2,2,76,6,86,2,40,134,6,182,18,0,18,200
09/21/2016,MKC,MO,ACE,CE,Towers with Radar,0,37,61,0,98,0,9,123,2,134,0,46,184,2,232,58,0,58,290
09/22/2016,MKC,MO,ACE,CE,Towers with Radar,0,38,82,4,124,0,2,96,0,98,0,40,178,4,222,48,0,48,270
09/23/2016,MKC,MO,ACE,CE,Towers with Radar,0,31,61,0,92,0,5,68,0,73,0,36,129,0,165,80,0,80,245
09/24/2016,MKC,MO,ACE,CE,Towers with Radar,0,19,20,0,39,0,0,63,0,63,0,19,83,0,102,19,0,19,121
09/25/2016,MKC,MO,ACE,CE,Towers with Radar,2,35,53,0,90,0,0,25,0,25,2,35,78,0,115,0,0,0,115
09/26/2016,MKC,MO,ACE,CE,Towers with Radar,1,31,64,0,96,0,10,72,1,83,1,41,136,1,179,28,0,28,207
09/27/2016,MKC,MO,ACE,CE,Towers with Radar,0,41,84,0,125,0,2,70,0,72,0,43,154,0,197,10,0,10,207
09/28/2016,MKC,MO,ACE,CE,Towers with Radar,2,39,74,1,116,0,22,112,2,136,2,61,186,3,252,24,0,24,276
09/29/2016,MKC,MO,ACE,CE,Towers with Radar,3,48,72,0,123,0,6,67,7,80,3,54,139,7,203,27,0,27,230
09/30/2016,MKC,MO,ACE,CE,Towers with Radar,0,25,52,1,78,0,2,31,1,34,0,27,83,2,112,19,1,20,132
10/01/2016,MKC,MO,ACE,CE,Towers with Radar,0,26,39,0,65,1,7,52,0,60,1,33,91,0,125,38,0,38,163
10/02/2016,MKC,MO,ACE,CE,Towers with Radar,2,23,36,0,61,0,0,67,0,67,2,23,103,0,128,12,0,12,140
10/03/2016,MKC,MO,ACE,CE,Towers with Radar,0,25,55,1,81,0,1,106,0,107,0,26,161,1,188,26,0,26,214
10/04/2016,MKC,MO,ACE,CE,Towers with Radar,0,38,54,1,93,0,0,32,0,32,0,38,86,1,125,30,0,30,155
10/05/2016,MKC,MO,ACE,CE,Towers with Radar,4,41,91,0,136,0,5,42,3,50,4,46,133,3,186,36,0,36,222
10/06/2016,MKC,MO,ACE,CE,Towers with Radar,0,33,44,2,79,0,0,22,2,24,0,33,66,4,103,0,0,0,103
10/07/2016,MKC,MO,ACE,CE,Towers with Radar,1,26,74,1,102,0,14,95,3,112,1,40,169,4,214,58,0,58,272
10/08/2016,MKC,MO,ACE,CE,Towers with Radar,0,11,31,0,42,0,6,155,0,161,0,17,186,0,203,58,0,58,261
10/09/2016,MKC,MO,ACE,CE,Towers with Radar,0,20,43,0,63,0,3,76,0,79,0,23,119,0,142,18,0,18,160
10/10/2016,MKC,MO,ACE,CE,Towers with Radar,0,31,51,0,82,0,1,30,0,31,0,32,81,0,113,30,0,30,143
10/11/2016,MKC,MO,ACE,CE,Towers with Radar,0,37,39,0,76,0,5,78,1,84,0,42,117,1,160,15,0,15,175
10/12/2016,MKC,MO,ACE,CE,Towers with Radar,0,36,58,0,94,0,2,20,0,22,0,38,78,0,116,4,0,4,120
10/13/2016,MKC,MO,ACE,CE,Towers with Radar,0,40,70,7,117,0,1,81,7,89,0,41,151,14,206,0,0,0,206
10/14/2016,MKC,MO,ACE,CE,Towers with Radar,1,33,95,0,129,0,0,1,0,1,1,33,96,0,130,0,0,0,130
10/15/2016,MKC,MO,ACE,CE,Towers with Radar,1,15,43,0,59,0,1,50,1,52,1,16,93,1,111,22,2,24,135
10/16/2016,MKC,MO,ACE,CE,Towers with Radar,0,37,101,0,138,0,17,73,0,90,0,54,174,0,228,46,0,46,274
10/17/2016,MKC,MO,ACE,CE,Towers with Radar,0,33,70,1,104,0,6,48,4,58,0,39,118,5,162,14,0,14,176
10/18/2016,MKC,MO,ACE,CE,Towers with Radar,0,27,78,0,105,0,0,32,0,32,0,27,110,0,137,23,0,23,160
10/19/2016,MKC,MO,ACE,CE,Towers with Radar,0,34,74,0,108,0,21,72,1,94,0,55,146,1,202,134,0,134,336
10/20/2016,MKC,MO,ACE,CE,Towers with Radar,0,39,72,0,111,0,12,75,0,87,0,51,147,0,198,24,0,24,222
10/21/2016,MKC,MO,ACE,CE,Towers with Radar,0,35,55,0,90,0,4,70,6,80,0,39,125,6,170,75,0,75,245
10/22/2016,MKC,MO,ACE,CE,Towers with Radar,0,20,38,0,58,0,4,59,0,63,0,24,97,0,121,56,0,56,177
10/23/2016,MKC,MO,ACE,CE,Towers with Radar,0,26,83,0,109,0,4,109,12,125,0,30,192,12,234,112,0,112,346
10/24/2016,MKC,MO,ACE,CE,Towers with Radar,0,34,60,2,96,0,4,91,0,95,0,38,151,2,191,96,0,96,287
10/25/2016,MKC,MO,ACE,CE,Towers with Radar,0,42,66,0,108,0,0,57,0,57,0,42,123,0,165,76,0,76,241
10/26/2016,MKC,MO,ACE,CE,Towers with Radar,0,42,86,2,130,0,17,54,0,71,0,59,140,2,201,0,0,0,201
10/27/2016,MKC,MO,ACE,CE,Towers with Radar,0,43,83,2,128,0,8,83,5,96,0,51,166,7,224,85,0,85,309
10/28/2016,MKC,MO,ACE,CE,Towers with Radar,0,50,51,2,103,0,3,58,1,62,0,53,109,3,165,0,0,0,165
10/29/2016,MKC,MO,ACE,CE,Towers with Radar,0,9,47,0,56,0,2,179,1,182,0,11,226,1,238,37,0,37,275
10/30/2016,MKC,MO,ACE,CE,Towers with Radar,0,39,53,0,92,0,4,78,4,86,0,43,131,4,178,6,2,8,186
10/31/2016,MKC,MO,ACE,CE,Towers with Radar,0,28,41,0,69,0,1,26,1,28,0,29,67,1,97,6,0,6,103
11/01/2016,MKC,MO,ACE,CE,Towers with Radar,0,37,68,0,105,0,7,57,5,69,0,44,125,5,174,53,0,53,227
11/02/2016,MKC,MO,ACE,CE,Towers with Radar,0,44,64,0,108,0,0,14,1,15,0,44,78,1,123,0,0,0,123
11/03/2016,MKC,MO,ACE,CE,Towers with Radar,0,33,78,2,113,0,1,26,0,27,0,34,104,2,140,0,0,0,140
11/04/2016,MKC,MO,ACE,CE,Towers with Radar,0,46,67,0,113,0,0,69,0,69,0,46,136,0,182,16,0,16,198
11/05/2016,MKC,MO,ACE,CE,Towers with Radar,0,20,30,0,50,0,4,163,0,167,0,24,193,0,217,37,0,37,254
11/06/2016,MKC,MO,ACE,CE,Towers with Radar,1,54,161,0,216,0,5,93,6,104,1,59,254,6,320,13,0,13,333
11/07/2016,MKC,MO,ACE,CE,Towers with Radar,0,19,54,4,77,0,3,53,0,56,0,22,107,4,133,22,0,22,155
11/08/2016,MKC,MO,ACE,CE,Towers with Radar,0,36,52,0,88,0,2,57,0,59,0,38,109,0,147,98,0,98,245
11/09/2016,MKC,MO,ACE,CE,Towers with Radar,0,34,82,0,116,0,21,75,5,101,0,55,157,5,217,20,0,20,237
11/10/2016,MKC,MO,ACE,CE,Towers with Radar,0,40,71,0,111,0,10,91,3,104,0,50,162,3,215,70,0,70,285
11/11/2016,MKC,MO,ACE,CE,Towers with Radar,0,29,57,3,89,0,8,78,2,88,0,37,135,5,177,31,0,31,208
11/12/2016,MKC,MO,ACE,CE,Towers with Radar,0,11,30,1,42,0,32,74,0,106,0,43,104,1,148,21,4,25,173
11/13/2016,MKC,MO,ACE,CE,Towers with Radar,0,29,57,0,86,0,5,80,1,86,0,34,137,1,172,14,0,14,186
11/14/2016,MKC,MO,ACE,CE,Towers with Radar,0,40,52,0,92,0,10,85,0,95,0,50,137,0,187,102,0,102,289
11/15/2016,MKC,MO,ACE,CE,Towers with Radar,0,26,54,4,84,0,1,30,0,31,0,27,84,4,115,2,0,2,117
11/16/2016,MKC,MO,ACE,CE,Towers with Radar,0,39,108,2,149,0,22,109,6,137,0,61,217,8,286,128,0,128,414
11/17/2016,MKC,MO,ACE,CE,Towers with Radar,0,36,52,4,92,0,1,55,7,63,0,37,107,11,155,2,6,8,163
11/18/2016,MKC,MO,ACE,CE,Towers with Radar,0,48,48,0,96,0,4,34,3,41,0,52,82,3,137,0,0,0,137
11/19/2016,MKC,MO,ACE,CE,Towers with Radar,0,28,18,0,46,0,13,122,0,135,0,41,140,0,181,38,2,40,221
11/20/2016,MKC,MO,ACE,CE,Towers with Radar,0,33,53,0,86,0,2,68,0,70,0,35,121,0,156,60,0,60,216
11/21/2016,MKC,MO,ACE,CE,Towers with Radar,0,30,67,0,97,0,0,58,0,58,0,30,125,0,155,50,0,50,205
11/22/2016,MKC,MO,ACE,CE,Towers with Radar,1,42,58,3,104,0,0,21,0,21,1,42,79,3,125,10,0,10,135
11/23/2016,MKC,MO,ACE,CE,Towers with Radar,1,30,45,0,76,0,1,4,0,5,1,31,49,0,81,10,0,10,91
11/24/2016,MKC,MO,ACE,CE,Towers with Radar,0,7,10,0,17,0,1,77,0,78,0,8,87,0,95,16,0,16,111
11/25/2016,MKC,MO,ACE,CE,Towers with Radar,0,17,30,2,49,0,4,71,0,75,0,21,101,2,124,8,0,8,132
11/26/2016,MKC,MO,ACE,CE,Towers with Radar,0,26,41,0,67,0,4,139,1,144,0,30,180,1,211,10,0,10,221
11/27/2016,MKC,MO,ACE,CE,Towers with Radar,0,27,41,0,68,0,0,0,0,0,0,27,41,0,68,0,0,0,68
11/28/2016,MKC,MO,ACE,CE,Towers with Radar,0,24,42,3,69,0,3,74,2,79,0,27,116,5,148,38,0,38,186
11/29/2016,MKC,MO,ACE,CE,Towers with Radar,0,29,50,4,83,0,3,76,6,85,0,32,126,10,168,56,0,56,224
11/30/2016,MKC,MO,ACE,CE,Towers with Radar,0,24,56,0,80,0,1,60,5,66,0,25,116,5,146,30,1,31,177
12/01/2016,MKC,MO,ACE,CE,Towers with Radar,0,44,64,0,108,0,5,33,2,40,0,49,97,2,148,34,0,34,182
12/02/2016,MKC,MO,ACE,CE,Towers with Radar,0,30,41,1,72,0,25,86,5,116,0,55,127,6,188,103,0,103,291
12/03/2016,MKC,MO,ACE,CE,Towers with Radar,0,16,20,0,36,0,7,90,0,97,0,23,110,0,133,16,0,16,149
12/04/2016,MKC,MO,ACE,CE,Towers with Radar,0,17,35,0,52,0,0,44,1,45,0,17,79,1,97,14,0,14,111
12/05/2016,MKC,MO,ACE,CE,Towers with Radar,0,21,55,0,76,1,7,55,0,63,1,28,110,0,139,56,0,56,195
12/06/2016,MKC,MO,ACE,CE,Towers with Radar,0,35,62,0,97,0,5,31,2,38,0,40,93,2,135,22,0,22,157
12/07/2016,MKC,MO,ACE,CE,Towers with Radar,0,35,61,5,101,0,0,7,0,7,0,35,68,5,108,0,0,0,108
12/08/2016,MKC,MO,ACE,CE,Towers with Radar,0,45,109,11,165,0,4,87,2,93,0,49,196,13,258,52,0,52,310
12/09/2016,MKC,MO,ACE,CE,Towers with Radar,0,31,76,0,107,0,16,101,1,118,0,47,177,1,225,24,0,24,249
12/10/2016,MKC,MO,ACE,CE,Towers with Radar,0,21,23,0,44,0,4,128,0,132,0,25,151,0,176,31,0,31,207
12/11/2016,MKC,MO,ACE,CE,Towers with Radar,0,24,33,0,57,0,0,12,0,12,0,24,45,0,69,0,0,0,69
12/12/2016,MKC,MO,ACE,CE,Towers with Radar,0,28,39,1,68,0,2,35,0,37,0,30,74,1,105,56,0,56,161
12/13/2016,MKC,MO,ACE,CE,Towers with Radar,0,32,48,1,81,1,8,47,2,58,1,40,95,3,139,33,0,33,172
12/14/2016,MKC,MO,ACE,CE,Towers with Radar,2,42,52,0,96,0,2,74,0,76,2,44,126,0,172,10,0,10,182
12/15/2016,MKC,MO,ACE,CE,Towers with Radar,0,34,50,0,84,0,5,47,3,55,0,39,97,3,139,2,0,2,141
12/16/2016,MKC,MO,ACE,CE,Towers with Radar,0,41,47,0,88,0,0,0,0,0,0,41,47,0,88,0,0,0,88
12/17/2016,MKC,MO,ACE,CE,Towers with Radar,0,11,7,0,18,0,0,0,0,0,0,11,7,0,18,0,0,0,18
12/18/2016,MKC,MO,ACE,CE,Towers with Radar,2,17,46,0,65,0,0,56,0,56,2,17,102,0,121,21,0,21,142
12/19/2016,MKC,MO,ACE,CE,Towers with Radar,0,30,31,0,61,0,1,62,2,65,0,31,93,2,126,24,0,24,150
12/20/2016,MKC,MO,ACE,CE,Towers with Radar,0,26,39,4,69,0,8,51,3,62,0,34,90,7,131,50,0,50,181
12/21/2016,MKC,MO,ACE,CE,Towers with Radar,0,28,38,3,69,0,8,102,1,111,0,36,140,4,180,48,0,48,228
12/22/2016,MKC,MO,ACE,CE,Towers with Radar,0,42,37,0,79,0,25,118,0,143,0,67,155,0,222,71,0,71,293
12/23/2016,MKC,MO,ACE,CE,Towers with Radar,0,25,38,0,63,0,2,171,0,173,0,27,209,0,236,46,2,48,284
12/24/2016,MKC,MO,ACE,CE,Towers with Radar,0,23,15,0,38,0,1,1,0,2,0,24,16,0,40,0,0,0,40
12/25/2016,MKC,MO,ACE,CE,Towers with Radar,0,15,14,0,29,0,0,2,0,2,0,15,16,0,31,0,0,0,31
12/26/2016,MKC,MO,ACE,CE,Towers with Radar,0,35,58,0,93,0,8,125,0,133,0,43,183,0,226,48,0,48,274
12/27/2016,MKC,MO,ACE,CE,Towers with Radar,0,31,46,2,79,0,2,144,7,153,0,33,190,9,232,58,0,58,290
12/28/2016,MKC,MO,ACE,CE,Towers with Radar,0,38,46,0,84,0,18,95,11,124,0,56,141,11,208,53,2,55,263
12/29/2016,MKC,MO,ACE,CE,Towers with Radar,0,17,22,0,39,0,14,43,1,58,0,31,65,1,97,31,0,31,128
12/30/2016,MKC,MO,ACE,CE,Towers with Radar,0,27,25,0,52,0,0,85,0,85,0,27,110,0,137,62,0,62,199
12/31/2016,MKC,MO,ACE,CE,Towers with Radar,0,17,14,0,31,0,2,72,0,74,0,19,86,0,105,88,0,88,193
01/01/2017,MKC,MO,ACE,CE,Towers with Radar,0,15,31,0,46,0,4,49,0,53,0,19,80,0,99,68,0,68,167
01/02/2017,MKC,MO,ACE,CE,Towers with Radar,0,33,41,0,74,0,0,2,0,2,0,33,43,0,76,0,0,0,76
01/03/2017,MKC,MO,ACE,CE,Towers with Radar,0,36,27,1,64,0,6,16,0,22,0,42,43,1,86,46,0,46,132
01/04/2017,MKC,MO,ACE,CE,Towers with Radar,0,22,31,0,53,0,3,41,0,44,0,25,72,0,97,18,0,18,115
01/05/2017,MKC,MO,ACE,CE,Towers with Radar,0,37,24,0,61,0,4,30,0,34,0,41,54,0,95,29,0,29,124
01/06/2017,MKC,MO,ACE,CE,Towers with Radar,0,30,33,0,63,0,8,107,0,115,0,38,140,0,178,30,0,30,208
01/07/2017,MKC,MO,ACE,CE,Towers with Radar,0,17,40,2,59,0,5,111,2,118,0,22,151,4,177,46,0,46,223
01/08/2017,MKC,MO,ACE,CE,Towers with Radar,0,16,22,2,40,0,1,58,0,59,0,17,80,2,99,20,0,20,119
01/09/2017,MKC,MO,ACE,CE,Towers with Radar,0,29,36,0,65,0,6,66,1,73,0,35,102,1,138,92,0,92,230
01/10/2017,MKC,MO,ACE,CE,Towers with Radar,0,30,28,1,59,0,2,17,2,21,0,32,45,3,80,0,0,0,80
01/11/2017,MKC,MO,ACE,CE,Towers with Radar,0,31,46,1,78,1,4,47,8,60,1,35,93,9,138,10,0,10,148
01/12/2017,MKC,MO,ACE,CE,Towers with Radar,0,27,50,0,77,0,2,119,0,121,0,29,169,0,198,11,0,11,209
01/13/2017,MKC,MO,ACE,CE,Towers with Radar,0,23,39,0,62,0,0,44,0,44,0,23,83,0,106,0,0,0,106
01/14/2017,MKC,MO,ACE,CE,Towers with Radar,0,20,15,0,35,0,0,12,0,12,0,20,27,0,47,0,0,0,47
01/15/2017,MKC,MO,ACE,CE,Towers with Radar,0,10,15,0,25,0,0,0,0,0,0,10,15,0,25,0,0,0,25
01/16/2017,MKC,MO,ACE,CE,Towers with Radar,0,10,34,0,44,0,0,0,0,0,0,10,34,0,44,0,0,0,44
01/17/2017,MKC,MO,ACE,CE,Towers with Radar,0,30,53,0,83,0,0,0,0,0,0,30,53,0,83,0,0,0,83
01/18/2017,MKC,MO,ACE,CE,Towers with Radar,0,39,71,4,114,0,12,90,1,103,0,51,161,5,217,21,0,21,238
01/19/2017,MKC,MO,ACE,CE,Towers with Radar,0,30,63,0,93,0,0,10,0,10,0,30,73,0,103,0,0,0,103
01/20/2017,MKC,MO,ACE,CE,Towers with Radar,0,33,51,0,84,0,0,7,0,7,0,33,58,0,91,0,0,0,91
01/21/2017,MKC,MO,ACE,CE,Towers with Radar,0,30,25,1,56,0,1,170,0,171,0,31,195,1,227,64,0,64,291
01/22/2017,MKC,MO,ACE,CE,Towers with Radar,0,20,46,0,66,0,0,24,0,24,0,20,70,0,90,6,0,6,96
01/23/2017,MKC,MO,ACE,CE,Towers with Radar,0,22,55,0,77,0,0,39,0,39,0,22,94,0,116,76,0,76,192
01/24/2017,MKC,MO,ACE,CE,Towers with Radar,0,32,46,0,78,0,1,24,1,26,0,33,70,1,104,13,0,13,117
01/25/2017,MKC,MO,ACE,CE,Towers with Radar,0,35,48,0,83,0,6,24,0,30,0,41,72,0,113,12,0,12,125
01/26/2017,MKC,MO,ACE,CE,Towers with Radar,0,50,63,0,113,0,3,50,1,54,0,53,113,1,167,10,0,10,177
01/27/2017,MKC,MO,ACE,CE,Towers with Radar,0,35,35,2,72,0,8,53,0,61,0,43,88,2,133,26,0,26,159
01/28/2017,MKC,MO,ACE,CE,Towers with Radar,0,15,18,0,33,0,9,115,0,124,0,24,133,0,157,0,0,0,157
01/29/2017,MKC,MO,ACE,CE,Towers with Radar,0,18,31,3,52,0,10,118,0,128,0,28,149,3,180,114,2,116,296
01/30/2017,MKC,MO,ACE,CE,Towers with Radar,0,31,49,2,82,0,0,65,0,65,0,31,114,2,147,41,0,41,188
01/31/2017,MKC,MO,ACE,CE,Towers with Radar,0,32,60,1,93,0,9,132,0,141,0,41,192,1,234,112,0,112,346
02/01/2017,MKC,MO,ACE,CE,Towers with Radar,0,32,61,3,96,0,5,78,4,87,0,37,139,7,183,28,0,28,211
02/02/2017,MKC,MO,ACE,CE,Towers with Radar,0,22,48,0,70,0,0,38,0,38,0,22,86,0,108,0,0,0,108
02/03/2017,MKC,MO,ACE,CE,Towers with Radar,0,26,33,1,60,0,10,69,0,79,0,36,102,1,139,0,0,0,139
02/04/2017,MKC,MO,ACE,CE,Towers with Radar,0,24,21,0,45,0,2,47,0,49,0,26,68,0,94,30,0,30,124
02/05/2017,MKC,MO,ACE,CE,Towers with Radar,0,33,27,2,62,0,0,69,3,72,0,33,96,5,134,66,0,66,200
02/06/2017,MKC,MO,ACE,CE,Towers with Radar,0,26,37,2,65,0,0,29,0,29,0,26,66,2,94,14,0,14,108
02/07/2017,MKC,MO,ACE,CE,Towers with Radar,0,28,53,2,83,0,0,21,2,23,0,28,74,4,106,6,0,6,112
02/08/2017,MKC,MO,ACE,CE,Towers with Radar,0,41,58,0,99,0,1,40,0,41,0,42,98,0,140,17,0,17,157
02/09/2017,MKC,MO,ACE,CE,Towers with Radar,0,37,48,2,87,0,7,62,4,73,0,44,110,6,160,20,0,20,180
02/10/2017,MKC,MO,ACE,CE,Towers with Radar,0,27,60,0,87,0,2,14,3,19,0,29,74,3,106,0,0,0,106
02/11/2017,MKC,MO,ACE,CE,Towers with Radar,0,18,33,0,51,0,6,182,1,189,0,24,215,1,240,142,0,142,382
02/12/2017,MKC,MO,ACE,CE,Towers with Radar,0,20,36,0,56,0,0,129,0,129,0,20,165,0,185,0,0,0,185
02/13/2017,MKC,MO,ACE,CE,Towers with Radar,1,17,50,0,68,0,1,24,0,25,1,18,74,0,93,73,0,73,166
02/14/2017,MKC,MO,ACE,CE,Towers with Radar,0,42,51,2,95,0,7,251,0,258,0,49,302,2,353,148,2,150,503
02/15/2017,MKC,MO,ACE,CE,Towers with Radar,0,41,76,2,119,0,7,119,9,135,0,48,195,11,254,30,0,30,284
02/16/2017,MKC,MO,ACE,CE,Towers with Radar,0,33,65,4,102,0,2,135,4,141,0,35,200,8,243,68,0,68,311
02/17/2017,MKC,MO,ACE,CE,Towers with Radar,0,34,54,0,88,0,3,92,5,100,0,37,146,5,188,52,0,52,240
02/18/2017,MKC,MO,ACE,CE,Towers with Radar,0,30,27,0,57,0,9,308,1,318,0,39,335,1,375,102,0,102,477
02/19/2017,MKC,MO,ACE,CE,Towers with Radar,0,21,31,0,52,0,1,109,0,110,0,22,140,0,162,12,0,12,174
02/20/2017,MKC,MO,ACE,CE,Towers with Radar,0,39,45,0,84,0,4,60,0,64,0,43,105,0,148,28,0,28,176
02/21/2017,MKC,MO,ACE,CE,Towers with Radar,0,37,57,0,94,0,8,36,0,44,0,45,93,0,138,17,0,17,155
02/22/2017,MKC,MO,ACE,CE,Towers with Radar,0,44,55,2,101,0,11,171,0,182,0,55,226,2,283,34,0,34,317
02/23/2017,MKC,MO,ACE,CE,Towers with Radar,0,43,55,0,98,0,7,54,2,63,0,50,109,2,161,4,0,4,165
02/24/2017,MKC,MO,ACE,CE,Towers with Radar,0,38,47,0,85,0,0,7,0,7,0,38,54,0,92,10,0,10,102
02/25/2017,MKC,MO,ACE,CE,Towers with Radar,1,24,32,0,57,0,1,136,2,139,1,25,168,2,196,77,0,77,273
02/26/2017,MKC,MO,ACE,CE,Towers with Radar,0,23,36,0,59,0,5,60,0,65,0,28,96,0,124,47,0,47,171
02/27/2017,MKC,MO,ACE,CE,Towers with Radar,0,25,48,0,73,0,0,61,0,61,0,25,109,0,134,19,0,19,153
02/28/2017,MKC,MO,ACE,CE,Towers with Radar,0,24,46,2,72,0,0,19,0,19,0,24,65,2,91,4,0,4,95
03/01/2017,MKC,MO,ACE,CE,Towers with Radar,0,19,40,0,59,0,11,57,2,70,0,30,97,2,129,12,0,12,141
03/02/2017,MKC,MO,ACE,CE,Towers with Radar,0,20,56,0,76,0,3,58,4,65,0,23,114,4,141,12,0,12,153
03/03/2017,MKC,MO,ACE,CE,Towers with Radar,0,24,72,0,96,0,5,48,0,53,0,29,120,0,149,78,0,78,227
03/04/2017,MKC,MO,ACE,CE,Towers with Radar,0,24,23,0,47,0,5,164,9,178,0,29,187,9,225,8,0,8,233
03/05/2017,MKC,MO,ACE,CE,Towers with Radar,0,21,23,0,44,0,0,45,1,46,0,21,68,1,90,52,0,52,142
03/06/2017,MKC,MO,ACE,CE,Towers with Radar,2,15,38,4,59,0,0,11,0,11,2,15,49,4,70,0,0,0,70
03/07/2017,MKC,MO,ACE,CE,Towers with Radar,1,28,58,0,87,0,1,29,0,30,1,29,87,0,117,27,0,27,144
03/08/2017,MKC,MO,ACE,CE,Towers with Radar,2,47,89,1,139,22,12,82,2,118,24,59,171,3,257,74,0,74,331
03/09/2017,MKC,MO,ACE,CE,Towers with Radar,1,53,84,0,138,0,5,72,1,78,1,58,156,1,216,18,0,18,234
03/10/2017,MKC,MO,ACE,CE,Towers with Radar,5,51,63,0,119,1,18,106,0,125,6,69,169,0,244,43,0,43,287
03/11/2017,MKC,MO,ACE,CE,Towers with Radar,2,36,41,0,79,0,0,5,0,5,2,36,46,0,84,0,0,0,84
03/12/2017,MKC,MO,ACE,CE,Towers with Radar,0,29,51,0,80,0,0,53,0,53,0,29,104,0,133,26,0,26,159
03/13/2017,MKC,MO,ACE,CE,Towers with Radar,0,34,47,0,81,0,1,15,0,16,0,35,62,0,97,41,0,41,138
03/14/2017,MKC,MO,ACE,CE,Towers with Radar,0,28,31,0,59,0,3,31,0,34,0,31,62,0,93,11,0,11,104
03/15/2017,MKC,MO,ACE,CE,Towers with Radar,0,21,47,2,70,0,4,78,5,87,0,25,125,7,157,85,0,85,242
03/16/2017,MKC,MO,ACE,CE,Towers with Radar,0,31,55,0,86,0,5,35,2,42,0,36,90,2,128,68,0,68,196
03/17/2017,MKC,MO,ACE,CE,Towers with Radar,0,31,42,0,73,0,3,71,1,75,0,34,113,1,148,119,6,125,273
03/18/2017,MKC,MO,ACE,CE,Towers with Radar,0,35,25,0,60,0,4,176,1,181,0,39,201,1,241,93,0,93,334
03/19/2017,MKC,MO,ACE,CE,Towers with Radar,0,44,48,0,92,0,0,88,0,88,0,44,136,0,180,46,0,46,226
03/20/2017,MKC,MO,ACE,CE,Towers with Radar,0,51,62,3,116,0,9,109,0,118,0,60,171,3,234,66,0,66,300
03/21/2017,MKC,MO,ACE,CE,Towers with Radar,6,38,49,2,95,0,1,80,2,83,6,39,129,4,178,82,0,82,260
03/22/2017,MKC,MO,ACE,CE,Towers with Radar,0,33,69,4,106,0,9,105,8,122,0,42,174,12,228,24,0,24,252
03/23/2017,MKC,MO,ACE,CE,Towers with Radar,0,63,89,0,152,0,4,33,0,37,0,67,122,0,189,16,0,16,205
03/24/2017,MKC,MO,ACE,CE,Towers with Radar,4,38,54,0,96,0,3,3,0,6,4,41,57,0,102,2,0,2,104
03/25/2017,MKC,MO,ACE,CE,Towers with Radar,0,34,44,0,78,0,0,4,0,4,0,34,48,0,82,0,0,0,82
03/26/2017,MKC,MO,ACE,CE,Towers with Radar,0,22,51,0,73,0,1,38,0,39,0,23,89,0,112,28,0,28,140
03/27/2017,MKC,MO,ACE,CE,Towers with Radar,0,34,38,2,74,0,0,20,0,20,0,34,58,2,94,26,0,26,120
03/28/2017,MKC,MO,ACE,CE,Towers with Radar,0,55,59,0,114,0,0,2,0,2,0,55,61,0,116,0,0,0,116
03/29/2017,MKC,MO,ACE,CE,Towers with Radar,0,36,30,2,68,0,6,0,0,6,0,42,30,2,74,0,0,0,74
03/30/2017,MKC,MO,ACE,CE,Towers with Radar,0,44,55,0,99,0,0,3,0,3,0,44,58,0,102,0,0,0,102
03/31/2017,MKC,MO,ACE,CE,Towers with Radar,0,35,55,0,90,0,0,4,0,4,0,35,59,0,94,20,0,20,114
04/01/2017,MKC,MO,ACE,CE,Towers with Radar,0,18,23,2,43,0,1,103,0,104,0,19,126,2,147,91,0,91,238
04/02/2017,MKC,MO,ACE,CE,Towers with Radar,0,15,27,0,42,0,0,1,0,1,0,15,28,0,43,0,0,0,43
04/03/2017,MKC,MO,ACE,CE,Towers with Radar,0,32,55,0,87,0,0,5,0,5,0,32,60,0,92,10,0,10,102
04/04/2017,MKC,MO,ACE,CE,Towers with Radar,0,48,82,0,130,0,0,11,0,11,0,48,93,0,141,4,0,4,145
04/05/2017,MKC,MO,ACE,CE,Towers with Radar,0,56,51,0,107,0,4,33,4,41,0,60,84,4,148,2,0,2,150
04/06/2017,MKC,MO,ACE,CE,Towers with Radar,0,40,65,0,105,0,14,55,2,71,0,54,120,2,176,26,0,26,202
04/07/2017,MKC,MO,ACE,CE,Towers with Radar,0,33,65,2,100,0,7,60,5,72,0,40,125,7,172,54,0,54,226
04/08/2017,MKC,MO,ACE,CE,Towers with Radar,0,21,46,0,67,0,13,69,0,82,0,34,115,0,149,121,0,121,270
04/09/2017,MKC,MO,ACE,CE,Towers with Radar,2,28,45,0,75,0,0,27,0,27,2,28,72,0,102,0,0,0,102
04/10/2017,MKC,MO,ACE,CE,Towers with Radar,0,22,33,0,55,0,8,91,2,101,0,30,124,2,156,74,0,74,230
04/11/2017,MKC,MO,ACE,CE,Towers with Radar,0,32,74,0,106,0,7,74,0,81,0,39,148,0,187,70,0,70,257
04/12/2017,MKC,MO,ACE,CE,Towers with Radar,0,35,52,2,89,0,7,27,3,37,0,42,79,5,126,43,0,43,169
04/13/2017,MKC,MO,ACE,CE,Towers with Radar,2,27,60,1,90,0,5,47,5,57,2,32,107,6,147,66,0,66,213
04/14/2017,MKC,MO,ACE,CE,Towers with Radar,0,28,57,0,85,0,10,54,1,65,0,38,111,1,150,55,6,61,211
04/15/2017,MKC,MO,ACE,CE,Towers with Radar,0,19,21,2,42,0,12,96,0,108,0,31,117,2,150,40,0,40,190
04/16/2017,MKC,MO,ACE,CE,Towers with Radar,2,27,22,0,51,0,2,57,0,59,2,29,79,0,110,65,0,65,175
04/17/2017,MKC,MO,ACE,CE,Towers with Radar,1,19,59,1,80,0,1,66,0,67,1,20,125,1,147,90,0,90,237
04/18/2017,MKC,MO,ACE,CE,Towers with Radar,0,25,77,0,102,0,5,73,0,78,0,30,150,0,180,56,0,56,236
04/19/2017,MKC,MO,ACE,CE,Towers with Radar,3,34,76,2,115,0,27,104,0,131,3,61,180,2,246,111,2,113,359
04/20/2017,MKC,MO,ACE,CE,Towers with Radar,0,48,62,4,114,0,3,51,1,55,0,51,113,5,169,38,4,42,211
04/21/2017,MKC,MO,ACE,CE,Towers with Radar,0,19,56,0,75,0,6,53,1,60,0,25,109,1,135,54,0,54,189
04/22/2017,MKC,MO,ACE,CE,Towers with Radar,0,39,42,0,81,0,12,116,0,128,0,51,158,0,209,79,0,79,288
04/23/2017,MKC,MO,ACE,CE,Towers with Radar,0,16,44,0,60,0,5,101,0,106,0,21,145,0,166,81,0,81,247
04/24/2017,MKC,MO,ACE,CE,Towers with Radar,0,34,59,1,94,0,1,31,2,34,0,35,90,3,128,6,0,6,134
04/25/2017,MKC,MO,ACE,CE,Towers with Radar,0,41,52,2,95,0,2,30,13,45,0,43,82,15,140,2,0,2,142
04/26/2017,MKC,MO,ACE,CE,Towers with Radar,2,39,57,0,98,0,2,20,0,22,2,41,77,0,120,0,0,0,120
04/27/2017,MKC,MO,ACE,CE,Towers with Radar,2,45,69,3,119,0,21,74,1,96,2,66,143,4,215,96,0,96,311
04/28/2017,MKC,MO,ACE,CE,Towers with Radar,0,45,40,0,85,0,0,9,1,10,0,45,49,1,95,32,0,32,127
04/29/2017,MKC,MO,ACE,CE,Towers with Radar,0,16,14,0,30,0,2,9,0,11,0,18,23,0,41,0,0,0,41
04/30/2017,MKC,MO,ACE,CE,Towers with Radar,4,28,38,0,70,0,1,0,0,1,4,29,38,0,71,0,0,0,71
05/01/2017,MKC,MO,ACE,CE,Towers with Radar,0,43,39,3,85,0,0,45,0,45,0,43,84,3,130,10,0,10,140
05/02/2017,MKC,MO,ACE,CE,Towers with Radar,0,44,59,0,103,0,5,124,2,131,0,49,183,2,234,123,2,125,359
05/03/2017,MKC,MO,ACE,CE,Towers with Radar,0,44,47,2,93,0,1,41,0,42,0,45,88,2,135,42,0,42,177
05/04/2017,MKC,MO,ACE,CE,Towers with Radar,4,56,77,0,137,0,9,34,0,43,4,65,111,0,180,30,0,30,210
05/05/2017,MKC,MO,ACE,CE,Towers with Radar,0,46,64,0,110,0,14,68,3,85,0,60,132,3,195,25,0,25,220
05/06/2017,MKC,MO,ACE,CE,Towers with Radar,0,25,32,0,57,6,3,271,0,280,6,28,303,0,337,105,0,105,442
05/07/2017,MKC,MO,ACE,CE,Towers with Radar,4,32,71,0,107,0,3,193,2,198,4,35,264,2,305,46,0,46,351
05/08/2017,MKC,MO,ACE,CE,Towers with Radar,0,30,71,0,101,0,1,94,1,96,0,31,165,1,197,122,4,126,323
05/09/2017,MKC,MO,ACE,CE,Towers with Radar,0,44,72,1,117,0,9,116,7,132,0,53,188,8,249,66,0,66,315
05/10/2017,MKC,MO,ACE,CE,Towers with Radar,0,55,94,0,149,1,1,25,0,27,1,56,119,0,176,54,0,54,230
05/11/2017,MKC,MO,ACE,CE,Towers with Radar,2,59,74,0,135,0,8,34,0,42,2,67,108,0,177,86,0,86,263
05/12/2017,MKC,MO,ACE,CE,Towers with Radar,2,48,105,1,156,0,9,78,10,97,2,57,183,11,253,18,0,18,271
05/13/2017,MKC,MO,ACE,CE,Towers with Radar,0,31,69,0,100,0,9,89,15,113,0,40,158,15,213,35,1,36,249
05/14/2017,MKC,MO,ACE,CE,Towers with Radar,0,22,49,0,71,0,6,79,0,85,0,28,128,0,156,29,0,29,185
05/15/2017,MKC,MO,ACE,CE,Towers with Radar,1,31,54,1,87,0,10,78,8,96,1,41,132,9,183,53,0,53,236
05/16/2017,MKC,MO,ACE,CE,Towers with Radar,0,44,82,4,130,0,2,73,3,78,0,46,155,7,208,66,0,66,274
05/17/2017,MKC,MO,ACE,CE,Towers with Radar,1,49,59,0,109,0,1,24,0,25,1,50,83,0,134,2,0,2,136
05/18/2017,MKC,MO,ACE,CE,Towers with Radar,1,38,72,3,114,0,7,55,2,64,1,45,127,5,178,60,0,60,238
05/19/2017,MKC,MO,ACE,CE,Towers with Radar,2,35,33,0,70,0,4,13,0,17,2,39,46,0,87,24,0,24,111
05/20/2017,MKC,MO,ACE,CE,Towers with Radar,0,21,40,0,61,0,0,153,0,153,0,21,193,0,214,26,0,26,240
05/21/2017,MKC,MO,ACE,CE,Towers with Radar,0,21,42,0,63,0,6,74,0,80,0,27,116,0,143,59,0,59,202
05/22/2017,MKC,MO,ACE,CE,Towers with Radar,0,35,55,0,90,0,2,31,0,33,0,37,86,0,123,47,0,47,170
05/23/2017,MKC,MO,ACE,CE,Towers with Radar,0,47,55,5,107,0,1,33,0,34,0,48,88,5,141,48,2,50,191
05/24/2017,MKC,MO,ACE,CE,Towers with Radar,2,38,65,0,105,0,16,80,2,98,2,54,145,2,203,82,0,82,285
05/25/2017,MKC,MO,ACE,CE,Towers with Radar,1,49,96,2,148,0,2,60,2,64,1,51,156,4,212,23,0,23,235
05/26/2017,MKC,MO,ACE,CE,Towers with Radar,1,36,50,0,87,0,1,59,0,60,1,37,109,0,147,0,0,0,147
05/27/2017,MKC,MO,ACE,CE,Towers with Radar,0,18,17,0,35,0,3,68,0,71,0,21,85,0,106,55,0,55,161
05/28/2017,MKC,MO,ACE,CE,Towers with Radar,2,20,30,0,52,0,7,100,0,107,2,27,130,0,159,30,0,30,189
05/29/2017,MKC,MO,ACE,CE,Towers with Radar,0,16,32,0,48,0,0,104,2,106,0,16,136,2,154,14,0,14,168
05/30/2017,MKC,MO,ACE,CE,Towers with Radar,0,24,46,0,70,0,4,42,1,47,0,28,88,1,117,22,0,22,139
05/31/2017,MKC,MO,ACE,CE,Towers with Radar,0,38,40,1,79,0,7,79,1,87,0,45,119,2,166,52,0,52,218
06/01/2017,MKC,MO,ACE,CE,Towers with Radar,2,43,33,0,78,0,7,22,1,30,2,50,55,1,108,30,0,30,138
06/02/2017,MKC,MO,ACE,CE,Towers with Radar,0,46,40,1,87,0,13,73,6,92,0,59,113,7,179,12,0,12,191
06/03/2017,MKC,MO,ACE,CE,Towers with Radar,0,29,42,0,71,0,6,132,4,142,0,35,174,4,213,142,0,142,355
06/04/2017,MKC,MO,ACE,CE,Towers with Radar,4,19,33,0,56,0,0,32,0,32,4,19,65,0,88,20,0,20,108
06/05/2017,MKC,MO,ACE,CE,Towers with Radar,0,33,50,2,85,0,10,67,11,88,0,43,117,13,173,56,0,56,229
06/06/2017,MKC,MO,ACE,CE,Towers with Radar,0,53,60,1,114,6,3,60,8,77,6,56,120,9,191,1,0,1,192
06/07/2017,MKC,MO,ACE,CE,Towers with Radar,0,53,77,4,134,0,14,79,4,97,0,67,156,8,231,113,2,115,346
06/08/2017,MKC,MO,ACE,CE,Towers with Radar,4,62,67,2,135,0,22,71,1,94,4,84,138,3,229,22,0,22,251
06/09/2017,MKC,MO,ACE,CE,Towers with Radar,0,41,65,0,106,0,27,100,1,128,0,68,165,1,234,10,0,10,244
06/10/2017,MKC,MO,ACE,CE,Towers with Radar,0,28,36,0,64,0,5,133,0,138,0,33,169,0,202,30,0,30,232
06/11/2017,MKC,MO,ACE,CE,Towers with Radar,0,15,40,0,55,0,11,70,0,81,0,26,110,0,136,8,0,8,144
06/12/2017,MKC,MO,ACE,CE,Towers with Radar,0,32,42,2,76,0,0,63,0,63,0,32,105,2,139,24,0,24,163
06/13/2017,MKC,MO,ACE,CE,Towers with Radar,0,51,65,2,118,0,6,69,2,77,0,57,134,4,195,0,6,6,201
06/14/2017,MKC,MO,ACE,CE,Towers with Radar,0,44,58,0,102,0,1,42,0,43,0,45,100,0,145,0,0,0,145
06/15/2017,MKC,MO,ACE,CE,Towers with Radar,1,47,53,5,106,0,9,74,14,97,1,56,127,19,203,38,5,43,246
06/16/2017,MKC,MO,ACE,CE,Towers with Radar,0,50,55,2,107,0,6,45,2,53,0,56,100,4,160,61,0,61,221
06/17/2017,MKC,MO,ACE,CE,Towers with Radar,0,28,47,0,75,0,0,116,0,116,0,28,163,0,191,14,0,14,205
06/18/2017,MKC,MO,ACE,CE,Towers with Radar,1,35,33,0,69,0,2,62,1,65,1,37,95,1,134,13,0,13,147
06/19/2017,MKC,MO,ACE,CE,Towers with Radar,2,34,43,0,79,0,5,60,0,65,2,39,103,0,144,70,0,70,214
06/20/2017,MKC,MO,ACE,CE,Towers with Radar,0,47,55,3,105,0,6,59,4,69,0,53,114,7,174,30,0,30,204
06/21/2017,MKC,MO,ACE,CE,Towers with Radar,1,62,68,2,133,0,10,88,0,98,1,72,156,2,231,44,0,44,275
06/22/2017,MKC,MO,ACE,CE,Towers with Radar,1,50,65,0,116,0,24,72,5,101,1,74,137,5,217,48,0,48,265
06/23/2017,MKC,MO,ACE,CE,Towers with Radar,0,38,47,0,85,0,20,45,0,65,0,58,92,0,150,26,0,26,176
06/24/2017,MKC,MO,ACE,CE,Towers with Radar,0,39,53,0,92,0,9,97,0,106,0,48,150,0,198,69,0,69,267
06/25/2017,MKC,MO,ACE,CE,Towers with Radar,1,24,43,0,68,0,1,109,0,110,1,25,152,0,178,42,0,42,220
06/26/2017,MKC,MO,ACE,CE,Towers with Radar,2,29,61,0,92,0,0,41,0,41,2,29,102,0,133,21,0,21,154
06/27/2017,MKC,MO,ACE,CE,Towers with Radar,0,47,63,2,112,0,6,86,8,100,0,53,149,10,212,10,2,12,224
06/28/2017,MKC,MO,ACE,CE,Towers with Radar,0,56,63,2,121,0,12,74,0,86,0,68,137,2,207,26,0,26,233
06/29/2017,MKC,MO,ACE,CE,Towers with Radar,2,39,59,0,100,0,2,34,2,38,2,41,93,2,138,40,0,40,178
06/30/2017,MKC,MO,ACE,CE,Towers with Radar,2,59,62,3,126,0,8,57,2,67,2,67,119,5,193,48,0,48,241
07/01/2017,MKC,MO,ACE,CE,Towers with Radar,0,30,30,0,60,0,7,177,0,184,0,37,207,0,244,102,0,102,346
07/02/2017,MKC,MO,ACE,CE,Towers with Radar,5,17,36,0,58,0,0,69,0,69,5,17,105,0,127,32,0,32,159
07/03/2017,MKC,MO,ACE,CE,Towers with Radar,0,18,16,3,37,0,4,47,0,51,0,22,63,3,88,0,0,0,88
07/04/2017,MKC,MO,ACE,CE,Towers with Radar,0,22,7,0,29,0,5,20,3,28,0,27,27,3,57,80,0,80,137
07/05/2017,MKC,MO,ACE,CE,Towers with Radar,0,33,36,0,69,0,16,58,1,75,0,49,94,1,144,56,0,56,200
07/06/2017,MKC,MO,ACE,CE,Towers with Radar,0,42,36,4,82,0,3,63,1,67,0,45,99,5,149,54,0,54,203
07/07/2017,MKC,MO,ACE,CE,Towers with Radar,0,32,45,4,81,0,23,70,3,96,0,55,115,7,177,27,0,27,204
07/08/2017,MKC,MO,ACE,CE,Towers with Radar,0,25,24,0,49,0,12,85,0,97,0,37,109,0,146,116,0,116,262
07/09/2017,MKC,MO,ACE,CE,Towers with Radar,2,26,51,0,79,0,3,55,0,58,2,29,106,0,137,30,0,30,167
07/10/2017,MKC,MO,ACE,CE,Towers with Radar,0,35,45,2,82,0,2,75,1,78,0,37,120,3,160,59,2,61,221
07/11/2017,MKC,MO,ACE,CE,Towers with Radar,0,44,59,1,104,0,2,85,2,89,0,46,144,3,193,30,0,30,223
07/12/2017,MKC,MO,ACE,CE,Towers with Radar,0,55,62,0,117,0,25,92,5,122,0,80,154,5,239,88,0,88,327
07/13/2017,MKC,MO,ACE,CE,Towers with Radar,0,50,59,0,109,0,0,43,8,51,0,50,102,8,160,40,0,40,200
07/14/2017,MKC,MO,ACE,CE,Towers with Radar,0,42,75,0,117,0,2,63,1,66,0,44,138,1,183,12,0,12,195
07/15/2017,MKC,MO,ACE,CE,Towers with Radar,0,28,34,0,62,0,4,195,5,204,0,32,229,5,266,96,0,96,362
07/16/2017,MKC,MO,ACE,CE,Towers with Radar,0,31,43,0,74,0,3,78,0,81,0,34,121,0,155,22,0,22,177
07/17/2017,MKC,MO,ACE,CE,Towers with Radar,0,31,66,0,97,0,3,66,0,69,0,34,132,0,166,40,0,40,206
07/18/2017,MKC,MO,ACE,CE,Towers with Radar,0,34,53,0,87,0,2,94,2,98,0,36,147,2,185,76,0,76,261
07/19/2017,MKC,MO,ACE,CE,Towers with Radar,0,44,49,2,95,0,13,65,5,83,0,57,114,7,178,78,0,78,256
07/20/2017,MKC,MO,ACE,CE,Towers with Radar,2,72,73,0,147,0,0,50,9,59,2,72,123,9,206,31,0,31,237
07/21/2017,MKC,MO,ACE,CE,Towers with Radar,0,58,58,0,116,0,3,51,4,58,0,61,109,4,174,0,0,0,174
07/22/2017,MKC,MO,ACE,CE,Towers with Radar,0,33,27,0,60,0,3,84,2,89,0,36,111,2,149,15,0,15,164
07/23/2017,MKC,MO,ACE,CE,Towers with Radar,4,19,35,0,58,0,5,66,0,71,4,24,101,0,129,56,0,56,185
07/24/2017,MKC,MO,ACE,CE,Towers with Radar,0,36,42,0,78,0,2,59,2,63,0,38,101,2,141,16,0,16,157
07/25/2017,MKC,MO,ACE,CE,Towers with Radar,0,44,71,2,117,1,12,81,7,101,1,56,152,9,218,14,0,14,232
07/26/2017,MKC,MO,ACE,CE,Towers with Radar,0,29,48,0,77,0,2,52,0,54,0,31,100,0,131,16,0,16,147
07/27/2017,MKC,MO,ACE,CE,Towers with Radar,0,36,53,0,89,0,0,21,0,21,0,36,74,0,110,0,0,0,110
07/28/2017,MKC,MO,ACE,CE,Towers with Radar,0,39,55,3,97,0,4,41,3,48,0,43,96,6,145,2,0,2,147
07/29/2017,MKC,MO,ACE,CE,Towers with Radar,0,33,27,1,61,0,0,147,0,147,0,33,174,1,208,56,0,56,264
07/30/2017,MKC,MO,ACE,CE,Towers with Radar,0,30,38,0,68,0,0,120,0,120,0,30,158,0,188,56,0,56,244
07/31/2017,MKC,MO,ACE,CE,Towers with Radar,0,32,42,0,74,0,3,87,0,90,0,35,129,0,164,112,0,112,276
08/01/2017,MKC,MO,ACE,CE,Towers with Radar,0,50,52,7,109,0,2,90,6,98,0,52,142,13,207,66,0,66,273
08/02/2017,MKC,MO,ACE,CE,Towers with Radar,0,51,62,0,113,0,2,100,14,116,0,53,162,14,229,22,0,22,251
08/03/2017,MKC,MO,ACE,CE,Towers with Radar,5,53,73,1,132,0,5,65,2,72,5,58,138,3,204,24,0,24,228
08/04/2017,MKC,MO,ACE,CE,Towers with Radar,0,48,39,0,87,0,6,62,1,69,0,54,101,1,156,6,0,6,162
08/05/2017,MKC,MO,ACE,CE,Towers with Radar,0,23,26,0,49,0,6,11,0,17,0,29,37,0,66,0,0,0,66
08/06/2017,MKC,MO,ACE,CE,Towers with Radar,2,34,50,0,86,0,0,48,1,49,2,34,98,1,135,34,0,34,169
08/07/2017,MKC,MO,ACE,CE,Towers with Radar,0,28,37,0,65,0,3,115,5,123,0,31,152,5,188,74,2,76,264
08/08/2017,MKC,MO,ACE,CE,Towers with Radar,1,45,50,0,96,0,2,81,4,87,1,47,131,4,183,42,0,42,225
08/09/2017,MKC,MO,ACE,CE,Towers with Radar,2,48,51,3,104,0,9,117,7,133,2,57,168,10,237,82,0,82,319
08/10/2017,MKC,MO,ACE,CE,Towers with Radar,0,50,50,5,105,0,14,68,18,100,0,64,118,23,205,0,0,0,205
08/11/2017,MKC,MO,ACE,CE,Towers with Radar,0,50,52,6,108,1,25,65,2,93,1,75,117,8,201,38,2,40,241
08/12/2017,MKC,MO,ACE,CE,Towers with Radar,0,23,34,0,57,0,16,122,1,139,0,39,156,1,196,24,0,24,220
08/13/2017,MKC,MO,ACE,CE,Towers with Radar,0,26,44,0,70,0,1,123,0,124,0,27,167,0,194,67,0,67,261
08/14/2017,MKC,MO,ACE,CE,Towers with Radar,0,25,58,0,83,0,0,30,0,30,0,25,88,0,113,10,0,10,123
08/15/2017,MKC,MO,ACE,CE,Towers with Radar,0,52,73,1,126,0,4,85,1,90,0,56,158,2,216,58,0,58,274
08/16/2017,MKC,MO,ACE,CE,Towers with Radar,1,44,52,2,99,0,6,27,0,33,1,50,79,2,132,8,0,8,140
08/17/2017,MKC,MO,ACE,CE,Towers with Radar,1,44,64,4,113,0,5,51,0,56,1,49,115,4,169,84,0,84,253
08/18/2017,MKC,MO,ACE,CE,Towers with Radar,2,48,60,0,110,0,14,56,0,70,2,62,116,0,180,38,0,38,218
08/19/2017,MKC,MO,ACE,CE,Towers with Radar,0,33,24,0,57,0,2,50,0,52,0,35,74,0,109,16,0,16,125
08/20/2017,MKC,MO,ACE,CE,Towers with Radar,2,50,34,0,86,0,15,89,0,104,2,65,123,0,190,35,0,35,225
08/21/2017,MKC,MO,ACE,CE,Towers with Radar,0,24,46,0,70,0,3,67,7,77,0,27,113,7,147,29,0,29,176
08/22/2017,MKC,MO,ACE,CE,Towers with Radar,0,58,51,0,109,0,2,67,2,71,0,60,118,2,180,46,0,46,226
08/23/2017,MKC,MO,ACE,CE,Towers with Radar,0,48,57,0,105,0,9,125,0,134,0,57,182,0,239,46,0,46,285
08/24/2017,MKC,MO,ACE,CE,Towers with Radar,2,52,69,0,123,0,7,62,13,82,2,59,131,13,205,59,12,71,276
08/25/2017,MKC,MO,ACE,CE,Towers with Radar,0,41,55,6,102,0,9,97,5,111,0,50,152,11,213,70,0,70,283
08/26/2017,MKC,MO,ACE,CE,Towers with Radar,0,30,33,0,63,0,11,94,1,106,0,41,127,1,169,64,0,64,233
08/27/2017,MKC,MO,ACE,CE,Towers with Radar,3,23,32,0,58,0,2,51,0,53,3,25,83,0,111,40,0,40,151
08/28/2017,MKC,MO,ACE,CE,Towers with Radar,0,35,53,0,88,0,0,57,3,60,0,35,110,3,148,64,0,64,212
08/29/2017,MKC,MO,ACE,CE,Towers with Radar,0,48,51,0,99,0,5,60,2,67,0,53,111,2,166,74,0,74,240
08/30/2017,MKC,MO,ACE,CE,Towers with Radar,1,47,58,2,108,0,10,58,1,69,1,57,116,3,177,80,1,81,258
08/31/2017,MKC,MO,ACE,CE,Towers with Radar,2,70,73,2,147,0,5,80,2,87,2,75,153,4,234,95,0,95,329
09/01/2017,MKC,MO,ACE,CE,Towers with Radar,0,45,68,2,115,0,10,101,7,118,0,55,169,9,233,46,0,46,279
09/02/2017,MKC,MO,ACE,CE,Towers with Radar,0,33,34,2,69,0,0,41,4,45,0,33,75,6,114,44,4,48,162
09/03/2017,MKC,MO,ACE,CE,Towers with Radar,0,17,18,0,35,0,3,86,1,90,0,20,104,1,125,24,0,24,149
09/04/2017,MKC,MO,ACE,CE,Towers with Radar,0,25,52,0,77,0,0,94,0,94,0,25,146,0,171,108,0,108,279
09/05/2017,MKC,MO,ACE,CE,Towers with Radar,0,44,43,0,87,0,15,99,3,117,0,59,142,3,204,30,0,30,234
09/06/2017,MKC,MO,ACE,CE,Towers with Radar,1,59,58,2,120,0,9,65,0,74,1,68,123,2,194,82,0,82,276
09/07/2017,MKC,MO,ACE,CE,Towers with Radar,2,44,55,3,104,0,4,38,1,43,2,48,93,4,147,66,0,66,213
09/08/2017,MKC,MO,ACE,CE,Towers with Radar,0,50,48,1,99,0,3,52,5,60,0,53,100,6,159,26,0,26,185
09/09/2017,MKC,MO,ACE,CE,Towers with Radar,0,40,28,0,68,0,11,375,1,387,0,51,403,1,455,2,0,2,457
09/10/2017,MKC,MO,ACE,CE,Towers with Radar,3,18,34,0,55,0,6,78,1,85,3,24,112,1,140,12,0,12,152
09/11/2017,MKC,MO,ACE,CE,Towers with Radar,0,32,58,2,92,0,3,36,5,44,0,35,94,7,136,22,0,22,158
09/12/2017,MKC,MO,ACE,CE,Towers with Radar,1,53,61,1,116,0,9,77,8,94,1,62,138,9,210,46,0,46,256
09/13/2017,MKC,MO,ACE,CE,Towers with Radar,5,59,57,9,130,0,10,90,7,107,5,69,147,16,237,33,0,33,270
09/14/2017,MKC,MO,ACE,CE,Towers with Radar,0,42,68,0,110,0,2,56,3,61,0,44,124,3,171,2,0,2,173
09/15/2017,MKC,MO,ACE,CE,Towers with Radar,0,37,62,2,101,0,2,71,1,74,0,39,133,3,175,20,0,20,195
09/16/2017,MKC,MO,ACE,CE,Towers with Radar,0,19,32,0,51,0,2,106,1,109,0,21,138,1,160,0,0,0,160
09/17/2017,MKC,MO,ACE,CE,Towers with Radar,0,32,67,0,99,0,50,24,0,74,0,82,91,0,173,26,0,26,199
09/18/2017,MKC,MO,ACE,CE,Towers with Radar,0,32,56,1,89,0,0,34,0,34,0,32,90,1,123,54,0,54,177
09/19/2017,MKC,MO,ACE,CE,Towers with Radar,0,47,68,0,115,1,19,56,1,77,1,66,124,1,192,6,2,8,200
09/20/2017,MKC,MO,ACE,CE,Towers with Radar,0,52,72,1,125,0,23,118,0,141,0,75,190,1,266,4,0,4,270
09/21/2017,MKC,MO,ACE,CE,Towers with Radar,0,44,72,2,118,0,6,87,5,98,0,50,159,7,216,30,0,30,246
09/22/2017,MKC,MO,ACE,CE,Towers with Radar,0,53,72,2,127,0,2,118,0,120,0,55,190,2,247,18,0,18,265
09/23/2017,MKC,MO,ACE,CE,Towers with Radar,0,26,38,2,66,0,2,163,1,166,0,28,201,3,232,16,0,16,248
09/24/2017,MKC,MO,ACE,CE,Towers with Radar,0,15,54,0,69,0,1,51,0,52,0,16,105,0,121,12,0,12,133
09/25/2017,MKC,MO,ACE,CE,Towers with Radar,2,28,51,1,82,0,1,67,0,68,2,29,118,1,150,30,0,30,180
09/26/2017,MKC,MO,ACE,CE,Towers with Radar,0,48,50,0,98,0,0,14,1,15,0,48,64,1,113,14,0,14,127
09/27/2017,MKC,MO,ACE,CE,Towers with Radar,2,54,62,1,119,0,5,84,0,89,2,59,146,1,208,52,0,52,260
09/28/2017,MKC,MO,ACE,CE,Towers with Radar,5,56,84,1,146,0,6,72,2,80,5,62,156,3,226,79,6,85,311
09/29/2017,MKC,MO,ACE,CE,Towers with Radar,0,53,72,0,125,0,0,66,1,67,0,53,138,1,192,32,0,32,224
09/30/2017,MKC,MO,ACE,CE,Towers with Radar,0,31,21,0,52,0,9,81,4,94,0,40,102,4,146,21,0,21,167
10/01/2017,MKC,MO,ACE,CE,Towers with Radar,2,20,35,0,57,0,3,111,1,115,2,23,146,1,172,38,0,38,210
10/02/2017,MKC,MO,ACE,CE,Towers with Radar,0,27,97,0,124,0,3,150,1,154,0,30,247,1,278,16,0,16,294
10/03/2017,MKC,MO,ACE,CE,Towers with Radar,0,52,64,3,119,0,1,95,2,98,0,53,159,5,217,14,0,14,231
10/04/2017,MKC,MO,ACE,CE,Towers with Radar,0,43,57,0,100,0,0,6,0,6,0,43,63,0,106,2,0,2,108
10/05/2017,MKC,MO,ACE,CE,Towers with Radar,0,48,50,4,102,0,2,12,0,14,0,50,62,4,116,21,0,21,137
10/06/2017,MKC,MO,ACE,CE,Towers with Radar,1,38,54,0,93,0,0,9,0,9,1,38,63,0,102,64,0,64,166
10/07/2017,MKC,MO,ACE,CE,Towers with Radar,0,27,34,0,61,0,0,113,0,113,0,27,147,0,174,8,0,8,182
10/08/2017,MKC,MO,ACE,CE,Towers with Radar,0,29,38,0,67,0,2,110,0,112,0,31,148,0,179,46,0,46,225
10/09/2017,MKC,MO,ACE,CE,Towers with Radar,0,22,51,3,76,0,1,80,1,82,0,23,131,4,158,16,0,16,174
10/10/2017,MKC,MO,ACE,CE,Towers with Radar,2,43,56,2,103,0,0,11,0,11,2,43,67,2,114,0,0,0,114
10/11/2017,MKC,MO,ACE,CE,Towers with Radar,0,48,89,2,139,0,16,108,0,124,0,64,197,2,263,76,0,76,339
10/12/2017,MKC,MO,ACE,CE,Towers with Radar,2,59,74,1,136,0,4,24,3,31,2,63,98,4,167,21,4,25,192
10/13/2017,MKC,MO,ACE,CE,Towers with Radar,2,44,67,4,117,0,4,69,6,79,2,48,136,10,196,29,0,29,225
10/14/2017,MKC,MO,ACE,CE,Towers with Radar,4,26,27,1,58,0,2,55,0,57,4,28,82,1,115,8,0,8,123
10/15/2017,MKC,MO,ACE,CE,Towers with Radar,4,43,87,0,134,0,0,130,0,130,4,43,217,0,264,26,0,26,290
10/16/2017,MKC,MO,ACE,CE,Towers with Radar,0,28,49,5,82,0,8,65,1,74,0,36,114,6,156,46,0,46,202
10/17/2017,MKC,MO,ACE,CE,Towers with Radar,0,50,55,1,106,0,2,88,4,94,0,52,143,5,200,20,0,20,220
10/18/2017,MKC,MO,ACE,CE,Towers with Radar,0,46,67,3,116,0,18,73,5,96,0,64,140,8,212,42,2,44,256
10/19/2017,MKC,MO,ACE,CE,Towers with Radar,0,46,69,2,117,0,6,60,1,67,0,52,129,3,184,16,2,18,202
10/20/2017,MKC,MO,ACE,CE,Towers with Radar,0,34,66,4,104,0,8,71,7,86,0,42,137,11,190,30,0,30,220
10/21/2017,MKC,MO,ACE,CE,Towers with Radar,0,26,48,1,75,0,3,18,0,21,0,29,66,1,96,12,0,12,108
10/22/2017,MKC,MO,ACE,CE,Towers with Radar,0,34,99,1,134,0,2,101,0,103,0,36,200,1,237,10,0,10,247
10/23/2017,MKC,MO,ACE,CE,Towers with Radar,0,26,65,2,93,0,0,17,0,17,0,26,82,2,110,18,0,18,128
10/24/2017,MKC,MO,ACE,CE,Towers with Radar,0,49,58,2,109,0,3,34,1,38,0,52,92,3,147,7,0,7,154
10/25/2017,MKC,MO,ACE,CE,Towers with Radar,2,54,98,0,154,0,14,71,0,85,2,68,169,0,239,25,0,25,264
10/26/2017,MKC,MO,ACE,CE,Towers with Radar,0,35,74,1,110,0,2,58,2,62,0,37,132,3,172,102,0,102,274
10/27/2017,MKC,MO,ACE,CE,Towers with Radar,2,52,43,0,97,0,19,39,2,60,2,71,82,2,157,0,0,0,157
10/28/2017,MKC,MO,ACE,CE,Towers with Radar,0,26,36,2,64,0,0,88,0,88,0,26,124,2,152,50,0,50,202
10/29/2017,MKC,MO,ACE,CE,Towers with Radar,0,25,31,1,57,0,6,123,0,129,0,31,154,1,186,16,0,16,202
10/30/2017,MKC,MO,ACE,CE,Towers with Radar,0,41,100,1,142,2,3,71,3,79,2,44,171,4,221,16,0,16,237
10/31/2017,MKC,MO,ACE,CE,Towers with Radar,0,55,77,0,132,0,3,48,0,51,0,58,125,0,183,96,0,96,279
11/01/2017,MKC,MO,ACE,CE,Towers with Radar,0,58,77,0,135,0,4,38,0,42,0,62,115,0,177,63,0,63,240
11/02/2017,MKC,MO,ACE,CE,Towers with Radar,0,54,66,1,121,0,3,6,0,9,0,57,72,1,130,8,0,8,138
11/03/2017,MKC,MO,ACE,CE,Towers with Radar,0,61,70,4,135,0,1,27,0,28,0,62,97,4,163,0,0,0,163
11/04/2017,MKC,MO,ACE,CE,Towers with Radar,0,25,33,0,58,0,0,35,0,35,0,25,68,0,93,2,0,2,95
11/05/2017,MKC,MO,ACE,CE,Towers with Radar,0,27,56,0,83,0,0,28,0,28,0,27,84,0,111,36,0,36,147
11/06/2017,MKC,MO,ACE,CE,Towers with Radar,0,28,46,1,75,0,0,43,2,45,0,28,89,3,120,68,0,68,188
11/07/2017,MKC,MO,ACE,CE,Towers with Radar,0,54,70,0,124,0,0,46,0,46,0,54,116,0,170,16,0,16,186
11/08/2017,MKC,MO,ACE,CE,Towers with Radar,0,52,67,0,119,0,13,77,0,90,0,65,144,0,209,56,0,56,265
11/09/2017,MKC,MO,ACE,CE,Towers with Radar,0,54,59,0,113,0,8,58,0,66,0,62,117,0,179,60,0,60,239
11/10/2017,MKC,MO,ACE,CE,Towers with Radar,0,41,54,0,95,0,19,78,0,97,0,60,132,0,192,6,0,6,198
11/11/2017,MKC,MO,ACE,CE,Towers with Radar,0,27,34,0,61,0,8,20,0,28,0,35,54,0,89,20,0,20,109
11/12/2017,MKC,MO,ACE,CE,Towers with Radar,0,37,45,0,82,0,0,80,0,80,0,37,125,0,162,42,0,42,204
11/13/2017,MKC,MO,ACE,CE,Towers with Radar,0,37,55,0,92,0,0,85,0,85,0,37,140,0,177,30,0,30,207
11/14/2017,MKC,MO,ACE,CE,Towers with Radar,0,61,80,0,141,0,0,0,0,0,0,61,80,0,141,0,0,0,141
11/15/2017,MKC,MO,ACE,CE,Towers with Radar,0,64,93,0,157,0,4,41,0,45,0,68,134,0,202,14,0,14,216
11/16/2017,MKC,MO,ACE,CE,Towers with Radar,0,49,65,0,114,0,11,59,2,72,0,60,124,2,186,79,0,79,265
11/17/2017,MKC,MO,ACE,CE,Towers with Radar,0,39,61,2,102,0,15,7,0,22,0,54,68,2,124,22,0,22,146
11/18/2017,MKC,MO,ACE,CE,Towers with Radar,0,20,20,1,41,0,9,169,2,180,0,29,189,3,221,6,0,6,227
11/19/2017,MKC,MO,ACE,CE,Towers with Radar,0,31,45,1,77,0,38,97,1,136,0,69,142,2,213,72,0,72,285
11/20/2017,MKC,MO,ACE,CE,Towers with Radar,0,39,44,0,83,0,4,70,6,80,0,43,114,6,163,6,0,6,169
11/21/2017,MKC,MO,ACE,CE,Towers with Radar,0,51,58,2,111,0,3,82,9,94,0,54,140,11,205,40,0,40,245
11/22/2017,MKC,MO,ACE,CE,Towers with Radar,0,42,53,1,96,0,6,68,4,78,0,48,121,5,174,93,0,93,267
11/23/2017,MKC,MO,ACE,CE,Towers with Radar,0,23,3,0,26,1,7,28,0,36,1,30,31,0,62,24,0,24,86
11/24/2017,MKC,MO,ACE,CE,Towers with Radar,0,15,13,0,28,0,14,133,4,151,0,29,146,4,179,52,0,52,231
11/25/2017,MKC,MO,ACE,CE,Towers with Radar,0,29,34,0,63,0,3,146,0,149,0,32,180,0,212,62,0,62,274
11/26/2017,MKC,MO,ACE,CE,Towers with Radar,0,39,47,0,86,0,3,87,0,90,0,42,134,0,176,34,0,34,210
11/27/2017,MKC,MO,ACE,CE,Towers with Radar,0,24,38,2,64,0,0,73,0,73,0,24,111,2,137,118,0,118,255
11/28/2017,MKC,MO,ACE,CE,Towers with Radar,0,41,50,0,91,0,3,48,0,51,0,44,98,0,142,134,0,134,276
11/29/2017,MKC,MO,ACE,CE,Towers with Radar,0,48,74,0,122,0,14,70,2,86,0,62,144,2,208,130,0,130,338
11/30/2017,MKC,MO,ACE,CE,Towers with Radar,0,51,52,0,103,0,5,70,0,75,0,56,122,0,178,140,0,140,318
12/01/2017,MKC,MO,ACE,CE,Towers with Radar,0,30,62,2,94,0,9,46,0,55,0,39,108,2,149,22,0,22,171
12/02/2017,MKC,MO,ACE,CE,Towers with Radar,0,27,38,1,66,0,12,207,0,219,0,39,245,1,285,76,0,76,361
12/03/2017,MKC,MO,ACE,CE,Towers with Radar,0,28,24,0,52,0,1,119,0,120,0,29,143,0,172,67,0,67,239
12/04/2017,MKC,MO,ACE,CE,Towers with Radar,0,18,57,0,75,0,0,16,0,16,0,18,73,0,91,4,0,4,95
12/05/2017,MKC,MO,ACE,CE,Towers with Radar,0,50,54,0,104,0,8,64,0,72,0,58,118,0,176,6,0,6,182
12/06/2017,MKC,MO,ACE,CE,Towers with Radar,0,54,88,1,143,0,2,67,3,72,0,56,155,4,215,12,0,12,227
12/07/2017,MKC,MO,ACE,CE,Towers with Radar,0,52,52,0,104,0,17,74,4,95,0,69,126,4,199,39,0,39,238
12/08/2017,MKC,MO,ACE,CE,Towers with Radar,0,34,61,3,98,0,7,15,5,27,0,41,76,8,125,18,0,18,143
12/09/2017,MKC,MO,ACE,CE,Towers with Radar,0,25,24,0,49,0,1,76,0,77,0,26,100,0,126,25,0,25,151
12/10/2017,MKC,MO,ACE,CE,Towers with Radar,0,22,62,0,84,0,2,110,0,112,0,24,172,0,196,36,0,36,232
12/11/2017,MKC,MO,ACE,CE,Towers with Radar,0,28,53,3,84,0,5,47,0,52,0,33,100,3,136,26,0,26,162
12/12/2017,MKC,MO,ACE,CE,Towers with Radar,4,59,59,0,122,0,1,65,0,66,4,60,124,0,188,96,0,96,284
12/13/2017,MKC,MO,ACE,CE,Towers with Radar,0,51,76,0,127,0,6,74,5,85,0,57,150,5,212,18,0,18,230
12/14/2017,MKC,MO,ACE,CE,Towers with Radar,3,46,71,0,120,0,8,53,0,61,3,54,124,0,181,130,0,130,311
12/15/2017,MKC,MO,ACE,CE,Towers with Radar,2,52,59,0,113,0,10,64,6,80,2,62,123,6,193,40,0,40,233
12/16/2017,MKC,MO,ACE,CE,Towers with Radar,2,38,62,2,104,0,3,73,0,76,2,41,135,2,180,112,0,112,292
12/17/2017,MKC,MO,ACE,CE,Towers with Radar,3,18,40,0,61,0,3,18,0,21,3,21,58,0,82,8,0,8,90
12/18/2017,MKC,MO,ACE,CE,Towers with Radar,0,37,59,0,96,0,6,56,0,62,0,43,115,0,158,54,0,54,212
12/19/2017,MKC,MO,ACE,CE,Towers with Radar,0,51,72,0,123,0,0,52,2,54,0,51,124,2,177,12,0,12,189
12/20/2017,MKC,MO,ACE,CE,Towers with Radar,0,45,51,0,96,1,3,64,2,70,1,48,115,2,166,93,0,93,259
12/21/2017,MKC,MO,ACE,CE,Towers with Radar,0,37,52,0,89,0,0,4,0,4,0,37,56,0,93,104,0,104,197
12/22/2017,MKC,MO,ACE,CE,Towers with Radar,3,47,31,0,81,0,0,5,0,5,3,47,36,0,86,0,0,0,86
12/23/2017,MKC,MO,ACE,CE,Towers with Radar,0,36,28,0,64,0,1,52,0,53,0,37,80,0,117,28,0,28,145
12/24/2017,MKC,MO,ACE,CE,Towers with Radar,3,31,14,0,48,0,0,111,0,111,3,31,125,0,159,0,0,0,159
12/25/2017,MKC,MO,ACE,CE,Towers with Radar,0,16,10,0,26,0,0,37,0,37,0,16,47,0,63,0,0,0,63
12/26/2017,MKC,MO,ACE,CE,Towers with Radar,0,43,36,0,79,0,0,32,0,32,0,43,68,0,111,0,0,0,111
12/27/2017,MKC,MO,ACE,CE,Towers with Radar,0,62,38,1,101,0,14,79,7,100,0,76,117,8,201,86,0,86,287
12/28/2017,MKC,MO,ACE,CE,Towers with Radar,0,31,26,0,57,0,12,50,2,64,0,43,76,2,121,57,0,57,178
12/29/2017,MKC,MO,ACE,CE,Towers with Radar,0,31,31,0,62,0,0,52,0,52,0,31,83,0,114,42,0,42,156
12/30/2017,MKC,MO,ACE,CE,Towers with Radar,0,39,24,0,63,0,8,98,0,106,0,47,122,0,169,81,1,82,251
12/31/2017,MKC,MO,ACE,CE,Towers with Radar,0,21,24,2,47,0,1,81,0,82,0,22,105,2,129,2,0,2,131
01/01/2018,MKC,MO,ACE,CE,Towers with Radar,0,29,32,0,61,0,0,14,0,14,0,29,46,0,75,32,2,34,109
01/02/2018,MKC,MO,ACE,CE,Towers with Radar,0,21,35,0,56,0,7,52,0,59,0,28,87,0,115,41,0,41,156
01/03/2018,MKC,MO,ACE,CE,Towers with Radar,0,57,41,0,98,0,3,49,1,53,0,60,90,1,151,8,0,8,159
01/04/2018,MKC,MO,ACE,CE,Towers with Radar,0,41,49,0,90,0,7,62,7,76,0,48,111,7,166,62,2,64,230
01/05/2018,MKC,MO,ACE,CE,Towers with Radar,0,39,56,0,95,0,3,58,0,61,0,42,114,0,156,2,0,2,158
01/06/2018,MKC,MO,ACE,CE,Towers with Radar,0,40,71,0,111,0,4,70,1,75,0,44,141,1,186,2,0,2,188
01/07/2018,MKC,MO,ACE,CE,Towers with Radar,0,20,28,0,48,0,0,1,0,1,0,20,29,0,49,0,0,0,49
01/08/2018,MKC,MO,ACE,CE,Towers with Radar,0,35,37,2,74,0,2,45,2,49,0,37,82,4,123,64,0,64,187
01/09/2018,MKC,MO,ACE,CE,Towers with Radar,0,42,27,0,69,0,0,2,0,2,0,42,29,0,71,0,0,0,71
01/10/2018,MKC,MO,ACE,CE,Towers with Radar,0,40,44,2,86,0,6,30,0,36,0,46,74,2,122,36,4,40,162
01/11/2018,MKC,MO,ACE,CE,Towers with Radar,0,54,42,0,96,0,0,1,0,1,0,54,43,0,97,0,0,0,97
01/12/2018,MKC,MO,ACE,CE,Towers with Radar,0,33,53,0,86,0,3,51,0,54,0,36,104,0,140,0,0,0,140
01/13/2018,MKC,MO,ACE,CE,Towers with Radar,0,30,13,0,43,0,3,28,1,32,0,33,41,1,75,10,16,26,101
01/14/2018,MKC,MO,ACE,CE,Towers with Radar,0,18,16,0,34,0,3,37,2,42,0,21,53,2,76,28,0,28,104
01/15/2018,MKC,MO,ACE,CE,Towers with Radar,0,21,29,0,50,0,1,13,1,15,0,22,42,1,65,37,0,37,102
01/16/2018,MKC,MO,ACE,CE,Towers with Radar,0,46,61,4,111,0,3,41,3,47,0,49,102,7,158,64,0,64,222
01/17/2018,MKC,MO,ACE,CE,Towers with Radar,0,37,42,3,82,0,3,28,2,33,0,40,70,5,115,57,2,59,174
01/18/2018,MKC,MO,ACE,CE,Towers with Radar,0,39,51,3,93,0,4,56,2,62,0,43,107,5,155,66,2,68,223
01/19/2018,MKC,MO,ACE,CE,Towers with Radar,0,46,47,2,95,0,2,17,3,22,0,48,64,5,117,0,0,0,117
01/20/2018,MKC,MO,ACE,CE,Towers with Radar,0,30,28,0,58,0,2,80,0,82,0,32,108,0,140,4,0,4,144
01/21/2018,MKC,MO,ACE,CE,Towers with Radar,0,20,20,0,40,0,1,62,0,63,0,21,82,0,103,32,0,32,135
01/22/2018,MKC,MO,ACE,CE,Towers with Radar,0,30,33,0,63,0,1,12,0,13,0,31,45,0,76,10,0,10,86
01/23/2018,MKC,MO,ACE,CE,Towers with Radar,0,38,39,2,79,0,10,19,2,31,0,48,58,4,110,20,0,20,130
01/24/2018,MKC,MO,ACE,CE,Towers with Radar,0,40,57,4,101,0,1,95,12,108,0,41,152,16,209,45,4,49,258
01/25/2018,MKC,MO,ACE,CE,Towers with Radar,0,40,49,0,89,0,4,32,0,36,0,44,81,0,125,16,0,16,141
01/26/2018,MKC,MO,ACE,CE,Towers with Radar,0,45,45,0,90,0,6,47,0,53,0,51,92,0,143,14,0,14,157
01/27/2018,MKC,MO,ACE,CE,Towers with Radar,0,31,42,0,73,0,5,117,0,122,0,36,159,0,195,20,0,20,215
01/28/2018,MKC,MO,ACE,CE,Towers with Radar,0,21,24,0,45,0,1,69,3,73,0,22,93,3,118,40,0,40,158
01/29/2018,MKC,MO,ACE,CE,Towers with Radar,0,23,38,0,61,0,11,75,4,90,0,34,113,4,151,43,0,43,194
01/30/2018,MKC,MO,ACE,CE,Towers with Radar,0,47,77,2,126,0,8,52,4,64,0,55,129,6,190,26,0,26,216
01/31/2018,MKC,MO,ACE,CE,Towers with Radar,0,52,55,2,109,0,1,78,3,82,0,53,133,5,191,41,0,41,232
02/01/2018,MKC,MO,ACE,CE,Towers with Radar,0,57,44,3,104,0,5,53,1,59,0,62,97,4,163,22,0,22,185
02/02/2018,MKC,MO,ACE,CE,Towers with Radar,0,44,32,0,76,0,0,73,0,73,0,44,105,0,149,24,0,24,173
02/03/2018,MKC,MO,ACE,CE,Towers with Radar,0,30,28,0,58,0,2,59,0,61,0,32,87,0,119,32,0,32,151
02/04/2018,MKC,MO,ACE,CE,Towers with Radar,0,24,25,0,49,0,1,18,0,19,0,25,43,0,68,4,0,4,72
02/05/2018,MKC,MO,ACE,CE,Towers with Radar,0,26,53,2,81,0,3,32,6,41,0,29,85,8,122,16,0,16,138
02/06/2018,MKC,MO,ACE,CE,Towers with Radar,0,48,53,0,101,0,4,12,0,16,0,52,65,0,117,27,0,27,144
02/07/2018,MKC,MO,ACE,CE,Towers with Radar,0,43,55,3,101,0,5,22,9,36,0,48,77,12,137,29,0,29,166
02/08/2018,MKC,MO,ACE,CE,Towers with Radar,0,48,38,2,88,0,0,44,3,47,0,48,82,5,135,12,0,12,147
02/09/2018,MKC,MO,ACE,CE,Towers with Radar,0,45,48,0,93,0,2,8,1,11,0,47,56,1,104,40,0,40,144
02/10/2018,MKC,MO,ACE,CE,Towers with Radar,0,24,17,1,42,0,1,51,0,52,0,25,68,1,94,18,0,18,112
02/11/2018,MKC,MO,ACE,CE,Towers with Radar,0,23,27,3,53,0,1,64,2,67,0,24,91,5,120,10,0,10,130
02/12/2018,MKC,MO,ACE,CE,Towers with Radar,0,31,44,1,76,0,6,29,6,41,0,37,73,7,117,62,0,62,179
02/13/2018,MKC,MO,ACE,CE,Towers with Radar,0,38,68,2,108,1,9,54,7,71,1,47,122,9,179,24,0,24,203
02/14/2018,MKC,MO,ACE,CE,Towers with Radar,0,49,35,8,92,0,3,71,8,82,0,52,106,16,174,0,0,0,174
02/15/2018,MKC,MO,ACE,CE,Towers with Radar,0,41,51,0,92,0,1,45,5,51,0,42,96,5,143,122,0,122,265
02/16/2018,MKC,MO,ACE,CE,Towers with Radar,1,51,43,0,95,0,1,109,0,110,1,52,152,0,205,38,0,38,243
02/17/2018,MKC,MO,ACE,CE,Towers with Radar,0,35,43,0,78,0,1,110,0,111,0,36,153,0,189,0,0,0,189
02/18/2018,MKC,MO,ACE,CE,Towers with Radar,0,26,36,0,62,0,1,57,0,58,0,27,93,0,120,14,0,14,134
02/19/2018,MKC,MO,ACE,CE,Towers with Radar,0,33,47,0,80,0,0,74,0,74,0,33,121,0,154,24,0,24,178
02/20/2018,MKC,MO,ACE,CE,Towers with Radar,0,43,23,0,66,0,0,0,0,0,0,43,23,0,66,0,0,0,66
02/21/2018,MKC,MO,ACE,CE,Towers with Radar,0,44,56,0,100,0,2,55,1,58,0,46,111,1,158,41,2,43,201
02/22/2018,MKC,MO,ACE,CE,Towers with Radar,0,44,33,0,77,0,0,0,0,0,0,44,33,0,77,0,0,0,77
02/23/2018,MKC,MO,ACE,CE,Towers with Radar,0,50,41,2,93,0,0,0,0,0,0,50,41,2,93,0,0,0,93
02/24/2018,MKC,MO,ACE,CE,Towers with Radar,0,33,10,3,46,0,0,0,0,0,0,33,10,3,46,0,0,0,46
02/25/2018,MKC,MO,ACE,CE,Towers with Radar,0,26,57,2,85,0,1,86,0,87,0,27,143,2,172,25,0,25,197
02/26/2018,MKC,MO,ACE,CE,Towers with Radar,0,29,61,1,91,0,12,117,1,130,0,41,178,2,221,79,0,79,300
02/27/2018,MKC,MO,ACE,CE,Towers with Radar,0,42,48,2,92,0,2,72,3,77,0,44,120,5,169,9,0,9,178
02/28/2018,MKC,MO,ACE,CE,Towers with Radar,0,60,47,0,107,0,0,7,0,7,0,60,54,0,114,30,0,30,144
03/01/2018,MKC,MO,ACE,CE,Towers with Radar,0,50,54,1,105,0,1,67,11,79,0,51,121,12,184,6,2,8,192
03/02/2018,MKC,MO,ACE,CE,Towers with Radar,0,40,42,4,86,0,5,96,5,106,0,45,138,9,192,55,0,55,247
03/03/2018,MKC,MO,ACE,CE,Towers with Radar,0,31,25,2,58,0,31,325,1,357,0,62,350,3,415,18,0,18,433
03/04/2018,MKC,MO,ACE,CE,Towers with Radar,0,19,28,0,47,0,2,75,0,77,0,21,103,0,124,12,0,12,136
03/05/2018,MKC,MO,ACE,CE,Towers with Radar,2,26,28,0,56,0,2,25,0,27,2,28,53,0,83,3,0,3,86
03/06/2018,MKC,MO,ACE,CE,Towers with Radar,0,32,34,0,66,0,2,13,0,15,0,34,47,0,81,0,0,0,81
03/07/2018,MKC,MO,ACE,CE,Towers with Radar,0,49,78,1,128,0,5,30,8,43,0,54,108,9,171,38,0,38,209
03/08/2018,MKC,MO,ACE,CE,Towers with Radar,0,74,78,0,152,0,9,56,3,68,0,83,134,3,220,26,0,26,246
03/09/2018,MKC,MO,ACE,CE,Towers with Radar,2,56,81,0,139,0,3,139,2,144,2,59,220,2,283,26,0,26,309
03/10/2018,MKC,MO,ACE,CE,Towers with Radar,2,55,60,1,118,0,4,88,0,92,2,59,148,1,210,35,0,35,245
03/11/2018,MKC,MO,ACE,CE,Towers with Radar,0,16,36,1,53,0,0,33,0,33,0,16,69,1,86,34,0,34,120
03/12/2018,MKC,MO,ACE,CE,Towers with Radar,0,17,37,0,54,0,11,61,0,72,0,28,98,0,126,10,0,10,136
03/13/2018,MKC,MO,ACE,CE,Towers with Radar,0,42,41,5,88,0,8,46,7,61,0,50,87,12,149,34,0,34,183
03/14/2018,MKC,MO,ACE,CE,Towers with Radar,0,52,53,1,106,0,4,53,3,60,0,56,106,4,166,34,0,34,200
03/15/2018,MKC,MO,ACE,CE,Towers with Radar,0,39,46,1,86,0,3,47,9,59,0,42,93,10,145,23,2,25,170
03/16/2018,MKC,MO,ACE,CE,Towers with Radar,0,31,24,1,56,0,1,15,2,18,0,32,39,3,74,9,0,9,83
03/17/2018,MKC,MO,ACE,CE,Towers with Radar,0,41,41,0,82,0,0,2,0,2,0,41,43,0,84,16,0,16,100
03/18/2018,MKC,MO,ACE,CE,Towers with Radar,0,27,34,0,61,0,2,42,0,44,0,29,76,0,105,21,0,21,126
03/19/2018,MKC,MO,ACE,CE,Towers with Radar,0,24,43,0,67,0,0,17,0,17,0,24,60,0,84,4,0,4,88
03/20/2018,MKC,MO,ACE,CE,Towers with Radar,0,39,61,2,102,0,2,66,2,70,0,41,127,4,172,42,0,42,214
03/21/2018,MKC,MO,ACE,CE,Towers with Radar,6,40,40,0,86,0,2,77,0,79,6,42,117,0,165,54,0,54,219
03/22/2018,MKC,MO,ACE,CE,Towers with Radar,0,45,77,0,122,0,18,85,0,103,0,63,162,0,225,26,0,26,251
03/23/2018,MKC,MO,ACE,CE,Towers with Radar,2,46,65,0,113,0,3,55,0,58,2,49,120,0,171,6,0,6,177
03/24/2018,MKC,MO,ACE,CE,Towers with Radar,2,49,23,0,74,0,2,37,0,39,2,51,60,0,113,6,0,6,119
03/25/2018,MKC,MO,ACE,CE,Towers with Radar,3,20,46,2,71,0,1,62,0,63,3,21,108,2,134,26,0,26,160
03/26/2018,MKC,MO,ACE,CE,Towers with Radar,1,38,38,0,77,0,0,0,0,0,1,38,38,0,77,0,0,0,77
03/27/2018,MKC,MO,ACE,CE,Towers with Radar,0,55,69,3,127,0,0,11,2,13,0,55,80,5,140,0,0,0,140
03/28/2018,MKC,MO,ACE,CE,Towers with Radar,0,44,71,0,115,0,7,23,0,30,0,51,94,0,145,20,0,20,165
03/29/2018,MKC,MO,ACE,CE,Towers with Radar,0,59,52,3,114,0,1,26,1,28,0,60,78,4,142,16,0,16,158
03/30/2018,MKC,MO,ACE,CE,Towers with Radar,0,40,40,2,82,0,13,87,4,104,0,53,127,6,186,6,0,6,192
03/31/2018,MKC,MO,ACE,CE,Towers with Radar,0,18,32,1,51,0,0,63,0,63,0,18,95,1,114,22,2,24,138
04/01/2018,MKC,MO,ACE,CE,Towers with Radar,0,25,32,0,57,0,0,5,0,5,0,25,37,0,62,0,0,0,62
04/02/2018,MKC,MO,ACE,CE,Towers with Radar,0,30,37,0,67,0,0,0,0,0,0,30,37,0,67,0,0,0,67
04/03/2018,MKC,MO,ACE,CE,Towers with Radar,0,46,32,0,78,0,1,5,0,6,0,47,37,0,84,0,0,0,84
04/04/2018,MKC,MO,ACE,CE,Towers with Radar,0,44,63,0,107,0,5,99,0,104,0,49,162,0,211,85,0,85,296
04/05/2018,MKC,MO,ACE,CE,Towers with Radar,0,42,49,2,93,0,1,50,5,56,0,43,99,7,149,28,1,29,178
04/06/2018,MKC,MO,ACE,CE,Towers with Radar,0,34,53,2,89,0,17,9,3,29,0,51,62,5,118,6,0,6,124
04/07/2018,MKC,MO,ACE,CE,Towers with Radar,0,35,52,0,87,0,15,130,8,153,0,50,182,8,240,36,0,36,276
04/08/2018,MKC,MO,ACE,CE,Towers with Radar,4,28,19,0,51,0,0,7,0,7,4,28,26,0,58,2,0,2,60
04/09/2018,MKC,MO,ACE,CE,Towers with Radar,0,27,35,0,62,0,1,37,1,39,0,28,72,1,101,36,0,36,137
04/10/2018,MKC,MO,ACE,CE,Towers with Radar,1,50,70,1,122,0,24,65,0,89,1,74,135,1,211,48,0,48,259
04/11/2018,MKC,MO,ACE,CE,Towers with Radar,1,43,66,0,110,0,15,53,2,70,1,58,119,2,180,18,0,18,198
04/12/2018,MKC,MO,ACE,CE,Towers with Radar,2,51,56,0,109,0,0,26,9,35,2,51,82,9,144,18,0,18,162
04/13/2018,MKC,MO,ACE,CE,Towers with Radar,0,34,50,0,84,0,1,15,0,16,0,35,65,0,100,32,0,32,132
04/14/2018,MKC,MO,ACE,CE,Towers with Radar,0,28,30,3,61,0,13,12,2,27,0,41,42,5,88,0,0,0,88
04/15/2018,MKC,MO,ACE,CE,Towers with Radar,0,41,39,1,81,0,5,20,0,25,0,46,59,1,106,42,0,42,148
04/16/2018,MKC,MO,ACE,CE,Towers with Radar,0,33,40,0,73,0,6,65,1,72,0,39,105,1,145,36,0,36,181
04/17/2018,MKC,MO,ACE,CE,Towers with Radar,0,48,70,0,118,0,5,39,1,45,0,53,109,1,163,46,0,46,209
04/18/2018,MKC,MO,ACE,CE,Towers with Radar,0,62,49,0,111,0,0,2,0,2,0,62,51,0,113,0,0,0,113
04/19/2018,MKC,MO,ACE,CE,Towers with Radar,0,44,55,0,99,0,2,49,3,54,0,46,104,3,153,27,0,27,180
04/20/2018,MKC,MO,ACE,CE,Towers with Radar,0,36,55,3,94,0,6,84,0,90,0,42,139,3,184,26,0,26,210
04/21/2018,MKC,MO,ACE,CE,Towers with Radar,0,27,15,0,42,0,5,70,0,75,0,32,85,0,117,53,0,53,170
04/22/2018,MKC,MO,ACE,CE,Towers with Radar,2,31,32,1,66,0,5,29,0,34,2,36,61,1,100,4,0,4,104
04/23/2018,MKC,MO,ACE,CE,Towers with Radar,2,29,45,4,80,0,13,84,0,97,2,42,129,4,177,24,0,24,201
04/24/2018,MKC,MO,ACE,CE,Towers with Radar,0,52,44,3,99,0,4,34,5,43,0,56,78,8,142,30,0,30,172
04/25/2018,MKC,MO,ACE,CE,Towers with Radar,3,62,57,3,125,0,1,21,0,22,3,63,78,3,147,36,0,36,183
04/26/2018,MKC,MO,ACE,CE,Towers with Radar,1,57,64,3,125,0,2,39,0,41,1,59,103,3,166,30,0,30,196
04/27/2018,MKC,MO,ACE,CE,Towers with Radar,0,53,49,0,102,0,5,70,0,75,0,58,119,0,177,38,0,38,215
04/28/2018,MKC,MO,ACE,CE,Towers with Radar,0,32,38,0,70,0,18,96,5,119,0,50,134,5,189,18,0,18,207
04/29/2018,MKC,MO,ACE,CE,Towers with Radar,4,27,42,0,73,0,6,121,0,127,4,33,163,0,200,22,0,22,222
04/30/2018,MKC,MO,ACE,CE,Towers with Radar,0,35,43,0,78,0,8,47,1,56,0,43,90,1,134,86,0,86,220
05/01/2018,MKC,MO,ACE,CE,Towers with Radar,0,53,58,0,111,0,11,33,1,45,0,64,91,1,156,30,0,30,186
05/02/2018,MKC,MO,ACE,CE,Towers with Radar,2,47,53,0,102,0,0,11,0,11,2,47,64,0,113,26,0,26,139
05/03/2018,MKC,MO,ACE,CE,Towers with Radar,0,41,30,0,71,0,13,26,0,39,0,54,56,0,110,50,0,50,160
05/04/2018,MKC,MO,ACE,CE,Towers with Radar,0,54,57,1,112,0,2,101,0,103,0,56,158,1,215,45,0,45,260
05/05/2018,MKC,MO,ACE,CE,Towers with Radar,0,21,32,0,53,0,10,78,8,96,0,31,110,8,149,42,7,49,198
05/06/2018,MKC,MO,ACE,CE,Towers with Radar,1,30,53,0,84,0,10,84,5,99,1,40,137,5,183,19,0,19,202
05/07/2018,MKC,MO,ACE,CE,Towers with Radar,2,39,44,0,85,0,5,88,4,97,2,44,132,4,182,24,0,24,206
05/08/2018,MKC,MO,ACE,CE,Towers with Radar,0,50,54,0,104,0,3,68,0,71,0,53,122,0,175,68,2,70,245
05/09/2018,MKC,MO,ACE,CE,Towers with Radar,0,54,65,1,120,0,6,85,1,92,0,60,150,2,212,46,0,46,258
05/10/2018,MKC,MO,ACE,CE,Towers with Radar,0,46,65,2,113,0,27,95,0,122,0,73,160,2,235,6,0,6,241
05/11/2018,MKC,MO,ACE,CE,Towers with Radar,1,49,72,0,122,0,8,43,4,55,1,57,115,4,177,12,0,12,189
05/12/2018,MKC,MO,ACE,CE,Towers with Radar,0,38,69,0,107,0,7,35,2,44,0,45,104,2,151,54,0,54,205
05/13/2018,MKC,MO,ACE,CE,Towers with Radar,3,36,38,1,78,0,3,59,0,62,3,39,97,1,140,28,0,28,168
05/14/2018,MKC,MO,ACE,CE,Towers with Radar,0,27,55,0,82,0,5,71,4,80,0,32,126,4,162,64,0,64,226
05/15/2018,MKC,MO,ACE,CE,Towers with Radar,2,33,43,0,78,0,2,59,1,62,2,35,102,1,140,48,0,48,188
05/16/2018,MKC,MO,ACE,CE,Towers with Radar,1,50,61,0,112,0,1,67,0,68,1,51,128,0,180,108,0,108,288
05/17/2018,MKC,MO,ACE,CE,Towers with Radar,1,48,57,0,106,0,1,71,0,72,1,49,128,0,178,42,0,42,220
05/18/2018,MKC,MO,ACE,CE,Towers with Radar,0,42,51,0,93,0,2,34,0,36,0,44,85,0,129,26,0,26,155
05/19/2018,MKC,MO,ACE,CE,Towers with Radar,0,30,28,1,59,0,0,43,0,43,0,30,71,1,102,10,0,10,112
05/20/2018,MKC,MO,ACE,CE,Towers with Radar,3,25,38,1,67,0,1,79,0,80,3,26,117,1,147,72,0,72,219
05/21/2018,MKC,MO,ACE,CE,Towers with Radar,0,29,42,1,72,0,3,71,0,74,0,32,113,1,146,76,2,78,224
05/22/2018,MKC,MO,ACE,CE,Towers with Radar,0,40,72,3,115,0,5,70,0,75,0,45,142,3,190,56,2,58,248
05/23/2018,MKC,MO,ACE,CE,Towers with Radar,0,45,67,0,112,0,6,35,2,43,0,51,102,2,155,110,4,114,269
05/24/2018,MKC,MO,ACE,CE,Towers with Radar,0,54,54,0,108,0,2,39,0,41,0,56,93,0,149,36,2,38,187
05/25/2018,MKC,MO,ACE,CE,Towers with Radar,0,50,40,1,91,0,28,75,0,103,0,78,115,1,194,14,0,14,208
05/26/2018,MKC,MO,ACE,CE,Towers with Radar,0,31,25,0,56,0,14,73,0,87,0,45,98,0,143,34,0,34,177
05/27/2018,MKC,MO,ACE,CE,Towers with Radar,4,8,19,2,33,0,12,86,0,98,4,20,105,2,131,88,0,88,219
05/28/2018,MKC,MO,ACE,CE,Towers with Radar,0,23,24,0,47,0,5,103,0,108,0,28,127,0,155,44,0,44,199
05/29/2018,MKC,MO,ACE,CE,Towers with Radar,0,42,38,1,81,0,8,80,2,90,0,50,118,3,171,62,0,62,233
05/30/2018,MKC,MO,ACE,CE,Towers with Radar,2,56,51,0,109,0,9,96,2,107,2,65,147,2,216,42,6,48,264
05/31/2018,MKC,MO,ACE,CE,Towers with Radar,0,40,73,3,116,0,10,80,6,96,0,50,153,9,212,52,0,52,264
06/01/2018,MKC,MO,ACE,CE,Towers with Radar,0,42,65,4,111,0,2,90,0,92,0,44,155,4,203,27,6,33,236
06/02/2018,MKC,MO,ACE,CE,Towers with Radar,0,23,30,1,54,0,6,75,0,81,0,29,105,1,135,6,0,6,141
06/03/2018,MKC,MO,ACE,CE,Towers with Radar,0,23,49,0,72,0,11,143,0,154,0,34,192,0,226,72,0,72,298
06/04/2018,MKC,MO,ACE,CE,Towers with Radar,0,25,64,1,90,0,4,61,0,65,0,29,125,1,155,28,0,28,183
06/05/2018,MKC,MO,ACE,CE,Towers with Radar,0,53,50,2,105,0,1,80,6,87,0,54,130,8,192,60,0,60,252
06/06/2018,MKC,MO,ACE,CE,Towers with Radar,1,60,64,4,129,0,22,143,0,165,1,82,207,4,294,100,0,100,394
06/07/2018,MKC,MO,ACE,CE,Towers with Radar,1,42,49,2,94,0,8,74,4,86,1,50,123,6,180,57,0,57,237
06/08/2018,MKC,MO,ACE,CE,Towers with Radar,0,43,49,4,96,0,4,52,1,57,0,47,101,5,153,46,11,57,210
06/09/2018,MKC,MO,ACE,CE,Towers with Radar,0,25,27,1,53,0,6,104,2,112,0,31,131,3,165,7,0,7,172
06/10/2018,MKC,MO,ACE,CE,Towers with Radar,0,33,43,0,76,0,5,61,2,68,0,38,104,2,144,26,0,26,170
06/11/2018,MKC,MO,ACE,CE,Towers with Radar,1,35,53,0,89,0,4,73,0,77,1,39,126,0,166,50,0,50,216
06/12/2018,MKC,MO,ACE,CE,Towers with Radar,0,50,48,1,99,0,5,53,4,62,0,55,101,5,161,31,0,31,192
06/13/2018,MKC,MO,ACE,CE,Towers with Radar,1,44,69,0,114,0,4,73,4,81,1,48,142,4,195,22,1,23,218
06/14/2018,MKC,MO,ACE,CE,Towers with Radar,2,44,65,3,114,0,15,78,1,94,2,59,143,4,208,10,2,12,220
06/15/2018,MKC,MO,ACE,CE,Towers with Radar,0,48,57,0,105,0,3,103,1,107,0,51,160,1,212,16,0,16,228
06/16/2018,MKC,MO,ACE,CE,Towers with Radar,0,15,21,2,38,0,5,114,3,122,0,20,135,5,160,15,0,15,175
06/17/2018,MKC,MO,ACE,CE,Towers with Radar,0,20,31,0,51,0,2,54,0,56,0,22,85,0,107,12,0,12,119
06/18/2018,MKC,MO,ACE,CE,Towers with Radar,0,30,48,2,80,0,9,77,0,86,0,39,125,2,166,30,0,30,196
06/19/2018,MKC,MO,ACE,CE,Towers with Radar,0,44,60,0,104,0,15,80,0,95,0,59,140,0,199,28,0,28,227
06/20/2018,MKC,MO,ACE,CE,Towers with Radar,0,49,44,0,93,0,5,81,3,89,0,54,125,3,182,82,2,84,266
06/21/2018,MKC,MO,ACE,CE,Towers with Radar,0,53,69,3,125,0,5,12,1,18,0,58,81,4,143,0,0,0,143
06/22/2018,MKC,MO,ACE,CE,Towers with Radar,0,45,53,0,98,0,0,51,0,51,0,45,104,0,149,54,0,54,203
06/23/2018,MKC,MO,ACE,CE,Towers with Radar,0,24,22,0,46,0,1,125,5,131,0,25,147,5,177,36,0,36,213
06/24/2018,MKC,MO,ACE,CE,Towers with Radar,0,20,26,1,47,0,0,77,5,82,0,20,103,6,129,70,0,70,199
06/25/2018,MKC,MO,ACE,CE,Towers with Radar,2,18,50,3,73,0,3,56,0,59,2,21,106,3,132,56,8,64,196
06/26/2018,MKC,MO,ACE,CE,Towers with Radar,0,51,54,1,106,0,1,69,0,70,0,52,123,1,176,77,1,78,254
06/27/2018,MKC,MO,ACE,CE,Towers with Radar,0,61,65,3,129,0,9,125,5,139,0,70,190,8,268,72,0,72,340
06/28/2018,MKC,MO,ACE,CE,Towers with Radar,0,50,75,8,133,0,4,78,4,86,0,54,153,12,219,100,0,100,319
06/29/2018,MKC,MO,ACE,CE,Towers with Radar,0,42,55,3,100,0,5,53,6,64,0,47,108,9,164,20,0,20,184
06/30/2018,MKC,MO,ACE,CE,Towers with Radar,0,0,0,0,0,0,6,22,0,28,0,6,22,0,28,0,0,0,28
07/01/2018,MKC,MO,ACE,CE,Towers with Radar,0,0,0,0,0,0,0,4,0,4,0,0,4,0,4,0,0,0,4
07/02/2018,MKC,MO,ACE,CE,Towers with Radar,0,19,38,0,57,0,6,96,0,102,0,25,134,0,159,36,0,36,195
07/03/2018,MKC,MO,ACE,CE,Towers with Radar,0,42,31,0,73,0,4,96,1,101,0,46,127,1,174,66,0,66,240
07/04/2018,MKC,MO,ACE,CE,Towers with Radar,3,35,11,0,49,1,21,72,0,94,4,56,83,0,143,7,0,7,150
07/05/2018,MKC,MO,ACE,CE,Towers with Radar,1,27,27,0,55,0,11,44,0,55,1,38,71,0,110,80,0,80,190
07/06/2018,MKC,MO,ACE,CE,Towers with Radar,0,27,60,0,87,0,7,75,1,83,0,34,135,1,170,26,0,26,196
07/07/2018,MKC,MO,ACE,CE,Towers with Radar,0,28,34,4,66,0,2,153,0,155,0,30,187,4,221,14,0,14,235
07/08/2018,MKC,MO,ACE,CE,Towers with Radar,3,34,33,0,70,0,8,59,1,68,3,42,92,1,138,57,0,57,195
07/09/2018,MKC,MO,ACE,CE,Towers with Radar,0,20,59,0,79,0,5,69,0,74,0,25,128,0,153,108,0,108,261
07/10/2018,MKC,MO,ACE,CE,Towers with Radar,0,52,39,1,92,0,5,106,0,111,0,57,145,1,203,82,0,82,285
07/11/2018,MKC,MO,ACE,CE,Towers with Radar,0,53,64,1,118,4,22,114,1,141,4,75,178,2,259,32,0,32,291
07/12/2018,MKC,MO,ACE,CE,Towers with Radar,0,48,50,4,102,0,6,76,2,84,0,54,126,6,186,48,0,48,234
07/13/2018,MKC,MO,ACE,CE,Towers with Radar,0,43,52,0,95,0,4,42,0,46,0,47,94,0,141,66,0,66,207
07/14/2018,MKC,MO,ACE,CE,Towers with Radar,0,32,21,4,57,0,0,85,0,85,0,32,106,4,142,6,0,6,148
07/15/2018,MKC,MO,ACE,CE,Towers with Radar,2,25,63,0,90,0,8,75,1,84,2,33,138,1,174,32,0,32,206
07/16/2018,MKC,MO,ACE,CE,Towers with Radar,0,31,38,0,69,0,3,76,1,80,0,34,114,1,149,60,0,60,209
07/17/2018,MKC,MO,ACE,CE,Towers with Radar,0,44,45,0,89,0,4,64,2,70,0,48,109,2,159,28,0,28,187
07/18/2018,MKC,MO,ACE,CE,Towers with Radar,0,53,62,2,117,0,2,56,2,60,0,55,118,4,177,108,0,108,285
07/19/2018,MKC,MO,ACE,CE,Towers with Radar,1,46,57,2,106,0,7,51,0,58,1,53,108,2,164,28,0,28,192
07/20/2018,MKC,MO,ACE,CE,Towers with Radar,0,36,55,1,92,0,2,58,2,62,0,38,113,3,154,6,0,6,160
07/21/2018,MKC,MO,ACE,CE,Towers with Radar,0,25,40,3,68,0,8,134,3,145,0,33,174,6,213,24,0,24,237
07/22/2018,MKC,MO,ACE,CE,Towers with Radar,1,21,51,1,74,1,5,80,2,88,2,26,131,3,162,28,0,28,190
07/23/2018,MKC,MO,ACE,CE,Towers with Radar,0,29,64,1,94,0,2,93,1,96,0,31,157,2,190,52,0,52,242
07/24/2018,MKC,MO,ACE,CE,Towers with Radar,0,46,47,0,93,0,17,55,6,78,0,63,102,6,171,26,0,26,197
07/25/2018,MKC,MO,ACE,CE,Towers with Radar,2,43,50,2,97,0,2,90,1,93,2,45,140,3,190,36,2,38,228
07/26/2018,MKC,MO,ACE,CE,Towers with Radar,0,44,72,0,116,0,4,46,0,50,0,48,118,0,166,45,0,45,211
07/27/2018,MKC,MO,ACE,CE,Towers with Radar,0,44,37,1,82,0,7,97,2,106,0,51,134,3,188,62,0,62,250
07/28/2018,MKC,MO,ACE,CE,Towers with Radar,0,31,47,0,78,0,16,154,4,174,0,47,201,4,252,31,0,31,283
07/29/2018,MKC,MO,ACE,CE,Towers with Radar,0,16,41,2,59,0,2,18,0,20,0,18,59,2,79,14,0,14,93
07/30/2018,MKC,MO,ACE,CE,Towers with Radar,0,35,32,1,68,0,1,41,0,42,0,36,73,1,110,18,0,18,128
07/31/2018,MKC,MO,ACE,CE,Towers with Radar,0,37,52,1,90,0,5,108,1,114,0,42,160,2,204,106,0,106,310
08/01/2018,MKC,MO,ACE,CE,Towers with Radar,0,58,53,0,111,0,13,108,6,127,0,71,161,6,238,62,0,62,300
08/02/2018,MKC,MO,ACE,CE,Towers with Radar,0,46,58,0,104,0,5,63,0,68,0,51,121,0,172,66,0,66,238
08/03/2018,MKC,MO,ACE,CE,Towers with Radar,0,51,42,0,93,0,14,90,3,107,0,65,132,3,200,40,0,40,240
08/04/2018,MKC,MO,ACE,CE,Towers with Radar,0,33,23,1,57,0,3,81,0,84,0,36,104,1,141,18,0,18,159
08/05/2018,MKC,MO,ACE,CE,Towers with Radar,4,37,42,2,85,0,3,38,0,41,4,40,80,2,126,12,0,12,138
08/06/2018,MKC,MO,ACE,CE,Towers with Radar,0,32,37,2,71,0,0,34,0,34,0,32,71,2,105,18,0,18,123
08/07/2018,MKC,MO,ACE,CE,Towers with Radar,0,52,58,1,111,0,2,52,2,56,0,54,110,3,167,28,0,28,195
08/08/2018,MKC,MO,ACE,CE,Towers with Radar,2,46,67,2,117,0,9,86,4,99,2,55,153,6,216,28,4,32,248
08/09/2018,MKC,MO,ACE,CE,Towers with Radar,3,51,65,0,119,0,3,51,0,54,3,54,116,0,173,22,0,22,195
08/10/2018,MKC,MO,ACE,CE,Towers with Radar,0,60,40,0,100,0,7,68,9,84,0,67,108,9,184,32,0,32,216
08/11/2018,MKC,MO,ACE,CE,Towers with Radar,0,28,49,2,79,1,5,53,0,59,1,33,102,2,138,4,0,4,142
08/12/2018,MKC,MO,ACE,CE,Towers with Radar,2,23,43,0,68,0,10,80,0,90,2,33,123,0,158,66,0,66,224
08/13/2018,MKC,MO,ACE,CE,Towers with Radar,0,23,41,2,66,0,6,53,0,59,0,29,94,2,125,35,0,35,160
08/14/2018,MKC,MO,ACE,CE,Towers with Radar,0,43,68,0,111,0,3,2,0,5,0,46,70,0,116,0,0,0,116
08/15/2018,MKC,MO,ACE,CE,Towers with Radar,0,52,59,0,111,0,1,51,4,56,0,53,110,4,167,20,2,22,189
08/16/2018,MKC,MO,ACE,CE,Towers with Radar,1,46,80,2,129,0,3,78,8,89,1,49,158,10,218,22,0,22,240
08/17/2018,MKC,MO,ACE,CE,Towers with Radar,2,47,46,2,97,0,1,72,1,74,2,48,118,3,171,96,0,96,267
08/18/2018,MKC,MO,ACE,CE,Towers with Radar,0,32,43,0,75,0,6,86,8,100,0,38,129,8,175,142,0,142,317
08/19/2018,MKC,MO,ACE,CE,Towers with Radar,0,24,22,1,47,0,1,22,0,23,0,25,44,1,70,34,0,34,104
08/20/2018,MKC,MO,ACE,CE,Towers with Radar,0,19,48,1,68,0,0,1,0,1,0,19,49,1,69,4,0,4,73
08/21/2018,MKC,MO,ACE,CE,Towers with Radar,0,35,65,0,100,0,6,65,8,79,0,41,130,8,179,19,0,19,198
08/22/2018,MKC,MO,ACE,CE,Towers with Radar,0,38,63,0,101,0,14,82,3,99,0,52,145,3,200,56,2,58,258
08/23/2018,MKC,MO,ACE,CE,Towers with Radar,2,49,68,0,119,0,1,17,1,19,2,50,85,1,138,0,0,0,138
08/24/2018,MKC,MO,ACE,CE,Towers with Radar,2,39,50,2,93,0,20,90,10,120,2,59,140,12,213,64,12,76,289
08/25/2018,MKC,MO,ACE,CE,Towers with Radar,0,35,39,1,75,0,12,92,5,109,0,47,131,6,184,48,0,48,232
08/26/2018,MKC,MO,ACE,CE,Towers with Radar,2,36,52,1,91,0,12,82,0,94,2,48,134,1,185,84,0,84,269
08/27/2018,MKC,MO,ACE,CE,Towers with Radar,0,34,55,0,89,0,6,33,1,40,0,40,88,1,129,18,0,18,147
08/28/2018,MKC,MO,ACE,CE,Towers with Radar,0,44,46,0,90,0,5,48,0,53,0,49,94,0,143,14,0,14,157
08/29/2018,MKC,MO,ACE,CE,Towers with Radar,3,45,93,0,141,0,4,59,0,63,3,49,152,0,204,36,0,36,240
08/30/2018,MKC,MO,ACE,CE,Towers with Radar,3,48,57,0,108,0,3,59,0,62,3,51,116,0,170,130,0,130,300
08/31/2018,MKC,MO,ACE,CE,Towers with Radar,2,45,50,0,97,0,8,40,0,48,2,53,90,0,145,20,0,20,165
09/01/2018,MKC,MO,ACE,CE,Towers with Radar,0,29,24,0,53,0,7,102,0,109,0,36,126,0,162,44,0,44,206
09/02/2018,MKC,MO,ACE,CE,Towers with Radar,4,13,27,0,44,0,13,76,0,89,4,26,103,0,133,77,0,77,210
09/03/2018,MKC,MO,ACE,CE,Towers with Radar,0,15,38,0,53,0,6,75,0,81,0,21,113,0,134,122,0,122,256
09/04/2018,MKC,MO,ACE,CE,Towers with Radar,0,41,46,1,88,0,3,54,0,57,0,44,100,1,145,30,0,30,175
09/05/2018,MKC,MO,ACE,CE,Towers with Radar,0,38,63,0,101,0,3,7,0,10,0,41,70,0,111,2,0,2,113
09/06/2018,MKC,MO,ACE,CE,Towers with Radar,0,42,58,0,100,0,1,1,0,2,0,43,59,0,102,0,0,0,102
09/07/2018,MKC,MO,ACE,CE,Towers with Radar,0,39,47,0,86,0,0,0,0,0,0,39,47,0,86,0,0,0,86
09/08/2018,MKC,MO,ACE,CE,Towers with Radar,0,36,43,0,79,1,3,101,1,106,1,39,144,1,185,59,0,59,244
09/09/2018,MKC,MO,ACE,CE,Towers with Radar,4,17,41,1,63,0,7,46,0,53,4,24,87,1,116,42,0,42,158
09/10/2018,MKC,MO,ACE,CE,Towers with Radar,0,18,56,3,77,0,8,89,0,97,0,26,145,3,174,68,0,68,242
09/11/2018,MKC,MO,ACE,CE,Towers with Radar,0,41,66,0,107,0,21,95,1,117,0,62,161,1,224,41,0,41,265
09/12/2018,MKC,MO,ACE,CE,Towers with Radar,1,41,95,0,137,0,4,8,0,12,1,45,103,0,149,0,0,0,149
09/13/2018,MKC,MO,ACE,CE,Towers with Radar,3,66,91,4,164,0,1,5,0,6,3,67,96,4,170,0,0,0,170
09/14/2018,MKC,MO,ACE,CE,Towers with Radar,0,48,48,3,99,0,4,11,2,17,0,52,59,5,116,0,0,0,116
09/15/2018,MKC,MO,ACE,CE,Towers with Radar,0,40,28,1,69,0,0,126,3,129,0,40,154,4,198,100,2,102,300
09/16/2018,MKC,MO,ACE,CE,Towers with Radar,4,28,49,0,81,0,3,79,8,90,4,31,128,8,171,60,4,64,235
09/17/2018,MKC,MO,ACE,CE,Towers with Radar,0,25,49,2,76,0,5,52,3,60,0,30,101,5,136,107,0,107,243
09/18/2018,MKC,MO,ACE,CE,Towers with Radar,0,51,70,0,121,0,3,49,0,52,0,54,119,0,173,156,0,156,329
09/19/2018,MKC,MO,ACE,CE,Towers with Radar,0,55,71,1,127,0,0,49,1,50,0,55,120,2,177,64,0,64,241
09/20/2018,MKC,MO,ACE,CE,Towers with Radar,0,58,61,2,121,0,17,90,6,113,0,75,151,8,234,90,6,96,330
09/21/2018,MKC,MO,ACE,CE,Towers with Radar,0,50,85,0,135,0,3,31,0,34,0,53,116,0,169,38,0,38,207
09/22/2018,MKC,MO,ACE,CE,Towers with Radar,0,34,32,0,66,0,4,103,1,108,0,38,135,1,174,44,0,44,218
09/23/2018,MKC,MO,ACE,CE,Towers with Radar,0,43,76,0,119,0,0,69,0,69,0,43,145,0,188,76,0,76,264
09/24/2018,MKC,MO,ACE,CE,Towers with Radar,0,30,79,0,109,0,4,91,1,96,0,34,170,1,205,130,0,130,335
09/25/2018,MKC,MO,ACE,CE,Towers with Radar,0,52,67,0,119,0,3,28,0,31,0,55,95,0,150,86,0,86,236
09/26/2018,MKC,MO,ACE,CE,Towers with Radar,0,45,72,1,118,0,14,86,1,101,0,59,158,2,219,46,0,46,265
09/27/2018,MKC,MO,ACE,CE,Towers with Radar,4,60,78,0,142,0,9,68,1,78,4,69,146,1,220,148,0,148,368
09/28/2018,MKC,MO,ACE,CE,Towers with Radar,0,46,74,0,120,0,8,68,4,80,0,54,142,4,200,64,0,64,264
09/29/2018,MKC,MO,ACE,CE,Towers with Radar,0,32,23,0,55,0,9,52,0,61,0,41,75,0,116,83,0,83,199
09/30/2018,MKC,MO,ACE,CE,Towers with Radar,2,40,58,0,100,0,0,62,1,63,2,40,120,1,163,98,0,98,261
10/01/2018,MKC,MO,ACE,CE,Towers with Radar,0,38,50,0,88,0,4,46,0,50,0,42,96,0,138,36,0,36,174
10/02/2018,MKC,MO,ACE,CE,Towers with Radar,0,51,57,2,110,0,16,50,1,67,0,67,107,3,177,66,2,68,245
10/03/2018,MKC,MO,ACE,CE,Towers with Radar,0,44,64,0,108,0,11,70,8,89,0,55,134,8,197,22,0,22,219
10/04/2018,MKC,MO,ACE,CE,Towers with Radar,0,51,53,2,106,0,0,28,2,30,0,51,81,4,136,60,0,60,196
10/05/2018,MKC,MO,ACE,CE,Towers with Radar,0,46,62,1,109,0,7,30,3,40,0,53,92,4,149,28,2,30,179
10/06/2018,MKC,MO,ACE,CE,Towers with Radar,0,28,26,4,58,0,0,1,0,1,0,28,27,4,59,0,0,0,59
10/07/2018,MKC,MO,ACE,CE,Towers with Radar,0,23,53,0,76,0,1,0,5,6,0,24,53,5,82,0,0,0,82
10/08/2018,MKC,MO,ACE,CE,Towers with Radar,0,25,45,6,76,0,3,51,0,54,0,28,96,6,130,30,0,30,160
10/09/2018,MKC,MO,ACE,CE,Towers with Radar,0,39,53,0,92,0,0,0,0,0,0,39,53,0,92,0,0,0,92
10/10/2018,MKC,MO,ACE,CE,Towers with Radar,0,42,68,0,110,0,5,52,1,58,0,47,120,1,168,66,0,66,234
10/11/2018,MKC,MO,ACE,CE,Towers with Radar,0,43,60,2,105,0,4,53,0,57,0,47,113,2,162,34,0,34,196
10/12/2018,MKC,MO,ACE,CE,Towers with Radar,0,34,44,0,78,0,6,5,0,11,0,40,49,0,89,12,0,12,101
10/13/2018,MKC,MO,ACE,CE,Towers with Radar,0,19,25,0,44,0,3,54,0,57,0,22,79,0,101,63,0,63,164
10/14/2018,MKC,MO,ACE,CE,Towers with Radar,0,24,31,0,55,0,0,0,0,0,0,24,31,0,55,0,0,0,55
10/15/2018,MKC,MO,ACE,CE,Towers with Radar,1,30,68,4,103,0,7,55,0,62,1,37,123,4,165,24,0,24,189
10/16/2018,MKC,MO,ACE,CE,Towers with Radar,0,39,49,0,88,0,9,60,3,72,0,48,109,3,160,22,0,22,182
10/17/2018,MKC,MO,ACE,CE,Towers with Radar,1,32,60,1,94,0,5,81,1,87,1,37,141,2,181,44,0,44,225
10/18/2018,MKC,MO,ACE,CE,Towers with Radar,0,33,52,0,85,0,2,35,2,39,0,35,87,2,124,26,0,26,150
10/19/2018,MKC,MO,ACE,CE,Towers with Radar,0,48,63,0,111,0,3,52,0,55,0,51,115,0,166,53,0,53,219
10/20/2018,MKC,MO,ACE,CE,Towers with Radar,2,16,44,0,62,0,2,127,0,129,2,18,171,0,191,100,0,100,291
10/21/2018,MKC,MO,ACE,CE,Towers with Radar,1,41,102,0,144,0,0,161,1,162,1,41,263,1,306,143,0,143,449
10/22/2018,MKC,MO,ACE,CE,Towers with Radar,1,38,51,2,92,0,6,90,0,96,1,44,141,2,188,80,0,80,268
10/23/2018,MKC,MO,ACE,CE,Towers with Radar,0,47,60,1,108,0,6,117,0,123,0,53,177,1,231,122,0,122,353
10/24/2018,MKC,MO,ACE,CE,Towers with Radar,0,46,59,0,105,0,17,68,0,85,0,63,127,0,190,51,0,51,241
10/25/2018,MKC,MO,ACE,CE,Towers with Radar,0,27,43,0,70,0,9,18,2,29,0,36,61,2,99,66,2,68,167
10/26/2018,MKC,MO,ACE,CE,Towers with Radar,0,37,63,0,100,0,15,86,0,101,0,52,149,0,201,91,0,91,292
10/27/2018,MKC,MO,ACE,CE,Towers with Radar,0,31,43,5,79,0,7,162,2,171,0,38,205,7,250,100,0,100,350
10/28/2018,MKC,MO,ACE,CE,Towers with Radar,0,36,98,3,137,0,9,103,1,113,0,45,201,4,250,102,0,102,352
10/29/2018,MKC,MO,ACE,CE,Towers with Radar,0,37,72,0,109,0,13,93,4,110,0,50,165,4,219,62,0,62,281
10/30/2018,MKC,MO,ACE,CE,Towers with Radar,0,39,77,0,116,2,2,47,0,51,2,41,124,0,167,95,2,97,264
10/31/2018,MKC,MO,ACE,CE,Towers with Radar,0,33,43,3,79,0,11,80,1,92,0,44,123,4,171,75,0,75,246
11/01/2018,MKC,MO,ACE,CE,Towers with Radar,0,59,59,2,120,0,6,67,10,83,0,65,126,12,203,78,6,84,287
11/02/2018,MKC,MO,ACE,CE,Towers with Radar,1,57,58,3,119,0,4,23,1,28,1,61,81,4,147,60,0,60,207
11/03/2018,MKC,MO,ACE,CE,Towers with Radar,1,31,34,0,66,0,10,78,1,89,1,41,112,1,155,78,0,78,233
11/04/2018,MKC,MO,ACE,CE,Towers with Radar,0,23,44,2,69,0,1,14,2,17,0,24,58,4,86,2,0,2,88
11/05/2018,MKC,MO,ACE,CE,Towers with Radar,2,33,72,4,111,0,4,54,2,60,2,37,126,6,171,60,0,60,231
11/06/2018,MKC,MO,ACE,CE,Towers with Radar,0,63,58,0,121,0,6,88,0,94,0,69,146,0,215,26,0,26,241
11/07/2018,MKC,MO,ACE,CE,Towers with Radar,2,49,82,2,135,0,10,114,9,133,2,59,196,11,268,64,4,68,336
11/08/2018,MKC,MO,ACE,CE,Towers with Radar,0,51,37,5,93,0,1,23,3,27,0,52,60,8,120,50,0,50,170
11/09/2018,MKC,MO,ACE,CE,Towers with Radar,2,49,40,4,95,0,0,10,3,13,2,49,50,7,108,0,8,8,116
11/10/2018,MKC,MO,ACE,CE,Towers with Radar,0,42,32,7,81,0,3,61,3,67,0,45,93,10,148,48,10,58,206
11/11/2018,MKC,MO,ACE,CE,Towers with Radar,2,32,59,1,94,0,4,76,8,88,2,36,135,9,182,16,2,18,200
11/12/2018,MKC,MO,ACE,CE,Towers with Radar,0,35,39,0,74,0,0,9,1,10,0,35,48,1,84,26,0,26,110
11/13/2018,MKC,MO,ACE,CE,Towers with Radar,0,60,61,1,122,0,7,70,2,79,0,67,131,3,201,54,0,54,255
11/14/2018,MKC,MO,ACE,CE,Towers with Radar,0,56,57,1,114,0,8,88,5,101,0,64,145,6,215,34,0,34,249
11/15/2018,MKC,MO,ACE,CE,Towers with Radar,0,37,83,2,122,0,14,80,13,107,0,51,163,15,229,22,0,22,251
11/16/2018,MKC,MO,ACE,CE,Towers with Radar,0,50,61,1,112,0,4,54,1,59,0,54,115,2,171,66,0,66,237
11/17/2018,MKC,MO,ACE,CE,Towers with Radar,0,29,26,2,57,0,2,72,0,74,0,31,98,2,131,52,0,52,183
11/18/2018,MKC,MO,ACE,CE,Towers with Radar,0,27,40,0,67,0,0,46,2,48,0,27,86,2,115,106,0,106,221
11/19/2018,MKC,MO,ACE,CE,Towers with Radar,0,37,47,0,84,0,1,65,2,68,0,38,112,2,152,127,0,127,279
11/20/2018,MKC,MO,ACE,CE,Towers with Radar,0,54,62,1,117,0,3,101,2,106,0,57,163,3,223,182,0,182,405
11/21/2018,MKC,MO,ACE,CE,Towers with Radar,0,52,47,3,102,0,2,106,7,115,0,54,153,10,217,42,4,46,263
11/22/2018,MKC,MO,ACE,CE,Towers with Radar,0,23,11,0,34,0,0,66,0,66,0,23,77,0,100,72,0,72,172
11/23/2018,MKC,MO,ACE,CE,Towers with Radar,0,23,26,0,49,0,2,114,1,117,0,25,140,1,166,10,0,10,176
11/24/2018,MKC,MO,ACE,CE,Towers with Radar,2,38,46,0,86,0,7,118,0,125,2,45,164,0,211,104,0,104,315
11/25/2018,MKC,MO,ACE,CE,Towers with Radar,0,4,9,0,13,0,0,2,0,2,0,4,11,0,15,0,0,0,15
11/26/2018,MKC,MO,ACE,CE,Towers with Radar,1,39,45,2,87,0,6,54,0,60,1,45,99,2,147,32,0,32,179
11/27/2018,MKC,MO,ACE,CE,Towers with Radar,2,40,59,0,101,0,1,113,6,120,2,41,172,6,221,67,2,69,290
11/28/2018,MKC,MO,ACE,CE,Towers with Radar,1,53,62,4,120,0,7,89,0,96,1,60,151,4,216,46,0,46,262
11/29/2018,MKC,MO,ACE,CE,Towers with Radar,1,50,54,2,107,1,3,49,4,57,2,53,103,6,164,10,0,10,174
11/30/2018,MKC,MO,ACE,CE,Towers with Radar,1,34,42,0,77,0,0,9,0,9,1,34,51,0,86,6,0,6,92
12/01/2018,MKC,MO,ACE,CE,Towers with Radar,0,25,26,0,51,0,1,13,0,14,0,26,39,0,65,6,0,6,71
12/02/2018,MKC,MO,ACE,CE,Towers with Radar,0,21,27,0,48,0,5,10,0,15,0,26,37,0,63,4,0,4,67
12/03/2018,MKC,MO,ACE,CE,Towers with Radar,0,24,36,0,60,0,1,22,0,23,0,25,58,0,83,26,0,26,109
12/04/2018,MKC,MO,ACE,CE,Towers with Radar,0,42,54,1,97,0,0,37,0,37,0,42,91,1,134,10,0,10,144
12/05/2018,MKC,MO,ACE,CE,Towers with Radar,0,55,81,2,138,0,12,97,2,111,0,67,178,4,249,92,0,92,341
12/06/2018,MKC,MO,ACE,CE,Towers with Radar,0,43,67,0,110,0,4,72,0,76,0,47,139,0,186,18,2,20,206
12/07/2018,MKC,MO,ACE,CE,Towers with Radar,0,35,44,2,81,0,14,61,1,76,0,49,105,3,157,44,0,44,201
12/08/2018,MKC,MO,ACE,CE,Towers with Radar,0,31,37,0,68,0,4,123,0,127,0,35,160,0,195,39,0,39,234
12/09/2018,MKC,MO,ACE,CE,Towers with Radar,0,29,82,0,111,0,4,105,0,109,0,33,187,0,220,64,0,64,284
12/10/2018,MKC,MO,ACE,CE,Towers with Radar,0,34,42,0,76,0,3,65,2,70,0,37,107,2,146,52,0,52,198
12/11/2018,MKC,MO,ACE,CE,Towers with Radar,0,44,68,4,116,0,7,114,0,121,0,51,182,4,237,82,0,82,319
12/12/2018,MKC,MO,ACE,CE,Towers with Radar,0,45,73,0,118,0,7,104,0,111,0,52,177,0,229,77,0,77,306
12/13/2018,MKC,MO,ACE,CE,Towers with Radar,1,66,95,0,162,0,0,0,0,0,1,66,95,0,162,0,0,0,162
12/14/2018,MKC,MO,ACE,CE,Towers with Radar,0,50,92,1,143,0,11,51,0,62,0,61,143,1,205,40,0,40,245
12/15/2018,MKC,MO,ACE,CE,Towers with Radar,1,30,28,2,61,0,2,146,0,148,1,32,174,2,209,92,0,92,301
12/16/2018,MKC,MO,ACE,CE,Towers with Radar,0,15,32,1,48,0,9,91,0,100,0,24,123,1,148,40,0,40,188
12/17/2018,MKC,MO,ACE,CE,Towers with Radar,0,31,53,2,86,0,2,93,2,97,0,33,146,4,183,24,0,24,207
12/18/2018,MKC,MO,ACE,CE,Towers with Radar,0,45,57,0,102,0,10,93,3,106,0,55,150,3,208,86,2,88,296
12/19/2018,MKC,MO,ACE,CE,Towers with Radar,0,41,71,1,113,0,7,63,3,73,0,48,134,4,186,99,0,99,285
12/20/2018,MKC,MO,ACE,CE,Towers with Radar,0,46,46,0,92,0,4,63,0,67,0,50,109,0,159,60,0,60,219
12/21/2018,MKC,MO,ACE,CE,Towers with Radar,0,47,44,0,91,0,6,87,0,93,0,53,131,0,184,64,0,64,248
12/22/2018,MKC,MO,ACE,CE,Towers with Radar,0,31,36,0,67,0,0,135,1,136,0,31,171,1,203,113,0,113,316
12/23/2018,MKC,MO,ACE,CE,Towers with Radar,0,21,22,0,43,0,4,154,0,158,0,25,176,0,201,54,0,54,255
12/24/2018,MKC,MO,ACE,CE,Towers with Radar,0,21,2,0,23,0,2,127,0,129,0,23,129,0,152,28,0,28,180
12/25/2018,MKC,MO,ACE,CE,Towers with Radar,0,35,5,0,40,0,3,50,0,53,0,38,55,0,93,2,0,2,95
12/26/2018,MKC,MO,ACE,CE,Towers with Radar,0,31,33,0,64,0,5,7,0,12,0,36,40,0,76,0,0,0,76
12/27/2018,MKC,MO,ACE,CE,Towers with Radar,0,48,40,0,88,0,4,9,0,13,0,52,49,0,101,0,0,0,101
12/28/2018,MKC,MO,ACE,CE,Towers with Radar,0,37,35,0,72,0,3,20,0,23,0,40,55,0,95,6,0,6,101
12/29/2018,MKC,MO,ACE,CE,Towers with Radar,0,37,44,0,81,0,0,105,0,105,0,37,149,0,186,20,0,20,206
12/30/2018,MKC,MO,ACE,CE,Towers with Radar,0,28,47,0,75,0,2,136,1,139,0,30,183,1,214,42,0,42,256
12/31/2018,MKC,MO,ACE,CE,Towers with Radar,1,24,18,0,43,0,0,28,0,28,1,24,46,0,71,2,0,2,73
01/01/2019,MKC,MO,ACE,CE,Towers with Radar,0,41,12,0,53,0,2,11,0,13,0,43,23,0,66,16,0,16,82
01/02/2019,MKC,MO,ACE,CE,Towers with Radar,0,37,33,0,70,0,4,78,0,82,0,41,111,0,152,35,0,35,187
01/03/2019,MKC,MO,ACE,CE,Towers with Radar,0,36,36,0,72,0,0,33,0,33,0,36,69,0,105,14,0,14,119
01/04/2019,MKC,MO,ACE,CE,Towers with Radar,0,42,41,0,83,0,0,38,0,38,0,42,79,0,121,52,0,52,173
01/05/2019,MKC,MO,ACE,CE,Towers with Radar,0,43,40,0,83,0,5,157,0,162,0,48,197,0,245,90,0,90,335
01/06/2019,MKC,MO,ACE,CE,Towers with Radar,0,21,30,0,51,0,5,73,0,78,0,26,103,0,129,30,0,30,159
01/07/2019,MKC,MO,ACE,CE,Towers with Radar,0,29,30,0,59,0,7,94,0,101,0,36,124,0,160,84,0,84,244
01/08/2019,MKC,MO,ACE,CE,Towers with Radar,0,36,31,2,69,0,7,73,0,80,0,43,104,2,149,14,0,14,163
01/09/2019,MKC,MO,ACE,CE,Towers with Radar,0,41,38,1,80,0,7,73,0,80,0,48,111,1,160,26,2,28,188
01/10/2019,MKC,MO,ACE,CE,Towers with Radar,0,44,48,0,92,0,9,68,0,77,0,53,116,0,169,24,0,24,193
01/11/2019,MKC,MO,ACE,CE,Towers with Radar,0,41,44,2,87,0,5,12,0,17,0,46,56,2,104,2,0,2,106
01/12/2019,MKC,MO,ACE,CE,Towers with Radar,0,18,33,0,51,0,0,0,0,0,0,18,33,0,51,0,0,0,51
01/13/2019,MKC,MO,ACE,CE,Towers with Radar,0,17,28,0,45,0,10,34,0,44,0,27,62,0,89,54,0,54,143
01/14/2019,MKC,MO,ACE,CE,Towers with Radar,0,31,38,0,69,0,0,0,0,0,0,31,38,0,69,0,0,0,69
01/15/2019,MKC,MO,ACE,CE,Towers with Radar,0,42,62,0,104,0,0,0,0,0,0,42,62,0,104,0,0,0,104
01/16/2019,MKC,MO,ACE,CE,Towers with Radar,0,38,37,0,75,0,0,0,0,0,0,38,37,0,75,0,0,0,75
01/17/2019,MKC,MO,ACE,CE,Towers with Radar,0,55,47,0,102,0,0,0,0,0,0,55,47,0,102,0,0,0,102
01/18/2019,MKC,MO,ACE,CE,Towers with Radar,0,45,37,0,82,0,0,0,0,0,0,45,37,0,82,0,0,0,82
01/19/2019,MKC,MO,ACE,CE,Towers with Radar,0,26,19,2,47,0,1,20,0,21,0,27,39,2,68,8,0,8,76
01/20/2019,MKC,MO,ACE,CE,Towers with Radar,0,78,103,0,181,0,11,84,1,96,0,89,187,1,277,50,0,50,327
01/21/2019,MKC,MO,ACE,CE,Towers with Radar,0,48,75,0,123,0,2,23,0,25,0,50,98,0,148,2,0,2,150
01/22/2019,MKC,MO,ACE,CE,Towers with Radar,0,45,31,0,76,0,1,4,0,5,0,46,35,0,81,0,0,0,81
01/23/2019,MKC,MO,ACE,CE,Towers with Radar,0,41,48,4,93,0,5,62,1,68,0,46,110,5,161,27,2,29,190
01/24/2019,MKC,MO,ACE,CE,Towers with Radar,1,43,41,1,86,0,7,39,6,52,1,50,80,7,138,71,0,71,209
01/25/2019,MKC,MO,ACE,CE,Towers with Radar,0,46,45,1,92,0,33,57,0,90,0,79,102,1,182,22,0,22,204
01/26/2019,MKC,MO,ACE,CE,Towers with Radar,0,30,36,2,68,0,8,85,0,93,0,38,121,2,161,88,0,88,249
01/27/2019,MKC,MO,ACE,CE,Towers with Radar,0,22,33,0,55,0,4,57,0,61,0,26,90,0,116,84,0,84,200
01/28/2019,MKC,MO,ACE,CE,Towers with Radar,0,24,30,0,54,0,4,14,0,18,0,28,44,0,72,0,0,0,72
01/29/2019,MKC,MO,ACE,CE,Towers with Radar,0,44,38,0,82,0,11,58,2,71,0,55,96,2,153,48,0,48,201
01/30/2019,MKC,MO,ACE,CE,Towers with Radar,0,29,38,0,67,0,5,26,0,31,0,34,64,0,98,2,0,2,100
01/31/2019,MKC,MO,ACE,CE,Towers with Radar,0,35,52,0,87,0,3,47,1,51,0,38,99,1,138,30,0,30,168
02/01/2019,MKC,MO,ACE,CE,Towers with Radar,0,35,35,1,71,0,7,43,5,55,0,42,78,6,126,56,0,56,182
02/02/2019,MKC,MO,ACE,CE,Towers with Radar,0,27,38,2,67,0,3,62,0,65,0,30,100,2,132,24,0,24,156
02/03/2019,MKC,MO,ACE,CE,Towers with Radar,0,23,23,0,46,0,6,52,0,58,0,29,75,0,104,6,0,6,110
02/04/2019,MKC,MO,ACE,CE,Towers with Radar,0,35,49,1,85,0,3,46,0,49,0,38,95,1,134,4,0,4,138
02/05/2019,MKC,MO,ACE,CE,Towers with Radar,0,34,35,0,69,0,1,5,0,6,0,35,40,0,75,0,0,0,75
02/06/2019,MKC,MO,ACE,CE,Towers with Radar,0,30,31,0,61,0,0,0,0,0,0,30,31,0,61,0,0,0,61
02/07/2019,MKC,MO,ACE,CE,Towers with Radar,0,26,27,1,54,0,3,2,1,6,0,29,29,2,60,0,0,0,60
02/08/2019,MKC,MO,ACE,CE,Towers with Radar,0,47,50,1,98,0,1,40,3,44,0,48,90,4,142,68,2,70,212
02/09/2019,MKC,MO,ACE,CE,Towers with Radar,0,32,28,0,60,0,26,52,0,78,0,58,80,0,138,56,0,56,194
02/10/2019,MKC,MO,ACE,CE,Towers with Radar,0,17,30,0,47,0,0,0,0,0,0,17,30,0,47,0,0,0,47
02/11/2019,MKC,MO,ACE,CE,Towers with Radar,0,36,26,0,62,0,0,0,0,0,0,36,26,0,62,0,0,0,62
02/12/2019,MKC,MO,ACE,CE,Towers with Radar,0,52,55,1,108,0,8,90,10,108,0,60,145,11,216,30,2,32,248
02/13/2019,MKC,MO,ACE,CE,Towers with Radar,0,60,73,2,135,0,14,115,0,129,0,74,188,2,264,26,0,26,290
02/14/2019,MKC,MO,ACE,CE,Towers with Radar,0,50,54,0,104,0,17,77,2,96,0,67,131,2,200,33,0,33,233
02/15/2019,MKC,MO,ACE,CE,Towers with Radar,0,19,30,0,49,0,0,0,0,0,0,19,30,0,49,0,0,0,49
02/16/2019,MKC,MO,ACE,CE,Towers with Radar,0,28,19,0,47,0,8,69,4,81,0,36,88,4,128,30,4,34,162
02/17/2019,MKC,MO,ACE,CE,Towers with Radar,0,7,24,0,31,0,1,45,0,46,0,8,69,0,77,0,0,0,77
02/18/2019,MKC,MO,ACE,CE,Towers with Radar,0,32,42,0,74,0,6,63,0,69,0,38,105,0,143,6,0,6,149
02/19/2019,MKC,MO,ACE,CE,Towers with Radar,0,36,44,0,80,0,3,15,1,19,0,39,59,1,99,32,0,32,131
02/20/2019,MKC,MO,ACE,CE,Towers with Radar,0,28,45,0,73,0,5,65,3,73,0,33,110,3,146,18,0,18,164
02/21/2019,MKC,MO,ACE,CE,Towers with Radar,0,45,64,3,112,0,7,53,1,61,0,52,117,4,173,12,0,12,185
02/22/2019,MKC,MO,ACE,CE,Towers with Radar,0,47,45,0,92,0,1,35,4,40,0,48,80,4,132,26,0,26,158
02/23/2019,MKC,MO,ACE,CE,Towers with Radar,0,14,22,0,36,0,0,0,0,0,0,14,22,0,36,0,0,0,36
02/24/2019,MKC,MO,ACE,CE,Towers with Radar,0,22,29,0,51,0,24,67,0,91,0,46,96,0,142,70,0,70,212
02/25/2019,MKC,MO,ACE,CE,Towers with Radar,0,23,45,2,70,0,21,120,4,145,0,44,165,6,215,170,0,170,385
02/26/2019,MKC,MO,ACE,CE,Towers with Radar,0,41,58,1,100,0,22,45,0,67,0,63,103,1,167,62,2,64,231
02/27/2019,MKC,MO,ACE,CE,Towers with Radar,0,24,33,3,60,1,2,8,0,11,1,26,41,3,71,32,0,32,103
02/28/2019,MKC,MO,ACE,CE,Towers with Radar,0,33,54,0,87,0,1,10,0,11,0,34,64,0,98,0,0,0,98
03/01/2019,MKC,MO,ACE,CE,Towers with Radar,0,38,41,0,79,0,8,41,0,49,0,46,82,0,128,60,0,60,188
03/02/2019,MKC,MO,ACE,CE,Towers with Radar,0,31,30,0,61,0,2,70,0,72,0,33,100,0,133,54,4,58,191
03/03/2019,MKC,MO,ACE,CE,Towers with Radar,0,16,13,0,29,0,24,31,0,55,0,40,44,0,84,4,0,4,88
03/04/2019,MKC,MO,ACE,CE,Towers with Radar,0,33,36,1,70,0,19,57,2,78,0,52,93,3,148,32,0,32,180
03/05/2019,MKC,MO,ACE,CE,Towers with Radar,0,42,50,1,93,0,1,92,3,96,0,43,142,4,189,2,0,2,191
03/06/2019,MKC,MO,ACE,CE,Towers with Radar,0,41,59,2,102,0,6,29,3,38,0,47,88,5,140,20,2,22,162
03/07/2019,MKC,MO,ACE,CE,Towers with Radar,0,34,55,0,89,0,3,23,0,26,0,37,78,0,115,12,0,12,127
03/08/2019,MKC,MO,ACE,CE,Towers with Radar,1,47,50,0,98,0,0,3,0,3,1,47,53,0,101,0,0,0,101
03/09/2019,MKC,MO,ACE,CE,Towers with Radar,0,33,22,0,55,0,0,9,0,9,0,33,31,0,64,8,0,8,72
03/10/2019,MKC,MO,ACE,CE,Towers with Radar,0,29,34,0,63,0,21,104,6,131,0,50,138,6,194,74,10,84,278
03/11/2019,MKC,MO,ACE,CE,Towers with Radar,1,18,51,3,73,0,19,102,8,129,1,37,153,11,202,38,0,38,240
03/12/2019,MKC,MO,ACE,CE,Towers with Radar,6,32,33,0,71,0,2,15,2,19,6,34,48,2,90,18,0,18,108
03/13/2019,MKC,MO,ACE,CE,Towers with Radar,0,37,57,0,94,0,0,9,0,9,0,37,66,0,103,0,0,0,103
03/14/2019,MKC,MO,ACE,CE,Towers with Radar,0,48,42,0,90,0,2,7,1,10,0,50,49,1,100,0,0,0,100
03/15/2019,MKC,MO,ACE,CE,Towers with Radar,6,61,58,1,126,0,3,45,0,48,6,64,103,1,174,0,0,0,174
03/16/2019,MKC,MO,ACE,CE,Towers with Radar,2,42,44,1,89,0,11,99,0,110,2,53,143,1,199,40,0,40,239
03/17/2019,MKC,MO,ACE,CE,Towers with Radar,0,36,37,0,73,0,10,77,4,91,0,46,114,4,164,76,4,80,244
03/18/2019,MKC,MO,ACE,CE,Towers with Radar,0,17,65,0,82,0,20,44,7,71,0,37,109,7,153,90,0,90,243
03/19/2019,MKC,MO,ACE,CE,Towers with Radar,0,41,52,0,93,0,10,46,4,60,0,51,98,4,153,38,0,38,191
03/20/2019,MKC,MO,ACE,CE,Towers with Radar,0,43,56,0,99,0,12,43,0,55,0,55,99,0,154,6,0,6,160
03/21/2019,MKC,MO,ACE,CE,Towers with Radar,0,39,66,0,105,0,9,95,2,106,0,48,161,2,211,56,4,60,271
03/22/2019,MKC,MO,ACE,CE,Towers with Radar,0,30,43,0,73,0,5,91,2,98,0,35,134,2,171,40,0,40,211
03/23/2019,MKC,MO,ACE,CE,Towers with Radar,0,32,26,0,58,0,5,56,0,61,0,37,82,0,119,18,0,18,137
03/24/2019,MKC,MO,ACE,CE,Towers with Radar,0,30,23,1,54,0,8,35,1,44,0,38,58,2,98,20,0,20,118
03/25/2019,MKC,MO,ACE,CE,Towers with Radar,0,28,54,1,83,0,13,64,1,78,0,41,118,2,161,42,0,42,203
03/26/2019,MKC,MO,ACE,CE,Towers with Radar,4,40,64,1,109,0,6,74,9,89,4,46,138,10,198,50,0,50,248
03/27/2019,MKC,MO,ACE,CE,Towers with Radar,7,32,65,1,105,0,6,50,3,59,7,38,115,4,164,0,0,0,164
03/28/2019,MKC,MO,ACE,CE,Towers with Radar,0,35,38,0,73,0,8,21,1,30,0,43,59,1,103,0,6,6,109
03/29/2019,MKC,MO,ACE,CE,Towers with Radar,1,52,95,1,149,0,4,11,0,15,1,56,106,1,164,0,0,0,164
03/30/2019,MKC,MO,ACE,CE,Towers with Radar,5,44,26,0,75,0,6,64,0,70,5,50,90,0,145,0,0,0,145
03/31/2019,MKC,MO,ACE,CE,Towers with Radar,7,28,107,0,142,0,14,201,0,215,7,42,308,0,357,90,0,90,447
04/01/2019,MKC,MO,ACE,CE,Towers with Radar,0,35,43,1,79,0,17,95,8,120,0,52,138,9,199,55,2,57,256
04/02/2019,MKC,MO,ACE,CE,Towers with Radar,0,50,50,0,100,0,15,104,11,130,0,65,154,11,230,54,2,56,286
04/03/2019,MKC,MO,ACE,CE,Towers with Radar,4,27,61,0,92,0,6,86,2,94,4,33,147,2,186,64,0,64,250
04/04/2019,MKC,MO,ACE,CE,Towers with Radar,0,33,45,1,79,0,1,5,0,6,0,34,50,1,85,0,0,0,85
04/05/2019,MKC,MO,ACE,CE,Towers with Radar,0,38,53,0,91,0,2,15,0,17,0,40,68,0,108,4,0,4,112
04/06/2019,MKC,MO,ACE,CE,Towers with Radar,0,28,30,1,59,0,2,67,0,69,0,30,97,1,128,48,0,48,176
04/07/2019,MKC,MO,ACE,CE,Towers with Radar,4,23,34,1,62,0,11,70,2,83,4,34,104,3,145,10,0,10,155
04/08/2019,MKC,MO,ACE,CE,Towers with Radar,0,41,52,1,94,0,16,86,1,103,0,57,138,2,197,64,0,64,261
04/09/2019,MKC,MO,ACE,CE,Towers with Radar,0,42,77,0,119,0,17,50,1,68,0,59,127,1,187,20,0,20,207
04/10/2019,MKC,MO,ACE,CE,Towers with Radar,0,54,42,4,100,0,5,37,8,50,0,59,79,12,150,0,0,0,150
04/11/2019,MKC,MO,ACE,CE,Towers with Radar,4,36,56,0,96,0,9,13,0,22,4,45,69,0,118,0,0,0,118
04/12/2019,MKC,MO,ACE,CE,Towers with Radar,0,34,45,0,79,0,1,45,0,46,0,35,90,0,125,0,0,0,125
04/13/2019,MKC,MO,ACE,CE,Towers with Radar,0,29,29,0,58,0,14,120,0,134,0,43,149,0,192,22,0,22,214
04/14/2019,MKC,MO,ACE,CE,Towers with Radar,4,24,49,0,77,0,18,86,1,105,4,42,135,1,182,8,0,8,190
04/15/2019,MKC,MO,ACE,CE,Towers with Radar,0,25,59,0,84,0,10,88,3,101,0,35,147,3,185,10,0,10,195
04/16/2019,MKC,MO,ACE,CE,Towers with Radar,0,40,60,0,100,0,11,104,0,115,0,51,164,0,215,92,0,92,307
04/17/2019,MKC,MO,ACE,CE,Towers with Radar,0,45,67,0,112,0,9,63,0,72,0,54,130,0,184,52,0,52,236
04/18/2019,MKC,MO,ACE,CE,Towers with Radar,0,33,46,0,79,0,5,85,4,94,0,38,131,4,173,48,6,54,227
04/19/2019,MKC,MO,ACE,CE,Towers with Radar,0,33,36,3,72,0,16,59,1,76,0,49,95,4,148,37,0,37,185
04/20/2019,MKC,MO,ACE,CE,Towers with Radar,0,27,25,0,52,0,15,124,0,139,0,42,149,0,191,50,12,62,253
04/21/2019,MKC,MO,ACE,CE,Towers with Radar,0,27,27,0,54,0,23,56,0,79,0,50,83,0,133,2,0,2,135
04/22/2019,MKC,MO,ACE,CE,Towers with Radar,0,27,60,0,87,0,8,64,0,72,0,35,124,0,159,50,0,50,209
04/23/2019,MKC,MO,ACE,CE,Towers with Radar,0,50,75,0,125,0,7,56,1,64,0,57,131,1,189,94,0,94,283
04/24/2019,MKC,MO,ACE,CE,Towers with Radar,2,44,59,2,107,0,9,80,0,89,2,53,139,2,196,90,3,93,289
04/25/2019,MKC,MO,ACE,CE,Towers with Radar,0,60,75,0,135,0,7,52,0,59,0,67,127,0,194,75,1,76,270
04/26/2019,MKC,MO,ACE,CE,Towers with Radar,0,51,92,0,143,0,11,92,0,103,0,62,184,0,246,84,4,88,334
04/27/2019,MKC,MO,ACE,CE,Towers with Radar,0,28,38,0,66,0,24,92,1,117,0,52,130,1,183,12,0,12,195
04/28/2019,MKC,MO,ACE,CE,Towers with Radar,1,28,55,0,84,0,9,36,0,45,1,37,91,0,129,28,0,28,157
04/29/2019,MKC,MO,ACE,CE,Towers with Radar,0,30,53,2,85,0,9,57,3,69,0,39,110,5,154,18,0,18,172
04/30/2019,MKC,MO,ACE,CE,Towers with Radar,0,30,20,0,50,0,0,4,0,4,0,30,24,0,54,0,0,0,54
05/01/2019,MKC,MO,ACE,CE,Towers with Radar,0,55,73,0,128,0,0,10,0,10,0,55,83,0,138,65,0,65,203
05/02/2019,MKC,MO,ACE,CE,Towers with Radar,3,59,64,3,129,0,7,74,0,81,3,66,138,3,210,38,0,38,248
05/03/2019,MKC,MO,ACE,CE,Towers with Radar,0,46,53,0,99,0,11,21,2,34,0,57,74,2,133,26,5,31,164
05/04/2019,MKC,MO,ACE,CE,Towers with Radar,0,23,44,3,70,0,33,113,2,148,0,56,157,5,218,91,14,105,323
05/05/2019,MKC,MO,ACE,CE,Towers with Radar,0,20,36,1,57,0,2,74,3,79,0,22,110,4,136,6,0,6,142
05/06/2019,MKC,MO,ACE,CE,Towers with Radar,0,31,48,3,82,0,7,84,1,92,0,38,132,4,174,60,0,60,234
05/07/2019,MKC,MO,ACE,CE,Towers with Radar,0,54,72,0,126,0,1,8,0,9,0,55,80,0,135,22,0,22,157
05/08/2019,MKC,MO,ACE,CE,Towers with Radar,2,40,50,0,92,0,5,14,2,21,2,45,64,2,113,20,0,20,133
05/09/2019,MKC,MO,ACE,CE,Towers with Radar,2,56,65,0,123,0,1,62,1,64,2,57,127,1,187,74,4,78,265
05/10/2019,MKC,MO,ACE,CE,Towers with Radar,0,51,71,1,123,0,29,102,3,134,0,80,173,4,257,132,0,132,389
05/11/2019,MKC,MO,ACE,CE,Towers with Radar,0,24,40,0,64,0,5,52,4,61,0,29,92,4,125,46,0,46,171
05/12/2019,MKC,MO,ACE,CE,Towers with Radar,2,18,25,0,45,0,2,44,0,46,2,20,69,0,91,4,0,4,95
05/13/2019,MKC,MO,ACE,CE,Towers with Radar,0,28,52,0,80,0,5,98,4,107,0,33,150,4,187,34,26,60,247
05/14/2019,MKC,MO,ACE,CE,Towers with Radar,0,46,60,0,106,0,5,106,5,116,0,51,166,5,222,34,0,34,256
05/15/2019,MKC,MO,ACE,CE,Towers with Radar,0,50,47,2,99,0,2,111,0,113,0,52,158,2,212,123,0,123,335
05/16/2019,MKC,MO,ACE,CE,Towers with Radar,2,55,73,0,130,0,0,60,0,60,2,55,133,0,190,12,0,12,202
05/17/2019,MKC,MO,ACE,CE,Towers with Radar,0,51,54,0,105,0,8,68,0,76,0,59,122,0,181,64,0,64,245
05/18/2019,MKC,MO,ACE,CE,Towers with Radar,0,26,13,0,39,0,28,1,0,29,0,54,14,0,68,1,0,1,69
05/19/2019,MKC,MO,ACE,CE,Towers with Radar,0,24,42,0,66,0,12,65,0,77,0,36,107,0,143,18,6,24,167
05/20/2019,MKC,MO,ACE,CE,Towers with Radar,0,30,29,0,59,0,2,90,5,97,0,32,119,5,156,47,6,53,209
05/21/2019,MKC,MO,ACE,CE,Towers with Radar,0,29,44,0,73,0,0,19,0,19,0,29,63,0,92,1,0,1,93
05/22/2019,MKC,MO,ACE,CE,Towers with Radar,0,51,79,0,130,0,0,97,1,98,0,51,176,1,228,20,0,20,248
05/23/2019,MKC,MO,ACE,CE,Towers with Radar,3,44,60,0,107,0,0,100,0,100,3,44,160,0,207,42,0,42,249
05/24/2019,MKC,MO,ACE,CE,Towers with Radar,0,50,33,0,83,0,0,13,0,13,0,50,46,0,96,2,0,2,98
05/25/2019,MKC,MO,ACE,CE,Towers with Radar,0,38,22,0,60,0,13,93,0,106,0,51,115,0,166,20,0,20,186
05/26/2019,MKC,MO,ACE,CE,Towers with Radar,3,26,19,0,48,0,13,49,0,62,3,39,68,0,110,72,0,72,182
05/27/2019,MKC,MO,ACE,CE,Towers with Radar,0,24,29,0,53,0,24,66,1,91,0,48,95,1,144,36,0,36,180
05/28/2019,MKC,MO,ACE,CE,Towers with Radar,0,32,45,0,77,0,5,83,3,91,0,37,128,3,168,108,0,108,276
05/29/2019,MKC,MO,ACE,CE,Towers with Radar,0,49,72,3,124,2,5,66,0,73,2,54,138,3,197,31,0,31,228
05/30/2019,MKC,MO,ACE,CE,Towers with Radar,0,49,62,2,113,0,21,125,2,148,0,70,187,4,261,90,2,92,353
05/31/2019,MKC,MO,ACE,CE,Towers with Radar,0,35,48,0,83,0,17,119,0,136,0,52,167,0,219,92,0,92,311
06/01/2019,MKC,MO,ACE,CE,Towers with Radar,0,23,16,0,39,0,10,102,1,113,0,33,118,1,152,53,0,53,205
06/02/2019,MKC,MO,ACE,CE,Towers with Radar,2,18,36,0,56,0,4,113,5,122,2,22,149,5,178,98,0,98,276
06/03/2019,MKC,MO,ACE,CE,Towers with Radar,1,28,43,0,72,0,11,96,3,110,1,39,139,3,182,76,0,76,258
06/04/2019,MKC,MO,ACE,CE,Towers with Radar,0,52,44,2,98,0,6,99,2,107,0,58,143,4,205,72,0,72,277
06/05/2019,MKC,MO,ACE,CE,Towers with Radar,2,45,53,0,100,0,6,55,0,61,2,51,108,0,161,107,0,107,268
06/06/2019,MKC,MO,ACE,CE,Towers with Radar,1,45,28,4,78,0,5,92,5,102,1,50,120,9,180,56,8,64,244
06/07/2019,MKC,MO,ACE,CE,Towers with Radar,0,40,38,2,80,0,8,97,2,107,0,48,135,4,187,32,0,32,219
06/08/2019,MKC,MO,ACE,CE,Towers with Radar,0,30,26,0,56,0,18,144,2,164,0,48,170,2,220,68,2,70,290
06/09/2019,MKC,MO,ACE,CE,Towers with Radar,2,27,46,0,75,0,29,64,0,93,2,56,110,0,168,63,0,63,231
06/10/2019,MKC,MO,ACE,CE,Towers with Radar,0,38,46,0,84,0,11,74,2,87,0,49,120,2,171,79,0,79,250
06/11/2019,MKC,MO,ACE,CE,Towers with Radar,0,52,52,0,104,0,14,91,3,108,0,66,143,3,212,96,0,96,308
06/12/2019,MKC,MO,ACE,CE,Towers with Radar,0,71,64,2,137,0,9,72,5,86,0,80,136,7,223,88,0,88,311
06/13/2019,MKC,MO,ACE,CE,Towers with Radar,2,57,67,0,126,0,10,105,1,116,2,67,172,1,242,161,0,161,403
06/14/2019,MKC,MO,ACE,CE,Towers with Radar,0,43,42,0,85,0,11,71,0,82,0,54,113,0,167,37,0,37,204
06/15/2019,MKC,MO,ACE,CE,Towers with Radar,0,30,33,0,63,0,5,110,5,120,0,35,143,5,183,20,0,20,203
06/16/2019,MKC,MO,ACE,CE,Towers with Radar,0,24,31,0,55,0,3,101,0,104,0,27,132,0,159,110,0,110,269
06/17/2019,MKC,MO,ACE,CE,Towers with Radar,0,29,59,0,88,0,0,71,2,73,0,29,130,2,161,75,0,75,236
06/18/2019,MKC,MO,ACE,CE,Towers with Radar,0,44,87,0,131,0,7,90,0,97,0,51,177,0,228,140,0,140,368
06/19/2019,MKC,MO,ACE,CE,Towers with Radar,1,45,58,0,104,0,0,21,1,22,1,45,79,1,126,24,0,24,150
06/20/2019,MKC,MO,ACE,CE,Towers with Radar,3,51,65,0,119,0,4,111,2,117,3,55,176,2,236,86,0,86,322
06/21/2019,MKC,MO,ACE,CE,Towers with Radar,0,44,51,0,95,0,0,29,1,30,0,44,80,1,125,45,0,45,170
06/22/2019,MKC,MO,ACE,CE,Towers with Radar,0,25,25,0,50,0,0,85,1,86,0,25,110,1,136,52,0,52,188
06/23/2019,MKC,MO,ACE,CE,Towers with Radar,3,16,22,0,41,0,2,25,0,27,3,18,47,0,68,0,0,0,68
06/24/2019,MKC,MO,ACE,CE,Towers with Radar,0,35,46,1,82,0,7,59,3,69,0,42,105,4,151,151,0,151,302
06/25/2019,MKC,MO,ACE,CE,Towers with Radar,0,37,81,1,119,0,10,88,2,100,0,47,169,3,219,54,0,54,273
06/26/2019,MKC,MO,ACE,CE,Towers with Radar,0,48,58,1,107,0,10,133,4,147,0,58,191,5,254,74,0,74,328
06/27/2019,MKC,MO,ACE,CE,Towers with Radar,1,41,68,2,112,0,5,87,1,93,1,46,155,3,205,57,0,57,262
06/28/2019,MKC,MO,ACE,CE,Towers with Radar,3,41,65,0,109,0,4,93,0,97,3,45,158,0,206,104,0,104,310
06/29/2019,MKC,MO,ACE,CE,Towers with Radar,0,28,29,0,57,0,11,116,0,127,0,39,145,0,184,50,0,50,234
06/30/2019,MKC,MO,ACE,CE,Towers with Radar,2,21,33,1,57,0,6,102,0,108,2,27,135,1,165,58,0,58,223
07/01/2019,MKC,MO,ACE,CE,Towers with Radar,2,21,49,2,74,0,14,109,3,126,2,35,158,5,200,90,0,90,290
07/02/2019,MKC,MO,ACE,CE,Towers with Radar,2,44,40,3,89,0,10,132,6,148,2,54,172,9,237,114,2,116,353
07/03/2019,MKC,MO,ACE,CE,Towers with Radar,2,32,28,4,66,1,12,131,4,148,3,44,159,8,214,14,2,16,230
07/04/2019,MKC,MO,ACE,CE,Towers with Radar,4,22,18,3,47,0,1,58,15,74,4,23,76,18,121,22,5,27,148
07/05/2019,MKC,MO,ACE,CE,Towers with Radar,0,22,17,1,40,0,1,202,7,210,0,23,219,8,250,22,0,22,272
07/06/2019,MKC,MO,ACE,CE,Towers with Radar,0,27,12,0,39,0,3,16,0,19,0,30,28,0,58,6,0,6,64
07/07/2019,MKC,MO,ACE,CE,Towers with Radar,4,25,22,0,51,0,9,80,6,95,4,34,102,6,146,8,0,8,154
07/08/2019,MKC,MO,ACE,CE,Towers with Radar,0,31,42,3,76,0,6,85,4,95,0,37,127,7,171,46,0,46,217
07/09/2019,MKC,MO,ACE,CE,Towers with Radar,0,55,51,0,106,0,0,111,4,115,0,55,162,4,221,70,0,70,291
07/10/2019,MKC,MO,ACE,CE,Towers with Radar,0,39,63,2,104,0,4,105,1,110,0,43,168,3,214,102,0,102,316
07/11/2019,MKC,MO,ACE,CE,Towers with Radar,0,48,93,0,141,0,6,97,0,103,0,54,190,0,244,104,0,104,348
07/12/2019,MKC,MO,ACE,CE,Towers with Radar,2,40,65,0,107,0,7,32,4,43,2,47,97,4,150,20,2,22,172
07/13/2019,MKC,MO,ACE,CE,Towers with Radar,0,35,19,4,58,0,7,185,3,195,0,42,204,7,253,46,0,46,299
07/14/2019,MKC,MO,ACE,CE,Towers with Radar,5,17,41,2,65,0,4,132,1,137,5,21,173,3,202,46,0,46,248
07/15/2019,MKC,MO,ACE,CE,Towers with Radar,0,33,70,3,106,0,2,110,5,117,0,35,180,8,223,66,0,66,289
07/16/2019,MKC,MO,ACE,CE,Towers with Radar,0,49,99,0,148,0,5,61,3,69,0,54,160,3,217,84,0,84,301
07/17/2019,MKC,MO,ACE,CE,Towers with Radar,0,50,58,1,109,0,11,77,2,90,0,61,135,3,199,94,0,94,293
07/18/2019,MKC,MO,ACE,CE,Towers with Radar,4,47,63,0,114,0,23,142,5,170,4,70,205,5,284,112,0,112,396
07/19/2019,MKC,MO,ACE,CE,Towers with Radar,0,21,58,0,79,0,8,87,3,98,0,29,145,3,177,70,0,70,247
07/20/2019,MKC,MO,ACE,CE,Towers with Radar,0,0,0,0,0,0,12,41,0,53,0,12,41,0,53,0,0,0,53
07/21/2019,MKC,MO,ACE,CE,Towers with Radar,0,0,0,0,0,0,2,8,0,10,0,2,8,0,10,0,0,0,10
07/22/2019,MKC,MO,ACE,CE,Towers with Radar,1,28,46,0,75,0,17,113,1,131,1,45,159,1,206,44,0,44,250
07/23/2019,MKC,MO,ACE,CE,Towers with Radar,0,40,66,0,106,0,5,149,4,158,0,45,215,4,264,128,0,128,392
07/24/2019,MKC,MO,ACE,CE,Towers with Radar,1,44,74,0,119,0,6,133,0,139,1,50,207,0,258,126,0,126,384
07/25/2019,MKC,MO,ACE,CE,Towers with Radar,4,51,83,1,139,0,24,146,0,170,4,75,229,1,309,158,0,158,467
07/26/2019,MKC,MO,ACE,CE,Towers with Radar,0,30,45,0,75,0,6,60,0,66,0,36,105,0,141,68,0,68,209
07/27/2019,MKC,MO,ACE,CE,Towers with Radar,0,34,35,0,69,0,6,113,0,119,0,40,148,0,188,38,0,38,226
07/28/2019,MKC,MO,ACE,CE,Towers with Radar,3,30,53,0,86,0,25,103,1,129,3,55,156,1,215,48,0,48,263
07/29/2019,MKC,MO,ACE,CE,Towers with Radar,0,19,40,0,59,0,8,107,1,116,0,27,147,1,175,118,2,120,295
07/30/2019,MKC,MO,ACE,CE,Towers with Radar,0,42,50,0,92,0,5,108,3,116,0,47,158,3,208,79,2,81,289
07/31/2019,MKC,MO,ACE,CE,Towers with Radar,1,46,57,0,104,0,1,133,1,135,1,47,190,1,239,98,0,98,337
08/01/2019,MKC,MO,ACE,CE,Towers with Radar,2,51,56,0,109,0,4,49,1,54,2,55,105,1,163,68,0,68,231
08/02/2019,MKC,MO,ACE,CE,Towers with Radar,0,49,40,0,89,0,9,63,1,73,0,58,103,1,162,52,0,52,214
08/03/2019,MKC,MO,ACE,CE,Towers with Radar,0,31,30,0,61,1,7,73,3,84,1,38,103,3,145,63,4,67,212
08/04/2019,MKC,MO,ACE,CE,Towers with Radar,0,20,38,2,60,0,2,51,1,54,0,22,89,3,114,90,2,92,206
08/05/2019,MKC,MO,ACE,CE,Towers with Radar,0,15,60,0,75,0,7,73,0,80,0,22,133,0,155,55,0,55,210
08/06/2019,MKC,MO,ACE,CE,Towers with Radar,0,46,56,1,103,1,13,98,8,120,1,59,154,9,223,92,0,92,315
08/07/2019,MKC,MO,ACE,CE,Towers with Radar,0,38,57,0,95,0,2,38,0,40,0,40,95,0,135,98,0,98,233
08/08/2019,MKC,MO,ACE,CE,Towers with Radar,0,50,47,0,97,0,2,63,0,65,0,52,110,0,162,128,0,128,290
08/09/2019,MKC,MO,ACE,CE,Towers with Radar,2,42,51,3,98,0,11,64,4,79,2,53,115,7,177,100,6,106,283
08/10/2019,MKC,MO,ACE,CE,Towers with Radar,1,41,34,1,77,0,6,98,7,111,1,47,132,8,188,73,0,73,261
08/11/2019,MKC,MO,ACE,CE,Towers with Radar,4,26,45,2,77,0,5,40,0,45,4,31,85,2,122,22,0,22,144
08/12/2019,MKC,MO,ACE,CE,Towers with Radar,0,37,45,0,82,0,12,86,4,102,0,49,131,4,184,74,0,74,258
08/13/2019,MKC,MO,ACE,CE,Towers with Radar,0,36,65,0,101,0,8,78,0,86,0,44,143,0,187,77,0,77,264
08/14/2019,MKC,MO,ACE,CE,Towers with Radar,1,53,67,0,121,0,13,132,0,145,1,66,199,0,266,76,0,76,342
08/15/2019,MKC,MO,ACE,CE,Towers with Radar,0,48,57,0,105,0,2,86,0,88,0,50,143,0,193,40,0,40,233
08/16/2019,MKC,MO,ACE,CE,Towers with Radar,1,39,36,0,76,0,9,48,2,59,1,48,84,2,135,40,2,42,177
08/17/2019,MKC,MO,ACE,CE,Towers with Radar,0,29,24,0,53,0,7,80,1,88,0,36,104,1,141,53,0,53,194
08/18/2019,MKC,MO,ACE,CE,Towers with Radar,3,32,42,5,82,0,3,81,5,89,3,35,123,10,171,34,0,34,205
08/19/2019,MKC,MO,ACE,CE,Towers with Radar,0,27,57,0,84,0,5,123,28,156,0,32,180,28,240,84,0,84,324
08/20/2019,MKC,MO,ACE,CE,Towers with Radar,0,39,51,0,90,0,9,122,25,156,0,48,173,25,246,52,8,60,306
08/21/2019,MKC,MO,ACE,CE,Towers with Radar,0,55,66,3,124,1,3,66,31,101,1,58,132,34,225,36,2,38,263
08/22/2019,MKC,MO,ACE,CE,Towers with Radar,0,42,71,4,117,0,12,26,3,41,0,54,97,7,158,40,2,42,200
08/23/2019,MKC,MO,ACE,CE,Towers with Radar,0,43,72,8,123,0,0,68,5,73,0,43,140,13,196,60,0,60,256
08/24/2019,MKC,MO,ACE,CE,Towers with Radar,2,33,37,1,73,0,0,148,0,148,2,33,185,1,221,20,2,22,243
08/25/2019,MKC,MO,ACE,CE,Towers with Radar,3,23,43,0,69,0,0,40,0,40,3,23,83,0,109,0,0,0,109
08/26/2019,MKC,MO,ACE,CE,Towers with Radar,1,26,49,0,76,0,0,29,0,29,1,26,78,0,105,8,0,8,113
08/27/2019,MKC,MO,ACE,CE,Towers with Radar,0,50,84,0,134,0,12,60,0,72,0,62,144,0,206,24,0,24,230
08/28/2019,MKC,MO,ACE,CE,Towers with Radar,0,65,69,0,134,0,4,125,0,129,0,69,194,0,263,94,0,94,357
08/29/2019,MKC,MO,ACE,CE,Towers with Radar,4,38,88,0,130,0,9,76,3,88,4,47,164,3,218,23,0,23,241
08/30/2019,MKC,MO,ACE,CE,Towers with Radar,0,33,45,0,78,1,3,48,1,53,1,36,93,1,131,46,6,52,183
08/31/2019,MKC,MO,ACE,CE,Towers with Radar,0,29,27,0,56,0,3,70,0,73,0,32,97,0,129,18,0,18,147
09/01/2019,MKC,MO,ACE,CE,Towers with Radar,2,27,19,0,48,0,0,85,0,85,2,27,104,0,133,30,0,30,163
09/02/2019,MKC,MO,ACE,CE,Towers with Radar,0,32,39,0,71,0,0,103,0,103,0,32,142,0,174,76,0,76,250
09/03/2019,MKC,MO,ACE,CE,Towers with Radar,0,38,54,1,93,0,8,115,0,123,0,46,169,1,216,51,0,51,267
09/04/2019,MKC,MO,ACE,CE,Towers with Radar,0,39,56,0,95,0,5,154,14,173,0,44,210,14,268,106,0,106,374
09/05/2019,MKC,MO,ACE,CE,Towers with Radar,2,47,75,1,125,0,6,91,2,99,2,53,166,3,224,141,10,151,375
09/06/2019,MKC,MO,ACE,CE,Towers with Radar,0,45,44,1,90,0,9,56,2,67,0,54,100,3,157,20,0,20,177
09/07/2019,MKC,MO,ACE,CE,Towers with Radar,0,24,35,0,59,0,10,471,2,483,0,34,506,2,542,28,0,28,570
09/08/2019,MKC,MO,ACE,CE,Towers with Radar,0,26,51,0,77,0,4,132,1,137,0,30,183,1,214,58,0,58,272
09/09/2019,MKC,MO,ACE,CE,Towers with Radar,0,21,61,1,83,0,8,90,10,108,0,29,151,11,191,95,2,97,288
09/10/2019,MKC,MO,ACE,CE,Towers with Radar,0,45,57,3,105,0,7,106,4,117,0,52,163,7,222,54,0,54,276
09/11/2019,MKC,MO,ACE,CE,Towers with Radar,0,50,61,4,115,0,14,84,0,98,0,64,145,4,213,52,0,52,265
09/12/2019,MKC,MO,ACE,CE,Towers with Radar,2,50,53,0,105,0,3,32,0,35,2,53,85,0,140,36,0,36,176
09/13/2019,MKC,MO,ACE,CE,Towers with Radar,2,52,71,1,126,0,7,63,3,73,2,59,134,4,199,20,0,20,219
09/14/2019,MKC,MO,ACE,CE,Towers with Radar,0,25,39,2,66,0,1,322,2,325,0,26,361,4,391,10,4,14,405
09/15/2019,MKC,MO,ACE,CE,Towers with Radar,4,19,48,0,71,0,14,91,0,105,4,33,139,0,176,24,0,24,200
09/16/2019,MKC,MO,ACE,CE,Towers with Radar,0,15,53,2,70,0,5,112,2,119,0,20,165,4,189,48,0,48,237
09/17/2019,MKC,MO,ACE,CE,Towers with Radar,0,51,75,0,126,0,3,67,0,70,0,54,142,0,196,46,0,46,242
09/18/2019,MKC,MO,ACE,CE,Towers with Radar,0,60,83,6,149,0,4,73,2,79,0,64,156,8,228,18,0,18,246
09/19/2019,MKC,MO,ACE,CE,Towers with Radar,0,46,62,0,108,0,7,52,0,59,0,53,114,0,167,22,0,22,189
09/20/2019,MKC,MO,ACE,CE,Towers with Radar,0,29,66,2,97,0,7,55,2,64,0,36,121,4,161,34,2,36,197
09/21/2019,MKC,MO,ACE,CE,Towers with Radar,0,34,28,0,62,0,7,63,4,74,0,41,91,4,136,22,0,22,158
09/22/2019,MKC,MO,ACE,CE,Towers with Radar,4,34,53,0,91,0,11,34,0,45,4,45,87,0,136,4,0,4,140
09/23/2019,MKC,MO,ACE,CE,Towers with Radar,0,21,51,0,72,0,3,119,0,122,0,24,170,0,194,66,0,66,260
09/24/2019,MKC,MO,ACE,CE,Towers with Radar,0,35,62,1,98,0,2,79,6,87,0,37,141,7,185,56,0,56,241
09/25/2019,MKC,MO,ACE,CE,Towers with Radar,1,49,77,0,127,0,1,91,0,92,1,50,168,0,219,117,0,117,336
09/26/2019,MKC,MO,ACE,CE,Towers with Radar,2,59,70,0,131,0,20,93,0,113,2,79,163,0,244,46,0,46,290
09/27/2019,MKC,MO,ACE,CE,Towers with Radar,0,43,57,3,103,1,2,24,0,27,1,45,81,3,130,4,0,4,134
09/28/2019,MKC,MO,ACE,CE,Towers with Radar,0,32,26,1,59,0,0,2,0,2,0,32,28,1,61,0,2,2,63
09/29/2019,MKC,MO,ACE,CE,Towers with Radar,1,26,45,0,72,0,8,100,1,109,1,34,145,1,181,18,0,18,199
09/30/2019,MKC,MO,ACE,CE,Towers with Radar,0,32,58,0,90,0,1,121,2,124,0,33,179,2,214,64,0,64,278
10/01/2019,MKC,MO,ACE,CE,Towers with Radar,0,45,65,0,110,0,5,119,0,124,0,50,184,0,234,62,0,62,296
10/02/2019,MKC,MO,ACE,CE,Towers with Radar,1,49,62,0,112,0,0,46,2,48,1,49,108,2,160,56,0,56,216
10/03/2019,MKC,MO,ACE,CE,Towers with Radar,0,61,58,0,119,0,5,38,2,45,0,66,96,2,164,48,0,48,212
10/04/2019,MKC,MO,ACE,CE,Towers with Radar,0,59,61,0,120,0,2,80,0,82,0,61,141,0,202,39,1,40,242
10/05/2019,MKC,MO,ACE,CE,Towers with Radar,3,22,31,0,56,0,0,177,2,179,3,22,208,2,235,8,0,8,243
10/06/2019,MKC,MO,ACE,CE,Towers with Radar,1,45,69,0,115,0,2,94,6,102,1,47,163,6,217,16,0,16,233
10/07/2019,MKC,MO,ACE,CE,Towers with Radar,2,27,61,0,90,0,8,140,12,160,2,35,201,12,250,30,0,30,280
10/08/2019,MKC,MO,ACE,CE,Towers with Radar,0,35,44,4,83,0,4,132,1,137,0,39,176,5,220,65,0,65,285
10/09/2019,MKC,MO,ACE,CE,Towers with Radar,0,39,97,2,138,0,3,66,2,71,0,42,163,4,209,20,0,20,229
10/10/2019,MKC,MO,ACE,CE,Towers with Radar,0,36,54,0,90,0,7,5,0,12,0,43,59,0,102,8,0,8,110
10/11/2019,MKC,MO,ACE,CE,Towers with Radar,0,49,39,3,91,0,4,23,6,33,0,53,62,9,124,8,0,8,132
10/12/2019,MKC,MO,ACE,CE,Towers with Radar,0,28,36,0,64,0,1,128,5,134,0,29,164,5,198,16,12,28,226
10/13/2019,MKC,MO,ACE,CE,Towers with Radar,0,31,85,0,116,0,30,95,13,138,0,61,180,13,254,42,0,42,296
10/14/2019,MKC,MO,ACE,CE,Towers with Radar,0,26,57,3,86,0,12,148,1,161,0,38,205,4,247,74,0,74,321
10/15/2019,MKC,MO,ACE,CE,Towers with Radar,0,46,57,0,103,0,4,80,4,88,0,50,137,4,191,46,0,46,237
10/16/2019,MKC,MO,ACE,CE,Towers with Radar,0,41,75,0,116,0,14,74,2,90,0,55,149,2,206,41,2,43,249
10/17/2019,MKC,MO,ACE,CE,Towers with Radar,0,43,68,0,111,0,11,69,1,81,0,54,137,1,192,36,0,36,228
10/18/2019,MKC,MO,ACE,CE,Towers with Radar,0,41,71,4,116,0,5,45,9,59,0,46,116,13,175,28,8,36,211
10/19/2019,MKC,MO,ACE,CE,Towers with Radar,0,23,38,0,61,1,2,127,1,131,1,25,165,1,192,92,0,92,284
10/20/2019,MKC,MO,ACE,CE,Towers with Radar,0,31,68,2,101,0,3,86,2,91,0,34,154,4,192,20,0,20,212
10/21/2019,MKC,MO,ACE,CE,Towers with Radar,1,36,33,2,72,0,14,94,2,110,1,50,127,4,182,34,0,34,216
10/22/2019,MKC,MO,ACE,CE,Towers with Radar,0,49,56,7,112,0,7,97,2,106,0,56,153,9,218,22,0,22,240
10/23/2019,MKC,MO,ACE,CE,Towers with Radar,0,47,67,1,115,0,6,55,0,61,0,53,122,1,176,20,0,20,196
10/24/2019,MKC,MO,ACE,CE,Towers with Radar,0,54,74,1,129,0,4,37,4,45,0,58,111,5,174,16,0,16,190
10/25/2019,MKC,MO,ACE,CE,Towers with Radar,0,37,84,0,121,0,5,45,0,50,0,42,129,0,171,12,0,12,183
10/26/2019,MKC,MO,ACE,CE,Towers with Radar,4,28,55,2,89,1,1,189,0,191,5,29,244,2,280,30,2,32,312
10/27/2019,MKC,MO,ACE,CE,Towers with Radar,2,44,74,0,120,0,5,233,0,238,2,49,307,0,358,22,0,22,380
10/28/2019,MKC,MO,ACE,CE,Towers with Radar,2,35,74,0,111,0,0,42,0,42,2,35,116,0,153,60,0,60,213
10/29/2019,MKC,MO,ACE,CE,Towers with Radar,0,51,59,0,110,0,10,40,0,50,0,61,99,0,160,47,0,47,207
10/30/2019,MKC,MO,ACE,CE,Towers with Radar,0,32,46,0,78,0,4,4,0,8,0,36,50,0,86,0,0,0,86
10/31/2019,MKC,MO,ACE,CE,Towers with Radar,0,27,46,0,73,0,8,67,0,75,0,35,113,0,148,2,0,2,150
11/01/2019,MKC,MO,ACE,CE,Towers with Radar,0,50,70,2,122,1,6,79,0,86,1,56,149,2,208,70,0,70,278
11/02/2019,MKC,MO,ACE,CE,Towers with Radar,0,32,50,3,85,0,18,131,9,158,0,50,181,12,243,64,0,64,307
11/03/2019,MKC,MO,ACE,CE,Towers with Radar,1,46,93,0,140,0,8,169,1,178,1,54,262,1,318,102,0,102,420
11/04/2019,MKC,MO,ACE,CE,Towers with Radar,1,39,48,0,88,0,10,94,0,104,1,49,142,0,192,84,0,84,276
11/05/2019,MKC,MO,ACE,CE,Towers with Radar,0,69,55,1,125,0,15,136,1,152,0,84,191,2,277,72,1,73,350
11/06/2019,MKC,MO,ACE,CE,Towers with Radar,0,52,57,1,110,0,8,75,1,84,0,60,132,2,194,38,0,38,232
11/07/2019,MKC,MO,ACE,CE,Towers with Radar,0,61,51,0,112,0,4,59,0,63,0,65,110,0,175,52,0,52,227
11/08/2019,MKC,MO,ACE,CE,Towers with Radar,0,46,49,0,95,0,4,91,0,95,0,50,140,0,190,30,0,30,220
11/09/2019,MKC,MO,ACE,CE,Towers with Radar,0,43,38,0,81,0,3,120,0,123,0,46,158,0,204,26,0,26,230
11/10/2019,MKC,MO,ACE,CE,Towers with Radar,0,35,53,1,89,0,15,120,0,135,0,50,173,1,224,72,0,72,296
11/11/2019,MKC,MO,ACE,CE,Towers with Radar,0,28,42,0,70,0,2,12,0,14,0,30,54,0,84,2,0,2,86
11/12/2019,MKC,MO,ACE,CE,Towers with Radar,0,48,70,0,118,0,14,93,3,110,0,62,163,3,228,65,0,65,293
11/13/2019,MKC,MO,ACE,CE,Towers with Radar,0,46,62,0,108,0,6,62,0,68,0,52,124,0,176,40,0,40,216
11/14/2019,MKC,MO,ACE,CE,Towers with Radar,0,39,64,4,107,0,8,67,3,78,0,47,131,7,185,56,0,56,241
11/15/2019,MKC,MO,ACE,CE,Towers with Radar,0,63,64,0,127,0,6,52,2,60,0,69,116,2,187,22,0,22,209
11/16/2019,MKC,MO,ACE,CE,Towers with Radar,0,45,40,0,85,1,3,248,0,252,1,48,288,0,337,44,0,44,381
11/17/2019,MKC,MO,ACE,CE,Towers with Radar,0,28,35,0,63,1,2,128,1,132,1,30,163,1,195,64,0,64,259
11/18/2019,MKC,MO,ACE,CE,Towers with Radar,0,48,66,0,114,0,5,73,7,85,0,53,139,7,199,44,0,44,243
11/19/2019,MKC,MO,ACE,CE,Towers with Radar,0,47,65,0,112,0,11,81,1,93,0,58,146,1,205,50,0,50,255
11/20/2019,MKC,MO,ACE,CE,Towers with Radar,0,41,58,1,100,0,1,45,2,48,0,42,103,3,148,6,2,8,156
11/21/2019,MKC,MO,ACE,CE,Towers with Radar,0,51,54,0,105,0,12,33,0,45,0,63,87,0,150,58,0,58,208
11/22/2019,MKC,MO,ACE,CE,Towers with Radar,0,47,37,2,86,0,5,18,0,23,0,52,55,2,109,34,0,34,143
11/23/2019,MKC,MO,ACE,CE,Towers with Radar,0,34,25,0,59,2,1,73,2,78,2,35,98,2,137,24,0,24,161
11/24/2019,MKC,MO,ACE,CE,Towers with Radar,0,29,43,0,72,0,7,118,0,125,0,36,161,0,197,46,0,46,243
11/25/2019,MKC,MO,ACE,CE,Towers with Radar,0,39,35,0,74,0,14,170,7,191,0,53,205,7,265,84,0,84,349
11/26/2019,MKC,MO,ACE,CE,Towers with Radar,0,53,59,1,113,0,7,15,2,24,0,60,74,3,137,0,0,0,137
11/27/2019,MKC,MO,ACE,CE,Towers with Radar,0,40,27,4,71,1,14,55,2,72,1,54,82,6,143,80,0,80,223
11/28/2019,MKC,MO,ACE,CE,Towers with Radar,0,21,4,0,25,0,0,1,0,1,0,21,5,0,26,0,0,0,26
11/29/2019,MKC,MO,ACE,CE,Towers with Radar,0,17,14,0,31,0,0,0,0,0,0,17,14,0,31,0,0,0,31
11/30/2019,MKC,MO,ACE,CE,Towers with Radar,0,50,37,0,87,0,1,114,1,116,0,51,151,1,203,16,0,16,219
12/01/2019,MKC,MO,ACE,CE,Towers with Radar,0,43,61,0,104,0,0,3,0,3,0,43,64,0,107,0,0,0,107
12/02/2019,MKC,MO,ACE,CE,Towers with Radar,0,36,70,0,106,0,6,115,1,122,0,42,185,1,228,82,0,82,310
12/03/2019,MKC,MO,ACE,CE,Towers with Radar,0,52,46,1,99,0,15,133,9,157,0,67,179,10,256,102,2,104,360
12/04/2019,MKC,MO,ACE,CE,Towers with Radar,0,54,65,1,120,0,11,94,1,106,0,65,159,2,226,102,0,102,328
12/05/2019,MKC,MO,ACE,CE,Towers with Radar,0,50,46,1,97,0,21,111,4,136,0,71,157,5,233,64,0,64,297
12/06/2019,MKC,MO,ACE,CE,Towers with Radar,0,44,58,2,104,0,3,221,0,224,0,47,279,2,328,92,0,92,420
12/07/2019,MKC,MO,ACE,CE,Towers with Radar,0,33,46,0,79,0,1,224,0,225,0,34,270,0,304,32,0,32,336
12/08/2019,MKC,MO,ACE,CE,Towers with Radar,0,24,53,0,77,0,10,79,0,89,0,34,132,0,166,4,0,4,170
12/09/2019,MKC,MO,ACE,CE,Towers with Radar,0,27,38,0,65,0,28,75,1,104,0,55,113,1,169,22,4,26,195
12/10/2019,MKC,MO,ACE,CE,Towers with Radar,0,54,62,0,116,0,21,121,0,142,0,75,183,0,258,82,3,85,343
12/11/2019,MKC,MO,ACE,CE,Towers with Radar,0,49,61,0,110,0,10,96,0,106,0,59,157,0,216,4,0,4,220
12/12/2019,MKC,MO,ACE,CE,Towers with Radar,0,47,53,1,101,0,16,72,6,94,0,63,125,7,195,71,2,73,268
12/13/2019,MKC,MO,ACE,CE,Towers with Radar,0,40,53,2,95,0,9,224,1,234,0,49,277,3,329,44,0,44,373
12/14/2019,MKC,MO,ACE,CE,Towers with Radar,0,34,24,0,58,0,2,104,0,106,0,36,128,0,164,126,3,129,293
12/15/2019,MKC,MO,ACE,CE,Towers with Radar,0,15,26,0,41,0,0,1,0,1,0,15,27,0,42,0,0,0,42
12/16/2019,MKC,MO,ACE,CE,Towers with Radar,0,22,38,0,60,0,0,16,0,16,0,22,54,0,76,4,0,4,80
12/17/2019,MKC,MO,ACE,CE,Towers with Radar,0,44,55,2,101,0,4,51,2,57,0,48,106,4,158,25,0,25,183
12/18/2019,MKC,MO,ACE,CE,Towers with Radar,0,56,67,0,123,0,21,148,0,169,0,77,215,0,292,88,2,90,382
12/19/2019,MKC,MO,ACE,CE,Towers with Radar,0,60,74,3,137,0,22,124,2,148,0,82,198,5,285,110,0,110,395
12/20/2019,MKC,MO,ACE,CE,Towers with Radar,0,50,50,1,101,0,29,242,0,271,0,79,292,1,372,112,2,114,486
12/21/2019,MKC,MO,ACE,CE,Towers with Radar,0,39,49,0,88,0,11,193,3,207,0,50,242,3,295,120,0,120,415
12/22/2019,MKC,MO,ACE,CE,Towers with Radar,0,24,31,0,55,0,2,147,0,149,0,26,178,0,204,72,0,72,276
12/23/2019,MKC,MO,ACE,CE,Towers with Radar,0,39,33,0,72,0,13,157,1,171,0,52,190,1,243,52,0,52,295
12/24/2019,MKC,MO,ACE,CE,Towers with Radar,0,23,15,0,38,0,11,69,3,83,0,34,84,3,121,28,0,28,149
12/25/2019,MKC,MO,ACE,CE,Towers with Radar,0,31,7,0,38,0,3,23,0,26,0,34,30,0,64,12,0,12,76
12/26/2019,MKC,MO,ACE,CE,Towers with Radar,0,22,46,0,68,0,9,20,0,29,0,31,66,0,97,0,0,0,97
12/27/2019,MKC,MO,ACE,CE,Towers with Radar,0,41,53,0,94,0,1,37,0,38,0,42,90,0,132,14,0,14,146
12/28/2019,MKC,MO,ACE,CE,Towers with Radar,0,33,18,0,51,0,0,0,0,0,0,33,18,0,51,0,0,0,51
12/29/2019,MKC,MO,ACE,CE,Towers with Radar,0,34,48,0,82,0,21,84,0,105,0,55,132,0,187,30,0,30,217
12/30/2019,MKC,MO,ACE,CE,Towers with Radar,0,24,28,0,52,0,2,25,0,27,0,26,53,0,79,6,0,6,85
12/31/2019,MKC,MO,ACE,CE,Towers with Radar,0,32,30,0,62,0,11,139,1,151,0,43,169,1,213,51,0,51,264
01/01/2020,MKC,MO,ACE,CE,Towers with Radar,0,24,19,0,43,0,12,94,0,106,0,36,113,0,149,22,0,22,171
01/02/2020,MKC,MO,ACE,CE,Towers with Radar,0,31,37,1,69,0,10,81,0,91,0,41,118,1,160,51,0,51,211
01/03/2020,MKC,MO,ACE,CE,Towers with Radar,0,40,39,0,79,0,1,48,0,49,0,41,87,0,128,36,0,36,164
01/04/2020,MKC,MO,ACE,CE,Towers with Radar,0,36,32,0,68,0,1,391,0,392,0,37,423,0,460,147,7,154,614
01/05/2020,MKC,MO,ACE,CE,Towers with Radar,0,32,42,0,74,0,18,115,0,133,0,50,157,0,207,24,0,24,231
01/06/2020,MKC,MO,ACE,CE,Towers with Radar,0,27,42,2,71,0,12,178,0,190,0,39,220,2,261,96,0,96,357
01/07/2020,MKC,MO,ACE,CE,Towers with Radar,0,44,42,2,88,0,11,130,0,141,0,55,172,2,229,56,0,56,285
01/08/2020,MKC,MO,ACE,CE,Towers with Radar,0,51,60,0,111,0,13,91,3,107,0,64,151,3,218,80,2,82,300
01/09/2020,MKC,MO,ACE,CE,Towers with Radar,0,48,41,2,91,0,14,36,8,58,0,62,77,10,149,34,2,36,185
01/10/2020,MKC,MO,ACE,CE,Towers with Radar,0,37,40,1,78,0,0,1,0,1,0,37,41,1,79,0,0,0,79
01/11/2020,MKC,MO,ACE,CE,Towers with Radar,0,22,15,0,37,0,0,37,1,38,0,22,52,1,75,0,0,0,75
01/12/2020,MKC,MO,ACE,CE,Towers with Radar,0,47,91,7,145,0,0,4,2,6,0,47,95,9,151,0,0,0,151
01/13/2020,MKC,MO,ACE,CE,Towers with Radar,0,28,56,0,84,0,1,40,1,42,0,29,96,1,126,20,0,20,146
01/14/2020,MKC,MO,ACE,CE,Towers with Radar,0,45,41,5,91,0,2,43,2,47,0,47,84,7,138,26,0,26,164
01/15/2020,MKC,MO,ACE,CE,Towers with Radar,0,48,53,3,104,0,0,33,2,35,0,48,86,5,139,6,0,6,145
01/16/2020,MKC,MO,ACE,CE,Towers with Radar,0,63,80,2,145,0,3,81,4,88,0,66,161,6,233,58,0,58,291
01/17/2020,MKC,MO,ACE,CE,Towers with Radar,2,23,22,0,47,0,0,6,0,6,2,23,28,0,53,0,0,0,53
01/18/2020,MKC,MO,ACE,CE,Towers with Radar,0,24,44,0,68,0,3,58,0,61,0,27,102,0,129,46,0,46,175
01/19/2020,MKC,MO,ACE,CE,Towers with Radar,0,74,109,0,183,0,8,63,2,73,0,82,172,2,256,4,0,4,260
01/20/2020,MKC,MO,ACE,CE,Towers with Radar,0,38,59,0,97,0,6,71,3,80,0,44,130,3,177,88,0,88,265
01/21/2020,MKC,MO,ACE,CE,Towers with Radar,0,41,50,2,93,0,10,68,2,80,0,51,118,4,173,89,0,89,262
01/22/2020,MKC,MO,ACE,CE,Towers with Radar,0,48,24,0,72,0,0,2,0,2,0,48,26,0,74,0,0,0,74
01/23/2020,MKC,MO,ACE,CE,Towers with Radar,0,46,43,0,89,0,0,0,0,0,0,46,43,0,89,0,0,0,89
01/24/2020,MKC,MO,ACE,CE,Towers with Radar,0,45,47,0,92,0,0,0,0,0,0,45,47,0,92,0,0,0,92
01/25/2020,MKC,MO,ACE,CE,Towers with Radar,0,29,26,0,55,0,0,47,0,47,0,29,73,0,102,16,0,16,118
01/26/2020,MKC,MO,ACE,CE,Towers with Radar,0,32,30,0,62,0,3,6,0,9,0,35,36,0,71,0,0,0,71
01/27/2020,MKC,MO,ACE,CE,Towers with Radar,0,21,30,2,53,0,2,43,0,45,0,23,73,2,98,112,0,112,210
01/28/2020,MKC,MO,ACE,CE,Towers with Radar,0,46,35,0,81,0,0,2,0,2,0,46,37,0,83,0,0,0,83
01/29/2020,MKC,MO,ACE,CE,Towers with Radar,0,60,47,0,107,0,10,23,2,35,0,70,70,2,142,60,0,60,202
01/30/2020,MKC,MO,ACE,CE,Towers with Radar,0,62,61,0,123,0,15,86,12,113,0,77,147,12,236,95,0,95,331
01/31/2020,MKC,MO,ACE,CE,Towers with Radar,0,45,36,3,84,0,1,16,1,18,0,46,52,4,102,22,0,22,124
02/01/2020,MKC,MO,ACE,CE,Towers with Radar,0,35,54,0,89,1,5,120,2,128,1,40,174,2,217,50,0,50,267
02/02/2020,MKC,MO,ACE,CE,Towers with Radar,0,25,24,0,49,0,18,91,0,109,0,43,115,0,158,14,0,14,172
02/03/2020,MKC,MO,ACE,CE,Towers with Radar,0,55,88,0,143,1,6,81,7,95,1,61,169,7,238,95,17,112,350
02/04/2020,MKC,MO,ACE,CE,Towers with Radar,0,49,40,0,89,0,6,36,0,42,0,55,76,0,131,0,0,0,131
02/05/2020,MKC,MO,ACE,CE,Towers with Radar,0,49,28,0,77,0,8,22,17,47,0,57,50,17,124,47,0,47,171
02/06/2020,MKC,MO,ACE,CE,Towers with Radar,0,53,57,2,112,0,16,101,9,126,0,69,158,11,238,28,2,30,268
02/07/2020,MKC,MO,ACE,CE,Towers with Radar,0,50,36,0,86,0,3,62,2,67,0,53,98,2,153,48,2,50,203
02/08/2020,MKC,MO,ACE,CE,Towers with Radar,0,36,26,0,62,0,19,137,2,158,0,55,163,2,220,90,0,90,310
02/09/2020,MKC,MO,ACE,CE,Towers with Radar,0,22,34,0,56,0,7,78,1,86,0,29,112,1,142,30,0,30,172
02/10/2020,MKC,MO,ACE,CE,Towers with Radar,0,29,51,0,80,0,9,132,1,142,0,38,183,1,222,120,0,120,342
02/11/2020,MKC,MO,ACE,CE,Towers with Radar,0,43,70,1,114,0,10,135,2,147,0,53,205,3,261,55,2,57,318
02/12/2020,MKC,MO,ACE,CE,Towers with Radar,0,33,28,0,61,0,0,12,0,12,0,33,40,0,73,0,0,0,73
02/13/2020,MKC,MO,ACE,CE,Towers with Radar,0,57,50,0,107,0,8,54,0,62,0,65,104,0,169,86,0,86,255
02/14/2020,MKC,MO,ACE,CE,Towers with Radar,0,56,43,0,99,0,5,95,2,102,0,61,138,2,201,44,0,44,245
02/15/2020,MKC,MO,ACE,CE,Towers with Radar,0,26,18,0,44,0,1,83,2,86,0,27,101,2,130,108,0,108,238
02/16/2020,MKC,MO,ACE,CE,Towers with Radar,0,32,47,0,79,0,11,93,0,104,0,43,140,0,183,116,0,116,299
02/17/2020,MKC,MO,ACE,CE,Towers with Radar,0,56,50,0,106,0,12,104,0,116,0,68,154,0,222,88,1,89,311
02/18/2020,MKC,MO,ACE,CE,Towers with Radar,0,49,44,2,95,0,15,112,0,127,0,64,156,2,222,91,0,91,313
02/19/2020,MKC,MO,ACE,CE,Towers with Radar,0,50,53,1,104,0,12,116,5,133,0,62,169,6,237,38,0,38,275
02/20/2020,MKC,MO,ACE,CE,Towers with Radar,0,35,56,2,93,1,8,78,0,87,1,43,134,2,180,50,2,52,232
02/21/2020,MKC,MO,ACE,CE,Towers with Radar,0,39,48,1,88,0,10,86,1,97,0,49,134,2,185,96,4,100,285
02/22/2020,MKC,MO,ACE,CE,Towers with Radar,0,19,37,2,58,1,8,107,0,116,1,27,144,2,174,108,0,108,282
02/23/2020,MKC,MO,ACE,CE,Towers with Radar,0,18,30,2,50,0,5,65,0,70,0,23,95,2,120,44,0,44,164
02/24/2020,MKC,MO,ACE,CE,Towers with Radar,0,34,41,0,75,0,0,4,0,4,0,34,45,0,79,7,0,7,86
02/25/2020,MKC,MO,ACE,CE,Towers with Radar,0,50,46,2,98,0,17,69,3,89,0,67,115,5,187,68,0,68,255
02/26/2020,MKC,MO,ACE,CE,Towers with Radar,0,70,50,0,120,1,15,97,2,115,1,85,147,2,235,64,2,66,301
02/27/2020,MKC,MO,ACE,CE,Towers with Radar,0,52,58,0,110,0,9,68,0,77,0,61,126,0,187,58,2,60,247
02/28/2020,MKC,MO,ACE,CE,Towers with Radar,0,48,35,2,85,1,7,70,0,78,1,55,105,2,163,56,0,56,219
02/29/2020,MKC,MO,ACE,CE,Towers with Radar,0,43,42,1,86,0,9,144,0,153,0,52,186,1,239,30,0,30,269
03/01/2020,MKC,MO,ACE,CE,Towers with Radar,0,29,45,1,75,0,4,75,1,80,0,33,120,2,155,40,0,40,195
03/02/2020,MKC,MO,ACE,CE,Towers with Radar,0,43,38,0,81,0,26,107,0,133,0,69,145,0,214,31,0,31,245
03/03/2020,MKC,MO,ACE,CE,Towers with Radar,0,52,48,3,103,0,23,120,5,148,0,75,168,8,251,93,2,95,346
03/04/2020,MKC,MO,ACE,CE,Towers with Radar,0,50,65,5,120,0,28,143,2,173,0,78,208,7,293,42,0,42,335
03/05/2020,MKC,MO,ACE,CE,Towers with Radar,0,46,47,0,93,0,12,38,3,53,0,58,85,3,146,14,0,14,160
03/06/2020,MKC,MO,ACE,CE,Towers with Radar,0,42,53,0,95,0,2,120,1,123,0,44,173,1,218,94,2,96,314
03/07/2020,MKC,MO,ACE,CE,Towers with Radar,0,31,25,0,56,0,2,62,0,64,0,33,87,0,120,4,0,4,124
03/08/2020,MKC,MO,ACE,CE,Towers with Radar,0,37,28,0,65,0,28,64,1,93,0,65,92,1,158,12,0,12,170
03/09/2020,MKC,MO,ACE,CE,Towers with Radar,0,30,45,2,77,0,0,0,0,0,0,30,45,2,77,0,0,0,77
03/10/2020,MKC,MO,ACE,CE,Towers with Radar,8,59,65,2,134,0,2,85,0,87,8,61,150,2,221,73,0,73,294
03/11/2020,MKC,MO,ACE,CE,Towers with Radar,4,54,90,3,151,0,35,162,3,200,4,89,252,6,351,64,0,64,415
03/12/2020,MKC,MO,ACE,CE,Towers with Radar,10,73,54,0,137,1,21,69,0,91,11,94,123,0,228,40,0,40,268
03/13/2020,MKC,MO,ACE,CE,Towers with Radar,0,54,53,0,107,1,9,88,5,103,1,63,141,5,210,34,0,34,244
03/14/2020,MKC,MO,ACE,CE,Towers with Radar,0,30,22,0,52,0,0,1,0,1,0,30,23,0,53,0,0,0,53
03/15/2020,MKC,MO,ACE,CE,Towers with Radar,0,26,29,0,55,0,0,1,0,1,0,26,30,0,56,32,0,32,88
03/16/2020,MKC,MO,ACE,CE,Towers with Radar,0,27,12,0,39,0,0,0,0,0,0,27,12,0,39,2,0,2,41
03/17/2020,MKC,MO,ACE,CE,Towers with Radar,0,37,28,0,65,0,2,33,0,35,0,39,61,0,100,215,0,215,315
03/18/2020,MKC,MO,ACE,CE,Towers with Radar,0,28,37,2,67,0,0,20,0,20,0,28,57,2,87,44,0,44,131
03/19/2020,MKC,MO,ACE,CE,Towers with Radar,0,36,17,0,53,0,0,17,1,18,0,36,34,1,71,30,0,30,101
03/20/2020,MKC,MO,ACE,CE,Towers with Radar,1,32,30,0,63,0,0,13,0,13,1,32,43,0,76,0,0,0,76
03/21/2020,MKC,MO,ACE,CE,Towers with Radar,0,43,29,0,72,0,7,86,1,94,0,50,115,1,166,119,0,119,285
03/22/2020,MKC,MO,ACE,CE,Towers with Radar,0,21,23,0,44,0,0,0,0,0,0,21,23,0,44,0,0,0,44
03/23/2020,MKC,MO,ACE,CE,Towers with Radar,0,23,31,0,54,0,2,23,0,25,0,25,54,0,79,44,0,44,123
03/24/2020,MKC,MO,ACE,CE,Towers with Radar,0,15,18,0,33,0,0,6,0,6,0,15,24,0,39,4,0,4,43
03/25/2020,MKC,MO,ACE,CE,Towers with Radar,0,19,11,0,30,0,0,31,0,31,0,19,42,0,61,2,0,2,63
03/26/2020,MKC,MO,ACE,CE,Towers with Radar,0,29,8,2,39,0,7,23,1,31,0,36,31,3,70,66,0,66,136
03/27/2020,MKC,MO,ACE,CE,Towers with Radar,0,20,8,0,28,0,0,0,0,0,0,20,8,0,28,0,0,0,28
03/28/2020,MKC,MO,ACE,CE,Towers with Radar,0,15,4,0,19,0,1,7,0,8,0,16,11,0,27,0,0,0,27
03/29/2020,MKC,MO,ACE,CE,Towers with Radar,0,10,9,0,19,0,3,55,0,58,0,13,64,0,77,34,0,34,111
03/30/2020,MKC,MO,ACE,CE,Towers with Radar,0,17,16,0,33,0,4,48,2,54,0,21,64,2,87,23,0,23,110
03/31/2020,MKC,MO,ACE,CE,Towers with Radar,0,28,9,2,39,0,15,41,0,56,0,43,50,2,95,41,0,41,136
04/01/2020,MKC,MO,ACE,CE,Towers with Radar,0,20,14,0,34,0,13,71,1,85,0,33,85,1,119,36,0,36,155
04/02/2020,MKC,MO,ACE,CE,Towers with Radar,0,23,13,0,36,0,1,47,0,48,0,24,60,0,84,18,0,18,102
04/03/2020,MKC,MO,ACE,CE,Towers with Radar,0,18,10,0,28,0,0,5,0,5,0,18,15,0,33,0,0,0,33
04/04/2020,MKC,MO,ACE,CE,Towers with Radar,0,19,10,0,29,0,4,57,2,63,0,23,67,2,92,48,0,48,140
04/05/2020,MKC,MO,ACE,CE,Towers with Radar,0,1,11,0,12,0,0,30,0,30,0,1,41,0,42,42,0,42,84
04/06/2020,MKC,MO,ACE,CE,Towers with Radar,0,11,10,2,23,0,0,9,0,9,0,11,19,2,32,0,0,0,32
04/07/2020,MKC,MO,ACE,CE,Towers with Radar,0,23,16,1,40,0,2,59,5,66,0,25,75,6,106,26,0,26,132
04/08/2020,MKC,MO,ACE,CE,Towers with Radar,0,20,5,0,25,0,1,23,0,24,0,21,28,0,49,4,0,4,53
04/09/2020,MKC,MO,ACE,CE,Towers with Radar,0,27,12,0,39,0,2,34,1,37,0,29,46,1,76,16,0,16,92
04/10/2020,MKC,MO,ACE,CE,Towers with Radar,0,27,19,2,48,0,8,106,1,115,0,35,125,3,163,48,0,48,211
04/11/2020,MKC,MO,ACE,CE,Towers with Radar,0,20,3,0,23,0,4,6,0,10,0,24,9,0,33,0,0,0,33
04/12/2020,MKC,MO,ACE,CE,Towers with Radar,0,7,2,0,9,0,0,0,0,0,0,7,2,0,9,0,0,0,9
04/13/2020,MKC,MO,ACE,CE,Towers with Radar,0,8,10,2,20,0,2,38,0,40,0,10,48,2,60,10,0,10,70
04/14/2020,MKC,MO,ACE,CE,Towers with Radar,0,17,6,2,25,0,5,32,2,39,0,22,38,4,64,0,0,0,64
04/15/2020,MKC,MO,ACE,CE,Towers with Radar,0,26,16,0,42,0,2,45,1,48,0,28,61,1,90,40,0,40,130
04/16/2020,MKC,MO,ACE,CE,Towers with Radar,0,18,10,0,28,0,0,16,0,16,0,18,26,0,44,4,0,4,48
04/17/2020,MKC,MO,ACE,CE,Towers with Radar,0,28,7,0,35,0,0,22,0,22,0,28,29,0,57,0,0,0,57
04/18/2020,MKC,MO,ACE,CE,Towers with Radar,0,17,7,0,24,0,0,34,0,34,0,17,41,0,58,17,0,17,75
04/19/2020,MKC,MO,ACE,CE,Towers with Radar,0,7,15,0,22,0,4,32,0,36,0,11,47,0,58,0,0,0,58
04/20/2020,MKC,MO,ACE,CE,Towers with Radar,0,7,9,0,16,0,11,53,0,64,0,18,62,0,80,54,0,54,134
04/21/2020,MKC,MO,ACE,CE,Towers with Radar,0,17,14,0,31,0,4,82,1,87,0,21,96,1,118,29,0,29,147
04/22/2020,MKC,MO,ACE,CE,Towers with Radar,0,14,12,0,26,0,19,21,1,41,0,33,33,1,67,0,0,0,67
04/23/2020,MKC,MO,ACE,CE,Towers with Radar,0,26,21,0,47,0,3,77,0,80,0,29,98,0,127,108,0,108,235
04/24/2020,MKC,MO,ACE,CE,Towers with Radar,0,16,7,0,23,0,0,1,0,1,0,16,8,0,24,0,0,0,24
04/25/2020,MKC,MO,ACE,CE,Towers with Radar,0,18,7,0,25,0,0,9,0,9,0,18,16,0,34,4,0,4,38
04/26/2020,MKC,MO,ACE,CE,Towers with Radar,0,5,19,0,24,0,0,66,0,66,0,5,85,0,90,46,0,46,136
04/27/2020,MKC,MO,ACE,CE,Towers with Radar,0,13,13,0,26,0,1,40,2,43,0,14,53,2,69,8,0,8,77
04/28/2020,MKC,MO,ACE,CE,Towers with Radar,0,21,3,0,24,0,0,52,0,52,0,21,55,0,76,10,0,10,86
04/29/2020,MKC,MO,ACE,CE,Towers with Radar,0,20,11,0,31,0,1,24,0,25,0,21,35,0,56,22,0,22,78
04/30/2020,MKC,MO,ACE,CE,Towers with Radar,0,18,19,0,37,0,21,102,2,125,0,39,121,2,162,132,0,132,294
05/01/2020,MKC,MO,ACE,CE,Towers with Radar,0,23,27,0,50,0,39,61,2,102,0,62,88,2,152,62,0,62,214
05/02/2020,MKC,MO,ACE,CE,Towers with Radar,0,20,16,0,36,0,15,108,1,124,0,35,124,1,160,54,0,54,214
05/03/2020,MKC,MO,ACE,CE,Towers with Radar,0,10,13,0,23,0,9,48,0,57,0,19,61,0,80,22,0,22,102
05/04/2020,MKC,MO,ACE,CE,Towers with Radar,0,8,9,0,17,0,23,15,0,38,0,31,24,0,55,12,0,12,67
05/05/2020,MKC,MO,ACE,CE,Towers with Radar,0,23,14,0,37,0,0,19,1,20,0,23,33,1,57,8,2,10,67
05/06/2020,MKC,MO,ACE,CE,Towers with Radar,0,31,22,3,56,0,10,75,4,89,0,41,97,7,145,102,0,102,247
05/07/2020,MKC,MO,ACE,CE,Towers with Radar,0,26,23,0,49,0,1,51,0,52,0,27,74,0,101,62,0,62,163
05/08/2020,MKC,MO,ACE,CE,Towers with Radar,0,33,37,0,70,0,5,73,0,78,0,38,110,0,148,65,0,65,213
05/09/2020,MKC,MO,ACE,CE,Towers with Radar,0,32,26,0,58,0,2,93,0,95,0,34,119,0,153,97,0,97,250
05/10/2020,MKC,MO,ACE,CE,Towers with Radar,0,10,10,0,20,0,13,64,0,77,0,23,74,0,97,24,0,24,121
05/11/2020,MKC,MO,ACE,CE,Towers with Radar,0,15,38,2,55,0,5,93,3,101,0,20,131,5,156,36,0,36,192
05/12/2020,MKC,MO,ACE,CE,Towers with Radar,0,31,18,0,49,0,5,63,0,68,0,36,81,0,117,46,0,46,163
05/13/2020,MKC,MO,ACE,CE,Towers with Radar,0,23,33,0,56,0,1,8,0,9,0,24,41,0,65,50,0,50,115
05/14/2020,MKC,MO,ACE,CE,Towers with Radar,0,33,35,0,68,0,0,49,0,49,0,33,84,0,117,144,0,144,261
05/15/2020,MKC,MO,ACE,CE,Towers with Radar,0,43,26,0,69,0,0,13,0,13,0,43,39,0,82,126,0,126,208
05/16/2020,MKC,MO,ACE,CE,Towers with Radar,0,14,11,0,25,0,0,5,0,5,0,14,16,0,30,58,0,58,88
05/17/2020,MKC,MO,ACE,CE,Towers with Radar,0,8,24,0,32,0,4,40,2,46,0,12,64,2,78,15,0,15,93
05/18/2020,MKC,MO,ACE,CE,Towers with Radar,0,29,41,0,70,0,5,73,0,78,0,34,114,0,148,99,0,99,247
05/19/2020,MKC,MO,ACE,CE,Towers with Radar,0,28,48,0,76,0,9,98,0,107,0,37,146,0,183,112,0,112,295
05/20/2020,MKC,MO,ACE,CE,Towers with Radar,0,36,45,0,81,2,16,59,0,77,2,52,104,0,158,130,0,130,288
05/21/2020,MKC,MO,ACE,CE,Towers with Radar,0,38,59,0,97,0,24,40,0,64,0,62,99,0,161,117,0,117,278
05/22/2020,MKC,MO,ACE,CE,Towers with Radar,0,23,33,0,56,0,6,31,0,37,0,29,64,0,93,57,0,57,150
05/23/2020,MKC,MO,ACE,CE,Towers with Radar,0,21,24,2,47,0,22,116,0,138,0,43,140,2,185,113,0,113,298
05/24/2020,MKC,MO,ACE,CE,Towers with Radar,0,10,13,0,23,0,6,46,0,52,0,16,59,0,75,29,0,29,104
05/25/2020,MKC,MO,ACE,CE,Towers with Radar,0,14,23,0,37,0,2,21,0,23,0,16,44,0,60,49,0,49,109
05/26/2020,MKC,MO,ACE,CE,Towers with Radar,0,19,35,0,54,0,0,8,0,8,0,19,43,0,62,6,0,6,68
05/27/2020,MKC,MO,ACE,CE,Towers with Radar,0,52,38,0,90,0,14,49,0,63,0,66,87,0,153,52,0,52,205
05/28/2020,MKC,MO,ACE,CE,Towers with Radar,0,26,24,2,52,0,0,10,0,10,0,26,34,2,62,10,0,10,72
05/29/2020,MKC,MO,ACE,CE,Towers with Radar,0,33,47,0,80,0,16,182,2,200,0,49,229,2,280,77,0,77,357
05/30/2020,MKC,MO,ACE,CE,Towers with Radar,0,16,24,0,40,0,27,108,2,137,0,43,132,2,177,22,0,22,199
05/31/2020,MKC,MO,ACE,CE,Towers with Radar,0,11,22,0,33,0,13,61,1,75,0,24,83,1,108,58,0,58,166
06/01/2020,MKC,MO,ACE,CE,Towers with Radar,0,25,35,0,60,0,15,62,3,80,0,40,97,3,140,40,2,42,182
06/02/2020,MKC,MO,ACE,CE,Towers with Radar,0,31,36,0,67,0,20,76,4,100,0,51,112,4,167,108,2,110,277
06/03/2020,MKC,MO,ACE,CE,Towers with Radar,0,39,35,0,74,0,4,80,1,85,0,43,115,1,159,75,0,75,234
06/04/2020,MKC,MO,ACE,CE,Towers with Radar,0,36,36,2,74,0,16,79,0,95,0,52,115,2,169,104,0,104,273
06/05/2020,MKC,MO,ACE,CE,Towers with Radar,0,29,31,0,60,0,6,126,0,132,0,35,157,0,192,92,0,92,284
06/06/2020,MKC,MO,ACE,CE,Towers with Radar,0,32,13,0,45,0,7,86,0,93,0,39,99,0,138,60,0,60,198
06/07/2020,MKC,MO,ACE,CE,Towers with Radar,0,29,24,0,53,0,22,83,0,105,0,51,107,0,158,86,0,86,244
06/08/2020,MKC,MO,ACE,CE,Towers with Radar,0,14,42,0,56,0,14,112,0,126,0,28,154,0,182,78,0,78,260
06/09/2020,MKC,MO,ACE,CE,Towers with Radar,0,35,39,2,76,0,8,53,0,61,0,43,92,2,137,24,0,24,161
06/10/2020,MKC,MO,ACE,CE,Towers with Radar,4,27,30,4,65,0,0,26,0,26,4,27,56,4,91,12,2,14,105
06/11/2020,MKC,MO,ACE,CE,Towers with Radar,2,42,42,1,87,0,14,93,2,109,2,56,135,3,196,167,0,167,363
06/12/2020,MKC,MO,ACE,CE,Towers with Radar,0,45,43,0,88,0,20,87,2,109,0,65,130,2,197,52,0,52,249
06/13/2020,MKC,MO,ACE,CE,Towers with Radar,0,34,34,0,68,0,41,116,4,161,0,75,150,4,229,67,0,67,296
06/14/2020,MKC,MO,ACE,CE,Towers with Radar,0,15,19,0,34,0,4,73,0,77,0,19,92,0,111,46,0,46,157
06/15/2020,MKC,MO,ACE,CE,Towers with Radar,0,13,39,0,52,0,9,99,1,109,0,22,138,1,161,44,0,44,205
06/16/2020,MKC,MO,ACE,CE,Towers with Radar,0,31,33,0,64,0,8,92,1,101,0,39,125,1,165,82,0,82,247
06/17/2020,MKC,MO,ACE,CE,Towers with Radar,0,24,69,2,95,0,15,97,2,114,0,39,166,4,209,71,0,71,280
06/18/2020,MKC,MO,ACE,CE,Towers with Radar,0,37,56,2,95,0,8,106,0,114,0,45,162,2,209,75,2,77,286
06/19/2020,MKC,MO,ACE,CE,Towers with Radar,0,38,43,0,81,0,6,47,0,53,0,44,90,0,134,36,0,36,170
06/20/2020,MKC,MO,ACE,CE,Towers with Radar,0,23,22,2,47,0,18,70,0,88,0,41,92,2,135,0,0,0,135
06/21/2020,MKC,MO,ACE,CE,Towers with Radar,0,30,32,0,62,0,17,93,0,110,0,47,125,0,172,12,0,12,184
06/22/2020,MKC,MO,ACE,CE,Towers with Radar,0,17,27,0,44,0,25,84,0,109,0,42,111,0,153,116,0,116,269
06/23/2020,MKC,MO,ACE,CE,Towers with Radar,0,22,33,0,55,0,19,73,2,94,0,41,106,2,149,30,1,31,180
06/24/2020,MKC,MO,ACE,CE,Towers with Radar,0,38,51,0,89,0,14,123,0,137,0,52,174,0,226,92,2,94,320
06/25/2020,MKC,MO,ACE,CE,Towers with Radar,0,39,52,0,91,0,5,81,0,86,0,44,133,0,177,26,2,28,205
06/26/2020,MKC,MO,ACE,CE,Towers with Radar,0,35,34,2,71,0,8,81,5,94,0,43,115,7,165,30,0,30,195
06/27/2020,MKC,MO,ACE,CE,Towers with Radar,0,30,35,0,65,0,0,32,0,32,0,30,67,0,97,52,0,52,149
06/28/2020,MKC,MO,ACE,CE,Towers with Radar,0,27,32,0,59,0,2,65,0,67,0,29,97,0,126,4,0,4,130
06/29/2020,MKC,MO,ACE,CE,Towers with Radar,0,18,36,6,60,0,9,59,0,68,0,27,95,6,128,89,0,89,217
06/30/2020,MKC,MO,ACE,CE,Towers with Radar,0,42,48,0,90,0,2,67,0,69,0,44,115,0,159,102,0,102,261
07/01/2020,MKC,MO,ACE,CE,Towers with Radar,0,28,34,0,62,0,6,63,2,71,0,34,97,2,133,95,0,95,228
07/02/2020,MKC,MO,ACE,CE,Towers with Radar,0,31,45,0,76,0,7,93,2,102,0,38,138,2,178,54,0,54,232
07/03/2020,MKC,MO,ACE,CE,Towers with Radar,0,28,29,0,57,0,11,64,1,76,0,39,93,1,133,48,0,48,181
07/04/2020,MKC,MO,ACE,CE,Towers with Radar,0,27,11,0,38,0,0,12,0,12,0,27,23,0,50,2,0,2,52
07/05/2020,MKC,MO,ACE,CE,Towers with Radar,2,41,32,0,75,0,6,90,1,97,2,47,122,1,172,67,0,67,239
07/06/2020,MKC,MO,ACE,CE,Towers with Radar,0,35,51,2,88,0,18,87,0,105,0,53,138,2,193,109,0,109,302
07/07/2020,MKC,MO,ACE,CE,Towers with Radar,0,39,50,1,90,0,7,83,4,94,0,46,133,5,184,35,0,35,219
07/08/2020,MKC,MO,ACE,CE,Towers with Radar,0,39,62,2,103,0,13,110,5,128,0,52,172,7,231,65,0,65,296
07/09/2020,MKC,MO,ACE,CE,Towers with Radar,0,33,38,1,72,0,9,57,1,67,0,42,95,2,139,55,0,55,194
07/10/2020,MKC,MO,ACE,CE,Towers with Radar,0,38,24,0,62,0,17,92,0,109,0,55,116,0,171,66,0,66,237
07/11/2020,MKC,MO,ACE,CE,Towers with Radar,0,37,25,0,62,0,2,96,1,99,0,39,121,1,161,40,0,40,201
07/12/2020,MKC,MO,ACE,CE,Towers with Radar,0,19,38,0,57,0,4,135,0,139,0,23,173,0,196,72,0,72,268
07/13/2020,MKC,MO,ACE,CE,Towers with Radar,0,16,46,2,64,0,10,143,14,167,0,26,189,16,231,87,0,87,318
07/14/2020,MKC,MO,ACE,CE,Towers with Radar,0,36,34,0,70,0,3,74,4,81,0,39,108,4,151,64,2,66,217
07/15/2020,MKC,MO,ACE,CE,Towers with Radar,0,32,53,4,89,0,0,48,2,50,0,32,101,6,139,81,0,81,220
07/16/2020,MKC,MO,ACE,CE,Towers with Radar,0,38,53,0,91,0,11,88,1,100,0,49,141,1,191,34,0,34,225
07/17/2020,MKC,MO,ACE,CE,Towers with Radar,0,35,41,0,76,0,12,92,0,104,0,47,133,0,180,37,0,37,217
07/18/2020,MKC,MO,ACE,CE,Towers with Radar,0,44,25,0,69,0,11,95,2,108,0,55,120,2,177,139,0,139,316
07/19/2020,MKC,MO,ACE,CE,Towers with Radar,0,30,29,0,59,0,6,52,0,58,0,36,81,0,117,31,0,31,148
07/20/2020,MKC,MO,ACE,CE,Towers with Radar,2,37,29,0,68,0,2,65,1,68,2,39,94,1,136,30,0,30,166
07/21/2020,MKC,MO,ACE,CE,Towers with Radar,4,43,28,0,75,0,2,21,0,23,4,45,49,0,98,18,4,22,120
07/22/2020,MKC,MO,ACE,CE,Towers with Radar,0,39,45,2,86,0,5,105,0,110,0,44,150,2,196,47,0,47,243
07/23/2020,MKC,MO,ACE,CE,Towers with Radar,0,35,56,2,93,1,18,117,4,140,1,53,173,6,233,88,0,88,321
07/24/2020,MKC,MO,ACE,CE,Towers with Radar,0,43,32,2,77,0,19,90,5,114,0,62,122,7,191,73,0,73,264
07/25/2020,MKC,MO,ACE,CE,Towers with Radar,0,29,30,0,59,0,4,156,0,160,0,33,186,0,219,8,0,8,227
07/26/2020,MKC,MO,ACE,CE,Towers with Radar,0,20,20,0,40,0,4,53,6,63,0,24,73,6,103,0,0,0,103
07/27/2020,MKC,MO,ACE,CE,Towers with Radar,0,20,26,0,46,0,1,27,0,28,0,21,53,0,74,46,0,46,120
07/28/2020,MKC,MO,ACE,CE,Towers with Radar,0,41,46,1,88,0,6,69,1,76,0,47,115,2,164,77,0,77,241
07/29/2020,MKC,MO,ACE,CE,Towers with Radar,1,34,41,0,76,1,1,28,1,31,2,35,69,1,107,48,0,48,155
07/30/2020,MKC,MO,ACE,CE,Towers with Radar,1,38,41,0,80,0,0,1,1,2,1,38,42,1,82,20,0,20,102
07/31/2020,MKC,MO,ACE,CE,Towers with Radar,4,40,45,3,92,0,1,65,1,67,4,41,110,4,159,20,0,20,179
08/01/2020,MKC,MO,ACE,CE,Towers with Radar,0,39,39,1,79,1,5,117,0,123,1,44,156,1,202,32,0,32,234
08/02/2020,MKC,MO,ACE,CE,Towers with Radar,4,31,44,2,81,0,14,66,2,82,4,45,110,4,163,32,0,32,195
08/03/2020,MKC,MO,ACE,CE,Towers with Radar,0,38,29,1,68,0,10,83,3,96,0,48,112,4,164,78,0,78,242
08/04/2020,MKC,MO,ACE,CE,Towers with Radar,0,42,22,3,67,0,8,160,4,172,0,50,182,7,239,74,1,75,314
08/05/2020,MKC,MO,ACE,CE,Towers with Radar,4,44,31,1,80,0,12,123,6,141,4,56,154,7,221,99,0,99,320
08/06/2020,MKC,MO,ACE,CE,Towers with Radar,4,38,43,0,85,0,11,98,1,110,4,49,141,1,195,67,0,67,262
08/07/2020,MKC,MO,ACE,CE,Towers with Radar,0,41,37,0,78,0,3,52,0,55,0,44,89,0,133,25,0,25,158
08/08/2020,MKC,MO,ACE,CE,Towers with Radar,0,45,32,0,77,0,2,96,3,101,0,47,128,3,178,58,0,58,236
08/09/2020,MKC,MO,ACE,CE,Towers with Radar,2,29,26,0,57,0,12,58,1,71,2,41,84,1,128,28,0,28,156
08/10/2020,MKC,MO,ACE,CE,Towers with Radar,2,30,39,0,71,0,7,89,0,96,2,37,128,0,167,68,0,68,235
08/11/2020,MKC,MO,ACE,CE,Towers with Radar,0,33,40,0,73,0,10,100,2,112,0,43,140,2,185,150,0,150,335
08/12/2020,MKC,MO,ACE,CE,Towers with Radar,0,28,30,1,59,0,18,79,3,100,0,46,109,4,159,62,0,62,221
08/13/2020,MKC,MO,ACE,CE,Towers with Radar,0,63,42,0,105,0,8,69,2,79,0,71,111,2,184,76,0,76,260
08/14/2020,MKC,MO,ACE,CE,Towers with Radar,0,49,53,0,102,0,17,102,1,120,0,66,155,1,222,86,0,86,308
08/15/2020,MKC,MO,ACE,CE,Towers with Radar,0,36,23,0,59,0,1,94,2,97,0,37,117,2,156,10,0,10,166
08/16/2020,MKC,MO,ACE,CE,Towers with Radar,0,27,49,0,76,0,30,74,2,106,0,57,123,2,182,32,0,32,214
08/17/2020,MKC,MO,ACE,CE,Towers with Radar,0,29,24,0,53,0,4,77,1,82,0,33,101,1,135,34,0,34,169
08/18/2020,MKC,MO,ACE,CE,Towers with Radar,4,44,40,1,89,0,0,85,2,87,4,44,125,3,176,42,0,42,218
08/19/2020,MKC,MO,ACE,CE,Towers with Radar,2,29,59,4,94,0,10,81,3,94,2,39,140,7,188,52,0,52,240
08/20/2020,MKC,MO,ACE,CE,Towers with Radar,0,21,29,0,50,0,7,79,7,93,0,28,108,7,143,76,16,92,235
08/21/2020,MKC,MO,ACE,CE,Towers with Radar,4,40,43,1,88,0,0,129,2,131,4,40,172,3,219,120,0,120,339
08/22/2020,MKC,MO,ACE,CE,Towers with Radar,2,22,43,0,67,0,10,103,1,114,2,32,146,1,181,22,0,22,203
08/23/2020,MKC,MO,ACE,CE,Towers with Radar,4,18,17,0,39,0,7,134,3,144,4,25,151,3,183,22,0,22,205
08/24/2020,MKC,MO,ACE,CE,Towers with Radar,0,23,26,0,49,0,10,60,6,76,0,33,86,6,125,96,0,96,221
08/25/2020,MKC,MO,ACE,CE,Towers with Radar,1,35,24,3,63,0,20,83,9,112,1,55,107,12,175,83,0,83,258
08/26/2020,MKC,MO,ACE,CE,Towers with Radar,1,34,49,3,87,0,4,97,2,103,1,38,146,5,190,46,2,48,238
08/27/2020,MKC,MO,ACE,CE,Towers with Radar,0,45,38,2,85,0,13,72,9,94,0,58,110,11,179,73,0,73,252
08/28/2020,MKC,MO,ACE,CE,Towers with Radar,0,47,38,0,85,0,0,54,2,56,0,47,92,2,141,40,4,44,185
08/29/2020,MKC,MO,ACE,CE,Towers with Radar,2,26,28,0,56,0,5,58,1,64,2,31,86,1,120,0,0,0,120
08/30/2020,MKC,MO,ACE,CE,Towers with Radar,6,35,37,0,78,0,4,74,0,78,6,39,111,0,156,26,0,26,182
08/31/2020,MKC,MO,ACE,CE,Towers with Radar,0,29,31,0,60,0,0,25,0,25,0,29,56,0,85,43,0,43,128
09/01/2020,MKC,MO,ACE,CE,Towers with Radar,0,36,43,0,79,0,4,57,1,62,0,40,100,1,141,72,0,72,213
09/02/2020,MKC,MO,ACE,CE,Towers with Radar,4,46,57,10,117,0,5,83,2,90,4,51,140,12,207,50,0,50,257
09/03/2020,MKC,MO,ACE,CE,Towers with Radar,2,32,53,1,88,0,3,49,2,54,2,35,102,3,142,52,0,52,194
09/04/2020,MKC,MO,ACE,CE,Towers with Radar,0,33,43,1,77,0,11,106,0,117,0,44,149,1,194,48,0,48,242
09/05/2020,MKC,MO,ACE,CE,Towers with Radar,2,18,19,0,39,0,10,111,0,121,2,28,130,0,160,18,0,18,178
09/06/2020,MKC,MO,ACE,CE,Towers with Radar,6,15,12,0,33,0,0,13,0,13,6,15,25,0,46,0,0,0,46
09/07/2020,MKC,MO,ACE,CE,Towers with Radar,0,23,41,0,64,0,9,84,1,94,0,32,125,1,158,104,0,104,262
09/08/2020,MKC,MO,ACE,CE,Towers with Radar,0,28,35,2,65,0,0,3,0,3,0,28,38,2,68,0,0,0,68
09/09/2020,MKC,MO,ACE,CE,Towers with Radar,0,49,29,0,78,0,0,0,0,0,0,49,29,0,78,0,0,0,78
09/10/2020,MKC,MO,ACE,CE,Towers with Radar,1,58,65,0,124,0,0,0,0,0,1,58,65,0,124,0,0,0,124
09/11/2020,MKC,MO,ACE,CE,Towers with Radar,1,51,83,0,135,0,0,0,0,0,1,51,83,0,135,0,0,0,135
09/12/2020,MKC,MO,ACE,CE,Towers with Radar,0,31,26,0,57,0,4,78,0,82,0,35,104,0,139,44,0,44,183
09/13/2020,MKC,MO,ACE,CE,Towers with Radar,6,15,36,2,59,0,8,112,0,120,6,23,148,2,179,48,0,48,227
09/14/2020,MKC,MO,ACE,CE,Towers with Radar,2,34,54,2,92,0,6,87,6,99,2,40,141,8,191,58,0,58,249
09/15/2020,MKC,MO,ACE,CE,Towers with Radar,0,59,49,0,108,0,4,101,4,109,0,63,150,4,217,46,0,46,263
09/16/2020,MKC,MO,ACE,CE,Towers with Radar,0,30,51,0,81,0,7,135,3,145,0,37,186,3,226,67,0,67,293
09/17/2020,MKC,MO,ACE,CE,Towers with Radar,0,49,48,5,102,0,2,82,1,85,0,51,130,6,187,73,0,73,260
09/18/2020,MKC,MO,ACE,CE,Towers with Radar,1,40,34,0,75,0,2,116,4,122,1,42,150,4,197,107,0,107,304
09/19/2020,MKC,MO,ACE,CE,Towers with Radar,1,33,21,0,55,0,6,114,0,120,1,39,135,0,175,58,1,59,234
09/20/2020,MKC,MO,ACE,CE,Towers with Radar,4,32,28,0,64,0,5,99,0,104,4,37,127,0,168,68,0,68,236
09/21/2020,MKC,MO,ACE,CE,Towers with Radar,0,38,31,0,69,0,10,63,3,76,0,48,94,3,145,128,11,139,284
09/22/2020,MKC,MO,ACE,CE,Towers with Radar,0,42,43,1,86,0,23,103,4,130,0,65,146,5,216,60,0,60,276
09/23/2020,MKC,MO,ACE,CE,Towers with Radar,4,35,37,4,80,0,11,77,1,89,4,46,114,5,169,35,0,35,204
09/24/2020,MKC,MO,ACE,CE,Towers with Radar,0,48,52,3,103,0,3,90,1,94,0,51,142,4,197,22,0,22,219
09/25/2020,MKC,MO,ACE,CE,Towers with Radar,0,38,34,0,72,0,3,92,0,95,0,41,126,0,167,94,1,95,262
09/26/2020,MKC,MO,ACE,CE,Towers with Radar,0,28,35,0,63,0,1,94,0,95,0,29,129,0,158,34,0,34,192
09/27/2020,MKC,MO,ACE,CE,Towers with Radar,0,18,31,0,49,0,0,1,0,1,0,18,32,0,50,0,0,0,50
09/28/2020,MKC,MO,ACE,CE,Towers with Radar,0,26,54,0,80,0,18,61,14,93,0,44,115,14,173,38,0,38,211
09/29/2020,MKC,MO,ACE,CE,Towers with Radar,0,39,42,2,83,1,20,75,0,96,1,59,117,2,179,119,0,119,298
09/30/2020,MKC,MO,ACE,CE,Towers with Radar,0,43,37,0,80,0,17,63,2,82,0,60,100,2,162,14,0,14,176
10/01/2020,MKC,MO,ACE,CE,Towers with Radar,0,43,52,0,95,0,8,47,6,61,0,51,99,6,156,33,0,33,189
10/02/2020,MKC,MO,ACE,CE,Towers with Radar,0,43,49,0,92,0,10,83,0,93,0,53,132,0,185,32,0,32,217
10/03/2020,MKC,MO,ACE,CE,Towers with Radar,2,19,35,0,56,0,4,64,0,68,2,23,99,0,124,28,0,28,152
10/04/2020,MKC,MO,ACE,CE,Towers with Radar,2,18,45,2,67,0,11,71,0,82,2,29,116,2,149,78,0,78,227
10/05/2020,MKC,MO,ACE,CE,Towers with Radar,0,37,50,0,87,0,13,117,0,130,0,50,167,0,217,36,0,36,253
10/06/2020,MKC,MO,ACE,CE,Towers with Radar,0,45,47,2,94,0,15,105,0,120,0,60,152,2,214,101,0,101,315
10/07/2020,MKC,MO,ACE,CE,Towers with Radar,2,44,40,0,86,0,7,79,1,87,2,51,119,1,173,18,0,18,191
10/08/2020,MKC,MO,ACE,CE,Towers with Radar,0,54,54,1,109,1,8,63,3,75,1,62,117,4,184,51,0,51,235
10/09/2020,MKC,MO,ACE,CE,Towers with Radar,0,34,43,0,77,0,7,49,0,56,0,41,92,0,133,62,0,62,195
10/10/2020,MKC,MO,ACE,CE,Towers with Radar,0,35,26,2,63,0,1,88,4,93,0,36,114,6,156,37,0,37,193
10/11/2020,MKC,MO,ACE,CE,Towers with Radar,2,32,36,1,71,0,5,71,2,78,2,37,107,3,149,38,0,38,187
10/12/2020,MKC,MO,ACE,CE,Towers with Radar,0,31,26,2,59,0,7,48,0,55,0,38,74,2,114,54,0,54,168
10/13/2020,MKC,MO,ACE,CE,Towers with Radar,0,27,45,1,73,0,9,83,1,93,0,36,128,2,166,116,7,123,289
10/14/2020,MKC,MO,ACE,CE,Towers with Radar,2,32,33,0,67,0,3,37,0,40,2,35,70,0,107,8,0,8,115
10/15/2020,MKC,MO,ACE,CE,Towers with Radar,1,42,61,0,104,0,4,58,1,63,1,46,119,1,167,51,0,51,218
10/16/2020,MKC,MO,ACE,CE,Towers with Radar,1,39,54,0,94,1,12,83,1,97,2,51,137,1,191,90,0,90,281
10/17/2020,MKC,MO,ACE,CE,Towers with Radar,2,27,17,0,46,0,11,49,0,60,2,38,66,0,106,0,0,0,106
10/18/2020,MKC,MO,ACE,CE,Towers with Radar,0,22,56,0,78,0,4,70,1,75,0,26,126,1,153,32,0,32,185
10/19/2020,MKC,MO,ACE,CE,Towers with Radar,0,25,57,0,82,0,14,85,1,100,0,39,142,1,182,95,0,95,277
10/20/2020,MKC,MO,ACE,CE,Towers with Radar,0,49,39,0,88,0,0,3,0,3,0,49,42,0,91,0,0,0,91
10/21/2020,MKC,MO,ACE,CE,Towers with Radar,0,45,62,0,107,0,0,1,0,1,0,45,63,0,108,0,0,0,108
10/22/2020,MKC,MO,ACE,CE,Towers with Radar,0,40,42,0,82,0,1,29,0,30,0,41,71,0,112,29,0,29,141
10/23/2020,MKC,MO,ACE,CE,Towers with Radar,0,54,29,0,83,0,2,33,1,36,0,56,62,1,119,44,0,44,163
10/24/2020,MKC,MO,ACE,CE,Towers with Radar,2,38,34,0,74,0,14,116,0,130,2,52,150,0,204,146,0,146,350
10/25/2020,MKC,MO,ACE,CE,Towers with Radar,0,29,29,0,58,1,0,7,0,8,1,29,36,0,66,0,0,0,66
10/26/2020,MKC,MO,ACE,CE,Towers with Radar,0,24,21,0,45,0,0,0,0,0,0,24,21,0,45,0,0,0,45
10/27/2020,MKC,MO,ACE,CE,Towers with Radar,0,41,27,0,68,1,0,19,1,21,1,41,46,1,89,32,0,32,121
10/28/2020,MKC,MO,ACE,CE,Towers with Radar,3,45,44,0,92,1,0,64,3,68,4,45,108,3,160,107,0,107,267
10/29/2020,MKC,MO,ACE,CE,Towers with Radar,1,46,43,0,90,0,2,47,1,50,1,48,90,1,140,90,0,90,230
10/30/2020,MKC,MO,ACE,CE,Towers with Radar,0,52,53,0,105,0,13,101,1,115,0,65,154,1,220,78,0,78,298
10/31/2020,MKC,MO,ACE,CE,Towers with Radar,0,36,19,0,55,0,5,70,3,78,0,41,89,3,133,36,0,36,169
11/01/2020,MKC,MO,ACE,CE,Towers with Radar,0,31,40,0,71,0,8,114,2,124,0,39,154,2,195,70,0,70,265
11/02/2020,MKC,MO,ACE,CE,Towers with Radar,0,29,39,0,68,0,17,115,7,139,0,46,154,7,207,157,0,157,364
11/03/2020,MKC,MO,ACE,CE,Towers with Radar,0,32,34,2,68,0,11,56,0,67,0,43,90,2,135,116,0,116,251
11/04/2020,MKC,MO,ACE,CE,Towers with Radar,0,39,32,0,71,0,8,101,0,109,0,47,133,0,180,133,0,133,313
11/05/2020,MKC,MO,ACE,CE,Towers with Radar,0,46,48,2,96,0,3,124,2,129,0,49,172,4,225,70,0,70,295
11/06/2020,MKC,MO,ACE,CE,Towers with Radar,0,45,67,0,112,0,3,67,0,70,0,48,134,0,182,66,0,66,248
11/07/2020,MKC,MO,ACE,CE,Towers with Radar,0,25,44,1,70,0,22,157,0,179,0,47,201,1,249,60,0,60,309
11/08/2020,MKC,MO,ACE,CE,Towers with Radar,3,49,54,0,106,0,14,92,2,108,3,63,146,2,214,32,2,34,248
11/09/2020,MKC,MO,ACE,CE,Towers with Radar,2,28,41,1,72,0,14,55,1,70,2,42,96,2,142,78,0,78,220
11/10/2020,MKC,MO,ACE,CE,Towers with Radar,0,30,31,0,61,1,6,10,2,19,1,36,41,2,80,60,0,60,140
11/11/2020,MKC,MO,ACE,CE,Towers with Radar,0,46,43,0,89,0,14,139,0,153,0,60,182,0,242,50,0,50,292
11/12/2020,MKC,MO,ACE,CE,Towers with Radar,0,49,41,0,90,1,7,85,1,94,1,56,126,1,184,32,0,32,216
11/13/2020,MKC,MO,ACE,CE,Towers with Radar,0,30,61,0,91,0,6,102,2,110,0,36,163,2,201,38,0,38,239
11/14/2020,MKC,MO,ACE,CE,Towers with Radar,0,35,27,0,62,0,0,33,0,33,0,35,60,0,95,16,0,16,111
11/15/2020,MKC,MO,ACE,CE,Towers with Radar,0,26,26,0,52,0,10,52,2,64,0,36,78,2,116,27,0,27,143
11/16/2020,MKC,MO,ACE,CE,Towers with Radar,0,24,29,0,53,0,26,82,3,111,0,50,111,3,164,32,0,32,196
11/17/2020,MKC,MO,ACE,CE,Towers with Radar,0,32,42,5,79,0,27,129,4,160,0,59,171,9,239,90,0,90,329
11/18/2020,MKC,MO,ACE,CE,Towers with Radar,0,50,56,3,109,0,0,11,0,11,0,50,67,3,120,20,0,20,140
11/19/2020,MKC,MO,ACE,CE,Towers with Radar,0,37,44,3,84,0,2,31,6,39,0,39,75,9,123,12,0,12,135
11/20/2020,MKC,MO,ACE,CE,Towers with Radar,0,53,60,0,113,0,16,124,2,142,0,69,184,2,255,134,4,138,393
11/21/2020,MKC,MO,ACE,CE,Towers with Radar,1,50,36,0,87,0,4,106,0,110,1,54,142,0,197,154,0,154,351
11/22/2020,MKC,MO,ACE,CE,Towers with Radar,1,30,25,0,56,0,4,100,0,104,1,34,125,0,160,122,0,122,282
11/23/2020,MKC,MO,ACE,CE,Towers with Radar,0,33,29,0,62,0,13,24,0,37,0,46,53,0,99,62,0,62,161
11/24/2020,MKC,MO,ACE,CE,Towers with Radar,0,38,32,0,70,0,4,23,0,27,0,42,55,0,97,28,0,28,125
11/25/2020,MKC,MO,ACE,CE,Towers with Radar,0,48,31,0,79,0,0,0,0,0,0,48,31,0,79,0,0,0,79
11/26/2020,MKC,MO,ACE,CE,Towers with Radar,0,23,17,0,40,0,4,56,2,62,0,27,73,2,102,56,0,56,158
11/27/2020,MKC,MO,ACE,CE,Towers with Radar,1,25,22,0,48,0,4,92,2,98,1,29,114,2,146,80,2,82,228
11/28/2020,MKC,MO,ACE,CE,Towers with Radar,0,38,37,0,75,0,12,197,1,210,0,50,234,1,285,84,0,84,369
11/29/2020,MKC,MO,ACE,CE,Towers with Radar,1,38,32,0,71,0,3,30,0,33,1,41,62,0,104,4,0,4,108
11/30/2020,MKC,MO,ACE,CE,Towers with Radar,0,26,27,3,56,0,14,114,0,128,0,40,141,3,184,71,0,71,255
12/01/2020,MKC,MO,ACE,CE,Towers with Radar,0,55,50,3,108,0,14,140,2,156,0,69,190,5,264,106,0,106,370
12/02/2020,MKC,MO,ACE,CE,Towers with Radar,0,40,32,1,73,0,11,123,1,135,0,51,155,2,208,94,0,94,302
12/03/2020,MKC,MO,ACE,CE,Towers with Radar,2,42,45,1,90,0,3,18,1,22,2,45,63,2,112,24,0,24,136
12/04/2020,MKC,MO,ACE,CE,Towers with Radar,0,36,57,2,95,0,12,124,9,145,0,48,181,11,240,46,4,50,290
12/05/2020,MKC,MO,ACE,CE,Towers with Radar,0,31,18,0,49,0,20,206,1,227,0,51,224,1,276,120,0,120,396
12/06/2020,MKC,MO,ACE,CE,Towers with Radar,0,56,38,0,94,0,9,103,0,112,0,65,141,0,206,148,0,148,354
12/07/2020,MKC,MO,ACE,CE,Towers with Radar,0,37,43,0,80,1,17,112,1,131,1,54,155,1,211,72,0,72,283
12/08/2020,MKC,MO,ACE,CE,Towers with Radar,0,46,26,0,72,0,16,115,5,136,0,62,141,5,208,92,0,92,300
12/09/2020,MKC,MO,ACE,CE,Towers with Radar,0,38,36,0,74,0,5,111,5,121,0,43,147,5,195,83,2,85,280
12/10/2020,MKC,MO,ACE,CE,Towers with Radar,0,45,48,0,93,0,8,98,3,109,0,53,146,3,202,88,4,92,294
12/11/2020,MKC,MO,ACE,CE,Towers with Radar,0,52,30,1,83,0,0,11,0,11,0,52,41,1,94,26,0,26,120
12/12/2020,MKC,MO,ACE,CE,Towers with Radar,0,33,12,0,45,0,0,52,0,52,0,33,64,0,97,0,0,0,97
12/13/2020,MKC,MO,ACE,CE,Towers with Radar,0,27,18,2,47,0,5,91,1,97,0,32,109,3,144,14,0,14,158
12/14/2020,MKC,MO,ACE,CE,Towers with Radar,0,31,33,2,66,0,4,118,2,124,0,35,151,4,190,90,0,90,280
12/15/2020,MKC,MO,ACE,CE,Towers with Radar,0,46,30,8,84,0,8,53,0,61,0,54,83,8,145,82,0,82,227
12/16/2020,MKC,MO,ACE,CE,Towers with Radar,0,41,47,0,88,0,3,44,6,53,0,44,91,6,141,64,0,64,205
12/17/2020,MKC,MO,ACE,CE,Towers with Radar,0,48,53,7,108,0,10,124,5,139,0,58,177,12,247,58,0,58,305
12/18/2020,MKC,MO,ACE,CE,Towers with Radar,0,52,26,0,78,0,0,39,3,42,0,52,65,3,120,8,2,10,130
12/19/2020,MKC,MO,ACE,CE,Towers with Radar,0,53,37,0,90,1,5,179,4,189,1,58,216,4,279,51,0,51,330
12/20/2020,MKC,MO,ACE,CE,Towers with Radar,0,31,35,0,66,0,4,143,1,148,0,35,178,1,214,61,0,61,275
12/21/2020,MKC,MO,ACE,CE,Towers with Radar,0,24,35,1,60,0,4,108,2,114,0,28,143,3,174,62,0,62,236
12/22/2020,MKC,MO,ACE,CE,Towers with Radar,0,47,40,2,89,0,6,78,1,85,0,53,118,3,174,45,2,47,221
12/23/2020,MKC,MO,ACE,CE,Towers with Radar,0,51,16,0,67,0,4,5,0,9,0,55,21,0,76,16,0,16,92
12/24/2020,MKC,MO,ACE,CE,Towers with Radar,0,38,11,0,49,0,1,55,0,56,0,39,66,0,105,16,0,16,121
12/25/2020,MKC,MO,ACE,CE,Towers with Radar,0,38,5,0,43,0,1,50,0,51,0,39,55,0,94,0,0,0,94
12/26/2020,MKC,MO,ACE,CE,Towers with Radar,0,26,36,0,62,0,3,212,0,215,0,29,248,0,277,98,0,98,375
12/27/2020,MKC,MO,ACE,CE,Towers with Radar,0,29,40,0,69,0,6,73,0,79,0,35,113,0,148,10,0,10,158
12/28/2020,MKC,MO,ACE,CE,Towers with Radar,0,26,32,0,58,0,6,118,4,128,0,32,150,4,186,142,0,142,328
12/29/2020,MKC,MO,ACE,CE,Towers with Radar,0,34,22,0,56,0,0,1,0,1,0,34,23,0,57,0,0,0,57
12/30/2020,MKC,MO,ACE,CE,Towers with Radar,0,47,31,0,78,1,0,92,0,93,1,47,123,0,171,38,2,40,211
12/31/2020,MKC,MO,ACE,CE,Towers with Radar,0,34,29,0,63,0,7,122,0,129,0,41,151,0,192,86,0,86,278
01/01/2021,MKC,MO,ACE,CE,Towers with Radar,0,20,3,0,23,0,0,12,0,12,0,20,15,0,35,0,0,0,35
01/02/2021,MKC,MO,ACE,CE,Towers with Radar,0,38,36,0,74,0,3,126,0,129,0,41,162,0,203,16,0,16,219
01/03/2021,MKC,MO,ACE,CE,Towers with Radar,0,47,55,0,102,0,0,0,0,0,0,47,55,0,102,0,0,0,102
01/04/2021,MKC,MO,ACE,CE,Towers with Radar,0,32,36,0,68,1,3,71,1,76,1,35,107,1,144,100,2,102,246
01/05/2021,MKC,MO,ACE,CE,Towers with Radar,0,53,32,0,85,0,1,72,0,73,0,54,104,0,158,90,1,91,249
01/06/2021,MKC,MO,ACE,CE,Towers with Radar,0,57,34,0,91,0,3,19,0,22,0,60,53,0,113,24,0,24,137
01/07/2021,MKC,MO,ACE,CE,Towers with Radar,0,40,45,0,85,0,2,6,0,8,0,42,51,0,93,0,0,0,93
01/08/2021,MKC,MO,ACE,CE,Towers with Radar,0,41,37,0,78,0,0,59,2,61,0,41,96,2,139,92,0,92,231
01/09/2021,MKC,MO,ACE,CE,Towers with Radar,0,31,16,0,47,0,0,82,0,82,0,31,98,0,129,79,0,79,208
01/10/2021,MKC,MO,ACE,CE,Towers with Radar,0,29,29,0,58,0,9,105,0,114,0,38,134,0,172,96,2,98,270
01/11/2021,MKC,MO,ACE,CE,Towers with Radar,0,15,51,3,69,0,0,57,0,57,0,15,108,3,126,15,0,15,141
01/12/2021,MKC,MO,ACE,CE,Towers with Radar,0,36,34,0,70,0,9,93,2,104,0,45,127,2,174,72,0,72,246
01/13/2021,MKC,MO,ACE,CE,Towers with Radar,0,32,53,0,85,0,4,97,0,101,0,36,150,0,186,108,0,108,294
01/14/2021,MKC,MO,ACE,CE,Towers with Radar,0,31,36,1,68,2,0,7,4,13,2,31,43,5,81,3,0,3,84
01/15/2021,MKC,MO,ACE,CE,Towers with Radar,0,17,12,0,29,0,0,1,0,1,0,17,13,0,30,0,0,0,30
01/16/2021,MKC,MO,ACE,CE,Towers with Radar,0,34,10,0,44,0,4,42,2,48,0,38,52,2,92,26,0,26,118
01/17/2021,MKC,MO,ACE,CE,Towers with Radar,0,48,80,0,128,0,11,83,2,96,0,59,163,2,224,36,0,36,260
01/18/2021,MKC,MO,ACE,CE,Towers with Radar,0,27,37,0,64,0,3,64,0,67,0,30,101,0,131,49,0,49,180
01/19/2021,MKC,MO,ACE,CE,Towers with Radar,0,38,28,0,66,0,1,60,0,61,0,39,88,0,127,58,0,58,185
01/20/2021,MKC,MO,ACE,CE,Towers with Radar,0,42,33,4,79,0,1,56,0,57,0,43,89,4,136,54,0,54,190
01/21/2021,MKC,MO,ACE,CE,Towers with Radar,0,47,48,2,97,0,9,115,1,125,0,56,163,3,222,125,0,125,347
01/22/2021,MKC,MO,ACE,CE,Towers with Radar,0,40,29,0,69,0,2,123,0,125,0,42,152,0,194,68,2,70,264
01/23/2021,MKC,MO,ACE,CE,Towers with Radar,0,44,28,3,75,0,6,130,1,137,0,50,158,4,212,112,0,112,324
01/24/2021,MKC,MO,ACE,CE,Towers with Radar,0,70,82,3,155,0,0,5,3,8,0,70,87,6,163,0,0,0,163
01/25/2021,MKC,MO,ACE,CE,Towers with Radar,0,41,42,0,83,0,0,0,0,0,0,41,42,0,83,0,0,0,83
01/26/2021,MKC,MO,ACE,CE,Towers with Radar,0,49,32,0,81,0,1,5,2,8,0,50,37,2,89,0,0,0,89
01/27/2021,MKC,MO,ACE,CE,Towers with Radar,0,41,28,2,71,0,1,8,2,11,0,42,36,4,82,14,0,14,96
01/28/2021,MKC,MO,ACE,CE,Towers with Radar,0,44,43,0,87,0,5,39,2,46,0,49,82,2,133,46,0,46,179
01/29/2021,MKC,MO,ACE,CE,Towers with Radar,0,42,46,4,92,0,6,105,3,114,0,48,151,7,206,76,0,76,282
01/30/2021,MKC,MO,ACE,CE,Towers with Radar,0,27,12,0,39,0,1,9,0,10,0,28,21,0,49,18,0,18,67
01/31/2021,MKC,MO,ACE,CE,Towers with Radar,0,28,22,0,50,0,1,19,0,20,0,29,41,0,70,18,0,18,88
02/01/2021,MKC,MO,ACE,CE,Towers with Radar,0,22,27,0,49,0,1,3,0,4,0,23,30,0,53,14,0,14,67
02/02/2021,MKC,MO,ACE,CE,Towers with Radar,0,46,38,0,84,0,5,26,0,31,0,51,64,0,115,31,0,31,146
02/03/2021,MKC,MO,ACE,CE,Towers with Radar,0,43,47,2,92,0,4,84,0,88,0,47,131,2,180,92,0,92,272
02/04/2021,MKC,MO,ACE,CE,Towers with Radar,0,47,25,0,72,0,0,2,0,2,0,47,27,0,74,0,0,0,74
02/05/2021,MKC,MO,ACE,CE,Towers with Radar,0,37,41,6,84,0,7,102,10,119,0,44,143,16,203,62,0,62,265
02/06/2021,MKC,MO,ACE,CE,Towers with Radar,0,27,17,0,44,0,3,12,1,16,0,30,29,1,60,40,0,40,100
02/07/2021,MKC,MO,ACE,CE,Towers with Radar,0,13,8,1,22,0,0,3,2,5,0,13,11,3,27,2,0,2,29
02/08/2021,MKC,MO,ACE,CE,Towers with Radar,0,59,33,0,92,0,0,0,0,0,0,59,33,0,92,0,0,0,92
02/09/2021,MKC,MO,ACE,CE,Towers with Radar,0,41,33,0,74,0,2,13,0,15,0,43,46,0,89,34,10,44,133
02/10/2021,MKC,MO,ACE,CE,Towers with Radar,0,33,24,2,59,0,2,2,0,4,0,35,26,2,63,8,0,8,71
02/11/2021,MKC,MO,ACE,CE,Towers with Radar,0,24,36,0,60,0,4,49,1,54,0,28,85,1,114,51,0,51,165
02/12/2021,MKC,MO,ACE,CE,Towers with Radar,0,41,36,0,77,0,8,43,2,53,0,49,79,2,130,36,0,36,166
02/13/2021,MKC,MO,ACE,CE,Towers with Radar,0,26,24,0,50,0,10,56,0,66,0,36,80,0,116,26,0,26,142
02/14/2021,MKC,MO,ACE,CE,Towers with Radar,0,10,11,0,21,0,0,26,0,26,0,10,37,0,47,0,0,0,47
02/15/2021,MKC,MO,ACE,CE,Towers with Radar,0,29,29,0,58,0,0,0,0,0,0,29,29,0,58,0,0,0,58
02/16/2021,MKC,MO,ACE,CE,Towers with Radar,0,49,34,0,83,0,3,12,0,15,0,52,46,0,98,17,0,17,115
02/17/2021,MKC,MO,ACE,CE,Towers with Radar,0,64,21,0,85,0,0,2,2,4,0,64,23,2,89,0,0,0,89
02/18/2021,MKC,MO,ACE,CE,Towers with Radar,0,55,28,0,83,0,1,52,4,57,0,56,80,4,140,24,0,24,164
02/19/2021,MKC,MO,ACE,CE,Towers with Radar,0,43,35,0,78,0,9,98,0,107,0,52,133,0,185,95,0,95,280
02/20/2021,MKC,MO,ACE,CE,Towers with Radar,0,35,30,0,65,0,4,113,0,117,0,39,143,0,182,81,0,81,263
02/21/2021,MKC,MO,ACE,CE,Towers with Radar,0,14,18,0,32,0,0,24,0,24,0,14,42,0,56,0,0,0,56
02/22/2021,MKC,MO,ACE,CE,Towers with Radar,0,41,33,0,74,0,6,93,0,99,0,47,126,0,173,40,0,40,213
02/23/2021,MKC,MO,ACE,CE,Towers with Radar,0,65,33,2,100,0,4,104,3,111,0,69,137,5,211,64,2,66,277
02/24/2021,MKC,MO,ACE,CE,Towers with Radar,0,54,53,6,113,0,6,52,3,61,0,60,105,9,174,62,0,62,236
02/25/2021,MKC,MO,ACE,CE,Towers with Radar,0,51,52,0,103,0,6,100,3,109,0,57,152,3,212,102,0,102,314
02/26/2021,MKC,MO,ACE,CE,Towers with Radar,0,49,47,4,100,0,1,84,20,105,0,50,131,24,205,124,0,124,329
02/27/2021,MKC,MO,ACE,CE,Towers with Radar,0,43,30,0,73,0,1,98,1,100,0,44,128,1,173,84,0,84,257
02/28/2021,MKC,MO,ACE,CE,Towers with Radar,0,29,30,0,59,0,2,59,1,62,0,31,89,1,121,60,0,60,181
03/01/2021,MKC,MO,ACE,CE,Towers with Radar,0,27,52,0,79,0,2,84,1,87,0,29,136,1,166,86,0,86,252
03/02/2021,MKC,MO,ACE,CE,Towers with Radar,0,46,42,2,90,0,3,77,5,85,0,49,119,7,175,40,2,42,217
03/03/2021,MKC,MO,ACE,CE,Towers with Radar,0,44,56,0,100,0,4,97,1,102,0,48,153,1,202,76,0,76,278
03/04/2021,MKC,MO,ACE,CE,Towers with Radar,0,39,58,4,101,0,8,76,2,86,0,47,134,6,187,92,0,92,279
03/05/2021,MKC,MO,ACE,CE,Towers with Radar,0,39,27,0,66,0,7,73,0,80,0,46,100,0,146,69,0,69,215
03/06/2021,MKC,MO,ACE,CE,Towers with Radar,1,26,38,0,65,0,0,118,0,118,1,26,156,0,183,80,0,80,263
03/07/2021,MKC,MO,ACE,CE,Towers with Radar,1,18,28,0,47,0,4,61,5,70,1,22,89,5,117,38,2,40,157
03/08/2021,MKC,MO,ACE,CE,Towers with Radar,0,35,39,2,76,0,8,93,0,101,0,43,132,2,177,55,0,55,232
03/09/2021,MKC,MO,ACE,CE,Towers with Radar,9,33,34,0,76,0,7,59,0,66,9,40,93,0,142,44,2,46,188
03/10/2021,MKC,MO,ACE,CE,Towers with Radar,1,55,51,5,112,0,2,4,1,7,1,57,55,6,119,0,18,18,137
03/11/2021,MKC,MO,ACE,CE,Towers with Radar,3,67,60,0,130,0,8,110,0,118,3,75,170,0,248,146,0,146,394
03/12/2021,MKC,MO,ACE,CE,Towers with Radar,4,49,48,0,101,0,4,22,0,26,4,53,70,0,127,29,0,29,156
03/13/2021,MKC,MO,ACE,CE,Towers with Radar,1,48,51,0,100,0,0,5,2,7,1,48,56,2,107,12,0,12,119
03/14/2021,MKC,MO,ACE,CE,Towers with Radar,4,33,20,0,57,0,0,0,0,0,4,33,20,0,57,0,0,0,57
03/15/2021,MKC,MO,ACE,CE,Towers with Radar,4,28,28,0,60,0,0,12,0,12,4,28,40,0,72,48,0,48,120
03/16/2021,MKC,MO,ACE,CE,Towers with Radar,0,43,54,4,101,0,0,0,0,0,0,43,54,4,101,0,0,0,101
03/17/2021,MKC,MO,ACE,CE,Towers with Radar,0,45,27,1,73,0,0,0,0,0,0,45,27,1,73,0,0,0,73
03/18/2021,MKC,MO,ACE,CE,Towers with Radar,0,48,22,2,72,0,0,14,1,15,0,48,36,3,87,30,0,30,117
03/19/2021,MKC,MO,ACE,CE,Towers with Radar,0,43,42,0,85,0,3,139,6,148,0,46,181,6,233,195,0,195,428
03/20/2021,MKC,MO,ACE,CE,Towers with Radar,0,36,44,2,82,0,1,156,0,157,0,37,200,2,239,69,0,69,308
03/21/2021,MKC,MO,ACE,CE,Towers with Radar,0,54,37,0,91,0,2,47,0,49,0,56,84,0,140,20,0,20,160
03/22/2021,MKC,MO,ACE,CE,Towers with Radar,1,32,32,0,65,0,7,61,0,68,1,39,93,0,133,54,0,54,187
03/23/2021,MKC,MO,ACE,CE,Towers with Radar,0,44,38,3,85,0,0,5,0,5,0,44,43,3,90,10,0,10,100
03/24/2021,MKC,MO,ACE,CE,Towers with Radar,0,51,65,0,116,0,0,26,0,26,0,51,91,0,142,79,0,79,221
03/25/2021,MKC,MO,ACE,CE,Towers with Radar,0,38,55,0,93,0,1,0,0,1,0,39,55,0,94,0,0,0,94
03/26/2021,MKC,MO,ACE,CE,Towers with Radar,0,46,46,2,94,0,3,100,0,103,0,49,146,2,197,206,0,206,403
03/27/2021,MKC,MO,ACE,CE,Towers with Radar,0,39,27,0,66,0,7,121,0,128,0,46,148,0,194,131,0,131,325
03/28/2021,MKC,MO,ACE,CE,Towers with Radar,0,31,33,0,64,0,4,108,0,112,0,35,141,0,176,96,0,96,272
03/29/2021,MKC,MO,ACE,CE,Towers with Radar,2,39,35,2,78,0,1,26,0,27,2,40,61,2,105,2,0,2,107
03/30/2021,MKC,MO,ACE,CE,Towers with Radar,1,54,41,3,99,0,5,24,3,32,1,59,65,6,131,44,0,44,175
03/31/2021,MKC,MO,ACE,CE,Towers with Radar,0,34,68,1,103,0,1,83,0,84,0,35,151,1,187,62,0,62,249
04/01/2021,MKC,MO,ACE,CE,Towers with Radar,0,46,45,6,97,0,0,122,5,127,0,46,167,11,224,62,2,64,288
04/02/2021,MKC,MO,ACE,CE,Towers with Radar,0,43,37,1,81,0,1,87,0,88,0,44,124,1,169,60,0,60,229
04/03/2021,MKC,MO,ACE,CE,Towers with Radar,2,26,25,2,55,0,4,126,1,131,2,30,151,3,186,60,0,60,246
04/04/2021,MKC,MO,ACE,CE,Towers with Radar,3,16,13,0,32,0,6,66,0,72,3,22,79,0,104,10,0,10,114
04/05/2021,MKC,MO,ACE,CE,Towers with Radar,0,38,53,0,91,0,6,76,0,82,0,44,129,0,173,152,0,152,325
04/06/2021,MKC,MO,ACE,CE,Towers with Radar,0,52,31,0,83,0,0,59,0,59,0,52,90,0,142,72,0,72,214
04/07/2021,MKC,MO,ACE,CE,Towers with Radar,0,39,26,0,65,0,2,7,0,9,0,41,33,0,74,36,0,36,110
04/08/2021,MKC,MO,ACE,CE,Towers with Radar,0,57,61,0,118,0,0,0,4,4,0,57,61,4,122,0,0,0,122
04/09/2021,MKC,MO,ACE,CE,Towers with Radar,0,50,54,0,104,0,1,91,0,92,0,51,145,0,196,225,0,225,421
04/10/2021,MKC,MO,ACE,CE,Towers with Radar,0,41,29,2,72,0,2,86,0,88,0,43,115,2,160,45,6,51,211
04/11/2021,MKC,MO,ACE,CE,Towers with Radar,4,25,38,2,69,0,20,84,5,109,4,45,122,7,178,74,0,74,252
04/12/2021,MKC,MO,ACE,CE,Towers with Radar,0,27,41,1,69,0,6,49,7,62,0,33,90,8,131,118,0,118,249
04/13/2021,MKC,MO,ACE,CE,Towers with Radar,0,50,66,4,120,0,7,98,5,110,0,57,164,9,230,80,0,80,310
04/14/2021,MKC,MO,ACE,CE,Towers with Radar,1,57,57,4,119,0,9,122,2,133,1,66,179,6,252,128,0,128,380
04/15/2021,MKC,MO,ACE,CE,Towers with Radar,0,34,63,5,102,0,4,120,9,133,0,38,183,14,235,106,2,108,343
04/16/2021,MKC,MO,ACE,CE,Towers with Radar,0,60,39,0,99,0,0,29,0,29,0,60,68,0,128,95,0,95,223
04/17/2021,MKC,MO,ACE,CE,Towers with Radar,2,30,25,0,57,0,6,62,0,68,2,36,87,0,125,60,0,60,185
04/18/2021,MKC,MO,ACE,CE,Towers with Radar,5,23,33,0,61,0,2,78,4,84,5,25,111,4,145,126,2,128,273
04/19/2021,MKC,MO,ACE,CE,Towers with Radar,0,27,43,0,70,0,3,57,0,60,0,30,100,0,130,144,4,148,278
04/20/2021,MKC,MO,ACE,CE,Towers with Radar,0,43,41,0,84,0,6,48,1,55,0,49,89,1,139,38,0,38,177
04/21/2021,MKC,MO,ACE,CE,Towers with Radar,1,33,39,0,73,0,7,76,1,84,1,40,115,1,157,74,0,74,231
04/22/2021,MKC,MO,ACE,CE,Towers with Radar,5,61,49,0,115,0,8,144,0,152,5,69,193,0,267,132,0,132,399
04/23/2021,MKC,MO,ACE,CE,Towers with Radar,2,53,44,0,99,0,9,39,0,48,2,62,83,0,147,11,0,11,158
04/24/2021,MKC,MO,ACE,CE,Towers with Radar,0,44,34,1,79,0,0,71,5,76,0,44,105,6,155,178,0,178,333
04/25/2021,MKC,MO,ACE,CE,Towers with Radar,0,29,50,0,79,0,11,104,2,117,0,40,154,2,196,58,0,58,254
04/26/2021,MKC,MO,ACE,CE,Towers with Radar,0,40,38,0,78,0,6,13,0,19,0,46,51,0,97,0,0,0,97
04/27/2021,MKC,MO,ACE,CE,Towers with Radar,0,70,44,0,114,0,0,55,0,55,0,70,99,0,169,64,0,64,233
04/28/2021,MKC,MO,ACE,CE,Towers with Radar,0,64,49,4,117,0,0,10,0,10,0,64,59,4,127,26,0,26,153
04/29/2021,MKC,MO,ACE,CE,Towers with Radar,2,49,56,1,108,0,4,102,7,113,2,53,158,8,221,84,0,84,305
04/30/2021,MKC,MO,ACE,CE,Towers with Radar,2,54,47,0,103,0,9,143,6,158,2,63,190,6,261,107,0,107,368
05/01/2021,MKC,MO,ACE,CE,Towers with Radar,0,41,40,0,81,0,7,97,2,106,0,48,137,2,187,72,0,72,259
05/02/2021,MKC,MO,ACE,CE,Towers with Radar,8,48,60,0,116,0,5,56,0,61,8,53,116,0,177,94,0,94,271
05/03/2021,MKC,MO,ACE,CE,Towers with Radar,0,37,55,0,92,0,0,32,1,33,0,37,87,1,125,41,0,41,166
05/04/2021,MKC,MO,ACE,CE,Towers with Radar,0,49,47,2,98,0,12,61,0,73,0,61,108,2,171,44,2,46,217
05/05/2021,MKC,MO,ACE,CE,Towers with Radar,2,45,67,0,114,0,8,172,2,182,2,53,239,2,296,126,0,126,422
05/06/2021,MKC,MO,ACE,CE,Towers with Radar,2,57,80,2,141,0,6,75,1,82,2,63,155,3,223,62,0,62,285
05/07/2021,MKC,MO,ACE,CE,Towers with Radar,0,49,54,2,105,0,5,106,2,113,0,54,160,4,218,137,2,139,357
05/08/2021,MKC,MO,ACE,CE,Towers with Radar,0,32,35,0,67,0,0,45,1,46,0,32,80,1,113,34,0,34,147
05/09/2021,MKC,MO,ACE,CE,Towers with Radar,2,50,18,0,70,0,2,7,8,17,2,52,25,8,87,8,0,8,95
05/10/2021,MKC,MO,ACE,CE,Towers with Radar,2,29,44,0,75,0,3,87,1,91,2,32,131,1,166,66,0,66,232
05/11/2021,MKC,MO,ACE,CE,Towers with Radar,2,49,54,0,105,0,9,92,2,103,2,58,146,2,208,172,0,172,380
05/12/2021,MKC,MO,ACE,CE,Towers with Radar,2,44,63,3,112,0,6,135,6,147,2,50,198,9,259,102,0,102,361
05/13/2021,MKC,MO,ACE,CE,Towers with Radar,2,52,71,3,128,0,11,149,4,164,2,63,220,7,292,148,0,148,440
05/14/2021,MKC,MO,ACE,CE,Towers with Radar,0,47,69,3,119,0,5,79,3,87,0,52,148,6,206,90,0,90,296
05/15/2021,MKC,MO,ACE,CE,Towers with Radar,3,28,33,2,66,0,11,61,0,72,3,39,94,2,138,156,0,156,294
05/16/2021,MKC,MO,ACE,CE,Towers with Radar,3,28,24,1,56,0,0,0,0,0,3,28,24,1,56,4,0,4,60
05/17/2021,MKC,MO,ACE,CE,Towers with Radar,2,30,56,1,89,0,0,0,1,1,2,30,56,2,90,12,0,12,102
05/18/2021,MKC,MO,ACE,CE,Towers with Radar,0,69,45,2,116,0,0,73,1,74,0,69,118,3,190,96,0,96,286
05/19/2021,MKC,MO,ACE,CE,Towers with Radar,1,54,70,0,125,0,4,42,0,46,1,58,112,0,171,60,0,60,231
05/20/2021,MKC,MO,ACE,CE,Towers with Radar,1,66,56,0,123,0,1,20,0,21,1,67,76,0,144,134,0,134,278
05/21/2021,MKC,MO,ACE,CE,Towers with Radar,2,53,35,0,90,0,5,33,0,38,2,58,68,0,128,130,0,130,258
05/22/2021,MKC,MO,ACE,CE,Towers with Radar,0,51,27,0,78,1,2,16,0,19,1,53,43,0,97,53,0,53,150
05/23/2021,MKC,MO,ACE,CE,Towers with Radar,2,39,39,0,80,0,12,93,2,107,2,51,132,2,187,98,0,98,285
05/24/2021,MKC,MO,ACE,CE,Towers with Radar,2,48,48,0,98,0,6,108,5,119,2,54,156,5,217,262,0,262,479
05/25/2021,MKC,MO,ACE,CE,Towers with Radar,0,56,55,2,113,0,12,63,0,75,0,68,118,2,188,265,2,267,455
05/26/2021,MKC,MO,ACE,CE,Towers with Radar,0,34,68,3,105,0,7,122,1,130,0,41,190,4,235,173,0,173,408
05/27/2021,MKC,MO,ACE,CE,Towers with Radar,0,46,37,6,89,0,0,20,0,20,0,46,57,6,109,36,0,36,145
05/28/2021,MKC,MO,ACE,CE,Towers with Radar,1,61,58,2,122,0,2,59,0,61,1,63,117,2,183,95,0,95,278
05/29/2021,MKC,MO,ACE,CE,Towers with Radar,3,32,45,0,80,0,35,104,0,139,3,67,149,0,219,124,0,124,343
05/30/2021,MKC,MO,ACE,CE,Towers with Radar,4,21,15,0,40,0,23,69,4,96,4,44,84,4,136,61,0,61,197
05/31/2021,MKC,MO,ACE,CE,Towers with Radar,0,35,54,0,89,0,0,8,0,8,0,35,62,0,97,4,0,4,101
06/01/2021,MKC,MO,ACE,CE,Towers with Radar,1,36,71,1,109,0,0,82,1,83,1,36,153,2,192,104,0,104,296
06/02/2021,MKC,MO,ACE,CE,Towers with Radar,1,42,56,0,99,0,5,137,5,147,1,47,193,5,246,96,0,96,342
06/03/2021,MKC,MO,ACE,CE,Towers with Radar,2,49,51,1,103,0,4,110,3,117,2,53,161,4,220,124,4,128,348
06/04/2021,MKC,MO,ACE,CE,Towers with Radar,0,45,38,0,83,0,11,114,5,130,0,56,152,5,213,48,0,48,261
06/05/2021,MKC,MO,ACE,CE,Towers with Radar,0,44,39,0,83,0,30,116,1,147,0,74,155,1,230,109,0,109,339
06/06/2021,MKC,MO,ACE,CE,Towers with Radar,4,25,46,2,77,0,2,33,0,35,4,27,79,2,112,65,0,65,177
06/07/2021,MKC,MO,ACE,CE,Towers with Radar,0,41,43,1,85,0,4,132,0,136,0,45,175,1,221,202,0,202,423
06/08/2021,MKC,MO,ACE,CE,Towers with Radar,0,57,48,0,105,0,8,114,10,132,0,65,162,10,237,205,2,207,444
06/09/2021,MKC,MO,ACE,CE,Towers with Radar,0,60,70,0,130,0,5,159,4,168,0,65,229,4,298,127,0,127,425
06/10/2021,MKC,MO,ACE,CE,Towers with Radar,0,64,68,2,134,0,0,119,1,120,0,64,187,3,254,172,2,174,428
06/11/2021,MKC,MO,ACE,CE,Towers with Radar,1,74,41,3,119,0,11,58,0,69,1,85,99,3,188,86,0,86,274
06/12/2021,MKC,MO,ACE,CE,Towers with Radar,1,37,47,0,85,0,22,110,0,132,1,59,157,0,217,161,0,161,378
06/13/2021,MKC,MO,ACE,CE,Towers with Radar,1,35,54,0,90,0,9,102,1,112,1,44,156,1,202,130,0,130,332
06/14/2021,MKC,MO,ACE,CE,Towers with Radar,1,29,65,0,95,0,22,101,0,123,1,51,166,0,218,264,0,264,482
06/15/2021,MKC,MO,ACE,CE,Towers with Radar,0,32,54,0,86,0,18,134,2,154,0,50,188,2,240,237,0,237,477
06/16/2021,MKC,MO,ACE,CE,Towers with Radar,0,43,69,0,112,0,6,95,3,104,0,49,164,3,216,222,0,222,438
06/17/2021,MKC,MO,ACE,CE,Towers with Radar,2,56,73,0,131,0,9,100,4,113,2,65,173,4,244,169,0,169,413
06/18/2021,MKC,MO,ACE,CE,Towers with Radar,2,42,53,2,99,0,3,98,0,101,2,45,151,2,200,15,0,15,215
06/19/2021,MKC,MO,ACE,CE,Towers with Radar,0,29,26,3,58,0,54,111,0,165,0,83,137,3,223,62,0,62,285
06/20/2021,MKC,MO,ACE,CE,Towers with Radar,4,35,31,1,71,0,10,41,0,51,4,45,72,1,122,24,0,24,146
06/21/2021,MKC,MO,ACE,CE,Towers with Radar,3,32,39,2,76,0,9,106,2,117,3,41,145,4,193,189,2,191,384
06/22/2021,MKC,MO,ACE,CE,Towers with Radar,1,56,85,0,142,0,11,140,4,155,1,67,225,4,297,104,0,104,401
06/23/2021,MKC,MO,ACE,CE,Towers with Radar,2,56,75,2,135,0,9,107,7,123,2,65,182,9,258,132,0,132,390
06/24/2021,MKC,MO,ACE,CE,Towers with Radar,0,45,60,1,106,0,4,18,0,22,0,49,78,1,128,92,0,92,220
06/25/2021,MKC,MO,ACE,CE,Towers with Radar,1,44,48,0,93,0,0,9,0,9,1,44,57,0,102,40,0,40,142
06/26/2021,MKC,MO,ACE,CE,Towers with Radar,1,48,48,0,97,0,3,58,0,61,1,51,106,0,158,52,0,52,210
06/27/2021,MKC,MO,ACE,CE,Towers with Radar,0,37,50,0,87,0,5,77,0,82,0,42,127,0,169,90,0,90,259
06/28/2021,MKC,MO,ACE,CE,Towers with Radar,0,30,34,2,66,1,3,34,0,38,1,33,68,2,104,145,0,145,249
06/29/2021,MKC,MO,ACE,CE,Towers with Radar,0,59,56,3,118,0,4,30,0,34,0,63,86,3,152,186,0,186,338
06/30/2021,MKC,MO,ACE,CE,Towers with Radar,0,61,41,1,103,0,3,5,0,8,0,64,46,1,111,2,0,2,113
07/01/2021,MKC,MO,ACE,CE,Towers with Radar,3,67,66,2,138,0,2,73,5,80,3,69,139,7,218,138,1,139,357
07/02/2021,MKC,MO,ACE,CE,Towers with Radar,1,51,51,2,105,0,10,119,6,135,1,61,170,8,240,151,0,151,391
07/03/2021,MKC,MO,ACE,CE,Towers with Radar,1,54,30,0,85,0,23,89,4,116,1,77,119,4,201,107,0,107,308
07/04/2021,MKC,MO,ACE,CE,Towers with Radar,3,12,30,0,45,0,9,41,6,56,3,21,71,6,101,40,0,40,141
07/05/2021,MKC,MO,ACE,CE,Towers with Radar,2,55,37,2,96,0,16,122,2,140,2,71,159,4,236,28,0,28,264
07/06/2021,MKC,MO,ACE,CE,Towers with Radar,1,56,55,1,113,0,11,90,4,105,1,67,145,5,218,125,0,125,343
07/07/2021,MKC,MO,ACE,CE,Towers with Radar,5,70,46,0,121,0,4,72,1,77,5,74,118,1,198,98,0,98,296
07/08/2021,MKC,MO,ACE,CE,Towers with Radar,0,78,48,0,126,0,11,86,4,101,0,89,134,4,227,116,0,116,343
07/09/2021,MKC,MO,ACE,CE,Towers with Radar,0,53,45,1,99,0,5,57,5,67,0,58,102,6,166,71,0,71,237
07/10/2021,MKC,MO,ACE,CE,Towers with Radar,0,29,36,0,65,0,31,26,0,57,0,60,62,0,122,62,0,62,184
07/11/2021,MKC,MO,ACE,CE,Towers with Radar,2,24,35,0,61,0,2,16,0,18,2,26,51,0,79,4,0,4,83
07/12/2021,MKC,MO,ACE,CE,Towers with Radar,0,43,59,0,102,0,14,75,0,89,0,57,134,0,191,83,0,83,274
07/13/2021,MKC,MO,ACE,CE,Towers with Radar,0,65,65,2,132,0,12,148,4,164,0,77,213,6,296,213,0,213,509
07/14/2021,MKC,MO,ACE,CE,Towers with Radar,0,41,71,2,114,0,3,99,4,106,0,44,170,6,220,90,0,90,310
07/15/2021,MKC,MO,ACE,CE,Towers with Radar,4,50,59,1,114,0,3,4,2,9,4,53,63,3,123,0,0,0,123
07/16/2021,MKC,MO,ACE,CE,Towers with Radar,4,55,77,0,136,0,3,57,2,62,4,58,134,2,198,120,0,120,318
07/17/2021,MKC,MO,ACE,CE,Towers with Radar,0,46,36,0,82,0,21,76,0,97,0,67,112,0,179,55,0,55,234
07/18/2021,MKC,MO,ACE,CE,Towers with Radar,4,38,48,0,90,0,8,95,0,103,4,46,143,0,193,37,0,37,230
07/19/2021,MKC,MO,ACE,CE,Towers with Radar,4,41,67,2,114,0,17,100,1,118,4,58,167,3,232,132,0,132,364
07/20/2021,MKC,MO,ACE,CE,Towers with Radar,1,59,64,6,130,0,8,118,8,134,1,67,182,14,264,203,2,205,469
07/21/2021,MKC,MO,ACE,CE,Towers with Radar,3,53,66,0,122,0,6,138,0,144,3,59,204,0,266,166,0,166,432
07/22/2021,MKC,MO,ACE,CE,Towers with Radar,0,53,66,0,119,0,10,108,0,118,0,63,174,0,237,147,0,147,384
07/23/2021,MKC,MO,ACE,CE,Towers with Radar,0,59,58,0,117,0,10,119,0,129,0,69,177,0,246,66,0,66,312
07/24/2021,MKC,MO,ACE,CE,Towers with Radar,2,40,42,0,84,0,41,74,0,115,2,81,116,0,199,36,0,36,235
07/25/2021,MKC,MO,ACE,CE,Towers with Radar,0,33,61,0,94,0,3,62,4,69,0,36,123,4,163,74,0,74,237
07/26/2021,MKC,MO,ACE,CE,Towers with Radar,4,48,65,0,117,0,8,97,0,105,4,56,162,0,222,101,0,101,323
07/27/2021,MKC,MO,ACE,CE,Towers with Radar,0,48,47,2,97,0,14,120,0,134,0,62,167,2,231,127,0,127,358
07/28/2021,MKC,MO,ACE,CE,Towers with Radar,0,67,66,0,133,0,13,117,2,132,0,80,183,2,265,132,0,132,397
07/29/2021,MKC,MO,ACE,CE,Towers with Radar,4,71,58,0,133,0,1,81,2,84,4,72,139,2,217,130,0,130,347
07/30/2021,MKC,MO,ACE,CE,Towers with Radar,1,45,71,0,117,0,9,65,3,77,1,54,136,3,194,73,0,73,267
07/31/2021,MKC,MO,ACE,CE,Towers with Radar,0,29,45,1,75,0,29,45,2,76,0,58,90,3,151,115,0,115,266
08/01/2021,MKC,MO,ACE,CE,Towers with Radar,1,49,43,1,94,0,9,80,5,94,1,58,123,6,188,157,0,157,345
08/02/2021,MKC,MO,ACE,CE,Towers with Radar,0,36,50,0,86,0,12,114,0,126,0,48,164,0,212,126,0,126,338
08/03/2021,MKC,MO,ACE,CE,Towers with Radar,2,72,41,0,115,0,15,117,1,133,2,87,158,1,248,71,0,71,319
08/04/2021,MKC,MO,ACE,CE,Towers with Radar,0,65,57,0,122,0,12,104,0,116,0,77,161,0,238,176,0,176,414
08/05/2021,MKC,MO,ACE,CE,Towers with Radar,2,58,58,0,118,0,7,92,4,103,2,65,150,4,221,163,0,163,384
08/06/2021,MKC,MO,ACE,CE,Towers with Radar,0,50,53,6,109,0,10,81,1,92,0,60,134,7,201,151,0,151,352
08/07/2021,MKC,MO,ACE,CE,Towers with Radar,2,54,51,0,107,0,37,103,0,140,2,91,154,0,247,76,0,76,323
08/08/2021,MKC,MO,ACE,CE,Towers with Radar,5,51,35,0,91,0,3,43,1,47,5,54,78,1,138,49,0,49,187
08/09/2021,MKC,MO,ACE,CE,Towers with Radar,0,36,58,0,94,0,9,96,0,105,0,45,154,0,199,84,0,84,283
08/10/2021,MKC,MO,ACE,CE,Towers with Radar,0,45,51,0,96,0,5,67,2,74,0,50,118,2,170,44,0,44,214
08/11/2021,MKC,MO,ACE,CE,Towers with Radar,0,54,69,2,125,0,12,73,0,85,0,66,142,2,210,47,0,47,257
08/12/2021,MKC,MO,ACE,CE,Towers with Radar,2,55,66,0,123,0,11,54,0,65,2,66,120,0,188,98,0,98,286
08/13/2021,MKC,MO,ACE,CE,Towers with Radar,1,59,65,0,125,0,0,60,0,60,1,59,125,0,185,113,2,115,300
08/14/2021,MKC,MO,ACE,CE,Towers with Radar,2,51,49,0,102,0,25,117,2,144,2,76,166,2,246,67,0,67,313
08/15/2021,MKC,MO,ACE,CE,Towers with Radar,5,33,59,1,98,0,5,81,0,86,5,38,140,1,184,47,0,47,231
08/16/2021,MKC,MO,ACE,CE,Towers with Radar,3,47,70,2,122,0,16,113,0,129,3,63,183,2,251,138,0,138,389
08/17/2021,MKC,MO,ACE,CE,Towers with Radar,0,47,53,0,100,0,8,109,0,117,0,55,162,0,217,211,0,211,428
08/18/2021,MKC,MO,ACE,CE,Towers with Radar,0,40,55,0,95,0,14,101,0,115,0,54,156,0,210,183,0,183,393
08/19/2021,MKC,MO,ACE,CE,Towers with Radar,6,51,85,0,142,0,5,64,4,73,6,56,149,4,215,136,0,136,351
08/20/2021,MKC,MO,ACE,CE,Towers with Radar,2,41,50,2,95,0,2,52,2,56,2,43,102,4,151,175,0,175,326
08/21/2021,MKC,MO,ACE,CE,Towers with Radar,2,51,34,0,87,0,20,91,0,111,2,71,125,0,198,34,0,34,232
08/22/2021,MKC,MO,ACE,CE,Towers with Radar,0,49,51,2,102,0,20,63,1,84,0,69,114,3,186,100,0,100,286
08/23/2021,MKC,MO,ACE,CE,Towers with Radar,0,48,39,0,87,0,5,90,1,96,0,53,129,1,183,91,0,91,274
08/24/2021,MKC,MO,ACE,CE,Towers with Radar,0,64,54,0,118,0,15,78,2,95,0,79,132,2,213,73,0,73,286
08/25/2021,MKC,MO,ACE,CE,Towers with Radar,0,62,51,0,113,0,13,88,2,103,0,75,139,2,216,139,0,139,355
08/26/2021,MKC,MO,ACE,CE,Towers with Radar,0,61,57,2,120,0,20,134,2,156,0,81,191,4,276,108,0,108,384
08/27/2021,MKC,MO,ACE,CE,Towers with Radar,0,67,75,2,144,0,13,108,4,125,0,80,183,6,269,116,0,116,385
08/28/2021,MKC,MO,ACE,CE,Towers with Radar,1,51,36,0,88,0,29,77,0,106,1,80,113,0,194,39,0,39,233
08/29/2021,MKC,MO,ACE,CE,Towers with Radar,3,26,42,0,71,0,3,47,4,54,3,29,89,4,125,37,0,37,162
08/30/2021,MKC,MO,ACE,CE,Towers with Radar,2,33,69,0,104,0,6,87,1,94,2,39,156,1,198,155,0,155,353
08/31/2021,MKC,MO,ACE,CE,Towers with Radar,0,50,45,0,95,0,10,58,1,69,0,60,103,1,164,170,0,170,334
09/01/2021,MKC,MO,ACE,CE,Towers with Radar,0,54,76,6,136,0,11,81,0,92,0,65,157,6,228,151,0,151,379
09/02/2021,MKC,MO,ACE,CE,Towers with Radar,6,68,66,2,142,0,5,80,2,87,6,73,146,4,229,72,0,72,301
09/03/2021,MKC,MO,ACE,CE,Towers with Radar,0,59,56,0,115,0,3,18,1,22,0,62,74,1,137,60,0,60,197
09/04/2021,MKC,MO,ACE,CE,Towers with Radar,2,37,33,0,72,0,3,21,1,25,2,40,54,1,97,32,0,32,129
09/05/2021,MKC,MO,ACE,CE,Towers with Radar,4,24,27,0,55,0,6,102,0,108,4,30,129,0,163,50,0,50,213
09/06/2021,MKC,MO,ACE,CE,Towers with Radar,0,43,48,0,91,0,14,107,2,123,0,57,155,2,214,238,0,238,452
09/07/2021,MKC,MO,ACE,CE,Towers with Radar,0,46,42,1,89,0,5,77,1,83,0,51,119,2,172,42,0,42,214
09/08/2021,MKC,MO,ACE,CE,Towers with Radar,0,47,54,0,101,1,9,76,1,87,1,56,130,1,188,153,10,163,351
09/09/2021,MKC,MO,ACE,CE,Towers with Radar,0,54,58,1,113,0,15,115,4,134,0,69,173,5,247,167,0,167,414
09/10/2021,MKC,MO,ACE,CE,Towers with Radar,1,54,70,2,127,0,13,111,4,128,1,67,181,6,255,122,0,122,377
09/11/2021,MKC,MO,ACE,CE,Towers with Radar,1,49,59,1,110,0,2,202,2,206,1,51,261,3,316,144,0,144,460
09/12/2021,MKC,MO,ACE,CE,Towers with Radar,3,76,122,0,201,0,3,65,0,68,3,79,187,0,269,34,0,34,303
09/13/2021,MKC,MO,ACE,CE,Towers with Radar,0,34,58,0,92,0,5,84,2,91,0,39,142,2,183,162,0,162,345
09/14/2021,MKC,MO,ACE,CE,Towers with Radar,0,54,63,0,117,0,8,76,2,86,0,62,139,2,203,94,0,94,297
09/15/2021,MKC,MO,ACE,CE,Towers with Radar,3,57,71,0,131,0,5,115,3,123,3,62,186,3,254,133,0,133,387
09/16/2021,MKC,MO,ACE,CE,Towers with Radar,2,73,71,0,146,0,21,132,1,154,2,94,203,1,300,114,2,116,416
09/17/2021,MKC,MO,ACE,CE,Towers with Radar,0,55,44,1,100,0,7,111,2,120,0,62,155,3,220,99,0,99,319
09/18/2021,MKC,MO,ACE,CE,Towers with Radar,0,42,26,0,68,0,21,95,7,123,0,63,121,7,191,75,0,75,266
09/19/2021,MKC,MO,ACE,CE,Towers with Radar,4,45,45,0,94,0,4,91,0,95,4,49,136,0,189,79,0,79,268
09/20/2021,MKC,MO,ACE,CE,Towers with Radar,0,47,50,0,97,0,6,43,1,50,0,53,93,1,147,52,0,52,199
09/21/2021,MKC,MO,ACE,CE,Towers with Radar,0,49,39,0,88,0,12,90,2,104,0,61,129,2,192,125,0,125,317
09/22/2021,MKC,MO,ACE,CE,Towers with Radar,0,63,81,0,144,0,8,105,2,115,0,71,186,2,259,105,0,105,364
09/23/2021,MKC,MO,ACE,CE,Towers with Radar,0,64,57,0,121,0,20,111,4,135,0,84,168,4,256,78,0,78,334
09/24/2021,MKC,MO,ACE,CE,Towers with Radar,2,62,45,2,111,0,3,51,0,54,2,65,96,2,165,69,0,69,234
09/25/2021,MKC,MO,ACE,CE,Towers with Radar,0,48,51,0,99,0,11,148,0,159,0,59,199,0,258,86,0,86,344
09/26/2021,MKC,MO,ACE,CE,Towers with Radar,2,54,85,0,141,0,5,55,0,60,2,59,140,0,201,6,0,6,207
09/27/2021,MKC,MO,ACE,CE,Towers with Radar,4,49,61,0,114,0,1,59,1,61,4,50,120,1,175,50,0,50,225
09/28/2021,MKC,MO,ACE,CE,Towers with Radar,0,60,35,0,95,0,11,92,3,106,0,71,127,3,201,152,0,152,353
09/29/2021,MKC,MO,ACE,CE,Towers with Radar,2,52,49,0,103,0,7,106,2,115,2,59,155,2,218,142,0,142,360
09/30/2021,MKC,MO,ACE,CE,Towers with Radar,3,73,43,0,119,0,2,54,1,57,3,75,97,1,176,156,0,156,332
10/01/2021,MKC,MO,ACE,CE,Towers with Radar,2,60,85,0,147,0,2,28,0,30,2,62,113,0,177,145,0,145,322
10/02/2021,MKC,MO,ACE,CE,Towers with Radar,6,43,42,0,91,0,0,45,0,45,6,43,87,0,136,89,0,89,225
10/03/2021,MKC,MO,ACE,CE,Towers with Radar,3,50,65,0,118,0,12,60,1,73,3,62,125,1,191,135,0,135,326
10/04/2021,MKC,MO,ACE,CE,Towers with Radar,0,47,52,0,99,0,15,109,6,130,0,62,161,6,229,102,3,105,334
10/05/2021,MKC,MO,ACE,CE,Towers with Radar,0,53,65,0,118,0,15,86,0,101,0,68,151,0,219,98,0,98,317
10/06/2021,MKC,MO,ACE,CE,Towers with Radar,0,70,79,0,149,0,4,38,3,45,0,74,117,3,194,175,2,177,371
10/07/2021,MKC,MO,ACE,CE,Towers with Radar,0,71,75,0,146,0,9,80,2,91,0,80,155,2,237,110,0,110,347
10/08/2021,MKC,MO,ACE,CE,Towers with Radar,0,61,61,0,122,0,2,96,0,98,0,63,157,0,220,80,0,80,300
10/09/2021,MKC,MO,ACE,CE,Towers with Radar,0,54,52,0,106,0,8,86,0,94,0,62,138,0,200,58,0,58,258
10/10/2021,MKC,MO,ACE,CE,Towers with Radar,0,47,47,0,94,0,7,49,0,56,0,54,96,0,150,79,0,79,229
10/11/2021,MKC,MO,ACE,CE,Towers with Radar,0,39,73,0,112,0,3,14,0,17,0,42,87,0,129,0,0,0,129
10/12/2021,MKC,MO,ACE,CE,Towers with Radar,2,59,63,4,128,0,6,93,0,99,2,65,156,4,227,99,0,99,326
10/13/2021,MKC,MO,ACE,CE,Towers with Radar,0,59,65,0,124,0,5,57,1,63,0,64,122,1,187,124,0,124,311
10/14/2021,MKC,MO,ACE,CE,Towers with Radar,0,63,54,1,118,0,8,95,2,105,0,71,149,3,223,107,1,108,331
10/15/2021,MKC,MO,ACE,CE,Towers with Radar,0,58,63,1,122,0,9,109,4,122,0,67,172,5,244,123,0,123,367
10/16/2021,MKC,MO,ACE,CE,Towers with Radar,0,42,42,0,84,0,10,99,0,109,0,52,141,0,193,129,0,129,322
10/17/2021,MKC,MO,ACE,CE,Towers with Radar,0,46,65,0,111,0,11,76,4,91,0,57,141,4,202,108,0,108,310
10/18/2021,MKC,MO,ACE,CE,Towers with Radar,0,43,50,0,93,1,9,96,0,106,1,52,146,0,199,211,0,211,410
10/19/2021,MKC,MO,ACE,CE,Towers with Radar,0,58,62,2,122,0,6,76,2,84,0,64,138,4,206,162,0,162,368
10/20/2021,MKC,MO,ACE,CE,Towers with Radar,0,65,84,0,149,0,9,84,0,93,0,74,168,0,242,76,0,76,318
10/21/2021,MKC,MO,ACE,CE,Towers with Radar,1,61,85,2,149,0,14,91,2,107,1,75,176,4,256,108,0,108,364
10/22/2021,MKC,MO,ACE,CE,Towers with Radar,3,67,79,0,149,0,6,105,6,117,3,73,184,6,266,170,0,170,436
10/23/2021,MKC,MO,ACE,CE,Towers with Radar,2,52,50,2,106,0,2,38,1,41,2,54,88,3,147,115,0,115,262
10/24/2021,MKC,MO,ACE,CE,Towers with Radar,0,51,47,0,98,0,8,34,0,42,0,59,81,0,140,8,0,8,148
10/25/2021,MKC,MO,ACE,CE,Towers with Radar,0,52,65,0,117,0,0,30,1,31,0,52,95,1,148,114,0,114,262
10/26/2021,MKC,MO,ACE,CE,Towers with Radar,2,56,92,4,154,0,6,64,0,70,2,62,156,4,224,80,0,80,304
10/27/2021,MKC,MO,ACE,CE,Towers with Radar,1,42,58,1,102,0,4,10,1,15,1,46,68,2,117,29,0,29,146
10/28/2021,MKC,MO,ACE,CE,Towers with Radar,1,58,38,1,98,0,0,0,0,0,1,58,38,1,98,0,0,0,98
10/29/2021,MKC,MO,ACE,CE,Towers with Radar,0,54,70,3,127,0,3,16,0,19,0,57,86,3,146,55,0,55,201
10/30/2021,MKC,MO,ACE,CE,Towers with Radar,2,44,46,0,92,0,14,145,3,162,2,58,191,3,254,127,0,127,381
10/31/2021,MKC,MO,ACE,CE,Towers with Radar,2,37,55,1,95,0,5,82,2,89,2,42,137,3,184,87,0,87,271
11/01/2021,MKC,MO,ACE,CE,Towers with Radar,0,65,102,2,169,0,2,21,1,24,0,67,123,3,193,4,0,4,197
11/02/2021,MKC,MO,ACE,CE,Towers with Radar,0,87,68,3,158,0,6,106,4,116,0,93,174,7,274,141,0,141,415
11/03/2021,MKC,MO,ACE,CE,Towers with Radar,2,64,56,1,123,0,9,105,11,125,2,73,161,12,248,109,0,109,357
11/04/2021,MKC,MO,ACE,CE,Towers with Radar,2,61,72,1,136,0,9,108,0,117,2,70,180,1,253,120,0,120,373
11/05/2021,MKC,MO,ACE,CE,Towers with Radar,0,57,68,2,127,0,5,90,0,95,0,62,158,2,222,76,0,76,298
11/06/2021,MKC,MO,ACE,CE,Towers with Radar,2,54,46,1,103,1,7,134,3,145,3,61,180,4,248,117,0,117,365
11/07/2021,MKC,MO,ACE,CE,Towers with Radar,2,71,98,3,174,0,7,56,1,64,2,78,154,4,238,82,0,82,320
11/08/2021,MKC,MO,ACE,CE,Towers with Radar,0,62,76,1,139,0,6,84,0,90,0,68,160,1,229,160,0,160,389
11/09/2021,MKC,MO,ACE,CE,Towers with Radar,0,72,72,4,148,0,9,78,3,90,0,81,150,7,238,80,0,80,318
11/10/2021,MKC,MO,ACE,CE,Towers with Radar,0,64,66,1,131,0,4,22,4,30,0,68,88,5,161,66,0,66,227
11/11/2021,MKC,MO,ACE,CE,Towers with Radar,0,64,75,1,140,0,6,54,1,61,0,70,129,2,201,47,0,47,248
11/12/2021,MKC,MO,ACE,CE,Towers with Radar,0,56,41,0,97,0,2,7,0,9,0,58,48,0,106,0,0,0,106
11/13/2021,MKC,MO,ACE,CE,Towers with Radar,0,57,36,0,93,0,4,118,2,124,0,61,154,2,217,136,0,136,353
11/14/2021,MKC,MO,ACE,CE,Towers with Radar,0,56,62,0,118,0,12,44,0,56,0,68,106,0,174,12,0,12,186
11/15/2021,MKC,MO,ACE,CE,Towers with Radar,0,61,56,0,117,0,5,71,0,76,0,66,127,0,193,130,0,130,323
11/16/2021,MKC,MO,ACE,CE,Towers with Radar,0,59,56,4,119,0,8,88,3,99,0,67,144,7,218,194,0,194,412
11/17/2021,MKC,MO,ACE,CE,Towers with Radar,0,60,71,1,132,0,9,47,3,59,0,69,118,4,191,66,0,66,257
11/18/2021,MKC,MO,ACE,CE,Towers with Radar,2,54,74,2,132,0,12,77,0,89,2,66,151,2,221,70,0,70,291
11/19/2021,MKC,MO,ACE,CE,Towers with Radar,0,54,83,3,140,0,6,72,4,82,0,60,155,7,222,90,0,90,312
11/20/2021,MKC,MO,ACE,CE,Towers with Radar,4,53,78,0,135,0,28,155,2,185,4,81,233,2,320,113,0,113,433
11/21/2021,MKC,MO,ACE,CE,Towers with Radar,2,85,151,0,238,0,27,70,3,100,2,112,221,3,338,30,0,30,368
11/22/2021,MKC,MO,ACE,CE,Towers with Radar,0,43,68,0,111,0,4,93,2,99,0,47,161,2,210,104,0,104,314
11/23/2021,MKC,MO,ACE,CE,Towers with Radar,2,58,45,2,107,0,11,77,4,92,2,69,122,6,199,104,0,104,303
11/24/2021,MKC,MO,ACE,CE,Towers with Radar,0,59,40,0,99,0,7,65,0,72,0,66,105,0,171,104,0,104,275
11/25/2021,MKC,MO,ACE,CE,Towers with Radar,0,29,13,0,42,0,6,14,0,20,0,35,27,0,62,4,0,4,66
11/26/2021,MKC,MO,ACE,CE,Towers with Radar,0,33,25,0,58,0,9,65,3,77,0,42,90,3,135,73,0,73,208
11/27/2021,MKC,MO,ACE,CE,Towers with Radar,1,49,41,0,91,0,14,109,1,124,1,63,150,1,215,73,0,73,288
11/28/2021,MKC,MO,ACE,CE,Towers with Radar,1,51,53,1,106,0,6,98,0,104,1,57,151,1,210,49,0,49,259
11/29/2021,MKC,MO,ACE,CE,Towers with Radar,0,68,58,1,127,0,22,77,0,99,0,90,135,1,226,166,0,166,392
11/30/2021,MKC,MO,ACE,CE,Towers with Radar,0,65,40,1,106,0,5,91,7,103,0,70,131,8,209,160,0,160,369
12/01/2021,MKC,MO,ACE,CE,Towers with Radar,0,47,45,0,92,0,12,96,1,109,0,59,141,1,201,91,0,91,292
12/02/2021,MKC,MO,ACE,CE,Towers with Radar,0,64,37,0,101,0,4,116,3,123,0,68,153,3,224,155,0,155,379
12/03/2021,MKC,MO,ACE,CE,Towers with Radar,0,50,63,0,113,0,7,91,4,102,0,57,154,4,215,117,0,117,332
12/04/2021,MKC,MO,ACE,CE,Towers with Radar,2,47,56,0,105,0,11,74,1,86,2,58,130,1,191,80,0,80,271
12/05/2021,MKC,MO,ACE,CE,Towers with Radar,0,65,68,2,135,0,4,28,0,32,0,69,96,2,167,32,0,32,199
12/06/2021,MKC,MO,ACE,CE,Towers with Radar,0,64,57,5,126,0,5,59,4,68,0,69,116,9,194,121,0,121,315
12/07/2021,MKC,MO,ACE,CE,Towers with Radar,0,66,54,1,121,0,22,99,7,128,0,88,153,8,249,158,6,164,413
12/08/2021,MKC,MO,ACE,CE,Towers with Radar,0,61,56,1,118,0,9,43,5,57,0,70,99,6,175,86,0,86,261
12/09/2021,MKC,MO,ACE,CE,Towers with Radar,0,69,71,2,142,0,4,96,0,100,0,73,167,2,242,85,0,85,327
12/10/2021,MKC,MO,ACE,CE,Towers with Radar,0,48,59,0,107,0,6,21,0,27,0,54,80,0,134,48,0,48,182
12/11/2021,MKC,MO,ACE,CE,Towers with Radar,0,45,57,0,102,0,51,80,0,131,0,96,137,0,233,46,0,46,279
12/12/2021,MKC,MO,ACE,CE,Towers with Radar,0,47,67,0,114,0,27,82,0,109,0,74,149,0,223,22,0,22,245
12/13/2021,MKC,MO,ACE,CE,Towers with Radar,0,56,53,2,111,0,2,57,2,61,0,58,110,4,172,187,0,187,359
12/14/2021,MKC,MO,ACE,CE,Towers with Radar,0,58,61,2,121,1,13,47,1,62,1,71,108,3,183,184,0,184,367
12/15/2021,MKC,MO,ACE,CE,Towers with Radar,0,52,48,0,100,0,2,1,0,3,0,54,49,0,103,0,0,0,103
12/16/2021,MKC,MO,ACE,CE,Towers with Radar,0,53,75,0,128,0,8,139,0,147,0,61,214,0,275,144,0,144,419
12/17/2021,MKC,MO,ACE,CE,Towers with Radar,0,50,45,0,95,0,4,46,0,50,0,54,91,0,145,141,0,141,286
12/18/2021,MKC,MO,ACE,CE,Towers with Radar,0,31,46,0,77,0,10,59,0,69,0,41,105,0,146,34,0,34,180
12/19/2021,MKC,MO,ACE,CE,Towers with Radar,0,40,45,0,85,0,17,77,0,94,0,57,122,0,179,167,0,167,346
12/20/2021,MKC,MO,ACE,CE,Towers with Radar,0,40,53,2,95,0,12,79,0,91,0,52,132,2,186,196,0,196,382
12/21/2021,MKC,MO,ACE,CE,Towers with Radar,0,51,34,5,90,0,16,99,0,115,0,67,133,5,205,144,4,148,353
12/22/2021,MKC,MO,ACE,CE,Towers with Radar,0,59,42,2,103,0,21,107,3,131,0,80,149,5,234,217,0,217,451
12/23/2021,MKC,MO,ACE,CE,Towers with Radar,0,46,44,2,92,0,12,74,3,89,0,58,118,5,181,49,0,49,230
12/24/2021,MKC,MO,ACE,CE,Towers with Radar,0,29,17,0,46,0,1,34,0,35,0,30,51,0,81,16,0,16,97
12/25/2021,MKC,MO,ACE,CE,Towers with Radar,0,45,16,0,61,0,4,51,0,55,0,49,67,0,116,4,0,4,120
12/26/2021,MKC,MO,ACE,CE,Towers with Radar,0,51,73,1,125,0,6,21,1,28,0,57,94,2,153,0,0,0,153
12/27/2021,MKC,MO,ACE,CE,Towers with Radar,0,49,52,0,101,0,18,105,2,125,0,67,157,2,226,38,0,38,264
12/28/2021,MKC,MO,ACE,CE,Towers with Radar,0,53,33,2,88,0,8,55,0,63,0,61,88,2,151,49,0,49,200
12/29/2021,MKC,MO,ACE,CE,Towers with Radar,0,47,27,0,74,0,7,43,0,50,0,54,70,0,124,45,0,45,169
12/30/2021,MKC,MO,ACE,CE,Towers with Radar,0,54,46,0,100,0,7,66,1,74,0,61,112,1,174,34,0,34,208
12/31/2021,MKC,MO,ACE,CE,Towers with Radar,0,34,32,0,66,0,3,105,0,108,0,37,137,0,174,61,0,61,235
01/01/2022,MKC,MO,ACE,CE,Towers with Radar,0,19,4,0,23,0,0,0,0,0,0,19,4,0,23,0,0,0,23
01/02/2022,MKC,MO,ACE,CE,Towers with Radar,0,37,45,0,82,0,22,68,0,90,0,59,113,0,172,68,0,68,240
01/03/2022,MKC,MO,ACE,CE,Towers with Radar,0,48,40,0,88,0,13,83,2,98,0,61,123,2,186,140,0,140,326
01/04/2022,MKC,MO,ACE,CE,Towers with Radar,0,58,55,0,113,0,6,29,0,35,0,64,84,0,148,36,0,36,184
01/05/2022,MKC,MO,ACE,CE,Towers with Radar,0,52,30,1,83,0,2,49,3,54,0,54,79,4,137,39,0,39,176
01/06/2022,MKC,MO,ACE,CE,Towers with Radar,0,66,34,0,100,0,6,70,0,76,0,72,104,0,176,88,0,88,264
01/07/2022,MKC,MO,ACE,CE,Towers with Radar,0,50,33,0,83,0,16,79,1,96,0,66,112,1,179,77,2,79,258
01/08/2022,MKC,MO,ACE,CE,Towers with Radar,0,42,14,0,56,0,0,1,0,1,0,42,15,0,57,0,0,0,57
01/09/2022,MKC,MO,ACE,CE,Towers with Radar,0,33,40,0,73,0,6,62,1,69,0,39,102,1,142,166,0,166,308
01/10/2022,MKC,MO,ACE,CE,Towers with Radar,0,25,37,1,63,0,7,68,1,76,0,32,105,2,139,172,0,172,311
01/11/2022,MKC,MO,ACE,CE,Towers with Radar,0,48,47,0,95,0,4,64,1,69,0,52,111,1,164,170,0,170,334
01/12/2022,MKC,MO,ACE,CE,Towers with Radar,0,42,57,4,103,0,11,92,2,105,0,53,149,6,208,198,0,198,406
01/13/2022,MKC,MO,ACE,CE,Towers with Radar,0,61,55,0,116,0,10,102,0,112,0,71,157,0,228,153,0,153,381
01/14/2022,MKC,MO,ACE,CE,Towers with Radar,0,57,59,0,116,0,3,59,0,62,0,60,118,0,178,164,0,164,342
01/15/2022,MKC,MO,ACE,CE,Towers with Radar,0,39,24,0,63,0,0,0,0,0,0,39,24,0,63,0,0,0,63
01/16/2022,MKC,MO,ACE,CE,Towers with Radar,1,39,67,0,107,0,7,48,1,56,1,46,115,1,163,62,0,62,225
01/17/2022,MKC,MO,ACE,CE,Towers with Radar,1,45,77,0,123,0,10,66,0,76,1,55,143,0,199,239,0,239,438
01/18/2022,MKC,MO,ACE,CE,Towers with Radar,0,51,44,0,95,0,13,96,1,110,0,64,140,1,205,213,0,213,418
01/19/2022,MKC,MO,ACE,CE,Towers with Radar,0,52,53,3,108,0,5,59,2,66,0,57,112,5,174,46,1,47,221
01/20/2022,MKC,MO,ACE,CE,Towers with Radar,0,51,57,2,110,0,6,60,1,67,0,57,117,3,177,43,0,43,220
01/21/2022,MKC,MO,ACE,CE,Towers with Radar,0,35,59,0,94,0,4,74,1,79,0,39,133,1,173,119,0,119,292
01/22/2022,MKC,MO,ACE,CE,Towers with Radar,0,56,62,1,119,0,4,121,2,127,0,60,183,3,246,51,0,51,297
01/23/2022,MKC,MO,ACE,CE,Towers with Radar,0,80,112,1,193,0,10,71,0,81,0,90,183,1,274,78,0,78,352
01/24/2022,MKC,MO,ACE,CE,Towers with Radar,0,45,70,2,117,0,10,62,1,73,0,55,132,3,190,124,0,124,314
01/25/2022,MKC,MO,ACE,CE,Towers with Radar,0,53,70,0,123,0,10,80,0,90,0,63,150,0,213,76,0,76,289
01/26/2022,MKC,MO,ACE,CE,Towers with Radar,0,65,65,4,134,0,14,104,0,118,0,79,169,4,252,62,0,62,314
01/27/2022,MKC,MO,ACE,CE,Towers with Radar,0,52,81,0,133,0,5,85,0,90,0,57,166,0,223,96,0,96,319
01/28/2022,MKC,MO,ACE,CE,Towers with Radar,0,66,88,0,154,0,5,64,1,70,0,71,152,1,224,133,0,133,357
01/29/2022,MKC,MO,ACE,CE,Towers with Radar,0,78,81,0,159,0,0,88,0,88,0,78,169,0,247,111,8,119,366
01/30/2022,MKC,MO,ACE,CE,Towers with Radar,0,120,196,0,316,0,16,59,4,79,0,136,255,4,395,2,0,2,397
01/31/2022,MKC,MO,ACE,CE,Towers with Radar,0,49,87,0,136,0,8,73,6,87,0,57,160,6,223,154,0,154,377
02/01/2022,MKC,MO,ACE,CE,Towers with Radar,0,69,77,0,146,0,9,14,3,26,0,78,91,3,172,94,0,94,266
02/02/2022,MKC,MO,ACE,CE,Towers with Radar,0,26,13,0,39,0,3,1,1,5,0,29,14,1,44,0,0,0,44
02/03/2022,MKC,MO,ACE,CE,Towers with Radar,0,45,43,0,88,0,3,24,1,28,0,48,67,1,116,66,0,66,182
02/04/2022,MKC,MO,ACE,CE,Towers with Radar,0,48,44,0,92,0,10,89,0,99,0,58,133,0,191,66,0,66,257
02/05/2022,MKC,MO,ACE,CE,Towers with Radar,0,41,32,0,73,0,3,68,0,71,0,44,100,0,144,56,0,56,200
02/06/2022,MKC,MO,ACE,CE,Towers with Radar,0,28,27,0,55,0,4,100,2,106,0,32,127,2,161,67,0,67,228
02/07/2022,MKC,MO,ACE,CE,Towers with Radar,0,35,41,0,76,0,6,60,0,66,0,41,101,0,142,136,0,136,278
02/08/2022,MKC,MO,ACE,CE,Towers with Radar,0,55,66,1,122,0,10,76,0,86,0,65,142,1,208,154,0,154,362
02/09/2022,MKC,MO,ACE,CE,Towers with Radar,0,62,65,3,130,0,8,81,12,101,0,70,146,15,231,95,0,95,326
02/10/2022,MKC,MO,ACE,CE,Towers with Radar,0,70,66,1,137,0,0,83,1,84,0,70,149,2,221,76,0,76,297
02/11/2022,MKC,MO,ACE,CE,Towers with Radar,0,56,47,2,105,0,7,37,5,49,0,63,84,7,154,52,2,54,208
02/12/2022,MKC,MO,ACE,CE,Towers with Radar,0,44,24,0,68,0,2,94,0,96,0,46,118,0,164,69,0,69,233
02/13/2022,MKC,MO,ACE,CE,Towers with Radar,0,27,21,0,48,0,8,62,0,70,0,35,83,0,118,24,0,24,142
02/14/2022,MKC,MO,ACE,CE,Towers with Radar,0,28,46,0,74,0,18,72,0,90,0,46,118,0,164,106,0,106,270
02/15/2022,MKC,MO,ACE,CE,Towers with Radar,0,55,42,0,97,0,6,29,3,38,0,61,71,3,135,30,0,30,165
02/16/2022,MKC,MO,ACE,CE,Towers with Radar,0,59,63,0,122,0,3,16,0,19,0,62,79,0,141,2,0,2,143
02/17/2022,MKC,MO,ACE,CE,Towers with Radar,0,23,12,0,35,0,5,1,0,6,0,28,13,0,41,0,0,0,41
02/18/2022,MKC,MO,ACE,CE,Towers with Radar,0,57,60,1,118,0,3,66,1,70,0,60,126,2,188,16,0,16,204
02/19/2022,MKC,MO,ACE,CE,Towers with Radar,2,44,36,0,82,0,14,100,1,115,2,58,136,1,197,91,0,91,288
02/20/2022,MKC,MO,ACE,CE,Towers with Radar,0,33,34,0,67,0,11,82,3,96,0,44,116,3,163,82,0,82,245
02/21/2022,MKC,MO,ACE,CE,Towers with Radar,0,50,60,0,110,0,7,57,0,64,0,57,117,0,174,84,0,84,258
02/22/2022,MKC,MO,ACE,CE,Towers with Radar,2,64,55,4,125,0,4,10,0,14,2,68,65,4,139,16,0,16,155
02/23/2022,MKC,MO,ACE,CE,Towers with Radar,0,75,57,0,132,0,11,54,0,65,0,86,111,0,197,78,0,78,275
02/24/2022,MKC,MO,ACE,CE,Towers with Radar,0,48,31,0,79,0,0,0,0,0,0,48,31,0,79,0,0,0,79
02/25/2022,MKC,MO,ACE,CE,Towers with Radar,0,47,55,0,102,0,3,97,0,100,0,50,152,0,202,134,0,134,336
02/26/2022,MKC,MO,ACE,CE,Towers with Radar,2,37,30,0,69,0,11,122,2,135,2,48,152,2,204,110,0,110,314
02/27/2022,MKC,MO,ACE,CE,Towers with Radar,2,25,46,1,74,0,8,101,1,110,2,33,147,2,184,108,0,108,292
02/28/2022,MKC,MO,ACE,CE,Towers with Radar,0,48,61,2,111,0,6,82,3,91,0,54,143,5,202,73,0,73,275
03/01/2022,MKC,MO,ACE,CE,Towers with Radar,0,66,57,2,125,0,4,81,0,85,0,70,138,2,210,156,0,156,366
03/02/2022,MKC,MO,ACE,CE,Towers with Radar,0,57,76,1,134,0,4,103,2,109,0,61,179,3,243,106,0,106,349
03/03/2022,MKC,MO,ACE,CE,Towers with Radar,0,71,85,3,159,0,2,79,1,82,0,73,164,4,241,73,0,73,314
03/04/2022,MKC,MO,ACE,CE,Towers with Radar,2,56,61,0,119,0,4,59,4,67,2,60,120,4,186,125,0,125,311
03/05/2022,MKC,MO,ACE,CE,Towers with Radar,2,48,27,0,77,0,1,11,4,16,2,49,38,4,93,2,2,4,97
03/06/2022,MKC,MO,ACE,CE,Towers with Radar,0,42,37,0,79,0,2,31,1,34,0,44,68,1,113,104,0,104,217
03/07/2022,MKC,MO,ACE,CE,Towers with Radar,1,40,62,5,108,0,4,24,1,29,1,44,86,6,137,108,0,108,245
03/08/2022,MKC,MO,ACE,CE,Towers with Radar,8,50,90,2,150,0,6,71,5,82,8,56,161,7,232,99,0,99,331
03/09/2022,MKC,MO,ACE,CE,Towers with Radar,2,57,101,0,160,0,7,101,3,111,2,64,202,3,271,98,0,98,369
03/10/2022,MKC,MO,ACE,CE,Towers with Radar,0,39,39,0,78,0,0,0,0,0,0,39,39,0,78,0,0,0,78
03/11/2022,MKC,MO,ACE,CE,Towers with Radar,4,63,81,0,148,0,2,64,0,66,4,65,145,0,214,103,0,103,317
03/12/2022,MKC,MO,ACE,CE,Towers with Radar,9,62,87,1,159,0,3,72,0,75,9,65,159,1,234,91,0,91,325
03/13/2022,MKC,MO,ACE,CE,Towers with Radar,5,29,68,1,103,0,2,49,2,53,5,31,117,3,156,28,0,28,184
03/14/2022,MKC,MO,ACE,CE,Towers with Radar,0,43,38,0,81,0,4,64,1,69,0,47,102,1,150,81,0,81,231
03/15/2022,MKC,MO,ACE,CE,Towers with Radar,0,43,52,3,98,0,4,131,0,135,0,47,183,3,233,209,0,209,442
03/16/2022,MKC,MO,ACE,CE,Towers with Radar,0,70,76,0,146,0,12,116,2,130,0,82,192,2,276,76,0,76,352
03/17/2022,MKC,MO,ACE,CE,Towers with Radar,1,67,49,2,119,0,0,91,9,100,1,67,140,11,219,214,0,214,433
03/18/2022,MKC,MO,ACE,CE,Towers with Radar,2,46,30,0,78,0,0,2,0,2,2,46,32,0,80,0,0,0,80
03/19/2022,MKC,MO,ACE,CE,Towers with Radar,2,58,82,0,142,0,13,92,0,105,2,71,174,0,247,114,0,114,361
03/20/2022,MKC,MO,ACE,CE,Towers with Radar,0,72,66,0,138,0,4,60,0,64,0,76,126,0,202,44,0,44,246
03/21/2022,MKC,MO,ACE,CE,Towers with Radar,0,30,44,0,74,0,5,39,2,46,0,35,83,2,120,177,0,177,297
03/22/2022,MKC,MO,ACE,CE,Towers with Radar,0,58,68,0,126,0,0,3,0,3,0,58,71,0,129,90,0,90,219
03/23/2022,MKC,MO,ACE,CE,Towers with Radar,0,48,52,0,100,0,0,4,0,4,0,48,56,0,104,62,0,62,166
03/24/2022,MKC,MO,ACE,CE,Towers with Radar,0,53,55,0,108,0,0,21,0,21,0,53,76,0,129,234,0,234,363
03/25/2022,MKC,MO,ACE,CE,Towers with Radar,2,54,54,2,112,0,5,97,4,106,2,59,151,6,218,76,0,76,294
03/26/2022,MKC,MO,ACE,CE,Towers with Radar,2,49,53,0,104,0,8,103,0,111,2,57,156,0,215,94,0,94,309
03/27/2022,MKC,MO,ACE,CE,Towers with Radar,0,33,43,0,76,0,5,90,0,95,0,38,133,0,171,91,0,91,262
03/28/2022,MKC,MO,ACE,CE,Towers with Radar,0,33,64,2,99,0,4,67,0,71,0,37,131,2,170,99,0,99,269
03/29/2022,MKC,MO,ACE,CE,Towers with Radar,0,56,56,0,112,0,2,49,0,51,0,58,105,0,163,80,0,80,243
03/30/2022,MKC,MO,ACE,CE,Towers with Radar,0,73,40,1,114,0,4,10,0,14,0,77,50,1,128,26,0,26,154
03/31/2022,MKC,MO,ACE,CE,Towers with Radar,0,57,67,0,124,0,1,53,0,54,0,58,120,0,178,178,0,178,356
04/01/2022,MKC,MO,ACE,CE,Towers with Radar,2,70,86,0,158,0,12,126,1,139,2,82,212,1,297,109,0,109,406
04/02/2022,MKC,MO,ACE,CE,Towers with Radar,0,61,33,0,94,0,1,96,2,99,0,62,129,2,193,88,0,88,281
04/03/2022,MKC,MO,ACE,CE,Towers with Radar,2,31,59,0,92,0,2,86,1,89,2,33,145,1,181,76,0,76,257
04/04/2022,MKC,MO,ACE,CE,Towers with Radar,0,37,71,1,109,0,10,91,1,102,0,47,162,2,211,173,0,173,384
04/05/2022,MKC,MO,ACE,CE,Towers with Radar,4,70,98,5,177,0,1,47,2,50,4,71,145,7,227,134,0,134,361
04/06/2022,MKC,MO,ACE,CE,Towers with Radar,0,59,61,2,122,0,6,35,0,41,0,65,96,2,163,4,0,4,167
04/07/2022,MKC,MO,ACE,CE,Towers with Radar,0,53,68,1,122,0,4,20,1,25,0,57,88,2,147,0,0,0,147
04/08/2022,MKC,MO,ACE,CE,Towers with Radar,1,56,61,12,130,0,1,33,3,37,1,57,94,15,167,24,2,26,193
04/09/2022,MKC,MO,ACE,CE,Towers with Radar,3,47,59,0,109,0,11,154,2,167,3,58,213,2,276,76,2,78,354
04/10/2022,MKC,MO,ACE,CE,Towers with Radar,0,28,45,0,73,0,2,32,1,35,0,30,77,1,108,0,0,0,108
04/11/2022,MKC,MO,ACE,CE,Towers with Radar,4,42,77,0,123,0,4,113,0,117,4,46,190,0,240,218,0,218,458
04/12/2022,MKC,MO,ACE,CE,Towers with Radar,0,60,32,0,92,0,1,5,1,7,0,61,37,1,99,4,0,4,103
04/13/2022,MKC,MO,ACE,CE,Towers with Radar,0,60,65,0,125,0,2,89,1,92,0,62,154,1,217,119,0,119,336
04/14/2022,MKC,MO,ACE,CE,Towers with Radar,0,68,74,5,147,0,8,142,5,155,0,76,216,10,302,146,0,146,448
04/15/2022,MKC,MO,ACE,CE,Towers with Radar,0,51,53,2,106,0,9,148,0,157,0,60,201,2,263,239,0,239,502
04/16/2022,MKC,MO,ACE,CE,Towers with Radar,2,25,24,0,51,0,5,109,1,115,2,30,133,1,166,179,0,179,345
04/17/2022,MKC,MO,ACE,CE,Towers with Radar,0,26,13,0,39,0,0,3,0,3,0,26,16,0,42,0,0,0,42
04/18/2022,MKC,MO,ACE,CE,Towers with Radar,2,60,61,0,123,0,0,52,0,52,2,60,113,0,175,106,0,106,281
04/19/2022,MKC,MO,ACE,CE,Towers with Radar,0,64,89,2,155,0,3,103,2,108,0,67,192,4,263,166,0,166,429
04/20/2022,MKC,MO,ACE,CE,Towers with Radar,0,65,61,7,133,0,1,7,1,9,0,66,68,8,142,45,0,45,187
04/21/2022,MKC,MO,ACE,CE,Towers with Radar,4,51,74,3,132,0,2,94,0,96,4,53,168,3,228,90,0,90,318
04/22/2022,MKC,MO,ACE,CE,Towers with Radar,2,50,55,2,109,0,3,29,1,33,2,53,84,3,142,10,0,10,152
04/23/2022,MKC,MO,ACE,CE,Towers with Radar,1,36,27,0,64,0,1,8,2,11,1,37,35,2,75,4,2,6,81
04/24/2022,MKC,MO,ACE,CE,Towers with Radar,1,52,41,0,94,0,20,116,2,138,1,72,157,2,232,96,0,96,328
04/25/2022,MKC,MO,ACE,CE,Towers with Radar,0,40,52,0,92,0,23,112,0,135,0,63,164,0,227,154,0,154,381
04/26/2022,MKC,MO,ACE,CE,Towers with Radar,0,47,57,1,105,0,25,152,5,182,0,72,209,6,287,165,0,165,452
04/27/2022,MKC,MO,ACE,CE,Towers with Radar,0,52,94,1,147,1,9,101,2,113,1,61,195,3,260,92,0,92,352
04/28/2022,MKC,MO,ACE,CE,Towers with Radar,3,52,76,1,132,0,3,46,4,53,3,55,122,5,185,46,0,46,231
04/29/2022,MKC,MO,ACE,CE,Towers with Radar,3,56,45,2,106,0,4,10,1,15,3,60,55,3,121,26,0,26,147
04/30/2022,MKC,MO,ACE,CE,Towers with Radar,5,46,42,0,93,0,16,47,1,64,5,62,89,1,157,25,0,25,182
05/01/2022,MKC,MO,ACE,CE,Towers with Radar,3,40,56,0,99,0,11,86,4,101,3,51,142,4,200,105,0,105,305
05/02/2022,MKC,MO,ACE,CE,Towers with Radar,3,32,36,0,71,0,1,23,0,24,3,33,59,0,95,83,0,83,178
05/03/2022,MKC,MO,ACE,CE,Towers with Radar,0,67,82,1,150,0,0,8,2,10,0,67,90,3,160,90,0,90,250
05/04/2022,MKC,MO,ACE,CE,Towers with Radar,1,57,72,0,130,0,0,2,0,2,1,57,74,0,132,12,0,12,144
05/05/2022,MKC,MO,ACE,CE,Towers with Radar,2,64,50,2,118,0,0,0,0,0,2,64,50,2,118,9,0,9,127
05/06/2022,MKC,MO,ACE,CE,Towers with Radar,2,78,59,0,139,0,3,72,0,75,2,81,131,0,214,167,0,167,381
05/07/2022,MKC,MO,ACE,CE,Towers with Radar,0,41,50,1,92,0,11,120,3,134,0,52,170,4,226,117,0,117,343
05/08/2022,MKC,MO,ACE,CE,Towers with Radar,2,47,43,1,93,0,5,29,0,34,2,52,72,1,127,54,0,54,181
05/09/2022,MKC,MO,ACE,CE,Towers with Radar,1,35,47,3,86,0,4,47,0,51,1,39,94,3,137,75,0,75,212
05/10/2022,MKC,MO,ACE,CE,Towers with Radar,0,68,60,0,128,0,12,125,0,137,0,80,185,0,265,259,0,259,524
05/11/2022,MKC,MO,ACE,CE,Towers with Radar,1,62,71,0,134,0,6,123,2,131,1,68,194,2,265,166,0,166,431
05/12/2022,MKC,MO,ACE,CE,Towers with Radar,0,52,69,3,124,0,9,107,1,117,0,61,176,4,241,40,0,40,281
05/13/2022,MKC,MO,ACE,CE,Towers with Radar,2,52,55,0,109,0,1,86,1,88,2,53,141,1,197,84,0,84,281
05/14/2022,MKC,MO,ACE,CE,Towers with Radar,0,47,59,0,106,0,9,113,4,126,0,56,172,4,232,128,1,129,361
05/15/2022,MKC,MO,ACE,CE,Towers with Radar,6,36,51,0,93,0,1,29,1,31,6,37,80,1,124,65,0,65,189
05/16/2022,MKC,MO,ACE,CE,Towers with Radar,0,34,64,2,100,0,14,120,2,136,0,48,184,4,236,160,0,160,396
05/17/2022,MKC,MO,ACE,CE,Towers with Radar,1,68,90,2,161,0,14,96,1,111,1,82,186,3,272,128,0,128,400
05/18/2022,MKC,MO,ACE,CE,Towers with Radar,1,67,69,4,141,0,21,93,4,118,1,88,162,8,259,189,0,189,448
05/19/2022,MKC,MO,ACE,CE,Towers with Radar,4,73,75,2,154,0,3,138,11,152,4,76,213,13,306,163,0,163,469
05/20/2022,MKC,MO,ACE,CE,Towers with Radar,0,61,60,5,126,0,4,63,6,73,0,65,123,11,199,149,0,149,348
05/21/2022,MKC,MO,ACE,CE,Towers with Radar,2,35,32,2,71,0,10,56,3,69,2,45,88,5,140,96,2,98,238
05/22/2022,MKC,MO,ACE,CE,Towers with Radar,4,35,45,1,85,0,4,108,0,112,4,39,153,1,197,117,0,117,314
05/23/2022,MKC,MO,ACE,CE,Towers with Radar,2,50,45,2,99,0,2,90,0,92,2,52,135,2,191,119,0,119,310
05/24/2022,MKC,MO,ACE,CE,Towers with Radar,0,56,36,0,92,0,0,2,0,2,0,56,38,0,94,1,1,2,96
05/25/2022,MKC,MO,ACE,CE,Towers with Radar,1,47,59,0,107,0,0,3,0,3,1,47,62,0,110,16,0,16,126
05/26/2022,MKC,MO,ACE,CE,Towers with Radar,0,68,91,3,162,0,2,13,1,16,0,70,104,4,178,56,0,56,234
05/27/2022,MKC,MO,ACE,CE,Towers with Radar,3,46,86,0,135,0,7,170,0,177,3,53,256,0,312,58,0,58,370
05/28/2022,MKC,MO,ACE,CE,Towers with Radar,0,35,37,1,73,0,8,86,0,94,0,43,123,1,167,10,0,10,177
05/29/2022,MKC,MO,ACE,CE,Towers with Radar,2,37,18,0,57,0,3,31,2,36,2,40,49,2,93,0,0,0,93
05/30/2022,MKC,MO,ACE,CE,Towers with Radar,0,32,39,0,71,0,9,26,0,35,0,41,65,0,106,20,0,20,126
05/31/2022,MKC,MO,ACE,CE,Towers with Radar,0,42,35,0,77,0,1,6,0,7,0,43,41,0,84,60,0,60,144
06/01/2022,MKC,MO,ACE,CE,Towers with Radar,3,53,57,3,116,0,3,80,2,85,3,56,137,5,201,238,0,238,439
06/02/2022,MKC,MO,ACE,CE,Towers with Radar,2,62,81,2,147,0,12,149,4,165,2,74,230,6,312,137,0,137,449
06/03/2022,MKC,MO,ACE,CE,Towers with Radar,0,55,52,1,108,0,8,139,2,149,0,63,191,3,257,121,0,121,378
06/04/2022,MKC,MO,ACE,CE,Towers with Radar,0,32,42,1,75,0,1,58,0,59,0,33,100,1,134,69,1,70,204
06/05/2022,MKC,MO,ACE,CE,Towers with Radar,4,32,52,4,92,0,2,51,0,53,4,34,103,4,145,34,0,34,179
06/06/2022,MKC,MO,ACE,CE,Towers with Radar,2,41,56,0,99,0,2,73,3,78,2,43,129,3,177,92,0,92,269
06/07/2022,MKC,MO,ACE,CE,Towers with Radar,0,41,72,2,115,0,3,114,6,123,0,44,186,8,238,119,0,119,357
06/08/2022,MKC,MO,ACE,CE,Towers with Radar,1,66,63,5,135,0,11,71,7,89,1,77,134,12,224,98,0,98,322
06/09/2022,MKC,MO,ACE,CE,Towers with Radar,2,51,77,4,134,0,7,121,3,131,2,58,198,7,265,142,0,142,407
06/10/2022,MKC,MO,ACE,CE,Towers with Radar,0,58,42,0,100,0,7,93,1,101,0,65,135,1,201,64,0,64,265
06/11/2022,MKC,MO,ACE,CE,Towers with Radar,1,40,58,0,99,0,4,112,0,116,1,44,170,0,215,92,0,92,307
06/12/2022,MKC,MO,ACE,CE,Towers with Radar,5,45,62,0,112,0,4,59,2,65,5,49,121,2,177,62,0,62,239
06/13/2022,MKC,MO,ACE,CE,Towers with Radar,0,37,35,0,72,0,3,71,16,90,0,40,106,16,162,103,0,103,265
06/14/2022,MKC,MO,ACE,CE,Towers with Radar,0,63,63,1,127,0,2,79,14,95,0,65,142,15,222,49,0,49,271
06/15/2022,MKC,MO,ACE,CE,Towers with Radar,0,66,89,3,158,0,3,59,3,65,0,69,148,6,223,128,0,128,351
06/16/2022,MKC,MO,ACE,CE,Towers with Radar,0,57,57,0,114,0,6,123,13,142,0,63,180,13,256,196,2,198,454
06/17/2022,MKC,MO,ACE,CE,Towers with Radar,0,57,62,5,124,0,3,126,6,135,0,60,188,11,259,222,0,222,481
06/18/2022,MKC,MO,ACE,CE,Towers with Radar,2,48,43,1,94,0,2,97,3,102,2,50,140,4,196,109,0,109,305
06/19/2022,MKC,MO,ACE,CE,Towers with Radar,1,39,37,0,77,0,7,47,0,54,1,46,84,0,131,97,0,97,228
06/20/2022,MKC,MO,ACE,CE,Towers with Radar,1,41,79,0,121,0,9,134,0,143,1,50,213,0,264,141,0,141,405
06/21/2022,MKC,MO,ACE,CE,Towers with Radar,0,62,57,2,121,0,2,109,0,111,0,64,166,2,232,218,0,218,450
06/22/2022,MKC,MO,ACE,CE,Towers with Radar,0,85,67,2,154,0,10,134,0,144,0,95,201,2,298,177,0,177,475
06/23/2022,MKC,MO,ACE,CE,Towers with Radar,4,64,53,2,123,0,6,85,2,93,4,70,138,4,216,134,0,134,350
06/24/2022,MKC,MO,ACE,CE,Towers with Radar,3,59,45,0,107,0,4,57,0,61,3,63,102,0,168,69,0,69,237
06/25/2022,MKC,MO,ACE,CE,Towers with Radar,2,47,23,0,72,0,10,127,1,138,2,57,150,1,210,120,0,120,330
06/26/2022,MKC,MO,ACE,CE,Towers with Radar,2,44,47,0,93,0,4,106,0,110,2,48,153,0,203,104,0,104,307
06/27/2022,MKC,MO,ACE,CE,Towers with Radar,0,46,69,2,117,0,5,127,0,132,0,51,196,2,249,138,0,138,387
06/28/2022,MKC,MO,ACE,CE,Towers with Radar,0,62,57,2,121,0,13,178,3,194,0,75,235,5,315,238,0,238,553
06/29/2022,MKC,MO,ACE,CE,Towers with Radar,1,48,77,6,132,0,10,139,1,150,1,58,216,7,282,153,0,153,435
06/30/2022,MKC,MO,ACE,CE,Towers with Radar,2,60,92,0,154,0,18,111,2,131,2,78,203,2,285,209,0,209,494
07/01/2022,MKC,MO,ACE,CE,Towers with Radar,0,60,70,0,130,0,9,135,2,146,0,69,205,2,276,101,0,101,377
07/02/2022,MKC,MO,ACE,CE,Towers with Radar,2,32,26,0,60,0,7,18,0,25,2,39,44,0,85,14,0,14,99
07/03/2022,MKC,MO,ACE,CE,Towers with Radar,1,25,33,2,61,0,2,38,1,41,1,27,71,3,102,77,0,77,179
07/04/2022,MKC,MO,ACE,CE,Towers with Radar,1,22,14,0,37,0,8,69,0,77,1,30,83,0,114,70,0,70,184
07/05/2022,MKC,MO,ACE,CE,Towers with Radar,0,34,49,0,83,0,16,107,1,124,0,50,156,1,207,120,0,120,327
07/06/2022,MKC,MO,ACE,CE,Towers with Radar,2,57,46,3,108,0,10,139,2,151,2,67,185,5,259,189,0,189,448
07/07/2022,MKC,MO,ACE,CE,Towers with Radar,2,70,95,1,168,0,5,112,0,117,2,75,207,1,285,128,0,128,413
07/08/2022,MKC,MO,ACE,CE,Towers with Radar,0,69,78,1,148,0,8,69,1,78,0,77,147,2,226,156,0,156,382
07/09/2022,MKC,MO,ACE,CE,Towers with Radar,0,76,79,0,155,0,13,86,1,100,0,89,165,1,255,79,0,79,334
07/10/2022,MKC,MO,ACE,CE,Towers with Radar,3,60,76,0,139,0,6,92,3,101,3,66,168,3,240,115,0,115,355
07/11/2022,MKC,MO,ACE,CE,Towers with Radar,0,44,48,1,93,0,1,112,2,115,0,45,160,3,208,209,0,209,417
07/12/2022,MKC,MO,ACE,CE,Towers with Radar,1,57,73,2,133,0,16,134,3,153,1,73,207,5,286,165,0,165,451
07/13/2022,MKC,MO,ACE,CE,Towers with Radar,2,56,75,2,135,0,9,128,0,137,2,65,203,2,272,201,0,201,473
07/14/2022,MKC,MO,ACE,CE,Towers with Radar,2,66,72,1,141,0,5,125,0,130,2,71,197,1,271,154,0,154,425
07/15/2022,MKC,MO,ACE,CE,Towers with Radar,0,61,71,0,132,0,7,80,0,87,0,68,151,0,219,118,0,118,337
07/16/2022,MKC,MO,ACE,CE,Towers with Radar,2,34,50,0,86,0,4,74,0,78,2,38,124,0,164,214,0,214,378
07/17/2022,MKC,MO,ACE,CE,Towers with Radar,2,38,49,0,89,0,4,51,1,56,2,42,100,1,145,47,0,47,192
07/18/2022,MKC,MO,ACE,CE,Towers with Radar,2,42,55,1,100,0,2,109,0,111,2,44,164,1,211,266,0,266,477
07/19/2022,MKC,MO,ACE,CE,Towers with Radar,0,52,56,2,110,0,11,134,0,145,0,63,190,2,255,169,0,169,424
07/20/2022,MKC,MO,ACE,CE,Towers with Radar,0,49,62,2,113,0,9,147,8,164,0,58,209,10,277,136,0,136,413
07/21/2022,MKC,MO,ACE,CE,Towers with Radar,1,56,79,3,139,0,20,138,3,161,1,76,217,6,300,182,0,182,482
07/22/2022,MKC,MO,ACE,CE,Towers with Radar,3,53,57,2,115,0,19,120,4,143,3,72,177,6,258,178,0,178,436
07/23/2022,MKC,MO,ACE,CE,Towers with Radar,1,46,32,1,80,0,2,97,0,99,1,48,129,1,179,37,0,37,216
07/24/2022,MKC,MO,ACE,CE,Towers with Radar,1,35,41,0,77,0,1,76,4,81,1,36,117,4,158,139,0,139,297
07/25/2022,MKC,MO,ACE,CE,Towers with Radar,0,53,50,1,104,0,7,20,0,27,0,60,70,1,131,44,0,44,175
07/26/2022,MKC,MO,ACE,CE,Towers with Radar,2,50,57,0,109,0,1,33,3,37,2,51,90,3,146,133,0,133,279
07/27/2022,MKC,MO,ACE,CE,Towers with Radar,2,60,85,4,151,0,4,69,4,77,2,64,154,8,228,124,0,124,352
07/28/2022,MKC,MO,ACE,CE,Towers with Radar,2,56,75,2,135,0,1,70,1,72,2,57,145,3,207,164,0,164,371
07/29/2022,MKC,MO,ACE,CE,Towers with Radar,0,61,56,0,117,0,8,152,2,162,0,69,208,2,279,213,0,213,492
07/30/2022,MKC,MO,ACE,CE,Towers with Radar,2,49,52,0,103,0,13,102,9,124,2,62,154,9,227,167,0,167,394
07/31/2022,MKC,MO,ACE,CE,Towers with Radar,0,47,69,0,116,0,4,74,1,79,0,51,143,1,195,178,0,178,373
08/01/2022,MKC,MO,ACE,CE,Towers with Radar,0,29,41,1,71,0,10,166,2,178,0,39,207,3,249,130,0,130,379
08/02/2022,MKC,MO,ACE,CE,Towers with Radar,0,52,48,1,101,0,1,114,1,116,0,53,162,2,217,109,0,109,326
08/03/2022,MKC,MO,ACE,CE,Towers with Radar,3,48,36,0,87,0,10,56,0,66,3,58,92,0,153,187,0,187,340
08/04/2022,MKC,MO,ACE,CE,Towers with Radar,0,43,78,2,123,0,4,93,1,98,0,47,171,3,221,216,0,216,437
08/05/2022,MKC,MO,ACE,CE,Towers with Radar,1,46,69,1,117,0,5,104,5,114,1,51,173,6,231,170,0,170,401
08/06/2022,MKC,MO,ACE,CE,Towers with Radar,1,39,32,0,72,0,10,88,5,103,1,49,120,5,175,82,0,82,257
08/07/2022,MKC,MO,ACE,CE,Towers with Radar,5,30,48,4,87,0,9,98,0,107,5,39,146,4,194,86,0,86,280
08/08/2022,MKC,MO,ACE,CE,Towers with Radar,0,35,85,4,124,0,12,29,0,41,0,47,114,4,165,60,0,60,225
08/09/2022,MKC,MO,ACE,CE,Towers with Radar,0,66,59,1,126,0,4,149,0,153,0,70,208,1,279,191,0,191,470
08/10/2022,MKC,MO,ACE,CE,Towers with Radar,0,59,58,1,118,0,17,167,1,185,0,76,225,2,303,119,0,119,422
08/11/2022,MKC,MO,ACE,CE,Towers with Radar,2,56,64,0,122,0,9,184,2,195,2,65,248,2,317,174,0,174,491
08/12/2022,MKC,MO,ACE,CE,Towers with Radar,2,54,40,1,97,0,21,129,1,151,2,75,169,2,248,122,0,122,370
08/13/2022,MKC,MO,ACE,CE,Towers with Radar,0,60,33,0,93,0,2,94,0,96,0,62,127,0,189,81,0,81,270
08/14/2022,MKC,MO,ACE,CE,Towers with Radar,4,54,44,1,103,0,4,86,0,90,4,58,130,1,193,120,0,120,313
08/15/2022,MKC,MO,ACE,CE,Towers with Radar,0,48,42,0,90,0,3,84,0,87,0,51,126,0,177,113,0,113,290
08/16/2022,MKC,MO,ACE,CE,Towers with Radar,0,55,54,2,111,0,1,1,0,2,0,56,55,2,113,0,0,0,113
08/17/2022,MKC,MO,ACE,CE,Towers with Radar,0,57,55,1,113,0,7,124,2,133,0,64,179,3,246,132,0,132,378
08/18/2022,MKC,MO,ACE,CE,Towers with Radar,0,59,66,0,125,0,14,141,1,156,0,73,207,1,281,181,0,181,462
08/19/2022,MKC,MO,ACE,CE,Towers with Radar,1,58,42,0,101,0,0,54,3,57,1,58,96,3,158,69,0,69,227
08/20/2022,MKC,MO,ACE,CE,Towers with Radar,1,40,47,0,88,0,7,87,3,97,1,47,134,3,185,158,0,158,343
08/21/2022,MKC,MO,ACE,CE,Towers with Radar,7,37,42,0,86,0,9,93,7,109,7,46,135,7,195,79,0,79,274
08/22/2022,MKC,MO,ACE,CE,Towers with Radar,2,39,64,0,105,1,10,112,4,127,3,49,176,4,232,120,0,120,352
08/23/2022,MKC,MO,ACE,CE,Towers with Radar,0,48,66,3,117,0,11,146,0,157,0,59,212,3,274,152,0,152,426
08/24/2022,MKC,MO,ACE,CE,Towers with Radar,3,47,75,0,125,0,6,103,2,111,3,53,178,2,236,45,0,45,281
08/25/2022,MKC,MO,ACE,CE,Towers with Radar,3,72,77,2,154,0,6,105,4,115,3,78,182,6,269,131,0,131,400
08/26/2022,MKC,MO,ACE,CE,Towers with Radar,1,50,59,6,116,0,6,121,0,127,1,56,180,6,243,131,0,131,374
08/27/2022,MKC,MO,ACE,CE,Towers with Radar,1,43,38,1,83,0,11,90,6,107,1,54,128,7,190,52,0,52,242
08/28/2022,MKC,MO,ACE,CE,Towers with Radar,1,27,43,0,71,0,8,53,0,61,1,35,96,0,132,76,0,76,208
08/29/2022,MKC,MO,ACE,CE,Towers with Radar,2,36,45,0,83,0,1,67,0,68,2,37,112,0,151,97,0,97,248
08/30/2022,MKC,MO,ACE,CE,Towers with Radar,0,67,62,2,131,0,6,134,0,140,0,73,196,2,271,104,0,104,375
08/31/2022,MKC,MO,ACE,CE,Towers with Radar,0,51,79,1,131,0,15,142,4,161,0,66,221,5,292,197,0,197,489
09/01/2022,MKC,MO,ACE,CE,Towers with Radar,1,71,75,0,147,0,3,125,4,132,1,74,200,4,279,93,0,93,372
09/02/2022,MKC,MO,ACE,CE,Towers with Radar,1,64,47,1,113,0,9,102,2,113,1,73,149,3,226,179,0,179,405
09/03/2022,MKC,MO,ACE,CE,Towers with Radar,2,33,33,2,70,0,10,101,1,112,2,43,134,3,182,159,0,159,341
09/04/2022,MKC,MO,ACE,CE,Towers with Radar,2,30,43,0,75,0,8,33,0,41,2,38,76,0,116,20,0,20,136
09/05/2022,MKC,MO,ACE,CE,Towers with Radar,3,46,48,0,97,0,8,47,0,55,3,54,95,0,152,125,0,125,277
09/06/2022,MKC,MO,ACE,CE,Towers with Radar,1,73,73,1,148,0,9,126,3,138,1,82,199,4,286,213,0,213,499
09/07/2022,MKC,MO,ACE,CE,Towers with Radar,1,83,62,0,146,0,5,174,3,182,1,88,236,3,328,254,0,254,582
09/08/2022,MKC,MO,ACE,CE,Towers with Radar,1,66,57,0,124,0,11,131,5,147,1,77,188,5,271,257,0,257,528
09/09/2022,MKC,MO,ACE,CE,Towers with Radar,2,49,68,2,121,0,8,129,7,144,2,57,197,9,265,157,0,157,422
09/10/2022,MKC,MO,ACE,CE,Towers with Radar,0,40,55,4,99,0,2,93,3,98,0,42,148,7,197,11,0,11,208
09/11/2022,MKC,MO,ACE,CE,Towers with Radar,4,49,63,0,116,0,5,76,6,87,4,54,139,6,203,72,0,72,275
09/12/2022,MKC,MO,ACE,CE,Towers with Radar,2,49,69,0,120,0,9,118,1,128,2,58,187,1,248,149,0,149,397
09/13/2022,MKC,MO,ACE,CE,Towers with Radar,1,57,77,6,141,0,8,150,3,161,1,65,227,9,302,218,0,218,520
09/14/2022,MKC,MO,ACE,CE,Towers with Radar,1,74,84,1,160,0,18,143,2,163,1,92,227,3,323,203,0,203,526
09/15/2022,MKC,MO,ACE,CE,Towers with Radar,0,97,108,1,206,0,2,124,5,131,0,99,232,6,337,122,0,122,459
09/16/2022,MKC,MO,ACE,CE,Towers with Radar,3,66,82,1,152,0,9,131,4,144,3,75,213,5,296,181,0,181,477
09/17/2022,MKC,MO,ACE,CE,Towers with Radar,1,38,41,0,80,0,9,65,4,78,1,47,106,4,158,133,1,134,292
09/18/2022,MKC,MO,ACE,CE,Towers with Radar,2,42,53,0,97,0,11,75,0,86,2,53,128,0,183,38,0,38,221
09/19/2022,MKC,MO,ACE,CE,Towers with Radar,1,49,62,0,112,0,13,152,2,167,1,62,214,2,279,193,0,193,472
09/20/2022,MKC,MO,ACE,CE,Towers with Radar,0,69,72,3,144,0,18,120,5,143,0,87,192,8,287,154,2,156,443
09/21/2022,MKC,MO,ACE,CE,Towers with Radar,0,75,80,2,157,0,7,105,4,116,0,82,185,6,273,207,0,207,480
09/22/2022,MKC,MO,ACE,CE,Towers with Radar,2,56,88,0,146,0,14,114,0,128,2,70,202,0,274,195,0,195,469
09/23/2022,MKC,MO,ACE,CE,Towers with Radar,0,59,65,0,124,0,8,82,1,91,0,67,147,1,215,212,0,212,427
09/24/2022,MKC,MO,ACE,CE,Towers with Radar,0,34,44,0,78,0,18,135,4,157,0,52,179,4,235,146,0,146,381
09/25/2022,MKC,MO,ACE,CE,Towers with Radar,1,47,42,0,90,0,24,90,0,114,1,71,132,0,204,56,0,56,260
09/26/2022,MKC,MO,ACE,CE,Towers with Radar,2,37,44,0,83,0,8,118,2,128,2,45,162,2,211,185,0,185,396
09/27/2022,MKC,MO,ACE,CE,Towers with Radar,0,55,77,0,132,0,10,114,0,124,0,65,191,0,256,211,0,211,467
09/28/2022,MKC,MO,ACE,CE,Towers with Radar,0,65,69,0,134,0,16,120,0,136,0,81,189,0,270,141,0,141,411
09/29/2022,MKC,MO,ACE,CE,Towers with Radar,0,54,57,0,111,0,8,121,1,130,0,62,178,1,241,300,0,300,541
09/30/2022,MKC,MO,ACE,CE,Towers with Radar,2,68,84,0,154,0,19,129,0,148,2,87,213,0,302,163,0,163,465
10/01/2022,MKC,MO,ACE,CE,Towers with Radar,2,35,40,0,77,0,25,103,0,128,2,60,143,0,205,175,0,175,380
10/02/2022,MKC,MO,ACE,CE,Towers with Radar,2,39,55,0,96,0,6,87,2,95,2,45,142,2,191,129,0,129,320
10/03/2022,MKC,MO,ACE,CE,Towers with Radar,0,49,60,1,110,0,10,99,2,111,0,59,159,3,221,271,0,271,492
10/04/2022,MKC,MO,ACE,CE,Towers with Radar,0,56,62,0,118,0,6,132,0,138,0,62,194,0,256,227,0,227,483
10/05/2022,MKC,MO,ACE,CE,Towers with Radar,2,84,62,0,148,0,15,102,1,118,2,99,164,1,266,128,0,128,394
10/06/2022,MKC,MO,ACE,CE,Towers with Radar,0,88,56,4,148,0,11,126,1,138,0,99,182,5,286,166,0,166,452
10/07/2022,MKC,MO,ACE,CE,Towers with Radar,1,63,50,0,114,0,3,133,1,137,1,66,183,1,251,234,0,234,485
10/08/2022,MKC,MO,ACE,CE,Towers with Radar,1,40,39,0,80,0,20,138,3,161,1,60,177,3,241,115,0,115,356
10/09/2022,MKC,MO,ACE,CE,Towers with Radar,2,53,54,0,109,0,10,103,3,116,2,63,157,3,225,87,0,87,312
10/10/2022,MKC,MO,ACE,CE,Towers with Radar,0,57,98,3,158,0,10,109,1,120,0,67,207,4,278,130,0,130,408
10/11/2022,MKC,MO,ACE,CE,Towers with Radar,0,63,96,1,160,0,8,42,0,50,0,71,138,1,210,34,0,34,244
10/12/2022,MKC,MO,ACE,CE,Towers with Radar,0,62,87,2,151,0,7,74,0,81,0,69,161,2,232,86,0,86,318
10/13/2022,MKC,MO,ACE,CE,Towers with Radar,0,79,57,0,136,0,7,73,3,83,0,86,130,3,219,104,0,104,323
10/14/2022,MKC,MO,ACE,CE,Towers with Radar,0,69,64,3,136,0,6,92,0,98,0,75,156,3,234,182,0,182,416
10/15/2022,MKC,MO,ACE,CE,Towers with Radar,0,42,70,0,112,0,13,156,2,171,0,55,226,2,283,173,0,173,456
10/16/2022,MKC,MO,ACE,CE,Towers with Radar,0,82,128,2,212,0,7,97,0,104,0,89,225,2,316,46,0,46,362
10/17/2022,MKC,MO,ACE,CE,Towers with Radar,0,41,85,2,128,0,9,112,0,121,0,50,197,2,249,144,0,144,393
10/18/2022,MKC,MO,ACE,CE,Towers with Radar,0,64,88,0,152,0,15,102,0,117,0,79,190,0,269,220,0,220,489
10/19/2022,MKC,MO,ACE,CE,Towers with Radar,0,68,85,0,153,0,9,113,0,122,0,77,198,0,275,176,0,176,451
10/20/2022,MKC,MO,ACE,CE,Towers with Radar,1,53,74,0,128,0,12,133,0,145,1,65,207,0,273,206,0,206,479
10/21/2022,MKC,MO,ACE,CE,Towers with Radar,5,63,69,0,137,0,16,101,1,118,5,79,170,1,255,252,0,252,507
10/22/2022,MKC,MO,ACE,CE,Towers with Radar,0,44,32,0,76,0,5,51,0,56,0,49,83,0,132,74,0,74,206
10/23/2022,MKC,MO,ACE,CE,Towers with Radar,0,51,29,0,80,0,4,12,0,16,0,55,41,0,96,0,0,0,96
10/24/2022,MKC,MO,ACE,CE,Towers with Radar,2,48,49,2,101,0,0,7,0,7,2,48,56,2,108,51,0,51,159
10/25/2022,MKC,MO,ACE,CE,Towers with Radar,0,60,61,0,121,0,10,101,0,111,0,70,162,0,232,166,0,166,398
10/26/2022,MKC,MO,ACE,CE,Towers with Radar,0,64,91,1,156,0,14,126,1,141,0,78,217,2,297,202,0,202,499
10/27/2022,MKC,MO,ACE,CE,Towers with Radar,0,50,69,0,119,0,5,113,0,118,0,55,182,0,237,173,0,173,410
10/28/2022,MKC,MO,ACE,CE,Towers with Radar,0,57,49,4,110,0,8,120,2,130,0,65,169,6,240,189,0,189,429
10/29/2022,MKC,MO,ACE,CE,Towers with Radar,0,45,37,0,82,0,7,131,2,140,0,52,168,2,222,160,0,160,382
10/30/2022,MKC,MO,ACE,CE,Towers with Radar,0,49,43,0,92,0,9,81,0,90,0,58,124,0,182,138,0,138,320
10/31/2022,MKC,MO,ACE,CE,Towers with Radar,0,42,46,0,88,0,5,101,0,106,0,47,147,0,194,296,0,296,490
11/01/2022,MKC,MO,ACE,CE,Towers with Radar,0,72,57,0,129,0,18,125,0,143,0,90,182,0,272,181,0,181,453
11/02/2022,MKC,MO,ACE,CE,Towers with Radar,0,69,56,1,126,0,11,137,2,150,0,80,193,3,276,155,0,155,431
11/03/2022,MKC,MO,ACE,CE,Towers with Radar,0,76,78,0,154,0,16,55,1,72,0,92,133,1,226,18,0,18,244
11/04/2022,MKC,MO,ACE,CE,Towers with Radar,0,53,38,0,91,0,2,0,0,2,0,55,38,0,93,0,0,0,93
11/05/2022,MKC,MO,ACE,CE,Towers with Radar,0,65,36,0,101,0,12,73,0,85,0,77,109,0,186,64,0,64,250
11/06/2022,MKC,MO,ACE,CE,Towers with Radar,0,65,104,0,169,2,15,134,1,152,2,80,238,1,321,149,0,149,470
11/07/2022,MKC,MO,ACE,CE,Towers with Radar,0,61,73,0,134,0,13,128,1,142,0,74,201,1,276,169,0,169,445
11/08/2022,MKC,MO,ACE,CE,Towers with Radar,0,55,91,2,148,0,3,55,0,58,0,58,146,2,206,210,0,210,416
11/09/2022,MKC,MO,ACE,CE,Towers with Radar,0,56,93,0,149,0,7,30,0,37,0,63,123,0,186,83,0,83,269
11/10/2022,MKC,MO,ACE,CE,Towers with Radar,0,71,46,0,117,0,3,18,2,23,0,74,64,2,140,19,0,19,159
11/11/2022,MKC,MO,ACE,CE,Towers with Radar,0,63,50,1,114,0,9,110,3,122,0,72,160,4,236,144,0,144,380
11/12/2022,MKC,MO,ACE,CE,Towers with Radar,0,55,35,1,91,0,3,71,0,74,0,58,106,1,165,205,0,205,370
11/13/2022,MKC,MO,ACE,CE,Towers with Radar,0,54,84,0,138,0,9,91,0,100,0,63,175,0,238,127,0,127,365
11/14/2022,MKC,MO,ACE,CE,Towers with Radar,0,32,45,0,77,0,3,95,0,98,0,35,140,0,175,171,0,171,346
11/15/2022,MKC,MO,ACE,CE,Towers with Radar,0,55,65,0,120,0,3,48,0,51,0,58,113,0,171,130,0,130,301
11/16/2022,MKC,MO,ACE,CE,Towers with Radar,0,52,68,2,122,0,9,95,0,104,0,61,163,2,226,71,0,71,297
11/17/2022,MKC,MO,ACE,CE,Towers with Radar,1,64,50,0,115,0,10,104,0,114,1,74,154,0,229,179,0,179,408
11/18/2022,MKC,MO,ACE,CE,Towers with Radar,0,56,80,1,137,0,5,95,0,100,0,61,175,1,237,116,0,116,353
11/19/2022,MKC,MO,ACE,CE,Towers with Radar,0,42,36,0,78,0,7,120,1,128,0,49,156,1,206,115,0,115,321
11/20/2022,MKC,MO,ACE,CE,Towers with Radar,0,40,49,1,90,0,14,85,0,99,0,54,134,1,189,146,0,146,335
11/21/2022,MKC,MO,ACE,CE,Towers with Radar,0,45,53,0,98,0,2,107,1,110,0,47,160,1,208,104,0,104,312
11/22/2022,MKC,MO,ACE,CE,Towers with Radar,0,62,58,0,120,0,10,152,3,165,0,72,210,3,285,172,0,172,457
11/23/2022,MKC,MO,ACE,CE,Towers with Radar,0,53,26,4,83,0,13,92,2,107,0,66,118,6,190,123,0,123,313
11/24/2022,MKC,MO,ACE,CE,Towers with Radar,0,29,9,0,38,0,6,8,0,14,0,35,17,0,52,20,0,20,72
11/25/2022,MKC,MO,ACE,CE,Towers with Radar,0,39,20,0,59,0,6,99,3,108,0,45,119,3,167,65,3,68,235
11/26/2022,MKC,MO,ACE,CE,Towers with Radar,0,65,36,0,101,0,2,71,2,75,0,67,107,2,176,47,2,49,225
11/27/2022,MKC,MO,ACE,CE,Towers with Radar,0,50,78,0,128,0,4,36,2,42,0,54,114,2,170,98,0,98,268
11/28/2022,MKC,MO,ACE,CE,Towers with Radar,0,66,64,2,132,0,10,87,3,100,0,76,151,5,232,109,0,109,341
11/29/2022,MKC,MO,ACE,CE,Towers with Radar,0,60,31,0,91,3,2,19,0,24,3,62,50,0,115,14,0,14,129
11/30/2022,MKC,MO,ACE,CE,Towers with Radar,0,60,67,0,127,0,12,142,3,157,0,72,209,3,284,112,0,112,396
12/01/2022,MKC,MO,ACE,CE,Towers with Radar,0,75,57,0,132,0,10,170,4,184,0,85,227,4,316,129,0,129,445
12/02/2022,MKC,MO,ACE,CE,Towers with Radar,0,68,56,2,126,0,3,7,1,11,0,71,63,3,137,4,0,4,141
12/03/2022,MKC,MO,ACE,CE,Towers with Radar,0,44,41,3,88,0,13,146,10,169,0,57,187,13,257,82,0,82,339
12/04/2022,MKC,MO,ACE,CE,Towers with Radar,0,48,50,0,98,0,7,82,2,91,0,55,132,2,189,139,0,139,328
12/05/2022,MKC,MO,ACE,CE,Towers with Radar,0,35,51,2,88,0,11,98,3,112,0,46,149,5,200,157,0,157,357
12/06/2022,MKC,MO,ACE,CE,Towers with Radar,0,69,51,1,121,0,14,23,8,45,0,83,74,9,166,180,0,180,346
12/07/2022,MKC,MO,ACE,CE,Towers with Radar,0,69,69,0,138,0,11,69,0,80,0,80,138,0,218,253,0,253,471
12/08/2022,MKC,MO,ACE,CE,Towers with Radar,0,67,43,0,110,0,0,0,0,0,0,67,43,0,110,0,0,0,110
12/09/2022,MKC,MO,ACE,CE,Towers with Radar,0,62,48,2,112,0,1,9,0,10,0,63,57,2,122,211,0,211,333
12/10/2022,MKC,MO,ACE,CE,Towers with Radar,0,48,42,2,92,0,7,18,0,25,0,55,60,2,117,39,0,39,156
12/11/2022,MKC,MO,ACE,CE,Towers with Radar,0,23,44,0,67,0,1,10,0,11,0,24,54,0,78,20,0,20,98
12/12/2022,MKC,MO,ACE,CE,Towers with Radar,0,50,43,0,93,0,0,0,0,0,0,50,43,0,93,22,0,22,115
12/13/2022,MKC,MO,ACE,CE,Towers with Radar,0,58,47,0,105,0,0,8,0,8,0,58,55,0,113,18,0,18,131
12/14/2022,MKC,MO,ACE,CE,Towers with Radar,0,70,72,0,142,0,14,206,1,221,0,84,278,1,363,147,0,147,510
12/15/2022,MKC,MO,ACE,CE,Towers with Radar,0,53,44,1,98,0,6,80,6,92,0,59,124,7,190,15,0,15,205
12/16/2022,MKC,MO,ACE,CE,Towers with Radar,0,51,58,0,109,0,12,122,8,142,0,63,180,8,251,31,0,31,282
12/17/2022,MKC,MO,ACE,CE,Towers with Radar,0,43,40,0,83,0,6,158,2,166,0,49,198,2,249,76,0,76,325
12/18/2022,MKC,MO,ACE,CE,Towers with Radar,0,35,45,0,80,0,21,136,1,158,0,56,181,1,238,199,0,199,437
12/19/2022,MKC,MO,ACE,CE,Towers with Radar,2,43,39,0,84,0,5,29,0,34,2,48,68,0,118,43,0,43,161
12/20/2022,MKC,MO,ACE,CE,Towers with Radar,0,61,49,0,110,1,7,18,1,27,1,68,67,1,137,82,0,82,219
12/21/2022,MKC,MO,ACE,CE,Towers with Radar,0,78,58,0,136,0,3,37,3,43,0,81,95,3,179,147,2,149,328
12/22/2022,MKC,MO,ACE,CE,Towers with Radar,0,23,11,0,34,0,0,1,0,1,0,23,12,0,35,0,0,0,35
12/23/2022,MKC,MO,ACE,CE,Towers with Radar,0,40,25,0,65,0,3,22,0,25,0,43,47,0,90,0,0,0,90
12/24/2022,MKC,MO,ACE,CE,Towers with Radar,0,48,21,0,69,0,10,25,2,37,0,58,46,2,106,2,0,2,108
12/25/2022,MKC,MO,ACE,CE,Towers with Radar,0,30,13,0,43,0,8,14,0,22,0,38,27,0,65,6,0,6,71
12/26/2022,MKC,MO,ACE,CE,Towers with Radar,2,62,51,0,115,0,8,19,0,27,2,70,70,0,142,13,0,13,155
12/27/2022,MKC,MO,ACE,CE,Towers with Radar,0,53,62,1,116,0,5,107,5,117,0,58,169,6,233,107,2,109,342
12/28/2022,MKC,MO,ACE,CE,Towers with Radar,2,66,45,2,115,0,5,84,2,91,2,71,129,4,206,77,1,78,284
12/29/2022,MKC,MO,ACE,CE,Towers with Radar,2,50,46,0,98,0,13,59,0,72,2,63,105,0,170,29,0,29,199
12/30/2022,MKC,MO,ACE,CE,Towers with Radar,2,40,64,0,106,0,11,144,3,158,2,51,208,3,264,127,0,127,391
12/31/2022,MKC,MO,ACE,CE,Towers with Radar,0,35,31,0,66,0,7,147,0,154,0,42,178,0,220,140,0,140,360
01/01/2023,MKC,MO,ACE,CE,Towers with Radar,0,46,61,0,107,0,17,68,0,85,0,63,129,0,192,77,0,77,269
01/02/2023,MKC,MO,ACE,CE,Towers with Radar,0,23,30,0,53,0,1,4,0,5,0,24,34,0,58,0,0,0,58
01/03/2023,MKC,MO,ACE,CE,Towers with Radar,0,58,44,0,102,0,4,21,3,28,0,62,65,3,130,70,0,70,200
01/04/2023,MKC,MO,ACE,CE,Towers with Radar,0,59,39,0,98,0,24,118,0,142,0,83,157,0,240,54,0,54,294
01/05/2023,MKC,MO,ACE,CE,Towers with Radar,0,60,57,0,117,0,0,122,1,123,0,60,179,1,240,50,0,50,290
01/06/2023,MKC,MO,ACE,CE,Towers with Radar,0,56,34,1,91,0,5,128,1,134,0,61,162,2,225,179,0,179,404
01/07/2023,MKC,MO,ACE,CE,Towers with Radar,0,36,23,1,60,0,3,41,0,44,0,39,64,1,104,209,0,209,313
01/08/2023,MKC,MO,ACE,CE,Towers with Radar,0,46,52,0,98,0,17,139,1,157,0,63,191,1,255,128,0,128,383
01/09/2023,MKC,MO,ACE,CE,Towers with Radar,0,25,48,4,77,0,14,133,1,148,0,39,181,5,225,164,0,164,389
01/10/2023,MKC,MO,ACE,CE,Towers with Radar,0,58,37,3,98,0,14,150,2,166,0,72,187,5,264,257,4,261,525
01/11/2023,MKC,MO,ACE,CE,Towers with Radar,0,62,50,2,114,0,11,115,1,127,0,73,165,3,241,149,0,149,390
01/12/2023,MKC,MO,ACE,CE,Towers with Radar,0,56,40,3,99,0,1,8,4,13,0,57,48,7,112,40,3,43,155
01/13/2023,MKC,MO,ACE,CE,Towers with Radar,0,57,45,0,102,0,8,78,2,88,0,65,123,2,190,173,0,173,363
01/14/2023,MKC,MO,ACE,CE,Towers with Radar,0,32,44,0,76,0,23,141,0,164,0,55,185,0,240,129,0,129,369
01/15/2023,MKC,MO,ACE,CE,Towers with Radar,0,22,29,0,51,0,14,85,0,99,0,36,114,0,150,53,0,53,203
01/16/2023,MKC,MO,ACE,CE,Towers with Radar,0,31,36,0,67,0,19,66,1,86,0,50,102,1,153,104,0,104,257
01/17/2023,MKC,MO,ACE,CE,Towers with Radar,0,49,53,0,102,0,14,82,0,96,0,63,135,0,198,261,0,261,459
01/18/2023,MKC,MO,ACE,CE,Towers with Radar,0,62,36,0,98,0,2,1,0,3,0,64,37,0,101,0,0,0,101
01/19/2023,MKC,MO,ACE,CE,Towers with Radar,0,51,35,0,86,0,0,13,1,14,0,51,48,1,100,52,1,53,153
01/20/2023,MKC,MO,ACE,CE,Towers with Radar,0,46,53,2,101,0,9,131,11,151,0,55,184,13,252,314,0,314,566
01/21/2023,MKC,MO,ACE,CE,Towers with Radar,0,60,68,0,128,0,1,44,2,47,0,61,112,2,175,91,0,91,266
01/22/2023,MKC,MO,ACE,CE,Towers with Radar,0,38,33,1,72,0,0,2,0,2,0,38,35,1,74,0,0,0,74
01/23/2023,MKC,MO,ACE,CE,Towers with Radar,0,34,57,2,93,0,13,132,4,149,0,47,189,6,242,230,8,238,480
01/24/2023,MKC,MO,ACE,CE,Towers with Radar,0,56,40,0,96,0,1,80,1,82,0,57,120,1,178,146,0,146,324
01/25/2023,MKC,MO,ACE,CE,Towers with Radar,0,50,34,0,84,0,0,13,1,14,0,50,47,1,98,53,0,53,151
01/26/2023,MKC,MO,ACE,CE,Towers with Radar,0,54,71,0,125,0,12,144,7,163,0,66,215,7,288,124,0,124,412
01/27/2023,MKC,MO,ACE,CE,Towers with Radar,0,51,56,0,107,0,5,124,1,130,0,56,180,1,237,167,0,167,404
01/28/2023,MKC,MO,ACE,CE,Towers with Radar,1,66,57,0,124,0,11,106,0,117,1,77,163,0,241,106,0,106,347
01/29/2023,MKC,MO,ACE,CE,Towers with Radar,3,101,133,0,237,0,9,32,2,43,3,110,165,2,280,33,0,33,313
01/30/2023,MKC,MO,ACE,CE,Towers with Radar,0,61,96,0,157,0,12,71,0,83,0,73,167,0,240,218,0,218,458
01/31/2023,MKC,MO,ACE,CE,Towers with Radar,0,52,37,4,93,0,9,91,0,100,0,61,128,4,193,119,0,119,312
02/01/2023,MKC,MO,ACE,CE,Towers with Radar,0,52,45,0,97,0,13,119,5,137,0,65,164,5,234,139,0,139,373
02/02/2023,MKC,MO,ACE,CE,Towers with Radar,0,58,64,1,123,0,5,107,0,112,0,63,171,1,235,114,0,114,349
02/03/2023,MKC,MO,ACE,CE,Towers with Radar,0,50,46,9,105,0,9,95,6,110,0,59,141,15,215,204,0,204,419
02/04/2023,MKC,MO,ACE,CE,Towers with Radar,0,42,27,0,69,0,6,70,3,79,0,48,97,3,148,38,0,38,186
02/05/2023,MKC,MO,ACE,CE,Towers with Radar,0,20,48,0,68,0,10,145,3,158,0,30,193,3,226,177,0,177,403
02/06/2023,MKC,MO,ACE,CE,Towers with Radar,0,30,53,2,85,0,12,36,1,49,0,42,89,3,134,53,0,53,187
02/07/2023,MKC,MO,ACE,CE,Towers with Radar,0,55,57,0,112,0,11,135,4,150,0,66,192,4,262,146,0,146,408
02/08/2023,MKC,MO,ACE,CE,Towers with Radar,0,57,47,1,105,0,2,36,4,42,0,59,83,5,147,218,0,218,365
02/09/2023,MKC,MO,ACE,CE,Towers with Radar,0,51,34,0,85,0,2,21,2,25,0,53,55,2,110,57,0,57,167
02/10/2023,MKC,MO,ACE,CE,Towers with Radar,0,49,55,0,104,0,16,119,3,138,0,65,174,3,242,277,0,277,519
02/11/2023,MKC,MO,ACE,CE,Towers with Radar,2,42,40,0,84,0,29,158,2,189,2,71,198,2,273,260,0,260,533
02/12/2023,MKC,MO,ACE,CE,Towers with Radar,2,21,20,0,43,0,28,110,0,138,2,49,130,0,181,54,0,54,235
02/13/2023,MKC,MO,ACE,CE,Towers with Radar,4,58,77,2,141,0,27,135,3,165,4,85,212,5,306,108,0,108,414
02/14/2023,MKC,MO,ACE,CE,Towers with Radar,0,63,31,0,94,0,3,16,2,21,0,66,47,2,115,64,0,64,179
02/15/2023,MKC,MO,ACE,CE,Towers with Radar,0,58,45,5,108,0,6,65,3,74,0,64,110,8,182,98,0,98,280
02/16/2023,MKC,MO,ACE,CE,Towers with Radar,0,66,44,0,110,0,2,3,0,5,0,68,47,0,115,0,0,0,115
02/17/2023,MKC,MO,ACE,CE,Towers with Radar,2,56,79,0,137,0,7,154,2,163,2,63,233,2,300,135,0,135,435
02/18/2023,MKC,MO,ACE,CE,Towers with Radar,0,41,35,0,76,0,13,76,0,89,0,54,111,0,165,66,0,66,231
02/19/2023,MKC,MO,ACE,CE,Towers with Radar,2,33,41,0,76,0,10,141,0,151,2,43,182,0,227,153,0,153,380
02/20/2023,MKC,MO,ACE,CE,Towers with Radar,0,58,89,0,147,0,27,124,0,151,0,85,213,0,298,143,0,143,441
02/21/2023,MKC,MO,ACE,CE,Towers with Radar,0,50,60,4,114,0,18,112,11,141,0,68,172,15,255,171,8,179,434
02/22/2023,MKC,MO,ACE,CE,Towers with Radar,0,51,55,0,106,0,13,58,0,71,0,64,113,0,177,15,0,15,192
02/23/2023,MKC,MO,ACE,CE,Towers with Radar,0,69,60,1,130,0,23,91,1,115,0,92,151,2,245,98,0,98,343
02/24/2023,MKC,MO,ACE,CE,Towers with Radar,0,45,62,0,107,0,9,86,2,97,0,54,148,2,204,86,0,86,290
02/25/2023,MKC,MO,ACE,CE,Towers with Radar,0,47,42,0,89,0,6,127,4,137,0,53,169,4,226,108,6,114,340
02/26/2023,MKC,MO,ACE,CE,Towers with Radar,0,43,42,0,85,0,3,0,0,3,0,46,42,0,88,12,0,12,100
02/27/2023,MKC,MO,ACE,CE,Towers with Radar,0,23,41,2,66,0,14,40,0,54,0,37,81,2,120,88,0,88,208
02/28/2023,MKC,MO,ACE,CE,Towers with Radar,2,53,62,6,123,0,22,136,3,161,2,75,198,9,284,162,10,172,456
03/01/2023,MKC,MO,ACE,CE,Towers with Radar,0,63,71,2,136,0,19,153,4,176,0,82,224,6,312,173,2,175,487
03/02/2023,MKC,MO,ACE,CE,Towers with Radar,0,54,62,5,121,0,5,92,3,100,0,59,154,8,221,141,0,141,362
03/03/2023,MKC,MO,ACE,CE,Towers with Radar,2,62,47,0,111,0,25,64,0,89,2,87,111,0,200,93,0,93,293
03/04/2023,MKC,MO,ACE,CE,Towers with Radar,0,39,42,0,81,0,17,137,6,160,0,56,179,6,241,161,0,161,402
03/05/2023,MKC,MO,ACE,CE,Towers with Radar,2,43,31,2,78,0,14,69,0,83,2,57,100,2,161,28,0,28,189
03/06/2023,MKC,MO,ACE,CE,Towers with Radar,0,49,57,0,106,0,21,102,0,123,0,70,159,0,229,96,0,96,325
03/07/2023,MKC,MO,ACE,CE,Towers with Radar,10,45,52,2,109,0,11,67,0,78,10,56,119,2,187,90,0,90,277
03/08/2023,MKC,MO,ACE,CE,Towers with Radar,5,77,65,0,147,0,0,0,0,0,5,77,65,0,147,0,0,0,147
03/09/2023,MKC,MO,ACE,CE,Towers with Radar,6,65,53,2,126,0,2,2,2,6,6,67,55,4,132,33,0,33,165
03/10/2023,MKC,MO,ACE,CE,Towers with Radar,4,61,82,0,147,0,21,112,1,134,4,82,194,1,281,160,0,160,441
03/11/2023,MKC,MO,ACE,CE,Towers with Radar,6,55,37,0,98,0,0,5,0,5,6,55,42,0,103,0,0,0,103
03/12/2023,MKC,MO,ACE,CE,Towers with Radar,3,29,47,0,79,0,16,98,0,114,3,45,145,0,193,113,0,113,306
03/13/2023,MKC,MO,ACE,CE,Towers with Radar,0,23,47,1,71,0,16,85,0,101,0,39,132,1,172,118,0,118,290
03/14/2023,MKC,MO,ACE,CE,Towers with Radar,0,46,59,1,106,0,33,199,0,232,0,79,258,1,338,145,0,145,483
03/15/2023,MKC,MO,ACE,CE,Towers with Radar,0,66,39,0,105,0,19,88,1,108,0,85,127,1,213,100,0,100,313
03/16/2023,MKC,MO,ACE,CE,Towers with Radar,0,54,30,0,84,0,6,3,0,9,0,60,33,0,93,33,0,33,126
03/17/2023,MKC,MO,ACE,CE,Towers with Radar,4,40,54,0,98,0,16,99,1,116,4,56,153,1,214,75,0,75,289
03/18/2023,MKC,MO,ACE,CE,Towers with Radar,0,37,26,0,63,0,17,56,1,74,0,54,82,1,137,39,0,39,176
03/19/2023,MKC,MO,ACE,CE,Towers with Radar,2,50,42,0,94,0,39,116,0,155,2,89,158,0,249,79,0,79,328
03/20/2023,MKC,MO,ACE,CE,Towers with Radar,0,36,47,3,86,0,27,40,1,68,0,63,87,4,154,33,0,33,187
03/21/2023,MKC,MO,ACE,CE,Towers with Radar,0,48,53,1,102,0,3,1,0,4,0,51,54,1,106,0,0,0,106
03/22/2023,MKC,MO,ACE,CE,Towers with Radar,8,59,78,0,145,0,0,1,0,1,8,59,79,0,146,0,0,0,146
03/23/2023,MKC,MO,ACE,CE,Towers with Radar,1,71,65,0,137,0,33,32,0,65,1,104,97,0,202,109,0,109,311
03/24/2023,MKC,MO,ACE,CE,Towers with Radar,1,69,57,0,127,0,27,88,0,115,1,96,145,0,242,134,0,134,376
03/25/2023,MKC,MO,ACE,CE,Towers with Radar,6,56,41,0,103,0,45,153,0,198,6,101,194,0,301,90,0,90,391
03/26/2023,MKC,MO,ACE,CE,Towers with Radar,4,51,62,0,117,0,23,76,0,99,4,74,138,0,216,92,0,92,308
03/27/2023,MKC,MO,ACE,CE,Towers with Radar,0,46,51,0,97,0,41,133,1,175,0,87,184,1,272,171,0,171,443
03/28/2023,MKC,MO,ACE,CE,Towers with Radar,4,57,64,0,125,0,25,104,1,130,4,82,168,1,255,133,0,133,388
03/29/2023,MKC,MO,ACE,CE,Towers with Radar,0,64,71,0,135,0,38,148,4,190,0,102,219,4,325,113,2,115,440
03/30/2023,MKC,MO,ACE,CE,Towers with Radar,0,79,55,2,136,0,27,63,1,91,0,106,118,3,227,76,0,76,303
03/31/2023,MKC,MO,ACE,CE,Towers with Radar,2,45,51,0,98,0,8,10,0,18,2,53,61,0,116,7,0,7,123
04/01/2023,MKC,MO,ACE,CE,Towers with Radar,0,30,25,1,56,0,23,110,0,133,0,53,135,1,189,38,0,38,227
04/02/2023,MKC,MO,ACE,CE,Towers with Radar,4,56,36,1,97,0,57,84,0,141,4,113,120,1,238,64,0,64,302
04/03/2023,MKC,MO,ACE,CE,Towers with Radar,0,49,76,2,127,0,51,99,0,150,0,100,175,2,277,184,0,184,461
04/04/2023,MKC,MO,ACE,CE,Towers with Radar,0,59,53,2,114,0,18,31,1,50,0,77,84,3,164,40,0,40,204
04/05/2023,MKC,MO,ACE,CE,Towers with Radar,0,73,57,1,131,0,36,110,13,159,0,109,167,14,290,106,0,106,396
04/06/2023,MKC,MO,ACE,CE,Towers with Radar,2,76,70,0,148,0,86,143,2,231,2,162,213,2,379,201,0,201,580
04/07/2023,MKC,MO,ACE,CE,Towers with Radar,0,51,46,0,97,0,122,116,2,240,0,173,162,2,337,65,2,67,404
04/08/2023,MKC,MO,ACE,CE,Towers with Radar,1,52,39,0,92,0,96,102,0,198,1,148,141,0,290,16,0,16,306
04/09/2023,MKC,MO,ACE,CE,Towers with Radar,1,23,26,0,50,0,46,78,0,124,1,69,104,0,174,20,0,20,194
04/10/2023,MKC,MO,ACE,CE,Towers with Radar,0,38,35,0,73,0,47,41,0,88,0,85,76,0,161,163,0,163,324
04/11/2023,MKC,MO,ACE,CE,Towers with Radar,0,60,50,0,110,0,52,156,0,208,0,112,206,0,318,209,0,209,527
04/12/2023,MKC,MO,ACE,CE,Towers with Radar,0,62,61,2,125,0,89,130,1,220,0,151,191,3,345,63,2,65,410
04/13/2023,MKC,MO,ACE,CE,Towers with Radar,4,71,58,0,133,0,29,122,2,153,4,100,180,2,286,146,0,146,432
04/14/2023,MKC,MO,ACE,CE,Towers with Radar,2,65,47,0,114,0,79,107,0,186,2,144,154,0,300,74,0,74,374
04/15/2023,MKC,MO,ACE,CE,Towers with Radar,0,37,39,0,76,0,1,5,3,9,0,38,44,3,85,14,0,14,99
04/16/2023,MKC,MO,ACE,CE,Towers with Radar,4,33,40,0,77,0,11,13,0,24,4,44,53,0,101,0,0,0,101
04/17/2023,MKC,MO,ACE,CE,Towers with Radar,1,58,52,0,111,0,55,178,6,239,1,113,230,6,350,186,2,188,538
04/18/2023,MKC,MO,ACE,CE,Towers with Radar,0,63,36,3,102,0,28,175,8,211,0,91,211,11,313,185,0,185,498
04/19/2023,MKC,MO,ACE,CE,Towers with Radar,1,75,79,2,157,0,19,35,5,59,1,94,114,7,216,41,7,48,264
04/20/2023,MKC,MO,ACE,CE,Towers with Radar,2,68,44,1,115,0,7,25,6,38,2,75,69,7,153,8,0,8,161
04/21/2023,MKC,MO,ACE,CE,Towers with Radar,2,58,46,2,108,0,88,44,4,136,2,146,90,6,244,43,0,43,287
04/22/2023,MKC,MO,ACE,CE,Towers with Radar,0,39,26,2,67,0,42,64,1,107,0,81,90,3,174,16,0,16,190
04/23/2023,MKC,MO,ACE,CE,Towers with Radar,2,27,43,0,72,0,154,76,0,230,2,181,119,0,302,66,0,66,368
04/24/2023,MKC,MO,ACE,CE,Towers with Radar,0,48,54,0,102,0,34,59,0,93,0,82,113,0,195,92,0,92,287
04/25/2023,MKC,MO,ACE,CE,Towers with Radar,0,65,58,0,123,0,87,66,11,164,0,152,124,11,287,190,0,190,477
04/26/2023,MKC,MO,ACE,CE,Towers with Radar,0,66,61,0,127,0,138,80,4,222,0,204,141,4,349,103,0,103,452
04/27/2023,MKC,MO,ACE,CE,Towers with Radar,0,89,77,1,167,0,46,92,0,138,0,135,169,1,305,136,0,136,441
04/28/2023,MKC,MO,ACE,CE,Towers with Radar,1,56,51,2,110,0,65,43,0,108,1,121,94,2,218,67,0,67,285
04/29/2023,MKC,MO,ACE,CE,Towers with Radar,1,38,27,2,68,0,39,75,0,114,1,77,102,2,182,2,0,2,184
04/30/2023,MKC,MO,ACE,CE,Towers with Radar,4,40,30,0,74,0,16,15,0,31,4,56,45,0,105,30,0,30,135
05/01/2023,MKC,MO,ACE,CE,Towers with Radar,0,44,32,2,78,0,55,68,0,123,0,99,100,2,201,34,0,34,235
05/02/2023,MKC,MO,ACE,CE,Towers with Radar,0,78,44,0,122,1,60,74,0,135,1,138,118,0,257,71,0,71,328
05/03/2023,MKC,MO,ACE,CE,Towers with Radar,0,72,57,0,129,0,122,81,0,203,0,194,138,0,332,88,0,88,420
05/04/2023,MKC,MO,ACE,CE,Towers with Radar,3,62,53,2,120,0,94,56,0,150,3,156,109,2,270,79,0,79,349
05/05/2023,MKC,MO,ACE,CE,Towers with Radar,0,46,65,0,111,0,126,52,2,180,0,172,117,2,291,67,0,67,358
05/06/2023,MKC,MO,ACE,CE,Towers with Radar,2,38,44,0,84,0,78,68,0,146,2,116,112,0,230,62,0,62,292
05/07/2023,MKC,MO,ACE,CE,Towers with Radar,4,55,72,0,131,0,38,72,0,110,4,93,144,0,241,34,0,34,275
05/08/2023,MKC,MO,ACE,CE,Towers with Radar,1,41,47,0,89,0,101,86,3,190,1,142,133,3,279,163,0,163,442
05/09/2023,MKC,MO,ACE,CE,Towers with Radar,2,39,46,0,87,0,53,46,0,99,2,92,92,0,186,60,0,60,246
05/10/2023,MKC,MO,ACE,CE,Towers with Radar,1,78,61,1,141,0,88,89,10,187,1,166,150,11,328,52,0,52,380
05/11/2023,MKC,MO,ACE,CE,Towers with Radar,7,61,51,0,119,0,6,6,0,12,7,67,57,0,131,14,0,14,145
05/12/2023,MKC,MO,ACE,CE,Towers with Radar,1,72,53,0,126,0,46,32,4,82,1,118,85,4,208,114,0,114,322
05/13/2023,MKC,MO,ACE,CE,Towers with Radar,1,42,28,0,71,0,114,131,0,245,1,156,159,0,316,60,2,62,378
05/14/2023,MKC,MO,ACE,CE,Towers with Radar,0,31,31,0,62,0,27,42,0,69,0,58,73,0,131,26,0,26,157
05/15/2023,MKC,MO,ACE,CE,Towers with Radar,1,34,34,0,69,0,0,0,0,0,1,34,34,0,69,0,0,0,69
05/16/2023,MKC,MO,ACE,CE,Towers with Radar,1,58,66,4,129,0,37,35,1,73,1,95,101,5,202,121,0,121,323
05/17/2023,MKC,MO,ACE,CE,Towers with Radar,0,54,56,0,110,0,85,123,2,210,0,139,179,2,320,103,1,104,424
05/18/2023,MKC,MO,ACE,CE,Towers with Radar,0,67,65,1,133,0,76,147,4,227,0,143,212,5,360,144,2,146,506
05/19/2023,MKC,MO,ACE,CE,Towers with Radar,0,46,45,0,91,0,31,33,1,65,0,77,78,1,156,72,0,72,228
05/20/2023,MKC,MO,ACE,CE,Towers with Radar,0,48,35,2,85,0,43,141,0,184,0,91,176,2,269,44,0,44,313
05/21/2023,MKC,MO,ACE,CE,Towers with Radar,4,37,53,0,94,0,96,102,4,202,4,133,155,4,296,61,0,61,357
05/22/2023,MKC,MO,ACE,CE,Towers with Radar,0,36,38,0,74,0,35,96,4,135,0,71,134,4,209,159,0,159,368
05/23/2023,MKC,MO,ACE,CE,Towers with Radar,0,51,49,5,105,0,29,102,4,135,0,80,151,9,240,73,2,75,315
05/24/2023,MKC,MO,ACE,CE,Towers with Radar,0,64,45,0,109,0,44,83,2,129,0,108,128,2,238,87,2,89,327
05/25/2023,MKC,MO,ACE,CE,Towers with Radar,0,75,50,0,125,0,44,101,2,147,0,119,151,2,272,83,0,83,355
05/26/2023,MKC,MO,ACE,CE,Towers with Radar,2,59,44,1,106,0,92,102,1,195,2,151,146,2,301,99,0,99,400
05/27/2023,MKC,MO,ACE,CE,Towers with Radar,1,31,19,1,52,0,74,117,3,194,1,105,136,4,246,74,0,74,320
05/28/2023,MKC,MO,ACE,CE,Towers with Radar,7,13,20,1,41,0,74,87,0,161,7,87,107,1,202,77,0,77,279
05/29/2023,MKC,MO,ACE,CE,Towers with Radar,0,43,25,0,68,0,86,94,0,180,0,129,119,0,248,64,0,64,312
05/30/2023,MKC,MO,ACE,CE,Towers with Radar,1,39,30,0,70,0,21,86,0,107,1,60,116,0,177,43,0,43,220
05/31/2023,MKC,MO,ACE,CE,Towers with Radar,2,50,59,0,111,0,41,40,0,81,2,91,99,0,192,46,0,46,238
06/01/2023,MKC,MO,ACE,CE,Towers with Radar,1,51,51,0,103,0,86,69,2,157,1,137,120,2,260,114,0,114,374
06/02/2023,MKC,MO,ACE,CE,Towers with Radar,2,52,51,2,107,0,42,81,0,123,2,94,132,2,230,65,0,65,295
06/03/2023,MKC,MO,ACE,CE,Towers with Radar,0,31,29,0,60,0,87,104,2,193,0,118,133,2,253,36,0,36,289
06/04/2023,MKC,MO,ACE,CE,Towers with Radar,2,42,35,0,79,0,21,83,1,105,2,63,118,1,184,61,0,61,245
06/05/2023,MKC,MO,ACE,CE,Towers with Radar,0,44,47,0,91,0,21,90,0,111,0,65,137,0,202,60,0,60,262
06/06/2023,MKC,MO,ACE,CE,Towers with Radar,0,63,45,0,108,0,40,114,6,160,0,103,159,6,268,141,0,141,409
06/07/2023,MKC,MO,ACE,CE,Towers with Radar,0,55,43,0,98,0,92,106,0,198,0,147,149,0,296,97,0,97,393
06/08/2023,MKC,MO,ACE,CE,Towers with Radar,0,48,55,1,104,0,98,108,1,207,0,146,163,2,311,96,0,96,407
06/09/2023,MKC,MO,ACE,CE,Towers with Radar,0,51,34,0,85,0,81,126,0,207,0,132,160,0,292,68,0,68,360
06/10/2023,MKC,MO,ACE,CE,Towers with Radar,0,0,0,0,0,0,4,11,0,15,0,4,11,0,15,6,0,6,21
06/11/2023,MKC,MO,ACE,CE,Towers with Radar,0,0,0,0,0,0,0,16,0,16,0,0,16,0,16,2,0,2,18
06/12/2023,MKC,MO,ACE,CE,Towers with Radar,0,37,49,0,86,0,68,156,0,224,0,105,205,0,310,152,0,152,462
06/13/2023,MKC,MO,ACE,CE,Towers with Radar,0,59,52,2,113,0,52,98,0,150,0,111,150,2,263,75,0,75,338
06/14/2023,MKC,MO,ACE,CE,Towers with Radar,2,62,43,0,107,0,114,127,0,241,2,176,170,0,348,132,0,132,480
06/15/2023,MKC,MO,ACE,CE,Towers with Radar,0,70,59,0,129,0,107,161,6,274,0,177,220,6,403,40,4,44,447
06/16/2023,MKC,MO,ACE,CE,Towers with Radar,1,62,55,0,118,0,92,124,10,226,1,154,179,10,344,50,0,50,394
06/17/2023,MKC,MO,ACE,CE,Towers with Radar,1,52,23,1,77,0,119,154,1,274,1,171,177,2,351,75,0,75,426
06/18/2023,MKC,MO,ACE,CE,Towers with Radar,2,40,27,0,69,0,35,79,0,114,2,75,106,0,183,80,0,80,263
06/19/2023,MKC,MO,ACE,CE,Towers with Radar,0,62,47,0,109,0,38,94,0,132,0,100,141,0,241,30,0,30,271
06/20/2023,MKC,MO,ACE,CE,Towers with Radar,2,75,56,1,134,0,63,122,4,189,2,138,178,5,323,83,0,83,406
06/21/2023,MKC,MO,ACE,CE,Towers with Radar,0,52,55,1,108,0,70,112,7,189,0,122,167,8,297,22,0,22,319
06/22/2023,MKC,MO,ACE,CE,Towers with Radar,2,70,53,2,127,0,70,122,1,193,2,140,175,3,320,71,0,71,391
06/23/2023,MKC,MO,ACE,CE,Towers with Radar,2,42,44,1,89,0,118,145,1,264,2,160,189,2,353,69,0,69,422
06/24/2023,MKC,MO,ACE,CE,Towers with Radar,1,38,33,0,72,0,24,88,0,112,1,62,121,0,184,58,0,58,242
06/25/2023,MKC,MO,ACE,CE,Towers with Radar,3,24,31,0,58,0,11,70,0,81,3,35,101,0,139,29,0,29,168
06/26/2023,MKC,MO,ACE,CE,Towers with Radar,2,34,45,2,83,0,34,76,2,112,2,68,121,4,195,12,0,12,207
06/27/2023,MKC,MO,ACE,CE,Towers with Radar,0,68,53,3,124,0,89,108,0,197,0,157,161,3,321,55,0,55,376
06/28/2023,MKC,MO,ACE,CE,Towers with Radar,0,55,65,1,121,0,95,77,2,174,0,150,142,3,295,53,6,59,354
06/29/2023,MKC,MO,ACE,CE,Towers with Radar,2,73,45,0,120,0,39,62,3,104,2,112,107,3,224,90,1,91,315
06/30/2023,MKC,MO,ACE,CE,Towers with Radar,1,55,61,1,118,0,19,106,0,125,1,74,167,1,243,191,0,191,434
07/01/2023,MKC,MO,ACE,CE,Towers with Radar,1,40,31,0,72,0,4,49,2,55,1,44,80,2,127,61,0,61,188
07/02/2023,MKC,MO,ACE,CE,Towers with Radar,2,44,31,0,77,0,32,96,0,128,2,76,127,0,205,47,0,47,252
07/03/2023,MKC,MO,ACE,CE,Towers with Radar,0,27,21,0,48,0,25,109,3,137,0,52,130,3,185,88,0,88,273
07/04/2023,MKC,MO,ACE,CE,Towers with Radar,0,29,22,0,51,0,26,80,1,107,0,55,102,1,158,73,0,73,231
07/05/2023,MKC,MO,ACE,CE,Towers with Radar,0,47,31,1,79,0,27,43,0,70,0,74,74,1,149,76,0,76,225
07/06/2023,MKC,MO,ACE,CE,Towers with Radar,0,61,31,2,94,0,39,114,0,153,0,100,145,2,247,107,0,107,354
07/07/2023,MKC,MO,ACE,CE,Towers with Radar,2,57,70,0,129,0,21,77,0,98,2,78,147,0,227,128,0,128,355
07/08/2023,MKC,MO,ACE,CE,Towers with Radar,0,68,66,0,134,0,11,58,0,69,0,79,124,0,203,76,0,76,279
07/09/2023,MKC,MO,ACE,CE,Towers with Radar,4,61,69,0,134,0,53,115,0,168,4,114,184,0,302,82,0,82,384
07/10/2023,MKC,MO,ACE,CE,Towers with Radar,0,46,39,0,85,0,38,126,1,165,0,84,165,1,250,155,0,155,405
07/11/2023,MKC,MO,ACE,CE,Towers with Radar,1,49,48,2,100,0,56,122,1,179,1,105,170,3,279,89,0,89,368
07/12/2023,MKC,MO,ACE,CE,Towers with Radar,3,52,63,0,118,0,34,84,0,118,3,86,147,0,236,103,0,103,339
07/13/2023,MKC,MO,ACE,CE,Towers with Radar,1,57,63,0,121,0,25,127,5,157,1,82,190,5,278,122,0,122,400
07/14/2023,MKC,MO,ACE,CE,Towers with Radar,2,36,46,2,86,0,14,81,0,95,2,50,127,2,181,34,0,34,215
07/15/2023,MKC,MO,ACE,CE,Towers with Radar,0,45,51,0,96,0,20,78,1,99,0,65,129,1,195,106,0,106,301
07/16/2023,MKC,MO,ACE,CE,Towers with Radar,3,31,34,0,68,0,11,26,0,37,3,42,60,0,105,12,0,12,117
07/17/2023,MKC,MO,ACE,CE,Towers with Radar,0,43,51,0,94,0,21,99,1,121,0,64,150,1,215,67,0,67,282
07/18/2023,MKC,MO,ACE,CE,Towers with Radar,0,56,58,0,114,0,24,36,0,60,0,80,94,0,174,42,0,42,216
07/19/2023,MKC,MO,ACE,CE,Towers with Radar,0,60,66,2,128,0,39,55,4,98,0,99,121,6,226,100,0,100,326
07/20/2023,MKC,MO,ACE,CE,Towers with Radar,2,72,89,3,166,0,26,105,2,133,2,98,194,5,299,114,0,114,413
07/21/2023,MKC,MO,ACE,CE,Towers with Radar,0,47,46,0,93,0,26,109,3,138,0,73,155,3,231,80,0,80,311
07/22/2023,MKC,MO,ACE,CE,Towers with Radar,2,27,23,0,52,0,30,142,0,172,2,57,165,0,224,72,0,72,296
07/23/2023,MKC,MO,ACE,CE,Towers with Radar,0,45,29,0,74,0,9,82,0,91,0,54,111,0,165,96,0,96,261
07/24/2023,MKC,MO,ACE,CE,Towers with Radar,2,34,25,0,61,0,13,84,2,99,2,47,109,2,160,157,6,163,323
07/25/2023,MKC,MO,ACE,CE,Towers with Radar,0,51,35,0,86,0,18,110,2,130,0,69,145,2,216,214,0,214,430
07/26/2023,MKC,MO,ACE,CE,Towers with Radar,3,36,46,0,85,0,9,65,2,76,3,45,111,2,161,35,0,35,196
07/27/2023,MKC,MO,ACE,CE,Towers with Radar,0,43,57,1,101,0,36,109,5,150,0,79,166,6,251,190,0,190,441
07/28/2023,MKC,MO,ACE,CE,Towers with Radar,0,53,35,2,90,0,19,89,0,108,0,72,124,2,198,83,2,85,283
07/29/2023,MKC,MO,ACE,CE,Towers with Radar,2,40,32,0,74,0,14,52,2,68,2,54,84,2,142,75,0,75,217
07/30/2023,MKC,MO,ACE,CE,Towers with Radar,1,22,40,0,63,0,11,78,2,91,1,33,118,2,154,123,0,123,277
07/31/2023,MKC,MO,ACE,CE,Towers with Radar,0,41,51,3,95,0,30,69,1,100,0,71,120,4,195,118,0,118,313
08/01/2023,MKC,MO,ACE,CE,Towers with Radar,0,45,37,0,82,0,28,99,0,127,0,73,136,0,209,143,0,143,352
08/02/2023,MKC,MO,ACE,CE,Towers with Radar,4,51,58,1,114,0,9,45,1,55,4,60,103,2,169,138,0,138,307
08/03/2023,MKC,MO,ACE,CE,Towers with Radar,4,69,61,0,134,0,9,15,1,25,4,78,76,1,159,36,0,36,195
08/04/2023,MKC,MO,ACE,CE,Towers with Radar,0,47,51,2,100,0,6,40,1,47,0,53,91,3,147,74,0,74,221
08/05/2023,MKC,MO,ACE,CE,Towers with Radar,0,43,50,0,93,0,14,47,0,61,0,57,97,0,154,147,0,147,301
08/06/2023,MKC,MO,ACE,CE,Towers with Radar,2,41,42,0,85,0,11,34,0,45,2,52,76,0,130,52,0,52,182
08/07/2023,MKC,MO,ACE,CE,Towers with Radar,0,52,54,2,108,0,23,90,0,113,0,75,144,2,221,308,0,308,529
08/08/2023,MKC,MO,ACE,CE,Towers with Radar,0,61,53,2,116,0,26,144,3,173,0,87,197,5,289,177,0,177,466
08/09/2023,MKC,MO,ACE,CE,Towers with Radar,0,53,35,0,88,0,7,29,0,36,0,60,64,0,124,113,0,113,237
08/10/2023,MKC,MO,ACE,CE,Towers with Radar,0,43,48,1,92,0,36,97,7,140,0,79,145,8,232,86,0,86,318
08/11/2023,MKC,MO,ACE,CE,Towers with Radar,3,36,26,2,67,0,27,130,3,160,3,63,156,5,227,123,0,123,350
08/12/2023,MKC,MO,ACE,CE,Towers with Radar,1,24,21,0,46,0,12,74,1,87,1,36,95,1,133,65,0,65,198
08/13/2023,MKC,MO,ACE,CE,Towers with Radar,1,35,21,0,57,0,0,3,0,3,1,35,24,0,60,0,0,0,60
08/14/2023,MKC,MO,ACE,CE,Towers with Radar,0,41,45,3,89,0,10,76,0,86,0,51,121,3,175,83,2,85,260
08/15/2023,MKC,MO,ACE,CE,Towers with Radar,1,57,44,0,102,0,33,113,0,146,1,90,157,0,248,184,0,184,432
08/16/2023,MKC,MO,ACE,CE,Towers with Radar,2,88,57,0,147,0,36,95,3,134,2,124,152,3,281,132,0,132,413
08/17/2023,MKC,MO,ACE,CE,Towers with Radar,4,75,45,2,126,0,19,111,2,132,4,94,156,4,258,151,0,151,409
08/18/2023,MKC,MO,ACE,CE,Towers with Radar,0,63,44,2,109,0,29,102,1,132,0,92,146,3,241,100,0,100,341
08/19/2023,MKC,MO,ACE,CE,Towers with Radar,0,43,37,0,80,0,35,94,1,130,0,78,131,1,210,110,0,110,320
08/20/2023,MKC,MO,ACE,CE,Towers with Radar,0,26,43,0,69,0,15,56,2,73,0,41,99,2,142,106,0,106,248
08/21/2023,MKC,MO,ACE,CE,Towers with Radar,0,37,41,0,78,0,22,86,2,110,0,59,127,2,188,162,0,162,350
08/22/2023,MKC,MO,ACE,CE,Towers with Radar,0,38,49,2,89,0,23,61,1,85,0,61,110,3,174,100,2,102,276
08/23/2023,MKC,MO,ACE,CE,Towers with Radar,0,58,47,0,105,0,35,86,5,126,0,93,133,5,231,117,2,119,350
08/24/2023,MKC,MO,ACE,CE,Towers with Radar,0,65,39,2,106,0,28,97,0,125,0,93,136,2,231,193,0,193,424
08/25/2023,MKC,MO,ACE,CE,Towers with Radar,1,43,53,0,97,0,7,100,0,107,1,50,153,0,204,133,0,133,337
08/26/2023,MKC,MO,ACE,CE,Towers with Radar,1,35,37,0,73,0,14,59,1,74,1,49,96,1,147,126,0,126,273
08/27/2023,MKC,MO,ACE,CE,Towers with Radar,4,41,35,0,80,0,15,68,1,84,4,56,103,1,164,61,0,61,225
08/28/2023,MKC,MO,ACE,CE,Towers with Radar,0,65,40,0,105,0,42,114,0,156,0,107,154,0,261,175,0,175,436
08/29/2023,MKC,MO,ACE,CE,Towers with Radar,0,62,54,2,118,0,24,108,0,132,0,86,162,2,250,156,0,156,406
08/30/2023,MKC,MO,ACE,CE,Towers with Radar,2,104,48,1,155,0,27,123,1,151,2,131,171,2,306,72,0,72,378
08/31/2023,MKC,MO,ACE,CE,Towers with Radar,2,69,67,2,140,0,45,88,0,133,2,114,155,2,273,119,0,119,392
