01/01/2000,MKE,WI,AGL,CE,Towers with Radar,126,53,12,0,191,0,3,12,0,15,126,56,24,0,206,0,0,0,206
01/02/2000,MKE,WI,AGL,CE,Towers with Radar,220,143,21,1,385,0,0,0,0,0,220,143,21,1,385,0,0,0,385
01/03/2000,MKE,WI,AGL,CE,Towers with Radar,247,235,52,2,536,0,2,2,0,4,247,237,54,2,540,0,0,0,540
01/04/2000,MKE,WI,AGL,CE,Towers with Radar,260,312,60,10,642,0,4,6,1,11,260,316,66,11,653,0,0,0,653
01/05/2000,MKE,WI,AGL,CE,Towers with Radar,251,299,67,10,627,0,5,27,6,38,251,304,94,16,665,22,0,22,687
01/06/2000,MKE,WI,AGL,CE,Towers with Radar,266,320,74,10,670,0,7,20,4,31,266,327,94,14,701,17,0,17,718
01/07/2000,MKE,WI,AGL,CE,Towers with Radar,264,296,83,16,659,0,7,30,2,39,264,303,113,18,698,4,0,4,702
01/08/2000,MKE,WI,AGL,CE,Towers with Radar,199,119,32,1,351,0,2,29,1,32,199,121,61,2,383,22,0,22,405
01/09/2000,MKE,WI,AGL,CE,Towers with Radar,194,108,15,4,321,0,0,0,0,0,194,108,15,4,321,2,0,2,323
01/10/2000,MKE,WI,AGL,CE,Towers with Radar,249,262,85,14,610,0,2,11,3,16,249,264,96,17,626,0,0,0,626
01/11/2000,MKE,WI,AGL,CE,Towers with Radar,271,302,96,12,681,0,16,43,6,65,271,318,139,18,746,44,0,44,790
01/12/2000,MKE,WI,AGL,CE,Towers with Radar,260,307,92,13,672,0,3,5,6,14,260,310,97,19,686,58,0,58,744
01/13/2000,MKE,WI,AGL,CE,Towers with Radar,261,302,115,11,689,0,8,9,2,19,261,310,124,13,708,2,0,2,710
01/14/2000,MKE,WI,AGL,CE,Towers with Radar,249,291,77,12,629,0,10,26,6,42,249,301,103,18,671,18,0,18,689
01/15/2000,MKE,WI,AGL,CE,Towers with Radar,204,125,41,5,375,0,3,27,0,30,204,128,68,5,405,15,0,15,420
01/16/2000,MKE,WI,AGL,CE,Towers with Radar,206,144,27,3,380,0,0,11,0,11,206,144,38,3,391,0,0,0,391
01/17/2000,MKE,WI,AGL,CE,Towers with Radar,236,236,52,0,524,2,1,4,0,7,238,237,56,0,531,0,0,0,531
01/18/2000,MKE,WI,AGL,CE,Towers with Radar,260,280,92,14,646,0,7,11,3,21,260,287,103,17,667,4,0,4,671
01/19/2000,MKE,WI,AGL,CE,Towers with Radar,249,280,74,8,611,0,0,8,5,13,249,280,82,13,624,6,0,6,630
01/20/2000,MKE,WI,AGL,CE,Towers with Radar,260,285,89,24,658,0,7,41,7,55,260,292,130,31,713,6,0,6,719
01/21/2000,MKE,WI,AGL,CE,Towers with Radar,263,283,97,8,651,1,8,24,10,43,264,291,121,18,694,11,0,11,705
01/22/2000,MKE,WI,AGL,CE,Towers with Radar,222,105,31,8,366,0,0,1,0,1,222,105,32,8,367,16,0,16,383
01/23/2000,MKE,WI,AGL,CE,Towers with Radar,207,149,23,5,384,0,0,11,0,11,207,149,34,5,395,2,0,2,397
01/24/2000,MKE,WI,AGL,CE,Towers with Radar,243,263,82,11,599,3,4,16,2,25,246,267,98,13,624,0,0,0,624
01/25/2000,MKE,WI,AGL,CE,Towers with Radar,203,280,86,14,583,0,5,11,3,19,203,285,97,17,602,14,0,14,616
01/26/2000,MKE,WI,AGL,CE,Towers with Radar,252,296,114,11,673,0,6,51,7,64,252,302,165,18,737,24,0,24,761
01/27/2000,MKE,WI,AGL,CE,Towers with Radar,265,324,106,27,722,1,7,13,3,24,266,331,119,30,746,4,0,4,750
01/28/2000,MKE,WI,AGL,CE,Towers with Radar,250,293,84,5,632,0,6,25,4,35,250,299,109,9,667,16,0,16,683
01/29/2000,MKE,WI,AGL,CE,Towers with Radar,197,116,21,5,339,1,1,16,0,18,198,117,37,5,357,8,0,8,365
01/30/2000,MKE,WI,AGL,CE,Towers with Radar,185,138,20,6,349,0,0,0,0,0,185,138,20,6,349,0,0,0,349
01/31/2000,MKE,WI,AGL,CE,Towers with Radar,242,264,71,4,581,0,3,25,3,31,242,267,96,7,612,39,0,39,651
02/01/2000,MKE,WI,AGL,CE,Towers with Radar,247,301,94,10,652,0,10,34,6,50,247,311,128,16,702,28,0,28,730
02/02/2000,MKE,WI,AGL,CE,Towers with Radar,264,301,105,11,681,2,7,25,6,40,266,308,130,17,721,65,0,65,786
02/03/2000,MKE,WI,AGL,CE,Towers with Radar,267,314,110,22,713,0,2,6,2,10,267,316,116,24,723,0,0,0,723
02/04/2000,MKE,WI,AGL,CE,Towers with Radar,270,285,69,14,638,0,6,12,1,19,270,291,81,15,657,15,0,15,672
02/05/2000,MKE,WI,AGL,CE,Towers with Radar,208,131,36,2,377,0,1,23,0,24,208,132,59,2,401,5,0,5,406
02/06/2000,MKE,WI,AGL,CE,Towers with Radar,203,144,24,5,376,0,0,8,0,8,203,144,32,5,384,0,0,0,384
02/07/2000,MKE,WI,AGL,CE,Towers with Radar,248,270,98,8,624,0,4,36,3,43,248,274,134,11,667,20,0,20,687
02/08/2000,MKE,WI,AGL,CE,Towers with Radar,253,307,118,14,692,0,6,29,5,40,253,313,147,19,732,14,0,14,746
02/09/2000,MKE,WI,AGL,CE,Towers with Radar,260,323,149,11,743,0,7,35,5,47,260,330,184,16,790,10,0,10,800
02/10/2000,MKE,WI,AGL,CE,Towers with Radar,281,305,100,19,705,0,0,0,0,0,281,305,100,19,705,6,0,6,711
02/11/2000,MKE,WI,AGL,CE,Towers with Radar,266,302,91,14,673,0,5,45,2,52,266,307,136,16,725,48,0,48,773
02/12/2000,MKE,WI,AGL,CE,Towers with Radar,198,117,26,4,345,0,3,32,1,36,198,120,58,5,381,8,0,8,389
02/13/2000,MKE,WI,AGL,CE,Towers with Radar,219,125,13,5,362,0,0,0,0,0,219,125,13,5,362,0,0,0,362
02/14/2000,MKE,WI,AGL,CE,Towers with Radar,248,269,73,14,604,1,4,7,6,18,249,273,80,20,622,10,0,10,632
02/15/2000,MKE,WI,AGL,CE,Towers with Radar,260,284,120,11,675,1,1,12,8,22,261,285,132,19,697,0,0,0,697
02/16/2000,MKE,WI,AGL,CE,Towers with Radar,261,301,110,13,685,0,3,34,8,45,261,304,144,21,730,12,0,12,742
02/17/2000,MKE,WI,AGL,CE,Towers with Radar,261,319,138,13,731,1,5,25,4,35,262,324,163,17,766,6,0,6,772
02/18/2000,MKE,WI,AGL,CE,Towers with Radar,175,217,55,0,447,0,4,1,0,5,175,221,56,0,452,0,0,0,452
02/19/2000,MKE,WI,AGL,CE,Towers with Radar,191,118,39,4,352,0,0,2,0,2,191,118,41,4,354,0,0,0,354
02/20/2000,MKE,WI,AGL,CE,Towers with Radar,220,141,32,1,394,0,1,22,0,23,220,142,54,1,417,0,0,0,417
02/21/2000,MKE,WI,AGL,CE,Towers with Radar,243,263,76,1,583,0,2,18,3,23,243,265,94,4,606,0,0,0,606
02/22/2000,MKE,WI,AGL,CE,Towers with Radar,257,294,124,19,694,1,4,20,2,27,258,298,144,21,721,0,0,0,721
02/23/2000,MKE,WI,AGL,CE,Towers with Radar,264,303,97,15,679,1,2,40,3,46,265,305,137,18,725,12,0,12,737
02/24/2000,MKE,WI,AGL,CE,Towers with Radar,271,300,112,14,697,0,0,1,0,1,271,300,113,14,698,0,0,0,698
02/25/2000,MKE,WI,AGL,CE,Towers with Radar,199,93,68,9,369,0,1,0,0,1,199,94,68,9,370,0,0,0,370
02/26/2000,MKE,WI,AGL,CE,Towers with Radar,213,125,39,5,382,0,2,8,0,10,213,127,47,5,392,4,0,4,396
02/27/2000,MKE,WI,AGL,CE,Towers with Radar,209,148,29,11,397,0,0,26,0,26,209,148,55,11,423,8,0,8,431
02/28/2000,MKE,WI,AGL,CE,Towers with Radar,256,272,82,9,619,1,10,39,2,52,257,282,121,11,671,33,0,33,704
02/29/2000,MKE,WI,AGL,CE,Towers with Radar,260,317,89,12,678,1,5,13,5,24,261,322,102,17,702,2,0,2,704
03/01/2000,MKE,WI,AGL,CE,Towers with Radar,261,310,94,12,677,0,6,14,3,23,261,316,108,15,700,1,0,1,701
03/02/2000,MKE,WI,AGL,CE,Towers with Radar,266,313,95,13,687,1,9,38,6,54,267,322,133,19,741,30,0,30,771
03/03/2000,MKE,WI,AGL,CE,Towers with Radar,274,300,66,18,658,0,5,24,6,35,274,305,90,24,693,4,0,4,697
03/04/2000,MKE,WI,AGL,CE,Towers with Radar,220,130,51,10,411,1,1,29,4,35,221,131,80,14,446,43,0,43,489
03/05/2000,MKE,WI,AGL,CE,Towers with Radar,207,159,32,11,409,0,1,38,0,39,207,160,70,11,448,64,0,64,512
03/06/2000,MKE,WI,AGL,CE,Towers with Radar,255,279,82,8,624,0,4,20,11,35,255,283,102,19,659,26,0,26,685
03/07/2000,MKE,WI,AGL,CE,Towers with Radar,248,313,92,16,669,0,6,36,11,53,248,319,128,27,722,38,0,38,760
03/08/2000,MKE,WI,AGL,CE,Towers with Radar,253,299,77,5,634,0,8,21,10,39,253,307,98,15,673,8,0,8,681
03/09/2000,MKE,WI,AGL,CE,Towers with Radar,272,306,127,20,725,0,6,18,3,27,272,312,145,23,752,16,0,16,768
03/10/2000,MKE,WI,AGL,CE,Towers with Radar,254,297,82,9,642,0,3,15,1,19,254,300,97,10,661,24,0,24,685
03/11/2000,MKE,WI,AGL,CE,Towers with Radar,201,120,33,4,358,0,3,16,0,19,201,123,49,4,377,11,0,11,388
03/12/2000,MKE,WI,AGL,CE,Towers with Radar,203,159,58,7,427,0,2,36,2,40,203,161,94,9,467,0,0,0,467
03/13/2000,MKE,WI,AGL,CE,Towers with Radar,244,270,84,4,602,0,2,6,1,9,244,272,90,5,611,14,0,14,625
03/14/2000,MKE,WI,AGL,CE,Towers with Radar,258,323,120,19,720,2,2,21,6,31,260,325,141,25,751,20,0,20,771
03/15/2000,MKE,WI,AGL,CE,Towers with Radar,265,309,112,10,696,0,2,16,4,22,265,311,128,14,718,20,0,20,738
03/16/2000,MKE,WI,AGL,CE,Towers with Radar,263,310,101,16,690,0,4,20,4,28,263,314,121,20,718,10,0,10,728
03/17/2000,MKE,WI,AGL,CE,Towers with Radar,249,316,85,10,660,2,2,20,4,28,251,318,105,14,688,40,0,40,728
03/18/2000,MKE,WI,AGL,CE,Towers with Radar,200,130,23,3,356,0,2,18,1,21,200,132,41,4,377,22,0,22,399
03/19/2000,MKE,WI,AGL,CE,Towers with Radar,202,147,33,4,386,0,0,0,0,0,202,147,33,4,386,0,0,0,386
03/20/2000,MKE,WI,AGL,CE,Towers with Radar,296,213,91,2,602,0,0,0,0,0,296,213,91,2,602,0,0,0,602
03/21/2000,MKE,WI,AGL,CE,Towers with Radar,241,274,100,11,626,0,3,3,1,7,241,277,103,12,633,10,0,10,643
03/22/2000,MKE,WI,AGL,CE,Towers with Radar,260,308,148,9,725,2,3,15,3,23,262,311,163,12,748,10,0,10,758
03/23/2000,MKE,WI,AGL,CE,Towers with Radar,265,313,103,21,702,0,7,32,0,39,265,320,135,21,741,7,0,7,748
03/24/2000,MKE,WI,AGL,CE,Towers with Radar,258,306,77,7,648,0,7,12,1,20,258,313,89,8,668,0,0,0,668
03/25/2000,MKE,WI,AGL,CE,Towers with Radar,204,124,46,4,378,0,2,15,0,17,204,126,61,4,395,4,0,4,399
03/26/2000,MKE,WI,AGL,CE,Towers with Radar,215,168,35,1,419,0,0,24,0,24,215,168,59,1,443,10,0,10,453
03/27/2000,MKE,WI,AGL,CE,Towers with Radar,250,278,74,8,610,0,5,17,0,22,250,283,91,8,632,32,0,32,664
03/28/2000,MKE,WI,AGL,CE,Towers with Radar,267,314,110,8,699,0,6,21,8,35,267,320,131,16,734,26,0,26,760
03/29/2000,MKE,WI,AGL,CE,Towers with Radar,259,296,93,6,654,2,8,40,3,53,261,304,133,9,707,34,0,34,741
03/30/2000,MKE,WI,AGL,CE,Towers with Radar,271,279,113,11,674,1,5,42,1,49,272,284,155,12,723,0,0,0,723
03/31/2000,MKE,WI,AGL,CE,Towers with Radar,262,289,79,13,643,0,7,44,0,51,262,296,123,13,694,0,0,0,694
04/01/2000,MKE,WI,AGL,CE,Towers with Radar,200,126,40,15,381,1,0,17,3,21,201,126,57,18,402,28,0,28,430
04/02/2000,MKE,WI,AGL,CE,Towers with Radar,200,154,36,12,402,1,0,13,1,15,201,154,49,13,417,1,0,1,418
04/03/2000,MKE,WI,AGL,CE,Towers with Radar,250,289,76,4,619,0,1,7,4,12,250,290,83,8,631,0,0,0,631
04/04/2000,MKE,WI,AGL,CE,Towers with Radar,259,307,86,15,667,0,4,13,5,22,259,311,99,20,689,6,0,6,695
04/05/2000,MKE,WI,AGL,CE,Towers with Radar,273,300,76,12,661,0,9,28,9,46,273,309,104,21,707,16,0,16,723
04/06/2000,MKE,WI,AGL,CE,Towers with Radar,265,329,79,16,689,1,3,33,7,44,266,332,112,23,733,0,0,0,733
04/07/2000,MKE,WI,AGL,CE,Towers with Radar,203,262,62,3,530,0,4,3,2,9,203,266,65,5,539,0,0,0,539
04/08/2000,MKE,WI,AGL,CE,Towers with Radar,199,131,45,4,379,0,1,9,0,10,199,132,54,4,389,10,0,10,399
04/09/2000,MKE,WI,AGL,CE,Towers with Radar,213,150,55,3,421,0,0,19,0,19,213,150,74,3,440,0,0,0,440
04/10/2000,MKE,WI,AGL,CE,Towers with Radar,245,281,76,8,610,1,6,20,1,28,246,287,96,9,638,12,0,12,650
04/11/2000,MKE,WI,AGL,CE,Towers with Radar,258,327,108,14,707,0,1,6,1,8,258,328,114,15,715,2,0,2,717
04/12/2000,MKE,WI,AGL,CE,Towers with Radar,260,334,121,13,728,0,5,32,8,45,260,339,153,21,773,62,0,62,835
04/13/2000,MKE,WI,AGL,CE,Towers with Radar,261,330,106,19,716,0,8,22,5,35,261,338,128,24,751,14,0,14,765
04/14/2000,MKE,WI,AGL,CE,Towers with Radar,264,307,78,10,659,3,6,34,3,46,267,313,112,13,705,2,0,2,707
04/15/2000,MKE,WI,AGL,CE,Towers with Radar,213,142,49,8,412,0,2,4,0,6,213,144,53,8,418,10,0,10,428
04/16/2000,MKE,WI,AGL,CE,Towers with Radar,214,153,28,8,403,0,0,0,0,0,214,153,28,8,403,0,0,0,403
04/17/2000,MKE,WI,AGL,CE,Towers with Radar,243,297,91,9,640,0,0,0,0,0,243,297,91,9,640,0,0,0,640
04/18/2000,MKE,WI,AGL,CE,Towers with Radar,259,326,104,17,706,0,1,3,1,5,259,327,107,18,711,6,0,6,717
04/19/2000,MKE,WI,AGL,CE,Towers with Radar,260,322,96,7,685,0,0,0,0,0,260,322,96,7,685,0,0,0,685
04/20/2000,MKE,WI,AGL,CE,Towers with Radar,251,284,116,3,654,0,0,0,0,0,251,284,116,3,654,0,0,0,654
04/21/2000,MKE,WI,AGL,CE,Towers with Radar,260,281,50,9,600,0,1,12,1,14,260,282,62,10,614,22,0,22,636
04/22/2000,MKE,WI,AGL,CE,Towers with Radar,203,133,31,4,371,2,1,43,0,46,205,134,74,4,417,54,0,54,471
04/23/2000,MKE,WI,AGL,CE,Towers with Radar,216,158,32,3,409,0,0,10,0,10,216,158,42,3,419,6,0,6,425
04/24/2000,MKE,WI,AGL,CE,Towers with Radar,247,292,80,10,629,0,6,27,2,35,247,298,107,12,664,0,0,0,664
04/25/2000,MKE,WI,AGL,CE,Towers with Radar,263,312,98,16,689,3,4,35,5,47,266,316,133,21,736,6,0,6,742
04/26/2000,MKE,WI,AGL,CE,Towers with Radar,260,318,99,14,691,0,9,58,6,73,260,327,157,20,764,20,0,20,784
04/27/2000,MKE,WI,AGL,CE,Towers with Radar,281,314,113,22,730,0,11,30,3,44,281,325,143,25,774,54,0,54,828
04/28/2000,MKE,WI,AGL,CE,Towers with Radar,270,307,83,11,671,8,4,18,4,34,278,311,101,15,705,18,0,18,723
04/29/2000,MKE,WI,AGL,CE,Towers with Radar,206,143,53,5,407,0,2,31,1,34,206,145,84,6,441,28,0,28,469
04/30/2000,MKE,WI,AGL,CE,Towers with Radar,213,154,39,6,412,0,0,19,0,19,213,154,58,6,431,7,0,7,438
05/01/2000,MKE,WI,AGL,CE,Towers with Radar,243,271,71,9,594,0,3,29,3,35,243,274,100,12,629,2,0,2,631
05/02/2000,MKE,WI,AGL,CE,Towers with Radar,250,291,90,7,638,1,9,39,5,54,251,300,129,12,692,18,0,18,710
05/03/2000,MKE,WI,AGL,CE,Towers with Radar,257,308,105,8,678,0,10,31,4,45,257,318,136,12,723,6,0,6,729
05/04/2000,MKE,WI,AGL,CE,Towers with Radar,266,312,112,17,707,1,12,31,2,46,267,324,143,19,753,24,0,24,777
05/05/2000,MKE,WI,AGL,CE,Towers with Radar,259,309,90,10,668,3,9,24,2,38,262,318,114,12,706,56,0,56,762
05/06/2000,MKE,WI,AGL,CE,Towers with Radar,197,134,55,5,391,1,5,24,0,30,198,139,79,5,421,16,0,16,437
05/07/2000,MKE,WI,AGL,CE,Towers with Radar,197,167,44,15,423,2,0,36,2,40,199,167,80,17,463,8,0,8,471
05/08/2000,MKE,WI,AGL,CE,Towers with Radar,244,278,91,11,624,2,2,3,1,8,246,280,94,12,632,2,0,2,634
05/09/2000,MKE,WI,AGL,CE,Towers with Radar,269,311,88,8,676,1,2,7,0,10,270,313,95,8,686,2,0,2,688
05/10/2000,MKE,WI,AGL,CE,Towers with Radar,230,311,107,10,658,5,20,47,3,75,235,331,154,13,733,36,0,36,769
05/11/2000,MKE,WI,AGL,CE,Towers with Radar,269,300,88,10,667,0,6,7,4,17,269,306,95,14,684,3,0,3,687
05/12/2000,MKE,WI,AGL,CE,Towers with Radar,277,277,88,7,649,0,2,6,0,8,277,279,94,7,657,0,0,0,657
05/13/2000,MKE,WI,AGL,CE,Towers with Radar,180,146,67,0,393,2,1,13,0,16,182,147,80,0,409,28,0,28,437
05/14/2000,MKE,WI,AGL,CE,Towers with Radar,200,162,39,8,409,0,0,14,0,14,200,162,53,8,423,16,0,16,439
05/15/2000,MKE,WI,AGL,CE,Towers with Radar,249,288,92,9,638,1,6,50,5,62,250,294,142,14,700,10,0,10,710
05/16/2000,MKE,WI,AGL,CE,Towers with Radar,259,302,110,22,693,0,6,12,4,22,259,308,122,26,715,0,0,0,715
05/17/2000,MKE,WI,AGL,CE,Towers with Radar,265,266,104,6,641,0,0,1,0,1,265,266,105,6,642,0,0,0,642
05/18/2000,MKE,WI,AGL,CE,Towers with Radar,233,223,96,3,555,0,0,0,0,0,233,223,96,3,555,10,0,10,565
05/19/2000,MKE,WI,AGL,CE,Towers with Radar,259,304,95,26,684,3,5,31,11,50,262,309,126,37,734,39,0,39,773
05/20/2000,MKE,WI,AGL,CE,Towers with Radar,207,132,57,7,403,1,5,76,10,92,208,137,133,17,495,30,0,30,525
05/21/2000,MKE,WI,AGL,CE,Towers with Radar,197,157,51,11,416,0,1,150,11,162,197,158,201,22,578,14,0,14,592
05/22/2000,MKE,WI,AGL,CE,Towers with Radar,243,278,115,11,647,0,6,8,5,19,243,284,123,16,666,0,0,0,666
05/23/2000,MKE,WI,AGL,CE,Towers with Radar,253,313,99,14,679,0,3,22,5,30,253,316,121,19,709,26,0,26,735
05/24/2000,MKE,WI,AGL,CE,Towers with Radar,245,303,102,8,658,0,6,28,6,40,245,309,130,14,698,3,0,3,701
05/25/2000,MKE,WI,AGL,CE,Towers with Radar,255,309,88,13,665,0,8,39,7,54,255,317,127,20,719,20,0,20,739
05/26/2000,MKE,WI,AGL,CE,Towers with Radar,253,304,72,2,631,1,3,18,3,25,254,307,90,5,656,2,0,2,658
05/27/2000,MKE,WI,AGL,CE,Towers with Radar,179,127,36,1,343,0,0,0,0,0,179,127,36,1,343,7,0,7,350
05/28/2000,MKE,WI,AGL,CE,Towers with Radar,119,64,18,2,203,0,0,3,0,3,119,64,21,2,206,0,0,0,206
05/29/2000,MKE,WI,AGL,CE,Towers with Radar,194,158,21,1,374,0,0,30,0,30,194,158,51,1,404,6,0,6,410
05/30/2000,MKE,WI,AGL,CE,Towers with Radar,242,276,84,9,611,0,4,15,1,20,242,280,99,10,631,11,0,11,642
05/31/2000,MKE,WI,AGL,CE,Towers with Radar,254,288,109,1,652,0,2,0,0,2,254,290,109,1,654,0,0,0,654
06/01/2000,MKE,WI,AGL,CE,Towers with Radar,270,317,108,24,719,0,2,6,1,9,270,319,114,25,728,0,0,0,728
06/02/2000,MKE,WI,AGL,CE,Towers with Radar,238,312,100,16,666,2,9,17,0,28,240,321,117,16,694,4,0,4,698
06/03/2000,MKE,WI,AGL,CE,Towers with Radar,214,134,35,15,398,0,2,51,0,53,214,136,86,15,451,38,0,38,489
06/04/2000,MKE,WI,AGL,CE,Towers with Radar,200,172,36,17,425,0,2,7,0,9,200,174,43,17,434,2,0,2,436
06/05/2000,MKE,WI,AGL,CE,Towers with Radar,242,276,80,1,599,0,10,26,3,39,242,286,106,4,638,0,0,0,638
06/06/2000,MKE,WI,AGL,CE,Towers with Radar,259,293,100,11,663,4,17,46,5,72,263,310,146,16,735,5,0,5,740
06/07/2000,MKE,WI,AGL,CE,Towers with Radar,256,293,119,9,677,2,10,40,5,57,258,303,159,14,734,2,0,2,736
06/08/2000,MKE,WI,AGL,CE,Towers with Radar,260,303,99,17,679,4,11,46,6,67,264,314,145,23,746,8,0,8,754
06/09/2000,MKE,WI,AGL,CE,Towers with Radar,248,296,85,18,647,0,8,25,3,36,248,304,110,21,683,8,0,8,691
06/10/2000,MKE,WI,AGL,CE,Towers with Radar,197,131,69,3,400,1,3,11,0,15,198,134,80,3,415,0,0,0,415
06/11/2000,MKE,WI,AGL,CE,Towers with Radar,199,177,47,10,433,0,0,4,0,4,199,177,51,10,437,6,0,6,443
06/12/2000,MKE,WI,AGL,CE,Towers with Radar,234,265,82,10,591,0,0,0,0,0,234,265,82,10,591,4,0,4,595
06/13/2000,MKE,WI,AGL,CE,Towers with Radar,244,260,103,9,616,0,0,0,0,0,244,260,103,9,616,2,0,2,618
06/14/2000,MKE,WI,AGL,CE,Towers with Radar,245,283,119,4,651,0,9,25,2,36,245,292,144,6,687,0,0,0,687
06/15/2000,MKE,WI,AGL,CE,Towers with Radar,256,297,100,17,670,0,13,27,1,41,256,310,127,18,711,4,0,4,715
06/16/2000,MKE,WI,AGL,CE,Towers with Radar,256,290,83,9,638,0,10,15,0,25,256,300,98,9,663,0,0,0,663
06/17/2000,MKE,WI,AGL,CE,Towers with Radar,200,126,25,5,356,0,15,23,1,39,200,141,48,6,395,16,0,16,411
06/18/2000,MKE,WI,AGL,CE,Towers with Radar,205,158,36,4,403,0,0,28,0,28,205,158,64,4,431,0,0,0,431
06/19/2000,MKE,WI,AGL,CE,Towers with Radar,254,276,116,10,656,1,9,63,1,74,255,285,179,11,730,10,0,10,740
06/20/2000,MKE,WI,AGL,CE,Towers with Radar,259,289,114,10,672,2,7,6,2,17,261,296,120,12,689,2,0,2,691
06/21/2000,MKE,WI,AGL,CE,Towers with Radar,265,318,109,5,697,0,8,22,2,32,265,326,131,7,729,8,0,8,737
06/22/2000,MKE,WI,AGL,CE,Towers with Radar,253,310,113,20,696,1,12,33,2,48,254,322,146,22,744,2,0,2,746
06/23/2000,MKE,WI,AGL,CE,Towers with Radar,266,293,131,5,695,0,13,47,1,61,266,306,178,6,756,20,0,20,776
06/24/2000,MKE,WI,AGL,CE,Towers with Radar,199,131,68,6,404,0,0,9,0,9,199,131,77,6,413,22,0,22,435
06/25/2000,MKE,WI,AGL,CE,Towers with Radar,188,149,37,1,375,0,1,16,1,18,188,150,53,2,393,4,0,4,397
06/26/2000,MKE,WI,AGL,CE,Towers with Radar,250,257,114,6,627,0,3,11,3,17,250,260,125,9,644,0,0,0,644
06/27/2000,MKE,WI,AGL,CE,Towers with Radar,261,297,95,14,667,1,10,37,5,53,262,307,132,19,720,14,0,14,734
06/28/2000,MKE,WI,AGL,CE,Towers with Radar,251,309,125,16,701,0,13,11,1,25,251,322,136,17,726,6,0,6,732
06/29/2000,MKE,WI,AGL,CE,Towers with Radar,258,308,116,18,700,0,4,33,9,46,258,312,149,27,746,10,0,10,756
06/30/2000,MKE,WI,AGL,CE,Towers with Radar,268,316,141,6,731,0,5,31,2,38,268,321,172,8,769,16,0,16,785
07/01/2000,MKE,WI,AGL,CE,Towers with Radar,186,136,44,3,369,0,1,39,0,40,186,137,83,3,409,9,0,9,418
07/02/2000,MKE,WI,AGL,CE,Towers with Radar,169,120,47,3,339,0,0,8,0,8,169,120,55,3,347,0,0,0,347
07/03/2000,MKE,WI,AGL,CE,Towers with Radar,172,141,55,2,370,0,0,6,0,6,172,141,61,2,376,0,0,0,376
07/04/2000,MKE,WI,AGL,CE,Towers with Radar,195,165,37,2,399,0,0,25,7,32,195,165,62,9,431,14,0,14,445
07/05/2000,MKE,WI,AGL,CE,Towers with Radar,247,281,61,7,596,2,4,38,3,47,249,285,99,10,643,26,0,26,669
07/06/2000,MKE,WI,AGL,CE,Towers with Radar,263,292,94,14,663,4,12,28,1,45,267,304,122,15,708,22,0,22,730
07/07/2000,MKE,WI,AGL,CE,Towers with Radar,268,272,80,9,629,0,9,28,2,39,268,281,108,11,668,12,0,12,680
07/08/2000,MKE,WI,AGL,CE,Towers with Radar,214,139,39,4,396,0,1,2,0,3,214,140,41,4,399,8,0,8,407
07/09/2000,MKE,WI,AGL,CE,Towers with Radar,215,171,34,6,426,1,0,20,0,21,216,171,54,6,447,12,0,12,459
07/10/2000,MKE,WI,AGL,CE,Towers with Radar,236,263,104,2,605,0,1,18,1,20,236,264,122,3,625,6,0,6,631
07/11/2000,MKE,WI,AGL,CE,Towers with Radar,250,310,120,10,690,0,5,18,5,28,250,315,138,15,718,0,0,0,718
07/12/2000,MKE,WI,AGL,CE,Towers with Radar,250,303,117,8,678,2,19,45,4,70,252,322,162,12,748,8,0,8,756
07/13/2000,MKE,WI,AGL,CE,Towers with Radar,272,300,117,15,704,1,16,49,7,73,273,316,166,22,777,36,0,36,813
07/14/2000,MKE,WI,AGL,CE,Towers with Radar,234,293,95,5,627,0,6,55,4,65,234,299,150,9,692,4,0,4,696
07/15/2000,MKE,WI,AGL,CE,Towers with Radar,189,128,47,5,369,0,1,40,0,41,189,129,87,5,410,22,0,22,432
07/16/2000,MKE,WI,AGL,CE,Towers with Radar,189,165,66,5,425,1,1,39,0,41,190,166,105,5,466,18,0,18,484
07/17/2000,MKE,WI,AGL,CE,Towers with Radar,240,273,124,19,656,0,5,42,3,50,240,278,166,22,706,8,0,8,714
07/18/2000,MKE,WI,AGL,CE,Towers with Radar,249,298,146,10,703,1,10,25,9,45,250,308,171,19,748,2,0,2,750
07/19/2000,MKE,WI,AGL,CE,Towers with Radar,264,312,112,5,693,0,12,27,1,40,264,324,139,6,733,2,0,2,735
07/20/2000,MKE,WI,AGL,CE,Towers with Radar,261,319,118,18,716,0,10,24,2,36,261,329,142,20,752,8,0,8,760
07/21/2000,MKE,WI,AGL,CE,Towers with Radar,284,292,107,9,692,3,4,20,4,31,287,296,127,13,723,28,0,28,751
07/22/2000,MKE,WI,AGL,CE,Towers with Radar,198,133,47,2,380,2,1,25,0,28,200,134,72,2,408,27,0,27,435
07/23/2000,MKE,WI,AGL,CE,Towers with Radar,197,173,34,4,408,1,1,45,2,49,198,174,79,6,457,26,0,26,483
07/24/2000,MKE,WI,AGL,CE,Towers with Radar,251,286,110,15,662,0,6,52,1,59,251,292,162,16,721,26,0,26,747
07/25/2000,MKE,WI,AGL,CE,Towers with Radar,251,314,110,13,688,0,16,47,8,71,251,330,157,21,759,8,0,8,767
07/26/2000,MKE,WI,AGL,CE,Towers with Radar,249,309,139,9,706,1,8,25,9,43,250,317,164,18,749,2,0,2,751
07/27/2000,MKE,WI,AGL,CE,Towers with Radar,267,339,154,18,778,2,9,24,1,36,269,348,178,19,814,14,0,14,828
07/28/2000,MKE,WI,AGL,CE,Towers with Radar,222,305,189,11,727,0,9,11,1,21,222,314,200,12,748,12,0,12,760
07/29/2000,MKE,WI,AGL,CE,Towers with Radar,195,177,78,10,460,0,0,10,0,10,195,177,88,10,470,10,0,10,480
07/30/2000,MKE,WI,AGL,CE,Towers with Radar,190,171,108,8,477,0,0,1,0,1,190,171,109,8,478,0,0,0,478
07/31/2000,MKE,WI,AGL,CE,Towers with Radar,242,268,115,5,630,0,0,1,0,1,242,268,116,5,631,0,0,0,631
08/01/2000,MKE,WI,AGL,CE,Towers with Radar,253,309,105,8,675,2,6,33,1,42,255,315,138,9,717,5,0,5,722
08/02/2000,MKE,WI,AGL,CE,Towers with Radar,252,315,123,7,697,0,5,22,3,30,252,320,145,10,727,12,0,12,739
08/03/2000,MKE,WI,AGL,CE,Towers with Radar,238,307,99,14,658,0,14,41,2,57,238,321,140,16,715,2,0,2,717
08/04/2000,MKE,WI,AGL,CE,Towers with Radar,255,312,87,13,667,0,9,31,1,41,255,321,118,14,708,6,0,6,714
08/05/2000,MKE,WI,AGL,CE,Towers with Radar,189,128,36,4,357,0,2,15,0,17,189,130,51,4,374,8,0,8,382
08/06/2000,MKE,WI,AGL,CE,Towers with Radar,192,171,36,11,410,0,0,11,0,11,192,171,47,11,421,2,0,2,423
08/07/2000,MKE,WI,AGL,CE,Towers with Radar,255,279,80,5,619,2,6,23,3,34,257,285,103,8,653,14,0,14,667
08/08/2000,MKE,WI,AGL,CE,Towers with Radar,270,324,119,13,726,2,12,18,4,36,272,336,137,17,762,22,0,22,784
08/09/2000,MKE,WI,AGL,CE,Towers with Radar,245,317,117,6,685,8,9,52,9,78,253,326,169,15,763,20,0,20,783
08/10/2000,MKE,WI,AGL,CE,Towers with Radar,269,298,130,14,711,2,10,40,6,58,271,308,170,20,769,8,0,8,777
08/11/2000,MKE,WI,AGL,CE,Towers with Radar,254,300,91,9,654,1,4,37,6,48,255,304,128,15,702,8,0,8,710
08/12/2000,MKE,WI,AGL,CE,Towers with Radar,194,133,31,5,363,0,1,32,0,33,194,134,63,5,396,6,0,6,402
08/13/2000,MKE,WI,AGL,CE,Towers with Radar,196,170,38,7,411,1,0,11,0,12,197,170,49,7,423,6,0,6,429
08/14/2000,MKE,WI,AGL,CE,Towers with Radar,249,278,81,5,613,0,2,12,1,15,249,280,93,6,628,0,0,0,628
08/15/2000,MKE,WI,AGL,CE,Towers with Radar,249,308,99,13,669,0,8,20,0,28,249,316,119,13,697,0,0,0,697
08/16/2000,MKE,WI,AGL,CE,Towers with Radar,248,314,109,10,681,2,13,24,1,40,250,327,133,11,721,2,0,2,723
08/17/2000,MKE,WI,AGL,CE,Towers with Radar,258,301,117,16,692,4,1,2,0,7,262,302,119,16,699,16,0,16,715
08/18/2000,MKE,WI,AGL,CE,Towers with Radar,263,307,93,14,677,0,4,32,0,36,263,311,125,14,713,10,0,10,723
08/19/2000,MKE,WI,AGL,CE,Towers with Radar,211,142,42,7,402,0,0,20,0,20,211,142,62,7,422,24,0,24,446
08/20/2000,MKE,WI,AGL,CE,Towers with Radar,194,173,44,11,422,1,0,23,0,24,195,173,67,11,446,4,0,4,450
08/21/2000,MKE,WI,AGL,CE,Towers with Radar,246,280,53,12,591,1,3,24,0,28,247,283,77,12,619,0,0,0,619
08/22/2000,MKE,WI,AGL,CE,Towers with Radar,262,323,87,5,677,0,7,7,1,15,262,330,94,6,692,0,0,0,692
08/23/2000,MKE,WI,AGL,CE,Towers with Radar,259,307,97,13,676,1,3,13,0,17,260,310,110,13,693,6,0,6,699
08/24/2000,MKE,WI,AGL,CE,Towers with Radar,265,321,103,16,705,1,5,19,2,27,266,326,122,18,732,16,0,16,748
08/25/2000,MKE,WI,AGL,CE,Towers with Radar,259,293,92,7,651,0,10,30,2,42,259,303,122,9,693,4,0,4,697
08/26/2000,MKE,WI,AGL,CE,Towers with Radar,192,130,47,7,376,1,0,9,0,10,193,130,56,7,386,22,0,22,408
08/27/2000,MKE,WI,AGL,CE,Towers with Radar,197,168,59,6,430,0,0,12,0,12,197,168,71,6,442,14,0,14,456
08/28/2000,MKE,WI,AGL,CE,Towers with Radar,253,282,110,5,650,0,0,14,1,15,253,282,124,6,665,11,0,11,676
08/29/2000,MKE,WI,AGL,CE,Towers with Radar,252,322,116,16,706,0,4,6,1,11,252,326,122,17,717,8,0,8,725
08/30/2000,MKE,WI,AGL,CE,Towers with Radar,247,333,88,13,681,0,1,1,0,2,247,334,89,13,683,2,0,2,685
08/31/2000,MKE,WI,AGL,CE,Towers with Radar,262,324,94,16,696,0,6,31,1,38,262,330,125,17,734,28,0,28,762
09/01/2000,MKE,WI,AGL,CE,Towers with Radar,257,308,75,4,644,0,10,15,4,29,257,318,90,8,673,5,0,5,678
09/02/2000,MKE,WI,AGL,CE,Towers with Radar,185,128,32,1,346,0,1,10,0,11,185,129,42,1,357,6,0,6,363
09/03/2000,MKE,WI,AGL,CE,Towers with Radar,114,57,21,3,195,0,1,11,0,12,114,58,32,3,207,24,0,24,231
09/04/2000,MKE,WI,AGL,CE,Towers with Radar,190,167,43,2,402,0,1,5,0,6,190,168,48,2,408,2,0,2,410
09/05/2000,MKE,WI,AGL,CE,Towers with Radar,251,283,71,9,614,0,4,27,5,36,251,287,98,14,650,26,0,26,676
09/06/2000,MKE,WI,AGL,CE,Towers with Radar,256,317,93,14,680,2,18,46,2,68,258,335,139,16,748,10,0,10,758
09/07/2000,MKE,WI,AGL,CE,Towers with Radar,259,312,85,16,672,1,11,34,6,52,260,323,119,22,724,18,0,18,742
09/08/2000,MKE,WI,AGL,CE,Towers with Radar,264,305,88,16,673,0,8,29,3,40,264,313,117,19,713,18,0,18,731
09/09/2000,MKE,WI,AGL,CE,Towers with Radar,202,149,51,9,411,2,2,42,0,46,204,151,93,9,457,16,0,16,473
09/10/2000,MKE,WI,AGL,CE,Towers with Radar,225,162,76,14,477,0,1,44,1,46,225,163,120,15,523,0,0,0,523
09/11/2000,MKE,WI,AGL,CE,Towers with Radar,221,207,73,3,504,0,2,3,0,5,221,209,76,3,509,0,0,0,509
09/12/2000,MKE,WI,AGL,CE,Towers with Radar,257,309,120,12,698,1,8,27,2,38,258,317,147,14,736,4,0,4,740
09/13/2000,MKE,WI,AGL,CE,Towers with Radar,270,314,100,16,700,1,13,47,3,64,271,327,147,19,764,42,0,42,806
09/14/2000,MKE,WI,AGL,CE,Towers with Radar,265,307,97,15,684,0,5,13,1,19,265,312,110,16,703,2,0,2,705
09/15/2000,MKE,WI,AGL,CE,Towers with Radar,252,301,90,10,653,2,11,15,4,32,254,312,105,14,685,1,0,1,686
09/16/2000,MKE,WI,AGL,CE,Towers with Radar,198,139,42,5,384,0,6,23,3,32,198,145,65,8,416,62,0,62,478
09/17/2000,MKE,WI,AGL,CE,Towers with Radar,203,169,45,3,420,33,7,117,1,158,236,176,162,4,578,88,0,88,666
09/18/2000,MKE,WI,AGL,CE,Towers with Radar,242,277,76,12,607,0,6,16,2,24,242,283,92,14,631,10,0,10,641
09/19/2000,MKE,WI,AGL,CE,Towers with Radar,244,311,122,18,695,2,10,26,2,40,246,321,148,20,735,2,0,2,737
09/20/2000,MKE,WI,AGL,CE,Towers with Radar,259,323,106,13,701,0,7,13,2,22,259,330,119,15,723,0,0,0,723
09/21/2000,MKE,WI,AGL,CE,Towers with Radar,254,310,105,20,689,1,18,49,4,72,255,328,154,24,761,34,0,34,795
09/22/2000,MKE,WI,AGL,CE,Towers with Radar,255,292,94,17,658,0,14,8,0,22,255,306,102,17,680,0,0,0,680
09/23/2000,MKE,WI,AGL,CE,Towers with Radar,188,143,32,5,368,0,0,0,0,0,188,143,32,5,368,0,0,0,368
09/24/2000,MKE,WI,AGL,CE,Towers with Radar,196,165,55,9,425,0,0,10,0,10,196,165,65,9,435,0,0,0,435
09/25/2000,MKE,WI,AGL,CE,Towers with Radar,246,276,89,3,614,0,9,29,1,39,246,285,118,4,653,23,0,23,676
09/26/2000,MKE,WI,AGL,CE,Towers with Radar,242,319,102,10,673,0,17,29,1,47,242,336,131,11,720,0,0,0,720
09/27/2000,MKE,WI,AGL,CE,Towers with Radar,253,309,90,3,655,1,20,34,1,56,254,329,124,4,711,8,0,8,719
09/28/2000,MKE,WI,AGL,CE,Towers with Radar,255,306,101,5,667,1,17,61,2,81,256,323,162,7,748,10,0,10,758
09/29/2000,MKE,WI,AGL,CE,Towers with Radar,244,295,79,9,627,2,13,38,2,55,246,308,117,11,682,26,0,26,708
09/30/2000,MKE,WI,AGL,CE,Towers with Radar,190,138,41,8,377,1,1,26,0,28,191,139,67,8,405,10,0,10,415
10/01/2000,MKE,WI,AGL,CE,Towers with Radar,195,172,29,4,400,0,0,17,0,17,195,172,46,4,417,0,0,0,417
10/02/2000,MKE,WI,AGL,CE,Towers with Radar,243,274,78,9,604,0,7,27,1,35,243,281,105,10,639,16,0,16,655
10/03/2000,MKE,WI,AGL,CE,Towers with Radar,260,316,115,15,706,5,12,32,10,59,265,328,147,25,765,20,0,20,785
10/04/2000,MKE,WI,AGL,CE,Towers with Radar,242,325,80,17,664,0,12,38,2,52,242,337,118,19,716,27,0,27,743
10/05/2000,MKE,WI,AGL,CE,Towers with Radar,249,297,98,24,668,0,18,19,0,37,249,315,117,24,705,0,0,0,705
10/06/2000,MKE,WI,AGL,CE,Towers with Radar,252,306,88,6,652,0,5,28,0,33,252,311,116,6,685,0,0,0,685
10/07/2000,MKE,WI,AGL,CE,Towers with Radar,191,131,50,0,372,0,1,14,0,15,191,132,64,0,387,22,0,22,409
10/08/2000,MKE,WI,AGL,CE,Towers with Radar,182,163,22,1,368,0,0,23,0,23,182,163,45,1,391,5,0,5,396
10/09/2000,MKE,WI,AGL,CE,Towers with Radar,238,281,61,4,584,0,2,10,0,12,238,283,71,4,596,20,0,20,616
10/10/2000,MKE,WI,AGL,CE,Towers with Radar,253,291,103,13,660,1,8,32,4,45,254,299,135,17,705,14,0,14,719
10/11/2000,MKE,WI,AGL,CE,Towers with Radar,242,308,101,18,669,1,17,56,3,77,243,325,157,21,746,8,0,8,754
10/12/2000,MKE,WI,AGL,CE,Towers with Radar,261,293,102,21,677,0,16,47,6,69,261,309,149,27,746,4,0,4,750
10/13/2000,MKE,WI,AGL,CE,Towers with Radar,254,296,87,12,649,2,10,37,2,51,256,306,124,14,700,11,0,11,711
10/14/2000,MKE,WI,AGL,CE,Towers with Radar,206,145,38,9,398,0,1,31,0,32,206,146,69,9,430,20,0,20,450
10/15/2000,MKE,WI,AGL,CE,Towers with Radar,196,166,56,15,433,0,0,3,1,4,196,166,59,16,437,6,0,6,443
10/16/2000,MKE,WI,AGL,CE,Towers with Radar,235,258,74,3,570,0,2,6,1,9,235,260,80,4,579,0,0,0,579
10/17/2000,MKE,WI,AGL,CE,Towers with Radar,245,315,89,18,667,2,8,5,0,15,247,323,94,18,682,16,0,16,698
10/18/2000,MKE,WI,AGL,CE,Towers with Radar,249,312,77,15,653,1,5,37,2,45,250,317,114,17,698,12,0,12,710
10/19/2000,MKE,WI,AGL,CE,Towers with Radar,262,313,101,22,698,0,7,45,9,61,262,320,146,31,759,0,0,0,759
10/20/2000,MKE,WI,AGL,CE,Towers with Radar,265,290,98,14,667,0,5,32,3,40,265,295,130,17,707,0,0,0,707
10/21/2000,MKE,WI,AGL,CE,Towers with Radar,189,137,44,2,372,0,2,31,1,34,189,139,75,3,406,20,0,20,426
10/22/2000,MKE,WI,AGL,CE,Towers with Radar,199,171,52,8,430,1,0,40,0,41,200,171,92,8,471,10,0,10,481
10/23/2000,MKE,WI,AGL,CE,Towers with Radar,253,277,87,9,626,0,1,1,0,2,253,278,88,9,628,0,0,0,628
10/24/2000,MKE,WI,AGL,CE,Towers with Radar,248,291,120,5,664,0,0,0,0,0,248,291,120,5,664,0,0,0,664
10/25/2000,MKE,WI,AGL,CE,Towers with Radar,252,255,99,6,612,0,0,0,0,0,252,255,99,6,612,2,0,2,614
10/26/2000,MKE,WI,AGL,CE,Towers with Radar,255,303,92,14,664,0,3,6,0,9,255,306,98,14,673,0,0,0,673
10/27/2000,MKE,WI,AGL,CE,Towers with Radar,261,319,91,11,682,0,3,9,0,12,261,322,100,11,694,12,0,12,706
10/28/2000,MKE,WI,AGL,CE,Towers with Radar,194,145,35,2,376,0,0,22,0,22,194,145,57,2,398,10,0,10,408
10/29/2000,MKE,WI,AGL,CE,Towers with Radar,200,175,42,3,420,0,1,22,0,23,200,176,64,3,443,18,0,18,461
10/30/2000,MKE,WI,AGL,CE,Towers with Radar,259,283,87,8,637,0,9,26,0,35,259,292,113,8,672,14,0,14,686
10/31/2000,MKE,WI,AGL,CE,Towers with Radar,257,298,108,16,679,0,13,25,7,45,257,311,133,23,724,21,0,21,745
11/01/2000,MKE,WI,AGL,CE,Towers with Radar,248,325,104,17,694,0,9,16,10,35,248,334,120,27,729,22,0,22,751
11/02/2000,MKE,WI,AGL,CE,Towers with Radar,264,323,93,20,700,1,11,25,8,45,265,334,118,28,745,4,0,4,749
11/03/2000,MKE,WI,AGL,CE,Towers with Radar,259,302,87,12,660,1,15,21,0,37,260,317,108,12,697,4,0,4,701
11/04/2000,MKE,WI,AGL,CE,Towers with Radar,191,144,38,11,384,2,2,26,1,31,193,146,64,12,415,10,0,10,425
11/05/2000,MKE,WI,AGL,CE,Towers with Radar,194,179,32,21,426,0,1,22,8,31,194,180,54,29,457,27,0,27,484
11/06/2000,MKE,WI,AGL,CE,Towers with Radar,228,284,82,3,597,0,7,11,1,19,228,291,93,4,616,8,0,8,624
11/07/2000,MKE,WI,AGL,CE,Towers with Radar,247,318,91,7,663,0,5,4,1,10,247,323,95,8,673,6,0,6,679
11/08/2000,MKE,WI,AGL,CE,Towers with Radar,243,307,91,17,658,0,12,24,3,39,243,319,115,20,697,24,0,24,721
11/09/2000,MKE,WI,AGL,CE,Towers with Radar,272,302,79,16,669,0,0,0,0,0,272,302,79,16,669,0,0,0,669
11/10/2000,MKE,WI,AGL,CE,Towers with Radar,257,299,95,2,653,0,6,19,0,25,257,305,114,2,678,10,0,10,688
11/11/2000,MKE,WI,AGL,CE,Towers with Radar,189,134,37,5,365,0,1,26,0,27,189,135,63,5,392,24,0,24,416
11/12/2000,MKE,WI,AGL,CE,Towers with Radar,184,161,19,8,372,0,0,1,0,1,184,161,20,8,373,0,0,0,373
11/13/2000,MKE,WI,AGL,CE,Towers with Radar,231,283,71,0,585,0,3,10,0,13,231,286,81,0,598,0,0,0,598
11/14/2000,MKE,WI,AGL,CE,Towers with Radar,253,303,100,16,672,2,4,7,3,16,255,307,107,19,688,6,0,6,694
11/15/2000,MKE,WI,AGL,CE,Towers with Radar,254,301,98,10,663,2,13,24,1,40,256,314,122,11,703,24,0,24,727
11/16/2000,MKE,WI,AGL,CE,Towers with Radar,258,301,113,25,697,0,2,2,0,4,258,303,115,25,701,0,0,0,701
11/17/2000,MKE,WI,AGL,CE,Towers with Radar,256,293,101,21,671,0,5,11,1,17,256,298,112,22,688,0,0,0,688
11/18/2000,MKE,WI,AGL,CE,Towers with Radar,199,127,35,4,365,0,1,1,0,2,199,128,36,4,367,8,0,8,375
11/19/2000,MKE,WI,AGL,CE,Towers with Radar,198,161,28,2,389,0,0,0,0,0,198,161,28,2,389,2,0,2,391
11/20/2000,MKE,WI,AGL,CE,Towers with Radar,242,261,50,8,561,0,2,4,1,7,242,263,54,9,568,2,0,2,570
11/21/2000,MKE,WI,AGL,CE,Towers with Radar,263,279,87,19,648,1,9,27,2,39,264,288,114,21,687,0,0,0,687
11/22/2000,MKE,WI,AGL,CE,Towers with Radar,267,285,67,7,626,0,16,25,2,43,267,301,92,9,669,12,0,12,681
11/23/2000,MKE,WI,AGL,CE,Towers with Radar,156,99,14,1,270,0,5,10,1,16,156,104,24,2,286,6,0,6,292
11/24/2000,MKE,WI,AGL,CE,Towers with Radar,116,85,52,2,255,0,4,48,0,52,116,89,100,2,307,33,0,33,340
11/25/2000,MKE,WI,AGL,CE,Towers with Radar,195,122,12,1,330,2,1,8,1,12,197,123,20,2,342,12,0,12,354
11/26/2000,MKE,WI,AGL,CE,Towers with Radar,225,175,23,0,423,0,0,0,0,0,225,175,23,0,423,0,0,0,423
11/27/2000,MKE,WI,AGL,CE,Towers with Radar,244,282,60,12,598,0,0,0,0,0,244,282,60,12,598,0,0,0,598
11/28/2000,MKE,WI,AGL,CE,Towers with Radar,241,311,94,16,662,0,5,9,0,14,241,316,103,16,676,4,0,4,680
11/29/2000,MKE,WI,AGL,CE,Towers with Radar,249,322,80,8,659,0,0,1,0,1,249,322,81,8,660,2,0,2,662
11/30/2000,MKE,WI,AGL,CE,Towers with Radar,253,332,102,27,714,0,4,11,0,15,253,336,113,27,729,5,0,5,734
12/01/2000,MKE,WI,AGL,CE,Towers with Radar,250,304,84,14,652,0,0,3,2,5,250,304,87,16,657,0,0,0,657
12/02/2000,MKE,WI,AGL,CE,Towers with Radar,188,144,43,9,384,0,4,23,2,29,188,148,66,11,413,10,0,10,423
12/03/2000,MKE,WI,AGL,CE,Towers with Radar,193,165,44,8,410,0,1,29,3,33,193,166,73,11,443,10,0,10,453
12/04/2000,MKE,WI,AGL,CE,Towers with Radar,227,281,70,3,581,1,3,9,3,16,228,284,79,6,597,0,0,0,597
12/05/2000,MKE,WI,AGL,CE,Towers with Radar,243,299,111,12,665,0,11,18,3,32,243,310,129,15,697,6,0,6,703
12/06/2000,MKE,WI,AGL,CE,Towers with Radar,263,294,95,10,662,4,7,10,0,21,267,301,105,10,683,6,0,6,689
12/07/2000,MKE,WI,AGL,CE,Towers with Radar,254,280,74,6,614,1,4,1,0,6,255,284,75,6,620,0,0,0,620
12/08/2000,MKE,WI,AGL,CE,Towers with Radar,245,302,69,10,626,0,7,41,4,52,245,309,110,14,678,8,0,8,686
12/09/2000,MKE,WI,AGL,CE,Towers with Radar,184,131,42,4,361,0,1,17,0,18,184,132,59,4,379,4,0,4,383
12/10/2000,MKE,WI,AGL,CE,Towers with Radar,179,167,21,6,373,0,0,0,0,0,179,167,21,6,373,14,0,14,387
12/11/2000,MKE,WI,AGL,CE,Towers with Radar,88,99,44,0,231,0,0,0,0,0,88,99,44,0,231,0,0,0,231
12/12/2000,MKE,WI,AGL,CE,Towers with Radar,228,282,92,6,608,0,5,19,7,31,228,287,111,13,639,7,0,7,646
12/13/2000,MKE,WI,AGL,CE,Towers with Radar,233,257,95,4,589,0,9,6,4,19,233,266,101,8,608,0,0,0,608
12/14/2000,MKE,WI,AGL,CE,Towers with Radar,245,295,101,17,658,2,7,18,3,30,247,302,119,20,688,6,0,6,694
12/15/2000,MKE,WI,AGL,CE,Towers with Radar,232,283,60,5,580,0,0,0,0,0,232,283,60,5,580,0,0,0,580
12/16/2000,MKE,WI,AGL,CE,Towers with Radar,179,131,27,4,341,0,0,1,0,1,179,131,28,4,342,0,0,0,342
12/17/2000,MKE,WI,AGL,CE,Towers with Radar,181,155,26,5,367,0,0,2,0,2,181,155,28,5,369,3,0,3,372
12/18/2000,MKE,WI,AGL,CE,Towers with Radar,143,184,61,3,391,3,0,0,0,3,146,184,61,3,394,0,0,0,394
12/19/2000,MKE,WI,AGL,CE,Towers with Radar,235,301,67,12,615,0,7,7,1,15,235,308,74,13,630,4,0,4,634
12/20/2000,MKE,WI,AGL,CE,Towers with Radar,229,283,97,6,615,2,8,13,1,24,231,291,110,7,639,7,0,7,646
12/21/2000,MKE,WI,AGL,CE,Towers with Radar,256,294,74,15,639,1,1,6,3,11,257,295,80,18,650,6,0,6,656
12/22/2000,MKE,WI,AGL,CE,Towers with Radar,250,286,56,0,592,0,11,10,0,21,250,297,66,0,613,0,0,0,613
12/23/2000,MKE,WI,AGL,CE,Towers with Radar,199,139,24,3,365,0,0,5,0,5,199,139,29,3,370,0,0,0,370
12/24/2000,MKE,WI,AGL,CE,Towers with Radar,134,70,8,1,213,0,0,2,0,2,134,70,10,1,215,7,0,7,222
12/25/2000,MKE,WI,AGL,CE,Towers with Radar,158,128,4,0,290,0,1,3,0,4,158,129,7,0,294,0,0,0,294
12/26/2000,MKE,WI,AGL,CE,Towers with Radar,239,267,38,8,552,0,0,7,0,7,239,267,45,8,559,20,0,20,579
12/27/2000,MKE,WI,AGL,CE,Towers with Radar,249,298,47,12,606,0,3,12,3,18,249,301,59,15,624,0,0,0,624
12/28/2000,MKE,WI,AGL,CE,Towers with Radar,235,284,42,12,573,0,6,2,3,11,235,290,44,15,584,2,0,2,586
12/29/2000,MKE,WI,AGL,CE,Towers with Radar,237,265,29,3,534,0,0,1,0,1,237,265,30,3,535,0,0,0,535
12/30/2000,MKE,WI,AGL,CE,Towers with Radar,186,126,25,2,339,0,0,0,0,0,186,126,25,2,339,16,0,16,355
12/31/2000,MKE,WI,AGL,CE,Towers with Radar,142,76,31,0,249,0,0,25,0,25,142,76,56,0,274,46,0,46,320
01/01/2001,MKE,WI,AGL,CE,Towers with Radar,156,135,15,1,307,0,1,8,0,9,156,136,23,1,316,6,0,6,322
01/02/2001,MKE,WI,AGL,CE,Towers with Radar,228,267,38,9,542,1,6,30,0,37,229,273,68,9,579,0,0,0,579
01/03/2001,MKE,WI,AGL,CE,Towers with Radar,238,306,51,22,617,0,1,2,0,3,238,307,53,22,620,0,0,0,620
01/04/2001,MKE,WI,AGL,CE,Towers with Radar,245,300,53,9,607,0,1,4,0,5,245,301,57,9,612,0,0,0,612
01/05/2001,MKE,WI,AGL,CE,Towers with Radar,244,281,57,16,598,0,15,24,2,41,244,296,81,18,639,9,0,9,648
01/06/2001,MKE,WI,AGL,CE,Towers with Radar,189,125,24,8,346,0,1,25,0,26,189,126,49,8,372,5,0,5,377
01/07/2001,MKE,WI,AGL,CE,Towers with Radar,189,176,13,4,382,0,0,3,0,3,189,176,16,4,385,4,0,4,389
01/08/2001,MKE,WI,AGL,CE,Towers with Radar,243,274,60,10,587,0,7,23,0,30,243,281,83,10,617,2,0,2,619
01/09/2001,MKE,WI,AGL,CE,Towers with Radar,239,306,92,16,653,1,10,32,5,48,240,316,124,21,701,1,0,1,702
01/10/2001,MKE,WI,AGL,CE,Towers with Radar,251,309,78,16,654,2,7,27,8,44,253,316,105,24,698,43,0,43,741
01/11/2001,MKE,WI,AGL,CE,Towers with Radar,255,309,95,20,679,0,12,29,3,44,255,321,124,23,723,28,0,28,751
01/12/2001,MKE,WI,AGL,CE,Towers with Radar,241,287,80,7,615,0,5,3,1,9,241,292,83,8,624,0,0,0,624
01/13/2001,MKE,WI,AGL,CE,Towers with Radar,189,123,28,2,342,0,0,2,0,2,189,123,30,2,344,0,0,0,344
01/14/2001,MKE,WI,AGL,CE,Towers with Radar,196,131,11,3,341,0,0,0,0,0,196,131,11,3,341,1,0,1,342
01/15/2001,MKE,WI,AGL,CE,Towers with Radar,237,264,56,1,558,1,0,3,0,4,238,264,59,1,562,0,0,0,562
01/16/2001,MKE,WI,AGL,CE,Towers with Radar,229,314,83,8,634,0,0,11,0,11,229,314,94,8,645,0,0,0,645
01/17/2001,MKE,WI,AGL,CE,Towers with Radar,241,315,101,19,676,0,2,18,2,22,241,317,119,21,698,18,0,18,716
01/18/2001,MKE,WI,AGL,CE,Towers with Radar,261,319,98,22,700,1,4,20,1,26,262,323,118,23,726,22,0,22,748
01/19/2001,MKE,WI,AGL,CE,Towers with Radar,242,289,82,16,629,0,1,7,0,8,242,290,89,16,637,0,0,0,637
01/20/2001,MKE,WI,AGL,CE,Towers with Radar,194,122,27,3,346,1,3,34,1,39,195,125,61,4,385,38,0,38,423
01/21/2001,MKE,WI,AGL,CE,Towers with Radar,182,159,46,6,393,0,1,27,0,28,182,160,73,6,421,86,0,86,507
01/22/2001,MKE,WI,AGL,CE,Towers with Radar,250,283,72,12,617,1,2,19,3,25,251,285,91,15,642,0,0,0,642
01/23/2001,MKE,WI,AGL,CE,Towers with Radar,244,302,97,19,662,0,5,12,3,20,244,307,109,22,682,6,0,6,688
01/24/2001,MKE,WI,AGL,CE,Towers with Radar,253,320,77,15,665,4,4,9,0,17,257,324,86,15,682,4,0,4,686
01/25/2001,MKE,WI,AGL,CE,Towers with Radar,256,315,103,20,694,0,9,27,3,39,256,324,130,23,733,58,0,58,791
01/26/2001,MKE,WI,AGL,CE,Towers with Radar,242,289,56,7,594,1,6,4,1,12,243,295,60,8,606,0,0,0,606
01/27/2001,MKE,WI,AGL,CE,Towers with Radar,192,132,38,2,364,0,5,21,2,28,192,137,59,4,392,8,0,8,400
01/28/2001,MKE,WI,AGL,CE,Towers with Radar,192,164,26,3,385,0,0,19,0,19,192,164,45,3,404,16,0,16,420
01/29/2001,MKE,WI,AGL,CE,Towers with Radar,220,260,42,1,523,0,0,0,0,0,220,260,42,1,523,0,0,0,523
01/30/2001,MKE,WI,AGL,CE,Towers with Radar,245,300,96,11,652,0,0,0,0,0,245,300,96,11,652,1,0,1,653
01/31/2001,MKE,WI,AGL,CE,Towers with Radar,242,305,97,8,652,2,3,13,0,18,244,308,110,8,670,1,0,1,671
02/01/2001,MKE,WI,AGL,CE,Towers with Radar,256,300,83,22,661,2,7,16,4,29,258,307,99,26,690,9,0,9,699
02/02/2001,MKE,WI,AGL,CE,Towers with Radar,257,298,74,9,638,0,7,23,5,35,257,305,97,14,673,8,0,8,681
02/03/2001,MKE,WI,AGL,CE,Towers with Radar,195,136,40,7,378,0,3,8,0,11,195,139,48,7,389,4,0,4,393
02/04/2001,MKE,WI,AGL,CE,Towers with Radar,203,177,25,9,414,0,0,1,0,1,203,177,26,9,415,0,0,0,415
02/05/2001,MKE,WI,AGL,CE,Towers with Radar,225,284,71,5,585,0,2,10,0,12,225,286,81,5,597,3,0,3,600
02/06/2001,MKE,WI,AGL,CE,Towers with Radar,262,312,103,15,692,0,6,14,3,23,262,318,117,18,715,4,0,4,719
02/07/2001,MKE,WI,AGL,CE,Towers with Radar,245,296,91,16,648,0,4,11,1,16,245,300,102,17,664,0,0,0,664
02/08/2001,MKE,WI,AGL,CE,Towers with Radar,265,252,72,22,611,0,0,0,0,0,265,252,72,22,611,0,0,0,611
02/09/2001,MKE,WI,AGL,CE,Towers with Radar,246,283,62,11,602,0,0,0,0,0,246,283,62,11,602,0,0,0,602
02/10/2001,MKE,WI,AGL,CE,Towers with Radar,191,128,58,3,380,0,6,11,1,18,191,134,69,4,398,8,0,8,406
02/11/2001,MKE,WI,AGL,CE,Towers with Radar,190,186,44,11,431,1,0,14,0,15,191,186,58,11,446,4,0,4,450
02/12/2001,MKE,WI,AGL,CE,Towers with Radar,249,277,74,14,614,1,4,26,1,32,250,281,100,15,646,8,0,8,654
02/13/2001,MKE,WI,AGL,CE,Towers with Radar,246,314,87,8,655,0,1,6,1,8,246,315,93,9,663,0,0,0,663
02/14/2001,MKE,WI,AGL,CE,Towers with Radar,249,346,70,5,670,0,0,0,0,0,249,346,70,5,670,2,0,2,672
02/15/2001,MKE,WI,AGL,CE,Towers with Radar,254,310,91,25,680,0,3,8,1,12,254,313,99,26,692,8,0,8,700
02/16/2001,MKE,WI,AGL,CE,Towers with Radar,251,317,77,10,655,0,6,11,0,17,251,323,88,10,672,4,0,4,676
02/17/2001,MKE,WI,AGL,CE,Towers with Radar,194,129,35,8,366,0,4,15,2,21,194,133,50,10,387,19,0,19,406
02/18/2001,MKE,WI,AGL,CE,Towers with Radar,191,172,24,4,391,0,1,16,0,17,191,173,40,4,408,25,0,25,433
02/19/2001,MKE,WI,AGL,CE,Towers with Radar,236,276,48,3,563,0,1,21,0,22,236,277,69,3,585,4,0,4,589
02/20/2001,MKE,WI,AGL,CE,Towers with Radar,240,304,71,17,632,0,11,32,0,43,240,315,103,17,675,3,0,3,678
02/21/2001,MKE,WI,AGL,CE,Towers with Radar,257,313,87,14,671,2,11,22,2,37,259,324,109,16,708,34,0,34,742
02/22/2001,MKE,WI,AGL,CE,Towers with Radar,244,311,98,25,678,1,5,19,0,25,245,316,117,25,703,31,0,31,734
02/23/2001,MKE,WI,AGL,CE,Towers with Radar,256,310,103,10,679,0,4,29,1,34,256,314,132,11,713,12,0,12,725
02/24/2001,MKE,WI,AGL,CE,Towers with Radar,193,109,22,1,325,0,0,1,0,1,193,109,23,1,326,0,0,0,326
02/25/2001,MKE,WI,AGL,CE,Towers with Radar,187,153,25,7,372,0,0,4,0,4,187,153,29,7,376,0,0,0,376
02/26/2001,MKE,WI,AGL,CE,Towers with Radar,249,280,54,4,587,0,5,5,0,10,249,285,59,4,597,0,0,0,597
02/27/2001,MKE,WI,AGL,CE,Towers with Radar,246,312,108,15,681,5,11,21,3,40,251,323,129,18,721,12,0,12,733
02/28/2001,MKE,WI,AGL,CE,Towers with Radar,257,323,95,14,689,0,6,39,1,46,257,329,134,15,735,0,0,0,735
03/01/2001,MKE,WI,AGL,CE,Towers with Radar,250,317,70,19,656,0,7,17,2,26,250,324,87,21,682,40,0,40,722
03/02/2001,MKE,WI,AGL,CE,Towers with Radar,260,312,89,15,676,0,3,12,2,17,260,315,101,17,693,4,0,4,697
03/03/2001,MKE,WI,AGL,CE,Towers with Radar,203,133,40,5,381,0,0,29,0,29,203,133,69,5,410,6,0,6,416
03/04/2001,MKE,WI,AGL,CE,Towers with Radar,194,164,40,8,406,0,0,9,0,9,194,164,49,8,415,0,0,0,415
03/05/2001,MKE,WI,AGL,CE,Towers with Radar,207,277,56,10,550,0,2,10,0,12,207,279,66,10,562,0,0,0,562
03/06/2001,MKE,WI,AGL,CE,Towers with Radar,238,319,81,14,652,1,3,17,1,22,239,322,98,15,674,2,0,2,676
03/07/2001,MKE,WI,AGL,CE,Towers with Radar,249,321,93,14,677,0,6,25,0,31,249,327,118,14,708,12,0,12,720
03/08/2001,MKE,WI,AGL,CE,Towers with Radar,244,322,84,23,673,1,4,11,2,18,245,326,95,25,691,0,0,0,691
03/09/2001,MKE,WI,AGL,CE,Towers with Radar,259,296,80,11,646,0,6,34,2,42,259,302,114,13,688,26,0,26,714
03/10/2001,MKE,WI,AGL,CE,Towers with Radar,195,127,31,4,357,0,1,17,0,18,195,128,48,4,375,26,0,26,401
03/11/2001,MKE,WI,AGL,CE,Towers with Radar,201,154,33,6,394,1,0,25,0,26,202,154,58,6,420,4,0,4,424
03/12/2001,MKE,WI,AGL,CE,Towers with Radar,246,276,86,6,614,0,1,0,0,1,246,277,86,6,615,0,0,0,615
03/13/2001,MKE,WI,AGL,CE,Towers with Radar,246,320,72,11,649,1,1,9,0,11,247,321,81,11,660,2,0,2,662
03/14/2001,MKE,WI,AGL,CE,Towers with Radar,253,325,89,19,686,0,3,21,2,26,253,328,110,21,712,4,0,4,716
03/15/2001,MKE,WI,AGL,CE,Towers with Radar,249,332,87,18,686,0,1,4,0,5,249,333,91,18,691,2,0,2,693
03/16/2001,MKE,WI,AGL,CE,Towers with Radar,252,300,82,12,646,0,2,12,0,14,252,302,94,12,660,2,0,2,662
03/17/2001,MKE,WI,AGL,CE,Towers with Radar,212,117,32,9,370,2,9,17,2,30,214,126,49,11,400,0,0,0,400
03/18/2001,MKE,WI,AGL,CE,Towers with Radar,194,172,29,3,398,1,1,35,1,38,195,173,64,4,436,34,0,34,470
03/19/2001,MKE,WI,AGL,CE,Towers with Radar,250,290,59,11,610,0,4,36,4,44,250,294,95,15,654,10,0,10,664
03/20/2001,MKE,WI,AGL,CE,Towers with Radar,251,315,67,16,649,0,10,31,3,44,251,325,98,19,693,10,0,10,703
03/21/2001,MKE,WI,AGL,CE,Towers with Radar,242,310,83,11,646,0,5,25,3,33,242,315,108,14,679,26,0,26,705
03/22/2001,MKE,WI,AGL,CE,Towers with Radar,266,315,66,22,669,0,15,33,1,49,266,330,99,23,718,20,0,20,738
03/23/2001,MKE,WI,AGL,CE,Towers with Radar,256,313,68,9,646,0,10,32,3,45,256,323,100,12,691,20,0,20,711
03/24/2001,MKE,WI,AGL,CE,Towers with Radar,203,127,33,4,367,0,6,36,0,42,203,133,69,4,409,8,0,8,417
03/25/2001,MKE,WI,AGL,CE,Towers with Radar,203,177,37,4,421,0,0,7,0,7,203,177,44,4,428,2,0,2,430
03/26/2001,MKE,WI,AGL,CE,Towers with Radar,244,267,58,8,577,0,5,26,2,33,244,272,84,10,610,0,0,0,610
03/27/2001,MKE,WI,AGL,CE,Towers with Radar,253,308,78,13,652,0,7,35,2,44,253,315,113,15,696,6,0,6,702
03/28/2001,MKE,WI,AGL,CE,Towers with Radar,245,302,83,13,643,2,2,13,5,22,247,304,96,18,665,2,0,2,667
03/29/2001,MKE,WI,AGL,CE,Towers with Radar,258,312,106,17,693,0,2,10,2,14,258,314,116,19,707,12,0,12,719
03/30/2001,MKE,WI,AGL,CE,Towers with Radar,242,300,74,11,627,0,3,10,0,13,242,303,84,11,640,6,0,6,646
03/31/2001,MKE,WI,AGL,CE,Towers with Radar,212,129,57,5,403,0,0,10,0,10,212,129,67,5,413,2,0,2,415
04/01/2001,MKE,WI,AGL,CE,Towers with Radar,201,167,39,9,416,1,0,10,0,11,202,167,49,9,427,10,0,10,437
04/02/2001,MKE,WI,AGL,CE,Towers with Radar,228,293,50,8,579,0,2,20,2,24,228,295,70,10,603,0,0,0,603
04/03/2001,MKE,WI,AGL,CE,Towers with Radar,244,321,103,13,681,0,1,16,1,18,244,322,119,14,699,4,0,4,703
04/04/2001,MKE,WI,AGL,CE,Towers with Radar,245,299,70,10,624,1,8,29,5,43,246,307,99,15,667,4,0,4,671
04/05/2001,MKE,WI,AGL,CE,Towers with Radar,266,298,86,9,659,0,2,16,3,21,266,300,102,12,680,0,0,0,680
04/06/2001,MKE,WI,AGL,CE,Towers with Radar,245,296,78,17,636,0,3,2,0,5,245,299,80,17,641,0,0,0,641
04/07/2001,MKE,WI,AGL,CE,Towers with Radar,211,118,32,10,371,0,0,4,0,4,211,118,36,10,375,18,0,18,393
04/08/2001,MKE,WI,AGL,CE,Towers with Radar,188,166,36,11,401,0,0,38,0,38,188,166,74,11,439,38,0,38,477
04/09/2001,MKE,WI,AGL,CE,Towers with Radar,239,284,81,14,618,0,0,2,0,2,239,284,83,14,620,0,0,0,620
04/10/2001,MKE,WI,AGL,CE,Towers with Radar,243,326,126,15,710,0,1,7,0,8,243,327,133,15,718,14,0,14,732
04/11/2001,MKE,WI,AGL,CE,Towers with Radar,240,258,52,5,555,0,1,0,0,1,240,259,52,5,556,0,0,0,556
04/12/2001,MKE,WI,AGL,CE,Towers with Radar,255,289,74,13,631,0,0,2,1,3,255,289,76,14,634,12,0,12,646
04/13/2001,MKE,WI,AGL,CE,Towers with Radar,237,276,35,10,558,1,4,42,3,50,238,280,77,13,608,34,0,34,642
04/14/2001,MKE,WI,AGL,CE,Towers with Radar,198,121,17,3,339,0,1,24,0,25,198,122,41,3,364,28,0,28,392
04/15/2001,MKE,WI,AGL,CE,Towers with Radar,189,174,8,0,371,1,0,9,0,10,190,174,17,0,381,20,0,20,401
04/16/2001,MKE,WI,AGL,CE,Towers with Radar,228,287,54,13,582,0,2,9,1,12,228,289,63,14,594,0,0,0,594
04/17/2001,MKE,WI,AGL,CE,Towers with Radar,246,317,65,20,648,0,6,27,2,35,246,323,92,22,683,30,0,30,713
04/18/2001,MKE,WI,AGL,CE,Towers with Radar,243,312,80,10,645,0,10,25,2,37,243,322,105,12,682,25,0,25,707
04/19/2001,MKE,WI,AGL,CE,Towers with Radar,244,313,77,19,653,0,6,38,4,48,244,319,115,23,701,20,0,20,721
04/20/2001,MKE,WI,AGL,CE,Towers with Radar,241,314,74,10,639,0,3,14,0,17,241,317,88,10,656,12,0,12,668
04/21/2001,MKE,WI,AGL,CE,Towers with Radar,212,118,31,9,370,0,1,2,0,3,212,119,33,9,373,8,0,8,381
04/22/2001,MKE,WI,AGL,CE,Towers with Radar,189,141,49,5,384,8,0,3,0,11,197,141,52,5,395,16,0,16,411
04/23/2001,MKE,WI,AGL,CE,Towers with Radar,254,282,53,7,596,0,5,5,0,10,254,287,58,7,606,1,0,1,607
04/24/2001,MKE,WI,AGL,CE,Towers with Radar,241,308,77,19,645,1,13,27,5,46,242,321,104,24,691,6,0,6,697
04/25/2001,MKE,WI,AGL,CE,Towers with Radar,233,322,87,13,655,0,8,28,10,46,233,330,115,23,701,2,0,2,703
04/26/2001,MKE,WI,AGL,CE,Towers with Radar,247,314,99,23,683,0,5,43,6,54,247,319,142,29,737,4,0,4,741
04/27/2001,MKE,WI,AGL,CE,Towers with Radar,236,303,77,12,628,0,5,40,4,49,236,308,117,16,677,20,0,20,697
04/28/2001,MKE,WI,AGL,CE,Towers with Radar,196,118,62,8,384,0,4,26,3,33,196,122,88,11,417,38,0,38,455
04/29/2001,MKE,WI,AGL,CE,Towers with Radar,200,169,39,6,414,0,0,17,0,17,200,169,56,6,431,14,0,14,445
04/30/2001,MKE,WI,AGL,CE,Towers with Radar,235,278,65,5,583,0,6,39,4,49,235,284,104,9,632,23,0,23,655
05/01/2001,MKE,WI,AGL,CE,Towers with Radar,244,306,101,22,673,0,11,23,1,35,244,317,124,23,708,6,0,6,714
05/02/2001,MKE,WI,AGL,CE,Towers with Radar,233,317,107,15,672,1,9,21,2,33,234,326,128,17,705,19,0,19,724
05/03/2001,MKE,WI,AGL,CE,Towers with Radar,244,326,117,12,699,1,3,8,2,14,245,329,125,14,713,2,0,2,715
05/04/2001,MKE,WI,AGL,CE,Towers with Radar,239,309,90,13,651,1,6,15,0,22,240,315,105,13,673,5,0,5,678
05/05/2001,MKE,WI,AGL,CE,Towers with Radar,182,126,36,8,352,0,2,6,1,9,182,128,42,9,361,7,0,7,368
05/06/2001,MKE,WI,AGL,CE,Towers with Radar,196,169,47,23,435,0,0,10,1,11,196,169,57,24,446,3,0,3,449
05/07/2001,MKE,WI,AGL,CE,Towers with Radar,228,279,69,8,584,0,3,9,1,13,228,282,78,9,597,0,0,0,597
05/08/2001,MKE,WI,AGL,CE,Towers with Radar,240,315,87,22,664,2,8,31,3,44,242,323,118,25,708,8,0,8,716
05/09/2001,MKE,WI,AGL,CE,Towers with Radar,232,307,100,15,654,0,10,30,0,40,232,317,130,15,694,8,0,8,702
05/10/2001,MKE,WI,AGL,CE,Towers with Radar,246,306,88,16,656,1,5,20,2,28,247,311,108,18,684,49,0,49,733
05/11/2001,MKE,WI,AGL,CE,Towers with Radar,245,306,88,11,650,0,2,3,0,5,245,308,91,11,655,10,0,10,665
05/12/2001,MKE,WI,AGL,CE,Towers with Radar,208,131,41,7,387,6,1,34,1,42,214,132,75,8,429,54,0,54,483
05/13/2001,MKE,WI,AGL,CE,Towers with Radar,191,159,25,12,387,0,0,22,0,22,191,159,47,12,409,8,0,8,417
05/14/2001,MKE,WI,AGL,CE,Towers with Radar,241,282,80,4,607,0,2,11,1,14,241,284,91,5,621,5,0,5,626
05/15/2001,MKE,WI,AGL,CE,Towers with Radar,236,304,91,15,646,0,9,23,1,33,236,313,114,16,679,12,0,12,691
05/16/2001,MKE,WI,AGL,CE,Towers with Radar,246,312,92,18,668,0,7,16,0,23,246,319,108,18,691,2,0,2,693
05/17/2001,MKE,WI,AGL,CE,Towers with Radar,244,316,101,18,679,0,4,27,2,33,244,320,128,20,712,46,0,46,758
05/18/2001,MKE,WI,AGL,CE,Towers with Radar,249,300,89,31,669,0,4,43,21,68,249,304,132,52,737,30,0,30,767
05/19/2001,MKE,WI,AGL,CE,Towers with Radar,188,121,40,5,354,7,11,195,72,285,195,132,235,77,639,29,0,29,668
05/20/2001,MKE,WI,AGL,CE,Towers with Radar,187,168,68,19,442,2,2,144,56,204,189,170,212,75,646,100,0,100,746
05/21/2001,MKE,WI,AGL,CE,Towers with Radar,248,272,74,23,617,0,1,8,1,10,248,273,82,24,627,2,0,2,629
05/22/2001,MKE,WI,AGL,CE,Towers with Radar,231,315,82,21,649,0,7,20,4,31,231,322,102,25,680,6,0,6,686
05/23/2001,MKE,WI,AGL,CE,Towers with Radar,237,326,97,16,676,0,7,13,4,24,237,333,110,20,700,23,0,23,723
05/24/2001,MKE,WI,AGL,CE,Towers with Radar,236,327,103,19,685,0,3,5,2,10,236,330,108,21,695,15,0,15,710
05/25/2001,MKE,WI,AGL,CE,Towers with Radar,260,294,68,8,630,0,2,6,0,8,260,296,74,8,638,4,0,4,642
05/26/2001,MKE,WI,AGL,CE,Towers with Radar,175,116,40,1,332,0,0,3,0,3,175,116,43,1,335,0,0,0,335
05/27/2001,MKE,WI,AGL,CE,Towers with Radar,110,73,32,7,222,0,0,13,0,13,110,73,45,7,235,2,0,2,237
05/28/2001,MKE,WI,AGL,CE,Towers with Radar,177,168,29,7,381,0,0,36,2,38,177,168,65,9,419,27,0,27,446
05/29/2001,MKE,WI,AGL,CE,Towers with Radar,233,286,71,15,605,0,5,33,1,39,233,291,104,16,644,2,0,2,646
05/30/2001,MKE,WI,AGL,CE,Towers with Radar,237,323,82,12,654,0,7,54,0,61,237,330,136,12,715,3,0,3,718
05/31/2001,MKE,WI,AGL,CE,Towers with Radar,248,315,96,11,670,1,3,27,1,32,249,318,123,12,702,2,0,2,704
06/01/2001,MKE,WI,AGL,CE,Towers with Radar,236,307,94,16,653,0,1,3,0,4,236,308,97,16,657,0,0,0,657
06/02/2001,MKE,WI,AGL,CE,Towers with Radar,180,139,38,10,367,0,0,1,0,1,180,139,39,10,368,0,0,0,368
06/03/2001,MKE,WI,AGL,CE,Towers with Radar,183,178,53,13,427,0,1,21,1,23,183,179,74,14,450,12,0,12,462
06/04/2001,MKE,WI,AGL,CE,Towers with Radar,229,285,101,8,623,0,0,4,0,4,229,285,105,8,627,0,0,0,627
06/05/2001,MKE,WI,AGL,CE,Towers with Radar,239,310,86,11,646,0,2,5,1,8,239,312,91,12,654,8,0,8,662
06/06/2001,MKE,WI,AGL,CE,Towers with Radar,232,305,117,13,667,0,0,4,0,4,232,305,121,13,671,0,0,0,671
06/07/2001,MKE,WI,AGL,CE,Towers with Radar,240,315,87,16,658,0,6,30,1,37,240,321,117,17,695,12,0,12,707
06/08/2001,MKE,WI,AGL,CE,Towers with Radar,243,311,79,10,643,2,12,57,2,73,245,323,136,12,716,14,0,14,730
06/09/2001,MKE,WI,AGL,CE,Towers with Radar,182,129,58,6,375,0,4,32,0,36,182,133,90,6,411,20,0,20,431
06/10/2001,MKE,WI,AGL,CE,Towers with Radar,179,171,32,10,392,0,0,14,0,14,179,171,46,10,406,12,0,12,418
06/11/2001,MKE,WI,AGL,CE,Towers with Radar,213,291,70,6,580,0,10,28,2,40,213,301,98,8,620,0,0,0,620
06/12/2001,MKE,WI,AGL,CE,Towers with Radar,241,315,68,19,643,0,1,19,3,23,241,316,87,22,666,0,0,0,666
06/13/2001,MKE,WI,AGL,CE,Towers with Radar,230,326,92,21,669,0,7,33,4,44,230,333,125,25,713,2,0,2,715
06/14/2001,MKE,WI,AGL,CE,Towers with Radar,235,323,105,21,684,2,7,32,0,41,237,330,137,21,725,15,0,15,740
06/15/2001,MKE,WI,AGL,CE,Towers with Radar,229,309,72,11,621,0,5,12,2,19,229,314,84,13,640,4,0,4,644
06/16/2001,MKE,WI,AGL,CE,Towers with Radar,178,121,34,3,336,1,2,27,0,30,179,123,61,3,366,18,0,18,384
06/17/2001,MKE,WI,AGL,CE,Towers with Radar,183,164,32,3,382,0,0,30,0,30,183,164,62,3,412,18,0,18,430
06/18/2001,MKE,WI,AGL,CE,Towers with Radar,232,283,68,10,593,0,7,15,0,22,232,290,83,10,615,6,0,6,621
06/19/2001,MKE,WI,AGL,CE,Towers with Radar,240,324,90,15,669,0,5,30,4,39,240,329,120,19,708,7,0,7,715
06/20/2001,MKE,WI,AGL,CE,Towers with Radar,243,310,98,14,665,1,8,67,3,79,244,318,165,17,744,16,0,16,760
06/21/2001,MKE,WI,AGL,CE,Towers with Radar,233,321,113,19,686,0,6,27,3,36,233,327,140,22,722,4,0,4,726
06/22/2001,MKE,WI,AGL,CE,Towers with Radar,226,318,94,5,643,0,4,43,2,49,226,322,137,7,692,15,0,15,707
06/23/2001,MKE,WI,AGL,CE,Towers with Radar,177,135,29,8,349,2,3,29,1,35,179,138,58,9,384,32,0,32,416
06/24/2001,MKE,WI,AGL,CE,Towers with Radar,185,159,24,4,372,0,0,26,0,26,185,159,50,4,398,4,0,4,402
06/25/2001,MKE,WI,AGL,CE,Towers with Radar,238,279,87,10,614,2,4,37,2,45,240,283,124,12,659,4,0,4,663
06/26/2001,MKE,WI,AGL,CE,Towers with Radar,234,321,87,14,656,0,3,32,3,38,234,324,119,17,694,12,0,12,706
06/27/2001,MKE,WI,AGL,CE,Towers with Radar,237,323,90,17,667,0,4,32,3,39,237,327,122,20,706,20,0,20,726
06/28/2001,MKE,WI,AGL,CE,Towers with Radar,251,313,118,23,705,0,9,35,3,47,251,322,153,26,752,4,0,4,756
06/29/2001,MKE,WI,AGL,CE,Towers with Radar,236,304,105,9,654,0,6,36,1,43,236,310,141,10,697,12,0,12,709
06/30/2001,MKE,WI,AGL,CE,Towers with Radar,170,127,49,5,351,0,3,34,0,37,170,130,83,5,388,38,0,38,426
07/01/2001,MKE,WI,AGL,CE,Towers with Radar,177,163,53,4,397,0,0,16,0,16,177,163,69,4,413,10,0,10,423
07/02/2001,MKE,WI,AGL,CE,Towers with Radar,229,256,65,10,560,0,7,50,0,57,229,263,115,10,617,12,0,12,629
07/03/2001,MKE,WI,AGL,CE,Towers with Radar,222,289,67,13,591,0,5,31,1,37,222,294,98,14,628,0,0,0,628
07/04/2001,MKE,WI,AGL,CE,Towers with Radar,156,125,21,2,304,0,2,21,5,28,156,127,42,7,332,5,0,5,337
07/05/2001,MKE,WI,AGL,CE,Towers with Radar,207,220,52,21,500,1,10,40,1,52,208,230,92,22,552,53,0,53,605
07/06/2001,MKE,WI,AGL,CE,Towers with Radar,230,273,74,13,590,1,9,41,6,57,231,282,115,19,647,26,0,26,673
07/07/2001,MKE,WI,AGL,CE,Towers with Radar,180,127,27,13,347,0,1,21,0,22,180,128,48,13,369,26,0,26,395
07/08/2001,MKE,WI,AGL,CE,Towers with Radar,173,176,47,10,406,1,0,16,0,17,174,176,63,10,423,8,0,8,431
07/09/2001,MKE,WI,AGL,CE,Towers with Radar,230,276,84,13,603,0,7,38,1,46,230,283,122,14,649,0,0,0,649
07/10/2001,MKE,WI,AGL,CE,Towers with Radar,236,317,72,15,640,0,6,27,3,36,236,323,99,18,676,4,0,4,680
07/11/2001,MKE,WI,AGL,CE,Towers with Radar,245,306,78,13,642,1,4,32,2,39,246,310,110,15,681,0,0,0,681
07/12/2001,MKE,WI,AGL,CE,Towers with Radar,251,322,110,25,708,1,5,65,2,73,252,327,175,27,781,9,0,9,790
07/13/2001,MKE,WI,AGL,CE,Towers with Radar,250,305,78,13,646,1,6,44,0,51,251,311,122,13,697,5,0,5,702
07/14/2001,MKE,WI,AGL,CE,Towers with Radar,186,138,28,9,361,0,4,20,0,24,186,142,48,9,385,39,0,39,424
07/15/2001,MKE,WI,AGL,CE,Towers with Radar,180,172,34,5,391,1,1,22,2,26,181,173,56,7,417,0,0,0,417
07/16/2001,MKE,WI,AGL,CE,Towers with Radar,232,288,79,14,613,0,6,38,0,44,232,294,117,14,657,0,0,0,657
07/17/2001,MKE,WI,AGL,CE,Towers with Radar,251,312,106,25,694,0,3,8,0,11,251,315,114,25,705,0,0,0,705
07/18/2001,MKE,WI,AGL,CE,Towers with Radar,238,308,148,12,706,0,0,1,0,1,238,308,149,12,707,0,0,0,707
07/19/2001,MKE,WI,AGL,CE,Towers with Radar,245,294,123,20,682,1,0,8,0,9,246,294,131,20,691,0,0,0,691
07/20/2001,MKE,WI,AGL,CE,Towers with Radar,249,317,105,16,687,1,2,32,3,38,250,319,137,19,725,0,0,0,725
07/21/2001,MKE,WI,AGL,CE,Towers with Radar,189,133,41,3,366,3,0,16,2,21,192,133,57,5,387,20,0,20,407
07/22/2001,MKE,WI,AGL,CE,Towers with Radar,176,162,34,5,377,1,0,13,0,14,177,162,47,5,391,6,0,6,397
07/23/2001,MKE,WI,AGL,CE,Towers with Radar,231,290,109,17,647,0,3,36,2,41,231,293,145,19,688,8,0,8,696
07/24/2001,MKE,WI,AGL,CE,Towers with Radar,239,325,95,16,675,0,3,34,2,39,239,328,129,18,714,9,0,9,723
07/25/2001,MKE,WI,AGL,CE,Towers with Radar,240,316,131,13,700,1,3,32,1,37,241,319,163,14,737,3,0,3,740
07/26/2001,MKE,WI,AGL,CE,Towers with Radar,247,322,130,19,718,1,9,86,5,101,248,331,216,24,819,20,0,20,839
07/27/2001,MKE,WI,AGL,CE,Towers with Radar,250,299,86,23,658,0,10,86,3,99,250,309,172,26,757,14,0,14,771
07/28/2001,MKE,WI,AGL,CE,Towers with Radar,191,140,63,13,407,0,1,19,0,20,191,141,82,13,427,35,0,35,462
07/29/2001,MKE,WI,AGL,CE,Towers with Radar,201,173,86,19,479,1,0,12,2,15,202,173,98,21,494,0,0,0,494
07/30/2001,MKE,WI,AGL,CE,Towers with Radar,237,280,75,11,603,2,2,23,1,28,239,282,98,12,631,2,0,2,633
07/31/2001,MKE,WI,AGL,CE,Towers with Radar,242,329,75,19,665,0,4,30,1,35,242,333,105,20,700,0,0,0,700
08/01/2001,MKE,WI,AGL,CE,Towers with Radar,229,342,94,10,675,0,2,27,0,29,229,344,121,10,704,13,0,13,717
08/02/2001,MKE,WI,AGL,CE,Towers with Radar,238,332,107,15,692,1,2,19,0,22,239,334,126,15,714,25,0,25,739
08/03/2001,MKE,WI,AGL,CE,Towers with Radar,232,329,87,23,671,0,2,26,6,34,232,331,113,29,705,10,0,10,715
08/04/2001,MKE,WI,AGL,CE,Towers with Radar,189,139,28,7,363,1,5,39,7,52,190,144,67,14,415,26,0,26,441
08/05/2001,MKE,WI,AGL,CE,Towers with Radar,187,170,44,8,409,2,2,34,5,43,189,172,78,13,452,37,0,37,489
08/06/2001,MKE,WI,AGL,CE,Towers with Radar,229,303,65,15,612,0,0,31,0,31,229,303,96,15,643,2,0,2,645
08/07/2001,MKE,WI,AGL,CE,Towers with Radar,260,349,87,19,715,2,4,22,0,28,262,353,109,19,743,5,0,5,748
08/08/2001,MKE,WI,AGL,CE,Towers with Radar,234,344,92,14,684,1,5,17,1,24,235,349,109,15,708,0,0,0,708
08/09/2001,MKE,WI,AGL,CE,Towers with Radar,225,318,95,20,658,0,2,22,5,29,225,320,117,25,687,29,0,29,716
08/10/2001,MKE,WI,AGL,CE,Towers with Radar,233,322,81,7,643,0,9,55,2,66,233,331,136,9,709,2,0,2,711
08/11/2001,MKE,WI,AGL,CE,Towers with Radar,171,140,30,5,346,0,2,38,0,40,171,142,68,5,386,9,0,9,395
08/12/2001,MKE,WI,AGL,CE,Towers with Radar,183,174,43,1,401,0,0,24,0,24,183,174,67,1,425,9,0,9,434
08/13/2001,MKE,WI,AGL,CE,Towers with Radar,223,307,65,14,609,0,2,46,0,48,223,309,111,14,657,10,0,10,667
08/14/2001,MKE,WI,AGL,CE,Towers with Radar,240,344,91,17,692,0,1,49,0,50,240,345,140,17,742,4,0,4,746
08/15/2001,MKE,WI,AGL,CE,Towers with Radar,236,334,98,21,689,3,2,21,0,26,239,336,119,21,715,4,0,4,719
08/16/2001,MKE,WI,AGL,CE,Towers with Radar,252,338,117,22,729,0,0,22,0,22,252,338,139,22,751,2,0,2,753
08/17/2001,MKE,WI,AGL,CE,Towers with Radar,244,327,63,13,647,2,3,33,2,40,246,330,96,15,687,20,0,20,707
08/18/2001,MKE,WI,AGL,CE,Towers with Radar,182,133,33,7,355,2,1,13,1,17,184,134,46,8,372,28,0,28,400
08/19/2001,MKE,WI,AGL,CE,Towers with Radar,193,180,33,6,412,0,0,4,0,4,193,180,37,6,416,0,0,0,416
08/20/2001,MKE,WI,AGL,CE,Towers with Radar,230,308,62,23,623,1,3,51,2,57,231,311,113,25,680,5,0,5,685
08/21/2001,MKE,WI,AGL,CE,Towers with Radar,244,338,86,20,688,0,8,32,1,41,244,346,118,21,729,4,0,4,733
08/22/2001,MKE,WI,AGL,CE,Towers with Radar,237,322,79,13,651,0,0,13,1,14,237,322,92,14,665,6,0,6,671
08/23/2001,MKE,WI,AGL,CE,Towers with Radar,245,342,108,24,719,0,0,8,0,8,245,342,116,24,727,4,0,4,731
08/24/2001,MKE,WI,AGL,CE,Towers with Radar,243,334,81,23,681,0,0,7,0,7,243,334,88,23,688,10,0,10,698
08/25/2001,MKE,WI,AGL,CE,Towers with Radar,180,142,26,2,350,0,0,0,0,0,180,142,26,2,350,0,0,0,350
08/26/2001,MKE,WI,AGL,CE,Towers with Radar,191,176,44,7,418,0,0,19,2,21,191,176,63,9,439,15,0,15,454
08/27/2001,MKE,WI,AGL,CE,Towers with Radar,224,306,70,16,616,0,2,36,2,40,224,308,106,18,656,40,0,40,696
08/28/2001,MKE,WI,AGL,CE,Towers with Radar,242,344,77,22,685,1,9,55,3,68,243,353,132,25,753,20,0,20,773
08/29/2001,MKE,WI,AGL,CE,Towers with Radar,238,344,110,14,706,0,5,46,0,51,238,349,156,14,757,6,0,6,763
08/30/2001,MKE,WI,AGL,CE,Towers with Radar,251,344,86,26,707,0,8,23,2,33,251,352,109,28,740,4,0,4,744
08/31/2001,MKE,WI,AGL,CE,Towers with Radar,257,336,69,2,664,0,8,30,1,39,257,344,99,3,703,4,0,4,707
09/01/2001,MKE,WI,AGL,CE,Towers with Radar,167,123,24,2,316,0,4,19,0,23,167,127,43,2,339,20,0,20,359
09/02/2001,MKE,WI,AGL,CE,Towers with Radar,114,72,15,0,201,0,0,17,0,17,114,72,32,0,218,2,0,2,220
09/03/2001,MKE,WI,AGL,CE,Towers with Radar,180,173,33,1,387,0,1,12,0,13,180,174,45,1,400,30,0,30,430
09/04/2001,MKE,WI,AGL,CE,Towers with Radar,219,303,63,15,600,0,6,46,0,52,219,309,109,15,652,2,0,2,654
09/05/2001,MKE,WI,AGL,CE,Towers with Radar,236,355,83,20,694,1,5,43,6,55,237,360,126,26,749,18,0,18,767
09/06/2001,MKE,WI,AGL,CE,Towers with Radar,239,350,84,19,692,0,4,34,5,43,239,354,118,24,735,17,0,17,752
09/07/2001,MKE,WI,AGL,CE,Towers with Radar,214,313,82,11,620,0,2,4,0,6,214,315,86,11,626,3,0,3,629
09/08/2001,MKE,WI,AGL,CE,Towers with Radar,171,151,37,11,370,0,0,5,0,5,171,151,42,11,375,8,0,8,383
09/09/2001,MKE,WI,AGL,CE,Towers with Radar,164,198,52,14,428,0,0,3,0,3,164,198,55,14,431,6,0,6,437
09/10/2001,MKE,WI,AGL,CE,Towers with Radar,214,320,85,19,638,2,4,42,1,49,216,324,127,20,687,12,0,12,699
09/11/2001,MKE,WI,AGL,CE,Towers with Radar,58,88,31,3,180,0,2,6,0,8,58,90,37,3,188,0,0,0,188
09/12/2001,MKE,WI,AGL,CE,Towers with Radar,0,0,2,7,9,0,0,0,0,0,0,0,2,7,9,0,0,0,9
09/13/2001,MKE,WI,AGL,CE,Towers with Radar,79,159,3,2,243,0,0,2,1,3,79,159,5,3,246,1,0,1,247
09/14/2001,MKE,WI,AGL,CE,Towers with Radar,169,302,12,5,488,0,0,0,0,0,169,302,12,5,488,0,0,0,488
09/15/2001,MKE,WI,AGL,CE,Towers with Radar,135,154,21,5,315,0,0,0,0,0,135,154,21,5,315,0,0,0,315
09/16/2001,MKE,WI,AGL,CE,Towers with Radar,157,179,25,3,364,0,0,0,0,0,157,179,25,3,364,0,0,0,364
09/17/2001,MKE,WI,AGL,CE,Towers with Radar,209,316,35,14,574,0,0,0,0,0,209,316,35,14,574,0,0,0,574
09/18/2001,MKE,WI,AGL,CE,Towers with Radar,205,354,55,20,634,0,0,1,0,1,205,354,56,20,635,0,0,0,635
09/19/2001,MKE,WI,AGL,CE,Towers with Radar,201,358,77,15,651,0,0,0,0,0,201,358,77,15,651,0,0,0,651
09/20/2001,MKE,WI,AGL,CE,Towers with Radar,205,360,76,19,660,0,0,11,0,11,205,360,87,19,671,4,0,4,675
09/21/2001,MKE,WI,AGL,CE,Towers with Radar,185,300,62,11,558,0,0,10,0,10,185,300,72,11,568,0,0,0,568
09/22/2001,MKE,WI,AGL,CE,Towers with Radar,133,137,31,7,308,0,1,12,0,13,133,138,43,7,321,2,0,2,323
09/23/2001,MKE,WI,AGL,CE,Towers with Radar,146,159,22,4,331,0,0,0,0,0,146,159,22,4,331,0,0,0,331
09/24/2001,MKE,WI,AGL,CE,Towers with Radar,171,257,64,15,507,0,2,6,0,8,171,259,70,15,515,6,0,6,521
09/25/2001,MKE,WI,AGL,CE,Towers with Radar,176,299,82,21,578,0,1,9,3,13,176,300,91,24,591,4,0,4,595
09/26/2001,MKE,WI,AGL,CE,Towers with Radar,173,303,71,18,565,0,1,31,0,32,173,304,102,18,597,0,0,0,597
09/27/2001,MKE,WI,AGL,CE,Towers with Radar,179,317,83,19,598,1,1,19,0,21,180,318,102,19,619,4,0,4,623
09/28/2001,MKE,WI,AGL,CE,Towers with Radar,184,304,72,12,572,0,0,5,2,7,184,304,77,14,579,16,0,16,595
09/29/2001,MKE,WI,AGL,CE,Towers with Radar,134,150,46,4,334,0,2,22,0,24,134,152,68,4,358,12,0,12,370
09/30/2001,MKE,WI,AGL,CE,Towers with Radar,152,184,47,3,386,1,0,11,1,13,153,184,58,4,399,22,0,22,421
10/01/2001,MKE,WI,AGL,CE,Towers with Radar,192,280,64,14,550,0,4,40,0,44,192,284,104,14,594,2,0,2,596
10/02/2001,MKE,WI,AGL,CE,Towers with Radar,193,316,82,19,610,1,2,46,0,49,194,318,128,19,659,6,0,6,665
10/03/2001,MKE,WI,AGL,CE,Towers with Radar,195,312,70,20,597,0,2,25,1,28,195,314,95,21,625,4,0,4,629
10/04/2001,MKE,WI,AGL,CE,Towers with Radar,204,330,79,27,640,0,11,18,2,31,204,341,97,29,671,4,0,4,675
10/05/2001,MKE,WI,AGL,CE,Towers with Radar,198,304,67,10,579,0,2,24,2,28,198,306,91,12,607,4,0,4,611
10/06/2001,MKE,WI,AGL,CE,Towers with Radar,144,134,29,4,311,0,1,16,0,17,144,135,45,4,328,10,0,10,338
10/07/2001,MKE,WI,AGL,CE,Towers with Radar,132,155,40,4,331,0,0,21,0,21,132,155,61,4,352,0,0,0,352
10/08/2001,MKE,WI,AGL,CE,Towers with Radar,185,266,59,5,515,0,3,26,3,32,185,269,85,8,547,0,0,0,547
10/09/2001,MKE,WI,AGL,CE,Towers with Radar,191,298,84,24,597,0,4,17,1,22,191,302,101,25,619,10,0,10,629
10/10/2001,MKE,WI,AGL,CE,Towers with Radar,204,320,86,13,623,0,0,2,0,2,204,320,88,13,625,2,0,2,627
10/11/2001,MKE,WI,AGL,CE,Towers with Radar,209,320,89,18,636,0,7,37,2,46,209,327,126,20,682,34,0,34,716
10/12/2001,MKE,WI,AGL,CE,Towers with Radar,211,310,73,18,612,0,1,6,0,7,211,311,79,18,619,0,0,0,619
10/13/2001,MKE,WI,AGL,CE,Towers with Radar,149,139,41,6,335,0,0,0,0,0,149,139,41,6,335,0,0,0,335
10/14/2001,MKE,WI,AGL,CE,Towers with Radar,143,168,32,8,351,0,1,5,2,8,143,169,37,10,359,4,0,4,363
10/15/2001,MKE,WI,AGL,CE,Towers with Radar,183,281,50,15,529,0,7,21,4,32,183,288,71,19,561,1,0,1,562
10/16/2001,MKE,WI,AGL,CE,Towers with Radar,189,316,67,13,585,0,8,14,0,22,189,324,81,13,607,4,0,4,611
10/17/2001,MKE,WI,AGL,CE,Towers with Radar,206,308,77,25,616,0,7,47,0,54,206,315,124,25,670,3,0,3,673
10/18/2001,MKE,WI,AGL,CE,Towers with Radar,207,321,64,13,605,0,6,22,0,28,207,327,86,13,633,64,0,64,697
10/19/2001,MKE,WI,AGL,CE,Towers with Radar,204,318,52,17,591,0,7,30,1,38,204,325,82,18,629,0,0,0,629
10/20/2001,MKE,WI,AGL,CE,Towers with Radar,142,142,30,4,318,0,2,25,1,28,142,144,55,5,346,60,0,60,406
10/21/2001,MKE,WI,AGL,CE,Towers with Radar,151,159,41,6,357,0,0,13,0,13,151,159,54,6,370,2,0,2,372
10/22/2001,MKE,WI,AGL,CE,Towers with Radar,189,282,77,5,553,0,1,3,1,5,189,283,80,6,558,22,0,22,580
10/23/2001,MKE,WI,AGL,CE,Towers with Radar,188,337,79,9,613,0,1,1,0,2,188,338,80,9,615,0,0,0,615
10/24/2001,MKE,WI,AGL,CE,Towers with Radar,195,313,79,7,594,0,0,0,1,1,195,313,79,8,595,0,0,0,595
10/25/2001,MKE,WI,AGL,CE,Towers with Radar,200,329,79,6,614,0,0,1,0,1,200,329,80,6,615,2,0,2,617
10/26/2001,MKE,WI,AGL,CE,Towers with Radar,197,311,66,3,577,0,4,7,1,12,197,315,73,4,589,4,0,4,593
10/27/2001,MKE,WI,AGL,CE,Towers with Radar,133,140,20,0,293,1,0,20,0,21,134,140,40,0,314,11,0,11,325
10/28/2001,MKE,WI,AGL,CE,Towers with Radar,142,166,26,4,338,0,0,11,0,11,142,166,37,4,349,0,0,0,349
10/29/2001,MKE,WI,AGL,CE,Towers with Radar,195,294,88,11,588,0,2,20,1,23,195,296,108,12,611,2,0,2,613
10/30/2001,MKE,WI,AGL,CE,Towers with Radar,189,309,77,18,593,0,3,15,1,19,189,312,92,19,612,12,0,12,624
10/31/2001,MKE,WI,AGL,CE,Towers with Radar,196,328,72,15,611,0,3,13,3,19,196,331,85,18,630,12,0,12,642
11/01/2001,MKE,WI,AGL,CE,Towers with Radar,182,354,74,13,623,0,4,16,0,20,182,358,90,13,643,0,0,0,643
11/02/2001,MKE,WI,AGL,CE,Towers with Radar,178,341,64,17,600,1,3,29,2,35,179,344,93,19,635,18,0,18,653
11/03/2001,MKE,WI,AGL,CE,Towers with Radar,137,160,24,13,334,1,1,27,0,29,138,161,51,13,363,10,0,10,373
11/04/2001,MKE,WI,AGL,CE,Towers with Radar,136,182,30,10,358,0,0,30,0,30,136,182,60,10,388,24,0,24,412
11/05/2001,MKE,WI,AGL,CE,Towers with Radar,175,321,84,15,595,0,2,43,0,45,175,323,127,15,640,30,0,30,670
11/06/2001,MKE,WI,AGL,CE,Towers with Radar,174,368,80,19,641,1,6,41,2,50,175,374,121,21,691,10,0,10,701
11/07/2001,MKE,WI,AGL,CE,Towers with Radar,181,299,107,13,600,0,1,13,0,14,181,300,120,13,614,0,0,0,614
11/08/2001,MKE,WI,AGL,CE,Towers with Radar,178,369,88,20,655,0,3,6,1,10,178,372,94,21,665,0,0,0,665
11/09/2001,MKE,WI,AGL,CE,Towers with Radar,181,351,70,7,609,0,4,18,0,22,181,355,88,7,631,0,0,0,631
11/10/2001,MKE,WI,AGL,CE,Towers with Radar,134,170,26,2,332,0,0,12,0,12,134,170,38,2,344,19,0,19,363
11/11/2001,MKE,WI,AGL,CE,Towers with Radar,138,184,35,2,359,1,0,20,0,21,139,184,55,2,380,6,0,6,386
11/12/2001,MKE,WI,AGL,CE,Towers with Radar,170,301,47,5,523,0,0,12,0,12,170,301,59,5,535,4,0,4,539
11/13/2001,MKE,WI,AGL,CE,Towers with Radar,171,340,94,16,621,0,2,6,0,8,171,342,100,16,629,0,0,0,629
11/14/2001,MKE,WI,AGL,CE,Towers with Radar,171,347,92,27,637,0,2,13,0,15,171,349,105,27,652,31,0,31,683
11/15/2001,MKE,WI,AGL,CE,Towers with Radar,179,361,108,21,669,0,5,28,1,34,179,366,136,22,703,8,0,8,711
11/16/2001,MKE,WI,AGL,CE,Towers with Radar,192,333,68,17,610,0,4,22,0,26,192,337,90,17,636,31,0,31,667
11/17/2001,MKE,WI,AGL,CE,Towers with Radar,146,171,64,12,393,0,1,6,0,7,146,172,70,12,400,14,0,14,414
11/18/2001,MKE,WI,AGL,CE,Towers with Radar,138,180,25,13,356,3,0,3,0,6,141,180,28,13,362,19,0,19,381
11/19/2001,MKE,WI,AGL,CE,Towers with Radar,170,313,70,12,565,0,3,27,0,30,170,316,97,12,595,12,0,12,607
11/20/2001,MKE,WI,AGL,CE,Towers with Radar,175,347,77,17,616,1,4,25,13,43,176,351,102,30,659,4,0,4,663
11/21/2001,MKE,WI,AGL,CE,Towers with Radar,181,345,55,10,591,0,4,37,2,43,181,349,92,12,634,8,0,8,642
11/22/2001,MKE,WI,AGL,CE,Towers with Radar,112,140,13,0,265,0,2,13,0,15,112,142,26,0,280,4,0,4,284
11/23/2001,MKE,WI,AGL,CE,Towers with Radar,80,128,14,1,223,0,3,18,1,22,80,131,32,2,245,2,0,2,247
11/24/2001,MKE,WI,AGL,CE,Towers with Radar,138,160,13,2,313,0,0,0,0,0,138,160,13,2,313,0,0,0,313
11/25/2001,MKE,WI,AGL,CE,Towers with Radar,163,192,29,4,388,0,0,1,0,1,163,192,30,4,389,0,0,0,389
11/26/2001,MKE,WI,AGL,CE,Towers with Radar,168,313,61,10,552,0,2,6,0,8,168,315,67,10,560,13,0,13,573
11/27/2001,MKE,WI,AGL,CE,Towers with Radar,166,365,72,20,623,0,0,1,0,1,166,365,73,20,624,0,0,0,624
11/28/2001,MKE,WI,AGL,CE,Towers with Radar,156,383,75,15,629,0,1,2,0,3,156,384,77,15,632,0,0,0,632
11/29/2001,MKE,WI,AGL,CE,Towers with Radar,119,428,95,29,671,0,0,1,0,1,119,428,96,29,672,3,0,3,675
11/30/2001,MKE,WI,AGL,CE,Towers with Radar,121,406,64,15,606,0,0,0,0,0,121,406,64,15,606,0,0,0,606
12/01/2001,MKE,WI,AGL,CE,Towers with Radar,105,221,25,10,361,1,0,6,3,10,106,221,31,13,371,4,0,4,375
12/02/2001,MKE,WI,AGL,CE,Towers with Radar,98,216,24,13,351,1,0,22,0,23,99,216,46,13,374,22,0,22,396
12/03/2001,MKE,WI,AGL,CE,Towers with Radar,128,366,70,8,572,0,6,18,3,27,128,372,88,11,599,3,0,3,602
12/04/2001,MKE,WI,AGL,CE,Towers with Radar,127,405,87,16,635,0,1,12,1,14,127,406,99,17,649,4,0,4,653
12/05/2001,MKE,WI,AGL,CE,Towers with Radar,137,412,66,12,627,0,7,21,2,30,137,419,87,14,657,0,0,0,657
12/06/2001,MKE,WI,AGL,CE,Towers with Radar,123,418,88,16,645,1,8,43,2,54,124,426,131,18,699,20,0,20,719
12/07/2001,MKE,WI,AGL,CE,Towers with Radar,127,412,80,19,638,0,5,19,0,24,127,417,99,19,662,4,0,4,666
12/08/2001,MKE,WI,AGL,CE,Towers with Radar,103,199,28,4,334,0,1,5,1,7,103,200,33,5,341,10,0,10,351
12/09/2001,MKE,WI,AGL,CE,Towers with Radar,98,210,31,4,343,0,0,18,0,18,98,210,49,4,361,0,0,0,361
12/10/2001,MKE,WI,AGL,CE,Towers with Radar,111,380,64,12,567,0,3,31,2,36,111,383,95,14,603,24,0,24,627
12/11/2001,MKE,WI,AGL,CE,Towers with Radar,120,409,73,23,625,0,3,30,0,33,120,412,103,23,658,10,0,10,668
12/12/2001,MKE,WI,AGL,CE,Towers with Radar,126,410,73,9,618,0,1,1,1,3,126,411,74,10,621,2,0,2,623
12/13/2001,MKE,WI,AGL,CE,Towers with Radar,125,410,71,19,625,0,0,1,0,1,125,410,72,19,626,4,0,4,630
12/14/2001,MKE,WI,AGL,CE,Towers with Radar,126,385,42,8,561,0,1,3,0,4,126,386,45,8,565,13,0,13,578
12/15/2001,MKE,WI,AGL,CE,Towers with Radar,107,199,19,20,345,0,0,0,0,0,107,199,19,20,345,10,0,10,355
12/16/2001,MKE,WI,AGL,CE,Towers with Radar,97,234,20,8,359,0,0,0,0,0,97,234,20,8,359,6,0,6,365
12/17/2001,MKE,WI,AGL,CE,Towers with Radar,125,361,81,12,579,0,0,0,0,0,125,361,81,12,579,0,0,0,579
12/18/2001,MKE,WI,AGL,CE,Towers with Radar,136,413,75,17,641,0,7,36,1,44,136,420,111,18,685,15,0,15,700
12/19/2001,MKE,WI,AGL,CE,Towers with Radar,146,411,71,13,641,1,7,6,0,14,147,418,77,13,655,0,0,0,655
12/20/2001,MKE,WI,AGL,CE,Towers with Radar,135,415,78,14,642,0,6,15,3,24,135,421,93,17,666,8,0,8,674
12/21/2001,MKE,WI,AGL,CE,Towers with Radar,137,390,47,15,589,0,13,21,2,36,137,403,68,17,625,21,0,21,646
12/22/2001,MKE,WI,AGL,CE,Towers with Radar,117,219,25,2,363,0,1,7,0,8,117,220,32,2,371,0,0,0,371
12/23/2001,MKE,WI,AGL,CE,Towers with Radar,110,224,15,2,351,0,0,2,0,2,110,224,17,2,353,0,0,0,353
12/24/2001,MKE,WI,AGL,CE,Towers with Radar,94,191,15,3,303,1,0,2,0,3,95,191,17,3,306,1,0,1,307
12/25/2001,MKE,WI,AGL,CE,Towers with Radar,82,211,8,2,303,0,0,1,0,1,82,211,9,2,304,3,0,3,307
12/26/2001,MKE,WI,AGL,CE,Towers with Radar,125,374,33,1,533,0,2,1,1,4,125,376,34,2,537,0,0,0,537
12/27/2001,MKE,WI,AGL,CE,Towers with Radar,137,376,47,13,573,0,0,2,0,2,137,376,49,13,575,0,0,0,575
12/28/2001,MKE,WI,AGL,CE,Towers with Radar,128,373,40,11,552,0,1,0,0,1,128,374,40,11,553,0,0,0,553
12/29/2001,MKE,WI,AGL,CE,Towers with Radar,112,206,14,4,336,1,0,16,1,18,113,206,30,5,354,0,0,0,354
12/30/2001,MKE,WI,AGL,CE,Towers with Radar,110,220,15,5,350,0,0,2,0,2,110,220,17,5,352,2,0,2,354
12/31/2001,MKE,WI,AGL,CE,Towers with Radar,103,199,16,3,321,0,1,11,1,13,103,200,27,4,334,0,0,0,334
01/01/2002,MKE,WI,AGL,CE,Towers with Radar,95,225,15,0,335,0,0,10,0,10,95,225,25,0,345,0,0,0,345
01/02/2002,MKE,WI,AGL,CE,Towers with Radar,127,378,32,9,546,0,4,14,1,19,127,382,46,10,565,6,0,6,571
01/03/2002,MKE,WI,AGL,CE,Towers with Radar,129,392,76,13,610,0,2,21,0,23,129,394,97,13,633,35,0,35,668
01/04/2002,MKE,WI,AGL,CE,Towers with Radar,137,382,51,4,574,0,3,10,0,13,137,385,61,4,587,2,0,2,589
01/05/2002,MKE,WI,AGL,CE,Towers with Radar,107,207,26,8,348,0,0,15,0,15,107,207,41,8,363,22,0,22,385
01/06/2002,MKE,WI,AGL,CE,Towers with Radar,111,211,12,5,339,0,0,6,0,6,111,211,18,5,345,0,0,0,345
01/07/2002,MKE,WI,AGL,CE,Towers with Radar,121,376,39,14,550,0,4,12,0,16,121,380,51,14,566,16,0,16,582
01/08/2002,MKE,WI,AGL,CE,Towers with Radar,133,395,84,20,632,3,5,16,0,24,136,400,100,20,656,12,0,12,668
01/09/2002,MKE,WI,AGL,CE,Towers with Radar,128,394,61,19,602,0,3,5,1,9,128,397,66,20,611,0,0,0,611
01/10/2002,MKE,WI,AGL,CE,Towers with Radar,136,400,72,29,637,0,3,19,1,23,136,403,91,30,660,12,0,12,672
01/11/2002,MKE,WI,AGL,CE,Towers with Radar,132,387,80,21,620,0,3,17,1,21,132,390,97,22,641,0,0,0,641
01/12/2002,MKE,WI,AGL,CE,Towers with Radar,108,197,24,6,335,0,1,4,0,5,108,198,28,6,340,8,0,8,348
01/13/2002,MKE,WI,AGL,CE,Towers with Radar,107,224,28,12,371,0,0,41,0,41,107,224,69,12,412,54,0,54,466
01/14/2002,MKE,WI,AGL,CE,Towers with Radar,107,364,65,6,542,0,0,1,0,1,107,364,66,6,543,0,0,0,543
01/15/2002,MKE,WI,AGL,CE,Towers with Radar,126,395,83,18,622,0,1,8,0,9,126,396,91,18,631,4,0,4,635
01/16/2002,MKE,WI,AGL,CE,Towers with Radar,129,415,53,7,604,0,0,1,0,1,129,415,54,7,605,0,0,0,605
01/17/2002,MKE,WI,AGL,CE,Towers with Radar,129,399,82,18,628,2,2,6,1,11,131,401,88,19,639,15,0,15,654
01/18/2002,MKE,WI,AGL,CE,Towers with Radar,127,379,60,10,576,0,3,12,0,15,127,382,72,10,591,7,0,7,598
01/19/2002,MKE,WI,AGL,CE,Towers with Radar,105,203,25,7,340,1,0,14,1,16,106,203,39,8,356,14,0,14,370
01/20/2002,MKE,WI,AGL,CE,Towers with Radar,107,220,28,3,358,0,0,5,0,5,107,220,33,3,363,2,0,2,365
01/21/2002,MKE,WI,AGL,CE,Towers with Radar,116,346,40,3,505,0,2,7,0,9,116,348,47,3,514,0,0,0,514
01/22/2002,MKE,WI,AGL,CE,Towers with Radar,124,377,89,20,610,0,4,23,0,27,124,381,112,20,637,5,0,5,642
01/23/2002,MKE,WI,AGL,CE,Towers with Radar,126,403,77,24,630,0,3,5,0,8,126,406,82,24,638,8,0,8,646
01/24/2002,MKE,WI,AGL,CE,Towers with Radar,128,405,94,16,643,0,10,22,0,32,128,415,116,16,675,22,0,22,697
01/25/2002,MKE,WI,AGL,CE,Towers with Radar,131,386,57,16,590,0,2,4,1,7,131,388,61,17,597,9,0,9,606
01/26/2002,MKE,WI,AGL,CE,Towers with Radar,108,191,33,1,333,0,1,26,0,27,108,192,59,1,360,14,0,14,374
01/27/2002,MKE,WI,AGL,CE,Towers with Radar,113,211,21,12,357,0,1,19,0,20,113,212,40,12,377,18,0,18,395
01/28/2002,MKE,WI,AGL,CE,Towers with Radar,135,367,61,12,575,0,0,6,0,6,135,367,67,12,581,2,0,2,583
01/29/2002,MKE,WI,AGL,CE,Towers with Radar,120,401,58,8,587,0,0,3,0,3,120,401,61,8,590,0,0,0,590
01/30/2002,MKE,WI,AGL,CE,Towers with Radar,117,403,57,9,586,0,0,5,0,5,117,403,62,9,591,0,0,0,591
01/31/2002,MKE,WI,AGL,CE,Towers with Radar,115,383,42,2,542,0,0,0,0,0,115,383,42,2,542,0,0,0,542
02/01/2002,MKE,WI,AGL,CE,Towers with Radar,121,410,67,16,614,0,2,2,0,4,121,412,69,16,618,0,0,0,618
02/02/2002,MKE,WI,AGL,CE,Towers with Radar,109,202,30,5,346,0,1,12,0,13,109,203,42,5,359,22,0,22,381
02/03/2002,MKE,WI,AGL,CE,Towers with Radar,107,223,13,1,344,0,0,20,0,20,107,223,33,1,364,22,0,22,386
02/04/2002,MKE,WI,AGL,CE,Towers with Radar,122,371,54,10,557,0,3,9,1,13,122,374,63,11,570,14,0,14,584
02/05/2002,MKE,WI,AGL,CE,Towers with Radar,118,398,69,18,603,0,4,19,1,24,118,402,88,19,627,19,0,19,646
02/06/2002,MKE,WI,AGL,CE,Towers with Radar,124,418,90,15,647,6,6,27,0,39,130,424,117,15,686,12,0,12,698
02/07/2002,MKE,WI,AGL,CE,Towers with Radar,123,422,86,30,661,2,6,15,2,25,125,428,101,32,686,6,0,6,692
02/08/2002,MKE,WI,AGL,CE,Towers with Radar,126,395,47,13,581,0,2,26,4,32,126,397,73,17,613,0,0,0,613
02/09/2002,MKE,WI,AGL,CE,Towers with Radar,110,204,23,7,344,0,0,12,0,12,110,204,35,7,356,3,0,3,359
02/10/2002,MKE,WI,AGL,CE,Towers with Radar,116,231,20,6,373,0,0,2,0,2,116,231,22,6,375,0,0,0,375
02/11/2002,MKE,WI,AGL,CE,Towers with Radar,113,372,60,12,557,2,4,8,1,15,115,376,68,13,572,9,0,9,581
02/12/2002,MKE,WI,AGL,CE,Towers with Radar,119,406,76,14,615,0,1,5,0,6,119,407,81,14,621,5,0,5,626
02/13/2002,MKE,WI,AGL,CE,Towers with Radar,142,407,78,14,641,0,10,15,5,30,142,417,93,19,671,22,0,22,693
02/14/2002,MKE,WI,AGL,CE,Towers with Radar,118,421,77,17,633,0,4,60,1,65,118,425,137,18,698,4,0,4,702
02/15/2002,MKE,WI,AGL,CE,Towers with Radar,128,401,71,6,606,0,6,8,2,16,128,407,79,8,622,0,0,0,622
02/16/2002,MKE,WI,AGL,CE,Towers with Radar,110,209,31,5,355,0,0,4,0,4,110,209,35,5,359,0,0,0,359
02/17/2002,MKE,WI,AGL,CE,Towers with Radar,105,228,25,1,359,0,0,41,1,42,105,228,66,2,401,30,0,30,431
02/18/2002,MKE,WI,AGL,CE,Towers with Radar,118,370,59,3,550,1,2,16,1,20,119,372,75,4,570,28,0,28,598
02/19/2002,MKE,WI,AGL,CE,Towers with Radar,111,398,72,3,584,0,0,2,0,2,111,398,74,3,586,4,0,4,590
02/20/2002,MKE,WI,AGL,CE,Towers with Radar,128,415,58,4,605,0,0,0,0,0,128,415,58,4,605,0,0,0,605
02/21/2002,MKE,WI,AGL,CE,Towers with Radar,122,429,69,21,641,0,0,0,0,0,122,429,69,21,641,0,0,0,641
02/22/2002,MKE,WI,AGL,CE,Towers with Radar,116,415,71,10,612,0,4,25,0,29,116,419,96,10,641,8,0,8,649
02/23/2002,MKE,WI,AGL,CE,Towers with Radar,104,196,16,5,321,1,1,15,1,18,105,197,31,6,339,7,0,7,346
02/24/2002,MKE,WI,AGL,CE,Towers with Radar,95,244,27,10,376,0,0,12,0,12,95,244,39,10,388,3,0,3,391
02/25/2002,MKE,WI,AGL,CE,Towers with Radar,107,373,50,10,540,0,0,0,0,0,107,373,50,10,540,0,0,0,540
02/26/2002,MKE,WI,AGL,CE,Towers with Radar,116,403,63,21,603,0,0,3,0,3,116,403,66,21,606,0,0,0,606
02/27/2002,MKE,WI,AGL,CE,Towers with Radar,128,429,63,9,629,0,1,34,0,35,128,430,97,9,664,6,0,6,670
02/28/2002,MKE,WI,AGL,CE,Towers with Radar,128,416,95,15,654,0,2,21,2,25,128,418,116,17,679,0,0,0,679
03/01/2002,MKE,WI,AGL,CE,Towers with Radar,117,396,58,13,584,0,9,17,0,26,117,405,75,13,610,2,0,2,612
03/02/2002,MKE,WI,AGL,CE,Towers with Radar,92,196,9,6,303,0,0,0,0,0,92,196,9,6,303,0,0,0,303
03/03/2002,MKE,WI,AGL,CE,Towers with Radar,106,244,28,4,382,0,0,0,0,0,106,244,28,4,382,4,0,4,386
03/04/2002,MKE,WI,AGL,CE,Towers with Radar,107,385,50,7,549,1,6,7,0,14,108,391,57,7,563,8,0,8,571
03/05/2002,MKE,WI,AGL,CE,Towers with Radar,120,414,83,27,644,0,3,2,0,5,120,417,85,27,649,0,0,0,649
03/06/2002,MKE,WI,AGL,CE,Towers with Radar,133,447,66,15,661,0,0,1,0,1,133,447,67,15,662,0,0,0,662
03/07/2002,MKE,WI,AGL,CE,Towers with Radar,124,446,77,26,673,0,0,7,0,7,124,446,84,26,680,8,0,8,688
03/08/2002,MKE,WI,AGL,CE,Towers with Radar,120,431,79,8,638,0,0,0,1,1,120,431,79,9,639,0,0,0,639
03/09/2002,MKE,WI,AGL,CE,Towers with Radar,105,215,11,1,332,0,0,0,0,0,105,215,11,1,332,0,0,0,332
03/10/2002,MKE,WI,AGL,CE,Towers with Radar,102,242,25,3,372,0,1,19,1,21,102,243,44,4,393,4,0,4,397
03/11/2002,MKE,WI,AGL,CE,Towers with Radar,109,398,58,10,575,0,3,16,1,20,109,401,74,11,595,0,0,0,595
03/12/2002,MKE,WI,AGL,CE,Towers with Radar,117,429,77,20,643,0,2,32,2,36,117,431,109,22,679,6,0,6,685
03/13/2002,MKE,WI,AGL,CE,Towers with Radar,122,435,69,12,638,0,4,53,2,59,122,439,122,14,697,8,0,8,705
03/14/2002,MKE,WI,AGL,CE,Towers with Radar,123,433,68,13,637,0,3,2,0,5,123,436,70,13,642,8,0,8,650
03/15/2002,MKE,WI,AGL,CE,Towers with Radar,119,420,63,8,610,0,6,22,1,29,119,426,85,9,639,6,0,6,645
03/16/2002,MKE,WI,AGL,CE,Towers with Radar,110,213,30,5,358,0,1,38,2,41,110,214,68,7,399,50,0,50,449
03/17/2002,MKE,WI,AGL,CE,Towers with Radar,97,246,27,8,378,0,0,1,0,1,97,246,28,8,379,10,0,10,389
03/18/2002,MKE,WI,AGL,CE,Towers with Radar,108,392,73,21,594,0,2,6,0,8,108,394,79,21,602,17,0,17,619
03/19/2002,MKE,WI,AGL,CE,Towers with Radar,112,426,90,17,645,0,1,13,1,15,112,427,103,18,660,1,0,1,661
03/20/2002,MKE,WI,AGL,CE,Towers with Radar,115,456,76,17,664,0,0,4,1,5,115,456,80,18,669,0,0,0,669
03/21/2002,MKE,WI,AGL,CE,Towers with Radar,120,422,81,20,643,0,0,4,2,6,120,422,85,22,649,2,0,2,651
03/22/2002,MKE,WI,AGL,CE,Towers with Radar,119,416,63,6,604,0,4,18,0,22,119,420,81,6,626,9,0,9,635
03/23/2002,MKE,WI,AGL,CE,Towers with Radar,106,229,32,2,369,0,1,33,0,34,106,230,65,2,403,10,0,10,413
03/24/2002,MKE,WI,AGL,CE,Towers with Radar,102,246,28,4,380,0,0,3,0,3,102,246,31,4,383,2,0,2,385
03/25/2002,MKE,WI,AGL,CE,Towers with Radar,118,398,56,12,584,0,4,18,0,22,118,402,74,12,606,12,0,12,618
03/26/2002,MKE,WI,AGL,CE,Towers with Radar,113,433,71,18,635,0,3,5,0,8,113,436,76,18,643,6,0,6,649
03/27/2002,MKE,WI,AGL,CE,Towers with Radar,122,433,85,12,652,1,3,40,2,46,123,436,125,14,698,13,0,13,711
03/28/2002,MKE,WI,AGL,CE,Towers with Radar,126,438,91,20,675,1,5,6,1,13,127,443,97,21,688,2,0,2,690
03/29/2002,MKE,WI,AGL,CE,Towers with Radar,123,417,34,6,580,0,0,8,0,8,123,417,42,6,588,0,0,0,588
03/30/2002,MKE,WI,AGL,CE,Towers with Radar,111,220,25,3,359,0,2,45,0,47,111,222,70,3,406,35,0,35,441
03/31/2002,MKE,WI,AGL,CE,Towers with Radar,102,247,14,2,365,0,0,2,0,2,102,247,16,2,367,10,0,10,377
04/01/2002,MKE,WI,AGL,CE,Towers with Radar,122,384,42,7,555,0,1,5,1,7,122,385,47,8,562,0,0,0,562
04/02/2002,MKE,WI,AGL,CE,Towers with Radar,119,420,58,25,622,0,0,0,0,0,119,420,58,25,622,0,0,0,622
04/03/2002,MKE,WI,AGL,CE,Towers with Radar,122,437,52,15,626,2,3,7,2,14,124,440,59,17,640,25,0,25,665
04/04/2002,MKE,WI,AGL,CE,Towers with Radar,129,427,75,16,647,2,2,9,3,16,131,429,84,19,663,36,0,36,699
04/05/2002,MKE,WI,AGL,CE,Towers with Radar,126,416,77,13,632,0,5,28,2,35,126,421,105,15,667,6,0,6,673
04/06/2002,MKE,WI,AGL,CE,Towers with Radar,108,212,32,13,365,0,2,18,0,20,108,214,50,13,385,12,0,12,397
04/07/2002,MKE,WI,AGL,CE,Towers with Radar,101,255,25,17,398,0,0,1,0,1,101,255,26,17,399,6,0,6,405
04/08/2002,MKE,WI,AGL,CE,Towers with Radar,119,402,64,10,595,0,0,0,0,0,119,402,64,10,595,0,0,0,595
04/09/2002,MKE,WI,AGL,CE,Towers with Radar,130,437,76,24,667,0,3,15,0,18,130,440,91,24,685,6,0,6,691
04/10/2002,MKE,WI,AGL,CE,Towers with Radar,128,447,83,14,672,0,3,29,0,32,128,450,112,14,704,18,0,18,722
04/11/2002,MKE,WI,AGL,CE,Towers with Radar,129,450,74,19,672,5,9,27,1,42,134,459,101,20,714,34,0,34,748
04/12/2002,MKE,WI,AGL,CE,Towers with Radar,119,446,97,11,673,9,2,6,1,18,128,448,103,12,691,8,0,8,699
04/13/2002,MKE,WI,AGL,CE,Towers with Radar,108,216,24,1,349,0,0,29,1,30,108,216,53,2,379,13,0,13,392
04/14/2002,MKE,WI,AGL,CE,Towers with Radar,101,262,47,7,417,0,0,8,0,8,101,262,55,7,425,2,0,2,427
04/15/2002,MKE,WI,AGL,CE,Towers with Radar,110,401,50,16,577,0,3,18,1,22,110,404,68,17,599,10,0,10,609
04/16/2002,MKE,WI,AGL,CE,Towers with Radar,114,435,61,19,629,0,2,8,0,10,114,437,69,19,639,0,0,0,639
04/17/2002,MKE,WI,AGL,CE,Towers with Radar,128,447,76,17,668,0,3,28,1,32,128,450,104,18,700,4,0,4,704
04/18/2002,MKE,WI,AGL,CE,Towers with Radar,131,438,50,19,638,0,2,11,1,14,131,440,61,20,652,1,0,1,653
04/19/2002,MKE,WI,AGL,CE,Towers with Radar,112,444,68,14,638,0,9,9,1,19,112,453,77,15,657,0,0,0,657
04/20/2002,MKE,WI,AGL,CE,Towers with Radar,106,223,18,5,352,0,4,16,2,22,106,227,34,7,374,9,0,9,383
04/21/2002,MKE,WI,AGL,CE,Towers with Radar,98,253,24,5,380,0,0,1,0,1,98,253,25,5,381,0,0,0,381
04/22/2002,MKE,WI,AGL,CE,Towers with Radar,105,412,54,9,580,0,5,10,0,15,105,417,64,9,595,12,0,12,607
04/23/2002,MKE,WI,AGL,CE,Towers with Radar,115,439,107,8,669,1,8,30,2,41,116,447,137,10,710,2,0,2,712
04/24/2002,MKE,WI,AGL,CE,Towers with Radar,113,453,72,11,649,0,4,14,0,18,113,457,86,11,667,6,0,6,673
04/25/2002,MKE,WI,AGL,CE,Towers with Radar,118,433,90,24,665,1,7,12,1,21,119,440,102,25,686,4,0,4,690
04/26/2002,MKE,WI,AGL,CE,Towers with Radar,122,425,76,12,635,0,11,46,4,61,122,436,122,16,696,40,0,40,736
04/27/2002,MKE,WI,AGL,CE,Towers with Radar,102,231,31,9,373,0,0,0,1,1,102,231,31,10,374,4,0,4,378
04/28/2002,MKE,WI,AGL,CE,Towers with Radar,96,252,42,3,393,0,0,3,0,3,96,252,45,3,396,0,0,0,396
04/29/2002,MKE,WI,AGL,CE,Towers with Radar,105,396,61,8,570,0,7,33,0,40,105,403,94,8,610,6,0,6,616
04/30/2002,MKE,WI,AGL,CE,Towers with Radar,113,437,65,18,633,1,5,20,0,26,114,442,85,18,659,14,0,14,673
05/01/2002,MKE,WI,AGL,CE,Towers with Radar,125,450,89,29,693,1,7,22,0,30,126,457,111,29,723,4,0,4,727
05/02/2002,MKE,WI,AGL,CE,Towers with Radar,127,438,73,17,655,0,5,15,1,21,127,443,88,18,676,5,0,5,681
05/03/2002,MKE,WI,AGL,CE,Towers with Radar,120,435,70,12,637,0,5,35,1,41,120,440,105,13,678,4,0,4,682
05/04/2002,MKE,WI,AGL,CE,Towers with Radar,100,210,33,6,349,0,1,34,1,36,100,211,67,7,385,17,0,17,402
05/05/2002,MKE,WI,AGL,CE,Towers with Radar,99,263,44,6,412,0,0,18,0,18,99,263,62,6,430,12,0,12,442
05/06/2002,MKE,WI,AGL,CE,Towers with Radar,109,410,47,13,579,0,3,7,0,10,109,413,54,13,589,9,0,9,598
05/07/2002,MKE,WI,AGL,CE,Towers with Radar,113,441,67,11,632,0,8,40,1,49,113,449,107,12,681,2,0,2,683
05/08/2002,MKE,WI,AGL,CE,Towers with Radar,117,442,81,10,650,2,4,4,2,12,119,446,85,12,662,13,0,13,675
05/09/2002,MKE,WI,AGL,CE,Towers with Radar,126,460,76,17,679,0,7,2,1,10,126,467,78,18,689,2,0,2,691
05/10/2002,MKE,WI,AGL,CE,Towers with Radar,120,440,71,7,638,1,9,31,2,43,121,449,102,9,681,14,0,14,695
05/11/2002,MKE,WI,AGL,CE,Towers with Radar,100,219,14,1,334,0,5,7,0,12,100,224,21,1,346,0,0,0,346
05/12/2002,MKE,WI,AGL,CE,Towers with Radar,92,252,20,4,368,0,0,0,0,0,92,252,20,4,368,4,0,4,372
05/13/2002,MKE,WI,AGL,CE,Towers with Radar,102,411,74,4,591,1,1,24,1,27,103,412,98,5,618,22,0,22,640
05/14/2002,MKE,WI,AGL,CE,Towers with Radar,116,451,82,12,661,0,2,37,10,49,116,453,119,22,710,12,0,12,722
05/15/2002,MKE,WI,AGL,CE,Towers with Radar,122,463,95,13,693,4,9,21,3,37,126,472,116,16,730,4,0,4,734
05/16/2002,MKE,WI,AGL,CE,Towers with Radar,127,462,78,23,690,0,4,4,1,9,127,466,82,24,699,3,0,3,702
05/17/2002,MKE,WI,AGL,CE,Towers with Radar,119,438,71,27,655,11,7,34,4,56,130,445,105,31,711,21,0,21,732
05/18/2002,MKE,WI,AGL,CE,Towers with Radar,95,217,25,11,348,2,3,53,57,115,97,220,78,68,463,6,0,6,469
05/19/2002,MKE,WI,AGL,CE,Towers with Radar,94,265,25,10,394,1,0,192,39,232,95,265,217,49,626,0,0,0,626
05/20/2002,MKE,WI,AGL,CE,Towers with Radar,113,415,68,18,614,1,6,33,4,44,114,421,101,22,658,0,0,0,658
05/21/2002,MKE,WI,AGL,CE,Towers with Radar,112,438,92,34,676,0,10,32,4,46,112,448,124,38,722,10,0,10,732
05/22/2002,MKE,WI,AGL,CE,Towers with Radar,120,440,75,14,649,1,13,32,0,46,121,453,107,14,695,0,0,0,695
05/23/2002,MKE,WI,AGL,CE,Towers with Radar,127,457,66,23,673,0,7,18,0,25,127,464,84,23,698,26,0,26,724
05/24/2002,MKE,WI,AGL,CE,Towers with Radar,116,445,63,6,630,0,110,23,1,134,116,555,86,7,764,22,0,22,786
05/25/2002,MKE,WI,AGL,CE,Towers with Radar,92,220,28,4,344,0,0,4,0,4,92,220,32,4,348,0,0,0,348
05/26/2002,MKE,WI,AGL,CE,Towers with Radar,82,145,21,2,250,1,2,19,2,24,83,147,40,4,274,14,0,14,288
05/27/2002,MKE,WI,AGL,CE,Towers with Radar,101,262,24,1,388,1,0,17,0,18,102,262,41,1,406,0,0,0,406
05/28/2002,MKE,WI,AGL,CE,Towers with Radar,107,418,65,19,609,1,6,15,1,23,108,424,80,20,632,44,0,44,676
05/29/2002,MKE,WI,AGL,CE,Towers with Radar,123,451,78,14,666,1,2,8,1,12,124,453,86,15,678,14,0,14,692
05/30/2002,MKE,WI,AGL,CE,Towers with Radar,129,456,110,30,725,0,9,39,2,50,129,465,149,32,775,34,0,34,809
05/31/2002,MKE,WI,AGL,CE,Towers with Radar,109,421,124,13,667,0,5,27,1,33,109,426,151,14,700,12,0,12,712
06/01/2002,MKE,WI,AGL,CE,Towers with Radar,96,218,26,5,345,0,1,25,0,26,96,219,51,5,371,15,0,15,386
06/02/2002,MKE,WI,AGL,CE,Towers with Radar,94,273,39,5,411,0,0,20,0,20,94,273,59,5,431,20,0,20,451
06/03/2002,MKE,WI,AGL,CE,Towers with Radar,109,423,56,5,593,0,0,0,0,0,109,423,56,5,593,0,0,0,593
06/04/2002,MKE,WI,AGL,CE,Towers with Radar,101,449,66,4,620,0,0,0,0,0,101,449,66,4,620,0,0,0,620
06/05/2002,MKE,WI,AGL,CE,Towers with Radar,115,466,113,12,706,0,1,1,1,3,115,467,114,13,709,0,0,0,709
06/06/2002,MKE,WI,AGL,CE,Towers with Radar,119,480,71,24,694,0,7,45,3,55,119,487,116,27,749,52,0,52,801
06/07/2002,MKE,WI,AGL,CE,Towers with Radar,119,450,67,13,649,0,13,32,0,45,119,463,99,13,694,2,0,2,696
06/08/2002,MKE,WI,AGL,CE,Towers with Radar,92,232,34,9,367,0,0,28,0,28,92,232,62,9,395,21,0,21,416
06/09/2002,MKE,WI,AGL,CE,Towers with Radar,97,269,28,14,408,0,0,12,0,12,97,269,40,14,420,6,0,6,426
06/10/2002,MKE,WI,AGL,CE,Towers with Radar,114,405,88,14,621,0,4,6,0,10,114,409,94,14,631,2,0,2,633
06/11/2002,MKE,WI,AGL,CE,Towers with Radar,126,470,77,16,689,0,3,3,0,6,126,473,80,16,695,12,0,12,707
06/12/2002,MKE,WI,AGL,CE,Towers with Radar,122,466,99,18,705,0,3,7,0,10,122,469,106,18,715,0,0,0,715
06/13/2002,MKE,WI,AGL,CE,Towers with Radar,142,461,90,26,719,0,3,6,1,10,142,464,96,27,729,22,0,22,751
06/14/2002,MKE,WI,AGL,CE,Towers with Radar,123,481,76,17,697,0,0,4,0,4,123,481,80,17,701,2,0,2,703
06/15/2002,MKE,WI,AGL,CE,Towers with Radar,102,227,29,6,364,0,0,15,1,16,102,227,44,7,380,21,0,21,401
06/16/2002,MKE,WI,AGL,CE,Towers with Radar,97,276,32,3,408,0,1,19,2,22,97,277,51,5,430,10,0,10,440
06/17/2002,MKE,WI,AGL,CE,Towers with Radar,110,419,48,17,594,0,1,30,0,31,110,420,78,17,625,0,0,0,625
06/18/2002,MKE,WI,AGL,CE,Towers with Radar,116,449,86,20,671,0,0,30,1,31,116,449,116,21,702,26,0,26,728
06/19/2002,MKE,WI,AGL,CE,Towers with Radar,129,473,87,15,704,0,4,28,0,32,129,477,115,15,736,8,0,8,744
06/20/2002,MKE,WI,AGL,CE,Towers with Radar,133,472,101,21,727,0,3,28,2,33,133,475,129,23,760,30,0,30,790
06/21/2002,MKE,WI,AGL,CE,Towers with Radar,126,461,67,15,669,1,2,20,0,23,127,463,87,15,692,30,0,30,722
06/22/2002,MKE,WI,AGL,CE,Towers with Radar,98,232,29,4,363,0,0,25,0,25,98,232,54,4,388,7,0,7,395
06/23/2002,MKE,WI,AGL,CE,Towers with Radar,107,278,32,13,430,0,0,13,0,13,107,278,45,13,443,6,0,6,449
06/24/2002,MKE,WI,AGL,CE,Towers with Radar,129,408,61,23,621,0,2,31,2,35,129,410,92,25,656,10,0,10,666
06/25/2002,MKE,WI,AGL,CE,Towers with Radar,136,451,87,14,688,0,3,17,0,20,136,454,104,14,708,0,0,0,708
06/26/2002,MKE,WI,AGL,CE,Towers with Radar,129,474,96,19,718,0,0,22,0,22,129,474,118,19,740,26,0,26,766
06/27/2002,MKE,WI,AGL,CE,Towers with Radar,123,461,93,29,706,0,6,41,2,49,123,467,134,31,755,12,0,12,767
06/28/2002,MKE,WI,AGL,CE,Towers with Radar,131,455,82,17,685,0,3,42,0,45,131,458,124,17,730,0,0,0,730
06/29/2002,MKE,WI,AGL,CE,Towers with Radar,105,240,39,4,388,0,0,40,2,42,105,240,79,6,430,28,0,28,458
06/30/2002,MKE,WI,AGL,CE,Towers with Radar,103,293,60,3,459,0,0,17,2,19,103,293,77,5,478,6,0,6,484
07/01/2002,MKE,WI,AGL,CE,Towers with Radar,112,403,39,15,569,0,0,25,0,25,112,403,64,15,594,4,0,4,598
07/02/2002,MKE,WI,AGL,CE,Towers with Radar,129,449,63,23,664,0,3,29,0,32,129,452,92,23,696,18,0,18,714
07/03/2002,MKE,WI,AGL,CE,Towers with Radar,128,459,39,10,636,0,1,30,0,31,128,460,69,10,667,20,0,20,687
07/04/2002,MKE,WI,AGL,CE,Towers with Radar,96,200,23,3,322,0,0,26,6,32,96,200,49,9,354,7,0,7,361
07/05/2002,MKE,WI,AGL,CE,Towers with Radar,102,230,38,4,374,0,2,26,0,28,102,232,64,4,402,14,0,14,416
07/06/2002,MKE,WI,AGL,CE,Towers with Radar,98,219,28,4,349,0,0,56,1,57,98,219,84,5,406,4,0,4,410
07/07/2002,MKE,WI,AGL,CE,Towers with Radar,109,285,62,5,461,0,0,20,0,20,109,285,82,5,481,14,0,14,495
07/08/2002,MKE,WI,AGL,CE,Towers with Radar,124,396,55,12,587,0,2,14,2,18,124,398,69,14,605,8,0,8,613
07/09/2002,MKE,WI,AGL,CE,Towers with Radar,136,458,92,21,707,0,0,0,0,0,136,458,92,21,707,0,0,0,707
07/10/2002,MKE,WI,AGL,CE,Towers with Radar,135,483,116,19,753,0,3,39,1,43,135,486,155,20,796,14,0,14,810
07/11/2002,MKE,WI,AGL,CE,Towers with Radar,135,465,85,20,705,0,4,28,2,34,135,469,113,22,739,60,0,60,799
07/12/2002,MKE,WI,AGL,CE,Towers with Radar,138,433,88,13,672,0,8,59,5,72,138,441,147,18,744,10,0,10,754
07/13/2002,MKE,WI,AGL,CE,Towers with Radar,102,230,44,15,391,0,2,18,0,20,102,232,62,15,411,44,0,44,455
07/14/2002,MKE,WI,AGL,CE,Towers with Radar,107,293,29,10,439,0,0,24,2,26,107,293,53,12,465,4,0,4,469
07/15/2002,MKE,WI,AGL,CE,Towers with Radar,117,412,97,19,645,0,1,15,0,16,117,413,112,19,661,2,0,2,663
07/16/2002,MKE,WI,AGL,CE,Towers with Radar,131,448,58,21,658,0,4,26,1,31,131,452,84,22,689,19,0,19,708
07/17/2002,MKE,WI,AGL,CE,Towers with Radar,135,449,74,15,673,0,2,23,2,27,135,451,97,17,700,18,0,18,718
07/18/2002,MKE,WI,AGL,CE,Towers with Radar,136,452,94,23,705,0,1,13,1,15,136,453,107,24,720,12,2,14,734
07/19/2002,MKE,WI,AGL,CE,Towers with Radar,135,442,100,9,686,1,1,45,0,47,136,443,145,9,733,20,0,20,753
07/20/2002,MKE,WI,AGL,CE,Towers with Radar,106,226,42,14,388,0,0,59,4,63,106,226,101,18,451,28,0,28,479
07/21/2002,MKE,WI,AGL,CE,Towers with Radar,98,286,44,8,436,0,0,43,5,48,98,286,87,13,484,16,0,16,500
07/22/2002,MKE,WI,AGL,CE,Towers with Radar,131,405,68,11,615,0,0,27,1,28,131,405,95,12,643,0,0,0,643
07/23/2002,MKE,WI,AGL,CE,Towers with Radar,135,437,86,17,675,0,0,28,2,30,135,437,114,19,705,6,0,6,711
07/24/2002,MKE,WI,AGL,CE,Towers with Radar,138,450,102,11,701,0,1,45,4,50,138,451,147,15,751,44,0,44,795
07/25/2002,MKE,WI,AGL,CE,Towers with Radar,145,451,111,22,729,0,4,33,7,44,145,455,144,29,773,2,0,2,775
07/26/2002,MKE,WI,AGL,CE,Towers with Radar,144,434,83,16,677,0,4,60,2,66,144,438,143,18,743,2,0,2,745
07/27/2002,MKE,WI,AGL,CE,Towers with Radar,101,229,51,5,386,0,0,37,0,37,101,229,88,5,423,2,0,2,425
07/28/2002,MKE,WI,AGL,CE,Towers with Radar,107,274,54,12,447,0,0,21,0,21,107,274,75,12,468,3,0,3,471
07/29/2002,MKE,WI,AGL,CE,Towers with Radar,125,403,72,14,614,0,2,38,1,41,125,405,110,15,655,0,0,0,655
07/30/2002,MKE,WI,AGL,CE,Towers with Radar,127,450,75,25,677,0,6,51,3,60,127,456,126,28,737,2,0,2,739
07/31/2002,MKE,WI,AGL,CE,Towers with Radar,136,449,94,12,691,0,2,9,1,12,136,451,103,13,703,10,0,10,713
08/01/2002,MKE,WI,AGL,CE,Towers with Radar,136,474,74,16,700,0,3,13,0,16,136,477,87,16,716,0,0,0,716
08/02/2002,MKE,WI,AGL,CE,Towers with Radar,128,437,83,6,654,0,5,35,0,40,128,442,118,6,694,6,0,6,700
08/03/2002,MKE,WI,AGL,CE,Towers with Radar,111,225,22,11,369,0,1,34,0,35,111,226,56,11,404,6,0,6,410
08/04/2002,MKE,WI,AGL,CE,Towers with Radar,111,279,35,5,430,0,0,10,0,10,111,279,45,5,440,2,0,2,442
08/05/2002,MKE,WI,AGL,CE,Towers with Radar,129,404,66,15,614,0,0,10,0,10,129,404,76,15,624,8,0,8,632
08/06/2002,MKE,WI,AGL,CE,Towers with Radar,140,434,79,21,674,0,0,27,2,29,140,434,106,23,703,2,0,2,705
08/07/2002,MKE,WI,AGL,CE,Towers with Radar,146,436,97,16,695,0,1,19,1,21,146,437,116,17,716,10,0,10,726
08/08/2002,MKE,WI,AGL,CE,Towers with Radar,143,468,73,35,719,0,4,21,0,25,143,472,94,35,744,16,0,16,760
08/09/2002,MKE,WI,AGL,CE,Towers with Radar,138,442,74,12,666,0,2,12,6,20,138,444,86,18,686,30,0,30,716
08/10/2002,MKE,WI,AGL,CE,Towers with Radar,109,228,37,12,386,0,5,19,9,33,109,233,56,21,419,27,0,27,446
08/11/2002,MKE,WI,AGL,CE,Towers with Radar,113,275,44,11,443,0,0,24,0,24,113,275,68,11,467,9,0,9,476
08/12/2002,MKE,WI,AGL,CE,Towers with Radar,128,390,76,15,609,0,2,15,1,18,128,392,91,16,627,0,0,0,627
08/13/2002,MKE,WI,AGL,CE,Towers with Radar,135,456,86,14,691,0,0,1,2,3,135,456,87,16,694,26,0,26,720
08/14/2002,MKE,WI,AGL,CE,Towers with Radar,142,455,146,12,755,0,0,43,3,46,142,455,189,15,801,11,0,11,812
08/15/2002,MKE,WI,AGL,CE,Towers with Radar,140,475,63,24,702,0,2,55,1,58,140,477,118,25,760,12,0,12,772
08/16/2002,MKE,WI,AGL,CE,Towers with Radar,141,421,71,12,645,0,2,24,1,27,141,423,95,13,672,7,0,7,679
08/17/2002,MKE,WI,AGL,CE,Towers with Radar,107,221,29,8,365,0,0,11,0,11,107,221,40,8,376,6,0,6,382
08/18/2002,MKE,WI,AGL,CE,Towers with Radar,107,272,33,2,414,0,0,35,0,35,107,272,68,2,449,34,0,34,483
08/19/2002,MKE,WI,AGL,CE,Towers with Radar,126,408,69,8,611,0,0,22,0,22,126,408,91,8,633,12,0,12,645
08/20/2002,MKE,WI,AGL,CE,Towers with Radar,134,461,76,20,691,0,5,16,3,24,134,466,92,23,715,0,0,0,715
08/21/2002,MKE,WI,AGL,CE,Towers with Radar,129,452,93,8,682,0,0,16,0,16,129,452,109,8,698,12,0,12,710
08/22/2002,MKE,WI,AGL,CE,Towers with Radar,149,477,99,21,746,0,0,0,0,0,149,477,99,21,746,0,0,0,746
08/23/2002,MKE,WI,AGL,CE,Towers with Radar,136,448,79,11,674,0,0,0,0,0,136,448,79,11,674,6,0,6,680
08/24/2002,MKE,WI,AGL,CE,Towers with Radar,106,225,41,2,374,0,0,19,0,19,106,225,60,2,393,2,0,2,395
08/25/2002,MKE,WI,AGL,CE,Towers with Radar,108,276,52,18,454,0,0,7,0,7,108,276,59,18,461,22,0,22,483
08/26/2002,MKE,WI,AGL,CE,Towers with Radar,121,419,76,18,634,0,1,37,1,39,121,420,113,19,673,13,0,13,686
08/27/2002,MKE,WI,AGL,CE,Towers with Radar,128,457,90,22,697,0,6,29,1,36,128,463,119,23,733,2,0,2,735
08/28/2002,MKE,WI,AGL,CE,Towers with Radar,138,459,65,23,685,0,1,42,1,44,138,460,107,24,729,2,0,2,731
08/29/2002,MKE,WI,AGL,CE,Towers with Radar,135,472,64,18,689,0,1,23,0,24,135,473,87,18,713,24,0,24,737
08/30/2002,MKE,WI,AGL,CE,Towers with Radar,143,429,50,2,624,0,1,19,1,21,143,430,69,3,645,12,0,12,657
08/31/2002,MKE,WI,AGL,CE,Towers with Radar,87,218,35,4,344,0,0,32,0,32,87,218,67,4,376,22,0,22,398
09/01/2002,MKE,WI,AGL,CE,Towers with Radar,98,145,24,6,273,0,0,14,0,14,98,145,38,6,287,0,0,0,287
09/02/2002,MKE,WI,AGL,CE,Towers with Radar,105,274,26,1,406,0,0,10,0,10,105,274,36,1,416,0,0,0,416
09/03/2002,MKE,WI,AGL,CE,Towers with Radar,122,414,71,17,624,0,3,27,0,30,122,417,98,17,654,10,0,10,664
09/04/2002,MKE,WI,AGL,CE,Towers with Radar,133,449,75,15,672,0,1,30,3,34,133,450,105,18,706,13,0,13,719
09/05/2002,MKE,WI,AGL,CE,Towers with Radar,138,458,71,12,679,0,0,25,2,27,138,458,96,14,706,12,0,12,718
09/06/2002,MKE,WI,AGL,CE,Towers with Radar,129,453,77,14,673,0,0,36,1,37,129,453,113,15,710,8,0,8,718
09/07/2002,MKE,WI,AGL,CE,Towers with Radar,96,236,49,5,386,0,2,14,0,16,96,238,63,5,402,37,0,37,439
09/08/2002,MKE,WI,AGL,CE,Towers with Radar,120,276,37,23,456,0,0,21,0,21,120,276,58,23,477,26,0,26,503
09/09/2002,MKE,WI,AGL,CE,Towers with Radar,117,427,49,8,601,0,3,20,0,23,117,430,69,8,624,0,0,0,624
09/10/2002,MKE,WI,AGL,CE,Towers with Radar,114,451,86,10,661,0,0,12,0,12,114,451,98,10,673,27,0,27,700
09/11/2002,MKE,WI,AGL,CE,Towers with Radar,125,421,83,13,642,0,0,17,4,21,125,421,100,17,663,11,0,11,674
09/12/2002,MKE,WI,AGL,CE,Towers with Radar,133,450,81,14,678,0,3,24,0,27,133,453,105,14,705,18,0,18,723
09/13/2002,MKE,WI,AGL,CE,Towers with Radar,130,452,79,10,671,0,1,30,1,32,130,453,109,11,703,24,0,24,727
09/14/2002,MKE,WI,AGL,CE,Towers with Radar,97,235,34,8,374,0,0,15,1,16,97,235,49,9,390,25,0,25,415
09/15/2002,MKE,WI,AGL,CE,Towers with Radar,97,241,34,11,383,0,0,14,0,14,97,241,48,11,397,0,0,0,397
09/16/2002,MKE,WI,AGL,CE,Towers with Radar,125,405,75,14,619,0,1,33,5,39,125,406,108,19,658,4,0,4,662
09/17/2002,MKE,WI,AGL,CE,Towers with Radar,132,467,90,14,703,0,0,54,2,56,132,467,144,16,759,50,0,50,809
09/18/2002,MKE,WI,AGL,CE,Towers with Radar,129,454,92,10,685,0,1,20,0,21,129,455,112,10,706,10,0,10,716
09/19/2002,MKE,WI,AGL,CE,Towers with Radar,141,461,92,6,700,0,1,5,0,6,141,462,97,6,706,0,0,0,706
09/20/2002,MKE,WI,AGL,CE,Towers with Radar,130,444,62,12,648,0,0,16,0,16,130,444,78,12,664,36,0,36,700
09/21/2002,MKE,WI,AGL,CE,Towers with Radar,100,239,33,6,378,0,2,45,7,54,100,241,78,13,432,14,0,14,446
09/22/2002,MKE,WI,AGL,CE,Towers with Radar,101,248,63,2,414,0,0,8,0,8,101,248,71,2,422,0,0,0,422
09/23/2002,MKE,WI,AGL,CE,Towers with Radar,118,416,73,6,613,0,2,18,0,20,118,418,91,6,633,8,0,8,641
09/24/2002,MKE,WI,AGL,CE,Towers with Radar,132,455,101,14,702,0,3,32,2,37,132,458,133,16,739,20,0,20,759
09/25/2002,MKE,WI,AGL,CE,Towers with Radar,139,464,90,7,700,0,5,20,1,26,139,469,110,8,726,20,0,20,746
09/26/2002,MKE,WI,AGL,CE,Towers with Radar,140,455,92,20,707,0,5,20,2,27,140,460,112,22,734,30,0,30,764
09/27/2002,MKE,WI,AGL,CE,Towers with Radar,134,444,82,5,665,0,3,10,0,13,134,447,92,5,678,0,0,0,678
09/28/2002,MKE,WI,AGL,CE,Towers with Radar,101,239,28,8,376,0,0,20,1,21,101,239,48,9,397,16,0,16,413
09/29/2002,MKE,WI,AGL,CE,Towers with Radar,111,273,34,5,423,0,0,10,0,10,111,273,44,5,433,8,0,8,441
09/30/2002,MKE,WI,AGL,CE,Towers with Radar,116,416,65,6,603,0,0,21,1,22,116,416,86,7,625,8,0,8,633
10/01/2002,MKE,WI,AGL,CE,Towers with Radar,128,449,76,16,669,0,0,20,2,22,128,449,96,18,691,8,0,8,699
10/02/2002,MKE,WI,AGL,CE,Towers with Radar,129,453,70,18,670,0,0,11,0,11,129,453,81,18,681,10,0,10,691
10/03/2002,MKE,WI,AGL,CE,Towers with Radar,132,459,104,29,724,0,0,9,0,9,132,459,113,29,733,7,0,7,740
10/04/2002,MKE,WI,AGL,CE,Towers with Radar,129,429,63,10,631,0,0,2,0,2,129,429,65,10,633,0,0,0,633
10/05/2002,MKE,WI,AGL,CE,Towers with Radar,100,229,31,15,375,0,1,33,0,34,100,230,64,15,409,13,0,13,422
10/06/2002,MKE,WI,AGL,CE,Towers with Radar,110,269,26,11,416,0,1,4,0,5,110,270,30,11,421,6,0,6,427
10/07/2002,MKE,WI,AGL,CE,Towers with Radar,121,420,54,10,605,0,0,41,0,41,121,420,95,10,646,19,0,19,665
10/08/2002,MKE,WI,AGL,CE,Towers with Radar,136,437,67,17,657,0,10,17,0,27,136,447,84,17,684,8,0,8,692
10/09/2002,MKE,WI,AGL,CE,Towers with Radar,133,449,91,24,697,0,4,24,8,36,133,453,115,32,733,44,0,44,777
10/10/2002,MKE,WI,AGL,CE,Towers with Radar,138,447,82,23,690,0,1,28,2,31,138,448,110,25,721,46,0,46,767
10/11/2002,MKE,WI,AGL,CE,Towers with Radar,135,445,84,1,665,0,5,21,0,26,135,450,105,1,691,8,0,8,699
10/12/2002,MKE,WI,AGL,CE,Towers with Radar,102,235,33,6,376,0,0,1,0,1,102,235,34,6,377,0,0,0,377
10/13/2002,MKE,WI,AGL,CE,Towers with Radar,112,275,37,2,426,0,0,8,0,8,112,275,45,2,434,18,0,18,452
10/14/2002,MKE,WI,AGL,CE,Towers with Radar,125,407,64,2,598,0,0,21,0,21,125,407,85,2,619,16,0,16,635
10/15/2002,MKE,WI,AGL,CE,Towers with Radar,136,432,82,16,666,0,0,21,1,22,136,432,103,17,688,18,0,18,706
10/16/2002,MKE,WI,AGL,CE,Towers with Radar,135,446,77,16,674,0,0,18,0,18,135,446,95,16,692,2,0,2,694
10/17/2002,MKE,WI,AGL,CE,Towers with Radar,140,450,72,18,680,0,2,62,0,64,140,452,134,18,744,60,0,60,804
10/18/2002,MKE,WI,AGL,CE,Towers with Radar,133,436,76,12,657,0,0,6,0,6,133,436,82,12,663,0,0,0,663
10/19/2002,MKE,WI,AGL,CE,Towers with Radar,100,229,34,8,371,0,2,11,0,13,100,231,45,8,384,0,0,0,384
10/20/2002,MKE,WI,AGL,CE,Towers with Radar,110,274,33,10,427,0,1,29,0,30,110,275,62,10,457,6,0,6,463
10/21/2002,MKE,WI,AGL,CE,Towers with Radar,124,407,60,12,603,0,2,18,1,21,124,409,78,13,624,10,0,10,634
10/22/2002,MKE,WI,AGL,CE,Towers with Radar,128,448,74,24,674,0,0,4,0,4,128,448,78,24,678,3,0,3,681
10/23/2002,MKE,WI,AGL,CE,Towers with Radar,130,446,97,12,685,0,2,15,0,17,130,448,112,12,702,0,0,0,702
10/24/2002,MKE,WI,AGL,CE,Towers with Radar,134,458,70,18,680,0,1,13,0,14,134,459,83,18,694,0,0,0,694
10/25/2002,MKE,WI,AGL,CE,Towers with Radar,139,424,68,12,643,0,1,1,0,2,139,425,69,12,645,0,0,0,645
10/26/2002,MKE,WI,AGL,CE,Towers with Radar,106,221,26,4,357,0,0,8,1,9,106,221,34,5,366,4,0,4,370
10/27/2002,MKE,WI,AGL,CE,Towers with Radar,114,266,18,3,401,0,5,20,2,27,114,271,38,5,428,54,0,54,482
10/28/2002,MKE,WI,AGL,CE,Towers with Radar,130,406,65,11,612,0,1,14,0,15,130,407,79,11,627,8,0,8,635
10/29/2002,MKE,WI,AGL,CE,Towers with Radar,132,436,62,18,648,0,1,15,1,17,132,437,77,19,665,2,0,2,667
10/30/2002,MKE,WI,AGL,CE,Towers with Radar,134,448,56,11,649,0,3,35,0,38,134,451,91,11,687,44,0,44,731
10/31/2002,MKE,WI,AGL,CE,Towers with Radar,151,448,54,22,675,0,0,20,0,20,151,448,74,22,695,9,0,9,704
11/01/2002,MKE,WI,AGL,CE,Towers with Radar,145,409,47,15,616,0,0,20,0,20,145,409,67,15,636,14,0,14,650
11/02/2002,MKE,WI,AGL,CE,Towers with Radar,113,215,20,11,359,0,1,23,0,24,113,216,43,11,383,24,0,24,407
11/03/2002,MKE,WI,AGL,CE,Towers with Radar,117,259,23,8,407,0,0,22,0,22,117,259,45,8,429,14,0,14,443
11/04/2002,MKE,WI,AGL,CE,Towers with Radar,136,395,44,11,586,0,2,13,0,15,136,397,57,11,601,0,0,0,601
11/05/2002,MKE,WI,AGL,CE,Towers with Radar,135,421,54,21,631,0,0,1,0,1,135,421,55,21,632,0,0,0,632
11/06/2002,MKE,WI,AGL,CE,Towers with Radar,145,437,73,16,671,0,0,17,0,17,145,437,90,16,688,14,0,14,702
11/07/2002,MKE,WI,AGL,CE,Towers with Radar,154,426,60,17,657,0,0,39,0,39,154,426,99,17,696,16,0,16,712
11/08/2002,MKE,WI,AGL,CE,Towers with Radar,145,417,61,6,629,0,5,30,2,37,145,422,91,8,666,12,0,12,678
11/09/2002,MKE,WI,AGL,CE,Towers with Radar,114,217,42,11,384,0,1,18,2,21,114,218,60,13,405,4,0,4,409
11/10/2002,MKE,WI,AGL,CE,Towers with Radar,118,260,32,2,412,0,0,1,0,1,118,260,33,2,413,0,0,0,413
11/11/2002,MKE,WI,AGL,CE,Towers with Radar,130,392,51,4,577,0,0,5,0,5,130,392,56,4,582,0,0,0,582
11/12/2002,MKE,WI,AGL,CE,Towers with Radar,137,428,85,20,670,0,0,31,0,31,137,428,116,20,701,0,0,0,701
11/13/2002,MKE,WI,AGL,CE,Towers with Radar,142,437,86,17,682,0,0,42,1,43,142,437,128,18,725,8,0,8,733
11/14/2002,MKE,WI,AGL,CE,Towers with Radar,143,446,66,16,671,0,0,11,0,11,143,446,77,16,682,22,0,22,704
11/15/2002,MKE,WI,AGL,CE,Towers with Radar,141,423,63,16,643,0,0,12,0,12,141,423,75,16,655,16,0,16,671
11/16/2002,MKE,WI,AGL,CE,Towers with Radar,115,214,25,8,362,0,0,12,0,12,115,214,37,8,374,18,0,18,392
11/17/2002,MKE,WI,AGL,CE,Towers with Radar,112,275,25,8,420,0,0,11,0,11,112,275,36,8,431,0,0,0,431
11/18/2002,MKE,WI,AGL,CE,Towers with Radar,125,399,63,13,600,0,0,13,1,14,125,399,76,14,614,0,0,0,614
11/19/2002,MKE,WI,AGL,CE,Towers with Radar,137,428,73,17,655,0,1,23,1,25,137,429,96,18,680,12,0,12,692
11/20/2002,MKE,WI,AGL,CE,Towers with Radar,138,434,71,18,661,0,1,9,0,10,138,435,80,18,671,6,0,6,677
11/21/2002,MKE,WI,AGL,CE,Towers with Radar,143,428,67,15,653,0,0,3,0,3,143,428,70,15,656,24,0,24,680
11/22/2002,MKE,WI,AGL,CE,Towers with Radar,140,425,61,13,639,0,0,23,0,23,140,425,84,13,662,3,0,3,665
11/23/2002,MKE,WI,AGL,CE,Towers with Radar,109,214,20,0,343,0,0,22,0,22,109,214,42,0,365,2,0,2,367
11/24/2002,MKE,WI,AGL,CE,Towers with Radar,109,270,10,1,390,0,0,5,0,5,109,270,15,1,395,36,0,36,431
11/25/2002,MKE,WI,AGL,CE,Towers with Radar,124,403,63,11,601,0,0,22,1,23,124,403,85,12,624,12,0,12,636
11/26/2002,MKE,WI,AGL,CE,Towers with Radar,130,433,49,14,626,0,1,17,0,18,130,434,66,14,644,2,0,2,646
11/27/2002,MKE,WI,AGL,CE,Towers with Radar,141,429,71,19,660,0,1,28,0,29,141,430,99,19,689,8,0,8,697
11/28/2002,MKE,WI,AGL,CE,Towers with Radar,89,170,14,3,276,0,0,1,0,1,89,170,15,3,277,0,0,0,277
11/29/2002,MKE,WI,AGL,CE,Towers with Radar,76,141,23,3,243,0,0,16,0,16,76,141,39,3,259,4,0,4,263
11/30/2002,MKE,WI,AGL,CE,Towers with Radar,110,220,17,2,349,0,0,0,0,0,110,220,17,2,349,0,0,0,349
12/01/2002,MKE,WI,AGL,CE,Towers with Radar,121,282,28,5,436,0,1,4,1,6,121,283,32,6,442,8,0,8,450
12/02/2002,MKE,WI,AGL,CE,Towers with Radar,131,400,61,7,599,0,0,2,0,2,131,400,63,7,601,1,0,1,602
12/03/2002,MKE,WI,AGL,CE,Towers with Radar,132,431,77,14,654,0,1,10,1,12,132,432,87,15,666,2,0,2,668
12/04/2002,MKE,WI,AGL,CE,Towers with Radar,126,437,60,14,637,0,0,15,0,15,126,437,75,14,652,0,0,0,652
12/05/2002,MKE,WI,AGL,CE,Towers with Radar,139,416,70,20,645,0,1,19,0,20,139,417,89,20,665,24,0,24,689
12/06/2002,MKE,WI,AGL,CE,Towers with Radar,134,426,87,10,657,0,1,29,0,30,134,427,116,10,687,9,0,9,696
12/07/2002,MKE,WI,AGL,CE,Towers with Radar,106,227,15,4,352,0,1,6,1,8,106,228,21,5,360,10,0,10,370
12/08/2002,MKE,WI,AGL,CE,Towers with Radar,106,269,26,11,412,0,0,7,1,8,106,269,33,12,420,0,0,0,420
12/09/2002,MKE,WI,AGL,CE,Towers with Radar,129,402,78,15,624,0,3,15,3,21,129,405,93,18,645,0,0,0,645
12/10/2002,MKE,WI,AGL,CE,Towers with Radar,133,432,70,22,657,0,0,23,0,23,133,432,93,22,680,5,0,5,685
12/11/2002,MKE,WI,AGL,CE,Towers with Radar,137,450,65,23,675,0,0,41,0,41,137,450,106,23,716,6,0,6,722
12/12/2002,MKE,WI,AGL,CE,Towers with Radar,143,441,94,19,697,0,0,22,1,23,143,441,116,20,720,31,0,31,751
12/13/2002,MKE,WI,AGL,CE,Towers with Radar,143,429,71,7,650,0,0,1,0,1,143,429,72,7,651,2,0,2,653
12/14/2002,MKE,WI,AGL,CE,Towers with Radar,105,221,18,5,349,0,0,20,0,20,105,221,38,5,369,8,0,8,377
12/15/2002,MKE,WI,AGL,CE,Towers with Radar,112,265,32,2,411,0,0,7,0,7,112,265,39,2,418,5,0,5,423
12/16/2002,MKE,WI,AGL,CE,Towers with Radar,129,393,63,14,599,0,0,18,0,18,129,393,81,14,617,4,0,4,621
12/17/2002,MKE,WI,AGL,CE,Towers with Radar,136,445,82,21,684,0,0,13,0,13,136,445,95,21,697,2,0,2,699
12/18/2002,MKE,WI,AGL,CE,Towers with Radar,127,454,51,9,641,0,0,0,0,0,127,454,51,9,641,0,0,0,641
12/19/2002,MKE,WI,AGL,CE,Towers with Radar,134,440,111,20,705,0,0,6,0,6,134,440,117,20,711,16,0,16,727
12/20/2002,MKE,WI,AGL,CE,Towers with Radar,139,441,47,7,634,0,1,5,0,6,139,442,52,7,640,6,0,6,646
12/21/2002,MKE,WI,AGL,CE,Towers with Radar,111,242,34,1,388,0,0,5,1,6,111,242,39,2,394,2,0,2,396
12/22/2002,MKE,WI,AGL,CE,Towers with Radar,112,264,27,4,407,0,0,2,0,2,112,264,29,4,409,0,0,0,409
12/23/2002,MKE,WI,AGL,CE,Towers with Radar,125,399,38,16,578,0,1,14,1,16,125,400,52,17,594,0,0,0,594
12/24/2002,MKE,WI,AGL,CE,Towers with Radar,101,232,22,3,358,0,4,4,0,8,101,236,26,3,366,0,0,0,366
12/25/2002,MKE,WI,AGL,CE,Towers with Radar,100,199,10,0,309,0,0,0,0,0,100,199,10,0,309,0,0,0,309
12/26/2002,MKE,WI,AGL,CE,Towers with Radar,127,409,21,11,568,0,1,22,1,24,127,410,43,12,592,5,0,5,597
12/27/2002,MKE,WI,AGL,CE,Towers with Radar,128,415,37,5,585,0,3,15,0,18,128,418,52,5,603,4,0,4,607
12/28/2002,MKE,WI,AGL,CE,Towers with Radar,113,230,19,0,362,0,0,7,0,7,113,230,26,0,369,8,0,8,377
12/29/2002,MKE,WI,AGL,CE,Towers with Radar,109,271,26,6,412,0,0,0,0,0,109,271,26,6,412,0,0,0,412
12/30/2002,MKE,WI,AGL,CE,Towers with Radar,122,384,27,20,553,0,0,1,0,1,122,384,28,20,554,4,0,4,558
12/31/2002,MKE,WI,AGL,CE,Towers with Radar,103,240,14,4,361,0,1,16,0,17,103,241,30,4,378,8,0,8,386
01/01/2003,MKE,WI,AGL,CE,Towers with Radar,104,233,12,2,351,0,1,3,0,4,104,234,15,2,355,0,0,0,355
01/02/2003,MKE,WI,AGL,CE,Towers with Radar,135,412,24,11,582,0,0,2,0,2,135,412,26,11,584,2,0,2,586
01/03/2003,MKE,WI,AGL,CE,Towers with Radar,136,414,21,6,577,0,2,27,1,30,136,416,48,7,607,26,0,26,633
01/04/2003,MKE,WI,AGL,CE,Towers with Radar,107,226,13,5,351,0,0,18,0,18,107,226,31,5,369,8,0,8,377
01/05/2003,MKE,WI,AGL,CE,Towers with Radar,111,255,17,3,386,0,0,5,1,6,111,255,22,4,392,0,0,0,392
01/06/2003,MKE,WI,AGL,CE,Towers with Radar,123,393,48,12,576,0,0,12,1,13,123,393,60,13,589,12,0,12,601
01/07/2003,MKE,WI,AGL,CE,Towers with Radar,135,424,51,15,625,0,0,17,0,17,135,424,68,15,642,0,0,0,642
01/08/2003,MKE,WI,AGL,CE,Towers with Radar,122,417,48,16,603,1,2,24,1,28,123,419,72,17,631,10,0,10,641
01/09/2003,MKE,WI,AGL,CE,Towers with Radar,133,435,65,23,656,0,0,14,0,14,133,435,79,23,670,2,0,2,672
01/10/2003,MKE,WI,AGL,CE,Towers with Radar,137,423,50,13,623,0,2,8,0,10,137,425,58,13,633,8,0,8,641
01/11/2003,MKE,WI,AGL,CE,Towers with Radar,102,221,20,11,354,0,0,36,0,36,102,221,56,11,390,8,0,8,398
01/12/2003,MKE,WI,AGL,CE,Towers with Radar,105,272,22,7,406,0,0,18,0,18,105,272,40,7,424,0,0,0,424
01/13/2003,MKE,WI,AGL,CE,Towers with Radar,125,396,51,8,580,0,0,11,4,15,125,396,62,12,595,13,0,13,608
01/14/2003,MKE,WI,AGL,CE,Towers with Radar,126,422,65,22,635,0,2,19,0,21,126,424,84,22,656,7,0,7,663
01/15/2003,MKE,WI,AGL,CE,Towers with Radar,126,422,61,16,625,0,0,15,0,15,126,422,76,16,640,14,0,14,654
01/16/2003,MKE,WI,AGL,CE,Towers with Radar,126,426,61,21,634,0,1,20,1,22,126,427,81,22,656,17,0,17,673
01/17/2003,MKE,WI,AGL,CE,Towers with Radar,132,417,54,6,609,0,2,20,1,23,132,419,74,7,632,14,0,14,646
01/18/2003,MKE,WI,AGL,CE,Towers with Radar,103,227,20,4,354,0,0,7,0,7,103,227,27,4,361,1,0,1,362
01/19/2003,MKE,WI,AGL,CE,Towers with Radar,96,271,14,2,383,0,0,4,0,4,96,271,18,2,387,4,0,4,391
01/20/2003,MKE,WI,AGL,CE,Towers with Radar,115,382,48,3,548,0,0,22,0,22,115,382,70,3,570,4,0,4,574
01/21/2003,MKE,WI,AGL,CE,Towers with Radar,124,413,60,12,609,1,1,26,0,28,125,414,86,12,637,23,0,23,660
01/22/2003,MKE,WI,AGL,CE,Towers with Radar,125,415,56,9,605,0,1,12,0,13,125,416,68,9,618,5,0,5,623
01/23/2003,MKE,WI,AGL,CE,Towers with Radar,134,443,61,7,645,0,3,11,1,15,134,446,72,8,660,10,0,10,670
01/24/2003,MKE,WI,AGL,CE,Towers with Radar,140,410,74,10,634,0,1,12,2,15,140,411,86,12,649,16,0,16,665
01/25/2003,MKE,WI,AGL,CE,Towers with Radar,103,221,29,4,357,0,2,13,0,15,103,223,42,4,372,13,0,13,385
01/26/2003,MKE,WI,AGL,CE,Towers with Radar,103,277,16,7,403,0,0,5,0,5,103,277,21,7,408,0,0,0,408
01/27/2003,MKE,WI,AGL,CE,Towers with Radar,122,391,53,13,579,0,0,11,2,13,122,391,64,15,592,0,0,0,592
01/28/2003,MKE,WI,AGL,CE,Towers with Radar,134,419,71,14,638,0,0,3,0,3,134,419,74,14,641,0,0,0,641
01/29/2003,MKE,WI,AGL,CE,Towers with Radar,126,423,59,17,625,0,0,11,1,12,126,423,70,18,637,4,0,4,641
01/30/2003,MKE,WI,AGL,CE,Towers with Radar,137,433,71,18,659,0,0,26,0,26,137,433,97,18,685,28,0,28,713
01/31/2003,MKE,WI,AGL,CE,Towers with Radar,126,412,45,11,594,0,0,0,0,0,126,412,45,11,594,0,0,0,594
02/01/2003,MKE,WI,AGL,CE,Towers with Radar,101,228,35,1,365,0,0,2,0,2,101,228,37,1,367,1,0,1,368
02/02/2003,MKE,WI,AGL,CE,Towers with Radar,110,265,28,2,405,0,0,0,0,0,110,265,28,2,405,0,0,0,405
02/03/2003,MKE,WI,AGL,CE,Towers with Radar,113,291,53,2,459,0,0,0,0,0,113,291,53,2,459,16,0,16,475
02/04/2003,MKE,WI,AGL,CE,Towers with Radar,134,418,64,12,628,0,0,14,0,14,134,418,78,12,642,0,0,0,642
02/05/2003,MKE,WI,AGL,CE,Towers with Radar,139,424,85,13,661,0,0,25,1,26,139,424,110,14,687,4,0,4,691
02/06/2003,MKE,WI,AGL,CE,Towers with Radar,142,443,76,19,680,0,0,14,2,16,142,443,90,21,696,0,0,0,696
02/07/2003,MKE,WI,AGL,CE,Towers with Radar,137,432,54,19,642,0,3,22,3,28,137,435,76,22,670,6,0,6,676
02/08/2003,MKE,WI,AGL,CE,Towers with Radar,101,233,21,9,364,0,0,4,1,5,101,233,25,10,369,0,0,0,369
02/09/2003,MKE,WI,AGL,CE,Towers with Radar,109,281,19,7,416,0,1,12,0,13,109,282,31,7,429,25,0,25,454
02/10/2003,MKE,WI,AGL,CE,Towers with Radar,127,407,51,12,597,0,0,6,0,6,127,407,57,12,603,4,0,4,607
02/11/2003,MKE,WI,AGL,CE,Towers with Radar,125,380,67,9,581,0,0,6,0,6,125,380,73,9,587,2,0,2,589
02/12/2003,MKE,WI,AGL,CE,Towers with Radar,137,425,73,10,645,0,3,12,0,15,137,428,85,10,660,6,0,6,666
02/13/2003,MKE,WI,AGL,CE,Towers with Radar,137,441,76,13,667,0,2,37,0,39,137,443,113,13,706,0,0,0,706
02/14/2003,MKE,WI,AGL,CE,Towers with Radar,143,420,50,4,617,0,1,9,2,12,143,421,59,6,629,0,0,0,629
02/15/2003,MKE,WI,AGL,CE,Towers with Radar,102,217,32,7,358,0,0,5,0,5,102,217,37,7,363,0,0,0,363
02/16/2003,MKE,WI,AGL,CE,Towers with Radar,112,240,32,3,387,0,0,19,0,19,112,240,51,3,406,0,0,0,406
02/17/2003,MKE,WI,AGL,CE,Towers with Radar,112,355,56,5,528,0,0,0,0,0,112,355,56,5,528,6,0,6,534
02/18/2003,MKE,WI,AGL,CE,Towers with Radar,127,409,72,16,624,0,0,2,0,2,127,409,74,16,626,22,0,22,648
02/19/2003,MKE,WI,AGL,CE,Towers with Radar,137,425,59,15,636,1,1,25,0,27,138,426,84,15,663,8,0,8,671
02/20/2003,MKE,WI,AGL,CE,Towers with Radar,143,436,63,19,661,0,2,9,1,12,143,438,72,20,673,0,0,0,673
02/21/2003,MKE,WI,AGL,CE,Towers with Radar,149,406,49,10,614,0,3,20,1,24,149,409,69,11,638,0,0,0,638
02/22/2003,MKE,WI,AGL,CE,Towers with Radar,104,226,10,2,342,0,0,0,0,0,104,226,10,2,342,0,0,0,342
02/23/2003,MKE,WI,AGL,CE,Towers with Radar,112,259,25,5,401,0,0,16,0,16,112,259,41,5,417,6,0,6,423
02/24/2003,MKE,WI,AGL,CE,Towers with Radar,124,398,46,10,578,0,0,1,0,1,124,398,47,10,579,16,0,16,595
02/25/2003,MKE,WI,AGL,CE,Towers with Radar,144,413,66,7,630,0,0,15,2,17,144,413,81,9,647,6,0,6,653
02/26/2003,MKE,WI,AGL,CE,Towers with Radar,136,427,70,4,637,0,1,31,0,32,136,428,101,4,669,4,0,4,673
02/27/2003,MKE,WI,AGL,CE,Towers with Radar,139,438,83,10,670,0,0,21,0,21,139,438,104,10,691,18,0,18,709
02/28/2003,MKE,WI,AGL,CE,Towers with Radar,141,422,68,15,646,0,1,25,1,27,141,423,93,16,673,12,0,12,685
03/01/2003,MKE,WI,AGL,CE,Towers with Radar,114,225,23,5,367,0,1,19,0,20,114,226,42,5,387,10,0,10,397
03/02/2003,MKE,WI,AGL,CE,Towers with Radar,108,240,25,1,374,0,0,0,0,0,108,240,25,1,374,0,0,0,374
03/03/2003,MKE,WI,AGL,CE,Towers with Radar,125,401,40,10,576,0,0,2,0,2,125,401,42,10,578,0,0,0,578
03/04/2003,MKE,WI,AGL,CE,Towers with Radar,139,425,64,10,638,0,0,2,0,2,139,425,66,10,640,2,0,2,642
03/05/2003,MKE,WI,AGL,CE,Towers with Radar,136,425,69,9,639,0,0,23,0,23,136,425,92,9,662,3,0,3,665
03/06/2003,MKE,WI,AGL,CE,Towers with Radar,135,415,67,16,633,0,1,12,0,13,135,416,79,16,646,6,0,6,652
03/07/2003,MKE,WI,AGL,CE,Towers with Radar,148,419,45,12,624,0,0,2,0,2,148,419,47,12,626,12,0,12,638
03/08/2003,MKE,WI,AGL,CE,Towers with Radar,116,213,18,10,357,0,0,0,0,0,116,213,18,10,357,0,0,0,357
03/09/2003,MKE,WI,AGL,CE,Towers with Radar,122,262,17,6,407,0,0,4,0,4,122,262,21,6,411,2,0,2,413
03/10/2003,MKE,WI,AGL,CE,Towers with Radar,132,403,45,3,583,1,0,18,0,19,133,403,63,3,602,45,0,45,647
03/11/2003,MKE,WI,AGL,CE,Towers with Radar,143,423,41,12,619,0,4,15,0,19,143,427,56,12,638,0,0,0,638
03/12/2003,MKE,WI,AGL,CE,Towers with Radar,138,426,69,14,647,0,1,7,0,8,138,427,76,14,655,0,0,0,655
03/13/2003,MKE,WI,AGL,CE,Towers with Radar,155,421,64,11,651,0,0,28,0,28,155,421,92,11,679,0,0,0,679
03/14/2003,MKE,WI,AGL,CE,Towers with Radar,154,427,79,10,670,0,2,31,1,34,154,429,110,11,704,24,0,24,728
03/15/2003,MKE,WI,AGL,CE,Towers with Radar,120,235,31,5,391,0,3,25,1,29,120,238,56,6,420,28,0,28,448
03/16/2003,MKE,WI,AGL,CE,Towers with Radar,119,259,23,25,426,0,0,16,0,16,119,259,39,25,442,0,0,0,442
03/17/2003,MKE,WI,AGL,CE,Towers with Radar,123,272,71,4,470,0,0,5,0,5,123,272,76,4,475,3,0,3,478
03/18/2003,MKE,WI,AGL,CE,Towers with Radar,146,410,70,15,641,0,0,3,0,3,146,410,73,15,644,2,0,2,646
03/19/2003,MKE,WI,AGL,CE,Towers with Radar,142,423,68,13,646,1,3,7,0,11,143,426,75,13,657,2,0,2,659
03/20/2003,MKE,WI,AGL,CE,Towers with Radar,141,238,48,1,428,0,0,4,0,4,141,238,52,1,432,0,0,0,432
03/21/2003,MKE,WI,AGL,CE,Towers with Radar,148,397,54,11,610,0,0,25,0,25,148,397,79,11,635,0,0,0,635
03/22/2003,MKE,WI,AGL,CE,Towers with Radar,117,215,36,2,370,0,0,2,0,2,117,215,38,2,372,4,0,4,376
03/23/2003,MKE,WI,AGL,CE,Towers with Radar,119,260,34,6,419,0,0,20,0,20,119,260,54,6,439,9,0,9,448
03/24/2003,MKE,WI,AGL,CE,Towers with Radar,132,397,55,9,593,0,0,6,0,6,132,397,61,9,599,8,0,8,607
03/25/2003,MKE,WI,AGL,CE,Towers with Radar,145,417,55,13,630,0,2,14,1,17,145,419,69,14,647,10,0,10,657
03/26/2003,MKE,WI,AGL,CE,Towers with Radar,144,409,75,11,639,0,1,14,0,15,144,410,89,11,654,2,0,2,656
03/27/2003,MKE,WI,AGL,CE,Towers with Radar,155,419,65,16,655,0,0,14,2,16,155,419,79,18,671,16,0,16,687
03/28/2003,MKE,WI,AGL,CE,Towers with Radar,150,411,48,12,621,0,0,2,0,2,150,411,50,12,623,0,0,0,623
03/29/2003,MKE,WI,AGL,CE,Towers with Radar,117,222,34,0,373,0,1,1,0,2,117,223,35,0,375,2,0,2,377
03/30/2003,MKE,WI,AGL,CE,Towers with Radar,119,259,30,8,416,0,0,11,1,12,119,259,41,9,428,12,0,12,440
03/31/2003,MKE,WI,AGL,CE,Towers with Radar,130,395,64,5,594,0,1,15,0,16,130,396,79,5,610,0,0,0,610
04/01/2003,MKE,WI,AGL,CE,Towers with Radar,146,415,57,16,634,3,2,36,2,43,149,417,93,18,677,2,0,2,679
04/02/2003,MKE,WI,AGL,CE,Towers with Radar,139,418,71,6,634,2,0,9,0,11,141,418,80,6,645,2,0,2,647
04/03/2003,MKE,WI,AGL,CE,Towers with Radar,157,408,57,5,627,1,0,0,0,1,158,408,57,5,628,6,0,6,634
04/04/2003,MKE,WI,AGL,CE,Towers with Radar,156,384,57,2,599,1,0,1,0,2,157,384,58,2,601,0,0,0,601
04/05/2003,MKE,WI,AGL,CE,Towers with Radar,109,206,28,12,355,1,0,4,0,5,110,206,32,12,360,10,0,10,370
04/06/2003,MKE,WI,AGL,CE,Towers with Radar,109,253,29,12,403,1,0,21,0,22,110,253,50,12,425,14,0,14,439
04/07/2003,MKE,WI,AGL,CE,Towers with Radar,114,355,35,3,507,1,0,0,0,1,115,355,35,3,508,0,0,0,508
04/08/2003,MKE,WI,AGL,CE,Towers with Radar,132,414,88,10,644,1,2,4,0,7,133,416,92,10,651,1,0,1,652
04/09/2003,MKE,WI,AGL,CE,Towers with Radar,123,410,76,15,624,1,0,27,0,28,124,410,103,15,652,24,0,24,676
04/10/2003,MKE,WI,AGL,CE,Towers with Radar,123,417,78,19,637,1,2,35,0,38,124,419,113,19,675,0,0,0,675
04/11/2003,MKE,WI,AGL,CE,Towers with Radar,132,393,77,16,618,1,4,29,0,34,133,397,106,16,652,17,0,17,669
04/12/2003,MKE,WI,AGL,CE,Towers with Radar,105,212,27,3,347,1,0,15,0,16,106,212,42,3,363,12,0,12,375
04/13/2003,MKE,WI,AGL,CE,Towers with Radar,114,258,46,8,426,1,0,31,0,32,115,258,77,8,458,6,0,6,464
04/14/2003,MKE,WI,AGL,CE,Towers with Radar,110,382,70,8,570,1,2,14,1,18,111,384,84,9,588,9,0,9,597
04/15/2003,MKE,WI,AGL,CE,Towers with Radar,118,413,91,13,635,1,2,30,1,34,119,415,121,14,669,3,0,3,672
04/16/2003,MKE,WI,AGL,CE,Towers with Radar,132,412,53,11,608,2,0,1,0,3,134,412,54,11,611,0,0,0,611
04/17/2003,MKE,WI,AGL,CE,Towers with Radar,127,406,58,22,613,1,0,7,0,8,128,406,65,22,621,0,0,0,621
04/18/2003,MKE,WI,AGL,CE,Towers with Radar,139,402,48,9,598,1,0,1,0,2,140,402,49,9,600,4,0,4,604
04/19/2003,MKE,WI,AGL,CE,Towers with Radar,103,204,9,11,327,1,0,0,0,1,104,204,9,11,328,0,0,0,328
04/20/2003,MKE,WI,AGL,CE,Towers with Radar,110,256,8,2,376,2,0,2,0,4,112,256,10,2,380,0,0,0,380
04/21/2003,MKE,WI,AGL,CE,Towers with Radar,118,378,59,15,570,1,2,5,0,8,119,380,64,15,578,4,0,4,582
04/22/2003,MKE,WI,AGL,CE,Towers with Radar,127,402,65,16,610,1,2,21,1,25,128,404,86,17,635,4,0,4,639
04/23/2003,MKE,WI,AGL,CE,Towers with Radar,121,406,61,16,604,2,2,54,1,59,123,408,115,17,663,52,0,52,715
04/24/2003,MKE,WI,AGL,CE,Towers with Radar,130,415,61,18,624,2,4,15,0,21,132,419,76,18,645,2,0,2,647
04/25/2003,MKE,WI,AGL,CE,Towers with Radar,131,401,63,14,609,0,8,19,1,28,131,409,82,15,637,0,0,0,637
04/26/2003,MKE,WI,AGL,CE,Towers with Radar,107,208,38,10,363,0,8,21,1,30,107,216,59,11,393,6,0,6,399
04/27/2003,MKE,WI,AGL,CE,Towers with Radar,113,263,38,3,417,0,1,19,0,20,113,264,57,3,437,0,0,0,437
04/28/2003,MKE,WI,AGL,CE,Towers with Radar,117,377,56,5,555,0,5,24,0,29,117,382,80,5,584,14,0,14,598
04/29/2003,MKE,WI,AGL,CE,Towers with Radar,144,410,64,6,624,16,5,14,0,35,160,415,78,6,659,2,0,2,661
04/30/2003,MKE,WI,AGL,CE,Towers with Radar,118,409,71,6,604,0,2,8,0,10,118,411,79,6,614,7,0,7,621
05/01/2003,MKE,WI,AGL,CE,Towers with Radar,136,405,94,16,651,0,0,0,0,0,136,405,94,16,651,0,0,0,651
05/02/2003,MKE,WI,AGL,CE,Towers with Radar,133,400,70,19,622,0,1,31,2,34,133,401,101,21,656,0,0,0,656
05/03/2003,MKE,WI,AGL,CE,Towers with Radar,99,193,29,17,338,0,0,36,0,36,99,193,65,17,374,14,0,14,388
05/04/2003,MKE,WI,AGL,CE,Towers with Radar,97,257,33,10,397,0,2,15,1,18,97,259,48,11,415,5,0,5,420
05/05/2003,MKE,WI,AGL,CE,Towers with Radar,139,379,51,6,575,0,3,0,1,4,139,382,51,7,579,0,0,0,579
05/06/2003,MKE,WI,AGL,CE,Towers with Radar,127,414,98,11,650,1,0,9,2,12,128,414,107,13,662,6,0,6,668
05/07/2003,MKE,WI,AGL,CE,Towers with Radar,124,420,84,11,639,0,0,0,0,0,124,420,84,11,639,0,0,0,639
05/08/2003,MKE,WI,AGL,CE,Towers with Radar,132,431,93,17,673,0,0,6,0,6,132,431,99,17,679,5,0,5,684
05/09/2003,MKE,WI,AGL,CE,Towers with Radar,133,407,82,12,634,0,0,19,3,22,133,407,101,15,656,10,0,10,666
05/10/2003,MKE,WI,AGL,CE,Towers with Radar,102,209,29,3,343,0,3,18,0,21,102,212,47,3,364,6,0,6,370
05/11/2003,MKE,WI,AGL,CE,Towers with Radar,97,239,16,7,359,0,0,0,0,0,97,239,16,7,359,0,0,0,359
05/12/2003,MKE,WI,AGL,CE,Towers with Radar,114,371,65,12,562,0,2,18,2,22,114,373,83,14,584,0,0,0,584
05/13/2003,MKE,WI,AGL,CE,Towers with Radar,125,386,79,27,617,0,1,39,0,40,125,387,118,27,657,8,0,8,665
05/14/2003,MKE,WI,AGL,CE,Towers with Radar,121,410,99,16,646,0,2,16,0,18,121,412,115,16,664,0,0,0,664
05/15/2003,MKE,WI,AGL,CE,Towers with Radar,126,418,82,12,638,0,0,18,0,18,126,418,100,12,656,6,0,6,662
05/16/2003,MKE,WI,AGL,CE,Towers with Radar,129,400,85,20,634,0,4,26,2,32,129,404,111,22,666,8,0,8,674
05/17/2003,MKE,WI,AGL,CE,Towers with Radar,106,205,57,6,374,0,0,8,0,8,106,205,65,6,382,2,0,2,384
05/18/2003,MKE,WI,AGL,CE,Towers with Radar,97,247,50,4,398,3,0,7,0,10,100,247,57,4,408,6,0,6,414
05/19/2003,MKE,WI,AGL,CE,Towers with Radar,115,379,78,17,589,0,0,0,0,0,115,379,78,17,589,0,0,0,589
05/20/2003,MKE,WI,AGL,CE,Towers with Radar,124,408,83,23,638,0,2,10,0,12,124,410,93,23,650,9,0,9,659
05/21/2003,MKE,WI,AGL,CE,Towers with Radar,123,420,73,20,636,0,3,49,1,53,123,423,122,21,689,16,0,16,705
05/22/2003,MKE,WI,AGL,CE,Towers with Radar,126,400,83,22,631,2,4,28,4,38,128,404,111,26,669,2,0,2,671
05/23/2003,MKE,WI,AGL,CE,Towers with Radar,126,394,54,15,589,0,2,49,2,53,126,396,103,17,642,0,0,0,642
05/24/2003,MKE,WI,AGL,CE,Towers with Radar,87,187,28,8,310,0,0,25,0,25,87,187,53,8,335,2,0,2,337
05/25/2003,MKE,WI,AGL,CE,Towers with Radar,79,161,27,10,277,0,0,16,0,16,79,161,43,10,293,7,0,7,300
05/26/2003,MKE,WI,AGL,CE,Towers with Radar,102,244,19,7,372,0,0,15,0,15,102,244,34,7,387,6,0,6,393
05/27/2003,MKE,WI,AGL,CE,Towers with Radar,112,384,96,16,608,0,4,23,1,28,112,388,119,17,636,5,0,5,641
05/28/2003,MKE,WI,AGL,CE,Towers with Radar,129,419,73,11,632,0,0,16,0,16,129,419,89,11,648,26,0,26,674
05/29/2003,MKE,WI,AGL,CE,Towers with Radar,129,404,105,18,656,0,4,14,0,18,129,408,119,18,674,2,0,2,676
05/30/2003,MKE,WI,AGL,CE,Towers with Radar,132,395,63,10,600,0,1,12,2,15,132,396,75,12,615,12,0,12,627
05/31/2003,MKE,WI,AGL,CE,Towers with Radar,102,202,34,7,345,0,0,11,0,11,102,202,45,7,356,2,0,2,358
06/01/2003,MKE,WI,AGL,CE,Towers with Radar,95,245,27,3,370,3,0,28,0,31,98,245,55,3,401,4,0,4,405
06/02/2003,MKE,WI,AGL,CE,Towers with Radar,114,375,60,7,556,1,0,22,0,23,115,375,82,7,579,10,0,10,589
06/03/2003,MKE,WI,AGL,CE,Towers with Radar,129,417,73,19,638,1,0,15,0,16,130,417,88,19,654,2,0,2,656
06/04/2003,MKE,WI,AGL,CE,Towers with Radar,132,405,69,19,625,1,0,30,0,31,133,405,99,19,656,4,0,4,660
06/05/2003,MKE,WI,AGL,CE,Towers with Radar,129,406,91,18,644,1,1,26,5,33,130,407,117,23,677,18,0,18,695
06/06/2003,MKE,WI,AGL,CE,Towers with Radar,130,407,83,13,633,1,1,13,5,20,131,408,96,18,653,6,0,6,659
06/07/2003,MKE,WI,AGL,CE,Towers with Radar,94,203,44,9,350,1,0,22,0,23,95,203,66,9,373,24,0,24,397
06/08/2003,MKE,WI,AGL,CE,Towers with Radar,94,272,28,12,406,1,0,0,1,2,95,272,28,13,408,4,0,4,412
06/09/2003,MKE,WI,AGL,CE,Towers with Radar,117,394,80,9,600,1,4,30,0,35,118,398,110,9,635,4,0,4,639
06/10/2003,MKE,WI,AGL,CE,Towers with Radar,109,426,71,23,629,1,0,2,1,4,110,426,73,24,633,0,0,0,633
06/11/2003,MKE,WI,AGL,CE,Towers with Radar,121,442,94,14,671,0,0,1,0,1,121,442,95,14,672,0,0,0,672
06/12/2003,MKE,WI,AGL,CE,Towers with Radar,122,434,116,20,692,0,0,19,0,19,122,434,135,20,711,10,0,10,721
06/13/2003,MKE,WI,AGL,CE,Towers with Radar,118,400,71,19,608,0,0,35,3,38,118,400,106,22,646,20,0,20,666
06/14/2003,MKE,WI,AGL,CE,Towers with Radar,98,221,35,6,360,0,0,16,1,17,98,221,51,7,377,0,0,0,377
06/15/2003,MKE,WI,AGL,CE,Towers with Radar,100,259,30,4,393,0,0,31,5,36,100,259,61,9,429,11,0,11,440
06/16/2003,MKE,WI,AGL,CE,Towers with Radar,115,377,92,17,601,0,0,24,0,24,115,377,116,17,625,26,0,26,651
06/17/2003,MKE,WI,AGL,CE,Towers with Radar,117,394,77,14,602,0,24,31,14,69,117,418,108,28,671,10,0,10,681
06/18/2003,MKE,WI,AGL,CE,Towers with Radar,130,429,102,19,680,0,0,14,1,15,130,429,116,20,695,6,0,6,701
06/19/2003,MKE,WI,AGL,CE,Towers with Radar,131,426,109,26,692,0,6,24,2,32,131,432,133,28,724,18,0,18,742
06/20/2003,MKE,WI,AGL,CE,Towers with Radar,127,408,90,15,640,0,6,34,4,44,127,414,124,19,684,2,0,2,686
06/21/2003,MKE,WI,AGL,CE,Towers with Radar,99,219,46,4,368,0,1,32,1,34,99,220,78,5,402,6,0,6,408
06/22/2003,MKE,WI,AGL,CE,Towers with Radar,98,270,41,4,413,0,0,26,3,29,98,270,67,7,442,2,0,2,444
06/23/2003,MKE,WI,AGL,CE,Towers with Radar,114,372,44,17,547,0,0,10,0,10,114,372,54,17,557,10,0,10,567
06/24/2003,MKE,WI,AGL,CE,Towers with Radar,125,413,93,25,656,0,0,25,0,25,125,413,118,25,681,16,0,16,697
06/25/2003,MKE,WI,AGL,CE,Towers with Radar,124,421,70,11,626,0,0,18,0,18,124,421,88,11,644,4,0,4,648
06/26/2003,MKE,WI,AGL,CE,Towers with Radar,127,434,94,21,676,0,2,20,1,23,127,436,114,22,699,0,0,0,699
06/27/2003,MKE,WI,AGL,CE,Towers with Radar,128,416,93,16,653,0,2,20,0,22,128,418,113,16,675,13,0,13,688
06/28/2003,MKE,WI,AGL,CE,Towers with Radar,99,223,52,2,376,0,0,3,0,3,99,223,55,2,379,0,0,0,379
06/29/2003,MKE,WI,AGL,CE,Towers with Radar,103,279,50,5,437,0,2,19,0,21,103,281,69,5,458,11,0,11,469
06/30/2003,MKE,WI,AGL,CE,Towers with Radar,123,370,85,11,589,0,1,22,0,23,123,371,107,11,612,16,0,16,628
07/01/2003,MKE,WI,AGL,CE,Towers with Radar,130,404,85,22,641,0,0,20,1,21,130,404,105,23,662,5,0,5,667
07/02/2003,MKE,WI,AGL,CE,Towers with Radar,142,412,69,10,633,2,3,30,1,36,144,415,99,11,669,4,0,4,673
07/03/2003,MKE,WI,AGL,CE,Towers with Radar,143,401,60,9,613,0,1,7,0,8,143,402,67,9,621,0,0,0,621
07/04/2003,MKE,WI,AGL,CE,Towers with Radar,105,205,25,9,344,0,1,6,4,11,105,206,31,13,355,16,0,16,371
07/05/2003,MKE,WI,AGL,CE,Towers with Radar,109,201,27,3,340,0,0,17,0,17,109,201,44,3,357,0,0,0,357
07/06/2003,MKE,WI,AGL,CE,Towers with Radar,112,263,35,5,415,0,0,8,0,8,112,263,43,5,423,0,0,0,423
07/07/2003,MKE,WI,AGL,CE,Towers with Radar,133,375,71,12,591,0,2,8,0,10,133,377,79,12,601,8,0,8,609
07/08/2003,MKE,WI,AGL,CE,Towers with Radar,132,403,76,8,619,0,1,15,0,16,132,404,91,8,635,2,0,2,637
07/09/2003,MKE,WI,AGL,CE,Towers with Radar,131,418,87,16,652,0,1,7,1,9,131,419,94,17,661,0,0,0,661
07/10/2003,MKE,WI,AGL,CE,Towers with Radar,147,420,93,25,685,0,0,3,0,3,147,420,96,25,688,7,0,7,695
07/11/2003,MKE,WI,AGL,CE,Towers with Radar,145,412,78,9,644,0,0,9,0,9,145,412,87,9,653,2,0,2,655
07/12/2003,MKE,WI,AGL,CE,Towers with Radar,105,217,36,19,377,0,0,25,0,25,105,217,61,19,402,18,0,18,420
07/13/2003,MKE,WI,AGL,CE,Towers with Radar,109,279,57,11,456,0,2,19,1,22,109,281,76,12,478,20,0,20,498
07/14/2003,MKE,WI,AGL,CE,Towers with Radar,130,384,72,7,593,0,3,24,3,30,130,387,96,10,623,20,0,20,643
07/15/2003,MKE,WI,AGL,CE,Towers with Radar,148,430,78,24,680,0,1,19,1,21,148,431,97,25,701,38,0,38,739
07/16/2003,MKE,WI,AGL,CE,Towers with Radar,134,418,76,18,646,0,3,33,1,37,134,421,109,19,683,17,0,17,700
07/17/2003,MKE,WI,AGL,CE,Towers with Radar,159,429,70,23,681,0,2,20,1,23,159,431,90,24,704,6,0,6,710
07/18/2003,MKE,WI,AGL,CE,Towers with Radar,143,395,66,13,617,1,3,23,1,28,144,398,89,14,645,8,0,8,653
07/19/2003,MKE,WI,AGL,CE,Towers with Radar,106,216,28,3,353,0,2,35,0,37,106,218,63,3,390,6,0,6,396
07/20/2003,MKE,WI,AGL,CE,Towers with Radar,106,270,42,4,422,0,0,15,0,15,106,270,57,4,437,0,0,0,437
07/21/2003,MKE,WI,AGL,CE,Towers with Radar,124,362,61,8,555,0,1,17,0,18,124,363,78,8,573,2,0,2,575
07/22/2003,MKE,WI,AGL,CE,Towers with Radar,139,401,72,22,634,0,1,18,0,19,139,402,90,22,653,4,0,4,657
07/23/2003,MKE,WI,AGL,CE,Towers with Radar,140,415,98,16,669,0,3,28,0,31,140,418,126,16,700,22,0,22,722
07/24/2003,MKE,WI,AGL,CE,Towers with Radar,148,414,94,23,679,0,1,43,1,45,148,415,137,24,724,3,0,3,727
07/25/2003,MKE,WI,AGL,CE,Towers with Radar,148,402,60,17,627,1,2,55,2,60,149,404,115,19,687,2,0,2,689
07/26/2003,MKE,WI,AGL,CE,Towers with Radar,106,214,55,6,381,0,2,8,0,10,106,216,63,6,391,6,0,6,397
07/27/2003,MKE,WI,AGL,CE,Towers with Radar,115,255,49,4,423,0,4,32,1,37,115,259,81,5,460,0,0,0,460
07/28/2003,MKE,WI,AGL,CE,Towers with Radar,135,371,106,12,624,0,2,38,1,41,135,373,144,13,665,2,0,2,667
07/29/2003,MKE,WI,AGL,CE,Towers with Radar,138,418,85,29,670,0,4,31,0,35,138,422,116,29,705,10,0,10,715
07/30/2003,MKE,WI,AGL,CE,Towers with Radar,145,395,94,15,649,0,1,24,0,25,145,396,118,15,674,6,0,6,680
07/31/2003,MKE,WI,AGL,CE,Towers with Radar,142,417,93,20,672,0,1,35,1,37,142,418,128,21,709,6,0,6,715
08/01/2003,MKE,WI,AGL,CE,Towers with Radar,144,388,90,23,645,0,0,9,1,10,144,388,99,24,655,18,0,18,673
08/02/2003,MKE,WI,AGL,CE,Towers with Radar,111,216,48,11,386,0,0,16,0,16,111,216,64,11,402,4,0,4,406
08/03/2003,MKE,WI,AGL,CE,Towers with Radar,106,262,44,4,416,0,0,20,0,20,106,262,64,4,436,7,0,7,443
08/04/2003,MKE,WI,AGL,CE,Towers with Radar,133,374,85,10,602,0,0,7,0,7,133,374,92,10,609,0,0,0,609
08/05/2003,MKE,WI,AGL,CE,Towers with Radar,140,417,92,23,672,0,0,20,0,20,140,417,112,23,692,0,0,0,692
08/06/2003,MKE,WI,AGL,CE,Towers with Radar,143,421,105,13,682,0,0,28,1,29,143,421,133,14,711,4,0,4,715
08/07/2003,MKE,WI,AGL,CE,Towers with Radar,148,417,99,22,686,0,3,40,1,44,148,420,139,23,730,0,0,0,730
08/08/2003,MKE,WI,AGL,CE,Towers with Radar,147,395,91,18,651,0,1,13,0,14,147,396,104,18,665,4,0,4,669
08/09/2003,MKE,WI,AGL,CE,Towers with Radar,110,219,36,5,370,0,1,42,0,43,110,220,78,5,413,38,0,38,451
08/10/2003,MKE,WI,AGL,CE,Towers with Radar,113,264,40,6,423,0,1,24,0,25,113,265,64,6,448,0,0,0,448
08/11/2003,MKE,WI,AGL,CE,Towers with Radar,139,371,67,9,586,0,1,5,0,6,139,372,72,9,592,2,0,2,594
08/12/2003,MKE,WI,AGL,CE,Towers with Radar,142,405,89,15,651,0,3,14,0,17,142,408,103,15,668,18,0,18,686
08/13/2003,MKE,WI,AGL,CE,Towers with Radar,141,436,113,12,702,0,0,30,3,33,141,436,143,15,735,9,0,9,744
08/14/2003,MKE,WI,AGL,CE,Towers with Radar,138,410,77,12,637,0,1,25,0,26,138,411,102,12,663,25,0,25,688
08/15/2003,MKE,WI,AGL,CE,Towers with Radar,139,399,58,12,608,0,1,5,1,7,139,400,63,13,615,0,0,0,615
08/16/2003,MKE,WI,AGL,CE,Towers with Radar,108,225,26,10,369,0,0,18,0,18,108,225,44,10,387,21,0,21,408
08/17/2003,MKE,WI,AGL,CE,Towers with Radar,108,278,45,9,440,0,0,19,1,20,108,278,64,10,460,11,0,11,471
08/18/2003,MKE,WI,AGL,CE,Towers with Radar,143,374,68,10,595,0,1,21,0,22,143,375,89,10,617,0,0,0,617
08/19/2003,MKE,WI,AGL,CE,Towers with Radar,146,420,80,17,663,0,0,19,3,22,146,420,99,20,685,10,0,10,695
08/20/2003,MKE,WI,AGL,CE,Towers with Radar,140,413,74,16,643,1,2,9,0,12,141,415,83,16,655,18,0,18,673
08/21/2003,MKE,WI,AGL,CE,Towers with Radar,151,423,67,20,661,0,1,12,1,14,151,424,79,21,675,10,0,10,685
08/22/2003,MKE,WI,AGL,CE,Towers with Radar,149,402,69,18,638,0,3,29,0,32,149,405,98,18,670,16,0,16,686
08/23/2003,MKE,WI,AGL,CE,Towers with Radar,117,208,22,2,349,0,0,32,0,32,117,208,54,2,381,13,0,13,394
08/24/2003,MKE,WI,AGL,CE,Towers with Radar,112,258,35,6,411,0,2,9,1,12,112,260,44,7,423,2,0,2,425
08/25/2003,MKE,WI,AGL,CE,Towers with Radar,139,381,61,16,597,0,1,22,0,23,139,382,83,16,620,17,0,17,637
08/26/2003,MKE,WI,AGL,CE,Towers with Radar,146,424,78,26,674,1,1,24,0,26,147,425,102,26,700,6,0,6,706
08/27/2003,MKE,WI,AGL,CE,Towers with Radar,148,403,82,12,645,0,2,34,2,38,148,405,116,14,683,13,0,13,696
08/28/2003,MKE,WI,AGL,CE,Towers with Radar,150,409,99,22,680,0,1,32,5,38,150,410,131,27,718,24,0,24,742
08/29/2003,MKE,WI,AGL,CE,Towers with Radar,152,393,69,7,621,0,2,52,2,56,152,395,121,9,677,18,0,18,695
08/30/2003,MKE,WI,AGL,CE,Towers with Radar,108,201,44,3,356,0,0,33,0,33,108,201,77,3,389,48,0,48,437
08/31/2003,MKE,WI,AGL,CE,Towers with Radar,95,158,48,3,304,0,0,20,0,20,95,158,68,3,324,2,0,2,326
09/01/2003,MKE,WI,AGL,CE,Combined TRACON& Tower with Radar,122,259,43,5,429,0,2,9,0,11,122,261,52,5,440,0,0,0,440
09/02/2003,MKE,WI,AGL,CE,Combined TRACON& Tower with Radar,139,371,65,13,588,0,1,33,0,34,139,372,98,13,622,8,0,8,630
09/03/2003,MKE,WI,AGL,CE,Combined TRACON& Tower with Radar,154,414,71,13,652,0,0,12,3,15,154,414,83,16,667,4,0,4,671
09/04/2003,MKE,WI,AGL,CE,Combined TRACON& Tower with Radar,158,416,78,25,677,0,4,25,1,30,158,420,103,26,707,34,0,34,741
09/05/2003,MKE,WI,AGL,CE,Combined TRACON& Tower with Radar,156,390,71,16,633,0,4,32,4,40,156,394,103,20,673,13,0,13,686
09/06/2003,MKE,WI,AGL,CE,Combined TRACON& Tower with Radar,113,215,20,6,354,0,0,35,0,35,113,215,55,6,389,10,0,10,399
09/07/2003,MKE,WI,AGL,CE,Combined TRACON& Tower with Radar,118,248,45,9,420,0,0,30,1,31,118,248,75,10,451,8,0,8,459
09/08/2003,MKE,WI,AGL,CE,Combined TRACON& Tower with Radar,147,380,71,6,604,0,0,7,1,8,147,380,78,7,612,0,0,0,612
09/09/2003,MKE,WI,AGL,CE,Combined TRACON& Tower with Radar,146,415,83,19,663,0,1,21,0,22,146,416,104,19,685,32,0,32,717
09/10/2003,MKE,WI,AGL,CE,Combined TRACON& Tower with Radar,150,410,86,12,658,0,3,17,1,21,150,413,103,13,679,10,0,10,689
09/11/2003,MKE,WI,AGL,CE,Combined TRACON& Tower with Radar,147,409,82,16,654,0,2,7,0,9,147,411,89,16,663,1,0,1,664
09/12/2003,MKE,WI,AGL,CE,Combined TRACON& Tower with Radar,146,418,55,19,638,0,0,13,2,15,146,418,68,21,653,20,0,20,673
09/13/2003,MKE,WI,AGL,CE,Combined TRACON& Tower with Radar,112,219,31,17,379,0,0,0,0,0,112,219,31,17,379,0,0,0,379
09/14/2003,MKE,WI,AGL,CE,Combined TRACON& Tower with Radar,123,270,41,12,446,0,0,6,0,6,123,270,47,12,452,4,0,4,456
09/15/2003,MKE,WI,AGL,CE,Combined TRACON& Tower with Radar,140,388,89,6,623,1,0,19,0,20,141,388,108,6,643,0,0,0,643
09/16/2003,MKE,WI,AGL,CE,Combined TRACON& Tower with Radar,149,408,74,23,654,0,6,18,3,27,149,414,92,26,681,2,0,2,683
09/17/2003,MKE,WI,AGL,CE,Combined TRACON& Tower with Radar,152,416,98,19,685,0,6,20,2,28,152,422,118,21,713,2,0,2,715
09/18/2003,MKE,WI,AGL,CE,Combined TRACON& Tower with Radar,153,410,103,19,685,0,17,31,2,50,153,427,134,21,735,12,0,12,747
09/19/2003,MKE,WI,AGL,CE,Combined TRACON& Tower with Radar,167,423,71,11,672,0,3,6,0,9,167,426,77,11,681,0,0,0,681
09/20/2003,MKE,WI,AGL,CE,Combined TRACON& Tower with Radar,119,213,35,14,381,0,0,27,0,27,119,213,62,14,408,2,0,2,410
09/21/2003,MKE,WI,AGL,CE,Combined TRACON& Tower with Radar,123,250,54,11,438,0,0,20,0,20,123,250,74,11,458,4,0,4,462
09/22/2003,MKE,WI,AGL,CE,Combined TRACON& Tower with Radar,148,390,64,15,617,0,2,4,0,6,148,392,68,15,623,10,0,10,633
09/23/2003,MKE,WI,AGL,CE,Combined TRACON& Tower with Radar,157,416,60,18,651,0,3,13,1,17,157,419,73,19,668,4,0,4,672
09/24/2003,MKE,WI,AGL,CE,Combined TRACON& Tower with Radar,158,433,113,8,712,0,3,20,1,24,158,436,133,9,736,20,0,20,756
09/25/2003,MKE,WI,AGL,CE,Combined TRACON& Tower with Radar,158,416,84,19,677,0,7,19,1,27,158,423,103,20,704,2,0,2,706
09/26/2003,MKE,WI,AGL,CE,Combined TRACON& Tower with Radar,159,393,84,20,656,0,2,8,0,10,159,395,92,20,666,0,0,0,666
09/27/2003,MKE,WI,AGL,CE,Combined TRACON& Tower with Radar,114,220,44,2,380,0,0,19,0,19,114,220,63,2,399,19,0,19,418
09/28/2003,MKE,WI,AGL,CE,Combined TRACON& Tower with Radar,125,271,31,7,434,0,0,6,0,6,125,271,37,7,440,2,0,2,442
09/29/2003,MKE,WI,AGL,CE,Combined TRACON& Tower with Radar,144,374,73,12,603,0,1,15,2,18,144,375,88,14,621,4,0,4,625
09/30/2003,MKE,WI,AGL,CE,Combined TRACON& Tower with Radar,163,407,65,17,652,1,2,24,4,31,164,409,89,21,683,14,0,14,697
10/01/2003,MKE,WI,AGL,CE,Combined TRACON& Tower with Radar,153,429,68,17,667,0,4,19,4,27,153,433,87,21,694,26,0,26,720
10/02/2003,MKE,WI,AGL,CE,Combined TRACON& Tower with Radar,154,428,96,19,697,0,4,34,1,39,154,432,130,20,736,4,0,4,740
10/03/2003,MKE,WI,AGL,CE,Combined TRACON& Tower with Radar,158,420,47,20,645,0,3,10,1,14,158,423,57,21,659,4,0,4,663
10/04/2003,MKE,WI,AGL,CE,Combined TRACON& Tower with Radar,118,230,27,5,380,1,4,16,0,21,119,234,43,5,401,6,0,6,407
10/05/2003,MKE,WI,AGL,CE,Combined TRACON& Tower with Radar,125,262,37,14,438,0,0,28,5,33,125,262,65,19,471,17,0,17,488
10/06/2003,MKE,WI,AGL,CE,Combined TRACON& Tower with Radar,144,380,59,3,586,0,4,20,2,26,144,384,79,5,612,8,0,8,620
10/07/2003,MKE,WI,AGL,CE,Combined TRACON& Tower with Radar,150,425,63,15,653,0,1,29,4,34,150,426,92,19,687,10,0,10,697
10/08/2003,MKE,WI,AGL,CE,Combined TRACON& Tower with Radar,161,421,61,10,653,0,3,21,1,25,161,424,82,11,678,10,0,10,688
10/09/2003,MKE,WI,AGL,CE,Combined TRACON& Tower with Radar,158,453,77,16,704,0,3,35,4,42,158,456,112,20,746,8,0,8,754
10/10/2003,MKE,WI,AGL,CE,Combined TRACON& Tower with Radar,161,428,50,10,649,0,2,25,0,27,161,430,75,10,676,6,0,6,682
10/11/2003,MKE,WI,AGL,CE,Combined TRACON& Tower with Radar,117,212,39,5,373,0,0,9,0,9,117,212,48,5,382,16,0,16,398
10/12/2003,MKE,WI,AGL,CE,Combined TRACON& Tower with Radar,124,255,37,5,421,0,0,25,0,25,124,255,62,5,446,2,0,2,448
10/13/2003,MKE,WI,AGL,CE,Combined TRACON& Tower with Radar,145,388,54,2,589,0,1,30,2,33,145,389,84,4,622,3,0,3,625
10/14/2003,MKE,WI,AGL,CE,Combined TRACON& Tower with Radar,155,406,70,18,649,0,1,10,0,11,155,407,80,18,660,2,0,2,662
10/15/2003,MKE,WI,AGL,CE,Combined TRACON& Tower with Radar,158,414,70,16,658,0,5,12,0,17,158,419,82,16,675,0,0,0,675
10/16/2003,MKE,WI,AGL,CE,Combined TRACON& Tower with Radar,155,423,100,17,695,0,5,23,3,31,155,428,123,20,726,0,0,0,726
10/17/2003,MKE,WI,AGL,CE,Combined TRACON& Tower with Radar,160,394,86,20,660,1,5,10,1,17,161,399,96,21,677,4,0,4,681
10/18/2003,MKE,WI,AGL,CE,Combined TRACON& Tower with Radar,119,202,50,12,383,0,2,20,0,22,119,204,70,12,405,0,0,0,405
10/19/2003,MKE,WI,AGL,CE,Combined TRACON& Tower with Radar,125,262,37,14,438,0,0,28,5,33,125,262,65,19,471,17,0,17,488
10/20/2003,MKE,WI,AGL,CE,Combined TRACON& Tower with Radar,144,380,59,3,586,0,4,20,2,26,144,384,79,5,612,8,0,8,620
10/21/2003,MKE,WI,AGL,CE,Combined TRACON& Tower with Radar,150,425,63,15,653,0,1,29,4,34,150,426,92,19,687,10,0,10,697
10/22/2003,MKE,WI,AGL,CE,Combined TRACON& Tower with Radar,161,421,61,10,653,0,3,21,1,25,161,424,82,11,678,10,0,10,688
10/23/2003,MKE,WI,AGL,CE,Combined TRACON& Tower with Radar,158,453,77,16,704,0,3,35,4,42,158,456,112,20,746,8,0,8,754
10/24/2003,MKE,WI,AGL,CE,Combined TRACON& Tower with Radar,161,428,50,10,649,0,2,25,0,27,161,430,75,10,676,6,0,6,682
10/25/2003,MKE,WI,AGL,CE,Combined TRACON& Tower with Radar,117,212,39,5,373,0,0,9,0,9,117,212,48,5,382,16,0,16,398
10/26/2003,MKE,WI,AGL,CE,Combined TRACON& Tower with Radar,124,255,37,5,421,0,0,25,0,25,124,255,62,5,446,2,0,2,448
10/27/2003,MKE,WI,AGL,CE,Combined TRACON& Tower with Radar,145,388,54,2,589,0,1,30,2,33,145,389,84,4,622,3,0,3,625
10/28/2003,MKE,WI,AGL,CE,Combined TRACON& Tower with Radar,155,406,70,18,649,0,1,10,0,11,155,407,80,18,660,2,0,2,662
10/29/2003,MKE,WI,AGL,CE,Combined TRACON& Tower with Radar,158,414,70,16,658,0,5,12,0,17,158,419,82,16,675,0,0,0,675
10/30/2003,MKE,WI,AGL,CE,Combined TRACON& Tower with Radar,155,423,100,17,695,0,5,23,3,31,155,428,123,20,726,0,0,0,726
10/31/2003,MKE,WI,AGL,CE,Combined TRACON& Tower with Radar,160,394,86,20,660,1,5,10,1,17,161,399,96,21,677,4,0,4,681
11/01/2003,MKE,WI,AGL,CE,Combined TRACON& Tower with Radar,148,188,17,7,360,0,2,39,0,41,148,190,56,7,401,0,0,0,401
11/02/2003,MKE,WI,AGL,CE,Combined TRACON& Tower with Radar,161,227,20,5,413,0,0,1,0,1,161,227,21,5,414,0,0,0,414
11/03/2003,MKE,WI,AGL,CE,Combined TRACON& Tower with Radar,179,342,59,6,586,0,0,0,0,0,179,342,59,6,586,0,0,0,586
11/04/2003,MKE,WI,AGL,CE,Combined TRACON& Tower with Radar,195,420,53,10,678,0,0,4,1,5,195,420,57,11,683,0,0,0,683
11/05/2003,MKE,WI,AGL,CE,Combined TRACON& Tower with Radar,185,383,63,10,641,0,0,10,0,10,185,383,73,10,651,0,0,0,651
11/06/2003,MKE,WI,AGL,CE,Combined TRACON& Tower with Radar,195,385,75,17,672,0,3,54,0,57,195,388,129,17,729,0,0,0,729
11/07/2003,MKE,WI,AGL,CE,Combined TRACON& Tower with Radar,199,365,46,12,622,0,3,26,0,29,199,368,72,12,651,0,0,0,651
11/08/2003,MKE,WI,AGL,CE,Combined TRACON& Tower with Radar,150,189,41,2,382,0,2,40,0,42,150,191,81,2,424,0,0,0,424
11/09/2003,MKE,WI,AGL,CE,Combined TRACON& Tower with Radar,163,221,27,2,413,0,2,19,1,22,163,223,46,3,435,0,0,0,435
11/10/2003,MKE,WI,AGL,CE,Combined TRACON& Tower with Radar,186,343,62,12,603,0,2,8,2,12,186,345,70,14,615,0,0,0,615
11/11/2003,MKE,WI,AGL,CE,Combined TRACON& Tower with Radar,194,375,72,5,646,0,3,4,0,7,194,378,76,5,653,0,0,0,653
11/12/2003,MKE,WI,AGL,CE,Combined TRACON& Tower with Radar,204,352,49,16,621,0,3,4,0,7,204,355,53,16,628,0,0,0,628
11/13/2003,MKE,WI,AGL,CE,Combined TRACON& Tower with Radar,194,376,78,26,674,0,1,23,2,26,194,377,101,28,700,0,0,0,700
11/14/2003,MKE,WI,AGL,CE,Combined TRACON& Tower with Radar,198,360,54,15,627,0,9,15,1,25,198,369,69,16,652,0,0,0,652
11/15/2003,MKE,WI,AGL,CE,Combined TRACON& Tower with Radar,147,187,15,4,353,0,0,0,0,0,147,187,15,4,353,0,0,0,353
11/16/2003,MKE,WI,AGL,CE,Combined TRACON& Tower with Radar,157,226,28,5,416,0,0,0,0,0,157,226,28,5,416,0,0,0,416
11/17/2003,MKE,WI,AGL,CE,Combined TRACON& Tower with Radar,190,328,39,11,568,0,1,1,0,2,190,329,40,11,570,0,0,0,570
11/18/2003,MKE,WI,AGL,CE,Combined TRACON& Tower with Radar,191,392,121,18,722,0,4,3,0,7,191,396,124,18,729,0,0,0,729
11/19/2003,MKE,WI,AGL,CE,Combined TRACON& Tower with Radar,189,365,66,17,637,0,3,23,0,26,189,368,89,17,663,0,0,0,663
11/20/2003,MKE,WI,AGL,CE,Combined TRACON& Tower with Radar,176,313,51,16,556,0,3,31,0,34,176,316,82,16,590,0,0,0,590
11/21/2003,MKE,WI,AGL,CE,Combined TRACON& Tower with Radar,199,379,33,9,620,0,3,31,0,34,199,382,64,9,654,0,0,0,654
11/22/2003,MKE,WI,AGL,CE,Combined TRACON& Tower with Radar,148,169,31,3,351,0,2,1,0,3,148,171,32,3,354,0,0,0,354
11/23/2003,MKE,WI,AGL,CE,Combined TRACON& Tower with Radar,166,220,16,4,406,0,0,3,0,3,166,220,19,4,409,0,0,0,409
11/24/2003,MKE,WI,AGL,CE,Combined TRACON& Tower with Radar,179,326,45,15,565,0,6,5,0,11,179,332,50,15,576,0,0,0,576
11/25/2003,MKE,WI,AGL,CE,Combined TRACON& Tower with Radar,193,373,47,22,635,0,6,23,0,29,193,379,70,22,664,0,0,0,664
11/26/2003,MKE,WI,AGL,CE,Combined TRACON& Tower with Radar,194,384,39,6,623,0,6,30,0,36,194,390,69,6,659,0,0,0,659
11/27/2003,MKE,WI,AGL,CE,Combined TRACON& Tower with Radar,122,164,10,0,296,0,4,0,0,4,122,168,10,0,300,0,0,0,300
11/28/2003,MKE,WI,AGL,CE,Combined TRACON& Tower with Radar,101,141,6,0,248,0,1,0,0,1,101,142,6,0,249,0,0,0,249
11/29/2003,MKE,WI,AGL,CE,Combined TRACON& Tower with Radar,172,190,20,3,385,0,4,14,0,18,172,194,34,3,403,0,0,0,403
11/30/2003,MKE,WI,AGL,CE,Combined TRACON& Tower with Radar,185,238,29,4,456,0,2,10,0,12,185,240,39,4,468,0,0,0,468
12/01/2003,MKE,WI,AGL,CE,Combined TRACON& Tower with Radar,207,354,60,16,637,0,2,20,0,22,207,356,80,16,659,0,0,0,659
12/02/2003,MKE,WI,AGL,CE,Combined TRACON& Tower with Radar,193,369,61,12,635,0,11,30,0,41,193,380,91,12,676,0,0,0,676
12/03/2003,MKE,WI,AGL,CE,Combined TRACON& Tower with Radar,191,389,63,8,651,0,2,31,0,33,191,391,94,8,684,0,0,0,684
12/04/2003,MKE,WI,AGL,CE,Combined TRACON& Tower with Radar,197,372,69,17,655,0,6,15,0,21,197,378,84,17,676,12,0,12,688
12/05/2003,MKE,WI,AGL,CE,Combined TRACON& Tower with Radar,201,364,37,12,614,0,3,19,0,22,201,367,56,12,636,0,0,0,636
12/06/2003,MKE,WI,AGL,CE,Combined TRACON& Tower with Radar,150,180,17,1,348,0,2,11,0,13,150,182,28,1,361,0,0,0,361
12/07/2003,MKE,WI,AGL,CE,Combined TRACON& Tower with Radar,167,229,30,5,431,0,1,13,0,14,167,230,43,5,445,0,0,0,445
12/08/2003,MKE,WI,AGL,CE,Combined TRACON& Tower with Radar,203,365,74,4,646,0,2,11,0,13,203,367,85,4,659,0,0,0,659
12/09/2003,MKE,WI,AGL,CE,Combined TRACON& Tower with Radar,210,386,86,8,690,0,0,6,0,6,210,386,92,8,696,0,0,0,696
12/10/2003,MKE,WI,AGL,CE,Combined TRACON& Tower with Radar,187,382,65,0,634,0,0,0,0,0,187,382,65,0,634,0,0,0,634
12/11/2003,MKE,WI,AGL,CE,Combined TRACON& Tower with Radar,205,398,68,5,676,0,3,21,0,24,205,401,89,5,700,0,0,0,700
12/12/2003,MKE,WI,AGL,CE,Combined TRACON& Tower with Radar,207,386,59,9,661,0,5,26,0,31,207,391,85,9,692,0,0,0,692
12/13/2003,MKE,WI,AGL,CE,Combined TRACON& Tower with Radar,171,206,26,1,404,0,0,22,0,22,171,206,48,1,426,0,0,0,426
12/14/2003,MKE,WI,AGL,CE,Combined TRACON& Tower with Radar,200,233,49,4,486,0,2,3,0,5,200,235,52,4,491,0,0,0,491
12/15/2003,MKE,WI,AGL,CE,Combined TRACON& Tower with Radar,174,320,78,7,579,0,0,2,2,4,174,320,80,9,583,0,0,0,583
12/16/2003,MKE,WI,AGL,CE,Combined TRACON& Tower with Radar,188,365,64,5,622,0,1,4,0,5,188,366,68,5,627,0,0,0,627
12/17/2003,MKE,WI,AGL,CE,Combined TRACON& Tower with Radar,184,388,70,4,646,0,5,4,0,9,184,393,74,4,655,0,0,0,655
12/18/2003,MKE,WI,AGL,CE,Combined TRACON& Tower with Radar,209,388,75,12,684,0,2,6,0,8,209,390,81,12,692,0,0,0,692
12/19/2003,MKE,WI,AGL,CE,Combined TRACON& Tower with Radar,204,370,61,5,640,0,1,15,0,16,204,371,76,5,656,0,0,0,656
12/20/2003,MKE,WI,AGL,CE,Combined TRACON& Tower with Radar,167,204,17,0,388,0,0,21,0,21,167,204,38,0,409,0,0,0,409
12/21/2003,MKE,WI,AGL,CE,Combined TRACON& Tower with Radar,203,253,21,1,478,0,1,17,0,18,203,254,38,1,496,0,0,0,496
12/22/2003,MKE,WI,AGL,CE,Combined TRACON& Tower with Radar,195,343,50,7,595,0,1,20,0,21,195,344,70,7,616,0,0,0,616
12/23/2003,MKE,WI,AGL,CE,Combined TRACON& Tower with Radar,202,377,33,8,620,0,2,2,0,4,202,379,35,8,624,0,0,0,624
12/24/2003,MKE,WI,AGL,CE,Combined TRACON& Tower with Radar,159,219,15,2,395,0,4,5,0,9,159,223,20,2,404,0,0,0,404
12/25/2003,MKE,WI,AGL,CE,Combined TRACON& Tower with Radar,150,175,8,1,334,0,5,9,0,14,150,180,17,1,348,0,0,0,348
12/26/2003,MKE,WI,AGL,CE,Combined TRACON& Tower with Radar,203,335,19,1,558,0,0,20,0,20,203,335,39,1,578,0,0,0,578
12/27/2003,MKE,WI,AGL,CE,Combined TRACON& Tower with Radar,163,201,18,3,385,0,0,14,0,14,163,201,32,3,399,0,0,0,399
12/28/2003,MKE,WI,AGL,CE,Combined TRACON& Tower with Radar,178,225,12,1,416,0,0,6,0,6,178,225,18,1,422,0,0,0,422
12/29/2003,MKE,WI,AGL,CE,Combined TRACON& Tower with Radar,196,334,26,12,568,0,0,8,0,8,196,334,34,12,576,0,0,0,576
12/30/2003,MKE,WI,AGL,CE,Combined TRACON& Tower with Radar,201,373,16,7,597,0,2,20,0,22,201,375,36,7,619,0,0,0,619
12/31/2003,MKE,WI,AGL,CE,Combined TRACON& Tower with Radar,155,209,12,5,381,0,3,21,0,24,155,212,33,5,405,0,0,0,405
01/01/2004,MKE,WI,AGL,CE,Combined TRACON& Tower with Radar,121,156,4,0,281,0,1,14,0,15,121,157,18,0,296,4,0,4,300
01/02/2004,MKE,WI,AGL,CE,Combined TRACON& Tower with Radar,168,244,17,4,433,0,0,4,0,4,168,244,21,4,437,0,0,0,437
01/03/2004,MKE,WI,AGL,CE,Combined TRACON& Tower with Radar,166,191,14,1,372,0,0,0,0,0,166,191,14,1,372,8,0,8,380
01/04/2004,MKE,WI,AGL,CE,Combined TRACON& Tower with Radar,161,190,32,1,384,0,0,0,0,0,161,190,32,1,384,0,0,0,384
01/05/2004,MKE,WI,AGL,CE,Combined TRACON& Tower with Radar,171,301,56,3,531,6,1,22,0,29,177,302,78,3,560,45,3,48,608
01/06/2004,MKE,WI,AGL,CE,Combined TRACON& Tower with Radar,170,277,67,4,518,0,3,0,0,3,170,280,67,4,521,34,5,39,560
01/07/2004,MKE,WI,AGL,CE,Combined TRACON& Tower with Radar,180,314,46,8,548,0,2,30,0,32,180,316,76,8,580,10,0,10,590
01/08/2004,MKE,WI,AGL,CE,Combined TRACON& Tower with Radar,208,352,58,8,626,0,3,19,0,22,208,355,77,8,648,0,0,0,648
01/09/2004,MKE,WI,AGL,CE,Combined TRACON& Tower with Radar,234,377,42,12,665,0,0,0,0,0,234,377,42,12,665,4,0,4,669
01/10/2004,MKE,WI,AGL,CE,Combined TRACON& Tower with Radar,148,170,23,6,347,0,0,1,0,1,148,170,24,6,348,0,0,0,348
01/11/2004,MKE,WI,AGL,CE,Combined TRACON& Tower with Radar,153,181,23,7,364,0,0,3,0,3,153,181,26,7,367,0,0,0,367
01/12/2004,MKE,WI,AGL,CE,Combined TRACON& Tower with Radar,170,309,47,3,529,0,4,20,0,24,170,313,67,3,553,0,0,0,553
01/13/2004,MKE,WI,AGL,CE,Combined TRACON& Tower with Radar,177,301,67,3,548,0,0,0,1,1,177,301,67,4,549,45,2,47,596
01/14/2004,MKE,WI,AGL,CE,Combined TRACON& Tower with Radar,183,330,49,4,566,0,2,13,0,15,183,332,62,4,581,2,0,2,583
01/15/2004,MKE,WI,AGL,CE,Combined TRACON& Tower with Radar,195,338,59,10,602,0,2,22,0,24,195,340,81,10,626,6,0,6,632
01/16/2004,MKE,WI,AGL,CE,Combined TRACON& Tower with Radar,222,355,55,6,638,0,0,11,0,11,222,355,66,6,649,6,0,6,655
01/17/2004,MKE,WI,AGL,CE,Combined TRACON& Tower with Radar,144,155,12,3,314,0,0,0,0,0,144,155,12,3,314,0,0,0,314
01/18/2004,MKE,WI,AGL,CE,Combined TRACON& Tower with Radar,155,177,22,0,354,0,0,0,0,0,155,177,22,0,354,0,0,0,354
01/19/2004,MKE,WI,AGL,CE,Combined TRACON& Tower with Radar,165,255,56,1,477,0,1,11,0,12,165,256,67,1,489,45,1,46,535
01/20/2004,MKE,WI,AGL,CE,Combined TRACON& Tower with Radar,201,327,53,11,592,0,2,8,0,10,201,329,61,11,602,0,0,0,602
01/21/2004,MKE,WI,AGL,CE,Combined TRACON& Tower with Radar,213,337,47,7,604,0,1,22,0,23,213,338,69,7,627,6,0,6,633
01/22/2004,MKE,WI,AGL,CE,Combined TRACON& Tower with Radar,192,341,53,5,591,0,6,10,1,17,192,347,63,6,608,2,0,2,610
01/23/2004,MKE,WI,AGL,CE,Combined TRACON& Tower with Radar,201,334,56,8,599,0,1,3,0,4,201,335,59,8,603,0,0,0,603
01/24/2004,MKE,WI,AGL,CE,Combined TRACON& Tower with Radar,143,159,9,0,311,0,2,16,0,18,143,161,25,0,329,4,0,4,333
01/25/2004,MKE,WI,AGL,CE,Combined TRACON& Tower with Radar,159,178,23,0,360,0,0,5,0,5,159,178,28,0,365,0,0,0,365
01/26/2004,MKE,WI,AGL,CE,Combined TRACON& Tower with Radar,173,276,49,1,499,0,0,2,0,2,173,276,51,1,501,0,0,0,501
01/27/2004,MKE,WI,AGL,CE,Combined TRACON& Tower with Radar,215,318,71,2,606,0,0,1,0,1,215,318,72,2,607,0,0,0,607
01/28/2004,MKE,WI,AGL,CE,Combined TRACON& Tower with Radar,203,322,54,6,585,0,0,28,0,28,203,322,82,6,613,6,0,6,619
01/29/2004,MKE,WI,AGL,CE,Combined TRACON& Tower with Radar,211,340,68,12,631,0,4,6,0,10,211,344,74,12,641,6,0,6,647
01/30/2004,MKE,WI,AGL,CE,Combined TRACON& Tower with Radar,228,356,68,10,662,0,4,20,0,24,228,360,88,10,686,0,0,0,686
01/31/2004,MKE,WI,AGL,CE,Combined TRACON& Tower with Radar,153,174,14,1,342,0,0,8,0,8,153,174,22,1,350,0,0,0,350
02/01/2004,MKE,WI,AGL,CE,Combined TRACON& Tower with Radar,177,237,20,2,436,0,4,17,0,21,177,241,37,2,457,0,0,0,457
02/02/2004,MKE,WI,AGL,CE,Combined TRACON& Tower with Radar,200,322,47,2,571,0,4,13,0,17,200,326,60,2,588,0,0,0,588
02/03/2004,MKE,WI,AGL,CE,Combined TRACON& Tower with Radar,191,379,55,12,637,0,1,12,0,13,191,380,67,12,650,0,0,0,650
02/04/2004,MKE,WI,AGL,CE,Combined TRACON& Tower with Radar,205,380,80,8,673,0,1,27,0,28,205,381,107,8,701,14,0,14,715
02/05/2004,MKE,WI,AGL,CE,Combined TRACON& Tower with Radar,217,376,57,7,657,0,4,34,0,38,217,380,91,7,695,22,0,22,717
02/06/2004,MKE,WI,AGL,CE,Combined TRACON& Tower with Radar,204,372,55,16,647,0,2,4,0,6,204,374,59,16,653,0,0,0,653
02/07/2004,MKE,WI,AGL,CE,Combined TRACON& Tower with Radar,177,204,18,4,403,0,3,2,0,5,177,207,20,4,408,0,0,0,408
02/08/2004,MKE,WI,AGL,CE,Combined TRACON& Tower with Radar,191,234,29,8,462,0,2,6,0,8,191,236,35,8,470,0,0,0,470
02/09/2004,MKE,WI,AGL,CE,Combined TRACON& Tower with Radar,157,301,44,5,507,0,6,5,0,11,157,307,49,5,518,0,0,0,518
02/10/2004,MKE,WI,AGL,CE,Combined TRACON& Tower with Radar,201,382,69,14,666,0,2,19,0,21,201,384,88,14,687,0,0,0,687
02/11/2004,MKE,WI,AGL,CE,Combined TRACON& Tower with Radar,161,314,41,6,522,0,2,16,0,18,161,316,57,6,540,0,0,0,540
02/12/2004,MKE,WI,AGL,CE,Combined TRACON& Tower with Radar,228,395,54,16,693,0,4,20,0,24,228,399,74,16,717,0,0,0,717
02/13/2004,MKE,WI,AGL,CE,Combined TRACON& Tower with Radar,216,384,49,5,654,0,3,32,0,35,216,387,81,5,689,0,0,0,689
02/14/2004,MKE,WI,AGL,CE,Combined TRACON& Tower with Radar,182,196,11,2,391,0,4,11,0,15,182,200,22,2,406,0,0,0,406
02/15/2004,MKE,WI,AGL,CE,Combined TRACON& Tower with Radar,168,230,17,2,417,0,0,7,0,7,168,230,24,2,424,0,0,0,424
02/16/2004,MKE,WI,AGL,CE,Combined TRACON& Tower with Radar,181,362,57,0,600,0,2,28,0,30,181,364,85,0,630,0,0,0,630
02/17/2004,MKE,WI,AGL,CE,Combined TRACON& Tower with Radar,242,403,73,12,730,0,2,29,1,32,242,405,102,13,762,0,0,0,762
02/18/2004,MKE,WI,AGL,CE,Combined TRACON& Tower with Radar,231,428,67,6,732,0,9,36,0,45,231,437,103,6,777,0,0,0,777
02/19/2004,MKE,WI,AGL,CE,Combined TRACON& Tower with Radar,233,425,62,11,731,0,1,4,0,5,233,426,66,11,736,0,0,0,736
02/20/2004,MKE,WI,AGL,CE,Combined TRACON& Tower with Radar,233,390,52,7,682,0,0,4,0,4,233,390,56,7,686,0,0,0,686
02/21/2004,MKE,WI,AGL,CE,Combined TRACON& Tower with Radar,164,198,18,4,384,0,5,1,0,6,164,203,19,4,390,0,0,0,390
02/22/2004,MKE,WI,AGL,CE,Combined TRACON& Tower with Radar,166,232,21,3,422,0,1,15,0,16,166,233,36,3,438,0,0,0,438
02/23/2004,MKE,WI,AGL,CE,Combined TRACON& Tower with Radar,185,362,48,10,605,0,1,6,0,7,185,363,54,10,612,0,0,0,612
02/24/2004,MKE,WI,AGL,CE,Combined TRACON& Tower with Radar,236,396,55,14,701,0,0,4,0,4,236,396,59,14,705,0,0,0,705
02/25/2004,MKE,WI,AGL,CE,Combined TRACON& Tower with Radar,243,402,50,15,710,0,5,27,0,32,243,407,77,15,742,0,0,0,742
02/26/2004,MKE,WI,AGL,CE,Combined TRACON& Tower with Radar,211,367,72,17,667,0,2,13,0,15,211,369,85,17,682,0,0,0,682
02/27/2004,MKE,WI,AGL,CE,Combined TRACON& Tower with Radar,235,389,62,9,695,0,1,22,0,23,235,390,84,9,718,14,0,14,732
02/28/2004,MKE,WI,AGL,CE,Combined TRACON& Tower with Radar,163,195,19,0,377,0,0,15,0,15,163,195,34,0,392,42,0,42,434
02/29/2004,MKE,WI,AGL,CE,Combined TRACON& Tower with Radar,168,227,30,5,430,0,0,12,0,12,168,227,42,5,442,0,0,0,442
03/01/2004,MKE,WI,AGL,CE,Combined TRACON& Tower with Radar,190,338,44,9,581,0,5,2,0,7,190,343,46,9,588,0,0,0,588
03/02/2004,MKE,WI,AGL,CE,Combined TRACON& Tower with Radar,211,389,53,17,670,0,2,7,0,9,211,391,60,17,679,0,0,0,679
03/03/2004,MKE,WI,AGL,CE,Combined TRACON& Tower with Radar,271,429,63,13,776,0,0,9,0,9,271,429,72,13,785,6,0,6,791
03/04/2004,MKE,WI,AGL,CE,Combined TRACON& Tower with Radar,272,422,62,13,769,0,3,2,0,5,272,425,64,13,774,0,0,0,774
03/05/2004,MKE,WI,AGL,CE,Combined TRACON& Tower with Radar,196,369,31,7,603,0,0,2,0,2,196,369,33,7,605,0,0,0,605
03/06/2004,MKE,WI,AGL,CE,Combined TRACON& Tower with Radar,165,190,18,4,377,0,3,9,0,12,165,193,27,4,389,16,0,16,405
03/07/2004,MKE,WI,AGL,CE,Combined TRACON& Tower with Radar,187,237,21,6,451,0,0,1,0,1,187,237,22,6,452,9,0,9,461
03/08/2004,MKE,WI,AGL,CE,Combined TRACON& Tower with Radar,206,357,59,4,626,0,2,19,0,21,206,359,78,4,647,0,0,0,647
03/09/2004,MKE,WI,AGL,CE,Combined TRACON& Tower with Radar,271,411,53,17,752,0,2,37,0,39,271,413,90,17,791,0,0,0,791
03/10/2004,MKE,WI,AGL,CE,Combined TRACON& Tower with Radar,260,422,45,6,733,0,3,28,0,31,260,425,73,6,764,0,0,0,764
03/11/2004,MKE,WI,AGL,CE,Combined TRACON& Tower with Radar,264,420,49,13,746,0,0,11,0,11,264,420,60,13,757,6,0,6,763
03/12/2004,MKE,WI,AGL,CE,Combined TRACON& Tower with Radar,238,387,49,9,683,0,1,28,0,29,238,388,77,9,712,0,0,0,712
03/13/2004,MKE,WI,AGL,CE,Combined TRACON& Tower with Radar,170,208,19,4,401,0,2,25,0,27,170,210,44,4,428,0,0,0,428
03/14/2004,MKE,WI,AGL,CE,Combined TRACON& Tower with Radar,170,230,19,2,421,0,4,0,0,4,170,234,19,2,425,0,0,0,425
03/15/2004,MKE,WI,AGL,CE,Combined TRACON& Tower with Radar,200,344,47,2,593,0,0,28,0,28,200,344,75,2,621,0,0,0,621
03/16/2004,MKE,WI,AGL,CE,Combined TRACON& Tower with Radar,230,397,49,10,686,0,8,16,0,24,230,405,65,10,710,0,0,0,710
03/17/2004,MKE,WI,AGL,CE,Combined TRACON& Tower with Radar,201,378,75,8,662,0,2,1,0,3,201,380,76,8,665,0,0,0,665
03/18/2004,MKE,WI,AGL,CE,Combined TRACON& Tower with Radar,232,390,62,8,692,0,0,4,0,4,232,390,66,8,696,0,0,0,696
03/19/2004,MKE,WI,AGL,CE,Combined TRACON& Tower with Radar,211,347,48,6,612,0,1,16,0,17,211,348,64,6,629,1,0,1,630
03/20/2004,MKE,WI,AGL,CE,Combined TRACON& Tower with Radar,235,227,17,5,484,0,7,8,0,15,235,234,25,5,499,0,0,0,499
03/21/2004,MKE,WI,AGL,CE,Combined TRACON& Tower with Radar,225,251,31,2,509,0,0,17,0,17,225,251,48,2,526,0,0,0,526
03/22/2004,MKE,WI,AGL,CE,Combined TRACON& Tower with Radar,219,355,38,4,616,0,5,37,0,42,219,360,75,4,658,0,0,0,658
03/23/2004,MKE,WI,AGL,CE,Combined TRACON& Tower with Radar,201,387,50,11,649,0,8,39,0,47,201,395,89,11,696,0,0,0,696
03/24/2004,MKE,WI,AGL,CE,Combined TRACON& Tower with Radar,199,375,65,8,647,0,6,11,0,17,199,381,76,8,664,0,0,0,664
03/25/2004,MKE,WI,AGL,CE,Combined TRACON& Tower with Radar,204,389,61,18,672,0,1,13,0,14,204,390,74,18,686,0,0,0,686
03/26/2004,MKE,WI,AGL,CE,Combined TRACON& Tower with Radar,207,344,50,15,616,0,2,5,0,7,207,346,55,15,623,0,0,0,623
03/27/2004,MKE,WI,AGL,CE,Combined TRACON& Tower with Radar,165,179,11,6,361,0,0,0,0,0,165,179,11,6,361,48,0,48,409
03/28/2004,MKE,WI,AGL,CE,Combined TRACON& Tower with Radar,174,232,20,5,431,0,0,1,0,1,174,232,21,5,432,0,0,0,432
03/29/2004,MKE,WI,AGL,CE,Combined TRACON& Tower with Radar,187,355,54,3,599,0,3,33,0,36,187,358,87,3,635,0,0,0,635
03/30/2004,MKE,WI,AGL,CE,Combined TRACON& Tower with Radar,186,368,44,10,608,0,2,9,0,11,186,370,53,10,619,0,0,0,619
03/31/2004,MKE,WI,AGL,CE,Combined TRACON& Tower with Radar,191,370,59,9,629,0,5,18,0,23,191,375,77,9,652,0,0,0,652
04/01/2004,MKE,WI,AGL,CE,Combined TRACON& Tower with Radar,199,374,64,13,650,0,9,34,0,43,199,383,98,13,693,0,0,0,693
04/02/2004,MKE,WI,AGL,CE,Combined TRACON& Tower with Radar,204,373,53,14,644,0,2,33,0,35,204,375,86,14,679,0,0,0,679
04/03/2004,MKE,WI,AGL,CE,Combined TRACON& Tower with Radar,172,194,18,2,386,0,0,7,0,7,172,194,25,2,393,0,0,0,393
04/04/2004,MKE,WI,AGL,CE,Combined TRACON& Tower with Radar,173,226,17,9,425,0,1,8,0,9,173,227,25,9,434,0,0,0,434
04/05/2004,MKE,WI,AGL,CE,Combined TRACON& Tower with Radar,198,342,32,7,579,0,13,37,0,50,198,355,69,7,629,0,0,0,629
04/06/2004,MKE,WI,AGL,CE,Combined TRACON& Tower with Radar,205,372,51,18,646,0,2,20,0,22,205,374,71,18,668,0,0,0,668
04/07/2004,MKE,WI,AGL,CE,Combined TRACON& Tower with Radar,207,388,55,9,659,0,3,25,0,28,207,391,80,9,687,0,0,0,687
04/08/2004,MKE,WI,AGL,CE,Combined TRACON& Tower with Radar,212,379,54,15,660,0,1,14,0,15,212,380,68,15,675,0,0,0,675
04/09/2004,MKE,WI,AGL,CE,Combined TRACON& Tower with Radar,207,369,40,9,625,0,8,37,0,45,207,377,77,9,670,0,0,0,670
04/10/2004,MKE,WI,AGL,CE,Combined TRACON& Tower with Radar,172,187,21,4,384,0,0,10,0,10,172,187,31,4,394,0,0,0,394
04/11/2004,MKE,WI,AGL,CE,Combined TRACON& Tower with Radar,173,222,15,0,410,0,4,12,0,16,173,226,27,0,426,0,0,0,426
04/12/2004,MKE,WI,AGL,CE,Combined TRACON& Tower with Radar,196,352,42,5,595,0,2,4,0,6,196,354,46,5,601,0,0,0,601
04/13/2004,MKE,WI,AGL,CE,Combined TRACON& Tower with Radar,208,377,54,14,653,0,5,17,0,22,208,382,71,14,675,0,0,0,675
04/14/2004,MKE,WI,AGL,CE,Combined TRACON& Tower with Radar,203,371,58,11,643,0,3,19,0,22,203,374,77,11,665,0,0,0,665
04/15/2004,MKE,WI,AGL,CE,Combined TRACON& Tower with Radar,215,382,54,12,663,0,2,30,0,32,215,384,84,12,695,0,0,0,695
04/16/2004,MKE,WI,AGL,CE,Combined TRACON& Tower with Radar,208,350,50,3,611,0,0,23,0,23,208,350,73,3,634,20,0,20,654
04/17/2004,MKE,WI,AGL,CE,Combined TRACON& Tower with Radar,159,177,24,1,361,0,3,17,0,20,159,180,41,1,381,0,0,0,381
04/18/2004,MKE,WI,AGL,CE,Combined TRACON& Tower with Radar,165,210,35,1,411,0,3,2,0,5,165,213,37,1,416,0,0,0,416
04/19/2004,MKE,WI,AGL,CE,Combined TRACON& Tower with Radar,189,334,47,8,578,0,0,14,0,14,189,334,61,8,592,0,0,0,592
04/20/2004,MKE,WI,AGL,CE,Combined TRACON& Tower with Radar,188,324,56,5,573,0,0,9,0,9,188,324,65,5,582,45,2,47,629
04/21/2004,MKE,WI,AGL,CE,Combined TRACON& Tower with Radar,216,341,83,14,654,0,2,5,0,7,216,343,88,14,661,6,0,6,667
04/22/2004,MKE,WI,AGL,CE,Combined TRACON& Tower with Radar,201,332,51,16,600,0,1,13,0,14,201,333,64,16,614,4,0,4,618
04/23/2004,MKE,WI,AGL,CE,Combined TRACON& Tower with Radar,193,370,52,11,626,0,3,32,0,35,193,373,84,11,661,0,0,0,661
04/24/2004,MKE,WI,AGL,CE,Combined TRACON& Tower with Radar,154,182,34,2,372,0,2,24,0,26,154,184,58,2,398,0,0,0,398
04/25/2004,MKE,WI,AGL,CE,Combined TRACON& Tower with Radar,137,188,26,5,356,0,0,2,0,2,137,188,28,5,358,0,0,0,358
04/26/2004,MKE,WI,AGL,CE,Combined TRACON& Tower with Radar,250,350,100,5,705,0,0,0,0,0,250,350,100,5,705,0,0,0,705
04/27/2004,MKE,WI,AGL,CE,Combined TRACON& Tower with Radar,235,355,85,15,690,0,5,32,0,37,235,360,117,15,727,0,0,0,727
04/28/2004,MKE,WI,AGL,CE,Combined TRACON& Tower with Radar,205,339,64,8,616,0,0,17,0,17,205,339,81,8,633,8,0,8,641
04/29/2004,MKE,WI,AGL,CE,Combined TRACON& Tower with Radar,172,348,60,16,596,0,0,12,0,12,172,348,72,16,608,0,0,0,608
04/30/2004,MKE,WI,AGL,CE,Combined TRACON& Tower with Radar,77,172,21,5,275,0,2,1,0,3,77,174,22,5,278,0,0,0,278
05/01/2004,MKE,WI,AGL,CE,Combined TRACON& Tower with Radar,146,187,15,7,355,0,2,5,0,7,146,189,20,7,362,0,0,0,362
05/02/2004,MKE,WI,AGL,CE,Combined TRACON& Tower with Radar,155,224,25,2,406,0,3,25,0,28,155,227,50,2,434,16,0,16,450
05/03/2004,MKE,WI,AGL,CE,Combined TRACON& Tower with Radar,172,355,47,6,580,0,3,35,0,38,172,358,82,6,618,8,0,8,626
05/04/2004,MKE,WI,AGL,CE,Combined TRACON& Tower with Radar,178,388,65,17,648,0,5,19,0,24,178,393,84,17,672,0,0,0,672
05/05/2004,MKE,WI,AGL,CE,Combined TRACON& Tower with Radar,175,385,86,11,657,0,8,34,0,42,175,393,120,11,699,0,0,0,699
05/06/2004,MKE,WI,AGL,CE,Combined TRACON& Tower with Radar,182,397,55,17,651,0,4,24,0,28,182,401,79,17,679,0,0,0,679
05/07/2004,MKE,WI,AGL,CE,Combined TRACON& Tower with Radar,183,382,42,14,621,0,2,20,0,22,183,384,62,14,643,0,0,0,643
05/08/2004,MKE,WI,AGL,CE,Combined TRACON& Tower with Radar,139,200,19,0,358,0,3,4,0,7,139,203,23,0,365,0,0,0,365
05/09/2004,MKE,WI,AGL,CE,Combined TRACON& Tower with Radar,153,232,25,2,412,0,3,4,0,7,153,235,29,2,419,2,0,2,421
05/10/2004,MKE,WI,AGL,CE,Combined TRACON& Tower with Radar,172,358,43,6,579,0,3,15,0,18,172,361,58,6,597,0,0,0,597
05/11/2004,MKE,WI,AGL,CE,Combined TRACON& Tower with Radar,170,315,47,15,547,0,1,1,0,2,170,316,48,15,549,0,0,0,549
05/12/2004,MKE,WI,AGL,CE,Combined TRACON& Tower with Radar,176,376,61,9,622,0,10,29,1,40,176,386,90,10,662,0,0,0,662
05/13/2004,MKE,WI,AGL,CE,Combined TRACON& Tower with Radar,192,393,60,12,657,0,0,2,0,2,192,393,62,12,659,0,0,0,659
05/14/2004,MKE,WI,AGL,CE,Combined TRACON& Tower with Radar,187,363,43,20,613,0,0,1,2,3,187,363,44,22,616,30,0,30,646
05/15/2004,MKE,WI,AGL,CE,Combined TRACON& Tower with Radar,144,181,17,6,348,0,0,281,3,284,144,181,298,9,632,12,0,12,644
05/16/2004,MKE,WI,AGL,CE,Combined TRACON& Tower with Radar,148,241,29,2,420,0,0,230,1,231,148,241,259,3,651,18,0,18,669
05/17/2004,MKE,WI,AGL,CE,Combined TRACON& Tower with Radar,173,342,63,11,589,0,0,19,0,19,173,342,82,11,608,0,0,0,608
05/18/2004,MKE,WI,AGL,CE,Combined TRACON& Tower with Radar,180,378,80,17,655,0,3,15,0,18,180,381,95,17,673,0,0,0,673
05/19/2004,MKE,WI,AGL,CE,Combined TRACON& Tower with Radar,175,392,84,10,661,0,1,25,0,26,175,393,109,10,687,0,0,0,687
05/20/2004,MKE,WI,AGL,CE,Combined TRACON& Tower with Radar,193,379,67,15,654,0,1,9,2,12,193,380,76,17,666,8,0,8,674
05/21/2004,MKE,WI,AGL,CE,Combined TRACON& Tower with Radar,180,322,52,2,556,0,0,5,0,5,180,322,57,2,561,0,0,0,561
05/22/2004,MKE,WI,AGL,CE,Combined TRACON& Tower with Radar,142,188,24,1,355,0,0,0,0,0,142,188,24,1,355,0,0,0,355
05/23/2004,MKE,WI,AGL,CE,Combined TRACON& Tower with Radar,184,259,18,0,461,0,1,11,0,12,184,260,29,0,473,0,0,0,473
05/24/2004,MKE,WI,AGL,CE,Combined TRACON& Tower with Radar,237,341,60,2,640,0,0,18,0,18,237,341,78,2,658,0,0,0,658
05/25/2004,MKE,WI,AGL,CE,Combined TRACON& Tower with Radar,250,383,53,12,698,0,5,23,0,28,250,388,76,12,726,0,0,0,726
05/26/2004,MKE,WI,AGL,CE,Combined TRACON& Tower with Radar,217,354,56,4,631,0,1,31,0,32,217,355,87,4,663,10,0,10,673
05/27/2004,MKE,WI,AGL,CE,Combined TRACON& Tower with Radar,250,392,50,9,701,0,5,19,0,24,250,397,69,9,725,10,0,10,735
05/28/2004,MKE,WI,AGL,CE,Combined TRACON& Tower with Radar,175,338,38,6,557,0,3,34,0,37,175,341,72,6,594,0,0,0,594
05/29/2004,MKE,WI,AGL,CE,Combined TRACON& Tower with Radar,123,160,6,3,292,0,2,4,0,6,123,162,10,3,298,0,0,0,298
05/30/2004,MKE,WI,AGL,CE,Combined TRACON& Tower with Radar,111,111,7,1,230,0,0,1,0,1,111,111,8,1,231,0,0,0,231
05/31/2004,MKE,WI,AGL,CE,Combined TRACON& Tower with Radar,143,204,10,2,359,0,4,3,1,8,143,208,13,3,367,0,0,0,367
06/01/2004,MKE,WI,AGL,CE,Combined TRACON& Tower with Radar,165,351,59,12,587,0,4,15,0,19,165,355,74,12,606,0,0,0,606
06/02/2004,MKE,WI,AGL,CE,Combined TRACON& Tower with Radar,182,369,69,9,629,0,0,18,0,18,182,369,87,9,647,0,0,0,647
06/03/2004,MKE,WI,AGL,CE,Combined TRACON& Tower with Radar,195,380,70,12,657,0,5,44,1,50,195,385,114,13,707,0,0,0,707
06/04/2004,MKE,WI,AGL,CE,Combined TRACON& Tower with Radar,192,365,45,12,614,0,5,35,0,40,192,370,80,12,654,0,0,0,654
06/05/2004,MKE,WI,AGL,CE,Combined TRACON& Tower with Radar,146,194,21,5,366,0,2,21,0,23,146,196,42,5,389,0,0,0,389
06/06/2004,MKE,WI,AGL,CE,Combined TRACON& Tower with Radar,155,220,36,8,419,0,4,22,0,26,155,224,58,8,445,0,0,0,445
06/07/2004,MKE,WI,AGL,CE,Combined TRACON& Tower with Radar,180,341,45,6,572,0,7,22,0,29,180,348,67,6,601,0,0,0,601
06/08/2004,MKE,WI,AGL,CE,Combined TRACON& Tower with Radar,189,374,83,11,657,0,10,32,3,45,189,384,115,14,702,0,0,0,702
06/09/2004,MKE,WI,AGL,CE,Combined TRACON& Tower with Radar,180,366,62,6,614,0,1,9,0,10,180,367,71,6,624,0,0,0,624
06/10/2004,MKE,WI,AGL,CE,Combined TRACON& Tower with Radar,192,377,69,8,646,0,0,0,0,0,192,377,69,8,646,0,0,0,646
06/11/2004,MKE,WI,AGL,CE,Combined TRACON& Tower with Radar,195,369,52,5,621,0,0,0,0,0,195,369,52,5,621,0,0,0,621
06/12/2004,MKE,WI,AGL,CE,Combined TRACON& Tower with Radar,145,189,28,0,362,0,0,1,0,1,145,189,29,0,363,0,0,0,363
06/13/2004,MKE,WI,AGL,CE,Combined TRACON& Tower with Radar,160,218,18,0,396,0,1,15,0,16,160,219,33,0,412,8,0,8,420
06/14/2004,MKE,WI,AGL,CE,Combined TRACON& Tower with Radar,178,337,58,6,579,0,1,21,0,22,178,338,79,6,601,0,0,0,601
06/15/2004,MKE,WI,AGL,CE,Combined TRACON& Tower with Radar,182,379,75,14,650,0,2,34,0,36,182,381,109,14,686,0,0,0,686
06/16/2004,MKE,WI,AGL,CE,Combined TRACON& Tower with Radar,181,383,75,9,648,0,3,14,0,17,181,386,89,9,665,0,0,0,665
06/17/2004,MKE,WI,AGL,CE,Combined TRACON& Tower with Radar,190,384,85,16,675,0,3,3,0,6,190,387,88,16,681,0,0,0,681
06/18/2004,MKE,WI,AGL,CE,Combined TRACON& Tower with Radar,203,374,55,5,637,0,3,22,0,25,203,377,77,5,662,0,0,0,662
06/19/2004,MKE,WI,AGL,CE,Combined TRACON& Tower with Radar,149,187,12,3,351,0,0,23,0,23,149,187,35,3,374,0,0,0,374
06/20/2004,MKE,WI,AGL,CE,Combined TRACON& Tower with Radar,161,219,22,0,402,0,2,19,2,23,161,221,41,2,425,0,0,0,425
06/21/2004,MKE,WI,AGL,CE,Combined TRACON& Tower with Radar,179,328,56,6,569,0,0,11,0,11,179,328,67,6,580,0,0,0,580
06/22/2004,MKE,WI,AGL,CE,Combined TRACON& Tower with Radar,190,368,68,16,642,0,2,24,0,26,190,370,92,16,668,6,0,6,674
06/23/2004,MKE,WI,AGL,CE,Combined TRACON& Tower with Radar,185,361,61,8,615,0,0,22,0,22,185,361,83,8,637,0,0,0,637
06/24/2004,MKE,WI,AGL,CE,Combined TRACON& Tower with Radar,199,370,83,14,666,0,2,28,1,31,199,372,111,15,697,0,0,0,697
06/25/2004,MKE,WI,AGL,CE,Combined TRACON& Tower with Radar,194,361,78,11,644,0,2,34,0,36,194,363,112,11,680,0,0,0,680
06/26/2004,MKE,WI,AGL,CE,Combined TRACON& Tower with Radar,154,187,35,1,377,0,6,47,1,54,154,193,82,2,431,0,0,0,431
06/27/2004,MKE,WI,AGL,CE,Combined TRACON& Tower with Radar,158,226,45,3,432,0,10,21,1,32,158,236,66,4,464,0,0,0,464
06/28/2004,MKE,WI,AGL,CE,Combined TRACON& Tower with Radar,177,340,65,8,590,0,5,15,0,20,177,345,80,8,610,0,0,0,610
06/29/2004,MKE,WI,AGL,CE,Combined TRACON& Tower with Radar,193,385,56,13,647,0,5,38,1,44,193,390,94,14,691,0,0,0,691
06/30/2004,MKE,WI,AGL,CE,Combined TRACON& Tower with Radar,192,373,70,11,646,0,6,45,1,52,192,379,115,12,698,8,0,8,706
07/01/2004,MKE,WI,AGL,CE,Combined TRACON& Tower with Radar,159,330,57,10,556,0,3,33,0,36,159,333,90,10,592,0,0,0,592
07/02/2004,MKE,WI,AGL,CE,Combined TRACON& Tower with Radar,165,361,42,2,570,0,1,29,0,30,165,362,71,2,600,0,0,0,600
07/03/2004,MKE,WI,AGL,CE,Combined TRACON& Tower with Radar,96,126,0,1,223,0,0,7,0,7,96,126,7,1,230,0,0,0,230
07/04/2004,MKE,WI,AGL,CE,Combined TRACON& Tower with Radar,100,121,8,3,232,0,0,17,0,17,100,121,25,3,249,0,0,0,249
07/05/2004,MKE,WI,AGL,CE,Combined TRACON& Tower with Radar,250,350,150,4,754,0,0,0,0,0,250,350,150,4,754,0,0,0,754
07/06/2004,MKE,WI,AGL,CE,Combined TRACON& Tower with Radar,149,290,45,9,493,0,0,12,0,12,149,290,57,9,505,0,0,0,505
07/07/2004,MKE,WI,AGL,CE,Combined TRACON& Tower with Radar,152,331,47,10,540,0,0,6,0,6,152,331,53,10,546,10,0,10,556
07/08/2004,MKE,WI,AGL,CE,Combined TRACON& Tower with Radar,165,341,50,12,568,0,3,38,0,41,165,344,88,12,609,10,0,10,619
07/09/2004,MKE,WI,AGL,CE,Combined TRACON& Tower with Radar,168,340,30,11,549,0,0,22,0,22,168,340,52,11,571,0,0,0,571
07/10/2004,MKE,WI,AGL,CE,Combined TRACON& Tower with Radar,141,202,24,2,369,0,2,31,1,34,141,204,55,3,403,0,0,0,403
07/11/2004,MKE,WI,AGL,CE,Combined TRACON& Tower with Radar,125,190,23,4,342,0,1,12,0,13,125,191,35,4,355,0,0,0,355
07/12/2004,MKE,WI,AGL,CE,Combined TRACON& Tower with Radar,250,350,100,5,705,0,0,0,0,0,250,350,100,5,705,0,0,0,705
07/13/2004,MKE,WI,AGL,CE,Combined TRACON& Tower with Radar,189,373,78,19,659,0,7,21,2,30,189,380,99,21,689,0,0,0,689
07/14/2004,MKE,WI,AGL,CE,Combined TRACON& Tower with Radar,144,297,52,11,504,0,6,12,5,23,144,303,64,16,527,8,0,8,535
07/15/2004,MKE,WI,AGL,CE,Combined TRACON& Tower with Radar,166,344,54,12,576,0,3,24,0,27,166,347,78,12,603,10,0,10,613
07/16/2004,MKE,WI,AGL,CE,Combined TRACON& Tower with Radar,148,330,43,4,525,0,2,6,0,8,148,332,49,4,533,6,0,6,539
07/17/2004,MKE,WI,AGL,CE,Combined TRACON& Tower with Radar,129,197,13,2,341,0,0,10,0,10,129,197,23,2,351,0,0,0,351
07/18/2004,MKE,WI,AGL,CE,Combined TRACON& Tower with Radar,140,226,21,0,387,0,0,31,0,31,140,226,52,0,418,0,0,0,418
07/19/2004,MKE,WI,AGL,CE,Combined TRACON& Tower with Radar,176,377,51,7,611,0,0,15,0,15,176,377,66,7,626,0,0,0,626
07/20/2004,MKE,WI,AGL,CE,Combined TRACON& Tower with Radar,188,288,76,4,556,0,11,2,0,13,188,299,78,4,569,43,2,45,614
07/21/2004,MKE,WI,AGL,CE,Combined TRACON& Tower with Radar,154,326,47,2,529,0,3,19,0,22,154,329,66,2,551,4,0,4,555
07/22/2004,MKE,WI,AGL,CE,Combined TRACON& Tower with Radar,182,392,49,2,625,0,3,20,0,23,182,395,69,2,648,8,0,8,656
07/23/2004,MKE,WI,AGL,CE,Combined TRACON& Tower with Radar,244,479,71,9,803,0,0,65,0,65,244,479,136,9,868,0,0,0,868
07/24/2004,MKE,WI,AGL,CE,Combined TRACON& Tower with Radar,139,207,22,4,372,0,0,34,0,34,139,207,56,4,406,0,0,0,406
07/25/2004,MKE,WI,AGL,CE,Combined TRACON& Tower with Radar,140,234,64,1,439,0,4,42,1,47,140,238,106,2,486,0,0,0,486
07/26/2004,MKE,WI,AGL,CE,Combined TRACON& Tower with Radar,150,250,100,4,504,0,0,0,0,0,150,250,100,4,504,0,0,0,504
07/27/2004,MKE,WI,AGL,CE,Combined TRACON& Tower with Radar,165,345,63,10,583,0,2,27,0,29,165,347,90,10,612,0,0,0,612
07/28/2004,MKE,WI,AGL,CE,Combined TRACON& Tower with Radar,155,353,72,3,583,0,4,21,0,25,155,357,93,3,608,8,0,8,616
07/29/2004,MKE,WI,AGL,CE,Combined TRACON& Tower with Radar,155,334,75,11,575,0,9,28,0,37,155,343,103,11,612,10,0,10,622
07/30/2004,MKE,WI,AGL,CE,Combined TRACON& Tower with Radar,158,348,65,12,583,0,5,8,0,13,158,353,73,12,596,0,0,0,596
07/31/2004,MKE,WI,AGL,CE,Combined TRACON& Tower with Radar,130,193,20,8,351,0,0,22,0,22,130,193,42,8,373,0,0,0,373
08/01/2004,MKE,WI,AGL,CE,Combined TRACON& Tower with Radar,157,231,23,2,413,0,2,30,2,34,157,233,53,4,447,0,0,0,447
08/02/2004,MKE,WI,AGL,CE,Combined TRACON& Tower with Radar,178,355,50,3,586,0,2,18,0,20,178,357,68,3,606,0,0,0,606
08/03/2004,MKE,WI,AGL,CE,Combined TRACON& Tower with Radar,190,388,60,13,651,0,8,25,0,33,190,396,85,13,684,56,3,59,743
08/04/2004,MKE,WI,AGL,CE,Combined TRACON& Tower with Radar,180,394,53,8,635,0,6,27,0,33,180,400,80,8,668,0,0,0,668
08/05/2004,MKE,WI,AGL,CE,Combined TRACON& Tower with Radar,196,383,53,20,652,0,6,36,0,42,196,389,89,20,694,0,0,0,694
08/06/2004,MKE,WI,AGL,CE,Combined TRACON& Tower with Radar,197,375,38,11,621,0,4,56,2,62,197,379,94,13,683,34,0,34,717
08/07/2004,MKE,WI,AGL,CE,Combined TRACON& Tower with Radar,158,191,18,5,372,0,4,47,5,56,158,195,65,10,428,0,0,0,428
08/08/2004,MKE,WI,AGL,CE,Combined TRACON& Tower with Radar,166,231,30,4,431,0,3,48,16,67,166,234,78,20,498,0,0,0,498
08/09/2004,MKE,WI,AGL,CE,Combined TRACON& Tower with Radar,196,341,59,12,608,0,7,19,0,26,196,348,78,12,634,0,0,0,634
08/10/2004,MKE,WI,AGL,CE,Combined TRACON& Tower with Radar,200,376,78,21,675,0,3,14,0,17,200,379,92,21,692,0,0,0,692
08/11/2004,MKE,WI,AGL,CE,Combined TRACON& Tower with Radar,198,380,77,18,673,0,2,14,0,16,198,382,91,18,689,0,0,0,689
08/12/2004,MKE,WI,AGL,CE,Combined TRACON& Tower with Radar,210,381,85,22,698,0,5,20,0,25,210,386,105,22,723,0,0,0,723
08/13/2004,MKE,WI,AGL,CE,Combined TRACON& Tower with Radar,205,361,58,17,641,0,7,18,0,25,205,368,76,17,666,0,0,0,666
08/14/2004,MKE,WI,AGL,CE,Combined TRACON& Tower with Radar,150,191,43,3,387,0,3,22,0,25,150,194,65,3,412,0,0,0,412
08/15/2004,MKE,WI,AGL,CE,Combined TRACON& Tower with Radar,170,226,36,2,434,0,3,32,0,35,170,229,68,2,469,0,0,0,469
08/16/2004,MKE,WI,AGL,CE,Combined TRACON& Tower with Radar,194,347,61,15,617,0,4,23,0,27,194,351,84,15,644,33,2,35,679
08/17/2004,MKE,WI,AGL,CE,Combined TRACON& Tower with Radar,206,382,57,22,667,0,5,15,0,20,206,387,72,22,687,0,0,0,687
08/18/2004,MKE,WI,AGL,CE,Combined TRACON& Tower with Radar,201,402,69,7,679,0,2,19,0,21,201,404,88,7,700,0,0,0,700
08/19/2004,MKE,WI,AGL,CE,Combined TRACON& Tower with Radar,207,382,80,18,687,0,5,29,0,34,207,387,109,18,721,8,0,8,729
08/20/2004,MKE,WI,AGL,CE,Combined TRACON& Tower with Radar,205,367,57,9,638,0,1,17,0,18,205,368,74,9,656,0,0,0,656
08/21/2004,MKE,WI,AGL,CE,Combined TRACON& Tower with Radar,160,190,15,6,371,0,10,25,1,36,160,200,40,7,407,0,0,0,407
08/22/2004,MKE,WI,AGL,CE,Combined TRACON& Tower with Radar,173,225,44,7,449,0,4,18,0,22,173,229,62,7,471,12,0,12,483
08/23/2004,MKE,WI,AGL,CE,Combined TRACON& Tower with Radar,195,347,41,4,587,0,1,17,0,18,195,348,58,4,605,34,2,36,641
08/24/2004,MKE,WI,AGL,CE,Combined TRACON& Tower with Radar,197,382,66,14,659,0,0,0,0,0,197,382,66,14,659,0,0,0,659
08/25/2004,MKE,WI,AGL,CE,Combined TRACON& Tower with Radar,191,392,70,3,656,0,3,13,0,16,191,395,83,3,672,0,0,0,672
08/26/2004,MKE,WI,AGL,CE,Combined TRACON& Tower with Radar,194,391,77,13,675,0,1,12,0,13,194,392,89,13,688,0,0,0,688
08/27/2004,MKE,WI,AGL,CE,Combined TRACON& Tower with Radar,202,367,66,12,647,0,2,16,0,18,202,369,82,12,665,0,0,0,665
08/28/2004,MKE,WI,AGL,CE,Combined TRACON& Tower with Radar,149,188,9,0,346,0,2,1,0,3,149,190,10,0,349,0,0,0,349
08/29/2004,MKE,WI,AGL,CE,Combined TRACON& Tower with Radar,164,230,21,1,416,0,0,18,0,18,164,230,39,1,434,6,0,6,440
08/30/2004,MKE,WI,AGL,CE,Combined TRACON& Tower with Radar,185,354,52,6,597,0,1,13,0,14,185,355,65,6,611,0,0,0,611
08/31/2004,MKE,WI,AGL,CE,Combined TRACON& Tower with Radar,192,386,53,15,646,0,3,51,0,54,192,389,104,15,700,0,0,0,700
09/01/2004,MKE,WI,AGL,CE,Combined TRACON& Tower with Radar,196,400,64,10,670,0,4,23,2,29,196,404,87,12,699,0,0,0,699
09/02/2004,MKE,WI,AGL,CE,Combined TRACON& Tower with Radar,205,402,61,18,686,0,2,24,0,26,205,404,85,18,712,0,0,0,712
09/03/2004,MKE,WI,AGL,CE,Combined TRACON& Tower with Radar,205,380,41,11,637,0,3,17,0,20,205,383,58,11,657,6,0,6,663
09/04/2004,MKE,WI,AGL,CE,Combined TRACON& Tower with Radar,133,179,11,0,323,0,0,9,0,9,133,179,20,0,332,8,0,8,340
09/05/2004,MKE,WI,AGL,CE,Combined TRACON& Tower with Radar,133,138,9,1,281,0,6,6,0,12,133,144,15,1,293,0,0,0,293
09/06/2004,MKE,WI,AGL,CE,Combined TRACON& Tower with Radar,164,238,15,2,419,0,0,1,0,1,164,238,16,2,420,0,0,0,420
09/07/2004,MKE,WI,AGL,CE,Combined TRACON& Tower with Radar,184,362,58,10,614,0,3,36,0,39,184,365,94,10,653,0,0,0,653
09/08/2004,MKE,WI,AGL,CE,Combined TRACON& Tower with Radar,178,393,77,14,662,0,5,30,0,35,178,398,107,14,697,65,3,68,765
09/09/2004,MKE,WI,AGL,CE,Combined TRACON& Tower with Radar,189,412,68,13,682,0,0,29,0,29,189,412,97,13,711,0,0,0,711
09/10/2004,MKE,WI,AGL,CE,Combined TRACON& Tower with Radar,192,401,49,11,653,0,3,22,0,25,192,404,71,11,678,0,0,0,678
09/11/2004,MKE,WI,AGL,CE,Combined TRACON& Tower with Radar,143,201,13,12,369,0,4,21,2,27,143,205,34,14,396,0,0,0,396
09/12/2004,MKE,WI,AGL,CE,Combined TRACON& Tower with Radar,157,242,24,9,432,0,4,35,1,40,157,246,59,10,472,10,0,10,482
09/13/2004,MKE,WI,AGL,CE,Combined TRACON& Tower with Radar,183,361,54,14,612,0,1,9,0,10,183,362,63,14,622,0,0,0,622
09/14/2004,MKE,WI,AGL,CE,Combined TRACON& Tower with Radar,183,403,85,18,689,0,0,18,0,18,183,403,103,18,707,0,0,0,707
09/15/2004,MKE,WI,AGL,CE,Combined TRACON& Tower with Radar,188,410,67,17,682,0,3,10,0,13,188,413,77,17,695,0,0,0,695
09/16/2004,MKE,WI,AGL,CE,Combined TRACON& Tower with Radar,231,420,68,16,735,0,7,22,1,30,231,427,90,17,765,0,0,0,765
09/17/2004,MKE,WI,AGL,CE,Combined TRACON& Tower with Radar,230,415,60,9,714,0,0,44,0,44,230,415,104,9,758,16,0,16,774
09/18/2004,MKE,WI,AGL,CE,Combined TRACON& Tower with Radar,129,187,15,2,333,0,2,26,2,30,129,189,41,4,363,0,0,0,363
09/19/2004,MKE,WI,AGL,CE,Combined TRACON& Tower with Radar,158,243,32,0,433,0,0,17,0,17,158,243,49,0,450,0,0,0,450
09/20/2004,MKE,WI,AGL,CE,Combined TRACON& Tower with Radar,227,369,66,8,670,0,2,22,0,24,227,371,88,8,694,0,0,0,694
09/21/2004,MKE,WI,AGL,CE,Combined TRACON& Tower with Radar,0,0,0,0,0,0,0,0,0,0,0,0,0,0,0,0,0,0,0
09/22/2004,MKE,WI,AGL,CE,Combined TRACON& Tower with Radar,236,427,92,15,770,0,5,39,0,44,236,432,131,15,814,0,0,0,814
09/23/2004,MKE,WI,AGL,CE,Combined TRACON& Tower with Radar,243,436,79,16,774,0,2,29,0,31,243,438,108,16,805,0,0,0,805
09/24/2004,MKE,WI,AGL,CE,Combined TRACON& Tower with Radar,235,412,40,14,701,0,7,20,2,29,235,419,60,16,730,0,0,0,730
09/25/2004,MKE,WI,AGL,CE,Combined TRACON& Tower with Radar,135,200,24,0,359,0,1,27,0,28,135,201,51,0,387,22,0,22,409
09/26/2004,MKE,WI,AGL,CE,Combined TRACON& Tower with Radar,146,239,37,3,425,0,3,27,0,30,146,242,64,3,455,0,0,0,455
09/27/2004,MKE,WI,AGL,CE,Combined TRACON& Tower with Radar,220,374,64,11,669,0,9,18,0,27,220,383,82,11,696,0,0,0,696
09/28/2004,MKE,WI,AGL,CE,Combined TRACON& Tower with Radar,251,448,69,19,787,0,2,18,0,20,251,450,87,19,807,0,0,0,807
09/29/2004,MKE,WI,AGL,CE,Combined TRACON& Tower with Radar,259,444,59,13,775,0,1,21,0,22,259,445,80,13,797,0,0,0,797
09/30/2004,MKE,WI,AGL,CE,Combined TRACON& Tower with Radar,221,421,73,19,734,0,2,26,0,28,221,423,99,19,762,8,0,8,770
10/01/2004,MKE,WI,AGL,CE,Combined TRACON& Tower with Radar,189,395,46,8,638,0,1,8,0,9,189,396,54,8,647,40,0,40,687
10/02/2004,MKE,WI,AGL,CE,Combined TRACON& Tower with Radar,135,199,22,5,361,0,0,16,0,16,135,199,38,5,377,8,0,8,385
10/03/2004,MKE,WI,AGL,CE,Combined TRACON& Tower with Radar,157,241,17,2,417,0,4,7,0,11,157,245,24,2,428,0,0,0,428
10/04/2004,MKE,WI,AGL,CE,Combined TRACON& Tower with Radar,185,377,56,11,629,0,4,20,0,24,185,381,76,11,653,0,0,0,653
10/05/2004,MKE,WI,AGL,CE,Combined TRACON& Tower with Radar,193,392,50,13,648,0,3,25,0,28,193,395,75,13,676,0,0,0,676
10/06/2004,MKE,WI,AGL,CE,Combined TRACON& Tower with Radar,194,392,61,11,658,0,1,28,0,29,194,393,89,11,687,0,0,0,687
10/07/2004,MKE,WI,AGL,CE,Combined TRACON& Tower with Radar,192,396,67,13,668,0,2,31,0,33,192,398,98,13,701,8,0,8,709
10/08/2004,MKE,WI,AGL,CE,Combined TRACON& Tower with Radar,206,386,39,6,637,0,2,12,0,14,206,388,51,6,651,0,0,0,651
10/09/2004,MKE,WI,AGL,CE,Combined TRACON& Tower with Radar,146,200,22,0,368,0,1,11,0,12,146,201,33,0,380,0,0,0,380
10/10/2004,MKE,WI,AGL,CE,Combined TRACON& Tower with Radar,159,245,25,0,429,0,0,25,0,25,159,245,50,0,454,0,0,0,454
10/11/2004,MKE,WI,AGL,CE,Combined TRACON& Tower with Radar,183,359,57,4,603,0,2,23,0,25,183,361,80,4,628,0,0,0,628
10/12/2004,MKE,WI,AGL,CE,Combined TRACON& Tower with Radar,192,393,84,16,685,0,10,26,0,36,192,403,110,16,721,0,0,0,721
10/13/2004,MKE,WI,AGL,CE,Combined TRACON& Tower with Radar,191,395,57,12,655,0,2,15,0,17,191,397,72,12,672,0,0,0,672
10/14/2004,MKE,WI,AGL,CE,Combined TRACON& Tower with Radar,195,407,79,10,691,0,2,5,0,7,195,409,84,10,698,0,0,0,698
10/15/2004,MKE,WI,AGL,CE,Combined TRACON& Tower with Radar,200,395,58,5,658,0,2,3,0,5,200,397,61,5,663,0,0,0,663
10/16/2004,MKE,WI,AGL,CE,Combined TRACON& Tower with Radar,147,206,19,2,374,0,0,4,0,4,147,206,23,2,378,0,0,0,378
10/17/2004,MKE,WI,AGL,CE,Combined TRACON& Tower with Radar,157,241,30,1,429,0,2,27,0,29,157,243,57,1,458,0,0,0,458
10/18/2004,MKE,WI,AGL,CE,Combined TRACON& Tower with Radar,180,356,64,7,607,0,0,8,0,8,180,356,72,7,615,0,0,0,615
10/19/2004,MKE,WI,AGL,CE,Combined TRACON& Tower with Radar,187,417,74,16,694,0,2,2,0,4,187,419,76,16,698,0,0,0,698
10/20/2004,MKE,WI,AGL,CE,Combined TRACON& Tower with Radar,192,404,63,13,672,0,0,6,0,6,192,404,69,13,678,0,0,0,678
10/21/2004,MKE,WI,AGL,CE,Combined TRACON& Tower with Radar,203,404,72,13,692,0,1,15,0,16,203,405,87,13,708,6,0,6,714
10/22/2004,MKE,WI,AGL,CE,Combined TRACON& Tower with Radar,197,390,57,16,660,0,0,3,0,3,197,390,60,16,663,0,0,0,663
10/23/2004,MKE,WI,AGL,CE,Combined TRACON& Tower with Radar,140,210,18,2,370,0,2,5,0,7,140,212,23,2,377,0,0,0,377
10/24/2004,MKE,WI,AGL,CE,Combined TRACON& Tower with Radar,158,252,33,5,448,0,4,19,0,23,158,256,52,5,471,0,0,0,471
10/25/2004,MKE,WI,AGL,CE,Combined TRACON& Tower with Radar,183,371,57,9,620,0,4,21,0,25,183,375,78,9,645,0,0,0,645
10/26/2004,MKE,WI,AGL,CE,Combined TRACON& Tower with Radar,194,395,72,10,671,0,0,5,0,5,194,395,77,10,676,0,0,0,676
10/27/2004,MKE,WI,AGL,CE,Combined TRACON& Tower with Radar,197,407,65,13,682,0,1,4,6,11,197,408,69,19,693,0,0,0,693
10/28/2004,MKE,WI,AGL,CE,Combined TRACON& Tower with Radar,203,416,72,11,702,1,0,0,5,6,204,416,72,16,708,2,0,2,710
10/29/2004,MKE,WI,AGL,CE,Combined TRACON& Tower with Radar,197,401,47,11,656,0,2,6,0,8,197,403,53,11,664,0,0,0,664
10/30/2004,MKE,WI,AGL,CE,Combined TRACON& Tower with Radar,146,211,13,4,374,0,1,0,0,1,146,212,13,4,375,2,0,2,377
10/31/2004,MKE,WI,AGL,CE,Combined TRACON& Tower with Radar,164,250,24,2,440,0,1,15,0,16,164,251,39,2,456,0,0,0,456
11/01/2004,MKE,WI,AGL,CE,Combined TRACON& Tower with Radar,205,383,52,11,651,0,0,13,0,13,205,383,65,11,664,0,0,0,664
11/02/2004,MKE,WI,AGL,CE,Combined TRACON& Tower with Radar,216,410,59,19,704,0,1,17,1,19,216,411,76,20,723,0,0,0,723
11/03/2004,MKE,WI,AGL,CE,Combined TRACON& Tower with Radar,245,413,65,10,733,0,1,22,0,23,245,414,87,10,756,0,0,0,756
11/04/2004,MKE,WI,AGL,CE,Combined TRACON& Tower with Radar,211,415,78,11,715,0,3,5,0,8,211,418,83,11,723,0,0,0,723
11/05/2004,MKE,WI,AGL,CE,Combined TRACON& Tower with Radar,195,383,51,15,644,0,1,22,0,23,195,384,73,15,667,0,0,0,667
11/06/2004,MKE,WI,AGL,CE,Combined TRACON& Tower with Radar,146,204,25,7,382,0,1,38,0,39,146,205,63,7,421,0,0,0,421
11/07/2004,MKE,WI,AGL,CE,Combined TRACON& Tower with Radar,161,240,16,9,426,0,8,7,0,15,161,248,23,9,441,0,0,0,441
11/08/2004,MKE,WI,AGL,CE,Combined TRACON& Tower with Radar,182,361,48,12,603,0,0,22,0,22,182,361,70,12,625,0,0,0,625
11/09/2004,MKE,WI,AGL,CE,Combined TRACON& Tower with Radar,199,397,65,10,671,0,4,24,0,28,199,401,89,10,699,0,0,0,699
11/10/2004,MKE,WI,AGL,CE,Combined TRACON& Tower with Radar,197,412,70,7,686,0,0,11,0,11,197,412,81,7,697,0,0,0,697
11/11/2004,MKE,WI,AGL,CE,Combined TRACON& Tower with Radar,201,398,62,5,666,0,1,21,0,22,201,399,83,5,688,0,0,0,688
11/12/2004,MKE,WI,AGL,CE,Combined TRACON& Tower with Radar,195,392,58,4,649,0,3,24,0,27,195,395,82,4,676,0,0,0,676
11/13/2004,MKE,WI,AGL,CE,Combined TRACON& Tower with Radar,139,215,20,0,374,0,3,23,1,27,139,218,43,1,401,0,0,0,401
11/14/2004,MKE,WI,AGL,CE,Combined TRACON& Tower with Radar,162,246,19,1,428,0,1,24,0,25,162,247,43,1,453,4,0,4,457
11/15/2004,MKE,WI,AGL,CE,Combined TRACON& Tower with Radar,183,350,50,9,592,0,5,10,0,15,183,355,60,9,607,0,0,0,607
11/16/2004,MKE,WI,AGL,CE,Combined TRACON& Tower with Radar,202,391,66,13,672,0,0,2,0,2,202,391,68,13,674,0,0,0,674
11/17/2004,MKE,WI,AGL,CE,Combined TRACON& Tower with Radar,198,371,70,15,654,0,0,5,0,5,198,371,75,15,659,0,0,0,659
11/18/2004,MKE,WI,AGL,CE,Combined TRACON& Tower with Radar,202,398,61,14,675,0,0,9,0,9,202,398,70,14,684,0,0,0,684
11/19/2004,MKE,WI,AGL,CE,Combined TRACON& Tower with Radar,196,401,47,2,646,0,0,0,0,0,196,401,47,2,646,0,0,0,646
11/20/2004,MKE,WI,AGL,CE,Combined TRACON& Tower with Radar,146,204,21,0,371,0,4,0,0,4,146,208,21,0,375,0,0,0,375
11/21/2004,MKE,WI,AGL,CE,Combined TRACON& Tower with Radar,163,229,19,5,416,0,4,24,0,28,163,233,43,5,444,14,0,14,458
11/22/2004,MKE,WI,AGL,CE,Combined TRACON& Tower with Radar,181,354,46,4,585,0,2,15,0,17,181,356,61,4,602,34,1,35,637
11/23/2004,MKE,WI,AGL,CE,Combined TRACON& Tower with Radar,194,399,45,6,644,0,2,13,0,15,194,401,58,6,659,0,0,0,659
11/24/2004,MKE,WI,AGL,CE,Combined TRACON& Tower with Radar,210,407,38,4,659,0,5,6,0,11,210,412,44,4,670,0,0,0,670
11/25/2004,MKE,WI,AGL,CE,Combined TRACON& Tower with Radar,119,176,5,0,300,0,1,16,0,17,119,177,21,0,317,0,0,0,317
11/26/2004,MKE,WI,AGL,CE,Combined TRACON& Tower with Radar,132,173,10,2,317,0,0,3,0,3,132,173,13,2,320,4,0,4,324
11/27/2004,MKE,WI,AGL,CE,Combined TRACON& Tower with Radar,177,210,16,0,403,0,0,0,0,0,177,210,16,0,403,0,0,0,403
11/28/2004,MKE,WI,AGL,CE,Combined TRACON& Tower with Radar,161,253,25,0,439,0,0,13,0,13,161,253,38,0,452,0,0,0,452
11/29/2004,MKE,WI,AGL,CE,Combined TRACON& Tower with Radar,189,358,51,9,607,0,5,6,0,11,189,363,57,9,618,0,0,0,618
11/30/2004,MKE,WI,AGL,CE,Combined TRACON& Tower with Radar,199,390,56,10,655,0,0,5,0,5,199,390,61,10,660,0,0,0,660
12/01/2004,MKE,WI,AGL,CE,Combined TRACON& Tower with Radar,197,385,59,13,654,0,3,22,0,25,197,388,81,13,679,0,0,0,679
12/02/2004,MKE,WI,AGL,CE,Combined TRACON& Tower with Radar,201,392,58,11,662,0,0,13,0,13,201,392,71,11,675,0,0,0,675
12/03/2004,MKE,WI,AGL,CE,Combined TRACON& Tower with Radar,199,383,55,8,645,0,0,23,0,23,199,383,78,8,668,0,0,0,668
12/04/2004,MKE,WI,AGL,CE,Combined TRACON& Tower with Radar,149,198,20,1,368,0,1,17,0,18,149,199,37,1,386,0,0,0,386
12/05/2004,MKE,WI,AGL,CE,Combined TRACON& Tower with Radar,162,234,15,9,420,0,1,7,0,8,162,235,22,9,428,0,0,0,428
12/06/2004,MKE,WI,AGL,CE,Combined TRACON& Tower with Radar,176,265,67,7,515,0,0,0,0,0,176,265,67,7,515,0,0,0,515
12/07/2004,MKE,WI,AGL,CE,Combined TRACON& Tower with Radar,195,382,80,18,675,0,0,0,0,0,195,382,80,18,675,0,0,0,675
12/08/2004,MKE,WI,AGL,CE,Combined TRACON& Tower with Radar,198,405,55,14,672,0,3,7,0,10,198,408,62,14,682,0,0,0,682
12/09/2004,MKE,WI,AGL,CE,Combined TRACON& Tower with Radar,200,389,73,18,680,0,0,4,0,4,200,389,77,18,684,0,0,0,684
12/10/2004,MKE,WI,AGL,CE,Combined TRACON& Tower with Radar,206,378,51,10,645,0,0,0,0,0,206,378,51,10,645,0,0,0,645
12/11/2004,MKE,WI,AGL,CE,Combined TRACON& Tower with Radar,141,201,14,0,356,0,2,13,0,15,141,203,27,0,371,0,0,0,371
12/12/2004,MKE,WI,AGL,CE,Combined TRACON& Tower with Radar,162,231,26,0,419,0,2,3,0,5,162,233,29,0,424,0,0,0,424
12/13/2004,MKE,WI,AGL,CE,Combined TRACON& Tower with Radar,185,358,45,10,598,0,4,10,0,14,185,362,55,10,612,0,0,0,612
12/14/2004,MKE,WI,AGL,CE,Combined TRACON& Tower with Radar,199,391,73,17,680,0,8,21,0,29,199,399,94,17,709,0,0,0,709
12/15/2004,MKE,WI,AGL,CE,Combined TRACON& Tower with Radar,203,390,75,7,675,0,3,18,0,21,203,393,93,7,696,0,0,0,696
12/16/2004,MKE,WI,AGL,CE,Combined TRACON& Tower with Radar,200,402,67,16,685,0,0,9,0,9,200,402,76,16,694,0,0,0,694
12/17/2004,MKE,WI,AGL,CE,Combined TRACON& Tower with Radar,204,400,46,12,662,0,0,33,0,33,204,400,79,12,695,0,0,0,695
12/18/2004,MKE,WI,AGL,CE,Combined TRACON& Tower with Radar,155,215,15,0,385,0,1,6,0,7,155,216,21,0,392,0,0,0,392
12/19/2004,MKE,WI,AGL,CE,Combined TRACON& Tower with Radar,169,236,15,1,421,0,2,9,0,11,169,238,24,1,432,0,0,0,432
12/20/2004,MKE,WI,AGL,CE,Combined TRACON& Tower with Radar,175,349,45,10,579,0,0,11,0,11,175,349,56,10,590,0,0,0,590
12/21/2004,MKE,WI,AGL,CE,Combined TRACON& Tower with Radar,208,402,47,12,669,0,0,7,0,7,208,402,54,12,676,0,0,0,676
12/22/2004,MKE,WI,AGL,CE,Combined TRACON& Tower with Radar,200,401,31,10,642,1,0,22,0,23,201,401,53,10,665,0,0,0,665
12/23/2004,MKE,WI,AGL,CE,Combined TRACON& Tower with Radar,191,356,42,2,591,0,1,15,0,16,191,357,57,2,607,0,0,0,607
12/24/2004,MKE,WI,AGL,CE,Combined TRACON& Tower with Radar,166,231,10,1,408,0,4,9,0,13,166,235,19,1,421,0,0,0,421
12/25/2004,MKE,WI,AGL,CE,Combined TRACON& Tower with Radar,119,106,3,1,229,0,0,1,0,1,119,106,4,1,230,0,0,0,230
12/26/2004,MKE,WI,AGL,CE,Combined TRACON& Tower with Radar,187,238,15,2,442,0,1,7,0,8,187,239,22,2,450,0,0,0,450
12/27/2004,MKE,WI,AGL,CE,Combined TRACON& Tower with Radar,201,365,18,2,586,0,6,8,0,14,201,371,26,2,600,0,0,0,600
12/28/2004,MKE,WI,AGL,CE,Combined TRACON& Tower with Radar,202,391,25,9,627,0,2,17,0,19,202,393,42,9,646,0,0,0,646
12/29/2004,MKE,WI,AGL,CE,Combined TRACON& Tower with Radar,200,388,23,6,617,0,0,5,0,5,200,388,28,6,622,0,0,0,622
12/30/2004,MKE,WI,AGL,CE,Combined TRACON& Tower with Radar,200,368,23,1,592,0,1,0,0,1,200,369,23,1,593,0,0,0,593
12/31/2004,MKE,WI,AGL,CE,Combined TRACON& Tower with Radar,149,237,18,0,404,0,2,14,0,16,149,239,32,0,420,0,0,0,420
01/01/2005,MKE,WI,AGL,CE,Combined TRACON& Tower with Radar,96,106,4,0,206,0,1,5,0,6,96,107,9,0,212,0,0,0,212
01/02/2005,MKE,WI,AGL,CE,Combined TRACON& Tower with Radar,189,248,28,0,465,0,0,2,0,2,189,248,30,0,467,0,0,0,467
01/03/2005,MKE,WI,AGL,CE,Combined TRACON& Tower with Radar,194,345,21,2,562,0,0,4,0,4,194,345,25,2,566,0,0,0,566
01/04/2005,MKE,WI,AGL,CE,Combined TRACON& Tower with Radar,192,381,38,17,628,0,0,5,0,5,192,381,43,17,633,0,0,0,633
01/05/2005,MKE,WI,AGL,CE,Combined TRACON& Tower with Radar,200,375,47,4,626,0,0,0,0,0,200,375,47,4,626,0,0,0,626
01/06/2005,MKE,WI,AGL,CE,Combined TRACON& Tower with Radar,192,378,45,8,623,0,0,7,0,7,192,378,52,8,630,0,0,0,630
01/07/2005,MKE,WI,AGL,CE,Combined TRACON& Tower with Radar,214,374,37,12,637,0,2,5,0,7,214,376,42,12,644,0,0,0,644
01/08/2005,MKE,WI,AGL,CE,Combined TRACON& Tower with Radar,156,197,15,5,373,0,0,2,0,2,156,197,17,5,375,0,0,0,375
01/09/2005,MKE,WI,AGL,CE,Combined TRACON& Tower with Radar,180,234,7,4,425,0,0,0,0,0,180,234,7,4,425,0,0,0,425
01/10/2005,MKE,WI,AGL,CE,Combined TRACON& Tower with Radar,187,345,42,8,582,0,4,8,0,12,187,349,50,8,594,0,0,0,594
01/11/2005,MKE,WI,AGL,CE,Combined TRACON& Tower with Radar,190,391,46,6,633,0,0,0,0,0,190,391,46,6,633,0,0,0,633
01/12/2005,MKE,WI,AGL,CE,Combined TRACON& Tower with Radar,173,326,47,6,552,0,0,0,0,0,173,326,47,6,552,0,0,0,552
01/13/2005,MKE,WI,AGL,CE,Combined TRACON& Tower with Radar,199,382,66,6,653,0,1,6,0,7,199,383,72,6,660,0,0,0,660
01/14/2005,MKE,WI,AGL,CE,Combined TRACON& Tower with Radar,220,371,50,8,649,0,0,14,0,14,220,371,64,8,663,0,0,0,663
01/15/2005,MKE,WI,AGL,CE,Combined TRACON& Tower with Radar,157,191,15,0,363,0,4,12,0,16,157,195,27,0,379,0,0,0,379
01/16/2005,MKE,WI,AGL,CE,Combined TRACON& Tower with Radar,171,237,21,1,430,0,4,16,0,20,171,241,37,1,450,0,0,0,450
01/17/2005,MKE,WI,AGL,CE,Combined TRACON& Tower with Radar,191,341,30,1,563,0,0,13,0,13,191,341,43,1,576,0,0,0,576
01/18/2005,MKE,WI,AGL,CE,Combined TRACON& Tower with Radar,194,372,57,16,639,0,2,9,0,11,194,374,66,16,650,0,0,0,650
01/19/2005,MKE,WI,AGL,CE,Combined TRACON& Tower with Radar,191,391,48,12,642,0,4,13,0,17,191,395,61,12,659,0,0,0,659
01/20/2005,MKE,WI,AGL,CE,Combined TRACON& Tower with Radar,229,471,82,13,795,0,0,5,0,5,229,471,87,13,800,0,0,0,800
01/21/2005,MKE,WI,AGL,CE,Combined TRACON& Tower with Radar,208,367,46,11,632,0,0,4,0,4,208,367,50,11,636,0,0,0,636
01/22/2005,MKE,WI,AGL,CE,Combined TRACON& Tower with Radar,114,155,10,3,282,0,0,2,0,2,114,155,12,3,284,0,0,0,284
01/23/2005,MKE,WI,AGL,CE,Combined TRACON& Tower with Radar,169,209,18,1,397,0,3,10,0,13,169,212,28,1,410,0,0,0,410
01/24/2005,MKE,WI,AGL,CE,Combined TRACON& Tower with Radar,190,348,41,12,591,0,0,12,0,12,190,348,53,12,603,0,0,0,603
01/25/2005,MKE,WI,AGL,CE,Combined TRACON& Tower with Radar,194,392,67,16,669,0,3,8,0,11,194,395,75,16,680,0,0,0,680
01/26/2005,MKE,WI,AGL,CE,Combined TRACON& Tower with Radar,201,378,54,12,645,0,0,2,0,2,201,378,56,12,647,0,0,0,647
01/27/2005,MKE,WI,AGL,CE,Combined TRACON& Tower with Radar,203,386,70,12,671,0,1,7,0,8,203,387,77,12,679,0,0,0,679
01/28/2005,MKE,WI,AGL,CE,Combined TRACON& Tower with Radar,207,383,38,8,636,0,0,23,0,23,207,383,61,8,659,0,0,0,659
01/29/2005,MKE,WI,AGL,CE,Combined TRACON& Tower with Radar,131,183,8,1,323,0,1,10,0,11,131,184,18,1,334,2,0,2,336
01/30/2005,MKE,WI,AGL,CE,Combined TRACON& Tower with Radar,165,228,16,5,414,0,0,4,0,4,165,228,20,5,418,0,0,0,418
01/31/2005,MKE,WI,AGL,CE,Combined TRACON& Tower with Radar,195,348,44,12,599,0,2,5,0,7,195,350,49,12,606,0,0,0,606
02/01/2005,MKE,WI,AGL,CE,Combined TRACON& Tower with Radar,210,383,58,14,665,0,6,19,0,25,210,389,77,14,690,0,0,0,690
02/02/2005,MKE,WI,AGL,CE,Combined TRACON& Tower with Radar,200,393,60,17,670,0,4,14,0,18,200,397,74,17,688,0,0,0,688
02/03/2005,MKE,WI,AGL,CE,Combined TRACON& Tower with Radar,212,388,66,12,678,0,7,34,0,41,212,395,100,12,719,0,0,0,719
02/04/2005,MKE,WI,AGL,CE,Combined TRACON& Tower with Radar,221,369,70,6,666,0,2,19,0,21,221,371,89,6,687,0,0,0,687
02/05/2005,MKE,WI,AGL,CE,Combined TRACON& Tower with Radar,168,195,10,2,375,0,2,27,0,29,168,197,37,2,404,3,0,3,407
02/06/2005,MKE,WI,AGL,CE,Combined TRACON& Tower with Radar,180,238,17,4,439,0,4,10,0,14,180,242,27,4,453,0,0,0,453
02/07/2005,MKE,WI,AGL,CE,Combined TRACON& Tower with Radar,206,320,47,9,582,0,0,0,0,0,206,320,47,9,582,0,0,0,582
02/08/2005,MKE,WI,AGL,CE,Combined TRACON& Tower with Radar,213,384,62,20,679,0,3,10,0,13,213,387,72,20,692,0,0,0,692
02/09/2005,MKE,WI,AGL,CE,Combined TRACON& Tower with Radar,213,376,53,9,651,0,2,4,0,6,213,378,57,9,657,0,0,0,657
02/10/2005,MKE,WI,AGL,CE,Combined TRACON& Tower with Radar,213,376,71,13,673,0,3,19,0,22,213,379,90,13,695,0,0,0,695
02/11/2005,MKE,WI,AGL,CE,Combined TRACON& Tower with Radar,220,375,61,9,665,0,0,23,0,23,220,375,84,9,688,0,0,0,688
02/12/2005,MKE,WI,AGL,CE,Combined TRACON& Tower with Radar,167,205,8,1,381,0,5,38,0,43,167,210,46,1,424,0,0,0,424
02/13/2005,MKE,WI,AGL,CE,Combined TRACON& Tower with Radar,184,235,12,0,431,0,2,0,0,2,184,237,12,0,433,0,0,0,433
02/14/2005,MKE,WI,AGL,CE,Combined TRACON& Tower with Radar,200,349,44,19,612,0,3,0,0,3,200,352,44,19,615,0,0,0,615
02/15/2005,MKE,WI,AGL,CE,Combined TRACON& Tower with Radar,211,385,63,12,671,0,3,10,0,13,211,388,73,12,684,0,0,0,684
02/16/2005,MKE,WI,AGL,CE,Combined TRACON& Tower with Radar,210,391,54,18,673,0,0,17,0,17,210,391,71,18,690,0,0,0,690
02/17/2005,MKE,WI,AGL,CE,Combined TRACON& Tower with Radar,215,398,62,14,689,0,2,14,0,16,215,400,76,14,705,0,0,0,705
02/18/2005,MKE,WI,AGL,CE,Combined TRACON& Tower with Radar,222,378,50,3,653,0,4,25,0,29,222,382,75,3,682,0,0,0,682
02/19/2005,MKE,WI,AGL,CE,Combined TRACON& Tower with Radar,168,197,17,2,384,0,0,12,0,12,168,197,29,2,396,0,0,0,396
02/20/2005,MKE,WI,AGL,CE,Combined TRACON& Tower with Radar,180,216,15,1,412,0,0,0,0,0,180,216,15,1,412,0,0,0,412
02/21/2005,MKE,WI,AGL,CE,Combined TRACON& Tower with Radar,200,342,45,5,592,0,0,0,0,0,200,342,45,5,592,0,0,0,592
02/22/2005,MKE,WI,AGL,CE,Combined TRACON& Tower with Radar,213,387,53,13,666,0,2,9,0,11,213,389,62,13,677,0,0,0,677
02/23/2005,MKE,WI,AGL,CE,Combined TRACON& Tower with Radar,295,519,72,21,907,0,2,38,0,40,295,521,110,21,947,28,0,28,975
02/24/2005,MKE,WI,AGL,CE,Combined TRACON& Tower with Radar,235,462,73,14,784,0,2,20,0,22,235,464,93,14,806,0,0,0,806
02/25/2005,MKE,WI,AGL,CE,Combined TRACON& Tower with Radar,218,405,49,5,677,0,3,2,0,5,218,408,51,5,682,0,0,0,682
02/26/2005,MKE,WI,AGL,CE,Combined TRACON& Tower with Radar,171,202,19,0,392,0,4,19,0,23,171,206,38,0,415,0,0,0,415
02/27/2005,MKE,WI,AGL,CE,Combined TRACON& Tower with Radar,174,243,21,0,438,0,0,10,0,10,174,243,31,0,448,0,0,0,448
02/28/2005,MKE,WI,AGL,CE,Combined TRACON& Tower with Radar,194,353,39,11,597,0,0,0,0,0,194,353,39,11,597,0,0,0,597
03/01/2005,MKE,WI,AGL,CE,Combined TRACON& Tower with Radar,206,372,55,8,641,0,3,7,0,10,206,375,62,8,651,0,0,0,651
03/02/2005,MKE,WI,AGL,CE,Combined TRACON& Tower with Radar,211,410,55,9,685,0,5,23,0,28,211,415,78,9,713,0,0,0,713
03/03/2005,MKE,WI,AGL,CE,Combined TRACON& Tower with Radar,218,417,63,10,708,0,4,16,0,20,218,421,79,10,728,0,0,0,728
03/04/2005,MKE,WI,AGL,CE,Combined TRACON& Tower with Radar,221,398,52,6,677,0,0,8,0,8,221,398,60,6,685,0,0,0,685
03/05/2005,MKE,WI,AGL,CE,Combined TRACON& Tower with Radar,177,209,8,6,400,0,0,14,2,16,177,209,22,8,416,0,0,0,416
03/06/2005,MKE,WI,AGL,CE,Combined TRACON& Tower with Radar,192,244,18,2,456,0,5,29,0,34,192,249,47,2,490,0,0,0,490
03/07/2005,MKE,WI,AGL,CE,Combined TRACON& Tower with Radar,207,362,47,14,630,0,3,5,0,8,207,365,52,14,638,0,0,0,638
03/08/2005,MKE,WI,AGL,CE,Combined TRACON& Tower with Radar,203,387,57,12,659,0,0,22,0,22,203,387,79,12,681,0,0,0,681
03/09/2005,MKE,WI,AGL,CE,Combined TRACON& Tower with Radar,224,401,81,15,721,0,4,23,1,28,224,405,104,16,749,20,0,20,769
03/10/2005,MKE,WI,AGL,CE,Combined TRACON& Tower with Radar,214,402,61,8,685,0,3,2,0,5,214,405,63,8,690,0,0,0,690
03/11/2005,MKE,WI,AGL,CE,Combined TRACON& Tower with Radar,224,396,43,7,670,0,0,10,0,10,224,396,53,7,680,0,0,0,680
03/12/2005,MKE,WI,AGL,CE,Combined TRACON& Tower with Radar,178,207,9,0,394,0,0,17,0,17,178,207,26,0,411,0,0,0,411
03/13/2005,MKE,WI,AGL,CE,Combined TRACON& Tower with Radar,186,241,22,0,449,0,3,15,0,18,186,244,37,0,467,0,0,0,467
03/14/2005,MKE,WI,AGL,CE,Combined TRACON& Tower with Radar,202,387,41,13,643,0,0,14,0,14,202,387,55,13,657,0,0,0,657
03/15/2005,MKE,WI,AGL,CE,Combined TRACON& Tower with Radar,220,401,67,12,700,0,6,23,2,31,220,407,90,14,731,0,0,0,731
03/16/2005,MKE,WI,AGL,CE,Combined TRACON& Tower with Radar,210,401,45,14,670,0,1,14,2,17,210,402,59,16,687,0,0,0,687
03/17/2005,MKE,WI,AGL,CE,Combined TRACON& Tower with Radar,219,420,66,14,719,0,0,6,0,6,219,420,72,14,725,0,0,0,725
03/18/2005,MKE,WI,AGL,CE,Combined TRACON& Tower with Radar,221,390,52,3,666,1,0,0,0,1,222,390,52,3,667,0,0,0,667
03/19/2005,MKE,WI,AGL,CE,Combined TRACON& Tower with Radar,182,208,7,2,399,0,0,0,0,0,182,208,7,2,399,0,0,0,399
03/20/2005,MKE,WI,AGL,CE,Combined TRACON& Tower with Radar,190,249,21,0,460,0,2,14,0,16,190,251,35,0,476,0,0,0,476
03/21/2005,MKE,WI,AGL,CE,Combined TRACON& Tower with Radar,205,369,45,9,628,0,4,25,0,29,205,373,70,9,657,0,0,0,657
03/22/2005,MKE,WI,AGL,CE,Combined TRACON& Tower with Radar,213,392,58,13,676,0,4,12,0,16,213,396,70,13,692,0,0,0,692
03/23/2005,MKE,WI,AGL,CE,Combined TRACON& Tower with Radar,212,396,52,9,669,0,2,23,0,25,212,398,75,9,694,0,0,0,694
03/24/2005,MKE,WI,AGL,CE,Combined TRACON& Tower with Radar,221,410,53,10,694,0,7,25,0,32,221,417,78,10,726,0,0,0,726
03/25/2005,MKE,WI,AGL,CE,Combined TRACON& Tower with Radar,217,381,29,4,631,0,0,7,0,7,217,381,36,4,638,0,0,0,638
03/26/2005,MKE,WI,AGL,CE,Combined TRACON& Tower with Radar,178,201,12,1,392,0,0,27,0,27,178,201,39,1,419,0,0,0,419
03/27/2005,MKE,WI,AGL,CE,Combined TRACON& Tower with Radar,183,246,14,0,443,0,0,13,0,13,183,246,27,0,456,0,0,0,456
03/28/2005,MKE,WI,AGL,CE,Combined TRACON& Tower with Radar,203,350,43,10,606,0,1,34,0,35,203,351,77,10,641,0,0,0,641
03/29/2005,MKE,WI,AGL,CE,Combined TRACON& Tower with Radar,217,395,39,11,662,0,3,37,0,40,217,398,76,11,702,0,0,0,702
03/30/2005,MKE,WI,AGL,CE,Combined TRACON& Tower with Radar,221,382,44,12,659,0,4,10,0,14,221,386,54,12,673,0,0,0,673
03/31/2005,MKE,WI,AGL,CE,Combined TRACON& Tower with Radar,217,404,49,14,684,0,1,6,1,8,217,405,55,15,692,0,0,0,692
04/01/2005,MKE,WI,AGL,CE,Combined TRACON& Tower with Radar,221,383,27,7,638,0,0,6,0,6,221,383,33,7,644,0,0,0,644
04/02/2005,MKE,WI,AGL,CE,Combined TRACON& Tower with Radar,170,212,6,3,391,0,1,19,0,20,170,213,25,3,411,0,0,0,411
04/03/2005,MKE,WI,AGL,CE,Combined TRACON& Tower with Radar,197,246,27,2,472,0,2,27,0,29,197,248,54,2,501,0,0,0,501
04/04/2005,MKE,WI,AGL,CE,Combined TRACON& Tower with Radar,208,356,35,6,605,0,6,32,0,38,208,362,67,6,643,0,0,0,643
04/05/2005,MKE,WI,AGL,CE,Combined TRACON& Tower with Radar,209,378,42,11,640,0,6,27,0,33,209,384,69,11,673,0,0,0,673
04/06/2005,MKE,WI,AGL,CE,Combined TRACON& Tower with Radar,213,391,52,7,663,0,5,15,0,20,213,396,67,7,683,0,0,0,683
04/07/2005,MKE,WI,AGL,CE,Combined TRACON& Tower with Radar,224,378,47,9,658,0,1,11,0,12,224,379,58,9,670,0,0,0,670
04/08/2005,MKE,WI,AGL,CE,Combined TRACON& Tower with Radar,207,383,34,11,635,0,11,33,0,44,207,394,67,11,679,0,0,0,679
04/09/2005,MKE,WI,AGL,CE,Combined TRACON& Tower with Radar,143,180,14,0,337,0,0,24,0,24,143,180,38,0,361,0,0,0,361
04/10/2005,MKE,WI,AGL,CE,Combined TRACON& Tower with Radar,180,233,15,2,430,0,2,19,0,21,180,235,34,2,451,0,0,0,451
04/11/2005,MKE,WI,AGL,CE,Combined TRACON& Tower with Radar,210,362,44,10,626,0,3,21,0,24,210,365,65,10,650,0,0,0,650
04/12/2005,MKE,WI,AGL,CE,Combined TRACON& Tower with Radar,209,388,61,13,671,0,2,10,0,12,209,390,71,13,683,0,0,0,683
04/13/2005,MKE,WI,AGL,CE,Combined TRACON& Tower with Radar,216,403,82,13,714,0,5,25,0,30,216,408,107,13,744,0,0,0,744
04/14/2005,MKE,WI,AGL,CE,Combined TRACON& Tower with Radar,222,385,62,12,681,0,2,28,0,30,222,387,90,12,711,0,0,0,711
04/15/2005,MKE,WI,AGL,CE,Combined TRACON& Tower with Radar,218,370,47,3,638,0,1,29,1,31,218,371,76,4,669,0,0,0,669
04/16/2005,MKE,WI,AGL,CE,Combined TRACON& Tower with Radar,166,193,14,4,377,0,1,34,0,35,166,194,48,4,412,0,0,0,412
04/17/2005,MKE,WI,AGL,CE,Combined TRACON& Tower with Radar,181,229,23,2,435,0,6,30,0,36,181,235,53,2,471,0,0,0,471
04/18/2005,MKE,WI,AGL,CE,Combined TRACON& Tower with Radar,200,362,47,8,617,0,0,11,0,11,200,362,58,8,628,0,0,0,628
04/19/2005,MKE,WI,AGL,CE,Combined TRACON& Tower with Radar,212,405,59,9,685,0,1,21,0,22,212,406,80,9,707,0,0,0,707
04/20/2005,MKE,WI,AGL,CE,Combined TRACON& Tower with Radar,207,396,64,8,675,0,0,6,0,6,207,396,70,8,681,0,0,0,681
04/21/2005,MKE,WI,AGL,CE,Combined TRACON& Tower with Radar,207,400,43,12,662,0,0,29,0,29,207,400,72,12,691,0,0,0,691
04/22/2005,MKE,WI,AGL,CE,Combined TRACON& Tower with Radar,197,381,54,6,638,0,0,9,0,9,197,381,63,6,647,0,0,0,647
04/23/2005,MKE,WI,AGL,CE,Combined TRACON& Tower with Radar,156,193,7,0,356,0,4,5,0,9,156,197,12,0,365,0,0,0,365
04/24/2005,MKE,WI,AGL,CE,Combined TRACON& Tower with Radar,170,240,23,0,433,0,4,8,0,12,170,244,31,0,445,0,0,0,445
04/25/2005,MKE,WI,AGL,CE,Combined TRACON& Tower with Radar,198,361,38,9,606,0,6,16,0,22,198,367,54,9,628,0,0,0,628
04/26/2005,MKE,WI,AGL,CE,Combined TRACON& Tower with Radar,199,388,47,8,642,0,8,33,0,41,199,396,80,8,683,0,0,0,683
04/27/2005,MKE,WI,AGL,CE,Combined TRACON& Tower with Radar,206,390,55,9,660,0,4,18,0,22,206,394,73,9,682,0,0,0,682
04/28/2005,MKE,WI,AGL,CE,Combined TRACON& Tower with Radar,212,387,79,11,689,0,2,37,0,39,212,389,116,11,728,0,0,0,728
04/29/2005,MKE,WI,AGL,CE,Combined TRACON& Tower with Radar,204,378,43,7,632,0,2,31,0,33,204,380,74,7,665,0,0,0,665
04/30/2005,MKE,WI,AGL,CE,Combined TRACON& Tower with Radar,157,192,22,2,373,0,2,16,0,18,157,194,38,2,391,0,0,0,391
05/01/2005,MKE,WI,AGL,CE,Combined TRACON& Tower with Radar,176,235,9,4,424,0,2,9,0,11,176,237,18,4,435,0,0,0,435
05/02/2005,MKE,WI,AGL,CE,Combined TRACON& Tower with Radar,184,365,39,10,598,0,1,15,0,16,184,366,54,10,614,0,0,0,614
05/03/2005,MKE,WI,AGL,CE,Combined TRACON& Tower with Radar,196,400,53,12,661,0,0,26,0,26,196,400,79,12,687,0,0,0,687
05/04/2005,MKE,WI,AGL,CE,Combined TRACON& Tower with Radar,194,387,62,7,650,0,1,40,3,44,194,388,102,10,694,0,0,0,694
05/05/2005,MKE,WI,AGL,CE,Combined TRACON& Tower with Radar,202,400,48,8,658,0,2,34,0,36,202,402,82,8,694,0,0,0,694
05/06/2005,MKE,WI,AGL,CE,Combined TRACON& Tower with Radar,202,396,29,7,634,0,6,14,2,22,202,402,43,9,656,0,0,0,656
05/07/2005,MKE,WI,AGL,CE,Combined TRACON& Tower with Radar,160,199,11,2,372,0,2,5,0,7,160,201,16,2,379,0,0,0,379
05/08/2005,MKE,WI,AGL,CE,Combined TRACON& Tower with Radar,166,229,22,0,417,0,4,20,0,24,166,233,42,0,441,0,0,0,441
05/09/2005,MKE,WI,AGL,CE,Combined TRACON& Tower with Radar,190,359,40,9,598,0,0,7,0,7,190,359,47,9,605,0,0,0,605
05/10/2005,MKE,WI,AGL,CE,Combined TRACON& Tower with Radar,200,393,41,6,640,0,1,18,0,19,200,394,59,6,659,0,0,0,659
05/11/2005,MKE,WI,AGL,CE,Combined TRACON& Tower with Radar,198,385,52,8,643,0,0,5,0,5,198,385,57,8,648,0,0,0,648
05/12/2005,MKE,WI,AGL,CE,Combined TRACON& Tower with Radar,205,403,68,13,689,0,3,8,0,11,205,406,76,13,700,0,0,0,700
05/13/2005,MKE,WI,AGL,CE,Combined TRACON& Tower with Radar,205,366,49,10,630,0,4,7,1,12,205,370,56,11,642,0,0,0,642
05/14/2005,MKE,WI,AGL,CE,Combined TRACON& Tower with Radar,216,270,24,4,514,0,10,258,3,271,216,280,282,7,785,0,0,0,785
05/15/2005,MKE,WI,AGL,CE,Combined TRACON& Tower with Radar,171,242,24,2,439,0,5,246,0,251,171,247,270,2,690,0,0,0,690
05/16/2005,MKE,WI,AGL,CE,Combined TRACON& Tower with Radar,192,357,54,6,609,0,4,26,5,35,192,361,80,11,644,0,0,0,644
05/17/2005,MKE,WI,AGL,CE,Combined TRACON& Tower with Radar,194,394,58,9,655,0,4,34,0,38,194,398,92,9,693,0,0,0,693
05/18/2005,MKE,WI,AGL,CE,Combined TRACON& Tower with Radar,181,348,65,11,605,0,3,21,0,24,181,351,86,11,629,0,0,0,629
05/19/2005,MKE,WI,AGL,CE,Combined TRACON& Tower with Radar,201,360,56,8,625,0,2,1,8,11,201,362,57,16,636,0,0,0,636
05/20/2005,MKE,WI,AGL,CE,Combined TRACON& Tower with Radar,174,335,46,4,559,0,4,25,0,29,174,339,71,4,588,0,0,0,588
05/21/2005,MKE,WI,AGL,CE,Combined TRACON& Tower with Radar,162,195,16,8,381,0,3,34,1,38,162,198,50,9,419,0,0,0,419
05/22/2005,MKE,WI,AGL,CE,Combined TRACON& Tower with Radar,169,239,10,3,421,0,0,12,0,12,169,239,22,3,433,0,0,0,433
05/23/2005,MKE,WI,AGL,CE,Combined TRACON& Tower with Radar,189,369,54,7,619,0,6,12,0,18,189,375,66,7,637,0,0,0,637
05/24/2005,MKE,WI,AGL,CE,Combined TRACON& Tower with Radar,203,393,72,6,674,0,2,28,0,30,203,395,100,6,704,0,0,0,704
05/25/2005,MKE,WI,AGL,CE,Combined TRACON& Tower with Radar,203,386,86,3,678,0,5,35,1,41,203,391,121,4,719,0,0,0,719
05/26/2005,MKE,WI,AGL,CE,Combined TRACON& Tower with Radar,206,407,70,8,691,0,2,17,0,19,206,409,87,8,710,0,0,0,710
05/27/2005,MKE,WI,AGL,CE,Combined TRACON& Tower with Radar,209,387,36,2,634,0,6,22,0,28,209,393,58,2,662,0,0,0,662
05/28/2005,MKE,WI,AGL,CE,Combined TRACON& Tower with Radar,162,197,7,1,367,0,0,19,0,19,162,197,26,1,386,0,0,0,386
05/29/2005,MKE,WI,AGL,CE,Combined TRACON& Tower with Radar,157,203,12,1,373,0,1,32,0,33,157,204,44,1,406,0,0,0,406
05/30/2005,MKE,WI,AGL,CE,Combined TRACON& Tower with Radar,181,299,28,0,508,0,3,11,1,15,181,302,39,1,523,0,0,0,523
05/31/2005,MKE,WI,AGL,CE,Combined TRACON& Tower with Radar,194,367,45,10,616,0,1,20,0,21,194,368,65,10,637,0,0,0,637
06/01/2005,MKE,WI,AGL,CE,Combined TRACON& Tower with Radar,208,407,46,5,666,0,1,31,0,32,208,408,77,5,698,0,0,0,698
06/02/2005,MKE,WI,AGL,CE,Combined TRACON& Tower with Radar,207,388,71,9,675,0,7,25,0,32,207,395,96,9,707,0,0,0,707
06/03/2005,MKE,WI,AGL,CE,Combined TRACON& Tower with Radar,206,377,67,6,656,0,2,4,0,6,206,379,71,6,662,0,0,0,662
06/04/2005,MKE,WI,AGL,CE,Combined TRACON& Tower with Radar,159,204,37,6,406,0,0,12,0,12,159,204,49,6,418,0,0,0,418
06/05/2005,MKE,WI,AGL,CE,Combined TRACON& Tower with Radar,173,234,21,4,432,0,1,16,0,17,173,235,37,4,449,0,0,0,449
06/06/2005,MKE,WI,AGL,CE,Combined TRACON& Tower with Radar,179,348,57,6,590,0,2,23,0,25,179,350,80,6,615,0,0,0,615
06/07/2005,MKE,WI,AGL,CE,Combined TRACON& Tower with Radar,205,400,64,8,677,0,2,25,0,27,205,402,89,8,704,0,0,0,704
06/08/2005,MKE,WI,AGL,CE,Combined TRACON& Tower with Radar,216,388,60,4,668,0,0,26,0,26,216,388,86,4,694,0,0,0,694
06/09/2005,MKE,WI,AGL,CE,Combined TRACON& Tower with Radar,220,398,65,3,686,0,6,23,0,29,220,404,88,3,715,0,0,0,715
06/10/2005,MKE,WI,AGL,CE,Combined TRACON& Tower with Radar,209,379,50,4,642,0,2,10,0,12,209,381,60,4,654,0,0,0,654
06/11/2005,MKE,WI,AGL,CE,Combined TRACON& Tower with Radar,173,210,19,1,403,0,0,14,0,14,173,210,33,1,417,0,0,0,417
06/12/2005,MKE,WI,AGL,CE,Combined TRACON& Tower with Radar,179,241,32,5,457,0,0,16,0,16,179,241,48,5,473,0,0,0,473
06/13/2005,MKE,WI,AGL,CE,Combined TRACON& Tower with Radar,198,382,60,8,648,0,0,29,0,29,198,382,89,8,677,0,0,0,677
06/14/2005,MKE,WI,AGL,CE,Combined TRACON& Tower with Radar,219,387,75,11,692,0,2,16,0,18,219,389,91,11,710,0,0,0,710
06/15/2005,MKE,WI,AGL,CE,Combined TRACON& Tower with Radar,218,399,57,9,683,0,0,9,0,9,218,399,66,9,692,0,0,0,692
06/16/2005,MKE,WI,AGL,CE,Combined TRACON& Tower with Radar,207,404,62,5,678,0,2,35,0,37,207,406,97,5,715,0,0,0,715
06/17/2005,MKE,WI,AGL,CE,Combined TRACON& Tower with Radar,219,373,40,6,638,0,2,18,0,20,219,375,58,6,658,0,0,0,658
06/18/2005,MKE,WI,AGL,CE,Combined TRACON& Tower with Radar,176,201,17,9,403,0,0,25,0,25,176,201,42,9,428,0,0,0,428
06/19/2005,MKE,WI,AGL,CE,Combined TRACON& Tower with Radar,185,247,15,4,451,0,5,26,0,31,185,252,41,4,482,0,0,0,482
06/20/2005,MKE,WI,AGL,CE,Combined TRACON& Tower with Radar,204,371,45,2,622,0,2,23,1,26,204,373,68,3,648,0,0,0,648
06/21/2005,MKE,WI,AGL,CE,Combined TRACON& Tower with Radar,218,392,55,2,667,0,0,36,0,36,218,392,91,2,703,0,0,0,703
06/22/2005,MKE,WI,AGL,CE,Combined TRACON& Tower with Radar,218,397,63,2,680,0,3,36,0,39,218,400,99,2,719,0,0,0,719
06/23/2005,MKE,WI,AGL,CE,Combined TRACON& Tower with Radar,223,422,74,2,721,0,7,25,0,32,223,429,99,2,753,0,0,0,753
06/24/2005,MKE,WI,AGL,CE,Combined TRACON& Tower with Radar,218,386,39,4,647,0,5,15,0,20,218,391,54,4,667,0,0,0,667
06/25/2005,MKE,WI,AGL,CE,Combined TRACON& Tower with Radar,173,208,26,2,409,0,5,17,0,22,173,213,43,2,431,0,0,0,431
06/26/2005,MKE,WI,AGL,CE,Combined TRACON& Tower with Radar,187,242,36,0,465,0,1,18,0,19,187,243,54,0,484,0,0,0,484
06/27/2005,MKE,WI,AGL,CE,Combined TRACON& Tower with Radar,198,373,48,4,623,0,2,12,0,14,198,375,60,4,637,0,0,0,637
06/28/2005,MKE,WI,AGL,CE,Combined TRACON& Tower with Radar,218,393,66,8,685,0,3,14,0,17,218,396,80,8,702,0,0,0,702
06/29/2005,MKE,WI,AGL,CE,Combined TRACON& Tower with Radar,208,398,71,8,685,0,2,11,0,13,208,400,82,8,698,0,0,0,698
06/30/2005,MKE,WI,AGL,CE,Combined TRACON& Tower with Radar,231,397,58,12,698,0,7,44,1,52,231,404,102,13,750,0,0,0,750
07/01/2005,MKE,WI,AGL,CE,Combined TRACON& Tower with Radar,212,385,48,6,651,0,1,30,0,31,212,386,78,6,682,0,0,0,682
07/02/2005,MKE,WI,AGL,CE,Combined TRACON& Tower with Radar,169,201,12,2,384,0,2,28,0,30,169,203,40,2,414,0,0,0,414
07/03/2005,MKE,WI,AGL,CE,Combined TRACON& Tower with Radar,173,214,14,0,401,0,3,74,0,77,173,217,88,0,478,0,0,0,478
07/04/2005,MKE,WI,AGL,CE,Combined TRACON& Tower with Radar,197,300,15,2,514,0,1,2,0,3,197,301,17,2,517,0,0,0,517
07/05/2005,MKE,WI,AGL,CE,Combined TRACON& Tower with Radar,199,364,33,6,602,0,6,7,0,13,199,370,40,6,615,0,0,0,615
07/06/2005,MKE,WI,AGL,CE,Combined TRACON& Tower with Radar,210,416,48,6,680,0,1,24,0,25,210,417,72,6,705,0,0,0,705
07/07/2005,MKE,WI,AGL,CE,Combined TRACON& Tower with Radar,212,398,56,7,673,0,1,54,0,55,212,399,110,7,728,0,0,0,728
07/08/2005,MKE,WI,AGL,CE,Combined TRACON& Tower with Radar,204,381,56,7,648,0,0,21,0,21,204,381,77,7,669,0,0,0,669
07/09/2005,MKE,WI,AGL,CE,Combined TRACON& Tower with Radar,165,200,10,3,378,0,3,56,0,59,165,203,66,3,437,0,0,0,437
07/10/2005,MKE,WI,AGL,CE,Combined TRACON& Tower with Radar,171,247,20,3,441,0,0,53,0,53,171,247,73,3,494,0,0,0,494
07/11/2005,MKE,WI,AGL,CE,Combined TRACON& Tower with Radar,203,376,40,8,627,0,4,19,1,24,203,380,59,9,651,0,0,0,651
07/12/2005,MKE,WI,AGL,CE,Combined TRACON& Tower with Radar,218,401,75,5,699,0,5,33,0,38,218,406,108,5,737,0,0,0,737
07/13/2005,MKE,WI,AGL,CE,Combined TRACON& Tower with Radar,213,403,56,11,683,0,1,17,3,21,213,404,73,14,704,0,0,0,704
07/14/2005,MKE,WI,AGL,CE,Combined TRACON& Tower with Radar,214,412,77,12,715,0,1,50,16,67,214,413,127,28,782,0,0,0,782
07/15/2005,MKE,WI,AGL,CE,Combined TRACON& Tower with Radar,211,392,53,9,665,0,4,58,8,70,211,396,111,17,735,0,0,0,735
07/16/2005,MKE,WI,AGL,CE,Combined TRACON& Tower with Radar,166,204,18,1,389,0,7,58,25,90,166,211,76,26,479,0,0,0,479
07/17/2005,MKE,WI,AGL,CE,Combined TRACON& Tower with Radar,179,243,39,8,469,0,16,57,9,82,179,259,96,17,551,0,0,0,551
07/18/2005,MKE,WI,AGL,CE,Combined TRACON& Tower with Radar,198,386,46,8,638,0,0,35,1,36,198,386,81,9,674,0,0,0,674
07/19/2005,MKE,WI,AGL,CE,Combined TRACON& Tower with Radar,215,417,52,4,688,0,0,27,1,28,215,417,79,5,716,0,0,0,716
07/20/2005,MKE,WI,AGL,CE,Combined TRACON& Tower with Radar,220,413,64,7,704,0,2,9,0,11,220,415,73,7,715,0,0,0,715
07/21/2005,MKE,WI,AGL,CE,Combined TRACON& Tower with Radar,218,391,74,5,688,0,0,29,0,29,218,391,103,5,717,0,0,0,717
07/22/2005,MKE,WI,AGL,CE,Combined TRACON& Tower with Radar,215,395,66,3,679,0,2,39,0,41,215,397,105,3,720,0,0,0,720
07/23/2005,MKE,WI,AGL,CE,Combined TRACON& Tower with Radar,166,202,19,3,390,0,2,21,0,23,166,204,40,3,413,0,0,0,413
07/24/2005,MKE,WI,AGL,CE,Combined TRACON& Tower with Radar,178,269,51,4,502,0,2,32,0,34,178,271,83,4,536,0,0,0,536
07/25/2005,MKE,WI,AGL,CE,Combined TRACON& Tower with Radar,203,363,69,6,641,0,0,14,0,14,203,363,83,6,655,0,0,0,655
07/26/2005,MKE,WI,AGL,CE,Combined TRACON& Tower with Radar,220,417,64,4,705,0,2,20,0,22,220,419,84,4,727,0,0,0,727
07/27/2005,MKE,WI,AGL,CE,Combined TRACON& Tower with Radar,216,411,88,2,717,0,2,55,0,57,216,413,143,2,774,0,0,0,774
07/28/2005,MKE,WI,AGL,CE,Combined TRACON& Tower with Radar,228,416,80,7,731,0,10,33,0,43,228,426,113,7,774,0,0,0,774
07/29/2005,MKE,WI,AGL,CE,Combined TRACON& Tower with Radar,215,392,64,6,677,0,4,39,0,43,215,396,103,6,720,0,0,0,720
07/30/2005,MKE,WI,AGL,CE,Combined TRACON& Tower with Radar,172,202,20,4,398,0,0,34,0,34,172,202,54,4,432,0,0,0,432
07/31/2005,MKE,WI,AGL,CE,Combined TRACON& Tower with Radar,176,246,26,1,449,0,0,37,0,37,176,246,63,1,486,0,0,0,486
08/01/2005,MKE,WI,AGL,CE,Combined TRACON& Tower with Radar,207,377,36,4,624,0,0,13,0,13,207,377,49,4,637,0,0,0,637
08/02/2005,MKE,WI,AGL,CE,Combined TRACON& Tower with Radar,217,400,64,8,689,0,0,32,0,32,217,400,96,8,721,0,0,0,721
08/03/2005,MKE,WI,AGL,CE,Combined TRACON& Tower with Radar,215,413,73,1,702,0,0,15,0,15,215,413,88,1,717,0,0,0,717
08/04/2005,MKE,WI,AGL,CE,Combined TRACON& Tower with Radar,222,408,77,6,713,0,1,21,0,22,222,409,98,6,735,0,0,0,735
08/05/2005,MKE,WI,AGL,CE,Combined TRACON& Tower with Radar,216,390,56,5,667,0,2,48,0,50,216,392,104,5,717,0,0,0,717
08/06/2005,MKE,WI,AGL,CE,Combined TRACON& Tower with Radar,165,206,15,1,387,0,2,39,0,41,165,208,54,1,428,14,0,14,442
08/07/2005,MKE,WI,AGL,CE,Combined TRACON& Tower with Radar,253,368,32,0,653,0,1,49,0,50,253,369,81,0,703,0,0,0,703
08/08/2005,MKE,WI,AGL,CE,Combined TRACON& Tower with Radar,197,378,62,2,639,0,1,26,0,27,197,379,88,2,666,0,0,0,666
08/09/2005,MKE,WI,AGL,CE,Combined TRACON& Tower with Radar,217,396,76,7,696,0,3,22,0,25,217,399,98,7,721,0,0,0,721
08/10/2005,MKE,WI,AGL,CE,Combined TRACON& Tower with Radar,216,407,75,6,704,0,5,28,0,33,216,412,103,6,737,6,0,6,743
08/11/2005,MKE,WI,AGL,CE,Combined TRACON& Tower with Radar,218,401,69,8,696,0,1,18,0,19,218,402,87,8,715,1,0,1,716
08/12/2005,MKE,WI,AGL,CE,Combined TRACON& Tower with Radar,210,405,52,6,673,0,0,17,0,17,210,405,69,6,690,0,0,0,690
08/13/2005,MKE,WI,AGL,CE,Combined TRACON& Tower with Radar,169,202,13,0,384,0,4,10,0,14,169,206,23,0,398,0,0,0,398
08/14/2005,MKE,WI,AGL,CE,Combined TRACON& Tower with Radar,166,235,23,4,428,0,3,37,0,40,166,238,60,4,468,0,0,0,468
08/15/2005,MKE,WI,AGL,CE,Combined TRACON& Tower with Radar,206,372,48,2,628,0,0,14,0,14,206,372,62,2,642,0,0,0,642
08/16/2005,MKE,WI,AGL,CE,Combined TRACON& Tower with Radar,212,389,54,4,659,0,2,31,0,33,212,391,85,4,692,21,0,21,713
08/17/2005,MKE,WI,AGL,CE,Combined TRACON& Tower with Radar,216,406,60,7,689,0,1,22,0,23,216,407,82,7,712,0,0,0,712
08/18/2005,MKE,WI,AGL,CE,Combined TRACON& Tower with Radar,212,400,75,5,692,0,3,15,0,18,212,403,90,5,710,0,0,0,710
08/19/2005,MKE,WI,AGL,CE,Combined TRACON& Tower with Radar,211,391,52,8,662,0,3,28,0,31,211,394,80,8,693,0,0,0,693
08/20/2005,MKE,WI,AGL,CE,Combined TRACON& Tower with Radar,158,184,22,0,364,0,0,26,2,28,158,184,48,2,392,0,0,0,392
08/21/2005,MKE,WI,AGL,CE,Combined TRACON& Tower with Radar,170,249,29,3,451,0,3,22,1,26,170,252,51,4,477,0,0,0,477
08/22/2005,MKE,WI,AGL,CE,Combined TRACON& Tower with Radar,198,365,54,2,619,0,4,24,2,30,198,369,78,4,649,0,0,0,649
08/23/2005,MKE,WI,AGL,CE,Combined TRACON& Tower with Radar,209,402,65,5,681,0,1,14,0,15,209,403,79,5,696,0,0,0,696
08/24/2005,MKE,WI,AGL,CE,Combined TRACON& Tower with Radar,203,400,73,8,684,0,4,32,0,36,203,404,105,8,720,0,0,0,720
08/25/2005,MKE,WI,AGL,CE,Combined TRACON& Tower with Radar,205,402,89,6,702,0,3,16,0,19,205,405,105,6,721,0,0,0,721
08/26/2005,MKE,WI,AGL,CE,Combined TRACON& Tower with Radar,209,390,38,5,642,0,0,11,0,11,209,390,49,5,653,0,0,0,653
08/27/2005,MKE,WI,AGL,CE,Combined TRACON& Tower with Radar,168,202,14,0,384,0,0,21,0,21,168,202,35,0,405,0,0,0,405
08/28/2005,MKE,WI,AGL,CE,Combined TRACON& Tower with Radar,171,247,17,0,435,0,1,23,0,24,171,248,40,0,459,0,0,0,459
08/29/2005,MKE,WI,AGL,CE,Combined TRACON& Tower with Radar,190,363,52,4,609,0,0,24,0,24,190,363,76,4,633,0,0,0,633
08/30/2005,MKE,WI,AGL,CE,Combined TRACON& Tower with Radar,208,399,54,10,671,0,3,19,0,22,208,402,73,10,693,0,0,0,693
08/31/2005,MKE,WI,AGL,CE,Combined TRACON& Tower with Radar,204,410,43,8,665,0,2,15,0,17,204,412,58,8,682,8,0,8,690
09/01/2005,MKE,WI,AGL,CE,Combined TRACON& Tower with Radar,205,420,55,5,685,0,4,28,0,32,205,424,83,5,717,0,0,0,717
09/02/2005,MKE,WI,AGL,CE,Combined TRACON& Tower with Radar,203,395,34,6,638,0,3,11,0,14,203,398,45,6,652,0,0,0,652
09/03/2005,MKE,WI,AGL,CE,Combined TRACON& Tower with Radar,141,197,14,5,357,0,0,24,0,24,141,197,38,5,381,22,0,22,403
09/04/2005,MKE,WI,AGL,CE,Combined TRACON& Tower with Radar,132,190,10,1,333,0,1,10,0,11,132,191,20,1,344,0,0,0,344
09/05/2005,MKE,WI,AGL,CE,Combined TRACON& Tower with Radar,176,318,13,3,510,0,0,14,0,14,176,318,27,3,524,0,0,0,524
09/06/2005,MKE,WI,AGL,CE,Combined TRACON& Tower with Radar,189,384,52,12,637,0,4,22,0,26,189,388,74,12,663,0,0,0,663
09/07/2005,MKE,WI,AGL,CE,Combined TRACON& Tower with Radar,201,414,67,5,687,0,2,9,0,11,201,416,76,5,698,0,0,0,698
09/08/2005,MKE,WI,AGL,CE,Combined TRACON& Tower with Radar,202,407,57,11,677,0,0,8,2,10,202,407,65,13,687,0,0,0,687
09/09/2005,MKE,WI,AGL,CE,Combined TRACON& Tower with Radar,199,414,40,10,663,0,5,19,0,24,199,419,59,10,687,16,0,16,703
09/10/2005,MKE,WI,AGL,CE,Combined TRACON& Tower with Radar,153,203,6,0,362,0,0,10,0,10,153,203,16,0,372,0,0,0,372
09/11/2005,MKE,WI,AGL,CE,Combined TRACON& Tower with Radar,167,243,24,1,435,0,2,20,0,22,167,245,44,1,457,0,0,0,457
09/12/2005,MKE,WI,AGL,CE,Combined TRACON& Tower with Radar,188,375,43,5,611,0,3,14,0,17,188,378,57,5,628,0,0,0,628
09/13/2005,MKE,WI,AGL,CE,Combined TRACON& Tower with Radar,197,404,57,7,665,0,0,6,0,6,197,404,63,7,671,0,0,0,671
09/14/2005,MKE,WI,AGL,CE,Combined TRACON& Tower with Radar,200,401,52,8,661,0,0,19,1,20,200,401,71,9,681,0,0,0,681
09/15/2005,MKE,WI,AGL,CE,Combined TRACON& Tower with Radar,208,405,81,12,706,0,5,17,0,22,208,410,98,12,728,0,0,0,728
09/16/2005,MKE,WI,AGL,CE,Combined TRACON& Tower with Radar,204,388,59,5,656,0,2,21,0,23,204,390,80,5,679,0,0,0,679
09/17/2005,MKE,WI,AGL,CE,Combined TRACON& Tower with Radar,148,214,17,1,380,0,2,19,0,21,148,216,36,1,401,0,0,0,401
09/18/2005,MKE,WI,AGL,CE,Combined TRACON& Tower with Radar,166,242,45,2,455,0,3,20,0,23,166,245,65,2,478,0,0,0,478
09/19/2005,MKE,WI,AGL,CE,Combined TRACON& Tower with Radar,191,374,47,9,621,0,0,2,0,2,191,374,49,9,623,0,0,0,623
09/20/2005,MKE,WI,AGL,CE,Combined TRACON& Tower with Radar,205,424,59,10,698,0,0,31,0,31,205,424,90,10,729,0,0,0,729
09/21/2005,MKE,WI,AGL,CE,Combined TRACON& Tower with Radar,202,408,52,12,674,0,2,21,0,23,202,410,73,12,697,0,0,0,697
09/22/2005,MKE,WI,AGL,CE,Combined TRACON& Tower with Radar,207,397,67,7,678,0,1,2,0,3,207,398,69,7,681,0,0,0,681
09/23/2005,MKE,WI,AGL,CE,Combined TRACON& Tower with Radar,191,407,60,3,661,0,4,27,0,31,191,411,87,3,692,0,0,0,692
09/24/2005,MKE,WI,AGL,CE,Combined TRACON& Tower with Radar,147,195,17,1,360,0,0,11,0,11,147,195,28,1,371,0,0,0,371
09/25/2005,MKE,WI,AGL,CE,Combined TRACON& Tower with Radar,175,233,36,0,444,0,0,0,0,0,175,233,36,0,444,0,0,0,444
09/26/2005,MKE,WI,AGL,CE,Combined TRACON& Tower with Radar,186,382,60,3,631,0,3,10,0,13,186,385,70,3,644,0,0,0,644
09/27/2005,MKE,WI,AGL,CE,Combined TRACON& Tower with Radar,200,412,72,1,685,0,8,24,1,33,200,420,96,2,718,0,0,0,718
09/28/2005,MKE,WI,AGL,CE,Combined TRACON& Tower with Radar,200,418,62,1,681,0,5,13,0,18,200,423,75,1,699,0,0,0,699
09/29/2005,MKE,WI,AGL,CE,Combined TRACON& Tower with Radar,202,416,65,4,687,0,6,29,0,35,202,422,94,4,722,0,0,0,722
09/30/2005,MKE,WI,AGL,CE,Combined TRACON& Tower with Radar,204,397,53,4,658,0,3,29,0,32,204,400,82,4,690,0,0,0,690
10/01/2005,MKE,WI,AGL,CE,Combined TRACON& Tower with Radar,100,154,6,1,261,0,0,7,0,7,100,154,13,1,268,0,0,0,268
10/02/2005,MKE,WI,AGL,CE,Combined TRACON& Tower with Radar,175,246,28,4,453,0,0,17,0,17,175,246,45,4,470,0,0,0,470
10/03/2005,MKE,WI,AGL,CE,Combined TRACON& Tower with Radar,186,365,40,15,606,0,2,12,2,16,186,367,52,17,622,0,0,0,622
10/04/2005,MKE,WI,AGL,CE,Combined TRACON& Tower with Radar,218,401,54,12,685,0,1,26,0,27,218,402,80,12,712,0,0,0,712
10/05/2005,MKE,WI,AGL,CE,Combined TRACON& Tower with Radar,200,412,70,11,693,0,5,13,0,18,200,417,83,11,711,0,0,0,711
10/06/2005,MKE,WI,AGL,CE,Combined TRACON& Tower with Radar,205,416,69,14,704,0,6,14,0,20,205,422,83,14,724,0,0,0,724
10/07/2005,MKE,WI,AGL,CE,Combined TRACON& Tower with Radar,201,390,49,6,646,0,2,20,0,22,201,392,69,6,668,0,0,0,668
10/08/2005,MKE,WI,AGL,CE,Combined TRACON& Tower with Radar,160,205,13,0,378,0,2,12,0,14,160,207,25,0,392,0,0,0,392
10/09/2005,MKE,WI,AGL,CE,Combined TRACON& Tower with Radar,160,248,31,2,441,0,0,13,0,13,160,248,44,2,454,0,0,0,454
10/10/2005,MKE,WI,AGL,CE,Combined TRACON& Tower with Radar,188,378,28,1,595,0,0,24,0,24,188,378,52,1,619,0,0,0,619
10/11/2005,MKE,WI,AGL,CE,Combined TRACON& Tower with Radar,204,389,48,14,655,0,1,12,0,13,204,390,60,14,668,0,0,0,668
10/12/2005,MKE,WI,AGL,CE,Combined TRACON& Tower with Radar,191,411,61,15,678,0,0,3,0,3,191,411,64,15,681,0,0,0,681
10/13/2005,MKE,WI,AGL,CE,Combined TRACON& Tower with Radar,193,429,59,16,697,0,2,8,0,10,193,431,67,16,707,0,0,0,707
10/14/2005,MKE,WI,AGL,CE,Combined TRACON& Tower with Radar,205,390,56,7,658,0,2,31,0,33,205,392,87,7,691,0,0,0,691
10/15/2005,MKE,WI,AGL,CE,Combined TRACON& Tower with Radar,157,208,24,2,391,0,6,18,0,24,157,214,42,2,415,0,0,0,415
10/16/2005,MKE,WI,AGL,CE,Combined TRACON& Tower with Radar,162,239,13,0,414,0,6,29,0,35,162,245,42,0,449,4,0,4,453
10/17/2005,MKE,WI,AGL,CE,Combined TRACON& Tower with Radar,190,368,44,13,615,0,5,12,0,17,190,373,56,13,632,0,0,0,632
10/18/2005,MKE,WI,AGL,CE,Combined TRACON& Tower with Radar,201,400,73,14,688,0,4,29,2,35,201,404,102,16,723,0,0,0,723
10/19/2005,MKE,WI,AGL,CE,Combined TRACON& Tower with Radar,206,401,72,12,691,0,4,13,0,17,206,405,85,12,708,0,0,0,708
10/20/2005,MKE,WI,AGL,CE,Combined TRACON& Tower with Radar,205,404,51,10,670,0,4,8,0,12,205,408,59,10,682,0,0,0,682
10/21/2005,MKE,WI,AGL,CE,Combined TRACON& Tower with Radar,199,387,44,11,641,0,0,25,0,25,199,387,69,11,666,0,0,0,666
10/22/2005,MKE,WI,AGL,CE,Combined TRACON& Tower with Radar,162,203,16,1,382,0,0,3,0,3,162,203,19,1,385,0,0,0,385
10/23/2005,MKE,WI,AGL,CE,Combined TRACON& Tower with Radar,164,252,19,2,437,0,1,3,0,4,164,253,22,2,441,0,0,0,441
10/24/2005,MKE,WI,AGL,CE,Combined TRACON& Tower with Radar,182,368,53,9,612,0,0,7,0,7,182,368,60,9,619,0,0,0,619
10/25/2005,MKE,WI,AGL,CE,Combined TRACON& Tower with Radar,196,400,61,13,670,0,6,12,0,18,196,406,73,13,688,24,0,24,712
10/26/2005,MKE,WI,AGL,CE,Combined TRACON& Tower with Radar,199,409,66,12,686,0,2,18,0,20,199,411,84,12,706,0,0,0,706
10/27/2005,MKE,WI,AGL,CE,Combined TRACON& Tower with Radar,205,402,56,15,678,0,3,27,0,30,205,405,83,15,708,0,0,0,708
10/28/2005,MKE,WI,AGL,CE,Combined TRACON& Tower with Radar,204,402,43,3,652,0,1,26,0,27,204,403,69,3,679,0,0,0,679
10/29/2005,MKE,WI,AGL,CE,Combined TRACON& Tower with Radar,151,200,15,4,370,0,2,19,0,21,151,202,34,4,391,8,0,8,399
10/30/2005,MKE,WI,AGL,CE,Combined TRACON& Tower with Radar,169,233,27,3,432,0,2,13,0,15,169,235,40,3,447,0,0,0,447
10/31/2005,MKE,WI,AGL,CE,Combined TRACON& Tower with Radar,197,344,30,11,582,0,1,8,0,9,197,345,38,11,591,0,0,0,591
11/01/2005,MKE,WI,AGL,CE,Combined TRACON& Tower with Radar,208,368,67,18,661,0,2,15,4,21,208,370,82,22,682,0,0,0,682
11/02/2005,MKE,WI,AGL,CE,Combined TRACON& Tower with Radar,200,366,56,19,641,0,2,32,1,35,200,368,88,20,676,0,0,0,676
11/03/2005,MKE,WI,AGL,CE,Combined TRACON& Tower with Radar,210,369,53,16,648,0,8,30,0,38,210,377,83,16,686,0,0,0,686
11/04/2005,MKE,WI,AGL,CE,Combined TRACON& Tower with Radar,206,374,62,2,644,0,0,42,0,42,206,374,104,2,686,0,0,0,686
11/05/2005,MKE,WI,AGL,CE,Combined TRACON& Tower with Radar,160,181,18,6,365,0,0,3,3,6,160,181,21,9,371,0,0,0,371
11/06/2005,MKE,WI,AGL,CE,Combined TRACON& Tower with Radar,165,216,20,5,406,0,1,11,0,12,165,217,31,5,418,0,0,0,418
11/07/2005,MKE,WI,AGL,CE,Combined TRACON& Tower with Radar,196,336,50,14,596,0,2,14,0,16,196,338,64,14,612,0,0,0,612
11/08/2005,MKE,WI,AGL,CE,Combined TRACON& Tower with Radar,206,364,84,13,667,0,4,21,0,25,206,368,105,13,692,0,0,0,692
11/09/2005,MKE,WI,AGL,CE,Combined TRACON& Tower with Radar,211,372,59,13,655,0,0,9,0,9,211,372,68,13,664,0,0,0,664
11/10/2005,MKE,WI,AGL,CE,Combined TRACON& Tower with Radar,210,386,69,7,672,0,1,23,0,24,210,387,92,7,696,0,0,0,696
11/11/2005,MKE,WI,AGL,CE,Combined TRACON& Tower with Radar,205,349,46,3,603,0,0,28,0,28,205,349,74,3,631,0,0,0,631
11/12/2005,MKE,WI,AGL,CE,Combined TRACON& Tower with Radar,165,180,15,0,360,0,0,15,0,15,165,180,30,0,375,0,0,0,375
11/13/2005,MKE,WI,AGL,CE,Combined TRACON& Tower with Radar,174,222,28,0,424,0,0,2,0,2,174,222,30,0,426,0,0,0,426
11/14/2005,MKE,WI,AGL,CE,Combined TRACON& Tower with Radar,196,341,51,13,601,0,3,14,0,17,196,344,65,13,618,0,0,0,618
11/15/2005,MKE,WI,AGL,CE,Combined TRACON& Tower with Radar,201,364,63,6,634,0,2,0,0,2,201,366,63,6,636,0,0,0,636
11/16/2005,MKE,WI,AGL,CE,Combined TRACON& Tower with Radar,212,374,67,15,668,0,0,2,0,2,212,374,69,15,670,0,0,0,670
11/17/2005,MKE,WI,AGL,CE,Combined TRACON& Tower with Radar,209,391,67,16,683,0,3,23,0,26,209,394,90,16,709,0,0,0,709
11/18/2005,MKE,WI,AGL,CE,Combined TRACON& Tower with Radar,210,362,53,3,628,0,3,13,0,16,210,365,66,3,644,0,0,0,644
11/19/2005,MKE,WI,AGL,CE,Combined TRACON& Tower with Radar,171,178,16,1,366,0,2,8,0,10,171,180,24,1,376,0,0,0,376
11/20/2005,MKE,WI,AGL,CE,Combined TRACON& Tower with Radar,171,223,18,0,412,0,0,3,0,3,171,223,21,0,415,0,0,0,415
11/21/2005,MKE,WI,AGL,CE,Combined TRACON& Tower with Radar,185,331,53,13,582,0,1,9,0,10,185,332,62,13,592,0,0,0,592
11/22/2005,MKE,WI,AGL,CE,Combined TRACON& Tower with Radar,211,361,71,13,656,0,6,17,2,25,211,367,88,15,681,0,0,0,681
11/23/2005,MKE,WI,AGL,CE,Combined TRACON& Tower with Radar,213,372,34,6,625,0,0,0,0,0,213,372,34,6,625,0,0,0,625
11/24/2005,MKE,WI,AGL,CE,Combined TRACON& Tower with Radar,127,173,0,0,300,0,4,5,0,9,127,177,5,0,309,0,0,0,309
11/25/2005,MKE,WI,AGL,CE,Combined TRACON& Tower with Radar,143,186,8,0,337,0,0,6,0,6,143,186,14,0,343,0,0,0,343
11/26/2005,MKE,WI,AGL,CE,Combined TRACON& Tower with Radar,184,294,14,0,492,0,0,18,0,18,184,294,32,0,510,0,0,0,510
11/27/2005,MKE,WI,AGL,CE,Combined TRACON& Tower with Radar,182,263,30,2,477,0,0,0,0,0,182,263,30,2,477,0,0,0,477
11/28/2005,MKE,WI,AGL,CE,Combined TRACON& Tower with Radar,190,326,48,10,574,0,0,3,0,3,190,326,51,10,577,0,0,0,577
11/29/2005,MKE,WI,AGL,CE,Combined TRACON& Tower with Radar,210,354,41,12,617,0,7,9,0,16,210,361,50,12,633,0,0,0,633
11/30/2005,MKE,WI,AGL,CE,Combined TRACON& Tower with Radar,207,377,62,16,662,0,0,15,0,15,207,377,77,16,677,0,0,0,677
12/01/2005,MKE,WI,AGL,CE,Combined TRACON& Tower with Radar,202,386,53,11,652,0,10,8,0,18,202,396,61,11,670,0,0,0,670
12/02/2005,MKE,WI,AGL,CE,Combined TRACON& Tower with Radar,199,373,36,13,621,0,2,16,0,18,199,375,52,13,639,0,0,0,639
12/03/2005,MKE,WI,AGL,CE,Combined TRACON& Tower with Radar,163,196,16,3,378,0,0,15,0,15,163,196,31,3,393,0,0,0,393
12/04/2005,MKE,WI,AGL,CE,Combined TRACON& Tower with Radar,163,231,26,5,425,0,0,9,0,9,163,231,35,5,434,0,0,0,434
12/05/2005,MKE,WI,AGL,CE,Combined TRACON& Tower with Radar,186,343,53,6,588,0,4,9,0,13,186,347,62,6,601,0,0,0,601
12/06/2005,MKE,WI,AGL,CE,Combined TRACON& Tower with Radar,202,362,60,9,633,0,5,8,0,13,202,367,68,9,646,0,0,0,646
12/07/2005,MKE,WI,AGL,CE,Combined TRACON& Tower with Radar,204,355,63,1,623,0,2,20,0,22,204,357,83,1,645,0,0,0,645
12/08/2005,MKE,WI,AGL,CE,Combined TRACON& Tower with Radar,197,360,52,6,615,0,0,8,0,8,197,360,60,6,623,0,0,0,623
12/09/2005,MKE,WI,AGL,CE,Combined TRACON& Tower with Radar,182,360,42,4,588,0,2,18,0,20,182,362,60,4,608,0,0,0,608
12/10/2005,MKE,WI,AGL,CE,Combined TRACON& Tower with Radar,163,189,13,1,366,0,0,2,0,2,163,189,15,1,368,0,0,0,368
12/11/2005,MKE,WI,AGL,CE,Combined TRACON& Tower with Radar,162,230,14,1,407,0,1,0,0,1,162,231,14,1,408,0,0,0,408
12/12/2005,MKE,WI,AGL,CE,Combined TRACON& Tower with Radar,185,350,52,12,599,0,0,16,0,16,185,350,68,12,615,0,0,0,615
12/13/2005,MKE,WI,AGL,CE,Combined TRACON& Tower with Radar,198,374,64,13,649,0,1,16,0,17,198,375,80,13,666,0,0,0,666
12/14/2005,MKE,WI,AGL,CE,Combined TRACON& Tower with Radar,184,357,47,2,590,0,1,0,0,1,184,358,47,2,591,0,0,0,591
12/15/2005,MKE,WI,AGL,CE,Combined TRACON& Tower with Radar,193,370,63,13,639,0,1,1,0,2,193,371,64,13,641,0,0,0,641
12/16/2005,MKE,WI,AGL,CE,Combined TRACON& Tower with Radar,201,396,54,6,657,0,3,5,0,8,201,399,59,6,665,0,0,0,665
12/17/2005,MKE,WI,AGL,CE,Combined TRACON& Tower with Radar,169,183,6,1,359,0,0,22,0,22,169,183,28,1,381,0,0,0,381
12/18/2005,MKE,WI,AGL,CE,Combined TRACON& Tower with Radar,163,225,19,0,407,0,2,2,0,4,163,227,21,0,411,0,0,0,411
12/19/2005,MKE,WI,AGL,CE,Combined TRACON& Tower with Radar,184,355,38,8,585,0,4,16,0,20,184,359,54,8,605,0,0,0,605
12/20/2005,MKE,WI,AGL,CE,Combined TRACON& Tower with Radar,200,394,40,11,645,0,3,29,0,32,200,397,69,11,677,0,0,0,677
12/21/2005,MKE,WI,AGL,CE,Combined TRACON& Tower with Radar,207,390,47,4,648,0,0,8,0,8,207,390,55,4,656,0,0,0,656
12/22/2005,MKE,WI,AGL,CE,Combined TRACON& Tower with Radar,197,393,42,14,646,0,2,18,0,20,197,395,60,14,666,0,0,0,666
12/23/2005,MKE,WI,AGL,CE,Combined TRACON& Tower with Radar,198,376,16,2,592,0,2,11,0,13,198,378,27,2,605,0,0,0,605
12/24/2005,MKE,WI,AGL,CE,Combined TRACON& Tower with Radar,169,200,5,2,376,0,0,0,0,0,169,200,5,2,376,0,0,0,376
12/25/2005,MKE,WI,AGL,CE,Combined TRACON& Tower with Radar,142,192,2,0,336,0,2,0,0,2,142,194,2,0,338,0,0,0,338
12/26/2005,MKE,WI,AGL,CE,Combined TRACON& Tower with Radar,178,308,21,0,507,0,2,10,0,12,178,310,31,0,519,0,0,0,519
12/27/2005,MKE,WI,AGL,CE,Combined TRACON& Tower with Radar,189,317,21,4,531,0,1,0,0,1,189,318,21,4,532,0,0,0,532
12/28/2005,MKE,WI,AGL,CE,Combined TRACON& Tower with Radar,198,346,19,10,573,0,0,2,0,2,198,346,21,10,575,0,0,0,575
12/29/2005,MKE,WI,AGL,CE,Combined TRACON& Tower with Radar,190,370,18,9,587,0,3,9,0,12,190,373,27,9,599,0,0,0,599
12/30/2005,MKE,WI,AGL,CE,Combined TRACON& Tower with Radar,195,351,18,3,567,0,0,4,0,4,195,351,22,3,571,0,0,0,571
12/31/2005,MKE,WI,AGL,CE,Combined TRACON& Tower with Radar,161,195,2,1,359,0,0,0,0,0,161,195,2,1,359,0,0,0,359
01/01/2006,MKE,WI,AGL,CE,Combined TRACON& Tower with Radar,162,212,6,0,380,0,5,7,0,12,162,217,13,0,392,0,0,0,392
01/02/2006,MKE,WI,AGL,CE,Combined TRACON& Tower with Radar,176,293,15,3,487,0,0,0,0,0,176,293,15,3,487,0,0,0,487
01/03/2006,MKE,WI,AGL,CE,Combined TRACON& Tower with Radar,195,334,32,9,570,0,0,0,0,0,195,334,32,9,570,0,0,0,570
01/04/2006,MKE,WI,AGL,CE,Combined TRACON& Tower with Radar,194,360,43,11,608,0,2,5,0,7,194,362,48,11,615,0,0,0,615
01/05/2006,MKE,WI,AGL,CE,Combined TRACON& Tower with Radar,194,356,45,9,604,0,2,15,0,17,194,358,60,9,621,0,0,0,621
01/06/2006,MKE,WI,AGL,CE,Combined TRACON& Tower with Radar,201,343,29,8,581,0,4,15,0,19,201,347,44,8,600,8,0,8,608
01/07/2006,MKE,WI,AGL,CE,Combined TRACON& Tower with Radar,155,178,15,7,355,0,0,12,2,14,155,178,27,9,369,0,0,0,369
01/08/2006,MKE,WI,AGL,CE,Combined TRACON& Tower with Radar,159,220,8,4,391,0,2,4,0,6,159,222,12,4,397,0,0,0,397
01/09/2006,MKE,WI,AGL,CE,Combined TRACON& Tower with Radar,192,327,34,4,557,0,6,13,0,19,192,333,47,4,576,0,0,0,576
01/10/2006,MKE,WI,AGL,CE,Combined TRACON& Tower with Radar,203,336,54,9,602,0,1,19,0,20,203,337,73,9,622,0,0,0,622
01/11/2006,MKE,WI,AGL,CE,Combined TRACON& Tower with Radar,195,344,67,10,616,0,2,8,0,10,195,346,75,10,626,0,0,0,626
01/12/2006,MKE,WI,AGL,CE,Combined TRACON& Tower with Radar,199,350,48,7,604,0,7,29,0,36,199,357,77,7,640,16,0,16,656
01/13/2006,MKE,WI,AGL,CE,Combined TRACON& Tower with Radar,191,332,40,7,570,0,0,6,0,6,191,332,46,7,576,0,0,0,576
01/14/2006,MKE,WI,AGL,CE,Combined TRACON& Tower with Radar,167,169,9,2,347,0,0,28,0,28,167,169,37,2,375,0,0,0,375
01/15/2006,MKE,WI,AGL,CE,Combined TRACON& Tower with Radar,171,218,12,3,404,0,0,9,0,9,171,218,21,3,413,0,0,0,413
01/16/2006,MKE,WI,AGL,CE,Combined TRACON& Tower with Radar,212,370,34,0,616,0,4,4,0,8,212,374,38,0,624,0,0,0,624
01/17/2006,MKE,WI,AGL,CE,Combined TRACON& Tower with Radar,193,332,59,12,596,0,0,0,0,0,193,332,59,12,596,0,0,0,596
01/18/2006,MKE,WI,AGL,CE,Combined TRACON& Tower with Radar,204,342,73,11,630,0,1,19,0,20,204,343,92,11,650,0,0,0,650
01/19/2006,MKE,WI,AGL,CE,Combined TRACON& Tower with Radar,202,359,52,13,626,0,1,20,0,21,202,360,72,13,647,0,0,0,647
01/20/2006,MKE,WI,AGL,CE,Combined TRACON& Tower with Radar,201,329,44,6,580,0,0,0,0,0,201,329,44,6,580,0,0,0,580
01/21/2006,MKE,WI,AGL,CE,Combined TRACON& Tower with Radar,170,174,16,2,362,0,4,17,0,21,170,178,33,2,383,0,0,0,383
01/22/2006,MKE,WI,AGL,CE,Combined TRACON& Tower with Radar,169,206,27,4,406,0,2,5,0,7,169,208,32,4,413,0,0,0,413
01/23/2006,MKE,WI,AGL,CE,Combined TRACON& Tower with Radar,188,327,46,11,572,0,0,14,0,14,188,327,60,11,586,0,0,0,586
01/24/2006,MKE,WI,AGL,CE,Combined TRACON& Tower with Radar,214,353,47,8,622,0,0,3,0,3,214,353,50,8,625,0,0,0,625
01/25/2006,MKE,WI,AGL,CE,Combined TRACON& Tower with Radar,200,339,56,16,611,0,0,18,2,20,200,339,74,18,631,0,0,0,631
01/26/2006,MKE,WI,AGL,CE,Combined TRACON& Tower with Radar,208,340,65,14,627,0,1,21,0,22,208,341,86,14,649,0,0,0,649
01/27/2006,MKE,WI,AGL,CE,Combined TRACON& Tower with Radar,208,342,40,5,595,0,1,9,2,12,208,343,49,7,607,0,0,0,607
01/28/2006,MKE,WI,AGL,CE,Combined TRACON& Tower with Radar,159,166,13,2,340,0,0,9,0,9,159,166,22,2,349,0,0,0,349
01/29/2006,MKE,WI,AGL,CE,Combined TRACON& Tower with Radar,169,208,17,0,394,0,0,0,0,0,169,208,17,0,394,0,0,0,394
01/30/2006,MKE,WI,AGL,CE,Combined TRACON& Tower with Radar,186,318,36,10,550,0,1,0,0,1,186,319,36,10,551,0,0,0,551
01/31/2006,MKE,WI,AGL,CE,Combined TRACON& Tower with Radar,206,337,46,9,598,0,9,17,0,26,206,346,63,9,624,0,0,0,624
02/01/2006,MKE,WI,AGL,CE,Combined TRACON& Tower with Radar,206,348,53,12,619,0,2,10,0,12,206,350,63,12,631,0,0,0,631
02/02/2006,MKE,WI,AGL,CE,Combined TRACON& Tower with Radar,199,361,48,10,618,0,4,19,0,23,199,365,67,10,641,0,0,0,641
02/03/2006,MKE,WI,AGL,CE,Combined TRACON& Tower with Radar,202,346,50,9,607,0,0,7,0,7,202,346,57,9,614,0,0,0,614
02/04/2006,MKE,WI,AGL,CE,Combined TRACON& Tower with Radar,158,164,11,9,342,0,0,4,0,4,158,164,15,9,346,0,0,0,346
02/05/2006,MKE,WI,AGL,CE,Combined TRACON& Tower with Radar,167,215,20,9,411,0,1,24,2,27,167,216,44,11,438,0,0,0,438
02/06/2006,MKE,WI,AGL,CE,Combined TRACON& Tower with Radar,190,316,30,8,544,0,0,16,0,16,190,316,46,8,560,0,0,0,560
02/07/2006,MKE,WI,AGL,CE,Combined TRACON& Tower with Radar,207,342,58,9,616,0,2,21,1,24,207,344,79,10,640,0,0,0,640
02/08/2006,MKE,WI,AGL,CE,Combined TRACON& Tower with Radar,200,339,53,10,602,0,5,9,0,14,200,344,62,10,616,0,0,0,616
02/09/2006,MKE,WI,AGL,CE,Combined TRACON& Tower with Radar,218,355,41,9,623,0,4,7,0,11,218,359,48,9,634,0,0,0,634
02/10/2006,MKE,WI,AGL,CE,Combined TRACON& Tower with Radar,206,345,75,8,634,0,0,0,1,1,206,345,75,9,635,0,0,0,635
02/11/2006,MKE,WI,AGL,CE,Combined TRACON& Tower with Radar,163,162,13,0,338,0,2,0,0,2,163,164,13,0,340,0,0,0,340
02/12/2006,MKE,WI,AGL,CE,Combined TRACON& Tower with Radar,146,199,18,0,363,0,1,10,0,11,146,200,28,0,374,0,0,0,374
02/13/2006,MKE,WI,AGL,CE,Combined TRACON& Tower with Radar,194,332,42,17,585,0,1,12,2,15,194,333,54,19,600,0,0,0,600
02/14/2006,MKE,WI,AGL,CE,Combined TRACON& Tower with Radar,206,344,36,15,601,0,3,15,2,20,206,347,51,17,621,0,0,0,621
02/15/2006,MKE,WI,AGL,CE,Combined TRACON& Tower with Radar,211,345,40,12,608,2,1,15,0,18,213,346,55,12,626,0,0,0,626
02/16/2006,MKE,WI,AGL,CE,Combined TRACON& Tower with Radar,192,301,40,1,534,0,0,2,0,2,192,301,42,1,536,0,0,0,536
02/17/2006,MKE,WI,AGL,CE,Combined TRACON& Tower with Radar,205,354,30,6,595,0,3,7,1,11,205,357,37,7,606,0,0,0,606
02/18/2006,MKE,WI,AGL,CE,Combined TRACON& Tower with Radar,169,170,7,0,346,0,1,14,0,15,169,171,21,0,361,0,0,0,361
02/19/2006,MKE,WI,AGL,CE,Combined TRACON& Tower with Radar,175,209,13,0,397,0,0,3,0,3,175,209,16,0,400,0,0,0,400
02/20/2006,MKE,WI,AGL,CE,Combined TRACON& Tower with Radar,201,319,32,0,552,0,5,7,0,12,201,324,39,0,564,0,0,0,564
02/21/2006,MKE,WI,AGL,CE,Combined TRACON& Tower with Radar,202,355,46,13,616,0,4,17,0,21,202,359,63,13,637,0,0,0,637
02/22/2006,MKE,WI,AGL,CE,Combined TRACON& Tower with Radar,203,345,53,14,615,0,4,19,0,23,203,349,72,14,638,0,0,0,638
02/23/2006,MKE,WI,AGL,CE,Combined TRACON& Tower with Radar,207,355,53,17,632,0,7,13,0,20,207,362,66,17,652,0,0,0,652
02/24/2006,MKE,WI,AGL,CE,Combined TRACON& Tower with Radar,204,350,52,5,611,0,5,12,0,17,204,355,64,5,628,0,0,0,628
02/25/2006,MKE,WI,AGL,CE,Combined TRACON& Tower with Radar,170,175,16,0,361,0,0,19,0,19,170,175,35,0,380,0,0,0,380
02/26/2006,MKE,WI,AGL,CE,Combined TRACON& Tower with Radar,175,216,24,1,416,0,3,13,0,16,175,219,37,1,432,0,0,0,432
02/27/2006,MKE,WI,AGL,CE,Combined TRACON& Tower with Radar,196,330,47,10,583,0,3,10,0,13,196,333,57,10,596,0,0,0,596
02/28/2006,MKE,WI,AGL,CE,Combined TRACON& Tower with Radar,214,350,52,10,626,0,4,20,0,24,214,354,72,10,650,0,0,0,650
03/01/2006,MKE,WI,AGL,CE,Combined TRACON& Tower with Radar,207,355,45,4,611,0,4,11,0,15,207,359,56,4,626,0,0,0,626
03/02/2006,MKE,WI,AGL,CE,Combined TRACON& Tower with Radar,201,343,50,4,598,0,0,3,0,3,201,343,53,4,601,0,0,0,601
03/03/2006,MKE,WI,AGL,CE,Combined TRACON& Tower with Radar,218,343,37,5,603,0,5,19,0,24,218,348,56,5,627,0,0,0,627
03/04/2006,MKE,WI,AGL,CE,Combined TRACON& Tower with Radar,171,171,13,3,358,0,3,22,0,25,171,174,35,3,383,0,0,0,383
03/05/2006,MKE,WI,AGL,CE,Combined TRACON& Tower with Radar,184,203,32,2,421,0,2,2,0,4,184,205,34,2,425,0,0,0,425
03/06/2006,MKE,WI,AGL,CE,Combined TRACON& Tower with Radar,207,319,42,4,572,0,2,0,0,2,207,321,42,4,574,0,0,0,574
03/07/2006,MKE,WI,AGL,CE,Combined TRACON& Tower with Radar,218,352,48,10,628,0,0,11,0,11,218,352,59,10,639,0,0,0,639
03/08/2006,MKE,WI,AGL,CE,Combined TRACON& Tower with Radar,212,347,48,12,619,0,3,15,0,18,212,350,63,12,637,0,0,0,637
03/09/2006,MKE,WI,AGL,CE,Combined TRACON& Tower with Radar,193,224,47,0,464,0,0,0,0,0,193,224,47,0,464,0,0,0,464
03/10/2006,MKE,WI,AGL,CE,Combined TRACON& Tower with Radar,210,339,42,5,596,0,2,13,0,15,210,341,55,5,611,0,0,0,611
03/11/2006,MKE,WI,AGL,CE,Combined TRACON& Tower with Radar,177,171,10,0,358,0,0,14,0,14,177,171,24,0,372,0,0,0,372
03/12/2006,MKE,WI,AGL,CE,Combined TRACON& Tower with Radar,189,203,16,0,408,0,2,12,0,14,189,205,28,0,422,0,0,0,422
03/13/2006,MKE,WI,AGL,CE,Combined TRACON& Tower with Radar,188,285,41,6,520,0,1,2,0,3,188,286,43,6,523,0,0,0,523
03/14/2006,MKE,WI,AGL,CE,Combined TRACON& Tower with Radar,215,357,52,11,635,0,0,13,0,13,215,357,65,11,648,0,0,0,648
03/15/2006,MKE,WI,AGL,CE,Combined TRACON& Tower with Radar,213,354,47,6,620,0,0,23,0,23,213,354,70,6,643,0,0,0,643
03/16/2006,MKE,WI,AGL,CE,Combined TRACON& Tower with Radar,203,345,43,0,591,0,1,5,0,6,203,346,48,0,597,0,0,0,597
03/17/2006,MKE,WI,AGL,CE,Combined TRACON& Tower with Radar,212,340,49,8,609,0,4,16,0,20,212,344,65,8,629,0,0,0,629
03/18/2006,MKE,WI,AGL,CE,Combined TRACON& Tower with Radar,178,171,8,5,362,0,0,17,0,17,178,171,25,5,379,0,0,0,379
03/19/2006,MKE,WI,AGL,CE,Combined TRACON& Tower with Radar,174,201,31,4,410,0,1,28,0,29,174,202,59,4,439,0,0,0,439
03/20/2006,MKE,WI,AGL,CE,Combined TRACON& Tower with Radar,205,313,42,2,562,0,2,11,0,13,205,315,53,2,575,0,0,0,575
03/21/2006,MKE,WI,AGL,CE,Combined TRACON& Tower with Radar,211,342,61,7,621,0,0,7,0,7,211,342,68,7,628,0,0,0,628
03/22/2006,MKE,WI,AGL,CE,Combined TRACON& Tower with Radar,212,356,54,5,627,0,2,19,0,21,212,358,73,5,648,0,0,0,648
03/23/2006,MKE,WI,AGL,CE,Combined TRACON& Tower with Radar,210,333,45,7,595,0,2,7,0,9,210,335,52,7,604,0,0,0,604
03/24/2006,MKE,WI,AGL,CE,Combined TRACON& Tower with Radar,207,338,42,0,587,0,4,6,0,10,207,342,48,0,597,0,0,0,597
03/25/2006,MKE,WI,AGL,CE,Combined TRACON& Tower with Radar,180,173,17,3,373,0,6,7,0,13,180,179,24,3,386,0,0,0,386
03/26/2006,MKE,WI,AGL,CE,Combined TRACON& Tower with Radar,174,211,25,0,410,0,1,19,0,20,174,212,44,0,430,0,0,0,430
03/27/2006,MKE,WI,AGL,CE,Combined TRACON& Tower with Radar,194,324,44,10,572,0,3,14,0,17,194,327,58,10,589,0,0,0,589
03/28/2006,MKE,WI,AGL,CE,Combined TRACON& Tower with Radar,217,343,43,19,622,0,1,8,0,9,217,344,51,19,631,0,0,0,631
03/29/2006,MKE,WI,AGL,CE,Combined TRACON& Tower with Radar,214,356,47,9,626,0,1,16,0,17,214,357,63,9,643,0,0,0,643
03/30/2006,MKE,WI,AGL,CE,Combined TRACON& Tower with Radar,166,290,53,3,512,0,3,19,1,23,166,293,72,4,535,0,0,0,535
03/31/2006,MKE,WI,AGL,CE,Combined TRACON& Tower with Radar,208,337,40,4,589,0,1,12,0,13,208,338,52,4,602,0,0,0,602
04/01/2006,MKE,WI,AGL,CE,Combined TRACON& Tower with Radar,188,163,35,1,387,0,2,12,0,14,188,165,47,1,401,0,0,0,401
04/02/2006,MKE,WI,AGL,CE,Combined TRACON& Tower with Radar,190,197,17,1,405,0,0,0,0,0,190,197,17,1,405,0,0,0,405
04/03/2006,MKE,WI,AGL,CE,Combined TRACON& Tower with Radar,207,317,38,8,570,0,2,8,0,10,207,319,46,8,580,0,0,0,580
04/04/2006,MKE,WI,AGL,CE,Combined TRACON& Tower with Radar,216,362,68,6,652,0,3,17,0,20,216,365,85,6,672,0,0,0,672
04/05/2006,MKE,WI,AGL,CE,Combined TRACON& Tower with Radar,217,363,52,8,640,0,3,27,0,30,217,366,79,8,670,0,0,0,670
04/06/2006,MKE,WI,AGL,CE,Combined TRACON& Tower with Radar,218,366,52,10,646,0,2,10,0,12,218,368,62,10,658,0,0,0,658
04/07/2006,MKE,WI,AGL,CE,Combined TRACON& Tower with Radar,202,330,44,10,586,0,0,4,0,4,202,330,48,10,590,0,0,0,590
04/08/2006,MKE,WI,AGL,CE,Combined TRACON& Tower with Radar,177,183,35,6,401,0,4,23,0,27,177,187,58,6,428,0,0,0,428
04/09/2006,MKE,WI,AGL,CE,Combined TRACON& Tower with Radar,187,203,28,3,421,0,3,28,0,31,187,206,56,3,452,0,0,0,452
04/10/2006,MKE,WI,AGL,CE,Combined TRACON& Tower with Radar,208,334,48,4,594,0,4,18,0,22,208,338,66,4,616,0,0,0,616
04/11/2006,MKE,WI,AGL,CE,Combined TRACON& Tower with Radar,209,349,54,10,622,0,0,18,0,18,209,349,72,10,640,0,0,0,640
04/12/2006,MKE,WI,AGL,CE,Combined TRACON& Tower with Radar,214,344,43,9,610,0,0,16,0,16,214,344,59,9,626,0,0,0,626
04/13/2006,MKE,WI,AGL,CE,Combined TRACON& Tower with Radar,209,362,39,10,620,0,5,23,1,29,209,367,62,11,649,0,0,0,649
04/14/2006,MKE,WI,AGL,CE,Combined TRACON& Tower with Radar,218,341,29,4,592,0,2,25,0,27,218,343,54,4,619,0,0,0,619
04/15/2006,MKE,WI,AGL,CE,Combined TRACON& Tower with Radar,176,174,14,2,366,0,2,25,0,27,176,176,39,2,393,0,0,0,393
04/16/2006,MKE,WI,AGL,CE,Combined TRACON& Tower with Radar,186,207,7,1,401,0,2,0,0,2,186,209,7,1,403,0,0,0,403
04/17/2006,MKE,WI,AGL,CE,Combined TRACON& Tower with Radar,204,323,49,10,586,0,1,23,0,24,204,324,72,10,610,0,0,0,610
04/18/2006,MKE,WI,AGL,CE,Combined TRACON& Tower with Radar,208,363,50,16,637,0,5,33,0,38,208,368,83,16,675,0,0,0,675
04/19/2006,MKE,WI,AGL,CE,Combined TRACON& Tower with Radar,212,356,49,16,633,0,1,16,0,17,212,357,65,16,650,0,0,0,650
04/20/2006,MKE,WI,AGL,CE,Combined TRACON& Tower with Radar,217,353,42,14,626,0,2,24,0,26,217,355,66,14,652,0,0,0,652
04/21/2006,MKE,WI,AGL,CE,Combined TRACON& Tower with Radar,214,335,53,4,606,0,1,20,0,21,214,336,73,4,627,0,0,0,627
04/22/2006,MKE,WI,AGL,CE,Combined TRACON& Tower with Radar,177,175,10,3,365,0,3,14,0,17,177,178,24,3,382,0,0,0,382
04/23/2006,MKE,WI,AGL,CE,Combined TRACON& Tower with Radar,184,213,43,1,441,0,0,6,0,6,184,213,49,1,447,0,0,0,447
04/24/2006,MKE,WI,AGL,CE,Combined TRACON& Tower with Radar,199,333,53,9,594,0,1,13,0,14,199,334,66,9,608,0,0,0,608
04/25/2006,MKE,WI,AGL,CE,Combined TRACON& Tower with Radar,209,353,49,12,623,0,4,17,0,21,209,357,66,12,644,0,0,0,644
04/26/2006,MKE,WI,AGL,CE,Combined TRACON& Tower with Radar,216,368,54,10,648,0,4,30,0,34,216,372,84,10,682,0,0,0,682
04/27/2006,MKE,WI,AGL,CE,Combined TRACON& Tower with Radar,226,406,68,11,711,0,2,30,0,32,226,408,98,11,743,0,0,0,743
04/28/2006,MKE,WI,AGL,CE,Combined TRACON& Tower with Radar,204,343,71,4,622,0,3,26,0,29,204,346,97,4,651,0,0,0,651
04/29/2006,MKE,WI,AGL,CE,Combined TRACON& Tower with Radar,165,172,27,0,364,0,4,18,0,22,165,176,45,0,386,0,0,0,386
04/30/2006,MKE,WI,AGL,CE,Combined TRACON& Tower with Radar,170,206,22,0,398,0,0,0,0,0,170,206,22,0,398,0,0,0,398
05/01/2006,MKE,WI,AGL,CE,Combined TRACON& Tower with Radar,189,319,37,7,552,0,3,13,0,16,189,322,50,7,568,0,0,0,568
05/02/2006,MKE,WI,AGL,CE,Combined TRACON& Tower with Radar,205,352,46,9,612,1,2,16,0,19,206,354,62,9,631,0,0,0,631
05/03/2006,MKE,WI,AGL,CE,Combined TRACON& Tower with Radar,208,354,60,11,633,0,4,27,0,31,208,358,87,11,664,0,0,0,664
05/04/2006,MKE,WI,AGL,CE,Combined TRACON& Tower with Radar,195,361,49,14,619,0,5,33,0,38,195,366,82,14,657,0,0,0,657
05/05/2006,MKE,WI,AGL,CE,Combined TRACON& Tower with Radar,194,351,43,4,592,0,2,9,0,11,194,353,52,4,603,0,0,0,603
05/06/2006,MKE,WI,AGL,CE,Combined TRACON& Tower with Radar,150,170,21,2,343,0,4,19,0,23,150,174,40,2,366,0,0,0,366
05/07/2006,MKE,WI,AGL,CE,Combined TRACON& Tower with Radar,160,211,16,5,392,0,3,18,0,21,160,214,34,5,413,0,0,0,413
05/08/2006,MKE,WI,AGL,CE,Combined TRACON& Tower with Radar,182,319,37,11,549,0,2,13,0,15,182,321,50,11,564,0,0,0,564
05/09/2006,MKE,WI,AGL,CE,Combined TRACON& Tower with Radar,196,358,44,8,606,0,3,11,0,14,196,361,55,8,620,0,0,0,620
05/10/2006,MKE,WI,AGL,CE,Combined TRACON& Tower with Radar,197,360,67,12,636,0,3,19,0,22,197,363,86,12,658,0,0,0,658
05/11/2006,MKE,WI,AGL,CE,Combined TRACON& Tower with Radar,200,350,47,0,597,0,0,2,0,2,200,350,49,0,599,0,0,0,599
05/12/2006,MKE,WI,AGL,CE,Combined TRACON& Tower with Radar,195,360,53,10,618,0,0,7,0,7,195,360,60,10,625,0,0,0,625
05/13/2006,MKE,WI,AGL,CE,Combined TRACON& Tower with Radar,151,172,23,2,348,0,0,0,0,0,151,172,23,2,348,0,0,0,348
05/14/2006,MKE,WI,AGL,CE,Combined TRACON& Tower with Radar,163,210,20,2,395,0,0,0,0,0,163,210,20,2,395,0,0,0,395
05/15/2006,MKE,WI,AGL,CE,Combined TRACON& Tower with Radar,187,332,48,6,573,0,1,4,0,5,187,333,52,6,578,0,0,0,578
05/16/2006,MKE,WI,AGL,CE,Combined TRACON& Tower with Radar,191,347,53,8,599,0,0,15,0,15,191,347,68,8,614,0,0,0,614
05/17/2006,MKE,WI,AGL,CE,Combined TRACON& Tower with Radar,195,343,53,12,603,0,2,22,0,24,195,345,75,12,627,0,0,0,627
05/18/2006,MKE,WI,AGL,CE,Combined TRACON& Tower with Radar,205,373,65,7,650,0,3,12,0,15,205,376,77,7,665,0,0,0,665
05/19/2006,MKE,WI,AGL,CE,Combined TRACON& Tower with Radar,195,339,44,7,585,0,5,26,0,31,195,344,70,7,616,0,0,0,616
05/20/2006,MKE,WI,AGL,CE,Combined TRACON& Tower with Radar,151,177,19,3,350,0,2,23,0,25,151,179,42,3,375,0,0,0,375
05/21/2006,MKE,WI,AGL,CE,Combined TRACON& Tower with Radar,162,220,33,0,415,0,0,19,0,19,162,220,52,0,434,0,0,0,434
05/22/2006,MKE,WI,AGL,CE,Combined TRACON& Tower with Radar,181,324,38,5,548,0,2,32,0,34,181,326,70,5,582,0,0,0,582
05/23/2006,MKE,WI,AGL,CE,Combined TRACON& Tower with Radar,195,351,42,13,601,0,2,31,0,33,195,353,73,13,634,0,0,0,634
05/24/2006,MKE,WI,AGL,CE,Combined TRACON& Tower with Radar,199,349,60,9,617,0,4,13,0,17,199,353,73,9,634,0,0,0,634
05/25/2006,MKE,WI,AGL,CE,Combined TRACON& Tower with Radar,212,363,76,7,658,0,3,10,0,13,212,366,86,7,671,0,0,0,671
05/26/2006,MKE,WI,AGL,CE,Combined TRACON& Tower with Radar,200,345,48,7,600,0,1,21,0,22,200,346,69,7,622,0,0,0,622
05/27/2006,MKE,WI,AGL,CE,Combined TRACON& Tower with Radar,145,169,8,0,322,0,0,24,0,24,145,169,32,0,346,0,0,0,346
05/28/2006,MKE,WI,AGL,CE,Combined TRACON& Tower with Radar,140,182,12,1,335,0,2,16,0,18,140,184,28,1,353,0,0,0,353
05/29/2006,MKE,WI,AGL,CE,Combined TRACON& Tower with Radar,198,269,15,1,483,0,2,20,0,22,198,271,35,1,505,0,0,0,505
05/30/2006,MKE,WI,AGL,CE,Combined TRACON& Tower with Radar,190,332,62,5,589,0,2,13,0,15,190,334,75,5,604,0,0,0,604
05/31/2006,MKE,WI,AGL,CE,Combined TRACON& Tower with Radar,209,364,52,11,636,0,1,17,0,18,209,365,69,11,654,0,0,0,654
06/01/2006,MKE,WI,AGL,CE,Combined TRACON& Tower with Radar,206,357,71,11,645,0,7,18,0,25,206,364,89,11,670,0,0,0,670
06/02/2006,MKE,WI,AGL,CE,Combined TRACON& Tower with Radar,195,351,43,12,601,0,2,25,0,27,195,353,68,12,628,0,0,0,628
06/03/2006,MKE,WI,AGL,CE,Combined TRACON& Tower with Radar,160,176,16,7,359,0,2,23,0,25,160,178,39,7,384,0,0,0,384
06/04/2006,MKE,WI,AGL,CE,Combined TRACON& Tower with Radar,172,213,42,9,436,0,3,23,0,26,172,216,65,9,462,0,0,0,462
06/05/2006,MKE,WI,AGL,CE,Combined TRACON& Tower with Radar,195,321,56,6,578,0,5,18,0,23,195,326,74,6,601,0,0,0,601
06/06/2006,MKE,WI,AGL,CE,Combined TRACON& Tower with Radar,203,356,59,8,626,0,2,14,0,16,203,358,73,8,642,0,0,0,642
06/07/2006,MKE,WI,AGL,CE,Combined TRACON& Tower with Radar,201,379,65,12,657,0,4,18,1,23,201,383,83,13,680,0,0,0,680
06/08/2006,MKE,WI,AGL,CE,Combined TRACON& Tower with Radar,210,369,62,11,652,0,2,37,0,39,210,371,99,11,691,0,0,0,691
06/09/2006,MKE,WI,AGL,CE,Combined TRACON& Tower with Radar,202,354,45,6,607,0,4,16,0,20,202,358,61,6,627,0,0,0,627
06/10/2006,MKE,WI,AGL,CE,Combined TRACON& Tower with Radar,157,187,11,5,360,0,1,12,0,13,157,188,23,5,373,0,0,0,373
06/11/2006,MKE,WI,AGL,CE,Combined TRACON& Tower with Radar,169,226,25,4,424,0,1,21,0,22,169,227,46,4,446,0,0,0,446
06/12/2006,MKE,WI,AGL,CE,Combined TRACON& Tower with Radar,195,329,50,7,581,0,5,24,1,30,195,334,74,8,611,0,0,0,611
06/13/2006,MKE,WI,AGL,CE,Combined TRACON& Tower with Radar,207,349,50,16,622,0,5,16,0,21,207,354,66,16,643,0,0,0,643
06/14/2006,MKE,WI,AGL,CE,Combined TRACON& Tower with Radar,206,376,53,8,643,0,3,18,0,21,206,379,71,8,664,0,0,0,664
06/15/2006,MKE,WI,AGL,CE,Combined TRACON& Tower with Radar,207,362,50,10,629,0,4,22,0,26,207,366,72,10,655,0,0,0,655
06/16/2006,MKE,WI,AGL,CE,Combined TRACON& Tower with Radar,201,361,51,5,618,0,3,12,1,16,201,364,63,6,634,0,0,0,634
06/17/2006,MKE,WI,AGL,CE,Combined TRACON& Tower with Radar,160,185,11,5,361,0,1,19,0,20,160,186,30,5,381,0,0,0,381
06/18/2006,MKE,WI,AGL,CE,Combined TRACON& Tower with Radar,169,222,33,0,424,0,0,5,0,5,169,222,38,0,429,0,0,0,429
06/19/2006,MKE,WI,AGL,CE,Combined TRACON& Tower with Radar,187,335,50,3,575,0,2,13,0,15,187,337,63,3,590,0,0,0,590
06/20/2006,MKE,WI,AGL,CE,Combined TRACON& Tower with Radar,203,368,82,10,663,0,2,22,0,24,203,370,104,10,687,0,0,0,687
06/21/2006,MKE,WI,AGL,CE,Combined TRACON& Tower with Radar,205,357,57,3,622,0,1,4,0,5,205,358,61,3,627,0,0,0,627
06/22/2006,MKE,WI,AGL,CE,Combined TRACON& Tower with Radar,207,365,95,14,681,0,8,26,0,34,207,373,121,14,715,0,0,0,715
06/23/2006,MKE,WI,AGL,CE,Combined TRACON& Tower with Radar,201,353,62,9,625,0,2,37,2,41,201,355,99,11,666,0,0,0,666
06/24/2006,MKE,WI,AGL,CE,Combined TRACON& Tower with Radar,155,182,28,1,366,0,6,34,0,40,155,188,62,1,406,0,0,0,406
06/25/2006,MKE,WI,AGL,CE,Combined TRACON& Tower with Radar,164,208,30,2,404,0,0,1,0,1,164,208,31,2,405,0,0,0,405
06/26/2006,MKE,WI,AGL,CE,Combined TRACON& Tower with Radar,204,326,38,10,578,0,0,6,0,6,204,326,44,10,584,0,0,0,584
06/27/2006,MKE,WI,AGL,CE,Combined TRACON& Tower with Radar,197,360,46,13,616,0,6,14,0,20,197,366,60,13,636,0,0,0,636
06/28/2006,MKE,WI,AGL,CE,Combined TRACON& Tower with Radar,219,355,80,7,661,0,0,22,3,25,219,355,102,10,686,0,0,0,686
06/29/2006,MKE,WI,AGL,CE,Combined TRACON& Tower with Radar,207,371,57,15,650,1,2,52,0,55,208,373,109,15,705,0,0,0,705
06/30/2006,MKE,WI,AGL,CE,Combined TRACON& Tower with Radar,205,362,59,7,633,0,13,54,0,67,205,375,113,7,700,0,0,0,700
07/01/2006,MKE,WI,AGL,CE,Combined TRACON& Tower with Radar,169,193,18,7,387,0,2,15,0,17,169,195,33,7,404,0,0,0,404
07/02/2006,MKE,WI,AGL,CE,Combined TRACON& Tower with Radar,148,186,11,1,346,0,1,33,0,34,148,187,44,1,380,0,0,0,380
07/03/2006,MKE,WI,AGL,CE,Combined TRACON& Tower with Radar,160,232,8,5,405,0,3,42,0,45,160,235,50,5,450,0,0,0,450
07/04/2006,MKE,WI,AGL,CE,Combined TRACON& Tower with Radar,173,247,10,0,430,0,7,45,1,53,173,254,55,1,483,0,0,0,483
07/05/2006,MKE,WI,AGL,CE,Combined TRACON& Tower with Radar,196,342,49,3,590,0,4,14,1,19,196,346,63,4,609,0,0,0,609
07/06/2006,MKE,WI,AGL,CE,Combined TRACON& Tower with Radar,205,370,37,12,624,0,11,23,0,34,205,381,60,12,658,0,0,0,658
07/07/2006,MKE,WI,AGL,CE,Combined TRACON& Tower with Radar,200,362,28,10,600,0,10,44,0,54,200,372,72,10,654,0,0,0,654
07/08/2006,MKE,WI,AGL,CE,Combined TRACON& Tower with Radar,155,191,20,2,368,0,0,25,2,27,155,191,45,4,395,0,0,0,395
07/09/2006,MKE,WI,AGL,CE,Combined TRACON& Tower with Radar,168,220,25,3,416,0,2,25,0,27,168,222,50,3,443,0,0,0,443
07/10/2006,MKE,WI,AGL,CE,Combined TRACON& Tower with Radar,193,341,40,8,582,0,1,15,1,17,193,342,55,9,599,0,0,0,599
07/11/2006,MKE,WI,AGL,CE,Combined TRACON& Tower with Radar,202,363,63,9,637,0,1,6,0,7,202,364,69,9,644,0,0,0,644
07/12/2006,MKE,WI,AGL,CE,Combined TRACON& Tower with Radar,200,365,42,16,623,0,3,10,4,17,200,368,52,20,640,0,0,0,640
07/13/2006,MKE,WI,AGL,CE,Combined TRACON& Tower with Radar,208,362,48,15,633,0,7,31,17,55,208,369,79,32,688,0,0,0,688
07/14/2006,MKE,WI,AGL,CE,Combined TRACON& Tower with Radar,203,357,30,12,602,0,23,44,7,74,203,380,74,19,676,24,10,34,710
07/15/2006,MKE,WI,AGL,CE,Combined TRACON& Tower with Radar,155,189,16,5,365,0,25,64,2,91,155,214,80,7,456,21,23,44,500
07/16/2006,MKE,WI,AGL,CE,Combined TRACON& Tower with Radar,166,217,24,2,409,0,22,39,4,65,166,239,63,6,474,16,15,31,505
07/17/2006,MKE,WI,AGL,CE,Combined TRACON& Tower with Radar,198,335,51,10,594,0,4,22,2,28,198,339,73,12,622,0,0,0,622
07/18/2006,MKE,WI,AGL,CE,Combined TRACON& Tower with Radar,203,364,48,6,621,0,2,16,0,18,203,366,64,6,639,0,0,0,639
07/19/2006,MKE,WI,AGL,CE,Combined TRACON& Tower with Radar,205,370,46,12,633,0,4,28,0,32,205,374,74,12,665,0,0,0,665
07/20/2006,MKE,WI,AGL,CE,Combined TRACON& Tower with Radar,210,369,49,11,639,0,3,23,0,26,210,372,72,11,665,0,0,0,665
07/21/2006,MKE,WI,AGL,CE,Combined TRACON& Tower with Radar,193,352,61,6,612,0,2,43,0,45,193,354,104,6,657,0,0,0,657
07/22/2006,MKE,WI,AGL,CE,Combined TRACON& Tower with Radar,165,201,23,3,392,0,4,28,0,32,165,205,51,3,424,0,0,0,424
07/23/2006,MKE,WI,AGL,CE,Combined TRACON& Tower with Radar,171,223,40,3,437,0,0,41,0,41,171,223,81,3,478,0,0,0,478
07/24/2006,MKE,WI,AGL,CE,Combined TRACON& Tower with Radar,192,336,46,6,580,0,4,20,0,24,192,340,66,6,604,0,0,0,604
07/25/2006,MKE,WI,AGL,CE,Combined TRACON& Tower with Radar,200,380,81,1,662,0,2,27,2,31,200,382,108,3,693,0,0,0,693
07/26/2006,MKE,WI,AGL,CE,Combined TRACON& Tower with Radar,207,367,95,3,672,0,3,24,0,27,207,370,119,3,699,0,0,0,699
07/27/2006,MKE,WI,AGL,CE,Combined TRACON& Tower with Radar,202,359,84,7,652,0,0,30,0,30,202,359,114,7,682,0,0,0,682
07/28/2006,MKE,WI,AGL,CE,Combined TRACON& Tower with Radar,211,360,53,10,634,0,0,27,0,27,211,360,80,10,661,0,0,0,661
07/29/2006,MKE,WI,AGL,CE,Combined TRACON& Tower with Radar,154,193,20,2,369,0,1,20,0,21,154,194,40,2,390,0,0,0,390
07/30/2006,MKE,WI,AGL,CE,Combined TRACON& Tower with Radar,172,234,36,1,443,0,0,14,0,14,172,234,50,1,457,0,0,0,457
07/31/2006,MKE,WI,AGL,CE,Combined TRACON& Tower with Radar,193,330,48,6,577,0,3,16,0,19,193,333,64,6,596,0,0,0,596
08/01/2006,MKE,WI,AGL,CE,Combined TRACON& Tower with Radar,205,356,37,10,608,0,6,36,0,42,205,362,73,10,650,0,0,0,650
08/02/2006,MKE,WI,AGL,CE,Combined TRACON& Tower with Radar,210,357,49,5,621,0,2,18,0,20,210,359,67,5,641,0,0,0,641
08/03/2006,MKE,WI,AGL,CE,Combined TRACON& Tower with Radar,205,368,58,8,639,0,0,18,0,18,205,368,76,8,657,0,0,0,657
08/04/2006,MKE,WI,AGL,CE,Combined TRACON& Tower with Radar,199,354,36,4,593,0,2,21,0,23,199,356,57,4,616,0,0,0,616
08/05/2006,MKE,WI,AGL,CE,Combined TRACON& Tower with Radar,157,188,9,7,361,0,4,29,0,33,157,192,38,7,394,0,0,0,394
08/06/2006,MKE,WI,AGL,CE,Combined TRACON& Tower with Radar,169,226,23,1,419,0,2,13,0,15,169,228,36,1,434,0,0,0,434
08/07/2006,MKE,WI,AGL,CE,Combined TRACON& Tower with Radar,190,328,48,3,569,0,2,23,0,25,190,330,71,3,594,0,0,0,594
08/08/2006,MKE,WI,AGL,CE,Combined TRACON& Tower with Radar,202,369,57,12,640,0,6,15,0,21,202,375,72,12,661,0,0,0,661
08/09/2006,MKE,WI,AGL,CE,Combined TRACON& Tower with Radar,201,367,49,12,629,0,6,16,0,22,201,373,65,12,651,0,0,0,651
08/10/2006,MKE,WI,AGL,CE,Combined TRACON& Tower with Radar,209,351,74,11,645,0,3,6,0,9,209,354,80,11,654,0,0,0,654
08/11/2006,MKE,WI,AGL,CE,Combined TRACON& Tower with Radar,205,363,40,5,613,0,7,29,0,36,205,370,69,5,649,0,0,0,649
08/12/2006,MKE,WI,AGL,CE,Combined TRACON& Tower with Radar,155,188,19,2,364,0,4,25,0,29,155,192,44,2,393,2,0,2,395
08/13/2006,MKE,WI,AGL,CE,Combined TRACON& Tower with Radar,169,225,24,1,419,0,4,15,0,19,169,229,39,1,438,0,0,0,438
08/14/2006,MKE,WI,AGL,CE,Combined TRACON& Tower with Radar,189,328,42,5,564,0,3,11,0,14,189,331,53,5,578,0,0,0,578
08/15/2006,MKE,WI,AGL,CE,Combined TRACON& Tower with Radar,199,366,66,11,642,0,2,31,2,35,199,368,97,13,677,0,0,0,677
08/16/2006,MKE,WI,AGL,CE,Combined TRACON& Tower with Radar,207,369,55,17,648,0,3,21,0,24,207,372,76,17,672,0,0,0,672
08/17/2006,MKE,WI,AGL,CE,Combined TRACON& Tower with Radar,205,386,66,11,668,0,0,16,0,16,205,386,82,11,684,0,0,0,684
08/18/2006,MKE,WI,AGL,CE,Combined TRACON& Tower with Radar,210,353,43,10,616,0,0,12,0,12,210,353,55,10,628,0,0,0,628
08/19/2006,MKE,WI,AGL,CE,Combined TRACON& Tower with Radar,154,190,18,3,365,0,7,7,1,15,154,197,25,4,380,0,0,0,380
08/20/2006,MKE,WI,AGL,CE,Combined TRACON& Tower with Radar,168,229,20,5,422,0,0,24,0,24,168,229,44,5,446,0,0,0,446
08/21/2006,MKE,WI,AGL,CE,Combined TRACON& Tower with Radar,187,328,56,4,575,0,5,22,0,27,187,333,78,4,602,0,0,0,602
08/22/2006,MKE,WI,AGL,CE,Combined TRACON& Tower with Radar,198,355,68,9,630,0,3,18,0,21,198,358,86,9,651,4,0,4,655
08/23/2006,MKE,WI,AGL,CE,Combined TRACON& Tower with Radar,204,358,68,10,640,0,0,7,0,7,204,358,75,10,647,0,0,0,647
08/24/2006,MKE,WI,AGL,CE,Combined TRACON& Tower with Radar,198,362,45,4,609,0,0,5,0,5,198,362,50,4,614,0,0,0,614
08/25/2006,MKE,WI,AGL,CE,Combined TRACON& Tower with Radar,202,358,48,6,614,0,0,7,0,7,202,358,55,6,621,0,0,0,621
08/26/2006,MKE,WI,AGL,CE,Combined TRACON& Tower with Radar,144,184,26,1,355,0,1,0,0,1,144,185,26,1,356,0,0,0,356
08/27/2006,MKE,WI,AGL,CE,Combined TRACON& Tower with Radar,163,227,25,0,415,0,1,8,1,10,163,228,33,1,425,0,0,0,425
08/28/2006,MKE,WI,AGL,CE,Combined TRACON& Tower with Radar,186,332,45,6,569,0,2,7,0,9,186,334,52,6,578,0,0,0,578
08/29/2006,MKE,WI,AGL,CE,Combined TRACON& Tower with Radar,194,364,56,12,626,0,4,19,0,23,194,368,75,12,649,0,0,0,649
08/30/2006,MKE,WI,AGL,CE,Combined TRACON& Tower with Radar,196,352,57,11,616,0,2,18,0,20,196,354,75,11,636,0,0,0,636
08/31/2006,MKE,WI,AGL,CE,Combined TRACON& Tower with Radar,211,371,41,12,635,0,0,27,0,27,211,371,68,12,662,6,0,6,668
09/01/2006,MKE,WI,AGL,CE,Combined TRACON& Tower with Radar,202,360,29,7,598,0,1,28,0,29,202,361,57,7,627,16,0,16,643
09/02/2006,MKE,WI,AGL,CE,Combined TRACON& Tower with Radar,132,182,10,3,327,0,3,28,0,31,132,185,38,3,358,0,0,0,358
09/03/2006,MKE,WI,AGL,CE,Combined TRACON& Tower with Radar,147,182,13,0,342,0,2,9,0,11,147,184,22,0,353,0,0,0,353
09/04/2006,MKE,WI,AGL,CE,Combined TRACON& Tower with Radar,180,278,12,0,470,0,2,4,0,6,180,280,16,0,476,0,0,0,476
09/05/2006,MKE,WI,AGL,CE,Combined TRACON& Tower with Radar,188,328,53,12,581,0,2,15,0,17,188,330,68,12,598,0,0,0,598
09/06/2006,MKE,WI,AGL,CE,Combined TRACON& Tower with Radar,200,363,47,11,621,0,2,18,0,20,200,365,65,11,641,0,0,0,641
09/07/2006,MKE,WI,AGL,CE,Combined TRACON& Tower with Radar,204,359,59,3,625,0,2,14,0,16,204,361,73,3,641,0,0,0,641
09/08/2006,MKE,WI,AGL,CE,Combined TRACON& Tower with Radar,196,342,51,6,595,0,9,19,1,29,196,351,70,7,624,0,0,0,624
09/09/2006,MKE,WI,AGL,CE,Combined TRACON& Tower with Radar,140,178,41,8,367,0,1,64,1,66,140,179,105,9,433,0,0,0,433
09/10/2006,MKE,WI,AGL,CE,Combined TRACON& Tower with Radar,168,210,26,7,411,0,0,5,3,8,168,210,31,10,419,0,0,0,419
09/11/2006,MKE,WI,AGL,CE,Combined TRACON& Tower with Radar,185,317,55,5,562,0,0,0,0,0,185,317,55,5,562,0,0,0,562
09/12/2006,MKE,WI,AGL,CE,Combined TRACON& Tower with Radar,201,351,81,7,640,0,0,0,0,0,201,351,81,7,640,0,0,0,640
09/13/2006,MKE,WI,AGL,CE,Combined TRACON& Tower with Radar,202,364,62,10,638,0,2,2,0,4,202,366,64,10,642,0,0,0,642
09/14/2006,MKE,WI,AGL,CE,Combined TRACON& Tower with Radar,203,373,62,6,644,0,2,17,0,19,203,375,79,6,663,0,0,0,663
09/15/2006,MKE,WI,AGL,CE,Combined TRACON& Tower with Radar,198,339,48,7,592,0,0,27,0,27,198,339,75,7,619,0,0,0,619
09/16/2006,MKE,WI,AGL,CE,Combined TRACON& Tower with Radar,145,172,26,4,347,0,4,16,0,20,145,176,42,4,367,0,0,0,367
09/17/2006,MKE,WI,AGL,CE,Combined TRACON& Tower with Radar,178,206,26,0,410,0,2,14,0,16,178,208,40,0,426,0,0,0,426
09/18/2006,MKE,WI,AGL,CE,Combined TRACON& Tower with Radar,185,309,62,5,561,0,0,14,0,14,185,309,76,5,575,0,0,0,575
09/19/2006,MKE,WI,AGL,CE,Combined TRACON& Tower with Radar,203,343,76,6,628,0,2,10,0,12,203,345,86,6,640,0,0,0,640
09/20/2006,MKE,WI,AGL,CE,Combined TRACON& Tower with Radar,208,340,56,19,623,0,3,25,2,30,208,343,81,21,653,0,0,0,653
09/21/2006,MKE,WI,AGL,CE,Combined TRACON& Tower with Radar,199,359,72,17,647,0,4,17,0,21,199,363,89,17,668,0,0,0,668
09/22/2006,MKE,WI,AGL,CE,Combined TRACON& Tower with Radar,224,337,43,3,607,0,0,6,0,6,224,337,49,3,613,0,0,0,613
09/23/2006,MKE,WI,AGL,CE,Combined TRACON& Tower with Radar,145,162,11,0,318,0,2,3,0,5,145,164,14,0,323,0,0,0,323
09/24/2006,MKE,WI,AGL,CE,Combined TRACON& Tower with Radar,166,215,27,0,408,0,1,14,0,15,166,216,41,0,423,0,0,0,423
09/25/2006,MKE,WI,AGL,CE,Combined TRACON& Tower with Radar,190,321,45,11,567,0,5,29,0,34,190,326,74,11,601,4,0,4,605
09/26/2006,MKE,WI,AGL,CE,Combined TRACON& Tower with Radar,198,344,62,12,616,0,2,18,0,20,198,346,80,12,636,0,0,0,636
09/27/2006,MKE,WI,AGL,CE,Combined TRACON& Tower with Radar,204,343,59,7,613,0,1,13,0,14,204,344,72,7,627,0,0,0,627
09/28/2006,MKE,WI,AGL,CE,Combined TRACON& Tower with Radar,202,349,67,9,627,0,4,23,2,29,202,353,90,11,656,0,0,0,656
09/29/2006,MKE,WI,AGL,CE,Combined TRACON& Tower with Radar,212,330,51,4,597,0,4,12,0,16,212,334,63,4,613,0,0,0,613
09/30/2006,MKE,WI,AGL,CE,Combined TRACON& Tower with Radar,147,167,23,2,339,0,4,5,0,9,147,171,28,2,348,0,0,0,348
10/01/2006,MKE,WI,AGL,CE,Combined TRACON& Tower with Radar,169,205,14,2,390,0,1,28,0,29,169,206,42,2,419,0,0,0,419
10/02/2006,MKE,WI,AGL,CE,Combined TRACON& Tower with Radar,198,306,38,9,551,0,0,10,0,10,198,306,48,9,561,0,0,0,561
10/03/2006,MKE,WI,AGL,CE,Combined TRACON& Tower with Radar,204,363,47,11,625,0,1,12,0,13,204,364,59,11,638,0,0,0,638
10/04/2006,MKE,WI,AGL,CE,Combined TRACON& Tower with Radar,207,359,53,13,632,0,3,4,0,7,207,362,57,13,639,0,0,0,639
10/05/2006,MKE,WI,AGL,CE,Combined TRACON& Tower with Radar,205,354,51,19,629,0,2,14,0,16,205,356,65,19,645,0,0,0,645
10/06/2006,MKE,WI,AGL,CE,Combined TRACON& Tower with Radar,199,324,55,7,585,0,3,25,0,28,199,327,80,7,613,0,0,0,613
10/07/2006,MKE,WI,AGL,CE,Combined TRACON& Tower with Radar,146,165,22,0,333,0,2,25,0,27,146,167,47,0,360,0,0,0,360
10/08/2006,MKE,WI,AGL,CE,Combined TRACON& Tower with Radar,164,206,31,1,402,0,0,22,0,22,164,206,53,1,424,0,0,0,424
10/09/2006,MKE,WI,AGL,CE,Combined TRACON& Tower with Radar,191,308,46,0,545,0,5,12,0,17,191,313,58,0,562,0,0,0,562
10/10/2006,MKE,WI,AGL,CE,Combined TRACON& Tower with Radar,196,333,69,11,609,0,0,12,2,14,196,333,81,13,623,0,0,0,623
10/11/2006,MKE,WI,AGL,CE,Combined TRACON& Tower with Radar,201,337,61,11,610,0,0,4,0,4,201,337,65,11,614,0,0,0,614
10/12/2006,MKE,WI,AGL,CE,Combined TRACON& Tower with Radar,203,343,53,10,609,0,2,11,0,13,203,345,64,10,622,0,0,0,622
10/13/2006,MKE,WI,AGL,CE,Combined TRACON& Tower with Radar,194,330,45,5,574,0,1,8,0,9,194,331,53,5,583,0,0,0,583
10/14/2006,MKE,WI,AGL,CE,Combined TRACON& Tower with Radar,152,161,19,9,341,0,0,20,0,20,152,161,39,9,361,0,0,0,361
10/15/2006,MKE,WI,AGL,CE,Combined TRACON& Tower with Radar,172,208,23,4,407,0,5,19,0,24,172,213,42,4,431,0,0,0,431
10/16/2006,MKE,WI,AGL,CE,Combined TRACON& Tower with Radar,193,307,45,5,550,0,4,6,0,10,193,311,51,5,560,0,0,0,560
10/17/2006,MKE,WI,AGL,CE,Combined TRACON& Tower with Radar,205,338,72,12,627,0,2,5,0,7,205,340,77,12,634,0,0,0,634
10/18/2006,MKE,WI,AGL,CE,Combined TRACON& Tower with Radar,204,344,48,20,616,0,2,6,0,8,204,346,54,20,624,0,0,0,624
10/19/2006,MKE,WI,AGL,CE,Combined TRACON& Tower with Radar,210,349,69,12,640,0,1,12,0,13,210,350,81,12,653,0,0,0,653
10/20/2006,MKE,WI,AGL,CE,Combined TRACON& Tower with Radar,201,340,47,7,595,0,0,14,0,14,201,340,61,7,609,0,0,0,609
10/21/2006,MKE,WI,AGL,CE,Combined TRACON& Tower with Radar,153,170,28,1,352,0,0,3,0,3,153,170,31,1,355,0,0,0,355
10/22/2006,MKE,WI,AGL,CE,Combined TRACON& Tower with Radar,164,204,31,1,400,0,2,4,0,6,164,206,35,1,406,0,0,0,406
10/23/2006,MKE,WI,AGL,CE,Combined TRACON& Tower with Radar,194,315,48,11,568,0,2,7,0,9,194,317,55,11,577,0,0,0,577
10/24/2006,MKE,WI,AGL,CE,Combined TRACON& Tower with Radar,202,343,65,12,622,0,1,27,1,29,202,344,92,13,651,0,0,0,651
10/25/2006,MKE,WI,AGL,CE,Combined TRACON& Tower with Radar,204,344,64,15,627,0,5,29,2,36,204,349,93,17,663,0,0,0,663
10/26/2006,MKE,WI,AGL,CE,Combined TRACON& Tower with Radar,213,344,69,9,635,0,1,4,0,5,213,345,73,9,640,0,0,0,640
10/27/2006,MKE,WI,AGL,CE,Combined TRACON& Tower with Radar,199,327,50,8,584,0,0,2,0,2,199,327,52,8,586,0,0,0,586
10/28/2006,MKE,WI,AGL,CE,Combined TRACON& Tower with Radar,152,165,8,5,330,0,2,5,0,7,152,167,13,5,337,0,0,0,337
10/29/2006,MKE,WI,AGL,CE,Combined TRACON& Tower with Radar,160,206,18,3,387,0,0,21,0,21,160,206,39,3,408,0,0,0,408
10/30/2006,MKE,WI,AGL,CE,Combined TRACON& Tower with Radar,194,313,51,8,566,0,4,19,0,23,194,317,70,8,589,0,0,0,589
10/31/2006,MKE,WI,AGL,CE,Combined TRACON& Tower with Radar,202,334,52,12,600,0,4,14,0,18,202,338,66,12,618,0,0,0,618
11/01/2006,MKE,WI,AGL,CE,Combined TRACON& Tower with Radar,207,335,57,11,610,0,3,25,4,32,207,338,82,15,642,0,0,0,642
11/02/2006,MKE,WI,AGL,CE,Combined TRACON& Tower with Radar,221,343,62,14,640,0,0,18,0,18,221,343,80,14,658,0,0,0,658
11/03/2006,MKE,WI,AGL,CE,Combined TRACON& Tower with Radar,212,332,44,10,598,0,6,33,2,41,212,338,77,12,639,0,0,0,639
11/04/2006,MKE,WI,AGL,CE,Combined TRACON& Tower with Radar,163,164,11,9,347,0,6,11,0,17,163,170,22,9,364,30,0,30,394
11/05/2006,MKE,WI,AGL,CE,Combined TRACON& Tower with Radar,179,195,25,10,409,0,4,13,0,17,179,199,38,10,426,0,0,0,426
11/06/2006,MKE,WI,AGL,CE,Combined TRACON& Tower with Radar,201,303,48,5,557,0,0,9,0,9,201,303,57,5,566,0,0,0,566
11/07/2006,MKE,WI,AGL,CE,Combined TRACON& Tower with Radar,214,347,51,15,627,0,1,9,2,12,214,348,60,17,639,0,0,0,639
11/08/2006,MKE,WI,AGL,CE,Combined TRACON& Tower with Radar,206,345,80,14,645,0,6,14,0,20,206,351,94,14,665,0,0,0,665
11/09/2006,MKE,WI,AGL,CE,Combined TRACON& Tower with Radar,216,330,65,6,617,0,2,22,0,24,216,332,87,6,641,0,0,0,641
11/10/2006,MKE,WI,AGL,CE,Combined TRACON& Tower with Radar,225,326,43,0,594,0,0,4,0,4,225,326,47,0,598,0,0,0,598
11/11/2006,MKE,WI,AGL,CE,Combined TRACON& Tower with Radar,164,159,21,0,344,0,0,6,0,6,164,159,27,0,350,0,0,0,350
11/12/2006,MKE,WI,AGL,CE,Combined TRACON& Tower with Radar,169,195,26,0,390,0,0,17,0,17,169,195,43,0,407,0,0,0,407
11/13/2006,MKE,WI,AGL,CE,Combined TRACON& Tower with Radar,200,294,39,11,544,0,0,2,0,2,200,294,41,11,546,0,0,0,546
11/14/2006,MKE,WI,AGL,CE,Combined TRACON& Tower with Radar,206,345,70,11,632,0,1,7,0,8,206,346,77,11,640,0,0,0,640
11/15/2006,MKE,WI,AGL,CE,Combined TRACON& Tower with Radar,210,337,58,8,613,0,0,2,0,2,210,337,60,8,615,0,0,0,615
11/16/2006,MKE,WI,AGL,CE,Combined TRACON& Tower with Radar,221,339,72,13,645,0,4,8,0,12,221,343,80,13,657,0,0,0,657
11/17/2006,MKE,WI,AGL,CE,Combined TRACON& Tower with Radar,220,335,51,9,615,0,6,30,0,36,220,341,81,9,651,0,0,0,651
11/18/2006,MKE,WI,AGL,CE,Combined TRACON& Tower with Radar,170,166,27,2,365,0,1,3,0,4,170,167,30,2,369,10,0,10,379
11/19/2006,MKE,WI,AGL,CE,Combined TRACON& Tower with Radar,179,204,11,1,395,0,0,14,0,14,179,204,25,1,409,2,0,2,411
11/20/2006,MKE,WI,AGL,CE,Combined TRACON& Tower with Radar,210,300,40,11,561,0,2,23,0,25,210,302,63,11,586,2,0,2,588
11/21/2006,MKE,WI,AGL,CE,Combined TRACON& Tower with Radar,225,326,71,13,635,0,3,22,0,25,225,329,93,13,660,10,0,10,670
11/22/2006,MKE,WI,AGL,CE,Combined TRACON& Tower with Radar,221,322,38,9,590,0,3,32,0,35,221,325,70,9,625,0,0,0,625
11/23/2006,MKE,WI,AGL,CE,Combined TRACON& Tower with Radar,132,140,1,0,273,0,6,18,0,24,132,146,19,0,297,0,0,0,297
11/24/2006,MKE,WI,AGL,CE,Combined TRACON& Tower with Radar,146,149,8,2,305,0,2,30,0,32,146,151,38,2,337,0,0,0,337
11/25/2006,MKE,WI,AGL,CE,Combined TRACON& Tower with Radar,193,240,14,3,450,0,2,8,0,10,193,242,22,3,460,0,0,0,460
11/26/2006,MKE,WI,AGL,CE,Combined TRACON& Tower with Radar,197,258,37,0,492,0,2,0,0,2,197,260,37,0,494,0,0,0,494
11/27/2006,MKE,WI,AGL,CE,Combined TRACON& Tower with Radar,208,312,49,4,573,0,0,0,0,0,208,312,49,4,573,0,0,0,573
11/28/2006,MKE,WI,AGL,CE,Combined TRACON& Tower with Radar,216,332,52,5,605,0,1,4,0,5,216,333,56,5,610,0,0,0,610
11/29/2006,MKE,WI,AGL,CE,Combined TRACON& Tower with Radar,211,340,58,3,612,0,0,4,0,4,211,340,62,3,616,0,0,0,616
11/30/2006,MKE,WI,AGL,CE,Combined TRACON& Tower with Radar,220,333,63,5,621,0,3,12,1,16,220,336,75,6,637,0,0,0,637
12/01/2006,MKE,WI,AGL,CE,Combined TRACON& Tower with Radar,124,196,19,2,341,0,4,1,0,5,124,200,20,2,346,0,0,0,346
12/02/2006,MKE,WI,AGL,CE,Combined TRACON& Tower with Radar,160,179,21,0,360,0,2,7,0,9,160,181,28,0,369,0,0,0,369
12/03/2006,MKE,WI,AGL,CE,Combined TRACON& Tower with Radar,172,197,20,9,398,0,3,4,0,7,172,200,24,9,405,0,0,0,405
12/04/2006,MKE,WI,AGL,CE,Combined TRACON& Tower with Radar,205,305,51,3,564,0,2,9,0,11,205,307,60,3,575,0,0,0,575
12/05/2006,MKE,WI,AGL,CE,Combined TRACON& Tower with Radar,218,332,59,9,618,0,7,9,2,18,218,339,68,11,636,0,0,0,636
12/06/2006,MKE,WI,AGL,CE,Combined TRACON& Tower with Radar,215,326,69,8,618,0,0,11,0,11,215,326,80,8,629,0,0,0,629
12/07/2006,MKE,WI,AGL,CE,Combined TRACON& Tower with Radar,219,339,55,11,624,0,1,22,5,28,219,340,77,16,652,0,0,0,652
12/08/2006,MKE,WI,AGL,CE,Combined TRACON& Tower with Radar,227,331,50,8,616,0,0,16,2,18,227,331,66,10,634,8,0,8,642
12/09/2006,MKE,WI,AGL,CE,Combined TRACON& Tower with Radar,169,160,8,1,338,0,3,15,0,18,169,163,23,1,356,0,0,0,356
12/10/2006,MKE,WI,AGL,CE,Combined TRACON& Tower with Radar,181,199,24,2,406,0,2,7,0,9,181,201,31,2,415,16,0,16,431
12/11/2006,MKE,WI,AGL,CE,Combined TRACON& Tower with Radar,211,304,61,6,582,0,3,2,0,5,211,307,63,6,587,8,0,8,595
12/12/2006,MKE,WI,AGL,CE,Combined TRACON& Tower with Radar,191,278,61,0,530,0,0,0,0,0,191,278,61,0,530,0,0,0,530
12/13/2006,MKE,WI,AGL,CE,Combined TRACON& Tower with Radar,211,330,57,3,601,0,0,13,0,13,211,330,70,3,614,0,0,0,614
12/14/2006,MKE,WI,AGL,CE,Combined TRACON& Tower with Radar,208,332,45,6,591,0,4,14,0,18,208,336,59,6,609,0,0,0,609
12/15/2006,MKE,WI,AGL,CE,Combined TRACON& Tower with Radar,213,331,39,3,586,0,3,17,0,20,213,334,56,3,606,0,0,0,606
12/16/2006,MKE,WI,AGL,CE,Combined TRACON& Tower with Radar,165,179,20,0,364,0,0,5,1,6,165,179,25,1,370,6,0,6,376
12/17/2006,MKE,WI,AGL,CE,Combined TRACON& Tower with Radar,171,206,9,1,387,0,4,12,0,16,171,210,21,1,403,0,0,0,403
12/18/2006,MKE,WI,AGL,CE,Combined TRACON& Tower with Radar,200,308,56,9,573,0,2,8,0,10,200,310,64,9,583,0,0,0,583
12/19/2006,MKE,WI,AGL,CE,Combined TRACON& Tower with Radar,216,348,72,9,645,0,1,18,3,22,216,349,90,12,667,0,0,0,667
12/20/2006,MKE,WI,AGL,CE,Combined TRACON& Tower with Radar,210,339,57,2,608,0,0,14,0,14,210,339,71,2,622,0,0,0,622
12/21/2006,MKE,WI,AGL,CE,Combined TRACON& Tower with Radar,200,328,49,4,581,0,1,0,0,1,200,329,49,4,582,0,0,0,582
12/22/2006,MKE,WI,AGL,CE,Combined TRACON& Tower with Radar,209,326,44,0,579,0,1,2,0,3,209,327,46,0,582,0,0,0,582
12/23/2006,MKE,WI,AGL,CE,Combined TRACON& Tower with Radar,206,238,19,0,463,0,0,2,0,2,206,238,21,0,465,0,0,0,465
12/24/2006,MKE,WI,AGL,CE,Combined TRACON& Tower with Radar,146,146,5,0,297,0,2,19,0,21,146,148,24,0,318,0,0,0,318
12/25/2006,MKE,WI,AGL,CE,Combined TRACON& Tower with Radar,160,185,4,0,349,0,0,0,0,0,160,185,4,0,349,0,0,0,349
12/26/2006,MKE,WI,AGL,CE,Combined TRACON& Tower with Radar,202,296,24,0,522,0,3,2,0,5,202,299,26,0,527,0,0,0,527
12/27/2006,MKE,WI,AGL,CE,Combined TRACON& Tower with Radar,219,322,26,9,576,0,1,15,0,16,219,323,41,9,592,0,0,0,592
12/28/2006,MKE,WI,AGL,CE,Combined TRACON& Tower with Radar,212,313,11,6,542,0,0,14,0,14,212,313,25,6,556,0,0,0,556
12/29/2006,MKE,WI,AGL,CE,Combined TRACON& Tower with Radar,206,302,22,2,532,0,0,6,0,6,206,302,28,2,538,0,0,0,538
12/30/2006,MKE,WI,AGL,CE,Combined TRACON& Tower with Radar,175,171,11,0,357,0,0,2,0,2,175,171,13,0,359,0,0,0,359
12/31/2006,MKE,WI,AGL,CE,Combined TRACON& Tower with Radar,150,139,11,1,301,0,0,0,0,0,150,139,11,1,301,0,0,0,301
01/01/2007,MKE,WI,AGL,CE,Combined TRACON& Tower with Radar,180,183,5,1,369,0,0,6,0,6,180,183,11,1,375,0,0,0,375
01/02/2007,MKE,WI,AGL,CE,Combined TRACON& Tower with Radar,205,305,26,2,538,0,0,18,0,18,205,305,44,2,556,0,0,0,556
01/03/2007,MKE,WI,AGL,CE,Combined TRACON& Tower with Radar,210,328,30,10,578,0,3,20,0,23,210,331,50,10,601,0,0,0,601
01/04/2007,MKE,WI,AGL,CE,Combined TRACON& Tower with Radar,212,314,44,11,581,0,1,12,2,15,212,315,56,13,596,0,0,0,596
01/05/2007,MKE,WI,AGL,CE,Combined TRACON& Tower with Radar,210,307,33,9,559,0,4,2,1,7,210,311,35,10,566,11,0,11,577
01/06/2007,MKE,WI,AGL,CE,Combined TRACON& Tower with Radar,155,166,14,7,342,0,0,7,0,7,155,166,21,7,349,6,0,6,355
01/07/2007,MKE,WI,AGL,CE,Combined TRACON& Tower with Radar,175,183,12,5,375,0,1,13,2,16,175,184,25,7,391,0,0,0,391
01/08/2007,MKE,WI,AGL,CE,Combined TRACON& Tower with Radar,195,301,36,6,538,0,6,10,0,16,195,307,46,6,554,0,0,0,554
01/09/2007,MKE,WI,AGL,CE,Combined TRACON& Tower with Radar,201,327,55,10,593,0,8,7,0,15,201,335,62,10,608,0,0,0,608
01/10/2007,MKE,WI,AGL,CE,Combined TRACON& Tower with Radar,207,320,48,8,583,0,1,24,0,25,207,321,72,8,608,0,0,0,608
01/11/2007,MKE,WI,AGL,CE,Combined TRACON& Tower with Radar,204,332,38,10,584,0,1,12,2,15,204,333,50,12,599,0,0,0,599
01/12/2007,MKE,WI,AGL,CE,Combined TRACON& Tower with Radar,203,322,54,7,586,0,0,0,0,0,203,322,54,7,586,0,0,0,586
01/13/2007,MKE,WI,AGL,CE,Combined TRACON& Tower with Radar,152,167,13,2,334,0,2,4,0,6,152,169,17,2,340,0,0,0,340
01/14/2007,MKE,WI,AGL,CE,Combined TRACON& Tower with Radar,165,197,19,1,382,0,0,0,0,0,165,197,19,1,382,0,0,0,382
01/15/2007,MKE,WI,AGL,CE,Combined TRACON& Tower with Radar,194,268,31,0,493,0,0,1,0,1,194,268,32,0,494,0,0,0,494
01/16/2007,MKE,WI,AGL,CE,Combined TRACON& Tower with Radar,200,310,57,8,575,0,0,16,0,16,200,310,73,8,591,0,0,0,591
01/17/2007,MKE,WI,AGL,CE,Combined TRACON& Tower with Radar,204,340,37,11,592,0,8,30,0,38,204,348,67,11,630,12,0,12,642
01/18/2007,MKE,WI,AGL,CE,Combined TRACON& Tower with Radar,196,337,59,9,601,0,0,4,0,4,196,337,63,9,605,0,0,0,605
01/19/2007,MKE,WI,AGL,CE,Combined TRACON& Tower with Radar,202,330,33,4,569,0,1,13,0,14,202,331,46,4,583,0,0,0,583
01/20/2007,MKE,WI,AGL,CE,Combined TRACON& Tower with Radar,160,168,10,0,338,0,4,27,0,31,160,172,37,0,369,0,0,0,369
01/21/2007,MKE,WI,AGL,CE,Combined TRACON& Tower with Radar,159,183,11,1,354,0,0,0,0,0,159,183,11,1,354,0,0,0,354
01/22/2007,MKE,WI,AGL,CE,Combined TRACON& Tower with Radar,215,318,50,8,591,0,0,7,0,7,215,318,57,8,598,0,0,0,598
01/23/2007,MKE,WI,AGL,CE,Combined TRACON& Tower with Radar,196,331,60,11,598,0,1,15,0,16,196,332,75,11,614,0,0,0,614
01/24/2007,MKE,WI,AGL,CE,Combined TRACON& Tower with Radar,202,327,61,13,603,0,1,22,0,23,202,328,83,13,626,0,0,0,626
01/25/2007,MKE,WI,AGL,CE,Combined TRACON& Tower with Radar,204,324,62,13,603,0,4,23,0,27,204,328,85,13,630,0,0,0,630
01/26/2007,MKE,WI,AGL,CE,Combined TRACON& Tower with Radar,204,312,36,3,555,0,3,9,0,12,204,315,45,3,567,0,0,0,567
01/27/2007,MKE,WI,AGL,CE,Combined TRACON& Tower with Radar,159,167,21,2,349,0,0,7,0,7,159,167,28,2,356,0,0,0,356
01/28/2007,MKE,WI,AGL,CE,Combined TRACON& Tower with Radar,169,197,21,1,388,0,1,6,0,7,169,198,27,1,395,0,0,0,395
01/29/2007,MKE,WI,AGL,CE,Combined TRACON& Tower with Radar,195,299,48,8,550,0,2,5,0,7,195,301,53,8,557,0,0,0,557
01/30/2007,MKE,WI,AGL,CE,Combined TRACON& Tower with Radar,198,318,43,10,569,0,3,11,0,14,198,321,54,10,583,0,0,0,583
01/31/2007,MKE,WI,AGL,CE,Combined TRACON& Tower with Radar,203,335,53,11,602,0,4,12,3,19,203,339,65,14,621,0,0,0,621
02/01/2007,MKE,WI,AGL,CE,Combined TRACON& Tower with Radar,194,337,46,13,590,0,2,12,0,14,194,339,58,13,604,0,0,0,604
02/02/2007,MKE,WI,AGL,CE,Combined TRACON& Tower with Radar,208,322,30,5,565,0,4,8,0,12,208,326,38,5,577,0,0,0,577
02/03/2007,MKE,WI,AGL,CE,Combined TRACON& Tower with Radar,163,167,11,2,343,0,2,1,0,3,163,169,12,2,346,0,0,0,346
02/04/2007,MKE,WI,AGL,CE,Combined TRACON& Tower with Radar,171,190,14,2,377,0,4,0,0,4,171,194,14,2,381,0,0,0,381
02/05/2007,MKE,WI,AGL,CE,Combined TRACON& Tower with Radar,189,301,45,2,537,0,3,7,0,10,189,304,52,2,547,0,0,0,547
02/06/2007,MKE,WI,AGL,CE,Combined TRACON& Tower with Radar,198,317,58,10,583,0,0,2,0,2,198,317,60,10,585,0,0,0,585
02/07/2007,MKE,WI,AGL,CE,Combined TRACON& Tower with Radar,201,334,43,10,588,0,2,9,2,13,201,336,52,12,601,0,0,0,601
02/08/2007,MKE,WI,AGL,CE,Combined TRACON& Tower with Radar,198,334,67,6,605,0,0,22,0,22,198,334,89,6,627,0,0,0,627
02/09/2007,MKE,WI,AGL,CE,Combined TRACON& Tower with Radar,207,324,45,4,580,0,0,15,0,15,207,324,60,4,595,0,0,0,595
02/10/2007,MKE,WI,AGL,CE,Combined TRACON& Tower with Radar,159,169,20,0,348,0,0,17,0,17,159,169,37,0,365,0,0,0,365
02/11/2007,MKE,WI,AGL,CE,Combined TRACON& Tower with Radar,171,194,14,1,380,0,2,6,0,8,171,196,20,1,388,0,0,0,388
02/12/2007,MKE,WI,AGL,CE,Combined TRACON& Tower with Radar,194,293,36,5,528,0,0,0,0,0,194,293,36,5,528,0,0,0,528
02/13/2007,MKE,WI,AGL,CE,Combined TRACON& Tower with Radar,195,264,46,2,507,0,0,3,0,3,195,264,49,2,510,0,0,0,510
02/14/2007,MKE,WI,AGL,CE,Combined TRACON& Tower with Radar,169,313,53,8,543,0,5,7,0,12,169,318,60,8,555,0,0,0,555
02/15/2007,MKE,WI,AGL,CE,Combined TRACON& Tower with Radar,205,345,44,10,604,0,2,20,0,22,205,347,64,10,626,0,0,0,626
02/16/2007,MKE,WI,AGL,CE,Combined TRACON& Tower with Radar,219,323,48,4,594,0,6,9,0,15,219,329,57,4,609,0,0,0,609
02/17/2007,MKE,WI,AGL,CE,Combined TRACON& Tower with Radar,171,168,21,1,361,0,2,10,0,12,171,170,31,1,373,0,0,0,373
02/18/2007,MKE,WI,AGL,CE,Combined TRACON& Tower with Radar,177,200,17,0,394,0,5,18,0,23,177,205,35,0,417,0,0,0,417
02/19/2007,MKE,WI,AGL,CE,Combined TRACON& Tower with Radar,197,302,58,0,557,0,0,12,0,12,197,302,70,0,569,0,0,0,569
02/20/2007,MKE,WI,AGL,CE,Combined TRACON& Tower with Radar,206,329,58,9,602,0,7,22,0,29,206,336,80,9,631,0,0,0,631
02/21/2007,MKE,WI,AGL,CE,Combined TRACON& Tower with Radar,222,324,44,13,603,0,3,14,0,17,222,327,58,13,620,6,0,6,626
02/22/2007,MKE,WI,AGL,CE,Combined TRACON& Tower with Radar,214,335,51,18,618,0,4,17,0,21,214,339,68,18,639,0,0,0,639
02/23/2007,MKE,WI,AGL,CE,Combined TRACON& Tower with Radar,212,318,41,5,576,0,0,15,0,15,212,318,56,5,591,0,0,0,591
02/24/2007,MKE,WI,AGL,CE,Combined TRACON& Tower with Radar,155,163,19,1,338,0,2,0,0,2,155,165,19,1,340,0,0,0,340
02/25/2007,MKE,WI,AGL,CE,Combined TRACON& Tower with Radar,123,145,14,0,282,0,0,0,0,0,123,145,14,0,282,0,0,0,282
02/26/2007,MKE,WI,AGL,CE,Combined TRACON& Tower with Radar,205,307,52,8,572,0,0,0,0,0,205,307,52,8,572,0,0,0,572
02/27/2007,MKE,WI,AGL,CE,Combined TRACON& Tower with Radar,207,329,74,6,616,0,3,5,0,8,207,332,79,6,624,0,0,0,624
02/28/2007,MKE,WI,AGL,CE,Combined TRACON& Tower with Radar,205,345,50,8,608,0,2,6,0,8,205,347,56,8,616,0,0,0,616
03/01/2007,MKE,WI,AGL,CE,Combined TRACON& Tower with Radar,179,269,51,2,501,0,2,1,0,3,179,271,52,2,504,0,0,0,504
03/02/2007,MKE,WI,AGL,CE,Combined TRACON& Tower with Radar,196,304,41,8,549,0,0,0,0,0,196,304,41,8,549,0,0,0,549
03/03/2007,MKE,WI,AGL,CE,Combined TRACON& Tower with Radar,173,182,28,3,386,0,6,3,0,9,173,188,31,3,395,0,0,0,395
03/04/2007,MKE,WI,AGL,CE,Combined TRACON& Tower with Radar,175,205,26,7,413,0,7,13,1,21,175,212,39,8,434,0,0,0,434
03/05/2007,MKE,WI,AGL,CE,Combined TRACON& Tower with Radar,192,308,42,10,552,0,3,6,0,9,192,311,48,10,561,0,0,0,561
03/06/2007,MKE,WI,AGL,CE,Combined TRACON& Tower with Radar,203,340,54,12,609,0,1,2,0,3,203,341,56,12,612,0,0,0,612
03/07/2007,MKE,WI,AGL,CE,Combined TRACON& Tower with Radar,205,335,46,10,596,0,2,15,0,17,205,337,61,10,613,0,0,0,613
03/08/2007,MKE,WI,AGL,CE,Combined TRACON& Tower with Radar,199,335,62,10,606,0,5,27,0,32,199,340,89,10,638,0,0,0,638
03/09/2007,MKE,WI,AGL,CE,Combined TRACON& Tower with Radar,210,324,44,5,583,0,0,8,0,8,210,324,52,5,591,0,0,0,591
03/10/2007,MKE,WI,AGL,CE,Combined TRACON& Tower with Radar,173,186,10,0,369,0,8,24,0,32,173,194,34,0,401,0,0,0,401
03/11/2007,MKE,WI,AGL,CE,Combined TRACON& Tower with Radar,174,204,19,2,399,0,3,23,0,26,174,207,42,2,425,0,0,0,425
03/12/2007,MKE,WI,AGL,CE,Combined TRACON& Tower with Radar,195,316,42,8,561,0,7,21,0,28,195,323,63,8,589,0,0,0,589
03/13/2007,MKE,WI,AGL,CE,Combined TRACON& Tower with Radar,199,341,60,12,612,0,6,11,0,17,199,347,71,12,629,0,0,0,629
03/14/2007,MKE,WI,AGL,CE,Combined TRACON& Tower with Radar,207,346,51,13,617,1,7,6,0,14,208,353,57,13,631,0,0,0,631
03/15/2007,MKE,WI,AGL,CE,Combined TRACON& Tower with Radar,201,349,50,13,613,0,9,5,0,14,201,358,55,13,627,0,0,0,627
03/16/2007,MKE,WI,AGL,CE,Combined TRACON& Tower with Radar,181,315,40,3,539,0,1,16,0,17,181,316,56,3,556,0,0,0,556
03/17/2007,MKE,WI,AGL,CE,Combined TRACON& Tower with Radar,171,177,16,2,366,1,2,22,0,25,172,179,38,2,391,0,0,0,391
03/18/2007,MKE,WI,AGL,CE,Combined TRACON& Tower with Radar,178,204,16,0,398,0,4,18,1,23,178,208,34,1,421,0,0,0,421
03/19/2007,MKE,WI,AGL,CE,Combined TRACON& Tower with Radar,192,320,40,13,565,0,3,2,0,5,192,323,42,13,570,0,0,0,570
03/20/2007,MKE,WI,AGL,CE,Combined TRACON& Tower with Radar,200,342,48,13,603,0,9,15,0,24,200,351,63,13,627,0,0,0,627
03/21/2007,MKE,WI,AGL,CE,Combined TRACON& Tower with Radar,200,314,49,5,568,0,2,0,1,3,200,316,49,6,571,0,0,0,571
03/22/2007,MKE,WI,AGL,CE,Combined TRACON& Tower with Radar,197,310,52,13,572,0,6,27,0,33,197,316,79,13,605,0,0,0,605
03/23/2007,MKE,WI,AGL,CE,Combined TRACON& Tower with Radar,204,326,31,8,569,0,1,10,0,11,204,327,41,8,580,0,0,0,580
03/24/2007,MKE,WI,AGL,CE,Combined TRACON& Tower with Radar,164,161,26,0,351,0,1,10,0,11,164,162,36,0,362,0,0,0,362
03/25/2007,MKE,WI,AGL,CE,Combined TRACON& Tower with Radar,177,189,16,2,384,0,2,9,0,11,177,191,25,2,395,0,0,0,395
03/26/2007,MKE,WI,AGL,CE,Combined TRACON& Tower with Radar,190,296,44,4,534,0,1,25,0,26,190,297,69,4,560,0,0,0,560
03/27/2007,MKE,WI,AGL,CE,Combined TRACON& Tower with Radar,192,335,50,14,591,0,6,4,0,10,192,341,54,14,601,0,0,0,601
03/28/2007,MKE,WI,AGL,CE,Combined TRACON& Tower with Radar,199,335,33,10,577,0,0,2,0,2,199,335,35,10,579,0,0,0,579
03/29/2007,MKE,WI,AGL,CE,Combined TRACON& Tower with Radar,203,336,64,13,616,0,3,16,0,19,203,339,80,13,635,0,0,0,635
03/30/2007,MKE,WI,AGL,CE,Combined TRACON& Tower with Radar,208,320,30,6,564,0,7,10,0,17,208,327,40,6,581,0,0,0,581
03/31/2007,MKE,WI,AGL,CE,Combined TRACON& Tower with Radar,176,181,29,3,389,0,0,2,0,2,176,181,31,3,391,0,0,0,391
04/01/2007,MKE,WI,AGL,CE,Combined TRACON& Tower with Radar,174,219,24,2,419,0,0,2,0,2,174,219,26,2,421,0,0,0,421
04/02/2007,MKE,WI,AGL,CE,Combined TRACON& Tower with Radar,184,327,40,7,558,0,2,15,0,17,184,329,55,7,575,0,0,0,575
04/03/2007,MKE,WI,AGL,CE,Combined TRACON& Tower with Radar,191,344,62,6,603,0,2,4,0,6,191,346,66,6,609,0,0,0,609
04/04/2007,MKE,WI,AGL,CE,Combined TRACON& Tower with Radar,185,362,68,5,620,0,0,0,0,0,185,362,68,5,620,0,0,0,620
04/05/2007,MKE,WI,AGL,CE,Combined TRACON& Tower with Radar,204,362,73,15,654,0,1,19,1,21,204,363,92,16,675,10,0,10,685
04/06/2007,MKE,WI,AGL,CE,Combined TRACON& Tower with Radar,197,338,27,4,566,0,1,12,0,13,197,339,39,4,579,0,0,0,579
04/07/2007,MKE,WI,AGL,CE,Combined TRACON& Tower with Radar,169,186,15,0,370,0,0,3,0,3,169,186,18,0,373,0,0,0,373
04/08/2007,MKE,WI,AGL,CE,Combined TRACON& Tower with Radar,169,212,11,1,393,0,3,8,0,11,169,215,19,1,404,0,0,0,404
04/09/2007,MKE,WI,AGL,CE,Combined TRACON& Tower with Radar,190,325,43,7,565,0,2,13,0,15,190,327,56,7,580,0,0,0,580
04/10/2007,MKE,WI,AGL,CE,Combined TRACON& Tower with Radar,189,361,52,12,614,0,0,14,0,14,189,361,66,12,628,0,0,0,628
04/11/2007,MKE,WI,AGL,CE,Combined TRACON& Tower with Radar,138,260,38,0,436,0,0,0,0,0,138,260,38,0,436,0,0,0,436
04/12/2007,MKE,WI,AGL,CE,Combined TRACON& Tower with Radar,195,358,42,12,607,0,2,6,0,8,195,360,48,12,615,0,0,0,615
04/13/2007,MKE,WI,AGL,CE,Combined TRACON& Tower with Radar,202,345,39,20,606,0,2,13,0,15,202,347,52,20,621,20,0,20,641
04/14/2007,MKE,WI,AGL,CE,Combined TRACON& Tower with Radar,165,191,23,8,387,0,3,14,2,19,165,194,37,10,406,0,0,0,406
04/15/2007,MKE,WI,AGL,CE,Combined TRACON& Tower with Radar,168,211,26,9,414,0,4,15,1,20,168,215,41,10,434,0,0,0,434
04/16/2007,MKE,WI,AGL,CE,Combined TRACON& Tower with Radar,183,327,51,9,570,0,6,20,0,26,183,333,71,9,596,0,0,0,596
04/17/2007,MKE,WI,AGL,CE,Combined TRACON& Tower with Radar,191,360,56,11,618,0,2,8,0,10,191,362,64,11,628,0,0,0,628
04/18/2007,MKE,WI,AGL,CE,Combined TRACON& Tower with Radar,194,360,50,15,619,0,0,2,0,2,194,360,52,15,621,0,0,0,621
04/19/2007,MKE,WI,AGL,CE,Combined TRACON& Tower with Radar,196,360,75,13,644,0,4,24,0,28,196,364,99,13,672,0,0,0,672
04/20/2007,MKE,WI,AGL,CE,Combined TRACON& Tower with Radar,188,347,45,11,591,0,5,26,0,31,188,352,71,11,622,0,0,0,622
04/21/2007,MKE,WI,AGL,CE,Combined TRACON& Tower with Radar,149,204,19,0,372,0,2,42,0,44,149,206,61,0,416,0,0,0,416
04/22/2007,MKE,WI,AGL,CE,Combined TRACON& Tower with Radar,155,216,22,1,394,0,2,18,0,20,155,218,40,1,414,0,0,0,414
04/23/2007,MKE,WI,AGL,CE,Combined TRACON& Tower with Radar,180,331,72,13,596,0,0,6,0,6,180,331,78,13,602,0,0,0,602
04/24/2007,MKE,WI,AGL,CE,Combined TRACON& Tower with Radar,182,353,52,12,599,0,5,10,0,15,182,358,62,12,614,0,0,0,614
04/25/2007,MKE,WI,AGL,CE,Combined TRACON& Tower with Radar,196,347,50,8,601,0,0,7,0,7,196,347,57,8,608,0,0,0,608
04/26/2007,MKE,WI,AGL,CE,Combined TRACON& Tower with Radar,191,350,76,6,623,0,0,0,0,0,191,350,76,6,623,0,0,0,623
04/27/2007,MKE,WI,AGL,CE,Combined TRACON& Tower with Radar,182,352,45,6,585,0,0,5,0,5,182,352,50,6,590,0,0,0,590
04/28/2007,MKE,WI,AGL,CE,Combined TRACON& Tower with Radar,157,177,23,3,360,0,3,16,0,19,157,180,39,3,379,0,0,0,379
04/29/2007,MKE,WI,AGL,CE,Combined TRACON& Tower with Radar,158,224,29,2,413,0,1,18,0,19,158,225,47,2,432,0,0,0,432
04/30/2007,MKE,WI,AGL,CE,Combined TRACON& Tower with Radar,175,320,45,5,545,0,6,9,0,15,175,326,54,5,560,0,0,0,560
05/01/2007,MKE,WI,AGL,CE,Combined TRACON& Tower with Radar,179,361,45,10,595,0,8,9,0,17,179,369,54,10,612,0,0,0,612
05/02/2007,MKE,WI,AGL,CE,Combined TRACON& Tower with Radar,185,366,67,10,628,0,5,18,0,23,185,371,85,10,651,0,0,0,651
05/03/2007,MKE,WI,AGL,CE,Combined TRACON& Tower with Radar,185,350,56,13,604,0,3,20,0,23,185,353,76,13,627,0,0,0,627
05/04/2007,MKE,WI,AGL,CE,Combined TRACON& Tower with Radar,175,334,56,9,574,0,4,26,0,30,175,338,82,9,604,0,0,0,604
05/05/2007,MKE,WI,AGL,CE,Combined TRACON& Tower with Radar,142,183,18,10,353,0,0,13,0,13,142,183,31,10,366,0,0,0,366
05/06/2007,MKE,WI,AGL,CE,Combined TRACON& Tower with Radar,151,224,27,3,405,0,0,23,0,23,151,224,50,3,428,0,0,0,428
05/07/2007,MKE,WI,AGL,CE,Combined TRACON& Tower with Radar,169,332,52,6,559,0,1,20,0,21,169,333,72,6,580,0,0,0,580
05/08/2007,MKE,WI,AGL,CE,Combined TRACON& Tower with Radar,188,346,45,14,593,0,1,8,0,9,188,347,53,14,602,0,0,0,602
05/09/2007,MKE,WI,AGL,CE,Combined TRACON& Tower with Radar,190,364,71,8,633,0,0,14,0,14,190,364,85,8,647,0,0,0,647
05/10/2007,MKE,WI,AGL,CE,Combined TRACON& Tower with Radar,185,355,70,11,621,0,3,22,0,25,185,358,92,11,646,0,0,0,646
05/11/2007,MKE,WI,AGL,CE,Combined TRACON& Tower with Radar,187,365,50,9,611,0,5,18,0,23,187,370,68,9,634,0,0,0,634
05/12/2007,MKE,WI,AGL,CE,Combined TRACON& Tower with Radar,152,198,9,2,361,0,2,24,0,26,152,200,33,2,387,0,0,0,387
05/13/2007,MKE,WI,AGL,CE,Combined TRACON& Tower with Radar,158,222,12,1,393,0,0,17,0,17,158,222,29,1,410,0,0,0,410
05/14/2007,MKE,WI,AGL,CE,Combined TRACON& Tower with Radar,177,326,61,6,570,0,1,13,0,14,177,327,74,6,584,0,0,0,584
05/15/2007,MKE,WI,AGL,CE,Combined TRACON& Tower with Radar,190,330,76,13,609,0,1,4,0,5,190,331,80,13,614,0,0,0,614
05/16/2007,MKE,WI,AGL,CE,Combined TRACON& Tower with Radar,186,354,107,12,659,0,0,9,2,11,186,354,116,14,670,0,0,0,670
05/17/2007,MKE,WI,AGL,CE,Combined TRACON& Tower with Radar,191,355,65,13,624,0,8,16,0,24,191,363,81,13,648,0,0,0,648
05/18/2007,MKE,WI,AGL,CE,Combined TRACON& Tower with Radar,186,322,44,5,557,0,1,23,0,24,186,323,67,5,581,0,0,0,581
05/19/2007,MKE,WI,AGL,CE,Combined TRACON& Tower with Radar,147,185,7,4,343,0,0,24,0,24,147,185,31,4,367,0,0,0,367
05/20/2007,MKE,WI,AGL,CE,Combined TRACON& Tower with Radar,156,215,23,2,396,0,0,0,0,0,156,215,23,2,396,0,0,0,396
05/21/2007,MKE,WI,AGL,CE,Combined TRACON& Tower with Radar,180,328,56,11,575,0,5,11,0,16,180,333,67,11,591,0,0,0,591
05/22/2007,MKE,WI,AGL,CE,Combined TRACON& Tower with Radar,185,347,67,19,618,0,5,27,0,32,185,352,94,19,650,0,0,0,650
05/23/2007,MKE,WI,AGL,CE,Combined TRACON& Tower with Radar,191,363,75,11,640,0,10,23,0,33,191,373,98,11,673,0,0,0,673
05/24/2007,MKE,WI,AGL,CE,Combined TRACON& Tower with Radar,184,328,70,14,596,0,0,6,0,6,184,328,76,14,602,0,0,0,602
05/25/2007,MKE,WI,AGL,CE,Combined TRACON& Tower with Radar,185,324,47,9,565,0,4,34,0,38,185,328,81,9,603,13,0,13,616
05/26/2007,MKE,WI,AGL,CE,Combined TRACON& Tower with Radar,149,167,8,4,328,0,0,16,0,16,149,167,24,4,344,10,0,10,354
05/27/2007,MKE,WI,AGL,CE,Combined TRACON& Tower with Radar,159,177,26,0,362,0,0,39,0,39,159,177,65,0,401,0,0,0,401
05/28/2007,MKE,WI,AGL,CE,Combined TRACON& Tower with Radar,171,260,16,1,448,0,2,26,2,30,171,262,42,3,478,3,0,3,481
05/29/2007,MKE,WI,AGL,CE,Combined TRACON& Tower with Radar,179,316,36,8,539,0,2,19,0,21,179,318,55,8,560,0,0,0,560
05/30/2007,MKE,WI,AGL,CE,Combined TRACON& Tower with Radar,188,353,54,14,609,0,4,13,0,17,188,357,67,14,626,0,0,0,626
05/31/2007,MKE,WI,AGL,CE,Combined TRACON& Tower with Radar,192,343,73,19,627,0,0,12,5,17,192,343,85,24,644,0,0,0,644
06/01/2007,MKE,WI,AGL,CE,Combined TRACON& Tower with Radar,190,342,56,12,600,0,4,9,0,13,190,346,65,12,613,0,0,0,613
06/02/2007,MKE,WI,AGL,CE,Combined TRACON& Tower with Radar,152,195,19,4,370,0,0,21,0,21,152,195,40,4,391,0,0,0,391
06/03/2007,MKE,WI,AGL,CE,Combined TRACON& Tower with Radar,166,215,41,5,427,0,0,4,0,4,166,215,45,5,431,0,0,0,431
06/04/2007,MKE,WI,AGL,CE,Combined TRACON& Tower with Radar,177,333,57,7,574,0,1,7,8,16,177,334,64,15,590,0,0,0,590
06/05/2007,MKE,WI,AGL,CE,Combined TRACON& Tower with Radar,193,351,64,14,622,0,1,33,2,36,193,352,97,16,658,0,0,0,658
06/06/2007,MKE,WI,AGL,CE,Combined TRACON& Tower with Radar,191,351,57,7,606,0,0,32,2,34,191,351,89,9,640,0,0,0,640
06/07/2007,MKE,WI,AGL,CE,Combined TRACON& Tower with Radar,200,338,50,4,592,0,2,3,0,5,200,340,53,4,597,0,0,0,597
06/08/2007,MKE,WI,AGL,CE,Combined TRACON& Tower with Radar,186,330,50,6,572,0,2,22,0,24,186,332,72,6,596,0,0,0,596
06/09/2007,MKE,WI,AGL,CE,Combined TRACON& Tower with Radar,160,202,15,6,383,0,1,31,2,34,160,203,46,8,417,0,0,0,417
06/10/2007,MKE,WI,AGL,CE,Combined TRACON& Tower with Radar,157,233,26,6,422,0,0,23,0,23,157,233,49,6,445,0,0,0,445
06/11/2007,MKE,WI,AGL,CE,Combined TRACON& Tower with Radar,173,324,53,8,558,0,1,27,0,28,173,325,80,8,586,0,0,0,586
06/12/2007,MKE,WI,AGL,CE,Combined TRACON& Tower with Radar,194,336,59,14,603,0,4,29,0,33,194,340,88,14,636,0,0,0,636
06/13/2007,MKE,WI,AGL,CE,Combined TRACON& Tower with Radar,198,364,72,10,644,0,3,25,0,28,198,367,97,10,672,0,0,0,672
06/14/2007,MKE,WI,AGL,CE,Combined TRACON& Tower with Radar,195,368,82,18,663,0,0,19,0,19,195,368,101,18,682,0,0,0,682
06/15/2007,MKE,WI,AGL,CE,Combined TRACON& Tower with Radar,184,353,43,9,589,0,5,23,1,29,184,358,66,10,618,0,0,0,618
06/16/2007,MKE,WI,AGL,CE,Combined TRACON& Tower with Radar,153,199,12,0,364,0,4,30,0,34,153,203,42,0,398,0,0,0,398
06/17/2007,MKE,WI,AGL,CE,Combined TRACON& Tower with Radar,160,233,16,7,416,0,0,16,0,16,160,233,32,7,432,0,0,0,432
06/18/2007,MKE,WI,AGL,CE,Combined TRACON& Tower with Radar,177,329,34,6,546,0,4,3,1,8,177,333,37,7,554,0,0,0,554
06/19/2007,MKE,WI,AGL,CE,Combined TRACON& Tower with Radar,194,360,48,13,615,0,0,18,0,18,194,360,66,13,633,0,0,0,633
06/20/2007,MKE,WI,AGL,CE,Combined TRACON& Tower with Radar,206,375,68,10,659,0,3,33,3,39,206,378,101,13,698,0,0,0,698
06/21/2007,MKE,WI,AGL,CE,Combined TRACON& Tower with Radar,194,363,77,15,649,0,2,28,0,30,194,365,105,15,679,0,0,0,679
06/22/2007,MKE,WI,AGL,CE,Combined TRACON& Tower with Radar,197,358,47,7,609,0,0,29,4,33,197,358,76,11,642,0,0,0,642
06/23/2007,MKE,WI,AGL,CE,Combined TRACON& Tower with Radar,158,211,26,1,396,0,0,35,0,35,158,211,61,1,431,0,0,0,431
06/24/2007,MKE,WI,AGL,CE,Combined TRACON& Tower with Radar,159,243,41,1,444,0,5,19,1,25,159,248,60,2,469,14,0,14,483
06/25/2007,MKE,WI,AGL,CE,Combined TRACON& Tower with Radar,172,348,59,5,584,0,0,10,0,10,172,348,69,5,594,0,0,0,594
06/26/2007,MKE,WI,AGL,CE,Combined TRACON& Tower with Radar,218,369,53,11,651,0,7,20,0,27,218,376,73,11,678,0,0,0,678
06/27/2007,MKE,WI,AGL,CE,Combined TRACON& Tower with Radar,202,350,42,8,602,0,3,12,0,15,202,353,54,8,617,0,0,0,617
06/28/2007,MKE,WI,AGL,CE,Combined TRACON& Tower with Radar,194,368,85,8,655,0,5,20,0,25,194,373,105,8,680,0,0,0,680
06/29/2007,MKE,WI,AGL,CE,Combined TRACON& Tower with Radar,202,365,69,5,641,0,7,41,3,51,202,372,110,8,692,0,0,0,692
06/30/2007,MKE,WI,AGL,CE,Combined TRACON& Tower with Radar,154,202,22,3,381,0,6,60,0,66,154,208,82,3,447,0,0,0,447
07/01/2007,MKE,WI,AGL,CE,Combined TRACON& Tower with Radar,165,230,21,3,419,0,0,31,0,31,165,230,52,3,450,0,0,0,450
07/02/2007,MKE,WI,AGL,CE,Combined TRACON& Tower with Radar,185,328,31,6,550,0,4,15,0,19,185,332,46,6,569,0,0,0,569
07/03/2007,MKE,WI,AGL,CE,Combined TRACON& Tower with Radar,195,328,21,6,550,0,1,11,0,12,195,329,32,6,562,0,0,0,562
07/04/2007,MKE,WI,AGL,CE,Combined TRACON& Tower with Radar,167,262,19,1,449,0,6,42,3,51,167,268,61,4,500,0,0,0,500
07/05/2007,MKE,WI,AGL,CE,Combined TRACON& Tower with Radar,188,344,31,8,571,0,0,71,0,71,188,344,102,8,642,0,0,0,642
07/06/2007,MKE,WI,AGL,CE,Combined TRACON& Tower with Radar,187,344,40,4,575,0,2,78,0,80,187,346,118,4,655,0,0,0,655
07/07/2007,MKE,WI,AGL,CE,Combined TRACON& Tower with Radar,161,202,13,3,379,0,0,55,0,55,161,202,68,3,434,0,0,0,434
07/08/2007,MKE,WI,AGL,CE,Combined TRACON& Tower with Radar,161,221,29,2,413,1,4,20,0,25,162,225,49,2,438,0,0,0,438
07/09/2007,MKE,WI,AGL,CE,Combined TRACON& Tower with Radar,202,326,61,4,593,0,7,10,1,18,202,333,71,5,611,0,0,0,611
07/10/2007,MKE,WI,AGL,CE,Combined TRACON& Tower with Radar,209,403,54,9,675,0,4,14,2,20,209,407,68,11,695,0,0,0,695
07/11/2007,MKE,WI,AGL,CE,Combined TRACON& Tower with Radar,205,360,74,12,651,0,4,20,4,28,205,364,94,16,679,0,0,0,679
07/12/2007,MKE,WI,AGL,CE,Combined TRACON& Tower with Radar,201,361,68,10,640,1,1,26,0,28,202,362,94,10,668,0,0,0,668
07/13/2007,MKE,WI,AGL,CE,Combined TRACON& Tower with Radar,187,355,33,3,578,0,4,30,0,34,187,359,63,3,612,0,0,0,612
07/14/2007,MKE,WI,AGL,CE,Combined TRACON& Tower with Radar,152,213,27,6,398,0,1,21,1,23,152,214,48,7,421,0,0,0,421
07/15/2007,MKE,WI,AGL,CE,Combined TRACON& Tower with Radar,167,230,32,1,430,1,1,43,1,46,168,231,75,2,476,0,0,0,476
07/16/2007,MKE,WI,AGL,CE,Combined TRACON& Tower with Radar,190,335,55,7,587,0,4,18,8,30,190,339,73,15,617,0,0,0,617
07/17/2007,MKE,WI,AGL,CE,Combined TRACON& Tower with Radar,201,369,52,12,634,0,0,7,0,7,201,369,59,12,641,0,0,0,641
07/18/2007,MKE,WI,AGL,CE,Combined TRACON& Tower with Radar,211,369,71,16,667,0,1,16,0,17,211,370,87,16,684,0,0,0,684
07/19/2007,MKE,WI,AGL,CE,Combined TRACON& Tower with Radar,201,354,75,12,642,0,5,15,1,21,201,359,90,13,663,0,0,0,663
07/20/2007,MKE,WI,AGL,CE,Combined TRACON& Tower with Radar,196,376,43,3,618,0,4,23,0,27,196,380,66,3,645,0,0,0,645
07/21/2007,MKE,WI,AGL,CE,Combined TRACON& Tower with Radar,163,199,20,3,385,0,1,21,1,23,163,200,41,4,408,0,0,0,408
07/22/2007,MKE,WI,AGL,CE,Combined TRACON& Tower with Radar,168,234,20,0,422,0,0,23,1,24,168,234,43,1,446,0,0,0,446
07/23/2007,MKE,WI,AGL,CE,Combined TRACON& Tower with Radar,184,341,57,8,590,0,7,23,0,30,184,348,80,8,620,0,0,0,620
07/24/2007,MKE,WI,AGL,CE,Combined TRACON& Tower with Radar,206,382,57,9,654,0,7,27,0,34,206,389,84,9,688,0,0,0,688
07/25/2007,MKE,WI,AGL,CE,Combined TRACON& Tower with Radar,203,372,86,8,669,0,4,24,2,30,203,376,110,10,699,0,0,0,699
07/26/2007,MKE,WI,AGL,CE,Combined TRACON& Tower with Radar,201,359,97,8,665,0,0,29,0,29,201,359,126,8,694,0,0,0,694
07/27/2007,MKE,WI,AGL,CE,Combined TRACON& Tower with Radar,191,364,63,5,623,0,1,18,0,19,191,365,81,5,642,0,0,0,642
07/28/2007,MKE,WI,AGL,CE,Combined TRACON& Tower with Radar,164,209,24,0,397,0,0,13,0,13,164,209,37,0,410,0,0,0,410
07/29/2007,MKE,WI,AGL,CE,Combined TRACON& Tower with Radar,164,227,32,4,427,0,7,27,0,34,164,234,59,4,461,0,0,0,461
07/30/2007,MKE,WI,AGL,CE,Combined TRACON& Tower with Radar,183,338,49,8,578,2,14,22,3,41,185,352,71,11,619,0,0,0,619
07/31/2007,MKE,WI,AGL,CE,Combined TRACON& Tower with Radar,204,358,47,10,619,3,12,28,0,43,207,370,75,10,662,22,0,22,684
08/01/2007,MKE,WI,AGL,CE,Combined TRACON& Tower with Radar,192,375,68,14,649,0,10,23,0,33,192,385,91,14,682,0,0,0,682
08/02/2007,MKE,WI,AGL,CE,Combined TRACON& Tower with Radar,197,377,67,8,649,0,10,40,0,50,197,387,107,8,699,0,0,0,699
08/03/2007,MKE,WI,AGL,CE,Combined TRACON& Tower with Radar,186,370,46,10,612,0,2,24,0,26,186,372,70,10,638,0,0,0,638
08/04/2007,MKE,WI,AGL,CE,Combined TRACON& Tower with Radar,158,208,33,1,400,0,3,19,2,24,158,211,52,3,424,0,0,0,424
08/05/2007,MKE,WI,AGL,CE,Combined TRACON& Tower with Radar,165,244,34,4,447,0,0,4,0,4,165,244,38,4,451,0,0,0,451
08/06/2007,MKE,WI,AGL,CE,Combined TRACON& Tower with Radar,178,340,68,6,592,0,0,4,0,4,178,340,72,6,596,0,0,0,596
08/07/2007,MKE,WI,AGL,CE,Combined TRACON& Tower with Radar,195,364,52,9,620,2,9,7,1,19,197,373,59,10,639,0,0,0,639
08/08/2007,MKE,WI,AGL,CE,Combined TRACON& Tower with Radar,212,380,72,5,669,2,9,14,0,25,214,389,86,5,694,0,0,0,694
08/09/2007,MKE,WI,AGL,CE,Combined TRACON& Tower with Radar,188,374,62,11,635,0,5,9,1,15,188,379,71,12,650,0,0,0,650
08/10/2007,MKE,WI,AGL,CE,Combined TRACON& Tower with Radar,196,377,51,4,628,1,0,6,0,7,197,377,57,4,635,0,0,0,635
08/11/2007,MKE,WI,AGL,CE,Combined TRACON& Tower with Radar,151,211,20,1,383,2,4,6,0,12,153,215,26,1,395,0,0,0,395
08/12/2007,MKE,WI,AGL,CE,Combined TRACON& Tower with Radar,162,245,17,1,425,0,4,19,0,23,162,249,36,1,448,0,0,0,448
08/13/2007,MKE,WI,AGL,CE,Combined TRACON& Tower with Radar,186,350,43,9,588,3,12,19,1,35,189,362,62,10,623,0,0,0,623
08/14/2007,MKE,WI,AGL,CE,Combined TRACON& Tower with Radar,187,368,47,11,613,1,6,12,1,20,188,374,59,12,633,0,0,0,633
08/15/2007,MKE,WI,AGL,CE,Combined TRACON& Tower with Radar,191,376,56,9,632,0,0,9,0,9,191,376,65,9,641,0,0,0,641
08/16/2007,MKE,WI,AGL,CE,Combined TRACON& Tower with Radar,186,374,60,22,642,0,6,29,4,39,186,380,89,26,681,0,0,0,681
08/17/2007,MKE,WI,AGL,CE,Combined TRACON& Tower with Radar,180,360,52,2,594,0,5,44,0,49,180,365,96,2,643,0,0,0,643
08/18/2007,MKE,WI,AGL,CE,Combined TRACON& Tower with Radar,155,211,21,3,390,0,3,18,0,21,155,214,39,3,411,0,0,0,411
08/19/2007,MKE,WI,AGL,CE,Combined TRACON& Tower with Radar,159,234,24,0,417,0,0,0,0,0,159,234,24,0,417,0,0,0,417
08/20/2007,MKE,WI,AGL,CE,Combined TRACON& Tower with Radar,179,338,53,6,576,0,1,0,0,1,179,339,53,6,577,0,0,0,577
08/21/2007,MKE,WI,AGL,CE,Combined TRACON& Tower with Radar,195,376,52,9,632,0,0,0,0,0,195,376,52,9,632,0,0,0,632
08/22/2007,MKE,WI,AGL,CE,Combined TRACON& Tower with Radar,178,318,61,7,564,0,6,9,0,15,178,324,70,7,579,0,0,0,579
08/23/2007,MKE,WI,AGL,CE,Combined TRACON& Tower with Radar,221,366,62,11,660,0,0,2,0,2,221,366,64,11,662,0,0,0,662
08/24/2007,MKE,WI,AGL,CE,Combined TRACON& Tower with Radar,189,368,42,6,605,0,0,3,0,3,189,368,45,6,608,0,0,0,608
08/25/2007,MKE,WI,AGL,CE,Combined TRACON& Tower with Radar,155,212,22,0,389,0,0,10,0,10,155,212,32,0,399,0,0,0,399
08/26/2007,MKE,WI,AGL,CE,Combined TRACON& Tower with Radar,157,241,18,1,417,0,1,26,0,27,157,242,44,1,444,0,0,0,444
08/27/2007,MKE,WI,AGL,CE,Combined TRACON& Tower with Radar,178,348,51,6,583,0,4,12,0,16,178,352,63,6,599,0,0,0,599
08/28/2007,MKE,WI,AGL,CE,Combined TRACON& Tower with Radar,186,372,52,9,619,0,2,17,0,19,186,374,69,9,638,0,0,0,638
08/29/2007,MKE,WI,AGL,CE,Combined TRACON& Tower with Radar,184,376,44,9,613,0,2,6,0,8,184,378,50,9,621,0,0,0,621
08/30/2007,MKE,WI,AGL,CE,Combined TRACON& Tower with Radar,190,377,58,10,635,0,2,17,0,19,190,379,75,10,654,0,0,0,654
08/31/2007,MKE,WI,AGL,CE,Combined TRACON& Tower with Radar,189,378,49,7,623,0,3,13,0,16,189,381,62,7,639,0,0,0,639
09/01/2007,MKE,WI,AGL,CE,Combined TRACON& Tower with Radar,139,190,7,0,336,0,3,27,0,30,139,193,34,0,366,0,0,0,366
09/02/2007,MKE,WI,AGL,CE,Combined TRACON& Tower with Radar,135,171,6,1,313,0,0,16,2,18,135,171,22,3,331,0,0,0,331
09/03/2007,MKE,WI,AGL,CE,Combined TRACON& Tower with Radar,167,284,20,1,472,0,3,16,0,19,167,287,36,1,491,0,0,0,491
09/04/2007,MKE,WI,AGL,CE,Combined TRACON& Tower with Radar,179,340,59,5,583,0,6,15,0,21,179,346,74,5,604,0,0,0,604
09/05/2007,MKE,WI,AGL,CE,Combined TRACON& Tower with Radar,191,365,45,5,606,0,6,11,0,17,191,371,56,5,623,0,0,0,623
09/06/2007,MKE,WI,AGL,CE,Combined TRACON& Tower with Radar,204,377,53,9,643,0,0,6,0,6,204,377,59,9,649,0,0,0,649
09/07/2007,MKE,WI,AGL,CE,Combined TRACON& Tower with Radar,195,361,33,8,597,0,0,4,0,4,195,361,37,8,601,0,0,0,601
09/08/2007,MKE,WI,AGL,CE,Combined TRACON& Tower with Radar,151,199,15,2,367,0,2,31,0,33,151,201,46,2,400,0,0,0,400
09/09/2007,MKE,WI,AGL,CE,Combined TRACON& Tower with Radar,164,247,30,6,447,0,0,14,0,14,164,247,44,6,461,0,0,0,461
09/10/2007,MKE,WI,AGL,CE,Combined TRACON& Tower with Radar,183,340,39,5,567,0,0,0,0,0,183,340,39,5,567,0,0,0,567
09/11/2007,MKE,WI,AGL,CE,Combined TRACON& Tower with Radar,192,367,50,7,616,0,5,3,0,8,192,372,53,7,624,0,0,0,624
09/12/2007,MKE,WI,AGL,CE,Combined TRACON& Tower with Radar,195,364,44,3,606,0,4,23,0,27,195,368,67,3,633,0,0,0,633
09/13/2007,MKE,WI,AGL,CE,Combined TRACON& Tower with Radar,196,361,55,9,621,0,5,35,0,40,196,366,90,9,661,0,0,0,661
09/14/2007,MKE,WI,AGL,CE,Combined TRACON& Tower with Radar,184,367,51,7,609,2,6,24,0,32,186,373,75,7,641,0,0,0,641
09/15/2007,MKE,WI,AGL,CE,Combined TRACON& Tower with Radar,152,190,20,0,362,0,3,24,0,27,152,193,44,0,389,0,0,0,389
09/16/2007,MKE,WI,AGL,CE,Combined TRACON& Tower with Radar,164,233,29,3,429,0,6,12,0,18,164,239,41,3,447,0,0,0,447
09/17/2007,MKE,WI,AGL,CE,Combined TRACON& Tower with Radar,175,335,67,5,582,3,5,19,0,27,178,340,86,5,609,0,0,0,609
09/18/2007,MKE,WI,AGL,CE,Combined TRACON& Tower with Radar,185,375,59,7,626,1,7,16,0,24,186,382,75,7,650,0,0,0,650
09/19/2007,MKE,WI,AGL,CE,Combined TRACON& Tower with Radar,188,370,67,9,634,1,11,26,0,38,189,381,93,9,672,0,0,0,672
09/20/2007,MKE,WI,AGL,CE,Combined TRACON& Tower with Radar,173,307,60,5,545,0,4,7,0,11,173,311,67,5,556,0,0,0,556
09/21/2007,MKE,WI,AGL,CE,Combined TRACON& Tower with Radar,201,362,49,8,620,0,3,19,0,22,201,365,68,8,642,0,0,0,642
09/22/2007,MKE,WI,AGL,CE,Combined TRACON& Tower with Radar,144,209,16,1,370,0,5,17,0,22,144,214,33,1,392,0,0,0,392
09/23/2007,MKE,WI,AGL,CE,Combined TRACON& Tower with Radar,164,239,26,0,429,0,3,16,0,19,164,242,42,0,448,0,0,0,448
09/24/2007,MKE,WI,AGL,CE,Combined TRACON& Tower with Radar,182,343,44,9,578,0,8,13,0,21,182,351,57,9,599,0,0,0,599
09/25/2007,MKE,WI,AGL,CE,Combined TRACON& Tower with Radar,186,368,65,5,624,0,3,11,0,14,186,371,76,5,638,0,0,0,638
09/26/2007,MKE,WI,AGL,CE,Combined TRACON& Tower with Radar,190,370,57,9,626,0,3,16,2,21,190,373,73,11,647,0,0,0,647
09/27/2007,MKE,WI,AGL,CE,Combined TRACON& Tower with Radar,190,376,57,15,638,0,0,17,0,17,190,376,74,15,655,0,0,0,655
09/28/2007,MKE,WI,AGL,CE,Combined TRACON& Tower with Radar,194,373,51,6,624,0,1,33,0,34,194,374,84,6,658,0,0,0,658
09/29/2007,MKE,WI,AGL,CE,Combined TRACON& Tower with Radar,151,202,17,0,370,0,2,14,0,16,151,204,31,0,386,0,0,0,386
09/30/2007,MKE,WI,AGL,CE,Combined TRACON& Tower with Radar,158,243,31,0,432,0,6,12,0,18,158,249,43,0,450,0,0,0,450
10/01/2007,MKE,WI,AGL,CE,Combined TRACON& Tower with Radar,176,315,36,2,529,0,0,0,0,0,176,315,36,2,529,0,0,0,529
10/02/2007,MKE,WI,AGL,CE,Combined TRACON& Tower with Radar,175,327,44,8,554,0,0,3,0,3,175,327,47,8,557,0,0,0,557
10/03/2007,MKE,WI,AGL,CE,Combined TRACON& Tower with Radar,189,371,46,12,618,0,0,19,0,19,189,371,65,12,637,0,0,0,637
10/04/2007,MKE,WI,AGL,CE,Combined TRACON& Tower with Radar,187,379,63,8,637,0,6,26,0,32,187,385,89,8,669,0,0,0,669
10/05/2007,MKE,WI,AGL,CE,Combined TRACON& Tower with Radar,185,364,28,2,579,0,8,16,0,24,185,372,44,2,603,0,0,0,603
10/06/2007,MKE,WI,AGL,CE,Combined TRACON& Tower with Radar,150,209,12,0,371,0,4,23,0,27,150,213,35,0,398,0,0,0,398
10/07/2007,MKE,WI,AGL,CE,Combined TRACON& Tower with Radar,158,244,23,2,427,0,0,16,0,16,158,244,39,2,443,0,0,0,443
10/08/2007,MKE,WI,AGL,CE,Combined TRACON& Tower with Radar,184,347,42,1,574,0,0,11,0,11,184,347,53,1,585,0,0,0,585
10/09/2007,MKE,WI,AGL,CE,Combined TRACON& Tower with Radar,188,346,59,10,603,0,0,16,0,16,188,346,75,10,619,0,0,0,619
10/10/2007,MKE,WI,AGL,CE,Combined TRACON& Tower with Radar,193,376,56,4,629,0,4,10,0,14,193,380,66,4,643,0,0,0,643
10/11/2007,MKE,WI,AGL,CE,Combined TRACON& Tower with Radar,184,376,63,2,625,0,14,6,0,20,184,390,69,2,645,0,0,0,645
10/12/2007,MKE,WI,AGL,CE,Combined TRACON& Tower with Radar,193,366,51,6,616,0,7,16,0,23,193,373,67,6,639,0,0,0,639
10/13/2007,MKE,WI,AGL,CE,Combined TRACON& Tower with Radar,150,216,23,1,390,0,1,14,0,15,150,217,37,1,405,0,0,0,405
10/14/2007,MKE,WI,AGL,CE,Combined TRACON& Tower with Radar,159,232,22,8,421,0,0,1,0,1,159,232,23,8,422,0,0,0,422
10/15/2007,MKE,WI,AGL,CE,Combined TRACON& Tower with Radar,182,353,61,4,600,0,4,6,0,10,182,357,67,4,610,0,0,0,610
10/16/2007,MKE,WI,AGL,CE,Combined TRACON& Tower with Radar,179,340,50,1,570,0,2,3,0,5,179,342,53,1,575,0,0,0,575
10/17/2007,MKE,WI,AGL,CE,Combined TRACON& Tower with Radar,185,369,66,0,620,0,0,19,0,19,185,369,85,0,639,0,0,0,639
10/18/2007,MKE,WI,AGL,CE,Combined TRACON& Tower with Radar,191,369,58,2,620,0,9,2,0,11,191,378,60,2,631,0,0,0,631
10/19/2007,MKE,WI,AGL,CE,Combined TRACON& Tower with Radar,185,373,62,12,632,0,3,0,0,3,185,376,62,12,635,0,0,0,635
10/20/2007,MKE,WI,AGL,CE,Combined TRACON& Tower with Radar,156,209,17,5,387,0,2,24,0,26,156,211,41,5,413,0,0,0,413
10/21/2007,MKE,WI,AGL,CE,Combined TRACON& Tower with Radar,161,236,26,2,425,0,0,13,0,13,161,236,39,2,438,0,0,0,438
10/22/2007,MKE,WI,AGL,CE,Combined TRACON& Tower with Radar,182,348,58,1,589,0,0,7,0,7,182,348,65,1,596,0,0,0,596
10/23/2007,MKE,WI,AGL,CE,Combined TRACON& Tower with Radar,194,373,60,9,636,0,3,11,0,14,194,376,71,9,650,0,0,0,650
10/24/2007,MKE,WI,AGL,CE,Combined TRACON& Tower with Radar,188,365,53,7,613,0,0,10,0,10,188,365,63,7,623,0,0,0,623
10/25/2007,MKE,WI,AGL,CE,Combined TRACON& Tower with Radar,197,377,63,13,650,0,1,16,0,17,197,378,79,13,667,0,0,0,667
10/26/2007,MKE,WI,AGL,CE,Combined TRACON& Tower with Radar,193,373,45,5,616,0,0,4,0,4,193,373,49,5,620,0,0,0,620
10/27/2007,MKE,WI,AGL,CE,Combined TRACON& Tower with Radar,154,199,19,0,372,0,0,0,0,0,154,199,19,0,372,0,0,0,372
10/28/2007,MKE,WI,AGL,CE,Combined TRACON& Tower with Radar,166,243,18,0,427,0,4,25,0,29,166,247,43,0,456,0,0,0,456
10/29/2007,MKE,WI,AGL,CE,Combined TRACON& Tower with Radar,183,341,62,6,592,0,1,8,0,9,183,342,70,6,601,0,0,0,601
10/30/2007,MKE,WI,AGL,CE,Combined TRACON& Tower with Radar,197,366,36,14,613,0,0,8,0,8,197,366,44,14,621,0,0,0,621
10/31/2007,MKE,WI,AGL,CE,Combined TRACON& Tower with Radar,196,369,46,12,623,0,3,9,0,12,196,372,55,12,635,0,0,0,635
11/01/2007,MKE,WI,AGL,CE,Combined TRACON& Tower with Radar,190,380,58,12,640,0,3,14,0,17,190,383,72,12,657,0,0,0,657
11/02/2007,MKE,WI,AGL,CE,Combined TRACON& Tower with Radar,198,364,32,5,599,0,5,9,0,14,198,369,41,5,613,0,0,0,613
11/03/2007,MKE,WI,AGL,CE,Combined TRACON& Tower with Radar,158,199,18,6,381,0,7,16,0,23,158,206,34,6,404,0,0,0,404
11/04/2007,MKE,WI,AGL,CE,Combined TRACON& Tower with Radar,167,234,28,3,432,0,0,11,0,11,167,234,39,3,443,0,0,0,443
11/05/2007,MKE,WI,AGL,CE,Combined TRACON& Tower with Radar,187,337,33,2,559,0,6,1,0,7,187,343,34,2,566,0,0,0,566
11/06/2007,MKE,WI,AGL,CE,Combined TRACON& Tower with Radar,190,349,54,9,602,0,1,8,1,10,190,350,62,10,612,0,0,0,612
11/07/2007,MKE,WI,AGL,CE,Combined TRACON& Tower with Radar,192,369,78,10,649,0,1,13,0,14,192,370,91,10,663,0,0,0,663
11/08/2007,MKE,WI,AGL,CE,Combined TRACON& Tower with Radar,196,369,48,11,624,0,2,9,0,11,196,371,57,11,635,0,0,0,635
11/09/2007,MKE,WI,AGL,CE,Combined TRACON& Tower with Radar,198,373,48,4,623,0,6,10,0,16,198,379,58,4,639,0,0,0,639
11/10/2007,MKE,WI,AGL,CE,Combined TRACON& Tower with Radar,162,202,25,1,390,0,4,14,0,18,162,206,39,1,408,0,0,0,408
11/11/2007,MKE,WI,AGL,CE,Combined TRACON& Tower with Radar,168,235,28,2,433,0,0,0,0,0,168,235,28,2,433,0,0,0,433
11/12/2007,MKE,WI,AGL,CE,Combined TRACON& Tower with Radar,186,342,48,0,576,0,2,6,0,8,186,344,54,0,584,0,0,0,584
11/13/2007,MKE,WI,AGL,CE,Combined TRACON& Tower with Radar,193,359,56,6,614,0,7,15,0,22,193,366,71,6,636,0,0,0,636
11/14/2007,MKE,WI,AGL,CE,Combined TRACON& Tower with Radar,188,361,50,6,605,0,2,11,0,13,188,363,61,6,618,0,0,0,618
11/15/2007,MKE,WI,AGL,CE,Combined TRACON& Tower with Radar,200,360,72,10,642,0,2,6,0,8,200,362,78,10,650,0,0,0,650
11/16/2007,MKE,WI,AGL,CE,Combined TRACON& Tower with Radar,195,364,54,8,621,0,0,22,0,22,195,364,76,8,643,0,0,0,643
11/17/2007,MKE,WI,AGL,CE,Combined TRACON& Tower with Radar,173,198,24,2,397,0,1,2,0,3,173,199,26,2,400,0,0,0,400
11/18/2007,MKE,WI,AGL,CE,Combined TRACON& Tower with Radar,178,232,7,3,420,0,0,14,0,14,178,232,21,3,434,0,0,0,434
11/19/2007,MKE,WI,AGL,CE,Combined TRACON& Tower with Radar,200,328,44,8,580,0,2,2,0,4,200,330,46,8,584,0,0,0,584
11/20/2007,MKE,WI,AGL,CE,Combined TRACON& Tower with Radar,208,375,47,7,637,0,0,3,0,3,208,375,50,7,640,0,0,0,640
11/21/2007,MKE,WI,AGL,CE,Combined TRACON& Tower with Radar,208,377,33,5,623,0,0,0,0,0,208,377,33,5,623,0,0,0,623
11/22/2007,MKE,WI,AGL,CE,Combined TRACON& Tower with Radar,121,141,6,2,270,0,1,0,0,1,121,142,6,2,271,0,0,0,271
11/23/2007,MKE,WI,AGL,CE,Combined TRACON& Tower with Radar,145,161,8,2,316,0,0,21,0,21,145,161,29,2,337,0,0,0,337
11/24/2007,MKE,WI,AGL,CE,Combined TRACON& Tower with Radar,183,240,9,0,432,0,1,14,0,15,183,241,23,0,447,0,0,0,447
11/25/2007,MKE,WI,AGL,CE,Combined TRACON& Tower with Radar,194,283,20,0,497,0,5,9,0,14,194,288,29,0,511,0,0,0,511
11/26/2007,MKE,WI,AGL,CE,Combined TRACON& Tower with Radar,193,341,35,6,575,0,1,5,0,6,193,342,40,6,581,0,0,0,581
11/27/2007,MKE,WI,AGL,CE,Combined TRACON& Tower with Radar,212,381,44,8,645,0,1,14,0,15,212,382,58,8,660,0,0,0,660
11/28/2007,MKE,WI,AGL,CE,Combined TRACON& Tower with Radar,195,368,54,6,623,0,4,8,0,12,195,372,62,6,635,0,0,0,635
11/29/2007,MKE,WI,AGL,CE,Combined TRACON& Tower with Radar,205,372,52,13,642,0,0,19,0,19,205,372,71,13,661,0,0,0,661
11/30/2007,MKE,WI,AGL,CE,Combined TRACON& Tower with Radar,201,365,68,7,641,0,2,7,0,9,201,367,75,7,650,0,0,0,650
12/01/2007,MKE,WI,AGL,CE,Combined TRACON& Tower with Radar,86,127,9,0,222,0,0,1,0,1,86,127,10,0,223,0,0,0,223
12/02/2007,MKE,WI,AGL,CE,Combined TRACON& Tower with Radar,173,217,24,3,417,0,3,0,0,3,173,220,24,3,420,0,0,0,420
12/03/2007,MKE,WI,AGL,CE,Combined TRACON& Tower with Radar,194,334,23,3,554,0,3,11,0,14,194,337,34,3,568,0,0,0,568
12/04/2007,MKE,WI,AGL,CE,Combined TRACON& Tower with Radar,156,269,50,3,478,0,2,2,0,4,156,271,52,3,482,0,0,0,482
12/05/2007,MKE,WI,AGL,CE,Combined TRACON& Tower with Radar,179,289,42,5,515,0,3,4,0,7,179,292,46,5,522,0,0,0,522
12/06/2007,MKE,WI,AGL,CE,Combined TRACON& Tower with Radar,201,359,39,5,604,0,12,13,0,25,201,371,52,5,629,0,0,0,629
12/07/2007,MKE,WI,AGL,CE,Combined TRACON& Tower with Radar,207,347,48,2,604,0,0,4,0,4,207,347,52,2,608,0,0,0,608
12/08/2007,MKE,WI,AGL,CE,Combined TRACON& Tower with Radar,152,195,19,0,366,0,3,9,0,12,152,198,28,0,378,0,0,0,378
12/09/2007,MKE,WI,AGL,CE,Combined TRACON& Tower with Radar,167,214,12,3,396,0,0,0,0,0,167,214,12,3,396,0,0,0,396
12/10/2007,MKE,WI,AGL,CE,Combined TRACON& Tower with Radar,190,333,33,4,560,0,0,2,0,2,190,333,35,4,562,0,0,0,562
12/11/2007,MKE,WI,AGL,CE,Combined TRACON& Tower with Radar,76,134,40,0,250,0,0,0,0,0,76,134,40,0,250,0,0,0,250
12/12/2007,MKE,WI,AGL,CE,Combined TRACON& Tower with Radar,202,373,44,10,629,0,0,13,1,14,202,373,57,11,643,0,0,0,643
12/13/2007,MKE,WI,AGL,CE,Combined TRACON& Tower with Radar,184,365,47,8,604,0,1,5,0,6,184,366,52,8,610,0,0,0,610
12/14/2007,MKE,WI,AGL,CE,Combined TRACON& Tower with Radar,204,352,51,5,612,0,3,14,0,17,204,355,65,5,629,0,0,0,629
12/15/2007,MKE,WI,AGL,CE,Combined TRACON& Tower with Radar,130,174,13,0,317,0,0,0,0,0,130,174,13,0,317,0,0,0,317
12/16/2007,MKE,WI,AGL,CE,Combined TRACON& Tower with Radar,163,197,14,2,376,0,7,2,0,9,163,204,16,2,385,0,0,0,385
12/17/2007,MKE,WI,AGL,CE,Combined TRACON& Tower with Radar,192,320,50,2,564,0,1,4,0,5,192,321,54,2,569,0,0,0,569
12/18/2007,MKE,WI,AGL,CE,Combined TRACON& Tower with Radar,199,359,78,3,639,0,4,16,0,20,199,363,94,3,659,0,0,0,659
12/19/2007,MKE,WI,AGL,CE,Combined TRACON& Tower with Radar,212,364,56,5,637,0,10,10,0,20,212,374,66,5,657,0,0,0,657
12/20/2007,MKE,WI,AGL,CE,Combined TRACON& Tower with Radar,211,363,58,6,638,0,3,3,0,6,211,366,61,6,644,0,0,0,644
12/21/2007,MKE,WI,AGL,CE,Combined TRACON& Tower with Radar,197,286,40,2,525,0,1,0,0,1,197,287,40,2,526,0,0,0,526
12/22/2007,MKE,WI,AGL,CE,Combined TRACON& Tower with Radar,105,86,7,0,198,0,0,0,0,0,105,86,7,0,198,0,0,0,198
12/23/2007,MKE,WI,AGL,CE,Combined TRACON& Tower with Radar,188,179,13,0,380,0,0,0,0,0,188,179,13,0,380,0,0,0,380
12/24/2007,MKE,WI,AGL,CE,Combined TRACON& Tower with Radar,174,226,5,0,405,0,5,1,0,6,174,231,6,0,411,0,0,0,411
12/25/2007,MKE,WI,AGL,CE,Combined TRACON& Tower with Radar,157,198,3,2,360,0,5,4,0,9,157,203,7,2,369,0,0,0,369
12/26/2007,MKE,WI,AGL,CE,Combined TRACON& Tower with Radar,221,331,25,0,577,0,0,17,0,17,221,331,42,0,594,0,0,0,594
12/27/2007,MKE,WI,AGL,CE,Combined TRACON& Tower with Radar,207,338,26,4,575,0,5,3,0,8,207,343,29,4,583,0,0,0,583
12/28/2007,MKE,WI,AGL,CE,Combined TRACON& Tower with Radar,153,227,17,2,399,0,0,0,0,0,153,227,17,2,399,0,0,0,399
12/29/2007,MKE,WI,AGL,CE,Combined TRACON& Tower with Radar,203,216,22,0,441,0,0,2,0,2,203,216,24,0,443,0,0,0,443
12/30/2007,MKE,WI,AGL,CE,Combined TRACON& Tower with Radar,190,226,16,0,432,0,0,0,0,0,190,226,16,0,432,0,0,0,432
12/31/2007,MKE,WI,AGL,CE,Combined TRACON& Tower with Radar,181,217,6,0,404,0,0,0,0,0,181,217,6,0,404,0,0,0,404
01/01/2008,MKE,WI,AGL,CE,Combined TRACON& Tower with Radar,174,260,19,0,453,0,0,0,0,0,174,260,19,0,453,0,0,0,453
01/02/2008,MKE,WI,AGL,CE,Combined TRACON& Tower with Radar,213,331,32,0,576,0,8,13,0,21,213,339,45,0,597,0,0,0,597
01/03/2008,MKE,WI,AGL,CE,Combined TRACON& Tower with Radar,208,361,34,5,608,0,6,11,0,17,208,367,45,5,625,0,0,0,625
01/04/2008,MKE,WI,AGL,CE,Combined TRACON& Tower with Radar,211,352,40,4,607,0,6,18,0,24,211,358,58,4,631,0,0,0,631
01/05/2008,MKE,WI,AGL,CE,Combined TRACON& Tower with Radar,181,203,14,1,399,0,6,0,0,6,181,209,14,1,405,0,0,0,405
01/06/2008,MKE,WI,AGL,CE,Combined TRACON& Tower with Radar,105,155,20,3,283,0,0,0,0,0,105,155,20,3,283,0,0,0,283
01/07/2008,MKE,WI,AGL,CE,Combined TRACON& Tower with Radar,190,319,27,8,544,0,0,0,0,0,190,319,27,8,544,0,0,0,544
01/08/2008,MKE,WI,AGL,CE,Combined TRACON& Tower with Radar,172,326,34,8,540,0,1,0,0,1,172,327,34,8,541,0,0,0,541
01/09/2008,MKE,WI,AGL,CE,Combined TRACON& Tower with Radar,191,374,31,8,604,0,3,28,0,31,191,377,59,8,635,0,0,0,635
01/10/2008,MKE,WI,AGL,CE,Combined TRACON& Tower with Radar,192,343,45,10,590,0,3,13,0,16,192,346,58,10,606,0,0,0,606
01/11/2008,MKE,WI,AGL,CE,Combined TRACON& Tower with Radar,205,383,25,9,622,0,0,2,0,2,205,383,27,9,624,0,0,0,624
01/12/2008,MKE,WI,AGL,CE,Combined TRACON& Tower with Radar,157,188,21,6,372,0,0,2,0,2,157,188,23,6,374,0,0,0,374
01/13/2008,MKE,WI,AGL,CE,Combined TRACON& Tower with Radar,166,232,16,3,417,0,0,0,0,0,166,232,16,3,417,0,0,0,417
01/14/2008,MKE,WI,AGL,CE,Combined TRACON& Tower with Radar,182,333,33,6,554,0,4,0,0,4,182,337,33,6,558,0,0,0,558
01/15/2008,MKE,WI,AGL,CE,Combined TRACON& Tower with Radar,185,356,44,8,593,0,7,3,1,11,185,363,47,9,604,0,0,0,604
01/16/2008,MKE,WI,AGL,CE,Combined TRACON& Tower with Radar,191,368,64,27,650,0,9,6,0,15,191,377,70,27,665,0,0,0,665
01/17/2008,MKE,WI,AGL,CE,Combined TRACON& Tower with Radar,198,350,54,15,617,0,0,0,0,0,198,350,54,15,617,0,0,0,617
01/18/2008,MKE,WI,AGL,CE,Combined TRACON& Tower with Radar,195,341,45,4,585,0,4,4,0,8,195,345,49,4,593,0,0,0,593
01/19/2008,MKE,WI,AGL,CE,Combined TRACON& Tower with Radar,163,179,16,2,360,0,0,3,0,3,163,179,19,2,363,0,0,0,363
01/20/2008,MKE,WI,AGL,CE,Combined TRACON& Tower with Radar,169,230,27,2,428,0,6,7,0,13,169,236,34,2,441,0,0,0,441
01/21/2008,MKE,WI,AGL,CE,Combined TRACON& Tower with Radar,176,285,34,0,495,0,2,0,0,2,176,287,34,0,497,0,0,0,497
01/22/2008,MKE,WI,AGL,CE,Combined TRACON& Tower with Radar,194,349,49,4,596,0,1,4,0,5,194,350,53,4,601,0,0,0,601
01/23/2008,MKE,WI,AGL,CE,Combined TRACON& Tower with Radar,190,358,47,3,598,0,0,1,0,1,190,358,48,3,599,0,0,0,599
01/24/2008,MKE,WI,AGL,CE,Combined TRACON& Tower with Radar,199,364,55,6,624,0,1,6,0,7,199,365,61,6,631,0,0,0,631
01/25/2008,MKE,WI,AGL,CE,Combined TRACON& Tower with Radar,194,356,25,3,578,0,2,9,0,11,194,358,34,3,589,0,0,0,589
01/26/2008,MKE,WI,AGL,CE,Combined TRACON& Tower with Radar,163,183,6,1,353,0,0,0,0,0,163,183,6,1,353,0,0,0,353
01/27/2008,MKE,WI,AGL,CE,Combined TRACON& Tower with Radar,164,233,21,0,418,0,1,17,0,18,164,234,38,0,436,0,0,0,436
01/28/2008,MKE,WI,AGL,CE,Combined TRACON& Tower with Radar,191,342,21,7,561,0,5,0,0,5,191,347,21,7,566,0,0,0,566
01/29/2008,MKE,WI,AGL,CE,Combined TRACON& Tower with Radar,158,308,47,0,513,0,1,0,0,1,158,309,47,0,514,0,0,0,514
01/30/2008,MKE,WI,AGL,CE,Combined TRACON& Tower with Radar,197,356,47,11,611,0,0,0,0,0,197,356,47,11,611,0,0,0,611
01/31/2008,MKE,WI,AGL,CE,Combined TRACON& Tower with Radar,197,360,61,21,639,0,0,5,0,5,197,360,66,21,644,0,0,0,644
02/01/2008,MKE,WI,AGL,CE,Combined TRACON& Tower with Radar,195,331,39,9,574,0,0,2,0,2,195,331,41,9,576,0,0,0,576
02/02/2008,MKE,WI,AGL,CE,Combined TRACON& Tower with Radar,164,185,17,2,368,0,0,0,0,0,164,185,17,2,368,0,0,0,368
02/03/2008,MKE,WI,AGL,CE,Combined TRACON& Tower with Radar,162,232,18,10,422,0,0,0,0,0,162,232,18,10,422,0,0,0,422
02/04/2008,MKE,WI,AGL,CE,Combined TRACON& Tower with Radar,165,269,54,0,488,0,1,0,0,1,165,270,54,0,489,0,0,0,489
02/05/2008,MKE,WI,AGL,CE,Combined TRACON& Tower with Radar,161,282,32,6,481,0,0,0,0,0,161,282,32,6,481,0,0,0,481
02/06/2008,MKE,WI,AGL,CE,Combined TRACON& Tower with Radar,22,55,7,0,84,0,0,0,0,0,22,55,7,0,84,0,0,0,84
02/07/2008,MKE,WI,AGL,CE,Combined TRACON& Tower with Radar,178,301,86,4,569,0,0,7,0,7,178,301,93,4,576,0,0,0,576
02/08/2008,MKE,WI,AGL,CE,Combined TRACON& Tower with Radar,200,355,49,6,610,0,0,0,0,0,200,355,49,6,610,0,0,0,610
02/09/2008,MKE,WI,AGL,CE,Combined TRACON& Tower with Radar,161,184,15,4,364,0,0,0,0,0,161,184,15,4,364,0,0,0,364
02/10/2008,MKE,WI,AGL,CE,Combined TRACON& Tower with Radar,161,212,21,3,397,0,0,0,0,0,161,212,21,3,397,0,0,0,397
02/11/2008,MKE,WI,AGL,CE,Combined TRACON& Tower with Radar,186,343,26,10,565,0,2,10,0,12,186,345,36,10,577,0,0,0,577
02/12/2008,MKE,WI,AGL,CE,Combined TRACON& Tower with Radar,177,328,40,0,545,0,2,0,0,2,177,330,40,0,547,0,0,0,547
02/13/2008,MKE,WI,AGL,CE,Combined TRACON& Tower with Radar,194,364,50,8,616,0,8,21,0,29,194,372,71,8,645,0,0,0,645
02/14/2008,MKE,WI,AGL,CE,Combined TRACON& Tower with Radar,197,376,44,8,625,0,0,2,0,2,197,376,46,8,627,0,0,0,627
02/15/2008,MKE,WI,AGL,CE,Combined TRACON& Tower with Radar,201,353,53,2,609,0,2,13,0,15,201,355,66,2,624,0,0,0,624
02/16/2008,MKE,WI,AGL,CE,Combined TRACON& Tower with Radar,179,181,14,0,374,0,4,11,0,15,179,185,25,0,389,0,0,0,389
02/17/2008,MKE,WI,AGL,CE,Combined TRACON& Tower with Radar,165,193,14,1,373,0,0,1,0,1,165,193,15,1,374,0,0,0,374
02/18/2008,MKE,WI,AGL,CE,Combined TRACON& Tower with Radar,198,320,69,1,588,0,1,2,0,3,198,321,71,1,591,0,0,0,591
02/19/2008,MKE,WI,AGL,CE,Combined TRACON& Tower with Radar,199,362,38,7,606,0,5,12,0,17,199,367,50,7,623,0,0,0,623
02/20/2008,MKE,WI,AGL,CE,Combined TRACON& Tower with Radar,205,363,52,5,625,0,3,9,0,12,205,366,61,5,637,0,0,0,637
02/21/2008,MKE,WI,AGL,CE,Combined TRACON& Tower with Radar,203,363,55,12,633,0,5,11,0,16,203,368,66,12,649,0,0,0,649
02/22/2008,MKE,WI,AGL,CE,Combined TRACON& Tower with Radar,195,334,27,4,560,0,4,5,0,9,195,338,32,4,569,0,0,0,569
02/23/2008,MKE,WI,AGL,CE,Combined TRACON& Tower with Radar,177,186,18,0,381,0,2,20,0,22,177,188,38,0,403,0,0,0,403
02/24/2008,MKE,WI,AGL,CE,Combined TRACON& Tower with Radar,176,221,23,0,420,0,3,9,0,12,176,224,32,0,432,0,0,0,432
02/25/2008,MKE,WI,AGL,CE,Combined TRACON& Tower with Radar,192,334,21,3,550,0,3,0,0,3,192,337,21,3,553,0,0,0,553
02/26/2008,MKE,WI,AGL,CE,Combined TRACON& Tower with Radar,195,346,42,10,593,0,9,2,0,11,195,355,44,10,604,0,0,0,604
02/27/2008,MKE,WI,AGL,CE,Combined TRACON& Tower with Radar,203,373,51,14,641,0,5,10,0,15,203,378,61,14,656,0,0,0,656
02/28/2008,MKE,WI,AGL,CE,Combined TRACON& Tower with Radar,198,376,41,5,620,0,0,11,0,11,198,376,52,5,631,0,0,0,631
02/29/2008,MKE,WI,AGL,CE,Combined TRACON& Tower with Radar,204,343,42,4,593,0,0,5,0,5,204,343,47,4,598,0,0,0,598
03/01/2008,MKE,WI,AGL,CE,Combined TRACON& Tower with Radar,181,184,16,2,383,0,2,18,0,20,181,186,34,2,403,0,0,0,403
03/02/2008,MKE,WI,AGL,CE,Combined TRACON& Tower with Radar,174,232,18,5,429,0,0,8,0,8,174,232,26,5,437,0,0,0,437
03/03/2008,MKE,WI,AGL,CE,Combined TRACON& Tower with Radar,194,334,28,8,564,0,0,5,0,5,194,334,33,8,569,0,0,0,569
03/04/2008,MKE,WI,AGL,CE,Combined TRACON& Tower with Radar,204,324,42,14,584,0,3,18,0,21,204,327,60,14,605,0,0,0,605
03/05/2008,MKE,WI,AGL,CE,Combined TRACON& Tower with Radar,209,354,35,9,607,0,2,5,0,7,209,356,40,9,614,0,0,0,614
03/06/2008,MKE,WI,AGL,CE,Combined TRACON& Tower with Radar,195,361,40,14,610,0,1,10,0,11,195,362,50,14,621,0,0,0,621
03/07/2008,MKE,WI,AGL,CE,Combined TRACON& Tower with Radar,214,325,27,6,572,0,2,8,0,10,214,327,35,6,582,0,0,0,582
03/08/2008,MKE,WI,AGL,CE,Combined TRACON& Tower with Radar,168,144,19,1,332,0,4,2,0,6,168,148,21,1,338,0,0,0,338
03/09/2008,MKE,WI,AGL,CE,Combined TRACON& Tower with Radar,186,220,19,3,428,0,0,2,0,2,186,220,21,3,430,0,0,0,430
03/10/2008,MKE,WI,AGL,CE,Combined TRACON& Tower with Radar,202,328,53,6,589,0,6,6,0,12,202,334,59,6,601,0,0,0,601
03/11/2008,MKE,WI,AGL,CE,Combined TRACON& Tower with Radar,203,341,56,8,608,0,4,6,0,10,203,345,62,8,618,0,0,0,618
03/12/2008,MKE,WI,AGL,CE,Combined TRACON& Tower with Radar,213,349,53,9,624,0,2,10,0,12,213,351,63,9,636,0,0,0,636
03/13/2008,MKE,WI,AGL,CE,Combined TRACON& Tower with Radar,206,355,45,12,618,0,7,12,0,19,206,362,57,12,637,0,0,0,637
03/14/2008,MKE,WI,AGL,CE,Combined TRACON& Tower with Radar,208,341,32,3,584,0,5,16,0,21,208,346,48,3,605,0,0,0,605
03/15/2008,MKE,WI,AGL,CE,Combined TRACON& Tower with Radar,188,182,11,4,385,0,0,24,0,24,188,182,35,4,409,0,0,0,409
03/16/2008,MKE,WI,AGL,CE,Combined TRACON& Tower with Radar,180,215,19,3,417,0,0,16,0,16,180,215,35,3,433,0,0,0,433
03/17/2008,MKE,WI,AGL,CE,Combined TRACON& Tower with Radar,199,337,39,6,581,0,5,7,3,15,199,342,46,9,596,0,0,0,596
03/18/2008,MKE,WI,AGL,CE,Combined TRACON& Tower with Radar,206,337,50,6,599,0,0,0,0,0,206,337,50,6,599,0,0,0,599
03/19/2008,MKE,WI,AGL,CE,Combined TRACON& Tower with Radar,207,361,42,7,617,0,2,6,0,8,207,363,48,7,625,0,0,0,625
03/20/2008,MKE,WI,AGL,CE,Combined TRACON& Tower with Radar,214,355,31,10,610,0,0,19,0,19,214,355,50,10,629,0,0,0,629
03/21/2008,MKE,WI,AGL,CE,Combined TRACON& Tower with Radar,37,71,5,0,113,0,0,0,0,0,37,71,5,0,113,0,0,0,113
03/22/2008,MKE,WI,AGL,CE,Combined TRACON& Tower with Radar,176,168,21,2,367,0,2,9,0,11,176,170,30,2,378,0,0,0,378
03/23/2008,MKE,WI,AGL,CE,Combined TRACON& Tower with Radar,190,230,11,2,433,0,2,5,0,7,190,232,16,2,440,0,0,0,440
03/24/2008,MKE,WI,AGL,CE,Combined TRACON& Tower with Radar,200,325,30,9,564,0,0,8,0,8,200,325,38,9,572,0,0,0,572
03/25/2008,MKE,WI,AGL,CE,Combined TRACON& Tower with Radar,208,345,23,4,580,0,0,2,0,2,208,345,25,4,582,0,0,0,582
03/26/2008,MKE,WI,AGL,CE,Combined TRACON& Tower with Radar,204,343,51,12,610,0,1,13,0,14,204,344,64,12,624,0,0,0,624
03/27/2008,MKE,WI,AGL,CE,Combined TRACON& Tower with Radar,210,329,35,8,582,0,0,0,0,0,210,329,35,8,582,0,0,0,582
03/28/2008,MKE,WI,AGL,CE,Combined TRACON& Tower with Radar,209,343,46,3,601,0,1,12,0,13,209,344,58,3,614,0,0,0,614
03/29/2008,MKE,WI,AGL,CE,Combined TRACON& Tower with Radar,184,192,19,0,395,0,5,27,0,32,184,197,46,0,427,0,0,0,427
03/30/2008,MKE,WI,AGL,CE,Combined TRACON& Tower with Radar,179,227,27,2,435,0,0,6,0,6,179,227,33,2,441,0,0,0,441
03/31/2008,MKE,WI,AGL,CE,Combined TRACON& Tower with Radar,197,314,28,0,539,0,0,0,0,0,197,314,28,0,539,0,0,0,539
04/01/2008,MKE,WI,AGL,CE,Combined TRACON& Tower with Radar,209,346,35,14,604,0,7,14,0,21,209,353,49,14,625,0,0,0,625
04/02/2008,MKE,WI,AGL,CE,Combined TRACON& Tower with Radar,204,372,46,12,634,0,13,23,0,36,204,385,69,12,670,0,0,0,670
04/03/2008,MKE,WI,AGL,CE,Combined TRACON& Tower with Radar,210,362,56,14,642,0,3,18,0,21,210,365,74,14,663,0,0,0,663
04/04/2008,MKE,WI,AGL,CE,Combined TRACON& Tower with Radar,195,336,40,8,579,0,6,24,0,30,195,342,64,8,609,0,0,0,609
04/05/2008,MKE,WI,AGL,CE,Combined TRACON& Tower with Radar,173,199,25,3,400,0,4,29,0,33,173,203,54,3,433,0,0,0,433
04/06/2008,MKE,WI,AGL,CE,Combined TRACON& Tower with Radar,170,197,22,10,399,0,2,7,0,9,170,199,29,10,408,0,0,0,408
04/07/2008,MKE,WI,AGL,CE,Combined TRACON& Tower with Radar,191,306,39,10,546,0,4,13,0,17,191,310,52,10,563,0,0,0,563
04/08/2008,MKE,WI,AGL,CE,Combined TRACON& Tower with Radar,205,298,42,6,551,0,0,13,0,13,205,298,55,6,564,0,0,0,564
04/09/2008,MKE,WI,AGL,CE,Combined TRACON& Tower with Radar,191,319,48,7,565,0,7,13,0,20,191,326,61,7,585,0,0,0,585
04/10/2008,MKE,WI,AGL,CE,Combined TRACON& Tower with Radar,182,325,49,8,564,0,0,0,0,0,182,325,49,8,564,0,0,0,564
04/11/2008,MKE,WI,AGL,CE,Combined TRACON& Tower with Radar,195,279,41,5,520,0,4,1,0,5,195,283,42,5,525,0,0,0,525
04/12/2008,MKE,WI,AGL,CE,Combined TRACON& Tower with Radar,174,175,15,2,366,0,0,0,0,0,174,175,15,2,366,0,0,0,366
04/13/2008,MKE,WI,AGL,CE,Combined TRACON& Tower with Radar,171,208,30,5,414,0,2,17,0,19,171,210,47,5,433,0,0,0,433
04/14/2008,MKE,WI,AGL,CE,Combined TRACON& Tower with Radar,193,302,51,12,558,0,2,42,0,44,193,304,93,12,602,0,0,0,602
04/15/2008,MKE,WI,AGL,CE,Combined TRACON& Tower with Radar,194,315,44,13,566,0,9,25,0,34,194,324,69,13,600,0,0,0,600
04/16/2008,MKE,WI,AGL,CE,Combined TRACON& Tower with Radar,189,322,49,10,570,0,2,20,0,22,189,324,69,10,592,0,0,0,592
04/17/2008,MKE,WI,AGL,CE,Combined TRACON& Tower with Radar,192,319,48,11,570,0,8,23,1,32,192,327,71,12,602,0,0,0,602
04/18/2008,MKE,WI,AGL,CE,Combined TRACON& Tower with Radar,194,314,36,4,548,0,0,18,0,18,194,314,54,4,566,0,0,0,566
04/19/2008,MKE,WI,AGL,CE,Combined TRACON& Tower with Radar,161,162,14,0,337,0,5,6,0,11,161,167,20,0,348,0,0,0,348
04/20/2008,MKE,WI,AGL,CE,Combined TRACON& Tower with Radar,164,206,18,1,389,0,2,16,0,18,164,208,34,1,407,0,0,0,407
04/21/2008,MKE,WI,AGL,CE,Combined TRACON& Tower with Radar,186,302,52,7,547,0,3,21,3,27,186,305,73,10,574,0,0,0,574
04/22/2008,MKE,WI,AGL,CE,Combined TRACON& Tower with Radar,194,316,44,10,564,0,3,10,0,13,194,319,54,10,577,0,0,0,577
04/23/2008,MKE,WI,AGL,CE,Combined TRACON& Tower with Radar,188,341,67,6,602,0,2,28,0,30,188,343,95,6,632,0,0,0,632
04/24/2008,MKE,WI,AGL,CE,Combined TRACON& Tower with Radar,196,341,56,10,603,0,2,7,3,12,196,343,63,13,615,0,0,0,615
04/25/2008,MKE,WI,AGL,CE,Combined TRACON& Tower with Radar,195,284,36,8,523,0,0,4,0,4,195,284,40,8,527,0,0,0,527
04/26/2008,MKE,WI,AGL,CE,Combined TRACON& Tower with Radar,158,174,22,1,355,0,5,2,0,7,158,179,24,1,362,0,0,0,362
04/27/2008,MKE,WI,AGL,CE,Combined TRACON& Tower with Radar,162,206,13,2,383,0,3,19,0,22,162,209,32,2,405,0,0,0,405
04/28/2008,MKE,WI,AGL,CE,Combined TRACON& Tower with Radar,182,295,59,11,547,0,1,3,0,4,182,296,62,11,551,0,0,0,551
04/29/2008,MKE,WI,AGL,CE,Combined TRACON& Tower with Radar,189,319,36,13,557,0,2,17,0,19,189,321,53,13,576,0,0,0,576
04/30/2008,MKE,WI,AGL,CE,Combined TRACON& Tower with Radar,190,331,55,11,587,0,2,20,0,22,190,333,75,11,609,0,0,0,609
05/01/2008,MKE,WI,AGL,CE,Combined TRACON& Tower with Radar,191,328,62,8,589,0,7,17,4,28,191,335,79,12,617,0,0,0,617
05/02/2008,MKE,WI,AGL,CE,Combined TRACON& Tower with Radar,196,309,29,11,545,0,0,3,0,3,196,309,32,11,548,0,0,0,548
05/03/2008,MKE,WI,AGL,CE,Combined TRACON& Tower with Radar,148,175,8,0,331,0,4,0,0,4,148,179,8,0,335,0,0,0,335
05/04/2008,MKE,WI,AGL,CE,Combined TRACON& Tower with Radar,163,196,26,7,392,0,7,14,0,21,163,203,40,7,413,0,0,0,413
05/05/2008,MKE,WI,AGL,CE,Combined TRACON& Tower with Radar,189,295,41,5,530,0,4,11,0,15,189,299,52,5,545,0,0,0,545
05/06/2008,MKE,WI,AGL,CE,Combined TRACON& Tower with Radar,209,308,46,11,574,0,2,14,0,16,209,310,60,11,590,0,0,0,590
05/07/2008,MKE,WI,AGL,CE,Combined TRACON& Tower with Radar,212,324,59,8,603,0,0,7,0,7,212,324,66,8,610,0,0,0,610
05/08/2008,MKE,WI,AGL,CE,Combined TRACON& Tower with Radar,207,321,53,10,591,0,8,17,2,27,207,329,70,12,618,0,0,0,618
05/09/2008,MKE,WI,AGL,CE,Combined TRACON& Tower with Radar,202,308,32,7,549,0,4,10,0,14,202,312,42,7,563,0,0,0,563
05/10/2008,MKE,WI,AGL,CE,Combined TRACON& Tower with Radar,162,169,13,1,345,0,0,11,0,11,162,169,24,1,356,0,0,0,356
05/11/2008,MKE,WI,AGL,CE,Combined TRACON& Tower with Radar,168,200,18,4,390,0,0,0,0,0,168,200,18,4,390,0,0,0,390
05/12/2008,MKE,WI,AGL,CE,Combined TRACON& Tower with Radar,202,289,50,8,549,0,2,10,0,12,202,291,60,8,561,0,0,0,561
05/13/2008,MKE,WI,AGL,CE,Combined TRACON& Tower with Radar,205,329,62,14,610,0,2,23,4,29,205,331,85,18,639,0,0,0,639
05/14/2008,MKE,WI,AGL,CE,Combined TRACON& Tower with Radar,207,319,57,5,588,0,2,14,0,16,207,321,71,5,604,0,0,0,604
05/15/2008,MKE,WI,AGL,CE,Combined TRACON& Tower with Radar,214,340,58,6,618,0,1,8,0,9,214,341,66,6,627,0,0,0,627
05/16/2008,MKE,WI,AGL,CE,Combined TRACON& Tower with Radar,204,318,36,3,561,0,1,22,0,23,204,319,58,3,584,0,0,0,584
05/17/2008,MKE,WI,AGL,CE,Combined TRACON& Tower with Radar,164,166,17,1,348,0,0,14,1,15,164,166,31,2,363,28,0,28,391
05/18/2008,MKE,WI,AGL,CE,Combined TRACON& Tower with Radar,175,203,17,1,396,0,2,6,0,8,175,205,23,1,404,0,0,0,404
05/19/2008,MKE,WI,AGL,CE,Combined TRACON& Tower with Radar,194,303,44,12,553,0,1,9,0,10,194,304,53,12,563,0,0,0,563
05/20/2008,MKE,WI,AGL,CE,Combined TRACON& Tower with Radar,202,323,49,8,582,0,0,5,0,5,202,323,54,8,587,0,0,0,587
05/21/2008,MKE,WI,AGL,CE,Combined TRACON& Tower with Radar,216,325,68,11,620,0,2,10,0,12,216,327,78,11,632,0,0,0,632
05/22/2008,MKE,WI,AGL,CE,Combined TRACON& Tower with Radar,226,323,39,10,598,0,4,14,0,18,226,327,53,10,616,0,0,0,616
05/23/2008,MKE,WI,AGL,CE,Combined TRACON& Tower with Radar,224,308,56,8,596,0,1,26,0,27,224,309,82,8,623,0,0,0,623
05/24/2008,MKE,WI,AGL,CE,Combined TRACON& Tower with Radar,157,155,14,0,326,0,6,89,0,95,157,161,103,0,421,0,0,0,421
05/25/2008,MKE,WI,AGL,CE,Combined TRACON& Tower with Radar,150,160,8,0,318,0,0,37,0,37,150,160,45,0,355,0,0,0,355
05/26/2008,MKE,WI,AGL,CE,Combined TRACON& Tower with Radar,210,243,23,3,479,0,6,1,1,8,210,249,24,4,487,0,0,0,487
05/27/2008,MKE,WI,AGL,CE,Combined TRACON& Tower with Radar,210,293,54,5,562,0,3,5,0,8,210,296,59,5,570,0,0,0,570
05/28/2008,MKE,WI,AGL,CE,Combined TRACON& Tower with Radar,220,331,49,8,608,0,2,21,0,23,220,333,70,8,631,0,0,0,631
05/29/2008,MKE,WI,AGL,CE,Combined TRACON& Tower with Radar,223,324,79,11,637,0,0,19,0,19,223,324,98,11,656,0,0,0,656
05/30/2008,MKE,WI,AGL,CE,Combined TRACON& Tower with Radar,225,313,50,2,590,0,0,6,0,6,225,313,56,2,596,0,0,0,596
05/31/2008,MKE,WI,AGL,CE,Combined TRACON& Tower with Radar,175,172,15,1,363,0,0,23,0,23,175,172,38,1,386,0,0,0,386
06/01/2008,MKE,WI,AGL,CE,Combined TRACON& Tower with Radar,194,213,29,0,436,0,3,12,2,17,194,216,41,2,453,0,0,0,453
06/02/2008,MKE,WI,AGL,CE,Combined TRACON& Tower with Radar,216,309,34,10,569,0,4,10,0,14,216,313,44,10,583,0,0,0,583
06/03/2008,MKE,WI,AGL,CE,Combined TRACON& Tower with Radar,220,327,41,10,598,0,8,0,0,8,220,335,41,10,606,0,0,0,606
06/04/2008,MKE,WI,AGL,CE,Combined TRACON& Tower with Radar,161,264,49,0,474,0,0,0,0,0,161,264,49,0,474,0,0,0,474
06/05/2008,MKE,WI,AGL,CE,Combined TRACON& Tower with Radar,225,306,37,7,575,0,0,4,0,4,225,306,41,7,579,0,0,0,579
06/06/2008,MKE,WI,AGL,CE,Combined TRACON& Tower with Radar,219,327,36,7,589,0,0,10,0,10,219,327,46,7,599,0,0,0,599
06/07/2008,MKE,WI,AGL,CE,Combined TRACON& Tower with Radar,123,159,9,0,291,0,0,4,0,4,123,159,13,0,295,0,0,0,295
06/08/2008,MKE,WI,AGL,CE,Combined TRACON& Tower with Radar,170,155,20,6,351,0,0,2,0,2,170,155,22,6,353,0,0,0,353
06/09/2008,MKE,WI,AGL,CE,Combined TRACON& Tower with Radar,224,310,43,5,582,0,0,6,2,8,224,310,49,7,590,0,0,0,590
06/10/2008,MKE,WI,AGL,CE,Combined TRACON& Tower with Radar,208,333,55,1,597,0,5,15,3,23,208,338,70,4,620,0,0,0,620
06/11/2008,MKE,WI,AGL,CE,Combined TRACON& Tower with Radar,212,329,61,4,606,0,0,17,0,17,212,329,78,4,623,0,0,0,623
06/12/2008,MKE,WI,AGL,CE,Combined TRACON& Tower with Radar,225,325,47,1,598,0,0,1,0,1,225,325,48,1,599,0,0,0,599
06/13/2008,MKE,WI,AGL,CE,Combined TRACON& Tower with Radar,212,309,38,2,561,0,0,3,0,3,212,309,41,2,564,0,0,0,564
06/14/2008,MKE,WI,AGL,CE,Combined TRACON& Tower with Radar,171,181,29,1,382,0,0,22,0,22,171,181,51,1,404,0,0,0,404
06/15/2008,MKE,WI,AGL,CE,Combined TRACON& Tower with Radar,198,212,12,7,429,0,0,8,0,8,198,212,20,7,437,0,0,0,437
06/16/2008,MKE,WI,AGL,CE,Combined TRACON& Tower with Radar,213,300,35,10,558,0,2,5,0,7,213,302,40,10,565,0,0,0,565
06/17/2008,MKE,WI,AGL,CE,Combined TRACON& Tower with Radar,218,348,35,6,607,0,4,12,0,16,218,352,47,6,623,0,0,0,623
06/18/2008,MKE,WI,AGL,CE,Combined TRACON& Tower with Radar,216,332,50,10,608,0,2,9,0,11,216,334,59,10,619,0,0,0,619
06/19/2008,MKE,WI,AGL,CE,Combined TRACON& Tower with Radar,219,357,71,4,651,0,4,15,1,20,219,361,86,5,671,0,0,0,671
06/20/2008,MKE,WI,AGL,CE,Combined TRACON& Tower with Radar,220,341,59,5,625,0,5,12,0,17,220,346,71,5,642,0,0,0,642
06/21/2008,MKE,WI,AGL,CE,Combined TRACON& Tower with Radar,173,187,32,3,395,0,2,30,0,32,173,189,62,3,427,0,0,0,427
06/22/2008,MKE,WI,AGL,CE,Combined TRACON& Tower with Radar,185,198,29,1,413,0,0,11,0,11,185,198,40,1,424,0,0,0,424
06/23/2008,MKE,WI,AGL,CE,Combined TRACON& Tower with Radar,209,302,44,5,560,0,9,13,0,22,209,311,57,5,582,0,0,0,582
06/24/2008,MKE,WI,AGL,CE,Combined TRACON& Tower with Radar,214,331,53,9,607,0,4,8,3,15,214,335,61,12,622,0,0,0,622
06/25/2008,MKE,WI,AGL,CE,Combined TRACON& Tower with Radar,212,325,48,4,589,0,1,9,1,11,212,326,57,5,600,0,0,0,600
06/26/2008,MKE,WI,AGL,CE,Combined TRACON& Tower with Radar,216,327,56,12,611,0,2,8,1,11,216,329,64,13,622,0,0,0,622
06/27/2008,MKE,WI,AGL,CE,Combined TRACON& Tower with Radar,219,317,42,3,581,0,3,15,0,18,219,320,57,3,599,0,0,0,599
06/28/2008,MKE,WI,AGL,CE,Combined TRACON& Tower with Radar,176,186,16,0,378,0,0,20,0,20,176,186,36,0,398,0,0,0,398
06/29/2008,MKE,WI,AGL,CE,Combined TRACON& Tower with Radar,182,210,15,0,407,0,2,5,0,7,182,212,20,0,414,0,0,0,414
06/30/2008,MKE,WI,AGL,CE,Combined TRACON& Tower with Radar,214,317,47,6,584,0,6,18,0,24,214,323,65,6,608,0,0,0,608
07/01/2008,MKE,WI,AGL,CE,Combined TRACON& Tower with Radar,215,341,38,10,604,0,8,28,0,36,215,349,66,10,640,0,0,0,640
07/02/2008,MKE,WI,AGL,CE,Combined TRACON& Tower with Radar,215,330,46,3,594,0,1,2,0,3,215,331,48,3,597,0,0,0,597
07/03/2008,MKE,WI,AGL,CE,Combined TRACON& Tower with Radar,226,320,24,0,570,0,6,11,0,17,226,326,35,0,587,0,0,0,587
07/04/2008,MKE,WI,AGL,CE,Combined TRACON& Tower with Radar,165,192,4,0,361,0,4,18,0,22,165,196,22,0,383,0,0,0,383
07/05/2008,MKE,WI,AGL,CE,Combined TRACON& Tower with Radar,170,174,25,0,369,0,2,21,0,23,170,176,46,0,392,0,0,0,392
07/06/2008,MKE,WI,AGL,CE,Combined TRACON& Tower with Radar,185,205,25,1,416,0,0,13,0,13,185,205,38,1,429,0,0,0,429
07/07/2008,MKE,WI,AGL,CE,Combined TRACON& Tower with Radar,205,302,30,7,544,0,2,3,0,5,205,304,33,7,549,0,0,0,549
07/08/2008,MKE,WI,AGL,CE,Combined TRACON& Tower with Radar,220,336,43,12,611,0,1,5,0,6,220,337,48,12,617,0,0,0,617
07/09/2008,MKE,WI,AGL,CE,Combined TRACON& Tower with Radar,212,352,44,13,621,0,0,28,1,29,212,352,72,14,650,0,0,0,650
07/10/2008,MKE,WI,AGL,CE,Combined TRACON& Tower with Radar,214,331,60,6,611,0,1,3,0,4,214,332,63,6,615,0,0,0,615
07/11/2008,MKE,WI,AGL,CE,Combined TRACON& Tower with Radar,218,318,35,5,576,0,5,6,0,11,218,323,41,5,587,0,0,0,587
07/12/2008,MKE,WI,AGL,CE,Combined TRACON& Tower with Radar,167,203,18,1,389,0,0,12,0,12,167,203,30,1,401,0,0,0,401
07/13/2008,MKE,WI,AGL,CE,Combined TRACON& Tower with Radar,172,215,21,5,413,0,2,15,0,17,172,217,36,5,430,0,0,0,430
07/14/2008,MKE,WI,AGL,CE,Combined TRACON& Tower with Radar,215,309,43,8,575,0,4,12,0,16,215,313,55,8,591,0,0,0,591
07/15/2008,MKE,WI,AGL,CE,Combined TRACON& Tower with Radar,211,339,39,11,600,0,6,7,0,13,211,345,46,11,613,0,0,0,613
07/16/2008,MKE,WI,AGL,CE,Combined TRACON& Tower with Radar,211,334,50,5,600,0,0,11,0,11,211,334,61,5,611,0,0,0,611
07/17/2008,MKE,WI,AGL,CE,Combined TRACON& Tower with Radar,220,343,51,9,623,0,2,5,0,7,220,345,56,9,630,0,0,0,630
07/18/2008,MKE,WI,AGL,CE,Combined TRACON& Tower with Radar,218,331,58,5,612,0,2,7,0,9,218,333,65,5,621,0,0,0,621
07/19/2008,MKE,WI,AGL,CE,Combined TRACON& Tower with Radar,163,188,22,2,375,0,0,0,0,0,163,188,22,2,375,0,0,0,375
07/20/2008,MKE,WI,AGL,CE,Combined TRACON& Tower with Radar,183,199,28,4,414,0,2,6,0,8,183,201,34,4,422,0,0,0,422
07/21/2008,MKE,WI,AGL,CE,Combined TRACON& Tower with Radar,206,306,45,5,562,0,1,6,2,9,206,307,51,7,571,0,0,0,571
07/22/2008,MKE,WI,AGL,CE,Combined TRACON& Tower with Radar,214,328,52,8,602,0,5,13,0,18,214,333,65,8,620,0,0,0,620
07/23/2008,MKE,WI,AGL,CE,Combined TRACON& Tower with Radar,203,332,52,6,593,0,2,40,0,42,203,334,92,6,635,0,0,0,635
07/24/2008,MKE,WI,AGL,CE,Combined TRACON& Tower with Radar,227,329,38,13,607,0,3,13,1,17,227,332,51,14,624,0,0,0,624
07/25/2008,MKE,WI,AGL,CE,Combined TRACON& Tower with Radar,214,331,43,5,593,0,3,7,0,10,214,334,50,5,603,0,0,0,603
07/26/2008,MKE,WI,AGL,CE,Combined TRACON& Tower with Radar,168,188,29,0,385,0,5,20,0,25,168,193,49,0,410,0,0,0,410
07/27/2008,MKE,WI,AGL,CE,Combined TRACON& Tower with Radar,184,204,23,1,412,0,0,29,0,29,184,204,52,1,441,0,0,0,441
07/28/2008,MKE,WI,AGL,CE,Combined TRACON& Tower with Radar,206,297,43,14,560,0,0,12,0,12,206,297,55,14,572,0,0,0,572
07/29/2008,MKE,WI,AGL,CE,Combined TRACON& Tower with Radar,216,326,57,12,611,0,0,7,0,7,216,326,64,12,618,0,0,0,618
07/30/2008,MKE,WI,AGL,CE,Combined TRACON& Tower with Radar,213,339,63,8,623,0,0,28,0,28,213,339,91,8,651,0,0,0,651
07/31/2008,MKE,WI,AGL,CE,Combined TRACON& Tower with Radar,221,347,56,12,636,0,4,24,0,28,221,351,80,12,664,0,0,0,664
08/01/2008,MKE,WI,AGL,CE,Combined TRACON& Tower with Radar,225,331,40,9,605,0,0,25,0,25,225,331,65,9,630,0,0,0,630
08/02/2008,MKE,WI,AGL,CE,Combined TRACON& Tower with Radar,165,196,16,8,385,0,4,33,0,37,165,200,49,8,422,0,0,0,422
08/03/2008,MKE,WI,AGL,CE,Combined TRACON& Tower with Radar,181,211,34,6,432,0,2,12,0,14,181,213,46,6,446,0,0,0,446
08/04/2008,MKE,WI,AGL,CE,Combined TRACON& Tower with Radar,219,290,35,7,551,0,4,1,0,5,219,294,36,7,556,0,0,0,556
08/05/2008,MKE,WI,AGL,CE,Combined TRACON& Tower with Radar,220,325,42,6,593,0,2,10,3,15,220,327,52,9,608,0,0,0,608
08/06/2008,MKE,WI,AGL,CE,Combined TRACON& Tower with Radar,207,329,59,12,607,0,4,13,4,21,207,333,72,16,628,0,0,0,628
08/07/2008,MKE,WI,AGL,CE,Combined TRACON& Tower with Radar,204,332,41,11,588,0,2,15,0,17,204,334,56,11,605,0,0,0,605
08/08/2008,MKE,WI,AGL,CE,Combined TRACON& Tower with Radar,207,318,30,7,562,0,0,17,9,26,207,318,47,16,588,0,0,0,588
08/09/2008,MKE,WI,AGL,CE,Combined TRACON& Tower with Radar,163,185,20,6,374,0,0,14,0,14,163,185,34,6,388,0,0,0,388
08/10/2008,MKE,WI,AGL,CE,Combined TRACON& Tower with Radar,170,214,18,3,405,0,1,16,3,20,170,215,34,6,425,0,0,0,425
08/11/2008,MKE,WI,AGL,CE,Combined TRACON& Tower with Radar,202,294,26,8,530,0,4,11,5,20,202,298,37,13,550,0,0,0,550
08/12/2008,MKE,WI,AGL,CE,Combined TRACON& Tower with Radar,209,337,47,8,601,0,1,12,4,17,209,338,59,12,618,0,0,0,618
08/13/2008,MKE,WI,AGL,CE,Combined TRACON& Tower with Radar,203,337,39,7,586,0,0,0,0,0,203,337,39,7,586,0,0,0,586
08/14/2008,MKE,WI,AGL,CE,Combined TRACON& Tower with Radar,202,343,52,9,606,0,0,25,2,27,202,343,77,11,633,0,0,0,633
08/15/2008,MKE,WI,AGL,CE,Combined TRACON& Tower with Radar,202,320,44,3,569,0,0,6,0,6,202,320,50,3,575,0,0,0,575
08/16/2008,MKE,WI,AGL,CE,Combined TRACON& Tower with Radar,167,190,13,1,371,0,4,12,0,16,167,194,25,1,387,0,0,0,387
08/17/2008,MKE,WI,AGL,CE,Combined TRACON& Tower with Radar,179,205,18,5,407,0,6,11,0,17,179,211,29,5,424,0,0,0,424
08/18/2008,MKE,WI,AGL,CE,Combined TRACON& Tower with Radar,195,305,40,8,548,0,2,9,0,11,195,307,49,8,559,0,0,0,559
08/19/2008,MKE,WI,AGL,CE,Combined TRACON& Tower with Radar,192,334,57,2,585,0,2,11,0,13,192,336,68,2,598,0,0,0,598
08/20/2008,MKE,WI,AGL,CE,Combined TRACON& Tower with Radar,198,343,59,1,601,0,2,12,0,14,198,345,71,1,615,0,0,0,615
08/21/2008,MKE,WI,AGL,CE,Combined TRACON& Tower with Radar,200,334,56,3,593,0,3,8,0,11,200,337,64,3,604,0,0,0,604
08/22/2008,MKE,WI,AGL,CE,Combined TRACON& Tower with Radar,195,320,47,4,566,0,2,2,0,4,195,322,49,4,570,0,0,0,570
08/23/2008,MKE,WI,AGL,CE,Combined TRACON& Tower with Radar,160,171,23,2,356,0,0,6,0,6,160,171,29,2,362,0,0,0,362
08/24/2008,MKE,WI,AGL,CE,Combined TRACON& Tower with Radar,172,208,23,1,404,0,3,16,0,19,172,211,39,1,423,0,0,0,423
08/25/2008,MKE,WI,AGL,CE,Combined TRACON& Tower with Radar,185,305,42,4,536,0,0,9,0,9,185,305,51,4,545,0,0,0,545
08/26/2008,MKE,WI,AGL,CE,Combined TRACON& Tower with Radar,194,327,52,6,579,0,0,14,0,14,194,327,66,6,593,0,0,0,593
08/27/2008,MKE,WI,AGL,CE,Combined TRACON& Tower with Radar,197,348,46,7,598,0,4,14,0,18,197,352,60,7,616,0,0,0,616
08/28/2008,MKE,WI,AGL,CE,Combined TRACON& Tower with Radar,196,326,65,14,601,0,3,15,0,18,196,329,80,14,619,0,0,0,619
08/29/2008,MKE,WI,AGL,CE,Combined TRACON& Tower with Radar,191,335,22,2,550,0,3,29,0,32,191,338,51,2,582,0,0,0,582
08/30/2008,MKE,WI,AGL,CE,Combined TRACON& Tower with Radar,135,157,11,2,305,0,0,20,0,20,135,157,31,2,325,0,0,0,325
08/31/2008,MKE,WI,AGL,CE,Combined TRACON& Tower with Radar,138,170,12,1,321,0,3,19,1,23,138,173,31,2,344,0,0,0,344
09/01/2008,MKE,WI,AGL,CE,Combined TRACON& Tower with Radar,179,234,21,2,436,0,5,7,0,12,179,239,28,2,448,0,0,0,448
09/02/2008,MKE,WI,AGL,CE,Combined TRACON& Tower with Radar,190,302,36,11,539,0,4,9,0,13,190,306,45,11,552,0,0,0,552
09/03/2008,MKE,WI,AGL,CE,Combined TRACON& Tower with Radar,198,314,43,14,569,0,2,10,0,12,198,316,53,14,581,0,0,0,581
09/04/2008,MKE,WI,AGL,CE,Combined TRACON& Tower with Radar,181,308,39,8,536,0,0,0,0,0,181,308,39,8,536,0,0,0,536
09/05/2008,MKE,WI,AGL,CE,Combined TRACON& Tower with Radar,182,310,40,6,538,0,2,5,0,7,182,312,45,6,545,0,0,0,545
09/06/2008,MKE,WI,AGL,CE,Combined TRACON& Tower with Radar,133,170,12,4,319,0,0,15,0,15,133,170,27,4,334,0,0,0,334
09/07/2008,MKE,WI,AGL,CE,Combined TRACON& Tower with Radar,156,187,17,3,363,0,3,12,0,15,156,190,29,3,378,0,0,0,378
09/08/2008,MKE,WI,AGL,CE,Combined TRACON& Tower with Radar,151,246,36,4,437,0,0,2,0,2,151,246,38,4,439,0,0,0,439
09/09/2008,MKE,WI,AGL,CE,Combined TRACON& Tower with Radar,163,265,33,8,469,0,0,11,0,11,163,265,44,8,480,0,0,0,480
09/10/2008,MKE,WI,AGL,CE,Combined TRACON& Tower with Radar,171,280,47,15,513,0,11,18,1,30,171,291,65,16,543,0,0,0,543
09/11/2008,MKE,WI,AGL,CE,Combined TRACON& Tower with Radar,170,269,33,13,485,0,5,6,0,11,170,274,39,13,496,0,0,0,496
09/12/2008,MKE,WI,AGL,CE,Combined TRACON& Tower with Radar,165,260,29,8,462,0,2,0,0,2,165,262,29,8,464,0,0,0,464
09/13/2008,MKE,WI,AGL,CE,Combined TRACON& Tower with Radar,116,128,8,1,253,0,1,1,0,2,116,129,9,1,255,0,0,0,255
09/14/2008,MKE,WI,AGL,CE,Combined TRACON& Tower with Radar,139,146,20,8,313,0,1,0,0,1,139,147,20,8,314,0,0,0,314
09/15/2008,MKE,WI,AGL,CE,Combined TRACON& Tower with Radar,155,252,60,7,474,0,0,4,0,4,155,252,64,7,478,0,0,0,478
09/16/2008,MKE,WI,AGL,CE,Combined TRACON& Tower with Radar,167,270,45,6,488,0,3,8,0,11,167,273,53,6,499,0,0,0,499
09/17/2008,MKE,WI,AGL,CE,Combined TRACON& Tower with Radar,171,269,52,6,498,0,0,26,0,26,171,269,78,6,524,0,0,0,524
09/18/2008,MKE,WI,AGL,CE,Combined TRACON& Tower with Radar,171,276,58,5,510,0,0,21,0,21,171,276,79,5,531,0,0,0,531
09/19/2008,MKE,WI,AGL,CE,Combined TRACON& Tower with Radar,169,272,42,1,484,0,0,18,1,19,169,272,60,2,503,0,0,0,503
09/20/2008,MKE,WI,AGL,CE,Combined TRACON& Tower with Radar,119,141,12,2,274,0,0,21,0,21,119,141,33,2,295,0,0,0,295
09/21/2008,MKE,WI,AGL,CE,Combined TRACON& Tower with Radar,149,190,24,1,364,0,0,2,1,3,149,190,26,2,367,0,0,0,367
09/22/2008,MKE,WI,AGL,CE,Combined TRACON& Tower with Radar,165,248,54,5,472,0,2,14,0,16,165,250,68,5,488,0,0,0,488
09/23/2008,MKE,WI,AGL,CE,Combined TRACON& Tower with Radar,167,267,48,6,488,0,4,13,0,17,167,271,61,6,505,0,0,0,505
09/24/2008,MKE,WI,AGL,CE,Combined TRACON& Tower with Radar,175,263,43,2,483,0,6,5,0,11,175,269,48,2,494,0,0,0,494
09/25/2008,MKE,WI,AGL,CE,Combined TRACON& Tower with Radar,170,272,41,5,488,0,0,13,0,13,170,272,54,5,501,0,0,0,501
09/26/2008,MKE,WI,AGL,CE,Combined TRACON& Tower with Radar,168,264,29,2,463,0,2,12,0,14,168,266,41,2,477,0,0,0,477
09/27/2008,MKE,WI,AGL,CE,Combined TRACON& Tower with Radar,119,144,13,1,277,0,4,24,0,28,119,148,37,1,305,0,0,0,305
09/28/2008,MKE,WI,AGL,CE,Combined TRACON& Tower with Radar,138,163,27,0,328,0,2,5,0,7,138,165,32,0,335,0,0,0,335
09/29/2008,MKE,WI,AGL,CE,Combined TRACON& Tower with Radar,157,254,42,9,462,0,1,11,0,12,157,255,53,9,474,0,0,0,474
09/30/2008,MKE,WI,AGL,CE,Combined TRACON& Tower with Radar,163,264,42,2,471,0,1,8,0,9,163,265,50,2,480,0,0,0,480
10/01/2008,MKE,WI,AGL,CE,Combined TRACON& Tower with Radar,154,279,49,10,492,0,0,14,0,14,154,279,63,10,506,0,0,0,506
10/02/2008,MKE,WI,AGL,CE,Combined TRACON& Tower with Radar,158,297,34,12,501,0,1,1,0,2,158,298,35,12,503,0,0,0,503
10/03/2008,MKE,WI,AGL,CE,Combined TRACON& Tower with Radar,163,279,29,8,479,0,3,12,0,15,163,282,41,8,494,0,0,0,494
10/04/2008,MKE,WI,AGL,CE,Combined TRACON& Tower with Radar,114,151,18,7,290,0,1,15,0,16,114,152,33,7,306,0,0,0,306
10/05/2008,MKE,WI,AGL,CE,Combined TRACON& Tower with Radar,141,180,25,4,350,0,2,1,0,3,141,182,26,4,353,0,0,0,353
10/06/2008,MKE,WI,AGL,CE,Combined TRACON& Tower with Radar,149,259,38,7,453,0,0,11,0,11,149,259,49,7,464,0,0,0,464
10/07/2008,MKE,WI,AGL,CE,Combined TRACON& Tower with Radar,164,275,45,10,494,0,2,8,0,10,164,277,53,10,504,0,0,0,504
10/08/2008,MKE,WI,AGL,CE,Combined TRACON& Tower with Radar,162,292,48,11,513,0,0,3,0,3,162,292,51,11,516,0,0,0,516
10/09/2008,MKE,WI,AGL,CE,Combined TRACON& Tower with Radar,170,277,49,14,510,0,0,13,0,13,170,277,62,14,523,0,0,0,523
10/10/2008,MKE,WI,AGL,CE,Combined TRACON& Tower with Radar,164,268,39,3,474,0,0,19,0,19,164,268,58,3,493,0,0,0,493
10/11/2008,MKE,WI,AGL,CE,Combined TRACON& Tower with Radar,116,157,14,0,287,0,7,17,0,24,116,164,31,0,311,0,0,0,311
10/12/2008,MKE,WI,AGL,CE,Combined TRACON& Tower with Radar,144,167,20,0,331,0,2,11,0,13,144,169,31,0,344,0,0,0,344
10/13/2008,MKE,WI,AGL,CE,Combined TRACON& Tower with Radar,157,255,31,0,443,0,2,6,1,9,157,257,37,1,452,0,0,0,452
10/14/2008,MKE,WI,AGL,CE,Combined TRACON& Tower with Radar,162,273,55,8,498,0,6,5,0,11,162,279,60,8,509,0,0,0,509
10/15/2008,MKE,WI,AGL,CE,Combined TRACON& Tower with Radar,149,285,41,10,485,0,1,2,0,3,149,286,43,10,488,0,0,0,488
10/16/2008,MKE,WI,AGL,CE,Combined TRACON& Tower with Radar,157,295,46,7,505,0,7,17,0,24,157,302,63,7,529,0,0,0,529
10/17/2008,MKE,WI,AGL,CE,Combined TRACON& Tower with Radar,149,283,26,6,464,0,0,13,0,13,149,283,39,6,477,0,0,0,477
10/18/2008,MKE,WI,AGL,CE,Combined TRACON& Tower with Radar,114,152,26,3,295,0,3,20,0,23,114,155,46,3,318,0,0,0,318
10/19/2008,MKE,WI,AGL,CE,Combined TRACON& Tower with Radar,128,169,18,8,323,0,5,7,0,12,128,174,25,8,335,0,0,0,335
10/20/2008,MKE,WI,AGL,CE,Combined TRACON& Tower with Radar,144,275,23,4,446,0,6,4,0,10,144,281,27,4,456,0,0,0,456
10/21/2008,MKE,WI,AGL,CE,Combined TRACON& Tower with Radar,155,277,39,4,475,0,2,6,0,8,155,279,45,4,483,0,0,0,483
10/22/2008,MKE,WI,AGL,CE,Combined TRACON& Tower with Radar,157,283,34,6,480,0,0,10,0,10,157,283,44,6,490,0,0,0,490
10/23/2008,MKE,WI,AGL,CE,Combined TRACON& Tower with Radar,156,289,42,6,493,0,4,17,0,21,156,293,59,6,514,0,0,0,514
10/24/2008,MKE,WI,AGL,CE,Combined TRACON& Tower with Radar,151,291,38,6,486,0,1,3,0,4,151,292,41,6,490,0,0,0,490
10/25/2008,MKE,WI,AGL,CE,Combined TRACON& Tower with Radar,117,149,19,4,289,0,0,4,0,4,117,149,23,4,293,0,0,0,293
10/26/2008,MKE,WI,AGL,CE,Combined TRACON& Tower with Radar,130,173,21,0,324,0,2,0,0,2,130,175,21,0,326,0,0,0,326
10/27/2008,MKE,WI,AGL,CE,Combined TRACON& Tower with Radar,151,261,33,6,451,0,2,1,0,3,151,263,34,6,454,0,0,0,454
10/28/2008,MKE,WI,AGL,CE,Combined TRACON& Tower with Radar,162,283,32,2,479,0,7,11,0,18,162,290,43,2,497,0,0,0,497
10/29/2008,MKE,WI,AGL,CE,Combined TRACON& Tower with Radar,160,277,49,6,492,0,0,28,0,28,160,277,77,6,520,0,0,0,520
10/30/2008,MKE,WI,AGL,CE,Combined TRACON& Tower with Radar,161,282,57,4,504,0,3,10,2,15,161,285,67,6,519,0,0,0,519
10/31/2008,MKE,WI,AGL,CE,Combined TRACON& Tower with Radar,152,280,25,8,465,0,1,12,0,13,152,281,37,8,478,0,0,0,478
11/01/2008,MKE,WI,AGL,CE,Combined TRACON& Tower with Radar,126,151,10,4,291,0,0,26,0,26,126,151,36,4,317,0,0,0,317
11/02/2008,MKE,WI,AGL,CE,Combined TRACON& Tower with Radar,128,187,19,2,336,0,1,5,0,6,128,188,24,2,342,0,0,0,342
11/03/2008,MKE,WI,AGL,CE,Combined TRACON& Tower with Radar,133,281,20,7,441,0,5,7,0,12,133,286,27,7,453,0,0,0,453
11/04/2008,MKE,WI,AGL,CE,Combined TRACON& Tower with Radar,142,284,31,4,461,0,2,12,0,14,142,286,43,4,475,0,0,0,475
11/05/2008,MKE,WI,AGL,CE,Combined TRACON& Tower with Radar,141,291,35,13,480,0,0,4,0,4,141,291,39,13,484,0,0,0,484
11/06/2008,MKE,WI,AGL,CE,Combined TRACON& Tower with Radar,145,292,32,14,483,0,3,4,0,7,145,295,36,14,490,0,0,0,490
11/07/2008,MKE,WI,AGL,CE,Combined TRACON& Tower with Radar,147,303,24,10,484,0,0,2,0,2,147,303,26,10,486,0,0,0,486
11/08/2008,MKE,WI,AGL,CE,Combined TRACON& Tower with Radar,118,169,21,0,308,0,0,4,0,4,118,169,25,0,312,0,0,0,312
11/09/2008,MKE,WI,AGL,CE,Combined TRACON& Tower with Radar,121,183,13,5,322,0,2,0,0,2,121,185,13,5,324,0,0,0,324
11/10/2008,MKE,WI,AGL,CE,Combined TRACON& Tower with Radar,131,263,19,8,421,0,0,9,0,9,131,263,28,8,430,0,0,0,430
11/11/2008,MKE,WI,AGL,CE,Combined TRACON& Tower with Radar,141,288,25,1,455,0,1,0,0,1,141,289,25,1,456,0,0,0,456
11/12/2008,MKE,WI,AGL,CE,Combined TRACON& Tower with Radar,146,289,40,5,480,0,0,0,0,0,146,289,40,5,480,0,0,0,480
11/13/2008,MKE,WI,AGL,CE,Combined TRACON& Tower with Radar,145,294,46,6,491,0,0,12,0,12,145,294,58,6,503,0,0,0,503
11/14/2008,MKE,WI,AGL,CE,Combined TRACON& Tower with Radar,140,286,32,8,466,0,1,5,0,6,140,287,37,8,472,0,0,0,472
11/15/2008,MKE,WI,AGL,CE,Combined TRACON& Tower with Radar,123,169,8,1,301,0,2,3,0,5,123,171,11,1,306,0,0,0,306
11/16/2008,MKE,WI,AGL,CE,Combined TRACON& Tower with Radar,112,187,16,2,317,0,1,4,0,5,112,188,20,2,322,0,0,0,322
11/17/2008,MKE,WI,AGL,CE,Combined TRACON& Tower with Radar,120,283,33,4,440,0,1,4,0,5,120,284,37,4,445,0,0,0,445
11/18/2008,MKE,WI,AGL,CE,Combined TRACON& Tower with Radar,129,307,49,7,492,0,0,13,0,13,129,307,62,7,505,0,0,0,505
11/19/2008,MKE,WI,AGL,CE,Combined TRACON& Tower with Radar,119,307,55,8,489,0,10,7,0,17,119,317,62,8,506,12,0,12,518
11/20/2008,MKE,WI,AGL,CE,Combined TRACON& Tower with Radar,140,320,59,10,529,0,3,5,0,8,140,323,64,10,537,0,0,0,537
11/21/2008,MKE,WI,AGL,CE,Combined TRACON& Tower with Radar,133,308,35,5,481,0,0,7,0,7,133,308,42,5,488,0,0,0,488
11/22/2008,MKE,WI,AGL,CE,Combined TRACON& Tower with Radar,115,153,11,0,279,0,0,6,0,6,115,153,17,0,285,0,0,0,285
11/23/2008,MKE,WI,AGL,CE,Combined TRACON& Tower with Radar,111,202,9,1,323,0,2,5,0,7,111,204,14,1,330,14,0,14,344
11/24/2008,MKE,WI,AGL,CE,Combined TRACON& Tower with Radar,131,265,36,4,436,0,3,1,0,4,131,268,37,4,440,0,0,0,440
11/25/2008,MKE,WI,AGL,CE,Combined TRACON& Tower with Radar,141,303,28,15,487,0,3,5,0,8,141,306,33,15,495,4,0,4,499
11/26/2008,MKE,WI,AGL,CE,Combined TRACON& Tower with Radar,142,295,31,4,472,0,2,12,0,14,142,297,43,4,486,0,0,0,486
11/27/2008,MKE,WI,AGL,CE,Combined TRACON& Tower with Radar,87,145,3,0,235,0,2,6,0,8,87,147,9,0,243,4,0,4,247
11/28/2008,MKE,WI,AGL,CE,Combined TRACON& Tower with Radar,115,157,4,0,276,0,0,8,0,8,115,157,12,0,284,0,0,0,284
11/29/2008,MKE,WI,AGL,CE,Combined TRACON& Tower with Radar,112,200,20,1,333,0,2,20,1,23,112,202,40,2,356,0,0,0,356
11/30/2008,MKE,WI,AGL,CE,Combined TRACON& Tower with Radar,127,216,29,0,372,0,0,0,0,0,127,216,29,0,372,0,0,0,372
12/01/2008,MKE,WI,AGL,CE,Combined TRACON& Tower with Radar,128,273,40,0,441,0,1,0,0,1,128,274,40,0,442,0,0,0,442
12/02/2008,MKE,WI,AGL,CE,Combined TRACON& Tower with Radar,148,308,46,9,511,0,5,8,0,13,148,313,54,9,524,0,0,0,524
12/03/2008,MKE,WI,AGL,CE,Combined TRACON& Tower with Radar,139,304,35,10,488,0,0,0,0,0,139,304,35,10,488,0,0,0,488
12/04/2008,MKE,WI,AGL,CE,Combined TRACON& Tower with Radar,140,320,52,4,516,0,2,5,0,7,140,322,57,4,523,0,0,0,523
12/05/2008,MKE,WI,AGL,CE,Combined TRACON& Tower with Radar,134,310,34,9,487,0,3,13,0,16,134,313,47,9,503,0,0,0,503
12/06/2008,MKE,WI,AGL,CE,Combined TRACON& Tower with Radar,103,163,4,0,270,0,0,0,0,0,103,163,4,0,270,0,0,0,270
12/07/2008,MKE,WI,AGL,CE,Combined TRACON& Tower with Radar,109,204,15,6,334,0,2,2,0,4,109,206,17,6,338,0,0,0,338
12/08/2008,MKE,WI,AGL,CE,Combined TRACON& Tower with Radar,126,278,34,3,441,0,1,4,0,5,126,279,38,3,446,0,0,0,446
12/09/2008,MKE,WI,AGL,CE,Combined TRACON& Tower with Radar,122,244,42,0,408,0,0,0,0,0,122,244,42,0,408,0,0,0,408
12/10/2008,MKE,WI,AGL,CE,Combined TRACON& Tower with Radar,136,311,44,0,491,0,2,3,0,5,136,313,47,0,496,0,0,0,496
12/11/2008,MKE,WI,AGL,CE,Combined TRACON& Tower with Radar,139,304,53,6,502,0,0,6,0,6,139,304,59,6,508,0,0,0,508
12/12/2008,MKE,WI,AGL,CE,Combined TRACON& Tower with Radar,137,304,49,5,495,0,5,14,0,19,137,309,63,5,514,0,0,0,514
12/13/2008,MKE,WI,AGL,CE,Combined TRACON& Tower with Radar,105,166,8,0,279,0,0,2,0,2,105,166,10,0,281,0,0,0,281
12/14/2008,MKE,WI,AGL,CE,Combined TRACON& Tower with Radar,110,195,13,4,322,0,0,0,0,0,110,195,13,4,322,0,0,0,322
12/15/2008,MKE,WI,AGL,CE,Combined TRACON& Tower with Radar,128,279,17,6,430,0,0,4,0,4,128,279,21,6,434,0,0,0,434
12/16/2008,MKE,WI,AGL,CE,Combined TRACON& Tower with Radar,133,267,34,2,436,0,1,0,2,3,133,268,34,4,439,0,0,0,439
12/17/2008,MKE,WI,AGL,CE,Combined TRACON& Tower with Radar,149,330,42,9,530,0,6,2,0,8,149,336,44,9,538,0,6,6,544
12/18/2008,MKE,WI,AGL,CE,Combined TRACON& Tower with Radar,130,302,56,0,488,0,1,6,0,7,130,303,62,0,495,0,0,0,495
12/19/2008,MKE,WI,AGL,CE,Combined TRACON& Tower with Radar,69,107,5,0,181,0,0,2,0,2,69,107,7,0,183,4,0,4,187
12/20/2008,MKE,WI,AGL,CE,Combined TRACON& Tower with Radar,124,188,23,3,338,0,2,0,0,2,124,190,23,3,340,0,0,0,340
12/21/2008,MKE,WI,AGL,CE,Combined TRACON& Tower with Radar,120,192,12,0,324,0,0,0,0,0,120,192,12,0,324,0,0,0,324
12/22/2008,MKE,WI,AGL,CE,Combined TRACON& Tower with Radar,134,300,27,1,462,0,1,10,0,11,134,301,37,1,473,0,0,0,473
12/23/2008,MKE,WI,AGL,CE,Combined TRACON& Tower with Radar,141,284,21,0,446,0,0,0,0,0,141,284,21,0,446,0,0,0,446
12/24/2008,MKE,WI,AGL,CE,Combined TRACON& Tower with Radar,126,252,11,0,389,0,0,0,0,0,126,252,11,0,389,0,0,0,389
12/25/2008,MKE,WI,AGL,CE,Combined TRACON& Tower with Radar,102,157,6,0,265,0,5,4,0,9,102,162,10,0,274,0,0,0,274
12/26/2008,MKE,WI,AGL,CE,Combined TRACON& Tower with Radar,136,224,27,0,387,0,0,0,0,0,136,224,27,0,387,0,0,0,387
12/27/2008,MKE,WI,AGL,CE,Combined TRACON& Tower with Radar,115,155,18,0,288,0,0,0,0,0,115,155,18,0,288,0,0,0,288
12/28/2008,MKE,WI,AGL,CE,Combined TRACON& Tower with Radar,132,226,16,0,374,0,0,11,0,11,132,226,27,0,385,0,0,0,385
12/29/2008,MKE,WI,AGL,CE,Combined TRACON& Tower with Radar,140,282,22,6,450,0,3,9,0,12,140,285,31,6,462,0,0,0,462
12/30/2008,MKE,WI,AGL,CE,Combined TRACON& Tower with Radar,146,299,15,10,470,0,3,6,0,9,146,302,21,10,479,0,0,0,479
12/31/2008,MKE,WI,AGL,CE,Combined TRACON& Tower with Radar,124,216,9,2,351,0,2,10,0,12,124,218,19,2,363,0,0,0,363
01/01/2009,MKE,WI,AGL,CE,Combined TRACON& Tower with Radar,112,166,9,0,287,0,0,1,0,1,112,166,10,0,288,0,0,0,288
01/02/2009,MKE,WI,AGL,CE,Combined TRACON& Tower with Radar,143,286,16,1,446,0,4,16,0,20,143,290,32,1,466,0,0,0,466
01/03/2009,MKE,WI,AGL,CE,Combined TRACON& Tower with Radar,125,196,16,1,338,0,0,8,0,8,125,196,24,1,346,0,0,0,346
01/04/2009,MKE,WI,AGL,CE,Combined TRACON& Tower with Radar,127,204,27,2,360,0,2,0,0,2,127,206,27,2,362,8,0,8,370
01/05/2009,MKE,WI,AGL,CE,Combined TRACON& Tower with Radar,137,281,11,5,434,0,5,5,0,10,137,286,16,5,444,0,0,0,444
01/06/2009,MKE,WI,AGL,CE,Combined TRACON& Tower with Radar,120,291,23,10,444,0,2,5,0,7,120,293,28,10,451,0,0,0,451
01/07/2009,MKE,WI,AGL,CE,Combined TRACON& Tower with Radar,120,267,15,6,408,0,0,0,0,0,120,267,15,6,408,0,0,0,408
01/08/2009,MKE,WI,AGL,CE,Combined TRACON& Tower with Radar,132,311,23,6,472,0,2,8,0,10,132,313,31,6,482,0,0,0,482
01/09/2009,MKE,WI,AGL,CE,Combined TRACON& Tower with Radar,129,282,27,9,447,0,0,0,0,0,129,282,27,9,447,0,0,0,447
01/10/2009,MKE,WI,AGL,CE,Combined TRACON& Tower with Radar,120,143,7,8,278,0,0,1,0,1,120,143,8,8,279,0,0,0,279
01/11/2009,MKE,WI,AGL,CE,Combined TRACON& Tower with Radar,111,204,21,6,342,0,3,4,0,7,111,207,25,6,349,0,0,0,349
01/12/2009,MKE,WI,AGL,CE,Combined TRACON& Tower with Radar,117,267,36,4,424,0,0,0,0,0,117,267,36,4,424,0,0,0,424
01/13/2009,MKE,WI,AGL,CE,Combined TRACON& Tower with Radar,117,290,30,6,443,0,6,4,0,10,117,296,34,6,453,0,0,0,453
01/14/2009,MKE,WI,AGL,CE,Combined TRACON& Tower with Radar,122,275,24,0,421,0,0,2,0,2,122,275,26,0,423,0,0,0,423
01/15/2009,MKE,WI,AGL,CE,Combined TRACON& Tower with Radar,136,291,34,4,465,0,0,2,0,2,136,291,36,4,467,0,0,0,467
01/16/2009,MKE,WI,AGL,CE,Combined TRACON& Tower with Radar,131,294,19,5,449,0,2,4,0,6,131,296,23,5,455,0,0,0,455
01/17/2009,MKE,WI,AGL,CE,Combined TRACON& Tower with Radar,109,149,12,0,270,0,0,0,0,0,109,149,12,0,270,0,0,0,270
01/18/2009,MKE,WI,AGL,CE,Combined TRACON& Tower with Radar,109,199,11,2,321,0,3,7,0,10,109,202,18,2,331,0,0,0,331
01/19/2009,MKE,WI,AGL,CE,Combined TRACON& Tower with Radar,125,279,24,0,428,0,2,15,0,17,125,281,39,0,445,0,0,0,445
01/20/2009,MKE,WI,AGL,CE,Combined TRACON& Tower with Radar,124,299,15,8,446,0,0,2,0,2,124,299,17,8,448,20,0,20,468
01/21/2009,MKE,WI,AGL,CE,Combined TRACON& Tower with Radar,126,280,27,10,443,0,4,9,0,13,126,284,36,10,456,0,0,0,456
01/22/2009,MKE,WI,AGL,CE,Combined TRACON& Tower with Radar,139,307,32,11,489,0,1,7,0,8,139,308,39,11,497,0,0,0,497
01/23/2009,MKE,WI,AGL,CE,Combined TRACON& Tower with Radar,129,287,38,6,460,0,0,0,0,0,129,287,38,6,460,0,0,0,460
01/24/2009,MKE,WI,AGL,CE,Combined TRACON& Tower with Radar,111,155,10,1,277,0,0,13,0,13,111,155,23,1,290,16,0,16,306
01/25/2009,MKE,WI,AGL,CE,Combined TRACON& Tower with Radar,103,206,9,0,318,0,0,9,0,9,103,206,18,0,327,0,0,0,327
01/26/2009,MKE,WI,AGL,CE,Combined TRACON& Tower with Radar,123,288,22,2,435,0,6,8,0,14,123,294,30,2,449,2,0,2,451
01/27/2009,MKE,WI,AGL,CE,Combined TRACON& Tower with Radar,122,285,27,5,439,0,2,7,5,14,122,287,34,10,453,0,0,0,453
01/28/2009,MKE,WI,AGL,CE,Combined TRACON& Tower with Radar,113,258,35,6,412,0,5,9,0,14,113,263,44,6,426,0,0,0,426
01/29/2009,MKE,WI,AGL,CE,Combined TRACON& Tower with Radar,130,309,18,4,461,0,0,0,0,0,130,309,18,4,461,0,0,0,461
01/30/2009,MKE,WI,AGL,CE,Combined TRACON& Tower with Radar,129,290,16,3,438,0,2,9,0,11,129,292,25,3,449,0,0,0,449
01/31/2009,MKE,WI,AGL,CE,Combined TRACON& Tower with Radar,110,156,10,2,278,0,0,7,0,7,110,156,17,2,285,0,0,0,285
02/01/2009,MKE,WI,AGL,CE,Combined TRACON& Tower with Radar,110,195,10,0,315,0,2,2,0,4,110,197,12,0,319,0,0,0,319
02/02/2009,MKE,WI,AGL,CE,Combined TRACON& Tower with Radar,121,290,18,8,437,0,3,5,0,8,121,293,23,8,445,0,0,0,445
02/03/2009,MKE,WI,AGL,CE,Combined TRACON& Tower with Radar,111,277,29,5,422,0,0,0,0,0,111,277,29,5,422,0,0,0,422
02/04/2009,MKE,WI,AGL,CE,Combined TRACON& Tower with Radar,119,290,45,5,459,0,1,7,0,8,119,291,52,5,467,0,0,0,467
02/05/2009,MKE,WI,AGL,CE,Combined TRACON& Tower with Radar,124,298,42,8,472,0,0,9,0,9,124,298,51,8,481,0,0,0,481
02/06/2009,MKE,WI,AGL,CE,Combined TRACON& Tower with Radar,130,293,29,6,458,0,5,12,0,17,130,298,41,6,475,0,0,0,475
02/07/2009,MKE,WI,AGL,CE,Combined TRACON& Tower with Radar,103,147,18,3,271,0,2,7,0,9,103,149,25,3,280,12,0,12,292
02/08/2009,MKE,WI,AGL,CE,Combined TRACON& Tower with Radar,109,198,14,7,328,0,2,11,0,13,109,200,25,7,341,0,0,0,341
02/09/2009,MKE,WI,AGL,CE,Combined TRACON& Tower with Radar,117,287,24,4,432,0,0,0,0,0,117,287,24,4,432,0,0,0,432
02/10/2009,MKE,WI,AGL,CE,Combined TRACON& Tower with Radar,111,303,29,0,443,0,0,7,0,7,111,303,36,0,450,0,0,0,450
02/11/2009,MKE,WI,AGL,CE,Combined TRACON& Tower with Radar,122,276,29,3,430,0,0,0,0,0,122,276,29,3,430,0,0,0,430
02/12/2009,MKE,WI,AGL,CE,Combined TRACON& Tower with Radar,148,292,34,10,484,0,2,8,1,11,148,294,42,11,495,0,0,0,495
02/13/2009,MKE,WI,AGL,CE,Combined TRACON& Tower with Radar,146,287,21,4,458,0,1,3,0,4,146,288,24,4,462,0,0,0,462
02/14/2009,MKE,WI,AGL,CE,Combined TRACON& Tower with Radar,130,163,7,4,304,0,0,4,0,4,130,163,11,4,308,0,0,0,308
02/15/2009,MKE,WI,AGL,CE,Combined TRACON& Tower with Radar,124,206,12,5,347,0,2,9,0,11,124,208,21,5,358,12,0,12,370
02/16/2009,MKE,WI,AGL,CE,Combined TRACON& Tower with Radar,141,285,29,1,456,0,2,7,0,9,141,287,36,1,465,0,0,0,465
02/17/2009,MKE,WI,AGL,CE,Combined TRACON& Tower with Radar,150,304,39,8,501,0,0,6,0,6,150,304,45,8,507,1,6,7,514
02/18/2009,MKE,WI,AGL,CE,Combined TRACON& Tower with Radar,154,290,35,2,481,0,1,2,0,3,154,291,37,2,484,0,0,0,484
02/19/2009,MKE,WI,AGL,CE,Combined TRACON& Tower with Radar,151,305,35,11,502,0,2,8,0,10,151,307,43,11,512,0,0,0,512
02/20/2009,MKE,WI,AGL,CE,Combined TRACON& Tower with Radar,152,291,38,4,485,0,2,5,0,7,152,293,43,4,492,0,0,0,492
02/21/2009,MKE,WI,AGL,CE,Combined TRACON& Tower with Radar,119,155,16,0,290,0,0,0,0,0,119,155,16,0,290,0,0,0,290
02/22/2009,MKE,WI,AGL,CE,Combined TRACON& Tower with Radar,130,206,15,1,352,0,1,7,0,8,130,207,22,1,360,0,0,0,360
02/23/2009,MKE,WI,AGL,CE,Combined TRACON& Tower with Radar,146,284,25,7,462,0,0,10,0,10,146,284,35,7,472,0,0,0,472
02/24/2009,MKE,WI,AGL,CE,Combined TRACON& Tower with Radar,147,297,38,4,486,0,4,11,0,15,147,301,49,4,501,0,0,0,501
02/25/2009,MKE,WI,AGL,CE,Combined TRACON& Tower with Radar,151,286,42,6,485,0,0,4,0,4,151,286,46,6,489,0,0,0,489
02/26/2009,MKE,WI,AGL,CE,Combined TRACON& Tower with Radar,144,277,24,14,459,0,0,0,0,0,144,277,24,14,459,0,0,0,459
02/27/2009,MKE,WI,AGL,CE,Combined TRACON& Tower with Radar,150,277,26,0,453,0,1,0,0,1,150,278,26,0,454,0,0,0,454
02/28/2009,MKE,WI,AGL,CE,Combined TRACON& Tower with Radar,125,186,8,0,319,0,2,5,0,7,125,188,13,0,326,18,0,18,344
03/01/2009,MKE,WI,AGL,CE,Combined TRACON& Tower with Radar,114,196,10,1,321,0,0,2,0,2,114,196,12,1,323,0,0,0,323
03/02/2009,MKE,WI,AGL,CE,Combined TRACON& Tower with Radar,126,223,24,2,375,0,0,0,0,0,126,223,24,2,375,0,0,0,375
03/03/2009,MKE,WI,AGL,CE,Combined TRACON& Tower with Radar,145,297,25,7,474,0,4,8,0,12,145,301,33,7,486,2,0,2,488
03/04/2009,MKE,WI,AGL,CE,Combined TRACON& Tower with Radar,144,295,50,6,495,0,8,21,0,29,144,303,71,6,524,0,0,0,524
03/05/2009,MKE,WI,AGL,CE,Combined TRACON& Tower with Radar,148,312,24,6,490,0,1,1,1,3,148,313,25,7,493,0,0,0,493
03/06/2009,MKE,WI,AGL,CE,Combined TRACON& Tower with Radar,145,293,33,8,479,0,0,11,0,11,145,293,44,8,490,4,0,4,494
03/07/2009,MKE,WI,AGL,CE,Combined TRACON& Tower with Radar,122,171,5,6,304,0,0,0,0,0,122,171,5,6,304,0,0,0,304
03/08/2009,MKE,WI,AGL,CE,Combined TRACON& Tower with Radar,126,202,17,6,351,0,1,0,0,1,126,203,17,6,352,0,0,0,352
03/09/2009,MKE,WI,AGL,CE,Combined TRACON& Tower with Radar,144,289,27,2,462,0,0,4,0,4,144,289,31,2,466,0,0,0,466
03/10/2009,MKE,WI,AGL,CE,Combined TRACON& Tower with Radar,137,273,37,0,447,0,1,0,0,1,137,274,37,0,448,0,0,0,448
03/11/2009,MKE,WI,AGL,CE,Combined TRACON& Tower with Radar,146,299,29,10,484,0,1,3,0,4,146,300,32,10,488,0,0,0,488
03/12/2009,MKE,WI,AGL,CE,Combined TRACON& Tower with Radar,144,297,38,6,485,0,6,15,0,21,144,303,53,6,506,2,0,2,508
03/13/2009,MKE,WI,AGL,CE,Combined TRACON& Tower with Radar,150,293,32,7,482,0,3,8,0,11,150,296,40,7,493,0,0,0,493
03/14/2009,MKE,WI,AGL,CE,Combined TRACON& Tower with Radar,121,180,15,1,317,0,11,21,0,32,121,191,36,1,349,0,0,0,349
03/15/2009,MKE,WI,AGL,CE,Combined TRACON& Tower with Radar,124,213,17,4,358,0,0,9,0,9,124,213,26,4,367,0,0,0,367
03/16/2009,MKE,WI,AGL,CE,Combined TRACON& Tower with Radar,143,294,22,4,463,0,1,8,0,9,143,295,30,4,472,0,0,0,472
03/17/2009,MKE,WI,AGL,CE,Combined TRACON& Tower with Radar,145,301,13,6,465,0,2,5,0,7,145,303,18,6,472,0,0,0,472
03/18/2009,MKE,WI,AGL,CE,Combined TRACON& Tower with Radar,148,299,29,7,483,0,0,3,0,3,148,299,32,7,486,0,0,0,486
03/19/2009,MKE,WI,AGL,CE,Combined TRACON& Tower with Radar,145,307,18,7,477,0,7,8,0,15,145,314,26,7,492,0,0,0,492
03/20/2009,MKE,WI,AGL,CE,Combined TRACON& Tower with Radar,145,290,21,4,460,0,3,8,0,11,145,293,29,4,471,18,0,18,489
03/21/2009,MKE,WI,AGL,CE,Combined TRACON& Tower with Radar,118,186,15,0,319,0,5,20,0,25,118,191,35,0,344,14,0,14,358
03/22/2009,MKE,WI,AGL,CE,Combined TRACON& Tower with Radar,121,213,14,1,349,0,4,14,0,18,121,217,28,1,367,0,0,0,367
03/23/2009,MKE,WI,AGL,CE,Combined TRACON& Tower with Radar,137,280,30,4,451,0,0,1,2,3,137,280,31,6,454,0,0,0,454
03/24/2009,MKE,WI,AGL,CE,Combined TRACON& Tower with Radar,141,302,33,2,478,0,0,0,0,0,141,302,33,2,478,0,0,0,478
03/25/2009,MKE,WI,AGL,CE,Combined TRACON& Tower with Radar,148,292,35,8,483,0,1,2,0,3,148,293,37,8,486,0,2,2,488
03/26/2009,MKE,WI,AGL,CE,Combined TRACON& Tower with Radar,141,299,33,7,480,0,5,20,0,25,141,304,53,7,505,0,0,0,505
03/27/2009,MKE,WI,AGL,CE,Combined TRACON& Tower with Radar,145,293,29,7,474,0,2,14,0,16,145,295,43,7,490,0,0,0,490
03/28/2009,MKE,WI,AGL,CE,Combined TRACON& Tower with Radar,116,179,17,0,312,0,0,0,0,0,116,179,17,0,312,0,0,0,312
03/29/2009,MKE,WI,AGL,CE,Combined TRACON& Tower with Radar,122,199,21,3,345,0,0,1,0,1,122,199,22,3,346,0,0,0,346
03/30/2009,MKE,WI,AGL,CE,Combined TRACON& Tower with Radar,138,291,32,4,465,0,5,17,0,22,138,296,49,4,487,0,0,0,487
03/31/2009,MKE,WI,AGL,CE,Combined TRACON& Tower with Radar,145,295,24,8,472,0,0,0,0,0,145,295,24,8,472,0,0,0,472
04/01/2009,MKE,WI,AGL,CE,Combined TRACON& Tower with Radar,143,293,37,10,483,0,4,3,0,7,143,297,40,10,490,0,0,0,490
04/02/2009,MKE,WI,AGL,CE,Combined TRACON& Tower with Radar,131,306,39,10,486,0,0,4,0,4,131,306,43,10,490,0,0,0,490
04/03/2009,MKE,WI,AGL,CE,Combined TRACON& Tower with Radar,135,289,26,6,456,0,0,8,0,8,135,289,34,6,464,0,0,0,464
04/04/2009,MKE,WI,AGL,CE,Combined TRACON& Tower with Radar,114,194,18,0,326,0,4,25,0,29,114,198,43,0,355,0,0,0,355
04/05/2009,MKE,WI,AGL,CE,Combined TRACON& Tower with Radar,115,215,23,6,359,0,2,3,0,5,115,217,26,6,364,0,0,0,364
04/06/2009,MKE,WI,AGL,CE,Combined TRACON& Tower with Radar,131,286,27,6,450,0,0,3,0,3,131,286,30,6,453,0,0,0,453
04/07/2009,MKE,WI,AGL,CE,Combined TRACON& Tower with Radar,133,294,40,7,474,0,2,2,1,5,133,296,42,8,479,0,0,0,479
04/08/2009,MKE,WI,AGL,CE,Combined TRACON& Tower with Radar,141,291,36,4,472,0,6,23,0,29,141,297,59,4,501,0,0,0,501
04/09/2009,MKE,WI,AGL,CE,Combined TRACON& Tower with Radar,139,311,43,5,498,0,2,12,0,14,139,313,55,5,512,0,0,0,512
04/10/2009,MKE,WI,AGL,CE,Combined TRACON& Tower with Radar,136,302,26,2,466,0,0,8,1,9,136,302,34,3,475,2,0,2,477
04/11/2009,MKE,WI,AGL,CE,Combined TRACON& Tower with Radar,113,192,10,1,316,0,0,17,0,17,113,192,27,1,333,0,0,0,333
04/12/2009,MKE,WI,AGL,CE,Combined TRACON& Tower with Radar,128,215,15,0,358,0,2,4,0,6,128,217,19,0,364,0,0,0,364
04/13/2009,MKE,WI,AGL,CE,Combined TRACON& Tower with Radar,132,282,28,6,448,0,2,2,0,4,132,284,30,6,452,0,0,0,452
04/14/2009,MKE,WI,AGL,CE,Combined TRACON& Tower with Radar,135,295,31,8,469,0,0,1,0,1,135,295,32,8,470,0,0,0,470
04/15/2009,MKE,WI,AGL,CE,Combined TRACON& Tower with Radar,137,300,26,9,472,0,11,11,0,22,137,311,37,9,494,0,0,0,494
04/16/2009,MKE,WI,AGL,CE,Combined TRACON& Tower with Radar,141,312,21,4,478,0,2,18,0,20,141,314,39,4,498,0,0,0,498
04/17/2009,MKE,WI,AGL,CE,Combined TRACON& Tower with Radar,132,290,38,5,465,0,3,18,0,21,132,293,56,5,486,2,0,2,488
04/18/2009,MKE,WI,AGL,CE,Combined TRACON& Tower with Radar,114,183,14,6,317,0,2,20,0,22,114,185,34,6,339,0,0,0,339
04/19/2009,MKE,WI,AGL,CE,Combined TRACON& Tower with Radar,117,215,20,3,355,0,0,3,0,3,117,215,23,3,358,0,0,0,358
04/20/2009,MKE,WI,AGL,CE,Combined TRACON& Tower with Radar,130,292,25,3,450,0,0,0,0,0,130,292,25,3,450,0,0,0,450
04/21/2009,MKE,WI,AGL,CE,Combined TRACON& Tower with Radar,133,306,31,11,481,0,1,1,0,2,133,307,32,11,483,0,0,0,483
04/22/2009,MKE,WI,AGL,CE,Combined TRACON& Tower with Radar,133,307,33,9,482,0,1,17,0,18,133,308,50,9,500,0,0,0,500
04/23/2009,MKE,WI,AGL,CE,Combined TRACON& Tower with Radar,131,309,32,11,483,0,2,0,0,2,131,311,32,11,485,0,0,0,485
04/24/2009,MKE,WI,AGL,CE,Combined TRACON& Tower with Radar,130,302,33,4,469,0,3,10,0,13,130,305,43,4,482,0,0,0,482
04/25/2009,MKE,WI,AGL,CE,Combined TRACON& Tower with Radar,115,173,13,0,301,0,0,0,0,0,115,173,13,0,301,21,0,21,322
04/26/2009,MKE,WI,AGL,CE,Combined TRACON& Tower with Radar,113,216,22,1,352,0,1,1,0,2,113,217,23,1,354,0,0,0,354
04/27/2009,MKE,WI,AGL,CE,Combined TRACON& Tower with Radar,125,287,17,17,446,0,3,1,0,4,125,290,18,17,450,0,0,0,450
04/28/2009,MKE,WI,AGL,CE,Combined TRACON& Tower with Radar,132,299,27,12,470,0,2,14,1,17,132,301,41,13,487,0,0,0,487
04/29/2009,MKE,WI,AGL,CE,Combined TRACON& Tower with Radar,134,293,41,18,486,0,5,3,0,8,134,298,44,18,494,45,0,45,539
04/30/2009,MKE,WI,AGL,CE,Combined TRACON& Tower with Radar,127,309,42,1,479,0,2,0,0,2,127,311,42,1,481,0,0,0,481
05/01/2009,MKE,WI,AGL,CE,Combined TRACON& Tower with Radar,123,303,44,12,482,0,3,15,0,18,123,306,59,12,500,0,0,0,500
05/02/2009,MKE,WI,AGL,CE,Combined TRACON& Tower with Radar,103,181,7,2,293,0,7,16,4,27,103,188,23,6,320,70,0,70,390
05/03/2009,MKE,WI,AGL,CE,Combined TRACON& Tower with Radar,112,225,21,7,365,0,3,13,0,16,112,228,34,7,381,0,0,0,381
05/04/2009,MKE,WI,AGL,CE,Combined TRACON& Tower with Radar,126,288,29,4,447,0,4,11,0,15,126,292,40,4,462,0,0,0,462
05/05/2009,MKE,WI,AGL,CE,Combined TRACON& Tower with Radar,123,305,29,4,461,0,0,3,0,3,123,305,32,4,464,12,0,12,476
05/06/2009,MKE,WI,AGL,CE,Combined TRACON& Tower with Radar,127,300,41,4,472,0,0,2,0,2,127,300,43,4,474,0,0,0,474
05/07/2009,MKE,WI,AGL,CE,Combined TRACON& Tower with Radar,127,314,40,5,486,0,4,11,0,15,127,318,51,5,501,0,0,0,501
05/08/2009,MKE,WI,AGL,CE,Combined TRACON& Tower with Radar,136,304,32,18,490,0,3,22,2,27,136,307,54,20,517,10,34,44,561
05/09/2009,MKE,WI,AGL,CE,Combined TRACON& Tower with Radar,100,186,11,4,301,0,138,10,0,148,100,324,21,4,449,0,0,0,449
05/10/2009,MKE,WI,AGL,CE,Combined TRACON& Tower with Radar,116,213,12,13,354,0,175,28,0,203,116,388,40,13,557,0,0,0,557
05/11/2009,MKE,WI,AGL,CE,Combined TRACON& Tower with Radar,126,298,30,10,464,0,1,11,2,14,126,299,41,12,478,0,0,0,478
05/12/2009,MKE,WI,AGL,CE,Combined TRACON& Tower with Radar,131,310,49,6,496,0,1,23,0,24,131,311,72,6,520,0,0,0,520
05/13/2009,MKE,WI,AGL,CE,Combined TRACON& Tower with Radar,125,270,32,2,429,0,0,0,0,0,125,270,32,2,429,0,0,0,429
05/14/2009,MKE,WI,AGL,CE,Combined TRACON& Tower with Radar,133,322,30,3,488,0,5,12,0,17,133,327,42,3,505,0,0,0,505
05/15/2009,MKE,WI,AGL,CE,Combined TRACON& Tower with Radar,126,288,33,3,450,0,1,6,0,7,126,289,39,3,457,0,0,0,457
05/16/2009,MKE,WI,AGL,CE,Combined TRACON& Tower with Radar,105,188,10,1,304,0,4,4,0,8,105,192,14,1,312,0,0,0,312
05/17/2009,MKE,WI,AGL,CE,Combined TRACON& Tower with Radar,114,231,16,0,361,0,2,13,0,15,114,233,29,0,376,32,0,32,408
05/18/2009,MKE,WI,AGL,CE,Combined TRACON& Tower with Radar,120,297,24,8,449,0,0,17,3,20,120,297,41,11,469,0,0,0,469
05/19/2009,MKE,WI,AGL,CE,Combined TRACON& Tower with Radar,128,312,43,4,487,0,3,11,0,14,128,315,54,4,501,0,0,0,501
05/20/2009,MKE,WI,AGL,CE,Combined TRACON& Tower with Radar,125,315,54,6,500,0,6,14,0,20,125,321,68,6,520,0,0,0,520
05/21/2009,MKE,WI,AGL,CE,Combined TRACON& Tower with Radar,149,326,37,4,516,0,4,12,0,16,149,330,49,4,532,0,0,0,532
05/22/2009,MKE,WI,AGL,CE,Combined TRACON& Tower with Radar,145,317,27,5,494,0,2,17,0,19,145,319,44,5,513,0,0,0,513
05/23/2009,MKE,WI,AGL,CE,Combined TRACON& Tower with Radar,118,178,6,0,302,0,0,13,4,17,118,178,19,4,319,0,0,0,319
05/24/2009,MKE,WI,AGL,CE,Combined TRACON& Tower with Radar,118,165,10,0,293,0,2,7,0,9,118,167,17,0,302,0,0,0,302
05/25/2009,MKE,WI,AGL,CE,Combined TRACON& Tower with Radar,147,252,16,0,415,0,3,13,0,16,147,255,29,0,431,0,0,0,431
05/26/2009,MKE,WI,AGL,CE,Combined TRACON& Tower with Radar,147,291,20,6,464,0,0,0,0,0,147,291,20,6,464,0,0,0,464
05/27/2009,MKE,WI,AGL,CE,Combined TRACON& Tower with Radar,154,312,47,4,517,0,0,0,0,0,154,312,47,4,517,0,0,0,517
05/28/2009,MKE,WI,AGL,CE,Combined TRACON& Tower with Radar,146,328,44,4,522,0,0,13,1,14,146,328,57,5,536,0,0,0,536
05/29/2009,MKE,WI,AGL,CE,Combined TRACON& Tower with Radar,145,310,35,6,496,0,0,13,0,13,145,310,48,6,509,0,0,0,509
05/30/2009,MKE,WI,AGL,CE,Combined TRACON& Tower with Radar,122,186,16,0,324,0,1,5,0,6,122,187,21,0,330,10,0,10,340
05/31/2009,MKE,WI,AGL,CE,Combined TRACON& Tower with Radar,140,223,34,0,397,0,0,24,0,24,140,223,58,0,421,0,0,0,421
06/01/2009,MKE,WI,AGL,CE,Combined TRACON& Tower with Radar,145,293,24,7,469,0,4,1,0,5,145,297,25,7,474,0,0,0,474
06/02/2009,MKE,WI,AGL,CE,Combined TRACON& Tower with Radar,157,303,39,4,503,0,2,14,0,16,157,305,53,4,519,0,0,0,519
06/03/2009,MKE,WI,AGL,CE,Combined TRACON& Tower with Radar,149,303,40,4,496,0,9,14,0,23,149,312,54,4,519,0,0,0,519
06/04/2009,MKE,WI,AGL,CE,Combined TRACON& Tower with Radar,145,325,46,8,524,0,1,16,0,17,145,326,62,8,541,0,0,0,541
06/05/2009,MKE,WI,AGL,CE,Combined TRACON& Tower with Radar,148,309,24,9,490,0,1,21,0,22,148,310,45,9,512,0,0,0,512
06/06/2009,MKE,WI,AGL,CE,Combined TRACON& Tower with Radar,131,179,8,2,320,0,4,5,0,9,131,183,13,2,329,0,0,0,329
06/07/2009,MKE,WI,AGL,CE,Combined TRACON& Tower with Radar,138,224,10,7,379,0,0,3,0,3,138,224,13,7,382,0,0,0,382
06/08/2009,MKE,WI,AGL,CE,Combined TRACON& Tower with Radar,148,314,31,5,498,0,0,0,1,1,148,314,31,6,499,0,0,0,499
06/09/2009,MKE,WI,AGL,CE,Combined TRACON& Tower with Radar,150,309,33,7,499,0,0,17,2,19,150,309,50,9,518,0,0,0,518
06/10/2009,MKE,WI,AGL,CE,Combined TRACON& Tower with Radar,146,315,35,8,504,0,6,9,1,16,146,321,44,9,520,0,0,0,520
06/11/2009,MKE,WI,AGL,CE,Combined TRACON& Tower with Radar,158,315,45,8,526,0,4,7,0,11,158,319,52,8,537,0,0,0,537
06/12/2009,MKE,WI,AGL,CE,Combined TRACON& Tower with Radar,157,314,29,12,512,0,2,11,1,14,157,316,40,13,526,0,0,0,526
06/13/2009,MKE,WI,AGL,CE,Combined TRACON& Tower with Radar,146,174,17,4,341,0,0,8,0,8,146,174,25,4,349,6,0,6,355
06/14/2009,MKE,WI,AGL,CE,Combined TRACON& Tower with Radar,146,221,18,4,389,0,2,10,0,12,146,223,28,4,401,0,0,0,401
06/15/2009,MKE,WI,AGL,CE,Combined TRACON& Tower with Radar,157,293,42,7,499,0,2,5,0,7,157,295,47,7,506,0,0,0,506
06/16/2009,MKE,WI,AGL,CE,Combined TRACON& Tower with Radar,158,317,44,7,526,0,2,9,7,18,158,319,53,14,544,0,0,0,544
06/17/2009,MKE,WI,AGL,CE,Combined TRACON& Tower with Radar,157,313,39,8,517,0,0,6,0,6,157,313,45,8,523,0,0,0,523
06/18/2009,MKE,WI,AGL,CE,Combined TRACON& Tower with Radar,155,306,51,9,521,0,0,26,1,27,155,306,77,10,548,0,0,0,548
06/19/2009,MKE,WI,AGL,CE,Combined TRACON& Tower with Radar,181,297,41,3,522,0,0,2,0,2,181,297,43,3,524,0,0,0,524
06/20/2009,MKE,WI,AGL,CE,Combined TRACON& Tower with Radar,142,195,37,2,376,0,0,28,1,29,142,195,65,3,405,0,0,0,405
06/21/2009,MKE,WI,AGL,CE,Combined TRACON& Tower with Radar,145,219,21,0,385,0,5,18,1,24,145,224,39,1,409,0,0,0,409
06/22/2009,MKE,WI,AGL,CE,Combined TRACON& Tower with Radar,158,298,28,8,492,0,2,9,0,11,158,300,37,8,503,0,0,0,503
06/23/2009,MKE,WI,AGL,CE,Combined TRACON& Tower with Radar,164,324,44,4,536,0,0,16,0,16,164,324,60,4,552,0,0,0,552
06/24/2009,MKE,WI,AGL,CE,Combined TRACON& Tower with Radar,162,324,44,5,535,0,0,14,0,14,162,324,58,5,549,0,0,0,549
06/25/2009,MKE,WI,AGL,CE,Combined TRACON& Tower with Radar,168,320,39,4,531,0,2,10,0,12,168,322,49,4,543,0,0,0,543
06/26/2009,MKE,WI,AGL,CE,Combined TRACON& Tower with Radar,152,323,46,5,526,0,7,18,2,27,152,330,64,7,553,0,0,0,553
06/27/2009,MKE,WI,AGL,CE,Combined TRACON& Tower with Radar,140,186,18,0,344,0,1,14,4,19,140,187,32,4,363,0,0,0,363
06/28/2009,MKE,WI,AGL,CE,Combined TRACON& Tower with Radar,147,217,28,0,392,0,2,4,0,6,147,219,32,0,398,0,0,0,398
06/29/2009,MKE,WI,AGL,CE,Combined TRACON& Tower with Radar,159,299,30,6,494,0,6,11,0,17,159,305,41,6,511,0,0,0,511
06/30/2009,MKE,WI,AGL,CE,Combined TRACON& Tower with Radar,153,314,43,5,515,0,4,2,0,6,153,318,45,5,521,0,0,0,521
07/01/2009,MKE,WI,AGL,CE,Combined TRACON& Tower with Radar,158,317,33,7,515,0,0,1,0,1,158,317,34,7,516,0,0,0,516
07/02/2009,MKE,WI,AGL,CE,Combined TRACON& Tower with Radar,159,320,32,3,514,0,0,19,7,26,159,320,51,10,540,0,0,0,540
07/03/2009,MKE,WI,AGL,CE,Combined TRACON& Tower with Radar,148,235,20,0,403,0,0,12,0,12,148,235,32,0,415,0,0,0,415
07/04/2009,MKE,WI,AGL,CE,Combined TRACON& Tower with Radar,114,164,9,0,287,0,0,8,3,11,114,164,17,3,298,0,0,0,298
07/05/2009,MKE,WI,AGL,CE,Combined TRACON& Tower with Radar,143,227,9,0,379,0,0,18,0,18,143,227,27,0,397,0,0,0,397
07/06/2009,MKE,WI,AGL,CE,Combined TRACON& Tower with Radar,154,298,25,2,479,0,4,27,2,33,154,302,52,4,512,0,0,0,512
07/07/2009,MKE,WI,AGL,CE,Combined TRACON& Tower with Radar,152,327,36,6,521,0,3,28,0,31,152,330,64,6,552,0,0,0,552
07/08/2009,MKE,WI,AGL,CE,Combined TRACON& Tower with Radar,157,324,30,2,513,0,0,14,0,14,157,324,44,2,527,0,0,0,527
07/09/2009,MKE,WI,AGL,CE,Combined TRACON& Tower with Radar,157,313,38,6,514,0,2,13,4,19,157,315,51,10,533,0,0,0,533
07/10/2009,MKE,WI,AGL,CE,Combined TRACON& Tower with Radar,159,313,34,10,516,0,10,10,1,21,159,323,44,11,537,0,0,0,537
07/11/2009,MKE,WI,AGL,CE,Combined TRACON& Tower with Radar,141,188,15,4,348,0,0,25,2,27,141,188,40,6,375,0,0,0,375
07/12/2009,MKE,WI,AGL,CE,Combined TRACON& Tower with Radar,144,229,20,12,405,0,0,29,3,32,144,229,49,15,437,0,0,0,437
07/13/2009,MKE,WI,AGL,CE,Combined TRACON& Tower with Radar,153,304,30,11,498,0,0,8,0,8,153,304,38,11,506,0,0,0,506
07/14/2009,MKE,WI,AGL,CE,Combined TRACON& Tower with Radar,148,322,52,3,525,0,6,15,0,21,148,328,67,3,546,0,0,0,546
07/15/2009,MKE,WI,AGL,CE,Combined TRACON& Tower with Radar,156,323,41,4,524,0,0,7,0,7,156,323,48,4,531,0,0,0,531
07/16/2009,MKE,WI,AGL,CE,Combined TRACON& Tower with Radar,158,329,33,5,525,0,4,20,1,25,158,333,53,6,550,0,0,0,550
07/17/2009,MKE,WI,AGL,CE,Combined TRACON& Tower with Radar,155,312,32,11,510,0,2,11,2,15,155,314,43,13,525,0,0,0,525
07/18/2009,MKE,WI,AGL,CE,Combined TRACON& Tower with Radar,138,188,23,3,352,0,2,6,1,9,138,190,29,4,361,0,0,0,361
07/19/2009,MKE,WI,AGL,CE,Combined TRACON& Tower with Radar,140,236,18,4,398,0,0,10,0,10,140,236,28,4,408,0,0,0,408
07/20/2009,MKE,WI,AGL,CE,Combined TRACON& Tower with Radar,155,317,34,7,513,0,1,12,5,18,155,318,46,12,531,0,0,0,531
07/21/2009,MKE,WI,AGL,CE,Combined TRACON& Tower with Radar,154,325,41,2,522,0,0,16,0,16,154,325,57,2,538,0,0,0,538
07/22/2009,MKE,WI,AGL,CE,Combined TRACON& Tower with Radar,157,323,45,6,531,0,0,2,0,2,157,323,47,6,533,0,0,0,533
07/23/2009,MKE,WI,AGL,CE,Combined TRACON& Tower with Radar,155,317,37,10,519,0,2,25,8,35,155,319,62,18,554,0,0,0,554
07/24/2009,MKE,WI,AGL,CE,Combined TRACON& Tower with Radar,159,312,28,7,506,0,18,15,5,38,159,330,43,12,544,0,0,0,544
07/25/2009,MKE,WI,AGL,CE,Combined TRACON& Tower with Radar,140,189,24,2,355,0,41,20,17,78,140,230,44,19,433,0,0,0,433
07/26/2009,MKE,WI,AGL,CE,Combined TRACON& Tower with Radar,145,235,32,1,413,0,25,20,13,58,145,260,52,14,471,0,0,0,471
07/27/2009,MKE,WI,AGL,CE,Combined TRACON& Tower with Radar,154,306,22,9,491,0,4,22,1,27,154,310,44,10,518,0,0,0,518
07/28/2009,MKE,WI,AGL,CE,Combined TRACON& Tower with Radar,155,316,52,2,525,0,2,23,0,25,155,318,75,2,550,0,0,0,550
07/29/2009,MKE,WI,AGL,CE,Combined TRACON& Tower with Radar,153,310,51,6,520,2,0,50,0,52,155,310,101,6,572,0,0,0,572
07/30/2009,MKE,WI,AGL,CE,Combined TRACON& Tower with Radar,160,320,42,1,523,0,4,13,0,17,160,324,55,1,540,0,0,0,540
07/31/2009,MKE,WI,AGL,CE,Combined TRACON& Tower with Radar,155,309,27,5,496,0,2,24,0,26,155,311,51,5,522,0,0,0,522
08/01/2009,MKE,WI,AGL,CE,Combined TRACON& Tower with Radar,142,204,19,0,365,0,6,19,0,25,142,210,38,0,390,0,0,0,390
08/02/2009,MKE,WI,AGL,CE,Combined TRACON& Tower with Radar,143,239,25,4,411,0,6,18,0,24,143,245,43,4,435,0,0,0,435
08/03/2009,MKE,WI,AGL,CE,Combined TRACON& Tower with Radar,153,316,31,1,501,0,3,13,0,16,153,319,44,1,517,0,0,0,517
08/04/2009,MKE,WI,AGL,CE,Combined TRACON& Tower with Radar,153,324,38,2,517,0,3,39,1,43,153,327,77,3,560,0,0,0,560
08/05/2009,MKE,WI,AGL,CE,Combined TRACON& Tower with Radar,159,338,33,2,532,0,0,16,0,16,159,338,49,2,548,0,0,0,548
08/06/2009,MKE,WI,AGL,CE,Combined TRACON& Tower with Radar,158,333,42,6,539,0,2,13,0,15,158,335,55,6,554,0,0,0,554
08/07/2009,MKE,WI,AGL,CE,Combined TRACON& Tower with Radar,159,329,26,16,530,0,3,8,0,11,159,332,34,16,541,0,0,0,541
08/08/2009,MKE,WI,AGL,CE,Combined TRACON& Tower with Radar,143,197,7,0,347,0,0,2,0,2,143,197,9,0,349,0,0,0,349
08/09/2009,MKE,WI,AGL,CE,Combined TRACON& Tower with Radar,146,217,10,2,375,0,1,5,0,6,146,218,15,2,381,0,0,0,381
08/10/2009,MKE,WI,AGL,CE,Combined TRACON& Tower with Radar,154,310,21,3,488,0,2,7,1,10,154,312,28,4,498,0,0,0,498
08/11/2009,MKE,WI,AGL,CE,Combined TRACON& Tower with Radar,161,329,30,9,529,0,5,14,0,19,161,334,44,9,548,0,0,0,548
08/12/2009,MKE,WI,AGL,CE,Combined TRACON& Tower with Radar,161,337,36,4,538,0,2,14,0,16,161,339,50,4,554,0,0,0,554
08/13/2009,MKE,WI,AGL,CE,Combined TRACON& Tower with Radar,161,335,54,4,554,0,1,11,4,16,161,336,65,8,570,0,0,0,570
08/14/2009,MKE,WI,AGL,CE,Combined TRACON& Tower with Radar,161,332,21,2,516,0,4,12,3,19,161,336,33,5,535,0,0,0,535
08/15/2009,MKE,WI,AGL,CE,Combined TRACON& Tower with Radar,136,192,10,1,339,0,2,8,0,10,136,194,18,1,349,0,0,0,349
08/16/2009,MKE,WI,AGL,CE,Combined TRACON& Tower with Radar,156,239,20,1,416,0,3,8,0,11,156,242,28,1,427,0,0,0,427
08/17/2009,MKE,WI,AGL,CE,Combined TRACON& Tower with Radar,149,316,28,2,495,0,0,7,1,8,149,316,35,3,503,0,0,0,503
08/18/2009,MKE,WI,AGL,CE,Combined TRACON& Tower with Radar,156,329,51,0,536,0,0,10,0,10,156,329,61,0,546,0,0,0,546
08/19/2009,MKE,WI,AGL,CE,Combined TRACON& Tower with Radar,157,337,36,2,532,0,5,11,0,16,157,342,47,2,548,0,0,0,548
08/20/2009,MKE,WI,AGL,CE,Combined TRACON& Tower with Radar,154,323,53,1,531,0,2,0,0,2,154,325,53,1,533,0,0,0,533
08/21/2009,MKE,WI,AGL,CE,Combined TRACON& Tower with Radar,153,320,40,2,515,0,0,5,0,5,153,320,45,2,520,0,0,0,520
08/22/2009,MKE,WI,AGL,CE,Combined TRACON& Tower with Radar,137,188,21,0,346,0,5,11,0,16,137,193,32,0,362,0,0,0,362
08/23/2009,MKE,WI,AGL,CE,Combined TRACON& Tower with Radar,142,235,23,2,402,0,6,8,0,14,142,241,31,2,416,0,0,0,416
08/24/2009,MKE,WI,AGL,CE,Combined TRACON& Tower with Radar,149,314,25,6,494,0,8,5,0,13,149,322,30,6,507,0,0,0,507
08/25/2009,MKE,WI,AGL,CE,Combined TRACON& Tower with Radar,154,331,33,0,518,0,3,4,0,7,154,334,37,0,525,0,0,0,525
08/26/2009,MKE,WI,AGL,CE,Combined TRACON& Tower with Radar,152,325,39,2,518,0,2,14,1,17,152,327,53,3,535,0,0,0,535
08/27/2009,MKE,WI,AGL,CE,Combined TRACON& Tower with Radar,154,349,43,3,549,0,3,2,0,5,154,352,45,3,554,0,0,0,554
08/28/2009,MKE,WI,AGL,CE,Combined TRACON& Tower with Radar,156,321,37,4,518,0,2,2,0,4,156,323,39,4,522,0,0,0,522
08/29/2009,MKE,WI,AGL,CE,Combined TRACON& Tower with Radar,130,195,7,0,332,0,2,6,0,8,130,197,13,0,340,0,0,0,340
08/30/2009,MKE,WI,AGL,CE,Combined TRACON& Tower with Radar,142,234,22,0,398,0,10,18,0,28,142,244,40,0,426,0,0,0,426
08/31/2009,MKE,WI,AGL,CE,Combined TRACON& Tower with Radar,152,313,21,3,489,0,2,17,0,19,152,315,38,3,508,0,0,0,508
09/01/2009,MKE,WI,AGL,CE,Combined TRACON& Tower with Radar,146,322,33,0,501,0,0,23,0,23,146,322,56,0,524,0,0,0,524
09/02/2009,MKE,WI,AGL,CE,Combined TRACON& Tower with Radar,140,322,34,0,496,0,6,14,0,20,140,328,48,0,516,0,0,0,516
09/03/2009,MKE,WI,AGL,CE,Combined TRACON& Tower with Radar,147,324,34,5,510,0,1,5,2,8,147,325,39,7,518,0,0,0,518
09/04/2009,MKE,WI,AGL,CE,Combined TRACON& Tower with Radar,144,329,23,1,497,0,3,19,2,24,144,332,42,3,521,0,0,0,521
09/05/2009,MKE,WI,AGL,CE,Combined TRACON& Tower with Radar,99,189,10,3,301,0,2,16,0,18,99,191,26,3,319,0,0,0,319
09/06/2009,MKE,WI,AGL,CE,Combined TRACON& Tower with Radar,109,197,9,0,315,0,4,7,0,11,109,201,16,0,326,0,0,0,326
09/07/2009,MKE,WI,AGL,CE,Combined TRACON& Tower with Radar,137,259,18,1,415,0,5,13,0,18,137,264,31,1,433,0,0,0,433
09/08/2009,MKE,WI,AGL,CE,Combined TRACON& Tower with Radar,136,327,33,0,496,0,0,11,0,11,136,327,44,0,507,0,0,0,507
09/09/2009,MKE,WI,AGL,CE,Combined TRACON& Tower with Radar,141,328,42,4,515,1,4,4,0,9,142,332,46,4,524,0,0,0,524
09/10/2009,MKE,WI,AGL,CE,Combined TRACON& Tower with Radar,137,328,35,6,506,0,3,8,0,11,137,331,43,6,517,0,0,0,517
09/11/2009,MKE,WI,AGL,CE,Combined TRACON& Tower with Radar,146,317,34,10,507,0,3,12,0,15,146,320,46,10,522,0,0,0,522
09/12/2009,MKE,WI,AGL,CE,Combined TRACON& Tower with Radar,117,225,25,5,372,0,1,7,0,8,117,226,32,5,380,0,0,0,380
09/13/2009,MKE,WI,AGL,CE,Combined TRACON& Tower with Radar,124,246,23,5,398,0,2,16,1,19,124,248,39,6,417,0,0,0,417
09/14/2009,MKE,WI,AGL,CE,Combined TRACON& Tower with Radar,130,332,29,6,497,0,0,12,0,12,130,332,41,6,509,0,0,0,509
09/15/2009,MKE,WI,AGL,CE,Combined TRACON& Tower with Radar,128,343,47,9,527,0,2,8,1,11,128,345,55,10,538,0,0,0,538
09/16/2009,MKE,WI,AGL,CE,Combined TRACON& Tower with Radar,129,333,43,6,511,0,3,5,0,8,129,336,48,6,519,0,0,0,519
09/17/2009,MKE,WI,AGL,CE,Combined TRACON& Tower with Radar,133,342,42,8,525,0,5,18,1,24,133,347,60,9,549,0,0,0,549
09/18/2009,MKE,WI,AGL,CE,Combined TRACON& Tower with Radar,139,335,14,3,491,0,0,12,0,12,139,335,26,3,503,0,0,0,503
09/19/2009,MKE,WI,AGL,CE,Combined TRACON& Tower with Radar,99,200,27,6,332,0,2,10,0,12,99,202,37,6,344,0,0,0,344
09/20/2009,MKE,WI,AGL,CE,Combined TRACON& Tower with Radar,123,237,21,1,382,0,0,6,0,6,123,237,27,1,388,0,0,0,388
09/21/2009,MKE,WI,AGL,CE,Combined TRACON& Tower with Radar,128,320,34,8,490,0,0,3,0,3,128,320,37,8,493,0,0,0,493
09/22/2009,MKE,WI,AGL,CE,Combined TRACON& Tower with Radar,127,344,41,6,518,0,0,1,0,1,127,344,42,6,519,0,0,0,519
09/23/2009,MKE,WI,AGL,CE,Combined TRACON& Tower with Radar,133,347,66,8,554,0,0,4,0,4,133,347,70,8,558,0,0,0,558
09/24/2009,MKE,WI,AGL,CE,Combined TRACON& Tower with Radar,138,342,51,6,537,0,0,6,0,6,138,342,57,6,543,0,0,0,543
09/25/2009,MKE,WI,AGL,CE,Combined TRACON& Tower with Radar,140,333,33,4,510,0,3,6,0,9,140,336,39,4,519,0,0,0,519
09/26/2009,MKE,WI,AGL,CE,Combined TRACON& Tower with Radar,99,195,11,0,305,0,0,2,0,2,99,195,13,0,307,0,0,0,307
09/27/2009,MKE,WI,AGL,CE,Combined TRACON& Tower with Radar,122,246,19,0,387,0,2,9,0,11,122,248,28,0,398,0,0,0,398
09/28/2009,MKE,WI,AGL,CE,Combined TRACON& Tower with Radar,128,339,19,2,488,0,2,2,0,4,128,341,21,2,492,0,0,0,492
09/29/2009,MKE,WI,AGL,CE,Combined TRACON& Tower with Radar,129,329,47,4,509,0,2,4,0,6,129,331,51,4,515,0,0,0,515
09/30/2009,MKE,WI,AGL,CE,Combined TRACON& Tower with Radar,127,343,32,5,507,0,1,16,0,17,127,344,48,5,524,0,0,0,524
10/01/2009,MKE,WI,AGL,CE,Combined TRACON& Tower with Radar,130,343,45,2,520,0,0,7,0,7,130,343,52,2,527,0,0,0,527
10/02/2009,MKE,WI,AGL,CE,Combined TRACON& Tower with Radar,131,331,38,12,512,0,1,0,0,1,131,332,38,12,513,0,0,0,513
10/03/2009,MKE,WI,AGL,CE,Combined TRACON& Tower with Radar,103,198,15,5,321,0,3,0,0,3,103,201,15,5,324,0,0,0,324
10/04/2009,MKE,WI,AGL,CE,Combined TRACON& Tower with Radar,121,242,24,5,392,0,4,7,0,11,121,246,31,5,403,0,0,0,403
10/05/2009,MKE,WI,AGL,CE,Combined TRACON& Tower with Radar,121,328,27,9,485,0,0,21,0,21,121,328,48,9,506,4,0,4,510
10/06/2009,MKE,WI,AGL,CE,Combined TRACON& Tower with Radar,132,343,52,3,530,0,0,3,0,3,132,343,55,3,533,0,0,0,533
10/07/2009,MKE,WI,AGL,CE,Combined TRACON& Tower with Radar,136,333,42,6,517,0,5,9,0,14,136,338,51,6,531,0,0,0,531
10/08/2009,MKE,WI,AGL,CE,Combined TRACON& Tower with Radar,138,359,35,8,540,0,1,6,0,7,138,360,41,8,547,0,0,0,547
10/09/2009,MKE,WI,AGL,CE,Combined TRACON& Tower with Radar,142,335,22,4,503,0,0,0,0,0,142,335,22,4,503,0,0,0,503
10/10/2009,MKE,WI,AGL,CE,Combined TRACON& Tower with Radar,106,200,16,1,323,0,9,10,0,19,106,209,26,1,342,0,0,0,342
10/11/2009,MKE,WI,AGL,CE,Combined TRACON& Tower with Radar,126,250,18,0,394,0,3,17,0,20,126,253,35,0,414,0,0,0,414
10/12/2009,MKE,WI,AGL,CE,Combined TRACON& Tower with Radar,123,323,21,0,467,0,0,4,0,4,123,323,25,0,471,0,0,0,471
10/13/2009,MKE,WI,AGL,CE,Combined TRACON& Tower with Radar,127,333,40,4,504,0,2,14,0,16,127,335,54,4,520,0,0,0,520
10/14/2009,MKE,WI,AGL,CE,Combined TRACON& Tower with Radar,134,334,40,7,515,0,2,4,0,6,134,336,44,7,521,0,0,0,521
10/15/2009,MKE,WI,AGL,CE,Combined TRACON& Tower with Radar,134,338,36,6,514,0,0,2,0,2,134,338,38,6,516,0,0,0,516
10/16/2009,MKE,WI,AGL,CE,Combined TRACON& Tower with Radar,140,354,27,9,530,0,0,2,0,2,140,354,29,9,532,0,0,0,532
10/17/2009,MKE,WI,AGL,CE,Combined TRACON& Tower with Radar,107,195,13,5,320,0,5,7,0,12,107,200,20,5,332,0,0,0,332
10/18/2009,MKE,WI,AGL,CE,Combined TRACON& Tower with Radar,128,235,23,4,390,0,1,35,2,38,128,236,58,6,428,0,0,0,428
10/19/2009,MKE,WI,AGL,CE,Combined TRACON& Tower with Radar,128,329,28,5,490,0,2,7,0,9,128,331,35,5,499,0,0,0,499
10/20/2009,MKE,WI,AGL,CE,Combined TRACON& Tower with Radar,130,342,39,6,517,0,0,1,2,3,130,342,40,8,520,0,0,0,520
10/21/2009,MKE,WI,AGL,CE,Combined TRACON& Tower with Radar,133,342,24,4,503,0,2,3,0,5,133,344,27,4,508,0,0,0,508
10/22/2009,MKE,WI,AGL,CE,Combined TRACON& Tower with Radar,138,347,44,11,540,0,0,2,0,2,138,347,46,11,542,0,0,0,542
10/23/2009,MKE,WI,AGL,CE,Combined TRACON& Tower with Radar,137,338,28,3,506,0,0,0,0,0,137,338,28,3,506,0,0,0,506
10/24/2009,MKE,WI,AGL,CE,Combined TRACON& Tower with Radar,110,199,22,0,331,0,0,6,0,6,110,199,28,0,337,0,0,0,337
10/25/2009,MKE,WI,AGL,CE,Combined TRACON& Tower with Radar,127,244,17,2,390,0,4,12,0,16,127,248,29,2,406,0,0,0,406
10/26/2009,MKE,WI,AGL,CE,Combined TRACON& Tower with Radar,125,320,28,4,477,0,0,0,0,0,125,320,28,4,477,0,0,0,477
10/27/2009,MKE,WI,AGL,CE,Combined TRACON& Tower with Radar,134,337,34,6,511,0,3,9,0,12,134,340,43,6,523,0,0,0,523
10/28/2009,MKE,WI,AGL,CE,Combined TRACON& Tower with Radar,134,343,33,4,514,0,3,0,0,3,134,346,33,4,517,0,0,0,517
10/29/2009,MKE,WI,AGL,CE,Combined TRACON& Tower with Radar,140,336,41,2,519,0,2,5,0,7,140,338,46,2,526,0,0,0,526
10/30/2009,MKE,WI,AGL,CE,Combined TRACON& Tower with Radar,139,340,31,2,512,0,0,0,0,0,139,340,31,2,512,0,0,0,512
10/31/2009,MKE,WI,AGL,CE,Combined TRACON& Tower with Radar,142,173,12,0,327,0,4,4,0,8,142,177,16,0,335,0,0,0,335
11/01/2009,MKE,WI,AGL,CE,Combined TRACON& Tower with Radar,215,179,16,1,411,0,0,13,0,13,215,179,29,1,424,0,0,0,424
11/02/2009,MKE,WI,AGL,CE,Combined TRACON& Tower with Radar,229,252,24,7,512,0,0,5,0,5,229,252,29,7,517,0,0,0,517
11/03/2009,MKE,WI,AGL,CE,Combined TRACON& Tower with Radar,228,262,32,7,529,0,1,6,1,8,228,263,38,8,537,0,0,0,537
11/04/2009,MKE,WI,AGL,CE,Combined TRACON& Tower with Radar,232,262,35,6,535,0,13,16,0,29,232,275,51,6,564,0,0,0,564
11/05/2009,MKE,WI,AGL,CE,Combined TRACON& Tower with Radar,237,268,50,4,559,0,6,14,0,20,237,274,64,4,579,0,0,0,579
11/06/2009,MKE,WI,AGL,CE,Combined TRACON& Tower with Radar,234,271,23,6,534,0,2,12,0,14,234,273,35,6,548,0,0,0,548
11/07/2009,MKE,WI,AGL,CE,Combined TRACON& Tower with Radar,187,144,15,0,346,0,6,14,0,20,187,150,29,0,366,0,0,0,366
11/08/2009,MKE,WI,AGL,CE,Combined TRACON& Tower with Radar,211,174,21,6,412,0,7,13,0,20,211,181,34,6,432,0,0,0,432
11/09/2009,MKE,WI,AGL,CE,Combined TRACON& Tower with Radar,230,249,26,7,512,0,2,7,2,11,230,251,33,9,523,0,0,0,523
11/10/2009,MKE,WI,AGL,CE,Combined TRACON& Tower with Radar,233,266,31,12,542,0,3,16,0,19,233,269,47,12,561,0,0,0,561
11/11/2009,MKE,WI,AGL,CE,Combined TRACON& Tower with Radar,247,255,36,0,538,0,12,12,0,24,247,267,48,0,562,0,0,0,562
11/12/2009,MKE,WI,AGL,CE,Combined TRACON& Tower with Radar,230,266,52,6,554,0,7,11,0,18,230,273,63,6,572,0,0,0,572
11/13/2009,MKE,WI,AGL,CE,Combined TRACON& Tower with Radar,234,258,33,10,535,0,9,4,0,13,234,267,37,10,548,0,0,0,548
11/14/2009,MKE,WI,AGL,CE,Combined TRACON& Tower with Radar,185,152,20,1,358,0,2,0,0,2,185,154,20,1,360,0,0,0,360
11/15/2009,MKE,WI,AGL,CE,Combined TRACON& Tower with Radar,212,178,43,4,437,0,4,8,0,12,212,182,51,4,449,0,0,0,449
11/16/2009,MKE,WI,AGL,CE,Combined TRACON& Tower with Radar,229,249,34,6,518,0,2,5,0,7,229,251,39,6,525,0,0,0,525
11/17/2009,MKE,WI,AGL,CE,Combined TRACON& Tower with Radar,233,269,40,6,548,0,1,8,0,9,233,270,48,6,557,0,0,0,557
11/18/2009,MKE,WI,AGL,CE,Combined TRACON& Tower with Radar,242,276,45,8,571,0,0,2,0,2,242,276,47,8,573,0,0,0,573
11/19/2009,MKE,WI,AGL,CE,Combined TRACON& Tower with Radar,240,264,29,5,538,0,0,3,0,3,240,264,32,5,541,0,0,0,541
11/20/2009,MKE,WI,AGL,CE,Combined TRACON& Tower with Radar,248,265,20,5,538,0,2,12,0,14,248,267,32,5,552,0,0,0,552
11/21/2009,MKE,WI,AGL,CE,Combined TRACON& Tower with Radar,190,142,11,1,344,0,0,11,0,11,190,142,22,1,355,0,0,0,355
11/22/2009,MKE,WI,AGL,CE,Combined TRACON& Tower with Radar,218,180,15,0,413,0,2,15,0,17,218,182,30,0,430,0,0,0,430
11/23/2009,MKE,WI,AGL,CE,Combined TRACON& Tower with Radar,235,247,23,4,509,0,0,0,0,0,235,247,23,4,509,0,0,0,509
11/24/2009,MKE,WI,AGL,CE,Combined TRACON& Tower with Radar,244,256,40,0,540,0,0,0,0,0,244,256,40,0,540,0,0,0,540
11/25/2009,MKE,WI,AGL,CE,Combined TRACON& Tower with Radar,252,261,25,4,542,0,0,1,0,1,252,261,26,4,543,0,0,0,543
11/26/2009,MKE,WI,AGL,CE,Combined TRACON& Tower with Radar,159,125,12,0,296,0,0,0,0,0,159,125,12,0,296,0,0,0,296
11/27/2009,MKE,WI,AGL,CE,Combined TRACON& Tower with Radar,192,168,5,0,365,0,0,17,0,17,192,168,22,0,382,0,0,0,382
11/28/2009,MKE,WI,AGL,CE,Combined TRACON& Tower with Radar,230,193,12,1,436,0,8,20,0,28,230,201,32,1,464,0,0,0,464
11/29/2009,MKE,WI,AGL,CE,Combined TRACON& Tower with Radar,247,223,28,0,498,0,2,3,0,5,247,225,31,0,503,0,0,0,503
11/30/2009,MKE,WI,AGL,CE,Combined TRACON& Tower with Radar,247,248,33,10,538,0,0,15,0,15,247,248,48,10,553,0,0,0,553
12/01/2009,MKE,WI,AGL,CE,Combined TRACON& Tower with Radar,246,252,41,6,545,0,0,9,0,9,246,252,50,6,554,0,0,0,554
12/02/2009,MKE,WI,AGL,CE,Combined TRACON& Tower with Radar,242,246,44,8,540,0,2,8,0,10,242,248,52,8,550,0,0,0,550
12/03/2009,MKE,WI,AGL,CE,Combined TRACON& Tower with Radar,242,252,46,8,548,0,0,0,0,0,242,252,46,8,548,0,0,0,548
12/04/2009,MKE,WI,AGL,CE,Combined TRACON& Tower with Radar,232,258,31,11,532,0,0,1,0,1,232,258,32,11,533,0,0,0,533
12/05/2009,MKE,WI,AGL,CE,Combined TRACON& Tower with Radar,174,147,5,2,328,0,4,11,0,15,174,151,16,2,343,0,0,0,343
12/06/2009,MKE,WI,AGL,CE,Combined TRACON& Tower with Radar,210,170,10,6,396,0,3,10,0,13,210,173,20,6,409,0,0,0,409
12/07/2009,MKE,WI,AGL,CE,Combined TRACON& Tower with Radar,227,250,33,4,514,0,3,0,2,5,227,253,33,6,519,0,0,0,519
12/08/2009,MKE,WI,AGL,CE,Combined TRACON& Tower with Radar,188,190,47,2,427,0,0,0,0,0,188,190,47,2,427,0,0,0,427
12/09/2009,MKE,WI,AGL,CE,Combined TRACON& Tower with Radar,206,194,24,0,424,0,0,0,0,0,206,194,24,0,424,0,0,0,424
12/10/2009,MKE,WI,AGL,CE,Combined TRACON& Tower with Radar,230,266,57,6,559,0,0,5,0,5,230,266,62,6,564,0,0,0,564
12/11/2009,MKE,WI,AGL,CE,Combined TRACON& Tower with Radar,227,270,39,7,543,0,7,3,0,10,227,277,42,7,553,0,0,0,553
12/12/2009,MKE,WI,AGL,CE,Combined TRACON& Tower with Radar,174,153,13,5,345,0,4,14,0,18,174,157,27,5,363,0,0,0,363
12/13/2009,MKE,WI,AGL,CE,Combined TRACON& Tower with Radar,207,174,12,3,396,0,0,1,0,1,207,174,13,3,397,0,0,0,397
12/14/2009,MKE,WI,AGL,CE,Combined TRACON& Tower with Radar,223,246,27,2,498,0,0,0,1,1,223,246,27,3,499,0,0,0,499
12/15/2009,MKE,WI,AGL,CE,Combined TRACON& Tower with Radar,234,269,49,6,558,0,6,4,1,11,234,275,53,7,569,0,0,0,569
12/16/2009,MKE,WI,AGL,CE,Combined TRACON& Tower with Radar,245,272,22,6,545,0,1,26,0,27,245,273,48,6,572,0,0,0,572
12/17/2009,MKE,WI,AGL,CE,Combined TRACON& Tower with Radar,252,268,27,0,547,1,0,17,0,18,253,268,44,0,565,14,0,14,579
12/18/2009,MKE,WI,AGL,CE,Combined TRACON& Tower with Radar,243,252,28,4,527,0,0,9,0,9,243,252,37,4,536,0,0,0,536
12/19/2009,MKE,WI,AGL,CE,Combined TRACON& Tower with Radar,193,157,13,0,363,0,0,0,0,0,193,157,13,0,363,0,0,0,363
12/20/2009,MKE,WI,AGL,CE,Combined TRACON& Tower with Radar,212,162,25,0,399,0,1,0,0,1,212,163,25,0,400,0,0,0,400
12/21/2009,MKE,WI,AGL,CE,Combined TRACON& Tower with Radar,240,249,35,4,528,0,0,4,0,4,240,249,39,4,532,0,0,0,532
12/22/2009,MKE,WI,AGL,CE,Combined TRACON& Tower with Radar,256,244,35,9,544,0,0,0,0,0,256,244,35,9,544,0,0,0,544
12/23/2009,MKE,WI,AGL,CE,Combined TRACON& Tower with Radar,253,239,11,2,505,0,0,2,0,2,253,239,13,2,507,0,0,0,507
12/24/2009,MKE,WI,AGL,CE,Combined TRACON& Tower with Radar,229,197,9,0,435,0,2,4,0,6,229,199,13,0,441,0,0,0,441
12/25/2009,MKE,WI,AGL,CE,Combined TRACON& Tower with Radar,189,138,6,0,333,0,0,0,0,0,189,138,6,0,333,0,0,0,333
12/26/2009,MKE,WI,AGL,CE,Combined TRACON& Tower with Radar,231,167,20,1,419,0,0,0,0,0,231,167,20,1,419,0,0,0,419
12/27/2009,MKE,WI,AGL,CE,Combined TRACON& Tower with Radar,249,194,19,0,462,0,0,0,0,0,249,194,19,0,462,0,0,0,462
12/28/2009,MKE,WI,AGL,CE,Combined TRACON& Tower with Radar,243,237,21,8,509,0,2,9,0,11,243,239,30,8,520,0,0,0,520
12/29/2009,MKE,WI,AGL,CE,Combined TRACON& Tower with Radar,246,248,21,7,522,0,6,10,0,16,246,254,31,7,538,0,0,0,538
12/30/2009,MKE,WI,AGL,CE,Combined TRACON& Tower with Radar,243,250,19,8,520,0,0,3,0,3,243,250,22,8,523,0,0,0,523
12/31/2009,MKE,WI,AGL,CE,Combined TRACON& Tower with Radar,189,180,7,0,376,0,0,7,0,7,189,180,14,0,383,0,0,0,383
01/01/2010,MKE,WI,AGL,CE,Combined TRACON& Tower with Radar,207,163,6,0,376,0,2,10,0,12,207,165,16,0,388,0,0,0,388
01/02/2010,MKE,WI,AGL,CE,Combined TRACON& Tower with Radar,230,190,19,1,440,0,2,3,0,5,230,192,22,1,445,0,0,0,445
01/03/2010,MKE,WI,AGL,CE,Combined TRACON& Tower with Radar,236,194,20,2,452,0,0,4,0,4,236,194,24,2,456,0,0,0,456
01/04/2010,MKE,WI,AGL,CE,Combined TRACON& Tower with Radar,237,260,23,4,524,0,7,0,0,7,237,267,23,4,531,0,0,0,531
01/05/2010,MKE,WI,AGL,CE,Combined TRACON& Tower with Radar,232,268,33,5,538,0,0,3,0,3,232,268,36,5,541,0,0,0,541
01/06/2010,MKE,WI,AGL,CE,Combined TRACON& Tower with Radar,230,270,27,6,533,0,0,3,0,3,230,270,30,6,536,0,0,0,536
01/07/2010,MKE,WI,AGL,CE,Combined TRACON& Tower with Radar,171,193,11,0,375,0,0,0,0,0,171,193,11,0,375,0,0,0,375
01/08/2010,MKE,WI,AGL,CE,Combined TRACON& Tower with Radar,231,261,32,6,530,0,0,3,0,3,231,261,35,6,533,0,0,0,533
01/09/2010,MKE,WI,AGL,CE,Combined TRACON& Tower with Radar,192,144,9,2,347,0,4,13,0,17,192,148,22,2,364,0,0,0,364
01/10/2010,MKE,WI,AGL,CE,Combined TRACON& Tower with Radar,205,189,16,7,417,0,2,2,0,4,205,191,18,7,421,0,0,0,421
01/11/2010,MKE,WI,AGL,CE,Combined TRACON& Tower with Radar,223,270,24,2,519,0,4,3,0,7,223,274,27,2,526,0,0,0,526
01/12/2010,MKE,WI,AGL,CE,Combined TRACON& Tower with Radar,221,281,36,10,548,0,0,12,0,12,221,281,48,10,560,0,0,0,560
01/13/2010,MKE,WI,AGL,CE,Combined TRACON& Tower with Radar,224,272,46,10,552,0,2,10,0,12,224,274,56,10,564,0,0,0,564
01/14/2010,MKE,WI,AGL,CE,Combined TRACON& Tower with Radar,228,274,38,4,544,1,0,0,0,1,229,274,38,4,545,0,0,0,545
01/15/2010,MKE,WI,AGL,CE,Combined TRACON& Tower with Radar,234,271,46,2,553,0,0,0,0,0,234,271,46,2,553,0,0,0,553
01/16/2010,MKE,WI,AGL,CE,Combined TRACON& Tower with Radar,183,149,6,0,338,0,0,2,0,2,183,149,8,0,340,0,0,0,340
01/17/2010,MKE,WI,AGL,CE,Combined TRACON& Tower with Radar,206,179,10,3,398,0,0,0,0,0,206,179,10,3,398,0,0,0,398
01/18/2010,MKE,WI,AGL,CE,Combined TRACON& Tower with Radar,211,255,18,0,484,0,0,6,0,6,211,255,24,0,490,0,0,0,490
01/19/2010,MKE,WI,AGL,CE,Combined TRACON& Tower with Radar,218,271,35,4,528,0,1,5,0,6,218,272,40,4,534,0,0,0,534
01/20/2010,MKE,WI,AGL,CE,Combined TRACON& Tower with Radar,226,270,28,2,526,0,2,1,0,3,226,272,29,2,529,0,0,0,529
01/21/2010,MKE,WI,AGL,CE,Combined TRACON& Tower with Radar,225,279,42,2,548,0,6,4,0,10,225,285,46,2,558,0,0,0,558
01/22/2010,MKE,WI,AGL,CE,Combined TRACON& Tower with Radar,239,274,39,5,557,0,0,0,0,0,239,274,39,5,557,0,0,0,557
01/23/2010,MKE,WI,AGL,CE,Combined TRACON& Tower with Radar,188,151,7,1,347,0,0,0,0,0,188,151,7,1,347,0,0,0,347
01/24/2010,MKE,WI,AGL,CE,Combined TRACON& Tower with Radar,201,184,13,2,400,0,0,0,0,0,201,184,13,2,400,0,0,0,400
01/25/2010,MKE,WI,AGL,CE,Combined TRACON& Tower with Radar,223,255,27,4,509,0,0,3,0,3,223,255,30,4,512,0,0,0,512
01/26/2010,MKE,WI,AGL,CE,Combined TRACON& Tower with Radar,218,281,41,8,548,0,6,0,0,6,218,287,41,8,554,0,0,0,554
01/27/2010,MKE,WI,AGL,CE,Combined TRACON& Tower with Radar,226,277,54,10,567,0,0,3,0,3,226,277,57,10,570,0,0,0,570
01/28/2010,MKE,WI,AGL,CE,Combined TRACON& Tower with Radar,225,275,56,9,565,0,0,11,0,11,225,275,67,9,576,12,0,12,588
01/29/2010,MKE,WI,AGL,CE,Combined TRACON& Tower with Radar,237,265,44,0,546,0,4,13,0,17,237,269,57,0,563,0,0,0,563
01/30/2010,MKE,WI,AGL,CE,Combined TRACON& Tower with Radar,186,156,12,1,355,0,2,1,2,5,186,158,13,3,360,0,0,0,360
01/31/2010,MKE,WI,AGL,CE,Combined TRACON& Tower with Radar,224,188,19,0,431,0,0,13,0,13,224,188,32,0,444,0,0,0,444
02/01/2010,MKE,WI,AGL,CE,Combined TRACON& Tower with Radar,228,268,31,3,530,0,5,8,0,13,228,273,39,3,543,0,0,0,543
02/02/2010,MKE,WI,AGL,CE,Combined TRACON& Tower with Radar,227,266,32,1,526,0,0,0,0,0,227,266,32,1,526,0,0,0,526
02/03/2010,MKE,WI,AGL,CE,Combined TRACON& Tower with Radar,230,272,33,1,536,0,2,9,0,11,230,274,42,1,547,0,0,0,547
02/04/2010,MKE,WI,AGL,CE,Combined TRACON& Tower with Radar,235,271,33,6,545,0,2,4,0,6,235,273,37,6,551,0,0,0,551
02/05/2010,MKE,WI,AGL,CE,Combined TRACON& Tower with Radar,235,265,31,10,541,0,0,15,0,15,235,265,46,10,556,0,0,0,556
02/06/2010,MKE,WI,AGL,CE,Combined TRACON& Tower with Radar,188,136,5,11,340,0,1,0,0,1,188,137,5,11,341,0,0,0,341
02/07/2010,MKE,WI,AGL,CE,Combined TRACON& Tower with Radar,198,182,8,7,395,0,0,9,0,9,198,182,17,7,404,0,0,0,404
02/08/2010,MKE,WI,AGL,CE,Combined TRACON& Tower with Radar,221,267,30,4,522,0,0,0,0,0,221,267,30,4,522,0,0,0,522
02/09/2010,MKE,WI,AGL,CE,Combined TRACON& Tower with Radar,181,200,23,1,405,0,0,0,0,0,181,200,23,1,405,0,0,0,405
02/10/2010,MKE,WI,AGL,CE,Combined TRACON& Tower with Radar,185,252,35,2,474,0,6,3,0,9,185,258,38,2,483,0,0,0,483
02/11/2010,MKE,WI,AGL,CE,Combined TRACON& Tower with Radar,226,282,25,4,537,0,1,8,0,9,226,283,33,4,546,0,0,0,546
02/12/2010,MKE,WI,AGL,CE,Combined TRACON& Tower with Radar,230,262,27,0,519,0,0,6,0,6,230,262,33,0,525,0,0,0,525
02/13/2010,MKE,WI,AGL,CE,Combined TRACON& Tower with Radar,199,161,21,1,382,0,2,8,0,10,199,163,29,1,392,0,0,0,392
02/14/2010,MKE,WI,AGL,CE,Combined TRACON& Tower with Radar,223,184,16,0,423,0,5,6,0,11,223,189,22,0,434,0,0,0,434
02/15/2010,MKE,WI,AGL,CE,Combined TRACON& Tower with Radar,233,264,22,0,519,0,2,3,0,5,233,266,25,0,524,0,0,0,524
02/16/2010,MKE,WI,AGL,CE,Combined TRACON& Tower with Radar,235,289,27,9,560,0,2,3,0,5,235,291,30,9,565,0,0,0,565
02/17/2010,MKE,WI,AGL,CE,Combined TRACON& Tower with Radar,245,291,31,7,574,0,14,7,0,21,245,305,38,7,595,0,0,0,595
02/18/2010,MKE,WI,AGL,CE,Combined TRACON& Tower with Radar,246,293,40,10,589,0,7,12,3,22,246,300,52,13,611,0,0,0,611
02/19/2010,MKE,WI,AGL,CE,Combined TRACON& Tower with Radar,250,287,23,6,566,0,7,17,0,24,250,294,40,6,590,0,0,0,590
02/20/2010,MKE,WI,AGL,CE,Combined TRACON& Tower with Radar,204,160,9,0,373,0,0,0,0,0,204,160,9,0,373,0,0,0,373
02/21/2010,MKE,WI,AGL,CE,Combined TRACON& Tower with Radar,229,193,24,5,451,0,2,0,0,2,229,195,24,5,453,0,0,0,453
02/22/2010,MKE,WI,AGL,CE,Combined TRACON& Tower with Radar,236,261,27,4,528,0,0,0,0,0,236,261,27,4,528,0,0,0,528
02/23/2010,MKE,WI,AGL,CE,Combined TRACON& Tower with Radar,243,286,28,6,563,0,1,5,0,6,243,287,33,6,569,0,0,0,569
02/24/2010,MKE,WI,AGL,CE,Combined TRACON& Tower with Radar,239,280,44,6,569,0,0,0,0,0,239,280,44,6,569,0,0,0,569
02/25/2010,MKE,WI,AGL,CE,Combined TRACON& Tower with Radar,238,277,62,6,583,0,5,16,0,21,238,282,78,6,604,0,0,0,604
02/26/2010,MKE,WI,AGL,CE,Combined TRACON& Tower with Radar,241,279,31,4,555,0,0,13,0,13,241,279,44,4,568,0,0,0,568
02/27/2010,MKE,WI,AGL,CE,Combined TRACON& Tower with Radar,200,167,5,2,374,0,0,4,0,4,200,167,9,2,378,0,0,0,378
02/28/2010,MKE,WI,AGL,CE,Combined TRACON& Tower with Radar,228,192,20,1,441,0,2,2,0,4,228,194,22,1,445,0,0,0,445
03/01/2010,MKE,WI,AGL,CE,Combined TRACON& Tower with Radar,240,275,30,4,549,0,2,4,0,6,240,277,34,4,555,0,0,0,555
03/02/2010,MKE,WI,AGL,CE,Combined TRACON& Tower with Radar,241,280,38,9,568,0,2,3,0,5,241,282,41,9,573,0,0,0,573
03/03/2010,MKE,WI,AGL,CE,Combined TRACON& Tower with Radar,249,288,47,8,592,0,2,16,0,18,249,290,63,8,610,0,0,0,610
03/04/2010,MKE,WI,AGL,CE,Combined TRACON& Tower with Radar,248,286,38,12,584,0,5,15,2,22,248,291,53,14,606,0,0,0,606
03/05/2010,MKE,WI,AGL,CE,Combined TRACON& Tower with Radar,252,279,26,9,566,0,0,11,0,11,252,279,37,9,577,0,0,0,577
03/06/2010,MKE,WI,AGL,CE,Combined TRACON& Tower with Radar,202,168,15,2,387,0,0,25,0,25,202,168,40,2,412,0,0,0,412
03/07/2010,MKE,WI,AGL,CE,Combined TRACON& Tower with Radar,223,196,16,6,441,0,7,6,0,13,223,203,22,6,454,0,0,0,454
03/08/2010,MKE,WI,AGL,CE,Combined TRACON& Tower with Radar,244,257,38,8,547,0,6,8,0,14,244,263,46,8,561,0,0,0,561
03/09/2010,MKE,WI,AGL,CE,Combined TRACON& Tower with Radar,238,231,37,3,509,0,0,0,0,0,238,231,37,3,509,0,0,0,509
03/10/2010,MKE,WI,AGL,CE,Combined TRACON& Tower with Radar,231,220,61,1,513,0,0,0,0,0,231,220,61,1,513,0,0,0,513
03/11/2010,MKE,WI,AGL,CE,Combined TRACON& Tower with Radar,262,269,69,14,614,0,0,1,0,1,262,269,70,14,615,0,0,0,615
03/12/2010,MKE,WI,AGL,CE,Combined TRACON& Tower with Radar,240,245,39,5,529,0,2,5,0,7,240,247,44,5,536,0,0,0,536
03/13/2010,MKE,WI,AGL,CE,Combined TRACON& Tower with Radar,208,164,17,6,395,0,0,0,0,0,208,164,17,6,395,0,0,0,395
03/14/2010,MKE,WI,AGL,CE,Combined TRACON& Tower with Radar,228,183,29,3,443,0,0,3,0,3,228,183,32,3,446,0,0,0,446
03/15/2010,MKE,WI,AGL,CE,Combined TRACON& Tower with Radar,243,264,22,0,529,0,3,10,0,13,243,267,32,0,542,0,0,0,542
03/16/2010,MKE,WI,AGL,CE,Combined TRACON& Tower with Radar,252,271,38,4,565,0,15,10,0,25,252,286,48,4,590,0,0,0,590
03/17/2010,MKE,WI,AGL,CE,Combined TRACON& Tower with Radar,256,282,26,6,570,0,2,11,0,13,256,284,37,6,583,0,0,0,583
03/18/2010,MKE,WI,AGL,CE,Combined TRACON& Tower with Radar,251,299,47,7,604,0,8,16,0,24,251,307,63,7,628,0,0,0,628
03/19/2010,MKE,WI,AGL,CE,Combined TRACON& Tower with Radar,256,282,39,2,579,0,0,8,0,8,256,282,47,2,587,0,0,0,587
03/20/2010,MKE,WI,AGL,CE,Combined TRACON& Tower with Radar,219,160,11,0,390,0,2,2,0,4,219,162,13,0,394,0,0,0,394
03/21/2010,MKE,WI,AGL,CE,Combined TRACON& Tower with Radar,240,194,19,1,454,0,2,10,0,12,240,196,29,1,466,0,0,0,466
03/22/2010,MKE,WI,AGL,CE,Combined TRACON& Tower with Radar,242,264,31,2,539,0,4,6,0,10,242,268,37,2,549,0,0,0,549
03/23/2010,MKE,WI,AGL,CE,Combined TRACON& Tower with Radar,252,280,31,6,569,0,9,14,1,24,252,289,45,7,593,0,0,0,593
03/24/2010,MKE,WI,AGL,CE,Combined TRACON& Tower with Radar,250,280,35,4,569,0,3,8,0,11,250,283,43,4,580,0,0,0,580
03/25/2010,MKE,WI,AGL,CE,Combined TRACON& Tower with Radar,250,280,53,8,591,0,2,8,0,10,250,282,61,8,601,0,0,0,601
03/26/2010,MKE,WI,AGL,CE,Combined TRACON& Tower with Radar,254,287,26,2,569,0,5,20,1,26,254,292,46,3,595,0,0,0,595
03/27/2010,MKE,WI,AGL,CE,Combined TRACON& Tower with Radar,206,162,14,1,383,0,0,11,0,11,206,162,25,1,394,0,0,0,394
03/28/2010,MKE,WI,AGL,CE,Combined TRACON& Tower with Radar,228,190,9,0,427,0,0,7,0,7,228,190,16,0,434,0,0,0,434
03/29/2010,MKE,WI,AGL,CE,Combined TRACON& Tower with Radar,240,272,24,2,538,0,1,2,0,3,240,273,26,2,541,0,0,0,541
03/30/2010,MKE,WI,AGL,CE,Combined TRACON& Tower with Radar,253,274,31,7,565,0,7,4,0,11,253,281,35,7,576,0,0,0,576
03/31/2010,MKE,WI,AGL,CE,Combined TRACON& Tower with Radar,254,275,41,7,577,0,2,19,0,21,254,277,60,7,598,0,0,0,598
04/01/2010,MKE,WI,AGL,CE,Combined TRACON& Tower with Radar,260,281,25,6,572,0,12,5,0,17,260,293,30,6,589,0,0,0,589
04/02/2010,MKE,WI,AGL,CE,Combined TRACON& Tower with Radar,261,281,19,3,564,0,6,6,0,12,261,287,25,3,576,0,0,0,576
04/03/2010,MKE,WI,AGL,CE,Combined TRACON& Tower with Radar,215,155,7,0,377,0,0,1,0,1,215,155,8,0,378,0,0,0,378
04/04/2010,MKE,WI,AGL,CE,Combined TRACON& Tower with Radar,233,201,17,0,451,0,3,7,0,10,233,204,24,0,461,0,0,0,461
04/05/2010,MKE,WI,AGL,CE,Combined TRACON& Tower with Radar,249,271,19,4,543,0,0,15,1,16,249,271,34,5,559,0,0,0,559
04/06/2010,MKE,WI,AGL,CE,Combined TRACON& Tower with Radar,247,266,40,4,557,1,0,0,0,1,248,266,40,4,558,0,0,0,558
04/07/2010,MKE,WI,AGL,CE,Combined TRACON& Tower with Radar,240,290,44,6,580,0,0,0,0,0,240,290,44,6,580,0,0,0,580
04/08/2010,MKE,WI,AGL,CE,Combined TRACON& Tower with Radar,243,292,26,6,567,0,0,2,0,2,243,292,28,6,569,0,0,0,569
04/09/2010,MKE,WI,AGL,CE,Combined TRACON& Tower with Radar,257,300,30,8,595,0,6,40,0,46,257,306,70,8,641,0,0,0,641
04/10/2010,MKE,WI,AGL,CE,Combined TRACON& Tower with Radar,211,170,18,1,400,0,4,14,0,18,211,174,32,1,418,0,0,0,418
04/11/2010,MKE,WI,AGL,CE,Combined TRACON& Tower with Radar,223,205,29,6,463,0,2,12,0,14,223,207,41,6,477,0,0,0,477
04/12/2010,MKE,WI,AGL,CE,Combined TRACON& Tower with Radar,239,272,33,3,547,0,2,3,2,7,239,274,36,5,554,0,0,0,554
04/13/2010,MKE,WI,AGL,CE,Combined TRACON& Tower with Radar,239,294,49,4,586,0,3,4,0,7,239,297,53,4,593,0,0,0,593
04/14/2010,MKE,WI,AGL,CE,Combined TRACON& Tower with Radar,244,283,39,8,574,0,1,14,0,15,244,284,53,8,589,0,0,0,589
04/15/2010,MKE,WI,AGL,CE,Combined TRACON& Tower with Radar,242,297,27,0,566,0,0,9,0,9,242,297,36,0,575,0,0,0,575
04/16/2010,MKE,WI,AGL,CE,Combined TRACON& Tower with Radar,248,286,22,5,561,0,5,3,0,8,248,291,25,5,569,0,4,4,573
04/17/2010,MKE,WI,AGL,CE,Combined TRACON& Tower with Radar,194,158,9,4,365,0,4,5,4,13,194,162,14,8,378,0,0,0,378
04/18/2010,MKE,WI,AGL,CE,Combined TRACON& Tower with Radar,218,198,17,3,436,0,6,14,0,20,218,204,31,3,456,0,0,0,456
04/19/2010,MKE,WI,AGL,CE,Combined TRACON& Tower with Radar,224,283,22,2,531,0,0,13,0,13,224,283,35,2,544,0,0,0,544
04/20/2010,MKE,WI,AGL,CE,Combined TRACON& Tower with Radar,235,293,48,0,576,0,0,16,1,17,235,293,64,1,593,0,0,0,593
04/21/2010,MKE,WI,AGL,CE,Combined TRACON& Tower with Radar,236,302,44,0,582,0,4,5,0,9,236,306,49,0,591,0,0,0,591
04/22/2010,MKE,WI,AGL,CE,Combined TRACON& Tower with Radar,232,299,49,0,580,0,0,10,0,10,232,299,59,0,590,0,0,0,590
04/23/2010,MKE,WI,AGL,CE,Combined TRACON& Tower with Radar,237,281,28,5,551,0,1,5,0,6,237,282,33,5,557,0,0,0,557
04/24/2010,MKE,WI,AGL,CE,Combined TRACON& Tower with Radar,194,152,14,0,360,0,3,1,0,4,194,155,15,0,364,0,0,0,364
04/25/2010,MKE,WI,AGL,CE,Combined TRACON& Tower with Radar,209,193,20,0,422,0,0,0,0,0,209,193,20,0,422,0,0,0,422
04/26/2010,MKE,WI,AGL,CE,Combined TRACON& Tower with Radar,224,290,38,5,557,0,4,8,0,12,224,294,46,5,569,0,0,0,569
04/27/2010,MKE,WI,AGL,CE,Combined TRACON& Tower with Radar,236,286,64,0,586,0,4,25,0,29,236,290,89,0,615,0,0,0,615
04/28/2010,MKE,WI,AGL,CE,Combined TRACON& Tower with Radar,236,288,50,5,579,0,0,18,2,20,236,288,68,7,599,0,0,0,599
04/29/2010,MKE,WI,AGL,CE,Combined TRACON& Tower with Radar,235,297,43,5,580,0,0,4,0,4,235,297,47,5,584,0,0,0,584
04/30/2010,MKE,WI,AGL,CE,Combined TRACON& Tower with Radar,229,286,37,3,555,0,1,5,0,6,229,287,42,3,561,0,0,0,561
05/01/2010,MKE,WI,AGL,CE,Combined TRACON& Tower with Radar,187,166,18,4,375,0,16,18,0,34,187,182,36,4,409,0,0,0,409
05/02/2010,MKE,WI,AGL,CE,Combined TRACON& Tower with Radar,215,201,26,3,445,0,2,8,0,10,215,203,34,3,455,0,0,0,455
05/03/2010,MKE,WI,AGL,CE,Combined TRACON& Tower with Radar,231,279,46,3,559,0,4,7,0,11,231,283,53,3,570,0,0,0,570
05/04/2010,MKE,WI,AGL,CE,Combined TRACON& Tower with Radar,231,288,39,9,567,0,4,13,0,17,231,292,52,9,584,0,0,0,584
05/05/2010,MKE,WI,AGL,CE,Combined TRACON& Tower with Radar,235,284,42,6,567,0,0,12,0,12,235,284,54,6,579,0,0,0,579
05/06/2010,MKE,WI,AGL,CE,Combined TRACON& Tower with Radar,231,283,32,6,552,0,5,5,0,10,231,288,37,6,562,0,0,0,562
05/07/2010,MKE,WI,AGL,CE,Combined TRACON& Tower with Radar,234,279,31,1,545,0,0,0,0,0,234,279,31,1,545,0,0,0,545
05/08/2010,MKE,WI,AGL,CE,Combined TRACON& Tower with Radar,189,169,15,0,373,0,0,4,0,4,189,169,19,0,377,0,0,0,377
05/09/2010,MKE,WI,AGL,CE,Combined TRACON& Tower with Radar,214,196,15,1,426,0,2,12,0,14,214,198,27,1,440,0,0,0,440
05/10/2010,MKE,WI,AGL,CE,Combined TRACON& Tower with Radar,226,287,33,2,548,0,0,8,0,8,226,287,41,2,556,0,0,0,556
05/11/2010,MKE,WI,AGL,CE,Combined TRACON& Tower with Radar,234,281,42,2,559,0,0,0,0,0,234,281,42,2,559,0,0,0,559
05/12/2010,MKE,WI,AGL,CE,Combined TRACON& Tower with Radar,229,297,62,4,592,0,0,0,0,0,229,297,62,4,592,0,0,0,592
05/13/2010,MKE,WI,AGL,CE,Combined TRACON& Tower with Radar,239,279,68,2,588,0,2,0,0,2,239,281,68,2,590,0,0,0,590
05/14/2010,MKE,WI,AGL,CE,Combined TRACON& Tower with Radar,225,281,53,8,567,0,5,19,0,24,225,286,72,8,591,0,0,0,591
05/15/2010,MKE,WI,AGL,CE,Combined TRACON& Tower with Radar,191,170,7,6,374,0,2,14,0,16,191,172,21,6,390,0,0,0,390
05/16/2010,MKE,WI,AGL,CE,Combined TRACON& Tower with Radar,212,192,15,3,422,0,0,15,0,15,212,192,30,3,437,0,0,0,437
05/17/2010,MKE,WI,AGL,CE,Combined TRACON& Tower with Radar,234,286,29,2,551,0,0,3,0,3,234,286,32,2,554,0,0,0,554
05/18/2010,MKE,WI,AGL,CE,Combined TRACON& Tower with Radar,232,281,26,4,543,0,4,18,0,22,232,285,44,4,565,0,0,0,565
05/19/2010,MKE,WI,AGL,CE,Combined TRACON& Tower with Radar,232,298,43,8,581,0,0,11,0,11,232,298,54,8,592,0,0,0,592
05/20/2010,MKE,WI,AGL,CE,Combined TRACON& Tower with Radar,237,306,29,6,578,0,1,15,0,16,237,307,44,6,594,0,0,0,594
05/21/2010,MKE,WI,AGL,CE,Combined TRACON& Tower with Radar,238,272,32,5,547,0,0,0,0,0,238,272,32,5,547,0,0,0,547
05/22/2010,MKE,WI,AGL,CE,Combined TRACON& Tower with Radar,199,164,13,2,378,0,0,2,0,2,199,164,15,2,380,0,0,0,380
05/23/2010,MKE,WI,AGL,CE,Combined TRACON& Tower with Radar,212,192,21,1,426,0,0,9,0,9,212,192,30,1,435,0,0,0,435
05/24/2010,MKE,WI,AGL,CE,Combined TRACON& Tower with Radar,232,282,31,2,547,0,3,18,0,21,232,285,49,2,568,0,0,0,568
05/25/2010,MKE,WI,AGL,CE,Combined TRACON& Tower with Radar,239,303,39,7,588,0,2,14,0,16,239,305,53,7,604,0,0,0,604
05/26/2010,MKE,WI,AGL,CE,Combined TRACON& Tower with Radar,233,293,49,9,584,0,0,10,0,10,233,293,59,9,594,0,0,0,594
05/27/2010,MKE,WI,AGL,CE,Combined TRACON& Tower with Radar,242,285,30,2,559,0,4,9,0,13,242,289,39,2,572,0,0,0,572
05/28/2010,MKE,WI,AGL,CE,Combined TRACON& Tower with Radar,242,288,30,3,563,0,0,19,0,19,242,288,49,3,582,0,0,0,582
05/29/2010,MKE,WI,AGL,CE,Combined TRACON& Tower with Radar,195,168,13,0,376,0,5,17,0,22,195,173,30,0,398,0,0,0,398
05/30/2010,MKE,WI,AGL,CE,Combined TRACON& Tower with Radar,197,161,20,2,380,0,0,17,0,17,197,161,37,2,397,0,0,0,397
05/31/2010,MKE,WI,AGL,CE,Combined TRACON& Tower with Radar,250,236,20,4,510,0,5,0,0,5,250,241,20,4,515,0,0,0,515
06/01/2010,MKE,WI,AGL,CE,Combined TRACON& Tower with Radar,239,280,40,4,563,0,7,8,0,15,239,287,48,4,578,0,0,0,578
06/02/2010,MKE,WI,AGL,CE,Combined TRACON& Tower with Radar,250,288,38,5,581,0,2,10,0,12,250,290,48,5,593,0,0,0,593
06/03/2010,MKE,WI,AGL,CE,Combined TRACON& Tower with Radar,250,298,61,6,615,0,5,18,0,23,250,303,79,6,638,0,0,0,638
06/04/2010,MKE,WI,AGL,CE,Combined TRACON& Tower with Radar,246,277,35,3,561,0,2,8,0,10,246,279,43,3,571,0,0,0,571
06/05/2010,MKE,WI,AGL,CE,Combined TRACON& Tower with Radar,198,168,12,1,379,0,0,8,0,8,198,168,20,1,387,0,0,0,387
06/06/2010,MKE,WI,AGL,CE,Combined TRACON& Tower with Radar,223,195,14,2,434,0,0,11,0,11,223,195,25,2,445,0,0,0,445
06/07/2010,MKE,WI,AGL,CE,Combined TRACON& Tower with Radar,242,282,30,3,557,0,1,8,0,9,242,283,38,3,566,0,0,0,566
06/08/2010,MKE,WI,AGL,CE,Combined TRACON& Tower with Radar,240,300,49,3,592,0,0,1,3,4,240,300,50,6,596,0,0,0,596
06/09/2010,MKE,WI,AGL,CE,Combined TRACON& Tower with Radar,239,299,62,6,606,0,8,11,5,24,239,307,73,11,630,0,0,0,630
06/10/2010,MKE,WI,AGL,CE,Combined TRACON& Tower with Radar,247,301,45,6,599,0,10,16,4,30,247,311,61,10,629,0,0,0,629
06/11/2010,MKE,WI,AGL,CE,Combined TRACON& Tower with Radar,253,291,34,10,588,0,27,18,9,54,253,318,52,19,642,0,0,0,642
06/12/2010,MKE,WI,AGL,CE,Combined TRACON& Tower with Radar,213,174,10,6,403,0,0,0,0,0,213,174,10,6,403,0,0,0,403
06/13/2010,MKE,WI,AGL,CE,Combined TRACON& Tower with Radar,227,198,21,12,458,0,27,19,4,50,227,225,40,16,508,0,0,0,508
06/14/2010,MKE,WI,AGL,CE,Combined TRACON& Tower with Radar,241,286,32,5,564,0,0,1,0,1,241,286,33,5,565,0,0,0,565
06/15/2010,MKE,WI,AGL,CE,Combined TRACON& Tower with Radar,247,297,52,8,604,0,0,0,0,0,247,297,52,8,604,0,0,0,604
06/16/2010,MKE,WI,AGL,CE,Combined TRACON& Tower with Radar,239,302,42,6,589,0,4,17,1,22,239,306,59,7,611,0,0,0,611
06/17/2010,MKE,WI,AGL,CE,Combined TRACON& Tower with Radar,245,312,46,5,608,0,3,23,0,26,245,315,69,5,634,0,0,0,634
06/18/2010,MKE,WI,AGL,CE,Combined TRACON& Tower with Radar,255,300,22,3,580,0,0,8,0,8,255,300,30,3,588,0,0,0,588
06/19/2010,MKE,WI,AGL,CE,Combined TRACON& Tower with Radar,206,180,19,2,407,0,0,26,1,27,206,180,45,3,434,0,0,0,434
06/20/2010,MKE,WI,AGL,CE,Combined TRACON& Tower with Radar,222,212,22,1,457,0,0,15,0,15,222,212,37,1,472,0,0,0,472
06/21/2010,MKE,WI,AGL,CE,Combined TRACON& Tower with Radar,230,262,45,0,537,0,1,7,0,8,230,263,52,0,545,0,0,0,545
06/22/2010,MKE,WI,AGL,CE,Combined TRACON& Tower with Radar,257,313,66,4,640,0,0,15,0,15,257,313,81,4,655,0,0,0,655
06/23/2010,MKE,WI,AGL,CE,Combined TRACON& Tower with Radar,262,288,54,0,604,0,0,7,1,8,262,288,61,1,612,0,0,0,612
06/24/2010,MKE,WI,AGL,CE,Combined TRACON& Tower with Radar,253,299,54,6,612,0,2,24,0,26,253,301,78,6,638,0,0,0,638
06/25/2010,MKE,WI,AGL,CE,Combined TRACON& Tower with Radar,251,305,46,1,603,0,0,15,1,16,251,305,61,2,619,0,0,0,619
06/26/2010,MKE,WI,AGL,CE,Combined TRACON& Tower with Radar,209,182,25,1,417,0,0,12,6,18,209,182,37,7,435,0,0,0,435
06/27/2010,MKE,WI,AGL,CE,Combined TRACON& Tower with Radar,225,201,20,1,447,0,0,9,1,10,225,201,29,2,457,0,0,0,457
06/28/2010,MKE,WI,AGL,CE,Combined TRACON& Tower with Radar,239,293,25,6,563,0,5,13,0,18,239,298,38,6,581,0,0,0,581
06/29/2010,MKE,WI,AGL,CE,Combined TRACON& Tower with Radar,244,297,49,7,597,0,2,19,0,21,244,299,68,7,618,0,0,0,618
06/30/2010,MKE,WI,AGL,CE,Combined TRACON& Tower with Radar,255,307,40,1,603,0,0,23,1,24,255,307,63,2,627,0,0,0,627
07/01/2010,MKE,WI,AGL,CE,Combined TRACON& Tower with Radar,254,305,36,5,600,0,3,14,0,17,254,308,50,5,617,0,0,0,617
07/02/2010,MKE,WI,AGL,CE,Combined TRACON& Tower with Radar,254,275,31,1,561,0,2,14,0,16,254,277,45,1,577,0,0,0,577
07/03/2010,MKE,WI,AGL,CE,Combined TRACON& Tower with Radar,206,180,6,0,392,0,0,22,0,22,206,180,28,0,414,0,0,0,414
07/04/2010,MKE,WI,AGL,CE,Combined TRACON& Tower with Radar,201,148,9,0,358,0,2,7,0,9,201,150,16,0,367,0,0,0,367
07/05/2010,MKE,WI,AGL,CE,Combined TRACON& Tower with Radar,238,239,9,1,487,0,2,5,0,7,238,241,14,1,494,0,0,0,494
07/06/2010,MKE,WI,AGL,CE,Combined TRACON& Tower with Radar,263,280,18,7,568,0,0,1,0,1,263,280,19,7,569,0,0,0,569
07/07/2010,MKE,WI,AGL,CE,Combined TRACON& Tower with Radar,247,302,43,2,594,0,0,7,1,8,247,302,50,3,602,0,0,0,602
07/08/2010,MKE,WI,AGL,CE,Combined TRACON& Tower with Radar,255,294,44,2,595,1,0,4,0,5,256,294,48,2,600,0,0,0,600
07/09/2010,MKE,WI,AGL,CE,Combined TRACON& Tower with Radar,262,289,25,7,583,0,0,11,0,11,262,289,36,7,594,0,0,0,594
07/10/2010,MKE,WI,AGL,CE,Combined TRACON& Tower with Radar,210,172,13,1,396,0,4,8,0,12,210,176,21,1,408,0,0,0,408
07/11/2010,MKE,WI,AGL,CE,Combined TRACON& Tower with Radar,228,212,20,4,464,0,2,14,0,16,228,214,34,4,480,0,0,0,480
07/12/2010,MKE,WI,AGL,CE,Combined TRACON& Tower with Radar,247,285,29,6,567,0,0,9,0,9,247,285,38,6,576,0,0,0,576
07/13/2010,MKE,WI,AGL,CE,Combined TRACON& Tower with Radar,246,298,45,6,595,0,2,23,0,25,246,300,68,6,620,0,0,0,620
07/14/2010,MKE,WI,AGL,CE,Combined TRACON& Tower with Radar,245,285,54,5,589,0,5,22,0,27,245,290,76,5,616,0,0,0,616
07/15/2010,MKE,WI,AGL,CE,Combined TRACON& Tower with Radar,259,296,41,5,601,0,5,7,0,12,259,301,48,5,613,0,0,0,613
07/16/2010,MKE,WI,AGL,CE,Combined TRACON& Tower with Radar,253,296,45,5,599,0,2,21,0,23,253,298,66,5,622,0,0,0,622
07/17/2010,MKE,WI,AGL,CE,Combined TRACON& Tower with Radar,206,177,13,6,402,0,8,11,5,24,206,185,24,11,426,0,0,0,426
07/18/2010,MKE,WI,AGL,CE,Combined TRACON& Tower with Radar,228,199,18,4,449,0,2,7,0,9,228,201,25,4,458,0,0,0,458
07/19/2010,MKE,WI,AGL,CE,Combined TRACON& Tower with Radar,337,395,37,3,772,1,3,7,0,11,338,398,44,3,783,0,0,0,783
07/20/2010,MKE,WI,AGL,CE,Combined TRACON& Tower with Radar,344,414,61,9,828,0,0,7,1,8,344,414,68,10,836,0,0,0,836
07/21/2010,MKE,WI,AGL,CE,Combined TRACON& Tower with Radar,246,299,41,6,592,0,4,28,0,32,246,303,69,6,624,0,0,0,624
07/22/2010,MKE,WI,AGL,CE,Combined TRACON& Tower with Radar,196,218,34,0,448,0,0,3,0,3,196,218,37,0,451,0,0,0,451
07/23/2010,MKE,WI,AGL,CE,Combined TRACON& Tower with Radar,141,144,20,0,305,0,3,9,0,12,141,147,29,0,317,0,0,0,317
07/24/2010,MKE,WI,AGL,CE,Combined TRACON& Tower with Radar,223,170,25,1,419,0,0,9,0,9,223,170,34,1,428,0,0,0,428
07/25/2010,MKE,WI,AGL,CE,Combined TRACON& Tower with Radar,233,203,35,0,471,0,4,22,0,26,233,207,57,0,497,0,0,0,497
07/26/2010,MKE,WI,AGL,CE,Combined TRACON& Tower with Radar,252,267,45,2,566,0,8,15,0,23,252,275,60,2,589,0,0,0,589
07/27/2010,MKE,WI,AGL,CE,Combined TRACON& Tower with Radar,258,301,74,3,636,0,6,29,0,35,258,307,103,3,671,0,0,0,671
07/28/2010,MKE,WI,AGL,CE,Combined TRACON& Tower with Radar,255,291,47,8,601,0,1,11,3,15,255,292,58,11,616,0,0,0,616
07/29/2010,MKE,WI,AGL,CE,Combined TRACON& Tower with Radar,253,299,48,5,605,0,5,25,2,32,253,304,73,7,637,0,0,0,637
07/30/2010,MKE,WI,AGL,CE,Combined TRACON& Tower with Radar,260,294,28,13,595,0,5,11,1,17,260,299,39,14,612,0,0,0,612
07/31/2010,MKE,WI,AGL,CE,Combined TRACON& Tower with Radar,205,176,19,1,401,0,0,11,0,11,205,176,30,1,412,0,0,0,412
08/01/2010,MKE,WI,AGL,CE,Combined TRACON& Tower with Radar,228,201,28,3,460,0,2,22,8,32,228,203,50,11,492,0,0,0,492
08/02/2010,MKE,WI,AGL,CE,Combined TRACON& Tower with Radar,247,282,29,2,560,0,0,6,0,6,247,282,35,2,566,0,0,0,566
08/03/2010,MKE,WI,AGL,CE,Combined TRACON& Tower with Radar,249,296,39,4,588,0,2,26,2,30,249,298,65,6,618,0,0,0,618
08/04/2010,MKE,WI,AGL,CE,Combined TRACON& Tower with Radar,258,317,39,9,623,0,7,9,2,18,258,324,48,11,641,0,0,0,641
08/05/2010,MKE,WI,AGL,CE,Combined TRACON& Tower with Radar,251,287,42,5,585,0,3,27,0,30,251,290,69,5,615,0,0,0,615
08/06/2010,MKE,WI,AGL,CE,Combined TRACON& Tower with Radar,255,289,28,6,578,0,8,18,0,26,255,297,46,6,604,0,0,0,604
08/07/2010,MKE,WI,AGL,CE,Combined TRACON& Tower with Radar,206,179,18,6,409,0,2,14,0,16,206,181,32,6,425,0,0,0,425
08/08/2010,MKE,WI,AGL,CE,Combined TRACON& Tower with Radar,236,209,24,4,473,0,0,5,0,5,236,209,29,4,478,0,0,0,478
08/09/2010,MKE,WI,AGL,CE,Combined TRACON& Tower with Radar,241,282,32,3,558,0,4,10,0,14,241,286,42,3,572,0,0,0,572
08/10/2010,MKE,WI,AGL,CE,Combined TRACON& Tower with Radar,246,307,49,6,608,0,7,8,0,15,246,314,57,6,623,0,0,0,623
08/11/2010,MKE,WI,AGL,CE,Combined TRACON& Tower with Radar,252,301,48,8,609,0,2,6,0,8,252,303,54,8,617,0,0,0,617
08/12/2010,MKE,WI,AGL,CE,Combined TRACON& Tower with Radar,251,290,56,4,601,0,4,14,2,20,251,294,70,6,621,0,0,0,621
08/13/2010,MKE,WI,AGL,CE,Combined TRACON& Tower with Radar,267,285,47,14,613,0,0,10,1,11,267,285,57,15,624,0,20,20,644
08/14/2010,MKE,WI,AGL,CE,Combined TRACON& Tower with Radar,206,179,36,6,427,0,1,13,0,14,206,180,49,6,441,0,0,0,441
08/15/2010,MKE,WI,AGL,CE,Combined TRACON& Tower with Radar,225,201,21,7,454,0,1,17,0,18,225,202,38,7,472,0,0,0,472
08/16/2010,MKE,WI,AGL,CE,Combined TRACON& Tower with Radar,248,271,20,1,540,1,5,15,3,24,249,276,35,4,564,0,0,0,564
08/17/2010,MKE,WI,AGL,CE,Combined TRACON& Tower with Radar,245,289,54,9,597,0,0,19,0,19,245,289,73,9,616,0,0,0,616
08/18/2010,MKE,WI,AGL,CE,Combined TRACON& Tower with Radar,247,286,45,4,582,0,2,10,0,12,247,288,55,4,594,0,0,0,594
08/19/2010,MKE,WI,AGL,CE,Combined TRACON& Tower with Radar,258,294,61,2,615,0,2,14,0,16,258,296,75,2,631,0,0,0,631
08/20/2010,MKE,WI,AGL,CE,Combined TRACON& Tower with Radar,255,278,36,4,573,0,0,7,0,7,255,278,43,4,580,0,0,0,580
08/21/2010,MKE,WI,AGL,CE,Combined TRACON& Tower with Radar,199,178,12,1,390,0,0,4,0,4,199,178,16,1,394,0,0,0,394
08/22/2010,MKE,WI,AGL,CE,Combined TRACON& Tower with Radar,224,199,18,1,442,0,4,16,0,20,224,203,34,1,462,0,0,0,462
08/23/2010,MKE,WI,AGL,CE,Combined TRACON& Tower with Radar,247,283,35,2,567,0,0,8,0,8,247,283,43,2,575,0,0,0,575
08/24/2010,MKE,WI,AGL,CE,Combined TRACON& Tower with Radar,246,293,60,7,606,0,0,6,0,6,246,293,66,7,612,0,0,0,612
08/25/2010,MKE,WI,AGL,CE,Combined TRACON& Tower with Radar,251,294,51,6,602,0,1,15,0,16,251,295,66,6,618,0,0,0,618
08/26/2010,MKE,WI,AGL,CE,Combined TRACON& Tower with Radar,249,295,43,7,594,0,4,12,0,16,249,299,55,7,610,0,0,0,610
08/27/2010,MKE,WI,AGL,CE,Combined TRACON& Tower with Radar,252,287,15,3,557,0,2,17,0,19,252,289,32,3,576,0,0,0,576
08/28/2010,MKE,WI,AGL,CE,Combined TRACON& Tower with Radar,195,174,10,3,382,0,3,10,0,13,195,177,20,3,395,0,0,0,395
08/29/2010,MKE,WI,AGL,CE,Combined TRACON& Tower with Radar,230,195,16,2,443,0,0,11,0,11,230,195,27,2,454,0,0,0,454
08/30/2010,MKE,WI,AGL,CE,Combined TRACON& Tower with Radar,239,278,34,4,555,0,2,6,12,20,239,280,40,16,575,0,0,0,575
08/31/2010,MKE,WI,AGL,CE,Combined TRACON& Tower with Radar,245,287,42,6,580,0,3,18,0,21,245,290,60,6,601,0,0,0,601
09/01/2010,MKE,WI,AGL,CE,Combined TRACON& Tower with Radar,245,279,54,6,584,0,0,10,4,14,245,279,64,10,598,0,0,0,598
09/02/2010,MKE,WI,AGL,CE,Combined TRACON& Tower with Radar,251,265,42,4,562,0,1,5,6,12,251,266,47,10,574,0,0,0,574
09/03/2010,MKE,WI,AGL,CE,Combined TRACON& Tower with Radar,255,272,31,0,558,0,0,5,0,5,255,272,36,0,563,0,0,0,563
09/04/2010,MKE,WI,AGL,CE,Combined TRACON& Tower with Radar,179,156,13,3,351,0,4,44,2,50,179,160,57,5,401,0,0,0,401
09/05/2010,MKE,WI,AGL,CE,Combined TRACON& Tower with Radar,194,151,9,2,356,0,0,53,0,53,194,151,62,2,409,0,0,0,409
09/06/2010,MKE,WI,AGL,CE,Combined TRACON& Tower with Radar,237,227,27,2,493,0,3,15,1,19,237,230,42,3,512,0,0,0,512
09/07/2010,MKE,WI,AGL,CE,Combined TRACON& Tower with Radar,234,265,50,5,554,0,3,1,0,4,234,268,51,5,558,0,0,0,558
09/08/2010,MKE,WI,AGL,CE,Combined TRACON& Tower with Radar,227,284,38,5,554,0,2,36,0,38,227,286,74,5,592,0,0,0,592
09/09/2010,MKE,WI,AGL,CE,Combined TRACON& Tower with Radar,234,280,39,5,558,0,2,8,5,15,234,282,47,10,573,0,0,0,573
09/10/2010,MKE,WI,AGL,CE,Combined TRACON& Tower with Radar,231,279,36,5,551,0,3,3,0,6,231,282,39,5,557,0,0,0,557
09/11/2010,MKE,WI,AGL,CE,Combined TRACON& Tower with Radar,182,161,21,1,365,0,0,0,0,0,182,161,21,1,365,0,0,0,365
09/12/2010,MKE,WI,AGL,CE,Combined TRACON& Tower with Radar,209,189,22,2,422,0,2,30,14,46,209,191,52,16,468,0,0,0,468
09/13/2010,MKE,WI,AGL,CE,Combined TRACON& Tower with Radar,216,276,42,4,538,0,0,9,4,13,216,276,51,8,551,0,0,0,551
09/14/2010,MKE,WI,AGL,CE,Combined TRACON& Tower with Radar,222,270,49,8,549,0,0,9,0,9,222,270,58,8,558,0,0,0,558
09/15/2010,MKE,WI,AGL,CE,Combined TRACON& Tower with Radar,220,278,63,4,565,0,0,12,0,12,220,278,75,4,577,0,0,0,577
09/16/2010,MKE,WI,AGL,CE,Combined TRACON& Tower with Radar,233,273,62,9,577,0,6,8,0,14,233,279,70,9,591,0,0,0,591
09/17/2010,MKE,WI,AGL,CE,Combined TRACON& Tower with Radar,234,278,50,8,570,0,0,19,0,19,234,278,69,8,589,0,0,0,589
09/18/2010,MKE,WI,AGL,CE,Combined TRACON& Tower with Radar,183,165,11,0,359,0,1,7,3,11,183,166,18,3,370,0,0,0,370
09/19/2010,MKE,WI,AGL,CE,Combined TRACON& Tower with Radar,209,194,18,5,426,0,0,5,0,5,209,194,23,5,431,0,0,0,431
09/20/2010,MKE,WI,AGL,CE,Combined TRACON& Tower with Radar,220,275,43,4,542,0,6,3,0,9,220,281,46,4,551,0,0,0,551
09/21/2010,MKE,WI,AGL,CE,Combined TRACON& Tower with Radar,198,297,40,5,540,0,0,0,0,0,198,297,40,5,540,0,0,0,540
09/22/2010,MKE,WI,AGL,CE,Combined TRACON& Tower with Radar,221,278,45,8,552,0,0,13,0,13,221,278,58,8,565,0,0,0,565
09/23/2010,MKE,WI,AGL,CE,Combined TRACON& Tower with Radar,236,278,47,20,581,0,6,7,0,13,236,284,54,20,594,0,0,0,594
09/24/2010,MKE,WI,AGL,CE,Combined TRACON& Tower with Radar,232,280,32,5,549,0,0,3,0,3,232,280,35,5,552,0,0,0,552
09/25/2010,MKE,WI,AGL,CE,Combined TRACON& Tower with Radar,183,157,16,2,358,0,2,15,0,17,183,159,31,2,375,0,0,0,375
09/26/2010,MKE,WI,AGL,CE,Combined TRACON& Tower with Radar,204,188,11,1,404,0,0,23,0,23,204,188,34,1,427,0,0,0,427
09/27/2010,MKE,WI,AGL,CE,Combined TRACON& Tower with Radar,222,263,29,6,520,0,5,17,0,22,222,268,46,6,542,0,0,0,542
09/28/2010,MKE,WI,AGL,CE,Combined TRACON& Tower with Radar,225,266,42,4,537,0,0,14,0,14,225,266,56,4,551,0,0,0,551
09/29/2010,MKE,WI,AGL,CE,Combined TRACON& Tower with Radar,221,288,61,4,574,0,0,10,0,10,221,288,71,4,584,11,0,11,595
09/30/2010,MKE,WI,AGL,CE,Combined TRACON& Tower with Radar,233,283,39,2,557,0,2,14,0,16,233,285,53,2,573,0,0,0,573
10/01/2010,MKE,WI,AGL,CE,Combined TRACON& Tower with Radar,227,289,32,8,556,0,5,13,0,18,227,294,45,8,574,0,0,0,574
10/02/2010,MKE,WI,AGL,CE,Combined TRACON& Tower with Radar,172,167,21,1,361,0,0,3,0,3,172,167,24,1,364,0,0,0,364
10/03/2010,MKE,WI,AGL,CE,Combined TRACON& Tower with Radar,199,187,18,4,408,0,6,13,0,19,199,193,31,4,427,0,0,0,427
10/04/2010,MKE,WI,AGL,CE,Combined TRACON& Tower with Radar,215,268,41,0,524,0,9,10,0,19,215,277,51,0,543,6,0,6,549
10/05/2010,MKE,WI,AGL,CE,Combined TRACON& Tower with Radar,215,282,46,6,549,0,2,10,0,12,215,284,56,6,561,0,0,0,561
10/06/2010,MKE,WI,AGL,CE,Combined TRACON& Tower with Radar,218,286,41,4,549,0,1,23,0,24,218,287,64,4,573,0,0,0,573
10/07/2010,MKE,WI,AGL,CE,Combined TRACON& Tower with Radar,235,297,45,6,583,0,0,12,0,12,235,297,57,6,595,0,0,0,595
10/08/2010,MKE,WI,AGL,CE,Combined TRACON& Tower with Radar,241,279,31,2,553,0,2,18,0,20,241,281,49,2,573,0,0,0,573
10/09/2010,MKE,WI,AGL,CE,Combined TRACON& Tower with Radar,190,160,15,0,365,0,3,10,0,13,190,163,25,0,378,8,0,8,386
10/10/2010,MKE,WI,AGL,CE,Combined TRACON& Tower with Radar,209,195,19,1,424,0,2,12,0,14,209,197,31,1,438,1,0,1,439
10/11/2010,MKE,WI,AGL,CE,Combined TRACON& Tower with Radar,231,277,24,0,532,0,3,8,0,11,231,280,32,0,543,0,0,0,543
10/12/2010,MKE,WI,AGL,CE,Combined TRACON& Tower with Radar,229,278,48,8,563,0,2,10,0,12,229,280,58,8,575,0,0,0,575
10/13/2010,MKE,WI,AGL,CE,Combined TRACON& Tower with Radar,233,279,50,4,566,0,5,10,1,16,233,284,60,5,582,0,0,0,582
10/14/2010,MKE,WI,AGL,CE,Combined TRACON& Tower with Radar,242,295,43,5,585,0,1,17,0,18,242,296,60,5,603,0,0,0,603
10/15/2010,MKE,WI,AGL,CE,Combined TRACON& Tower with Radar,240,284,46,8,578,0,8,6,0,14,240,292,52,8,592,0,0,0,592
10/16/2010,MKE,WI,AGL,CE,Combined TRACON& Tower with Radar,193,171,17,5,386,0,3,24,0,27,193,174,41,5,413,0,0,0,413
10/17/2010,MKE,WI,AGL,CE,Combined TRACON& Tower with Radar,209,195,17,3,424,0,0,11,0,11,209,195,28,3,435,0,0,0,435
10/18/2010,MKE,WI,AGL,CE,Combined TRACON& Tower with Radar,234,278,32,4,548,0,2,9,0,11,234,280,41,4,559,0,0,0,559
10/19/2010,MKE,WI,AGL,CE,Combined TRACON& Tower with Radar,233,287,42,1,563,0,9,3,0,12,233,296,45,1,575,0,0,0,575
10/20/2010,MKE,WI,AGL,CE,Combined TRACON& Tower with Radar,231,287,66,1,585,0,2,17,0,19,231,289,83,1,604,0,0,0,604
10/21/2010,MKE,WI,AGL,CE,Combined TRACON& Tower with Radar,239,298,49,0,586,0,0,10,0,10,239,298,59,0,596,0,0,0,596
10/22/2010,MKE,WI,AGL,CE,Combined TRACON& Tower with Radar,238,280,33,3,554,0,1,11,0,12,238,281,44,3,566,0,0,0,566
10/23/2010,MKE,WI,AGL,CE,Combined TRACON& Tower with Radar,189,168,11,2,370,0,0,1,0,1,189,168,12,2,371,0,0,0,371
10/24/2010,MKE,WI,AGL,CE,Combined TRACON& Tower with Radar,228,201,26,0,455,0,0,0,0,0,228,201,26,0,455,0,0,0,455
10/25/2010,MKE,WI,AGL,CE,Combined TRACON& Tower with Radar,229,281,51,2,563,0,0,8,0,8,229,281,59,2,571,0,0,0,571
10/26/2010,MKE,WI,AGL,CE,Combined TRACON& Tower with Radar,242,278,34,0,554,0,0,0,0,0,242,278,34,0,554,0,0,0,554
10/27/2010,MKE,WI,AGL,CE,Combined TRACON& Tower with Radar,221,284,40,0,545,0,4,0,1,5,221,288,40,1,550,0,0,0,550
10/28/2010,MKE,WI,AGL,CE,Combined TRACON& Tower with Radar,244,290,49,15,598,0,2,4,0,6,244,292,53,15,604,0,0,0,604
10/29/2010,MKE,WI,AGL,CE,Combined TRACON& Tower with Radar,238,277,35,6,556,0,4,17,3,24,238,281,52,9,580,0,0,0,580
10/30/2010,MKE,WI,AGL,CE,Combined TRACON& Tower with Radar,191,170,14,1,376,0,2,12,0,14,191,172,26,1,390,0,0,0,390
10/31/2010,MKE,WI,AGL,CE,Combined TRACON& Tower with Radar,206,199,14,0,419,0,4,9,0,13,206,203,23,0,432,0,0,0,432
11/01/2010,MKE,WI,AGL,CE,Combined TRACON& Tower with Radar,229,280,37,10,556,0,0,6,0,6,229,280,43,10,562,0,0,0,562
11/02/2010,MKE,WI,AGL,CE,Combined TRACON& Tower with Radar,232,284,35,5,556,0,6,11,0,17,232,290,46,5,573,0,0,0,573
11/03/2010,MKE,WI,AGL,CE,Combined TRACON& Tower with Radar,231,280,38,3,552,0,4,12,0,16,231,284,50,3,568,0,0,0,568
11/04/2010,MKE,WI,AGL,CE,Combined TRACON& Tower with Radar,229,293,39,0,561,0,5,4,0,9,229,298,43,0,570,0,0,0,570
11/05/2010,MKE,WI,AGL,CE,Combined TRACON& Tower with Radar,243,279,35,8,565,0,4,2,0,6,243,283,37,8,571,0,0,0,571
11/06/2010,MKE,WI,AGL,CE,Combined TRACON& Tower with Radar,189,162,16,2,369,0,2,21,0,23,189,164,37,2,392,18,0,18,410
11/07/2010,MKE,WI,AGL,CE,Combined TRACON& Tower with Radar,213,200,21,5,439,0,3,11,0,14,213,203,32,5,453,0,0,0,453
11/08/2010,MKE,WI,AGL,CE,Combined TRACON& Tower with Radar,239,282,54,5,580,0,4,13,1,18,239,286,67,6,598,0,0,0,598
11/09/2010,MKE,WI,AGL,CE,Combined TRACON& Tower with Radar,240,279,41,4,564,0,4,6,0,10,240,283,47,4,574,0,0,0,574
11/10/2010,MKE,WI,AGL,CE,Combined TRACON& Tower with Radar,235,273,38,6,552,0,0,14,0,14,235,273,52,6,566,0,0,0,566
11/11/2010,MKE,WI,AGL,CE,Combined TRACON& Tower with Radar,245,287,49,1,582,0,2,4,3,9,245,289,53,4,591,0,0,0,591
11/12/2010,MKE,WI,AGL,CE,Combined TRACON& Tower with Radar,239,272,35,6,552,0,2,2,0,4,239,274,37,6,556,0,0,0,556
11/13/2010,MKE,WI,AGL,CE,Combined TRACON& Tower with Radar,194,166,17,4,381,0,0,1,1,2,194,166,18,5,383,0,0,0,383
11/14/2010,MKE,WI,AGL,CE,Combined TRACON& Tower with Radar,207,196,20,4,427,0,0,1,0,1,207,196,21,4,428,0,0,0,428
11/15/2010,MKE,WI,AGL,CE,Combined TRACON& Tower with Radar,237,264,44,3,548,0,4,17,0,21,237,268,61,3,569,0,0,0,569
11/16/2010,MKE,WI,AGL,CE,Combined TRACON& Tower with Radar,233,278,52,8,571,0,1,11,2,14,233,279,63,10,585,0,0,0,585
11/17/2010,MKE,WI,AGL,CE,Combined TRACON& Tower with Radar,232,289,51,13,585,1,2,2,0,5,233,291,53,13,590,0,0,0,590
11/18/2010,MKE,WI,AGL,CE,Combined TRACON& Tower with Radar,243,262,46,8,559,0,2,8,0,10,243,264,54,8,569,0,0,0,569
11/19/2010,MKE,WI,AGL,CE,Combined TRACON& Tower with Radar,248,257,48,3,556,0,1,5,0,6,248,258,53,3,562,0,0,0,562
11/20/2010,MKE,WI,AGL,CE,Combined TRACON& Tower with Radar,209,153,8,2,372,0,5,11,0,16,209,158,19,2,388,0,0,0,388
11/21/2010,MKE,WI,AGL,CE,Combined TRACON& Tower with Radar,223,176,16,1,416,0,0,0,0,0,223,176,16,1,416,0,0,0,416
11/22/2010,MKE,WI,AGL,CE,Combined TRACON& Tower with Radar,257,246,39,2,544,0,0,0,0,0,257,246,39,2,544,0,0,0,544
11/23/2010,MKE,WI,AGL,CE,Combined TRACON& Tower with Radar,248,272,39,6,565,0,2,13,4,19,248,274,52,10,584,0,0,0,584
11/24/2010,MKE,WI,AGL,CE,Combined TRACON& Tower with Radar,252,271,29,4,556,0,1,5,0,6,252,272,34,4,562,0,0,0,562
11/25/2010,MKE,WI,AGL,CE,Combined TRACON& Tower with Radar,172,148,3,0,323,0,0,2,0,2,172,148,5,0,325,0,0,0,325
11/26/2010,MKE,WI,AGL,CE,Combined TRACON& Tower with Radar,217,182,11,1,411,0,1,8,0,9,217,183,19,1,420,0,0,0,420
11/27/2010,MKE,WI,AGL,CE,Combined TRACON& Tower with Radar,224,192,19,0,435,0,15,10,0,25,224,207,29,0,460,24,0,24,484
11/28/2010,MKE,WI,AGL,CE,Combined TRACON& Tower with Radar,245,219,31,0,495,0,0,10,0,10,245,219,41,0,505,0,0,0,505
11/29/2010,MKE,WI,AGL,CE,Combined TRACON& Tower with Radar,237,257,49,3,546,0,4,2,0,6,237,261,51,3,552,0,0,0,552
11/30/2010,MKE,WI,AGL,CE,Combined TRACON& Tower with Radar,252,254,58,2,566,0,0,0,0,0,252,254,58,2,566,0,0,0,566
12/01/2010,MKE,WI,AGL,CE,Combined TRACON& Tower with Radar,237,258,45,6,546,0,0,2,0,2,237,258,47,6,548,0,0,0,548
12/02/2010,MKE,WI,AGL,CE,Combined TRACON& Tower with Radar,244,268,45,10,567,0,2,10,0,12,244,270,55,10,579,2,0,2,581
12/03/2010,MKE,WI,AGL,CE,Combined TRACON& Tower with Radar,246,263,23,8,540,0,6,9,0,15,246,269,32,8,555,0,0,0,555
12/04/2010,MKE,WI,AGL,CE,Combined TRACON& Tower with Radar,195,143,9,4,351,0,2,0,0,2,195,145,9,4,353,0,0,0,353
12/05/2010,MKE,WI,AGL,CE,Combined TRACON& Tower with Radar,207,183,18,5,413,0,0,5,0,5,207,183,23,5,418,0,0,0,418
12/06/2010,MKE,WI,AGL,CE,Combined TRACON& Tower with Radar,236,255,48,0,539,0,0,4,0,4,236,255,52,0,543,0,0,0,543
12/07/2010,MKE,WI,AGL,CE,Combined TRACON& Tower with Radar,229,265,60,9,563,0,0,13,0,13,229,265,73,9,576,0,0,0,576
12/08/2010,MKE,WI,AGL,CE,Combined TRACON& Tower with Radar,236,269,39,2,546,0,5,1,0,6,236,274,40,2,552,0,0,0,552
12/09/2010,MKE,WI,AGL,CE,Combined TRACON& Tower with Radar,244,257,45,4,550,0,14,2,0,16,244,271,47,4,566,0,0,0,566
12/10/2010,MKE,WI,AGL,CE,Combined TRACON& Tower with Radar,254,258,38,1,551,0,0,1,0,1,254,258,39,1,552,0,0,0,552
12/11/2010,MKE,WI,AGL,CE,Combined TRACON& Tower with Radar,171,137,9,1,318,0,0,0,0,0,171,137,9,1,318,0,0,0,318
12/12/2010,MKE,WI,AGL,CE,Combined TRACON& Tower with Radar,169,129,9,0,307,0,0,0,0,0,169,129,9,0,307,0,0,0,307
12/13/2010,MKE,WI,AGL,CE,Combined TRACON& Tower with Radar,228,244,28,3,503,0,6,3,0,9,228,250,31,3,512,0,0,0,512
12/14/2010,MKE,WI,AGL,CE,Combined TRACON& Tower with Radar,229,271,54,4,558,0,4,5,0,9,229,275,59,4,567,0,0,0,567
12/15/2010,MKE,WI,AGL,CE,Combined TRACON& Tower with Radar,228,264,41,12,545,0,8,13,0,21,228,272,54,12,566,0,0,0,566
12/16/2010,MKE,WI,AGL,CE,Combined TRACON& Tower with Radar,242,285,41,3,571,0,1,8,0,9,242,286,49,3,580,2,0,2,582
12/17/2010,MKE,WI,AGL,CE,Combined TRACON& Tower with Radar,246,263,42,2,553,0,7,9,0,16,246,270,51,2,569,0,0,0,569
12/18/2010,MKE,WI,AGL,CE,Combined TRACON& Tower with Radar,203,158,11,2,374,0,0,2,0,2,203,158,13,2,376,0,0,0,376
12/19/2010,MKE,WI,AGL,CE,Combined TRACON& Tower with Radar,215,174,16,0,405,0,4,4,0,8,215,178,20,0,413,0,0,0,413
12/20/2010,MKE,WI,AGL,CE,Combined TRACON& Tower with Radar,224,236,27,3,490,0,4,2,0,6,224,240,29,3,496,0,0,0,496
12/21/2010,MKE,WI,AGL,CE,Combined TRACON& Tower with Radar,241,245,33,7,526,0,0,0,0,0,241,245,33,7,526,0,0,0,526
12/22/2010,MKE,WI,AGL,CE,Combined TRACON& Tower with Radar,252,267,19,2,540,0,6,8,0,14,252,273,27,2,554,0,0,0,554
12/23/2010,MKE,WI,AGL,CE,Combined TRACON& Tower with Radar,256,259,18,0,533,0,3,3,0,6,256,262,21,0,539,0,0,0,539
12/24/2010,MKE,WI,AGL,CE,Combined TRACON& Tower with Radar,216,197,6,1,420,0,0,1,0,1,216,197,7,1,421,0,0,0,421
12/25/2010,MKE,WI,AGL,CE,Combined TRACON& Tower with Radar,180,121,6,0,307,0,2,1,0,3,180,123,7,0,310,0,0,0,310
12/26/2010,MKE,WI,AGL,CE,Combined TRACON& Tower with Radar,208,168,17,0,393,0,3,3,0,6,208,171,20,0,399,0,0,0,399
12/27/2010,MKE,WI,AGL,CE,Combined TRACON& Tower with Radar,224,226,19,2,471,0,9,6,0,15,224,235,25,2,486,0,0,0,486
12/28/2010,MKE,WI,AGL,CE,Combined TRACON& Tower with Radar,241,249,32,13,535,0,3,8,0,11,241,252,40,13,546,0,0,0,546
12/29/2010,MKE,WI,AGL,CE,Combined TRACON& Tower with Radar,261,244,19,2,526,0,0,14,0,14,261,244,33,2,540,0,0,0,540
12/30/2010,MKE,WI,AGL,CE,Combined TRACON& Tower with Radar,254,235,8,0,497,0,0,0,0,0,254,235,8,0,497,0,0,0,497
12/31/2010,MKE,WI,AGL,CE,Combined TRACON& Tower with Radar,220,190,8,0,418,0,0,0,0,0,220,190,8,0,418,0,0,0,418
01/01/2011,MKE,WI,AGL,CE,Combined TRACON& Tower with Radar,196,136,10,0,342,0,2,0,0,2,196,138,10,0,344,0,0,0,344
01/02/2011,MKE,WI,AGL,CE,Combined TRACON& Tower with Radar,237,179,32,0,448,0,0,11,0,11,237,179,43,0,459,0,0,0,459
01/03/2011,MKE,WI,AGL,CE,Combined TRACON& Tower with Radar,255,267,17,0,539,0,10,2,0,12,255,277,19,0,551,0,0,0,551
01/04/2011,MKE,WI,AGL,CE,Combined TRACON& Tower with Radar,223,267,31,8,529,0,1,2,0,3,223,268,33,8,532,0,0,0,532
01/05/2011,MKE,WI,AGL,CE,Combined TRACON& Tower with Radar,227,261,26,0,514,0,4,5,0,9,227,265,31,0,523,0,0,0,523
01/06/2011,MKE,WI,AGL,CE,Combined TRACON& Tower with Radar,238,266,30,6,540,0,4,2,0,6,238,270,32,6,546,0,0,0,546
01/07/2011,MKE,WI,AGL,CE,Combined TRACON& Tower with Radar,236,270,23,10,539,0,0,4,0,4,236,270,27,10,543,0,0,0,543
01/08/2011,MKE,WI,AGL,CE,Combined TRACON& Tower with Radar,189,152,16,0,357,0,2,2,0,4,189,154,18,0,361,0,0,0,361
01/09/2011,MKE,WI,AGL,CE,Combined TRACON& Tower with Radar,196,166,16,6,384,0,0,13,0,13,196,166,29,6,397,0,0,0,397
01/10/2011,MKE,WI,AGL,CE,Combined TRACON& Tower with Radar,201,245,32,0,478,0,0,0,0,0,201,245,32,0,478,0,0,0,478
01/11/2011,MKE,WI,AGL,CE,Combined TRACON& Tower with Radar,192,252,20,0,464,0,0,0,0,0,192,252,20,0,464,0,0,0,464
01/12/2011,MKE,WI,AGL,CE,Combined TRACON& Tower with Radar,199,254,19,3,475,1,0,3,0,4,200,254,22,3,479,0,0,0,479
01/13/2011,MKE,WI,AGL,CE,Combined TRACON& Tower with Radar,237,271,32,5,545,0,2,4,0,6,237,273,36,5,551,0,0,0,551
01/14/2011,MKE,WI,AGL,CE,Combined TRACON& Tower with Radar,233,274,23,0,530,0,0,3,0,3,233,274,26,0,533,0,0,0,533
01/15/2011,MKE,WI,AGL,CE,Combined TRACON& Tower with Radar,188,159,3,0,350,0,0,1,0,1,188,159,4,0,351,0,0,0,351
01/16/2011,MKE,WI,AGL,CE,Combined TRACON& Tower with Radar,203,171,7,1,382,0,4,6,0,10,203,175,13,1,392,0,0,0,392
01/17/2011,MKE,WI,AGL,CE,Combined TRACON& Tower with Radar,224,232,20,0,476,0,0,0,0,0,224,232,20,0,476,0,0,0,476
01/18/2011,MKE,WI,AGL,CE,Combined TRACON& Tower with Radar,213,256,40,4,513,0,0,0,0,0,213,256,40,4,513,0,0,0,513
01/19/2011,MKE,WI,AGL,CE,Combined TRACON& Tower with Radar,225,258,45,2,530,0,5,6,0,11,225,263,51,2,541,0,0,0,541
01/20/2011,MKE,WI,AGL,CE,Combined TRACON& Tower with Radar,229,275,31,2,537,0,2,0,0,2,229,277,31,2,539,0,0,0,539
01/21/2011,MKE,WI,AGL,CE,Combined TRACON& Tower with Radar,231,264,25,6,526,0,2,1,0,3,231,266,26,6,529,0,0,0,529
01/22/2011,MKE,WI,AGL,CE,Combined TRACON& Tower with Radar,186,159,15,2,362,0,4,3,0,7,186,163,18,2,369,0,0,0,369
01/23/2011,MKE,WI,AGL,CE,Combined TRACON& Tower with Radar,209,171,19,0,399,0,1,6,0,7,209,172,25,0,406,0,0,0,406
01/24/2011,MKE,WI,AGL,CE,Combined TRACON& Tower with Radar,220,258,30,1,509,0,0,0,0,0,220,258,30,1,509,0,0,0,509
01/25/2011,MKE,WI,AGL,CE,Combined TRACON& Tower with Radar,215,265,28,3,511,0,0,0,0,0,215,265,28,3,511,0,0,0,511
01/26/2011,MKE,WI,AGL,CE,Combined TRACON& Tower with Radar,201,262,41,6,510,0,0,0,0,0,201,262,41,6,510,0,0,0,510
01/27/2011,MKE,WI,AGL,CE,Combined TRACON& Tower with Radar,225,257,28,2,512,0,0,4,0,4,225,257,32,2,516,0,0,0,516
01/28/2011,MKE,WI,AGL,CE,Combined TRACON& Tower with Radar,245,266,35,3,549,0,0,6,0,6,245,266,41,3,555,0,0,0,555
01/29/2011,MKE,WI,AGL,CE,Combined TRACON& Tower with Radar,189,152,14,0,355,0,0,6,0,6,189,152,20,0,361,0,0,0,361
01/30/2011,MKE,WI,AGL,CE,Combined TRACON& Tower with Radar,211,180,16,0,407,0,0,6,0,6,211,180,22,0,413,8,0,8,421
01/31/2011,MKE,WI,AGL,CE,Combined TRACON& Tower with Radar,216,244,32,0,492,0,0,0,0,0,216,244,32,0,492,0,0,0,492
02/01/2011,MKE,WI,AGL,CE,Combined TRACON& Tower with Radar,117,101,18,0,236,0,0,0,0,0,117,101,18,0,236,0,0,0,236
02/02/2011,MKE,WI,AGL,CE,Combined TRACON& Tower with Radar,24,8,5,0,37,0,0,14,0,14,24,8,19,0,51,0,0,0,51
02/03/2011,MKE,WI,AGL,CE,Combined TRACON& Tower with Radar,224,222,37,1,484,0,4,5,0,9,224,226,42,1,493,0,0,0,493
02/04/2011,MKE,WI,AGL,CE,Combined TRACON& Tower with Radar,253,250,37,4,544,0,1,4,0,5,253,251,41,4,549,0,0,0,549
02/05/2011,MKE,WI,AGL,CE,Combined TRACON& Tower with Radar,190,152,24,1,367,0,0,0,0,0,190,152,24,1,367,0,0,0,367
02/06/2011,MKE,WI,AGL,CE,Combined TRACON& Tower with Radar,213,170,22,4,409,0,0,0,0,0,213,170,22,4,409,0,0,0,409
02/07/2011,MKE,WI,AGL,CE,Combined TRACON& Tower with Radar,250,258,44,0,552,0,0,7,0,7,250,258,51,0,559,0,0,0,559
02/08/2011,MKE,WI,AGL,CE,Combined TRACON& Tower with Radar,226,267,48,5,546,0,1,9,0,10,226,268,57,5,556,0,0,0,556
02/09/2011,MKE,WI,AGL,CE,Combined TRACON& Tower with Radar,220,255,48,4,527,0,0,5,0,5,220,255,53,4,532,0,0,0,532
02/10/2011,MKE,WI,AGL,CE,Combined TRACON& Tower with Radar,236,263,50,4,553,0,6,7,0,13,236,269,57,4,566,0,0,0,566
02/11/2011,MKE,WI,AGL,CE,Combined TRACON& Tower with Radar,242,265,34,9,550,0,2,2,0,4,242,267,36,9,554,0,0,0,554
02/12/2011,MKE,WI,AGL,CE,Combined TRACON& Tower with Radar,191,154,12,4,361,0,5,6,0,11,191,159,18,4,372,0,0,0,372
02/13/2011,MKE,WI,AGL,CE,Combined TRACON& Tower with Radar,216,171,12,3,402,0,0,12,2,14,216,171,24,5,416,0,0,0,416
02/14/2011,MKE,WI,AGL,CE,Combined TRACON& Tower with Radar,231,252,30,0,513,0,0,6,0,6,231,252,36,0,519,0,0,0,519
02/15/2011,MKE,WI,AGL,CE,Combined TRACON& Tower with Radar,220,264,40,6,530,0,6,7,0,13,220,270,47,6,543,0,0,0,543
02/16/2011,MKE,WI,AGL,CE,Combined TRACON& Tower with Radar,222,235,47,5,509,0,1,6,0,7,222,236,53,5,516,0,0,0,516
02/17/2011,MKE,WI,AGL,CE,Combined TRACON& Tower with Radar,238,249,50,0,537,0,3,0,0,3,238,252,50,0,540,0,0,0,540
02/18/2011,MKE,WI,AGL,CE,Combined TRACON& Tower with Radar,242,263,34,0,539,0,4,5,0,9,242,267,39,0,548,0,0,0,548
02/19/2011,MKE,WI,AGL,CE,Combined TRACON& Tower with Radar,199,156,12,0,367,0,1,20,0,21,199,157,32,0,388,0,0,0,388
02/20/2011,MKE,WI,AGL,CE,Combined TRACON& Tower with Radar,185,102,14,0,301,0,0,1,0,1,185,102,15,0,302,0,0,0,302
02/21/2011,MKE,WI,AGL,CE,Combined TRACON& Tower with Radar,235,224,38,0,497,0,0,0,0,0,235,224,38,0,497,0,0,0,497
02/22/2011,MKE,WI,AGL,CE,Combined TRACON& Tower with Radar,232,275,55,2,564,0,0,0,0,0,232,275,55,2,564,0,0,0,564
02/23/2011,MKE,WI,AGL,CE,Combined TRACON& Tower with Radar,243,269,42,2,556,0,0,0,0,0,243,269,42,2,556,0,0,0,556
02/24/2011,MKE,WI,AGL,CE,Combined TRACON& Tower with Radar,241,272,51,4,568,0,1,4,0,5,241,273,55,4,573,0,0,0,573
02/25/2011,MKE,WI,AGL,CE,Combined TRACON& Tower with Radar,240,242,28,6,516,0,2,8,0,10,240,244,36,6,526,0,0,0,526
02/26/2011,MKE,WI,AGL,CE,Combined TRACON& Tower with Radar,201,152,11,0,364,0,0,0,0,0,201,152,11,0,364,0,0,0,364
02/27/2011,MKE,WI,AGL,CE,Combined TRACON& Tower with Radar,208,184,27,1,420,0,0,1,0,1,208,184,28,1,421,0,0,0,421
02/28/2011,MKE,WI,AGL,CE,Combined TRACON& Tower with Radar,232,258,43,0,533,0,2,7,0,9,232,260,50,0,542,0,0,0,542
03/01/2011,MKE,WI,AGL,CE,Combined TRACON& Tower with Radar,241,273,36,2,552,0,3,14,0,17,241,276,50,2,569,0,0,0,569
03/02/2011,MKE,WI,AGL,CE,Combined TRACON& Tower with Radar,252,269,32,3,556,0,0,12,0,12,252,269,44,3,568,0,0,0,568
03/03/2011,MKE,WI,AGL,CE,Combined TRACON& Tower with Radar,252,280,24,3,559,0,3,8,0,11,252,283,32,3,570,0,0,0,570
03/04/2011,MKE,WI,AGL,CE,Combined TRACON& Tower with Radar,255,260,28,10,553,0,0,1,0,1,255,260,29,10,554,0,0,0,554
03/05/2011,MKE,WI,AGL,CE,Combined TRACON& Tower with Radar,211,163,21,4,399,0,3,5,0,8,211,166,26,4,407,0,0,0,407
03/06/2011,MKE,WI,AGL,CE,Combined TRACON& Tower with Radar,226,185,18,7,436,0,0,6,0,6,226,185,24,7,442,0,0,0,442
03/07/2011,MKE,WI,AGL,CE,Combined TRACON& Tower with Radar,244,252,36,0,532,0,0,0,0,0,244,252,36,0,532,0,0,0,532
03/08/2011,MKE,WI,AGL,CE,Combined TRACON& Tower with Radar,241,266,38,4,549,0,1,3,0,4,241,267,41,4,553,0,0,0,553
03/09/2011,MKE,WI,AGL,CE,Combined TRACON& Tower with Radar,247,239,28,2,516,0,0,0,0,0,247,239,28,2,516,0,0,0,516
03/10/2011,MKE,WI,AGL,CE,Combined TRACON& Tower with Radar,251,268,44,6,569,0,0,5,0,5,251,268,49,6,574,0,0,0,574
03/11/2011,MKE,WI,AGL,CE,Combined TRACON& Tower with Radar,256,257,35,4,552,0,6,26,3,35,256,263,61,7,587,0,0,0,587
03/12/2011,MKE,WI,AGL,CE,Combined TRACON& Tower with Radar,214,156,12,1,383,0,0,0,0,0,214,156,12,1,383,0,0,0,383
03/13/2011,MKE,WI,AGL,CE,Combined TRACON& Tower with Radar,219,177,19,0,415,1,0,10,0,11,220,177,29,0,426,0,0,0,426
03/14/2011,MKE,WI,AGL,CE,Combined TRACON& Tower with Radar,240,246,35,0,521,0,3,9,0,12,240,249,44,0,533,0,0,0,533
03/15/2011,MKE,WI,AGL,CE,Combined TRACON& Tower with Radar,248,251,47,4,550,0,6,11,0,17,248,257,58,4,567,0,0,0,567
03/16/2011,MKE,WI,AGL,CE,Combined TRACON& Tower with Radar,250,258,35,4,547,0,1,18,0,19,250,259,53,4,566,0,0,0,566
03/17/2011,MKE,WI,AGL,CE,Combined TRACON& Tower with Radar,254,276,30,4,564,0,0,4,0,4,254,276,34,4,568,0,0,0,568
03/18/2011,MKE,WI,AGL,CE,Combined TRACON& Tower with Radar,259,257,34,6,556,0,0,15,1,16,259,257,49,7,572,0,0,0,572
03/19/2011,MKE,WI,AGL,CE,Combined TRACON& Tower with Radar,214,150,14,4,382,0,0,16,0,16,214,150,30,4,398,0,0,0,398
03/20/2011,MKE,WI,AGL,CE,Combined TRACON& Tower with Radar,228,181,15,4,428,0,0,0,0,0,228,181,15,4,428,0,0,0,428
03/21/2011,MKE,WI,AGL,CE,Combined TRACON& Tower with Radar,246,258,38,0,542,0,0,1,0,1,246,258,39,0,543,0,0,0,543
03/22/2011,MKE,WI,AGL,CE,Combined TRACON& Tower with Radar,252,240,37,0,529,0,0,0,0,0,252,240,37,0,529,0,0,0,529
03/23/2011,MKE,WI,AGL,CE,Combined TRACON& Tower with Radar,237,245,27,2,511,0,0,0,0,0,237,245,27,2,511,0,0,0,511
03/24/2011,MKE,WI,AGL,CE,Combined TRACON& Tower with Radar,252,274,27,4,557,0,0,9,0,9,252,274,36,4,566,0,0,0,566
03/25/2011,MKE,WI,AGL,CE,Combined TRACON& Tower with Radar,255,260,39,0,554,0,10,5,0,15,255,270,44,0,569,0,0,0,569
03/26/2011,MKE,WI,AGL,CE,Combined TRACON& Tower with Radar,216,149,14,0,379,0,1,7,0,8,216,150,21,0,387,0,0,0,387
03/27/2011,MKE,WI,AGL,CE,Combined TRACON& Tower with Radar,231,176,15,0,422,0,0,15,0,15,231,176,30,0,437,0,0,0,437
03/28/2011,MKE,WI,AGL,CE,Combined TRACON& Tower with Radar,243,264,24,1,532,0,0,10,0,10,243,264,34,1,542,0,0,0,542
03/29/2011,MKE,WI,AGL,CE,Combined TRACON& Tower with Radar,245,264,31,4,544,0,3,5,0,8,245,267,36,4,552,0,0,0,552
03/30/2011,MKE,WI,AGL,CE,Combined TRACON& Tower with Radar,251,268,49,5,573,0,6,14,0,20,251,274,63,5,593,0,0,0,593
03/31/2011,MKE,WI,AGL,CE,Combined TRACON& Tower with Radar,244,264,43,4,555,0,12,5,0,17,244,276,48,4,572,0,0,0,572
04/01/2011,MKE,WI,AGL,CE,Combined TRACON& Tower with Radar,258,256,21,4,539,0,2,7,0,9,258,258,28,4,548,0,0,0,548
04/02/2011,MKE,WI,AGL,CE,Combined TRACON& Tower with Radar,213,152,18,4,387,0,0,4,0,4,213,152,22,4,391,0,0,0,391
04/03/2011,MKE,WI,AGL,CE,Combined TRACON& Tower with Radar,224,176,22,3,425,0,0,0,0,0,224,176,22,3,425,0,0,0,425
04/04/2011,MKE,WI,AGL,CE,Combined TRACON& Tower with Radar,242,245,39,1,527,0,3,0,0,3,242,248,39,1,530,0,0,0,530
04/05/2011,MKE,WI,AGL,CE,Combined TRACON& Tower with Radar,235,249,36,4,524,0,0,8,0,8,235,249,44,4,532,0,0,0,532
04/06/2011,MKE,WI,AGL,CE,Combined TRACON& Tower with Radar,248,253,39,4,544,0,3,7,0,10,248,256,46,4,554,0,0,0,554
04/07/2011,MKE,WI,AGL,CE,Combined TRACON& Tower with Radar,252,274,45,6,577,0,0,0,0,0,252,274,45,6,577,0,0,0,577
04/08/2011,MKE,WI,AGL,CE,Combined TRACON& Tower with Radar,252,250,34,7,543,0,0,0,0,0,252,250,34,7,543,0,0,0,543
04/09/2011,MKE,WI,AGL,CE,Combined TRACON& Tower with Radar,205,165,8,1,379,0,0,0,0,0,205,165,8,1,379,0,0,0,379
04/10/2011,MKE,WI,AGL,CE,Combined TRACON& Tower with Radar,220,187,10,4,421,0,0,3,0,3,220,187,13,4,424,0,0,0,424
04/11/2011,MKE,WI,AGL,CE,Combined TRACON& Tower with Radar,245,252,31,0,528,0,4,2,0,6,245,256,33,0,534,0,0,0,534
04/12/2011,MKE,WI,AGL,CE,Combined TRACON& Tower with Radar,239,255,50,4,548,0,7,27,0,34,239,262,77,4,582,0,0,0,582
04/13/2011,MKE,WI,AGL,CE,Combined TRACON& Tower with Radar,244,261,49,5,559,0,3,9,0,12,244,264,58,5,571,0,0,0,571
04/14/2011,MKE,WI,AGL,CE,Combined TRACON& Tower with Radar,241,267,40,6,554,0,5,1,0,6,241,272,41,6,560,0,0,0,560
04/15/2011,MKE,WI,AGL,CE,Combined TRACON& Tower with Radar,253,252,24,4,533,0,2,0,0,2,253,254,24,4,535,0,0,0,535
04/16/2011,MKE,WI,AGL,CE,Combined TRACON& Tower with Radar,216,153,8,2,379,0,1,0,0,1,216,154,8,2,380,0,0,0,380
04/17/2011,MKE,WI,AGL,CE,Combined TRACON& Tower with Radar,210,179,21,2,412,0,2,10,0,12,210,181,31,2,424,0,0,0,424
04/18/2011,MKE,WI,AGL,CE,Combined TRACON& Tower with Radar,238,251,51,1,541,0,5,4,0,9,238,256,55,1,550,0,0,0,550
04/19/2011,MKE,WI,AGL,CE,Combined TRACON& Tower with Radar,230,230,37,0,497,0,0,1,0,1,230,230,38,0,498,0,0,0,498
04/20/2011,MKE,WI,AGL,CE,Combined TRACON& Tower with Radar,251,260,46,6,563,0,6,1,0,7,251,266,47,6,570,0,0,0,570
04/21/2011,MKE,WI,AGL,CE,Combined TRACON& Tower with Radar,239,267,31,6,543,0,6,14,0,20,239,273,45,6,563,0,0,0,563
04/22/2011,MKE,WI,AGL,CE,Combined TRACON& Tower with Radar,246,243,19,0,508,0,0,2,0,2,246,243,21,0,510,0,0,0,510
04/23/2011,MKE,WI,AGL,CE,Combined TRACON& Tower with Radar,207,136,13,1,357,0,0,3,0,3,207,136,16,1,360,0,0,0,360
04/24/2011,MKE,WI,AGL,CE,Combined TRACON& Tower with Radar,215,167,18,1,401,0,2,16,0,18,215,169,34,1,419,0,0,0,419
04/25/2011,MKE,WI,AGL,CE,Combined TRACON& Tower with Radar,235,247,50,1,533,0,2,7,0,9,235,249,57,1,542,0,0,0,542
04/26/2011,MKE,WI,AGL,CE,Combined TRACON& Tower with Radar,242,262,43,0,547,0,3,0,0,3,242,265,43,0,550,0,0,0,550
04/27/2011,MKE,WI,AGL,CE,Combined TRACON& Tower with Radar,240,259,58,1,558,0,4,0,0,4,240,263,58,1,562,2,0,2,564
04/28/2011,MKE,WI,AGL,CE,Combined TRACON& Tower with Radar,229,269,46,4,548,0,1,6,0,7,229,270,52,4,555,0,0,0,555
04/29/2011,MKE,WI,AGL,CE,Combined TRACON& Tower with Radar,247,252,28,3,530,0,0,29,0,29,247,252,57,3,559,31,0,31,590
04/30/2011,MKE,WI,AGL,CE,Combined TRACON& Tower with Radar,197,149,23,4,373,0,0,4,0,4,197,149,27,4,377,0,0,0,377
05/01/2011,MKE,WI,AGL,CE,Combined TRACON& Tower with Radar,214,180,20,1,415,0,8,10,1,19,214,188,30,2,434,0,0,0,434
05/02/2011,MKE,WI,AGL,CE,Combined TRACON& Tower with Radar,237,261,32,4,534,0,1,3,0,4,237,262,35,4,538,0,0,0,538
05/03/2011,MKE,WI,AGL,CE,Combined TRACON& Tower with Radar,234,261,40,5,540,0,0,10,0,10,234,261,50,5,550,0,0,0,550
05/04/2011,MKE,WI,AGL,CE,Combined TRACON& Tower with Radar,232,261,37,4,534,0,6,18,0,24,232,267,55,4,558,0,0,0,558
05/05/2011,MKE,WI,AGL,CE,Combined TRACON& Tower with Radar,243,285,39,5,572,0,7,1,0,8,243,292,40,5,580,0,0,0,580
05/06/2011,MKE,WI,AGL,CE,Combined TRACON& Tower with Radar,236,265,27,4,532,0,9,11,0,20,236,274,38,4,552,0,0,0,552
05/07/2011,MKE,WI,AGL,CE,Combined TRACON& Tower with Radar,184,154,16,0,354,0,3,5,0,8,184,157,21,0,362,0,0,0,362
05/08/2011,MKE,WI,AGL,CE,Combined TRACON& Tower with Radar,215,168,14,0,397,0,0,17,0,17,215,168,31,0,414,0,0,0,414
05/09/2011,MKE,WI,AGL,CE,Combined TRACON& Tower with Radar,229,258,24,1,512,0,13,4,0,17,229,271,28,1,529,0,0,0,529
05/10/2011,MKE,WI,AGL,CE,Combined TRACON& Tower with Radar,231,263,26,9,529,0,4,3,0,7,231,267,29,9,536,0,0,0,536
05/11/2011,MKE,WI,AGL,CE,Combined TRACON& Tower with Radar,237,270,30,10,547,0,1,0,0,1,237,271,30,10,548,0,0,0,548
05/12/2011,MKE,WI,AGL,CE,Combined TRACON& Tower with Radar,235,277,48,6,566,0,3,20,0,23,235,280,68,6,589,0,0,0,589
05/13/2011,MKE,WI,AGL,CE,Combined TRACON& Tower with Radar,245,259,36,5,545,0,4,0,0,4,245,263,36,5,549,0,0,0,549
05/14/2011,MKE,WI,AGL,CE,Combined TRACON& Tower with Radar,195,143,10,0,348,0,0,0,0,0,195,143,10,0,348,0,0,0,348
05/15/2011,MKE,WI,AGL,CE,Combined TRACON& Tower with Radar,220,167,15,4,406,0,2,0,0,2,220,169,15,4,408,0,0,0,408
05/16/2011,MKE,WI,AGL,CE,Combined TRACON& Tower with Radar,225,263,36,0,524,0,9,8,0,17,225,272,44,0,541,0,0,0,541
05/17/2011,MKE,WI,AGL,CE,Combined TRACON& Tower with Radar,232,254,33,6,525,0,8,18,0,26,232,262,51,6,551,0,0,0,551
05/18/2011,MKE,WI,AGL,CE,Combined TRACON& Tower with Radar,229,267,37,4,537,0,5,0,0,5,229,272,37,4,542,0,0,0,542
05/19/2011,MKE,WI,AGL,CE,Combined TRACON& Tower with Radar,237,282,33,5,557,0,2,9,0,11,237,284,42,5,568,0,0,0,568
05/20/2011,MKE,WI,AGL,CE,Combined TRACON& Tower with Radar,237,261,33,7,538,0,4,13,0,17,237,265,46,7,555,0,0,0,555
05/21/2011,MKE,WI,AGL,CE,Combined TRACON& Tower with Radar,189,151,23,0,363,0,0,3,0,3,189,151,26,0,366,0,0,0,366
05/22/2011,MKE,WI,AGL,CE,Combined TRACON& Tower with Radar,217,175,21,1,414,0,0,7,0,7,217,175,28,1,421,0,0,0,421
05/23/2011,MKE,WI,AGL,CE,Combined TRACON& Tower with Radar,229,253,37,0,519,0,13,0,0,13,229,266,37,0,532,0,0,0,532
05/24/2011,MKE,WI,AGL,CE,Combined TRACON& Tower with Radar,229,256,51,8,544,0,7,14,0,21,229,263,65,8,565,0,0,0,565
05/25/2011,MKE,WI,AGL,CE,Combined TRACON& Tower with Radar,233,262,50,1,546,0,0,0,0,0,233,262,50,1,546,0,0,0,546
05/26/2011,MKE,WI,AGL,CE,Combined TRACON& Tower with Radar,226,259,43,7,535,0,5,2,0,7,226,264,45,7,542,0,0,0,542
05/27/2011,MKE,WI,AGL,CE,Combined TRACON& Tower with Radar,235,269,40,0,544,0,3,26,0,29,235,272,66,0,573,0,0,0,573
05/28/2011,MKE,WI,AGL,CE,Combined TRACON& Tower with Radar,182,150,13,0,345,0,0,2,0,2,182,150,15,0,347,0,0,0,347
05/29/2011,MKE,WI,AGL,CE,Combined TRACON& Tower with Radar,191,134,9,0,334,0,0,0,0,0,191,134,9,0,334,0,0,0,334
05/30/2011,MKE,WI,AGL,CE,Combined TRACON& Tower with Radar,217,227,11,0,455,0,2,9,0,11,217,229,20,0,466,0,0,0,466
05/31/2011,MKE,WI,AGL,CE,Combined TRACON& Tower with Radar,223,268,38,2,531,0,5,3,0,8,223,273,41,2,539,0,0,0,539
06/01/2011,MKE,WI,AGL,CE,Combined TRACON& Tower with Radar,233,271,48,5,557,0,9,11,0,20,233,280,59,5,577,0,0,0,577
06/02/2011,MKE,WI,AGL,CE,Combined TRACON& Tower with Radar,230,278,45,6,559,0,7,18,0,25,230,285,63,6,584,0,0,0,584
06/03/2011,MKE,WI,AGL,CE,Combined TRACON& Tower with Radar,229,258,37,11,535,0,7,8,2,17,229,265,45,13,552,0,0,0,552
06/04/2011,MKE,WI,AGL,CE,Combined TRACON& Tower with Radar,195,156,14,2,367,0,6,18,0,24,195,162,32,2,391,0,0,0,391
06/05/2011,MKE,WI,AGL,CE,Combined TRACON& Tower with Radar,206,182,24,8,420,0,1,24,0,25,206,183,48,8,445,0,0,0,445
06/06/2011,MKE,WI,AGL,CE,Combined TRACON& Tower with Radar,205,238,24,0,467,0,1,8,0,9,205,239,32,0,476,0,0,0,476
06/07/2011,MKE,WI,AGL,CE,Combined TRACON& Tower with Radar,240,270,51,5,566,0,8,9,0,17,240,278,60,5,583,0,0,0,583
06/08/2011,MKE,WI,AGL,CE,Combined TRACON& Tower with Radar,225,253,40,2,520,0,4,3,0,7,225,257,43,2,527,0,0,0,527
06/09/2011,MKE,WI,AGL,CE,Combined TRACON& Tower with Radar,232,263,50,5,550,0,11,5,0,16,232,274,55,5,566,0,0,0,566
06/10/2011,MKE,WI,AGL,CE,Combined TRACON& Tower with Radar,234,248,43,2,527,0,0,0,0,0,234,248,43,2,527,0,0,0,527
06/11/2011,MKE,WI,AGL,CE,Combined TRACON& Tower with Radar,192,160,10,1,363,0,0,0,0,0,192,160,10,1,363,0,0,0,363
06/12/2011,MKE,WI,AGL,CE,Combined TRACON& Tower with Radar,210,180,18,2,410,0,0,11,0,11,210,180,29,2,421,0,0,0,421
06/13/2011,MKE,WI,AGL,CE,Combined TRACON& Tower with Radar,216,248,49,1,514,0,4,14,0,18,216,252,63,1,532,0,0,0,532
06/14/2011,MKE,WI,AGL,CE,Combined TRACON& Tower with Radar,223,262,42,6,533,0,4,18,0,22,223,266,60,6,555,0,0,0,555
06/15/2011,MKE,WI,AGL,CE,Combined TRACON& Tower with Radar,220,271,40,3,534,0,0,0,0,0,220,271,40,3,534,0,0,0,534
06/16/2011,MKE,WI,AGL,CE,Combined TRACON& Tower with Radar,222,264,39,8,533,0,2,7,4,13,222,266,46,12,546,0,0,0,546
06/17/2011,MKE,WI,AGL,CE,Combined TRACON& Tower with Radar,221,261,30,12,524,0,9,18,0,27,221,270,48,12,551,0,0,0,551
06/18/2011,MKE,WI,AGL,CE,Combined TRACON& Tower with Radar,191,162,15,1,369,0,3,10,0,13,191,165,25,1,382,0,0,0,382
06/19/2011,MKE,WI,AGL,CE,Combined TRACON& Tower with Radar,202,180,30,0,412,0,0,0,2,2,202,180,30,2,414,0,0,0,414
06/20/2011,MKE,WI,AGL,CE,Combined TRACON& Tower with Radar,215,258,30,1,504,0,0,0,0,0,215,258,30,1,504,0,0,0,504
06/21/2011,MKE,WI,AGL,CE,Combined TRACON& Tower with Radar,220,232,53,5,510,0,0,7,0,7,220,232,60,5,517,0,0,0,517
06/22/2011,MKE,WI,AGL,CE,Combined TRACON& Tower with Radar,221,262,55,4,542,0,5,2,0,7,221,267,57,4,549,0,0,0,549
06/23/2011,MKE,WI,AGL,CE,Combined TRACON& Tower with Radar,222,268,43,6,539,0,0,10,0,10,222,268,53,6,549,0,0,0,549
06/24/2011,MKE,WI,AGL,CE,Combined TRACON& Tower with Radar,218,258,33,4,513,0,5,13,0,18,218,263,46,4,531,8,0,8,539
06/25/2011,MKE,WI,AGL,CE,Combined TRACON& Tower with Radar,198,163,15,0,376,0,0,24,0,24,198,163,39,0,400,0,0,0,400
06/26/2011,MKE,WI,AGL,CE,Combined TRACON& Tower with Radar,201,180,29,1,411,0,0,9,0,9,201,180,38,1,420,0,0,0,420
06/27/2011,MKE,WI,AGL,CE,Combined TRACON& Tower with Radar,213,250,42,0,505,0,5,5,0,10,213,255,47,0,515,0,0,0,515
06/28/2011,MKE,WI,AGL,CE,Combined TRACON& Tower with Radar,225,276,45,8,554,0,7,12,0,19,225,283,57,8,573,0,0,0,573
06/29/2011,MKE,WI,AGL,CE,Combined TRACON& Tower with Radar,219,280,55,5,559,0,5,12,0,17,219,285,67,5,576,8,0,8,584
06/30/2011,MKE,WI,AGL,CE,Combined TRACON& Tower with Radar,217,283,42,6,548,0,4,15,0,19,217,287,57,6,567,0,0,0,567
07/01/2011,MKE,WI,AGL,CE,Combined TRACON& Tower with Radar,227,267,30,2,526,0,21,8,0,29,227,288,38,2,555,0,0,0,555
07/02/2011,MKE,WI,AGL,CE,Combined TRACON& Tower with Radar,194,161,15,0,370,0,5,9,8,22,194,166,24,8,392,0,0,0,392
07/03/2011,MKE,WI,AGL,CE,Combined TRACON& Tower with Radar,189,149,4,1,343,0,4,15,0,19,189,153,19,1,362,0,0,0,362
07/04/2011,MKE,WI,AGL,CE,Combined TRACON& Tower with Radar,200,198,5,0,403,0,0,7,0,7,200,198,12,0,410,0,0,0,410
07/05/2011,MKE,WI,AGL,CE,Combined TRACON& Tower with Radar,213,258,23,7,501,0,7,18,0,25,213,265,41,7,526,0,0,0,526
07/06/2011,MKE,WI,AGL,CE,Combined TRACON& Tower with Radar,224,274,40,10,548,0,3,29,5,37,224,277,69,15,585,0,0,0,585
07/07/2011,MKE,WI,AGL,CE,Combined TRACON& Tower with Radar,216,267,36,7,526,0,4,12,0,16,216,271,48,7,542,0,0,0,542
07/08/2011,MKE,WI,AGL,CE,Combined TRACON& Tower with Radar,220,258,35,3,516,0,3,12,0,15,220,261,47,3,531,0,0,0,531
07/09/2011,MKE,WI,AGL,CE,Combined TRACON& Tower with Radar,192,163,8,0,363,0,4,22,9,35,192,167,30,9,398,0,0,0,398
07/10/2011,MKE,WI,AGL,CE,Combined TRACON& Tower with Radar,200,187,25,2,414,0,2,7,2,11,200,189,32,4,425,0,0,0,425
07/11/2011,MKE,WI,AGL,CE,Combined TRACON& Tower with Radar,216,259,30,1,506,0,5,7,2,14,216,264,37,3,520,0,0,0,520
07/12/2011,MKE,WI,AGL,CE,Combined TRACON& Tower with Radar,217,274,46,9,546,0,2,43,2,47,217,276,89,11,593,0,0,0,593
07/13/2011,MKE,WI,AGL,CE,Combined TRACON& Tower with Radar,223,279,55,9,566,0,0,11,0,11,223,279,66,9,577,0,0,0,577
07/14/2011,MKE,WI,AGL,CE,Combined TRACON& Tower with Radar,216,270,49,7,542,0,0,16,0,16,216,270,65,7,558,0,0,0,558
07/15/2011,MKE,WI,AGL,CE,Combined TRACON& Tower with Radar,222,275,42,5,544,0,2,12,0,14,222,277,54,5,558,4,0,4,562
07/16/2011,MKE,WI,AGL,CE,Combined TRACON& Tower with Radar,197,155,16,4,372,0,2,11,0,13,197,157,27,4,385,0,0,0,385
07/17/2011,MKE,WI,AGL,CE,Combined TRACON& Tower with Radar,193,178,32,3,406,0,6,19,1,26,193,184,51,4,432,0,0,0,432
07/18/2011,MKE,WI,AGL,CE,Combined TRACON& Tower with Radar,211,263,29,6,509,0,0,7,0,7,211,263,36,6,516,0,0,0,516
07/19/2011,MKE,WI,AGL,CE,Combined TRACON& Tower with Radar,215,262,53,10,540,0,2,5,1,8,215,264,58,11,548,0,0,0,548
07/20/2011,MKE,WI,AGL,CE,Combined TRACON& Tower with Radar,218,274,38,14,544,0,0,10,0,10,218,274,48,14,554,0,0,0,554
07/21/2011,MKE,WI,AGL,CE,Combined TRACON& Tower with Radar,209,281,45,12,547,0,0,12,0,12,209,281,57,12,559,0,0,0,559
07/22/2011,MKE,WI,AGL,CE,Combined TRACON& Tower with Radar,222,263,38,4,527,0,0,4,0,4,222,263,42,4,531,0,0,0,531
07/23/2011,MKE,WI,AGL,CE,Combined TRACON& Tower with Radar,196,156,12,1,365,0,0,14,1,15,196,156,26,2,380,0,0,0,380
07/24/2011,MKE,WI,AGL,CE,Combined TRACON& Tower with Radar,199,178,24,1,402,0,1,14,0,15,199,179,38,1,417,0,0,0,417
07/25/2011,MKE,WI,AGL,CE,Combined TRACON& Tower with Radar,215,256,36,3,510,0,4,21,0,25,215,260,57,3,535,0,0,0,535
07/26/2011,MKE,WI,AGL,CE,Combined TRACON& Tower with Radar,220,270,44,6,540,0,2,26,0,28,220,272,70,6,568,0,0,0,568
07/27/2011,MKE,WI,AGL,CE,Combined TRACON& Tower with Radar,218,274,48,0,540,0,0,2,0,2,218,274,50,0,542,0,0,0,542
07/28/2011,MKE,WI,AGL,CE,Combined TRACON& Tower with Radar,226,269,41,6,542,0,3,16,0,19,226,272,57,6,561,0,0,0,561
07/29/2011,MKE,WI,AGL,CE,Combined TRACON& Tower with Radar,221,260,30,4,515,0,0,18,1,19,221,260,48,5,534,0,0,0,534
07/30/2011,MKE,WI,AGL,CE,Combined TRACON& Tower with Radar,194,158,17,1,370,0,0,25,0,25,194,158,42,1,395,0,0,0,395
07/31/2011,MKE,WI,AGL,CE,Combined TRACON& Tower with Radar,202,182,35,2,421,0,2,21,0,23,202,184,56,2,444,0,0,0,444
08/01/2011,MKE,WI,AGL,CE,Combined TRACON& Tower with Radar,204,256,39,0,499,0,4,6,1,11,204,260,45,1,510,0,0,0,510
08/02/2011,MKE,WI,AGL,CE,Combined TRACON& Tower with Radar,238,262,42,10,552,0,0,2,0,2,238,262,44,10,554,0,0,0,554
08/03/2011,MKE,WI,AGL,CE,Combined TRACON& Tower with Radar,221,275,33,10,539,0,6,19,0,25,221,281,52,10,564,0,0,0,564
08/04/2011,MKE,WI,AGL,CE,Combined TRACON& Tower with Radar,220,280,59,11,570,0,3,20,5,28,220,283,79,16,598,0,0,0,598
08/05/2011,MKE,WI,AGL,CE,Combined TRACON& Tower with Radar,216,259,26,6,507,0,11,24,15,50,216,270,50,21,557,0,0,0,557
08/06/2011,MKE,WI,AGL,CE,Combined TRACON& Tower with Radar,188,155,12,2,357,0,8,17,16,41,188,163,29,18,398,0,0,0,398
08/07/2011,MKE,WI,AGL,CE,Combined TRACON& Tower with Radar,207,173,17,6,403,0,5,22,15,42,207,178,39,21,445,0,0,0,445
08/08/2011,MKE,WI,AGL,CE,Combined TRACON& Tower with Radar,209,260,33,7,509,0,0,11,0,11,209,260,44,7,520,0,0,0,520
08/09/2011,MKE,WI,AGL,CE,Combined TRACON& Tower with Radar,218,285,50,4,557,0,2,10,0,12,218,287,60,4,569,0,0,0,569
08/10/2011,MKE,WI,AGL,CE,Combined TRACON& Tower with Radar,227,284,57,3,571,0,5,21,2,28,227,289,78,5,599,10,0,10,609
08/11/2011,MKE,WI,AGL,CE,Combined TRACON& Tower with Radar,217,277,46,7,547,0,9,12,0,21,217,286,58,7,568,0,0,0,568
08/12/2011,MKE,WI,AGL,CE,Combined TRACON& Tower with Radar,219,271,46,8,544,0,4,6,0,10,219,275,52,8,554,0,0,0,554
08/13/2011,MKE,WI,AGL,CE,Combined TRACON& Tower with Radar,189,152,16,3,360,0,0,2,0,2,189,152,18,3,362,0,0,0,362
08/14/2011,MKE,WI,AGL,CE,Combined TRACON& Tower with Radar,200,179,17,3,399,0,2,12,0,14,200,181,29,3,413,0,0,0,413
08/15/2011,MKE,WI,AGL,CE,Combined TRACON& Tower with Radar,211,260,34,0,505,0,0,16,0,16,211,260,50,0,521,0,0,0,521
08/16/2011,MKE,WI,AGL,CE,Combined TRACON& Tower with Radar,218,277,45,7,547,0,13,5,2,20,218,290,50,9,567,0,0,0,567
08/17/2011,MKE,WI,AGL,CE,Combined TRACON& Tower with Radar,211,264,46,3,524,0,10,15,2,27,211,274,61,5,551,0,0,0,551
08/18/2011,MKE,WI,AGL,CE,Combined TRACON& Tower with Radar,221,282,44,6,553,0,4,9,0,13,221,286,53,6,566,0,0,0,566
08/19/2011,MKE,WI,AGL,CE,Combined TRACON& Tower with Radar,209,276,35,2,522,0,2,6,0,8,209,278,41,2,530,0,0,0,530
08/20/2011,MKE,WI,AGL,CE,Combined TRACON& Tower with Radar,188,159,27,2,376,0,7,8,0,15,188,166,35,2,391,0,0,0,391
08/21/2011,MKE,WI,AGL,CE,Combined TRACON& Tower with Radar,194,176,20,3,393,0,3,17,0,20,194,179,37,3,413,0,0,0,413
08/22/2011,MKE,WI,AGL,CE,Combined TRACON& Tower with Radar,208,261,34,0,503,0,7,6,0,13,208,268,40,0,516,0,0,0,516
08/23/2011,MKE,WI,AGL,CE,Combined TRACON& Tower with Radar,219,262,48,3,532,0,2,2,0,4,219,264,50,3,536,0,0,0,536
08/24/2011,MKE,WI,AGL,CE,Combined TRACON& Tower with Radar,226,279,45,2,552,0,5,4,0,9,226,284,49,2,561,0,0,0,561
08/25/2011,MKE,WI,AGL,CE,Combined TRACON& Tower with Radar,216,264,43,7,530,0,2,8,1,11,216,266,51,8,541,0,0,0,541
08/26/2011,MKE,WI,AGL,CE,Combined TRACON& Tower with Radar,213,281,34,8,536,0,2,19,2,23,213,283,53,10,559,0,0,0,559
08/27/2011,MKE,WI,AGL,CE,Combined TRACON& Tower with Radar,169,165,20,5,359,0,8,11,0,19,169,173,31,5,378,0,0,0,378
08/28/2011,MKE,WI,AGL,CE,Combined TRACON& Tower with Radar,164,165,20,1,350,0,4,16,0,20,164,169,36,1,370,18,0,18,388
08/29/2011,MKE,WI,AGL,CE,Combined TRACON& Tower with Radar,209,256,39,10,514,0,2,13,0,15,209,258,52,10,529,0,0,0,529
08/30/2011,MKE,WI,AGL,CE,Combined TRACON& Tower with Radar,216,263,35,8,522,0,0,5,0,5,216,263,40,8,527,0,0,0,527
08/31/2011,MKE,WI,AGL,CE,Combined TRACON& Tower with Radar,216,274,30,7,527,0,3,7,0,10,216,277,37,7,537,0,0,0,537
09/01/2011,MKE,WI,AGL,CE,Combined TRACON& Tower with Radar,222,267,42,2,533,0,2,9,0,11,222,269,51,2,544,0,0,0,544
09/02/2011,MKE,WI,AGL,CE,Combined TRACON& Tower with Radar,212,266,27,3,508,0,2,4,0,6,212,268,31,3,514,0,0,0,514
09/03/2011,MKE,WI,AGL,CE,Combined TRACON& Tower with Radar,181,147,5,0,333,0,0,10,0,10,181,147,15,0,343,0,0,0,343
09/04/2011,MKE,WI,AGL,CE,Combined TRACON& Tower with Radar,173,133,9,0,315,0,5,10,0,15,173,138,19,0,330,0,0,0,330
09/05/2011,MKE,WI,AGL,CE,Combined TRACON& Tower with Radar,198,216,18,0,432,0,1,7,0,8,198,217,25,0,440,0,0,0,440
09/06/2011,MKE,WI,AGL,CE,Combined TRACON& Tower with Radar,220,233,39,3,495,0,3,13,3,19,220,236,52,6,514,0,0,0,514
09/07/2011,MKE,WI,AGL,CE,Combined TRACON& Tower with Radar,216,249,50,5,520,0,8,14,0,22,216,257,64,5,542,0,0,0,542
09/08/2011,MKE,WI,AGL,CE,Combined TRACON& Tower with Radar,214,252,39,6,511,0,3,7,0,10,214,255,46,6,521,0,0,0,521
09/09/2011,MKE,WI,AGL,CE,Combined TRACON& Tower with Radar,218,248,32,10,508,0,4,12,0,16,218,252,44,10,524,0,0,0,524
09/10/2011,MKE,WI,AGL,CE,Combined TRACON& Tower with Radar,189,148,15,1,353,0,7,13,0,20,189,155,28,1,373,0,0,0,373
09/11/2011,MKE,WI,AGL,CE,Combined TRACON& Tower with Radar,189,160,20,5,374,0,0,10,0,10,189,160,30,5,384,0,0,0,384
09/12/2011,MKE,WI,AGL,CE,Combined TRACON& Tower with Radar,204,219,35,0,458,0,3,7,0,10,204,222,42,0,468,0,0,0,468
09/13/2011,MKE,WI,AGL,CE,Combined TRACON& Tower with Radar,203,228,57,11,499,0,8,4,1,13,203,236,61,12,512,0,0,0,512
09/14/2011,MKE,WI,AGL,CE,Combined TRACON& Tower with Radar,202,247,70,6,525,0,13,16,0,29,202,260,86,6,554,0,0,0,554
09/15/2011,MKE,WI,AGL,CE,Combined TRACON& Tower with Radar,213,247,52,9,521,0,7,13,0,20,213,254,65,9,541,0,0,0,541
09/16/2011,MKE,WI,AGL,CE,Combined TRACON& Tower with Radar,209,233,49,2,493,0,0,9,0,9,209,233,58,2,502,0,0,0,502
09/17/2011,MKE,WI,AGL,CE,Combined TRACON& Tower with Radar,172,134,16,1,323,0,0,13,0,13,172,134,29,1,336,0,0,0,336
09/18/2011,MKE,WI,AGL,CE,Combined TRACON& Tower with Radar,186,150,18,2,356,0,0,2,0,2,186,150,20,2,358,0,0,0,358
09/19/2011,MKE,WI,AGL,CE,Combined TRACON& Tower with Radar,208,225,41,1,475,0,1,3,0,4,208,226,44,1,479,0,0,0,479
09/20/2011,MKE,WI,AGL,CE,Combined TRACON& Tower with Radar,209,230,51,7,497,0,2,3,0,5,209,232,54,7,502,0,0,0,502
09/21/2011,MKE,WI,AGL,CE,Combined TRACON& Tower with Radar,204,227,40,5,476,0,6,4,2,12,204,233,44,7,488,0,0,0,488
09/22/2011,MKE,WI,AGL,CE,Combined TRACON& Tower with Radar,211,243,52,7,513,0,0,6,0,6,211,243,58,7,519,0,0,0,519
09/23/2011,MKE,WI,AGL,CE,Combined TRACON& Tower with Radar,207,234,41,3,485,0,2,7,0,9,207,236,48,3,494,0,0,0,494
09/24/2011,MKE,WI,AGL,CE,Combined TRACON& Tower with Radar,174,135,14,0,323,0,4,0,0,4,174,139,14,0,327,0,0,0,327
09/25/2011,MKE,WI,AGL,CE,Combined TRACON& Tower with Radar,187,153,18,0,358,0,0,5,0,5,187,153,23,0,363,0,0,0,363
09/26/2011,MKE,WI,AGL,CE,Combined TRACON& Tower with Radar,208,213,36,0,457,0,2,6,0,8,208,215,42,0,465,0,0,0,465
09/27/2011,MKE,WI,AGL,CE,Combined TRACON& Tower with Radar,198,218,51,4,471,0,0,0,0,0,198,218,51,4,471,0,0,0,471
09/28/2011,MKE,WI,AGL,CE,Combined TRACON& Tower with Radar,209,231,49,3,492,0,0,6,0,6,209,231,55,3,498,0,0,0,498
09/29/2011,MKE,WI,AGL,CE,Combined TRACON& Tower with Radar,220,241,34,2,497,0,2,2,0,4,220,243,36,2,501,0,0,0,501
09/30/2011,MKE,WI,AGL,CE,Combined TRACON& Tower with Radar,212,231,37,11,491,0,8,8,1,17,212,239,45,12,508,0,0,0,508
10/01/2011,MKE,WI,AGL,CE,Combined TRACON& Tower with Radar,183,114,24,2,323,0,4,19,0,23,183,118,43,2,346,0,0,0,346
10/02/2011,MKE,WI,AGL,CE,Combined TRACON& Tower with Radar,191,159,22,6,378,0,1,15,0,16,191,160,37,6,394,0,0,0,394
10/03/2011,MKE,WI,AGL,CE,Combined TRACON& Tower with Radar,205,200,43,0,448,0,4,7,2,13,205,204,50,2,461,0,0,0,461
10/04/2011,MKE,WI,AGL,CE,Combined TRACON& Tower with Radar,204,210,57,10,481,0,4,18,0,22,204,214,75,10,503,0,0,0,503
10/05/2011,MKE,WI,AGL,CE,Combined TRACON& Tower with Radar,210,209,44,3,466,0,2,22,0,24,210,211,66,3,490,0,0,0,490
10/06/2011,MKE,WI,AGL,CE,Combined TRACON& Tower with Radar,218,228,41,5,492,0,8,12,1,21,218,236,53,6,513,2,0,2,515
10/07/2011,MKE,WI,AGL,CE,Combined TRACON& Tower with Radar,222,226,50,0,498,0,0,13,0,13,222,226,63,0,511,0,0,0,511
10/08/2011,MKE,WI,AGL,CE,Combined TRACON& Tower with Radar,196,113,12,1,322,0,6,12,0,18,196,119,24,1,340,0,0,0,340
10/09/2011,MKE,WI,AGL,CE,Combined TRACON& Tower with Radar,197,148,19,0,364,0,0,9,0,9,197,148,28,0,373,0,0,0,373
10/10/2011,MKE,WI,AGL,CE,Combined TRACON& Tower with Radar,210,218,52,3,483,0,0,15,3,18,210,218,67,6,501,0,0,0,501
10/11/2011,MKE,WI,AGL,CE,Combined TRACON& Tower with Radar,205,196,46,7,454,0,0,7,2,9,205,196,53,9,463,0,0,0,463
10/12/2011,MKE,WI,AGL,CE,Combined TRACON& Tower with Radar,207,214,38,4,463,0,6,9,0,15,207,220,47,4,478,0,0,0,478
10/13/2011,MKE,WI,AGL,CE,Combined TRACON& Tower with Radar,209,221,61,5,496,0,0,6,0,6,209,221,67,5,502,0,0,0,502
10/14/2011,MKE,WI,AGL,CE,Combined TRACON& Tower with Radar,215,229,34,7,485,0,1,8,0,9,215,230,42,7,494,0,0,0,494
10/15/2011,MKE,WI,AGL,CE,Combined TRACON& Tower with Radar,195,109,17,2,323,0,5,12,0,17,195,114,29,2,340,0,0,0,340
10/16/2011,MKE,WI,AGL,CE,Combined TRACON& Tower with Radar,194,152,34,2,382,0,0,13,0,13,194,152,47,2,395,0,0,0,395
10/17/2011,MKE,WI,AGL,CE,Combined TRACON& Tower with Radar,212,214,36,2,464,0,2,8,0,10,212,216,44,2,474,0,0,0,474
10/18/2011,MKE,WI,AGL,CE,Combined TRACON& Tower with Radar,204,207,45,6,462,0,5,6,0,11,204,212,51,6,473,0,0,0,473
10/19/2011,MKE,WI,AGL,CE,Combined TRACON& Tower with Radar,206,215,43,4,468,0,0,4,0,4,206,215,47,4,472,0,0,0,472
10/20/2011,MKE,WI,AGL,CE,Combined TRACON& Tower with Radar,213,220,34,2,469,0,0,0,0,0,213,220,34,2,469,0,0,0,469
10/21/2011,MKE,WI,AGL,CE,Combined TRACON& Tower with Radar,218,214,26,6,464,0,2,19,0,21,218,216,45,6,485,0,0,0,485
10/22/2011,MKE,WI,AGL,CE,Combined TRACON& Tower with Radar,187,104,14,0,305,0,0,11,0,11,187,104,25,0,316,0,0,0,316
10/23/2011,MKE,WI,AGL,CE,Combined TRACON& Tower with Radar,194,143,26,2,365,0,0,11,0,11,194,143,37,2,376,0,0,0,376
10/24/2011,MKE,WI,AGL,CE,Combined TRACON& Tower with Radar,211,207,57,0,475,0,0,6,3,9,211,207,63,3,484,0,0,0,484
10/25/2011,MKE,WI,AGL,CE,Combined TRACON& Tower with Radar,203,209,42,8,462,0,0,5,0,5,203,209,47,8,467,0,0,0,467
10/26/2011,MKE,WI,AGL,CE,Combined TRACON& Tower with Radar,207,214,37,6,464,0,0,12,0,12,207,214,49,6,476,0,0,0,476
10/27/2011,MKE,WI,AGL,CE,Combined TRACON& Tower with Radar,217,222,33,6,478,0,2,16,0,18,217,224,49,6,496,0,0,0,496
10/28/2011,MKE,WI,AGL,CE,Combined TRACON& Tower with Radar,221,217,39,6,483,0,4,5,0,9,221,221,44,6,492,0,0,0,492
10/29/2011,MKE,WI,AGL,CE,Combined TRACON& Tower with Radar,185,104,16,1,306,0,0,18,0,18,185,104,34,1,324,0,0,0,324
10/30/2011,MKE,WI,AGL,CE,Combined TRACON& Tower with Radar,193,139,13,0,345,0,0,5,0,5,193,139,18,0,350,0,0,0,350
10/31/2011,MKE,WI,AGL,CE,Combined TRACON& Tower with Radar,208,204,24,0,436,0,0,10,0,10,208,204,34,0,446,0,0,0,446
11/01/2011,MKE,WI,AGL,CE,Combined TRACON& Tower with Radar,205,176,42,3,426,0,1,17,0,18,205,177,59,3,444,0,0,0,444
11/02/2011,MKE,WI,AGL,CE,Combined TRACON& Tower with Radar,204,188,29,4,425,0,4,6,0,10,204,192,35,4,435,0,0,0,435
11/03/2011,MKE,WI,AGL,CE,Combined TRACON& Tower with Radar,210,183,39,7,439,0,0,7,0,7,210,183,46,7,446,0,0,0,446
11/04/2011,MKE,WI,AGL,CE,Combined TRACON& Tower with Radar,217,175,23,11,426,0,0,24,0,24,217,175,47,11,450,0,0,0,450
11/05/2011,MKE,WI,AGL,CE,Combined TRACON& Tower with Radar,196,96,7,0,299,0,2,8,0,10,196,98,15,0,309,0,0,0,309
11/06/2011,MKE,WI,AGL,CE,Combined TRACON& Tower with Radar,188,102,18,2,310,0,2,0,0,2,188,104,18,2,312,0,0,0,312
11/07/2011,MKE,WI,AGL,CE,Combined TRACON& Tower with Radar,209,166,32,2,409,0,2,23,0,25,209,168,55,2,434,0,0,0,434
11/08/2011,MKE,WI,AGL,CE,Combined TRACON& Tower with Radar,212,171,33,6,422,0,0,4,0,4,212,171,37,6,426,0,0,0,426
11/09/2011,MKE,WI,AGL,CE,Combined TRACON& Tower with Radar,214,185,34,1,434,0,0,1,0,1,214,185,35,1,435,0,0,0,435
11/10/2011,MKE,WI,AGL,CE,Combined TRACON& Tower with Radar,214,178,41,3,436,0,0,5,0,5,214,178,46,3,441,0,0,0,441
11/11/2011,MKE,WI,AGL,CE,Combined TRACON& Tower with Radar,218,170,23,0,411,0,0,15,0,15,218,170,38,0,426,0,0,0,426
11/12/2011,MKE,WI,AGL,CE,Combined TRACON& Tower with Radar,187,92,15,0,294,0,2,18,0,20,187,94,33,0,314,0,0,0,314
11/13/2011,MKE,WI,AGL,CE,Combined TRACON& Tower with Radar,190,112,12,1,315,0,0,2,0,2,190,112,14,1,317,0,0,0,317
11/14/2011,MKE,WI,AGL,CE,Combined TRACON& Tower with Radar,213,166,37,0,416,0,0,6,0,6,213,166,43,0,422,0,0,0,422
11/15/2011,MKE,WI,AGL,CE,Combined TRACON& Tower with Radar,215,181,46,8,450,0,2,16,0,18,215,183,62,8,468,0,0,0,468
11/16/2011,MKE,WI,AGL,CE,Combined TRACON& Tower with Radar,218,174,43,6,441,0,3,7,3,13,218,177,50,9,454,0,0,0,454
11/17/2011,MKE,WI,AGL,CE,Combined TRACON& Tower with Radar,219,193,52,4,468,0,1,11,0,12,219,194,63,4,480,0,0,0,480
11/18/2011,MKE,WI,AGL,CE,Combined TRACON& Tower with Radar,224,189,27,5,445,0,2,20,0,22,224,191,47,5,467,0,0,0,467
11/19/2011,MKE,WI,AGL,CE,Combined TRACON& Tower with Radar,191,104,15,1,311,0,2,2,0,4,191,106,17,1,315,0,0,0,315
11/20/2011,MKE,WI,AGL,CE,Combined TRACON& Tower with Radar,192,112,10,0,314,0,2,2,0,4,192,114,12,0,318,0,0,0,318
11/21/2011,MKE,WI,AGL,CE,Combined TRACON& Tower with Radar,212,161,24,0,397,0,0,8,0,8,212,161,32,0,405,0,0,0,405
11/22/2011,MKE,WI,AGL,CE,Combined TRACON& Tower with Radar,226,185,26,7,444,0,2,4,5,11,226,187,30,12,455,0,0,0,455
11/23/2011,MKE,WI,AGL,CE,Combined TRACON& Tower with Radar,225,186,22,6,439,0,3,10,0,13,225,189,32,6,452,0,0,0,452
11/24/2011,MKE,WI,AGL,CE,Combined TRACON& Tower with Radar,155,85,8,0,248,0,0,0,0,0,155,85,8,0,248,0,0,0,248
11/25/2011,MKE,WI,AGL,CE,Combined TRACON& Tower with Radar,184,122,4,1,311,0,2,11,0,13,184,124,15,1,324,0,0,0,324
11/26/2011,MKE,WI,AGL,CE,Combined TRACON& Tower with Radar,193,118,7,0,318,0,0,0,0,0,193,118,7,0,318,0,0,0,318
11/27/2011,MKE,WI,AGL,CE,Combined TRACON& Tower with Radar,203,134,19,1,357,0,2,1,0,3,203,136,20,1,360,0,0,0,360
11/28/2011,MKE,WI,AGL,CE,Combined TRACON& Tower with Radar,219,183,32,1,435,0,0,9,0,9,219,183,41,1,444,0,0,0,444
11/29/2011,MKE,WI,AGL,CE,Combined TRACON& Tower with Radar,207,192,44,6,449,0,0,5,0,5,207,192,49,6,454,0,0,0,454
11/30/2011,MKE,WI,AGL,CE,Combined TRACON& Tower with Radar,204,195,40,4,443,0,4,18,0,22,204,199,58,4,465,0,0,0,465
12/01/2011,MKE,WI,AGL,CE,Combined TRACON& Tower with Radar,217,196,38,6,457,0,0,11,0,11,217,196,49,6,468,0,0,0,468
12/02/2011,MKE,WI,AGL,CE,Combined TRACON& Tower with Radar,217,193,37,11,458,0,2,14,0,16,217,195,51,11,474,0,0,0,474
12/03/2011,MKE,WI,AGL,CE,Combined TRACON& Tower with Radar,178,99,14,2,293,0,0,0,0,0,178,99,14,2,293,0,0,0,293
12/04/2011,MKE,WI,AGL,CE,Combined TRACON& Tower with Radar,184,115,18,7,324,0,2,0,0,2,184,117,18,7,326,0,0,0,326
12/05/2011,MKE,WI,AGL,CE,Combined TRACON& Tower with Radar,212,179,36,2,429,0,0,0,0,0,212,179,36,2,429,0,0,0,429
12/06/2011,MKE,WI,AGL,CE,Combined TRACON& Tower with Radar,200,182,42,9,433,0,1,7,0,8,200,183,49,9,441,0,0,0,441
12/07/2011,MKE,WI,AGL,CE,Combined TRACON& Tower with Radar,201,196,48,5,450,0,3,14,1,18,201,199,62,6,468,0,0,0,468
12/08/2011,MKE,WI,AGL,CE,Combined TRACON& Tower with Radar,214,181,30,7,432,0,2,12,0,14,214,183,42,7,446,0,0,0,446
12/09/2011,MKE,WI,AGL,CE,Combined TRACON& Tower with Radar,210,189,19,5,423,0,5,5,0,10,210,194,24,5,433,0,0,0,433
12/10/2011,MKE,WI,AGL,CE,Combined TRACON& Tower with Radar,180,102,18,0,300,0,0,9,0,9,180,102,27,0,309,0,0,0,309
12/11/2011,MKE,WI,AGL,CE,Combined TRACON& Tower with Radar,185,118,15,1,319,0,4,5,0,9,185,122,20,1,328,0,0,0,328
12/12/2011,MKE,WI,AGL,CE,Combined TRACON& Tower with Radar,206,166,34,2,408,0,2,8,0,10,206,168,42,2,418,0,0,0,418
12/13/2011,MKE,WI,AGL,CE,Combined TRACON& Tower with Radar,203,177,33,4,417,0,0,8,0,8,203,177,41,4,425,0,0,0,425
12/14/2011,MKE,WI,AGL,CE,Combined TRACON& Tower with Radar,204,173,33,0,410,0,0,0,0,0,204,173,33,0,410,0,0,0,410
12/15/2011,MKE,WI,AGL,CE,Combined TRACON& Tower with Radar,221,183,50,7,461,0,2,4,0,6,221,185,54,7,467,0,0,0,467
12/16/2011,MKE,WI,AGL,CE,Combined TRACON& Tower with Radar,219,189,30,0,438,0,4,19,0,23,219,193,49,0,461,0,0,0,461
12/17/2011,MKE,WI,AGL,CE,Combined TRACON& Tower with Radar,184,113,11,0,308,0,0,0,0,0,184,113,11,0,308,0,0,0,308
12/18/2011,MKE,WI,AGL,CE,Combined TRACON& Tower with Radar,190,115,15,0,320,0,4,11,0,15,190,119,26,0,335,0,0,0,335
12/19/2011,MKE,WI,AGL,CE,Combined TRACON& Tower with Radar,211,163,26,0,400,0,8,6,0,14,211,171,32,0,414,0,0,0,414
12/20/2011,MKE,WI,AGL,CE,Combined TRACON& Tower with Radar,214,181,38,5,438,0,2,6,0,8,214,183,44,5,446,0,0,0,446
12/21/2011,MKE,WI,AGL,CE,Combined TRACON& Tower with Radar,214,188,27,1,430,0,0,0,0,0,214,188,27,1,430,0,0,0,430
12/22/2011,MKE,WI,AGL,CE,Combined TRACON& Tower with Radar,218,186,13,8,425,0,3,2,0,5,218,189,15,8,430,0,0,0,430
12/23/2011,MKE,WI,AGL,CE,Combined TRACON& Tower with Radar,222,182,11,0,415,0,1,12,0,13,222,183,23,0,428,0,0,0,428
12/24/2011,MKE,WI,AGL,CE,Combined TRACON& Tower with Radar,179,100,1,1,281,0,3,2,0,5,179,103,3,1,286,0,0,0,286
12/25/2011,MKE,WI,AGL,CE,Combined TRACON& Tower with Radar,169,95,2,0,266,0,0,0,0,0,169,95,2,0,266,0,0,0,266
12/26/2011,MKE,WI,AGL,CE,Combined TRACON& Tower with Radar,207,129,19,0,355,0,0,6,0,6,207,129,25,0,361,0,0,0,361
12/27/2011,MKE,WI,AGL,CE,Combined TRACON& Tower with Radar,221,171,19,5,416,0,0,8,0,8,221,171,27,5,424,0,0,0,424
12/28/2011,MKE,WI,AGL,CE,Combined TRACON& Tower with Radar,218,179,15,5,417,0,0,13,0,13,218,179,28,5,430,0,0,0,430
12/29/2011,MKE,WI,AGL,CE,Combined TRACON& Tower with Radar,208,181,8,3,400,1,17,14,0,32,209,198,22,3,432,0,0,0,432
12/30/2011,MKE,WI,AGL,CE,Combined TRACON& Tower with Radar,226,177,9,2,414,0,0,0,0,0,226,177,9,2,414,0,0,0,414
12/31/2011,MKE,WI,AGL,CE,Combined TRACON& Tower with Radar,177,108,6,1,292,0,0,8,0,8,177,108,14,1,300,36,0,36,336
01/01/2012,MKE,WI,AGL,CE,Combined TRACON& Tower with Radar,179,106,8,0,293,1,0,0,0,1,180,106,8,0,294,0,0,0,294
01/02/2012,MKE,WI,AGL,CE,Combined TRACON& Tower with Radar,204,137,9,0,350,0,2,3,0,5,204,139,12,0,355,0,0,0,355
01/03/2012,MKE,WI,AGL,CE,Combined TRACON& Tower with Radar,209,174,29,5,417,0,2,9,0,11,209,176,38,5,428,10,0,10,438
01/04/2012,MKE,WI,AGL,CE,Combined TRACON& Tower with Radar,211,176,34,4,425,0,0,11,0,11,211,176,45,4,436,0,0,0,436
01/05/2012,MKE,WI,AGL,CE,Combined TRACON& Tower with Radar,208,174,30,7,419,0,0,12,0,12,208,174,42,7,431,0,0,0,431
01/06/2012,MKE,WI,AGL,CE,Combined TRACON& Tower with Radar,204,167,28,12,411,0,3,11,1,15,204,170,39,13,426,0,0,0,426
01/07/2012,MKE,WI,AGL,CE,Combined TRACON& Tower with Radar,178,90,15,2,285,0,0,13,0,13,178,90,28,2,298,0,0,0,298
01/08/2012,MKE,WI,AGL,CE,Combined TRACON& Tower with Radar,190,112,12,4,318,0,1,9,0,10,190,113,21,4,328,0,0,0,328
01/09/2012,MKE,WI,AGL,CE,Combined TRACON& Tower with Radar,211,160,39,1,411,0,0,7,0,7,211,160,46,1,418,0,0,0,418
01/10/2012,MKE,WI,AGL,CE,Combined TRACON& Tower with Radar,197,169,50,2,418,0,2,8,0,10,197,171,58,2,428,0,0,0,428
01/11/2012,MKE,WI,AGL,CE,Combined TRACON& Tower with Radar,199,171,41,5,416,0,0,7,0,7,199,171,48,5,423,0,0,0,423
01/12/2012,MKE,WI,AGL,CE,Combined TRACON& Tower with Radar,208,169,24,0,401,0,0,0,0,0,208,169,24,0,401,0,0,0,401
01/13/2012,MKE,WI,AGL,CE,Combined TRACON& Tower with Radar,201,171,38,2,412,0,0,6,0,6,201,171,44,2,418,0,0,0,418
01/14/2012,MKE,WI,AGL,CE,Combined TRACON& Tower with Radar,186,98,16,3,303,0,0,2,0,2,186,98,18,3,305,0,0,0,305
01/15/2012,MKE,WI,AGL,CE,Combined TRACON& Tower with Radar,192,106,20,0,318,0,1,9,0,10,192,107,29,0,328,0,0,0,328
01/16/2012,MKE,WI,AGL,CE,Combined TRACON& Tower with Radar,205,163,20,0,388,0,2,9,0,11,205,165,29,0,399,0,0,0,399
01/17/2012,MKE,WI,AGL,CE,Combined TRACON& Tower with Radar,192,166,18,3,379,0,0,1,0,1,192,166,19,3,380,0,0,0,380
01/18/2012,MKE,WI,AGL,CE,Combined TRACON& Tower with Radar,193,178,31,7,409,0,4,8,0,12,193,182,39,7,421,0,0,0,421
01/19/2012,MKE,WI,AGL,CE,Combined TRACON& Tower with Radar,204,176,24,6,410,0,0,8,0,8,204,176,32,6,418,0,0,0,418
01/20/2012,MKE,WI,AGL,CE,Combined TRACON& Tower with Radar,208,165,27,2,402,0,0,5,0,5,208,165,32,2,407,0,0,0,407
01/21/2012,MKE,WI,AGL,CE,Combined TRACON& Tower with Radar,183,91,16,2,292,0,0,1,0,1,183,91,17,2,293,0,0,0,293
01/22/2012,MKE,WI,AGL,CE,Combined TRACON& Tower with Radar,191,101,17,2,311,0,0,0,0,0,191,101,17,2,311,0,0,0,311
01/23/2012,MKE,WI,AGL,CE,Combined TRACON& Tower with Radar,205,157,19,0,381,0,2,0,0,2,205,159,19,0,383,0,0,0,383
01/24/2012,MKE,WI,AGL,CE,Combined TRACON& Tower with Radar,195,180,25,8,408,0,2,4,6,12,195,182,29,14,420,0,0,0,420
01/25/2012,MKE,WI,AGL,CE,Combined TRACON& Tower with Radar,197,173,30,4,404,0,2,8,0,10,197,175,38,4,414,0,0,0,414
01/26/2012,MKE,WI,AGL,CE,Combined TRACON& Tower with Radar,205,177,29,6,417,0,0,0,0,0,205,177,29,6,417,0,0,0,417
01/27/2012,MKE,WI,AGL,CE,Combined TRACON& Tower with Radar,204,176,22,1,403,0,5,20,1,26,204,181,42,2,429,0,0,0,429
01/28/2012,MKE,WI,AGL,CE,Combined TRACON& Tower with Radar,191,87,9,0,287,0,4,12,0,16,191,91,21,0,303,0,0,0,303
01/29/2012,MKE,WI,AGL,CE,Combined TRACON& Tower with Radar,196,110,17,1,324,0,0,2,0,2,196,110,19,1,326,0,0,0,326
01/30/2012,MKE,WI,AGL,CE,Combined TRACON& Tower with Radar,204,158,29,1,392,0,2,8,0,10,204,160,37,1,402,0,0,0,402
01/31/2012,MKE,WI,AGL,CE,Combined TRACON& Tower with Radar,199,176,31,5,411,0,0,14,0,14,199,176,45,5,425,0,0,0,425
02/01/2012,MKE,WI,AGL,CE,Combined TRACON& Tower with Radar,197,166,24,4,391,0,3,8,2,13,197,169,32,6,404,0,0,0,404
02/02/2012,MKE,WI,AGL,CE,Combined TRACON& Tower with Radar,211,171,27,9,418,0,0,0,0,0,211,171,27,9,418,0,0,0,418
02/03/2012,MKE,WI,AGL,CE,Combined TRACON& Tower with Radar,205,164,26,12,407,0,0,0,0,0,205,164,26,12,407,0,0,0,407
02/04/2012,MKE,WI,AGL,CE,Combined TRACON& Tower with Radar,189,93,11,3,296,0,1,14,0,15,189,94,25,3,311,0,0,0,311
02/05/2012,MKE,WI,AGL,CE,Combined TRACON& Tower with Radar,191,106,12,4,313,0,2,8,0,10,191,108,20,4,323,0,0,0,323
02/06/2012,MKE,WI,AGL,CE,Combined TRACON& Tower with Radar,204,162,32,2,400,0,2,10,0,12,204,164,42,2,412,0,0,0,412
02/07/2012,MKE,WI,AGL,CE,Combined TRACON& Tower with Radar,194,166,37,8,405,0,2,7,0,9,194,168,44,8,414,0,0,0,414
02/08/2012,MKE,WI,AGL,CE,Combined TRACON& Tower with Radar,208,186,42,4,440,0,3,12,0,15,208,189,54,4,455,0,0,0,455
02/09/2012,MKE,WI,AGL,CE,Combined TRACON& Tower with Radar,207,171,42,8,428,0,0,18,0,18,207,171,60,8,446,0,0,0,446
02/10/2012,MKE,WI,AGL,CE,Combined TRACON& Tower with Radar,207,167,22,4,400,0,0,7,0,7,207,167,29,4,407,0,0,0,407
02/11/2012,MKE,WI,AGL,CE,Combined TRACON& Tower with Radar,192,97,18,0,307,0,0,2,0,2,192,97,20,0,309,0,0,0,309
02/12/2012,MKE,WI,AGL,CE,Combined TRACON& Tower with Radar,191,110,16,2,319,0,4,2,0,6,191,114,18,2,325,0,0,0,325
02/13/2012,MKE,WI,AGL,CE,Combined TRACON& Tower with Radar,203,159,29,1,392,0,0,8,1,9,203,159,37,2,401,0,0,0,401
02/14/2012,MKE,WI,AGL,CE,Combined TRACON& Tower with Radar,204,182,37,7,430,0,0,0,0,0,204,182,37,7,430,0,0,0,430
02/15/2012,MKE,WI,AGL,CE,Combined TRACON& Tower with Radar,213,176,29,7,425,0,0,10,1,11,213,176,39,8,436,0,0,0,436
02/16/2012,MKE,WI,AGL,CE,Combined TRACON& Tower with Radar,208,168,48,3,427,0,0,16,0,16,208,168,64,3,443,0,0,0,443
02/17/2012,MKE,WI,AGL,CE,Combined TRACON& Tower with Radar,211,182,47,1,441,0,0,9,0,9,211,182,56,1,450,0,0,0,450
02/18/2012,MKE,WI,AGL,CE,Combined TRACON& Tower with Radar,196,95,12,1,304,0,0,12,0,12,196,95,24,1,316,0,0,0,316
02/19/2012,MKE,WI,AGL,CE,Combined TRACON& Tower with Radar,179,115,20,3,317,0,0,5,0,5,179,115,25,3,322,0,0,0,322
02/20/2012,MKE,WI,AGL,CE,Combined TRACON& Tower with Radar,199,158,33,0,390,0,0,13,0,13,199,158,46,0,403,0,0,0,403
02/21/2012,MKE,WI,AGL,CE,Combined TRACON& Tower with Radar,198,179,47,4,428,0,0,0,0,0,198,179,47,4,428,0,0,0,428
02/22/2012,MKE,WI,AGL,CE,Combined TRACON& Tower with Radar,206,182,31,2,421,0,2,10,0,12,206,184,41,2,433,0,0,0,433
02/23/2012,MKE,WI,AGL,CE,Combined TRACON& Tower with Radar,207,175,39,7,428,0,0,0,0,0,207,175,39,7,428,0,0,0,428
02/24/2012,MKE,WI,AGL,CE,Combined TRACON& Tower with Radar,203,176,34,5,418,0,2,1,0,3,203,178,35,5,421,0,0,0,421
02/25/2012,MKE,WI,AGL,CE,Combined TRACON& Tower with Radar,197,91,13,6,307,0,2,14,0,16,197,93,27,6,323,0,0,0,323
02/26/2012,MKE,WI,AGL,CE,Combined TRACON& Tower with Radar,183,123,20,0,326,0,2,3,0,5,183,125,23,0,331,0,0,0,331
02/27/2012,MKE,WI,AGL,CE,Combined TRACON& Tower with Radar,200,153,34,0,387,0,3,15,0,18,200,156,49,0,405,0,0,0,405
02/28/2012,MKE,WI,AGL,CE,Combined TRACON& Tower with Radar,203,178,35,4,420,0,0,4,0,4,203,178,39,4,424,0,0,0,424
02/29/2012,MKE,WI,AGL,CE,Combined TRACON& Tower with Radar,210,172,33,2,417,0,0,1,0,1,210,172,34,2,418,0,0,0,418
03/01/2012,MKE,WI,AGL,CE,Combined TRACON& Tower with Radar,206,172,38,5,421,0,0,6,0,6,206,172,44,5,427,0,0,0,427
03/02/2012,MKE,WI,AGL,CE,Combined TRACON& Tower with Radar,179,144,35,2,360,0,2,0,0,2,179,146,35,2,362,0,0,0,362
03/03/2012,MKE,WI,AGL,CE,Combined TRACON& Tower with Radar,198,95,17,6,316,0,0,6,0,6,198,95,23,6,322,0,0,0,322
03/04/2012,MKE,WI,AGL,CE,Combined TRACON& Tower with Radar,197,116,11,5,329,0,0,0,0,0,197,116,11,5,329,0,0,0,329
03/05/2012,MKE,WI,AGL,CE,Combined TRACON& Tower with Radar,205,171,25,0,401,0,0,2,0,2,205,171,27,0,403,0,0,0,403
03/06/2012,MKE,WI,AGL,CE,Combined TRACON& Tower with Radar,197,187,29,3,416,0,0,11,0,11,197,187,40,3,427,0,0,0,427
03/07/2012,MKE,WI,AGL,CE,Combined TRACON& Tower with Radar,204,186,34,2,426,0,0,4,0,4,204,186,38,2,430,0,0,0,430
03/08/2012,MKE,WI,AGL,CE,Combined TRACON& Tower with Radar,210,177,34,6,427,0,0,10,0,10,210,177,44,6,437,0,0,0,437
03/09/2012,MKE,WI,AGL,CE,Combined TRACON& Tower with Radar,209,186,21,8,424,0,0,17,0,17,209,186,38,8,441,0,0,0,441
03/10/2012,MKE,WI,AGL,CE,Combined TRACON& Tower with Radar,199,101,13,1,314,0,5,4,0,9,199,106,17,1,323,0,0,0,323
03/11/2012,MKE,WI,AGL,CE,Combined TRACON& Tower with Radar,190,105,23,4,322,0,3,11,0,14,190,108,34,4,336,0,0,0,336
03/12/2012,MKE,WI,AGL,CE,Combined TRACON& Tower with Radar,206,157,36,4,403,0,0,3,0,3,206,157,39,4,406,0,0,0,406
03/13/2012,MKE,WI,AGL,CE,Combined TRACON& Tower with Radar,211,161,50,6,428,0,4,10,0,14,211,165,60,6,442,0,0,0,442
03/14/2012,MKE,WI,AGL,CE,Combined TRACON& Tower with Radar,209,163,29,4,405,0,3,11,0,14,209,166,40,4,419,0,0,0,419
03/15/2012,MKE,WI,AGL,CE,Combined TRACON& Tower with Radar,224,174,34,11,443,0,4,6,0,10,224,178,40,11,453,0,0,0,453
03/16/2012,MKE,WI,AGL,CE,Combined TRACON& Tower with Radar,215,177,33,6,431,0,3,12,0,15,215,180,45,6,446,0,0,0,446
03/17/2012,MKE,WI,AGL,CE,Combined TRACON& Tower with Radar,193,90,5,3,291,0,0,9,0,9,193,90,14,3,300,0,0,0,300
03/18/2012,MKE,WI,AGL,CE,Combined TRACON& Tower with Radar,201,102,12,0,315,0,4,14,0,18,201,106,26,0,333,0,0,0,333
03/19/2012,MKE,WI,AGL,CE,Combined TRACON& Tower with Radar,206,160,36,0,402,0,2,9,0,11,206,162,45,0,413,0,0,0,413
03/20/2012,MKE,WI,AGL,CE,Combined TRACON& Tower with Radar,208,175,33,6,422,0,4,16,2,22,208,179,49,8,444,0,0,0,444
03/21/2012,MKE,WI,AGL,CE,Combined TRACON& Tower with Radar,214,169,42,3,428,0,0,18,0,18,214,169,60,3,446,0,0,0,446
03/22/2012,MKE,WI,AGL,CE,Combined TRACON& Tower with Radar,224,171,33,5,433,0,6,18,0,24,224,177,51,5,457,0,0,0,457
03/23/2012,MKE,WI,AGL,CE,Combined TRACON& Tower with Radar,218,161,40,4,423,0,0,1,0,1,218,161,41,4,424,0,0,0,424
03/24/2012,MKE,WI,AGL,CE,Combined TRACON& Tower with Radar,194,92,12,0,298,0,0,0,0,0,194,92,12,0,298,0,0,0,298
03/25/2012,MKE,WI,AGL,CE,Combined TRACON& Tower with Radar,200,107,23,1,331,0,5,6,0,11,200,112,29,1,342,0,0,0,342
03/26/2012,MKE,WI,AGL,CE,Combined TRACON& Tower with Radar,208,157,27,0,392,0,0,10,5,15,208,157,37,5,407,0,0,0,407
03/27/2012,MKE,WI,AGL,CE,Combined TRACON& Tower with Radar,211,170,30,7,418,0,2,6,1,9,211,172,36,8,427,0,0,0,427
03/28/2012,MKE,WI,AGL,CE,Combined TRACON& Tower with Radar,209,175,28,4,416,0,3,17,6,26,209,178,45,10,442,0,0,0,442
03/29/2012,MKE,WI,AGL,CE,Combined TRACON& Tower with Radar,215,171,49,8,443,0,5,10,2,17,215,176,59,10,460,0,0,0,460
03/30/2012,MKE,WI,AGL,CE,Combined TRACON& Tower with Radar,212,180,17,12,421,0,0,0,0,0,212,180,17,12,421,0,0,0,421
03/31/2012,MKE,WI,AGL,CE,Combined TRACON& Tower with Radar,190,93,17,3,303,0,0,0,0,0,190,93,17,3,303,0,0,0,303
04/01/2012,MKE,WI,AGL,CE,Combined TRACON& Tower with Radar,199,107,17,4,327,0,2,3,0,5,199,109,20,4,332,0,0,0,332
04/02/2012,MKE,WI,AGL,CE,Combined TRACON& Tower with Radar,199,150,21,1,371,0,1,16,0,17,199,151,37,1,388,0,0,0,388
04/03/2012,MKE,WI,AGL,CE,Combined TRACON& Tower with Radar,202,150,31,9,392,0,5,14,0,19,202,155,45,9,411,0,0,0,411
04/04/2012,MKE,WI,AGL,CE,Combined TRACON& Tower with Radar,205,164,34,6,409,0,2,18,0,20,205,166,52,6,429,0,0,0,429
04/05/2012,MKE,WI,AGL,CE,Combined TRACON& Tower with Radar,235,180,48,4,467,0,11,23,0,34,235,191,71,4,501,0,0,0,501
04/06/2012,MKE,WI,AGL,CE,Combined TRACON& Tower with Radar,211,158,20,5,394,0,8,23,0,31,211,166,43,5,425,0,0,0,425
04/07/2012,MKE,WI,AGL,CE,Combined TRACON& Tower with Radar,183,85,12,0,280,0,0,20,0,20,183,85,32,0,300,0,0,0,300
04/08/2012,MKE,WI,AGL,CE,Combined TRACON& Tower with Radar,192,106,10,0,308,0,2,6,0,8,192,108,16,0,316,0,0,0,316
04/09/2012,MKE,WI,AGL,CE,Combined TRACON& Tower with Radar,210,143,31,0,384,0,4,11,0,15,210,147,42,0,399,0,0,0,399
04/10/2012,MKE,WI,AGL,CE,Combined TRACON& Tower with Radar,193,166,40,7,406,0,8,11,0,19,193,174,51,7,425,0,0,0,425
04/11/2012,MKE,WI,AGL,CE,Combined TRACON& Tower with Radar,208,165,38,9,420,0,4,15,0,19,208,169,53,9,439,0,0,0,439
04/12/2012,MKE,WI,AGL,CE,Combined TRACON& Tower with Radar,204,169,43,4,420,0,2,16,0,18,204,171,59,4,438,0,0,0,438
04/13/2012,MKE,WI,AGL,CE,Combined TRACON& Tower with Radar,215,154,20,4,393,0,2,9,0,11,215,156,29,4,404,0,0,0,404
04/14/2012,MKE,WI,AGL,CE,Combined TRACON& Tower with Radar,182,76,23,5,286,0,2,13,0,15,182,78,36,5,301,0,0,0,301
04/15/2012,MKE,WI,AGL,CE,Combined TRACON& Tower with Radar,193,102,22,2,319,0,0,8,0,8,193,102,30,2,327,0,0,0,327
04/16/2012,MKE,WI,AGL,CE,Combined TRACON& Tower with Radar,199,148,39,2,388,0,0,2,0,2,199,148,41,2,390,0,0,0,390
04/17/2012,MKE,WI,AGL,CE,Combined TRACON& Tower with Radar,183,162,43,6,394,0,2,24,0,26,183,164,67,6,420,0,0,0,420
04/18/2012,MKE,WI,AGL,CE,Combined TRACON& Tower with Radar,188,155,36,2,381,0,3,6,0,9,188,158,42,2,390,0,0,0,390
04/19/2012,MKE,WI,AGL,CE,Combined TRACON& Tower with Radar,214,187,49,6,456,0,2,3,0,5,214,189,52,6,461,0,0,0,461
04/20/2012,MKE,WI,AGL,CE,Combined TRACON& Tower with Radar,189,160,39,8,396,0,0,0,0,0,189,160,39,8,396,0,0,0,396
04/21/2012,MKE,WI,AGL,CE,Combined TRACON& Tower with Radar,163,74,9,0,246,0,4,13,0,17,163,78,22,0,263,0,0,0,263
04/22/2012,MKE,WI,AGL,CE,Combined TRACON& Tower with Radar,171,91,22,1,285,0,1,5,0,6,171,92,27,1,291,0,0,0,291
04/23/2012,MKE,WI,AGL,CE,Combined TRACON& Tower with Radar,185,145,41,29,400,0,1,9,0,10,185,146,50,29,410,0,0,0,410
04/24/2012,MKE,WI,AGL,CE,Combined TRACON& Tower with Radar,175,153,44,15,387,0,2,14,0,16,175,155,58,15,403,0,0,0,403
04/25/2012,MKE,WI,AGL,CE,Combined TRACON& Tower with Radar,195,151,49,12,407,0,2,4,0,6,195,153,53,12,413,0,0,0,413
04/26/2012,MKE,WI,AGL,CE,Combined TRACON& Tower with Radar,184,161,38,22,405,0,0,10,0,10,184,161,48,22,415,0,0,0,415
04/27/2012,MKE,WI,AGL,CE,Combined TRACON& Tower with Radar,193,147,43,28,411,0,4,16,0,20,193,151,59,28,431,0,0,0,431
04/28/2012,MKE,WI,AGL,CE,Combined TRACON& Tower with Radar,161,78,15,0,254,0,2,2,0,4,161,80,17,0,258,0,0,0,258
04/29/2012,MKE,WI,AGL,CE,Combined TRACON& Tower with Radar,171,85,19,0,275,0,0,13,0,13,171,85,32,0,288,0,0,0,288
04/30/2012,MKE,WI,AGL,CE,Combined TRACON& Tower with Radar,183,138,52,3,376,0,2,6,0,8,183,140,58,3,384,0,0,0,384
05/01/2012,MKE,WI,AGL,CE,Combined TRACON& Tower with Radar,177,161,43,9,390,0,0,3,0,3,177,161,46,9,393,0,0,0,393
05/02/2012,MKE,WI,AGL,CE,Combined TRACON& Tower with Radar,191,168,50,10,419,0,2,7,0,9,191,170,57,10,428,0,0,0,428
05/03/2012,MKE,WI,AGL,CE,Combined TRACON& Tower with Radar,190,154,38,10,392,0,2,9,0,11,190,156,47,10,403,0,0,0,403
05/04/2012,MKE,WI,AGL,CE,Combined TRACON& Tower with Radar,188,151,30,10,379,0,2,0,0,2,188,153,30,10,381,0,0,0,381
05/05/2012,MKE,WI,AGL,CE,Combined TRACON& Tower with Radar,153,87,17,4,261,0,3,0,0,3,153,90,17,4,264,0,0,0,264
05/06/2012,MKE,WI,AGL,CE,Combined TRACON& Tower with Radar,166,85,16,4,271,0,0,0,0,0,166,85,16,4,271,0,0,0,271
05/07/2012,MKE,WI,AGL,CE,Combined TRACON& Tower with Radar,197,148,53,1,399,0,4,3,0,7,197,152,56,1,406,0,0,0,406
05/08/2012,MKE,WI,AGL,CE,Combined TRACON& Tower with Radar,182,155,42,9,388,0,1,11,0,12,182,156,53,9,400,0,0,0,400
05/09/2012,MKE,WI,AGL,CE,Combined TRACON& Tower with Radar,185,179,54,8,426,0,2,9,0,11,185,181,63,8,437,0,0,0,437
05/10/2012,MKE,WI,AGL,CE,Combined TRACON& Tower with Radar,189,174,48,8,419,0,2,21,0,23,189,176,69,8,442,0,0,0,442
05/11/2012,MKE,WI,AGL,CE,Combined TRACON& Tower with Radar,187,165,33,7,392,0,10,17,2,29,187,175,50,9,421,0,0,0,421
05/12/2012,MKE,WI,AGL,CE,Combined TRACON& Tower with Radar,153,91,9,2,255,0,154,21,0,175,153,245,30,2,430,0,0,0,430
05/13/2012,MKE,WI,AGL,CE,Combined TRACON& Tower with Radar,174,110,16,3,303,0,195,28,1,224,174,305,44,4,527,0,0,0,527
05/14/2012,MKE,WI,AGL,CE,Combined TRACON& Tower with Radar,185,158,35,5,383,0,7,8,1,16,185,165,43,6,399,0,0,0,399
05/15/2012,MKE,WI,AGL,CE,Combined TRACON& Tower with Radar,183,161,43,6,393,0,1,10,0,11,183,162,53,6,404,0,0,0,404
05/16/2012,MKE,WI,AGL,CE,Combined TRACON& Tower with Radar,186,161,29,4,380,0,1,4,0,5,186,162,33,4,385,0,0,0,385
05/17/2012,MKE,WI,AGL,CE,Combined TRACON& Tower with Radar,186,174,41,3,404,0,2,11,0,13,186,176,52,3,417,16,0,16,433
05/18/2012,MKE,WI,AGL,CE,Combined TRACON& Tower with Radar,194,169,34,9,406,0,2,12,0,14,194,171,46,9,420,0,0,0,420
05/19/2012,MKE,WI,AGL,CE,Combined TRACON& Tower with Radar,153,89,14,1,257,0,0,8,0,8,153,89,22,1,265,0,0,0,265
05/20/2012,MKE,WI,AGL,CE,Combined TRACON& Tower with Radar,172,105,19,3,299,0,2,5,0,7,172,107,24,3,306,0,0,0,306
05/21/2012,MKE,WI,AGL,CE,Combined TRACON& Tower with Radar,183,158,32,1,374,0,3,5,0,8,183,161,37,1,382,0,0,0,382
05/22/2012,MKE,WI,AGL,CE,Combined TRACON& Tower with Radar,181,172,37,8,398,0,1,13,0,14,181,173,50,8,412,0,0,0,412
05/23/2012,MKE,WI,AGL,CE,Combined TRACON& Tower with Radar,189,176,41,5,411,0,5,9,0,14,189,181,50,5,425,0,0,0,425
05/24/2012,MKE,WI,AGL,CE,Combined TRACON& Tower with Radar,189,168,32,0,389,0,1,11,0,12,189,169,43,0,401,0,0,0,401
05/25/2012,MKE,WI,AGL,CE,Combined TRACON& Tower with Radar,188,162,43,3,396,0,4,21,0,25,188,166,64,3,421,0,0,0,421
05/26/2012,MKE,WI,AGL,CE,Combined TRACON& Tower with Radar,147,84,5,1,237,0,2,2,0,4,147,86,7,1,241,0,0,0,241
05/27/2012,MKE,WI,AGL,CE,Combined TRACON& Tower with Radar,157,78,11,5,251,0,2,10,4,16,157,80,21,9,267,0,0,0,267
05/28/2012,MKE,WI,AGL,CE,Combined TRACON& Tower with Radar,173,117,10,0,300,0,1,4,0,5,173,118,14,0,305,0,0,0,305
05/29/2012,MKE,WI,AGL,CE,Combined TRACON& Tower with Radar,171,165,48,4,388,0,0,11,0,11,171,165,59,4,399,0,0,0,399
05/30/2012,MKE,WI,AGL,CE,Combined TRACON& Tower with Radar,184,167,28,7,386,0,6,16,0,22,184,173,44,7,408,0,0,0,408
05/31/2012,MKE,WI,AGL,CE,Combined TRACON& Tower with Radar,190,173,38,6,407,0,2,6,0,8,190,175,44,6,415,0,0,0,415
06/01/2012,MKE,WI,AGL,CE,Combined TRACON& Tower with Radar,183,147,31,12,373,0,3,7,1,11,183,150,38,13,384,0,0,0,384
06/02/2012,MKE,WI,AGL,CE,Combined TRACON& Tower with Radar,165,92,24,8,289,0,2,23,0,25,165,94,47,8,314,0,0,0,314
06/03/2012,MKE,WI,AGL,CE,Combined TRACON& Tower with Radar,166,100,27,4,297,0,7,15,1,23,166,107,42,5,320,0,0,0,320
06/04/2012,MKE,WI,AGL,CE,Combined TRACON& Tower with Radar,182,130,35,2,349,0,0,16,0,16,182,130,51,2,365,0,0,0,365
06/05/2012,MKE,WI,AGL,CE,Combined TRACON& Tower with Radar,181,159,36,8,384,0,0,12,0,12,181,159,48,8,396,0,0,0,396
06/06/2012,MKE,WI,AGL,CE,Combined TRACON& Tower with Radar,186,146,36,6,374,0,0,12,4,16,186,146,48,10,390,0,0,0,390
06/07/2012,MKE,WI,AGL,CE,Combined TRACON& Tower with Radar,192,150,42,8,392,0,3,10,2,15,192,153,52,10,407,0,0,0,407
06/08/2012,MKE,WI,AGL,CE,Combined TRACON& Tower with Radar,191,144,50,6,391,0,5,14,0,19,191,149,64,6,410,0,0,0,410
06/09/2012,MKE,WI,AGL,CE,Combined TRACON& Tower with Radar,160,92,5,0,257,0,0,13,0,13,160,92,18,0,270,0,0,0,270
06/10/2012,MKE,WI,AGL,CE,Combined TRACON& Tower with Radar,167,96,17,1,281,0,0,17,0,17,167,96,34,1,298,0,0,0,298
06/11/2012,MKE,WI,AGL,CE,Combined TRACON& Tower with Radar,191,137,19,0,347,0,2,6,0,8,191,139,25,0,355,0,0,0,355
06/12/2012,MKE,WI,AGL,CE,Combined TRACON& Tower with Radar,193,159,35,9,396,0,2,13,1,16,193,161,48,10,412,0,0,0,412
06/13/2012,MKE,WI,AGL,CE,Combined TRACON& Tower with Radar,188,150,46,6,390,0,6,19,0,25,188,156,65,6,415,0,0,0,415
06/14/2012,MKE,WI,AGL,CE,Combined TRACON& Tower with Radar,192,143,51,10,396,0,1,27,0,28,192,144,78,10,424,0,0,0,424
06/15/2012,MKE,WI,AGL,CE,Combined TRACON& Tower with Radar,193,144,27,5,369,0,0,10,0,10,193,144,37,5,379,0,0,0,379
06/16/2012,MKE,WI,AGL,CE,Combined TRACON& Tower with Radar,166,93,29,7,295,0,4,3,0,7,166,97,32,7,302,0,0,0,302
06/17/2012,MKE,WI,AGL,CE,Combined TRACON& Tower with Radar,175,91,10,4,280,0,1,10,1,12,175,92,20,5,292,0,0,0,292
06/18/2012,MKE,WI,AGL,CE,Combined TRACON& Tower with Radar,186,133,65,1,385,0,4,0,7,11,186,137,65,8,396,0,0,0,396
06/19/2012,MKE,WI,AGL,CE,Combined TRACON& Tower with Radar,195,152,47,11,405,0,7,3,0,10,195,159,50,11,415,0,0,0,415
06/20/2012,MKE,WI,AGL,CE,Combined TRACON& Tower with Radar,193,147,48,6,394,0,4,12,0,16,193,151,60,6,410,0,0,0,410
06/21/2012,MKE,WI,AGL,CE,Combined TRACON& Tower with Radar,196,147,58,8,409,0,1,11,0,12,196,148,69,8,421,0,0,0,421
06/22/2012,MKE,WI,AGL,CE,Combined TRACON& Tower with Radar,185,136,48,5,374,0,5,10,3,18,185,141,58,8,392,0,0,0,392
06/23/2012,MKE,WI,AGL,CE,Combined TRACON& Tower with Radar,157,96,11,0,264,0,0,18,0,18,157,96,29,0,282,0,0,0,282
06/24/2012,MKE,WI,AGL,CE,Combined TRACON& Tower with Radar,168,104,17,0,289,0,2,14,0,16,168,106,31,0,305,0,0,0,305
06/25/2012,MKE,WI,AGL,CE,Combined TRACON& Tower with Radar,190,137,36,1,364,0,0,13,0,13,190,137,49,1,377,0,0,0,377
06/26/2012,MKE,WI,AGL,CE,Combined TRACON& Tower with Radar,191,152,56,5,404,0,5,18,1,24,191,157,74,6,428,0,0,0,428
06/27/2012,MKE,WI,AGL,CE,Combined TRACON& Tower with Radar,195,157,39,2,393,0,0,19,0,19,195,157,58,2,412,0,0,0,412
06/28/2012,MKE,WI,AGL,CE,Combined TRACON& Tower with Radar,202,147,47,4,400,0,0,13,0,13,202,147,60,4,413,0,0,0,413
06/29/2012,MKE,WI,AGL,CE,Combined TRACON& Tower with Radar,197,146,43,4,390,0,2,16,0,18,197,148,59,4,408,0,0,0,408
06/30/2012,MKE,WI,AGL,CE,Combined TRACON& Tower with Radar,161,94,11,4,270,0,4,5,0,9,161,98,16,4,279,0,0,0,279
07/01/2012,MKE,WI,AGL,CE,Combined TRACON& Tower with Radar,175,96,17,2,290,0,0,16,0,16,175,96,33,2,306,0,0,0,306
07/02/2012,MKE,WI,AGL,CE,Combined TRACON& Tower with Radar,178,116,24,2,320,0,2,14,0,16,178,118,38,2,336,0,0,0,336
07/03/2012,MKE,WI,AGL,CE,Combined TRACON& Tower with Radar,168,145,19,2,334,0,3,4,2,9,168,148,23,4,343,0,0,0,343
07/04/2012,MKE,WI,AGL,CE,Combined TRACON& Tower with Radar,155,87,5,0,247,0,0,10,0,10,155,87,15,0,257,0,0,0,257
07/05/2012,MKE,WI,AGL,CE,Combined TRACON& Tower with Radar,187,139,24,2,352,0,2,7,0,9,187,141,31,2,361,0,0,0,361
07/06/2012,MKE,WI,AGL,CE,Combined TRACON& Tower with Radar,177,130,22,7,336,0,4,25,2,31,177,134,47,9,367,0,0,0,367
07/07/2012,MKE,WI,AGL,CE,Combined TRACON& Tower with Radar,160,94,11,0,265,0,2,16,0,18,160,96,27,0,283,0,0,0,283
07/08/2012,MKE,WI,AGL,CE,Combined TRACON& Tower with Radar,175,99,26,3,303,0,0,9,0,9,175,99,35,3,312,0,0,0,312
07/09/2012,MKE,WI,AGL,CE,Combined TRACON& Tower with Radar,175,132,48,0,355,0,2,13,0,15,175,134,61,0,370,0,0,0,370
07/10/2012,MKE,WI,AGL,CE,Combined TRACON& Tower with Radar,194,146,45,8,393,0,4,19,4,27,194,150,64,12,420,0,0,0,420
07/11/2012,MKE,WI,AGL,CE,Combined TRACON& Tower with Radar,196,154,30,7,387,0,2,19,0,21,196,156,49,7,408,0,0,0,408
07/12/2012,MKE,WI,AGL,CE,Combined TRACON& Tower with Radar,199,143,41,7,390,0,0,14,0,14,199,143,55,7,404,0,0,0,404
07/13/2012,MKE,WI,AGL,CE,Combined TRACON& Tower with Radar,195,139,36,13,383,0,0,8,0,8,195,139,44,13,391,0,0,0,391
07/14/2012,MKE,WI,AGL,CE,Combined TRACON& Tower with Radar,161,96,27,5,289,0,2,12,2,16,161,98,39,7,305,0,0,0,305
07/15/2012,MKE,WI,AGL,CE,Combined TRACON& Tower with Radar,185,101,22,5,313,0,5,19,0,24,185,106,41,5,337,0,0,0,337
07/16/2012,MKE,WI,AGL,CE,Combined TRACON& Tower with Radar,193,133,39,0,365,0,5,17,0,22,193,138,56,0,387,0,0,0,387
07/17/2012,MKE,WI,AGL,CE,Combined TRACON& Tower with Radar,194,152,66,4,416,0,1,10,0,11,194,153,76,4,427,0,0,0,427
07/18/2012,MKE,WI,AGL,CE,Combined TRACON& Tower with Radar,183,145,48,7,383,0,0,7,0,7,183,145,55,7,390,0,0,0,390
07/19/2012,MKE,WI,AGL,CE,Combined TRACON& Tower with Radar,204,156,63,11,434,0,0,1,0,1,204,156,64,11,435,0,0,0,435
07/20/2012,MKE,WI,AGL,CE,Combined TRACON& Tower with Radar,191,141,43,11,386,0,2,30,6,38,191,143,73,17,424,0,0,0,424
07/21/2012,MKE,WI,AGL,CE,Combined TRACON& Tower with Radar,161,95,26,5,287,0,3,30,0,33,161,98,56,5,320,0,0,0,320
07/22/2012,MKE,WI,AGL,CE,Combined TRACON& Tower with Radar,177,101,28,2,308,0,0,24,2,26,177,101,52,4,334,0,0,0,334
07/23/2012,MKE,WI,AGL,CE,Combined TRACON& Tower with Radar,190,144,32,0,366,0,3,14,0,17,190,147,46,0,383,0,0,0,383
07/24/2012,MKE,WI,AGL,CE,Combined TRACON& Tower with Radar,197,146,62,7,412,0,4,5,0,9,197,150,67,7,421,8,0,8,429
07/25/2012,MKE,WI,AGL,CE,Combined TRACON& Tower with Radar,198,152,40,6,396,0,4,26,0,30,198,156,66,6,426,0,0,0,426
07/26/2012,MKE,WI,AGL,CE,Combined TRACON& Tower with Radar,191,149,46,9,395,0,6,13,2,21,191,155,59,11,416,0,0,0,416
07/27/2012,MKE,WI,AGL,CE,Combined TRACON& Tower with Radar,193,145,39,4,381,1,3,19,0,23,194,148,58,4,404,0,0,0,404
07/28/2012,MKE,WI,AGL,CE,Combined TRACON& Tower with Radar,160,91,17,3,271,0,3,26,0,29,160,94,43,3,300,0,0,0,300
07/29/2012,MKE,WI,AGL,CE,Combined TRACON& Tower with Radar,188,102,24,2,316,0,2,17,0,19,188,104,41,2,335,0,0,0,335
07/30/2012,MKE,WI,AGL,CE,Combined TRACON& Tower with Radar,191,128,42,2,363,0,1,22,0,23,191,129,64,2,386,0,0,0,386
07/31/2012,MKE,WI,AGL,CE,Combined TRACON& Tower with Radar,193,144,53,10,400,0,6,25,2,33,193,150,78,12,433,0,0,0,433
08/01/2012,MKE,WI,AGL,CE,Combined TRACON& Tower with Radar,196,149,44,5,394,0,3,22,3,28,196,152,66,8,422,0,0,0,422
08/02/2012,MKE,WI,AGL,CE,Combined TRACON& Tower with Radar,200,150,55,6,411,0,4,6,0,10,200,154,61,6,421,0,0,0,421
08/03/2012,MKE,WI,AGL,CE,Combined TRACON& Tower with Radar,189,152,28,9,378,0,6,18,3,27,189,158,46,12,405,0,0,0,405
08/04/2012,MKE,WI,AGL,CE,Combined TRACON& Tower with Radar,166,91,9,5,271,0,2,2,1,5,166,93,11,6,276,0,0,0,276
08/05/2012,MKE,WI,AGL,CE,Combined TRACON& Tower with Radar,174,99,28,5,306,0,8,14,19,41,174,107,42,24,347,0,0,0,347
08/06/2012,MKE,WI,AGL,CE,Combined TRACON& Tower with Radar,191,134,54,0,379,0,0,36,0,36,191,134,90,0,415,0,0,0,415
08/07/2012,MKE,WI,AGL,CE,Combined TRACON& Tower with Radar,197,155,66,6,424,0,5,11,0,16,197,160,77,6,440,18,0,18,458
08/08/2012,MKE,WI,AGL,CE,Combined TRACON& Tower with Radar,196,159,62,5,422,0,0,19,2,21,196,159,81,7,443,0,0,0,443
08/09/2012,MKE,WI,AGL,CE,Combined TRACON& Tower with Radar,189,144,43,10,386,0,0,5,0,5,189,144,48,10,391,0,0,0,391
08/10/2012,MKE,WI,AGL,CE,Combined TRACON& Tower with Radar,191,142,37,7,377,0,2,41,3,46,191,144,78,10,423,32,0,32,455
08/11/2012,MKE,WI,AGL,CE,Combined TRACON& Tower with Radar,168,96,13,1,278,0,5,32,19,56,168,101,45,20,334,0,0,0,334
08/12/2012,MKE,WI,AGL,CE,Combined TRACON& Tower with Radar,164,97,22,3,286,0,3,33,12,48,164,100,55,15,334,0,0,0,334
08/13/2012,MKE,WI,AGL,CE,Combined TRACON& Tower with Radar,179,138,33,7,357,0,4,6,0,10,179,142,39,7,367,0,0,0,367
08/14/2012,MKE,WI,AGL,CE,Combined TRACON& Tower with Radar,179,150,48,2,379,0,6,16,8,30,179,156,64,10,409,0,0,0,409
08/15/2012,MKE,WI,AGL,CE,Combined TRACON& Tower with Radar,186,151,34,6,377,0,1,6,0,7,186,152,40,6,384,0,0,0,384
08/16/2012,MKE,WI,AGL,CE,Combined TRACON& Tower with Radar,188,144,50,9,391,0,2,2,0,4,188,146,52,9,395,0,0,0,395
08/17/2012,MKE,WI,AGL,CE,Combined TRACON& Tower with Radar,182,139,34,4,359,0,2,7,0,9,182,141,41,4,368,0,0,0,368
08/18/2012,MKE,WI,AGL,CE,Combined TRACON& Tower with Radar,147,84,23,3,257,0,0,8,0,8,147,84,31,3,265,0,0,0,265
08/19/2012,MKE,WI,AGL,CE,Combined TRACON& Tower with Radar,162,93,27,1,283,0,12,8,0,20,162,105,35,1,303,0,0,0,303
08/20/2012,MKE,WI,AGL,CE,Combined TRACON& Tower with Radar,177,134,43,1,355,0,1,9,0,10,177,135,52,1,365,0,0,0,365
08/21/2012,MKE,WI,AGL,CE,Combined TRACON& Tower with Radar,183,154,43,8,388,0,0,14,0,14,183,154,57,8,402,12,0,12,414
08/22/2012,MKE,WI,AGL,CE,Combined TRACON& Tower with Radar,187,146,54,9,396,0,5,15,0,20,187,151,69,9,416,0,0,0,416
08/23/2012,MKE,WI,AGL,CE,Combined TRACON& Tower with Radar,185,154,55,9,403,0,0,6,0,6,185,154,61,9,409,0,0,0,409
08/24/2012,MKE,WI,AGL,CE,Combined TRACON& Tower with Radar,186,138,27,5,356,0,2,9,5,16,186,140,36,10,372,0,0,0,372
08/25/2012,MKE,WI,AGL,CE,Combined TRACON& Tower with Radar,148,78,11,0,237,0,1,13,0,14,148,79,24,0,251,0,0,0,251
08/26/2012,MKE,WI,AGL,CE,Combined TRACON& Tower with Radar,161,92,11,2,266,0,0,2,0,2,161,92,13,2,268,0,0,0,268
08/27/2012,MKE,WI,AGL,CE,Combined TRACON& Tower with Radar,176,126,40,1,343,0,8,8,3,19,176,134,48,4,362,0,0,0,362
08/28/2012,MKE,WI,AGL,CE,Combined TRACON& Tower with Radar,182,144,47,12,385,0,3,15,0,18,182,147,62,12,403,0,0,0,403
08/29/2012,MKE,WI,AGL,CE,Combined TRACON& Tower with Radar,181,151,50,7,389,0,11,9,0,20,181,162,59,7,409,0,0,0,409
08/30/2012,MKE,WI,AGL,CE,Combined TRACON& Tower with Radar,186,149,40,5,380,0,0,5,0,5,186,149,45,5,385,0,0,0,385
08/31/2012,MKE,WI,AGL,CE,Combined TRACON& Tower with Radar,180,151,30,1,362,0,6,29,0,35,180,157,59,1,397,0,0,0,397
09/01/2012,MKE,WI,AGL,CE,Combined TRACON& Tower with Radar,136,82,10,0,228,0,2,76,0,78,136,84,86,0,306,0,0,0,306
09/02/2012,MKE,WI,AGL,CE,Combined TRACON& Tower with Radar,144,58,8,2,212,0,2,61,0,63,144,60,69,2,275,0,0,0,275
09/03/2012,MKE,WI,AGL,CE,Combined TRACON& Tower with Radar,165,97,14,8,284,0,2,15,0,17,165,99,29,8,301,0,0,0,301
09/04/2012,MKE,WI,AGL,CE,Combined TRACON& Tower with Radar,173,117,46,2,338,0,1,7,4,12,173,118,53,6,350,0,0,0,350
09/05/2012,MKE,WI,AGL,CE,Combined TRACON& Tower with Radar,182,153,32,3,370,0,0,4,8,12,182,153,36,11,382,0,0,0,382
09/06/2012,MKE,WI,AGL,CE,Combined TRACON& Tower with Radar,182,149,32,6,369,0,0,19,0,19,182,149,51,6,388,0,0,0,388
09/07/2012,MKE,WI,AGL,CE,Combined TRACON& Tower with Radar,182,153,41,10,386,0,2,2,0,4,182,155,43,10,390,0,0,0,390
09/08/2012,MKE,WI,AGL,CE,Combined TRACON& Tower with Radar,136,84,21,6,247,0,2,11,0,13,136,86,32,6,260,0,0,0,260
09/09/2012,MKE,WI,AGL,CE,Combined TRACON& Tower with Radar,159,100,28,4,291,0,0,8,0,8,159,100,36,4,299,0,0,0,299
09/10/2012,MKE,WI,AGL,CE,Combined TRACON& Tower with Radar,175,130,33,5,343,0,2,16,0,18,175,132,49,5,361,0,0,0,361
09/11/2012,MKE,WI,AGL,CE,Combined TRACON& Tower with Radar,167,151,39,12,369,0,3,8,0,11,167,154,47,12,380,0,0,0,380
09/12/2012,MKE,WI,AGL,CE,Combined TRACON& Tower with Radar,177,147,60,4,388,0,0,36,0,36,177,147,96,4,424,0,0,0,424
09/13/2012,MKE,WI,AGL,CE,Combined TRACON& Tower with Radar,188,154,56,2,400,0,2,9,0,11,188,156,65,2,411,0,0,0,411
09/14/2012,MKE,WI,AGL,CE,Combined TRACON& Tower with Radar,180,148,48,1,377,0,2,18,0,20,180,150,66,1,397,0,0,0,397
09/15/2012,MKE,WI,AGL,CE,Combined TRACON& Tower with Radar,138,74,10,1,223,0,7,14,0,21,138,81,24,1,244,7,0,7,251
09/16/2012,MKE,WI,AGL,CE,Combined TRACON& Tower with Radar,155,90,12,0,257,0,0,6,0,6,155,90,18,0,263,0,0,0,263
09/17/2012,MKE,WI,AGL,CE,Combined TRACON& Tower with Radar,185,125,36,1,347,0,0,3,0,3,185,125,39,1,350,0,0,0,350
09/18/2012,MKE,WI,AGL,CE,Combined TRACON& Tower with Radar,163,144,54,6,367,0,5,9,0,14,163,149,63,6,381,0,0,0,381
09/19/2012,MKE,WI,AGL,CE,Combined TRACON& Tower with Radar,178,148,38,6,370,0,1,14,2,17,178,149,52,8,387,0,0,0,387
09/20/2012,MKE,WI,AGL,CE,Combined TRACON& Tower with Radar,181,152,40,8,381,0,0,17,0,17,181,152,57,8,398,0,0,0,398
09/21/2012,MKE,WI,AGL,CE,Combined TRACON& Tower with Radar,180,148,27,5,360,0,0,6,0,6,180,148,33,5,366,0,0,0,366
09/22/2012,MKE,WI,AGL,CE,Combined TRACON& Tower with Radar,137,72,8,1,218,0,5,7,1,13,137,77,15,2,231,0,0,0,231
09/23/2012,MKE,WI,AGL,CE,Combined TRACON& Tower with Radar,156,93,25,4,278,0,2,10,1,13,156,95,35,5,291,8,0,8,299
09/24/2012,MKE,WI,AGL,CE,Combined TRACON& Tower with Radar,173,124,41,1,339,0,4,22,0,26,173,128,63,1,365,0,0,0,365
09/25/2012,MKE,WI,AGL,CE,Combined TRACON& Tower with Radar,170,137,47,6,360,0,8,16,0,24,170,145,63,6,384,0,0,0,384
09/26/2012,MKE,WI,AGL,CE,Combined TRACON& Tower with Radar,175,147,42,2,366,0,0,19,0,19,175,147,61,2,385,0,0,0,385
09/27/2012,MKE,WI,AGL,CE,Combined TRACON& Tower with Radar,187,150,47,2,386,0,0,13,0,13,187,150,60,2,399,0,0,0,399
09/28/2012,MKE,WI,AGL,CE,Combined TRACON& Tower with Radar,183,142,39,2,366,0,3,19,0,22,183,145,58,2,388,0,0,0,388
09/29/2012,MKE,WI,AGL,CE,Combined TRACON& Tower with Radar,133,77,12,0,222,0,0,10,0,10,133,77,22,0,232,0,0,0,232
09/30/2012,MKE,WI,AGL,CE,Combined TRACON& Tower with Radar,157,94,23,0,274,0,1,9,2,12,157,95,32,2,286,0,0,0,286
10/01/2012,MKE,WI,AGL,CE,Combined TRACON& Tower with Radar,175,130,31,1,337,0,3,17,0,20,175,133,48,1,357,0,0,0,357
10/02/2012,MKE,WI,AGL,CE,Combined TRACON& Tower with Radar,178,147,50,14,389,0,0,13,0,13,178,147,63,14,402,0,0,0,402
10/03/2012,MKE,WI,AGL,CE,Combined TRACON& Tower with Radar,187,156,58,3,404,0,0,7,0,7,187,156,65,3,411,0,0,0,411
10/04/2012,MKE,WI,AGL,CE,Combined TRACON& Tower with Radar,185,148,60,5,398,0,4,11,0,15,185,152,71,5,413,0,0,0,413
10/05/2012,MKE,WI,AGL,CE,Combined TRACON& Tower with Radar,180,154,29,0,363,0,3,4,0,7,180,157,33,0,370,0,0,0,370
10/06/2012,MKE,WI,AGL,CE,Combined TRACON& Tower with Radar,136,87,15,3,241,0,1,7,0,8,136,88,22,3,249,0,0,0,249
10/07/2012,MKE,WI,AGL,CE,Combined TRACON& Tower with Radar,155,100,18,1,274,0,0,2,0,2,155,100,20,1,276,0,0,0,276
10/08/2012,MKE,WI,AGL,CE,Combined TRACON& Tower with Radar,175,133,28,3,339,0,0,8,0,8,175,133,36,3,347,0,0,0,347
10/09/2012,MKE,WI,AGL,CE,Combined TRACON& Tower with Radar,179,144,52,4,379,0,0,4,0,4,179,144,56,4,383,0,0,0,383
10/10/2012,MKE,WI,AGL,CE,Combined TRACON& Tower with Radar,180,152,46,4,382,0,0,13,0,13,180,152,59,4,395,5,0,5,400
10/11/2012,MKE,WI,AGL,CE,Combined TRACON& Tower with Radar,184,151,48,0,383,0,0,2,0,2,184,151,50,0,385,0,0,0,385
10/12/2012,MKE,WI,AGL,CE,Combined TRACON& Tower with Radar,178,151,33,8,370,0,2,13,0,15,178,153,46,8,385,0,0,0,385
10/13/2012,MKE,WI,AGL,CE,Combined TRACON& Tower with Radar,135,91,22,1,249,0,0,0,0,0,135,91,22,1,249,0,0,0,249
10/14/2012,MKE,WI,AGL,CE,Combined TRACON& Tower with Radar,169,104,21,4,298,0,0,0,0,0,169,104,21,4,298,0,0,0,298
10/15/2012,MKE,WI,AGL,CE,Combined TRACON& Tower with Radar,177,127,19,0,323,0,4,11,0,15,177,131,30,0,338,0,0,0,338
10/16/2012,MKE,WI,AGL,CE,Combined TRACON& Tower with Radar,177,143,30,12,362,0,2,5,0,7,177,145,35,12,369,0,0,0,369
10/17/2012,MKE,WI,AGL,CE,Combined TRACON& Tower with Radar,180,151,40,6,377,0,2,10,0,12,180,153,50,6,389,0,0,0,389
10/18/2012,MKE,WI,AGL,CE,Combined TRACON& Tower with Radar,184,157,47,5,393,0,0,10,0,10,184,157,57,5,403,0,0,0,403
10/19/2012,MKE,WI,AGL,CE,Combined TRACON& Tower with Radar,181,144,45,6,376,0,0,3,0,3,181,144,48,6,379,0,0,0,379
10/20/2012,MKE,WI,AGL,CE,Combined TRACON& Tower with Radar,139,89,16,1,245,0,2,4,0,6,139,91,20,1,251,0,0,0,251
10/21/2012,MKE,WI,AGL,CE,Combined TRACON& Tower with Radar,159,91,16,3,269,0,5,11,0,16,159,96,27,3,285,0,0,0,285
10/22/2012,MKE,WI,AGL,CE,Combined TRACON& Tower with Radar,178,124,35,1,338,0,0,4,0,4,178,124,39,1,342,0,0,0,342
10/23/2012,MKE,WI,AGL,CE,Combined TRACON& Tower with Radar,176,131,31,6,344,0,0,0,0,0,176,131,31,6,344,0,0,0,344
10/24/2012,MKE,WI,AGL,CE,Combined TRACON& Tower with Radar,185,150,47,10,392,0,0,10,0,10,185,150,57,10,402,0,0,0,402
10/25/2012,MKE,WI,AGL,CE,Combined TRACON& Tower with Radar,186,159,29,5,379,0,0,4,0,4,186,159,33,5,383,0,0,0,383
10/26/2012,MKE,WI,AGL,CE,Combined TRACON& Tower with Radar,180,146,30,8,364,0,0,22,0,22,180,146,52,8,386,0,0,0,386
10/27/2012,MKE,WI,AGL,CE,Combined TRACON& Tower with Radar,138,88,15,0,241,0,2,12,0,14,138,90,27,0,255,0,0,0,255
10/28/2012,MKE,WI,AGL,CE,Combined TRACON& Tower with Radar,153,83,22,1,259,0,1,8,0,9,153,84,30,1,268,0,0,0,268
10/29/2012,MKE,WI,AGL,CE,Combined TRACON& Tower with Radar,128,110,36,5,279,0,1,11,0,12,128,111,47,5,291,0,0,0,291
10/30/2012,MKE,WI,AGL,CE,Combined TRACON& Tower with Radar,133,114,36,3,286,0,2,5,0,7,133,116,41,3,293,9,0,9,302
10/31/2012,MKE,WI,AGL,CE,Combined TRACON& Tower with Radar,149,129,34,6,318,0,0,7,1,8,149,129,41,7,326,0,0,0,326
11/01/2012,MKE,WI,AGL,CE,Combined TRACON& Tower with Radar,177,154,55,11,397,0,6,7,1,14,177,160,62,12,411,0,0,0,411
11/02/2012,MKE,WI,AGL,CE,Combined TRACON& Tower with Radar,179,138,35,13,365,0,0,14,0,14,179,138,49,13,379,0,0,0,379
11/03/2012,MKE,WI,AGL,CE,Combined TRACON& Tower with Radar,140,83,11,0,234,0,3,9,1,13,140,86,20,1,247,12,0,12,259
11/04/2012,MKE,WI,AGL,CE,Combined TRACON& Tower with Radar,152,91,28,11,282,0,2,8,1,11,152,93,36,12,293,0,0,0,293
11/05/2012,MKE,WI,AGL,CE,Combined TRACON& Tower with Radar,173,140,39,1,353,0,1,4,0,5,173,141,43,1,358,0,0,0,358
11/06/2012,MKE,WI,AGL,CE,Combined TRACON& Tower with Radar,152,135,31,6,324,0,0,3,0,3,152,135,34,6,327,0,0,0,327
11/07/2012,MKE,WI,AGL,CE,Combined TRACON& Tower with Radar,169,138,35,5,347,0,0,2,0,2,169,138,37,5,349,0,0,0,349
11/08/2012,MKE,WI,AGL,CE,Combined TRACON& Tower with Radar,185,143,22,7,357,0,2,7,0,9,185,145,29,7,366,0,0,0,366
11/09/2012,MKE,WI,AGL,CE,Combined TRACON& Tower with Radar,183,146,20,0,349,0,0,5,0,5,183,146,25,0,354,0,0,0,354
11/10/2012,MKE,WI,AGL,CE,Combined TRACON& Tower with Radar,132,81,13,0,226,0,0,3,0,3,132,81,16,0,229,0,0,0,229
11/11/2012,MKE,WI,AGL,CE,Combined TRACON& Tower with Radar,154,84,9,0,247,0,2,0,0,2,154,86,9,0,249,0,0,0,249
11/12/2012,MKE,WI,AGL,CE,Combined TRACON& Tower with Radar,179,128,32,0,339,0,1,9,0,10,179,129,41,0,349,0,0,0,349
11/13/2012,MKE,WI,AGL,CE,Combined TRACON& Tower with Radar,170,154,47,9,380,0,1,7,0,8,170,155,54,9,388,0,0,0,388
11/14/2012,MKE,WI,AGL,CE,Combined TRACON& Tower with Radar,180,157,20,6,363,0,0,12,0,12,180,157,32,6,375,0,0,0,375
11/15/2012,MKE,WI,AGL,CE,Combined TRACON& Tower with Radar,182,152,47,4,385,0,0,5,0,5,182,152,52,4,390,0,0,0,390
11/16/2012,MKE,WI,AGL,CE,Combined TRACON& Tower with Radar,187,139,36,4,366,0,1,8,0,9,187,140,44,4,375,0,0,0,375
11/17/2012,MKE,WI,AGL,CE,Combined TRACON& Tower with Radar,136,74,7,1,218,0,3,13,0,16,136,77,20,1,234,0,0,0,234
11/18/2012,MKE,WI,AGL,CE,Combined TRACON& Tower with Radar,163,82,17,3,265,0,0,22,0,22,163,82,39,3,287,0,0,0,287
11/19/2012,MKE,WI,AGL,CE,Combined TRACON& Tower with Radar,169,122,24,1,316,0,0,9,0,9,169,122,33,1,325,0,0,0,325
11/20/2012,MKE,WI,AGL,CE,Combined TRACON& Tower with Radar,183,149,32,6,370,0,2,4,0,6,183,151,36,6,376,0,0,0,376
11/21/2012,MKE,WI,AGL,CE,Combined TRACON& Tower with Radar,188,141,24,3,356,0,2,12,0,14,188,143,36,3,370,0,0,0,370
11/22/2012,MKE,WI,AGL,CE,Combined TRACON& Tower with Radar,111,58,3,0,172,0,4,4,0,8,111,62,7,0,180,0,0,0,180
11/23/2012,MKE,WI,AGL,CE,Combined TRACON& Tower with Radar,123,96,6,0,225,0,0,0,0,0,123,96,6,0,225,0,0,0,225
11/24/2012,MKE,WI,AGL,CE,Combined TRACON& Tower with Radar,143,91,6,0,240,0,15,8,0,23,143,106,14,0,263,0,0,0,263
11/25/2012,MKE,WI,AGL,CE,Combined TRACON& Tower with Radar,183,93,17,0,293,0,2,3,0,5,183,95,20,0,298,0,0,0,298
11/26/2012,MKE,WI,AGL,CE,Combined TRACON& Tower with Radar,181,136,23,1,341,0,3,2,0,5,181,139,25,1,346,0,0,0,346
11/27/2012,MKE,WI,AGL,CE,Combined TRACON& Tower with Radar,174,151,32,7,364,0,3,9,0,12,174,154,41,7,376,0,0,0,376
11/28/2012,MKE,WI,AGL,CE,Combined TRACON& Tower with Radar,180,155,35,10,380,0,4,13,0,17,180,159,48,10,397,0,0,0,397
11/29/2012,MKE,WI,AGL,CE,Combined TRACON& Tower with Radar,185,158,31,2,376,0,3,6,0,9,185,161,37,2,385,0,0,0,385
11/30/2012,MKE,WI,AGL,CE,Combined TRACON& Tower with Radar,179,139,21,8,347,0,2,1,0,3,179,141,22,8,350,0,0,0,350
12/01/2012,MKE,WI,AGL,CE,Combined TRACON& Tower with Radar,131,74,11,1,217,0,0,0,0,0,131,74,11,1,217,0,0,0,217
12/02/2012,MKE,WI,AGL,CE,Combined TRACON& Tower with Radar,154,90,25,5,274,0,0,6,0,6,154,90,31,5,280,0,0,0,280
12/03/2012,MKE,WI,AGL,CE,Combined TRACON& Tower with Radar,179,128,32,1,340,0,0,0,0,0,179,128,32,1,340,0,0,0,340
12/04/2012,MKE,WI,AGL,CE,Combined TRACON& Tower with Radar,169,153,41,4,367,0,6,1,0,7,169,159,42,4,374,0,0,0,374
12/05/2012,MKE,WI,AGL,CE,Combined TRACON& Tower with Radar,179,146,47,4,376,0,0,2,0,2,179,146,49,4,378,0,0,0,378
12/06/2012,MKE,WI,AGL,CE,Combined TRACON& Tower with Radar,188,149,36,16,389,0,0,12,0,12,188,149,48,16,401,0,0,0,401
12/07/2012,MKE,WI,AGL,CE,Combined TRACON& Tower with Radar,181,135,40,12,368,0,0,10,0,10,181,135,50,12,378,0,0,0,378
12/08/2012,MKE,WI,AGL,CE,Combined TRACON& Tower with Radar,127,72,9,0,208,0,0,2,0,2,127,72,11,0,210,0,0,0,210
12/09/2012,MKE,WI,AGL,CE,Combined TRACON& Tower with Radar,151,75,15,2,243,0,0,0,0,0,151,75,15,2,243,0,0,0,243
12/10/2012,MKE,WI,AGL,CE,Combined TRACON& Tower with Radar,174,136,32,0,342,0,12,0,0,12,174,148,32,0,354,0,0,0,354
12/11/2012,MKE,WI,AGL,CE,Combined TRACON& Tower with Radar,174,158,37,6,375,0,1,11,0,12,174,159,48,6,387,0,0,0,387
12/12/2012,MKE,WI,AGL,CE,Combined TRACON& Tower with Radar,180,150,40,12,382,0,1,9,0,10,180,151,49,12,392,0,0,0,392
12/13/2012,MKE,WI,AGL,CE,Combined TRACON& Tower with Radar,184,151,47,6,388,0,2,8,0,10,184,153,55,6,398,0,0,0,398
12/14/2012,MKE,WI,AGL,CE,Combined TRACON& Tower with Radar,185,140,34,3,362,0,0,12,0,12,185,140,46,3,374,0,0,0,374
12/15/2012,MKE,WI,AGL,CE,Combined TRACON& Tower with Radar,129,72,11,1,213,0,0,0,0,0,129,72,11,1,213,0,0,0,213
12/16/2012,MKE,WI,AGL,CE,Combined TRACON& Tower with Radar,154,82,10,0,246,0,0,1,0,1,154,82,11,0,247,0,0,0,247
12/17/2012,MKE,WI,AGL,CE,Combined TRACON& Tower with Radar,174,124,33,0,331,0,0,2,0,2,174,124,35,0,333,0,0,0,333
12/18/2012,MKE,WI,AGL,CE,Combined TRACON& Tower with Radar,177,140,43,10,370,0,0,0,0,0,177,140,43,10,370,0,0,0,370
12/19/2012,MKE,WI,AGL,CE,Combined TRACON& Tower with Radar,184,145,43,6,378,0,0,1,0,1,184,145,44,6,379,0,0,0,379
12/20/2012,MKE,WI,AGL,CE,Combined TRACON& Tower with Radar,145,84,16,0,245,0,0,0,0,0,145,84,16,0,245,0,0,0,245
12/21/2012,MKE,WI,AGL,CE,Combined TRACON& Tower with Radar,177,122,33,0,332,0,0,1,0,1,177,122,34,0,333,0,0,0,333
12/22/2012,MKE,WI,AGL,CE,Combined TRACON& Tower with Radar,158,99,11,0,268,0,0,13,0,13,158,99,24,0,281,8,0,8,289
12/23/2012,MKE,WI,AGL,CE,Combined TRACON& Tower with Radar,163,72,7,0,242,0,3,0,0,3,163,75,7,0,245,0,0,0,245
12/24/2012,MKE,WI,AGL,CE,Combined TRACON& Tower with Radar,145,92,8,0,245,0,2,2,0,4,145,94,10,0,249,0,0,0,249
12/25/2012,MKE,WI,AGL,CE,Combined TRACON& Tower with Radar,125,76,1,0,202,0,2,0,0,2,125,78,1,0,204,0,0,0,204
12/26/2012,MKE,WI,AGL,CE,Combined TRACON& Tower with Radar,177,130,24,1,332,0,2,2,0,4,177,132,26,1,336,0,0,0,336
12/27/2012,MKE,WI,AGL,CE,Combined TRACON& Tower with Radar,184,133,15,9,341,0,10,5,0,15,184,143,20,9,356,0,0,0,356
12/28/2012,MKE,WI,AGL,CE,Combined TRACON& Tower with Radar,174,135,21,0,330,0,0,0,0,0,174,135,21,0,330,0,0,0,330
12/29/2012,MKE,WI,AGL,CE,Combined TRACON& Tower with Radar,124,86,7,0,217,0,0,0,0,0,124,86,7,0,217,0,0,0,217
12/30/2012,MKE,WI,AGL,CE,Combined TRACON& Tower with Radar,160,75,11,1,247,0,0,10,0,10,160,75,21,1,257,0,0,0,257
12/31/2012,MKE,WI,AGL,CE,Combined TRACON& Tower with Radar,146,100,10,0,256,0,2,1,0,3,146,102,11,0,259,0,0,0,259
01/01/2013,MKE,WI,AGL,CE,Combined TRACON& Tower with Radar,133,83,9,0,225,0,6,2,0,8,133,89,11,0,233,0,0,0,233
01/02/2013,MKE,WI,AGL,CE,Combined TRACON& Tower with Radar,179,142,33,4,358,0,1,4,1,6,179,143,37,5,364,0,0,0,364
01/03/2013,MKE,WI,AGL,CE,Combined TRACON& Tower with Radar,174,137,24,6,341,0,2,1,0,3,174,139,25,6,344,0,0,0,344
01/04/2013,MKE,WI,AGL,CE,Combined TRACON& Tower with Radar,172,134,16,9,331,0,0,11,0,11,172,134,27,9,342,0,0,0,342
01/05/2013,MKE,WI,AGL,CE,Combined TRACON& Tower with Radar,123,74,16,0,213,0,0,5,0,5,123,74,21,0,218,0,0,0,218
01/06/2013,MKE,WI,AGL,CE,Combined TRACON& Tower with Radar,138,81,13,5,237,0,19,2,0,21,138,100,15,5,258,0,0,0,258
01/07/2013,MKE,WI,AGL,CE,Combined TRACON& Tower with Radar,162,119,23,0,304,0,11,5,0,16,162,130,28,0,320,0,0,0,320
01/08/2013,MKE,WI,AGL,CE,Combined TRACON& Tower with Radar,161,129,40,8,338,0,0,11,0,11,161,129,51,8,349,0,0,0,349
01/09/2013,MKE,WI,AGL,CE,Combined TRACON& Tower with Radar,164,130,24,8,326,0,4,5,0,9,164,134,29,8,335,0,0,0,335
01/10/2013,MKE,WI,AGL,CE,Combined TRACON& Tower with Radar,170,126,25,20,341,0,0,5,0,5,170,126,30,20,346,0,0,0,346
01/11/2013,MKE,WI,AGL,CE,Combined TRACON& Tower with Radar,170,135,25,4,334,0,0,0,0,0,170,135,25,4,334,0,0,0,334
01/12/2013,MKE,WI,AGL,CE,Combined TRACON& Tower with Radar,114,71,12,0,197,0,2,5,0,7,114,73,17,0,204,0,0,0,204
01/13/2013,MKE,WI,AGL,CE,Combined TRACON& Tower with Radar,137,66,16,3,222,0,0,3,0,3,137,66,19,3,225,0,0,0,225
01/14/2013,MKE,WI,AGL,CE,Combined TRACON& Tower with Radar,165,113,35,0,313,0,9,6,0,15,165,122,41,0,328,0,0,0,328
01/15/2013,MKE,WI,AGL,CE,Combined TRACON& Tower with Radar,165,122,50,5,342,0,0,7,0,7,165,122,57,5,349,0,0,0,349
01/16/2013,MKE,WI,AGL,CE,Combined TRACON& Tower with Radar,164,128,25,6,323,0,1,1,0,2,164,129,26,6,325,0,0,0,325
01/17/2013,MKE,WI,AGL,CE,Combined TRACON& Tower with Radar,170,134,32,6,342,0,0,12,0,12,170,134,44,6,354,0,0,0,354
01/18/2013,MKE,WI,AGL,CE,Combined TRACON& Tower with Radar,169,131,30,2,332,0,0,1,0,1,169,131,31,2,333,0,0,0,333
01/19/2013,MKE,WI,AGL,CE,Combined TRACON& Tower with Radar,113,66,15,0,194,0,0,2,0,2,113,66,17,0,196,0,0,0,196
01/20/2013,MKE,WI,AGL,CE,Combined TRACON& Tower with Radar,138,69,15,0,222,0,9,0,0,9,138,78,15,0,231,0,0,0,231
01/21/2013,MKE,WI,AGL,CE,Combined TRACON& Tower with Radar,162,116,25,0,303,0,16,0,0,16,162,132,25,0,319,0,0,0,319
01/22/2013,MKE,WI,AGL,CE,Combined TRACON& Tower with Radar,163,139,27,5,334,0,5,0,0,5,163,144,27,5,339,0,0,0,339
01/23/2013,MKE,WI,AGL,CE,Combined TRACON& Tower with Radar,164,125,30,6,325,0,0,1,0,1,164,125,31,6,326,0,0,0,326
01/24/2013,MKE,WI,AGL,CE,Combined TRACON& Tower with Radar,171,143,43,6,363,0,2,4,1,7,171,145,47,7,370,0,0,0,370
01/25/2013,MKE,WI,AGL,CE,Combined TRACON& Tower with Radar,167,122,18,6,313,0,2,0,0,2,167,124,18,6,315,0,0,0,315
01/26/2013,MKE,WI,AGL,CE,Combined TRACON& Tower with Radar,118,65,19,1,203,0,2,5,0,7,118,67,24,1,210,0,0,0,210
01/27/2013,MKE,WI,AGL,CE,Combined TRACON& Tower with Radar,137,58,13,0,208,0,0,0,0,0,137,58,13,0,208,0,0,0,208
01/28/2013,MKE,WI,AGL,CE,Combined TRACON& Tower with Radar,165,115,29,3,312,0,0,0,0,0,165,115,29,3,312,0,0,0,312
01/29/2013,MKE,WI,AGL,CE,Combined TRACON& Tower with Radar,169,126,33,2,330,0,0,0,0,0,169,126,33,2,330,0,0,0,330
01/30/2013,MKE,WI,AGL,CE,Combined TRACON& Tower with Radar,164,125,35,0,324,0,0,0,0,0,164,125,35,0,324,0,0,0,324
01/31/2013,MKE,WI,AGL,CE,Combined TRACON& Tower with Radar,173,141,45,4,363,0,0,1,0,1,173,141,46,4,364,0,0,0,364
02/01/2013,MKE,WI,AGL,CE,Combined TRACON& Tower with Radar,168,132,44,12,356,0,0,1,0,1,168,132,45,12,357,0,14,14,371
02/02/2013,MKE,WI,AGL,CE,Combined TRACON& Tower with Radar,119,64,10,1,194,0,3,1,0,4,119,67,11,1,198,0,0,0,198
02/03/2013,MKE,WI,AGL,CE,Combined TRACON& Tower with Radar,137,70,30,0,237,0,0,4,0,4,137,70,34,0,241,0,0,0,241
02/04/2013,MKE,WI,AGL,CE,Combined TRACON& Tower with Radar,166,120,44,0,330,0,0,2,0,2,166,120,46,0,332,0,0,0,332
02/05/2013,MKE,WI,AGL,CE,Combined TRACON& Tower with Radar,158,127,34,7,326,0,2,0,0,2,158,129,34,7,328,0,0,0,328
02/06/2013,MKE,WI,AGL,CE,Combined TRACON& Tower with Radar,163,127,37,2,329,0,0,10,0,10,163,127,47,2,339,0,0,0,339
02/07/2013,MKE,WI,AGL,CE,Combined TRACON& Tower with Radar,169,118,26,2,315,0,0,0,0,0,169,118,26,2,315,0,0,0,315
02/08/2013,MKE,WI,AGL,CE,Combined TRACON& Tower with Radar,157,118,40,4,319,0,0,0,0,0,157,118,40,4,319,0,0,0,319
02/09/2013,MKE,WI,AGL,CE,Combined TRACON& Tower with Radar,112,67,7,8,194,0,0,4,0,4,112,67,11,8,198,0,0,0,198
02/10/2013,MKE,WI,AGL,CE,Combined TRACON& Tower with Radar,142,79,17,6,244,0,0,0,0,0,142,79,17,6,244,0,0,0,244
02/11/2013,MKE,WI,AGL,CE,Combined TRACON& Tower with Radar,160,119,28,0,307,0,0,2,0,2,160,119,30,0,309,0,0,0,309
02/12/2013,MKE,WI,AGL,CE,Combined TRACON& Tower with Radar,166,127,42,14,349,0,0,2,0,2,166,127,44,14,351,0,0,0,351
02/13/2013,MKE,WI,AGL,CE,Combined TRACON& Tower with Radar,165,131,41,18,355,0,2,10,0,12,165,133,51,18,367,10,8,18,385
02/14/2013,MKE,WI,AGL,CE,Combined TRACON& Tower with Radar,164,146,38,2,350,0,0,3,0,3,164,146,41,2,353,0,0,0,353
02/15/2013,MKE,WI,AGL,CE,Combined TRACON& Tower with Radar,163,141,29,0,333,0,4,3,0,7,163,145,32,0,340,0,0,0,340
02/16/2013,MKE,WI,AGL,CE,Combined TRACON& Tower with Radar,127,74,15,0,216,0,0,7,0,7,127,74,22,0,223,6,0,6,229
02/17/2013,MKE,WI,AGL,CE,Combined TRACON& Tower with Radar,142,72,26,0,240,0,2,6,0,8,142,74,32,0,248,0,0,0,248
02/18/2013,MKE,WI,AGL,CE,Combined TRACON& Tower with Radar,162,132,31,0,325,0,2,3,0,5,162,134,34,0,330,0,0,0,330
02/19/2013,MKE,WI,AGL,CE,Combined TRACON& Tower with Radar,176,137,32,4,349,0,0,0,0,0,176,137,32,4,349,0,0,0,349
02/20/2013,MKE,WI,AGL,CE,Combined TRACON& Tower with Radar,168,156,41,2,367,0,2,3,0,5,168,158,44,2,372,0,0,0,372
02/21/2013,MKE,WI,AGL,CE,Combined TRACON& Tower with Radar,162,158,34,6,360,0,2,0,0,2,162,160,34,6,362,0,0,0,362
02/22/2013,MKE,WI,AGL,CE,Combined TRACON& Tower with Radar,167,132,21,3,323,0,0,0,0,0,167,132,21,3,323,0,0,0,323
02/23/2013,MKE,WI,AGL,CE,Combined TRACON& Tower with Radar,126,75,10,0,211,0,3,0,0,3,126,78,10,0,214,0,0,0,214
02/24/2013,MKE,WI,AGL,CE,Combined TRACON& Tower with Radar,143,88,20,0,251,0,0,12,0,12,143,88,32,0,263,0,0,0,263
02/25/2013,MKE,WI,AGL,CE,Combined TRACON& Tower with Radar,161,136,28,2,327,0,0,6,0,6,161,136,34,2,333,0,0,0,333
02/26/2013,MKE,WI,AGL,CE,Combined TRACON& Tower with Radar,159,133,39,4,335,0,0,4,0,4,159,133,43,4,339,0,0,0,339
02/27/2013,MKE,WI,AGL,CE,Combined TRACON& Tower with Radar,168,146,34,0,348,0,0,0,0,0,168,146,34,0,348,0,0,0,348
02/28/2013,MKE,WI,AGL,CE,Combined TRACON& Tower with Radar,166,147,36,0,349,0,4,1,0,5,166,151,37,0,354,0,0,0,354
03/01/2013,MKE,WI,AGL,CE,Combined TRACON& Tower with Radar,166,167,29,8,370,0,7,0,0,7,166,174,29,8,377,0,0,0,377
03/02/2013,MKE,WI,AGL,CE,Combined TRACON& Tower with Radar,135,89,16,0,240,0,0,12,0,12,135,89,28,0,252,0,0,0,252
03/03/2013,MKE,WI,AGL,CE,Combined TRACON& Tower with Radar,148,88,18,4,258,0,2,9,0,11,148,90,27,4,269,0,0,0,269
03/04/2013,MKE,WI,AGL,CE,Combined TRACON& Tower with Radar,168,125,37,1,331,0,2,3,0,5,168,127,40,1,336,26,0,26,362
03/05/2013,MKE,WI,AGL,CE,Combined TRACON& Tower with Radar,152,123,22,0,297,0,0,0,0,0,152,123,22,0,297,0,0,0,297
03/06/2013,MKE,WI,AGL,CE,Combined TRACON& Tower with Radar,159,142,37,0,338,0,0,0,0,0,159,142,37,0,338,0,0,0,338
03/07/2013,MKE,WI,AGL,CE,Combined TRACON& Tower with Radar,167,145,37,8,357,0,7,16,2,25,167,152,53,10,382,0,0,0,382
03/08/2013,MKE,WI,AGL,CE,Combined TRACON& Tower with Radar,167,150,24,0,341,0,0,19,0,19,167,150,43,0,360,2,0,2,362
03/09/2013,MKE,WI,AGL,CE,Combined TRACON& Tower with Radar,144,80,7,0,231,0,2,0,0,2,144,82,7,0,233,0,0,0,233
03/10/2013,MKE,WI,AGL,CE,Combined TRACON& Tower with Radar,152,88,26,0,266,0,0,0,0,0,152,88,26,0,266,0,0,0,266
03/11/2013,MKE,WI,AGL,CE,Combined TRACON& Tower with Radar,170,126,27,2,325,0,0,0,0,0,170,126,27,2,325,0,0,0,325
03/12/2013,MKE,WI,AGL,CE,Combined TRACON& Tower with Radar,180,141,44,0,365,0,1,2,0,3,180,142,46,0,368,0,0,0,368
03/13/2013,MKE,WI,AGL,CE,Combined TRACON& Tower with Radar,178,141,32,4,355,0,5,7,0,12,178,146,39,4,367,0,0,0,367
03/14/2013,MKE,WI,AGL,CE,Combined TRACON& Tower with Radar,181,141,59,13,394,0,1,6,0,7,181,142,65,13,401,0,0,0,401
03/15/2013,MKE,WI,AGL,CE,Combined TRACON& Tower with Radar,178,141,39,3,361,0,0,0,0,0,178,141,39,3,361,0,0,0,361
03/16/2013,MKE,WI,AGL,CE,Combined TRACON& Tower with Radar,153,81,6,0,240,0,3,4,0,7,153,84,10,0,247,0,0,0,247
03/17/2013,MKE,WI,AGL,CE,Combined TRACON& Tower with Radar,160,88,19,0,267,0,0,9,0,9,160,88,28,0,276,0,0,0,276
03/18/2013,MKE,WI,AGL,CE,Combined TRACON& Tower with Radar,166,120,25,2,313,0,2,0,0,2,166,122,25,2,315,0,0,0,315
03/19/2013,MKE,WI,AGL,CE,Combined TRACON& Tower with Radar,181,151,34,0,366,0,3,0,0,3,181,154,34,0,369,0,0,0,369
03/20/2013,MKE,WI,AGL,CE,Combined TRACON& Tower with Radar,174,144,37,9,364,0,4,3,0,7,174,148,40,9,371,0,0,0,371
03/21/2013,MKE,WI,AGL,CE,Combined TRACON& Tower with Radar,180,144,36,8,368,0,4,18,4,26,180,148,54,12,394,0,6,6,400
03/22/2013,MKE,WI,AGL,CE,Combined TRACON& Tower with Radar,175,142,36,2,355,0,1,16,0,17,175,143,52,2,372,0,0,0,372
03/23/2013,MKE,WI,AGL,CE,Combined TRACON& Tower with Radar,154,84,10,1,249,0,0,3,0,3,154,84,13,1,252,0,0,0,252
03/24/2013,MKE,WI,AGL,CE,Combined TRACON& Tower with Radar,159,84,9,0,252,0,0,0,0,0,159,84,9,0,252,0,0,0,252
03/25/2013,MKE,WI,AGL,CE,Combined TRACON& Tower with Radar,167,120,29,5,321,0,2,2,0,4,167,122,31,5,325,0,2,2,327
03/26/2013,MKE,WI,AGL,CE,Combined TRACON& Tower with Radar,179,141,33,4,357,0,0,14,0,14,179,141,47,4,371,0,0,0,371
03/27/2013,MKE,WI,AGL,CE,Combined TRACON& Tower with Radar,178,140,32,6,356,0,2,6,0,8,178,142,38,6,364,0,0,0,364
03/28/2013,MKE,WI,AGL,CE,Combined TRACON& Tower with Radar,190,152,33,16,391,0,0,18,0,18,190,152,51,16,409,2,8,10,419
03/29/2013,MKE,WI,AGL,CE,Combined TRACON& Tower with Radar,177,144,22,0,343,0,0,12,0,12,177,144,34,0,355,14,0,14,369
03/30/2013,MKE,WI,AGL,CE,Combined TRACON& Tower with Radar,159,82,15,1,257,0,0,8,0,8,159,82,23,1,265,0,0,0,265
03/31/2013,MKE,WI,AGL,CE,Combined TRACON& Tower with Radar,161,93,15,0,269,0,0,2,0,2,161,93,17,0,271,0,0,0,271
04/01/2013,MKE,WI,AGL,CE,Combined TRACON& Tower with Radar,171,131,29,0,331,0,0,4,0,4,171,131,33,0,335,0,0,0,335
04/02/2013,MKE,WI,AGL,CE,Combined TRACON& Tower with Radar,179,138,31,2,350,0,5,6,0,11,179,143,37,2,361,0,0,0,361
04/03/2013,MKE,WI,AGL,CE,Combined TRACON& Tower with Radar,174,144,37,9,364,0,1,19,4,24,174,145,56,13,388,10,8,18,406
04/04/2013,MKE,WI,AGL,CE,Combined TRACON& Tower with Radar,182,142,30,16,370,0,2,10,0,12,182,144,40,16,382,0,0,0,382
04/05/2013,MKE,WI,AGL,CE,Combined TRACON& Tower with Radar,176,152,21,12,361,0,3,4,0,7,176,155,25,12,368,0,0,0,368
04/06/2013,MKE,WI,AGL,CE,Combined TRACON& Tower with Radar,150,84,12,2,248,0,0,4,0,4,150,84,16,2,252,0,0,0,252
04/07/2013,MKE,WI,AGL,CE,Combined TRACON& Tower with Radar,160,100,28,4,292,0,0,5,0,5,160,100,33,4,297,0,0,0,297
04/08/2013,MKE,WI,AGL,CE,Combined TRACON& Tower with Radar,174,124,46,1,345,0,0,0,0,0,174,124,46,1,345,0,0,0,345
04/09/2013,MKE,WI,AGL,CE,Combined TRACON& Tower with Radar,179,131,24,3,337,0,0,0,0,0,179,131,24,3,337,0,0,0,337
04/10/2013,MKE,WI,AGL,CE,Combined TRACON& Tower with Radar,171,123,27,0,321,0,0,0,0,0,171,123,27,0,321,0,0,0,321
04/11/2013,MKE,WI,AGL,CE,Combined TRACON& Tower with Radar,170,139,34,2,345,0,0,0,0,0,170,139,34,2,345,0,0,0,345
04/12/2013,MKE,WI,AGL,CE,Combined TRACON& Tower with Radar,172,134,45,10,361,0,0,0,0,0,172,134,45,10,361,4,0,4,365
04/13/2013,MKE,WI,AGL,CE,Combined TRACON& Tower with Radar,147,73,22,1,243,0,0,4,0,4,147,73,26,1,247,0,0,0,247
04/14/2013,MKE,WI,AGL,CE,Combined TRACON& Tower with Radar,158,92,22,2,274,0,0,4,0,4,158,92,26,2,278,0,0,0,278
04/15/2013,MKE,WI,AGL,CE,Combined TRACON& Tower with Radar,162,126,33,6,327,0,0,0,5,5,162,126,33,11,332,10,8,18,350
04/16/2013,MKE,WI,AGL,CE,Combined TRACON& Tower with Radar,166,143,38,11,358,0,0,8,3,11,166,143,46,14,369,0,0,0,369
04/17/2013,MKE,WI,AGL,CE,Combined TRACON& Tower with Radar,170,124,35,0,329,0,0,0,0,0,170,124,35,0,329,0,0,0,329
04/18/2013,MKE,WI,AGL,CE,Combined TRACON& Tower with Radar,174,145,41,0,360,0,0,0,0,0,174,145,41,0,360,0,0,0,360
04/19/2013,MKE,WI,AGL,CE,Combined TRACON& Tower with Radar,166,146,36,10,358,0,0,1,1,2,166,146,37,11,360,0,0,0,360
04/20/2013,MKE,WI,AGL,CE,Combined TRACON& Tower with Radar,127,75,11,2,215,0,6,12,0,18,127,81,23,2,233,0,0,0,233
04/21/2013,MKE,WI,AGL,CE,Combined TRACON& Tower with Radar,155,88,17,0,260,0,0,3,0,3,155,88,20,0,263,0,0,0,263
04/22/2013,MKE,WI,AGL,CE,Combined TRACON& Tower with Radar,163,123,44,1,331,0,0,2,0,2,163,123,46,1,333,0,0,0,333
04/23/2013,MKE,WI,AGL,CE,Combined TRACON& Tower with Radar,167,129,42,12,350,0,2,0,0,2,167,131,42,12,352,0,0,0,352
04/24/2013,MKE,WI,AGL,CE,Combined TRACON& Tower with Radar,175,146,27,9,357,0,2,4,0,6,175,148,31,9,363,0,0,0,363
04/25/2013,MKE,WI,AGL,CE,Combined TRACON& Tower with Radar,171,151,39,14,375,0,0,7,0,7,171,151,46,14,382,18,0,18,400
04/26/2013,MKE,WI,AGL,CE,Combined TRACON& Tower with Radar,168,140,25,6,339,0,4,11,5,20,168,144,36,11,359,0,12,12,371
04/27/2013,MKE,WI,AGL,CE,Combined TRACON& Tower with Radar,130,71,26,3,230,0,0,21,0,21,130,71,47,3,251,0,0,0,251
04/28/2013,MKE,WI,AGL,CE,Combined TRACON& Tower with Radar,158,91,31,0,280,0,2,11,0,13,158,93,42,0,293,6,0,6,299
04/29/2013,MKE,WI,AGL,CE,Combined TRACON& Tower with Radar,163,131,39,1,334,0,0,9,0,9,163,131,48,1,343,0,0,0,343
04/30/2013,MKE,WI,AGL,CE,Combined TRACON& Tower with Radar,175,138,39,7,359,0,2,12,0,14,175,140,51,7,373,0,0,0,373
05/01/2013,MKE,WI,AGL,CE,Combined TRACON& Tower with Radar,178,141,40,8,367,0,5,10,0,15,178,146,50,8,382,0,0,0,382
05/02/2013,MKE,WI,AGL,CE,Combined TRACON& Tower with Radar,174,149,31,12,366,0,2,3,0,5,174,151,34,12,371,0,0,0,371
05/03/2013,MKE,WI,AGL,CE,Combined TRACON& Tower with Radar,172,133,35,4,344,0,0,0,0,0,172,133,35,4,344,0,0,0,344
05/04/2013,MKE,WI,AGL,CE,Combined TRACON& Tower with Radar,128,71,12,8,219,0,0,13,0,13,128,71,25,8,232,0,0,0,232
05/05/2013,MKE,WI,AGL,CE,Combined TRACON& Tower with Radar,161,84,26,6,277,0,4,11,0,15,161,88,37,6,292,0,0,0,292
05/06/2013,MKE,WI,AGL,CE,Combined TRACON& Tower with Radar,165,123,42,1,331,0,0,7,0,7,165,123,49,1,338,0,0,0,338
05/07/2013,MKE,WI,AGL,CE,Combined TRACON& Tower with Radar,174,134,42,7,357,0,0,13,0,13,174,134,55,7,370,0,0,0,370
05/08/2013,MKE,WI,AGL,CE,Combined TRACON& Tower with Radar,172,137,35,9,353,0,0,17,0,17,172,137,52,9,370,16,4,20,390
05/09/2013,MKE,WI,AGL,CE,Combined TRACON& Tower with Radar,174,148,36,5,363,0,0,3,0,3,174,148,39,5,366,0,0,0,366
05/10/2013,MKE,WI,AGL,CE,Combined TRACON& Tower with Radar,169,140,34,11,354,0,0,0,0,0,169,140,34,11,354,0,0,0,354
05/11/2013,MKE,WI,AGL,CE,Combined TRACON& Tower with Radar,128,83,15,0,226,0,6,4,0,10,128,89,19,0,236,0,0,0,236
05/12/2013,MKE,WI,AGL,CE,Combined TRACON& Tower with Radar,149,92,11,0,252,0,2,4,0,6,149,94,15,0,258,0,0,0,258
05/13/2013,MKE,WI,AGL,CE,Combined TRACON& Tower with Radar,168,132,40,0,340,0,2,15,0,17,168,134,55,0,357,10,0,10,367
05/14/2013,MKE,WI,AGL,CE,Combined TRACON& Tower with Radar,173,150,34,17,374,0,0,9,0,9,173,150,43,17,383,0,8,8,391
05/15/2013,MKE,WI,AGL,CE,Combined TRACON& Tower with Radar,177,143,40,20,380,0,1,10,0,11,177,144,50,20,391,0,0,0,391
05/16/2013,MKE,WI,AGL,CE,Combined TRACON& Tower with Radar,175,146,43,2,366,0,0,16,0,16,175,146,59,2,382,0,0,0,382
05/17/2013,MKE,WI,AGL,CE,Combined TRACON& Tower with Radar,172,148,18,1,339,0,0,12,0,12,172,148,30,1,351,0,0,0,351
05/18/2013,MKE,WI,AGL,CE,Combined TRACON& Tower with Radar,131,71,14,0,216,0,0,11,0,11,131,71,25,0,227,18,0,18,245
05/19/2013,MKE,WI,AGL,CE,Combined TRACON& Tower with Radar,160,85,21,1,267,0,1,6,0,7,160,86,27,1,274,0,0,0,274
05/20/2013,MKE,WI,AGL,CE,Combined TRACON& Tower with Radar,169,126,34,0,329,0,0,12,0,12,169,126,46,0,341,0,0,0,341
05/21/2013,MKE,WI,AGL,CE,Combined TRACON& Tower with Radar,178,134,42,15,369,0,1,3,0,4,178,135,45,15,373,0,8,8,381
05/22/2013,MKE,WI,AGL,CE,Combined TRACON& Tower with Radar,174,157,40,8,379,0,0,0,0,0,174,157,40,8,379,0,0,0,379
05/23/2013,MKE,WI,AGL,CE,Combined TRACON& Tower with Radar,170,132,49,4,355,0,0,2,0,2,170,132,51,4,357,0,0,0,357
05/24/2013,MKE,WI,AGL,CE,Combined TRACON& Tower with Radar,170,147,34,0,351,0,0,18,0,18,170,147,52,0,369,8,0,8,377
05/25/2013,MKE,WI,AGL,CE,Combined TRACON& Tower with Radar,121,69,9,1,200,0,0,8,0,8,121,69,17,1,208,0,0,0,208
05/26/2013,MKE,WI,AGL,CE,Combined TRACON& Tower with Radar,134,54,8,1,197,0,0,12,0,12,134,54,20,1,209,0,0,0,209
05/27/2013,MKE,WI,AGL,CE,Combined TRACON& Tower with Radar,157,97,18,0,272,0,0,0,0,0,157,97,18,0,272,0,0,0,272
05/28/2013,MKE,WI,AGL,CE,Combined TRACON& Tower with Radar,186,145,33,6,370,0,2,2,0,4,186,147,35,6,374,0,0,0,374
05/29/2013,MKE,WI,AGL,CE,Combined TRACON& Tower with Radar,178,148,37,6,369,0,0,3,0,3,178,148,40,6,372,0,0,0,372
05/30/2013,MKE,WI,AGL,CE,Combined TRACON& Tower with Radar,173,139,28,3,343,0,0,2,2,4,173,139,30,5,347,0,0,0,347
05/31/2013,MKE,WI,AGL,CE,Combined TRACON& Tower with Radar,172,141,28,10,351,0,0,7,0,7,172,141,35,10,358,0,0,0,358
06/01/2013,MKE,WI,AGL,CE,Combined TRACON& Tower with Radar,147,74,8,8,237,0,0,3,0,3,147,74,11,8,240,0,0,0,240
06/02/2013,MKE,WI,AGL,CE,Combined TRACON& Tower with Radar,156,85,8,4,253,0,2,2,0,4,156,87,10,4,257,0,0,0,257
06/03/2013,MKE,WI,AGL,CE,Combined TRACON& Tower with Radar,175,128,40,1,344,0,2,13,1,16,175,130,53,2,360,4,0,4,364
06/04/2013,MKE,WI,AGL,CE,Combined TRACON& Tower with Radar,177,143,28,16,364,0,0,14,2,16,177,143,42,18,380,8,7,15,395
06/05/2013,MKE,WI,AGL,CE,Combined TRACON& Tower with Radar,173,140,31,0,344,0,3,4,0,7,173,143,35,0,351,0,0,0,351
06/06/2013,MKE,WI,AGL,CE,Combined TRACON& Tower with Radar,185,138,51,13,387,0,0,1,6,7,185,138,52,19,394,0,0,0,394
06/07/2013,MKE,WI,AGL,CE,Combined TRACON& Tower with Radar,172,138,31,11,352,0,0,12,0,12,172,138,43,11,364,0,0,0,364
06/08/2013,MKE,WI,AGL,CE,Combined TRACON& Tower with Radar,151,76,14,3,244,0,0,15,0,15,151,76,29,3,259,0,0,0,259
06/09/2013,MKE,WI,AGL,CE,Combined TRACON& Tower with Radar,162,87,12,3,264,0,0,4,0,4,162,87,16,3,268,0,0,0,268
06/10/2013,MKE,WI,AGL,CE,Combined TRACON& Tower with Radar,172,124,33,0,329,0,0,2,0,2,172,124,35,0,331,5,0,5,336
06/11/2013,MKE,WI,AGL,CE,Combined TRACON& Tower with Radar,179,130,35,14,358,0,2,14,0,16,179,132,49,14,374,12,10,22,396
06/12/2013,MKE,WI,AGL,CE,Combined TRACON& Tower with Radar,178,132,52,5,367,1,2,8,0,11,179,134,60,5,378,6,0,6,384
06/13/2013,MKE,WI,AGL,CE,Combined TRACON& Tower with Radar,178,148,52,17,395,0,0,10,0,10,178,148,62,17,405,0,6,6,411
06/14/2013,MKE,WI,AGL,CE,Combined TRACON& Tower with Radar,178,131,23,7,339,0,0,15,0,15,178,131,38,7,354,0,0,0,354
06/15/2013,MKE,WI,AGL,CE,Combined TRACON& Tower with Radar,148,71,22,1,242,0,0,9,0,9,148,71,31,1,251,0,0,0,251
06/16/2013,MKE,WI,AGL,CE,Combined TRACON& Tower with Radar,160,93,12,0,265,0,0,9,0,9,160,93,21,0,274,0,0,0,274
06/17/2013,MKE,WI,AGL,CE,Combined TRACON& Tower with Radar,169,131,23,1,324,0,3,6,0,9,169,134,29,1,333,0,0,0,333
06/18/2013,MKE,WI,AGL,CE,Combined TRACON& Tower with Radar,175,139,21,17,352,0,1,10,0,11,175,140,31,17,363,0,0,0,363
06/19/2013,MKE,WI,AGL,CE,Combined TRACON& Tower with Radar,181,150,43,16,390,0,0,17,0,17,181,150,60,16,407,0,10,10,417
06/20/2013,MKE,WI,AGL,CE,Combined TRACON& Tower with Radar,178,155,42,17,392,0,2,12,0,14,178,157,54,17,406,0,2,2,408
06/21/2013,MKE,WI,AGL,CE,Combined TRACON& Tower with Radar,183,138,23,3,347,0,0,8,2,10,183,138,31,5,357,0,0,0,357
06/22/2013,MKE,WI,AGL,CE,Combined TRACON& Tower with Radar,151,80,9,1,241,0,0,0,0,0,151,80,9,1,241,0,0,0,241
06/23/2013,MKE,WI,AGL,CE,Combined TRACON& Tower with Radar,165,94,12,0,271,0,0,9,0,9,165,94,21,0,280,0,0,0,280
06/24/2013,MKE,WI,AGL,CE,Combined TRACON& Tower with Radar,184,136,47,2,369,0,3,2,0,5,184,139,49,2,374,0,0,0,374
06/25/2013,MKE,WI,AGL,CE,Combined TRACON& Tower with Radar,176,139,54,20,389,0,0,10,0,10,176,139,64,20,399,0,15,15,414
06/26/2013,MKE,WI,AGL,CE,Combined TRACON& Tower with Radar,186,148,55,25,414,0,0,9,4,13,186,148,64,29,427,0,0,0,427
06/27/2013,MKE,WI,AGL,CE,Combined TRACON& Tower with Radar,185,134,35,14,368,0,0,10,9,19,185,134,45,23,387,0,18,18,405
06/28/2013,MKE,WI,AGL,CE,Combined TRACON& Tower with Radar,179,135,41,24,379,0,1,14,2,17,179,136,55,26,396,0,24,24,420
06/29/2013,MKE,WI,AGL,CE,Combined TRACON& Tower with Radar,155,75,14,1,245,0,2,3,0,5,155,77,17,1,250,0,0,0,250
06/30/2013,MKE,WI,AGL,CE,Combined TRACON& Tower with Radar,154,81,14,0,249,0,0,10,0,10,154,81,24,0,259,0,0,0,259
07/01/2013,MKE,WI,AGL,CE,Combined TRACON& Tower with Radar,163,109,29,0,301,0,1,8,0,9,163,110,37,0,310,0,0,0,310
07/02/2013,MKE,WI,AGL,CE,Combined TRACON& Tower with Radar,174,135,33,24,366,0,8,9,1,18,174,143,42,25,384,16,12,28,412
07/03/2013,MKE,WI,AGL,CE,Combined TRACON& Tower with Radar,174,141,22,8,345,0,0,5,0,5,174,141,27,8,350,0,0,0,350
07/04/2013,MKE,WI,AGL,CE,Combined TRACON& Tower with Radar,125,80,12,0,217,0,0,12,0,12,125,80,24,0,229,0,0,0,229
07/05/2013,MKE,WI,AGL,CE,Combined TRACON& Tower with Radar,152,119,13,0,284,0,0,12,0,12,152,119,25,0,296,0,0,0,296
07/06/2013,MKE,WI,AGL,CE,Combined TRACON& Tower with Radar,145,85,15,0,245,0,0,14,0,14,145,85,29,0,259,0,0,0,259
07/07/2013,MKE,WI,AGL,CE,Combined TRACON& Tower with Radar,161,99,28,0,288,0,2,5,0,7,161,101,33,0,295,0,0,0,295
07/08/2013,MKE,WI,AGL,CE,Combined TRACON& Tower with Radar,171,137,29,0,337,0,2,2,0,4,171,139,31,0,341,0,0,0,341
07/09/2013,MKE,WI,AGL,CE,Combined TRACON& Tower with Radar,185,140,35,12,372,0,0,3,0,3,185,140,38,12,375,0,10,10,385
07/10/2013,MKE,WI,AGL,CE,Combined TRACON& Tower with Radar,174,143,52,28,397,0,2,8,0,10,174,145,60,28,407,0,0,0,407
07/11/2013,MKE,WI,AGL,CE,Combined TRACON& Tower with Radar,181,156,35,18,390,0,0,9,0,9,181,156,44,18,399,0,0,0,399
07/12/2013,MKE,WI,AGL,CE,Combined TRACON& Tower with Radar,175,143,25,7,350,0,0,11,0,11,175,143,36,7,361,0,0,0,361
07/13/2013,MKE,WI,AGL,CE,Combined TRACON& Tower with Radar,153,88,5,16,262,0,0,18,0,18,153,88,23,16,280,16,18,34,314
07/14/2013,MKE,WI,AGL,CE,Combined TRACON& Tower with Radar,163,93,32,13,301,0,3,10,0,13,163,96,42,13,314,0,0,0,314
07/15/2013,MKE,WI,AGL,CE,Combined TRACON& Tower with Radar,171,135,42,3,351,0,0,8,0,8,171,135,50,3,359,0,0,0,359
07/16/2013,MKE,WI,AGL,CE,Combined TRACON& Tower with Radar,178,150,40,12,380,0,7,6,0,13,178,157,46,12,393,0,10,10,403
07/17/2013,MKE,WI,AGL,CE,Combined TRACON& Tower with Radar,172,163,63,15,413,0,0,7,6,13,172,163,70,21,426,6,8,14,440
07/18/2013,MKE,WI,AGL,CE,Combined TRACON& Tower with Radar,188,160,56,9,413,0,1,15,3,19,188,161,71,12,432,0,0,0,432
07/19/2013,MKE,WI,AGL,CE,Combined TRACON& Tower with Radar,177,152,42,0,371,0,0,6,0,6,177,152,48,0,377,0,0,0,377
07/20/2013,MKE,WI,AGL,CE,Combined TRACON& Tower with Radar,155,89,15,0,259,0,2,8,0,10,155,91,23,0,269,0,0,0,269
07/21/2013,MKE,WI,AGL,CE,Combined TRACON& Tower with Radar,168,92,18,0,278,0,4,7,0,11,168,96,25,0,289,0,0,0,289
07/22/2013,MKE,WI,AGL,CE,Combined TRACON& Tower with Radar,167,128,49,3,347,0,0,17,0,17,167,128,66,3,364,0,0,0,364
07/23/2013,MKE,WI,AGL,CE,Combined TRACON& Tower with Radar,178,144,48,39,409,0,0,13,0,13,178,144,61,39,422,4,34,38,460
07/24/2013,MKE,WI,AGL,CE,Combined TRACON& Tower with Radar,174,139,43,10,366,0,0,20,0,20,174,139,63,10,386,0,0,0,386
07/25/2013,MKE,WI,AGL,CE,Combined TRACON& Tower with Radar,185,143,31,4,363,0,3,9,0,12,185,146,40,4,375,0,0,0,375
07/26/2013,MKE,WI,AGL,CE,Combined TRACON& Tower with Radar,172,140,19,4,335,0,0,6,0,6,172,140,25,4,341,0,0,0,341
07/27/2013,MKE,WI,AGL,CE,Combined TRACON& Tower with Radar,148,77,19,3,247,0,1,11,8,20,148,78,30,11,267,0,0,0,267
07/28/2013,MKE,WI,AGL,CE,Combined TRACON& Tower with Radar,157,82,16,1,256,0,2,2,1,5,157,84,18,2,261,0,0,0,261
07/29/2013,MKE,WI,AGL,CE,Combined TRACON& Tower with Radar,169,131,41,0,341,0,2,11,0,13,169,133,52,0,354,0,0,0,354
07/30/2013,MKE,WI,AGL,CE,Combined TRACON& Tower with Radar,183,134,37,3,357,0,4,12,2,18,183,138,49,5,375,0,0,0,375
07/31/2013,MKE,WI,AGL,CE,Combined TRACON& Tower with Radar,176,139,43,4,362,0,0,2,0,2,176,139,45,4,364,0,0,0,364
08/01/2013,MKE,WI,AGL,CE,Combined TRACON& Tower with Radar,177,148,50,1,376,0,0,26,8,34,177,148,76,9,410,0,0,0,410
08/02/2013,MKE,WI,AGL,CE,Combined TRACON& Tower with Radar,177,151,32,5,365,0,10,28,1,39,177,161,60,6,404,0,0,0,404
08/03/2013,MKE,WI,AGL,CE,Combined TRACON& Tower with Radar,148,88,23,4,263,0,1,42,5,48,148,89,65,9,311,0,0,0,311
08/04/2013,MKE,WI,AGL,CE,Combined TRACON& Tower with Radar,164,98,27,6,295,0,6,52,5,63,164,104,79,11,358,0,0,0,358
08/05/2013,MKE,WI,AGL,CE,Combined TRACON& Tower with Radar,174,137,39,0,350,0,2,13,0,15,174,139,52,0,365,0,0,0,365
08/06/2013,MKE,WI,AGL,CE,Combined TRACON& Tower with Radar,176,145,39,14,374,0,2,32,0,34,176,147,71,14,408,2,6,8,416
08/07/2013,MKE,WI,AGL,CE,Combined TRACON& Tower with Radar,174,151,39,24,388,0,0,7,2,9,174,151,46,26,397,0,26,26,423
08/08/2013,MKE,WI,AGL,CE,Combined TRACON& Tower with Radar,176,143,45,20,384,0,2,11,0,13,176,145,56,20,397,3,9,12,409
08/09/2013,MKE,WI,AGL,CE,Combined TRACON& Tower with Radar,176,142,27,6,351,0,0,10,2,12,176,142,37,8,363,0,4,4,367
08/10/2013,MKE,WI,AGL,CE,Combined TRACON& Tower with Radar,148,84,17,0,249,0,2,10,2,14,148,86,27,2,263,0,0,0,263
08/11/2013,MKE,WI,AGL,CE,Combined TRACON& Tower with Radar,155,92,26,2,275,0,2,2,0,4,155,94,28,2,279,0,0,0,279
08/12/2013,MKE,WI,AGL,CE,Combined TRACON& Tower with Radar,163,137,48,0,348,0,4,3,0,7,163,141,51,0,355,0,0,0,355
08/13/2013,MKE,WI,AGL,CE,Combined TRACON& Tower with Radar,168,146,27,13,354,0,0,2,0,2,168,146,29,13,356,0,10,10,366
08/14/2013,MKE,WI,AGL,CE,Combined TRACON& Tower with Radar,168,141,50,12,371,0,0,17,0,17,168,141,67,12,388,0,0,0,388
08/15/2013,MKE,WI,AGL,CE,Combined TRACON& Tower with Radar,179,156,45,0,380,0,0,13,0,13,179,156,58,0,393,0,0,0,393
08/16/2013,MKE,WI,AGL,CE,Combined TRACON& Tower with Radar,171,149,36,0,356,0,0,12,0,12,171,149,48,0,368,0,0,0,368
08/17/2013,MKE,WI,AGL,CE,Combined TRACON& Tower with Radar,116,86,13,0,215,0,4,12,2,18,116,90,25,2,233,0,0,0,233
08/18/2013,MKE,WI,AGL,CE,Combined TRACON& Tower with Radar,154,92,22,0,268,0,0,13,0,13,154,92,35,0,281,0,0,0,281
08/19/2013,MKE,WI,AGL,CE,Combined TRACON& Tower with Radar,163,142,41,0,346,0,0,12,0,12,163,142,53,0,358,3,0,3,361
08/20/2013,MKE,WI,AGL,CE,Combined TRACON& Tower with Radar,163,141,42,15,361,0,15,8,0,23,163,156,50,15,384,0,20,20,404
08/21/2013,MKE,WI,AGL,CE,Combined TRACON& Tower with Radar,165,148,57,18,388,0,1,17,0,18,165,149,74,18,406,0,0,0,406
08/22/2013,MKE,WI,AGL,CE,Combined TRACON& Tower with Radar,168,133,32,5,338,0,0,4,0,4,168,133,36,5,342,0,4,4,346
08/23/2013,MKE,WI,AGL,CE,Combined TRACON& Tower with Radar,169,148,34,13,364,0,0,17,1,18,169,148,51,14,382,0,6,6,388
08/24/2013,MKE,WI,AGL,CE,Combined TRACON& Tower with Radar,114,74,15,1,204,0,0,7,0,7,114,74,22,1,211,0,0,0,211
08/25/2013,MKE,WI,AGL,CE,Combined TRACON& Tower with Radar,150,88,15,0,253,0,2,5,0,7,150,90,20,0,260,0,0,0,260
08/26/2013,MKE,WI,AGL,CE,Combined TRACON& Tower with Radar,158,123,30,3,314,0,17,7,0,24,158,140,37,3,338,0,0,0,338
08/27/2013,MKE,WI,AGL,CE,Combined TRACON& Tower with Radar,162,155,30,27,374,0,2,7,0,9,162,157,37,27,383,0,14,14,397
08/28/2013,MKE,WI,AGL,CE,Combined TRACON& Tower with Radar,166,149,39,9,363,0,2,2,0,4,166,151,41,9,367,0,0,0,367
08/29/2013,MKE,WI,AGL,CE,Combined TRACON& Tower with Radar,179,158,47,21,405,0,0,13,0,13,179,158,60,21,418,0,0,0,418
08/30/2013,MKE,WI,AGL,CE,Combined TRACON& Tower with Radar,184,151,35,0,370,0,0,12,0,12,184,151,47,0,382,0,0,0,382
08/31/2013,MKE,WI,AGL,CE,Combined TRACON& Tower with Radar,107,83,21,0,211,0,0,39,0,39,107,83,60,0,250,0,0,0,250
09/01/2013,MKE,WI,AGL,CE,Combined TRACON& Tower with Radar,121,65,20,0,206,0,0,29,0,29,121,65,49,0,235,0,0,0,235
09/02/2013,MKE,WI,AGL,CE,Combined TRACON& Tower with Radar,142,106,22,1,271,0,2,6,0,8,142,108,28,1,279,0,0,0,279
09/03/2013,MKE,WI,AGL,CE,Combined TRACON& Tower with Radar,154,140,39,17,350,0,0,16,0,16,154,140,55,17,366,0,0,0,366
09/04/2013,MKE,WI,AGL,CE,Combined TRACON& Tower with Radar,159,150,41,40,390,0,6,12,0,18,159,156,53,40,408,0,14,14,422
09/05/2013,MKE,WI,AGL,CE,Combined TRACON& Tower with Radar,163,147,51,22,383,0,10,18,0,28,163,157,69,22,411,0,16,16,427
09/06/2013,MKE,WI,AGL,CE,Combined TRACON& Tower with Radar,156,143,22,4,325,0,2,20,0,22,156,145,42,4,347,0,0,0,347
09/07/2013,MKE,WI,AGL,CE,Combined TRACON& Tower with Radar,84,99,7,0,190,0,0,3,0,3,84,99,10,0,193,0,0,0,193
09/08/2013,MKE,WI,AGL,CE,Combined TRACON& Tower with Radar,146,102,19,4,271,0,1,10,0,11,146,103,29,4,282,24,0,24,306
09/09/2013,MKE,WI,AGL,CE,Combined TRACON& Tower with Radar,154,132,37,0,323,0,0,5,0,5,154,132,42,0,328,0,0,0,328
09/10/2013,MKE,WI,AGL,CE,Combined TRACON& Tower with Radar,156,150,45,6,357,0,0,6,0,6,156,150,51,6,363,2,0,2,365
09/11/2013,MKE,WI,AGL,CE,Combined TRACON& Tower with Radar,159,142,36,10,347,0,0,6,0,6,159,142,42,10,353,0,0,0,353
09/12/2013,MKE,WI,AGL,CE,Combined TRACON& Tower with Radar,152,144,46,11,353,0,0,25,0,25,152,144,71,11,378,0,0,0,378
09/13/2013,MKE,WI,AGL,CE,Combined TRACON& Tower with Radar,174,149,29,3,355,0,0,5,0,5,174,149,34,3,360,2,0,2,362
09/14/2013,MKE,WI,AGL,CE,Combined TRACON& Tower with Radar,104,78,14,3,199,0,0,12,0,12,104,78,26,3,211,10,2,12,223
09/15/2013,MKE,WI,AGL,CE,Combined TRACON& Tower with Radar,152,85,23,3,263,0,0,2,0,2,152,85,25,3,265,0,0,0,265
09/16/2013,MKE,WI,AGL,CE,Combined TRACON& Tower with Radar,155,142,49,1,347,0,0,8,0,8,155,142,57,1,355,0,0,0,355
09/17/2013,MKE,WI,AGL,CE,Combined TRACON& Tower with Radar,153,166,49,12,380,0,0,6,0,6,153,166,55,12,386,0,10,10,396
09/18/2013,MKE,WI,AGL,CE,Combined TRACON& Tower with Radar,176,151,40,19,386,0,0,10,0,10,176,151,50,19,396,2,6,8,404
09/19/2013,MKE,WI,AGL,CE,Combined TRACON& Tower with Radar,159,139,30,0,328,0,2,2,0,4,159,141,32,0,332,0,0,0,332
09/20/2013,MKE,WI,AGL,CE,Combined TRACON& Tower with Radar,166,154,36,6,362,0,0,12,0,12,166,154,48,6,374,0,0,0,374
09/21/2013,MKE,WI,AGL,CE,Combined TRACON& Tower with Radar,111,84,4,4,203,0,2,10,0,12,111,86,14,4,215,2,4,6,221
09/22/2013,MKE,WI,AGL,CE,Combined TRACON& Tower with Radar,148,91,20,0,259,0,2,10,0,12,148,93,30,0,271,0,0,0,271
09/23/2013,MKE,WI,AGL,CE,Combined TRACON& Tower with Radar,157,128,36,0,321,0,0,8,0,8,157,128,44,0,329,0,0,0,329
09/24/2013,MKE,WI,AGL,CE,Combined TRACON& Tower with Radar,154,154,32,18,358,0,0,14,0,14,154,154,46,18,372,11,9,20,392
09/25/2013,MKE,WI,AGL,CE,Combined TRACON& Tower with Radar,160,134,37,6,337,0,0,15,1,16,160,134,52,7,353,0,0,0,353
09/26/2013,MKE,WI,AGL,CE,Combined TRACON& Tower with Radar,170,140,34,18,362,0,6,12,0,18,170,146,46,18,380,0,0,0,380
09/27/2013,MKE,WI,AGL,CE,Combined TRACON& Tower with Radar,168,145,40,5,358,0,0,5,0,5,168,145,45,5,363,0,0,0,363
09/28/2013,MKE,WI,AGL,CE,Combined TRACON& Tower with Radar,106,84,12,2,204,0,4,3,0,7,106,88,15,2,211,0,0,0,211
09/29/2013,MKE,WI,AGL,CE,Combined TRACON& Tower with Radar,152,97,23,0,272,0,0,12,0,12,152,97,35,0,284,0,0,0,284
09/30/2013,MKE,WI,AGL,CE,Combined TRACON& Tower with Radar,157,123,37,1,318,0,0,16,0,16,157,123,53,1,334,0,0,0,334
10/01/2013,MKE,WI,AGL,CE,Combined TRACON& Tower with Radar,157,136,17,0,310,0,8,10,0,18,157,144,27,0,328,0,0,0,328
10/02/2013,MKE,WI,AGL,CE,Combined TRACON& Tower with Radar,162,136,25,0,323,0,0,22,0,22,162,136,47,0,345,0,0,0,345
10/03/2013,MKE,WI,AGL,CE,Combined TRACON& Tower with Radar,168,147,53,0,368,0,1,1,0,2,168,148,54,0,370,2,0,2,372
10/04/2013,MKE,WI,AGL,CE,Combined TRACON& Tower with Radar,168,149,28,0,345,0,0,0,0,0,168,149,28,0,345,0,0,0,345
10/05/2013,MKE,WI,AGL,CE,Combined TRACON& Tower with Radar,131,91,11,0,233,0,0,0,0,0,131,91,11,0,233,0,0,0,233
10/06/2013,MKE,WI,AGL,CE,Combined TRACON& Tower with Radar,150,92,16,0,258,0,2,8,0,10,150,94,24,0,268,0,0,0,268
10/07/2013,MKE,WI,AGL,CE,Combined TRACON& Tower with Radar,162,133,25,0,320,0,0,8,0,8,162,133,33,0,328,0,0,0,328
10/08/2013,MKE,WI,AGL,CE,Combined TRACON& Tower with Radar,160,135,36,2,333,0,3,9,0,12,160,138,45,2,345,0,0,0,345
10/09/2013,MKE,WI,AGL,CE,Combined TRACON& Tower with Radar,163,147,35,0,345,0,9,16,0,25,163,156,51,0,370,20,8,28,398
10/10/2013,MKE,WI,AGL,CE,Combined TRACON& Tower with Radar,166,149,45,13,373,0,2,15,0,17,166,151,60,13,390,0,0,0,390
10/11/2013,MKE,WI,AGL,CE,Combined TRACON& Tower with Radar,165,148,36,0,349,0,1,10,0,11,165,149,46,0,360,0,0,0,360
10/12/2013,MKE,WI,AGL,CE,Combined TRACON& Tower with Radar,121,79,13,1,214,0,0,0,0,0,121,79,13,1,214,0,0,0,214
10/13/2013,MKE,WI,AGL,CE,Combined TRACON& Tower with Radar,148,94,27,0,269,0,0,2,0,2,148,94,29,0,271,0,0,0,271
10/14/2013,MKE,WI,AGL,CE,Combined TRACON& Tower with Radar,160,130,37,0,327,0,3,13,0,16,160,133,50,0,343,8,0,8,351
10/15/2013,MKE,WI,AGL,CE,Combined TRACON& Tower with Radar,160,135,29,8,332,0,0,5,0,5,160,135,34,8,337,0,0,0,337
10/16/2013,MKE,WI,AGL,CE,Combined TRACON& Tower with Radar,166,146,43,14,369,0,0,4,0,4,166,146,47,14,373,0,0,0,373
10/17/2013,MKE,WI,AGL,CE,Combined TRACON& Tower with Radar,165,151,34,11,361,0,0,4,0,4,165,151,38,11,365,0,8,8,373
10/18/2013,MKE,WI,AGL,CE,Combined TRACON& Tower with Radar,165,137,16,6,324,0,3,7,0,10,165,140,23,6,334,10,4,14,348
10/19/2013,MKE,WI,AGL,CE,Combined TRACON& Tower with Radar,120,78,16,0,214,0,5,1,0,6,120,83,17,0,220,0,0,0,220
10/20/2013,MKE,WI,AGL,CE,Combined TRACON& Tower with Radar,146,93,21,0,260,0,6,2,0,8,146,99,23,0,268,0,0,0,268
10/21/2013,MKE,WI,AGL,CE,Combined TRACON& Tower with Radar,157,140,43,0,340,0,0,4,0,4,157,140,47,0,344,0,0,0,344
10/22/2013,MKE,WI,AGL,CE,Combined TRACON& Tower with Radar,163,135,30,32,360,0,2,2,14,18,163,137,32,46,378,10,40,50,428
10/23/2013,MKE,WI,AGL,CE,Combined TRACON& Tower with Radar,163,148,40,27,378,0,2,8,1,11,163,150,48,28,389,2,5,7,396
10/24/2013,MKE,WI,AGL,CE,Combined TRACON& Tower with Radar,165,151,35,2,353,0,0,4,0,4,165,151,39,2,357,0,0,0,357
10/25/2013,MKE,WI,AGL,CE,Combined TRACON& Tower with Radar,167,153,20,3,343,0,1,8,0,9,167,154,28,3,352,0,0,0,352
10/26/2013,MKE,WI,AGL,CE,Combined TRACON& Tower with Radar,121,94,15,2,232,0,2,6,0,8,121,96,21,2,240,0,0,0,240
10/27/2013,MKE,WI,AGL,CE,Combined TRACON& Tower with Radar,147,96,19,1,263,0,4,12,0,16,147,100,31,1,279,0,0,0,279
10/28/2013,MKE,WI,AGL,CE,Combined TRACON& Tower with Radar,158,136,44,3,341,0,2,7,0,9,158,138,51,3,350,0,0,0,350
10/29/2013,MKE,WI,AGL,CE,Combined TRACON& Tower with Radar,162,142,39,18,361,0,5,5,0,10,162,147,44,18,371,0,9,9,380
10/30/2013,MKE,WI,AGL,CE,Combined TRACON& Tower with Radar,167,137,39,8,351,0,0,1,0,1,167,137,40,8,352,0,0,0,352
10/31/2013,MKE,WI,AGL,CE,Combined TRACON& Tower with Radar,146,121,34,2,303,0,0,0,0,0,146,121,34,2,303,0,0,0,303
11/01/2013,MKE,WI,AGL,CE,Combined TRACON& Tower with Radar,162,148,32,5,347,0,0,0,0,0,162,148,32,5,347,0,0,0,347
11/02/2013,MKE,WI,AGL,CE,Combined TRACON& Tower with Radar,131,79,22,0,232,0,0,0,0,0,131,79,22,0,232,0,0,0,232
11/03/2013,MKE,WI,AGL,CE,Combined TRACON& Tower with Radar,136,95,20,7,258,0,1,12,0,13,136,96,32,7,271,0,0,0,271
11/04/2013,MKE,WI,AGL,CE,Combined TRACON& Tower with Radar,158,133,28,2,321,0,2,9,1,12,158,135,37,3,333,0,0,0,333
11/05/2013,MKE,WI,AGL,CE,Combined TRACON& Tower with Radar,161,140,35,8,344,0,0,4,0,4,161,140,39,8,348,0,0,0,348
11/06/2013,MKE,WI,AGL,CE,Combined TRACON& Tower with Radar,165,140,40,5,350,0,0,1,0,1,165,140,41,5,351,0,0,0,351
11/07/2013,MKE,WI,AGL,CE,Combined TRACON& Tower with Radar,163,145,41,11,360,0,3,7,1,11,163,148,48,12,371,0,0,0,371
11/08/2013,MKE,WI,AGL,CE,Combined TRACON& Tower with Radar,167,137,32,0,336,0,1,6,0,7,167,138,38,0,343,16,0,16,359
11/09/2013,MKE,WI,AGL,CE,Combined TRACON& Tower with Radar,120,82,21,1,224,0,0,0,0,0,120,82,21,1,224,0,0,0,224
11/10/2013,MKE,WI,AGL,CE,Combined TRACON& Tower with Radar,133,93,10,0,236,0,6,6,0,12,133,99,16,0,248,8,0,8,256
11/11/2013,MKE,WI,AGL,CE,Combined TRACON& Tower with Radar,156,127,40,0,323,0,0,3,0,3,156,127,43,0,326,0,0,0,326
11/12/2013,MKE,WI,AGL,CE,Combined TRACON& Tower with Radar,156,147,35,13,351,0,0,7,0,7,156,147,42,13,358,0,0,0,358
11/13/2013,MKE,WI,AGL,CE,Combined TRACON& Tower with Radar,163,150,28,13,354,0,3,9,2,14,163,153,37,15,368,0,8,8,376
11/14/2013,MKE,WI,AGL,CE,Combined TRACON& Tower with Radar,169,142,50,26,387,0,8,12,0,20,169,150,62,26,407,0,28,28,435
11/15/2013,MKE,WI,AGL,CE,Combined TRACON& Tower with Radar,171,148,25,17,361,0,2,13,3,18,171,150,38,20,379,2,0,2,381
11/16/2013,MKE,WI,AGL,CE,Combined TRACON& Tower with Radar,126,79,6,2,213,0,2,0,0,2,126,81,6,2,215,0,0,0,215
11/17/2013,MKE,WI,AGL,CE,Combined TRACON& Tower with Radar,138,76,10,2,226,0,0,0,0,0,138,76,10,2,226,0,0,0,226
11/18/2013,MKE,WI,AGL,CE,Combined TRACON& Tower with Radar,155,131,24,0,310,0,2,3,0,5,155,133,27,0,315,0,0,0,315
11/19/2013,MKE,WI,AGL,CE,Combined TRACON& Tower with Radar,160,138,50,17,365,0,0,6,0,6,160,138,56,17,371,4,22,26,397
11/20/2013,MKE,WI,AGL,CE,Combined TRACON& Tower with Radar,163,133,38,17,351,0,0,1,0,1,163,133,39,17,352,0,4,4,356
11/21/2013,MKE,WI,AGL,CE,Combined TRACON& Tower with Radar,161,151,49,16,377,0,0,1,1,2,161,151,50,17,379,0,8,8,387
11/22/2013,MKE,WI,AGL,CE,Combined TRACON& Tower with Radar,176,148,30,10,364,0,4,1,0,5,176,152,31,10,369,0,0,0,369
11/23/2013,MKE,WI,AGL,CE,Combined TRACON& Tower with Radar,133,77,8,0,218,0,2,13,0,15,133,79,21,0,233,0,0,0,233
11/24/2013,MKE,WI,AGL,CE,Combined TRACON& Tower with Radar,132,76,18,1,227,0,2,6,0,8,132,78,24,1,235,0,0,0,235
11/25/2013,MKE,WI,AGL,CE,Combined TRACON& Tower with Radar,157,105,36,0,298,0,0,0,0,0,157,105,36,0,298,0,0,0,298
11/26/2013,MKE,WI,AGL,CE,Combined TRACON& Tower with Radar,183,132,40,20,375,0,0,8,0,8,183,132,48,20,383,2,0,2,385
11/27/2013,MKE,WI,AGL,CE,Combined TRACON& Tower with Radar,185,141,19,7,352,0,0,12,0,12,185,141,31,7,364,0,4,4,368
11/28/2013,MKE,WI,AGL,CE,Combined TRACON& Tower with Radar,95,59,4,0,158,0,5,7,0,12,95,64,11,0,170,0,0,0,170
11/29/2013,MKE,WI,AGL,CE,Combined TRACON& Tower with Radar,115,91,2,0,208,0,2,11,0,13,115,93,13,0,221,0,0,0,221
11/30/2013,MKE,WI,AGL,CE,Combined TRACON& Tower with Radar,158,94,10,0,262,0,28,5,0,33,158,122,15,0,295,0,0,0,295
12/01/2013,MKE,WI,AGL,CE,Combined TRACON& Tower with Radar,185,90,24,0,299,0,0,7,0,7,185,90,31,0,306,0,0,0,306
12/02/2013,MKE,WI,AGL,CE,Combined TRACON& Tower with Radar,175,126,40,0,341,0,2,2,0,4,175,128,42,0,345,0,0,0,345
12/03/2013,MKE,WI,AGL,CE,Combined TRACON& Tower with Radar,165,134,41,1,341,0,0,0,0,0,165,134,41,1,341,0,0,0,341
12/04/2013,MKE,WI,AGL,CE,Combined TRACON& Tower with Radar,162,122,39,0,323,0,0,0,0,0,162,122,39,0,323,0,0,0,323
12/05/2013,MKE,WI,AGL,CE,Combined TRACON& Tower with Radar,159,129,43,0,331,0,1,11,0,12,159,130,54,0,343,0,0,0,343
12/06/2013,MKE,WI,AGL,CE,Combined TRACON& Tower with Radar,158,143,32,5,338,0,0,11,0,11,158,143,43,5,349,0,0,0,349
12/07/2013,MKE,WI,AGL,CE,Combined TRACON& Tower with Radar,116,87,17,0,220,0,2,8,1,11,116,89,25,1,231,0,0,0,231
12/08/2013,MKE,WI,AGL,CE,Combined TRACON& Tower with Radar,120,54,8,3,185,0,0,1,0,1,120,54,9,3,186,0,0,0,186
12/09/2013,MKE,WI,AGL,CE,Combined TRACON& Tower with Radar,157,126,43,1,327,0,2,1,0,3,157,128,44,1,330,0,0,0,330
12/10/2013,MKE,WI,AGL,CE,Combined TRACON& Tower with Radar,158,135,49,6,348,0,0,0,0,0,158,135,49,6,348,0,0,0,348
12/11/2013,MKE,WI,AGL,CE,Combined TRACON& Tower with Radar,156,135,43,22,356,0,0,2,0,2,156,135,45,22,358,0,16,16,374
12/12/2013,MKE,WI,AGL,CE,Combined TRACON& Tower with Radar,163,145,33,29,370,0,5,4,1,10,163,150,37,30,380,0,0,0,380
12/13/2013,MKE,WI,AGL,CE,Combined TRACON& Tower with Radar,162,151,36,5,354,0,0,7,0,7,162,151,43,5,361,0,14,14,375
12/14/2013,MKE,WI,AGL,CE,Combined TRACON& Tower with Radar,112,75,10,3,200,0,0,0,0,0,112,75,10,3,200,0,0,0,200
12/15/2013,MKE,WI,AGL,CE,Combined TRACON& Tower with Radar,131,85,16,2,234,0,0,1,0,1,131,85,17,2,235,0,0,0,235
12/16/2013,MKE,WI,AGL,CE,Combined TRACON& Tower with Radar,151,131,22,0,304,0,0,1,0,1,151,131,23,0,305,0,0,0,305
12/17/2013,MKE,WI,AGL,CE,Combined TRACON& Tower with Radar,160,131,43,20,354,0,0,1,0,1,160,131,44,20,355,0,15,15,370
12/18/2013,MKE,WI,AGL,CE,Combined TRACON& Tower with Radar,164,155,33,22,374,0,4,9,1,14,164,159,42,23,388,6,14,20,408
12/19/2013,MKE,WI,AGL,CE,Combined TRACON& Tower with Radar,164,147,45,5,361,0,2,2,0,4,164,149,47,5,365,2,0,2,367
12/20/2013,MKE,WI,AGL,CE,Combined TRACON& Tower with Radar,184,158,26,0,368,0,0,1,0,1,184,158,27,0,369,0,0,0,369
12/21/2013,MKE,WI,AGL,CE,Combined TRACON& Tower with Radar,151,113,12,0,276,0,0,0,0,0,151,113,12,0,276,0,0,0,276
12/22/2013,MKE,WI,AGL,CE,Combined TRACON& Tower with Radar,141,70,8,0,219,0,0,2,0,2,141,70,10,0,221,0,0,0,221
12/23/2013,MKE,WI,AGL,CE,Combined TRACON& Tower with Radar,147,116,25,0,288,0,0,0,0,0,147,116,25,0,288,0,0,0,288
12/24/2013,MKE,WI,AGL,CE,Combined TRACON& Tower with Radar,137,115,2,0,254,0,2,4,0,6,137,117,6,0,260,0,0,0,260
12/25/2013,MKE,WI,AGL,CE,Combined TRACON& Tower with Radar,114,78,3,0,195,0,0,0,0,0,114,78,3,0,195,0,0,0,195
12/26/2013,MKE,WI,AGL,CE,Combined TRACON& Tower with Radar,175,149,26,3,353,0,0,2,0,2,175,149,28,3,355,0,0,0,355
12/27/2013,MKE,WI,AGL,CE,Combined TRACON& Tower with Radar,178,131,24,11,344,0,0,3,0,3,178,131,27,11,347,0,12,12,359
12/28/2013,MKE,WI,AGL,CE,Combined TRACON& Tower with Radar,156,99,14,0,269,0,1,11,0,12,156,100,25,0,281,0,0,0,281
12/29/2013,MKE,WI,AGL,CE,Combined TRACON& Tower with Radar,130,72,12,0,214,0,0,0,0,0,130,72,12,0,214,0,0,0,214
12/30/2013,MKE,WI,AGL,CE,Combined TRACON& Tower with Radar,149,112,19,0,280,0,2,1,0,3,149,114,20,0,283,0,0,0,283
12/31/2013,MKE,WI,AGL,CE,Combined TRACON& Tower with Radar,128,101,14,0,243,0,0,6,0,6,128,101,20,0,249,0,0,0,249
01/01/2014,MKE,WI,AGL,CE,Combined TRACON& Tower with Radar,128,88,10,0,226,0,0,0,0,0,128,88,10,0,226,0,0,0,226
01/02/2014,MKE,WI,AGL,CE,Combined TRACON& Tower with Radar,169,110,20,3,302,0,3,0,0,3,169,113,20,3,305,0,0,0,305
01/03/2014,MKE,WI,AGL,CE,Combined TRACON& Tower with Radar,163,125,13,9,310,1,0,1,0,2,164,125,14,9,312,0,0,0,312
01/04/2014,MKE,WI,AGL,CE,Combined TRACON& Tower with Radar,128,94,9,0,231,0,2,0,0,2,128,96,9,0,233,0,0,0,233
01/05/2014,MKE,WI,AGL,CE,Combined TRACON& Tower with Radar,139,64,16,0,219,0,2,0,0,2,139,66,16,0,221,0,0,0,221
01/06/2014,MKE,WI,AGL,CE,Combined TRACON& Tower with Radar,143,66,36,1,246,0,0,0,0,0,143,66,36,1,246,0,0,0,246
01/07/2014,MKE,WI,AGL,CE,Combined TRACON& Tower with Radar,155,98,36,3,292,0,0,0,0,0,155,98,36,3,292,0,0,0,292
01/08/2014,MKE,WI,AGL,CE,Combined TRACON& Tower with Radar,162,128,26,15,331,0,1,3,0,4,162,129,29,15,335,0,12,12,347
01/09/2014,MKE,WI,AGL,CE,Combined TRACON& Tower with Radar,163,144,33,41,381,0,0,4,0,4,163,144,37,41,385,0,0,0,385
01/10/2014,MKE,WI,AGL,CE,Combined TRACON& Tower with Radar,172,132,18,10,332,0,0,0,0,0,172,132,18,10,332,0,8,8,340
01/11/2014,MKE,WI,AGL,CE,Combined TRACON& Tower with Radar,104,77,22,10,213,0,0,0,0,0,104,77,22,10,213,0,0,0,213
01/12/2014,MKE,WI,AGL,CE,Combined TRACON& Tower with Radar,137,80,22,7,246,0,0,7,0,7,137,80,29,7,253,8,0,8,261
01/13/2014,MKE,WI,AGL,CE,Combined TRACON& Tower with Radar,156,115,33,0,304,0,0,6,0,6,156,115,39,0,310,0,0,0,310
01/14/2014,MKE,WI,AGL,CE,Combined TRACON& Tower with Radar,159,111,34,2,306,0,0,6,0,6,159,111,40,2,312,0,0,0,312
01/15/2014,MKE,WI,AGL,CE,Combined TRACON& Tower with Radar,165,136,33,14,348,0,0,3,0,3,165,136,36,14,351,0,8,8,359
01/16/2014,MKE,WI,AGL,CE,Combined TRACON& Tower with Radar,165,131,32,5,333,0,0,0,0,0,165,131,32,5,333,0,0,0,333
01/17/2014,MKE,WI,AGL,CE,Combined TRACON& Tower with Radar,164,134,23,2,323,0,2,0,0,2,164,136,23,2,325,0,0,0,325
01/18/2014,MKE,WI,AGL,CE,Combined TRACON& Tower with Radar,113,90,6,0,209,0,0,1,0,1,113,90,7,0,210,0,0,0,210
01/19/2014,MKE,WI,AGL,CE,Combined TRACON& Tower with Radar,123,77,21,0,221,0,2,8,0,10,123,79,29,0,231,0,0,0,231
01/20/2014,MKE,WI,AGL,CE,Combined TRACON& Tower with Radar,162,102,22,1,287,0,0,0,0,0,162,102,22,1,287,0,0,0,287
01/21/2014,MKE,WI,AGL,CE,Combined TRACON& Tower with Radar,143,120,43,18,324,0,4,5,0,9,143,124,48,18,333,0,0,0,333
01/22/2014,MKE,WI,AGL,CE,Combined TRACON& Tower with Radar,153,132,41,2,328,0,2,1,0,3,153,134,42,2,331,0,0,0,331
01/23/2014,MKE,WI,AGL,CE,Combined TRACON& Tower with Radar,163,146,40,4,353,0,0,2,0,2,163,146,42,4,355,0,0,0,355
01/24/2014,MKE,WI,AGL,CE,Combined TRACON& Tower with Radar,184,123,27,0,334,0,1,0,0,1,184,124,27,0,335,0,0,0,335
01/25/2014,MKE,WI,AGL,CE,Combined TRACON& Tower with Radar,112,83,14,0,209,0,4,2,0,6,112,87,16,0,215,0,0,0,215
01/26/2014,MKE,WI,AGL,CE,Combined TRACON& Tower with Radar,138,66,16,2,222,0,4,0,2,6,138,70,16,4,228,0,0,0,228
01/27/2014,MKE,WI,AGL,CE,Combined TRACON& Tower with Radar,151,106,31,0,288,0,0,1,0,1,151,106,32,0,289,0,0,0,289
01/28/2014,MKE,WI,AGL,CE,Combined TRACON& Tower with Radar,142,128,37,0,307,0,0,0,0,0,142,128,37,0,307,0,0,0,307
01/29/2014,MKE,WI,AGL,CE,Combined TRACON& Tower with Radar,149,133,36,6,324,0,0,21,0,21,149,133,57,6,345,6,2,8,353
01/30/2014,MKE,WI,AGL,CE,Combined TRACON& Tower with Radar,161,143,28,3,335,0,1,7,0,8,161,144,35,3,343,0,0,0,343
01/31/2014,MKE,WI,AGL,CE,Combined TRACON& Tower with Radar,160,144,32,8,344,0,0,5,0,5,160,144,37,8,349,0,0,0,349
02/01/2014,MKE,WI,AGL,CE,Combined TRACON& Tower with Radar,106,62,10,4,182,0,1,1,0,2,106,63,11,4,184,0,0,0,184
02/02/2014,MKE,WI,AGL,CE,Combined TRACON& Tower with Radar,117,70,17,0,204,0,4,5,0,9,117,74,22,0,213,0,0,0,213
02/03/2014,MKE,WI,AGL,CE,Combined TRACON& Tower with Radar,154,99,29,0,282,0,0,2,0,2,154,99,31,0,284,0,0,0,284
02/04/2014,MKE,WI,AGL,CE,Combined TRACON& Tower with Radar,159,124,49,6,338,0,2,9,0,11,159,126,58,6,349,16,0,16,365
02/05/2014,MKE,WI,AGL,CE,Combined TRACON& Tower with Radar,148,122,39,0,309,0,1,2,0,3,148,123,41,0,312,0,0,0,312
02/06/2014,MKE,WI,AGL,CE,Combined TRACON& Tower with Radar,163,142,45,8,358,0,3,1,0,4,163,145,46,8,362,0,0,0,362
02/07/2014,MKE,WI,AGL,CE,Combined TRACON& Tower with Radar,168,144,23,7,342,0,2,12,0,14,168,146,35,7,356,4,0,4,360
02/08/2014,MKE,WI,AGL,CE,Combined TRACON& Tower with Radar,113,72,2,3,190,0,0,0,0,0,113,72,2,3,190,0,0,0,190
02/09/2014,MKE,WI,AGL,CE,Combined TRACON& Tower with Radar,136,73,19,4,232,0,0,7,0,7,136,73,26,4,239,0,0,0,239
02/10/2014,MKE,WI,AGL,CE,Combined TRACON& Tower with Radar,166,116,39,1,322,0,0,2,1,3,166,116,41,2,325,0,0,0,325
02/11/2014,MKE,WI,AGL,CE,Combined TRACON& Tower with Radar,152,126,40,15,333,0,1,1,0,2,152,127,41,15,335,0,0,0,335
02/12/2014,MKE,WI,AGL,CE,Combined TRACON& Tower with Radar,141,132,33,2,308,0,2,0,0,2,141,134,33,2,310,0,0,0,310
02/13/2014,MKE,WI,AGL,CE,Combined TRACON& Tower with Radar,125,127,38,2,292,0,0,0,0,0,125,127,38,2,292,0,0,0,292
02/14/2014,MKE,WI,AGL,CE,Combined TRACON& Tower with Radar,169,129,35,6,339,0,4,7,0,11,169,133,42,6,350,14,4,18,368
02/15/2014,MKE,WI,AGL,CE,Combined TRACON& Tower with Radar,107,81,14,0,202,0,0,6,0,6,107,81,20,0,208,0,0,0,208
02/16/2014,MKE,WI,AGL,CE,Combined TRACON& Tower with Radar,128,78,18,0,224,0,4,0,0,4,128,82,18,0,228,0,0,0,228
02/17/2014,MKE,WI,AGL,CE,Combined TRACON& Tower with Radar,133,107,29,0,269,0,0,0,0,0,133,107,29,0,269,0,0,0,269
02/18/2014,MKE,WI,AGL,CE,Combined TRACON& Tower with Radar,163,136,31,13,343,0,2,3,0,5,163,138,34,13,348,0,0,0,348
02/19/2014,MKE,WI,AGL,CE,Combined TRACON& Tower with Radar,170,136,43,17,366,0,0,10,4,14,170,136,53,21,380,0,8,8,388
02/20/2014,MKE,WI,AGL,CE,Combined TRACON& Tower with Radar,158,128,20,0,306,0,0,0,0,0,158,128,20,0,306,0,0,0,306
02/21/2014,MKE,WI,AGL,CE,Combined TRACON& Tower with Radar,167,132,29,1,329,0,0,0,0,0,167,132,29,1,329,0,0,0,329
02/22/2014,MKE,WI,AGL,CE,Combined TRACON& Tower with Radar,115,88,11,0,214,0,6,5,0,11,115,94,16,0,225,0,0,0,225
02/23/2014,MKE,WI,AGL,CE,Combined TRACON& Tower with Radar,140,87,15,3,245,0,0,8,0,8,140,87,23,3,253,0,0,0,253
02/24/2014,MKE,WI,AGL,CE,Combined TRACON& Tower with Radar,165,127,24,1,317,0,2,7,0,9,165,129,31,1,326,0,0,0,326
02/25/2014,MKE,WI,AGL,CE,Combined TRACON& Tower with Radar,164,144,33,6,347,0,2,0,0,2,164,146,33,6,349,0,0,0,349
02/26/2014,MKE,WI,AGL,CE,Combined TRACON& Tower with Radar,170,135,33,8,346,0,3,2,0,5,170,138,35,8,351,0,0,0,351
02/27/2014,MKE,WI,AGL,CE,Combined TRACON& Tower with Radar,172,136,39,0,347,0,0,4,0,4,172,136,43,0,351,0,0,0,351
02/28/2014,MKE,WI,AGL,CE,Combined TRACON& Tower with Radar,173,147,36,18,374,0,0,0,0,0,173,147,36,18,374,0,4,4,378
03/01/2014,MKE,WI,AGL,CE,Combined TRACON& Tower with Radar,112,81,23,0,216,0,0,0,0,0,112,81,23,0,216,0,0,0,216
03/02/2014,MKE,WI,AGL,CE,Combined TRACON& Tower with Radar,144,71,25,2,242,0,2,3,0,5,144,73,28,2,247,0,0,0,247
03/03/2014,MKE,WI,AGL,CE,Combined TRACON& Tower with Radar,155,118,44,3,320,0,1,4,0,5,155,119,48,3,325,0,0,0,325
03/04/2014,MKE,WI,AGL,CE,Combined TRACON& Tower with Radar,168,137,34,3,342,0,2,0,0,2,168,139,34,3,344,0,0,0,344
03/05/2014,MKE,WI,AGL,CE,Combined TRACON& Tower with Radar,174,129,33,17,353,0,2,3,0,5,174,131,36,17,358,0,7,7,365
03/06/2014,MKE,WI,AGL,CE,Combined TRACON& Tower with Radar,171,145,52,20,388,0,0,6,0,6,171,145,58,20,394,0,12,12,406
03/07/2014,MKE,WI,AGL,CE,Combined TRACON& Tower with Radar,173,149,36,8,366,0,4,2,0,6,173,153,38,8,372,0,0,0,372
03/08/2014,MKE,WI,AGL,CE,Combined TRACON& Tower with Radar,141,92,12,2,247,0,0,4,0,4,141,92,16,2,251,0,0,0,251
03/09/2014,MKE,WI,AGL,CE,Combined TRACON& Tower with Radar,156,82,27,2,267,0,0,5,0,5,156,82,32,2,272,0,0,0,272
03/10/2014,MKE,WI,AGL,CE,Combined TRACON& Tower with Radar,179,113,28,0,320,0,2,4,0,6,179,115,32,0,326,0,0,0,326
03/11/2014,MKE,WI,AGL,CE,Combined TRACON& Tower with Radar,178,142,34,16,370,0,2,6,0,8,178,144,40,16,378,0,0,0,378
03/12/2014,MKE,WI,AGL,CE,Combined TRACON& Tower with Radar,180,122,23,5,330,0,0,1,0,1,180,122,24,5,331,0,0,0,331
03/13/2014,MKE,WI,AGL,CE,Combined TRACON& Tower with Radar,178,138,26,12,354,0,0,8,0,8,178,138,34,12,362,0,0,0,362
03/14/2014,MKE,WI,AGL,CE,Combined TRACON& Tower with Radar,175,138,21,0,334,0,2,9,0,11,175,140,30,0,345,0,0,0,345
03/15/2014,MKE,WI,AGL,CE,Combined TRACON& Tower with Radar,146,85,15,0,246,0,0,6,0,6,146,85,21,0,252,12,0,12,264
03/16/2014,MKE,WI,AGL,CE,Combined TRACON& Tower with Radar,160,84,16,0,260,0,0,6,0,6,160,84,22,0,266,0,0,0,266
03/17/2014,MKE,WI,AGL,CE,Combined TRACON& Tower with Radar,171,122,23,3,319,0,11,2,0,13,171,133,25,3,332,0,0,0,332
03/18/2014,MKE,WI,AGL,CE,Combined TRACON& Tower with Radar,190,138,31,17,376,0,6,10,0,16,190,144,41,17,392,0,6,6,398
03/19/2014,MKE,WI,AGL,CE,Combined TRACON& Tower with Radar,178,142,30,6,356,0,0,3,0,3,178,142,33,6,359,0,2,2,361
03/20/2014,MKE,WI,AGL,CE,Combined TRACON& Tower with Radar,182,133,53,7,375,0,2,16,0,18,182,135,69,7,393,0,0,0,393
03/21/2014,MKE,WI,AGL,CE,Combined TRACON& Tower with Radar,189,141,36,19,385,0,2,6,0,8,189,143,42,19,393,0,0,0,393
03/22/2014,MKE,WI,AGL,CE,Combined TRACON& Tower with Radar,142,89,14,0,245,0,0,2,0,2,142,89,16,0,247,0,0,0,247
03/23/2014,MKE,WI,AGL,CE,Combined TRACON& Tower with Radar,157,87,21,1,266,0,6,5,0,11,157,93,26,1,277,0,0,0,277
03/24/2014,MKE,WI,AGL,CE,Combined TRACON& Tower with Radar,182,109,24,1,316,0,0,6,0,6,182,109,30,1,322,0,0,0,322
03/25/2014,MKE,WI,AGL,CE,Combined TRACON& Tower with Radar,179,131,42,10,362,0,0,2,0,2,179,131,44,10,364,0,0,0,364
03/26/2014,MKE,WI,AGL,CE,Combined TRACON& Tower with Radar,187,142,26,5,360,0,0,8,0,8,187,142,34,5,368,0,0,0,368
03/27/2014,MKE,WI,AGL,CE,Combined TRACON& Tower with Radar,184,131,32,1,348,0,0,0,0,0,184,131,32,1,348,0,0,0,348
03/28/2014,MKE,WI,AGL,CE,Combined TRACON& Tower with Radar,179,142,34,10,365,0,0,4,0,4,179,142,38,10,369,0,0,0,369
03/29/2014,MKE,WI,AGL,CE,Combined TRACON& Tower with Radar,145,83,3,2,233,0,2,2,0,4,145,85,5,2,237,0,0,0,237
03/30/2014,MKE,WI,AGL,CE,Combined TRACON& Tower with Radar,162,75,20,3,260,0,4,12,0,16,162,79,32,3,276,6,0,6,282
03/31/2014,MKE,WI,AGL,CE,Combined TRACON& Tower with Radar,173,124,25,3,325,0,0,0,0,0,173,124,25,3,325,0,0,0,325
04/01/2014,MKE,WI,AGL,CE,Combined TRACON& Tower with Radar,176,131,25,0,332,0,2,1,0,3,176,133,26,0,335,0,0,0,335
04/02/2014,MKE,WI,AGL,CE,Combined TRACON& Tower with Radar,184,147,40,7,378,0,2,9,0,11,184,149,49,7,389,0,0,0,389
04/03/2014,MKE,WI,AGL,CE,Combined TRACON& Tower with Radar,179,124,37,0,340,0,0,2,0,2,179,124,39,0,342,10,0,10,352
04/04/2014,MKE,WI,AGL,CE,Combined TRACON& Tower with Radar,179,134,20,8,341,0,2,0,0,2,179,136,20,8,343,0,0,0,343
04/05/2014,MKE,WI,AGL,CE,Combined TRACON& Tower with Radar,148,77,18,1,244,0,2,17,0,19,148,79,35,1,263,14,0,14,277
04/06/2014,MKE,WI,AGL,CE,Combined TRACON& Tower with Radar,148,84,23,5,260,0,2,4,0,6,148,86,27,5,266,0,0,0,266
04/07/2014,MKE,WI,AGL,CE,Combined TRACON& Tower with Radar,174,112,21,0,307,0,3,11,0,14,174,115,32,0,321,0,0,0,321
04/08/2014,MKE,WI,AGL,CE,Combined TRACON& Tower with Radar,163,127,41,19,350,0,2,6,5,13,163,129,47,24,363,0,4,4,367
04/09/2014,MKE,WI,AGL,CE,Combined TRACON& Tower with Radar,170,130,45,12,357,0,2,14,0,16,170,132,59,12,373,8,6,14,387
04/10/2014,MKE,WI,AGL,CE,Combined TRACON& Tower with Radar,165,141,34,6,346,0,3,4,5,12,165,144,38,11,358,2,0,2,360
04/11/2014,MKE,WI,AGL,CE,Combined TRACON& Tower with Radar,170,144,17,6,337,0,3,7,0,10,170,147,24,6,347,2,0,2,349
04/12/2014,MKE,WI,AGL,CE,Combined TRACON& Tower with Radar,120,87,12,0,219,0,5,2,0,7,120,92,14,0,226,0,0,0,226
04/13/2014,MKE,WI,AGL,CE,Combined TRACON& Tower with Radar,150,77,10,4,241,0,0,0,0,0,150,77,10,4,241,0,0,0,241
04/14/2014,MKE,WI,AGL,CE,Combined TRACON& Tower with Radar,160,106,24,1,291,0,0,0,0,0,160,106,24,1,291,0,0,0,291
04/15/2014,MKE,WI,AGL,CE,Combined TRACON& Tower with Radar,161,130,35,16,342,0,13,7,3,23,161,143,42,19,365,4,6,10,375
04/16/2014,MKE,WI,AGL,CE,Combined TRACON& Tower with Radar,172,132,36,13,353,0,0,6,2,8,172,132,42,15,361,0,4,4,365
04/17/2014,MKE,WI,AGL,CE,Combined TRACON& Tower with Radar,161,136,40,4,341,0,0,20,0,20,161,136,60,4,361,20,0,20,381
04/18/2014,MKE,WI,AGL,CE,Combined TRACON& Tower with Radar,161,119,22,9,311,0,2,14,0,16,161,121,36,9,327,6,0,6,333
04/19/2014,MKE,WI,AGL,CE,Combined TRACON& Tower with Radar,114,76,7,1,198,0,0,16,0,16,114,76,23,1,214,0,0,0,214
04/20/2014,MKE,WI,AGL,CE,Combined TRACON& Tower with Radar,139,79,9,2,229,0,3,8,0,11,139,82,17,2,240,0,0,0,240
04/21/2014,MKE,WI,AGL,CE,Combined TRACON& Tower with Radar,158,121,27,0,306,0,5,0,0,5,158,126,27,0,311,0,0,0,311
04/22/2014,MKE,WI,AGL,CE,Combined TRACON& Tower with Radar,160,130,38,8,336,0,0,23,0,23,160,130,61,8,359,0,0,0,359
04/23/2014,MKE,WI,AGL,CE,Combined TRACON& Tower with Radar,163,138,46,14,361,0,0,15,0,15,163,138,61,14,376,0,8,8,384
04/24/2014,MKE,WI,AGL,CE,Combined TRACON& Tower with Radar,164,132,53,4,353,0,0,8,0,8,164,132,61,4,361,0,0,0,361
04/25/2014,MKE,WI,AGL,CE,Combined TRACON& Tower with Radar,163,134,30,12,339,0,2,15,0,17,163,136,45,12,356,6,6,12,368
04/26/2014,MKE,WI,AGL,CE,Combined TRACON& Tower with Radar,117,83,21,3,224,0,2,22,0,24,117,85,43,3,248,0,0,0,248
04/27/2014,MKE,WI,AGL,CE,Combined TRACON& Tower with Radar,155,88,16,1,260,0,0,1,0,1,155,88,17,1,261,0,0,0,261
04/28/2014,MKE,WI,AGL,CE,Combined TRACON& Tower with Radar,164,113,33,1,311,0,0,8,0,8,164,113,41,1,319,0,0,0,319
04/29/2014,MKE,WI,AGL,CE,Combined TRACON& Tower with Radar,161,114,60,6,341,0,0,0,0,0,161,114,60,6,341,0,0,0,341
04/30/2014,MKE,WI,AGL,CE,Combined TRACON& Tower with Radar,162,135,46,16,359,0,0,6,0,6,162,135,52,16,365,0,0,0,365
05/01/2014,MKE,WI,AGL,CE,Combined TRACON& Tower with Radar,163,138,43,6,350,0,0,2,0,2,163,138,45,6,352,0,0,0,352
05/02/2014,MKE,WI,AGL,CE,Combined TRACON& Tower with Radar,163,138,25,7,333,0,0,1,0,1,163,138,26,7,334,0,0,0,334
05/03/2014,MKE,WI,AGL,CE,Combined TRACON& Tower with Radar,114,81,19,3,217,0,0,11,0,11,114,81,30,3,228,0,0,0,228
05/04/2014,MKE,WI,AGL,CE,Combined TRACON& Tower with Radar,145,80,11,4,240,0,2,19,2,23,145,82,30,6,263,0,0,0,263
05/05/2014,MKE,WI,AGL,CE,Combined TRACON& Tower with Radar,155,122,27,1,305,0,0,16,0,16,155,122,43,1,321,0,0,0,321
05/06/2014,MKE,WI,AGL,CE,Combined TRACON& Tower with Radar,157,139,32,6,334,0,0,20,0,20,157,139,52,6,354,0,0,0,354
05/07/2014,MKE,WI,AGL,CE,Combined TRACON& Tower with Radar,170,166,39,5,380,0,1,1,0,2,170,167,40,5,382,0,0,0,382
05/08/2014,MKE,WI,AGL,CE,Combined TRACON& Tower with Radar,165,138,38,15,356,0,7,13,0,20,165,145,51,15,376,0,0,0,376
05/09/2014,MKE,WI,AGL,CE,Combined TRACON& Tower with Radar,165,128,19,2,314,0,0,0,0,0,165,128,19,2,314,0,0,0,314
05/10/2014,MKE,WI,AGL,CE,Combined TRACON& Tower with Radar,115,84,12,0,211,0,0,36,0,36,115,84,48,0,247,22,0,22,269
05/11/2014,MKE,WI,AGL,CE,Combined TRACON& Tower with Radar,144,80,17,2,243,0,2,22,0,24,144,82,39,2,267,0,0,0,267
05/12/2014,MKE,WI,AGL,CE,Combined TRACON& Tower with Radar,157,112,28,0,297,0,0,0,0,0,157,112,28,0,297,0,0,0,297
05/13/2014,MKE,WI,AGL,CE,Combined TRACON& Tower with Radar,199,141,52,5,397,0,0,4,0,4,199,141,56,5,401,3,0,3,404
05/14/2014,MKE,WI,AGL,CE,Combined TRACON& Tower with Radar,159,149,45,17,370,0,6,21,3,30,159,155,66,20,400,0,10,10,410
05/15/2014,MKE,WI,AGL,CE,Combined TRACON& Tower with Radar,171,156,35,4,366,0,0,6,0,6,171,156,41,4,372,0,0,0,372
05/16/2014,MKE,WI,AGL,CE,Combined TRACON& Tower with Radar,163,147,16,1,327,0,0,20,0,20,163,147,36,1,347,10,0,10,357
05/17/2014,MKE,WI,AGL,CE,Combined TRACON& Tower with Radar,118,76,14,2,210,0,5,18,0,23,118,81,32,2,233,0,0,0,233
05/18/2014,MKE,WI,AGL,CE,Combined TRACON& Tower with Radar,145,81,20,1,247,0,0,19,0,19,145,81,39,1,266,10,0,10,276
05/19/2014,MKE,WI,AGL,CE,Combined TRACON& Tower with Radar,159,128,21,0,308,0,3,9,0,12,159,131,30,0,320,0,0,0,320
05/20/2014,MKE,WI,AGL,CE,Combined TRACON& Tower with Radar,171,147,25,4,347,0,2,11,0,13,171,149,36,4,360,0,0,0,360
05/21/2014,MKE,WI,AGL,CE,Combined TRACON& Tower with Radar,164,151,38,14,367,0,3,6,0,9,164,154,44,14,376,4,4,8,384
05/22/2014,MKE,WI,AGL,CE,Combined TRACON& Tower with Radar,163,137,34,14,348,0,4,14,1,19,163,141,48,15,367,0,8,8,375
05/23/2014,MKE,WI,AGL,CE,Combined TRACON& Tower with Radar,162,146,14,1,323,0,0,21,0,21,162,146,35,1,344,0,0,0,344
05/24/2014,MKE,WI,AGL,CE,Combined TRACON& Tower with Radar,109,74,11,0,194,0,5,6,0,11,109,79,17,0,205,0,0,0,205
05/25/2014,MKE,WI,AGL,CE,Combined TRACON& Tower with Radar,113,80,9,1,203,0,0,9,0,9,113,80,18,1,212,0,0,0,212
05/26/2014,MKE,WI,AGL,CE,Combined TRACON& Tower with Radar,142,89,10,0,241,0,2,6,0,8,142,91,16,0,249,0,0,0,249
05/27/2014,MKE,WI,AGL,CE,Combined TRACON& Tower with Radar,162,111,15,1,289,0,0,2,0,2,162,111,17,1,291,2,0,2,293
05/28/2014,MKE,WI,AGL,CE,Combined TRACON& Tower with Radar,165,145,37,9,356,0,0,8,0,8,165,145,45,9,364,6,6,12,376
05/29/2014,MKE,WI,AGL,CE,Combined TRACON& Tower with Radar,169,143,35,2,349,0,11,16,2,29,169,154,51,4,378,0,0,0,378
05/30/2014,MKE,WI,AGL,CE,Combined TRACON& Tower with Radar,162,138,19,5,324,0,0,22,2,24,162,138,41,7,348,0,4,4,352
05/31/2014,MKE,WI,AGL,CE,Combined TRACON& Tower with Radar,116,76,0,1,193,0,1,12,0,13,116,77,12,1,206,0,0,0,206
06/01/2014,MKE,WI,AGL,CE,Combined TRACON& Tower with Radar,140,92,10,1,243,0,0,12,0,12,140,92,22,1,255,0,6,6,261
06/02/2014,MKE,WI,AGL,CE,Combined TRACON& Tower with Radar,162,116,29,2,309,0,0,4,0,4,162,116,33,2,313,0,0,0,313
06/03/2014,MKE,WI,AGL,CE,Combined TRACON& Tower with Radar,157,141,37,9,344,0,0,11,2,13,157,141,48,11,357,0,0,0,357
06/04/2014,MKE,WI,AGL,CE,Combined TRACON& Tower with Radar,162,147,48,4,361,0,2,0,0,2,162,149,48,4,363,0,0,0,363
06/05/2014,MKE,WI,AGL,CE,Combined TRACON& Tower with Radar,169,141,49,5,364,0,0,20,0,20,169,141,69,5,384,0,0,0,384
06/06/2014,MKE,WI,AGL,CE,Combined TRACON& Tower with Radar,167,136,30,10,343,0,2,11,0,13,167,138,41,10,356,0,0,0,356
06/07/2014,MKE,WI,AGL,CE,Combined TRACON& Tower with Radar,116,83,6,4,209,0,2,17,0,19,116,85,23,4,228,0,0,0,228
06/08/2014,MKE,WI,AGL,CE,Combined TRACON& Tower with Radar,149,86,20,4,259,0,0,1,0,1,149,86,21,4,260,0,0,0,260
06/09/2014,MKE,WI,AGL,CE,Combined TRACON& Tower with Radar,155,113,26,2,296,0,3,19,0,22,155,116,45,2,318,0,0,0,318
06/10/2014,MKE,WI,AGL,CE,Combined TRACON& Tower with Radar,166,139,33,8,346,0,0,8,6,14,166,139,41,14,360,0,6,6,366
06/11/2014,MKE,WI,AGL,CE,Combined TRACON& Tower with Radar,169,114,31,4,318,0,0,0,0,0,169,114,31,4,318,0,0,0,318
06/12/2014,MKE,WI,AGL,CE,Combined TRACON& Tower with Radar,168,141,34,12,355,0,0,2,9,11,168,141,36,21,366,0,10,10,376
06/13/2014,MKE,WI,AGL,CE,Combined TRACON& Tower with Radar,171,149,23,7,350,0,0,31,2,33,171,149,54,9,383,0,6,6,389
06/14/2014,MKE,WI,AGL,CE,Combined TRACON& Tower with Radar,130,86,12,4,232,0,4,8,0,12,130,90,20,4,244,0,0,0,244
06/15/2014,MKE,WI,AGL,CE,Combined TRACON& Tower with Radar,153,92,10,1,256,0,1,8,0,9,153,93,18,1,265,4,0,4,269
06/16/2014,MKE,WI,AGL,CE,Combined TRACON& Tower with Radar,162,131,44,0,337,0,8,12,1,21,162,139,56,1,358,0,0,0,358
06/17/2014,MKE,WI,AGL,CE,Combined TRACON& Tower with Radar,163,131,34,16,344,0,5,22,5,32,163,136,56,21,376,0,0,0,376
06/18/2014,MKE,WI,AGL,CE,Combined TRACON& Tower with Radar,187,152,30,1,370,0,1,2,7,10,187,153,32,8,380,0,0,0,380
06/19/2014,MKE,WI,AGL,CE,Combined TRACON& Tower with Radar,174,140,54,4,372,0,0,13,3,16,174,140,67,7,388,0,0,0,388
06/20/2014,MKE,WI,AGL,CE,Combined TRACON& Tower with Radar,171,146,46,2,365,0,0,18,4,22,171,146,64,6,387,0,0,0,387
06/21/2014,MKE,WI,AGL,CE,Combined TRACON& Tower with Radar,148,81,17,3,249,0,0,3,2,5,148,81,20,5,254,0,0,0,254
06/22/2014,MKE,WI,AGL,CE,Combined TRACON& Tower with Radar,161,75,21,2,259,0,5,11,0,16,161,80,32,2,275,0,0,0,275
06/23/2014,MKE,WI,AGL,CE,Combined TRACON& Tower with Radar,163,126,31,2,322,0,0,4,0,4,163,126,35,2,326,0,0,0,326
06/24/2014,MKE,WI,AGL,CE,Combined TRACON& Tower with Radar,189,163,39,2,393,0,1,9,0,10,189,164,48,2,403,0,0,0,403
06/25/2014,MKE,WI,AGL,CE,Combined TRACON& Tower with Radar,165,133,50,7,355,0,0,4,0,4,165,133,54,7,359,0,0,0,359
06/26/2014,MKE,WI,AGL,CE,Combined TRACON& Tower with Radar,174,144,43,4,365,0,0,4,0,4,174,144,47,4,369,0,0,0,369
06/27/2014,MKE,WI,AGL,CE,Combined TRACON& Tower with Radar,175,143,43,1,362,0,0,9,0,9,175,143,52,1,371,16,0,16,387
06/28/2014,MKE,WI,AGL,CE,Combined TRACON& Tower with Radar,129,75,15,2,221,0,0,8,0,8,129,75,23,2,229,0,0,0,229
06/29/2014,MKE,WI,AGL,CE,Combined TRACON& Tower with Radar,144,93,22,0,259,0,0,10,0,10,144,93,32,0,269,0,0,0,269
06/30/2014,MKE,WI,AGL,CE,Combined TRACON& Tower with Radar,144,114,28,0,286,0,0,3,1,4,144,114,31,1,290,0,0,0,290
07/01/2014,MKE,WI,AGL,CE,Combined TRACON& Tower with Radar,162,130,35,3,330,0,2,2,4,8,162,132,37,7,338,0,0,0,338
07/02/2014,MKE,WI,AGL,CE,Combined TRACON& Tower with Radar,167,144,27,6,344,0,0,0,0,0,167,144,27,6,344,0,0,0,344
07/03/2014,MKE,WI,AGL,CE,Combined TRACON& Tower with Radar,163,135,26,0,324,0,2,20,2,24,163,137,46,2,348,14,0,14,362
07/04/2014,MKE,WI,AGL,CE,Combined TRACON& Tower with Radar,107,73,6,0,186,0,2,15,0,17,107,75,21,0,203,0,0,0,203
07/05/2014,MKE,WI,AGL,CE,Combined TRACON& Tower with Radar,119,76,6,0,201,0,2,4,0,6,119,78,10,0,207,0,0,0,207
07/06/2014,MKE,WI,AGL,CE,Combined TRACON& Tower with Radar,155,89,24,0,268,0,2,3,0,5,155,91,27,0,273,0,0,0,273
07/07/2014,MKE,WI,AGL,CE,Combined TRACON& Tower with Radar,166,120,31,0,317,0,3,11,2,16,166,123,42,2,333,0,0,0,333
07/08/2014,MKE,WI,AGL,CE,Combined TRACON& Tower with Radar,171,147,36,2,356,0,0,1,0,1,171,147,37,2,357,0,0,0,357
07/09/2014,MKE,WI,AGL,CE,Combined TRACON& Tower with Radar,168,141,31,6,346,0,1,11,7,19,168,142,42,13,365,0,0,0,365
07/10/2014,MKE,WI,AGL,CE,Combined TRACON& Tower with Radar,171,152,37,13,373,0,5,6,5,16,171,157,43,18,389,0,0,0,389
07/11/2014,MKE,WI,AGL,CE,Combined TRACON& Tower with Radar,175,144,35,6,360,0,0,6,0,6,175,144,41,6,366,0,0,0,366
07/12/2014,MKE,WI,AGL,CE,Combined TRACON& Tower with Radar,137,92,11,1,241,0,2,0,0,2,137,94,11,1,243,0,0,0,243
07/13/2014,MKE,WI,AGL,CE,Combined TRACON& Tower with Radar,158,87,19,4,268,0,0,12,0,12,158,87,31,4,280,0,0,0,280
07/14/2014,MKE,WI,AGL,CE,Combined TRACON& Tower with Radar,156,126,30,4,316,0,0,16,0,16,156,126,46,4,332,8,4,12,344
07/15/2014,MKE,WI,AGL,CE,Combined TRACON& Tower with Radar,161,133,25,7,326,0,0,2,2,4,161,133,27,9,330,0,0,0,330
07/16/2014,MKE,WI,AGL,CE,Combined TRACON& Tower with Radar,164,141,40,17,362,0,2,7,0,9,164,143,47,17,371,0,0,0,371
07/17/2014,MKE,WI,AGL,CE,Combined TRACON& Tower with Radar,177,142,55,4,378,0,2,10,0,12,177,144,65,4,390,0,0,0,390
07/18/2014,MKE,WI,AGL,CE,Combined TRACON& Tower with Radar,173,142,26,3,344,0,2,18,2,22,173,144,44,5,366,4,0,4,370
07/19/2014,MKE,WI,AGL,CE,Combined TRACON& Tower with Radar,123,81,11,2,217,0,0,17,0,17,123,81,28,2,234,0,0,0,234
07/20/2014,MKE,WI,AGL,CE,Combined TRACON& Tower with Radar,155,95,20,2,272,0,2,13,0,15,155,97,33,2,287,0,0,0,287
07/21/2014,MKE,WI,AGL,CE,Combined TRACON& Tower with Radar,162,116,42,0,320,0,6,10,2,18,162,122,52,2,338,2,0,2,340
07/22/2014,MKE,WI,AGL,CE,Combined TRACON& Tower with Radar,164,140,50,5,359,0,5,9,0,14,164,145,59,5,373,0,0,0,373
07/23/2014,MKE,WI,AGL,CE,Combined TRACON& Tower with Radar,174,150,53,2,379,0,2,16,2,20,174,152,69,4,399,0,0,0,399
07/24/2014,MKE,WI,AGL,CE,Combined TRACON& Tower with Radar,172,144,32,1,349,0,2,14,1,17,172,146,46,2,366,0,0,0,366
07/25/2014,MKE,WI,AGL,CE,Combined TRACON& Tower with Radar,170,137,20,0,327,0,3,27,0,30,170,140,47,0,357,0,0,0,357
07/26/2014,MKE,WI,AGL,CE,Combined TRACON& Tower with Radar,132,79,8,1,220,0,0,8,1,9,132,79,16,2,229,0,0,0,229
07/27/2014,MKE,WI,AGL,CE,Combined TRACON& Tower with Radar,151,93,14,2,260,0,2,6,0,8,151,95,20,2,268,4,0,4,272
07/28/2014,MKE,WI,AGL,CE,Combined TRACON& Tower with Radar,165,138,37,1,341,0,0,14,4,18,165,138,51,5,359,12,0,12,371
07/29/2014,MKE,WI,AGL,CE,Combined TRACON& Tower with Radar,164,151,42,7,364,0,2,7,0,9,164,153,49,7,373,0,0,0,373
07/30/2014,MKE,WI,AGL,CE,Combined TRACON& Tower with Radar,173,135,35,1,344,0,0,13,1,14,173,135,48,2,358,14,0,14,372
07/31/2014,MKE,WI,AGL,CE,Combined TRACON& Tower with Radar,174,140,35,2,351,0,0,15,0,15,174,140,50,2,366,0,0,0,366
08/01/2014,MKE,WI,AGL,CE,Combined TRACON& Tower with Radar,184,135,25,13,357,0,2,11,10,23,184,137,36,23,380,0,16,16,396
08/02/2014,MKE,WI,AGL,CE,Combined TRACON& Tower with Radar,125,90,27,1,243,0,0,14,0,14,125,90,41,1,257,0,0,0,257
08/03/2014,MKE,WI,AGL,CE,Combined TRACON& Tower with Radar,151,96,20,2,269,0,0,11,0,11,151,96,31,2,280,0,0,0,280
08/04/2014,MKE,WI,AGL,CE,Combined TRACON& Tower with Radar,170,132,45,1,348,0,1,6,0,7,170,133,51,1,355,0,0,0,355
08/05/2014,MKE,WI,AGL,CE,Combined TRACON& Tower with Radar,163,152,54,6,375,0,2,8,0,10,163,154,62,6,385,0,0,0,385
08/06/2014,MKE,WI,AGL,CE,Combined TRACON& Tower with Radar,171,147,31,14,363,0,4,22,1,27,171,151,53,15,390,2,4,6,396
08/07/2014,MKE,WI,AGL,CE,Combined TRACON& Tower with Radar,175,148,38,9,370,0,3,7,0,10,175,151,45,9,380,0,0,0,380
08/08/2014,MKE,WI,AGL,CE,Combined TRACON& Tower with Radar,175,139,15,4,333,0,2,10,5,17,175,141,25,9,350,0,0,0,350
08/09/2014,MKE,WI,AGL,CE,Combined TRACON& Tower with Radar,128,92,24,1,245,0,1,10,0,11,128,93,34,1,256,0,0,0,256
08/10/2014,MKE,WI,AGL,CE,Combined TRACON& Tower with Radar,140,98,19,0,257,0,0,7,0,7,140,98,26,0,264,0,0,0,264
08/11/2014,MKE,WI,AGL,CE,Combined TRACON& Tower with Radar,147,116,48,2,313,0,2,0,2,4,147,118,48,4,317,0,0,0,317
08/12/2014,MKE,WI,AGL,CE,Combined TRACON& Tower with Radar,154,150,43,7,354,0,0,6,0,6,154,150,49,7,360,0,2,2,362
08/13/2014,MKE,WI,AGL,CE,Combined TRACON& Tower with Radar,161,157,35,13,366,0,0,11,0,11,161,157,46,13,377,0,6,6,383
08/14/2014,MKE,WI,AGL,CE,Combined TRACON& Tower with Radar,158,138,29,11,336,0,0,15,0,15,158,138,44,11,351,16,0,16,367
08/15/2014,MKE,WI,AGL,CE,Combined TRACON& Tower with Radar,155,131,27,12,325,0,2,11,5,18,155,133,38,17,343,6,2,8,351
08/16/2014,MKE,WI,AGL,CE,Combined TRACON& Tower with Radar,100,93,11,1,205,0,2,6,0,8,100,95,17,1,213,0,0,0,213
08/17/2014,MKE,WI,AGL,CE,Combined TRACON& Tower with Radar,133,100,22,9,264,0,0,0,0,0,133,100,22,9,264,0,0,0,264
08/18/2014,MKE,WI,AGL,CE,Combined TRACON& Tower with Radar,155,136,27,0,318,0,0,2,0,2,155,136,29,0,320,0,0,0,320
08/19/2014,MKE,WI,AGL,CE,Combined TRACON& Tower with Radar,160,149,38,6,353,1,2,5,0,8,161,151,43,6,361,0,0,0,361
08/20/2014,MKE,WI,AGL,CE,Combined TRACON& Tower with Radar,155,147,51,5,358,0,1,23,0,24,155,148,74,5,382,0,0,0,382
08/21/2014,MKE,WI,AGL,CE,Combined TRACON& Tower with Radar,152,128,43,1,324,0,0,2,0,2,152,128,45,1,326,0,0,0,326
08/22/2014,MKE,WI,AGL,CE,Combined TRACON& Tower with Radar,157,135,34,9,335,0,0,0,0,0,157,135,34,9,335,0,0,0,335
08/23/2014,MKE,WI,AGL,CE,Combined TRACON& Tower with Radar,104,93,18,6,221,1,0,0,0,1,105,93,18,6,222,0,0,0,222
08/24/2014,MKE,WI,AGL,CE,Combined TRACON& Tower with Radar,137,94,19,4,254,0,0,9,0,9,137,94,28,4,263,28,0,28,291
08/25/2014,MKE,WI,AGL,CE,Combined TRACON& Tower with Radar,157,101,36,2,296,0,2,0,2,4,157,103,36,4,300,0,0,0,300
08/26/2014,MKE,WI,AGL,CE,Combined TRACON& Tower with Radar,154,131,48,2,335,0,2,13,0,15,154,133,61,2,350,0,0,0,350
08/27/2014,MKE,WI,AGL,CE,Combined TRACON& Tower with Radar,154,141,51,7,353,0,0,7,0,7,154,141,58,7,360,0,0,0,360
08/28/2014,MKE,WI,AGL,CE,Combined TRACON& Tower with Radar,150,157,60,2,369,0,3,9,6,18,150,160,69,8,387,0,0,0,387
08/29/2014,MKE,WI,AGL,CE,Combined TRACON& Tower with Radar,157,133,27,3,320,0,0,7,0,7,157,133,34,3,327,0,0,0,327
08/30/2014,MKE,WI,AGL,CE,Combined TRACON& Tower with Radar,98,77,7,1,183,0,0,8,0,8,98,77,15,1,191,0,0,0,191
08/31/2014,MKE,WI,AGL,CE,Combined TRACON& Tower with Radar,107,77,14,2,200,0,1,3,0,4,107,78,17,2,204,0,0,0,204
09/01/2014,MKE,WI,AGL,CE,Combined TRACON& Tower with Radar,138,94,18,6,256,0,2,2,0,4,138,96,20,6,260,0,0,0,260
09/02/2014,MKE,WI,AGL,CE,Combined TRACON& Tower with Radar,141,126,25,6,298,0,1,10,1,12,141,127,35,7,310,0,0,0,310
09/03/2014,MKE,WI,AGL,CE,Combined TRACON& Tower with Radar,146,141,44,16,347,0,4,6,2,12,146,145,50,18,359,0,8,8,367
09/04/2014,MKE,WI,AGL,CE,Combined TRACON& Tower with Radar,150,129,40,28,347,0,4,2,0,6,150,133,42,28,353,6,12,18,371
09/05/2014,MKE,WI,AGL,CE,Combined TRACON& Tower with Radar,171,135,37,4,347,0,3,4,0,7,171,138,41,4,354,0,0,0,354
09/06/2014,MKE,WI,AGL,CE,Combined TRACON& Tower with Radar,91,86,17,5,199,0,0,11,0,11,91,86,28,5,210,0,0,0,210
09/07/2014,MKE,WI,AGL,CE,Combined TRACON& Tower with Radar,136,86,22,1,245,0,0,10,0,10,136,86,32,1,255,0,0,0,255
09/08/2014,MKE,WI,AGL,CE,Combined TRACON& Tower with Radar,147,115,31,2,295,0,0,3,0,3,147,115,34,2,298,0,0,0,298
09/09/2014,MKE,WI,AGL,CE,Combined TRACON& Tower with Radar,146,144,42,8,340,0,2,6,0,8,146,146,48,8,348,0,0,0,348
09/10/2014,MKE,WI,AGL,CE,Combined TRACON& Tower with Radar,149,146,55,10,360,0,0,0,0,0,149,146,55,10,360,0,0,0,360
09/11/2014,MKE,WI,AGL,CE,Combined TRACON& Tower with Radar,152,149,39,13,353,0,2,2,0,4,152,151,41,13,357,0,0,0,357
09/12/2014,MKE,WI,AGL,CE,Combined TRACON& Tower with Radar,156,138,34,12,340,0,3,2,0,5,156,141,36,12,345,6,6,12,357
09/13/2014,MKE,WI,AGL,CE,Combined TRACON& Tower with Radar,102,83,8,0,193,0,0,10,0,10,102,83,18,0,203,0,0,0,203
09/14/2014,MKE,WI,AGL,CE,Combined TRACON& Tower with Radar,135,81,21,2,239,0,0,16,0,16,135,81,37,2,255,0,0,0,255
09/15/2014,MKE,WI,AGL,CE,Combined TRACON& Tower with Radar,147,112,24,0,283,0,3,3,0,6,147,115,27,0,289,0,0,0,289
09/16/2014,MKE,WI,AGL,CE,Combined TRACON& Tower with Radar,144,143,42,8,337,0,4,11,0,15,144,147,53,8,352,8,2,10,362
09/17/2014,MKE,WI,AGL,CE,Combined TRACON& Tower with Radar,157,141,30,11,339,0,0,18,0,18,157,141,48,11,357,0,0,0,357
09/18/2014,MKE,WI,AGL,CE,Combined TRACON& Tower with Radar,150,144,47,6,347,0,0,1,5,6,150,144,48,11,353,0,0,0,353
09/19/2014,MKE,WI,AGL,CE,Combined TRACON& Tower with Radar,153,147,26,6,332,0,2,10,0,12,153,149,36,6,344,0,0,0,344
09/20/2014,MKE,WI,AGL,CE,Combined TRACON& Tower with Radar,98,88,24,0,210,0,2,0,0,2,98,90,24,0,212,0,0,0,212
09/21/2014,MKE,WI,AGL,CE,Combined TRACON& Tower with Radar,136,88,16,2,242,0,2,2,0,4,136,90,18,2,246,0,0,0,246
09/22/2014,MKE,WI,AGL,CE,Combined TRACON& Tower with Radar,150,117,28,0,295,0,3,6,0,9,150,120,34,0,304,0,0,0,304
09/23/2014,MKE,WI,AGL,CE,Combined TRACON& Tower with Radar,149,145,41,3,338,0,0,14,1,15,149,145,55,4,353,0,0,0,353
09/24/2014,MKE,WI,AGL,CE,Combined TRACON& Tower with Radar,155,144,37,0,336,0,3,3,0,6,155,147,40,0,342,16,0,16,358
09/25/2014,MKE,WI,AGL,CE,Combined TRACON& Tower with Radar,156,150,31,3,340,0,2,6,1,9,156,152,37,4,349,0,0,0,349
09/26/2014,MKE,WI,AGL,CE,Combined TRACON& Tower with Radar,27,89,18,0,134,0,8,16,0,24,27,97,34,0,158,14,0,14,172
09/27/2014,MKE,WI,AGL,CE,Combined TRACON& Tower with Radar,87,70,7,1,165,0,1,2,0,3,87,71,9,1,168,0,0,0,168
09/28/2014,MKE,WI,AGL,CE,Combined TRACON& Tower with Radar,119,84,11,1,215,0,0,11,0,11,119,84,22,1,226,0,0,0,226
09/29/2014,MKE,WI,AGL,CE,Combined TRACON& Tower with Radar,122,145,41,2,310,0,1,3,0,4,122,146,44,2,314,0,0,0,314
09/30/2014,MKE,WI,AGL,CE,Combined TRACON& Tower with Radar,146,134,33,2,315,0,0,0,0,0,146,134,33,2,315,0,0,0,315
10/01/2014,MKE,WI,AGL,CE,Combined TRACON& Tower with Radar,152,141,25,6,324,0,0,8,0,8,152,141,33,6,332,0,0,0,332
10/02/2014,MKE,WI,AGL,CE,Combined TRACON& Tower with Radar,143,128,36,7,314,0,2,2,0,4,143,130,38,7,318,0,0,0,318
10/03/2014,MKE,WI,AGL,CE,Combined TRACON& Tower with Radar,148,133,45,9,335,0,2,2,0,4,148,135,47,9,339,0,0,0,339
10/04/2014,MKE,WI,AGL,CE,Combined TRACON& Tower with Radar,109,78,5,0,192,0,0,2,0,2,109,78,7,0,194,0,0,0,194
10/05/2014,MKE,WI,AGL,CE,Combined TRACON& Tower with Radar,133,84,20,3,240,0,2,2,0,4,133,86,22,3,244,0,0,0,244
10/06/2014,MKE,WI,AGL,CE,Combined TRACON& Tower with Radar,146,110,20,3,279,0,5,4,0,9,146,115,24,3,288,2,0,2,290
10/07/2014,MKE,WI,AGL,CE,Combined TRACON& Tower with Radar,155,134,25,6,320,0,0,12,0,12,155,134,37,6,332,0,0,0,332
10/08/2014,MKE,WI,AGL,CE,Combined TRACON& Tower with Radar,159,142,25,5,331,0,0,25,0,25,159,142,50,5,356,0,0,0,356
10/09/2014,MKE,WI,AGL,CE,Combined TRACON& Tower with Radar,155,127,21,4,307,0,0,16,0,16,155,127,37,4,323,0,0,0,323
10/10/2014,MKE,WI,AGL,CE,Combined TRACON& Tower with Radar,156,132,27,0,315,0,2,13,1,16,156,134,40,1,331,0,0,0,331
10/11/2014,MKE,WI,AGL,CE,Combined TRACON& Tower with Radar,112,81,13,0,206,0,2,29,0,31,112,83,42,0,237,0,0,0,237
10/12/2014,MKE,WI,AGL,CE,Combined TRACON& Tower with Radar,129,86,23,0,238,0,1,7,0,8,129,87,30,0,246,0,0,0,246
10/13/2014,MKE,WI,AGL,CE,Combined TRACON& Tower with Radar,148,105,31,0,284,0,0,0,0,0,148,105,31,0,284,0,0,0,284
10/14/2014,MKE,WI,AGL,CE,Combined TRACON& Tower with Radar,164,133,37,6,340,0,0,0,0,0,164,133,37,6,340,0,0,0,340
10/15/2014,MKE,WI,AGL,CE,Combined TRACON& Tower with Radar,158,143,47,18,366,0,0,0,0,0,158,143,47,18,366,2,0,2,368
10/16/2014,MKE,WI,AGL,CE,Combined TRACON& Tower with Radar,154,150,38,0,342,0,1,4,0,5,154,151,42,0,347,0,0,0,347
10/17/2014,MKE,WI,AGL,CE,Combined TRACON& Tower with Radar,158,132,33,2,325,0,0,5,0,5,158,132,38,2,330,0,0,0,330
10/18/2014,MKE,WI,AGL,CE,Combined TRACON& Tower with Radar,109,75,11,0,195,0,1,3,0,4,109,76,14,0,199,0,0,0,199
10/19/2014,MKE,WI,AGL,CE,Combined TRACON& Tower with Radar,139,86,14,2,241,0,4,9,2,15,139,90,23,4,256,0,0,0,256
10/20/2014,MKE,WI,AGL,CE,Combined TRACON& Tower with Radar,152,122,45,4,323,0,7,0,0,7,152,129,45,4,330,0,0,0,330
10/21/2014,MKE,WI,AGL,CE,Combined TRACON& Tower with Radar,162,135,30,6,333,0,4,4,0,8,162,139,34,6,341,12,0,12,353
10/22/2014,MKE,WI,AGL,CE,Combined TRACON& Tower with Radar,162,133,48,19,362,0,3,6,2,11,162,136,54,21,373,0,0,0,373
10/23/2014,MKE,WI,AGL,CE,Combined TRACON& Tower with Radar,161,134,20,4,319,0,0,7,0,7,161,134,27,4,326,0,0,0,326
10/24/2014,MKE,WI,AGL,CE,Combined TRACON& Tower with Radar,160,126,28,3,317,0,0,3,0,3,160,126,31,3,320,10,0,10,330
10/25/2014,MKE,WI,AGL,CE,Combined TRACON& Tower with Radar,109,74,14,4,201,0,0,10,2,12,109,74,24,6,213,0,0,0,213
10/26/2014,MKE,WI,AGL,CE,Combined TRACON& Tower with Radar,140,84,10,13,247,0,1,7,0,8,140,85,17,13,255,0,12,12,267
10/27/2014,MKE,WI,AGL,CE,Combined TRACON& Tower with Radar,154,113,29,2,298,0,3,1,0,4,154,116,30,2,302,0,0,0,302
10/28/2014,MKE,WI,AGL,CE,Combined TRACON& Tower with Radar,157,127,36,1,321,0,6,31,2,39,157,133,67,3,360,0,0,0,360
10/29/2014,MKE,WI,AGL,CE,Combined TRACON& Tower with Radar,152,138,42,11,343,0,0,10,0,10,152,138,52,11,353,0,0,0,353
10/30/2014,MKE,WI,AGL,CE,Combined TRACON& Tower with Radar,155,135,31,13,334,0,0,4,0,4,155,135,35,13,338,0,0,0,338
10/31/2014,MKE,WI,AGL,CE,Combined TRACON& Tower with Radar,144,106,29,3,282,0,4,2,0,6,144,110,31,3,288,0,0,0,288
11/01/2014,MKE,WI,AGL,CE,Combined TRACON& Tower with Radar,114,76,6,0,196,0,0,12,1,13,114,76,18,1,209,0,0,0,209
11/02/2014,MKE,WI,AGL,CE,Combined TRACON& Tower with Radar,140,76,15,3,234,0,2,4,0,6,140,78,19,3,240,0,0,0,240
11/03/2014,MKE,WI,AGL,CE,Combined TRACON& Tower with Radar,161,108,21,1,291,0,0,9,0,9,161,108,30,1,300,0,0,0,300
11/04/2014,MKE,WI,AGL,CE,Combined TRACON& Tower with Radar,150,128,32,20,330,0,3,3,2,8,150,131,35,22,338,0,0,0,338
11/05/2014,MKE,WI,AGL,CE,Combined TRACON& Tower with Radar,164,129,34,12,339,0,4,19,4,27,164,133,53,16,366,0,0,0,366
11/06/2014,MKE,WI,AGL,CE,Combined TRACON& Tower with Radar,162,127,32,17,338,0,0,4,0,4,162,127,36,17,342,0,0,0,342
11/07/2014,MKE,WI,AGL,CE,Combined TRACON& Tower with Radar,164,127,26,4,321,0,2,13,0,15,164,129,39,4,336,0,0,0,336
11/08/2014,MKE,WI,AGL,CE,Combined TRACON& Tower with Radar,109,76,11,0,196,0,0,10,0,10,109,76,21,0,206,0,0,0,206
11/09/2014,MKE,WI,AGL,CE,Combined TRACON& Tower with Radar,138,76,3,3,220,0,0,1,0,1,138,76,4,3,221,0,0,0,221
11/10/2014,MKE,WI,AGL,CE,Combined TRACON& Tower with Radar,152,95,35,0,282,0,2,4,0,6,152,97,39,0,288,0,0,0,288
11/11/2014,MKE,WI,AGL,CE,Combined TRACON& Tower with Radar,157,138,33,0,328,0,0,0,0,0,157,138,33,0,328,0,0,0,328
11/12/2014,MKE,WI,AGL,CE,Combined TRACON& Tower with Radar,160,143,24,8,335,0,0,4,1,5,160,143,28,9,340,0,0,0,340
11/13/2014,MKE,WI,AGL,CE,Combined TRACON& Tower with Radar,164,140,36,10,350,0,5,2,0,7,164,145,38,10,357,0,0,0,357
11/14/2014,MKE,WI,AGL,CE,Combined TRACON& Tower with Radar,161,114,27,17,319,0,4,8,0,12,161,118,35,17,331,0,0,0,331
11/15/2014,MKE,WI,AGL,CE,Combined TRACON& Tower with Radar,109,76,4,0,189,0,2,8,0,10,109,78,12,0,199,0,0,0,199
11/16/2014,MKE,WI,AGL,CE,Combined TRACON& Tower with Radar,140,77,14,3,234,0,0,0,0,0,140,77,14,3,234,0,0,0,234
11/17/2014,MKE,WI,AGL,CE,Combined TRACON& Tower with Radar,150,101,24,3,278,0,0,1,0,1,150,101,25,3,279,0,0,0,279
11/18/2014,MKE,WI,AGL,CE,Combined TRACON& Tower with Radar,172,135,36,5,348,0,3,7,0,10,172,138,43,5,358,0,0,0,358
11/19/2014,MKE,WI,AGL,CE,Combined TRACON& Tower with Radar,163,133,35,6,337,0,1,0,0,1,163,134,35,6,338,0,0,0,338
11/20/2014,MKE,WI,AGL,CE,Combined TRACON& Tower with Radar,164,133,37,4,338,0,0,15,0,15,164,133,52,4,353,0,0,0,353
11/21/2014,MKE,WI,AGL,CE,Combined TRACON& Tower with Radar,166,133,23,4,326,0,0,9,0,9,166,133,32,4,335,0,0,0,335
11/22/2014,MKE,WI,AGL,CE,Combined TRACON& Tower with Radar,109,67,7,0,183,0,0,0,0,0,109,67,7,0,183,0,0,0,183
11/23/2014,MKE,WI,AGL,CE,Combined TRACON& Tower with Radar,128,71,7,0,206,0,0,0,0,0,128,71,7,0,206,0,0,0,206
11/24/2014,MKE,WI,AGL,CE,Combined TRACON& Tower with Radar,144,98,23,0,265,0,0,0,0,0,144,98,23,0,265,0,0,0,265
11/25/2014,MKE,WI,AGL,CE,Combined TRACON& Tower with Radar,162,130,29,8,329,0,0,2,0,2,162,130,31,8,331,0,0,0,331
11/26/2014,MKE,WI,AGL,CE,Combined TRACON& Tower with Radar,161,124,19,9,313,0,0,0,0,0,161,124,19,9,313,0,0,0,313
11/27/2014,MKE,WI,AGL,CE,Combined TRACON& Tower with Radar,85,49,1,0,135,0,0,4,0,4,85,49,5,0,139,0,0,0,139
11/28/2014,MKE,WI,AGL,CE,Combined TRACON& Tower with Radar,120,81,7,0,208,0,0,2,0,2,120,81,9,0,210,0,0,0,210
11/29/2014,MKE,WI,AGL,CE,Combined TRACON& Tower with Radar,149,91,13,0,253,0,14,13,0,27,149,105,26,0,280,0,0,0,280
11/30/2014,MKE,WI,AGL,CE,Combined TRACON& Tower with Radar,152,72,27,0,251,0,2,0,0,2,152,74,27,0,253,0,0,0,253
12/01/2014,MKE,WI,AGL,CE,Combined TRACON& Tower with Radar,168,112,31,1,312,0,0,1,0,1,168,112,32,1,313,0,0,0,313
12/02/2014,MKE,WI,AGL,CE,Combined TRACON& Tower with Radar,165,131,39,8,343,0,2,5,0,7,165,133,44,8,350,0,0,0,350
12/03/2014,MKE,WI,AGL,CE,Combined TRACON& Tower with Radar,162,140,41,11,354,0,1,9,0,10,162,141,50,11,364,0,0,0,364
12/04/2014,MKE,WI,AGL,CE,Combined TRACON& Tower with Radar,167,133,30,5,335,0,0,10,0,10,167,133,40,5,345,0,0,0,345
12/05/2014,MKE,WI,AGL,CE,Combined TRACON& Tower with Radar,164,128,24,6,322,0,0,0,2,2,164,128,24,8,324,0,0,0,324
12/06/2014,MKE,WI,AGL,CE,Combined TRACON& Tower with Radar,105,80,13,8,206,0,0,6,0,6,105,80,19,8,212,0,0,0,212
12/07/2014,MKE,WI,AGL,CE,Combined TRACON& Tower with Radar,135,80,10,4,229,0,5,16,0,21,135,85,26,4,250,0,0,0,250
12/08/2014,MKE,WI,AGL,CE,Combined TRACON& Tower with Radar,153,120,32,0,305,0,0,0,0,0,153,120,32,0,305,0,0,0,305
12/09/2014,MKE,WI,AGL,CE,Combined TRACON& Tower with Radar,150,130,35,6,321,0,0,2,0,2,150,130,37,6,323,0,0,0,323
12/10/2014,MKE,WI,AGL,CE,Combined TRACON& Tower with Radar,163,136,29,5,333,0,0,0,0,0,163,136,29,5,333,0,0,0,333
12/11/2014,MKE,WI,AGL,CE,Combined TRACON& Tower with Radar,162,132,29,7,330,0,0,0,0,0,162,132,29,7,330,0,0,0,330
12/12/2014,MKE,WI,AGL,CE,Combined TRACON& Tower with Radar,171,116,33,5,325,0,0,0,0,0,171,116,33,5,325,0,0,0,325
12/13/2014,MKE,WI,AGL,CE,Combined TRACON& Tower with Radar,112,67,9,0,188,0,0,0,0,0,112,67,9,0,188,0,0,0,188
12/14/2014,MKE,WI,AGL,CE,Combined TRACON& Tower with Radar,139,77,22,0,238,0,0,0,0,0,139,77,22,0,238,0,0,0,238
12/15/2014,MKE,WI,AGL,CE,Combined TRACON& Tower with Radar,160,97,20,0,277,0,0,0,0,0,160,97,20,0,277,0,0,0,277
12/16/2014,MKE,WI,AGL,CE,Combined TRACON& Tower with Radar,172,133,33,12,350,0,0,0,0,0,172,133,33,12,350,0,0,0,350
12/17/2014,MKE,WI,AGL,CE,Combined TRACON& Tower with Radar,178,136,45,8,367,0,0,6,0,6,178,136,51,8,373,0,0,0,373
12/18/2014,MKE,WI,AGL,CE,Combined TRACON& Tower with Radar,169,139,28,3,339,0,2,1,0,3,169,141,29,3,342,0,0,0,342
12/19/2014,MKE,WI,AGL,CE,Combined TRACON& Tower with Radar,166,131,46,0,343,0,4,7,0,11,166,135,53,0,354,0,0,0,354
12/20/2014,MKE,WI,AGL,CE,Combined TRACON& Tower with Radar,130,101,10,0,241,1,0,7,0,8,131,101,17,0,249,0,0,0,249
12/21/2014,MKE,WI,AGL,CE,Combined TRACON& Tower with Radar,137,76,12,0,225,0,0,2,0,2,137,76,14,0,227,0,0,0,227
12/22/2014,MKE,WI,AGL,CE,Combined TRACON& Tower with Radar,151,110,27,4,292,0,0,0,0,0,151,110,27,4,292,0,0,0,292
12/23/2014,MKE,WI,AGL,CE,Combined TRACON& Tower with Radar,156,123,15,9,303,0,0,3,0,3,156,123,18,9,306,0,0,0,306
12/24/2014,MKE,WI,AGL,CE,Combined TRACON& Tower with Radar,128,99,5,0,232,0,0,0,0,0,128,99,5,0,232,0,0,0,232
12/25/2014,MKE,WI,AGL,CE,Combined TRACON& Tower with Radar,108,61,3,1,173,0,0,2,0,2,108,61,5,1,175,0,0,0,175
12/26/2014,MKE,WI,AGL,CE,Combined TRACON& Tower with Radar,154,107,10,0,271,0,5,7,2,14,154,112,17,2,285,0,0,0,285
12/27/2014,MKE,WI,AGL,CE,Combined TRACON& Tower with Radar,140,93,9,0,242,0,0,0,0,0,140,93,9,0,242,0,0,0,242
12/28/2014,MKE,WI,AGL,CE,Combined TRACON& Tower with Radar,148,82,18,2,250,0,0,16,0,16,148,82,34,2,266,14,0,14,280
12/29/2014,MKE,WI,AGL,CE,Combined TRACON& Tower with Radar,142,92,12,1,247,0,4,2,0,6,142,96,14,1,253,0,0,0,253
12/30/2014,MKE,WI,AGL,CE,Combined TRACON& Tower with Radar,153,123,3,5,284,0,0,10,0,10,153,123,13,5,294,0,0,0,294
12/31/2014,MKE,WI,AGL,CE,Combined TRACON& Tower with Radar,126,98,4,11,239,0,2,0,0,2,126,100,4,11,241,0,10,10,251
01/01/2015,MKE,WI,AGL,CE,Combined TRACON& Tower with Radar,108,64,12,0,184,0,0,3,0,3,108,64,15,0,187,0,0,0,187
01/02/2015,MKE,WI,AGL,CE,Combined TRACON& Tower with Radar,160,115,8,0,283,0,2,6,0,8,160,117,14,0,291,8,0,8,299
01/03/2015,MKE,WI,AGL,CE,Combined TRACON& Tower with Radar,135,87,5,0,227,0,0,0,0,0,135,87,5,0,227,0,0,0,227
01/04/2015,MKE,WI,AGL,CE,Combined TRACON& Tower with Radar,143,82,25,0,250,0,0,0,0,0,143,82,25,0,250,0,0,0,250
01/05/2015,MKE,WI,AGL,CE,Combined TRACON& Tower with Radar,153,106,8,0,267,0,0,2,0,2,153,106,10,0,269,2,0,2,271
01/06/2015,MKE,WI,AGL,CE,Combined TRACON& Tower with Radar,161,115,23,4,303,0,0,5,0,5,161,115,28,4,308,0,0,0,308
01/07/2015,MKE,WI,AGL,CE,Combined TRACON& Tower with Radar,155,133,20,0,308,0,0,1,0,1,155,133,21,0,309,0,0,0,309
01/08/2015,MKE,WI,AGL,CE,Combined TRACON& Tower with Radar,163,110,21,0,294,0,0,1,0,1,163,110,22,0,295,0,0,0,295
01/09/2015,MKE,WI,AGL,CE,Combined TRACON& Tower with Radar,162,120,29,4,315,0,0,1,0,1,162,120,30,4,316,0,0,0,316
01/10/2015,MKE,WI,AGL,CE,Combined TRACON& Tower with Radar,101,74,10,1,186,0,0,3,0,3,101,74,13,1,189,0,0,0,189
01/11/2015,MKE,WI,AGL,CE,Combined TRACON& Tower with Radar,131,76,24,6,237,0,2,4,0,6,131,78,28,6,243,0,0,0,243
01/12/2015,MKE,WI,AGL,CE,Combined TRACON& Tower with Radar,149,107,23,0,279,0,3,2,0,5,149,110,25,0,284,0,0,0,284
01/13/2015,MKE,WI,AGL,CE,Combined TRACON& Tower with Radar,162,117,21,0,300,0,0,4,0,4,162,117,25,0,304,0,0,0,304
01/14/2015,MKE,WI,AGL,CE,Combined TRACON& Tower with Radar,161,121,20,5,307,0,2,6,2,10,161,123,26,7,317,0,0,0,317
01/15/2015,MKE,WI,AGL,CE,Combined TRACON& Tower with Radar,165,126,19,22,332,0,4,2,0,6,165,130,21,22,338,0,0,0,338
01/16/2015,MKE,WI,AGL,CE,Combined TRACON& Tower with Radar,171,123,11,3,308,0,4,7,0,11,171,127,18,3,319,8,0,8,327
01/17/2015,MKE,WI,AGL,CE,Combined TRACON& Tower with Radar,103,77,8,0,188,0,2,7,0,9,103,79,15,0,197,0,0,0,197
01/18/2015,MKE,WI,AGL,CE,Combined TRACON& Tower with Radar,119,70,11,0,200,0,0,4,0,4,119,70,15,0,204,8,0,8,212
01/19/2015,MKE,WI,AGL,CE,Combined TRACON& Tower with Radar,159,98,13,2,272,0,0,3,0,3,159,98,16,2,275,0,0,0,275
01/20/2015,MKE,WI,AGL,CE,Combined TRACON& Tower with Radar,153,116,30,14,313,0,2,2,0,4,153,118,32,14,317,0,0,0,317
01/21/2015,MKE,WI,AGL,CE,Combined TRACON& Tower with Radar,166,117,26,4,313,0,0,0,0,0,166,117,26,4,313,0,0,0,313
01/22/2015,MKE,WI,AGL,CE,Combined TRACON& Tower with Radar,171,122,18,29,340,0,2,11,0,13,171,124,29,29,353,10,18,28,381
01/23/2015,MKE,WI,AGL,CE,Combined TRACON& Tower with Radar,169,114,19,6,308,0,2,2,0,4,169,116,21,6,312,0,0,0,312
01/24/2015,MKE,WI,AGL,CE,Combined TRACON& Tower with Radar,118,73,19,2,212,0,7,1,0,8,118,80,20,2,220,0,0,0,220
01/25/2015,MKE,WI,AGL,CE,Combined TRACON& Tower with Radar,134,68,22,0,224,0,0,0,0,0,134,68,22,0,224,0,0,0,224
01/26/2015,MKE,WI,AGL,CE,Combined TRACON& Tower with Radar,143,83,8,0,234,0,0,1,0,1,143,83,9,0,235,0,0,0,235
01/27/2015,MKE,WI,AGL,CE,Combined TRACON& Tower with Radar,143,105,16,6,270,0,2,12,6,20,143,107,28,12,290,0,0,0,290
01/28/2015,MKE,WI,AGL,CE,Combined TRACON& Tower with Radar,161,117,23,2,303,0,2,11,0,13,161,119,34,2,316,0,0,0,316
01/29/2015,MKE,WI,AGL,CE,Combined TRACON& Tower with Radar,165,118,25,1,309,0,5,0,0,5,165,123,25,1,314,0,0,0,314
01/30/2015,MKE,WI,AGL,CE,Combined TRACON& Tower with Radar,167,112,20,3,302,0,0,6,0,6,167,112,26,3,308,8,0,8,316
01/31/2015,MKE,WI,AGL,CE,Combined TRACON& Tower with Radar,109,76,19,1,205,0,0,9,0,9,109,76,28,1,214,0,0,0,214
02/01/2015,MKE,WI,AGL,CE,Combined TRACON& Tower with Radar,58,26,9,0,93,0,0,0,0,0,58,26,9,0,93,0,0,0,93
02/02/2015,MKE,WI,AGL,CE,Combined TRACON& Tower with Radar,130,83,23,2,238,0,2,5,0,7,130,85,28,2,245,0,0,0,245
02/03/2015,MKE,WI,AGL,CE,Combined TRACON& Tower with Radar,164,109,47,2,322,0,0,4,0,4,164,109,51,2,326,0,0,0,326
02/04/2015,MKE,WI,AGL,CE,Combined TRACON& Tower with Radar,165,116,24,4,309,0,0,4,0,4,165,116,28,4,313,0,0,0,313
02/05/2015,MKE,WI,AGL,CE,Combined TRACON& Tower with Radar,165,117,33,1,316,0,2,2,5,9,165,119,35,6,325,0,0,0,325
02/06/2015,MKE,WI,AGL,CE,Combined TRACON& Tower with Radar,166,122,31,2,321,0,0,5,0,5,166,122,36,2,326,0,0,0,326
02/07/2015,MKE,WI,AGL,CE,Combined TRACON& Tower with Radar,118,81,18,1,218,0,0,7,3,10,118,81,25,4,228,0,0,0,228
02/08/2015,MKE,WI,AGL,CE,Combined TRACON& Tower with Radar,132,68,12,2,214,0,0,0,0,0,132,68,12,2,214,0,0,0,214
02/09/2015,MKE,WI,AGL,CE,Combined TRACON& Tower with Radar,151,104,31,0,286,0,0,0,0,0,151,104,31,0,286,0,0,0,286
02/10/2015,MKE,WI,AGL,CE,Combined TRACON& Tower with Radar,156,126,36,0,318,0,2,0,0,2,156,128,36,0,320,0,0,0,320
02/11/2015,MKE,WI,AGL,CE,Combined TRACON& Tower with Radar,165,132,29,7,333,0,2,0,0,2,165,134,29,7,335,0,0,0,335
02/12/2015,MKE,WI,AGL,CE,Combined TRACON& Tower with Radar,164,120,36,10,330,0,1,0,2,3,164,121,36,12,333,2,0,2,335
02/13/2015,MKE,WI,AGL,CE,Combined TRACON& Tower with Radar,172,117,24,0,313,0,0,4,0,4,172,117,28,0,317,0,0,0,317
02/14/2015,MKE,WI,AGL,CE,Combined TRACON& Tower with Radar,116,77,8,1,202,0,3,0,0,3,116,80,8,1,205,0,0,0,205
02/15/2015,MKE,WI,AGL,CE,Combined TRACON& Tower with Radar,109,76,19,0,204,0,0,0,0,0,109,76,19,0,204,0,0,0,204
02/16/2015,MKE,WI,AGL,CE,Combined TRACON& Tower with Radar,161,108,27,1,297,0,2,3,0,5,161,110,30,1,302,0,0,0,302
02/17/2015,MKE,WI,AGL,CE,Combined TRACON& Tower with Radar,163,120,29,4,316,0,0,0,0,0,163,120,29,4,316,21,0,21,337
02/18/2015,MKE,WI,AGL,CE,Combined TRACON& Tower with Radar,171,117,44,2,334,0,2,2,0,4,171,119,46,2,338,0,0,0,338
02/19/2015,MKE,WI,AGL,CE,Combined TRACON& Tower with Radar,171,129,27,1,328,0,2,6,0,8,171,131,33,1,336,0,0,0,336
02/20/2015,MKE,WI,AGL,CE,Combined TRACON& Tower with Radar,165,114,16,22,317,0,0,1,1,2,165,114,17,23,319,0,0,0,319
02/21/2015,MKE,WI,AGL,CE,Combined TRACON& Tower with Radar,109,73,7,1,190,0,0,3,0,3,109,73,10,1,193,0,0,0,193
02/22/2015,MKE,WI,AGL,CE,Combined TRACON& Tower with Radar,132,83,14,3,232,0,8,2,0,10,132,91,16,3,242,0,0,0,242
02/23/2015,MKE,WI,AGL,CE,Combined TRACON& Tower with Radar,148,110,15,0,273,0,0,2,0,2,148,110,17,0,275,0,0,0,275
02/24/2015,MKE,WI,AGL,CE,Combined TRACON& Tower with Radar,167,115,28,12,322,0,2,2,0,4,167,117,30,12,326,0,0,0,326
02/25/2015,MKE,WI,AGL,CE,Combined TRACON& Tower with Radar,155,134,25,6,320,0,0,6,0,6,155,134,31,6,326,0,0,0,326
02/26/2015,MKE,WI,AGL,CE,Combined TRACON& Tower with Radar,173,119,40,0,332,0,0,8,0,8,173,119,48,0,340,0,0,0,340
02/27/2015,MKE,WI,AGL,CE,Combined TRACON& Tower with Radar,164,118,37,3,322,0,3,7,0,10,164,121,44,3,332,0,0,0,332
02/28/2015,MKE,WI,AGL,CE,Combined TRACON& Tower with Radar,109,67,10,0,186,0,0,11,0,11,109,67,21,0,197,0,0,0,197
03/01/2015,MKE,WI,AGL,CE,Combined TRACON& Tower with Radar,116,71,13,0,200,0,7,0,0,7,116,78,13,0,207,0,0,0,207
03/02/2015,MKE,WI,AGL,CE,Combined TRACON& Tower with Radar,154,100,35,2,291,0,0,6,0,6,154,100,41,2,297,0,0,0,297
03/03/2015,MKE,WI,AGL,CE,Combined TRACON& Tower with Radar,164,103,16,5,288,0,0,0,0,0,164,103,16,5,288,0,0,0,288
03/04/2015,MKE,WI,AGL,CE,Combined TRACON& Tower with Radar,151,119,30,6,306,0,0,11,0,11,151,119,41,6,317,0,0,0,317
03/05/2015,MKE,WI,AGL,CE,Combined TRACON& Tower with Radar,141,121,35,6,303,0,0,4,0,4,141,121,39,6,307,0,0,0,307
03/06/2015,MKE,WI,AGL,CE,Combined TRACON& Tower with Radar,170,130,22,4,326,0,0,2,0,2,170,130,24,4,328,0,0,0,328
03/07/2015,MKE,WI,AGL,CE,Combined TRACON& Tower with Radar,171,80,9,5,265,0,0,2,0,2,171,80,11,5,267,0,0,0,267
03/08/2015,MKE,WI,AGL,CE,Combined TRACON& Tower with Radar,164,84,14,2,264,0,0,2,1,3,164,84,16,3,267,0,4,4,271
03/09/2015,MKE,WI,AGL,CE,Combined TRACON& Tower with Radar,176,103,16,1,296,0,4,1,0,5,176,107,17,1,301,0,0,0,301
03/10/2015,MKE,WI,AGL,CE,Combined TRACON& Tower with Radar,187,124,38,10,359,0,0,1,0,1,187,124,39,10,360,0,0,0,360
03/11/2015,MKE,WI,AGL,CE,Combined TRACON& Tower with Radar,191,119,29,3,342,0,0,16,0,16,191,119,45,3,358,10,0,10,368
03/12/2015,MKE,WI,AGL,CE,Combined TRACON& Tower with Radar,189,126,37,5,357,0,4,6,0,10,189,130,43,5,367,0,0,0,367
03/13/2015,MKE,WI,AGL,CE,Combined TRACON& Tower with Radar,180,123,25,6,334,0,2,5,1,8,180,125,30,7,342,0,0,0,342
03/14/2015,MKE,WI,AGL,CE,Combined TRACON& Tower with Radar,162,82,17,0,261,0,0,2,0,2,162,82,19,0,263,0,0,0,263
03/15/2015,MKE,WI,AGL,CE,Combined TRACON& Tower with Radar,159,82,21,5,267,0,0,4,0,4,159,82,25,5,271,0,0,0,271
03/16/2015,MKE,WI,AGL,CE,Combined TRACON& Tower with Radar,174,107,29,1,311,0,0,10,0,10,174,107,39,1,321,0,0,0,321
03/17/2015,MKE,WI,AGL,CE,Combined TRACON& Tower with Radar,181,125,24,2,332,0,0,6,0,6,181,125,30,2,338,0,0,0,338
03/18/2015,MKE,WI,AGL,CE,Combined TRACON& Tower with Radar,184,124,28,0,336,0,3,6,16,25,184,127,34,16,361,2,23,25,386
03/19/2015,MKE,WI,AGL,CE,Combined TRACON& Tower with Radar,187,120,34,1,342,0,1,11,0,12,187,121,45,1,354,0,0,0,354
03/20/2015,MKE,WI,AGL,CE,Combined TRACON& Tower with Radar,173,132,28,0,333,0,1,8,0,9,173,133,36,0,342,0,0,0,342
03/21/2015,MKE,WI,AGL,CE,Combined TRACON& Tower with Radar,166,77,4,1,248,0,2,5,0,7,166,79,9,1,255,0,0,0,255
03/22/2015,MKE,WI,AGL,CE,Combined TRACON& Tower with Radar,163,79,16,0,258,0,0,2,0,2,163,79,18,0,260,0,0,0,260
03/23/2015,MKE,WI,AGL,CE,Combined TRACON& Tower with Radar,183,93,23,0,299,0,0,5,0,5,183,93,28,0,304,0,0,0,304
03/24/2015,MKE,WI,AGL,CE,Combined TRACON& Tower with Radar,178,135,18,4,335,0,0,3,0,3,178,135,21,4,338,0,0,0,338
03/25/2015,MKE,WI,AGL,CE,Combined TRACON& Tower with Radar,181,136,29,2,348,0,1,0,0,1,181,137,29,2,349,0,0,0,349
03/26/2015,MKE,WI,AGL,CE,Combined TRACON& Tower with Radar,183,138,32,2,355,0,2,4,0,6,183,140,36,2,361,0,0,0,361
03/27/2015,MKE,WI,AGL,CE,Combined TRACON& Tower with Radar,186,129,19,2,336,0,1,9,0,10,186,130,28,2,346,0,0,0,346
03/28/2015,MKE,WI,AGL,CE,Combined TRACON& Tower with Radar,169,77,28,1,275,0,4,8,0,12,169,81,36,1,287,0,0,0,287
03/29/2015,MKE,WI,AGL,CE,Combined TRACON& Tower with Radar,160,76,8,0,244,0,0,0,0,0,160,76,8,0,244,0,0,0,244
03/30/2015,MKE,WI,AGL,CE,Combined TRACON& Tower with Radar,177,109,20,0,306,0,2,0,0,2,177,111,20,0,308,8,0,8,316
03/31/2015,MKE,WI,AGL,CE,Combined TRACON& Tower with Radar,178,127,32,11,348,0,2,3,7,12,178,129,35,18,360,0,0,0,360
04/01/2015,MKE,WI,AGL,CE,Combined TRACON& Tower with Radar,188,126,27,3,344,0,0,18,0,18,188,126,45,3,362,0,0,0,362
04/02/2015,MKE,WI,AGL,CE,Combined TRACON& Tower with Radar,183,119,33,12,347,0,2,0,0,2,183,121,33,12,349,0,0,0,349
04/03/2015,MKE,WI,AGL,CE,Combined TRACON& Tower with Radar,177,113,9,6,305,0,5,3,0,8,177,118,12,6,313,0,0,0,313
04/04/2015,MKE,WI,AGL,CE,Combined TRACON& Tower with Radar,167,74,13,0,254,0,0,15,0,15,167,74,28,0,269,0,0,0,269
04/05/2015,MKE,WI,AGL,CE,Combined TRACON& Tower with Radar,147,86,9,0,242,0,0,2,0,2,147,86,11,0,244,0,0,0,244
04/06/2015,MKE,WI,AGL,CE,Combined TRACON& Tower with Radar,173,112,35,1,321,0,3,7,0,10,173,115,42,1,331,0,0,0,331
04/07/2015,MKE,WI,AGL,CE,Combined TRACON& Tower with Radar,186,129,53,4,372,0,0,0,0,0,186,129,53,4,372,0,0,0,372
04/08/2015,MKE,WI,AGL,CE,Combined TRACON& Tower with Radar,174,126,39,4,343,0,0,0,0,0,174,126,39,4,343,0,0,0,343
04/09/2015,MKE,WI,AGL,CE,Combined TRACON& Tower with Radar,186,95,16,0,297,0,0,0,0,0,186,95,16,0,297,0,0,0,297
04/10/2015,MKE,WI,AGL,CE,Combined TRACON& Tower with Radar,171,129,28,2,330,0,1,0,0,1,171,130,28,2,331,0,0,0,331
04/11/2015,MKE,WI,AGL,CE,Combined TRACON& Tower with Radar,133,76,12,0,221,0,6,11,0,17,133,82,23,0,238,0,0,0,238
04/12/2015,MKE,WI,AGL,CE,Combined TRACON& Tower with Radar,159,96,17,3,275,0,2,7,0,9,159,98,24,3,284,0,0,0,284
04/13/2015,MKE,WI,AGL,CE,Combined TRACON& Tower with Radar,165,108,14,0,287,0,0,0,0,0,165,108,14,0,287,0,0,0,287
04/14/2015,MKE,WI,AGL,CE,Combined TRACON& Tower with Radar,167,132,27,4,330,0,5,9,0,14,167,137,36,4,344,6,0,6,350
04/15/2015,MKE,WI,AGL,CE,Combined TRACON& Tower with Radar,170,129,32,4,335,0,2,15,0,17,170,131,47,4,352,0,0,0,352
04/16/2015,MKE,WI,AGL,CE,Combined TRACON& Tower with Radar,166,123,26,16,331,0,4,4,0,8,166,127,30,16,339,0,0,0,339
04/17/2015,MKE,WI,AGL,CE,Combined TRACON& Tower with Radar,167,127,25,5,324,0,0,14,5,19,167,127,39,10,343,16,0,16,359
04/18/2015,MKE,WI,AGL,CE,Combined TRACON& Tower with Radar,129,74,8,3,214,0,0,10,0,10,129,74,18,3,224,4,0,4,228
04/19/2015,MKE,WI,AGL,CE,Combined TRACON& Tower with Radar,147,90,14,0,251,0,0,4,0,4,147,90,18,0,255,8,0,8,263
04/20/2015,MKE,WI,AGL,CE,Combined TRACON& Tower with Radar,152,111,27,2,292,0,4,0,0,4,152,115,27,2,296,0,0,0,296
04/21/2015,MKE,WI,AGL,CE,Combined TRACON& Tower with Radar,165,127,27,6,325,0,4,4,0,8,165,131,31,6,333,0,0,0,333
04/22/2015,MKE,WI,AGL,CE,Combined TRACON& Tower with Radar,172,131,35,5,343,0,0,1,0,1,172,131,36,5,344,0,0,0,344
04/23/2015,MKE,WI,AGL,CE,Combined TRACON& Tower with Radar,171,144,44,7,366,0,2,2,0,4,171,146,46,7,370,0,0,0,370
04/24/2015,MKE,WI,AGL,CE,Combined TRACON& Tower with Radar,157,136,27,12,332,0,2,12,0,14,157,138,39,12,346,0,7,7,353
04/25/2015,MKE,WI,AGL,CE,Combined TRACON& Tower with Radar,127,81,25,0,233,0,2,5,0,7,127,83,30,0,240,0,0,0,240
04/26/2015,MKE,WI,AGL,CE,Combined TRACON& Tower with Radar,149,83,20,2,254,0,0,5,0,5,149,83,25,2,259,14,0,14,273
04/27/2015,MKE,WI,AGL,CE,Combined TRACON& Tower with Radar,153,114,38,1,306,0,2,8,0,10,153,116,46,1,316,0,0,0,316
04/28/2015,MKE,WI,AGL,CE,Combined TRACON& Tower with Radar,167,122,34,9,332,0,0,6,0,6,167,122,40,9,338,0,0,0,338
04/29/2015,MKE,WI,AGL,CE,Combined TRACON& Tower with Radar,169,137,32,9,347,0,11,3,0,14,169,148,35,9,361,12,0,12,373
04/30/2015,MKE,WI,AGL,CE,Combined TRACON& Tower with Radar,166,134,34,1,335,0,6,1,0,7,166,140,35,1,342,0,0,0,342
05/01/2015,MKE,WI,AGL,CE,Combined TRACON& Tower with Radar,169,131,27,6,333,0,2,8,1,11,169,133,35,7,344,0,0,0,344
05/02/2015,MKE,WI,AGL,CE,Combined TRACON& Tower with Radar,120,70,11,3,204,0,0,10,0,10,120,70,21,3,214,0,0,0,214
05/03/2015,MKE,WI,AGL,CE,Combined TRACON& Tower with Radar,148,89,13,9,259,0,2,2,1,5,148,91,15,10,264,0,0,0,264
05/04/2015,MKE,WI,AGL,CE,Combined TRACON& Tower with Radar,159,109,35,1,304,0,3,6,0,9,159,112,41,1,313,0,0,0,313
05/05/2015,MKE,WI,AGL,CE,Combined TRACON& Tower with Radar,169,130,41,19,359,0,1,3,0,4,169,131,44,19,363,0,0,0,363
05/06/2015,MKE,WI,AGL,CE,Combined TRACON& Tower with Radar,162,122,44,10,338,0,0,0,0,0,162,122,44,10,338,0,0,0,338
05/07/2015,MKE,WI,AGL,CE,Combined TRACON& Tower with Radar,178,136,47,6,367,0,4,11,0,15,178,140,58,6,382,0,0,0,382
05/08/2015,MKE,WI,AGL,CE,Combined TRACON& Tower with Radar,170,138,37,0,345,0,0,6,0,6,170,138,43,0,351,0,0,0,351
05/09/2015,MKE,WI,AGL,CE,Combined TRACON& Tower with Radar,111,83,18,0,212,0,0,0,0,0,111,83,18,0,212,0,0,0,212
05/10/2015,MKE,WI,AGL,CE,Combined TRACON& Tower with Radar,133,78,10,1,222,0,2,0,0,2,133,80,10,1,224,0,0,0,224
05/11/2015,MKE,WI,AGL,CE,Combined TRACON& Tower with Radar,154,114,58,1,327,0,0,3,0,3,154,114,61,1,330,0,0,0,330
05/12/2015,MKE,WI,AGL,CE,Combined TRACON& Tower with Radar,169,117,47,4,337,0,1,8,0,9,169,118,55,4,346,0,0,0,346
05/13/2015,MKE,WI,AGL,CE,Combined TRACON& Tower with Radar,165,132,45,9,351,0,3,11,0,14,165,135,56,9,365,8,0,8,373
05/14/2015,MKE,WI,AGL,CE,Combined TRACON& Tower with Radar,164,126,41,4,335,0,1,6,0,7,164,127,47,4,342,0,0,0,342
05/15/2015,MKE,WI,AGL,CE,Combined TRACON& Tower with Radar,163,119,26,2,310,0,0,2,0,2,163,119,28,2,312,0,0,0,312
05/16/2015,MKE,WI,AGL,CE,Combined TRACON& Tower with Radar,129,81,21,0,231,0,0,3,0,3,129,81,24,0,234,0,0,0,234
05/17/2015,MKE,WI,AGL,CE,Combined TRACON& Tower with Radar,140,88,15,1,244,0,2,0,0,2,140,90,15,1,246,0,0,0,246
05/18/2015,MKE,WI,AGL,CE,Combined TRACON& Tower with Radar,155,110,49,1,315,0,5,9,2,16,155,115,58,3,331,0,0,0,331
05/19/2015,MKE,WI,AGL,CE,Combined TRACON& Tower with Radar,165,144,41,10,360,0,1,16,9,26,165,145,57,19,386,2,0,2,388
05/20/2015,MKE,WI,AGL,CE,Combined TRACON& Tower with Radar,165,136,53,3,357,0,1,2,0,3,165,137,55,3,360,0,0,0,360
05/21/2015,MKE,WI,AGL,CE,Combined TRACON& Tower with Radar,168,127,33,0,328,0,0,6,0,6,168,127,39,0,334,0,0,0,334
05/22/2015,MKE,WI,AGL,CE,Combined TRACON& Tower with Radar,169,134,35,0,338,0,2,8,0,10,169,136,43,0,348,0,0,0,348
05/23/2015,MKE,WI,AGL,CE,Combined TRACON& Tower with Radar,108,73,18,0,199,0,2,6,0,8,108,75,24,0,207,0,0,0,207
05/24/2015,MKE,WI,AGL,CE,Combined TRACON& Tower with Radar,114,76,6,0,196,0,0,2,4,6,114,76,8,4,202,0,0,0,202
05/25/2015,MKE,WI,AGL,CE,Combined TRACON& Tower with Radar,128,92,14,0,234,0,2,0,0,2,128,94,14,0,236,0,0,0,236
05/26/2015,MKE,WI,AGL,CE,Combined TRACON& Tower with Radar,156,116,44,4,320,0,0,0,0,0,156,116,44,4,320,0,0,0,320
05/27/2015,MKE,WI,AGL,CE,Combined TRACON& Tower with Radar,160,139,52,3,354,0,2,5,0,7,160,141,57,3,361,0,0,0,361
05/28/2015,MKE,WI,AGL,CE,Combined TRACON& Tower with Radar,167,139,69,0,375,0,6,14,0,20,167,145,83,0,395,4,0,4,399
05/29/2015,MKE,WI,AGL,CE,Combined TRACON& Tower with Radar,172,134,33,0,339,0,7,8,2,17,172,141,41,2,356,0,0,0,356
05/30/2015,MKE,WI,AGL,CE,Combined TRACON& Tower with Radar,115,63,16,0,194,0,0,0,0,0,115,63,16,0,194,0,0,0,194
05/31/2015,MKE,WI,AGL,CE,Combined TRACON& Tower with Radar,142,84,27,0,253,0,2,9,0,11,142,86,36,0,264,0,0,0,264
06/01/2015,MKE,WI,AGL,CE,Combined TRACON& Tower with Radar,152,116,42,3,313,0,5,10,0,15,152,121,52,3,328,0,0,0,328
06/02/2015,MKE,WI,AGL,CE,Combined TRACON& Tower with Radar,167,145,44,0,356,0,4,9,0,13,167,149,53,0,369,0,0,0,369
06/03/2015,MKE,WI,AGL,CE,Combined TRACON& Tower with Radar,169,124,59,9,361,0,0,13,0,13,169,124,72,9,374,0,0,0,374
06/04/2015,MKE,WI,AGL,CE,Combined TRACON& Tower with Radar,169,128,39,2,338,0,0,4,1,5,169,128,43,3,343,0,0,0,343
06/05/2015,MKE,WI,AGL,CE,Combined TRACON& Tower with Radar,171,130,36,6,343,0,0,6,0,6,171,130,42,6,349,0,0,0,349
06/06/2015,MKE,WI,AGL,CE,Combined TRACON& Tower with Radar,129,73,20,2,224,0,4,17,0,21,129,77,37,2,245,0,0,0,245
06/07/2015,MKE,WI,AGL,CE,Combined TRACON& Tower with Radar,157,85,18,5,265,0,1,3,0,4,157,86,21,5,269,0,0,0,269
06/08/2015,MKE,WI,AGL,CE,Combined TRACON& Tower with Radar,170,93,44,0,307,0,2,9,0,11,170,95,53,0,318,0,0,0,318
06/09/2015,MKE,WI,AGL,CE,Combined TRACON& Tower with Radar,166,124,28,6,324,0,0,10,4,14,166,124,38,10,338,0,0,0,338
06/10/2015,MKE,WI,AGL,CE,Combined TRACON& Tower with Radar,187,133,37,5,362,0,6,19,2,27,187,139,56,7,389,0,0,0,389
06/11/2015,MKE,WI,AGL,CE,Combined TRACON& Tower with Radar,174,135,37,6,352,0,0,4,0,4,174,135,41,6,356,0,0,0,356
06/12/2015,MKE,WI,AGL,CE,Combined TRACON& Tower with Radar,177,131,40,6,354,0,0,1,0,1,177,131,41,6,355,0,0,0,355
06/13/2015,MKE,WI,AGL,CE,Combined TRACON& Tower with Radar,137,82,19,5,243,0,0,0,0,0,137,82,19,5,243,0,0,0,243
06/14/2015,MKE,WI,AGL,CE,Combined TRACON& Tower with Radar,160,75,21,3,259,0,3,2,0,5,160,78,23,3,264,0,0,0,264
06/15/2015,MKE,WI,AGL,CE,Combined TRACON& Tower with Radar,189,102,45,0,336,0,0,6,0,6,189,102,51,0,342,0,0,0,342
06/16/2015,MKE,WI,AGL,CE,Combined TRACON& Tower with Radar,173,140,47,7,367,0,2,19,0,21,173,142,66,7,388,0,0,0,388
06/17/2015,MKE,WI,AGL,CE,Combined TRACON& Tower with Radar,173,137,45,3,358,0,5,7,6,18,173,142,52,9,376,0,0,0,376
06/18/2015,MKE,WI,AGL,CE,Combined TRACON& Tower with Radar,172,135,39,6,352,0,3,0,1,4,172,138,39,7,356,2,0,2,358
06/19/2015,MKE,WI,AGL,CE,Combined TRACON& Tower with Radar,169,123,47,3,342,0,5,14,2,21,169,128,61,5,363,0,0,0,363
06/20/2015,MKE,WI,AGL,CE,Combined TRACON& Tower with Radar,126,77,14,2,219,0,7,10,0,17,126,84,24,2,236,8,0,8,244
06/21/2015,MKE,WI,AGL,CE,Combined TRACON& Tower with Radar,158,78,13,2,251,0,1,4,0,5,158,79,17,2,256,0,0,0,256
06/22/2015,MKE,WI,AGL,CE,Combined TRACON& Tower with Radar,164,104,34,1,303,0,0,0,0,0,164,104,34,1,303,0,0,0,303
06/23/2015,MKE,WI,AGL,CE,Combined TRACON& Tower with Radar,169,141,54,8,372,0,0,15,0,15,169,141,69,8,387,0,0,0,387
06/24/2015,MKE,WI,AGL,CE,Combined TRACON& Tower with Radar,167,132,70,5,374,0,0,15,5,20,167,132,85,10,394,0,2,2,396
06/25/2015,MKE,WI,AGL,CE,Combined TRACON& Tower with Radar,173,132,63,13,381,0,0,5,0,5,173,132,68,13,386,4,4,8,394
06/26/2015,MKE,WI,AGL,CE,Combined TRACON& Tower with Radar,165,130,41,17,353,0,5,7,1,13,165,135,48,18,366,0,6,6,372
06/27/2015,MKE,WI,AGL,CE,Combined TRACON& Tower with Radar,122,76,21,2,221,0,2,11,1,14,122,78,32,3,235,0,0,0,235
06/28/2015,MKE,WI,AGL,CE,Combined TRACON& Tower with Radar,153,82,24,2,261,0,0,8,0,8,153,82,32,2,269,0,0,0,269
06/29/2015,MKE,WI,AGL,CE,Combined TRACON& Tower with Radar,160,119,33,1,313,0,0,4,0,4,160,119,37,1,317,0,0,0,317
06/30/2015,MKE,WI,AGL,CE,Combined TRACON& Tower with Radar,151,121,58,14,344,0,1,2,0,3,151,122,60,14,347,0,0,0,347
07/01/2015,MKE,WI,AGL,CE,Combined TRACON& Tower with Radar,174,150,41,6,371,0,9,13,1,23,174,159,54,7,394,6,0,6,400
07/02/2015,MKE,WI,AGL,CE,Combined TRACON& Tower with Radar,174,130,32,8,344,0,0,8,3,11,174,130,40,11,355,4,0,4,359
07/03/2015,MKE,WI,AGL,CE,Combined TRACON& Tower with Radar,141,84,5,0,230,0,2,9,4,15,141,86,14,4,245,0,0,0,245
07/04/2015,MKE,WI,AGL,CE,Combined TRACON& Tower with Radar,103,57,5,0,165,0,2,9,0,11,103,59,14,0,176,0,0,0,176
07/05/2015,MKE,WI,AGL,CE,Combined TRACON& Tower with Radar,157,90,23,1,271,0,0,3,0,3,157,90,26,1,274,0,0,0,274
07/06/2015,MKE,WI,AGL,CE,Combined TRACON& Tower with Radar,172,103,44,5,324,0,2,2,0,4,172,105,46,5,328,0,0,0,328
07/07/2015,MKE,WI,AGL,CE,Combined TRACON& Tower with Radar,175,130,44,12,361,0,0,5,0,5,175,130,49,12,366,0,8,8,374
07/08/2015,MKE,WI,AGL,CE,Combined TRACON& Tower with Radar,176,133,51,4,364,0,0,2,0,2,176,133,53,4,366,0,0,0,366
07/09/2015,MKE,WI,AGL,CE,Combined TRACON& Tower with Radar,174,134,34,4,346,0,5,9,0,14,174,139,43,4,360,0,0,0,360
07/10/2015,MKE,WI,AGL,CE,Combined TRACON& Tower with Radar,171,117,28,8,324,0,2,13,6,21,171,119,41,14,345,0,0,0,345
07/11/2015,MKE,WI,AGL,CE,Combined TRACON& Tower with Radar,123,80,30,1,234,0,2,4,0,6,123,82,34,1,240,8,0,8,248
07/12/2015,MKE,WI,AGL,CE,Combined TRACON& Tower with Radar,153,91,46,3,293,0,4,7,0,11,153,95,53,3,304,8,0,8,312
07/13/2015,MKE,WI,AGL,CE,Combined TRACON& Tower with Radar,175,112,32,0,319,0,0,6,0,6,175,112,38,0,325,0,0,0,325
07/14/2015,MKE,WI,AGL,CE,Combined TRACON& Tower with Radar,166,128,48,5,347,0,5,5,0,10,166,133,53,5,357,0,0,0,357
07/15/2015,MKE,WI,AGL,CE,Combined TRACON& Tower with Radar,173,138,52,5,368,0,0,38,0,38,173,138,90,5,406,0,0,0,406
07/16/2015,MKE,WI,AGL,CE,Combined TRACON& Tower with Radar,175,136,35,1,347,0,0,9,0,9,175,136,44,1,356,0,0,0,356
07/17/2015,MKE,WI,AGL,CE,Combined TRACON& Tower with Radar,177,135,41,10,363,0,0,13,2,15,177,135,54,12,378,0,8,8,386
07/18/2015,MKE,WI,AGL,CE,Combined TRACON& Tower with Radar,127,86,24,3,240,0,0,9,0,9,127,86,33,3,249,0,0,0,249
07/19/2015,MKE,WI,AGL,CE,Combined TRACON& Tower with Radar,160,78,11,1,250,0,0,10,0,10,160,78,21,1,260,0,0,0,260
07/20/2015,MKE,WI,AGL,CE,Combined TRACON& Tower with Radar,167,110,49,1,327,0,2,10,0,12,167,112,59,1,339,0,0,0,339
07/21/2015,MKE,WI,AGL,CE,Combined TRACON& Tower with Radar,168,137,57,5,367,0,11,12,0,23,168,148,69,5,390,7,0,7,397
07/22/2015,MKE,WI,AGL,CE,Combined TRACON& Tower with Radar,183,136,62,0,381,0,0,13,0,13,183,136,75,0,394,0,0,0,394
07/23/2015,MKE,WI,AGL,CE,Combined TRACON& Tower with Radar,172,126,47,13,358,0,1,22,3,26,172,127,69,16,384,0,0,0,384
07/24/2015,MKE,WI,AGL,CE,Combined TRACON& Tower with Radar,172,135,30,11,348,0,2,36,12,50,172,137,66,23,398,0,0,0,398
07/25/2015,MKE,WI,AGL,CE,Combined TRACON& Tower with Radar,123,75,25,1,224,0,5,48,10,63,123,80,73,11,287,0,0,0,287
07/26/2015,MKE,WI,AGL,CE,Combined TRACON& Tower with Radar,156,93,19,3,271,0,12,45,7,64,156,105,64,10,335,0,0,0,335
07/27/2015,MKE,WI,AGL,CE,Combined TRACON& Tower with Radar,165,114,32,7,318,0,5,27,1,33,165,119,59,8,351,0,0,0,351
07/28/2015,MKE,WI,AGL,CE,Combined TRACON& Tower with Radar,175,132,45,3,355,0,1,3,0,4,175,133,48,3,359,14,0,14,373
07/29/2015,MKE,WI,AGL,CE,Combined TRACON& Tower with Radar,176,142,46,4,368,0,0,11,2,13,176,142,57,6,381,8,0,8,389
07/30/2015,MKE,WI,AGL,CE,Combined TRACON& Tower with Radar,170,125,46,0,341,0,2,13,0,15,170,127,59,0,356,0,0,0,356
07/31/2015,MKE,WI,AGL,CE,Combined TRACON& Tower with Radar,170,122,28,5,325,0,0,18,0,18,170,122,46,5,343,0,0,0,343
08/01/2015,MKE,WI,AGL,CE,Combined TRACON& Tower with Radar,121,83,14,1,219,0,6,17,0,23,121,89,31,1,242,0,0,0,242
08/02/2015,MKE,WI,AGL,CE,Combined TRACON& Tower with Radar,167,96,24,5,292,0,4,12,4,20,167,100,36,9,312,0,0,0,312
08/03/2015,MKE,WI,AGL,CE,Combined TRACON& Tower with Radar,178,118,38,2,336,0,3,7,0,10,178,121,45,2,346,0,0,0,346
08/04/2015,MKE,WI,AGL,CE,Combined TRACON& Tower with Radar,174,153,54,4,385,0,6,10,2,18,174,159,64,6,403,0,0,0,403
08/05/2015,MKE,WI,AGL,CE,Combined TRACON& Tower with Radar,167,135,46,18,366,0,2,7,1,10,167,137,53,19,376,0,8,8,384
08/06/2015,MKE,WI,AGL,CE,Combined TRACON& Tower with Radar,181,137,37,4,359,0,2,16,5,23,181,139,53,9,382,0,7,7,389
08/07/2015,MKE,WI,AGL,CE,Combined TRACON& Tower with Radar,170,129,30,25,354,0,0,4,1,5,170,129,34,26,359,2,0,2,361
08/08/2015,MKE,WI,AGL,CE,Combined TRACON& Tower with Radar,125,88,14,0,227,0,2,6,0,8,125,90,20,0,235,2,0,2,237
08/09/2015,MKE,WI,AGL,CE,Combined TRACON& Tower with Radar,140,112,24,0,276,0,2,3,0,5,140,114,27,0,281,12,0,12,293
08/10/2015,MKE,WI,AGL,CE,Combined TRACON& Tower with Radar,153,110,23,1,287,0,0,1,0,1,153,110,24,1,288,0,0,0,288
08/11/2015,MKE,WI,AGL,CE,Combined TRACON& Tower with Radar,163,136,47,5,351,0,0,8,4,12,163,136,55,9,363,10,0,10,373
08/12/2015,MKE,WI,AGL,CE,Combined TRACON& Tower with Radar,157,148,57,11,373,0,5,17,5,27,157,153,74,16,400,0,0,0,400
08/13/2015,MKE,WI,AGL,CE,Combined TRACON& Tower with Radar,159,138,39,8,344,0,2,11,0,13,159,140,50,8,357,0,0,0,357
08/14/2015,MKE,WI,AGL,CE,Combined TRACON& Tower with Radar,162,132,37,6,337,0,0,2,0,2,162,132,39,6,339,0,0,0,339
08/15/2015,MKE,WI,AGL,CE,Combined TRACON& Tower with Radar,121,91,15,8,235,0,0,9,1,10,121,91,24,9,245,0,0,0,245
08/16/2015,MKE,WI,AGL,CE,Combined TRACON& Tower with Radar,144,90,30,0,264,0,0,8,0,8,144,90,38,0,272,0,0,0,272
08/17/2015,MKE,WI,AGL,CE,Combined TRACON& Tower with Radar,160,102,27,1,290,0,0,2,0,2,160,102,29,1,292,0,0,0,292
08/18/2015,MKE,WI,AGL,CE,Combined TRACON& Tower with Radar,158,135,47,3,343,0,0,3,0,3,158,135,50,3,346,0,0,0,346
08/19/2015,MKE,WI,AGL,CE,Combined TRACON& Tower with Radar,156,132,41,4,333,0,0,6,0,6,156,132,47,4,339,0,0,0,339
08/20/2015,MKE,WI,AGL,CE,Combined TRACON& Tower with Radar,161,121,42,9,333,0,0,7,0,7,161,121,49,9,340,0,0,0,340
08/21/2015,MKE,WI,AGL,CE,Combined TRACON& Tower with Radar,156,130,20,4,310,0,1,16,1,18,156,131,36,5,328,2,0,2,330
08/22/2015,MKE,WI,AGL,CE,Combined TRACON& Tower with Radar,105,75,11,1,192,0,3,25,0,28,105,78,36,1,220,4,0,4,224
08/23/2015,MKE,WI,AGL,CE,Combined TRACON& Tower with Radar,137,88,13,1,239,0,0,5,0,5,137,88,18,1,244,0,0,0,244
08/24/2015,MKE,WI,AGL,CE,Combined TRACON& Tower with Radar,152,111,18,0,281,0,0,4,0,4,152,111,22,0,285,0,0,0,285
08/25/2015,MKE,WI,AGL,CE,Combined TRACON& Tower with Radar,158,128,26,9,321,0,0,0,0,0,158,128,26,9,321,0,0,0,321
08/26/2015,MKE,WI,AGL,CE,Combined TRACON& Tower with Radar,155,124,38,4,321,0,2,6,0,8,155,126,44,4,329,0,0,0,329
08/27/2015,MKE,WI,AGL,CE,Combined TRACON& Tower with Radar,163,127,28,7,325,0,4,12,0,16,163,131,40,7,341,0,0,0,341
08/28/2015,MKE,WI,AGL,CE,Combined TRACON& Tower with Radar,159,131,33,2,325,0,3,1,0,4,159,134,34,2,329,0,0,0,329
08/29/2015,MKE,WI,AGL,CE,Combined TRACON& Tower with Radar,98,74,12,0,184,0,0,0,0,0,98,74,12,0,184,0,0,0,184
08/30/2015,MKE,WI,AGL,CE,Combined TRACON& Tower with Radar,138,80,19,2,239,0,2,2,0,4,138,82,21,2,243,0,0,0,243
08/31/2015,MKE,WI,AGL,CE,Combined TRACON& Tower with Radar,156,111,33,3,303,0,0,4,0,4,156,111,37,3,307,0,0,0,307
09/01/2015,MKE,WI,AGL,CE,Combined TRACON& Tower with Radar,156,129,32,3,320,0,0,3,2,5,156,129,35,5,325,0,0,0,325
09/02/2015,MKE,WI,AGL,CE,Combined TRACON& Tower with Radar,157,134,45,15,351,0,0,10,0,10,157,134,55,15,361,0,0,0,361
09/03/2015,MKE,WI,AGL,CE,Combined TRACON& Tower with Radar,162,144,53,6,365,0,3,9,0,12,162,147,62,6,377,0,0,0,377
09/04/2015,MKE,WI,AGL,CE,Combined TRACON& Tower with Radar,155,130,21,5,311,0,2,12,0,14,155,132,33,5,325,0,0,0,325
09/05/2015,MKE,WI,AGL,CE,Combined TRACON& Tower with Radar,81,77,7,1,166,0,0,14,0,14,81,77,21,1,180,0,0,0,180
09/06/2015,MKE,WI,AGL,CE,Combined TRACON& Tower with Radar,110,66,5,0,181,0,4,9,0,13,110,70,14,0,194,0,0,0,194
09/07/2015,MKE,WI,AGL,CE,Combined TRACON& Tower with Radar,135,96,16,0,247,0,2,9,0,11,135,98,25,0,258,0,0,0,258
09/08/2015,MKE,WI,AGL,CE,Combined TRACON& Tower with Radar,153,114,28,2,297,0,0,2,2,4,153,114,30,4,301,16,0,16,317
09/09/2015,MKE,WI,AGL,CE,Combined TRACON& Tower with Radar,149,125,32,15,321,0,1,15,1,17,149,126,47,16,338,0,0,0,338
09/10/2015,MKE,WI,AGL,CE,Combined TRACON& Tower with Radar,142,134,48,6,330,0,0,0,0,0,142,134,48,6,330,0,0,0,330
09/11/2015,MKE,WI,AGL,CE,Combined TRACON& Tower with Radar,146,124,20,37,327,0,6,3,0,9,146,130,23,37,336,0,0,0,336
09/12/2015,MKE,WI,AGL,CE,Combined TRACON& Tower with Radar,91,79,16,0,186,0,2,11,5,18,91,81,27,5,204,8,0,8,212
09/13/2015,MKE,WI,AGL,CE,Combined TRACON& Tower with Radar,143,87,11,5,246,0,2,20,0,22,143,89,31,5,268,0,0,0,268
09/14/2015,MKE,WI,AGL,CE,Combined TRACON& Tower with Radar,147,113,24,2,286,0,0,10,0,10,147,113,34,2,296,0,0,0,296
09/15/2015,MKE,WI,AGL,CE,Combined TRACON& Tower with Radar,153,126,55,6,340,0,6,15,0,21,153,132,70,6,361,0,0,0,361
09/16/2015,MKE,WI,AGL,CE,Combined TRACON& Tower with Radar,154,129,36,2,321,0,1,15,0,16,154,130,51,2,337,14,0,14,351
09/17/2015,MKE,WI,AGL,CE,Combined TRACON& Tower with Radar,160,135,41,11,347,0,0,2,0,2,160,135,43,11,349,0,10,10,359
09/18/2015,MKE,WI,AGL,CE,Combined TRACON& Tower with Radar,154,117,31,10,312,0,0,0,0,0,154,117,31,10,312,0,0,0,312
09/19/2015,MKE,WI,AGL,CE,Combined TRACON& Tower with Radar,94,75,17,1,187,0,0,6,1,7,94,75,23,2,194,0,0,0,194
09/20/2015,MKE,WI,AGL,CE,Combined TRACON& Tower with Radar,139,76,18,0,233,0,3,10,0,13,139,79,28,0,246,0,0,0,246
09/21/2015,MKE,WI,AGL,CE,Combined TRACON& Tower with Radar,146,105,34,0,285,0,1,5,0,6,146,106,39,0,291,0,0,0,291
09/22/2015,MKE,WI,AGL,CE,Combined TRACON& Tower with Radar,152,122,50,14,338,0,2,13,0,15,152,124,63,14,353,6,2,8,361
09/23/2015,MKE,WI,AGL,CE,Combined TRACON& Tower with Radar,153,120,39,4,316,0,3,5,0,8,153,123,44,4,324,0,0,0,324
09/24/2015,MKE,WI,AGL,CE,Combined TRACON& Tower with Radar,154,124,53,0,331,0,0,10,0,10,154,124,63,0,341,0,0,0,341
09/25/2015,MKE,WI,AGL,CE,Combined TRACON& Tower with Radar,155,127,24,0,306,0,0,12,0,12,155,127,36,0,318,0,0,0,318
09/26/2015,MKE,WI,AGL,CE,Combined TRACON& Tower with Radar,92,71,16,0,179,0,4,6,0,10,92,75,22,0,189,0,0,0,189
09/27/2015,MKE,WI,AGL,CE,Combined TRACON& Tower with Radar,137,90,15,1,243,0,2,6,0,8,137,92,21,1,251,0,0,0,251
09/28/2015,MKE,WI,AGL,CE,Combined TRACON& Tower with Radar,150,115,36,0,301,0,4,4,1,9,150,119,40,1,310,0,0,0,310
09/29/2015,MKE,WI,AGL,CE,Combined TRACON& Tower with Radar,152,115,47,10,324,0,4,0,0,4,152,119,47,10,328,0,0,0,328
09/30/2015,MKE,WI,AGL,CE,Combined TRACON& Tower with Radar,155,130,47,2,334,0,2,13,0,15,155,132,60,2,349,0,0,0,349
10/01/2015,MKE,WI,AGL,CE,Combined TRACON& Tower with Radar,161,131,42,4,338,0,0,9,0,9,161,131,51,4,347,0,0,0,347
10/02/2015,MKE,WI,AGL,CE,Combined TRACON& Tower with Radar,154,122,36,2,314,0,1,5,0,6,154,123,41,2,320,0,0,0,320
10/03/2015,MKE,WI,AGL,CE,Combined TRACON& Tower with Radar,94,71,19,7,191,0,1,1,0,2,94,72,20,7,193,0,0,0,193
10/04/2015,MKE,WI,AGL,CE,Combined TRACON& Tower with Radar,136,78,26,3,243,0,0,0,0,0,136,78,26,3,243,0,0,0,243
10/05/2015,MKE,WI,AGL,CE,Combined TRACON& Tower with Radar,148,108,27,0,283,0,2,0,0,2,148,110,27,0,285,0,0,0,285
10/06/2015,MKE,WI,AGL,CE,Combined TRACON& Tower with Radar,154,122,50,2,328,0,6,11,0,17,154,128,61,2,345,0,0,0,345
10/07/2015,MKE,WI,AGL,CE,Combined TRACON& Tower with Radar,160,135,43,2,340,0,2,26,0,28,160,137,69,2,368,0,0,0,368
10/08/2015,MKE,WI,AGL,CE,Combined TRACON& Tower with Radar,153,131,30,4,318,0,0,0,0,0,153,131,30,4,318,0,0,0,318
10/09/2015,MKE,WI,AGL,CE,Combined TRACON& Tower with Radar,153,128,38,0,319,0,5,12,0,17,153,133,50,0,336,0,0,0,336
10/10/2015,MKE,WI,AGL,CE,Combined TRACON& Tower with Radar,98,76,20,0,194,0,2,11,0,13,98,78,31,0,207,0,0,0,207
10/11/2015,MKE,WI,AGL,CE,Combined TRACON& Tower with Radar,146,82,22,0,250,0,2,12,0,14,146,84,34,0,264,0,0,0,264
10/12/2015,MKE,WI,AGL,CE,Combined TRACON& Tower with Radar,148,112,33,0,293,0,5,3,0,8,148,117,36,0,301,0,0,0,301
10/13/2015,MKE,WI,AGL,CE,Combined TRACON& Tower with Radar,153,142,45,4,344,0,1,0,0,1,153,143,45,4,345,0,0,0,345
10/14/2015,MKE,WI,AGL,CE,Combined TRACON& Tower with Radar,163,125,30,4,322,0,3,11,0,14,163,128,41,4,336,2,0,2,338
10/15/2015,MKE,WI,AGL,CE,Combined TRACON& Tower with Radar,155,132,41,2,330,0,5,5,0,10,155,137,46,2,340,0,0,0,340
10/16/2015,MKE,WI,AGL,CE,Combined TRACON& Tower with Radar,153,121,28,3,305,0,1,13,0,14,153,122,41,3,319,0,0,0,319
10/17/2015,MKE,WI,AGL,CE,Combined TRACON& Tower with Radar,99,74,9,0,182,0,7,9,0,16,99,81,18,0,198,0,0,0,198
10/18/2015,MKE,WI,AGL,CE,Combined TRACON& Tower with Radar,132,89,16,1,238,1,0,10,0,11,133,89,26,1,249,0,0,0,249
10/19/2015,MKE,WI,AGL,CE,Combined TRACON& Tower with Radar,151,124,34,0,309,0,2,0,0,2,151,126,34,0,311,0,0,0,311
10/20/2015,MKE,WI,AGL,CE,Combined TRACON& Tower with Radar,154,134,34,4,326,0,2,3,0,5,154,136,37,4,331,0,0,0,331
10/21/2015,MKE,WI,AGL,CE,Combined TRACON& Tower with Radar,156,133,43,0,332,0,0,4,0,4,156,133,47,0,336,0,0,0,336
10/22/2015,MKE,WI,AGL,CE,Combined TRACON& Tower with Radar,155,137,39,0,331,0,0,19,1,20,155,137,58,1,351,18,0,18,369
10/23/2015,MKE,WI,AGL,CE,Combined TRACON& Tower with Radar,147,133,29,6,315,0,2,1,0,3,147,135,30,6,318,0,0,0,318
10/24/2015,MKE,WI,AGL,CE,Combined TRACON& Tower with Radar,100,74,10,13,197,0,0,2,0,2,100,74,12,13,199,0,0,0,199
10/25/2015,MKE,WI,AGL,CE,Combined TRACON& Tower with Radar,137,100,16,4,257,0,5,11,0,16,137,105,27,4,273,0,0,0,273
10/26/2015,MKE,WI,AGL,CE,Combined TRACON& Tower with Radar,158,116,31,1,306,0,0,15,0,15,158,116,46,1,321,0,0,0,321
10/27/2015,MKE,WI,AGL,CE,Combined TRACON& Tower with Radar,149,124,31,5,309,0,2,0,0,2,149,126,31,5,311,0,0,0,311
10/28/2015,MKE,WI,AGL,CE,Combined TRACON& Tower with Radar,145,143,47,5,340,0,1,0,0,1,145,144,47,5,341,0,0,0,341
10/29/2015,MKE,WI,AGL,CE,Combined TRACON& Tower with Radar,157,141,59,2,359,0,5,2,0,7,157,146,61,2,366,0,0,0,366
10/30/2015,MKE,WI,AGL,CE,Combined TRACON& Tower with Radar,149,120,29,12,310,0,0,2,0,2,149,120,31,12,312,0,10,10,322
10/31/2015,MKE,WI,AGL,CE,Combined TRACON& Tower with Radar,93,75,10,0,178,0,0,0,0,0,93,75,10,0,178,0,0,0,178
11/01/2015,MKE,WI,AGL,CE,Combined TRACON& Tower with Radar,142,83,13,0,238,0,3,18,0,21,142,86,31,0,259,0,0,0,259
11/02/2015,MKE,WI,AGL,CE,Combined TRACON& Tower with Radar,156,122,26,3,307,0,0,11,0,11,156,122,37,3,318,0,0,0,318
11/03/2015,MKE,WI,AGL,CE,Combined TRACON& Tower with Radar,171,125,29,3,328,0,0,6,0,6,171,125,35,3,334,0,0,0,334
11/04/2015,MKE,WI,AGL,CE,Combined TRACON& Tower with Radar,174,132,38,8,352,0,2,10,0,12,174,134,48,8,364,0,2,2,366
11/05/2015,MKE,WI,AGL,CE,Combined TRACON& Tower with Radar,167,138,34,10,349,0,0,9,0,9,167,138,43,10,358,10,0,10,368
11/06/2015,MKE,WI,AGL,CE,Combined TRACON& Tower with Radar,161,141,32,12,346,0,0,4,0,4,161,141,36,12,350,0,0,0,350
11/07/2015,MKE,WI,AGL,CE,Combined TRACON& Tower with Radar,116,86,18,0,220,0,0,12,0,12,116,86,30,0,232,0,0,0,232
11/08/2015,MKE,WI,AGL,CE,Combined TRACON& Tower with Radar,139,94,12,6,251,0,0,7,0,7,139,94,19,6,258,18,0,18,276
11/09/2015,MKE,WI,AGL,CE,Combined TRACON& Tower with Radar,157,116,43,0,316,0,0,8,0,8,157,116,51,0,324,0,0,0,324
11/10/2015,MKE,WI,AGL,CE,Combined TRACON& Tower with Radar,166,136,57,4,363,0,4,8,7,19,166,140,65,11,382,2,5,7,389
11/11/2015,MKE,WI,AGL,CE,Combined TRACON& Tower with Radar,160,134,47,0,341,0,0,9,0,9,160,134,56,0,350,0,0,0,350
11/12/2015,MKE,WI,AGL,CE,Combined TRACON& Tower with Radar,164,123,34,0,321,0,2,0,0,2,164,125,34,0,323,0,0,0,323
11/13/2015,MKE,WI,AGL,CE,Combined TRACON& Tower with Radar,156,138,27,0,321,0,5,3,0,8,156,143,30,0,329,0,0,0,329
11/14/2015,MKE,WI,AGL,CE,Combined TRACON& Tower with Radar,109,80,16,0,205,0,3,11,0,14,109,83,27,0,219,0,0,0,219
11/15/2015,MKE,WI,AGL,CE,Combined TRACON& Tower with Radar,139,89,35,0,263,0,3,4,0,7,139,92,39,0,270,10,0,10,280
11/16/2015,MKE,WI,AGL,CE,Combined TRACON& Tower with Radar,157,113,30,0,300,0,0,5,0,5,157,113,35,0,305,0,0,0,305
11/17/2015,MKE,WI,AGL,CE,Combined TRACON& Tower with Radar,165,129,40,2,336,0,0,0,0,0,165,129,40,2,336,0,0,0,336
11/18/2015,MKE,WI,AGL,CE,Combined TRACON& Tower with Radar,168,133,41,3,345,0,4,0,0,4,168,137,41,3,349,0,0,0,349
11/19/2015,MKE,WI,AGL,CE,Combined TRACON& Tower with Radar,166,143,38,4,351,0,3,1,0,4,166,146,39,4,355,0,0,0,355
11/20/2015,MKE,WI,AGL,CE,Combined TRACON& Tower with Radar,163,138,19,4,324,0,0,1,0,1,163,138,20,4,325,0,2,2,327
11/21/2015,MKE,WI,AGL,CE,Combined TRACON& Tower with Radar,126,67,5,0,198,0,1,2,0,3,126,68,7,0,201,0,0,0,201
11/22/2015,MKE,WI,AGL,CE,Combined TRACON& Tower with Radar,129,83,21,1,234,0,3,1,0,4,129,86,22,1,238,0,0,0,238
11/23/2015,MKE,WI,AGL,CE,Combined TRACON& Tower with Radar,144,105,28,9,286,0,1,4,0,5,144,106,32,9,291,0,0,0,291
11/24/2015,MKE,WI,AGL,CE,Combined TRACON& Tower with Radar,156,120,35,10,321,0,0,5,0,5,156,120,40,10,326,14,0,14,340
11/25/2015,MKE,WI,AGL,CE,Combined TRACON& Tower with Radar,171,140,32,5,348,0,0,0,4,4,171,140,32,9,352,0,0,0,352
11/26/2015,MKE,WI,AGL,CE,Combined TRACON& Tower with Radar,88,51,10,0,149,0,2,0,0,2,88,53,10,0,151,0,0,0,151
11/27/2015,MKE,WI,AGL,CE,Combined TRACON& Tower with Radar,115,93,6,0,214,0,0,1,0,1,115,93,7,0,215,0,0,0,215
11/28/2015,MKE,WI,AGL,CE,Combined TRACON& Tower with Radar,146,91,10,0,247,0,13,9,0,22,146,104,19,0,269,14,0,14,283
11/29/2015,MKE,WI,AGL,CE,Combined TRACON& Tower with Radar,157,86,24,1,268,0,2,11,0,13,157,88,35,1,281,0,0,0,281
11/30/2015,MKE,WI,AGL,CE,Combined TRACON& Tower with Radar,157,123,42,3,325,0,1,0,0,1,157,124,42,3,326,0,0,0,326
12/01/2015,MKE,WI,AGL,CE,Combined TRACON& Tower with Radar,176,106,57,0,339,0,0,16,0,16,176,106,73,0,355,0,0,0,355
12/02/2015,MKE,WI,AGL,CE,Combined TRACON& Tower with Radar,171,122,43,0,336,0,0,3,0,3,171,122,46,0,339,0,0,0,339
12/03/2015,MKE,WI,AGL,CE,Combined TRACON& Tower with Radar,170,131,51,0,352,0,0,0,0,0,170,131,51,0,352,0,0,0,352
12/04/2015,MKE,WI,AGL,CE,Combined TRACON& Tower with Radar,168,118,21,2,309,0,2,20,0,22,168,120,41,2,331,0,0,0,331
12/05/2015,MKE,WI,AGL,CE,Combined TRACON& Tower with Radar,111,76,19,1,207,0,2,10,1,13,111,78,29,2,220,0,0,0,220
12/06/2015,MKE,WI,AGL,CE,Combined TRACON& Tower with Radar,140,70,13,4,227,0,0,3,0,3,140,70,16,4,230,0,0,0,230
12/07/2015,MKE,WI,AGL,CE,Combined TRACON& Tower with Radar,164,117,51,0,332,0,0,0,0,0,164,117,51,0,332,0,0,0,332
12/08/2015,MKE,WI,AGL,CE,Combined TRACON& Tower with Radar,172,134,22,2,330,0,0,0,0,0,172,134,22,2,330,0,0,0,330
12/09/2015,MKE,WI,AGL,CE,Combined TRACON& Tower with Radar,171,122,54,2,349,0,1,13,0,14,171,123,67,2,363,0,0,0,363
12/10/2015,MKE,WI,AGL,CE,Combined TRACON& Tower with Radar,173,125,47,0,345,0,2,6,0,8,173,127,53,0,353,0,0,0,353
12/11/2015,MKE,WI,AGL,CE,Combined TRACON& Tower with Radar,168,127,37,0,332,0,1,14,0,15,168,128,51,0,347,0,0,0,347
12/12/2015,MKE,WI,AGL,CE,Combined TRACON& Tower with Radar,108,66,12,0,186,0,0,0,0,0,108,66,12,0,186,0,0,0,186
12/13/2015,MKE,WI,AGL,CE,Combined TRACON& Tower with Radar,140,72,10,0,222,0,0,0,0,0,140,72,10,0,222,0,0,0,222
12/14/2015,MKE,WI,AGL,CE,Combined TRACON& Tower with Radar,156,110,46,0,312,0,2,1,0,3,156,112,47,0,315,0,0,0,315
12/15/2015,MKE,WI,AGL,CE,Combined TRACON& Tower with Radar,170,122,45,2,339,0,0,4,0,4,170,122,49,2,343,0,0,0,343
12/16/2015,MKE,WI,AGL,CE,Combined TRACON& Tower with Radar,177,128,38,2,345,0,2,0,0,2,177,130,38,2,347,0,0,0,347
12/17/2015,MKE,WI,AGL,CE,Combined TRACON& Tower with Radar,175,116,40,8,339,0,2,3,0,5,175,118,43,8,344,0,0,0,344
12/18/2015,MKE,WI,AGL,CE,Combined TRACON& Tower with Radar,168,131,28,0,327,0,5,8,0,13,168,136,36,0,340,0,0,0,340
12/19/2015,MKE,WI,AGL,CE,Combined TRACON& Tower with Radar,124,71,17,0,212,0,3,7,0,10,124,74,24,0,222,22,0,22,244
12/20/2015,MKE,WI,AGL,CE,Combined TRACON& Tower with Radar,148,71,10,0,229,0,2,6,0,8,148,73,16,0,237,0,0,0,237
12/21/2015,MKE,WI,AGL,CE,Combined TRACON& Tower with Radar,153,103,12,2,270,0,0,0,0,0,153,103,12,2,270,0,0,0,270
12/22/2015,MKE,WI,AGL,CE,Combined TRACON& Tower with Radar,160,122,23,8,313,0,0,1,0,1,160,122,24,8,314,0,0,0,314
12/23/2015,MKE,WI,AGL,CE,Combined TRACON& Tower with Radar,161,115,17,0,293,0,0,0,0,0,161,115,17,0,293,0,0,0,293
12/24/2015,MKE,WI,AGL,CE,Combined TRACON& Tower with Radar,136,99,5,0,240,0,0,3,0,3,136,99,8,0,243,0,0,0,243
12/25/2015,MKE,WI,AGL,CE,Combined TRACON& Tower with Radar,107,56,3,0,166,0,5,2,0,7,107,61,5,0,173,0,0,0,173
12/26/2015,MKE,WI,AGL,CE,Combined TRACON& Tower with Radar,142,74,13,0,229,0,0,0,0,0,142,74,13,0,229,0,0,0,229
12/27/2015,MKE,WI,AGL,CE,Combined TRACON& Tower with Radar,142,74,18,0,234,0,0,0,0,0,142,74,18,0,234,0,0,0,234
12/28/2015,MKE,WI,AGL,CE,Combined TRACON& Tower with Radar,103,39,8,0,150,0,0,0,0,0,103,39,8,0,150,0,0,0,150
12/29/2015,MKE,WI,AGL,CE,Combined TRACON& Tower with Radar,153,114,9,2,278,0,3,0,0,3,153,117,9,2,281,0,0,0,281
12/30/2015,MKE,WI,AGL,CE,Combined TRACON& Tower with Radar,171,113,28,0,312,0,0,0,0,0,171,113,28,0,312,0,0,0,312
12/31/2015,MKE,WI,AGL,CE,Combined TRACON& Tower with Radar,128,91,15,0,234,0,2,2,0,4,128,93,17,0,238,0,0,0,238
01/01/2016,MKE,WI,AGL,CE,Combined TRACON& Tower with Radar,111,72,6,0,189,0,0,0,0,0,111,72,6,0,189,10,0,10,199
01/02/2016,MKE,WI,AGL,CE,Combined TRACON& Tower with Radar,144,85,14,0,243,0,0,6,0,6,144,85,20,0,249,12,0,12,261
01/03/2016,MKE,WI,AGL,CE,Combined TRACON& Tower with Radar,153,85,26,0,264,0,0,10,0,10,153,85,36,0,274,32,0,32,306
01/04/2016,MKE,WI,AGL,CE,Combined TRACON& Tower with Radar,152,97,19,0,268,0,6,2,0,8,152,103,21,0,276,0,0,0,276
01/05/2016,MKE,WI,AGL,CE,Combined TRACON& Tower with Radar,168,116,23,2,309,0,4,10,0,14,168,120,33,2,323,0,0,0,323
01/06/2016,MKE,WI,AGL,CE,Combined TRACON& Tower with Radar,172,119,30,2,323,0,0,7,0,7,172,119,37,2,330,0,0,0,330
01/07/2016,MKE,WI,AGL,CE,Combined TRACON& Tower with Radar,167,121,18,6,312,0,0,1,0,1,167,121,19,6,313,0,0,0,313
01/08/2016,MKE,WI,AGL,CE,Combined TRACON& Tower with Radar,175,105,22,0,302,0,0,0,0,0,175,105,22,0,302,0,0,0,302
01/09/2016,MKE,WI,AGL,CE,Combined TRACON& Tower with Radar,113,86,12,2,213,0,0,0,0,0,113,86,12,2,213,0,0,0,213
01/10/2016,MKE,WI,AGL,CE,Combined TRACON& Tower with Radar,142,86,9,3,240,0,0,3,0,3,142,86,12,3,243,0,0,0,243
01/11/2016,MKE,WI,AGL,CE,Combined TRACON& Tower with Radar,165,98,34,1,298,0,0,1,0,1,165,98,35,1,299,0,0,0,299
01/12/2016,MKE,WI,AGL,CE,Combined TRACON& Tower with Radar,169,114,46,2,331,0,0,5,0,5,169,114,51,2,336,0,0,0,336
01/13/2016,MKE,WI,AGL,CE,Combined TRACON& Tower with Radar,173,112,28,4,317,0,4,0,0,4,173,116,28,4,321,0,0,0,321
01/14/2016,MKE,WI,AGL,CE,Combined TRACON& Tower with Radar,178,125,32,14,349,0,0,5,0,5,178,125,37,14,354,20,0,20,374
01/15/2016,MKE,WI,AGL,CE,Combined TRACON& Tower with Radar,173,130,14,0,317,0,0,0,0,0,173,130,14,0,317,0,0,0,317
01/16/2016,MKE,WI,AGL,CE,Combined TRACON& Tower with Radar,111,86,10,0,207,0,0,8,0,8,111,86,18,0,215,0,0,0,215
01/17/2016,MKE,WI,AGL,CE,Combined TRACON& Tower with Radar,126,82,13,0,221,0,2,1,0,3,126,84,14,0,224,0,0,0,224
01/18/2016,MKE,WI,AGL,CE,Combined TRACON& Tower with Radar,166,98,30,0,294,0,6,1,0,7,166,104,31,0,301,0,0,0,301
01/19/2016,MKE,WI,AGL,CE,Combined TRACON& Tower with Radar,163,126,27,2,318,0,4,3,0,7,163,130,30,2,325,0,0,0,325
01/20/2016,MKE,WI,AGL,CE,Combined TRACON& Tower with Radar,169,126,33,10,338,0,3,2,0,5,169,129,35,10,343,0,6,6,349
01/21/2016,MKE,WI,AGL,CE,Combined TRACON& Tower with Radar,171,129,21,4,325,0,0,2,0,2,171,129,23,4,327,0,0,0,327
01/22/2016,MKE,WI,AGL,CE,Combined TRACON& Tower with Radar,152,113,20,0,285,0,0,3,0,3,152,113,23,0,288,2,0,2,290
01/23/2016,MKE,WI,AGL,CE,Combined TRACON& Tower with Radar,110,62,14,0,186,0,0,6,0,6,110,62,20,0,192,0,0,0,192
01/24/2016,MKE,WI,AGL,CE,Combined TRACON& Tower with Radar,122,73,17,0,212,0,0,0,0,0,122,73,17,0,212,0,0,0,212
01/25/2016,MKE,WI,AGL,CE,Combined TRACON& Tower with Radar,161,95,27,1,284,0,0,0,0,0,161,95,27,1,284,0,0,0,284
01/26/2016,MKE,WI,AGL,CE,Combined TRACON& Tower with Radar,166,119,30,12,327,0,0,1,0,1,166,119,31,12,328,0,0,0,328
01/27/2016,MKE,WI,AGL,CE,Combined TRACON& Tower with Radar,169,127,22,13,331,0,0,1,0,1,169,127,23,13,332,0,0,0,332
01/28/2016,MKE,WI,AGL,CE,Combined TRACON& Tower with Radar,170,124,30,6,330,0,0,3,0,3,170,124,33,6,333,0,0,0,333
01/29/2016,MKE,WI,AGL,CE,Combined TRACON& Tower with Radar,174,125,14,11,324,0,4,11,1,16,174,129,25,12,340,6,10,16,356
01/30/2016,MKE,WI,AGL,CE,Combined TRACON& Tower with Radar,109,73,19,0,201,0,0,11,0,11,109,73,30,0,212,0,0,0,212
01/31/2016,MKE,WI,AGL,CE,Combined TRACON& Tower with Radar,136,83,12,2,233,0,0,0,0,0,136,83,12,2,233,0,0,0,233
02/01/2016,MKE,WI,AGL,CE,Combined TRACON& Tower with Radar,164,102,32,0,298,0,0,3,0,3,164,102,35,0,301,20,0,20,321
02/02/2016,MKE,WI,AGL,CE,Combined TRACON& Tower with Radar,164,119,25,0,308,0,0,0,0,0,164,119,25,0,308,0,0,0,308
02/03/2016,MKE,WI,AGL,CE,Combined TRACON& Tower with Radar,172,123,30,0,325,0,0,0,0,0,172,123,30,0,325,0,0,0,325
02/04/2016,MKE,WI,AGL,CE,Combined TRACON& Tower with Radar,179,117,33,9,338,0,2,11,0,13,179,119,44,9,351,0,6,6,357
02/05/2016,MKE,WI,AGL,CE,Combined TRACON& Tower with Radar,165,123,25,5,318,0,2,5,0,7,165,125,30,5,325,0,0,0,325
02/06/2016,MKE,WI,AGL,CE,Combined TRACON& Tower with Radar,113,87,16,0,216,0,2,1,0,3,113,89,17,0,219,12,0,12,231
02/07/2016,MKE,WI,AGL,CE,Combined TRACON& Tower with Radar,123,83,7,0,213,0,0,2,0,2,123,83,9,0,215,0,0,0,215
02/08/2016,MKE,WI,AGL,CE,Combined TRACON& Tower with Radar,155,118,29,5,307,0,0,0,0,0,155,118,29,5,307,0,0,0,307
02/09/2016,MKE,WI,AGL,CE,Combined TRACON& Tower with Radar,174,129,35,9,347,0,0,0,0,0,174,129,35,9,347,0,0,0,347
02/10/2016,MKE,WI,AGL,CE,Combined TRACON& Tower with Radar,173,130,39,11,353,1,3,1,0,5,174,133,40,11,358,24,6,30,388
02/11/2016,MKE,WI,AGL,CE,Combined TRACON& Tower with Radar,173,131,41,17,362,0,0,8,0,8,173,131,49,17,370,6,10,16,386
02/12/2016,MKE,WI,AGL,CE,Combined TRACON& Tower with Radar,170,127,34,1,332,0,0,1,0,1,170,127,35,1,333,0,0,0,333
02/13/2016,MKE,WI,AGL,CE,Combined TRACON& Tower with Radar,114,77,13,0,204,0,0,0,0,0,114,77,13,0,204,0,0,0,204
02/14/2016,MKE,WI,AGL,CE,Combined TRACON& Tower with Radar,135,83,9,0,227,0,0,0,0,0,135,83,9,0,227,0,0,0,227
02/15/2016,MKE,WI,AGL,CE,Combined TRACON& Tower with Radar,155,110,19,0,284,0,0,0,0,0,155,110,19,0,284,0,0,0,284
02/16/2016,MKE,WI,AGL,CE,Combined TRACON& Tower with Radar,173,117,22,2,314,0,0,0,0,0,173,117,22,2,314,0,0,0,314
02/17/2016,MKE,WI,AGL,CE,Combined TRACON& Tower with Radar,176,138,51,2,367,0,2,9,0,11,176,140,60,2,378,0,0,0,378
02/18/2016,MKE,WI,AGL,CE,Combined TRACON& Tower with Radar,174,121,36,4,335,0,0,5,0,5,174,121,41,4,340,0,0,0,340
02/19/2016,MKE,WI,AGL,CE,Combined TRACON& Tower with Radar,184,108,21,4,317,0,0,2,0,2,184,108,23,4,319,0,0,0,319
02/20/2016,MKE,WI,AGL,CE,Combined TRACON& Tower with Radar,116,87,7,1,211,0,0,13,0,13,116,87,20,1,224,16,0,16,240
02/21/2016,MKE,WI,AGL,CE,Combined TRACON& Tower with Radar,145,79,11,3,238,0,9,5,0,14,145,88,16,3,252,0,0,0,252
02/22/2016,MKE,WI,AGL,CE,Combined TRACON& Tower with Radar,166,122,35,0,323,0,0,0,0,0,166,122,35,0,323,0,0,0,323
02/23/2016,MKE,WI,AGL,CE,Combined TRACON& Tower with Radar,170,125,44,0,339,0,3,3,0,6,170,128,47,0,345,0,0,0,345
02/24/2016,MKE,WI,AGL,CE,Combined TRACON& Tower with Radar,171,117,33,5,326,0,2,1,0,3,171,119,34,5,329,0,0,0,329
02/25/2016,MKE,WI,AGL,CE,Combined TRACON& Tower with Radar,168,119,31,13,331,0,0,7,2,9,168,119,38,15,340,0,0,0,340
02/26/2016,MKE,WI,AGL,CE,Combined TRACON& Tower with Radar,172,119,23,12,326,0,0,13,0,13,172,119,36,12,339,0,0,0,339
02/27/2016,MKE,WI,AGL,CE,Combined TRACON& Tower with Radar,118,77,17,1,213,0,0,7,0,7,118,77,24,1,220,0,0,0,220
02/28/2016,MKE,WI,AGL,CE,Combined TRACON& Tower with Radar,146,79,20,4,249,0,2,4,0,6,146,81,24,4,255,17,0,17,272
02/29/2016,MKE,WI,AGL,CE,Combined TRACON& Tower with Radar,170,109,25,3,307,0,1,4,0,5,170,110,29,3,312,0,0,0,312
03/01/2016,MKE,WI,AGL,CE,Combined TRACON& Tower with Radar,169,114,35,0,318,0,0,0,0,0,169,114,35,0,318,0,0,0,318
03/02/2016,MKE,WI,AGL,CE,Combined TRACON& Tower with Radar,177,128,39,6,350,0,0,6,0,6,177,128,45,6,356,8,0,8,364
03/03/2016,MKE,WI,AGL,CE,Combined TRACON& Tower with Radar,178,123,40,2,343,0,0,6,1,7,178,123,46,3,350,0,0,0,350
03/04/2016,MKE,WI,AGL,CE,Combined TRACON& Tower with Radar,171,116,22,8,317,0,3,9,2,14,171,119,31,10,331,6,0,6,337
03/05/2016,MKE,WI,AGL,CE,Combined TRACON& Tower with Radar,124,89,2,0,215,0,0,0,1,1,124,89,2,1,216,0,0,0,216
03/06/2016,MKE,WI,AGL,CE,Combined TRACON& Tower with Radar,155,88,14,2,259,0,0,10,1,11,155,88,24,3,270,18,0,18,288
03/07/2016,MKE,WI,AGL,CE,Combined TRACON& Tower with Radar,171,102,22,5,300,0,0,1,0,1,171,102,23,5,301,0,0,0,301
03/08/2016,MKE,WI,AGL,CE,Combined TRACON& Tower with Radar,173,118,25,13,329,0,3,3,0,6,173,121,28,13,335,4,0,4,339
03/09/2016,MKE,WI,AGL,CE,Combined TRACON& Tower with Radar,172,123,36,5,336,0,2,1,0,3,172,125,37,5,339,0,0,0,339
03/10/2016,MKE,WI,AGL,CE,Combined TRACON& Tower with Radar,185,131,45,22,383,0,0,4,0,4,185,131,49,22,387,6,4,10,397
03/11/2016,MKE,WI,AGL,CE,Combined TRACON& Tower with Radar,189,120,29,11,349,0,3,8,0,11,189,123,37,11,360,0,0,0,360
03/12/2016,MKE,WI,AGL,CE,Combined TRACON& Tower with Radar,162,80,15,5,262,0,0,13,0,13,162,80,28,5,275,0,0,0,275
03/13/2016,MKE,WI,AGL,CE,Combined TRACON& Tower with Radar,175,89,19,0,283,0,0,0,0,0,175,89,19,0,283,0,0,0,283
03/14/2016,MKE,WI,AGL,CE,Combined TRACON& Tower with Radar,179,118,27,7,331,0,0,0,0,0,179,118,27,7,331,0,0,0,331
03/15/2016,MKE,WI,AGL,CE,Combined TRACON& Tower with Radar,181,118,33,0,332,0,0,0,0,0,181,118,33,0,332,0,0,0,332
03/16/2016,MKE,WI,AGL,CE,Combined TRACON& Tower with Radar,190,117,50,0,357,0,0,0,0,0,190,117,50,0,357,6,0,6,363
03/17/2016,MKE,WI,AGL,CE,Combined TRACON& Tower with Radar,194,122,23,8,347,0,3,1,0,4,194,125,24,8,351,0,0,0,351
03/18/2016,MKE,WI,AGL,CE,Combined TRACON& Tower with Radar,182,120,33,6,341,0,0,12,0,12,182,120,45,6,353,0,0,0,353
03/19/2016,MKE,WI,AGL,CE,Combined TRACON& Tower with Radar,157,88,15,2,262,0,2,2,0,4,157,90,17,2,266,0,0,0,266
03/20/2016,MKE,WI,AGL,CE,Combined TRACON& Tower with Radar,172,82,13,1,268,0,1,10,0,11,172,83,23,1,279,0,0,0,279
03/21/2016,MKE,WI,AGL,CE,Combined TRACON& Tower with Radar,176,113,25,0,314,0,0,7,0,7,176,113,32,0,321,0,0,0,321
03/22/2016,MKE,WI,AGL,CE,Combined TRACON& Tower with Radar,182,127,28,12,349,0,1,4,0,5,182,128,32,12,354,0,4,4,358
03/23/2016,MKE,WI,AGL,CE,Combined TRACON& Tower with Radar,177,121,33,7,338,0,0,0,0,0,177,121,33,7,338,0,0,0,338
03/24/2016,MKE,WI,AGL,CE,Combined TRACON& Tower with Radar,185,133,16,0,334,0,0,0,0,0,185,133,16,0,334,0,0,0,334
03/25/2016,MKE,WI,AGL,CE,Combined TRACON& Tower with Radar,190,116,16,12,334,0,0,3,7,10,190,116,19,19,344,0,20,20,364
03/26/2016,MKE,WI,AGL,CE,Combined TRACON& Tower with Radar,162,75,6,1,244,0,0,6,0,6,162,75,12,1,250,0,0,0,250
03/27/2016,MKE,WI,AGL,CE,Combined TRACON& Tower with Radar,170,86,3,0,259,0,0,2,0,2,170,86,5,0,261,0,0,0,261
03/28/2016,MKE,WI,AGL,CE,Combined TRACON& Tower with Radar,181,107,32,0,320,0,2,0,0,2,181,109,32,0,322,6,0,6,328
03/29/2016,MKE,WI,AGL,CE,Combined TRACON& Tower with Radar,182,123,34,12,351,0,0,7,0,7,182,123,41,12,358,0,0,0,358
03/30/2016,MKE,WI,AGL,CE,Combined TRACON& Tower with Radar,192,124,32,13,361,0,0,0,0,0,192,124,32,13,361,0,0,0,361
03/31/2016,MKE,WI,AGL,CE,Combined TRACON& Tower with Radar,191,125,27,6,349,0,0,0,0,0,191,125,27,6,349,0,0,0,349
04/01/2016,MKE,WI,AGL,CE,Combined TRACON& Tower with Radar,183,130,17,3,333,0,3,3,0,6,183,133,20,3,339,0,0,0,339
04/02/2016,MKE,WI,AGL,CE,Combined TRACON& Tower with Radar,167,88,14,0,269,0,0,0,0,0,167,88,14,0,269,0,0,0,269
04/03/2016,MKE,WI,AGL,CE,Combined TRACON& Tower with Radar,174,79,16,2,271,0,2,4,1,7,174,81,20,3,278,0,0,0,278
04/04/2016,MKE,WI,AGL,CE,Combined TRACON& Tower with Radar,185,105,36,1,327,0,1,0,0,1,185,106,36,1,328,0,0,0,328
04/05/2016,MKE,WI,AGL,CE,Combined TRACON& Tower with Radar,184,128,25,10,347,0,0,8,4,12,184,128,33,14,359,0,8,8,367
04/06/2016,MKE,WI,AGL,CE,Combined TRACON& Tower with Radar,181,134,30,7,352,0,0,0,0,0,181,134,30,7,352,0,0,0,352
04/07/2016,MKE,WI,AGL,CE,Combined TRACON& Tower with Radar,186,125,46,7,364,0,2,2,0,4,186,127,48,7,368,2,0,2,370
04/08/2016,MKE,WI,AGL,CE,Combined TRACON& Tower with Radar,177,118,35,0,330,0,0,3,0,3,177,118,38,0,333,0,0,0,333
04/09/2016,MKE,WI,AGL,CE,Combined TRACON& Tower with Radar,148,89,10,0,247,0,0,5,0,5,148,89,15,0,252,0,0,0,252
04/10/2016,MKE,WI,AGL,CE,Combined TRACON& Tower with Radar,162,83,15,0,260,0,2,0,0,2,162,85,15,0,262,0,0,0,262
04/11/2016,MKE,WI,AGL,CE,Combined TRACON& Tower with Radar,176,105,39,1,321,0,1,8,3,12,176,106,47,4,333,2,0,2,335
04/12/2016,MKE,WI,AGL,CE,Combined TRACON& Tower with Radar,165,123,40,19,347,0,1,19,3,23,165,124,59,22,370,0,0,0,370
04/13/2016,MKE,WI,AGL,CE,Combined TRACON& Tower with Radar,170,130,29,4,333,0,2,7,0,9,170,132,36,4,342,0,0,0,342
04/14/2016,MKE,WI,AGL,CE,Combined TRACON& Tower with Radar,168,130,39,7,344,0,4,6,1,11,168,134,45,8,355,0,0,0,355
04/15/2016,MKE,WI,AGL,CE,Combined TRACON& Tower with Radar,166,125,28,15,334,0,3,10,0,13,166,128,38,15,347,0,0,0,347
04/16/2016,MKE,WI,AGL,CE,Combined TRACON& Tower with Radar,119,89,14,2,224,0,0,7,1,8,119,89,21,3,232,0,0,0,232
04/17/2016,MKE,WI,AGL,CE,Combined TRACON& Tower with Radar,141,89,15,3,248,0,0,5,0,5,141,89,20,3,253,0,0,0,253
04/18/2016,MKE,WI,AGL,CE,Combined TRACON& Tower with Radar,161,115,25,7,308,0,0,6,0,6,161,115,31,7,314,0,0,0,314
04/19/2016,MKE,WI,AGL,CE,Combined TRACON& Tower with Radar,172,132,37,12,353,0,0,6,8,14,172,132,43,20,367,0,0,0,367
04/20/2016,MKE,WI,AGL,CE,Combined TRACON& Tower with Radar,179,135,46,12,372,0,1,0,0,1,179,136,46,12,373,0,0,0,373
04/21/2016,MKE,WI,AGL,CE,Combined TRACON& Tower with Radar,174,128,36,12,350,0,1,2,2,5,174,129,38,14,355,0,0,0,355
04/22/2016,MKE,WI,AGL,CE,Combined TRACON& Tower with Radar,167,123,23,7,320,0,3,8,0,11,167,126,31,7,331,0,0,0,331
04/23/2016,MKE,WI,AGL,CE,Combined TRACON& Tower with Radar,110,86,11,0,207,0,3,11,1,15,110,89,22,1,222,0,0,0,222
04/24/2016,MKE,WI,AGL,CE,Combined TRACON& Tower with Radar,141,89,9,0,239,0,0,9,0,9,141,89,18,0,248,0,0,0,248
04/25/2016,MKE,WI,AGL,CE,Combined TRACON& Tower with Radar,162,112,29,4,307,0,7,4,0,11,162,119,33,4,318,0,0,0,318
04/26/2016,MKE,WI,AGL,CE,Combined TRACON& Tower with Radar,163,117,30,8,318,0,0,0,0,0,163,117,30,8,318,0,0,0,318
04/27/2016,MKE,WI,AGL,CE,Combined TRACON& Tower with Radar,171,122,30,6,329,0,4,7,4,15,171,126,37,10,344,0,0,0,344
04/28/2016,MKE,WI,AGL,CE,Combined TRACON& Tower with Radar,168,140,28,14,350,0,0,0,0,0,168,140,28,14,350,0,0,0,350
04/29/2016,MKE,WI,AGL,CE,Combined TRACON& Tower with Radar,171,126,20,8,325,0,2,0,0,2,171,128,20,8,327,0,0,0,327
04/30/2016,MKE,WI,AGL,CE,Combined TRACON& Tower with Radar,110,89,15,0,214,0,0,5,0,5,110,89,20,0,219,0,0,0,219
05/01/2016,MKE,WI,AGL,CE,Combined TRACON& Tower with Radar,147,76,19,0,242,0,0,0,0,0,147,76,19,0,242,0,0,0,242
05/02/2016,MKE,WI,AGL,CE,Combined TRACON& Tower with Radar,162,109,47,1,319,0,2,11,0,13,162,111,58,1,332,0,0,0,332
05/03/2016,MKE,WI,AGL,CE,Combined TRACON& Tower with Radar,166,124,30,4,324,0,0,7,0,7,166,124,37,4,331,0,10,10,341
05/04/2016,MKE,WI,AGL,CE,Combined TRACON& Tower with Radar,174,127,26,6,333,0,1,3,0,4,174,128,29,6,337,0,0,0,337
05/05/2016,MKE,WI,AGL,CE,Combined TRACON& Tower with Radar,165,146,32,11,354,0,2,13,0,15,165,148,45,11,369,0,17,17,386
05/06/2016,MKE,WI,AGL,CE,Combined TRACON& Tower with Radar,169,135,29,10,343,0,4,9,0,13,169,139,38,10,356,5,0,5,361
05/07/2016,MKE,WI,AGL,CE,Combined TRACON& Tower with Radar,103,98,7,0,208,0,0,8,0,8,103,98,15,0,216,0,0,0,216
05/08/2016,MKE,WI,AGL,CE,Combined TRACON& Tower with Radar,134,78,14,1,227,0,1,15,1,17,134,79,29,2,244,0,0,0,244
05/09/2016,MKE,WI,AGL,CE,Combined TRACON& Tower with Radar,157,118,22,0,297,0,2,0,1,3,157,120,22,1,300,0,0,0,300
05/10/2016,MKE,WI,AGL,CE,Combined TRACON& Tower with Radar,164,133,32,8,337,0,0,0,0,0,164,133,32,8,337,0,0,0,337
05/11/2016,MKE,WI,AGL,CE,Combined TRACON& Tower with Radar,173,136,27,3,339,0,0,0,0,0,173,136,27,3,339,0,0,0,339
05/12/2016,MKE,WI,AGL,CE,Combined TRACON& Tower with Radar,165,130,36,10,341,0,0,2,0,2,165,130,38,10,343,0,0,0,343
05/13/2016,MKE,WI,AGL,CE,Combined TRACON& Tower with Radar,164,138,21,22,345,0,4,2,0,6,164,142,23,22,351,0,16,16,367
05/14/2016,MKE,WI,AGL,CE,Combined TRACON& Tower with Radar,124,80,12,1,217,0,0,12,1,13,124,80,24,2,230,0,0,0,230
05/15/2016,MKE,WI,AGL,CE,Combined TRACON& Tower with Radar,149,77,14,1,241,0,0,8,0,8,149,77,22,1,249,0,0,0,249
05/16/2016,MKE,WI,AGL,CE,Combined TRACON& Tower with Radar,162,126,23,1,312,0,2,7,0,9,162,128,30,1,321,0,0,0,321
05/17/2016,MKE,WI,AGL,CE,Combined TRACON& Tower with Radar,161,133,30,4,328,0,0,4,0,4,161,133,34,4,332,0,0,0,332
05/18/2016,MKE,WI,AGL,CE,Combined TRACON& Tower with Radar,167,137,40,17,361,0,1,21,0,22,167,138,61,17,383,6,8,14,397
05/19/2016,MKE,WI,AGL,CE,Combined TRACON& Tower with Radar,170,133,47,19,369,0,2,19,0,21,170,135,66,19,390,0,0,0,390
05/20/2016,MKE,WI,AGL,CE,Combined TRACON& Tower with Radar,164,128,27,6,325,0,1,6,0,7,164,129,33,6,332,0,0,0,332
05/21/2016,MKE,WI,AGL,CE,Combined TRACON& Tower with Radar,111,79,7,2,199,0,0,14,0,14,111,79,21,2,213,0,0,0,213
05/22/2016,MKE,WI,AGL,CE,Combined TRACON& Tower with Radar,145,89,22,3,259,0,2,6,0,8,145,91,28,3,267,0,0,0,267
05/23/2016,MKE,WI,AGL,CE,Combined TRACON& Tower with Radar,156,116,34,6,312,0,2,3,0,5,156,118,37,6,317,0,0,0,317
05/24/2016,MKE,WI,AGL,CE,Combined TRACON& Tower with Radar,164,131,22,9,326,0,2,5,4,11,164,133,27,13,337,0,0,0,337
05/25/2016,MKE,WI,AGL,CE,Combined TRACON& Tower with Radar,175,128,35,7,345,0,2,2,3,7,175,130,37,10,352,0,0,0,352
05/26/2016,MKE,WI,AGL,CE,Combined TRACON& Tower with Radar,165,147,30,4,346,0,4,5,0,9,165,151,35,4,355,0,0,0,355
05/27/2016,MKE,WI,AGL,CE,Combined TRACON& Tower with Radar,169,138,30,0,337,0,0,1,0,1,169,138,31,0,338,0,0,0,338
05/28/2016,MKE,WI,AGL,CE,Combined TRACON& Tower with Radar,114,80,9,0,203,0,2,4,0,6,114,82,13,0,209,0,0,0,209
05/29/2016,MKE,WI,AGL,CE,Combined TRACON& Tower with Radar,115,81,6,0,202,0,3,1,0,4,115,84,7,0,206,0,0,0,206
05/30/2016,MKE,WI,AGL,CE,Combined TRACON& Tower with Radar,138,94,12,2,246,0,4,8,0,12,138,98,20,2,258,0,0,0,258
05/31/2016,MKE,WI,AGL,CE,Combined TRACON& Tower with Radar,159,117,27,2,305,0,0,5,0,5,159,117,32,2,310,0,0,0,310
06/01/2016,MKE,WI,AGL,CE,Combined TRACON& Tower with Radar,170,138,34,6,348,0,0,4,0,4,170,138,38,6,352,0,0,0,352
06/02/2016,MKE,WI,AGL,CE,Combined TRACON& Tower with Radar,162,133,33,22,350,0,2,8,1,11,162,135,41,23,361,0,0,0,361
06/03/2016,MKE,WI,AGL,CE,Combined TRACON& Tower with Radar,168,126,18,22,334,0,3,17,0,20,168,129,35,22,354,0,0,0,354
06/04/2016,MKE,WI,AGL,CE,Combined TRACON& Tower with Radar,114,89,14,2,219,0,58,9,2,69,114,147,23,4,288,0,0,0,288
06/05/2016,MKE,WI,AGL,CE,Combined TRACON& Tower with Radar,156,80,11,5,252,0,0,3,0,3,156,80,14,5,255,0,0,0,255
06/06/2016,MKE,WI,AGL,CE,Combined TRACON& Tower with Radar,164,111,26,0,301,0,1,1,0,2,164,112,27,0,303,0,0,0,303
06/07/2016,MKE,WI,AGL,CE,Combined TRACON& Tower with Radar,174,142,31,39,386,0,3,5,0,8,174,145,36,39,394,0,0,0,394
06/08/2016,MKE,WI,AGL,CE,Combined TRACON& Tower with Radar,174,149,45,6,374,0,2,5,0,7,174,151,50,6,381,0,0,0,381
06/09/2016,MKE,WI,AGL,CE,Combined TRACON& Tower with Radar,179,148,43,9,379,0,0,5,0,5,179,148,48,9,384,0,0,0,384
06/10/2016,MKE,WI,AGL,CE,Combined TRACON& Tower with Radar,177,127,31,5,340,0,0,7,5,12,177,127,38,10,352,7,2,9,361
06/11/2016,MKE,WI,AGL,CE,Combined TRACON& Tower with Radar,123,86,9,0,218,0,0,9,0,9,123,86,18,0,227,0,0,0,227
06/12/2016,MKE,WI,AGL,CE,Combined TRACON& Tower with Radar,157,90,23,2,272,0,2,2,0,4,157,92,25,2,276,0,0,0,276
06/13/2016,MKE,WI,AGL,CE,Combined TRACON& Tower with Radar,167,117,28,2,314,0,3,5,0,8,167,120,33,2,322,0,0,0,322
06/14/2016,MKE,WI,AGL,CE,Combined TRACON& Tower with Radar,173,139,38,14,364,0,0,17,0,17,173,139,55,14,381,14,0,14,395
06/15/2016,MKE,WI,AGL,CE,Combined TRACON& Tower with Radar,183,137,25,14,359,0,0,3,0,3,183,137,28,14,362,0,0,0,362
06/16/2016,MKE,WI,AGL,CE,Combined TRACON& Tower with Radar,176,134,33,12,355,0,5,2,0,7,176,139,35,12,362,0,0,0,362
06/17/2016,MKE,WI,AGL,CE,Combined TRACON& Tower with Radar,175,138,45,18,376,0,2,24,0,26,175,140,69,18,402,0,0,0,402
06/18/2016,MKE,WI,AGL,CE,Combined TRACON& Tower with Radar,120,80,10,2,212,0,2,14,1,17,120,82,24,3,229,0,0,0,229
06/19/2016,MKE,WI,AGL,CE,Combined TRACON& Tower with Radar,153,79,25,0,257,0,0,10,0,10,153,79,35,0,267,8,0,8,275
06/20/2016,MKE,WI,AGL,CE,Combined TRACON& Tower with Radar,170,119,30,3,322,0,6,4,0,10,170,125,34,3,332,0,0,0,332
06/21/2016,MKE,WI,AGL,CE,Combined TRACON& Tower with Radar,175,132,28,8,343,0,3,18,0,21,175,135,46,8,364,0,11,11,375
06/22/2016,MKE,WI,AGL,CE,Combined TRACON& Tower with Radar,185,127,29,4,345,0,4,3,0,7,185,131,32,4,352,0,0,0,352
06/23/2016,MKE,WI,AGL,CE,Combined TRACON& Tower with Radar,181,141,24,3,349,0,2,6,0,8,181,143,30,3,357,0,0,0,357
06/24/2016,MKE,WI,AGL,CE,Combined TRACON& Tower with Radar,181,139,25,9,354,0,2,20,0,22,181,141,45,9,376,0,0,0,376
06/25/2016,MKE,WI,AGL,CE,Combined TRACON& Tower with Radar,123,85,5,1,214,0,4,11,0,15,123,89,16,1,229,6,6,12,241
06/26/2016,MKE,WI,AGL,CE,Combined TRACON& Tower with Radar,156,90,17,1,264,0,3,4,0,7,156,93,21,1,271,0,0,0,271
06/27/2016,MKE,WI,AGL,CE,Combined TRACON& Tower with Radar,176,119,22,0,317,0,6,4,0,10,176,125,26,0,327,0,0,0,327
06/28/2016,MKE,WI,AGL,CE,Combined TRACON& Tower with Radar,177,158,34,6,375,0,5,6,0,11,177,163,40,6,386,0,0,0,386
06/29/2016,MKE,WI,AGL,CE,Combined TRACON& Tower with Radar,194,150,33,7,384,0,4,24,5,33,194,154,57,12,417,0,0,0,417
06/30/2016,MKE,WI,AGL,CE,Combined TRACON& Tower with Radar,184,136,33,3,356,0,0,12,0,12,184,136,45,3,368,0,0,0,368
07/01/2016,MKE,WI,AGL,CE,Combined TRACON& Tower with Radar,169,134,31,0,334,0,1,9,0,10,169,135,40,0,344,8,0,8,352
07/02/2016,MKE,WI,AGL,CE,Combined TRACON& Tower with Radar,128,75,10,0,213,0,3,16,0,19,128,78,26,0,232,8,0,8,240
07/03/2016,MKE,WI,AGL,CE,Combined TRACON& Tower with Radar,134,77,6,1,218,0,2,17,2,21,134,79,23,3,239,4,0,4,243
07/04/2016,MKE,WI,AGL,CE,Combined TRACON& Tower with Radar,132,77,8,0,217,0,0,1,0,1,132,77,9,0,218,0,0,0,218
07/05/2016,MKE,WI,AGL,CE,Combined TRACON& Tower with Radar,169,115,19,12,315,0,2,6,0,8,169,117,25,12,323,14,0,14,337
07/06/2016,MKE,WI,AGL,CE,Combined TRACON& Tower with Radar,185,119,20,5,329,0,4,0,0,4,185,123,20,5,333,6,0,6,339
07/07/2016,MKE,WI,AGL,CE,Combined TRACON& Tower with Radar,181,139,35,6,361,0,4,2,1,7,181,143,37,7,368,6,0,6,374
07/08/2016,MKE,WI,AGL,CE,Combined TRACON& Tower with Radar,167,118,21,9,315,0,0,7,0,7,167,118,28,9,322,0,4,4,326
07/09/2016,MKE,WI,AGL,CE,Combined TRACON& Tower with Radar,129,80,8,2,219,0,0,9,0,9,129,80,17,2,228,0,0,0,228
07/10/2016,MKE,WI,AGL,CE,Combined TRACON& Tower with Radar,156,96,21,2,275,0,0,5,0,5,156,96,26,2,280,0,0,0,280
07/11/2016,MKE,WI,AGL,CE,Combined TRACON& Tower with Radar,174,110,34,1,319,0,0,4,0,4,174,110,38,1,323,0,0,0,323
07/12/2016,MKE,WI,AGL,CE,Combined TRACON& Tower with Radar,176,128,13,9,326,0,1,8,0,9,176,129,21,9,335,0,0,0,335
07/13/2016,MKE,WI,AGL,CE,Combined TRACON& Tower with Radar,195,144,34,12,385,0,1,6,0,7,195,145,40,12,392,0,0,0,392
07/14/2016,MKE,WI,AGL,CE,Combined TRACON& Tower with Radar,181,157,38,13,389,0,1,9,0,10,181,158,47,13,399,0,0,0,399
07/15/2016,MKE,WI,AGL,CE,Combined TRACON& Tower with Radar,178,159,23,14,374,0,0,5,0,5,178,159,28,14,379,0,0,0,379
07/16/2016,MKE,WI,AGL,CE,Combined TRACON& Tower with Radar,122,75,19,2,218,0,0,8,0,8,122,75,27,2,226,0,0,0,226
07/17/2016,MKE,WI,AGL,CE,Combined TRACON& Tower with Radar,163,91,15,3,272,0,4,0,0,4,163,95,15,3,276,0,0,0,276
07/18/2016,MKE,WI,AGL,CE,Combined TRACON& Tower with Radar,175,110,27,1,313,0,0,8,0,8,175,110,35,1,321,0,0,0,321
07/19/2016,MKE,WI,AGL,CE,Combined TRACON& Tower with Radar,209,177,39,10,435,0,0,16,0,16,209,177,55,10,451,0,0,0,451
07/20/2016,MKE,WI,AGL,CE,Combined TRACON& Tower with Radar,168,126,41,3,338,0,0,12,0,12,168,126,53,3,350,0,0,0,350
07/21/2016,MKE,WI,AGL,CE,Combined TRACON& Tower with Radar,173,139,48,7,367,0,1,6,0,7,173,140,54,7,374,0,0,0,374
07/22/2016,MKE,WI,AGL,CE,Combined TRACON& Tower with Radar,183,126,32,15,356,0,4,15,1,20,183,130,47,16,376,0,0,0,376
07/23/2016,MKE,WI,AGL,CE,Combined TRACON& Tower with Radar,130,84,22,2,238,0,0,9,2,11,130,84,31,4,249,8,0,8,257
07/24/2016,MKE,WI,AGL,CE,Combined TRACON& Tower with Radar,184,87,35,2,308,0,3,17,0,20,184,90,52,2,328,0,0,0,328
07/25/2016,MKE,WI,AGL,CE,Combined TRACON& Tower with Radar,166,116,20,9,311,0,8,13,0,21,166,124,33,9,332,0,0,0,332
07/26/2016,MKE,WI,AGL,CE,Combined TRACON& Tower with Radar,173,143,26,8,350,0,5,12,0,17,173,148,38,8,367,0,0,0,367
07/27/2016,MKE,WI,AGL,CE,Combined TRACON& Tower with Radar,180,136,33,16,365,0,0,15,0,15,180,136,48,16,380,0,14,14,394
07/28/2016,MKE,WI,AGL,CE,Combined TRACON& Tower with Radar,183,130,39,7,359,0,0,4,0,4,183,130,43,7,363,0,0,0,363
07/29/2016,MKE,WI,AGL,CE,Combined TRACON& Tower with Radar,177,134,32,5,348,0,3,15,0,18,177,137,47,5,366,0,0,0,366
07/30/2016,MKE,WI,AGL,CE,Combined TRACON& Tower with Radar,122,87,13,0,222,0,1,9,2,12,122,88,22,2,234,16,0,16,250
07/31/2016,MKE,WI,AGL,CE,Combined TRACON& Tower with Radar,162,97,16,0,275,0,0,28,0,28,162,97,44,0,303,0,0,0,303
08/01/2016,MKE,WI,AGL,CE,Combined TRACON& Tower with Radar,174,113,28,3,318,0,0,12,0,12,174,113,40,3,330,0,0,0,330
08/02/2016,MKE,WI,AGL,CE,Combined TRACON& Tower with Radar,174,134,46,3,357,0,0,42,0,42,174,134,88,3,399,6,4,10,409
08/03/2016,MKE,WI,AGL,CE,Combined TRACON& Tower with Radar,179,132,36,2,349,0,2,10,4,16,179,134,46,6,365,0,0,0,365
08/04/2016,MKE,WI,AGL,CE,Combined TRACON& Tower with Radar,183,133,36,7,359,0,4,4,1,9,183,137,40,8,368,0,0,0,368
08/05/2016,MKE,WI,AGL,CE,Combined TRACON& Tower with Radar,174,140,32,20,366,0,5,13,0,18,174,145,45,20,384,0,0,0,384
08/06/2016,MKE,WI,AGL,CE,Combined TRACON& Tower with Radar,122,80,9,22,233,0,0,18,7,25,122,80,27,29,258,8,12,20,278
08/07/2016,MKE,WI,AGL,CE,Combined TRACON& Tower with Radar,147,92,24,6,269,0,0,8,0,8,147,92,32,6,277,0,0,0,277
08/08/2016,MKE,WI,AGL,CE,Combined TRACON& Tower with Radar,152,122,29,0,303,0,3,14,0,17,152,125,43,0,320,0,0,0,320
08/09/2016,MKE,WI,AGL,CE,Combined TRACON& Tower with Radar,157,131,27,15,330,0,3,18,0,21,157,134,45,15,351,18,0,18,369
08/10/2016,MKE,WI,AGL,CE,Combined TRACON& Tower with Radar,173,127,46,3,349,0,3,10,1,14,173,130,56,4,363,0,0,0,363
08/11/2016,MKE,WI,AGL,CE,Combined TRACON& Tower with Radar,166,138,50,10,364,0,4,8,0,12,166,142,58,10,376,0,9,9,385
08/12/2016,MKE,WI,AGL,CE,Combined TRACON& Tower with Radar,171,131,38,5,345,0,0,6,1,7,171,131,44,6,352,10,0,10,362
08/13/2016,MKE,WI,AGL,CE,Combined TRACON& Tower with Radar,108,78,19,11,216,0,0,0,4,4,108,78,19,15,220,0,8,8,228
08/14/2016,MKE,WI,AGL,CE,Combined TRACON& Tower with Radar,146,80,19,7,252,0,3,20,1,24,146,83,39,8,276,6,0,6,282
08/15/2016,MKE,WI,AGL,CE,Combined TRACON& Tower with Radar,157,115,43,2,317,0,5,10,1,16,157,120,53,3,333,0,0,0,333
08/16/2016,MKE,WI,AGL,CE,Combined TRACON& Tower with Radar,161,141,44,2,348,0,0,13,0,13,161,141,57,2,361,0,0,0,361
08/17/2016,MKE,WI,AGL,CE,Combined TRACON& Tower with Radar,162,142,28,15,347,0,0,7,5,12,162,142,35,20,359,0,0,0,359
08/18/2016,MKE,WI,AGL,CE,Combined TRACON& Tower with Radar,175,142,37,13,367,0,3,6,0,9,175,145,43,13,376,0,0,0,376
08/19/2016,MKE,WI,AGL,CE,Combined TRACON& Tower with Radar,157,129,26,0,312,0,0,2,0,2,157,129,28,0,314,0,0,0,314
08/20/2016,MKE,WI,AGL,CE,Combined TRACON& Tower with Radar,110,77,21,0,208,0,0,0,0,0,110,77,21,0,208,0,0,0,208
08/21/2016,MKE,WI,AGL,CE,Combined TRACON& Tower with Radar,137,80,24,1,242,0,0,5,0,5,137,80,29,1,247,0,0,0,247
08/22/2016,MKE,WI,AGL,CE,Combined TRACON& Tower with Radar,162,111,23,0,296,0,0,9,0,9,162,111,32,0,305,0,0,0,305
08/23/2016,MKE,WI,AGL,CE,Combined TRACON& Tower with Radar,162,139,30,11,342,0,2,9,2,13,162,141,39,13,355,0,0,0,355
08/24/2016,MKE,WI,AGL,CE,Combined TRACON& Tower with Radar,163,134,34,8,339,0,0,5,0,5,163,134,39,8,344,0,0,0,344
08/25/2016,MKE,WI,AGL,CE,Combined TRACON& Tower with Radar,162,129,34,8,333,0,0,12,0,12,162,129,46,8,345,0,0,0,345
08/26/2016,MKE,WI,AGL,CE,Combined TRACON& Tower with Radar,165,132,23,11,331,0,0,20,8,28,165,132,43,19,359,0,0,0,359
08/27/2016,MKE,WI,AGL,CE,Combined TRACON& Tower with Radar,94,77,14,0,185,0,0,2,0,2,94,77,16,0,187,0,0,0,187
08/28/2016,MKE,WI,AGL,CE,Combined TRACON& Tower with Radar,143,81,15,1,240,0,2,1,0,3,143,83,16,1,243,0,0,0,243
08/29/2016,MKE,WI,AGL,CE,Combined TRACON& Tower with Radar,179,116,43,0,338,0,2,9,4,15,179,118,52,4,353,0,0,0,353
08/30/2016,MKE,WI,AGL,CE,Combined TRACON& Tower with Radar,160,135,35,2,332,0,0,7,0,7,160,135,42,2,339,0,0,0,339
08/31/2016,MKE,WI,AGL,CE,Combined TRACON& Tower with Radar,163,146,35,6,350,0,2,12,0,14,163,148,47,6,364,0,0,0,364
09/01/2016,MKE,WI,AGL,CE,Combined TRACON& Tower with Radar,161,132,36,10,339,0,3,15,1,19,161,135,51,11,358,0,0,0,358
09/02/2016,MKE,WI,AGL,CE,Combined TRACON& Tower with Radar,167,127,31,2,327,0,3,17,1,21,167,130,48,3,348,6,0,6,354
09/03/2016,MKE,WI,AGL,CE,Combined TRACON& Tower with Radar,84,84,9,0,177,0,0,123,2,125,84,84,132,2,302,0,0,0,302
09/04/2016,MKE,WI,AGL,CE,Combined TRACON& Tower with Radar,120,78,10,0,208,0,2,119,2,123,120,80,129,2,331,0,0,0,331
09/05/2016,MKE,WI,AGL,CE,Combined TRACON& Tower with Radar,130,86,19,0,235,0,3,5,4,12,130,89,24,4,247,0,0,0,247
09/06/2016,MKE,WI,AGL,CE,Combined TRACON& Tower with Radar,153,111,20,1,285,0,0,4,2,6,153,111,24,3,291,0,0,0,291
09/07/2016,MKE,WI,AGL,CE,Combined TRACON& Tower with Radar,170,131,37,3,341,0,0,0,0,0,170,131,37,3,341,0,0,0,341
09/08/2016,MKE,WI,AGL,CE,Combined TRACON& Tower with Radar,176,119,38,12,345,0,0,5,2,7,176,119,43,14,352,14,0,14,366
09/09/2016,MKE,WI,AGL,CE,Combined TRACON& Tower with Radar,169,120,35,9,333,0,0,10,2,12,169,120,45,11,345,0,0,0,345
09/10/2016,MKE,WI,AGL,CE,Combined TRACON& Tower with Radar,101,67,14,11,193,0,0,1,0,1,101,67,15,11,194,0,0,0,194
09/11/2016,MKE,WI,AGL,CE,Combined TRACON& Tower with Radar,157,67,20,9,253,0,4,12,0,16,157,71,32,9,269,0,0,0,269
09/12/2016,MKE,WI,AGL,CE,Combined TRACON& Tower with Radar,176,99,19,5,299,0,0,13,0,13,176,99,32,5,312,8,0,8,320
09/13/2016,MKE,WI,AGL,CE,Combined TRACON& Tower with Radar,172,112,45,15,344,0,0,2,0,2,172,112,47,15,346,2,12,14,360
09/14/2016,MKE,WI,AGL,CE,Combined TRACON& Tower with Radar,186,136,44,5,371,0,0,7,0,7,186,136,51,5,378,14,0,14,392
09/15/2016,MKE,WI,AGL,CE,Combined TRACON& Tower with Radar,174,131,56,9,370,0,2,10,1,13,174,133,66,10,383,10,0,10,393
09/16/2016,MKE,WI,AGL,CE,Combined TRACON& Tower with Radar,174,122,24,8,328,0,0,3,0,3,174,122,27,8,331,0,0,0,331
09/17/2016,MKE,WI,AGL,CE,Combined TRACON& Tower with Radar,112,56,12,3,183,0,2,12,1,15,112,58,24,4,198,0,0,0,198
09/18/2016,MKE,WI,AGL,CE,Combined TRACON& Tower with Radar,159,58,24,0,241,0,2,16,0,18,159,60,40,0,259,0,0,0,259
09/19/2016,MKE,WI,AGL,CE,Combined TRACON& Tower with Radar,162,103,36,2,303,0,2,7,0,9,162,105,43,2,312,0,0,0,312
09/20/2016,MKE,WI,AGL,CE,Combined TRACON& Tower with Radar,174,110,35,5,324,0,0,7,0,7,174,110,42,5,331,0,0,0,331
09/21/2016,MKE,WI,AGL,CE,Combined TRACON& Tower with Radar,178,119,35,3,335,0,0,0,0,0,178,119,35,3,335,0,0,0,335
09/22/2016,MKE,WI,AGL,CE,Combined TRACON& Tower with Radar,178,127,35,19,359,0,6,3,2,11,178,133,38,21,370,0,0,0,370
09/23/2016,MKE,WI,AGL,CE,Combined TRACON& Tower with Radar,173,110,25,9,317,0,0,5,0,5,173,110,30,9,322,0,0,0,322
09/24/2016,MKE,WI,AGL,CE,Combined TRACON& Tower with Radar,106,67,25,1,199,0,4,7,0,11,106,71,32,1,210,0,0,0,210
09/25/2016,MKE,WI,AGL,CE,Combined TRACON& Tower with Radar,162,72,19,2,255,0,2,2,0,4,162,74,21,2,259,0,0,0,259
09/26/2016,MKE,WI,AGL,CE,Combined TRACON& Tower with Radar,162,98,42,1,303,0,1,4,0,5,162,99,46,1,308,0,0,0,308
09/27/2016,MKE,WI,AGL,CE,Combined TRACON& Tower with Radar,170,115,52,5,342,0,0,0,0,0,170,115,52,5,342,0,0,0,342
09/28/2016,MKE,WI,AGL,CE,Combined TRACON& Tower with Radar,179,135,35,19,368,0,0,4,0,4,179,135,39,19,372,0,0,0,372
09/29/2016,MKE,WI,AGL,CE,Combined TRACON& Tower with Radar,181,126,35,6,348,0,2,2,0,4,181,128,37,6,352,0,0,0,352
09/30/2016,MKE,WI,AGL,CE,Combined TRACON& Tower with Radar,171,111,29,6,317,0,0,0,0,0,171,111,29,6,317,0,0,0,317
10/01/2016,MKE,WI,AGL,CE,Combined TRACON& Tower with Radar,110,58,20,18,206,0,0,1,0,1,110,58,21,18,207,0,0,0,207
10/02/2016,MKE,WI,AGL,CE,Combined TRACON& Tower with Radar,158,63,18,4,243,0,0,0,0,0,158,63,18,4,243,0,0,0,243
10/03/2016,MKE,WI,AGL,CE,Combined TRACON& Tower with Radar,164,89,30,4,287,0,0,4,3,7,164,89,34,7,294,0,0,0,294
10/04/2016,MKE,WI,AGL,CE,Combined TRACON& Tower with Radar,169,108,23,20,320,0,5,17,3,25,169,113,40,23,345,14,0,14,359
10/05/2016,MKE,WI,AGL,CE,Combined TRACON& Tower with Radar,173,118,41,23,355,0,0,2,0,2,173,118,43,23,357,0,0,0,357
10/06/2016,MKE,WI,AGL,CE,Combined TRACON& Tower with Radar,171,126,42,6,345,0,0,3,0,3,171,126,45,6,348,0,0,0,348
10/07/2016,MKE,WI,AGL,CE,Combined TRACON& Tower with Radar,153,110,35,0,298,0,3,4,1,8,153,113,39,1,306,0,0,0,306
10/08/2016,MKE,WI,AGL,CE,Combined TRACON& Tower with Radar,103,63,18,1,185,0,0,13,0,13,103,63,31,1,198,0,0,0,198
10/09/2016,MKE,WI,AGL,CE,Combined TRACON& Tower with Radar,145,75,19,3,242,0,0,8,0,8,145,75,27,3,250,0,0,0,250
10/10/2016,MKE,WI,AGL,CE,Combined TRACON& Tower with Radar,160,107,30,1,298,0,0,10,0,10,160,107,40,1,308,0,0,0,308
10/11/2016,MKE,WI,AGL,CE,Combined TRACON& Tower with Radar,168,124,29,3,324,0,0,6,0,6,168,124,35,3,330,0,0,0,330
10/12/2016,MKE,WI,AGL,CE,Combined TRACON& Tower with Radar,165,139,28,8,340,0,0,3,0,3,165,139,31,8,343,0,0,0,343
10/13/2016,MKE,WI,AGL,CE,Combined TRACON& Tower with Radar,168,119,34,17,338,0,3,12,0,15,168,122,46,17,353,8,0,8,361
10/14/2016,MKE,WI,AGL,CE,Combined TRACON& Tower with Radar,165,126,25,13,329,0,1,21,3,25,165,127,46,16,354,6,0,6,360
10/15/2016,MKE,WI,AGL,CE,Combined TRACON& Tower with Radar,109,54,13,1,177,0,2,1,0,3,109,56,14,1,180,0,0,0,180
10/16/2016,MKE,WI,AGL,CE,Combined TRACON& Tower with Radar,147,75,21,8,251,0,0,2,1,3,147,75,23,9,254,0,0,0,254
10/17/2016,MKE,WI,AGL,CE,Combined TRACON& Tower with Radar,166,117,25,3,311,0,1,1,0,2,166,118,26,3,313,0,0,0,313
10/18/2016,MKE,WI,AGL,CE,Combined TRACON& Tower with Radar,168,113,20,22,323,0,2,12,0,14,168,115,32,22,337,12,8,20,357
10/19/2016,MKE,WI,AGL,CE,Combined TRACON& Tower with Radar,171,130,27,6,334,0,2,22,0,24,171,132,49,6,358,0,0,0,358
10/20/2016,MKE,WI,AGL,CE,Combined TRACON& Tower with Radar,168,123,38,9,338,0,0,3,0,3,168,123,41,9,341,0,0,0,341
10/21/2016,MKE,WI,AGL,CE,Combined TRACON& Tower with Radar,163,106,21,8,298,0,4,6,0,10,163,110,27,8,308,0,0,0,308
10/22/2016,MKE,WI,AGL,CE,Combined TRACON& Tower with Radar,102,70,11,1,184,0,3,7,5,15,102,73,18,6,199,0,0,0,199
10/23/2016,MKE,WI,AGL,CE,Combined TRACON& Tower with Radar,149,87,17,1,254,0,0,10,1,11,149,87,27,2,265,0,0,0,265
10/24/2016,MKE,WI,AGL,CE,Combined TRACON& Tower with Radar,159,104,40,0,303,0,0,8,0,8,159,104,48,0,311,0,0,0,311
10/25/2016,MKE,WI,AGL,CE,Combined TRACON& Tower with Radar,166,134,24,10,334,0,4,14,0,18,166,138,38,10,352,0,0,0,352
10/26/2016,MKE,WI,AGL,CE,Combined TRACON& Tower with Radar,162,125,25,0,312,0,0,0,0,0,162,125,25,0,312,0,0,0,312
10/27/2016,MKE,WI,AGL,CE,Combined TRACON& Tower with Radar,167,126,28,12,333,0,0,4,1,5,167,126,32,13,338,4,0,4,342
10/28/2016,MKE,WI,AGL,CE,Combined TRACON& Tower with Radar,163,137,12,3,315,0,2,8,1,11,163,139,20,4,326,18,0,18,344
10/29/2016,MKE,WI,AGL,CE,Combined TRACON& Tower with Radar,108,63,5,0,176,0,0,12,0,12,108,63,17,0,188,0,0,0,188
10/30/2016,MKE,WI,AGL,CE,Combined TRACON& Tower with Radar,133,69,30,5,237,0,0,2,0,2,133,69,32,5,239,6,0,6,245
10/31/2016,MKE,WI,AGL,CE,Combined TRACON& Tower with Radar,151,104,33,2,290,0,4,3,0,7,151,108,36,2,297,0,0,0,297
11/01/2016,MKE,WI,AGL,CE,Combined TRACON& Tower with Radar,154,121,34,14,323,0,0,14,0,14,154,121,48,14,337,0,0,0,337
11/02/2016,MKE,WI,AGL,CE,Combined TRACON& Tower with Radar,185,117,44,2,348,0,0,0,0,0,185,117,44,2,348,0,0,0,348
11/03/2016,MKE,WI,AGL,CE,Combined TRACON& Tower with Radar,163,140,38,5,346,0,0,9,0,9,163,140,47,5,355,0,0,0,355
11/04/2016,MKE,WI,AGL,CE,Combined TRACON& Tower with Radar,169,120,26,5,320,0,3,8,0,11,169,123,34,5,331,4,0,4,335
11/05/2016,MKE,WI,AGL,CE,Combined TRACON& Tower with Radar,116,70,14,3,203,0,2,22,2,26,116,72,36,5,229,0,0,0,229
11/06/2016,MKE,WI,AGL,CE,Combined TRACON& Tower with Radar,149,81,12,7,249,0,0,13,0,13,149,81,25,7,262,6,0,6,268
11/07/2016,MKE,WI,AGL,CE,Combined TRACON& Tower with Radar,157,101,25,1,284,0,0,7,0,7,157,101,32,1,291,0,0,0,291
11/08/2016,MKE,WI,AGL,CE,Combined TRACON& Tower with Radar,143,112,26,7,288,0,0,6,0,6,143,112,32,7,294,0,0,0,294
11/09/2016,MKE,WI,AGL,CE,Combined TRACON& Tower with Radar,174,120,31,12,337,0,2,10,0,12,174,122,41,12,349,12,0,12,361
11/10/2016,MKE,WI,AGL,CE,Combined TRACON& Tower with Radar,172,118,25,2,317,0,6,14,1,21,172,124,39,3,338,0,0,0,338
11/11/2016,MKE,WI,AGL,CE,Combined TRACON& Tower with Radar,176,111,21,1,309,0,1,11,0,12,176,112,32,1,321,10,0,10,331
11/12/2016,MKE,WI,AGL,CE,Combined TRACON& Tower with Radar,98,85,9,0,192,0,0,11,0,11,98,85,20,0,203,4,0,4,207
11/13/2016,MKE,WI,AGL,CE,Combined TRACON& Tower with Radar,151,84,7,0,242,0,2,4,0,6,151,86,11,0,248,0,0,0,248
11/14/2016,MKE,WI,AGL,CE,Combined TRACON& Tower with Radar,167,99,28,5,299,0,0,10,0,10,167,99,38,5,309,12,0,12,321
11/15/2016,MKE,WI,AGL,CE,Combined TRACON& Tower with Radar,175,130,21,8,334,0,0,3,0,3,175,130,24,8,337,0,0,0,337
11/16/2016,MKE,WI,AGL,CE,Combined TRACON& Tower with Radar,178,123,44,13,358,0,0,11,0,11,178,123,55,13,369,0,0,0,369
11/17/2016,MKE,WI,AGL,CE,Combined TRACON& Tower with Radar,172,127,26,12,337,0,2,8,2,12,172,129,34,14,349,0,0,0,349
11/18/2016,MKE,WI,AGL,CE,Combined TRACON& Tower with Radar,178,122,22,0,322,0,2,2,2,6,178,124,24,2,328,14,0,14,342
11/19/2016,MKE,WI,AGL,CE,Combined TRACON& Tower with Radar,130,70,14,0,214,0,2,0,0,2,130,72,14,0,216,0,0,0,216
11/20/2016,MKE,WI,AGL,CE,Combined TRACON& Tower with Radar,147,71,18,0,236,0,2,9,0,11,147,73,27,0,247,0,0,0,247
11/21/2016,MKE,WI,AGL,CE,Combined TRACON& Tower with Radar,153,98,28,1,280,0,1,13,0,14,153,99,41,1,294,0,0,0,294
11/22/2016,MKE,WI,AGL,CE,Combined TRACON& Tower with Radar,151,125,24,6,306,0,4,2,0,6,151,129,26,6,312,0,0,0,312
11/23/2016,MKE,WI,AGL,CE,Combined TRACON& Tower with Radar,171,128,20,17,336,0,0,0,0,0,171,128,20,17,336,0,0,0,336
11/24/2016,MKE,WI,AGL,CE,Combined TRACON& Tower with Radar,93,42,1,0,136,0,0,3,1,4,93,42,4,1,140,0,0,0,140
11/25/2016,MKE,WI,AGL,CE,Combined TRACON& Tower with Radar,128,83,7,0,218,0,0,0,0,0,128,83,7,0,218,0,0,0,218
11/26/2016,MKE,WI,AGL,CE,Combined TRACON& Tower with Radar,161,71,8,0,240,0,21,18,0,39,161,92,26,0,279,0,0,0,279
11/27/2016,MKE,WI,AGL,CE,Combined TRACON& Tower with Radar,157,86,27,0,270,0,0,0,0,0,157,86,27,0,270,0,0,0,270
11/28/2016,MKE,WI,AGL,CE,Combined TRACON& Tower with Radar,160,106,22,0,288,0,0,0,0,0,160,106,22,0,288,0,0,0,288
11/29/2016,MKE,WI,AGL,CE,Combined TRACON& Tower with Radar,180,129,25,4,338,0,2,8,0,10,180,131,33,4,348,0,0,0,348
11/30/2016,MKE,WI,AGL,CE,Combined TRACON& Tower with Radar,175,112,24,12,323,0,2,2,0,4,175,114,26,12,327,0,0,0,327
12/01/2016,MKE,WI,AGL,CE,Combined TRACON& Tower with Radar,175,125,20,11,331,0,0,2,0,2,175,125,22,11,333,0,0,0,333
12/02/2016,MKE,WI,AGL,CE,Combined TRACON& Tower with Radar,173,116,14,6,309,0,0,7,0,7,173,116,21,6,316,0,0,0,316
12/03/2016,MKE,WI,AGL,CE,Combined TRACON& Tower with Radar,97,79,14,0,190,0,4,2,0,6,97,83,16,0,196,10,0,10,206
12/04/2016,MKE,WI,AGL,CE,Combined TRACON& Tower with Radar,144,68,12,2,226,0,0,0,0,0,144,68,12,2,226,0,0,0,226
12/05/2016,MKE,WI,AGL,CE,Combined TRACON& Tower with Radar,166,115,35,0,316,0,0,0,0,0,166,115,35,0,316,0,0,0,316
12/06/2016,MKE,WI,AGL,CE,Combined TRACON& Tower with Radar,174,121,38,6,339,0,2,0,0,2,174,123,38,6,341,0,0,0,341
12/07/2016,MKE,WI,AGL,CE,Combined TRACON& Tower with Radar,187,137,31,7,362,0,2,4,0,6,187,139,35,7,368,0,0,0,368
12/08/2016,MKE,WI,AGL,CE,Combined TRACON& Tower with Radar,173,140,27,10,350,0,5,1,2,8,173,145,28,12,358,0,0,0,358
12/09/2016,MKE,WI,AGL,CE,Combined TRACON& Tower with Radar,174,118,22,3,317,0,3,7,2,12,174,121,29,5,329,0,0,0,329
12/10/2016,MKE,WI,AGL,CE,Combined TRACON& Tower with Radar,94,68,9,0,171,0,1,3,0,4,94,69,12,0,175,0,0,0,175
12/11/2016,MKE,WI,AGL,CE,Combined TRACON& Tower with Radar,142,43,16,0,201,0,0,0,0,0,142,43,16,0,201,0,0,0,201
12/12/2016,MKE,WI,AGL,CE,Combined TRACON& Tower with Radar,167,99,29,0,295,0,0,7,1,8,167,99,36,1,303,6,0,6,309
12/13/2016,MKE,WI,AGL,CE,Combined TRACON& Tower with Radar,182,118,46,7,353,0,4,3,7,14,182,122,49,14,367,2,0,2,369
12/14/2016,MKE,WI,AGL,CE,Combined TRACON& Tower with Radar,190,127,40,14,371,0,0,4,0,4,190,127,44,14,375,0,0,0,375
12/15/2016,MKE,WI,AGL,CE,Combined TRACON& Tower with Radar,187,116,30,9,342,0,0,0,2,2,187,116,30,11,344,0,0,0,344
12/16/2016,MKE,WI,AGL,CE,Combined TRACON& Tower with Radar,169,103,22,1,295,0,0,1,1,2,169,103,23,2,297,0,0,0,297
12/17/2016,MKE,WI,AGL,CE,Combined TRACON& Tower with Radar,126,69,2,0,197,0,0,0,0,0,126,69,2,0,197,0,0,0,197
12/18/2016,MKE,WI,AGL,CE,Combined TRACON& Tower with Radar,140,63,4,0,207,0,3,2,0,5,140,66,6,0,212,0,0,0,212
12/19/2016,MKE,WI,AGL,CE,Combined TRACON& Tower with Radar,154,89,23,1,267,0,5,2,0,7,154,94,25,1,274,0,0,0,274
12/20/2016,MKE,WI,AGL,CE,Combined TRACON& Tower with Radar,178,120,35,2,335,0,3,5,0,8,178,123,40,2,343,0,0,0,343
12/21/2016,MKE,WI,AGL,CE,Combined TRACON& Tower with Radar,175,127,20,5,327,0,0,6,0,6,175,127,26,5,333,0,0,0,333
12/22/2016,MKE,WI,AGL,CE,Combined TRACON& Tower with Radar,166,117,29,4,316,0,0,16,0,16,166,117,45,4,332,11,4,15,347
12/23/2016,MKE,WI,AGL,CE,Combined TRACON& Tower with Radar,164,125,12,0,301,0,2,1,0,3,164,127,13,0,304,0,0,0,304
12/24/2016,MKE,WI,AGL,CE,Combined TRACON& Tower with Radar,112,72,5,0,189,0,0,0,0,0,112,72,5,0,189,0,0,0,189
12/25/2016,MKE,WI,AGL,CE,Combined TRACON& Tower with Radar,108,49,0,0,157,0,0,0,0,0,108,49,0,0,157,0,0,0,157
12/26/2016,MKE,WI,AGL,CE,Combined TRACON& Tower with Radar,143,83,15,0,241,0,3,3,0,6,143,86,18,0,247,0,0,0,247
12/27/2016,MKE,WI,AGL,CE,Combined TRACON& Tower with Radar,152,114,9,0,275,0,0,2,0,2,152,114,11,0,277,0,0,0,277
12/28/2016,MKE,WI,AGL,CE,Combined TRACON& Tower with Radar,164,117,22,7,310,0,0,15,0,15,164,117,37,7,325,7,6,13,338
12/29/2016,MKE,WI,AGL,CE,Combined TRACON& Tower with Radar,155,113,13,2,283,0,0,8,0,8,155,113,21,2,291,0,0,0,291
12/30/2016,MKE,WI,AGL,CE,Combined TRACON& Tower with Radar,163,115,12,2,292,0,6,6,0,12,163,121,18,2,304,13,0,13,317
12/31/2016,MKE,WI,AGL,CE,Combined TRACON& Tower with Radar,110,66,2,0,178,0,3,4,0,7,110,69,6,0,185,0,0,0,185
01/01/2017,MKE,WI,AGL,CE,Combined TRACON& Tower with Radar,132,68,7,0,207,0,2,13,0,15,132,70,20,0,222,0,0,0,222
01/02/2017,MKE,WI,AGL,CE,Combined TRACON& Tower with Radar,145,92,16,0,253,0,0,2,0,2,145,92,18,0,255,0,0,0,255
01/03/2017,MKE,WI,AGL,CE,Combined TRACON& Tower with Radar,166,113,19,0,298,0,0,0,0,0,166,113,19,0,298,0,0,0,298
01/04/2017,MKE,WI,AGL,CE,Combined TRACON& Tower with Radar,171,112,15,5,303,0,0,2,0,2,171,112,17,5,305,0,0,0,305
01/05/2017,MKE,WI,AGL,CE,Combined TRACON& Tower with Radar,165,100,16,4,285,0,0,2,0,2,165,100,18,4,287,0,0,0,287
01/06/2017,MKE,WI,AGL,CE,Combined TRACON& Tower with Radar,163,99,14,10,286,0,11,2,1,14,163,110,16,11,300,0,0,0,300
01/07/2017,MKE,WI,AGL,CE,Combined TRACON& Tower with Radar,123,66,14,4,207,0,0,1,0,1,123,66,15,4,208,0,0,0,208
01/08/2017,MKE,WI,AGL,CE,Combined TRACON& Tower with Radar,156,55,9,2,222,0,0,11,0,11,156,55,20,2,233,2,0,2,235
01/09/2017,MKE,WI,AGL,CE,Combined TRACON& Tower with Radar,172,96,33,0,301,0,3,1,0,4,172,99,34,0,305,0,0,0,305
01/10/2017,MKE,WI,AGL,CE,Combined TRACON& Tower with Radar,171,95,33,1,300,0,0,1,0,1,171,95,34,1,301,0,0,0,301
01/11/2017,MKE,WI,AGL,CE,Combined TRACON& Tower with Radar,176,107,39,6,328,0,4,0,0,4,176,111,39,6,332,0,0,0,332
01/12/2017,MKE,WI,AGL,CE,Combined TRACON& Tower with Radar,177,120,22,2,321,0,3,3,1,7,177,123,25,3,328,0,0,0,328
01/13/2017,MKE,WI,AGL,CE,Combined TRACON& Tower with Radar,182,103,28,0,313,0,0,2,2,4,182,103,30,2,317,0,0,0,317
01/14/2017,MKE,WI,AGL,CE,Combined TRACON& Tower with Radar,125,57,9,0,191,0,0,12,0,12,125,57,21,0,203,0,0,0,203
01/15/2017,MKE,WI,AGL,CE,Combined TRACON& Tower with Radar,135,63,13,0,211,0,0,10,0,10,135,63,23,0,221,0,0,0,221
01/16/2017,MKE,WI,AGL,CE,Combined TRACON& Tower with Radar,179,84,20,2,285,0,0,0,0,0,179,84,20,2,285,0,0,0,285
01/17/2017,MKE,WI,AGL,CE,Combined TRACON& Tower with Radar,164,106,17,4,291,0,0,0,0,0,164,106,17,4,291,0,0,0,291
01/18/2017,MKE,WI,AGL,CE,Combined TRACON& Tower with Radar,177,114,32,4,327,0,0,0,0,0,177,114,32,4,327,0,0,0,327
01/19/2017,MKE,WI,AGL,CE,Combined TRACON& Tower with Radar,181,96,22,6,305,0,0,0,0,0,181,96,22,6,305,0,0,0,305
01/20/2017,MKE,WI,AGL,CE,Combined TRACON& Tower with Radar,183,76,22,5,286,0,0,0,0,0,183,76,22,5,286,0,0,0,286
01/21/2017,MKE,WI,AGL,CE,Combined TRACON& Tower with Radar,130,56,11,1,198,0,0,0,0,0,130,56,11,1,198,0,0,0,198
01/22/2017,MKE,WI,AGL,CE,Combined TRACON& Tower with Radar,157,60,20,4,241,0,0,0,0,0,157,60,20,4,241,0,0,0,241
01/23/2017,MKE,WI,AGL,CE,Combined TRACON& Tower with Radar,177,90,38,0,305,0,0,0,0,0,177,90,38,0,305,0,0,0,305
01/24/2017,MKE,WI,AGL,CE,Combined TRACON& Tower with Radar,172,103,27,8,310,0,0,2,0,2,172,103,29,8,312,12,0,12,324
01/25/2017,MKE,WI,AGL,CE,Combined TRACON& Tower with Radar,184,115,28,4,331,0,0,0,0,0,184,115,28,4,331,0,0,0,331
01/26/2017,MKE,WI,AGL,CE,Combined TRACON& Tower with Radar,178,116,32,4,330,0,0,0,0,0,178,116,32,4,330,0,0,0,330
01/27/2017,MKE,WI,AGL,CE,Combined TRACON& Tower with Radar,182,111,16,6,315,0,0,0,0,0,182,111,16,6,315,0,0,0,315
01/28/2017,MKE,WI,AGL,CE,Combined TRACON& Tower with Radar,127,75,5,0,207,0,2,1,0,3,127,77,6,0,210,10,0,10,220
01/29/2017,MKE,WI,AGL,CE,Combined TRACON& Tower with Radar,142,66,14,0,222,0,0,1,0,1,142,66,15,0,223,0,0,0,223
01/30/2017,MKE,WI,AGL,CE,Combined TRACON& Tower with Radar,184,98,22,2,306,0,1,2,0,3,184,99,24,2,309,0,0,0,309
01/31/2017,MKE,WI,AGL,CE,Combined TRACON& Tower with Radar,173,109,21,10,313,0,0,0,0,0,173,109,21,10,313,0,0,0,313
02/01/2017,MKE,WI,AGL,CE,Combined TRACON& Tower with Radar,176,107,29,5,317,0,7,2,0,9,176,114,31,5,326,0,0,0,326
02/02/2017,MKE,WI,AGL,CE,Combined TRACON& Tower with Radar,183,129,15,8,335,0,3,8,0,11,183,132,23,8,346,6,0,6,352
02/03/2017,MKE,WI,AGL,CE,Combined TRACON& Tower with Radar,177,104,25,6,312,0,4,8,0,12,177,108,33,6,324,4,0,4,328
02/04/2017,MKE,WI,AGL,CE,Combined TRACON& Tower with Radar,123,55,11,0,189,0,0,12,0,12,123,55,23,0,201,16,0,16,217
02/05/2017,MKE,WI,AGL,CE,Combined TRACON& Tower with Radar,136,56,13,1,206,0,2,10,0,12,136,58,23,1,218,0,0,0,218
02/06/2017,MKE,WI,AGL,CE,Combined TRACON& Tower with Radar,182,103,34,0,319,0,0,0,0,0,182,103,34,0,319,0,0,0,319
02/07/2017,MKE,WI,AGL,CE,Combined TRACON& Tower with Radar,178,84,29,5,296,0,0,0,0,0,178,84,29,5,296,0,0,0,296
02/08/2017,MKE,WI,AGL,CE,Combined TRACON& Tower with Radar,177,105,38,7,327,0,0,0,1,1,177,105,38,8,328,0,0,0,328
02/09/2017,MKE,WI,AGL,CE,Combined TRACON& Tower with Radar,166,102,27,4,299,0,2,3,0,5,166,104,30,4,304,14,0,14,318
02/10/2017,MKE,WI,AGL,CE,Combined TRACON& Tower with Radar,186,104,19,8,317,0,6,4,2,12,186,110,23,10,329,0,0,0,329
02/11/2017,MKE,WI,AGL,CE,Combined TRACON& Tower with Radar,125,59,8,3,195,0,3,11,0,14,125,62,19,3,209,0,0,0,209
02/12/2017,MKE,WI,AGL,CE,Combined TRACON& Tower with Radar,142,66,17,2,227,0,0,3,0,3,142,66,20,2,230,0,0,0,230
02/13/2017,MKE,WI,AGL,CE,Combined TRACON& Tower with Radar,162,100,22,1,285,0,4,11,0,15,162,104,33,1,300,0,0,0,300
02/14/2017,MKE,WI,AGL,CE,Combined TRACON& Tower with Radar,165,103,23,6,297,0,1,11,0,12,165,104,34,6,309,0,0,0,309
02/15/2017,MKE,WI,AGL,CE,Combined TRACON& Tower with Radar,172,110,30,8,320,0,0,4,2,6,172,110,34,10,326,0,4,4,330
02/16/2017,MKE,WI,AGL,CE,Combined TRACON& Tower with Radar,179,123,38,8,348,0,0,9,1,10,179,123,47,9,358,0,0,0,358
02/17/2017,MKE,WI,AGL,CE,Combined TRACON& Tower with Radar,183,117,24,0,324,0,0,21,0,21,183,117,45,0,345,9,0,9,354
02/18/2017,MKE,WI,AGL,CE,Combined TRACON& Tower with Radar,135,58,18,0,211,0,0,12,0,12,135,58,30,0,223,0,0,0,223
02/19/2017,MKE,WI,AGL,CE,Combined TRACON& Tower with Radar,140,63,19,0,222,0,0,13,0,13,140,63,32,0,235,6,0,6,241
02/20/2017,MKE,WI,AGL,CE,Combined TRACON& Tower with Radar,175,95,33,0,303,0,10,6,0,16,175,105,39,0,319,0,0,0,319
02/21/2017,MKE,WI,AGL,CE,Combined TRACON& Tower with Radar,183,114,29,8,334,0,3,13,0,16,183,117,42,8,350,0,0,0,350
02/22/2017,MKE,WI,AGL,CE,Combined TRACON& Tower with Radar,183,112,26,5,326,0,3,5,0,8,183,115,31,5,334,0,0,0,334
02/23/2017,MKE,WI,AGL,CE,Combined TRACON& Tower with Radar,180,122,29,12,343,0,3,2,0,5,180,125,31,12,348,0,0,0,348
02/24/2017,MKE,WI,AGL,CE,Combined TRACON& Tower with Radar,187,108,36,1,332,0,0,0,0,0,187,108,36,1,332,0,0,0,332
02/25/2017,MKE,WI,AGL,CE,Combined TRACON& Tower with Radar,137,59,9,0,205,0,0,4,0,4,137,59,13,0,209,0,0,0,209
02/26/2017,MKE,WI,AGL,CE,Combined TRACON& Tower with Radar,160,65,15,0,240,0,0,2,0,2,160,65,17,0,242,0,0,0,242
02/27/2017,MKE,WI,AGL,CE,Combined TRACON& Tower with Radar,174,96,12,1,283,0,5,12,0,17,174,101,24,1,300,10,0,10,310
02/28/2017,MKE,WI,AGL,CE,Combined TRACON& Tower with Radar,186,96,29,2,313,0,0,0,0,0,186,96,29,2,313,0,0,0,313
03/01/2017,MKE,WI,AGL,CE,Combined TRACON& Tower with Radar,186,114,28,0,328,0,0,0,0,0,186,114,28,0,328,0,0,0,328
03/02/2017,MKE,WI,AGL,CE,Combined TRACON& Tower with Radar,187,118,35,8,348,0,4,5,8,17,187,122,40,16,365,0,5,5,370
03/03/2017,MKE,WI,AGL,CE,Combined TRACON& Tower with Radar,179,113,22,15,329,0,0,22,2,24,179,113,44,17,353,0,0,0,353
03/04/2017,MKE,WI,AGL,CE,Combined TRACON& Tower with Radar,138,56,11,0,205,0,0,0,0,0,138,56,11,0,205,0,0,0,205
03/05/2017,MKE,WI,AGL,CE,Combined TRACON& Tower with Radar,164,67,14,2,247,0,4,5,0,9,164,71,19,2,256,0,0,0,256
03/06/2017,MKE,WI,AGL,CE,Combined TRACON& Tower with Radar,185,84,28,2,299,0,0,0,0,0,185,84,28,2,299,0,0,0,299
03/07/2017,MKE,WI,AGL,CE,Combined TRACON& Tower with Radar,190,103,16,0,309,0,1,2,0,3,190,104,18,0,312,0,0,0,312
03/08/2017,MKE,WI,AGL,CE,Combined TRACON& Tower with Radar,190,113,30,5,338,0,0,2,0,2,190,113,32,5,340,0,0,0,340
03/09/2017,MKE,WI,AGL,CE,Combined TRACON& Tower with Radar,199,113,32,6,350,0,7,11,0,18,199,120,43,6,368,8,0,8,376
03/10/2017,MKE,WI,AGL,CE,Combined TRACON& Tower with Radar,200,114,30,5,349,0,6,7,4,17,200,120,37,9,366,4,6,10,376
03/11/2017,MKE,WI,AGL,CE,Combined TRACON& Tower with Radar,170,73,15,0,258,0,0,10,0,10,170,73,25,0,268,0,0,0,268
03/12/2017,MKE,WI,AGL,CE,Combined TRACON& Tower with Radar,178,66,19,2,265,0,3,9,0,12,178,69,28,2,277,0,0,0,277
03/13/2017,MKE,WI,AGL,CE,Combined TRACON& Tower with Radar,182,78,28,0,288,0,0,0,0,0,182,78,28,0,288,0,0,0,288
03/14/2017,MKE,WI,AGL,CE,Combined TRACON& Tower with Radar,183,80,21,6,290,0,1,0,0,1,183,81,21,6,291,0,0,0,291
03/15/2017,MKE,WI,AGL,CE,Combined TRACON& Tower with Radar,202,115,42,12,371,0,2,8,2,12,202,117,50,14,383,0,0,0,383
03/16/2017,MKE,WI,AGL,CE,Combined TRACON& Tower with Radar,203,117,58,3,381,0,0,16,0,16,203,117,74,3,397,0,0,0,397
03/17/2017,MKE,WI,AGL,CE,Combined TRACON& Tower with Radar,206,105,23,0,334,0,0,0,0,0,206,105,23,0,334,0,0,0,334
03/18/2017,MKE,WI,AGL,CE,Combined TRACON& Tower with Radar,171,66,34,0,271,0,0,0,0,0,171,66,34,0,271,0,0,0,271
03/19/2017,MKE,WI,AGL,CE,Combined TRACON& Tower with Radar,183,61,36,2,282,0,0,12,0,12,183,61,48,2,294,6,0,6,300
03/20/2017,MKE,WI,AGL,CE,Combined TRACON& Tower with Radar,196,88,30,2,316,0,3,11,1,15,196,91,41,3,331,0,0,0,331
03/21/2017,MKE,WI,AGL,CE,Combined TRACON& Tower with Radar,196,111,17,6,330,0,1,12,3,16,196,112,29,9,346,0,0,0,346
03/22/2017,MKE,WI,AGL,CE,Combined TRACON& Tower with Radar,203,106,22,5,336,0,5,16,0,21,203,111,38,5,357,0,0,0,357
03/23/2017,MKE,WI,AGL,CE,Combined TRACON& Tower with Radar,202,117,43,11,373,0,0,4,0,4,202,117,47,11,377,0,0,0,377
03/24/2017,MKE,WI,AGL,CE,Combined TRACON& Tower with Radar,206,106,25,0,337,0,2,4,0,6,206,108,29,0,343,0,0,0,343
03/25/2017,MKE,WI,AGL,CE,Combined TRACON& Tower with Radar,172,62,11,2,247,0,0,0,0,0,172,62,11,2,247,14,0,14,261
03/26/2017,MKE,WI,AGL,CE,Combined TRACON& Tower with Radar,176,65,12,1,254,0,0,0,0,0,176,65,12,1,254,0,0,0,254
03/27/2017,MKE,WI,AGL,CE,Combined TRACON& Tower with Radar,197,83,26,0,306,0,0,0,0,0,197,83,26,0,306,0,0,0,306
03/28/2017,MKE,WI,AGL,CE,Combined TRACON& Tower with Radar,196,96,27,6,325,0,0,0,0,0,196,96,27,6,325,0,0,0,325
03/29/2017,MKE,WI,AGL,CE,Combined TRACON& Tower with Radar,201,101,32,2,336,0,0,2,0,2,201,101,34,2,338,24,0,24,362
03/30/2017,MKE,WI,AGL,CE,Combined TRACON& Tower with Radar,206,116,26,2,350,0,0,0,0,0,206,116,26,2,350,0,0,0,350
03/31/2017,MKE,WI,AGL,CE,Combined TRACON& Tower with Radar,202,110,26,6,344,0,0,0,0,0,202,110,26,6,344,0,0,0,344
04/01/2017,MKE,WI,AGL,CE,Combined TRACON& Tower with Radar,167,66,17,3,253,0,0,9,0,9,167,66,26,3,262,0,0,0,262
04/02/2017,MKE,WI,AGL,CE,Combined TRACON& Tower with Radar,177,71,20,2,270,0,0,6,0,6,177,71,26,2,276,0,0,0,276
04/03/2017,MKE,WI,AGL,CE,Combined TRACON& Tower with Radar,192,93,36,0,321,0,0,1,0,1,192,93,37,0,322,0,0,0,322
04/04/2017,MKE,WI,AGL,CE,Combined TRACON& Tower with Radar,193,113,25,7,338,1,0,2,0,3,194,113,27,7,341,0,0,0,341
04/05/2017,MKE,WI,AGL,CE,Combined TRACON& Tower with Radar,192,113,12,5,322,0,0,1,0,1,192,113,13,5,323,0,0,0,323
04/06/2017,MKE,WI,AGL,CE,Combined TRACON& Tower with Radar,188,102,19,4,313,0,0,2,0,2,188,102,21,4,315,0,0,0,315
04/07/2017,MKE,WI,AGL,CE,Combined TRACON& Tower with Radar,188,109,31,3,331,0,0,9,0,9,188,109,40,3,340,0,0,0,340
04/08/2017,MKE,WI,AGL,CE,Combined TRACON& Tower with Radar,170,59,15,0,244,0,5,11,0,16,170,64,26,0,260,20,0,20,280
04/09/2017,MKE,WI,AGL,CE,Combined TRACON& Tower with Radar,182,70,16,4,272,0,0,7,0,7,182,70,23,4,279,0,28,28,307
04/10/2017,MKE,WI,AGL,CE,Combined TRACON& Tower with Radar,205,81,32,2,320,0,0,0,0,0,205,81,32,2,320,7,0,7,327
04/11/2017,MKE,WI,AGL,CE,Combined TRACON& Tower with Radar,196,103,39,1,339,0,0,7,0,7,196,103,46,1,346,0,0,0,346
04/12/2017,MKE,WI,AGL,CE,Combined TRACON& Tower with Radar,200,109,32,14,355,0,3,9,0,12,200,112,41,14,367,0,0,0,367
04/13/2017,MKE,WI,AGL,CE,Combined TRACON& Tower with Radar,202,124,36,21,383,0,0,6,1,7,202,124,42,22,390,20,4,24,414
04/14/2017,MKE,WI,AGL,CE,Combined TRACON& Tower with Radar,204,114,18,1,337,0,0,7,0,7,204,114,25,1,344,8,0,8,352
04/15/2017,MKE,WI,AGL,CE,Combined TRACON& Tower with Radar,163,51,7,4,225,0,0,0,4,4,163,51,7,8,229,8,0,8,237
04/16/2017,MKE,WI,AGL,CE,Combined TRACON& Tower with Radar,164,55,7,0,226,0,0,2,0,2,164,55,9,0,228,0,0,0,228
04/17/2017,MKE,WI,AGL,CE,Combined TRACON& Tower with Radar,194,97,33,4,328,0,0,4,0,4,194,97,37,4,332,12,0,12,344
04/18/2017,MKE,WI,AGL,CE,Combined TRACON& Tower with Radar,200,103,26,6,335,0,1,5,9,15,200,104,31,15,350,0,0,0,350
04/19/2017,MKE,WI,AGL,CE,Combined TRACON& Tower with Radar,210,109,33,11,363,0,0,5,0,5,210,109,38,11,368,0,0,0,368
04/20/2017,MKE,WI,AGL,CE,Combined TRACON& Tower with Radar,202,122,37,4,365,0,1,7,0,8,202,123,44,4,373,0,0,0,373
04/21/2017,MKE,WI,AGL,CE,Combined TRACON& Tower with Radar,197,112,23,6,338,0,2,7,2,11,197,114,30,8,349,0,0,0,349
04/22/2017,MKE,WI,AGL,CE,Combined TRACON& Tower with Radar,163,63,18,1,245,0,0,26,5,31,163,63,44,6,276,8,4,12,288
04/23/2017,MKE,WI,AGL,CE,Combined TRACON& Tower with Radar,184,67,15,5,271,0,0,18,0,18,184,67,33,5,289,0,0,0,289
04/24/2017,MKE,WI,AGL,CE,Combined TRACON& Tower with Radar,197,90,43,0,330,0,0,8,3,11,197,90,51,3,341,10,0,10,351
04/25/2017,MKE,WI,AGL,CE,Combined TRACON& Tower with Radar,178,107,50,8,343,0,6,14,1,21,178,113,64,9,364,2,0,2,366
04/26/2017,MKE,WI,AGL,CE,Combined TRACON& Tower with Radar,179,108,35,12,334,0,0,0,0,0,179,108,35,12,334,0,0,0,334
04/27/2017,MKE,WI,AGL,CE,Combined TRACON& Tower with Radar,184,117,48,2,351,0,3,2,0,5,184,120,50,2,356,0,0,0,356
04/28/2017,MKE,WI,AGL,CE,Combined TRACON& Tower with Radar,181,106,29,38,354,0,3,11,0,14,181,109,40,38,368,0,0,0,368
04/29/2017,MKE,WI,AGL,CE,Combined TRACON& Tower with Radar,116,57,9,0,182,0,0,1,0,1,116,57,10,0,183,0,0,0,183
04/30/2017,MKE,WI,AGL,CE,Combined TRACON& Tower with Radar,150,59,14,0,223,0,0,0,0,0,150,59,14,0,223,0,0,0,223
05/01/2017,MKE,WI,AGL,CE,Combined TRACON& Tower with Radar,170,93,30,0,293,0,2,1,0,3,170,95,31,0,296,0,0,0,296
05/02/2017,MKE,WI,AGL,CE,Combined TRACON& Tower with Radar,178,112,30,8,328,0,0,5,0,5,178,112,35,8,333,0,0,0,333
05/03/2017,MKE,WI,AGL,CE,Combined TRACON& Tower with Radar,172,110,35,7,324,0,3,9,0,12,172,113,44,7,336,8,0,8,344
05/04/2017,MKE,WI,AGL,CE,Combined TRACON& Tower with Radar,179,113,37,6,335,0,0,21,0,21,179,113,58,6,356,14,0,14,370
05/05/2017,MKE,WI,AGL,CE,Combined TRACON& Tower with Radar,170,104,27,12,313,0,2,10,0,12,170,106,37,12,325,20,0,20,345
05/06/2017,MKE,WI,AGL,CE,Combined TRACON& Tower with Radar,112,61,9,0,182,0,2,3,0,5,112,63,12,0,187,0,0,0,187
05/07/2017,MKE,WI,AGL,CE,Combined TRACON& Tower with Radar,151,70,11,5,237,0,0,16,0,16,151,70,27,5,253,0,0,0,253
05/08/2017,MKE,WI,AGL,CE,Combined TRACON& Tower with Radar,169,93,27,3,292,0,2,6,0,8,169,95,33,3,300,0,0,0,300
05/09/2017,MKE,WI,AGL,CE,Combined TRACON& Tower with Radar,180,139,28,12,359,0,8,1,0,9,180,147,29,12,368,0,0,0,368
05/10/2017,MKE,WI,AGL,CE,Combined TRACON& Tower with Radar,175,122,29,12,338,0,3,5,0,8,175,125,34,12,346,1,0,1,347
05/11/2017,MKE,WI,AGL,CE,Combined TRACON& Tower with Radar,185,132,39,12,368,0,4,4,0,8,185,136,43,12,376,0,0,0,376
05/12/2017,MKE,WI,AGL,CE,Combined TRACON& Tower with Radar,179,118,26,11,334,0,0,12,0,12,179,118,38,11,346,0,0,0,346
05/13/2017,MKE,WI,AGL,CE,Combined TRACON& Tower with Radar,110,60,7,0,177,0,0,4,0,4,110,60,11,0,181,0,0,0,181
05/14/2017,MKE,WI,AGL,CE,Combined TRACON& Tower with Radar,149,61,11,0,221,0,3,7,0,10,149,64,18,0,231,0,0,0,231
05/15/2017,MKE,WI,AGL,CE,Combined TRACON& Tower with Radar,169,101,34,1,305,0,0,8,0,8,169,101,42,1,313,10,0,10,323
05/16/2017,MKE,WI,AGL,CE,Combined TRACON& Tower with Radar,180,125,31,5,341,0,0,2,0,2,180,125,33,5,343,0,0,0,343
05/17/2017,MKE,WI,AGL,CE,Combined TRACON& Tower with Radar,178,104,42,0,324,0,0,1,1,2,178,104,43,1,326,0,0,0,326
05/18/2017,MKE,WI,AGL,CE,Combined TRACON& Tower with Radar,185,113,35,0,333,0,1,7,0,8,185,114,42,0,341,0,0,0,341
05/19/2017,MKE,WI,AGL,CE,Combined TRACON& Tower with Radar,175,109,44,3,331,0,4,2,0,6,175,113,46,3,337,0,0,0,337
05/20/2017,MKE,WI,AGL,CE,Combined TRACON& Tower with Radar,118,57,10,0,185,0,0,0,0,0,118,57,10,0,185,0,0,0,185
05/21/2017,MKE,WI,AGL,CE,Combined TRACON& Tower with Radar,155,59,29,1,244,0,9,3,0,12,155,68,32,1,256,10,0,10,266
05/22/2017,MKE,WI,AGL,CE,Combined TRACON& Tower with Radar,169,80,33,0,282,0,0,4,0,4,169,80,37,0,286,0,0,0,286
05/23/2017,MKE,WI,AGL,CE,Combined TRACON& Tower with Radar,177,121,26,13,337,0,2,3,0,5,177,123,29,13,342,0,0,0,342
05/24/2017,MKE,WI,AGL,CE,Combined TRACON& Tower with Radar,180,127,22,4,333,0,0,0,0,0,180,127,22,4,333,0,0,0,333
05/25/2017,MKE,WI,AGL,CE,Combined TRACON& Tower with Radar,188,119,36,4,347,0,0,4,0,4,188,119,40,4,351,9,0,9,360
05/26/2017,MKE,WI,AGL,CE,Combined TRACON& Tower with Radar,179,112,32,0,323,0,6,6,0,12,179,118,38,0,335,10,0,10,345
05/27/2017,MKE,WI,AGL,CE,Combined TRACON& Tower with Radar,112,59,16,2,189,0,2,13,0,15,112,61,29,2,204,20,0,20,224
05/28/2017,MKE,WI,AGL,CE,Combined TRACON& Tower with Radar,127,51,10,1,189,0,0,8,0,8,127,51,18,1,197,0,0,0,197
05/29/2017,MKE,WI,AGL,CE,Combined TRACON& Tower with Radar,151,72,17,0,240,0,4,6,0,10,151,76,23,0,250,0,0,0,250
05/30/2017,MKE,WI,AGL,CE,Combined TRACON& Tower with Radar,170,97,25,6,298,0,7,4,0,11,170,104,29,6,309,0,0,0,309
05/31/2017,MKE,WI,AGL,CE,Combined TRACON& Tower with Radar,176,117,42,9,344,0,2,9,0,11,176,119,51,9,355,0,0,0,355
06/01/2017,MKE,WI,AGL,CE,Combined TRACON& Tower with Radar,188,112,20,7,327,0,2,19,0,21,188,114,39,7,348,6,0,6,354
06/02/2017,MKE,WI,AGL,CE,Combined TRACON& Tower with Radar,173,108,22,9,312,0,0,13,0,13,173,108,35,9,325,8,0,8,333
06/03/2017,MKE,WI,AGL,CE,Combined TRACON& Tower with Radar,111,67,9,6,193,0,2,6,0,8,111,69,15,6,201,0,0,0,201
06/04/2017,MKE,WI,AGL,CE,Combined TRACON& Tower with Radar,162,62,17,5,246,0,0,1,0,1,162,62,18,5,247,12,0,12,259
06/05/2017,MKE,WI,AGL,CE,Combined TRACON& Tower with Radar,172,90,30,0,292,0,2,3,0,5,172,92,33,0,297,0,0,0,297
06/06/2017,MKE,WI,AGL,CE,Combined TRACON& Tower with Radar,182,120,40,13,355,0,0,4,1,5,182,120,44,14,360,0,0,0,360
06/07/2017,MKE,WI,AGL,CE,Combined TRACON& Tower with Radar,185,117,32,6,340,0,2,13,0,15,185,119,45,6,355,8,0,8,363
06/08/2017,MKE,WI,AGL,CE,Combined TRACON& Tower with Radar,193,111,34,6,344,0,0,5,3,8,193,111,39,9,352,0,0,0,352
06/09/2017,MKE,WI,AGL,CE,Combined TRACON& Tower with Radar,189,117,28,9,343,0,1,14,0,15,189,118,42,9,358,0,0,0,358
06/10/2017,MKE,WI,AGL,CE,Combined TRACON& Tower with Radar,121,66,10,4,201,0,9,0,4,13,121,75,10,8,214,0,0,0,214
06/11/2017,MKE,WI,AGL,CE,Combined TRACON& Tower with Radar,166,81,16,1,264,0,3,0,4,7,166,84,16,5,271,0,0,0,271
06/12/2017,MKE,WI,AGL,CE,Combined TRACON& Tower with Radar,190,76,36,2,304,0,3,6,0,9,190,79,42,2,313,0,0,0,313
06/13/2017,MKE,WI,AGL,CE,Combined TRACON& Tower with Radar,191,119,33,3,346,0,2,2,1,5,191,121,35,4,351,0,0,0,351
06/14/2017,MKE,WI,AGL,CE,Combined TRACON& Tower with Radar,202,111,29,5,347,0,1,4,1,6,202,112,33,6,353,0,0,0,353
06/15/2017,MKE,WI,AGL,CE,Combined TRACON& Tower with Radar,182,115,36,17,350,0,3,12,0,15,182,118,48,17,365,10,0,10,375
06/16/2017,MKE,WI,AGL,CE,Combined TRACON& Tower with Radar,186,109,26,8,329,0,4,8,0,12,186,113,34,8,341,14,0,14,355
06/17/2017,MKE,WI,AGL,CE,Combined TRACON& Tower with Radar,139,67,6,2,214,0,0,2,0,2,139,67,8,2,216,0,0,0,216
06/18/2017,MKE,WI,AGL,CE,Combined TRACON& Tower with Radar,165,63,19,3,250,0,0,8,0,8,165,63,27,3,258,2,0,2,260
06/19/2017,MKE,WI,AGL,CE,Combined TRACON& Tower with Radar,163,96,29,4,292,0,2,4,0,6,163,98,33,4,298,0,0,0,298
06/20/2017,MKE,WI,AGL,CE,Combined TRACON& Tower with Radar,199,121,33,10,363,0,4,6,0,10,199,125,39,10,373,0,0,0,373
06/21/2017,MKE,WI,AGL,CE,Combined TRACON& Tower with Radar,183,107,39,12,341,0,3,15,0,18,183,110,54,12,359,0,6,6,365
06/22/2017,MKE,WI,AGL,CE,Combined TRACON& Tower with Radar,197,120,29,1,347,0,2,4,0,6,197,122,33,1,353,0,0,0,353
06/23/2017,MKE,WI,AGL,CE,Combined TRACON& Tower with Radar,184,103,29,22,338,0,6,13,0,19,184,109,42,22,357,12,24,36,393
06/24/2017,MKE,WI,AGL,CE,Combined TRACON& Tower with Radar,123,58,12,3,196,0,3,3,0,6,123,61,15,3,202,0,0,0,202
06/25/2017,MKE,WI,AGL,CE,Combined TRACON& Tower with Radar,166,55,7,3,231,0,3,6,0,9,166,58,13,3,240,8,0,8,248
06/26/2017,MKE,WI,AGL,CE,Combined TRACON& Tower with Radar,180,94,21,7,302,0,6,2,0,8,180,100,23,7,310,0,0,0,310
06/27/2017,MKE,WI,AGL,CE,Combined TRACON& Tower with Radar,193,124,34,13,364,0,2,17,0,19,193,126,51,13,383,20,0,20,403
06/28/2017,MKE,WI,AGL,CE,Combined TRACON& Tower with Radar,187,101,30,0,318,1,0,2,0,3,188,101,32,0,321,0,0,0,321
06/29/2017,MKE,WI,AGL,CE,Combined TRACON& Tower with Radar,196,121,51,20,388,0,4,4,0,8,196,125,55,20,396,0,0,0,396
06/30/2017,MKE,WI,AGL,CE,Combined TRACON& Tower with Radar,188,109,28,3,328,0,0,3,2,5,188,109,31,5,333,0,0,0,333
07/01/2017,MKE,WI,AGL,CE,Combined TRACON& Tower with Radar,125,61,14,0,200,0,1,6,0,7,125,62,20,0,207,28,10,38,245
07/02/2017,MKE,WI,AGL,CE,Combined TRACON& Tower with Radar,161,67,14,0,242,0,2,4,0,6,161,69,18,0,248,0,0,0,248
07/03/2017,MKE,WI,AGL,CE,Combined TRACON& Tower with Radar,153,59,10,0,222,0,6,9,0,15,153,65,19,0,237,0,0,0,237
07/04/2017,MKE,WI,AGL,CE,Combined TRACON& Tower with Radar,143,51,2,0,196,0,0,14,0,14,143,51,16,0,210,0,0,0,210
07/05/2017,MKE,WI,AGL,CE,Combined TRACON& Tower with Radar,181,117,27,19,344,0,3,7,2,12,181,120,34,21,356,0,0,0,356
07/06/2017,MKE,WI,AGL,CE,Combined TRACON& Tower with Radar,191,112,32,4,339,0,0,9,1,10,191,112,41,5,349,10,0,10,359
07/07/2017,MKE,WI,AGL,CE,Combined TRACON& Tower with Radar,175,110,40,14,339,0,0,4,2,6,175,110,44,16,345,0,8,8,353
07/08/2017,MKE,WI,AGL,CE,Combined TRACON& Tower with Radar,127,57,8,0,192,0,1,15,0,16,127,58,23,0,208,0,0,0,208
07/09/2017,MKE,WI,AGL,CE,Combined TRACON& Tower with Radar,167,71,23,5,266,0,1,15,1,17,167,72,38,6,283,10,0,10,293
07/10/2017,MKE,WI,AGL,CE,Combined TRACON& Tower with Radar,179,85,29,0,293,0,1,3,0,4,179,86,32,0,297,0,0,0,297
07/11/2017,MKE,WI,AGL,CE,Combined TRACON& Tower with Radar,202,115,35,14,366,0,2,11,0,13,202,117,46,14,379,0,0,0,379
07/12/2017,MKE,WI,AGL,CE,Combined TRACON& Tower with Radar,193,96,32,9,330,0,0,7,2,9,193,96,39,11,339,0,0,0,339
07/13/2017,MKE,WI,AGL,CE,Combined TRACON& Tower with Radar,194,118,46,9,367,0,0,13,1,14,194,118,59,10,381,0,0,0,381
07/14/2017,MKE,WI,AGL,CE,Combined TRACON& Tower with Radar,184,103,34,14,335,0,0,33,11,44,184,103,67,25,379,0,0,0,379
07/15/2017,MKE,WI,AGL,CE,Combined TRACON& Tower with Radar,122,65,17,5,209,0,8,37,9,54,122,73,54,14,263,0,0,0,263
07/16/2017,MKE,WI,AGL,CE,Combined TRACON& Tower with Radar,168,70,18,8,264,0,2,28,4,34,168,72,46,12,298,0,0,0,298
07/17/2017,MKE,WI,AGL,CE,Combined TRACON& Tower with Radar,180,83,19,3,285,0,0,9,0,9,180,83,28,3,294,17,0,17,311
07/18/2017,MKE,WI,AGL,CE,Combined TRACON& Tower with Radar,198,111,39,17,365,0,0,43,0,43,198,111,82,17,408,0,0,0,408
07/19/2017,MKE,WI,AGL,CE,Combined TRACON& Tower with Radar,200,106,54,18,378,0,0,5,2,7,200,106,59,20,385,0,0,0,385
07/20/2017,MKE,WI,AGL,CE,Combined TRACON& Tower with Radar,199,126,48,24,397,0,2,8,0,10,199,128,56,24,407,0,0,0,407
07/21/2017,MKE,WI,AGL,CE,Combined TRACON& Tower with Radar,195,117,28,9,349,0,0,6,1,7,195,117,34,10,356,0,0,0,356
07/22/2017,MKE,WI,AGL,CE,Combined TRACON& Tower with Radar,124,55,23,2,204,0,0,12,0,12,124,55,35,2,216,0,0,0,216
07/23/2017,MKE,WI,AGL,CE,Combined TRACON& Tower with Radar,171,67,9,0,247,0,0,9,0,9,171,67,18,0,256,0,0,0,256
07/24/2017,MKE,WI,AGL,CE,Combined TRACON& Tower with Radar,185,96,30,1,312,0,0,8,0,8,185,96,38,1,320,0,0,0,320
07/25/2017,MKE,WI,AGL,CE,Combined TRACON& Tower with Radar,198,115,21,20,354,0,3,16,3,22,198,118,37,23,376,0,0,0,376
07/26/2017,MKE,WI,AGL,CE,Combined TRACON& Tower with Radar,195,129,49,20,393,0,2,8,4,14,195,131,57,24,407,0,0,0,407
07/27/2017,MKE,WI,AGL,CE,Combined TRACON& Tower with Radar,198,132,49,8,387,0,0,9,0,9,198,132,58,8,396,0,0,0,396
07/28/2017,MKE,WI,AGL,CE,Combined TRACON& Tower with Radar,189,123,47,9,368,0,4,12,7,23,189,127,59,16,391,0,0,0,391
07/29/2017,MKE,WI,AGL,CE,Combined TRACON& Tower with Radar,126,57,12,4,199,0,0,20,1,21,126,57,32,5,220,14,0,14,234
07/30/2017,MKE,WI,AGL,CE,Combined TRACON& Tower with Radar,164,74,17,0,255,0,3,27,0,30,164,77,44,0,285,0,0,0,285
07/31/2017,MKE,WI,AGL,CE,Combined TRACON& Tower with Radar,185,95,36,3,319,0,0,21,0,21,185,95,57,3,340,0,0,0,340
08/01/2017,MKE,WI,AGL,CE,Combined TRACON& Tower with Radar,198,122,25,5,350,0,4,12,0,16,198,126,37,5,366,0,0,0,366
08/02/2017,MKE,WI,AGL,CE,Combined TRACON& Tower with Radar,180,129,37,5,351,0,2,3,1,6,180,131,40,6,357,0,0,0,357
08/03/2017,MKE,WI,AGL,CE,Combined TRACON& Tower with Radar,226,116,30,7,379,0,0,0,0,0,226,116,30,7,379,0,0,0,379
08/04/2017,MKE,WI,AGL,CE,Combined TRACON& Tower with Radar,176,121,35,6,338,0,0,3,0,3,176,121,38,6,341,0,0,0,341
08/05/2017,MKE,WI,AGL,CE,Combined TRACON& Tower with Radar,128,74,6,0,208,0,0,1,2,3,128,74,7,2,211,6,0,6,217
08/06/2017,MKE,WI,AGL,CE,Combined TRACON& Tower with Radar,162,72,15,2,251,0,0,7,0,7,162,72,22,2,258,0,0,0,258
08/07/2017,MKE,WI,AGL,CE,Combined TRACON& Tower with Radar,180,87,37,6,310,0,0,16,0,16,180,87,53,6,326,0,0,0,326
08/08/2017,MKE,WI,AGL,CE,Combined TRACON& Tower with Radar,195,108,35,9,347,0,1,20,0,21,195,109,55,9,368,0,0,0,368
08/09/2017,MKE,WI,AGL,CE,Combined TRACON& Tower with Radar,200,132,32,8,372,0,1,5,1,7,200,133,37,9,379,0,0,0,379
08/10/2017,MKE,WI,AGL,CE,Combined TRACON& Tower with Radar,193,111,33,10,347,0,3,9,0,12,193,114,42,10,359,10,0,10,369
08/11/2017,MKE,WI,AGL,CE,Combined TRACON& Tower with Radar,195,103,32,10,340,0,0,16,0,16,195,103,48,10,356,0,0,0,356
08/12/2017,MKE,WI,AGL,CE,Combined TRACON& Tower with Radar,124,61,10,1,196,0,1,6,0,7,124,62,16,1,203,16,0,16,219
08/13/2017,MKE,WI,AGL,CE,Combined TRACON& Tower with Radar,169,61,12,10,252,0,3,14,1,18,169,64,26,11,270,0,0,0,270
08/14/2017,MKE,WI,AGL,CE,Combined TRACON& Tower with Radar,181,94,33,0,308,0,4,10,0,14,181,98,43,0,322,0,0,0,322
08/15/2017,MKE,WI,AGL,CE,Combined TRACON& Tower with Radar,188,111,28,8,335,0,2,5,0,7,188,113,33,8,342,10,4,14,356
08/16/2017,MKE,WI,AGL,CE,Combined TRACON& Tower with Radar,186,123,33,8,350,0,2,12,0,14,186,125,45,8,364,0,0,0,364
08/17/2017,MKE,WI,AGL,CE,Combined TRACON& Tower with Radar,187,137,22,7,353,0,0,1,0,1,187,137,23,7,354,0,0,0,354
08/18/2017,MKE,WI,AGL,CE,Combined TRACON& Tower with Radar,174,105,25,16,320,0,0,2,0,2,174,105,27,16,322,0,0,0,322
08/19/2017,MKE,WI,AGL,CE,Combined TRACON& Tower with Radar,110,58,7,2,177,0,0,13,0,13,110,58,20,2,190,18,0,18,208
08/20/2017,MKE,WI,AGL,CE,Combined TRACON& Tower with Radar,156,72,15,11,254,0,2,17,1,20,156,74,32,12,274,10,0,10,284
08/21/2017,MKE,WI,AGL,CE,Combined TRACON& Tower with Radar,168,96,13,1,278,0,1,5,0,6,168,97,18,1,284,8,0,8,292
08/22/2017,MKE,WI,AGL,CE,Combined TRACON& Tower with Radar,183,108,23,12,326,0,0,2,0,2,183,108,25,12,328,0,0,0,328
08/23/2017,MKE,WI,AGL,CE,Combined TRACON& Tower with Radar,179,122,29,20,350,0,4,14,0,18,179,126,43,20,368,8,0,8,376
08/24/2017,MKE,WI,AGL,CE,Combined TRACON& Tower with Radar,192,124,30,13,359,0,8,14,0,22,192,132,44,13,381,0,0,0,381
08/25/2017,MKE,WI,AGL,CE,Combined TRACON& Tower with Radar,185,114,21,3,323,0,6,17,4,27,185,120,38,7,350,8,8,16,366
08/26/2017,MKE,WI,AGL,CE,Combined TRACON& Tower with Radar,105,61,19,0,185,0,0,9,2,11,105,61,28,2,196,10,0,10,206
08/27/2017,MKE,WI,AGL,CE,Combined TRACON& Tower with Radar,144,62,9,7,222,0,3,0,0,3,144,65,9,7,225,0,0,0,225
08/28/2017,MKE,WI,AGL,CE,Combined TRACON& Tower with Radar,185,101,21,1,308,0,0,1,2,3,185,101,22,3,311,0,0,0,311
08/29/2017,MKE,WI,AGL,CE,Combined TRACON& Tower with Radar,182,120,25,11,338,0,0,11,0,11,182,120,36,11,349,36,0,36,385
08/30/2017,MKE,WI,AGL,CE,Combined TRACON& Tower with Radar,179,105,30,12,326,0,0,7,0,7,179,105,37,12,333,14,4,18,351
08/31/2017,MKE,WI,AGL,CE,Combined TRACON& Tower with Radar,180,112,42,19,353,0,0,4,0,4,180,112,46,19,357,0,14,14,371
09/01/2017,MKE,WI,AGL,CE,Combined TRACON& Tower with Radar,170,105,9,0,284,0,0,13,0,13,170,105,22,0,297,0,0,0,297
09/02/2017,MKE,WI,AGL,CE,Combined TRACON& Tower with Radar,104,52,8,0,164,0,0,106,0,106,104,52,114,0,270,0,0,0,270
09/03/2017,MKE,WI,AGL,CE,Combined TRACON& Tower with Radar,130,54,5,0,189,0,0,111,0,111,130,54,116,0,300,0,0,0,300
09/04/2017,MKE,WI,AGL,CE,Combined TRACON& Tower with Radar,155,64,8,0,227,0,3,73,0,76,155,67,81,0,303,0,0,0,303
09/05/2017,MKE,WI,AGL,CE,Combined TRACON& Tower with Radar,143,90,39,13,285,0,1,2,0,3,143,91,41,13,288,0,0,0,288
09/06/2017,MKE,WI,AGL,CE,Combined TRACON& Tower with Radar,155,109,34,16,314,0,6,5,0,11,155,115,39,16,325,0,0,0,325
09/07/2017,MKE,WI,AGL,CE,Combined TRACON& Tower with Radar,163,131,27,10,331,0,0,8,0,8,163,131,35,10,339,0,0,0,339
09/08/2017,MKE,WI,AGL,CE,Combined TRACON& Tower with Radar,153,123,30,14,320,0,4,5,2,11,153,127,35,16,331,0,0,0,331
09/09/2017,MKE,WI,AGL,CE,Combined TRACON& Tower with Radar,94,58,15,19,186,0,3,4,10,17,94,61,19,29,203,16,2,18,221
09/10/2017,MKE,WI,AGL,CE,Combined TRACON& Tower with Radar,133,60,22,5,220,0,2,17,0,19,133,62,39,5,239,0,0,0,239
09/11/2017,MKE,WI,AGL,CE,Combined TRACON& Tower with Radar,140,98,19,1,258,0,0,8,0,8,140,98,27,1,266,0,0,0,266
09/12/2017,MKE,WI,AGL,CE,Combined TRACON& Tower with Radar,165,115,46,7,333,0,1,4,1,6,165,116,50,8,339,0,0,0,339
09/13/2017,MKE,WI,AGL,CE,Combined TRACON& Tower with Radar,167,133,26,5,331,0,0,5,0,5,167,133,31,5,336,0,0,0,336
09/14/2017,MKE,WI,AGL,CE,Combined TRACON& Tower with Radar,178,118,38,13,347,0,0,5,0,5,178,118,43,13,352,2,0,2,354
09/15/2017,MKE,WI,AGL,CE,Combined TRACON& Tower with Radar,169,113,28,2,312,0,0,13,0,13,169,113,41,2,325,0,0,0,325
09/16/2017,MKE,WI,AGL,CE,Combined TRACON& Tower with Radar,102,50,10,7,169,0,0,14,0,14,102,50,24,7,183,14,0,14,197
09/17/2017,MKE,WI,AGL,CE,Combined TRACON& Tower with Radar,139,67,19,8,233,0,0,7,0,7,139,67,26,8,240,0,0,0,240
09/18/2017,MKE,WI,AGL,CE,Combined TRACON& Tower with Radar,163,88,30,0,281,0,4,3,0,7,163,92,33,0,288,0,0,0,288
09/19/2017,MKE,WI,AGL,CE,Combined TRACON& Tower with Radar,169,124,41,7,341,0,0,0,0,0,169,124,41,7,341,0,0,0,341
09/20/2017,MKE,WI,AGL,CE,Combined TRACON& Tower with Radar,170,128,26,17,341,0,0,3,0,3,170,128,29,17,344,0,20,20,364
09/21/2017,MKE,WI,AGL,CE,Combined TRACON& Tower with Radar,182,117,34,19,352,0,3,9,0,12,182,120,43,19,364,10,4,14,378
09/22/2017,MKE,WI,AGL,CE,Combined TRACON& Tower with Radar,172,104,40,9,325,0,4,14,0,18,172,108,54,9,343,0,0,0,343
09/23/2017,MKE,WI,AGL,CE,Combined TRACON& Tower with Radar,95,55,7,1,158,0,2,9,7,18,95,57,16,8,176,0,0,0,176
09/24/2017,MKE,WI,AGL,CE,Combined TRACON& Tower with Radar,139,69,26,2,236,0,3,13,0,16,139,72,39,2,252,0,0,0,252
09/25/2017,MKE,WI,AGL,CE,Combined TRACON& Tower with Radar,168,101,36,0,305,0,1,1,0,2,168,102,37,0,307,0,0,0,307
09/26/2017,MKE,WI,AGL,CE,Combined TRACON& Tower with Radar,165,127,39,6,337,0,8,6,0,14,165,135,45,6,351,0,0,0,351
09/27/2017,MKE,WI,AGL,CE,Combined TRACON& Tower with Radar,172,117,39,10,338,0,1,10,0,11,172,118,49,10,349,0,0,0,349
09/28/2017,MKE,WI,AGL,CE,Combined TRACON& Tower with Radar,172,116,27,2,317,0,0,9,6,15,172,116,36,8,332,0,0,0,332
09/29/2017,MKE,WI,AGL,CE,Combined TRACON& Tower with Radar,171,109,36,6,322,0,2,16,0,18,171,111,52,6,340,0,0,0,340
09/30/2017,MKE,WI,AGL,CE,Combined TRACON& Tower with Radar,96,50,11,0,157,0,0,16,0,16,96,50,27,0,173,0,0,0,173
10/01/2017,MKE,WI,AGL,CE,Combined TRACON& Tower with Radar,139,64,16,0,219,0,3,8,0,11,139,67,24,0,230,0,0,0,230
10/02/2017,MKE,WI,AGL,CE,Combined TRACON& Tower with Radar,162,103,28,4,297,0,0,7,0,7,162,103,35,4,304,0,0,0,304
10/03/2017,MKE,WI,AGL,CE,Combined TRACON& Tower with Radar,171,116,30,4,321,0,0,6,0,6,171,116,36,4,327,0,0,0,327
10/04/2017,MKE,WI,AGL,CE,Combined TRACON& Tower with Radar,167,121,38,7,333,0,2,10,0,12,167,123,48,7,345,0,0,0,345
10/05/2017,MKE,WI,AGL,CE,Combined TRACON& Tower with Radar,171,121,24,9,325,0,0,10,3,13,171,121,34,12,338,24,10,34,372
10/06/2017,MKE,WI,AGL,CE,Combined TRACON& Tower with Radar,159,112,35,2,308,0,0,0,0,0,159,112,35,2,308,12,0,12,320
10/07/2017,MKE,WI,AGL,CE,Combined TRACON& Tower with Radar,113,53,9,0,175,0,5,0,0,5,113,58,9,0,180,0,0,0,180
10/08/2017,MKE,WI,AGL,CE,Combined TRACON& Tower with Radar,134,69,24,4,231,0,0,30,0,30,134,69,54,4,261,14,0,14,275
10/09/2017,MKE,WI,AGL,CE,Combined TRACON& Tower with Radar,163,87,17,0,267,0,0,8,0,8,163,87,25,0,275,0,0,0,275
10/10/2017,MKE,WI,AGL,CE,Combined TRACON& Tower with Radar,165,124,39,14,342,0,0,2,0,2,165,124,41,14,344,0,0,0,344
10/11/2017,MKE,WI,AGL,CE,Combined TRACON& Tower with Radar,171,117,30,8,326,0,0,0,0,0,171,117,30,8,326,0,0,0,326
10/12/2017,MKE,WI,AGL,CE,Combined TRACON& Tower with Radar,173,130,39,14,356,0,0,0,0,0,173,130,39,14,356,0,0,0,356
10/13/2017,MKE,WI,AGL,CE,Combined TRACON& Tower with Radar,175,111,29,5,320,0,0,8,0,8,175,111,37,5,328,0,0,0,328
10/14/2017,MKE,WI,AGL,CE,Combined TRACON& Tower with Radar,108,51,6,10,175,0,0,0,0,0,108,51,6,10,175,0,0,0,175
10/15/2017,MKE,WI,AGL,CE,Combined TRACON& Tower with Radar,136,68,25,2,231,0,0,3,1,4,136,68,28,3,235,0,0,0,235
10/16/2017,MKE,WI,AGL,CE,Combined TRACON& Tower with Radar,167,102,21,3,293,0,3,8,0,11,167,105,29,3,304,0,0,0,304
10/17/2017,MKE,WI,AGL,CE,Combined TRACON& Tower with Radar,173,113,22,7,315,0,0,12,0,12,173,113,34,7,327,0,0,0,327
10/18/2017,MKE,WI,AGL,CE,Combined TRACON& Tower with Radar,169,126,32,7,334,0,0,8,0,8,169,126,40,7,342,8,0,8,350
10/19/2017,MKE,WI,AGL,CE,Combined TRACON& Tower with Radar,177,128,41,5,351,0,0,9,0,9,177,128,50,5,360,0,0,0,360
10/20/2017,MKE,WI,AGL,CE,Combined TRACON& Tower with Radar,173,130,39,8,350,0,4,17,8,29,173,134,56,16,379,0,2,2,381
10/21/2017,MKE,WI,AGL,CE,Combined TRACON& Tower with Radar,102,53,11,0,166,0,8,7,0,15,102,61,18,0,181,0,0,0,181
10/22/2017,MKE,WI,AGL,CE,Combined TRACON& Tower with Radar,133,64,20,8,225,0,0,0,0,0,133,64,20,8,225,0,0,0,225
10/23/2017,MKE,WI,AGL,CE,Combined TRACON& Tower with Radar,174,109,36,1,320,0,0,2,0,2,174,109,38,1,322,0,0,0,322
10/24/2017,MKE,WI,AGL,CE,Combined TRACON& Tower with Radar,158,103,21,1,283,0,0,0,0,0,158,103,21,1,283,0,0,0,283
10/25/2017,MKE,WI,AGL,CE,Combined TRACON& Tower with Radar,171,112,21,13,317,0,8,8,0,16,171,120,29,13,333,0,6,6,339
10/26/2017,MKE,WI,AGL,CE,Combined TRACON& Tower with Radar,172,126,31,10,339,0,5,5,0,10,172,131,36,10,349,8,0,8,357
10/27/2017,MKE,WI,AGL,CE,Combined TRACON& Tower with Radar,178,119,22,2,321,0,4,6,0,10,178,123,28,2,331,0,0,0,331
10/28/2017,MKE,WI,AGL,CE,Combined TRACON& Tower with Radar,101,52,13,1,167,0,0,3,0,3,101,52,16,1,170,0,0,0,170
10/29/2017,MKE,WI,AGL,CE,Combined TRACON& Tower with Radar,123,67,25,0,215,0,3,18,0,21,123,70,43,0,236,28,0,28,264
10/30/2017,MKE,WI,AGL,CE,Combined TRACON& Tower with Radar,160,114,16,2,292,0,0,3,0,3,160,114,19,2,295,0,0,0,295
10/31/2017,MKE,WI,AGL,CE,Combined TRACON& Tower with Radar,153,119,26,6,304,0,0,9,0,9,153,119,35,6,313,0,0,0,313
11/01/2017,MKE,WI,AGL,CE,Combined TRACON& Tower with Radar,160,127,34,16,337,0,2,2,0,4,160,129,36,16,341,0,0,0,341
11/02/2017,MKE,WI,AGL,CE,Combined TRACON& Tower with Radar,160,135,25,4,324,0,1,0,0,1,160,136,25,4,325,0,0,0,325
11/03/2017,MKE,WI,AGL,CE,Combined TRACON& Tower with Radar,167,120,26,2,315,0,0,14,0,14,167,120,40,2,329,0,0,0,329
11/04/2017,MKE,WI,AGL,CE,Combined TRACON& Tower with Radar,108,58,17,1,184,0,0,0,0,0,108,58,17,1,184,0,0,0,184
11/05/2017,MKE,WI,AGL,CE,Combined TRACON& Tower with Radar,138,69,25,3,235,0,8,0,0,8,138,77,25,3,243,0,0,0,243
11/06/2017,MKE,WI,AGL,CE,Combined TRACON& Tower with Radar,174,106,46,0,326,0,5,10,0,15,174,111,56,0,341,0,0,0,341
11/07/2017,MKE,WI,AGL,CE,Combined TRACON& Tower with Radar,160,137,47,8,352,0,5,12,0,17,160,142,59,8,369,0,0,0,369
11/08/2017,MKE,WI,AGL,CE,Combined TRACON& Tower with Radar,178,133,36,8,355,0,2,19,2,23,178,135,55,10,378,0,0,0,378
11/09/2017,MKE,WI,AGL,CE,Combined TRACON& Tower with Radar,178,139,49,7,373,0,3,4,0,7,178,142,53,7,380,0,0,0,380
11/10/2017,MKE,WI,AGL,CE,Combined TRACON& Tower with Radar,189,117,24,0,330,1,0,1,0,2,190,117,25,0,332,4,0,4,336
11/11/2017,MKE,WI,AGL,CE,Combined TRACON& Tower with Radar,121,56,12,0,189,0,0,0,0,0,121,56,12,0,189,0,0,0,189
11/12/2017,MKE,WI,AGL,CE,Combined TRACON& Tower with Radar,156,69,11,0,236,0,0,0,0,0,156,69,11,0,236,0,0,0,236
11/13/2017,MKE,WI,AGL,CE,Combined TRACON& Tower with Radar,180,118,42,0,340,0,0,5,0,5,180,118,47,0,345,0,0,0,345
11/14/2017,MKE,WI,AGL,CE,Combined TRACON& Tower with Radar,182,129,39,14,364,0,2,1,2,5,182,131,40,16,369,20,18,38,407
11/15/2017,MKE,WI,AGL,CE,Combined TRACON& Tower with Radar,183,128,28,4,343,0,1,1,0,2,183,129,29,4,345,0,0,0,345
11/16/2017,MKE,WI,AGL,CE,Combined TRACON& Tower with Radar,187,129,43,7,366,0,3,12,0,15,187,132,55,7,381,6,0,6,387
11/17/2017,MKE,WI,AGL,CE,Combined TRACON& Tower with Radar,194,113,31,2,340,0,0,1,0,1,194,113,32,2,341,0,0,0,341
11/18/2017,MKE,WI,AGL,CE,Combined TRACON& Tower with Radar,132,52,5,0,189,0,0,0,0,0,132,52,5,0,189,0,0,0,189
11/19/2017,MKE,WI,AGL,CE,Combined TRACON& Tower with Radar,158,71,12,1,242,0,2,7,1,10,158,73,19,2,252,10,0,10,262
11/20/2017,MKE,WI,AGL,CE,Combined TRACON& Tower with Radar,176,102,22,2,302,0,0,10,1,11,176,102,32,3,313,12,0,12,325
11/21/2017,MKE,WI,AGL,CE,Combined TRACON& Tower with Radar,173,119,11,10,313,0,0,10,0,10,173,119,21,10,323,0,2,2,325
11/22/2017,MKE,WI,AGL,CE,Combined TRACON& Tower with Radar,196,130,25,7,358,0,3,19,0,22,196,133,44,7,380,0,0,0,380
11/23/2017,MKE,WI,AGL,CE,Combined TRACON& Tower with Radar,94,38,3,0,135,0,4,12,0,16,94,42,15,0,151,12,0,12,163
11/24/2017,MKE,WI,AGL,CE,Combined TRACON& Tower with Radar,133,78,4,0,215,0,5,9,0,14,133,83,13,0,229,0,0,0,229
11/25/2017,MKE,WI,AGL,CE,Combined TRACON& Tower with Radar,153,72,20,0,245,0,26,1,0,27,153,98,21,0,272,0,0,0,272
11/26/2017,MKE,WI,AGL,CE,Combined TRACON& Tower with Radar,163,78,23,0,264,0,0,14,0,14,163,78,37,0,278,0,0,0,278
11/27/2017,MKE,WI,AGL,CE,Combined TRACON& Tower with Radar,177,114,16,1,308,0,0,6,0,6,177,114,22,1,314,0,0,0,314
11/28/2017,MKE,WI,AGL,CE,Combined TRACON& Tower with Radar,181,146,25,13,365,0,2,7,0,9,181,148,32,13,374,0,0,0,374
11/29/2017,MKE,WI,AGL,CE,Combined TRACON& Tower with Radar,186,134,39,14,373,0,3,18,0,21,186,137,57,14,394,0,6,6,400
11/30/2017,MKE,WI,AGL,CE,Combined TRACON& Tower with Radar,193,131,37,10,371,0,1,8,0,9,193,132,45,10,380,0,0,0,380
12/01/2017,MKE,WI,AGL,CE,Combined TRACON& Tower with Radar,192,125,32,9,358,0,1,8,2,11,192,126,40,11,369,0,0,0,369
12/02/2017,MKE,WI,AGL,CE,Combined TRACON& Tower with Radar,119,58,20,0,197,0,0,19,3,22,119,58,39,3,219,14,0,14,233
12/03/2017,MKE,WI,AGL,CE,Combined TRACON& Tower with Radar,152,60,25,2,239,0,0,6,0,6,152,60,31,2,245,0,0,0,245
12/04/2017,MKE,WI,AGL,CE,Combined TRACON& Tower with Radar,185,117,41,1,344,0,0,0,0,0,185,117,41,1,344,0,0,0,344
12/05/2017,MKE,WI,AGL,CE,Combined TRACON& Tower with Radar,181,130,27,6,344,0,0,0,0,0,181,130,27,6,344,0,0,0,344
12/06/2017,MKE,WI,AGL,CE,Combined TRACON& Tower with Radar,190,132,36,3,361,0,0,2,2,4,190,132,38,5,365,0,0,0,365
12/07/2017,MKE,WI,AGL,CE,Combined TRACON& Tower with Radar,188,132,28,4,352,0,1,4,2,7,188,133,32,6,359,0,0,0,359
12/08/2017,MKE,WI,AGL,CE,Combined TRACON& Tower with Radar,181,122,39,4,346,0,3,4,0,7,181,125,43,4,353,0,0,0,353
12/09/2017,MKE,WI,AGL,CE,Combined TRACON& Tower with Radar,117,57,9,0,183,0,0,1,2,3,117,57,10,2,186,0,0,0,186
12/10/2017,MKE,WI,AGL,CE,Combined TRACON& Tower with Radar,155,61,20,1,237,0,0,2,1,3,155,61,22,2,240,0,0,0,240
12/11/2017,MKE,WI,AGL,CE,Combined TRACON& Tower with Radar,183,112,16,2,313,0,0,1,0,1,183,112,17,2,314,0,0,0,314
12/12/2017,MKE,WI,AGL,CE,Combined TRACON& Tower with Radar,183,124,17,6,330,0,3,9,3,15,183,127,26,9,345,0,0,0,345
12/13/2017,MKE,WI,AGL,CE,Combined TRACON& Tower with Radar,180,137,28,2,347,0,0,1,0,1,180,137,29,2,348,0,0,0,348
12/14/2017,MKE,WI,AGL,CE,Combined TRACON& Tower with Radar,196,129,33,14,372,0,6,3,0,9,196,135,36,14,381,0,0,0,381
12/15/2017,MKE,WI,AGL,CE,Combined TRACON& Tower with Radar,195,129,37,4,365,0,0,8,0,8,195,129,45,4,373,0,0,0,373
12/16/2017,MKE,WI,AGL,CE,Combined TRACON& Tower with Radar,130,66,19,0,215,0,0,0,0,0,130,66,19,0,215,0,0,0,215
12/17/2017,MKE,WI,AGL,CE,Combined TRACON& Tower with Radar,152,57,18,1,228,0,0,0,0,0,152,57,18,1,228,0,0,0,228
12/18/2017,MKE,WI,AGL,CE,Combined TRACON& Tower with Radar,189,100,30,2,321,0,3,2,0,5,189,103,32,2,326,0,0,0,326
12/19/2017,MKE,WI,AGL,CE,Combined TRACON& Tower with Radar,188,154,32,10,384,0,5,12,0,17,188,159,44,10,401,0,0,0,401
12/20/2017,MKE,WI,AGL,CE,Combined TRACON& Tower with Radar,184,133,21,12,350,0,2,5,0,7,184,135,26,12,357,0,0,0,357
12/21/2017,MKE,WI,AGL,CE,Combined TRACON& Tower with Radar,183,132,24,1,340,0,3,1,0,4,183,135,25,1,344,0,0,0,344
12/22/2017,MKE,WI,AGL,CE,Combined TRACON& Tower with Radar,184,126,18,0,328,0,0,2,0,2,184,126,20,0,330,0,0,0,330
12/23/2017,MKE,WI,AGL,CE,Combined TRACON& Tower with Radar,161,82,12,0,255,0,0,3,0,3,161,82,15,0,258,0,0,0,258
12/24/2017,MKE,WI,AGL,CE,Combined TRACON& Tower with Radar,144,36,6,0,186,0,3,1,0,4,144,39,7,0,190,0,0,0,190
12/25/2017,MKE,WI,AGL,CE,Combined TRACON& Tower with Radar,133,40,1,0,174,0,0,1,0,1,133,40,2,0,175,0,0,0,175
12/26/2017,MKE,WI,AGL,CE,Combined TRACON& Tower with Radar,171,109,23,2,305,0,6,3,0,9,171,115,26,2,314,0,0,0,314
12/27/2017,MKE,WI,AGL,CE,Combined TRACON& Tower with Radar,178,101,15,2,296,0,5,10,0,15,178,106,25,2,311,0,0,0,311
12/28/2017,MKE,WI,AGL,CE,Combined TRACON& Tower with Radar,178,106,12,1,297,0,0,1,0,1,178,106,13,1,298,0,0,0,298
12/29/2017,MKE,WI,AGL,CE,Combined TRACON& Tower with Radar,193,95,9,0,297,0,0,1,0,1,193,95,10,0,298,0,0,0,298
12/30/2017,MKE,WI,AGL,CE,Combined TRACON& Tower with Radar,168,73,6,0,247,0,0,0,0,0,168,73,6,0,247,0,0,0,247
12/31/2017,MKE,WI,AGL,CE,Combined TRACON& Tower with Radar,142,34,9,0,185,0,4,0,0,4,142,38,9,0,189,0,0,0,189
01/01/2018,MKE,WI,AGL,CE,Combined TRACON& Tower with Radar,146,61,11,0,218,0,6,0,0,6,146,67,11,0,224,0,0,0,224
01/02/2018,MKE,WI,AGL,CE,Combined TRACON& Tower with Radar,165,99,21,5,290,0,6,1,0,7,165,105,22,5,297,0,0,0,297
01/03/2018,MKE,WI,AGL,CE,Combined TRACON& Tower with Radar,185,107,10,8,310,0,0,1,1,2,185,107,11,9,312,0,0,0,312
01/04/2018,MKE,WI,AGL,CE,Combined TRACON& Tower with Radar,161,95,22,13,291,0,0,2,0,2,161,95,24,13,293,0,0,0,293
01/05/2018,MKE,WI,AGL,CE,Combined TRACON& Tower with Radar,176,113,17,9,315,0,0,7,0,7,176,113,24,9,322,0,0,0,322
01/06/2018,MKE,WI,AGL,CE,Combined TRACON& Tower with Radar,121,74,21,6,222,0,2,5,0,7,121,76,26,6,229,0,0,0,229
01/07/2018,MKE,WI,AGL,CE,Combined TRACON& Tower with Radar,159,73,12,2,246,0,0,2,0,2,159,73,14,2,248,0,0,0,248
01/08/2018,MKE,WI,AGL,CE,Combined TRACON& Tower with Radar,178,90,29,0,297,0,0,4,1,5,178,90,33,1,302,0,0,0,302
01/09/2018,MKE,WI,AGL,CE,Combined TRACON& Tower with Radar,182,112,27,5,326,0,0,7,0,7,182,112,34,5,333,0,0,0,333
01/10/2018,MKE,WI,AGL,CE,Combined TRACON& Tower with Radar,195,111,30,2,338,0,0,0,0,0,195,111,30,2,338,0,0,0,338
01/11/2018,MKE,WI,AGL,CE,Combined TRACON& Tower with Radar,198,129,27,2,356,0,0,0,0,0,198,129,27,2,356,0,0,0,356
01/12/2018,MKE,WI,AGL,CE,Combined TRACON& Tower with Radar,177,108,27,0,312,0,0,2,0,2,177,108,29,0,314,0,0,0,314
01/13/2018,MKE,WI,AGL,CE,Combined TRACON& Tower with Radar,140,52,15,0,207,0,0,5,0,5,140,52,20,0,212,0,0,0,212
01/14/2018,MKE,WI,AGL,CE,Combined TRACON& Tower with Radar,154,54,3,2,213,0,0,0,0,0,154,54,3,2,213,0,0,0,213
01/15/2018,MKE,WI,AGL,CE,Combined TRACON& Tower with Radar,182,92,18,1,293,0,0,0,0,0,182,92,18,1,293,0,0,0,293
01/16/2018,MKE,WI,AGL,CE,Combined TRACON& Tower with Radar,180,114,22,12,328,0,5,2,0,7,180,119,24,12,335,0,0,0,335
01/17/2018,MKE,WI,AGL,CE,Combined TRACON& Tower with Radar,168,125,23,6,322,0,0,2,0,2,168,125,25,6,324,0,0,0,324
01/18/2018,MKE,WI,AGL,CE,Combined TRACON& Tower with Radar,194,123,17,7,341,0,0,1,2,3,194,123,18,9,344,0,0,0,344
01/19/2018,MKE,WI,AGL,CE,Combined TRACON& Tower with Radar,197,118,19,3,337,0,1,7,5,13,197,119,26,8,350,0,0,0,350
01/20/2018,MKE,WI,AGL,CE,Combined TRACON& Tower with Radar,126,56,13,0,195,0,6,9,1,16,126,62,22,1,211,26,0,26,237
01/21/2018,MKE,WI,AGL,CE,Combined TRACON& Tower with Radar,168,60,6,0,234,0,0,0,0,0,168,60,6,0,234,0,0,0,234
01/22/2018,MKE,WI,AGL,CE,Combined TRACON& Tower with Radar,183,82,31,0,296,0,0,0,0,0,183,82,31,0,296,0,0,0,296
01/23/2018,MKE,WI,AGL,CE,Combined TRACON& Tower with Radar,177,113,34,7,331,0,0,4,0,4,177,113,38,7,335,0,0,0,335
01/24/2018,MKE,WI,AGL,CE,Combined TRACON& Tower with Radar,202,112,24,9,347,0,1,2,0,3,202,113,26,9,350,0,0,0,350
01/25/2018,MKE,WI,AGL,CE,Combined TRACON& Tower with Radar,196,118,24,18,356,0,5,5,0,10,196,123,29,18,366,0,0,0,366
01/26/2018,MKE,WI,AGL,CE,Combined TRACON& Tower with Radar,200,109,15,5,329,0,0,8,0,8,200,109,23,5,337,0,0,0,337
01/27/2018,MKE,WI,AGL,CE,Combined TRACON& Tower with Radar,130,57,9,1,197,0,7,9,0,16,130,64,18,1,213,0,0,0,213
01/28/2018,MKE,WI,AGL,CE,Combined TRACON& Tower with Radar,159,56,16,0,231,0,4,1,0,5,159,60,17,0,236,0,0,0,236
01/29/2018,MKE,WI,AGL,CE,Combined TRACON& Tower with Radar,192,104,28,0,324,0,4,5,0,9,192,108,33,0,333,0,0,0,333
01/30/2018,MKE,WI,AGL,CE,Combined TRACON& Tower with Radar,177,103,15,1,296,0,0,2,0,2,177,103,17,1,298,0,0,0,298
01/31/2018,MKE,WI,AGL,CE,Combined TRACON& Tower with Radar,193,117,19,4,333,0,3,3,0,6,193,120,22,4,339,0,0,0,339
02/01/2018,MKE,WI,AGL,CE,Combined TRACON& Tower with Radar,195,107,26,3,331,0,0,3,0,3,195,107,29,3,334,0,0,0,334
02/02/2018,MKE,WI,AGL,CE,Combined TRACON& Tower with Radar,197,117,31,2,347,0,4,5,0,9,197,121,36,2,356,0,0,0,356
02/03/2018,MKE,WI,AGL,CE,Combined TRACON& Tower with Radar,131,61,16,2,210,0,0,0,0,0,131,61,16,2,210,0,0,0,210
02/04/2018,MKE,WI,AGL,CE,Combined TRACON& Tower with Radar,146,52,13,2,213,0,3,1,0,4,146,55,14,2,217,0,0,0,217
02/05/2018,MKE,WI,AGL,CE,Combined TRACON& Tower with Radar,182,90,25,0,297,0,1,2,0,3,182,91,27,0,300,0,0,0,300
02/06/2018,MKE,WI,AGL,CE,Combined TRACON& Tower with Radar,177,122,34,9,342,0,2,2,0,4,177,124,36,9,346,0,0,0,346
02/07/2018,MKE,WI,AGL,CE,Combined TRACON& Tower with Radar,185,116,30,12,343,0,0,1,0,1,185,116,31,12,344,0,0,0,344
02/08/2018,MKE,WI,AGL,CE,Combined TRACON& Tower with Radar,193,114,27,7,341,0,0,3,0,3,193,114,30,7,344,0,0,0,344
02/09/2018,MKE,WI,AGL,CE,Combined TRACON& Tower with Radar,180,90,21,0,291,0,1,1,0,2,180,91,22,0,293,0,0,0,293
02/10/2018,MKE,WI,AGL,CE,Combined TRACON& Tower with Radar,127,48,5,4,184,0,1,1,0,2,127,49,6,4,186,0,0,0,186
02/11/2018,MKE,WI,AGL,CE,Combined TRACON& Tower with Radar,156,56,15,2,229,0,4,0,0,4,156,60,15,2,233,0,0,0,233
02/12/2018,MKE,WI,AGL,CE,Combined TRACON& Tower with Radar,194,98,32,3,327,0,4,1,0,5,194,102,33,3,332,0,0,0,332
02/13/2018,MKE,WI,AGL,CE,Combined TRACON& Tower with Radar,184,105,28,6,323,0,1,4,0,5,184,106,32,6,328,0,0,0,328
02/14/2018,MKE,WI,AGL,CE,Combined TRACON& Tower with Radar,191,116,21,9,337,0,7,6,0,13,191,123,27,9,350,5,0,5,355
02/15/2018,MKE,WI,AGL,CE,Combined TRACON& Tower with Radar,222,126,34,5,387,0,1,0,1,2,222,127,34,6,389,0,0,0,389
02/16/2018,MKE,WI,AGL,CE,Combined TRACON& Tower with Radar,199,110,29,2,340,0,0,12,0,12,199,110,41,2,352,0,0,0,352
02/17/2018,MKE,WI,AGL,CE,Combined TRACON& Tower with Radar,133,57,14,0,204,0,3,1,0,4,133,60,15,0,208,0,0,0,208
02/18/2018,MKE,WI,AGL,CE,Combined TRACON& Tower with Radar,149,55,15,0,219,0,0,4,0,4,149,55,19,0,223,0,0,0,223
02/19/2018,MKE,WI,AGL,CE,Combined TRACON& Tower with Radar,193,92,25,0,310,0,0,0,0,0,193,92,25,0,310,0,0,0,310
02/20/2018,MKE,WI,AGL,CE,Combined TRACON& Tower with Radar,185,98,20,0,303,0,0,0,0,0,185,98,20,0,303,0,0,0,303
02/21/2018,MKE,WI,AGL,CE,Combined TRACON& Tower with Radar,203,125,20,13,361,0,3,4,0,7,203,128,24,13,368,0,0,0,368
02/22/2018,MKE,WI,AGL,CE,Combined TRACON& Tower with Radar,194,123,38,5,360,0,2,4,0,6,194,125,42,5,366,0,0,0,366
02/23/2018,MKE,WI,AGL,CE,Combined TRACON& Tower with Radar,206,107,17,4,334,0,0,0,0,0,206,107,17,4,334,0,0,0,334
02/24/2018,MKE,WI,AGL,CE,Combined TRACON& Tower with Radar,137,64,8,0,209,0,0,1,0,1,137,64,9,0,210,0,0,0,210
02/25/2018,MKE,WI,AGL,CE,Combined TRACON& Tower with Radar,171,72,18,2,263,0,0,0,0,0,171,72,18,2,263,0,0,0,263
02/26/2018,MKE,WI,AGL,CE,Combined TRACON& Tower with Radar,199,101,21,0,321,0,2,4,0,6,199,103,25,0,327,0,0,0,327
02/27/2018,MKE,WI,AGL,CE,Combined TRACON& Tower with Radar,197,111,38,0,346,0,7,2,0,9,197,118,40,0,355,0,0,0,355
02/28/2018,MKE,WI,AGL,CE,Combined TRACON& Tower with Radar,198,115,28,9,350,0,0,0,0,0,198,115,28,9,350,0,0,0,350
03/01/2018,MKE,WI,AGL,CE,Combined TRACON& Tower with Radar,198,119,33,7,357,0,1,0,0,1,198,120,33,7,358,0,0,0,358
03/02/2018,MKE,WI,AGL,CE,Combined TRACON& Tower with Radar,176,105,13,5,299,0,7,7,0,14,176,112,20,5,313,0,0,0,313
03/03/2018,MKE,WI,AGL,CE,Combined TRACON& Tower with Radar,147,55,16,10,228,0,0,11,1,12,147,55,27,11,240,0,0,0,240
03/04/2018,MKE,WI,AGL,CE,Combined TRACON& Tower with Radar,173,57,13,2,245,0,2,2,2,6,173,59,15,4,251,0,0,0,251
03/05/2018,MKE,WI,AGL,CE,Combined TRACON& Tower with Radar,196,85,29,0,310,0,1,0,0,1,196,86,29,0,311,4,0,4,315
03/06/2018,MKE,WI,AGL,CE,Combined TRACON& Tower with Radar,202,117,22,4,345,0,0,0,0,0,202,117,22,4,345,0,0,0,345
03/07/2018,MKE,WI,AGL,CE,Combined TRACON& Tower with Radar,188,103,36,11,338,0,0,3,8,11,188,103,39,19,349,0,14,14,363
03/08/2018,MKE,WI,AGL,CE,Combined TRACON& Tower with Radar,213,114,20,0,347,0,5,3,0,8,213,119,23,0,355,0,0,0,355
03/09/2018,MKE,WI,AGL,CE,Combined TRACON& Tower with Radar,217,112,30,1,360,0,0,9,0,9,217,112,39,1,369,0,0,0,369
03/10/2018,MKE,WI,AGL,CE,Combined TRACON& Tower with Radar,171,59,14,2,246,0,0,13,0,13,171,59,27,2,259,0,0,0,259
03/11/2018,MKE,WI,AGL,CE,Combined TRACON& Tower with Radar,186,58,11,4,259,0,0,11,0,11,186,58,22,4,270,0,0,0,270
03/12/2018,MKE,WI,AGL,CE,Combined TRACON& Tower with Radar,201,96,13,0,310,0,5,6,0,11,201,101,19,0,321,0,0,0,321
03/13/2018,MKE,WI,AGL,CE,Combined TRACON& Tower with Radar,203,120,22,0,345,0,0,2,0,2,203,120,24,0,347,0,0,0,347
03/14/2018,MKE,WI,AGL,CE,Combined TRACON& Tower with Radar,220,118,19,0,357,0,7,1,0,8,220,125,20,0,365,0,0,0,365
03/15/2018,MKE,WI,AGL,CE,Combined TRACON& Tower with Radar,213,112,29,12,366,0,3,4,0,7,213,115,33,12,373,2,2,4,377
03/16/2018,MKE,WI,AGL,CE,Combined TRACON& Tower with Radar,215,106,17,0,338,0,0,2,0,2,215,106,19,0,340,0,0,0,340
03/17/2018,MKE,WI,AGL,CE,Combined TRACON& Tower with Radar,169,61,15,0,245,0,3,12,0,15,169,64,27,0,260,0,0,0,260
03/18/2018,MKE,WI,AGL,CE,Combined TRACON& Tower with Radar,184,54,16,0,254,0,4,10,0,14,184,58,26,0,268,0,0,0,268
03/19/2018,MKE,WI,AGL,CE,Combined TRACON& Tower with Radar,209,90,22,0,321,0,0,0,0,0,209,90,22,0,321,0,0,0,321
03/20/2018,MKE,WI,AGL,CE,Combined TRACON& Tower with Radar,203,108,31,8,350,0,6,0,2,8,203,114,31,10,358,0,0,0,358
03/21/2018,MKE,WI,AGL,CE,Combined TRACON& Tower with Radar,194,104,24,13,335,0,4,3,1,8,194,108,27,14,343,0,0,0,343
03/22/2018,MKE,WI,AGL,CE,Combined TRACON& Tower with Radar,211,111,24,10,356,0,0,9,2,11,211,111,33,12,367,0,0,0,367
03/23/2018,MKE,WI,AGL,CE,Combined TRACON& Tower with Radar,209,109,21,6,345,0,2,8,2,12,209,111,29,8,357,0,0,0,357
03/24/2018,MKE,WI,AGL,CE,Combined TRACON& Tower with Radar,178,65,16,2,261,0,0,2,0,2,178,65,18,2,263,0,0,0,263
03/25/2018,MKE,WI,AGL,CE,Combined TRACON& Tower with Radar,180,62,18,0,260,0,3,11,0,14,180,65,29,0,274,0,0,0,274
03/26/2018,MKE,WI,AGL,CE,Combined TRACON& Tower with Radar,211,99,17,0,327,0,2,3,0,5,211,101,20,0,332,0,0,0,332
03/27/2018,MKE,WI,AGL,CE,Combined TRACON& Tower with Radar,210,105,17,7,339,0,0,0,0,0,210,105,17,7,339,0,0,0,339
03/28/2018,MKE,WI,AGL,CE,Combined TRACON& Tower with Radar,216,111,22,3,352,0,7,2,0,9,216,118,24,3,361,0,0,0,361
03/29/2018,MKE,WI,AGL,CE,Combined TRACON& Tower with Radar,214,110,17,16,357,0,2,5,0,7,214,112,22,16,364,0,0,0,364
03/30/2018,MKE,WI,AGL,CE,Combined TRACON& Tower with Radar,213,119,26,10,368,0,0,5,0,5,213,119,31,10,373,0,0,0,373
03/31/2018,MKE,WI,AGL,CE,Combined TRACON& Tower with Radar,173,62,7,1,243,0,0,0,0,0,173,62,7,1,243,0,0,0,243
04/01/2018,MKE,WI,AGL,CE,Combined TRACON& Tower with Radar,185,50,12,0,247,0,3,9,0,12,185,53,21,0,259,0,0,0,259
04/02/2018,MKE,WI,AGL,CE,Combined TRACON& Tower with Radar,210,89,25,2,326,0,0,7,0,7,210,89,32,2,333,0,0,0,333
04/03/2018,MKE,WI,AGL,CE,Combined TRACON& Tower with Radar,201,112,14,1,328,0,0,0,0,0,201,112,14,1,328,0,0,0,328
04/04/2018,MKE,WI,AGL,CE,Combined TRACON& Tower with Radar,217,132,23,3,375,0,3,6,1,10,217,135,29,4,385,0,0,0,385
04/05/2018,MKE,WI,AGL,CE,Combined TRACON& Tower with Radar,217,126,34,16,393,0,3,2,2,7,217,129,36,18,400,0,16,16,416
04/06/2018,MKE,WI,AGL,CE,Combined TRACON& Tower with Radar,211,123,16,10,360,0,0,2,0,2,211,123,18,10,362,0,0,0,362
04/07/2018,MKE,WI,AGL,CE,Combined TRACON& Tower with Radar,171,61,6,4,242,0,0,8,1,9,171,61,14,5,251,0,0,0,251
04/08/2018,MKE,WI,AGL,CE,Combined TRACON& Tower with Radar,164,64,6,3,237,0,0,7,1,8,164,64,13,4,245,0,0,0,245
04/09/2018,MKE,WI,AGL,CE,Combined TRACON& Tower with Radar,188,103,25,1,317,0,0,0,0,0,188,103,25,1,317,0,0,0,317
04/10/2018,MKE,WI,AGL,CE,Combined TRACON& Tower with Radar,187,104,33,4,328,0,0,6,0,6,187,104,39,4,334,0,0,0,334
04/11/2018,MKE,WI,AGL,CE,Combined TRACON& Tower with Radar,189,112,23,11,335,0,0,14,0,14,189,112,37,11,349,0,0,0,349
04/12/2018,MKE,WI,AGL,CE,Combined TRACON& Tower with Radar,194,117,28,6,345,0,6,2,0,8,194,123,30,6,353,0,0,0,353
04/13/2018,MKE,WI,AGL,CE,Combined TRACON& Tower with Radar,185,107,36,1,329,0,0,0,0,0,185,107,36,1,329,0,0,0,329
04/14/2018,MKE,WI,AGL,CE,Combined TRACON& Tower with Radar,121,53,6,0,180,0,0,0,0,0,121,53,6,0,180,0,0,0,180
04/15/2018,MKE,WI,AGL,CE,Combined TRACON& Tower with Radar,86,47,8,0,141,0,0,0,0,0,86,47,8,0,141,0,0,0,141
04/16/2018,MKE,WI,AGL,CE,Combined TRACON& Tower with Radar,176,94,28,0,298,0,3,0,0,3,176,97,28,0,301,0,0,0,301
04/17/2018,MKE,WI,AGL,CE,Combined TRACON& Tower with Radar,185,109,32,11,337,0,0,3,0,3,185,109,35,11,340,0,0,0,340
04/18/2018,MKE,WI,AGL,CE,Combined TRACON& Tower with Radar,197,105,18,0,320,0,0,1,0,1,197,105,19,0,321,0,0,0,321
04/19/2018,MKE,WI,AGL,CE,Combined TRACON& Tower with Radar,195,118,22,3,338,0,6,9,0,15,195,124,31,3,353,0,0,0,353
04/20/2018,MKE,WI,AGL,CE,Combined TRACON& Tower with Radar,184,113,8,11,316,0,0,20,4,24,184,113,28,15,340,0,0,0,340
04/21/2018,MKE,WI,AGL,CE,Combined TRACON& Tower with Radar,127,58,13,0,198,0,0,10,0,10,127,58,23,0,208,0,0,0,208
04/22/2018,MKE,WI,AGL,CE,Combined TRACON& Tower with Radar,165,70,20,1,256,0,0,18,0,18,165,70,38,1,274,0,0,0,274
04/23/2018,MKE,WI,AGL,CE,Combined TRACON& Tower with Radar,184,96,34,0,314,0,2,13,1,16,184,98,47,1,330,0,0,0,330
04/24/2018,MKE,WI,AGL,CE,Combined TRACON& Tower with Radar,185,95,40,12,332,0,1,5,2,8,185,96,45,14,340,0,0,0,340
04/25/2018,MKE,WI,AGL,CE,Combined TRACON& Tower with Radar,196,110,42,8,356,0,12,4,8,24,196,122,46,16,380,0,0,0,380
04/26/2018,MKE,WI,AGL,CE,Combined TRACON& Tower with Radar,195,115,51,13,374,0,6,4,1,11,195,121,55,14,385,0,0,0,385
04/27/2018,MKE,WI,AGL,CE,Combined TRACON& Tower with Radar,187,109,34,5,335,0,2,6,1,9,187,111,40,6,344,26,0,26,370
04/28/2018,MKE,WI,AGL,CE,Combined TRACON& Tower with Radar,129,67,14,2,212,0,0,11,2,13,129,67,25,4,225,0,0,0,225
04/29/2018,MKE,WI,AGL,CE,Combined TRACON& Tower with Radar,160,69,20,0,249,0,1,10,1,12,160,70,30,1,261,0,0,0,261
04/30/2018,MKE,WI,AGL,CE,Combined TRACON& Tower with Radar,182,86,25,14,307,0,1,6,1,8,182,87,31,15,315,0,8,8,323
05/01/2018,MKE,WI,AGL,CE,Combined TRACON& Tower with Radar,185,109,30,6,330,0,2,10,0,12,185,111,40,6,342,0,0,0,342
05/02/2018,MKE,WI,AGL,CE,Combined TRACON& Tower with Radar,216,117,42,10,385,0,9,2,0,11,216,126,44,10,396,0,0,0,396
05/03/2018,MKE,WI,AGL,CE,Combined TRACON& Tower with Radar,216,120,42,17,395,0,0,1,0,1,216,120,43,17,396,0,0,0,396
05/04/2018,MKE,WI,AGL,CE,Combined TRACON& Tower with Radar,194,113,28,4,339,0,0,5,0,5,194,113,33,4,344,0,0,0,344
05/05/2018,MKE,WI,AGL,CE,Combined TRACON& Tower with Radar,141,59,20,11,231,0,0,17,1,18,141,59,37,12,249,0,0,0,249
05/06/2018,MKE,WI,AGL,CE,Combined TRACON& Tower with Radar,157,66,10,4,237,0,0,2,0,2,157,66,12,4,239,0,0,0,239
05/07/2018,MKE,WI,AGL,CE,Combined TRACON& Tower with Radar,184,87,21,0,292,0,2,15,0,17,184,89,36,0,309,0,0,0,309
05/08/2018,MKE,WI,AGL,CE,Combined TRACON& Tower with Radar,184,106,36,10,336,0,0,2,1,3,184,106,38,11,339,0,0,0,339
05/09/2018,MKE,WI,AGL,CE,Combined TRACON& Tower with Radar,199,115,32,5,351,0,3,3,0,6,199,118,35,5,357,0,0,0,357
05/10/2018,MKE,WI,AGL,CE,Combined TRACON& Tower with Radar,189,119,33,8,349,0,0,6,0,6,189,119,39,8,355,0,0,0,355
05/11/2018,MKE,WI,AGL,CE,Combined TRACON& Tower with Radar,194,122,26,2,344,0,0,0,0,0,194,122,26,2,344,0,0,0,344
05/12/2018,MKE,WI,AGL,CE,Combined TRACON& Tower with Radar,122,53,5,0,180,0,0,0,0,0,122,53,5,0,180,0,0,0,180
05/13/2018,MKE,WI,AGL,CE,Combined TRACON& Tower with Radar,152,66,10,0,228,0,0,2,0,2,152,66,12,0,230,0,0,0,230
05/14/2018,MKE,WI,AGL,CE,Combined TRACON& Tower with Radar,199,74,21,1,295,0,0,1,0,1,199,74,22,1,296,0,0,0,296
05/15/2018,MKE,WI,AGL,CE,Combined TRACON& Tower with Radar,183,116,43,17,359,0,0,13,0,13,183,116,56,17,372,0,0,0,372
05/16/2018,MKE,WI,AGL,CE,Combined TRACON& Tower with Radar,190,112,30,20,352,0,2,23,1,26,190,114,53,21,378,0,0,0,378
05/17/2018,MKE,WI,AGL,CE,Combined TRACON& Tower with Radar,195,119,32,15,361,0,4,7,0,11,195,123,39,15,372,0,0,0,372
05/18/2018,MKE,WI,AGL,CE,Combined TRACON& Tower with Radar,187,99,24,7,317,0,2,6,0,8,187,101,30,7,325,0,0,0,325
05/19/2018,MKE,WI,AGL,CE,Combined TRACON& Tower with Radar,133,66,9,4,212,0,0,2,0,2,133,66,11,4,214,0,0,0,214
05/20/2018,MKE,WI,AGL,CE,Combined TRACON& Tower with Radar,162,61,16,3,242,0,3,3,0,6,162,64,19,3,248,0,0,0,248
05/21/2018,MKE,WI,AGL,CE,Combined TRACON& Tower with Radar,193,84,29,0,306,0,0,0,0,0,193,84,29,0,306,0,0,0,306
05/22/2018,MKE,WI,AGL,CE,Combined TRACON& Tower with Radar,188,111,33,11,343,0,3,4,0,7,188,114,37,11,350,0,0,0,350
05/23/2018,MKE,WI,AGL,CE,Combined TRACON& Tower with Radar,192,111,27,12,342,0,3,18,0,21,192,114,45,12,363,0,0,0,363
05/24/2018,MKE,WI,AGL,CE,Combined TRACON& Tower with Radar,194,113,40,8,355,0,4,14,0,18,194,117,54,8,373,0,0,0,373
05/25/2018,MKE,WI,AGL,CE,Combined TRACON& Tower with Radar,190,101,39,0,330,0,1,5,0,6,190,102,44,0,336,0,0,0,336
05/26/2018,MKE,WI,AGL,CE,Combined TRACON& Tower with Radar,129,51,10,0,190,0,4,10,2,16,129,55,20,2,206,0,0,0,206
05/27/2018,MKE,WI,AGL,CE,Combined TRACON& Tower with Radar,126,47,10,0,183,0,4,3,0,7,126,51,13,0,190,0,0,0,190
05/28/2018,MKE,WI,AGL,CE,Combined TRACON& Tower with Radar,160,73,16,0,249,0,0,4,0,4,160,73,20,0,253,0,0,0,253
05/29/2018,MKE,WI,AGL,CE,Combined TRACON& Tower with Radar,189,110,33,8,340,0,0,9,0,9,189,110,42,8,349,0,0,0,349
05/30/2018,MKE,WI,AGL,CE,Combined TRACON& Tower with Radar,184,90,37,2,313,0,0,2,0,2,184,90,39,2,315,0,0,0,315
05/31/2018,MKE,WI,AGL,CE,Combined TRACON& Tower with Radar,200,108,36,4,348,0,0,4,0,4,200,108,40,4,352,0,0,0,352
06/01/2018,MKE,WI,AGL,CE,Combined TRACON& Tower with Radar,194,112,23,9,338,0,1,2,0,3,194,113,25,9,341,0,0,0,341
06/02/2018,MKE,WI,AGL,CE,Combined TRACON& Tower with Radar,131,57,7,2,197,0,0,6,0,6,131,57,13,2,203,0,0,0,203
06/03/2018,MKE,WI,AGL,CE,Combined TRACON& Tower with Radar,163,52,14,3,232,0,0,6,0,6,163,52,20,3,238,0,0,0,238
06/04/2018,MKE,WI,AGL,CE,Combined TRACON& Tower with Radar,181,79,30,11,301,0,0,9,4,13,181,79,39,15,314,0,0,0,314
06/05/2018,MKE,WI,AGL,CE,Combined TRACON& Tower with Radar,184,108,28,17,337,0,0,6,0,6,184,108,34,17,343,0,0,0,343
06/06/2018,MKE,WI,AGL,CE,Combined TRACON& Tower with Radar,195,122,21,4,342,0,8,9,0,17,195,130,30,4,359,0,0,0,359
06/07/2018,MKE,WI,AGL,CE,Combined TRACON& Tower with Radar,189,106,27,14,336,0,5,7,3,15,189,111,34,17,351,0,0,0,351
06/08/2018,MKE,WI,AGL,CE,Combined TRACON& Tower with Radar,200,100,27,0,327,0,3,4,0,7,200,103,31,0,334,0,0,0,334
06/09/2018,MKE,WI,AGL,CE,Combined TRACON& Tower with Radar,134,57,9,0,200,0,0,0,0,0,134,57,9,0,200,0,0,0,200
06/10/2018,MKE,WI,AGL,CE,Combined TRACON& Tower with Radar,169,54,19,0,242,0,0,0,0,0,169,54,19,0,242,0,0,0,242
06/11/2018,MKE,WI,AGL,CE,Combined TRACON& Tower with Radar,192,98,40,1,331,0,3,1,0,4,192,101,41,1,335,0,0,0,335
06/12/2018,MKE,WI,AGL,CE,Combined TRACON& Tower with Radar,201,120,30,4,355,0,2,4,0,6,201,122,34,4,361,0,0,0,361
06/13/2018,MKE,WI,AGL,CE,Combined TRACON& Tower with Radar,198,114,42,10,364,0,6,11,0,17,198,120,53,10,381,0,0,0,381
06/14/2018,MKE,WI,AGL,CE,Combined TRACON& Tower with Radar,196,113,23,8,340,0,2,14,1,17,196,115,37,9,357,0,0,0,357
06/15/2018,MKE,WI,AGL,CE,Combined TRACON& Tower with Radar,186,109,28,3,326,0,2,3,0,5,186,111,31,3,331,0,0,0,331
06/16/2018,MKE,WI,AGL,CE,Combined TRACON& Tower with Radar,146,66,8,0,220,0,0,10,0,10,146,66,18,0,230,0,0,0,230
06/17/2018,MKE,WI,AGL,CE,Combined TRACON& Tower with Radar,165,57,13,1,236,0,0,6,2,8,165,57,19,3,244,0,0,0,244
06/18/2018,MKE,WI,AGL,CE,Combined TRACON& Tower with Radar,190,82,26,2,300,0,2,1,1,4,190,84,27,3,304,0,0,0,304
06/19/2018,MKE,WI,AGL,CE,Combined TRACON& Tower with Radar,186,106,26,2,320,0,0,1,0,1,186,106,27,2,321,0,0,0,321
06/20/2018,MKE,WI,AGL,CE,Combined TRACON& Tower with Radar,197,116,38,2,353,0,6,6,0,12,197,122,44,2,365,0,0,0,365
06/21/2018,MKE,WI,AGL,CE,Combined TRACON& Tower with Radar,210,113,30,11,364,0,7,7,1,15,210,120,37,12,379,0,0,0,379
06/22/2018,MKE,WI,AGL,CE,Combined TRACON& Tower with Radar,190,124,28,11,353,0,0,7,10,17,190,124,35,21,370,0,0,0,370
06/23/2018,MKE,WI,AGL,CE,Combined TRACON& Tower with Radar,143,68,12,3,226,0,0,11,3,14,143,68,23,6,240,0,0,0,240
06/24/2018,MKE,WI,AGL,CE,Combined TRACON& Tower with Radar,165,62,24,4,255,0,4,13,2,19,165,66,37,6,274,0,0,0,274
06/25/2018,MKE,WI,AGL,CE,Combined TRACON& Tower with Radar,194,85,32,5,316,0,2,15,0,17,194,87,47,5,333,0,0,0,333
06/26/2018,MKE,WI,AGL,CE,Combined TRACON& Tower with Radar,220,100,43,3,366,0,0,2,0,2,220,100,45,3,368,0,0,0,368
06/27/2018,MKE,WI,AGL,CE,Combined TRACON& Tower with Radar,202,120,34,2,358,0,0,8,1,9,202,120,42,3,367,0,0,0,367
06/28/2018,MKE,WI,AGL,CE,Combined TRACON& Tower with Radar,198,96,25,4,323,0,0,15,1,16,198,96,40,5,339,0,0,0,339
06/29/2018,MKE,WI,AGL,CE,Combined TRACON& Tower with Radar,200,114,30,11,355,0,2,15,0,17,200,116,45,11,372,0,0,0,372
06/30/2018,MKE,WI,AGL,CE,Combined TRACON& Tower with Radar,139,64,9,1,213,0,0,7,0,7,139,64,16,1,220,0,0,0,220
07/01/2018,MKE,WI,AGL,CE,Combined TRACON& Tower with Radar,163,51,13,3,230,0,2,3,0,5,163,53,16,3,235,0,0,0,235
07/02/2018,MKE,WI,AGL,CE,Combined TRACON& Tower with Radar,171,76,26,0,273,0,3,6,0,9,171,79,32,0,282,0,0,0,282
07/03/2018,MKE,WI,AGL,CE,Combined TRACON& Tower with Radar,167,101,14,6,288,0,2,18,0,20,167,103,32,6,308,0,0,0,308
07/04/2018,MKE,WI,AGL,CE,Combined TRACON& Tower with Radar,147,53,5,4,209,0,0,5,0,5,147,53,10,4,214,0,0,0,214
07/05/2018,MKE,WI,AGL,CE,Combined TRACON& Tower with Radar,186,100,17,4,307,0,0,4,7,11,186,100,21,11,318,0,0,0,318
07/06/2018,MKE,WI,AGL,CE,Combined TRACON& Tower with Radar,184,95,27,11,317,0,0,20,1,21,184,95,47,12,338,0,0,0,338
07/07/2018,MKE,WI,AGL,CE,Combined TRACON& Tower with Radar,142,58,5,0,205,0,0,12,0,12,142,58,17,0,217,0,0,0,217
07/08/2018,MKE,WI,AGL,CE,Combined TRACON& Tower with Radar,175,58,17,1,251,0,2,14,0,16,175,60,31,1,267,0,0,0,267
07/09/2018,MKE,WI,AGL,CE,Combined TRACON& Tower with Radar,190,88,31,2,311,0,12,13,0,25,190,100,44,2,336,14,0,14,350
07/10/2018,MKE,WI,AGL,CE,Combined TRACON& Tower with Radar,200,116,23,22,361,0,0,8,9,17,200,116,31,31,378,0,0,0,378
07/11/2018,MKE,WI,AGL,CE,Combined TRACON& Tower with Radar,200,111,31,8,350,0,0,15,0,15,200,111,46,8,365,0,0,0,365
07/12/2018,MKE,WI,AGL,CE,Combined TRACON& Tower with Radar,201,125,41,16,383,0,0,14,0,14,201,125,55,16,397,0,0,0,397
07/13/2018,MKE,WI,AGL,CE,Combined TRACON& Tower with Radar,202,107,27,6,342,0,2,7,0,9,202,109,34,6,351,0,0,0,351
07/14/2018,MKE,WI,AGL,CE,Combined TRACON& Tower with Radar,140,67,12,1,220,0,0,8,0,8,140,67,20,1,228,0,0,0,228
07/15/2018,MKE,WI,AGL,CE,Combined TRACON& Tower with Radar,173,53,24,2,252,0,3,8,0,11,173,56,32,2,263,0,0,0,263
07/16/2018,MKE,WI,AGL,CE,Combined TRACON& Tower with Radar,202,86,23,5,316,0,1,21,0,22,202,87,44,5,338,0,0,0,338
07/17/2018,MKE,WI,AGL,CE,Combined TRACON& Tower with Radar,193,115,28,12,348,0,5,13,0,18,193,120,41,12,366,0,0,0,366
07/18/2018,MKE,WI,AGL,CE,Combined TRACON& Tower with Radar,199,134,40,4,377,0,5,49,1,55,199,139,89,5,432,0,0,0,432
07/19/2018,MKE,WI,AGL,CE,Combined TRACON& Tower with Radar,195,119,52,6,372,0,3,16,3,22,195,122,68,9,394,0,0,0,394
07/20/2018,MKE,WI,AGL,CE,Combined TRACON& Tower with Radar,200,112,28,13,353,0,0,6,4,10,200,112,34,17,363,0,0,0,363
07/21/2018,MKE,WI,AGL,CE,Combined TRACON& Tower with Radar,145,62,23,7,237,0,4,12,23,39,145,66,35,30,276,0,0,0,276
07/22/2018,MKE,WI,AGL,CE,Combined TRACON& Tower with Radar,170,59,25,13,267,0,2,12,5,19,170,61,37,18,286,0,0,0,286
07/23/2018,MKE,WI,AGL,CE,Combined TRACON& Tower with Radar,183,87,31,3,304,0,0,13,1,14,183,87,44,4,318,0,0,0,318
07/24/2018,MKE,WI,AGL,CE,Combined TRACON& Tower with Radar,198,106,50,14,368,0,0,11,0,11,198,106,61,14,379,0,0,0,379
07/25/2018,MKE,WI,AGL,CE,Combined TRACON& Tower with Radar,204,118,31,9,362,0,0,14,8,22,204,118,45,17,384,0,0,0,384
07/26/2018,MKE,WI,AGL,CE,Combined TRACON& Tower with Radar,200,122,35,6,363,0,0,19,0,19,200,122,54,6,382,0,0,0,382
07/27/2018,MKE,WI,AGL,CE,Combined TRACON& Tower with Radar,187,113,28,12,340,0,0,22,1,23,187,113,50,13,363,0,0,0,363
07/28/2018,MKE,WI,AGL,CE,Combined TRACON& Tower with Radar,139,66,7,1,213,0,2,14,2,18,139,68,21,3,231,0,0,0,231
07/29/2018,MKE,WI,AGL,CE,Combined TRACON& Tower with Radar,166,58,15,4,243,0,2,18,0,20,166,60,33,4,263,0,0,0,263
07/30/2018,MKE,WI,AGL,CE,Combined TRACON& Tower with Radar,195,90,27,3,315,0,4,19,1,24,195,94,46,4,339,0,0,0,339
07/31/2018,MKE,WI,AGL,CE,Combined TRACON& Tower with Radar,194,111,20,5,330,0,5,12,0,17,194,116,32,5,347,0,0,0,347
08/01/2018,MKE,WI,AGL,CE,Combined TRACON& Tower with Radar,193,113,31,4,341,0,4,12,0,16,193,117,43,4,357,0,0,0,357
08/02/2018,MKE,WI,AGL,CE,Combined TRACON& Tower with Radar,191,117,28,6,342,0,2,13,0,15,191,119,41,6,357,0,0,0,357
08/03/2018,MKE,WI,AGL,CE,Combined TRACON& Tower with Radar,195,96,28,11,330,0,0,12,0,12,195,96,40,11,342,0,0,0,342
08/04/2018,MKE,WI,AGL,CE,Combined TRACON& Tower with Radar,139,64,11,3,217,0,4,30,0,34,139,68,41,3,251,0,0,0,251
08/05/2018,MKE,WI,AGL,CE,Combined TRACON& Tower with Radar,170,73,19,6,268,0,0,4,0,4,170,73,23,6,272,0,0,0,272
08/06/2018,MKE,WI,AGL,CE,Combined TRACON& Tower with Radar,193,86,36,0,315,0,0,0,0,0,193,86,36,0,315,0,0,0,315
08/07/2018,MKE,WI,AGL,CE,Combined TRACON& Tower with Radar,198,104,50,5,357,0,5,1,0,6,198,109,51,5,363,0,0,0,363
08/08/2018,MKE,WI,AGL,CE,Combined TRACON& Tower with Radar,178,107,39,5,329,0,2,13,0,15,178,109,52,5,344,6,0,6,350
08/09/2018,MKE,WI,AGL,CE,Combined TRACON& Tower with Radar,197,115,47,1,360,0,2,4,0,6,197,117,51,1,366,0,0,0,366
08/10/2018,MKE,WI,AGL,CE,Combined TRACON& Tower with Radar,188,120,24,4,336,0,3,10,1,14,188,123,34,5,350,0,0,0,350
08/11/2018,MKE,WI,AGL,CE,Combined TRACON& Tower with Radar,124,58,13,0,195,0,0,22,0,22,124,58,35,0,217,0,0,0,217
08/12/2018,MKE,WI,AGL,CE,Combined TRACON& Tower with Radar,157,63,12,3,235,0,4,12,0,16,157,67,24,3,251,0,0,0,251
08/13/2018,MKE,WI,AGL,CE,Combined TRACON& Tower with Radar,178,95,31,2,306,0,2,16,0,18,178,97,47,2,324,0,0,0,324
08/14/2018,MKE,WI,AGL,CE,Combined TRACON& Tower with Radar,184,120,38,8,350,0,0,10,0,10,184,120,48,8,360,0,0,0,360
08/15/2018,MKE,WI,AGL,CE,Combined TRACON& Tower with Radar,201,114,19,11,345,0,2,0,1,3,201,116,19,12,348,0,0,0,348
08/16/2018,MKE,WI,AGL,CE,Combined TRACON& Tower with Radar,196,109,34,12,351,0,4,5,0,9,196,113,39,12,360,0,0,0,360
08/17/2018,MKE,WI,AGL,CE,Combined TRACON& Tower with Radar,182,108,30,6,326,0,2,5,0,7,182,110,35,6,333,0,0,0,333
08/18/2018,MKE,WI,AGL,CE,Combined TRACON& Tower with Radar,118,71,8,2,199,0,3,12,0,15,118,74,20,2,214,0,0,0,214
08/19/2018,MKE,WI,AGL,CE,Combined TRACON& Tower with Radar,162,80,17,3,262,0,3,14,1,18,162,83,31,4,280,0,0,0,280
08/20/2018,MKE,WI,AGL,CE,Combined TRACON& Tower with Radar,183,91,33,3,310,0,0,4,2,6,183,91,37,5,316,0,0,0,316
08/21/2018,MKE,WI,AGL,CE,Combined TRACON& Tower with Radar,186,108,32,4,330,0,4,0,0,4,186,112,32,4,334,0,0,0,334
08/22/2018,MKE,WI,AGL,CE,Combined TRACON& Tower with Radar,188,117,40,6,351,0,5,26,0,31,188,122,66,6,382,24,0,24,406
08/23/2018,MKE,WI,AGL,CE,Combined TRACON& Tower with Radar,198,112,35,14,359,0,2,15,0,17,198,114,50,14,376,0,0,0,376
08/24/2018,MKE,WI,AGL,CE,Combined TRACON& Tower with Radar,180,109,22,4,315,0,0,1,0,1,180,109,23,4,316,0,0,0,316
08/25/2018,MKE,WI,AGL,CE,Combined TRACON& Tower with Radar,119,60,10,2,191,0,0,8,0,8,119,60,18,2,199,0,0,0,199
08/26/2018,MKE,WI,AGL,CE,Combined TRACON& Tower with Radar,160,59,13,1,233,0,0,5,0,5,160,59,18,1,238,0,0,0,238
08/27/2018,MKE,WI,AGL,CE,Combined TRACON& Tower with Radar,177,81,29,2,289,0,3,3,0,6,177,84,32,2,295,0,0,0,295
08/28/2018,MKE,WI,AGL,CE,Combined TRACON& Tower with Radar,179,88,30,6,303,0,0,5,0,5,179,88,35,6,308,0,0,0,308
08/29/2018,MKE,WI,AGL,CE,Combined TRACON& Tower with Radar,176,120,31,11,338,0,0,3,0,3,176,120,34,11,341,0,0,0,341
08/30/2018,MKE,WI,AGL,CE,Combined TRACON& Tower with Radar,185,120,28,13,346,0,8,10,2,20,185,128,38,15,366,0,0,0,366
08/31/2018,MKE,WI,AGL,CE,Combined TRACON& Tower with Radar,185,114,34,3,336,1,3,31,2,37,186,117,65,5,373,0,0,0,373
09/01/2018,MKE,WI,AGL,CE,Combined TRACON& Tower with Radar,111,58,8,0,177,0,0,38,0,38,111,58,46,0,215,0,0,0,215
09/02/2018,MKE,WI,AGL,CE,Combined TRACON& Tower with Radar,107,54,6,0,167,0,3,47,0,50,107,57,53,0,217,0,0,0,217
09/03/2018,MKE,WI,AGL,CE,Combined TRACON& Tower with Radar,162,56,13,0,231,0,0,2,0,2,162,56,15,0,233,0,0,0,233
09/04/2018,MKE,WI,AGL,CE,Combined TRACON& Tower with Radar,165,91,30,9,295,0,3,2,0,5,165,94,32,9,300,0,0,0,300
09/05/2018,MKE,WI,AGL,CE,Combined TRACON& Tower with Radar,167,101,44,5,317,0,1,1,0,2,167,102,45,5,319,0,0,0,319
09/06/2018,MKE,WI,AGL,CE,Combined TRACON& Tower with Radar,176,100,40,20,336,0,0,7,1,8,176,100,47,21,344,0,0,0,344
09/07/2018,MKE,WI,AGL,CE,Combined TRACON& Tower with Radar,163,104,23,20,310,0,3,4,0,7,163,107,27,20,317,10,2,12,329
09/08/2018,MKE,WI,AGL,CE,Combined TRACON& Tower with Radar,112,65,12,8,197,0,2,8,0,10,112,67,20,8,207,0,0,0,207
09/09/2018,MKE,WI,AGL,CE,Combined TRACON& Tower with Radar,161,60,16,6,243,0,3,10,0,13,161,63,26,6,256,0,0,0,256
09/10/2018,MKE,WI,AGL,CE,Combined TRACON& Tower with Radar,171,87,18,2,278,0,0,11,0,11,171,87,29,2,289,0,0,0,289
09/11/2018,MKE,WI,AGL,CE,Combined TRACON& Tower with Radar,182,98,30,4,314,0,0,6,1,7,182,98,36,5,321,0,0,0,321
09/12/2018,MKE,WI,AGL,CE,Combined TRACON& Tower with Radar,185,115,39,9,348,0,1,13,1,15,185,116,52,10,363,0,0,0,363
09/13/2018,MKE,WI,AGL,CE,Combined TRACON& Tower with Radar,187,107,31,9,334,0,1,16,0,17,187,108,47,9,351,0,0,0,351
09/14/2018,MKE,WI,AGL,CE,Combined TRACON& Tower with Radar,178,110,30,10,328,0,0,9,2,11,178,110,39,12,339,0,0,0,339
09/15/2018,MKE,WI,AGL,CE,Combined TRACON& Tower with Radar,109,80,12,4,205,0,1,17,1,19,109,81,29,5,224,0,0,0,224
09/16/2018,MKE,WI,AGL,CE,Combined TRACON& Tower with Radar,151,65,25,9,250,0,0,11,1,12,151,65,36,10,262,0,0,0,262
09/17/2018,MKE,WI,AGL,CE,Combined TRACON& Tower with Radar,177,85,42,3,307,0,0,14,0,14,177,85,56,3,321,0,0,0,321
09/18/2018,MKE,WI,AGL,CE,Combined TRACON& Tower with Radar,181,109,36,4,330,0,0,2,0,2,181,109,38,4,332,0,0,0,332
09/19/2018,MKE,WI,AGL,CE,Combined TRACON& Tower with Radar,186,101,23,4,314,0,0,0,0,0,186,101,23,4,314,0,0,0,314
09/20/2018,MKE,WI,AGL,CE,Combined TRACON& Tower with Radar,187,121,34,10,352,0,0,2,0,2,187,121,36,10,354,0,0,0,354
09/21/2018,MKE,WI,AGL,CE,Combined TRACON& Tower with Radar,179,101,34,4,318,0,0,2,0,2,179,101,36,4,320,0,0,0,320
09/22/2018,MKE,WI,AGL,CE,Combined TRACON& Tower with Radar,109,61,13,13,196,0,0,17,4,21,109,61,30,17,217,22,0,22,239
09/23/2018,MKE,WI,AGL,CE,Combined TRACON& Tower with Radar,155,68,10,4,237,0,3,10,0,13,155,71,20,4,250,0,0,0,250
09/24/2018,MKE,WI,AGL,CE,Combined TRACON& Tower with Radar,184,89,25,8,306,0,0,11,0,11,184,89,36,8,317,0,0,0,317
09/25/2018,MKE,WI,AGL,CE,Combined TRACON& Tower with Radar,188,115,43,5,351,0,0,14,0,14,188,115,57,5,365,0,0,0,365
09/26/2018,MKE,WI,AGL,CE,Combined TRACON& Tower with Radar,186,114,34,7,341,0,8,17,0,25,186,122,51,7,366,0,0,0,366
09/27/2018,MKE,WI,AGL,CE,Combined TRACON& Tower with Radar,188,122,26,5,341,0,0,10,1,11,188,122,36,6,352,0,0,0,352
09/28/2018,MKE,WI,AGL,CE,Combined TRACON& Tower with Radar,182,104,39,8,333,0,5,8,2,15,182,109,47,10,348,0,0,0,348
09/29/2018,MKE,WI,AGL,CE,Combined TRACON& Tower with Radar,113,78,14,1,206,0,2,10,0,12,113,80,24,1,218,0,0,0,218
09/30/2018,MKE,WI,AGL,CE,Combined TRACON& Tower with Radar,151,72,25,2,250,0,0,0,0,0,151,72,25,2,250,0,0,0,250
10/01/2018,MKE,WI,AGL,CE,Combined TRACON& Tower with Radar,173,71,25,2,271,0,0,1,1,2,173,71,26,3,273,0,0,0,273
10/02/2018,MKE,WI,AGL,CE,Combined TRACON& Tower with Radar,185,94,25,4,308,0,5,0,0,5,185,99,25,4,313,0,0,0,313
10/03/2018,MKE,WI,AGL,CE,Combined TRACON& Tower with Radar,184,97,37,0,318,0,2,6,0,8,184,99,43,0,326,0,0,0,326
10/04/2018,MKE,WI,AGL,CE,Combined TRACON& Tower with Radar,191,107,42,3,343,0,2,20,0,22,191,109,62,3,365,0,0,0,365
10/05/2018,MKE,WI,AGL,CE,Combined TRACON& Tower with Radar,190,120,27,1,338,0,4,0,0,4,190,124,27,1,342,0,0,0,342
10/06/2018,MKE,WI,AGL,CE,Combined TRACON& Tower with Radar,123,62,12,0,197,0,0,0,0,0,123,62,12,0,197,0,0,0,197
10/07/2018,MKE,WI,AGL,CE,Combined TRACON& Tower with Radar,157,58,15,0,230,0,0,0,0,0,157,58,15,0,230,0,0,0,230
10/08/2018,MKE,WI,AGL,CE,Combined TRACON& Tower with Radar,168,79,18,0,265,0,2,1,0,3,168,81,19,0,268,0,0,0,268
10/09/2018,MKE,WI,AGL,CE,Combined TRACON& Tower with Radar,186,98,28,10,322,0,0,6,0,6,186,98,34,10,328,18,0,18,346
10/10/2018,MKE,WI,AGL,CE,Combined TRACON& Tower with Radar,179,97,34,6,316,0,0,0,0,0,179,97,34,6,316,0,0,0,316
10/11/2018,MKE,WI,AGL,CE,Combined TRACON& Tower with Radar,180,116,38,2,336,0,0,10,0,10,180,116,48,2,346,0,0,0,346
10/12/2018,MKE,WI,AGL,CE,Combined TRACON& Tower with Radar,187,102,41,8,338,0,0,5,0,5,187,102,46,8,343,0,0,0,343
10/13/2018,MKE,WI,AGL,CE,Combined TRACON& Tower with Radar,121,79,22,8,230,0,2,14,0,16,121,81,36,8,246,0,0,0,246
10/14/2018,MKE,WI,AGL,CE,Combined TRACON& Tower with Radar,162,59,25,2,248,0,4,6,2,12,162,63,31,4,260,0,0,0,260
10/15/2018,MKE,WI,AGL,CE,Combined TRACON& Tower with Radar,177,100,29,1,307,0,1,4,1,6,177,101,33,2,313,0,0,0,313
10/16/2018,MKE,WI,AGL,CE,Combined TRACON& Tower with Radar,195,113,19,6,333,0,3,12,0,15,195,116,31,6,348,0,0,0,348
10/17/2018,MKE,WI,AGL,CE,Combined TRACON& Tower with Radar,184,107,36,6,333,0,4,11,0,15,184,111,47,6,348,0,0,0,348
10/18/2018,MKE,WI,AGL,CE,Combined TRACON& Tower with Radar,201,115,43,11,370,0,4,14,0,18,201,119,57,11,388,0,0,0,388
10/19/2018,MKE,WI,AGL,CE,Combined TRACON& Tower with Radar,187,127,34,5,353,0,9,2,0,11,187,136,36,5,364,0,0,0,364
10/20/2018,MKE,WI,AGL,CE,Combined TRACON& Tower with Radar,121,74,13,0,208,0,0,2,0,2,121,74,15,0,210,0,0,0,210
10/21/2018,MKE,WI,AGL,CE,Combined TRACON& Tower with Radar,164,67,24,0,255,0,0,5,0,5,164,67,29,0,260,0,0,0,260
10/22/2018,MKE,WI,AGL,CE,Combined TRACON& Tower with Radar,181,80,26,10,297,0,5,7,0,12,181,85,33,10,309,0,0,0,309
10/23/2018,MKE,WI,AGL,CE,Combined TRACON& Tower with Radar,194,107,29,4,334,0,0,12,0,12,194,107,41,4,346,0,0,0,346
10/24/2018,MKE,WI,AGL,CE,Combined TRACON& Tower with Radar,184,110,34,10,338,0,0,8,0,8,184,110,42,10,346,0,0,0,346
10/25/2018,MKE,WI,AGL,CE,Combined TRACON& Tower with Radar,195,112,35,11,353,0,4,7,1,12,195,116,42,12,365,0,0,0,365
10/26/2018,MKE,WI,AGL,CE,Combined TRACON& Tower with Radar,182,105,16,6,309,0,0,10,0,10,182,105,26,6,319,0,0,0,319
10/27/2018,MKE,WI,AGL,CE,Combined TRACON& Tower with Radar,112,65,11,0,188,0,0,2,0,2,112,65,13,0,190,0,0,0,190
10/28/2018,MKE,WI,AGL,CE,Combined TRACON& Tower with Radar,145,61,9,0,215,0,0,0,0,0,145,61,9,0,215,0,0,0,215
10/29/2018,MKE,WI,AGL,CE,Combined TRACON& Tower with Radar,164,95,29,5,293,0,0,14,2,16,164,95,43,7,309,0,0,0,309
10/30/2018,MKE,WI,AGL,CE,Combined TRACON& Tower with Radar,170,111,31,5,317,0,2,3,0,5,170,113,34,5,322,0,0,0,322
10/31/2018,MKE,WI,AGL,CE,Combined TRACON& Tower with Radar,142,115,30,5,292,0,3,14,0,17,142,118,44,5,309,0,0,0,309
11/01/2018,MKE,WI,AGL,CE,Combined TRACON& Tower with Radar,181,119,20,18,338,0,4,9,0,13,181,123,29,18,351,0,0,0,351
11/02/2018,MKE,WI,AGL,CE,Combined TRACON& Tower with Radar,176,103,25,6,310,0,2,11,0,13,176,105,36,6,323,0,0,0,323
11/03/2018,MKE,WI,AGL,CE,Combined TRACON& Tower with Radar,113,55,11,4,183,0,0,4,0,4,113,55,15,4,187,0,0,0,187
11/04/2018,MKE,WI,AGL,CE,Combined TRACON& Tower with Radar,160,61,17,0,238,0,0,0,0,0,160,61,17,0,238,0,0,0,238
11/05/2018,MKE,WI,AGL,CE,Combined TRACON& Tower with Radar,178,79,28,0,285,0,0,6,0,6,178,79,34,0,291,0,0,0,291
11/06/2018,MKE,WI,AGL,CE,Combined TRACON& Tower with Radar,178,93,22,3,296,0,0,0,0,0,178,93,22,3,296,0,0,0,296
11/07/2018,MKE,WI,AGL,CE,Combined TRACON& Tower with Radar,177,113,26,2,318,0,2,4,0,6,177,115,30,2,324,0,0,0,324
11/08/2018,MKE,WI,AGL,CE,Combined TRACON& Tower with Radar,193,111,27,8,339,0,0,6,0,6,193,111,33,8,345,0,0,0,345
11/09/2018,MKE,WI,AGL,CE,Combined TRACON& Tower with Radar,185,101,29,2,317,0,0,5,0,5,185,101,34,2,322,0,0,0,322
11/10/2018,MKE,WI,AGL,CE,Combined TRACON& Tower with Radar,113,64,17,0,194,0,1,10,0,11,113,65,27,0,205,0,0,0,205
11/11/2018,MKE,WI,AGL,CE,Combined TRACON& Tower with Radar,156,60,20,0,236,0,0,5,0,5,156,60,25,0,241,0,0,0,241
11/12/2018,MKE,WI,AGL,CE,Combined TRACON& Tower with Radar,183,102,31,1,317,0,0,5,0,5,183,102,36,1,322,0,0,0,322
11/13/2018,MKE,WI,AGL,CE,Combined TRACON& Tower with Radar,188,108,30,9,335,0,4,5,0,9,188,112,35,9,344,0,0,0,344
11/14/2018,MKE,WI,AGL,CE,Combined TRACON& Tower with Radar,177,110,25,0,312,0,0,13,0,13,177,110,38,0,325,0,0,0,325
11/15/2018,MKE,WI,AGL,CE,Combined TRACON& Tower with Radar,188,100,18,4,310,0,3,2,0,5,188,103,20,4,315,0,0,0,315
11/16/2018,MKE,WI,AGL,CE,Combined TRACON& Tower with Radar,188,105,28,6,327,0,0,1,0,1,188,105,29,6,328,0,0,0,328
11/17/2018,MKE,WI,AGL,CE,Combined TRACON& Tower with Radar,139,63,12,0,214,0,0,2,0,2,139,63,14,0,216,0,0,0,216
11/18/2018,MKE,WI,AGL,CE,Combined TRACON& Tower with Radar,154,47,9,0,210,0,0,2,0,2,154,47,11,0,212,0,0,0,212
11/19/2018,MKE,WI,AGL,CE,Combined TRACON& Tower with Radar,178,91,17,0,286,0,3,2,0,5,178,94,19,0,291,0,0,0,291
11/20/2018,MKE,WI,AGL,CE,Combined TRACON& Tower with Radar,185,112,18,8,323,0,1,3,0,4,185,113,21,8,327,0,0,0,327
11/21/2018,MKE,WI,AGL,CE,Combined TRACON& Tower with Radar,194,106,24,4,328,0,5,1,0,6,194,111,25,4,334,0,0,0,334
11/22/2018,MKE,WI,AGL,CE,Combined TRACON& Tower with Radar,93,30,0,0,123,0,0,2,0,2,93,30,2,0,125,0,0,0,125
11/23/2018,MKE,WI,AGL,CE,Combined TRACON& Tower with Radar,142,70,8,0,220,0,0,5,0,5,142,70,13,0,225,0,0,0,225
11/24/2018,MKE,WI,AGL,CE,Combined TRACON& Tower with Radar,167,74,16,0,257,0,1,0,0,1,167,75,16,0,258,0,0,0,258
11/25/2018,MKE,WI,AGL,CE,Combined TRACON& Tower with Radar,171,58,23,0,252,0,0,2,0,2,171,58,25,0,254,0,0,0,254
11/26/2018,MKE,WI,AGL,CE,Combined TRACON& Tower with Radar,197,94,21,1,313,0,3,5,0,8,197,97,26,1,321,0,0,0,321
11/27/2018,MKE,WI,AGL,CE,Combined TRACON& Tower with Radar,188,106,29,4,327,0,0,0,0,0,188,106,29,4,327,0,0,0,327
11/28/2018,MKE,WI,AGL,CE,Combined TRACON& Tower with Radar,181,129,29,4,343,0,0,13,0,13,181,129,42,4,356,0,0,0,356
11/29/2018,MKE,WI,AGL,CE,Combined TRACON& Tower with Radar,185,116,29,11,341,0,0,2,0,2,185,116,31,11,343,0,0,0,343
11/30/2018,MKE,WI,AGL,CE,Combined TRACON& Tower with Radar,195,115,21,6,337,0,1,0,0,1,195,116,21,6,338,0,0,0,338
12/01/2018,MKE,WI,AGL,CE,Combined TRACON& Tower with Radar,131,70,7,0,208,0,0,0,0,0,131,70,7,0,208,0,0,0,208
12/02/2018,MKE,WI,AGL,CE,Combined TRACON& Tower with Radar,144,49,18,2,213,0,0,0,0,0,144,49,18,2,213,0,0,0,213
12/03/2018,MKE,WI,AGL,CE,Combined TRACON& Tower with Radar,177,86,18,1,282,0,0,0,0,0,177,86,18,1,282,0,0,0,282
12/04/2018,MKE,WI,AGL,CE,Combined TRACON& Tower with Radar,175,111,31,10,327,0,0,3,0,3,175,111,34,10,330,0,0,0,330
12/05/2018,MKE,WI,AGL,CE,Combined TRACON& Tower with Radar,181,113,38,1,333,0,6,0,0,6,181,119,38,1,339,0,0,0,339
12/06/2018,MKE,WI,AGL,CE,Combined TRACON& Tower with Radar,184,117,19,3,323,0,1,5,0,6,184,118,24,3,329,0,0,0,329
12/07/2018,MKE,WI,AGL,CE,Combined TRACON& Tower with Radar,186,116,29,9,340,0,0,9,2,11,186,116,38,11,351,0,0,0,351
12/08/2018,MKE,WI,AGL,CE,Combined TRACON& Tower with Radar,125,55,13,0,193,0,0,9,0,9,125,55,22,0,202,0,0,0,202
12/09/2018,MKE,WI,AGL,CE,Combined TRACON& Tower with Radar,143,55,22,1,221,0,0,4,0,4,143,55,26,1,225,0,0,0,225
12/10/2018,MKE,WI,AGL,CE,Combined TRACON& Tower with Radar,179,88,23,2,292,0,2,5,1,8,179,90,28,3,300,0,0,0,300
12/11/2018,MKE,WI,AGL,CE,Combined TRACON& Tower with Radar,181,116,32,7,336,0,2,4,2,8,181,118,36,9,344,0,0,0,344
12/12/2018,MKE,WI,AGL,CE,Combined TRACON& Tower with Radar,181,103,18,2,304,0,0,0,0,0,181,103,18,2,304,0,0,0,304
12/13/2018,MKE,WI,AGL,CE,Combined TRACON& Tower with Radar,184,116,27,2,329,0,2,0,0,2,184,118,27,2,331,0,0,0,331
12/14/2018,MKE,WI,AGL,CE,Combined TRACON& Tower with Radar,197,116,29,5,347,0,1,1,0,2,197,117,30,5,349,0,0,0,349
12/15/2018,MKE,WI,AGL,CE,Combined TRACON& Tower with Radar,124,69,7,0,200,0,3,15,0,18,124,72,22,0,218,0,0,0,218
12/16/2018,MKE,WI,AGL,CE,Combined TRACON& Tower with Radar,153,60,10,0,223,0,1,8,0,9,153,61,18,0,232,8,0,8,240
12/17/2018,MKE,WI,AGL,CE,Combined TRACON& Tower with Radar,179,92,12,0,283,0,3,6,0,9,179,95,18,0,292,0,0,0,292
12/18/2018,MKE,WI,AGL,CE,Combined TRACON& Tower with Radar,184,116,24,7,331,0,5,9,1,15,184,121,33,8,346,0,0,0,346
12/19/2018,MKE,WI,AGL,CE,Combined TRACON& Tower with Radar,190,114,27,4,335,0,4,10,3,17,190,118,37,7,352,0,0,0,352
12/20/2018,MKE,WI,AGL,CE,Combined TRACON& Tower with Radar,185,107,14,6,312,0,0,0,0,0,185,107,14,6,312,0,0,0,312
12/21/2018,MKE,WI,AGL,CE,Combined TRACON& Tower with Radar,189,102,17,2,310,0,3,2,0,5,189,105,19,2,315,4,0,4,319
12/22/2018,MKE,WI,AGL,CE,Combined TRACON& Tower with Radar,162,72,23,0,257,0,0,0,0,0,162,72,23,0,257,0,0,0,257
12/23/2018,MKE,WI,AGL,CE,Combined TRACON& Tower with Radar,173,43,5,0,221,0,3,2,0,5,173,46,7,0,226,0,0,0,226
12/24/2018,MKE,WI,AGL,CE,Combined TRACON& Tower with Radar,136,57,11,0,204,0,3,6,0,9,136,60,17,0,213,0,0,0,213
12/25/2018,MKE,WI,AGL,CE,Combined TRACON& Tower with Radar,132,34,3,0,169,0,0,0,0,0,132,34,3,0,169,0,0,0,169
12/26/2018,MKE,WI,AGL,CE,Combined TRACON& Tower with Radar,176,113,22,2,313,0,2,5,0,7,176,115,27,2,320,0,0,0,320
12/27/2018,MKE,WI,AGL,CE,Combined TRACON& Tower with Radar,173,90,18,0,281,0,0,0,0,0,173,90,18,0,281,0,0,0,281
12/28/2018,MKE,WI,AGL,CE,Combined TRACON& Tower with Radar,188,90,10,9,297,0,0,0,0,0,188,90,10,9,297,0,0,0,297
12/29/2018,MKE,WI,AGL,CE,Combined TRACON& Tower with Radar,169,62,15,0,246,0,0,2,0,2,169,62,17,0,248,8,0,8,256
12/30/2018,MKE,WI,AGL,CE,Combined TRACON& Tower with Radar,166,44,4,2,216,0,4,14,0,18,166,48,18,2,234,0,0,0,234
12/31/2018,MKE,WI,AGL,CE,Combined TRACON& Tower with Radar,143,55,7,0,205,0,0,0,0,0,143,55,7,0,205,0,0,0,205
01/01/2019,MKE,WI,AGL,CE,Combined TRACON& Tower with Radar,142,59,10,0,211,0,0,0,0,0,142,59,10,0,211,0,0,0,211
01/02/2019,MKE,WI,AGL,CE,Combined TRACON& Tower with Radar,174,87,10,0,271,0,0,0,0,0,174,87,10,0,271,0,0,0,271
01/03/2019,MKE,WI,AGL,CE,Combined TRACON& Tower with Radar,173,103,16,6,298,0,5,9,1,15,173,108,25,7,313,0,0,0,313
01/04/2019,MKE,WI,AGL,CE,Combined TRACON& Tower with Radar,171,97,19,4,291,0,4,8,1,13,171,101,27,5,304,0,0,0,304
01/05/2019,MKE,WI,AGL,CE,Combined TRACON& Tower with Radar,134,66,18,12,230,0,0,13,3,16,134,66,31,15,246,6,0,6,252
01/06/2019,MKE,WI,AGL,CE,Combined TRACON& Tower with Radar,152,58,23,0,233,0,1,6,0,7,152,59,29,0,240,0,0,0,240
01/07/2019,MKE,WI,AGL,CE,Combined TRACON& Tower with Radar,180,77,24,0,281,0,0,0,0,0,180,77,24,0,281,0,0,0,281
01/08/2019,MKE,WI,AGL,CE,Combined TRACON& Tower with Radar,171,113,20,6,310,0,0,0,0,0,171,113,20,6,310,0,0,0,310
01/09/2019,MKE,WI,AGL,CE,Combined TRACON& Tower with Radar,179,96,42,4,321,0,4,3,0,7,179,100,45,4,328,0,0,0,328
01/10/2019,MKE,WI,AGL,CE,Combined TRACON& Tower with Radar,179,112,21,5,317,0,3,3,0,6,179,115,24,5,323,0,0,0,323
01/11/2019,MKE,WI,AGL,CE,Combined TRACON& Tower with Radar,186,108,15,4,313,0,2,2,0,4,186,110,17,4,317,0,0,0,317
01/12/2019,MKE,WI,AGL,CE,Combined TRACON& Tower with Radar,145,74,10,0,229,0,0,0,0,0,145,74,10,0,229,0,0,0,229
01/13/2019,MKE,WI,AGL,CE,Combined TRACON& Tower with Radar,146,52,10,1,209,0,2,7,0,9,146,54,17,1,218,0,0,0,218
01/14/2019,MKE,WI,AGL,CE,Combined TRACON& Tower with Radar,180,85,21,0,286,0,0,1,0,1,180,85,22,0,287,0,0,0,287
01/15/2019,MKE,WI,AGL,CE,Combined TRACON& Tower with Radar,173,87,18,0,278,0,0,0,0,0,173,87,18,0,278,0,0,0,278
01/16/2019,MKE,WI,AGL,CE,Combined TRACON& Tower with Radar,180,106,15,8,309,0,0,4,0,4,180,106,19,8,313,0,0,0,313
01/17/2019,MKE,WI,AGL,CE,Combined TRACON& Tower with Radar,176,118,28,6,328,0,0,3,0,3,176,118,31,6,331,0,0,0,331
01/18/2019,MKE,WI,AGL,CE,Combined TRACON& Tower with Radar,181,105,18,1,305,0,3,0,0,3,181,108,18,1,308,12,0,12,320
01/19/2019,MKE,WI,AGL,CE,Combined TRACON& Tower with Radar,132,44,7,0,183,0,0,0,0,0,132,44,7,0,183,0,0,0,183
01/20/2019,MKE,WI,AGL,CE,Combined TRACON& Tower with Radar,126,51,25,3,205,0,0,0,0,0,126,51,25,3,205,0,0,0,205
01/21/2019,MKE,WI,AGL,CE,Combined TRACON& Tower with Radar,167,73,26,1,267,0,0,0,0,0,167,73,26,1,267,0,0,0,267
01/22/2019,MKE,WI,AGL,CE,Combined TRACON& Tower with Radar,167,93,20,1,281,0,3,3,0,6,167,96,23,1,287,0,0,0,287
01/23/2019,MKE,WI,AGL,CE,Combined TRACON& Tower with Radar,174,96,22,1,293,0,0,0,0,0,174,96,22,1,293,0,0,0,293
01/24/2019,MKE,WI,AGL,CE,Combined TRACON& Tower with Radar,184,93,16,0,293,0,0,5,0,5,184,93,21,0,298,0,0,0,298
01/25/2019,MKE,WI,AGL,CE,Combined TRACON& Tower with Radar,183,94,19,0,296,0,2,3,0,5,183,96,22,0,301,0,0,0,301
01/26/2019,MKE,WI,AGL,CE,Combined TRACON& Tower with Radar,143,67,11,1,222,0,3,3,0,6,143,70,14,1,228,0,0,0,228
01/27/2019,MKE,WI,AGL,CE,Combined TRACON& Tower with Radar,143,48,17,0,208,0,0,5,0,5,143,48,22,0,213,0,0,0,213
01/28/2019,MKE,WI,AGL,CE,Combined TRACON& Tower with Radar,123,59,10,0,192,0,0,0,0,0,123,59,10,0,192,0,0,0,192
01/29/2019,MKE,WI,AGL,CE,Combined TRACON& Tower with Radar,122,97,16,1,236,0,0,0,0,0,122,97,16,1,236,0,0,0,236
01/30/2019,MKE,WI,AGL,CE,Combined TRACON& Tower with Radar,134,95,9,0,238,0,0,3,0,3,134,95,12,0,241,0,0,0,241
01/31/2019,MKE,WI,AGL,CE,Combined TRACON& Tower with Radar,149,77,32,0,258,0,0,1,0,1,149,77,33,0,259,0,0,0,259
02/01/2019,MKE,WI,AGL,CE,Combined TRACON& Tower with Radar,174,105,32,4,315,0,7,3,0,10,174,112,35,4,325,0,0,0,325
02/02/2019,MKE,WI,AGL,CE,Combined TRACON& Tower with Radar,141,68,7,0,216,0,0,0,0,0,141,68,7,0,216,0,0,0,216
02/03/2019,MKE,WI,AGL,CE,Combined TRACON& Tower with Radar,119,59,11,1,190,0,0,0,0,0,119,59,11,1,190,0,0,0,190
02/04/2019,MKE,WI,AGL,CE,Combined TRACON& Tower with Radar,181,79,32,0,292,0,0,0,0,0,181,79,32,0,292,0,0,0,292
02/05/2019,MKE,WI,AGL,CE,Combined TRACON& Tower with Radar,152,87,18,0,257,0,0,2,0,2,152,87,20,0,259,0,0,0,259
02/06/2019,MKE,WI,AGL,CE,Combined TRACON& Tower with Radar,166,86,34,0,286,0,0,0,0,0,166,86,34,0,286,0,0,0,286
02/07/2019,MKE,WI,AGL,CE,Combined TRACON& Tower with Radar,175,88,23,4,290,0,0,0,0,0,175,88,23,4,290,0,0,0,290
02/08/2019,MKE,WI,AGL,CE,Combined TRACON& Tower with Radar,189,101,34,5,329,0,3,2,0,5,189,104,36,5,334,0,0,0,334
02/09/2019,MKE,WI,AGL,CE,Combined TRACON& Tower with Radar,136,60,13,4,213,0,0,6,0,6,136,60,19,4,219,0,0,0,219
02/10/2019,MKE,WI,AGL,CE,Combined TRACON& Tower with Radar,149,50,11,0,210,0,0,0,0,0,149,50,11,0,210,0,0,0,210
02/11/2019,MKE,WI,AGL,CE,Combined TRACON& Tower with Radar,172,89,21,0,282,0,0,0,0,0,172,89,21,0,282,0,0,0,282
02/12/2019,MKE,WI,AGL,CE,Combined TRACON& Tower with Radar,142,74,8,0,224,0,0,0,0,0,142,74,8,0,224,0,0,0,224
02/13/2019,MKE,WI,AGL,CE,Combined TRACON& Tower with Radar,179,105,46,0,330,0,3,3,0,6,179,108,49,0,336,0,0,0,336
02/14/2019,MKE,WI,AGL,CE,Combined TRACON& Tower with Radar,185,104,19,6,314,0,2,5,0,7,185,106,24,6,321,0,0,0,321
02/15/2019,MKE,WI,AGL,CE,Combined TRACON& Tower with Radar,188,99,14,1,302,0,1,12,0,13,188,100,26,1,315,0,0,0,315
02/16/2019,MKE,WI,AGL,CE,Combined TRACON& Tower with Radar,129,58,11,0,198,0,3,2,0,5,129,61,13,0,203,0,0,0,203
02/17/2019,MKE,WI,AGL,CE,Combined TRACON& Tower with Radar,129,45,5,1,180,0,0,0,0,0,129,45,5,1,180,0,0,0,180
02/18/2019,MKE,WI,AGL,CE,Combined TRACON& Tower with Radar,181,90,17,0,288,0,2,7,0,9,181,92,24,0,297,0,0,0,297
02/19/2019,MKE,WI,AGL,CE,Combined TRACON& Tower with Radar,182,100,14,4,300,0,1,6,0,7,182,101,20,4,307,0,0,0,307
02/20/2019,MKE,WI,AGL,CE,Combined TRACON& Tower with Radar,183,98,19,0,300,0,0,0,0,0,183,98,19,0,300,0,0,0,300
02/21/2019,MKE,WI,AGL,CE,Combined TRACON& Tower with Radar,187,119,26,6,338,0,2,8,0,10,187,121,34,6,348,0,0,0,348
02/22/2019,MKE,WI,AGL,CE,Combined TRACON& Tower with Radar,189,94,25,4,312,0,0,8,0,8,189,94,33,4,320,0,0,0,320
02/23/2019,MKE,WI,AGL,CE,Combined TRACON& Tower with Radar,136,56,11,0,203,0,0,0,0,0,136,56,11,0,203,0,0,0,203
02/24/2019,MKE,WI,AGL,CE,Combined TRACON& Tower with Radar,142,58,11,0,211,0,0,0,0,0,142,58,11,0,211,0,0,0,211
02/25/2019,MKE,WI,AGL,CE,Combined TRACON& Tower with Radar,173,81,16,2,272,0,1,5,0,6,173,82,21,2,278,0,0,0,278
02/26/2019,MKE,WI,AGL,CE,Combined TRACON& Tower with Radar,180,118,20,0,318,0,0,3,0,3,180,118,23,0,321,0,0,0,321
02/27/2019,MKE,WI,AGL,CE,Combined TRACON& Tower with Radar,185,110,18,0,313,0,0,4,0,4,185,110,22,0,317,0,0,0,317
02/28/2019,MKE,WI,AGL,CE,Combined TRACON& Tower with Radar,187,118,33,10,348,0,2,4,0,6,187,120,37,10,354,0,0,0,354
03/01/2019,MKE,WI,AGL,CE,Combined TRACON& Tower with Radar,193,105,12,0,310,0,0,5,0,5,193,105,17,0,315,0,0,0,315
03/02/2019,MKE,WI,AGL,CE,Combined TRACON& Tower with Radar,146,64,11,0,221,0,0,6,0,6,146,64,17,0,227,0,0,0,227
03/03/2019,MKE,WI,AGL,CE,Combined TRACON& Tower with Radar,141,66,23,1,231,0,4,12,0,16,141,70,35,1,247,0,0,0,247
03/04/2019,MKE,WI,AGL,CE,Combined TRACON& Tower with Radar,181,76,18,1,276,0,1,4,0,5,181,77,22,1,281,0,0,0,281
03/05/2019,MKE,WI,AGL,CE,Combined TRACON& Tower with Radar,187,83,30,0,300,0,1,5,2,8,187,84,35,2,308,0,0,0,308
03/06/2019,MKE,WI,AGL,CE,Combined TRACON& Tower with Radar,196,92,24,14,326,0,1,5,0,6,196,93,29,14,332,0,0,0,332
03/07/2019,MKE,WI,AGL,CE,Combined TRACON& Tower with Radar,209,106,35,6,356,0,0,4,0,4,209,106,39,6,360,0,0,0,360
03/08/2019,MKE,WI,AGL,CE,Combined TRACON& Tower with Radar,210,89,17,0,316,0,4,6,0,10,210,93,23,0,326,0,0,0,326
03/09/2019,MKE,WI,AGL,CE,Combined TRACON& Tower with Radar,168,53,5,1,227,0,0,0,0,0,168,53,5,1,227,0,0,0,227
03/10/2019,MKE,WI,AGL,CE,Combined TRACON& Tower with Radar,182,42,16,1,241,0,0,0,0,0,182,42,16,1,241,0,0,0,241
03/11/2019,MKE,WI,AGL,CE,Combined TRACON& Tower with Radar,207,72,23,1,303,0,2,1,0,3,207,74,24,1,306,0,0,0,306
03/12/2019,MKE,WI,AGL,CE,Combined TRACON& Tower with Radar,199,89,33,15,336,0,2,11,0,13,199,91,44,15,349,0,0,0,349
03/13/2019,MKE,WI,AGL,CE,Combined TRACON& Tower with Radar,195,98,26,5,324,0,0,0,0,0,195,98,26,5,324,0,0,0,324
03/14/2019,MKE,WI,AGL,CE,Combined TRACON& Tower with Radar,190,95,27,0,312,0,0,0,0,0,190,95,27,0,312,0,0,0,312
03/15/2019,MKE,WI,AGL,CE,Combined TRACON& Tower with Radar,212,89,25,4,330,0,0,0,0,0,212,89,25,4,330,0,0,0,330
03/16/2019,MKE,WI,AGL,CE,Combined TRACON& Tower with Radar,168,62,9,0,239,0,0,13,0,13,168,62,22,0,252,0,0,0,252
03/17/2019,MKE,WI,AGL,CE,Combined TRACON& Tower with Radar,170,62,15,2,249,0,5,13,0,18,170,67,28,2,267,0,0,0,267
03/18/2019,MKE,WI,AGL,CE,Combined TRACON& Tower with Radar,203,74,20,7,304,0,0,9,0,9,203,74,29,7,313,0,0,0,313
03/19/2019,MKE,WI,AGL,CE,Combined TRACON& Tower with Radar,200,96,35,17,348,0,0,18,10,28,200,96,53,27,376,0,0,0,376
03/20/2019,MKE,WI,AGL,CE,Combined TRACON& Tower with Radar,210,97,33,6,346,0,0,0,0,0,210,97,33,6,346,0,0,0,346
03/21/2019,MKE,WI,AGL,CE,Combined TRACON& Tower with Radar,205,97,30,15,347,0,2,2,0,4,205,99,32,15,351,0,0,0,351
03/22/2019,MKE,WI,AGL,CE,Combined TRACON& Tower with Radar,207,85,32,9,333,0,0,13,1,14,207,85,45,10,347,0,0,0,347
03/23/2019,MKE,WI,AGL,CE,Combined TRACON& Tower with Radar,181,55,13,2,251,0,2,13,0,15,181,57,26,2,266,0,0,0,266
03/24/2019,MKE,WI,AGL,CE,Combined TRACON& Tower with Radar,182,58,17,1,258,0,2,0,0,2,182,60,17,1,260,0,0,0,260
03/25/2019,MKE,WI,AGL,CE,Combined TRACON& Tower with Radar,200,74,12,6,292,0,3,19,0,22,200,77,31,6,314,0,0,0,314
03/26/2019,MKE,WI,AGL,CE,Combined TRACON& Tower with Radar,196,89,17,2,304,0,0,10,0,10,196,89,27,2,314,0,0,0,314
03/27/2019,MKE,WI,AGL,CE,Combined TRACON& Tower with Radar,210,87,15,11,323,0,0,7,0,7,210,87,22,11,330,0,0,0,330
03/28/2019,MKE,WI,AGL,CE,Combined TRACON& Tower with Radar,203,90,31,3,327,0,2,5,0,7,203,92,36,3,334,0,0,0,334
03/29/2019,MKE,WI,AGL,CE,Combined TRACON& Tower with Radar,206,90,19,9,324,0,3,7,0,10,206,93,26,9,334,0,0,0,334
03/30/2019,MKE,WI,AGL,CE,Combined TRACON& Tower with Radar,172,58,19,0,249,0,0,0,0,0,172,58,19,0,249,0,0,0,249
03/31/2019,MKE,WI,AGL,CE,Combined TRACON& Tower with Radar,174,63,17,0,254,0,2,15,0,17,174,65,32,0,271,0,0,0,271
04/01/2019,MKE,WI,AGL,CE,Combined TRACON& Tower with Radar,206,79,18,0,303,0,2,4,0,6,206,81,22,0,309,0,0,0,309
04/02/2019,MKE,WI,AGL,CE,Combined TRACON& Tower with Radar,199,97,20,12,328,0,0,5,0,5,199,97,25,12,333,0,0,0,333
04/03/2019,MKE,WI,AGL,CE,Combined TRACON& Tower with Radar,208,98,20,9,335,0,2,11,0,13,208,100,31,9,348,0,0,0,348
04/04/2019,MKE,WI,AGL,CE,Combined TRACON& Tower with Radar,199,105,20,4,328,0,0,0,0,0,199,105,20,4,328,0,0,0,328
04/05/2019,MKE,WI,AGL,CE,Combined TRACON& Tower with Radar,215,90,18,2,325,0,2,1,0,3,215,92,19,2,328,0,0,0,328
04/06/2019,MKE,WI,AGL,CE,Combined TRACON& Tower with Radar,188,59,14,4,265,0,0,3,0,3,188,59,17,4,268,0,0,0,268
04/07/2019,MKE,WI,AGL,CE,Combined TRACON& Tower with Radar,179,64,21,0,264,0,0,1,0,1,179,64,22,0,265,0,0,0,265
04/08/2019,MKE,WI,AGL,CE,Combined TRACON& Tower with Radar,201,73,25,0,299,0,0,12,0,12,201,73,37,0,311,0,0,0,311
04/09/2019,MKE,WI,AGL,CE,Combined TRACON& Tower with Radar,182,100,26,2,310,0,7,7,0,14,182,107,33,2,324,0,0,0,324
04/10/2019,MKE,WI,AGL,CE,Combined TRACON& Tower with Radar,193,107,34,2,336,0,0,0,0,0,193,107,34,2,336,0,0,0,336
04/11/2019,MKE,WI,AGL,CE,Combined TRACON& Tower with Radar,186,88,32,2,308,0,0,0,0,0,186,88,32,2,308,0,0,0,308
04/12/2019,MKE,WI,AGL,CE,Combined TRACON& Tower with Radar,184,90,27,4,305,0,2,3,0,5,184,92,30,4,310,0,0,0,310
04/13/2019,MKE,WI,AGL,CE,Combined TRACON& Tower with Radar,135,58,7,0,200,0,0,5,0,5,135,58,12,0,205,0,0,0,205
04/14/2019,MKE,WI,AGL,CE,Combined TRACON& Tower with Radar,149,46,14,0,209,0,0,0,0,0,149,46,14,0,209,0,0,0,209
04/15/2019,MKE,WI,AGL,CE,Combined TRACON& Tower with Radar,190,81,20,2,293,0,0,19,0,19,190,81,39,2,312,0,0,0,312
04/16/2019,MKE,WI,AGL,CE,Combined TRACON& Tower with Radar,185,109,28,3,325,0,2,1,0,3,185,111,29,3,328,0,0,0,328
04/17/2019,MKE,WI,AGL,CE,Combined TRACON& Tower with Radar,194,104,33,2,333,0,0,0,0,0,194,104,33,2,333,0,0,0,333
04/18/2019,MKE,WI,AGL,CE,Combined TRACON& Tower with Radar,182,101,26,4,313,0,0,2,0,2,182,101,28,4,315,0,0,0,315
04/19/2019,MKE,WI,AGL,CE,Combined TRACON& Tower with Radar,184,88,15,0,287,0,0,6,0,6,184,88,21,0,293,0,0,0,293
04/20/2019,MKE,WI,AGL,CE,Combined TRACON& Tower with Radar,140,56,8,3,207,0,2,11,0,13,140,58,19,3,220,0,0,0,220
04/21/2019,MKE,WI,AGL,CE,Combined TRACON& Tower with Radar,148,45,6,1,200,0,0,9,2,11,148,45,15,3,211,0,0,0,211
04/22/2019,MKE,WI,AGL,CE,Combined TRACON& Tower with Radar,185,76,21,0,282,0,0,0,0,0,185,76,21,0,282,0,0,0,282
04/23/2019,MKE,WI,AGL,CE,Combined TRACON& Tower with Radar,193,91,33,7,324,0,0,15,0,15,193,91,48,7,339,0,0,0,339
04/24/2019,MKE,WI,AGL,CE,Combined TRACON& Tower with Radar,189,94,36,5,324,0,0,12,0,12,189,94,48,5,336,0,0,0,336
04/25/2019,MKE,WI,AGL,CE,Combined TRACON& Tower with Radar,188,102,21,19,330,0,2,6,3,11,188,104,27,22,341,0,0,0,341
04/26/2019,MKE,WI,AGL,CE,Combined TRACON& Tower with Radar,192,84,37,7,320,0,0,16,0,16,192,84,53,7,336,0,0,0,336
04/27/2019,MKE,WI,AGL,CE,Combined TRACON& Tower with Radar,144,58,12,0,214,0,0,3,0,3,144,58,15,0,217,0,0,0,217
04/28/2019,MKE,WI,AGL,CE,Combined TRACON& Tower with Radar,157,60,22,0,239,0,0,9,0,9,157,60,31,0,248,0,0,0,248
04/29/2019,MKE,WI,AGL,CE,Combined TRACON& Tower with Radar,194,84,29,0,307,0,0,0,0,0,194,84,29,0,307,0,0,0,307
04/30/2019,MKE,WI,AGL,CE,Combined TRACON& Tower with Radar,193,89,43,4,329,0,0,0,0,0,193,89,43,4,329,0,0,0,329
05/01/2019,MKE,WI,AGL,CE,Combined TRACON& Tower with Radar,188,107,42,6,343,0,0,0,0,0,188,107,42,6,343,0,0,0,343
05/02/2019,MKE,WI,AGL,CE,Combined TRACON& Tower with Radar,194,98,28,3,323,0,0,0,0,0,194,98,28,3,323,0,0,0,323
05/03/2019,MKE,WI,AGL,CE,Combined TRACON& Tower with Radar,182,86,29,7,304,0,0,6,0,6,182,86,35,7,310,0,0,0,310
05/04/2019,MKE,WI,AGL,CE,Combined TRACON& Tower with Radar,130,55,16,1,202,0,2,31,0,33,130,57,47,1,235,0,0,0,235
05/05/2019,MKE,WI,AGL,CE,Combined TRACON& Tower with Radar,157,45,22,0,224,0,0,11,0,11,157,45,33,0,235,12,0,12,247
05/06/2019,MKE,WI,AGL,CE,Combined TRACON& Tower with Radar,188,72,25,12,297,0,0,3,0,3,188,72,28,12,300,0,0,0,300
05/07/2019,MKE,WI,AGL,CE,Combined TRACON& Tower with Radar,180,92,37,11,320,0,2,7,0,9,180,94,44,11,329,0,0,0,329
05/08/2019,MKE,WI,AGL,CE,Combined TRACON& Tower with Radar,189,111,34,3,337,0,0,2,0,2,189,111,36,3,339,0,0,0,339
05/09/2019,MKE,WI,AGL,CE,Combined TRACON& Tower with Radar,191,111,35,3,340,0,0,2,0,2,191,111,37,3,342,0,0,0,342
05/10/2019,MKE,WI,AGL,CE,Combined TRACON& Tower with Radar,188,108,26,4,326,0,0,7,0,7,188,108,33,4,333,0,0,0,333
05/11/2019,MKE,WI,AGL,CE,Combined TRACON& Tower with Radar,127,62,11,1,201,0,0,12,0,12,127,62,23,1,213,0,0,0,213
05/12/2019,MKE,WI,AGL,CE,Combined TRACON& Tower with Radar,153,42,15,0,210,0,3,9,0,12,153,45,24,0,222,0,0,0,222
05/13/2019,MKE,WI,AGL,CE,Combined TRACON& Tower with Radar,181,69,27,4,281,0,3,4,0,7,181,72,31,4,288,0,0,0,288
05/14/2019,MKE,WI,AGL,CE,Combined TRACON& Tower with Radar,192,93,36,4,325,0,5,6,0,11,192,98,42,4,336,0,0,0,336
05/15/2019,MKE,WI,AGL,CE,Combined TRACON& Tower with Radar,191,115,29,5,340,0,3,22,0,25,191,118,51,5,365,0,0,0,365
05/16/2019,MKE,WI,AGL,CE,Combined TRACON& Tower with Radar,195,103,20,2,320,0,2,0,0,2,195,105,20,2,322,0,0,0,322
05/17/2019,MKE,WI,AGL,CE,Combined TRACON& Tower with Radar,191,121,36,9,357,0,0,5,0,5,191,121,41,9,362,0,0,0,362
05/18/2019,MKE,WI,AGL,CE,Combined TRACON& Tower with Radar,133,61,9,0,203,0,0,0,0,0,133,61,9,0,203,0,0,0,203
05/19/2019,MKE,WI,AGL,CE,Combined TRACON& Tower with Radar,162,48,11,0,221,1,0,0,0,1,163,48,11,0,222,0,0,0,222
05/20/2019,MKE,WI,AGL,CE,Combined TRACON& Tower with Radar,182,83,15,6,286,0,0,11,0,11,182,83,26,6,297,0,0,0,297
05/21/2019,MKE,WI,AGL,CE,Combined TRACON& Tower with Radar,182,116,41,2,341,0,0,0,0,0,182,116,41,2,341,0,0,0,341
05/22/2019,MKE,WI,AGL,CE,Combined TRACON& Tower with Radar,195,111,45,0,351,0,0,6,0,6,195,111,51,0,357,0,0,0,357
05/23/2019,MKE,WI,AGL,CE,Combined TRACON& Tower with Radar,197,130,72,0,399,0,6,13,1,20,197,136,85,1,419,18,0,18,437
05/24/2019,MKE,WI,AGL,CE,Combined TRACON& Tower with Radar,193,79,17,1,290,0,0,0,0,0,193,79,17,1,290,0,0,0,290
05/25/2019,MKE,WI,AGL,CE,Combined TRACON& Tower with Radar,116,60,5,1,182,0,1,7,1,9,116,61,12,2,191,0,0,0,191
05/26/2019,MKE,WI,AGL,CE,Combined TRACON& Tower with Radar,126,31,15,1,173,0,1,8,1,10,126,32,23,2,183,0,0,0,183
05/27/2019,MKE,WI,AGL,CE,Combined TRACON& Tower with Radar,179,50,10,0,239,0,0,3,0,3,179,50,13,0,242,0,0,0,242
05/28/2019,MKE,WI,AGL,CE,Combined TRACON& Tower with Radar,193,93,18,5,309,0,0,0,0,0,193,93,18,5,309,0,0,0,309
05/29/2019,MKE,WI,AGL,CE,Combined TRACON& Tower with Radar,177,98,33,12,320,0,0,5,0,5,177,98,38,12,325,0,0,0,325
05/30/2019,MKE,WI,AGL,CE,Combined TRACON& Tower with Radar,192,98,29,6,325,0,2,4,0,6,192,100,33,6,331,0,0,0,331
05/31/2019,MKE,WI,AGL,CE,Combined TRACON& Tower with Radar,189,93,16,2,300,0,0,15,0,15,189,93,31,2,315,0,0,0,315
06/01/2019,MKE,WI,AGL,CE,Combined TRACON& Tower with Radar,138,62,6,0,206,0,0,11,0,11,138,62,17,0,217,26,0,26,243
06/02/2019,MKE,WI,AGL,CE,Combined TRACON& Tower with Radar,157,45,9,0,211,0,0,12,0,12,157,45,21,0,223,0,0,0,223
06/03/2019,MKE,WI,AGL,CE,Combined TRACON& Tower with Radar,178,84,21,1,284,0,0,5,0,5,178,84,26,1,289,0,0,0,289
06/04/2019,MKE,WI,AGL,CE,Combined TRACON& Tower with Radar,198,97,22,6,323,0,4,1,1,6,198,101,23,7,329,0,0,0,329
06/05/2019,MKE,WI,AGL,CE,Combined TRACON& Tower with Radar,189,106,39,8,342,0,0,3,0,3,189,106,42,8,345,0,0,0,345
06/06/2019,MKE,WI,AGL,CE,Combined TRACON& Tower with Radar,204,98,31,2,335,0,2,2,1,5,204,100,33,3,340,8,0,8,348
06/07/2019,MKE,WI,AGL,CE,Combined TRACON& Tower with Radar,187,100,25,5,317,0,0,15,4,19,187,100,40,9,336,0,0,0,336
06/08/2019,MKE,WI,AGL,CE,Combined TRACON& Tower with Radar,124,62,19,0,205,0,4,21,0,25,124,66,40,0,230,0,0,0,230
06/09/2019,MKE,WI,AGL,CE,Combined TRACON& Tower with Radar,160,39,17,3,219,0,2,5,0,7,160,41,22,3,226,0,0,0,226
06/10/2019,MKE,WI,AGL,CE,Combined TRACON& Tower with Radar,188,82,28,1,299,0,1,0,2,3,188,83,28,3,302,0,0,0,302
06/11/2019,MKE,WI,AGL,CE,Combined TRACON& Tower with Radar,187,94,20,2,303,0,0,9,2,11,187,94,29,4,314,0,0,0,314
06/12/2019,MKE,WI,AGL,CE,Combined TRACON& Tower with Radar,194,96,28,4,322,0,2,2,0,4,194,98,30,4,326,0,0,0,326
06/13/2019,MKE,WI,AGL,CE,Combined TRACON& Tower with Radar,198,104,42,4,348,0,0,10,0,10,198,104,52,4,358,0,0,0,358
06/14/2019,MKE,WI,AGL,CE,Combined TRACON& Tower with Radar,185,100,29,2,316,0,1,3,0,4,185,101,32,2,320,0,0,0,320
06/15/2019,MKE,WI,AGL,CE,Combined TRACON& Tower with Radar,147,52,13,2,214,0,1,1,0,2,147,53,14,2,216,0,0,0,216
06/16/2019,MKE,WI,AGL,CE,Combined TRACON& Tower with Radar,169,44,15,1,229,0,0,0,0,0,169,44,15,1,229,0,0,0,229
06/17/2019,MKE,WI,AGL,CE,Combined TRACON& Tower with Radar,182,71,27,5,285,0,0,11,1,12,182,71,38,6,297,0,0,0,297
06/18/2019,MKE,WI,AGL,CE,Combined TRACON& Tower with Radar,186,89,19,4,298,0,0,16,7,23,186,89,35,11,321,0,0,0,321
06/19/2019,MKE,WI,AGL,CE,Combined TRACON& Tower with Radar,187,98,25,7,317,0,0,0,0,0,187,98,25,7,317,0,0,0,317
06/20/2019,MKE,WI,AGL,CE,Combined TRACON& Tower with Radar,192,108,37,4,341,0,0,13,0,13,192,108,50,4,354,0,0,0,354
06/21/2019,MKE,WI,AGL,CE,Combined TRACON& Tower with Radar,182,95,31,2,310,0,3,20,0,23,182,98,51,2,333,0,0,0,333
06/22/2019,MKE,WI,AGL,CE,Combined TRACON& Tower with Radar,142,59,15,4,220,0,2,18,1,21,142,61,33,5,241,0,0,0,241
06/23/2019,MKE,WI,AGL,CE,Combined TRACON& Tower with Radar,175,40,13,1,229,0,2,6,0,8,175,42,19,1,237,0,0,0,237
06/24/2019,MKE,WI,AGL,CE,Combined TRACON& Tower with Radar,182,75,25,1,283,0,0,0,0,0,182,75,25,1,283,0,0,0,283
06/25/2019,MKE,WI,AGL,CE,Combined TRACON& Tower with Radar,185,93,26,5,309,0,4,13,1,18,185,97,39,6,327,0,0,0,327
06/26/2019,MKE,WI,AGL,CE,Combined TRACON& Tower with Radar,217,106,38,7,368,0,3,16,0,19,217,109,54,7,387,0,0,0,387
06/27/2019,MKE,WI,AGL,CE,Combined TRACON& Tower with Radar,201,98,27,7,333,0,0,21,0,21,201,98,48,7,354,8,4,12,366
06/28/2019,MKE,WI,AGL,CE,Combined TRACON& Tower with Radar,206,103,26,8,343,0,6,11,4,21,206,109,37,12,364,0,0,0,364
06/29/2019,MKE,WI,AGL,CE,Combined TRACON& Tower with Radar,136,54,17,2,209,0,0,13,4,17,136,54,30,6,226,0,0,0,226
06/30/2019,MKE,WI,AGL,CE,Combined TRACON& Tower with Radar,166,44,12,2,224,0,0,2,0,2,166,44,14,2,226,0,0,0,226
07/01/2019,MKE,WI,AGL,CE,Combined TRACON& Tower with Radar,159,74,18,4,255,0,5,12,0,17,159,79,30,4,272,0,0,0,272
07/02/2019,MKE,WI,AGL,CE,Combined TRACON& Tower with Radar,183,95,26,13,317,0,0,1,1,2,183,95,27,14,319,0,0,0,319
07/03/2019,MKE,WI,AGL,CE,Combined TRACON& Tower with Radar,173,88,22,5,288,0,0,6,0,6,173,88,28,5,294,0,0,0,294
07/04/2019,MKE,WI,AGL,CE,Combined TRACON& Tower with Radar,130,32,6,3,171,0,0,7,0,7,130,32,13,3,178,0,0,0,178
07/05/2019,MKE,WI,AGL,CE,Combined TRACON& Tower with Radar,155,81,17,0,253,0,2,7,0,9,155,83,24,0,262,0,0,0,262
07/06/2019,MKE,WI,AGL,CE,Combined TRACON& Tower with Radar,142,55,10,3,210,0,0,7,6,13,142,55,17,9,223,0,0,0,223
07/07/2019,MKE,WI,AGL,CE,Combined TRACON& Tower with Radar,175,58,23,1,257,0,1,17,0,18,175,59,40,1,275,0,0,0,275
07/08/2019,MKE,WI,AGL,CE,Combined TRACON& Tower with Radar,179,71,27,10,287,0,9,19,1,29,179,80,46,11,316,0,0,0,316
07/09/2019,MKE,WI,AGL,CE,Combined TRACON& Tower with Radar,199,98,31,9,337,0,2,35,1,38,199,100,66,10,375,0,0,0,375
07/10/2019,MKE,WI,AGL,CE,Combined TRACON& Tower with Radar,185,106,29,6,326,0,1,9,1,11,185,107,38,7,337,0,0,0,337
07/11/2019,MKE,WI,AGL,CE,Combined TRACON& Tower with Radar,184,97,43,7,331,0,4,8,1,13,184,101,51,8,344,0,0,0,344
07/12/2019,MKE,WI,AGL,CE,Combined TRACON& Tower with Radar,188,78,26,4,296,0,2,20,7,29,188,80,46,11,325,0,0,0,325
07/13/2019,MKE,WI,AGL,CE,Combined TRACON& Tower with Radar,134,58,11,2,205,0,3,9,2,14,134,61,20,4,219,0,0,0,219
07/14/2019,MKE,WI,AGL,CE,Combined TRACON& Tower with Radar,199,47,36,0,282,0,3,7,0,10,199,50,43,0,292,0,0,0,292
07/15/2019,MKE,WI,AGL,CE,Combined TRACON& Tower with Radar,182,73,27,2,284,0,2,34,0,36,182,75,61,2,320,0,0,0,320
07/16/2019,MKE,WI,AGL,CE,Combined TRACON& Tower with Radar,194,92,46,5,337,0,2,13,0,15,194,94,59,5,352,0,0,0,352
07/17/2019,MKE,WI,AGL,CE,Combined TRACON& Tower with Radar,188,106,41,8,343,0,2,8,0,10,188,108,49,8,353,0,0,0,353
07/18/2019,MKE,WI,AGL,CE,Combined TRACON& Tower with Radar,191,96,29,3,319,0,2,10,0,12,191,98,39,3,331,0,0,0,331
07/19/2019,MKE,WI,AGL,CE,Combined TRACON& Tower with Radar,194,90,25,3,312,0,5,15,0,20,194,95,40,3,332,0,0,0,332
07/20/2019,MKE,WI,AGL,CE,Combined TRACON& Tower with Radar,143,54,21,0,218,0,0,9,0,9,143,54,30,0,227,0,0,0,227
07/21/2019,MKE,WI,AGL,CE,Combined TRACON& Tower with Radar,177,41,32,2,252,0,1,12,0,13,177,42,44,2,265,0,0,0,265
07/22/2019,MKE,WI,AGL,CE,Combined TRACON& Tower with Radar,174,70,21,9,274,0,0,13,0,13,174,70,34,9,287,0,0,0,287
07/23/2019,MKE,WI,AGL,CE,Combined TRACON& Tower with Radar,191,88,38,4,321,0,0,11,1,12,191,88,49,5,333,0,0,0,333
07/24/2019,MKE,WI,AGL,CE,Combined TRACON& Tower with Radar,194,99,43,17,353,0,3,21,2,26,194,102,64,19,379,0,0,0,379
07/25/2019,MKE,WI,AGL,CE,Combined TRACON& Tower with Radar,200,94,32,8,334,0,0,25,3,28,200,94,57,11,362,0,0,0,362
07/26/2019,MKE,WI,AGL,CE,Combined TRACON& Tower with Radar,189,77,20,10,296,0,0,35,19,54,189,77,55,29,350,0,0,0,350
07/27/2019,MKE,WI,AGL,CE,Combined TRACON& Tower with Radar,132,60,17,3,212,0,1,25,20,46,132,61,42,23,258,0,0,0,258
07/28/2019,MKE,WI,AGL,CE,Combined TRACON& Tower with Radar,173,41,25,8,247,0,4,42,22,68,173,45,67,30,315,0,0,0,315
07/29/2019,MKE,WI,AGL,CE,Combined TRACON& Tower with Radar,192,65,47,7,311,0,0,20,1,21,192,65,67,8,332,0,0,0,332
07/30/2019,MKE,WI,AGL,CE,Combined TRACON& Tower with Radar,189,88,20,6,303,0,2,10,0,12,189,90,30,6,315,0,0,0,315
07/31/2019,MKE,WI,AGL,CE,Combined TRACON& Tower with Radar,184,99,40,6,329,0,0,16,3,19,184,99,56,9,348,0,0,0,348
08/01/2019,MKE,WI,AGL,CE,Combined TRACON& Tower with Radar,180,103,24,11,318,0,1,16,1,18,180,104,40,12,336,0,0,0,336
08/02/2019,MKE,WI,AGL,CE,Combined TRACON& Tower with Radar,186,85,15,11,297,0,2,25,0,27,186,87,40,11,324,0,0,0,324
08/03/2019,MKE,WI,AGL,CE,Combined TRACON& Tower with Radar,135,65,10,6,216,0,0,10,5,15,135,65,20,11,231,0,0,0,231
08/04/2019,MKE,WI,AGL,CE,Combined TRACON& Tower with Radar,163,40,11,7,221,0,2,5,2,9,163,42,16,9,230,0,0,0,230
08/05/2019,MKE,WI,AGL,CE,Combined TRACON& Tower with Radar,177,77,28,7,289,0,0,10,7,17,177,77,38,14,306,0,0,0,306
08/06/2019,MKE,WI,AGL,CE,Combined TRACON& Tower with Radar,195,99,33,7,334,0,0,10,1,11,195,99,43,8,345,0,0,0,345
08/07/2019,MKE,WI,AGL,CE,Combined TRACON& Tower with Radar,169,111,24,2,306,0,2,10,0,12,169,113,34,2,318,0,0,0,318
08/08/2019,MKE,WI,AGL,CE,Combined TRACON& Tower with Radar,188,97,29,14,328,0,3,10,0,13,188,100,39,14,341,0,0,0,341
08/09/2019,MKE,WI,AGL,CE,Combined TRACON& Tower with Radar,187,88,24,5,304,0,1,23,0,24,187,89,47,5,328,14,0,14,342
08/10/2019,MKE,WI,AGL,CE,Combined TRACON& Tower with Radar,125,53,20,0,198,0,2,17,1,20,125,55,37,1,218,12,0,12,230
08/11/2019,MKE,WI,AGL,CE,Combined TRACON& Tower with Radar,171,55,10,0,236,0,0,7,0,7,171,55,17,0,243,0,0,0,243
08/12/2019,MKE,WI,AGL,CE,Combined TRACON& Tower with Radar,178,80,22,2,282,0,0,0,1,1,178,80,22,3,283,14,0,14,297
08/13/2019,MKE,WI,AGL,CE,Combined TRACON& Tower with Radar,189,94,23,0,306,0,2,10,0,12,189,96,33,0,318,0,0,0,318
08/14/2019,MKE,WI,AGL,CE,Combined TRACON& Tower with Radar,189,104,26,0,319,0,0,8,1,9,189,104,34,1,328,0,0,0,328
08/15/2019,MKE,WI,AGL,CE,Combined TRACON& Tower with Radar,186,100,30,0,316,0,4,16,0,20,186,104,46,0,336,0,0,0,336
08/16/2019,MKE,WI,AGL,CE,Combined TRACON& Tower with Radar,184,106,29,1,320,0,0,9,2,11,184,106,38,3,331,0,0,0,331
08/17/2019,MKE,WI,AGL,CE,Combined TRACON& Tower with Radar,126,54,7,0,187,0,0,6,0,6,126,54,13,0,193,2,0,2,195
08/18/2019,MKE,WI,AGL,CE,Combined TRACON& Tower with Radar,176,35,29,1,241,0,0,0,0,0,176,35,29,1,241,0,0,0,241
08/19/2019,MKE,WI,AGL,CE,Combined TRACON& Tower with Radar,169,82,38,0,289,0,0,18,0,18,169,82,56,0,307,0,0,0,307
08/20/2019,MKE,WI,AGL,CE,Combined TRACON& Tower with Radar,197,100,27,4,328,0,0,9,1,10,197,100,36,5,338,0,0,0,338
08/21/2019,MKE,WI,AGL,CE,Combined TRACON& Tower with Radar,189,88,51,8,336,0,0,13,0,13,189,88,64,8,349,4,0,4,353
08/22/2019,MKE,WI,AGL,CE,Combined TRACON& Tower with Radar,186,100,25,1,312,0,5,17,0,22,186,105,42,1,334,13,0,13,347
08/23/2019,MKE,WI,AGL,CE,Combined TRACON& Tower with Radar,182,94,27,9,312,0,0,16,0,16,182,94,43,9,328,9,0,9,337
08/24/2019,MKE,WI,AGL,CE,Combined TRACON& Tower with Radar,128,57,12,6,203,0,4,26,2,32,128,61,38,8,235,0,0,0,235
08/25/2019,MKE,WI,AGL,CE,Combined TRACON& Tower with Radar,171,53,36,6,266,0,4,10,0,14,171,57,46,6,280,0,0,0,280
08/26/2019,MKE,WI,AGL,CE,Combined TRACON& Tower with Radar,180,65,23,1,269,0,0,0,0,0,180,65,23,1,269,0,0,0,269
08/27/2019,MKE,WI,AGL,CE,Combined TRACON& Tower with Radar,193,94,32,22,341,0,0,10,0,10,193,94,42,22,351,0,0,0,351
08/28/2019,MKE,WI,AGL,CE,Combined TRACON& Tower with Radar,190,98,31,7,326,0,2,12,0,14,190,100,43,7,340,0,0,0,340
08/29/2019,MKE,WI,AGL,CE,Combined TRACON& Tower with Radar,189,91,29,6,315,0,0,4,1,5,189,91,33,7,320,0,0,0,320
08/30/2019,MKE,WI,AGL,CE,Combined TRACON& Tower with Radar,178,90,32,0,300,0,2,26,0,28,178,92,58,0,328,12,0,12,340
08/31/2019,MKE,WI,AGL,CE,Combined TRACON& Tower with Radar,106,66,20,0,192,0,2,73,0,75,106,68,93,0,267,30,0,30,297
09/01/2019,MKE,WI,AGL,CE,Combined TRACON& Tower with Radar,119,34,6,0,159,0,2,85,0,87,119,36,91,0,246,0,0,0,246
09/02/2019,MKE,WI,AGL,CE,Combined TRACON& Tower with Radar,151,57,15,0,223,0,2,10,0,12,151,59,25,0,235,0,0,0,235
09/03/2019,MKE,WI,AGL,CE,Combined TRACON& Tower with Radar,167,86,22,0,275,0,0,1,0,1,167,86,23,0,276,0,0,0,276
09/04/2019,MKE,WI,AGL,CE,Combined TRACON& Tower with Radar,175,92,39,8,314,0,2,6,0,8,175,94,45,8,322,0,0,0,322
09/05/2019,MKE,WI,AGL,CE,Combined TRACON& Tower with Radar,185,94,38,11,328,0,0,9,0,9,185,94,47,11,337,0,0,0,337
09/06/2019,MKE,WI,AGL,CE,Combined TRACON& Tower with Radar,176,88,19,11,294,0,0,4,0,4,176,88,23,11,298,0,0,0,298
09/07/2019,MKE,WI,AGL,CE,Combined TRACON& Tower with Radar,126,51,8,0,185,0,2,10,0,12,126,53,18,0,197,0,0,0,197
09/08/2019,MKE,WI,AGL,CE,Combined TRACON& Tower with Radar,179,34,26,0,239,0,4,20,77,101,179,38,46,77,340,0,0,0,340
09/09/2019,MKE,WI,AGL,CE,Combined TRACON& Tower with Radar,186,66,31,1,284,0,0,1,0,1,186,66,32,1,285,0,0,0,285
09/10/2019,MKE,WI,AGL,CE,Combined TRACON& Tower with Radar,198,80,26,16,320,0,3,5,0,8,198,83,31,16,328,0,0,0,328
09/11/2019,MKE,WI,AGL,CE,Combined TRACON& Tower with Radar,195,92,26,5,318,0,6,4,1,11,195,98,30,6,329,0,0,0,329
09/12/2019,MKE,WI,AGL,CE,Combined TRACON& Tower with Radar,197,88,61,1,347,0,0,0,0,0,197,88,61,1,347,0,0,0,347
09/13/2019,MKE,WI,AGL,CE,Combined TRACON& Tower with Radar,194,81,27,6,308,0,4,3,0,7,194,85,30,6,315,0,0,0,315
09/14/2019,MKE,WI,AGL,CE,Combined TRACON& Tower with Radar,128,53,12,0,193,0,4,20,0,24,128,57,32,0,217,0,0,0,217
09/15/2019,MKE,WI,AGL,CE,Combined TRACON& Tower with Radar,189,36,17,5,247,0,2,0,0,2,189,38,17,5,249,0,0,0,249
09/16/2019,MKE,WI,AGL,CE,Combined TRACON& Tower with Radar,186,78,23,6,293,0,0,1,0,1,186,78,24,6,294,0,0,0,294
09/17/2019,MKE,WI,AGL,CE,Combined TRACON& Tower with Radar,205,87,26,14,332,0,0,11,1,12,205,87,37,15,344,17,0,17,361
09/18/2019,MKE,WI,AGL,CE,Combined TRACON& Tower with Radar,189,87,21,11,308,0,5,6,3,14,189,92,27,14,322,0,0,0,322
09/19/2019,MKE,WI,AGL,CE,Combined TRACON& Tower with Radar,199,87,36,0,322,0,0,5,2,7,199,87,41,2,329,0,0,0,329
09/20/2019,MKE,WI,AGL,CE,Combined TRACON& Tower with Radar,200,90,31,2,323,0,0,15,0,15,200,90,46,2,338,0,0,0,338
09/21/2019,MKE,WI,AGL,CE,Combined TRACON& Tower with Radar,123,63,7,0,193,0,0,1,0,1,123,63,8,0,194,0,0,0,194
09/22/2019,MKE,WI,AGL,CE,Combined TRACON& Tower with Radar,179,48,18,0,245,0,0,0,0,0,179,48,18,0,245,0,0,0,245
09/23/2019,MKE,WI,AGL,CE,Combined TRACON& Tower with Radar,184,65,38,5,292,0,3,11,0,14,184,68,49,5,306,0,0,0,306
09/24/2019,MKE,WI,AGL,CE,Combined TRACON& Tower with Radar,204,90,19,14,327,0,2,46,4,52,204,92,65,18,379,0,0,0,379
09/25/2019,MKE,WI,AGL,CE,Combined TRACON& Tower with Radar,193,88,29,18,328,0,2,3,0,5,193,90,32,18,333,0,0,0,333
09/26/2019,MKE,WI,AGL,CE,Combined TRACON& Tower with Radar,195,98,34,10,337,0,4,23,0,27,195,102,57,10,364,0,0,0,364
09/27/2019,MKE,WI,AGL,CE,Combined TRACON& Tower with Radar,196,73,34,3,306,0,0,0,0,0,196,73,34,3,306,0,0,0,306
09/28/2019,MKE,WI,AGL,CE,Combined TRACON& Tower with Radar,137,49,15,6,207,0,0,3,1,4,137,49,18,7,211,0,0,0,211
09/29/2019,MKE,WI,AGL,CE,Combined TRACON& Tower with Radar,175,38,14,1,228,0,0,1,0,1,175,38,15,1,229,0,0,0,229
09/30/2019,MKE,WI,AGL,CE,Combined TRACON& Tower with Radar,181,62,27,1,271,0,0,6,0,6,181,62,33,1,277,0,0,0,277
10/01/2019,MKE,WI,AGL,CE,Combined TRACON& Tower with Radar,187,88,18,1,294,0,2,0,0,2,187,90,18,1,296,0,0,0,296
10/02/2019,MKE,WI,AGL,CE,Combined TRACON& Tower with Radar,198,89,39,9,335,0,0,0,0,0,198,89,39,9,335,0,0,0,335
10/03/2019,MKE,WI,AGL,CE,Combined TRACON& Tower with Radar,189,100,31,4,324,0,2,1,0,3,189,102,32,4,327,0,0,0,327
10/04/2019,MKE,WI,AGL,CE,Combined TRACON& Tower with Radar,194,88,40,20,342,0,2,13,0,15,194,90,53,20,357,0,0,0,357
10/05/2019,MKE,WI,AGL,CE,Combined TRACON& Tower with Radar,128,51,12,7,198,0,1,5,0,6,128,52,17,7,204,0,0,0,204
10/06/2019,MKE,WI,AGL,CE,Combined TRACON& Tower with Radar,173,46,19,2,240,0,0,1,0,1,173,46,20,2,241,0,0,0,241
10/07/2019,MKE,WI,AGL,CE,Combined TRACON& Tower with Radar,182,65,27,0,274,0,7,10,0,17,182,72,37,0,291,0,0,0,291
10/08/2019,MKE,WI,AGL,CE,Combined TRACON& Tower with Radar,200,82,22,3,307,0,0,5,3,8,200,82,27,6,315,0,0,0,315
10/09/2019,MKE,WI,AGL,CE,Combined TRACON& Tower with Radar,191,84,29,6,310,0,4,17,0,21,191,88,46,6,331,0,0,0,331
10/10/2019,MKE,WI,AGL,CE,Combined TRACON& Tower with Radar,193,90,31,21,335,0,2,8,0,10,193,92,39,21,345,0,14,14,359
10/11/2019,MKE,WI,AGL,CE,Combined TRACON& Tower with Radar,195,80,29,1,305,0,0,1,0,1,195,80,30,1,306,0,0,0,306
10/12/2019,MKE,WI,AGL,CE,Combined TRACON& Tower with Radar,130,44,11,1,186,0,0,5,0,5,130,44,16,1,191,0,0,0,191
10/13/2019,MKE,WI,AGL,CE,Combined TRACON& Tower with Radar,173,37,24,1,235,0,1,7,0,8,173,38,31,1,243,0,0,0,243
10/14/2019,MKE,WI,AGL,CE,Combined TRACON& Tower with Radar,186,66,28,0,280,0,7,11,0,18,186,73,39,0,298,18,0,18,316
10/15/2019,MKE,WI,AGL,CE,Combined TRACON& Tower with Radar,198,87,38,7,330,0,1,3,0,4,198,88,41,7,334,30,0,30,364
10/16/2019,MKE,WI,AGL,CE,Combined TRACON& Tower with Radar,192,99,26,0,317,0,0,1,0,1,192,99,27,0,318,0,0,0,318
10/17/2019,MKE,WI,AGL,CE,Combined TRACON& Tower with Radar,203,92,39,10,344,0,5,12,1,18,203,97,51,11,362,0,0,0,362
10/18/2019,MKE,WI,AGL,CE,Combined TRACON& Tower with Radar,194,90,27,12,323,0,6,13,0,19,194,96,40,12,342,4,2,6,348
10/19/2019,MKE,WI,AGL,CE,Combined TRACON& Tower with Radar,142,49,7,0,198,0,3,3,0,6,142,52,10,0,204,0,0,0,204
10/20/2019,MKE,WI,AGL,CE,Combined TRACON& Tower with Radar,181,52,22,0,255,0,0,4,0,4,181,52,26,0,259,0,0,0,259
10/21/2019,MKE,WI,AGL,CE,Combined TRACON& Tower with Radar,185,72,21,1,279,0,0,0,0,0,185,72,21,1,279,0,0,0,279
10/22/2019,MKE,WI,AGL,CE,Combined TRACON& Tower with Radar,199,82,25,0,306,0,0,0,0,0,199,82,25,0,306,0,0,0,306
10/23/2019,MKE,WI,AGL,CE,Combined TRACON& Tower with Radar,199,89,39,8,335,0,10,8,0,18,199,99,47,8,353,0,0,0,353
10/24/2019,MKE,WI,AGL,CE,Combined TRACON& Tower with Radar,190,97,37,1,325,0,1,6,0,7,190,98,43,1,332,0,0,0,332
10/25/2019,MKE,WI,AGL,CE,Combined TRACON& Tower with Radar,196,83,26,4,309,0,0,14,0,14,196,83,40,4,323,0,0,0,323
10/26/2019,MKE,WI,AGL,CE,Combined TRACON& Tower with Radar,124,60,12,0,196,0,0,5,0,5,124,60,17,0,201,0,0,0,201
10/27/2019,MKE,WI,AGL,CE,Combined TRACON& Tower with Radar,163,41,11,0,215,0,1,11,0,12,163,42,22,0,227,0,0,0,227
10/28/2019,MKE,WI,AGL,CE,Combined TRACON& Tower with Radar,175,76,28,0,279,0,1,4,0,5,175,77,32,0,284,0,0,0,284
10/29/2019,MKE,WI,AGL,CE,Combined TRACON& Tower with Radar,180,100,23,8,311,0,2,16,0,18,180,102,39,8,329,2,0,2,331
10/30/2019,MKE,WI,AGL,CE,Combined TRACON& Tower with Radar,178,102,35,8,323,0,0,0,0,0,178,102,35,8,323,0,0,0,323
10/31/2019,MKE,WI,AGL,CE,Combined TRACON& Tower with Radar,154,75,19,0,248,0,0,0,0,0,154,75,19,0,248,0,0,0,248
11/01/2019,MKE,WI,AGL,CE,Combined TRACON& Tower with Radar,170,80,18,14,282,0,5,5,0,10,170,85,23,14,292,3,10,13,305
11/02/2019,MKE,WI,AGL,CE,Combined TRACON& Tower with Radar,120,50,3,0,173,0,6,4,0,10,120,56,7,0,183,0,0,0,183
11/03/2019,MKE,WI,AGL,CE,Combined TRACON& Tower with Radar,166,41,11,2,220,0,0,1,0,1,166,41,12,2,221,0,0,0,221
11/04/2019,MKE,WI,AGL,CE,Combined TRACON& Tower with Radar,184,65,20,2,271,0,2,3,0,5,184,67,23,2,276,0,0,0,276
11/05/2019,MKE,WI,AGL,CE,Combined TRACON& Tower with Radar,191,92,20,8,311,0,1,8,0,9,191,93,28,8,320,0,0,0,320
11/06/2019,MKE,WI,AGL,CE,Combined TRACON& Tower with Radar,179,93,19,0,291,0,0,0,0,0,179,93,19,0,291,0,0,0,291
11/07/2019,MKE,WI,AGL,CE,Combined TRACON& Tower with Radar,197,89,34,3,323,0,0,5,0,5,197,89,39,3,328,0,0,0,328
11/08/2019,MKE,WI,AGL,CE,Combined TRACON& Tower with Radar,184,73,28,0,285,0,2,6,0,8,184,75,34,0,293,0,0,0,293
11/09/2019,MKE,WI,AGL,CE,Combined TRACON& Tower with Radar,141,53,9,2,205,0,0,11,0,11,141,53,20,2,216,0,0,0,216
11/10/2019,MKE,WI,AGL,CE,Combined TRACON& Tower with Radar,168,48,15,0,231,0,2,0,0,2,168,50,15,0,233,0,0,0,233
11/11/2019,MKE,WI,AGL,CE,Combined TRACON& Tower with Radar,170,63,38,0,271,0,0,0,0,0,170,63,38,0,271,0,0,0,271
11/12/2019,MKE,WI,AGL,CE,Combined TRACON& Tower with Radar,196,112,26,5,339,0,0,5,0,5,196,112,31,5,344,0,0,0,344
11/13/2019,MKE,WI,AGL,CE,Combined TRACON& Tower with Radar,188,92,30,24,334,0,0,0,0,0,188,92,30,24,334,0,0,0,334
11/14/2019,MKE,WI,AGL,CE,Combined TRACON& Tower with Radar,189,97,34,8,328,0,2,2,0,4,189,99,36,8,332,0,0,0,332
11/15/2019,MKE,WI,AGL,CE,Combined TRACON& Tower with Radar,195,87,21,2,305,0,0,8,0,8,195,87,29,2,313,0,0,0,313
11/16/2019,MKE,WI,AGL,CE,Combined TRACON& Tower with Radar,134,49,10,0,193,0,0,2,0,2,134,49,12,0,195,0,0,0,195
11/17/2019,MKE,WI,AGL,CE,Combined TRACON& Tower with Radar,162,47,11,0,220,0,4,1,0,5,162,51,12,0,225,0,0,0,225
11/18/2019,MKE,WI,AGL,CE,Combined TRACON& Tower with Radar,192,60,21,1,274,0,0,3,0,3,192,60,24,1,277,0,0,0,277
11/19/2019,MKE,WI,AGL,CE,Combined TRACON& Tower with Radar,192,94,24,2,312,0,2,0,0,2,192,96,24,2,314,0,0,0,314
11/20/2019,MKE,WI,AGL,CE,Combined TRACON& Tower with Radar,198,90,31,19,338,1,2,4,1,8,199,92,35,20,346,0,0,0,346
11/21/2019,MKE,WI,AGL,CE,Combined TRACON& Tower with Radar,188,90,29,7,314,0,0,0,0,0,188,90,29,7,314,0,0,0,314
11/22/2019,MKE,WI,AGL,CE,Combined TRACON& Tower with Radar,191,83,29,15,318,0,2,17,0,19,191,85,46,15,337,0,0,0,337
11/23/2019,MKE,WI,AGL,CE,Combined TRACON& Tower with Radar,159,50,19,2,230,0,4,13,0,17,159,54,32,2,247,0,0,0,247
11/24/2019,MKE,WI,AGL,CE,Combined TRACON& Tower with Radar,160,53,8,1,222,0,0,10,0,10,160,53,18,1,232,10,0,10,242
11/25/2019,MKE,WI,AGL,CE,Combined TRACON& Tower with Radar,174,82,29,2,287,0,2,5,0,7,174,84,34,2,294,0,0,0,294
11/26/2019,MKE,WI,AGL,CE,Combined TRACON& Tower with Radar,182,97,24,10,313,0,4,5,0,9,182,101,29,10,322,0,0,0,322
11/27/2019,MKE,WI,AGL,CE,Combined TRACON& Tower with Radar,208,94,16,0,318,0,0,0,0,0,208,94,16,0,318,0,0,0,318
11/28/2019,MKE,WI,AGL,CE,Combined TRACON& Tower with Radar,97,23,0,0,120,0,0,0,0,0,97,23,0,0,120,0,0,0,120
11/29/2019,MKE,WI,AGL,CE,Combined TRACON& Tower with Radar,147,75,13,1,236,0,0,0,0,0,147,75,13,1,236,0,0,0,236
11/30/2019,MKE,WI,AGL,CE,Combined TRACON& Tower with Radar,170,63,20,0,253,0,0,0,0,0,170,63,20,0,253,0,0,0,253
12/01/2019,MKE,WI,AGL,CE,Combined TRACON& Tower with Radar,168,55,21,0,244,0,0,0,0,0,168,55,21,0,244,0,0,0,244
12/02/2019,MKE,WI,AGL,CE,Combined TRACON& Tower with Radar,190,66,25,2,283,0,0,2,0,2,190,66,27,2,285,0,0,0,285
12/03/2019,MKE,WI,AGL,CE,Combined TRACON& Tower with Radar,198,103,34,6,341,0,3,9,0,12,198,106,43,6,353,0,0,0,353
12/04/2019,MKE,WI,AGL,CE,Combined TRACON& Tower with Radar,199,98,22,11,330,0,6,2,0,8,199,104,24,11,338,0,0,0,338
12/05/2019,MKE,WI,AGL,CE,Combined TRACON& Tower with Radar,191,106,28,10,335,0,2,6,0,8,191,108,34,10,343,0,0,0,343
12/06/2019,MKE,WI,AGL,CE,Combined TRACON& Tower with Radar,193,105,27,7,332,0,6,14,0,20,193,111,41,7,352,0,0,0,352
12/07/2019,MKE,WI,AGL,CE,Combined TRACON& Tower with Radar,131,62,12,2,207,0,0,11,0,11,131,62,23,2,218,0,0,0,218
12/08/2019,MKE,WI,AGL,CE,Combined TRACON& Tower with Radar,156,38,16,0,210,0,0,0,2,2,156,38,16,2,212,0,0,0,212
12/09/2019,MKE,WI,AGL,CE,Combined TRACON& Tower with Radar,186,72,20,1,279,0,0,0,0,0,186,72,20,1,279,0,0,0,279
12/10/2019,MKE,WI,AGL,CE,Combined TRACON& Tower with Radar,189,101,29,14,333,0,2,4,0,6,189,103,33,14,339,0,0,0,339
12/11/2019,MKE,WI,AGL,CE,Combined TRACON& Tower with Radar,186,103,25,15,329,0,1,9,0,10,186,104,34,15,339,0,0,0,339
12/12/2019,MKE,WI,AGL,CE,Combined TRACON& Tower with Radar,199,107,30,8,344,0,0,4,3,7,199,107,34,11,351,0,0,0,351
12/13/2019,MKE,WI,AGL,CE,Combined TRACON& Tower with Radar,194,97,38,13,342,0,0,0,0,0,194,97,38,13,342,0,0,0,342
12/14/2019,MKE,WI,AGL,CE,Combined TRACON& Tower with Radar,127,55,15,1,198,0,0,0,0,0,127,55,15,1,198,0,0,0,198
12/15/2019,MKE,WI,AGL,CE,Combined TRACON& Tower with Radar,155,49,22,0,226,0,1,14,0,15,155,50,36,0,241,0,0,0,241
12/16/2019,MKE,WI,AGL,CE,Combined TRACON& Tower with Radar,177,78,25,12,292,0,0,2,0,2,177,78,27,12,294,0,0,0,294
12/17/2019,MKE,WI,AGL,CE,Combined TRACON& Tower with Radar,190,96,14,5,305,0,2,9,0,11,190,98,23,5,316,0,0,0,316
12/18/2019,MKE,WI,AGL,CE,Combined TRACON& Tower with Radar,196,109,17,10,332,0,0,6,1,7,196,109,23,11,339,0,0,0,339
12/19/2019,MKE,WI,AGL,CE,Combined TRACON& Tower with Radar,196,100,39,8,343,0,3,8,2,13,196,103,47,10,356,0,0,0,356
12/20/2019,MKE,WI,AGL,CE,Combined TRACON& Tower with Radar,196,102,26,1,325,0,0,2,1,3,196,102,28,2,328,0,0,0,328
12/21/2019,MKE,WI,AGL,CE,Combined TRACON& Tower with Radar,174,72,18,0,264,0,7,15,0,22,174,79,33,0,286,0,0,0,286
12/22/2019,MKE,WI,AGL,CE,Combined TRACON& Tower with Radar,164,48,15,0,227,0,2,26,0,28,164,50,41,0,255,0,0,0,255
12/23/2019,MKE,WI,AGL,CE,Combined TRACON& Tower with Radar,186,74,18,0,278,0,3,11,1,15,186,77,29,1,293,0,0,0,293
12/24/2019,MKE,WI,AGL,CE,Combined TRACON& Tower with Radar,156,67,4,0,227,0,2,0,0,2,156,69,4,0,229,0,0,0,229
12/25/2019,MKE,WI,AGL,CE,Combined TRACON& Tower with Radar,131,32,1,0,164,0,0,1,0,1,131,32,2,0,165,0,0,0,165
12/26/2019,MKE,WI,AGL,CE,Combined TRACON& Tower with Radar,173,88,22,0,283,0,0,2,0,2,173,88,24,0,285,0,0,0,285
12/27/2019,MKE,WI,AGL,CE,Combined TRACON& Tower with Radar,176,97,18,0,291,0,0,8,0,8,176,97,26,0,299,0,0,0,299
12/28/2019,MKE,WI,AGL,CE,Combined TRACON& Tower with Radar,175,50,10,0,235,0,0,0,0,0,175,50,10,0,235,0,0,0,235
12/29/2019,MKE,WI,AGL,CE,Combined TRACON& Tower with Radar,160,39,8,0,207,0,0,0,0,0,160,39,8,0,207,0,0,0,207
12/30/2019,MKE,WI,AGL,CE,Combined TRACON& Tower with Radar,173,53,12,0,238,0,2,0,0,2,173,55,12,0,240,0,0,0,240
12/31/2019,MKE,WI,AGL,CE,Combined TRACON& Tower with Radar,157,81,11,1,250,0,0,0,1,1,157,81,11,2,251,0,0,0,251
01/01/2020,MKE,WI,AGL,CE,Combined TRACON& Tower with Radar,139,32,8,0,179,0,2,9,0,11,139,34,17,0,190,0,0,0,190
01/02/2020,MKE,WI,AGL,CE,Combined TRACON& Tower with Radar,179,89,13,6,287,0,0,7,0,7,179,89,20,6,294,0,0,0,294
01/03/2020,MKE,WI,AGL,CE,Combined TRACON& Tower with Radar,186,79,15,11,291,0,2,0,0,2,186,81,15,11,293,0,0,0,293
01/04/2020,MKE,WI,AGL,CE,Combined TRACON& Tower with Radar,149,43,9,0,201,0,0,0,0,0,149,43,9,0,201,0,0,0,201
01/05/2020,MKE,WI,AGL,CE,Combined TRACON& Tower with Radar,167,51,11,3,232,0,0,3,0,3,167,51,14,3,235,0,0,0,235
01/06/2020,MKE,WI,AGL,CE,Combined TRACON& Tower with Radar,184,81,25,1,291,0,3,14,0,17,184,84,39,1,308,0,0,0,308
01/07/2020,MKE,WI,AGL,CE,Combined TRACON& Tower with Radar,170,87,15,5,277,1,7,2,0,10,171,94,17,5,287,4,0,4,291
01/08/2020,MKE,WI,AGL,CE,Combined TRACON& Tower with Radar,178,87,17,0,282,0,1,5,0,6,178,88,22,0,288,0,0,0,288
01/09/2020,MKE,WI,AGL,CE,Combined TRACON& Tower with Radar,180,92,34,2,308,0,0,2,1,3,180,92,36,3,311,0,0,0,311
01/10/2020,MKE,WI,AGL,CE,Combined TRACON& Tower with Radar,174,80,26,0,280,0,2,0,0,2,174,82,26,0,282,0,0,0,282
01/11/2020,MKE,WI,AGL,CE,Combined TRACON& Tower with Radar,89,21,7,0,117,0,0,0,0,0,89,21,7,0,117,0,0,0,117
01/12/2020,MKE,WI,AGL,CE,Combined TRACON& Tower with Radar,140,58,20,6,224,0,3,3,0,6,140,61,23,6,230,0,0,0,230
01/13/2020,MKE,WI,AGL,CE,Combined TRACON& Tower with Radar,181,76,25,4,286,0,2,6,0,8,181,78,31,4,294,0,0,0,294
01/14/2020,MKE,WI,AGL,CE,Combined TRACON& Tower with Radar,177,76,24,8,285,0,3,2,14,19,177,79,26,22,304,0,0,0,304
01/15/2020,MKE,WI,AGL,CE,Combined TRACON& Tower with Radar,178,97,20,2,297,0,0,0,0,0,178,97,20,2,297,0,0,0,297
01/16/2020,MKE,WI,AGL,CE,Combined TRACON& Tower with Radar,187,99,27,1,314,0,10,7,0,17,187,109,34,1,331,0,0,0,331
01/17/2020,MKE,WI,AGL,CE,Combined TRACON& Tower with Radar,162,74,24,0,260,0,2,1,0,3,162,76,25,0,263,0,0,0,263
01/18/2020,MKE,WI,AGL,CE,Combined TRACON& Tower with Radar,140,42,12,1,195,0,0,0,0,0,140,42,12,1,195,0,0,0,195
01/19/2020,MKE,WI,AGL,CE,Combined TRACON& Tower with Radar,135,49,13,0,197,0,0,1,0,1,135,49,14,0,198,0,0,0,198
01/20/2020,MKE,WI,AGL,CE,Combined TRACON& Tower with Radar,176,65,27,0,268,0,4,6,0,10,176,69,33,0,278,0,0,0,278
01/21/2020,MKE,WI,AGL,CE,Combined TRACON& Tower with Radar,175,80,19,6,280,0,0,9,0,9,175,80,28,6,289,0,0,0,289
01/22/2020,MKE,WI,AGL,CE,Combined TRACON& Tower with Radar,182,83,24,5,294,0,2,10,8,20,182,85,34,13,314,0,8,8,322
01/23/2020,MKE,WI,AGL,CE,Combined TRACON& Tower with Radar,177,91,21,1,290,0,0,0,0,0,177,91,21,1,290,0,0,0,290
01/24/2020,MKE,WI,AGL,CE,Combined TRACON& Tower with Radar,192,82,22,4,300,0,0,0,0,0,192,82,22,4,300,0,0,0,300
01/25/2020,MKE,WI,AGL,CE,Combined TRACON& Tower with Radar,147,54,17,0,218,0,0,0,0,0,147,54,17,0,218,0,0,0,218
01/26/2020,MKE,WI,AGL,CE,Combined TRACON& Tower with Radar,154,47,14,0,215,0,0,0,0,0,154,47,14,0,215,0,0,0,215
01/27/2020,MKE,WI,AGL,CE,Combined TRACON& Tower with Radar,180,60,18,0,258,0,0,0,0,0,180,60,18,0,258,16,0,16,274
01/28/2020,MKE,WI,AGL,CE,Combined TRACON& Tower with Radar,179,87,20,2,288,0,3,1,0,4,179,90,21,2,292,0,0,0,292
01/29/2020,MKE,WI,AGL,CE,Combined TRACON& Tower with Radar,183,83,22,6,294,0,2,1,2,5,183,85,23,8,299,0,0,0,299
01/30/2020,MKE,WI,AGL,CE,Combined TRACON& Tower with Radar,188,85,18,6,297,0,3,4,0,7,188,88,22,6,304,8,0,8,312
01/31/2020,MKE,WI,AGL,CE,Combined TRACON& Tower with Radar,186,80,29,0,295,0,2,1,0,3,186,82,30,0,298,0,0,0,298
02/01/2020,MKE,WI,AGL,CE,Combined TRACON& Tower with Radar,142,49,9,1,201,0,0,0,0,0,142,49,9,1,201,0,0,0,201
02/02/2020,MKE,WI,AGL,CE,Combined TRACON& Tower with Radar,140,49,7,0,196,0,0,2,0,2,140,49,9,0,198,0,0,0,198
02/03/2020,MKE,WI,AGL,CE,Combined TRACON& Tower with Radar,182,68,19,4,273,0,0,11,0,11,182,68,30,4,284,0,0,0,284
02/04/2020,MKE,WI,AGL,CE,Combined TRACON& Tower with Radar,177,82,29,3,291,0,2,2,0,4,177,84,31,3,295,0,0,0,295
02/05/2020,MKE,WI,AGL,CE,Combined TRACON& Tower with Radar,184,80,34,11,309,0,0,1,2,3,184,80,35,13,312,0,0,0,312
02/06/2020,MKE,WI,AGL,CE,Combined TRACON& Tower with Radar,174,92,30,9,305,0,0,2,0,2,174,92,32,9,307,0,0,0,307
02/07/2020,MKE,WI,AGL,CE,Combined TRACON& Tower with Radar,181,81,31,10,303,0,10,4,0,14,181,91,35,10,317,0,0,0,317
02/08/2020,MKE,WI,AGL,CE,Combined TRACON& Tower with Radar,148,49,12,0,209,0,1,4,0,5,148,50,16,0,214,0,0,0,214
02/09/2020,MKE,WI,AGL,CE,Combined TRACON& Tower with Radar,153,49,14,0,216,0,0,1,0,1,153,49,15,0,217,0,0,0,217
02/10/2020,MKE,WI,AGL,CE,Combined TRACON& Tower with Radar,179,79,26,3,287,0,1,2,0,3,179,80,28,3,290,0,0,0,290
02/11/2020,MKE,WI,AGL,CE,Combined TRACON& Tower with Radar,180,87,23,13,303,0,4,5,0,9,180,91,28,13,312,0,0,0,312
02/12/2020,MKE,WI,AGL,CE,Combined TRACON& Tower with Radar,181,99,24,6,310,0,0,2,0,2,181,99,26,6,312,0,0,0,312
02/13/2020,MKE,WI,AGL,CE,Combined TRACON& Tower with Radar,186,76,24,6,292,0,0,1,1,2,186,76,25,7,294,0,0,0,294
02/14/2020,MKE,WI,AGL,CE,Combined TRACON& Tower with Radar,193,77,16,0,286,0,2,4,0,6,193,79,20,0,292,0,0,0,292
02/15/2020,MKE,WI,AGL,CE,Combined TRACON& Tower with Radar,143,54,4,0,201,0,2,2,0,4,143,56,6,0,205,0,0,0,205
02/16/2020,MKE,WI,AGL,CE,Combined TRACON& Tower with Radar,142,41,13,0,196,0,2,13,0,15,142,43,26,0,211,0,0,0,211
02/17/2020,MKE,WI,AGL,CE,Combined TRACON& Tower with Radar,178,64,15,0,257,0,1,2,0,3,178,65,17,0,260,0,0,0,260
02/18/2020,MKE,WI,AGL,CE,Combined TRACON& Tower with Radar,188,92,34,4,318,0,0,5,0,5,188,92,39,4,323,0,0,0,323
02/19/2020,MKE,WI,AGL,CE,Combined TRACON& Tower with Radar,194,95,30,7,326,0,0,9,0,9,194,95,39,7,335,0,0,0,335
02/20/2020,MKE,WI,AGL,CE,Combined TRACON& Tower with Radar,187,79,20,9,295,0,0,12,2,14,187,79,32,11,309,0,0,0,309
02/21/2020,MKE,WI,AGL,CE,Combined TRACON& Tower with Radar,190,76,19,3,288,0,1,3,2,6,190,77,22,5,294,0,0,0,294
02/22/2020,MKE,WI,AGL,CE,Combined TRACON& Tower with Radar,151,48,16,0,215,0,3,20,0,23,151,51,36,0,238,4,0,4,242
02/23/2020,MKE,WI,AGL,CE,Combined TRACON& Tower with Radar,159,47,13,1,220,0,1,12,0,13,159,48,25,1,233,0,0,0,233
02/24/2020,MKE,WI,AGL,CE,Combined TRACON& Tower with Radar,185,62,21,0,268,0,0,0,2,2,185,62,21,2,270,0,0,0,270
02/25/2020,MKE,WI,AGL,CE,Combined TRACON& Tower with Radar,188,83,18,19,308,0,2,0,1,3,188,85,18,20,311,0,0,0,311
02/26/2020,MKE,WI,AGL,CE,Combined TRACON& Tower with Radar,191,77,33,7,308,0,2,4,0,6,191,79,37,7,314,0,0,0,314
02/27/2020,MKE,WI,AGL,CE,Combined TRACON& Tower with Radar,189,76,26,5,296,0,4,3,0,7,189,80,29,5,303,0,0,0,303
02/28/2020,MKE,WI,AGL,CE,Combined TRACON& Tower with Radar,193,73,32,4,302,0,0,4,0,4,193,73,36,4,306,0,0,0,306
02/29/2020,MKE,WI,AGL,CE,Combined TRACON& Tower with Radar,150,53,22,0,225,0,2,6,0,8,150,55,28,0,233,0,0,0,233
03/01/2020,MKE,WI,AGL,CE,Combined TRACON& Tower with Radar,160,46,16,1,223,0,3,3,0,6,160,49,19,1,229,0,0,0,229
03/02/2020,MKE,WI,AGL,CE,Combined TRACON& Tower with Radar,182,60,20,7,269,0,3,8,0,11,182,63,28,7,280,0,0,0,280
03/03/2020,MKE,WI,AGL,CE,Combined TRACON& Tower with Radar,193,90,19,8,310,0,1,2,2,5,193,91,21,10,315,0,7,7,322
03/04/2020,MKE,WI,AGL,CE,Combined TRACON& Tower with Radar,189,96,19,22,326,0,2,11,0,13,189,98,30,22,339,14,0,14,353
03/05/2020,MKE,WI,AGL,CE,Combined TRACON& Tower with Radar,187,89,27,4,307,0,2,0,0,2,187,91,27,4,309,0,0,0,309
03/06/2020,MKE,WI,AGL,CE,Combined TRACON& Tower with Radar,186,89,33,0,308,0,2,1,0,3,186,91,34,0,311,0,0,0,311
03/07/2020,MKE,WI,AGL,CE,Combined TRACON& Tower with Radar,168,61,7,10,246,0,3,9,0,12,168,64,16,10,258,0,0,0,258
03/08/2020,MKE,WI,AGL,CE,Combined TRACON& Tower with Radar,175,48,12,0,235,0,0,3,0,3,175,48,15,0,238,0,0,0,238
03/09/2020,MKE,WI,AGL,CE,Combined TRACON& Tower with Radar,191,62,18,0,271,0,2,0,0,2,191,64,18,0,273,0,0,0,273
03/10/2020,MKE,WI,AGL,CE,Combined TRACON& Tower with Radar,192,79,29,4,304,0,3,3,1,7,192,82,32,5,311,0,0,0,311
03/11/2020,MKE,WI,AGL,CE,Combined TRACON& Tower with Radar,196,80,27,12,315,0,0,0,0,0,196,80,27,12,315,0,0,0,315
03/12/2020,MKE,WI,AGL,CE,Combined TRACON& Tower with Radar,188,91,35,3,317,0,0,2,0,2,188,91,37,3,319,0,0,0,319
03/13/2020,MKE,WI,AGL,CE,Combined TRACON& Tower with Radar,193,77,22,9,301,0,0,3,0,3,193,77,25,9,304,0,0,0,304
03/14/2020,MKE,WI,AGL,CE,Combined TRACON& Tower with Radar,177,58,5,0,240,0,0,2,0,2,177,58,7,0,242,0,0,0,242
03/15/2020,MKE,WI,AGL,CE,Combined TRACON& Tower with Radar,178,39,11,0,228,0,2,12,0,14,178,41,23,0,242,0,0,0,242
03/16/2020,MKE,WI,AGL,CE,Combined TRACON& Tower with Radar,190,71,17,0,278,0,0,4,0,4,190,71,21,0,282,0,0,0,282
03/17/2020,MKE,WI,AGL,CE,Combined TRACON& Tower with Radar,189,84,9,5,287,0,2,13,0,15,189,86,22,5,302,0,0,0,302
03/18/2020,MKE,WI,AGL,CE,Combined TRACON& Tower with Radar,190,76,14,10,290,0,4,1,0,5,190,80,15,10,295,0,0,0,295
03/19/2020,MKE,WI,AGL,CE,Combined TRACON& Tower with Radar,167,82,9,0,258,0,0,0,0,0,167,82,9,0,258,0,0,0,258
03/20/2020,MKE,WI,AGL,CE,Combined TRACON& Tower with Radar,170,73,16,2,261,0,2,1,0,3,170,75,17,2,264,0,0,0,264
03/21/2020,MKE,WI,AGL,CE,Combined TRACON& Tower with Radar,158,44,5,0,207,0,1,3,0,4,158,45,8,0,211,0,0,0,211
03/22/2020,MKE,WI,AGL,CE,Combined TRACON& Tower with Radar,144,28,11,0,183,0,3,3,0,6,144,31,14,0,189,0,0,0,189
03/23/2020,MKE,WI,AGL,CE,Combined TRACON& Tower with Radar,140,46,2,0,188,0,0,0,0,0,140,46,2,0,188,0,0,0,188
03/24/2020,MKE,WI,AGL,CE,Combined TRACON& Tower with Radar,149,68,9,0,226,0,2,3,2,7,149,70,12,2,233,0,0,0,233
03/25/2020,MKE,WI,AGL,CE,Combined TRACON& Tower with Radar,141,65,4,0,210,0,4,1,0,5,141,69,5,0,215,0,0,0,215
03/26/2020,MKE,WI,AGL,CE,Combined TRACON& Tower with Radar,132,58,12,4,206,0,0,0,0,0,132,58,12,4,206,0,0,0,206
03/27/2020,MKE,WI,AGL,CE,Combined TRACON& Tower with Radar,116,55,13,2,186,0,0,0,0,0,116,55,13,2,186,0,0,0,186
03/28/2020,MKE,WI,AGL,CE,Combined TRACON& Tower with Radar,96,29,2,0,127,0,0,0,0,0,96,29,2,0,127,0,0,0,127
03/29/2020,MKE,WI,AGL,CE,Combined TRACON& Tower with Radar,98,22,1,0,121,0,0,0,0,0,98,22,1,0,121,0,0,0,121
03/30/2020,MKE,WI,AGL,CE,Combined TRACON& Tower with Radar,94,43,6,0,143,0,0,10,0,10,94,43,16,0,153,0,0,0,153
03/31/2020,MKE,WI,AGL,CE,Combined TRACON& Tower with Radar,101,57,9,0,167,0,0,1,0,1,101,57,10,0,168,0,0,0,168
04/01/2020,MKE,WI,AGL,CE,Combined TRACON& Tower with Radar,97,59,8,0,164,0,0,0,0,0,97,59,8,0,164,0,0,0,164
04/02/2020,MKE,WI,AGL,CE,Combined TRACON& Tower with Radar,87,52,15,0,154,0,0,12,0,12,87,52,27,0,166,0,0,0,166
04/03/2020,MKE,WI,AGL,CE,Combined TRACON& Tower with Radar,98,50,5,6,159,0,0,12,0,12,98,50,17,6,171,0,0,0,171
04/04/2020,MKE,WI,AGL,CE,Combined TRACON& Tower with Radar,75,27,0,0,102,0,0,6,0,6,75,27,6,0,108,0,0,0,108
04/05/2020,MKE,WI,AGL,CE,Combined TRACON& Tower with Radar,81,12,2,0,95,0,1,6,0,7,81,13,8,0,102,0,0,0,102
04/06/2020,MKE,WI,AGL,CE,Combined TRACON& Tower with Radar,94,31,5,1,131,0,0,6,0,6,94,31,11,1,137,0,0,0,137
04/07/2020,MKE,WI,AGL,CE,Combined TRACON& Tower with Radar,102,54,7,1,164,0,0,2,0,2,102,54,9,1,166,0,0,0,166
04/08/2020,MKE,WI,AGL,CE,Combined TRACON& Tower with Radar,101,56,7,0,164,0,0,1,0,1,101,56,8,0,165,0,0,0,165
04/09/2020,MKE,WI,AGL,CE,Combined TRACON& Tower with Radar,100,60,1,0,161,0,1,0,0,1,100,61,1,0,162,0,0,0,162
04/10/2020,MKE,WI,AGL,CE,Combined TRACON& Tower with Radar,111,47,14,0,172,0,0,2,0,2,111,47,16,0,174,0,0,0,174
04/11/2020,MKE,WI,AGL,CE,Combined TRACON& Tower with Radar,74,33,2,0,109,0,0,1,0,1,74,33,3,0,110,0,0,0,110
04/12/2020,MKE,WI,AGL,CE,Combined TRACON& Tower with Radar,66,12,2,1,81,0,0,0,0,0,66,12,2,1,81,0,0,0,81
04/13/2020,MKE,WI,AGL,CE,Combined TRACON& Tower with Radar,88,27,11,0,126,0,0,0,0,0,88,27,11,0,126,0,0,0,126
04/14/2020,MKE,WI,AGL,CE,Combined TRACON& Tower with Radar,93,48,3,2,146,0,0,0,0,0,93,48,3,2,146,0,0,0,146
04/15/2020,MKE,WI,AGL,CE,Combined TRACON& Tower with Radar,73,52,4,0,129,0,2,9,0,11,73,54,13,0,140,0,0,0,140
04/16/2020,MKE,WI,AGL,CE,Combined TRACON& Tower with Radar,69,55,10,0,134,0,0,5,0,5,69,55,15,0,139,0,0,0,139
04/17/2020,MKE,WI,AGL,CE,Combined TRACON& Tower with Radar,76,45,7,0,128,0,0,2,0,2,76,45,9,0,130,0,0,0,130
04/18/2020,MKE,WI,AGL,CE,Combined TRACON& Tower with Radar,62,25,6,0,93,0,0,0,0,0,62,25,6,0,93,0,0,0,93
04/19/2020,MKE,WI,AGL,CE,Combined TRACON& Tower with Radar,49,9,3,0,61,0,0,7,0,7,49,9,10,0,68,0,0,0,68
04/20/2020,MKE,WI,AGL,CE,Combined TRACON& Tower with Radar,69,35,17,0,121,0,2,6,0,8,69,37,23,0,129,0,0,0,129
04/21/2020,MKE,WI,AGL,CE,Combined TRACON& Tower with Radar,75,51,8,0,134,0,1,5,0,6,75,52,13,0,140,0,0,0,140
04/22/2020,MKE,WI,AGL,CE,Combined TRACON& Tower with Radar,70,45,11,0,126,0,2,2,0,4,70,47,13,0,130,0,0,0,130
04/23/2020,MKE,WI,AGL,CE,Combined TRACON& Tower with Radar,67,43,4,2,116,0,0,0,0,0,67,43,4,2,116,0,0,0,116
04/24/2020,MKE,WI,AGL,CE,Combined TRACON& Tower with Radar,73,46,3,0,122,0,0,2,0,2,73,46,5,0,124,0,0,0,124
04/25/2020,MKE,WI,AGL,CE,Combined TRACON& Tower with Radar,60,29,5,0,94,0,0,2,0,2,60,29,7,0,96,0,0,0,96
04/26/2020,MKE,WI,AGL,CE,Combined TRACON& Tower with Radar,40,12,8,2,62,0,3,8,0,11,40,15,16,2,73,0,0,0,73
04/27/2020,MKE,WI,AGL,CE,Combined TRACON& Tower with Radar,62,37,10,2,111,0,2,2,0,4,62,39,12,2,115,0,0,0,115
04/28/2020,MKE,WI,AGL,CE,Combined TRACON& Tower with Radar,78,43,3,2,126,0,0,0,0,0,78,43,3,2,126,0,0,0,126
04/29/2020,MKE,WI,AGL,CE,Combined TRACON& Tower with Radar,64,46,5,0,115,0,0,0,0,0,64,46,5,0,115,0,0,0,115
04/30/2020,MKE,WI,AGL,CE,Combined TRACON& Tower with Radar,68,59,21,0,148,0,2,6,0,8,68,61,27,0,156,0,0,0,156
05/01/2020,MKE,WI,AGL,CE,Combined TRACON& Tower with Radar,74,55,13,2,144,0,2,20,0,22,74,57,33,2,166,0,0,0,166
05/02/2020,MKE,WI,AGL,CE,Combined TRACON& Tower with Radar,54,36,3,0,93,0,0,2,0,2,54,36,5,0,95,0,0,0,95
05/03/2020,MKE,WI,AGL,CE,Combined TRACON& Tower with Radar,56,20,3,0,79,0,0,6,0,6,56,20,9,0,85,0,0,0,85
05/04/2020,MKE,WI,AGL,CE,Combined TRACON& Tower with Radar,60,33,22,0,115,0,5,13,0,18,60,38,35,0,133,0,0,0,133
05/05/2020,MKE,WI,AGL,CE,Combined TRACON& Tower with Radar,65,48,31,5,149,0,2,6,0,8,65,50,37,5,157,0,0,0,157
05/06/2020,MKE,WI,AGL,CE,Combined TRACON& Tower with Radar,63,50,18,1,132,0,2,8,0,10,63,52,26,1,142,0,0,0,142
05/07/2020,MKE,WI,AGL,CE,Combined TRACON& Tower with Radar,62,52,7,2,123,0,3,12,0,15,62,55,19,2,138,0,0,0,138
05/08/2020,MKE,WI,AGL,CE,Combined TRACON& Tower with Radar,78,49,6,1,134,0,3,11,0,14,78,52,17,1,148,0,0,0,148
05/09/2020,MKE,WI,AGL,CE,Combined TRACON& Tower with Radar,50,26,9,0,85,0,0,2,0,2,50,26,11,0,87,0,0,0,87
05/10/2020,MKE,WI,AGL,CE,Combined TRACON& Tower with Radar,56,16,4,0,76,0,0,0,0,0,56,16,4,0,76,0,0,0,76
05/11/2020,MKE,WI,AGL,CE,Combined TRACON& Tower with Radar,63,31,11,2,107,0,2,8,0,10,63,33,19,2,117,0,0,0,117
05/12/2020,MKE,WI,AGL,CE,Combined TRACON& Tower with Radar,65,52,18,6,141,0,12,7,0,19,65,64,25,6,160,0,0,0,160
05/13/2020,MKE,WI,AGL,CE,Combined TRACON& Tower with Radar,67,60,3,22,152,0,3,9,0,12,67,63,12,22,164,0,0,0,164
05/14/2020,MKE,WI,AGL,CE,Combined TRACON& Tower with Radar,67,54,6,12,139,0,0,1,0,1,67,54,7,12,140,0,0,0,140
05/15/2020,MKE,WI,AGL,CE,Combined TRACON& Tower with Radar,77,47,12,0,136,0,5,7,0,12,77,52,19,0,148,0,0,0,148
05/16/2020,MKE,WI,AGL,CE,Combined TRACON& Tower with Radar,52,22,16,0,90,0,4,7,0,11,52,26,23,0,101,0,0,0,101
05/17/2020,MKE,WI,AGL,CE,Combined TRACON& Tower with Radar,61,19,6,0,86,0,0,0,0,0,61,19,6,0,86,0,0,0,86
05/18/2020,MKE,WI,AGL,CE,Combined TRACON& Tower with Radar,66,51,15,2,134,0,0,0,0,0,66,51,15,2,134,0,0,0,134
05/19/2020,MKE,WI,AGL,CE,Combined TRACON& Tower with Radar,68,58,9,6,141,0,0,0,0,0,68,58,9,6,141,0,0,0,141
05/20/2020,MKE,WI,AGL,CE,Combined TRACON& Tower with Radar,65,62,4,0,131,0,0,14,0,14,65,62,18,0,145,0,0,0,145
05/21/2020,MKE,WI,AGL,CE,Combined TRACON& Tower with Radar,63,64,18,14,159,0,0,9,5,14,63,64,27,19,173,0,0,0,173
05/22/2020,MKE,WI,AGL,CE,Combined TRACON& Tower with Radar,68,56,22,0,146,0,0,7,0,7,68,56,29,0,153,0,0,0,153
05/23/2020,MKE,WI,AGL,CE,Combined TRACON& Tower with Radar,50,24,5,0,79,0,0,0,0,0,50,24,5,0,79,0,0,0,79
05/24/2020,MKE,WI,AGL,CE,Combined TRACON& Tower with Radar,54,16,12,0,82,0,2,11,0,13,54,18,23,0,95,0,0,0,95
05/25/2020,MKE,WI,AGL,CE,Combined TRACON& Tower with Radar,57,20,8,0,85,0,2,4,2,8,57,22,12,2,93,0,0,0,93
05/26/2020,MKE,WI,AGL,CE,Combined TRACON& Tower with Radar,55,39,25,3,122,0,0,5,1,6,55,39,30,4,128,0,0,0,128
05/27/2020,MKE,WI,AGL,CE,Combined TRACON& Tower with Radar,72,56,3,2,133,0,2,14,0,16,72,58,17,2,149,0,0,0,149
05/28/2020,MKE,WI,AGL,CE,Combined TRACON& Tower with Radar,64,50,8,9,131,0,1,1,0,2,64,51,9,9,133,0,0,0,133
05/29/2020,MKE,WI,AGL,CE,Combined TRACON& Tower with Radar,75,46,14,0,135,0,2,16,0,18,75,48,30,0,153,0,0,0,153
05/30/2020,MKE,WI,AGL,CE,Combined TRACON& Tower with Radar,50,25,8,0,83,0,3,20,2,25,50,28,28,2,108,0,0,0,108
05/31/2020,MKE,WI,AGL,CE,Combined TRACON& Tower with Radar,54,26,14,1,95,0,2,15,5,22,54,28,29,6,117,0,0,0,117
06/01/2020,MKE,WI,AGL,CE,Combined TRACON& Tower with Radar,69,57,8,0,134,0,9,6,7,22,69,66,14,7,156,0,0,0,156
06/02/2020,MKE,WI,AGL,CE,Combined TRACON& Tower with Radar,65,56,8,4,133,0,2,4,1,7,65,58,12,5,140,0,0,0,140
06/03/2020,MKE,WI,AGL,CE,Combined TRACON& Tower with Radar,71,69,21,0,161,0,3,11,7,21,71,72,32,7,182,0,0,0,182
06/04/2020,MKE,WI,AGL,CE,Combined TRACON& Tower with Radar,73,60,14,2,149,0,8,7,9,24,73,68,21,11,173,0,0,0,173
06/05/2020,MKE,WI,AGL,CE,Combined TRACON& Tower with Radar,80,60,21,5,166,0,2,9,8,19,80,62,30,13,185,0,0,0,185
06/06/2020,MKE,WI,AGL,CE,Combined TRACON& Tower with Radar,73,19,11,0,103,0,3,11,0,14,73,22,22,0,117,0,0,0,117
06/07/2020,MKE,WI,AGL,CE,Combined TRACON& Tower with Radar,69,17,9,0,95,0,0,25,0,25,69,17,34,0,120,0,0,0,120
06/08/2020,MKE,WI,AGL,CE,Combined TRACON& Tower with Radar,72,33,13,10,128,0,2,4,0,6,72,35,17,10,134,0,0,0,134
06/09/2020,MKE,WI,AGL,CE,Combined TRACON& Tower with Radar,78,42,16,0,136,0,0,2,0,2,78,42,18,0,138,0,0,0,138
06/10/2020,MKE,WI,AGL,CE,Combined TRACON& Tower with Radar,78,58,8,8,152,0,0,0,0,0,78,58,8,8,152,0,0,0,152
06/11/2020,MKE,WI,AGL,CE,Combined TRACON& Tower with Radar,80,59,18,10,167,0,2,12,2,16,80,61,30,12,183,0,0,0,183
06/12/2020,MKE,WI,AGL,CE,Combined TRACON& Tower with Radar,82,52,15,2,151,0,0,15,0,15,82,52,30,2,166,0,0,0,166
06/13/2020,MKE,WI,AGL,CE,Combined TRACON& Tower with Radar,70,26,4,0,100,0,4,17,0,21,70,30,21,0,121,0,0,0,121
06/14/2020,MKE,WI,AGL,CE,Combined TRACON& Tower with Radar,75,22,11,1,109,0,4,10,0,14,75,26,21,1,123,0,0,0,123
06/15/2020,MKE,WI,AGL,CE,Combined TRACON& Tower with Radar,88,43,10,3,144,0,1,3,0,4,88,44,13,3,148,0,0,0,148
06/16/2020,MKE,WI,AGL,CE,Combined TRACON& Tower with Radar,78,56,14,0,148,0,3,5,0,8,78,59,19,0,156,0,0,0,156
06/17/2020,MKE,WI,AGL,CE,Combined TRACON& Tower with Radar,76,66,11,2,155,0,4,12,3,19,76,70,23,5,174,0,0,0,174
06/18/2020,MKE,WI,AGL,CE,Combined TRACON& Tower with Radar,82,67,11,4,164,0,4,13,0,17,82,71,24,4,181,0,0,0,181
06/19/2020,MKE,WI,AGL,CE,Combined TRACON& Tower with Radar,85,58,16,11,170,0,0,8,0,8,85,58,24,11,178,0,0,0,178
06/20/2020,MKE,WI,AGL,CE,Combined TRACON& Tower with Radar,69,24,7,1,101,0,0,2,0,2,69,24,9,1,103,0,0,0,103
06/21/2020,MKE,WI,AGL,CE,Combined TRACON& Tower with Radar,70,22,10,1,103,0,2,8,0,10,70,24,18,1,113,0,0,0,113
06/22/2020,MKE,WI,AGL,CE,Combined TRACON& Tower with Radar,81,43,8,1,133,0,0,0,0,0,81,43,8,1,133,0,0,0,133
06/23/2020,MKE,WI,AGL,CE,Combined TRACON& Tower with Radar,81,51,15,5,152,0,0,10,3,13,81,51,25,8,165,0,0,0,165
06/24/2020,MKE,WI,AGL,CE,Combined TRACON& Tower with Radar,80,62,13,11,166,0,3,8,0,11,80,65,21,11,177,0,0,0,177
06/25/2020,MKE,WI,AGL,CE,Combined TRACON& Tower with Radar,86,70,18,4,178,0,0,17,0,17,86,70,35,4,195,0,0,0,195
06/26/2020,MKE,WI,AGL,CE,Combined TRACON& Tower with Radar,81,60,12,2,155,0,0,1,2,3,81,60,13,4,158,0,0,0,158
06/27/2020,MKE,WI,AGL,CE,Combined TRACON& Tower with Radar,72,34,17,3,126,0,2,14,1,17,72,36,31,4,143,0,0,0,143
06/28/2020,MKE,WI,AGL,CE,Combined TRACON& Tower with Radar,78,20,7,0,105,0,0,14,2,16,78,20,21,2,121,0,0,0,121
06/29/2020,MKE,WI,AGL,CE,Combined TRACON& Tower with Radar,98,42,7,0,147,0,0,9,0,9,98,42,16,0,156,0,0,0,156
06/30/2020,MKE,WI,AGL,CE,Combined TRACON& Tower with Radar,92,71,20,4,187,0,0,2,0,2,92,71,22,4,189,0,0,0,189
07/01/2020,MKE,WI,AGL,CE,Combined TRACON& Tower with Radar,91,69,19,2,181,0,0,26,0,26,91,69,45,2,207,0,0,0,207
07/02/2020,MKE,WI,AGL,CE,Combined TRACON& Tower with Radar,102,50,14,2,168,0,2,10,0,12,102,52,24,2,180,0,0,0,180
07/03/2020,MKE,WI,AGL,CE,Combined TRACON& Tower with Radar,93,42,6,0,141,0,1,12,1,14,93,43,18,1,155,0,0,0,155
07/04/2020,MKE,WI,AGL,CE,Combined TRACON& Tower with Radar,62,5,3,0,70,0,2,4,0,6,62,7,7,0,76,0,0,0,76
07/05/2020,MKE,WI,AGL,CE,Combined TRACON& Tower with Radar,90,26,16,0,132,0,0,5,0,5,90,26,21,0,137,0,0,0,137
07/06/2020,MKE,WI,AGL,CE,Combined TRACON& Tower with Radar,97,41,12,2,152,0,3,13,0,16,97,44,25,2,168,0,0,0,168
07/07/2020,MKE,WI,AGL,CE,Combined TRACON& Tower with Radar,95,69,12,11,187,0,1,5,0,6,95,70,17,11,193,0,0,0,193
07/08/2020,MKE,WI,AGL,CE,Combined TRACON& Tower with Radar,105,77,7,8,197,0,0,12,0,12,105,77,19,8,209,0,0,0,209
07/09/2020,MKE,WI,AGL,CE,Combined TRACON& Tower with Radar,100,67,18,11,196,0,2,3,1,6,100,69,21,12,202,0,0,0,202
07/10/2020,MKE,WI,AGL,CE,Combined TRACON& Tower with Radar,108,70,12,4,194,0,4,11,0,15,108,74,23,4,209,0,0,0,209
07/11/2020,MKE,WI,AGL,CE,Combined TRACON& Tower with Radar,93,34,6,0,133,0,3,6,0,9,93,37,12,0,142,0,0,0,142
07/12/2020,MKE,WI,AGL,CE,Combined TRACON& Tower with Radar,93,24,21,1,139,0,0,15,0,15,93,24,36,1,154,0,0,0,154
07/13/2020,MKE,WI,AGL,CE,Combined TRACON& Tower with Radar,102,43,10,0,155,0,7,19,0,26,102,50,29,0,181,0,0,0,181
07/14/2020,MKE,WI,AGL,CE,Combined TRACON& Tower with Radar,100,59,6,0,165,0,0,16,0,16,100,59,22,0,181,0,0,0,181
07/15/2020,MKE,WI,AGL,CE,Combined TRACON& Tower with Radar,101,67,13,1,182,0,0,2,1,3,101,67,15,2,185,0,0,0,185
07/16/2020,MKE,WI,AGL,CE,Combined TRACON& Tower with Radar,105,65,20,3,193,0,0,9,5,14,105,65,29,8,207,0,0,0,207
07/17/2020,MKE,WI,AGL,CE,Combined TRACON& Tower with Radar,118,59,13,8,198,0,2,20,0,22,118,61,33,8,220,0,0,0,220
07/18/2020,MKE,WI,AGL,CE,Combined TRACON& Tower with Radar,95,42,2,0,139,0,3,7,0,10,95,45,9,0,149,0,0,0,149
07/19/2020,MKE,WI,AGL,CE,Combined TRACON& Tower with Radar,109,29,9,0,147,0,0,8,0,8,109,29,17,0,155,0,0,0,155
07/20/2020,MKE,WI,AGL,CE,Combined TRACON& Tower with Radar,106,38,15,1,160,0,1,17,3,21,106,39,32,4,181,0,0,0,181
07/21/2020,MKE,WI,AGL,CE,Combined TRACON& Tower with Radar,101,57,13,8,179,0,3,13,0,16,101,60,26,8,195,0,0,0,195
07/22/2020,MKE,WI,AGL,CE,Combined TRACON& Tower with Radar,104,68,17,2,191,0,0,16,0,16,104,68,33,2,207,0,0,0,207
07/23/2020,MKE,WI,AGL,CE,Combined TRACON& Tower with Radar,110,64,25,4,203,0,4,4,0,8,110,68,29,4,211,0,0,0,211
07/24/2020,MKE,WI,AGL,CE,Combined TRACON& Tower with Radar,113,60,16,4,193,0,3,16,0,19,113,63,32,4,212,0,0,0,212
07/25/2020,MKE,WI,AGL,CE,Combined TRACON& Tower with Radar,102,32,8,0,142,0,0,14,0,14,102,32,22,0,156,0,0,0,156
07/26/2020,MKE,WI,AGL,CE,Combined TRACON& Tower with Radar,99,17,9,0,125,0,0,3,0,3,99,17,12,0,128,0,0,0,128
07/27/2020,MKE,WI,AGL,CE,Combined TRACON& Tower with Radar,104,39,20,1,164,0,2,18,0,20,104,41,38,1,184,0,0,0,184
07/28/2020,MKE,WI,AGL,CE,Combined TRACON& Tower with Radar,98,58,9,1,166,0,0,10,0,10,98,58,19,1,176,0,0,0,176
07/29/2020,MKE,WI,AGL,CE,Combined TRACON& Tower with Radar,105,69,17,20,211,0,1,5,0,6,105,70,22,20,217,0,0,0,217
07/30/2020,MKE,WI,AGL,CE,Combined TRACON& Tower with Radar,107,60,16,0,183,0,1,17,0,18,107,61,33,0,201,0,0,0,201
07/31/2020,MKE,WI,AGL,CE,Combined TRACON& Tower with Radar,115,68,24,29,236,0,0,14,0,14,115,68,38,29,250,0,0,0,250
08/01/2020,MKE,WI,AGL,CE,Combined TRACON& Tower with Radar,99,40,16,0,155,0,5,5,1,11,99,45,21,1,166,0,0,0,166
08/02/2020,MKE,WI,AGL,CE,Combined TRACON& Tower with Radar,105,25,22,1,153,0,0,0,0,0,105,25,22,1,153,0,0,0,153
08/03/2020,MKE,WI,AGL,CE,Combined TRACON& Tower with Radar,107,46,20,0,173,0,0,8,0,8,107,46,28,0,181,0,0,0,181
08/04/2020,MKE,WI,AGL,CE,Combined TRACON& Tower with Radar,102,72,16,8,198,0,6,30,6,42,102,78,46,14,240,0,0,0,240
08/05/2020,MKE,WI,AGL,CE,Combined TRACON& Tower with Radar,106,74,16,4,200,0,2,13,3,18,106,76,29,7,218,0,0,0,218
08/06/2020,MKE,WI,AGL,CE,Combined TRACON& Tower with Radar,113,73,24,1,211,0,4,16,1,21,113,77,40,2,232,0,0,0,232
08/07/2020,MKE,WI,AGL,CE,Combined TRACON& Tower with Radar,117,76,24,9,226,0,0,28,0,28,117,76,52,9,254,0,0,0,254
08/08/2020,MKE,WI,AGL,CE,Combined TRACON& Tower with Radar,99,48,8,0,155,0,0,4,0,4,99,48,12,0,159,0,0,0,159
08/09/2020,MKE,WI,AGL,CE,Combined TRACON& Tower with Radar,102,20,23,0,145,0,2,1,0,3,102,22,24,0,148,0,0,0,148
08/10/2020,MKE,WI,AGL,CE,Combined TRACON& Tower with Radar,110,50,7,5,172,0,0,1,0,1,110,50,8,5,173,0,0,0,173
08/11/2020,MKE,WI,AGL,CE,Combined TRACON& Tower with Radar,118,68,15,15,216,0,3,16,5,24,118,71,31,20,240,0,0,0,240
08/12/2020,MKE,WI,AGL,CE,Combined TRACON& Tower with Radar,127,72,22,13,234,0,1,22,0,23,127,73,44,13,257,0,0,0,257
08/13/2020,MKE,WI,AGL,CE,Combined TRACON& Tower with Radar,119,69,19,4,211,0,4,19,0,23,119,73,38,4,234,0,0,0,234
08/14/2020,MKE,WI,AGL,CE,Combined TRACON& Tower with Radar,120,68,10,5,203,0,2,21,0,23,120,70,31,5,226,0,0,0,226
08/15/2020,MKE,WI,AGL,CE,Combined TRACON& Tower with Radar,110,42,9,1,162,0,4,14,1,19,110,46,23,2,181,0,0,0,181
08/16/2020,MKE,WI,AGL,CE,Combined TRACON& Tower with Radar,113,28,9,2,152,0,9,11,1,21,113,37,20,3,173,0,0,0,173
08/17/2020,MKE,WI,AGL,CE,Combined TRACON& Tower with Radar,120,37,15,5,177,0,5,3,0,8,120,42,18,5,185,0,0,0,185
08/18/2020,MKE,WI,AGL,CE,Combined TRACON& Tower with Radar,117,63,11,17,208,0,9,4,1,14,117,72,15,18,222,0,0,0,222
08/19/2020,MKE,WI,AGL,CE,Combined TRACON& Tower with Radar,120,71,20,13,224,0,5,5,5,15,120,76,25,18,239,0,0,0,239
08/20/2020,MKE,WI,AGL,CE,Combined TRACON& Tower with Radar,120,82,18,13,233,0,4,4,4,12,120,86,22,17,245,0,0,0,245
08/21/2020,MKE,WI,AGL,CE,Combined TRACON& Tower with Radar,129,70,27,1,227,0,2,7,0,9,129,72,34,1,236,0,0,0,236
08/22/2020,MKE,WI,AGL,CE,Combined TRACON& Tower with Radar,110,40,14,1,165,0,4,1,0,5,110,44,15,1,170,0,0,0,170
08/23/2020,MKE,WI,AGL,CE,Combined TRACON& Tower with Radar,117,44,16,2,179,0,0,5,0,5,117,44,21,2,184,0,0,0,184
08/24/2020,MKE,WI,AGL,CE,Combined TRACON& Tower with Radar,112,49,16,15,192,0,4,13,6,23,112,53,29,21,215,0,0,0,215
08/25/2020,MKE,WI,AGL,CE,Combined TRACON& Tower with Radar,116,66,20,0,202,0,2,3,1,6,116,68,23,1,208,0,0,0,208
08/26/2020,MKE,WI,AGL,CE,Combined TRACON& Tower with Radar,116,81,21,1,219,0,4,9,1,14,116,85,30,2,233,0,0,0,233
08/27/2020,MKE,WI,AGL,CE,Combined TRACON& Tower with Radar,124,82,22,1,229,0,2,3,0,5,124,84,25,1,234,0,0,0,234
08/28/2020,MKE,WI,AGL,CE,Combined TRACON& Tower with Radar,125,80,19,24,248,0,2,8,0,10,125,82,27,24,258,0,0,0,258
08/29/2020,MKE,WI,AGL,CE,Combined TRACON& Tower with Radar,113,42,6,1,162,0,2,3,0,5,113,44,9,1,167,0,0,0,167
08/30/2020,MKE,WI,AGL,CE,Combined TRACON& Tower with Radar,112,39,14,0,165,0,0,12,0,12,112,39,26,0,177,0,0,0,177
08/31/2020,MKE,WI,AGL,CE,Combined TRACON& Tower with Radar,120,64,28,2,214,0,0,7,0,7,120,64,35,2,221,0,0,0,221
09/01/2020,MKE,WI,AGL,CE,Combined TRACON& Tower with Radar,115,76,17,4,212,0,0,0,0,0,115,76,17,4,212,0,0,0,212
09/02/2020,MKE,WI,AGL,CE,Combined TRACON& Tower with Radar,119,77,16,10,222,0,9,17,0,26,119,86,33,10,248,0,0,0,248
09/03/2020,MKE,WI,AGL,CE,Combined TRACON& Tower with Radar,121,85,20,16,242,0,4,1,0,5,121,89,21,16,247,0,0,0,247
09/04/2020,MKE,WI,AGL,CE,Combined TRACON& Tower with Radar,122,64,16,0,202,0,9,17,0,26,122,73,33,0,228,0,0,0,228
09/05/2020,MKE,WI,AGL,CE,Combined TRACON& Tower with Radar,105,34,3,1,143,0,3,6,0,9,105,37,9,1,152,0,0,0,152
09/06/2020,MKE,WI,AGL,CE,Combined TRACON& Tower with Radar,85,19,6,0,110,0,0,0,0,0,85,19,6,0,110,0,0,0,110
09/07/2020,MKE,WI,AGL,CE,Combined TRACON& Tower with Radar,93,27,17,1,138,0,2,16,0,18,93,29,33,1,156,0,0,0,156
09/08/2020,MKE,WI,AGL,CE,Combined TRACON& Tower with Radar,98,66,18,1,183,0,0,1,0,1,98,66,19,1,184,0,0,0,184
09/09/2020,MKE,WI,AGL,CE,Combined TRACON& Tower with Radar,103,82,15,7,207,0,0,0,0,0,103,82,15,7,207,0,0,0,207
09/10/2020,MKE,WI,AGL,CE,Combined TRACON& Tower with Radar,102,73,17,11,203,0,0,0,0,0,102,73,17,11,203,0,0,0,203
09/11/2020,MKE,WI,AGL,CE,Combined TRACON& Tower with Radar,107,76,13,8,204,0,0,4,0,4,107,76,17,8,208,0,0,0,208
09/12/2020,MKE,WI,AGL,CE,Combined TRACON& Tower with Radar,89,32,8,2,131,0,0,0,0,0,89,32,8,2,131,0,0,0,131
09/13/2020,MKE,WI,AGL,CE,Combined TRACON& Tower with Radar,91,35,15,1,142,0,1,8,0,9,91,36,23,1,151,0,0,0,151
09/14/2020,MKE,WI,AGL,CE,Combined TRACON& Tower with Radar,91,48,21,3,163,0,4,6,0,10,91,52,27,3,173,0,0,0,173
09/15/2020,MKE,WI,AGL,CE,Combined TRACON& Tower with Radar,94,61,19,4,178,0,3,17,0,20,94,64,36,4,198,0,0,0,198
09/16/2020,MKE,WI,AGL,CE,Combined TRACON& Tower with Radar,97,56,13,3,169,0,2,11,0,13,97,58,24,3,182,0,0,0,182
09/17/2020,MKE,WI,AGL,CE,Combined TRACON& Tower with Radar,99,66,20,12,197,0,5,15,0,20,99,71,35,12,217,0,0,0,217
09/18/2020,MKE,WI,AGL,CE,Combined TRACON& Tower with Radar,105,73,21,20,219,0,2,20,0,22,105,75,41,20,241,0,0,0,241
09/19/2020,MKE,WI,AGL,CE,Combined TRACON& Tower with Radar,90,27,3,1,121,0,5,13,0,18,90,32,16,1,139,0,0,0,139
09/20/2020,MKE,WI,AGL,CE,Combined TRACON& Tower with Radar,94,30,11,1,136,0,4,15,0,19,94,34,26,1,155,0,0,0,155
09/21/2020,MKE,WI,AGL,CE,Combined TRACON& Tower with Radar,93,50,13,15,171,0,0,3,0,3,93,50,16,15,174,0,0,0,174
09/22/2020,MKE,WI,AGL,CE,Combined TRACON& Tower with Radar,97,65,9,9,180,0,0,17,0,17,97,65,26,9,197,0,0,0,197
09/23/2020,MKE,WI,AGL,CE,Combined TRACON& Tower with Radar,105,75,13,2,195,0,4,13,0,17,105,79,26,2,212,0,0,0,212
09/24/2020,MKE,WI,AGL,CE,Combined TRACON& Tower with Radar,100,72,10,6,188,0,0,11,12,23,100,72,21,18,211,0,0,0,211
09/25/2020,MKE,WI,AGL,CE,Combined TRACON& Tower with Radar,105,63,11,17,196,0,2,20,0,22,105,65,31,17,218,0,0,0,218
09/26/2020,MKE,WI,AGL,CE,Combined TRACON& Tower with Radar,91,42,6,2,141,0,4,11,0,15,91,46,17,2,156,0,0,0,156
09/27/2020,MKE,WI,AGL,CE,Combined TRACON& Tower with Radar,89,38,18,2,147,0,5,11,0,16,89,43,29,2,163,0,0,0,163
09/28/2020,MKE,WI,AGL,CE,Combined TRACON& Tower with Radar,95,47,14,0,156,0,2,0,0,2,95,49,14,0,158,0,0,0,158
09/29/2020,MKE,WI,AGL,CE,Combined TRACON& Tower with Radar,97,75,9,13,194,0,0,12,1,13,97,75,21,14,207,0,0,0,207
09/30/2020,MKE,WI,AGL,CE,Combined TRACON& Tower with Radar,98,82,16,4,200,0,2,2,1,5,98,84,18,5,205,0,0,0,205
10/01/2020,MKE,WI,AGL,CE,Combined TRACON& Tower with Radar,102,79,27,8,216,0,0,6,0,6,102,79,33,8,222,0,0,0,222
10/02/2020,MKE,WI,AGL,CE,Combined TRACON& Tower with Radar,115,76,19,7,217,0,1,10,0,11,115,77,29,7,228,0,0,0,228
10/03/2020,MKE,WI,AGL,CE,Combined TRACON& Tower with Radar,93,27,10,2,132,0,0,7,0,7,93,27,17,2,139,0,0,0,139
10/04/2020,MKE,WI,AGL,CE,Combined TRACON& Tower with Radar,92,48,6,0,146,0,4,12,0,16,92,52,18,0,162,0,0,0,162
10/05/2020,MKE,WI,AGL,CE,Combined TRACON& Tower with Radar,95,50,22,10,177,0,2,17,0,19,95,52,39,10,196,0,0,0,196
10/06/2020,MKE,WI,AGL,CE,Combined TRACON& Tower with Radar,95,68,27,2,192,0,4,10,0,14,95,72,37,2,206,0,0,0,206
10/07/2020,MKE,WI,AGL,CE,Combined TRACON& Tower with Radar,98,69,10,8,185,0,0,8,0,8,98,69,18,8,193,0,0,0,193
10/08/2020,MKE,WI,AGL,CE,Combined TRACON& Tower with Radar,114,79,13,6,212,0,2,12,0,14,114,81,25,6,226,0,0,0,226
10/09/2020,MKE,WI,AGL,CE,Combined TRACON& Tower with Radar,120,63,14,2,199,0,8,9,0,17,120,71,23,2,216,0,0,0,216
10/10/2020,MKE,WI,AGL,CE,Combined TRACON& Tower with Radar,106,32,12,0,150,0,0,9,0,9,106,32,21,0,159,0,0,0,159
10/11/2020,MKE,WI,AGL,CE,Combined TRACON& Tower with Radar,107,24,12,0,143,0,4,6,0,10,107,28,18,0,153,0,0,0,153
10/12/2020,MKE,WI,AGL,CE,Combined TRACON& Tower with Radar,111,47,15,2,175,0,0,1,0,1,111,47,16,2,176,0,0,0,176
10/13/2020,MKE,WI,AGL,CE,Combined TRACON& Tower with Radar,104,70,14,7,195,0,3,4,6,13,104,73,18,13,208,0,0,0,208
10/14/2020,MKE,WI,AGL,CE,Combined TRACON& Tower with Radar,109,65,11,13,198,0,10,2,0,12,109,75,13,13,210,0,0,0,210
10/15/2020,MKE,WI,AGL,CE,Combined TRACON& Tower with Radar,109,77,20,13,219,0,9,12,0,21,109,86,32,13,240,0,0,0,240
10/16/2020,MKE,WI,AGL,CE,Combined TRACON& Tower with Radar,122,59,7,0,188,0,8,3,0,11,122,67,10,0,199,0,0,0,199
10/17/2020,MKE,WI,AGL,CE,Combined TRACON& Tower with Radar,107,24,10,4,145,0,0,2,0,2,107,24,12,4,147,0,0,0,147
10/18/2020,MKE,WI,AGL,CE,Combined TRACON& Tower with Radar,110,39,6,0,155,0,4,5,0,9,110,43,11,0,164,0,0,0,164
10/19/2020,MKE,WI,AGL,CE,Combined TRACON& Tower with Radar,113,46,8,10,177,0,2,11,0,13,113,48,19,10,190,0,0,0,190
10/20/2020,MKE,WI,AGL,CE,Combined TRACON& Tower with Radar,99,62,8,11,180,0,0,11,1,12,99,62,19,12,192,0,0,0,192
10/21/2020,MKE,WI,AGL,CE,Combined TRACON& Tower with Radar,107,59,18,3,187,0,3,16,0,19,107,62,34,3,206,0,0,0,206
10/22/2020,MKE,WI,AGL,CE,Combined TRACON& Tower with Radar,115,70,17,2,204,0,0,0,0,0,115,70,17,2,204,0,0,0,204
10/23/2020,MKE,WI,AGL,CE,Combined TRACON& Tower with Radar,119,60,10,5,194,0,1,0,0,1,119,61,10,5,195,0,0,0,195
10/24/2020,MKE,WI,AGL,CE,Combined TRACON& Tower with Radar,98,29,7,15,149,0,0,8,9,17,98,29,15,24,166,0,0,0,166
10/25/2020,MKE,WI,AGL,CE,Combined TRACON& Tower with Radar,94,27,5,4,130,0,0,1,1,2,94,27,6,5,132,0,0,0,132
10/26/2020,MKE,WI,AGL,CE,Combined TRACON& Tower with Radar,93,49,24,2,168,0,0,0,0,0,93,49,24,2,168,0,0,0,168
10/27/2020,MKE,WI,AGL,CE,Combined TRACON& Tower with Radar,91,59,18,20,188,0,2,7,0,9,91,61,25,20,197,0,0,0,197
10/28/2020,MKE,WI,AGL,CE,Combined TRACON& Tower with Radar,102,51,25,12,190,0,0,15,0,15,102,51,40,12,205,0,0,0,205
10/29/2020,MKE,WI,AGL,CE,Combined TRACON& Tower with Radar,96,58,12,5,171,0,0,3,0,3,96,58,15,5,174,0,0,0,174
10/30/2020,MKE,WI,AGL,CE,Combined TRACON& Tower with Radar,108,66,18,10,202,0,0,21,0,21,108,66,39,10,223,0,0,0,223
10/31/2020,MKE,WI,AGL,CE,Combined TRACON& Tower with Radar,81,38,5,4,128,0,7,6,0,13,81,45,11,4,141,0,0,0,141
11/01/2020,MKE,WI,AGL,CE,Combined TRACON& Tower with Radar,84,30,11,3,128,0,0,1,0,1,84,30,12,3,129,0,0,0,129
11/02/2020,MKE,WI,AGL,CE,Combined TRACON& Tower with Radar,94,48,17,8,167,0,9,2,3,14,94,57,19,11,181,0,0,0,181
11/03/2020,MKE,WI,AGL,CE,Combined TRACON& Tower with Radar,90,62,13,8,173,0,1,10,1,12,90,63,23,9,185,0,0,0,185
11/04/2020,MKE,WI,AGL,CE,Combined TRACON& Tower with Radar,102,67,5,2,176,0,2,11,0,13,102,69,16,2,189,0,0,0,189
11/05/2020,MKE,WI,AGL,CE,Combined TRACON& Tower with Radar,120,70,14,5,209,0,2,16,0,18,120,72,30,5,227,0,0,0,227
11/06/2020,MKE,WI,AGL,CE,Combined TRACON& Tower with Radar,120,67,13,5,205,0,2,14,0,16,120,69,27,5,221,0,0,0,221
11/07/2020,MKE,WI,AGL,CE,Combined TRACON& Tower with Radar,99,33,13,1,146,0,2,16,0,18,99,35,29,1,164,0,0,0,164
11/08/2020,MKE,WI,AGL,CE,Combined TRACON& Tower with Radar,105,32,7,9,153,0,0,9,0,9,105,32,16,9,162,0,0,0,162
11/09/2020,MKE,WI,AGL,CE,Combined TRACON& Tower with Radar,77,41,15,1,134,0,2,3,0,5,77,43,18,1,139,0,0,0,139
11/10/2020,MKE,WI,AGL,CE,Combined TRACON& Tower with Radar,93,52,6,0,151,0,0,0,0,0,93,52,6,0,151,0,0,0,151
11/11/2020,MKE,WI,AGL,CE,Combined TRACON& Tower with Radar,96,62,15,7,180,0,2,7,0,9,96,64,22,7,189,0,0,0,189
11/12/2020,MKE,WI,AGL,CE,Combined TRACON& Tower with Radar,114,63,16,8,201,0,4,14,0,18,114,67,30,8,219,0,0,0,219
11/13/2020,MKE,WI,AGL,CE,Combined TRACON& Tower with Radar,117,66,23,5,211,0,0,19,0,19,117,66,42,5,230,0,0,0,230
11/14/2020,MKE,WI,AGL,CE,Combined TRACON& Tower with Radar,103,30,12,1,146,0,0,9,0,9,103,30,21,1,155,0,0,0,155
11/15/2020,MKE,WI,AGL,CE,Combined TRACON& Tower with Radar,106,25,9,0,140,0,0,0,0,0,106,25,9,0,140,0,0,0,140
11/16/2020,MKE,WI,AGL,CE,Combined TRACON& Tower with Radar,113,61,14,5,193,0,0,4,0,4,113,61,18,5,197,0,0,0,197
11/17/2020,MKE,WI,AGL,CE,Combined TRACON& Tower with Radar,98,61,11,2,172,0,0,13,0,13,98,61,24,2,185,0,0,0,185
11/18/2020,MKE,WI,AGL,CE,Combined TRACON& Tower with Radar,101,60,14,4,179,0,4,0,0,4,101,64,14,4,183,0,0,0,183
11/19/2020,MKE,WI,AGL,CE,Combined TRACON& Tower with Radar,116,64,19,1,200,0,3,3,1,7,116,67,22,2,207,0,0,0,207
11/20/2020,MKE,WI,AGL,CE,Combined TRACON& Tower with Radar,124,64,10,5,203,0,3,9,0,12,124,67,19,5,215,0,0,0,215
11/21/2020,MKE,WI,AGL,CE,Combined TRACON& Tower with Radar,122,34,14,0,170,0,5,13,0,18,122,39,27,0,188,0,0,0,188
11/22/2020,MKE,WI,AGL,CE,Combined TRACON& Tower with Radar,109,26,13,0,148,0,4,10,0,14,109,30,23,0,162,0,0,0,162
11/23/2020,MKE,WI,AGL,CE,Combined TRACON& Tower with Radar,123,54,11,8,196,0,1,12,0,13,123,55,23,8,209,0,0,0,209
11/24/2020,MKE,WI,AGL,CE,Combined TRACON& Tower with Radar,144,61,14,6,225,1,0,2,0,3,145,61,16,6,228,0,0,0,228
11/25/2020,MKE,WI,AGL,CE,Combined TRACON& Tower with Radar,140,55,18,0,213,0,0,0,0,0,140,55,18,0,213,0,0,0,213
11/26/2020,MKE,WI,AGL,CE,Combined TRACON& Tower with Radar,60,11,6,0,77,0,0,2,0,2,60,11,8,0,79,0,0,0,79
11/27/2020,MKE,WI,AGL,CE,Combined TRACON& Tower with Radar,110,51,10,0,171,0,4,10,0,14,110,55,20,0,185,0,0,0,185
11/28/2020,MKE,WI,AGL,CE,Combined TRACON& Tower with Radar,127,53,9,0,189,0,0,13,0,13,127,53,22,0,202,0,0,0,202
11/29/2020,MKE,WI,AGL,CE,Combined TRACON& Tower with Radar,124,42,16,0,182,0,2,6,1,9,124,44,22,1,191,0,0,0,191
11/30/2020,MKE,WI,AGL,CE,Combined TRACON& Tower with Radar,131,60,15,3,209,0,2,0,0,2,131,62,15,3,211,0,0,0,211
12/01/2020,MKE,WI,AGL,CE,Combined TRACON& Tower with Radar,115,74,11,4,204,0,7,7,0,14,115,81,18,4,218,0,0,0,218
12/02/2020,MKE,WI,AGL,CE,Combined TRACON& Tower with Radar,94,77,24,8,203,0,8,17,0,25,94,85,41,8,228,0,0,0,228
12/03/2020,MKE,WI,AGL,CE,Combined TRACON& Tower with Radar,96,91,12,6,205,0,0,1,0,1,96,91,13,6,206,0,0,0,206
12/04/2020,MKE,WI,AGL,CE,Combined TRACON& Tower with Radar,91,70,10,15,186,0,8,5,6,19,91,78,15,21,205,0,0,0,205
12/05/2020,MKE,WI,AGL,CE,Combined TRACON& Tower with Radar,84,36,10,2,132,0,7,17,0,24,84,43,27,2,156,0,0,0,156
12/06/2020,MKE,WI,AGL,CE,Combined TRACON& Tower with Radar,80,24,8,3,115,0,2,6,0,8,80,26,14,3,123,0,0,0,123
12/07/2020,MKE,WI,AGL,CE,Combined TRACON& Tower with Radar,89,57,23,1,170,0,1,8,0,9,89,58,31,1,179,0,0,0,179
12/08/2020,MKE,WI,AGL,CE,Combined TRACON& Tower with Radar,83,70,9,8,170,0,2,1,0,3,83,72,10,8,173,0,0,0,173
12/09/2020,MKE,WI,AGL,CE,Combined TRACON& Tower with Radar,89,67,11,9,176,0,3,20,0,23,89,70,31,9,199,0,0,0,199
12/10/2020,MKE,WI,AGL,CE,Combined TRACON& Tower with Radar,98,79,21,0,198,0,1,19,0,20,98,80,40,0,218,0,0,0,218
12/11/2020,MKE,WI,AGL,CE,Combined TRACON& Tower with Radar,96,61,14,3,174,0,0,1,0,1,96,61,15,3,175,0,0,0,175
12/12/2020,MKE,WI,AGL,CE,Combined TRACON& Tower with Radar,82,40,7,1,130,0,0,1,0,1,82,40,8,1,131,0,0,0,131
12/13/2020,MKE,WI,AGL,CE,Combined TRACON& Tower with Radar,86,24,6,1,117,0,0,4,0,4,86,24,10,1,121,0,0,0,121
12/14/2020,MKE,WI,AGL,CE,Combined TRACON& Tower with Radar,90,55,32,4,181,0,2,27,0,29,90,57,59,4,210,0,0,0,210
12/15/2020,MKE,WI,AGL,CE,Combined TRACON& Tower with Radar,88,69,12,5,174,0,2,7,0,9,88,71,19,5,183,0,0,0,183
12/16/2020,MKE,WI,AGL,CE,Combined TRACON& Tower with Radar,95,65,12,0,172,0,0,1,0,1,95,65,13,0,173,0,0,0,173
12/17/2020,MKE,WI,AGL,CE,Combined TRACON& Tower with Radar,116,76,20,5,217,0,8,16,0,24,116,84,36,5,241,0,0,0,241
12/18/2020,MKE,WI,AGL,CE,Combined TRACON& Tower with Radar,112,74,16,18,220,0,3,10,0,13,112,77,26,18,233,0,0,0,233
12/19/2020,MKE,WI,AGL,CE,Combined TRACON& Tower with Radar,109,52,9,0,170,0,0,0,0,0,109,52,9,0,170,0,0,0,170
12/20/2020,MKE,WI,AGL,CE,Combined TRACON& Tower with Radar,98,27,14,0,139,0,2,10,0,12,98,29,24,0,151,0,0,0,151
12/21/2020,MKE,WI,AGL,CE,Combined TRACON& Tower with Radar,107,44,11,0,162,0,0,3,1,4,107,44,14,1,166,0,0,0,166
12/22/2020,MKE,WI,AGL,CE,Combined TRACON& Tower with Radar,117,62,10,14,203,0,5,7,0,12,117,67,17,14,215,0,0,0,215
12/23/2020,MKE,WI,AGL,CE,Combined TRACON& Tower with Radar,122,74,22,0,218,0,1,7,0,8,122,75,29,0,226,0,0,0,226
12/24/2020,MKE,WI,AGL,CE,Combined TRACON& Tower with Radar,88,57,0,0,145,0,2,1,0,3,88,59,1,0,148,0,0,0,148
12/25/2020,MKE,WI,AGL,CE,Combined TRACON& Tower with Radar,63,15,2,0,80,0,2,2,0,4,63,17,4,0,84,0,0,0,84
12/26/2020,MKE,WI,AGL,CE,Combined TRACON& Tower with Radar,113,61,11,0,185,0,6,13,0,19,113,67,24,0,204,0,0,0,204
12/27/2020,MKE,WI,AGL,CE,Combined TRACON& Tower with Radar,106,35,15,0,156,0,0,2,0,2,106,35,17,0,158,0,0,0,158
12/28/2020,MKE,WI,AGL,CE,Combined TRACON& Tower with Radar,96,65,13,1,175,0,2,13,0,15,96,67,26,1,190,0,0,0,190
12/29/2020,MKE,WI,AGL,CE,Combined TRACON& Tower with Radar,106,70,9,0,185,0,1,6,0,7,106,71,15,0,192,0,0,0,192
12/30/2020,MKE,WI,AGL,CE,Combined TRACON& Tower with Radar,112,74,16,1,203,0,4,0,0,4,112,78,16,1,207,0,0,0,207
12/31/2020,MKE,WI,AGL,CE,Combined TRACON& Tower with Radar,93,45,1,0,139,0,0,2,0,2,93,45,3,0,141,0,0,0,141
01/01/2021,MKE,WI,AGL,CE,Combined TRACON& Tower with Radar,74,21,7,0,102,0,0,0,0,0,74,21,7,0,102,0,0,0,102
01/02/2021,MKE,WI,AGL,CE,Combined TRACON& Tower with Radar,112,56,16,0,184,0,0,0,0,0,112,56,16,0,184,0,0,0,184
01/03/2021,MKE,WI,AGL,CE,Combined TRACON& Tower with Radar,119,35,17,0,171,0,0,5,0,5,119,35,22,0,176,0,0,0,176
01/04/2021,MKE,WI,AGL,CE,Combined TRACON& Tower with Radar,105,58,10,0,173,0,0,0,0,0,105,58,10,0,173,0,0,0,173
01/05/2021,MKE,WI,AGL,CE,Combined TRACON& Tower with Radar,108,65,8,0,181,0,0,2,0,2,108,65,10,0,183,0,0,0,183
01/06/2021,MKE,WI,AGL,CE,Combined TRACON& Tower with Radar,102,71,20,10,203,0,0,6,0,6,102,71,26,10,209,0,0,0,209
01/07/2021,MKE,WI,AGL,CE,Combined TRACON& Tower with Radar,100,76,4,0,180,0,0,2,0,2,100,76,6,0,182,0,0,0,182
01/08/2021,MKE,WI,AGL,CE,Combined TRACON& Tower with Radar,99,64,15,6,184,0,0,0,0,0,99,64,15,6,184,0,0,0,184
01/09/2021,MKE,WI,AGL,CE,Combined TRACON& Tower with Radar,90,46,13,0,149,0,0,15,0,15,90,46,28,0,164,0,0,0,164
01/10/2021,MKE,WI,AGL,CE,Combined TRACON& Tower with Radar,92,30,11,6,139,0,0,0,0,0,92,30,11,6,139,0,0,0,139
01/11/2021,MKE,WI,AGL,CE,Combined TRACON& Tower with Radar,90,48,7,1,146,0,0,1,0,1,90,48,8,1,147,0,0,0,147
01/12/2021,MKE,WI,AGL,CE,Combined TRACON& Tower with Radar,88,63,7,6,164,0,0,0,0,0,88,63,7,6,164,0,0,0,164
01/13/2021,MKE,WI,AGL,CE,Combined TRACON& Tower with Radar,85,53,14,7,159,0,9,14,0,23,85,62,28,7,182,0,0,0,182
01/14/2021,MKE,WI,AGL,CE,Combined TRACON& Tower with Radar,100,74,9,3,186,0,4,0,0,4,100,78,9,3,190,0,0,0,190
01/15/2021,MKE,WI,AGL,CE,Combined TRACON& Tower with Radar,102,71,17,0,190,0,2,4,0,6,102,73,21,0,196,0,0,0,196
01/16/2021,MKE,WI,AGL,CE,Combined TRACON& Tower with Radar,85,40,6,14,145,0,2,3,0,5,85,42,9,14,150,0,0,0,150
01/17/2021,MKE,WI,AGL,CE,Combined TRACON& Tower with Radar,87,40,10,6,143,0,2,0,0,2,87,42,10,6,145,0,0,0,145
01/18/2021,MKE,WI,AGL,CE,Combined TRACON& Tower with Radar,89,39,3,1,132,0,3,3,3,9,89,42,6,4,141,0,0,0,141
01/19/2021,MKE,WI,AGL,CE,Combined TRACON& Tower with Radar,92,61,5,5,163,0,0,2,0,2,92,61,7,5,165,0,0,0,165
01/20/2021,MKE,WI,AGL,CE,Combined TRACON& Tower with Radar,87,67,12,8,174,0,2,15,0,17,87,69,27,8,191,0,0,0,191
01/21/2021,MKE,WI,AGL,CE,Combined TRACON& Tower with Radar,95,90,7,11,203,0,2,6,0,8,95,92,13,11,211,0,0,0,211
01/22/2021,MKE,WI,AGL,CE,Combined TRACON& Tower with Radar,100,72,19,2,193,0,8,9,0,17,100,80,28,2,210,0,0,0,210
01/23/2021,MKE,WI,AGL,CE,Combined TRACON& Tower with Radar,84,38,15,0,137,0,3,19,0,22,84,41,34,0,159,0,0,0,159
01/24/2021,MKE,WI,AGL,CE,Combined TRACON& Tower with Radar,88,42,11,0,141,0,0,2,0,2,88,42,13,0,143,0,0,0,143
01/25/2021,MKE,WI,AGL,CE,Combined TRACON& Tower with Radar,86,49,16,12,163,0,0,2,0,2,86,49,18,12,165,0,0,0,165
01/26/2021,MKE,WI,AGL,CE,Combined TRACON& Tower with Radar,91,67,6,0,164,0,2,0,0,2,91,69,6,0,166,0,0,0,166
01/27/2021,MKE,WI,AGL,CE,Combined TRACON& Tower with Radar,89,74,16,27,206,0,0,9,0,9,89,74,25,27,215,0,0,0,215
01/28/2021,MKE,WI,AGL,CE,Combined TRACON& Tower with Radar,92,84,29,2,207,0,2,22,0,24,92,86,51,2,231,0,0,0,231
01/29/2021,MKE,WI,AGL,CE,Combined TRACON& Tower with Radar,107,66,23,4,200,0,0,12,0,12,107,66,35,4,212,0,0,0,212
01/30/2021,MKE,WI,AGL,CE,Combined TRACON& Tower with Radar,80,54,13,0,147,0,2,3,0,5,80,56,16,0,152,0,0,0,152
01/31/2021,MKE,WI,AGL,CE,Combined TRACON& Tower with Radar,86,22,6,0,114,0,0,0,0,0,86,22,6,0,114,0,0,0,114
02/01/2021,MKE,WI,AGL,CE,Combined TRACON& Tower with Radar,90,47,12,6,155,0,0,6,0,6,90,47,18,6,161,0,0,0,161
02/02/2021,MKE,WI,AGL,CE,Combined TRACON& Tower with Radar,91,65,19,17,192,0,2,8,0,10,91,67,27,17,202,0,0,0,202
02/03/2021,MKE,WI,AGL,CE,Combined TRACON& Tower with Radar,97,65,14,6,182,0,6,14,0,20,97,71,28,6,202,0,0,0,202
02/04/2021,MKE,WI,AGL,CE,Combined TRACON& Tower with Radar,102,62,21,2,187,0,5,0,0,5,102,67,21,2,192,0,0,0,192
02/05/2021,MKE,WI,AGL,CE,Combined TRACON& Tower with Radar,102,72,16,0,190,0,2,1,0,3,102,74,17,0,193,0,0,0,193
02/06/2021,MKE,WI,AGL,CE,Combined TRACON& Tower with Radar,90,46,8,2,146,0,0,5,0,5,90,46,13,2,151,0,0,0,151
02/07/2021,MKE,WI,AGL,CE,Combined TRACON& Tower with Radar,82,32,9,2,125,0,4,1,0,5,82,36,10,2,130,0,0,0,130
02/08/2021,MKE,WI,AGL,CE,Combined TRACON& Tower with Radar,95,63,21,0,179,0,3,0,0,3,95,66,21,0,182,0,0,0,182
02/09/2021,MKE,WI,AGL,CE,Combined TRACON& Tower with Radar,90,58,10,6,164,0,6,2,0,8,90,64,12,6,172,0,0,0,172
02/10/2021,MKE,WI,AGL,CE,Combined TRACON& Tower with Radar,85,73,22,0,180,0,8,8,0,16,85,81,30,0,196,0,0,0,196
02/11/2021,MKE,WI,AGL,CE,Combined TRACON& Tower with Radar,103,65,21,8,197,0,0,10,10,20,103,65,31,18,217,0,0,0,217
02/12/2021,MKE,WI,AGL,CE,Combined TRACON& Tower with Radar,114,66,10,0,190,0,3,8,0,11,114,69,18,0,201,0,0,0,201
02/13/2021,MKE,WI,AGL,CE,Combined TRACON& Tower with Radar,100,39,7,0,146,0,0,0,0,0,100,39,7,0,146,0,0,0,146
02/14/2021,MKE,WI,AGL,CE,Combined TRACON& Tower with Radar,83,21,15,2,121,0,0,1,2,3,83,21,16,4,124,0,0,0,124
02/15/2021,MKE,WI,AGL,CE,Combined TRACON& Tower with Radar,93,55,11,2,161,0,4,0,0,4,93,59,11,2,165,0,0,0,165
02/16/2021,MKE,WI,AGL,CE,Combined TRACON& Tower with Radar,75,54,15,2,146,0,12,0,1,13,75,66,15,3,159,0,0,0,159
02/17/2021,MKE,WI,AGL,CE,Combined TRACON& Tower with Radar,79,81,10,6,176,0,3,7,0,10,79,84,17,6,186,0,0,0,186
02/18/2021,MKE,WI,AGL,CE,Combined TRACON& Tower with Radar,94,83,18,13,208,0,2,10,0,12,94,85,28,13,220,0,0,0,220
02/19/2021,MKE,WI,AGL,CE,Combined TRACON& Tower with Radar,101,71,20,4,196,0,0,4,0,4,101,71,24,4,200,0,0,0,200
02/20/2021,MKE,WI,AGL,CE,Combined TRACON& Tower with Radar,98,51,10,3,162,0,2,12,0,14,98,53,22,3,176,0,0,0,176
02/21/2021,MKE,WI,AGL,CE,Combined TRACON& Tower with Radar,97,40,5,9,151,0,0,0,0,0,97,40,5,9,151,0,0,0,151
02/22/2021,MKE,WI,AGL,CE,Combined TRACON& Tower with Radar,101,70,9,0,180,0,1,0,0,1,101,71,9,0,181,0,0,0,181
02/23/2021,MKE,WI,AGL,CE,Combined TRACON& Tower with Radar,97,77,32,5,211,0,2,9,0,11,97,79,41,5,222,0,0,0,222
02/24/2021,MKE,WI,AGL,CE,Combined TRACON& Tower with Radar,92,78,12,14,196,0,0,6,1,7,92,78,18,15,203,0,0,0,203
02/25/2021,MKE,WI,AGL,CE,Combined TRACON& Tower with Radar,104,71,14,4,193,0,2,16,0,18,104,73,30,4,211,0,0,0,211
02/26/2021,MKE,WI,AGL,CE,Combined TRACON& Tower with Radar,107,67,24,5,203,0,2,15,0,17,107,69,39,5,220,0,0,0,220
02/27/2021,MKE,WI,AGL,CE,Combined TRACON& Tower with Radar,100,52,7,3,162,0,0,22,1,23,100,52,29,4,185,0,0,0,185
02/28/2021,MKE,WI,AGL,CE,Combined TRACON& Tower with Radar,99,51,19,2,171,0,0,3,0,3,99,51,22,2,174,0,0,0,174
03/01/2021,MKE,WI,AGL,CE,Combined TRACON& Tower with Radar,96,49,17,2,164,0,0,5,0,5,96,49,22,2,169,0,0,0,169
03/02/2021,MKE,WI,AGL,CE,Combined TRACON& Tower with Radar,94,71,7,0,172,0,6,2,1,9,94,77,9,1,181,0,0,0,181
03/03/2021,MKE,WI,AGL,CE,Combined TRACON& Tower with Radar,103,75,26,6,210,0,10,25,0,35,103,85,51,6,245,0,0,0,245
03/04/2021,MKE,WI,AGL,CE,Combined TRACON& Tower with Radar,111,80,16,15,222,0,0,7,0,7,111,80,23,15,229,0,0,0,229
03/05/2021,MKE,WI,AGL,CE,Combined TRACON& Tower with Radar,109,74,29,0,212,0,4,11,0,15,109,78,40,0,227,0,0,0,227
03/06/2021,MKE,WI,AGL,CE,Combined TRACON& Tower with Radar,107,39,12,0,158,0,3,18,0,21,107,42,30,0,179,0,0,0,179
03/07/2021,MKE,WI,AGL,CE,Combined TRACON& Tower with Radar,116,37,12,1,166,0,2,16,2,20,116,39,28,3,186,0,0,0,186
03/08/2021,MKE,WI,AGL,CE,Combined TRACON& Tower with Radar,123,55,20,0,198,0,2,11,0,13,123,57,31,0,211,0,0,0,211
03/09/2021,MKE,WI,AGL,CE,Combined TRACON& Tower with Radar,104,79,22,7,212,0,3,11,0,14,104,82,33,7,226,0,0,0,226
03/10/2021,MKE,WI,AGL,CE,Combined TRACON& Tower with Radar,104,69,24,6,203,0,2,0,0,2,104,71,24,6,205,0,0,0,205
03/11/2021,MKE,WI,AGL,CE,Combined TRACON& Tower with Radar,143,80,18,0,241,0,0,1,0,1,143,80,19,0,242,0,0,0,242
03/12/2021,MKE,WI,AGL,CE,Combined TRACON& Tower with Radar,144,69,19,10,242,0,2,4,0,6,144,71,23,10,248,0,0,0,248
03/13/2021,MKE,WI,AGL,CE,Combined TRACON& Tower with Radar,126,51,11,0,188,0,0,24,0,24,126,51,35,0,212,0,0,0,212
03/14/2021,MKE,WI,AGL,CE,Combined TRACON& Tower with Radar,120,35,10,0,165,0,1,19,0,20,120,36,29,0,185,0,0,0,185
03/15/2021,MKE,WI,AGL,CE,Combined TRACON& Tower with Radar,130,53,13,1,197,0,0,1,0,1,130,53,14,1,198,0,0,0,198
03/16/2021,MKE,WI,AGL,CE,Combined TRACON& Tower with Radar,133,65,22,4,224,0,4,0,0,4,133,69,22,4,228,0,0,0,228
03/17/2021,MKE,WI,AGL,CE,Combined TRACON& Tower with Radar,136,85,26,0,247,0,0,0,0,0,136,85,26,0,247,0,0,0,247
03/18/2021,MKE,WI,AGL,CE,Combined TRACON& Tower with Radar,143,68,10,6,227,0,0,3,0,3,143,68,13,6,230,0,0,0,230
03/19/2021,MKE,WI,AGL,CE,Combined TRACON& Tower with Radar,153,65,15,7,240,0,4,11,0,15,153,69,26,7,255,0,0,0,255
03/20/2021,MKE,WI,AGL,CE,Combined TRACON& Tower with Radar,133,41,17,3,194,0,6,21,0,27,133,47,38,3,221,0,0,0,221
03/21/2021,MKE,WI,AGL,CE,Combined TRACON& Tower with Radar,135,27,11,0,173,0,4,9,0,13,135,31,20,0,186,0,0,0,186
03/22/2021,MKE,WI,AGL,CE,Combined TRACON& Tower with Radar,130,48,18,4,200,0,7,6,0,13,130,55,24,4,213,0,0,0,213
03/23/2021,MKE,WI,AGL,CE,Combined TRACON& Tower with Radar,141,66,16,5,228,0,8,2,2,12,141,74,18,7,240,0,0,0,240
03/24/2021,MKE,WI,AGL,CE,Combined TRACON& Tower with Radar,141,76,16,11,244,0,0,2,0,2,141,76,18,11,246,0,0,0,246
03/25/2021,MKE,WI,AGL,CE,Combined TRACON& Tower with Radar,143,78,20,16,257,0,2,3,0,5,143,80,23,16,262,10,0,10,272
03/26/2021,MKE,WI,AGL,CE,Combined TRACON& Tower with Radar,153,84,24,6,267,0,10,6,0,16,153,94,30,6,283,0,0,0,283
03/27/2021,MKE,WI,AGL,CE,Combined TRACON& Tower with Radar,159,62,24,0,245,0,2,2,0,4,159,64,26,0,249,0,0,0,249
03/28/2021,MKE,WI,AGL,CE,Combined TRACON& Tower with Radar,139,38,12,1,190,0,2,6,0,8,139,40,18,1,198,0,0,0,198
03/29/2021,MKE,WI,AGL,CE,Combined TRACON& Tower with Radar,140,56,18,1,215,0,6,4,0,10,140,62,22,1,225,0,0,0,225
03/30/2021,MKE,WI,AGL,CE,Combined TRACON& Tower with Radar,137,74,18,3,232,0,11,7,0,18,137,85,25,3,250,0,0,0,250
03/31/2021,MKE,WI,AGL,CE,Combined TRACON& Tower with Radar,143,87,28,10,268,0,3,5,1,9,143,90,33,11,277,0,0,0,277
04/01/2021,MKE,WI,AGL,CE,Combined TRACON& Tower with Radar,142,75,28,10,255,0,4,9,1,14,142,79,37,11,269,0,0,0,269
04/02/2021,MKE,WI,AGL,CE,Combined TRACON& Tower with Radar,162,61,15,3,241,0,4,13,0,17,162,65,28,3,258,0,0,0,258
04/03/2021,MKE,WI,AGL,CE,Combined TRACON& Tower with Radar,140,45,15,0,200,0,0,7,0,7,140,45,22,0,207,0,0,0,207
04/04/2021,MKE,WI,AGL,CE,Combined TRACON& Tower with Radar,136,35,18,1,190,1,1,3,0,5,137,36,21,1,195,0,0,0,195
04/05/2021,MKE,WI,AGL,CE,Combined TRACON& Tower with Radar,148,51,17,1,217,0,4,15,0,19,148,55,32,1,236,0,0,0,236
04/06/2021,MKE,WI,AGL,CE,Combined TRACON& Tower with Radar,142,68,17,13,240,0,2,15,0,17,142,70,32,13,257,0,0,0,257
04/07/2021,MKE,WI,AGL,CE,Combined TRACON& Tower with Radar,141,74,16,4,235,0,0,5,0,5,141,74,21,4,240,8,0,8,248
04/08/2021,MKE,WI,AGL,CE,Combined TRACON& Tower with Radar,145,105,16,17,283,0,0,0,0,0,145,105,16,17,283,0,0,0,283
04/09/2021,MKE,WI,AGL,CE,Combined TRACON& Tower with Radar,152,79,21,0,252,0,0,4,4,8,152,79,25,4,260,0,0,0,260
04/10/2021,MKE,WI,AGL,CE,Combined TRACON& Tower with Radar,136,48,11,3,198,0,0,2,0,2,136,48,13,3,200,0,0,0,200
04/11/2021,MKE,WI,AGL,CE,Combined TRACON& Tower with Radar,120,42,16,0,178,0,0,10,0,10,120,42,26,0,188,0,0,0,188
04/12/2021,MKE,WI,AGL,CE,Combined TRACON& Tower with Radar,129,58,33,0,220,0,11,2,0,13,129,69,35,0,233,0,0,0,233
04/13/2021,MKE,WI,AGL,CE,Combined TRACON& Tower with Radar,112,73,15,2,202,0,4,8,0,12,112,77,23,2,214,0,0,0,214
04/14/2021,MKE,WI,AGL,CE,Combined TRACON& Tower with Radar,121,76,8,4,209,0,12,4,0,16,121,88,12,4,225,0,0,0,225
04/15/2021,MKE,WI,AGL,CE,Combined TRACON& Tower with Radar,129,92,24,5,250,0,0,8,0,8,129,92,32,5,258,18,0,18,276
04/16/2021,MKE,WI,AGL,CE,Combined TRACON& Tower with Radar,138,70,10,0,218,0,4,9,4,17,138,74,19,4,235,22,6,28,263
04/17/2021,MKE,WI,AGL,CE,Combined TRACON& Tower with Radar,119,50,9,1,179,0,3,18,2,23,119,53,27,3,202,12,0,12,214
04/18/2021,MKE,WI,AGL,CE,Combined TRACON& Tower with Radar,129,40,19,0,188,0,2,12,0,14,129,42,31,0,202,0,0,0,202
04/19/2021,MKE,WI,AGL,CE,Combined TRACON& Tower with Radar,128,57,12,1,198,0,4,3,0,7,128,61,15,1,205,0,0,0,205
04/20/2021,MKE,WI,AGL,CE,Combined TRACON& Tower with Radar,113,63,13,0,189,0,4,5,6,15,113,67,18,6,204,0,0,0,204
04/21/2021,MKE,WI,AGL,CE,Combined TRACON& Tower with Radar,117,56,20,3,196,0,2,1,0,3,117,58,21,3,199,0,0,0,199
04/22/2021,MKE,WI,AGL,CE,Combined TRACON& Tower with Radar,133,78,21,3,235,0,0,4,0,4,133,78,25,3,239,0,0,0,239
04/23/2021,MKE,WI,AGL,CE,Combined TRACON& Tower with Radar,135,69,25,0,229,0,0,9,0,9,135,69,34,0,238,0,0,0,238
04/24/2021,MKE,WI,AGL,CE,Combined TRACON& Tower with Radar,121,41,13,2,177,0,1,20,0,21,121,42,33,2,198,0,0,0,198
04/25/2021,MKE,WI,AGL,CE,Combined TRACON& Tower with Radar,121,40,23,3,187,0,1,9,0,10,121,41,32,3,197,0,0,0,197
04/26/2021,MKE,WI,AGL,CE,Combined TRACON& Tower with Radar,134,80,20,0,234,0,0,3,0,3,134,80,23,0,237,0,0,0,237
04/27/2021,MKE,WI,AGL,CE,Combined TRACON& Tower with Radar,114,61,27,2,204,0,2,16,0,18,114,63,43,2,222,0,0,0,222
04/28/2021,MKE,WI,AGL,CE,Combined TRACON& Tower with Radar,115,77,30,4,226,0,0,7,0,7,115,77,37,4,233,0,0,0,233
04/29/2021,MKE,WI,AGL,CE,Combined TRACON& Tower with Radar,133,83,28,2,246,0,4,8,0,12,133,87,36,2,258,0,0,0,258
04/30/2021,MKE,WI,AGL,CE,Combined TRACON& Tower with Radar,140,70,24,11,245,0,2,7,1,10,140,72,31,12,255,0,0,0,255
05/01/2021,MKE,WI,AGL,CE,Combined TRACON& Tower with Radar,128,46,17,1,192,0,1,4,0,5,128,47,21,1,197,0,0,0,197
05/02/2021,MKE,WI,AGL,CE,Combined TRACON& Tower with Radar,122,52,13,0,187,0,2,13,0,15,122,54,26,0,202,0,0,0,202
05/03/2021,MKE,WI,AGL,CE,Combined TRACON& Tower with Radar,135,64,13,3,215,0,0,0,0,0,135,64,13,3,215,0,0,0,215
05/04/2021,MKE,WI,AGL,CE,Combined TRACON& Tower with Radar,109,76,18,3,206,0,0,8,2,10,109,76,26,5,216,0,0,0,216
05/05/2021,MKE,WI,AGL,CE,Combined TRACON& Tower with Radar,119,62,13,3,197,0,0,6,0,6,119,62,19,3,203,0,0,0,203
05/06/2021,MKE,WI,AGL,CE,Combined TRACON& Tower with Radar,134,74,28,0,236,0,1,8,2,11,134,75,36,2,247,0,0,0,247
05/07/2021,MKE,WI,AGL,CE,Combined TRACON& Tower with Radar,142,71,16,4,233,0,2,5,0,7,142,73,21,4,240,0,0,0,240
05/08/2021,MKE,WI,AGL,CE,Combined TRACON& Tower with Radar,126,42,8,0,176,0,0,22,0,22,126,42,30,0,198,0,0,0,198
05/09/2021,MKE,WI,AGL,CE,Combined TRACON& Tower with Radar,128,31,12,1,172,0,0,9,0,9,128,31,21,1,181,0,0,0,181
05/10/2021,MKE,WI,AGL,CE,Combined TRACON& Tower with Radar,136,59,26,0,221,0,7,16,4,27,136,66,42,4,248,0,0,0,248
05/11/2021,MKE,WI,AGL,CE,Combined TRACON& Tower with Radar,132,61,18,4,215,0,4,12,0,16,132,65,30,4,231,0,0,0,231
05/12/2021,MKE,WI,AGL,CE,Combined TRACON& Tower with Radar,135,73,25,9,242,0,6,17,0,23,135,79,42,9,265,0,0,0,265
05/13/2021,MKE,WI,AGL,CE,Combined TRACON& Tower with Radar,143,68,22,4,237,0,1,25,7,33,143,69,47,11,270,0,0,0,270
05/14/2021,MKE,WI,AGL,CE,Combined TRACON& Tower with Radar,141,76,11,27,255,0,4,5,2,11,141,80,16,29,266,0,0,0,266
05/15/2021,MKE,WI,AGL,CE,Combined TRACON& Tower with Radar,127,47,6,2,182,0,1,3,0,4,127,48,9,2,186,0,0,0,186
05/16/2021,MKE,WI,AGL,CE,Combined TRACON& Tower with Radar,126,39,20,5,190,0,0,11,0,11,126,39,31,5,201,0,0,0,201
05/17/2021,MKE,WI,AGL,CE,Combined TRACON& Tower with Radar,131,51,27,6,215,0,0,9,3,12,131,51,36,9,227,0,0,0,227
05/18/2021,MKE,WI,AGL,CE,Combined TRACON& Tower with Radar,129,66,17,12,224,0,2,3,0,5,129,68,20,12,229,0,0,0,229
05/19/2021,MKE,WI,AGL,CE,Combined TRACON& Tower with Radar,135,68,21,10,234,0,2,4,0,6,135,70,25,10,240,0,0,0,240
05/20/2021,MKE,WI,AGL,CE,Combined TRACON& Tower with Radar,137,79,34,4,254,0,2,15,0,17,137,81,49,4,271,0,0,0,271
05/21/2021,MKE,WI,AGL,CE,Combined TRACON& Tower with Radar,142,75,12,8,237,0,2,8,0,10,142,77,20,8,247,0,0,0,247
05/22/2021,MKE,WI,AGL,CE,Combined TRACON& Tower with Radar,130,45,10,1,186,0,0,14,0,14,130,45,24,1,200,0,0,0,200
05/23/2021,MKE,WI,AGL,CE,Combined TRACON& Tower with Radar,129,38,17,1,185,0,0,0,0,0,129,38,17,1,185,0,0,0,185
05/24/2021,MKE,WI,AGL,CE,Combined TRACON& Tower with Radar,132,67,32,2,233,0,3,5,1,9,132,70,37,3,242,0,0,0,242
05/25/2021,MKE,WI,AGL,CE,Combined TRACON& Tower with Radar,133,65,21,4,223,0,6,9,0,15,133,71,30,4,238,0,0,0,238
05/26/2021,MKE,WI,AGL,CE,Combined TRACON& Tower with Radar,138,68,18,8,232,0,4,12,1,17,138,72,30,9,249,0,0,0,249
05/27/2021,MKE,WI,AGL,CE,Combined TRACON& Tower with Radar,139,75,28,5,247,0,5,6,0,11,139,80,34,5,258,0,0,0,258
05/28/2021,MKE,WI,AGL,CE,Combined TRACON& Tower with Radar,137,77,29,1,244,0,0,0,0,0,137,77,29,1,244,0,0,0,244
05/29/2021,MKE,WI,AGL,CE,Combined TRACON& Tower with Radar,132,53,13,3,201,0,3,13,0,16,132,56,26,3,217,0,0,0,217
05/30/2021,MKE,WI,AGL,CE,Combined TRACON& Tower with Radar,116,41,7,3,167,0,0,21,0,21,116,41,28,3,188,0,0,0,188
05/31/2021,MKE,WI,AGL,CE,Combined TRACON& Tower with Radar,120,23,17,1,161,0,0,13,0,13,120,23,30,1,174,0,0,0,174
06/01/2021,MKE,WI,AGL,CE,Combined TRACON& Tower with Radar,121,65,31,9,226,0,13,17,11,41,121,78,48,20,267,0,0,0,267
06/02/2021,MKE,WI,AGL,CE,Combined TRACON& Tower with Radar,138,76,34,18,266,0,8,20,0,28,138,84,54,18,294,0,0,0,294
06/03/2021,MKE,WI,AGL,CE,Combined TRACON& Tower with Radar,142,65,29,9,245,0,9,15,0,24,142,74,44,9,269,0,0,0,269
06/04/2021,MKE,WI,AGL,CE,Combined TRACON& Tower with Radar,143,80,22,5,250,0,12,5,0,17,143,92,27,5,267,0,0,0,267
06/05/2021,MKE,WI,AGL,CE,Combined TRACON& Tower with Radar,134,47,10,12,203,0,6,13,0,19,134,53,23,12,222,0,0,0,222
06/06/2021,MKE,WI,AGL,CE,Combined TRACON& Tower with Radar,131,48,15,9,203,0,0,13,0,13,131,48,28,9,216,0,0,0,216
06/07/2021,MKE,WI,AGL,CE,Combined TRACON& Tower with Radar,131,60,32,1,224,0,1,9,0,10,131,61,41,1,234,0,0,0,234
06/08/2021,MKE,WI,AGL,CE,Combined TRACON& Tower with Radar,139,57,21,15,232,0,6,6,0,12,139,63,27,15,244,0,0,0,244
06/09/2021,MKE,WI,AGL,CE,Combined TRACON& Tower with Radar,142,79,26,4,251,0,13,29,0,42,142,92,55,4,293,0,0,0,293
06/10/2021,MKE,WI,AGL,CE,Combined TRACON& Tower with Radar,144,82,40,1,267,0,10,17,0,27,144,92,57,1,294,0,0,0,294
06/11/2021,MKE,WI,AGL,CE,Combined TRACON& Tower with Radar,147,74,31,16,268,0,6,17,4,27,147,80,48,20,295,0,0,0,295
06/12/2021,MKE,WI,AGL,CE,Combined TRACON& Tower with Radar,177,60,12,3,252,0,3,15,0,18,177,63,27,3,270,0,0,0,270
06/13/2021,MKE,WI,AGL,CE,Combined TRACON& Tower with Radar,136,60,29,2,227,0,2,11,0,13,136,62,40,2,240,0,0,0,240
06/14/2021,MKE,WI,AGL,CE,Combined TRACON& Tower with Radar,133,53,23,0,209,0,0,11,4,15,133,53,34,4,224,0,0,0,224
06/15/2021,MKE,WI,AGL,CE,Combined TRACON& Tower with Radar,140,67,19,2,228,0,2,13,0,15,140,69,32,2,243,0,0,0,243
06/16/2021,MKE,WI,AGL,CE,Combined TRACON& Tower with Radar,137,72,30,0,239,0,0,17,0,17,137,72,47,0,256,0,0,0,256
06/17/2021,MKE,WI,AGL,CE,Combined TRACON& Tower with Radar,141,81,18,4,244,0,0,7,0,7,141,81,25,4,251,0,0,0,251
06/18/2021,MKE,WI,AGL,CE,Combined TRACON& Tower with Radar,153,73,21,6,253,0,4,11,0,15,153,77,32,6,268,0,0,0,268
06/19/2021,MKE,WI,AGL,CE,Combined TRACON& Tower with Radar,151,46,18,1,216,0,0,12,0,12,151,46,30,1,228,0,0,0,228
06/20/2021,MKE,WI,AGL,CE,Combined TRACON& Tower with Radar,127,42,22,2,193,0,0,8,0,8,127,42,30,2,201,0,0,0,201
06/21/2021,MKE,WI,AGL,CE,Combined TRACON& Tower with Radar,129,58,24,4,215,0,0,22,3,25,129,58,46,7,240,0,0,0,240
06/22/2021,MKE,WI,AGL,CE,Combined TRACON& Tower with Radar,140,63,25,13,241,0,0,27,0,27,140,63,52,13,268,0,0,0,268
06/23/2021,MKE,WI,AGL,CE,Combined TRACON& Tower with Radar,140,73,46,11,270,0,6,11,0,17,140,79,57,11,287,0,0,0,287
06/24/2021,MKE,WI,AGL,CE,Combined TRACON& Tower with Radar,141,74,20,5,240,0,0,7,0,7,141,74,27,5,247,0,0,0,247
06/25/2021,MKE,WI,AGL,CE,Combined TRACON& Tower with Radar,150,88,48,6,292,0,0,5,3,8,150,88,53,9,300,0,0,0,300
06/26/2021,MKE,WI,AGL,CE,Combined TRACON& Tower with Radar,157,59,15,0,231,0,0,3,0,3,157,59,18,0,234,0,0,0,234
06/27/2021,MKE,WI,AGL,CE,Combined TRACON& Tower with Radar,131,42,11,2,186,0,6,5,0,11,131,48,16,2,197,0,0,0,197
06/28/2021,MKE,WI,AGL,CE,Combined TRACON& Tower with Radar,150,58,19,0,227,0,16,8,0,24,150,74,27,0,251,0,0,0,251
06/29/2021,MKE,WI,AGL,CE,Combined TRACON& Tower with Radar,156,82,29,6,273,0,0,3,0,3,156,82,32,6,276,0,0,0,276
06/30/2021,MKE,WI,AGL,CE,Combined TRACON& Tower with Radar,145,76,31,9,261,0,8,11,2,21,145,84,42,11,282,0,0,0,282
07/01/2021,MKE,WI,AGL,CE,Combined TRACON& Tower with Radar,142,97,38,12,289,0,2,20,9,31,142,99,58,21,320,0,0,0,320
07/02/2021,MKE,WI,AGL,CE,Combined TRACON& Tower with Radar,131,69,19,0,219,0,4,14,0,18,131,73,33,0,237,0,0,0,237
07/03/2021,MKE,WI,AGL,CE,Combined TRACON& Tower with Radar,147,52,7,2,208,0,0,10,0,10,147,52,17,2,218,0,0,0,218
07/04/2021,MKE,WI,AGL,CE,Combined TRACON& Tower with Radar,126,39,6,1,172,0,5,6,2,13,126,44,12,3,185,0,0,0,185
07/05/2021,MKE,WI,AGL,CE,Combined TRACON& Tower with Radar,130,38,13,2,183,0,2,13,0,15,130,40,26,2,198,0,0,0,198
07/06/2021,MKE,WI,AGL,CE,Combined TRACON& Tower with Radar,128,64,17,2,211,0,6,2,0,8,128,70,19,2,219,0,0,0,219
07/07/2021,MKE,WI,AGL,CE,Combined TRACON& Tower with Radar,145,71,23,2,241,0,0,0,0,0,145,71,23,2,241,0,0,0,241
07/08/2021,MKE,WI,AGL,CE,Combined TRACON& Tower with Radar,150,81,21,1,253,0,0,8,0,8,150,81,29,1,261,0,0,0,261
07/09/2021,MKE,WI,AGL,CE,Combined TRACON& Tower with Radar,157,76,15,4,252,0,2,19,0,21,157,78,34,4,273,0,0,0,273
07/10/2021,MKE,WI,AGL,CE,Combined TRACON& Tower with Radar,153,57,15,0,225,0,0,7,0,7,153,57,22,0,232,0,0,0,232
07/11/2021,MKE,WI,AGL,CE,Combined TRACON& Tower with Radar,138,88,54,3,283,0,1,1,1,3,138,89,55,4,286,0,0,0,286
07/12/2021,MKE,WI,AGL,CE,Combined TRACON& Tower with Radar,143,55,32,2,232,0,2,0,0,2,143,57,32,2,234,0,0,0,234
07/13/2021,MKE,WI,AGL,CE,Combined TRACON& Tower with Radar,143,89,34,20,286,0,2,10,0,12,143,91,44,20,298,0,0,0,298
07/14/2021,MKE,WI,AGL,CE,Combined TRACON& Tower with Radar,142,93,74,6,315,0,0,23,0,23,142,93,97,6,338,0,0,0,338
07/15/2021,MKE,WI,AGL,CE,Combined TRACON& Tower with Radar,162,98,50,15,325,0,0,13,0,13,162,98,63,15,338,0,0,0,338
07/16/2021,MKE,WI,AGL,CE,Combined TRACON& Tower with Radar,149,88,26,1,264,0,10,15,0,25,149,98,41,1,289,0,0,0,289
07/17/2021,MKE,WI,AGL,CE,Combined TRACON& Tower with Radar,146,50,15,0,211,0,2,39,0,41,146,52,54,0,252,0,0,0,252
07/18/2021,MKE,WI,AGL,CE,Combined TRACON& Tower with Radar,143,57,13,0,213,0,2,33,0,35,143,59,46,0,248,0,0,0,248
07/19/2021,MKE,WI,AGL,CE,Combined TRACON& Tower with Radar,137,63,33,2,235,0,8,34,0,42,137,71,67,2,277,0,0,0,277
07/20/2021,MKE,WI,AGL,CE,Combined TRACON& Tower with Radar,151,108,65,6,330,0,2,20,0,22,151,110,85,6,352,0,0,0,352
07/21/2021,MKE,WI,AGL,CE,Combined TRACON& Tower with Radar,149,99,54,6,308,0,4,18,1,23,149,103,72,7,331,0,0,0,331
07/22/2021,MKE,WI,AGL,CE,Combined TRACON& Tower with Radar,145,88,36,12,281,0,0,24,0,24,145,88,60,12,305,0,0,0,305
07/23/2021,MKE,WI,AGL,CE,Combined TRACON& Tower with Radar,153,76,30,13,272,0,4,17,1,22,153,80,47,14,294,0,0,0,294
07/24/2021,MKE,WI,AGL,CE,Combined TRACON& Tower with Radar,162,51,25,1,239,0,4,7,0,11,162,55,32,1,250,0,0,0,250
07/25/2021,MKE,WI,AGL,CE,Combined TRACON& Tower with Radar,132,51,34,0,217,0,1,16,0,17,132,52,50,0,234,0,0,0,234
07/26/2021,MKE,WI,AGL,CE,Combined TRACON& Tower with Radar,149,60,32,1,242,0,3,11,0,14,149,63,43,1,256,0,0,0,256
07/27/2021,MKE,WI,AGL,CE,Combined TRACON& Tower with Radar,150,69,30,2,251,0,5,12,0,17,150,74,42,2,268,0,0,0,268
07/28/2021,MKE,WI,AGL,CE,Combined TRACON& Tower with Radar,162,66,42,6,276,0,0,18,0,18,162,66,60,6,294,0,0,0,294
07/29/2021,MKE,WI,AGL,CE,Combined TRACON& Tower with Radar,146,73,46,4,269,0,7,22,3,32,146,80,68,7,301,0,0,0,301
07/30/2021,MKE,WI,AGL,CE,Combined TRACON& Tower with Radar,149,77,26,11,263,0,0,55,0,55,149,77,81,11,318,0,0,0,318
07/31/2021,MKE,WI,AGL,CE,Combined TRACON& Tower with Radar,154,54,24,1,233,0,0,13,9,22,154,54,37,10,255,0,0,0,255
08/01/2021,MKE,WI,AGL,CE,Combined TRACON& Tower with Radar,131,40,27,12,210,0,0,12,1,13,131,40,39,13,223,0,0,0,223
08/02/2021,MKE,WI,AGL,CE,Combined TRACON& Tower with Radar,138,62,22,7,229,0,1,21,1,23,138,63,43,8,252,0,0,0,252
08/03/2021,MKE,WI,AGL,CE,Combined TRACON& Tower with Radar,126,74,36,3,239,0,6,18,3,27,126,80,54,6,266,0,0,0,266
08/04/2021,MKE,WI,AGL,CE,Combined TRACON& Tower with Radar,133,81,39,7,260,0,2,26,0,28,133,83,65,7,288,0,0,0,288
08/05/2021,MKE,WI,AGL,CE,Combined TRACON& Tower with Radar,143,88,35,5,271,0,5,24,0,29,143,93,59,5,300,0,0,0,300
08/06/2021,MKE,WI,AGL,CE,Combined TRACON& Tower with Radar,144,67,32,0,243,0,1,8,0,9,144,68,40,0,252,0,0,0,252
08/07/2021,MKE,WI,AGL,CE,Combined TRACON& Tower with Radar,155,56,23,5,239,0,0,2,0,2,155,56,25,5,241,0,0,0,241
08/08/2021,MKE,WI,AGL,CE,Combined TRACON& Tower with Radar,142,44,30,4,220,0,0,6,0,6,142,44,36,4,226,0,0,0,226
08/09/2021,MKE,WI,AGL,CE,Combined TRACON& Tower with Radar,158,52,22,3,235,0,2,0,0,2,158,54,22,3,237,0,0,0,237
08/10/2021,MKE,WI,AGL,CE,Combined TRACON& Tower with Radar,140,77,25,13,255,0,4,16,2,22,140,81,41,15,277,0,0,0,277
08/11/2021,MKE,WI,AGL,CE,Combined TRACON& Tower with Radar,156,87,20,4,267,0,2,5,0,7,156,89,25,4,274,0,0,0,274
08/12/2021,MKE,WI,AGL,CE,Combined TRACON& Tower with Radar,149,75,27,10,261,0,4,13,3,20,149,79,40,13,281,0,0,0,281
08/13/2021,MKE,WI,AGL,CE,Combined TRACON& Tower with Radar,147,70,19,18,254,0,4,15,0,19,147,74,34,18,273,0,0,0,273
08/14/2021,MKE,WI,AGL,CE,Combined TRACON& Tower with Radar,149,49,23,8,229,0,4,19,4,27,149,53,42,12,256,0,0,0,256
08/15/2021,MKE,WI,AGL,CE,Combined TRACON& Tower with Radar,128,51,27,2,208,0,2,13,0,15,128,53,40,2,223,0,0,0,223
08/16/2021,MKE,WI,AGL,CE,Combined TRACON& Tower with Radar,142,62,21,8,233,0,3,16,4,23,142,65,37,12,256,0,0,0,256
08/17/2021,MKE,WI,AGL,CE,Combined TRACON& Tower with Radar,133,68,20,4,225,0,2,18,0,20,133,70,38,4,245,0,0,0,245
08/18/2021,MKE,WI,AGL,CE,Combined TRACON& Tower with Radar,138,81,27,7,253,0,7,14,0,21,138,88,41,7,274,0,0,0,274
08/19/2021,MKE,WI,AGL,CE,Combined TRACON& Tower with Radar,150,82,41,3,276,0,2,17,0,19,150,84,58,3,295,0,0,0,295
08/20/2021,MKE,WI,AGL,CE,Combined TRACON& Tower with Radar,150,67,24,8,249,0,5,18,0,23,150,72,42,8,272,0,0,0,272
08/21/2021,MKE,WI,AGL,CE,Combined TRACON& Tower with Radar,151,64,11,8,234,0,2,2,0,4,151,66,13,8,238,0,0,0,238
08/22/2021,MKE,WI,AGL,CE,Combined TRACON& Tower with Radar,138,41,17,9,205,0,0,12,0,12,138,41,29,9,217,0,0,0,217
08/23/2021,MKE,WI,AGL,CE,Combined TRACON& Tower with Radar,140,52,31,7,230,0,2,5,0,7,140,54,36,7,237,6,0,6,243
08/24/2021,MKE,WI,AGL,CE,Combined TRACON& Tower with Radar,150,82,30,3,265,0,5,5,0,10,150,87,35,3,275,0,0,0,275
08/25/2021,MKE,WI,AGL,CE,Combined TRACON& Tower with Radar,171,76,20,2,269,0,4,10,0,14,171,80,30,2,283,0,0,0,283
08/26/2021,MKE,WI,AGL,CE,Combined TRACON& Tower with Radar,161,68,23,4,256,0,0,3,0,3,161,68,26,4,259,0,0,0,259
08/27/2021,MKE,WI,AGL,CE,Combined TRACON& Tower with Radar,148,75,24,5,252,0,3,6,0,9,148,78,30,5,261,0,0,0,261
08/28/2021,MKE,WI,AGL,CE,Combined TRACON& Tower with Radar,158,52,20,5,235,0,0,9,1,10,158,52,29,6,245,0,0,0,245
08/29/2021,MKE,WI,AGL,CE,Combined TRACON& Tower with Radar,144,36,22,1,203,0,2,10,0,12,144,38,32,1,215,0,0,0,215
08/30/2021,MKE,WI,AGL,CE,Combined TRACON& Tower with Radar,133,49,22,1,205,0,2,20,0,22,133,51,42,1,227,6,0,6,233
08/31/2021,MKE,WI,AGL,CE,Combined TRACON& Tower with Radar,146,71,37,0,254,0,0,11,0,11,146,71,48,0,265,0,0,0,265
09/01/2021,MKE,WI,AGL,CE,Combined TRACON& Tower with Radar,137,68,36,5,246,0,2,11,0,13,137,70,47,5,259,0,0,0,259
09/02/2021,MKE,WI,AGL,CE,Combined TRACON& Tower with Radar,160,77,40,16,293,0,0,5,0,5,160,77,45,16,298,0,0,0,298
09/03/2021,MKE,WI,AGL,CE,Combined TRACON& Tower with Radar,149,71,25,0,245,0,2,18,0,20,149,73,43,0,265,0,0,0,265
09/04/2021,MKE,WI,AGL,CE,Combined TRACON& Tower with Radar,150,45,12,0,207,0,0,6,0,6,150,45,18,0,213,0,0,0,213
09/05/2021,MKE,WI,AGL,CE,Combined TRACON& Tower with Radar,133,33,13,1,180,0,4,84,0,88,133,37,97,1,268,0,0,0,268
09/06/2021,MKE,WI,AGL,CE,Combined TRACON& Tower with Radar,126,28,27,1,182,0,2,104,0,106,126,30,131,1,288,0,0,0,288
09/07/2021,MKE,WI,AGL,CE,Combined TRACON& Tower with Radar,136,67,18,0,221,0,0,2,0,2,136,67,20,0,223,0,0,0,223
09/08/2021,MKE,WI,AGL,CE,Combined TRACON& Tower with Radar,137,80,36,1,254,0,14,10,0,24,137,94,46,1,278,0,0,0,278
09/09/2021,MKE,WI,AGL,CE,Combined TRACON& Tower with Radar,157,88,34,2,281,0,15,25,1,41,157,103,59,3,322,0,0,0,322
09/10/2021,MKE,WI,AGL,CE,Combined TRACON& Tower with Radar,143,76,24,5,248,0,5,17,2,24,143,81,41,7,272,0,0,0,272
09/11/2021,MKE,WI,AGL,CE,Combined TRACON& Tower with Radar,137,45,8,2,192,0,2,16,3,21,137,47,24,5,213,0,0,0,213
09/12/2021,MKE,WI,AGL,CE,Combined TRACON& Tower with Radar,143,43,21,0,207,0,1,5,0,6,143,44,26,0,213,0,0,0,213
09/13/2021,MKE,WI,AGL,CE,Combined TRACON& Tower with Radar,146,55,17,2,220,0,2,1,0,3,146,57,18,2,223,0,0,0,223
09/14/2021,MKE,WI,AGL,CE,Combined TRACON& Tower with Radar,143,74,29,1,247,0,8,11,0,19,143,82,40,1,266,0,0,0,266
09/15/2021,MKE,WI,AGL,CE,Combined TRACON& Tower with Radar,149,80,22,8,259,0,11,15,4,30,149,91,37,12,289,0,0,0,289
09/16/2021,MKE,WI,AGL,CE,Combined TRACON& Tower with Radar,166,69,27,3,265,0,10,15,1,26,166,79,42,4,291,0,0,0,291
09/17/2021,MKE,WI,AGL,CE,Combined TRACON& Tower with Radar,173,76,35,7,291,0,8,13,0,21,173,84,48,7,312,0,0,0,312
09/18/2021,MKE,WI,AGL,CE,Combined TRACON& Tower with Radar,138,38,21,2,199,0,7,16,0,23,138,45,37,2,222,10,0,10,232
09/19/2021,MKE,WI,AGL,CE,Combined TRACON& Tower with Radar,163,45,29,6,243,0,6,20,0,26,163,51,49,6,269,0,0,0,269
09/20/2021,MKE,WI,AGL,CE,Combined TRACON& Tower with Radar,149,52,27,0,228,0,2,9,0,11,149,54,36,0,239,0,0,0,239
09/21/2021,MKE,WI,AGL,CE,Combined TRACON& Tower with Radar,151,72,32,8,263,0,8,1,0,9,151,80,33,8,272,0,0,0,272
09/22/2021,MKE,WI,AGL,CE,Combined TRACON& Tower with Radar,146,78,40,1,265,0,4,9,1,14,146,82,49,2,279,0,0,0,279
09/23/2021,MKE,WI,AGL,CE,Combined TRACON& Tower with Radar,158,99,60,0,317,0,6,17,0,23,158,105,77,0,340,0,0,0,340
09/24/2021,MKE,WI,AGL,CE,Combined TRACON& Tower with Radar,163,100,47,2,312,0,13,39,0,52,163,113,86,2,364,0,0,0,364
09/25/2021,MKE,WI,AGL,CE,Combined TRACON& Tower with Radar,151,70,22,0,243,0,2,23,0,25,151,72,45,0,268,0,0,0,268
09/26/2021,MKE,WI,AGL,CE,Combined TRACON& Tower with Radar,167,66,51,0,284,0,6,37,1,44,167,72,88,1,328,0,0,0,328
09/27/2021,MKE,WI,AGL,CE,Combined TRACON& Tower with Radar,157,81,35,3,276,0,2,14,0,16,157,83,49,3,292,0,0,0,292
09/28/2021,MKE,WI,AGL,CE,Combined TRACON& Tower with Radar,149,79,30,0,258,0,5,16,0,21,149,84,46,0,279,0,0,0,279
09/29/2021,MKE,WI,AGL,CE,Combined TRACON& Tower with Radar,148,87,42,2,279,0,17,21,0,38,148,104,63,2,317,0,0,0,317
09/30/2021,MKE,WI,AGL,CE,Combined TRACON& Tower with Radar,162,71,38,0,271,0,4,26,1,31,162,75,64,1,302,6,0,6,308
10/01/2021,MKE,WI,AGL,CE,Combined TRACON& Tower with Radar,155,80,29,13,277,0,2,7,1,10,155,82,36,14,287,0,0,0,287
10/02/2021,MKE,WI,AGL,CE,Combined TRACON& Tower with Radar,136,36,15,4,191,0,2,7,0,9,136,38,22,4,200,0,0,0,200
10/03/2021,MKE,WI,AGL,CE,Combined TRACON& Tower with Radar,158,32,35,1,226,0,2,3,0,5,158,34,38,1,231,0,0,0,231
10/04/2021,MKE,WI,AGL,CE,Combined TRACON& Tower with Radar,158,74,20,1,253,0,1,1,0,2,158,75,21,1,255,0,0,0,255
10/05/2021,MKE,WI,AGL,CE,Combined TRACON& Tower with Radar,147,75,31,3,256,0,1,3,1,5,147,76,34,4,261,0,0,0,261
10/06/2021,MKE,WI,AGL,CE,Combined TRACON& Tower with Radar,155,77,27,4,263,0,0,2,0,2,155,77,29,4,265,0,0,0,265
10/07/2021,MKE,WI,AGL,CE,Combined TRACON& Tower with Radar,170,79,31,0,280,0,0,0,0,0,170,79,31,0,280,0,0,0,280
10/08/2021,MKE,WI,AGL,CE,Combined TRACON& Tower with Radar,157,75,30,2,264,0,2,10,0,12,157,77,40,2,276,0,0,0,276
10/09/2021,MKE,WI,AGL,CE,Combined TRACON& Tower with Radar,137,57,20,2,216,0,2,9,0,11,137,59,29,2,227,0,0,0,227
10/10/2021,MKE,WI,AGL,CE,Combined TRACON& Tower with Radar,135,36,23,3,197,0,1,2,0,3,135,37,25,3,200,0,0,0,200
10/11/2021,MKE,WI,AGL,CE,Combined TRACON& Tower with Radar,153,47,20,2,222,0,2,4,0,6,153,49,24,2,228,0,0,0,228
10/12/2021,MKE,WI,AGL,CE,Combined TRACON& Tower with Radar,148,77,30,8,263,0,8,0,0,8,148,85,30,8,271,0,0,0,271
10/13/2021,MKE,WI,AGL,CE,Combined TRACON& Tower with Radar,156,82,22,7,267,0,2,2,0,4,156,84,24,7,271,0,0,0,271
10/14/2021,MKE,WI,AGL,CE,Combined TRACON& Tower with Radar,171,100,27,16,314,0,1,11,0,12,171,101,38,16,326,0,0,0,326
10/15/2021,MKE,WI,AGL,CE,Combined TRACON& Tower with Radar,167,70,41,4,282,0,6,12,0,18,167,76,53,4,300,0,0,0,300
10/16/2021,MKE,WI,AGL,CE,Combined TRACON& Tower with Radar,145,43,8,1,197,0,0,9,0,9,145,43,17,1,206,0,0,0,206
10/17/2021,MKE,WI,AGL,CE,Combined TRACON& Tower with Radar,158,48,20,0,226,0,0,14,1,15,158,48,34,1,241,0,0,0,241
10/18/2021,MKE,WI,AGL,CE,Combined TRACON& Tower with Radar,154,72,15,3,244,0,0,10,0,10,154,72,25,3,254,0,0,0,254
10/19/2021,MKE,WI,AGL,CE,Combined TRACON& Tower with Radar,152,96,28,11,287,0,4,10,3,17,152,100,38,14,304,6,0,6,310
10/20/2021,MKE,WI,AGL,CE,Combined TRACON& Tower with Radar,153,77,30,4,264,0,2,11,0,13,153,79,41,4,277,0,0,0,277
10/21/2021,MKE,WI,AGL,CE,Combined TRACON& Tower with Radar,163,82,26,2,273,0,2,0,0,2,163,84,26,2,275,0,0,0,275
10/22/2021,MKE,WI,AGL,CE,Combined TRACON& Tower with Radar,165,66,21,3,255,0,4,17,0,21,165,70,38,3,276,0,0,0,276
10/23/2021,MKE,WI,AGL,CE,Combined TRACON& Tower with Radar,136,41,18,1,196,0,0,17,1,18,136,41,35,2,214,0,0,0,214
10/24/2021,MKE,WI,AGL,CE,Combined TRACON& Tower with Radar,152,38,33,2,225,0,0,3,0,3,152,38,36,2,228,0,0,0,228
10/25/2021,MKE,WI,AGL,CE,Combined TRACON& Tower with Radar,167,64,14,2,247,0,2,0,0,2,167,66,14,2,249,0,0,0,249
10/26/2021,MKE,WI,AGL,CE,Combined TRACON& Tower with Radar,152,84,29,18,283,0,4,8,3,15,152,88,37,21,298,0,0,0,298
10/27/2021,MKE,WI,AGL,CE,Combined TRACON& Tower with Radar,157,92,41,26,316,0,3,10,0,13,157,95,51,26,329,0,24,24,353
10/28/2021,MKE,WI,AGL,CE,Combined TRACON& Tower with Radar,170,76,22,3,271,0,2,0,0,2,170,78,22,3,273,0,0,0,273
10/29/2021,MKE,WI,AGL,CE,Combined TRACON& Tower with Radar,167,76,22,0,265,0,0,0,0,0,167,76,22,0,265,0,0,0,265
10/30/2021,MKE,WI,AGL,CE,Combined TRACON& Tower with Radar,136,46,12,0,194,0,2,5,0,7,136,48,17,0,201,0,0,0,201
10/31/2021,MKE,WI,AGL,CE,Combined TRACON& Tower with Radar,142,38,15,0,195,0,1,11,0,12,142,39,26,0,207,0,0,0,207
11/01/2021,MKE,WI,AGL,CE,Combined TRACON& Tower with Radar,158,72,25,1,256,0,2,10,0,12,158,74,35,1,268,0,0,0,268
11/02/2021,MKE,WI,AGL,CE,Combined TRACON& Tower with Radar,150,81,18,4,253,0,0,8,0,8,150,81,26,4,261,0,0,0,261
11/03/2021,MKE,WI,AGL,CE,Combined TRACON& Tower with Radar,157,94,22,4,277,0,7,6,2,15,157,101,28,6,292,0,0,0,292
11/04/2021,MKE,WI,AGL,CE,Combined TRACON& Tower with Radar,175,78,20,9,282,0,4,16,8,28,175,82,36,17,310,0,0,0,310
11/05/2021,MKE,WI,AGL,CE,Combined TRACON& Tower with Radar,166,70,22,8,266,0,7,7,3,17,166,77,29,11,283,0,0,0,283
11/06/2021,MKE,WI,AGL,CE,Combined TRACON& Tower with Radar,136,53,15,4,208,0,5,17,0,22,136,58,32,4,230,0,0,0,230
11/07/2021,MKE,WI,AGL,CE,Combined TRACON& Tower with Radar,150,41,23,0,214,0,0,6,0,6,150,41,29,0,220,0,0,0,220
11/08/2021,MKE,WI,AGL,CE,Combined TRACON& Tower with Radar,142,69,33,1,245,0,6,8,0,14,142,75,41,1,259,0,0,0,259
11/09/2021,MKE,WI,AGL,CE,Combined TRACON& Tower with Radar,145,86,16,18,265,0,7,5,3,15,145,93,21,21,280,0,0,0,280
11/10/2021,MKE,WI,AGL,CE,Combined TRACON& Tower with Radar,143,88,14,9,254,0,10,0,0,10,143,98,14,9,264,0,0,0,264
11/11/2021,MKE,WI,AGL,CE,Combined TRACON& Tower with Radar,154,90,31,3,278,0,2,2,0,4,154,92,33,3,282,0,0,0,282
11/12/2021,MKE,WI,AGL,CE,Combined TRACON& Tower with Radar,158,71,23,0,252,0,0,0,0,0,158,71,23,0,252,0,0,0,252
11/13/2021,MKE,WI,AGL,CE,Combined TRACON& Tower with Radar,129,55,10,1,195,0,2,1,0,3,129,57,11,1,198,0,0,0,198
11/14/2021,MKE,WI,AGL,CE,Combined TRACON& Tower with Radar,148,52,17,0,217,0,0,6,0,6,148,52,23,0,223,0,0,0,223
11/15/2021,MKE,WI,AGL,CE,Combined TRACON& Tower with Radar,150,76,30,4,260,0,8,5,0,13,150,84,35,4,273,0,0,0,273
11/16/2021,MKE,WI,AGL,CE,Combined TRACON& Tower with Radar,147,91,27,5,270,0,0,11,2,13,147,91,38,7,283,0,0,0,283
11/17/2021,MKE,WI,AGL,CE,Combined TRACON& Tower with Radar,157,93,41,18,309,0,0,6,0,6,157,93,47,18,315,0,0,0,315
11/18/2021,MKE,WI,AGL,CE,Combined TRACON& Tower with Radar,168,81,30,9,288,0,11,16,0,27,168,92,46,9,315,0,0,0,315
11/19/2021,MKE,WI,AGL,CE,Combined TRACON& Tower with Radar,160,78,28,4,270,0,6,35,1,42,160,84,63,5,312,0,0,0,312
11/20/2021,MKE,WI,AGL,CE,Combined TRACON& Tower with Radar,160,48,13,0,221,0,2,12,0,14,160,50,25,0,235,0,0,0,235
11/21/2021,MKE,WI,AGL,CE,Combined TRACON& Tower with Radar,157,57,18,3,235,0,4,7,0,11,157,61,25,3,246,0,0,0,246
11/22/2021,MKE,WI,AGL,CE,Combined TRACON& Tower with Radar,147,67,13,1,228,0,5,14,1,20,147,72,27,2,248,0,0,0,248
11/23/2021,MKE,WI,AGL,CE,Combined TRACON& Tower with Radar,174,90,19,14,297,0,4,27,5,36,174,94,46,19,333,0,0,0,333
11/24/2021,MKE,WI,AGL,CE,Combined TRACON& Tower with Radar,190,89,42,3,324,0,5,3,0,8,190,94,45,3,332,0,0,0,332
11/25/2021,MKE,WI,AGL,CE,Combined TRACON& Tower with Radar,112,29,4,1,146,0,1,0,0,1,112,30,4,1,147,0,0,0,147
11/26/2021,MKE,WI,AGL,CE,Combined TRACON& Tower with Radar,137,68,14,0,219,0,2,6,0,8,137,70,20,0,227,0,0,0,227
11/27/2021,MKE,WI,AGL,CE,Combined TRACON& Tower with Radar,158,51,19,0,228,0,0,4,0,4,158,51,23,0,232,0,0,0,232
11/28/2021,MKE,WI,AGL,CE,Combined TRACON& Tower with Radar,175,61,22,0,258,0,0,9,0,9,175,61,31,0,267,0,0,0,267
11/29/2021,MKE,WI,AGL,CE,Combined TRACON& Tower with Radar,177,74,34,0,285,0,3,5,2,10,177,77,39,2,295,0,0,0,295
11/30/2021,MKE,WI,AGL,CE,Combined TRACON& Tower with Radar,167,90,23,4,284,0,11,11,0,22,167,101,34,4,306,0,0,0,306
12/01/2021,MKE,WI,AGL,CE,Combined TRACON& Tower with Radar,162,89,17,11,279,0,2,5,0,7,162,91,22,11,286,0,0,0,286
12/02/2021,MKE,WI,AGL,CE,Combined TRACON& Tower with Radar,161,79,27,4,271,0,10,12,0,22,161,89,39,4,293,0,0,0,293
12/03/2021,MKE,WI,AGL,CE,Combined TRACON& Tower with Radar,162,85,23,0,270,0,0,0,0,0,162,85,23,0,270,0,0,0,270
12/04/2021,MKE,WI,AGL,CE,Combined TRACON& Tower with Radar,129,56,11,0,196,0,2,15,0,17,129,58,26,0,213,0,0,0,213
12/05/2021,MKE,WI,AGL,CE,Combined TRACON& Tower with Radar,154,56,22,1,233,0,2,0,0,2,154,58,22,1,235,0,0,0,235
12/06/2021,MKE,WI,AGL,CE,Combined TRACON& Tower with Radar,151,63,21,0,235,0,0,2,1,3,151,63,23,1,238,0,0,0,238
12/07/2021,MKE,WI,AGL,CE,Combined TRACON& Tower with Radar,149,92,23,12,276,0,6,2,0,8,149,98,25,12,284,0,0,0,284
12/08/2021,MKE,WI,AGL,CE,Combined TRACON& Tower with Radar,150,79,32,3,264,0,2,2,0,4,150,81,34,3,268,0,0,0,268
12/09/2021,MKE,WI,AGL,CE,Combined TRACON& Tower with Radar,167,73,33,5,278,0,2,7,4,13,167,75,40,9,291,0,0,0,291
12/10/2021,MKE,WI,AGL,CE,Combined TRACON& Tower with Radar,159,75,16,11,261,0,2,5,0,7,159,77,21,11,268,0,0,0,268
12/11/2021,MKE,WI,AGL,CE,Combined TRACON& Tower with Radar,129,55,4,0,188,0,0,6,0,6,129,55,10,0,194,0,0,0,194
12/12/2021,MKE,WI,AGL,CE,Combined TRACON& Tower with Radar,157,52,22,0,231,0,4,6,0,10,157,56,28,0,241,0,0,0,241
12/13/2021,MKE,WI,AGL,CE,Combined TRACON& Tower with Radar,149,69,27,2,247,0,4,17,0,21,149,73,44,2,268,0,0,0,268
12/14/2021,MKE,WI,AGL,CE,Combined TRACON& Tower with Radar,151,78,36,4,269,0,7,16,2,25,151,85,52,6,294,0,0,0,294
12/15/2021,MKE,WI,AGL,CE,Combined TRACON& Tower with Radar,148,80,37,2,267,0,2,1,0,3,148,82,38,2,270,0,0,0,270
12/16/2021,MKE,WI,AGL,CE,Combined TRACON& Tower with Radar,162,63,29,0,254,0,0,0,0,0,162,63,29,0,254,0,0,0,254
12/17/2021,MKE,WI,AGL,CE,Combined TRACON& Tower with Radar,155,89,29,4,277,0,8,14,0,22,155,97,43,4,299,0,0,0,299
12/18/2021,MKE,WI,AGL,CE,Combined TRACON& Tower with Radar,160,65,15,0,240,0,2,6,0,8,160,67,21,0,248,0,0,0,248
12/19/2021,MKE,WI,AGL,CE,Combined TRACON& Tower with Radar,157,43,17,0,217,0,0,12,0,12,157,43,29,0,229,0,0,0,229
12/20/2021,MKE,WI,AGL,CE,Combined TRACON& Tower with Radar,140,63,20,3,226,0,1,20,0,21,140,64,40,3,247,0,0,0,247
12/21/2021,MKE,WI,AGL,CE,Combined TRACON& Tower with Radar,156,83,13,15,267,0,8,8,1,17,156,91,21,16,284,0,0,0,284
12/22/2021,MKE,WI,AGL,CE,Combined TRACON& Tower with Radar,168,78,14,7,267,0,9,15,3,27,168,87,29,10,294,0,0,0,294
12/23/2021,MKE,WI,AGL,CE,Combined TRACON& Tower with Radar,171,82,20,0,273,0,4,11,0,15,171,86,31,0,288,0,0,0,288
12/24/2021,MKE,WI,AGL,CE,Combined TRACON& Tower with Radar,134,51,4,0,189,0,0,0,0,0,134,51,4,0,189,0,0,0,189
12/25/2021,MKE,WI,AGL,CE,Combined TRACON& Tower with Radar,127,41,3,0,171,0,0,6,0,6,127,41,9,0,177,0,0,0,177
12/26/2021,MKE,WI,AGL,CE,Combined TRACON& Tower with Radar,151,58,12,0,221,0,0,4,0,4,151,58,16,0,225,0,0,0,225
12/27/2021,MKE,WI,AGL,CE,Combined TRACON& Tower with Radar,153,69,26,0,248,0,0,0,0,0,153,69,26,0,248,0,0,0,248
12/28/2021,MKE,WI,AGL,CE,Combined TRACON& Tower with Radar,151,63,14,0,228,0,0,0,0,0,151,63,14,0,228,0,0,0,228
12/29/2021,MKE,WI,AGL,CE,Combined TRACON& Tower with Radar,156,94,16,0,266,0,5,4,0,9,156,99,20,0,275,0,0,0,275
12/30/2021,MKE,WI,AGL,CE,Combined TRACON& Tower with Radar,157,80,16,0,253,0,2,1,0,3,157,82,17,0,256,0,0,0,256
12/31/2021,MKE,WI,AGL,CE,Combined TRACON& Tower with Radar,131,67,9,0,207,0,0,0,0,0,131,67,9,0,207,0,0,0,207
01/01/2022,MKE,WI,AGL,CE,Combined TRACON& Tower with Radar,127,23,5,0,155,0,0,0,0,0,127,23,5,0,155,0,0,0,155
01/02/2022,MKE,WI,AGL,CE,Combined TRACON& Tower with Radar,143,44,29,0,216,0,2,7,0,9,143,46,36,0,225,0,0,0,225
01/03/2022,MKE,WI,AGL,CE,Combined TRACON& Tower with Radar,134,74,20,0,228,0,4,16,0,20,134,78,36,0,248,0,0,0,248
01/04/2022,MKE,WI,AGL,CE,Combined TRACON& Tower with Radar,140,72,15,8,235,0,2,15,2,19,140,74,30,10,254,0,0,0,254
01/05/2022,MKE,WI,AGL,CE,Combined TRACON& Tower with Radar,140,63,15,0,218,0,0,0,0,0,140,63,15,0,218,0,0,0,218
01/06/2022,MKE,WI,AGL,CE,Combined TRACON& Tower with Radar,135,78,10,0,223,0,0,0,0,0,135,78,10,0,223,0,0,0,223
01/07/2022,MKE,WI,AGL,CE,Combined TRACON& Tower with Radar,133,77,13,9,232,0,4,5,0,9,133,81,18,9,241,0,0,0,241
01/08/2022,MKE,WI,AGL,CE,Combined TRACON& Tower with Radar,130,58,6,0,194,0,0,6,0,6,130,58,12,0,200,0,0,0,200
01/09/2022,MKE,WI,AGL,CE,Combined TRACON& Tower with Radar,140,41,11,0,192,0,4,0,0,4,140,45,11,0,196,0,0,0,196
01/10/2022,MKE,WI,AGL,CE,Combined TRACON& Tower with Radar,140,61,16,1,218,0,0,3,4,7,140,61,19,5,225,0,0,0,225
01/11/2022,MKE,WI,AGL,CE,Combined TRACON& Tower with Radar,144,64,16,7,231,0,1,5,0,6,144,65,21,7,237,0,0,0,237
01/12/2022,MKE,WI,AGL,CE,Combined TRACON& Tower with Radar,149,60,16,8,233,0,0,22,0,22,149,60,38,8,255,0,0,0,255
01/13/2022,MKE,WI,AGL,CE,Combined TRACON& Tower with Radar,148,77,32,26,283,0,0,12,0,12,148,77,44,26,295,0,0,0,295
01/14/2022,MKE,WI,AGL,CE,Combined TRACON& Tower with Radar,157,78,8,1,244,0,0,0,0,0,157,78,8,1,244,0,0,0,244
01/15/2022,MKE,WI,AGL,CE,Combined TRACON& Tower with Radar,132,46,8,2,188,0,0,5,0,5,132,46,13,2,193,0,0,0,193
01/16/2022,MKE,WI,AGL,CE,Combined TRACON& Tower with Radar,122,41,16,4,183,0,0,8,0,8,122,41,24,4,191,0,0,0,191
01/17/2022,MKE,WI,AGL,CE,Combined TRACON& Tower with Radar,156,47,22,0,225,0,0,15,0,15,156,47,37,0,240,0,0,0,240
01/18/2022,MKE,WI,AGL,CE,Combined TRACON& Tower with Radar,152,70,18,8,248,0,14,3,7,24,152,84,21,15,272,0,0,0,272
01/19/2022,MKE,WI,AGL,CE,Combined TRACON& Tower with Radar,154,81,8,7,250,0,4,3,0,7,154,85,11,7,257,0,0,0,257
01/20/2022,MKE,WI,AGL,CE,Combined TRACON& Tower with Radar,164,72,27,2,265,0,2,28,0,30,164,74,55,2,295,0,0,0,295
01/21/2022,MKE,WI,AGL,CE,Combined TRACON& Tower with Radar,167,75,17,5,264,0,6,18,2,26,167,81,35,7,290,0,0,0,290
01/22/2022,MKE,WI,AGL,CE,Combined TRACON& Tower with Radar,131,42,10,0,183,0,6,8,0,14,131,48,18,0,197,0,0,0,197
01/23/2022,MKE,WI,AGL,CE,Combined TRACON& Tower with Radar,155,47,35,2,239,0,2,11,0,13,155,49,46,2,252,0,0,0,252
01/24/2022,MKE,WI,AGL,CE,Combined TRACON& Tower with Radar,158,50,17,6,231,0,2,2,0,4,158,52,19,6,235,0,0,0,235
01/25/2022,MKE,WI,AGL,CE,Combined TRACON& Tower with Radar,155,61,11,18,245,0,14,3,0,17,155,75,14,18,262,0,0,0,262
01/26/2022,MKE,WI,AGL,CE,Combined TRACON& Tower with Radar,153,65,33,12,263,0,10,7,1,18,153,75,40,13,281,0,0,0,281
01/27/2022,MKE,WI,AGL,CE,Combined TRACON& Tower with Radar,172,76,22,14,284,0,5,5,0,10,172,81,27,14,294,0,0,0,294
01/28/2022,MKE,WI,AGL,CE,Combined TRACON& Tower with Radar,163,71,20,0,254,0,12,19,0,31,163,83,39,0,285,0,0,0,285
01/29/2022,MKE,WI,AGL,CE,Combined TRACON& Tower with Radar,131,46,11,0,188,0,0,6,0,6,131,46,17,0,194,0,0,0,194
01/30/2022,MKE,WI,AGL,CE,Combined TRACON& Tower with Radar,159,45,13,1,218,0,0,10,0,10,159,45,23,1,228,0,0,0,228
01/31/2022,MKE,WI,AGL,CE,Combined TRACON& Tower with Radar,156,56,21,0,233,0,2,7,2,11,156,58,28,2,244,0,0,0,244
02/01/2022,MKE,WI,AGL,CE,Combined TRACON& Tower with Radar,154,71,20,21,266,0,10,10,7,27,154,81,30,28,293,0,0,0,293
02/02/2022,MKE,WI,AGL,CE,Combined TRACON& Tower with Radar,154,79,24,21,278,0,12,6,1,19,154,91,30,22,297,0,0,0,297
02/03/2022,MKE,WI,AGL,CE,Combined TRACON& Tower with Radar,140,81,26,8,255,0,10,12,0,22,140,91,38,8,277,0,0,0,277
02/04/2022,MKE,WI,AGL,CE,Combined TRACON& Tower with Radar,150,60,20,8,238,0,10,4,1,15,150,70,24,9,253,0,0,0,253
02/05/2022,MKE,WI,AGL,CE,Combined TRACON& Tower with Radar,132,52,14,8,206,1,0,8,0,9,133,52,22,8,215,0,0,0,215
02/06/2022,MKE,WI,AGL,CE,Combined TRACON& Tower with Radar,152,43,16,1,212,0,2,8,0,10,152,45,24,1,222,0,0,0,222
02/07/2022,MKE,WI,AGL,CE,Combined TRACON& Tower with Radar,158,59,23,3,243,0,4,4,0,8,158,63,27,3,251,0,0,0,251
02/08/2022,MKE,WI,AGL,CE,Combined TRACON& Tower with Radar,155,82,27,11,275,0,13,2,0,15,155,95,29,11,290,0,0,0,290
02/09/2022,MKE,WI,AGL,CE,Combined TRACON& Tower with Radar,152,72,19,14,257,0,1,9,0,10,152,73,28,14,267,0,0,0,267
02/10/2022,MKE,WI,AGL,CE,Combined TRACON& Tower with Radar,172,73,25,19,289,0,3,7,0,10,172,76,32,19,299,0,0,0,299
02/11/2022,MKE,WI,AGL,CE,Combined TRACON& Tower with Radar,170,74,24,7,275,0,2,0,0,2,170,76,24,7,277,0,0,0,277
02/12/2022,MKE,WI,AGL,CE,Combined TRACON& Tower with Radar,137,55,12,2,206,0,17,9,0,26,137,72,21,2,232,0,0,0,232
02/13/2022,MKE,WI,AGL,CE,Combined TRACON& Tower with Radar,146,44,17,0,207,0,7,3,0,10,146,51,20,0,217,0,0,0,217
02/14/2022,MKE,WI,AGL,CE,Combined TRACON& Tower with Radar,158,57,22,1,238,0,11,6,0,17,158,68,28,1,255,0,0,0,255
02/15/2022,MKE,WI,AGL,CE,Combined TRACON& Tower with Radar,154,76,11,4,245,0,5,6,0,11,154,81,17,4,256,0,0,0,256
02/16/2022,MKE,WI,AGL,CE,Combined TRACON& Tower with Radar,156,76,20,2,254,0,1,1,0,2,156,77,21,2,256,0,0,0,256
02/17/2022,MKE,WI,AGL,CE,Combined TRACON& Tower with Radar,186,102,27,5,320,0,7,4,0,11,186,109,31,5,331,0,0,0,331
02/18/2022,MKE,WI,AGL,CE,Combined TRACON& Tower with Radar,169,70,11,3,253,0,9,3,3,15,169,79,14,6,268,0,0,0,268
02/19/2022,MKE,WI,AGL,CE,Combined TRACON& Tower with Radar,139,47,10,0,196,0,0,8,0,8,139,47,18,0,204,0,0,0,204
02/20/2022,MKE,WI,AGL,CE,Combined TRACON& Tower with Radar,153,34,11,0,198,0,0,0,0,0,153,34,11,0,198,0,0,0,198
02/21/2022,MKE,WI,AGL,CE,Combined TRACON& Tower with Radar,164,47,18,1,230,0,3,0,0,3,164,50,18,1,233,0,0,0,233
02/22/2022,MKE,WI,AGL,CE,Combined TRACON& Tower with Radar,129,51,17,0,197,0,0,0,0,0,129,51,17,0,197,0,0,0,197
02/23/2022,MKE,WI,AGL,CE,Combined TRACON& Tower with Radar,163,80,21,13,277,0,2,4,0,6,163,82,25,13,283,0,0,0,283
02/24/2022,MKE,WI,AGL,CE,Combined TRACON& Tower with Radar,159,82,16,2,259,0,0,0,0,0,159,82,16,2,259,0,0,0,259
02/25/2022,MKE,WI,AGL,CE,Combined TRACON& Tower with Radar,169,85,18,3,275,0,6,0,1,7,169,91,18,4,282,0,0,0,282
02/26/2022,MKE,WI,AGL,CE,Combined TRACON& Tower with Radar,143,55,9,0,207,0,3,13,1,17,143,58,22,1,224,0,0,0,224
02/27/2022,MKE,WI,AGL,CE,Combined TRACON& Tower with Radar,162,47,25,0,234,0,2,15,0,17,162,49,40,0,251,0,0,0,251
02/28/2022,MKE,WI,AGL,CE,Combined TRACON& Tower with Radar,164,63,19,0,246,0,8,5,0,13,164,71,24,0,259,0,0,0,259
03/01/2022,MKE,WI,AGL,CE,Combined TRACON& Tower with Radar,155,66,16,21,258,0,4,14,4,22,155,70,30,25,280,0,0,0,280
03/02/2022,MKE,WI,AGL,CE,Combined TRACON& Tower with Radar,162,80,23,7,272,0,2,7,0,9,162,82,30,7,281,0,0,0,281
03/03/2022,MKE,WI,AGL,CE,Combined TRACON& Tower with Radar,171,78,24,12,285,0,2,19,4,25,171,80,43,16,310,0,0,0,310
03/04/2022,MKE,WI,AGL,CE,Combined TRACON& Tower with Radar,162,64,19,21,266,0,0,12,0,12,162,64,31,21,278,0,0,0,278
03/05/2022,MKE,WI,AGL,CE,Combined TRACON& Tower with Radar,137,54,8,0,199,0,0,10,0,10,137,54,18,0,209,0,0,0,209
03/06/2022,MKE,WI,AGL,CE,Combined TRACON& Tower with Radar,149,63,23,2,237,0,0,2,0,2,149,63,25,2,239,0,0,0,239
03/07/2022,MKE,WI,AGL,CE,Combined TRACON& Tower with Radar,155,53,19,0,227,0,0,2,0,2,155,53,21,0,229,0,0,0,229
03/08/2022,MKE,WI,AGL,CE,Combined TRACON& Tower with Radar,153,75,21,10,259,0,10,21,0,31,153,85,42,10,290,0,0,0,290
03/09/2022,MKE,WI,AGL,CE,Combined TRACON& Tower with Radar,158,78,20,13,269,0,8,1,0,9,158,86,21,13,278,0,0,0,278
03/10/2022,MKE,WI,AGL,CE,Combined TRACON& Tower with Radar,164,70,13,4,251,0,0,10,0,10,164,70,23,4,261,0,0,0,261
03/11/2022,MKE,WI,AGL,CE,Combined TRACON& Tower with Radar,167,81,18,6,272,0,6,5,0,11,167,87,23,6,283,0,0,0,283
03/12/2022,MKE,WI,AGL,CE,Combined TRACON& Tower with Radar,157,71,12,0,240,0,8,4,0,12,157,79,16,0,252,0,0,0,252
03/13/2022,MKE,WI,AGL,CE,Combined TRACON& Tower with Radar,158,39,21,1,219,0,0,9,0,9,158,39,30,1,228,0,0,0,228
03/14/2022,MKE,WI,AGL,CE,Combined TRACON& Tower with Radar,157,60,18,1,236,0,0,3,0,3,157,60,21,1,239,0,0,0,239
03/15/2022,MKE,WI,AGL,CE,Combined TRACON& Tower with Radar,158,70,22,18,268,0,1,4,0,5,158,71,26,18,273,0,0,0,273
03/16/2022,MKE,WI,AGL,CE,Combined TRACON& Tower with Radar,177,79,22,4,282,0,6,13,4,23,177,85,35,8,305,0,0,0,305
03/17/2022,MKE,WI,AGL,CE,Combined TRACON& Tower with Radar,163,63,19,11,256,0,2,17,0,19,163,65,36,11,275,0,0,0,275
03/18/2022,MKE,WI,AGL,CE,Combined TRACON& Tower with Radar,168,80,19,4,271,0,0,0,0,0,168,80,19,4,271,0,0,0,271
03/19/2022,MKE,WI,AGL,CE,Combined TRACON& Tower with Radar,175,54,25,2,256,0,0,2,0,2,175,54,27,2,258,0,0,0,258
03/20/2022,MKE,WI,AGL,CE,Combined TRACON& Tower with Radar,164,46,39,6,255,0,0,13,0,13,164,46,52,6,268,0,0,0,268
03/21/2022,MKE,WI,AGL,CE,Combined TRACON& Tower with Radar,160,60,24,5,249,0,9,21,0,30,160,69,45,5,279,0,0,0,279
03/22/2022,MKE,WI,AGL,CE,Combined TRACON& Tower with Radar,156,64,19,5,244,0,0,0,1,1,156,64,19,6,245,0,0,0,245
03/23/2022,MKE,WI,AGL,CE,Combined TRACON& Tower with Radar,162,50,11,0,223,0,0,0,0,0,162,50,11,0,223,0,0,0,223
03/24/2022,MKE,WI,AGL,CE,Combined TRACON& Tower with Radar,169,77,18,3,267,0,0,0,0,0,169,77,18,3,267,0,0,0,267
03/25/2022,MKE,WI,AGL,CE,Combined TRACON& Tower with Radar,170,67,15,2,254,0,0,0,0,0,170,67,15,2,254,0,0,0,254
03/26/2022,MKE,WI,AGL,CE,Combined TRACON& Tower with Radar,167,56,18,1,242,0,0,6,0,6,167,56,24,1,248,0,0,0,248
03/27/2022,MKE,WI,AGL,CE,Combined TRACON& Tower with Radar,163,48,16,1,228,0,11,6,0,17,163,59,22,1,245,0,0,0,245
03/28/2022,MKE,WI,AGL,CE,Combined TRACON& Tower with Radar,165,71,24,1,261,0,3,11,1,15,165,74,35,2,276,0,0,0,276
03/29/2022,MKE,WI,AGL,CE,Combined TRACON& Tower with Radar,163,75,20,5,263,0,0,1,0,1,163,75,21,5,264,0,0,0,264
03/30/2022,MKE,WI,AGL,CE,Combined TRACON& Tower with Radar,167,68,23,2,260,0,0,0,0,0,167,68,23,2,260,0,0,0,260
03/31/2022,MKE,WI,AGL,CE,Combined TRACON& Tower with Radar,166,67,14,6,253,0,0,0,0,0,166,67,14,6,253,0,0,0,253
04/01/2022,MKE,WI,AGL,CE,Combined TRACON& Tower with Radar,169,76,27,5,277,0,2,18,0,20,169,78,45,5,297,0,0,0,297
04/02/2022,MKE,WI,AGL,CE,Combined TRACON& Tower with Radar,131,50,11,5,197,0,0,0,0,0,131,50,11,5,197,0,0,0,197
04/03/2022,MKE,WI,AGL,CE,Combined TRACON& Tower with Radar,130,41,38,1,210,0,1,3,0,4,130,42,41,1,214,0,0,0,214
04/04/2022,MKE,WI,AGL,CE,Combined TRACON& Tower with Radar,148,51,19,0,218,0,0,0,0,0,148,51,19,0,218,0,0,0,218
04/05/2022,MKE,WI,AGL,CE,Combined TRACON& Tower with Radar,154,82,25,10,271,0,2,5,0,7,154,84,30,10,278,0,0,0,278
04/06/2022,MKE,WI,AGL,CE,Combined TRACON& Tower with Radar,160,65,23,0,248,0,1,16,0,17,160,66,39,0,265,0,0,0,265
04/07/2022,MKE,WI,AGL,CE,Combined TRACON& Tower with Radar,156,75,18,5,254,0,0,0,0,0,156,75,18,5,254,0,0,0,254
04/08/2022,MKE,WI,AGL,CE,Combined TRACON& Tower with Radar,164,54,26,4,248,0,0,0,0,0,164,54,26,4,248,0,0,0,248
04/09/2022,MKE,WI,AGL,CE,Combined TRACON& Tower with Radar,145,38,10,0,193,0,5,21,0,26,145,43,31,0,219,0,0,0,219
04/10/2022,MKE,WI,AGL,CE,Combined TRACON& Tower with Radar,145,31,14,1,191,0,0,3,1,4,145,31,17,2,195,0,0,0,195
04/11/2022,MKE,WI,AGL,CE,Combined TRACON& Tower with Radar,161,48,30,1,240,0,17,16,0,33,161,65,46,1,273,0,0,0,273
04/12/2022,MKE,WI,AGL,CE,Combined TRACON& Tower with Radar,153,78,24,5,260,0,8,13,2,23,153,86,37,7,283,0,0,0,283
04/13/2022,MKE,WI,AGL,CE,Combined TRACON& Tower with Radar,164,65,18,1,248,1,8,4,0,13,165,73,22,1,261,0,0,0,261
04/14/2022,MKE,WI,AGL,CE,Combined TRACON& Tower with Radar,163,89,28,3,283,0,12,2,3,17,163,101,30,6,300,0,0,0,300
04/15/2022,MKE,WI,AGL,CE,Combined TRACON& Tower with Radar,162,58,20,2,242,0,10,9,0,19,162,68,29,2,261,0,0,0,261
04/16/2022,MKE,WI,AGL,CE,Combined TRACON& Tower with Radar,136,33,11,3,183,0,0,8,0,8,136,33,19,3,191,0,0,0,191
04/17/2022,MKE,WI,AGL,CE,Combined TRACON& Tower with Radar,151,30,10,1,192,0,0,6,0,6,151,30,16,1,198,0,0,0,198
04/18/2022,MKE,WI,AGL,CE,Combined TRACON& Tower with Radar,154,59,25,2,240,0,0,0,0,0,154,59,25,2,240,0,0,0,240
04/19/2022,MKE,WI,AGL,CE,Combined TRACON& Tower with Radar,156,72,20,21,269,0,7,9,1,17,156,79,29,22,286,0,0,0,286
04/20/2022,MKE,WI,AGL,CE,Combined TRACON& Tower with Radar,151,73,36,14,274,0,6,3,0,9,151,79,39,14,283,0,0,0,283
04/21/2022,MKE,WI,AGL,CE,Combined TRACON& Tower with Radar,160,65,27,6,258,0,12,14,2,28,160,77,41,8,286,0,0,0,286
04/22/2022,MKE,WI,AGL,CE,Combined TRACON& Tower with Radar,155,66,23,8,252,0,0,0,0,0,155,66,23,8,252,0,0,0,252
04/23/2022,MKE,WI,AGL,CE,Combined TRACON& Tower with Radar,142,47,11,1,201,0,0,8,0,8,142,47,19,1,209,9,0,9,218
04/24/2022,MKE,WI,AGL,CE,Combined TRACON& Tower with Radar,147,44,25,1,217,0,5,4,0,9,147,49,29,1,226,8,0,8,234
04/25/2022,MKE,WI,AGL,CE,Combined TRACON& Tower with Radar,161,55,27,2,245,0,10,11,0,21,161,65,38,2,266,0,0,0,266
04/26/2022,MKE,WI,AGL,CE,Combined TRACON& Tower with Radar,148,70,25,6,249,1,5,4,0,10,149,75,29,6,259,0,0,0,259
04/27/2022,MKE,WI,AGL,CE,Combined TRACON& Tower with Radar,149,76,18,3,246,0,15,18,4,37,149,91,36,7,283,0,0,0,283
04/28/2022,MKE,WI,AGL,CE,Combined TRACON& Tower with Radar,155,79,24,15,273,0,16,13,3,32,155,95,37,18,305,0,0,0,305
04/29/2022,MKE,WI,AGL,CE,Combined TRACON& Tower with Radar,153,71,19,2,245,0,9,10,0,19,153,80,29,2,264,0,0,0,264
04/30/2022,MKE,WI,AGL,CE,Combined TRACON& Tower with Radar,149,50,11,1,211,0,0,0,0,0,149,50,11,1,211,0,0,0,211
05/01/2022,MKE,WI,AGL,CE,Combined TRACON& Tower with Radar,144,33,21,4,202,0,0,4,0,4,144,33,25,4,206,0,0,0,206
05/02/2022,MKE,WI,AGL,CE,Combined TRACON& Tower with Radar,148,65,23,1,237,0,1,8,0,9,148,66,31,1,246,0,0,0,246
05/03/2022,MKE,WI,AGL,CE,Combined TRACON& Tower with Radar,157,68,19,0,244,0,0,0,0,0,157,68,19,0,244,0,0,0,244
05/04/2022,MKE,WI,AGL,CE,Combined TRACON& Tower with Radar,156,81,34,3,274,0,0,3,0,3,156,81,37,3,277,0,0,0,277
05/05/2022,MKE,WI,AGL,CE,Combined TRACON& Tower with Radar,156,82,21,3,262,0,1,7,3,11,156,83,28,6,273,0,0,0,273
05/06/2022,MKE,WI,AGL,CE,Combined TRACON& Tower with Radar,155,96,29,2,282,0,0,5,0,5,155,96,34,2,287,0,0,0,287
05/07/2022,MKE,WI,AGL,CE,Combined TRACON& Tower with Radar,124,58,22,1,205,0,4,20,0,24,124,62,42,1,229,0,0,0,229
05/08/2022,MKE,WI,AGL,CE,Combined TRACON& Tower with Radar,132,50,19,0,201,0,0,5,0,5,132,50,24,0,206,0,0,0,206
05/09/2022,MKE,WI,AGL,CE,Combined TRACON& Tower with Radar,147,69,30,5,251,0,2,4,0,6,147,71,34,5,257,0,0,0,257
05/10/2022,MKE,WI,AGL,CE,Combined TRACON& Tower with Radar,145,88,19,5,257,0,5,10,0,15,145,93,29,5,272,0,0,0,272
05/11/2022,MKE,WI,AGL,CE,Combined TRACON& Tower with Radar,137,99,34,8,278,0,0,0,0,0,137,99,34,8,278,0,0,0,278
05/12/2022,MKE,WI,AGL,CE,Combined TRACON& Tower with Radar,153,93,38,6,290,0,2,15,0,17,153,95,53,6,307,0,0,0,307
05/13/2022,MKE,WI,AGL,CE,Combined TRACON& Tower with Radar,153,86,32,15,286,0,6,12,0,18,153,92,44,15,304,0,0,0,304
05/14/2022,MKE,WI,AGL,CE,Combined TRACON& Tower with Radar,127,50,12,1,190,0,2,13,0,15,127,52,25,1,205,0,0,0,205
05/15/2022,MKE,WI,AGL,CE,Combined TRACON& Tower with Radar,144,35,16,0,195,0,2,16,0,18,144,37,32,0,213,0,0,0,213
05/16/2022,MKE,WI,AGL,CE,Combined TRACON& Tower with Radar,140,64,13,1,218,0,4,12,2,18,140,68,25,3,236,0,0,0,236
05/17/2022,MKE,WI,AGL,CE,Combined TRACON& Tower with Radar,144,87,20,8,259,0,0,15,1,16,144,87,35,9,275,0,0,0,275
05/18/2022,MKE,WI,AGL,CE,Combined TRACON& Tower with Radar,143,68,28,12,251,0,2,3,0,5,143,70,31,12,256,0,0,0,256
05/19/2022,MKE,WI,AGL,CE,Combined TRACON& Tower with Radar,150,64,20,4,238,0,4,7,1,12,150,68,27,5,250,0,0,0,250
05/20/2022,MKE,WI,AGL,CE,Combined TRACON& Tower with Radar,142,69,20,11,242,0,0,0,0,0,142,69,20,11,242,0,0,0,242
05/21/2022,MKE,WI,AGL,CE,Combined TRACON& Tower with Radar,138,49,8,2,197,0,0,6,2,8,138,49,14,4,205,0,0,0,205
05/22/2022,MKE,WI,AGL,CE,Combined TRACON& Tower with Radar,124,31,13,1,169,0,7,17,2,26,124,38,30,3,195,0,0,0,195
05/23/2022,MKE,WI,AGL,CE,Combined TRACON& Tower with Radar,138,44,28,1,211,0,8,17,0,25,138,52,45,1,236,0,0,0,236
05/24/2022,MKE,WI,AGL,CE,Combined TRACON& Tower with Radar,144,70,36,3,253,0,5,9,0,14,144,75,45,3,267,0,0,0,267
05/25/2022,MKE,WI,AGL,CE,Combined TRACON& Tower with Radar,145,70,24,0,239,0,3,0,0,3,145,73,24,0,242,0,0,0,242
05/26/2022,MKE,WI,AGL,CE,Combined TRACON& Tower with Radar,142,82,32,13,269,0,1,2,0,3,142,83,34,13,272,0,0,0,272
05/27/2022,MKE,WI,AGL,CE,Combined TRACON& Tower with Radar,155,63,18,2,238,0,1,8,0,9,155,64,26,2,247,0,0,0,247
05/28/2022,MKE,WI,AGL,CE,Combined TRACON& Tower with Radar,121,43,16,2,182,0,1,14,0,15,121,44,30,2,197,0,0,0,197
05/29/2022,MKE,WI,AGL,CE,Combined TRACON& Tower with Radar,125,40,11,0,176,0,3,0,0,3,125,43,11,0,179,0,0,0,179
05/30/2022,MKE,WI,AGL,CE,Combined TRACON& Tower with Radar,144,38,10,0,192,0,4,1,0,5,144,42,11,0,197,0,0,0,197
05/31/2022,MKE,WI,AGL,CE,Combined TRACON& Tower with Radar,135,63,17,4,219,0,0,0,4,4,135,63,17,8,223,0,0,0,223
06/01/2022,MKE,WI,AGL,CE,Combined TRACON& Tower with Radar,134,70,33,9,246,0,4,19,0,23,134,74,52,9,269,0,0,0,269
06/02/2022,MKE,WI,AGL,CE,Combined TRACON& Tower with Radar,139,79,28,1,247,0,2,21,0,23,139,81,49,1,270,0,0,0,270
06/03/2022,MKE,WI,AGL,CE,Combined TRACON& Tower with Radar,151,69,18,1,239,0,2,15,0,17,151,71,33,1,256,0,0,0,256
06/04/2022,MKE,WI,AGL,CE,Combined TRACON& Tower with Radar,126,37,14,9,186,0,0,8,8,16,126,37,22,17,202,0,0,0,202
06/05/2022,MKE,WI,AGL,CE,Combined TRACON& Tower with Radar,129,32,21,0,182,0,2,10,2,14,129,34,31,2,196,0,0,0,196
06/06/2022,MKE,WI,AGL,CE,Combined TRACON& Tower with Radar,140,61,21,1,223,0,0,0,0,0,140,61,21,1,223,0,0,0,223
06/07/2022,MKE,WI,AGL,CE,Combined TRACON& Tower with Radar,144,75,45,8,272,0,16,12,5,33,144,91,57,13,305,0,0,0,305
06/08/2022,MKE,WI,AGL,CE,Combined TRACON& Tower with Radar,143,72,45,4,264,0,0,2,0,2,143,72,47,4,266,0,0,0,266
06/09/2022,MKE,WI,AGL,CE,Combined TRACON& Tower with Radar,150,81,36,11,278,0,6,19,0,25,150,87,55,11,303,0,0,0,303
06/10/2022,MKE,WI,AGL,CE,Combined TRACON& Tower with Radar,137,77,29,8,251,0,12,9,3,24,137,89,38,11,275,0,0,0,275
06/11/2022,MKE,WI,AGL,CE,Combined TRACON& Tower with Radar,144,36,7,2,189,0,2,1,0,3,144,38,8,2,192,0,0,0,192
06/12/2022,MKE,WI,AGL,CE,Combined TRACON& Tower with Radar,129,33,10,3,175,0,0,9,2,11,129,33,19,5,186,0,0,0,186
06/13/2022,MKE,WI,AGL,CE,Combined TRACON& Tower with Radar,159,62,20,1,242,0,4,5,0,9,159,66,25,1,251,0,0,0,251
06/14/2022,MKE,WI,AGL,CE,Combined TRACON& Tower with Radar,146,62,29,10,247,0,12,8,0,20,146,74,37,10,267,0,0,0,267
06/15/2022,MKE,WI,AGL,CE,Combined TRACON& Tower with Radar,135,73,27,5,240,0,8,8,0,16,135,81,35,5,256,0,0,0,256
06/16/2022,MKE,WI,AGL,CE,Combined TRACON& Tower with Radar,150,77,25,13,265,0,4,1,1,6,150,81,26,14,271,0,0,0,271
06/17/2022,MKE,WI,AGL,CE,Combined TRACON& Tower with Radar,142,75,30,1,248,0,10,24,0,34,142,85,54,1,282,0,0,0,282
06/18/2022,MKE,WI,AGL,CE,Combined TRACON& Tower with Radar,148,44,15,2,209,0,8,23,1,32,148,52,38,3,241,0,0,0,241
06/19/2022,MKE,WI,AGL,CE,Combined TRACON& Tower with Radar,130,30,15,2,177,0,3,7,0,10,130,33,22,2,187,0,0,0,187
06/20/2022,MKE,WI,AGL,CE,Combined TRACON& Tower with Radar,134,61,27,0,222,0,2,4,0,6,134,63,31,0,228,0,0,0,228
06/21/2022,MKE,WI,AGL,CE,Combined TRACON& Tower with Radar,149,77,28,6,260,0,4,4,0,8,149,81,32,6,268,0,0,0,268
06/22/2022,MKE,WI,AGL,CE,Combined TRACON& Tower with Radar,129,75,16,4,224,0,13,12,1,26,129,88,28,5,250,0,0,0,250
06/23/2022,MKE,WI,AGL,CE,Combined TRACON& Tower with Radar,146,91,24,5,266,0,7,15,0,22,146,98,39,5,288,0,0,0,288
06/24/2022,MKE,WI,AGL,CE,Combined TRACON& Tower with Radar,149,79,27,4,259,0,9,15,0,24,149,88,42,4,283,0,0,0,283
06/25/2022,MKE,WI,AGL,CE,Combined TRACON& Tower with Radar,144,50,20,2,216,0,5,1,0,6,144,55,21,2,222,0,0,0,222
06/26/2022,MKE,WI,AGL,CE,Combined TRACON& Tower with Radar,142,41,23,6,212,0,0,12,0,12,142,41,35,6,224,0,0,0,224
06/27/2022,MKE,WI,AGL,CE,Combined TRACON& Tower with Radar,141,52,27,3,223,0,5,12,0,17,141,57,39,3,240,0,0,0,240
06/28/2022,MKE,WI,AGL,CE,Combined TRACON& Tower with Radar,143,75,19,10,247,0,7,20,0,27,143,82,39,10,274,0,0,0,274
06/29/2022,MKE,WI,AGL,CE,Combined TRACON& Tower with Radar,139,76,21,2,238,0,3,11,4,18,139,79,32,6,256,0,0,0,256
06/30/2022,MKE,WI,AGL,CE,Combined TRACON& Tower with Radar,145,88,29,2,264,0,4,16,0,20,145,92,45,2,284,0,0,0,284
07/01/2022,MKE,WI,AGL,CE,Combined TRACON& Tower with Radar,149,70,18,2,239,0,5,18,2,25,149,75,36,4,264,0,0,0,264
07/02/2022,MKE,WI,AGL,CE,Combined TRACON& Tower with Radar,143,38,19,1,201,0,6,23,0,29,143,44,42,1,230,0,0,0,230
07/03/2022,MKE,WI,AGL,CE,Combined TRACON& Tower with Radar,131,32,1,1,165,0,1,13,0,14,131,33,14,1,179,0,0,0,179
07/04/2022,MKE,WI,AGL,CE,Combined TRACON& Tower with Radar,122,31,8,4,165,0,6,5,1,12,122,37,13,5,177,0,0,0,177
07/05/2022,MKE,WI,AGL,CE,Combined TRACON& Tower with Radar,135,52,17,7,211,0,0,5,0,5,135,52,22,7,216,0,0,0,216
07/06/2022,MKE,WI,AGL,CE,Combined TRACON& Tower with Radar,141,65,30,9,245,0,1,7,2,10,141,66,37,11,255,0,0,0,255
07/07/2022,MKE,WI,AGL,CE,Combined TRACON& Tower with Radar,146,75,21,9,251,0,4,8,0,12,146,79,29,9,263,0,0,0,263
07/08/2022,MKE,WI,AGL,CE,Combined TRACON& Tower with Radar,140,73,27,6,246,0,4,5,0,9,140,77,32,6,255,0,0,0,255
07/09/2022,MKE,WI,AGL,CE,Combined TRACON& Tower with Radar,140,42,15,7,204,0,10,10,5,25,140,52,25,12,229,0,0,0,229
07/10/2022,MKE,WI,AGL,CE,Combined TRACON& Tower with Radar,140,37,21,0,198,0,6,11,0,17,140,43,32,0,215,0,0,0,215
07/11/2022,MKE,WI,AGL,CE,Combined TRACON& Tower with Radar,154,51,26,0,231,0,6,20,0,26,154,57,46,0,257,0,0,0,257
07/12/2022,MKE,WI,AGL,CE,Combined TRACON& Tower with Radar,142,62,24,6,234,0,11,19,0,30,142,73,43,6,264,0,0,0,264
07/13/2022,MKE,WI,AGL,CE,Combined TRACON& Tower with Radar,143,82,15,8,248,0,10,14,0,24,143,92,29,8,272,0,0,0,272
07/14/2022,MKE,WI,AGL,CE,Combined TRACON& Tower with Radar,145,98,30,9,282,0,11,23,0,34,145,109,53,9,316,0,0,0,316
07/15/2022,MKE,WI,AGL,CE,Combined TRACON& Tower with Radar,149,68,12,1,230,0,0,5,0,5,149,68,17,1,235,0,0,0,235
07/16/2022,MKE,WI,AGL,CE,Combined TRACON& Tower with Radar,141,42,24,2,209,0,0,0,0,0,141,42,24,2,209,0,0,0,209
07/17/2022,MKE,WI,AGL,CE,Combined TRACON& Tower with Radar,141,46,28,0,215,0,0,14,0,14,141,46,42,0,229,0,0,0,229
07/18/2022,MKE,WI,AGL,CE,Combined TRACON& Tower with Radar,132,57,18,0,207,0,5,17,0,22,132,62,35,0,229,0,0,0,229
07/19/2022,MKE,WI,AGL,CE,Combined TRACON& Tower with Radar,146,66,16,3,231,0,8,8,0,16,146,74,24,3,247,0,0,0,247
07/20/2022,MKE,WI,AGL,CE,Combined TRACON& Tower with Radar,136,75,19,15,245,0,4,5,6,15,136,79,24,21,260,0,0,0,260
07/21/2022,MKE,WI,AGL,CE,Combined TRACON& Tower with Radar,152,81,37,8,278,0,2,20,14,36,152,83,57,22,314,0,0,0,314
07/22/2022,MKE,WI,AGL,CE,Combined TRACON& Tower with Radar,143,66,32,8,249,0,3,32,17,52,143,69,64,25,301,0,0,0,301
07/23/2022,MKE,WI,AGL,CE,Combined TRACON& Tower with Radar,135,59,15,5,214,0,12,26,17,55,135,71,41,22,269,0,0,0,269
07/24/2022,MKE,WI,AGL,CE,Combined TRACON& Tower with Radar,135,39,28,5,207,0,6,24,15,45,135,45,52,20,252,0,0,0,252
07/25/2022,MKE,WI,AGL,CE,Combined TRACON& Tower with Radar,127,64,44,2,237,0,4,6,0,10,127,68,50,2,247,0,0,0,247
07/26/2022,MKE,WI,AGL,CE,Combined TRACON& Tower with Radar,142,83,41,2,268,0,9,14,1,24,142,92,55,3,292,0,0,0,292
07/27/2022,MKE,WI,AGL,CE,Combined TRACON& Tower with Radar,158,83,49,16,306,0,6,16,0,22,158,89,65,16,328,0,0,0,328
07/28/2022,MKE,WI,AGL,CE,Combined TRACON& Tower with Radar,140,80,24,17,261,0,12,26,5,43,140,92,50,22,304,0,0,0,304
07/29/2022,MKE,WI,AGL,CE,Combined TRACON& Tower with Radar,141,88,20,3,252,0,7,15,0,22,141,95,35,3,274,0,0,0,274
07/30/2022,MKE,WI,AGL,CE,Combined TRACON& Tower with Radar,136,44,13,3,196,0,6,21,1,28,136,50,34,4,224,0,0,0,224
07/31/2022,MKE,WI,AGL,CE,Combined TRACON& Tower with Radar,139,42,27,1,209,0,0,13,0,13,139,42,40,1,222,0,0,0,222
08/01/2022,MKE,WI,AGL,CE,Combined TRACON& Tower with Radar,139,60,23,5,227,0,12,14,0,26,139,72,37,5,253,0,0,0,253
08/02/2022,MKE,WI,AGL,CE,Combined TRACON& Tower with Radar,146,81,22,7,256,0,9,8,0,17,146,90,30,7,273,0,0,0,273
08/03/2022,MKE,WI,AGL,CE,Combined TRACON& Tower with Radar,139,82,24,4,249,0,3,9,0,12,139,85,33,4,261,0,0,0,261
08/04/2022,MKE,WI,AGL,CE,Combined TRACON& Tower with Radar,139,78,49,14,280,0,8,11,0,19,139,86,60,14,299,0,0,0,299
08/05/2022,MKE,WI,AGL,CE,Combined TRACON& Tower with Radar,123,73,35,15,246,0,5,11,1,17,123,78,46,16,263,0,0,0,263
08/06/2022,MKE,WI,AGL,CE,Combined TRACON& Tower with Radar,140,54,18,7,219,0,1,9,0,10,140,55,27,7,229,0,0,0,229
08/07/2022,MKE,WI,AGL,CE,Combined TRACON& Tower with Radar,134,39,30,10,213,0,1,1,0,2,134,40,31,10,215,0,0,0,215
08/08/2022,MKE,WI,AGL,CE,Combined TRACON& Tower with Radar,138,74,26,12,250,0,0,1,0,1,138,74,27,12,251,0,0,0,251
08/09/2022,MKE,WI,AGL,CE,Combined TRACON& Tower with Radar,135,89,36,13,273,0,6,18,1,25,135,95,54,14,298,0,0,0,298
08/10/2022,MKE,WI,AGL,CE,Combined TRACON& Tower with Radar,146,77,30,14,267,0,6,25,0,31,146,83,55,14,298,0,0,0,298
08/11/2022,MKE,WI,AGL,CE,Combined TRACON& Tower with Radar,147,82,17,19,265,0,6,17,0,23,147,88,34,19,288,0,0,0,288
08/12/2022,MKE,WI,AGL,CE,Combined TRACON& Tower with Radar,143,76,18,16,253,0,2,15,1,18,143,78,33,17,271,0,0,0,271
08/13/2022,MKE,WI,AGL,CE,Combined TRACON& Tower with Radar,143,41,10,4,198,0,2,5,0,7,143,43,15,4,205,0,0,0,205
08/14/2022,MKE,WI,AGL,CE,Combined TRACON& Tower with Radar,137,35,20,12,204,0,2,1,0,3,137,37,21,12,207,0,0,0,207
08/15/2022,MKE,WI,AGL,CE,Combined TRACON& Tower with Radar,135,61,23,18,237,0,1,21,0,22,135,62,44,18,259,0,0,0,259
08/16/2022,MKE,WI,AGL,CE,Combined TRACON& Tower with Radar,146,77,16,10,249,0,11,20,0,31,146,88,36,10,280,0,0,0,280
08/17/2022,MKE,WI,AGL,CE,Combined TRACON& Tower with Radar,142,72,33,15,262,0,6,9,5,20,142,78,42,20,282,0,0,0,282
08/18/2022,MKE,WI,AGL,CE,Combined TRACON& Tower with Radar,143,73,22,12,250,0,2,14,2,18,143,75,36,14,268,0,0,0,268
08/19/2022,MKE,WI,AGL,CE,Combined TRACON& Tower with Radar,144,78,29,6,257,0,2,6,0,8,144,80,35,6,265,0,0,0,265
08/20/2022,MKE,WI,AGL,CE,Combined TRACON& Tower with Radar,138,48,10,2,198,0,0,3,0,3,138,48,13,2,201,0,0,0,201
08/21/2022,MKE,WI,AGL,CE,Combined TRACON& Tower with Radar,127,43,20,8,198,0,2,5,0,7,127,45,25,8,205,0,0,0,205
08/22/2022,MKE,WI,AGL,CE,Combined TRACON& Tower with Radar,123,67,18,7,215,0,1,15,2,18,123,68,33,9,233,0,0,0,233
08/23/2022,MKE,WI,AGL,CE,Combined TRACON& Tower with Radar,141,68,16,2,227,0,6,9,0,15,141,74,25,2,242,0,0,0,242
08/24/2022,MKE,WI,AGL,CE,Combined TRACON& Tower with Radar,142,79,20,5,246,0,5,12,10,27,142,84,32,15,273,0,0,0,273
08/25/2022,MKE,WI,AGL,CE,Combined TRACON& Tower with Radar,157,89,37,3,286,0,0,3,0,3,157,89,40,3,289,0,0,0,289
08/26/2022,MKE,WI,AGL,CE,Combined TRACON& Tower with Radar,143,65,22,9,239,0,6,6,1,13,143,71,28,10,252,0,0,0,252
08/27/2022,MKE,WI,AGL,CE,Combined TRACON& Tower with Radar,139,48,15,1,203,0,3,5,0,8,139,51,20,1,211,0,0,0,211
08/28/2022,MKE,WI,AGL,CE,Combined TRACON& Tower with Radar,138,47,23,4,212,0,0,4,0,4,138,47,27,4,216,0,0,0,216
08/29/2022,MKE,WI,AGL,CE,Combined TRACON& Tower with Radar,140,59,23,1,223,0,0,8,0,8,140,59,31,1,231,0,0,0,231
08/30/2022,MKE,WI,AGL,CE,Combined TRACON& Tower with Radar,139,67,34,6,246,0,1,32,0,33,139,68,66,6,279,0,0,0,279
08/31/2022,MKE,WI,AGL,CE,Combined TRACON& Tower with Radar,148,66,38,21,273,0,0,14,2,16,148,66,52,23,289,0,0,0,289
09/01/2022,MKE,WI,AGL,CE,Combined TRACON& Tower with Radar,147,72,20,15,254,0,4,17,1,22,147,76,37,16,276,0,0,0,276
09/02/2022,MKE,WI,AGL,CE,Combined TRACON& Tower with Radar,137,91,24,4,256,0,4,8,2,14,137,95,32,6,270,0,0,0,270
09/03/2022,MKE,WI,AGL,CE,Combined TRACON& Tower with Radar,130,39,8,0,177,0,4,3,0,7,130,43,11,0,184,0,0,0,184
09/04/2022,MKE,WI,AGL,CE,Combined TRACON& Tower with Radar,115,34,4,3,156,0,0,0,0,0,115,34,4,3,156,0,0,0,156
09/05/2022,MKE,WI,AGL,CE,Combined TRACON& Tower with Radar,132,40,7,4,183,0,2,8,8,18,132,42,15,12,201,0,0,0,201
09/06/2022,MKE,WI,AGL,CE,Combined TRACON& Tower with Radar,135,68,18,15,236,0,2,5,1,8,135,70,23,16,244,0,0,0,244
09/07/2022,MKE,WI,AGL,CE,Combined TRACON& Tower with Radar,144,76,23,8,251,0,6,21,7,34,144,82,44,15,285,0,0,0,285
09/08/2022,MKE,WI,AGL,CE,Combined TRACON& Tower with Radar,149,77,31,2,259,0,6,12,0,18,149,83,43,2,277,0,0,0,277
09/09/2022,MKE,WI,AGL,CE,Combined TRACON& Tower with Radar,146,80,20,28,274,0,2,12,1,15,146,82,32,29,289,0,0,0,289
09/10/2022,MKE,WI,AGL,CE,Combined TRACON& Tower with Radar,135,50,15,3,203,0,0,13,0,13,135,50,28,3,216,0,0,0,216
09/11/2022,MKE,WI,AGL,CE,Combined TRACON& Tower with Radar,138,39,14,0,191,0,0,0,0,0,138,39,14,0,191,0,0,0,191
09/12/2022,MKE,WI,AGL,CE,Combined TRACON& Tower with Radar,145,68,15,7,235,0,7,3,0,10,145,75,18,7,245,0,0,0,245
09/13/2022,MKE,WI,AGL,CE,Combined TRACON& Tower with Radar,150,79,17,6,252,0,5,9,5,19,150,84,26,11,271,0,0,0,271
09/14/2022,MKE,WI,AGL,CE,Combined TRACON& Tower with Radar,145,85,16,9,255,0,18,0,0,18,145,103,16,9,273,0,0,0,273
09/15/2022,MKE,WI,AGL,CE,Combined TRACON& Tower with Radar,155,81,25,13,274,0,3,17,2,22,155,84,42,15,296,0,0,0,296
09/16/2022,MKE,WI,AGL,CE,Combined TRACON& Tower with Radar,142,76,29,1,248,0,2,6,0,8,142,78,35,1,256,0,0,0,256
09/17/2022,MKE,WI,AGL,CE,Combined TRACON& Tower with Radar,125,47,15,2,189,0,4,19,0,23,125,51,34,2,212,0,0,0,212
09/18/2022,MKE,WI,AGL,CE,Combined TRACON& Tower with Radar,139,48,21,0,208,0,2,0,0,2,139,50,21,0,210,0,0,0,210
09/19/2022,MKE,WI,AGL,CE,Combined TRACON& Tower with Radar,134,48,25,1,208,0,9,18,0,27,134,57,43,1,235,0,0,0,235
09/20/2022,MKE,WI,AGL,CE,Combined TRACON& Tower with Radar,163,82,26,2,273,0,1,5,0,6,163,83,31,2,279,0,0,0,279
09/21/2022,MKE,WI,AGL,CE,Combined TRACON& Tower with Radar,144,72,39,3,258,0,4,11,1,16,144,76,50,4,274,0,0,0,274
09/22/2022,MKE,WI,AGL,CE,Combined TRACON& Tower with Radar,142,72,29,7,250,0,3,7,10,20,142,75,36,17,270,0,0,0,270
09/23/2022,MKE,WI,AGL,CE,Combined TRACON& Tower with Radar,140,72,19,4,235,0,4,13,0,17,140,76,32,4,252,0,0,0,252
09/24/2022,MKE,WI,AGL,CE,Combined TRACON& Tower with Radar,125,60,14,2,201,0,0,3,0,3,125,60,17,2,204,0,0,0,204
09/25/2022,MKE,WI,AGL,CE,Combined TRACON& Tower with Radar,134,58,29,2,223,0,0,0,0,0,134,58,29,2,223,0,0,0,223
09/26/2022,MKE,WI,AGL,CE,Combined TRACON& Tower with Radar,151,56,23,0,230,0,1,6,0,7,151,57,29,0,237,0,0,0,237
09/27/2022,MKE,WI,AGL,CE,Combined TRACON& Tower with Radar,144,79,32,3,258,0,6,7,2,15,144,85,39,5,273,0,0,0,273
09/28/2022,MKE,WI,AGL,CE,Combined TRACON& Tower with Radar,139,68,35,3,245,0,10,12,0,22,139,78,47,3,267,0,0,0,267
09/29/2022,MKE,WI,AGL,CE,Combined TRACON& Tower with Radar,143,71,20,5,239,0,5,15,2,22,143,76,35,7,261,0,0,0,261
09/30/2022,MKE,WI,AGL,CE,Combined TRACON& Tower with Radar,144,71,29,1,245,0,7,9,0,16,144,78,38,1,261,0,0,0,261
10/01/2022,MKE,WI,AGL,CE,Combined TRACON& Tower with Radar,134,44,14,1,193,0,2,14,0,16,134,46,28,1,209,0,0,0,209
10/02/2022,MKE,WI,AGL,CE,Combined TRACON& Tower with Radar,141,49,15,3,208,0,2,3,2,7,141,51,18,5,215,0,0,0,215
10/03/2022,MKE,WI,AGL,CE,Combined TRACON& Tower with Radar,143,56,25,3,227,0,10,19,0,29,143,66,44,3,256,0,0,0,256
10/04/2022,MKE,WI,AGL,CE,Combined TRACON& Tower with Radar,146,67,23,4,240,0,7,11,3,21,146,74,34,7,261,0,0,0,261
10/05/2022,MKE,WI,AGL,CE,Combined TRACON& Tower with Radar,148,84,19,14,265,0,4,8,14,26,148,88,27,28,291,0,0,0,291
10/06/2022,MKE,WI,AGL,CE,Combined TRACON& Tower with Radar,152,90,29,4,275,0,3,18,0,21,152,93,47,4,296,0,0,0,296
10/07/2022,MKE,WI,AGL,CE,Combined TRACON& Tower with Radar,149,72,25,0,246,0,9,18,0,27,149,81,43,0,273,0,0,0,273
10/08/2022,MKE,WI,AGL,CE,Combined TRACON& Tower with Radar,136,51,14,0,201,0,6,18,0,24,136,57,32,0,225,0,0,0,225
10/09/2022,MKE,WI,AGL,CE,Combined TRACON& Tower with Radar,137,46,22,0,205,0,2,13,0,15,137,48,35,0,220,0,0,0,220
10/10/2022,MKE,WI,AGL,CE,Combined TRACON& Tower with Radar,144,41,19,0,204,0,2,17,0,19,144,43,36,0,223,0,0,0,223
10/11/2022,MKE,WI,AGL,CE,Combined TRACON& Tower with Radar,152,76,26,8,262,0,0,20,0,20,152,76,46,8,282,0,0,0,282
10/12/2022,MKE,WI,AGL,CE,Combined TRACON& Tower with Radar,139,68,23,6,236,0,2,0,0,2,139,70,23,6,238,0,0,0,238
10/13/2022,MKE,WI,AGL,CE,Combined TRACON& Tower with Radar,156,69,18,13,256,0,3,6,7,16,156,72,24,20,272,0,0,0,272
10/14/2022,MKE,WI,AGL,CE,Combined TRACON& Tower with Radar,148,70,16,5,239,0,0,8,3,11,148,70,24,8,250,0,0,0,250
10/15/2022,MKE,WI,AGL,CE,Combined TRACON& Tower with Radar,131,42,11,3,187,0,0,8,0,8,131,42,19,3,195,0,0,0,195
10/16/2022,MKE,WI,AGL,CE,Combined TRACON& Tower with Radar,136,32,12,1,181,0,0,2,0,2,136,32,14,1,183,0,0,0,183
10/17/2022,MKE,WI,AGL,CE,Combined TRACON& Tower with Radar,143,43,19,1,206,0,0,1,0,1,143,43,20,1,207,0,0,0,207
10/18/2022,MKE,WI,AGL,CE,Combined TRACON& Tower with Radar,143,75,24,1,243,0,1,7,0,8,143,76,31,1,251,0,0,0,251
10/19/2022,MKE,WI,AGL,CE,Combined TRACON& Tower with Radar,147,78,27,18,270,0,5,9,6,20,147,83,36,24,290,0,0,0,290
10/20/2022,MKE,WI,AGL,CE,Combined TRACON& Tower with Radar,150,66,27,8,251,0,0,30,2,32,150,66,57,10,283,0,0,0,283
10/21/2022,MKE,WI,AGL,CE,Combined TRACON& Tower with Radar,149,77,22,8,256,0,2,10,4,16,149,79,32,12,272,0,0,0,272
10/22/2022,MKE,WI,AGL,CE,Combined TRACON& Tower with Radar,132,42,9,7,190,0,2,16,1,19,132,44,25,8,209,0,0,0,209
10/23/2022,MKE,WI,AGL,CE,Combined TRACON& Tower with Radar,132,40,17,2,191,0,2,8,0,10,132,42,25,2,201,0,0,0,201
10/24/2022,MKE,WI,AGL,CE,Combined TRACON& Tower with Radar,141,54,15,2,212,0,7,3,0,10,141,61,18,2,222,0,0,0,222
10/25/2022,MKE,WI,AGL,CE,Combined TRACON& Tower with Radar,138,71,27,3,239,0,0,0,0,0,138,71,27,3,239,0,0,0,239
10/26/2022,MKE,WI,AGL,CE,Combined TRACON& Tower with Radar,146,70,31,19,266,0,1,33,14,48,146,71,64,33,314,0,0,0,314
10/27/2022,MKE,WI,AGL,CE,Combined TRACON& Tower with Radar,152,70,28,13,263,0,4,11,12,27,152,74,39,25,290,0,0,0,290
10/28/2022,MKE,WI,AGL,CE,Combined TRACON& Tower with Radar,147,73,29,6,255,0,0,18,6,24,147,73,47,12,279,0,0,0,279
10/29/2022,MKE,WI,AGL,CE,Combined TRACON& Tower with Radar,127,46,11,3,187,0,1,4,0,5,127,47,15,3,192,0,0,0,192
10/30/2022,MKE,WI,AGL,CE,Combined TRACON& Tower with Radar,129,43,18,1,191,0,0,9,0,9,129,43,27,1,200,0,0,0,200
10/31/2022,MKE,WI,AGL,CE,Combined TRACON& Tower with Radar,130,53,16,0,199,0,5,0,0,5,130,58,16,0,204,0,0,0,204
11/01/2022,MKE,WI,AGL,CE,Combined TRACON& Tower with Radar,143,70,22,4,239,0,4,9,0,13,143,74,31,4,252,0,0,0,252
11/02/2022,MKE,WI,AGL,CE,Combined TRACON& Tower with Radar,146,93,21,16,276,0,0,30,5,35,146,93,51,21,311,0,0,0,311
11/03/2022,MKE,WI,AGL,CE,Combined TRACON& Tower with Radar,155,88,21,2,266,0,5,8,2,15,155,93,29,4,281,0,0,0,281
11/04/2022,MKE,WI,AGL,CE,Combined TRACON& Tower with Radar,145,77,16,5,243,0,0,0,0,0,145,77,16,5,243,0,0,0,243
11/05/2022,MKE,WI,AGL,CE,Combined TRACON& Tower with Radar,150,46,13,1,210,0,0,0,0,0,150,46,13,1,210,0,0,0,210
11/06/2022,MKE,WI,AGL,CE,Combined TRACON& Tower with Radar,141,44,15,2,202,0,0,3,0,3,141,44,18,2,205,0,0,0,205
11/07/2022,MKE,WI,AGL,CE,Combined TRACON& Tower with Radar,140,61,19,1,221,0,9,11,3,23,140,70,30,4,244,0,0,0,244
11/08/2022,MKE,WI,AGL,CE,Combined TRACON& Tower with Radar,155,80,24,4,263,0,4,16,0,20,155,84,40,4,283,0,0,0,283
11/09/2022,MKE,WI,AGL,CE,Combined TRACON& Tower with Radar,145,81,20,9,255,0,4,4,2,10,145,85,24,11,265,0,0,0,265
11/10/2022,MKE,WI,AGL,CE,Combined TRACON& Tower with Radar,146,71,12,0,229,0,3,3,0,6,146,74,15,0,235,0,0,0,235
11/11/2022,MKE,WI,AGL,CE,Combined TRACON& Tower with Radar,151,59,22,0,232,0,2,3,0,5,151,61,25,0,237,0,0,0,237
11/12/2022,MKE,WI,AGL,CE,Combined TRACON& Tower with Radar,142,50,11,4,207,0,3,7,12,22,142,53,18,16,229,0,0,0,229
11/13/2022,MKE,WI,AGL,CE,Combined TRACON& Tower with Radar,143,32,20,1,196,0,6,12,1,19,143,38,32,2,215,0,0,0,215
11/14/2022,MKE,WI,AGL,CE,Combined TRACON& Tower with Radar,150,44,38,2,234,0,10,20,0,30,150,54,58,2,264,0,0,0,264
11/15/2022,MKE,WI,AGL,CE,Combined TRACON& Tower with Radar,154,84,16,13,267,0,2,0,0,2,154,86,16,13,269,0,0,0,269
11/16/2022,MKE,WI,AGL,CE,Combined TRACON& Tower with Radar,155,84,31,10,280,0,0,1,0,1,155,84,32,10,281,0,0,0,281
11/17/2022,MKE,WI,AGL,CE,Combined TRACON& Tower with Radar,165,77,18,6,266,0,0,0,0,0,165,77,18,6,266,0,0,0,266
11/18/2022,MKE,WI,AGL,CE,Combined TRACON& Tower with Radar,153,78,22,0,253,0,5,2,0,7,153,83,24,0,260,0,0,0,260
11/19/2022,MKE,WI,AGL,CE,Combined TRACON& Tower with Radar,143,57,6,3,209,0,1,0,0,1,143,58,6,3,210,0,0,0,210
11/20/2022,MKE,WI,AGL,CE,Combined TRACON& Tower with Radar,147,27,11,1,186,0,8,10,0,18,147,35,21,1,204,0,0,0,204
11/21/2022,MKE,WI,AGL,CE,Combined TRACON& Tower with Radar,143,43,16,0,202,0,14,11,0,25,143,57,27,0,227,0,0,0,227
11/22/2022,MKE,WI,AGL,CE,Combined TRACON& Tower with Radar,156,89,21,6,272,0,6,26,0,32,156,95,47,6,304,0,0,0,304
11/23/2022,MKE,WI,AGL,CE,Combined TRACON& Tower with Radar,160,69,22,6,257,0,7,10,0,17,160,76,32,6,274,0,0,0,274
11/24/2022,MKE,WI,AGL,CE,Combined TRACON& Tower with Radar,105,18,5,0,128,0,3,3,0,6,105,21,8,0,134,0,0,0,134
11/25/2022,MKE,WI,AGL,CE,Combined TRACON& Tower with Radar,126,71,8,0,205,0,0,2,1,3,126,71,10,1,208,0,0,0,208
11/26/2022,MKE,WI,AGL,CE,Combined TRACON& Tower with Radar,139,53,19,0,211,0,2,4,0,6,139,55,23,0,217,0,0,0,217
11/27/2022,MKE,WI,AGL,CE,Combined TRACON& Tower with Radar,146,51,22,2,221,0,0,0,0,0,146,51,22,2,221,0,0,0,221
11/28/2022,MKE,WI,AGL,CE,Combined TRACON& Tower with Radar,156,54,22,1,233,2,0,8,0,10,158,54,30,1,243,0,0,0,243
11/29/2022,MKE,WI,AGL,CE,Combined TRACON& Tower with Radar,163,75,24,6,268,0,0,0,0,0,163,75,24,6,268,0,0,0,268
11/30/2022,MKE,WI,AGL,CE,Combined TRACON& Tower with Radar,148,74,23,13,258,0,0,0,0,0,148,74,23,13,258,0,0,0,258
12/01/2022,MKE,WI,AGL,CE,Combined TRACON& Tower with Radar,153,77,17,15,262,0,8,9,0,17,153,85,26,15,279,0,0,0,279
12/02/2022,MKE,WI,AGL,CE,Combined TRACON& Tower with Radar,146,71,14,6,237,0,10,5,0,15,146,81,19,6,252,0,0,0,252
12/03/2022,MKE,WI,AGL,CE,Combined TRACON& Tower with Radar,136,37,6,2,181,0,3,5,9,17,136,40,11,11,198,0,0,0,198
12/04/2022,MKE,WI,AGL,CE,Combined TRACON& Tower with Radar,139,36,6,6,187,0,2,9,0,11,139,38,15,6,198,0,0,0,198
12/05/2022,MKE,WI,AGL,CE,Combined TRACON& Tower with Radar,143,53,30,0,226,0,12,3,0,15,143,65,33,0,241,0,0,0,241
12/06/2022,MKE,WI,AGL,CE,Combined TRACON& Tower with Radar,154,64,16,17,251,0,0,3,0,3,154,64,19,17,254,0,0,0,254
12/07/2022,MKE,WI,AGL,CE,Combined TRACON& Tower with Radar,150,79,25,10,264,0,0,0,0,0,150,79,25,10,264,0,0,0,264
12/08/2022,MKE,WI,AGL,CE,Combined TRACON& Tower with Radar,149,85,26,16,276,0,11,1,0,12,149,96,27,16,288,0,0,0,288
12/09/2022,MKE,WI,AGL,CE,Combined TRACON& Tower with Radar,148,69,15,0,232,0,0,0,0,0,148,69,15,0,232,0,0,0,232
12/10/2022,MKE,WI,AGL,CE,Combined TRACON& Tower with Radar,130,51,17,0,198,0,0,1,0,1,130,51,18,0,199,0,0,0,199
12/11/2022,MKE,WI,AGL,CE,Combined TRACON& Tower with Radar,136,37,13,0,186,0,0,0,0,0,136,37,13,0,186,0,0,0,186
12/12/2022,MKE,WI,AGL,CE,Combined TRACON& Tower with Radar,141,45,9,0,195,0,0,6,0,6,141,45,15,0,201,0,0,0,201
12/13/2022,MKE,WI,AGL,CE,Combined TRACON& Tower with Radar,145,81,18,9,253,0,2,0,0,2,145,83,18,9,255,0,0,0,255
12/14/2022,MKE,WI,AGL,CE,Combined TRACON& Tower with Radar,149,56,7,2,214,0,0,0,0,0,149,56,7,2,214,0,0,0,214
12/15/2022,MKE,WI,AGL,CE,Combined TRACON& Tower with Radar,149,62,16,0,227,0,0,0,0,0,149,62,16,0,227,0,0,0,227
12/16/2022,MKE,WI,AGL,CE,Combined TRACON& Tower with Radar,146,70,14,8,238,0,0,0,0,0,146,70,14,8,238,0,0,0,238
12/17/2022,MKE,WI,AGL,CE,Combined TRACON& Tower with Radar,143,55,14,0,212,0,0,4,0,4,143,55,18,0,216,0,0,0,216
12/18/2022,MKE,WI,AGL,CE,Combined TRACON& Tower with Radar,134,37,13,0,184,0,0,3,0,3,134,37,16,0,187,0,0,0,187
12/19/2022,MKE,WI,AGL,CE,Combined TRACON& Tower with Radar,129,56,27,2,214,0,1,11,0,12,129,57,38,2,226,0,0,0,226
12/20/2022,MKE,WI,AGL,CE,Combined TRACON& Tower with Radar,141,92,20,4,257,0,4,12,0,16,141,96,32,4,273,0,0,0,273
12/21/2022,MKE,WI,AGL,CE,Combined TRACON& Tower with Radar,145,92,28,9,274,0,4,2,0,6,145,96,30,9,280,0,0,0,280
12/22/2022,MKE,WI,AGL,CE,Combined TRACON& Tower with Radar,120,71,5,0,196,0,0,0,0,0,120,71,5,0,196,0,0,0,196
12/23/2022,MKE,WI,AGL,CE,Combined TRACON& Tower with Radar,84,29,2,0,115,0,0,0,0,0,84,29,2,0,115,0,0,0,115
12/24/2022,MKE,WI,AGL,CE,Combined TRACON& Tower with Radar,97,29,3,0,129,0,0,0,0,0,97,29,3,0,129,0,0,0,129
12/25/2022,MKE,WI,AGL,CE,Combined TRACON& Tower with Radar,97,19,3,4,123,0,0,1,0,1,97,19,4,4,124,0,0,0,124
12/26/2022,MKE,WI,AGL,CE,Combined TRACON& Tower with Radar,105,40,11,0,156,0,8,6,0,14,105,48,17,0,170,0,0,0,170
12/27/2022,MKE,WI,AGL,CE,Combined TRACON& Tower with Radar,111,83,7,2,203,0,3,7,0,10,111,86,14,2,213,0,0,0,213
12/28/2022,MKE,WI,AGL,CE,Combined TRACON& Tower with Radar,122,78,12,0,212,0,3,13,0,16,122,81,25,0,228,0,0,0,228
12/29/2022,MKE,WI,AGL,CE,Combined TRACON& Tower with Radar,117,74,13,4,208,0,2,3,0,5,117,76,16,4,213,0,0,0,213
12/30/2022,MKE,WI,AGL,CE,Combined TRACON& Tower with Radar,150,72,9,0,231,0,2,1,0,3,150,74,10,0,234,0,0,0,234
12/31/2022,MKE,WI,AGL,CE,Combined TRACON& Tower with Radar,139,44,5,0,188,0,0,9,0,9,139,44,14,0,197,0,0,0,197
01/01/2023,MKE,WI,AGL,CE,Combined TRACON& Tower with Radar,132,21,6,0,159,0,1,3,0,4,132,22,9,0,163,0,0,0,163
01/02/2023,MKE,WI,AGL,CE,Combined TRACON& Tower with Radar,128,54,19,0,201,0,2,3,0,5,128,56,22,0,206,0,0,0,206
01/03/2023,MKE,WI,AGL,CE,Combined TRACON& Tower with Radar,140,65,11,0,216,0,0,0,0,0,140,65,11,0,216,0,0,0,216
01/04/2023,MKE,WI,AGL,CE,Combined TRACON& Tower with Radar,141,64,17,15,237,0,2,18,0,20,141,66,35,15,257,0,0,0,257
01/05/2023,MKE,WI,AGL,CE,Combined TRACON& Tower with Radar,139,66,17,4,226,0,0,19,0,19,139,66,36,4,245,0,0,0,245
01/06/2023,MKE,WI,AGL,CE,Combined TRACON& Tower with Radar,137,59,22,2,220,0,0,4,0,4,137,59,26,2,224,0,0,0,224
01/07/2023,MKE,WI,AGL,CE,Combined TRACON& Tower with Radar,138,43,5,6,192,0,0,0,0,0,138,43,5,6,192,0,0,0,192
01/08/2023,MKE,WI,AGL,CE,Combined TRACON& Tower with Radar,143,22,9,4,178,0,0,0,0,0,143,22,9,4,178,0,0,0,178
01/09/2023,MKE,WI,AGL,CE,Combined TRACON& Tower with Radar,138,40,20,3,201,0,2,19,0,21,138,42,39,3,222,0,0,0,222
01/10/2023,MKE,WI,AGL,CE,Combined TRACON& Tower with Radar,143,64,10,17,234,0,0,6,0,6,143,64,16,17,240,0,0,0,240
01/11/2023,MKE,WI,AGL,CE,Combined TRACON& Tower with Radar,123,58,17,9,207,0,0,2,0,2,123,58,19,9,209,0,0,0,209
01/12/2023,MKE,WI,AGL,CE,Combined TRACON& Tower with Radar,143,74,15,6,238,0,0,2,0,2,143,74,17,6,240,0,0,0,240
01/13/2023,MKE,WI,AGL,CE,Combined TRACON& Tower with Radar,135,70,17,0,222,0,2,2,0,4,135,72,19,0,226,0,0,0,226
01/14/2023,MKE,WI,AGL,CE,Combined TRACON& Tower with Radar,135,50,8,1,194,0,2,3,0,5,135,52,11,1,199,0,0,0,199
01/15/2023,MKE,WI,AGL,CE,Combined TRACON& Tower with Radar,138,34,10,1,183,0,3,6,0,9,138,37,16,1,192,0,0,0,192
01/16/2023,MKE,WI,AGL,CE,Combined TRACON& Tower with Radar,134,49,9,0,192,0,0,0,0,0,134,49,9,0,192,0,0,0,192
01/17/2023,MKE,WI,AGL,CE,Combined TRACON& Tower with Radar,144,65,25,3,237,0,0,0,0,0,144,65,25,3,237,0,0,0,237
01/18/2023,MKE,WI,AGL,CE,Combined TRACON& Tower with Radar,131,80,23,4,238,0,3,5,0,8,131,83,28,4,246,0,0,0,246
01/19/2023,MKE,WI,AGL,CE,Combined TRACON& Tower with Radar,142,58,18,0,218,0,0,0,0,0,142,58,18,0,218,0,0,0,218
01/20/2023,MKE,WI,AGL,CE,Combined TRACON& Tower with Radar,145,58,12,4,219,0,2,30,0,32,145,60,42,4,251,0,0,0,251
01/21/2023,MKE,WI,AGL,CE,Combined TRACON& Tower with Radar,133,47,10,1,191,0,0,2,0,2,133,47,12,1,193,0,0,0,193
01/22/2023,MKE,WI,AGL,CE,Combined TRACON& Tower with Radar,134,36,13,2,185,0,0,0,0,0,134,36,13,2,185,0,0,0,185
01/23/2023,MKE,WI,AGL,CE,Combined TRACON& Tower with Radar,137,59,11,0,207,0,0,16,0,16,137,59,27,0,223,0,0,0,223
01/24/2023,MKE,WI,AGL,CE,Combined TRACON& Tower with Radar,138,82,15,10,245,0,0,9,0,9,138,82,24,10,254,0,0,0,254
01/25/2023,MKE,WI,AGL,CE,Combined TRACON& Tower with Radar,128,61,15,0,204,0,0,0,0,0,128,61,15,0,204,0,0,0,204
01/26/2023,MKE,WI,AGL,CE,Combined TRACON& Tower with Radar,145,68,22,8,243,0,0,0,0,0,145,68,22,8,243,0,0,0,243
01/27/2023,MKE,WI,AGL,CE,Combined TRACON& Tower with Radar,145,74,19,1,239,0,0,0,0,0,145,74,19,1,239,0,0,0,239
01/28/2023,MKE,WI,AGL,CE,Combined TRACON& Tower with Radar,124,39,7,1,171,0,0,2,0,2,124,39,9,1,173,0,0,0,173
01/29/2023,MKE,WI,AGL,CE,Combined TRACON& Tower with Radar,138,39,6,0,183,0,3,8,0,11,138,42,14,0,194,0,0,0,194
01/30/2023,MKE,WI,AGL,CE,Combined TRACON& Tower with Radar,137,51,19,3,210,0,2,4,0,6,137,53,23,3,216,0,0,0,216
01/31/2023,MKE,WI,AGL,CE,Combined TRACON& Tower with Radar,128,63,15,1,207,0,0,10,0,10,128,63,25,1,217,0,0,0,217
02/01/2023,MKE,WI,AGL,CE,Combined TRACON& Tower with Radar,127,67,17,2,213,1,9,14,0,24,128,76,31,2,237,0,0,0,237
02/02/2023,MKE,WI,AGL,CE,Combined TRACON& Tower with Radar,149,81,23,4,257,0,5,16,1,22,149,86,39,5,279,0,0,0,279
02/03/2023,MKE,WI,AGL,CE,Combined TRACON& Tower with Radar,150,75,26,1,252,0,2,4,0,6,150,77,30,1,258,0,0,0,258
02/04/2023,MKE,WI,AGL,CE,Combined TRACON& Tower with Radar,135,53,11,0,199,0,2,20,0,22,135,55,31,0,221,0,0,0,221
02/05/2023,MKE,WI,AGL,CE,Combined TRACON& Tower with Radar,146,32,17,0,195,0,0,24,0,24,146,32,41,0,219,0,0,0,219
02/06/2023,MKE,WI,AGL,CE,Combined TRACON& Tower with Radar,144,76,19,8,247,0,2,16,0,18,144,78,35,8,265,0,0,0,265
02/07/2023,MKE,WI,AGL,CE,Combined TRACON& Tower with Radar,143,80,19,0,242,0,6,4,0,10,143,86,23,0,252,0,0,0,252
02/08/2023,MKE,WI,AGL,CE,Combined TRACON& Tower with Radar,141,75,25,8,249,0,1,25,0,26,141,76,50,8,275,0,0,0,275
02/09/2023,MKE,WI,AGL,CE,Combined TRACON& Tower with Radar,151,76,25,0,252,0,0,0,0,0,151,76,25,0,252,0,0,0,252
02/10/2023,MKE,WI,AGL,CE,Combined TRACON& Tower with Radar,144,73,23,2,242,0,2,3,0,5,144,75,26,2,247,0,0,0,247
02/11/2023,MKE,WI,AGL,CE,Combined TRACON& Tower with Radar,138,51,14,0,203,0,2,42,0,44,138,53,56,0,247,0,0,0,247
02/12/2023,MKE,WI,AGL,CE,Combined TRACON& Tower with Radar,142,42,14,2,200,0,0,29,0,29,142,42,43,2,229,0,0,0,229
02/13/2023,MKE,WI,AGL,CE,Combined TRACON& Tower with Radar,138,65,24,0,227,0,6,16,0,22,138,71,40,0,249,0,0,0,249
02/14/2023,MKE,WI,AGL,CE,Combined TRACON& Tower with Radar,159,73,23,0,255,0,4,15,0,19,159,77,38,0,274,0,0,0,274
02/15/2023,MKE,WI,AGL,CE,Combined TRACON& Tower with Radar,139,84,16,5,244,0,0,0,0,0,139,84,16,5,244,0,0,0,244
02/16/2023,MKE,WI,AGL,CE,Combined TRACON& Tower with Radar,127,55,15,0,197,0,0,0,0,0,127,55,15,0,197,0,0,0,197
02/17/2023,MKE,WI,AGL,CE,Combined TRACON& Tower with Radar,148,97,17,1,263,0,6,3,1,10,148,103,20,2,273,0,0,0,273
02/18/2023,MKE,WI,AGL,CE,Combined TRACON& Tower with Radar,134,49,8,1,192,0,0,39,0,39,134,49,47,1,231,0,0,0,231
02/19/2023,MKE,WI,AGL,CE,Combined TRACON& Tower with Radar,135,53,18,2,208,0,1,21,0,22,135,54,39,2,230,0,0,0,230
02/20/2023,MKE,WI,AGL,CE,Combined TRACON& Tower with Radar,138,58,22,0,218,0,12,14,0,26,138,70,36,0,244,0,0,0,244
02/21/2023,MKE,WI,AGL,CE,Combined TRACON& Tower with Radar,143,77,19,1,240,0,0,16,0,16,143,77,35,1,256,0,0,0,256
02/22/2023,MKE,WI,AGL,CE,Combined TRACON& Tower with Radar,55,34,8,0,97,0,0,0,0,0,55,34,8,0,97,0,0,0,97
02/23/2023,MKE,WI,AGL,CE,Combined TRACON& Tower with Radar,130,58,6,0,194,0,0,0,0,0,130,58,6,0,194,0,0,0,194
02/24/2023,MKE,WI,AGL,CE,Combined TRACON& Tower with Radar,143,82,15,6,246,0,7,14,3,24,143,89,29,9,270,0,0,0,270
02/25/2023,MKE,WI,AGL,CE,Combined TRACON& Tower with Radar,137,72,12,0,221,0,0,2,0,2,137,72,14,0,223,0,0,0,223
02/26/2023,MKE,WI,AGL,CE,Combined TRACON& Tower with Radar,139,53,21,0,213,0,2,36,0,38,139,55,57,0,251,0,0,0,251
02/27/2023,MKE,WI,AGL,CE,Combined TRACON& Tower with Radar,147,46,22,1,216,0,2,0,0,2,147,48,22,1,218,0,0,0,218
02/28/2023,MKE,WI,AGL,CE,Combined TRACON& Tower with Radar,145,77,12,1,235,0,14,12,0,26,145,91,24,1,261,0,0,0,261
03/01/2023,MKE,WI,AGL,CE,Combined TRACON& Tower with Radar,140,88,19,0,247,0,0,28,0,28,140,88,47,0,275,0,0,0,275
03/02/2023,MKE,WI,AGL,CE,Combined TRACON& Tower with Radar,149,86,20,3,258,0,0,12,3,15,149,86,32,6,273,0,0,0,273
03/03/2023,MKE,WI,AGL,CE,Combined TRACON& Tower with Radar,154,66,11,1,232,0,0,3,0,3,154,66,14,1,235,0,0,0,235
03/04/2023,MKE,WI,AGL,CE,Combined TRACON& Tower with Radar,140,56,10,4,210,0,0,57,0,57,140,56,67,4,267,0,0,0,267
03/05/2023,MKE,WI,AGL,CE,Combined TRACON& Tower with Radar,143,44,16,4,207,0,1,28,0,29,143,45,44,4,236,0,0,0,236
03/06/2023,MKE,WI,AGL,CE,Combined TRACON& Tower with Radar,145,50,16,0,211,0,0,7,0,7,145,50,23,0,218,0,0,0,218
03/07/2023,MKE,WI,AGL,CE,Combined TRACON& Tower with Radar,136,74,24,3,237,0,6,45,0,51,136,80,69,3,288,0,0,0,288
03/08/2023,MKE,WI,AGL,CE,Combined TRACON& Tower with Radar,145,62,16,9,232,0,1,27,2,30,145,63,43,11,262,0,0,0,262
03/09/2023,MKE,WI,AGL,CE,Combined TRACON& Tower with Radar,142,62,21,10,235,0,2,10,0,12,142,64,31,10,247,0,0,0,247
03/10/2023,MKE,WI,AGL,CE,Combined TRACON& Tower with Radar,142,57,14,0,213,0,3,0,0,3,142,60,14,0,216,0,0,0,216
03/11/2023,MKE,WI,AGL,CE,Combined TRACON& Tower with Radar,166,57,12,1,236,0,0,51,0,51,166,57,63,1,287,0,0,0,287
03/12/2023,MKE,WI,AGL,CE,Combined TRACON& Tower with Radar,156,43,11,0,210,0,0,1,0,1,156,43,12,0,211,0,0,0,211
03/13/2023,MKE,WI,AGL,CE,Combined TRACON& Tower with Radar,155,49,20,4,228,0,2,4,0,6,155,51,24,4,234,0,0,0,234
03/14/2023,MKE,WI,AGL,CE,Combined TRACON& Tower with Radar,140,73,16,9,238,0,8,41,1,50,140,81,57,10,288,0,0,0,288
03/15/2023,MKE,WI,AGL,CE,Combined TRACON& Tower with Radar,154,60,22,8,244,0,12,58,1,71,154,72,80,9,315,0,0,0,315
03/16/2023,MKE,WI,AGL,CE,Combined TRACON& Tower with Radar,159,83,28,3,273,0,1,6,0,7,159,84,34,3,280,0,0,0,280
03/17/2023,MKE,WI,AGL,CE,Combined TRACON& Tower with Radar,156,69,18,0,243,0,0,3,0,3,156,69,21,0,246,0,0,0,246
03/18/2023,MKE,WI,AGL,CE,Combined TRACON& Tower with Radar,160,49,15,2,226,0,0,0,0,0,160,49,15,2,226,0,0,0,226
03/19/2023,MKE,WI,AGL,CE,Combined TRACON& Tower with Radar,159,44,11,2,216,0,4,56,0,60,159,48,67,2,276,0,0,0,276
03/20/2023,MKE,WI,AGL,CE,Combined TRACON& Tower with Radar,158,57,14,2,231,0,8,11,0,19,158,65,25,2,250,0,0,0,250
03/21/2023,MKE,WI,AGL,CE,Combined TRACON& Tower with Radar,150,68,12,10,240,0,8,41,10,59,150,76,53,20,299,0,0,0,299
03/22/2023,MKE,WI,AGL,CE,Combined TRACON& Tower with Radar,161,58,12,2,233,0,2,0,0,2,161,60,12,2,235,0,0,0,235
03/23/2023,MKE,WI,AGL,CE,Combined TRACON& Tower with Radar,162,89,28,0,279,0,3,45,1,49,162,92,73,1,328,0,0,0,328
03/24/2023,MKE,WI,AGL,CE,Combined TRACON& Tower with Radar,157,65,28,4,254,0,11,15,0,26,157,76,43,4,280,0,0,0,280
03/25/2023,MKE,WI,AGL,CE,Combined TRACON& Tower with Radar,138,36,13,2,189,0,0,45,0,45,138,36,58,2,234,0,0,0,234
03/26/2023,MKE,WI,AGL,CE,Combined TRACON& Tower with Radar,149,48,16,0,213,0,2,17,0,19,149,50,33,0,232,0,0,0,232
03/27/2023,MKE,WI,AGL,CE,Combined TRACON& Tower with Radar,150,56,10,2,218,0,3,23,0,26,150,59,33,2,244,0,0,0,244
03/28/2023,MKE,WI,AGL,CE,Combined TRACON& Tower with Radar,152,60,22,20,254,0,23,50,11,84,152,83,72,31,338,0,0,0,338
03/29/2023,MKE,WI,AGL,CE,Combined TRACON& Tower with Radar,152,66,22,7,247,0,5,11,0,16,152,71,33,7,263,0,0,0,263
03/30/2023,MKE,WI,AGL,CE,Combined TRACON& Tower with Radar,160,78,35,0,273,0,12,10,0,22,160,90,45,0,295,0,0,0,295
03/31/2023,MKE,WI,AGL,CE,Combined TRACON& Tower with Radar,145,60,25,1,231,0,1,0,0,1,145,61,25,1,232,0,0,0,232
04/01/2023,MKE,WI,AGL,CE,Combined TRACON& Tower with Radar,155,60,17,0,232,0,1,3,0,4,155,61,20,0,236,0,0,0,236
04/02/2023,MKE,WI,AGL,CE,Combined TRACON& Tower with Radar,149,53,20,8,230,0,4,40,4,48,149,57,60,12,278,0,0,0,278
04/03/2023,MKE,WI,AGL,CE,Combined TRACON& Tower with Radar,150,57,14,0,221,0,1,18,0,19,150,58,32,0,240,0,0,0,240
04/04/2023,MKE,WI,AGL,CE,Combined TRACON& Tower with Radar,161,51,15,2,229,0,0,0,0,0,161,51,15,2,229,0,0,0,229
04/05/2023,MKE,WI,AGL,CE,Combined TRACON& Tower with Radar,158,78,14,2,252,0,2,2,0,4,158,80,16,2,256,0,0,0,256
04/06/2023,MKE,WI,AGL,CE,Combined TRACON& Tower with Radar,163,89,22,5,279,0,5,23,0,28,163,94,45,5,307,0,0,0,307
04/07/2023,MKE,WI,AGL,CE,Combined TRACON& Tower with Radar,156,70,24,2,252,0,5,49,0,54,156,75,73,2,306,0,0,0,306
04/08/2023,MKE,WI,AGL,CE,Combined TRACON& Tower with Radar,162,47,9,4,222,0,1,70,2,73,162,48,79,6,295,0,0,0,295
04/09/2023,MKE,WI,AGL,CE,Combined TRACON& Tower with Radar,155,40,8,3,206,0,2,5,0,7,155,42,13,3,213,0,0,0,213
04/10/2023,MKE,WI,AGL,CE,Combined TRACON& Tower with Radar,151,58,24,4,237,0,5,20,0,25,151,63,44,4,262,0,0,0,262
04/11/2023,MKE,WI,AGL,CE,Combined TRACON& Tower with Radar,143,66,24,6,239,0,4,10,0,14,143,70,34,6,253,0,0,0,253
04/12/2023,MKE,WI,AGL,CE,Combined TRACON& Tower with Radar,146,76,18,0,240,0,5,11,0,16,146,81,29,0,256,0,0,0,256
04/13/2023,MKE,WI,AGL,CE,Combined TRACON& Tower with Radar,149,86,29,1,265,0,6,32,0,38,149,92,61,1,303,0,0,0,303
04/14/2023,MKE,WI,AGL,CE,Combined TRACON& Tower with Radar,142,68,24,0,234,0,6,48,0,54,142,74,72,0,288,0,0,0,288
04/15/2023,MKE,WI,AGL,CE,Combined TRACON& Tower with Radar,132,49,19,3,203,0,28,52,0,80,132,77,71,3,283,0,0,0,283
04/16/2023,MKE,WI,AGL,CE,Combined TRACON& Tower with Radar,142,56,25,0,223,0,0,0,0,0,142,56,25,0,223,0,0,0,223
04/17/2023,MKE,WI,AGL,CE,Combined TRACON& Tower with Radar,141,60,11,4,216,0,0,0,0,0,141,60,11,4,216,0,0,0,216
04/18/2023,MKE,WI,AGL,CE,Combined TRACON& Tower with Radar,146,64,31,4,245,0,13,39,0,52,146,77,70,4,297,0,0,0,297
04/19/2023,MKE,WI,AGL,CE,Combined TRACON& Tower with Radar,146,82,25,3,256,0,6,0,0,6,146,88,25,3,262,0,0,0,262
04/20/2023,MKE,WI,AGL,CE,Combined TRACON& Tower with Radar,153,88,28,0,269,0,7,4,0,11,153,95,32,0,280,0,0,0,280
04/21/2023,MKE,WI,AGL,CE,Combined TRACON& Tower with Radar,140,74,25,5,244,0,9,17,0,26,140,83,42,5,270,0,0,0,270
04/22/2023,MKE,WI,AGL,CE,Combined TRACON& Tower with Radar,140,39,11,0,190,0,0,36,0,36,140,39,47,0,226,0,0,0,226
04/23/2023,MKE,WI,AGL,CE,Combined TRACON& Tower with Radar,133,53,19,0,205,0,8,18,0,26,133,61,37,0,231,0,0,0,231
04/24/2023,MKE,WI,AGL,CE,Combined TRACON& Tower with Radar,135,54,12,0,201,0,4,5,0,9,135,58,17,0,210,0,0,0,210
04/25/2023,MKE,WI,AGL,CE,Combined TRACON& Tower with Radar,144,66,13,2,225,0,0,9,0,9,144,66,22,2,234,0,0,0,234
04/26/2023,MKE,WI,AGL,CE,Combined TRACON& Tower with Radar,136,76,33,7,252,0,2,11,2,15,136,78,44,9,267,0,0,0,267
04/27/2023,MKE,WI,AGL,CE,Combined TRACON& Tower with Radar,149,79,41,6,275,0,8,15,3,26,149,87,56,9,301,0,0,0,301
04/28/2023,MKE,WI,AGL,CE,Combined TRACON& Tower with Radar,144,70,22,4,240,0,3,12,0,15,144,73,34,4,255,0,0,0,255
04/29/2023,MKE,WI,AGL,CE,Combined TRACON& Tower with Radar,126,45,6,0,177,0,1,19,1,21,126,46,25,1,198,0,0,0,198
04/30/2023,MKE,WI,AGL,CE,Combined TRACON& Tower with Radar,139,46,17,1,203,0,0,0,0,0,139,46,17,1,203,0,0,0,203
05/01/2023,MKE,WI,AGL,CE,Combined TRACON& Tower with Radar,145,64,22,0,231,0,0,0,0,0,145,64,22,0,231,0,0,0,231
05/02/2023,MKE,WI,AGL,CE,Combined TRACON& Tower with Radar,142,68,37,0,247,0,6,7,0,13,142,74,44,0,260,0,0,0,260
05/03/2023,MKE,WI,AGL,CE,Combined TRACON& Tower with Radar,139,97,22,1,259,0,1,24,0,25,139,98,46,1,284,0,0,0,284
05/04/2023,MKE,WI,AGL,CE,Combined TRACON& Tower with Radar,142,92,43,0,277,0,2,28,2,32,142,94,71,2,309,0,0,0,309
05/05/2023,MKE,WI,AGL,CE,Combined TRACON& Tower with Radar,142,90,23,0,255,0,3,16,0,19,142,93,39,0,274,0,0,0,274
05/06/2023,MKE,WI,AGL,CE,Combined TRACON& Tower with Radar,127,46,13,3,189,0,0,49,0,49,127,46,62,3,238,0,0,0,238
05/07/2023,MKE,WI,AGL,CE,Combined TRACON& Tower with Radar,135,58,19,0,212,0,0,64,0,64,135,58,83,0,276,0,0,0,276
05/08/2023,MKE,WI,AGL,CE,Combined TRACON& Tower with Radar,141,65,25,1,232,0,0,0,0,0,141,65,25,1,232,0,0,0,232
05/09/2023,MKE,WI,AGL,CE,Combined TRACON& Tower with Radar,141,74,30,11,256,0,0,34,0,34,141,74,64,11,290,0,0,0,290
05/10/2023,MKE,WI,AGL,CE,Combined TRACON& Tower with Radar,144,88,20,18,270,0,5,9,2,16,144,93,29,20,286,0,0,0,286
05/11/2023,MKE,WI,AGL,CE,Combined TRACON& Tower with Radar,150,91,25,16,282,0,9,29,2,40,150,100,54,18,322,0,0,0,322
05/12/2023,MKE,WI,AGL,CE,Combined TRACON& Tower with Radar,144,80,24,0,248,0,0,12,0,12,144,80,36,0,260,0,0,0,260
05/13/2023,MKE,WI,AGL,CE,Combined TRACON& Tower with Radar,127,50,16,3,196,0,4,74,0,78,127,54,90,3,274,0,0,0,274
05/14/2023,MKE,WI,AGL,CE,Combined TRACON& Tower with Radar,151,44,16,3,214,0,0,49,0,49,151,44,65,3,263,0,0,0,263
05/15/2023,MKE,WI,AGL,CE,Combined TRACON& Tower with Radar,138,71,20,2,231,0,3,17,0,20,138,74,37,2,251,0,0,0,251
05/16/2023,MKE,WI,AGL,CE,Combined TRACON& Tower with Radar,146,80,28,8,262,0,4,5,0,9,146,84,33,8,271,0,0,0,271
05/17/2023,MKE,WI,AGL,CE,Combined TRACON& Tower with Radar,139,82,31,18,270,0,5,59,27,91,139,87,90,45,361,0,0,0,361
05/18/2023,MKE,WI,AGL,CE,Combined TRACON& Tower with Radar,146,84,30,7,267,0,2,13,2,17,146,86,43,9,284,0,0,0,284
05/19/2023,MKE,WI,AGL,CE,Combined TRACON& Tower with Radar,143,70,27,13,253,0,0,17,0,17,143,70,44,13,270,0,0,0,270
05/20/2023,MKE,WI,AGL,CE,Combined TRACON& Tower with Radar,140,61,3,0,204,0,4,85,1,90,140,65,88,1,294,0,0,0,294
05/21/2023,MKE,WI,AGL,CE,Combined TRACON& Tower with Radar,144,49,8,0,201,0,0,53,0,53,144,49,61,0,254,0,0,0,254
05/22/2023,MKE,WI,AGL,CE,Combined TRACON& Tower with Radar,141,71,26,0,238,0,5,47,0,52,141,76,73,0,290,0,0,0,290
05/23/2023,MKE,WI,AGL,CE,Combined TRACON& Tower with Radar,145,78,25,14,262,0,9,12,6,27,145,87,37,20,289,0,0,0,289
05/24/2023,MKE,WI,AGL,CE,Combined TRACON& Tower with Radar,145,95,26,3,269,0,2,17,0,19,145,97,43,3,288,0,0,0,288
05/25/2023,MKE,WI,AGL,CE,Combined TRACON& Tower with Radar,146,89,31,5,271,0,5,40,3,48,146,94,71,8,319,0,0,0,319
05/26/2023,MKE,WI,AGL,CE,Combined TRACON& Tower with Radar,147,78,21,2,248,0,2,31,1,34,147,80,52,3,282,0,0,0,282
05/27/2023,MKE,WI,AGL,CE,Combined TRACON& Tower with Radar,127,42,24,0,193,0,0,107,10,117,127,42,131,10,310,0,0,0,310
05/28/2023,MKE,WI,AGL,CE,Combined TRACON& Tower with Radar,133,36,8,0,177,0,0,97,4,101,133,36,105,4,278,0,0,0,278
05/29/2023,MKE,WI,AGL,CE,Combined TRACON& Tower with Radar,141,44,26,0,211,0,0,11,0,11,141,44,37,0,222,0,0,0,222
05/30/2023,MKE,WI,AGL,CE,Combined TRACON& Tower with Radar,136,65,11,9,221,0,3,29,15,47,136,68,40,24,268,0,0,0,268
05/31/2023,MKE,WI,AGL,CE,Combined TRACON& Tower with Radar,144,88,18,10,260,0,1,15,0,16,144,89,33,10,276,0,0,0,276
06/01/2023,MKE,WI,AGL,CE,Combined TRACON& Tower with Radar,154,85,29,10,278,0,4,32,0,36,154,89,61,10,314,0,0,0,314
06/02/2023,MKE,WI,AGL,CE,Combined TRACON& Tower with Radar,144,83,15,6,248,0,5,42,6,53,144,88,57,12,301,0,0,0,301
06/03/2023,MKE,WI,AGL,CE,Combined TRACON& Tower with Radar,134,52,26,18,230,0,0,69,6,75,134,52,95,24,305,0,0,0,305
06/04/2023,MKE,WI,AGL,CE,Combined TRACON& Tower with Radar,138,43,22,0,203,0,1,34,0,35,138,44,56,0,238,0,0,0,238
06/05/2023,MKE,WI,AGL,CE,Combined TRACON& Tower with Radar,146,53,25,3,227,1,10,22,0,33,147,63,47,3,260,0,0,0,260
06/06/2023,MKE,WI,AGL,CE,Combined TRACON& Tower with Radar,154,70,33,15,272,0,5,24,0,29,154,75,57,15,301,0,0,0,301
06/07/2023,MKE,WI,AGL,CE,Combined TRACON& Tower with Radar,141,76,27,15,259,0,2,20,0,22,141,78,47,15,281,0,0,0,281
06/08/2023,MKE,WI,AGL,CE,Combined TRACON& Tower with Radar,153,80,34,2,269,1,4,70,0,75,154,84,104,2,344,0,0,0,344
06/09/2023,MKE,WI,AGL,CE,Combined TRACON& Tower with Radar,147,72,30,10,259,0,7,68,8,83,147,79,98,18,342,0,0,0,342
06/10/2023,MKE,WI,AGL,CE,Combined TRACON& Tower with Radar,137,46,11,10,204,0,3,41,0,44,137,49,52,10,248,0,0,0,248
06/11/2023,MKE,WI,AGL,CE,Combined TRACON& Tower with Radar,141,44,19,0,204,0,0,0,0,0,141,44,19,0,204,0,0,0,204
06/12/2023,MKE,WI,AGL,CE,Combined TRACON& Tower with Radar,150,50,36,2,238,0,8,8,0,16,150,58,44,2,254,0,0,0,254
06/13/2023,MKE,WI,AGL,CE,Combined TRACON& Tower with Radar,148,80,25,7,260,0,0,9,6,15,148,80,34,13,275,0,0,0,275
06/14/2023,MKE,WI,AGL,CE,Combined TRACON& Tower with Radar,145,67,40,2,254,0,1,20,0,21,145,68,60,2,275,0,0,0,275
06/15/2023,MKE,WI,AGL,CE,Combined TRACON& Tower with Radar,150,82,25,8,265,0,4,12,0,16,150,86,37,8,281,0,0,0,281
06/16/2023,MKE,WI,AGL,CE,Combined TRACON& Tower with Radar,148,75,31,2,256,0,0,37,1,38,148,75,68,3,294,0,0,0,294
06/17/2023,MKE,WI,AGL,CE,Combined TRACON& Tower with Radar,142,50,15,1,208,0,5,79,0,84,142,55,94,1,292,0,0,0,292
06/18/2023,MKE,WI,AGL,CE,Combined TRACON& Tower with Radar,145,36,9,2,192,1,1,87,2,91,146,37,96,4,283,0,0,0,283
06/19/2023,MKE,WI,AGL,CE,Combined TRACON& Tower with Radar,143,65,18,2,228,0,1,18,0,19,143,66,36,2,247,0,0,0,247
06/20/2023,MKE,WI,AGL,CE,Combined TRACON& Tower with Radar,148,67,24,8,247,0,8,20,0,28,148,75,44,8,275,0,0,0,275
06/21/2023,MKE,WI,AGL,CE,Combined TRACON& Tower with Radar,143,82,23,7,255,0,6,13,0,19,143,88,36,7,274,0,0,0,274
06/22/2023,MKE,WI,AGL,CE,Combined TRACON& Tower with Radar,147,83,27,5,262,0,5,33,1,39,147,88,60,6,301,0,0,0,301
06/23/2023,MKE,WI,AGL,CE,Combined TRACON& Tower with Radar,144,87,24,7,262,0,14,43,8,65,144,101,67,15,327,0,0,0,327
06/24/2023,MKE,WI,AGL,CE,Combined TRACON& Tower with Radar,136,52,19,3,210,0,2,79,0,81,136,54,98,3,291,0,0,0,291
06/25/2023,MKE,WI,AGL,CE,Combined TRACON& Tower with Radar,155,46,18,1,220,0,0,2,2,4,155,46,20,3,224,0,0,0,224
06/26/2023,MKE,WI,AGL,CE,Combined TRACON& Tower with Radar,133,78,21,0,232,0,0,9,0,9,133,78,30,0,241,0,0,0,241
06/27/2023,MKE,WI,AGL,CE,Combined TRACON& Tower with Radar,132,87,43,6,268,0,0,1,0,1,132,87,44,6,269,0,0,0,269
06/28/2023,MKE,WI,AGL,CE,Combined TRACON& Tower with Radar,147,72,40,2,261,1,0,0,0,1,148,72,40,2,262,0,0,0,262
06/29/2023,MKE,WI,AGL,CE,Combined TRACON& Tower with Radar,149,79,32,11,271,0,0,0,0,0,149,79,32,11,271,0,0,0,271
06/30/2023,MKE,WI,AGL,CE,Combined TRACON& Tower with Radar,147,75,45,3,270,1,10,66,1,78,148,85,111,4,348,0,0,0,348
07/01/2023,MKE,WI,AGL,CE,Combined TRACON& Tower with Radar,140,54,11,1,206,0,6,101,0,107,140,60,112,1,313,0,0,0,313
07/02/2023,MKE,WI,AGL,CE,Combined TRACON& Tower with Radar,157,32,9,0,198,0,0,67,0,67,157,32,76,0,265,0,0,0,265
07/03/2023,MKE,WI,AGL,CE,Combined TRACON& Tower with Radar,132,44,16,2,194,0,9,18,2,29,132,53,34,4,223,0,0,0,223
07/04/2023,MKE,WI,AGL,CE,Combined TRACON& Tower with Radar,129,28,6,0,163,0,0,11,1,12,129,28,17,1,175,0,0,0,175
07/05/2023,MKE,WI,AGL,CE,Combined TRACON& Tower with Radar,146,56,15,0,217,0,4,11,0,15,146,60,26,0,232,0,0,0,232
07/06/2023,MKE,WI,AGL,CE,Combined TRACON& Tower with Radar,159,63,26,12,260,0,4,27,0,31,159,67,53,12,291,0,0,0,291
07/07/2023,MKE,WI,AGL,CE,Combined TRACON& Tower with Radar,145,58,25,14,242,0,3,60,5,68,145,61,85,19,310,0,0,0,310
07/08/2023,MKE,WI,AGL,CE,Combined TRACON& Tower with Radar,147,41,21,2,211,0,0,53,0,53,147,41,74,2,264,0,0,0,264
07/09/2023,MKE,WI,AGL,CE,Combined TRACON& Tower with Radar,141,38,25,2,206,0,0,50,0,50,141,38,75,2,256,0,0,0,256
07/10/2023,MKE,WI,AGL,CE,Combined TRACON& Tower with Radar,148,47,27,0,222,0,10,17,0,27,148,57,44,0,249,0,0,0,249
07/11/2023,MKE,WI,AGL,CE,Combined TRACON& Tower with Radar,174,59,23,8,264,0,3,19,0,22,174,62,42,8,286,0,0,0,286
07/12/2023,MKE,WI,AGL,CE,Combined TRACON& Tower with Radar,166,69,18,6,259,0,2,2,0,4,166,71,20,6,263,0,0,0,263
07/13/2023,MKE,WI,AGL,CE,Combined TRACON& Tower with Radar,170,73,21,4,268,0,12,65,0,77,170,85,86,4,345,0,0,0,345
07/14/2023,MKE,WI,AGL,CE,Combined TRACON& Tower with Radar,163,55,31,4,253,0,0,54,0,54,163,55,85,4,307,0,0,0,307
07/15/2023,MKE,WI,AGL,CE,Combined TRACON& Tower with Radar,149,54,18,4,225,0,1,15,0,16,149,55,33,4,241,0,0,0,241
07/16/2023,MKE,WI,AGL,CE,Combined TRACON& Tower with Radar,161,43,23,0,227,0,0,9,0,9,161,43,32,0,236,0,0,0,236
07/17/2023,MKE,WI,AGL,CE,Combined TRACON& Tower with Radar,153,58,18,4,233,0,0,16,0,16,153,58,34,4,249,0,0,0,249
07/18/2023,MKE,WI,AGL,CE,Combined TRACON& Tower with Radar,168,66,25,10,269,0,2,38,2,42,168,68,63,12,311,0,0,0,311
07/19/2023,MKE,WI,AGL,CE,Combined TRACON& Tower with Radar,163,72,33,11,279,0,0,54,8,62,163,72,87,19,341,0,0,0,341
07/20/2023,MKE,WI,AGL,CE,Combined TRACON& Tower with Radar,168,73,32,9,282,0,4,44,18,66,168,77,76,27,348,0,0,0,348
07/21/2023,MKE,WI,AGL,CE,Combined TRACON& Tower with Radar,166,66,27,5,264,0,9,34,30,73,166,75,61,35,337,0,0,0,337
07/22/2023,MKE,WI,AGL,CE,Combined TRACON& Tower with Radar,144,38,20,3,205,0,6,18,19,43,144,44,38,22,248,0,0,0,248
07/23/2023,MKE,WI,AGL,CE,Combined TRACON& Tower with Radar,172,40,24,7,243,0,5,32,23,60,172,45,56,30,303,0,0,0,303
07/24/2023,MKE,WI,AGL,CE,Combined TRACON& Tower with Radar,159,51,25,1,236,0,4,22,1,27,159,55,47,2,263,0,0,0,263
07/25/2023,MKE,WI,AGL,CE,Combined TRACON& Tower with Radar,168,67,31,16,282,0,2,20,0,22,168,69,51,16,304,0,0,0,304
07/26/2023,MKE,WI,AGL,CE,Combined TRACON& Tower with Radar,174,73,48,6,301,0,1,29,4,34,174,74,77,10,335,0,0,0,335
07/27/2023,MKE,WI,AGL,CE,Combined TRACON& Tower with Radar,175,60,32,17,284,0,6,33,5,44,175,66,65,22,328,0,0,0,328
07/28/2023,MKE,WI,AGL,CE,Combined TRACON& Tower with Radar,151,58,33,5,247,0,4,48,1,53,151,62,81,6,300,0,0,0,300
07/29/2023,MKE,WI,AGL,CE,Combined TRACON& Tower with Radar,159,41,10,7,217,0,0,51,2,53,159,41,61,9,270,0,0,0,270
07/30/2023,MKE,WI,AGL,CE,Combined TRACON& Tower with Radar,168,34,25,7,234,0,3,18,1,22,168,37,43,8,256,0,0,0,256
07/31/2023,MKE,WI,AGL,CE,Combined TRACON& Tower with Radar,165,58,27,3,253,0,0,14,2,16,165,58,41,5,269,0,0,0,269
08/01/2023,MKE,WI,AGL,CE,Combined TRACON& Tower with Radar,161,62,26,11,260,0,2,7,0,9,161,64,33,11,269,0,0,0,269
08/02/2023,MKE,WI,AGL,CE,Combined TRACON& Tower with Radar,163,68,19,14,264,0,5,43,1,49,163,73,62,15,313,0,0,0,313
08/03/2023,MKE,WI,AGL,CE,Combined TRACON& Tower with Radar,168,71,30,9,278,0,1,25,10,36,168,72,55,19,314,0,0,0,314
08/04/2023,MKE,WI,AGL,CE,Combined TRACON& Tower with Radar,168,72,21,3,264,0,3,51,3,57,168,75,72,6,321,0,0,0,321
08/05/2023,MKE,WI,AGL,CE,Combined TRACON& Tower with Radar,140,53,23,6,222,0,0,93,0,93,140,53,116,6,315,0,0,0,315
08/06/2023,MKE,WI,AGL,CE,Combined TRACON& Tower with Radar,164,39,24,7,234,0,0,36,0,36,164,39,60,7,270,0,0,0,270
08/07/2023,MKE,WI,AGL,CE,Combined TRACON& Tower with Radar,148,59,28,11,246,0,0,6,0,6,148,59,34,11,252,0,0,0,252
08/08/2023,MKE,WI,AGL,CE,Combined TRACON& Tower with Radar,163,62,32,16,273,0,2,18,3,23,163,64,50,19,296,0,0,0,296
08/09/2023,MKE,WI,AGL,CE,Combined TRACON& Tower with Radar,168,68,32,11,279,0,4,34,0,38,168,72,66,11,317,0,0,0,317
08/10/2023,MKE,WI,AGL,CE,Combined TRACON& Tower with Radar,173,77,36,10,296,0,8,32,7,47,173,85,68,17,343,0,0,0,343
08/11/2023,MKE,WI,AGL,CE,Combined TRACON& Tower with Radar,165,68,18,8,259,0,4,22,0,26,165,72,40,8,285,0,0,0,285
08/12/2023,MKE,WI,AGL,CE,Combined TRACON& Tower with Radar,146,37,9,2,194,0,0,52,1,53,146,37,61,3,247,0,0,0,247
08/13/2023,MKE,WI,AGL,CE,Combined TRACON& Tower with Radar,171,33,26,2,232,0,1,33,0,34,171,34,59,2,266,0,0,0,266
08/14/2023,MKE,WI,AGL,CE,Combined TRACON& Tower with Radar,153,49,21,1,224,0,0,1,0,1,153,49,22,1,225,0,0,0,225
08/15/2023,MKE,WI,AGL,CE,Combined TRACON& Tower with Radar,167,58,19,17,261,0,4,19,2,25,167,62,38,19,286,0,0,0,286
08/16/2023,MKE,WI,AGL,CE,Combined TRACON& Tower with Radar,161,73,26,14,274,0,7,37,0,44,161,80,63,14,318,0,0,0,318
08/17/2023,MKE,WI,AGL,CE,Combined TRACON& Tower with Radar,165,69,28,5,267,0,0,25,0,25,165,69,53,5,292,0,0,0,292
08/18/2023,MKE,WI,AGL,CE,Combined TRACON& Tower with Radar,164,82,28,3,277,0,4,31,2,37,164,86,59,5,314,0,0,0,314
08/19/2023,MKE,WI,AGL,CE,Combined TRACON& Tower with Radar,143,47,8,2,200,0,4,70,0,74,143,51,78,2,274,0,0,0,274
08/20/2023,MKE,WI,AGL,CE,Combined TRACON& Tower with Radar,153,46,28,0,227,0,0,57,0,57,153,46,85,0,284,0,0,0,284
08/21/2023,MKE,WI,AGL,CE,Combined TRACON& Tower with Radar,154,64,25,2,245,0,4,19,0,23,154,68,44,2,268,0,0,0,268
08/22/2023,MKE,WI,AGL,CE,Combined TRACON& Tower with Radar,167,95,38,15,315,0,12,16,0,28,167,107,54,15,343,0,0,0,343
08/23/2023,MKE,WI,AGL,CE,Combined TRACON& Tower with Radar,161,97,88,8,354,0,4,25,0,29,161,101,113,8,383,0,0,0,383
08/24/2023,MKE,WI,AGL,CE,Combined TRACON& Tower with Radar,164,110,67,5,346,0,2,17,0,19,164,112,84,5,365,0,0,0,365
08/25/2023,MKE,WI,AGL,CE,Combined TRACON& Tower with Radar,160,62,31,3,256,0,2,44,0,46,160,64,75,3,302,0,0,0,302
08/26/2023,MKE,WI,AGL,CE,Combined TRACON& Tower with Radar,146,49,28,3,226,0,0,32,0,32,146,49,60,3,258,0,0,0,258
08/27/2023,MKE,WI,AGL,CE,Combined TRACON& Tower with Radar,169,51,29,3,252,0,2,44,0,46,169,53,73,3,298,0,0,0,298
08/28/2023,MKE,WI,AGL,CE,Combined TRACON& Tower with Radar,153,57,23,1,234,0,4,22,0,26,153,61,45,1,260,0,0,0,260
08/29/2023,MKE,WI,AGL,CE,Combined TRACON& Tower with Radar,161,57,22,5,245,0,0,12,5,17,161,57,34,10,262,0,0,0,262
08/30/2023,MKE,WI,AGL,CE,Combined TRACON& Tower with Radar,156,68,28,14,266,0,1,43,0,44,156,69,71,14,310,0,0,0,310
08/31/2023,MKE,WI,AGL,CE,Combined TRACON& Tower with Radar,164,70,24,9,267,0,2,44,1,47,164,72,68,10,314,0,0,0,314
