01/01/2000,MKG,MI,AGL,CE,Towers with Radar,0,7,8,0,15,0,4,41,0,45,0,11,49,0,60,44,0,44,104
01/02/2000,MKG,MI,AGL,CE,Towers with Radar,0,21,21,0,42,0,13,0,0,13,0,34,21,0,55,4,0,4,59
01/03/2000,MKG,MI,AGL,CE,Towers with Radar,0,20,28,0,48,0,0,3,0,3,0,20,31,0,51,14,0,14,65
01/04/2000,MKG,MI,AGL,CE,Towers with Radar,0,23,20,0,43,0,3,0,0,3,0,26,20,0,46,4,0,4,50
01/05/2000,MKG,MI,AGL,CE,Towers with Radar,0,41,44,0,85,0,0,20,0,20,0,41,64,0,105,80,0,80,185
01/06/2000,MKG,MI,AGL,CE,Towers with Radar,1,58,62,0,121,12,15,17,0,44,13,73,79,0,165,30,2,32,197
01/07/2000,MKG,MI,AGL,CE,Towers with Radar,0,42,45,0,87,0,7,31,0,38,0,49,76,0,125,66,0,66,191
01/08/2000,MKG,MI,AGL,CE,Towers with Radar,0,18,21,0,39,0,11,21,0,32,0,29,42,0,71,26,0,26,97
01/09/2000,MKG,MI,AGL,CE,Towers with Radar,0,24,24,0,48,0,7,9,0,16,0,31,33,0,64,2,0,2,66
01/10/2000,MKG,MI,AGL,CE,Towers with Radar,0,32,31,3,66,0,0,0,32,32,0,32,31,35,98,0,56,56,154
01/11/2000,MKG,MI,AGL,CE,Towers with Radar,0,40,39,3,82,0,2,15,1,18,0,42,54,4,100,12,6,18,118
01/12/2000,MKG,MI,AGL,CE,Towers with Radar,0,54,62,4,120,0,0,102,3,105,0,54,164,7,225,120,24,144,369
01/13/2000,MKG,MI,AGL,CE,Towers with Radar,1,46,45,0,92,2,0,75,0,77,3,46,120,0,169,70,0,70,239
01/14/2000,MKG,MI,AGL,CE,Towers with Radar,0,46,45,0,91,0,3,52,0,55,0,49,97,0,146,66,0,66,212
01/15/2000,MKG,MI,AGL,CE,Towers with Radar,0,27,26,0,53,0,10,54,0,64,0,37,80,0,117,74,0,74,191
01/16/2000,MKG,MI,AGL,CE,Towers with Radar,0,19,17,0,36,0,12,58,0,70,0,31,75,0,106,50,0,50,156
01/17/2000,MKG,MI,AGL,CE,Towers with Radar,0,31,31,0,62,0,1,17,0,18,0,32,48,0,80,60,0,60,140
01/18/2000,MKG,MI,AGL,CE,Towers with Radar,0,47,48,2,97,0,3,9,0,12,0,50,57,2,109,10,0,10,119
01/19/2000,MKG,MI,AGL,CE,Towers with Radar,0,44,45,0,89,0,0,36,0,36,0,44,81,0,125,20,0,20,145
01/20/2000,MKG,MI,AGL,CE,Towers with Radar,0,41,44,3,88,0,0,8,13,21,0,41,52,16,109,10,26,36,145
01/21/2000,MKG,MI,AGL,CE,Towers with Radar,0,35,37,0,72,0,0,9,0,9,0,35,46,0,81,26,0,26,107
01/22/2000,MKG,MI,AGL,CE,Towers with Radar,0,19,20,0,39,0,8,3,0,11,0,27,23,0,50,6,0,6,56
01/23/2000,MKG,MI,AGL,CE,Towers with Radar,0,16,16,0,32,0,2,6,0,8,0,18,22,0,40,1,1,2,42
01/24/2000,MKG,MI,AGL,CE,Towers with Radar,0,33,35,0,68,0,0,0,0,0,0,33,35,0,68,68,0,68,136
01/25/2000,MKG,MI,AGL,CE,Towers with Radar,0,37,47,2,86,0,0,25,0,25,0,37,72,2,111,52,6,58,169
01/26/2000,MKG,MI,AGL,CE,Towers with Radar,0,48,53,3,104,0,0,58,2,60,0,48,111,5,164,40,0,40,204
01/27/2000,MKG,MI,AGL,CE,Towers with Radar,0,45,69,4,118,0,0,138,3,141,0,45,207,7,259,110,4,114,373
01/28/2000,MKG,MI,AGL,CE,Towers with Radar,0,39,48,0,87,0,0,84,0,84,0,39,132,0,171,148,4,152,323
01/29/2000,MKG,MI,AGL,CE,Towers with Radar,0,31,32,0,63,0,0,128,0,128,0,31,160,0,191,184,4,188,379
01/30/2000,MKG,MI,AGL,CE,Towers with Radar,0,18,18,1,37,0,3,0,0,3,0,21,18,1,40,0,1,1,41
01/31/2000,MKG,MI,AGL,CE,Towers with Radar,0,39,42,0,81,0,0,15,0,15,0,39,57,0,96,40,0,40,136
02/01/2000,MKG,MI,AGL,CE,Towers with Radar,0,36,44,0,80,0,6,36,0,42,0,42,80,0,122,42,0,42,164
02/02/2000,MKG,MI,AGL,CE,Towers with Radar,0,37,61,0,98,0,0,59,0,59,0,37,120,0,157,112,0,112,269
02/03/2000,MKG,MI,AGL,CE,Towers with Radar,2,21,50,0,73,34,0,8,0,42,36,21,58,0,115,160,0,160,275
02/04/2000,MKG,MI,AGL,CE,Towers with Radar,0,24,31,0,55,0,21,79,0,100,0,45,110,0,155,130,0,130,285
02/05/2000,MKG,MI,AGL,CE,Towers with Radar,0,23,29,0,52,0,14,47,0,61,0,37,76,0,113,22,2,24,137
02/06/2000,MKG,MI,AGL,CE,Towers with Radar,0,27,35,0,62,0,7,35,0,42,0,34,70,0,104,104,0,104,208
02/07/2000,MKG,MI,AGL,CE,Towers with Radar,0,33,42,0,75,0,7,121,0,128,0,40,163,0,203,124,0,124,327
02/08/2000,MKG,MI,AGL,CE,Towers with Radar,0,43,55,0,98,0,1,42,0,43,0,44,97,0,141,46,0,46,187
02/09/2000,MKG,MI,AGL,CE,Towers with Radar,0,45,73,0,118,0,0,119,0,119,0,45,192,0,237,130,2,132,369
02/10/2000,MKG,MI,AGL,CE,Towers with Radar,0,37,27,3,67,0,0,0,18,18,0,37,27,21,85,46,16,62,147
02/11/2000,MKG,MI,AGL,CE,Towers with Radar,0,35,44,0,79,0,3,59,0,62,0,38,103,0,141,194,0,194,335
02/12/2000,MKG,MI,AGL,CE,Towers with Radar,0,22,28,0,50,0,8,114,0,122,0,30,142,0,172,94,0,94,266
02/13/2000,MKG,MI,AGL,CE,Towers with Radar,0,13,6,0,19,0,7,0,0,7,0,20,6,0,26,0,0,0,26
02/14/2000,MKG,MI,AGL,CE,Towers with Radar,0,48,61,3,112,0,4,95,32,131,0,52,156,35,243,190,60,250,493
02/15/2000,MKG,MI,AGL,CE,Towers with Radar,0,37,66,0,103,0,0,15,0,15,0,37,81,0,118,30,0,30,148
02/16/2000,MKG,MI,AGL,CE,Towers with Radar,0,44,64,5,113,0,0,37,6,43,0,44,101,11,156,84,30,114,270
02/17/2000,MKG,MI,AGL,CE,Towers with Radar,0,46,56,4,106,0,3,108,1,112,0,49,164,5,218,124,40,164,382
02/18/2000,MKG,MI,AGL,CE,Towers with Radar,0,16,7,0,23,0,2,0,0,2,0,18,7,0,25,0,0,0,25
02/19/2000,MKG,MI,AGL,CE,Towers with Radar,0,27,32,0,59,0,11,25,0,36,0,38,57,0,95,80,4,84,179
02/20/2000,MKG,MI,AGL,CE,Towers with Radar,0,32,38,0,70,0,7,62,0,69,0,39,100,0,139,64,0,64,203
02/21/2000,MKG,MI,AGL,CE,Towers with Radar,0,46,60,0,106,0,0,96,0,96,0,46,156,0,202,84,0,84,286
02/22/2000,MKG,MI,AGL,CE,Towers with Radar,0,44,67,5,116,0,0,67,5,72,0,44,134,10,188,70,60,130,318
02/23/2000,MKG,MI,AGL,CE,Towers with Radar,0,52,78,5,135,0,0,96,7,103,0,52,174,12,238,120,22,142,380
02/24/2000,MKG,MI,AGL,CE,Towers with Radar,0,42,46,2,90,0,1,0,0,1,0,43,46,2,91,2,0,2,93
02/25/2000,MKG,MI,AGL,CE,Towers with Radar,0,30,54,0,84,0,0,39,0,39,0,30,93,0,123,10,0,10,133
02/26/2000,MKG,MI,AGL,CE,Towers with Radar,0,22,26,0,48,0,16,19,0,35,0,38,45,0,83,60,0,60,143
02/27/2000,MKG,MI,AGL,CE,Towers with Radar,0,23,28,0,51,0,6,41,0,47,0,29,69,0,98,16,0,16,114
02/28/2000,MKG,MI,AGL,CE,Towers with Radar,0,45,54,0,99,0,2,236,0,238,0,47,290,0,337,370,26,396,733
02/29/2000,MKG,MI,AGL,CE,Towers with Radar,0,45,69,0,114,0,0,84,0,84,0,45,153,0,198,34,0,34,232
03/01/2000,MKG,MI,AGL,CE,Towers with Radar,0,34,45,0,79,0,14,3,0,17,0,48,48,0,96,12,0,12,108
03/02/2000,MKG,MI,AGL,CE,Towers with Radar,0,33,44,0,77,0,9,75,0,84,0,42,119,0,161,70,0,70,231
03/03/2000,MKG,MI,AGL,CE,Towers with Radar,0,43,54,0,97,0,5,152,0,157,0,48,206,0,254,170,0,170,424
03/04/2000,MKG,MI,AGL,CE,Towers with Radar,0,36,46,0,82,0,5,164,0,169,0,41,210,0,251,80,2,82,333
03/05/2000,MKG,MI,AGL,CE,Towers with Radar,0,35,64,3,102,0,0,179,10,189,0,35,243,13,291,112,30,142,433
03/06/2000,MKG,MI,AGL,CE,Towers with Radar,0,41,52,0,93,0,3,130,0,133,0,44,182,0,226,216,0,216,442
03/07/2000,MKG,MI,AGL,CE,Towers with Radar,0,41,55,0,96,0,0,94,0,94,0,41,149,0,190,108,0,108,298
03/08/2000,MKG,MI,AGL,CE,Towers with Radar,0,38,50,0,88,0,0,47,0,47,0,38,97,0,135,50,0,50,185
03/09/2000,MKG,MI,AGL,CE,Towers with Radar,0,47,57,0,104,0,3,3,0,6,0,50,60,0,110,22,0,22,132
03/10/2000,MKG,MI,AGL,CE,Towers with Radar,0,44,66,0,110,0,0,24,0,24,0,44,90,0,134,8,0,8,142
03/11/2000,MKG,MI,AGL,CE,Towers with Radar,0,15,17,0,32,0,4,101,0,105,0,19,118,0,137,138,0,138,275
03/12/2000,MKG,MI,AGL,CE,Towers with Radar,0,20,24,0,44,0,11,118,0,129,0,31,142,0,173,70,0,70,243
03/13/2000,MKG,MI,AGL,CE,Towers with Radar,0,46,57,0,103,0,11,7,0,18,0,57,64,0,121,8,0,8,129
03/14/2000,MKG,MI,AGL,CE,Towers with Radar,0,39,65,3,107,0,0,103,9,112,0,39,168,12,219,186,22,208,427
03/15/2000,MKG,MI,AGL,CE,Towers with Radar,0,38,68,0,106,0,0,4,0,4,0,38,72,0,110,108,0,108,218
03/16/2000,MKG,MI,AGL,CE,Towers with Radar,0,39,54,2,95,0,0,79,12,91,0,39,133,14,186,140,0,140,326
03/17/2000,MKG,MI,AGL,CE,Towers with Radar,0,37,46,0,83,0,0,15,0,15,0,37,61,0,98,4,0,4,102
03/18/2000,MKG,MI,AGL,CE,Towers with Radar,0,23,27,0,50,0,2,180,0,182,0,25,207,0,232,14,0,14,246
03/19/2000,MKG,MI,AGL,CE,Towers with Radar,0,18,8,0,26,0,15,0,0,15,0,33,8,0,41,80,0,80,121
03/20/2000,MKG,MI,AGL,CE,Towers with Radar,0,41,60,0,101,0,0,33,0,33,0,41,93,0,134,14,0,14,148
03/21/2000,MKG,MI,AGL,CE,Towers with Radar,0,43,51,0,94,0,12,0,0,12,0,55,51,0,106,6,0,6,112
03/22/2000,MKG,MI,AGL,CE,Towers with Radar,0,33,53,0,86,0,0,53,0,53,0,33,106,0,139,80,0,80,219
03/23/2000,MKG,MI,AGL,CE,Towers with Radar,0,44,71,0,115,0,0,178,0,178,0,44,249,0,293,192,0,192,485
03/24/2000,MKG,MI,AGL,CE,Towers with Radar,0,38,59,0,97,0,0,62,0,62,0,38,121,0,159,24,0,24,183
03/25/2000,MKG,MI,AGL,CE,Towers with Radar,0,23,27,0,50,0,8,54,0,62,0,31,81,0,112,30,0,30,142
03/26/2000,MKG,MI,AGL,CE,Towers with Radar,0,22,26,0,48,0,7,116,0,123,0,29,142,0,171,16,0,16,187
03/27/2000,MKG,MI,AGL,CE,Towers with Radar,0,37,45,1,83,0,25,8,119,152,0,62,53,120,235,14,6,20,255
03/28/2000,MKG,MI,AGL,CE,Towers with Radar,0,47,58,0,105,0,6,13,0,19,0,53,71,0,124,14,0,14,138
03/29/2000,MKG,MI,AGL,CE,Towers with Radar,0,47,68,0,115,0,0,89,0,89,0,47,157,0,204,0,0,0,204
03/30/2000,MKG,MI,AGL,CE,Towers with Radar,0,45,57,0,102,0,0,147,0,147,0,45,204,0,249,126,0,126,375
03/31/2000,MKG,MI,AGL,CE,Towers with Radar,0,49,62,0,111,0,9,176,0,185,0,58,238,0,296,146,22,168,464
04/01/2000,MKG,MI,AGL,CE,Towers with Radar,0,20,24,0,44,0,11,97,0,108,0,31,121,0,152,42,0,42,194
04/02/2000,MKG,MI,AGL,CE,Towers with Radar,0,29,45,6,80,0,0,51,5,56,0,29,96,11,136,20,12,32,168
04/03/2000,MKG,MI,AGL,CE,Towers with Radar,0,30,36,0,66,0,8,54,0,62,0,38,90,0,128,128,0,128,256
04/04/2000,MKG,MI,AGL,CE,Towers with Radar,0,34,27,0,61,0,5,0,0,5,0,39,27,0,66,10,0,10,76
04/05/2000,MKG,MI,AGL,CE,Towers with Radar,0,40,47,0,87,0,2,106,0,108,0,42,153,0,195,220,0,220,415
04/06/2000,MKG,MI,AGL,CE,Towers with Radar,0,40,47,7,94,0,3,25,5,33,0,43,72,12,127,30,10,40,167
04/07/2000,MKG,MI,AGL,CE,Towers with Radar,0,32,39,0,71,0,0,29,0,29,0,32,68,0,100,40,0,40,140
04/08/2000,MKG,MI,AGL,CE,Towers with Radar,0,19,24,0,43,0,8,67,0,75,0,27,91,0,118,54,0,54,172
04/09/2000,MKG,MI,AGL,CE,Towers with Radar,0,21,25,0,46,0,4,21,0,25,0,25,46,0,71,0,0,0,71
04/10/2000,MKG,MI,AGL,CE,Towers with Radar,0,40,47,0,87,0,0,133,0,133,0,40,180,0,220,152,0,152,372
04/11/2000,MKG,MI,AGL,CE,Towers with Radar,0,39,29,6,74,0,9,0,6,15,0,48,29,12,89,2,5,7,96
04/12/2000,MKG,MI,AGL,CE,Towers with Radar,0,34,55,0,89,0,0,138,0,138,0,34,193,0,227,182,2,184,411
04/13/2000,MKG,MI,AGL,CE,Towers with Radar,0,49,55,7,111,0,1,98,0,99,0,50,153,7,210,136,22,158,368
04/14/2000,MKG,MI,AGL,CE,Towers with Radar,0,37,53,0,90,1,0,106,0,107,1,37,159,0,197,128,0,128,325
04/15/2000,MKG,MI,AGL,CE,Towers with Radar,0,39,44,6,89,0,1,70,10,81,0,40,114,16,170,34,0,34,204
04/16/2000,MKG,MI,AGL,CE,Towers with Radar,0,20,21,0,41,0,3,26,0,29,0,23,47,0,70,4,0,4,74
04/17/2000,MKG,MI,AGL,CE,Towers with Radar,0,37,42,5,84,0,1,9,28,38,0,38,51,33,122,42,20,62,184
04/18/2000,MKG,MI,AGL,CE,Towers with Radar,0,46,78,10,134,0,0,127,19,146,0,46,205,29,280,208,16,224,504
04/19/2000,MKG,MI,AGL,CE,Towers with Radar,0,30,51,6,87,0,0,21,1,22,0,30,72,7,109,64,8,72,181
04/20/2000,MKG,MI,AGL,CE,Towers with Radar,0,16,19,1,36,0,0,0,0,0,0,16,19,1,36,0,0,0,36
04/21/2000,MKG,MI,AGL,CE,Towers with Radar,0,29,33,3,65,0,16,7,0,23,0,45,40,3,88,8,2,10,98
04/22/2000,MKG,MI,AGL,CE,Towers with Radar,0,25,28,0,53,0,11,216,0,227,0,36,244,0,280,152,8,160,440
04/23/2000,MKG,MI,AGL,CE,Towers with Radar,0,18,20,1,39,0,6,44,0,50,0,24,64,1,89,36,0,36,125
04/24/2000,MKG,MI,AGL,CE,Towers with Radar,0,46,52,6,104,0,11,111,28,150,0,57,163,34,254,84,38,122,376
04/25/2000,MKG,MI,AGL,CE,Towers with Radar,0,40,54,7,101,0,0,197,30,227,0,40,251,37,328,200,40,240,568
04/26/2000,MKG,MI,AGL,CE,Towers with Radar,0,45,57,7,109,0,0,115,3,118,0,45,172,10,227,64,34,98,325
04/27/2000,MKG,MI,AGL,CE,Towers with Radar,0,31,35,0,66,0,4,121,0,125,0,35,156,0,191,10,120,130,321
04/28/2000,MKG,MI,AGL,CE,Towers with Radar,0,39,44,0,83,0,0,129,0,129,0,39,173,0,212,68,6,74,286
04/29/2000,MKG,MI,AGL,CE,Towers with Radar,0,21,23,0,44,0,12,93,0,105,0,33,116,0,149,60,0,60,209
04/30/2000,MKG,MI,AGL,CE,Towers with Radar,0,24,30,3,57,0,0,104,8,112,0,24,134,11,169,66,2,68,237
05/01/2000,MKG,MI,AGL,CE,Towers with Radar,0,34,54,5,93,0,0,56,10,66,0,34,110,15,159,74,22,96,255
05/02/2000,MKG,MI,AGL,CE,Towers with Radar,0,32,47,4,83,0,8,95,1,104,0,40,142,5,187,106,12,118,305
05/03/2000,MKG,MI,AGL,CE,Towers with Radar,0,32,45,4,81,0,4,97,10,111,0,36,142,14,192,134,12,146,338
05/04/2000,MKG,MI,AGL,CE,Towers with Radar,0,32,47,4,83,0,10,48,0,58,0,42,95,4,141,30,4,34,175
05/05/2000,MKG,MI,AGL,CE,Towers with Radar,0,35,50,0,85,0,4,108,0,112,0,39,158,0,197,0,0,0,197
05/06/2000,MKG,MI,AGL,CE,Towers with Radar,0,25,34,3,62,0,5,94,11,110,0,30,128,14,172,28,36,64,236
05/07/2000,MKG,MI,AGL,CE,Towers with Radar,0,22,30,0,52,0,3,23,0,26,0,25,53,0,78,28,4,32,110
05/08/2000,MKG,MI,AGL,CE,Towers with Radar,0,34,39,4,77,0,8,0,0,8,0,42,39,4,85,0,0,0,85
05/09/2000,MKG,MI,AGL,CE,Towers with Radar,0,33,54,3,90,0,0,47,4,51,0,33,101,7,141,72,0,72,213
05/10/2000,MKG,MI,AGL,CE,Towers with Radar,0,33,62,6,101,0,0,104,19,123,0,33,166,25,224,72,20,92,316
05/11/2000,MKG,MI,AGL,CE,Towers with Radar,0,42,57,3,102,0,3,55,0,58,0,45,112,3,160,82,0,82,242
05/12/2000,MKG,MI,AGL,CE,Towers with Radar,0,40,57,4,101,0,0,39,0,39,0,40,96,4,140,20,4,24,164
05/13/2000,MKG,MI,AGL,CE,Towers with Radar,0,20,28,2,50,0,3,35,0,38,0,23,63,2,88,26,0,26,114
05/14/2000,MKG,MI,AGL,CE,Towers with Radar,0,19,26,0,45,0,9,27,0,36,0,28,53,0,81,0,0,0,81
05/15/2000,MKG,MI,AGL,CE,Towers with Radar,0,36,48,4,88,0,2,146,6,154,0,38,194,10,242,102,16,118,360
05/16/2000,MKG,MI,AGL,CE,Towers with Radar,0,35,57,5,97,0,0,19,29,48,0,35,76,34,145,44,34,78,223
05/17/2000,MKG,MI,AGL,CE,Towers with Radar,0,40,57,1,98,0,0,51,0,51,0,40,108,1,149,54,0,54,203
05/18/2000,MKG,MI,AGL,CE,Towers with Radar,0,23,45,0,68,0,0,0,0,0,0,23,45,0,68,8,0,8,76
05/19/2000,MKG,MI,AGL,CE,Towers with Radar,0,37,62,0,99,0,0,55,0,55,0,37,117,0,154,42,0,42,196
05/20/2000,MKG,MI,AGL,CE,Towers with Radar,0,19,26,1,46,0,9,113,0,122,0,28,139,1,168,96,0,96,264
05/21/2000,MKG,MI,AGL,CE,Towers with Radar,0,24,32,2,58,0,0,140,0,140,0,24,172,2,198,80,8,88,286
05/22/2000,MKG,MI,AGL,CE,Towers with Radar,0,33,46,0,79,0,3,36,0,39,0,36,82,0,118,50,0,50,168
05/23/2000,MKG,MI,AGL,CE,Towers with Radar,0,38,63,5,106,0,0,121,24,145,0,38,184,29,251,184,46,230,481
05/24/2000,MKG,MI,AGL,CE,Towers with Radar,0,40,61,0,101,0,0,143,0,143,0,40,204,0,244,72,0,72,316
05/25/2000,MKG,MI,AGL,CE,Towers with Radar,0,44,62,5,111,0,0,114,23,137,0,44,176,28,248,80,30,110,358
05/26/2000,MKG,MI,AGL,CE,Towers with Radar,0,35,50,3,88,0,0,101,0,101,0,35,151,3,189,74,4,78,267
05/27/2000,MKG,MI,AGL,CE,Towers with Radar,0,18,24,0,42,0,8,2,0,10,0,26,26,0,52,18,2,20,72
05/28/2000,MKG,MI,AGL,CE,Towers with Radar,0,28,22,0,50,0,0,25,2,27,0,28,47,2,77,24,4,28,105
05/29/2000,MKG,MI,AGL,CE,Towers with Radar,0,24,33,1,58,0,5,121,0,126,0,29,154,1,184,90,30,120,304
05/30/2000,MKG,MI,AGL,CE,Towers with Radar,0,27,46,0,73,0,0,61,0,61,0,27,107,0,134,148,18,166,300
05/31/2000,MKG,MI,AGL,CE,Towers with Radar,0,29,55,1,85,0,0,24,0,24,0,29,79,1,109,100,44,144,253
06/01/2000,MKG,MI,AGL,CE,Towers with Radar,0,29,49,5,83,0,5,50,14,69,0,34,99,19,152,80,4,84,236
06/02/2000,MKG,MI,AGL,CE,Towers with Radar,0,16,30,0,46,0,20,59,0,79,0,36,89,0,125,52,8,60,185
06/03/2000,MKG,MI,AGL,CE,Towers with Radar,0,16,27,3,46,0,7,283,25,315,0,23,310,28,361,128,24,152,513
06/04/2000,MKG,MI,AGL,CE,Towers with Radar,0,16,28,0,44,0,4,73,0,77,0,20,101,0,121,68,8,76,197
06/05/2000,MKG,MI,AGL,CE,Towers with Radar,0,21,42,0,63,0,0,31,0,31,0,21,73,0,94,54,0,54,148
06/06/2000,MKG,MI,AGL,CE,Towers with Radar,0,31,53,6,90,0,2,215,2,219,0,33,268,8,309,152,0,152,461
06/07/2000,MKG,MI,AGL,CE,Towers with Radar,0,32,53,0,85,0,1,111,0,112,0,33,164,0,197,64,4,68,265
06/08/2000,MKG,MI,AGL,CE,Towers with Radar,0,30,50,2,82,0,6,102,0,108,0,36,152,2,190,58,0,58,248
06/09/2000,MKG,MI,AGL,CE,Towers with Radar,0,28,48,3,79,0,2,85,0,87,0,30,133,3,166,60,0,60,226
06/10/2000,MKG,MI,AGL,CE,Towers with Radar,0,13,22,3,38,0,18,39,0,57,0,31,61,3,95,14,2,16,111
06/11/2000,MKG,MI,AGL,CE,Towers with Radar,0,20,32,2,54,0,0,5,0,5,0,20,37,2,59,12,0,12,71
06/12/2000,MKG,MI,AGL,CE,Towers with Radar,0,25,43,0,68,0,0,5,0,5,0,25,48,0,73,4,0,4,77
06/13/2000,MKG,MI,AGL,CE,Towers with Radar,0,17,46,5,68,0,0,13,1,14,0,17,59,6,82,16,6,22,104
06/14/2000,MKG,MI,AGL,CE,Towers with Radar,0,23,52,1,76,0,0,25,0,25,0,23,77,1,101,30,0,30,131
06/15/2000,MKG,MI,AGL,CE,Towers with Radar,0,28,61,7,96,0,0,58,33,91,0,28,119,40,187,52,144,196,383
06/16/2000,MKG,MI,AGL,CE,Towers with Radar,0,29,49,1,79,0,0,33,0,33,0,29,82,1,112,42,2,44,156
06/17/2000,MKG,MI,AGL,CE,Towers with Radar,0,19,30,3,52,0,4,163,2,169,0,23,193,5,221,136,20,156,377
06/18/2000,MKG,MI,AGL,CE,Towers with Radar,0,10,15,0,25,0,3,65,0,68,0,13,80,0,93,58,0,58,151
06/19/2000,MKG,MI,AGL,CE,Towers with Radar,0,26,42,4,72,0,2,156,22,180,0,28,198,26,252,158,26,184,436
06/20/2000,MKG,MI,AGL,CE,Towers with Radar,0,24,55,0,79,0,0,4,0,4,0,24,59,0,83,16,0,16,99
06/21/2000,MKG,MI,AGL,CE,Towers with Radar,0,32,51,5,88,0,3,19,3,25,0,35,70,8,113,18,56,74,187
06/22/2000,MKG,MI,AGL,CE,Towers with Radar,0,27,55,5,87,0,0,128,6,134,0,27,183,11,221,120,20,140,361
06/23/2000,MKG,MI,AGL,CE,Towers with Radar,0,28,46,4,78,0,0,173,3,176,0,28,219,7,254,144,6,150,404
06/24/2000,MKG,MI,AGL,CE,Towers with Radar,0,23,38,3,64,0,4,35,0,39,0,27,73,3,103,8,0,8,111
06/25/2000,MKG,MI,AGL,CE,Towers with Radar,0,22,36,0,58,0,2,20,0,22,0,24,56,0,80,0,2,2,82
06/26/2000,MKG,MI,AGL,CE,Towers with Radar,0,30,49,0,79,0,0,50,0,50,0,30,99,0,129,124,0,124,253
06/27/2000,MKG,MI,AGL,CE,Towers with Radar,0,33,62,6,101,0,0,185,9,194,0,33,247,15,295,136,24,160,455
06/28/2000,MKG,MI,AGL,CE,Towers with Radar,0,31,51,5,87,0,2,119,12,133,0,33,170,17,220,96,20,116,336
06/29/2000,MKG,MI,AGL,CE,Towers with Radar,0,30,58,5,93,0,0,130,10,140,0,30,188,15,233,68,34,102,335
06/30/2000,MKG,MI,AGL,CE,Towers with Radar,0,28,47,1,76,0,0,157,0,157,0,28,204,1,233,88,0,88,321
07/01/2000,MKG,MI,AGL,CE,Towers with Radar,0,17,27,2,46,0,6,147,1,154,0,23,174,3,200,54,0,54,254
07/02/2000,MKG,MI,AGL,CE,Towers with Radar,0,17,25,2,44,0,9,34,3,46,0,26,59,5,90,18,4,22,112
07/03/2000,MKG,MI,AGL,CE,Towers with Radar,0,16,24,1,41,0,12,11,0,23,0,28,35,1,64,16,4,20,84
07/04/2000,MKG,MI,AGL,CE,Towers with Radar,0,15,23,0,38,0,6,125,0,131,0,21,148,0,169,74,0,74,243
07/05/2000,MKG,MI,AGL,CE,Towers with Radar,0,26,40,3,69,0,0,117,4,121,0,26,157,7,190,118,16,134,324
07/06/2000,MKG,MI,AGL,CE,Towers with Radar,0,29,43,1,73,0,14,122,0,136,0,43,165,1,209,264,4,268,477
07/07/2000,MKG,MI,AGL,CE,Towers with Radar,0,26,39,2,67,0,6,170,0,176,0,32,209,2,243,106,0,106,349
07/08/2000,MKG,MI,AGL,CE,Towers with Radar,0,11,12,0,23,0,14,0,0,14,0,25,12,0,37,0,0,0,37
07/09/2000,MKG,MI,AGL,CE,Towers with Radar,0,17,26,2,45,0,7,6,0,13,0,24,32,2,58,2,0,2,60
07/10/2000,MKG,MI,AGL,CE,Towers with Radar,0,26,38,2,66,0,1,72,0,73,0,27,110,2,139,64,0,64,203
07/11/2000,MKG,MI,AGL,CE,Towers with Radar,0,24,35,3,62,0,5,148,0,153,0,29,183,3,215,176,0,176,391
07/12/2000,MKG,MI,AGL,CE,Towers with Radar,0,28,41,2,71,0,1,176,0,177,0,29,217,2,248,126,0,126,374
07/13/2000,MKG,MI,AGL,CE,Towers with Radar,0,31,46,0,77,0,1,198,0,199,0,32,244,0,276,142,0,142,418
07/14/2000,MKG,MI,AGL,CE,Towers with Radar,0,30,45,1,76,0,4,163,0,167,0,34,208,1,243,174,0,174,417
07/15/2000,MKG,MI,AGL,CE,Towers with Radar,0,21,30,3,54,0,8,151,1,160,0,29,181,4,214,62,0,62,276
07/16/2000,MKG,MI,AGL,CE,Towers with Radar,0,21,32,2,55,0,6,126,0,132,0,27,158,2,187,42,12,54,241
07/17/2000,MKG,MI,AGL,CE,Towers with Radar,0,29,43,4,76,0,7,152,17,176,0,36,195,21,252,126,46,172,424
07/18/2000,MKG,MI,AGL,CE,Towers with Radar,0,35,55,5,95,0,0,144,38,182,0,35,199,43,277,180,82,262,539
07/19/2000,MKG,MI,AGL,CE,Towers with Radar,0,32,46,4,82,0,2,117,18,137,0,34,163,22,219,112,36,148,367
07/20/2000,MKG,MI,AGL,CE,Towers with Radar,0,31,52,5,88,0,0,100,7,107,0,31,152,12,195,70,0,70,265
07/21/2000,MKG,MI,AGL,CE,Towers with Radar,0,29,47,4,80,1,0,48,10,59,1,29,95,14,139,60,52,112,251
07/22/2000,MKG,MI,AGL,CE,Towers with Radar,0,17,26,2,45,4,5,41,0,50,4,22,67,2,95,24,0,24,119
07/23/2000,MKG,MI,AGL,CE,Towers with Radar,0,23,34,3,60,0,4,87,4,95,0,27,121,7,155,34,6,40,195
07/24/2000,MKG,MI,AGL,CE,Towers with Radar,0,32,49,4,85,1,9,195,15,220,1,41,244,19,305,178,8,186,491
07/25/2000,MKG,MI,AGL,CE,Towers with Radar,0,27,76,7,110,0,0,56,0,56,0,27,132,7,166,200,0,200,366
07/26/2000,MKG,MI,AGL,CE,Towers with Radar,0,32,66,5,103,0,0,99,1,100,0,32,165,6,203,102,34,136,339
07/27/2000,MKG,MI,AGL,CE,Towers with Radar,0,45,81,4,130,0,0,49,0,49,0,45,130,4,179,52,16,68,247
07/28/2000,MKG,MI,AGL,CE,Towers with Radar,0,22,63,0,85,0,0,51,0,51,0,22,114,0,136,28,0,28,164
07/29/2000,MKG,MI,AGL,CE,Towers with Radar,0,29,62,1,92,0,0,39,0,39,0,29,101,1,131,78,4,82,213
07/30/2000,MKG,MI,AGL,CE,Towers with Radar,0,28,62,1,91,0,0,3,1,4,0,28,65,2,95,4,0,4,99
07/31/2000,MKG,MI,AGL,CE,Towers with Radar,0,38,57,5,100,0,0,0,11,11,0,38,57,16,111,18,4,22,133
08/01/2000,MKG,MI,AGL,CE,Towers with Radar,0,29,76,2,107,0,0,67,0,67,0,29,143,2,174,50,1,51,225
08/02/2000,MKG,MI,AGL,CE,Towers with Radar,0,32,63,4,99,0,1,97,0,98,0,33,160,4,197,122,4,126,323
08/03/2000,MKG,MI,AGL,CE,Towers with Radar,0,33,64,3,100,1,0,193,0,194,1,33,257,3,294,92,0,92,386
08/04/2000,MKG,MI,AGL,CE,Towers with Radar,0,26,59,4,89,0,0,133,0,133,0,26,192,4,222,96,0,96,318
08/05/2000,MKG,MI,AGL,CE,Towers with Radar,0,19,37,4,60,0,0,102,12,114,0,19,139,16,174,20,20,40,214
08/06/2000,MKG,MI,AGL,CE,Towers with Radar,0,21,45,5,71,0,0,4,25,29,0,21,49,30,100,28,12,40,140
08/07/2000,MKG,MI,AGL,CE,Towers with Radar,0,27,53,6,86,0,10,131,1,142,0,37,184,7,228,92,8,100,328
08/08/2000,MKG,MI,AGL,CE,Towers with Radar,0,24,46,0,70,0,3,20,0,23,0,27,66,0,93,60,0,60,153
08/09/2000,MKG,MI,AGL,CE,Towers with Radar,0,25,71,4,100,0,0,87,0,87,0,25,158,4,187,94,24,118,305
08/10/2000,MKG,MI,AGL,CE,Towers with Radar,0,28,63,2,93,0,0,102,0,102,0,28,165,2,195,106,0,106,301
08/11/2000,MKG,MI,AGL,CE,Towers with Radar,0,31,62,4,97,0,6,107,0,113,0,37,169,4,210,56,4,60,270
08/12/2000,MKG,MI,AGL,CE,Towers with Radar,0,19,38,2,59,0,10,181,0,191,0,29,219,2,250,54,2,56,306
08/13/2000,MKG,MI,AGL,CE,Towers with Radar,0,18,35,4,57,0,16,51,1,68,0,34,86,5,125,24,20,44,169
08/14/2000,MKG,MI,AGL,CE,Towers with Radar,0,30,60,7,97,0,0,93,11,104,0,30,153,18,201,58,22,80,281
08/15/2000,MKG,MI,AGL,CE,Towers with Radar,0,26,56,6,88,0,0,14,11,25,0,26,70,17,113,30,12,42,155
08/16/2000,MKG,MI,AGL,CE,Towers with Radar,0,29,53,4,86,0,6,97,0,103,0,35,150,4,189,30,0,30,219
08/17/2000,MKG,MI,AGL,CE,Towers with Radar,0,32,62,4,98,0,0,66,0,66,0,32,128,4,164,0,0,0,164
08/18/2000,MKG,MI,AGL,CE,Towers with Radar,0,34,62,5,101,0,2,144,0,146,0,36,206,5,247,66,18,84,331
08/19/2000,MKG,MI,AGL,CE,Towers with Radar,0,19,34,2,55,0,11,120,0,131,0,30,154,2,186,72,22,94,280
08/20/2000,MKG,MI,AGL,CE,Towers with Radar,0,23,42,1,66,0,4,148,0,152,0,27,190,1,218,162,0,162,380
08/21/2000,MKG,MI,AGL,CE,Towers with Radar,0,30,55,5,90,0,4,99,18,121,0,34,154,23,211,56,4,60,271
08/22/2000,MKG,MI,AGL,CE,Towers with Radar,0,27,50,5,82,0,3,63,0,66,0,30,113,5,148,96,0,96,244
08/23/2000,MKG,MI,AGL,CE,Towers with Radar,0,27,65,5,97,0,0,90,0,90,0,27,155,5,187,72,0,72,259
08/24/2000,MKG,MI,AGL,CE,Towers with Radar,0,25,62,6,93,0,0,130,20,150,0,25,192,26,243,94,26,120,363
08/25/2000,MKG,MI,AGL,CE,Towers with Radar,0,27,58,3,88,0,0,143,0,143,0,27,201,3,231,80,0,80,311
08/26/2000,MKG,MI,AGL,CE,Towers with Radar,0,13,23,0,36,0,16,77,0,93,0,29,100,0,129,28,0,28,157
08/27/2000,MKG,MI,AGL,CE,Towers with Radar,0,14,24,1,39,0,5,21,0,26,0,19,45,1,65,36,6,42,107
08/28/2000,MKG,MI,AGL,CE,Towers with Radar,0,29,53,5,87,0,5,17,78,100,0,34,70,83,187,72,90,162,349
08/29/2000,MKG,MI,AGL,CE,Towers with Radar,0,27,71,7,105,0,0,27,27,54,0,27,98,34,159,72,16,88,247
08/30/2000,MKG,MI,AGL,CE,Towers with Radar,0,27,72,7,106,0,0,135,2,137,0,27,207,9,243,74,6,80,323
08/31/2000,MKG,MI,AGL,CE,Towers with Radar,0,37,68,7,112,0,0,94,17,111,0,37,162,24,223,61,30,91,314
09/01/2000,MKG,MI,AGL,CE,Towers with Radar,1,40,64,4,109,0,0,110,6,116,1,40,174,10,225,80,0,80,305
09/02/2000,MKG,MI,AGL,CE,Towers with Radar,0,19,29,2,50,0,10,57,0,67,0,29,86,2,117,36,4,40,157
09/03/2000,MKG,MI,AGL,CE,Towers with Radar,0,11,17,1,29,0,2,29,1,32,0,13,46,2,61,28,0,28,89
09/04/2000,MKG,MI,AGL,CE,Towers with Radar,0,25,42,3,70,0,0,38,2,40,0,25,80,5,110,22,0,22,132
09/05/2000,MKG,MI,AGL,CE,Towers with Radar,1,29,45,1,76,1,0,83,0,84,2,29,128,1,160,30,2,32,192
09/06/2000,MKG,MI,AGL,CE,Towers with Radar,0,2,54,3,59,0,0,103,63,166,0,2,157,66,225,84,44,128,353
09/07/2000,MKG,MI,AGL,CE,Towers with Radar,0,33,57,4,94,0,0,102,7,109,0,33,159,11,203,36,22,58,261
09/08/2000,MKG,MI,AGL,CE,Towers with Radar,0,30,60,0,90,0,0,79,0,79,0,30,139,0,169,50,0,50,219
09/09/2000,MKG,MI,AGL,CE,Towers with Radar,0,22,35,2,59,0,7,51,2,60,0,29,86,4,119,26,4,30,149
09/10/2000,MKG,MI,AGL,CE,Towers with Radar,0,22,29,0,51,0,0,0,0,0,0,22,29,0,51,0,0,0,51
09/11/2000,MKG,MI,AGL,CE,Towers with Radar,0,20,42,2,64,0,0,17,0,17,0,20,59,2,81,0,0,0,81
09/12/2000,MKG,MI,AGL,CE,Towers with Radar,1,39,60,0,100,0,6,73,0,79,1,45,133,0,179,56,0,56,235
09/13/2000,MKG,MI,AGL,CE,Towers with Radar,1,33,51,2,87,0,2,106,0,108,1,35,157,2,195,70,0,70,265
09/14/2000,MKG,MI,AGL,CE,Towers with Radar,0,35,55,1,91,0,3,35,0,38,0,38,90,1,129,28,0,28,157
09/15/2000,MKG,MI,AGL,CE,Towers with Radar,0,27,48,4,79,0,0,51,8,59,0,27,99,12,138,14,0,14,152
09/16/2000,MKG,MI,AGL,CE,Towers with Radar,0,16,23,0,39,0,10,109,0,119,0,26,132,0,158,68,0,68,226
09/17/2000,MKG,MI,AGL,CE,Towers with Radar,0,20,28,3,51,0,1,67,8,76,0,21,95,11,127,38,12,50,177
09/18/2000,MKG,MI,AGL,CE,Towers with Radar,0,27,49,2,78,0,0,144,0,144,0,27,193,2,222,38,0,38,260
09/19/2000,MKG,MI,AGL,CE,Towers with Radar,0,32,48,4,84,1,8,19,2,30,1,40,67,6,114,10,12,22,136
09/20/2000,MKG,MI,AGL,CE,Towers with Radar,0,39,57,5,101,0,5,17,1,23,0,44,74,6,124,2,0,2,126
09/21/2000,MKG,MI,AGL,CE,Towers with Radar,0,45,67,6,118,0,1,57,3,61,0,46,124,9,179,92,46,138,317
09/22/2000,MKG,MI,AGL,CE,Towers with Radar,0,33,48,0,81,0,6,50,0,56,0,39,98,0,137,24,0,24,161
09/23/2000,MKG,MI,AGL,CE,Towers with Radar,0,20,29,0,49,0,6,23,0,29,0,26,52,0,78,8,30,38,116
09/24/2000,MKG,MI,AGL,CE,Towers with Radar,0,23,35,2,60,0,0,67,0,67,0,23,102,2,127,44,0,44,171
09/25/2000,MKG,MI,AGL,CE,Towers with Radar,0,28,40,4,72,2,4,119,0,125,2,32,159,4,197,98,56,154,351
09/26/2000,MKG,MI,AGL,CE,Towers with Radar,0,36,57,2,95,3,0,131,0,134,3,36,188,2,229,154,0,154,383
09/27/2000,MKG,MI,AGL,CE,Towers with Radar,0,38,57,2,97,1,3,93,0,97,1,41,150,2,194,68,0,68,262
09/28/2000,MKG,MI,AGL,CE,Towers with Radar,0,35,52,3,90,0,2,134,1,137,0,37,186,4,227,104,0,104,331
09/29/2000,MKG,MI,AGL,CE,Towers with Radar,0,34,57,3,94,2,0,130,0,132,2,34,187,3,226,56,0,56,282
09/30/2000,MKG,MI,AGL,CE,Towers with Radar,0,17,25,1,43,0,8,69,1,78,0,25,94,2,121,28,30,58,179
10/01/2000,MKG,MI,AGL,CE,Towers with Radar,0,20,33,2,55,0,2,63,9,74,0,22,96,11,129,22,36,58,187
10/02/2000,MKG,MI,AGL,CE,Towers with Radar,1,23,43,2,69,2,0,31,0,33,3,23,74,2,102,24,20,44,146
10/03/2000,MKG,MI,AGL,CE,Towers with Radar,0,35,58,3,96,0,4,133,0,137,0,39,191,3,233,148,56,204,437
10/04/2000,MKG,MI,AGL,CE,Towers with Radar,0,33,53,3,89,0,2,94,4,100,0,35,147,7,189,110,2,112,301
10/05/2000,MKG,MI,AGL,CE,Towers with Radar,0,35,59,4,98,0,0,76,44,120,0,35,135,48,218,94,22,116,334
10/06/2000,MKG,MI,AGL,CE,Towers with Radar,0,29,51,3,83,0,0,10,0,10,0,29,61,3,93,20,10,30,123
10/07/2000,MKG,MI,AGL,CE,Towers with Radar,0,9,17,2,28,1,13,4,0,18,1,22,21,2,46,7,24,31,77
10/08/2000,MKG,MI,AGL,CE,Towers with Radar,0,18,30,3,51,0,2,12,4,18,0,20,42,7,69,2,2,4,73
10/09/2000,MKG,MI,AGL,CE,Towers with Radar,0,23,38,3,64,0,3,99,2,104,0,26,137,5,168,96,12,108,276
10/10/2000,MKG,MI,AGL,CE,Towers with Radar,0,38,67,5,110,0,0,149,10,159,0,38,216,15,269,72,66,138,407
10/11/2000,MKG,MI,AGL,CE,Towers with Radar,0,28,46,4,78,0,0,171,22,193,0,28,217,26,271,190,80,270,541
10/12/2000,MKG,MI,AGL,CE,Towers with Radar,0,39,71,6,116,0,0,230,3,233,0,39,301,9,349,136,40,176,525
10/13/2000,MKG,MI,AGL,CE,Towers with Radar,0,27,44,1,72,0,1,94,0,95,0,28,138,1,167,74,0,74,241
10/14/2000,MKG,MI,AGL,CE,Towers with Radar,0,17,26,2,45,0,8,50,2,60,0,25,76,4,105,4,4,8,113
10/15/2000,MKG,MI,AGL,CE,Towers with Radar,0,22,34,2,58,0,1,7,0,8,0,23,41,2,66,6,0,6,72
10/16/2000,MKG,MI,AGL,CE,Towers with Radar,0,26,57,0,83,0,0,101,0,101,0,26,158,0,184,80,0,80,264
10/17/2000,MKG,MI,AGL,CE,Towers with Radar,0,38,60,0,98,0,1,106,0,107,0,39,166,0,205,72,10,82,287
10/18/2000,MKG,MI,AGL,CE,Towers with Radar,0,28,43,2,73,0,1,122,0,123,0,29,165,2,196,132,0,132,328
10/19/2000,MKG,MI,AGL,CE,Towers with Radar,0,36,60,1,97,0,0,108,0,108,0,36,168,1,205,120,4,124,329
10/20/2000,MKG,MI,AGL,CE,Towers with Radar,0,26,40,2,68,0,4,16,0,20,0,30,56,2,88,24,4,28,116
10/21/2000,MKG,MI,AGL,CE,Towers with Radar,0,15,8,0,23,37,186,0,0,223,37,201,8,0,246,132,100,232,478
10/22/2000,MKG,MI,AGL,CE,Towers with Radar,0,20,30,2,52,0,11,111,0,122,0,31,141,2,174,28,0,28,202
10/23/2000,MKG,MI,AGL,CE,Towers with Radar,0,32,51,3,86,0,0,37,4,41,0,32,88,7,127,20,0,20,147
10/24/2000,MKG,MI,AGL,CE,Towers with Radar,0,21,36,1,58,0,0,9,0,9,0,21,45,1,67,24,0,24,91
10/25/2000,MKG,MI,AGL,CE,Towers with Radar,0,19,35,0,54,0,0,2,0,2,0,19,37,0,56,18,0,18,74
10/26/2000,MKG,MI,AGL,CE,Towers with Radar,0,30,54,0,84,0,0,42,0,42,0,30,96,0,126,24,0,24,150
10/27/2000,MKG,MI,AGL,CE,Towers with Radar,0,33,55,0,88,0,0,69,0,69,0,33,124,0,157,66,28,94,251
10/28/2000,MKG,MI,AGL,CE,Towers with Radar,0,19,30,2,51,0,4,149,1,154,0,23,179,3,205,50,0,50,255
10/29/2000,MKG,MI,AGL,CE,Towers with Radar,0,13,24,1,38,0,0,63,0,63,0,13,87,1,101,58,12,70,171
10/30/2000,MKG,MI,AGL,CE,Towers with Radar,0,24,38,2,64,1,4,92,2,99,1,28,130,4,163,78,0,78,241
10/31/2000,MKG,MI,AGL,CE,Towers with Radar,0,31,49,0,80,0,6,110,0,116,0,37,159,0,196,92,0,92,288
11/01/2000,MKG,MI,AGL,CE,Towers with Radar,0,33,57,5,95,0,0,96,5,101,0,33,153,10,196,54,16,70,266
11/02/2000,MKG,MI,AGL,CE,Towers with Radar,0,30,49,0,79,0,0,39,0,39,0,30,88,0,118,52,0,52,170
11/03/2000,MKG,MI,AGL,CE,Towers with Radar,0,29,42,0,71,0,1,71,0,72,0,30,113,0,143,22,0,22,165
11/04/2000,MKG,MI,AGL,CE,Towers with Radar,0,22,32,0,54,0,2,120,0,122,0,24,152,0,176,114,0,114,290
11/05/2000,MKG,MI,AGL,CE,Towers with Radar,1,17,26,0,44,0,5,113,0,118,1,22,139,0,162,50,0,50,212
11/06/2000,MKG,MI,AGL,CE,Towers with Radar,0,22,32,0,54,0,0,47,0,47,0,22,79,0,101,40,0,40,141
11/07/2000,MKG,MI,AGL,CE,Towers with Radar,0,34,52,1,87,0,0,14,0,14,0,34,66,1,101,54,0,54,155
11/08/2000,MKG,MI,AGL,CE,Towers with Radar,0,36,52,0,88,2,2,55,0,59,2,38,107,0,147,18,0,18,165
11/09/2000,MKG,MI,AGL,CE,Towers with Radar,0,42,40,0,82,0,1,0,0,1,0,43,40,0,83,0,0,0,83
11/10/2000,MKG,MI,AGL,CE,Towers with Radar,0,26,58,0,84,1,0,7,0,8,1,26,65,0,92,46,0,46,138
11/11/2000,MKG,MI,AGL,CE,Towers with Radar,0,21,32,0,53,0,5,99,0,104,0,26,131,0,157,66,0,66,223
11/12/2000,MKG,MI,AGL,CE,Towers with Radar,0,17,30,0,47,0,0,31,0,31,0,17,61,0,78,42,0,42,120
11/13/2000,MKG,MI,AGL,CE,Towers with Radar,0,23,39,0,62,0,0,7,0,7,0,23,46,0,69,12,0,12,81
11/14/2000,MKG,MI,AGL,CE,Towers with Radar,0,27,25,0,52,0,1,0,0,1,0,28,25,0,53,6,0,6,59
11/15/2000,MKG,MI,AGL,CE,Towers with Radar,0,27,46,0,73,1,0,92,0,93,1,27,138,0,166,50,0,50,216
11/16/2000,MKG,MI,AGL,CE,Towers with Radar,0,28,33,26,87,0,1,0,0,1,0,29,33,26,88,0,24,24,112
11/17/2000,MKG,MI,AGL,CE,Towers with Radar,0,21,33,0,54,0,0,0,0,0,0,21,33,0,54,4,0,4,58
11/18/2000,MKG,MI,AGL,CE,Towers with Radar,0,11,18,0,29,0,9,7,0,16,0,20,25,0,45,38,0,38,83
11/19/2000,MKG,MI,AGL,CE,Towers with Radar,0,10,10,0,20,0,8,0,0,8,0,18,10,0,28,0,0,0,28
11/20/2000,MKG,MI,AGL,CE,Towers with Radar,0,26,15,0,41,0,1,0,0,1,0,27,15,0,42,32,0,32,74
11/21/2000,MKG,MI,AGL,CE,Towers with Radar,0,28,15,0,43,0,1,3,0,4,0,29,18,0,47,0,0,0,47
11/22/2000,MKG,MI,AGL,CE,Towers with Radar,0,21,31,0,52,0,10,21,0,31,0,31,52,0,83,30,0,30,113
11/23/2000,MKG,MI,AGL,CE,Towers with Radar,3,11,14,0,28,0,1,6,0,7,3,12,20,0,35,4,0,4,39
11/24/2000,MKG,MI,AGL,CE,Towers with Radar,0,10,15,0,25,0,8,95,0,103,0,18,110,0,128,88,0,88,216
11/25/2000,MKG,MI,AGL,CE,Towers with Radar,0,10,17,0,27,0,4,73,0,77,0,14,90,0,104,92,0,92,196
11/26/2000,MKG,MI,AGL,CE,Towers with Radar,0,13,7,0,20,0,4,0,0,4,0,17,7,0,24,0,0,0,24
11/27/2000,MKG,MI,AGL,CE,Towers with Radar,0,31,48,4,83,1,0,24,31,56,1,31,72,35,139,46,56,102,241
11/28/2000,MKG,MI,AGL,CE,Towers with Radar,0,27,42,3,72,0,0,31,18,49,0,27,73,21,121,92,28,120,241
11/29/2000,MKG,MI,AGL,CE,Towers with Radar,0,22,33,0,55,0,5,1,0,6,0,27,34,0,61,2,0,2,63
11/30/2000,MKG,MI,AGL,CE,Towers with Radar,0,25,59,5,89,0,0,85,20,105,0,25,144,25,194,106,32,138,332
12/01/2000,MKG,MI,AGL,CE,Towers with Radar,0,14,19,0,33,0,0,75,0,75,0,14,94,0,108,58,0,58,166
12/02/2000,MKG,MI,AGL,CE,Towers with Radar,0,14,20,0,34,0,3,158,0,161,0,17,178,0,195,144,0,144,339
12/03/2000,MKG,MI,AGL,CE,Towers with Radar,0,18,23,1,42,0,0,142,3,145,0,18,165,4,187,32,0,32,219
12/04/2000,MKG,MI,AGL,CE,Towers with Radar,0,27,34,0,61,0,0,0,0,0,0,27,34,0,61,6,0,6,67
12/05/2000,MKG,MI,AGL,CE,Towers with Radar,0,20,39,0,59,0,0,1,0,1,0,20,40,0,60,6,0,6,66
12/06/2000,MKG,MI,AGL,CE,Towers with Radar,0,21,41,0,62,0,2,3,0,5,0,23,44,0,67,2,0,2,69
12/07/2000,MKG,MI,AGL,CE,Towers with Radar,2,21,15,3,41,0,0,0,0,0,2,21,15,3,41,0,6,6,47
12/08/2000,MKG,MI,AGL,CE,Towers with Radar,0,17,27,0,44,0,0,12,0,12,0,17,39,0,56,16,0,16,72
12/09/2000,MKG,MI,AGL,CE,Towers with Radar,0,17,22,0,39,2,3,32,0,37,2,20,54,0,76,48,0,48,124
12/10/2000,MKG,MI,AGL,CE,Towers with Radar,0,16,22,0,38,0,0,7,0,7,0,16,29,0,45,10,0,10,55
12/11/2000,MKG,MI,AGL,CE,Towers with Radar,0,6,18,0,24,0,0,0,0,0,0,6,18,0,24,0,0,0,24
12/12/2000,MKG,MI,AGL,CE,Towers with Radar,0,27,39,1,67,1,0,0,11,12,1,27,39,12,79,0,10,10,89
12/13/2000,MKG,MI,AGL,CE,Towers with Radar,0,18,66,1,85,0,0,14,0,14,0,18,80,1,99,26,0,26,125
12/14/2000,MKG,MI,AGL,CE,Towers with Radar,2,28,59,7,96,0,0,15,0,15,2,28,74,7,111,32,14,46,157
12/15/2000,MKG,MI,AGL,CE,Towers with Radar,0,21,57,2,80,3,0,1,1,5,3,21,58,3,85,0,0,0,85
12/16/2000,MKG,MI,AGL,CE,Towers with Radar,0,6,8,0,14,0,7,0,0,7,0,13,8,0,21,0,0,0,21
12/17/2000,MKG,MI,AGL,CE,Towers with Radar,0,15,7,0,22,0,0,0,0,0,0,15,7,0,22,0,0,0,22
12/18/2000,MKG,MI,AGL,CE,Towers with Radar,0,29,39,0,68,0,0,10,0,10,0,29,49,0,78,14,0,14,92
12/19/2000,MKG,MI,AGL,CE,Towers with Radar,0,28,37,1,66,0,5,58,10,73,0,33,95,11,139,44,16,60,199
12/20/2000,MKG,MI,AGL,CE,Towers with Radar,0,19,32,0,51,0,0,4,0,4,0,19,36,0,55,44,0,44,99
12/21/2000,MKG,MI,AGL,CE,Towers with Radar,0,19,22,0,41,0,0,0,0,0,0,19,22,0,41,2,0,2,43
12/22/2000,MKG,MI,AGL,CE,Towers with Radar,0,20,26,0,46,0,9,12,0,21,0,29,38,0,67,0,0,0,67
12/23/2000,MKG,MI,AGL,CE,Towers with Radar,0,18,22,0,40,0,0,0,0,0,0,18,22,0,40,4,8,12,52
12/24/2000,MKG,MI,AGL,CE,Towers with Radar,0,5,1,0,6,0,4,0,0,4,0,9,1,0,10,0,0,0,10
12/25/2000,MKG,MI,AGL,CE,Towers with Radar,0,21,8,0,29,0,0,1,0,1,0,21,9,0,30,2,0,2,32
12/26/2000,MKG,MI,AGL,CE,Towers with Radar,0,14,17,0,31,0,9,0,0,9,0,23,17,0,40,0,0,0,40
12/27/2000,MKG,MI,AGL,CE,Towers with Radar,0,17,13,0,30,0,9,0,0,9,0,26,13,0,39,6,0,6,45
12/28/2000,MKG,MI,AGL,CE,Towers with Radar,0,17,27,0,44,0,0,119,0,119,0,17,146,0,163,144,48,192,355
12/29/2000,MKG,MI,AGL,CE,Towers with Radar,0,31,2,0,33,0,0,3,0,3,0,31,5,0,36,0,0,0,36
12/30/2000,MKG,MI,AGL,CE,Towers with Radar,0,9,10,0,19,0,7,18,0,25,0,16,28,0,44,28,0,28,72
12/31/2000,MKG,MI,AGL,CE,Towers with Radar,0,7,8,0,15,0,2,2,0,4,0,9,10,0,19,20,0,20,39
01/01/2001,MKG,MI,AGL,CE,Towers with Radar,0,15,17,0,32,0,0,0,0,0,0,15,17,0,32,8,0,8,40
01/02/2001,MKG,MI,AGL,CE,Towers with Radar,0,25,44,0,69,0,0,1,0,1,0,25,45,0,70,86,0,86,156
01/03/2001,MKG,MI,AGL,CE,Towers with Radar,0,2,12,0,14,0,0,0,0,0,0,2,12,0,14,0,0,0,14
01/04/2001,MKG,MI,AGL,CE,Towers with Radar,0,27,35,0,62,0,4,23,0,27,0,31,58,0,89,26,0,26,115
01/05/2001,MKG,MI,AGL,CE,Towers with Radar,0,21,29,1,51,1,2,18,0,21,1,23,47,1,72,22,0,22,94
01/06/2001,MKG,MI,AGL,CE,Towers with Radar,0,13,18,0,31,0,10,55,0,65,0,23,73,0,96,8,0,8,104
01/07/2001,MKG,MI,AGL,CE,Towers with Radar,0,13,18,0,31,0,7,15,0,22,0,20,33,0,53,6,0,6,59
01/08/2001,MKG,MI,AGL,CE,Towers with Radar,0,29,38,2,69,0,3,85,3,91,0,32,123,5,160,60,2,62,222
01/09/2001,MKG,MI,AGL,CE,Towers with Radar,0,33,42,2,77,0,4,65,7,76,0,37,107,9,153,60,8,68,221
01/10/2001,MKG,MI,AGL,CE,Towers with Radar,0,36,49,3,88,0,0,103,3,106,0,36,152,6,194,22,0,22,216
01/11/2001,MKG,MI,AGL,CE,Towers with Radar,0,32,54,3,89,0,0,132,28,160,0,32,186,31,249,172,42,214,463
01/12/2001,MKG,MI,AGL,CE,Towers with Radar,0,22,14,2,38,0,6,0,0,6,0,28,14,2,44,6,0,6,50
01/13/2001,MKG,MI,AGL,CE,Towers with Radar,0,21,5,0,26,0,1,0,0,1,0,22,5,0,27,0,0,0,27
01/14/2001,MKG,MI,AGL,CE,Towers with Radar,0,19,6,0,25,0,1,0,0,1,0,20,6,0,26,0,0,0,26
01/15/2001,MKG,MI,AGL,CE,Towers with Radar,0,27,35,0,62,0,1,0,0,1,0,28,35,0,63,0,0,0,63
01/16/2001,MKG,MI,AGL,CE,Towers with Radar,0,35,47,0,82,0,2,37,0,39,0,37,84,0,121,48,0,48,169
01/17/2001,MKG,MI,AGL,CE,Towers with Radar,0,26,41,0,67,0,0,2,0,2,0,26,43,0,69,0,0,0,69
01/18/2001,MKG,MI,AGL,CE,Towers with Radar,0,36,46,2,84,0,1,19,0,20,0,37,65,2,104,40,2,42,146
01/19/2001,MKG,MI,AGL,CE,Towers with Radar,0,32,44,0,76,0,0,89,0,89,0,32,133,0,165,76,0,76,241
01/20/2001,MKG,MI,AGL,CE,Towers with Radar,0,22,34,0,56,0,0,98,0,98,0,22,132,0,154,64,0,64,218
01/21/2001,MKG,MI,AGL,CE,Towers with Radar,0,18,25,0,43,0,0,0,0,0,0,18,25,0,43,26,0,26,69
01/22/2001,MKG,MI,AGL,CE,Towers with Radar,0,24,36,0,60,0,0,57,0,57,0,24,93,0,117,80,4,84,201
01/23/2001,MKG,MI,AGL,CE,Towers with Radar,0,35,35,0,70,0,7,0,0,7,0,42,35,0,77,10,0,10,87
01/24/2001,MKG,MI,AGL,CE,Towers with Radar,0,27,35,0,62,0,2,27,0,29,0,29,62,0,91,48,0,48,139
01/25/2001,MKG,MI,AGL,CE,Towers with Radar,0,31,46,2,79,0,0,130,13,143,0,31,176,15,222,96,34,130,352
01/26/2001,MKG,MI,AGL,CE,Towers with Radar,0,23,30,0,53,0,6,15,0,21,0,29,45,0,74,24,0,24,98
01/27/2001,MKG,MI,AGL,CE,Towers with Radar,0,17,24,1,42,0,9,43,2,54,0,26,67,3,96,48,0,48,144
01/28/2001,MKG,MI,AGL,CE,Towers with Radar,0,17,21,0,38,0,3,15,0,18,0,20,36,0,56,48,0,48,104
01/29/2001,MKG,MI,AGL,CE,Towers with Radar,0,19,23,0,42,0,10,0,0,10,0,29,23,0,52,0,0,0,52
01/30/2001,MKG,MI,AGL,CE,Towers with Radar,0,29,37,0,66,2,0,33,0,35,2,29,70,0,101,40,0,40,141
01/31/2001,MKG,MI,AGL,CE,Towers with Radar,0,26,31,0,57,0,7,38,0,45,0,33,69,0,102,54,0,54,156
02/01/2001,MKG,MI,AGL,CE,Towers with Radar,0,27,52,5,84,0,0,100,10,110,0,27,152,15,194,86,32,118,312
02/02/2001,MKG,MI,AGL,CE,Towers with Radar,0,29,45,0,74,0,5,2,0,7,0,34,47,0,81,12,0,12,93
02/03/2001,MKG,MI,AGL,CE,Towers with Radar,0,9,18,0,27,0,15,19,0,34,0,24,37,0,61,0,0,0,61
02/04/2001,MKG,MI,AGL,CE,Towers with Radar,0,15,9,0,24,0,1,0,0,1,0,16,9,0,25,2,0,2,27
02/05/2001,MKG,MI,AGL,CE,Towers with Radar,0,29,19,0,48,0,1,4,0,5,0,30,23,0,53,38,0,38,91
02/06/2001,MKG,MI,AGL,CE,Towers with Radar,0,32,50,3,85,0,1,18,8,27,0,33,68,11,112,80,6,86,198
02/07/2001,MKG,MI,AGL,CE,Towers with Radar,0,2,42,1,45,0,0,53,0,53,0,2,95,1,98,23,16,39,137
02/08/2001,MKG,MI,AGL,CE,Towers with Radar,0,16,7,0,23,0,2,0,0,2,0,18,7,0,25,0,0,0,25
02/09/2001,MKG,MI,AGL,CE,Towers with Radar,0,19,23,0,42,0,9,0,0,9,0,28,23,0,51,0,0,0,51
02/10/2001,MKG,MI,AGL,CE,Towers with Radar,0,19,31,0,50,0,2,14,0,16,0,21,45,0,66,28,0,28,94
02/11/2001,MKG,MI,AGL,CE,Towers with Radar,0,21,35,0,56,0,3,160,0,163,0,24,195,0,219,11,68,79,298
02/12/2001,MKG,MI,AGL,CE,Towers with Radar,0,38,58,5,101,0,2,147,5,154,0,40,205,10,255,62,4,66,321
02/13/2001,MKG,MI,AGL,CE,Towers with Radar,0,12,20,0,32,0,0,9,0,9,0,12,29,0,41,0,0,0,41
02/14/2001,MKG,MI,AGL,CE,Towers with Radar,0,21,36,0,57,0,0,0,0,0,0,21,36,0,57,0,0,0,57
02/15/2001,MKG,MI,AGL,CE,Towers with Radar,0,23,42,4,69,0,0,13,2,15,0,23,55,6,84,144,28,172,256
02/16/2001,MKG,MI,AGL,CE,Towers with Radar,0,21,34,3,58,0,0,19,1,20,0,21,53,4,78,20,4,24,102
02/17/2001,MKG,MI,AGL,CE,Towers with Radar,0,9,7,0,16,0,11,0,0,11,0,20,7,0,27,0,0,0,27
02/18/2001,MKG,MI,AGL,CE,Towers with Radar,0,17,31,0,48,0,0,60,0,60,0,17,91,0,108,44,0,44,152
02/19/2001,MKG,MI,AGL,CE,Towers with Radar,0,28,40,0,68,0,3,0,0,3,0,31,40,0,71,2,0,2,73
02/20/2001,MKG,MI,AGL,CE,Towers with Radar,0,24,36,3,63,0,4,66,0,70,0,28,102,3,133,48,2,50,183
02/21/2001,MKG,MI,AGL,CE,Towers with Radar,0,31,48,4,83,0,3,55,9,67,0,34,103,13,150,80,20,100,250
02/22/2001,MKG,MI,AGL,CE,Towers with Radar,0,34,35,5,74,0,8,0,3,11,0,42,35,8,85,0,4,4,89
02/23/2001,MKG,MI,AGL,CE,Towers with Radar,0,28,62,0,90,0,0,206,0,206,0,28,268,0,296,114,0,114,410
02/24/2001,MKG,MI,AGL,CE,Towers with Radar,0,6,1,0,7,0,0,0,0,0,0,6,1,0,7,0,0,0,7
02/25/2001,MKG,MI,AGL,CE,Towers with Radar,0,13,22,0,35,0,0,2,0,2,0,13,24,0,37,0,0,0,37
02/26/2001,MKG,MI,AGL,CE,Towers with Radar,0,14,28,0,42,0,0,32,0,32,0,14,60,0,74,14,0,14,88
02/27/2001,MKG,MI,AGL,CE,Towers with Radar,0,34,53,5,92,0,1,97,13,111,0,35,150,18,203,82,14,96,299
02/28/2001,MKG,MI,AGL,CE,Towers with Radar,0,34,57,5,96,0,0,142,15,157,0,34,199,20,253,104,56,160,413
03/01/2001,MKG,MI,AGL,CE,Towers with Radar,0,31,86,0,117,0,0,140,0,140,0,31,226,0,257,96,6,102,359
03/02/2001,MKG,MI,AGL,CE,Towers with Radar,0,29,52,0,81,0,2,31,0,33,0,31,83,0,114,70,0,70,184
03/03/2001,MKG,MI,AGL,CE,Towers with Radar,2,24,45,0,71,0,8,184,0,192,2,32,229,0,263,52,0,52,315
03/04/2001,MKG,MI,AGL,CE,Towers with Radar,2,18,35,0,55,0,9,102,0,111,2,27,137,0,166,52,0,52,218
03/05/2001,MKG,MI,AGL,CE,Towers with Radar,0,28,19,0,47,0,1,0,0,1,0,29,19,0,48,0,0,0,48
03/06/2001,MKG,MI,AGL,CE,Towers with Radar,0,24,44,0,68,0,6,6,0,12,0,30,50,0,80,4,0,4,84
03/07/2001,MKG,MI,AGL,CE,Towers with Radar,0,35,82,8,125,0,0,137,9,146,0,35,219,17,271,108,0,108,379
03/08/2001,MKG,MI,AGL,CE,Towers with Radar,0,29,67,29,125,0,1,35,0,36,0,30,102,29,161,0,0,0,161
03/09/2001,MKG,MI,AGL,CE,Towers with Radar,0,36,76,0,112,0,0,76,0,76,0,36,152,0,188,90,0,90,278
03/10/2001,MKG,MI,AGL,CE,Towers with Radar,0,23,55,0,78,0,0,172,0,172,0,23,227,0,250,94,0,94,344
03/11/2001,MKG,MI,AGL,CE,Towers with Radar,0,19,38,0,57,0,0,142,0,142,0,19,180,0,199,108,2,110,309
03/12/2001,MKG,MI,AGL,CE,Towers with Radar,0,15,27,0,42,0,8,4,0,12,0,23,31,0,54,2,2,4,58
03/13/2001,MKG,MI,AGL,CE,Towers with Radar,0,26,41,4,71,0,11,0,28,39,0,37,41,32,110,14,22,36,146
03/14/2001,MKG,MI,AGL,CE,Towers with Radar,0,33,77,0,110,0,0,141,0,141,0,33,218,0,251,102,0,102,353
03/15/2001,MKG,MI,AGL,CE,Towers with Radar,0,27,48,0,75,0,1,30,0,31,0,28,78,0,106,130,0,130,236
03/16/2001,MKG,MI,AGL,CE,Towers with Radar,0,15,30,0,45,0,0,50,0,50,0,15,80,0,95,102,0,102,197
03/17/2001,MKG,MI,AGL,CE,Towers with Radar,0,21,52,0,73,0,0,204,0,204,0,21,256,0,277,104,0,104,381
03/18/2001,MKG,MI,AGL,CE,Towers with Radar,0,19,35,3,57,0,0,208,0,208,0,19,243,3,265,276,0,276,541
03/19/2001,MKG,MI,AGL,CE,Towers with Radar,0,21,36,3,60,0,12,28,9,49,0,33,64,12,109,138,26,164,273
03/20/2001,MKG,MI,AGL,CE,Towers with Radar,0,26,47,4,77,0,0,143,11,154,0,26,190,15,231,0,0,0,231
03/21/2001,MKG,MI,AGL,CE,Towers with Radar,2,33,58,0,93,28,22,90,0,140,30,55,148,0,233,232,4,236,469
03/22/2001,MKG,MI,AGL,CE,Towers with Radar,0,32,59,6,97,0,0,139,29,168,0,32,198,35,265,234,90,324,589
03/23/2001,MKG,MI,AGL,CE,Towers with Radar,0,28,76,7,111,0,0,125,11,136,0,28,201,18,247,176,4,180,427
03/24/2001,MKG,MI,AGL,CE,Towers with Radar,0,13,23,0,36,0,8,3,0,11,0,21,26,0,47,70,2,72,119
03/25/2001,MKG,MI,AGL,CE,Towers with Radar,0,16,8,0,24,0,0,0,0,0,0,16,8,0,24,0,0,0,24
03/26/2001,MKG,MI,AGL,CE,Towers with Radar,0,19,22,0,41,0,5,0,0,5,0,24,22,0,46,0,0,0,46
03/27/2001,MKG,MI,AGL,CE,Towers with Radar,2,34,62,4,102,31,32,19,0,82,33,66,81,4,184,112,20,132,316
03/28/2001,MKG,MI,AGL,CE,Towers with Radar,0,35,63,6,104,0,2,135,15,152,0,37,198,21,256,220,10,230,486
03/29/2001,MKG,MI,AGL,CE,Towers with Radar,0,31,79,8,118,0,0,46,35,81,0,31,125,43,199,78,26,104,303
03/30/2001,MKG,MI,AGL,CE,Towers with Radar,0,35,65,0,100,0,0,86,0,86,0,35,151,0,186,136,0,136,322
03/31/2001,MKG,MI,AGL,CE,Towers with Radar,0,9,33,0,42,0,0,32,0,32,0,9,65,0,74,110,0,110,184
04/01/2001,MKG,MI,AGL,CE,Towers with Radar,0,14,27,0,41,0,4,5,0,9,0,18,32,0,50,0,0,0,50
04/02/2001,MKG,MI,AGL,CE,Towers with Radar,0,25,50,3,78,0,2,125,8,135,0,27,175,11,213,100,24,124,337
04/03/2001,MKG,MI,AGL,CE,Towers with Radar,0,21,42,2,65,0,8,101,0,109,0,29,143,2,174,100,4,104,278
04/04/2001,MKG,MI,AGL,CE,Towers with Radar,0,32,62,4,98,0,0,141,8,149,0,32,203,12,247,120,16,136,383
04/05/2001,MKG,MI,AGL,CE,Towers with Radar,1,30,69,0,100,1,0,131,0,132,2,30,200,0,232,56,0,56,288
04/06/2001,MKG,MI,AGL,CE,Towers with Radar,0,20,53,3,76,0,0,41,7,48,0,20,94,10,124,14,0,14,138
04/07/2001,MKG,MI,AGL,CE,Towers with Radar,0,15,25,0,40,0,18,0,0,18,0,33,25,0,58,26,0,26,84
04/08/2001,MKG,MI,AGL,CE,Towers with Radar,0,15,32,0,47,0,5,75,0,80,0,20,107,0,127,62,0,62,189
04/09/2001,MKG,MI,AGL,CE,Towers with Radar,0,24,46,4,74,0,7,43,13,63,0,31,89,17,137,30,42,72,209
04/10/2001,MKG,MI,AGL,CE,Towers with Radar,0,28,66,5,99,0,0,105,12,117,0,28,171,17,216,144,16,160,376
04/11/2001,MKG,MI,AGL,CE,Towers with Radar,0,42,45,0,87,0,1,0,0,1,0,43,45,0,88,20,0,20,108
04/12/2001,MKG,MI,AGL,CE,Towers with Radar,0,30,55,0,85,0,4,0,0,4,0,34,55,0,89,8,0,8,97
04/13/2001,MKG,MI,AGL,CE,Towers with Radar,0,27,55,4,86,0,0,197,0,197,0,27,252,4,283,226,4,230,513
04/14/2001,MKG,MI,AGL,CE,Towers with Radar,0,25,73,0,98,0,0,202,0,202,0,25,275,0,300,92,0,92,392
04/15/2001,MKG,MI,AGL,CE,Towers with Radar,0,10,22,2,34,0,10,23,4,37,0,20,45,6,71,44,12,56,127
04/16/2001,MKG,MI,AGL,CE,Towers with Radar,0,19,37,0,56,0,3,16,0,19,0,22,53,0,75,34,0,34,109
04/17/2001,MKG,MI,AGL,CE,Towers with Radar,0,21,39,2,62,0,5,34,9,48,0,26,73,11,110,46,12,58,168
04/18/2001,MKG,MI,AGL,CE,Towers with Radar,0,39,94,0,133,0,0,186,0,186,0,39,280,0,319,232,18,250,569
04/19/2001,MKG,MI,AGL,CE,Towers with Radar,0,28,84,5,117,0,0,173,3,176,0,28,257,8,293,0,0,0,293
04/20/2001,MKG,MI,AGL,CE,Towers with Radar,0,32,60,0,92,0,0,21,0,21,0,32,81,0,113,68,2,70,183
04/21/2001,MKG,MI,AGL,CE,Towers with Radar,0,21,21,11,53,0,0,7,0,7,0,21,28,11,60,0,6,6,66
04/22/2001,MKG,MI,AGL,CE,Towers with Radar,0,17,31,2,50,0,7,39,2,48,0,24,70,4,98,38,0,38,136
04/23/2001,MKG,MI,AGL,CE,Towers with Radar,0,13,19,0,32,0,0,0,0,0,0,13,19,0,32,0,24,24,56
04/24/2001,MKG,MI,AGL,CE,Towers with Radar,0,24,43,2,69,25,20,70,11,126,25,44,113,13,195,84,12,96,291
04/25/2001,MKG,MI,AGL,CE,Towers with Radar,0,26,60,4,90,0,0,166,30,196,0,26,226,34,286,100,12,112,398
04/26/2001,MKG,MI,AGL,CE,Towers with Radar,0,33,61,0,94,0,0,68,0,68,0,33,129,0,162,40,0,40,202
04/27/2001,MKG,MI,AGL,CE,Towers with Radar,0,32,88,0,120,0,0,81,0,81,0,32,169,0,201,52,0,52,253
04/28/2001,MKG,MI,AGL,CE,Towers with Radar,0,20,37,0,57,0,5,189,0,194,0,25,226,0,251,210,0,210,461
04/29/2001,MKG,MI,AGL,CE,Towers with Radar,0,23,43,2,68,0,2,86,3,91,0,25,129,5,159,84,0,84,243
04/30/2001,MKG,MI,AGL,CE,Towers with Radar,0,26,58,4,88,0,0,135,7,142,0,26,193,11,230,120,16,136,366
05/01/2001,MKG,MI,AGL,CE,Towers with Radar,0,17,33,2,52,0,6,36,0,42,0,23,69,2,94,40,20,60,154
05/02/2001,MKG,MI,AGL,CE,Towers with Radar,0,30,58,3,91,0,4,43,9,56,0,34,101,12,147,10,14,24,171
05/03/2001,MKG,MI,AGL,CE,Towers with Radar,0,38,89,1,128,0,0,133,0,133,0,38,222,1,261,340,22,362,623
05/04/2001,MKG,MI,AGL,CE,Towers with Radar,0,43,107,4,154,0,0,111,0,111,0,43,218,4,265,32,8,40,305
05/05/2001,MKG,MI,AGL,CE,Towers with Radar,0,19,37,2,58,0,10,139,5,154,0,29,176,7,212,130,6,136,348
05/06/2001,MKG,MI,AGL,CE,Towers with Radar,0,15,33,2,50,0,0,22,1,23,0,15,55,3,73,4,4,8,81
05/07/2001,MKG,MI,AGL,CE,Towers with Radar,0,22,44,2,68,0,1,18,10,29,0,23,62,12,97,32,10,42,139
05/08/2001,MKG,MI,AGL,CE,Towers with Radar,0,28,52,3,83,0,4,101,10,115,0,32,153,13,198,50,34,84,282
05/09/2001,MKG,MI,AGL,CE,Towers with Radar,0,29,58,3,90,0,0,174,2,176,0,29,232,5,266,238,0,238,504
05/10/2001,MKG,MI,AGL,CE,Towers with Radar,0,29,53,3,85,0,2,46,9,57,0,31,99,12,142,62,6,68,210
05/11/2001,MKG,MI,AGL,CE,Towers with Radar,0,36,66,3,105,0,25,82,4,111,0,61,148,7,216,88,20,108,324
05/12/2001,MKG,MI,AGL,CE,Towers with Radar,0,21,37,2,60,0,6,123,0,129,0,27,160,2,189,40,0,40,229
05/13/2001,MKG,MI,AGL,CE,Towers with Radar,0,14,26,2,42,0,11,129,0,140,0,25,155,2,182,62,0,62,244
05/14/2001,MKG,MI,AGL,CE,Towers with Radar,0,27,53,0,80,0,0,77,0,77,0,27,130,0,157,56,0,56,213
05/15/2001,MKG,MI,AGL,CE,Towers with Radar,0,17,31,0,48,0,5,32,0,37,0,22,63,0,85,50,4,54,139
05/16/2001,MKG,MI,AGL,CE,Towers with Radar,0,28,75,2,105,0,0,60,0,60,0,28,135,2,165,100,0,100,265
05/17/2001,MKG,MI,AGL,CE,Towers with Radar,0,34,92,3,129,0,0,64,0,64,0,34,156,3,193,172,42,214,407
05/18/2001,MKG,MI,AGL,CE,Towers with Radar,0,35,64,1,100,0,16,150,0,166,0,51,214,1,266,188,0,188,454
05/19/2001,MKG,MI,AGL,CE,Towers with Radar,0,34,66,2,102,0,0,281,1,282,0,34,347,3,384,200,0,200,584
05/20/2001,MKG,MI,AGL,CE,Towers with Radar,0,26,47,2,75,0,2,107,2,111,0,28,154,4,186,54,0,54,240
05/21/2001,MKG,MI,AGL,CE,Towers with Radar,0,23,38,1,62,0,6,0,3,9,0,29,38,4,71,48,0,48,119
05/22/2001,MKG,MI,AGL,CE,Towers with Radar,0,33,66,0,99,0,0,63,0,63,0,33,129,0,162,70,0,70,232
05/23/2001,MKG,MI,AGL,CE,Towers with Radar,0,37,73,3,113,0,0,84,10,94,0,37,157,13,207,140,50,190,397
05/24/2001,MKG,MI,AGL,CE,Towers with Radar,0,45,80,3,128,0,2,0,18,20,0,47,80,21,148,68,26,94,242
05/25/2001,MKG,MI,AGL,CE,Towers with Radar,0,37,68,2,107,0,1,40,0,41,0,38,108,2,148,80,0,80,228
05/26/2001,MKG,MI,AGL,CE,Towers with Radar,0,17,32,1,50,0,11,7,0,18,0,28,39,1,68,22,2,24,92
05/27/2001,MKG,MI,AGL,CE,Towers with Radar,0,17,20,1,38,0,3,0,1,4,0,20,20,2,42,6,2,8,50
05/28/2001,MKG,MI,AGL,CE,Towers with Radar,0,16,31,1,48,0,2,59,3,64,0,18,90,4,112,92,0,92,204
05/29/2001,MKG,MI,AGL,CE,Towers with Radar,0,36,67,0,103,0,8,121,0,129,0,44,188,0,232,130,0,130,362
05/30/2001,MKG,MI,AGL,CE,Towers with Radar,0,37,96,4,137,0,0,206,6,212,0,37,302,10,349,220,2,222,571
05/31/2001,MKG,MI,AGL,CE,Towers with Radar,0,30,67,2,99,0,0,121,3,124,0,30,188,5,223,140,0,140,363
06/01/2001,MKG,MI,AGL,CE,Towers with Radar,0,25,48,3,76,0,5,11,0,16,0,30,59,3,92,40,0,40,132
06/02/2001,MKG,MI,AGL,CE,Towers with Radar,0,16,43,0,59,0,0,131,0,131,0,16,174,0,190,88,4,92,282
06/03/2001,MKG,MI,AGL,CE,Towers with Radar,0,19,37,3,59,0,5,57,3,65,0,24,94,6,124,40,2,42,166
06/04/2001,MKG,MI,AGL,CE,Towers with Radar,0,29,86,5,120,0,0,35,5,40,0,29,121,10,160,116,20,136,296
06/05/2001,MKG,MI,AGL,CE,Towers with Radar,0,26,50,3,79,0,6,3,16,25,0,32,53,19,104,64,16,80,184
06/06/2001,MKG,MI,AGL,CE,Towers with Radar,0,31,60,4,95,0,1,32,2,35,0,32,92,6,130,96,8,104,234
06/07/2001,MKG,MI,AGL,CE,Towers with Radar,0,33,102,1,136,0,0,197,0,197,0,33,299,1,333,262,12,274,607
06/08/2001,MKG,MI,AGL,CE,Towers with Radar,0,30,59,4,93,0,1,197,3,201,0,31,256,7,294,124,0,124,418
06/09/2001,MKG,MI,AGL,CE,Towers with Radar,0,16,31,2,49,0,7,194,2,203,0,23,225,4,252,104,0,104,356
06/10/2001,MKG,MI,AGL,CE,Towers with Radar,0,14,46,1,61,0,0,33,0,33,0,14,79,1,94,54,0,54,148
06/11/2001,MKG,MI,AGL,CE,Towers with Radar,0,27,52,3,82,0,3,112,19,134,0,30,164,22,216,132,34,166,382
06/12/2001,MKG,MI,AGL,CE,Towers with Radar,0,26,48,3,77,0,1,72,3,76,0,27,120,6,153,64,20,84,237
06/13/2001,MKG,MI,AGL,CE,Towers with Radar,0,31,75,5,111,0,0,170,15,185,0,31,245,20,296,254,20,274,570
06/14/2001,MKG,MI,AGL,CE,Towers with Radar,0,35,78,5,118,0,0,120,13,133,0,35,198,18,251,74,14,88,339
06/15/2001,MKG,MI,AGL,CE,Towers with Radar,0,30,60,0,90,0,0,24,0,24,0,30,84,0,114,50,2,52,166
06/16/2001,MKG,MI,AGL,CE,Towers with Radar,0,21,38,0,59,0,4,224,0,228,0,25,262,0,287,126,0,126,413
06/17/2001,MKG,MI,AGL,CE,Towers with Radar,0,23,42,1,66,0,1,136,0,137,0,24,178,1,203,72,0,72,275
06/18/2001,MKG,MI,AGL,CE,Towers with Radar,0,24,43,1,68,0,7,26,0,33,0,31,69,1,101,16,0,16,117
06/19/2001,MKG,MI,AGL,CE,Towers with Radar,0,29,53,2,84,0,15,66,10,91,0,44,119,12,175,80,46,126,301
06/20/2001,MKG,MI,AGL,CE,Towers with Radar,0,50,92,5,147,0,1,168,6,175,0,51,260,11,322,212,6,218,540
06/21/2001,MKG,MI,AGL,CE,Towers with Radar,0,34,74,4,112,0,0,50,6,56,0,34,124,10,168,52,16,68,236
06/22/2001,MKG,MI,AGL,CE,Towers with Radar,0,38,77,4,119,0,0,94,1,95,0,38,171,5,214,114,2,116,330
06/23/2001,MKG,MI,AGL,CE,Towers with Radar,0,19,33,1,53,0,15,150,3,168,0,34,183,4,221,82,0,82,303
06/24/2001,MKG,MI,AGL,CE,Towers with Radar,0,25,53,2,80,0,0,187,1,188,0,25,240,3,268,40,0,40,308
06/25/2001,MKG,MI,AGL,CE,Towers with Radar,0,26,47,2,75,0,7,135,13,155,0,33,182,15,230,78,14,92,322
06/26/2001,MKG,MI,AGL,CE,Towers with Radar,0,39,72,3,114,0,5,173,6,184,0,44,245,9,298,224,0,224,522
06/27/2001,MKG,MI,AGL,CE,Towers with Radar,0,41,87,4,132,0,0,132,12,144,0,41,219,16,276,108,60,168,444
06/28/2001,MKG,MI,AGL,CE,Towers with Radar,0,28,53,2,83,0,0,99,1,100,0,28,152,3,183,178,2,180,363
06/29/2001,MKG,MI,AGL,CE,Towers with Radar,0,35,66,1,102,0,10,79,0,89,0,45,145,1,191,100,0,100,291
06/30/2001,MKG,MI,AGL,CE,Towers with Radar,0,22,41,0,63,0,10,109,0,119,0,32,150,0,182,128,0,128,310
07/01/2001,MKG,MI,AGL,CE,Towers with Radar,0,12,23,2,37,0,0,50,0,50,0,12,73,2,87,12,4,16,103
07/02/2001,MKG,MI,AGL,CE,Towers with Radar,0,26,41,5,72,0,18,131,15,164,0,44,172,20,236,182,0,182,418
07/03/2001,MKG,MI,AGL,CE,Towers with Radar,1,29,45,1,76,30,39,70,0,139,31,68,115,1,215,154,0,154,369
07/04/2001,MKG,MI,AGL,CE,Towers with Radar,0,16,27,3,46,0,1,138,11,150,0,17,165,14,196,28,0,28,224
07/05/2001,MKG,MI,AGL,CE,Towers with Radar,0,24,39,5,68,0,7,81,7,95,0,31,120,12,163,60,40,100,263
07/06/2001,MKG,MI,AGL,CE,Towers with Radar,0,28,9,4,41,0,13,0,47,60,0,41,9,51,101,110,70,180,281
07/07/2001,MKG,MI,AGL,CE,Towers with Radar,0,19,32,3,54,0,10,49,5,64,0,29,81,8,118,4,14,18,136
07/08/2001,MKG,MI,AGL,CE,Towers with Radar,0,23,37,3,63,0,4,118,10,132,0,27,155,13,195,38,4,42,237
07/09/2001,MKG,MI,AGL,CE,Towers with Radar,2,35,57,5,99,9,8,160,31,208,11,43,217,36,307,144,8,152,459
07/10/2001,MKG,MI,AGL,CE,Towers with Radar,1,26,43,1,71,0,10,143,0,153,1,36,186,1,224,126,0,126,350
07/11/2001,MKG,MI,AGL,CE,Towers with Radar,0,27,44,3,74,0,12,90,0,102,0,39,134,3,176,60,4,64,240
07/12/2001,MKG,MI,AGL,CE,Towers with Radar,0,28,46,4,78,0,24,139,2,165,0,52,185,6,243,72,4,76,319
07/13/2001,MKG,MI,AGL,CE,Towers with Radar,0,29,48,4,81,0,6,193,1,200,0,35,241,5,281,120,2,122,403
07/14/2001,MKG,MI,AGL,CE,Towers with Radar,0,19,32,3,54,0,20,143,1,164,0,39,175,4,218,176,0,176,394
07/15/2001,MKG,MI,AGL,CE,Towers with Radar,0,21,35,3,59,0,5,128,7,140,0,26,163,10,199,64,34,98,297
07/16/2001,MKG,MI,AGL,CE,Towers with Radar,0,28,48,4,80,0,0,120,5,125,0,28,168,9,205,140,16,156,361
07/17/2001,MKG,MI,AGL,CE,Towers with Radar,0,40,63,0,103,0,1,45,0,46,0,41,108,0,149,38,0,38,187
07/18/2001,MKG,MI,AGL,CE,Towers with Radar,0,35,62,6,103,0,0,58,4,62,0,35,120,10,165,122,26,148,313
07/19/2001,MKG,MI,AGL,CE,Towers with Radar,0,35,84,8,127,0,0,234,3,237,0,35,318,11,364,132,36,168,532
07/20/2001,MKG,MI,AGL,CE,Towers with Radar,0,33,61,0,94,0,0,54,0,54,0,33,115,0,148,178,16,194,342
07/21/2001,MKG,MI,AGL,CE,Towers with Radar,0,25,38,5,68,0,5,95,0,100,0,30,133,5,168,80,0,80,248
07/22/2001,MKG,MI,AGL,CE,Towers with Radar,0,19,55,4,78,0,0,85,0,85,0,19,140,4,163,60,24,84,247
07/23/2001,MKG,MI,AGL,CE,Towers with Radar,0,23,54,3,80,0,0,47,0,47,0,23,101,3,127,0,0,0,127
07/24/2001,MKG,MI,AGL,CE,Towers with Radar,0,36,73,8,117,0,0,215,7,222,0,36,288,15,339,154,6,160,499
07/25/2001,MKG,MI,AGL,CE,Towers with Radar,0,41,82,0,123,0,0,113,0,113,0,41,195,0,236,140,0,140,376
07/26/2001,MKG,MI,AGL,CE,Towers with Radar,0,41,89,10,140,0,0,142,5,147,0,41,231,15,287,136,22,158,445
07/27/2001,MKG,MI,AGL,CE,Towers with Radar,0,37,80,3,120,0,0,164,0,164,0,37,244,3,284,38,0,38,322
07/28/2001,MKG,MI,AGL,CE,Towers with Radar,0,32,65,7,104,0,0,171,0,171,0,32,236,7,275,156,18,174,449
07/29/2001,MKG,MI,AGL,CE,Towers with Radar,1,29,77,8,115,0,0,25,10,35,1,29,102,18,150,58,32,90,240
07/30/2001,MKG,MI,AGL,CE,Towers with Radar,0,41,64,5,110,0,8,86,0,94,0,49,150,5,204,98,0,98,302
07/31/2001,MKG,MI,AGL,CE,Towers with Radar,0,31,48,2,81,0,15,143,0,158,0,46,191,2,239,106,0,106,345
08/01/2001,MKG,MI,AGL,CE,Towers with Radar,0,56,86,4,146,0,13,157,0,170,0,69,243,4,316,0,0,0,316
08/02/2001,MKG,MI,AGL,CE,Towers with Radar,0,47,71,5,123,0,0,13,2,15,0,47,84,7,138,68,28,96,234
08/03/2001,MKG,MI,AGL,CE,Towers with Radar,0,29,44,2,75,0,15,76,0,91,0,44,120,2,166,102,20,122,288
08/04/2001,MKG,MI,AGL,CE,Towers with Radar,0,29,44,3,76,0,20,133,6,159,0,49,177,9,235,50,0,50,285
08/05/2001,MKG,MI,AGL,CE,Towers with Radar,0,30,47,3,80,0,15,118,1,134,0,45,165,4,214,128,0,128,342
08/06/2001,MKG,MI,AGL,CE,Towers with Radar,0,37,56,1,94,0,18,127,0,145,0,55,183,1,239,158,0,158,397
08/07/2001,MKG,MI,AGL,CE,Towers with Radar,0,47,72,5,124,0,5,94,17,116,0,52,166,22,240,90,44,134,374
08/08/2001,MKG,MI,AGL,CE,Towers with Radar,0,48,73,5,126,0,5,71,2,78,0,53,144,7,204,152,2,154,358
08/09/2001,MKG,MI,AGL,CE,Towers with Radar,0,52,81,5,138,0,0,48,0,48,0,52,129,5,186,50,2,52,238
08/10/2001,MKG,MI,AGL,CE,Towers with Radar,0,44,67,1,112,0,7,200,0,207,0,51,267,1,319,76,0,76,395
08/11/2001,MKG,MI,AGL,CE,Towers with Radar,0,31,45,3,79,0,31,179,0,210,0,62,224,3,289,96,0,96,385
08/12/2001,MKG,MI,AGL,CE,Towers with Radar,0,33,49,2,84,0,22,136,0,158,0,55,185,2,242,124,0,124,366
08/13/2001,MKG,MI,AGL,CE,Towers with Radar,0,33,48,4,85,0,9,174,11,194,0,42,222,15,279,158,12,170,449
08/14/2001,MKG,MI,AGL,CE,Towers with Radar,0,42,65,5,112,0,0,143,11,154,0,42,208,16,266,134,20,154,420
08/15/2001,MKG,MI,AGL,CE,Towers with Radar,0,39,68,5,112,0,0,171,20,191,0,39,239,25,303,130,106,236,539
08/16/2001,MKG,MI,AGL,CE,Towers with Radar,0,42,71,0,113,0,0,5,0,5,0,42,76,0,118,8,0,8,126
08/17/2001,MKG,MI,AGL,CE,Towers with Radar,0,35,72,4,111,0,0,112,1,113,0,35,184,5,224,100,0,100,324
08/18/2001,MKG,MI,AGL,CE,Towers with Radar,0,23,33,2,58,0,9,86,1,96,0,32,119,3,154,126,0,126,280
08/19/2001,MKG,MI,AGL,CE,Towers with Radar,0,28,33,2,63,0,10,0,2,12,0,38,33,4,75,22,0,22,97
08/20/2001,MKG,MI,AGL,CE,Towers with Radar,0,31,64,4,99,0,0,81,11,92,0,31,145,15,191,132,54,186,377
08/21/2001,MKG,MI,AGL,CE,Towers with Radar,0,19,32,1,52,0,0,67,0,67,0,19,99,1,119,120,8,128,247
08/22/2001,MKG,MI,AGL,CE,Towers with Radar,0,31,40,0,71,0,2,0,0,2,0,33,40,0,73,0,0,0,73
08/23/2001,MKG,MI,AGL,CE,Towers with Radar,0,44,71,1,116,0,0,110,0,110,0,44,181,1,226,136,0,136,362
08/24/2001,MKG,MI,AGL,CE,Towers with Radar,0,38,84,5,127,0,0,66,10,76,0,38,150,15,203,138,16,154,357
08/25/2001,MKG,MI,AGL,CE,Towers with Radar,0,19,28,0,47,0,4,4,0,8,0,23,32,0,55,16,0,16,71
08/26/2001,MKG,MI,AGL,CE,Towers with Radar,0,25,37,2,64,0,0,126,0,126,0,25,163,2,190,146,0,146,336
08/27/2001,MKG,MI,AGL,CE,Towers with Radar,0,25,43,1,69,0,0,59,0,59,0,25,102,1,128,46,0,46,174
08/28/2001,MKG,MI,AGL,CE,Towers with Radar,0,32,51,3,86,0,0,137,17,154,0,32,188,20,240,124,24,148,388
08/29/2001,MKG,MI,AGL,CE,Towers with Radar,0,28,41,1,70,0,1,132,0,133,0,29,173,1,203,122,0,122,325
08/30/2001,MKG,MI,AGL,CE,Towers with Radar,0,30,50,3,83,0,0,37,11,48,0,30,87,14,131,74,56,130,261
08/31/2001,MKG,MI,AGL,CE,Towers with Radar,0,33,58,3,94,0,0,71,2,73,0,33,129,5,167,34,2,36,203
09/01/2001,MKG,MI,AGL,CE,Towers with Radar,0,22,40,0,62,0,12,159,0,171,0,34,199,0,233,30,0,30,263
09/02/2001,MKG,MI,AGL,CE,Towers with Radar,0,8,14,0,22,0,32,0,0,32,0,40,14,0,54,30,2,32,86
09/03/2001,MKG,MI,AGL,CE,Towers with Radar,0,20,35,4,59,0,0,51,1,52,0,20,86,5,111,64,0,64,175
09/04/2001,MKG,MI,AGL,CE,Towers with Radar,0,20,47,6,73,0,0,103,1,104,0,20,150,7,177,144,6,150,327
09/05/2001,MKG,MI,AGL,CE,Towers with Radar,0,38,75,9,122,1,0,244,16,261,1,38,319,25,383,244,20,264,647
09/06/2001,MKG,MI,AGL,CE,Towers with Radar,0,28,57,2,87,0,0,153,0,153,0,28,210,2,240,188,160,348,588
09/07/2001,MKG,MI,AGL,CE,Towers with Radar,0,20,17,0,37,0,8,0,0,8,0,28,17,0,45,27,8,35,80
09/08/2001,MKG,MI,AGL,CE,Towers with Radar,0,16,29,4,49,0,4,8,19,31,0,20,37,23,80,12,2,14,94
09/09/2001,MKG,MI,AGL,CE,Towers with Radar,0,13,24,3,40,0,8,0,18,26,0,21,24,21,66,20,64,84,150
09/10/2001,MKG,MI,AGL,CE,Towers with Radar,0,20,35,4,59,0,0,67,11,78,0,20,102,15,137,64,12,76,213
09/11/2001,MKG,MI,AGL,CE,Towers with Radar,0,8,15,2,25,0,0,29,1,30,0,8,44,3,55,18,0,18,73
09/12/2001,MKG,MI,AGL,CE,Towers with Radar,0,0,0,0,0,0,0,0,0,0,0,0,0,0,0,0,0,0,0
09/13/2001,MKG,MI,AGL,CE,Towers with Radar,0,4,1,0,5,0,6,0,0,6,0,10,1,0,11,0,30,30,41
09/14/2001,MKG,MI,AGL,CE,Towers with Radar,0,12,8,0,20,0,7,0,0,7,0,19,8,0,27,0,52,52,79
09/15/2001,MKG,MI,AGL,CE,Towers with Radar,0,15,29,2,46,0,0,14,0,14,0,15,43,2,60,0,0,0,60
09/16/2001,MKG,MI,AGL,CE,Towers with Radar,0,21,28,0,49,0,0,0,0,0,0,21,28,0,49,0,0,0,49
09/17/2001,MKG,MI,AGL,CE,Towers with Radar,0,30,40,4,74,0,4,0,0,4,0,34,40,4,78,0,0,0,78
09/18/2001,MKG,MI,AGL,CE,Towers with Radar,0,34,66,7,107,0,0,2,17,19,0,34,68,24,126,64,34,98,224
09/19/2001,MKG,MI,AGL,CE,Towers with Radar,0,23,32,4,59,0,1,0,8,9,0,24,32,12,68,0,12,12,80
09/20/2001,MKG,MI,AGL,CE,Towers with Radar,0,31,63,7,101,0,0,0,20,20,0,31,63,27,121,24,28,52,173
09/21/2001,MKG,MI,AGL,CE,Towers with Radar,0,27,44,1,72,0,3,9,0,12,0,30,53,1,84,0,0,0,84
09/22/2001,MKG,MI,AGL,CE,Towers with Radar,0,24,40,4,68,0,8,121,5,134,0,32,161,9,202,58,20,78,280
09/23/2001,MKG,MI,AGL,CE,Towers with Radar,0,15,18,2,35,0,14,0,3,17,0,29,18,5,52,0,0,0,52
09/24/2001,MKG,MI,AGL,CE,Towers with Radar,0,22,39,2,63,0,0,20,0,20,0,22,59,2,83,12,0,12,95
09/25/2001,MKG,MI,AGL,CE,Towers with Radar,0,19,31,0,50,0,0,34,0,34,0,19,65,0,84,76,26,102,186
09/26/2001,MKG,MI,AGL,CE,Towers with Radar,0,30,54,5,89,0,0,20,13,33,0,30,74,18,122,0,0,0,122
09/27/2001,MKG,MI,AGL,CE,Towers with Radar,0,38,68,7,113,0,0,81,3,84,0,38,149,10,197,108,12,120,317
09/28/2001,MKG,MI,AGL,CE,Towers with Radar,0,35,75,5,115,0,0,107,0,107,0,35,182,5,222,104,0,104,326
09/29/2001,MKG,MI,AGL,CE,Towers with Radar,0,23,48,2,73,0,0,227,0,227,0,23,275,2,300,184,4,188,488
09/30/2001,MKG,MI,AGL,CE,Towers with Radar,0,25,42,3,70,0,5,154,0,159,0,30,196,3,229,80,0,80,309
10/01/2001,MKG,MI,AGL,CE,Towers with Radar,0,21,40,4,65,0,6,81,0,87,0,27,121,4,152,88,4,92,244
10/02/2001,MKG,MI,AGL,CE,Towers with Radar,0,21,61,5,87,0,0,149,2,151,0,21,210,7,238,118,10,128,366
10/03/2001,MKG,MI,AGL,CE,Towers with Radar,1,26,54,5,86,0,0,32,12,44,1,26,86,17,130,60,32,92,222
10/04/2001,MKG,MI,AGL,CE,Towers with Radar,0,33,14,6,53,2,0,0,11,13,2,33,14,17,66,140,8,148,214
10/05/2001,MKG,MI,AGL,CE,Towers with Radar,0,27,56,0,83,0,0,78,0,78,0,27,134,0,161,138,0,138,299
10/06/2001,MKG,MI,AGL,CE,Towers with Radar,0,13,29,0,42,0,4,21,0,25,0,17,50,0,67,2,0,2,69
10/07/2001,MKG,MI,AGL,CE,Towers with Radar,0,21,42,0,63,0,15,98,0,113,0,36,140,0,176,128,0,128,304
10/08/2001,MKG,MI,AGL,CE,Towers with Radar,0,19,38,2,59,0,4,8,99,111,0,23,46,101,170,100,0,100,270
10/09/2001,MKG,MI,AGL,CE,Towers with Radar,0,26,15,4,45,0,0,0,23,23,0,26,15,27,68,80,46,126,194
10/10/2001,MKG,MI,AGL,CE,Towers with Radar,0,24,47,1,72,0,2,2,0,4,0,26,49,1,76,2,0,2,78
10/11/2001,MKG,MI,AGL,CE,Towers with Radar,0,35,76,5,116,0,0,112,7,119,0,35,188,12,235,126,22,148,383
10/12/2001,MKG,MI,AGL,CE,Towers with Radar,0,42,37,0,79,0,1,0,0,1,0,43,37,0,80,4,0,4,84
10/13/2001,MKG,MI,AGL,CE,Towers with Radar,0,20,29,2,51,0,13,0,27,40,0,33,29,29,91,10,40,50,141
10/14/2001,MKG,MI,AGL,CE,Towers with Radar,0,15,21,0,36,0,3,0,0,3,0,18,21,0,39,8,0,8,47
10/15/2001,MKG,MI,AGL,CE,Towers with Radar,0,24,52,0,76,0,0,78,0,78,0,24,130,0,154,90,0,90,244
10/16/2001,MKG,MI,AGL,CE,Towers with Radar,0,26,50,0,76,0,5,14,0,19,0,31,64,0,95,30,0,30,125
10/17/2001,MKG,MI,AGL,CE,Towers with Radar,0,29,90,6,125,0,0,181,7,188,0,29,271,13,313,146,4,150,463
10/18/2001,MKG,MI,AGL,CE,Towers with Radar,0,34,68,0,102,0,0,105,0,105,0,34,173,0,207,68,0,68,275
10/19/2001,MKG,MI,AGL,CE,Towers with Radar,0,30,58,0,88,0,0,118,0,118,0,30,176,0,206,116,0,116,322
10/20/2001,MKG,MI,AGL,CE,Towers with Radar,0,21,40,0,61,0,1,158,0,159,0,22,198,0,220,120,0,120,340
10/21/2001,MKG,MI,AGL,CE,Towers with Radar,0,18,36,1,55,0,4,108,0,112,0,22,144,1,167,96,0,96,263
10/22/2001,MKG,MI,AGL,CE,Towers with Radar,0,25,48,0,73,0,1,126,0,127,0,26,174,0,200,112,0,112,312
10/23/2001,MKG,MI,AGL,CE,Towers with Radar,0,28,59,0,87,0,0,23,0,23,0,28,82,0,110,16,0,16,126
10/24/2001,MKG,MI,AGL,CE,Towers with Radar,0,26,48,0,74,0,8,6,0,14,0,34,54,0,88,40,0,40,128
10/25/2001,MKG,MI,AGL,CE,Towers with Radar,0,20,25,0,45,0,3,0,0,3,0,23,25,0,48,0,0,0,48
10/26/2001,MKG,MI,AGL,CE,Towers with Radar,0,13,18,0,31,0,3,0,0,3,0,16,18,0,34,0,0,0,34
10/27/2001,MKG,MI,AGL,CE,Towers with Radar,0,15,29,0,44,0,3,46,0,49,0,18,75,0,93,86,0,86,179
10/28/2001,MKG,MI,AGL,CE,Towers with Radar,0,15,30,0,45,0,3,81,0,84,0,18,111,0,129,70,0,70,199
10/29/2001,MKG,MI,AGL,CE,Towers with Radar,0,27,54,5,86,0,0,149,5,154,0,27,203,10,240,112,10,122,362
10/30/2001,MKG,MI,AGL,CE,Towers with Radar,0,21,55,0,76,0,0,105,0,105,0,21,160,0,181,76,0,76,257
10/31/2001,MKG,MI,AGL,CE,Towers with Radar,0,22,42,0,64,0,3,50,0,53,0,25,92,0,117,38,0,38,155
11/01/2001,MKG,MI,AGL,CE,Towers with Radar,0,17,52,4,73,0,0,13,2,15,0,17,65,6,88,46,8,54,142
11/02/2001,MKG,MI,AGL,CE,Towers with Radar,0,26,60,5,91,0,0,146,34,180,0,26,206,39,271,52,22,74,345
11/03/2001,MKG,MI,AGL,CE,Towers with Radar,0,12,24,1,37,0,1,174,3,178,0,13,198,4,215,160,28,188,403
11/04/2001,MKG,MI,AGL,CE,Towers with Radar,0,15,28,0,43,0,1,98,0,99,0,16,126,0,142,68,0,68,210
11/05/2001,MKG,MI,AGL,CE,Towers with Radar,0,22,47,2,71,0,0,142,16,158,0,22,189,18,229,146,8,154,383
11/06/2001,MKG,MI,AGL,CE,Towers with Radar,0,22,57,2,81,0,0,127,0,127,0,22,184,2,208,86,0,86,294
11/07/2001,MKG,MI,AGL,CE,Towers with Radar,0,35,69,5,109,0,1,110,6,117,0,36,179,11,226,122,20,142,368
11/08/2001,MKG,MI,AGL,CE,Towers with Radar,0,30,31,4,65,0,1,0,12,13,0,31,31,16,78,8,2,10,88
11/09/2001,MKG,MI,AGL,CE,Towers with Radar,0,21,42,0,63,0,0,87,0,87,0,21,129,0,150,56,0,56,206
11/10/2001,MKG,MI,AGL,CE,Towers with Radar,0,18,37,0,55,0,1,139,0,140,0,19,176,0,195,88,0,88,283
11/11/2001,MKG,MI,AGL,CE,Towers with Radar,0,16,33,0,49,0,1,123,0,124,0,17,156,0,173,144,0,144,317
11/12/2001,MKG,MI,AGL,CE,Towers with Radar,0,23,46,0,69,0,1,76,0,77,0,24,122,0,146,62,0,62,208
11/13/2001,MKG,MI,AGL,CE,Towers with Radar,0,18,44,3,65,0,0,39,0,39,0,18,83,3,104,66,6,72,176
11/14/2001,MKG,MI,AGL,CE,Towers with Radar,0,18,50,0,68,0,0,15,0,15,0,18,65,0,83,24,0,24,107
11/15/2001,MKG,MI,AGL,CE,Towers with Radar,0,22,83,8,113,0,0,15,0,15,0,22,98,8,128,20,0,20,148
11/16/2001,MKG,MI,AGL,CE,Towers with Radar,0,18,37,0,55,0,5,109,0,114,0,23,146,0,169,136,0,136,305
11/17/2001,MKG,MI,AGL,CE,Towers with Radar,0,20,43,0,63,0,0,127,0,127,0,20,170,0,190,142,0,142,332
11/18/2001,MKG,MI,AGL,CE,Towers with Radar,0,12,23,0,35,0,1,27,0,28,0,13,50,0,63,28,0,28,91
11/19/2001,MKG,MI,AGL,CE,Towers with Radar,0,19,38,1,58,0,4,14,0,18,0,23,52,1,76,40,2,42,118
11/20/2001,MKG,MI,AGL,CE,Towers with Radar,0,26,41,4,71,0,1,0,118,119,0,27,41,122,190,108,24,132,322
11/21/2001,MKG,MI,AGL,CE,Towers with Radar,0,22,44,0,66,0,1,90,0,91,0,23,134,0,157,70,0,70,227
11/22/2001,MKG,MI,AGL,CE,Towers with Radar,0,6,13,0,19,0,7,23,0,30,0,13,36,0,49,8,0,8,57
11/23/2001,MKG,MI,AGL,CE,Towers with Radar,0,11,24,0,35,0,1,108,0,109,0,12,132,0,144,108,0,108,252
11/24/2001,MKG,MI,AGL,CE,Towers with Radar,0,8,16,0,24,0,8,6,0,14,0,16,22,0,38,114,2,116,154
11/25/2001,MKG,MI,AGL,CE,Towers with Radar,0,13,4,0,17,0,1,0,0,1,0,14,4,0,18,0,0,0,18
11/26/2001,MKG,MI,AGL,CE,Towers with Radar,0,21,44,3,68,0,0,29,4,33,0,21,73,7,101,32,16,48,149
11/27/2001,MKG,MI,AGL,CE,Towers with Radar,0,20,48,0,68,0,0,21,0,21,0,20,69,0,89,22,0,22,111
11/28/2001,MKG,MI,AGL,CE,Towers with Radar,0,27,55,0,82,0,0,22,0,22,0,27,77,0,104,96,0,96,200
11/29/2001,MKG,MI,AGL,CE,Towers with Radar,0,20,33,20,73,0,0,3,0,3,0,20,36,20,76,6,10,16,92
11/30/2001,MKG,MI,AGL,CE,Towers with Radar,0,18,18,0,36,0,0,0,0,0,0,18,18,0,36,0,0,0,36
12/01/2001,MKG,MI,AGL,CE,Towers with Radar,0,13,17,0,30,0,7,34,0,41,0,20,51,0,71,44,0,44,115
12/02/2001,MKG,MI,AGL,CE,Towers with Radar,0,18,27,4,49,0,3,56,9,68,0,21,83,13,117,65,13,78,195
12/03/2001,MKG,MI,AGL,CE,Towers with Radar,0,18,27,0,45,0,2,121,0,123,0,20,148,0,168,212,0,212,380
12/04/2001,MKG,MI,AGL,CE,Towers with Radar,0,25,46,0,71,0,0,77,0,77,0,25,123,0,148,110,0,110,258
12/05/2001,MKG,MI,AGL,CE,Towers with Radar,0,18,23,0,41,0,2,28,0,30,0,20,51,0,71,28,0,28,99
12/06/2001,MKG,MI,AGL,CE,Towers with Radar,0,30,63,8,101,0,0,154,0,154,0,30,217,8,255,158,32,190,445
12/07/2001,MKG,MI,AGL,CE,Towers with Radar,0,24,35,5,64,0,0,78,4,82,0,24,113,9,146,180,12,192,338
12/08/2001,MKG,MI,AGL,CE,Towers with Radar,0,16,25,0,41,0,2,13,0,15,0,18,38,0,56,0,0,0,56
12/09/2001,MKG,MI,AGL,CE,Towers with Radar,0,17,26,0,43,0,0,147,0,147,0,17,173,0,190,96,0,96,286
12/10/2001,MKG,MI,AGL,CE,Towers with Radar,0,29,41,0,70,0,0,179,0,179,0,29,220,0,249,180,0,180,429
12/11/2001,MKG,MI,AGL,CE,Towers with Radar,0,24,48,7,79,0,0,106,11,117,0,24,154,18,196,222,48,270,466
12/12/2001,MKG,MI,AGL,CE,Towers with Radar,0,31,44,0,75,0,1,2,0,3,0,32,46,0,78,40,0,40,118
12/13/2001,MKG,MI,AGL,CE,Towers with Radar,0,25,48,7,80,0,0,5,13,18,0,25,53,20,98,80,6,86,184
12/14/2001,MKG,MI,AGL,CE,Towers with Radar,0,22,27,0,49,0,7,0,0,7,0,29,27,0,56,58,0,58,114
12/15/2001,MKG,MI,AGL,CE,Towers with Radar,0,20,25,0,45,0,1,0,0,1,0,21,25,0,46,0,0,0,46
12/16/2001,MKG,MI,AGL,CE,Towers with Radar,0,12,29,4,45,0,0,64,20,84,0,12,93,24,129,66,42,108,237
12/17/2001,MKG,MI,AGL,CE,Towers with Radar,0,18,34,0,52,0,1,0,0,1,0,19,34,0,53,0,0,0,53
12/18/2001,MKG,MI,AGL,CE,Towers with Radar,0,25,41,5,71,0,0,79,8,87,0,25,120,13,158,110,30,140,298
12/19/2001,MKG,MI,AGL,CE,Towers with Radar,0,18,29,0,47,0,0,0,0,0,0,18,29,0,47,0,0,0,47
12/20/2001,MKG,MI,AGL,CE,Towers with Radar,0,25,40,2,67,0,0,82,0,82,0,25,122,2,149,68,2,70,219
12/21/2001,MKG,MI,AGL,CE,Towers with Radar,0,29,39,4,72,0,1,153,1,155,0,30,192,5,227,124,6,130,357
12/22/2001,MKG,MI,AGL,CE,Towers with Radar,0,18,25,0,43,0,8,81,0,89,0,26,106,0,132,70,0,70,202
12/23/2001,MKG,MI,AGL,CE,Towers with Radar,0,17,15,0,32,0,1,4,0,5,0,18,19,0,37,12,0,12,49
12/24/2001,MKG,MI,AGL,CE,Towers with Radar,0,6,1,0,7,0,9,0,0,9,0,15,1,0,16,0,0,0,16
12/25/2001,MKG,MI,AGL,CE,Towers with Radar,0,6,4,0,10,0,9,0,0,9,0,15,4,0,19,20,0,20,39
12/26/2001,MKG,MI,AGL,CE,Towers with Radar,0,15,16,0,31,0,14,0,0,14,0,29,16,0,45,0,0,0,45
12/27/2001,MKG,MI,AGL,CE,Towers with Radar,0,13,19,2,34,0,2,1,4,7,0,15,20,6,41,48,8,56,97
12/28/2001,MKG,MI,AGL,CE,Towers with Radar,0,18,13,0,31,0,1,13,0,14,0,19,26,0,45,80,0,80,125
12/29/2001,MKG,MI,AGL,CE,Towers with Radar,0,30,1,0,31,0,0,1,0,1,0,30,2,0,32,0,0,0,32
12/30/2001,MKG,MI,AGL,CE,Towers with Radar,0,15,15,0,30,0,0,1,0,1,0,15,16,0,31,2,0,2,33
12/31/2001,MKG,MI,AGL,CE,Towers with Radar,0,11,13,0,24,0,10,0,0,10,0,21,13,0,34,6,0,6,40
01/01/2002,MKG,MI,AGL,CE,Towers with Radar,0,9,14,0,23,0,10,23,0,33,0,19,37,0,56,40,0,40,96
01/02/2002,MKG,MI,AGL,CE,Towers with Radar,0,26,39,1,66,0,14,16,1,31,0,40,55,2,97,30,0,30,127
01/03/2002,MKG,MI,AGL,CE,Towers with Radar,0,21,30,0,51,0,4,76,0,80,0,25,106,0,131,104,0,104,235
01/04/2002,MKG,MI,AGL,CE,Towers with Radar,0,21,35,0,56,0,0,34,0,34,0,21,69,0,90,40,0,40,130
01/05/2002,MKG,MI,AGL,CE,Towers with Radar,0,12,19,0,31,0,7,40,0,47,0,19,59,0,78,132,0,132,210
01/06/2002,MKG,MI,AGL,CE,Towers with Radar,0,14,26,0,40,0,0,19,0,19,0,14,45,0,59,28,0,28,87
01/07/2002,MKG,MI,AGL,CE,Towers with Radar,0,23,35,3,61,0,11,36,7,54,0,34,71,10,115,136,6,142,257
01/08/2002,MKG,MI,AGL,CE,Towers with Radar,0,22,35,0,57,0,0,70,0,70,0,22,105,0,127,96,0,96,223
01/09/2002,MKG,MI,AGL,CE,Towers with Radar,0,21,46,4,71,0,0,78,13,91,0,21,124,17,162,160,26,186,348
01/10/2002,MKG,MI,AGL,CE,Towers with Radar,0,25,64,2,91,0,0,121,0,121,0,25,185,2,212,82,2,84,296
01/11/2002,MKG,MI,AGL,CE,Towers with Radar,0,27,47,0,74,0,0,62,0,62,0,27,109,0,136,76,2,78,214
01/12/2002,MKG,MI,AGL,CE,Towers with Radar,0,9,12,0,21,0,10,34,0,44,0,19,46,0,65,42,0,42,107
01/13/2002,MKG,MI,AGL,CE,Towers with Radar,0,14,20,0,34,0,0,151,0,151,0,14,171,0,185,128,4,132,317
01/14/2002,MKG,MI,AGL,CE,Towers with Radar,0,19,27,0,46,0,3,40,0,43,0,22,67,0,89,138,0,138,227
01/15/2002,MKG,MI,AGL,CE,Towers with Radar,0,26,37,2,65,1,0,10,9,20,1,26,47,11,85,14,14,28,113
01/16/2002,MKG,MI,AGL,CE,Towers with Radar,0,19,22,0,41,0,5,0,0,5,0,24,22,0,46,12,0,12,58
01/17/2002,MKG,MI,AGL,CE,Towers with Radar,0,24,34,0,58,0,5,23,0,28,0,29,57,0,86,56,0,56,142
01/18/2002,MKG,MI,AGL,CE,Towers with Radar,0,23,41,0,64,0,0,41,0,41,0,23,82,0,105,70,0,70,175
01/19/2002,MKG,MI,AGL,CE,Towers with Radar,0,15,21,0,36,0,7,91,0,98,0,22,112,0,134,156,0,156,290
01/20/2002,MKG,MI,AGL,CE,Towers with Radar,0,13,20,0,33,0,0,29,0,29,0,13,49,0,62,50,0,50,112
01/21/2002,MKG,MI,AGL,CE,Towers with Radar,0,16,25,1,42,1,0,4,1,6,1,16,29,2,48,0,0,0,48
01/22/2002,MKG,MI,AGL,CE,Towers with Radar,0,22,33,1,56,0,0,94,0,94,0,22,127,1,150,66,0,66,216
01/23/2002,MKG,MI,AGL,CE,Towers with Radar,0,29,48,0,77,0,0,36,0,36,0,29,84,0,113,74,0,74,187
01/24/2002,MKG,MI,AGL,CE,Towers with Radar,0,26,47,2,75,0,0,71,21,92,0,26,118,23,167,244,32,276,443
01/25/2002,MKG,MI,AGL,CE,Towers with Radar,0,25,47,0,72,0,0,153,0,153,0,25,200,0,225,66,0,66,291
01/26/2002,MKG,MI,AGL,CE,Towers with Radar,0,16,26,0,42,0,0,153,0,153,0,16,179,0,195,210,0,210,405
01/27/2002,MKG,MI,AGL,CE,Towers with Radar,0,14,20,0,34,0,0,69,0,69,0,14,89,0,103,74,0,74,177
01/28/2002,MKG,MI,AGL,CE,Towers with Radar,0,20,35,1,56,0,0,133,0,133,0,20,168,1,189,178,2,180,369
01/29/2002,MKG,MI,AGL,CE,Towers with Radar,0,25,9,0,34,0,0,0,0,0,0,25,9,0,34,0,0,0,34
01/30/2002,MKG,MI,AGL,CE,Towers with Radar,0,25,45,0,70,0,0,35,0,35,0,25,80,0,105,124,0,124,229
01/31/2002,MKG,MI,AGL,CE,Towers with Radar,0,10,4,0,14,0,5,0,0,5,0,15,4,0,19,0,0,0,19
02/01/2002,MKG,MI,AGL,CE,Towers with Radar,0,11,21,0,32,0,0,0,0,0,0,11,21,0,32,0,0,0,32
02/02/2002,MKG,MI,AGL,CE,Towers with Radar,0,12,24,0,36,0,6,153,0,159,0,18,177,0,195,140,0,140,335
02/03/2002,MKG,MI,AGL,CE,Towers with Radar,0,9,20,0,29,0,5,21,0,26,0,14,41,0,55,136,0,136,191
02/04/2002,MKG,MI,AGL,CE,Towers with Radar,0,20,38,0,58,0,0,56,0,56,0,20,94,0,114,106,0,106,220
02/05/2002,MKG,MI,AGL,CE,Towers with Radar,0,20,44,1,65,0,0,30,13,43,0,20,74,14,108,42,20,62,170
02/06/2002,MKG,MI,AGL,CE,Towers with Radar,0,27,73,3,103,0,0,154,23,177,0,27,227,26,280,164,20,184,464
02/07/2002,MKG,MI,AGL,CE,Towers with Radar,0,30,78,3,111,0,0,127,2,129,0,30,205,5,240,272,16,288,528
02/08/2002,MKG,MI,AGL,CE,Towers with Radar,0,21,53,2,76,0,0,114,0,114,0,21,167,2,190,210,0,210,400
02/09/2002,MKG,MI,AGL,CE,Towers with Radar,0,14,29,1,44,0,2,100,9,111,0,16,129,10,155,100,0,100,255
02/10/2002,MKG,MI,AGL,CE,Towers with Radar,0,9,12,0,21,0,2,0,0,2,0,11,12,0,23,0,0,0,23
02/11/2002,MKG,MI,AGL,CE,Towers with Radar,0,20,38,1,59,0,1,86,1,88,0,21,124,2,147,108,0,108,255
02/12/2002,MKG,MI,AGL,CE,Towers with Radar,0,20,17,0,37,0,4,0,0,4,0,24,17,0,41,0,0,0,41
02/13/2002,MKG,MI,AGL,CE,Towers with Radar,0,23,49,2,74,0,0,148,0,148,0,23,197,2,222,100,0,100,322
02/14/2002,MKG,MI,AGL,CE,Towers with Radar,0,22,42,0,64,2,6,24,0,32,2,28,66,0,96,10,0,10,106
02/15/2002,MKG,MI,AGL,CE,Towers with Radar,0,22,48,0,70,0,0,42,0,42,0,22,90,0,112,124,0,124,236
02/16/2002,MKG,MI,AGL,CE,Towers with Radar,0,14,5,0,19,0,2,0,0,2,0,16,5,0,21,0,0,0,21
02/17/2002,MKG,MI,AGL,CE,Towers with Radar,0,11,23,0,34,0,9,80,0,89,0,20,103,0,123,66,0,66,189
02/18/2002,MKG,MI,AGL,CE,Towers with Radar,0,22,44,0,66,0,0,95,0,95,0,22,139,0,161,68,0,68,229
02/19/2002,MKG,MI,AGL,CE,Towers with Radar,0,23,25,0,48,0,0,9,3,12,0,23,34,3,60,24,0,24,84
02/20/2002,MKG,MI,AGL,CE,Towers with Radar,0,41,40,0,81,0,0,0,0,0,0,41,40,0,81,16,0,16,97
02/21/2002,MKG,MI,AGL,CE,Towers with Radar,0,19,20,9,48,0,0,15,1,16,0,19,35,10,64,100,20,120,184
02/22/2002,MKG,MI,AGL,CE,Towers with Radar,0,24,46,3,73,0,0,67,4,71,0,24,113,7,144,160,0,160,304
02/23/2002,MKG,MI,AGL,CE,Towers with Radar,0,14,26,0,40,0,3,115,0,118,0,17,141,0,158,90,0,90,248
02/24/2002,MKG,MI,AGL,CE,Towers with Radar,0,12,22,0,34,0,4,78,0,82,0,16,100,0,116,44,0,44,160
02/25/2002,MKG,MI,AGL,CE,Towers with Radar,0,17,30,0,47,0,2,14,0,16,0,19,44,0,63,110,0,110,173
02/26/2002,MKG,MI,AGL,CE,Towers with Radar,0,17,10,0,27,0,6,0,0,6,0,23,10,0,33,0,0,0,33
02/27/2002,MKG,MI,AGL,CE,Towers with Radar,0,21,33,1,55,1,0,25,1,27,1,21,58,2,82,26,0,26,108
02/28/2002,MKG,MI,AGL,CE,Towers with Radar,0,32,68,0,100,0,0,31,0,31,0,32,99,0,131,0,0,0,131
03/01/2002,MKG,MI,AGL,CE,Towers with Radar,0,26,44,0,70,0,1,95,0,96,0,27,139,0,166,100,0,100,266
03/02/2002,MKG,MI,AGL,CE,Towers with Radar,0,12,0,0,12,0,2,0,0,2,0,14,0,0,14,0,0,0,14
03/03/2002,MKG,MI,AGL,CE,Towers with Radar,0,14,3,0,17,0,2,0,0,2,0,16,3,0,19,0,0,0,19
03/04/2002,MKG,MI,AGL,CE,Towers with Radar,0,15,13,0,28,0,2,0,0,2,0,17,13,0,30,0,0,0,30
03/05/2002,MKG,MI,AGL,CE,Towers with Radar,0,26,45,0,71,0,1,0,0,1,0,27,45,0,72,54,0,54,126
03/06/2002,MKG,MI,AGL,CE,Towers with Radar,0,23,63,4,90,0,0,74,12,86,0,23,137,16,176,102,10,112,288
03/07/2002,MKG,MI,AGL,CE,Towers with Radar,0,22,55,4,81,0,0,9,19,28,0,22,64,23,109,84,0,84,193
03/08/2002,MKG,MI,AGL,CE,Towers with Radar,0,19,37,0,56,0,0,38,0,38,0,19,75,0,94,50,0,50,144
03/09/2002,MKG,MI,AGL,CE,Towers with Radar,0,11,5,0,16,0,2,0,0,2,0,13,5,0,18,0,0,0,18
03/10/2002,MKG,MI,AGL,CE,Towers with Radar,0,9,20,0,29,0,5,0,0,5,0,14,20,0,34,4,2,6,40
03/11/2002,MKG,MI,AGL,CE,Towers with Radar,0,17,32,1,50,0,2,70,0,72,0,19,102,1,122,60,0,60,182
03/12/2002,MKG,MI,AGL,CE,Towers with Radar,0,29,51,1,81,0,3,165,0,168,0,32,216,1,249,116,12,128,377
03/13/2002,MKG,MI,AGL,CE,Towers with Radar,0,11,30,0,41,0,0,56,0,56,0,11,86,0,97,110,2,112,209
03/14/2002,MKG,MI,AGL,CE,Towers with Radar,0,21,47,2,70,2,0,56,0,58,2,21,103,2,128,54,0,54,182
03/15/2002,MKG,MI,AGL,CE,Towers with Radar,0,21,43,0,64,0,0,34,0,34,0,21,77,0,98,94,0,94,192
03/16/2002,MKG,MI,AGL,CE,Towers with Radar,0,18,35,1,54,0,1,184,0,185,0,19,219,1,239,186,0,186,425
03/17/2002,MKG,MI,AGL,CE,Towers with Radar,0,10,21,0,31,0,9,60,0,69,0,19,81,0,100,66,0,66,166
03/18/2002,MKG,MI,AGL,CE,Towers with Radar,0,19,35,0,54,0,3,54,0,57,0,22,89,0,111,140,0,140,251
03/19/2002,MKG,MI,AGL,CE,Towers with Radar,0,31,53,4,88,0,6,103,20,129,0,37,156,24,217,100,12,112,329
03/20/2002,MKG,MI,AGL,CE,Towers with Radar,0,28,57,3,88,0,0,81,6,87,0,28,138,9,175,80,12,92,267
03/21/2002,MKG,MI,AGL,CE,Towers with Radar,0,19,27,0,46,0,13,0,0,13,0,32,27,0,59,0,0,0,59
03/22/2002,MKG,MI,AGL,CE,Towers with Radar,0,25,29,0,54,0,0,0,0,0,0,25,29,0,54,6,6,12,66
03/23/2002,MKG,MI,AGL,CE,Towers with Radar,0,13,24,0,37,0,7,89,0,96,0,20,113,0,133,92,0,92,225
03/24/2002,MKG,MI,AGL,CE,Towers with Radar,0,13,39,0,52,0,0,132,0,132,0,13,171,0,184,142,0,142,326
03/25/2002,MKG,MI,AGL,CE,Towers with Radar,0,18,31,0,49,0,0,78,0,78,0,18,109,0,127,74,2,76,203
03/26/2002,MKG,MI,AGL,CE,Towers with Radar,0,18,43,0,61,0,0,91,0,91,0,18,134,0,152,130,0,130,282
03/27/2002,MKG,MI,AGL,CE,Towers with Radar,0,12,27,0,39,0,0,99,0,99,0,12,126,0,138,210,18,228,366
03/28/2002,MKG,MI,AGL,CE,Towers with Radar,0,12,23,1,36,0,0,35,1,36,0,12,58,2,72,32,4,36,108
03/29/2002,MKG,MI,AGL,CE,Towers with Radar,0,20,20,0,40,0,0,1,0,1,0,20,21,0,41,0,0,0,41
03/30/2002,MKG,MI,AGL,CE,Towers with Radar,0,23,39,0,62,0,1,41,0,42,0,24,80,0,104,82,0,82,186
03/31/2002,MKG,MI,AGL,CE,Towers with Radar,0,12,19,0,31,0,3,37,0,40,0,15,56,0,71,20,0,20,91
04/01/2002,MKG,MI,AGL,CE,Towers with Radar,0,17,31,0,48,0,4,50,0,54,0,21,81,0,102,128,0,128,230
04/02/2002,MKG,MI,AGL,CE,Towers with Radar,0,17,15,0,32,0,3,0,0,3,0,20,15,0,35,0,0,0,35
04/03/2002,MKG,MI,AGL,CE,Towers with Radar,0,22,44,0,66,0,0,92,0,92,0,22,136,0,158,122,0,122,280
04/04/2002,MKG,MI,AGL,CE,Towers with Radar,0,23,47,0,70,0,0,74,0,74,0,23,121,0,144,90,0,90,234
04/05/2002,MKG,MI,AGL,CE,Towers with Radar,0,26,53,0,79,0,0,94,0,94,0,26,147,0,173,116,0,116,289
04/06/2002,MKG,MI,AGL,CE,Towers with Radar,0,15,29,0,44,0,2,135,0,137,0,17,164,0,181,146,0,146,327
04/07/2002,MKG,MI,AGL,CE,Towers with Radar,0,15,13,23,51,0,1,5,1,7,0,16,18,24,58,4,34,38,96
04/08/2002,MKG,MI,AGL,CE,Towers with Radar,0,18,34,0,52,0,5,20,0,25,0,23,54,0,77,0,0,0,77
04/09/2002,MKG,MI,AGL,CE,Towers with Radar,0,22,51,0,73,0,0,84,0,84,0,22,135,0,157,64,0,64,221
04/10/2002,MKG,MI,AGL,CE,Towers with Radar,0,23,59,1,83,0,0,207,0,207,0,23,266,1,290,170,0,170,460
04/11/2002,MKG,MI,AGL,CE,Towers with Radar,0,26,57,0,83,0,0,110,0,110,0,26,167,0,193,60,0,60,253
04/12/2002,MKG,MI,AGL,CE,Towers with Radar,0,23,47,0,70,0,0,37,0,37,0,23,84,0,107,19,0,19,126
04/13/2002,MKG,MI,AGL,CE,Towers with Radar,0,17,31,0,48,0,4,159,0,163,0,21,190,0,211,162,0,162,373
04/14/2002,MKG,MI,AGL,CE,Towers with Radar,0,18,42,0,60,0,0,121,0,121,0,18,163,0,181,66,0,66,247
04/15/2002,MKG,MI,AGL,CE,Towers with Radar,0,23,47,0,70,0,0,103,0,103,0,23,150,0,173,80,0,80,253
04/16/2002,MKG,MI,AGL,CE,Towers with Radar,0,26,52,4,82,0,0,85,8,93,0,26,137,12,175,62,12,74,249
04/17/2002,MKG,MI,AGL,CE,Towers with Radar,0,28,58,0,86,0,0,53,0,53,0,28,111,0,139,64,0,64,203
04/18/2002,MKG,MI,AGL,CE,Towers with Radar,0,27,50,1,78,0,0,79,0,79,0,27,129,1,157,104,0,104,261
04/19/2002,MKG,MI,AGL,CE,Towers with Radar,0,37,67,5,109,0,0,104,4,108,0,37,171,9,217,114,20,134,351
04/20/2002,MKG,MI,AGL,CE,Towers with Radar,0,14,23,1,38,0,7,102,0,109,0,21,125,1,147,106,0,106,253
04/21/2002,MKG,MI,AGL,CE,Towers with Radar,0,9,15,0,24,0,5,4,0,9,0,14,19,0,33,44,0,44,77
04/22/2002,MKG,MI,AGL,CE,Towers with Radar,0,22,37,3,62,0,3,20,29,52,0,25,57,32,114,92,32,124,238
04/23/2002,MKG,MI,AGL,CE,Towers with Radar,0,23,48,3,74,0,0,181,3,184,0,23,229,6,258,130,4,134,392
04/24/2002,MKG,MI,AGL,CE,Towers with Radar,0,29,51,0,80,0,6,80,0,86,0,35,131,0,166,34,0,34,200
04/25/2002,MKG,MI,AGL,CE,Towers with Radar,0,25,45,3,73,0,0,13,5,18,0,25,58,8,91,72,8,80,171
04/26/2002,MKG,MI,AGL,CE,Towers with Radar,0,24,47,3,74,0,0,105,6,111,0,24,152,9,185,86,40,126,311
04/27/2002,MKG,MI,AGL,CE,Towers with Radar,0,11,19,0,30,0,8,49,0,57,0,19,68,0,87,64,0,64,151
04/28/2002,MKG,MI,AGL,CE,Towers with Radar,0,9,15,0,24,0,8,0,0,8,0,17,15,0,32,2,0,2,34
04/29/2002,MKG,MI,AGL,CE,Towers with Radar,0,24,41,3,68,0,5,65,9,79,0,29,106,12,147,62,18,80,227
04/30/2002,MKG,MI,AGL,CE,Towers with Radar,0,26,46,2,74,0,0,62,14,76,0,26,108,16,150,46,24,70,220
05/01/2002,MKG,MI,AGL,CE,Towers with Radar,0,28,75,5,108,0,0,37,27,64,0,28,112,32,172,90,30,120,292
05/02/2002,MKG,MI,AGL,CE,Towers with Radar,0,29,71,4,104,0,0,31,10,41,0,29,102,14,145,54,26,80,225
05/03/2002,MKG,MI,AGL,CE,Towers with Radar,0,18,62,0,80,0,0,149,0,149,0,18,211,0,229,204,0,204,433
05/04/2002,MKG,MI,AGL,CE,Towers with Radar,0,15,36,3,54,0,7,198,0,205,0,22,234,3,259,0,0,0,259
05/05/2002,MKG,MI,AGL,CE,Towers with Radar,0,11,25,0,36,0,1,101,0,102,0,12,126,0,138,40,0,40,178
05/06/2002,MKG,MI,AGL,CE,Towers with Radar,0,21,49,4,74,0,4,30,1,35,0,25,79,5,109,86,8,94,203
05/07/2002,MKG,MI,AGL,CE,Towers with Radar,0,23,62,3,88,0,0,101,0,101,0,23,163,3,189,76,0,76,265
05/08/2002,MKG,MI,AGL,CE,Towers with Radar,0,19,45,0,64,0,3,13,0,16,0,22,58,0,80,24,0,24,104
05/09/2002,MKG,MI,AGL,CE,Towers with Radar,0,19,46,0,65,0,0,7,0,7,0,19,53,0,72,30,0,30,102
05/10/2002,MKG,MI,AGL,CE,Towers with Radar,0,19,46,0,65,0,12,40,0,52,0,31,86,0,117,52,0,52,169
05/11/2002,MKG,MI,AGL,CE,Towers with Radar,0,14,33,0,47,0,8,83,0,91,0,22,116,0,138,58,0,58,196
05/12/2002,MKG,MI,AGL,CE,Towers with Radar,0,11,18,0,29,0,0,1,0,1,0,11,19,0,30,4,0,4,34
05/13/2002,MKG,MI,AGL,CE,Towers with Radar,0,22,49,0,71,1,7,21,0,29,1,29,70,0,100,60,0,60,160
05/14/2002,MKG,MI,AGL,CE,Towers with Radar,0,25,63,0,88,0,0,139,0,139,0,25,202,0,227,76,0,76,303
05/15/2002,MKG,MI,AGL,CE,Towers with Radar,0,22,47,0,69,0,3,149,0,152,0,25,196,0,221,90,0,90,311
05/16/2002,MKG,MI,AGL,CE,Towers with Radar,0,22,67,2,91,0,0,26,0,26,0,22,93,2,117,36,0,36,153
05/17/2002,MKG,MI,AGL,CE,Towers with Radar,0,27,60,1,88,0,10,82,0,92,0,37,142,1,180,108,0,108,288
05/18/2002,MKG,MI,AGL,CE,Towers with Radar,0,25,61,0,86,0,0,298,0,298,0,25,359,0,384,208,0,208,592
05/19/2002,MKG,MI,AGL,CE,Towers with Radar,0,19,43,0,62,0,0,196,0,196,0,19,239,0,258,88,0,88,346
05/20/2002,MKG,MI,AGL,CE,Towers with Radar,0,23,61,4,88,0,0,111,6,117,0,23,172,10,205,196,28,224,429
05/21/2002,MKG,MI,AGL,CE,Towers with Radar,0,25,68,4,97,0,0,147,43,190,0,25,215,47,287,154,38,192,479
05/22/2002,MKG,MI,AGL,CE,Towers with Radar,0,31,87,6,124,0,0,129,11,140,0,31,216,17,264,146,100,246,510
05/23/2002,MKG,MI,AGL,CE,Towers with Radar,0,25,66,0,91,0,0,5,0,5,0,25,71,0,96,59,20,79,175
05/24/2002,MKG,MI,AGL,CE,Towers with Radar,0,27,61,0,88,0,0,126,0,126,0,27,187,0,214,140,48,188,402
05/25/2002,MKG,MI,AGL,CE,Towers with Radar,0,12,11,0,23,1,19,0,0,20,1,31,11,0,43,0,0,0,43
05/26/2002,MKG,MI,AGL,CE,Towers with Radar,0,12,28,0,40,0,0,139,0,139,0,12,167,0,179,130,48,178,357
05/27/2002,MKG,MI,AGL,CE,Towers with Radar,0,15,33,2,50,0,2,67,3,72,0,17,100,5,122,68,40,108,230
05/28/2002,MKG,MI,AGL,CE,Towers with Radar,0,23,58,3,84,0,0,108,17,125,0,23,166,20,209,188,226,414,623
05/29/2002,MKG,MI,AGL,CE,Towers with Radar,0,27,72,4,103,0,0,81,5,86,0,27,153,9,189,154,112,266,455
05/30/2002,MKG,MI,AGL,CE,Towers with Radar,0,26,59,4,89,0,2,49,2,53,0,28,108,6,142,89,62,151,293
05/31/2002,MKG,MI,AGL,CE,Towers with Radar,0,28,67,4,99,0,0,123,0,123,0,28,190,4,222,92,0,92,314
06/01/2002,MKG,MI,AGL,CE,Towers with Radar,0,19,30,0,49,0,2,293,0,295,0,21,323,0,344,266,12,278,622
06/02/2002,MKG,MI,AGL,CE,Towers with Radar,0,10,1,2,13,0,0,0,0,0,0,10,1,2,13,112,0,112,125
06/03/2002,MKG,MI,AGL,CE,Towers with Radar,0,19,17,2,38,0,2,0,1,3,0,21,17,3,41,0,0,0,41
06/04/2002,MKG,MI,AGL,CE,Towers with Radar,0,27,37,1,65,0,1,1,1,3,0,28,38,2,68,18,0,18,86
06/05/2002,MKG,MI,AGL,CE,Towers with Radar,0,26,54,3,83,0,0,40,0,40,0,26,94,3,123,90,0,90,213
06/06/2002,MKG,MI,AGL,CE,Towers with Radar,0,22,51,4,77,0,0,115,4,119,0,22,166,8,196,208,0,208,404
06/07/2002,MKG,MI,AGL,CE,Towers with Radar,0,20,49,2,71,0,0,170,0,170,0,20,219,2,241,84,0,84,325
06/08/2002,MKG,MI,AGL,CE,Towers with Radar,0,13,22,0,35,0,10,121,0,131,0,23,143,0,166,86,0,86,252
06/09/2002,MKG,MI,AGL,CE,Towers with Radar,0,15,24,1,40,0,3,97,0,100,0,18,121,1,140,48,0,48,188
06/10/2002,MKG,MI,AGL,CE,Towers with Radar,0,18,44,3,65,0,0,45,13,58,0,18,89,16,123,128,20,148,271
06/11/2002,MKG,MI,AGL,CE,Towers with Radar,0,22,34,1,57,0,10,14,0,24,0,32,48,1,81,44,0,44,125
06/12/2002,MKG,MI,AGL,CE,Towers with Radar,0,24,60,4,88,0,0,82,14,96,0,24,142,18,184,184,24,208,392
06/13/2002,MKG,MI,AGL,CE,Towers with Radar,0,34,63,2,99,0,0,28,0,28,0,34,91,2,127,92,2,94,221
06/14/2002,MKG,MI,AGL,CE,Towers with Radar,0,28,40,3,71,0,0,0,0,0,0,28,40,3,71,4,6,10,81
06/15/2002,MKG,MI,AGL,CE,Towers with Radar,0,30,47,2,79,0,91,56,0,147,0,121,103,2,226,58,0,58,284
06/16/2002,MKG,MI,AGL,CE,Towers with Radar,0,21,32,2,55,0,2,96,0,98,0,23,128,2,153,52,12,64,217
06/17/2002,MKG,MI,AGL,CE,Towers with Radar,0,24,43,3,70,0,0,134,18,152,0,24,177,21,222,180,104,284,506
06/18/2002,MKG,MI,AGL,CE,Towers with Radar,0,24,45,2,71,0,0,201,9,210,0,24,246,11,281,158,82,240,521
06/19/2002,MKG,MI,AGL,CE,Towers with Radar,0,28,49,3,80,0,0,115,13,128,0,28,164,16,208,98,20,118,326
06/20/2002,MKG,MI,AGL,CE,Towers with Radar,0,28,51,3,82,0,0,105,24,129,0,28,156,27,211,70,28,98,309
06/21/2002,MKG,MI,AGL,CE,Towers with Radar,0,23,41,1,65,0,0,47,0,47,0,23,88,1,112,26,0,26,138
06/22/2002,MKG,MI,AGL,CE,Towers with Radar,0,19,27,1,47,0,6,66,3,75,0,25,93,4,122,52,2,54,176
06/23/2002,MKG,MI,AGL,CE,Towers with Radar,0,24,35,2,61,0,0,47,1,48,0,24,82,3,109,28,0,28,137
06/24/2002,MKG,MI,AGL,CE,Towers with Radar,0,22,54,3,79,0,0,125,1,126,0,22,179,4,205,50,84,134,339
06/25/2002,MKG,MI,AGL,CE,Towers with Radar,0,30,47,1,78,0,0,89,0,89,0,30,136,1,167,104,0,104,271
06/26/2002,MKG,MI,AGL,CE,Towers with Radar,0,32,47,2,81,0,6,85,2,93,0,38,132,4,174,80,40,120,294
06/27/2002,MKG,MI,AGL,CE,Towers with Radar,0,40,72,4,116,0,0,143,4,147,0,40,215,8,263,116,28,144,407
06/28/2002,MKG,MI,AGL,CE,Towers with Radar,0,35,67,4,106,0,0,209,0,209,0,35,276,4,315,60,2,62,377
06/29/2002,MKG,MI,AGL,CE,Towers with Radar,0,16,24,1,41,0,2,111,2,115,0,18,135,3,156,142,8,150,306
06/30/2002,MKG,MI,AGL,CE,Towers with Radar,0,22,34,2,58,0,3,98,4,105,0,25,132,6,163,94,26,120,283
07/01/2002,MKG,MI,AGL,CE,Towers with Radar,0,15,29,3,47,0,19,156,3,178,0,34,185,6,225,116,30,146,371
07/02/2002,MKG,MI,AGL,CE,Towers with Radar,0,22,42,4,68,0,6,159,19,184,0,28,201,23,252,126,26,152,404
07/03/2002,MKG,MI,AGL,CE,Towers with Radar,0,27,51,5,83,0,5,75,1,81,0,32,126,6,164,130,2,132,296
07/04/2002,MKG,MI,AGL,CE,Towers with Radar,0,7,15,1,23,0,9,46,2,57,0,16,61,3,80,32,0,32,112
07/05/2002,MKG,MI,AGL,CE,Towers with Radar,0,12,24,1,37,0,9,103,0,112,0,21,127,1,149,90,0,90,239
07/06/2002,MKG,MI,AGL,CE,Towers with Radar,0,10,20,3,33,0,3,95,2,100,0,13,115,5,133,124,2,126,259
07/07/2002,MKG,MI,AGL,CE,Towers with Radar,0,12,35,3,50,0,0,78,0,78,0,12,113,3,128,40,0,40,168
07/08/2002,MKG,MI,AGL,CE,Towers with Radar,0,11,22,3,36,0,1,41,21,63,0,12,63,24,99,20,0,20,119
07/09/2002,MKG,MI,AGL,CE,Towers with Radar,0,22,42,0,64,0,12,39,0,51,0,34,81,0,115,84,0,84,199
07/10/2002,MKG,MI,AGL,CE,Towers with Radar,0,30,56,0,86,0,1,161,0,162,0,31,217,0,248,110,24,134,382
07/11/2002,MKG,MI,AGL,CE,Towers with Radar,0,24,45,6,75,0,3,158,7,168,0,27,203,13,243,116,2,118,361
07/12/2002,MKG,MI,AGL,CE,Towers with Radar,0,18,35,5,58,1,9,80,24,114,1,27,115,29,172,24,4,28,200
07/13/2002,MKG,MI,AGL,CE,Towers with Radar,0,12,20,3,35,0,11,57,1,69,0,23,77,4,104,8,8,16,120
07/14/2002,MKG,MI,AGL,CE,Towers with Radar,0,14,26,4,44,0,1,95,10,106,0,15,121,14,150,0,0,0,150
07/15/2002,MKG,MI,AGL,CE,Towers with Radar,0,24,43,6,73,1,3,108,26,138,1,27,151,32,211,96,68,164,375
07/16/2002,MKG,MI,AGL,CE,Towers with Radar,0,23,41,3,67,0,2,90,0,92,0,25,131,3,159,90,0,90,249
07/17/2002,MKG,MI,AGL,CE,Towers with Radar,0,23,41,5,69,0,5,150,9,164,0,28,191,14,233,186,50,236,469
07/18/2002,MKG,MI,AGL,CE,Towers with Radar,0,26,46,6,78,0,3,57,24,84,0,29,103,30,162,58,46,104,266
07/19/2002,MKG,MI,AGL,CE,Towers with Radar,0,27,48,6,81,0,0,103,11,114,0,27,151,17,195,188,6,194,389
07/20/2002,MKG,MI,AGL,CE,Towers with Radar,0,21,36,5,62,0,5,165,2,172,0,26,201,7,234,168,6,174,408
07/21/2002,MKG,MI,AGL,CE,Towers with Radar,0,12,39,1,52,0,0,18,0,18,0,12,57,1,70,26,0,26,96
07/22/2002,MKG,MI,AGL,CE,Towers with Radar,0,23,52,6,81,0,0,93,11,104,0,23,145,17,185,110,32,142,327
07/23/2002,MKG,MI,AGL,CE,Towers with Radar,0,16,37,0,53,0,0,72,0,72,0,16,109,0,125,174,14,188,313
07/24/2002,MKG,MI,AGL,CE,Towers with Radar,0,34,73,8,115,0,0,269,4,273,0,34,342,12,388,208,2,210,598
07/25/2002,MKG,MI,AGL,CE,Towers with Radar,0,23,80,7,110,2,0,192,0,194,2,23,272,7,304,156,24,180,484
07/26/2002,MKG,MI,AGL,CE,Towers with Radar,0,25,82,6,113,0,0,116,0,116,0,25,198,6,229,114,4,118,347
07/27/2002,MKG,MI,AGL,CE,Towers with Radar,0,26,62,0,88,0,0,4,0,4,0,26,66,0,92,48,0,48,140
07/28/2002,MKG,MI,AGL,CE,Towers with Radar,0,19,58,0,77,0,0,74,0,74,0,19,132,0,151,120,0,120,271
07/29/2002,MKG,MI,AGL,CE,Towers with Radar,0,27,48,5,80,0,2,106,6,114,0,29,154,11,194,110,30,140,334
07/30/2002,MKG,MI,AGL,CE,Towers with Radar,0,26,48,5,79,0,2,192,9,203,0,28,240,14,282,174,2,176,458
07/31/2002,MKG,MI,AGL,CE,Towers with Radar,0,30,55,2,87,0,8,277,0,285,0,38,332,2,372,134,0,134,506
08/01/2002,MKG,MI,AGL,CE,Towers with Radar,0,23,49,4,76,0,0,75,0,75,0,23,124,4,151,60,0,60,211
08/02/2002,MKG,MI,AGL,CE,Towers with Radar,0,11,24,2,37,0,3,53,0,56,0,14,77,2,93,66,0,66,159
08/03/2002,MKG,MI,AGL,CE,Towers with Radar,0,13,26,2,41,0,9,107,1,117,0,22,133,3,158,98,10,108,266
08/04/2002,MKG,MI,AGL,CE,Towers with Radar,0,2,24,2,28,0,0,4,5,9,0,2,28,7,37,10,0,10,47
08/05/2002,MKG,MI,AGL,CE,Towers with Radar,0,26,53,4,83,0,0,79,18,97,0,26,132,22,180,134,20,154,334
08/06/2002,MKG,MI,AGL,CE,Towers with Radar,0,25,49,3,77,0,2,159,0,161,0,27,208,3,238,144,4,148,386
08/07/2002,MKG,MI,AGL,CE,Towers with Radar,0,29,60,5,94,0,0,134,4,138,0,29,194,9,232,182,12,194,426
08/08/2002,MKG,MI,AGL,CE,Towers with Radar,0,27,53,4,84,0,2,139,8,149,0,29,192,12,233,104,16,120,353
08/09/2002,MKG,MI,AGL,CE,Towers with Radar,0,27,55,4,86,0,0,173,0,173,0,27,228,4,259,126,52,178,437
08/10/2002,MKG,MI,AGL,CE,Towers with Radar,0,17,35,1,53,0,6,99,0,105,0,23,134,1,158,72,2,74,232
08/11/2002,MKG,MI,AGL,CE,Towers with Radar,0,15,27,2,44,0,7,46,0,53,0,22,73,2,97,64,60,124,221
08/12/2002,MKG,MI,AGL,CE,Towers with Radar,0,20,50,4,74,0,0,44,14,58,0,20,94,18,132,22,10,32,164
08/13/2002,MKG,MI,AGL,CE,Towers with Radar,0,23,53,4,80,0,0,43,1,44,0,23,96,5,124,54,6,60,184
08/14/2002,MKG,MI,AGL,CE,Towers with Radar,0,24,65,6,95,0,0,85,12,97,0,24,150,18,192,76,36,112,304
08/15/2002,MKG,MI,AGL,CE,Towers with Radar,0,37,77,7,121,0,0,113,5,118,0,37,190,12,239,120,20,140,379
08/16/2002,MKG,MI,AGL,CE,Towers with Radar,0,21,44,4,69,0,0,99,6,105,0,21,143,10,174,172,6,178,352
08/17/2002,MKG,MI,AGL,CE,Towers with Radar,0,13,25,1,39,0,6,13,0,19,0,19,38,1,58,0,0,0,58
08/18/2002,MKG,MI,AGL,CE,Towers with Radar,0,22,42,1,65,0,6,108,0,114,0,28,150,1,179,78,8,86,265
08/19/2002,MKG,MI,AGL,CE,Towers with Radar,0,25,51,4,80,0,0,132,18,150,0,25,183,22,230,126,34,160,390
08/20/2002,MKG,MI,AGL,CE,Towers with Radar,0,26,50,1,77,0,10,129,0,139,0,36,179,1,216,250,2,252,468
08/21/2002,MKG,MI,AGL,CE,Towers with Radar,0,28,67,6,101,0,0,126,4,130,0,28,193,10,231,230,12,242,473
08/22/2002,MKG,MI,AGL,CE,Towers with Radar,0,22,56,5,83,0,0,19,10,29,0,22,75,15,112,0,0,0,112
08/23/2002,MKG,MI,AGL,CE,Towers with Radar,0,33,57,20,110,0,0,0,2,2,0,33,57,22,112,14,30,44,156
08/24/2002,MKG,MI,AGL,CE,Towers with Radar,0,20,30,1,51,0,7,0,0,7,0,27,30,1,58,154,14,168,226
08/25/2002,MKG,MI,AGL,CE,Towers with Radar,0,14,42,0,56,0,0,79,0,79,0,14,121,0,135,164,18,182,317
08/26/2002,MKG,MI,AGL,CE,Towers with Radar,0,18,36,3,57,0,5,194,23,222,0,23,230,26,279,138,22,160,439
08/27/2002,MKG,MI,AGL,CE,Towers with Radar,0,30,58,5,93,0,0,133,1,134,0,30,191,6,227,196,32,228,455
08/28/2002,MKG,MI,AGL,CE,Towers with Radar,0,34,83,0,117,0,0,230,0,230,0,34,313,0,347,168,0,168,515
08/29/2002,MKG,MI,AGL,CE,Towers with Radar,0,40,83,5,128,0,0,203,0,203,0,40,286,5,331,218,2,220,551
08/30/2002,MKG,MI,AGL,CE,Towers with Radar,0,26,50,1,77,0,6,88,0,94,0,32,138,1,171,70,0,70,241
08/31/2002,MKG,MI,AGL,CE,Towers with Radar,0,14,31,2,47,0,0,120,0,120,0,14,151,2,167,64,16,80,247
09/01/2002,MKG,MI,AGL,CE,Towers with Radar,1,8,21,0,30,0,4,47,1,52,1,12,68,1,82,22,12,34,116
09/02/2002,MKG,MI,AGL,CE,Towers with Radar,0,15,36,0,51,0,7,17,0,24,0,22,53,0,75,52,0,52,127
09/03/2002,MKG,MI,AGL,CE,Towers with Radar,0,21,49,0,70,0,0,107,6,113,0,21,156,6,183,138,4,142,325
09/04/2002,MKG,MI,AGL,CE,Towers with Radar,0,21,72,0,93,0,0,224,0,224,0,21,296,0,317,112,0,112,429
09/05/2002,MKG,MI,AGL,CE,Towers with Radar,0,21,47,0,68,2,7,92,0,101,2,28,139,0,169,76,0,76,245
09/06/2002,MKG,MI,AGL,CE,Towers with Radar,0,23,52,1,76,0,5,176,2,183,0,28,228,3,259,176,2,178,437
09/07/2002,MKG,MI,AGL,CE,Towers with Radar,0,12,30,0,42,0,12,120,0,132,0,24,150,0,174,64,0,64,238
09/08/2002,MKG,MI,AGL,CE,Towers with Radar,0,14,36,0,50,0,5,78,0,83,0,19,114,0,133,26,0,26,159
09/09/2002,MKG,MI,AGL,CE,Towers with Radar,0,22,50,1,73,0,1,107,8,116,0,23,157,9,189,136,12,148,337
09/10/2002,MKG,MI,AGL,CE,Towers with Radar,0,24,53,1,78,0,0,81,2,83,0,24,134,3,161,46,2,48,209
09/11/2002,MKG,MI,AGL,CE,Towers with Radar,0,21,61,1,83,0,0,149,11,160,0,21,210,12,243,156,4,160,403
09/12/2002,MKG,MI,AGL,CE,Towers with Radar,0,36,78,1,115,0,1,200,0,201,0,37,278,1,316,130,4,134,450
09/13/2002,MKG,MI,AGL,CE,Towers with Radar,0,31,69,2,102,0,8,197,6,211,0,39,266,8,313,124,0,124,437
09/14/2002,MKG,MI,AGL,CE,Towers with Radar,0,20,44,0,64,0,4,140,0,144,0,24,184,0,208,130,30,160,368
09/15/2002,MKG,MI,AGL,CE,Towers with Radar,0,17,37,0,54,0,2,29,0,31,0,19,66,0,85,22,0,22,107
09/16/2002,MKG,MI,AGL,CE,Towers with Radar,0,18,40,0,58,0,9,185,0,194,0,27,225,0,252,122,0,122,374
09/17/2002,MKG,MI,AGL,CE,Towers with Radar,0,25,55,0,80,0,0,110,0,110,0,25,165,0,190,150,0,150,340
09/18/2002,MKG,MI,AGL,CE,Towers with Radar,0,26,57,0,83,0,4,22,0,26,0,30,79,0,109,62,0,62,171
09/19/2002,MKG,MI,AGL,CE,Towers with Radar,0,21,57,0,78,0,0,30,0,30,0,21,87,0,108,30,4,34,142
09/20/2002,MKG,MI,AGL,CE,Towers with Radar,0,20,63,2,85,0,0,5,0,5,0,20,68,2,90,6,0,6,96
09/21/2002,MKG,MI,AGL,CE,Towers with Radar,0,18,39,0,57,0,0,119,0,119,0,18,158,0,176,146,0,146,322
09/22/2002,MKG,MI,AGL,CE,Towers with Radar,0,11,36,0,47,0,0,25,1,26,0,11,61,1,73,36,0,36,109
09/23/2002,MKG,MI,AGL,CE,Towers with Radar,0,21,47,0,68,0,0,146,0,146,0,21,193,0,214,64,0,64,278
09/24/2002,MKG,MI,AGL,CE,Towers with Radar,0,22,47,0,69,0,2,110,0,112,0,24,157,0,181,76,0,76,257
09/25/2002,MKG,MI,AGL,CE,Towers with Radar,0,33,77,0,110,0,0,198,0,198,0,33,275,0,308,140,0,140,448
09/26/2002,MKG,MI,AGL,CE,Towers with Radar,0,19,74,0,93,0,0,186,0,186,0,19,260,0,279,106,0,106,385
09/27/2002,MKG,MI,AGL,CE,Towers with Radar,0,15,59,0,74,0,0,81,0,81,0,15,140,0,155,50,0,50,205
09/28/2002,MKG,MI,AGL,CE,Towers with Radar,0,12,27,0,39,0,14,160,0,174,0,26,187,0,213,86,0,86,299
09/29/2002,MKG,MI,AGL,CE,Towers with Radar,0,10,30,0,40,0,0,6,0,6,0,10,36,0,46,20,0,20,66
09/30/2002,MKG,MI,AGL,CE,Towers with Radar,0,21,46,0,67,0,0,95,0,95,0,21,141,0,162,80,0,80,242
10/01/2002,MKG,MI,AGL,CE,Towers with Radar,0,18,44,0,62,0,0,56,0,56,0,18,100,0,118,42,0,42,160
10/02/2002,MKG,MI,AGL,CE,Towers with Radar,0,16,51,0,67,0,0,28,0,28,0,16,79,0,95,122,0,122,217
10/03/2002,MKG,MI,AGL,CE,Towers with Radar,0,19,39,14,72,0,6,12,0,18,0,25,51,14,90,36,18,54,144
10/04/2002,MKG,MI,AGL,CE,Towers with Radar,0,24,44,0,68,0,8,0,0,8,0,32,44,0,76,0,0,0,76
10/05/2002,MKG,MI,AGL,CE,Towers with Radar,0,11,30,0,41,0,0,82,0,82,0,11,112,0,123,40,0,40,163
10/06/2002,MKG,MI,AGL,CE,Towers with Radar,0,8,30,0,38,0,0,15,0,15,0,8,45,0,53,22,0,22,75
10/07/2002,MKG,MI,AGL,CE,Towers with Radar,0,13,37,0,50,0,0,77,0,77,0,13,114,0,127,42,0,42,169
10/08/2002,MKG,MI,AGL,CE,Towers with Radar,0,17,36,0,53,0,1,67,0,68,0,18,103,0,121,50,0,50,171
10/09/2002,MKG,MI,AGL,CE,Towers with Radar,0,18,48,2,68,0,0,149,0,149,0,18,197,2,217,102,20,122,339
10/10/2002,MKG,MI,AGL,CE,Towers with Radar,0,27,81,7,115,0,0,205,6,211,0,27,286,13,326,208,32,240,566
10/11/2002,MKG,MI,AGL,CE,Towers with Radar,0,17,45,0,62,0,0,162,0,162,0,17,207,0,224,76,4,80,304
10/12/2002,MKG,MI,AGL,CE,Towers with Radar,0,9,21,0,30,0,9,0,0,9,0,18,21,0,39,0,0,0,39
10/13/2002,MKG,MI,AGL,CE,Towers with Radar,0,8,23,0,31,0,0,25,0,25,0,8,48,0,56,2,0,2,58
10/14/2002,MKG,MI,AGL,CE,Towers with Radar,0,11,36,0,47,0,0,159,0,159,0,11,195,0,206,128,0,128,334
10/15/2002,MKG,MI,AGL,CE,Towers with Radar,0,14,55,4,73,0,0,115,31,146,0,14,170,35,219,126,56,182,401
10/16/2002,MKG,MI,AGL,CE,Towers with Radar,0,31,66,5,102,0,42,134,0,176,0,73,200,5,278,144,6,150,428
10/17/2002,MKG,MI,AGL,CE,Towers with Radar,0,18,43,3,64,0,0,28,1,29,0,18,71,4,93,26,0,26,119
10/18/2002,MKG,MI,AGL,CE,Towers with Radar,0,24,22,0,46,0,0,11,0,11,0,24,33,0,57,18,0,18,75
10/19/2002,MKG,MI,AGL,CE,Towers with Radar,0,8,18,0,26,0,2,16,0,18,0,10,34,0,44,18,0,18,62
10/20/2002,MKG,MI,AGL,CE,Towers with Radar,0,9,25,0,34,0,0,50,0,50,0,9,75,0,84,26,0,26,110
10/21/2002,MKG,MI,AGL,CE,Towers with Radar,0,15,37,3,55,0,0,16,27,43,0,15,53,30,98,142,32,174,272
10/22/2002,MKG,MI,AGL,CE,Towers with Radar,0,21,50,5,76,0,0,61,38,99,0,21,111,43,175,74,56,130,305
10/23/2002,MKG,MI,AGL,CE,Towers with Radar,0,23,48,0,71,0,0,117,0,117,0,23,165,0,188,124,0,124,312
10/24/2002,MKG,MI,AGL,CE,Towers with Radar,0,14,32,3,49,0,0,88,1,89,0,14,120,4,138,146,44,190,328
10/25/2002,MKG,MI,AGL,CE,Towers with Radar,0,22,39,0,61,0,0,38,0,38,0,22,77,0,99,0,0,0,99
10/26/2002,MKG,MI,AGL,CE,Towers with Radar,0,11,22,0,33,0,5,8,0,13,0,16,30,0,46,2,0,2,48
10/27/2002,MKG,MI,AGL,CE,Towers with Radar,0,11,23,0,34,0,2,119,0,121,0,13,142,0,155,72,0,72,227
10/28/2002,MKG,MI,AGL,CE,Towers with Radar,0,11,22,2,35,0,5,80,0,85,0,16,102,2,120,124,2,126,246
10/29/2002,MKG,MI,AGL,CE,Towers with Radar,0,16,36,0,52,0,4,45,0,49,0,20,81,0,101,80,0,80,181
10/30/2002,MKG,MI,AGL,CE,Towers with Radar,0,19,41,0,60,0,1,103,0,104,0,20,144,0,164,132,0,132,296
10/31/2002,MKG,MI,AGL,CE,Towers with Radar,0,17,44,0,61,0,0,62,0,62,0,17,106,0,123,68,0,68,191
11/01/2002,MKG,MI,AGL,CE,Towers with Radar,0,21,37,0,58,0,5,51,0,56,0,26,88,0,114,92,0,92,206
11/02/2002,MKG,MI,AGL,CE,Towers with Radar,0,11,20,0,31,0,5,57,0,62,0,16,77,0,93,144,0,144,237
11/03/2002,MKG,MI,AGL,CE,Towers with Radar,0,12,23,0,35,0,1,80,0,81,0,13,103,0,116,42,2,44,160
11/04/2002,MKG,MI,AGL,CE,Towers with Radar,0,19,43,0,62,0,0,107,0,107,0,19,150,0,169,136,0,136,305
11/05/2002,MKG,MI,AGL,CE,Towers with Radar,0,17,38,3,58,0,0,16,14,30,0,17,54,17,88,30,8,38,126
11/06/2002,MKG,MI,AGL,CE,Towers with Radar,0,17,43,3,63,0,0,0,10,10,0,17,43,13,73,154,28,182,255
11/07/2002,MKG,MI,AGL,CE,Towers with Radar,0,18,51,3,72,0,0,83,1,84,0,18,134,4,156,52,0,52,208
11/08/2002,MKG,MI,AGL,CE,Towers with Radar,0,22,41,0,63,0,3,40,0,43,0,25,81,0,106,20,0,20,126
11/09/2002,MKG,MI,AGL,CE,Towers with Radar,0,10,22,0,32,0,2,25,0,27,0,12,47,0,59,6,0,6,65
11/10/2002,MKG,MI,AGL,CE,Towers with Radar,0,11,9,0,20,0,0,0,0,0,0,11,9,0,20,0,0,0,20
11/11/2002,MKG,MI,AGL,CE,Towers with Radar,0,14,35,0,49,0,0,48,0,48,0,14,83,0,97,122,0,122,219
11/12/2002,MKG,MI,AGL,CE,Towers with Radar,0,27,51,3,81,0,0,79,8,87,0,27,130,11,168,108,24,132,300
11/13/2002,MKG,MI,AGL,CE,Towers with Radar,0,21,55,3,79,0,0,129,21,150,0,21,184,24,229,188,18,206,435
11/14/2002,MKG,MI,AGL,CE,Towers with Radar,0,17,34,2,53,0,6,55,14,75,0,23,89,16,128,114,26,140,268
11/15/2002,MKG,MI,AGL,CE,Towers with Radar,0,14,36,0,50,0,0,112,0,112,0,14,148,0,162,144,2,146,308
11/16/2002,MKG,MI,AGL,CE,Towers with Radar,0,11,22,0,33,0,8,97,0,105,0,19,119,0,138,58,0,58,196
11/17/2002,MKG,MI,AGL,CE,Towers with Radar,0,13,26,1,40,0,1,97,0,98,0,14,123,1,138,60,0,60,198
11/18/2002,MKG,MI,AGL,CE,Towers with Radar,0,15,30,0,45,0,1,51,0,52,0,16,81,0,97,56,0,56,153
11/19/2002,MKG,MI,AGL,CE,Towers with Radar,0,22,43,0,65,0,1,61,0,62,0,23,104,0,127,60,0,60,187
11/20/2002,MKG,MI,AGL,CE,Towers with Radar,0,21,46,2,69,0,0,66,8,74,0,21,112,10,143,144,10,154,297
11/21/2002,MKG,MI,AGL,CE,Towers with Radar,0,19,21,0,40,0,6,0,0,6,0,25,21,0,46,2,0,2,48
11/22/2002,MKG,MI,AGL,CE,Towers with Radar,0,19,36,0,55,0,5,37,0,42,0,24,73,0,97,68,0,68,165
11/23/2002,MKG,MI,AGL,CE,Towers with Radar,0,10,18,0,28,0,3,37,0,40,0,13,55,0,68,36,0,36,104
11/24/2002,MKG,MI,AGL,CE,Towers with Radar,0,10,17,0,27,0,1,19,0,20,0,11,36,0,47,78,0,78,125
11/25/2002,MKG,MI,AGL,CE,Towers with Radar,0,18,31,0,49,0,0,79,0,79,0,18,110,0,128,106,0,106,234
11/26/2002,MKG,MI,AGL,CE,Towers with Radar,0,20,35,0,55,0,5,116,0,121,0,25,151,0,176,132,0,132,308
11/27/2002,MKG,MI,AGL,CE,Towers with Radar,0,22,52,0,74,0,0,105,0,105,0,22,157,0,179,120,0,120,299
11/28/2002,MKG,MI,AGL,CE,Towers with Radar,0,5,3,0,8,0,4,0,0,4,0,9,3,0,12,0,0,0,12
11/29/2002,MKG,MI,AGL,CE,Towers with Radar,0,7,13,0,20,0,4,32,0,36,0,11,45,0,56,40,0,40,96
11/30/2002,MKG,MI,AGL,CE,Towers with Radar,0,12,1,0,13,0,0,1,0,1,0,12,2,0,14,0,0,0,14
12/01/2002,MKG,MI,AGL,CE,Towers with Radar,0,13,17,0,30,0,1,0,0,1,0,14,17,0,31,0,0,0,31
12/02/2002,MKG,MI,AGL,CE,Towers with Radar,0,13,29,0,42,0,3,34,0,37,0,16,63,0,79,70,0,70,149
12/03/2002,MKG,MI,AGL,CE,Towers with Radar,0,21,41,0,62,0,0,78,0,78,0,21,119,0,140,106,0,106,246
12/04/2002,MKG,MI,AGL,CE,Towers with Radar,0,21,43,0,64,0,0,68,0,68,0,21,111,0,132,180,0,180,312
12/05/2002,MKG,MI,AGL,CE,Towers with Radar,0,24,44,2,70,0,2,19,0,21,0,26,63,2,91,72,2,74,165
12/06/2002,MKG,MI,AGL,CE,Towers with Radar,0,21,41,0,62,0,3,29,0,32,0,24,70,0,94,124,0,124,218
12/07/2002,MKG,MI,AGL,CE,Towers with Radar,0,11,22,0,33,0,1,50,0,51,0,12,72,0,84,110,0,110,194
12/08/2002,MKG,MI,AGL,CE,Towers with Radar,0,11,23,0,34,0,2,43,0,45,0,13,66,0,79,44,0,44,123
12/09/2002,MKG,MI,AGL,CE,Towers with Radar,0,22,40,0,62,0,1,72,0,73,0,23,112,0,135,98,0,98,233
12/10/2002,MKG,MI,AGL,CE,Towers with Radar,0,21,47,0,68,0,0,149,0,149,0,21,196,0,217,90,0,90,307
12/11/2002,MKG,MI,AGL,CE,Towers with Radar,0,21,51,3,75,0,0,146,0,146,0,21,197,3,221,132,0,132,353
12/12/2002,MKG,MI,AGL,CE,Towers with Radar,0,23,49,0,72,0,0,24,0,24,0,23,73,0,96,22,0,22,118
12/13/2002,MKG,MI,AGL,CE,Towers with Radar,0,11,19,0,30,0,0,0,0,0,0,11,19,0,30,20,0,20,50
12/14/2002,MKG,MI,AGL,CE,Towers with Radar,0,9,20,1,30,0,1,16,2,19,0,10,36,3,49,44,0,44,93
12/15/2002,MKG,MI,AGL,CE,Towers with Radar,0,3,23,0,26,0,0,48,0,48,0,3,71,0,74,120,0,120,194
12/16/2002,MKG,MI,AGL,CE,Towers with Radar,0,19,45,3,67,0,0,145,30,175,0,19,190,33,242,114,10,124,366
12/17/2002,MKG,MI,AGL,CE,Towers with Radar,0,17,41,2,60,0,0,61,15,76,0,17,102,17,136,66,42,108,244
12/18/2002,MKG,MI,AGL,CE,Towers with Radar,0,13,20,1,34,0,14,0,1,15,0,27,20,2,49,8,22,30,79
12/19/2002,MKG,MI,AGL,CE,Towers with Radar,0,28,52,0,80,0,0,52,0,52,0,28,104,0,132,134,6,140,272
12/20/2002,MKG,MI,AGL,CE,Towers with Radar,0,19,29,0,48,0,0,0,0,0,0,19,29,0,48,0,0,0,48
12/21/2002,MKG,MI,AGL,CE,Towers with Radar,0,9,11,0,20,0,4,0,0,4,0,13,11,0,24,0,0,0,24
12/22/2002,MKG,MI,AGL,CE,Towers with Radar,0,8,12,0,20,0,3,0,0,3,0,11,12,0,23,0,6,6,29
12/23/2002,MKG,MI,AGL,CE,Towers with Radar,0,14,20,1,35,0,0,0,7,7,0,14,20,8,42,26,0,26,68
12/24/2002,MKG,MI,AGL,CE,Towers with Radar,0,6,13,0,19,0,5,45,0,50,0,11,58,0,69,54,0,54,123
12/25/2002,MKG,MI,AGL,CE,Towers with Radar,0,12,6,0,18,0,0,7,0,7,0,12,13,0,25,14,0,14,39
12/26/2002,MKG,MI,AGL,CE,Towers with Radar,0,15,29,0,44,0,0,52,0,52,0,15,81,0,96,36,0,36,132
12/27/2002,MKG,MI,AGL,CE,Towers with Radar,0,17,38,0,55,0,0,8,0,8,0,17,46,0,63,56,0,56,119
12/28/2002,MKG,MI,AGL,CE,Towers with Radar,0,12,4,0,16,0,0,0,0,0,0,12,4,0,16,0,0,0,16
12/29/2002,MKG,MI,AGL,CE,Towers with Radar,0,12,22,0,34,0,4,36,0,40,0,16,58,0,74,44,0,44,118
12/30/2002,MKG,MI,AGL,CE,Towers with Radar,0,18,15,0,33,0,0,3,0,3,0,18,18,0,36,22,0,22,58
12/31/2002,MKG,MI,AGL,CE,Towers with Radar,0,12,21,0,33,0,5,111,0,116,0,17,132,0,149,94,0,94,243
01/01/2003,MKG,MI,AGL,CE,Towers with Radar,0,8,15,0,23,0,7,47,0,54,0,15,62,0,77,8,0,8,85
01/02/2003,MKG,MI,AGL,CE,Towers with Radar,0,10,20,0,30,0,9,15,0,24,0,19,35,0,54,52,0,52,106
01/03/2003,MKG,MI,AGL,CE,Towers with Radar,0,14,27,0,41,0,6,72,0,78,0,20,99,0,119,76,0,76,195
01/04/2003,MKG,MI,AGL,CE,Towers with Radar,0,14,28,0,42,0,0,109,0,109,0,14,137,0,151,34,0,34,185
01/05/2003,MKG,MI,AGL,CE,Towers with Radar,0,9,13,0,22,0,2,0,0,2,0,11,13,0,24,2,0,2,26
01/06/2003,MKG,MI,AGL,CE,Towers with Radar,0,12,24,0,36,0,4,22,0,26,0,16,46,0,62,44,0,44,106
01/07/2003,MKG,MI,AGL,CE,Towers with Radar,0,18,34,1,53,0,14,5,0,19,0,32,39,1,72,24,0,24,96
01/08/2003,MKG,MI,AGL,CE,Towers with Radar,0,24,49,2,75,0,0,153,9,162,0,24,202,11,237,72,28,100,337
01/09/2003,MKG,MI,AGL,CE,Towers with Radar,0,18,44,2,64,0,0,9,8,17,0,18,53,10,81,14,26,40,121
01/10/2003,MKG,MI,AGL,CE,Towers with Radar,0,14,12,0,26,0,2,0,0,2,0,16,12,0,28,0,0,0,28
01/11/2003,MKG,MI,AGL,CE,Towers with Radar,0,6,6,0,12,0,9,0,0,9,0,15,6,0,21,0,0,0,21
01/12/2003,MKG,MI,AGL,CE,Towers with Radar,0,12,20,0,32,0,2,24,0,26,0,14,44,0,58,34,0,34,92
01/13/2003,MKG,MI,AGL,CE,Towers with Radar,0,21,34,0,55,0,0,22,0,22,0,21,56,0,77,40,0,40,117
01/14/2003,MKG,MI,AGL,CE,Towers with Radar,0,2,49,0,51,0,0,11,0,11,0,2,60,0,62,44,0,44,106
01/15/2003,MKG,MI,AGL,CE,Towers with Radar,0,18,40,2,60,0,0,17,6,23,0,18,57,8,83,60,8,68,151
01/16/2003,MKG,MI,AGL,CE,Towers with Radar,0,24,46,2,72,0,0,107,0,107,0,24,153,2,179,118,2,120,299
01/17/2003,MKG,MI,AGL,CE,Towers with Radar,0,10,16,0,26,0,0,12,0,12,0,10,28,0,38,86,0,86,124
01/18/2003,MKG,MI,AGL,CE,Towers with Radar,0,7,6,0,13,0,2,0,0,2,0,9,6,0,15,0,0,0,15
01/19/2003,MKG,MI,AGL,CE,Towers with Radar,0,13,3,0,16,0,0,7,0,7,0,13,10,0,23,24,0,24,47
01/20/2003,MKG,MI,AGL,CE,Towers with Radar,0,10,20,0,30,0,0,15,0,15,0,10,35,0,45,52,0,52,97
01/21/2003,MKG,MI,AGL,CE,Towers with Radar,0,25,38,0,63,0,3,0,0,3,0,28,38,0,66,12,0,12,78
01/22/2003,MKG,MI,AGL,CE,Towers with Radar,0,31,69,1,101,0,0,57,0,57,0,31,126,1,158,80,0,80,238
01/23/2003,MKG,MI,AGL,CE,Towers with Radar,0,16,30,0,46,0,0,27,0,27,0,16,57,0,73,14,0,14,87
01/24/2003,MKG,MI,AGL,CE,Towers with Radar,0,22,38,0,60,0,0,15,0,15,0,22,53,0,75,62,0,62,137
01/25/2003,MKG,MI,AGL,CE,Towers with Radar,0,13,21,0,34,0,3,19,0,22,0,16,40,0,56,30,0,30,86
01/26/2003,MKG,MI,AGL,CE,Towers with Radar,0,12,21,0,33,0,0,14,0,14,0,12,35,0,47,40,0,40,87
01/27/2003,MKG,MI,AGL,CE,Towers with Radar,0,18,25,0,43,4,5,0,0,9,4,23,25,0,52,8,0,8,60
01/28/2003,MKG,MI,AGL,CE,Towers with Radar,0,23,43,0,66,0,0,8,0,8,0,23,51,0,74,20,14,34,108
01/29/2003,MKG,MI,AGL,CE,Towers with Radar,0,22,55,0,77,0,0,188,0,188,0,22,243,0,265,200,0,200,465
01/30/2003,MKG,MI,AGL,CE,Towers with Radar,0,22,45,0,67,0,0,48,0,48,0,22,93,0,115,44,0,44,159
01/31/2003,MKG,MI,AGL,CE,Towers with Radar,0,17,10,0,27,0,0,0,0,0,0,17,10,0,27,4,0,4,31
02/01/2003,MKG,MI,AGL,CE,Towers with Radar,0,11,16,0,27,0,3,37,0,40,0,14,53,0,67,104,0,104,171
02/02/2003,MKG,MI,AGL,CE,Towers with Radar,0,7,14,0,21,0,6,2,0,8,0,13,16,0,29,40,0,40,69
02/03/2003,MKG,MI,AGL,CE,Towers with Radar,0,14,6,0,20,0,2,0,0,2,0,16,6,0,22,0,0,0,22
02/04/2003,MKG,MI,AGL,CE,Towers with Radar,0,16,4,0,20,0,2,0,0,2,0,18,4,0,22,0,0,0,22
02/05/2003,MKG,MI,AGL,CE,Towers with Radar,0,15,42,0,57,0,0,43,0,43,0,15,85,0,100,128,0,128,228
02/06/2003,MKG,MI,AGL,CE,Towers with Radar,0,28,28,0,56,0,2,12,0,14,0,30,40,0,70,22,0,22,92
02/07/2003,MKG,MI,AGL,CE,Towers with Radar,0,23,40,0,63,0,11,18,0,29,0,34,58,0,92,30,0,30,122
02/08/2003,MKG,MI,AGL,CE,Towers with Radar,0,7,7,0,14,0,11,0,0,11,0,18,7,0,25,9,0,9,34
02/09/2003,MKG,MI,AGL,CE,Towers with Radar,0,13,24,0,37,0,2,63,0,65,0,15,87,0,102,66,0,66,168
02/10/2003,MKG,MI,AGL,CE,Towers with Radar,0,12,13,0,25,0,0,0,0,0,0,12,13,0,25,0,0,0,25
02/11/2003,MKG,MI,AGL,CE,Towers with Radar,0,11,35,0,46,0,0,8,0,8,0,11,43,0,54,13,0,13,67
02/12/2003,MKG,MI,AGL,CE,Towers with Radar,0,20,35,0,55,0,3,6,0,9,0,23,41,0,64,60,0,60,124
02/13/2003,MKG,MI,AGL,CE,Towers with Radar,0,29,46,0,75,2,0,99,5,106,2,29,145,5,181,46,20,66,247
02/14/2003,MKG,MI,AGL,CE,Towers with Radar,0,21,33,0,54,0,6,102,0,108,0,27,135,0,162,132,0,132,294
02/15/2003,MKG,MI,AGL,CE,Towers with Radar,0,13,20,0,33,0,7,69,0,76,0,20,89,0,109,58,2,60,169
02/16/2003,MKG,MI,AGL,CE,Towers with Radar,0,10,19,0,29,0,0,66,0,66,0,10,85,0,95,48,0,48,143
02/17/2003,MKG,MI,AGL,CE,Towers with Radar,0,10,23,0,33,1,0,73,0,74,1,10,96,0,107,180,0,180,287
02/18/2003,MKG,MI,AGL,CE,Towers with Radar,0,19,16,0,35,0,6,0,0,6,0,25,16,0,41,0,0,0,41
02/19/2003,MKG,MI,AGL,CE,Towers with Radar,0,16,24,0,40,0,0,33,0,33,0,16,57,0,73,86,2,88,161
02/20/2003,MKG,MI,AGL,CE,Towers with Radar,0,25,46,0,71,0,0,124,6,130,0,25,170,6,201,52,0,52,253
02/21/2003,MKG,MI,AGL,CE,Towers with Radar,0,21,36,0,57,0,0,118,0,118,0,21,154,0,175,112,0,112,287
02/22/2003,MKG,MI,AGL,CE,Towers with Radar,0,14,21,0,35,0,1,35,0,36,0,15,56,0,71,74,0,74,145
02/23/2003,MKG,MI,AGL,CE,Towers with Radar,0,12,21,0,33,0,0,68,0,68,0,12,89,0,101,90,0,90,191
02/24/2003,MKG,MI,AGL,CE,Towers with Radar,0,18,28,0,46,0,7,11,0,18,0,25,39,0,64,40,0,40,104
02/25/2003,MKG,MI,AGL,CE,Towers with Radar,0,28,53,0,81,0,0,50,0,50,0,28,103,0,131,114,0,114,245
02/26/2003,MKG,MI,AGL,CE,Towers with Radar,0,10,34,0,44,0,0,85,0,85,0,10,119,0,129,162,0,162,291
02/27/2003,MKG,MI,AGL,CE,Towers with Radar,0,22,47,0,69,0,0,136,1,137,0,22,183,1,206,86,0,86,292
02/28/2003,MKG,MI,AGL,CE,Towers with Radar,0,23,36,0,59,0,1,121,2,124,0,24,157,2,183,176,0,176,359
03/01/2003,MKG,MI,AGL,CE,Towers with Radar,0,13,24,0,37,0,4,91,0,95,0,17,115,0,132,92,0,92,224
03/02/2003,MKG,MI,AGL,CE,Towers with Radar,0,6,13,0,19,0,6,0,0,6,0,12,13,0,25,12,0,12,37
03/03/2003,MKG,MI,AGL,CE,Towers with Radar,0,15,33,0,48,0,6,31,0,37,0,21,64,0,85,42,0,42,127
03/04/2003,MKG,MI,AGL,CE,Towers with Radar,0,21,41,4,66,0,5,41,12,58,0,26,82,16,124,62,26,88,212
03/05/2003,MKG,MI,AGL,CE,Towers with Radar,0,17,35,0,52,0,4,86,0,90,0,21,121,0,142,76,0,76,218
03/06/2003,MKG,MI,AGL,CE,Towers with Radar,0,31,58,0,89,0,0,123,0,123,0,31,181,0,212,80,0,80,292
03/07/2003,MKG,MI,AGL,CE,Towers with Radar,0,15,23,0,38,0,8,0,0,8,0,23,23,0,46,12,0,12,58
03/08/2003,MKG,MI,AGL,CE,Towers with Radar,0,17,10,0,27,0,1,1,0,2,0,18,11,0,29,36,0,36,65
03/09/2003,MKG,MI,AGL,CE,Towers with Radar,0,10,21,0,31,0,3,16,0,19,0,13,37,0,50,10,0,10,60
03/10/2003,MKG,MI,AGL,CE,Towers with Radar,0,21,39,0,60,0,3,30,0,33,0,24,69,0,93,64,0,64,157
03/11/2003,MKG,MI,AGL,CE,Towers with Radar,0,25,45,0,70,0,4,20,0,24,0,29,65,0,94,24,0,24,118
03/12/2003,MKG,MI,AGL,CE,Towers with Radar,0,18,33,0,51,0,1,0,0,1,0,19,33,0,52,64,0,64,116
03/13/2003,MKG,MI,AGL,CE,Towers with Radar,0,22,41,4,67,0,1,102,0,103,0,23,143,4,170,112,2,114,284
03/14/2003,MKG,MI,AGL,CE,Towers with Radar,0,19,37,0,56,0,0,137,0,137,0,19,174,0,193,96,0,96,289
03/15/2003,MKG,MI,AGL,CE,Towers with Radar,0,14,30,0,44,0,0,179,0,179,0,14,209,0,223,0,0,0,223
03/16/2003,MKG,MI,AGL,CE,Towers with Radar,0,13,27,0,40,0,0,81,0,81,0,13,108,0,121,84,0,84,205
03/17/2003,MKG,MI,AGL,CE,Towers with Radar,0,13,37,4,54,0,0,68,5,73,0,13,105,9,127,160,12,172,299
03/18/2003,MKG,MI,AGL,CE,Towers with Radar,0,25,60,6,91,0,0,56,42,98,0,25,116,48,189,112,68,180,369
03/19/2003,MKG,MI,AGL,CE,Towers with Radar,0,21,23,0,44,0,2,0,0,2,0,23,23,0,46,8,0,8,54
03/20/2003,MKG,MI,AGL,CE,Towers with Radar,0,19,34,0,53,0,0,20,0,20,0,19,54,0,73,6,0,6,79
03/21/2003,MKG,MI,AGL,CE,Towers with Radar,0,13,34,0,47,0,0,27,0,27,0,13,61,0,74,70,0,70,144
03/22/2003,MKG,MI,AGL,CE,Towers with Radar,0,14,21,0,35,0,0,21,0,21,0,14,42,0,56,92,0,92,148
03/23/2003,MKG,MI,AGL,CE,Towers with Radar,0,20,33,1,54,0,1,140,0,141,0,21,173,1,195,128,0,128,323
03/24/2003,MKG,MI,AGL,CE,Towers with Radar,0,22,40,0,62,0,0,101,0,101,0,22,141,0,163,128,0,128,291
03/25/2003,MKG,MI,AGL,CE,Towers with Radar,0,20,38,3,61,0,0,118,29,147,0,20,156,32,208,152,36,188,396
03/26/2003,MKG,MI,AGL,CE,Towers with Radar,0,17,45,4,66,0,0,123,23,146,0,17,168,27,212,98,28,126,338
03/27/2003,MKG,MI,AGL,CE,Towers with Radar,0,21,42,4,67,0,0,72,19,91,0,21,114,23,158,48,24,72,230
03/28/2003,MKG,MI,AGL,CE,Towers with Radar,0,14,10,2,26,0,7,0,0,7,0,21,10,2,33,4,2,6,39
03/29/2003,MKG,MI,AGL,CE,Towers with Radar,0,12,19,0,31,0,1,37,0,38,0,13,56,0,69,128,0,128,197
03/30/2003,MKG,MI,AGL,CE,Towers with Radar,0,13,24,0,37,0,0,137,0,137,0,13,161,0,174,104,4,108,282
03/31/2003,MKG,MI,AGL,CE,Towers with Radar,0,27,45,4,76,0,0,148,0,148,0,27,193,4,224,184,24,208,432
04/01/2003,MKG,MI,AGL,CE,Towers with Radar,0,20,41,3,64,0,2,98,17,117,0,22,139,20,181,116,12,128,309
04/02/2003,MKG,MI,AGL,CE,Towers with Radar,0,23,48,0,71,0,0,95,0,95,0,23,143,0,166,84,10,94,260
04/03/2003,MKG,MI,AGL,CE,Towers with Radar,0,35,21,0,56,0,0,0,0,0,0,35,21,0,56,0,0,0,56
04/04/2003,MKG,MI,AGL,CE,Towers with Radar,0,15,16,0,31,0,0,0,0,0,0,15,16,0,31,0,0,0,31
04/05/2003,MKG,MI,AGL,CE,Towers with Radar,0,8,15,0,23,0,1,0,0,1,0,9,15,0,24,0,0,0,24
04/06/2003,MKG,MI,AGL,CE,Towers with Radar,0,12,24,0,36,0,1,79,0,80,0,13,103,0,116,88,0,88,204
04/07/2003,MKG,MI,AGL,CE,Towers with Radar,0,5,11,0,16,2,8,0,0,10,2,13,11,0,26,0,0,0,26
04/08/2003,MKG,MI,AGL,CE,Towers with Radar,0,14,29,0,43,0,4,33,0,37,0,18,62,0,80,122,0,122,202
04/09/2003,MKG,MI,AGL,CE,Towers with Radar,0,17,41,4,62,0,0,154,15,169,0,17,195,19,231,170,16,186,417
04/10/2003,MKG,MI,AGL,CE,Towers with Radar,0,13,41,3,57,0,0,113,0,113,0,13,154,3,170,140,4,144,314
04/11/2003,MKG,MI,AGL,CE,Towers with Radar,0,14,37,2,53,0,0,107,0,107,0,14,144,2,160,120,2,122,282
04/12/2003,MKG,MI,AGL,CE,Towers with Radar,0,11,27,1,39,0,5,163,0,168,0,16,190,1,207,164,4,168,375
04/13/2003,MKG,MI,AGL,CE,Towers with Radar,0,17,35,0,52,0,8,142,0,150,0,25,177,0,202,86,0,86,288
04/14/2003,MKG,MI,AGL,CE,Towers with Radar,0,14,33,0,47,2,0,46,0,48,2,14,79,0,95,30,0,30,125
04/15/2003,MKG,MI,AGL,CE,Towers with Radar,0,14,32,3,49,0,2,24,8,34,0,16,56,11,83,16,14,30,113
04/16/2003,MKG,MI,AGL,CE,Towers with Radar,0,15,34,4,53,0,6,11,11,28,0,21,45,15,81,80,6,86,167
04/17/2003,MKG,MI,AGL,CE,Towers with Radar,0,15,33,4,52,0,0,14,6,20,0,15,47,10,72,44,8,52,124
04/18/2003,MKG,MI,AGL,CE,Towers with Radar,0,15,37,0,52,0,0,63,0,63,0,15,100,0,115,160,0,160,275
04/19/2003,MKG,MI,AGL,CE,Towers with Radar,0,10,24,0,34,0,3,45,0,48,0,13,69,0,82,0,0,0,82
04/20/2003,MKG,MI,AGL,CE,Towers with Radar,0,7,3,0,10,0,2,0,0,2,0,9,3,0,12,0,0,0,12
04/21/2003,MKG,MI,AGL,CE,Towers with Radar,0,14,31,0,45,0,0,17,0,17,0,14,48,0,62,46,0,46,108
04/22/2003,MKG,MI,AGL,CE,Towers with Radar,0,12,39,0,51,0,0,83,0,83,0,12,122,0,134,108,0,108,242
04/23/2003,MKG,MI,AGL,CE,Towers with Radar,0,16,42,5,63,0,0,192,11,203,0,16,234,16,266,160,36,196,462
04/24/2003,MKG,MI,AGL,CE,Towers with Radar,0,15,48,0,63,0,0,140,0,140,0,15,188,0,203,108,0,108,311
04/25/2003,MKG,MI,AGL,CE,Towers with Radar,0,19,37,0,56,0,6,132,0,138,0,25,169,0,194,208,4,212,406
04/26/2003,MKG,MI,AGL,CE,Towers with Radar,0,11,23,0,34,0,1,147,0,148,0,12,170,0,182,96,0,96,278
04/27/2003,MKG,MI,AGL,CE,Towers with Radar,0,16,31,0,47,0,1,80,0,81,0,17,111,0,128,92,0,92,220
04/28/2003,MKG,MI,AGL,CE,Towers with Radar,0,13,33,3,49,2,0,64,12,78,2,13,97,15,127,204,10,214,341
04/29/2003,MKG,MI,AGL,CE,Towers with Radar,0,17,42,3,62,0,0,75,10,85,0,17,117,13,147,154,12,166,313
04/30/2003,MKG,MI,AGL,CE,Towers with Radar,0,18,40,0,58,0,0,21,0,21,0,18,61,0,79,116,0,116,195
05/01/2003,MKG,MI,AGL,CE,Towers with Radar,0,32,54,0,86,0,1,5,0,6,0,33,59,0,92,14,0,14,106
05/02/2003,MKG,MI,AGL,CE,Towers with Radar,0,21,53,0,74,0,2,135,0,137,0,23,188,0,211,160,0,160,371
05/03/2003,MKG,MI,AGL,CE,Towers with Radar,0,6,22,0,28,0,0,80,0,80,0,6,102,0,108,148,2,150,258
05/04/2003,MKG,MI,AGL,CE,Towers with Radar,0,9,24,3,36,0,1,110,1,112,0,10,134,4,148,132,0,132,280
05/05/2003,MKG,MI,AGL,CE,Towers with Radar,0,9,31,0,40,0,0,22,0,22,0,9,53,0,62,110,0,110,172
05/06/2003,MKG,MI,AGL,CE,Towers with Radar,0,14,38,0,52,0,3,83,0,86,0,17,121,0,138,164,0,164,302
05/07/2003,MKG,MI,AGL,CE,Towers with Radar,0,13,42,6,61,0,0,0,38,38,0,13,42,44,99,24,20,44,143
05/08/2003,MKG,MI,AGL,CE,Towers with Radar,0,13,35,0,48,0,0,71,0,71,0,13,106,0,119,140,0,140,259
05/09/2003,MKG,MI,AGL,CE,Towers with Radar,0,15,40,0,55,0,4,46,0,50,0,19,86,0,105,106,0,106,211
05/10/2003,MKG,MI,AGL,CE,Towers with Radar,0,10,26,1,37,0,3,131,0,134,0,13,157,1,171,200,0,200,371
05/11/2003,MKG,MI,AGL,CE,Towers with Radar,0,6,8,0,14,0,8,0,0,8,0,14,8,0,22,0,0,0,22
05/12/2003,MKG,MI,AGL,CE,Towers with Radar,0,13,32,4,49,0,0,13,11,24,0,13,45,15,73,22,0,22,95
05/13/2003,MKG,MI,AGL,CE,Towers with Radar,0,14,44,3,61,0,0,157,0,157,0,14,201,3,218,120,24,144,362
05/14/2003,MKG,MI,AGL,CE,Towers with Radar,0,12,27,3,42,0,8,60,5,73,0,20,87,8,115,120,48,168,283
05/15/2003,MKG,MI,AGL,CE,Towers with Radar,0,15,52,0,67,0,0,75,0,75,0,15,127,0,142,0,144,144,286
05/16/2003,MKG,MI,AGL,CE,Towers with Radar,0,20,48,0,68,0,7,59,0,66,0,27,107,0,134,148,0,148,282
05/17/2003,MKG,MI,AGL,CE,Towers with Radar,0,13,40,0,53,0,0,121,0,121,0,13,161,0,174,160,0,160,334
05/18/2003,MKG,MI,AGL,CE,Towers with Radar,0,11,28,0,39,0,0,137,0,137,0,11,165,0,176,78,0,78,254
05/19/2003,MKG,MI,AGL,CE,Towers with Radar,0,13,41,5,59,0,0,35,4,39,0,13,76,9,98,112,16,128,226
05/20/2003,MKG,MI,AGL,CE,Towers with Radar,0,16,42,2,60,0,0,22,0,22,0,16,64,2,82,32,4,36,118
05/21/2003,MKG,MI,AGL,CE,Towers with Radar,0,17,46,0,63,0,0,182,0,182,0,17,228,0,245,192,0,192,437
05/22/2003,MKG,MI,AGL,CE,Towers with Radar,0,16,61,7,84,0,0,190,47,237,0,16,251,54,321,220,60,280,601
05/23/2003,MKG,MI,AGL,CE,Towers with Radar,0,18,47,0,65,0,0,79,0,79,0,18,126,0,144,122,0,122,266
05/24/2003,MKG,MI,AGL,CE,Towers with Radar,0,9,24,2,35,0,1,33,3,37,0,10,57,5,72,60,48,108,180
05/25/2003,MKG,MI,AGL,CE,Towers with Radar,0,8,18,1,27,0,2,48,1,51,0,10,66,2,78,76,6,82,160
05/26/2003,MKG,MI,AGL,CE,Towers with Radar,0,10,25,1,36,0,1,91,0,92,0,11,116,1,128,50,0,50,178
05/27/2003,MKG,MI,AGL,CE,Towers with Radar,0,15,39,4,58,0,0,62,2,64,0,15,101,6,122,52,0,52,174
05/28/2003,MKG,MI,AGL,CE,Towers with Radar,0,16,38,3,57,0,2,102,3,107,0,18,140,6,164,142,44,186,350
05/29/2003,MKG,MI,AGL,CE,Towers with Radar,0,16,55,5,76,0,0,69,18,87,0,16,124,23,163,140,60,200,363
05/30/2003,MKG,MI,AGL,CE,Towers with Radar,0,15,38,1,54,0,2,71,0,73,0,17,109,1,127,200,0,200,327
05/31/2003,MKG,MI,AGL,CE,Towers with Radar,0,7,17,0,24,0,6,110,0,116,0,13,127,0,140,38,12,50,190
06/01/2003,MKG,MI,AGL,CE,Towers with Radar,0,9,23,0,32,0,3,156,0,159,0,12,179,0,191,108,34,142,333
06/02/2003,MKG,MI,AGL,CE,Towers with Radar,0,14,36,2,52,0,0,122,1,123,0,14,158,3,175,116,2,118,293
06/03/2003,MKG,MI,AGL,CE,Towers with Radar,0,19,53,3,75,0,0,73,2,75,0,19,126,5,150,96,0,96,246
06/04/2003,MKG,MI,AGL,CE,Towers with Radar,0,17,44,2,63,0,0,62,10,72,0,17,106,12,135,92,8,100,235
06/05/2003,MKG,MI,AGL,CE,Towers with Radar,0,20,49,2,71,0,0,119,10,129,0,20,168,12,200,146,36,182,382
06/06/2003,MKG,MI,AGL,CE,Towers with Radar,0,14,43,0,57,0,0,60,0,60,0,14,103,0,117,38,0,38,155
06/07/2003,MKG,MI,AGL,CE,Towers with Radar,0,13,35,3,51,0,2,71,1,74,0,15,106,4,125,20,4,24,149
06/08/2003,MKG,MI,AGL,CE,Towers with Radar,0,8,23,0,31,0,6,8,0,14,0,14,31,0,45,16,0,16,61
06/09/2003,MKG,MI,AGL,CE,Towers with Radar,0,11,35,0,46,0,0,76,0,76,0,11,111,0,122,100,10,110,232
06/10/2003,MKG,MI,AGL,CE,Towers with Radar,0,15,39,0,54,0,3,29,0,32,0,18,68,0,86,24,2,26,112
06/11/2003,MKG,MI,AGL,CE,Towers with Radar,0,18,48,3,69,0,3,64,4,71,0,21,112,7,140,116,22,138,278
06/12/2003,MKG,MI,AGL,CE,Towers with Radar,0,14,52,0,66,0,0,69,0,69,0,14,121,0,135,98,6,104,239
06/13/2003,MKG,MI,AGL,CE,Towers with Radar,0,16,49,2,67,0,0,104,0,104,0,16,153,2,171,66,0,66,237
06/14/2003,MKG,MI,AGL,CE,Towers with Radar,0,11,30,2,43,0,4,141,1,146,0,15,171,3,189,92,0,92,281
06/15/2003,MKG,MI,AGL,CE,Towers with Radar,0,6,33,1,40,0,0,119,0,119,0,6,152,1,159,28,0,28,187
06/16/2003,MKG,MI,AGL,CE,Towers with Radar,0,17,52,3,72,0,0,149,9,158,0,17,201,12,230,80,12,92,322
06/17/2003,MKG,MI,AGL,CE,Towers with Radar,0,16,48,3,67,0,0,104,16,120,0,16,152,19,187,132,62,194,381
06/18/2003,MKG,MI,AGL,CE,Towers with Radar,0,17,15,3,35,0,0,0,21,21,0,17,15,24,56,66,32,98,154
06/19/2003,MKG,MI,AGL,CE,Towers with Radar,0,17,45,2,64,0,2,104,0,106,0,19,149,2,170,122,0,122,292
06/20/2003,MKG,MI,AGL,CE,Towers with Radar,0,15,41,3,59,0,6,88,13,107,0,21,129,16,166,130,2,132,298
06/21/2003,MKG,MI,AGL,CE,Towers with Radar,0,11,29,0,40,0,3,124,0,127,0,14,153,0,167,64,0,64,231
06/22/2003,MKG,MI,AGL,CE,Towers with Radar,0,10,28,2,40,0,2,87,5,94,0,12,115,7,134,104,0,104,238
06/23/2003,MKG,MI,AGL,CE,Towers with Radar,0,17,49,3,69,0,0,138,29,167,0,17,187,32,236,100,16,116,352
06/24/2003,MKG,MI,AGL,CE,Towers with Radar,0,17,45,0,62,0,2,108,0,110,0,19,153,0,172,82,0,82,254
06/25/2003,MKG,MI,AGL,CE,Towers with Radar,0,21,53,2,76,0,3,63,1,67,0,24,116,3,143,88,34,122,265
06/26/2003,MKG,MI,AGL,CE,Towers with Radar,0,14,53,2,69,0,0,45,3,48,0,14,98,5,117,84,28,112,229
06/27/2003,MKG,MI,AGL,CE,Towers with Radar,0,14,46,2,62,0,0,71,4,75,0,14,117,6,137,32,12,44,181
06/28/2003,MKG,MI,AGL,CE,Towers with Radar,0,11,29,1,41,0,4,58,1,63,0,15,87,2,104,60,0,60,164
06/29/2003,MKG,MI,AGL,CE,Towers with Radar,0,11,28,1,40,0,1,63,1,65,0,12,91,2,105,104,4,108,213
06/30/2003,MKG,MI,AGL,CE,Towers with Radar,0,17,48,2,67,0,0,134,0,134,0,17,182,2,201,102,0,102,303
07/01/2003,MKG,MI,AGL,CE,Towers with Radar,0,15,41,4,60,0,0,134,8,142,0,15,175,12,202,116,2,118,320
07/02/2003,MKG,MI,AGL,CE,Towers with Radar,0,15,50,5,70,0,0,149,35,184,0,15,199,40,254,86,40,126,380
07/03/2003,MKG,MI,AGL,CE,Towers with Radar,0,12,28,3,43,0,2,25,40,67,0,14,53,43,110,36,46,82,192
07/04/2003,MKG,MI,AGL,CE,Towers with Radar,0,6,14,1,21,0,5,17,6,28,0,11,31,7,49,16,4,20,69
07/05/2003,MKG,MI,AGL,CE,Towers with Radar,0,7,18,2,27,0,4,36,3,43,0,11,54,5,70,0,0,0,70
07/06/2003,MKG,MI,AGL,CE,Towers with Radar,0,14,33,4,51,0,2,69,3,74,0,16,102,7,125,6,4,10,135
07/07/2003,MKG,MI,AGL,CE,Towers with Radar,0,19,49,6,74,0,5,25,19,49,0,24,74,25,123,20,0,20,143
07/08/2003,MKG,MI,AGL,CE,Towers with Radar,0,14,33,1,48,0,4,51,0,55,0,18,84,1,103,60,14,74,177
07/09/2003,MKG,MI,AGL,CE,Towers with Radar,0,17,41,0,58,0,11,99,0,110,0,28,140,0,168,160,0,160,328
07/10/2003,MKG,MI,AGL,CE,Towers with Radar,0,15,42,1,58,0,0,1,4,5,0,15,43,5,63,30,0,30,93
07/11/2003,MKG,MI,AGL,CE,Towers with Radar,0,13,34,3,50,0,2,31,0,33,0,15,65,3,83,6,0,6,89
07/12/2003,MKG,MI,AGL,CE,Towers with Radar,0,9,23,3,35,0,4,107,2,113,0,13,130,5,148,96,18,114,262
07/13/2003,MKG,MI,AGL,CE,Towers with Radar,0,13,32,0,45,0,7,138,0,145,0,20,170,0,190,86,0,86,276
07/14/2003,MKG,MI,AGL,CE,Towers with Radar,0,12,30,3,45,0,3,122,0,125,0,15,152,3,170,112,0,112,282
07/15/2003,MKG,MI,AGL,CE,Towers with Radar,0,18,50,6,74,0,0,33,22,55,0,18,83,28,129,68,40,108,237
07/16/2003,MKG,MI,AGL,CE,Towers with Radar,0,15,46,5,66,1,0,182,3,186,1,15,228,8,252,86,0,86,338
07/17/2003,MKG,MI,AGL,CE,Towers with Radar,0,18,47,6,71,0,0,79,6,85,0,18,126,12,156,80,14,94,250
07/18/2003,MKG,MI,AGL,CE,Towers with Radar,0,16,47,4,67,0,0,124,0,124,0,16,171,4,191,106,6,112,303
07/19/2003,MKG,MI,AGL,CE,Towers with Radar,0,11,27,1,39,0,10,122,0,132,0,21,149,1,171,112,0,112,283
07/20/2003,MKG,MI,AGL,CE,Towers with Radar,0,12,31,3,46,0,0,24,0,24,0,12,55,3,70,10,0,10,80
07/21/2003,MKG,MI,AGL,CE,Towers with Radar,0,16,40,0,56,0,2,7,0,9,0,18,47,0,65,8,2,10,75
07/22/2003,MKG,MI,AGL,CE,Towers with Radar,0,14,53,2,69,0,0,110,0,110,0,14,163,2,179,88,70,158,337
07/23/2003,MKG,MI,AGL,CE,Towers with Radar,0,9,27,0,36,0,0,105,0,105,0,9,132,0,141,94,0,94,235
07/24/2003,MKG,MI,AGL,CE,Towers with Radar,0,17,43,4,64,0,1,126,10,137,0,18,169,14,201,132,10,142,343
07/25/2003,MKG,MI,AGL,CE,Towers with Radar,0,18,58,6,82,0,0,158,7,165,0,18,216,13,247,74,4,78,325
07/26/2003,MKG,MI,AGL,CE,Towers with Radar,0,11,30,0,41,0,2,17,0,19,0,13,47,0,60,8,0,8,68
07/27/2003,MKG,MI,AGL,CE,Towers with Radar,0,14,44,4,62,0,0,64,0,64,0,14,108,4,126,42,0,42,168
07/28/2003,MKG,MI,AGL,CE,Towers with Radar,0,17,72,7,96,0,0,127,2,129,0,17,199,9,225,106,0,106,331
07/29/2003,MKG,MI,AGL,CE,Towers with Radar,0,17,50,5,72,0,0,133,5,138,0,17,183,10,210,170,38,208,418
07/30/2003,MKG,MI,AGL,CE,Towers with Radar,0,29,80,8,117,0,0,155,5,160,0,29,235,13,277,122,6,128,405
07/31/2003,MKG,MI,AGL,CE,Towers with Radar,0,16,76,0,92,0,0,170,0,170,0,16,246,0,262,104,0,104,366
08/01/2003,MKG,MI,AGL,CE,Towers with Radar,0,18,39,1,58,0,0,0,0,0,0,18,39,1,58,10,0,10,68
08/02/2003,MKG,MI,AGL,CE,Towers with Radar,0,19,98,7,124,0,0,77,2,79,0,19,175,9,203,104,4,108,311
08/03/2003,MKG,MI,AGL,CE,Towers with Radar,0,12,65,2,79,0,0,26,0,26,0,12,91,2,105,130,32,162,267
08/04/2003,MKG,MI,AGL,CE,Towers with Radar,0,18,68,6,92,0,0,51,3,54,0,18,119,9,146,46,8,54,200
08/05/2003,MKG,MI,AGL,CE,Towers with Radar,0,18,58,5,81,3,0,90,30,123,3,18,148,35,204,66,48,114,318
08/06/2003,MKG,MI,AGL,CE,Towers with Radar,0,17,50,4,71,0,8,96,18,122,0,25,146,22,193,108,12,120,313
08/07/2003,MKG,MI,AGL,CE,Towers with Radar,0,20,58,5,83,0,1,72,14,87,0,21,130,19,170,166,20,186,356
08/08/2003,MKG,MI,AGL,CE,Towers with Radar,0,19,61,2,82,0,0,40,0,40,0,19,101,2,122,80,0,80,202
08/09/2003,MKG,MI,AGL,CE,Towers with Radar,0,17,49,4,70,0,6,132,0,138,0,23,181,4,208,160,40,200,408
08/10/2003,MKG,MI,AGL,CE,Towers with Radar,0,12,35,2,49,0,3,140,0,143,0,15,175,2,192,96,0,96,288
08/11/2003,MKG,MI,AGL,CE,Towers with Radar,0,14,62,1,77,0,0,57,0,57,0,14,119,1,134,76,0,76,210
08/12/2003,MKG,MI,AGL,CE,Towers with Radar,0,18,56,5,79,0,0,62,12,74,0,18,118,17,153,89,12,101,254
08/13/2003,MKG,MI,AGL,CE,Towers with Radar,0,16,55,5,76,0,0,184,4,188,0,16,239,9,264,140,4,144,408
08/14/2003,MKG,MI,AGL,CE,Towers with Radar,0,17,52,5,74,0,0,129,5,134,0,17,181,10,208,96,12,108,316
08/15/2003,MKG,MI,AGL,CE,Towers with Radar,0,19,61,4,84,0,0,65,0,65,0,19,126,4,149,84,0,84,233
08/16/2003,MKG,MI,AGL,CE,Towers with Radar,0,9,29,3,41,0,12,58,2,72,0,21,87,5,113,32,0,32,145
08/17/2003,MKG,MI,AGL,CE,Towers with Radar,0,11,35,3,49,0,3,68,6,77,0,14,103,9,126,92,2,94,220
08/18/2003,MKG,MI,AGL,CE,Towers with Radar,0,13,36,3,52,0,8,123,1,132,0,21,159,4,184,74,28,102,286
08/19/2003,MKG,MI,AGL,CE,Towers with Radar,0,15,47,4,66,0,12,135,16,163,0,27,182,20,229,130,30,160,389
08/20/2003,MKG,MI,AGL,CE,Towers with Radar,0,15,61,5,81,0,0,143,2,145,0,15,204,7,226,62,18,80,306
08/21/2003,MKG,MI,AGL,CE,Towers with Radar,0,15,49,1,65,0,0,30,0,30,0,15,79,1,95,2,0,2,97
08/22/2003,MKG,MI,AGL,CE,Towers with Radar,0,19,61,3,83,0,0,181,0,181,0,19,242,3,264,90,0,90,354
08/23/2003,MKG,MI,AGL,CE,Towers with Radar,0,10,29,1,40,0,5,126,0,131,0,15,155,1,171,172,0,172,343
08/24/2003,MKG,MI,AGL,CE,Towers with Radar,0,9,28,1,38,0,3,47,0,50,0,12,75,1,88,14,0,14,102
08/25/2003,MKG,MI,AGL,CE,Towers with Radar,0,12,37,2,51,0,0,44,5,49,0,12,81,7,100,4,0,4,104
08/26/2003,MKG,MI,AGL,CE,Towers with Radar,0,15,45,3,63,0,1,100,1,102,0,16,145,4,165,88,2,90,255
08/27/2003,MKG,MI,AGL,CE,Towers with Radar,0,17,53,1,71,0,0,143,0,143,0,17,196,1,214,124,2,126,340
08/28/2003,MKG,MI,AGL,CE,Towers with Radar,0,16,55,4,75,0,0,94,19,113,0,16,149,23,188,20,32,52,240
08/29/2003,MKG,MI,AGL,CE,Towers with Radar,0,14,43,2,59,0,3,47,0,50,0,17,90,2,109,90,0,90,199
08/30/2003,MKG,MI,AGL,CE,Towers with Radar,0,10,31,2,43,0,3,140,11,154,0,13,171,13,197,40,16,56,253
08/31/2003,MKG,MI,AGL,CE,Towers with Radar,0,6,23,1,30,0,0,49,3,52,0,6,72,4,82,28,26,54,136
09/01/2003,MKG,MI,AGL,CE,Towers with Radar,0,15,40,2,57,0,1,63,0,64,0,16,103,2,121,52,0,52,173
09/02/2003,MKG,MI,AGL,CE,Towers with Radar,0,16,42,0,58,0,3,95,0,98,0,19,137,0,156,96,0,96,252
09/03/2003,MKG,MI,AGL,CE,Towers with Radar,0,19,47,4,70,0,0,29,9,38,0,19,76,13,108,54,26,80,188
09/04/2003,MKG,MI,AGL,CE,Towers with Radar,0,18,45,4,67,0,0,36,16,52,0,18,81,20,119,44,36,80,199
09/05/2003,MKG,MI,AGL,CE,Towers with Radar,0,17,54,0,71,0,0,192,0,192,0,17,246,0,263,195,0,195,458
09/06/2003,MKG,MI,AGL,CE,Towers with Radar,0,16,41,0,57,0,1,176,0,177,0,17,217,0,234,60,0,60,294
09/07/2003,MKG,MI,AGL,CE,Towers with Radar,0,15,39,0,54,0,0,98,0,98,0,15,137,0,152,26,0,26,178
09/08/2003,MKG,MI,AGL,CE,Towers with Radar,0,12,33,4,49,0,0,106,1,107,0,12,139,5,156,110,2,112,268
09/09/2003,MKG,MI,AGL,CE,Towers with Radar,0,15,40,0,55,0,3,72,0,75,0,18,112,0,130,84,2,86,216
09/10/2003,MKG,MI,AGL,CE,Towers with Radar,0,22,60,6,88,0,0,124,9,133,0,22,184,15,221,106,36,142,363
09/11/2003,MKG,MI,AGL,CE,Towers with Radar,0,17,49,5,71,0,0,66,11,77,0,17,115,16,148,64,12,76,224
09/12/2003,MKG,MI,AGL,CE,Towers with Radar,0,16,53,1,70,0,0,76,0,76,0,16,129,1,146,94,46,140,286
09/13/2003,MKG,MI,AGL,CE,Towers with Radar,0,8,18,2,28,0,4,15,2,21,0,12,33,4,49,45,40,85,134
09/14/2003,MKG,MI,AGL,CE,Towers with Radar,0,12,33,0,45,0,5,4,0,9,0,17,37,0,54,50,34,84,138
09/15/2003,MKG,MI,AGL,CE,Towers with Radar,0,14,37,4,55,0,1,55,3,59,0,15,92,7,114,62,62,124,238
09/16/2003,MKG,MI,AGL,CE,Towers with Radar,0,20,53,5,78,0,0,159,6,165,0,20,212,11,243,132,84,216,459
09/17/2003,MKG,MI,AGL,CE,Towers with Radar,0,15,45,0,60,0,0,61,0,61,0,15,106,0,121,105,44,149,270
09/18/2003,MKG,MI,AGL,CE,Towers with Radar,0,20,52,5,77,0,0,88,47,135,0,20,140,52,212,150,88,238,450
09/19/2003,MKG,MI,AGL,CE,Towers with Radar,0,13,44,2,59,0,0,21,0,21,0,13,65,2,80,59,32,91,171
09/20/2003,MKG,MI,AGL,CE,Towers with Radar,0,7,21,1,29,0,5,104,0,109,0,12,125,1,138,152,166,318,456
09/21/2003,MKG,MI,AGL,CE,Towers with Radar,0,10,30,0,40,0,0,135,0,135,0,10,165,0,175,123,88,211,386
09/22/2003,MKG,MI,AGL,CE,Towers with Radar,0,10,23,0,33,0,10,0,0,10,0,20,23,0,43,42,28,70,113
09/23/2003,MKG,MI,AGL,CE,Towers with Radar,0,16,43,0,59,2,1,70,0,73,2,17,113,0,132,18,0,18,150
09/24/2003,MKG,MI,AGL,CE,Towers with Radar,0,22,57,0,79,0,1,31,0,32,0,23,88,0,111,38,0,38,149
09/25/2003,MKG,MI,AGL,CE,Towers with Radar,0,14,57,5,76,0,0,82,3,85,0,14,139,8,161,70,6,76,237
09/26/2003,MKG,MI,AGL,CE,Towers with Radar,0,14,40,3,57,0,0,33,14,47,0,14,73,17,104,84,16,100,204
09/27/2003,MKG,MI,AGL,CE,Towers with Radar,0,8,22,0,30,0,5,22,0,27,0,13,44,0,57,10,0,10,67
09/28/2003,MKG,MI,AGL,CE,Towers with Radar,0,11,30,0,41,0,0,8,0,8,0,11,38,0,49,4,0,4,53
09/29/2003,MKG,MI,AGL,CE,Towers with Radar,0,13,41,0,54,0,0,69,0,69,0,13,110,0,123,62,0,62,185
09/30/2003,MKG,MI,AGL,CE,Towers with Radar,0,19,50,0,69,0,1,38,0,39,0,20,88,0,108,34,0,34,142
10/01/2003,MKG,MI,AGL,CE,Towers with Radar,0,13,29,0,42,0,4,32,0,36,0,17,61,0,78,40,0,40,118
10/02/2003,MKG,MI,AGL,CE,Towers with Radar,0,20,46,2,68,0,0,107,9,116,0,20,153,11,184,150,36,186,370
10/03/2003,MKG,MI,AGL,CE,Towers with Radar,0,14,27,0,41,0,2,0,0,2,0,16,27,0,43,4,0,4,47
10/04/2003,MKG,MI,AGL,CE,Towers with Radar,0,13,27,1,41,0,3,57,11,71,0,16,84,12,112,52,12,64,176
10/05/2003,MKG,MI,AGL,CE,Towers with Radar,0,11,21,0,32,0,99,82,0,181,0,110,103,0,213,90,0,90,303
10/06/2003,MKG,MI,AGL,CE,Towers with Radar,0,14,29,0,43,0,4,118,0,122,0,18,147,0,165,92,0,92,257
10/07/2003,MKG,MI,AGL,CE,Towers with Radar,0,18,39,0,57,0,0,109,0,109,0,18,148,0,166,70,0,70,236
10/08/2003,MKG,MI,AGL,CE,Towers with Radar,0,17,37,0,54,0,3,112,0,115,0,20,149,0,169,82,2,84,253
10/09/2003,MKG,MI,AGL,CE,Towers with Radar,0,18,39,0,57,0,99,129,0,228,0,117,168,0,285,120,0,120,405
10/10/2003,MKG,MI,AGL,CE,Towers with Radar,0,14,43,0,57,0,0,119,0,119,0,14,162,0,176,60,0,60,236
10/11/2003,MKG,MI,AGL,CE,Towers with Radar,0,14,28,0,42,0,0,114,0,114,0,14,142,0,156,56,0,56,212
10/12/2003,MKG,MI,AGL,CE,Towers with Radar,0,10,22,0,32,0,5,49,0,54,0,15,71,0,86,56,0,56,142
10/13/2003,MKG,MI,AGL,CE,Towers with Radar,0,8,27,0,35,0,0,92,0,92,0,8,119,0,127,110,0,110,237
10/14/2003,MKG,MI,AGL,CE,Towers with Radar,0,14,42,2,58,0,0,0,2,2,0,14,42,4,60,2,0,2,62
10/15/2003,MKG,MI,AGL,CE,Towers with Radar,0,16,35,0,51,0,0,55,0,55,0,16,90,0,106,30,0,30,136
10/16/2003,MKG,MI,AGL,CE,Towers with Radar,0,15,40,0,55,0,0,68,0,68,0,15,108,0,123,56,4,60,183
10/17/2003,MKG,MI,AGL,CE,Towers with Radar,0,16,31,0,47,0,0,72,0,72,0,16,103,0,119,92,0,92,211
10/18/2003,MKG,MI,AGL,CE,Towers with Radar,0,7,15,0,22,0,7,71,0,78,0,14,86,0,100,50,0,50,150
10/19/2003,MKG,MI,AGL,CE,Towers with Radar,0,10,23,0,33,0,0,77,0,77,0,10,100,0,110,46,0,46,156
10/20/2003,MKG,MI,AGL,CE,Towers with Radar,0,11,25,0,36,0,7,45,2,54,0,18,70,2,90,34,0,34,124
10/21/2003,MKG,MI,AGL,CE,Towers with Radar,0,18,41,0,59,0,0,31,0,31,0,18,72,0,90,46,0,46,136
10/22/2003,MKG,MI,AGL,CE,Towers with Radar,0,18,43,1,62,0,0,53,17,70,0,18,96,18,132,84,0,84,216
10/23/2003,MKG,MI,AGL,CE,Towers with Radar,0,15,41,0,56,0,0,67,0,67,0,15,108,0,123,80,0,80,203
10/24/2003,MKG,MI,AGL,CE,Towers with Radar,0,16,41,0,57,0,0,75,0,75,0,16,116,0,132,56,0,56,188
10/25/2003,MKG,MI,AGL,CE,Towers with Radar,0,8,16,0,24,0,5,10,0,15,0,13,26,0,39,0,0,0,39
10/26/2003,MKG,MI,AGL,CE,Towers with Radar,0,9,18,0,27,0,3,47,0,50,0,12,65,0,77,94,0,94,171
10/27/2003,MKG,MI,AGL,CE,Towers with Radar,0,10,33,0,43,0,0,42,0,42,0,10,75,0,85,78,0,78,163
10/28/2003,MKG,MI,AGL,CE,Towers with Radar,0,14,28,0,42,0,1,9,0,10,0,15,37,0,52,8,0,8,60
10/29/2003,MKG,MI,AGL,CE,Towers with Radar,0,18,44,0,62,0,0,36,0,36,0,18,80,0,98,64,0,64,162
10/30/2003,MKG,MI,AGL,CE,Towers with Radar,0,19,40,0,59,0,12,63,0,75,0,31,103,0,134,50,0,50,184
10/31/2003,MKG,MI,AGL,CE,Towers with Radar,0,15,32,0,47,0,2,31,0,33,0,17,63,0,80,12,0,12,92
11/01/2003,MKG,MI,AGL,CE,Towers with Radar,1,15,32,0,48,0,0,64,0,64,1,15,96,0,112,80,0,80,192
11/02/2003,MKG,MI,AGL,CE,Towers with Radar,0,8,28,0,36,0,0,16,0,16,0,8,44,0,52,0,0,0,52
11/03/2003,MKG,MI,AGL,CE,Towers with Radar,1,21,33,0,55,1,6,0,0,7,2,27,33,0,62,30,0,30,92
11/04/2003,MKG,MI,AGL,CE,Towers with Radar,1,19,21,0,41,2,1,0,0,3,3,20,21,0,44,0,0,0,44
11/05/2003,MKG,MI,AGL,CE,Towers with Radar,1,21,43,2,67,6,0,52,5,63,7,21,95,7,130,80,16,96,226
11/06/2003,MKG,MI,AGL,CE,Towers with Radar,1,18,43,0,62,1,0,98,0,99,2,18,141,0,161,80,0,80,241
11/07/2003,MKG,MI,AGL,CE,Towers with Radar,1,18,35,0,54,0,0,49,0,49,1,18,84,0,103,40,0,40,143
11/08/2003,MKG,MI,AGL,CE,Towers with Radar,0,14,25,0,39,0,3,110,0,113,0,17,135,0,152,86,20,106,258
11/09/2003,MKG,MI,AGL,CE,Towers with Radar,0,4,9,0,13,0,1,68,0,69,0,5,77,0,82,80,0,80,162
11/10/2003,MKG,MI,AGL,CE,Towers with Radar,0,17,34,1,52,0,0,44,7,51,0,17,78,8,103,58,14,72,175
11/11/2003,MKG,MI,AGL,CE,Towers with Radar,0,15,34,0,49,0,0,7,0,7,0,15,41,0,56,12,0,12,68
11/12/2003,MKG,MI,AGL,CE,Towers with Radar,1,19,35,2,57,1,1,2,6,10,2,20,37,8,67,16,16,32,99
11/13/2003,MKG,MI,AGL,CE,Towers with Radar,0,18,30,1,49,0,2,0,1,3,0,20,30,2,52,2,0,2,54
11/14/2003,MKG,MI,AGL,CE,Towers with Radar,1,9,49,2,61,0,0,8,89,97,1,9,57,91,158,62,0,62,220
11/15/2003,MKG,MI,AGL,CE,Towers with Radar,0,5,11,0,16,0,5,15,0,20,0,10,26,0,36,10,0,10,46
11/16/2003,MKG,MI,AGL,CE,Towers with Radar,0,8,18,0,26,0,0,2,0,2,0,8,20,0,28,8,0,8,36
11/17/2003,MKG,MI,AGL,CE,Towers with Radar,0,15,29,0,44,0,2,12,0,14,0,17,41,0,58,22,0,22,80
11/18/2003,MKG,MI,AGL,CE,Towers with Radar,0,17,14,0,31,0,2,0,0,2,0,19,14,0,33,0,0,0,33
11/19/2003,MKG,MI,AGL,CE,Towers with Radar,0,14,47,3,64,0,0,96,19,115,0,14,143,22,179,80,10,90,269
11/20/2003,MKG,MI,AGL,CE,Towers with Radar,0,14,37,0,51,0,0,80,0,80,0,14,117,0,131,24,0,24,155
11/21/2003,MKG,MI,AGL,CE,Towers with Radar,0,16,40,0,56,0,0,137,0,137,0,16,177,0,193,156,0,156,349
11/22/2003,MKG,MI,AGL,CE,Towers with Radar,0,11,23,0,34,0,4,22,0,26,0,15,45,0,60,60,0,60,120
11/23/2003,MKG,MI,AGL,CE,Towers with Radar,0,7,11,0,18,0,2,0,0,2,0,9,11,0,20,8,0,8,28
11/24/2003,MKG,MI,AGL,CE,Towers with Radar,0,11,13,0,24,0,2,0,0,2,0,13,13,0,26,0,0,0,26
11/25/2003,MKG,MI,AGL,CE,Towers with Radar,0,14,39,3,56,0,0,16,25,41,0,14,55,28,97,24,32,56,153
11/26/2003,MKG,MI,AGL,CE,Towers with Radar,0,19,48,0,67,0,0,136,0,136,0,19,184,0,203,112,0,112,315
11/27/2003,MKG,MI,AGL,CE,Towers with Radar,0,4,9,0,13,0,4,0,0,4,0,8,9,0,17,0,0,0,17
11/28/2003,MKG,MI,AGL,CE,Towers with Radar,0,4,8,0,12,0,5,0,0,5,0,9,8,0,17,0,0,0,17
11/29/2003,MKG,MI,AGL,CE,Towers with Radar,0,9,20,0,29,0,6,9,0,15,0,15,29,0,44,32,0,32,76
11/30/2003,MKG,MI,AGL,CE,Towers with Radar,0,8,26,0,34,0,0,51,0,51,0,8,77,0,85,48,0,48,133
12/01/2003,MKG,MI,AGL,CE,Towers with Radar,0,12,20,0,32,0,2,0,3,5,0,14,20,3,37,12,0,12,49
12/02/2003,MKG,MI,AGL,CE,Towers with Radar,0,15,44,0,59,0,0,111,5,116,0,15,155,5,175,112,8,120,295
12/03/2003,MKG,MI,AGL,CE,Towers with Radar,0,16,55,0,71,0,0,137,0,137,0,16,192,0,208,100,0,100,308
12/04/2003,MKG,MI,AGL,CE,Towers with Radar,0,19,48,1,68,0,0,57,7,64,0,19,105,8,132,64,6,70,202
12/05/2003,MKG,MI,AGL,CE,Towers with Radar,0,15,31,0,46,0,0,53,0,53,0,15,84,0,99,64,0,64,163
12/06/2003,MKG,MI,AGL,CE,Towers with Radar,0,10,30,0,40,0,0,100,0,100,0,10,130,0,140,60,0,60,200
12/07/2003,MKG,MI,AGL,CE,Towers with Radar,0,6,22,0,28,0,0,110,0,110,0,6,132,0,138,0,0,0,138
12/08/2003,MKG,MI,AGL,CE,Towers with Radar,0,13,34,0,47,0,0,36,0,36,0,13,70,0,83,84,0,84,167
12/09/2003,MKG,MI,AGL,CE,Towers with Radar,0,16,16,0,32,0,1,0,0,1,0,17,16,0,33,0,0,0,33
12/10/2003,MKG,MI,AGL,CE,Towers with Radar,0,19,35,0,54,0,0,3,0,3,0,19,38,0,57,6,0,6,63
12/11/2003,MKG,MI,AGL,CE,Towers with Radar,0,17,36,0,53,0,0,3,0,3,0,17,39,0,56,16,0,16,72
12/12/2003,MKG,MI,AGL,CE,Towers with Radar,0,19,47,0,66,1,0,38,0,39,1,19,85,0,105,24,0,24,129
12/13/2003,MKG,MI,AGL,CE,Towers with Radar,0,8,23,0,31,0,0,113,0,113,0,8,136,0,144,38,0,38,182
12/14/2003,MKG,MI,AGL,CE,Towers with Radar,0,7,14,0,21,0,1,10,0,11,0,8,24,0,32,52,0,52,84
12/15/2003,MKG,MI,AGL,CE,Towers with Radar,0,15,30,0,45,0,0,7,0,7,0,15,37,0,52,32,0,32,84
12/16/2003,MKG,MI,AGL,CE,Towers with Radar,0,15,24,1,40,0,5,0,0,5,0,20,24,1,45,6,0,6,51
12/17/2003,MKG,MI,AGL,CE,Towers with Radar,0,18,35,0,53,0,6,15,0,21,0,24,50,0,74,42,0,42,116
12/18/2003,MKG,MI,AGL,CE,Towers with Radar,0,9,20,0,29,0,0,10,0,10,0,9,30,0,39,20,0,20,59
12/19/2003,MKG,MI,AGL,CE,Towers with Radar,0,18,29,0,47,0,0,0,0,0,0,18,29,0,47,0,0,0,47
12/20/2003,MKG,MI,AGL,CE,Towers with Radar,0,11,24,0,35,0,0,42,0,42,0,11,66,0,77,32,0,32,109
12/21/2003,MKG,MI,AGL,CE,Towers with Radar,0,9,17,0,26,0,2,37,0,39,0,11,54,0,65,34,0,34,99
12/22/2003,MKG,MI,AGL,CE,Towers with Radar,0,15,46,0,61,0,0,42,0,42,0,15,88,0,103,60,0,60,163
12/23/2003,MKG,MI,AGL,CE,Towers with Radar,0,15,29,0,44,0,4,25,0,29,0,19,54,0,73,52,0,52,125
12/24/2003,MKG,MI,AGL,CE,Towers with Radar,0,6,13,0,19,0,2,11,0,13,0,8,24,0,32,14,0,14,46
12/25/2003,MKG,MI,AGL,CE,Towers with Radar,0,3,4,0,7,0,8,0,0,8,0,11,4,0,15,0,0,0,15
12/26/2003,MKG,MI,AGL,CE,Towers with Radar,0,11,24,0,35,0,4,111,0,115,0,15,135,0,150,64,0,64,214
12/27/2003,MKG,MI,AGL,CE,Towers with Radar,0,8,18,0,26,0,6,90,0,96,0,14,108,0,122,50,0,50,172
12/28/2003,MKG,MI,AGL,CE,Towers with Radar,0,8,17,0,25,0,10,1,0,11,0,18,18,0,36,8,0,8,44
12/29/2003,MKG,MI,AGL,CE,Towers with Radar,0,14,31,0,45,0,0,104,9,113,0,14,135,9,158,84,16,100,258
12/30/2003,MKG,MI,AGL,CE,Towers with Radar,0,11,22,0,33,0,11,9,0,20,0,22,31,0,53,44,0,44,97
12/31/2003,MKG,MI,AGL,CE,Towers with Radar,0,7,14,0,21,0,6,8,0,14,0,13,22,0,35,2,0,2,37
01/01/2004,MKG,MI,AGL,CE,Towers with Radar,0,5,10,0,15,0,4,74,0,78,0,9,84,0,93,80,0,80,173
01/02/2004,MKG,MI,AGL,CE,Towers with Radar,0,14,20,0,34,0,2,10,0,12,0,16,30,0,46,4,0,4,50
01/03/2004,MKG,MI,AGL,CE,Towers with Radar,0,11,17,0,28,0,2,72,0,74,0,13,89,0,102,24,0,24,126
01/04/2004,MKG,MI,AGL,CE,Towers with Radar,0,8,8,0,16,0,0,22,0,22,0,8,30,0,38,36,0,36,74
01/05/2004,MKG,MI,AGL,CE,Towers with Radar,0,10,20,0,30,0,0,16,0,16,0,10,36,0,46,22,0,22,68
01/06/2004,MKG,MI,AGL,CE,Towers with Radar,0,10,7,0,17,0,8,0,0,8,0,18,7,0,25,0,0,0,25
01/07/2004,MKG,MI,AGL,CE,Towers with Radar,0,16,18,0,34,0,0,0,0,0,0,16,18,0,34,0,0,0,34
01/08/2004,MKG,MI,AGL,CE,Towers with Radar,0,15,28,0,43,0,0,31,0,31,0,15,59,0,74,24,0,24,98
01/09/2004,MKG,MI,AGL,CE,Towers with Radar,0,13,19,0,32,0,1,39,0,40,0,14,58,0,72,20,0,20,92
01/10/2004,MKG,MI,AGL,CE,Towers with Radar,0,7,9,0,16,0,1,9,0,10,0,8,18,0,26,26,0,26,52
01/11/2004,MKG,MI,AGL,CE,Towers with Radar,0,10,13,0,23,0,0,7,0,7,0,10,20,0,30,14,6,20,50
01/12/2004,MKG,MI,AGL,CE,Towers with Radar,0,13,21,0,34,0,0,14,0,14,0,13,35,0,48,28,0,28,76
01/13/2004,MKG,MI,AGL,CE,Towers with Radar,0,16,26,0,42,0,0,33,0,33,0,16,59,0,75,46,0,46,121
01/14/2004,MKG,MI,AGL,CE,Towers with Radar,0,12,14,0,26,0,0,0,0,0,0,12,14,0,26,0,0,0,26
01/15/2004,MKG,MI,AGL,CE,Towers with Radar,0,27,41,0,68,0,6,66,0,72,0,33,107,0,140,44,0,44,184
01/16/2004,MKG,MI,AGL,CE,Towers with Radar,0,15,22,0,37,0,2,26,0,28,0,17,48,0,65,32,0,32,97
01/17/2004,MKG,MI,AGL,CE,Towers with Radar,0,6,8,0,14,0,8,0,0,8,0,14,8,0,22,0,0,0,22
01/18/2004,MKG,MI,AGL,CE,Towers with Radar,0,11,20,0,31,0,0,16,0,16,0,11,36,0,47,16,0,16,63
01/19/2004,MKG,MI,AGL,CE,Towers with Radar,0,13,21,0,34,0,1,11,0,12,0,14,32,0,46,30,0,30,76
01/20/2004,MKG,MI,AGL,CE,Towers with Radar,0,15,30,0,45,0,0,36,0,36,0,15,66,0,81,12,0,12,93
01/21/2004,MKG,MI,AGL,CE,Towers with Radar,0,14,23,0,37,0,0,0,0,0,0,14,23,0,37,34,0,34,71
01/22/2004,MKG,MI,AGL,CE,Towers with Radar,0,12,16,0,28,0,0,0,0,0,0,12,16,0,28,0,4,4,32
01/23/2004,MKG,MI,AGL,CE,Towers with Radar,0,9,10,0,19,0,0,0,0,0,0,9,10,0,19,0,0,0,19
01/24/2004,MKG,MI,AGL,CE,Towers with Radar,0,10,15,0,25,0,2,77,0,79,0,12,92,0,104,80,0,80,184
01/25/2004,MKG,MI,AGL,CE,Towers with Radar,0,10,17,0,27,0,0,24,0,24,0,10,41,0,51,26,0,26,77
01/26/2004,MKG,MI,AGL,CE,Towers with Radar,0,12,3,0,15,0,8,0,0,8,0,20,3,0,23,0,0,0,23
01/27/2004,MKG,MI,AGL,CE,Towers with Radar,0,9,12,0,21,0,0,0,0,0,0,9,12,0,21,0,0,0,21
01/28/2004,MKG,MI,AGL,CE,Towers with Radar,0,15,26,0,41,0,0,25,5,30,0,15,51,5,71,4,50,54,125
01/29/2004,MKG,MI,AGL,CE,Towers with Radar,0,16,27,0,43,0,0,0,3,3,0,16,27,3,46,0,20,20,66
01/30/2004,MKG,MI,AGL,CE,Towers with Radar,0,13,26,0,39,0,0,1,0,1,0,13,27,0,40,0,4,4,44
01/31/2004,MKG,MI,AGL,CE,Towers with Radar,0,6,10,0,16,0,8,10,0,18,0,14,20,0,34,0,48,48,82
02/01/2004,MKG,MI,AGL,CE,Towers with Radar,0,7,15,0,22,0,3,49,0,52,0,10,64,0,74,60,0,60,134
02/02/2004,MKG,MI,AGL,CE,Towers with Radar,0,11,22,0,33,0,0,27,0,27,0,11,49,0,60,44,0,44,104
02/03/2004,MKG,MI,AGL,CE,Towers with Radar,0,11,10,0,21,2,3,0,0,5,2,14,10,0,26,6,0,6,32
02/04/2004,MKG,MI,AGL,CE,Towers with Radar,0,11,35,0,46,0,0,100,0,100,0,11,135,0,146,62,0,62,208
02/05/2004,MKG,MI,AGL,CE,Towers with Radar,0,17,28,0,45,0,1,25,0,26,0,18,53,0,71,20,0,20,91
02/06/2004,MKG,MI,AGL,CE,Towers with Radar,0,12,20,0,32,0,0,3,0,3,0,12,23,0,35,40,0,40,75
02/07/2004,MKG,MI,AGL,CE,Towers with Radar,0,8,15,0,23,0,7,30,0,37,0,15,45,0,60,26,0,26,86
02/08/2004,MKG,MI,AGL,CE,Towers with Radar,0,10,16,0,26,0,3,6,0,9,0,13,22,0,35,50,0,50,85
02/09/2004,MKG,MI,AGL,CE,Towers with Radar,0,18,31,0,49,0,6,22,0,28,0,24,53,0,77,12,0,12,89
02/10/2004,MKG,MI,AGL,CE,Towers with Radar,0,14,25,0,39,0,0,10,0,10,0,14,35,0,49,38,0,38,87
02/11/2004,MKG,MI,AGL,CE,Towers with Radar,0,15,30,0,45,0,0,34,0,34,0,15,64,0,79,84,0,84,163
02/12/2004,MKG,MI,AGL,CE,Towers with Radar,0,15,26,0,41,0,3,4,1,8,0,18,30,1,49,108,0,108,157
02/13/2004,MKG,MI,AGL,CE,Towers with Radar,0,14,18,0,32,0,0,0,7,7,0,14,18,7,39,14,0,14,53
02/14/2004,MKG,MI,AGL,CE,Towers with Radar,0,12,21,0,33,0,2,79,0,81,0,14,100,0,114,100,0,100,214
02/15/2004,MKG,MI,AGL,CE,Towers with Radar,0,12,20,0,32,0,0,149,1,150,0,12,169,1,182,160,0,160,342
02/16/2004,MKG,MI,AGL,CE,Towers with Radar,0,17,28,0,45,0,3,75,0,78,0,20,103,0,123,94,0,94,217
02/17/2004,MKG,MI,AGL,CE,Towers with Radar,0,15,28,0,43,0,0,40,0,40,0,15,68,0,83,30,0,30,113
02/18/2004,MKG,MI,AGL,CE,Towers with Radar,0,23,40,0,63,0,2,28,0,30,0,25,68,0,93,16,0,16,109
02/19/2004,MKG,MI,AGL,CE,Towers with Radar,0,17,37,0,54,0,0,29,0,29,0,17,66,0,83,62,0,62,145
02/20/2004,MKG,MI,AGL,CE,Towers with Radar,0,12,17,0,29,0,2,0,0,2,0,14,17,0,31,102,0,102,133
02/21/2004,MKG,MI,AGL,CE,Towers with Radar,0,8,13,0,21,0,2,5,0,7,0,10,18,0,28,20,0,20,48
02/22/2004,MKG,MI,AGL,CE,Towers with Radar,0,10,18,0,28,0,1,129,0,130,0,11,147,0,158,160,0,160,318
02/23/2004,MKG,MI,AGL,CE,Towers with Radar,0,10,12,0,22,0,0,0,0,0,0,10,12,0,22,0,0,0,22
02/24/2004,MKG,MI,AGL,CE,Towers with Radar,0,17,34,0,51,0,0,14,5,19,0,17,48,5,70,38,12,50,120
02/25/2004,MKG,MI,AGL,CE,Towers with Radar,0,17,30,0,47,0,0,62,0,62,0,17,92,0,109,72,0,72,181
02/26/2004,MKG,MI,AGL,CE,Towers with Radar,0,17,36,0,53,0,0,70,0,70,0,17,106,0,123,6,0,6,129
02/27/2004,MKG,MI,AGL,CE,Towers with Radar,0,14,36,0,50,0,0,118,0,118,0,14,154,0,168,100,4,104,272
02/28/2004,MKG,MI,AGL,CE,Towers with Radar,0,13,26,0,39,0,0,176,0,176,0,13,202,0,215,144,0,144,359
02/29/2004,MKG,MI,AGL,CE,Towers with Radar,0,10,19,0,29,0,4,91,2,97,0,14,110,2,126,86,2,88,214
03/01/2004,MKG,MI,AGL,CE,Towers with Radar,0,16,26,0,42,0,4,0,0,4,0,20,26,0,46,0,0,0,46
03/02/2004,MKG,MI,AGL,CE,Towers with Radar,0,8,11,0,19,0,3,0,0,3,0,11,11,0,22,0,0,0,22
03/03/2004,MKG,MI,AGL,CE,Towers with Radar,0,17,34,0,51,0,0,28,0,28,0,17,62,0,79,54,0,54,133
03/04/2004,MKG,MI,AGL,CE,Towers with Radar,0,16,32,1,49,0,0,36,9,45,0,16,68,10,94,54,16,70,164
03/05/2004,MKG,MI,AGL,CE,Towers with Radar,0,13,11,0,24,0,5,0,0,5,0,18,11,0,29,0,0,0,29
03/06/2004,MKG,MI,AGL,CE,Towers with Radar,0,8,13,0,21,0,7,0,0,7,0,15,13,0,28,52,0,52,80
03/07/2004,MKG,MI,AGL,CE,Towers with Radar,0,5,2,0,7,0,5,0,0,5,0,10,2,0,12,0,0,0,12
03/08/2004,MKG,MI,AGL,CE,Towers with Radar,0,14,24,0,38,0,4,19,0,23,0,18,43,0,61,30,0,30,91
03/09/2004,MKG,MI,AGL,CE,Towers with Radar,0,19,36,0,55,0,0,15,0,15,0,19,51,0,70,54,0,54,124
03/10/2004,MKG,MI,AGL,CE,Towers with Radar,0,25,46,0,71,0,0,30,0,30,0,25,76,0,101,54,0,54,155
03/11/2004,MKG,MI,AGL,CE,Towers with Radar,0,17,31,0,48,0,0,3,0,3,0,17,34,0,51,44,0,44,95
03/12/2004,MKG,MI,AGL,CE,Towers with Radar,0,20,41,0,61,0,0,4,0,4,0,20,45,0,65,14,0,14,79
03/13/2004,MKG,MI,AGL,CE,Towers with Radar,0,14,32,1,47,0,0,189,0,189,0,14,221,1,236,126,4,130,366
03/14/2004,MKG,MI,AGL,CE,Towers with Radar,0,7,12,0,19,0,5,0,0,5,0,12,12,0,24,0,0,0,24
03/15/2004,MKG,MI,AGL,CE,Towers with Radar,0,16,29,0,45,0,0,37,0,37,0,16,66,0,82,40,0,40,122
03/16/2004,MKG,MI,AGL,CE,Towers with Radar,0,14,24,0,38,0,7,23,0,30,0,21,47,0,68,30,0,30,98
03/17/2004,MKG,MI,AGL,CE,Towers with Radar,0,14,28,0,42,0,0,27,0,27,0,14,55,0,69,70,0,70,139
03/18/2004,MKG,MI,AGL,CE,Towers with Radar,0,16,35,0,51,0,0,12,0,12,0,16,47,0,63,42,0,42,105
03/19/2004,MKG,MI,AGL,CE,Towers with Radar,0,18,34,1,53,0,0,36,3,39,0,18,70,4,92,52,0,52,144
03/20/2004,MKG,MI,AGL,CE,Towers with Radar,0,10,18,0,28,0,4,63,0,67,0,14,81,0,95,40,0,40,135
03/21/2004,MKG,MI,AGL,CE,Towers with Radar,0,11,19,0,30,0,4,32,2,38,0,15,51,2,68,20,0,20,88
03/22/2004,MKG,MI,AGL,CE,Towers with Radar,0,17,33,0,50,0,0,92,0,92,0,17,125,0,142,92,0,92,234
03/23/2004,MKG,MI,AGL,CE,Towers with Radar,0,20,34,0,54,0,0,54,0,54,0,20,88,0,108,62,0,62,170
03/24/2004,MKG,MI,AGL,CE,Towers with Radar,0,20,36,0,56,0,0,18,0,18,0,20,54,0,74,8,0,8,82
03/25/2004,MKG,MI,AGL,CE,Towers with Radar,0,16,38,0,54,0,0,24,7,31,0,16,62,7,85,8,8,16,101
03/26/2004,MKG,MI,AGL,CE,Towers with Radar,0,14,20,0,34,0,0,0,0,0,0,14,20,0,34,2,0,2,36
03/27/2004,MKG,MI,AGL,CE,Towers with Radar,0,17,32,0,49,0,0,70,0,70,0,17,102,0,119,72,0,72,191
03/28/2004,MKG,MI,AGL,CE,Towers with Radar,0,8,14,0,22,0,4,29,2,35,0,12,43,2,57,20,0,20,77
03/29/2004,MKG,MI,AGL,CE,Towers with Radar,0,16,28,0,44,0,1,89,0,90,0,17,117,0,134,102,0,102,236
03/30/2004,MKG,MI,AGL,CE,Towers with Radar,0,25,44,0,69,0,6,43,0,49,0,31,87,0,118,68,0,68,186
03/31/2004,MKG,MI,AGL,CE,Towers with Radar,0,19,39,0,58,0,0,46,0,46,0,19,85,0,104,66,0,66,170
04/01/2004,MKG,MI,AGL,CE,Towers with Radar,1,16,37,2,56,1,0,77,2,80,2,16,114,4,136,74,0,74,210
04/02/2004,MKG,MI,AGL,CE,Towers with Radar,0,17,29,1,47,0,2,102,0,104,0,19,131,1,151,84,2,86,237
04/03/2004,MKG,MI,AGL,CE,Towers with Radar,0,12,22,0,34,0,0,86,0,86,0,12,108,0,120,44,0,44,164
04/04/2004,MKG,MI,AGL,CE,Towers with Radar,0,11,16,0,27,0,5,41,0,46,0,16,57,0,73,36,0,36,109
04/05/2004,MKG,MI,AGL,CE,Towers with Radar,0,20,39,0,59,0,0,123,0,123,0,20,162,0,182,60,0,60,242
04/06/2004,MKG,MI,AGL,CE,Towers with Radar,0,16,27,0,43,0,2,37,0,39,0,18,64,0,82,38,0,38,120
04/07/2004,MKG,MI,AGL,CE,Towers with Radar,0,13,35,0,48,0,0,76,0,76,0,13,111,0,124,146,0,146,270
04/08/2004,MKG,MI,AGL,CE,Towers with Radar,0,16,27,2,45,0,1,48,3,52,0,17,75,5,97,84,4,88,185
04/09/2004,MKG,MI,AGL,CE,Towers with Radar,0,15,31,3,49,0,0,113,15,128,0,15,144,18,177,100,24,124,301
04/10/2004,MKG,MI,AGL,CE,Towers with Radar,0,17,33,0,50,0,0,155,0,155,0,17,188,0,205,80,0,80,285
04/11/2004,MKG,MI,AGL,CE,Towers with Radar,0,6,12,0,18,0,8,16,0,24,0,14,28,0,42,12,0,12,54
04/12/2004,MKG,MI,AGL,CE,Towers with Radar,0,17,32,3,52,0,0,75,0,75,0,17,107,3,127,36,0,36,163
04/13/2004,MKG,MI,AGL,CE,Towers with Radar,0,18,36,3,57,0,0,56,5,61,0,18,92,8,118,54,34,88,206
04/14/2004,MKG,MI,AGL,CE,Towers with Radar,0,19,35,0,54,0,1,112,0,113,0,20,147,0,167,82,0,82,249
04/15/2004,MKG,MI,AGL,CE,Towers with Radar,0,19,37,3,59,0,0,85,10,95,0,19,122,13,154,120,30,150,304
04/16/2004,MKG,MI,AGL,CE,Towers with Radar,0,17,31,0,48,0,1,60,0,61,0,18,91,0,109,22,0,22,131
04/17/2004,MKG,MI,AGL,CE,Towers with Radar,0,11,24,0,35,0,0,90,0,90,0,11,114,0,125,100,0,100,225
04/18/2004,MKG,MI,AGL,CE,Towers with Radar,0,10,20,0,30,0,3,11,0,14,0,13,31,0,44,20,0,20,64
04/19/2004,MKG,MI,AGL,CE,Towers with Radar,0,14,24,0,38,0,4,3,0,7,0,18,27,0,45,18,0,18,63
04/20/2004,MKG,MI,AGL,CE,Towers with Radar,0,18,36,0,54,0,0,71,0,71,0,18,107,0,125,72,0,72,197
04/21/2004,MKG,MI,AGL,CE,Towers with Radar,0,22,39,2,63,0,2,6,27,35,0,24,45,29,98,14,20,34,132
04/22/2004,MKG,MI,AGL,CE,Towers with Radar,0,21,39,2,62,0,5,75,5,85,0,26,114,7,147,104,10,114,261
04/23/2004,MKG,MI,AGL,CE,Towers with Radar,0,17,34,0,51,0,0,107,0,107,0,17,141,0,158,104,0,104,262
04/24/2004,MKG,MI,AGL,CE,Towers with Radar,0,11,21,0,32,0,3,119,0,122,0,14,140,0,154,60,0,60,214
04/25/2004,MKG,MI,AGL,CE,Towers with Radar,0,8,13,0,21,0,3,1,0,4,0,11,14,0,25,0,0,0,25
04/26/2004,MKG,MI,AGL,CE,Towers with Radar,0,17,32,0,49,0,0,75,0,75,0,17,107,0,124,72,0,72,196
04/27/2004,MKG,MI,AGL,CE,Towers with Radar,0,20,37,2,59,0,1,67,13,81,0,21,104,15,140,46,26,72,212
04/28/2004,MKG,MI,AGL,CE,Towers with Radar,0,11,21,0,32,0,0,17,0,17,0,11,38,0,49,32,0,32,81
04/29/2004,MKG,MI,AGL,CE,Towers with Radar,0,21,39,0,60,0,17,17,0,34,0,38,56,0,94,0,0,0,94
04/30/2004,MKG,MI,AGL,CE,Towers with Radar,0,17,35,0,52,0,0,4,0,4,0,17,39,0,56,40,40,80,136
05/01/2004,MKG,MI,AGL,CE,Towers with Radar,0,15,36,0,51,0,1,50,0,51,0,16,86,0,102,124,0,124,226
05/02/2004,MKG,MI,AGL,CE,Towers with Radar,0,8,17,0,25,0,4,60,0,64,0,12,77,0,89,60,0,60,149
05/03/2004,MKG,MI,AGL,CE,Towers with Radar,0,13,28,0,41,0,0,87,0,87,0,13,115,0,128,104,0,104,232
05/04/2004,MKG,MI,AGL,CE,Towers with Radar,0,16,34,0,50,0,7,39,0,46,0,23,73,0,96,26,0,26,122
05/05/2004,MKG,MI,AGL,CE,Towers with Radar,0,17,47,0,64,0,0,122,0,122,0,17,169,0,186,122,2,124,310
05/06/2004,MKG,MI,AGL,CE,Towers with Radar,0,17,45,0,62,0,0,36,0,36,0,17,81,0,98,36,0,36,134
05/07/2004,MKG,MI,AGL,CE,Towers with Radar,0,17,48,1,66,0,0,77,2,79,0,17,125,3,145,60,4,64,209
05/08/2004,MKG,MI,AGL,CE,Towers with Radar,0,9,20,0,29,0,5,56,0,61,0,14,76,0,90,86,0,86,176
05/09/2004,MKG,MI,AGL,CE,Towers with Radar,0,11,22,0,33,0,0,20,0,20,0,11,42,0,53,16,0,16,69
05/10/2004,MKG,MI,AGL,CE,Towers with Radar,0,18,42,0,60,0,0,58,0,58,0,18,100,0,118,72,0,72,190
05/11/2004,MKG,MI,AGL,CE,Towers with Radar,0,14,38,0,52,0,0,24,0,24,0,14,62,0,76,56,0,56,132
05/12/2004,MKG,MI,AGL,CE,Towers with Radar,0,23,49,0,72,0,6,59,0,65,0,29,108,0,137,36,0,36,173
05/13/2004,MKG,MI,AGL,CE,Towers with Radar,0,19,43,0,62,0,100,11,0,111,0,119,54,0,173,36,0,36,209
05/14/2004,MKG,MI,AGL,CE,Towers with Radar,0,18,31,0,49,0,1,0,0,1,0,19,31,0,50,8,0,8,58
05/15/2004,MKG,MI,AGL,CE,Towers with Radar,0,16,38,0,54,0,0,109,0,109,0,16,147,0,163,88,0,88,251
05/16/2004,MKG,MI,AGL,CE,Towers with Radar,0,12,36,0,48,0,0,146,0,146,0,12,182,0,194,30,0,30,224
05/17/2004,MKG,MI,AGL,CE,Towers with Radar,0,14,43,0,57,0,0,13,0,13,0,14,56,0,70,22,0,22,92
05/18/2004,MKG,MI,AGL,CE,Towers with Radar,0,17,46,0,63,0,0,61,0,61,0,17,107,0,124,80,0,80,204
05/19/2004,MKG,MI,AGL,CE,Towers with Radar,0,19,43,0,62,0,4,165,0,169,0,23,208,0,231,88,2,90,321
05/20/2004,MKG,MI,AGL,CE,Towers with Radar,0,19,37,0,56,0,3,0,0,3,0,22,37,0,59,24,2,26,85
05/21/2004,MKG,MI,AGL,CE,Towers with Radar,0,19,41,0,60,0,0,6,0,6,0,19,47,0,66,4,0,4,70
05/22/2004,MKG,MI,AGL,CE,Towers with Radar,0,8,11,0,19,0,4,0,1,5,0,12,11,1,24,0,0,0,24
05/23/2004,MKG,MI,AGL,CE,Towers with Radar,0,8,11,0,19,0,0,0,0,0,0,8,11,0,19,0,0,0,19
05/24/2004,MKG,MI,AGL,CE,Towers with Radar,0,20,51,0,71,0,0,24,0,24,0,20,75,0,95,0,0,0,95
05/25/2004,MKG,MI,AGL,CE,Towers with Radar,0,19,48,0,67,2,0,32,0,34,2,19,80,0,101,156,0,156,257
05/26/2004,MKG,MI,AGL,CE,Towers with Radar,0,21,51,0,72,0,0,117,0,117,0,21,168,0,189,58,4,62,251
05/27/2004,MKG,MI,AGL,CE,Towers with Radar,0,27,58,0,85,0,9,14,0,23,0,36,72,0,108,50,0,50,158
05/28/2004,MKG,MI,AGL,CE,Towers with Radar,0,20,46,0,66,0,1,98,0,99,0,21,144,0,165,84,0,84,249
05/29/2004,MKG,MI,AGL,CE,Towers with Radar,0,12,27,0,39,0,2,79,1,82,0,14,106,1,121,70,2,72,193
05/30/2004,MKG,MI,AGL,CE,Towers with Radar,0,6,15,0,21,0,1,5,0,6,0,7,20,0,27,0,0,0,27
05/31/2004,MKG,MI,AGL,CE,Towers with Radar,0,11,23,0,34,0,2,4,4,10,0,13,27,4,44,10,0,10,54
06/01/2004,MKG,MI,AGL,CE,Towers with Radar,0,12,30,0,42,0,6,56,0,62,0,18,86,0,104,40,0,40,144
06/02/2004,MKG,MI,AGL,CE,Towers with Radar,0,20,49,1,70,0,0,68,7,75,0,20,117,8,145,152,20,172,317
06/03/2004,MKG,MI,AGL,CE,Towers with Radar,0,21,47,1,69,0,9,139,7,155,0,30,186,8,224,130,10,140,364
06/04/2004,MKG,MI,AGL,CE,Towers with Radar,0,22,50,1,73,0,1,150,2,153,0,23,200,3,226,46,0,46,272
06/05/2004,MKG,MI,AGL,CE,Towers with Radar,0,15,36,0,51,0,2,363,0,365,0,17,399,0,416,141,0,141,557
06/06/2004,MKG,MI,AGL,CE,Towers with Radar,0,9,32,1,42,0,0,86,1,87,0,9,118,2,129,68,0,68,197
06/07/2004,MKG,MI,AGL,CE,Towers with Radar,0,14,34,1,49,0,0,66,4,70,0,14,100,5,119,62,2,64,183
06/08/2004,MKG,MI,AGL,CE,Towers with Radar,0,17,40,1,58,0,0,63,7,70,0,17,103,8,128,42,8,50,178
06/09/2004,MKG,MI,AGL,CE,Towers with Radar,0,15,34,1,50,0,6,31,7,44,0,21,65,8,94,110,12,122,216
06/10/2004,MKG,MI,AGL,CE,Towers with Radar,0,18,31,1,50,0,2,0,2,4,0,20,31,3,54,10,6,16,70
06/11/2004,MKG,MI,AGL,CE,Towers with Radar,1,17,38,1,57,10,9,7,0,26,11,26,45,1,83,16,2,18,101
06/12/2004,MKG,MI,AGL,CE,Towers with Radar,0,12,29,0,41,0,0,63,0,63,0,12,92,0,104,30,0,30,134
06/13/2004,MKG,MI,AGL,CE,Towers with Radar,0,11,22,0,33,0,1,34,0,35,0,12,56,0,68,52,46,98,166
06/14/2004,MKG,MI,AGL,CE,Towers with Radar,1,17,44,1,63,1,0,55,3,59,2,17,99,4,122,62,0,62,184
06/15/2004,MKG,MI,AGL,CE,Towers with Radar,1,24,55,1,81,0,0,123,8,131,1,24,178,9,212,80,4,84,296
06/16/2004,MKG,MI,AGL,CE,Towers with Radar,1,18,39,1,59,1,9,51,3,64,2,27,90,4,123,62,12,74,197
06/17/2004,MKG,MI,AGL,CE,Towers with Radar,1,22,29,1,53,1,1,0,1,3,2,23,29,2,56,0,32,32,88
06/18/2004,MKG,MI,AGL,CE,Towers with Radar,0,18,56,2,76,0,0,66,0,66,0,18,122,2,142,30,4,34,176
06/19/2004,MKG,MI,AGL,CE,Towers with Radar,0,14,33,1,48,2,0,108,0,110,2,14,141,1,158,80,0,80,238
06/20/2004,MKG,MI,AGL,CE,Towers with Radar,0,9,21,1,31,0,1,73,3,77,0,10,94,4,108,0,0,0,108
06/21/2004,MKG,MI,AGL,CE,Towers with Radar,0,11,40,2,53,1,0,27,0,28,1,11,67,2,81,14,0,14,95
06/22/2004,MKG,MI,AGL,CE,Towers with Radar,0,17,43,2,62,0,0,64,3,67,0,17,107,5,129,16,0,16,145
06/23/2004,MKG,MI,AGL,CE,Towers with Radar,0,18,38,1,57,0,2,47,0,49,0,20,85,1,106,78,0,78,184
06/24/2004,MKG,MI,AGL,CE,Towers with Radar,0,28,62,3,93,1,6,45,0,52,1,34,107,3,145,60,0,60,205
06/25/2004,MKG,MI,AGL,CE,Towers with Radar,0,16,51,2,69,2,0,114,2,118,2,16,165,4,187,74,10,84,271
06/26/2004,MKG,MI,AGL,CE,Towers with Radar,0,13,31,0,44,1,0,112,0,113,1,13,143,0,157,24,0,24,181
06/27/2004,MKG,MI,AGL,CE,Towers with Radar,0,10,27,0,37,0,0,67,0,67,0,10,94,0,104,80,0,80,184
06/28/2004,MKG,MI,AGL,CE,Towers with Radar,0,16,45,1,62,1,0,61,0,62,1,16,106,1,124,110,0,110,234
06/29/2004,MKG,MI,AGL,CE,Towers with Radar,0,22,48,1,71,0,6,64,0,70,0,28,112,1,141,104,0,104,245
06/30/2004,MKG,MI,AGL,CE,Towers with Radar,0,18,53,2,73,1,0,111,11,123,1,18,164,13,196,160,46,206,402
07/01/2004,MKG,MI,AGL,CE,Towers with Radar,1,20,48,4,73,0,3,104,5,112,1,23,152,9,185,60,20,80,265
07/02/2004,MKG,MI,AGL,CE,Towers with Radar,0,13,33,2,48,0,6,78,17,101,0,19,111,19,149,64,38,102,251
07/03/2004,MKG,MI,AGL,CE,Towers with Radar,0,7,19,1,27,0,5,65,6,76,0,12,84,7,103,6,0,6,109
07/04/2004,MKG,MI,AGL,CE,Towers with Radar,1,3,8,0,12,0,2,0,1,3,1,5,8,1,15,0,0,0,15
07/05/2004,MKG,MI,AGL,CE,Towers with Radar,0,16,38,3,57,0,4,52,13,69,0,20,90,16,126,60,4,64,190
07/06/2004,MKG,MI,AGL,CE,Towers with Radar,0,14,34,3,51,0,10,54,6,70,0,24,88,9,121,70,12,82,203
07/07/2004,MKG,MI,AGL,CE,Towers with Radar,2,13,32,2,49,0,2,0,16,18,2,15,32,18,67,42,46,88,155
07/08/2004,MKG,MI,AGL,CE,Towers with Radar,1,17,42,1,61,0,3,82,0,85,1,20,124,1,146,38,0,38,184
07/09/2004,MKG,MI,AGL,CE,Towers with Radar,0,15,37,3,55,0,1,120,3,124,0,16,157,6,179,114,4,118,297
07/10/2004,MKG,MI,AGL,CE,Towers with Radar,2,11,28,2,43,0,2,136,0,138,2,13,164,2,181,34,10,44,225
07/11/2004,MKG,MI,AGL,CE,Towers with Radar,0,12,30,1,43,0,5,75,0,80,0,17,105,1,123,50,0,50,173
07/12/2004,MKG,MI,AGL,CE,Towers with Radar,1,15,34,3,53,0,4,35,4,43,1,19,69,7,96,28,6,34,130
07/13/2004,MKG,MI,AGL,CE,Towers with Radar,0,15,33,0,48,0,0,79,0,79,0,15,112,0,127,120,38,158,285
07/14/2004,MKG,MI,AGL,CE,Towers with Radar,0,16,36,3,55,0,1,34,3,38,0,17,70,6,93,106,0,106,199
07/15/2004,MKG,MI,AGL,CE,Towers with Radar,2,16,41,3,62,0,0,140,38,178,2,16,181,41,240,74,22,96,336
07/16/2004,MKG,MI,AGL,CE,Towers with Radar,2,13,33,3,51,0,0,104,0,104,2,13,137,3,155,112,80,192,347
07/17/2004,MKG,MI,AGL,CE,Towers with Radar,1,9,20,2,32,1,5,46,0,52,2,14,66,2,84,70,90,160,244
07/18/2004,MKG,MI,AGL,CE,Towers with Radar,1,9,25,2,37,0,0,12,0,12,1,9,37,2,49,112,48,160,209
07/19/2004,MKG,MI,AGL,CE,Towers with Radar,1,12,28,3,44,1,6,119,3,129,2,18,147,6,173,86,4,90,263
07/20/2004,MKG,MI,AGL,CE,Towers with Radar,1,15,33,4,53,1,2,69,5,77,2,17,102,9,130,100,100,200,330
07/21/2004,MKG,MI,AGL,CE,Towers with Radar,1,14,31,3,49,1,0,31,6,38,2,14,62,9,87,42,0,42,129
07/22/2004,MKG,MI,AGL,CE,Towers with Radar,0,17,39,4,60,0,1,74,10,85,0,18,113,14,145,108,0,108,253
07/23/2004,MKG,MI,AGL,CE,Towers with Radar,1,15,34,3,53,0,5,118,0,123,1,20,152,3,176,100,2,102,278
07/24/2004,MKG,MI,AGL,CE,Towers with Radar,1,11,33,3,48,26,0,116,15,157,27,11,149,18,205,30,1,31,236
07/25/2004,MKG,MI,AGL,CE,Towers with Radar,1,25,58,2,86,0,2,159,0,161,1,27,217,2,247,94,24,118,365
07/26/2004,MKG,MI,AGL,CE,Towers with Radar,1,23,68,7,99,0,0,177,0,177,1,23,245,7,276,140,32,172,448
07/27/2004,MKG,MI,AGL,CE,Towers with Radar,0,21,50,5,76,0,0,79,0,79,0,21,129,5,155,112,4,116,271
07/28/2004,MKG,MI,AGL,CE,Towers with Radar,1,14,69,0,84,0,0,209,0,209,1,14,278,0,293,144,0,144,437
07/29/2004,MKG,MI,AGL,CE,Towers with Radar,3,22,71,4,100,0,0,98,0,98,3,22,169,4,198,126,2,128,326
07/30/2004,MKG,MI,AGL,CE,Towers with Radar,1,12,44,5,62,0,0,0,0,0,1,12,44,5,62,36,0,36,98
07/31/2004,MKG,MI,AGL,CE,Towers with Radar,2,17,49,1,69,0,0,31,0,31,2,17,80,1,100,18,0,18,118
08/01/2004,MKG,MI,AGL,CE,Towers with Radar,1,16,68,0,85,0,0,98,0,98,1,16,166,0,183,44,0,44,227
08/02/2004,MKG,MI,AGL,CE,Towers with Radar,1,19,78,5,103,0,0,4,2,6,1,19,82,7,109,74,2,76,185
08/03/2004,MKG,MI,AGL,CE,Towers with Radar,0,11,24,2,37,0,0,25,1,26,0,11,49,3,63,104,16,120,183
08/04/2004,MKG,MI,AGL,CE,Towers with Radar,1,21,40,3,65,21,0,68,2,91,22,21,108,5,156,70,2,72,228
08/05/2004,MKG,MI,AGL,CE,Towers with Radar,1,19,37,1,58,1,5,92,0,98,2,24,129,1,156,60,0,60,216
08/06/2004,MKG,MI,AGL,CE,Towers with Radar,1,22,42,1,66,0,1,71,0,72,1,23,113,1,138,40,0,40,178
08/07/2004,MKG,MI,AGL,CE,Towers with Radar,1,17,33,1,52,1,2,117,4,124,2,19,150,5,176,50,0,50,226
08/08/2004,MKG,MI,AGL,CE,Towers with Radar,1,17,38,1,57,0,0,51,0,51,1,17,89,1,108,84,2,86,194
08/09/2004,MKG,MI,AGL,CE,Towers with Radar,1,16,40,1,58,0,0,52,0,52,1,16,92,1,110,60,0,60,170
08/10/2004,MKG,MI,AGL,CE,Towers with Radar,0,22,46,2,70,0,0,1,5,6,0,22,47,7,76,76,6,82,158
08/11/2004,MKG,MI,AGL,CE,Towers with Radar,0,20,40,2,62,0,0,8,9,17,0,20,48,11,79,2,8,10,89
08/12/2004,MKG,MI,AGL,CE,Towers with Radar,1,21,49,2,73,0,0,31,7,38,1,21,80,9,111,80,8,88,199
08/13/2004,MKG,MI,AGL,CE,Towers with Radar,1,25,48,2,76,0,1,60,2,63,1,26,108,4,139,80,4,84,223
08/14/2004,MKG,MI,AGL,CE,Towers with Radar,1,20,38,0,59,0,4,129,0,133,1,24,167,0,192,70,0,70,262
08/15/2004,MKG,MI,AGL,CE,Towers with Radar,0,17,42,2,61,0,0,105,2,107,0,17,147,4,168,58,0,58,226
08/16/2004,MKG,MI,AGL,CE,Towers with Radar,0,17,9,2,28,0,0,0,8,8,0,17,9,10,36,112,40,152,188
08/17/2004,MKG,MI,AGL,CE,Towers with Radar,1,18,52,3,74,1,0,45,21,67,2,18,97,24,141,86,6,92,233
08/18/2004,MKG,MI,AGL,CE,Towers with Radar,1,15,41,2,59,0,0,0,22,22,1,15,41,24,81,4,2,6,87
08/19/2004,MKG,MI,AGL,CE,Towers with Radar,0,25,48,2,75,0,0,115,5,120,0,25,163,7,195,192,16,208,403
08/20/2004,MKG,MI,AGL,CE,Towers with Radar,1,21,51,3,76,0,0,109,0,109,1,21,160,3,185,116,0,116,301
08/21/2004,MKG,MI,AGL,CE,Towers with Radar,1,19,33,2,55,1,4,116,2,123,2,23,149,4,178,18,0,18,196
08/22/2004,MKG,MI,AGL,CE,Towers with Radar,0,16,29,1,46,0,96,66,1,163,0,112,95,2,209,40,20,60,269
08/23/2004,MKG,MI,AGL,CE,Towers with Radar,0,15,38,3,56,2,0,61,1,64,2,15,99,4,120,124,0,124,244
08/24/2004,MKG,MI,AGL,CE,Towers with Radar,0,20,35,1,56,0,0,43,0,43,0,20,78,1,99,84,4,88,187
08/25/2004,MKG,MI,AGL,CE,Towers with Radar,0,18,37,3,58,0,0,4,0,4,0,18,41,3,62,74,0,74,136
08/26/2004,MKG,MI,AGL,CE,Towers with Radar,0,25,45,3,73,1,1,27,5,34,1,26,72,8,107,88,6,94,201
08/27/2004,MKG,MI,AGL,CE,Towers with Radar,0,17,30,2,49,0,3,39,1,43,0,20,69,3,92,46,0,46,138
08/28/2004,MKG,MI,AGL,CE,Towers with Radar,0,17,31,0,48,0,0,40,0,40,0,17,71,0,88,64,0,64,152
08/29/2004,MKG,MI,AGL,CE,Towers with Radar,0,15,35,0,50,0,0,52,0,52,0,15,87,0,102,70,0,70,172
08/30/2004,MKG,MI,AGL,CE,Towers with Radar,0,15,29,2,46,0,0,17,2,19,0,15,46,4,65,56,2,58,123
08/31/2004,MKG,MI,AGL,CE,Towers with Radar,0,16,37,3,56,1,0,105,10,116,1,16,142,13,172,51,8,59,231
09/01/2004,MKG,MI,AGL,CE,Towers with Radar,2,20,50,1,73,0,1,112,6,119,2,21,162,7,192,100,44,144,336
09/02/2004,MKG,MI,AGL,CE,Towers with Radar,0,17,47,1,65,0,0,89,8,97,0,17,136,9,162,68,14,82,244
09/03/2004,MKG,MI,AGL,CE,Towers with Radar,2,23,55,1,81,1,2,56,3,62,3,25,111,4,143,56,0,56,199
09/04/2004,MKG,MI,AGL,CE,Towers with Radar,1,13,33,1,48,0,0,38,1,39,1,13,71,2,87,36,0,36,123
09/05/2004,MKG,MI,AGL,CE,Towers with Radar,0,10,26,0,36,0,0,27,3,30,0,10,53,3,66,32,0,32,98
09/06/2004,MKG,MI,AGL,CE,Towers with Radar,1,15,31,0,47,0,0,13,1,14,1,15,44,1,61,14,0,14,75
09/07/2004,MKG,MI,AGL,CE,Towers with Radar,2,19,43,1,65,0,0,75,1,76,2,19,118,2,141,60,4,64,205
09/08/2004,MKG,MI,AGL,CE,Towers with Radar,1,18,42,0,61,0,2,72,0,74,1,20,114,0,135,108,0,108,243
09/09/2004,MKG,MI,AGL,CE,Towers with Radar,2,20,46,0,68,0,14,86,0,100,2,34,132,0,168,1260,0,1260,1428
09/10/2004,MKG,MI,AGL,CE,Towers with Radar,0,21,45,1,67,0,169,92,4,265,0,190,137,5,332,70,0,70,402
09/11/2004,MKG,MI,AGL,CE,Towers with Radar,0,12,34,1,47,0,0,73,2,75,0,12,107,3,122,52,2,54,176
09/12/2004,MKG,MI,AGL,CE,Towers with Radar,1,9,21,0,31,0,1,68,3,72,1,10,89,3,103,74,6,80,183
09/13/2004,MKG,MI,AGL,CE,Towers with Radar,1,8,30,0,39,0,0,49,16,65,1,8,79,16,104,2,6,8,112
09/14/2004,MKG,MI,AGL,CE,Towers with Radar,2,17,48,0,67,1,0,45,0,46,3,17,93,0,113,74,2,76,189
09/15/2004,MKG,MI,AGL,CE,Towers with Radar,1,23,52,0,76,0,16,9,0,25,1,39,61,0,101,28,0,28,129
09/16/2004,MKG,MI,AGL,CE,Towers with Radar,0,17,37,0,54,2,0,59,0,61,2,17,96,0,115,70,0,70,185
09/17/2004,MKG,MI,AGL,CE,Towers with Radar,1,18,47,0,66,1,0,85,0,86,2,18,132,0,152,70,0,70,222
09/18/2004,MKG,MI,AGL,CE,Towers with Radar,0,12,25,0,37,0,1,135,0,136,0,13,160,0,173,108,0,108,281
09/19/2004,MKG,MI,AGL,CE,Towers with Radar,0,12,33,0,45,1,0,115,0,116,1,12,148,0,161,6,0,6,167
09/20/2004,MKG,MI,AGL,CE,Towers with Radar,1,17,39,0,57,0,2,104,0,106,1,19,143,0,163,48,0,48,211
09/21/2004,MKG,MI,AGL,CE,Towers with Radar,0,20,48,0,68,0,0,69,0,69,0,20,117,0,137,72,0,72,209
09/22/2004,MKG,MI,AGL,CE,Towers with Radar,0,16,48,0,64,0,0,73,0,73,0,16,121,0,137,70,0,70,207
09/23/2004,MKG,MI,AGL,CE,Towers with Radar,1,18,43,0,62,1,3,27,0,31,2,21,70,0,93,64,0,64,157
09/24/2004,MKG,MI,AGL,CE,Towers with Radar,1,21,46,1,69,0,3,70,0,73,1,24,116,1,142,40,0,40,182
09/25/2004,MKG,MI,AGL,CE,Towers with Radar,0,11,27,1,39,0,3,58,0,61,0,14,85,1,100,142,0,142,242
09/26/2004,MKG,MI,AGL,CE,Towers with Radar,0,11,28,0,39,1,0,131,0,132,1,11,159,0,171,70,14,84,255
09/27/2004,MKG,MI,AGL,CE,Towers with Radar,0,15,34,0,49,0,0,61,0,61,0,15,95,0,110,46,0,46,156
09/28/2004,MKG,MI,AGL,CE,Towers with Radar,0,15,37,1,53,0,3,33,0,36,0,18,70,1,89,56,0,56,145
09/29/2004,MKG,MI,AGL,CE,Towers with Radar,0,15,39,0,54,0,0,98,0,98,0,15,137,0,152,0,60,60,212
09/30/2004,MKG,MI,AGL,CE,Towers with Radar,0,16,38,0,54,2,4,83,0,89,2,20,121,0,143,0,140,140,283
10/01/2004,MKG,MI,AGL,CE,Combined TRACON& Tower with Radar,0,17,34,0,51,0,0,56,0,56,0,17,90,0,107,64,0,64,171
10/02/2004,MKG,MI,AGL,CE,Combined TRACON& Tower with Radar,0,12,31,0,43,0,0,27,1,28,0,12,58,1,71,42,0,42,113
10/03/2004,MKG,MI,AGL,CE,Combined TRACON& Tower with Radar,0,9,29,0,38,0,0,19,1,20,0,9,48,1,58,40,0,40,98
10/04/2004,MKG,MI,AGL,CE,Combined TRACON& Tower with Radar,0,11,25,0,36,0,0,29,0,29,0,11,54,0,65,56,0,56,121
10/05/2004,MKG,MI,AGL,CE,Combined TRACON& Tower with Radar,0,14,28,0,42,0,0,77,0,77,0,14,105,0,119,78,0,78,197
10/06/2004,MKG,MI,AGL,CE,Combined TRACON& Tower with Radar,0,19,44,0,63,0,0,52,6,58,0,19,96,6,121,46,0,46,167
10/07/2004,MKG,MI,AGL,CE,Combined TRACON& Tower with Radar,0,21,38,0,59,0,1,61,0,62,0,22,99,0,121,126,0,126,247
10/08/2004,MKG,MI,AGL,CE,Combined TRACON& Tower with Radar,0,24,34,0,58,0,0,0,0,0,0,24,34,0,58,8,0,8,66
10/09/2004,MKG,MI,AGL,CE,Combined TRACON& Tower with Radar,0,12,24,0,36,0,0,52,1,53,0,12,76,1,89,70,0,70,159
10/10/2004,MKG,MI,AGL,CE,Combined TRACON& Tower with Radar,3,12,57,0,72,0,1,45,0,46,3,13,102,0,118,60,0,60,178
10/11/2004,MKG,MI,AGL,CE,Combined TRACON& Tower with Radar,2,17,26,0,45,0,0,52,0,52,2,17,78,0,97,132,0,132,229
10/12/2004,MKG,MI,AGL,CE,Combined TRACON& Tower with Radar,2,28,32,0,62,2,0,66,2,70,4,28,98,2,132,100,0,100,232
10/13/2004,MKG,MI,AGL,CE,Combined TRACON& Tower with Radar,0,19,31,1,51,0,0,70,0,70,0,19,101,1,121,100,0,100,221
10/14/2004,MKG,MI,AGL,CE,Combined TRACON& Tower with Radar,1,19,49,11,80,0,0,33,0,33,1,19,82,11,113,96,24,120,233
10/15/2004,MKG,MI,AGL,CE,Combined TRACON& Tower with Radar,0,18,17,0,35,0,0,0,0,0,0,18,17,0,35,0,0,0,35
10/16/2004,MKG,MI,AGL,CE,Combined TRACON& Tower with Radar,1,14,9,0,24,0,0,2,0,2,1,14,11,0,26,6,0,6,32
10/17/2004,MKG,MI,AGL,CE,Combined TRACON& Tower with Radar,2,7,23,0,32,0,0,8,0,8,2,7,31,0,40,26,0,26,66
10/18/2004,MKG,MI,AGL,CE,Combined TRACON& Tower with Radar,2,11,43,0,56,0,0,45,0,45,2,11,88,0,101,88,0,88,189
10/19/2004,MKG,MI,AGL,CE,Combined TRACON& Tower with Radar,0,15,43,4,62,0,0,6,0,6,0,15,49,4,68,70,16,86,154
10/20/2004,MKG,MI,AGL,CE,Combined TRACON& Tower with Radar,2,17,35,14,68,0,0,22,3,25,2,17,57,17,93,100,24,124,217
10/21/2004,MKG,MI,AGL,CE,Combined TRACON& Tower with Radar,1,12,47,0,60,0,0,46,2,48,1,12,93,2,108,102,0,102,210
10/22/2004,MKG,MI,AGL,CE,Combined TRACON& Tower with Radar,1,14,51,0,66,0,5,40,0,45,1,19,91,0,111,84,0,84,195
10/23/2004,MKG,MI,AGL,CE,Combined TRACON& Tower with Radar,1,10,3,0,14,1,0,0,0,1,2,10,3,0,15,0,0,0,15
10/24/2004,MKG,MI,AGL,CE,Combined TRACON& Tower with Radar,0,12,41,0,53,1,0,7,0,8,1,12,48,0,61,64,0,64,125
10/25/2004,MKG,MI,AGL,CE,Combined TRACON& Tower with Radar,2,14,38,0,54,0,0,66,0,66,2,14,104,0,120,112,0,112,232
10/26/2004,MKG,MI,AGL,CE,Combined TRACON& Tower with Radar,0,18,31,0,49,0,0,56,0,56,0,18,87,0,105,102,0,102,207
10/27/2004,MKG,MI,AGL,CE,Combined TRACON& Tower with Radar,0,17,79,0,96,2,0,20,0,22,2,17,99,0,118,110,0,110,228
10/28/2004,MKG,MI,AGL,CE,Combined TRACON& Tower with Radar,2,14,28,0,44,0,0,10,0,10,2,14,38,0,54,44,0,44,98
10/29/2004,MKG,MI,AGL,CE,Combined TRACON& Tower with Radar,4,14,30,0,48,0,0,0,2,2,4,14,30,2,50,2,0,2,52
10/30/2004,MKG,MI,AGL,CE,Combined TRACON& Tower with Radar,1,12,14,0,27,1,0,0,0,1,2,12,14,0,28,30,0,30,58
10/31/2004,MKG,MI,AGL,CE,Combined TRACON& Tower with Radar,1,12,31,0,44,1,0,7,0,8,2,12,38,0,52,0,0,0,52
11/01/2004,MKG,MI,AGL,CE,Combined TRACON& Tower with Radar,0,18,20,0,38,0,0,28,0,28,0,18,48,0,66,88,0,88,154
11/02/2004,MKG,MI,AGL,CE,Combined TRACON& Tower with Radar,2,15,21,0,38,0,0,24,0,24,2,15,45,0,62,72,0,72,134
11/03/2004,MKG,MI,AGL,CE,Combined TRACON& Tower with Radar,0,16,50,0,66,2,0,76,0,78,2,16,126,0,144,118,0,118,262
11/04/2004,MKG,MI,AGL,CE,Combined TRACON& Tower with Radar,1,16,22,0,39,0,0,0,0,0,1,16,22,0,39,10,0,10,49
11/05/2004,MKG,MI,AGL,CE,Combined TRACON& Tower with Radar,1,14,32,10,57,1,0,68,0,69,2,14,100,10,126,120,12,132,258
11/06/2004,MKG,MI,AGL,CE,Combined TRACON& Tower with Radar,0,11,57,0,68,0,1,36,0,37,0,12,93,0,105,84,0,84,189
11/07/2004,MKG,MI,AGL,CE,Combined TRACON& Tower with Radar,0,8,16,0,24,1,0,34,0,35,1,8,50,0,59,24,0,24,83
11/08/2004,MKG,MI,AGL,CE,Combined TRACON& Tower with Radar,0,13,25,0,38,1,0,42,0,43,1,13,67,0,81,88,0,88,169
11/09/2004,MKG,MI,AGL,CE,Combined TRACON& Tower with Radar,0,17,27,0,44,1,0,49,0,50,1,17,76,0,94,98,0,98,192
11/10/2004,MKG,MI,AGL,CE,Combined TRACON& Tower with Radar,0,25,31,0,56,0,0,34,0,34,0,25,65,0,90,58,0,58,148
11/11/2004,MKG,MI,AGL,CE,Combined TRACON& Tower with Radar,0,18,28,0,46,0,0,36,0,36,0,18,64,0,82,18,0,18,100
11/12/2004,MKG,MI,AGL,CE,Combined TRACON& Tower with Radar,0,14,24,0,38,0,0,81,0,81,0,14,105,0,119,122,0,122,241
11/13/2004,MKG,MI,AGL,CE,Combined TRACON& Tower with Radar,1,12,42,0,55,0,10,124,0,134,1,22,166,0,189,130,0,130,319
11/14/2004,MKG,MI,AGL,CE,Combined TRACON& Tower with Radar,0,10,43,0,53,0,4,78,0,82,0,14,121,0,135,102,2,104,239
11/15/2004,MKG,MI,AGL,CE,Combined TRACON& Tower with Radar,0,15,16,0,31,2,0,49,0,51,2,15,65,0,82,70,2,72,154
11/16/2004,MKG,MI,AGL,CE,Combined TRACON& Tower with Radar,1,15,38,0,54,0,0,0,0,0,1,15,38,0,54,10,0,10,64
11/17/2004,MKG,MI,AGL,CE,Combined TRACON& Tower with Radar,0,12,18,0,30,0,2,0,0,2,0,14,18,0,32,0,0,0,32
11/18/2004,MKG,MI,AGL,CE,Combined TRACON& Tower with Radar,0,9,24,0,33,0,0,39,0,39,0,9,63,0,72,124,0,124,196
11/19/2004,MKG,MI,AGL,CE,Combined TRACON& Tower with Radar,0,14,8,4,26,0,8,10,0,18,0,22,18,4,44,0,0,0,44
11/20/2004,MKG,MI,AGL,CE,Combined TRACON& Tower with Radar,0,11,24,0,35,1,0,0,0,1,1,11,24,0,36,10,0,10,46
11/21/2004,MKG,MI,AGL,CE,Combined TRACON& Tower with Radar,2,10,21,0,33,0,0,57,1,58,2,10,78,1,91,78,6,84,175
11/22/2004,MKG,MI,AGL,CE,Combined TRACON& Tower with Radar,1,16,37,1,55,0,0,49,0,49,1,16,86,1,104,86,0,86,190
11/23/2004,MKG,MI,AGL,CE,Combined TRACON& Tower with Radar,1,15,49,0,65,0,0,39,0,39,1,15,88,0,104,76,0,76,180
11/24/2004,MKG,MI,AGL,CE,Combined TRACON& Tower with Radar,0,14,17,0,31,0,0,1,0,1,0,14,18,0,32,44,0,44,76
11/25/2004,MKG,MI,AGL,CE,Combined TRACON& Tower with Radar,0,12,2,0,14,0,1,7,0,8,0,13,9,0,22,14,0,14,36
11/26/2004,MKG,MI,AGL,CE,Combined TRACON& Tower with Radar,1,6,35,0,42,0,0,25,0,25,1,6,60,0,67,66,0,66,133
11/27/2004,MKG,MI,AGL,CE,Combined TRACON& Tower with Radar,2,24,24,0,50,0,0,0,0,0,2,24,24,0,50,12,0,12,62
11/28/2004,MKG,MI,AGL,CE,Combined TRACON& Tower with Radar,0,12,19,0,31,1,0,14,0,15,1,12,33,0,46,28,0,28,74
11/29/2004,MKG,MI,AGL,CE,Combined TRACON& Tower with Radar,0,18,27,0,45,0,0,8,1,9,0,18,35,1,54,42,6,48,102
11/30/2004,MKG,MI,AGL,CE,Combined TRACON& Tower with Radar,0,11,22,14,47,0,0,0,0,0,0,11,22,14,47,6,4,10,57
12/01/2004,MKG,MI,AGL,CE,Combined TRACON& Tower with Radar,0,18,31,11,60,0,0,42,4,46,0,18,73,15,106,74,24,98,204
12/02/2004,MKG,MI,AGL,CE,Combined TRACON& Tower with Radar,0,18,35,0,53,0,2,35,0,37,0,20,70,0,90,162,0,162,252
12/03/2004,MKG,MI,AGL,CE,Combined TRACON& Tower with Radar,0,16,61,10,87,0,0,42,0,42,0,16,103,10,129,102,32,134,263
12/04/2004,MKG,MI,AGL,CE,Combined TRACON& Tower with Radar,0,9,31,0,40,0,0,13,0,13,0,9,44,0,53,20,0,20,73
12/05/2004,MKG,MI,AGL,CE,Combined TRACON& Tower with Radar,0,11,46,0,57,0,2,50,0,52,0,13,96,0,109,126,0,126,235
12/06/2004,MKG,MI,AGL,CE,Combined TRACON& Tower with Radar,0,21,16,0,37,0,0,1,0,1,0,21,17,0,38,0,0,0,38
12/07/2004,MKG,MI,AGL,CE,Combined TRACON& Tower with Radar,0,19,11,11,41,0,0,0,0,0,0,19,11,11,41,0,18,18,59
12/08/2004,MKG,MI,AGL,CE,Combined TRACON& Tower with Radar,0,21,48,15,84,0,0,22,1,23,0,21,70,16,107,60,8,68,175
12/09/2004,MKG,MI,AGL,CE,Combined TRACON& Tower with Radar,0,29,20,11,60,0,0,34,2,36,0,29,54,13,96,30,24,54,150
12/10/2004,MKG,MI,AGL,CE,Combined TRACON& Tower with Radar,0,14,13,0,27,1,0,3,0,4,1,14,16,0,31,0,0,0,31
12/11/2004,MKG,MI,AGL,CE,Combined TRACON& Tower with Radar,0,16,30,0,46,0,0,14,0,14,0,16,44,0,60,60,0,60,120
12/12/2004,MKG,MI,AGL,CE,Combined TRACON& Tower with Radar,0,9,9,0,18,0,2,0,0,2,0,11,9,0,20,0,0,0,20
12/13/2004,MKG,MI,AGL,CE,Combined TRACON& Tower with Radar,1,10,6,2,19,0,0,0,0,0,1,10,6,2,19,0,0,0,19
12/14/2004,MKG,MI,AGL,CE,Combined TRACON& Tower with Radar,0,9,38,25,72,0,0,25,0,25,0,9,63,25,97,76,50,126,223
12/15/2004,MKG,MI,AGL,CE,Combined TRACON& Tower with Radar,0,14,40,0,54,2,0,31,0,33,2,14,71,0,87,68,0,68,155
12/16/2004,MKG,MI,AGL,CE,Combined TRACON& Tower with Radar,0,14,30,0,44,0,0,0,0,0,0,14,30,0,44,14,0,14,58
12/17/2004,MKG,MI,AGL,CE,Combined TRACON& Tower with Radar,0,15,47,2,64,0,1,42,0,43,0,16,89,2,107,82,0,82,189
12/18/2004,MKG,MI,AGL,CE,Combined TRACON& Tower with Radar,1,9,23,0,33,0,0,1,0,1,1,9,24,0,34,36,0,36,70
12/19/2004,MKG,MI,AGL,CE,Combined TRACON& Tower with Radar,0,9,13,0,22,0,3,18,0,21,0,12,31,0,43,28,0,28,71
12/20/2004,MKG,MI,AGL,CE,Combined TRACON& Tower with Radar,1,9,5,0,15,0,0,1,0,1,1,9,6,0,16,0,0,0,16
12/21/2004,MKG,MI,AGL,CE,Combined TRACON& Tower with Radar,0,18,17,3,38,1,0,2,0,3,1,18,19,3,41,42,24,66,107
12/22/2004,MKG,MI,AGL,CE,Combined TRACON& Tower with Radar,0,17,10,0,27,0,2,0,0,2,0,19,10,0,29,0,0,0,29
12/23/2004,MKG,MI,AGL,CE,Combined TRACON& Tower with Radar,0,12,13,0,25,0,0,1,0,1,0,12,14,0,26,18,0,18,44
12/24/2004,MKG,MI,AGL,CE,Combined TRACON& Tower with Radar,0,7,9,0,16,0,0,1,0,1,0,7,10,0,17,0,0,0,17
12/25/2004,MKG,MI,AGL,CE,Combined TRACON& Tower with Radar,0,4,4,0,8,0,0,3,0,3,0,4,7,0,11,0,0,0,11
12/26/2004,MKG,MI,AGL,CE,Combined TRACON& Tower with Radar,0,8,18,0,26,0,0,21,0,21,0,8,39,0,47,50,0,50,97
12/27/2004,MKG,MI,AGL,CE,Combined TRACON& Tower with Radar,0,17,21,0,38,0,0,8,3,11,0,17,29,3,49,22,0,22,71
12/28/2004,MKG,MI,AGL,CE,Combined TRACON& Tower with Radar,1,15,18,0,34,0,0,22,4,26,1,15,40,4,60,64,6,70,130
12/29/2004,MKG,MI,AGL,CE,Combined TRACON& Tower with Radar,0,15,44,0,59,1,0,0,0,1,1,15,44,0,60,78,0,78,138
12/30/2004,MKG,MI,AGL,CE,Combined TRACON& Tower with Radar,0,15,28,0,43,0,0,2,0,2,0,15,30,0,45,10,0,10,55
12/31/2004,MKG,MI,AGL,CE,Combined TRACON& Tower with Radar,0,9,19,0,28,0,0,15,0,15,0,9,34,0,43,6,0,6,49
01/01/2005,MKG,MI,AGL,CE,Combined TRACON& Tower with Radar,0,8,23,0,31,1,0,33,0,34,1,8,56,0,65,60,0,60,125
01/02/2005,MKG,MI,AGL,CE,Combined TRACON& Tower with Radar,0,8,22,0,30,1,0,5,0,6,1,8,27,0,36,24,0,24,60
01/03/2005,MKG,MI,AGL,CE,Combined TRACON& Tower with Radar,1,12,13,0,26,0,0,21,0,21,1,12,34,0,47,26,0,26,73
01/04/2005,MKG,MI,AGL,CE,Combined TRACON& Tower with Radar,0,15,38,6,59,0,0,34,4,38,0,15,72,10,97,90,16,106,203
01/05/2005,MKG,MI,AGL,CE,Combined TRACON& Tower with Radar,0,13,6,0,19,0,0,13,0,13,0,13,19,0,32,50,0,50,82
01/06/2005,MKG,MI,AGL,CE,Combined TRACON& Tower with Radar,0,19,4,0,23,0,0,0,0,0,0,19,4,0,23,0,0,0,23
01/07/2005,MKG,MI,AGL,CE,Combined TRACON& Tower with Radar,0,17,23,0,40,0,0,0,0,0,0,17,23,0,40,38,0,38,78
01/08/2005,MKG,MI,AGL,CE,Combined TRACON& Tower with Radar,0,11,11,0,22,0,0,3,0,3,0,11,14,0,25,42,0,42,67
01/09/2005,MKG,MI,AGL,CE,Combined TRACON& Tower with Radar,0,14,18,0,32,0,0,0,0,0,0,14,18,0,32,22,0,22,54
01/10/2005,MKG,MI,AGL,CE,Combined TRACON& Tower with Radar,0,12,31,0,43,0,0,0,0,0,0,12,31,0,43,22,0,22,65
01/11/2005,MKG,MI,AGL,CE,Combined TRACON& Tower with Radar,0,17,41,0,58,0,0,0,0,0,0,17,41,0,58,28,2,30,88
01/12/2005,MKG,MI,AGL,CE,Combined TRACON& Tower with Radar,0,14,15,0,29,0,0,0,2,2,0,14,15,2,31,0,0,0,31
01/13/2005,MKG,MI,AGL,CE,Combined TRACON& Tower with Radar,0,17,19,0,36,0,0,0,0,0,0,17,19,0,36,2,0,2,38
01/14/2005,MKG,MI,AGL,CE,Combined TRACON& Tower with Radar,0,24,33,0,57,0,0,1,0,1,0,24,34,0,58,28,0,28,86
01/15/2005,MKG,MI,AGL,CE,Combined TRACON& Tower with Radar,0,14,26,0,40,0,0,46,0,46,0,14,72,0,86,34,0,34,120
01/16/2005,MKG,MI,AGL,CE,Combined TRACON& Tower with Radar,0,11,50,1,62,0,0,0,0,0,0,11,50,1,62,68,0,68,130
01/17/2005,MKG,MI,AGL,CE,Combined TRACON& Tower with Radar,0,19,24,0,43,0,0,0,0,0,0,19,24,0,43,0,0,0,43
01/18/2005,MKG,MI,AGL,CE,Combined TRACON& Tower with Radar,0,20,22,0,42,0,0,12,0,12,0,20,34,0,54,20,0,20,74
01/19/2005,MKG,MI,AGL,CE,Combined TRACON& Tower with Radar,0,13,27,7,47,0,3,0,7,10,0,16,27,14,57,0,10,10,67
01/20/2005,MKG,MI,AGL,CE,Combined TRACON& Tower with Radar,0,16,15,0,31,0,0,45,1,46,0,16,60,1,77,28,0,28,105
01/21/2005,MKG,MI,AGL,CE,Combined TRACON& Tower with Radar,0,20,39,0,59,0,0,46,0,46,0,20,85,0,105,62,0,62,167
01/22/2005,MKG,MI,AGL,CE,Combined TRACON& Tower with Radar,0,8,5,0,13,0,2,0,0,2,0,10,5,0,15,0,0,0,15
01/23/2005,MKG,MI,AGL,CE,Combined TRACON& Tower with Radar,0,8,37,0,45,0,0,53,0,53,0,8,90,0,98,60,0,60,158
01/24/2005,MKG,MI,AGL,CE,Combined TRACON& Tower with Radar,0,14,16,0,30,0,0,24,0,24,0,14,40,0,54,60,0,60,114
01/25/2005,MKG,MI,AGL,CE,Combined TRACON& Tower with Radar,0,15,17,8,40,0,0,18,6,24,0,15,35,14,64,62,8,70,134
01/26/2005,MKG,MI,AGL,CE,Combined TRACON& Tower with Radar,0,15,32,7,54,0,0,27,1,28,0,15,59,8,82,56,32,88,170
01/27/2005,MKG,MI,AGL,CE,Combined TRACON& Tower with Radar,0,19,42,0,61,0,0,43,0,43,0,19,85,0,104,52,0,52,156
01/28/2005,MKG,MI,AGL,CE,Combined TRACON& Tower with Radar,1,28,57,2,88,0,0,37,0,37,1,28,94,2,125,120,16,136,261
01/29/2005,MKG,MI,AGL,CE,Combined TRACON& Tower with Radar,0,15,37,0,52,0,0,61,0,61,0,15,98,0,113,110,0,110,223
01/30/2005,MKG,MI,AGL,CE,Combined TRACON& Tower with Radar,0,9,37,0,46,0,0,29,0,29,0,9,66,0,75,114,0,114,189
01/31/2005,MKG,MI,AGL,CE,Combined TRACON& Tower with Radar,0,13,13,0,26,0,0,17,0,17,0,13,30,0,43,130,0,130,173
02/01/2005,MKG,MI,AGL,CE,Combined TRACON& Tower with Radar,0,18,45,7,70,0,0,12,4,16,0,18,57,11,86,72,24,96,182
02/02/2005,MKG,MI,AGL,CE,Combined TRACON& Tower with Radar,0,16,39,0,55,0,0,29,0,29,0,16,68,0,84,56,0,56,140
02/03/2005,MKG,MI,AGL,CE,Combined TRACON& Tower with Radar,0,18,45,0,63,0,0,41,0,41,0,18,86,0,104,100,0,100,204
02/04/2005,MKG,MI,AGL,CE,Combined TRACON& Tower with Radar,0,18,48,0,66,0,0,28,1,29,0,18,76,1,95,58,0,58,153
02/05/2005,MKG,MI,AGL,CE,Combined TRACON& Tower with Radar,0,22,87,0,109,0,0,43,0,43,0,22,130,0,152,72,0,72,224
02/06/2005,MKG,MI,AGL,CE,Combined TRACON& Tower with Radar,0,9,29,2,40,0,2,28,0,30,0,11,57,2,70,50,0,50,120
02/07/2005,MKG,MI,AGL,CE,Combined TRACON& Tower with Radar,0,5,8,0,13,0,0,0,0,0,0,5,8,0,13,2,0,2,15
02/08/2005,MKG,MI,AGL,CE,Combined TRACON& Tower with Radar,0,15,24,0,39,0,1,0,0,1,0,16,24,0,40,20,0,20,60
02/09/2005,MKG,MI,AGL,CE,Combined TRACON& Tower with Radar,0,14,13,0,27,0,1,31,0,32,0,15,44,0,59,100,0,100,159
02/10/2005,MKG,MI,AGL,CE,Combined TRACON& Tower with Radar,0,18,36,0,54,0,0,64,2,66,0,18,100,2,120,108,0,108,228
02/11/2005,MKG,MI,AGL,CE,Combined TRACON& Tower with Radar,0,15,12,0,27,0,1,8,0,9,0,16,20,0,36,12,0,12,48
02/12/2005,MKG,MI,AGL,CE,Combined TRACON& Tower with Radar,0,12,34,0,46,0,0,106,0,106,0,12,140,0,152,30,0,30,182
02/13/2005,MKG,MI,AGL,CE,Combined TRACON& Tower with Radar,0,10,9,0,19,0,0,28,0,28,0,10,37,0,47,50,0,50,97
02/14/2005,MKG,MI,AGL,CE,Combined TRACON& Tower with Radar,0,16,34,0,50,0,0,0,0,0,0,16,34,0,50,14,0,14,64
02/15/2005,MKG,MI,AGL,CE,Combined TRACON& Tower with Radar,0,10,11,14,35,0,0,1,0,1,0,10,12,14,36,0,12,12,48
02/16/2005,MKG,MI,AGL,CE,Combined TRACON& Tower with Radar,0,14,49,0,63,0,0,43,0,43,0,14,92,0,106,58,0,58,164
02/17/2005,MKG,MI,AGL,CE,Combined TRACON& Tower with Radar,0,16,0,0,16,16,9,0,0,25,16,25,0,0,41,2,0,2,43
02/18/2005,MKG,MI,AGL,CE,Combined TRACON& Tower with Radar,0,13,38,0,51,0,0,23,0,23,0,13,61,0,74,82,0,82,156
02/19/2005,MKG,MI,AGL,CE,Combined TRACON& Tower with Radar,0,16,28,20,64,0,0,0,0,0,0,16,28,20,64,30,44,74,138
02/20/2005,MKG,MI,AGL,CE,Combined TRACON& Tower with Radar,0,10,8,0,18,0,0,2,0,2,0,10,10,0,20,0,0,0,20
02/21/2005,MKG,MI,AGL,CE,Combined TRACON& Tower with Radar,0,21,16,0,37,0,0,13,0,13,0,21,29,0,50,50,0,50,100
02/22/2005,MKG,MI,AGL,CE,Combined TRACON& Tower with Radar,0,16,28,0,44,0,0,1,0,1,0,16,29,0,45,8,0,8,53
02/23/2005,MKG,MI,AGL,CE,Combined TRACON& Tower with Radar,0,19,36,4,59,0,0,0,0,0,0,19,36,4,59,50,22,72,131
02/24/2005,MKG,MI,AGL,CE,Combined TRACON& Tower with Radar,0,15,27,4,46,0,0,11,0,11,0,15,38,4,57,34,6,40,97
02/25/2005,MKG,MI,AGL,CE,Combined TRACON& Tower with Radar,0,16,29,0,45,0,0,0,0,0,0,16,29,0,45,14,0,14,59
02/26/2005,MKG,MI,AGL,CE,Combined TRACON& Tower with Radar,0,15,60,0,75,0,0,77,0,77,0,15,137,0,152,128,0,128,280
02/27/2005,MKG,MI,AGL,CE,Combined TRACON& Tower with Radar,0,9,23,0,32,0,0,36,0,36,0,9,59,0,68,60,0,60,128
02/28/2005,MKG,MI,AGL,CE,Combined TRACON& Tower with Radar,0,11,8,0,19,0,0,0,0,0,0,11,8,0,19,0,0,0,19
03/01/2005,MKG,MI,AGL,CE,Combined TRACON& Tower with Radar,0,7,11,0,18,0,0,0,0,0,0,7,11,0,18,0,0,0,18
03/02/2005,MKG,MI,AGL,CE,Combined TRACON& Tower with Radar,0,16,38,0,54,0,0,4,0,4,0,16,42,0,58,10,0,10,68
03/03/2005,MKG,MI,AGL,CE,Combined TRACON& Tower with Radar,0,18,25,0,43,0,0,61,0,61,0,18,86,0,104,120,0,120,224
03/04/2005,MKG,MI,AGL,CE,Combined TRACON& Tower with Radar,0,18,46,0,64,0,0,24,0,24,0,18,70,0,88,50,0,50,138
03/05/2005,MKG,MI,AGL,CE,Combined TRACON& Tower with Radar,0,13,62,0,75,0,1,34,0,35,0,14,96,0,110,130,0,130,240
03/06/2005,MKG,MI,AGL,CE,Combined TRACON& Tower with Radar,0,17,0,0,17,12,56,0,0,68,12,73,0,0,85,60,0,60,145
03/07/2005,MKG,MI,AGL,CE,Combined TRACON& Tower with Radar,0,12,12,20,44,0,0,6,0,6,0,12,18,20,50,1,2,3,53
03/08/2005,MKG,MI,AGL,CE,Combined TRACON& Tower with Radar,0,16,16,0,32,0,0,12,0,12,0,16,28,0,44,20,0,20,64
03/09/2005,MKG,MI,AGL,CE,Combined TRACON& Tower with Radar,0,16,29,14,59,0,0,0,0,0,0,16,29,14,59,26,14,40,99
03/10/2005,MKG,MI,AGL,CE,Combined TRACON& Tower with Radar,0,20,23,0,43,0,0,3,0,3,0,20,26,0,46,20,0,20,66
03/11/2005,MKG,MI,AGL,CE,Combined TRACON& Tower with Radar,0,16,18,0,34,0,0,13,0,13,0,16,31,0,47,36,0,36,83
03/12/2005,MKG,MI,AGL,CE,Combined TRACON& Tower with Radar,0,10,13,0,23,0,0,11,0,11,0,10,24,0,34,16,0,16,50
03/13/2005,MKG,MI,AGL,CE,Combined TRACON& Tower with Radar,0,10,28,0,38,0,1,45,0,46,0,11,73,0,84,46,0,46,130
03/14/2005,MKG,MI,AGL,CE,Combined TRACON& Tower with Radar,0,14,51,21,86,0,0,29,0,29,0,14,80,21,115,24,26,50,165
03/15/2005,MKG,MI,AGL,CE,Combined TRACON& Tower with Radar,0,15,34,4,53,0,1,16,0,17,0,16,50,4,70,20,0,20,90
03/16/2005,MKG,MI,AGL,CE,Combined TRACON& Tower with Radar,0,14,32,0,46,0,0,20,0,20,0,14,52,0,66,90,0,90,156
03/17/2005,MKG,MI,AGL,CE,Combined TRACON& Tower with Radar,0,13,40,0,53,0,0,39,0,39,0,13,79,0,92,36,0,36,128
03/18/2005,MKG,MI,AGL,CE,Combined TRACON& Tower with Radar,0,16,26,0,42,0,0,0,0,0,0,16,26,0,42,4,0,4,46
03/19/2005,MKG,MI,AGL,CE,Combined TRACON& Tower with Radar,0,11,8,0,19,0,0,0,0,0,0,11,8,0,19,0,0,0,19
03/20/2005,MKG,MI,AGL,CE,Combined TRACON& Tower with Radar,0,9,4,0,13,0,0,0,0,0,0,9,4,0,13,2,0,2,15
03/21/2005,MKG,MI,AGL,CE,Combined TRACON& Tower with Radar,0,16,51,8,75,0,0,29,2,31,0,16,80,10,106,100,20,120,226
03/22/2005,MKG,MI,AGL,CE,Combined TRACON& Tower with Radar,0,15,62,0,77,0,0,31,1,32,0,15,93,1,109,70,0,70,179
03/23/2005,MKG,MI,AGL,CE,Combined TRACON& Tower with Radar,0,14,23,0,37,0,0,41,0,41,0,14,64,0,78,80,0,80,158
03/24/2005,MKG,MI,AGL,CE,Combined TRACON& Tower with Radar,0,20,47,0,67,0,0,57,2,59,0,20,104,2,126,120,0,120,246
03/25/2005,MKG,MI,AGL,CE,Combined TRACON& Tower with Radar,0,13,18,0,31,0,0,58,0,58,0,13,76,0,89,78,0,78,167
03/26/2005,MKG,MI,AGL,CE,Combined TRACON& Tower with Radar,0,14,35,0,49,0,0,94,0,94,0,14,129,0,143,116,0,116,259
03/27/2005,MKG,MI,AGL,CE,Combined TRACON& Tower with Radar,0,9,14,0,23,0,0,32,0,32,0,9,46,0,55,2,0,2,57
03/28/2005,MKG,MI,AGL,CE,Combined TRACON& Tower with Radar,0,16,43,1,60,0,2,93,1,96,0,18,136,2,156,100,0,100,256
03/29/2005,MKG,MI,AGL,CE,Combined TRACON& Tower with Radar,0,19,66,0,85,0,2,72,1,75,0,21,138,1,160,148,0,148,308
03/30/2005,MKG,MI,AGL,CE,Combined TRACON& Tower with Radar,0,13,30,3,46,0,0,21,2,23,0,13,51,5,69,14,0,14,83
03/31/2005,MKG,MI,AGL,CE,Combined TRACON& Tower with Radar,0,16,50,0,66,0,0,0,0,0,0,16,50,0,66,18,0,18,84
04/01/2005,MKG,MI,AGL,CE,Combined TRACON& Tower with Radar,0,16,27,0,43,0,1,89,0,90,0,17,116,0,133,80,0,80,213
04/02/2005,MKG,MI,AGL,CE,Combined TRACON& Tower with Radar,0,16,31,0,47,0,0,19,0,19,0,16,50,0,66,48,0,48,114
04/03/2005,MKG,MI,AGL,CE,Combined TRACON& Tower with Radar,0,10,27,0,37,0,0,37,0,37,0,10,64,0,74,44,0,44,118
04/04/2005,MKG,MI,AGL,CE,Combined TRACON& Tower with Radar,0,14,22,0,36,0,0,48,0,48,0,14,70,0,84,28,0,28,112
04/05/2005,MKG,MI,AGL,CE,Combined TRACON& Tower with Radar,0,15,24,0,39,0,0,59,0,59,0,15,83,0,98,68,0,68,166
04/06/2005,MKG,MI,AGL,CE,Combined TRACON& Tower with Radar,0,16,41,0,57,0,0,38,0,38,0,16,79,0,95,68,0,68,163
04/07/2005,MKG,MI,AGL,CE,Combined TRACON& Tower with Radar,0,14,40,0,54,0,0,35,0,35,0,14,75,0,89,50,2,52,141
04/08/2005,MKG,MI,AGL,CE,Combined TRACON& Tower with Radar,0,16,40,0,56,0,0,78,0,78,0,16,118,0,134,64,0,64,198
04/09/2005,MKG,MI,AGL,CE,Combined TRACON& Tower with Radar,0,11,43,0,54,0,1,131,1,133,0,12,174,1,187,192,0,192,379
04/10/2005,MKG,MI,AGL,CE,Combined TRACON& Tower with Radar,0,14,46,0,60,0,0,46,1,47,0,14,92,1,107,38,2,40,147
04/11/2005,MKG,MI,AGL,CE,Combined TRACON& Tower with Radar,0,14,15,0,29,0,2,33,1,36,0,16,48,1,65,92,0,92,157
04/12/2005,MKG,MI,AGL,CE,Combined TRACON& Tower with Radar,0,15,15,0,30,0,0,19,1,20,0,15,34,1,50,30,0,30,80
04/13/2005,MKG,MI,AGL,CE,Combined TRACON& Tower with Radar,0,14,40,0,54,0,0,48,0,48,0,14,88,0,102,30,0,30,132
04/14/2005,MKG,MI,AGL,CE,Combined TRACON& Tower with Radar,0,18,29,16,63,0,0,53,4,57,0,18,82,20,120,64,36,100,220
04/15/2005,MKG,MI,AGL,CE,Combined TRACON& Tower with Radar,0,18,30,0,48,0,3,61,0,64,0,21,91,0,112,24,0,24,136
04/16/2005,MKG,MI,AGL,CE,Combined TRACON& Tower with Radar,0,8,33,0,41,0,2,70,0,72,0,10,103,0,113,72,0,72,185
04/17/2005,MKG,MI,AGL,CE,Combined TRACON& Tower with Radar,0,6,11,0,17,0,5,68,0,73,0,11,79,0,90,30,0,30,120
04/18/2005,MKG,MI,AGL,CE,Combined TRACON& Tower with Radar,0,10,45,0,55,0,0,47,2,49,0,10,92,2,104,58,0,58,162
04/19/2005,MKG,MI,AGL,CE,Combined TRACON& Tower with Radar,0,18,32,1,51,0,0,65,4,69,0,18,97,5,120,50,0,50,170
04/20/2005,MKG,MI,AGL,CE,Combined TRACON& Tower with Radar,0,14,25,0,39,0,0,13,0,13,0,14,38,0,52,60,0,60,112
04/21/2005,MKG,MI,AGL,CE,Combined TRACON& Tower with Radar,0,18,53,0,71,0,0,69,0,69,0,18,122,0,140,130,0,130,270
04/22/2005,MKG,MI,AGL,CE,Combined TRACON& Tower with Radar,0,17,26,0,43,0,1,14,2,17,0,18,40,2,60,38,0,38,98
04/23/2005,MKG,MI,AGL,CE,Combined TRACON& Tower with Radar,0,9,4,0,13,0,2,0,0,2,0,11,4,0,15,0,0,0,15
04/24/2005,MKG,MI,AGL,CE,Combined TRACON& Tower with Radar,0,10,14,0,24,0,0,0,0,0,0,10,14,0,24,4,0,4,28
04/25/2005,MKG,MI,AGL,CE,Combined TRACON& Tower with Radar,0,13,21,0,34,0,1,35,0,36,0,14,56,0,70,66,0,66,136
04/26/2005,MKG,MI,AGL,CE,Combined TRACON& Tower with Radar,0,16,53,11,80,0,0,45,3,48,0,16,98,14,128,112,10,122,250
04/27/2005,MKG,MI,AGL,CE,Combined TRACON& Tower with Radar,0,15,46,0,61,0,0,18,0,18,0,15,64,0,79,56,0,56,135
04/28/2005,MKG,MI,AGL,CE,Combined TRACON& Tower with Radar,0,19,60,0,79,0,0,53,0,53,0,19,113,0,132,106,0,106,238
04/29/2005,MKG,MI,AGL,CE,Combined TRACON& Tower with Radar,0,18,63,3,84,0,0,31,3,34,0,18,94,6,118,88,8,96,214
04/30/2005,MKG,MI,AGL,CE,Combined TRACON& Tower with Radar,0,12,48,0,60,0,0,15,0,15,0,12,63,0,75,42,0,42,117
05/01/2005,MKG,MI,AGL,CE,Combined TRACON& Tower with Radar,0,9,15,0,24,0,0,12,0,12,0,9,27,0,36,38,0,38,74
05/02/2005,MKG,MI,AGL,CE,Combined TRACON& Tower with Radar,0,13,31,1,45,0,1,27,1,29,0,14,58,2,74,104,4,108,182
05/03/2005,MKG,MI,AGL,CE,Combined TRACON& Tower with Radar,0,17,39,0,56,0,0,50,1,51,0,17,89,1,107,108,0,108,215
05/04/2005,MKG,MI,AGL,CE,Combined TRACON& Tower with Radar,2,18,37,0,57,2,0,64,0,66,4,18,101,0,123,64,0,64,187
05/05/2005,MKG,MI,AGL,CE,Combined TRACON& Tower with Radar,0,20,48,0,68,0,0,57,0,57,0,20,105,0,125,86,0,86,211
05/06/2005,MKG,MI,AGL,CE,Combined TRACON& Tower with Radar,0,19,44,0,63,0,4,49,0,53,0,23,93,0,116,60,2,62,178
05/07/2005,MKG,MI,AGL,CE,Combined TRACON& Tower with Radar,0,11,39,0,50,0,0,78,0,78,0,11,117,0,128,84,0,84,212
05/08/2005,MKG,MI,AGL,CE,Combined TRACON& Tower with Radar,0,12,22,0,34,0,0,39,0,39,0,12,61,0,73,3,0,3,76
05/09/2005,MKG,MI,AGL,CE,Combined TRACON& Tower with Radar,1,12,34,0,47,1,0,30,0,31,2,12,64,0,78,68,0,68,146
05/10/2005,MKG,MI,AGL,CE,Combined TRACON& Tower with Radar,3,22,63,0,88,0,0,39,1,40,3,22,102,1,128,52,2,54,182
05/11/2005,MKG,MI,AGL,CE,Combined TRACON& Tower with Radar,0,16,32,0,48,0,0,2,0,2,0,16,34,0,50,6,0,6,56
05/12/2005,MKG,MI,AGL,CE,Combined TRACON& Tower with Radar,0,12,18,0,30,0,8,62,0,70,0,20,80,0,100,28,2,30,130
05/13/2005,MKG,MI,AGL,CE,Combined TRACON& Tower with Radar,0,18,23,0,41,0,0,0,0,0,0,18,23,0,41,26,0,26,67
05/14/2005,MKG,MI,AGL,CE,Combined TRACON& Tower with Radar,0,10,25,0,35,0,0,3,0,3,0,10,28,0,38,2,0,2,40
05/15/2005,MKG,MI,AGL,CE,Combined TRACON& Tower with Radar,0,13,17,0,30,0,0,9,0,9,0,13,26,0,39,2,0,2,41
05/16/2005,MKG,MI,AGL,CE,Combined TRACON& Tower with Radar,0,14,52,0,66,0,0,114,0,114,0,14,166,0,180,104,0,104,284
05/17/2005,MKG,MI,AGL,CE,Combined TRACON& Tower with Radar,0,19,44,0,63,0,1,57,1,59,0,20,101,1,122,110,0,110,232
05/18/2005,MKG,MI,AGL,CE,Combined TRACON& Tower with Radar,0,14,51,2,67,0,0,53,0,53,0,14,104,2,120,118,0,118,238
05/19/2005,MKG,MI,AGL,CE,Combined TRACON& Tower with Radar,0,15,71,0,86,0,0,0,1,1,0,15,71,1,87,44,0,44,131
05/20/2005,MKG,MI,AGL,CE,Combined TRACON& Tower with Radar,0,14,64,0,78,0,0,54,0,54,0,14,118,0,132,54,0,54,186
05/21/2005,MKG,MI,AGL,CE,Combined TRACON& Tower with Radar,0,14,33,0,47,0,0,78,0,78,0,14,111,0,125,90,0,90,215
05/22/2005,MKG,MI,AGL,CE,Combined TRACON& Tower with Radar,0,9,22,0,31,0,0,24,0,24,0,9,46,0,55,44,0,44,99
05/23/2005,MKG,MI,AGL,CE,Combined TRACON& Tower with Radar,0,16,41,0,57,0,0,8,0,8,0,16,49,0,65,90,0,90,155
05/24/2005,MKG,MI,AGL,CE,Combined TRACON& Tower with Radar,0,17,33,0,50,0,0,78,0,78,0,17,111,0,128,100,0,100,228
05/25/2005,MKG,MI,AGL,CE,Combined TRACON& Tower with Radar,0,16,45,0,61,0,0,107,1,108,0,16,152,1,169,220,0,220,389
05/26/2005,MKG,MI,AGL,CE,Combined TRACON& Tower with Radar,0,20,56,9,85,0,0,20,9,29,0,20,76,18,114,46,12,58,172
05/27/2005,MKG,MI,AGL,CE,Combined TRACON& Tower with Radar,0,21,41,0,62,0,0,38,3,41,0,21,79,3,103,35,0,35,138
05/28/2005,MKG,MI,AGL,CE,Combined TRACON& Tower with Radar,0,14,40,1,55,0,0,63,0,63,0,14,103,1,118,56,2,58,176
05/29/2005,MKG,MI,AGL,CE,Combined TRACON& Tower with Radar,0,9,28,0,37,0,0,19,6,25,0,9,47,6,62,4,16,20,82
05/30/2005,MKG,MI,AGL,CE,Combined TRACON& Tower with Radar,0,14,8,7,29,0,0,39,3,42,0,14,47,10,71,44,32,76,147
05/31/2005,MKG,MI,AGL,CE,Combined TRACON& Tower with Radar,0,16,31,5,52,0,0,63,7,70,0,16,94,12,122,100,24,124,246
06/01/2005,MKG,MI,AGL,CE,Combined TRACON& Tower with Radar,0,18,30,1,49,0,0,70,3,73,0,18,100,4,122,108,0,108,230
06/02/2005,MKG,MI,AGL,CE,Combined TRACON& Tower with Radar,0,12,27,0,39,0,0,0,0,0,0,12,27,0,39,20,6,26,65
06/03/2005,MKG,MI,AGL,CE,Combined TRACON& Tower with Radar,0,18,59,0,77,0,2,31,2,35,0,20,90,2,112,150,10,160,272
06/04/2005,MKG,MI,AGL,CE,Combined TRACON& Tower with Radar,0,14,45,0,59,0,0,117,2,119,0,14,162,2,178,6,0,6,184
06/05/2005,MKG,MI,AGL,CE,Combined TRACON& Tower with Radar,0,6,25,0,31,0,0,0,2,2,0,6,25,2,33,2,0,2,35
06/06/2005,MKG,MI,AGL,CE,Combined TRACON& Tower with Radar,0,17,45,8,70,0,0,50,7,57,0,17,95,15,127,114,6,120,247
06/07/2005,MKG,MI,AGL,CE,Combined TRACON& Tower with Radar,0,19,49,2,70,0,0,98,0,98,0,19,147,2,168,71,1,72,240
06/08/2005,MKG,MI,AGL,CE,Combined TRACON& Tower with Radar,0,17,49,2,68,0,0,55,1,56,0,17,104,3,124,124,2,126,250
06/09/2005,MKG,MI,AGL,CE,Combined TRACON& Tower with Radar,0,15,53,0,68,0,0,25,4,29,0,15,78,4,97,64,0,64,161
06/10/2005,MKG,MI,AGL,CE,Combined TRACON& Tower with Radar,1,19,48,0,68,0,0,23,8,31,1,19,71,8,99,66,0,66,165
06/11/2005,MKG,MI,AGL,CE,Combined TRACON& Tower with Radar,0,12,39,0,51,0,0,51,2,53,0,12,90,2,104,70,0,70,174
06/12/2005,MKG,MI,AGL,CE,Combined TRACON& Tower with Radar,0,5,21,0,26,0,7,31,1,39,0,12,52,1,65,14,0,14,79
06/13/2005,MKG,MI,AGL,CE,Combined TRACON& Tower with Radar,0,24,31,2,57,0,0,38,0,38,0,24,69,2,95,82,0,82,177
06/14/2005,MKG,MI,AGL,CE,Combined TRACON& Tower with Radar,1,28,55,9,93,0,0,39,9,48,1,28,94,18,141,40,28,68,209
06/15/2005,MKG,MI,AGL,CE,Combined TRACON& Tower with Radar,0,22,44,0,66,0,0,6,4,10,0,22,50,4,76,48,0,48,124
06/16/2005,MKG,MI,AGL,CE,Combined TRACON& Tower with Radar,0,35,88,0,123,0,0,64,2,66,0,35,152,2,189,96,0,96,285
06/17/2005,MKG,MI,AGL,CE,Combined TRACON& Tower with Radar,0,20,43,0,63,2,0,57,6,65,2,20,100,6,128,80,4,84,212
06/18/2005,MKG,MI,AGL,CE,Combined TRACON& Tower with Radar,0,9,37,0,46,0,8,64,2,74,0,17,101,2,120,80,0,80,200
06/19/2005,MKG,MI,AGL,CE,Combined TRACON& Tower with Radar,0,11,14,0,25,0,0,68,2,70,0,11,82,2,95,4,20,24,119
06/20/2005,MKG,MI,AGL,CE,Combined TRACON& Tower with Radar,0,20,60,0,80,0,0,89,2,91,0,20,149,2,171,100,0,100,271
06/21/2005,MKG,MI,AGL,CE,Combined TRACON& Tower with Radar,0,25,61,0,86,0,0,69,3,72,0,25,130,3,158,100,0,100,258
06/22/2005,MKG,MI,AGL,CE,Combined TRACON& Tower with Radar,0,28,24,2,54,0,0,70,1,71,0,28,94,3,125,110,0,110,235
06/23/2005,MKG,MI,AGL,CE,Combined TRACON& Tower with Radar,0,20,56,0,76,0,2,56,5,63,0,22,112,5,139,82,0,82,221
06/24/2005,MKG,MI,AGL,CE,Combined TRACON& Tower with Radar,0,18,28,2,48,0,0,21,0,21,0,18,49,2,69,26,0,26,95
06/25/2005,MKG,MI,AGL,CE,Combined TRACON& Tower with Radar,0,14,14,0,28,0,0,66,1,67,0,14,80,1,95,38,0,38,133
06/26/2005,MKG,MI,AGL,CE,Combined TRACON& Tower with Radar,0,13,24,0,37,0,0,32,4,36,0,13,56,4,73,26,0,26,99
06/27/2005,MKG,MI,AGL,CE,Combined TRACON& Tower with Radar,0,16,40,3,59,0,0,46,1,47,0,16,86,4,106,64,0,64,170
06/28/2005,MKG,MI,AGL,CE,Combined TRACON& Tower with Radar,0,19,10,0,29,0,0,32,0,32,0,19,42,0,61,42,0,42,103
06/29/2005,MKG,MI,AGL,CE,Combined TRACON& Tower with Radar,0,12,55,3,70,0,0,52,3,55,0,12,107,6,125,94,4,98,223
06/30/2005,MKG,MI,AGL,CE,Combined TRACON& Tower with Radar,0,13,24,0,37,0,0,49,3,52,0,13,73,3,89,88,0,88,177
07/01/2005,MKG,MI,AGL,CE,Combined TRACON& Tower with Radar,0,22,38,10,70,0,0,24,0,24,0,22,62,10,94,60,18,78,172
07/02/2005,MKG,MI,AGL,CE,Combined TRACON& Tower with Radar,0,14,41,0,55,0,3,72,2,77,0,17,113,2,132,30,8,38,170
07/03/2005,MKG,MI,AGL,CE,Combined TRACON& Tower with Radar,0,14,12,0,26,0,0,44,4,48,0,14,56,4,74,20,4,24,98
07/04/2005,MKG,MI,AGL,CE,Combined TRACON& Tower with Radar,0,19,14,0,33,0,0,4,4,8,0,19,18,4,41,10,0,10,51
07/05/2005,MKG,MI,AGL,CE,Combined TRACON& Tower with Radar,0,15,48,8,71,0,0,40,7,47,0,15,88,15,118,26,48,74,192
07/06/2005,MKG,MI,AGL,CE,Combined TRACON& Tower with Radar,0,16,37,12,65,0,0,52,4,56,0,16,89,16,121,78,16,94,215
07/07/2005,MKG,MI,AGL,CE,Combined TRACON& Tower with Radar,0,18,64,10,92,0,0,87,7,94,0,18,151,17,186,56,12,68,254
07/08/2005,MKG,MI,AGL,CE,Combined TRACON& Tower with Radar,0,20,122,0,142,0,0,0,0,0,0,20,122,0,142,28,0,28,170
07/09/2005,MKG,MI,AGL,CE,Combined TRACON& Tower with Radar,0,14,25,0,39,0,0,85,2,87,0,14,110,2,126,88,0,88,214
07/10/2005,MKG,MI,AGL,CE,Combined TRACON& Tower with Radar,0,10,36,0,46,0,0,64,0,64,0,10,100,0,110,50,0,50,160
07/11/2005,MKG,MI,AGL,CE,Combined TRACON& Tower with Radar,0,13,26,10,49,0,1,55,0,56,0,14,81,10,105,60,32,92,197
07/12/2005,MKG,MI,AGL,CE,Combined TRACON& Tower with Radar,0,18,34,0,52,0,0,61,2,63,0,18,95,2,115,14,0,14,129
07/13/2005,MKG,MI,AGL,CE,Combined TRACON& Tower with Radar,0,15,33,9,57,0,0,85,11,96,0,15,118,20,153,70,16,86,239
07/14/2005,MKG,MI,AGL,CE,Combined TRACON& Tower with Radar,0,16,49,0,65,0,0,48,4,52,0,16,97,4,117,52,0,52,169
07/15/2005,MKG,MI,AGL,CE,Combined TRACON& Tower with Radar,0,21,23,3,47,0,0,50,4,54,0,21,73,7,101,26,0,26,127
07/16/2005,MKG,MI,AGL,CE,Combined TRACON& Tower with Radar,0,12,30,2,44,0,0,6,0,6,0,12,36,2,50,10,0,10,60
07/17/2005,MKG,MI,AGL,CE,Combined TRACON& Tower with Radar,1,16,16,2,35,0,0,29,2,31,1,16,45,4,66,40,0,40,106
07/18/2005,MKG,MI,AGL,CE,Combined TRACON& Tower with Radar,0,15,51,14,80,0,0,14,10,24,0,15,65,24,104,30,18,48,152
07/19/2005,MKG,MI,AGL,CE,Combined TRACON& Tower with Radar,0,14,42,0,56,0,0,93,4,97,0,14,135,4,153,54,0,54,207
07/20/2005,MKG,MI,AGL,CE,Combined TRACON& Tower with Radar,0,18,35,5,58,0,0,53,15,68,0,18,88,20,126,26,6,32,158
07/21/2005,MKG,MI,AGL,CE,Combined TRACON& Tower with Radar,0,13,32,17,62,0,0,14,0,14,0,13,46,17,76,3,0,3,79
07/22/2005,MKG,MI,AGL,CE,Combined TRACON& Tower with Radar,0,22,20,5,47,0,0,36,16,52,0,22,56,21,99,8,4,12,111
07/23/2005,MKG,MI,AGL,CE,Combined TRACON& Tower with Radar,0,12,22,1,35,0,0,74,8,82,0,12,96,9,117,14,0,14,131
07/24/2005,MKG,MI,AGL,CE,Combined TRACON& Tower with Radar,0,12,28,10,50,0,0,27,9,36,0,12,55,19,86,4,8,12,98
07/25/2005,MKG,MI,AGL,CE,Combined TRACON& Tower with Radar,0,17,44,20,81,0,0,56,10,66,0,17,100,30,147,50,14,64,211
07/26/2005,MKG,MI,AGL,CE,Combined TRACON& Tower with Radar,0,17,53,0,70,0,0,0,0,0,0,17,53,0,70,0,0,0,70
07/27/2005,MKG,MI,AGL,CE,Combined TRACON& Tower with Radar,0,18,58,1,77,0,0,58,5,63,0,18,116,6,140,52,2,54,194
07/28/2005,MKG,MI,AGL,CE,Combined TRACON& Tower with Radar,0,19,42,0,61,0,0,64,4,68,0,19,106,4,129,4,0,4,133
07/29/2005,MKG,MI,AGL,CE,Combined TRACON& Tower with Radar,0,16,0,0,16,0,0,137,0,137,0,16,137,0,153,66,0,66,219
07/30/2005,MKG,MI,AGL,CE,Combined TRACON& Tower with Radar,0,14,35,0,49,0,0,62,2,64,0,14,97,2,113,50,12,62,175
07/31/2005,MKG,MI,AGL,CE,Combined TRACON& Tower with Radar,0,13,24,0,37,0,1,24,1,26,0,14,48,1,63,14,0,14,77
08/01/2005,MKG,MI,AGL,CE,Combined TRACON& Tower with Radar,0,16,34,0,50,0,0,57,3,60,0,16,91,3,110,50,0,50,160
08/02/2005,MKG,MI,AGL,CE,Combined TRACON& Tower with Radar,0,21,45,0,66,0,2,39,3,44,0,23,84,3,110,70,0,70,180
08/03/2005,MKG,MI,AGL,CE,Combined TRACON& Tower with Radar,0,14,62,0,76,0,0,18,4,22,0,14,80,4,98,24,4,28,126
08/04/2005,MKG,MI,AGL,CE,Combined TRACON& Tower with Radar,0,18,34,0,52,0,0,16,0,16,0,18,50,0,68,14,4,18,86
08/05/2005,MKG,MI,AGL,CE,Combined TRACON& Tower with Radar,0,27,56,0,83,0,3,57,4,64,0,30,113,4,147,30,0,30,177
08/06/2005,MKG,MI,AGL,CE,Combined TRACON& Tower with Radar,0,13,16,0,29,0,0,73,1,74,0,13,89,1,103,38,0,38,141
08/07/2005,MKG,MI,AGL,CE,Combined TRACON& Tower with Radar,0,18,19,0,37,0,0,48,5,53,0,18,67,5,90,30,22,52,142
08/08/2005,MKG,MI,AGL,CE,Combined TRACON& Tower with Radar,0,18,36,1,55,0,0,45,3,48,0,18,81,4,103,46,0,46,149
08/09/2005,MKG,MI,AGL,CE,Combined TRACON& Tower with Radar,0,15,66,10,91,0,0,57,0,57,0,15,123,10,148,64,14,78,226
08/10/2005,MKG,MI,AGL,CE,Combined TRACON& Tower with Radar,0,16,52,0,68,10,0,28,2,40,10,16,80,2,108,78,0,78,186
08/11/2005,MKG,MI,AGL,CE,Combined TRACON& Tower with Radar,0,21,56,0,77,0,0,27,3,30,0,21,83,3,107,44,0,44,151
08/12/2005,MKG,MI,AGL,CE,Combined TRACON& Tower with Radar,0,18,73,1,92,0,0,1,0,1,0,18,74,1,93,40,0,40,133
08/13/2005,MKG,MI,AGL,CE,Combined TRACON& Tower with Radar,0,13,28,0,41,0,0,51,1,52,0,13,79,1,93,74,0,74,167
08/14/2005,MKG,MI,AGL,CE,Combined TRACON& Tower with Radar,0,10,20,6,36,0,0,40,3,43,0,10,60,9,79,44,22,66,145
08/15/2005,MKG,MI,AGL,CE,Combined TRACON& Tower with Radar,0,22,59,8,89,0,0,51,4,55,0,22,110,12,144,140,36,176,320
08/16/2005,MKG,MI,AGL,CE,Combined TRACON& Tower with Radar,0,20,54,0,74,0,0,42,2,44,0,20,96,2,118,50,4,54,172
08/17/2005,MKG,MI,AGL,CE,Combined TRACON& Tower with Radar,0,19,45,0,64,0,1,47,0,48,0,20,92,0,112,36,0,36,148
08/18/2005,MKG,MI,AGL,CE,Combined TRACON& Tower with Radar,0,22,32,4,58,0,0,2,0,2,0,22,34,4,60,44,0,44,104
08/19/2005,MKG,MI,AGL,CE,Combined TRACON& Tower with Radar,0,19,64,0,83,0,1,6,8,15,0,20,70,8,98,48,50,98,196
08/20/2005,MKG,MI,AGL,CE,Combined TRACON& Tower with Radar,0,12,29,0,41,0,0,15,4,19,0,12,44,4,60,8,16,24,84
08/21/2005,MKG,MI,AGL,CE,Combined TRACON& Tower with Radar,0,13,19,0,32,0,1,30,1,32,0,14,49,1,64,24,28,52,116
08/22/2005,MKG,MI,AGL,CE,Combined TRACON& Tower with Radar,0,17,54,1,72,0,0,38,1,39,0,17,92,2,111,70,0,70,181
08/23/2005,MKG,MI,AGL,CE,Combined TRACON& Tower with Radar,0,21,65,0,86,0,0,35,0,35,0,21,100,0,121,24,0,24,145
08/24/2005,MKG,MI,AGL,CE,Combined TRACON& Tower with Radar,0,18,41,0,59,0,0,86,1,87,0,18,127,1,146,126,0,126,272
08/25/2005,MKG,MI,AGL,CE,Combined TRACON& Tower with Radar,0,20,34,0,54,0,0,51,0,51,0,20,85,0,105,84,0,84,189
08/26/2005,MKG,MI,AGL,CE,Combined TRACON& Tower with Radar,0,22,43,1,66,0,0,52,0,52,0,22,95,1,118,52,0,52,170
08/27/2005,MKG,MI,AGL,CE,Combined TRACON& Tower with Radar,0,16,50,0,66,0,0,18,0,18,0,16,68,0,84,44,0,44,128
08/28/2005,MKG,MI,AGL,CE,Combined TRACON& Tower with Radar,0,14,19,0,33,0,0,59,4,63,0,14,78,4,96,100,0,100,196
08/29/2005,MKG,MI,AGL,CE,Combined TRACON& Tower with Radar,0,14,34,0,48,0,0,44,0,44,0,14,78,0,92,110,0,110,202
08/30/2005,MKG,MI,AGL,CE,Combined TRACON& Tower with Radar,2,18,40,11,71,0,0,58,9,67,2,18,98,20,138,140,20,160,298
08/31/2005,MKG,MI,AGL,CE,Combined TRACON& Tower with Radar,0,20,45,0,65,1,0,52,0,53,1,20,97,0,118,144,0,144,262
09/01/2005,MKG,MI,AGL,CE,Combined TRACON& Tower with Radar,2,20,41,12,75,0,0,75,0,75,2,20,116,12,150,104,22,126,276
09/02/2005,MKG,MI,AGL,CE,Combined TRACON& Tower with Radar,0,24,33,0,57,0,4,31,0,35,0,28,64,0,92,32,4,36,128
09/03/2005,MKG,MI,AGL,CE,Combined TRACON& Tower with Radar,0,14,49,0,63,0,0,55,2,57,0,14,104,2,120,32,0,32,152
09/04/2005,MKG,MI,AGL,CE,Combined TRACON& Tower with Radar,0,6,15,0,21,0,4,29,2,35,0,10,44,2,56,34,6,40,96
09/05/2005,MKG,MI,AGL,CE,Combined TRACON& Tower with Radar,0,15,27,0,42,1,0,27,2,30,1,15,54,2,72,34,4,38,110
09/06/2005,MKG,MI,AGL,CE,Combined TRACON& Tower with Radar,0,20,26,0,46,0,0,38,0,38,0,20,64,0,84,60,0,60,144
09/07/2005,MKG,MI,AGL,CE,Combined TRACON& Tower with Radar,0,17,30,0,47,0,0,43,0,43,0,17,73,0,90,50,0,50,140
09/08/2005,MKG,MI,AGL,CE,Combined TRACON& Tower with Radar,0,16,35,0,51,0,0,25,0,25,0,16,60,0,76,8,0,8,84
09/09/2005,MKG,MI,AGL,CE,Combined TRACON& Tower with Radar,0,20,42,1,63,0,0,17,0,17,0,20,59,1,80,56,0,56,136
09/10/2005,MKG,MI,AGL,CE,Combined TRACON& Tower with Radar,0,10,57,0,67,0,0,53,0,53,0,10,110,0,120,78,0,78,198
09/11/2005,MKG,MI,AGL,CE,Combined TRACON& Tower with Radar,0,10,19,0,29,0,0,27,0,27,0,10,46,0,56,8,0,8,64
09/12/2005,MKG,MI,AGL,CE,Combined TRACON& Tower with Radar,0,19,43,0,62,0,4,15,0,19,0,23,58,0,81,10,0,10,91
09/13/2005,MKG,MI,AGL,CE,Combined TRACON& Tower with Radar,0,21,37,0,58,0,0,18,2,20,0,21,55,2,78,22,0,22,100
09/14/2005,MKG,MI,AGL,CE,Combined TRACON& Tower with Radar,0,12,33,0,45,0,0,25,0,25,0,12,58,0,70,44,0,44,114
09/15/2005,MKG,MI,AGL,CE,Combined TRACON& Tower with Radar,0,20,46,0,66,0,0,50,6,56,0,20,96,6,122,80,10,90,212
09/16/2005,MKG,MI,AGL,CE,Combined TRACON& Tower with Radar,0,16,64,0,80,0,0,26,6,32,0,16,90,6,112,80,12,92,204
09/17/2005,MKG,MI,AGL,CE,Combined TRACON& Tower with Radar,0,12,33,0,45,0,2,49,0,51,0,14,82,0,96,60,0,60,156
09/18/2005,MKG,MI,AGL,CE,Combined TRACON& Tower with Radar,0,12,20,0,32,0,2,32,0,34,0,14,52,0,66,48,0,48,114
09/19/2005,MKG,MI,AGL,CE,Combined TRACON& Tower with Radar,0,13,15,0,28,0,1,9,6,16,0,14,24,6,44,14,0,14,58
09/20/2005,MKG,MI,AGL,CE,Combined TRACON& Tower with Radar,0,15,50,0,65,0,0,53,0,53,0,15,103,0,118,70,0,70,188
09/21/2005,MKG,MI,AGL,CE,Combined TRACON& Tower with Radar,0,14,46,0,60,0,0,42,2,44,0,14,88,2,104,40,0,40,144
09/22/2005,MKG,MI,AGL,CE,Combined TRACON& Tower with Radar,0,15,29,0,44,0,0,0,0,0,0,15,29,0,44,0,0,0,44
09/23/2005,MKG,MI,AGL,CE,Combined TRACON& Tower with Radar,0,14,65,0,79,0,0,35,2,37,0,14,100,2,116,44,0,44,160
09/24/2005,MKG,MI,AGL,CE,Combined TRACON& Tower with Radar,0,10,38,0,48,0,0,45,2,47,0,10,83,2,95,72,0,72,167
09/25/2005,MKG,MI,AGL,CE,Combined TRACON& Tower with Radar,0,10,16,0,26,0,0,7,0,7,0,10,23,0,33,0,0,0,33
09/26/2005,MKG,MI,AGL,CE,Combined TRACON& Tower with Radar,0,17,46,0,63,0,0,24,0,24,0,17,70,0,87,25,0,25,112
09/27/2005,MKG,MI,AGL,CE,Combined TRACON& Tower with Radar,0,16,40,2,58,0,2,62,0,64,0,18,102,2,122,100,0,100,222
09/28/2005,MKG,MI,AGL,CE,Combined TRACON& Tower with Radar,0,19,38,0,57,0,0,27,2,29,0,19,65,2,86,42,0,42,128
09/29/2005,MKG,MI,AGL,CE,Combined TRACON& Tower with Radar,0,17,40,0,57,0,0,49,2,51,0,17,89,2,108,74,0,74,182
09/30/2005,MKG,MI,AGL,CE,Combined TRACON& Tower with Radar,0,14,14,0,28,0,0,47,0,47,0,14,61,0,75,82,0,82,157
10/01/2005,MKG,MI,AGL,CE,Combined TRACON& Tower with Radar,0,19,30,0,49,0,0,52,0,52,0,19,82,0,101,54,0,54,155
10/02/2005,MKG,MI,AGL,CE,Combined TRACON& Tower with Radar,0,19,27,0,46,0,0,52,0,52,0,19,79,0,98,24,0,24,122
10/03/2005,MKG,MI,AGL,CE,Combined TRACON& Tower with Radar,0,18,26,13,57,0,0,24,3,27,0,18,50,16,84,60,24,84,168
10/04/2005,MKG,MI,AGL,CE,Combined TRACON& Tower with Radar,0,16,30,8,54,0,0,70,2,72,0,16,100,10,126,150,24,174,300
10/05/2005,MKG,MI,AGL,CE,Combined TRACON& Tower with Radar,0,25,46,0,71,0,0,34,2,36,0,25,80,2,107,66,0,66,173
10/06/2005,MKG,MI,AGL,CE,Combined TRACON& Tower with Radar,0,20,54,0,74,1,0,22,0,23,1,20,76,0,97,96,0,96,193
10/07/2005,MKG,MI,AGL,CE,Combined TRACON& Tower with Radar,0,25,41,0,66,0,0,46,0,46,0,25,87,0,112,102,0,102,214
10/08/2005,MKG,MI,AGL,CE,Combined TRACON& Tower with Radar,0,15,22,0,37,0,0,44,0,44,0,15,66,0,81,50,0,50,131
10/09/2005,MKG,MI,AGL,CE,Combined TRACON& Tower with Radar,0,11,23,0,34,0,0,64,0,64,0,11,87,0,98,10,0,10,108
10/10/2005,MKG,MI,AGL,CE,Combined TRACON& Tower with Radar,0,17,50,0,67,0,0,62,0,62,0,17,112,0,129,122,0,122,251
10/11/2005,MKG,MI,AGL,CE,Combined TRACON& Tower with Radar,0,16,73,11,100,0,0,0,0,0,0,16,73,11,100,108,30,138,238
10/12/2005,MKG,MI,AGL,CE,Combined TRACON& Tower with Radar,0,16,40,8,64,0,0,10,7,17,0,16,50,15,81,52,40,92,173
10/13/2005,MKG,MI,AGL,CE,Combined TRACON& Tower with Radar,0,18,41,22,81,0,2,29,5,36,0,20,70,27,117,90,46,136,253
10/14/2005,MKG,MI,AGL,CE,Combined TRACON& Tower with Radar,0,20,59,0,79,0,4,54,0,58,0,24,113,0,137,94,0,94,231
10/15/2005,MKG,MI,AGL,CE,Combined TRACON& Tower with Radar,0,12,14,0,26,0,0,28,0,28,0,12,42,0,54,20,0,20,74
10/16/2005,MKG,MI,AGL,CE,Combined TRACON& Tower with Radar,0,11,36,0,47,0,0,102,0,102,0,11,138,0,149,118,0,118,267
10/17/2005,MKG,MI,AGL,CE,Combined TRACON& Tower with Radar,0,18,0,0,18,18,36,0,0,54,18,54,0,0,72,90,0,90,162
10/18/2005,MKG,MI,AGL,CE,Combined TRACON& Tower with Radar,0,15,35,0,50,0,0,78,0,78,0,15,113,0,128,100,0,100,228
10/19/2005,MKG,MI,AGL,CE,Combined TRACON& Tower with Radar,0,16,44,0,60,0,0,36,2,38,0,16,80,2,98,64,0,64,162
10/20/2005,MKG,MI,AGL,CE,Combined TRACON& Tower with Radar,0,17,54,0,71,0,0,37,0,37,0,17,91,0,108,52,1,53,161
10/21/2005,MKG,MI,AGL,CE,Combined TRACON& Tower with Radar,0,16,40,0,56,0,0,50,2,52,0,16,90,2,108,56,0,56,164
10/22/2005,MKG,MI,AGL,CE,Combined TRACON& Tower with Radar,0,10,24,0,34,0,0,18,0,18,0,10,42,0,52,40,0,40,92
10/23/2005,MKG,MI,AGL,CE,Combined TRACON& Tower with Radar,0,10,20,0,30,0,0,14,1,15,0,10,34,1,45,24,0,24,69
10/24/2005,MKG,MI,AGL,CE,Combined TRACON& Tower with Radar,0,18,27,0,45,0,0,39,0,39,0,18,66,0,84,44,0,44,128
10/25/2005,MKG,MI,AGL,CE,Combined TRACON& Tower with Radar,0,20,36,0,56,0,0,33,0,33,0,20,69,0,89,64,0,64,153
10/26/2005,MKG,MI,AGL,CE,Combined TRACON& Tower with Radar,0,19,28,10,57,0,0,48,5,53,0,19,76,15,110,74,26,100,210
10/27/2005,MKG,MI,AGL,CE,Combined TRACON& Tower with Radar,0,20,37,7,64,0,3,45,8,56,0,23,82,15,120,100,50,150,270
10/28/2005,MKG,MI,AGL,CE,Combined TRACON& Tower with Radar,0,16,24,0,40,0,0,54,2,56,0,16,78,2,96,80,0,80,176
10/29/2005,MKG,MI,AGL,CE,Combined TRACON& Tower with Radar,0,16,54,0,70,0,0,68,2,70,0,16,122,2,140,88,0,88,228
10/30/2005,MKG,MI,AGL,CE,Combined TRACON& Tower with Radar,0,12,25,0,37,0,0,30,0,30,0,12,55,0,67,24,0,24,91
10/31/2005,MKG,MI,AGL,CE,Combined TRACON& Tower with Radar,0,18,30,0,48,0,0,9,0,9,0,18,39,0,57,40,0,40,97
11/01/2005,MKG,MI,AGL,CE,Combined TRACON& Tower with Radar,0,17,33,7,57,0,4,35,9,48,0,21,68,16,105,102,22,124,229
11/02/2005,MKG,MI,AGL,CE,Combined TRACON& Tower with Radar,0,17,38,0,55,0,0,71,0,71,0,17,109,0,126,88,0,88,214
11/03/2005,MKG,MI,AGL,CE,Combined TRACON& Tower with Radar,0,17,14,0,31,0,0,49,0,49,0,17,63,0,80,80,0,80,160
11/04/2005,MKG,MI,AGL,CE,Combined TRACON& Tower with Radar,0,19,40,0,59,0,0,49,0,49,0,19,89,0,108,86,0,86,194
11/05/2005,MKG,MI,AGL,CE,Combined TRACON& Tower with Radar,0,13,41,0,54,0,0,31,0,31,0,13,72,0,85,74,0,74,159
11/06/2005,MKG,MI,AGL,CE,Combined TRACON& Tower with Radar,0,10,5,0,15,0,0,1,0,1,0,10,6,0,16,0,0,0,16
11/07/2005,MKG,MI,AGL,CE,Combined TRACON& Tower with Radar,0,15,34,0,49,0,3,27,0,30,0,18,61,0,79,52,0,52,131
11/08/2005,MKG,MI,AGL,CE,Combined TRACON& Tower with Radar,0,19,20,0,39,0,0,64,0,64,0,19,84,0,103,122,6,128,231
11/09/2005,MKG,MI,AGL,CE,Combined TRACON& Tower with Radar,0,16,18,0,34,0,0,1,1,2,0,16,19,1,36,12,0,12,48
11/10/2005,MKG,MI,AGL,CE,Combined TRACON& Tower with Radar,0,19,24,0,43,0,0,44,0,44,0,19,68,0,87,130,0,130,217
11/11/2005,MKG,MI,AGL,CE,Combined TRACON& Tower with Radar,0,18,41,0,59,0,0,36,0,36,0,18,77,0,95,128,0,128,223
11/12/2005,MKG,MI,AGL,CE,Combined TRACON& Tower with Radar,0,12,16,0,28,0,0,44,0,44,0,12,60,0,72,34,0,34,106
11/13/2005,MKG,MI,AGL,CE,Combined TRACON& Tower with Radar,0,10,2,0,12,0,0,0,0,0,0,10,2,0,12,0,0,0,12
11/14/2005,MKG,MI,AGL,CE,Combined TRACON& Tower with Radar,0,0,40,0,40,0,0,26,0,26,0,0,66,0,66,78,0,78,144
11/15/2005,MKG,MI,AGL,CE,Combined TRACON& Tower with Radar,0,20,24,0,44,0,0,0,0,0,0,20,24,0,44,4,0,4,48
11/16/2005,MKG,MI,AGL,CE,Combined TRACON& Tower with Radar,0,22,8,2,32,0,1,0,0,1,0,23,8,2,33,0,0,0,33
11/17/2005,MKG,MI,AGL,CE,Combined TRACON& Tower with Radar,0,16,37,0,53,0,0,18,0,18,0,16,55,0,71,56,0,56,127
11/18/2005,MKG,MI,AGL,CE,Combined TRACON& Tower with Radar,0,14,19,0,33,0,0,2,0,2,0,14,21,0,35,22,0,22,57
11/19/2005,MKG,MI,AGL,CE,Combined TRACON& Tower with Radar,0,14,19,0,33,0,0,2,0,2,0,14,21,0,35,44,0,44,79
11/20/2005,MKG,MI,AGL,CE,Combined TRACON& Tower with Radar,0,9,18,0,27,0,0,11,0,11,0,9,29,0,38,72,0,72,110
11/21/2005,MKG,MI,AGL,CE,Combined TRACON& Tower with Radar,0,20,12,16,48,0,0,2,0,2,0,20,14,16,50,18,10,28,78
11/22/2005,MKG,MI,AGL,CE,Combined TRACON& Tower with Radar,0,15,21,0,36,0,1,29,0,30,0,16,50,0,66,60,0,60,126
11/23/2005,MKG,MI,AGL,CE,Combined TRACON& Tower with Radar,0,16,10,0,26,2,0,0,0,2,2,16,10,0,28,0,0,0,28
11/24/2005,MKG,MI,AGL,CE,Combined TRACON& Tower with Radar,0,2,8,0,10,0,0,0,0,0,0,2,8,0,10,0,0,0,10
11/25/2005,MKG,MI,AGL,CE,Combined TRACON& Tower with Radar,0,6,13,0,19,0,0,12,0,12,0,6,25,0,31,18,0,18,49
11/26/2005,MKG,MI,AGL,CE,Combined TRACON& Tower with Radar,0,18,23,0,41,0,0,27,0,27,0,18,50,0,68,80,0,80,148
11/27/2005,MKG,MI,AGL,CE,Combined TRACON& Tower with Radar,0,19,7,0,26,0,0,0,0,0,0,19,7,0,26,0,0,0,26
11/28/2005,MKG,MI,AGL,CE,Combined TRACON& Tower with Radar,0,18,8,0,26,0,0,0,0,0,0,18,8,0,26,0,0,0,26
11/29/2005,MKG,MI,AGL,CE,Combined TRACON& Tower with Radar,0,17,14,0,31,0,0,7,0,7,0,17,21,0,38,20,0,20,58
11/30/2005,MKG,MI,AGL,CE,Combined TRACON& Tower with Radar,0,16,24,0,40,0,4,12,1,17,0,20,36,1,57,82,0,82,139
12/01/2005,MKG,MI,AGL,CE,Combined TRACON& Tower with Radar,0,20,21,0,41,0,0,0,0,0,0,20,21,0,41,10,0,10,51
12/02/2005,MKG,MI,AGL,CE,Combined TRACON& Tower with Radar,0,17,8,0,25,0,0,10,2,12,0,17,18,2,37,22,0,22,59
12/03/2005,MKG,MI,AGL,CE,Combined TRACON& Tower with Radar,0,12,42,0,54,0,0,50,0,50,0,12,92,0,104,60,0,60,164
12/04/2005,MKG,MI,AGL,CE,Combined TRACON& Tower with Radar,0,11,6,0,17,0,1,8,0,9,0,12,14,0,26,10,0,10,36
12/05/2005,MKG,MI,AGL,CE,Combined TRACON& Tower with Radar,0,11,23,0,34,0,0,0,0,0,0,11,23,0,34,24,0,24,58
12/06/2005,MKG,MI,AGL,CE,Combined TRACON& Tower with Radar,0,14,25,0,39,0,0,9,0,9,0,14,34,0,48,64,0,64,112
12/07/2005,MKG,MI,AGL,CE,Combined TRACON& Tower with Radar,0,14,25,0,39,0,0,0,0,0,0,14,25,0,39,0,0,0,39
12/08/2005,MKG,MI,AGL,CE,Combined TRACON& Tower with Radar,0,25,48,0,73,0,0,14,0,14,0,25,62,0,87,31,0,31,118
12/09/2005,MKG,MI,AGL,CE,Combined TRACON& Tower with Radar,0,18,12,0,30,0,0,1,0,1,0,18,13,0,31,3,0,3,34
12/10/2005,MKG,MI,AGL,CE,Combined TRACON& Tower with Radar,2,10,32,0,44,0,0,8,0,8,2,10,40,0,52,20,0,20,72
12/11/2005,MKG,MI,AGL,CE,Combined TRACON& Tower with Radar,0,8,10,0,18,0,0,0,4,4,0,8,10,4,22,0,0,0,22
12/12/2005,MKG,MI,AGL,CE,Combined TRACON& Tower with Radar,0,12,34,7,53,0,0,16,3,19,0,12,50,10,72,80,30,110,182
12/13/2005,MKG,MI,AGL,CE,Combined TRACON& Tower with Radar,0,14,33,0,47,0,0,4,0,4,0,14,37,0,51,52,0,52,103
12/14/2005,MKG,MI,AGL,CE,Combined TRACON& Tower with Radar,0,14,26,0,40,0,0,0,0,0,0,14,26,0,40,4,0,4,44
12/15/2005,MKG,MI,AGL,CE,Combined TRACON& Tower with Radar,0,13,14,4,31,0,1,20,2,23,0,14,34,6,54,50,6,56,110
12/16/2005,MKG,MI,AGL,CE,Combined TRACON& Tower with Radar,0,17,38,0,55,0,3,0,0,3,0,20,38,0,58,20,0,20,78
12/17/2005,MKG,MI,AGL,CE,Combined TRACON& Tower with Radar,0,12,11,0,23,0,0,7,0,7,0,12,18,0,30,84,0,84,114
12/18/2005,MKG,MI,AGL,CE,Combined TRACON& Tower with Radar,0,4,7,0,11,0,4,6,0,10,0,8,13,0,21,6,0,6,27
12/19/2005,MKG,MI,AGL,CE,Combined TRACON& Tower with Radar,0,12,24,5,41,0,0,6,3,9,0,12,30,8,50,60,20,80,130
12/20/2005,MKG,MI,AGL,CE,Combined TRACON& Tower with Radar,0,20,24,0,44,0,0,0,1,1,0,20,24,1,45,0,0,0,45
12/21/2005,MKG,MI,AGL,CE,Combined TRACON& Tower with Radar,2,16,22,0,40,0,0,0,0,0,2,16,22,0,40,0,0,0,40
12/22/2005,MKG,MI,AGL,CE,Combined TRACON& Tower with Radar,0,16,36,8,60,0,0,0,0,0,0,16,36,8,60,0,12,12,72
12/23/2005,MKG,MI,AGL,CE,Combined TRACON& Tower with Radar,0,17,29,0,46,0,0,18,0,18,0,17,47,0,64,44,0,44,108
12/24/2005,MKG,MI,AGL,CE,Combined TRACON& Tower with Radar,0,13,4,0,17,0,0,0,0,0,0,13,4,0,17,0,0,0,17
12/25/2005,MKG,MI,AGL,CE,Combined TRACON& Tower with Radar,0,9,1,0,10,0,0,0,0,0,0,9,1,0,10,0,0,0,10
12/26/2005,MKG,MI,AGL,CE,Combined TRACON& Tower with Radar,0,16,20,0,36,0,0,0,0,0,0,16,20,0,36,42,0,42,78
12/27/2005,MKG,MI,AGL,CE,Combined TRACON& Tower with Radar,0,12,10,0,22,0,0,0,0,0,0,12,10,0,22,0,0,0,22
12/28/2005,MKG,MI,AGL,CE,Combined TRACON& Tower with Radar,0,15,18,0,33,0,1,0,0,1,0,16,18,0,34,4,0,4,38
12/29/2005,MKG,MI,AGL,CE,Combined TRACON& Tower with Radar,0,10,41,0,51,0,0,6,0,6,0,10,47,0,57,50,0,50,107
12/30/2005,MKG,MI,AGL,CE,Combined TRACON& Tower with Radar,0,10,27,2,39,0,0,13,0,13,0,10,40,2,52,30,4,34,86
12/31/2005,MKG,MI,AGL,CE,Combined TRACON& Tower with Radar,0,14,9,0,23,0,0,0,0,0,0,14,9,0,23,0,0,0,23
01/01/2006,MKG,MI,AGL,CE,Combined TRACON& Tower with Radar,0,14,9,0,23,0,0,0,0,0,0,14,9,0,23,0,0,0,23
01/02/2006,MKG,MI,AGL,CE,Combined TRACON& Tower with Radar,0,14,5,0,19,0,0,0,0,0,0,14,5,0,19,4,0,4,23
01/03/2006,MKG,MI,AGL,CE,Combined TRACON& Tower with Radar,0,19,44,28,91,0,0,0,0,0,0,19,44,28,91,6,22,28,119
01/04/2006,MKG,MI,AGL,CE,Combined TRACON& Tower with Radar,0,13,15,0,28,0,0,0,0,0,0,13,15,0,28,4,0,4,32
01/05/2006,MKG,MI,AGL,CE,Combined TRACON& Tower with Radar,0,17,21,0,38,0,0,11,0,11,0,17,32,0,49,6,0,6,55
01/06/2006,MKG,MI,AGL,CE,Combined TRACON& Tower with Radar,0,18,19,0,37,0,0,59,0,59,0,18,78,0,96,120,0,120,216
01/07/2006,MKG,MI,AGL,CE,Combined TRACON& Tower with Radar,0,14,3,0,17,0,0,0,0,0,0,14,3,0,17,10,0,10,27
01/08/2006,MKG,MI,AGL,CE,Combined TRACON& Tower with Radar,0,25,29,0,54,0,0,0,0,0,0,25,29,0,54,62,0,62,116
01/09/2006,MKG,MI,AGL,CE,Combined TRACON& Tower with Radar,0,13,13,0,26,0,0,18,0,18,0,13,31,0,44,60,0,60,104
01/10/2006,MKG,MI,AGL,CE,Combined TRACON& Tower with Radar,0,16,44,0,60,0,0,64,0,64,0,16,108,0,124,86,0,86,210
01/11/2006,MKG,MI,AGL,CE,Combined TRACON& Tower with Radar,0,15,30,0,45,0,1,2,0,3,0,16,32,0,48,0,0,0,48
01/12/2006,MKG,MI,AGL,CE,Combined TRACON& Tower with Radar,0,16,56,0,72,0,3,87,0,90,0,19,143,0,162,106,0,106,268
01/13/2006,MKG,MI,AGL,CE,Combined TRACON& Tower with Radar,0,13,2,0,15,0,0,2,0,2,0,13,4,0,17,0,0,0,17
01/14/2006,MKG,MI,AGL,CE,Combined TRACON& Tower with Radar,0,12,17,0,29,0,0,54,0,54,0,12,71,0,83,60,0,60,143
01/15/2006,MKG,MI,AGL,CE,Combined TRACON& Tower with Radar,0,8,34,0,42,0,0,78,0,78,0,8,112,0,120,60,0,60,180
01/16/2006,MKG,MI,AGL,CE,Combined TRACON& Tower with Radar,0,14,16,0,30,0,0,38,0,38,0,14,54,0,68,66,0,66,134
01/17/2006,MKG,MI,AGL,CE,Combined TRACON& Tower with Radar,0,12,5,0,17,0,0,1,0,1,0,12,6,0,18,0,0,0,18
01/18/2006,MKG,MI,AGL,CE,Combined TRACON& Tower with Radar,0,17,21,0,38,0,0,0,0,0,0,17,21,0,38,0,0,0,38
01/19/2006,MKG,MI,AGL,CE,Combined TRACON& Tower with Radar,0,17,28,0,45,0,0,65,0,65,0,17,93,0,110,96,0,96,206
01/20/2006,MKG,MI,AGL,CE,Combined TRACON& Tower with Radar,0,19,22,0,41,0,0,0,0,0,0,19,22,0,41,24,0,24,65
01/21/2006,MKG,MI,AGL,CE,Combined TRACON& Tower with Radar,0,11,47,0,58,0,0,53,0,53,0,11,100,0,111,100,0,100,211
01/22/2006,MKG,MI,AGL,CE,Combined TRACON& Tower with Radar,0,11,19,0,30,0,0,51,0,51,0,11,70,0,81,64,0,64,145
01/23/2006,MKG,MI,AGL,CE,Combined TRACON& Tower with Radar,0,19,41,14,74,0,0,29,2,31,0,19,70,16,105,104,28,132,237
01/24/2006,MKG,MI,AGL,CE,Combined TRACON& Tower with Radar,0,21,16,0,37,0,0,0,0,0,0,21,16,0,37,0,0,0,37
01/25/2006,MKG,MI,AGL,CE,Combined TRACON& Tower with Radar,0,22,24,0,46,0,0,13,0,13,0,22,37,0,59,38,0,38,97
01/26/2006,MKG,MI,AGL,CE,Combined TRACON& Tower with Radar,0,16,41,0,57,0,0,77,1,78,0,16,118,1,135,77,0,77,212
01/27/2006,MKG,MI,AGL,CE,Combined TRACON& Tower with Radar,0,19,31,0,50,0,0,41,0,41,0,19,72,0,91,34,0,34,125
01/28/2006,MKG,MI,AGL,CE,Combined TRACON& Tower with Radar,0,15,28,0,43,0,2,64,0,66,0,17,92,0,109,120,0,120,229
01/29/2006,MKG,MI,AGL,CE,Combined TRACON& Tower with Radar,0,13,14,0,27,0,0,0,0,0,0,13,14,0,27,4,0,4,31
01/30/2006,MKG,MI,AGL,CE,Combined TRACON& Tower with Radar,0,12,12,0,24,0,4,2,0,6,0,16,14,0,30,26,0,26,56
01/31/2006,MKG,MI,AGL,CE,Combined TRACON& Tower with Radar,0,11,21,8,40,0,5,27,0,32,0,16,48,8,72,56,16,72,144
02/01/2006,MKG,MI,AGL,CE,Combined TRACON& Tower with Radar,0,18,34,0,52,0,0,10,0,10,0,18,44,0,62,18,1,19,81
02/02/2006,MKG,MI,AGL,CE,Combined TRACON& Tower with Radar,0,14,45,0,59,0,5,16,0,21,0,19,61,0,80,70,0,70,150
02/03/2006,MKG,MI,AGL,CE,Combined TRACON& Tower with Radar,0,17,36,0,53,0,1,22,0,23,0,18,58,0,76,54,0,54,130
02/04/2006,MKG,MI,AGL,CE,Combined TRACON& Tower with Radar,0,14,30,0,44,0,2,15,0,17,0,16,45,0,61,88,0,88,149
02/05/2006,MKG,MI,AGL,CE,Combined TRACON& Tower with Radar,0,10,2,0,12,0,0,3,0,3,0,10,5,0,15,0,0,0,15
02/06/2006,MKG,MI,AGL,CE,Combined TRACON& Tower with Radar,0,12,26,0,38,0,0,5,0,5,0,12,31,0,43,14,0,14,57
02/07/2006,MKG,MI,AGL,CE,Combined TRACON& Tower with Radar,0,17,27,0,44,0,0,29,0,29,0,17,56,0,73,28,0,28,101
02/08/2006,MKG,MI,AGL,CE,Combined TRACON& Tower with Radar,0,16,25,0,41,0,0,35,0,35,0,16,60,0,76,80,0,80,156
02/09/2006,MKG,MI,AGL,CE,Combined TRACON& Tower with Radar,0,18,29,0,47,0,4,47,0,51,0,22,76,0,98,70,0,70,168
02/10/2006,MKG,MI,AGL,CE,Combined TRACON& Tower with Radar,0,20,22,0,42,0,0,2,0,2,0,20,24,0,44,10,0,10,54
02/11/2006,MKG,MI,AGL,CE,Combined TRACON& Tower with Radar,0,10,38,0,48,0,0,0,0,0,0,10,38,0,48,50,0,50,98
02/12/2006,MKG,MI,AGL,CE,Combined TRACON& Tower with Radar,0,9,10,0,19,0,0,0,0,0,0,9,10,0,19,0,0,0,19
02/13/2006,MKG,MI,AGL,CE,Combined TRACON& Tower with Radar,0,13,9,3,25,0,0,15,0,15,0,13,24,3,40,28,10,38,78
02/14/2006,MKG,MI,AGL,CE,Combined TRACON& Tower with Radar,0,18,28,17,63,0,0,2,3,5,0,18,30,20,68,40,20,60,128
02/15/2006,MKG,MI,AGL,CE,Combined TRACON& Tower with Radar,0,18,31,0,49,0,0,31,0,31,0,18,62,0,80,54,0,54,134
02/16/2006,MKG,MI,AGL,CE,Combined TRACON& Tower with Radar,0,9,2,0,11,0,7,6,0,13,0,16,8,0,24,0,0,0,24
02/17/2006,MKG,MI,AGL,CE,Combined TRACON& Tower with Radar,0,12,10,0,22,0,0,16,0,16,0,12,26,0,38,70,0,70,108
02/18/2006,MKG,MI,AGL,CE,Combined TRACON& Tower with Radar,0,11,19,0,30,0,0,0,0,0,0,11,19,0,30,16,0,16,46
02/19/2006,MKG,MI,AGL,CE,Combined TRACON& Tower with Radar,0,9,9,0,18,0,0,2,0,2,0,9,11,0,20,10,0,10,30
02/20/2006,MKG,MI,AGL,CE,Combined TRACON& Tower with Radar,0,19,25,0,44,0,0,1,0,1,0,19,26,0,45,14,0,14,59
02/21/2006,MKG,MI,AGL,CE,Combined TRACON& Tower with Radar,0,17,32,0,49,0,1,34,0,35,0,18,66,0,84,70,2,72,156
02/22/2006,MKG,MI,AGL,CE,Combined TRACON& Tower with Radar,0,19,33,0,52,0,0,57,0,57,0,19,90,0,109,52,0,52,161
02/23/2006,MKG,MI,AGL,CE,Combined TRACON& Tower with Radar,0,30,19,0,49,0,0,9,0,9,0,30,28,0,58,28,0,28,86
02/24/2006,MKG,MI,AGL,CE,Combined TRACON& Tower with Radar,0,15,36,0,51,0,0,36,1,37,0,15,72,1,88,26,0,26,114
02/25/2006,MKG,MI,AGL,CE,Combined TRACON& Tower with Radar,0,12,16,0,28,0,0,2,0,2,0,12,18,0,30,8,0,8,38
02/26/2006,MKG,MI,AGL,CE,Combined TRACON& Tower with Radar,0,10,13,0,23,0,0,63,0,63,0,10,76,0,86,18,0,18,104
02/27/2006,MKG,MI,AGL,CE,Combined TRACON& Tower with Radar,0,14,11,0,25,0,0,21,0,21,0,14,32,0,46,8,0,8,54
02/28/2006,MKG,MI,AGL,CE,Combined TRACON& Tower with Radar,0,28,31,5,64,0,4,53,1,58,0,32,84,6,122,110,20,130,252
03/01/2006,MKG,MI,AGL,CE,Combined TRACON& Tower with Radar,0,17,33,0,50,0,0,33,0,33,0,17,66,0,83,62,2,64,147
03/02/2006,MKG,MI,AGL,CE,Combined TRACON& Tower with Radar,0,18,14,0,32,0,0,8,0,8,0,18,22,0,40,12,0,12,52
03/03/2006,MKG,MI,AGL,CE,Combined TRACON& Tower with Radar,0,17,27,1,45,0,0,39,1,40,0,17,66,2,85,60,0,60,145
03/04/2006,MKG,MI,AGL,CE,Combined TRACON& Tower with Radar,0,14,32,0,46,0,0,63,0,63,0,14,95,0,109,84,0,84,193
03/05/2006,MKG,MI,AGL,CE,Combined TRACON& Tower with Radar,0,11,25,1,37,0,0,26,0,26,0,11,51,1,63,32,0,32,95
03/06/2006,MKG,MI,AGL,CE,Combined TRACON& Tower with Radar,0,16,17,0,33,0,0,2,0,2,0,16,19,0,35,12,0,12,47
03/07/2006,MKG,MI,AGL,CE,Combined TRACON& Tower with Radar,0,21,40,0,61,0,0,57,0,57,0,21,97,0,118,60,0,60,178
03/08/2006,MKG,MI,AGL,CE,Combined TRACON& Tower with Radar,0,19,37,10,66,0,1,34,11,46,0,20,71,21,112,40,42,82,194
03/09/2006,MKG,MI,AGL,CE,Combined TRACON& Tower with Radar,0,11,23,0,34,0,0,0,0,0,0,11,23,0,34,2,0,2,36
03/10/2006,MKG,MI,AGL,CE,Combined TRACON& Tower with Radar,0,18,34,0,52,0,0,16,0,16,0,18,50,0,68,22,0,22,90
03/11/2006,MKG,MI,AGL,CE,Combined TRACON& Tower with Radar,0,16,12,0,28,0,0,32,0,32,0,16,44,0,60,50,0,50,110
03/12/2006,MKG,MI,AGL,CE,Combined TRACON& Tower with Radar,0,12,22,0,34,0,0,34,0,34,0,12,56,0,68,54,0,54,122
03/13/2006,MKG,MI,AGL,CE,Combined TRACON& Tower with Radar,0,16,15,0,31,0,3,0,0,3,0,19,15,0,34,0,0,0,34
03/14/2006,MKG,MI,AGL,CE,Combined TRACON& Tower with Radar,0,14,26,0,40,0,0,2,0,2,0,14,28,0,42,0,0,0,42
03/15/2006,MKG,MI,AGL,CE,Combined TRACON& Tower with Radar,0,19,43,0,62,0,0,66,0,66,0,19,109,0,128,46,0,46,174
03/16/2006,MKG,MI,AGL,CE,Combined TRACON& Tower with Radar,0,20,23,0,43,0,0,6,0,6,0,20,29,0,49,14,0,14,63
03/17/2006,MKG,MI,AGL,CE,Combined TRACON& Tower with Radar,0,18,45,0,63,0,0,39,0,39,0,18,84,0,102,60,0,60,162
03/18/2006,MKG,MI,AGL,CE,Combined TRACON& Tower with Radar,0,12,28,0,40,0,0,57,0,57,0,12,85,0,97,38,0,38,135
03/19/2006,MKG,MI,AGL,CE,Combined TRACON& Tower with Radar,0,13,67,0,80,0,0,44,0,44,0,13,111,0,124,72,0,72,196
03/20/2006,MKG,MI,AGL,CE,Combined TRACON& Tower with Radar,0,18,46,0,64,0,0,30,5,35,0,18,76,5,99,66,0,66,165
03/21/2006,MKG,MI,AGL,CE,Combined TRACON& Tower with Radar,0,18,23,2,43,0,2,32,6,40,0,20,55,8,83,42,22,64,147
03/22/2006,MKG,MI,AGL,CE,Combined TRACON& Tower with Radar,0,21,32,0,53,0,0,26,0,26,0,21,58,0,79,82,0,82,161
03/23/2006,MKG,MI,AGL,CE,Combined TRACON& Tower with Radar,0,20,40,7,67,0,0,32,0,32,0,20,72,7,99,12,0,12,111
03/24/2006,MKG,MI,AGL,CE,Combined TRACON& Tower with Radar,0,12,13,0,25,0,4,15,0,19,0,16,28,0,44,0,0,0,44
03/25/2006,MKG,MI,AGL,CE,Combined TRACON& Tower with Radar,0,10,12,0,22,0,0,0,0,0,0,10,12,0,22,0,0,0,22
03/26/2006,MKG,MI,AGL,CE,Combined TRACON& Tower with Radar,0,10,42,0,52,0,2,74,0,76,0,12,116,0,128,66,0,66,194
03/27/2006,MKG,MI,AGL,CE,Combined TRACON& Tower with Radar,0,12,31,0,43,0,0,49,5,54,0,12,80,5,97,104,0,104,201
03/28/2006,MKG,MI,AGL,CE,Combined TRACON& Tower with Radar,0,19,18,11,48,0,0,16,3,19,0,19,34,14,67,6,3,9,76
03/29/2006,MKG,MI,AGL,CE,Combined TRACON& Tower with Radar,0,18,49,0,67,0,0,39,2,41,0,18,88,2,108,40,0,40,148
03/30/2006,MKG,MI,AGL,CE,Combined TRACON& Tower with Radar,0,17,45,0,62,0,0,63,0,63,0,17,108,0,125,84,0,84,209
03/31/2006,MKG,MI,AGL,CE,Combined TRACON& Tower with Radar,0,16,20,0,36,0,0,6,0,6,0,16,26,0,42,20,0,20,62
04/01/2006,MKG,MI,AGL,CE,Combined TRACON& Tower with Radar,0,11,20,0,31,0,0,14,0,14,0,11,34,0,45,36,0,36,81
04/02/2006,MKG,MI,AGL,CE,Combined TRACON& Tower with Radar,0,14,15,0,29,0,0,3,0,3,0,14,18,0,32,8,0,8,40
04/03/2006,MKG,MI,AGL,CE,Combined TRACON& Tower with Radar,0,18,14,8,40,0,0,0,0,0,0,18,14,8,40,4,8,12,52
04/04/2006,MKG,MI,AGL,CE,Combined TRACON& Tower with Radar,0,17,35,0,52,0,1,25,0,26,0,18,60,0,78,50,0,50,128
04/05/2006,MKG,MI,AGL,CE,Combined TRACON& Tower with Radar,0,18,39,0,57,0,0,32,0,32,0,18,71,0,89,30,0,30,119
04/06/2006,MKG,MI,AGL,CE,Combined TRACON& Tower with Radar,0,14,27,0,41,0,0,39,0,39,0,14,66,0,80,40,0,40,120
04/07/2006,MKG,MI,AGL,CE,Combined TRACON& Tower with Radar,0,21,28,0,49,0,0,15,0,15,0,21,43,0,64,22,0,22,86
04/08/2006,MKG,MI,AGL,CE,Combined TRACON& Tower with Radar,0,13,51,0,64,0,0,39,0,39,0,13,90,0,103,46,0,46,149
04/09/2006,MKG,MI,AGL,CE,Combined TRACON& Tower with Radar,0,12,34,0,46,0,0,62,0,62,0,12,96,0,108,34,0,34,142
04/10/2006,MKG,MI,AGL,CE,Combined TRACON& Tower with Radar,0,14,43,2,59,0,0,41,0,41,0,14,84,2,100,40,0,40,140
04/11/2006,MKG,MI,AGL,CE,Combined TRACON& Tower with Radar,0,17,37,6,60,0,0,35,3,38,0,17,72,9,98,32,26,58,156
04/12/2006,MKG,MI,AGL,CE,Combined TRACON& Tower with Radar,0,18,28,0,46,0,0,1,0,1,0,18,29,0,47,22,0,22,69
04/13/2006,MKG,MI,AGL,CE,Combined TRACON& Tower with Radar,0,21,32,0,53,0,0,33,0,33,0,21,65,0,86,38,0,38,124
04/14/2006,MKG,MI,AGL,CE,Combined TRACON& Tower with Radar,0,19,36,0,55,0,1,46,0,47,0,20,82,0,102,80,0,80,182
04/15/2006,MKG,MI,AGL,CE,Combined TRACON& Tower with Radar,0,12,111,0,123,0,0,0,0,0,0,12,111,0,123,47,0,47,170
04/16/2006,MKG,MI,AGL,CE,Combined TRACON& Tower with Radar,0,12,4,0,16,0,0,3,0,3,0,12,7,0,19,0,0,0,19
04/17/2006,MKG,MI,AGL,CE,Combined TRACON& Tower with Radar,0,14,32,6,52,0,0,24,4,28,0,14,56,10,80,40,28,68,148
04/18/2006,MKG,MI,AGL,CE,Combined TRACON& Tower with Radar,0,18,40,0,58,0,0,55,0,55,0,18,95,0,113,76,0,76,189
04/19/2006,MKG,MI,AGL,CE,Combined TRACON& Tower with Radar,0,20,62,0,82,0,0,38,0,38,0,20,100,0,120,80,0,80,200
04/20/2006,MKG,MI,AGL,CE,Combined TRACON& Tower with Radar,0,18,41,10,69,0,0,29,0,29,0,18,70,10,98,60,30,90,188
04/21/2006,MKG,MI,AGL,CE,Combined TRACON& Tower with Radar,0,20,51,1,72,0,0,58,0,58,0,20,109,1,130,102,0,102,232
04/22/2006,MKG,MI,AGL,CE,Combined TRACON& Tower with Radar,0,15,14,0,29,0,0,32,0,32,0,15,46,0,61,42,0,42,103
04/23/2006,MKG,MI,AGL,CE,Combined TRACON& Tower with Radar,0,16,36,1,53,0,0,0,0,0,0,16,36,1,53,24,0,24,77
04/24/2006,MKG,MI,AGL,CE,Combined TRACON& Tower with Radar,0,16,41,0,57,0,0,47,0,47,0,16,88,0,104,104,0,104,208
04/25/2006,MKG,MI,AGL,CE,Combined TRACON& Tower with Radar,0,18,29,16,63,0,0,35,0,35,0,18,64,16,98,80,20,100,198
04/26/2006,MKG,MI,AGL,CE,Combined TRACON& Tower with Radar,0,15,41,0,56,0,0,47,0,47,0,15,88,0,103,74,0,74,177
04/27/2006,MKG,MI,AGL,CE,Combined TRACON& Tower with Radar,0,15,49,8,72,0,0,68,4,72,0,15,117,12,144,62,12,74,218
04/28/2006,MKG,MI,AGL,CE,Combined TRACON& Tower with Radar,0,17,26,0,43,0,0,91,12,103,0,17,117,12,146,62,12,74,220
04/29/2006,MKG,MI,AGL,CE,Combined TRACON& Tower with Radar,0,10,6,0,16,0,0,36,2,38,0,10,42,2,54,30,0,30,84
04/30/2006,MKG,MI,AGL,CE,Combined TRACON& Tower with Radar,0,10,3,0,13,0,0,4,0,4,0,10,7,0,17,22,0,22,39
05/01/2006,MKG,MI,AGL,CE,Combined TRACON& Tower with Radar,0,14,14,0,28,0,0,8,0,8,0,14,22,0,36,10,0,10,46
05/02/2006,MKG,MI,AGL,CE,Combined TRACON& Tower with Radar,0,16,37,0,53,0,0,0,0,0,0,16,37,0,53,18,0,18,71
05/03/2006,MKG,MI,AGL,CE,Combined TRACON& Tower with Radar,0,15,32,0,47,0,0,49,0,49,0,15,81,0,96,32,0,32,128
05/04/2006,MKG,MI,AGL,CE,Combined TRACON& Tower with Radar,0,20,35,0,55,0,0,42,0,42,0,20,77,0,97,56,0,56,153
05/05/2006,MKG,MI,AGL,CE,Combined TRACON& Tower with Radar,0,12,18,1,31,0,0,48,1,49,0,12,66,2,80,28,0,28,108
05/06/2006,MKG,MI,AGL,CE,Combined TRACON& Tower with Radar,0,14,35,0,49,0,0,50,0,50,0,14,85,0,99,88,0,88,187
05/07/2006,MKG,MI,AGL,CE,Combined TRACON& Tower with Radar,0,14,22,0,36,0,0,40,0,40,0,14,62,0,76,28,0,28,104
05/08/2006,MKG,MI,AGL,CE,Combined TRACON& Tower with Radar,0,17,21,0,38,0,0,57,0,57,0,17,78,0,95,54,0,54,149
05/09/2006,MKG,MI,AGL,CE,Combined TRACON& Tower with Radar,0,26,44,0,70,0,0,65,0,65,0,26,109,0,135,124,0,124,259
05/10/2006,MKG,MI,AGL,CE,Combined TRACON& Tower with Radar,0,17,37,0,54,0,0,18,1,19,0,17,55,1,73,36,0,36,109
05/11/2006,MKG,MI,AGL,CE,Combined TRACON& Tower with Radar,0,17,33,0,50,0,0,0,0,0,0,17,33,0,50,0,0,0,50
05/12/2006,MKG,MI,AGL,CE,Combined TRACON& Tower with Radar,0,22,50,2,74,0,0,0,0,0,0,22,50,2,74,18,0,18,92
05/13/2006,MKG,MI,AGL,CE,Combined TRACON& Tower with Radar,0,26,18,0,44,0,0,4,0,4,0,26,22,0,48,22,0,22,70
05/14/2006,MKG,MI,AGL,CE,Combined TRACON& Tower with Radar,0,10,11,1,22,0,0,3,0,3,0,10,14,1,25,0,0,0,25
05/15/2006,MKG,MI,AGL,CE,Combined TRACON& Tower with Radar,0,13,79,0,92,0,0,32,0,32,0,13,111,0,124,120,0,120,244
05/16/2006,MKG,MI,AGL,CE,Combined TRACON& Tower with Radar,0,22,64,0,86,0,0,18,0,18,0,22,82,0,104,20,0,20,124
05/17/2006,MKG,MI,AGL,CE,Combined TRACON& Tower with Radar,0,16,23,1,40,0,0,37,3,40,0,16,60,4,80,40,0,40,120
05/18/2006,MKG,MI,AGL,CE,Combined TRACON& Tower with Radar,0,20,32,0,52,0,0,10,0,10,0,20,42,0,62,24,0,24,86
05/19/2006,MKG,MI,AGL,CE,Combined TRACON& Tower with Radar,0,24,59,0,83,0,0,43,0,43,0,24,102,0,126,84,0,84,210
05/20/2006,MKG,MI,AGL,CE,Combined TRACON& Tower with Radar,0,14,42,0,56,0,5,86,0,91,0,19,128,0,147,102,0,102,249
05/21/2006,MKG,MI,AGL,CE,Combined TRACON& Tower with Radar,0,4,14,0,18,0,8,22,0,30,0,12,36,0,48,30,0,30,78
05/22/2006,MKG,MI,AGL,CE,Combined TRACON& Tower with Radar,0,19,43,0,62,0,0,84,0,84,0,19,127,0,146,72,0,72,218
05/23/2006,MKG,MI,AGL,CE,Combined TRACON& Tower with Radar,0,17,38,4,59,0,1,76,4,81,0,18,114,8,140,84,22,106,246
05/24/2006,MKG,MI,AGL,CE,Combined TRACON& Tower with Radar,0,18,41,0,59,0,0,47,4,51,0,18,88,4,110,88,2,90,200
05/25/2006,MKG,MI,AGL,CE,Combined TRACON& Tower with Radar,0,24,22,0,46,0,0,4,0,4,0,24,26,0,50,0,0,0,50
05/26/2006,MKG,MI,AGL,CE,Combined TRACON& Tower with Radar,0,26,43,1,70,0,0,45,1,46,0,26,88,2,116,48,0,48,164
05/27/2006,MKG,MI,AGL,CE,Combined TRACON& Tower with Radar,0,14,30,0,44,0,0,70,4,74,0,14,100,4,118,80,6,86,204
05/28/2006,MKG,MI,AGL,CE,Combined TRACON& Tower with Radar,0,9,12,0,21,0,0,31,2,33,0,9,43,2,54,20,0,20,74
05/29/2006,MKG,MI,AGL,CE,Combined TRACON& Tower with Radar,0,15,18,0,33,0,0,47,2,49,0,15,65,2,82,40,8,48,130
05/30/2006,MKG,MI,AGL,CE,Combined TRACON& Tower with Radar,0,16,35,0,51,0,0,15,4,19,0,16,50,4,70,48,0,48,118
05/31/2006,MKG,MI,AGL,CE,Combined TRACON& Tower with Radar,0,14,21,2,37,0,0,0,0,0,0,14,21,2,37,0,0,0,37
06/01/2006,MKG,MI,AGL,CE,Combined TRACON& Tower with Radar,0,18,73,0,91,0,0,67,4,71,0,18,140,4,162,140,4,144,306
06/02/2006,MKG,MI,AGL,CE,Combined TRACON& Tower with Radar,0,20,45,3,68,0,0,17,1,18,0,20,62,4,86,50,0,50,136
06/03/2006,MKG,MI,AGL,CE,Combined TRACON& Tower with Radar,0,15,13,0,28,0,0,178,4,182,0,15,191,4,210,66,8,74,284
06/04/2006,MKG,MI,AGL,CE,Combined TRACON& Tower with Radar,0,10,9,0,19,0,0,51,0,51,0,10,60,0,70,12,0,12,82
06/05/2006,MKG,MI,AGL,CE,Combined TRACON& Tower with Radar,0,20,30,0,50,0,0,76,5,81,0,20,106,5,131,110,0,110,241
06/06/2006,MKG,MI,AGL,CE,Combined TRACON& Tower with Radar,0,19,45,4,68,0,1,43,8,52,0,20,88,12,120,70,60,130,250
06/07/2006,MKG,MI,AGL,CE,Combined TRACON& Tower with Radar,0,20,55,2,77,0,6,25,2,33,0,26,80,4,110,80,20,100,210
06/08/2006,MKG,MI,AGL,CE,Combined TRACON& Tower with Radar,2,20,79,1,102,0,0,37,3,40,2,20,116,4,142,130,30,160,302
06/09/2006,MKG,MI,AGL,CE,Combined TRACON& Tower with Radar,0,29,36,0,65,0,0,59,2,61,0,29,95,2,126,22,82,104,230
06/10/2006,MKG,MI,AGL,CE,Combined TRACON& Tower with Radar,0,16,28,0,44,0,0,23,2,25,0,16,51,2,69,18,0,18,87
06/11/2006,MKG,MI,AGL,CE,Combined TRACON& Tower with Radar,0,11,14,0,25,0,0,46,5,51,0,11,60,5,76,12,0,12,88
06/12/2006,MKG,MI,AGL,CE,Combined TRACON& Tower with Radar,0,14,35,4,53,0,2,58,0,60,0,16,93,4,113,98,18,116,229
06/13/2006,MKG,MI,AGL,CE,Combined TRACON& Tower with Radar,0,21,75,0,96,0,0,36,3,39,0,21,111,3,135,150,14,164,299
06/14/2006,MKG,MI,AGL,CE,Combined TRACON& Tower with Radar,0,17,81,2,100,0,0,13,0,13,0,17,94,2,113,140,10,150,263
06/15/2006,MKG,MI,AGL,CE,Combined TRACON& Tower with Radar,0,17,44,0,61,0,0,54,3,57,0,17,98,3,118,98,26,124,242
06/16/2006,MKG,MI,AGL,CE,Combined TRACON& Tower with Radar,0,29,32,0,61,0,0,36,5,41,0,29,68,5,102,26,0,26,128
06/17/2006,MKG,MI,AGL,CE,Combined TRACON& Tower with Radar,0,14,21,0,35,0,0,37,0,37,0,14,58,0,72,52,0,52,124
06/18/2006,MKG,MI,AGL,CE,Combined TRACON& Tower with Radar,0,14,10,2,26,0,0,0,0,0,0,14,10,2,26,0,0,0,26
06/19/2006,MKG,MI,AGL,CE,Combined TRACON& Tower with Radar,0,16,50,0,66,0,0,16,0,16,0,16,66,0,82,70,0,70,152
06/20/2006,MKG,MI,AGL,CE,Combined TRACON& Tower with Radar,0,21,33,11,65,0,0,60,5,65,0,21,93,16,130,112,12,124,254
06/21/2006,MKG,MI,AGL,CE,Combined TRACON& Tower with Radar,0,18,26,0,44,0,0,1,6,7,0,18,27,6,51,6,4,10,61
06/22/2006,MKG,MI,AGL,CE,Combined TRACON& Tower with Radar,0,22,37,5,64,0,0,61,8,69,0,22,98,13,133,12,20,32,165
06/23/2006,MKG,MI,AGL,CE,Combined TRACON& Tower with Radar,0,18,41,1,60,0,0,71,3,74,0,18,112,4,134,84,0,84,218
06/24/2006,MKG,MI,AGL,CE,Combined TRACON& Tower with Radar,0,22,29,2,53,0,0,65,0,65,0,22,94,2,118,18,0,18,136
06/25/2006,MKG,MI,AGL,CE,Combined TRACON& Tower with Radar,0,10,11,0,21,0,1,12,0,13,0,11,23,0,34,12,0,12,46
06/26/2006,MKG,MI,AGL,CE,Combined TRACON& Tower with Radar,0,10,33,0,43,0,0,25,3,28,0,10,58,3,71,100,0,100,171
06/27/2006,MKG,MI,AGL,CE,Combined TRACON& Tower with Radar,0,19,33,1,53,0,0,37,2,39,0,19,70,3,92,48,0,48,140
06/28/2006,MKG,MI,AGL,CE,Combined TRACON& Tower with Radar,0,19,26,1,46,0,0,66,0,66,0,19,92,1,112,60,0,60,172
06/29/2006,MKG,MI,AGL,CE,Combined TRACON& Tower with Radar,0,25,42,2,69,0,0,78,2,80,0,25,120,4,149,106,2,108,257
06/30/2006,MKG,MI,AGL,CE,Combined TRACON& Tower with Radar,0,32,58,9,99,0,0,74,0,74,0,32,132,9,173,100,10,110,283
07/01/2006,MKG,MI,AGL,CE,Combined TRACON& Tower with Radar,0,12,28,0,40,0,0,23,4,27,0,12,51,4,67,12,0,12,79
07/02/2006,MKG,MI,AGL,CE,Combined TRACON& Tower with Radar,0,12,25,0,37,0,0,13,0,13,0,12,38,0,50,24,0,24,74
07/03/2006,MKG,MI,AGL,CE,Combined TRACON& Tower with Radar,0,11,15,4,30,0,0,30,0,30,0,11,45,4,60,44,8,52,112
07/04/2006,MKG,MI,AGL,CE,Combined TRACON& Tower with Radar,0,12,14,1,27,0,0,21,2,23,0,12,35,3,50,10,0,10,60
07/05/2006,MKG,MI,AGL,CE,Combined TRACON& Tower with Radar,0,23,41,1,65,0,0,70,1,71,0,23,111,2,136,60,2,62,198
07/06/2006,MKG,MI,AGL,CE,Combined TRACON& Tower with Radar,0,32,58,5,95,0,0,87,0,87,0,32,145,5,182,114,0,114,296
07/07/2006,MKG,MI,AGL,CE,Combined TRACON& Tower with Radar,0,26,37,1,64,0,0,93,1,94,0,26,130,2,158,160,0,160,318
07/08/2006,MKG,MI,AGL,CE,Combined TRACON& Tower with Radar,0,11,17,2,30,0,0,65,0,65,0,11,82,2,95,86,0,86,181
07/09/2006,MKG,MI,AGL,CE,Combined TRACON& Tower with Radar,0,16,29,6,51,0,0,1,0,1,0,16,30,6,52,4,18,22,74
07/10/2006,MKG,MI,AGL,CE,Combined TRACON& Tower with Radar,0,21,23,0,44,0,0,67,2,69,0,21,90,2,113,32,0,32,145
07/11/2006,MKG,MI,AGL,CE,Combined TRACON& Tower with Radar,0,18,31,1,50,0,0,18,0,18,0,18,49,1,68,6,2,8,76
07/12/2006,MKG,MI,AGL,CE,Combined TRACON& Tower with Radar,0,26,61,3,90,0,0,48,2,50,0,26,109,5,140,50,12,62,202
07/13/2006,MKG,MI,AGL,CE,Combined TRACON& Tower with Radar,0,30,45,3,78,0,0,92,7,99,0,30,137,10,177,132,6,138,315
07/14/2006,MKG,MI,AGL,CE,Combined TRACON& Tower with Radar,0,27,24,1,52,0,0,33,1,34,0,27,57,2,86,80,18,98,184
07/15/2006,MKG,MI,AGL,CE,Combined TRACON& Tower with Radar,0,17,42,0,59,0,0,42,2,44,0,17,84,2,103,36,2,38,141
07/16/2006,MKG,MI,AGL,CE,Combined TRACON& Tower with Radar,0,13,9,1,23,0,0,34,1,35,0,13,43,2,58,48,0,48,106
07/17/2006,MKG,MI,AGL,CE,Combined TRACON& Tower with Radar,0,14,54,0,68,0,0,16,4,20,0,14,70,4,88,40,0,40,128
07/18/2006,MKG,MI,AGL,CE,Combined TRACON& Tower with Radar,0,26,61,0,87,0,0,21,8,29,0,26,82,8,116,100,16,116,232
07/19/2006,MKG,MI,AGL,CE,Combined TRACON& Tower with Radar,0,18,36,2,56,0,0,64,0,64,0,18,100,2,120,50,0,50,170
07/20/2006,MKG,MI,AGL,CE,Combined TRACON& Tower with Radar,0,14,28,1,43,0,0,32,7,39,0,14,60,8,82,48,20,68,150
07/21/2006,MKG,MI,AGL,CE,Combined TRACON& Tower with Radar,0,20,21,11,52,0,0,0,0,0,0,20,21,11,52,62,46,108,160
07/22/2006,MKG,MI,AGL,CE,Combined TRACON& Tower with Radar,0,11,21,4,36,0,0,17,95,112,0,11,38,99,148,6,0,6,154
07/23/2006,MKG,MI,AGL,CE,Combined TRACON& Tower with Radar,0,11,15,4,30,0,0,55,79,134,0,11,70,83,164,12,6,18,182
07/24/2006,MKG,MI,AGL,CE,Combined TRACON& Tower with Radar,0,16,28,10,54,0,0,32,6,38,0,16,60,16,92,10,2,12,104
07/25/2006,MKG,MI,AGL,CE,Combined TRACON& Tower with Radar,0,21,55,3,79,0,0,6,0,6,0,21,61,3,85,28,16,44,129
07/26/2006,MKG,MI,AGL,CE,Combined TRACON& Tower with Radar,0,18,35,2,55,0,0,21,0,21,0,18,56,2,76,10,0,10,86
07/27/2006,MKG,MI,AGL,CE,Combined TRACON& Tower with Radar,0,18,83,1,102,0,0,17,5,22,0,18,100,6,124,16,0,16,140
07/28/2006,MKG,MI,AGL,CE,Combined TRACON& Tower with Radar,0,15,49,0,64,0,0,22,4,26,0,15,71,4,90,32,0,32,122
07/29/2006,MKG,MI,AGL,CE,Combined TRACON& Tower with Radar,0,15,36,4,55,0,0,18,2,20,0,15,54,6,75,10,42,52,127
07/30/2006,MKG,MI,AGL,CE,Combined TRACON& Tower with Radar,0,14,20,0,34,0,0,24,8,32,0,14,44,8,66,24,0,24,90
07/31/2006,MKG,MI,AGL,CE,Combined TRACON& Tower with Radar,0,21,39,2,62,0,1,55,5,61,0,22,94,7,123,44,42,86,209
08/01/2006,MKG,MI,AGL,CE,Combined TRACON& Tower with Radar,0,22,40,11,73,0,0,50,7,57,0,22,90,18,130,30,28,58,188
08/02/2006,MKG,MI,AGL,CE,Combined TRACON& Tower with Radar,0,12,39,0,51,0,0,25,2,27,0,12,64,2,78,30,0,30,108
08/03/2006,MKG,MI,AGL,CE,Combined TRACON& Tower with Radar,0,21,62,1,84,0,0,7,10,17,0,21,69,11,101,32,0,32,133
08/04/2006,MKG,MI,AGL,CE,Combined TRACON& Tower with Radar,0,19,36,6,61,0,0,74,4,78,0,19,110,10,139,142,2,144,283
08/05/2006,MKG,MI,AGL,CE,Combined TRACON& Tower with Radar,0,15,21,0,36,1,0,71,4,76,1,15,92,4,112,16,0,16,128
08/06/2006,MKG,MI,AGL,CE,Combined TRACON& Tower with Radar,0,12,52,0,64,0,2,64,0,66,0,14,116,0,130,90,0,90,220
08/07/2006,MKG,MI,AGL,CE,Combined TRACON& Tower with Radar,0,17,66,0,83,0,3,56,2,61,0,20,122,2,144,120,0,120,264
08/08/2006,MKG,MI,AGL,CE,Combined TRACON& Tower with Radar,0,20,50,4,74,0,0,80,11,91,0,20,130,15,165,106,18,124,289
08/09/2006,MKG,MI,AGL,CE,Combined TRACON& Tower with Radar,0,21,48,2,71,0,1,83,5,89,0,22,131,7,160,56,0,56,216
08/10/2006,MKG,MI,AGL,CE,Combined TRACON& Tower with Radar,0,21,47,8,76,0,0,55,5,60,0,21,102,13,136,42,0,42,178
08/11/2006,MKG,MI,AGL,CE,Combined TRACON& Tower with Radar,0,24,40,3,67,0,0,42,5,47,0,24,82,8,114,40,0,40,154
08/12/2006,MKG,MI,AGL,CE,Combined TRACON& Tower with Radar,0,14,50,0,64,0,0,46,6,52,0,14,96,6,116,48,0,48,164
08/13/2006,MKG,MI,AGL,CE,Combined TRACON& Tower with Radar,0,14,31,1,46,0,0,55,1,56,0,14,86,2,102,52,0,52,154
08/14/2006,MKG,MI,AGL,CE,Combined TRACON& Tower with Radar,0,22,59,5,86,0,0,3,5,8,0,22,62,10,94,50,10,60,154
08/15/2006,MKG,MI,AGL,CE,Combined TRACON& Tower with Radar,0,15,38,3,56,0,0,55,3,58,0,15,93,6,114,64,0,64,178
08/16/2006,MKG,MI,AGL,CE,Combined TRACON& Tower with Radar,0,21,47,9,77,0,0,83,4,87,0,21,130,13,164,82,22,104,268
08/17/2006,MKG,MI,AGL,CE,Combined TRACON& Tower with Radar,0,21,37,6,64,1,0,49,1,51,1,21,86,7,115,60,2,62,177
08/18/2006,MKG,MI,AGL,CE,Combined TRACON& Tower with Radar,0,23,33,15,71,0,0,57,2,59,0,23,90,17,130,126,20,146,276
08/19/2006,MKG,MI,AGL,CE,Combined TRACON& Tower with Radar,0,14,29,0,43,0,0,11,0,11,0,14,40,0,54,30,0,30,84
08/20/2006,MKG,MI,AGL,CE,Combined TRACON& Tower with Radar,0,16,46,1,63,0,0,12,1,13,0,16,58,2,76,20,0,20,96
08/21/2006,MKG,MI,AGL,CE,Combined TRACON& Tower with Radar,0,21,45,0,66,0,0,43,3,46,0,21,88,3,112,66,0,66,178
08/22/2006,MKG,MI,AGL,CE,Combined TRACON& Tower with Radar,0,23,53,6,82,0,0,75,11,86,0,23,128,17,168,80,8,88,256
08/23/2006,MKG,MI,AGL,CE,Combined TRACON& Tower with Radar,0,23,58,9,90,0,0,55,1,56,0,23,113,10,146,84,10,94,240
08/24/2006,MKG,MI,AGL,CE,Combined TRACON& Tower with Radar,1,16,25,3,45,0,0,25,1,26,1,16,50,4,71,40,0,40,111
08/25/2006,MKG,MI,AGL,CE,Combined TRACON& Tower with Radar,0,20,34,0,54,0,0,0,4,4,0,20,34,4,58,44,0,44,102
08/26/2006,MKG,MI,AGL,CE,Combined TRACON& Tower with Radar,0,15,46,2,63,0,1,0,0,1,0,16,46,2,64,44,2,46,110
08/27/2006,MKG,MI,AGL,CE,Combined TRACON& Tower with Radar,0,10,53,6,69,0,0,17,0,17,0,10,70,6,86,40,0,40,126
08/28/2006,MKG,MI,AGL,CE,Combined TRACON& Tower with Radar,0,15,28,5,48,0,0,12,5,17,0,15,40,10,65,16,10,26,91
08/29/2006,MKG,MI,AGL,CE,Combined TRACON& Tower with Radar,0,12,80,8,100,0,0,40,10,50,0,12,120,18,150,66,28,94,244
08/30/2006,MKG,MI,AGL,CE,Combined TRACON& Tower with Radar,0,21,70,0,91,0,1,40,4,45,0,22,110,4,136,84,4,88,224
08/31/2006,MKG,MI,AGL,CE,Combined TRACON& Tower with Radar,0,14,45,6,65,0,0,91,2,93,0,14,136,8,158,96,8,104,262
09/01/2006,MKG,MI,AGL,CE,Combined TRACON& Tower with Radar,0,15,39,4,58,0,0,34,3,37,0,15,73,7,95,78,20,98,193
09/02/2006,MKG,MI,AGL,CE,Combined TRACON& Tower with Radar,0,15,47,1,63,0,0,61,2,63,0,15,108,3,126,20,2,22,148
09/03/2006,MKG,MI,AGL,CE,Combined TRACON& Tower with Radar,0,9,48,0,57,0,2,24,3,29,0,11,72,3,86,26,0,26,112
09/04/2006,MKG,MI,AGL,CE,Combined TRACON& Tower with Radar,0,16,27,0,43,0,0,35,0,35,0,16,62,0,78,28,0,28,106
09/05/2006,MKG,MI,AGL,CE,Combined TRACON& Tower with Radar,0,16,53,1,70,0,0,47,1,48,0,16,100,2,118,92,0,92,210
09/06/2006,MKG,MI,AGL,CE,Combined TRACON& Tower with Radar,0,14,32,0,46,0,0,22,0,22,0,14,54,0,68,92,0,92,160
09/07/2006,MKG,MI,AGL,CE,Combined TRACON& Tower with Radar,0,19,52,0,71,0,3,52,0,55,0,22,104,0,126,92,0,92,218
09/08/2006,MKG,MI,AGL,CE,Combined TRACON& Tower with Radar,0,18,35,0,53,0,0,47,0,47,0,18,82,0,100,92,0,92,192
09/09/2006,MKG,MI,AGL,CE,Combined TRACON& Tower with Radar,0,17,42,0,59,0,0,11,0,11,0,17,53,0,70,46,0,46,116
09/10/2006,MKG,MI,AGL,CE,Combined TRACON& Tower with Radar,0,12,27,0,39,0,0,33,0,33,0,12,60,0,72,118,0,118,190
09/11/2006,MKG,MI,AGL,CE,Combined TRACON& Tower with Radar,0,11,22,2,35,0,1,0,0,1,0,12,22,2,36,0,0,0,36
09/12/2006,MKG,MI,AGL,CE,Combined TRACON& Tower with Radar,0,15,42,0,57,0,0,0,0,0,0,15,42,0,57,24,0,24,81
09/13/2006,MKG,MI,AGL,CE,Combined TRACON& Tower with Radar,0,14,30,0,44,0,0,0,1,1,0,14,30,1,45,60,0,60,105
09/14/2006,MKG,MI,AGL,CE,Combined TRACON& Tower with Radar,0,16,91,0,107,0,0,9,0,9,0,16,100,0,116,54,0,54,170
09/15/2006,MKG,MI,AGL,CE,Combined TRACON& Tower with Radar,0,16,42,0,58,0,0,44,0,44,0,16,86,0,102,114,0,114,216
09/16/2006,MKG,MI,AGL,CE,Combined TRACON& Tower with Radar,0,13,45,0,58,0,0,38,0,38,0,13,83,0,96,32,0,32,128
09/17/2006,MKG,MI,AGL,CE,Combined TRACON& Tower with Radar,1,10,25,1,37,0,0,12,0,12,1,10,37,1,49,30,0,30,79
09/18/2006,MKG,MI,AGL,CE,Combined TRACON& Tower with Radar,0,16,23,0,39,0,0,11,0,11,0,16,34,0,50,50,0,50,100
09/19/2006,MKG,MI,AGL,CE,Combined TRACON& Tower with Radar,0,16,42,0,58,0,1,1,0,2,0,17,43,0,60,70,0,70,130
09/20/2006,MKG,MI,AGL,CE,Combined TRACON& Tower with Radar,0,22,51,7,80,0,0,27,9,36,0,22,78,16,116,90,28,118,234
09/21/2006,MKG,MI,AGL,CE,Combined TRACON& Tower with Radar,0,17,36,2,55,0,0,64,6,70,0,17,100,8,125,40,4,44,169
09/22/2006,MKG,MI,AGL,CE,Combined TRACON& Tower with Radar,0,14,38,0,52,0,1,0,0,1,0,15,38,0,53,32,0,32,85
09/23/2006,MKG,MI,AGL,CE,Combined TRACON& Tower with Radar,0,21,14,1,36,0,0,0,0,0,0,21,14,1,36,0,0,0,36
09/24/2006,MKG,MI,AGL,CE,Combined TRACON& Tower with Radar,0,11,19,0,30,0,0,13,0,13,0,11,32,0,43,20,0,20,63
09/25/2006,MKG,MI,AGL,CE,Combined TRACON& Tower with Radar,0,11,48,4,63,0,0,12,5,17,0,11,60,9,80,40,4,44,124
09/26/2006,MKG,MI,AGL,CE,Combined TRACON& Tower with Radar,0,18,72,2,92,0,0,48,0,48,0,18,120,2,140,80,16,96,236
09/27/2006,MKG,MI,AGL,CE,Combined TRACON& Tower with Radar,0,18,22,0,40,0,0,5,0,5,0,18,27,0,45,4,0,4,49
09/28/2006,MKG,MI,AGL,CE,Combined TRACON& Tower with Radar,0,15,32,14,61,0,0,31,0,31,0,15,63,14,92,86,22,108,200
09/29/2006,MKG,MI,AGL,CE,Combined TRACON& Tower with Radar,0,14,32,0,46,0,0,28,0,28,0,14,60,0,74,30,0,30,104
09/30/2006,MKG,MI,AGL,CE,Combined TRACON& Tower with Radar,0,15,24,0,39,0,0,4,0,4,0,15,28,0,43,16,0,16,59
10/01/2006,MKG,MI,AGL,CE,Combined TRACON& Tower with Radar,0,11,43,0,54,0,0,34,1,35,0,11,77,1,89,60,0,60,149
10/02/2006,MKG,MI,AGL,CE,Combined TRACON& Tower with Radar,0,15,24,2,41,0,0,3,0,3,0,15,27,2,44,8,2,10,54
10/03/2006,MKG,MI,AGL,CE,Combined TRACON& Tower with Radar,0,14,65,9,88,0,7,16,5,28,0,21,81,14,116,36,28,64,180
10/04/2006,MKG,MI,AGL,CE,Combined TRACON& Tower with Radar,0,13,23,0,36,0,0,0,1,1,0,13,23,1,37,8,0,8,45
10/05/2006,MKG,MI,AGL,CE,Combined TRACON& Tower with Radar,0,20,43,11,74,0,0,39,1,40,0,20,82,12,114,52,20,72,186
10/06/2006,MKG,MI,AGL,CE,Combined TRACON& Tower with Radar,0,19,44,2,65,0,0,101,0,101,0,19,145,2,166,130,4,134,300
10/07/2006,MKG,MI,AGL,CE,Combined TRACON& Tower with Radar,0,12,30,0,42,0,0,80,0,80,0,12,110,0,122,84,0,84,206
10/08/2006,MKG,MI,AGL,CE,Combined TRACON& Tower with Radar,0,8,22,0,30,0,0,34,0,34,0,8,56,0,64,10,0,10,74
10/09/2006,MKG,MI,AGL,CE,Combined TRACON& Tower with Radar,0,12,39,0,51,0,0,67,0,67,0,12,106,0,118,40,0,40,158
10/10/2006,MKG,MI,AGL,CE,Combined TRACON& Tower with Radar,0,19,41,0,60,0,0,37,0,37,0,19,78,0,97,96,0,96,193
10/11/2006,MKG,MI,AGL,CE,Combined TRACON& Tower with Radar,0,26,23,0,49,0,0,2,0,2,0,26,25,0,51,6,0,6,57
10/12/2006,MKG,MI,AGL,CE,Combined TRACON& Tower with Radar,0,17,16,0,33,0,0,3,0,3,0,17,19,0,36,16,0,16,52
10/13/2006,MKG,MI,AGL,CE,Combined TRACON& Tower with Radar,0,15,6,0,21,0,0,2,0,2,0,15,8,0,23,0,0,0,23
10/14/2006,MKG,MI,AGL,CE,Combined TRACON& Tower with Radar,0,13,27,0,40,0,0,5,0,5,0,13,32,0,45,4,0,4,49
10/15/2006,MKG,MI,AGL,CE,Combined TRACON& Tower with Radar,0,15,20,0,35,0,1,45,0,46,0,16,65,0,81,52,0,52,133
10/16/2006,MKG,MI,AGL,CE,Combined TRACON& Tower with Radar,0,14,44,0,58,0,0,6,0,6,0,14,50,0,64,4,0,4,68
10/17/2006,MKG,MI,AGL,CE,Combined TRACON& Tower with Radar,2,18,28,6,54,2,0,0,6,8,4,18,28,12,62,8,8,16,78
10/18/2006,MKG,MI,AGL,CE,Combined TRACON& Tower with Radar,0,19,48,0,67,0,0,0,0,0,0,19,48,0,67,14,0,14,81
10/19/2006,MKG,MI,AGL,CE,Combined TRACON& Tower with Radar,0,11,36,0,47,0,0,26,0,26,0,11,62,0,73,22,0,22,95
10/20/2006,MKG,MI,AGL,CE,Combined TRACON& Tower with Radar,0,15,42,3,60,0,0,47,0,47,0,15,89,3,107,80,12,92,199
10/21/2006,MKG,MI,AGL,CE,Combined TRACON& Tower with Radar,0,14,30,0,44,0,0,8,0,8,0,14,38,0,52,28,0,28,80
10/22/2006,MKG,MI,AGL,CE,Combined TRACON& Tower with Radar,0,13,3,0,16,0,1,0,0,1,0,14,3,0,17,0,0,0,17
10/23/2006,MKG,MI,AGL,CE,Combined TRACON& Tower with Radar,0,12,43,0,55,0,0,5,2,7,0,12,48,2,62,38,0,38,100
10/24/2006,MKG,MI,AGL,CE,Combined TRACON& Tower with Radar,0,23,48,0,71,0,0,30,0,30,0,23,78,0,101,64,0,64,165
10/25/2006,MKG,MI,AGL,CE,Combined TRACON& Tower with Radar,0,13,81,8,102,0,0,66,2,68,0,13,147,10,170,100,36,136,306
10/26/2006,MKG,MI,AGL,CE,Combined TRACON& Tower with Radar,0,17,40,0,57,0,2,87,0,89,0,19,127,0,146,102,0,102,248
10/27/2006,MKG,MI,AGL,CE,Combined TRACON& Tower with Radar,0,19,18,1,38,0,0,5,0,5,0,19,23,1,43,24,0,24,67
10/28/2006,MKG,MI,AGL,CE,Combined TRACON& Tower with Radar,0,6,5,0,11,0,0,0,0,0,0,6,5,0,11,0,0,0,11
10/29/2006,MKG,MI,AGL,CE,Combined TRACON& Tower with Radar,0,9,8,1,18,0,0,12,0,12,0,9,20,1,30,0,0,0,30
10/30/2006,MKG,MI,AGL,CE,Combined TRACON& Tower with Radar,0,14,30,0,44,0,0,32,0,32,0,14,62,0,76,12,0,12,88
10/31/2006,MKG,MI,AGL,CE,Combined TRACON& Tower with Radar,0,17,22,0,39,0,0,22,0,22,0,17,44,0,61,24,0,24,85
11/01/2006,MKG,MI,AGL,CE,Combined TRACON& Tower with Radar,0,15,26,0,41,0,0,55,0,55,0,15,81,0,96,44,0,44,140
11/02/2006,MKG,MI,AGL,CE,Combined TRACON& Tower with Radar,0,10,15,0,25,0,0,0,0,0,0,10,15,0,25,0,0,0,25
11/03/2006,MKG,MI,AGL,CE,Combined TRACON& Tower with Radar,0,12,16,0,28,0,0,23,2,25,0,12,39,2,53,22,0,22,75
11/04/2006,MKG,MI,AGL,CE,Combined TRACON& Tower with Radar,0,16,22,0,38,0,0,28,2,30,0,16,50,2,68,30,0,30,98
11/05/2006,MKG,MI,AGL,CE,Combined TRACON& Tower with Radar,0,14,15,0,29,0,0,45,1,46,0,14,60,1,75,34,2,36,111
11/06/2006,MKG,MI,AGL,CE,Combined TRACON& Tower with Radar,0,10,24,0,34,0,0,32,0,32,0,10,56,0,66,72,0,72,138
11/07/2006,MKG,MI,AGL,CE,Combined TRACON& Tower with Radar,0,13,36,0,49,0,3,28,0,31,0,16,64,0,80,86,0,86,166
11/08/2006,MKG,MI,AGL,CE,Combined TRACON& Tower with Radar,0,17,51,0,68,0,0,4,0,4,0,17,55,0,72,42,0,42,114
11/09/2006,MKG,MI,AGL,CE,Combined TRACON& Tower with Radar,0,16,45,0,61,0,0,81,0,81,0,16,126,0,142,150,0,150,292
11/10/2006,MKG,MI,AGL,CE,Combined TRACON& Tower with Radar,0,14,15,0,29,0,0,33,0,33,0,14,48,0,62,34,0,34,96
11/11/2006,MKG,MI,AGL,CE,Combined TRACON& Tower with Radar,0,16,14,0,30,0,0,11,0,11,0,16,25,0,41,16,0,16,57
11/12/2006,MKG,MI,AGL,CE,Combined TRACON& Tower with Radar,0,9,15,0,24,0,0,50,0,50,0,9,65,0,74,68,2,70,144
11/13/2006,MKG,MI,AGL,CE,Combined TRACON& Tower with Radar,0,15,16,7,38,0,0,0,0,0,0,15,16,7,38,4,6,10,48
11/14/2006,MKG,MI,AGL,CE,Combined TRACON& Tower with Radar,0,16,14,4,34,0,0,0,4,4,0,16,14,8,38,20,16,36,74
11/15/2006,MKG,MI,AGL,CE,Combined TRACON& Tower with Radar,0,12,22,0,34,0,0,13,0,13,0,12,35,0,47,10,0,10,57
11/16/2006,MKG,MI,AGL,CE,Combined TRACON& Tower with Radar,1,13,16,0,30,0,0,4,0,4,1,13,20,0,34,16,0,16,50
11/17/2006,MKG,MI,AGL,CE,Combined TRACON& Tower with Radar,0,14,38,0,52,0,0,20,0,20,0,14,58,0,72,24,0,24,96
11/18/2006,MKG,MI,AGL,CE,Combined TRACON& Tower with Radar,1,15,31,0,47,0,0,25,0,25,1,15,56,0,72,36,0,36,108
11/19/2006,MKG,MI,AGL,CE,Combined TRACON& Tower with Radar,0,12,10,0,22,0,0,5,0,5,0,12,15,0,27,0,0,0,27
11/20/2006,MKG,MI,AGL,CE,Combined TRACON& Tower with Radar,0,10,58,0,68,0,0,34,0,34,0,10,92,0,102,82,0,82,184
11/21/2006,MKG,MI,AGL,CE,Combined TRACON& Tower with Radar,0,15,35,0,50,0,0,48,1,49,0,15,83,1,99,2,90,92,191
11/22/2006,MKG,MI,AGL,CE,Combined TRACON& Tower with Radar,0,15,48,0,63,0,0,70,0,70,0,15,118,0,133,88,0,88,221
11/23/2006,MKG,MI,AGL,CE,Combined TRACON& Tower with Radar,0,6,16,0,22,0,0,15,0,15,0,6,31,0,37,28,0,28,65
11/24/2006,MKG,MI,AGL,CE,Combined TRACON& Tower with Radar,0,14,29,0,43,0,0,78,0,78,0,14,107,0,121,56,0,56,177
11/25/2006,MKG,MI,AGL,CE,Combined TRACON& Tower with Radar,0,12,21,0,33,0,0,53,0,53,0,12,74,0,86,30,0,30,116
11/26/2006,MKG,MI,AGL,CE,Combined TRACON& Tower with Radar,0,13,14,0,27,0,0,7,0,7,0,13,21,0,34,4,0,4,38
11/27/2006,MKG,MI,AGL,CE,Combined TRACON& Tower with Radar,0,17,48,0,65,0,0,0,0,0,0,17,48,0,65,4,0,4,69
11/28/2006,MKG,MI,AGL,CE,Combined TRACON& Tower with Radar,0,13,20,0,33,0,2,28,0,30,0,15,48,0,63,12,0,12,75
11/29/2006,MKG,MI,AGL,CE,Combined TRACON& Tower with Radar,0,14,32,0,46,0,0,0,0,0,0,14,32,0,46,2,0,2,48
11/30/2006,MKG,MI,AGL,CE,Combined TRACON& Tower with Radar,0,16,22,0,38,0,0,6,0,6,0,16,28,0,44,60,4,64,108
12/01/2006,MKG,MI,AGL,CE,Combined TRACON& Tower with Radar,0,7,2,0,9,0,0,0,0,0,0,7,2,0,9,0,0,0,9
12/02/2006,MKG,MI,AGL,CE,Combined TRACON& Tower with Radar,0,13,31,0,44,0,0,3,2,5,0,13,34,2,49,30,0,30,79
12/03/2006,MKG,MI,AGL,CE,Combined TRACON& Tower with Radar,0,9,2,0,11,0,0,0,0,0,0,9,2,0,11,0,0,0,11
12/04/2006,MKG,MI,AGL,CE,Combined TRACON& Tower with Radar,0,14,6,0,20,0,0,0,0,0,0,14,6,0,20,0,0,0,20
12/05/2006,MKG,MI,AGL,CE,Combined TRACON& Tower with Radar,0,14,33,0,47,0,0,24,0,24,0,14,57,0,71,42,0,42,113
12/06/2006,MKG,MI,AGL,CE,Combined TRACON& Tower with Radar,0,11,14,0,25,0,0,5,0,5,0,11,19,0,30,92,0,92,122
12/07/2006,MKG,MI,AGL,CE,Combined TRACON& Tower with Radar,0,13,14,0,27,0,2,0,0,2,0,15,14,0,29,0,0,0,29
12/08/2006,MKG,MI,AGL,CE,Combined TRACON& Tower with Radar,0,14,32,0,46,0,0,63,0,63,0,14,95,0,109,104,0,104,213
12/09/2006,MKG,MI,AGL,CE,Combined TRACON& Tower with Radar,0,16,35,0,51,0,0,23,0,23,0,16,58,0,74,10,0,10,84
12/10/2006,MKG,MI,AGL,CE,Combined TRACON& Tower with Radar,0,12,20,0,32,0,0,47,0,47,0,12,67,0,79,24,0,24,103
12/11/2006,MKG,MI,AGL,CE,Combined TRACON& Tower with Radar,0,14,33,1,48,0,0,43,0,43,0,14,76,1,91,72,0,72,163
12/12/2006,MKG,MI,AGL,CE,Combined TRACON& Tower with Radar,0,14,30,0,44,0,0,0,0,0,0,14,30,0,44,4,0,4,48
12/13/2006,MKG,MI,AGL,CE,Combined TRACON& Tower with Radar,0,19,24,0,43,0,0,4,0,4,0,19,28,0,47,40,0,40,87
12/14/2006,MKG,MI,AGL,CE,Combined TRACON& Tower with Radar,0,16,21,4,41,0,1,38,16,55,0,17,59,20,96,24,34,58,154
12/15/2006,MKG,MI,AGL,CE,Combined TRACON& Tower with Radar,0,17,29,0,46,0,0,25,0,25,0,17,54,0,71,40,0,40,111
12/16/2006,MKG,MI,AGL,CE,Combined TRACON& Tower with Radar,0,17,28,0,45,0,0,32,0,32,0,17,60,0,77,42,0,42,119
12/17/2006,MKG,MI,AGL,CE,Combined TRACON& Tower with Radar,0,14,18,0,32,0,0,27,0,27,0,14,45,0,59,66,0,66,125
12/18/2006,MKG,MI,AGL,CE,Combined TRACON& Tower with Radar,0,19,45,3,67,0,0,56,0,56,0,19,101,3,123,62,10,72,195
12/19/2006,MKG,MI,AGL,CE,Combined TRACON& Tower with Radar,0,19,48,0,67,0,0,112,0,112,0,19,160,0,179,96,0,96,275
12/20/2006,MKG,MI,AGL,CE,Combined TRACON& Tower with Radar,0,20,42,0,62,0,0,58,0,58,0,20,100,0,120,90,0,90,210
12/21/2006,MKG,MI,AGL,CE,Combined TRACON& Tower with Radar,0,14,25,0,39,0,0,12,0,12,0,14,37,0,51,60,0,60,111
12/22/2006,MKG,MI,AGL,CE,Combined TRACON& Tower with Radar,0,15,0,0,15,14,0,0,0,14,14,15,0,0,29,0,0,0,29
12/23/2006,MKG,MI,AGL,CE,Combined TRACON& Tower with Radar,0,15,9,0,24,0,0,0,0,0,0,15,9,0,24,0,0,0,24
12/24/2006,MKG,MI,AGL,CE,Combined TRACON& Tower with Radar,0,7,23,0,30,0,0,51,0,51,0,7,74,0,81,70,0,70,151
12/25/2006,MKG,MI,AGL,CE,Combined TRACON& Tower with Radar,0,4,1,0,5,0,6,2,0,8,0,10,3,0,13,12,0,12,25
12/26/2006,MKG,MI,AGL,CE,Combined TRACON& Tower with Radar,0,8,7,0,15,0,0,0,0,0,0,8,7,0,15,10,0,10,25
12/27/2006,MKG,MI,AGL,CE,Combined TRACON& Tower with Radar,0,14,39,0,53,0,0,37,1,38,0,14,76,1,91,160,2,162,253
12/28/2006,MKG,MI,AGL,CE,Combined TRACON& Tower with Radar,0,14,18,12,44,0,0,37,0,37,0,14,55,12,81,70,18,88,169
12/29/2006,MKG,MI,AGL,CE,Combined TRACON& Tower with Radar,0,16,6,0,22,0,0,29,0,29,0,16,35,0,51,18,0,18,69
12/30/2006,MKG,MI,AGL,CE,Combined TRACON& Tower with Radar,0,10,46,0,56,0,4,36,2,42,0,14,82,2,98,110,0,110,208
12/31/2006,MKG,MI,AGL,CE,Combined TRACON& Tower with Radar,0,9,2,0,11,0,3,0,0,3,0,12,2,0,14,0,0,0,14
01/01/2007,MKG,MI,AGL,CE,Combined TRACON& Tower with Radar,0,10,1,0,11,0,0,0,0,0,0,10,1,0,11,0,0,0,11
01/02/2007,MKG,MI,AGL,CE,Combined TRACON& Tower with Radar,0,10,20,0,30,0,0,32,0,32,0,10,52,0,62,54,0,54,116
01/03/2007,MKG,MI,AGL,CE,Combined TRACON& Tower with Radar,0,23,30,0,53,0,0,10,0,10,0,23,40,0,63,44,0,44,107
01/04/2007,MKG,MI,AGL,CE,Combined TRACON& Tower with Radar,0,14,16,0,30,0,1,11,0,12,0,15,27,0,42,6,0,6,48
01/05/2007,MKG,MI,AGL,CE,Combined TRACON& Tower with Radar,0,13,28,4,45,0,2,9,0,11,0,15,37,4,56,14,0,14,70
01/06/2007,MKG,MI,AGL,CE,Combined TRACON& Tower with Radar,0,16,10,0,26,0,0,6,0,6,0,16,16,0,32,54,0,54,86
01/07/2007,MKG,MI,AGL,CE,Combined TRACON& Tower with Radar,0,12,20,0,32,0,0,14,1,15,0,12,34,1,47,44,0,44,91
01/08/2007,MKG,MI,AGL,CE,Combined TRACON& Tower with Radar,0,17,19,0,36,0,1,9,0,10,0,18,28,0,46,44,0,44,90
01/09/2007,MKG,MI,AGL,CE,Combined TRACON& Tower with Radar,0,13,32,0,45,0,0,8,0,8,0,13,40,0,53,30,0,30,83
01/10/2007,MKG,MI,AGL,CE,Combined TRACON& Tower with Radar,0,18,43,0,61,0,0,39,0,39,0,18,82,0,100,116,0,116,216
01/11/2007,MKG,MI,AGL,CE,Combined TRACON& Tower with Radar,0,12,11,0,23,0,0,2,0,2,0,12,13,0,25,16,0,16,41
01/12/2007,MKG,MI,AGL,CE,Combined TRACON& Tower with Radar,0,14,12,0,26,0,0,2,0,2,0,14,14,0,28,0,0,0,28
01/13/2007,MKG,MI,AGL,CE,Combined TRACON& Tower with Radar,0,13,30,0,43,0,0,18,0,18,0,13,48,0,61,42,0,42,103
01/14/2007,MKG,MI,AGL,CE,Combined TRACON& Tower with Radar,0,10,10,0,20,0,0,22,0,22,0,10,32,0,42,58,0,58,100
01/15/2007,MKG,MI,AGL,CE,Combined TRACON& Tower with Radar,0,14,8,0,22,0,0,0,0,0,0,14,8,0,22,18,0,18,40
01/16/2007,MKG,MI,AGL,CE,Combined TRACON& Tower with Radar,0,16,20,6,42,0,0,27,2,29,0,16,47,8,71,72,14,86,157
01/17/2007,MKG,MI,AGL,CE,Combined TRACON& Tower with Radar,0,14,33,12,59,0,0,15,0,15,0,14,48,12,74,80,14,94,168
01/18/2007,MKG,MI,AGL,CE,Combined TRACON& Tower with Radar,0,18,14,0,32,0,0,0,0,0,0,18,14,0,32,0,0,0,32
01/19/2007,MKG,MI,AGL,CE,Combined TRACON& Tower with Radar,0,18,9,0,27,0,0,3,0,3,0,18,12,0,30,2,0,2,32
01/20/2007,MKG,MI,AGL,CE,Combined TRACON& Tower with Radar,0,13,18,0,31,0,0,20,0,20,0,13,38,0,51,48,0,48,99
01/21/2007,MKG,MI,AGL,CE,Combined TRACON& Tower with Radar,0,8,6,0,14,0,0,12,0,12,0,8,18,0,26,28,0,28,54
01/22/2007,MKG,MI,AGL,CE,Combined TRACON& Tower with Radar,0,22,25,8,55,0,0,9,0,9,0,22,34,8,64,24,4,28,92
01/23/2007,MKG,MI,AGL,CE,Combined TRACON& Tower with Radar,0,18,20,0,38,0,0,2,0,2,0,18,22,0,40,0,0,0,40
01/24/2007,MKG,MI,AGL,CE,Combined TRACON& Tower with Radar,0,11,7,0,18,0,0,0,0,0,0,11,7,0,18,0,0,0,18
01/25/2007,MKG,MI,AGL,CE,Combined TRACON& Tower with Radar,0,14,34,0,48,0,0,12,0,12,0,14,46,0,60,24,0,24,84
01/26/2007,MKG,MI,AGL,CE,Combined TRACON& Tower with Radar,0,18,13,0,31,0,0,0,0,0,0,18,13,0,31,2,0,2,33
01/27/2007,MKG,MI,AGL,CE,Combined TRACON& Tower with Radar,0,11,20,0,31,0,0,19,0,19,0,11,39,0,50,30,0,30,80
01/28/2007,MKG,MI,AGL,CE,Combined TRACON& Tower with Radar,0,11,17,0,28,0,1,9,0,10,0,12,26,0,38,26,0,26,64
01/29/2007,MKG,MI,AGL,CE,Combined TRACON& Tower with Radar,0,10,12,0,22,0,0,16,0,16,0,10,28,0,38,26,0,26,64
01/30/2007,MKG,MI,AGL,CE,Combined TRACON& Tower with Radar,0,14,27,0,41,0,0,2,0,2,0,14,29,0,43,0,0,0,43
01/31/2007,MKG,MI,AGL,CE,Combined TRACON& Tower with Radar,0,17,45,0,62,0,2,19,1,22,0,19,64,1,84,144,0,144,228
02/01/2007,MKG,MI,AGL,CE,Combined TRACON& Tower with Radar,0,14,19,0,33,0,0,0,0,0,0,14,19,0,33,0,0,0,33
02/02/2007,MKG,MI,AGL,CE,Combined TRACON& Tower with Radar,0,17,9,0,26,0,0,0,0,0,0,17,9,0,26,10,0,10,36
02/03/2007,MKG,MI,AGL,CE,Combined TRACON& Tower with Radar,0,8,1,0,9,0,1,0,0,1,0,9,1,0,10,0,0,0,10
02/04/2007,MKG,MI,AGL,CE,Combined TRACON& Tower with Radar,0,6,1,0,7,0,0,0,0,0,0,6,1,0,7,0,0,0,7
02/05/2007,MKG,MI,AGL,CE,Combined TRACON& Tower with Radar,0,14,12,0,26,0,0,0,0,0,0,14,12,0,26,10,0,10,36
02/06/2007,MKG,MI,AGL,CE,Combined TRACON& Tower with Radar,0,16,9,0,25,0,0,0,0,0,0,16,9,0,25,0,0,0,25
02/07/2007,MKG,MI,AGL,CE,Combined TRACON& Tower with Radar,0,17,19,0,36,0,0,9,0,9,0,17,28,0,45,40,0,40,85
02/08/2007,MKG,MI,AGL,CE,Combined TRACON& Tower with Radar,0,13,16,0,29,0,0,0,0,0,0,13,16,0,29,0,0,0,29
02/09/2007,MKG,MI,AGL,CE,Combined TRACON& Tower with Radar,0,14,44,0,58,0,0,0,0,0,0,14,44,0,58,32,0,32,90
02/10/2007,MKG,MI,AGL,CE,Combined TRACON& Tower with Radar,0,12,32,0,44,0,0,0,0,0,0,12,32,0,44,0,0,0,44
02/11/2007,MKG,MI,AGL,CE,Combined TRACON& Tower with Radar,0,11,16,0,27,0,1,18,0,19,0,12,34,0,46,14,60,74,120
02/12/2007,MKG,MI,AGL,CE,Combined TRACON& Tower with Radar,0,8,23,0,31,0,5,16,0,21,0,13,39,0,52,60,0,60,112
02/13/2007,MKG,MI,AGL,CE,Combined TRACON& Tower with Radar,0,13,10,0,23,0,0,10,0,10,0,13,20,0,33,20,0,20,53
02/14/2007,MKG,MI,AGL,CE,Combined TRACON& Tower with Radar,0,20,42,0,62,0,0,62,0,62,0,20,104,0,124,56,0,56,180
02/15/2007,MKG,MI,AGL,CE,Combined TRACON& Tower with Radar,0,17,20,0,37,0,0,0,0,0,0,17,20,0,37,0,0,0,37
02/16/2007,MKG,MI,AGL,CE,Combined TRACON& Tower with Radar,0,16,38,0,54,0,0,9,0,9,0,16,47,0,63,34,0,34,97
02/17/2007,MKG,MI,AGL,CE,Combined TRACON& Tower with Radar,0,13,7,0,20,0,0,1,0,1,0,13,8,0,21,0,0,0,21
02/18/2007,MKG,MI,AGL,CE,Combined TRACON& Tower with Radar,0,11,15,0,26,0,3,12,0,15,0,14,27,0,41,14,0,14,55
02/19/2007,MKG,MI,AGL,CE,Combined TRACON& Tower with Radar,0,11,25,0,36,0,0,16,0,16,0,11,41,0,52,48,2,50,102
02/20/2007,MKG,MI,AGL,CE,Combined TRACON& Tower with Radar,0,20,41,6,67,0,0,36,2,38,0,20,77,8,105,62,10,72,177
02/21/2007,MKG,MI,AGL,CE,Combined TRACON& Tower with Radar,0,9,30,0,39,0,0,32,0,32,0,9,62,0,71,80,0,80,151
02/22/2007,MKG,MI,AGL,CE,Combined TRACON& Tower with Radar,0,13,19,2,34,0,0,0,4,4,0,13,19,6,38,20,32,52,90
02/23/2007,MKG,MI,AGL,CE,Combined TRACON& Tower with Radar,0,12,42,0,54,0,0,68,4,72,0,12,110,4,126,164,0,164,290
02/24/2007,MKG,MI,AGL,CE,Combined TRACON& Tower with Radar,0,13,11,0,24,0,1,4,0,5,0,14,15,0,29,4,0,4,33
02/25/2007,MKG,MI,AGL,CE,Combined TRACON& Tower with Radar,0,4,9,0,13,0,0,0,0,0,0,4,9,0,13,0,0,0,13
02/26/2007,MKG,MI,AGL,CE,Combined TRACON& Tower with Radar,0,18,9,0,27,0,0,0,0,0,0,18,9,0,27,0,0,0,27
02/27/2007,MKG,MI,AGL,CE,Combined TRACON& Tower with Radar,2,18,17,0,37,0,0,5,0,5,2,18,22,0,42,56,0,56,98
02/28/2007,MKG,MI,AGL,CE,Combined TRACON& Tower with Radar,0,21,29,0,50,0,0,34,10,44,0,21,63,10,94,82,42,124,218
03/01/2007,MKG,MI,AGL,CE,Combined TRACON& Tower with Radar,0,14,6,0,20,0,0,0,0,0,0,14,6,0,20,0,0,0,20
03/02/2007,MKG,MI,AGL,CE,Combined TRACON& Tower with Radar,0,10,8,0,18,0,0,0,1,1,0,10,8,1,19,0,0,0,19
03/03/2007,MKG,MI,AGL,CE,Combined TRACON& Tower with Radar,0,12,8,0,20,0,0,4,0,4,0,12,12,0,24,20,0,20,44
03/04/2007,MKG,MI,AGL,CE,Combined TRACON& Tower with Radar,0,11,40,0,51,0,0,21,0,21,0,11,61,0,72,24,0,24,96
03/05/2007,MKG,MI,AGL,CE,Combined TRACON& Tower with Radar,0,12,26,0,38,0,0,10,0,10,0,12,36,0,48,8,0,8,56
03/06/2007,MKG,MI,AGL,CE,Combined TRACON& Tower with Radar,0,14,28,0,42,0,4,8,2,14,0,18,36,2,56,56,0,56,112
03/07/2007,MKG,MI,AGL,CE,Combined TRACON& Tower with Radar,0,18,17,0,35,0,0,42,0,42,0,18,59,0,77,82,0,82,159
03/08/2007,MKG,MI,AGL,CE,Combined TRACON& Tower with Radar,0,14,40,0,54,0,0,66,0,66,0,14,106,0,120,148,0,148,268
03/09/2007,MKG,MI,AGL,CE,Combined TRACON& Tower with Radar,0,13,36,7,56,0,0,54,0,54,0,13,90,7,110,82,20,102,212
03/10/2007,MKG,MI,AGL,CE,Combined TRACON& Tower with Radar,0,14,29,0,43,0,0,54,0,54,0,14,83,0,97,86,0,86,183
03/11/2007,MKG,MI,AGL,CE,Combined TRACON& Tower with Radar,0,11,26,0,37,0,0,57,0,57,0,11,83,0,94,82,0,82,176
03/12/2007,MKG,MI,AGL,CE,Combined TRACON& Tower with Radar,0,12,10,0,22,0,0,26,0,26,0,12,36,0,48,50,0,50,98
03/13/2007,MKG,MI,AGL,CE,Combined TRACON& Tower with Radar,0,15,40,0,55,0,0,38,0,38,0,15,78,0,93,18,0,18,111
03/14/2007,MKG,MI,AGL,CE,Combined TRACON& Tower with Radar,0,20,14,0,34,0,0,32,0,32,0,20,46,0,66,112,0,112,178
03/15/2007,MKG,MI,AGL,CE,Combined TRACON& Tower with Radar,0,15,38,2,55,0,3,20,3,26,0,18,58,5,81,50,10,60,141
03/16/2007,MKG,MI,AGL,CE,Combined TRACON& Tower with Radar,0,18,31,0,49,0,0,54,0,54,0,18,85,0,103,84,0,84,187
03/17/2007,MKG,MI,AGL,CE,Combined TRACON& Tower with Radar,0,10,37,0,47,0,0,29,0,29,0,10,66,0,76,70,0,70,146
03/18/2007,MKG,MI,AGL,CE,Combined TRACON& Tower with Radar,0,10,25,0,35,0,0,36,0,36,0,10,61,0,71,106,0,106,177
03/19/2007,MKG,MI,AGL,CE,Combined TRACON& Tower with Radar,0,17,10,10,37,0,0,19,0,19,0,17,29,10,56,30,32,62,118
03/20/2007,MKG,MI,AGL,CE,Combined TRACON& Tower with Radar,0,19,44,11,74,0,0,58,3,61,0,19,102,14,135,154,20,174,309
03/21/2007,MKG,MI,AGL,CE,Combined TRACON& Tower with Radar,0,15,10,0,25,0,0,0,0,0,0,15,10,0,25,0,0,0,25
03/22/2007,MKG,MI,AGL,CE,Combined TRACON& Tower with Radar,0,14,22,5,41,0,0,34,1,35,0,14,56,6,76,20,0,20,96
03/23/2007,MKG,MI,AGL,CE,Combined TRACON& Tower with Radar,0,14,50,0,64,0,0,64,0,64,0,14,114,0,128,134,0,134,262
03/24/2007,MKG,MI,AGL,CE,Combined TRACON& Tower with Radar,0,12,39,0,51,0,0,2,0,2,0,12,41,0,53,16,0,16,69
03/25/2007,MKG,MI,AGL,CE,Combined TRACON& Tower with Radar,0,11,26,0,37,0,0,30,0,30,0,11,56,0,67,60,0,60,127
03/26/2007,MKG,MI,AGL,CE,Combined TRACON& Tower with Radar,0,10,45,0,55,0,0,27,0,27,0,10,72,0,82,96,0,96,178
03/27/2007,MKG,MI,AGL,CE,Combined TRACON& Tower with Radar,0,19,34,2,55,0,0,11,0,11,0,19,45,2,66,80,0,80,146
03/28/2007,MKG,MI,AGL,CE,Combined TRACON& Tower with Radar,0,15,37,0,52,0,1,52,0,53,0,16,89,0,105,50,0,50,155
03/29/2007,MKG,MI,AGL,CE,Combined TRACON& Tower with Radar,0,17,44,0,61,0,0,57,1,58,0,17,101,1,119,46,0,46,165
03/30/2007,MKG,MI,AGL,CE,Combined TRACON& Tower with Radar,0,12,47,0,59,0,0,71,0,71,0,12,118,0,130,120,0,120,250
03/31/2007,MKG,MI,AGL,CE,Combined TRACON& Tower with Radar,0,12,28,0,40,0,0,28,0,28,0,12,56,0,68,6,0,6,74
04/01/2007,MKG,MI,AGL,CE,Combined TRACON& Tower with Radar,0,11,16,0,27,0,1,12,0,13,0,12,28,0,40,12,0,12,52
04/02/2007,MKG,MI,AGL,CE,Combined TRACON& Tower with Radar,0,14,31,0,45,0,0,59,0,59,0,14,90,0,104,140,0,140,244
04/03/2007,MKG,MI,AGL,CE,Combined TRACON& Tower with Radar,0,9,11,7,27,0,0,5,4,9,0,9,16,11,36,12,10,22,58
04/04/2007,MKG,MI,AGL,CE,Combined TRACON& Tower with Radar,0,15,5,0,20,0,0,0,0,0,0,15,5,0,20,0,0,0,20
04/05/2007,MKG,MI,AGL,CE,Combined TRACON& Tower with Radar,0,15,11,0,26,0,0,0,0,0,0,15,11,0,26,0,0,0,26
04/06/2007,MKG,MI,AGL,CE,Combined TRACON& Tower with Radar,0,12,23,0,35,0,1,1,0,2,0,13,24,0,37,16,0,16,53
04/07/2007,MKG,MI,AGL,CE,Combined TRACON& Tower with Radar,0,15,10,0,25,0,0,0,0,0,0,15,10,0,25,0,0,0,25
04/08/2007,MKG,MI,AGL,CE,Combined TRACON& Tower with Radar,0,10,23,0,33,0,0,5,0,5,0,10,28,0,38,22,0,22,60
04/09/2007,MKG,MI,AGL,CE,Combined TRACON& Tower with Radar,0,16,32,0,48,0,0,27,0,27,0,16,59,0,75,92,0,92,167
04/10/2007,MKG,MI,AGL,CE,Combined TRACON& Tower with Radar,0,14,30,6,50,0,0,81,11,92,0,14,111,17,142,136,16,152,294
04/11/2007,MKG,MI,AGL,CE,Combined TRACON& Tower with Radar,0,8,13,0,21,0,0,2,0,2,0,8,15,0,23,0,0,0,23
04/12/2007,MKG,MI,AGL,CE,Combined TRACON& Tower with Radar,0,15,17,0,32,0,0,3,0,3,0,15,20,0,35,12,0,12,47
04/13/2007,MKG,MI,AGL,CE,Combined TRACON& Tower with Radar,0,15,44,0,59,0,0,75,0,75,0,15,119,0,134,186,0,186,320
04/14/2007,MKG,MI,AGL,CE,Combined TRACON& Tower with Radar,0,16,28,0,44,0,0,0,1,1,0,16,28,1,45,126,0,126,171
04/15/2007,MKG,MI,AGL,CE,Combined TRACON& Tower with Radar,0,10,24,0,34,0,0,45,0,45,0,10,69,0,79,50,0,50,129
04/16/2007,MKG,MI,AGL,CE,Combined TRACON& Tower with Radar,0,15,40,0,55,0,0,60,0,60,0,15,100,0,115,126,0,126,241
04/17/2007,MKG,MI,AGL,CE,Combined TRACON& Tower with Radar,0,14,41,0,55,0,1,92,0,93,0,15,133,0,148,142,0,142,290
04/18/2007,MKG,MI,AGL,CE,Combined TRACON& Tower with Radar,0,16,22,0,38,0,0,16,1,17,0,16,38,1,55,108,0,108,163
04/19/2007,MKG,MI,AGL,CE,Combined TRACON& Tower with Radar,0,13,39,0,52,0,1,85,1,87,0,14,124,1,139,138,0,138,277
04/20/2007,MKG,MI,AGL,CE,Combined TRACON& Tower with Radar,0,17,64,0,81,0,0,62,0,62,0,17,126,0,143,114,0,114,257
04/21/2007,MKG,MI,AGL,CE,Combined TRACON& Tower with Radar,0,13,55,0,68,0,0,129,0,129,0,13,184,0,197,78,0,78,275
04/22/2007,MKG,MI,AGL,CE,Combined TRACON& Tower with Radar,0,12,14,0,26,0,0,33,0,33,0,12,47,0,59,30,0,30,89
04/23/2007,MKG,MI,AGL,CE,Combined TRACON& Tower with Radar,0,12,20,0,32,0,0,8,0,8,0,12,28,0,40,0,0,0,40
04/24/2007,MKG,MI,AGL,CE,Combined TRACON& Tower with Radar,0,17,37,0,54,0,0,54,0,54,0,17,91,0,108,164,0,164,272
04/25/2007,MKG,MI,AGL,CE,Combined TRACON& Tower with Radar,0,16,22,0,38,0,0,10,0,10,0,16,32,0,48,60,0,60,108
04/26/2007,MKG,MI,AGL,CE,Combined TRACON& Tower with Radar,0,10,40,0,50,0,0,0,0,0,0,10,40,0,50,12,0,12,62
04/27/2007,MKG,MI,AGL,CE,Combined TRACON& Tower with Radar,0,20,22,0,42,0,0,2,0,2,0,20,24,0,44,18,0,18,62
04/28/2007,MKG,MI,AGL,CE,Combined TRACON& Tower with Radar,0,15,33,0,48,0,0,90,0,90,0,15,123,0,138,78,0,78,216
04/29/2007,MKG,MI,AGL,CE,Combined TRACON& Tower with Radar,0,14,25,0,39,0,0,58,0,58,0,14,83,0,97,46,0,46,143
04/30/2007,MKG,MI,AGL,CE,Combined TRACON& Tower with Radar,0,12,27,0,39,0,3,40,0,43,0,15,67,0,82,54,0,54,136
05/01/2007,MKG,MI,AGL,CE,Combined TRACON& Tower with Radar,0,12,32,0,44,0,0,22,5,27,0,12,54,5,71,42,2,44,115
05/02/2007,MKG,MI,AGL,CE,Combined TRACON& Tower with Radar,0,9,62,6,77,0,0,20,4,24,0,9,82,10,101,126,10,136,237
05/03/2007,MKG,MI,AGL,CE,Combined TRACON& Tower with Radar,0,22,37,0,59,5,0,57,1,63,5,22,94,1,122,42,0,42,164
05/04/2007,MKG,MI,AGL,CE,Combined TRACON& Tower with Radar,0,18,48,0,66,0,0,46,0,46,0,18,94,0,112,50,0,50,162
05/05/2007,MKG,MI,AGL,CE,Combined TRACON& Tower with Radar,0,11,25,4,40,0,1,38,0,39,0,12,63,4,79,64,12,76,155
05/06/2007,MKG,MI,AGL,CE,Combined TRACON& Tower with Radar,0,11,13,0,24,0,0,11,0,11,0,11,24,0,35,20,0,20,55
05/07/2007,MKG,MI,AGL,CE,Combined TRACON& Tower with Radar,0,14,39,0,53,0,0,49,0,49,0,14,88,0,102,116,0,116,218
05/08/2007,MKG,MI,AGL,CE,Combined TRACON& Tower with Radar,0,12,40,0,52,0,0,42,0,42,0,12,82,0,94,172,0,172,266
05/09/2007,MKG,MI,AGL,CE,Combined TRACON& Tower with Radar,0,16,23,0,39,0,1,28,0,29,0,17,51,0,68,80,0,80,148
05/10/2007,MKG,MI,AGL,CE,Combined TRACON& Tower with Radar,0,27,46,6,79,0,0,90,0,90,0,27,136,6,169,130,0,130,299
05/11/2007,MKG,MI,AGL,CE,Combined TRACON& Tower with Radar,0,20,44,1,65,0,0,88,0,88,0,20,132,1,153,104,0,104,257
05/12/2007,MKG,MI,AGL,CE,Combined TRACON& Tower with Radar,0,15,20,0,35,0,1,48,0,49,0,16,68,0,84,80,0,80,164
05/13/2007,MKG,MI,AGL,CE,Combined TRACON& Tower with Radar,0,11,24,0,35,0,1,28,0,29,0,12,52,0,64,60,0,60,124
05/14/2007,MKG,MI,AGL,CE,Combined TRACON& Tower with Radar,0,12,28,0,40,0,0,9,0,9,0,12,37,0,49,10,0,10,59
05/15/2007,MKG,MI,AGL,CE,Combined TRACON& Tower with Radar,0,16,42,0,58,0,0,25,0,25,0,16,67,0,83,94,0,94,177
05/16/2007,MKG,MI,AGL,CE,Combined TRACON& Tower with Radar,0,16,36,0,52,0,0,18,0,18,0,16,54,0,70,64,0,64,134
05/17/2007,MKG,MI,AGL,CE,Combined TRACON& Tower with Radar,0,12,37,0,49,0,0,55,0,55,0,12,92,0,104,50,0,50,154
05/18/2007,MKG,MI,AGL,CE,Combined TRACON& Tower with Radar,0,16,51,0,67,0,4,129,2,135,0,20,180,2,202,114,0,114,316
05/19/2007,MKG,MI,AGL,CE,Combined TRACON& Tower with Radar,0,8,11,0,19,0,0,59,0,59,0,8,70,0,78,132,0,132,210
05/20/2007,MKG,MI,AGL,CE,Combined TRACON& Tower with Radar,0,10,63,0,73,0,0,15,0,15,0,10,78,0,88,88,0,88,176
05/21/2007,MKG,MI,AGL,CE,Combined TRACON& Tower with Radar,0,16,31,0,47,0,0,50,0,50,0,16,81,0,97,110,0,110,207
05/22/2007,MKG,MI,AGL,CE,Combined TRACON& Tower with Radar,0,18,54,2,74,0,0,48,2,50,0,18,102,4,124,104,16,120,244
05/23/2007,MKG,MI,AGL,CE,Combined TRACON& Tower with Radar,0,14,34,0,48,0,0,56,1,57,0,14,90,1,105,40,0,40,145
05/24/2007,MKG,MI,AGL,CE,Combined TRACON& Tower with Radar,0,12,38,7,57,0,0,33,0,33,0,12,71,7,90,16,22,38,128
05/25/2007,MKG,MI,AGL,CE,Combined TRACON& Tower with Radar,0,12,47,1,60,0,0,53,2,55,0,12,100,3,115,106,0,106,221
05/26/2007,MKG,MI,AGL,CE,Combined TRACON& Tower with Radar,0,12,34,0,46,0,0,0,2,2,0,12,34,2,48,4,0,4,52
05/27/2007,MKG,MI,AGL,CE,Combined TRACON& Tower with Radar,0,8,13,2,23,0,0,28,3,31,0,8,41,5,54,50,0,50,104
05/28/2007,MKG,MI,AGL,CE,Combined TRACON& Tower with Radar,0,9,27,0,36,0,0,110,0,110,0,9,137,0,146,94,0,94,240
05/29/2007,MKG,MI,AGL,CE,Combined TRACON& Tower with Radar,0,21,34,7,62,0,0,54,1,55,0,21,88,8,117,98,12,110,227
05/30/2007,MKG,MI,AGL,CE,Combined TRACON& Tower with Radar,0,23,47,10,80,0,1,59,0,60,0,24,106,10,140,112,0,112,252
05/31/2007,MKG,MI,AGL,CE,Combined TRACON& Tower with Radar,0,17,68,8,93,0,0,92,1,93,0,17,160,9,186,146,30,176,362
06/01/2007,MKG,MI,AGL,CE,Combined TRACON& Tower with Radar,0,16,57,1,74,0,0,35,3,38,0,16,92,4,112,180,28,208,320
06/02/2007,MKG,MI,AGL,CE,Combined TRACON& Tower with Radar,0,12,33,0,45,0,0,182,5,187,0,12,215,5,232,156,0,156,388
06/03/2007,MKG,MI,AGL,CE,Combined TRACON& Tower with Radar,0,6,30,2,38,0,0,0,0,0,0,6,30,2,38,12,0,12,50
06/04/2007,MKG,MI,AGL,CE,Combined TRACON& Tower with Radar,0,13,13,0,26,0,0,0,2,2,0,13,13,2,28,0,0,0,28
06/05/2007,MKG,MI,AGL,CE,Combined TRACON& Tower with Radar,0,15,38,1,54,0,0,54,3,57,0,15,92,4,111,34,0,34,145
06/06/2007,MKG,MI,AGL,CE,Combined TRACON& Tower with Radar,0,15,57,9,81,0,1,71,0,72,0,16,128,9,153,92,0,92,245
06/07/2007,MKG,MI,AGL,CE,Combined TRACON& Tower with Radar,0,10,18,3,31,0,0,6,7,13,0,10,24,10,44,4,0,4,48
06/08/2007,MKG,MI,AGL,CE,Combined TRACON& Tower with Radar,0,17,25,0,42,0,0,16,3,19,0,17,41,3,61,14,0,14,75
06/09/2007,MKG,MI,AGL,CE,Combined TRACON& Tower with Radar,0,11,48,1,60,0,0,88,0,88,0,11,136,1,148,100,0,100,248
06/10/2007,MKG,MI,AGL,CE,Combined TRACON& Tower with Radar,0,10,27,0,37,0,0,57,4,61,0,10,84,4,98,34,0,34,132
06/11/2007,MKG,MI,AGL,CE,Combined TRACON& Tower with Radar,0,15,39,0,54,0,0,96,0,96,0,15,135,0,150,146,0,146,296
06/12/2007,MKG,MI,AGL,CE,Combined TRACON& Tower with Radar,0,13,28,8,49,0,0,77,9,86,0,13,105,17,135,122,2,124,259
06/13/2007,MKG,MI,AGL,CE,Combined TRACON& Tower with Radar,0,16,35,0,51,0,0,75,4,79,0,16,110,4,130,58,0,58,188
06/14/2007,MKG,MI,AGL,CE,Combined TRACON& Tower with Radar,0,23,46,5,74,0,1,40,1,42,0,24,86,6,116,70,32,102,218
06/15/2007,MKG,MI,AGL,CE,Combined TRACON& Tower with Radar,0,16,19,0,35,0,0,63,1,64,0,16,82,1,99,38,0,38,137
06/16/2007,MKG,MI,AGL,CE,Combined TRACON& Tower with Radar,0,11,33,0,44,0,0,67,2,69,0,11,100,2,113,88,8,96,209
06/17/2007,MKG,MI,AGL,CE,Combined TRACON& Tower with Radar,0,12,14,0,26,0,0,52,2,54,0,12,66,2,80,30,0,30,110
06/18/2007,MKG,MI,AGL,CE,Combined TRACON& Tower with Radar,0,14,33,0,47,0,0,40,3,43,0,14,73,3,90,36,0,36,126
06/19/2007,MKG,MI,AGL,CE,Combined TRACON& Tower with Radar,0,16,36,0,52,0,0,28,2,30,0,16,64,2,82,44,0,44,126
06/20/2007,MKG,MI,AGL,CE,Combined TRACON& Tower with Radar,0,18,40,0,58,0,0,50,0,50,0,18,90,0,108,60,0,60,168
06/21/2007,MKG,MI,AGL,CE,Combined TRACON& Tower with Radar,0,21,46,1,68,0,0,78,2,80,0,21,124,3,148,86,0,86,234
06/22/2007,MKG,MI,AGL,CE,Combined TRACON& Tower with Radar,0,17,50,1,68,0,0,75,0,75,0,17,125,1,143,128,0,128,271
06/23/2007,MKG,MI,AGL,CE,Combined TRACON& Tower with Radar,0,18,23,0,41,0,0,49,0,49,0,18,72,0,90,68,0,68,158
06/24/2007,MKG,MI,AGL,CE,Combined TRACON& Tower with Radar,0,16,44,0,60,0,2,27,1,30,0,18,71,1,90,54,0,54,144
06/25/2007,MKG,MI,AGL,CE,Combined TRACON& Tower with Radar,0,14,54,0,68,0,0,41,4,45,0,14,95,4,113,102,0,102,215
06/26/2007,MKG,MI,AGL,CE,Combined TRACON& Tower with Radar,0,15,36,0,51,0,0,28,6,34,0,15,64,6,85,32,24,56,141
06/27/2007,MKG,MI,AGL,CE,Combined TRACON& Tower with Radar,0,16,24,5,45,0,0,0,3,3,0,16,24,8,48,10,6,16,64
06/28/2007,MKG,MI,AGL,CE,Combined TRACON& Tower with Radar,0,15,40,0,55,0,0,73,5,78,0,15,113,5,133,96,0,96,229
06/29/2007,MKG,MI,AGL,CE,Combined TRACON& Tower with Radar,0,14,39,0,53,0,1,42,5,48,0,15,81,5,101,100,12,112,213
06/30/2007,MKG,MI,AGL,CE,Combined TRACON& Tower with Radar,0,26,23,0,49,0,0,57,0,57,0,26,80,0,106,60,2,62,168
07/01/2007,MKG,MI,AGL,CE,Combined TRACON& Tower with Radar,0,9,27,0,36,0,0,40,1,41,0,9,67,1,77,34,0,34,111
07/02/2007,MKG,MI,AGL,CE,Combined TRACON& Tower with Radar,0,17,29,10,56,0,0,69,6,75,0,17,98,16,131,132,20,152,283
07/03/2007,MKG,MI,AGL,CE,Combined TRACON& Tower with Radar,0,19,20,1,40,0,0,43,0,43,0,19,63,1,83,20,0,20,103
07/04/2007,MKG,MI,AGL,CE,Combined TRACON& Tower with Radar,0,11,2,3,16,0,1,4,3,8,0,12,6,6,24,4,0,4,28
07/05/2007,MKG,MI,AGL,CE,Combined TRACON& Tower with Radar,0,18,43,5,66,0,0,49,1,50,0,18,92,6,116,94,0,94,210
07/06/2007,MKG,MI,AGL,CE,Combined TRACON& Tower with Radar,0,18,41,5,64,0,0,93,0,93,0,18,134,5,157,102,0,102,259
07/07/2007,MKG,MI,AGL,CE,Combined TRACON& Tower with Radar,0,14,24,0,38,0,0,41,5,46,0,14,65,5,84,14,0,14,98
07/08/2007,MKG,MI,AGL,CE,Combined TRACON& Tower with Radar,0,12,9,5,26,0,0,17,0,17,0,12,26,5,43,16,8,24,67
07/09/2007,MKG,MI,AGL,CE,Combined TRACON& Tower with Radar,0,15,39,1,55,0,0,21,0,21,0,15,60,1,76,34,0,34,110
07/10/2007,MKG,MI,AGL,CE,Combined TRACON& Tower with Radar,0,15,33,1,49,0,0,35,1,36,0,15,68,2,85,14,2,16,101
07/11/2007,MKG,MI,AGL,CE,Combined TRACON& Tower with Radar,0,11,39,3,53,0,0,57,0,57,0,11,96,3,110,82,6,88,198
07/12/2007,MKG,MI,AGL,CE,Combined TRACON& Tower with Radar,0,14,48,2,64,0,0,38,0,38,0,14,86,2,102,56,0,56,158
07/13/2007,MKG,MI,AGL,CE,Combined TRACON& Tower with Radar,0,18,43,0,61,0,0,69,2,71,0,18,112,2,132,112,0,112,244
07/14/2007,MKG,MI,AGL,CE,Combined TRACON& Tower with Radar,0,14,29,1,44,0,0,0,1,1,0,14,29,2,45,14,0,14,59
07/15/2007,MKG,MI,AGL,CE,Combined TRACON& Tower with Radar,0,13,24,2,39,0,0,44,0,44,0,13,68,2,83,82,2,84,167
07/16/2007,MKG,MI,AGL,CE,Combined TRACON& Tower with Radar,0,14,45,2,61,0,0,57,2,59,0,14,102,4,120,74,0,74,194
07/17/2007,MKG,MI,AGL,CE,Combined TRACON& Tower with Radar,0,22,74,6,102,0,0,19,3,22,0,22,93,9,124,72,0,72,196
07/18/2007,MKG,MI,AGL,CE,Combined TRACON& Tower with Radar,0,16,38,9,63,0,0,42,5,47,0,16,80,14,110,56,16,72,182
07/19/2007,MKG,MI,AGL,CE,Combined TRACON& Tower with Radar,0,14,24,0,38,0,0,33,4,37,0,14,57,4,75,6,0,6,81
07/20/2007,MKG,MI,AGL,CE,Combined TRACON& Tower with Radar,0,16,26,0,42,0,0,118,0,118,0,16,144,0,160,70,0,70,230
07/21/2007,MKG,MI,AGL,CE,Combined TRACON& Tower with Radar,0,18,40,3,61,0,2,78,1,81,0,20,118,4,142,84,0,84,226
07/22/2007,MKG,MI,AGL,CE,Combined TRACON& Tower with Radar,0,11,38,0,49,0,0,64,2,66,0,11,102,2,115,40,0,40,155
07/23/2007,MKG,MI,AGL,CE,Combined TRACON& Tower with Radar,0,18,59,0,77,0,0,55,4,59,0,18,114,4,136,76,2,78,214
07/24/2007,MKG,MI,AGL,CE,Combined TRACON& Tower with Radar,0,18,38,1,57,0,0,75,1,76,0,18,113,2,133,76,2,78,211
07/25/2007,MKG,MI,AGL,CE,Combined TRACON& Tower with Radar,0,17,60,8,85,0,0,27,1,28,0,17,87,9,113,28,8,36,149
07/26/2007,MKG,MI,AGL,CE,Combined TRACON& Tower with Radar,0,14,48,1,63,0,0,0,5,5,0,14,48,6,68,14,0,14,82
07/27/2007,MKG,MI,AGL,CE,Combined TRACON& Tower with Radar,0,16,55,6,77,0,0,45,0,45,0,16,100,6,122,20,4,24,146
07/28/2007,MKG,MI,AGL,CE,Combined TRACON& Tower with Radar,0,12,19,0,31,0,0,55,1,56,0,12,74,1,87,42,0,42,129
07/29/2007,MKG,MI,AGL,CE,Combined TRACON& Tower with Radar,0,9,40,0,49,0,1,34,4,39,0,10,74,4,88,48,0,48,136
07/30/2007,MKG,MI,AGL,CE,Combined TRACON& Tower with Radar,0,12,38,2,52,0,0,52,3,55,0,12,90,5,107,40,2,42,149
07/31/2007,MKG,MI,AGL,CE,Combined TRACON& Tower with Radar,0,16,41,2,59,0,0,62,2,64,0,16,103,4,123,70,0,70,193
08/01/2007,MKG,MI,AGL,CE,Combined TRACON& Tower with Radar,0,16,37,6,59,0,0,51,4,55,0,16,88,10,114,52,32,84,198
08/02/2007,MKG,MI,AGL,CE,Combined TRACON& Tower with Radar,0,22,68,14,104,0,0,43,0,43,0,22,111,14,147,80,20,100,247
08/03/2007,MKG,MI,AGL,CE,Combined TRACON& Tower with Radar,0,19,29,0,48,0,0,31,1,32,0,19,60,1,80,98,0,98,178
08/04/2007,MKG,MI,AGL,CE,Combined TRACON& Tower with Radar,0,19,43,0,62,0,0,32,5,37,0,19,75,5,99,44,0,44,143
08/05/2007,MKG,MI,AGL,CE,Combined TRACON& Tower with Radar,0,8,33,0,41,0,0,0,1,1,0,8,33,1,42,4,0,4,46
08/06/2007,MKG,MI,AGL,CE,Combined TRACON& Tower with Radar,0,15,58,2,75,0,0,12,6,18,0,15,70,8,93,50,16,66,159
08/07/2007,MKG,MI,AGL,CE,Combined TRACON& Tower with Radar,0,13,45,2,60,0,2,11,1,14,0,15,56,3,74,30,0,30,104
08/08/2007,MKG,MI,AGL,CE,Combined TRACON& Tower with Radar,0,14,53,1,68,0,0,37,4,41,0,14,90,5,109,92,0,92,201
08/09/2007,MKG,MI,AGL,CE,Combined TRACON& Tower with Radar,0,0,0,0,0,0,14,41,2,57,0,14,41,2,57,24,2,26,83
08/10/2007,MKG,MI,AGL,CE,Combined TRACON& Tower with Radar,0,6,49,6,61,0,0,37,0,37,0,6,86,6,98,48,0,48,146
08/11/2007,MKG,MI,AGL,CE,Combined TRACON& Tower with Radar,0,17,21,0,38,0,0,71,1,72,0,17,92,1,110,44,0,44,154
08/12/2007,MKG,MI,AGL,CE,Combined TRACON& Tower with Radar,0,10,19,0,29,0,0,24,0,24,0,10,43,0,53,22,0,22,75
08/13/2007,MKG,MI,AGL,CE,Combined TRACON& Tower with Radar,0,14,53,4,71,0,0,51,0,51,0,14,104,4,122,56,14,70,192
08/14/2007,MKG,MI,AGL,CE,Combined TRACON& Tower with Radar,0,16,48,0,64,0,0,0,2,2,0,16,48,2,66,6,0,6,72
08/15/2007,MKG,MI,AGL,CE,Combined TRACON& Tower with Radar,0,14,40,4,58,0,0,0,0,0,0,14,40,4,58,4,0,4,62
08/16/2007,MKG,MI,AGL,CE,Combined TRACON& Tower with Radar,0,15,47,2,64,0,0,26,6,32,0,15,73,8,96,84,6,90,186
08/17/2007,MKG,MI,AGL,CE,Combined TRACON& Tower with Radar,0,24,29,1,54,0,0,41,1,42,0,24,70,2,96,4,4,8,104
08/18/2007,MKG,MI,AGL,CE,Combined TRACON& Tower with Radar,0,14,25,0,39,0,0,60,4,64,0,14,85,4,103,40,0,40,143
08/19/2007,MKG,MI,AGL,CE,Combined TRACON& Tower with Radar,0,10,32,0,42,0,0,0,0,0,0,10,32,0,42,6,0,6,48
08/20/2007,MKG,MI,AGL,CE,Combined TRACON& Tower with Radar,0,17,43,0,60,0,0,0,0,0,0,17,43,0,60,12,0,12,72
08/21/2007,MKG,MI,AGL,CE,Combined TRACON& Tower with Radar,0,14,51,15,80,0,0,1,0,1,0,14,52,15,81,12,28,40,121
08/22/2007,MKG,MI,AGL,CE,Combined TRACON& Tower with Radar,0,14,28,8,50,0,0,32,2,34,0,14,60,10,84,44,8,52,136
08/23/2007,MKG,MI,AGL,CE,Combined TRACON& Tower with Radar,0,16,31,1,48,0,0,15,3,18,0,16,46,4,66,24,0,24,90
08/24/2007,MKG,MI,AGL,CE,Combined TRACON& Tower with Radar,0,15,19,0,34,0,0,7,4,11,0,15,26,4,45,18,2,20,65
08/25/2007,MKG,MI,AGL,CE,Combined TRACON& Tower with Radar,0,14,29,0,43,0,0,21,2,23,0,14,50,2,66,36,0,36,102
08/26/2007,MKG,MI,AGL,CE,Combined TRACON& Tower with Radar,0,16,35,0,51,0,0,67,10,77,0,16,102,10,128,78,12,90,218
08/27/2007,MKG,MI,AGL,CE,Combined TRACON& Tower with Radar,0,14,22,0,36,1,0,54,4,59,1,14,76,4,95,88,38,126,221
08/28/2007,MKG,MI,AGL,CE,Combined TRACON& Tower with Radar,0,15,40,0,55,0,0,33,2,35,0,15,73,2,90,40,8,48,138
08/29/2007,MKG,MI,AGL,CE,Combined TRACON& Tower with Radar,0,16,37,3,56,0,0,26,1,27,0,16,63,4,83,86,2,88,171
08/30/2007,MKG,MI,AGL,CE,Combined TRACON& Tower with Radar,0,18,39,4,61,0,1,84,3,88,0,19,123,7,149,144,0,144,293
08/31/2007,MKG,MI,AGL,CE,Combined TRACON& Tower with Radar,0,21,28,0,49,0,0,56,6,62,0,21,84,6,111,62,12,74,185
09/01/2007,MKG,MI,AGL,CE,Combined TRACON& Tower with Radar,0,10,21,0,31,0,4,53,2,59,0,14,74,2,90,32,0,32,122
09/02/2007,MKG,MI,AGL,CE,Combined TRACON& Tower with Radar,0,10,16,0,26,0,0,25,0,25,0,10,41,0,51,36,0,36,87
09/03/2007,MKG,MI,AGL,CE,Combined TRACON& Tower with Radar,0,14,26,0,40,0,2,24,2,28,0,16,50,2,68,20,0,20,88
09/04/2007,MKG,MI,AGL,CE,Combined TRACON& Tower with Radar,0,16,29,0,45,0,0,40,0,40,0,16,69,0,85,54,0,54,139
09/05/2007,MKG,MI,AGL,CE,Combined TRACON& Tower with Radar,0,17,36,0,53,0,0,36,0,36,0,17,72,0,89,94,0,94,183
09/06/2007,MKG,MI,AGL,CE,Combined TRACON& Tower with Radar,0,20,37,0,57,0,0,14,0,14,0,20,51,0,71,26,0,26,97
09/07/2007,MKG,MI,AGL,CE,Combined TRACON& Tower with Radar,0,14,18,0,32,0,0,4,2,6,0,14,22,2,38,0,0,0,38
09/08/2007,MKG,MI,AGL,CE,Combined TRACON& Tower with Radar,0,12,40,0,52,0,0,45,3,48,0,12,85,3,100,80,0,80,180
09/09/2007,MKG,MI,AGL,CE,Combined TRACON& Tower with Radar,0,12,19,0,31,0,0,23,2,25,0,12,42,2,56,32,0,32,88
09/10/2007,MKG,MI,AGL,CE,Combined TRACON& Tower with Radar,0,12,16,0,28,0,0,14,0,14,0,12,30,0,42,18,0,18,60
09/11/2007,MKG,MI,AGL,CE,Combined TRACON& Tower with Radar,0,15,23,0,38,0,0,9,0,9,0,15,32,0,47,34,0,34,81
09/12/2007,MKG,MI,AGL,CE,Combined TRACON& Tower with Radar,0,14,34,0,48,0,0,45,0,45,0,14,79,0,93,68,0,68,161
09/13/2007,MKG,MI,AGL,CE,Combined TRACON& Tower with Radar,0,11,16,0,27,0,0,28,0,28,0,11,44,0,55,22,0,22,77
09/14/2007,MKG,MI,AGL,CE,Combined TRACON& Tower with Radar,0,18,17,0,35,0,0,9,0,9,0,18,26,0,44,26,0,26,70
09/15/2007,MKG,MI,AGL,CE,Combined TRACON& Tower with Radar,0,12,11,0,23,0,0,49,0,49,0,12,60,0,72,70,0,70,142
09/16/2007,MKG,MI,AGL,CE,Combined TRACON& Tower with Radar,0,10,30,0,40,0,0,38,1,39,0,10,68,1,79,32,0,32,111
09/17/2007,MKG,MI,AGL,CE,Combined TRACON& Tower with Radar,0,15,41,2,58,0,0,32,6,38,0,15,73,8,96,54,12,66,162
09/18/2007,MKG,MI,AGL,CE,Combined TRACON& Tower with Radar,0,14,27,0,41,0,0,9,0,9,0,14,36,0,50,16,0,16,66
09/19/2007,MKG,MI,AGL,CE,Combined TRACON& Tower with Radar,0,10,36,0,46,0,0,0,0,0,0,10,36,0,46,78,0,78,124
09/20/2007,MKG,MI,AGL,CE,Combined TRACON& Tower with Radar,0,21,37,0,58,0,0,20,0,20,0,21,57,0,78,48,0,48,126
09/21/2007,MKG,MI,AGL,CE,Combined TRACON& Tower with Radar,0,16,23,0,39,0,0,25,0,25,0,16,48,0,64,28,0,28,92
09/22/2007,MKG,MI,AGL,CE,Combined TRACON& Tower with Radar,0,14,23,0,37,0,0,23,1,24,0,14,46,1,61,62,0,62,123
09/23/2007,MKG,MI,AGL,CE,Combined TRACON& Tower with Radar,0,14,33,4,51,0,0,71,0,71,0,14,104,4,122,78,0,78,200
09/24/2007,MKG,MI,AGL,CE,Combined TRACON& Tower with Radar,0,8,20,0,28,0,0,21,0,21,0,8,41,0,49,24,0,24,73
09/25/2007,MKG,MI,AGL,CE,Combined TRACON& Tower with Radar,0,12,17,0,29,0,0,11,0,11,0,12,28,0,40,30,0,30,70
09/26/2007,MKG,MI,AGL,CE,Combined TRACON& Tower with Radar,0,12,40,1,53,0,0,20,3,23,0,12,60,4,76,70,2,72,148
09/27/2007,MKG,MI,AGL,CE,Combined TRACON& Tower with Radar,0,19,31,0,50,0,0,22,0,22,0,19,53,0,72,40,0,40,112
09/28/2007,MKG,MI,AGL,CE,Combined TRACON& Tower with Radar,0,22,38,0,60,0,0,73,0,73,0,22,111,0,133,84,0,84,217
09/29/2007,MKG,MI,AGL,CE,Combined TRACON& Tower with Radar,0,15,24,0,39,0,1,46,0,47,0,16,70,0,86,34,0,34,120
09/30/2007,MKG,MI,AGL,CE,Combined TRACON& Tower with Radar,0,11,17,0,28,0,0,25,0,25,0,11,42,0,53,50,0,50,103
10/01/2007,MKG,MI,AGL,CE,Combined TRACON& Tower with Radar,0,12,29,0,41,0,0,0,0,0,0,12,29,0,41,30,0,30,71
10/02/2007,MKG,MI,AGL,CE,Combined TRACON& Tower with Radar,0,14,54,0,68,0,0,16,0,16,0,14,70,0,84,58,0,58,142
10/03/2007,MKG,MI,AGL,CE,Combined TRACON& Tower with Radar,0,16,40,2,58,0,0,43,2,45,0,16,83,4,103,92,2,94,197
10/04/2007,MKG,MI,AGL,CE,Combined TRACON& Tower with Radar,0,14,22,0,36,0,0,78,2,80,0,14,100,2,116,130,0,130,246
10/05/2007,MKG,MI,AGL,CE,Combined TRACON& Tower with Radar,0,17,46,0,63,0,0,34,0,34,0,17,80,0,97,70,0,70,167
10/06/2007,MKG,MI,AGL,CE,Combined TRACON& Tower with Radar,0,12,27,0,39,0,0,47,0,47,0,12,74,0,86,80,0,80,166
10/07/2007,MKG,MI,AGL,CE,Combined TRACON& Tower with Radar,0,14,14,0,28,0,0,43,0,43,0,14,57,0,71,46,0,46,117
10/08/2007,MKG,MI,AGL,CE,Combined TRACON& Tower with Radar,0,17,34,0,51,0,0,29,0,29,0,17,63,0,80,78,2,80,160
10/09/2007,MKG,MI,AGL,CE,Combined TRACON& Tower with Radar,0,17,19,0,36,0,0,20,0,20,0,17,39,0,56,14,0,14,70
10/10/2007,MKG,MI,AGL,CE,Combined TRACON& Tower with Radar,0,16,9,0,25,0,4,0,0,4,0,20,9,0,29,0,0,0,29
10/11/2007,MKG,MI,AGL,CE,Combined TRACON& Tower with Radar,0,19,18,0,37,0,0,0,0,0,0,19,18,0,37,24,0,24,61
10/12/2007,MKG,MI,AGL,CE,Combined TRACON& Tower with Radar,0,14,33,0,47,0,0,39,0,39,0,14,72,0,86,54,0,54,140
10/13/2007,MKG,MI,AGL,CE,Combined TRACON& Tower with Radar,0,14,17,0,31,0,0,73,0,73,0,14,90,0,104,76,0,76,180
10/14/2007,MKG,MI,AGL,CE,Combined TRACON& Tower with Radar,0,12,18,0,30,0,0,0,0,0,0,12,18,0,30,14,0,14,44
10/15/2007,MKG,MI,AGL,CE,Combined TRACON& Tower with Radar,0,11,45,0,56,0,0,0,0,0,0,11,45,0,56,50,0,50,106
10/16/2007,MKG,MI,AGL,CE,Combined TRACON& Tower with Radar,0,21,42,0,63,0,0,0,0,0,0,21,42,0,63,2,0,2,65
10/17/2007,MKG,MI,AGL,CE,Combined TRACON& Tower with Radar,0,21,40,0,61,0,0,28,0,28,0,21,68,0,89,80,0,80,169
10/18/2007,MKG,MI,AGL,CE,Combined TRACON& Tower with Radar,0,16,11,0,27,0,0,0,0,0,0,16,11,0,27,0,0,0,27
10/19/2007,MKG,MI,AGL,CE,Combined TRACON& Tower with Radar,0,14,11,2,27,0,2,9,0,11,0,16,20,2,38,20,4,24,62
10/20/2007,MKG,MI,AGL,CE,Combined TRACON& Tower with Radar,0,16,29,0,45,0,0,39,0,39,0,16,68,0,84,16,0,16,100
10/21/2007,MKG,MI,AGL,CE,Combined TRACON& Tower with Radar,0,16,18,0,34,0,0,8,0,8,0,16,26,0,42,12,0,12,54
10/22/2007,MKG,MI,AGL,CE,Combined TRACON& Tower with Radar,0,14,17,0,31,0,0,27,2,29,0,14,44,2,60,32,0,32,92
10/23/2007,MKG,MI,AGL,CE,Combined TRACON& Tower with Radar,0,17,21,0,38,0,0,61,0,61,0,17,82,0,99,82,0,82,181
10/24/2007,MKG,MI,AGL,CE,Combined TRACON& Tower with Radar,0,16,41,0,57,0,2,45,0,47,0,18,86,0,104,18,0,18,122
10/25/2007,MKG,MI,AGL,CE,Combined TRACON& Tower with Radar,0,13,20,3,36,0,0,48,0,48,0,13,68,3,84,26,2,28,112
10/26/2007,MKG,MI,AGL,CE,Combined TRACON& Tower with Radar,0,14,52,0,66,0,0,4,2,6,0,14,56,2,72,50,0,50,122
10/27/2007,MKG,MI,AGL,CE,Combined TRACON& Tower with Radar,0,14,14,0,28,0,0,0,2,2,0,14,14,2,30,16,0,16,46
10/28/2007,MKG,MI,AGL,CE,Combined TRACON& Tower with Radar,0,17,44,0,61,0,0,98,0,98,0,17,142,0,159,86,0,86,245
10/29/2007,MKG,MI,AGL,CE,Combined TRACON& Tower with Radar,0,16,12,0,28,0,0,17,0,17,0,16,29,0,45,14,0,14,59
10/30/2007,MKG,MI,AGL,CE,Combined TRACON& Tower with Radar,0,18,31,0,49,0,0,27,0,27,0,18,58,0,76,13,0,13,89
10/31/2007,MKG,MI,AGL,CE,Combined TRACON& Tower with Radar,0,20,37,2,59,0,0,7,0,7,0,20,44,2,66,20,0,20,86
11/01/2007,MKG,MI,AGL,CE,Combined TRACON& Tower with Radar,0,16,47,0,63,0,0,45,1,46,0,16,92,1,109,104,0,104,213
11/02/2007,MKG,MI,AGL,CE,Combined TRACON& Tower with Radar,0,12,21,0,33,0,0,53,0,53,0,12,74,0,86,80,0,80,166
11/03/2007,MKG,MI,AGL,CE,Combined TRACON& Tower with Radar,0,12,31,0,43,0,0,45,0,45,0,12,76,0,88,52,0,52,140
11/04/2007,MKG,MI,AGL,CE,Combined TRACON& Tower with Radar,0,11,32,4,47,0,0,69,0,69,0,11,101,4,116,36,0,36,152
11/05/2007,MKG,MI,AGL,CE,Combined TRACON& Tower with Radar,0,14,25,0,39,0,0,3,0,3,0,14,28,0,42,0,0,0,42
11/06/2007,MKG,MI,AGL,CE,Combined TRACON& Tower with Radar,0,15,14,0,29,0,0,0,0,0,0,15,14,0,29,0,0,0,29
11/07/2007,MKG,MI,AGL,CE,Combined TRACON& Tower with Radar,0,12,32,0,44,0,0,36,1,37,0,12,68,1,81,22,0,22,103
11/08/2007,MKG,MI,AGL,CE,Combined TRACON& Tower with Radar,0,22,27,0,49,0,0,17,0,17,0,22,44,0,66,62,0,62,128
11/09/2007,MKG,MI,AGL,CE,Combined TRACON& Tower with Radar,0,14,28,0,42,0,0,24,0,24,0,14,52,0,66,56,0,56,122
11/10/2007,MKG,MI,AGL,CE,Combined TRACON& Tower with Radar,0,21,38,0,59,0,0,25,0,25,0,21,63,0,84,26,0,26,110
11/11/2007,MKG,MI,AGL,CE,Combined TRACON& Tower with Radar,0,15,26,0,41,0,0,0,0,0,0,15,26,0,41,8,0,8,49
11/12/2007,MKG,MI,AGL,CE,Combined TRACON& Tower with Radar,0,9,38,0,47,0,5,14,0,19,0,14,52,0,66,70,0,70,136
11/13/2007,MKG,MI,AGL,CE,Combined TRACON& Tower with Radar,0,14,51,0,65,0,0,39,0,39,0,14,90,0,104,94,0,94,198
11/14/2007,MKG,MI,AGL,CE,Combined TRACON& Tower with Radar,0,16,34,0,50,0,0,26,0,26,0,16,60,0,76,44,0,44,120
11/15/2007,MKG,MI,AGL,CE,Combined TRACON& Tower with Radar,0,23,10,0,33,0,0,6,0,6,0,23,16,0,39,2,0,2,41
11/16/2007,MKG,MI,AGL,CE,Combined TRACON& Tower with Radar,0,14,28,0,42,0,0,34,0,34,0,14,62,0,76,76,0,76,152
11/17/2007,MKG,MI,AGL,CE,Combined TRACON& Tower with Radar,0,12,22,0,34,0,0,25,0,25,0,12,47,0,59,80,0,80,139
11/18/2007,MKG,MI,AGL,CE,Combined TRACON& Tower with Radar,0,11,16,0,27,0,1,58,0,59,0,12,74,0,86,28,0,28,114
11/19/2007,MKG,MI,AGL,CE,Combined TRACON& Tower with Radar,0,11,10,0,21,0,1,4,0,5,0,12,14,0,26,24,0,24,50
11/20/2007,MKG,MI,AGL,CE,Combined TRACON& Tower with Radar,0,18,20,0,38,0,0,0,0,0,0,18,20,0,38,0,0,0,38
11/21/2007,MKG,MI,AGL,CE,Combined TRACON& Tower with Radar,0,14,4,0,18,0,0,8,0,8,0,14,12,0,26,0,0,0,26
11/22/2007,MKG,MI,AGL,CE,Combined TRACON& Tower with Radar,0,7,8,0,15,0,1,0,0,1,0,8,8,0,16,14,0,14,30
11/23/2007,MKG,MI,AGL,CE,Combined TRACON& Tower with Radar,0,12,9,0,21,0,0,7,0,7,0,12,16,0,28,36,0,36,64
11/24/2007,MKG,MI,AGL,CE,Combined TRACON& Tower with Radar,0,15,7,9,31,0,0,7,0,7,0,15,14,9,38,4,2,6,44
11/25/2007,MKG,MI,AGL,CE,Combined TRACON& Tower with Radar,0,11,22,0,33,0,0,7,0,7,0,11,29,0,40,0,0,0,40
11/26/2007,MKG,MI,AGL,CE,Combined TRACON& Tower with Radar,0,14,16,0,30,0,0,0,0,0,0,14,16,0,30,28,0,28,58
11/27/2007,MKG,MI,AGL,CE,Combined TRACON& Tower with Radar,0,14,19,0,33,0,0,7,0,7,0,14,26,0,40,8,0,8,48
11/28/2007,MKG,MI,AGL,CE,Combined TRACON& Tower with Radar,0,14,30,0,44,0,0,5,0,5,0,14,35,0,49,2,0,2,51
11/29/2007,MKG,MI,AGL,CE,Combined TRACON& Tower with Radar,0,16,24,0,40,0,0,0,1,1,0,16,24,1,41,16,0,16,57
11/30/2007,MKG,MI,AGL,CE,Combined TRACON& Tower with Radar,0,15,16,0,31,0,0,15,0,15,0,15,31,0,46,0,0,0,46
12/01/2007,MKG,MI,AGL,CE,Combined TRACON& Tower with Radar,0,14,12,0,26,0,0,26,0,26,0,14,38,0,52,44,0,44,96
12/02/2007,MKG,MI,AGL,CE,Combined TRACON& Tower with Radar,0,8,3,0,11,0,0,0,0,0,0,8,3,0,11,0,0,0,11
12/03/2007,MKG,MI,AGL,CE,Combined TRACON& Tower with Radar,0,8,5,0,13,0,2,0,0,2,0,10,5,0,15,0,0,0,15
12/04/2007,MKG,MI,AGL,CE,Combined TRACON& Tower with Radar,0,19,34,0,53,0,0,54,0,54,0,19,88,0,107,84,0,84,191
12/05/2007,MKG,MI,AGL,CE,Combined TRACON& Tower with Radar,0,16,22,0,38,0,0,40,0,40,0,16,62,0,78,66,0,66,144
12/06/2007,MKG,MI,AGL,CE,Combined TRACON& Tower with Radar,0,16,32,0,48,0,0,28,0,28,0,16,60,0,76,64,0,64,140
12/07/2007,MKG,MI,AGL,CE,Combined TRACON& Tower with Radar,0,15,14,0,29,0,0,0,0,0,0,15,14,0,29,0,0,0,29
12/08/2007,MKG,MI,AGL,CE,Combined TRACON& Tower with Radar,0,14,38,0,52,0,0,70,0,70,0,14,108,0,122,100,0,100,222
12/09/2007,MKG,MI,AGL,CE,Combined TRACON& Tower with Radar,0,8,11,0,19,0,0,3,0,3,0,8,14,0,22,44,0,44,66
12/10/2007,MKG,MI,AGL,CE,Combined TRACON& Tower with Radar,0,13,12,0,25,0,3,30,0,33,0,16,42,0,58,104,0,104,162
12/11/2007,MKG,MI,AGL,CE,Combined TRACON& Tower with Radar,0,13,3,0,16,0,0,0,0,0,0,13,3,0,16,0,0,0,16
12/12/2007,MKG,MI,AGL,CE,Combined TRACON& Tower with Radar,0,16,51,0,67,0,0,49,0,49,0,16,100,0,116,57,0,57,173
12/13/2007,MKG,MI,AGL,CE,Combined TRACON& Tower with Radar,0,20,12,0,32,0,0,0,0,0,0,20,12,0,32,0,0,0,32
12/14/2007,MKG,MI,AGL,CE,Combined TRACON& Tower with Radar,0,12,32,0,44,0,12,22,0,34,0,24,54,0,78,110,0,110,188
12/15/2007,MKG,MI,AGL,CE,Combined TRACON& Tower with Radar,0,13,15,0,28,0,1,9,0,10,0,14,24,0,38,4,0,4,42
12/16/2007,MKG,MI,AGL,CE,Combined TRACON& Tower with Radar,0,7,3,0,10,0,0,0,0,0,0,7,3,0,10,0,0,0,10
12/17/2007,MKG,MI,AGL,CE,Combined TRACON& Tower with Radar,0,11,21,0,32,0,0,0,0,0,0,11,21,0,32,0,0,0,32
12/18/2007,MKG,MI,AGL,CE,Combined TRACON& Tower with Radar,0,15,33,0,48,0,0,7,0,7,0,15,40,0,55,16,0,16,71
12/19/2007,MKG,MI,AGL,CE,Combined TRACON& Tower with Radar,0,21,24,0,45,0,0,6,0,6,0,21,30,0,51,82,0,82,133
12/20/2007,MKG,MI,AGL,CE,Combined TRACON& Tower with Radar,0,17,41,0,58,0,1,39,0,40,0,18,80,0,98,48,0,48,146
12/21/2007,MKG,MI,AGL,CE,Combined TRACON& Tower with Radar,0,14,18,0,32,0,0,0,0,0,0,14,18,0,32,6,0,6,38
12/22/2007,MKG,MI,AGL,CE,Combined TRACON& Tower with Radar,0,10,5,0,15,0,0,3,0,3,0,10,8,0,18,0,0,0,18
12/23/2007,MKG,MI,AGL,CE,Combined TRACON& Tower with Radar,0,2,10,0,12,0,0,0,0,0,0,2,10,0,12,0,0,0,12
12/24/2007,MKG,MI,AGL,CE,Combined TRACON& Tower with Radar,0,9,2,0,11,0,3,0,0,3,0,12,2,0,14,0,0,0,14
12/25/2007,MKG,MI,AGL,CE,Combined TRACON& Tower with Radar,0,12,3,0,15,0,0,6,0,6,0,12,9,0,21,20,0,20,41
12/26/2007,MKG,MI,AGL,CE,Combined TRACON& Tower with Radar,0,16,26,0,42,0,0,60,0,60,0,16,86,0,102,84,0,84,186
12/27/2007,MKG,MI,AGL,CE,Combined TRACON& Tower with Radar,0,16,16,0,32,0,0,0,0,0,0,16,16,0,32,0,0,0,32
12/28/2007,MKG,MI,AGL,CE,Combined TRACON& Tower with Radar,0,14,2,0,16,0,0,1,0,1,0,14,3,0,17,2,0,2,19
12/29/2007,MKG,MI,AGL,CE,Combined TRACON& Tower with Radar,0,10,19,0,29,0,0,0,0,0,0,10,19,0,29,4,0,4,33
12/30/2007,MKG,MI,AGL,CE,Combined TRACON& Tower with Radar,0,10,15,0,25,0,0,23,0,23,0,10,38,0,48,32,0,32,80
12/31/2007,MKG,MI,AGL,CE,Combined TRACON& Tower with Radar,0,11,12,0,23,0,0,24,0,24,0,11,36,0,47,58,0,58,105
01/01/2008,MKG,MI,AGL,CE,Combined TRACON& Tower with Radar,0,9,7,0,16,0,0,0,0,0,0,9,7,0,16,0,0,0,16
01/02/2008,MKG,MI,AGL,CE,Combined TRACON& Tower with Radar,0,10,22,0,32,0,0,30,0,30,0,10,52,0,62,12,0,12,74
01/03/2008,MKG,MI,AGL,CE,Combined TRACON& Tower with Radar,0,18,20,0,38,0,0,8,0,8,0,18,28,0,46,24,0,24,70
01/04/2008,MKG,MI,AGL,CE,Combined TRACON& Tower with Radar,0,14,11,0,25,0,0,35,0,35,0,14,46,0,60,36,0,36,96
01/05/2008,MKG,MI,AGL,CE,Combined TRACON& Tower with Radar,0,12,8,0,20,0,0,0,0,0,0,12,8,0,20,2,0,2,22
01/06/2008,MKG,MI,AGL,CE,Combined TRACON& Tower with Radar,0,9,6,0,15,0,0,1,0,1,0,9,7,0,16,0,0,0,16
01/07/2008,MKG,MI,AGL,CE,Combined TRACON& Tower with Radar,0,15,8,0,23,0,1,0,0,1,0,16,8,0,24,2,0,2,26
01/08/2008,MKG,MI,AGL,CE,Combined TRACON& Tower with Radar,0,24,22,0,46,0,0,0,0,0,0,24,22,0,46,0,0,0,46
01/09/2008,MKG,MI,AGL,CE,Combined TRACON& Tower with Radar,0,18,34,0,52,0,0,48,0,48,0,18,82,0,100,98,0,98,198
01/10/2008,MKG,MI,AGL,CE,Combined TRACON& Tower with Radar,0,14,24,0,38,0,0,28,2,30,0,14,52,2,68,64,0,64,132
01/11/2008,MKG,MI,AGL,CE,Combined TRACON& Tower with Radar,0,15,11,0,26,0,0,0,0,0,0,15,11,0,26,0,0,0,26
01/12/2008,MKG,MI,AGL,CE,Combined TRACON& Tower with Radar,0,12,26,1,39,0,0,15,0,15,0,12,41,1,54,44,0,44,98
01/13/2008,MKG,MI,AGL,CE,Combined TRACON& Tower with Radar,0,11,5,0,16,0,0,1,0,1,0,11,6,0,17,0,0,0,17
01/14/2008,MKG,MI,AGL,CE,Combined TRACON& Tower with Radar,0,17,12,0,29,0,0,0,0,0,0,17,12,0,29,0,0,0,29
01/15/2008,MKG,MI,AGL,CE,Combined TRACON& Tower with Radar,0,14,18,0,32,0,2,0,0,2,0,16,18,0,34,4,0,4,38
01/16/2008,MKG,MI,AGL,CE,Combined TRACON& Tower with Radar,0,16,25,0,41,0,0,63,0,63,0,16,88,0,104,100,0,100,204
01/17/2008,MKG,MI,AGL,CE,Combined TRACON& Tower with Radar,0,16,32,0,48,0,0,21,0,21,0,16,53,0,69,36,0,36,105
01/18/2008,MKG,MI,AGL,CE,Combined TRACON& Tower with Radar,0,13,26,0,39,0,2,8,0,10,0,15,34,0,49,30,0,30,79
01/19/2008,MKG,MI,AGL,CE,Combined TRACON& Tower with Radar,0,9,6,0,15,0,0,4,1,5,0,9,10,1,20,0,0,0,20
01/20/2008,MKG,MI,AGL,CE,Combined TRACON& Tower with Radar,0,9,17,0,26,0,0,0,0,0,0,9,17,0,26,6,0,6,32
01/21/2008,MKG,MI,AGL,CE,Combined TRACON& Tower with Radar,0,8,22,0,30,0,0,0,0,0,0,8,22,0,30,4,0,4,34
01/22/2008,MKG,MI,AGL,CE,Combined TRACON& Tower with Radar,0,12,14,0,26,1,1,0,0,2,1,13,14,0,28,4,0,4,32
01/23/2008,MKG,MI,AGL,CE,Combined TRACON& Tower with Radar,0,14,26,0,40,0,0,0,0,0,0,14,26,0,40,0,0,0,40
01/24/2008,MKG,MI,AGL,CE,Combined TRACON& Tower with Radar,0,17,14,0,31,0,0,13,0,13,0,17,27,0,44,16,0,16,60
01/25/2008,MKG,MI,AGL,CE,Combined TRACON& Tower with Radar,0,20,30,0,50,0,0,0,0,0,0,20,30,0,50,146,0,146,196
01/26/2008,MKG,MI,AGL,CE,Combined TRACON& Tower with Radar,0,15,5,1,21,0,0,0,0,0,0,15,5,1,21,0,0,0,21
01/27/2008,MKG,MI,AGL,CE,Combined TRACON& Tower with Radar,0,16,20,0,36,0,0,13,1,14,0,16,33,1,50,68,0,68,118
01/28/2008,MKG,MI,AGL,CE,Combined TRACON& Tower with Radar,0,12,9,0,21,0,0,4,0,4,0,12,13,0,25,8,0,8,33
01/29/2008,MKG,MI,AGL,CE,Combined TRACON& Tower with Radar,0,17,25,0,42,0,0,0,0,0,0,17,25,0,42,0,0,0,42
01/30/2008,MKG,MI,AGL,CE,Combined TRACON& Tower with Radar,0,12,7,0,19,0,0,0,0,0,0,12,7,0,19,0,2,2,21
01/31/2008,MKG,MI,AGL,CE,Combined TRACON& Tower with Radar,0,16,48,0,64,0,0,0,0,0,0,16,48,0,64,34,0,34,98
02/01/2008,MKG,MI,AGL,CE,Combined TRACON& Tower with Radar,0,13,2,0,15,0,0,0,0,0,0,13,2,0,15,0,0,0,15
02/02/2008,MKG,MI,AGL,CE,Combined TRACON& Tower with Radar,0,12,9,0,21,0,0,14,0,14,0,12,23,0,35,70,0,70,105
02/03/2008,MKG,MI,AGL,CE,Combined TRACON& Tower with Radar,0,11,10,0,21,0,0,17,0,17,0,11,27,0,38,72,0,72,110
02/04/2008,MKG,MI,AGL,CE,Combined TRACON& Tower with Radar,0,11,16,0,27,0,0,0,0,0,0,11,16,0,27,0,0,0,27
02/05/2008,MKG,MI,AGL,CE,Combined TRACON& Tower with Radar,0,10,16,0,26,0,0,0,1,1,0,10,16,1,27,0,0,0,27
02/06/2008,MKG,MI,AGL,CE,Combined TRACON& Tower with Radar,0,2,12,0,14,0,0,0,0,0,0,2,12,0,14,0,0,0,14
02/07/2008,MKG,MI,AGL,CE,Combined TRACON& Tower with Radar,0,13,25,0,38,0,0,11,0,11,0,13,36,0,49,88,0,88,137
02/08/2008,MKG,MI,AGL,CE,Combined TRACON& Tower with Radar,0,15,8,0,23,0,0,1,0,1,0,15,9,0,24,0,0,0,24
02/09/2008,MKG,MI,AGL,CE,Combined TRACON& Tower with Radar,0,15,6,0,21,0,0,0,0,0,0,15,6,0,21,0,0,0,21
02/10/2008,MKG,MI,AGL,CE,Combined TRACON& Tower with Radar,0,0,0,0,0,0,0,3,0,3,0,0,3,0,3,0,0,0,3
02/11/2008,MKG,MI,AGL,CE,Combined TRACON& Tower with Radar,0,10,20,0,30,0,0,2,0,2,0,10,22,0,32,2,0,2,34
02/12/2008,MKG,MI,AGL,CE,Combined TRACON& Tower with Radar,0,9,22,0,31,0,0,0,0,0,0,9,22,0,31,58,0,58,89
02/13/2008,MKG,MI,AGL,CE,Combined TRACON& Tower with Radar,0,26,30,0,56,0,0,37,2,39,0,26,67,2,95,90,0,90,185
02/14/2008,MKG,MI,AGL,CE,Combined TRACON& Tower with Radar,0,17,11,0,28,0,0,0,0,0,0,17,11,0,28,0,0,0,28
02/15/2008,MKG,MI,AGL,CE,Combined TRACON& Tower with Radar,0,15,10,0,25,0,0,25,0,25,0,15,35,0,50,64,0,64,114
02/16/2008,MKG,MI,AGL,CE,Combined TRACON& Tower with Radar,0,25,30,0,55,0,0,121,0,121,0,25,151,0,176,128,0,128,304
02/17/2008,MKG,MI,AGL,CE,Combined TRACON& Tower with Radar,0,6,3,0,9,0,0,0,0,0,0,6,3,0,9,0,0,0,9
02/18/2008,MKG,MI,AGL,CE,Combined TRACON& Tower with Radar,0,13,9,0,22,0,0,0,0,0,0,13,9,0,22,0,0,0,22
02/19/2008,MKG,MI,AGL,CE,Combined TRACON& Tower with Radar,0,15,22,0,37,0,0,0,0,0,0,15,22,0,37,0,0,0,37
02/20/2008,MKG,MI,AGL,CE,Combined TRACON& Tower with Radar,0,16,26,0,42,0,1,38,0,39,0,17,64,0,81,56,0,56,137
02/21/2008,MKG,MI,AGL,CE,Combined TRACON& Tower with Radar,0,14,32,0,46,0,0,61,0,61,0,14,93,0,107,100,0,100,207
02/22/2008,MKG,MI,AGL,CE,Combined TRACON& Tower with Radar,0,18,26,0,44,0,0,100,0,100,0,18,126,0,144,108,0,108,252
02/23/2008,MKG,MI,AGL,CE,Combined TRACON& Tower with Radar,0,17,39,0,56,0,0,135,2,137,0,17,174,2,193,192,0,192,385
02/24/2008,MKG,MI,AGL,CE,Combined TRACON& Tower with Radar,0,10,21,0,31,0,0,79,0,79,0,10,100,0,110,72,0,72,182
02/25/2008,MKG,MI,AGL,CE,Combined TRACON& Tower with Radar,0,10,10,0,20,0,0,0,0,0,0,10,10,0,20,0,0,0,20
02/26/2008,MKG,MI,AGL,CE,Combined TRACON& Tower with Radar,0,12,15,0,27,0,0,10,0,10,0,12,25,0,37,22,0,22,59
02/27/2008,MKG,MI,AGL,CE,Combined TRACON& Tower with Radar,0,21,40,0,61,0,0,27,2,29,0,21,67,2,90,64,0,64,154
02/28/2008,MKG,MI,AGL,CE,Combined TRACON& Tower with Radar,0,14,28,0,42,0,31,30,0,61,0,45,58,0,103,104,0,104,207
02/29/2008,MKG,MI,AGL,CE,Combined TRACON& Tower with Radar,0,19,26,0,45,0,0,0,0,0,0,19,26,0,45,10,0,10,55
03/01/2008,MKG,MI,AGL,CE,Combined TRACON& Tower with Radar,0,14,24,0,38,0,0,105,0,105,0,14,129,0,143,174,0,174,317
03/02/2008,MKG,MI,AGL,CE,Combined TRACON& Tower with Radar,0,14,12,2,28,0,1,14,0,15,0,15,26,2,43,22,0,22,65
03/03/2008,MKG,MI,AGL,CE,Combined TRACON& Tower with Radar,0,11,10,0,21,0,0,0,0,0,0,11,10,0,21,0,0,0,21
03/04/2008,MKG,MI,AGL,CE,Combined TRACON& Tower with Radar,1,19,30,4,54,0,0,70,0,70,1,19,100,4,124,84,0,84,208
03/05/2008,MKG,MI,AGL,CE,Combined TRACON& Tower with Radar,0,19,27,3,49,0,1,58,2,61,0,20,85,5,110,158,0,158,268
03/06/2008,MKG,MI,AGL,CE,Combined TRACON& Tower with Radar,0,14,23,0,37,0,0,15,0,15,0,14,38,0,52,20,0,20,72
03/07/2008,MKG,MI,AGL,CE,Combined TRACON& Tower with Radar,0,8,16,0,24,0,0,72,0,72,0,8,88,0,96,104,2,106,202
03/08/2008,MKG,MI,AGL,CE,Combined TRACON& Tower with Radar,0,13,46,0,59,0,0,92,0,92,0,13,138,0,151,104,0,104,255
03/09/2008,MKG,MI,AGL,CE,Combined TRACON& Tower with Radar,0,11,22,0,33,0,0,36,0,36,0,11,58,0,69,52,0,52,121
03/10/2008,MKG,MI,AGL,CE,Combined TRACON& Tower with Radar,0,0,12,0,12,0,0,0,0,0,0,0,12,0,12,120,0,120,132
03/11/2008,MKG,MI,AGL,CE,Combined TRACON& Tower with Radar,0,11,17,0,28,0,0,20,0,20,0,11,37,0,48,26,0,26,74
03/12/2008,MKG,MI,AGL,CE,Combined TRACON& Tower with Radar,0,19,48,0,67,0,0,104,0,104,0,19,152,0,171,180,0,180,351
03/13/2008,MKG,MI,AGL,CE,Combined TRACON& Tower with Radar,0,0,27,0,27,0,0,0,0,0,0,0,27,0,27,32,0,32,59
03/14/2008,MKG,MI,AGL,CE,Combined TRACON& Tower with Radar,0,17,21,0,38,0,0,105,0,105,0,17,126,0,143,144,0,144,287
03/15/2008,MKG,MI,AGL,CE,Combined TRACON& Tower with Radar,0,13,28,0,41,0,0,90,0,90,0,13,118,0,131,128,0,128,259
03/16/2008,MKG,MI,AGL,CE,Combined TRACON& Tower with Radar,0,10,24,0,34,0,0,50,0,50,0,10,74,0,84,26,0,26,110
03/17/2008,MKG,MI,AGL,CE,Combined TRACON& Tower with Radar,0,11,41,0,52,0,0,81,0,81,0,11,122,0,133,76,0,76,209
03/18/2008,MKG,MI,AGL,CE,Combined TRACON& Tower with Radar,0,19,4,0,23,0,0,0,0,0,0,19,4,0,23,0,0,0,23
03/19/2008,MKG,MI,AGL,CE,Combined TRACON& Tower with Radar,0,0,25,0,25,0,0,85,0,85,0,0,110,0,110,0,0,0,110
03/20/2008,MKG,MI,AGL,CE,Combined TRACON& Tower with Radar,0,18,33,0,51,0,0,92,0,92,0,18,125,0,143,72,0,72,215
03/21/2008,MKG,MI,AGL,CE,Combined TRACON& Tower with Radar,0,10,21,1,32,0,0,33,0,33,0,10,54,1,65,140,0,140,205
03/22/2008,MKG,MI,AGL,CE,Combined TRACON& Tower with Radar,0,14,16,0,30,0,0,43,0,43,0,14,59,0,73,70,0,70,143
03/23/2008,MKG,MI,AGL,CE,Combined TRACON& Tower with Radar,2,8,6,0,16,0,0,7,0,7,2,8,13,0,23,26,0,26,49
03/24/2008,MKG,MI,AGL,CE,Combined TRACON& Tower with Radar,0,18,23,0,41,0,0,91,0,91,0,18,114,0,132,200,0,200,332
03/25/2008,MKG,MI,AGL,CE,Combined TRACON& Tower with Radar,0,16,19,0,35,0,0,0,0,0,0,16,19,0,35,0,0,0,35
03/26/2008,MKG,MI,AGL,CE,Combined TRACON& Tower with Radar,0,15,59,0,74,0,0,112,0,112,0,15,171,0,186,138,0,138,324
03/27/2008,MKG,MI,AGL,CE,Combined TRACON& Tower with Radar,0,19,16,0,35,0,0,18,0,18,0,19,34,0,53,14,6,20,73
03/28/2008,MKG,MI,AGL,CE,Combined TRACON& Tower with Radar,0,16,29,0,45,0,0,0,0,0,0,16,29,0,45,128,0,128,173
03/29/2008,MKG,MI,AGL,CE,Combined TRACON& Tower with Radar,0,12,35,0,47,0,0,0,0,0,0,12,35,0,47,122,0,122,169
03/30/2008,MKG,MI,AGL,CE,Combined TRACON& Tower with Radar,0,14,7,0,21,0,0,11,0,11,0,14,18,0,32,32,0,32,64
03/31/2008,MKG,MI,AGL,CE,Combined TRACON& Tower with Radar,0,13,17,0,30,0,0,0,0,0,0,13,17,0,30,0,0,0,30
04/01/2008,MKG,MI,AGL,CE,Combined TRACON& Tower with Radar,0,13,22,0,35,0,0,5,0,5,0,13,27,0,40,12,0,12,52
04/02/2008,MKG,MI,AGL,CE,Combined TRACON& Tower with Radar,0,22,46,0,68,0,0,0,0,0,0,22,46,0,68,162,0,162,230
04/03/2008,MKG,MI,AGL,CE,Combined TRACON& Tower with Radar,0,17,35,0,52,0,0,71,0,71,0,17,106,0,123,236,0,236,359
04/04/2008,MKG,MI,AGL,CE,Combined TRACON& Tower with Radar,0,20,28,0,48,0,0,50,0,50,0,20,78,0,98,168,0,168,266
04/05/2008,MKG,MI,AGL,CE,Combined TRACON& Tower with Radar,0,12,24,0,36,0,0,0,0,0,0,12,24,0,36,82,0,82,118
04/06/2008,MKG,MI,AGL,CE,Combined TRACON& Tower with Radar,0,13,14,0,27,0,0,55,0,55,0,13,69,0,82,26,0,26,108
04/07/2008,MKG,MI,AGL,CE,Combined TRACON& Tower with Radar,0,13,13,0,26,0,0,42,0,42,0,13,55,0,68,42,0,42,110
04/08/2008,MKG,MI,AGL,CE,Combined TRACON& Tower with Radar,1,17,13,0,31,0,0,39,0,39,1,17,52,0,70,130,0,130,200
04/09/2008,MKG,MI,AGL,CE,Combined TRACON& Tower with Radar,0,18,17,0,35,0,0,16,0,16,0,18,33,0,51,42,0,42,93
04/10/2008,MKG,MI,AGL,CE,Combined TRACON& Tower with Radar,1,12,21,0,34,0,0,9,0,9,1,12,30,0,43,22,0,22,65
04/11/2008,MKG,MI,AGL,CE,Combined TRACON& Tower with Radar,0,16,12,0,28,0,0,0,0,0,0,16,12,0,28,0,0,0,28
04/12/2008,MKG,MI,AGL,CE,Combined TRACON& Tower with Radar,0,14,12,0,26,0,0,0,0,0,0,14,12,0,26,0,0,0,26
04/13/2008,MKG,MI,AGL,CE,Combined TRACON& Tower with Radar,0,9,47,0,56,0,0,0,0,0,0,9,47,0,56,6,0,6,62
04/14/2008,MKG,MI,AGL,CE,Combined TRACON& Tower with Radar,0,14,25,0,39,0,0,75,0,75,0,14,100,0,114,52,0,52,166
04/15/2008,MKG,MI,AGL,CE,Combined TRACON& Tower with Radar,1,13,22,0,36,0,0,64,0,64,1,13,86,0,100,56,0,56,156
04/16/2008,MKG,MI,AGL,CE,Combined TRACON& Tower with Radar,1,17,28,0,46,0,0,14,0,14,1,17,42,0,60,0,0,0,60
04/17/2008,MKG,MI,AGL,CE,Combined TRACON& Tower with Radar,0,17,16,0,33,0,0,82,0,82,0,17,98,0,115,126,0,126,241
04/18/2008,MKG,MI,AGL,CE,Combined TRACON& Tower with Radar,0,20,28,0,48,0,0,90,0,90,0,20,118,0,138,148,0,148,286
04/19/2008,MKG,MI,AGL,CE,Combined TRACON& Tower with Radar,0,10,29,0,39,0,0,81,0,81,0,10,110,0,120,128,0,128,248
04/20/2008,MKG,MI,AGL,CE,Combined TRACON& Tower with Radar,0,11,31,0,42,0,0,78,0,78,0,11,109,0,120,44,0,44,164
04/21/2008,MKG,MI,AGL,CE,Combined TRACON& Tower with Radar,0,11,33,0,44,0,0,74,2,76,0,11,107,2,120,152,0,152,272
04/22/2008,MKG,MI,AGL,CE,Combined TRACON& Tower with Radar,0,14,39,0,53,0,0,65,2,67,0,14,104,2,120,94,0,94,214
04/23/2008,MKG,MI,AGL,CE,Combined TRACON& Tower with Radar,2,12,29,0,43,0,0,84,1,85,2,12,113,1,128,90,0,90,218
04/24/2008,MKG,MI,AGL,CE,Combined TRACON& Tower with Radar,2,14,30,0,46,0,0,28,0,28,2,14,58,0,74,12,0,12,86
04/25/2008,MKG,MI,AGL,CE,Combined TRACON& Tower with Radar,2,10,17,0,29,0,0,20,0,20,2,10,37,0,49,14,0,14,63
04/26/2008,MKG,MI,AGL,CE,Combined TRACON& Tower with Radar,0,13,12,0,25,0,0,1,0,1,0,13,13,0,26,0,0,0,26
04/27/2008,MKG,MI,AGL,CE,Combined TRACON& Tower with Radar,0,8,33,0,41,0,0,0,0,0,0,8,33,0,41,38,0,38,79
04/28/2008,MKG,MI,AGL,CE,Combined TRACON& Tower with Radar,0,17,12,0,29,0,0,51,0,51,0,17,63,0,80,152,0,152,232
04/29/2008,MKG,MI,AGL,CE,Combined TRACON& Tower with Radar,0,18,30,0,48,0,0,82,0,82,0,18,112,0,130,56,0,56,186
04/30/2008,MKG,MI,AGL,CE,Combined TRACON& Tower with Radar,0,18,37,0,55,0,0,113,0,113,0,18,150,0,168,150,0,150,318
05/01/2008,MKG,MI,AGL,CE,Combined TRACON& Tower with Radar,0,17,21,0,38,0,4,69,0,73,0,21,90,0,111,122,0,122,233
05/02/2008,MKG,MI,AGL,CE,Combined TRACON& Tower with Radar,0,13,4,0,17,0,0,6,0,6,0,13,10,0,23,76,0,76,99
05/03/2008,MKG,MI,AGL,CE,Combined TRACON& Tower with Radar,0,11,12,0,23,0,0,41,0,41,0,11,53,0,64,46,0,46,110
05/04/2008,MKG,MI,AGL,CE,Combined TRACON& Tower with Radar,0,7,30,0,37,0,0,85,0,85,0,7,115,0,122,64,0,64,186
05/05/2008,MKG,MI,AGL,CE,Combined TRACON& Tower with Radar,1,12,26,0,39,0,0,79,0,79,1,12,105,0,118,136,0,136,254
05/06/2008,MKG,MI,AGL,CE,Combined TRACON& Tower with Radar,0,22,25,0,47,0,2,93,2,97,0,24,118,2,144,172,0,172,316
05/07/2008,MKG,MI,AGL,CE,Combined TRACON& Tower with Radar,0,15,22,0,37,0,0,0,0,0,0,15,22,0,37,4,0,4,41
05/08/2008,MKG,MI,AGL,CE,Combined TRACON& Tower with Radar,0,16,25,0,41,0,0,61,0,61,0,16,86,0,102,122,0,122,224
05/09/2008,MKG,MI,AGL,CE,Combined TRACON& Tower with Radar,0,17,20,0,37,0,0,86,0,86,0,17,106,0,123,126,0,126,249
05/10/2008,MKG,MI,AGL,CE,Combined TRACON& Tower with Radar,0,14,29,2,45,0,1,107,2,110,0,15,136,4,155,98,0,98,253
05/11/2008,MKG,MI,AGL,CE,Combined TRACON& Tower with Radar,0,9,9,0,18,0,0,1,0,1,0,9,10,0,19,0,0,0,19
05/12/2008,MKG,MI,AGL,CE,Combined TRACON& Tower with Radar,1,13,50,0,64,0,0,70,0,70,1,13,120,0,134,164,0,164,298
05/13/2008,MKG,MI,AGL,CE,Combined TRACON& Tower with Radar,0,17,34,0,51,0,0,0,0,0,0,17,34,0,51,72,0,72,123
05/14/2008,MKG,MI,AGL,CE,Combined TRACON& Tower with Radar,0,18,42,0,60,0,0,16,0,16,0,18,58,0,76,56,0,56,132
05/15/2008,MKG,MI,AGL,CE,Combined TRACON& Tower with Radar,0,0,0,0,0,0,0,0,0,0,0,0,0,0,0,220,0,220,220
05/16/2008,MKG,MI,AGL,CE,Combined TRACON& Tower with Radar,0,0,0,0,0,0,0,0,0,0,0,0,0,0,0,174,0,174,174
05/17/2008,MKG,MI,AGL,CE,Combined TRACON& Tower with Radar,0,10,5,0,15,0,0,18,0,18,0,10,23,0,33,20,0,20,53
05/18/2008,MKG,MI,AGL,CE,Combined TRACON& Tower with Radar,0,10,18,0,28,0,0,0,0,0,0,10,18,0,28,10,0,10,38
05/19/2008,MKG,MI,AGL,CE,Combined TRACON& Tower with Radar,0,14,20,0,34,0,0,0,0,0,0,14,20,0,34,60,0,60,94
05/20/2008,MKG,MI,AGL,CE,Combined TRACON& Tower with Radar,0,19,22,0,41,0,0,0,0,0,0,19,22,0,41,114,0,114,155
05/21/2008,MKG,MI,AGL,CE,Combined TRACON& Tower with Radar,0,13,49,0,62,0,0,0,0,0,0,13,49,0,62,128,0,128,190
05/22/2008,MKG,MI,AGL,CE,Combined TRACON& Tower with Radar,1,13,31,1,46,0,1,62,0,63,1,14,93,1,109,96,0,96,205
05/23/2008,MKG,MI,AGL,CE,Combined TRACON& Tower with Radar,0,15,41,0,56,0,2,93,0,95,0,17,134,0,151,158,0,158,309
05/24/2008,MKG,MI,AGL,CE,Combined TRACON& Tower with Radar,2,9,27,0,38,0,2,115,3,120,2,11,142,3,158,126,0,126,284
05/25/2008,MKG,MI,AGL,CE,Combined TRACON& Tower with Radar,0,8,16,0,24,0,0,52,0,52,0,8,68,0,76,28,0,28,104
05/26/2008,MKG,MI,AGL,CE,Combined TRACON& Tower with Radar,0,14,10,0,24,0,0,38,0,38,0,14,48,0,62,26,0,26,88
05/27/2008,MKG,MI,AGL,CE,Combined TRACON& Tower with Radar,0,17,25,2,44,0,0,56,3,59,0,17,81,5,103,112,4,116,219
05/28/2008,MKG,MI,AGL,CE,Combined TRACON& Tower with Radar,1,13,37,0,51,0,2,122,2,126,1,15,159,2,177,274,10,284,461
05/29/2008,MKG,MI,AGL,CE,Combined TRACON& Tower with Radar,0,18,23,2,43,0,0,96,0,96,0,18,119,2,139,182,0,182,321
05/30/2008,MKG,MI,AGL,CE,Combined TRACON& Tower with Radar,0,17,19,0,36,0,1,14,0,15,0,18,33,0,51,28,0,28,79
05/31/2008,MKG,MI,AGL,CE,Combined TRACON& Tower with Radar,0,7,36,0,43,0,0,67,0,67,0,7,103,0,110,64,0,64,174
06/01/2008,MKG,MI,AGL,CE,Combined TRACON& Tower with Radar,0,14,22,0,36,0,0,0,0,0,0,14,22,0,36,102,0,102,138
06/02/2008,MKG,MI,AGL,CE,Combined TRACON& Tower with Radar,0,14,18,0,32,0,0,86,2,88,0,14,104,2,120,94,0,94,214
06/03/2008,MKG,MI,AGL,CE,Combined TRACON& Tower with Radar,2,15,23,2,42,0,0,27,9,36,2,15,50,11,78,46,2,48,126
06/04/2008,MKG,MI,AGL,CE,Combined TRACON& Tower with Radar,0,22,59,2,83,0,1,3,0,4,0,23,62,2,87,4,0,4,91
06/05/2008,MKG,MI,AGL,CE,Combined TRACON& Tower with Radar,0,26,44,0,70,0,0,32,2,34,0,26,76,2,104,22,0,22,126
06/06/2008,MKG,MI,AGL,CE,Combined TRACON& Tower with Radar,0,16,24,0,40,0,2,19,4,25,0,18,43,4,65,14,0,14,79
06/07/2008,MKG,MI,AGL,CE,Combined TRACON& Tower with Radar,0,13,34,0,47,0,0,21,3,24,0,13,55,3,71,28,0,28,99
06/08/2008,MKG,MI,AGL,CE,Combined TRACON& Tower with Radar,0,5,7,4,16,0,0,2,1,3,0,5,9,5,19,0,0,0,19
06/09/2008,MKG,MI,AGL,CE,Combined TRACON& Tower with Radar,2,12,33,0,47,0,0,7,0,7,2,12,40,0,54,8,0,8,62
06/10/2008,MKG,MI,AGL,CE,Combined TRACON& Tower with Radar,0,22,28,0,50,0,0,93,0,93,0,22,121,0,143,146,0,146,289
06/11/2008,MKG,MI,AGL,CE,Combined TRACON& Tower with Radar,0,16,20,0,36,0,2,136,4,142,0,18,156,4,178,190,0,190,368
06/12/2008,MKG,MI,AGL,CE,Combined TRACON& Tower with Radar,2,19,41,0,62,0,0,79,3,82,2,19,120,3,144,134,0,134,278
06/13/2008,MKG,MI,AGL,CE,Combined TRACON& Tower with Radar,0,29,24,0,53,0,0,18,0,18,0,29,42,0,71,12,0,12,83
06/14/2008,MKG,MI,AGL,CE,Combined TRACON& Tower with Radar,0,13,24,0,37,0,2,85,0,87,0,15,109,0,124,74,0,74,198
06/15/2008,MKG,MI,AGL,CE,Combined TRACON& Tower with Radar,0,19,54,0,73,0,0,66,0,66,0,19,120,0,139,8,0,8,147
06/16/2008,MKG,MI,AGL,CE,Combined TRACON& Tower with Radar,0,12,22,0,34,0,0,75,5,80,0,12,97,5,114,32,0,32,146
06/17/2008,MKG,MI,AGL,CE,Combined TRACON& Tower with Radar,0,15,35,0,50,0,0,78,0,78,0,15,113,0,128,126,0,126,254
06/18/2008,MKG,MI,AGL,CE,Combined TRACON& Tower with Radar,0,15,46,3,64,0,0,64,4,68,0,15,110,7,132,136,0,136,268
06/19/2008,MKG,MI,AGL,CE,Combined TRACON& Tower with Radar,0,18,68,0,86,0,0,150,2,152,0,18,218,2,238,308,0,308,546
06/20/2008,MKG,MI,AGL,CE,Combined TRACON& Tower with Radar,0,17,50,0,67,0,0,90,2,92,0,17,140,2,159,142,12,154,313
06/21/2008,MKG,MI,AGL,CE,Combined TRACON& Tower with Radar,0,12,21,4,37,0,0,94,8,102,0,12,115,12,139,96,24,120,259
06/22/2008,MKG,MI,AGL,CE,Combined TRACON& Tower with Radar,0,15,22,4,41,0,1,22,1,24,0,16,44,5,65,24,0,24,89
06/23/2008,MKG,MI,AGL,CE,Combined TRACON& Tower with Radar,0,12,50,1,63,0,0,84,2,86,0,12,134,3,149,144,0,144,293
06/24/2008,MKG,MI,AGL,CE,Combined TRACON& Tower with Radar,1,19,36,0,56,0,0,99,6,105,1,19,135,6,161,246,6,252,413
06/25/2008,MKG,MI,AGL,CE,Combined TRACON& Tower with Radar,0,21,173,1,195,0,0,0,0,0,0,21,173,1,195,122,0,122,317
06/26/2008,MKG,MI,AGL,CE,Combined TRACON& Tower with Radar,0,24,41,0,65,0,0,53,4,57,0,24,94,4,122,156,0,156,278
06/27/2008,MKG,MI,AGL,CE,Combined TRACON& Tower with Radar,1,20,25,0,46,0,0,52,2,54,1,20,77,2,100,50,0,50,150
06/28/2008,MKG,MI,AGL,CE,Combined TRACON& Tower with Radar,0,11,19,0,30,0,0,22,1,23,0,11,41,1,53,46,0,46,99
06/29/2008,MKG,MI,AGL,CE,Combined TRACON& Tower with Radar,0,11,28,2,41,0,0,16,0,16,0,11,44,2,57,22,0,22,79
06/30/2008,MKG,MI,AGL,CE,Combined TRACON& Tower with Radar,0,15,51,7,73,0,0,40,0,40,0,15,91,7,113,40,0,40,153
07/01/2008,MKG,MI,AGL,CE,Combined TRACON& Tower with Radar,1,24,67,1,93,0,0,137,4,141,1,24,204,5,234,198,28,226,460
07/02/2008,MKG,MI,AGL,CE,Combined TRACON& Tower with Radar,3,12,37,0,52,0,1,39,1,41,3,13,76,1,93,66,0,66,159
07/03/2008,MKG,MI,AGL,CE,Combined TRACON& Tower with Radar,0,20,41,3,64,0,0,62,6,68,0,20,103,9,132,42,4,46,178
07/04/2008,MKG,MI,AGL,CE,Combined TRACON& Tower with Radar,2,9,14,0,25,0,0,31,4,35,2,9,45,4,60,18,26,44,104
07/05/2008,MKG,MI,AGL,CE,Combined TRACON& Tower with Radar,1,13,27,2,43,0,0,57,0,57,1,13,84,2,100,40,0,40,140
07/06/2008,MKG,MI,AGL,CE,Combined TRACON& Tower with Radar,0,18,32,0,50,0,0,51,0,51,0,18,83,0,101,44,0,44,145
07/07/2008,MKG,MI,AGL,CE,Combined TRACON& Tower with Radar,1,17,29,0,47,0,3,28,1,32,1,20,57,1,79,64,0,64,143
07/08/2008,MKG,MI,AGL,CE,Combined TRACON& Tower with Radar,0,20,47,0,67,0,0,20,6,26,0,20,67,6,93,48,0,48,141
07/09/2008,MKG,MI,AGL,CE,Combined TRACON& Tower with Radar,0,26,75,0,101,0,0,159,3,162,0,26,234,3,263,186,0,186,449
07/10/2008,MKG,MI,AGL,CE,Combined TRACON& Tower with Radar,0,14,54,5,73,0,0,113,5,118,0,14,167,10,191,112,2,114,305
07/11/2008,MKG,MI,AGL,CE,Combined TRACON& Tower with Radar,0,13,22,4,39,0,0,81,14,95,0,13,103,18,134,124,0,124,258
07/12/2008,MKG,MI,AGL,CE,Combined TRACON& Tower with Radar,0,16,17,3,36,0,1,74,4,79,0,17,91,7,115,58,0,58,173
07/13/2008,MKG,MI,AGL,CE,Combined TRACON& Tower with Radar,0,10,16,3,29,0,0,34,5,39,0,10,50,8,68,32,4,36,104
07/14/2008,MKG,MI,AGL,CE,Combined TRACON& Tower with Radar,2,18,110,3,133,0,0,258,3,261,2,18,368,6,394,326,0,326,720
07/15/2008,MKG,MI,AGL,CE,Combined TRACON& Tower with Radar,0,19,47,0,66,0,0,180,0,180,0,19,227,0,246,130,2,132,378
07/16/2008,MKG,MI,AGL,CE,Combined TRACON& Tower with Radar,0,27,42,1,70,0,0,164,4,168,0,27,206,5,238,238,0,238,476
07/17/2008,MKG,MI,AGL,CE,Combined TRACON& Tower with Radar,2,18,21,0,41,0,2,54,7,63,2,20,75,7,104,74,0,74,178
07/18/2008,MKG,MI,AGL,CE,Combined TRACON& Tower with Radar,1,23,16,0,40,0,0,56,1,57,1,23,72,1,97,98,0,98,195
07/19/2008,MKG,MI,AGL,CE,Combined TRACON& Tower with Radar,0,13,10,0,23,0,0,7,0,7,0,13,17,0,30,64,0,64,94
07/20/2008,MKG,MI,AGL,CE,Combined TRACON& Tower with Radar,0,17,40,0,57,0,0,34,0,34,0,17,74,0,91,6,0,6,97
07/21/2008,MKG,MI,AGL,CE,Combined TRACON& Tower with Radar,0,19,64,1,84,0,0,121,11,132,0,19,185,12,216,208,8,216,432
07/22/2008,MKG,MI,AGL,CE,Combined TRACON& Tower with Radar,3,14,57,1,75,0,0,57,0,57,3,14,114,1,132,112,6,118,250
07/23/2008,MKG,MI,AGL,CE,Combined TRACON& Tower with Radar,0,19,15,0,34,0,0,121,2,123,0,19,136,2,157,82,0,82,239
07/24/2008,MKG,MI,AGL,CE,Combined TRACON& Tower with Radar,2,12,21,1,36,0,0,83,0,83,2,12,104,1,119,122,0,122,241
07/25/2008,MKG,MI,AGL,CE,Combined TRACON& Tower with Radar,0,24,120,0,144,0,0,104,2,106,0,24,224,2,250,76,0,76,326
07/26/2008,MKG,MI,AGL,CE,Combined TRACON& Tower with Radar,0,18,34,0,52,0,0,92,3,95,0,18,126,3,147,26,0,26,173
07/27/2008,MKG,MI,AGL,CE,Combined TRACON& Tower with Radar,0,10,35,0,45,0,2,75,0,77,0,12,110,0,122,210,0,210,332
07/28/2008,MKG,MI,AGL,CE,Combined TRACON& Tower with Radar,0,17,45,0,62,0,0,119,0,119,0,17,164,0,181,152,0,152,333
07/29/2008,MKG,MI,AGL,CE,Combined TRACON& Tower with Radar,0,21,28,0,49,0,0,75,0,75,0,21,103,0,124,112,0,112,236
07/30/2008,MKG,MI,AGL,CE,Combined TRACON& Tower with Radar,0,16,61,7,84,0,1,94,4,99,0,17,155,11,183,80,26,106,289
07/31/2008,MKG,MI,AGL,CE,Combined TRACON& Tower with Radar,0,24,119,0,143,0,0,136,1,137,0,24,255,1,280,112,0,112,392
08/01/2008,MKG,MI,AGL,CE,Combined TRACON& Tower with Radar,0,21,48,0,69,0,0,73,1,74,0,21,121,1,143,26,0,26,169
08/02/2008,MKG,MI,AGL,CE,Combined TRACON& Tower with Radar,0,12,43,0,55,0,0,144,3,147,0,12,187,3,202,108,0,108,310
08/03/2008,MKG,MI,AGL,CE,Combined TRACON& Tower with Radar,0,13,66,0,79,0,0,141,0,141,0,13,207,0,220,8,0,8,228
08/04/2008,MKG,MI,AGL,CE,Combined TRACON& Tower with Radar,0,19,12,0,31,0,0,38,0,38,0,19,50,0,69,46,0,46,115
08/05/2008,MKG,MI,AGL,CE,Combined TRACON& Tower with Radar,0,21,31,0,52,0,0,30,4,34,0,21,61,4,86,40,0,40,126
08/06/2008,MKG,MI,AGL,CE,Combined TRACON& Tower with Radar,0,15,37,1,53,0,0,139,4,143,0,15,176,5,196,92,0,92,288
08/07/2008,MKG,MI,AGL,CE,Combined TRACON& Tower with Radar,0,21,54,0,75,0,0,114,6,120,0,21,168,6,195,48,7,55,250
08/08/2008,MKG,MI,AGL,CE,Combined TRACON& Tower with Radar,0,17,42,0,59,0,0,112,2,114,0,17,154,2,173,138,0,138,311
08/09/2008,MKG,MI,AGL,CE,Combined TRACON& Tower with Radar,0,20,17,0,37,0,0,51,1,52,0,20,68,1,89,26,0,26,115
08/10/2008,MKG,MI,AGL,CE,Combined TRACON& Tower with Radar,0,11,32,0,43,0,0,47,0,47,0,11,79,0,90,24,0,24,114
08/11/2008,MKG,MI,AGL,CE,Combined TRACON& Tower with Radar,0,13,44,0,57,0,0,116,2,118,0,13,160,2,175,228,0,228,403
08/12/2008,MKG,MI,AGL,CE,Combined TRACON& Tower with Radar,2,19,52,7,80,0,0,126,3,129,2,19,178,10,209,128,24,152,361
08/13/2008,MKG,MI,AGL,CE,Combined TRACON& Tower with Radar,0,21,46,1,68,0,1,77,1,79,0,22,123,2,147,128,0,128,275
08/14/2008,MKG,MI,AGL,CE,Combined TRACON& Tower with Radar,2,19,47,0,68,0,1,91,10,102,2,20,138,10,170,96,8,104,274
08/15/2008,MKG,MI,AGL,CE,Combined TRACON& Tower with Radar,0,17,45,3,65,0,0,140,3,143,0,17,185,6,208,182,0,182,390
08/16/2008,MKG,MI,AGL,CE,Combined TRACON& Tower with Radar,0,18,26,0,44,0,3,65,0,68,0,21,91,0,112,38,0,38,150
08/17/2008,MKG,MI,AGL,CE,Combined TRACON& Tower with Radar,0,16,30,0,46,0,0,24,1,25,0,16,54,1,71,36,0,36,107
08/18/2008,MKG,MI,AGL,CE,Combined TRACON& Tower with Radar,0,14,36,1,51,0,0,85,0,85,0,14,121,1,136,112,0,112,248
08/19/2008,MKG,MI,AGL,CE,Combined TRACON& Tower with Radar,0,19,37,1,57,0,0,63,7,70,0,19,100,8,127,66,16,82,209
08/20/2008,MKG,MI,AGL,CE,Combined TRACON& Tower with Radar,0,22,61,5,88,0,0,139,4,143,0,22,200,9,231,152,0,152,383
08/21/2008,MKG,MI,AGL,CE,Combined TRACON& Tower with Radar,0,20,43,0,63,0,87,3,0,90,0,107,46,0,153,40,0,40,193
08/22/2008,MKG,MI,AGL,CE,Combined TRACON& Tower with Radar,2,13,35,0,50,0,0,24,0,24,2,13,59,0,74,60,0,60,134
08/23/2008,MKG,MI,AGL,CE,Combined TRACON& Tower with Radar,0,10,9,0,19,0,0,44,1,45,0,10,53,1,64,62,0,62,126
08/24/2008,MKG,MI,AGL,CE,Combined TRACON& Tower with Radar,0,10,24,1,35,0,0,46,0,46,0,10,70,1,81,38,0,38,119
08/25/2008,MKG,MI,AGL,CE,Combined TRACON& Tower with Radar,0,14,39,0,53,0,0,120,3,123,0,14,159,3,176,154,0,154,330
08/26/2008,MKG,MI,AGL,CE,Combined TRACON& Tower with Radar,0,19,40,0,59,0,0,118,0,118,0,19,158,0,177,100,0,100,277
08/27/2008,MKG,MI,AGL,CE,Combined TRACON& Tower with Radar,0,16,39,1,56,0,0,92,6,98,0,16,131,7,154,88,32,120,274
08/28/2008,MKG,MI,AGL,CE,Combined TRACON& Tower with Radar,0,20,57,3,80,0,0,50,0,50,0,20,107,3,130,32,0,32,162
08/29/2008,MKG,MI,AGL,CE,Combined TRACON& Tower with Radar,0,14,35,0,49,0,0,50,1,51,0,14,85,1,100,34,14,48,148
08/30/2008,MKG,MI,AGL,CE,Combined TRACON& Tower with Radar,0,14,17,0,31,0,0,92,0,92,0,14,109,0,123,78,0,78,201
08/31/2008,MKG,MI,AGL,CE,Combined TRACON& Tower with Radar,0,12,33,0,45,0,0,88,0,88,0,12,121,0,133,28,0,28,161
09/01/2008,MKG,MI,AGL,CE,Combined TRACON& Tower with Radar,0,13,28,0,41,0,0,67,1,68,0,13,95,1,109,56,0,56,165
09/02/2008,MKG,MI,AGL,CE,Combined TRACON& Tower with Radar,0,14,23,0,37,0,0,97,1,98,0,14,120,1,135,96,24,120,255
09/03/2008,MKG,MI,AGL,CE,Combined TRACON& Tower with Radar,3,17,44,0,64,0,0,39,0,39,3,17,83,0,103,76,0,76,179
09/04/2008,MKG,MI,AGL,CE,Combined TRACON& Tower with Radar,0,18,28,0,46,0,0,3,0,3,0,18,31,0,49,0,0,0,49
09/05/2008,MKG,MI,AGL,CE,Combined TRACON& Tower with Radar,0,15,63,2,80,0,0,35,0,35,0,15,98,2,115,84,2,86,201
09/06/2008,MKG,MI,AGL,CE,Combined TRACON& Tower with Radar,1,13,25,0,39,0,0,92,2,94,1,13,117,2,133,132,0,132,265
09/07/2008,MKG,MI,AGL,CE,Combined TRACON& Tower with Radar,0,7,7,0,14,0,0,35,0,35,0,7,42,0,49,12,0,12,61
09/08/2008,MKG,MI,AGL,CE,Combined TRACON& Tower with Radar,0,8,28,0,36,0,0,19,0,19,0,8,47,0,55,40,0,40,95
09/09/2008,MKG,MI,AGL,CE,Combined TRACON& Tower with Radar,0,10,19,0,29,0,0,63,0,63,0,10,82,0,92,70,0,70,162
09/10/2008,MKG,MI,AGL,CE,Combined TRACON& Tower with Radar,0,8,30,1,39,0,0,71,0,71,0,8,101,1,110,82,0,82,192
09/11/2008,MKG,MI,AGL,CE,Combined TRACON& Tower with Radar,0,10,26,0,36,0,1,63,0,64,0,11,89,0,100,118,0,118,218
09/12/2008,MKG,MI,AGL,CE,Combined TRACON& Tower with Radar,0,13,10,0,23,0,0,0,0,0,0,13,10,0,23,6,0,6,29
09/13/2008,MKG,MI,AGL,CE,Combined TRACON& Tower with Radar,0,13,5,0,18,0,0,0,0,0,0,13,5,0,18,0,0,0,18
09/14/2008,MKG,MI,AGL,CE,Combined TRACON& Tower with Radar,0,7,10,0,17,0,0,1,0,1,0,7,11,0,18,0,0,0,18
09/15/2008,MKG,MI,AGL,CE,Combined TRACON& Tower with Radar,0,8,14,0,22,0,0,14,0,14,0,8,28,0,36,36,0,36,72
09/16/2008,MKG,MI,AGL,CE,Combined TRACON& Tower with Radar,0,7,20,0,27,0,0,57,0,57,0,7,77,0,84,48,0,48,132
09/17/2008,MKG,MI,AGL,CE,Combined TRACON& Tower with Radar,0,14,66,0,80,0,5,66,0,71,0,19,132,0,151,14,0,14,165
09/18/2008,MKG,MI,AGL,CE,Combined TRACON& Tower with Radar,1,14,26,1,42,0,0,35,0,35,1,14,61,1,77,58,0,58,135
09/19/2008,MKG,MI,AGL,CE,Combined TRACON& Tower with Radar,0,12,31,1,44,0,32,104,0,136,0,44,135,1,180,142,2,144,324
09/20/2008,MKG,MI,AGL,CE,Combined TRACON& Tower with Radar,0,10,8,0,18,0,0,93,0,93,0,10,101,0,111,60,0,60,171
09/21/2008,MKG,MI,AGL,CE,Combined TRACON& Tower with Radar,0,11,29,0,40,0,2,12,0,14,0,13,41,0,54,2,0,2,56
09/22/2008,MKG,MI,AGL,CE,Combined TRACON& Tower with Radar,0,8,18,0,26,0,2,82,0,84,0,10,100,0,110,84,0,84,194
09/23/2008,MKG,MI,AGL,CE,Combined TRACON& Tower with Radar,0,12,29,1,42,0,2,77,0,79,0,14,106,1,121,166,0,166,287
09/24/2008,MKG,MI,AGL,CE,Combined TRACON& Tower with Radar,0,7,56,0,63,0,3,82,0,85,0,10,138,0,148,156,0,156,304
09/25/2008,MKG,MI,AGL,CE,Combined TRACON& Tower with Radar,0,10,45,0,55,0,0,46,0,46,0,10,91,0,101,116,8,124,225
09/26/2008,MKG,MI,AGL,CE,Combined TRACON& Tower with Radar,0,9,28,0,37,0,0,83,0,83,0,9,111,0,120,78,0,78,198
09/27/2008,MKG,MI,AGL,CE,Combined TRACON& Tower with Radar,0,11,8,0,19,0,1,70,0,71,0,12,78,0,90,60,0,60,150
09/28/2008,MKG,MI,AGL,CE,Combined TRACON& Tower with Radar,0,12,19,0,31,0,0,17,0,17,0,12,36,0,48,18,0,18,66
09/29/2008,MKG,MI,AGL,CE,Combined TRACON& Tower with Radar,0,14,17,0,31,0,0,8,0,8,0,14,25,0,39,8,0,8,47
09/30/2008,MKG,MI,AGL,CE,Combined TRACON& Tower with Radar,0,22,63,0,85,0,0,0,0,0,0,22,63,0,85,24,0,24,109
10/01/2008,MKG,MI,AGL,CE,Combined TRACON& Tower with Radar,0,11,33,0,44,0,0,13,0,13,0,11,46,0,57,14,0,14,71
10/02/2008,MKG,MI,AGL,CE,Combined TRACON& Tower with Radar,0,16,44,0,60,0,0,23,0,23,0,16,67,0,83,42,0,42,125
10/03/2008,MKG,MI,AGL,CE,Combined TRACON& Tower with Radar,0,8,48,0,56,0,1,95,0,96,0,9,143,0,152,160,0,160,312
10/04/2008,MKG,MI,AGL,CE,Combined TRACON& Tower with Radar,0,14,14,0,28,0,0,99,0,99,0,14,113,0,127,108,0,108,235
10/05/2008,MKG,MI,AGL,CE,Combined TRACON& Tower with Radar,0,7,18,0,25,0,0,52,0,52,0,7,70,0,77,52,0,52,129
10/06/2008,MKG,MI,AGL,CE,Combined TRACON& Tower with Radar,1,7,26,0,34,0,2,53,0,55,1,9,79,0,89,80,0,80,169
10/07/2008,MKG,MI,AGL,CE,Combined TRACON& Tower with Radar,0,14,21,0,35,0,0,91,0,91,0,14,112,0,126,56,0,56,182
10/08/2008,MKG,MI,AGL,CE,Combined TRACON& Tower with Radar,0,11,28,0,39,0,0,17,0,17,0,11,45,0,56,58,0,58,114
10/09/2008,MKG,MI,AGL,CE,Combined TRACON& Tower with Radar,0,13,34,0,47,0,0,95,0,95,0,13,129,0,142,154,0,154,296
10/10/2008,MKG,MI,AGL,CE,Combined TRACON& Tower with Radar,0,13,42,0,55,0,0,125,2,127,0,13,167,2,182,152,0,152,334
10/11/2008,MKG,MI,AGL,CE,Combined TRACON& Tower with Radar,0,10,13,0,23,0,0,130,0,130,0,10,143,0,153,108,0,108,261
10/12/2008,MKG,MI,AGL,CE,Combined TRACON& Tower with Radar,0,6,20,0,26,0,0,84,0,84,0,6,104,0,110,52,0,52,162
10/13/2008,MKG,MI,AGL,CE,Combined TRACON& Tower with Radar,0,10,28,0,38,0,0,119,0,119,0,10,147,0,157,188,0,188,345
10/14/2008,MKG,MI,AGL,CE,Combined TRACON& Tower with Radar,0,11,19,0,30,0,0,82,0,82,0,11,101,0,112,126,0,126,238
10/15/2008,MKG,MI,AGL,CE,Combined TRACON& Tower with Radar,0,12,38,2,52,0,0,34,0,34,0,12,72,2,86,30,0,30,116
10/16/2008,MKG,MI,AGL,CE,Combined TRACON& Tower with Radar,0,10,38,0,48,0,0,85,0,85,0,10,123,0,133,172,0,172,305
10/17/2008,MKG,MI,AGL,CE,Combined TRACON& Tower with Radar,0,11,32,0,43,0,0,86,0,86,0,11,118,0,129,86,0,86,215
10/18/2008,MKG,MI,AGL,CE,Combined TRACON& Tower with Radar,0,10,12,0,22,0,1,108,0,109,0,11,120,0,131,80,0,80,211
10/19/2008,MKG,MI,AGL,CE,Combined TRACON& Tower with Radar,0,9,18,0,27,0,0,41,0,41,0,9,59,0,68,12,0,12,80
10/20/2008,MKG,MI,AGL,CE,Combined TRACON& Tower with Radar,0,7,29,0,36,0,0,15,0,15,0,7,44,0,51,8,0,8,59
10/21/2008,MKG,MI,AGL,CE,Combined TRACON& Tower with Radar,0,13,28,0,41,0,0,98,0,98,0,13,126,0,139,92,0,92,231
10/22/2008,MKG,MI,AGL,CE,Combined TRACON& Tower with Radar,0,10,35,0,45,0,0,65,0,65,0,10,100,0,110,110,0,110,220
10/23/2008,MKG,MI,AGL,CE,Combined TRACON& Tower with Radar,0,11,35,0,46,0,0,80,0,80,0,11,115,0,126,60,0,60,186
10/24/2008,MKG,MI,AGL,CE,Combined TRACON& Tower with Radar,0,8,12,0,20,0,0,12,0,12,0,8,24,0,32,52,0,52,84
10/25/2008,MKG,MI,AGL,CE,Combined TRACON& Tower with Radar,0,8,6,0,14,0,0,1,0,1,0,8,7,0,15,0,0,0,15
10/26/2008,MKG,MI,AGL,CE,Combined TRACON& Tower with Radar,0,17,6,0,23,0,0,7,0,7,0,17,13,0,30,12,0,12,42
10/27/2008,MKG,MI,AGL,CE,Combined TRACON& Tower with Radar,1,12,10,0,23,0,0,8,0,8,1,12,18,0,31,0,0,0,31
10/28/2008,MKG,MI,AGL,CE,Combined TRACON& Tower with Radar,0,9,26,0,35,0,0,45,0,45,0,9,71,0,80,162,0,162,242
10/29/2008,MKG,MI,AGL,CE,Combined TRACON& Tower with Radar,0,11,22,0,33,0,0,74,0,74,0,11,96,0,107,32,0,32,139
10/30/2008,MKG,MI,AGL,CE,Combined TRACON& Tower with Radar,0,6,30,0,36,0,0,53,2,55,0,6,83,2,91,32,0,32,123
10/31/2008,MKG,MI,AGL,CE,Combined TRACON& Tower with Radar,0,17,12,3,32,0,1,101,0,102,0,18,113,3,134,44,2,46,180
11/01/2008,MKG,MI,AGL,CE,Combined TRACON& Tower with Radar,0,11,7,0,18,0,0,108,0,108,0,11,115,0,126,146,0,146,272
11/02/2008,MKG,MI,AGL,CE,Combined TRACON& Tower with Radar,0,7,26,0,33,0,0,72,0,72,0,7,98,0,105,84,0,84,189
11/03/2008,MKG,MI,AGL,CE,Combined TRACON& Tower with Radar,0,8,13,0,21,0,0,75,0,75,0,8,88,0,96,120,0,120,216
11/04/2008,MKG,MI,AGL,CE,Combined TRACON& Tower with Radar,0,9,34,0,43,0,0,86,0,86,0,9,120,0,129,52,4,56,185
11/05/2008,MKG,MI,AGL,CE,Combined TRACON& Tower with Radar,0,6,32,4,42,0,0,86,6,92,0,6,118,10,134,46,0,46,180
11/06/2008,MKG,MI,AGL,CE,Combined TRACON& Tower with Radar,0,9,18,0,27,0,0,52,0,52,0,9,70,0,79,54,0,54,133
11/07/2008,MKG,MI,AGL,CE,Combined TRACON& Tower with Radar,0,8,25,0,33,0,0,46,0,46,0,8,71,0,79,80,0,80,159
11/08/2008,MKG,MI,AGL,CE,Combined TRACON& Tower with Radar,0,9,4,0,13,0,0,0,0,0,0,9,4,0,13,0,0,0,13
11/09/2008,MKG,MI,AGL,CE,Combined TRACON& Tower with Radar,0,5,3,0,8,0,1,11,0,12,0,6,14,0,20,12,0,12,32
11/10/2008,MKG,MI,AGL,CE,Combined TRACON& Tower with Radar,0,6,12,0,18,0,0,42,0,42,0,6,54,0,60,118,0,118,178
11/11/2008,MKG,MI,AGL,CE,Combined TRACON& Tower with Radar,0,11,23,0,34,0,0,88,0,88,0,11,111,0,122,238,0,238,360
11/12/2008,MKG,MI,AGL,CE,Combined TRACON& Tower with Radar,0,29,35,0,64,0,0,58,0,58,0,29,93,0,122,110,0,110,232
11/13/2008,MKG,MI,AGL,CE,Combined TRACON& Tower with Radar,0,27,30,2,59,0,20,76,0,96,0,47,106,2,155,24,0,24,179
11/14/2008,MKG,MI,AGL,CE,Combined TRACON& Tower with Radar,0,15,43,0,58,0,2,28,0,30,0,17,71,0,88,218,0,218,306
11/15/2008,MKG,MI,AGL,CE,Combined TRACON& Tower with Radar,0,9,2,0,11,0,0,7,0,7,0,9,9,0,18,6,0,6,24
11/16/2008,MKG,MI,AGL,CE,Combined TRACON& Tower with Radar,0,4,8,0,12,0,0,5,0,5,0,4,13,0,17,6,0,6,23
11/17/2008,MKG,MI,AGL,CE,Combined TRACON& Tower with Radar,0,9,8,0,17,0,0,0,0,0,0,9,8,0,17,0,0,0,17
11/18/2008,MKG,MI,AGL,CE,Combined TRACON& Tower with Radar,0,11,41,0,52,0,0,73,0,73,0,11,114,0,125,120,0,120,245
11/19/2008,MKG,MI,AGL,CE,Combined TRACON& Tower with Radar,0,9,26,0,35,0,2,47,0,49,0,11,73,0,84,22,0,22,106
11/20/2008,MKG,MI,AGL,CE,Combined TRACON& Tower with Radar,0,8,11,0,19,0,0,1,0,1,0,8,12,0,20,28,0,28,48
11/21/2008,MKG,MI,AGL,CE,Combined TRACON& Tower with Radar,0,10,13,0,23,0,0,0,0,0,0,10,13,0,23,20,0,20,43
11/22/2008,MKG,MI,AGL,CE,Combined TRACON& Tower with Radar,0,8,19,0,27,0,0,84,0,84,0,8,103,0,111,82,0,82,193
11/23/2008,MKG,MI,AGL,CE,Combined TRACON& Tower with Radar,0,5,13,0,18,0,0,42,0,42,0,5,55,0,60,4,0,4,64
11/24/2008,MKG,MI,AGL,CE,Combined TRACON& Tower with Radar,0,7,8,0,15,0,0,0,0,0,0,7,8,0,15,0,0,0,15
11/25/2008,MKG,MI,AGL,CE,Combined TRACON& Tower with Radar,0,11,22,0,33,0,0,26,0,26,0,11,48,0,59,108,0,108,167
11/26/2008,MKG,MI,AGL,CE,Combined TRACON& Tower with Radar,0,10,27,0,37,0,0,65,0,65,0,10,92,0,102,108,0,108,210
11/27/2008,MKG,MI,AGL,CE,Combined TRACON& Tower with Radar,0,5,2,0,7,0,0,4,0,4,0,5,6,0,11,0,0,0,11
11/28/2008,MKG,MI,AGL,CE,Combined TRACON& Tower with Radar,0,5,10,0,15,0,0,20,0,20,0,5,30,0,35,1,0,1,36
11/29/2008,MKG,MI,AGL,CE,Combined TRACON& Tower with Radar,0,8,32,0,40,0,0,82,0,82,0,8,114,0,122,102,0,102,224
11/30/2008,MKG,MI,AGL,CE,Combined TRACON& Tower with Radar,0,8,14,0,22,0,0,6,0,6,0,8,20,0,28,44,0,44,72
12/01/2008,MKG,MI,AGL,CE,Combined TRACON& Tower with Radar,0,6,20,0,26,0,0,2,0,2,0,6,22,0,28,0,0,0,28
12/02/2008,MKG,MI,AGL,CE,Combined TRACON& Tower with Radar,0,11,24,0,35,0,0,19,0,19,0,11,43,0,54,70,0,70,124
12/03/2008,MKG,MI,AGL,CE,Combined TRACON& Tower with Radar,0,12,21,0,33,0,0,11,0,11,0,12,32,0,44,62,0,62,106
12/04/2008,MKG,MI,AGL,CE,Combined TRACON& Tower with Radar,0,9,38,0,47,0,0,14,0,14,0,9,52,0,61,42,0,42,103
12/05/2008,MKG,MI,AGL,CE,Combined TRACON& Tower with Radar,0,12,11,0,23,0,0,0,0,0,0,12,11,0,23,0,0,0,23
12/06/2008,MKG,MI,AGL,CE,Combined TRACON& Tower with Radar,0,10,9,0,19,0,0,0,0,0,0,10,9,0,19,0,0,0,19
12/07/2008,MKG,MI,AGL,CE,Combined TRACON& Tower with Radar,0,7,15,0,22,0,0,25,0,25,0,7,40,0,47,24,0,24,71
12/08/2008,MKG,MI,AGL,CE,Combined TRACON& Tower with Radar,0,10,45,0,55,0,0,28,0,28,0,10,73,0,83,126,0,126,209
12/09/2008,MKG,MI,AGL,CE,Combined TRACON& Tower with Radar,0,10,12,0,22,0,0,0,0,0,0,10,12,0,22,0,0,0,22
12/10/2008,MKG,MI,AGL,CE,Combined TRACON& Tower with Radar,0,10,44,0,54,0,1,96,0,97,0,11,140,0,151,134,0,134,285
12/11/2008,MKG,MI,AGL,CE,Combined TRACON& Tower with Radar,0,17,39,0,56,0,0,32,0,32,0,17,71,0,88,106,0,106,194
12/12/2008,MKG,MI,AGL,CE,Combined TRACON& Tower with Radar,0,6,26,0,32,0,0,0,0,0,0,6,26,0,32,0,0,0,32
12/13/2008,MKG,MI,AGL,CE,Combined TRACON& Tower with Radar,0,10,11,0,21,0,0,6,0,6,0,10,17,0,27,0,0,0,27
12/14/2008,MKG,MI,AGL,CE,Combined TRACON& Tower with Radar,0,9,14,0,23,0,0,0,1,1,0,9,14,1,24,0,0,0,24
12/15/2008,MKG,MI,AGL,CE,Combined TRACON& Tower with Radar,0,9,10,0,19,0,0,0,0,0,0,9,10,0,19,12,0,12,31
12/16/2008,MKG,MI,AGL,CE,Combined TRACON& Tower with Radar,0,9,39,0,48,0,0,24,0,24,0,9,63,0,72,68,0,68,140
12/17/2008,MKG,MI,AGL,CE,Combined TRACON& Tower with Radar,0,16,23,0,39,0,0,0,0,0,0,16,23,0,39,0,0,0,39
12/18/2008,MKG,MI,AGL,CE,Combined TRACON& Tower with Radar,0,10,38,0,48,0,0,18,0,18,0,10,56,0,66,78,0,78,144
12/19/2008,MKG,MI,AGL,CE,Combined TRACON& Tower with Radar,0,6,7,0,13,0,0,3,0,3,0,6,10,0,16,0,0,0,16
12/20/2008,MKG,MI,AGL,CE,Combined TRACON& Tower with Radar,0,11,6,0,17,0,0,24,0,24,0,11,30,0,41,36,0,36,77
12/21/2008,MKG,MI,AGL,CE,Combined TRACON& Tower with Radar,0,1,1,0,2,0,0,0,0,0,0,1,1,0,2,0,0,0,2
12/22/2008,MKG,MI,AGL,CE,Combined TRACON& Tower with Radar,0,13,15,0,28,0,0,0,0,0,0,13,15,0,28,0,0,0,28
12/23/2008,MKG,MI,AGL,CE,Combined TRACON& Tower with Radar,0,10,12,0,22,0,0,0,0,0,0,10,12,0,22,0,0,0,22
12/24/2008,MKG,MI,AGL,CE,Combined TRACON& Tower with Radar,0,4,2,0,6,0,0,0,0,0,0,4,2,0,6,0,0,0,6
12/25/2008,MKG,MI,AGL,CE,Combined TRACON& Tower with Radar,0,6,8,0,14,0,0,1,0,1,0,6,9,0,15,0,0,0,15
12/26/2008,MKG,MI,AGL,CE,Combined TRACON& Tower with Radar,1,7,3,0,11,0,0,0,0,0,1,7,3,0,11,0,0,0,11
12/27/2008,MKG,MI,AGL,CE,Combined TRACON& Tower with Radar,0,10,3,0,13,0,0,0,0,0,0,10,3,0,13,0,0,0,13
12/28/2008,MKG,MI,AGL,CE,Combined TRACON& Tower with Radar,0,8,2,1,11,0,0,0,0,0,0,8,2,1,11,2,0,2,13
12/29/2008,MKG,MI,AGL,CE,Combined TRACON& Tower with Radar,0,5,5,0,10,0,0,0,0,0,0,5,5,0,10,28,0,28,38
12/30/2008,MKG,MI,AGL,CE,Combined TRACON& Tower with Radar,0,11,29,0,40,0,0,33,0,33,0,11,62,0,73,82,0,82,155
12/31/2008,MKG,MI,AGL,CE,Combined TRACON& Tower with Radar,0,8,16,0,24,0,4,4,0,8,0,12,20,0,32,8,0,8,40
01/01/2009,MKG,MI,AGL,CE,Combined TRACON& Tower with Radar,0,6,9,0,15,0,1,12,0,13,0,7,21,0,28,0,0,0,28
01/02/2009,MKG,MI,AGL,CE,Combined TRACON& Tower with Radar,0,10,47,0,57,0,0,17,0,17,0,10,64,0,74,74,0,74,148
01/03/2009,MKG,MI,AGL,CE,Combined TRACON& Tower with Radar,0,5,19,0,24,0,0,84,0,84,0,5,103,0,108,106,0,106,214
01/04/2009,MKG,MI,AGL,CE,Combined TRACON& Tower with Radar,0,7,2,0,9,0,0,0,0,0,0,7,2,0,9,0,0,0,9
01/05/2009,MKG,MI,AGL,CE,Combined TRACON& Tower with Radar,0,7,39,0,46,0,0,82,0,82,0,7,121,0,128,132,0,132,260
01/06/2009,MKG,MI,AGL,CE,Combined TRACON& Tower with Radar,0,6,27,0,33,0,0,75,0,75,0,6,102,0,108,108,0,108,216
01/07/2009,MKG,MI,AGL,CE,Combined TRACON& Tower with Radar,0,12,4,0,16,0,0,0,0,0,0,12,4,0,16,0,0,0,16
01/08/2009,MKG,MI,AGL,CE,Combined TRACON& Tower with Radar,0,10,12,0,22,0,0,7,0,7,0,10,19,0,29,58,0,58,87
01/09/2009,MKG,MI,AGL,CE,Combined TRACON& Tower with Radar,0,9,6,0,15,0,0,8,0,8,0,9,14,0,23,12,0,12,35
01/10/2009,MKG,MI,AGL,CE,Combined TRACON& Tower with Radar,0,9,10,0,19,0,0,14,0,14,0,9,24,0,33,14,0,14,47
01/11/2009,MKG,MI,AGL,CE,Combined TRACON& Tower with Radar,0,8,3,0,11,0,0,1,0,1,0,8,4,0,12,0,0,0,12
01/12/2009,MKG,MI,AGL,CE,Combined TRACON& Tower with Radar,0,7,10,1,18,0,0,19,0,19,0,7,29,1,37,94,0,94,131
01/13/2009,MKG,MI,AGL,CE,Combined TRACON& Tower with Radar,0,9,8,3,20,0,1,24,0,25,0,10,32,3,45,68,0,68,113
01/14/2009,MKG,MI,AGL,CE,Combined TRACON& Tower with Radar,0,12,13,0,25,0,0,10,0,10,0,12,23,0,35,22,0,22,57
01/15/2009,MKG,MI,AGL,CE,Combined TRACON& Tower with Radar,0,11,19,0,30,0,0,0,0,0,0,11,19,0,30,0,0,0,30
01/16/2009,MKG,MI,AGL,CE,Combined TRACON& Tower with Radar,0,14,35,2,51,0,1,43,0,44,0,15,78,2,95,28,0,28,123
01/17/2009,MKG,MI,AGL,CE,Combined TRACON& Tower with Radar,0,3,6,0,9,0,0,0,0,0,0,3,6,0,9,0,0,0,9
01/18/2009,MKG,MI,AGL,CE,Combined TRACON& Tower with Radar,0,6,8,0,14,0,0,0,0,0,0,6,8,0,14,0,0,0,14
01/19/2009,MKG,MI,AGL,CE,Combined TRACON& Tower with Radar,0,8,35,0,43,0,0,85,0,85,0,8,120,0,128,102,0,102,230
01/20/2009,MKG,MI,AGL,CE,Combined TRACON& Tower with Radar,0,9,44,0,53,0,0,58,0,58,0,9,102,0,111,52,0,52,163
01/21/2009,MKG,MI,AGL,CE,Combined TRACON& Tower with Radar,0,9,15,0,24,0,0,28,0,28,0,9,43,0,52,76,0,76,128
01/22/2009,MKG,MI,AGL,CE,Combined TRACON& Tower with Radar,0,11,15,0,26,0,0,2,0,2,0,11,17,0,28,16,0,16,44
01/23/2009,MKG,MI,AGL,CE,Combined TRACON& Tower with Radar,0,9,6,0,15,0,0,4,0,4,0,9,10,0,19,34,0,34,53
01/24/2009,MKG,MI,AGL,CE,Combined TRACON& Tower with Radar,0,10,33,0,43,0,0,2,0,2,0,10,35,0,45,32,0,32,77
01/25/2009,MKG,MI,AGL,CE,Combined TRACON& Tower with Radar,0,8,25,0,33,0,0,31,0,31,0,8,56,0,64,50,0,50,114
01/26/2009,MKG,MI,AGL,CE,Combined TRACON& Tower with Radar,2,7,30,0,39,0,0,83,0,83,2,7,113,0,122,60,0,60,182
01/27/2009,MKG,MI,AGL,CE,Combined TRACON& Tower with Radar,0,13,40,0,53,0,0,83,0,83,0,13,123,0,136,142,0,142,278
01/28/2009,MKG,MI,AGL,CE,Combined TRACON& Tower with Radar,0,6,31,0,37,0,0,35,0,35,0,6,66,0,72,106,0,106,178
01/29/2009,MKG,MI,AGL,CE,Combined TRACON& Tower with Radar,0,9,17,0,26,0,0,3,0,3,0,9,20,0,29,0,0,0,29
01/30/2009,MKG,MI,AGL,CE,Combined TRACON& Tower with Radar,0,12,10,0,22,0,0,5,0,5,0,12,15,0,27,6,0,6,33
01/31/2009,MKG,MI,AGL,CE,Combined TRACON& Tower with Radar,0,11,8,0,19,0,0,8,0,8,0,11,16,0,27,44,0,44,71
02/01/2009,MKG,MI,AGL,CE,Combined TRACON& Tower with Radar,0,7,9,0,16,0,0,49,0,49,0,7,58,0,65,38,0,38,103
02/02/2009,MKG,MI,AGL,CE,Combined TRACON& Tower with Radar,0,4,6,0,10,0,0,46,0,46,0,4,52,0,56,114,0,114,170
02/03/2009,MKG,MI,AGL,CE,Combined TRACON& Tower with Radar,0,8,41,0,49,0,0,22,0,22,0,8,63,0,71,48,0,48,119
02/04/2009,MKG,MI,AGL,CE,Combined TRACON& Tower with Radar,0,11,20,0,31,0,0,63,0,63,0,11,83,0,94,66,0,66,160
02/05/2009,MKG,MI,AGL,CE,Combined TRACON& Tower with Radar,0,10,23,0,33,0,0,54,0,54,0,10,77,0,87,34,0,34,121
02/06/2009,MKG,MI,AGL,CE,Combined TRACON& Tower with Radar,0,10,30,0,40,0,0,85,3,88,0,10,115,3,128,60,0,60,188
02/07/2009,MKG,MI,AGL,CE,Combined TRACON& Tower with Radar,0,9,3,0,12,0,0,14,0,14,0,9,17,0,26,14,0,14,40
02/08/2009,MKG,MI,AGL,CE,Combined TRACON& Tower with Radar,0,5,38,0,43,0,0,113,0,113,0,5,151,0,156,142,0,142,298
02/09/2009,MKG,MI,AGL,CE,Combined TRACON& Tower with Radar,0,10,18,0,28,0,0,46,0,46,0,10,64,0,74,88,0,88,162
02/10/2009,MKG,MI,AGL,CE,Combined TRACON& Tower with Radar,0,10,22,0,32,0,0,14,1,15,0,10,36,1,47,0,2,2,49
02/11/2009,MKG,MI,AGL,CE,Combined TRACON& Tower with Radar,0,6,2,0,8,0,0,1,0,1,0,6,3,0,9,0,0,0,9
02/12/2009,MKG,MI,AGL,CE,Combined TRACON& Tower with Radar,0,12,26,0,38,0,0,40,0,40,0,12,66,0,78,12,0,12,90
02/13/2009,MKG,MI,AGL,CE,Combined TRACON& Tower with Radar,0,10,36,0,46,0,0,43,0,43,0,10,79,0,89,180,0,180,269
02/14/2009,MKG,MI,AGL,CE,Combined TRACON& Tower with Radar,0,8,11,0,19,0,0,34,0,34,0,8,45,0,53,92,0,92,145
02/15/2009,MKG,MI,AGL,CE,Combined TRACON& Tower with Radar,0,6,9,0,15,0,1,34,0,35,0,7,43,0,50,42,0,42,92
02/16/2009,MKG,MI,AGL,CE,Combined TRACON& Tower with Radar,0,9,28,0,37,0,0,84,0,84,0,9,112,0,121,114,0,114,235
02/17/2009,MKG,MI,AGL,CE,Combined TRACON& Tower with Radar,0,8,28,0,36,0,0,54,0,54,0,8,82,0,90,32,0,32,122
02/18/2009,MKG,MI,AGL,CE,Combined TRACON& Tower with Radar,0,11,17,0,28,0,0,0,0,0,0,11,17,0,28,0,0,0,28
02/19/2009,MKG,MI,AGL,CE,Combined TRACON& Tower with Radar,0,8,12,0,20,0,0,2,0,2,0,8,14,0,22,0,0,0,22
02/20/2009,MKG,MI,AGL,CE,Combined TRACON& Tower with Radar,0,11,27,0,38,0,0,38,0,38,0,11,65,0,76,128,0,128,204
02/21/2009,MKG,MI,AGL,CE,Combined TRACON& Tower with Radar,0,7,0,0,7,0,0,0,0,0,0,7,0,0,7,0,0,0,7
02/22/2009,MKG,MI,AGL,CE,Combined TRACON& Tower with Radar,0,10,3,0,13,0,0,0,0,0,0,10,3,0,13,0,0,0,13
02/23/2009,MKG,MI,AGL,CE,Combined TRACON& Tower with Radar,0,7,28,0,35,0,0,42,0,42,0,7,70,0,77,92,0,92,169
02/24/2009,MKG,MI,AGL,CE,Combined TRACON& Tower with Radar,0,14,28,1,43,0,5,52,1,58,0,19,80,2,101,54,0,54,155
02/25/2009,MKG,MI,AGL,CE,Combined TRACON& Tower with Radar,0,11,26,0,37,0,1,32,0,33,0,12,58,0,70,16,0,16,86
02/26/2009,MKG,MI,AGL,CE,Combined TRACON& Tower with Radar,0,6,20,0,26,0,0,24,0,24,0,6,44,0,50,20,0,20,70
02/27/2009,MKG,MI,AGL,CE,Combined TRACON& Tower with Radar,0,10,14,0,24,0,0,20,0,20,0,10,34,0,44,16,0,16,60
02/28/2009,MKG,MI,AGL,CE,Combined TRACON& Tower with Radar,0,9,23,0,32,0,0,97,0,97,0,9,120,0,129,108,0,108,237
03/01/2009,MKG,MI,AGL,CE,Combined TRACON& Tower with Radar,0,6,4,0,10,0,0,9,0,9,0,6,13,0,19,8,0,8,27
03/02/2009,MKG,MI,AGL,CE,Combined TRACON& Tower with Radar,0,8,17,0,25,0,0,60,0,60,0,8,77,0,85,70,0,70,155
03/03/2009,MKG,MI,AGL,CE,Combined TRACON& Tower with Radar,0,14,27,0,41,0,6,82,0,88,0,20,109,0,129,74,0,74,203
03/04/2009,MKG,MI,AGL,CE,Combined TRACON& Tower with Radar,0,11,32,2,45,0,0,84,2,86,0,11,116,4,131,94,0,94,225
03/05/2009,MKG,MI,AGL,CE,Combined TRACON& Tower with Radar,0,7,13,0,20,0,1,23,0,24,0,8,36,0,44,30,0,30,74
03/06/2009,MKG,MI,AGL,CE,Combined TRACON& Tower with Radar,0,12,40,0,52,0,0,47,0,47,0,12,87,0,99,120,0,120,219
03/07/2009,MKG,MI,AGL,CE,Combined TRACON& Tower with Radar,0,8,2,0,10,0,0,0,0,0,0,8,2,0,10,0,0,0,10
03/08/2009,MKG,MI,AGL,CE,Combined TRACON& Tower with Radar,0,4,1,0,5,0,0,0,0,0,0,4,1,0,5,0,0,0,5
03/09/2009,MKG,MI,AGL,CE,Combined TRACON& Tower with Radar,0,7,34,0,41,0,0,55,0,55,0,7,89,0,96,44,0,44,140
03/10/2009,MKG,MI,AGL,CE,Combined TRACON& Tower with Radar,0,7,25,0,32,0,0,0,0,0,0,7,25,0,32,0,0,0,32
03/11/2009,MKG,MI,AGL,CE,Combined TRACON& Tower with Radar,0,27,29,0,56,0,0,2,0,2,0,27,31,0,58,8,0,8,66
03/12/2009,MKG,MI,AGL,CE,Combined TRACON& Tower with Radar,0,9,24,0,33,0,0,104,0,104,0,9,128,0,137,106,0,106,243
03/13/2009,MKG,MI,AGL,CE,Combined TRACON& Tower with Radar,0,10,38,0,48,0,0,72,0,72,0,10,110,0,120,46,0,46,166
03/14/2009,MKG,MI,AGL,CE,Combined TRACON& Tower with Radar,0,13,35,0,48,0,0,86,0,86,0,13,121,0,134,224,0,224,358
03/15/2009,MKG,MI,AGL,CE,Combined TRACON& Tower with Radar,1,16,24,0,41,0,0,86,0,86,1,16,110,0,127,26,0,26,153
03/16/2009,MKG,MI,AGL,CE,Combined TRACON& Tower with Radar,0,12,38,0,50,0,0,113,0,113,0,12,151,0,163,158,0,158,321
03/17/2009,MKG,MI,AGL,CE,Combined TRACON& Tower with Radar,0,11,33,0,44,0,0,37,0,37,0,11,70,0,81,48,0,48,129
03/18/2009,MKG,MI,AGL,CE,Combined TRACON& Tower with Radar,0,12,29,0,41,0,0,89,0,89,0,12,118,0,130,130,0,130,260
03/19/2009,MKG,MI,AGL,CE,Combined TRACON& Tower with Radar,0,10,29,0,39,0,0,60,0,60,0,10,89,0,99,54,0,54,153
03/20/2009,MKG,MI,AGL,CE,Combined TRACON& Tower with Radar,0,13,31,0,44,0,0,70,0,70,0,13,101,0,114,36,0,36,150
03/21/2009,MKG,MI,AGL,CE,Combined TRACON& Tower with Radar,0,10,15,0,25,0,2,47,0,49,0,12,62,0,74,90,0,90,164
03/22/2009,MKG,MI,AGL,CE,Combined TRACON& Tower with Radar,0,7,19,0,26,0,0,56,0,56,0,7,75,0,82,58,0,58,140
03/23/2009,MKG,MI,AGL,CE,Combined TRACON& Tower with Radar,0,6,10,0,16,0,0,28,0,28,0,6,38,0,44,8,0,8,52
03/24/2009,MKG,MI,AGL,CE,Combined TRACON& Tower with Radar,0,14,2,0,16,0,0,12,0,12,0,14,14,0,28,52,0,52,80
03/25/2009,MKG,MI,AGL,CE,Combined TRACON& Tower with Radar,0,13,11,0,24,0,0,36,0,36,0,13,47,0,60,58,0,58,118
03/26/2009,MKG,MI,AGL,CE,Combined TRACON& Tower with Radar,0,9,24,0,33,0,0,111,1,112,0,9,135,1,145,90,0,90,235
03/27/2009,MKG,MI,AGL,CE,Combined TRACON& Tower with Radar,0,9,27,1,37,0,2,64,0,66,0,11,91,1,103,120,2,122,225
03/28/2009,MKG,MI,AGL,CE,Combined TRACON& Tower with Radar,0,8,24,1,33,0,0,97,0,97,0,8,121,1,130,118,0,118,248
03/29/2009,MKG,MI,AGL,CE,Combined TRACON& Tower with Radar,0,8,0,0,8,0,0,4,0,4,0,8,4,0,12,14,0,14,26
03/30/2009,MKG,MI,AGL,CE,Combined TRACON& Tower with Radar,0,15,63,1,79,0,1,144,0,145,0,16,207,1,224,98,0,98,322
03/31/2009,MKG,MI,AGL,CE,Combined TRACON& Tower with Radar,0,10,25,0,35,0,2,26,0,28,0,12,51,0,63,0,0,0,63
04/01/2009,MKG,MI,AGL,CE,Combined TRACON& Tower with Radar,0,8,17,0,25,0,0,23,0,23,0,8,40,0,48,4,0,4,52
04/02/2009,MKG,MI,AGL,CE,Combined TRACON& Tower with Radar,0,11,31,0,42,0,0,69,0,69,0,11,100,0,111,106,0,106,217
04/03/2009,MKG,MI,AGL,CE,Combined TRACON& Tower with Radar,0,10,15,0,25,0,0,4,0,4,0,10,19,0,29,8,0,8,37
04/04/2009,MKG,MI,AGL,CE,Combined TRACON& Tower with Radar,0,8,36,0,44,0,0,110,0,110,0,8,146,0,154,126,0,126,280
04/05/2009,MKG,MI,AGL,CE,Combined TRACON& Tower with Radar,0,5,1,0,6,0,0,8,0,8,0,5,9,0,14,0,0,0,14
04/06/2009,MKG,MI,AGL,CE,Combined TRACON& Tower with Radar,0,9,6,2,17,0,0,8,0,8,0,9,14,2,25,0,0,0,25
04/07/2009,MKG,MI,AGL,CE,Combined TRACON& Tower with Radar,0,10,10,0,20,0,0,9,0,9,0,10,19,0,29,2,0,2,31
04/08/2009,MKG,MI,AGL,CE,Combined TRACON& Tower with Radar,0,10,39,0,49,0,0,104,1,105,0,10,143,1,154,130,0,130,284
04/09/2009,MKG,MI,AGL,CE,Combined TRACON& Tower with Radar,0,9,41,0,50,0,0,114,0,114,0,9,155,0,164,242,0,242,406
04/10/2009,MKG,MI,AGL,CE,Combined TRACON& Tower with Radar,0,7,23,0,30,0,11,78,0,89,0,18,101,0,119,96,0,96,215
04/11/2009,MKG,MI,AGL,CE,Combined TRACON& Tower with Radar,0,8,36,0,44,0,0,117,0,117,0,8,153,0,161,82,0,82,243
04/12/2009,MKG,MI,AGL,CE,Combined TRACON& Tower with Radar,0,10,13,0,23,0,0,35,0,35,0,10,48,0,58,58,0,58,116
04/13/2009,MKG,MI,AGL,CE,Combined TRACON& Tower with Radar,0,5,11,1,17,0,0,26,1,27,0,5,37,2,44,2,0,2,46
04/14/2009,MKG,MI,AGL,CE,Combined TRACON& Tower with Radar,0,12,37,0,49,0,0,38,0,38,0,12,75,0,87,106,0,106,193
04/15/2009,MKG,MI,AGL,CE,Combined TRACON& Tower with Radar,0,15,35,0,50,0,0,96,0,96,0,15,131,0,146,114,0,114,260
04/16/2009,MKG,MI,AGL,CE,Combined TRACON& Tower with Radar,0,10,27,0,37,0,3,126,0,129,0,13,153,0,166,192,0,192,358
04/17/2009,MKG,MI,AGL,CE,Combined TRACON& Tower with Radar,0,10,43,0,53,0,0,122,1,123,0,10,165,1,176,200,0,200,376
04/18/2009,MKG,MI,AGL,CE,Combined TRACON& Tower with Radar,0,8,30,0,38,0,0,115,0,115,0,8,145,0,153,150,0,150,303
04/19/2009,MKG,MI,AGL,CE,Combined TRACON& Tower with Radar,0,6,18,2,26,0,0,15,2,17,0,6,33,4,43,32,1,33,76
04/20/2009,MKG,MI,AGL,CE,Combined TRACON& Tower with Radar,0,9,3,0,12,0,0,0,0,0,0,9,3,0,12,0,0,0,12
04/21/2009,MKG,MI,AGL,CE,Combined TRACON& Tower with Radar,0,9,11,1,21,0,0,0,0,0,0,9,11,1,21,0,0,0,21
04/22/2009,MKG,MI,AGL,CE,Combined TRACON& Tower with Radar,0,12,41,0,53,0,0,79,0,79,0,12,120,0,132,136,0,136,268
04/23/2009,MKG,MI,AGL,CE,Combined TRACON& Tower with Radar,0,9,33,0,42,0,0,89,0,89,0,9,122,0,131,94,0,94,225
04/24/2009,MKG,MI,AGL,CE,Combined TRACON& Tower with Radar,0,10,25,0,35,0,0,112,0,112,0,10,137,0,147,146,0,146,293
04/25/2009,MKG,MI,AGL,CE,Combined TRACON& Tower with Radar,0,8,14,1,23,0,2,4,4,10,0,10,18,5,33,0,0,0,33
04/26/2009,MKG,MI,AGL,CE,Combined TRACON& Tower with Radar,0,7,4,1,12,0,0,0,0,0,0,7,4,1,12,0,0,0,12
04/27/2009,MKG,MI,AGL,CE,Combined TRACON& Tower with Radar,0,5,2,0,7,0,0,3,0,3,0,5,5,0,10,0,0,0,10
04/28/2009,MKG,MI,AGL,CE,Combined TRACON& Tower with Radar,0,27,34,0,61,0,3,68,0,71,0,30,102,0,132,148,0,148,280
04/29/2009,MKG,MI,AGL,CE,Combined TRACON& Tower with Radar,0,10,30,0,40,0,0,62,0,62,0,10,92,0,102,68,0,68,170
04/30/2009,MKG,MI,AGL,CE,Combined TRACON& Tower with Radar,0,0,0,0,0,0,0,0,0,0,0,0,0,0,0,0,0,0,0
05/01/2009,MKG,MI,AGL,CE,Combined TRACON& Tower with Radar,0,9,28,0,37,0,0,86,0,86,0,9,114,0,123,122,0,122,245
05/02/2009,MKG,MI,AGL,CE,Combined TRACON& Tower with Radar,0,8,13,0,21,0,1,94,0,95,0,9,107,0,116,100,0,100,216
05/03/2009,MKG,MI,AGL,CE,Combined TRACON& Tower with Radar,0,7,22,0,29,0,0,59,0,59,0,7,81,0,88,86,0,86,174
05/04/2009,MKG,MI,AGL,CE,Combined TRACON& Tower with Radar,0,4,30,0,34,0,0,85,0,85,0,4,115,0,119,178,0,178,297
05/05/2009,MKG,MI,AGL,CE,Combined TRACON& Tower with Radar,0,5,23,0,28,0,0,66,0,66,0,5,89,0,94,112,0,112,206
05/06/2009,MKG,MI,AGL,CE,Combined TRACON& Tower with Radar,0,10,51,0,61,0,0,47,0,47,0,10,98,0,108,44,0,44,152
05/07/2009,MKG,MI,AGL,CE,Combined TRACON& Tower with Radar,0,8,22,0,30,0,0,10,0,10,0,8,32,0,40,6,0,6,46
05/08/2009,MKG,MI,AGL,CE,Combined TRACON& Tower with Radar,0,7,32,0,39,0,0,90,0,90,0,7,122,0,129,52,0,52,181
05/09/2009,MKG,MI,AGL,CE,Combined TRACON& Tower with Radar,0,7,4,0,11,0,0,1,0,1,0,7,5,0,12,0,0,0,12
05/10/2009,MKG,MI,AGL,CE,Combined TRACON& Tower with Radar,3,6,0,0,9,0,2,37,0,39,3,8,37,0,48,36,0,36,84
05/11/2009,MKG,MI,AGL,CE,Combined TRACON& Tower with Radar,1,6,34,0,41,0,1,80,0,81,1,7,114,0,122,124,0,124,246
05/12/2009,MKG,MI,AGL,CE,Combined TRACON& Tower with Radar,0,10,27,0,37,0,0,106,0,106,0,10,133,0,143,136,0,136,279
05/13/2009,MKG,MI,AGL,CE,Combined TRACON& Tower with Radar,0,12,27,0,39,0,0,13,0,13,0,12,40,0,52,44,0,44,96
05/14/2009,MKG,MI,AGL,CE,Combined TRACON& Tower with Radar,0,9,25,0,34,0,0,47,0,47,0,9,72,0,81,68,0,68,149
05/15/2009,MKG,MI,AGL,CE,Combined TRACON& Tower with Radar,0,10,34,0,44,0,0,74,0,74,0,10,108,0,118,116,0,116,234
05/16/2009,MKG,MI,AGL,CE,Combined TRACON& Tower with Radar,0,8,9,0,17,0,0,12,0,12,0,8,21,0,29,0,0,0,29
05/17/2009,MKG,MI,AGL,CE,Combined TRACON& Tower with Radar,1,4,7,0,12,0,0,55,0,55,1,4,62,0,67,58,0,58,125
05/18/2009,MKG,MI,AGL,CE,Combined TRACON& Tower with Radar,0,11,29,0,40,0,2,91,0,93,0,13,120,0,133,130,0,130,263
05/19/2009,MKG,MI,AGL,CE,Combined TRACON& Tower with Radar,0,7,37,0,44,0,0,51,0,51,0,7,88,0,95,12,0,12,107
05/20/2009,MKG,MI,AGL,CE,Combined TRACON& Tower with Radar,0,10,27,0,37,0,0,47,0,47,0,10,74,0,84,36,0,36,120
05/21/2009,MKG,MI,AGL,CE,Combined TRACON& Tower with Radar,0,10,29,0,39,0,0,56,6,62,0,10,85,6,101,68,0,68,169
05/22/2009,MKG,MI,AGL,CE,Combined TRACON& Tower with Radar,0,8,66,0,74,0,0,129,0,129,0,8,195,0,203,176,0,176,379
05/23/2009,MKG,MI,AGL,CE,Combined TRACON& Tower with Radar,0,7,30,0,37,0,0,81,0,81,0,7,111,0,118,96,16,112,230
05/24/2009,MKG,MI,AGL,CE,Combined TRACON& Tower with Radar,0,4,13,0,17,0,0,81,3,84,0,4,94,3,101,54,0,54,155
05/25/2009,MKG,MI,AGL,CE,Combined TRACON& Tower with Radar,0,9,5,0,14,0,0,26,0,26,0,9,31,0,40,24,0,24,64
05/26/2009,MKG,MI,AGL,CE,Combined TRACON& Tower with Radar,0,11,16,2,29,0,0,20,6,26,0,11,36,8,55,42,4,46,101
05/27/2009,MKG,MI,AGL,CE,Combined TRACON& Tower with Radar,0,13,46,13,72,0,0,1,1,2,0,13,47,14,74,8,30,38,112
05/28/2009,MKG,MI,AGL,CE,Combined TRACON& Tower with Radar,0,14,28,0,42,0,0,2,3,5,0,14,30,3,47,14,12,26,73
05/29/2009,MKG,MI,AGL,CE,Combined TRACON& Tower with Radar,0,9,24,2,35,0,0,105,11,116,0,9,129,13,151,88,24,112,263
05/30/2009,MKG,MI,AGL,CE,Combined TRACON& Tower with Radar,0,8,47,0,55,0,0,468,3,471,0,8,515,3,526,404,16,420,946
05/31/2009,MKG,MI,AGL,CE,Combined TRACON& Tower with Radar,1,5,22,0,28,0,2,72,2,76,1,7,94,2,104,22,0,22,126
06/01/2009,MKG,MI,AGL,CE,Combined TRACON& Tower with Radar,0,10,20,0,30,0,0,26,3,29,0,10,46,3,59,54,0,54,113
06/02/2009,MKG,MI,AGL,CE,Combined TRACON& Tower with Radar,0,7,27,2,36,0,2,64,2,68,0,9,91,4,104,84,0,84,188
06/03/2009,MKG,MI,AGL,CE,Combined TRACON& Tower with Radar,0,12,25,28,65,0,1,72,4,77,0,13,97,32,142,100,0,100,242
06/04/2009,MKG,MI,AGL,CE,Combined TRACON& Tower with Radar,0,9,52,0,61,0,0,121,3,124,0,9,173,3,185,200,0,200,385
06/05/2009,MKG,MI,AGL,CE,Combined TRACON& Tower with Radar,0,9,18,1,28,0,0,85,5,90,0,9,103,6,118,64,0,64,182
06/06/2009,MKG,MI,AGL,CE,Combined TRACON& Tower with Radar,0,7,39,0,46,0,1,56,0,57,0,8,95,0,103,76,0,76,179
06/07/2009,MKG,MI,AGL,CE,Combined TRACON& Tower with Radar,0,10,20,0,30,0,0,26,0,26,0,10,46,0,56,52,0,52,108
06/08/2009,MKG,MI,AGL,CE,Combined TRACON& Tower with Radar,0,7,21,0,28,0,0,1,2,3,0,7,22,2,31,6,0,6,37
06/09/2009,MKG,MI,AGL,CE,Combined TRACON& Tower with Radar,0,11,34,0,45,0,0,34,0,34,0,11,68,0,79,64,0,64,143
06/10/2009,MKG,MI,AGL,CE,Combined TRACON& Tower with Radar,0,10,30,0,40,0,0,85,0,85,0,10,115,0,125,178,0,178,303
06/11/2009,MKG,MI,AGL,CE,Combined TRACON& Tower with Radar,0,13,25,6,44,0,0,9,2,11,0,13,34,8,55,30,0,30,85
06/12/2009,MKG,MI,AGL,CE,Combined TRACON& Tower with Radar,0,9,36,0,45,0,0,131,0,131,0,9,167,0,176,66,0,66,242
06/13/2009,MKG,MI,AGL,CE,Combined TRACON& Tower with Radar,0,5,20,0,25,0,0,35,2,37,0,5,55,2,62,14,38,52,114
06/14/2009,MKG,MI,AGL,CE,Combined TRACON& Tower with Radar,0,6,17,0,23,0,0,63,0,63,0,6,80,0,86,48,0,48,134
06/15/2009,MKG,MI,AGL,CE,Combined TRACON& Tower with Radar,1,9,27,2,39,0,2,96,3,101,1,11,123,5,140,102,8,110,250
06/16/2009,MKG,MI,AGL,CE,Combined TRACON& Tower with Radar,0,9,28,0,37,0,0,48,1,49,0,9,76,1,86,170,0,170,256
06/17/2009,MKG,MI,AGL,CE,Combined TRACON& Tower with Radar,0,10,36,0,46,0,0,0,1,1,0,10,36,1,47,0,0,0,47
06/18/2009,MKG,MI,AGL,CE,Combined TRACON& Tower with Radar,0,11,43,2,56,0,0,77,0,77,0,11,120,2,133,94,0,94,227
06/19/2009,MKG,MI,AGL,CE,Combined TRACON& Tower with Radar,0,9,24,0,33,0,0,17,0,17,0,9,41,0,50,26,0,26,76
06/20/2009,MKG,MI,AGL,CE,Combined TRACON& Tower with Radar,0,7,30,0,37,0,0,40,2,42,0,7,70,2,79,30,0,30,109
06/21/2009,MKG,MI,AGL,CE,Combined TRACON& Tower with Radar,0,7,20,0,27,0,0,72,0,72,0,7,92,0,99,16,0,16,115
06/22/2009,MKG,MI,AGL,CE,Combined TRACON& Tower with Radar,0,8,32,0,40,0,1,102,4,107,0,9,134,4,147,68,0,68,215
06/23/2009,MKG,MI,AGL,CE,Combined TRACON& Tower with Radar,0,10,40,7,57,0,0,54,2,56,0,10,94,9,113,68,12,80,193
06/24/2009,MKG,MI,AGL,CE,Combined TRACON& Tower with Radar,0,13,54,3,70,0,0,109,3,112,0,13,163,6,182,110,0,110,292
06/25/2009,MKG,MI,AGL,CE,Combined TRACON& Tower with Radar,0,17,26,1,44,0,0,72,3,75,0,17,98,4,119,112,8,120,239
06/26/2009,MKG,MI,AGL,CE,Combined TRACON& Tower with Radar,0,12,21,0,33,0,0,84,11,95,0,12,105,11,128,98,0,98,226
06/27/2009,MKG,MI,AGL,CE,Combined TRACON& Tower with Radar,0,5,18,0,23,0,0,101,2,103,0,5,119,2,126,62,0,62,188
06/28/2009,MKG,MI,AGL,CE,Combined TRACON& Tower with Radar,0,10,13,0,23,0,0,26,0,26,0,10,39,0,49,14,0,14,63
06/29/2009,MKG,MI,AGL,CE,Combined TRACON& Tower with Radar,0,9,19,0,28,0,0,37,2,39,0,9,56,2,67,32,0,32,99
06/30/2009,MKG,MI,AGL,CE,Combined TRACON& Tower with Radar,0,9,36,0,45,0,0,15,5,20,0,9,51,5,65,70,0,70,135
07/01/2009,MKG,MI,AGL,CE,Combined TRACON& Tower with Radar,0,8,69,2,79,0,0,2,0,2,0,8,71,2,81,8,0,8,89
07/02/2009,MKG,MI,AGL,CE,Combined TRACON& Tower with Radar,0,10,61,0,71,0,0,22,2,24,0,10,83,2,95,38,4,42,137
07/03/2009,MKG,MI,AGL,CE,Combined TRACON& Tower with Radar,0,9,46,0,55,0,3,127,1,131,0,12,173,1,186,58,0,58,244
07/04/2009,MKG,MI,AGL,CE,Combined TRACON& Tower with Radar,0,6,9,0,15,0,0,62,1,63,0,6,71,1,78,14,0,14,92
07/05/2009,MKG,MI,AGL,CE,Combined TRACON& Tower with Radar,0,12,20,2,34,0,3,72,0,75,0,15,92,2,109,40,0,40,149
07/06/2009,MKG,MI,AGL,CE,Combined TRACON& Tower with Radar,0,9,17,0,26,0,0,76,5,81,0,9,93,5,107,78,8,86,193
07/07/2009,MKG,MI,AGL,CE,Combined TRACON& Tower with Radar,0,9,19,0,28,0,0,74,2,76,0,9,93,2,104,80,0,80,184
07/08/2009,MKG,MI,AGL,CE,Combined TRACON& Tower with Radar,0,12,20,1,33,0,0,68,4,72,0,12,88,5,105,90,0,90,195
07/09/2009,MKG,MI,AGL,CE,Combined TRACON& Tower with Radar,0,15,52,0,67,0,0,99,1,100,0,15,151,1,167,28,0,28,195
07/10/2009,MKG,MI,AGL,CE,Combined TRACON& Tower with Radar,0,12,28,4,44,0,0,45,3,48,0,12,73,7,92,48,4,52,144
07/11/2009,MKG,MI,AGL,CE,Combined TRACON& Tower with Radar,1,7,36,0,44,0,0,78,4,82,1,7,114,4,126,50,0,50,176
07/12/2009,MKG,MI,AGL,CE,Combined TRACON& Tower with Radar,0,9,32,0,41,0,0,60,0,60,0,9,92,0,101,29,0,29,130
07/13/2009,MKG,MI,AGL,CE,Combined TRACON& Tower with Radar,0,8,26,1,35,0,0,67,6,73,0,8,93,7,108,86,0,86,194
07/14/2009,MKG,MI,AGL,CE,Combined TRACON& Tower with Radar,0,10,35,5,50,0,0,101,9,110,0,10,136,14,160,90,14,104,264
07/15/2009,MKG,MI,AGL,CE,Combined TRACON& Tower with Radar,0,19,27,0,46,0,0,10,2,12,0,19,37,2,58,12,0,12,70
07/16/2009,MKG,MI,AGL,CE,Combined TRACON& Tower with Radar,0,8,48,1,57,0,4,100,3,107,0,12,148,4,164,66,0,66,230
07/17/2009,MKG,MI,AGL,CE,Combined TRACON& Tower with Radar,0,11,24,2,37,0,0,31,0,31,0,11,55,2,68,88,0,88,156
07/18/2009,MKG,MI,AGL,CE,Combined TRACON& Tower with Radar,0,8,41,7,56,0,0,30,4,34,0,8,71,11,90,60,14,74,164
07/19/2009,MKG,MI,AGL,CE,Combined TRACON& Tower with Radar,0,5,11,0,16,0,0,54,0,54,0,5,65,0,70,40,0,40,110
07/20/2009,MKG,MI,AGL,CE,Combined TRACON& Tower with Radar,0,9,18,1,28,0,0,103,2,105,0,9,121,3,133,82,6,88,221
07/21/2009,MKG,MI,AGL,CE,Combined TRACON& Tower with Radar,0,10,26,0,36,0,1,58,3,62,0,11,84,3,98,16,4,20,118
07/22/2009,MKG,MI,AGL,CE,Combined TRACON& Tower with Radar,0,15,35,0,50,0,1,11,3,15,0,16,46,3,65,12,0,12,77
07/23/2009,MKG,MI,AGL,CE,Combined TRACON& Tower with Radar,0,14,53,0,67,0,0,56,1,57,0,14,109,1,124,90,0,90,214
07/24/2009,MKG,MI,AGL,CE,Combined TRACON& Tower with Radar,0,7,18,0,25,0,0,71,2,73,0,7,89,2,98,88,8,96,194
07/25/2009,MKG,MI,AGL,CE,Combined TRACON& Tower with Radar,0,9,20,0,29,0,0,37,1,38,0,9,57,1,67,18,0,18,85
07/26/2009,MKG,MI,AGL,CE,Combined TRACON& Tower with Radar,0,12,32,0,44,0,0,46,1,47,0,12,78,1,91,36,0,36,127
07/27/2009,MKG,MI,AGL,CE,Combined TRACON& Tower with Radar,0,16,43,1,60,0,0,87,4,91,0,16,130,5,151,62,0,62,213
07/28/2009,MKG,MI,AGL,CE,Combined TRACON& Tower with Radar,0,13,27,0,40,0,0,63,4,67,0,13,90,4,107,102,2,104,211
07/29/2009,MKG,MI,AGL,CE,Combined TRACON& Tower with Radar,0,14,77,0,91,0,0,132,0,132,0,14,209,0,223,100,2,102,325
07/30/2009,MKG,MI,AGL,CE,Combined TRACON& Tower with Radar,0,11,46,0,57,0,1,63,0,64,0,12,109,0,121,72,0,72,193
07/31/2009,MKG,MI,AGL,CE,Combined TRACON& Tower with Radar,0,10,42,0,52,0,0,84,0,84,0,10,126,0,136,22,0,22,158
08/01/2009,MKG,MI,AGL,CE,Combined TRACON& Tower with Radar,0,9,40,2,51,0,0,26,7,33,0,9,66,9,84,8,10,18,102
08/02/2009,MKG,MI,AGL,CE,Combined TRACON& Tower with Radar,0,10,27,1,38,0,0,48,3,51,0,10,75,4,89,28,0,28,117
08/03/2009,MKG,MI,AGL,CE,Combined TRACON& Tower with Radar,0,8,9,0,17,0,0,12,2,14,0,8,21,2,31,0,0,0,31
08/04/2009,MKG,MI,AGL,CE,Combined TRACON& Tower with Radar,0,12,35,2,49,0,0,102,2,104,0,12,137,4,153,106,0,106,259
08/05/2009,MKG,MI,AGL,CE,Combined TRACON& Tower with Radar,0,15,83,0,98,0,2,144,2,148,0,17,227,2,246,84,0,84,330
08/06/2009,MKG,MI,AGL,CE,Combined TRACON& Tower with Radar,0,9,36,2,47,0,0,90,5,95,0,9,126,7,142,80,0,80,222
08/07/2009,MKG,MI,AGL,CE,Combined TRACON& Tower with Radar,0,11,19,0,30,0,0,66,5,71,0,11,85,5,101,78,18,96,197
08/08/2009,MKG,MI,AGL,CE,Combined TRACON& Tower with Radar,0,9,14,1,24,0,0,6,0,6,0,9,20,1,30,6,0,6,36
08/09/2009,MKG,MI,AGL,CE,Combined TRACON& Tower with Radar,0,7,16,0,23,0,0,18,3,21,0,7,34,3,44,10,2,12,56
08/10/2009,MKG,MI,AGL,CE,Combined TRACON& Tower with Radar,0,7,36,0,43,0,0,55,3,58,0,7,91,3,101,78,0,78,179
08/11/2009,MKG,MI,AGL,CE,Combined TRACON& Tower with Radar,0,12,60,0,72,0,0,47,7,54,0,12,107,7,126,96,0,96,222
08/12/2009,MKG,MI,AGL,CE,Combined TRACON& Tower with Radar,0,10,66,6,82,0,1,111,2,114,0,11,177,8,196,96,4,100,296
08/13/2009,MKG,MI,AGL,CE,Combined TRACON& Tower with Radar,0,13,61,0,74,0,1,105,5,111,0,14,166,5,185,120,0,120,305
08/14/2009,MKG,MI,AGL,CE,Combined TRACON& Tower with Radar,0,9,32,0,41,0,0,78,4,82,0,9,110,4,123,50,0,50,173
08/15/2009,MKG,MI,AGL,CE,Combined TRACON& Tower with Radar,0,9,21,0,30,0,0,69,0,69,0,9,90,0,99,26,0,26,125
08/16/2009,MKG,MI,AGL,CE,Combined TRACON& Tower with Radar,0,10,17,0,27,0,0,40,4,44,0,10,57,4,71,4,0,4,75
08/17/2009,MKG,MI,AGL,CE,Combined TRACON& Tower with Radar,0,7,27,0,34,0,0,15,0,15,0,7,42,0,49,16,0,16,65
08/18/2009,MKG,MI,AGL,CE,Combined TRACON& Tower with Radar,0,8,40,1,49,0,0,55,2,57,0,8,95,3,106,32,0,32,138
08/19/2009,MKG,MI,AGL,CE,Combined TRACON& Tower with Radar,0,8,58,1,67,0,0,114,6,120,0,8,172,7,187,56,0,56,243
08/20/2009,MKG,MI,AGL,CE,Combined TRACON& Tower with Radar,0,10,17,0,27,0,0,12,4,16,0,10,29,4,43,28,0,28,71
08/21/2009,MKG,MI,AGL,CE,Combined TRACON& Tower with Radar,3,5,47,0,55,0,0,21,4,25,3,5,68,4,80,8,0,8,88
08/22/2009,MKG,MI,AGL,CE,Combined TRACON& Tower with Radar,0,8,16,0,24,0,0,17,2,19,0,8,33,2,43,4,0,4,47
08/23/2009,MKG,MI,AGL,CE,Combined TRACON& Tower with Radar,0,6,59,0,65,0,0,62,0,62,0,6,121,0,127,54,0,54,181
08/24/2009,MKG,MI,AGL,CE,Combined TRACON& Tower with Radar,0,4,34,0,38,0,0,80,2,82,0,4,114,2,120,42,60,102,222
08/25/2009,MKG,MI,AGL,CE,Combined TRACON& Tower with Radar,0,9,31,0,40,0,0,40,0,40,0,9,71,0,80,28,0,28,108
08/26/2009,MKG,MI,AGL,CE,Combined TRACON& Tower with Radar,0,10,45,1,56,0,0,73,0,73,0,10,118,1,129,90,0,90,219
08/27/2009,MKG,MI,AGL,CE,Combined TRACON& Tower with Radar,0,6,23,0,29,0,0,35,1,36,0,6,58,1,65,34,0,34,99
08/28/2009,MKG,MI,AGL,CE,Combined TRACON& Tower with Radar,0,13,24,3,40,0,0,0,4,4,0,13,24,7,44,0,0,0,44
08/29/2009,MKG,MI,AGL,CE,Combined TRACON& Tower with Radar,0,5,49,25,79,0,0,18,3,21,0,5,67,28,100,22,8,30,130
08/30/2009,MKG,MI,AGL,CE,Combined TRACON& Tower with Radar,0,5,25,0,30,0,0,58,2,60,0,5,83,2,90,26,4,30,120
08/31/2009,MKG,MI,AGL,CE,Combined TRACON& Tower with Radar,0,7,37,0,44,0,0,68,5,73,0,7,105,5,117,80,6,86,203
09/01/2009,MKG,MI,AGL,CE,Combined TRACON& Tower with Radar,0,12,24,2,38,0,2,71,0,73,0,14,95,2,111,78,2,80,191
09/02/2009,MKG,MI,AGL,CE,Combined TRACON& Tower with Radar,0,11,39,0,50,0,0,0,0,0,0,11,39,0,50,116,2,118,168
09/03/2009,MKG,MI,AGL,CE,Combined TRACON& Tower with Radar,0,12,49,3,64,0,0,103,1,104,0,12,152,4,168,102,0,102,270
09/04/2009,MKG,MI,AGL,CE,Combined TRACON& Tower with Radar,0,11,71,0,82,0,0,95,1,96,0,11,166,1,178,68,0,68,246
09/05/2009,MKG,MI,AGL,CE,Combined TRACON& Tower with Radar,0,11,23,0,34,0,2,72,3,77,0,13,95,3,111,92,0,92,203
09/06/2009,MKG,MI,AGL,CE,Combined TRACON& Tower with Radar,0,10,20,0,30,0,5,48,0,53,0,15,68,0,83,18,28,46,129
09/07/2009,MKG,MI,AGL,CE,Combined TRACON& Tower with Radar,0,10,13,2,25,0,0,40,2,42,0,10,53,4,67,84,0,84,151
09/08/2009,MKG,MI,AGL,CE,Combined TRACON& Tower with Radar,0,11,22,1,34,0,0,72,0,72,0,11,94,1,106,44,0,44,150
09/09/2009,MKG,MI,AGL,CE,Combined TRACON& Tower with Radar,0,7,33,0,40,0,0,56,3,59,0,7,89,3,99,104,0,104,203
09/10/2009,MKG,MI,AGL,CE,Combined TRACON& Tower with Radar,0,8,50,0,58,0,1,65,0,66,0,9,115,0,124,114,0,114,238
09/11/2009,MKG,MI,AGL,CE,Combined TRACON& Tower with Radar,0,8,26,0,34,0,0,57,0,57,0,8,83,0,91,32,0,32,123
09/12/2009,MKG,MI,AGL,CE,Combined TRACON& Tower with Radar,0,6,17,0,23,0,0,47,0,47,0,6,64,0,70,40,0,40,110
09/13/2009,MKG,MI,AGL,CE,Combined TRACON& Tower with Radar,0,5,15,0,20,0,2,51,0,53,0,7,66,0,73,20,0,20,93
09/14/2009,MKG,MI,AGL,CE,Combined TRACON& Tower with Radar,0,6,25,1,32,0,0,56,2,58,0,6,81,3,90,104,0,104,194
09/15/2009,MKG,MI,AGL,CE,Combined TRACON& Tower with Radar,0,8,35,0,43,0,1,43,0,44,0,9,78,0,87,16,0,16,103
09/16/2009,MKG,MI,AGL,CE,Combined TRACON& Tower with Radar,0,11,37,0,48,0,0,75,0,75,0,11,112,0,123,84,0,84,207
09/17/2009,MKG,MI,AGL,CE,Combined TRACON& Tower with Radar,0,9,78,0,87,0,0,93,0,93,0,9,171,0,180,66,0,66,246
09/18/2009,MKG,MI,AGL,CE,Combined TRACON& Tower with Radar,0,4,19,0,23,0,0,36,0,36,0,4,55,0,59,106,0,106,165
09/19/2009,MKG,MI,AGL,CE,Combined TRACON& Tower with Radar,0,4,17,4,25,0,0,25,0,25,0,4,42,4,50,16,0,16,66
09/20/2009,MKG,MI,AGL,CE,Combined TRACON& Tower with Radar,0,3,27,0,30,0,0,36,0,36,0,3,63,0,66,38,0,38,104
09/21/2009,MKG,MI,AGL,CE,Combined TRACON& Tower with Radar,0,5,14,8,27,0,0,2,0,2,0,5,16,8,29,4,2,6,35
09/22/2009,MKG,MI,AGL,CE,Combined TRACON& Tower with Radar,0,6,40,0,46,0,0,25,0,25,0,6,65,0,71,40,0,40,111
09/23/2009,MKG,MI,AGL,CE,Combined TRACON& Tower with Radar,0,10,42,1,53,0,0,7,0,7,0,10,49,1,60,14,0,14,74
09/24/2009,MKG,MI,AGL,CE,Combined TRACON& Tower with Radar,0,9,35,0,44,0,4,87,0,91,0,13,122,0,135,150,0,150,285
09/25/2009,MKG,MI,AGL,CE,Combined TRACON& Tower with Radar,0,5,29,0,34,0,1,70,2,73,0,6,99,2,107,84,0,84,191
09/26/2009,MKG,MI,AGL,CE,Combined TRACON& Tower with Radar,0,8,11,0,19,0,0,6,0,6,0,8,17,0,25,62,0,62,87
09/27/2009,MKG,MI,AGL,CE,Combined TRACON& Tower with Radar,0,5,6,0,11,0,0,2,0,2,0,5,8,0,13,30,0,30,43
09/28/2009,MKG,MI,AGL,CE,Combined TRACON& Tower with Radar,0,4,5,0,9,0,0,0,0,0,0,4,5,0,9,0,0,0,9
09/29/2009,MKG,MI,AGL,CE,Combined TRACON& Tower with Radar,0,9,21,0,30,0,0,1,0,1,0,9,22,0,31,8,0,8,39
09/30/2009,MKG,MI,AGL,CE,Combined TRACON& Tower with Radar,0,6,41,0,47,0,0,63,0,63,0,6,104,0,110,114,0,114,224
10/01/2009,MKG,MI,AGL,CE,Combined TRACON& Tower with Radar,0,9,34,0,43,0,1,76,2,79,0,10,110,2,122,136,4,140,262
10/02/2009,MKG,MI,AGL,CE,Combined TRACON& Tower with Radar,0,6,8,0,14,0,0,2,0,2,0,6,10,0,16,0,0,0,16
10/03/2009,MKG,MI,AGL,CE,Combined TRACON& Tower with Radar,0,8,8,0,16,0,0,1,0,1,0,8,9,0,17,0,0,0,17
10/04/2009,MKG,MI,AGL,CE,Combined TRACON& Tower with Radar,0,4,17,0,21,0,0,11,0,11,0,4,28,0,32,0,0,0,32
10/05/2009,MKG,MI,AGL,CE,Combined TRACON& Tower with Radar,0,5,23,0,28,0,0,68,0,68,0,5,91,0,96,150,0,150,246
10/06/2009,MKG,MI,AGL,CE,Combined TRACON& Tower with Radar,0,12,12,0,24,0,0,16,0,16,0,12,28,0,40,54,0,54,94
10/07/2009,MKG,MI,AGL,CE,Combined TRACON& Tower with Radar,0,12,24,0,36,0,0,38,3,41,0,12,62,3,77,74,0,74,151
10/08/2009,MKG,MI,AGL,CE,Combined TRACON& Tower with Radar,0,9,20,0,29,0,0,33,0,33,0,9,53,0,62,26,0,26,88
10/09/2009,MKG,MI,AGL,CE,Combined TRACON& Tower with Radar,0,10,51,0,61,0,0,4,0,4,0,10,55,0,65,24,0,24,89
10/10/2009,MKG,MI,AGL,CE,Combined TRACON& Tower with Radar,0,7,22,0,29,0,0,36,0,36,0,7,58,0,65,54,0,54,119
10/11/2009,MKG,MI,AGL,CE,Combined TRACON& Tower with Radar,0,6,32,0,38,0,2,59,3,64,0,8,91,3,102,72,0,72,174
10/12/2009,MKG,MI,AGL,CE,Combined TRACON& Tower with Radar,0,8,48,0,56,0,1,105,0,106,0,9,153,0,162,108,0,108,270
10/13/2009,MKG,MI,AGL,CE,Combined TRACON& Tower with Radar,0,6,40,0,46,0,0,66,0,66,0,6,106,0,112,104,0,104,216
10/14/2009,MKG,MI,AGL,CE,Combined TRACON& Tower with Radar,0,8,55,0,63,0,0,33,0,33,0,8,88,0,96,50,0,50,146
10/15/2009,MKG,MI,AGL,CE,Combined TRACON& Tower with Radar,0,8,35,0,43,0,0,23,0,23,0,8,58,0,66,56,0,56,122
10/16/2009,MKG,MI,AGL,CE,Combined TRACON& Tower with Radar,0,10,18,0,28,0,0,75,1,76,0,10,93,1,104,48,0,48,152
10/17/2009,MKG,MI,AGL,CE,Combined TRACON& Tower with Radar,1,7,41,0,49,0,0,62,0,62,1,7,103,0,111,46,0,46,157
10/18/2009,MKG,MI,AGL,CE,Combined TRACON& Tower with Radar,0,10,23,0,33,0,0,142,0,142,0,10,165,0,175,84,0,84,259
10/19/2009,MKG,MI,AGL,CE,Combined TRACON& Tower with Radar,0,9,21,0,30,0,0,16,0,16,0,9,37,0,46,4,0,4,50
10/20/2009,MKG,MI,AGL,CE,Combined TRACON& Tower with Radar,0,8,19,0,27,0,0,35,2,37,0,8,54,2,64,56,0,56,120
10/21/2009,MKG,MI,AGL,CE,Combined TRACON& Tower with Radar,0,8,37,0,45,0,0,63,2,65,0,8,100,2,110,98,0,98,208
10/22/2009,MKG,MI,AGL,CE,Combined TRACON& Tower with Radar,0,5,16,0,21,0,0,0,0,0,0,5,16,0,21,0,0,0,21
10/23/2009,MKG,MI,AGL,CE,Combined TRACON& Tower with Radar,0,10,22,0,32,0,0,0,0,0,0,10,22,0,32,0,0,0,32
10/24/2009,MKG,MI,AGL,CE,Combined TRACON& Tower with Radar,0,6,6,0,12,0,0,2,2,4,0,6,8,2,16,2,0,2,18
10/25/2009,MKG,MI,AGL,CE,Combined TRACON& Tower with Radar,0,4,15,0,19,0,0,43,0,43,0,4,58,0,62,48,0,48,110
10/26/2009,MKG,MI,AGL,CE,Combined TRACON& Tower with Radar,0,11,29,2,42,0,0,17,0,17,0,11,46,2,59,10,0,10,69
10/27/2009,MKG,MI,AGL,CE,Combined TRACON& Tower with Radar,0,5,33,0,38,0,0,28,2,30,0,5,61,2,68,72,0,72,140
10/28/2009,MKG,MI,AGL,CE,Combined TRACON& Tower with Radar,0,5,64,0,69,0,0,62,0,62,0,5,126,0,131,118,0,118,249
10/29/2009,MKG,MI,AGL,CE,Combined TRACON& Tower with Radar,0,7,30,0,37,0,0,36,0,36,0,7,66,0,73,68,0,68,141
10/30/2009,MKG,MI,AGL,CE,Combined TRACON& Tower with Radar,0,5,17,0,22,0,0,0,0,0,0,5,17,0,22,0,0,0,22
10/31/2009,MKG,MI,AGL,CE,Combined TRACON& Tower with Radar,0,8,1,0,9,0,0,2,0,2,0,8,3,0,11,28,0,28,39
11/01/2009,MKG,MI,AGL,CE,Combined TRACON& Tower with Radar,1,7,18,0,26,0,0,55,0,55,1,7,73,0,81,64,0,64,145
11/02/2009,MKG,MI,AGL,CE,Combined TRACON& Tower with Radar,0,6,30,0,36,0,0,16,1,17,0,6,46,1,53,64,0,64,117
11/03/2009,MKG,MI,AGL,CE,Combined TRACON& Tower with Radar,0,6,22,0,28,0,0,49,0,49,0,6,71,0,77,76,0,76,153
11/04/2009,MKG,MI,AGL,CE,Combined TRACON& Tower with Radar,0,8,28,0,36,0,0,41,0,41,0,8,69,0,77,75,0,75,152
11/05/2009,MKG,MI,AGL,CE,Combined TRACON& Tower with Radar,0,5,44,0,49,0,0,43,0,43,0,5,87,0,92,90,0,90,182
11/06/2009,MKG,MI,AGL,CE,Combined TRACON& Tower with Radar,0,6,20,0,26,0,0,55,1,56,0,6,75,1,82,158,0,158,240
11/07/2009,MKG,MI,AGL,CE,Combined TRACON& Tower with Radar,0,6,6,0,12,0,0,34,0,34,0,6,40,0,46,10,0,10,56
11/08/2009,MKG,MI,AGL,CE,Combined TRACON& Tower with Radar,0,4,22,0,26,0,0,69,0,69,0,4,91,0,95,110,0,110,205
11/09/2009,MKG,MI,AGL,CE,Combined TRACON& Tower with Radar,0,5,22,0,27,0,0,50,0,50,0,5,72,0,77,118,0,118,195
11/10/2009,MKG,MI,AGL,CE,Combined TRACON& Tower with Radar,0,8,32,0,40,0,0,109,0,109,0,8,141,0,149,216,0,216,365
11/11/2009,MKG,MI,AGL,CE,Combined TRACON& Tower with Radar,0,10,32,0,42,0,0,86,0,86,0,10,118,0,128,118,0,118,246
11/12/2009,MKG,MI,AGL,CE,Combined TRACON& Tower with Radar,0,10,32,0,42,0,1,69,0,70,0,11,101,0,112,128,0,128,240
11/13/2009,MKG,MI,AGL,CE,Combined TRACON& Tower with Radar,0,8,43,0,51,0,0,48,0,48,0,8,91,0,99,34,0,34,133
11/14/2009,MKG,MI,AGL,CE,Combined TRACON& Tower with Radar,1,8,21,0,30,0,0,61,0,61,1,8,82,0,91,42,0,42,133
11/15/2009,MKG,MI,AGL,CE,Combined TRACON& Tower with Radar,0,7,14,0,21,0,3,35,0,38,0,10,49,0,59,18,0,18,77
11/16/2009,MKG,MI,AGL,CE,Combined TRACON& Tower with Radar,0,4,12,0,16,0,1,11,0,12,0,5,23,0,28,42,0,42,70
11/17/2009,MKG,MI,AGL,CE,Combined TRACON& Tower with Radar,0,6,13,0,19,0,0,41,0,41,0,6,54,0,60,0,0,0,60
11/18/2009,MKG,MI,AGL,CE,Combined TRACON& Tower with Radar,0,5,23,0,28,0,0,53,0,53,0,5,76,0,81,108,0,108,189
11/19/2009,MKG,MI,AGL,CE,Combined TRACON& Tower with Radar,0,6,28,0,34,0,0,0,0,0,0,6,28,0,34,0,0,0,34
11/20/2009,MKG,MI,AGL,CE,Combined TRACON& Tower with Radar,1,7,7,0,15,0,0,2,0,2,1,7,9,0,17,0,0,0,17
11/21/2009,MKG,MI,AGL,CE,Combined TRACON& Tower with Radar,0,3,55,0,58,0,0,33,0,33,0,3,88,0,91,26,0,26,117
11/22/2009,MKG,MI,AGL,CE,Combined TRACON& Tower with Radar,0,4,29,0,33,0,0,55,0,55,0,4,84,0,88,104,0,104,192
11/23/2009,MKG,MI,AGL,CE,Combined TRACON& Tower with Radar,0,8,25,0,33,0,0,8,0,8,0,8,33,0,41,10,0,10,51
11/24/2009,MKG,MI,AGL,CE,Combined TRACON& Tower with Radar,0,7,24,0,31,0,0,0,0,0,0,7,24,0,31,2,0,2,33
11/25/2009,MKG,MI,AGL,CE,Combined TRACON& Tower with Radar,0,6,14,0,20,0,0,0,0,0,0,6,14,0,20,0,0,0,20
11/26/2009,MKG,MI,AGL,CE,Combined TRACON& Tower with Radar,0,5,5,0,10,0,0,0,0,0,0,5,5,0,10,0,0,0,10
11/27/2009,MKG,MI,AGL,CE,Combined TRACON& Tower with Radar,0,7,7,0,14,0,0,10,0,10,0,7,17,0,24,24,0,24,48
11/28/2009,MKG,MI,AGL,CE,Combined TRACON& Tower with Radar,0,8,39,0,47,0,0,88,0,88,0,8,127,0,135,62,0,62,197
11/29/2009,MKG,MI,AGL,CE,Combined TRACON& Tower with Radar,0,4,11,0,15,0,0,0,0,0,0,4,11,0,15,0,0,0,15
11/30/2009,MKG,MI,AGL,CE,Combined TRACON& Tower with Radar,0,5,34,0,39,0,0,59,0,59,0,5,93,0,98,190,0,190,288
12/01/2009,MKG,MI,AGL,CE,Combined TRACON& Tower with Radar,0,5,51,0,56,0,0,41,0,41,0,5,92,0,97,280,0,280,377
12/02/2009,MKG,MI,AGL,CE,Combined TRACON& Tower with Radar,0,5,53,0,58,0,0,39,0,39,0,5,92,0,97,146,0,146,243
12/03/2009,MKG,MI,AGL,CE,Combined TRACON& Tower with Radar,0,6,10,0,16,0,0,4,0,4,0,6,14,0,20,10,0,10,30
12/04/2009,MKG,MI,AGL,CE,Combined TRACON& Tower with Radar,0,9,5,0,14,0,0,0,0,0,0,9,5,0,14,0,0,0,14
12/05/2009,MKG,MI,AGL,CE,Combined TRACON& Tower with Radar,0,11,21,0,32,0,0,2,0,2,0,11,23,0,34,14,0,14,48
12/06/2009,MKG,MI,AGL,CE,Combined TRACON& Tower with Radar,0,6,3,0,9,0,0,11,0,11,0,6,14,0,20,50,0,50,70
12/07/2009,MKG,MI,AGL,CE,Combined TRACON& Tower with Radar,0,6,16,0,22,0,0,10,0,10,0,6,26,0,32,22,0,22,54
12/08/2009,MKG,MI,AGL,CE,Combined TRACON& Tower with Radar,0,6,18,0,24,0,0,0,0,0,0,6,18,0,24,0,0,0,24
12/09/2009,MKG,MI,AGL,CE,Combined TRACON& Tower with Radar,0,6,5,0,11,0,0,0,0,0,0,6,5,0,11,0,0,0,11
12/10/2009,MKG,MI,AGL,CE,Combined TRACON& Tower with Radar,0,7,5,1,13,0,0,0,0,0,0,7,5,1,13,0,0,0,13
12/11/2009,MKG,MI,AGL,CE,Combined TRACON& Tower with Radar,0,8,7,0,15,0,0,8,0,8,0,8,15,0,23,0,0,0,23
12/12/2009,MKG,MI,AGL,CE,Combined TRACON& Tower with Radar,0,7,32,0,39,0,0,34,0,34,0,7,66,0,73,72,0,72,145
12/13/2009,MKG,MI,AGL,CE,Combined TRACON& Tower with Radar,0,5,6,0,11,0,0,0,0,0,0,5,6,0,11,0,0,0,11
12/14/2009,MKG,MI,AGL,CE,Combined TRACON& Tower with Radar,0,5,14,0,19,0,0,0,0,0,0,5,14,0,19,0,0,0,19
12/15/2009,MKG,MI,AGL,CE,Combined TRACON& Tower with Radar,0,6,20,0,26,0,0,3,0,3,0,6,23,0,29,0,0,0,29
12/16/2009,MKG,MI,AGL,CE,Combined TRACON& Tower with Radar,0,8,38,0,46,0,0,32,0,32,0,8,70,0,78,114,0,114,192
12/17/2009,MKG,MI,AGL,CE,Combined TRACON& Tower with Radar,0,7,31,0,38,0,0,55,0,55,0,7,86,0,93,4,0,4,97
12/18/2009,MKG,MI,AGL,CE,Combined TRACON& Tower with Radar,0,8,35,0,43,0,0,71,0,71,0,8,106,0,114,148,0,148,262
12/19/2009,MKG,MI,AGL,CE,Combined TRACON& Tower with Radar,0,8,22,0,30,0,0,0,0,0,0,8,22,0,30,0,0,0,30
12/20/2009,MKG,MI,AGL,CE,Combined TRACON& Tower with Radar,0,4,20,0,24,0,0,7,0,7,0,4,27,0,31,12,0,12,43
12/21/2009,MKG,MI,AGL,CE,Combined TRACON& Tower with Radar,0,5,14,0,19,0,0,0,0,0,0,5,14,0,19,8,0,8,27
12/22/2009,MKG,MI,AGL,CE,Combined TRACON& Tower with Radar,0,11,38,0,49,0,3,72,0,75,0,14,110,0,124,84,0,84,208
12/23/2009,MKG,MI,AGL,CE,Combined TRACON& Tower with Radar,0,4,21,0,25,0,0,38,0,38,0,4,59,0,63,18,0,18,81
12/24/2009,MKG,MI,AGL,CE,Combined TRACON& Tower with Radar,0,0,0,0,0,0,0,0,0,0,0,0,0,0,0,0,0,0,0
12/25/2009,MKG,MI,AGL,CE,Combined TRACON& Tower with Radar,0,3,1,0,4,0,0,0,0,0,0,3,1,0,4,0,0,0,4
12/26/2009,MKG,MI,AGL,CE,Combined TRACON& Tower with Radar,0,8,7,0,15,0,0,1,0,1,0,8,8,0,16,0,0,0,16
12/27/2009,MKG,MI,AGL,CE,Combined TRACON& Tower with Radar,0,11,4,0,15,0,0,2,0,2,0,11,6,0,17,0,0,0,17
12/28/2009,MKG,MI,AGL,CE,Combined TRACON& Tower with Radar,0,5,6,0,11,0,0,0,0,0,0,5,6,0,11,0,0,0,11
12/29/2009,MKG,MI,AGL,CE,Combined TRACON& Tower with Radar,0,8,25,0,33,0,0,53,0,53,0,8,78,0,86,100,0,100,186
12/30/2009,MKG,MI,AGL,CE,Combined TRACON& Tower with Radar,0,7,2,0,9,0,0,9,0,9,0,7,11,0,18,0,0,0,18
12/31/2009,MKG,MI,AGL,CE,Combined TRACON& Tower with Radar,0,5,1,0,6,0,0,0,0,0,0,5,1,0,6,16,0,16,22
01/01/2010,MKG,MI,AGL,CE,Combined TRACON& Tower with Radar,0,4,1,0,5,0,0,7,0,7,0,4,8,0,12,2,0,2,14
01/02/2010,MKG,MI,AGL,CE,Combined TRACON& Tower with Radar,0,9,5,0,14,0,0,2,0,2,0,9,7,0,16,16,0,16,32
01/03/2010,MKG,MI,AGL,CE,Combined TRACON& Tower with Radar,0,6,12,0,18,0,0,13,0,13,0,6,25,0,31,18,0,18,49
01/04/2010,MKG,MI,AGL,CE,Combined TRACON& Tower with Radar,0,7,20,0,27,0,0,5,0,5,0,7,25,0,32,0,0,0,32
01/05/2010,MKG,MI,AGL,CE,Combined TRACON& Tower with Radar,0,5,22,0,27,0,0,14,0,14,0,5,36,0,41,106,0,106,147
01/06/2010,MKG,MI,AGL,CE,Combined TRACON& Tower with Radar,0,5,29,0,34,0,0,18,0,18,0,5,47,0,52,138,0,138,190
01/07/2010,MKG,MI,AGL,CE,Combined TRACON& Tower with Radar,0,6,4,0,10,0,0,0,0,0,0,6,4,0,10,0,0,0,10
01/08/2010,MKG,MI,AGL,CE,Combined TRACON& Tower with Radar,0,10,9,0,19,0,0,6,0,6,0,10,15,0,25,26,0,26,51
01/09/2010,MKG,MI,AGL,CE,Combined TRACON& Tower with Radar,0,7,13,0,20,0,0,39,0,39,0,7,52,0,59,56,0,56,115
01/10/2010,MKG,MI,AGL,CE,Combined TRACON& Tower with Radar,0,4,17,0,21,0,0,24,0,24,0,4,41,0,45,6,0,6,51
01/11/2010,MKG,MI,AGL,CE,Combined TRACON& Tower with Radar,0,7,19,0,26,0,0,7,0,7,0,7,26,0,33,30,0,30,63
01/12/2010,MKG,MI,AGL,CE,Combined TRACON& Tower with Radar,0,8,7,0,15,0,0,22,0,22,0,8,29,0,37,102,0,102,139
01/13/2010,MKG,MI,AGL,CE,Combined TRACON& Tower with Radar,0,8,19,0,27,0,0,15,0,15,0,8,34,0,42,98,0,98,140
01/14/2010,MKG,MI,AGL,CE,Combined TRACON& Tower with Radar,0,10,7,0,17,0,0,12,0,12,0,10,19,0,29,8,0,8,37
01/15/2010,MKG,MI,AGL,CE,Combined TRACON& Tower with Radar,0,13,16,0,29,0,0,11,0,11,0,13,27,0,40,94,0,94,134
01/16/2010,MKG,MI,AGL,CE,Combined TRACON& Tower with Radar,0,6,4,0,10,0,0,3,0,3,0,6,7,0,13,0,12,12,25
01/17/2010,MKG,MI,AGL,CE,Combined TRACON& Tower with Radar,0,6,4,0,10,0,0,0,0,0,0,6,4,0,10,0,0,0,10
01/18/2010,MKG,MI,AGL,CE,Combined TRACON& Tower with Radar,0,6,7,0,13,0,0,4,0,4,0,6,11,0,17,18,2,20,37
01/19/2010,MKG,MI,AGL,CE,Combined TRACON& Tower with Radar,0,9,47,2,58,0,0,40,1,41,0,9,87,3,99,176,0,176,275
01/20/2010,MKG,MI,AGL,CE,Combined TRACON& Tower with Radar,0,7,39,0,46,0,0,84,0,84,0,7,123,0,130,118,0,118,248
01/21/2010,MKG,MI,AGL,CE,Combined TRACON& Tower with Radar,0,9,29,1,39,0,0,31,4,35,0,9,60,5,74,6,0,6,80
01/22/2010,MKG,MI,AGL,CE,Combined TRACON& Tower with Radar,0,10,32,0,42,0,0,23,0,23,0,10,55,0,65,58,0,58,123
01/23/2010,MKG,MI,AGL,CE,Combined TRACON& Tower with Radar,0,6,11,0,17,0,0,4,0,4,0,6,15,0,21,14,0,14,35
01/24/2010,MKG,MI,AGL,CE,Combined TRACON& Tower with Radar,0,6,3,0,9,0,0,0,0,0,0,6,3,0,9,0,0,0,9
01/25/2010,MKG,MI,AGL,CE,Combined TRACON& Tower with Radar,0,9,9,0,18,0,0,5,0,5,0,9,14,0,23,30,0,30,53
01/26/2010,MKG,MI,AGL,CE,Combined TRACON& Tower with Radar,0,7,31,0,38,0,0,2,0,2,0,7,33,0,40,50,2,52,92
01/27/2010,MKG,MI,AGL,CE,Combined TRACON& Tower with Radar,0,10,28,0,38,0,0,8,0,8,0,10,36,0,46,4,0,4,50
01/28/2010,MKG,MI,AGL,CE,Combined TRACON& Tower with Radar,0,8,22,0,30,0,0,1,0,1,0,8,23,0,31,0,0,0,31
01/29/2010,MKG,MI,AGL,CE,Combined TRACON& Tower with Radar,0,8,19,0,27,0,0,38,0,38,0,8,57,0,65,134,2,136,201
01/30/2010,MKG,MI,AGL,CE,Combined TRACON& Tower with Radar,0,8,29,0,37,0,2,109,0,111,0,10,138,0,148,130,0,130,278
01/31/2010,MKG,MI,AGL,CE,Combined TRACON& Tower with Radar,0,4,7,0,11,0,0,14,0,14,0,4,21,0,25,4,0,4,29
02/01/2010,MKG,MI,AGL,CE,Combined TRACON& Tower with Radar,0,4,13,0,17,0,0,35,0,35,0,4,48,0,52,60,0,60,112
02/02/2010,MKG,MI,AGL,CE,Combined TRACON& Tower with Radar,0,11,11,0,22,0,0,0,0,0,0,11,11,0,22,0,0,0,22
02/03/2010,MKG,MI,AGL,CE,Combined TRACON& Tower with Radar,0,10,14,0,24,0,0,22,0,22,0,10,36,0,46,56,0,56,102
02/04/2010,MKG,MI,AGL,CE,Combined TRACON& Tower with Radar,0,11,40,0,51,0,0,58,0,58,0,11,98,0,109,114,0,114,223
02/05/2010,MKG,MI,AGL,CE,Combined TRACON& Tower with Radar,0,10,32,0,42,0,0,39,0,39,0,10,71,0,81,28,0,28,109
02/06/2010,MKG,MI,AGL,CE,Combined TRACON& Tower with Radar,0,6,11,0,17,0,0,68,0,68,0,6,79,0,85,74,0,74,159
02/07/2010,MKG,MI,AGL,CE,Combined TRACON& Tower with Radar,0,6,14,0,20,0,0,55,0,55,0,6,69,0,75,68,0,68,143
02/08/2010,MKG,MI,AGL,CE,Combined TRACON& Tower with Radar,0,5,23,0,28,0,0,86,2,88,0,5,109,2,116,122,0,122,238
02/09/2010,MKG,MI,AGL,CE,Combined TRACON& Tower with Radar,0,4,2,0,6,0,0,0,0,0,0,4,2,0,6,0,0,0,6
02/10/2010,MKG,MI,AGL,CE,Combined TRACON& Tower with Radar,0,9,22,0,31,0,0,9,0,9,0,9,31,0,40,72,0,72,112
02/11/2010,MKG,MI,AGL,CE,Combined TRACON& Tower with Radar,1,8,13,0,22,0,0,2,0,2,1,8,15,0,24,46,0,46,70
02/12/2010,MKG,MI,AGL,CE,Combined TRACON& Tower with Radar,0,6,20,0,26,0,0,45,0,45,0,6,65,0,71,100,0,100,171
02/13/2010,MKG,MI,AGL,CE,Combined TRACON& Tower with Radar,0,3,8,0,11,0,0,6,0,6,0,3,14,0,17,0,0,0,17
02/14/2010,MKG,MI,AGL,CE,Combined TRACON& Tower with Radar,0,3,2,0,5,0,0,5,0,5,0,3,7,0,10,0,0,0,10
02/15/2010,MKG,MI,AGL,CE,Combined TRACON& Tower with Radar,0,4,36,0,40,0,0,20,0,20,0,4,56,0,60,116,0,116,176
02/16/2010,MKG,MI,AGL,CE,Combined TRACON& Tower with Radar,0,7,18,0,25,0,0,9,0,9,0,7,27,0,34,24,0,24,58
02/17/2010,MKG,MI,AGL,CE,Combined TRACON& Tower with Radar,0,9,14,0,23,0,0,6,0,6,0,9,20,0,29,52,0,52,81
02/18/2010,MKG,MI,AGL,CE,Combined TRACON& Tower with Radar,0,10,28,0,38,0,0,63,0,63,0,10,91,0,101,82,0,82,183
02/19/2010,MKG,MI,AGL,CE,Combined TRACON& Tower with Radar,0,8,34,0,42,0,0,102,0,102,0,8,136,0,144,100,0,100,244
02/20/2010,MKG,MI,AGL,CE,Combined TRACON& Tower with Radar,0,8,2,0,10,0,1,21,0,22,0,9,23,0,32,14,0,14,46
02/21/2010,MKG,MI,AGL,CE,Combined TRACON& Tower with Radar,0,4,10,0,14,0,0,6,0,6,0,4,16,0,20,6,0,6,26
02/22/2010,MKG,MI,AGL,CE,Combined TRACON& Tower with Radar,0,8,4,0,12,0,0,0,0,0,0,8,4,0,12,0,0,0,12
02/23/2010,MKG,MI,AGL,CE,Combined TRACON& Tower with Radar,0,11,45,0,56,0,0,46,0,46,0,11,91,0,102,88,0,88,190
02/24/2010,MKG,MI,AGL,CE,Combined TRACON& Tower with Radar,0,6,5,0,11,0,0,0,0,0,0,6,5,0,11,0,0,0,11
02/25/2010,MKG,MI,AGL,CE,Combined TRACON& Tower with Radar,0,7,21,0,28,0,0,32,2,34,0,7,53,2,62,26,0,26,88
02/26/2010,MKG,MI,AGL,CE,Combined TRACON& Tower with Radar,0,9,11,0,20,0,0,0,0,0,0,9,11,0,20,0,0,0,20
02/27/2010,MKG,MI,AGL,CE,Combined TRACON& Tower with Radar,0,6,14,0,20,0,0,18,0,18,0,6,32,0,38,26,0,26,64
02/28/2010,MKG,MI,AGL,CE,Combined TRACON& Tower with Radar,0,4,10,0,14,0,0,8,0,8,0,4,18,0,22,0,0,0,22
03/01/2010,MKG,MI,AGL,CE,Combined TRACON& Tower with Radar,0,4,26,0,30,0,0,77,0,77,0,4,103,0,107,114,0,114,221
03/02/2010,MKG,MI,AGL,CE,Combined TRACON& Tower with Radar,0,10,30,0,40,0,0,85,0,85,0,10,115,0,125,134,0,134,259
03/03/2010,MKG,MI,AGL,CE,Combined TRACON& Tower with Radar,0,7,28,0,35,0,0,97,0,97,0,7,125,0,132,80,0,80,212
03/04/2010,MKG,MI,AGL,CE,Combined TRACON& Tower with Radar,0,9,29,0,38,0,0,84,0,84,0,9,113,0,122,126,0,126,248
03/05/2010,MKG,MI,AGL,CE,Combined TRACON& Tower with Radar,0,9,33,0,42,0,0,96,0,96,0,9,129,0,138,78,0,78,216
03/06/2010,MKG,MI,AGL,CE,Combined TRACON& Tower with Radar,0,5,44,0,49,0,0,156,0,156,0,5,200,0,205,156,0,156,361
03/07/2010,MKG,MI,AGL,CE,Combined TRACON& Tower with Radar,0,9,14,2,25,0,0,71,0,71,0,9,85,2,96,110,0,110,206
03/08/2010,MKG,MI,AGL,CE,Combined TRACON& Tower with Radar,0,7,31,0,38,0,0,20,0,20,0,7,51,0,58,26,0,26,84
03/09/2010,MKG,MI,AGL,CE,Combined TRACON& Tower with Radar,0,6,39,0,45,0,0,61,0,61,0,6,100,0,106,122,0,122,228
03/10/2010,MKG,MI,AGL,CE,Combined TRACON& Tower with Radar,1,5,20,0,26,0,0,11,0,11,1,5,31,0,37,32,0,32,69
03/11/2010,MKG,MI,AGL,CE,Combined TRACON& Tower with Radar,0,5,18,0,23,0,0,12,0,12,0,5,30,0,35,24,0,24,59
03/12/2010,MKG,MI,AGL,CE,Combined TRACON& Tower with Radar,0,11,29,0,40,0,0,0,0,0,0,11,29,0,40,0,0,0,40
03/13/2010,MKG,MI,AGL,CE,Combined TRACON& Tower with Radar,0,4,15,0,19,0,0,4,0,4,0,4,19,0,23,24,0,24,47
03/14/2010,MKG,MI,AGL,CE,Combined TRACON& Tower with Radar,0,3,19,0,22,0,0,6,0,6,0,3,25,0,28,0,0,0,28
03/15/2010,MKG,MI,AGL,CE,Combined TRACON& Tower with Radar,0,6,37,0,43,0,0,65,0,65,0,6,102,0,108,186,0,186,294
03/16/2010,MKG,MI,AGL,CE,Combined TRACON& Tower with Radar,3,20,39,0,62,0,8,85,0,93,3,28,124,0,155,66,0,66,221
03/17/2010,MKG,MI,AGL,CE,Combined TRACON& Tower with Radar,0,7,36,2,45,0,0,89,0,89,0,7,125,2,134,100,0,100,234
03/18/2010,MKG,MI,AGL,CE,Combined TRACON& Tower with Radar,0,8,45,0,53,0,0,73,0,73,0,8,118,0,126,84,0,84,210
03/19/2010,MKG,MI,AGL,CE,Combined TRACON& Tower with Radar,0,5,24,1,30,0,0,65,0,65,0,5,89,1,95,136,0,136,231
03/20/2010,MKG,MI,AGL,CE,Combined TRACON& Tower with Radar,0,4,0,0,4,0,0,1,0,1,0,4,1,0,5,0,0,0,5
03/21/2010,MKG,MI,AGL,CE,Combined TRACON& Tower with Radar,0,6,16,0,22,0,0,15,0,15,0,6,31,0,37,12,0,12,49
03/22/2010,MKG,MI,AGL,CE,Combined TRACON& Tower with Radar,0,4,16,0,20,0,0,37,0,37,0,4,53,0,57,36,0,36,93
03/23/2010,MKG,MI,AGL,CE,Combined TRACON& Tower with Radar,0,11,36,2,49,0,1,83,0,84,0,12,119,2,133,80,0,80,213
03/24/2010,MKG,MI,AGL,CE,Combined TRACON& Tower with Radar,0,8,39,0,47,0,0,9,0,9,0,8,48,0,56,84,0,84,140
03/25/2010,MKG,MI,AGL,CE,Combined TRACON& Tower with Radar,0,13,23,0,36,0,0,26,0,26,0,13,49,0,62,10,0,10,72
03/26/2010,MKG,MI,AGL,CE,Combined TRACON& Tower with Radar,0,6,31,2,39,0,0,59,0,59,0,6,90,2,98,86,0,86,184
03/27/2010,MKG,MI,AGL,CE,Combined TRACON& Tower with Radar,0,9,27,0,36,0,0,83,0,83,0,9,110,0,119,76,0,76,195
03/28/2010,MKG,MI,AGL,CE,Combined TRACON& Tower with Radar,0,3,14,0,17,0,0,17,0,17,0,3,31,0,34,4,0,4,38
03/29/2010,MKG,MI,AGL,CE,Combined TRACON& Tower with Radar,0,7,22,0,29,0,0,45,0,45,0,7,67,0,74,134,0,134,208
03/30/2010,MKG,MI,AGL,CE,Combined TRACON& Tower with Radar,1,7,24,0,32,0,1,86,0,87,1,8,110,0,119,162,0,162,281
03/31/2010,MKG,MI,AGL,CE,Combined TRACON& Tower with Radar,0,7,30,0,37,0,3,43,0,46,0,10,73,0,83,40,0,40,123
04/01/2010,MKG,MI,AGL,CE,Combined TRACON& Tower with Radar,0,8,17,0,25,0,0,46,0,46,0,8,63,0,71,20,0,20,91
04/02/2010,MKG,MI,AGL,CE,Combined TRACON& Tower with Radar,0,9,11,0,20,0,0,15,0,15,0,9,26,0,35,32,0,32,67
04/03/2010,MKG,MI,AGL,CE,Combined TRACON& Tower with Radar,0,3,7,0,10,0,0,13,0,13,0,3,20,0,23,2,0,2,25
04/04/2010,MKG,MI,AGL,CE,Combined TRACON& Tower with Radar,0,5,2,0,7,0,0,4,0,4,0,5,6,0,11,0,0,0,11
04/05/2010,MKG,MI,AGL,CE,Combined TRACON& Tower with Radar,0,6,19,0,25,0,0,54,0,54,0,6,73,0,79,172,0,172,251
04/06/2010,MKG,MI,AGL,CE,Combined TRACON& Tower with Radar,0,6,6,0,12,0,0,0,0,0,0,6,6,0,12,0,0,0,12
04/07/2010,MKG,MI,AGL,CE,Combined TRACON& Tower with Radar,0,4,17,0,21,0,0,0,0,0,0,4,17,0,21,0,0,0,21
04/08/2010,MKG,MI,AGL,CE,Combined TRACON& Tower with Radar,0,8,20,0,28,0,0,0,0,0,0,8,20,0,28,0,0,0,28
04/09/2010,MKG,MI,AGL,CE,Combined TRACON& Tower with Radar,0,6,17,0,23,0,3,44,0,47,0,9,61,0,70,28,0,28,98
04/10/2010,MKG,MI,AGL,CE,Combined TRACON& Tower with Radar,0,8,9,0,17,0,0,15,0,15,0,8,24,0,32,68,0,68,100
04/11/2010,MKG,MI,AGL,CE,Combined TRACON& Tower with Radar,0,3,26,0,29,0,0,44,0,44,0,3,70,0,73,134,6,140,213
04/12/2010,MKG,MI,AGL,CE,Combined TRACON& Tower with Radar,2,22,24,1,49,0,0,55,0,55,2,22,79,1,104,68,4,72,176
04/13/2010,MKG,MI,AGL,CE,Combined TRACON& Tower with Radar,0,9,22,0,31,0,0,21,4,25,0,9,43,4,56,0,0,0,56
04/14/2010,MKG,MI,AGL,CE,Combined TRACON& Tower with Radar,0,11,36,0,47,0,0,78,0,78,0,11,114,0,125,144,0,144,269
04/15/2010,MKG,MI,AGL,CE,Combined TRACON& Tower with Radar,0,8,18,0,26,0,0,36,0,36,0,8,54,0,62,12,0,12,74
04/16/2010,MKG,MI,AGL,CE,Combined TRACON& Tower with Radar,0,9,17,0,26,0,0,23,0,23,0,9,40,0,49,54,0,54,103
04/17/2010,MKG,MI,AGL,CE,Combined TRACON& Tower with Radar,0,4,7,0,11,0,0,17,0,17,0,4,24,0,28,14,0,14,42
04/18/2010,MKG,MI,AGL,CE,Combined TRACON& Tower with Radar,0,6,17,0,23,0,0,22,0,22,0,6,39,0,45,28,0,28,73
04/19/2010,MKG,MI,AGL,CE,Combined TRACON& Tower with Radar,0,6,46,0,52,0,0,27,0,27,0,6,73,0,79,120,0,120,199
04/20/2010,MKG,MI,AGL,CE,Combined TRACON& Tower with Radar,0,9,22,0,31,0,2,90,0,92,0,11,112,0,123,234,0,234,357
04/21/2010,MKG,MI,AGL,CE,Combined TRACON& Tower with Radar,0,4,16,0,20,0,0,76,0,76,0,4,92,0,96,112,0,112,208
04/22/2010,MKG,MI,AGL,CE,Combined TRACON& Tower with Radar,0,9,35,0,44,0,2,86,0,88,0,11,121,0,132,240,0,240,372
04/23/2010,MKG,MI,AGL,CE,Combined TRACON& Tower with Radar,0,10,27,0,37,0,0,60,0,60,0,10,87,0,97,68,0,68,165
04/24/2010,MKG,MI,AGL,CE,Combined TRACON& Tower with Radar,0,4,16,0,20,0,1,8,0,9,0,5,24,0,29,8,0,8,37
04/25/2010,MKG,MI,AGL,CE,Combined TRACON& Tower with Radar,0,4,1,0,5,0,0,1,0,1,0,4,2,0,6,0,0,0,6
04/26/2010,MKG,MI,AGL,CE,Combined TRACON& Tower with Radar,0,6,29,2,37,0,0,14,0,14,0,6,43,2,51,22,0,22,73
04/27/2010,MKG,MI,AGL,CE,Combined TRACON& Tower with Radar,0,7,26,0,33,0,0,64,0,64,0,7,90,0,97,22,0,22,119
04/28/2010,MKG,MI,AGL,CE,Combined TRACON& Tower with Radar,0,11,40,0,51,0,0,81,3,84,0,11,121,3,135,64,2,66,201
04/29/2010,MKG,MI,AGL,CE,Combined TRACON& Tower with Radar,0,10,54,0,64,0,0,53,0,53,0,10,107,0,117,34,0,34,151
04/30/2010,MKG,MI,AGL,CE,Combined TRACON& Tower with Radar,0,7,37,0,44,0,0,27,0,27,0,7,64,0,71,4,0,4,75
05/01/2010,MKG,MI,AGL,CE,Combined TRACON& Tower with Radar,0,4,21,0,25,0,0,10,0,10,0,4,31,0,35,0,0,0,35
05/02/2010,MKG,MI,AGL,CE,Combined TRACON& Tower with Radar,0,2,12,0,14,0,0,16,0,16,0,2,28,0,30,10,0,10,40
05/03/2010,MKG,MI,AGL,CE,Combined TRACON& Tower with Radar,0,4,26,0,30,0,0,66,0,66,0,4,92,0,96,108,0,108,204
05/04/2010,MKG,MI,AGL,CE,Combined TRACON& Tower with Radar,0,8,36,0,44,0,0,59,0,59,0,8,95,0,103,38,0,38,141
05/05/2010,MKG,MI,AGL,CE,Combined TRACON& Tower with Radar,0,8,30,0,38,0,0,17,0,17,0,8,47,0,55,12,0,12,67
05/06/2010,MKG,MI,AGL,CE,Combined TRACON& Tower with Radar,0,8,30,0,38,0,0,54,0,54,0,8,84,0,92,134,0,134,226
05/07/2010,MKG,MI,AGL,CE,Combined TRACON& Tower with Radar,0,6,31,0,37,0,0,0,0,0,0,6,31,0,37,0,0,0,37
05/08/2010,MKG,MI,AGL,CE,Combined TRACON& Tower with Radar,0,1,2,0,3,0,0,2,0,2,0,1,4,0,5,22,0,22,27
05/09/2010,MKG,MI,AGL,CE,Combined TRACON& Tower with Radar,0,3,7,0,10,0,0,42,1,43,0,3,49,1,53,0,0,0,53
05/10/2010,MKG,MI,AGL,CE,Combined TRACON& Tower with Radar,0,8,10,0,18,0,0,42,0,42,0,8,52,0,60,96,0,96,156
05/11/2010,MKG,MI,AGL,CE,Combined TRACON& Tower with Radar,0,7,15,0,22,0,0,0,0,0,0,7,15,0,22,0,0,0,22
05/12/2010,MKG,MI,AGL,CE,Combined TRACON& Tower with Radar,0,7,33,0,40,0,0,4,0,4,0,7,37,0,44,48,0,48,92
05/13/2010,MKG,MI,AGL,CE,Combined TRACON& Tower with Radar,0,6,11,0,17,0,0,2,0,2,0,6,13,0,19,6,0,6,25
05/14/2010,MKG,MI,AGL,CE,Combined TRACON& Tower with Radar,0,8,37,0,45,0,3,52,0,55,0,11,89,0,100,84,0,84,184
05/15/2010,MKG,MI,AGL,CE,Combined TRACON& Tower with Radar,0,7,21,0,28,0,0,95,0,95,0,7,116,0,123,86,0,86,209
05/16/2010,MKG,MI,AGL,CE,Combined TRACON& Tower with Radar,0,4,22,0,26,0,0,59,0,59,0,4,81,0,85,72,0,72,157
05/17/2010,MKG,MI,AGL,CE,Combined TRACON& Tower with Radar,0,5,20,0,25,0,0,52,0,52,0,5,72,0,77,88,0,88,165
05/18/2010,MKG,MI,AGL,CE,Combined TRACON& Tower with Radar,0,11,24,0,35,0,0,39,0,39,0,11,63,0,74,46,0,46,120
05/19/2010,MKG,MI,AGL,CE,Combined TRACON& Tower with Radar,0,10,29,0,39,0,0,75,0,75,0,10,104,0,114,92,2,94,208
05/20/2010,MKG,MI,AGL,CE,Combined TRACON& Tower with Radar,0,4,15,0,19,0,0,44,0,44,0,4,59,0,63,192,0,192,255
05/21/2010,MKG,MI,AGL,CE,Combined TRACON& Tower with Radar,0,8,16,0,24,0,0,4,0,4,0,8,20,0,28,24,0,24,52
05/22/2010,MKG,MI,AGL,CE,Combined TRACON& Tower with Radar,0,4,8,0,12,0,0,19,0,19,0,4,27,0,31,52,0,52,83
05/23/2010,MKG,MI,AGL,CE,Combined TRACON& Tower with Radar,0,3,12,0,15,0,1,32,0,33,0,4,44,0,48,76,0,76,124
05/24/2010,MKG,MI,AGL,CE,Combined TRACON& Tower with Radar,0,7,26,0,33,0,0,62,0,62,0,7,88,0,95,96,0,96,191
05/25/2010,MKG,MI,AGL,CE,Combined TRACON& Tower with Radar,0,7,31,3,41,0,0,73,1,74,0,7,104,4,115,98,0,98,213
05/26/2010,MKG,MI,AGL,CE,Combined TRACON& Tower with Radar,0,4,50,0,54,0,0,86,0,86,0,4,136,0,140,122,0,122,262
05/27/2010,MKG,MI,AGL,CE,Combined TRACON& Tower with Radar,0,9,30,2,41,0,0,48,2,50,0,9,78,4,91,48,4,52,143
05/28/2010,MKG,MI,AGL,CE,Combined TRACON& Tower with Radar,0,9,35,0,44,0,0,79,0,79,0,9,114,0,123,136,0,136,259
05/29/2010,MKG,MI,AGL,CE,Combined TRACON& Tower with Radar,0,4,26,0,30,0,0,48,4,52,0,4,74,4,82,12,0,12,94
05/30/2010,MKG,MI,AGL,CE,Combined TRACON& Tower with Radar,0,2,8,1,11,0,0,42,2,44,0,2,50,3,55,52,2,54,109
05/31/2010,MKG,MI,AGL,CE,Combined TRACON& Tower with Radar,0,11,9,0,20,0,0,17,2,19,0,11,26,2,39,16,2,18,57
06/01/2010,MKG,MI,AGL,CE,Combined TRACON& Tower with Radar,0,5,26,1,32,0,0,47,7,54,0,5,73,8,86,108,4,112,198
06/02/2010,MKG,MI,AGL,CE,Combined TRACON& Tower with Radar,0,6,15,2,23,0,0,3,0,3,0,6,18,2,26,0,0,0,26
06/03/2010,MKG,MI,AGL,CE,Combined TRACON& Tower with Radar,0,12,36,0,48,0,0,56,4,60,0,12,92,4,108,112,0,112,220
06/04/2010,MKG,MI,AGL,CE,Combined TRACON& Tower with Radar,0,4,17,0,21,0,0,21,6,27,0,4,38,6,48,90,0,90,138
06/05/2010,MKG,MI,AGL,CE,Combined TRACON& Tower with Radar,0,3,12,2,17,0,0,238,45,283,0,3,250,47,300,97,0,97,397
06/06/2010,MKG,MI,AGL,CE,Combined TRACON& Tower with Radar,0,4,9,1,14,0,0,4,1,5,0,4,13,2,19,0,0,0,19
06/07/2010,MKG,MI,AGL,CE,Combined TRACON& Tower with Radar,0,8,29,0,37,0,0,73,4,77,0,8,102,4,114,212,0,212,326
06/08/2010,MKG,MI,AGL,CE,Combined TRACON& Tower with Radar,0,7,17,0,24,0,0,24,2,26,0,7,41,2,50,70,0,70,120
06/09/2010,MKG,MI,AGL,CE,Combined TRACON& Tower with Radar,0,8,17,0,25,0,0,26,2,28,0,8,43,2,53,142,0,142,195
06/10/2010,MKG,MI,AGL,CE,Combined TRACON& Tower with Radar,0,6,24,0,30,0,0,99,3,102,0,6,123,3,132,164,0,164,296
06/11/2010,MKG,MI,AGL,CE,Combined TRACON& Tower with Radar,0,4,6,0,10,0,0,11,1,12,0,4,17,1,22,122,30,152,174
06/12/2010,MKG,MI,AGL,CE,Combined TRACON& Tower with Radar,0,5,9,0,14,0,0,22,0,22,0,5,31,0,36,24,0,24,60
06/13/2010,MKG,MI,AGL,CE,Combined TRACON& Tower with Radar,0,2,12,0,14,0,0,4,3,7,0,2,16,3,21,4,8,12,33
06/14/2010,MKG,MI,AGL,CE,Combined TRACON& Tower with Radar,0,3,28,1,32,0,0,35,2,37,0,3,63,3,69,134,0,134,203
06/15/2010,MKG,MI,AGL,CE,Combined TRACON& Tower with Radar,0,6,29,0,35,0,0,24,0,24,0,6,53,0,59,54,0,54,113
06/16/2010,MKG,MI,AGL,CE,Combined TRACON& Tower with Radar,0,8,37,1,46,0,0,12,3,15,0,8,49,4,61,126,4,130,191
06/17/2010,MKG,MI,AGL,CE,Combined TRACON& Tower with Radar,0,7,21,0,28,0,0,80,2,82,0,7,101,2,110,126,0,126,236
06/18/2010,MKG,MI,AGL,CE,Combined TRACON& Tower with Radar,0,4,14,0,18,0,0,62,2,64,0,4,76,2,82,96,0,96,178
06/19/2010,MKG,MI,AGL,CE,Combined TRACON& Tower with Radar,0,3,16,0,19,0,0,32,5,37,0,3,48,5,56,42,4,46,102
06/20/2010,MKG,MI,AGL,CE,Combined TRACON& Tower with Radar,0,4,30,0,34,0,0,38,5,43,0,4,68,5,77,36,2,38,115
06/21/2010,MKG,MI,AGL,CE,Combined TRACON& Tower with Radar,0,2,28,0,30,0,0,74,8,82,0,2,102,8,112,132,0,132,244
06/22/2010,MKG,MI,AGL,CE,Combined TRACON& Tower with Radar,0,6,18,0,24,0,0,48,1,49,0,6,66,1,73,52,0,52,125
06/23/2010,MKG,MI,AGL,CE,Combined TRACON& Tower with Radar,0,3,14,0,17,0,0,7,2,9,0,3,21,2,26,0,0,0,26
06/24/2010,MKG,MI,AGL,CE,Combined TRACON& Tower with Radar,0,8,34,1,43,0,0,58,5,63,0,8,92,6,106,96,2,98,204
06/25/2010,MKG,MI,AGL,CE,Combined TRACON& Tower with Radar,0,12,22,0,34,0,0,95,2,97,0,12,117,2,131,146,0,146,277
06/26/2010,MKG,MI,AGL,CE,Combined TRACON& Tower with Radar,0,5,19,0,24,0,0,27,2,29,0,5,46,2,53,18,0,18,71
06/27/2010,MKG,MI,AGL,CE,Combined TRACON& Tower with Radar,0,2,10,1,13,0,0,9,12,21,0,2,19,13,34,12,0,12,46
06/28/2010,MKG,MI,AGL,CE,Combined TRACON& Tower with Radar,0,4,4,0,8,0,0,22,4,26,0,4,26,4,34,24,0,24,58
06/29/2010,MKG,MI,AGL,CE,Combined TRACON& Tower with Radar,0,6,16,16,38,0,0,48,4,52,0,6,64,20,90,108,20,128,218
06/30/2010,MKG,MI,AGL,CE,Combined TRACON& Tower with Radar,0,10,31,0,41,0,0,65,0,65,0,10,96,0,106,120,0,120,226
07/01/2010,MKG,MI,AGL,CE,Combined TRACON& Tower with Radar,0,6,17,0,23,0,0,47,0,47,0,6,64,0,70,110,0,110,180
07/02/2010,MKG,MI,AGL,CE,Combined TRACON& Tower with Radar,0,10,19,0,29,0,0,60,2,62,0,10,79,2,91,86,0,86,177
07/03/2010,MKG,MI,AGL,CE,Combined TRACON& Tower with Radar,0,5,22,0,27,0,1,39,0,40,0,6,61,0,67,16,0,16,83
07/04/2010,MKG,MI,AGL,CE,Combined TRACON& Tower with Radar,0,3,14,2,19,0,0,14,4,18,0,3,28,6,37,0,0,0,37
07/05/2010,MKG,MI,AGL,CE,Combined TRACON& Tower with Radar,0,4,8,0,12,0,0,12,1,13,0,4,20,1,25,24,0,24,49
07/06/2010,MKG,MI,AGL,CE,Combined TRACON& Tower with Radar,0,6,9,1,16,0,0,25,3,28,0,6,34,4,44,4,0,4,48
07/07/2010,MKG,MI,AGL,CE,Combined TRACON& Tower with Radar,0,4,14,0,18,0,0,33,3,36,0,4,47,3,54,64,0,64,118
07/08/2010,MKG,MI,AGL,CE,Combined TRACON& Tower with Radar,0,10,20,0,30,0,0,6,0,6,0,10,26,0,36,34,0,34,70
07/09/2010,MKG,MI,AGL,CE,Combined TRACON& Tower with Radar,0,6,26,0,32,0,0,49,0,49,0,6,75,0,81,104,0,104,185
07/10/2010,MKG,MI,AGL,CE,Combined TRACON& Tower with Radar,0,4,14,0,18,0,0,32,2,34,0,4,46,2,52,44,0,44,96
07/11/2010,MKG,MI,AGL,CE,Combined TRACON& Tower with Radar,0,2,16,0,18,0,0,35,4,39,0,2,51,4,57,20,0,20,77
07/12/2010,MKG,MI,AGL,CE,Combined TRACON& Tower with Radar,0,4,28,0,32,0,0,37,3,40,0,4,65,3,72,120,0,120,192
07/13/2010,MKG,MI,AGL,CE,Combined TRACON& Tower with Radar,0,7,30,0,37,0,0,37,0,37,0,7,67,0,74,60,0,60,134
07/14/2010,MKG,MI,AGL,CE,Combined TRACON& Tower with Radar,0,9,29,0,38,0,0,38,0,38,0,9,67,0,76,48,0,48,124
07/15/2010,MKG,MI,AGL,CE,Combined TRACON& Tower with Radar,0,8,19,0,27,0,0,31,2,33,0,8,50,2,60,30,0,30,90
07/16/2010,MKG,MI,AGL,CE,Combined TRACON& Tower with Radar,0,7,35,0,42,0,0,87,0,87,0,7,122,0,129,78,0,78,207
07/17/2010,MKG,MI,AGL,CE,Combined TRACON& Tower with Radar,0,4,8,0,12,0,0,94,2,96,0,4,102,2,108,28,0,28,136
07/18/2010,MKG,MI,AGL,CE,Combined TRACON& Tower with Radar,0,3,10,0,13,0,0,36,0,36,0,3,46,0,49,6,0,6,55
07/19/2010,MKG,MI,AGL,CE,Combined TRACON& Tower with Radar,0,6,25,0,31,0,0,45,2,47,0,6,70,2,78,156,0,156,234
07/20/2010,MKG,MI,AGL,CE,Combined TRACON& Tower with Radar,0,10,25,0,35,0,0,38,0,38,0,10,63,0,73,104,0,104,177
07/21/2010,MKG,MI,AGL,CE,Combined TRACON& Tower with Radar,0,7,32,0,39,0,1,56,2,59,0,8,88,2,98,56,0,56,154
07/22/2010,MKG,MI,AGL,CE,Combined TRACON& Tower with Radar,0,7,24,0,31,0,0,16,2,18,0,7,40,2,49,6,0,6,55
07/23/2010,MKG,MI,AGL,CE,Combined TRACON& Tower with Radar,0,9,19,0,28,0,0,24,4,28,0,9,43,4,56,38,0,38,94
07/24/2010,MKG,MI,AGL,CE,Combined TRACON& Tower with Radar,0,5,14,0,19,0,0,11,0,11,0,5,25,0,30,0,0,0,30
07/25/2010,MKG,MI,AGL,CE,Combined TRACON& Tower with Radar,0,4,30,0,34,0,1,48,0,49,0,5,78,0,83,52,0,52,135
07/26/2010,MKG,MI,AGL,CE,Combined TRACON& Tower with Radar,0,7,21,0,28,0,0,81,2,83,0,7,102,2,111,106,2,108,219
07/27/2010,MKG,MI,AGL,CE,Combined TRACON& Tower with Radar,0,9,29,0,38,0,0,52,3,55,0,9,81,3,93,126,0,126,219
07/28/2010,MKG,MI,AGL,CE,Combined TRACON& Tower with Radar,0,7,25,2,34,0,0,37,0,37,0,7,62,2,71,72,0,72,143
07/29/2010,MKG,MI,AGL,CE,Combined TRACON& Tower with Radar,0,8,35,0,43,0,0,67,4,71,0,8,102,4,114,116,0,116,230
07/30/2010,MKG,MI,AGL,CE,Combined TRACON& Tower with Radar,0,7,27,1,35,0,0,45,14,59,0,7,72,15,94,96,0,96,190
07/31/2010,MKG,MI,AGL,CE,Combined TRACON& Tower with Radar,0,5,23,0,28,0,2,13,0,15,0,7,36,0,43,74,0,74,117
08/01/2010,MKG,MI,AGL,CE,Combined TRACON& Tower with Radar,0,3,11,0,14,0,0,30,0,30,0,3,41,0,44,38,0,38,82
08/02/2010,MKG,MI,AGL,CE,Combined TRACON& Tower with Radar,0,9,26,0,35,0,1,34,6,41,0,10,60,6,76,108,0,108,184
08/03/2010,MKG,MI,AGL,CE,Combined TRACON& Tower with Radar,0,11,33,0,44,0,0,71,2,73,0,11,104,2,117,122,0,122,239
08/04/2010,MKG,MI,AGL,CE,Combined TRACON& Tower with Radar,0,11,26,3,40,0,0,14,3,17,0,11,40,6,57,52,0,52,109
08/05/2010,MKG,MI,AGL,CE,Combined TRACON& Tower with Radar,0,7,15,3,25,0,0,32,3,35,0,7,47,6,60,54,0,54,114
08/06/2010,MKG,MI,AGL,CE,Combined TRACON& Tower with Radar,0,7,24,7,38,0,0,64,3,67,0,7,88,10,105,38,0,38,143
08/07/2010,MKG,MI,AGL,CE,Combined TRACON& Tower with Radar,0,5,26,0,31,0,0,33,0,33,0,5,59,0,64,108,0,108,172
08/08/2010,MKG,MI,AGL,CE,Combined TRACON& Tower with Radar,0,3,12,1,16,0,0,4,2,6,0,3,16,3,22,0,0,0,22
08/09/2010,MKG,MI,AGL,CE,Combined TRACON& Tower with Radar,0,5,35,0,40,0,0,25,2,27,0,5,60,2,67,118,0,118,185
08/10/2010,MKG,MI,AGL,CE,Combined TRACON& Tower with Radar,0,8,18,2,28,0,0,46,5,51,0,8,64,7,79,74,0,74,153
08/11/2010,MKG,MI,AGL,CE,Combined TRACON& Tower with Radar,0,6,33,1,40,0,0,34,6,40,0,6,67,7,80,54,0,54,134
08/12/2010,MKG,MI,AGL,CE,Combined TRACON& Tower with Radar,0,9,35,0,44,0,0,38,5,43,0,9,73,5,87,41,0,41,128
08/13/2010,MKG,MI,AGL,CE,Combined TRACON& Tower with Radar,0,8,39,0,47,0,0,42,1,43,0,8,81,1,90,56,0,56,146
08/14/2010,MKG,MI,AGL,CE,Combined TRACON& Tower with Radar,0,3,11,0,14,0,0,56,8,64,0,3,67,8,78,88,20,108,186
08/15/2010,MKG,MI,AGL,CE,Combined TRACON& Tower with Radar,0,2,27,0,29,0,0,70,1,71,0,2,97,1,100,113,0,113,213
08/16/2010,MKG,MI,AGL,CE,Combined TRACON& Tower with Radar,0,4,29,0,33,0,0,31,7,38,0,4,60,7,71,16,0,16,87
08/17/2010,MKG,MI,AGL,CE,Combined TRACON& Tower with Radar,0,6,28,2,36,0,0,54,4,58,0,6,82,6,94,164,0,164,258
08/18/2010,MKG,MI,AGL,CE,Combined TRACON& Tower with Radar,0,6,35,0,41,0,0,45,1,46,0,6,80,1,87,116,0,116,203
08/19/2010,MKG,MI,AGL,CE,Combined TRACON& Tower with Radar,0,8,23,0,31,0,0,39,0,39,0,8,62,0,70,116,0,116,186
08/20/2010,MKG,MI,AGL,CE,Combined TRACON& Tower with Radar,0,5,28,0,33,0,0,30,4,34,0,5,58,4,67,114,0,114,181
08/21/2010,MKG,MI,AGL,CE,Combined TRACON& Tower with Radar,0,2,9,0,11,0,0,6,2,8,0,2,15,2,19,2,0,2,21
08/22/2010,MKG,MI,AGL,CE,Combined TRACON& Tower with Radar,0,3,13,1,17,0,0,17,2,19,0,3,30,3,36,14,6,20,56
08/23/2010,MKG,MI,AGL,CE,Combined TRACON& Tower with Radar,0,8,16,1,25,0,0,29,0,29,0,8,45,1,54,26,0,26,80
08/24/2010,MKG,MI,AGL,CE,Combined TRACON& Tower with Radar,0,12,37,2,51,0,0,33,2,35,0,12,70,4,86,118,0,118,204
08/25/2010,MKG,MI,AGL,CE,Combined TRACON& Tower with Radar,0,6,47,1,54,0,0,30,1,31,0,6,77,2,85,68,0,68,153
08/26/2010,MKG,MI,AGL,CE,Combined TRACON& Tower with Radar,0,7,40,0,47,0,0,36,2,38,0,7,76,2,85,130,0,130,215
08/27/2010,MKG,MI,AGL,CE,Combined TRACON& Tower with Radar,0,6,22,0,28,0,0,45,2,47,0,6,67,2,75,56,0,56,131
08/28/2010,MKG,MI,AGL,CE,Combined TRACON& Tower with Radar,0,4,10,0,14,0,0,33,4,37,0,4,43,4,51,30,0,30,81
08/29/2010,MKG,MI,AGL,CE,Combined TRACON& Tower with Radar,0,3,11,2,16,0,0,27,0,27,0,3,38,2,43,32,0,32,75
08/30/2010,MKG,MI,AGL,CE,Combined TRACON& Tower with Radar,0,3,10,1,14,0,0,32,1,33,0,3,42,2,47,38,0,38,85
08/31/2010,MKG,MI,AGL,CE,Combined TRACON& Tower with Radar,0,9,30,1,40,0,0,17,3,20,0,9,47,4,60,22,0,22,82
09/01/2010,MKG,MI,AGL,CE,Combined TRACON& Tower with Radar,0,8,15,2,25,0,0,7,4,11,0,8,22,6,36,12,6,18,54
09/02/2010,MKG,MI,AGL,CE,Combined TRACON& Tower with Radar,0,9,17,0,26,0,0,0,2,2,0,9,17,2,28,0,0,0,28
09/03/2010,MKG,MI,AGL,CE,Combined TRACON& Tower with Radar,0,8,12,1,21,0,0,8,5,13,0,8,20,6,34,38,0,38,72
09/04/2010,MKG,MI,AGL,CE,Combined TRACON& Tower with Radar,0,4,3,1,8,0,0,3,1,4,0,4,6,2,12,0,0,0,12
09/05/2010,MKG,MI,AGL,CE,Combined TRACON& Tower with Radar,0,2,5,0,7,0,0,26,1,27,0,2,31,1,34,60,44,104,138
09/06/2010,MKG,MI,AGL,CE,Combined TRACON& Tower with Radar,0,5,14,1,20,0,0,7,1,8,0,5,21,2,28,0,0,0,28
09/07/2010,MKG,MI,AGL,CE,Combined TRACON& Tower with Radar,0,7,7,1,15,0,0,4,1,5,0,7,11,2,20,0,0,0,20
09/08/2010,MKG,MI,AGL,CE,Combined TRACON& Tower with Radar,0,7,26,0,33,0,0,25,0,25,0,7,51,0,58,62,0,62,120
09/09/2010,MKG,MI,AGL,CE,Combined TRACON& Tower with Radar,0,8,35,4,47,0,0,89,0,89,0,8,124,4,136,226,0,226,362
09/10/2010,MKG,MI,AGL,CE,Combined TRACON& Tower with Radar,0,8,34,0,42,0,0,77,0,77,0,8,111,0,119,92,0,92,211
09/11/2010,MKG,MI,AGL,CE,Combined TRACON& Tower with Radar,0,4,5,0,9,0,0,2,1,3,0,4,7,1,12,0,0,0,12
09/12/2010,MKG,MI,AGL,CE,Combined TRACON& Tower with Radar,0,4,21,0,25,0,0,14,0,14,0,4,35,0,39,60,0,60,99
09/13/2010,MKG,MI,AGL,CE,Combined TRACON& Tower with Radar,0,4,33,0,37,0,0,30,2,32,0,4,63,2,69,66,0,66,135
09/14/2010,MKG,MI,AGL,CE,Combined TRACON& Tower with Radar,0,7,21,0,28,0,0,56,0,56,0,7,77,0,84,70,0,70,154
09/15/2010,MKG,MI,AGL,CE,Combined TRACON& Tower with Radar,0,8,39,0,47,0,0,82,0,82,0,8,121,0,129,164,0,164,293
09/16/2010,MKG,MI,AGL,CE,Combined TRACON& Tower with Radar,0,7,36,0,43,0,0,0,0,0,0,7,36,0,43,24,0,24,67
09/17/2010,MKG,MI,AGL,CE,Combined TRACON& Tower with Radar,0,6,25,0,31,0,0,41,0,41,0,6,66,0,72,62,0,62,134
09/18/2010,MKG,MI,AGL,CE,Combined TRACON& Tower with Radar,0,2,8,0,10,0,0,1,0,1,0,2,9,0,11,0,0,0,11
09/19/2010,MKG,MI,AGL,CE,Combined TRACON& Tower with Radar,0,4,27,0,31,0,0,20,0,20,0,4,47,0,51,126,0,126,177
09/20/2010,MKG,MI,AGL,CE,Combined TRACON& Tower with Radar,0,4,27,0,31,0,0,34,0,34,0,4,61,0,65,126,0,126,191
09/21/2010,MKG,MI,AGL,CE,Combined TRACON& Tower with Radar,0,4,14,0,18,0,0,12,0,12,0,4,26,0,30,20,0,20,50
09/22/2010,MKG,MI,AGL,CE,Combined TRACON& Tower with Radar,0,6,23,0,29,0,0,34,0,34,0,6,57,0,63,28,0,28,91
09/23/2010,MKG,MI,AGL,CE,Combined TRACON& Tower with Radar,0,7,17,0,24,0,0,15,0,15,0,7,32,0,39,10,0,10,49
09/24/2010,MKG,MI,AGL,CE,Combined TRACON& Tower with Radar,0,7,17,0,24,0,0,0,0,0,0,7,17,0,24,0,2,2,26
09/25/2010,MKG,MI,AGL,CE,Combined TRACON& Tower with Radar,0,5,6,0,11,0,0,8,0,8,0,5,14,0,19,0,0,0,19
09/26/2010,MKG,MI,AGL,CE,Combined TRACON& Tower with Radar,0,5,13,1,19,0,0,30,0,30,0,5,43,1,49,12,0,12,61
09/27/2010,MKG,MI,AGL,CE,Combined TRACON& Tower with Radar,0,6,28,3,37,0,0,52,1,53,0,6,80,4,90,68,0,68,158
09/28/2010,MKG,MI,AGL,CE,Combined TRACON& Tower with Radar,0,8,33,0,41,0,0,48,0,48,0,8,81,0,89,82,0,82,171
09/29/2010,MKG,MI,AGL,CE,Combined TRACON& Tower with Radar,0,8,32,0,40,0,0,47,0,47,0,8,79,0,87,78,0,78,165
09/30/2010,MKG,MI,AGL,CE,Combined TRACON& Tower with Radar,0,7,28,1,36,0,0,47,0,47,0,7,75,1,83,108,0,108,191
10/01/2010,MKG,MI,AGL,CE,Combined TRACON& Tower with Radar,0,7,23,0,30,0,0,31,0,31,0,7,54,0,61,34,0,34,95
10/02/2010,MKG,MI,AGL,CE,Combined TRACON& Tower with Radar,0,5,9,1,15,0,0,12,0,12,0,5,21,1,27,0,0,0,27
10/03/2010,MKG,MI,AGL,CE,Combined TRACON& Tower with Radar,0,3,15,0,18,0,1,24,0,25,0,4,39,0,43,34,0,34,77
10/04/2010,MKG,MI,AGL,CE,Combined TRACON& Tower with Radar,0,4,13,2,19,0,0,40,0,40,0,4,53,2,59,64,0,64,123
10/05/2010,MKG,MI,AGL,CE,Combined TRACON& Tower with Radar,0,10,22,0,32,0,1,49,0,50,0,11,71,0,82,188,0,188,270
10/06/2010,MKG,MI,AGL,CE,Combined TRACON& Tower with Radar,0,9,24,0,33,0,0,44,1,45,0,9,68,1,78,126,0,126,204
10/07/2010,MKG,MI,AGL,CE,Combined TRACON& Tower with Radar,0,7,40,0,47,0,0,67,0,67,0,7,107,0,114,86,0,86,200
10/08/2010,MKG,MI,AGL,CE,Combined TRACON& Tower with Radar,0,8,20,0,28,0,4,49,0,53,0,12,69,0,81,134,0,134,215
10/09/2010,MKG,MI,AGL,CE,Combined TRACON& Tower with Radar,0,4,12,0,16,0,1,53,1,55,0,5,65,1,71,86,0,86,157
10/10/2010,MKG,MI,AGL,CE,Combined TRACON& Tower with Radar,0,3,16,0,19,0,0,29,0,29,0,3,45,0,48,22,0,22,70
10/11/2010,MKG,MI,AGL,CE,Combined TRACON& Tower with Radar,0,4,11,0,15,0,0,37,0,37,0,4,48,0,52,68,0,68,120
10/12/2010,MKG,MI,AGL,CE,Combined TRACON& Tower with Radar,0,9,36,0,45,0,0,55,1,56,0,9,91,1,101,142,0,142,243
10/13/2010,MKG,MI,AGL,CE,Combined TRACON& Tower with Radar,0,11,38,0,49,0,0,31,0,31,0,11,69,0,80,90,0,90,170
10/14/2010,MKG,MI,AGL,CE,Combined TRACON& Tower with Radar,0,7,50,3,60,0,0,59,1,60,0,7,109,4,120,60,0,60,180
10/15/2010,MKG,MI,AGL,CE,Combined TRACON& Tower with Radar,0,7,16,1,24,0,1,45,0,46,0,8,61,1,70,52,0,52,122
10/16/2010,MKG,MI,AGL,CE,Combined TRACON& Tower with Radar,0,5,17,0,22,0,0,37,0,37,0,5,54,0,59,34,0,34,93
10/17/2010,MKG,MI,AGL,CE,Combined TRACON& Tower with Radar,0,4,12,0,16,1,0,41,0,42,1,4,53,0,58,32,0,32,90
10/18/2010,MKG,MI,AGL,CE,Combined TRACON& Tower with Radar,0,5,18,0,23,0,0,33,0,33,0,5,51,0,56,72,0,72,128
10/19/2010,MKG,MI,AGL,CE,Combined TRACON& Tower with Radar,0,10,20,0,30,0,0,34,0,34,0,10,54,0,64,50,0,50,114
10/20/2010,MKG,MI,AGL,CE,Combined TRACON& Tower with Radar,1,9,31,0,41,0,0,22,0,22,1,9,53,0,63,20,0,20,83
10/21/2010,MKG,MI,AGL,CE,Combined TRACON& Tower with Radar,0,10,29,0,39,0,0,12,0,12,0,10,41,0,51,28,0,28,79
10/22/2010,MKG,MI,AGL,CE,Combined TRACON& Tower with Radar,0,9,13,0,22,0,1,17,0,18,0,10,30,0,40,0,0,0,40
10/23/2010,MKG,MI,AGL,CE,Combined TRACON& Tower with Radar,0,6,13,1,20,0,0,11,1,12,0,6,24,2,32,44,0,44,76
10/24/2010,MKG,MI,AGL,CE,Combined TRACON& Tower with Radar,0,9,10,0,19,0,0,6,0,6,0,9,16,0,25,2,0,2,27
10/25/2010,MKG,MI,AGL,CE,Combined TRACON& Tower with Radar,0,6,27,0,33,0,0,12,0,12,0,6,39,0,45,22,0,22,67
10/26/2010,MKG,MI,AGL,CE,Combined TRACON& Tower with Radar,0,10,6,3,19,0,0,0,0,0,0,10,6,3,19,0,0,0,19
10/27/2010,MKG,MI,AGL,CE,Combined TRACON& Tower with Radar,0,8,5,0,13,0,0,2,0,2,0,8,7,0,15,0,0,0,15
10/28/2010,MKG,MI,AGL,CE,Combined TRACON& Tower with Radar,0,8,8,0,16,0,0,0,0,0,0,8,8,0,16,10,0,10,26
10/29/2010,MKG,MI,AGL,CE,Combined TRACON& Tower with Radar,0,6,30,0,36,0,0,38,0,38,0,6,68,0,74,37,0,37,111
10/30/2010,MKG,MI,AGL,CE,Combined TRACON& Tower with Radar,0,7,9,0,16,0,1,9,0,10,0,8,18,0,26,0,0,0,26
10/31/2010,MKG,MI,AGL,CE,Combined TRACON& Tower with Radar,0,3,12,0,15,0,0,42,0,42,0,3,54,0,57,58,0,58,115
11/01/2010,MKG,MI,AGL,CE,Combined TRACON& Tower with Radar,0,11,20,0,31,0,2,56,0,58,0,13,76,0,89,142,0,142,231
11/02/2010,MKG,MI,AGL,CE,Combined TRACON& Tower with Radar,0,9,27,0,36,0,0,45,0,45,0,9,72,0,81,144,0,144,225
11/03/2010,MKG,MI,AGL,CE,Combined TRACON& Tower with Radar,0,6,28,0,34,0,0,21,0,21,0,6,49,0,55,64,0,64,119
11/04/2010,MKG,MI,AGL,CE,Combined TRACON& Tower with Radar,0,7,21,0,28,0,0,21,0,21,0,7,42,0,49,66,0,66,115
11/05/2010,MKG,MI,AGL,CE,Combined TRACON& Tower with Radar,0,6,11,0,17,0,0,6,0,6,0,6,17,0,23,46,0,46,69
11/06/2010,MKG,MI,AGL,CE,Combined TRACON& Tower with Radar,0,4,10,0,14,0,0,42,0,42,0,4,52,0,56,126,0,126,182
11/07/2010,MKG,MI,AGL,CE,Combined TRACON& Tower with Radar,0,3,14,0,17,0,0,29,0,29,0,3,43,0,46,60,0,60,106
11/08/2010,MKG,MI,AGL,CE,Combined TRACON& Tower with Radar,0,4,34,1,39,0,1,63,0,64,0,5,97,1,103,66,0,66,169
11/09/2010,MKG,MI,AGL,CE,Combined TRACON& Tower with Radar,0,7,29,0,36,0,0,58,0,58,0,7,87,0,94,196,0,196,290
11/10/2010,MKG,MI,AGL,CE,Combined TRACON& Tower with Radar,0,7,18,0,25,0,0,59,0,59,0,7,77,0,84,200,0,200,284
11/11/2010,MKG,MI,AGL,CE,Combined TRACON& Tower with Radar,0,7,27,0,34,0,0,71,0,71,0,7,98,0,105,108,0,108,213
11/12/2010,MKG,MI,AGL,CE,Combined TRACON& Tower with Radar,0,8,12,0,20,0,0,34,0,34,0,8,46,0,54,138,0,138,192
11/13/2010,MKG,MI,AGL,CE,Combined TRACON& Tower with Radar,0,5,6,0,11,0,0,14,0,14,0,5,20,0,25,12,0,12,37
11/14/2010,MKG,MI,AGL,CE,Combined TRACON& Tower with Radar,0,7,5,1,13,0,0,5,0,5,0,7,10,1,18,4,0,4,22
11/15/2010,MKG,MI,AGL,CE,Combined TRACON& Tower with Radar,0,4,13,0,17,0,0,22,0,22,0,4,35,0,39,78,0,78,117
11/16/2010,MKG,MI,AGL,CE,Combined TRACON& Tower with Radar,0,7,21,0,28,0,0,36,0,36,0,7,57,0,64,81,0,81,145
11/17/2010,MKG,MI,AGL,CE,Combined TRACON& Tower with Radar,0,8,21,2,31,0,0,4,0,4,0,8,25,2,35,0,0,0,35
11/18/2010,MKG,MI,AGL,CE,Combined TRACON& Tower with Radar,0,8,28,0,36,0,0,10,0,10,0,8,38,0,46,16,0,16,62
11/19/2010,MKG,MI,AGL,CE,Combined TRACON& Tower with Radar,0,6,11,0,17,0,0,7,0,7,0,6,18,0,24,52,0,52,76
11/20/2010,MKG,MI,AGL,CE,Combined TRACON& Tower with Radar,0,4,17,0,21,0,0,34,0,34,0,4,51,0,55,90,0,90,145
11/21/2010,MKG,MI,AGL,CE,Combined TRACON& Tower with Radar,0,3,6,0,9,0,0,0,0,0,0,3,6,0,9,0,0,0,9
11/22/2010,MKG,MI,AGL,CE,Combined TRACON& Tower with Radar,0,2,18,0,20,0,0,0,0,0,0,2,18,0,20,0,0,0,20
11/23/2010,MKG,MI,AGL,CE,Combined TRACON& Tower with Radar,0,10,16,0,26,0,0,6,0,6,0,10,22,0,32,26,0,26,58
11/24/2010,MKG,MI,AGL,CE,Combined TRACON& Tower with Radar,0,6,11,2,19,0,0,48,0,48,0,6,59,2,67,44,0,44,111
11/25/2010,MKG,MI,AGL,CE,Combined TRACON& Tower with Radar,0,10,3,0,13,0,0,0,0,0,0,10,3,0,13,0,0,0,13
11/26/2010,MKG,MI,AGL,CE,Combined TRACON& Tower with Radar,0,5,3,0,8,0,0,7,0,7,0,5,10,0,15,14,0,14,29
11/27/2010,MKG,MI,AGL,CE,Combined TRACON& Tower with Radar,0,1,6,0,7,0,0,6,0,6,0,1,12,0,13,20,0,20,33
11/28/2010,MKG,MI,AGL,CE,Combined TRACON& Tower with Radar,0,3,23,0,26,0,0,48,0,48,0,3,71,0,74,78,0,78,152
11/29/2010,MKG,MI,AGL,CE,Combined TRACON& Tower with Radar,0,8,18,0,26,0,0,63,0,63,0,8,81,0,89,178,0,178,267
11/30/2010,MKG,MI,AGL,CE,Combined TRACON& Tower with Radar,0,7,15,0,22,0,0,0,0,0,0,7,15,0,22,0,0,0,22
12/01/2010,MKG,MI,AGL,CE,Combined TRACON& Tower with Radar,0,8,8,1,17,0,0,0,0,0,0,8,8,1,17,0,0,0,17
12/02/2010,MKG,MI,AGL,CE,Combined TRACON& Tower with Radar,0,9,14,0,23,0,0,0,0,0,0,9,14,0,23,0,0,0,23
12/03/2010,MKG,MI,AGL,CE,Combined TRACON& Tower with Radar,0,6,18,0,24,0,0,32,0,32,0,6,50,0,56,58,0,58,114
12/04/2010,MKG,MI,AGL,CE,Combined TRACON& Tower with Radar,0,6,10,0,16,0,0,14,0,14,0,6,24,0,30,0,0,0,30
12/05/2010,MKG,MI,AGL,CE,Combined TRACON& Tower with Radar,0,3,4,0,7,0,0,0,0,0,0,3,4,0,7,0,0,0,7
12/06/2010,MKG,MI,AGL,CE,Combined TRACON& Tower with Radar,0,12,22,0,34,0,0,0,0,0,0,12,22,0,34,0,0,0,34
12/07/2010,MKG,MI,AGL,CE,Combined TRACON& Tower with Radar,0,9,7,0,16,0,0,11,0,11,0,9,18,0,27,98,0,98,125
12/08/2010,MKG,MI,AGL,CE,Combined TRACON& Tower with Radar,0,8,19,0,27,0,0,20,0,20,0,8,39,0,47,100,0,100,147
12/09/2010,MKG,MI,AGL,CE,Combined TRACON& Tower with Radar,0,7,15,0,22,0,0,10,0,10,0,7,25,0,32,36,0,36,68
12/10/2010,MKG,MI,AGL,CE,Combined TRACON& Tower with Radar,0,6,8,0,14,0,0,2,0,2,0,6,10,0,16,24,0,24,40
12/11/2010,MKG,MI,AGL,CE,Combined TRACON& Tower with Radar,0,3,4,0,7,0,0,1,0,1,0,3,5,0,8,4,0,4,12
12/12/2010,MKG,MI,AGL,CE,Combined TRACON& Tower with Radar,0,2,0,0,2,0,0,0,0,0,0,2,0,0,2,0,0,0,2
12/13/2010,MKG,MI,AGL,CE,Combined TRACON& Tower with Radar,0,6,8,0,14,0,0,6,0,6,0,6,14,0,20,4,0,4,24
12/14/2010,MKG,MI,AGL,CE,Combined TRACON& Tower with Radar,0,6,17,0,23,0,1,29,0,30,0,7,46,0,53,42,0,42,95
12/15/2010,MKG,MI,AGL,CE,Combined TRACON& Tower with Radar,0,5,19,0,24,0,0,32,0,32,0,5,51,0,56,104,0,104,160
12/16/2010,MKG,MI,AGL,CE,Combined TRACON& Tower with Radar,0,9,15,0,24,0,0,31,0,31,0,9,46,0,55,22,0,22,77
12/17/2010,MKG,MI,AGL,CE,Combined TRACON& Tower with Radar,0,4,28,0,32,0,0,34,0,34,0,4,62,0,66,46,0,46,112
12/18/2010,MKG,MI,AGL,CE,Combined TRACON& Tower with Radar,0,4,12,0,16,0,0,0,0,0,0,4,12,0,16,0,0,0,16
12/19/2010,MKG,MI,AGL,CE,Combined TRACON& Tower with Radar,0,3,9,0,12,0,0,2,0,2,0,3,11,0,14,32,0,32,46
12/20/2010,MKG,MI,AGL,CE,Combined TRACON& Tower with Radar,0,6,10,0,16,0,0,34,0,34,0,6,44,0,50,58,0,58,108
12/21/2010,MKG,MI,AGL,CE,Combined TRACON& Tower with Radar,0,4,10,0,14,0,0,7,0,7,0,4,17,0,21,78,0,78,99
12/22/2010,MKG,MI,AGL,CE,Combined TRACON& Tower with Radar,0,6,10,0,16,0,0,26,0,26,0,6,36,0,42,46,0,46,88
12/23/2010,MKG,MI,AGL,CE,Combined TRACON& Tower with Radar,0,6,2,0,8,0,0,17,0,17,0,6,19,0,25,58,0,58,83
12/24/2010,MKG,MI,AGL,CE,Combined TRACON& Tower with Radar,0,5,1,0,6,0,0,3,0,3,0,5,4,0,9,10,0,10,19
12/25/2010,MKG,MI,AGL,CE,Combined TRACON& Tower with Radar,0,2,0,0,2,0,2,0,0,2,0,4,0,0,4,0,0,0,4
12/26/2010,MKG,MI,AGL,CE,Combined TRACON& Tower with Radar,0,3,8,0,11,0,0,26,0,26,0,3,34,0,37,80,0,80,117
12/27/2010,MKG,MI,AGL,CE,Combined TRACON& Tower with Radar,0,4,4,0,8,0,0,10,0,10,0,4,14,0,18,36,0,36,54
12/28/2010,MKG,MI,AGL,CE,Combined TRACON& Tower with Radar,0,7,17,0,24,0,0,0,2,2,0,7,17,2,26,0,0,0,26
12/29/2010,MKG,MI,AGL,CE,Combined TRACON& Tower with Radar,0,4,21,0,25,0,0,45,0,45,0,4,66,0,70,48,0,48,118
12/30/2010,MKG,MI,AGL,CE,Combined TRACON& Tower with Radar,0,3,18,0,21,0,0,1,0,1,0,3,19,0,22,0,0,0,22
12/31/2010,MKG,MI,AGL,CE,Combined TRACON& Tower with Radar,0,5,15,0,20,0,0,0,0,0,0,5,15,0,20,0,0,0,20
01/01/2011,MKG,MI,AGL,CE,Combined TRACON& Tower with Radar,0,1,1,0,2,0,0,0,0,0,0,1,1,0,2,0,0,0,2
01/02/2011,MKG,MI,AGL,CE,Combined TRACON& Tower with Radar,0,4,9,0,13,0,0,6,0,6,0,4,15,0,19,12,0,12,31
01/03/2011,MKG,MI,AGL,CE,Combined TRACON& Tower with Radar,0,6,9,0,15,0,0,18,4,22,0,6,27,4,37,56,0,56,93
01/04/2011,MKG,MI,AGL,CE,Combined TRACON& Tower with Radar,0,10,0,0,10,0,0,0,0,0,0,10,0,0,10,0,0,0,10
01/05/2011,MKG,MI,AGL,CE,Combined TRACON& Tower with Radar,0,5,12,0,17,0,0,21,0,21,0,5,33,0,38,92,0,92,130
01/06/2011,MKG,MI,AGL,CE,Combined TRACON& Tower with Radar,0,4,10,0,14,0,0,0,0,0,0,4,10,0,14,0,0,0,14
01/07/2011,MKG,MI,AGL,CE,Combined TRACON& Tower with Radar,0,6,12,0,18,0,0,2,0,2,0,6,14,0,20,20,0,20,40
01/08/2011,MKG,MI,AGL,CE,Combined TRACON& Tower with Radar,0,4,7,0,11,0,0,18,0,18,0,4,25,0,29,30,0,30,59
01/09/2011,MKG,MI,AGL,CE,Combined TRACON& Tower with Radar,0,3,10,0,13,0,0,6,0,6,0,3,16,0,19,46,0,46,65
01/10/2011,MKG,MI,AGL,CE,Combined TRACON& Tower with Radar,0,4,24,0,28,0,0,35,0,35,0,4,59,0,63,114,0,114,177
01/11/2011,MKG,MI,AGL,CE,Combined TRACON& Tower with Radar,0,4,5,0,9,0,0,2,0,2,0,4,7,0,11,0,0,0,11
01/12/2011,MKG,MI,AGL,CE,Combined TRACON& Tower with Radar,0,4,20,0,24,0,0,21,0,21,0,4,41,0,45,60,0,60,105
01/13/2011,MKG,MI,AGL,CE,Combined TRACON& Tower with Radar,0,5,15,0,20,0,0,6,0,6,0,5,21,0,26,18,0,18,44
01/14/2011,MKG,MI,AGL,CE,Combined TRACON& Tower with Radar,0,4,5,0,9,0,0,1,0,1,0,4,6,0,10,0,0,0,10
01/15/2011,MKG,MI,AGL,CE,Combined TRACON& Tower with Radar,0,4,6,0,10,0,0,2,0,2,0,4,8,0,12,16,0,16,28
01/16/2011,MKG,MI,AGL,CE,Combined TRACON& Tower with Radar,0,5,6,0,11,0,0,8,0,8,0,5,14,0,19,2,0,2,21
01/17/2011,MKG,MI,AGL,CE,Combined TRACON& Tower with Radar,0,4,12,0,16,0,0,1,0,1,0,4,13,0,17,8,0,8,25
01/18/2011,MKG,MI,AGL,CE,Combined TRACON& Tower with Radar,0,6,14,0,20,0,0,4,0,4,0,6,18,0,24,4,0,4,28
01/19/2011,MKG,MI,AGL,CE,Combined TRACON& Tower with Radar,0,6,22,0,28,0,0,26,0,26,0,6,48,0,54,36,0,36,90
01/20/2011,MKG,MI,AGL,CE,Combined TRACON& Tower with Radar,0,10,14,0,24,0,0,14,2,16,0,10,28,2,40,52,0,52,92
01/21/2011,MKG,MI,AGL,CE,Combined TRACON& Tower with Radar,0,6,6,0,12,0,0,1,0,1,0,6,7,0,13,0,0,0,13
01/22/2011,MKG,MI,AGL,CE,Combined TRACON& Tower with Radar,0,4,1,0,5,0,0,0,0,0,0,4,1,0,5,0,0,0,5
01/23/2011,MKG,MI,AGL,CE,Combined TRACON& Tower with Radar,0,5,11,0,16,0,0,14,0,14,0,5,25,0,30,58,0,58,88
01/24/2011,MKG,MI,AGL,CE,Combined TRACON& Tower with Radar,0,4,8,0,12,0,0,0,0,0,0,4,8,0,12,0,0,0,12
01/25/2011,MKG,MI,AGL,CE,Combined TRACON& Tower with Radar,0,4,6,0,10,0,0,2,0,2,0,4,8,0,12,0,0,0,12
01/26/2011,MKG,MI,AGL,CE,Combined TRACON& Tower with Radar,0,6,16,0,22,0,0,26,0,26,0,6,42,0,48,59,0,59,107
01/27/2011,MKG,MI,AGL,CE,Combined TRACON& Tower with Radar,0,6,4,0,10,0,0,2,0,2,0,6,6,0,12,0,0,0,12
01/28/2011,MKG,MI,AGL,CE,Combined TRACON& Tower with Radar,0,6,11,0,17,0,0,16,0,16,0,6,27,0,33,46,0,46,79
01/29/2011,MKG,MI,AGL,CE,Combined TRACON& Tower with Radar,0,2,4,0,6,0,0,0,0,0,0,2,4,0,6,0,0,0,6
01/30/2011,MKG,MI,AGL,CE,Combined TRACON& Tower with Radar,0,3,22,0,25,0,0,33,0,33,0,3,55,0,58,66,0,66,124
01/31/2011,MKG,MI,AGL,CE,Combined TRACON& Tower with Radar,0,4,17,0,21,0,0,39,0,39,0,4,56,0,60,48,0,48,108
02/01/2011,MKG,MI,AGL,CE,Combined TRACON& Tower with Radar,0,6,1,0,7,0,0,15,0,15,0,6,16,0,22,0,0,0,22
02/02/2011,MKG,MI,AGL,CE,Combined TRACON& Tower with Radar,0,2,7,0,9,0,0,2,0,2,0,2,9,0,11,8,0,8,19
02/03/2011,MKG,MI,AGL,CE,Combined TRACON& Tower with Radar,0,5,10,0,15,0,0,25,0,25,0,5,35,0,40,22,0,22,62
02/04/2011,MKG,MI,AGL,CE,Combined TRACON& Tower with Radar,0,5,11,0,16,0,0,18,0,18,0,5,29,0,34,10,0,10,44
02/05/2011,MKG,MI,AGL,CE,Combined TRACON& Tower with Radar,0,6,6,0,12,0,0,36,0,36,0,6,42,0,48,66,0,66,114
02/06/2011,MKG,MI,AGL,CE,Combined TRACON& Tower with Radar,0,3,3,0,6,0,0,0,0,0,0,3,3,0,6,0,0,0,6
02/07/2011,MKG,MI,AGL,CE,Combined TRACON& Tower with Radar,0,1,8,0,9,0,0,20,0,20,0,1,28,0,29,62,0,62,91
02/08/2011,MKG,MI,AGL,CE,Combined TRACON& Tower with Radar,0,7,26,0,33,0,0,6,0,6,0,7,32,0,39,38,0,38,77
02/09/2011,MKG,MI,AGL,CE,Combined TRACON& Tower with Radar,0,4,22,0,26,0,0,9,0,9,0,4,31,0,35,22,0,22,57
02/10/2011,MKG,MI,AGL,CE,Combined TRACON& Tower with Radar,0,10,17,0,27,0,0,18,0,18,0,10,35,0,45,20,0,20,65
02/11/2011,MKG,MI,AGL,CE,Combined TRACON& Tower with Radar,0,6,9,0,15,0,0,3,0,3,0,6,12,0,18,24,0,24,42
02/12/2011,MKG,MI,AGL,CE,Combined TRACON& Tower with Radar,0,4,6,0,10,0,0,9,0,9,0,4,15,0,19,24,0,24,43
02/13/2011,MKG,MI,AGL,CE,Combined TRACON& Tower with Radar,0,6,2,0,8,0,2,6,0,8,0,8,8,0,16,0,0,0,16
02/14/2011,MKG,MI,AGL,CE,Combined TRACON& Tower with Radar,0,6,12,0,18,0,0,10,0,10,0,6,22,0,28,2,0,2,30
02/15/2011,MKG,MI,AGL,CE,Combined TRACON& Tower with Radar,0,10,16,0,26,0,0,29,0,29,0,10,45,0,55,58,0,58,113
02/16/2011,MKG,MI,AGL,CE,Combined TRACON& Tower with Radar,0,6,38,0,44,0,0,13,0,13,0,6,51,0,57,20,0,20,77
02/17/2011,MKG,MI,AGL,CE,Combined TRACON& Tower with Radar,0,8,10,0,18,0,0,1,0,1,0,8,11,0,19,2,0,2,21
02/18/2011,MKG,MI,AGL,CE,Combined TRACON& Tower with Radar,0,7,5,0,12,0,0,11,0,11,0,7,16,0,23,2,0,2,25
02/19/2011,MKG,MI,AGL,CE,Combined TRACON& Tower with Radar,0,5,15,0,20,0,0,48,0,48,0,5,63,0,68,90,0,90,158
02/20/2011,MKG,MI,AGL,CE,Combined TRACON& Tower with Radar,0,4,5,0,9,0,0,0,0,0,0,4,5,0,9,0,0,0,9
02/21/2011,MKG,MI,AGL,CE,Combined TRACON& Tower with Radar,0,4,6,0,10,0,0,0,0,0,0,4,6,0,10,6,0,6,16
02/22/2011,MKG,MI,AGL,CE,Combined TRACON& Tower with Radar,0,8,21,0,29,0,0,44,0,44,0,8,65,0,73,78,0,78,151
02/23/2011,MKG,MI,AGL,CE,Combined TRACON& Tower with Radar,0,9,20,2,31,0,3,28,4,35,0,12,48,6,66,162,0,162,228
02/24/2011,MKG,MI,AGL,CE,Combined TRACON& Tower with Radar,0,6,7,0,13,0,0,9,0,9,0,6,16,0,22,64,0,64,86
02/25/2011,MKG,MI,AGL,CE,Combined TRACON& Tower with Radar,0,8,22,0,30,0,0,31,0,31,0,8,53,0,61,82,0,82,143
02/26/2011,MKG,MI,AGL,CE,Combined TRACON& Tower with Radar,0,2,5,0,7,0,0,4,0,4,0,2,9,0,11,0,0,0,11
02/27/2011,MKG,MI,AGL,CE,Combined TRACON& Tower with Radar,0,5,6,0,11,0,0,1,0,1,0,5,7,0,12,0,0,0,12
02/28/2011,MKG,MI,AGL,CE,Combined TRACON& Tower with Radar,0,2,21,1,24,0,0,29,1,30,0,2,50,2,54,32,0,32,86
03/01/2011,MKG,MI,AGL,CE,Combined TRACON& Tower with Radar,0,7,9,0,16,0,2,43,0,45,0,9,52,0,61,42,0,42,103
03/02/2011,MKG,MI,AGL,CE,Combined TRACON& Tower with Radar,0,9,21,0,30,0,1,46,0,47,0,10,67,0,77,209,0,209,286
03/03/2011,MKG,MI,AGL,CE,Combined TRACON& Tower with Radar,0,12,25,1,38,0,1,31,1,33,0,13,56,2,71,67,0,67,138
03/04/2011,MKG,MI,AGL,CE,Combined TRACON& Tower with Radar,0,11,9,0,20,0,0,0,0,0,0,11,9,0,20,0,0,0,20
03/05/2011,MKG,MI,AGL,CE,Combined TRACON& Tower with Radar,0,3,5,0,8,0,0,0,0,0,0,3,5,0,8,0,0,0,8
03/06/2011,MKG,MI,AGL,CE,Combined TRACON& Tower with Radar,0,3,19,0,22,0,0,62,0,62,0,3,81,0,84,68,0,68,152
03/07/2011,MKG,MI,AGL,CE,Combined TRACON& Tower with Radar,0,8,33,0,41,0,0,31,0,31,0,8,64,0,72,70,0,70,142
03/08/2011,MKG,MI,AGL,CE,Combined TRACON& Tower with Radar,0,7,23,0,30,0,0,37,0,37,0,7,60,0,67,76,0,76,143
03/09/2011,MKG,MI,AGL,CE,Combined TRACON& Tower with Radar,0,4,10,0,14,0,0,0,0,0,0,4,10,0,14,0,0,0,14
03/10/2011,MKG,MI,AGL,CE,Combined TRACON& Tower with Radar,0,7,15,0,22,0,0,4,4,8,0,7,19,4,30,58,0,58,88
03/11/2011,MKG,MI,AGL,CE,Combined TRACON& Tower with Radar,0,7,25,0,32,0,0,40,0,40,0,7,65,0,72,112,0,112,184
03/12/2011,MKG,MI,AGL,CE,Combined TRACON& Tower with Radar,0,5,0,0,5,0,0,1,0,1,0,5,1,0,6,34,0,34,40
03/13/2011,MKG,MI,AGL,CE,Combined TRACON& Tower with Radar,0,5,6,0,11,0,0,5,0,5,0,5,11,0,16,0,0,0,16
03/14/2011,MKG,MI,AGL,CE,Combined TRACON& Tower with Radar,0,4,23,0,27,0,0,59,0,59,0,4,82,0,86,90,0,90,176
03/15/2011,MKG,MI,AGL,CE,Combined TRACON& Tower with Radar,0,7,11,0,18,0,0,11,0,11,0,7,22,0,29,82,0,82,111
03/16/2011,MKG,MI,AGL,CE,Combined TRACON& Tower with Radar,0,4,39,0,43,0,0,58,0,58,0,4,97,0,101,134,0,134,235
03/17/2011,MKG,MI,AGL,CE,Combined TRACON& Tower with Radar,0,6,16,0,22,0,0,24,0,24,0,6,40,0,46,0,0,0,46
03/18/2011,MKG,MI,AGL,CE,Combined TRACON& Tower with Radar,0,6,14,0,20,0,1,16,1,18,0,7,30,1,38,6,0,6,44
03/19/2011,MKG,MI,AGL,CE,Combined TRACON& Tower with Radar,0,5,26,0,31,0,0,66,0,66,0,5,92,0,97,100,0,100,197
03/20/2011,MKG,MI,AGL,CE,Combined TRACON& Tower with Radar,0,2,1,0,3,0,0,4,0,4,0,2,5,0,7,0,0,0,7
03/21/2011,MKG,MI,AGL,CE,Combined TRACON& Tower with Radar,0,4,22,0,26,0,0,1,0,1,0,4,23,0,27,0,0,0,27
03/22/2011,MKG,MI,AGL,CE,Combined TRACON& Tower with Radar,0,5,11,0,16,0,0,5,0,5,0,5,16,0,21,42,0,42,63
03/23/2011,MKG,MI,AGL,CE,Combined TRACON& Tower with Radar,0,2,4,0,6,0,0,0,0,0,0,2,4,0,6,0,0,0,6
03/24/2011,MKG,MI,AGL,CE,Combined TRACON& Tower with Radar,0,8,16,0,24,0,0,41,0,41,0,8,57,0,65,98,0,98,163
03/25/2011,MKG,MI,AGL,CE,Combined TRACON& Tower with Radar,0,8,14,0,22,0,0,36,0,36,0,8,50,0,58,80,0,80,138
03/26/2011,MKG,MI,AGL,CE,Combined TRACON& Tower with Radar,0,4,19,0,23,0,1,56,0,57,0,5,75,0,80,18,0,18,98
03/27/2011,MKG,MI,AGL,CE,Combined TRACON& Tower with Radar,0,4,13,0,17,0,0,36,0,36,0,4,49,0,53,48,0,48,101
03/28/2011,MKG,MI,AGL,CE,Combined TRACON& Tower with Radar,0,5,19,0,24,0,0,61,0,61,0,5,80,0,85,76,0,76,161
03/29/2011,MKG,MI,AGL,CE,Combined TRACON& Tower with Radar,0,7,23,0,30,0,0,50,0,50,0,7,73,0,80,52,0,52,132
03/30/2011,MKG,MI,AGL,CE,Combined TRACON& Tower with Radar,0,10,14,0,24,0,0,34,0,34,0,10,48,0,58,90,0,90,148
03/31/2011,MKG,MI,AGL,CE,Combined TRACON& Tower with Radar,0,12,10,1,23,0,1,39,2,42,0,13,49,3,65,96,2,98,163
04/01/2011,MKG,MI,AGL,CE,Combined TRACON& Tower with Radar,0,7,16,3,26,0,2,24,0,26,0,9,40,3,52,38,0,38,90
04/02/2011,MKG,MI,AGL,CE,Combined TRACON& Tower with Radar,0,4,11,0,15,0,0,5,0,5,0,4,16,0,20,10,0,10,30
04/03/2011,MKG,MI,AGL,CE,Combined TRACON& Tower with Radar,0,3,2,1,6,0,0,1,0,1,0,3,3,1,7,0,0,0,7
04/04/2011,MKG,MI,AGL,CE,Combined TRACON& Tower with Radar,0,4,11,0,15,0,0,0,0,0,0,4,11,0,15,0,0,0,15
04/05/2011,MKG,MI,AGL,CE,Combined TRACON& Tower with Radar,0,9,12,0,21,0,0,25,0,25,0,9,37,0,46,64,0,64,110
04/06/2011,MKG,MI,AGL,CE,Combined TRACON& Tower with Radar,0,9,14,0,23,0,0,0,0,0,0,9,14,0,23,0,0,0,23
04/07/2011,MKG,MI,AGL,CE,Combined TRACON& Tower with Radar,0,9,14,0,23,0,0,40,4,44,0,9,54,4,67,118,0,118,185
04/08/2011,MKG,MI,AGL,CE,Combined TRACON& Tower with Radar,0,4,13,0,17,0,0,16,0,16,0,4,29,0,33,82,0,82,115
04/09/2011,MKG,MI,AGL,CE,Combined TRACON& Tower with Radar,0,4,30,1,35,0,0,19,0,19,0,4,49,1,54,20,0,20,74
04/10/2011,MKG,MI,AGL,CE,Combined TRACON& Tower with Radar,0,4,8,0,12,0,0,7,0,7,0,4,15,0,19,42,0,42,61
04/11/2011,MKG,MI,AGL,CE,Combined TRACON& Tower with Radar,0,4,12,0,16,0,0,14,2,16,0,4,26,2,32,12,2,14,46
04/12/2011,MKG,MI,AGL,CE,Combined TRACON& Tower with Radar,0,8,33,0,41,0,0,62,0,62,0,8,95,0,103,64,0,64,167
04/13/2011,MKG,MI,AGL,CE,Combined TRACON& Tower with Radar,2,6,35,0,43,0,0,47,0,47,2,6,82,0,90,124,0,124,214
04/14/2011,MKG,MI,AGL,CE,Combined TRACON& Tower with Radar,0,8,28,0,36,0,1,21,0,22,0,9,49,0,58,78,0,78,136
04/15/2011,MKG,MI,AGL,CE,Combined TRACON& Tower with Radar,0,5,12,0,17,0,0,0,0,0,0,5,12,0,17,0,0,0,17
04/16/2011,MKG,MI,AGL,CE,Combined TRACON& Tower with Radar,0,7,8,0,15,0,0,4,0,4,0,7,12,0,19,8,0,8,27
04/17/2011,MKG,MI,AGL,CE,Combined TRACON& Tower with Radar,0,4,6,0,10,0,0,4,0,4,0,4,10,0,14,0,0,0,14
04/18/2011,MKG,MI,AGL,CE,Combined TRACON& Tower with Radar,0,5,10,0,15,0,0,18,0,18,0,5,28,0,33,58,0,58,91
04/19/2011,MKG,MI,AGL,CE,Combined TRACON& Tower with Radar,0,7,8,0,15,0,0,5,0,5,0,7,13,0,20,6,0,6,26
04/20/2011,MKG,MI,AGL,CE,Combined TRACON& Tower with Radar,0,7,29,0,36,0,0,5,0,5,0,7,34,0,41,52,0,52,93
04/21/2011,MKG,MI,AGL,CE,Combined TRACON& Tower with Radar,2,8,34,0,44,0,0,71,0,71,2,8,105,0,115,116,0,116,231
04/22/2011,MKG,MI,AGL,CE,Combined TRACON& Tower with Radar,0,4,20,0,24,0,0,2,0,2,0,4,22,0,26,6,0,6,32
04/23/2011,MKG,MI,AGL,CE,Combined TRACON& Tower with Radar,0,5,15,0,20,0,0,20,0,20,0,5,35,0,40,52,0,52,92
04/24/2011,MKG,MI,AGL,CE,Combined TRACON& Tower with Radar,0,3,21,0,24,0,0,32,0,32,0,3,53,0,56,48,0,48,104
04/25/2011,MKG,MI,AGL,CE,Combined TRACON& Tower with Radar,0,4,16,0,20,0,0,19,0,19,0,4,35,0,39,68,0,68,107
04/26/2011,MKG,MI,AGL,CE,Combined TRACON& Tower with Radar,0,6,16,0,22,0,0,0,0,0,0,6,16,0,22,0,0,0,22
04/27/2011,MKG,MI,AGL,CE,Combined TRACON& Tower with Radar,0,4,12,0,16,0,0,0,0,0,0,4,12,0,16,0,0,0,16
04/28/2011,MKG,MI,AGL,CE,Combined TRACON& Tower with Radar,0,7,21,0,28,0,1,8,1,10,0,8,29,1,38,28,0,28,66
04/29/2011,MKG,MI,AGL,CE,Combined TRACON& Tower with Radar,0,6,29,0,35,0,2,77,1,80,0,8,106,1,115,150,0,150,265
04/30/2011,MKG,MI,AGL,CE,Combined TRACON& Tower with Radar,0,8,5,0,13,0,0,28,0,28,0,8,33,0,41,4,0,4,45
05/01/2011,MKG,MI,AGL,CE,Combined TRACON& Tower with Radar,0,5,9,0,14,0,0,18,0,18,0,5,27,0,32,20,0,20,52
05/02/2011,MKG,MI,AGL,CE,Combined TRACON& Tower with Radar,0,4,12,0,16,0,0,28,0,28,0,4,40,0,44,4,0,4,48
05/03/2011,MKG,MI,AGL,CE,Combined TRACON& Tower with Radar,0,5,45,0,50,0,0,56,0,56,0,5,101,0,106,30,0,30,136
05/04/2011,MKG,MI,AGL,CE,Combined TRACON& Tower with Radar,0,6,31,4,41,0,0,86,0,86,0,6,117,4,127,128,0,128,255
05/05/2011,MKG,MI,AGL,CE,Combined TRACON& Tower with Radar,0,7,19,0,26,0,0,42,0,42,0,7,61,0,68,30,0,30,98
05/06/2011,MKG,MI,AGL,CE,Combined TRACON& Tower with Radar,0,4,33,2,39,0,0,36,0,36,0,4,69,2,75,128,0,128,203
05/07/2011,MKG,MI,AGL,CE,Combined TRACON& Tower with Radar,0,4,5,0,9,0,0,31,0,31,0,4,36,0,40,14,0,14,54
05/08/2011,MKG,MI,AGL,CE,Combined TRACON& Tower with Radar,0,3,6,0,9,0,0,19,0,19,0,3,25,0,28,28,0,28,56
05/09/2011,MKG,MI,AGL,CE,Combined TRACON& Tower with Radar,0,4,10,0,14,0,0,16,0,16,0,4,26,0,30,38,0,38,68
05/10/2011,MKG,MI,AGL,CE,Combined TRACON& Tower with Radar,1,6,28,0,35,0,0,26,0,26,1,6,54,0,61,30,0,30,91
05/11/2011,MKG,MI,AGL,CE,Combined TRACON& Tower with Radar,0,5,29,0,34,0,0,18,0,18,0,5,47,0,52,60,0,60,112
05/12/2011,MKG,MI,AGL,CE,Combined TRACON& Tower with Radar,0,11,25,0,36,0,1,54,0,55,0,12,79,0,91,130,0,130,221
05/13/2011,MKG,MI,AGL,CE,Combined TRACON& Tower with Radar,0,4,15,0,19,0,0,42,0,42,0,4,57,0,61,136,0,136,197
05/14/2011,MKG,MI,AGL,CE,Combined TRACON& Tower with Radar,0,5,6,0,11,0,0,4,0,4,0,5,10,0,15,20,0,20,35
05/15/2011,MKG,MI,AGL,CE,Combined TRACON& Tower with Radar,0,5,0,0,5,0,2,4,0,6,0,7,4,0,11,6,0,6,17
05/16/2011,MKG,MI,AGL,CE,Combined TRACON& Tower with Radar,0,4,13,0,17,0,0,41,0,41,0,4,54,0,58,84,0,84,142
05/17/2011,MKG,MI,AGL,CE,Combined TRACON& Tower with Radar,0,6,27,0,33,0,1,51,0,52,0,7,78,0,85,56,0,56,141
05/18/2011,MKG,MI,AGL,CE,Combined TRACON& Tower with Radar,0,6,12,0,18,0,0,4,0,4,0,6,16,0,22,26,0,26,48
05/19/2011,MKG,MI,AGL,CE,Combined TRACON& Tower with Radar,0,8,23,2,33,0,0,4,0,4,0,8,27,2,37,10,0,10,47
05/20/2011,MKG,MI,AGL,CE,Combined TRACON& Tower with Radar,0,4,21,0,25,0,0,31,0,31,0,4,52,0,56,92,0,92,148
05/21/2011,MKG,MI,AGL,CE,Combined TRACON& Tower with Radar,0,4,13,0,17,0,0,37,0,37,0,4,50,0,54,110,0,110,164
05/22/2011,MKG,MI,AGL,CE,Combined TRACON& Tower with Radar,0,0,8,0,8,0,0,12,2,14,0,0,20,2,22,0,0,0,22
05/23/2011,MKG,MI,AGL,CE,Combined TRACON& Tower with Radar,0,4,11,0,15,0,0,12,1,13,0,4,23,1,28,12,0,12,40
05/24/2011,MKG,MI,AGL,CE,Combined TRACON& Tower with Radar,0,8,24,0,32,0,0,58,0,58,0,8,82,0,90,46,0,46,136
05/25/2011,MKG,MI,AGL,CE,Combined TRACON& Tower with Radar,0,2,12,0,14,0,0,2,0,2,0,2,14,0,16,16,0,16,32
05/26/2011,MKG,MI,AGL,CE,Combined TRACON& Tower with Radar,0,5,14,0,19,0,0,5,0,5,0,5,19,0,24,16,0,16,40
05/27/2011,MKG,MI,AGL,CE,Combined TRACON& Tower with Radar,0,6,27,1,34,0,0,49,2,51,0,6,76,3,85,112,0,112,197
05/28/2011,MKG,MI,AGL,CE,Combined TRACON& Tower with Radar,0,6,4,8,18,0,0,5,0,5,0,6,9,8,23,10,0,10,33
05/29/2011,MKG,MI,AGL,CE,Combined TRACON& Tower with Radar,0,3,8,0,11,0,0,1,1,2,0,3,9,1,13,0,0,0,13
05/30/2011,MKG,MI,AGL,CE,Combined TRACON& Tower with Radar,0,5,22,0,27,0,1,39,2,42,0,6,61,2,69,24,8,32,101
05/31/2011,MKG,MI,AGL,CE,Combined TRACON& Tower with Radar,0,7,7,2,16,0,0,20,6,26,0,7,27,8,42,6,28,34,76
06/01/2011,MKG,MI,AGL,CE,Combined TRACON& Tower with Radar,0,6,31,0,37,0,0,31,3,34,0,6,62,3,71,60,6,66,137
06/02/2011,MKG,MI,AGL,CE,Combined TRACON& Tower with Radar,0,7,20,2,29,0,0,87,0,87,0,7,107,2,116,186,0,186,302
06/03/2011,MKG,MI,AGL,CE,Combined TRACON& Tower with Radar,0,6,21,2,29,0,0,39,0,39,0,6,60,2,68,64,0,64,132
06/04/2011,MKG,MI,AGL,CE,Combined TRACON& Tower with Radar,0,4,8,1,13,0,0,104,53,157,0,4,112,54,170,8,0,8,178
06/05/2011,MKG,MI,AGL,CE,Combined TRACON& Tower with Radar,0,3,12,0,15,0,0,46,4,50,0,3,58,4,65,22,8,30,95
06/06/2011,MKG,MI,AGL,CE,Combined TRACON& Tower with Radar,0,6,14,1,21,0,1,29,3,33,0,7,43,4,54,84,10,94,148
06/07/2011,MKG,MI,AGL,CE,Combined TRACON& Tower with Radar,0,10,31,0,41,0,1,28,4,33,0,11,59,4,74,46,0,46,120
06/08/2011,MKG,MI,AGL,CE,Combined TRACON& Tower with Radar,0,5,22,1,28,0,1,31,3,35,0,6,53,4,63,90,0,90,153
06/09/2011,MKG,MI,AGL,CE,Combined TRACON& Tower with Radar,0,8,34,3,45,0,2,17,2,21,0,10,51,5,66,41,0,41,107
06/10/2011,MKG,MI,AGL,CE,Combined TRACON& Tower with Radar,0,7,15,0,22,0,0,2,2,4,0,7,17,2,26,30,0,30,56
06/11/2011,MKG,MI,AGL,CE,Combined TRACON& Tower with Radar,0,5,27,0,32,0,2,8,0,10,0,7,35,0,42,6,0,6,48
06/12/2011,MKG,MI,AGL,CE,Combined TRACON& Tower with Radar,0,6,12,0,18,0,0,39,2,41,0,6,51,2,59,28,0,28,87
06/13/2011,MKG,MI,AGL,CE,Combined TRACON& Tower with Radar,0,4,31,0,35,0,0,59,6,65,0,4,90,6,100,102,2,104,204
06/14/2011,MKG,MI,AGL,CE,Combined TRACON& Tower with Radar,0,6,21,0,27,0,0,49,6,55,0,6,70,6,82,20,8,28,110
06/15/2011,MKG,MI,AGL,CE,Combined TRACON& Tower with Radar,0,4,28,0,32,0,0,24,2,26,0,4,52,2,58,30,24,54,112
06/16/2011,MKG,MI,AGL,CE,Combined TRACON& Tower with Radar,0,4,23,2,29,0,0,11,0,11,0,4,34,2,40,40,0,40,80
06/17/2011,MKG,MI,AGL,CE,Combined TRACON& Tower with Radar,0,4,27,0,31,0,0,70,2,72,0,4,97,2,103,140,0,140,243
06/18/2011,MKG,MI,AGL,CE,Combined TRACON& Tower with Radar,0,4,12,0,16,0,0,39,4,43,0,4,51,4,59,30,0,30,89
06/19/2011,MKG,MI,AGL,CE,Combined TRACON& Tower with Radar,0,4,14,0,18,0,0,7,3,10,0,4,21,3,28,0,0,0,28
06/20/2011,MKG,MI,AGL,CE,Combined TRACON& Tower with Radar,0,4,17,0,21,0,0,23,4,27,0,4,40,4,48,54,0,54,102
06/21/2011,MKG,MI,AGL,CE,Combined TRACON& Tower with Radar,0,6,7,2,15,0,0,12,0,12,0,6,19,2,27,44,0,44,71
06/22/2011,MKG,MI,AGL,CE,Combined TRACON& Tower with Radar,0,6,11,0,17,0,0,12,4,16,0,6,23,4,33,0,6,6,39
06/23/2011,MKG,MI,AGL,CE,Combined TRACON& Tower with Radar,0,6,13,0,19,0,0,0,0,0,0,6,13,0,19,0,0,0,19
06/24/2011,MKG,MI,AGL,CE,Combined TRACON& Tower with Radar,0,6,20,0,26,0,0,18,4,22,0,6,38,4,48,36,0,36,84
06/25/2011,MKG,MI,AGL,CE,Combined TRACON& Tower with Radar,0,8,15,4,27,0,0,94,6,100,0,8,109,10,127,190,0,190,317
06/26/2011,MKG,MI,AGL,CE,Combined TRACON& Tower with Radar,0,4,16,1,21,0,0,52,3,55,0,4,68,4,76,62,0,62,138
06/27/2011,MKG,MI,AGL,CE,Combined TRACON& Tower with Radar,0,6,21,1,28,0,0,26,3,29,0,6,47,4,57,62,0,62,119
06/28/2011,MKG,MI,AGL,CE,Combined TRACON& Tower with Radar,0,8,27,1,36,0,0,27,6,33,0,8,54,7,69,60,0,60,129
06/29/2011,MKG,MI,AGL,CE,Combined TRACON& Tower with Radar,0,7,17,0,24,0,0,110,3,113,0,7,127,3,137,161,0,161,298
06/30/2011,MKG,MI,AGL,CE,Combined TRACON& Tower with Radar,0,9,18,0,27,0,0,45,0,45,0,9,63,0,72,64,0,64,136
07/01/2011,MKG,MI,AGL,CE,Combined TRACON& Tower with Radar,0,5,22,3,30,0,0,7,5,12,0,5,29,8,42,0,18,18,60
07/02/2011,MKG,MI,AGL,CE,Combined TRACON& Tower with Radar,0,5,16,1,22,0,0,16,4,20,0,5,32,5,42,8,0,8,50
07/03/2011,MKG,MI,AGL,CE,Combined TRACON& Tower with Radar,0,4,6,1,11,0,0,28,1,29,0,4,34,2,40,2,0,2,42
07/04/2011,MKG,MI,AGL,CE,Combined TRACON& Tower with Radar,0,4,14,0,18,0,0,29,0,29,0,4,43,0,47,84,0,84,131
07/05/2011,MKG,MI,AGL,CE,Combined TRACON& Tower with Radar,0,9,29,0,38,0,2,52,4,58,0,11,81,4,96,120,0,120,216
07/06/2011,MKG,MI,AGL,CE,Combined TRACON& Tower with Radar,0,7,24,7,38,0,0,33,1,34,0,7,57,8,72,42,8,50,122
07/07/2011,MKG,MI,AGL,CE,Combined TRACON& Tower with Radar,0,12,15,12,39,0,0,34,1,35,0,12,49,13,74,0,0,0,74
07/08/2011,MKG,MI,AGL,CE,Combined TRACON& Tower with Radar,0,10,14,0,24,0,1,60,4,65,0,11,74,4,89,112,0,112,201
07/09/2011,MKG,MI,AGL,CE,Combined TRACON& Tower with Radar,0,6,11,0,17,0,0,55,2,57,0,6,66,2,74,66,0,66,140
07/10/2011,MKG,MI,AGL,CE,Combined TRACON& Tower with Radar,0,8,8,0,16,0,0,9,2,11,0,8,17,2,27,26,0,26,53
07/11/2011,MKG,MI,AGL,CE,Combined TRACON& Tower with Radar,0,3,15,0,18,0,0,6,3,9,0,3,21,3,27,2,0,2,29
07/12/2011,MKG,MI,AGL,CE,Combined TRACON& Tower with Radar,0,6,27,0,33,0,0,48,3,51,0,6,75,3,84,94,0,94,178
07/13/2011,MKG,MI,AGL,CE,Combined TRACON& Tower with Radar,0,7,26,2,35,0,0,75,6,81,0,7,101,8,116,116,2,118,234
07/14/2011,MKG,MI,AGL,CE,Combined TRACON& Tower with Radar,0,5,20,6,31,0,1,61,9,71,0,6,81,15,102,132,20,152,254
07/15/2011,MKG,MI,AGL,CE,Combined TRACON& Tower with Radar,0,7,24,1,32,0,0,56,3,59,0,7,80,4,91,68,20,88,179
07/16/2011,MKG,MI,AGL,CE,Combined TRACON& Tower with Radar,0,8,18,3,29,0,0,33,1,34,0,8,51,4,63,50,2,52,115
07/17/2011,MKG,MI,AGL,CE,Combined TRACON& Tower with Radar,0,5,21,0,26,0,0,26,2,28,0,5,47,2,54,18,0,18,72
07/18/2011,MKG,MI,AGL,CE,Combined TRACON& Tower with Radar,0,2,11,0,13,0,0,12,1,13,0,2,23,1,26,16,0,16,42
07/19/2011,MKG,MI,AGL,CE,Combined TRACON& Tower with Radar,0,8,13,0,21,0,1,30,9,40,0,9,43,9,61,48,0,48,109
07/20/2011,MKG,MI,AGL,CE,Combined TRACON& Tower with Radar,0,10,28,0,38,0,0,61,4,65,0,10,89,4,103,132,0,132,235
07/21/2011,MKG,MI,AGL,CE,Combined TRACON& Tower with Radar,0,4,31,0,35,0,0,52,0,52,0,4,83,0,87,154,8,162,249
07/22/2011,MKG,MI,AGL,CE,Combined TRACON& Tower with Radar,0,4,28,0,32,0,0,17,0,17,0,4,45,0,49,38,0,38,87
07/23/2011,MKG,MI,AGL,CE,Combined TRACON& Tower with Radar,0,6,13,2,21,0,1,19,4,24,0,7,32,6,45,68,2,70,115
07/24/2011,MKG,MI,AGL,CE,Combined TRACON& Tower with Radar,0,4,28,0,32,0,0,22,2,24,0,4,50,2,56,32,0,32,88
07/25/2011,MKG,MI,AGL,CE,Combined TRACON& Tower with Radar,0,4,16,0,20,0,0,59,6,65,0,4,75,6,85,162,0,162,247
07/26/2011,MKG,MI,AGL,CE,Combined TRACON& Tower with Radar,0,8,22,0,30,0,0,60,0,60,0,8,82,0,90,60,0,60,150
07/27/2011,MKG,MI,AGL,CE,Combined TRACON& Tower with Radar,0,10,21,0,31,0,0,13,0,13,0,10,34,0,44,90,0,90,134
07/28/2011,MKG,MI,AGL,CE,Combined TRACON& Tower with Radar,0,9,41,1,51,0,0,17,3,20,0,9,58,4,71,0,0,0,71
07/29/2011,MKG,MI,AGL,CE,Combined TRACON& Tower with Radar,0,13,28,0,41,0,0,47,4,51,0,13,75,4,92,50,0,50,142
07/30/2011,MKG,MI,AGL,CE,Combined TRACON& Tower with Radar,0,6,15,0,21,0,0,73,0,73,0,6,88,0,94,0,0,0,94
07/31/2011,MKG,MI,AGL,CE,Combined TRACON& Tower with Radar,0,5,3,3,11,0,0,21,2,23,0,5,24,5,34,6,2,8,42
08/01/2011,MKG,MI,AGL,CE,Combined TRACON& Tower with Radar,0,11,12,0,23,0,0,37,2,39,0,11,49,2,62,84,0,84,146
08/02/2011,MKG,MI,AGL,CE,Combined TRACON& Tower with Radar,0,7,17,4,28,0,0,7,12,19,0,7,24,16,47,0,0,0,47
08/03/2011,MKG,MI,AGL,CE,Combined TRACON& Tower with Radar,0,6,27,3,36,0,0,43,7,50,0,6,70,10,86,30,0,30,116
08/04/2011,MKG,MI,AGL,CE,Combined TRACON& Tower with Radar,0,7,38,1,46,0,2,107,5,114,0,9,145,6,160,132,0,132,292
08/05/2011,MKG,MI,AGL,CE,Combined TRACON& Tower with Radar,0,4,34,0,38,0,0,106,1,107,0,4,140,1,145,160,0,160,305
08/06/2011,MKG,MI,AGL,CE,Combined TRACON& Tower with Radar,0,6,11,0,17,0,0,32,0,32,0,6,43,0,49,32,0,32,81
08/07/2011,MKG,MI,AGL,CE,Combined TRACON& Tower with Radar,0,6,15,5,26,0,0,11,3,14,0,6,26,8,40,24,20,44,84
08/08/2011,MKG,MI,AGL,CE,Combined TRACON& Tower with Radar,0,4,22,2,28,0,0,46,4,50,0,4,68,6,78,70,0,70,148
08/09/2011,MKG,MI,AGL,CE,Combined TRACON& Tower with Radar,0,6,16,4,26,0,1,24,6,31,0,7,40,10,57,32,10,42,99
08/10/2011,MKG,MI,AGL,CE,Combined TRACON& Tower with Radar,0,5,24,1,30,0,0,56,3,59,0,5,80,4,89,82,0,82,171
08/11/2011,MKG,MI,AGL,CE,Combined TRACON& Tower with Radar,0,9,26,3,38,0,0,26,5,31,0,9,52,8,69,20,6,26,95
08/12/2011,MKG,MI,AGL,CE,Combined TRACON& Tower with Radar,0,7,16,0,23,0,0,60,4,64,0,7,76,4,87,54,0,54,141
08/13/2011,MKG,MI,AGL,CE,Combined TRACON& Tower with Radar,0,8,3,1,12,0,0,5,1,6,0,8,8,2,18,0,0,0,18
08/14/2011,MKG,MI,AGL,CE,Combined TRACON& Tower with Radar,0,4,9,0,13,0,0,5,3,8,0,4,14,3,21,0,0,0,21
08/15/2011,MKG,MI,AGL,CE,Combined TRACON& Tower with Radar,0,4,19,1,24,0,1,53,4,58,0,5,72,5,82,88,0,88,170
08/16/2011,MKG,MI,AGL,CE,Combined TRACON& Tower with Radar,0,6,18,0,24,0,0,74,0,74,0,6,92,0,98,146,0,146,244
08/17/2011,MKG,MI,AGL,CE,Combined TRACON& Tower with Radar,0,6,11,1,18,0,0,63,2,65,0,6,74,3,83,156,0,156,239
08/18/2011,MKG,MI,AGL,CE,Combined TRACON& Tower with Radar,0,8,27,0,35,0,0,38,1,39,0,8,65,1,74,144,0,144,218
08/19/2011,MKG,MI,AGL,CE,Combined TRACON& Tower with Radar,0,6,25,0,31,0,1,88,5,94,0,7,113,5,125,84,10,94,219
08/20/2011,MKG,MI,AGL,CE,Combined TRACON& Tower with Radar,0,5,5,0,10,0,0,4,6,10,0,5,9,6,20,22,4,26,46
08/21/2011,MKG,MI,AGL,CE,Combined TRACON& Tower with Radar,0,6,11,0,17,0,0,34,2,36,0,6,45,2,53,32,12,44,97
08/22/2011,MKG,MI,AGL,CE,Combined TRACON& Tower with Radar,0,6,14,0,20,0,0,52,6,58,0,6,66,6,78,188,0,188,266
08/23/2011,MKG,MI,AGL,CE,Combined TRACON& Tower with Radar,0,4,13,0,17,0,0,27,0,27,0,4,40,0,44,72,0,72,116
08/24/2011,MKG,MI,AGL,CE,Combined TRACON& Tower with Radar,0,6,18,0,24,0,0,20,2,22,0,6,38,2,46,34,0,34,80
08/25/2011,MKG,MI,AGL,CE,Combined TRACON& Tower with Radar,0,11,24,0,35,0,0,41,4,45,0,11,65,4,80,80,0,80,160
08/26/2011,MKG,MI,AGL,CE,Combined TRACON& Tower with Radar,0,8,15,2,25,0,9,68,4,81,0,17,83,6,106,138,0,138,244
08/27/2011,MKG,MI,AGL,CE,Combined TRACON& Tower with Radar,0,7,9,1,17,0,0,39,7,46,0,7,48,8,63,32,2,34,97
08/28/2011,MKG,MI,AGL,CE,Combined TRACON& Tower with Radar,0,7,11,0,18,0,0,44,2,46,0,7,55,2,64,2,2,4,68
08/29/2011,MKG,MI,AGL,CE,Combined TRACON& Tower with Radar,0,8,13,4,25,0,1,39,4,44,0,9,52,8,69,106,8,114,183
08/30/2011,MKG,MI,AGL,CE,Combined TRACON& Tower with Radar,0,6,13,2,21,0,0,53,4,57,0,6,66,6,78,142,4,146,224
08/31/2011,MKG,MI,AGL,CE,Combined TRACON& Tower with Radar,0,6,32,3,41,0,0,55,6,61,0,6,87,9,102,158,0,158,260
09/01/2011,MKG,MI,AGL,CE,Combined TRACON& Tower with Radar,0,9,15,3,27,0,0,62,9,71,0,9,77,12,98,100,26,126,224
09/02/2011,MKG,MI,AGL,CE,Combined TRACON& Tower with Radar,0,6,17,0,23,0,0,12,4,16,0,6,29,4,39,12,0,12,51
09/03/2011,MKG,MI,AGL,CE,Combined TRACON& Tower with Radar,0,4,3,0,7,0,0,16,0,16,0,4,19,0,23,0,48,48,71
09/04/2011,MKG,MI,AGL,CE,Combined TRACON& Tower with Radar,0,4,6,3,13,0,0,28,4,32,0,4,34,7,45,10,0,10,55
09/05/2011,MKG,MI,AGL,CE,Combined TRACON& Tower with Radar,0,8,21,0,29,0,0,16,2,18,0,8,37,2,47,0,0,0,47
09/06/2011,MKG,MI,AGL,CE,Combined TRACON& Tower with Radar,0,4,14,0,18,0,0,43,1,44,0,4,57,1,62,0,0,0,62
09/07/2011,MKG,MI,AGL,CE,Combined TRACON& Tower with Radar,0,7,14,0,21,0,1,52,0,53,0,8,66,0,74,104,0,104,178
09/08/2011,MKG,MI,AGL,CE,Combined TRACON& Tower with Radar,0,9,10,0,19,0,4,30,0,34,0,13,40,0,53,88,0,88,141
09/09/2011,MKG,MI,AGL,CE,Combined TRACON& Tower with Radar,0,8,30,0,38,0,0,40,0,40,0,8,70,0,78,38,0,38,116
09/10/2011,MKG,MI,AGL,CE,Combined TRACON& Tower with Radar,0,8,6,0,14,0,8,133,0,141,0,16,139,0,155,202,0,202,357
09/11/2011,MKG,MI,AGL,CE,Combined TRACON& Tower with Radar,0,4,11,0,15,2,5,36,1,44,2,9,47,1,59,37,0,37,96
09/12/2011,MKG,MI,AGL,CE,Combined TRACON& Tower with Radar,0,7,14,0,21,0,0,33,0,33,0,7,47,0,54,38,0,38,92
09/13/2011,MKG,MI,AGL,CE,Combined TRACON& Tower with Radar,0,7,35,0,42,0,0,37,0,37,0,7,72,0,79,56,0,56,135
09/14/2011,MKG,MI,AGL,CE,Combined TRACON& Tower with Radar,0,6,20,0,26,0,0,27,0,27,0,6,47,0,53,78,0,78,131
09/15/2011,MKG,MI,AGL,CE,Combined TRACON& Tower with Radar,0,7,23,0,30,0,2,53,0,55,0,9,76,0,85,72,0,72,157
09/16/2011,MKG,MI,AGL,CE,Combined TRACON& Tower with Radar,0,9,22,1,32,0,0,42,0,42,0,9,64,1,74,72,0,72,146
09/17/2011,MKG,MI,AGL,CE,Combined TRACON& Tower with Radar,0,6,6,0,12,0,0,44,0,44,0,6,50,0,56,36,0,36,92
09/18/2011,MKG,MI,AGL,CE,Combined TRACON& Tower with Radar,0,2,10,1,13,0,0,23,0,23,0,2,33,1,36,10,0,10,46
09/19/2011,MKG,MI,AGL,CE,Combined TRACON& Tower with Radar,0,4,6,0,10,0,0,2,0,2,0,4,8,0,12,22,0,22,34
09/20/2011,MKG,MI,AGL,CE,Combined TRACON& Tower with Radar,0,5,26,2,33,0,2,32,1,35,0,7,58,3,68,128,0,128,196
09/21/2011,MKG,MI,AGL,CE,Combined TRACON& Tower with Radar,0,6,26,0,32,0,0,36,0,36,0,6,62,0,68,90,0,90,158
09/22/2011,MKG,MI,AGL,CE,Combined TRACON& Tower with Radar,0,7,26,0,33,0,0,18,0,18,0,7,44,0,51,48,0,48,99
09/23/2011,MKG,MI,AGL,CE,Combined TRACON& Tower with Radar,0,9,11,0,20,0,0,29,0,29,0,9,40,0,49,26,0,26,75
09/24/2011,MKG,MI,AGL,CE,Combined TRACON& Tower with Radar,0,9,12,0,21,0,0,18,0,18,0,9,30,0,39,12,0,12,51
09/25/2011,MKG,MI,AGL,CE,Combined TRACON& Tower with Radar,0,10,8,0,18,0,0,1,0,1,0,10,9,0,19,0,0,0,19
09/26/2011,MKG,MI,AGL,CE,Combined TRACON& Tower with Radar,0,6,10,0,16,0,0,9,0,9,0,6,19,0,25,32,0,32,57
09/27/2011,MKG,MI,AGL,CE,Combined TRACON& Tower with Radar,0,6,25,0,31,0,0,21,0,21,0,6,46,0,52,20,0,20,72
09/28/2011,MKG,MI,AGL,CE,Combined TRACON& Tower with Radar,0,4,29,0,33,0,0,3,0,3,0,4,32,0,36,98,0,98,134
09/29/2011,MKG,MI,AGL,CE,Combined TRACON& Tower with Radar,0,6,17,0,23,0,1,7,0,8,0,7,24,0,31,64,0,64,95
09/30/2011,MKG,MI,AGL,CE,Combined TRACON& Tower with Radar,0,6,9,0,15,0,0,0,0,0,0,6,9,0,15,0,0,0,15
10/01/2011,MKG,MI,AGL,CE,Combined TRACON& Tower with Radar,0,6,6,0,12,0,1,44,0,45,0,7,50,0,57,86,0,86,143
10/02/2011,MKG,MI,AGL,CE,Combined TRACON& Tower with Radar,0,7,17,0,24,0,6,56,3,65,0,13,73,3,89,108,0,108,197
10/03/2011,MKG,MI,AGL,CE,Combined TRACON& Tower with Radar,0,4,16,0,20,0,0,69,0,69,0,4,85,0,89,184,0,184,273
10/04/2011,MKG,MI,AGL,CE,Combined TRACON& Tower with Radar,0,7,24,0,31,0,1,75,0,76,0,8,99,0,107,132,0,132,239
10/05/2011,MKG,MI,AGL,CE,Combined TRACON& Tower with Radar,0,8,25,0,33,0,0,87,0,87,0,8,112,0,120,180,0,180,300
10/06/2011,MKG,MI,AGL,CE,Combined TRACON& Tower with Radar,0,7,27,0,34,0,0,77,0,77,0,7,104,0,111,74,0,74,185
10/07/2011,MKG,MI,AGL,CE,Combined TRACON& Tower with Radar,0,7,14,0,21,0,0,43,0,43,0,7,57,0,64,0,0,0,64
10/08/2011,MKG,MI,AGL,CE,Combined TRACON& Tower with Radar,0,8,12,1,21,0,0,80,1,81,0,8,92,2,102,68,0,68,170
10/09/2011,MKG,MI,AGL,CE,Combined TRACON& Tower with Radar,0,6,9,0,15,0,0,35,0,35,0,6,44,0,50,26,0,26,76
10/10/2011,MKG,MI,AGL,CE,Combined TRACON& Tower with Radar,0,5,12,0,17,0,0,42,0,42,0,5,54,0,59,40,0,40,99
10/11/2011,MKG,MI,AGL,CE,Combined TRACON& Tower with Radar,0,8,17,1,26,0,0,39,1,40,0,8,56,2,66,62,2,64,130
10/12/2011,MKG,MI,AGL,CE,Combined TRACON& Tower with Radar,0,6,21,0,27,0,0,37,0,37,0,6,58,0,64,104,0,104,168
10/13/2011,MKG,MI,AGL,CE,Combined TRACON& Tower with Radar,0,8,10,0,18,0,0,1,0,1,0,8,11,0,19,0,0,0,19
10/14/2011,MKG,MI,AGL,CE,Combined TRACON& Tower with Radar,0,7,16,0,23,0,0,5,0,5,0,7,21,0,28,4,0,4,32
10/15/2011,MKG,MI,AGL,CE,Combined TRACON& Tower with Radar,0,6,12,0,18,0,0,2,0,2,0,6,14,0,20,0,0,0,20
10/16/2011,MKG,MI,AGL,CE,Combined TRACON& Tower with Radar,0,13,11,0,24,0,0,13,6,19,0,13,24,6,43,0,0,0,43
10/17/2011,MKG,MI,AGL,CE,Combined TRACON& Tower with Radar,0,4,10,1,15,0,0,5,3,8,0,4,15,4,23,0,0,0,23
10/18/2011,MKG,MI,AGL,CE,Combined TRACON& Tower with Radar,0,8,30,1,39,0,0,29,1,30,0,8,59,2,69,64,0,64,133
10/19/2011,MKG,MI,AGL,CE,Combined TRACON& Tower with Radar,0,4,8,0,12,0,0,0,0,0,0,4,8,0,12,0,0,0,12
10/20/2011,MKG,MI,AGL,CE,Combined TRACON& Tower with Radar,0,9,21,0,30,0,0,0,2,2,0,9,21,2,32,0,0,0,32
10/21/2011,MKG,MI,AGL,CE,Combined TRACON& Tower with Radar,0,8,34,4,46,0,0,20,0,20,0,8,54,4,66,80,0,80,146
10/22/2011,MKG,MI,AGL,CE,Combined TRACON& Tower with Radar,0,6,28,0,34,0,0,48,0,48,0,6,76,0,82,48,0,48,130
10/23/2011,MKG,MI,AGL,CE,Combined TRACON& Tower with Radar,0,5,15,0,20,0,0,13,0,13,0,5,28,0,33,0,0,0,33
10/24/2011,MKG,MI,AGL,CE,Combined TRACON& Tower with Radar,0,5,24,0,29,0,0,34,0,34,0,5,58,0,63,72,0,72,135
10/25/2011,MKG,MI,AGL,CE,Combined TRACON& Tower with Radar,0,8,24,0,32,0,0,24,0,24,0,8,48,0,56,48,0,48,104
10/26/2011,MKG,MI,AGL,CE,Combined TRACON& Tower with Radar,0,6,22,0,28,0,0,16,0,16,0,6,38,0,44,38,0,38,82
10/27/2011,MKG,MI,AGL,CE,Combined TRACON& Tower with Radar,0,10,16,0,26,0,0,19,2,21,0,10,35,2,47,0,0,0,47
10/28/2011,MKG,MI,AGL,CE,Combined TRACON& Tower with Radar,0,12,36,0,48,0,0,23,0,23,0,12,59,0,71,48,0,48,119
10/29/2011,MKG,MI,AGL,CE,Combined TRACON& Tower with Radar,0,6,10,0,16,0,0,36,0,36,0,6,46,0,52,22,0,22,74
10/30/2011,MKG,MI,AGL,CE,Combined TRACON& Tower with Radar,0,4,7,0,11,0,0,0,0,0,0,4,7,0,11,0,0,0,11
10/31/2011,MKG,MI,AGL,CE,Combined TRACON& Tower with Radar,0,4,4,0,8,0,0,30,0,30,0,4,34,0,38,56,0,56,94
11/01/2011,MKG,MI,AGL,CE,Combined TRACON& Tower with Radar,0,8,31,0,39,0,0,37,0,37,0,8,68,0,76,74,0,74,150
11/02/2011,MKG,MI,AGL,CE,Combined TRACON& Tower with Radar,0,6,21,0,27,0,0,29,0,29,0,6,50,0,56,30,0,30,86
11/03/2011,MKG,MI,AGL,CE,Combined TRACON& Tower with Radar,0,7,23,0,30,0,0,19,0,19,0,7,42,0,49,12,0,12,61
11/04/2011,MKG,MI,AGL,CE,Combined TRACON& Tower with Radar,0,6,20,0,26,0,0,66,0,66,0,6,86,0,92,26,0,26,118
11/05/2011,MKG,MI,AGL,CE,Combined TRACON& Tower with Radar,0,6,10,0,16,0,0,37,0,37,0,6,47,0,53,30,0,30,83
11/06/2011,MKG,MI,AGL,CE,Combined TRACON& Tower with Radar,0,4,2,0,6,0,0,2,2,4,0,4,4,2,10,0,0,0,10
11/07/2011,MKG,MI,AGL,CE,Combined TRACON& Tower with Radar,0,4,15,4,23,2,1,33,0,36,2,5,48,4,59,64,0,64,123
11/08/2011,MKG,MI,AGL,CE,Combined TRACON& Tower with Radar,0,4,15,0,19,0,0,2,0,2,0,4,17,0,21,20,0,20,41
11/09/2011,MKG,MI,AGL,CE,Combined TRACON& Tower with Radar,0,7,13,0,20,0,0,0,0,0,0,7,13,0,20,0,0,0,20
11/10/2011,MKG,MI,AGL,CE,Combined TRACON& Tower with Radar,0,6,16,2,24,0,0,6,2,8,0,6,22,4,32,0,0,0,32
11/11/2011,MKG,MI,AGL,CE,Combined TRACON& Tower with Radar,0,9,20,0,29,0,0,33,0,33,0,9,53,0,62,44,0,44,106
11/12/2011,MKG,MI,AGL,CE,Combined TRACON& Tower with Radar,0,6,14,0,20,0,0,22,2,24,0,6,36,2,44,2,0,2,46
11/13/2011,MKG,MI,AGL,CE,Combined TRACON& Tower with Radar,0,6,5,0,11,0,0,1,0,1,0,6,6,0,12,0,0,0,12
11/14/2011,MKG,MI,AGL,CE,Combined TRACON& Tower with Radar,0,4,11,0,15,0,0,26,0,26,0,4,37,0,41,100,0,100,141
11/15/2011,MKG,MI,AGL,CE,Combined TRACON& Tower with Radar,0,9,38,0,47,0,0,49,0,49,0,9,87,0,96,44,0,44,140
11/16/2011,MKG,MI,AGL,CE,Combined TRACON& Tower with Radar,0,6,14,0,20,0,0,9,0,9,0,6,23,0,29,11,0,11,40
11/17/2011,MKG,MI,AGL,CE,Combined TRACON& Tower with Radar,0,6,14,2,22,0,0,5,0,5,0,6,19,2,27,0,0,0,27
11/18/2011,MKG,MI,AGL,CE,Combined TRACON& Tower with Radar,0,6,8,0,14,0,0,3,0,3,0,6,11,0,17,0,0,0,17
11/19/2011,MKG,MI,AGL,CE,Combined TRACON& Tower with Radar,0,8,4,0,12,0,0,3,0,3,0,8,7,0,15,0,0,0,15
11/20/2011,MKG,MI,AGL,CE,Combined TRACON& Tower with Radar,0,5,13,0,18,0,0,15,0,15,0,5,28,0,33,40,0,40,73
11/21/2011,MKG,MI,AGL,CE,Combined TRACON& Tower with Radar,0,5,31,0,36,0,0,42,0,42,0,5,73,0,78,84,0,84,162
11/22/2011,MKG,MI,AGL,CE,Combined TRACON& Tower with Radar,0,6,9,2,17,0,0,12,0,12,0,6,21,2,29,14,0,14,43
11/23/2011,MKG,MI,AGL,CE,Combined TRACON& Tower with Radar,0,8,26,0,34,0,0,19,0,19,0,8,45,0,53,144,0,144,197
11/24/2011,MKG,MI,AGL,CE,Combined TRACON& Tower with Radar,0,2,3,0,5,0,0,0,0,0,0,2,3,0,5,0,0,0,5
11/25/2011,MKG,MI,AGL,CE,Combined TRACON& Tower with Radar,0,4,12,0,16,0,0,21,0,21,0,4,33,0,37,22,0,22,59
11/26/2011,MKG,MI,AGL,CE,Combined TRACON& Tower with Radar,0,6,6,0,12,0,0,2,0,2,0,6,8,0,14,0,0,0,14
11/27/2011,MKG,MI,AGL,CE,Combined TRACON& Tower with Radar,0,9,12,0,21,0,0,2,0,2,0,9,14,0,23,0,0,0,23
11/28/2011,MKG,MI,AGL,CE,Combined TRACON& Tower with Radar,0,6,22,0,28,0,0,21,0,21,0,6,43,0,49,82,0,82,131
11/29/2011,MKG,MI,AGL,CE,Combined TRACON& Tower with Radar,0,2,19,0,21,0,0,10,0,10,0,2,29,0,31,0,0,0,31
11/30/2011,MKG,MI,AGL,CE,Combined TRACON& Tower with Radar,0,8,27,0,35,0,2,51,0,53,0,10,78,0,88,92,0,92,180
12/01/2011,MKG,MI,AGL,CE,Combined TRACON& Tower with Radar,0,6,36,0,42,0,0,42,0,42,0,6,78,0,84,38,0,38,122
12/02/2011,MKG,MI,AGL,CE,Combined TRACON& Tower with Radar,0,6,17,5,28,0,0,58,1,59,0,6,75,6,87,144,0,144,231
12/03/2011,MKG,MI,AGL,CE,Combined TRACON& Tower with Radar,0,8,17,0,25,0,0,2,0,2,0,8,19,0,27,0,0,0,27
12/04/2011,MKG,MI,AGL,CE,Combined TRACON& Tower with Radar,0,5,3,0,8,0,0,1,0,1,0,5,4,0,9,0,0,0,9
12/05/2011,MKG,MI,AGL,CE,Combined TRACON& Tower with Radar,0,4,15,0,19,0,0,30,0,30,0,4,45,0,49,32,0,32,81
12/06/2011,MKG,MI,AGL,CE,Combined TRACON& Tower with Radar,0,6,32,0,38,0,0,18,0,18,0,6,50,0,56,70,0,70,126
12/07/2011,MKG,MI,AGL,CE,Combined TRACON& Tower with Radar,0,8,14,0,22,0,1,16,2,19,0,9,30,2,41,10,0,10,51
12/08/2011,MKG,MI,AGL,CE,Combined TRACON& Tower with Radar,0,6,18,2,26,0,0,14,4,18,0,6,32,6,44,24,0,24,68
12/09/2011,MKG,MI,AGL,CE,Combined TRACON& Tower with Radar,0,8,23,0,31,0,0,11,0,11,0,8,34,0,42,42,0,42,84
12/10/2011,MKG,MI,AGL,CE,Combined TRACON& Tower with Radar,0,6,8,0,14,0,0,47,0,47,0,6,55,0,61,34,0,34,95
12/11/2011,MKG,MI,AGL,CE,Combined TRACON& Tower with Radar,0,4,13,0,17,0,0,17,0,17,0,4,30,0,34,0,0,0,34
12/12/2011,MKG,MI,AGL,CE,Combined TRACON& Tower with Radar,0,5,18,0,23,0,0,36,2,38,0,5,54,2,61,82,0,82,143
12/13/2011,MKG,MI,AGL,CE,Combined TRACON& Tower with Radar,0,10,19,0,29,0,1,14,2,17,0,11,33,2,46,68,0,68,114
12/14/2011,MKG,MI,AGL,CE,Combined TRACON& Tower with Radar,0,6,16,0,22,0,0,0,0,0,0,6,16,0,22,0,0,0,22
12/15/2011,MKG,MI,AGL,CE,Combined TRACON& Tower with Radar,0,11,21,0,32,0,0,6,0,6,0,11,27,0,38,4,0,4,42
12/16/2011,MKG,MI,AGL,CE,Combined TRACON& Tower with Radar,0,7,16,0,23,0,2,24,5,31,0,9,40,5,54,74,0,74,128
12/17/2011,MKG,MI,AGL,CE,Combined TRACON& Tower with Radar,0,9,3,0,12,0,0,0,0,0,0,9,3,0,12,0,0,0,12
12/18/2011,MKG,MI,AGL,CE,Combined TRACON& Tower with Radar,0,4,12,0,16,0,0,21,0,21,0,4,33,0,37,0,0,0,37
12/19/2011,MKG,MI,AGL,CE,Combined TRACON& Tower with Radar,0,4,5,0,9,0,0,7,0,7,0,4,12,0,16,22,0,22,38
12/20/2011,MKG,MI,AGL,CE,Combined TRACON& Tower with Radar,0,8,11,0,19,0,0,22,2,24,0,8,33,2,43,28,0,28,71
12/21/2011,MKG,MI,AGL,CE,Combined TRACON& Tower with Radar,0,8,13,0,21,0,0,0,0,0,0,8,13,0,21,0,0,0,21
12/22/2011,MKG,MI,AGL,CE,Combined TRACON& Tower with Radar,0,8,11,14,33,0,0,7,0,7,0,8,18,14,40,24,8,32,72
12/23/2011,MKG,MI,AGL,CE,Combined TRACON& Tower with Radar,0,4,17,0,21,0,0,37,0,37,0,4,54,0,58,26,0,26,84
12/24/2011,MKG,MI,AGL,CE,Combined TRACON& Tower with Radar,0,4,3,0,7,0,0,8,0,8,0,4,11,0,15,12,0,12,27
12/25/2011,MKG,MI,AGL,CE,Combined TRACON& Tower with Radar,0,4,1,0,5,0,0,0,0,0,0,4,1,0,5,0,0,0,5
12/26/2011,MKG,MI,AGL,CE,Combined TRACON& Tower with Radar,0,4,9,0,13,0,0,18,0,18,0,4,27,0,31,28,0,28,59
12/27/2011,MKG,MI,AGL,CE,Combined TRACON& Tower with Radar,0,6,5,0,11,0,0,3,0,3,0,6,8,0,14,18,0,18,32
12/28/2011,MKG,MI,AGL,CE,Combined TRACON& Tower with Radar,0,4,12,14,30,0,0,29,4,33,0,4,41,18,63,40,18,58,121
12/29/2011,MKG,MI,AGL,CE,Combined TRACON& Tower with Radar,0,6,5,0,11,0,0,0,0,0,0,6,5,0,11,0,0,0,11
12/30/2011,MKG,MI,AGL,CE,Combined TRACON& Tower with Radar,0,8,4,0,12,0,0,0,0,0,0,8,4,0,12,17,0,17,29
12/31/2011,MKG,MI,AGL,CE,Combined TRACON& Tower with Radar,0,6,26,0,32,0,1,34,0,35,0,7,60,0,67,74,0,74,141
01/01/2012,MKG,MI,AGL,CE,Combined TRACON& Tower with Radar,0,4,1,0,5,0,0,0,0,0,0,4,1,0,5,0,0,0,5
01/02/2012,MKG,MI,AGL,CE,Combined TRACON& Tower with Radar,0,2,3,0,5,0,0,0,0,0,0,2,3,0,5,0,0,0,5
01/03/2012,MKG,MI,AGL,CE,Combined TRACON& Tower with Radar,0,6,9,0,15,0,0,26,0,26,0,6,35,0,41,60,0,60,101
01/04/2012,MKG,MI,AGL,CE,Combined TRACON& Tower with Radar,0,6,21,12,39,0,0,33,1,34,0,6,54,13,73,100,10,110,183
01/05/2012,MKG,MI,AGL,CE,Combined TRACON& Tower with Radar,0,7,31,2,40,0,0,38,0,38,0,7,69,2,78,68,0,68,146
01/06/2012,MKG,MI,AGL,CE,Combined TRACON& Tower with Radar,0,7,33,0,40,0,0,49,0,49,0,7,82,0,89,36,0,36,125
01/07/2012,MKG,MI,AGL,CE,Combined TRACON& Tower with Radar,0,6,13,0,19,0,0,17,0,17,0,6,30,0,36,20,0,20,56
01/08/2012,MKG,MI,AGL,CE,Combined TRACON& Tower with Radar,0,4,4,0,8,0,0,51,0,51,0,4,55,0,59,116,0,116,175
01/09/2012,MKG,MI,AGL,CE,Combined TRACON& Tower with Radar,0,6,24,2,32,0,0,17,0,17,0,6,41,2,49,12,0,12,61
01/10/2012,MKG,MI,AGL,CE,Combined TRACON& Tower with Radar,0,8,26,0,34,0,0,39,0,39,0,8,65,0,73,60,0,60,133
01/11/2012,MKG,MI,AGL,CE,Combined TRACON& Tower with Radar,0,7,10,4,21,0,1,47,4,52,0,8,57,8,73,116,0,116,189
01/12/2012,MKG,MI,AGL,CE,Combined TRACON& Tower with Radar,0,6,11,0,17,0,0,2,0,2,0,6,13,0,19,10,0,10,29
01/13/2012,MKG,MI,AGL,CE,Combined TRACON& Tower with Radar,0,4,8,0,12,0,0,0,0,0,0,4,8,0,12,0,0,0,12
01/14/2012,MKG,MI,AGL,CE,Combined TRACON& Tower with Radar,0,6,6,0,12,0,0,2,4,6,0,6,8,4,18,0,0,0,18
01/15/2012,MKG,MI,AGL,CE,Combined TRACON& Tower with Radar,0,6,15,0,21,0,0,2,0,2,0,6,17,0,23,8,0,8,31
01/16/2012,MKG,MI,AGL,CE,Combined TRACON& Tower with Radar,0,4,22,0,26,0,0,14,0,14,0,4,36,0,40,4,0,4,44
01/17/2012,MKG,MI,AGL,CE,Combined TRACON& Tower with Radar,0,4,9,0,13,0,0,0,0,0,0,4,9,0,13,0,0,0,13
01/18/2012,MKG,MI,AGL,CE,Combined TRACON& Tower with Radar,0,10,22,0,32,0,0,13,0,13,0,10,35,0,45,10,0,10,55
01/19/2012,MKG,MI,AGL,CE,Combined TRACON& Tower with Radar,0,6,4,0,10,0,0,0,0,0,0,6,4,0,10,0,0,0,10
01/20/2012,MKG,MI,AGL,CE,Combined TRACON& Tower with Radar,0,2,18,0,20,0,0,16,0,16,0,2,34,0,36,36,0,36,72
01/21/2012,MKG,MI,AGL,CE,Combined TRACON& Tower with Radar,0,6,11,0,17,0,0,69,0,69,0,6,80,0,86,178,0,178,264
01/22/2012,MKG,MI,AGL,CE,Combined TRACON& Tower with Radar,0,4,11,0,15,0,0,0,0,0,0,4,11,0,15,14,0,14,29
01/23/2012,MKG,MI,AGL,CE,Combined TRACON& Tower with Radar,0,2,10,0,12,0,0,0,0,0,0,2,10,0,12,2,0,2,14
01/24/2012,MKG,MI,AGL,CE,Combined TRACON& Tower with Radar,0,6,29,0,35,0,0,11,0,11,0,6,40,0,46,66,0,66,112
01/25/2012,MKG,MI,AGL,CE,Combined TRACON& Tower with Radar,0,6,14,0,20,0,0,37,0,37,0,6,51,0,57,128,0,128,185
01/26/2012,MKG,MI,AGL,CE,Combined TRACON& Tower with Radar,0,6,16,0,22,0,0,4,0,4,0,6,20,0,26,46,0,46,72
01/27/2012,MKG,MI,AGL,CE,Combined TRACON& Tower with Radar,0,6,24,0,30,0,0,37,0,37,0,6,61,0,67,114,0,114,181
01/28/2012,MKG,MI,AGL,CE,Combined TRACON& Tower with Radar,0,4,9,0,13,0,0,0,0,0,0,4,9,0,13,0,0,0,13
01/29/2012,MKG,MI,AGL,CE,Combined TRACON& Tower with Radar,0,3,6,0,9,0,0,2,0,2,0,3,8,0,11,0,0,0,11
01/30/2012,MKG,MI,AGL,CE,Combined TRACON& Tower with Radar,0,4,10,0,14,0,0,23,0,23,0,4,33,0,37,4,0,4,41
01/31/2012,MKG,MI,AGL,CE,Combined TRACON& Tower with Radar,0,6,13,0,19,0,0,14,2,16,0,6,27,2,35,20,0,20,55
02/01/2012,MKG,MI,AGL,CE,Combined TRACON& Tower with Radar,0,6,22,0,28,0,0,22,0,22,0,6,44,0,50,194,0,194,244
02/02/2012,MKG,MI,AGL,CE,Combined TRACON& Tower with Radar,0,6,13,0,19,0,0,43,2,45,0,6,56,2,64,176,0,176,240
02/03/2012,MKG,MI,AGL,CE,Combined TRACON& Tower with Radar,0,6,12,0,18,0,0,10,0,10,0,6,22,0,28,82,0,82,110
02/04/2012,MKG,MI,AGL,CE,Combined TRACON& Tower with Radar,0,9,23,0,32,0,0,74,0,74,0,9,97,0,106,132,0,132,238
02/05/2012,MKG,MI,AGL,CE,Combined TRACON& Tower with Radar,0,4,18,0,22,0,0,42,0,42,0,4,60,0,64,50,0,50,114
02/06/2012,MKG,MI,AGL,CE,Combined TRACON& Tower with Radar,0,4,7,0,11,0,0,0,0,0,0,4,7,0,11,0,0,0,11
02/07/2012,MKG,MI,AGL,CE,Combined TRACON& Tower with Radar,0,6,7,0,13,0,0,20,0,20,0,6,27,0,33,40,0,40,73
02/08/2012,MKG,MI,AGL,CE,Combined TRACON& Tower with Radar,0,6,15,3,24,0,0,32,0,32,0,6,47,3,56,8,0,8,64
02/09/2012,MKG,MI,AGL,CE,Combined TRACON& Tower with Radar,0,8,30,0,38,0,0,38,0,38,0,8,68,0,76,40,0,40,116
02/10/2012,MKG,MI,AGL,CE,Combined TRACON& Tower with Radar,0,4,10,0,14,0,0,0,0,0,0,4,10,0,14,0,0,0,14
02/11/2012,MKG,MI,AGL,CE,Combined TRACON& Tower with Radar,0,6,3,0,9,0,0,1,2,3,0,6,4,2,12,2,0,2,14
02/12/2012,MKG,MI,AGL,CE,Combined TRACON& Tower with Radar,0,4,6,0,10,0,0,21,0,21,0,4,27,0,31,36,0,36,67
02/13/2012,MKG,MI,AGL,CE,Combined TRACON& Tower with Radar,0,5,21,0,26,0,0,23,0,23,0,5,44,0,49,26,0,26,75
02/14/2012,MKG,MI,AGL,CE,Combined TRACON& Tower with Radar,0,5,15,0,20,0,0,0,0,0,0,5,15,0,20,0,0,0,20
02/15/2012,MKG,MI,AGL,CE,Combined TRACON& Tower with Radar,0,6,11,0,17,0,0,13,0,13,0,6,24,0,30,24,0,24,54
02/16/2012,MKG,MI,AGL,CE,Combined TRACON& Tower with Radar,0,4,13,1,18,0,0,13,1,14,0,4,26,2,32,10,0,10,42
02/17/2012,MKG,MI,AGL,CE,Combined TRACON& Tower with Radar,0,4,26,0,30,0,0,25,0,25,0,4,51,0,55,78,0,78,133
02/18/2012,MKG,MI,AGL,CE,Combined TRACON& Tower with Radar,0,7,15,0,22,0,0,25,0,25,0,7,40,0,47,34,0,34,81
02/19/2012,MKG,MI,AGL,CE,Combined TRACON& Tower with Radar,0,6,18,0,24,0,0,57,0,57,0,6,75,0,81,86,0,86,167
02/20/2012,MKG,MI,AGL,CE,Combined TRACON& Tower with Radar,0,4,16,0,20,0,0,81,0,81,0,4,97,0,101,116,0,116,217
02/21/2012,MKG,MI,AGL,CE,Combined TRACON& Tower with Radar,0,7,8,0,15,0,0,0,0,0,0,7,8,0,15,0,0,0,15
02/22/2012,MKG,MI,AGL,CE,Combined TRACON& Tower with Radar,0,6,27,0,33,0,0,30,0,30,0,6,57,0,63,76,0,76,139
02/23/2012,MKG,MI,AGL,CE,Combined TRACON& Tower with Radar,0,6,17,0,23,0,2,38,0,40,0,8,55,0,63,80,0,80,143
02/24/2012,MKG,MI,AGL,CE,Combined TRACON& Tower with Radar,0,4,4,0,8,0,0,2,0,2,0,4,6,0,10,0,0,0,10
02/25/2012,MKG,MI,AGL,CE,Combined TRACON& Tower with Radar,0,6,6,0,12,0,0,3,0,3,0,6,9,0,15,2,0,2,17
02/26/2012,MKG,MI,AGL,CE,Combined TRACON& Tower with Radar,0,4,17,0,21,0,0,19,0,19,0,4,36,0,40,2,0,2,42
02/27/2012,MKG,MI,AGL,CE,Combined TRACON& Tower with Radar,0,3,16,0,19,0,0,12,0,12,0,3,28,0,31,4,0,4,35
02/28/2012,MKG,MI,AGL,CE,Combined TRACON& Tower with Radar,0,6,19,0,25,0,0,29,0,29,0,6,48,0,54,64,0,64,118
02/29/2012,MKG,MI,AGL,CE,Combined TRACON& Tower with Radar,0,6,18,0,24,0,0,3,0,3,0,6,21,0,27,8,0,8,35
03/01/2012,MKG,MI,AGL,CE,Combined TRACON& Tower with Radar,0,7,21,0,28,0,0,12,0,12,0,7,33,0,40,138,0,138,178
03/02/2012,MKG,MI,AGL,CE,Combined TRACON& Tower with Radar,0,5,12,0,17,0,0,15,0,15,0,5,27,0,32,46,0,46,78
03/03/2012,MKG,MI,AGL,CE,Combined TRACON& Tower with Radar,0,7,3,0,10,0,0,0,0,0,0,7,3,0,10,0,0,0,10
03/04/2012,MKG,MI,AGL,CE,Combined TRACON& Tower with Radar,0,4,9,0,13,0,0,15,0,15,0,4,24,0,28,18,0,18,46
03/05/2012,MKG,MI,AGL,CE,Combined TRACON& Tower with Radar,0,6,44,0,50,0,0,44,0,44,0,6,88,0,94,150,0,150,244
03/06/2012,MKG,MI,AGL,CE,Combined TRACON& Tower with Radar,0,7,28,0,35,0,0,17,0,17,0,7,45,0,52,14,0,14,66
03/07/2012,MKG,MI,AGL,CE,Combined TRACON& Tower with Radar,0,6,10,2,18,0,0,5,2,7,0,6,15,4,25,2,2,4,29
03/08/2012,MKG,MI,AGL,CE,Combined TRACON& Tower with Radar,0,6,33,0,39,0,0,16,0,16,0,6,49,0,55,12,0,12,67
03/09/2012,MKG,MI,AGL,CE,Combined TRACON& Tower with Radar,0,7,15,0,22,0,0,28,2,30,0,7,43,2,52,28,0,28,80
03/10/2012,MKG,MI,AGL,CE,Combined TRACON& Tower with Radar,0,6,4,0,10,0,0,9,0,9,0,6,13,0,19,0,0,0,19
03/11/2012,MKG,MI,AGL,CE,Combined TRACON& Tower with Radar,0,4,5,0,9,0,0,41,0,41,0,4,46,0,50,42,0,42,92
03/12/2012,MKG,MI,AGL,CE,Combined TRACON& Tower with Radar,0,6,25,0,31,0,0,0,0,0,0,6,25,0,31,0,0,0,31
03/13/2012,MKG,MI,AGL,CE,Combined TRACON& Tower with Radar,0,6,31,1,38,0,0,75,1,76,0,6,106,2,114,102,0,102,216
03/14/2012,MKG,MI,AGL,CE,Combined TRACON& Tower with Radar,0,6,25,0,31,0,0,49,0,49,0,6,74,0,80,38,0,38,118
03/15/2012,MKG,MI,AGL,CE,Combined TRACON& Tower with Radar,0,6,36,2,44,0,0,4,0,4,0,6,40,2,48,0,0,0,48
03/16/2012,MKG,MI,AGL,CE,Combined TRACON& Tower with Radar,0,4,15,0,19,0,0,21,0,21,0,4,36,0,40,40,0,40,80
03/17/2012,MKG,MI,AGL,CE,Combined TRACON& Tower with Radar,0,6,32,0,38,0,0,42,1,43,0,6,74,1,81,54,0,54,135
03/18/2012,MKG,MI,AGL,CE,Combined TRACON& Tower with Radar,0,4,4,4,12,0,1,68,0,69,0,5,72,4,81,106,4,110,191
03/19/2012,MKG,MI,AGL,CE,Combined TRACON& Tower with Radar,0,2,24,2,28,0,1,47,0,48,0,3,71,2,76,140,0,140,216
03/20/2012,MKG,MI,AGL,CE,Combined TRACON& Tower with Radar,0,10,20,0,30,0,0,24,0,24,0,10,44,0,54,18,0,18,72
03/21/2012,MKG,MI,AGL,CE,Combined TRACON& Tower with Radar,0,13,31,2,46,0,0,48,2,50,0,13,79,4,96,68,0,68,164
03/22/2012,MKG,MI,AGL,CE,Combined TRACON& Tower with Radar,0,6,23,12,41,0,0,43,0,43,0,6,66,12,84,66,8,74,158
03/23/2012,MKG,MI,AGL,CE,Combined TRACON& Tower with Radar,0,4,23,0,27,0,0,0,0,0,0,4,23,0,27,2,0,2,29
03/24/2012,MKG,MI,AGL,CE,Combined TRACON& Tower with Radar,0,6,9,0,15,0,0,7,0,7,0,6,16,0,22,6,0,6,28
03/25/2012,MKG,MI,AGL,CE,Combined TRACON& Tower with Radar,0,4,13,0,17,0,0,46,0,46,0,4,59,0,63,60,0,60,123
03/26/2012,MKG,MI,AGL,CE,Combined TRACON& Tower with Radar,0,4,23,0,27,0,0,45,0,45,0,4,68,0,72,92,0,92,164
03/27/2012,MKG,MI,AGL,CE,Combined TRACON& Tower with Radar,0,8,22,2,32,0,1,16,0,17,0,9,38,2,49,24,0,24,73
03/28/2012,MKG,MI,AGL,CE,Combined TRACON& Tower with Radar,0,9,23,0,32,0,0,21,0,21,0,9,44,0,53,34,0,34,87
03/29/2012,MKG,MI,AGL,CE,Combined TRACON& Tower with Radar,0,6,32,0,38,0,0,41,0,41,0,6,73,0,79,122,0,122,201
03/30/2012,MKG,MI,AGL,CE,Combined TRACON& Tower with Radar,0,6,14,0,20,0,0,0,0,0,0,6,14,0,20,0,0,0,20
03/31/2012,MKG,MI,AGL,CE,Combined TRACON& Tower with Radar,0,6,7,0,13,0,0,16,0,16,0,6,23,0,29,90,0,90,119
04/01/2012,MKG,MI,AGL,CE,Combined TRACON& Tower with Radar,0,4,16,0,20,0,0,6,0,6,0,4,22,0,26,16,0,16,42
04/02/2012,MKG,MI,AGL,CE,Combined TRACON& Tower with Radar,0,4,14,0,18,0,0,32,0,32,0,4,46,0,50,32,0,32,82
04/03/2012,MKG,MI,AGL,CE,Combined TRACON& Tower with Radar,0,6,20,0,26,0,0,22,0,22,0,6,42,0,48,32,0,32,80
04/04/2012,MKG,MI,AGL,CE,Combined TRACON& Tower with Radar,0,8,34,0,42,0,1,48,2,51,0,9,82,2,93,74,0,74,167
04/05/2012,MKG,MI,AGL,CE,Combined TRACON& Tower with Radar,0,7,23,0,30,0,0,56,0,56,0,7,79,0,86,68,0,68,154
04/06/2012,MKG,MI,AGL,CE,Combined TRACON& Tower with Radar,0,6,15,1,22,0,0,44,0,44,0,6,59,1,66,74,0,74,140
04/07/2012,MKG,MI,AGL,CE,Combined TRACON& Tower with Radar,0,6,8,1,15,0,0,52,0,52,0,6,60,1,67,18,0,18,85
04/08/2012,MKG,MI,AGL,CE,Combined TRACON& Tower with Radar,0,4,4,0,8,0,0,2,0,2,0,4,6,0,10,0,0,0,10
04/09/2012,MKG,MI,AGL,CE,Combined TRACON& Tower with Radar,0,4,8,4,16,0,0,13,0,13,0,4,21,4,29,6,0,6,35
04/10/2012,MKG,MI,AGL,CE,Combined TRACON& Tower with Radar,0,6,13,0,19,0,0,1,0,1,0,6,14,0,20,0,0,0,20
04/11/2012,MKG,MI,AGL,CE,Combined TRACON& Tower with Radar,0,6,18,0,24,0,0,26,2,28,0,6,44,2,52,22,0,22,74
04/12/2012,MKG,MI,AGL,CE,Combined TRACON& Tower with Radar,0,6,13,0,19,0,1,57,0,58,0,7,70,0,77,58,0,58,135
04/13/2012,MKG,MI,AGL,CE,Combined TRACON& Tower with Radar,0,8,17,0,25,0,0,36,0,36,0,8,53,0,61,72,0,72,133
04/14/2012,MKG,MI,AGL,CE,Combined TRACON& Tower with Radar,0,5,17,0,22,0,0,8,0,8,0,5,25,0,30,0,0,0,30
04/15/2012,MKG,MI,AGL,CE,Combined TRACON& Tower with Radar,0,5,4,0,9,0,0,0,0,0,0,5,4,0,9,0,0,0,9
04/16/2012,MKG,MI,AGL,CE,Combined TRACON& Tower with Radar,0,10,3,0,13,0,0,2,0,2,0,10,5,0,15,0,0,0,15
04/17/2012,MKG,MI,AGL,CE,Combined TRACON& Tower with Radar,0,6,36,0,42,0,0,53,0,53,0,6,89,0,95,60,0,60,155
04/18/2012,MKG,MI,AGL,CE,Combined TRACON& Tower with Radar,0,6,21,0,27,0,1,13,0,14,0,7,34,0,41,22,0,22,63
04/19/2012,MKG,MI,AGL,CE,Combined TRACON& Tower with Radar,0,6,13,2,21,0,0,17,2,19,0,6,30,4,40,58,0,58,98
04/20/2012,MKG,MI,AGL,CE,Combined TRACON& Tower with Radar,0,6,27,0,33,0,0,6,0,6,0,6,33,0,39,0,0,0,39
04/21/2012,MKG,MI,AGL,CE,Combined TRACON& Tower with Radar,0,6,21,0,27,0,0,58,3,61,0,6,79,3,88,176,0,176,264
04/22/2012,MKG,MI,AGL,CE,Combined TRACON& Tower with Radar,0,4,5,0,9,0,0,9,0,9,0,4,14,0,18,22,0,22,40
04/23/2012,MKG,MI,AGL,CE,Combined TRACON& Tower with Radar,0,5,14,4,23,0,0,17,0,17,0,5,31,4,40,60,0,60,100
04/24/2012,MKG,MI,AGL,CE,Combined TRACON& Tower with Radar,0,4,25,2,31,0,0,13,0,13,0,4,38,2,44,10,0,10,54
04/25/2012,MKG,MI,AGL,CE,Combined TRACON& Tower with Radar,0,6,23,2,31,0,0,23,0,23,0,6,46,2,54,36,0,36,90
04/26/2012,MKG,MI,AGL,CE,Combined TRACON& Tower with Radar,0,6,12,0,18,0,0,19,0,19,0,6,31,0,37,48,0,48,85
04/27/2012,MKG,MI,AGL,CE,Combined TRACON& Tower with Radar,0,6,33,0,39,0,0,69,0,69,0,6,102,0,108,112,0,112,220
04/28/2012,MKG,MI,AGL,CE,Combined TRACON& Tower with Radar,0,8,0,0,8,0,0,11,1,12,0,8,11,1,20,22,0,22,42
04/29/2012,MKG,MI,AGL,CE,Combined TRACON& Tower with Radar,0,4,10,0,14,0,0,43,0,43,0,4,53,0,57,64,0,64,121
04/30/2012,MKG,MI,AGL,CE,Combined TRACON& Tower with Radar,0,4,35,0,39,0,0,4,0,4,0,4,39,0,43,15,0,15,58
05/01/2012,MKG,MI,AGL,CE,Combined TRACON& Tower with Radar,0,8,22,4,34,0,0,24,0,24,0,8,46,4,58,58,0,58,116
05/02/2012,MKG,MI,AGL,CE,Combined TRACON& Tower with Radar,0,7,18,0,25,0,0,11,0,11,0,7,29,0,36,20,0,20,56
05/03/2012,MKG,MI,AGL,CE,Combined TRACON& Tower with Radar,0,7,9,0,16,0,0,11,2,13,0,7,20,2,29,0,0,0,29
05/04/2012,MKG,MI,AGL,CE,Combined TRACON& Tower with Radar,0,6,23,0,29,0,0,6,0,6,0,6,29,0,35,6,0,6,41
05/05/2012,MKG,MI,AGL,CE,Combined TRACON& Tower with Radar,0,6,14,0,20,0,0,10,0,10,0,6,24,0,30,8,0,8,38
05/06/2012,MKG,MI,AGL,CE,Combined TRACON& Tower with Radar,0,2,11,0,13,0,0,19,0,19,0,2,30,0,32,28,0,28,60
05/07/2012,MKG,MI,AGL,CE,Combined TRACON& Tower with Radar,0,4,11,2,17,0,0,1,0,1,0,4,12,2,18,2,0,2,20
05/08/2012,MKG,MI,AGL,CE,Combined TRACON& Tower with Radar,0,4,24,4,32,2,0,26,2,30,2,4,50,6,62,18,0,18,80
05/09/2012,MKG,MI,AGL,CE,Combined TRACON& Tower with Radar,0,6,21,0,27,0,0,33,0,33,0,6,54,0,60,28,0,28,88
05/10/2012,MKG,MI,AGL,CE,Combined TRACON& Tower with Radar,0,7,25,0,32,0,0,52,0,52,0,7,77,0,84,56,0,56,140
05/11/2012,MKG,MI,AGL,CE,Combined TRACON& Tower with Radar,0,8,22,0,30,0,0,55,0,55,0,8,77,0,85,116,0,116,201
05/12/2012,MKG,MI,AGL,CE,Combined TRACON& Tower with Radar,0,6,17,0,23,0,0,22,0,22,0,6,39,0,45,24,0,24,69
05/13/2012,MKG,MI,AGL,CE,Combined TRACON& Tower with Radar,0,4,10,0,14,0,0,37,0,37,0,4,47,0,51,16,0,16,67
05/14/2012,MKG,MI,AGL,CE,Combined TRACON& Tower with Radar,0,4,15,0,19,0,0,41,2,43,0,4,56,2,62,74,0,74,136
05/15/2012,MKG,MI,AGL,CE,Combined TRACON& Tower with Radar,0,6,13,1,20,0,0,23,1,24,0,6,36,2,44,6,0,6,50
05/16/2012,MKG,MI,AGL,CE,Combined TRACON& Tower with Radar,0,7,16,0,23,0,0,41,0,41,0,7,57,0,64,42,0,42,106
05/17/2012,MKG,MI,AGL,CE,Combined TRACON& Tower with Radar,0,7,19,0,26,0,0,48,3,51,0,7,67,3,77,84,0,84,161
05/18/2012,MKG,MI,AGL,CE,Combined TRACON& Tower with Radar,0,6,14,0,20,0,0,41,0,41,0,6,55,0,61,44,0,44,105
05/19/2012,MKG,MI,AGL,CE,Combined TRACON& Tower with Radar,0,6,13,0,19,0,0,42,0,42,0,6,55,0,61,35,0,35,96
05/20/2012,MKG,MI,AGL,CE,Combined TRACON& Tower with Radar,0,4,11,0,15,0,0,14,0,14,0,4,25,0,29,28,0,28,57
05/21/2012,MKG,MI,AGL,CE,Combined TRACON& Tower with Radar,0,4,9,0,13,0,0,12,0,12,0,4,21,0,25,22,0,22,47
05/22/2012,MKG,MI,AGL,CE,Combined TRACON& Tower with Radar,0,6,16,1,23,0,0,55,2,57,0,6,71,3,80,94,2,96,176
05/23/2012,MKG,MI,AGL,CE,Combined TRACON& Tower with Radar,0,6,22,0,28,0,0,57,0,57,0,6,79,0,85,114,0,114,199
05/24/2012,MKG,MI,AGL,CE,Combined TRACON& Tower with Radar,0,5,25,0,30,0,1,24,2,27,0,6,49,2,57,24,1,25,82
05/25/2012,MKG,MI,AGL,CE,Combined TRACON& Tower with Radar,0,8,25,3,36,0,0,38,2,40,0,8,63,5,76,52,0,52,128
05/26/2012,MKG,MI,AGL,CE,Combined TRACON& Tower with Radar,0,6,8,0,14,0,0,13,4,17,0,6,21,4,31,0,0,0,31
05/27/2012,MKG,MI,AGL,CE,Combined TRACON& Tower with Radar,0,5,5,0,10,0,0,18,5,23,0,5,23,5,33,6,0,6,39
05/28/2012,MKG,MI,AGL,CE,Combined TRACON& Tower with Radar,0,5,12,1,18,0,0,21,3,24,0,5,33,4,42,16,0,16,58
05/29/2012,MKG,MI,AGL,CE,Combined TRACON& Tower with Radar,0,9,12,0,21,0,0,46,4,50,0,9,58,4,71,46,0,46,117
05/30/2012,MKG,MI,AGL,CE,Combined TRACON& Tower with Radar,0,6,38,0,44,0,0,55,3,58,0,6,93,3,102,108,0,108,210
05/31/2012,MKG,MI,AGL,CE,Combined TRACON& Tower with Radar,0,6,10,0,16,0,0,22,4,26,0,6,32,4,42,88,0,88,130
06/01/2012,MKG,MI,AGL,CE,Combined TRACON& Tower with Radar,0,6,22,0,28,0,0,0,2,2,0,6,22,2,30,0,0,0,30
06/02/2012,MKG,MI,AGL,CE,Combined TRACON& Tower with Radar,0,6,15,0,21,0,0,30,33,63,0,6,45,33,84,102,0,102,186
06/03/2012,MKG,MI,AGL,CE,Combined TRACON& Tower with Radar,0,4,11,6,21,0,2,27,2,31,0,6,38,8,52,30,20,50,102
06/04/2012,MKG,MI,AGL,CE,Combined TRACON& Tower with Radar,0,4,21,1,26,0,0,50,3,53,0,4,71,4,79,66,0,66,145
06/05/2012,MKG,MI,AGL,CE,Combined TRACON& Tower with Radar,0,10,25,0,35,0,0,26,5,31,0,10,51,5,66,44,1,45,111
06/06/2012,MKG,MI,AGL,CE,Combined TRACON& Tower with Radar,0,8,25,2,35,0,0,50,4,54,0,8,75,6,89,76,24,100,189
06/07/2012,MKG,MI,AGL,CE,Combined TRACON& Tower with Radar,0,10,33,1,44,0,0,69,6,75,0,10,102,7,119,74,0,74,193
06/08/2012,MKG,MI,AGL,CE,Combined TRACON& Tower with Radar,0,8,18,2,28,0,0,46,4,50,0,8,64,6,78,84,0,84,162
06/09/2012,MKG,MI,AGL,CE,Combined TRACON& Tower with Radar,0,7,13,0,20,0,0,29,2,31,0,7,42,2,51,46,0,46,97
06/10/2012,MKG,MI,AGL,CE,Combined TRACON& Tower with Radar,0,7,13,1,21,0,0,36,3,39,0,7,49,4,60,60,0,60,120
06/11/2012,MKG,MI,AGL,CE,Combined TRACON& Tower with Radar,0,4,30,0,34,0,0,54,4,58,0,4,84,4,92,56,0,56,148
06/12/2012,MKG,MI,AGL,CE,Combined TRACON& Tower with Radar,0,6,20,5,31,0,1,27,2,30,0,7,47,7,61,8,0,8,69
06/13/2012,MKG,MI,AGL,CE,Combined TRACON& Tower with Radar,0,6,18,1,25,0,0,34,0,34,0,6,52,1,59,86,0,86,145
06/14/2012,MKG,MI,AGL,CE,Combined TRACON& Tower with Radar,0,8,17,0,25,0,0,37,1,38,0,8,54,1,63,60,0,60,123
06/15/2012,MKG,MI,AGL,CE,Combined TRACON& Tower with Radar,0,4,19,0,23,0,0,37,4,41,0,4,56,4,64,72,0,72,136
06/16/2012,MKG,MI,AGL,CE,Combined TRACON& Tower with Radar,0,6,7,0,13,0,0,37,2,39,0,6,44,2,52,27,0,27,79
06/17/2012,MKG,MI,AGL,CE,Combined TRACON& Tower with Radar,0,6,13,0,19,0,0,26,0,26,0,6,39,0,45,32,0,32,77
06/18/2012,MKG,MI,AGL,CE,Combined TRACON& Tower with Radar,0,11,11,0,22,0,0,9,4,13,0,11,20,4,35,6,0,6,41
06/19/2012,MKG,MI,AGL,CE,Combined TRACON& Tower with Radar,0,14,39,2,55,0,0,36,0,36,0,14,75,2,91,14,0,14,105
06/20/2012,MKG,MI,AGL,CE,Combined TRACON& Tower with Radar,0,6,11,0,17,0,0,19,5,24,0,6,30,5,41,24,0,24,65
06/21/2012,MKG,MI,AGL,CE,Combined TRACON& Tower with Radar,0,8,10,0,18,0,1,37,4,42,0,9,47,4,60,86,0,86,146
06/22/2012,MKG,MI,AGL,CE,Combined TRACON& Tower with Radar,0,8,20,0,28,0,0,58,4,62,0,8,78,4,90,86,0,86,176
06/23/2012,MKG,MI,AGL,CE,Combined TRACON& Tower with Radar,0,9,12,0,21,0,2,72,6,80,0,11,84,6,101,56,0,56,157
06/24/2012,MKG,MI,AGL,CE,Combined TRACON& Tower with Radar,0,5,13,2,20,0,0,21,4,25,0,5,34,6,45,30,0,30,75
06/25/2012,MKG,MI,AGL,CE,Combined TRACON& Tower with Radar,0,4,25,0,29,0,0,24,2,26,0,4,49,2,55,54,0,54,109
06/26/2012,MKG,MI,AGL,CE,Combined TRACON& Tower with Radar,0,9,14,4,27,0,0,44,4,48,0,9,58,8,75,88,0,88,163
06/27/2012,MKG,MI,AGL,CE,Combined TRACON& Tower with Radar,0,6,17,0,23,0,0,37,3,40,0,6,54,3,63,58,0,58,121
06/28/2012,MKG,MI,AGL,CE,Combined TRACON& Tower with Radar,0,9,23,0,32,0,0,18,4,22,0,9,41,4,54,14,0,14,68
06/29/2012,MKG,MI,AGL,CE,Combined TRACON& Tower with Radar,0,9,33,2,44,0,0,48,6,54,0,9,81,8,98,98,0,98,196
06/30/2012,MKG,MI,AGL,CE,Combined TRACON& Tower with Radar,0,7,7,0,14,0,0,35,4,39,0,7,42,4,53,72,0,72,125
07/01/2012,MKG,MI,AGL,CE,Combined TRACON& Tower with Radar,0,4,12,0,16,0,0,26,6,32,0,4,38,6,48,52,0,52,100
07/02/2012,MKG,MI,AGL,CE,Combined TRACON& Tower with Radar,0,7,14,0,21,0,0,35,4,39,0,7,49,4,60,30,0,30,90
07/03/2012,MKG,MI,AGL,CE,Combined TRACON& Tower with Radar,0,11,19,0,30,0,0,29,2,31,0,11,48,2,61,44,0,44,105
07/04/2012,MKG,MI,AGL,CE,Combined TRACON& Tower with Radar,0,4,1,0,5,0,0,21,4,25,0,4,22,4,30,14,0,14,44
07/05/2012,MKG,MI,AGL,CE,Combined TRACON& Tower with Radar,0,12,15,4,31,0,0,47,3,50,0,12,62,7,81,70,0,70,151
07/06/2012,MKG,MI,AGL,CE,Combined TRACON& Tower with Radar,0,6,12,0,18,0,0,24,2,26,0,6,36,2,44,28,0,28,72
07/07/2012,MKG,MI,AGL,CE,Combined TRACON& Tower with Radar,0,8,7,1,16,0,0,37,4,41,0,8,44,5,57,50,8,58,115
07/08/2012,MKG,MI,AGL,CE,Combined TRACON& Tower with Radar,0,7,11,1,19,0,0,31,1,32,0,7,42,2,51,52,0,52,103
07/09/2012,MKG,MI,AGL,CE,Combined TRACON& Tower with Radar,0,5,6,2,13,0,1,39,3,43,0,6,45,5,56,56,0,56,112
07/10/2012,MKG,MI,AGL,CE,Combined TRACON& Tower with Radar,0,8,9,2,19,0,0,46,7,53,0,8,55,9,72,50,26,76,148
07/11/2012,MKG,MI,AGL,CE,Combined TRACON& Tower with Radar,0,9,13,0,22,0,0,34,4,38,0,9,47,4,60,14,0,14,74
07/12/2012,MKG,MI,AGL,CE,Combined TRACON& Tower with Radar,0,6,33,2,41,0,1,65,2,68,0,7,98,4,109,112,0,112,221
07/13/2012,MKG,MI,AGL,CE,Combined TRACON& Tower with Radar,0,5,9,3,17,0,0,28,5,33,0,5,37,8,50,60,10,70,120
07/14/2012,MKG,MI,AGL,CE,Combined TRACON& Tower with Radar,0,8,14,0,22,0,0,21,4,25,0,8,35,4,47,4,0,4,51
07/15/2012,MKG,MI,AGL,CE,Combined TRACON& Tower with Radar,0,6,14,4,24,0,0,20,2,22,0,6,34,6,46,24,14,38,84
07/16/2012,MKG,MI,AGL,CE,Combined TRACON& Tower with Radar,0,6,11,0,17,0,0,12,4,16,0,6,23,4,33,16,0,16,49
07/17/2012,MKG,MI,AGL,CE,Combined TRACON& Tower with Radar,0,8,9,0,17,0,0,21,3,24,0,8,30,3,41,22,0,22,63
07/18/2012,MKG,MI,AGL,CE,Combined TRACON& Tower with Radar,0,7,30,0,37,0,0,25,3,28,0,7,55,3,65,66,0,66,131
07/19/2012,MKG,MI,AGL,CE,Combined TRACON& Tower with Radar,0,12,15,0,27,0,0,0,2,2,0,12,15,2,29,0,0,0,29
07/20/2012,MKG,MI,AGL,CE,Combined TRACON& Tower with Radar,0,7,25,6,38,0,0,66,4,70,0,7,91,10,108,128,4,132,240
07/21/2012,MKG,MI,AGL,CE,Combined TRACON& Tower with Radar,0,7,21,1,29,0,0,43,2,45,0,7,64,3,74,26,2,28,102
07/22/2012,MKG,MI,AGL,CE,Combined TRACON& Tower with Radar,0,6,16,0,22,0,0,32,1,33,0,6,48,1,55,26,0,26,81
07/23/2012,MKG,MI,AGL,CE,Combined TRACON& Tower with Radar,0,6,19,0,25,0,3,42,3,48,0,9,61,3,73,28,0,28,101
07/24/2012,MKG,MI,AGL,CE,Combined TRACON& Tower with Radar,0,8,15,1,24,0,0,61,4,65,0,8,76,5,89,28,0,28,117
07/25/2012,MKG,MI,AGL,CE,Combined TRACON& Tower with Radar,0,6,19,6,31,0,0,39,8,47,0,6,58,14,78,6,8,14,92
07/26/2012,MKG,MI,AGL,CE,Combined TRACON& Tower with Radar,0,4,38,0,42,0,0,29,0,29,0,4,67,0,71,2,0,2,73
07/27/2012,MKG,MI,AGL,CE,Combined TRACON& Tower with Radar,0,6,18,1,25,0,0,9,3,12,0,6,27,4,37,12,0,12,49
07/28/2012,MKG,MI,AGL,CE,Combined TRACON& Tower with Radar,0,6,20,0,26,0,0,70,2,72,0,6,90,2,98,112,0,112,210
07/29/2012,MKG,MI,AGL,CE,Combined TRACON& Tower with Radar,0,6,19,0,25,0,0,48,2,50,0,6,67,2,75,34,0,34,109
07/30/2012,MKG,MI,AGL,CE,Combined TRACON& Tower with Radar,0,6,18,0,24,0,1,39,6,46,0,7,57,6,70,34,0,34,104
07/31/2012,MKG,MI,AGL,CE,Combined TRACON& Tower with Radar,0,6,12,0,18,0,0,30,2,32,0,6,42,2,50,32,0,32,82
08/01/2012,MKG,MI,AGL,CE,Combined TRACON& Tower with Radar,0,6,24,0,30,0,0,46,0,46,0,6,70,0,76,41,6,47,123
08/02/2012,MKG,MI,AGL,CE,Combined TRACON& Tower with Radar,0,7,20,2,29,0,0,33,4,37,0,7,53,6,66,50,0,50,116
08/03/2012,MKG,MI,AGL,CE,Combined TRACON& Tower with Radar,0,9,30,0,39,0,0,25,6,31,0,9,55,6,70,98,0,98,168
08/04/2012,MKG,MI,AGL,CE,Combined TRACON& Tower with Radar,0,7,20,0,27,0,0,20,4,24,0,7,40,4,51,0,0,0,51
08/05/2012,MKG,MI,AGL,CE,Combined TRACON& Tower with Radar,0,7,14,3,24,0,0,16,1,17,0,7,30,4,41,36,0,36,77
08/06/2012,MKG,MI,AGL,CE,Combined TRACON& Tower with Radar,0,9,32,1,42,0,0,30,3,33,0,9,62,4,75,60,0,60,135
08/07/2012,MKG,MI,AGL,CE,Combined TRACON& Tower with Radar,0,7,20,0,27,0,0,40,2,42,0,7,60,2,69,66,0,66,135
08/08/2012,MKG,MI,AGL,CE,Combined TRACON& Tower with Radar,0,6,24,0,30,0,0,41,6,47,0,6,65,6,77,160,0,160,237
08/09/2012,MKG,MI,AGL,CE,Combined TRACON& Tower with Radar,0,7,49,2,58,0,0,6,0,6,0,7,55,2,64,0,0,0,64
08/10/2012,MKG,MI,AGL,CE,Combined TRACON& Tower with Radar,0,4,14,7,25,0,0,4,4,8,0,4,18,11,33,2,19,21,54
08/11/2012,MKG,MI,AGL,CE,Combined TRACON& Tower with Radar,0,6,5,0,11,0,0,33,1,34,0,6,38,1,45,52,0,52,97
08/12/2012,MKG,MI,AGL,CE,Combined TRACON& Tower with Radar,0,4,11,2,17,0,0,29,1,30,0,4,40,3,47,74,0,74,121
08/13/2012,MKG,MI,AGL,CE,Combined TRACON& Tower with Radar,0,4,15,0,19,0,0,19,4,23,0,4,34,4,42,24,0,24,66
08/14/2012,MKG,MI,AGL,CE,Combined TRACON& Tower with Radar,0,6,28,6,40,0,0,16,5,21,0,6,44,11,61,0,0,0,61
08/15/2012,MKG,MI,AGL,CE,Combined TRACON& Tower with Radar,0,7,29,0,36,0,0,46,2,48,0,7,75,2,84,82,0,82,166
08/16/2012,MKG,MI,AGL,CE,Combined TRACON& Tower with Radar,0,4,15,0,19,0,0,6,0,6,0,4,21,0,25,6,0,6,31
08/17/2012,MKG,MI,AGL,CE,Combined TRACON& Tower with Radar,0,9,18,2,29,0,0,23,8,31,0,9,41,10,60,58,0,58,118
08/18/2012,MKG,MI,AGL,CE,Combined TRACON& Tower with Radar,0,6,25,0,31,0,1,66,4,71,0,7,91,4,102,78,26,104,206
08/19/2012,MKG,MI,AGL,CE,Combined TRACON& Tower with Radar,0,4,9,0,13,0,0,20,3,23,0,4,29,3,36,60,0,60,96
08/20/2012,MKG,MI,AGL,CE,Combined TRACON& Tower with Radar,0,6,11,0,17,0,0,30,2,32,0,6,41,2,49,58,0,58,107
08/21/2012,MKG,MI,AGL,CE,Combined TRACON& Tower with Radar,0,8,11,0,19,0,0,46,3,49,0,8,57,3,68,30,0,30,98
08/22/2012,MKG,MI,AGL,CE,Combined TRACON& Tower with Radar,0,9,23,3,35,0,1,48,3,52,0,10,71,6,87,72,0,72,159
08/23/2012,MKG,MI,AGL,CE,Combined TRACON& Tower with Radar,0,6,33,7,46,0,0,53,7,60,0,6,86,14,106,112,10,122,228
08/24/2012,MKG,MI,AGL,CE,Combined TRACON& Tower with Radar,0,8,27,1,36,0,2,33,4,39,0,10,60,5,75,22,0,22,97
08/25/2012,MKG,MI,AGL,CE,Combined TRACON& Tower with Radar,0,13,11,0,24,0,1,42,3,46,0,14,53,3,70,54,0,54,124
08/26/2012,MKG,MI,AGL,CE,Combined TRACON& Tower with Radar,0,4,8,1,13,0,0,11,4,15,0,4,19,5,28,0,5,5,33
08/27/2012,MKG,MI,AGL,CE,Combined TRACON& Tower with Radar,0,4,27,1,32,0,0,35,1,36,0,4,62,2,68,38,0,38,106
08/28/2012,MKG,MI,AGL,CE,Combined TRACON& Tower with Radar,0,6,23,2,31,0,0,53,11,64,0,6,76,13,95,86,0,86,181
08/29/2012,MKG,MI,AGL,CE,Combined TRACON& Tower with Radar,0,10,16,0,26,0,0,43,2,45,0,10,59,2,71,76,0,76,147
08/30/2012,MKG,MI,AGL,CE,Combined TRACON& Tower with Radar,0,11,21,0,32,0,0,22,2,24,0,11,43,2,56,44,0,44,100
08/31/2012,MKG,MI,AGL,CE,Combined TRACON& Tower with Radar,0,13,19,2,34,0,1,22,3,26,0,14,41,5,60,16,0,16,76
09/01/2012,MKG,MI,AGL,CE,Combined TRACON& Tower with Radar,0,6,8,0,14,0,0,24,3,27,0,6,32,3,41,46,0,46,87
09/02/2012,MKG,MI,AGL,CE,Combined TRACON& Tower with Radar,0,6,10,3,19,0,0,6,8,14,0,6,16,11,33,26,40,66,99
09/03/2012,MKG,MI,AGL,CE,Combined TRACON& Tower with Radar,0,7,7,0,14,0,0,34,2,36,0,7,41,2,50,62,0,62,112
09/04/2012,MKG,MI,AGL,CE,Combined TRACON& Tower with Radar,0,7,20,1,28,0,0,22,0,22,0,7,42,1,50,26,0,26,76
09/05/2012,MKG,MI,AGL,CE,Combined TRACON& Tower with Radar,0,8,23,0,31,0,0,15,0,15,0,8,38,0,46,6,0,6,52
09/06/2012,MKG,MI,AGL,CE,Combined TRACON& Tower with Radar,0,12,21,0,33,0,0,38,0,38,0,12,59,0,71,24,0,24,95
09/07/2012,MKG,MI,AGL,CE,Combined TRACON& Tower with Radar,0,9,17,0,26,0,2,40,3,45,0,11,57,3,71,82,0,82,153
09/08/2012,MKG,MI,AGL,CE,Combined TRACON& Tower with Radar,0,6,8,0,14,0,1,13,0,14,0,7,21,0,28,0,0,0,28
09/09/2012,MKG,MI,AGL,CE,Combined TRACON& Tower with Radar,0,4,17,4,25,0,0,27,0,27,0,4,44,4,52,34,0,34,86
09/10/2012,MKG,MI,AGL,CE,Combined TRACON& Tower with Radar,0,7,25,0,32,0,0,29,0,29,0,7,54,0,61,62,0,62,123
09/11/2012,MKG,MI,AGL,CE,Combined TRACON& Tower with Radar,0,9,19,0,28,0,0,49,0,49,0,9,68,0,77,52,0,52,129
09/12/2012,MKG,MI,AGL,CE,Combined TRACON& Tower with Radar,0,6,10,0,16,0,0,30,0,30,0,6,40,0,46,54,0,54,100
09/13/2012,MKG,MI,AGL,CE,Combined TRACON& Tower with Radar,0,6,26,0,32,0,2,19,0,21,0,8,45,0,53,28,0,28,81
09/14/2012,MKG,MI,AGL,CE,Combined TRACON& Tower with Radar,0,6,19,0,25,0,0,36,0,36,0,6,55,0,61,18,0,18,79
09/15/2012,MKG,MI,AGL,CE,Combined TRACON& Tower with Radar,0,6,16,0,22,0,0,77,0,77,0,6,93,0,99,28,0,28,127
09/16/2012,MKG,MI,AGL,CE,Combined TRACON& Tower with Radar,0,4,14,0,18,0,0,19,2,21,0,4,33,2,39,8,0,8,47
09/17/2012,MKG,MI,AGL,CE,Combined TRACON& Tower with Radar,0,8,7,0,15,0,0,11,0,11,0,8,18,0,26,20,0,20,46
09/18/2012,MKG,MI,AGL,CE,Combined TRACON& Tower with Radar,0,8,12,0,20,0,0,2,0,2,0,8,14,0,22,4,0,4,26
09/19/2012,MKG,MI,AGL,CE,Combined TRACON& Tower with Radar,0,6,12,0,18,0,0,26,0,26,0,6,38,0,44,58,0,58,102
09/20/2012,MKG,MI,AGL,CE,Combined TRACON& Tower with Radar,0,8,18,0,26,0,0,14,0,14,0,8,32,0,40,12,0,12,52
09/21/2012,MKG,MI,AGL,CE,Combined TRACON& Tower with Radar,0,7,18,2,27,0,0,7,0,7,0,7,25,2,34,22,0,22,56
09/22/2012,MKG,MI,AGL,CE,Combined TRACON& Tower with Radar,0,7,9,0,16,0,0,22,0,22,0,7,31,0,38,22,0,22,60
09/23/2012,MKG,MI,AGL,CE,Combined TRACON& Tower with Radar,0,8,11,0,19,0,0,18,0,18,0,8,29,0,37,24,0,24,61
09/24/2012,MKG,MI,AGL,CE,Combined TRACON& Tower with Radar,0,6,9,0,15,0,0,25,2,27,0,6,34,2,42,6,0,6,48
09/25/2012,MKG,MI,AGL,CE,Combined TRACON& Tower with Radar,0,5,19,0,24,0,0,43,0,43,0,5,62,0,67,18,0,18,85
09/26/2012,MKG,MI,AGL,CE,Combined TRACON& Tower with Radar,0,4,26,0,30,0,0,45,0,45,0,4,71,0,75,62,0,62,137
09/27/2012,MKG,MI,AGL,CE,Combined TRACON& Tower with Radar,0,6,23,1,30,0,0,36,1,37,0,6,59,2,67,12,0,12,79
09/28/2012,MKG,MI,AGL,CE,Combined TRACON& Tower with Radar,0,7,25,0,32,0,2,67,0,69,0,9,92,0,101,106,0,106,207
09/29/2012,MKG,MI,AGL,CE,Combined TRACON& Tower with Radar,0,6,16,1,23,0,0,39,0,39,0,6,55,1,62,18,0,18,80
09/30/2012,MKG,MI,AGL,CE,Combined TRACON& Tower with Radar,0,6,10,0,16,0,0,39,0,39,0,6,49,0,55,38,0,38,93
10/01/2012,MKG,MI,AGL,CE,Combined TRACON& Tower with Radar,0,4,18,0,22,0,2,29,0,31,0,6,47,0,53,38,0,38,91
10/02/2012,MKG,MI,AGL,CE,Combined TRACON& Tower with Radar,0,8,27,0,35,0,0,39,0,39,0,8,66,0,74,36,0,36,110
10/03/2012,MKG,MI,AGL,CE,Combined TRACON& Tower with Radar,0,10,23,0,33,0,0,2,0,2,0,10,25,0,35,18,0,18,53
10/04/2012,MKG,MI,AGL,CE,Combined TRACON& Tower with Radar,0,9,26,0,35,0,0,27,0,27,0,9,53,0,62,38,0,38,100
10/05/2012,MKG,MI,AGL,CE,Combined TRACON& Tower with Radar,0,7,27,0,34,0,0,37,0,37,0,7,64,0,71,82,0,82,153
10/06/2012,MKG,MI,AGL,CE,Combined TRACON& Tower with Radar,0,11,13,0,24,0,0,55,0,55,0,11,68,0,79,34,0,34,113
10/07/2012,MKG,MI,AGL,CE,Combined TRACON& Tower with Radar,0,4,7,0,11,0,0,22,0,22,0,4,29,0,33,40,0,40,73
10/08/2012,MKG,MI,AGL,CE,Combined TRACON& Tower with Radar,0,7,29,0,36,0,0,28,0,28,0,7,57,0,64,20,0,20,84
10/09/2012,MKG,MI,AGL,CE,Combined TRACON& Tower with Radar,0,9,15,0,24,0,0,3,0,3,0,9,18,0,27,0,0,0,27
10/10/2012,MKG,MI,AGL,CE,Combined TRACON& Tower with Radar,0,11,11,0,22,0,0,7,0,7,0,11,18,0,29,10,0,10,39
10/11/2012,MKG,MI,AGL,CE,Combined TRACON& Tower with Radar,0,12,15,1,28,0,0,5,1,6,0,12,20,2,34,0,0,0,34
10/12/2012,MKG,MI,AGL,CE,Combined TRACON& Tower with Radar,0,8,30,0,38,0,0,63,0,63,0,8,93,0,101,102,0,102,203
10/13/2012,MKG,MI,AGL,CE,Combined TRACON& Tower with Radar,0,8,12,0,20,0,0,0,0,0,0,8,12,0,20,6,0,6,26
10/14/2012,MKG,MI,AGL,CE,Combined TRACON& Tower with Radar,0,4,14,0,18,0,0,0,0,0,0,4,14,0,18,6,0,6,24
10/15/2012,MKG,MI,AGL,CE,Combined TRACON& Tower with Radar,0,9,6,0,15,0,2,7,0,9,0,11,13,0,24,40,0,40,64
10/16/2012,MKG,MI,AGL,CE,Combined TRACON& Tower with Radar,0,6,24,0,30,0,0,43,0,43,0,6,67,0,73,66,0,66,139
10/17/2012,MKG,MI,AGL,CE,Combined TRACON& Tower with Radar,0,4,21,0,25,0,0,18,0,18,0,4,39,0,43,34,0,34,77
10/18/2012,MKG,MI,AGL,CE,Combined TRACON& Tower with Radar,0,4,15,0,19,0,0,3,4,7,0,4,18,4,26,4,0,4,30
10/19/2012,MKG,MI,AGL,CE,Combined TRACON& Tower with Radar,0,7,15,2,24,0,0,10,0,10,0,7,25,2,34,86,0,86,120
10/20/2012,MKG,MI,AGL,CE,Combined TRACON& Tower with Radar,0,10,12,0,22,0,1,11,0,12,0,11,23,0,34,0,0,0,34
10/21/2012,MKG,MI,AGL,CE,Combined TRACON& Tower with Radar,0,4,4,0,8,0,0,37,0,37,0,4,41,0,45,0,0,0,45
10/22/2012,MKG,MI,AGL,CE,Combined TRACON& Tower with Radar,0,5,13,0,18,0,0,19,0,19,0,5,32,0,37,48,0,48,85
10/23/2012,MKG,MI,AGL,CE,Combined TRACON& Tower with Radar,0,8,12,0,20,0,0,0,0,0,0,8,12,0,20,0,0,0,20
10/24/2012,MKG,MI,AGL,CE,Combined TRACON& Tower with Radar,0,8,22,0,30,0,0,24,0,24,0,8,46,0,54,26,0,26,80
10/25/2012,MKG,MI,AGL,CE,Combined TRACON& Tower with Radar,0,6,11,0,17,0,0,2,0,2,0,6,13,0,19,0,0,0,19
10/26/2012,MKG,MI,AGL,CE,Combined TRACON& Tower with Radar,0,7,14,0,21,0,0,26,0,26,0,7,40,0,47,98,0,98,145
10/27/2012,MKG,MI,AGL,CE,Combined TRACON& Tower with Radar,0,7,20,0,27,0,1,43,1,45,0,8,63,1,72,36,0,36,108
10/28/2012,MKG,MI,AGL,CE,Combined TRACON& Tower with Radar,0,4,16,0,20,0,0,9,0,9,0,4,25,0,29,0,0,0,29
10/29/2012,MKG,MI,AGL,CE,Combined TRACON& Tower with Radar,0,4,3,0,7,0,0,16,0,16,0,4,19,0,23,0,0,0,23
10/30/2012,MKG,MI,AGL,CE,Combined TRACON& Tower with Radar,0,6,9,3,18,0,0,0,0,0,0,6,9,3,18,0,0,0,18
10/31/2012,MKG,MI,AGL,CE,Combined TRACON& Tower with Radar,0,9,6,0,15,0,0,3,0,3,0,9,9,0,18,2,0,2,20
11/01/2012,MKG,MI,AGL,CE,Combined TRACON& Tower with Radar,0,9,25,1,35,0,0,17,1,18,0,9,42,2,53,24,0,24,77
11/02/2012,MKG,MI,AGL,CE,Combined TRACON& Tower with Radar,0,6,14,0,20,0,0,18,0,18,0,6,32,0,38,0,0,0,38
11/03/2012,MKG,MI,AGL,CE,Combined TRACON& Tower with Radar,0,6,24,0,30,0,0,48,0,48,0,6,72,0,78,92,0,92,170
11/04/2012,MKG,MI,AGL,CE,Combined TRACON& Tower with Radar,0,4,15,0,19,0,0,35,0,35,0,4,50,0,54,60,0,60,114
11/05/2012,MKG,MI,AGL,CE,Combined TRACON& Tower with Radar,0,4,23,0,27,0,0,29,0,29,0,4,52,0,56,20,0,20,76
11/06/2012,MKG,MI,AGL,CE,Combined TRACON& Tower with Radar,0,6,31,0,37,0,0,26,0,26,0,6,57,0,63,72,0,72,135
11/07/2012,MKG,MI,AGL,CE,Combined TRACON& Tower with Radar,0,6,15,0,21,0,0,36,0,36,0,6,51,0,57,18,0,18,75
11/08/2012,MKG,MI,AGL,CE,Combined TRACON& Tower with Radar,0,6,16,0,22,0,0,8,0,8,0,6,24,0,30,10,0,10,40
11/09/2012,MKG,MI,AGL,CE,Combined TRACON& Tower with Radar,0,10,28,0,38,0,0,33,0,33,0,10,61,0,71,72,0,72,143
11/10/2012,MKG,MI,AGL,CE,Combined TRACON& Tower with Radar,0,6,17,0,23,0,0,50,0,50,0,6,67,0,73,142,0,142,215
11/11/2012,MKG,MI,AGL,CE,Combined TRACON& Tower with Radar,0,4,13,0,17,0,0,8,0,8,0,4,21,0,25,6,0,6,31
11/12/2012,MKG,MI,AGL,CE,Combined TRACON& Tower with Radar,0,4,14,0,18,0,0,6,0,6,0,4,20,0,24,4,0,4,28
11/13/2012,MKG,MI,AGL,CE,Combined TRACON& Tower with Radar,0,6,22,1,29,0,0,60,1,61,0,6,82,2,90,66,0,66,156
11/14/2012,MKG,MI,AGL,CE,Combined TRACON& Tower with Radar,0,6,21,0,27,0,0,40,0,40,0,6,61,0,67,96,0,96,163
11/15/2012,MKG,MI,AGL,CE,Combined TRACON& Tower with Radar,0,6,37,0,43,0,0,22,0,22,0,6,59,0,65,56,0,56,121
11/16/2012,MKG,MI,AGL,CE,Combined TRACON& Tower with Radar,2,6,21,0,29,0,0,32,0,32,2,6,53,0,61,30,0,30,91
11/17/2012,MKG,MI,AGL,CE,Combined TRACON& Tower with Radar,0,5,12,0,17,0,0,23,0,23,0,5,35,0,40,74,0,74,114
11/18/2012,MKG,MI,AGL,CE,Combined TRACON& Tower with Radar,0,4,11,0,15,0,0,29,0,29,0,4,40,0,44,38,0,38,82
11/19/2012,MKG,MI,AGL,CE,Combined TRACON& Tower with Radar,0,4,10,0,14,0,0,20,0,20,0,4,30,0,34,0,0,0,34
11/20/2012,MKG,MI,AGL,CE,Combined TRACON& Tower with Radar,0,9,25,2,36,0,0,10,0,10,0,9,35,2,46,30,0,30,76
11/21/2012,MKG,MI,AGL,CE,Combined TRACON& Tower with Radar,0,5,9,0,14,0,0,2,0,2,0,5,11,0,16,0,0,0,16
11/22/2012,MKG,MI,AGL,CE,Combined TRACON& Tower with Radar,0,3,0,0,3,0,1,0,0,1,0,4,0,0,4,0,0,0,4
11/23/2012,MKG,MI,AGL,CE,Combined TRACON& Tower with Radar,0,4,3,0,7,0,0,0,0,0,0,4,3,0,7,0,0,0,7
11/24/2012,MKG,MI,AGL,CE,Combined TRACON& Tower with Radar,0,7,8,0,15,0,0,16,0,16,0,7,24,0,31,20,0,20,51
11/25/2012,MKG,MI,AGL,CE,Combined TRACON& Tower with Radar,0,6,22,0,28,0,0,7,0,7,0,6,29,0,35,6,0,6,41
11/26/2012,MKG,MI,AGL,CE,Combined TRACON& Tower with Radar,0,5,8,0,13,0,1,26,0,27,0,6,34,0,40,60,0,60,100
11/27/2012,MKG,MI,AGL,CE,Combined TRACON& Tower with Radar,0,8,27,1,36,0,0,20,1,21,0,8,47,2,57,12,0,12,69
11/28/2012,MKG,MI,AGL,CE,Combined TRACON& Tower with Radar,0,6,19,0,25,0,0,20,0,20,0,6,39,0,45,26,0,26,71
11/29/2012,MKG,MI,AGL,CE,Combined TRACON& Tower with Radar,0,8,16,0,24,0,0,40,0,40,0,8,56,0,64,24,0,24,88
11/30/2012,MKG,MI,AGL,CE,Combined TRACON& Tower with Radar,0,8,12,0,20,0,0,5,0,5,0,8,17,0,25,14,0,14,39
12/01/2012,MKG,MI,AGL,CE,Combined TRACON& Tower with Radar,0,8,17,10,35,0,0,2,0,2,0,8,19,10,37,0,0,0,37
12/02/2012,MKG,MI,AGL,CE,Combined TRACON& Tower with Radar,0,7,15,0,22,0,0,5,0,5,0,7,20,0,27,22,0,22,49
12/03/2012,MKG,MI,AGL,CE,Combined TRACON& Tower with Radar,0,4,4,0,8,0,0,1,0,1,0,4,5,0,9,0,0,0,9
12/04/2012,MKG,MI,AGL,CE,Combined TRACON& Tower with Radar,0,8,11,0,19,0,1,48,0,49,0,9,59,0,68,44,0,44,112
12/05/2012,MKG,MI,AGL,CE,Combined TRACON& Tower with Radar,0,6,25,1,32,0,0,45,2,47,0,6,70,3,79,54,4,58,137
12/06/2012,MKG,MI,AGL,CE,Combined TRACON& Tower with Radar,0,6,18,0,24,0,0,27,0,27,0,6,45,0,51,24,0,24,75
12/07/2012,MKG,MI,AGL,CE,Combined TRACON& Tower with Radar,0,6,21,0,27,0,0,12,0,12,0,6,33,0,39,50,0,50,89
12/08/2012,MKG,MI,AGL,CE,Combined TRACON& Tower with Radar,0,6,4,0,10,0,0,7,0,7,0,6,11,0,17,24,0,24,41
12/09/2012,MKG,MI,AGL,CE,Combined TRACON& Tower with Radar,0,4,5,0,9,0,0,0,0,0,0,4,5,0,9,0,0,0,9
12/10/2012,MKG,MI,AGL,CE,Combined TRACON& Tower with Radar,0,4,7,0,11,0,0,7,0,7,0,4,14,0,18,50,0,50,68
12/11/2012,MKG,MI,AGL,CE,Combined TRACON& Tower with Radar,0,6,21,0,27,0,0,12,0,12,0,6,33,0,39,10,0,10,49
12/12/2012,MKG,MI,AGL,CE,Combined TRACON& Tower with Radar,0,6,28,3,37,0,0,41,1,42,0,6,69,4,79,98,0,98,177
12/13/2012,MKG,MI,AGL,CE,Combined TRACON& Tower with Radar,0,6,13,1,20,0,0,9,1,10,0,6,22,2,30,0,0,0,30
12/14/2012,MKG,MI,AGL,CE,Combined TRACON& Tower with Radar,0,8,22,0,30,0,0,48,0,48,0,8,70,0,78,66,0,66,144
12/15/2012,MKG,MI,AGL,CE,Combined TRACON& Tower with Radar,0,7,5,0,12,0,0,2,0,2,0,7,7,0,14,0,0,0,14
12/16/2012,MKG,MI,AGL,CE,Combined TRACON& Tower with Radar,0,4,15,0,19,0,0,0,0,0,0,4,15,0,19,0,0,0,19
12/17/2012,MKG,MI,AGL,CE,Combined TRACON& Tower with Radar,0,9,4,0,13,0,0,11,0,11,0,9,15,0,24,58,0,58,82
12/18/2012,MKG,MI,AGL,CE,Combined TRACON& Tower with Radar,0,8,27,0,35,0,0,8,0,8,0,8,35,0,43,10,0,10,53
12/19/2012,MKG,MI,AGL,CE,Combined TRACON& Tower with Radar,0,6,30,0,36,0,0,6,0,6,0,6,36,0,42,98,0,98,140
12/20/2012,MKG,MI,AGL,CE,Combined TRACON& Tower with Radar,0,8,7,0,15,0,0,0,0,0,0,8,7,0,15,0,0,0,15
12/21/2012,MKG,MI,AGL,CE,Combined TRACON& Tower with Radar,0,7,3,0,10,0,0,0,0,0,0,7,3,0,10,0,0,0,10
12/22/2012,MKG,MI,AGL,CE,Combined TRACON& Tower with Radar,0,5,10,0,15,0,0,15,0,15,0,5,25,0,30,30,0,30,60
12/23/2012,MKG,MI,AGL,CE,Combined TRACON& Tower with Radar,0,7,10,0,17,0,0,20,0,20,0,7,30,0,37,34,0,34,71
12/24/2012,MKG,MI,AGL,CE,Combined TRACON& Tower with Radar,0,5,12,0,17,0,0,17,0,17,0,5,29,0,34,8,0,8,42
12/25/2012,MKG,MI,AGL,CE,Combined TRACON& Tower with Radar,0,4,0,0,4,0,1,12,0,13,0,5,12,0,17,52,0,52,69
12/26/2012,MKG,MI,AGL,CE,Combined TRACON& Tower with Radar,0,6,5,0,11,0,0,7,0,7,0,6,12,0,18,16,0,16,34
12/27/2012,MKG,MI,AGL,CE,Combined TRACON& Tower with Radar,0,6,19,0,25,0,0,42,0,42,0,6,61,0,67,68,0,68,135
12/28/2012,MKG,MI,AGL,CE,Combined TRACON& Tower with Radar,0,7,26,0,33,0,0,5,0,5,0,7,31,0,38,10,0,10,48
12/29/2012,MKG,MI,AGL,CE,Combined TRACON& Tower with Radar,0,9,4,0,13,0,0,4,0,4,0,9,8,0,17,6,0,6,23
12/30/2012,MKG,MI,AGL,CE,Combined TRACON& Tower with Radar,0,4,15,0,19,0,0,0,0,0,0,4,15,0,19,0,0,0,19
12/31/2012,MKG,MI,AGL,CE,Combined TRACON& Tower with Radar,0,4,6,0,10,0,0,4,0,4,0,4,10,0,14,24,0,24,38
01/01/2013,MKG,MI,AGL,CE,Combined TRACON& Tower with Radar,0,4,20,0,24,0,0,16,0,16,0,4,36,0,40,10,0,10,50
01/02/2013,MKG,MI,AGL,CE,Combined TRACON& Tower with Radar,0,4,10,0,14,0,0,0,0,0,0,4,10,0,14,10,0,10,24
01/03/2013,MKG,MI,AGL,CE,Combined TRACON& Tower with Radar,0,6,4,0,10,0,0,0,0,0,0,6,4,0,10,26,0,26,36
01/04/2013,MKG,MI,AGL,CE,Combined TRACON& Tower with Radar,0,6,10,0,16,0,0,11,0,11,0,6,21,0,27,18,0,18,45
01/05/2013,MKG,MI,AGL,CE,Combined TRACON& Tower with Radar,0,8,11,0,19,0,0,11,0,11,0,8,22,0,30,14,0,14,44
01/06/2013,MKG,MI,AGL,CE,Combined TRACON& Tower with Radar,0,4,4,0,8,0,0,2,0,2,0,4,6,0,10,0,0,0,10
01/07/2013,MKG,MI,AGL,CE,Combined TRACON& Tower with Radar,0,4,7,0,11,0,0,14,0,14,0,4,21,0,25,4,0,4,29
01/08/2013,MKG,MI,AGL,CE,Combined TRACON& Tower with Radar,0,9,30,0,39,0,1,21,0,22,0,10,51,0,61,46,0,46,107
01/09/2013,MKG,MI,AGL,CE,Combined TRACON& Tower with Radar,0,8,16,4,28,0,0,8,0,8,0,8,24,4,36,0,0,0,36
01/10/2013,MKG,MI,AGL,CE,Combined TRACON& Tower with Radar,2,6,28,1,37,0,0,27,1,28,2,6,55,2,65,48,0,48,113
01/11/2013,MKG,MI,AGL,CE,Combined TRACON& Tower with Radar,0,7,9,0,16,0,0,0,0,0,0,7,9,0,16,4,0,4,20
01/12/2013,MKG,MI,AGL,CE,Combined TRACON& Tower with Radar,0,6,10,0,16,0,0,22,0,22,0,6,32,0,38,14,0,14,52
01/13/2013,MKG,MI,AGL,CE,Combined TRACON& Tower with Radar,0,5,4,0,9,0,0,0,0,0,0,5,4,0,9,0,0,0,9
01/14/2013,MKG,MI,AGL,CE,Combined TRACON& Tower with Radar,0,9,24,0,33,0,0,18,0,18,0,9,42,0,51,28,0,28,79
01/15/2013,MKG,MI,AGL,CE,Combined TRACON& Tower with Radar,0,6,14,0,20,0,0,34,0,34,0,6,48,0,54,104,0,104,158
01/16/2013,MKG,MI,AGL,CE,Combined TRACON& Tower with Radar,0,5,9,0,14,0,0,5,1,6,0,5,14,1,20,0,0,0,20
01/17/2013,MKG,MI,AGL,CE,Combined TRACON& Tower with Radar,0,6,21,0,27,0,0,12,1,13,0,6,33,1,40,20,0,20,60
01/18/2013,MKG,MI,AGL,CE,Combined TRACON& Tower with Radar,0,6,9,0,15,0,0,3,0,3,0,6,12,0,18,0,0,0,18
01/19/2013,MKG,MI,AGL,CE,Combined TRACON& Tower with Radar,0,5,4,0,9,0,0,16,1,17,0,5,20,1,26,74,0,74,100
01/20/2013,MKG,MI,AGL,CE,Combined TRACON& Tower with Radar,0,4,5,0,9,0,0,0,0,0,0,4,5,0,9,0,0,0,9
01/21/2013,MKG,MI,AGL,CE,Combined TRACON& Tower with Radar,0,4,7,0,11,0,0,0,0,0,0,4,7,0,11,0,0,0,11
01/22/2013,MKG,MI,AGL,CE,Combined TRACON& Tower with Radar,0,7,13,0,20,0,0,0,0,0,0,7,13,0,20,0,0,0,20
01/23/2013,MKG,MI,AGL,CE,Combined TRACON& Tower with Radar,0,10,12,0,22,0,0,0,0,0,0,10,12,0,22,0,0,0,22
01/24/2013,MKG,MI,AGL,CE,Combined TRACON& Tower with Radar,0,9,21,0,30,0,0,56,0,56,0,9,77,0,86,122,0,122,208
01/25/2013,MKG,MI,AGL,CE,Combined TRACON& Tower with Radar,0,6,4,6,16,0,0,0,0,0,0,6,4,6,16,0,0,0,16
01/26/2013,MKG,MI,AGL,CE,Combined TRACON& Tower with Radar,0,7,7,0,14,0,0,18,0,18,0,7,25,0,32,50,0,50,82
01/27/2013,MKG,MI,AGL,CE,Combined TRACON& Tower with Radar,0,2,5,0,7,0,0,18,0,18,0,2,23,0,25,104,0,104,129
01/28/2013,MKG,MI,AGL,CE,Combined TRACON& Tower with Radar,0,4,7,0,11,0,0,0,0,0,0,4,7,0,11,0,0,0,11
01/29/2013,MKG,MI,AGL,CE,Combined TRACON& Tower with Radar,0,4,5,0,9,0,0,0,0,0,0,4,5,0,9,0,0,0,9
01/30/2013,MKG,MI,AGL,CE,Combined TRACON& Tower with Radar,0,10,14,0,24,0,0,0,0,0,0,10,14,0,24,0,0,0,24
01/31/2013,MKG,MI,AGL,CE,Combined TRACON& Tower with Radar,0,2,8,0,10,0,0,0,0,0,0,2,8,0,10,0,0,0,10
02/01/2013,MKG,MI,AGL,CE,Combined TRACON& Tower with Radar,0,4,46,0,50,0,0,0,0,0,0,4,46,0,50,0,0,0,50
02/02/2013,MKG,MI,AGL,CE,Combined TRACON& Tower with Radar,0,6,20,0,26,0,0,4,0,4,0,6,24,0,30,50,0,50,80
02/03/2013,MKG,MI,AGL,CE,Combined TRACON& Tower with Radar,0,6,10,0,16,0,0,0,0,0,0,6,10,0,16,0,0,0,16
02/04/2013,MKG,MI,AGL,CE,Combined TRACON& Tower with Radar,0,2,11,0,13,0,0,12,0,12,0,2,23,0,25,50,0,50,75
02/05/2013,MKG,MI,AGL,CE,Combined TRACON& Tower with Radar,0,6,8,0,14,0,0,0,0,0,0,6,8,0,14,0,0,0,14
02/06/2013,MKG,MI,AGL,CE,Combined TRACON& Tower with Radar,0,6,22,0,28,0,0,57,0,57,0,6,79,0,85,102,0,102,187
02/07/2013,MKG,MI,AGL,CE,Combined TRACON& Tower with Radar,0,2,4,0,6,0,0,0,0,0,0,2,4,0,6,0,0,0,6
02/08/2013,MKG,MI,AGL,CE,Combined TRACON& Tower with Radar,0,4,14,0,18,0,0,16,0,16,0,4,30,0,34,78,0,78,112
02/09/2013,MKG,MI,AGL,CE,Combined TRACON& Tower with Radar,0,11,14,1,26,0,3,58,5,66,0,14,72,6,92,78,0,78,170
02/10/2013,MKG,MI,AGL,CE,Combined TRACON& Tower with Radar,0,2,2,0,4,0,0,0,0,0,0,2,2,0,4,0,0,0,4
02/11/2013,MKG,MI,AGL,CE,Combined TRACON& Tower with Radar,2,4,6,0,12,0,0,0,0,0,2,4,6,0,12,0,0,0,12
02/12/2013,MKG,MI,AGL,CE,Combined TRACON& Tower with Radar,0,8,9,0,17,0,0,3,0,3,0,8,12,0,20,0,0,0,20
02/13/2013,MKG,MI,AGL,CE,Combined TRACON& Tower with Radar,0,6,21,0,27,0,0,9,0,9,0,6,30,0,36,16,0,16,52
02/14/2013,MKG,MI,AGL,CE,Combined TRACON& Tower with Radar,0,6,3,0,9,0,0,0,0,0,0,6,3,0,9,4,0,4,13
02/15/2013,MKG,MI,AGL,CE,Combined TRACON& Tower with Radar,0,6,9,3,18,0,0,9,1,10,0,6,18,4,28,16,0,16,44
02/16/2013,MKG,MI,AGL,CE,Combined TRACON& Tower with Radar,0,5,4,0,9,0,0,0,0,0,0,5,4,0,9,0,0,0,9
02/17/2013,MKG,MI,AGL,CE,Combined TRACON& Tower with Radar,0,4,12,0,16,0,0,20,0,20,0,4,32,0,36,92,0,92,128
02/18/2013,MKG,MI,AGL,CE,Combined TRACON& Tower with Radar,0,2,10,0,12,0,0,29,0,29,0,2,39,0,41,26,0,26,67
02/19/2013,MKG,MI,AGL,CE,Combined TRACON& Tower with Radar,0,2,2,0,4,0,0,0,0,0,0,2,2,0,4,0,0,0,4
02/20/2013,MKG,MI,AGL,CE,Combined TRACON& Tower with Radar,0,6,21,0,27,0,0,2,2,4,0,6,23,2,31,0,0,0,31
02/21/2013,MKG,MI,AGL,CE,Combined TRACON& Tower with Radar,0,6,9,0,15,0,0,34,0,34,0,6,43,0,49,104,0,104,153
02/22/2013,MKG,MI,AGL,CE,Combined TRACON& Tower with Radar,0,1,10,0,11,0,0,0,0,0,0,1,10,0,11,0,0,0,11
02/23/2013,MKG,MI,AGL,CE,Combined TRACON& Tower with Radar,0,7,11,0,18,0,0,4,0,4,0,7,15,0,22,0,0,0,22
02/24/2013,MKG,MI,AGL,CE,Combined TRACON& Tower with Radar,0,8,14,0,22,0,1,36,0,37,0,9,50,0,59,38,0,38,97
02/25/2013,MKG,MI,AGL,CE,Combined TRACON& Tower with Radar,0,6,16,0,22,0,0,44,0,44,0,6,60,0,66,47,0,47,113
02/26/2013,MKG,MI,AGL,CE,Combined TRACON& Tower with Radar,0,4,5,0,9,0,0,2,0,2,0,4,7,0,11,0,0,0,11
02/27/2013,MKG,MI,AGL,CE,Combined TRACON& Tower with Radar,0,3,1,0,4,0,0,0,0,0,0,3,1,0,4,0,0,0,4
02/28/2013,MKG,MI,AGL,CE,Combined TRACON& Tower with Radar,0,6,21,0,27,0,0,2,0,2,0,6,23,0,29,0,0,0,29
03/01/2013,MKG,MI,AGL,CE,Combined TRACON& Tower with Radar,0,6,14,0,20,0,0,34,0,34,0,6,48,0,54,30,0,30,84
03/02/2013,MKG,MI,AGL,CE,Combined TRACON& Tower with Radar,0,6,25,0,31,0,0,42,0,42,0,6,67,0,73,166,0,166,239
03/03/2013,MKG,MI,AGL,CE,Combined TRACON& Tower with Radar,0,5,9,0,14,0,1,20,0,21,0,6,29,0,35,0,0,0,35
03/04/2013,MKG,MI,AGL,CE,Combined TRACON& Tower with Radar,0,6,25,0,31,0,0,25,0,25,0,6,50,0,56,62,0,62,118
03/05/2013,MKG,MI,AGL,CE,Combined TRACON& Tower with Radar,0,2,15,0,17,0,0,11,0,11,0,2,26,0,28,0,0,0,28
03/06/2013,MKG,MI,AGL,CE,Combined TRACON& Tower with Radar,0,4,27,1,32,0,3,7,1,11,0,7,34,2,43,36,0,36,79
03/07/2013,MKG,MI,AGL,CE,Combined TRACON& Tower with Radar,0,6,18,1,25,0,0,36,2,38,0,6,54,3,63,70,2,72,135
03/08/2013,MKG,MI,AGL,CE,Combined TRACON& Tower with Radar,0,6,7,0,13,0,0,54,0,54,0,6,61,0,67,48,0,48,115
03/09/2013,MKG,MI,AGL,CE,Combined TRACON& Tower with Radar,0,6,11,0,17,0,0,35,0,35,0,6,46,0,52,34,0,34,86
03/10/2013,MKG,MI,AGL,CE,Combined TRACON& Tower with Radar,0,2,6,0,8,0,0,1,0,1,0,2,7,0,9,0,0,0,9
03/11/2013,MKG,MI,AGL,CE,Combined TRACON& Tower with Radar,0,4,18,0,22,0,0,0,0,0,0,4,18,0,22,0,0,0,22
03/12/2013,MKG,MI,AGL,CE,Combined TRACON& Tower with Radar,0,6,21,0,27,0,0,4,0,4,0,6,25,0,31,2,0,2,33
03/13/2013,MKG,MI,AGL,CE,Combined TRACON& Tower with Radar,0,8,14,0,22,0,2,23,0,25,0,10,37,0,47,30,0,30,77
03/14/2013,MKG,MI,AGL,CE,Combined TRACON& Tower with Radar,2,6,30,0,38,0,0,82,0,82,2,6,112,0,120,96,16,112,232
03/15/2013,MKG,MI,AGL,CE,Combined TRACON& Tower with Radar,0,8,32,0,40,0,0,2,0,2,0,8,34,0,42,14,0,14,56
03/16/2013,MKG,MI,AGL,CE,Combined TRACON& Tower with Radar,0,6,8,0,14,0,0,3,0,3,0,6,11,0,17,0,0,0,17
03/17/2013,MKG,MI,AGL,CE,Combined TRACON& Tower with Radar,0,4,22,0,26,0,0,36,0,36,0,4,58,0,62,44,0,44,106
03/18/2013,MKG,MI,AGL,CE,Combined TRACON& Tower with Radar,0,4,12,0,16,0,0,2,0,2,0,4,14,0,18,0,0,0,18
03/19/2013,MKG,MI,AGL,CE,Combined TRACON& Tower with Radar,0,6,10,0,16,0,0,1,0,1,0,6,11,0,17,4,0,4,21
03/20/2013,MKG,MI,AGL,CE,Combined TRACON& Tower with Radar,0,6,8,0,14,0,0,0,0,0,0,6,8,0,14,0,0,0,14
03/21/2013,MKG,MI,AGL,CE,Combined TRACON& Tower with Radar,0,8,12,4,24,0,0,2,0,2,0,8,14,4,26,0,0,0,26
03/22/2013,MKG,MI,AGL,CE,Combined TRACON& Tower with Radar,0,7,43,0,50,0,0,44,0,44,0,7,87,0,94,48,0,48,142
03/23/2013,MKG,MI,AGL,CE,Combined TRACON& Tower with Radar,0,6,28,0,34,0,0,11,0,11,0,6,39,0,45,24,0,24,69
03/24/2013,MKG,MI,AGL,CE,Combined TRACON& Tower with Radar,0,4,3,0,7,0,0,7,0,7,0,4,10,0,14,8,0,8,22
03/25/2013,MKG,MI,AGL,CE,Combined TRACON& Tower with Radar,0,4,14,0,18,0,0,15,0,15,0,4,29,0,33,44,0,44,77
03/26/2013,MKG,MI,AGL,CE,Combined TRACON& Tower with Radar,0,8,22,0,30,0,1,4,2,7,0,9,26,2,37,18,2,20,57
03/27/2013,MKG,MI,AGL,CE,Combined TRACON& Tower with Radar,0,5,22,0,27,0,0,48,0,48,0,5,70,0,75,18,0,18,93
03/28/2013,MKG,MI,AGL,CE,Combined TRACON& Tower with Radar,0,10,31,1,42,0,0,73,1,74,0,10,104,2,116,94,0,94,210
03/29/2013,MKG,MI,AGL,CE,Combined TRACON& Tower with Radar,0,8,7,0,15,0,0,55,0,55,0,8,62,0,70,52,0,52,122
03/30/2013,MKG,MI,AGL,CE,Combined TRACON& Tower with Radar,0,4,22,0,26,0,0,51,0,51,0,4,73,0,77,36,0,36,113
03/31/2013,MKG,MI,AGL,CE,Combined TRACON& Tower with Radar,0,4,5,0,9,0,0,0,0,0,0,4,5,0,9,0,0,0,9
04/01/2013,MKG,MI,AGL,CE,Combined TRACON& Tower with Radar,0,4,10,0,14,0,0,6,0,6,0,4,16,0,20,22,0,22,42
04/02/2013,MKG,MI,AGL,CE,Combined TRACON& Tower with Radar,0,12,13,0,25,0,0,25,0,25,0,12,38,0,50,46,0,46,96
04/03/2013,MKG,MI,AGL,CE,Combined TRACON& Tower with Radar,0,7,16,0,23,0,0,40,0,40,0,7,56,0,63,60,0,60,123
04/04/2013,MKG,MI,AGL,CE,Combined TRACON& Tower with Radar,0,6,10,0,16,0,0,18,0,18,0,6,28,0,34,8,0,8,42
04/05/2013,MKG,MI,AGL,CE,Combined TRACON& Tower with Radar,0,7,13,0,20,0,0,53,0,53,0,7,66,0,73,68,0,68,141
04/06/2013,MKG,MI,AGL,CE,Combined TRACON& Tower with Radar,0,6,7,0,13,0,0,8,0,8,0,6,15,0,21,8,0,8,29
04/07/2013,MKG,MI,AGL,CE,Combined TRACON& Tower with Radar,0,6,13,0,19,0,0,13,0,13,0,6,26,0,32,58,0,58,90
04/08/2013,MKG,MI,AGL,CE,Combined TRACON& Tower with Radar,0,4,14,0,18,0,0,0,0,0,0,4,14,0,18,0,0,0,18
04/09/2013,MKG,MI,AGL,CE,Combined TRACON& Tower with Radar,2,0,9,0,11,0,0,0,0,0,2,0,9,0,11,0,0,0,11
04/10/2013,MKG,MI,AGL,CE,Combined TRACON& Tower with Radar,0,4,8,0,12,0,0,2,0,2,0,4,10,0,14,8,0,8,22
04/11/2013,MKG,MI,AGL,CE,Combined TRACON& Tower with Radar,0,8,5,0,13,0,0,0,0,0,0,8,5,0,13,0,0,0,13
04/12/2013,MKG,MI,AGL,CE,Combined TRACON& Tower with Radar,2,7,13,0,22,0,0,0,0,0,2,7,13,0,22,0,0,0,22
04/13/2013,MKG,MI,AGL,CE,Combined TRACON& Tower with Radar,0,10,7,0,17,0,0,1,0,1,0,10,8,0,18,0,0,0,18
04/14/2013,MKG,MI,AGL,CE,Combined TRACON& Tower with Radar,0,7,4,0,11,0,0,5,0,5,0,7,9,0,16,20,0,20,36
04/15/2013,MKG,MI,AGL,CE,Combined TRACON& Tower with Radar,0,6,8,0,14,0,0,2,0,2,0,6,10,0,16,0,0,0,16
04/16/2013,MKG,MI,AGL,CE,Combined TRACON& Tower with Radar,0,6,31,0,37,0,0,41,3,44,0,6,72,3,81,56,0,56,137
04/17/2013,MKG,MI,AGL,CE,Combined TRACON& Tower with Radar,0,4,10,0,14,0,0,5,0,5,0,4,15,0,19,0,0,0,19
04/18/2013,MKG,MI,AGL,CE,Combined TRACON& Tower with Radar,0,2,6,0,8,0,0,0,0,0,0,2,6,0,8,0,0,0,8
04/19/2013,MKG,MI,AGL,CE,Combined TRACON& Tower with Radar,0,6,6,0,12,0,0,0,2,2,0,6,6,2,14,0,0,0,14
04/20/2013,MKG,MI,AGL,CE,Combined TRACON& Tower with Radar,0,8,3,0,11,0,0,19,0,19,0,8,22,0,30,14,0,14,44
04/21/2013,MKG,MI,AGL,CE,Combined TRACON& Tower with Radar,0,4,9,4,17,0,0,48,0,48,0,4,57,4,65,54,0,54,119
04/22/2013,MKG,MI,AGL,CE,Combined TRACON& Tower with Radar,0,4,27,0,31,0,0,79,0,79,0,4,106,0,110,82,0,82,192
04/23/2013,MKG,MI,AGL,CE,Combined TRACON& Tower with Radar,0,6,9,0,15,0,0,4,0,4,0,6,13,0,19,4,0,4,23
04/24/2013,MKG,MI,AGL,CE,Combined TRACON& Tower with Radar,0,11,31,0,42,0,0,28,4,32,0,11,59,4,74,72,0,72,146
04/25/2013,MKG,MI,AGL,CE,Combined TRACON& Tower with Radar,0,4,19,0,23,0,0,19,0,19,0,4,38,0,42,50,0,50,92
04/26/2013,MKG,MI,AGL,CE,Combined TRACON& Tower with Radar,0,6,15,0,21,0,0,48,2,50,0,6,63,2,71,44,0,44,115
04/27/2013,MKG,MI,AGL,CE,Combined TRACON& Tower with Radar,0,6,20,0,26,0,0,84,0,84,0,6,104,0,110,112,0,112,222
04/28/2013,MKG,MI,AGL,CE,Combined TRACON& Tower with Radar,0,4,12,0,16,0,0,32,0,32,0,4,44,0,48,62,0,62,110
04/29/2013,MKG,MI,AGL,CE,Combined TRACON& Tower with Radar,0,4,15,0,19,0,0,40,0,40,0,4,55,0,59,32,0,32,91
04/30/2013,MKG,MI,AGL,CE,Combined TRACON& Tower with Radar,0,6,9,0,15,0,0,19,2,21,0,6,28,2,36,42,0,42,78
05/01/2013,MKG,MI,AGL,CE,Combined TRACON& Tower with Radar,0,7,19,0,26,0,0,36,0,36,0,7,55,0,62,32,0,32,94
05/02/2013,MKG,MI,AGL,CE,Combined TRACON& Tower with Radar,0,6,15,0,21,0,0,52,0,52,0,6,67,0,73,80,0,80,153
05/03/2013,MKG,MI,AGL,CE,Combined TRACON& Tower with Radar,0,2,13,0,15,0,0,26,0,26,0,2,39,0,41,14,0,14,55
05/04/2013,MKG,MI,AGL,CE,Combined TRACON& Tower with Radar,0,6,4,0,10,0,0,27,0,27,0,6,31,0,37,0,0,0,37
05/05/2013,MKG,MI,AGL,CE,Combined TRACON& Tower with Radar,0,5,17,0,22,0,0,20,0,20,0,5,37,0,42,14,0,14,56
05/06/2013,MKG,MI,AGL,CE,Combined TRACON& Tower with Radar,0,4,14,0,18,0,0,55,7,62,0,4,69,7,80,138,0,138,218
05/07/2013,MKG,MI,AGL,CE,Combined TRACON& Tower with Radar,0,7,12,0,19,0,3,45,1,49,0,10,57,1,68,62,0,62,130
05/08/2013,MKG,MI,AGL,CE,Combined TRACON& Tower with Radar,0,9,21,0,30,0,0,70,0,70,0,9,91,0,100,66,0,66,166
05/09/2013,MKG,MI,AGL,CE,Combined TRACON& Tower with Radar,0,12,22,0,34,0,1,32,0,33,0,13,54,0,67,68,0,68,135
05/10/2013,MKG,MI,AGL,CE,Combined TRACON& Tower with Radar,0,8,10,0,18,0,0,0,0,0,0,8,10,0,18,0,0,0,18
05/11/2013,MKG,MI,AGL,CE,Combined TRACON& Tower with Radar,0,8,10,0,18,0,0,3,0,3,0,8,13,0,21,26,0,26,47
05/12/2013,MKG,MI,AGL,CE,Combined TRACON& Tower with Radar,0,4,8,0,12,0,0,4,0,4,0,4,12,0,16,0,0,0,16
05/13/2013,MKG,MI,AGL,CE,Combined TRACON& Tower with Radar,0,5,20,0,25,0,0,38,0,38,0,5,58,0,63,72,0,72,135
05/14/2013,MKG,MI,AGL,CE,Combined TRACON& Tower with Radar,0,7,5,0,12,0,0,12,0,12,0,7,17,0,24,4,0,4,28
05/15/2013,MKG,MI,AGL,CE,Combined TRACON& Tower with Radar,0,6,17,0,23,0,0,52,0,52,0,6,69,0,75,78,0,78,153
05/16/2013,MKG,MI,AGL,CE,Combined TRACON& Tower with Radar,0,7,26,0,33,0,1,46,0,47,0,8,72,0,80,59,0,59,139
05/17/2013,MKG,MI,AGL,CE,Combined TRACON& Tower with Radar,2,6,7,0,15,0,0,16,0,16,2,6,23,0,31,42,0,42,73
05/18/2013,MKG,MI,AGL,CE,Combined TRACON& Tower with Radar,0,6,15,0,21,0,0,43,0,43,0,6,58,0,64,52,0,52,116
05/19/2013,MKG,MI,AGL,CE,Combined TRACON& Tower with Radar,0,5,6,0,11,0,0,32,1,33,0,5,38,1,44,66,0,66,110
05/20/2013,MKG,MI,AGL,CE,Combined TRACON& Tower with Radar,2,6,8,0,16,0,0,15,0,15,2,6,23,0,31,42,0,42,73
05/21/2013,MKG,MI,AGL,CE,Combined TRACON& Tower with Radar,0,6,14,0,20,0,0,14,0,14,0,6,28,0,34,2,0,2,36
05/22/2013,MKG,MI,AGL,CE,Combined TRACON& Tower with Radar,0,4,11,0,15,0,0,0,0,0,0,4,11,0,15,0,0,0,15
05/23/2013,MKG,MI,AGL,CE,Combined TRACON& Tower with Radar,0,6,20,0,26,0,0,7,0,7,0,6,27,0,33,52,0,52,85
05/24/2013,MKG,MI,AGL,CE,Combined TRACON& Tower with Radar,0,8,23,1,32,0,0,41,4,45,0,8,64,5,77,42,2,44,121
05/25/2013,MKG,MI,AGL,CE,Combined TRACON& Tower with Radar,0,7,15,0,22,0,2,64,4,70,0,9,79,4,92,40,0,40,132
05/26/2013,MKG,MI,AGL,CE,Combined TRACON& Tower with Radar,0,5,14,0,19,0,0,47,2,49,0,5,61,2,68,60,0,60,128
05/27/2013,MKG,MI,AGL,CE,Combined TRACON& Tower with Radar,0,6,13,1,20,0,0,24,1,25,0,6,37,2,45,16,0,16,61
05/28/2013,MKG,MI,AGL,CE,Combined TRACON& Tower with Radar,0,2,7,1,10,0,1,4,1,6,0,3,11,2,16,0,0,0,16
05/29/2013,MKG,MI,AGL,CE,Combined TRACON& Tower with Radar,0,6,15,0,21,0,0,3,2,5,0,6,18,2,26,6,0,6,32
05/30/2013,MKG,MI,AGL,CE,Combined TRACON& Tower with Radar,0,6,12,0,18,0,0,22,1,23,0,6,34,1,41,22,0,22,63
05/31/2013,MKG,MI,AGL,CE,Combined TRACON& Tower with Radar,0,5,6,0,11,0,0,5,4,9,0,5,11,4,20,0,0,0,20
06/01/2013,MKG,MI,AGL,CE,Combined TRACON& Tower with Radar,0,8,5,0,13,0,0,186,5,191,0,8,191,5,204,144,4,148,352
06/02/2013,MKG,MI,AGL,CE,Combined TRACON& Tower with Radar,0,5,19,2,26,0,0,6,0,6,0,5,25,2,32,22,0,22,54
06/03/2013,MKG,MI,AGL,CE,Combined TRACON& Tower with Radar,0,4,32,3,39,0,0,83,3,86,0,4,115,6,125,184,0,184,309
06/04/2013,MKG,MI,AGL,CE,Combined TRACON& Tower with Radar,0,6,36,0,42,0,0,62,3,65,0,6,98,3,107,56,0,56,163
06/05/2013,MKG,MI,AGL,CE,Combined TRACON& Tower with Radar,0,6,24,0,30,0,0,29,2,31,0,6,53,2,61,70,0,70,131
06/06/2013,MKG,MI,AGL,CE,Combined TRACON& Tower with Radar,0,6,31,0,37,0,1,34,1,36,0,7,65,1,73,26,8,34,107
06/07/2013,MKG,MI,AGL,CE,Combined TRACON& Tower with Radar,0,6,16,0,22,0,0,40,4,44,0,6,56,4,66,6,6,12,78
06/08/2013,MKG,MI,AGL,CE,Combined TRACON& Tower with Radar,0,6,13,3,22,0,0,35,9,44,0,6,48,12,66,52,34,86,152
06/09/2013,MKG,MI,AGL,CE,Combined TRACON& Tower with Radar,0,4,9,0,13,0,0,16,6,22,0,4,25,6,35,12,30,42,77
06/10/2013,MKG,MI,AGL,CE,Combined TRACON& Tower with Radar,0,4,3,1,8,0,0,9,3,12,0,4,12,4,20,26,0,26,46
06/11/2013,MKG,MI,AGL,CE,Combined TRACON& Tower with Radar,0,4,24,0,28,0,0,40,2,42,0,4,64,2,70,26,0,26,96
06/12/2013,MKG,MI,AGL,CE,Combined TRACON& Tower with Radar,0,4,17,0,21,0,0,21,0,21,0,4,38,0,42,32,0,32,74
06/13/2013,MKG,MI,AGL,CE,Combined TRACON& Tower with Radar,0,8,31,2,41,0,0,31,2,33,0,8,62,4,74,76,0,76,150
06/14/2013,MKG,MI,AGL,CE,Combined TRACON& Tower with Radar,0,10,11,0,21,0,0,54,2,56,0,10,65,2,77,138,0,138,215
06/15/2013,MKG,MI,AGL,CE,Combined TRACON& Tower with Radar,0,7,10,0,17,0,0,45,0,45,0,7,55,0,62,88,0,88,150
06/16/2013,MKG,MI,AGL,CE,Combined TRACON& Tower with Radar,0,7,16,0,23,0,0,12,4,16,0,7,28,4,39,20,0,20,59
06/17/2013,MKG,MI,AGL,CE,Combined TRACON& Tower with Radar,0,7,13,0,20,0,2,59,6,67,0,9,72,6,87,130,0,130,217
06/18/2013,MKG,MI,AGL,CE,Combined TRACON& Tower with Radar,0,6,18,0,24,0,0,41,1,42,0,6,59,1,66,106,0,106,172
06/19/2013,MKG,MI,AGL,CE,Combined TRACON& Tower with Radar,0,8,29,0,37,0,1,57,1,59,0,9,86,1,96,44,0,44,140
06/20/2013,MKG,MI,AGL,CE,Combined TRACON& Tower with Radar,0,12,19,1,32,0,0,43,1,44,0,12,62,2,76,26,2,28,104
06/21/2013,MKG,MI,AGL,CE,Combined TRACON& Tower with Radar,0,9,12,3,24,0,0,32,6,38,0,9,44,9,62,40,0,40,102
06/22/2013,MKG,MI,AGL,CE,Combined TRACON& Tower with Radar,0,7,13,3,23,0,1,22,2,25,0,8,35,5,48,38,12,50,98
06/23/2013,MKG,MI,AGL,CE,Combined TRACON& Tower with Radar,0,11,8,3,22,0,0,20,3,23,0,11,28,6,45,16,0,16,61
06/24/2013,MKG,MI,AGL,CE,Combined TRACON& Tower with Radar,0,6,11,4,21,0,0,26,3,29,0,6,37,7,50,44,0,44,94
06/25/2013,MKG,MI,AGL,CE,Combined TRACON& Tower with Radar,0,4,10,0,14,0,0,17,2,19,0,4,27,2,33,16,20,36,69
06/26/2013,MKG,MI,AGL,CE,Combined TRACON& Tower with Radar,0,6,12,0,18,0,0,45,3,48,0,6,57,3,66,72,0,72,138
06/27/2013,MKG,MI,AGL,CE,Combined TRACON& Tower with Radar,0,6,28,1,35,0,1,33,1,35,0,7,61,2,70,56,0,56,126
06/28/2013,MKG,MI,AGL,CE,Combined TRACON& Tower with Radar,10,7,18,2,37,3,0,33,4,40,13,7,51,6,77,42,0,42,119
06/29/2013,MKG,MI,AGL,CE,Combined TRACON& Tower with Radar,0,7,7,0,14,0,0,18,0,18,0,7,25,0,32,50,0,50,82
06/30/2013,MKG,MI,AGL,CE,Combined TRACON& Tower with Radar,0,9,9,0,18,0,1,30,12,43,0,10,39,12,61,64,0,64,125
07/01/2013,MKG,MI,AGL,CE,Combined TRACON& Tower with Radar,0,6,17,1,24,0,0,28,2,30,0,6,45,3,54,10,0,10,64
07/02/2013,MKG,MI,AGL,CE,Combined TRACON& Tower with Radar,0,8,34,0,42,0,0,24,2,26,0,8,58,2,68,52,0,52,120
07/03/2013,MKG,MI,AGL,CE,Combined TRACON& Tower with Radar,0,9,45,1,55,0,0,10,3,13,0,9,55,4,68,40,10,50,118
07/04/2013,MKG,MI,AGL,CE,Combined TRACON& Tower with Radar,0,4,16,0,20,0,0,37,0,37,0,4,53,0,57,34,0,34,91
07/05/2013,MKG,MI,AGL,CE,Combined TRACON& Tower with Radar,0,7,10,0,17,0,0,58,6,64,0,7,68,6,81,38,0,38,119
07/06/2013,MKG,MI,AGL,CE,Combined TRACON& Tower with Radar,0,6,22,2,30,0,0,29,2,31,0,6,51,4,61,88,0,88,149
07/07/2013,MKG,MI,AGL,CE,Combined TRACON& Tower with Radar,0,6,12,4,22,0,0,40,14,54,0,6,52,18,76,194,0,194,270
07/08/2013,MKG,MI,AGL,CE,Combined TRACON& Tower with Radar,0,4,13,2,19,0,0,3,2,5,0,4,16,4,24,54,0,54,78
07/09/2013,MKG,MI,AGL,CE,Combined TRACON& Tower with Radar,0,4,13,5,22,0,0,18,5,23,0,4,31,10,45,56,8,64,109
07/10/2013,MKG,MI,AGL,CE,Combined TRACON& Tower with Radar,0,6,31,2,39,0,0,31,0,31,0,6,62,2,70,28,8,36,106
07/11/2013,MKG,MI,AGL,CE,Combined TRACON& Tower with Radar,0,10,22,1,33,0,0,72,3,75,0,10,94,4,108,114,0,114,222
07/12/2013,MKG,MI,AGL,CE,Combined TRACON& Tower with Radar,0,5,9,2,16,0,1,45,2,48,0,6,54,4,64,72,0,72,136
07/13/2013,MKG,MI,AGL,CE,Combined TRACON& Tower with Radar,0,7,13,0,20,0,1,35,1,37,0,8,48,1,57,30,0,30,87
07/14/2013,MKG,MI,AGL,CE,Combined TRACON& Tower with Radar,0,6,9,0,15,0,0,29,0,29,0,6,38,0,44,58,0,58,102
07/15/2013,MKG,MI,AGL,CE,Combined TRACON& Tower with Radar,0,4,19,0,23,0,0,55,0,55,0,4,74,0,78,180,0,180,258
07/16/2013,MKG,MI,AGL,CE,Combined TRACON& Tower with Radar,0,6,26,0,32,0,0,38,0,38,0,6,64,0,70,38,0,38,108
07/17/2013,MKG,MI,AGL,CE,Combined TRACON& Tower with Radar,0,7,21,0,28,0,1,32,0,33,0,8,53,0,61,28,0,28,89
07/18/2013,MKG,MI,AGL,CE,Combined TRACON& Tower with Radar,0,7,26,0,33,0,1,50,0,51,0,8,76,0,84,122,0,122,206
07/19/2013,MKG,MI,AGL,CE,Combined TRACON& Tower with Radar,0,7,11,1,19,0,1,15,2,18,0,8,26,3,37,12,0,12,49
07/20/2013,MKG,MI,AGL,CE,Combined TRACON& Tower with Radar,0,6,11,0,17,0,0,43,6,49,0,6,54,6,66,68,0,68,134
07/21/2013,MKG,MI,AGL,CE,Combined TRACON& Tower with Radar,0,7,8,0,15,0,2,34,0,36,0,9,42,0,51,104,0,104,155
07/22/2013,MKG,MI,AGL,CE,Combined TRACON& Tower with Radar,0,4,12,0,16,0,0,37,3,40,0,4,49,3,56,56,0,56,112
07/23/2013,MKG,MI,AGL,CE,Combined TRACON& Tower with Radar,0,9,23,4,36,0,0,12,4,16,0,9,35,8,52,0,10,10,62
07/24/2013,MKG,MI,AGL,CE,Combined TRACON& Tower with Radar,0,9,21,1,31,0,1,35,5,41,0,10,56,6,72,42,0,42,114
07/25/2013,MKG,MI,AGL,CE,Combined TRACON& Tower with Radar,0,4,27,1,32,0,2,44,3,49,0,6,71,4,81,54,2,56,137
07/26/2013,MKG,MI,AGL,CE,Combined TRACON& Tower with Radar,0,9,15,1,25,0,0,26,3,29,0,9,41,4,54,26,0,26,80
07/27/2013,MKG,MI,AGL,CE,Combined TRACON& Tower with Radar,0,12,17,0,29,0,1,7,2,10,0,13,24,2,39,8,0,8,47
07/28/2013,MKG,MI,AGL,CE,Combined TRACON& Tower with Radar,0,5,31,0,36,0,0,10,0,10,0,5,41,0,46,12,0,12,58
07/29/2013,MKG,MI,AGL,CE,Combined TRACON& Tower with Radar,0,6,29,1,36,0,0,28,2,30,0,6,57,3,66,62,0,62,128
07/30/2013,MKG,MI,AGL,CE,Combined TRACON& Tower with Radar,0,6,22,0,28,0,0,51,2,53,0,6,73,2,81,72,0,72,153
07/31/2013,MKG,MI,AGL,CE,Combined TRACON& Tower with Radar,0,8,37,0,45,0,1,6,0,7,0,9,43,0,52,28,0,28,80
08/01/2013,MKG,MI,AGL,CE,Combined TRACON& Tower with Radar,2,7,22,4,35,0,1,40,1,42,2,8,62,5,77,54,0,54,131
08/02/2013,MKG,MI,AGL,CE,Combined TRACON& Tower with Radar,0,5,25,0,30,0,0,22,4,26,0,5,47,4,56,88,0,88,144
08/03/2013,MKG,MI,AGL,CE,Combined TRACON& Tower with Radar,0,7,16,0,23,0,3,55,2,60,0,10,71,2,83,29,0,29,112
08/04/2013,MKG,MI,AGL,CE,Combined TRACON& Tower with Radar,0,5,12,1,18,0,0,35,2,37,0,5,47,3,55,32,0,32,87
08/05/2013,MKG,MI,AGL,CE,Combined TRACON& Tower with Radar,0,7,22,1,30,0,0,41,4,45,0,7,63,5,75,134,0,134,209
08/06/2013,MKG,MI,AGL,CE,Combined TRACON& Tower with Radar,0,7,34,3,44,0,1,14,3,18,0,8,48,6,62,88,10,98,160
08/07/2013,MKG,MI,AGL,CE,Combined TRACON& Tower with Radar,0,6,11,0,17,0,0,25,2,27,0,6,36,2,44,36,0,36,80
08/08/2013,MKG,MI,AGL,CE,Combined TRACON& Tower with Radar,0,6,11,0,17,0,0,68,0,68,0,6,79,0,85,114,0,114,199
08/09/2013,MKG,MI,AGL,CE,Combined TRACON& Tower with Radar,0,6,24,0,30,0,0,51,4,55,0,6,75,4,85,28,0,28,113
08/10/2013,MKG,MI,AGL,CE,Combined TRACON& Tower with Radar,0,6,9,0,15,0,0,56,2,58,0,6,65,2,73,54,0,54,127
08/11/2013,MKG,MI,AGL,CE,Combined TRACON& Tower with Radar,0,5,17,0,22,0,0,55,2,57,0,5,72,2,79,60,0,60,139
08/12/2013,MKG,MI,AGL,CE,Combined TRACON& Tower with Radar,0,7,20,0,27,0,0,20,7,27,0,7,40,7,54,20,0,20,74
08/13/2013,MKG,MI,AGL,CE,Combined TRACON& Tower with Radar,0,9,27,0,36,0,0,24,2,26,0,9,51,2,62,34,0,34,96
08/14/2013,MKG,MI,AGL,CE,Combined TRACON& Tower with Radar,0,7,26,6,39,0,2,83,14,99,0,9,109,20,138,168,2,170,308
08/15/2013,MKG,MI,AGL,CE,Combined TRACON& Tower with Radar,0,6,18,0,24,0,1,68,4,73,0,7,86,4,97,92,0,92,189
08/16/2013,MKG,MI,AGL,CE,Combined TRACON& Tower with Radar,0,7,18,0,25,0,0,43,5,48,0,7,61,5,73,49,36,85,158
08/17/2013,MKG,MI,AGL,CE,Combined TRACON& Tower with Radar,0,6,7,0,13,0,0,70,4,74,0,6,77,4,87,68,0,68,155
08/18/2013,MKG,MI,AGL,CE,Combined TRACON& Tower with Radar,0,4,20,0,24,0,0,29,5,34,0,4,49,5,58,18,0,18,76
08/19/2013,MKG,MI,AGL,CE,Combined TRACON& Tower with Radar,0,6,14,0,20,0,0,41,4,45,0,6,55,4,65,196,0,196,261
08/20/2013,MKG,MI,AGL,CE,Combined TRACON& Tower with Radar,0,5,25,0,30,0,1,43,4,48,0,6,68,4,78,162,0,162,240
08/21/2013,MKG,MI,AGL,CE,Combined TRACON& Tower with Radar,0,6,24,0,30,0,0,31,4,35,0,6,55,4,65,38,0,38,103
08/22/2013,MKG,MI,AGL,CE,Combined TRACON& Tower with Radar,0,7,15,1,23,0,0,2,1,3,0,7,17,2,26,46,0,46,72
08/23/2013,MKG,MI,AGL,CE,Combined TRACON& Tower with Radar,0,13,17,1,31,0,1,50,4,55,0,14,67,5,86,62,0,62,148
08/24/2013,MKG,MI,AGL,CE,Combined TRACON& Tower with Radar,0,9,10,0,19,0,0,55,0,55,0,9,65,0,74,30,0,30,104
08/25/2013,MKG,MI,AGL,CE,Combined TRACON& Tower with Radar,0,4,13,4,21,0,0,33,0,33,0,4,46,4,54,12,0,12,66
08/26/2013,MKG,MI,AGL,CE,Combined TRACON& Tower with Radar,0,4,9,2,15,0,1,18,7,26,0,5,27,9,41,62,0,62,103
08/27/2013,MKG,MI,AGL,CE,Combined TRACON& Tower with Radar,0,4,6,0,10,0,0,22,2,24,0,4,28,2,34,64,0,64,98
08/28/2013,MKG,MI,AGL,CE,Combined TRACON& Tower with Radar,0,9,32,1,42,0,0,6,2,8,0,9,38,3,50,32,0,32,82
08/29/2013,MKG,MI,AGL,CE,Combined TRACON& Tower with Radar,0,6,15,0,21,0,0,37,1,38,0,6,52,1,59,56,0,56,115
08/30/2013,MKG,MI,AGL,CE,Combined TRACON& Tower with Radar,0,5,14,0,19,0,0,14,0,14,0,5,28,0,33,10,0,10,43
08/31/2013,MKG,MI,AGL,CE,Combined TRACON& Tower with Radar,0,7,11,0,18,0,0,27,2,29,0,7,38,2,47,50,0,50,97
09/01/2013,MKG,MI,AGL,CE,Combined TRACON& Tower with Radar,0,4,7,0,11,0,0,8,2,10,0,4,15,2,21,64,0,64,85
09/02/2013,MKG,MI,AGL,CE,Combined TRACON& Tower with Radar,0,6,22,0,28,0,0,19,2,21,0,6,41,2,49,56,0,56,105
09/03/2013,MKG,MI,AGL,CE,Combined TRACON& Tower with Radar,0,7,14,1,22,0,0,35,0,35,0,7,49,1,57,78,0,78,135
09/04/2013,MKG,MI,AGL,CE,Combined TRACON& Tower with Radar,0,9,13,0,22,0,0,21,0,21,0,9,34,0,43,26,0,26,69
09/05/2013,MKG,MI,AGL,CE,Combined TRACON& Tower with Radar,0,5,14,2,21,0,1,41,0,42,0,6,55,2,63,76,0,76,139
09/06/2013,MKG,MI,AGL,CE,Combined TRACON& Tower with Radar,0,5,24,0,29,0,1,31,0,32,0,6,55,0,61,68,0,68,129
09/07/2013,MKG,MI,AGL,CE,Combined TRACON& Tower with Radar,0,6,17,0,23,0,1,24,0,25,0,7,41,0,48,76,0,76,124
09/08/2013,MKG,MI,AGL,CE,Combined TRACON& Tower with Radar,0,4,11,0,15,0,0,19,0,19,0,4,30,0,34,2,0,2,36
09/09/2013,MKG,MI,AGL,CE,Combined TRACON& Tower with Radar,0,4,18,0,22,0,0,24,0,24,0,4,42,0,46,36,0,36,82
09/10/2013,MKG,MI,AGL,CE,Combined TRACON& Tower with Radar,0,7,5,0,12,0,1,23,0,24,0,8,28,0,36,56,0,56,92
09/11/2013,MKG,MI,AGL,CE,Combined TRACON& Tower with Radar,0,9,14,0,23,0,1,10,0,11,0,10,24,0,34,8,0,8,42
09/12/2013,MKG,MI,AGL,CE,Combined TRACON& Tower with Radar,0,6,14,0,20,0,0,22,0,22,0,6,36,0,42,56,0,56,98
09/13/2013,MKG,MI,AGL,CE,Combined TRACON& Tower with Radar,0,6,10,0,16,0,0,26,0,26,0,6,36,0,42,40,0,40,82
09/14/2013,MKG,MI,AGL,CE,Combined TRACON& Tower with Radar,0,6,13,0,19,0,0,37,0,37,0,6,50,0,56,90,0,90,146
09/15/2013,MKG,MI,AGL,CE,Combined TRACON& Tower with Radar,0,6,10,0,16,0,0,7,0,7,0,6,17,0,23,0,0,0,23
09/16/2013,MKG,MI,AGL,CE,Combined TRACON& Tower with Radar,0,4,21,0,25,0,0,26,0,26,0,4,47,0,51,54,0,54,105
09/17/2013,MKG,MI,AGL,CE,Combined TRACON& Tower with Radar,2,5,14,0,21,0,1,33,0,34,2,6,47,0,55,68,0,68,123
09/18/2013,MKG,MI,AGL,CE,Combined TRACON& Tower with Radar,0,5,25,0,30,0,1,28,2,31,0,6,53,2,61,58,0,58,119
09/19/2013,MKG,MI,AGL,CE,Combined TRACON& Tower with Radar,0,4,9,0,13,0,0,6,0,6,0,4,15,0,19,0,0,0,19
09/20/2013,MKG,MI,AGL,CE,Combined TRACON& Tower with Radar,0,6,32,0,38,0,0,1,0,1,0,6,33,0,39,0,0,0,39
09/21/2013,MKG,MI,AGL,CE,Combined TRACON& Tower with Radar,0,7,18,0,25,0,0,21,0,21,0,7,39,0,46,48,0,48,94
09/22/2013,MKG,MI,AGL,CE,Combined TRACON& Tower with Radar,0,6,10,0,16,0,0,20,0,20,0,6,30,0,36,68,0,68,104
09/23/2013,MKG,MI,AGL,CE,Combined TRACON& Tower with Radar,0,4,14,0,18,0,0,35,0,35,0,4,49,0,53,28,0,28,81
09/24/2013,MKG,MI,AGL,CE,Combined TRACON& Tower with Radar,0,6,18,0,24,0,0,50,0,50,0,6,68,0,74,72,0,72,146
09/25/2013,MKG,MI,AGL,CE,Combined TRACON& Tower with Radar,0,6,21,0,27,0,0,32,0,32,0,6,53,0,59,70,0,70,129
09/26/2013,MKG,MI,AGL,CE,Combined TRACON& Tower with Radar,0,8,8,0,16,0,0,34,0,34,0,8,42,0,50,82,0,82,132
09/27/2013,MKG,MI,AGL,CE,Combined TRACON& Tower with Radar,0,10,22,0,32,0,0,45,0,45,0,10,67,0,77,52,0,52,129
09/28/2013,MKG,MI,AGL,CE,Combined TRACON& Tower with Radar,0,6,10,0,16,0,0,37,0,37,0,6,47,0,53,8,0,8,61
09/29/2013,MKG,MI,AGL,CE,Combined TRACON& Tower with Radar,0,6,5,0,11,0,0,13,0,13,0,6,18,0,24,56,0,56,80
09/30/2013,MKG,MI,AGL,CE,Combined TRACON& Tower with Radar,0,7,17,0,24,0,0,32,0,32,0,7,49,0,56,62,0,62,118
10/01/2013,MKG,MI,AGL,CE,Combined TRACON& Tower with Radar,0,9,16,0,25,0,0,5,0,5,0,9,21,0,30,6,0,6,36
10/02/2013,MKG,MI,AGL,CE,Combined TRACON& Tower with Radar,0,16,16,0,32,0,0,40,0,40,0,16,56,0,72,36,0,36,108
10/03/2013,MKG,MI,AGL,CE,Combined TRACON& Tower with Radar,0,6,26,0,32,0,0,8,0,8,0,6,34,0,40,22,0,22,62
10/04/2013,MKG,MI,AGL,CE,Combined TRACON& Tower with Radar,0,6,9,0,15,0,0,13,0,13,0,6,22,0,28,36,0,36,64
10/05/2013,MKG,MI,AGL,CE,Combined TRACON& Tower with Radar,2,6,14,0,22,0,0,19,0,19,2,6,33,0,41,34,0,34,75
10/06/2013,MKG,MI,AGL,CE,Combined TRACON& Tower with Radar,0,7,16,0,23,0,0,0,0,0,0,7,16,0,23,0,0,0,23
10/07/2013,MKG,MI,AGL,CE,Combined TRACON& Tower with Radar,0,4,22,0,26,0,0,12,0,12,0,4,34,0,38,58,0,58,96
10/08/2013,MKG,MI,AGL,CE,Combined TRACON& Tower with Radar,0,6,17,0,23,0,0,60,0,60,0,6,77,0,83,102,0,102,185
10/09/2013,MKG,MI,AGL,CE,Combined TRACON& Tower with Radar,0,8,29,0,37,0,0,62,0,62,0,8,91,0,99,102,0,102,201
10/10/2013,MKG,MI,AGL,CE,Combined TRACON& Tower with Radar,0,8,28,0,36,0,0,63,0,63,0,8,91,0,99,40,0,40,139
10/11/2013,MKG,MI,AGL,CE,Combined TRACON& Tower with Radar,0,6,17,1,24,0,0,54,1,55,0,6,71,2,79,102,0,102,181
10/12/2013,MKG,MI,AGL,CE,Combined TRACON& Tower with Radar,0,11,12,0,23,0,0,26,0,26,0,11,38,0,49,2,0,2,51
10/13/2013,MKG,MI,AGL,CE,Combined TRACON& Tower with Radar,0,4,15,0,19,0,0,30,0,30,0,4,45,0,49,16,0,16,65
10/14/2013,MKG,MI,AGL,CE,Combined TRACON& Tower with Radar,0,4,11,0,15,0,0,34,0,34,0,4,45,0,49,146,0,146,195
10/15/2013,MKG,MI,AGL,CE,Combined TRACON& Tower with Radar,0,8,19,0,27,0,0,17,0,17,0,8,36,0,44,0,0,0,44
10/16/2013,MKG,MI,AGL,CE,Combined TRACON& Tower with Radar,0,6,15,0,21,0,0,2,2,4,0,6,17,2,25,24,0,24,49
10/17/2013,MKG,MI,AGL,CE,Combined TRACON& Tower with Radar,0,8,10,0,18,0,0,0,0,0,0,8,10,0,18,0,0,0,18
10/18/2013,MKG,MI,AGL,CE,Combined TRACON& Tower with Radar,0,6,21,0,27,0,0,12,0,12,0,6,33,0,39,52,0,52,91
10/19/2013,MKG,MI,AGL,CE,Combined TRACON& Tower with Radar,0,6,9,0,15,0,0,20,0,20,0,6,29,0,35,28,0,28,63
10/20/2013,MKG,MI,AGL,CE,Combined TRACON& Tower with Radar,0,3,17,0,20,0,0,26,0,26,0,3,43,0,46,50,0,50,96
10/21/2013,MKG,MI,AGL,CE,Combined TRACON& Tower with Radar,0,4,12,0,16,0,0,13,0,13,0,4,25,0,29,0,0,0,29
10/22/2013,MKG,MI,AGL,CE,Combined TRACON& Tower with Radar,0,10,24,0,34,0,0,28,0,28,0,10,52,0,62,68,0,68,130
10/23/2013,MKG,MI,AGL,CE,Combined TRACON& Tower with Radar,0,8,22,0,30,0,0,23,0,23,0,8,45,0,53,16,0,16,69
10/24/2013,MKG,MI,AGL,CE,Combined TRACON& Tower with Radar,0,8,10,1,19,0,0,9,1,10,0,8,19,2,29,22,0,22,51
10/25/2013,MKG,MI,AGL,CE,Combined TRACON& Tower with Radar,0,6,13,0,19,0,1,31,0,32,0,7,44,0,51,10,0,10,61
10/26/2013,MKG,MI,AGL,CE,Combined TRACON& Tower with Radar,0,6,4,0,10,0,0,7,0,7,0,6,11,0,17,4,0,4,21
10/27/2013,MKG,MI,AGL,CE,Combined TRACON& Tower with Radar,0,4,16,0,20,0,0,37,0,37,0,4,53,0,57,28,0,28,85
10/28/2013,MKG,MI,AGL,CE,Combined TRACON& Tower with Radar,0,4,16,0,20,0,0,54,0,54,0,4,70,0,74,124,0,124,198
10/29/2013,MKG,MI,AGL,CE,Combined TRACON& Tower with Radar,0,6,22,0,28,0,0,36,0,36,0,6,58,0,64,116,0,116,180
10/30/2013,MKG,MI,AGL,CE,Combined TRACON& Tower with Radar,0,6,25,0,31,0,0,27,0,27,0,6,52,0,58,50,0,50,108
10/31/2013,MKG,MI,AGL,CE,Combined TRACON& Tower with Radar,0,4,4,0,8,0,0,0,0,0,0,4,4,0,8,0,0,0,8
11/01/2013,MKG,MI,AGL,CE,Combined TRACON& Tower with Radar,0,6,10,0,16,0,0,2,0,2,0,6,12,0,18,0,0,0,18
11/02/2013,MKG,MI,AGL,CE,Combined TRACON& Tower with Radar,0,6,22,0,28,0,0,18,0,18,0,6,40,0,46,24,0,24,70
11/03/2013,MKG,MI,AGL,CE,Combined TRACON& Tower with Radar,0,4,12,0,16,0,0,47,0,47,0,4,59,0,63,84,0,84,147
11/04/2013,MKG,MI,AGL,CE,Combined TRACON& Tower with Radar,0,4,10,0,14,0,0,34,0,34,0,4,44,0,48,24,0,24,72
11/05/2013,MKG,MI,AGL,CE,Combined TRACON& Tower with Radar,0,6,13,0,19,0,0,27,1,28,0,6,40,1,47,48,0,48,95
11/06/2013,MKG,MI,AGL,CE,Combined TRACON& Tower with Radar,0,9,13,0,22,0,0,0,0,0,0,9,13,0,22,0,0,0,22
11/07/2013,MKG,MI,AGL,CE,Combined TRACON& Tower with Radar,0,8,14,0,22,0,0,21,0,21,0,8,35,0,43,28,0,28,71
11/08/2013,MKG,MI,AGL,CE,Combined TRACON& Tower with Radar,0,9,34,0,43,0,2,26,0,28,0,11,60,0,71,90,0,90,161
11/09/2013,MKG,MI,AGL,CE,Combined TRACON& Tower with Radar,0,5,7,0,12,0,1,1,0,2,0,6,8,0,14,0,0,0,14
11/10/2013,MKG,MI,AGL,CE,Combined TRACON& Tower with Radar,0,5,10,0,15,0,0,8,0,8,0,5,18,0,23,0,0,0,23
11/11/2013,MKG,MI,AGL,CE,Combined TRACON& Tower with Radar,0,4,12,0,16,0,0,2,0,2,0,4,14,0,18,8,0,8,26
11/12/2013,MKG,MI,AGL,CE,Combined TRACON& Tower with Radar,0,16,21,0,37,0,0,27,0,27,0,16,48,0,64,40,0,40,104
11/13/2013,MKG,MI,AGL,CE,Combined TRACON& Tower with Radar,0,8,17,0,25,0,0,15,0,15,0,8,32,0,40,14,0,14,54
11/14/2013,MKG,MI,AGL,CE,Combined TRACON& Tower with Radar,0,5,26,2,33,0,2,14,0,16,0,7,40,2,49,10,0,10,59
11/15/2013,MKG,MI,AGL,CE,Combined TRACON& Tower with Radar,1,7,18,0,26,0,0,46,0,46,1,7,64,0,72,138,0,138,210
11/16/2013,MKG,MI,AGL,CE,Combined TRACON& Tower with Radar,0,6,6,0,12,0,0,0,0,0,0,6,6,0,12,0,0,0,12
11/17/2013,MKG,MI,AGL,CE,Combined TRACON& Tower with Radar,0,2,4,0,6,0,0,0,0,0,0,2,4,0,6,0,0,0,6
11/18/2013,MKG,MI,AGL,CE,Combined TRACON& Tower with Radar,0,5,0,0,5,0,0,2,0,2,0,5,2,0,7,0,0,0,7
11/19/2013,MKG,MI,AGL,CE,Combined TRACON& Tower with Radar,0,6,16,1,23,0,1,61,0,62,0,7,77,1,85,144,0,144,229
11/20/2013,MKG,MI,AGL,CE,Combined TRACON& Tower with Radar,0,10,19,1,30,0,0,42,0,42,0,10,61,1,72,74,0,74,146
11/21/2013,MKG,MI,AGL,CE,Combined TRACON& Tower with Radar,0,6,11,0,17,0,0,29,0,29,0,6,40,0,46,130,0,130,176
11/22/2013,MKG,MI,AGL,CE,Combined TRACON& Tower with Radar,0,6,9,0,15,0,0,5,0,5,0,6,14,0,20,10,0,10,30
11/23/2013,MKG,MI,AGL,CE,Combined TRACON& Tower with Radar,0,6,14,0,20,0,0,3,0,3,0,6,17,0,23,0,0,0,23
11/24/2013,MKG,MI,AGL,CE,Combined TRACON& Tower with Radar,0,4,8,0,12,0,0,14,0,14,0,4,22,0,26,56,0,56,82
11/25/2013,MKG,MI,AGL,CE,Combined TRACON& Tower with Radar,0,4,12,0,16,0,0,0,0,0,0,4,12,0,16,0,0,0,16
11/26/2013,MKG,MI,AGL,CE,Combined TRACON& Tower with Radar,0,7,11,0,18,0,0,8,0,8,0,7,19,0,26,6,0,6,32
11/27/2013,MKG,MI,AGL,CE,Combined TRACON& Tower with Radar,0,7,17,0,24,0,0,13,0,13,0,7,30,0,37,28,0,28,65
11/28/2013,MKG,MI,AGL,CE,Combined TRACON& Tower with Radar,0,5,3,0,8,0,0,1,0,1,0,5,4,0,9,0,0,0,9
11/29/2013,MKG,MI,AGL,CE,Combined TRACON& Tower with Radar,0,5,8,0,13,0,1,21,0,22,0,6,29,0,35,118,0,118,153
11/30/2013,MKG,MI,AGL,CE,Combined TRACON& Tower with Radar,0,5,5,0,10,0,0,26,0,26,0,5,31,0,36,86,0,86,122
12/01/2013,MKG,MI,AGL,CE,Combined TRACON& Tower with Radar,0,4,15,0,19,0,0,35,0,35,0,4,50,0,54,48,0,48,102
12/02/2013,MKG,MI,AGL,CE,Combined TRACON& Tower with Radar,0,4,6,0,10,0,0,14,0,14,0,4,20,0,24,40,0,40,64
12/03/2013,MKG,MI,AGL,CE,Combined TRACON& Tower with Radar,0,8,2,0,10,0,0,0,0,0,0,8,2,0,10,0,0,0,10
12/04/2013,MKG,MI,AGL,CE,Combined TRACON& Tower with Radar,0,6,13,0,19,0,0,0,0,0,0,6,13,0,19,0,0,0,19
12/05/2013,MKG,MI,AGL,CE,Combined TRACON& Tower with Radar,0,6,9,0,15,0,0,8,0,8,0,6,17,0,23,46,0,46,69
12/06/2013,MKG,MI,AGL,CE,Combined TRACON& Tower with Radar,0,6,20,0,26,0,0,2,0,2,0,6,22,0,28,22,0,22,50
12/07/2013,MKG,MI,AGL,CE,Combined TRACON& Tower with Radar,0,4,41,0,45,0,0,6,0,6,0,4,47,0,51,64,0,64,115
12/08/2013,MKG,MI,AGL,CE,Combined TRACON& Tower with Radar,0,2,11,0,13,0,0,22,0,22,0,2,33,0,35,32,0,32,67
12/09/2013,MKG,MI,AGL,CE,Combined TRACON& Tower with Radar,0,2,2,0,4,0,0,0,0,0,0,2,2,0,4,0,0,0,4
12/10/2013,MKG,MI,AGL,CE,Combined TRACON& Tower with Radar,0,6,6,8,20,0,0,0,0,0,0,6,6,8,20,0,0,0,20
12/11/2013,MKG,MI,AGL,CE,Combined TRACON& Tower with Radar,0,7,21,0,28,0,0,0,0,0,0,7,21,0,28,0,0,0,28
12/12/2013,MKG,MI,AGL,CE,Combined TRACON& Tower with Radar,0,5,9,0,14,0,0,0,0,0,0,5,9,0,14,0,0,0,14
12/13/2013,MKG,MI,AGL,CE,Combined TRACON& Tower with Radar,0,10,20,0,30,0,0,19,0,19,0,10,39,0,49,92,0,92,141
12/14/2013,MKG,MI,AGL,CE,Combined TRACON& Tower with Radar,0,4,6,0,10,0,0,0,0,0,0,4,6,0,10,0,0,0,10
12/15/2013,MKG,MI,AGL,CE,Combined TRACON& Tower with Radar,0,4,8,0,12,0,0,0,0,0,0,4,8,0,12,0,0,0,12
12/16/2013,MKG,MI,AGL,CE,Combined TRACON& Tower with Radar,0,5,11,0,16,0,0,11,0,11,0,5,22,0,27,54,0,54,81
12/17/2013,MKG,MI,AGL,CE,Combined TRACON& Tower with Radar,0,6,12,0,18,0,0,2,0,2,0,6,14,0,20,6,0,6,26
12/18/2013,MKG,MI,AGL,CE,Combined TRACON& Tower with Radar,2,6,13,0,21,0,0,19,0,19,2,6,32,0,40,52,0,52,92
12/19/2013,MKG,MI,AGL,CE,Combined TRACON& Tower with Radar,0,6,21,0,27,0,0,7,0,7,0,6,28,0,34,46,0,46,80
12/20/2013,MKG,MI,AGL,CE,Combined TRACON& Tower with Radar,0,0,1,0,1,0,0,0,0,0,0,0,1,0,1,0,0,0,1
12/21/2013,MKG,MI,AGL,CE,Combined TRACON& Tower with Radar,0,0,1,0,1,0,0,0,0,0,0,0,1,0,1,0,0,0,1
12/22/2013,MKG,MI,AGL,CE,Combined TRACON& Tower with Radar,0,0,0,0,0,0,0,5,0,5,0,0,5,0,5,2,0,2,7
12/23/2013,MKG,MI,AGL,CE,Combined TRACON& Tower with Radar,0,2,9,0,11,0,0,9,0,9,0,2,18,0,20,34,0,34,54
12/24/2013,MKG,MI,AGL,CE,Combined TRACON& Tower with Radar,0,4,14,0,18,0,0,14,0,14,0,4,28,0,32,0,0,0,32
12/25/2013,MKG,MI,AGL,CE,Combined TRACON& Tower with Radar,0,4,0,0,4,0,0,0,0,0,0,4,0,0,4,0,0,0,4
12/26/2013,MKG,MI,AGL,CE,Combined TRACON& Tower with Radar,0,6,15,0,21,0,0,8,0,8,0,6,23,0,29,12,0,12,41
12/27/2013,MKG,MI,AGL,CE,Combined TRACON& Tower with Radar,0,6,22,0,28,0,0,7,0,7,0,6,29,0,35,28,0,28,63
12/28/2013,MKG,MI,AGL,CE,Combined TRACON& Tower with Radar,0,8,15,0,23,0,4,63,0,67,0,12,78,0,90,90,0,90,180
12/29/2013,MKG,MI,AGL,CE,Combined TRACON& Tower with Radar,0,2,4,0,6,0,0,1,0,1,0,2,5,0,7,10,0,10,17
12/30/2013,MKG,MI,AGL,CE,Combined TRACON& Tower with Radar,0,4,2,2,8,0,0,3,0,3,0,4,5,2,11,0,0,0,11
12/31/2013,MKG,MI,AGL,CE,Combined TRACON& Tower with Radar,0,2,4,0,6,0,0,0,0,0,0,2,4,0,6,0,0,0,6
01/01/2014,MKG,MI,AGL,CE,Combined TRACON& Tower with Radar,0,4,4,0,8,0,0,7,0,7,0,4,11,0,15,8,0,8,23
01/02/2014,MKG,MI,AGL,CE,Combined TRACON& Tower with Radar,0,2,13,0,15,0,0,13,0,13,0,2,26,0,28,36,0,36,64
01/03/2014,MKG,MI,AGL,CE,Combined TRACON& Tower with Radar,0,4,10,0,14,0,0,1,0,1,0,4,11,0,15,2,0,2,17
01/04/2014,MKG,MI,AGL,CE,Combined TRACON& Tower with Radar,0,2,0,0,2,0,0,0,0,0,0,2,0,0,2,0,0,0,2
01/05/2014,MKG,MI,AGL,CE,Combined TRACON& Tower with Radar,0,0,5,0,5,0,0,3,0,3,0,0,8,0,8,0,0,0,8
01/06/2014,MKG,MI,AGL,CE,Combined TRACON& Tower with Radar,0,0,0,0,0,0,0,0,0,0,0,0,0,0,0,0,0,0,0
01/07/2014,MKG,MI,AGL,CE,Combined TRACON& Tower with Radar,0,0,0,0,0,0,0,0,0,0,0,0,0,0,0,0,0,0,0
01/08/2014,MKG,MI,AGL,CE,Combined TRACON& Tower with Radar,2,6,13,0,21,0,0,0,0,0,2,6,13,0,21,0,0,0,21
01/09/2014,MKG,MI,AGL,CE,Combined TRACON& Tower with Radar,3,8,21,0,32,0,0,16,0,16,3,8,37,0,48,18,0,18,66
01/10/2014,MKG,MI,AGL,CE,Combined TRACON& Tower with Radar,0,5,2,0,7,0,0,0,0,0,0,5,2,0,7,0,0,0,7
01/11/2014,MKG,MI,AGL,CE,Combined TRACON& Tower with Radar,0,5,2,0,7,0,0,2,0,2,0,5,4,0,9,74,0,74,83
01/12/2014,MKG,MI,AGL,CE,Combined TRACON& Tower with Radar,0,4,18,0,22,0,0,24,0,24,0,4,42,0,46,10,0,10,56
01/13/2014,MKG,MI,AGL,CE,Combined TRACON& Tower with Radar,0,6,27,0,33,0,0,25,0,25,0,6,52,0,58,76,0,76,134
01/14/2014,MKG,MI,AGL,CE,Combined TRACON& Tower with Radar,0,6,16,0,22,0,1,3,0,4,0,7,19,0,26,0,0,0,26
01/15/2014,MKG,MI,AGL,CE,Combined TRACON& Tower with Radar,0,6,17,0,23,0,0,0,0,0,0,6,17,0,23,0,0,0,23
01/16/2014,MKG,MI,AGL,CE,Combined TRACON& Tower with Radar,0,5,11,0,16,0,0,0,0,0,0,5,11,0,16,0,0,0,16
01/17/2014,MKG,MI,AGL,CE,Combined TRACON& Tower with Radar,0,6,13,0,19,0,0,1,0,1,0,6,14,0,20,56,0,56,76
01/18/2014,MKG,MI,AGL,CE,Combined TRACON& Tower with Radar,0,4,6,0,10,0,0,4,0,4,0,4,10,0,14,44,0,44,58
01/19/2014,MKG,MI,AGL,CE,Combined TRACON& Tower with Radar,0,6,3,0,9,0,0,0,0,0,0,6,3,0,9,0,0,0,9
01/20/2014,MKG,MI,AGL,CE,Combined TRACON& Tower with Radar,0,2,11,0,13,0,0,9,0,9,0,2,20,0,22,66,0,66,88
01/21/2014,MKG,MI,AGL,CE,Combined TRACON& Tower with Radar,0,6,16,0,22,0,0,23,0,23,0,6,39,0,45,76,0,76,121
01/22/2014,MKG,MI,AGL,CE,Combined TRACON& Tower with Radar,0,4,5,0,9,0,0,0,0,0,0,4,5,0,9,0,0,0,9
01/23/2014,MKG,MI,AGL,CE,Combined TRACON& Tower with Radar,0,8,16,0,24,0,0,6,0,6,0,8,22,0,30,72,0,72,102
01/24/2014,MKG,MI,AGL,CE,Combined TRACON& Tower with Radar,0,4,7,0,11,0,0,0,0,0,0,4,7,0,11,0,0,0,11
01/25/2014,MKG,MI,AGL,CE,Combined TRACON& Tower with Radar,0,6,2,0,8,0,0,0,0,0,0,6,2,0,8,0,0,0,8
01/26/2014,MKG,MI,AGL,CE,Combined TRACON& Tower with Radar,0,4,2,0,6,0,0,0,0,0,0,4,2,0,6,0,0,0,6
01/27/2014,MKG,MI,AGL,CE,Combined TRACON& Tower with Radar,0,2,3,0,5,0,0,0,0,0,0,2,3,0,5,0,0,0,5
01/28/2014,MKG,MI,AGL,CE,Combined TRACON& Tower with Radar,0,4,4,0,8,0,0,0,0,0,0,4,4,0,8,4,0,4,12
01/29/2014,MKG,MI,AGL,CE,Combined TRACON& Tower with Radar,0,6,11,0,17,0,0,11,0,11,0,6,22,0,28,0,0,0,28
01/30/2014,MKG,MI,AGL,CE,Combined TRACON& Tower with Radar,0,6,2,0,8,0,0,1,0,1,0,6,3,0,9,0,0,0,9
01/31/2014,MKG,MI,AGL,CE,Combined TRACON& Tower with Radar,0,4,22,0,26,0,0,34,8,42,0,4,56,8,68,116,0,116,184
02/01/2014,MKG,MI,AGL,CE,Combined TRACON& Tower with Radar,2,6,0,0,8,0,0,0,0,0,2,6,0,0,8,0,0,0,8
02/02/2014,MKG,MI,AGL,CE,Combined TRACON& Tower with Radar,0,4,7,0,11,0,0,3,0,3,0,4,10,0,14,64,0,64,78
02/03/2014,MKG,MI,AGL,CE,Combined TRACON& Tower with Radar,0,4,27,0,31,0,0,30,0,30,0,4,57,0,61,122,0,122,183
02/04/2014,MKG,MI,AGL,CE,Combined TRACON& Tower with Radar,0,6,21,0,27,0,0,24,0,24,0,6,45,0,51,120,0,120,171
02/05/2014,MKG,MI,AGL,CE,Combined TRACON& Tower with Radar,0,4,13,0,17,0,0,4,0,4,0,4,17,0,21,0,0,0,21
02/06/2014,MKG,MI,AGL,CE,Combined TRACON& Tower with Radar,0,4,10,0,14,0,0,0,0,0,0,4,10,0,14,0,0,0,14
02/07/2014,MKG,MI,AGL,CE,Combined TRACON& Tower with Radar,0,6,18,0,24,0,0,7,0,7,0,6,25,0,31,10,0,10,41
02/08/2014,MKG,MI,AGL,CE,Combined TRACON& Tower with Radar,0,5,7,0,12,0,0,2,0,2,0,5,9,0,14,44,0,44,58
02/09/2014,MKG,MI,AGL,CE,Combined TRACON& Tower with Radar,0,5,4,0,9,0,0,0,0,0,0,5,4,0,9,0,0,0,9
02/10/2014,MKG,MI,AGL,CE,Combined TRACON& Tower with Radar,2,4,4,0,10,0,0,0,0,0,2,4,4,0,10,0,0,0,10
02/11/2014,MKG,MI,AGL,CE,Combined TRACON& Tower with Radar,0,5,27,0,32,0,1,38,0,39,0,6,65,0,71,152,0,152,223
02/12/2014,MKG,MI,AGL,CE,Combined TRACON& Tower with Radar,0,6,26,0,32,0,3,21,0,24,0,9,47,0,56,88,0,88,144
02/13/2014,MKG,MI,AGL,CE,Combined TRACON& Tower with Radar,0,6,23,2,31,0,0,28,2,30,0,6,51,4,61,52,0,52,113
02/14/2014,MKG,MI,AGL,CE,Combined TRACON& Tower with Radar,0,6,7,0,13,0,0,1,0,1,0,6,8,0,14,0,0,0,14
02/15/2014,MKG,MI,AGL,CE,Combined TRACON& Tower with Radar,0,4,27,0,31,0,0,28,0,28,0,4,55,0,59,80,0,80,139
02/16/2014,MKG,MI,AGL,CE,Combined TRACON& Tower with Radar,0,4,6,0,10,0,0,26,0,26,0,4,32,0,36,86,0,86,122
02/17/2014,MKG,MI,AGL,CE,Combined TRACON& Tower with Radar,0,3,6,0,9,0,0,3,0,3,0,3,9,0,12,0,0,0,12
02/18/2014,MKG,MI,AGL,CE,Combined TRACON& Tower with Radar,0,6,24,0,30,0,0,24,0,24,0,6,48,0,54,44,0,44,98
02/19/2014,MKG,MI,AGL,CE,Combined TRACON& Tower with Radar,0,8,19,0,27,0,0,21,0,21,0,8,40,0,48,28,0,28,76
02/20/2014,MKG,MI,AGL,CE,Combined TRACON& Tower with Radar,0,8,3,0,11,0,0,0,0,0,0,8,3,0,11,0,0,0,11
02/21/2014,MKG,MI,AGL,CE,Combined TRACON& Tower with Radar,0,4,16,0,20,0,0,0,0,0,0,4,16,0,20,0,0,0,20
02/22/2014,MKG,MI,AGL,CE,Combined TRACON& Tower with Radar,0,4,11,0,15,0,0,24,0,24,0,4,35,0,39,62,0,62,101
02/23/2014,MKG,MI,AGL,CE,Combined TRACON& Tower with Radar,0,4,9,0,13,0,0,5,0,5,0,4,14,0,18,16,0,16,34
02/24/2014,MKG,MI,AGL,CE,Combined TRACON& Tower with Radar,0,6,10,0,16,0,0,0,0,0,0,6,10,0,16,0,0,0,16
02/25/2014,MKG,MI,AGL,CE,Combined TRACON& Tower with Radar,0,6,14,0,20,0,0,0,0,0,0,6,14,0,20,0,0,0,20
02/26/2014,MKG,MI,AGL,CE,Combined TRACON& Tower with Radar,0,7,10,0,17,0,0,0,0,0,0,7,10,0,17,0,0,0,17
02/27/2014,MKG,MI,AGL,CE,Combined TRACON& Tower with Radar,0,6,3,0,9,0,0,0,0,0,0,6,3,0,9,0,0,0,9
02/28/2014,MKG,MI,AGL,CE,Combined TRACON& Tower with Radar,0,8,8,0,16,0,0,13,0,13,0,8,21,0,29,52,0,52,81
03/01/2014,MKG,MI,AGL,CE,Combined TRACON& Tower with Radar,0,6,5,0,11,0,0,3,0,3,0,6,8,0,14,20,0,20,34
03/02/2014,MKG,MI,AGL,CE,Combined TRACON& Tower with Radar,0,2,1,0,3,0,0,7,0,7,0,2,8,0,10,48,0,48,58
03/03/2014,MKG,MI,AGL,CE,Combined TRACON& Tower with Radar,0,4,16,0,20,0,0,41,0,41,0,4,57,0,61,130,0,130,191
03/04/2014,MKG,MI,AGL,CE,Combined TRACON& Tower with Radar,0,6,5,0,11,0,0,3,0,3,0,6,8,0,14,10,0,10,24
03/05/2014,MKG,MI,AGL,CE,Combined TRACON& Tower with Radar,4,6,13,0,23,0,0,41,0,41,4,6,54,0,64,46,0,46,110
03/06/2014,MKG,MI,AGL,CE,Combined TRACON& Tower with Radar,2,6,11,0,19,0,0,51,0,51,2,6,62,0,70,76,0,76,146
03/07/2014,MKG,MI,AGL,CE,Combined TRACON& Tower with Radar,0,4,17,0,21,0,0,31,0,31,0,4,48,0,52,66,0,66,118
03/08/2014,MKG,MI,AGL,CE,Combined TRACON& Tower with Radar,1,8,10,0,19,0,0,35,0,35,1,8,45,0,54,88,0,88,142
03/09/2014,MKG,MI,AGL,CE,Combined TRACON& Tower with Radar,0,4,7,0,11,0,0,18,0,18,0,4,25,0,29,14,0,14,43
03/10/2014,MKG,MI,AGL,CE,Combined TRACON& Tower with Radar,0,6,16,0,22,0,0,46,0,46,0,6,62,0,68,104,0,104,172
03/11/2014,MKG,MI,AGL,CE,Combined TRACON& Tower with Radar,1,6,12,0,19,0,0,32,0,32,1,6,44,0,51,88,0,88,139
03/12/2014,MKG,MI,AGL,CE,Combined TRACON& Tower with Radar,0,2,14,0,16,0,0,29,0,29,0,2,43,0,45,52,0,52,97
03/13/2014,MKG,MI,AGL,CE,Combined TRACON& Tower with Radar,0,8,17,0,25,0,0,41,0,41,0,8,58,0,66,82,0,82,148
03/14/2014,MKG,MI,AGL,CE,Combined TRACON& Tower with Radar,0,6,15,0,21,0,0,11,0,11,0,6,26,0,32,38,0,38,70
03/15/2014,MKG,MI,AGL,CE,Combined TRACON& Tower with Radar,2,8,20,0,30,0,0,46,1,47,2,8,66,1,77,104,6,110,187
03/16/2014,MKG,MI,AGL,CE,Combined TRACON& Tower with Radar,0,4,6,0,10,0,0,22,0,22,0,4,28,0,32,26,0,26,58
03/17/2014,MKG,MI,AGL,CE,Combined TRACON& Tower with Radar,2,4,11,0,17,0,0,38,0,38,2,4,49,0,55,60,0,60,115
03/18/2014,MKG,MI,AGL,CE,Combined TRACON& Tower with Radar,0,8,15,0,23,0,0,47,0,47,0,8,62,0,70,44,0,44,114
03/19/2014,MKG,MI,AGL,CE,Combined TRACON& Tower with Radar,0,6,5,0,11,0,0,0,0,0,0,6,5,0,11,0,0,0,11
03/20/2014,MKG,MI,AGL,CE,Combined TRACON& Tower with Radar,0,6,11,0,17,0,2,43,0,45,0,8,54,0,62,64,0,64,126
03/21/2014,MKG,MI,AGL,CE,Combined TRACON& Tower with Radar,0,6,17,0,23,0,0,44,0,44,0,6,61,0,67,80,0,80,147
03/22/2014,MKG,MI,AGL,CE,Combined TRACON& Tower with Radar,0,6,10,0,16,0,2,7,0,9,0,8,17,0,25,44,0,44,69
03/23/2014,MKG,MI,AGL,CE,Combined TRACON& Tower with Radar,0,4,17,0,21,0,0,16,0,16,0,4,33,0,37,30,0,30,67
03/24/2014,MKG,MI,AGL,CE,Combined TRACON& Tower with Radar,0,5,9,0,14,0,0,39,0,39,0,5,48,0,53,36,0,36,89
03/25/2014,MKG,MI,AGL,CE,Combined TRACON& Tower with Radar,0,5,7,0,12,0,1,1,2,4,0,6,8,2,16,0,0,0,16
03/26/2014,MKG,MI,AGL,CE,Combined TRACON& Tower with Radar,0,7,22,0,29,0,0,38,0,38,0,7,60,0,67,66,0,66,133
03/27/2014,MKG,MI,AGL,CE,Combined TRACON& Tower with Radar,0,7,8,0,15,0,0,0,0,0,0,7,8,0,15,0,0,0,15
03/28/2014,MKG,MI,AGL,CE,Combined TRACON& Tower with Radar,0,5,21,0,26,0,0,3,0,3,0,5,24,0,29,14,0,14,43
03/29/2014,MKG,MI,AGL,CE,Combined TRACON& Tower with Radar,0,5,19,0,24,0,0,21,0,21,0,5,40,0,45,132,0,132,177
03/30/2014,MKG,MI,AGL,CE,Combined TRACON& Tower with Radar,0,4,17,0,21,0,0,59,0,59,0,4,76,0,80,74,0,74,154
03/31/2014,MKG,MI,AGL,CE,Combined TRACON& Tower with Radar,0,5,14,0,19,0,0,23,0,23,0,5,37,0,42,14,0,14,56
04/01/2014,MKG,MI,AGL,CE,Combined TRACON& Tower with Radar,0,6,16,0,22,0,0,8,0,8,0,6,24,0,30,10,0,10,40
04/02/2014,MKG,MI,AGL,CE,Combined TRACON& Tower with Radar,0,6,19,0,25,0,1,40,0,41,0,7,59,0,66,120,0,120,186
04/03/2014,MKG,MI,AGL,CE,Combined TRACON& Tower with Radar,0,8,11,0,19,0,0,4,0,4,0,8,15,0,23,0,0,0,23
04/04/2014,MKG,MI,AGL,CE,Combined TRACON& Tower with Radar,0,6,13,0,19,0,0,0,0,0,0,6,13,0,19,0,0,0,19
04/05/2014,MKG,MI,AGL,CE,Combined TRACON& Tower with Radar,0,6,28,3,37,0,0,32,1,33,0,6,60,4,70,129,0,129,199
04/06/2014,MKG,MI,AGL,CE,Combined TRACON& Tower with Radar,0,6,15,0,21,0,0,46,0,46,0,6,61,0,67,8,0,8,75
04/07/2014,MKG,MI,AGL,CE,Combined TRACON& Tower with Radar,0,4,9,0,13,0,0,32,0,32,0,4,41,0,45,74,0,74,119
04/08/2014,MKG,MI,AGL,CE,Combined TRACON& Tower with Radar,0,8,19,0,27,0,0,48,0,48,0,8,67,0,75,100,0,100,175
04/09/2014,MKG,MI,AGL,CE,Combined TRACON& Tower with Radar,0,6,17,1,24,0,0,45,1,46,0,6,62,2,70,68,0,68,138
04/10/2014,MKG,MI,AGL,CE,Combined TRACON& Tower with Radar,0,6,20,0,26,0,0,24,2,26,0,6,44,2,52,8,14,22,74
04/11/2014,MKG,MI,AGL,CE,Combined TRACON& Tower with Radar,0,6,17,0,23,0,0,59,0,59,0,6,76,0,82,58,0,58,140
04/12/2014,MKG,MI,AGL,CE,Combined TRACON& Tower with Radar,0,6,13,0,19,0,0,34,0,34,0,6,47,0,53,82,0,82,135
04/13/2014,MKG,MI,AGL,CE,Combined TRACON& Tower with Radar,0,2,4,0,6,0,0,3,0,3,0,2,7,0,9,0,0,0,9
04/14/2014,MKG,MI,AGL,CE,Combined TRACON& Tower with Radar,2,4,8,0,14,0,0,0,0,0,2,4,8,0,14,0,0,0,14
04/15/2014,MKG,MI,AGL,CE,Combined TRACON& Tower with Radar,0,6,12,0,18,0,0,19,0,19,0,6,31,0,37,20,0,20,57
04/16/2014,MKG,MI,AGL,CE,Combined TRACON& Tower with Radar,0,8,35,0,43,0,0,50,0,50,0,8,85,0,93,110,0,110,203
04/17/2014,MKG,MI,AGL,CE,Combined TRACON& Tower with Radar,0,4,16,0,20,0,0,27,0,27,0,4,43,0,47,16,0,16,63
04/18/2014,MKG,MI,AGL,CE,Combined TRACON& Tower with Radar,0,6,27,0,33,0,0,71,0,71,0,6,98,0,104,130,0,130,234
04/19/2014,MKG,MI,AGL,CE,Combined TRACON& Tower with Radar,0,6,17,0,23,0,0,78,0,78,0,6,95,0,101,130,0,130,231
04/20/2014,MKG,MI,AGL,CE,Combined TRACON& Tower with Radar,0,4,11,0,15,0,0,19,0,19,0,4,30,0,34,48,0,48,82
04/21/2014,MKG,MI,AGL,CE,Combined TRACON& Tower with Radar,0,5,20,0,25,0,0,19,0,19,0,5,39,0,44,86,0,86,130
04/22/2014,MKG,MI,AGL,CE,Combined TRACON& Tower with Radar,0,6,15,0,21,0,2,26,0,28,0,8,41,0,49,12,0,12,61
04/23/2014,MKG,MI,AGL,CE,Combined TRACON& Tower with Radar,0,9,19,0,28,0,2,52,0,54,0,11,71,0,82,82,0,82,164
04/24/2014,MKG,MI,AGL,CE,Combined TRACON& Tower with Radar,0,6,16,0,22,0,0,31,0,31,0,6,47,0,53,82,0,82,135
04/25/2014,MKG,MI,AGL,CE,Combined TRACON& Tower with Radar,0,6,21,0,27,0,0,19,0,19,0,6,40,0,46,80,0,80,126
04/26/2014,MKG,MI,AGL,CE,Combined TRACON& Tower with Radar,0,5,19,0,24,0,3,41,0,44,0,8,60,0,68,68,0,68,136
04/27/2014,MKG,MI,AGL,CE,Combined TRACON& Tower with Radar,0,6,2,0,8,0,0,13,0,13,0,6,15,0,21,4,0,4,25
04/28/2014,MKG,MI,AGL,CE,Combined TRACON& Tower with Radar,0,4,12,0,16,0,0,0,0,0,0,4,12,0,16,0,0,0,16
04/29/2014,MKG,MI,AGL,CE,Combined TRACON& Tower with Radar,0,8,10,0,18,0,0,8,0,8,0,8,18,0,26,8,0,8,34
04/30/2014,MKG,MI,AGL,CE,Combined TRACON& Tower with Radar,0,7,29,0,36,0,0,25,2,27,0,7,54,2,63,78,0,78,141
05/01/2014,MKG,MI,AGL,CE,Combined TRACON& Tower with Radar,0,7,13,0,20,0,0,8,0,8,0,7,21,0,28,26,0,26,54
05/02/2014,MKG,MI,AGL,CE,Combined TRACON& Tower with Radar,0,6,17,0,23,0,0,5,0,5,0,6,22,0,28,48,0,48,76
05/03/2014,MKG,MI,AGL,CE,Combined TRACON& Tower with Radar,0,6,21,0,27,0,0,21,2,23,0,6,42,2,50,58,0,58,108
05/04/2014,MKG,MI,AGL,CE,Combined TRACON& Tower with Radar,0,5,19,0,24,0,0,44,2,46,0,5,63,2,70,44,0,44,114
05/05/2014,MKG,MI,AGL,CE,Combined TRACON& Tower with Radar,0,8,25,0,33,0,2,56,0,58,0,10,81,0,91,96,0,96,187
05/06/2014,MKG,MI,AGL,CE,Combined TRACON& Tower with Radar,0,7,25,0,32,0,3,60,1,64,0,10,85,1,96,34,0,34,130
05/07/2014,MKG,MI,AGL,CE,Combined TRACON& Tower with Radar,0,12,12,0,24,0,0,7,0,7,0,12,19,0,31,44,0,44,75
05/08/2014,MKG,MI,AGL,CE,Combined TRACON& Tower with Radar,0,10,17,0,27,0,0,59,2,61,0,10,76,2,88,68,0,68,156
05/09/2014,MKG,MI,AGL,CE,Combined TRACON& Tower with Radar,0,6,13,0,19,0,0,4,0,4,0,6,17,0,23,0,0,0,23
05/10/2014,MKG,MI,AGL,CE,Combined TRACON& Tower with Radar,0,4,27,0,31,0,0,87,0,87,0,4,114,0,118,176,0,176,294
05/11/2014,MKG,MI,AGL,CE,Combined TRACON& Tower with Radar,0,2,11,0,13,0,0,26,0,26,0,2,37,0,39,28,0,28,67
05/12/2014,MKG,MI,AGL,CE,Combined TRACON& Tower with Radar,0,4,11,0,15,0,1,2,1,4,0,5,13,1,19,0,0,0,19
05/13/2014,MKG,MI,AGL,CE,Combined TRACON& Tower with Radar,0,4,14,0,18,0,0,0,0,0,0,4,14,0,18,0,0,0,18
05/14/2014,MKG,MI,AGL,CE,Combined TRACON& Tower with Radar,0,10,17,1,28,0,0,33,1,34,0,10,50,2,62,78,0,78,140
05/15/2014,MKG,MI,AGL,CE,Combined TRACON& Tower with Radar,0,8,10,0,18,0,0,4,0,4,0,8,14,0,22,4,0,4,26
05/16/2014,MKG,MI,AGL,CE,Combined TRACON& Tower with Radar,0,6,7,0,13,0,0,15,0,15,0,6,22,0,28,4,3,7,35
05/17/2014,MKG,MI,AGL,CE,Combined TRACON& Tower with Radar,0,6,21,0,27,0,0,54,1,55,0,6,75,1,82,58,0,58,140
05/18/2014,MKG,MI,AGL,CE,Combined TRACON& Tower with Radar,0,6,10,0,16,0,0,22,0,22,0,6,32,0,38,2,0,2,40
05/19/2014,MKG,MI,AGL,CE,Combined TRACON& Tower with Radar,0,4,11,0,15,0,0,53,2,55,0,4,64,2,70,60,0,60,130
05/20/2014,MKG,MI,AGL,CE,Combined TRACON& Tower with Radar,2,7,21,0,30,0,0,18,0,18,2,7,39,0,48,30,0,30,78
05/21/2014,MKG,MI,AGL,CE,Combined TRACON& Tower with Radar,0,6,21,1,28,0,1,25,0,26,0,7,46,1,54,48,18,66,120
05/22/2014,MKG,MI,AGL,CE,Combined TRACON& Tower with Radar,0,7,17,0,24,0,0,42,1,43,0,7,59,1,67,22,0,22,89
05/23/2014,MKG,MI,AGL,CE,Combined TRACON& Tower with Radar,0,5,14,0,19,0,3,48,3,54,0,8,62,3,73,104,0,104,177
05/24/2014,MKG,MI,AGL,CE,Combined TRACON& Tower with Radar,0,6,9,0,15,0,0,56,2,58,0,6,65,2,73,26,0,26,99
05/25/2014,MKG,MI,AGL,CE,Combined TRACON& Tower with Radar,0,4,4,1,9,0,0,35,1,36,0,4,39,2,45,22,0,22,67
05/26/2014,MKG,MI,AGL,CE,Combined TRACON& Tower with Radar,0,4,10,1,15,0,0,32,0,32,0,4,42,1,47,20,0,20,67
05/27/2014,MKG,MI,AGL,CE,Combined TRACON& Tower with Radar,0,4,22,4,30,0,0,1,4,5,0,4,23,8,35,12,6,18,53
05/28/2014,MKG,MI,AGL,CE,Combined TRACON& Tower with Radar,0,11,21,0,32,0,0,41,4,45,0,11,62,4,77,68,0,68,145
05/29/2014,MKG,MI,AGL,CE,Combined TRACON& Tower with Radar,0,7,14,1,22,0,0,73,1,74,0,7,87,2,96,43,12,55,151
05/30/2014,MKG,MI,AGL,CE,Combined TRACON& Tower with Radar,0,8,15,0,23,0,0,49,5,54,0,8,64,5,77,62,0,62,139
05/31/2014,MKG,MI,AGL,CE,Combined TRACON& Tower with Radar,0,6,12,0,18,0,1,169,61,231,0,7,181,61,249,322,0,322,571
06/01/2014,MKG,MI,AGL,CE,Combined TRACON& Tower with Radar,0,2,5,0,7,0,0,26,0,26,0,2,31,0,33,52,4,56,89
06/02/2014,MKG,MI,AGL,CE,Combined TRACON& Tower with Radar,0,6,9,0,15,0,0,5,4,9,0,6,14,4,24,2,0,2,26
06/03/2014,MKG,MI,AGL,CE,Combined TRACON& Tower with Radar,0,5,17,0,22,0,1,29,1,31,0,6,46,1,53,34,0,34,87
06/04/2014,MKG,MI,AGL,CE,Combined TRACON& Tower with Radar,0,6,19,0,25,0,0,19,10,29,0,6,38,10,54,22,35,57,111
06/05/2014,MKG,MI,AGL,CE,Combined TRACON& Tower with Radar,0,8,26,1,35,0,0,83,2,85,0,8,109,3,120,108,0,108,228
06/06/2014,MKG,MI,AGL,CE,Combined TRACON& Tower with Radar,0,6,26,3,35,0,0,41,1,42,0,6,67,4,77,70,0,70,147
06/07/2014,MKG,MI,AGL,CE,Combined TRACON& Tower with Radar,0,6,8,0,14,0,0,51,1,52,0,6,59,1,66,22,0,22,88
06/08/2014,MKG,MI,AGL,CE,Combined TRACON& Tower with Radar,0,5,18,4,27,0,0,24,1,25,0,5,42,5,52,16,4,20,72
06/09/2014,MKG,MI,AGL,CE,Combined TRACON& Tower with Radar,0,5,21,0,26,0,0,40,3,43,0,5,61,3,69,72,0,72,141
06/10/2014,MKG,MI,AGL,CE,Combined TRACON& Tower with Radar,0,6,19,0,25,0,0,37,2,39,0,6,56,2,64,10,0,10,74
06/11/2014,MKG,MI,AGL,CE,Combined TRACON& Tower with Radar,0,10,6,0,16,0,0,3,2,5,0,10,9,2,21,0,0,0,21
06/12/2014,MKG,MI,AGL,CE,Combined TRACON& Tower with Radar,0,8,20,0,28,0,0,14,2,16,0,8,34,2,44,20,0,20,64
06/13/2014,MKG,MI,AGL,CE,Combined TRACON& Tower with Radar,2,8,26,3,39,0,0,20,3,23,2,8,46,6,62,8,0,8,70
06/14/2014,MKG,MI,AGL,CE,Combined TRACON& Tower with Radar,0,8,9,2,19,0,0,63,4,67,0,8,72,6,86,42,4,46,132
06/15/2014,MKG,MI,AGL,CE,Combined TRACON& Tower with Radar,0,7,10,0,17,0,0,9,4,13,0,7,19,4,30,0,0,0,30
06/16/2014,MKG,MI,AGL,CE,Combined TRACON& Tower with Radar,0,5,12,0,17,0,0,41,4,45,0,5,53,4,62,34,0,34,96
06/17/2014,MKG,MI,AGL,CE,Combined TRACON& Tower with Radar,0,6,18,1,25,0,0,18,1,19,0,6,36,2,44,6,0,6,50
06/18/2014,MKG,MI,AGL,CE,Combined TRACON& Tower with Radar,0,0,13,1,14,0,0,5,1,6,0,0,18,2,20,31,0,31,51
06/19/2014,MKG,MI,AGL,CE,Combined TRACON& Tower with Radar,0,7,15,0,22,0,0,23,4,27,0,7,38,4,49,32,0,32,81
06/20/2014,MKG,MI,AGL,CE,Combined TRACON& Tower with Radar,0,8,25,2,35,0,0,8,1,9,0,8,33,3,44,36,0,36,80
06/21/2014,MKG,MI,AGL,CE,Combined TRACON& Tower with Radar,0,8,23,1,32,0,0,39,2,41,0,8,62,3,73,34,10,44,117
06/22/2014,MKG,MI,AGL,CE,Combined TRACON& Tower with Radar,0,10,5,6,21,0,0,18,5,23,0,10,23,11,44,96,4,100,144
06/23/2014,MKG,MI,AGL,CE,Combined TRACON& Tower with Radar,0,6,27,1,34,0,0,15,4,19,0,6,42,5,53,40,0,40,93
06/24/2014,MKG,MI,AGL,CE,Combined TRACON& Tower with Radar,2,8,17,4,31,0,0,3,2,5,2,8,20,6,36,8,0,8,44
06/25/2014,MKG,MI,AGL,CE,Combined TRACON& Tower with Radar,0,8,28,1,37,0,0,15,3,18,0,8,43,4,55,50,2,52,107
06/26/2014,MKG,MI,AGL,CE,Combined TRACON& Tower with Radar,0,16,36,0,52,0,0,12,2,14,0,16,48,2,66,48,0,48,114
06/27/2014,MKG,MI,AGL,CE,Combined TRACON& Tower with Radar,0,9,23,0,32,0,0,54,7,61,0,9,77,7,93,22,2,24,117
06/28/2014,MKG,MI,AGL,CE,Combined TRACON& Tower with Radar,0,9,14,4,27,0,0,19,8,27,0,9,33,12,54,20,6,26,80
06/29/2014,MKG,MI,AGL,CE,Combined TRACON& Tower with Radar,0,8,11,2,21,0,0,2,4,6,0,8,13,6,27,2,6,8,35
06/30/2014,MKG,MI,AGL,CE,Combined TRACON& Tower with Radar,0,8,9,0,17,0,0,5,6,11,0,8,14,6,28,4,0,4,32
07/01/2014,MKG,MI,AGL,CE,Combined TRACON& Tower with Radar,0,3,23,1,27,0,0,28,3,31,0,3,51,4,58,58,0,58,116
07/02/2014,MKG,MI,AGL,CE,Combined TRACON& Tower with Radar,0,9,25,2,36,0,0,6,2,8,0,9,31,4,44,20,0,20,64
07/03/2014,MKG,MI,AGL,CE,Combined TRACON& Tower with Radar,0,9,11,1,21,0,0,32,1,33,0,9,43,2,54,50,22,72,126
07/04/2014,MKG,MI,AGL,CE,Combined TRACON& Tower with Radar,0,5,3,0,8,0,0,25,4,29,0,5,28,4,37,46,0,46,83
07/05/2014,MKG,MI,AGL,CE,Combined TRACON& Tower with Radar,0,6,16,0,22,0,0,26,9,35,0,6,42,9,57,60,0,60,117
07/06/2014,MKG,MI,AGL,CE,Combined TRACON& Tower with Radar,0,6,23,0,29,0,0,22,11,33,0,6,45,11,62,20,0,20,82
07/07/2014,MKG,MI,AGL,CE,Combined TRACON& Tower with Radar,0,4,21,0,25,0,0,39,3,42,0,4,60,3,67,28,0,28,95
07/08/2014,MKG,MI,AGL,CE,Combined TRACON& Tower with Radar,0,8,20,0,28,0,0,23,1,24,0,8,43,1,52,40,0,40,92
07/09/2014,MKG,MI,AGL,CE,Combined TRACON& Tower with Radar,0,6,14,4,24,0,0,34,6,40,0,6,48,10,64,78,20,98,162
07/10/2014,MKG,MI,AGL,CE,Combined TRACON& Tower with Radar,0,6,26,0,32,0,0,60,1,61,0,6,86,1,93,46,0,46,139
07/11/2014,MKG,MI,AGL,CE,Combined TRACON& Tower with Radar,0,9,19,1,29,0,0,49,4,53,0,9,68,5,82,50,0,50,132
07/12/2014,MKG,MI,AGL,CE,Combined TRACON& Tower with Radar,0,6,11,0,17,0,0,13,0,13,0,6,24,0,30,54,0,54,84
07/13/2014,MKG,MI,AGL,CE,Combined TRACON& Tower with Radar,0,4,11,12,27,0,0,9,2,11,0,4,20,14,38,10,36,46,84
07/14/2014,MKG,MI,AGL,CE,Combined TRACON& Tower with Radar,0,4,9,27,40,0,1,57,2,60,0,5,66,29,100,106,12,118,218
07/15/2014,MKG,MI,AGL,CE,Combined TRACON& Tower with Radar,4,9,19,3,35,0,0,10,3,13,4,9,29,6,48,42,0,42,90
07/16/2014,MKG,MI,AGL,CE,Combined TRACON& Tower with Radar,0,5,30,10,45,0,1,56,12,69,0,6,86,22,114,58,16,74,188
07/17/2014,MKG,MI,AGL,CE,Combined TRACON& Tower with Radar,0,6,11,0,17,0,0,45,2,47,0,6,56,2,64,54,0,54,118
07/18/2014,MKG,MI,AGL,CE,Combined TRACON& Tower with Radar,0,8,19,1,28,0,0,49,6,55,0,8,68,7,83,76,0,76,159
07/19/2014,MKG,MI,AGL,CE,Combined TRACON& Tower with Radar,0,6,15,1,22,0,0,59,8,67,0,6,74,9,89,116,64,180,269
07/20/2014,MKG,MI,AGL,CE,Combined TRACON& Tower with Radar,0,6,12,0,18,0,0,47,4,51,0,6,59,4,69,136,0,136,205
07/21/2014,MKG,MI,AGL,CE,Combined TRACON& Tower with Radar,2,4,10,0,16,0,0,57,2,59,2,4,67,2,75,126,0,126,201
07/22/2014,MKG,MI,AGL,CE,Combined TRACON& Tower with Radar,0,7,13,0,20,0,0,14,0,14,0,7,27,0,34,40,0,40,74
07/23/2014,MKG,MI,AGL,CE,Combined TRACON& Tower with Radar,0,7,35,6,48,0,1,31,6,38,0,8,66,12,86,20,26,46,132
07/24/2014,MKG,MI,AGL,CE,Combined TRACON& Tower with Radar,0,6,19,0,25,0,0,47,2,49,0,6,66,2,74,56,0,56,130
07/25/2014,MKG,MI,AGL,CE,Combined TRACON& Tower with Radar,0,8,17,0,25,0,0,20,7,27,0,8,37,7,52,42,12,54,106
07/26/2014,MKG,MI,AGL,CE,Combined TRACON& Tower with Radar,0,6,20,0,26,0,0,32,9,41,0,6,52,9,67,28,20,48,115
07/27/2014,MKG,MI,AGL,CE,Combined TRACON& Tower with Radar,0,8,14,0,22,0,0,16,2,18,0,8,30,2,40,10,0,10,50
07/28/2014,MKG,MI,AGL,CE,Combined TRACON& Tower with Radar,0,6,16,1,23,0,0,55,5,60,0,6,71,6,83,110,0,110,193
07/29/2014,MKG,MI,AGL,CE,Combined TRACON& Tower with Radar,0,6,19,3,28,0,0,43,11,54,0,6,62,14,82,42,24,66,148
07/30/2014,MKG,MI,AGL,CE,Combined TRACON& Tower with Radar,0,6,26,2,34,0,0,43,4,47,0,6,69,6,81,102,4,106,187
07/31/2014,MKG,MI,AGL,CE,Combined TRACON& Tower with Radar,0,6,22,1,29,0,0,44,1,45,0,6,66,2,74,52,0,52,126
08/01/2014,MKG,MI,AGL,CE,Combined TRACON& Tower with Radar,0,7,23,1,31,0,0,35,3,38,0,7,58,4,69,132,0,132,201
08/02/2014,MKG,MI,AGL,CE,Combined TRACON& Tower with Radar,0,6,16,4,26,0,0,24,7,31,0,6,40,11,57,50,10,60,117
08/03/2014,MKG,MI,AGL,CE,Combined TRACON& Tower with Radar,0,4,29,5,38,0,0,32,14,46,0,4,61,19,84,100,14,114,198
08/04/2014,MKG,MI,AGL,CE,Combined TRACON& Tower with Radar,0,4,12,0,16,0,0,32,4,36,0,4,44,4,52,50,0,50,102
08/05/2014,MKG,MI,AGL,CE,Combined TRACON& Tower with Radar,0,10,17,0,27,0,0,37,2,39,0,10,54,2,66,50,0,50,116
08/06/2014,MKG,MI,AGL,CE,Combined TRACON& Tower with Radar,0,4,13,8,25,0,0,50,10,60,0,4,63,18,85,120,2,122,207
08/07/2014,MKG,MI,AGL,CE,Combined TRACON& Tower with Radar,0,4,10,0,14,0,0,52,1,53,0,4,62,1,67,122,0,122,189
08/08/2014,MKG,MI,AGL,CE,Combined TRACON& Tower with Radar,0,12,18,3,33,0,1,42,6,49,0,13,60,9,82,84,0,84,166
08/09/2014,MKG,MI,AGL,CE,Combined TRACON& Tower with Radar,0,6,13,2,21,0,0,54,10,64,0,6,67,12,85,72,0,72,157
08/10/2014,MKG,MI,AGL,CE,Combined TRACON& Tower with Radar,0,6,14,9,29,0,0,37,10,47,0,6,51,19,76,34,18,52,128
08/11/2014,MKG,MI,AGL,CE,Combined TRACON& Tower with Radar,0,4,11,0,15,0,0,7,5,12,0,4,18,5,27,20,0,20,47
08/12/2014,MKG,MI,AGL,CE,Combined TRACON& Tower with Radar,2,6,10,1,19,0,0,0,0,0,2,6,10,1,19,0,0,0,19
08/13/2014,MKG,MI,AGL,CE,Combined TRACON& Tower with Radar,0,6,23,7,36,0,0,53,6,59,0,6,76,13,95,80,20,100,195
08/14/2014,MKG,MI,AGL,CE,Combined TRACON& Tower with Radar,0,8,22,0,30,0,0,34,3,37,0,8,56,3,67,30,0,30,97
08/15/2014,MKG,MI,AGL,CE,Combined TRACON& Tower with Radar,0,6,23,2,31,0,0,50,6,56,0,6,73,8,87,74,10,84,171
08/16/2014,MKG,MI,AGL,CE,Combined TRACON& Tower with Radar,0,6,13,5,24,0,0,16,7,23,0,6,29,12,47,0,24,24,71
08/17/2014,MKG,MI,AGL,CE,Combined TRACON& Tower with Radar,0,7,26,8,41,0,0,4,7,11,0,7,30,15,52,102,0,102,154
08/18/2014,MKG,MI,AGL,CE,Combined TRACON& Tower with Radar,0,5,24,0,29,0,0,19,5,24,0,5,43,5,53,48,0,48,101
08/19/2014,MKG,MI,AGL,CE,Combined TRACON& Tower with Radar,0,4,18,0,22,0,0,2,1,3,0,4,20,1,25,20,0,20,45
08/20/2014,MKG,MI,AGL,CE,Combined TRACON& Tower with Radar,0,9,23,8,40,0,0,39,15,54,0,9,62,23,94,98,18,116,210
08/21/2014,MKG,MI,AGL,CE,Combined TRACON& Tower with Radar,0,8,14,7,29,0,0,18,1,19,0,8,32,8,48,30,8,38,86
08/22/2014,MKG,MI,AGL,CE,Combined TRACON& Tower with Radar,4,9,12,3,28,0,0,12,8,20,4,9,24,11,48,16,46,62,110
08/23/2014,MKG,MI,AGL,CE,Combined TRACON& Tower with Radar,0,8,13,1,22,0,0,56,15,71,0,8,69,16,93,78,4,82,175
08/24/2014,MKG,MI,AGL,CE,Combined TRACON& Tower with Radar,0,4,12,1,17,0,0,12,3,15,0,4,24,4,32,0,0,0,32
08/25/2014,MKG,MI,AGL,CE,Combined TRACON& Tower with Radar,0,2,6,0,8,0,1,12,2,15,0,3,18,2,23,28,0,28,51
08/26/2014,MKG,MI,AGL,CE,Combined TRACON& Tower with Radar,0,7,24,0,31,0,0,22,1,23,0,7,46,1,54,36,0,36,90
08/27/2014,MKG,MI,AGL,CE,Combined TRACON& Tower with Radar,0,7,25,1,33,0,0,46,5,51,0,7,71,6,84,38,0,38,122
08/28/2014,MKG,MI,AGL,CE,Combined TRACON& Tower with Radar,0,6,11,1,18,0,1,49,1,51,0,7,60,2,69,68,0,68,137
08/29/2014,MKG,MI,AGL,CE,Combined TRACON& Tower with Radar,0,6,11,1,18,0,1,26,5,32,0,7,37,6,50,24,0,24,74
08/30/2014,MKG,MI,AGL,CE,Combined TRACON& Tower with Radar,0,6,5,1,12,0,0,6,3,9,0,6,11,4,21,24,0,24,45
08/31/2014,MKG,MI,AGL,CE,Combined TRACON& Tower with Radar,0,4,7,0,11,0,0,22,0,22,0,4,29,0,33,40,0,40,73
09/01/2014,MKG,MI,AGL,CE,Combined TRACON& Tower with Radar,0,4,15,0,19,0,0,9,2,11,0,4,24,2,30,6,0,6,36
09/02/2014,MKG,MI,AGL,CE,Combined TRACON& Tower with Radar,0,5,38,0,43,0,0,40,1,41,0,5,78,1,84,30,0,30,114
09/03/2014,MKG,MI,AGL,CE,Combined TRACON& Tower with Radar,0,7,32,0,39,0,0,45,0,45,0,7,77,0,84,130,0,130,214
09/04/2014,MKG,MI,AGL,CE,Combined TRACON& Tower with Radar,0,9,21,0,30,0,1,22,0,23,0,10,43,0,53,26,0,26,79
09/05/2014,MKG,MI,AGL,CE,Combined TRACON& Tower with Radar,0,7,28,0,35,0,0,16,3,19,0,7,44,3,54,0,0,0,54
09/06/2014,MKG,MI,AGL,CE,Combined TRACON& Tower with Radar,0,6,15,0,21,0,0,31,3,34,0,6,46,3,55,14,0,14,69
09/07/2014,MKG,MI,AGL,CE,Combined TRACON& Tower with Radar,0,6,13,0,19,0,0,43,0,43,0,6,56,0,62,28,0,28,90
09/08/2014,MKG,MI,AGL,CE,Combined TRACON& Tower with Radar,0,4,22,0,26,0,0,45,0,45,0,4,67,0,71,128,0,128,199
09/09/2014,MKG,MI,AGL,CE,Combined TRACON& Tower with Radar,0,6,29,0,35,0,0,89,0,89,0,6,118,0,124,128,0,128,252
09/10/2014,MKG,MI,AGL,CE,Combined TRACON& Tower with Radar,0,8,13,0,21,0,0,5,0,5,0,8,18,0,26,8,0,8,34
09/11/2014,MKG,MI,AGL,CE,Combined TRACON& Tower with Radar,0,4,26,0,30,0,0,6,0,6,0,4,32,0,36,38,0,38,74
09/12/2014,MKG,MI,AGL,CE,Combined TRACON& Tower with Radar,0,7,14,0,21,0,0,14,0,14,0,7,28,0,35,24,0,24,59
09/13/2014,MKG,MI,AGL,CE,Combined TRACON& Tower with Radar,0,7,7,0,14,0,0,33,0,33,0,7,40,0,47,24,0,24,71
09/14/2014,MKG,MI,AGL,CE,Combined TRACON& Tower with Radar,2,4,4,0,10,0,0,28,0,28,2,4,32,0,38,122,0,122,160
09/15/2014,MKG,MI,AGL,CE,Combined TRACON& Tower with Radar,0,8,22,0,30,0,0,14,0,14,0,8,36,0,44,4,0,4,48
09/16/2014,MKG,MI,AGL,CE,Combined TRACON& Tower with Radar,0,8,27,2,37,0,0,47,0,47,0,8,74,2,84,56,0,56,140
09/17/2014,MKG,MI,AGL,CE,Combined TRACON& Tower with Radar,0,8,28,0,36,0,0,42,0,42,0,8,70,0,78,110,0,110,188
09/18/2014,MKG,MI,AGL,CE,Combined TRACON& Tower with Radar,0,7,24,0,31,0,0,34,2,36,0,7,58,2,67,30,0,30,97
09/19/2014,MKG,MI,AGL,CE,Combined TRACON& Tower with Radar,0,7,35,0,42,0,0,38,0,38,0,7,73,0,80,22,0,22,102
09/20/2014,MKG,MI,AGL,CE,Combined TRACON& Tower with Radar,0,6,4,0,10,0,0,14,0,14,0,6,18,0,24,4,0,4,28
09/21/2014,MKG,MI,AGL,CE,Combined TRACON& Tower with Radar,0,6,4,0,10,0,0,0,0,0,0,6,4,0,10,0,0,0,10
09/22/2014,MKG,MI,AGL,CE,Combined TRACON& Tower with Radar,0,4,24,0,28,0,0,39,0,39,0,4,63,0,67,46,0,46,113
09/23/2014,MKG,MI,AGL,CE,Combined TRACON& Tower with Radar,0,6,17,0,23,0,0,40,0,40,0,6,57,0,63,26,0,26,89
09/24/2014,MKG,MI,AGL,CE,Combined TRACON& Tower with Radar,0,9,29,0,38,0,2,44,3,49,0,11,73,3,87,38,0,38,125
09/25/2014,MKG,MI,AGL,CE,Combined TRACON& Tower with Radar,0,8,23,0,31,0,0,27,0,27,0,8,50,0,58,32,0,32,90
09/26/2014,MKG,MI,AGL,CE,Combined TRACON& Tower with Radar,0,2,12,0,14,0,0,42,0,42,0,2,54,0,56,30,0,30,86
09/27/2014,MKG,MI,AGL,CE,Combined TRACON& Tower with Radar,0,10,9,0,19,0,3,37,0,40,0,13,46,0,59,0,0,0,59
09/28/2014,MKG,MI,AGL,CE,Combined TRACON& Tower with Radar,0,4,13,0,17,0,0,31,0,31,0,4,44,0,48,64,0,64,112
09/29/2014,MKG,MI,AGL,CE,Combined TRACON& Tower with Radar,0,10,6,0,16,0,1,29,0,30,0,11,35,0,46,14,0,14,60
09/30/2014,MKG,MI,AGL,CE,Combined TRACON& Tower with Radar,0,6,13,0,19,0,0,5,0,5,0,6,18,0,24,20,0,20,44
10/01/2014,MKG,MI,AGL,CE,Combined TRACON& Tower with Radar,0,6,8,0,14,0,0,14,0,14,0,6,22,0,28,102,0,102,130
10/02/2014,MKG,MI,AGL,CE,Combined TRACON& Tower with Radar,0,3,13,0,16,0,1,6,0,7,0,4,19,0,23,54,0,54,77
10/03/2014,MKG,MI,AGL,CE,Combined TRACON& Tower with Radar,0,6,11,0,17,0,0,2,0,2,0,6,13,0,19,6,0,6,25
10/04/2014,MKG,MI,AGL,CE,Combined TRACON& Tower with Radar,0,6,11,0,17,4,0,3,0,7,4,6,14,0,24,52,0,52,76
10/05/2014,MKG,MI,AGL,CE,Combined TRACON& Tower with Radar,0,3,14,0,17,0,1,10,0,11,0,4,24,0,28,0,0,0,28
10/06/2014,MKG,MI,AGL,CE,Combined TRACON& Tower with Radar,0,3,7,0,10,0,1,9,0,10,0,4,16,0,20,4,0,4,24
10/07/2014,MKG,MI,AGL,CE,Combined TRACON& Tower with Radar,0,5,17,0,22,0,1,22,0,23,0,6,39,0,45,26,0,26,71
10/08/2014,MKG,MI,AGL,CE,Combined TRACON& Tower with Radar,0,6,14,0,20,0,0,22,0,22,0,6,36,0,42,6,0,6,48
10/09/2014,MKG,MI,AGL,CE,Combined TRACON& Tower with Radar,3,8,16,0,27,0,1,43,0,44,3,9,59,0,71,6,0,6,77
10/10/2014,MKG,MI,AGL,CE,Combined TRACON& Tower with Radar,2,4,18,0,24,0,0,45,4,49,2,4,63,4,73,6,0,6,79
10/11/2014,MKG,MI,AGL,CE,Combined TRACON& Tower with Radar,0,6,10,0,16,0,0,32,0,32,0,6,42,0,48,94,0,94,142
10/12/2014,MKG,MI,AGL,CE,Combined TRACON& Tower with Radar,0,4,11,0,15,0,0,21,0,21,0,4,32,0,36,34,0,34,70
10/13/2014,MKG,MI,AGL,CE,Combined TRACON& Tower with Radar,0,4,10,0,14,0,0,0,0,0,0,4,10,0,14,0,0,0,14
10/14/2014,MKG,MI,AGL,CE,Combined TRACON& Tower with Radar,0,6,21,0,27,0,0,2,0,2,0,6,23,0,29,24,0,24,53
10/15/2014,MKG,MI,AGL,CE,Combined TRACON& Tower with Radar,0,12,15,0,27,0,0,7,0,7,0,12,22,0,34,30,0,30,64
10/16/2014,MKG,MI,AGL,CE,Combined TRACON& Tower with Radar,0,4,26,0,30,0,0,0,0,0,0,4,26,0,30,10,0,10,40
10/17/2014,MKG,MI,AGL,CE,Combined TRACON& Tower with Radar,0,6,30,0,36,0,0,21,0,21,0,6,51,0,57,8,0,8,65
10/18/2014,MKG,MI,AGL,CE,Combined TRACON& Tower with Radar,0,10,15,0,25,0,0,9,0,9,0,10,24,0,34,4,0,4,38
10/19/2014,MKG,MI,AGL,CE,Combined TRACON& Tower with Radar,0,4,18,0,22,0,0,35,0,35,0,4,53,0,57,88,0,88,145
10/20/2014,MKG,MI,AGL,CE,Combined TRACON& Tower with Radar,0,13,13,0,26,0,0,21,0,21,0,13,34,0,47,36,0,36,83
10/21/2014,MKG,MI,AGL,CE,Combined TRACON& Tower with Radar,0,8,27,0,35,0,0,30,0,30,0,8,57,0,65,54,0,54,119
10/22/2014,MKG,MI,AGL,CE,Combined TRACON& Tower with Radar,0,10,24,6,40,0,0,43,0,43,0,10,67,6,83,92,0,92,175
10/23/2014,MKG,MI,AGL,CE,Combined TRACON& Tower with Radar,0,10,45,1,56,1,0,35,1,37,1,10,80,2,93,92,0,92,185
10/24/2014,MKG,MI,AGL,CE,Combined TRACON& Tower with Radar,0,9,23,0,32,0,0,5,0,5,0,9,28,0,37,34,0,34,71
10/25/2014,MKG,MI,AGL,CE,Combined TRACON& Tower with Radar,0,6,16,0,22,0,0,16,0,16,0,6,32,0,38,0,0,0,38
10/26/2014,MKG,MI,AGL,CE,Combined TRACON& Tower with Radar,0,5,11,0,16,0,1,41,2,44,0,6,52,2,60,62,0,62,122
10/27/2014,MKG,MI,AGL,CE,Combined TRACON& Tower with Radar,0,4,9,0,13,0,0,28,0,28,0,4,37,0,41,20,0,20,61
10/28/2014,MKG,MI,AGL,CE,Combined TRACON& Tower with Radar,0,8,12,0,20,0,0,18,0,18,0,8,30,0,38,12,0,12,50
10/29/2014,MKG,MI,AGL,CE,Combined TRACON& Tower with Radar,0,6,11,0,17,0,0,18,0,18,0,6,29,0,35,46,0,46,81
10/30/2014,MKG,MI,AGL,CE,Combined TRACON& Tower with Radar,0,8,15,0,23,0,0,30,0,30,0,8,45,0,53,38,0,38,91
10/31/2014,MKG,MI,AGL,CE,Combined TRACON& Tower with Radar,0,7,3,0,10,0,0,1,0,1,0,7,4,0,11,0,0,0,11
11/01/2014,MKG,MI,AGL,CE,Combined TRACON& Tower with Radar,0,4,19,0,23,0,0,25,0,25,0,4,44,0,48,22,0,22,70
11/02/2014,MKG,MI,AGL,CE,Combined TRACON& Tower with Radar,0,4,3,0,7,0,0,37,0,37,0,4,40,0,44,22,0,22,66
11/03/2014,MKG,MI,AGL,CE,Combined TRACON& Tower with Radar,0,4,23,0,27,0,0,23,0,23,0,4,46,0,50,34,0,34,84
11/04/2014,MKG,MI,AGL,CE,Combined TRACON& Tower with Radar,0,6,22,0,28,0,0,6,0,6,0,6,28,0,34,24,0,24,58
11/05/2014,MKG,MI,AGL,CE,Combined TRACON& Tower with Radar,0,6,20,0,26,0,0,33,0,33,0,6,53,0,59,52,0,52,111
11/06/2014,MKG,MI,AGL,CE,Combined TRACON& Tower with Radar,4,6,18,0,28,0,0,1,0,1,4,6,19,0,29,0,0,0,29
11/07/2014,MKG,MI,AGL,CE,Combined TRACON& Tower with Radar,0,6,23,0,29,0,0,31,0,31,0,6,54,0,60,20,0,20,80
11/08/2014,MKG,MI,AGL,CE,Combined TRACON& Tower with Radar,0,4,0,0,4,0,1,4,0,5,0,5,4,0,9,6,0,6,15
11/09/2014,MKG,MI,AGL,CE,Combined TRACON& Tower with Radar,0,4,8,0,12,0,0,2,0,2,0,4,10,0,14,4,0,4,18
11/10/2014,MKG,MI,AGL,CE,Combined TRACON& Tower with Radar,0,4,7,0,11,0,0,22,0,22,0,4,29,0,33,88,0,88,121
11/11/2014,MKG,MI,AGL,CE,Combined TRACON& Tower with Radar,0,8,6,0,14,0,0,0,0,0,0,8,6,0,14,0,0,0,14
11/12/2014,MKG,MI,AGL,CE,Combined TRACON& Tower with Radar,0,6,11,0,17,0,0,8,0,8,0,6,19,0,25,16,0,16,41
11/13/2014,MKG,MI,AGL,CE,Combined TRACON& Tower with Radar,0,4,4,0,8,0,0,0,0,0,0,4,4,0,8,0,0,0,8
11/14/2014,MKG,MI,AGL,CE,Combined TRACON& Tower with Radar,0,4,9,0,13,0,0,1,0,1,0,4,10,0,14,42,0,42,56
11/15/2014,MKG,MI,AGL,CE,Combined TRACON& Tower with Radar,0,7,6,0,13,0,0,9,0,9,0,7,15,0,22,40,0,40,62
11/16/2014,MKG,MI,AGL,CE,Combined TRACON& Tower with Radar,0,5,10,0,15,0,0,4,0,4,0,5,14,0,19,26,0,26,45
11/17/2014,MKG,MI,AGL,CE,Combined TRACON& Tower with Radar,0,5,1,0,6,0,0,0,0,0,0,5,1,0,6,0,0,0,6
11/18/2014,MKG,MI,AGL,CE,Combined TRACON& Tower with Radar,0,6,8,0,14,0,0,0,0,0,0,6,8,0,14,0,0,0,14
11/19/2014,MKG,MI,AGL,CE,Combined TRACON& Tower with Radar,0,6,13,0,19,0,0,0,0,0,0,6,13,0,19,0,0,0,19
11/20/2014,MKG,MI,AGL,CE,Combined TRACON& Tower with Radar,0,6,6,0,12,0,0,0,0,0,0,6,6,0,12,0,0,0,12
11/21/2014,MKG,MI,AGL,CE,Combined TRACON& Tower with Radar,0,9,32,0,41,0,0,20,0,20,0,9,52,0,61,10,0,10,71
11/22/2014,MKG,MI,AGL,CE,Combined TRACON& Tower with Radar,0,6,1,0,7,0,0,0,0,0,0,6,1,0,7,0,0,0,7
11/23/2014,MKG,MI,AGL,CE,Combined TRACON& Tower with Radar,0,6,4,0,10,0,0,3,0,3,0,6,7,0,13,0,0,0,13
11/24/2014,MKG,MI,AGL,CE,Combined TRACON& Tower with Radar,0,2,4,0,6,0,0,0,0,0,0,2,4,0,6,0,0,0,6
11/25/2014,MKG,MI,AGL,CE,Combined TRACON& Tower with Radar,0,6,4,0,10,0,0,2,0,2,0,6,6,0,12,18,0,18,30
11/26/2014,MKG,MI,AGL,CE,Combined TRACON& Tower with Radar,0,6,18,0,24,0,0,27,0,27,0,6,45,0,51,132,0,132,183
11/27/2014,MKG,MI,AGL,CE,Combined TRACON& Tower with Radar,0,4,6,0,10,0,0,0,0,0,0,4,6,0,10,0,0,0,10
11/28/2014,MKG,MI,AGL,CE,Combined TRACON& Tower with Radar,0,7,5,0,12,0,1,3,0,4,0,8,8,0,16,8,0,8,24
11/29/2014,MKG,MI,AGL,CE,Combined TRACON& Tower with Radar,0,4,8,0,12,0,0,31,0,31,0,4,39,0,43,72,0,72,115
11/30/2014,MKG,MI,AGL,CE,Combined TRACON& Tower with Radar,0,6,17,0,23,0,0,0,0,0,0,6,17,0,23,14,0,14,37
12/01/2014,MKG,MI,AGL,CE,Combined TRACON& Tower with Radar,0,5,10,0,15,0,0,13,2,15,0,5,23,2,30,62,0,62,92
12/02/2014,MKG,MI,AGL,CE,Combined TRACON& Tower with Radar,0,6,18,0,24,0,0,38,0,38,0,6,56,0,62,66,0,66,128
12/03/2014,MKG,MI,AGL,CE,Combined TRACON& Tower with Radar,0,7,42,0,49,0,0,22,0,22,0,7,64,0,71,100,0,100,171
12/04/2014,MKG,MI,AGL,CE,Combined TRACON& Tower with Radar,0,6,13,0,19,0,0,23,0,23,0,6,36,0,42,36,0,36,78
12/05/2014,MKG,MI,AGL,CE,Combined TRACON& Tower with Radar,2,6,15,0,23,0,0,2,0,2,2,6,17,0,25,32,0,32,57
12/06/2014,MKG,MI,AGL,CE,Combined TRACON& Tower with Radar,0,6,44,0,50,0,0,34,0,34,0,6,78,0,84,54,0,54,138
12/07/2014,MKG,MI,AGL,CE,Combined TRACON& Tower with Radar,0,4,9,0,13,0,0,47,0,47,0,4,56,0,60,80,0,80,140
12/08/2014,MKG,MI,AGL,CE,Combined TRACON& Tower with Radar,0,4,10,0,14,0,0,0,0,0,0,4,10,0,14,6,0,6,20
12/09/2014,MKG,MI,AGL,CE,Combined TRACON& Tower with Radar,0,8,20,0,28,0,0,0,0,0,0,8,20,0,28,0,0,0,28
12/10/2014,MKG,MI,AGL,CE,Combined TRACON& Tower with Radar,0,6,11,0,17,0,0,40,0,40,0,6,51,0,57,166,0,166,223
12/11/2014,MKG,MI,AGL,CE,Combined TRACON& Tower with Radar,0,8,28,1,37,0,0,48,1,49,0,8,76,2,86,64,0,64,150
12/12/2014,MKG,MI,AGL,CE,Combined TRACON& Tower with Radar,0,9,27,2,38,0,0,0,0,0,0,9,27,2,38,12,0,12,50
12/13/2014,MKG,MI,AGL,CE,Combined TRACON& Tower with Radar,0,7,4,0,11,0,0,0,0,0,0,7,4,0,11,2,0,2,13
12/14/2014,MKG,MI,AGL,CE,Combined TRACON& Tower with Radar,0,4,12,0,16,0,0,0,0,0,0,4,12,0,16,0,0,0,16
12/15/2014,MKG,MI,AGL,CE,Combined TRACON& Tower with Radar,0,4,10,0,14,0,0,3,0,3,0,4,13,0,17,36,0,36,53
12/16/2014,MKG,MI,AGL,CE,Combined TRACON& Tower with Radar,0,7,11,0,18,0,0,0,0,0,0,7,11,0,18,0,0,0,18
12/17/2014,MKG,MI,AGL,CE,Combined TRACON& Tower with Radar,0,8,18,0,26,0,1,5,0,6,0,9,23,0,32,8,0,8,40
12/18/2014,MKG,MI,AGL,CE,Combined TRACON& Tower with Radar,2,6,14,0,22,0,0,6,0,6,2,6,20,0,28,70,0,70,98
12/19/2014,MKG,MI,AGL,CE,Combined TRACON& Tower with Radar,0,8,27,1,36,0,0,71,0,71,0,8,98,1,107,124,0,124,231
12/20/2014,MKG,MI,AGL,CE,Combined TRACON& Tower with Radar,0,6,7,0,13,0,0,18,0,18,0,6,25,0,31,50,0,50,81
12/21/2014,MKG,MI,AGL,CE,Combined TRACON& Tower with Radar,2,4,13,1,20,0,0,7,0,7,2,4,20,1,27,80,0,80,107
12/22/2014,MKG,MI,AGL,CE,Combined TRACON& Tower with Radar,0,4,12,0,16,0,0,17,0,17,0,4,29,0,33,66,0,66,99
12/23/2014,MKG,MI,AGL,CE,Combined TRACON& Tower with Radar,0,10,8,0,18,0,0,26,0,26,0,10,34,0,44,36,0,36,80
12/24/2014,MKG,MI,AGL,CE,Combined TRACON& Tower with Radar,0,6,10,0,16,0,0,0,0,0,0,6,10,0,16,0,0,0,16
12/25/2014,MKG,MI,AGL,CE,Combined TRACON& Tower with Radar,0,4,6,0,10,0,0,9,0,9,0,4,15,0,19,0,0,0,19
12/26/2014,MKG,MI,AGL,CE,Combined TRACON& Tower with Radar,0,6,11,0,17,0,0,11,0,11,0,6,22,0,28,24,0,24,52
12/27/2014,MKG,MI,AGL,CE,Combined TRACON& Tower with Radar,0,6,3,0,9,0,0,0,0,0,0,6,3,0,9,0,0,0,9
12/28/2014,MKG,MI,AGL,CE,Combined TRACON& Tower with Radar,0,4,20,0,24,0,0,42,0,42,0,4,62,0,66,56,0,56,122
12/29/2014,MKG,MI,AGL,CE,Combined TRACON& Tower with Radar,0,5,7,0,12,0,0,41,0,41,0,5,48,0,53,126,0,126,179
12/30/2014,MKG,MI,AGL,CE,Combined TRACON& Tower with Radar,0,8,36,2,46,0,0,7,2,9,0,8,43,4,55,18,0,18,73
12/31/2014,MKG,MI,AGL,CE,Combined TRACON& Tower with Radar,0,6,10,0,16,0,0,3,0,3,0,6,13,0,19,10,0,10,29
01/01/2015,MKG,MI,AGL,CE,Combined TRACON& Tower with Radar,0,5,4,0,9,0,0,4,0,4,0,5,8,0,13,22,0,22,35
01/02/2015,MKG,MI,AGL,CE,Combined TRACON& Tower with Radar,0,10,21,0,31,0,0,50,0,50,0,10,71,0,81,84,0,84,165
01/03/2015,MKG,MI,AGL,CE,Combined TRACON& Tower with Radar,0,7,4,0,11,0,0,0,0,0,0,7,4,0,11,0,0,0,11
01/04/2015,MKG,MI,AGL,CE,Combined TRACON& Tower with Radar,0,2,4,0,6,0,0,0,0,0,0,2,4,0,6,0,0,0,6
01/05/2015,MKG,MI,AGL,CE,Combined TRACON& Tower with Radar,0,0,5,0,5,0,0,1,0,1,0,0,6,0,6,0,0,0,6
01/06/2015,MKG,MI,AGL,CE,Combined TRACON& Tower with Radar,0,8,5,0,13,0,0,2,0,2,0,8,7,0,15,16,0,16,31
01/07/2015,MKG,MI,AGL,CE,Combined TRACON& Tower with Radar,0,2,10,0,12,0,0,0,0,0,0,2,10,0,12,0,0,0,12
01/08/2015,MKG,MI,AGL,CE,Combined TRACON& Tower with Radar,0,4,3,0,7,0,0,0,0,0,0,4,3,0,7,0,0,0,7
01/09/2015,MKG,MI,AGL,CE,Combined TRACON& Tower with Radar,0,2,1,0,3,0,0,0,0,0,0,2,1,0,3,0,0,0,3
01/10/2015,MKG,MI,AGL,CE,Combined TRACON& Tower with Radar,0,6,4,0,10,0,0,2,0,2,0,6,6,0,12,0,0,0,12
01/11/2015,MKG,MI,AGL,CE,Combined TRACON& Tower with Radar,0,4,13,0,17,0,0,39,0,39,0,4,52,0,56,74,0,74,130
01/12/2015,MKG,MI,AGL,CE,Combined TRACON& Tower with Radar,0,4,8,0,12,0,0,18,0,18,0,4,26,0,30,14,0,14,44
01/13/2015,MKG,MI,AGL,CE,Combined TRACON& Tower with Radar,0,6,11,0,17,0,0,32,0,32,0,6,43,0,49,44,0,44,93
01/14/2015,MKG,MI,AGL,CE,Combined TRACON& Tower with Radar,0,6,22,0,28,0,0,6,0,6,0,6,28,0,34,74,0,74,108
01/15/2015,MKG,MI,AGL,CE,Combined TRACON& Tower with Radar,0,6,14,0,20,0,0,10,0,10,0,6,24,0,30,56,0,56,86
01/16/2015,MKG,MI,AGL,CE,Combined TRACON& Tower with Radar,0,6,7,0,13,0,0,35,0,35,0,6,42,0,48,56,0,56,104
01/17/2015,MKG,MI,AGL,CE,Combined TRACON& Tower with Radar,0,10,2,0,12,0,0,12,0,12,0,10,14,0,24,12,0,12,36
01/18/2015,MKG,MI,AGL,CE,Combined TRACON& Tower with Radar,0,8,2,0,10,0,0,2,0,2,0,8,4,0,12,2,0,2,14
01/19/2015,MKG,MI,AGL,CE,Combined TRACON& Tower with Radar,0,4,12,0,16,0,0,26,0,26,0,4,38,0,42,84,0,84,126
01/20/2015,MKG,MI,AGL,CE,Combined TRACON& Tower with Radar,0,6,5,0,11,0,0,10,0,10,0,6,15,0,21,22,0,22,43
01/21/2015,MKG,MI,AGL,CE,Combined TRACON& Tower with Radar,0,4,8,0,12,0,0,0,0,0,0,4,8,0,12,0,0,0,12
01/22/2015,MKG,MI,AGL,CE,Combined TRACON& Tower with Radar,0,6,9,0,15,0,0,14,0,14,0,6,23,0,29,72,0,72,101
01/23/2015,MKG,MI,AGL,CE,Combined TRACON& Tower with Radar,0,6,6,0,12,0,0,4,0,4,0,6,10,0,16,106,0,106,122
01/24/2015,MKG,MI,AGL,CE,Combined TRACON& Tower with Radar,0,6,3,0,9,0,0,16,0,16,0,6,19,0,25,86,0,86,111
01/25/2015,MKG,MI,AGL,CE,Combined TRACON& Tower with Radar,0,4,1,0,5,0,0,18,0,18,0,4,19,0,23,28,0,28,51
01/26/2015,MKG,MI,AGL,CE,Combined TRACON& Tower with Radar,0,4,8,0,12,0,0,36,0,36,0,4,44,0,48,44,0,44,92
01/27/2015,MKG,MI,AGL,CE,Combined TRACON& Tower with Radar,0,6,18,1,25,0,0,40,0,40,0,6,58,1,65,90,6,96,161
01/28/2015,MKG,MI,AGL,CE,Combined TRACON& Tower with Radar,0,7,17,2,26,0,0,36,2,38,0,7,53,4,64,64,4,68,132
01/29/2015,MKG,MI,AGL,CE,Combined TRACON& Tower with Radar,0,8,9,0,17,0,0,0,0,0,0,8,9,0,17,0,0,0,17
01/30/2015,MKG,MI,AGL,CE,Combined TRACON& Tower with Radar,0,6,10,0,16,0,0,19,0,19,0,6,29,0,35,32,0,32,67
01/31/2015,MKG,MI,AGL,CE,Combined TRACON& Tower with Radar,0,6,17,0,23,0,0,30,0,30,0,6,47,0,53,108,0,108,161
02/01/2015,MKG,MI,AGL,CE,Combined TRACON& Tower with Radar,0,0,1,0,1,0,0,0,0,0,0,0,1,0,1,0,0,0,1
02/02/2015,MKG,MI,AGL,CE,Combined TRACON& Tower with Radar,0,0,5,0,5,0,0,8,0,8,0,0,13,0,13,28,0,28,41
02/03/2015,MKG,MI,AGL,CE,Combined TRACON& Tower with Radar,0,7,12,0,19,0,0,0,0,0,0,7,12,0,19,0,0,0,19
02/04/2015,MKG,MI,AGL,CE,Combined TRACON& Tower with Radar,0,6,9,0,15,0,0,4,0,4,0,6,13,0,19,12,0,12,31
02/05/2015,MKG,MI,AGL,CE,Combined TRACON& Tower with Radar,0,6,11,0,17,0,0,20,0,20,0,6,31,0,37,6,0,6,43
02/06/2015,MKG,MI,AGL,CE,Combined TRACON& Tower with Radar,0,6,17,0,23,0,0,5,0,5,0,6,22,0,28,26,0,26,54
02/07/2015,MKG,MI,AGL,CE,Combined TRACON& Tower with Radar,0,6,10,0,16,0,0,2,0,2,0,6,12,0,18,36,0,36,54
02/08/2015,MKG,MI,AGL,CE,Combined TRACON& Tower with Radar,0,4,0,0,4,0,0,0,0,0,0,4,0,0,4,0,0,0,4
02/09/2015,MKG,MI,AGL,CE,Combined TRACON& Tower with Radar,0,4,14,0,18,0,0,38,0,38,0,4,52,0,56,76,0,76,132
02/10/2015,MKG,MI,AGL,CE,Combined TRACON& Tower with Radar,0,6,3,0,9,0,0,41,0,41,0,6,44,0,50,98,0,98,148
02/11/2015,MKG,MI,AGL,CE,Combined TRACON& Tower with Radar,0,0,9,0,9,0,0,1,0,1,0,0,10,0,10,2,0,2,12
02/12/2015,MKG,MI,AGL,CE,Combined TRACON& Tower with Radar,0,6,7,0,13,0,0,2,0,2,0,6,9,0,15,0,0,0,15
02/13/2015,MKG,MI,AGL,CE,Combined TRACON& Tower with Radar,0,6,5,0,11,0,0,0,0,0,0,6,5,0,11,0,0,0,11
02/14/2015,MKG,MI,AGL,CE,Combined TRACON& Tower with Radar,0,4,0,0,4,0,0,0,0,0,0,4,0,0,4,0,0,0,4
02/15/2015,MKG,MI,AGL,CE,Combined TRACON& Tower with Radar,0,4,7,0,11,0,0,10,0,10,0,4,17,0,21,24,0,24,45
02/16/2015,MKG,MI,AGL,CE,Combined TRACON& Tower with Radar,0,6,11,0,17,0,0,40,0,40,0,6,51,0,57,60,0,60,117
02/17/2015,MKG,MI,AGL,CE,Combined TRACON& Tower with Radar,0,4,17,0,21,0,0,0,0,0,0,4,17,0,21,0,0,0,21
02/18/2015,MKG,MI,AGL,CE,Combined TRACON& Tower with Radar,0,4,10,0,14,0,0,0,0,0,0,4,10,0,14,0,0,0,14
02/19/2015,MKG,MI,AGL,CE,Combined TRACON& Tower with Radar,0,8,10,0,18,0,0,0,0,0,0,8,10,0,18,0,0,0,18
02/20/2015,MKG,MI,AGL,CE,Combined TRACON& Tower with Radar,0,4,9,0,13,0,0,3,0,3,0,4,12,0,16,0,0,0,16
02/21/2015,MKG,MI,AGL,CE,Combined TRACON& Tower with Radar,0,4,9,0,13,0,0,10,0,10,0,4,19,0,23,68,0,68,91
02/22/2015,MKG,MI,AGL,CE,Combined TRACON& Tower with Radar,0,3,9,0,12,0,0,1,0,1,0,3,10,0,13,0,0,0,13
02/23/2015,MKG,MI,AGL,CE,Combined TRACON& Tower with Radar,0,4,16,0,20,0,0,7,0,7,0,4,23,0,27,6,0,6,33
02/24/2015,MKG,MI,AGL,CE,Combined TRACON& Tower with Radar,0,8,10,0,18,0,0,0,0,0,0,8,10,0,18,0,0,0,18
02/25/2015,MKG,MI,AGL,CE,Combined TRACON& Tower with Radar,0,10,22,0,32,0,0,37,2,39,0,10,59,2,71,42,0,42,113
02/26/2015,MKG,MI,AGL,CE,Combined TRACON& Tower with Radar,0,5,9,0,14,0,2,27,2,31,0,7,36,2,45,128,2,130,175
02/27/2015,MKG,MI,AGL,CE,Combined TRACON& Tower with Radar,0,6,18,0,24,0,0,13,0,13,0,6,31,0,37,48,0,48,85
02/28/2015,MKG,MI,AGL,CE,Combined TRACON& Tower with Radar,0,8,19,0,27,0,0,37,0,37,0,8,56,0,64,56,0,56,120
03/01/2015,MKG,MI,AGL,CE,Combined TRACON& Tower with Radar,0,6,4,0,10,0,0,1,0,1,0,6,5,0,11,16,0,16,27
03/02/2015,MKG,MI,AGL,CE,Combined TRACON& Tower with Radar,2,6,10,0,18,0,0,31,0,31,2,6,41,0,49,72,0,72,121
03/03/2015,MKG,MI,AGL,CE,Combined TRACON& Tower with Radar,0,4,1,0,5,0,0,0,0,0,0,4,1,0,5,0,0,0,5
03/04/2015,MKG,MI,AGL,CE,Combined TRACON& Tower with Radar,0,6,6,0,12,0,0,6,2,8,0,6,12,2,20,14,0,14,34
03/05/2015,MKG,MI,AGL,CE,Combined TRACON& Tower with Radar,0,4,25,1,30,0,0,24,5,29,0,4,49,6,59,68,0,68,127
03/06/2015,MKG,MI,AGL,CE,Combined TRACON& Tower with Radar,0,5,7,0,12,0,1,9,0,10,0,6,16,0,22,0,0,0,22
03/07/2015,MKG,MI,AGL,CE,Combined TRACON& Tower with Radar,0,6,6,0,12,0,0,14,0,14,0,6,20,0,26,42,0,42,68
03/08/2015,MKG,MI,AGL,CE,Combined TRACON& Tower with Radar,0,4,9,0,13,1,0,18,0,19,1,4,27,0,32,26,0,26,58
03/09/2015,MKG,MI,AGL,CE,Combined TRACON& Tower with Radar,0,4,18,0,22,0,0,30,0,30,0,4,48,0,52,144,0,144,196
03/10/2015,MKG,MI,AGL,CE,Combined TRACON& Tower with Radar,0,4,13,0,17,0,0,0,0,0,0,4,13,0,17,0,0,0,17
03/11/2015,MKG,MI,AGL,CE,Combined TRACON& Tower with Radar,0,6,34,2,42,0,0,46,0,46,0,6,80,2,88,112,0,112,200
03/12/2015,MKG,MI,AGL,CE,Combined TRACON& Tower with Radar,0,6,4,0,10,0,1,44,0,45,0,7,48,0,55,178,0,178,233
03/13/2015,MKG,MI,AGL,CE,Combined TRACON& Tower with Radar,0,6,11,0,17,0,0,46,0,46,0,6,57,0,63,98,0,98,161
03/14/2015,MKG,MI,AGL,CE,Combined TRACON& Tower with Radar,0,6,21,0,27,0,0,27,0,27,0,6,48,0,54,98,0,98,152
03/15/2015,MKG,MI,AGL,CE,Combined TRACON& Tower with Radar,0,6,14,0,20,0,0,40,0,40,0,6,54,0,60,132,0,132,192
03/16/2015,MKG,MI,AGL,CE,Combined TRACON& Tower with Radar,0,4,16,0,20,0,0,30,0,30,0,4,46,0,50,62,0,62,112
03/17/2015,MKG,MI,AGL,CE,Combined TRACON& Tower with Radar,0,6,18,0,24,0,0,27,0,27,0,6,45,0,51,78,0,78,129
03/18/2015,MKG,MI,AGL,CE,Combined TRACON& Tower with Radar,0,6,14,0,20,0,0,37,0,37,0,6,51,0,57,38,0,38,95
03/19/2015,MKG,MI,AGL,CE,Combined TRACON& Tower with Radar,0,4,15,0,19,0,1,37,1,39,0,5,52,1,58,40,0,40,98
03/20/2015,MKG,MI,AGL,CE,Combined TRACON& Tower with Radar,0,6,17,0,23,0,2,40,0,42,0,8,57,0,65,18,0,18,83
03/21/2015,MKG,MI,AGL,CE,Combined TRACON& Tower with Radar,0,6,6,0,12,0,1,25,0,26,0,7,31,0,38,54,0,54,92
03/22/2015,MKG,MI,AGL,CE,Combined TRACON& Tower with Radar,0,4,9,0,13,0,0,38,0,38,0,4,47,0,51,70,0,70,121
03/23/2015,MKG,MI,AGL,CE,Combined TRACON& Tower with Radar,0,2,11,0,13,0,0,26,0,26,0,2,37,0,39,42,0,42,81
03/24/2015,MKG,MI,AGL,CE,Combined TRACON& Tower with Radar,0,8,19,0,27,0,0,28,0,28,0,8,47,0,55,54,0,54,109
03/25/2015,MKG,MI,AGL,CE,Combined TRACON& Tower with Radar,0,4,6,0,10,0,0,0,0,0,0,4,6,0,10,0,0,0,10
03/26/2015,MKG,MI,AGL,CE,Combined TRACON& Tower with Radar,0,6,16,0,22,0,0,10,1,11,0,6,26,1,33,12,0,12,45
03/27/2015,MKG,MI,AGL,CE,Combined TRACON& Tower with Radar,0,6,11,0,17,0,0,23,1,24,0,6,34,1,41,24,0,24,65
03/28/2015,MKG,MI,AGL,CE,Combined TRACON& Tower with Radar,0,10,32,0,42,0,0,36,0,36,0,10,68,0,78,0,0,0,78
03/29/2015,MKG,MI,AGL,CE,Combined TRACON& Tower with Radar,0,4,3,0,7,0,0,5,0,5,0,4,8,0,12,0,0,0,12
03/30/2015,MKG,MI,AGL,CE,Combined TRACON& Tower with Radar,0,4,15,0,19,0,0,26,0,26,0,4,41,0,45,56,0,56,101
03/31/2015,MKG,MI,AGL,CE,Combined TRACON& Tower with Radar,0,6,11,0,17,0,0,16,2,18,0,6,27,2,35,98,0,98,133
04/01/2015,MKG,MI,AGL,CE,Combined TRACON& Tower with Radar,0,9,17,0,26,0,0,73,0,73,0,9,90,0,99,147,0,147,246
04/02/2015,MKG,MI,AGL,CE,Combined TRACON& Tower with Radar,0,6,8,0,14,0,0,4,0,4,0,6,12,0,18,32,0,32,50
04/03/2015,MKG,MI,AGL,CE,Combined TRACON& Tower with Radar,0,6,12,0,18,0,0,10,0,10,0,6,22,0,28,80,0,80,108
04/04/2015,MKG,MI,AGL,CE,Combined TRACON& Tower with Radar,0,6,12,0,18,0,0,21,0,21,0,6,33,0,39,4,0,4,43
04/05/2015,MKG,MI,AGL,CE,Combined TRACON& Tower with Radar,0,4,5,0,9,0,0,19,0,19,0,4,24,0,28,70,0,70,98
04/06/2015,MKG,MI,AGL,CE,Combined TRACON& Tower with Radar,0,4,26,0,30,0,0,43,0,43,0,4,69,0,73,37,0,37,110
04/07/2015,MKG,MI,AGL,CE,Combined TRACON& Tower with Radar,0,8,8,0,16,0,0,5,0,5,0,8,13,0,21,0,0,0,21
04/08/2015,MKG,MI,AGL,CE,Combined TRACON& Tower with Radar,0,10,15,0,25,0,0,2,0,2,0,10,17,0,27,2,0,2,29
04/09/2015,MKG,MI,AGL,CE,Combined TRACON& Tower with Radar,2,2,7,0,11,0,0,0,0,0,2,2,7,0,11,0,0,0,11
04/10/2015,MKG,MI,AGL,CE,Combined TRACON& Tower with Radar,0,5,4,0,9,0,0,2,0,2,0,5,6,0,11,0,0,0,11
04/11/2015,MKG,MI,AGL,CE,Combined TRACON& Tower with Radar,0,6,18,0,24,0,0,53,0,53,0,6,71,0,77,26,0,26,103
04/12/2015,MKG,MI,AGL,CE,Combined TRACON& Tower with Radar,0,4,7,0,11,0,0,38,0,38,0,4,45,0,49,48,0,48,97
04/13/2015,MKG,MI,AGL,CE,Combined TRACON& Tower with Radar,0,5,13,0,18,0,0,16,0,16,0,5,29,0,34,19,0,19,53
04/14/2015,MKG,MI,AGL,CE,Combined TRACON& Tower with Radar,0,9,22,0,31,0,0,47,0,47,0,9,69,0,78,73,0,73,151
04/15/2015,MKG,MI,AGL,CE,Combined TRACON& Tower with Radar,0,14,15,1,30,0,1,51,0,52,0,15,66,1,82,0,0,0,82
04/16/2015,MKG,MI,AGL,CE,Combined TRACON& Tower with Radar,0,4,20,0,24,0,0,30,0,30,0,4,50,0,54,104,1,105,159
04/17/2015,MKG,MI,AGL,CE,Combined TRACON& Tower with Radar,0,7,15,0,22,0,1,50,0,51,0,8,65,0,73,94,0,94,167
04/18/2015,MKG,MI,AGL,CE,Combined TRACON& Tower with Radar,0,6,10,0,16,0,0,51,3,54,0,6,61,3,70,88,0,88,158
04/19/2015,MKG,MI,AGL,CE,Combined TRACON& Tower with Radar,0,6,5,0,11,0,0,10,0,10,0,6,15,0,21,42,0,42,63
04/20/2015,MKG,MI,AGL,CE,Combined TRACON& Tower with Radar,0,6,21,0,27,0,0,0,0,0,0,6,21,0,27,12,0,12,39
04/21/2015,MKG,MI,AGL,CE,Combined TRACON& Tower with Radar,0,6,12,0,18,0,0,7,0,7,0,6,19,0,25,0,0,0,25
04/22/2015,MKG,MI,AGL,CE,Combined TRACON& Tower with Radar,0,2,14,0,16,0,0,4,0,4,0,2,18,0,20,0,0,0,20
04/23/2015,MKG,MI,AGL,CE,Combined TRACON& Tower with Radar,0,8,30,0,38,0,0,29,3,32,0,8,59,3,70,56,0,56,126
04/24/2015,MKG,MI,AGL,CE,Combined TRACON& Tower with Radar,0,12,26,0,38,0,0,62,0,62,0,12,88,0,100,120,0,120,220
04/25/2015,MKG,MI,AGL,CE,Combined TRACON& Tower with Radar,0,8,17,0,25,0,0,23,0,23,0,8,40,0,48,27,0,27,75
04/26/2015,MKG,MI,AGL,CE,Combined TRACON& Tower with Radar,0,4,10,0,14,0,0,32,0,32,0,4,42,0,46,10,0,10,56
04/27/2015,MKG,MI,AGL,CE,Combined TRACON& Tower with Radar,0,6,12,0,18,0,0,32,0,32,0,6,44,0,50,62,0,62,112
04/28/2015,MKG,MI,AGL,CE,Combined TRACON& Tower with Radar,0,7,26,0,33,0,0,46,0,46,0,7,72,0,79,138,0,138,217
04/29/2015,MKG,MI,AGL,CE,Combined TRACON& Tower with Radar,0,11,17,0,28,0,0,59,0,59,0,11,76,0,87,134,0,134,221
04/30/2015,MKG,MI,AGL,CE,Combined TRACON& Tower with Radar,0,7,16,0,23,0,0,27,2,29,0,7,43,2,52,46,0,46,98
05/01/2015,MKG,MI,AGL,CE,Combined TRACON& Tower with Radar,0,8,24,0,32,0,1,36,0,37,0,9,60,0,69,66,0,66,135
05/02/2015,MKG,MI,AGL,CE,Combined TRACON& Tower with Radar,0,6,13,0,19,0,0,55,1,56,0,6,68,1,75,78,0,78,153
05/03/2015,MKG,MI,AGL,CE,Combined TRACON& Tower with Radar,0,6,15,0,21,0,0,28,0,28,0,6,43,0,49,36,0,36,85
05/04/2015,MKG,MI,AGL,CE,Combined TRACON& Tower with Radar,0,4,7,0,11,0,0,8,0,8,0,4,15,0,19,58,0,58,77
05/05/2015,MKG,MI,AGL,CE,Combined TRACON& Tower with Radar,0,6,7,0,13,0,0,11,0,11,0,6,18,0,24,92,0,92,116
05/06/2015,MKG,MI,AGL,CE,Combined TRACON& Tower with Radar,0,6,27,0,33,0,0,16,0,16,0,6,43,0,49,56,0,56,105
05/07/2015,MKG,MI,AGL,CE,Combined TRACON& Tower with Radar,0,6,22,0,28,0,0,36,0,36,0,6,58,0,64,0,0,0,64
05/08/2015,MKG,MI,AGL,CE,Combined TRACON& Tower with Radar,0,2,18,0,20,0,2,7,0,9,0,4,25,0,29,8,0,8,37
05/09/2015,MKG,MI,AGL,CE,Combined TRACON& Tower with Radar,0,6,16,0,22,0,0,0,0,0,0,6,16,0,22,0,0,0,22
05/10/2015,MKG,MI,AGL,CE,Combined TRACON& Tower with Radar,0,4,5,1,10,0,0,0,0,0,0,4,5,1,10,0,0,0,10
05/11/2015,MKG,MI,AGL,CE,Combined TRACON& Tower with Radar,0,4,11,0,15,0,0,0,0,0,0,4,11,0,15,0,0,0,15
05/12/2015,MKG,MI,AGL,CE,Combined TRACON& Tower with Radar,0,6,23,0,29,0,0,10,0,10,0,6,33,0,39,18,0,18,57
05/13/2015,MKG,MI,AGL,CE,Combined TRACON& Tower with Radar,0,6,32,0,38,0,0,29,0,29,0,6,61,0,67,50,0,50,117
05/14/2015,MKG,MI,AGL,CE,Combined TRACON& Tower with Radar,0,6,16,0,22,0,0,60,0,60,0,6,76,0,82,118,0,118,200
05/15/2015,MKG,MI,AGL,CE,Combined TRACON& Tower with Radar,0,6,38,0,44,0,0,6,0,6,0,6,44,0,50,12,0,12,62
05/16/2015,MKG,MI,AGL,CE,Combined TRACON& Tower with Radar,0,4,8,0,12,0,0,12,0,12,0,4,20,0,24,24,0,24,48
05/17/2015,MKG,MI,AGL,CE,Combined TRACON& Tower with Radar,0,3,5,1,9,0,0,10,0,10,0,3,15,1,19,24,0,24,43
05/18/2015,MKG,MI,AGL,CE,Combined TRACON& Tower with Radar,0,4,15,0,19,0,0,23,1,24,0,4,38,1,43,20,0,20,63
05/19/2015,MKG,MI,AGL,CE,Combined TRACON& Tower with Radar,0,8,12,0,20,0,0,14,2,16,0,8,26,2,36,20,0,20,56
05/20/2015,MKG,MI,AGL,CE,Combined TRACON& Tower with Radar,2,10,25,0,37,0,0,27,4,31,2,10,52,4,68,41,0,41,109
05/21/2015,MKG,MI,AGL,CE,Combined TRACON& Tower with Radar,0,6,18,1,25,0,0,26,3,29,0,6,44,4,54,30,0,30,84
05/22/2015,MKG,MI,AGL,CE,Combined TRACON& Tower with Radar,0,10,20,0,30,0,0,36,3,39,0,10,56,3,69,74,0,74,143
05/23/2015,MKG,MI,AGL,CE,Combined TRACON& Tower with Radar,0,6,8,0,14,0,0,31,2,33,0,6,39,2,47,32,0,32,79
05/24/2015,MKG,MI,AGL,CE,Combined TRACON& Tower with Radar,1,6,10,0,17,0,0,16,5,21,1,6,26,5,38,56,0,56,94
05/25/2015,MKG,MI,AGL,CE,Combined TRACON& Tower with Radar,0,9,7,1,17,0,0,12,5,17,0,9,19,6,34,32,4,36,70
05/26/2015,MKG,MI,AGL,CE,Combined TRACON& Tower with Radar,0,7,7,0,14,0,0,4,2,6,0,7,11,2,20,52,1,53,73
05/27/2015,MKG,MI,AGL,CE,Combined TRACON& Tower with Radar,0,6,17,3,26,0,0,6,5,11,0,6,23,8,37,35,24,59,96
05/28/2015,MKG,MI,AGL,CE,Combined TRACON& Tower with Radar,0,6,16,4,26,0,0,43,3,46,0,6,59,7,72,84,0,84,156
05/29/2015,MKG,MI,AGL,CE,Combined TRACON& Tower with Radar,0,8,14,0,22,0,0,22,6,28,0,8,36,6,50,80,0,80,130
05/30/2015,MKG,MI,AGL,CE,Combined TRACON& Tower with Radar,0,4,9,6,19,0,0,0,2,2,0,4,9,8,21,0,18,18,39
05/31/2015,MKG,MI,AGL,CE,Combined TRACON& Tower with Radar,0,7,16,1,24,0,0,19,2,21,0,7,35,3,45,14,26,40,85
06/01/2015,MKG,MI,AGL,CE,Combined TRACON& Tower with Radar,0,5,15,0,20,0,0,36,3,39,0,5,51,3,59,128,0,128,187
06/02/2015,MKG,MI,AGL,CE,Combined TRACON& Tower with Radar,0,8,23,0,31,0,0,58,5,63,0,8,81,5,94,70,0,70,164
06/03/2015,MKG,MI,AGL,CE,Combined TRACON& Tower with Radar,0,8,16,3,27,0,0,46,4,50,0,8,62,7,77,66,0,66,143
06/04/2015,MKG,MI,AGL,CE,Combined TRACON& Tower with Radar,0,8,40,3,51,0,0,38,2,40,0,8,78,5,91,76,0,76,167
06/05/2015,MKG,MI,AGL,CE,Combined TRACON& Tower with Radar,0,7,14,1,22,0,0,14,2,16,0,7,28,3,38,64,0,64,102
06/06/2015,MKG,MI,AGL,CE,Combined TRACON& Tower with Radar,0,6,10,0,16,0,0,53,3,56,0,6,63,3,72,50,0,50,122
06/07/2015,MKG,MI,AGL,CE,Combined TRACON& Tower with Radar,0,5,6,0,11,0,1,2,3,6,0,6,8,3,17,0,68,68,85
06/08/2015,MKG,MI,AGL,CE,Combined TRACON& Tower with Radar,2,2,22,0,26,0,0,40,4,44,2,2,62,4,70,108,0,108,178
06/09/2015,MKG,MI,AGL,CE,Combined TRACON& Tower with Radar,2,8,30,2,42,0,0,43,3,46,2,8,73,5,88,0,0,0,88
06/10/2015,MKG,MI,AGL,CE,Combined TRACON& Tower with Radar,0,11,14,0,25,0,1,21,6,28,0,12,35,6,53,14,0,14,67
06/11/2015,MKG,MI,AGL,CE,Combined TRACON& Tower with Radar,0,8,28,1,37,0,0,17,3,20,0,8,45,4,57,40,0,40,97
06/12/2015,MKG,MI,AGL,CE,Combined TRACON& Tower with Radar,0,6,11,2,19,0,0,4,5,9,0,6,15,7,28,78,0,78,106
06/13/2015,MKG,MI,AGL,CE,Combined TRACON& Tower with Radar,0,6,39,1,46,0,0,9,1,10,0,6,48,2,56,56,10,66,122
06/14/2015,MKG,MI,AGL,CE,Combined TRACON& Tower with Radar,0,3,5,2,10,0,0,0,0,0,0,3,5,2,10,2,0,2,12
06/15/2015,MKG,MI,AGL,CE,Combined TRACON& Tower with Radar,0,2,25,3,30,0,0,3,1,4,0,2,28,4,34,16,0,16,50
06/16/2015,MKG,MI,AGL,CE,Combined TRACON& Tower with Radar,0,8,36,0,44,0,0,70,6,76,0,8,106,6,120,84,0,84,204
06/17/2015,MKG,MI,AGL,CE,Combined TRACON& Tower with Radar,2,8,30,1,41,0,0,18,5,23,2,8,48,6,64,86,0,86,150
06/18/2015,MKG,MI,AGL,CE,Combined TRACON& Tower with Radar,0,10,29,2,41,0,0,6,2,8,0,10,35,4,49,30,0,30,79
06/19/2015,MKG,MI,AGL,CE,Combined TRACON& Tower with Radar,0,4,22,0,26,0,0,63,3,66,0,4,85,3,92,98,0,98,190
06/20/2015,MKG,MI,AGL,CE,Combined TRACON& Tower with Radar,0,7,4,0,11,0,0,49,4,53,0,7,53,4,64,72,10,82,146
06/21/2015,MKG,MI,AGL,CE,Combined TRACON& Tower with Radar,0,4,7,4,15,0,0,18,6,24,0,4,25,10,39,28,24,52,91
06/22/2015,MKG,MI,AGL,CE,Combined TRACON& Tower with Radar,0,4,19,0,23,0,0,2,2,4,0,4,21,2,27,0,24,24,51
06/23/2015,MKG,MI,AGL,CE,Combined TRACON& Tower with Radar,0,8,28,0,36,0,0,52,4,56,0,8,80,4,92,216,34,250,342
06/24/2015,MKG,MI,AGL,CE,Combined TRACON& Tower with Radar,0,8,19,2,29,0,0,55,5,60,0,8,74,7,89,66,0,66,155
06/25/2015,MKG,MI,AGL,CE,Combined TRACON& Tower with Radar,0,6,19,0,25,0,0,12,3,15,0,6,31,3,40,18,0,18,58
06/26/2015,MKG,MI,AGL,CE,Combined TRACON& Tower with Radar,0,6,40,1,47,0,0,41,7,48,0,6,81,8,95,62,12,74,169
06/27/2015,MKG,MI,AGL,CE,Combined TRACON& Tower with Radar,0,8,15,1,24,0,0,28,0,28,0,8,43,1,52,10,0,10,62
06/28/2015,MKG,MI,AGL,CE,Combined TRACON& Tower with Radar,0,4,25,0,29,0,0,52,3,55,0,4,77,3,84,38,0,38,122
06/29/2015,MKG,MI,AGL,CE,Combined TRACON& Tower with Radar,0,4,19,1,24,0,0,14,1,15,0,4,33,2,39,4,0,4,43
06/30/2015,MKG,MI,AGL,CE,Combined TRACON& Tower with Radar,0,12,24,7,43,0,0,5,5,10,0,12,29,12,53,38,12,50,103
07/01/2015,MKG,MI,AGL,CE,Combined TRACON& Tower with Radar,0,10,26,3,39,0,0,15,6,21,0,10,41,9,60,70,0,70,130
07/02/2015,MKG,MI,AGL,CE,Combined TRACON& Tower with Radar,0,5,21,2,28,0,0,36,1,37,0,5,57,3,65,82,0,82,147
07/03/2015,MKG,MI,AGL,CE,Combined TRACON& Tower with Radar,0,6,12,4,22,0,0,60,2,62,0,6,72,6,84,70,0,70,154
07/04/2015,MKG,MI,AGL,CE,Combined TRACON& Tower with Radar,0,4,12,0,16,0,1,38,4,43,0,5,50,4,59,6,0,6,65
07/05/2015,MKG,MI,AGL,CE,Combined TRACON& Tower with Radar,0,5,13,2,20,0,0,27,5,32,0,5,40,7,52,54,0,54,106
07/06/2015,MKG,MI,AGL,CE,Combined TRACON& Tower with Radar,0,4,23,0,27,0,2,23,6,31,0,6,46,6,58,30,12,42,100
07/07/2015,MKG,MI,AGL,CE,Combined TRACON& Tower with Radar,0,10,23,0,33,0,0,15,5,20,0,10,38,5,53,0,0,0,53
07/08/2015,MKG,MI,AGL,CE,Combined TRACON& Tower with Radar,0,8,28,3,39,0,0,53,17,70,0,8,81,20,109,90,8,98,207
07/09/2015,MKG,MI,AGL,CE,Combined TRACON& Tower with Radar,0,7,19,6,32,0,0,35,0,35,0,7,54,6,67,86,6,92,159
07/10/2015,MKG,MI,AGL,CE,Combined TRACON& Tower with Radar,0,7,11,0,18,0,0,32,2,34,0,7,43,2,52,152,0,152,204
07/11/2015,MKG,MI,AGL,CE,Combined TRACON& Tower with Radar,0,9,14,0,23,0,1,42,2,45,0,10,56,2,68,5,0,5,73
07/12/2015,MKG,MI,AGL,CE,Combined TRACON& Tower with Radar,0,4,7,7,18,0,0,12,11,23,0,4,19,18,41,46,44,90,131
07/13/2015,MKG,MI,AGL,CE,Combined TRACON& Tower with Radar,0,6,17,0,23,0,1,17,3,21,0,7,34,3,44,44,0,44,88
07/14/2015,MKG,MI,AGL,CE,Combined TRACON& Tower with Radar,0,4,17,2,23,0,0,4,4,8,0,4,21,6,31,0,0,0,31
07/15/2015,MKG,MI,AGL,CE,Combined TRACON& Tower with Radar,0,8,24,2,34,0,0,71,5,76,0,8,95,7,110,76,0,76,186
07/16/2015,MKG,MI,AGL,CE,Combined TRACON& Tower with Radar,0,8,28,2,38,0,1,44,2,47,0,9,72,4,85,16,0,16,101
07/17/2015,MKG,MI,AGL,CE,Combined TRACON& Tower with Radar,0,6,21,4,31,0,0,20,8,28,0,6,41,12,59,18,30,48,107
07/18/2015,MKG,MI,AGL,CE,Combined TRACON& Tower with Radar,0,2,6,0,8,0,0,29,2,31,0,2,35,2,39,18,0,18,57
07/19/2015,MKG,MI,AGL,CE,Combined TRACON& Tower with Radar,0,6,15,0,21,0,0,35,2,37,0,6,50,2,58,0,0,0,58
07/20/2015,MKG,MI,AGL,CE,Combined TRACON& Tower with Radar,0,8,18,0,26,0,0,17,3,20,0,8,35,3,46,0,2,2,48
07/21/2015,MKG,MI,AGL,CE,Combined TRACON& Tower with Radar,0,4,13,0,17,0,0,31,6,37,0,4,44,6,54,20,12,32,86
07/22/2015,MKG,MI,AGL,CE,Combined TRACON& Tower with Radar,0,8,26,0,34,0,2,44,6,52,0,10,70,6,86,0,0,0,86
07/23/2015,MKG,MI,AGL,CE,Combined TRACON& Tower with Radar,0,8,18,1,27,0,0,40,1,41,0,8,58,2,68,48,0,48,116
07/24/2015,MKG,MI,AGL,CE,Combined TRACON& Tower with Radar,0,8,24,0,32,0,0,46,2,48,0,8,70,2,80,10,0,10,90
07/25/2015,MKG,MI,AGL,CE,Combined TRACON& Tower with Radar,0,7,17,0,24,0,0,16,2,18,0,7,33,2,42,30,0,30,72
07/26/2015,MKG,MI,AGL,CE,Combined TRACON& Tower with Radar,0,5,13,6,24,0,0,29,6,35,0,5,42,12,59,66,12,78,137
07/27/2015,MKG,MI,AGL,CE,Combined TRACON& Tower with Radar,0,7,20,0,27,0,0,39,3,42,0,7,59,3,69,22,0,22,91
07/28/2015,MKG,MI,AGL,CE,Combined TRACON& Tower with Radar,0,8,25,0,33,0,0,32,4,36,0,8,57,4,69,68,0,68,137
07/29/2015,MKG,MI,AGL,CE,Combined TRACON& Tower with Radar,0,10,21,0,31,0,0,37,4,41,0,10,58,4,72,54,0,54,126
07/30/2015,MKG,MI,AGL,CE,Combined TRACON& Tower with Radar,0,10,16,2,28,0,0,38,2,40,0,10,54,4,68,0,0,0,68
07/31/2015,MKG,MI,AGL,CE,Combined TRACON& Tower with Radar,0,9,28,5,42,0,1,36,4,41,0,10,64,9,83,70,10,80,163
08/01/2015,MKG,MI,AGL,CE,Combined TRACON& Tower with Radar,0,6,21,0,27,0,0,45,3,48,0,6,66,3,75,64,0,64,139
08/02/2015,MKG,MI,AGL,CE,Combined TRACON& Tower with Radar,0,4,5,8,17,0,0,6,7,13,0,4,11,15,30,0,0,0,30
08/03/2015,MKG,MI,AGL,CE,Combined TRACON& Tower with Radar,0,8,19,3,30,0,0,33,5,38,0,8,52,8,68,26,10,36,104
08/04/2015,MKG,MI,AGL,CE,Combined TRACON& Tower with Radar,0,8,26,1,35,0,0,37,1,38,0,8,63,2,73,128,0,128,201
08/05/2015,MKG,MI,AGL,CE,Combined TRACON& Tower with Radar,0,6,28,0,34,0,0,30,2,32,0,6,58,2,66,66,0,66,132
08/06/2015,MKG,MI,AGL,CE,Combined TRACON& Tower with Radar,0,6,24,0,30,0,0,44,2,46,0,6,68,2,76,52,0,52,128
08/07/2015,MKG,MI,AGL,CE,Combined TRACON& Tower with Radar,0,7,17,2,26,0,0,34,2,36,0,7,51,4,62,84,0,84,146
08/08/2015,MKG,MI,AGL,CE,Combined TRACON& Tower with Radar,0,7,12,0,19,0,0,25,0,25,0,7,37,0,44,14,0,14,58
08/09/2015,MKG,MI,AGL,CE,Combined TRACON& Tower with Radar,0,4,12,0,16,0,0,4,0,4,0,4,16,0,20,6,0,6,26
08/10/2015,MKG,MI,AGL,CE,Combined TRACON& Tower with Radar,0,2,29,0,31,0,0,14,2,16,0,2,43,2,47,48,0,48,95
08/11/2015,MKG,MI,AGL,CE,Combined TRACON& Tower with Radar,0,6,12,0,18,0,0,31,2,33,0,6,43,2,51,56,112,168,219
08/12/2015,MKG,MI,AGL,CE,Combined TRACON& Tower with Radar,0,6,30,0,36,0,0,63,0,63,0,6,93,0,99,78,0,78,177
08/13/2015,MKG,MI,AGL,CE,Combined TRACON& Tower with Radar,2,12,19,2,35,0,1,11,2,14,2,13,30,4,49,32,0,32,81
08/14/2015,MKG,MI,AGL,CE,Combined TRACON& Tower with Radar,0,11,27,0,38,0,0,22,2,24,0,11,49,2,62,46,0,46,108
08/15/2015,MKG,MI,AGL,CE,Combined TRACON& Tower with Radar,0,6,15,0,21,0,0,42,4,46,0,6,57,4,67,2,0,2,69
08/16/2015,MKG,MI,AGL,CE,Combined TRACON& Tower with Radar,0,9,17,0,26,0,1,16,1,18,0,10,33,1,44,44,0,44,88
08/17/2015,MKG,MI,AGL,CE,Combined TRACON& Tower with Radar,0,4,0,0,4,0,0,31,3,34,0,4,31,3,38,96,0,96,134
08/18/2015,MKG,MI,AGL,CE,Combined TRACON& Tower with Radar,0,3,12,6,21,0,0,7,8,15,0,3,19,14,36,16,22,38,74
08/19/2015,MKG,MI,AGL,CE,Combined TRACON& Tower with Radar,0,6,18,5,29,0,0,11,11,22,0,6,29,16,51,0,28,28,79
08/20/2015,MKG,MI,AGL,CE,Combined TRACON& Tower with Radar,0,6,29,15,50,0,0,12,2,14,0,6,41,17,64,10,6,16,80
08/21/2015,MKG,MI,AGL,CE,Combined TRACON& Tower with Radar,2,6,19,0,27,0,2,45,3,50,2,8,64,3,77,116,0,116,193
08/22/2015,MKG,MI,AGL,CE,Combined TRACON& Tower with Radar,0,6,18,0,24,0,0,32,3,35,0,6,50,3,59,10,0,10,69
08/23/2015,MKG,MI,AGL,CE,Combined TRACON& Tower with Radar,2,6,12,1,21,0,0,3,7,10,2,6,15,8,31,2,0,2,33
08/24/2015,MKG,MI,AGL,CE,Combined TRACON& Tower with Radar,0,4,13,1,18,0,0,13,3,16,0,4,26,4,34,12,0,12,46
08/25/2015,MKG,MI,AGL,CE,Combined TRACON& Tower with Radar,0,8,18,1,27,0,0,7,2,9,0,8,25,3,36,22,0,22,58
08/26/2015,MKG,MI,AGL,CE,Combined TRACON& Tower with Radar,0,6,30,1,37,0,0,16,3,19,0,6,46,4,56,42,0,42,98
08/27/2015,MKG,MI,AGL,CE,Combined TRACON& Tower with Radar,3,8,37,2,50,0,0,39,2,41,3,8,76,4,91,64,0,64,155
08/28/2015,MKG,MI,AGL,CE,Combined TRACON& Tower with Radar,0,6,18,0,24,0,0,34,2,36,0,6,52,2,60,0,0,0,60
08/29/2015,MKG,MI,AGL,CE,Combined TRACON& Tower with Radar,0,7,9,4,20,0,0,1,0,1,0,7,10,4,21,0,0,0,21
08/30/2015,MKG,MI,AGL,CE,Combined TRACON& Tower with Radar,0,5,17,8,30,0,0,2,2,4,0,5,19,10,34,10,0,10,44
08/31/2015,MKG,MI,AGL,CE,Combined TRACON& Tower with Radar,0,2,13,0,15,0,0,22,4,26,0,2,35,4,41,46,0,46,87
09/01/2015,MKG,MI,AGL,CE,Combined TRACON& Tower with Radar,0,6,23,0,29,0,0,39,5,44,0,6,62,5,73,74,26,100,173
09/02/2015,MKG,MI,AGL,CE,Combined TRACON& Tower with Radar,0,7,25,2,34,0,0,38,8,46,0,7,63,10,80,98,36,134,214
09/03/2015,MKG,MI,AGL,CE,Combined TRACON& Tower with Radar,0,7,24,3,34,0,0,2,2,4,0,7,26,5,38,2,24,26,64
09/04/2015,MKG,MI,AGL,CE,Combined TRACON& Tower with Radar,2,8,36,0,46,0,0,4,0,4,2,8,40,0,50,16,0,16,66
09/05/2015,MKG,MI,AGL,CE,Combined TRACON& Tower with Radar,0,4,13,0,17,0,0,19,8,27,0,4,32,8,44,10,38,48,92
09/06/2015,MKG,MI,AGL,CE,Combined TRACON& Tower with Radar,0,4,7,0,11,0,0,19,12,31,0,4,26,12,42,6,24,30,72
09/07/2015,MKG,MI,AGL,CE,Combined TRACON& Tower with Radar,0,6,14,0,20,0,0,18,0,18,0,6,32,0,38,58,0,58,96
09/08/2015,MKG,MI,AGL,CE,Combined TRACON& Tower with Radar,0,2,11,0,13,0,0,1,6,7,0,2,12,6,20,0,0,0,20
09/09/2015,MKG,MI,AGL,CE,Combined TRACON& Tower with Radar,1,8,33,0,42,0,0,24,4,28,1,8,57,4,70,44,2,46,116
09/10/2015,MKG,MI,AGL,CE,Combined TRACON& Tower with Radar,0,6,33,0,39,0,0,32,7,39,0,6,65,7,78,74,10,84,162
09/11/2015,MKG,MI,AGL,CE,Combined TRACON& Tower with Radar,0,6,16,0,22,0,0,27,9,36,0,6,43,9,58,32,34,66,124
09/12/2015,MKG,MI,AGL,CE,Combined TRACON& Tower with Radar,0,6,14,0,20,0,0,36,0,36,0,6,50,0,56,46,0,46,102
09/13/2015,MKG,MI,AGL,CE,Combined TRACON& Tower with Radar,0,4,10,0,14,0,0,40,0,40,0,4,50,0,54,40,0,40,94
09/14/2015,MKG,MI,AGL,CE,Combined TRACON& Tower with Radar,0,4,21,1,26,0,2,27,0,29,0,6,48,1,55,8,0,8,63
09/15/2015,MKG,MI,AGL,CE,Combined TRACON& Tower with Radar,0,6,23,0,29,0,0,20,1,21,0,6,43,1,50,36,0,36,86
09/16/2015,MKG,MI,AGL,CE,Combined TRACON& Tower with Radar,0,6,9,0,15,0,0,43,4,47,0,6,52,4,62,80,0,80,142
09/17/2015,MKG,MI,AGL,CE,Combined TRACON& Tower with Radar,0,6,7,0,13,0,0,27,0,27,0,6,34,0,40,40,0,40,80
09/18/2015,MKG,MI,AGL,CE,Combined TRACON& Tower with Radar,0,6,9,5,20,0,0,1,0,1,0,6,10,5,21,0,0,0,21
09/19/2015,MKG,MI,AGL,CE,Combined TRACON& Tower with Radar,0,4,11,0,15,0,0,6,0,6,0,4,17,0,21,4,0,4,25
09/20/2015,MKG,MI,AGL,CE,Combined TRACON& Tower with Radar,0,4,8,1,13,0,0,37,0,37,0,4,45,1,50,18,0,18,68
09/21/2015,MKG,MI,AGL,CE,Combined TRACON& Tower with Radar,0,6,10,0,16,0,0,40,0,40,0,6,50,0,56,102,0,102,158
09/22/2015,MKG,MI,AGL,CE,Combined TRACON& Tower with Radar,0,8,31,2,41,0,0,73,2,75,0,8,104,4,116,104,0,104,220
09/23/2015,MKG,MI,AGL,CE,Combined TRACON& Tower with Radar,2,8,24,0,34,0,0,46,4,50,2,8,70,4,84,64,0,64,148
09/24/2015,MKG,MI,AGL,CE,Combined TRACON& Tower with Radar,0,6,29,0,35,0,0,33,2,35,0,6,62,2,70,29,0,29,99
09/25/2015,MKG,MI,AGL,CE,Combined TRACON& Tower with Radar,0,6,15,1,22,0,0,19,1,20,0,6,34,2,42,26,0,26,68
09/26/2015,MKG,MI,AGL,CE,Combined TRACON& Tower with Radar,2,6,22,0,30,0,0,29,0,29,2,6,51,0,59,28,0,28,87
09/27/2015,MKG,MI,AGL,CE,Combined TRACON& Tower with Radar,0,4,16,0,20,0,0,16,0,16,0,4,32,0,36,4,0,4,40
09/28/2015,MKG,MI,AGL,CE,Combined TRACON& Tower with Radar,0,4,23,0,27,0,0,21,0,21,0,4,44,0,48,48,0,48,96
09/29/2015,MKG,MI,AGL,CE,Combined TRACON& Tower with Radar,0,8,18,2,28,0,0,4,2,6,0,8,22,4,34,26,10,36,70
09/30/2015,MKG,MI,AGL,CE,Combined TRACON& Tower with Radar,2,7,18,5,32,0,0,21,13,34,2,7,39,18,66,42,0,42,108
10/01/2015,MKG,MI,AGL,CE,Combined TRACON& Tower with Radar,4,6,24,2,36,0,0,19,10,29,4,6,43,12,65,30,0,30,95
10/02/2015,MKG,MI,AGL,CE,Combined TRACON& Tower with Radar,3,8,11,0,22,0,0,21,0,21,3,8,32,0,43,20,0,20,63
10/03/2015,MKG,MI,AGL,CE,Combined TRACON& Tower with Radar,0,6,2,0,8,0,0,2,0,2,0,6,4,0,10,0,0,0,10
10/04/2015,MKG,MI,AGL,CE,Combined TRACON& Tower with Radar,0,4,7,0,11,0,0,0,0,0,0,4,7,0,11,0,0,0,11
10/05/2015,MKG,MI,AGL,CE,Combined TRACON& Tower with Radar,0,4,48,0,52,0,0,4,0,4,0,4,52,0,56,36,0,36,92
10/06/2015,MKG,MI,AGL,CE,Combined TRACON& Tower with Radar,0,6,40,0,46,0,0,26,0,26,0,6,66,0,72,50,0,50,122
10/07/2015,MKG,MI,AGL,CE,Combined TRACON& Tower with Radar,0,4,17,0,21,0,0,42,0,42,0,4,59,0,63,102,0,102,165
10/08/2015,MKG,MI,AGL,CE,Combined TRACON& Tower with Radar,0,8,17,1,26,0,0,7,1,8,0,8,24,2,34,0,0,0,34
10/09/2015,MKG,MI,AGL,CE,Combined TRACON& Tower with Radar,0,6,17,0,23,0,0,17,8,25,0,6,34,8,48,6,0,6,54
10/10/2015,MKG,MI,AGL,CE,Combined TRACON& Tower with Radar,2,8,16,0,26,0,1,29,0,30,2,9,45,0,56,30,0,30,86
10/11/2015,MKG,MI,AGL,CE,Combined TRACON& Tower with Radar,0,6,9,0,15,0,0,28,0,28,0,6,37,0,43,8,0,8,51
10/12/2015,MKG,MI,AGL,CE,Combined TRACON& Tower with Radar,0,4,23,0,27,0,0,20,0,20,0,4,43,0,47,26,0,26,73
10/13/2015,MKG,MI,AGL,CE,Combined TRACON& Tower with Radar,0,6,18,0,24,0,0,10,0,10,0,6,28,0,34,28,0,28,62
10/14/2015,MKG,MI,AGL,CE,Combined TRACON& Tower with Radar,0,8,20,0,28,0,0,30,0,30,0,8,50,0,58,96,0,96,154
10/15/2015,MKG,MI,AGL,CE,Combined TRACON& Tower with Radar,0,7,18,0,25,0,0,22,0,22,0,7,40,0,47,22,0,22,69
10/16/2015,MKG,MI,AGL,CE,Combined TRACON& Tower with Radar,0,9,9,0,18,0,0,28,0,28,0,9,37,0,46,52,0,52,98
10/17/2015,MKG,MI,AGL,CE,Combined TRACON& Tower with Radar,0,9,15,0,24,0,0,23,0,23,0,9,38,0,47,22,0,22,69
10/18/2015,MKG,MI,AGL,CE,Combined TRACON& Tower with Radar,0,4,13,0,17,0,0,35,0,35,0,4,48,0,52,4,0,4,56
10/19/2015,MKG,MI,AGL,CE,Combined TRACON& Tower with Radar,0,4,10,0,14,0,0,4,0,4,0,4,14,0,18,2,0,2,20
10/20/2015,MKG,MI,AGL,CE,Combined TRACON& Tower with Radar,0,6,29,0,35,0,0,36,0,36,0,6,65,0,71,42,0,42,113
10/21/2015,MKG,MI,AGL,CE,Combined TRACON& Tower with Radar,0,10,22,0,32,0,0,27,0,27,0,10,49,0,59,4,0,4,63
10/22/2015,MKG,MI,AGL,CE,Combined TRACON& Tower with Radar,0,10,30,0,40,0,0,59,0,59,0,10,89,0,99,72,0,72,171
10/23/2015,MKG,MI,AGL,CE,Combined TRACON& Tower with Radar,0,6,17,0,23,0,0,32,0,32,0,6,49,0,55,28,0,28,83
10/24/2015,MKG,MI,AGL,CE,Combined TRACON& Tower with Radar,0,6,12,0,18,0,0,0,0,0,0,6,12,0,18,2,0,2,20
10/25/2015,MKG,MI,AGL,CE,Combined TRACON& Tower with Radar,0,5,17,0,22,0,1,41,0,42,0,6,58,0,64,46,0,46,110
10/26/2015,MKG,MI,AGL,CE,Combined TRACON& Tower with Radar,0,6,15,0,21,0,0,41,0,41,0,6,56,0,62,84,0,84,146
10/27/2015,MKG,MI,AGL,CE,Combined TRACON& Tower with Radar,0,4,17,0,21,0,0,16,0,16,0,4,33,0,37,4,0,4,41
10/28/2015,MKG,MI,AGL,CE,Combined TRACON& Tower with Radar,2,4,8,0,14,0,0,0,0,0,2,4,8,0,14,0,0,0,14
10/29/2015,MKG,MI,AGL,CE,Combined TRACON& Tower with Radar,1,6,12,0,19,0,0,0,0,0,1,6,12,0,19,0,0,0,19
10/30/2015,MKG,MI,AGL,CE,Combined TRACON& Tower with Radar,1,9,23,0,33,0,0,29,0,29,1,9,52,0,62,22,0,22,84
10/31/2015,MKG,MI,AGL,CE,Combined TRACON& Tower with Radar,0,6,4,0,10,0,0,0,0,0,0,6,4,0,10,0,0,0,10
11/01/2015,MKG,MI,AGL,CE,Combined TRACON& Tower with Radar,0,5,10,0,15,0,0,18,0,18,0,5,28,0,33,12,0,12,45
11/02/2015,MKG,MI,AGL,CE,Combined TRACON& Tower with Radar,0,6,11,0,17,0,0,16,0,16,0,6,27,0,33,34,0,34,67
11/03/2015,MKG,MI,AGL,CE,Combined TRACON& Tower with Radar,0,8,21,0,29,0,0,55,0,55,0,8,76,0,84,28,0,28,112
11/04/2015,MKG,MI,AGL,CE,Combined TRACON& Tower with Radar,0,6,20,0,26,0,0,52,2,54,0,6,72,2,80,40,0,40,120
11/05/2015,MKG,MI,AGL,CE,Combined TRACON& Tower with Radar,0,6,15,0,21,0,2,7,0,9,0,8,22,0,30,4,0,4,34
11/06/2015,MKG,MI,AGL,CE,Combined TRACON& Tower with Radar,2,6,17,0,25,0,0,3,0,3,2,6,20,0,28,0,0,0,28
11/07/2015,MKG,MI,AGL,CE,Combined TRACON& Tower with Radar,0,6,16,0,22,0,0,27,0,27,0,6,43,0,49,28,0,28,77
11/08/2015,MKG,MI,AGL,CE,Combined TRACON& Tower with Radar,0,4,7,0,11,0,0,40,0,40,0,4,47,0,51,24,0,24,75
11/09/2015,MKG,MI,AGL,CE,Combined TRACON& Tower with Radar,2,4,18,0,24,0,0,28,0,28,2,4,46,0,52,26,0,26,78
11/10/2015,MKG,MI,AGL,CE,Combined TRACON& Tower with Radar,0,8,29,0,37,0,0,35,0,35,0,8,64,0,72,44,0,44,116
11/11/2015,MKG,MI,AGL,CE,Combined TRACON& Tower with Radar,2,7,18,0,27,0,0,36,0,36,2,7,54,0,63,60,0,60,123
11/12/2015,MKG,MI,AGL,CE,Combined TRACON& Tower with Radar,2,6,5,0,13,0,0,0,0,0,2,6,5,0,13,0,0,0,13
11/13/2015,MKG,MI,AGL,CE,Combined TRACON& Tower with Radar,0,5,7,2,14,0,0,0,0,0,0,5,7,2,14,0,0,0,14
11/14/2015,MKG,MI,AGL,CE,Combined TRACON& Tower with Radar,0,6,18,0,24,0,0,39,0,39,0,6,57,0,63,56,0,56,119
11/15/2015,MKG,MI,AGL,CE,Combined TRACON& Tower with Radar,0,6,10,0,16,0,1,35,0,36,0,7,45,0,52,44,0,44,96
11/16/2015,MKG,MI,AGL,CE,Combined TRACON& Tower with Radar,0,4,17,0,21,0,0,50,0,50,0,4,67,0,71,98,0,98,169
11/17/2015,MKG,MI,AGL,CE,Combined TRACON& Tower with Radar,0,8,23,1,32,0,0,25,1,26,0,8,48,2,58,34,2,36,94
11/18/2015,MKG,MI,AGL,CE,Combined TRACON& Tower with Radar,0,4,7,0,11,0,0,3,0,3,0,4,10,0,14,0,0,0,14
11/19/2015,MKG,MI,AGL,CE,Combined TRACON& Tower with Radar,0,6,15,0,21,0,0,7,2,9,0,6,22,2,30,22,1,23,53
11/20/2015,MKG,MI,AGL,CE,Combined TRACON& Tower with Radar,0,6,12,0,18,0,0,12,0,12,0,6,24,0,30,8,0,8,38
11/21/2015,MKG,MI,AGL,CE,Combined TRACON& Tower with Radar,0,4,3,0,7,0,0,0,0,0,0,4,3,0,7,0,0,0,7
11/22/2015,MKG,MI,AGL,CE,Combined TRACON& Tower with Radar,0,4,11,0,15,0,1,23,0,24,0,5,34,0,39,68,0,68,107
11/23/2015,MKG,MI,AGL,CE,Combined TRACON& Tower with Radar,0,4,21,0,25,0,0,7,0,7,0,4,28,0,32,74,0,74,106
11/24/2015,MKG,MI,AGL,CE,Combined TRACON& Tower with Radar,0,6,10,0,16,0,0,23,0,23,0,6,33,0,39,26,0,26,65
11/25/2015,MKG,MI,AGL,CE,Combined TRACON& Tower with Radar,0,6,11,0,17,0,0,24,0,24,0,6,35,0,41,42,0,42,83
11/26/2015,MKG,MI,AGL,CE,Combined TRACON& Tower with Radar,0,6,13,0,19,0,0,0,0,0,0,6,13,0,19,0,0,0,19
11/27/2015,MKG,MI,AGL,CE,Combined TRACON& Tower with Radar,0,7,6,0,13,0,0,3,0,3,0,7,9,0,16,44,0,44,60
11/28/2015,MKG,MI,AGL,CE,Combined TRACON& Tower with Radar,0,6,13,0,19,0,0,30,0,30,0,6,43,0,49,0,0,0,49
11/29/2015,MKG,MI,AGL,CE,Combined TRACON& Tower with Radar,0,5,5,0,10,0,0,26,0,26,0,5,31,0,36,0,0,0,36
11/30/2015,MKG,MI,AGL,CE,Combined TRACON& Tower with Radar,0,6,9,0,15,0,0,19,0,19,0,6,28,0,34,20,0,20,54
12/01/2015,MKG,MI,AGL,CE,Combined TRACON& Tower with Radar,0,8,12,0,20,0,0,8,0,8,0,8,20,0,28,6,0,6,34
12/02/2015,MKG,MI,AGL,CE,Combined TRACON& Tower with Radar,0,6,11,0,17,0,0,2,0,2,0,6,13,0,19,34,0,34,53
12/03/2015,MKG,MI,AGL,CE,Combined TRACON& Tower with Radar,0,7,20,0,27,0,0,6,0,6,0,7,26,0,33,48,0,48,81
12/04/2015,MKG,MI,AGL,CE,Combined TRACON& Tower with Radar,0,8,17,0,25,0,0,26,0,26,0,8,43,0,51,22,0,22,73
12/05/2015,MKG,MI,AGL,CE,Combined TRACON& Tower with Radar,0,4,41,0,45,0,0,24,0,24,0,4,65,0,69,16,0,16,85
12/06/2015,MKG,MI,AGL,CE,Combined TRACON& Tower with Radar,0,6,11,0,17,0,2,3,0,5,0,8,14,0,22,0,0,0,22
12/07/2015,MKG,MI,AGL,CE,Combined TRACON& Tower with Radar,0,6,13,0,19,0,0,0,0,0,0,6,13,0,19,42,0,42,61
12/08/2015,MKG,MI,AGL,CE,Combined TRACON& Tower with Radar,0,6,14,0,20,0,0,1,0,1,0,6,15,0,21,6,0,6,27
12/09/2015,MKG,MI,AGL,CE,Combined TRACON& Tower with Radar,0,5,26,2,33,0,0,6,0,6,0,5,32,2,39,0,0,0,39
12/10/2015,MKG,MI,AGL,CE,Combined TRACON& Tower with Radar,0,6,15,0,21,0,0,6,0,6,0,6,21,0,27,0,0,0,27
12/11/2015,MKG,MI,AGL,CE,Combined TRACON& Tower with Radar,0,7,28,0,35,0,1,41,0,42,0,8,69,0,77,4,0,4,81
12/12/2015,MKG,MI,AGL,CE,Combined TRACON& Tower with Radar,0,7,19,0,26,0,0,0,0,0,0,7,19,0,26,0,0,0,26
12/13/2015,MKG,MI,AGL,CE,Combined TRACON& Tower with Radar,0,10,12,0,22,0,0,0,0,0,0,10,12,0,22,0,0,0,22
12/14/2015,MKG,MI,AGL,CE,Combined TRACON& Tower with Radar,0,9,16,0,25,0,0,0,0,0,0,9,16,0,25,0,0,0,25
12/15/2015,MKG,MI,AGL,CE,Combined TRACON& Tower with Radar,0,6,19,2,27,0,0,6,2,8,0,6,25,4,35,40,2,42,77
12/16/2015,MKG,MI,AGL,CE,Combined TRACON& Tower with Radar,0,7,22,0,29,0,0,2,0,2,0,7,24,0,31,0,0,0,31
12/17/2015,MKG,MI,AGL,CE,Combined TRACON& Tower with Radar,0,6,16,0,22,0,0,17,0,17,0,6,33,0,39,60,0,60,99
12/18/2015,MKG,MI,AGL,CE,Combined TRACON& Tower with Radar,0,4,13,0,17,0,0,9,0,9,0,4,22,0,26,0,0,0,26
12/19/2015,MKG,MI,AGL,CE,Combined TRACON& Tower with Radar,0,7,24,0,31,0,0,9,0,9,0,7,33,0,40,28,0,28,68
12/20/2015,MKG,MI,AGL,CE,Combined TRACON& Tower with Radar,0,5,10,0,15,0,0,14,0,14,0,5,24,0,29,12,0,12,41
12/21/2015,MKG,MI,AGL,CE,Combined TRACON& Tower with Radar,0,12,5,0,17,0,0,1,0,1,0,12,6,0,18,0,0,0,18
12/22/2015,MKG,MI,AGL,CE,Combined TRACON& Tower with Radar,0,6,21,0,27,0,0,0,2,2,0,6,21,2,29,2,0,2,31
12/23/2015,MKG,MI,AGL,CE,Combined TRACON& Tower with Radar,0,7,19,0,26,0,0,0,0,0,0,7,19,0,26,0,0,0,26
12/24/2015,MKG,MI,AGL,CE,Combined TRACON& Tower with Radar,0,4,7,0,11,0,0,0,0,0,0,4,7,0,11,0,0,0,11
12/25/2015,MKG,MI,AGL,CE,Combined TRACON& Tower with Radar,0,2,2,0,4,0,0,11,0,11,0,2,13,0,15,22,0,22,37
12/26/2015,MKG,MI,AGL,CE,Combined TRACON& Tower with Radar,0,4,5,0,9,0,0,2,0,2,0,4,7,0,11,0,0,0,11
12/27/2015,MKG,MI,AGL,CE,Combined TRACON& Tower with Radar,0,6,17,0,23,0,0,7,0,7,0,6,24,0,30,8,0,8,38
12/28/2015,MKG,MI,AGL,CE,Combined TRACON& Tower with Radar,0,4,10,0,14,0,0,0,0,0,0,4,10,0,14,0,0,0,14
12/29/2015,MKG,MI,AGL,CE,Combined TRACON& Tower with Radar,0,4,5,0,9,0,0,0,0,0,0,4,5,0,9,0,0,0,9
12/30/2015,MKG,MI,AGL,CE,Combined TRACON& Tower with Radar,0,7,12,0,19,0,0,11,0,11,0,7,23,0,30,70,0,70,100
12/31/2015,MKG,MI,AGL,CE,Combined TRACON& Tower with Radar,0,7,9,0,16,0,0,8,0,8,0,7,17,0,24,72,0,72,96
01/01/2016,MKG,MI,AGL,CE,Combined TRACON& Tower with Radar,0,8,4,0,12,0,2,2,0,4,0,10,6,0,16,38,0,38,54
01/02/2016,MKG,MI,AGL,CE,Combined TRACON& Tower with Radar,2,6,9,0,17,0,0,13,0,13,2,6,22,0,30,22,0,22,52
01/03/2016,MKG,MI,AGL,CE,Combined TRACON& Tower with Radar,0,5,11,0,16,0,0,1,0,1,0,5,12,0,17,0,0,0,17
01/04/2016,MKG,MI,AGL,CE,Combined TRACON& Tower with Radar,0,4,4,0,8,0,0,12,2,14,0,4,16,2,22,52,0,52,74
01/05/2016,MKG,MI,AGL,CE,Combined TRACON& Tower with Radar,0,6,14,0,20,0,0,8,0,8,0,6,22,0,28,0,0,0,28
01/06/2016,MKG,MI,AGL,CE,Combined TRACON& Tower with Radar,1,10,18,0,29,0,0,15,0,15,1,10,33,0,44,54,0,54,98
01/07/2016,MKG,MI,AGL,CE,Combined TRACON& Tower with Radar,0,6,13,0,19,0,0,34,0,34,0,6,47,0,53,30,0,30,83
01/08/2016,MKG,MI,AGL,CE,Combined TRACON& Tower with Radar,0,6,3,0,9,0,0,1,0,1,0,6,4,0,10,0,0,0,10
01/09/2016,MKG,MI,AGL,CE,Combined TRACON& Tower with Radar,0,4,2,0,6,0,0,0,0,0,0,4,2,0,6,0,0,0,6
01/10/2016,MKG,MI,AGL,CE,Combined TRACON& Tower with Radar,0,4,1,0,5,0,0,1,0,1,0,4,2,0,6,0,0,0,6
01/11/2016,MKG,MI,AGL,CE,Combined TRACON& Tower with Radar,0,2,11,0,13,0,0,0,0,0,0,2,11,0,13,0,0,0,13
01/12/2016,MKG,MI,AGL,CE,Combined TRACON& Tower with Radar,0,4,3,0,7,0,0,0,0,0,0,4,3,0,7,0,0,0,7
01/13/2016,MKG,MI,AGL,CE,Combined TRACON& Tower with Radar,0,4,12,0,16,0,0,0,0,0,0,4,12,0,16,0,0,0,16
01/14/2016,MKG,MI,AGL,CE,Combined TRACON& Tower with Radar,0,8,12,0,20,0,0,4,0,4,0,8,16,0,24,8,0,8,32
01/15/2016,MKG,MI,AGL,CE,Combined TRACON& Tower with Radar,0,6,38,0,44,0,0,0,0,0,0,6,38,0,44,10,0,10,54
01/16/2016,MKG,MI,AGL,CE,Combined TRACON& Tower with Radar,0,6,11,0,17,0,0,2,0,2,0,6,13,0,19,26,0,26,45
01/17/2016,MKG,MI,AGL,CE,Combined TRACON& Tower with Radar,0,3,5,0,8,0,0,0,0,0,0,3,5,0,8,0,0,0,8
01/18/2016,MKG,MI,AGL,CE,Combined TRACON& Tower with Radar,0,4,13,0,17,0,0,0,0,0,0,4,13,0,17,0,0,0,17
01/19/2016,MKG,MI,AGL,CE,Combined TRACON& Tower with Radar,0,6,16,0,22,0,0,0,0,0,0,6,16,0,22,0,0,0,22
01/20/2016,MKG,MI,AGL,CE,Combined TRACON& Tower with Radar,0,10,12,0,22,0,0,3,0,3,0,10,15,0,25,6,0,6,31
01/21/2016,MKG,MI,AGL,CE,Combined TRACON& Tower with Radar,0,10,11,0,21,0,0,8,0,8,0,10,19,0,29,42,0,42,71
01/22/2016,MKG,MI,AGL,CE,Combined TRACON& Tower with Radar,0,6,9,0,15,0,0,9,0,9,0,6,18,0,24,18,0,18,42
01/23/2016,MKG,MI,AGL,CE,Combined TRACON& Tower with Radar,0,6,11,0,17,0,0,41,0,41,0,6,52,0,58,0,0,0,58
01/24/2016,MKG,MI,AGL,CE,Combined TRACON& Tower with Radar,0,4,7,0,11,0,0,1,0,1,0,4,8,0,12,20,0,20,32
01/25/2016,MKG,MI,AGL,CE,Combined TRACON& Tower with Radar,0,5,12,0,17,0,0,16,0,16,0,5,28,0,33,66,0,66,99
01/26/2016,MKG,MI,AGL,CE,Combined TRACON& Tower with Radar,0,6,7,0,13,0,0,0,0,0,0,6,7,0,13,0,0,0,13
01/27/2016,MKG,MI,AGL,CE,Combined TRACON& Tower with Radar,0,8,12,0,20,0,0,10,0,10,0,8,22,0,30,0,0,0,30
01/28/2016,MKG,MI,AGL,CE,Combined TRACON& Tower with Radar,0,7,9,0,16,0,0,6,0,6,0,7,15,0,22,14,0,14,36
01/29/2016,MKG,MI,AGL,CE,Combined TRACON& Tower with Radar,0,7,12,0,19,0,0,13,0,13,0,7,25,0,32,10,0,10,42
01/30/2016,MKG,MI,AGL,CE,Combined TRACON& Tower with Radar,0,6,9,0,15,0,0,25,0,25,0,6,34,0,40,86,0,86,126
01/31/2016,MKG,MI,AGL,CE,Combined TRACON& Tower with Radar,0,5,7,0,12,0,0,0,0,0,0,5,7,0,12,0,0,0,12
02/01/2016,MKG,MI,AGL,CE,Combined TRACON& Tower with Radar,2,5,44,0,51,0,0,12,0,12,2,5,56,0,63,72,0,72,135
02/02/2016,MKG,MI,AGL,CE,Combined TRACON& Tower with Radar,0,6,6,0,12,0,0,3,0,3,0,6,9,0,15,0,0,0,15
02/03/2016,MKG,MI,AGL,CE,Combined TRACON& Tower with Radar,0,4,7,0,11,0,0,0,0,0,0,4,7,0,11,4,0,4,15
02/04/2016,MKG,MI,AGL,CE,Combined TRACON& Tower with Radar,0,6,18,2,26,0,0,6,0,6,0,6,24,2,32,0,0,0,32
02/05/2016,MKG,MI,AGL,CE,Combined TRACON& Tower with Radar,0,6,12,0,18,0,0,9,0,9,0,6,21,0,27,0,0,0,27
02/06/2016,MKG,MI,AGL,CE,Combined TRACON& Tower with Radar,0,6,14,0,20,0,0,33,0,33,0,6,47,0,53,60,0,60,113
02/07/2016,MKG,MI,AGL,CE,Combined TRACON& Tower with Radar,0,4,3,0,7,0,0,4,0,4,0,4,7,0,11,0,0,0,11
02/08/2016,MKG,MI,AGL,CE,Combined TRACON& Tower with Radar,0,4,11,0,15,0,0,5,0,5,0,4,16,0,20,54,0,54,74
02/09/2016,MKG,MI,AGL,CE,Combined TRACON& Tower with Radar,0,8,10,0,18,0,0,0,0,0,0,8,10,0,18,4,0,4,22
02/10/2016,MKG,MI,AGL,CE,Combined TRACON& Tower with Radar,0,6,11,0,17,0,0,0,0,0,0,6,11,0,17,0,0,0,17
02/11/2016,MKG,MI,AGL,CE,Combined TRACON& Tower with Radar,0,6,15,0,21,0,0,14,0,14,0,6,29,0,35,26,0,26,61
02/12/2016,MKG,MI,AGL,CE,Combined TRACON& Tower with Radar,0,10,10,0,20,0,0,0,0,0,0,10,10,0,20,0,0,0,20
02/13/2016,MKG,MI,AGL,CE,Combined TRACON& Tower with Radar,0,4,9,0,13,0,0,2,0,2,0,4,11,0,15,0,0,0,15
02/14/2016,MKG,MI,AGL,CE,Combined TRACON& Tower with Radar,2,4,4,0,10,0,0,7,1,8,2,4,11,1,18,0,0,0,18
02/15/2016,MKG,MI,AGL,CE,Combined TRACON& Tower with Radar,0,6,11,0,17,0,0,0,0,0,0,6,11,0,17,0,0,0,17
02/16/2016,MKG,MI,AGL,CE,Combined TRACON& Tower with Radar,0,6,15,0,21,0,0,0,0,0,0,6,15,0,21,0,0,0,21
02/17/2016,MKG,MI,AGL,CE,Combined TRACON& Tower with Radar,0,7,23,0,30,0,0,43,0,43,0,7,66,0,73,62,0,62,135
02/18/2016,MKG,MI,AGL,CE,Combined TRACON& Tower with Radar,0,6,19,0,25,0,0,22,0,22,0,6,41,0,47,0,0,0,47
02/19/2016,MKG,MI,AGL,CE,Combined TRACON& Tower with Radar,0,8,10,0,18,0,0,2,0,2,0,8,12,0,20,0,0,0,20
02/20/2016,MKG,MI,AGL,CE,Combined TRACON& Tower with Radar,0,4,15,0,19,0,0,23,2,25,0,4,38,2,44,8,0,8,52
02/21/2016,MKG,MI,AGL,CE,Combined TRACON& Tower with Radar,0,4,13,1,18,0,0,27,3,30,0,4,40,4,48,6,0,6,54
02/22/2016,MKG,MI,AGL,CE,Combined TRACON& Tower with Radar,0,4,9,3,16,0,0,18,1,19,0,4,27,4,35,44,0,44,79
02/23/2016,MKG,MI,AGL,CE,Combined TRACON& Tower with Radar,0,7,19,0,26,0,0,41,2,43,0,7,60,2,69,14,0,14,83
02/24/2016,MKG,MI,AGL,CE,Combined TRACON& Tower with Radar,0,4,6,0,10,0,0,2,0,2,0,4,8,0,12,0,0,0,12
02/25/2016,MKG,MI,AGL,CE,Combined TRACON& Tower with Radar,0,5,15,2,22,0,0,5,0,5,0,5,20,2,27,24,0,24,51
02/26/2016,MKG,MI,AGL,CE,Combined TRACON& Tower with Radar,0,6,24,2,32,0,0,15,0,15,0,6,39,2,47,74,0,74,121
02/27/2016,MKG,MI,AGL,CE,Combined TRACON& Tower with Radar,0,4,9,0,13,0,0,16,0,16,0,4,25,0,29,18,0,18,47
02/28/2016,MKG,MI,AGL,CE,Combined TRACON& Tower with Radar,0,5,4,0,9,0,0,2,0,2,0,5,6,0,11,0,0,0,11
02/29/2016,MKG,MI,AGL,CE,Combined TRACON& Tower with Radar,0,5,15,2,22,0,0,9,0,9,0,5,24,2,31,0,0,0,31
03/01/2016,MKG,MI,AGL,CE,Combined TRACON& Tower with Radar,0,6,3,0,9,0,0,0,0,0,0,6,3,0,9,0,0,0,9
03/02/2016,MKG,MI,AGL,CE,Combined TRACON& Tower with Radar,0,7,16,0,23,0,0,18,4,22,0,7,34,4,45,32,0,32,77
03/03/2016,MKG,MI,AGL,CE,Combined TRACON& Tower with Radar,0,7,11,2,20,0,0,11,0,11,0,7,22,2,31,32,0,32,63
03/04/2016,MKG,MI,AGL,CE,Combined TRACON& Tower with Radar,0,8,37,0,45,0,0,39,0,39,0,8,76,0,84,46,0,46,130
03/05/2016,MKG,MI,AGL,CE,Combined TRACON& Tower with Radar,0,2,1,2,5,0,0,0,0,0,0,2,1,2,5,0,0,0,5
03/06/2016,MKG,MI,AGL,CE,Combined TRACON& Tower with Radar,0,4,2,0,6,0,0,6,0,6,0,4,8,0,12,0,0,0,12
03/07/2016,MKG,MI,AGL,CE,Combined TRACON& Tower with Radar,2,6,16,2,26,0,0,28,0,28,2,6,44,2,54,0,0,0,54
03/08/2016,MKG,MI,AGL,CE,Combined TRACON& Tower with Radar,0,8,17,0,25,0,0,6,0,6,0,8,23,0,31,8,0,8,39
03/09/2016,MKG,MI,AGL,CE,Combined TRACON& Tower with Radar,0,8,17,0,25,0,0,5,0,5,0,8,22,0,30,0,0,0,30
03/10/2016,MKG,MI,AGL,CE,Combined TRACON& Tower with Radar,0,10,33,0,43,0,0,28,0,28,0,10,61,0,71,40,0,40,111
03/11/2016,MKG,MI,AGL,CE,Combined TRACON& Tower with Radar,1,6,43,1,51,0,0,49,1,50,1,6,92,2,101,90,0,90,191
03/12/2016,MKG,MI,AGL,CE,Combined TRACON& Tower with Radar,0,4,26,0,30,0,0,27,0,27,0,4,53,0,57,52,0,52,109
03/13/2016,MKG,MI,AGL,CE,Combined TRACON& Tower with Radar,0,4,7,0,11,0,0,3,0,3,0,4,10,0,14,0,0,0,14
03/14/2016,MKG,MI,AGL,CE,Combined TRACON& Tower with Radar,0,4,1,0,5,0,0,2,0,2,0,4,3,0,7,0,0,0,7
03/15/2016,MKG,MI,AGL,CE,Combined TRACON& Tower with Radar,0,5,11,1,17,0,0,7,1,8,0,5,18,2,25,0,0,0,25
03/16/2016,MKG,MI,AGL,CE,Combined TRACON& Tower with Radar,0,6,7,0,13,0,0,0,2,2,0,6,7,2,15,0,0,0,15
03/17/2016,MKG,MI,AGL,CE,Combined TRACON& Tower with Radar,0,8,10,5,23,0,1,14,3,18,0,9,24,8,41,36,0,36,77
03/18/2016,MKG,MI,AGL,CE,Combined TRACON& Tower with Radar,0,9,16,2,27,0,1,23,0,24,0,10,39,2,51,14,0,14,65
03/19/2016,MKG,MI,AGL,CE,Combined TRACON& Tower with Radar,0,5,21,0,26,0,0,52,0,52,0,5,73,0,78,0,0,0,78
03/20/2016,MKG,MI,AGL,CE,Combined TRACON& Tower with Radar,0,4,5,0,9,0,0,26,0,26,0,4,31,0,35,0,0,0,35
03/21/2016,MKG,MI,AGL,CE,Combined TRACON& Tower with Radar,0,5,6,0,11,0,0,42,0,42,0,5,48,0,53,24,0,24,77
03/22/2016,MKG,MI,AGL,CE,Combined TRACON& Tower with Radar,0,6,23,0,29,0,0,11,0,11,0,6,34,0,40,30,0,30,70
03/23/2016,MKG,MI,AGL,CE,Combined TRACON& Tower with Radar,0,8,9,2,19,0,0,0,0,0,0,8,9,2,19,0,0,0,19
03/24/2016,MKG,MI,AGL,CE,Combined TRACON& Tower with Radar,0,4,3,0,7,0,0,0,0,0,0,4,3,0,7,0,0,0,7
03/25/2016,MKG,MI,AGL,CE,Combined TRACON& Tower with Radar,0,6,17,2,25,0,0,35,0,35,0,6,52,2,60,78,0,78,138
03/26/2016,MKG,MI,AGL,CE,Combined TRACON& Tower with Radar,0,5,10,0,15,0,4,73,2,79,0,9,83,2,94,90,0,90,184
03/27/2016,MKG,MI,AGL,CE,Combined TRACON& Tower with Radar,0,4,2,0,6,0,0,5,0,5,0,4,7,0,11,10,0,10,21
03/28/2016,MKG,MI,AGL,CE,Combined TRACON& Tower with Radar,0,4,9,4,17,0,1,9,0,10,0,5,18,4,27,38,0,38,65
03/29/2016,MKG,MI,AGL,CE,Combined TRACON& Tower with Radar,0,7,16,0,23,0,1,45,1,47,0,8,61,1,70,48,0,48,118
03/30/2016,MKG,MI,AGL,CE,Combined TRACON& Tower with Radar,0,7,9,1,17,0,0,12,1,13,0,7,21,2,30,6,0,6,36
03/31/2016,MKG,MI,AGL,CE,Combined TRACON& Tower with Radar,0,6,2,0,8,0,0,0,0,0,0,6,2,0,8,0,0,0,8
04/01/2016,MKG,MI,AGL,CE,Combined TRACON& Tower with Radar,0,6,9,0,15,0,0,3,0,3,0,6,12,0,18,0,0,0,18
04/02/2016,MKG,MI,AGL,CE,Combined TRACON& Tower with Radar,0,4,5,0,9,0,0,2,1,3,0,4,7,1,12,0,0,0,12
04/03/2016,MKG,MI,AGL,CE,Combined TRACON& Tower with Radar,0,4,2,0,6,0,0,7,0,7,0,4,9,0,13,2,0,2,15
04/04/2016,MKG,MI,AGL,CE,Combined TRACON& Tower with Radar,0,5,5,0,10,0,0,6,1,7,0,5,11,1,17,8,0,8,25
04/05/2016,MKG,MI,AGL,CE,Combined TRACON& Tower with Radar,0,8,8,0,16,0,0,43,0,43,0,8,51,0,59,36,0,36,95
04/06/2016,MKG,MI,AGL,CE,Combined TRACON& Tower with Radar,0,7,3,0,10,0,0,0,0,0,0,7,3,0,10,0,0,0,10
04/07/2016,MKG,MI,AGL,CE,Combined TRACON& Tower with Radar,0,6,6,0,12,0,0,0,0,0,0,6,6,0,12,0,0,0,12
04/08/2016,MKG,MI,AGL,CE,Combined TRACON& Tower with Radar,0,5,9,0,14,0,1,8,0,9,0,6,17,0,23,42,0,42,65
04/09/2016,MKG,MI,AGL,CE,Combined TRACON& Tower with Radar,0,4,11,0,15,0,0,31,0,31,0,4,42,0,46,40,0,40,86
04/10/2016,MKG,MI,AGL,CE,Combined TRACON& Tower with Radar,0,4,5,0,9,0,1,1,0,2,0,5,6,0,11,0,0,0,11
04/11/2016,MKG,MI,AGL,CE,Combined TRACON& Tower with Radar,0,5,10,0,15,0,0,9,0,9,0,5,19,0,24,38,0,38,62
04/12/2016,MKG,MI,AGL,CE,Combined TRACON& Tower with Radar,0,8,15,0,23,0,0,36,0,36,0,8,51,0,59,80,0,80,139
04/13/2016,MKG,MI,AGL,CE,Combined TRACON& Tower with Radar,0,7,10,0,17,0,0,21,0,21,0,7,31,0,38,0,0,0,38
04/14/2016,MKG,MI,AGL,CE,Combined TRACON& Tower with Radar,0,8,27,0,35,0,1,59,0,60,0,9,86,0,95,60,0,60,155
04/15/2016,MKG,MI,AGL,CE,Combined TRACON& Tower with Radar,0,6,20,0,26,0,2,43,0,45,0,8,63,0,71,36,0,36,107
04/16/2016,MKG,MI,AGL,CE,Combined TRACON& Tower with Radar,0,4,11,0,15,0,0,68,0,68,0,4,79,0,83,42,0,42,125
04/17/2016,MKG,MI,AGL,CE,Combined TRACON& Tower with Radar,0,4,13,0,17,0,0,28,0,28,0,4,41,0,45,0,0,0,45
04/18/2016,MKG,MI,AGL,CE,Combined TRACON& Tower with Radar,0,4,19,0,23,0,2,37,0,39,0,6,56,0,62,34,0,34,96
04/19/2016,MKG,MI,AGL,CE,Combined TRACON& Tower with Radar,0,5,18,0,23,0,1,18,0,19,0,6,36,0,42,0,0,0,42
04/20/2016,MKG,MI,AGL,CE,Combined TRACON& Tower with Radar,0,8,14,0,22,0,0,19,0,19,0,8,33,0,41,36,0,36,77
04/21/2016,MKG,MI,AGL,CE,Combined TRACON& Tower with Radar,0,10,35,0,45,0,0,0,0,0,0,10,35,0,45,0,0,0,45
04/22/2016,MKG,MI,AGL,CE,Combined TRACON& Tower with Radar,0,6,24,0,30,0,0,4,0,4,0,6,28,0,34,12,0,12,46
04/23/2016,MKG,MI,AGL,CE,Combined TRACON& Tower with Radar,0,6,16,0,22,0,0,69,0,69,0,6,85,0,91,54,0,54,145
04/24/2016,MKG,MI,AGL,CE,Combined TRACON& Tower with Radar,0,4,11,0,15,0,0,26,0,26,0,4,37,0,41,18,0,18,59
04/25/2016,MKG,MI,AGL,CE,Combined TRACON& Tower with Radar,0,4,20,0,24,0,0,19,0,19,0,4,39,0,43,24,0,24,67
04/26/2016,MKG,MI,AGL,CE,Combined TRACON& Tower with Radar,0,6,20,2,28,0,0,2,0,2,0,6,22,2,30,26,0,26,56
04/27/2016,MKG,MI,AGL,CE,Combined TRACON& Tower with Radar,2,7,28,0,37,0,1,21,0,22,2,8,49,0,59,24,0,24,83
04/28/2016,MKG,MI,AGL,CE,Combined TRACON& Tower with Radar,0,7,6,0,13,0,0,0,0,0,0,7,6,0,13,8,0,8,21
04/29/2016,MKG,MI,AGL,CE,Combined TRACON& Tower with Radar,0,6,32,0,38,0,0,27,0,27,0,6,59,0,65,60,0,60,125
04/30/2016,MKG,MI,AGL,CE,Combined TRACON& Tower with Radar,1,4,9,0,14,0,0,30,0,30,1,4,39,0,44,42,0,42,86
05/01/2016,MKG,MI,AGL,CE,Combined TRACON& Tower with Radar,0,4,21,0,25,0,0,7,0,7,0,4,28,0,32,20,0,20,52
05/02/2016,MKG,MI,AGL,CE,Combined TRACON& Tower with Radar,0,4,15,1,20,0,0,32,4,36,0,4,47,5,56,90,0,90,146
05/03/2016,MKG,MI,AGL,CE,Combined TRACON& Tower with Radar,0,6,32,0,38,0,0,50,5,55,0,6,82,5,93,76,0,76,169
05/04/2016,MKG,MI,AGL,CE,Combined TRACON& Tower with Radar,0,6,21,0,27,0,0,0,2,2,0,6,21,2,29,0,0,0,29
05/05/2016,MKG,MI,AGL,CE,Combined TRACON& Tower with Radar,0,6,29,2,37,0,0,42,5,47,0,6,71,7,84,58,0,58,142
05/06/2016,MKG,MI,AGL,CE,Combined TRACON& Tower with Radar,0,8,22,0,30,0,0,69,1,70,0,8,91,1,100,64,0,64,164
05/07/2016,MKG,MI,AGL,CE,Combined TRACON& Tower with Radar,0,2,3,0,5,0,0,25,1,26,0,2,28,1,31,40,0,40,71
05/08/2016,MKG,MI,AGL,CE,Combined TRACON& Tower with Radar,0,5,6,0,11,0,0,13,0,13,0,5,19,0,24,0,0,0,24
05/09/2016,MKG,MI,AGL,CE,Combined TRACON& Tower with Radar,0,5,13,0,18,0,0,36,1,37,0,5,49,1,55,46,0,46,101
05/10/2016,MKG,MI,AGL,CE,Combined TRACON& Tower with Radar,0,9,13,4,26,0,1,5,0,6,0,10,18,4,32,4,0,4,36
05/11/2016,MKG,MI,AGL,CE,Combined TRACON& Tower with Radar,0,8,20,0,28,0,0,46,0,46,0,8,66,0,74,44,0,44,118
05/12/2016,MKG,MI,AGL,CE,Combined TRACON& Tower with Radar,0,4,24,0,28,0,0,0,0,0,0,4,24,0,28,0,0,0,28
05/13/2016,MKG,MI,AGL,CE,Combined TRACON& Tower with Radar,0,8,22,0,30,0,0,34,0,34,0,8,56,0,64,50,0,50,114
05/14/2016,MKG,MI,AGL,CE,Combined TRACON& Tower with Radar,0,6,11,0,17,0,0,9,0,9,0,6,20,0,26,32,0,32,58
05/15/2016,MKG,MI,AGL,CE,Combined TRACON& Tower with Radar,0,4,16,0,20,0,0,41,0,41,0,4,57,0,61,58,0,58,119
05/16/2016,MKG,MI,AGL,CE,Combined TRACON& Tower with Radar,0,4,5,0,9,0,0,36,0,36,0,4,41,0,45,48,0,48,93
05/17/2016,MKG,MI,AGL,CE,Combined TRACON& Tower with Radar,0,7,17,0,24,0,0,24,0,24,0,7,41,0,48,16,0,16,64
05/18/2016,MKG,MI,AGL,CE,Combined TRACON& Tower with Radar,0,6,26,0,32,0,0,57,0,57,0,6,83,0,89,34,0,34,123
05/19/2016,MKG,MI,AGL,CE,Combined TRACON& Tower with Radar,0,6,18,0,24,0,0,47,0,47,0,6,65,0,71,0,0,0,71
05/20/2016,MKG,MI,AGL,CE,Combined TRACON& Tower with Radar,0,6,26,0,32,0,0,35,0,35,0,6,61,0,67,0,0,0,67
05/21/2016,MKG,MI,AGL,CE,Combined TRACON& Tower with Radar,0,6,7,0,13,0,0,39,1,40,0,6,46,1,53,22,0,22,75
05/22/2016,MKG,MI,AGL,CE,Combined TRACON& Tower with Radar,0,4,20,0,24,0,0,38,0,38,0,4,58,0,62,62,0,62,124
05/23/2016,MKG,MI,AGL,CE,Combined TRACON& Tower with Radar,0,4,18,0,22,0,0,48,0,48,0,4,66,0,70,74,0,74,144
05/24/2016,MKG,MI,AGL,CE,Combined TRACON& Tower with Radar,0,8,17,0,25,0,0,39,0,39,0,8,56,0,64,32,0,32,96
05/25/2016,MKG,MI,AGL,CE,Combined TRACON& Tower with Radar,0,6,11,0,17,0,0,15,0,15,0,6,26,0,32,8,0,8,40
05/26/2016,MKG,MI,AGL,CE,Combined TRACON& Tower with Radar,0,6,16,3,25,0,0,12,3,15,0,6,28,6,40,0,0,0,40
05/27/2016,MKG,MI,AGL,CE,Combined TRACON& Tower with Radar,0,8,21,0,29,0,0,22,1,23,0,8,43,1,52,32,0,32,84
05/28/2016,MKG,MI,AGL,CE,Combined TRACON& Tower with Radar,0,4,4,0,8,0,0,14,2,16,0,4,18,2,24,4,0,4,28
05/29/2016,MKG,MI,AGL,CE,Combined TRACON& Tower with Radar,0,5,3,0,8,0,0,21,4,25,0,5,24,4,33,54,0,54,87
05/30/2016,MKG,MI,AGL,CE,Combined TRACON& Tower with Radar,0,7,15,0,22,0,1,49,2,52,0,8,64,2,74,78,0,78,152
05/31/2016,MKG,MI,AGL,CE,Combined TRACON& Tower with Radar,0,4,14,0,18,0,0,39,4,43,0,4,53,4,61,8,0,8,69
06/01/2016,MKG,MI,AGL,CE,Combined TRACON& Tower with Radar,0,7,14,1,22,0,0,7,2,9,0,7,21,3,31,18,18,36,67
06/02/2016,MKG,MI,AGL,CE,Combined TRACON& Tower with Radar,2,8,11,1,22,0,0,31,5,36,2,8,42,6,58,8,0,8,66
06/03/2016,MKG,MI,AGL,CE,Combined TRACON& Tower with Radar,3,11,22,0,36,0,1,52,0,53,3,12,74,0,89,32,0,32,121
06/04/2016,MKG,MI,AGL,CE,Combined TRACON& Tower with Radar,0,5,7,0,12,0,2,44,31,77,0,7,51,31,89,54,0,54,143
06/05/2016,MKG,MI,AGL,CE,Combined TRACON& Tower with Radar,0,4,11,0,15,0,0,6,2,8,0,4,17,2,23,16,0,16,39
06/06/2016,MKG,MI,AGL,CE,Combined TRACON& Tower with Radar,0,4,8,0,12,0,0,33,3,36,0,4,41,3,48,68,0,68,116
06/07/2016,MKG,MI,AGL,CE,Combined TRACON& Tower with Radar,0,7,12,0,19,0,0,12,3,15,0,7,24,3,34,34,0,34,68
06/08/2016,MKG,MI,AGL,CE,Combined TRACON& Tower with Radar,0,6,19,1,26,0,0,35,5,40,0,6,54,6,66,28,0,28,94
06/09/2016,MKG,MI,AGL,CE,Combined TRACON& Tower with Radar,0,8,15,6,29,0,0,40,9,49,0,8,55,15,78,40,6,46,124
06/10/2016,MKG,MI,AGL,CE,Combined TRACON& Tower with Radar,0,6,16,1,23,0,0,34,2,36,0,6,50,3,59,40,6,46,105
06/11/2016,MKG,MI,AGL,CE,Combined TRACON& Tower with Radar,0,4,5,0,9,0,0,15,4,19,0,4,20,4,28,90,0,90,118
06/12/2016,MKG,MI,AGL,CE,Combined TRACON& Tower with Radar,0,4,16,1,21,0,1,42,1,44,0,5,58,2,65,54,2,56,121
06/13/2016,MKG,MI,AGL,CE,Combined TRACON& Tower with Radar,0,7,12,0,19,0,1,18,7,26,0,8,30,7,45,0,0,0,45
06/14/2016,MKG,MI,AGL,CE,Combined TRACON& Tower with Radar,0,12,12,0,24,0,2,23,4,29,0,14,35,4,53,6,0,6,59
06/15/2016,MKG,MI,AGL,CE,Combined TRACON& Tower with Radar,0,12,38,0,50,0,0,16,6,22,0,12,54,6,72,20,24,44,116
06/16/2016,MKG,MI,AGL,CE,Combined TRACON& Tower with Radar,0,10,26,2,38,0,0,4,2,6,0,10,30,4,44,0,10,10,54
06/17/2016,MKG,MI,AGL,CE,Combined TRACON& Tower with Radar,0,4,7,0,11,0,0,40,0,40,0,4,47,0,51,50,0,50,101
06/18/2016,MKG,MI,AGL,CE,Combined TRACON& Tower with Radar,0,5,18,0,23,0,0,40,2,42,0,5,58,2,65,48,0,48,113
06/19/2016,MKG,MI,AGL,CE,Combined TRACON& Tower with Radar,0,5,14,0,19,0,0,27,2,29,0,5,41,2,48,4,0,4,52
06/20/2016,MKG,MI,AGL,CE,Combined TRACON& Tower with Radar,0,6,7,0,13,0,0,11,1,12,0,6,18,1,25,10,0,10,35
06/21/2016,MKG,MI,AGL,CE,Combined TRACON& Tower with Radar,0,6,19,1,26,0,0,34,4,38,0,6,53,5,64,22,0,22,86
06/22/2016,MKG,MI,AGL,CE,Combined TRACON& Tower with Radar,0,4,11,0,15,0,0,15,2,17,0,4,26,2,32,38,0,38,70
06/23/2016,MKG,MI,AGL,CE,Combined TRACON& Tower with Radar,0,8,34,1,43,0,0,16,1,17,0,8,50,2,60,48,0,48,108
06/24/2016,MKG,MI,AGL,CE,Combined TRACON& Tower with Radar,0,6,15,0,21,0,0,38,4,42,0,6,53,4,63,102,0,102,165
06/25/2016,MKG,MI,AGL,CE,Combined TRACON& Tower with Radar,0,4,15,0,19,0,1,41,3,45,0,5,56,3,64,14,0,14,78
06/26/2016,MKG,MI,AGL,CE,Combined TRACON& Tower with Radar,0,8,1,0,9,0,0,3,0,3,0,8,4,0,12,0,0,0,12
06/27/2016,MKG,MI,AGL,CE,Combined TRACON& Tower with Radar,0,6,7,2,15,0,0,12,2,14,0,6,19,4,29,6,0,6,35
06/28/2016,MKG,MI,AGL,CE,Combined TRACON& Tower with Radar,1,6,29,2,38,0,0,23,4,27,1,6,52,6,65,14,0,14,79
06/29/2016,MKG,MI,AGL,CE,Combined TRACON& Tower with Radar,0,11,27,0,38,0,0,57,6,63,0,11,84,6,101,54,4,58,159
06/30/2016,MKG,MI,AGL,CE,Combined TRACON& Tower with Radar,0,8,16,1,25,0,0,24,4,28,0,8,40,5,53,38,10,48,101
07/01/2016,MKG,MI,AGL,CE,Combined TRACON& Tower with Radar,2,4,14,0,20,0,0,8,2,10,2,4,22,2,30,0,0,0,30
07/02/2016,MKG,MI,AGL,CE,Combined TRACON& Tower with Radar,0,7,3,0,10,0,1,24,4,29,0,8,27,4,39,0,0,0,39
07/03/2016,MKG,MI,AGL,CE,Combined TRACON& Tower with Radar,0,4,7,0,11,0,0,25,2,27,0,4,32,2,38,0,0,0,38
07/04/2016,MKG,MI,AGL,CE,Combined TRACON& Tower with Radar,2,4,4,0,10,0,0,21,5,26,2,4,25,5,36,18,0,18,54
07/05/2016,MKG,MI,AGL,CE,Combined TRACON& Tower with Radar,0,4,14,0,18,0,0,19,4,23,0,4,33,4,41,58,0,58,99
07/06/2016,MKG,MI,AGL,CE,Combined TRACON& Tower with Radar,0,6,20,0,26,0,0,17,4,21,0,6,37,4,47,8,0,8,55
07/07/2016,MKG,MI,AGL,CE,Combined TRACON& Tower with Radar,0,10,16,1,27,0,0,14,7,21,0,10,30,8,48,12,0,12,60
07/08/2016,MKG,MI,AGL,CE,Combined TRACON& Tower with Radar,0,9,13,1,23,0,0,14,0,14,0,9,27,1,37,0,0,0,37
07/09/2016,MKG,MI,AGL,CE,Combined TRACON& Tower with Radar,0,4,16,2,22,0,0,25,3,28,0,4,41,5,50,30,6,36,86
07/10/2016,MKG,MI,AGL,CE,Combined TRACON& Tower with Radar,0,4,12,1,17,0,0,35,0,35,0,4,47,1,52,10,0,10,62
07/11/2016,MKG,MI,AGL,CE,Combined TRACON& Tower with Radar,0,4,11,0,15,0,0,23,6,29,0,4,34,6,44,48,0,48,92
07/12/2016,MKG,MI,AGL,CE,Combined TRACON& Tower with Radar,0,4,32,3,39,0,0,18,4,22,0,4,50,7,61,20,0,20,81
07/13/2016,MKG,MI,AGL,CE,Combined TRACON& Tower with Radar,0,8,10,4,22,0,0,16,5,21,0,8,26,9,43,8,0,8,51
07/14/2016,MKG,MI,AGL,CE,Combined TRACON& Tower with Radar,0,7,10,2,19,0,0,26,4,30,0,7,36,6,49,6,0,6,55
07/15/2016,MKG,MI,AGL,CE,Combined TRACON& Tower with Radar,0,7,14,0,21,0,0,23,0,23,0,7,37,0,44,78,0,78,122
07/16/2016,MKG,MI,AGL,CE,Combined TRACON& Tower with Radar,0,5,14,0,19,0,0,43,2,45,0,5,57,2,64,100,0,100,164
07/17/2016,MKG,MI,AGL,CE,Combined TRACON& Tower with Radar,0,5,1,0,6,0,0,6,9,15,0,5,7,9,21,0,8,8,29
07/18/2016,MKG,MI,AGL,CE,Combined TRACON& Tower with Radar,0,12,36,0,48,0,1,56,9,66,0,13,92,9,114,20,0,20,134
07/19/2016,MKG,MI,AGL,CE,Combined TRACON& Tower with Radar,0,9,20,0,29,0,0,36,6,42,0,9,56,6,71,32,0,32,103
07/20/2016,MKG,MI,AGL,CE,Combined TRACON& Tower with Radar,0,4,31,2,37,0,0,19,1,20,0,4,50,3,57,0,0,0,57
07/21/2016,MKG,MI,AGL,CE,Combined TRACON& Tower with Radar,0,10,12,3,25,0,0,15,1,16,0,10,27,4,41,2,0,2,43
07/22/2016,MKG,MI,AGL,CE,Combined TRACON& Tower with Radar,0,6,33,0,39,0,0,56,2,58,0,6,89,2,97,68,0,68,165
07/23/2016,MKG,MI,AGL,CE,Combined TRACON& Tower with Radar,0,6,23,0,29,0,0,56,0,56,0,6,79,0,85,16,0,16,101
07/24/2016,MKG,MI,AGL,CE,Combined TRACON& Tower with Radar,0,6,15,0,21,0,0,6,2,8,0,6,21,2,29,0,0,0,29
07/25/2016,MKG,MI,AGL,CE,Combined TRACON& Tower with Radar,0,4,14,0,18,0,0,61,5,66,0,4,75,5,84,110,0,110,194
07/26/2016,MKG,MI,AGL,CE,Combined TRACON& Tower with Radar,0,10,26,1,37,0,0,47,2,49,0,10,73,3,86,68,2,70,156
07/27/2016,MKG,MI,AGL,CE,Combined TRACON& Tower with Radar,0,6,18,0,24,0,0,27,5,32,0,6,45,5,56,68,0,68,124
07/28/2016,MKG,MI,AGL,CE,Combined TRACON& Tower with Radar,0,4,26,0,30,0,0,33,0,33,0,4,59,0,63,62,0,62,125
07/29/2016,MKG,MI,AGL,CE,Combined TRACON& Tower with Radar,0,8,16,1,25,0,0,24,2,26,0,8,40,3,51,17,0,17,68
07/30/2016,MKG,MI,AGL,CE,Combined TRACON& Tower with Radar,0,5,15,0,20,0,0,33,2,35,0,5,48,2,55,32,4,36,91
07/31/2016,MKG,MI,AGL,CE,Combined TRACON& Tower with Radar,0,5,20,0,25,0,0,41,3,44,0,5,61,3,69,112,0,112,181
08/01/2016,MKG,MI,AGL,CE,Combined TRACON& Tower with Radar,0,6,19,0,25,0,0,59,3,62,0,6,78,3,87,60,0,60,147
08/02/2016,MKG,MI,AGL,CE,Combined TRACON& Tower with Radar,0,8,12,2,22,0,1,47,6,54,0,9,59,8,76,60,0,60,136
08/03/2016,MKG,MI,AGL,CE,Combined TRACON& Tower with Radar,0,6,18,1,25,0,0,38,1,39,0,6,56,2,64,84,0,84,148
08/04/2016,MKG,MI,AGL,CE,Combined TRACON& Tower with Radar,0,8,22,3,33,0,2,47,12,61,0,10,69,15,94,100,4,104,198
08/05/2016,MKG,MI,AGL,CE,Combined TRACON& Tower with Radar,0,4,28,0,32,0,0,40,4,44,0,4,68,4,76,70,0,70,146
08/06/2016,MKG,MI,AGL,CE,Combined TRACON& Tower with Radar,0,4,20,0,24,0,0,48,12,60,0,4,68,12,84,24,0,24,108
08/07/2016,MKG,MI,AGL,CE,Combined TRACON& Tower with Radar,0,2,14,2,18,0,0,20,2,22,0,2,34,4,40,18,0,18,58
08/08/2016,MKG,MI,AGL,CE,Combined TRACON& Tower with Radar,0,4,10,0,14,0,0,50,4,54,0,4,60,4,68,64,0,64,132
08/09/2016,MKG,MI,AGL,CE,Combined TRACON& Tower with Radar,0,6,25,0,31,0,0,48,7,55,0,6,73,7,86,22,0,22,108
08/10/2016,MKG,MI,AGL,CE,Combined TRACON& Tower with Radar,0,8,27,0,35,0,0,42,5,47,0,8,69,5,82,22,12,34,116
08/11/2016,MKG,MI,AGL,CE,Combined TRACON& Tower with Radar,0,7,18,2,27,0,0,26,2,28,0,7,44,4,55,74,0,74,129
08/12/2016,MKG,MI,AGL,CE,Combined TRACON& Tower with Radar,0,8,17,0,25,0,0,6,0,6,0,8,23,0,31,0,0,0,31
08/13/2016,MKG,MI,AGL,CE,Combined TRACON& Tower with Radar,0,6,40,1,47,0,0,4,1,5,0,6,44,2,52,0,0,0,52
08/14/2016,MKG,MI,AGL,CE,Combined TRACON& Tower with Radar,0,6,8,0,14,0,0,24,5,29,0,6,32,5,43,0,0,0,43
08/15/2016,MKG,MI,AGL,CE,Combined TRACON& Tower with Radar,0,8,17,0,25,0,0,22,10,32,0,8,39,10,57,28,0,28,85
08/16/2016,MKG,MI,AGL,CE,Combined TRACON& Tower with Radar,0,10,6,0,16,0,0,46,4,50,0,10,52,4,66,46,0,46,112
08/17/2016,MKG,MI,AGL,CE,Combined TRACON& Tower with Radar,0,6,14,4,24,0,0,12,6,18,0,6,26,10,42,16,20,36,78
08/18/2016,MKG,MI,AGL,CE,Combined TRACON& Tower with Radar,0,6,14,0,20,0,0,43,0,43,0,6,57,0,63,50,0,50,113
08/19/2016,MKG,MI,AGL,CE,Combined TRACON& Tower with Radar,0,6,9,0,15,0,0,7,0,7,0,6,16,0,22,12,0,12,34
08/20/2016,MKG,MI,AGL,CE,Combined TRACON& Tower with Radar,0,2,7,1,10,0,0,6,3,9,0,2,13,4,19,22,0,22,41
08/21/2016,MKG,MI,AGL,CE,Combined TRACON& Tower with Radar,0,6,12,0,18,0,0,14,5,19,0,6,26,5,37,30,0,30,67
08/22/2016,MKG,MI,AGL,CE,Combined TRACON& Tower with Radar,0,4,19,5,28,0,0,46,8,54,0,4,65,13,82,84,40,124,206
08/23/2016,MKG,MI,AGL,CE,Combined TRACON& Tower with Radar,2,6,20,3,31,0,0,28,5,33,2,6,48,8,64,14,0,14,78
08/24/2016,MKG,MI,AGL,CE,Combined TRACON& Tower with Radar,0,8,15,0,23,0,0,1,2,3,0,8,16,2,26,0,0,0,26
08/25/2016,MKG,MI,AGL,CE,Combined TRACON& Tower with Radar,0,6,20,4,30,0,0,15,2,17,0,6,35,6,47,18,0,18,65
08/26/2016,MKG,MI,AGL,CE,Combined TRACON& Tower with Radar,0,7,32,0,39,0,1,70,4,75,0,8,102,4,114,0,0,0,114
08/27/2016,MKG,MI,AGL,CE,Combined TRACON& Tower with Radar,0,4,7,0,11,0,0,13,2,15,0,4,20,2,26,32,0,32,58
08/28/2016,MKG,MI,AGL,CE,Combined TRACON& Tower with Radar,0,7,11,1,19,0,0,21,1,22,0,7,32,2,41,66,0,66,107
08/29/2016,MKG,MI,AGL,CE,Combined TRACON& Tower with Radar,0,2,21,2,25,0,0,78,3,81,0,2,99,5,106,68,0,68,174
08/30/2016,MKG,MI,AGL,CE,Combined TRACON& Tower with Radar,0,4,30,0,34,0,0,19,2,21,0,4,49,2,55,76,0,76,131
08/31/2016,MKG,MI,AGL,CE,Combined TRACON& Tower with Radar,0,6,29,0,35,0,0,37,6,43,0,6,66,6,78,136,0,136,214
09/01/2016,MKG,MI,AGL,CE,Combined TRACON& Tower with Radar,0,8,34,0,42,0,0,48,7,55,0,8,82,7,97,26,8,34,131
09/02/2016,MKG,MI,AGL,CE,Combined TRACON& Tower with Radar,0,6,13,0,19,0,0,58,0,58,0,6,71,0,77,58,0,58,135
09/03/2016,MKG,MI,AGL,CE,Combined TRACON& Tower with Radar,0,4,6,0,10,0,0,32,2,34,0,4,38,2,44,22,12,34,78
09/04/2016,MKG,MI,AGL,CE,Combined TRACON& Tower with Radar,0,4,6,0,10,0,0,26,2,28,0,4,32,2,38,38,0,38,76
09/05/2016,MKG,MI,AGL,CE,Combined TRACON& Tower with Radar,0,4,9,0,13,0,0,24,2,26,0,4,33,2,39,24,0,24,63
09/06/2016,MKG,MI,AGL,CE,Combined TRACON& Tower with Radar,0,6,27,0,33,0,0,23,3,26,0,6,50,3,59,8,0,8,67
09/07/2016,MKG,MI,AGL,CE,Combined TRACON& Tower with Radar,0,6,17,0,23,0,0,1,2,3,0,6,18,2,26,0,0,0,26
09/08/2016,MKG,MI,AGL,CE,Combined TRACON& Tower with Radar,0,7,29,5,41,0,2,9,4,15,0,9,38,9,56,0,0,0,56
09/09/2016,MKG,MI,AGL,CE,Combined TRACON& Tower with Radar,0,6,20,0,26,0,0,26,6,32,0,6,46,6,58,44,12,56,114
09/10/2016,MKG,MI,AGL,CE,Combined TRACON& Tower with Radar,0,4,14,2,20,0,0,6,3,9,0,4,20,5,29,12,16,28,57
09/11/2016,MKG,MI,AGL,CE,Combined TRACON& Tower with Radar,0,7,4,0,11,0,1,32,2,35,0,8,36,2,46,48,6,54,100
09/12/2016,MKG,MI,AGL,CE,Combined TRACON& Tower with Radar,0,11,10,2,23,0,0,16,0,16,0,11,26,2,39,38,0,38,77
09/13/2016,MKG,MI,AGL,CE,Combined TRACON& Tower with Radar,0,7,9,0,16,0,1,5,4,10,0,8,14,4,26,0,0,0,26
09/14/2016,MKG,MI,AGL,CE,Combined TRACON& Tower with Radar,0,7,26,0,33,0,0,35,2,37,0,7,61,2,70,32,0,32,102
09/15/2016,MKG,MI,AGL,CE,Combined TRACON& Tower with Radar,0,9,25,0,34,0,0,63,2,65,0,9,88,2,99,32,2,34,133
09/16/2016,MKG,MI,AGL,CE,Combined TRACON& Tower with Radar,0,8,15,1,24,0,0,22,0,22,0,8,37,1,46,2,0,2,48
09/17/2016,MKG,MI,AGL,CE,Combined TRACON& Tower with Radar,0,5,8,0,13,0,0,49,0,49,0,5,57,0,62,86,0,86,148
09/18/2016,MKG,MI,AGL,CE,Combined TRACON& Tower with Radar,0,4,9,0,13,0,0,37,2,39,0,4,46,2,52,70,0,70,122
09/19/2016,MKG,MI,AGL,CE,Combined TRACON& Tower with Radar,0,7,14,0,21,0,0,12,0,12,0,7,26,0,33,0,0,0,33
09/20/2016,MKG,MI,AGL,CE,Combined TRACON& Tower with Radar,0,6,12,0,18,0,0,20,2,22,0,6,32,2,40,28,2,30,70
09/21/2016,MKG,MI,AGL,CE,Combined TRACON& Tower with Radar,0,4,13,0,17,0,0,17,0,17,0,4,30,0,34,18,0,18,52
09/22/2016,MKG,MI,AGL,CE,Combined TRACON& Tower with Radar,0,6,23,0,29,0,0,17,0,17,0,6,40,0,46,16,0,16,62
09/23/2016,MKG,MI,AGL,CE,Combined TRACON& Tower with Radar,0,6,24,0,30,0,0,0,0,0,0,6,24,0,30,2,0,2,32
09/24/2016,MKG,MI,AGL,CE,Combined TRACON& Tower with Radar,0,4,11,0,15,0,0,31,0,31,0,4,42,0,46,0,0,0,46
09/25/2016,MKG,MI,AGL,CE,Combined TRACON& Tower with Radar,2,4,21,0,27,0,0,40,0,40,2,4,61,0,67,42,0,42,109
09/26/2016,MKG,MI,AGL,CE,Combined TRACON& Tower with Radar,0,6,9,0,15,0,0,5,0,5,0,6,14,0,20,12,0,12,32
09/27/2016,MKG,MI,AGL,CE,Combined TRACON& Tower with Radar,0,6,18,0,24,0,0,5,0,5,0,6,23,0,29,0,0,0,29
09/28/2016,MKG,MI,AGL,CE,Combined TRACON& Tower with Radar,0,6,10,1,17,0,0,0,1,1,0,6,10,2,18,2,0,2,20
09/29/2016,MKG,MI,AGL,CE,Combined TRACON& Tower with Radar,2,6,20,0,28,0,0,3,0,3,2,6,23,0,31,28,0,28,59
09/30/2016,MKG,MI,AGL,CE,Combined TRACON& Tower with Radar,0,8,23,0,31,0,0,0,0,0,0,8,23,0,31,4,0,4,35
10/01/2016,MKG,MI,AGL,CE,Combined TRACON& Tower with Radar,0,4,14,0,18,0,0,0,0,0,0,4,14,0,18,0,0,0,18
10/02/2016,MKG,MI,AGL,CE,Combined TRACON& Tower with Radar,0,4,27,0,31,0,0,4,0,4,0,4,31,0,35,0,0,0,35
10/03/2016,MKG,MI,AGL,CE,Combined TRACON& Tower with Radar,0,4,13,0,17,0,0,20,0,20,0,4,33,0,37,16,0,16,53
10/04/2016,MKG,MI,AGL,CE,Combined TRACON& Tower with Radar,0,11,23,0,34,0,0,19,0,19,0,11,42,0,53,4,0,4,57
10/05/2016,MKG,MI,AGL,CE,Combined TRACON& Tower with Radar,0,7,21,0,28,0,0,15,0,15,0,7,36,0,43,10,0,10,53
10/06/2016,MKG,MI,AGL,CE,Combined TRACON& Tower with Radar,0,6,20,2,28,0,0,6,0,6,0,6,26,2,34,0,2,2,36
10/07/2016,MKG,MI,AGL,CE,Combined TRACON& Tower with Radar,0,10,17,0,27,0,0,10,0,10,0,10,27,0,37,0,0,0,37
10/08/2016,MKG,MI,AGL,CE,Combined TRACON& Tower with Radar,0,4,11,0,15,0,0,20,0,20,0,4,31,0,35,0,0,0,35
10/09/2016,MKG,MI,AGL,CE,Combined TRACON& Tower with Radar,0,4,11,0,15,0,0,28,1,29,0,4,39,1,44,0,0,0,44
10/10/2016,MKG,MI,AGL,CE,Combined TRACON& Tower with Radar,0,4,20,0,24,0,0,43,0,43,0,4,63,0,67,34,0,34,101
10/11/2016,MKG,MI,AGL,CE,Combined TRACON& Tower with Radar,0,6,21,0,27,0,0,16,0,16,0,6,37,0,43,12,0,12,55
10/12/2016,MKG,MI,AGL,CE,Combined TRACON& Tower with Radar,0,6,23,0,29,0,0,10,0,10,0,6,33,0,39,2,0,2,41
10/13/2016,MKG,MI,AGL,CE,Combined TRACON& Tower with Radar,0,10,25,0,35,0,0,38,0,38,0,10,63,0,73,0,0,0,73
10/14/2016,MKG,MI,AGL,CE,Combined TRACON& Tower with Radar,0,8,24,0,32,0,0,61,6,67,0,8,85,6,99,86,0,86,185
10/15/2016,MKG,MI,AGL,CE,Combined TRACON& Tower with Radar,0,4,23,0,27,0,0,2,0,2,0,4,25,0,29,14,0,14,43
10/16/2016,MKG,MI,AGL,CE,Combined TRACON& Tower with Radar,0,4,7,0,11,0,0,0,0,0,0,4,7,0,11,0,0,0,11
10/17/2016,MKG,MI,AGL,CE,Combined TRACON& Tower with Radar,0,6,8,0,14,0,0,8,0,8,0,6,16,0,22,10,0,10,32
10/18/2016,MKG,MI,AGL,CE,Combined TRACON& Tower with Radar,0,8,18,0,26,0,0,15,0,15,0,8,33,0,41,50,0,50,91
10/19/2016,MKG,MI,AGL,CE,Combined TRACON& Tower with Radar,0,7,14,0,21,0,0,33,0,33,0,7,47,0,54,24,0,24,78
10/20/2016,MKG,MI,AGL,CE,Combined TRACON& Tower with Radar,0,8,31,0,39,0,0,14,1,15,0,8,45,1,54,0,0,0,54
10/21/2016,MKG,MI,AGL,CE,Combined TRACON& Tower with Radar,0,11,17,0,28,0,0,26,0,26,0,11,43,0,54,16,0,16,70
10/22/2016,MKG,MI,AGL,CE,Combined TRACON& Tower with Radar,0,4,15,0,19,0,0,49,0,49,0,4,64,0,68,28,0,28,96
10/23/2016,MKG,MI,AGL,CE,Combined TRACON& Tower with Radar,0,4,10,0,14,0,0,47,0,47,0,4,57,0,61,8,0,8,69
10/24/2016,MKG,MI,AGL,CE,Combined TRACON& Tower with Radar,0,7,12,0,19,0,0,28,1,29,0,7,40,1,48,54,0,54,102
10/25/2016,MKG,MI,AGL,CE,Combined TRACON& Tower with Radar,0,6,24,0,30,0,0,49,0,49,0,6,73,0,79,52,0,52,131
10/26/2016,MKG,MI,AGL,CE,Combined TRACON& Tower with Radar,0,8,18,0,26,0,0,0,0,0,0,8,18,0,26,0,0,0,26
10/27/2016,MKG,MI,AGL,CE,Combined TRACON& Tower with Radar,2,8,35,0,45,0,0,7,1,8,2,8,42,1,53,38,0,38,91
10/28/2016,MKG,MI,AGL,CE,Combined TRACON& Tower with Radar,0,9,29,0,38,0,0,32,0,32,0,9,61,0,70,58,0,58,128
10/29/2016,MKG,MI,AGL,CE,Combined TRACON& Tower with Radar,0,4,18,0,22,0,0,27,0,27,0,4,45,0,49,7,0,7,56
10/30/2016,MKG,MI,AGL,CE,Combined TRACON& Tower with Radar,0,4,18,0,22,0,0,36,0,36,0,4,54,0,58,90,0,90,148
10/31/2016,MKG,MI,AGL,CE,Combined TRACON& Tower with Radar,1,4,14,0,19,0,1,31,0,32,1,5,45,0,51,0,0,0,51
11/01/2016,MKG,MI,AGL,CE,Combined TRACON& Tower with Radar,0,7,21,0,28,0,0,31,0,31,0,7,52,0,59,0,0,0,59
11/02/2016,MKG,MI,AGL,CE,Combined TRACON& Tower with Radar,0,6,22,0,28,0,0,1,2,3,0,6,23,2,31,0,0,0,31
11/03/2016,MKG,MI,AGL,CE,Combined TRACON& Tower with Radar,0,4,27,0,31,0,0,20,0,20,0,4,47,0,51,20,0,20,71
11/04/2016,MKG,MI,AGL,CE,Combined TRACON& Tower with Radar,0,6,34,0,40,0,2,57,0,59,0,8,91,0,99,34,0,34,133
11/05/2016,MKG,MI,AGL,CE,Combined TRACON& Tower with Radar,0,4,13,0,17,0,0,54,2,56,0,4,67,2,73,62,0,62,135
11/06/2016,MKG,MI,AGL,CE,Combined TRACON& Tower with Radar,0,4,11,0,15,0,0,22,0,22,0,4,33,0,37,14,0,14,51
11/07/2016,MKG,MI,AGL,CE,Combined TRACON& Tower with Radar,0,4,7,0,11,0,0,32,0,32,0,4,39,0,43,0,0,0,43
11/08/2016,MKG,MI,AGL,CE,Combined TRACON& Tower with Radar,0,6,26,2,34,0,0,2,0,2,0,6,28,2,36,14,0,14,50
11/09/2016,MKG,MI,AGL,CE,Combined TRACON& Tower with Radar,0,9,23,0,32,0,0,35,0,35,0,9,58,0,67,68,0,68,135
11/10/2016,MKG,MI,AGL,CE,Combined TRACON& Tower with Radar,0,6,19,2,27,0,0,18,2,20,0,6,37,4,47,0,0,0,47
11/11/2016,MKG,MI,AGL,CE,Combined TRACON& Tower with Radar,0,8,11,0,19,0,0,26,0,26,0,8,37,0,45,12,0,12,57
11/12/2016,MKG,MI,AGL,CE,Combined TRACON& Tower with Radar,0,3,9,0,12,0,1,26,0,27,0,4,35,0,39,52,0,52,91
11/13/2016,MKG,MI,AGL,CE,Combined TRACON& Tower with Radar,0,4,13,0,17,0,0,4,0,4,0,4,17,0,21,6,0,6,27
11/14/2016,MKG,MI,AGL,CE,Combined TRACON& Tower with Radar,0,6,9,0,15,0,0,25,0,25,0,6,34,0,40,20,0,20,60
11/15/2016,MKG,MI,AGL,CE,Combined TRACON& Tower with Radar,0,4,11,0,15,0,0,0,0,0,0,4,11,0,15,4,0,4,19
11/16/2016,MKG,MI,AGL,CE,Combined TRACON& Tower with Radar,0,4,12,0,16,0,0,17,0,17,0,4,29,0,33,34,0,34,67
11/17/2016,MKG,MI,AGL,CE,Combined TRACON& Tower with Radar,0,6,18,0,24,0,0,21,0,21,0,6,39,0,45,52,0,52,97
11/18/2016,MKG,MI,AGL,CE,Combined TRACON& Tower with Radar,0,8,9,0,17,0,0,7,0,7,0,8,16,0,24,10,0,10,34
11/19/2016,MKG,MI,AGL,CE,Combined TRACON& Tower with Radar,0,4,4,0,8,0,0,0,0,0,0,4,4,0,8,0,0,0,8
11/20/2016,MKG,MI,AGL,CE,Combined TRACON& Tower with Radar,0,4,2,0,6,0,0,6,0,6,0,4,8,0,12,0,0,0,12
11/21/2016,MKG,MI,AGL,CE,Combined TRACON& Tower with Radar,0,4,12,0,16,0,0,37,0,37,0,4,49,0,53,60,0,60,113
11/22/2016,MKG,MI,AGL,CE,Combined TRACON& Tower with Radar,0,6,19,0,25,0,0,30,0,30,0,6,49,0,55,52,0,52,107
11/23/2016,MKG,MI,AGL,CE,Combined TRACON& Tower with Radar,0,6,8,0,14,0,0,0,0,0,0,6,8,0,14,0,0,0,14
11/24/2016,MKG,MI,AGL,CE,Combined TRACON& Tower with Radar,1,2,5,0,8,0,0,2,0,2,1,2,7,0,10,16,0,16,26
11/25/2016,MKG,MI,AGL,CE,Combined TRACON& Tower with Radar,1,4,1,0,6,0,0,6,0,6,1,4,7,0,12,52,0,52,64
11/26/2016,MKG,MI,AGL,CE,Combined TRACON& Tower with Radar,2,4,4,0,10,0,0,7,0,7,2,4,11,0,17,0,0,0,17
11/27/2016,MKG,MI,AGL,CE,Combined TRACON& Tower with Radar,0,4,11,0,15,0,0,6,0,6,0,4,17,0,21,66,0,66,87
11/28/2016,MKG,MI,AGL,CE,Combined TRACON& Tower with Radar,0,9,8,0,17,0,0,0,0,0,0,9,8,0,17,0,0,0,17
11/29/2016,MKG,MI,AGL,CE,Combined TRACON& Tower with Radar,0,8,14,0,22,0,1,22,4,27,0,9,36,4,49,52,2,54,103
11/30/2016,MKG,MI,AGL,CE,Combined TRACON& Tower with Radar,0,4,13,0,17,0,0,28,0,28,0,4,41,0,45,110,0,110,155
12/01/2016,MKG,MI,AGL,CE,Combined TRACON& Tower with Radar,0,8,14,0,22,0,0,3,0,3,0,8,17,0,25,0,0,0,25
12/02/2016,MKG,MI,AGL,CE,Combined TRACON& Tower with Radar,0,6,20,0,26,0,0,1,0,1,0,6,21,0,27,0,0,0,27
12/03/2016,MKG,MI,AGL,CE,Combined TRACON& Tower with Radar,0,6,32,0,38,0,0,44,0,44,0,6,76,0,82,36,0,36,118
12/04/2016,MKG,MI,AGL,CE,Combined TRACON& Tower with Radar,0,4,1,0,5,0,0,2,0,2,0,4,3,0,7,8,0,8,15
12/05/2016,MKG,MI,AGL,CE,Combined TRACON& Tower with Radar,0,8,14,0,22,0,0,15,0,15,0,8,29,0,37,42,0,42,79
12/06/2016,MKG,MI,AGL,CE,Combined TRACON& Tower with Radar,0,4,13,0,17,0,0,10,0,10,0,4,23,0,27,6,0,6,33
12/07/2016,MKG,MI,AGL,CE,Combined TRACON& Tower with Radar,0,8,11,0,19,0,0,0,0,0,0,8,11,0,19,0,0,0,19
12/08/2016,MKG,MI,AGL,CE,Combined TRACON& Tower with Radar,0,8,18,0,26,0,0,0,0,0,0,8,18,0,26,0,0,0,26
12/09/2016,MKG,MI,AGL,CE,Combined TRACON& Tower with Radar,0,10,14,2,26,0,0,2,0,2,0,10,16,2,28,30,0,30,58
12/10/2016,MKG,MI,AGL,CE,Combined TRACON& Tower with Radar,0,2,3,0,5,0,0,1,0,1,0,2,4,0,6,0,0,0,6
12/11/2016,MKG,MI,AGL,CE,Combined TRACON& Tower with Radar,0,0,2,0,2,0,0,0,0,0,0,0,2,0,2,0,0,0,2
12/12/2016,MKG,MI,AGL,CE,Combined TRACON& Tower with Radar,0,8,9,0,17,0,0,0,0,0,0,8,9,0,17,8,0,8,25
12/13/2016,MKG,MI,AGL,CE,Combined TRACON& Tower with Radar,0,4,17,0,21,0,0,5,0,5,0,4,22,0,26,30,0,30,56
12/14/2016,MKG,MI,AGL,CE,Combined TRACON& Tower with Radar,0,6,9,0,15,0,0,0,0,0,0,6,9,0,15,0,0,0,15
12/15/2016,MKG,MI,AGL,CE,Combined TRACON& Tower with Radar,0,6,11,0,17,0,0,0,0,0,0,6,11,0,17,0,0,0,17
12/16/2016,MKG,MI,AGL,CE,Combined TRACON& Tower with Radar,0,7,4,0,11,0,0,1,0,1,0,7,5,0,12,0,0,0,12
12/17/2016,MKG,MI,AGL,CE,Combined TRACON& Tower with Radar,0,2,2,0,4,0,0,9,0,9,0,2,11,0,13,20,0,20,33
12/18/2016,MKG,MI,AGL,CE,Combined TRACON& Tower with Radar,0,2,4,0,6,0,0,0,0,0,0,2,4,0,6,0,0,0,6
12/19/2016,MKG,MI,AGL,CE,Combined TRACON& Tower with Radar,0,5,14,0,19,0,0,6,0,6,0,5,20,0,25,10,0,10,35
12/20/2016,MKG,MI,AGL,CE,Combined TRACON& Tower with Radar,0,4,18,0,22,0,0,14,2,16,0,4,32,2,38,0,0,0,38
12/21/2016,MKG,MI,AGL,CE,Combined TRACON& Tower with Radar,0,4,9,0,13,0,0,19,0,19,0,4,28,0,32,62,0,62,94
12/22/2016,MKG,MI,AGL,CE,Combined TRACON& Tower with Radar,0,4,17,0,21,0,0,15,0,15,0,4,32,0,36,48,0,48,84
12/23/2016,MKG,MI,AGL,CE,Combined TRACON& Tower with Radar,0,4,2,0,6,0,0,21,0,21,0,4,23,0,27,40,0,40,67
12/24/2016,MKG,MI,AGL,CE,Combined TRACON& Tower with Radar,0,3,7,0,10,0,0,4,0,4,0,3,11,0,14,8,0,8,22
12/25/2016,MKG,MI,AGL,CE,Combined TRACON& Tower with Radar,0,1,2,0,3,0,0,0,0,0,0,1,2,0,3,0,0,0,3
12/26/2016,MKG,MI,AGL,CE,Combined TRACON& Tower with Radar,0,4,3,0,7,0,0,3,0,3,0,4,6,0,10,0,0,0,10
12/27/2016,MKG,MI,AGL,CE,Combined TRACON& Tower with Radar,0,4,10,0,14,0,0,1,0,1,0,4,11,0,15,18,0,18,33
12/28/2016,MKG,MI,AGL,CE,Combined TRACON& Tower with Radar,0,6,13,0,19,0,0,35,0,35,0,6,48,0,54,60,0,60,114
12/29/2016,MKG,MI,AGL,CE,Combined TRACON& Tower with Radar,0,4,9,0,13,0,0,1,0,1,0,4,10,0,14,0,0,0,14
12/30/2016,MKG,MI,AGL,CE,Combined TRACON& Tower with Radar,0,6,5,0,11,0,0,3,0,3,0,6,8,0,14,0,0,0,14
12/31/2016,MKG,MI,AGL,CE,Combined TRACON& Tower with Radar,0,4,3,0,7,0,0,6,0,6,0,4,9,0,13,28,0,28,41
01/01/2017,MKG,MI,AGL,CE,Towers with Radar,0,4,8,0,12,0,0,44,0,44,0,4,52,0,56,65,0,65,121
01/02/2017,MKG,MI,AGL,CE,Towers with Radar,0,4,5,0,9,0,0,17,0,17,0,4,22,0,26,54,0,54,80
01/03/2017,MKG,MI,AGL,CE,Towers with Radar,0,2,7,0,9,0,0,0,0,0,0,2,7,0,9,0,0,0,9
01/04/2017,MKG,MI,AGL,CE,Towers with Radar,0,5,9,0,14,0,0,0,0,0,0,5,9,0,14,0,0,0,14
01/05/2017,MKG,MI,AGL,CE,Towers with Radar,0,4,7,0,11,0,0,0,0,0,0,4,7,0,11,0,0,0,11
01/06/2017,MKG,MI,AGL,CE,Towers with Radar,0,6,11,0,17,0,0,0,0,0,0,6,11,0,17,0,0,0,17
01/07/2017,MKG,MI,AGL,CE,Towers with Radar,0,2,5,0,7,0,0,0,0,0,0,2,5,0,7,0,0,0,7
01/08/2017,MKG,MI,AGL,CE,Towers with Radar,0,4,15,0,19,0,0,0,0,0,0,4,15,0,19,7,0,7,26
01/09/2017,MKG,MI,AGL,CE,Towers with Radar,0,4,5,0,9,0,0,4,0,4,0,4,9,0,13,0,0,0,13
01/10/2017,MKG,MI,AGL,CE,Towers with Radar,0,2,0,0,2,0,0,0,0,0,0,2,0,0,2,0,0,0,2
01/11/2017,MKG,MI,AGL,CE,Towers with Radar,0,2,13,0,15,0,0,7,0,7,0,2,20,0,22,14,0,14,36
01/12/2017,MKG,MI,AGL,CE,Towers with Radar,0,4,16,0,20,0,0,0,0,0,0,4,16,0,20,20,0,20,40
01/13/2017,MKG,MI,AGL,CE,Towers with Radar,0,6,19,0,25,0,0,30,0,30,0,6,49,0,55,26,0,26,81
01/14/2017,MKG,MI,AGL,CE,Towers with Radar,0,2,9,0,11,0,1,23,0,24,0,3,32,0,35,44,0,44,79
01/15/2017,MKG,MI,AGL,CE,Towers with Radar,0,4,11,0,15,0,0,31,0,31,0,4,42,0,46,56,0,56,102
01/16/2017,MKG,MI,AGL,CE,Towers with Radar,0,2,0,0,2,0,0,0,0,0,0,2,0,0,2,0,0,0,2
01/17/2017,MKG,MI,AGL,CE,Towers with Radar,0,4,2,0,6,0,0,0,0,0,0,4,2,0,6,0,0,0,6
01/18/2017,MKG,MI,AGL,CE,Towers with Radar,0,6,9,0,15,0,0,0,0,0,0,6,9,0,15,0,0,0,15
01/19/2017,MKG,MI,AGL,CE,Towers with Radar,0,8,30,0,38,0,0,4,0,4,0,8,34,0,42,0,0,0,42
01/20/2017,MKG,MI,AGL,CE,Towers with Radar,2,6,6,0,14,0,0,0,0,0,2,6,6,0,14,0,0,0,14
01/21/2017,MKG,MI,AGL,CE,Towers with Radar,0,2,19,0,21,0,0,10,0,10,0,2,29,0,31,32,0,32,63
01/22/2017,MKG,MI,AGL,CE,Towers with Radar,0,2,11,0,13,0,0,1,0,1,0,2,12,0,14,0,0,0,14
01/23/2017,MKG,MI,AGL,CE,Towers with Radar,0,4,2,0,6,0,0,2,0,2,0,4,4,0,8,14,0,14,22
01/24/2017,MKG,MI,AGL,CE,Towers with Radar,0,6,14,0,20,0,0,0,0,0,0,6,14,0,20,0,0,0,20
01/25/2017,MKG,MI,AGL,CE,Towers with Radar,0,8,1,0,9,0,0,0,0,0,0,8,1,0,9,0,0,0,9
01/26/2017,MKG,MI,AGL,CE,Towers with Radar,0,6,5,0,11,0,0,0,0,0,0,6,5,0,11,0,0,0,11
01/27/2017,MKG,MI,AGL,CE,Towers with Radar,0,6,3,0,9,0,0,3,0,3,0,6,6,0,12,38,0,38,50
01/28/2017,MKG,MI,AGL,CE,Towers with Radar,0,2,4,0,6,0,0,1,0,1,0,2,5,0,7,10,0,10,17
01/29/2017,MKG,MI,AGL,CE,Towers with Radar,0,4,2,0,6,0,0,0,0,0,0,4,2,0,6,0,0,0,6
01/30/2017,MKG,MI,AGL,CE,Towers with Radar,0,4,15,0,19,0,0,12,0,12,0,4,27,0,31,58,0,58,89
01/31/2017,MKG,MI,AGL,CE,Towers with Radar,0,6,2,0,8,0,0,0,0,0,0,6,2,0,8,0,0,0,8
02/01/2017,MKG,MI,AGL,CE,Towers with Radar,0,6,12,0,18,0,0,9,0,9,0,6,21,0,27,72,0,72,99
02/02/2017,MKG,MI,AGL,CE,Towers with Radar,0,10,11,0,21,0,0,5,0,5,0,10,16,0,26,6,0,6,32
02/03/2017,MKG,MI,AGL,CE,Towers with Radar,0,10,29,0,39,0,0,22,0,22,0,10,51,0,61,0,0,0,61
02/04/2017,MKG,MI,AGL,CE,Towers with Radar,0,4,7,0,11,0,6,22,0,28,0,10,29,0,39,32,0,32,71
02/05/2017,MKG,MI,AGL,CE,Towers with Radar,0,4,3,0,7,0,0,9,0,9,0,4,12,0,16,4,0,4,20
02/06/2017,MKG,MI,AGL,CE,Towers with Radar,0,4,19,0,23,0,0,20,0,20,0,4,39,0,43,32,0,32,75
02/07/2017,MKG,MI,AGL,CE,Towers with Radar,0,4,12,0,16,0,0,0,0,0,0,4,12,0,16,0,0,0,16
02/08/2017,MKG,MI,AGL,CE,Towers with Radar,0,6,12,0,18,0,0,10,0,10,0,6,22,0,28,76,0,76,104
02/09/2017,MKG,MI,AGL,CE,Towers with Radar,0,6,17,0,23,0,0,0,0,0,0,6,17,0,23,0,0,0,23
02/10/2017,MKG,MI,AGL,CE,Towers with Radar,0,6,9,0,15,0,0,13,0,13,0,6,22,0,28,3,0,3,31
02/11/2017,MKG,MI,AGL,CE,Towers with Radar,0,2,11,0,13,0,0,28,0,28,0,2,39,0,41,60,0,60,101
02/12/2017,MKG,MI,AGL,CE,Towers with Radar,0,6,6,0,12,0,0,0,0,0,0,6,6,0,12,6,0,6,18
02/13/2017,MKG,MI,AGL,CE,Towers with Radar,0,5,29,0,34,0,0,58,0,58,0,5,87,0,92,46,0,46,138
02/14/2017,MKG,MI,AGL,CE,Towers with Radar,0,6,7,1,14,0,0,8,1,9,0,6,15,2,23,6,4,10,33
02/15/2017,MKG,MI,AGL,CE,Towers with Radar,0,11,13,0,24,0,0,2,0,2,0,11,15,0,26,0,0,0,26
02/16/2017,MKG,MI,AGL,CE,Towers with Radar,0,6,25,0,31,0,0,27,0,27,0,6,52,0,58,12,0,12,70
02/17/2017,MKG,MI,AGL,CE,Towers with Radar,0,6,12,0,18,0,0,55,0,55,0,6,67,0,73,76,0,76,149
02/18/2017,MKG,MI,AGL,CE,Towers with Radar,0,2,21,0,23,0,0,54,0,54,0,2,75,0,77,50,0,50,127
02/19/2017,MKG,MI,AGL,CE,Towers with Radar,0,4,14,0,18,0,0,73,0,73,0,4,87,0,91,134,0,134,225
02/20/2017,MKG,MI,AGL,CE,Towers with Radar,0,4,18,0,22,0,0,39,0,39,0,4,57,0,61,74,0,74,135
02/21/2017,MKG,MI,AGL,CE,Towers with Radar,0,6,12,0,18,0,0,3,0,3,0,6,15,0,21,0,0,0,21
02/22/2017,MKG,MI,AGL,CE,Towers with Radar,0,4,13,0,17,0,0,0,0,0,0,4,13,0,17,0,0,0,17
02/23/2017,MKG,MI,AGL,CE,Towers with Radar,0,8,20,0,28,0,0,7,0,7,0,8,27,0,35,16,0,16,51
02/24/2017,MKG,MI,AGL,CE,Towers with Radar,0,8,4,0,12,0,0,0,0,0,0,8,4,0,12,0,0,0,12
02/25/2017,MKG,MI,AGL,CE,Towers with Radar,0,0,0,0,0,0,0,0,0,0,0,0,0,0,0,0,0,0,0
02/26/2017,MKG,MI,AGL,CE,Towers with Radar,2,6,2,0,10,0,0,4,0,4,2,6,6,0,14,0,0,0,14
02/27/2017,MKG,MI,AGL,CE,Towers with Radar,0,6,14,0,20,0,3,45,0,48,0,9,59,0,68,0,0,0,68
02/28/2017,MKG,MI,AGL,CE,Towers with Radar,0,5,7,0,12,0,0,0,0,0,0,5,7,0,12,0,0,0,12
03/01/2017,MKG,MI,AGL,CE,Towers with Radar,0,2,8,0,10,0,0,0,0,0,0,2,8,0,10,0,0,0,10
03/02/2017,MKG,MI,AGL,CE,Towers with Radar,0,6,9,0,15,0,0,4,0,4,0,6,13,0,19,0,0,0,19
03/03/2017,MKG,MI,AGL,CE,Towers with Radar,0,8,17,0,25,0,0,20,0,20,0,8,37,0,45,0,0,0,45
03/04/2017,MKG,MI,AGL,CE,Towers with Radar,0,6,7,0,13,0,0,23,0,23,0,6,30,0,36,26,0,26,62
03/05/2017,MKG,MI,AGL,CE,Towers with Radar,0,5,0,0,5,0,0,10,0,10,0,5,10,0,15,10,0,10,25
03/06/2017,MKG,MI,AGL,CE,Towers with Radar,0,5,17,0,22,0,0,1,0,1,0,5,18,0,23,0,0,0,23
03/07/2017,MKG,MI,AGL,CE,Towers with Radar,0,6,15,0,21,0,0,9,0,9,0,6,24,0,30,6,0,6,36
03/08/2017,MKG,MI,AGL,CE,Towers with Radar,0,11,7,0,18,0,0,0,0,0,0,11,7,0,18,0,0,0,18
03/09/2017,MKG,MI,AGL,CE,Towers with Radar,0,6,32,0,38,0,0,20,0,20,0,6,52,0,58,0,0,0,58
03/10/2017,MKG,MI,AGL,CE,Towers with Radar,0,6,9,0,15,0,0,5,0,5,0,6,14,0,20,0,0,0,20
03/11/2017,MKG,MI,AGL,CE,Towers with Radar,0,4,7,0,11,0,0,13,0,13,0,4,20,0,24,0,0,0,24
03/12/2017,MKG,MI,AGL,CE,Towers with Radar,0,4,16,0,20,0,0,26,0,26,0,4,42,0,46,0,0,0,46
03/13/2017,MKG,MI,AGL,CE,Towers with Radar,0,1,3,0,4,0,0,2,0,2,0,1,5,0,6,24,0,24,30
03/14/2017,MKG,MI,AGL,CE,Towers with Radar,0,6,19,0,25,0,0,9,0,9,0,6,28,0,34,60,0,60,94
03/15/2017,MKG,MI,AGL,CE,Towers with Radar,0,10,23,0,33,0,0,6,0,6,0,10,29,0,39,0,0,0,39
03/16/2017,MKG,MI,AGL,CE,Towers with Radar,0,6,29,0,35,0,0,59,1,60,0,6,88,1,95,116,0,116,211
03/17/2017,MKG,MI,AGL,CE,Towers with Radar,0,8,5,0,13,0,0,0,0,0,0,8,5,0,13,0,0,0,13
03/18/2017,MKG,MI,AGL,CE,Towers with Radar,0,3,4,0,7,0,0,2,0,2,0,3,6,0,9,0,0,0,9
03/19/2017,MKG,MI,AGL,CE,Towers with Radar,0,6,9,0,15,0,0,30,0,30,0,6,39,0,45,32,0,32,77
03/20/2017,MKG,MI,AGL,CE,Towers with Radar,0,6,15,0,21,0,1,20,0,21,0,7,35,0,42,58,0,58,100
03/21/2017,MKG,MI,AGL,CE,Towers with Radar,0,10,22,0,32,0,2,30,0,32,0,12,52,0,64,56,0,56,120
03/22/2017,MKG,MI,AGL,CE,Towers with Radar,0,8,24,0,32,0,1,46,0,47,0,9,70,0,79,62,0,62,141
03/23/2017,MKG,MI,AGL,CE,Towers with Radar,0,8,15,1,24,0,0,20,1,21,0,8,35,2,45,50,0,50,95
03/24/2017,MKG,MI,AGL,CE,Towers with Radar,0,6,20,0,26,0,0,22,0,22,0,6,42,0,48,0,0,0,48
03/25/2017,MKG,MI,AGL,CE,Towers with Radar,0,6,2,0,8,0,0,0,2,2,0,6,2,2,10,0,0,0,10
03/26/2017,MKG,MI,AGL,CE,Towers with Radar,0,4,9,0,13,0,0,0,0,0,0,4,9,0,13,15,0,15,28
03/27/2017,MKG,MI,AGL,CE,Towers with Radar,0,4,14,0,18,0,0,8,0,8,0,4,22,0,26,42,0,42,68
03/28/2017,MKG,MI,AGL,CE,Towers with Radar,0,6,21,0,27,0,0,15,0,15,0,6,36,0,42,14,0,14,56
03/29/2017,MKG,MI,AGL,CE,Towers with Radar,0,5,19,0,24,0,0,37,0,37,0,5,56,0,61,38,0,38,99
03/30/2017,MKG,MI,AGL,CE,Towers with Radar,0,6,7,0,13,0,0,0,0,0,0,6,7,0,13,0,0,0,13
03/31/2017,MKG,MI,AGL,CE,Towers with Radar,0,6,19,0,25,0,0,4,2,6,0,6,23,2,31,3,0,3,34
04/01/2017,MKG,MI,AGL,CE,Towers with Radar,0,4,10,0,14,0,0,60,0,60,0,4,70,0,74,26,0,26,100
04/02/2017,MKG,MI,AGL,CE,Towers with Radar,0,4,18,0,22,0,0,46,0,46,0,4,64,0,68,54,0,54,122
04/03/2017,MKG,MI,AGL,CE,Towers with Radar,0,4,4,0,8,0,0,5,0,5,0,4,9,0,13,16,0,16,29
04/04/2017,MKG,MI,AGL,CE,Towers with Radar,0,6,6,0,12,0,0,4,0,4,0,6,10,0,16,0,0,0,16
04/05/2017,MKG,MI,AGL,CE,Towers with Radar,0,6,5,0,11,0,0,5,0,5,0,6,10,0,16,0,0,0,16
04/06/2017,MKG,MI,AGL,CE,Towers with Radar,0,4,7,0,11,0,0,0,0,0,0,4,7,0,11,0,0,0,11
04/07/2017,MKG,MI,AGL,CE,Towers with Radar,0,6,12,2,20,0,1,23,0,24,0,7,35,2,44,26,0,26,70
04/08/2017,MKG,MI,AGL,CE,Towers with Radar,0,4,7,0,11,0,0,55,0,55,0,4,62,0,66,57,0,57,123
04/09/2017,MKG,MI,AGL,CE,Towers with Radar,0,4,1,0,5,0,0,5,0,5,0,4,6,0,10,0,0,0,10
04/10/2017,MKG,MI,AGL,CE,Towers with Radar,0,4,8,0,12,0,0,4,0,4,0,4,12,0,16,2,0,2,18
04/11/2017,MKG,MI,AGL,CE,Towers with Radar,0,6,14,2,22,0,0,0,0,0,0,6,14,2,22,0,0,0,22
04/12/2017,MKG,MI,AGL,CE,Towers with Radar,0,4,36,0,40,0,0,60,0,60,0,4,96,0,100,98,0,98,198
04/13/2017,MKG,MI,AGL,CE,Towers with Radar,0,7,24,3,34,0,3,12,3,18,0,10,36,6,52,38,0,38,90
04/14/2017,MKG,MI,AGL,CE,Towers with Radar,0,5,19,0,24,0,1,62,0,63,0,6,81,0,87,56,0,56,143
04/15/2017,MKG,MI,AGL,CE,Towers with Radar,0,3,8,0,11,0,1,2,0,3,0,4,10,0,14,12,0,12,26
04/16/2017,MKG,MI,AGL,CE,Towers with Radar,0,4,13,1,18,0,0,13,0,13,0,4,26,1,31,0,0,0,31
04/17/2017,MKG,MI,AGL,CE,Towers with Radar,0,5,24,0,29,0,0,57,4,61,0,5,81,4,90,0,0,0,90
04/18/2017,MKG,MI,AGL,CE,Towers with Radar,0,6,22,0,28,0,1,52,4,57,0,7,74,4,85,22,0,22,107
04/19/2017,MKG,MI,AGL,CE,Towers with Radar,2,7,25,1,35,0,0,19,5,24,2,7,44,6,59,12,0,12,71
04/20/2017,MKG,MI,AGL,CE,Towers with Radar,0,8,19,4,31,0,0,2,5,7,0,8,21,9,38,0,0,0,38
04/21/2017,MKG,MI,AGL,CE,Towers with Radar,0,6,9,0,15,0,0,10,5,15,0,6,19,5,30,16,0,16,46
04/22/2017,MKG,MI,AGL,CE,Towers with Radar,0,4,9,1,14,0,0,80,0,80,0,4,89,1,94,52,0,52,146
04/23/2017,MKG,MI,AGL,CE,Towers with Radar,0,4,19,1,24,0,0,67,0,67,0,4,86,1,91,56,0,56,147
04/24/2017,MKG,MI,AGL,CE,Towers with Radar,0,4,27,0,31,0,0,82,3,85,0,4,109,3,116,0,0,0,116
04/25/2017,MKG,MI,AGL,CE,Towers with Radar,0,6,15,0,21,0,0,56,1,57,0,6,71,1,78,55,0,55,133
04/26/2017,MKG,MI,AGL,CE,Towers with Radar,0,6,9,0,15,0,0,27,1,28,0,6,36,1,43,16,0,16,59
04/27/2017,MKG,MI,AGL,CE,Towers with Radar,0,7,18,0,25,0,0,0,0,0,0,7,18,0,25,0,0,0,25
04/28/2017,MKG,MI,AGL,CE,Towers with Radar,0,7,28,0,35,0,0,48,0,48,0,7,76,0,83,44,0,44,127
04/29/2017,MKG,MI,AGL,CE,Towers with Radar,0,2,4,0,6,0,0,14,0,14,0,2,18,0,20,16,0,16,36
04/30/2017,MKG,MI,AGL,CE,Towers with Radar,0,4,12,0,16,0,0,0,0,0,0,4,12,0,16,0,0,0,16
05/01/2017,MKG,MI,AGL,CE,Towers with Radar,0,2,8,0,10,0,0,2,0,2,0,2,10,0,12,0,0,0,12
05/02/2017,MKG,MI,AGL,CE,Towers with Radar,0,8,6,0,14,0,0,3,0,3,0,8,9,0,17,14,0,14,31
05/03/2017,MKG,MI,AGL,CE,Towers with Radar,0,10,33,1,44,0,0,60,1,61,0,10,93,2,105,54,0,54,159
05/04/2017,MKG,MI,AGL,CE,Towers with Radar,0,6,22,0,28,0,0,23,0,23,0,6,45,0,51,58,0,58,109
05/05/2017,MKG,MI,AGL,CE,Towers with Radar,0,6,25,0,31,0,0,34,2,36,0,6,59,2,67,26,0,26,93
05/06/2017,MKG,MI,AGL,CE,Towers with Radar,0,4,12,0,16,0,0,36,2,38,0,4,48,2,54,26,0,26,80
05/07/2017,MKG,MI,AGL,CE,Towers with Radar,0,4,18,0,22,0,0,46,0,46,0,4,64,0,68,0,0,0,68
05/08/2017,MKG,MI,AGL,CE,Towers with Radar,0,4,18,0,22,0,0,58,2,60,0,4,76,2,82,40,2,42,124
05/09/2017,MKG,MI,AGL,CE,Towers with Radar,0,8,17,0,25,0,0,43,1,44,0,8,60,1,69,28,0,28,97
05/10/2017,MKG,MI,AGL,CE,Towers with Radar,0,8,22,0,30,0,0,39,10,49,0,8,61,10,79,102,0,102,181
05/11/2017,MKG,MI,AGL,CE,Towers with Radar,0,10,24,1,35,0,0,24,1,25,0,10,48,2,60,40,0,40,100
05/12/2017,MKG,MI,AGL,CE,Towers with Radar,0,6,32,0,38,0,0,35,0,35,0,6,67,0,73,42,0,42,115
05/13/2017,MKG,MI,AGL,CE,Towers with Radar,0,2,18,0,20,0,0,33,0,33,0,2,51,0,53,36,0,36,89
05/14/2017,MKG,MI,AGL,CE,Towers with Radar,0,4,13,0,17,0,0,22,0,22,0,4,35,0,39,16,0,16,55
05/15/2017,MKG,MI,AGL,CE,Towers with Radar,0,4,19,0,23,0,0,50,0,50,0,4,69,0,73,28,0,28,101
05/16/2017,MKG,MI,AGL,CE,Towers with Radar,0,7,24,3,34,0,3,33,3,39,0,10,57,6,73,41,0,41,114
05/17/2017,MKG,MI,AGL,CE,Towers with Radar,0,7,6,0,13,0,0,7,4,11,0,7,13,4,24,0,4,4,28
05/18/2017,MKG,MI,AGL,CE,Towers with Radar,0,7,12,0,19,0,0,4,0,4,0,7,16,0,23,0,0,0,23
05/19/2017,MKG,MI,AGL,CE,Towers with Radar,0,6,8,0,14,0,0,25,0,25,0,6,33,0,39,74,0,74,113
05/20/2017,MKG,MI,AGL,CE,Towers with Radar,0,4,6,0,10,0,2,16,0,18,0,6,22,0,28,0,0,0,28
05/21/2017,MKG,MI,AGL,CE,Towers with Radar,0,4,15,0,19,0,0,8,0,8,0,4,23,0,27,0,0,0,27
05/22/2017,MKG,MI,AGL,CE,Towers with Radar,0,4,16,0,20,0,0,26,0,26,0,4,42,0,46,8,0,8,54
05/23/2017,MKG,MI,AGL,CE,Towers with Radar,0,7,33,0,40,0,0,24,0,24,0,7,57,0,64,104,0,104,168
05/24/2017,MKG,MI,AGL,CE,Towers with Radar,2,7,19,2,30,0,0,14,0,14,2,7,33,2,44,0,0,0,44
05/25/2017,MKG,MI,AGL,CE,Towers with Radar,4,9,18,1,32,0,1,10,1,12,4,10,28,2,44,18,0,18,62
05/26/2017,MKG,MI,AGL,CE,Towers with Radar,0,10,22,1,33,0,0,31,2,33,0,10,53,3,66,77,0,77,143
05/27/2017,MKG,MI,AGL,CE,Towers with Radar,0,6,15,0,21,0,0,49,5,54,0,6,64,5,75,62,0,62,137
05/28/2017,MKG,MI,AGL,CE,Towers with Radar,2,5,6,0,13,0,0,20,10,30,2,5,26,10,43,26,8,34,77
05/29/2017,MKG,MI,AGL,CE,Towers with Radar,0,8,5,0,13,0,0,26,4,30,0,8,31,4,43,66,0,66,109
05/30/2017,MKG,MI,AGL,CE,Towers with Radar,0,10,12,0,22,0,1,44,2,47,0,11,56,2,69,58,0,58,127
05/31/2017,MKG,MI,AGL,CE,Towers with Radar,0,9,19,0,28,0,1,75,3,79,0,10,94,3,107,106,0,106,213
06/01/2017,MKG,MI,AGL,CE,Towers with Radar,0,8,27,1,36,0,0,55,2,57,0,8,82,3,93,114,2,116,209
06/02/2017,MKG,MI,AGL,CE,Towers with Radar,0,8,13,3,24,0,0,46,4,50,0,8,59,7,74,60,0,60,134
06/03/2017,MKG,MI,AGL,CE,Towers with Radar,0,4,15,0,19,0,0,35,0,35,0,4,50,0,54,28,0,28,82
06/04/2017,MKG,MI,AGL,CE,Towers with Radar,0,4,9,0,13,0,0,33,3,36,0,4,42,3,49,66,8,74,123
06/05/2017,MKG,MI,AGL,CE,Towers with Radar,0,4,18,0,22,0,0,20,3,23,0,4,38,3,45,0,0,0,45
06/06/2017,MKG,MI,AGL,CE,Towers with Radar,0,6,13,0,19,0,0,33,1,34,0,6,46,1,53,48,0,48,101
06/07/2017,MKG,MI,AGL,CE,Towers with Radar,0,6,16,0,22,0,0,54,5,59,0,6,70,5,81,106,0,106,187
06/08/2017,MKG,MI,AGL,CE,Towers with Radar,0,6,30,1,37,0,0,57,2,59,0,6,87,3,96,14,0,14,110
06/09/2017,MKG,MI,AGL,CE,Towers with Radar,0,12,16,0,28,0,2,37,4,43,0,14,53,4,71,42,0,42,113
06/10/2017,MKG,MI,AGL,CE,Towers with Radar,0,4,8,0,12,0,0,134,30,164,0,4,142,30,176,218,6,224,400
06/11/2017,MKG,MI,AGL,CE,Towers with Radar,0,5,7,0,12,0,0,5,0,5,0,5,12,0,17,0,0,0,17
06/12/2017,MKG,MI,AGL,CE,Towers with Radar,0,4,18,0,22,0,0,22,4,26,0,4,40,4,48,52,0,52,100
06/13/2017,MKG,MI,AGL,CE,Towers with Radar,0,8,10,1,19,0,2,28,1,31,0,10,38,2,50,88,0,88,138
06/14/2017,MKG,MI,AGL,CE,Towers with Radar,0,2,13,0,15,0,0,19,5,24,0,2,32,5,39,18,2,20,59
06/15/2017,MKG,MI,AGL,CE,Towers with Radar,0,4,23,1,28,0,0,40,5,45,0,4,63,6,73,38,0,38,111
06/16/2017,MKG,MI,AGL,CE,Towers with Radar,0,4,22,0,26,0,0,27,3,30,0,4,49,3,56,53,0,53,109
06/17/2017,MKG,MI,AGL,CE,Towers with Radar,0,4,9,1,14,0,0,6,7,13,0,4,15,8,27,4,0,4,31
06/18/2017,MKG,MI,AGL,CE,Towers with Radar,0,4,5,3,12,0,0,5,9,14,0,4,10,12,26,0,0,0,26
06/19/2017,MKG,MI,AGL,CE,Towers with Radar,0,2,16,0,18,0,0,37,3,40,0,2,53,3,58,90,0,90,148
06/20/2017,MKG,MI,AGL,CE,Towers with Radar,0,6,23,0,29,0,0,36,2,38,0,6,59,2,67,52,0,52,119
06/21/2017,MKG,MI,AGL,CE,Towers with Radar,0,4,19,2,25,0,0,47,4,51,0,4,66,6,76,18,0,18,94
06/22/2017,MKG,MI,AGL,CE,Towers with Radar,0,6,25,1,32,0,0,9,2,11,0,6,34,3,43,18,16,34,77
06/23/2017,MKG,MI,AGL,CE,Towers with Radar,0,6,33,4,43,0,0,25,2,27,0,6,58,6,70,34,0,34,104
06/24/2017,MKG,MI,AGL,CE,Towers with Radar,0,4,13,0,17,0,0,21,2,23,0,4,34,2,40,4,3,7,47
06/25/2017,MKG,MI,AGL,CE,Towers with Radar,0,4,8,0,12,0,0,23,5,28,0,4,31,5,40,32,15,47,87
06/26/2017,MKG,MI,AGL,CE,Towers with Radar,0,6,22,0,28,0,0,16,5,21,0,6,38,5,49,8,4,12,61
06/27/2017,MKG,MI,AGL,CE,Towers with Radar,0,6,18,2,26,0,0,65,3,68,0,6,83,5,94,71,0,71,165
06/28/2017,MKG,MI,AGL,CE,Towers with Radar,0,5,25,1,31,0,0,12,2,14,0,5,37,3,45,0,0,0,45
06/29/2017,MKG,MI,AGL,CE,Towers with Radar,0,7,32,4,43,0,0,21,2,23,0,7,53,6,66,32,0,32,98
06/30/2017,MKG,MI,AGL,CE,Towers with Radar,0,6,25,2,33,0,0,11,3,14,0,6,36,5,47,0,0,0,47
07/01/2017,MKG,MI,AGL,CE,Towers with Radar,0,4,4,0,8,0,0,32,4,36,0,4,36,4,44,78,0,78,122
07/02/2017,MKG,MI,AGL,CE,Towers with Radar,0,6,5,1,12,0,0,30,4,34,0,6,35,5,46,22,22,44,90
07/03/2017,MKG,MI,AGL,CE,Towers with Radar,0,5,15,10,30,0,0,40,8,48,0,5,55,18,78,72,26,98,176
07/04/2017,MKG,MI,AGL,CE,Towers with Radar,0,4,4,1,9,0,0,29,13,42,0,4,33,14,51,14,10,24,75
07/05/2017,MKG,MI,AGL,CE,Towers with Radar,0,8,14,2,24,0,0,35,3,38,0,8,49,5,62,54,0,54,116
07/06/2017,MKG,MI,AGL,CE,Towers with Radar,0,5,14,3,22,0,0,31,5,36,0,5,45,8,58,0,0,0,58
07/07/2017,MKG,MI,AGL,CE,Towers with Radar,0,8,9,0,17,0,0,22,2,24,0,8,31,2,41,0,0,0,41
07/08/2017,MKG,MI,AGL,CE,Towers with Radar,0,6,16,6,28,0,0,69,8,77,0,6,85,14,105,58,22,80,185
07/09/2017,MKG,MI,AGL,CE,Towers with Radar,0,4,30,4,38,0,2,34,6,42,0,6,64,10,80,44,0,44,124
07/10/2017,MKG,MI,AGL,CE,Towers with Radar,0,8,16,1,25,0,0,32,3,35,0,8,48,4,60,86,0,86,146
07/11/2017,MKG,MI,AGL,CE,Towers with Radar,0,6,15,0,21,0,0,40,10,50,0,6,55,10,71,54,0,54,125
07/12/2017,MKG,MI,AGL,CE,Towers with Radar,0,2,7,2,11,0,0,31,6,37,0,2,38,8,48,22,10,32,80
07/13/2017,MKG,MI,AGL,CE,Towers with Radar,2,2,33,2,39,0,0,2,2,4,2,2,35,4,43,16,0,16,59
07/14/2017,MKG,MI,AGL,CE,Towers with Radar,0,9,40,0,49,0,0,4,4,8,0,9,44,4,57,32,0,32,89
07/15/2017,MKG,MI,AGL,CE,Towers with Radar,0,7,11,0,18,0,1,56,3,60,0,8,67,3,78,40,0,40,118
07/16/2017,MKG,MI,AGL,CE,Towers with Radar,2,4,10,0,16,0,0,17,0,17,2,4,27,0,33,12,0,12,45
07/17/2017,MKG,MI,AGL,CE,Towers with Radar,0,8,20,0,28,0,0,49,1,50,0,8,69,1,78,82,0,82,160
07/18/2017,MKG,MI,AGL,CE,Towers with Radar,0,6,21,0,27,0,0,36,3,39,0,6,57,3,66,0,0,0,66
07/19/2017,MKG,MI,AGL,CE,Towers with Radar,0,4,21,0,25,0,0,32,3,35,0,4,53,3,60,17,0,17,77
07/20/2017,MKG,MI,AGL,CE,Towers with Radar,0,11,15,0,26,0,0,21,0,21,0,11,36,0,47,24,0,24,71
07/21/2017,MKG,MI,AGL,CE,Towers with Radar,0,4,26,0,30,0,0,19,5,24,0,4,45,5,54,46,0,46,100
07/22/2017,MKG,MI,AGL,CE,Towers with Radar,0,3,33,0,36,0,0,6,0,6,0,3,39,0,42,2,0,2,44
07/23/2017,MKG,MI,AGL,CE,Towers with Radar,0,6,20,4,30,0,0,9,1,10,0,6,29,5,40,8,0,8,48
07/24/2017,MKG,MI,AGL,CE,Towers with Radar,0,7,32,1,40,0,1,29,1,31,0,8,61,2,71,0,0,0,71
07/25/2017,MKG,MI,AGL,CE,Towers with Radar,0,7,19,2,28,0,1,54,4,59,0,8,73,6,87,30,1,31,118
07/26/2017,MKG,MI,AGL,CE,Towers with Radar,0,7,16,0,23,0,0,35,1,36,0,7,51,1,59,31,6,37,96
07/27/2017,MKG,MI,AGL,CE,Towers with Radar,0,6,32,1,39,0,0,55,3,58,0,6,87,4,97,70,0,70,167
07/28/2017,MKG,MI,AGL,CE,Towers with Radar,0,6,21,4,31,0,0,31,5,36,0,6,52,9,67,42,6,48,115
07/29/2017,MKG,MI,AGL,CE,Towers with Radar,0,8,8,6,22,0,0,41,6,47,0,8,49,12,69,94,0,94,163
07/30/2017,MKG,MI,AGL,CE,Towers with Radar,0,12,16,1,29,0,6,55,4,65,0,18,71,5,94,102,0,102,196
07/31/2017,MKG,MI,AGL,CE,Towers with Radar,0,6,10,8,24,0,0,27,8,35,0,6,37,16,59,0,0,0,59
08/01/2017,MKG,MI,AGL,CE,Towers with Radar,0,8,24,0,32,0,2,34,0,36,0,10,58,0,68,56,0,56,124
08/02/2017,MKG,MI,AGL,CE,Towers with Radar,0,7,13,2,22,0,0,30,8,38,0,7,43,10,60,64,18,82,142
08/03/2017,MKG,MI,AGL,CE,Towers with Radar,0,3,15,4,22,0,0,16,5,21,0,3,31,9,43,20,0,20,63
08/04/2017,MKG,MI,AGL,CE,Towers with Radar,0,5,25,3,33,0,0,1,0,1,0,5,26,3,34,0,0,0,34
08/05/2017,MKG,MI,AGL,CE,Towers with Radar,0,7,16,2,25,0,0,27,6,33,0,7,43,8,58,0,0,0,58
08/06/2017,MKG,MI,AGL,CE,Towers with Radar,0,10,14,4,28,0,0,20,5,25,0,10,34,9,53,40,0,40,93
08/07/2017,MKG,MI,AGL,CE,Towers with Radar,0,6,19,0,25,0,0,29,3,32,0,6,48,3,57,102,0,102,159
08/08/2017,MKG,MI,AGL,CE,Towers with Radar,0,6,22,0,28,0,0,38,5,43,0,6,60,5,71,54,0,54,125
08/09/2017,MKG,MI,AGL,CE,Towers with Radar,0,8,17,0,25,0,0,46,6,52,0,8,63,6,77,26,0,26,103
08/10/2017,MKG,MI,AGL,CE,Towers with Radar,0,6,20,2,28,0,0,35,0,35,0,6,55,2,63,54,0,54,117
08/11/2017,MKG,MI,AGL,CE,Towers with Radar,0,11,26,6,43,0,0,25,4,29,0,11,51,10,72,44,0,44,116
08/12/2017,MKG,MI,AGL,CE,Towers with Radar,0,7,17,0,24,0,0,27,2,29,0,7,44,2,53,29,0,29,82
08/13/2017,MKG,MI,AGL,CE,Towers with Radar,0,4,15,0,19,0,0,61,2,63,0,4,76,2,82,72,0,72,154
08/14/2017,MKG,MI,AGL,CE,Towers with Radar,0,6,16,0,22,0,0,29,2,31,0,6,45,2,53,40,0,40,93
08/15/2017,MKG,MI,AGL,CE,Towers with Radar,0,8,16,0,24,0,0,39,4,43,0,8,55,4,67,60,0,60,127
08/16/2017,MKG,MI,AGL,CE,Towers with Radar,0,6,27,0,33,0,0,46,3,49,0,6,73,3,82,48,0,48,130
08/17/2017,MKG,MI,AGL,CE,Towers with Radar,0,9,14,0,23,0,0,1,1,2,0,9,15,1,25,0,0,0,25
08/18/2017,MKG,MI,AGL,CE,Towers with Radar,0,9,24,0,33,0,0,20,1,21,0,9,44,1,54,128,0,128,182
08/19/2017,MKG,MI,AGL,CE,Towers with Radar,0,4,12,0,16,0,0,42,0,42,0,4,54,0,58,114,0,114,172
08/20/2017,MKG,MI,AGL,CE,Towers with Radar,0,8,18,0,26,0,0,37,0,37,0,8,55,0,63,4,0,4,67
08/21/2017,MKG,MI,AGL,CE,Towers with Radar,0,4,30,0,34,0,0,29,0,29,0,4,59,0,63,44,0,44,107
08/22/2017,MKG,MI,AGL,CE,Towers with Radar,0,8,13,0,21,0,0,11,0,11,0,8,24,0,32,24,0,24,56
08/23/2017,MKG,MI,AGL,CE,Towers with Radar,0,10,25,0,35,0,0,36,0,36,0,10,61,0,71,6,0,6,77
08/24/2017,MKG,MI,AGL,CE,Towers with Radar,0,6,25,2,33,0,0,34,1,35,0,6,59,3,68,0,0,0,68
08/25/2017,MKG,MI,AGL,CE,Towers with Radar,0,6,23,0,29,0,0,60,6,66,0,6,83,6,95,70,8,78,173
08/26/2017,MKG,MI,AGL,CE,Towers with Radar,0,6,13,0,19,0,0,52,3,55,0,6,65,3,74,24,0,24,98
08/27/2017,MKG,MI,AGL,CE,Towers with Radar,0,6,6,2,14,0,1,18,5,24,0,7,24,7,38,22,0,22,60
08/28/2017,MKG,MI,AGL,CE,Towers with Radar,0,4,13,0,17,0,0,18,6,24,0,4,31,6,41,48,0,48,89
08/29/2017,MKG,MI,AGL,CE,Towers with Radar,0,6,21,0,27,0,0,19,4,23,0,6,40,4,50,46,0,46,96
08/30/2017,MKG,MI,AGL,CE,Towers with Radar,0,6,18,2,26,0,0,34,6,40,0,6,52,8,66,16,0,16,82
08/31/2017,MKG,MI,AGL,CE,Towers with Radar,0,6,33,0,39,0,0,37,2,39,0,6,70,2,78,32,0,32,110
09/01/2017,MKG,MI,AGL,CE,Towers with Radar,0,10,16,0,26,0,1,24,2,27,0,11,40,2,53,20,0,20,73
09/02/2017,MKG,MI,AGL,CE,Towers with Radar,0,4,15,0,19,0,0,38,1,39,0,4,53,1,58,50,0,50,108
09/03/2017,MKG,MI,AGL,CE,Towers with Radar,0,4,6,2,12,0,0,19,3,22,0,4,25,5,34,6,0,6,40
09/04/2017,MKG,MI,AGL,CE,Towers with Radar,0,4,8,0,12,0,0,4,4,8,0,4,12,4,20,6,6,12,32
09/05/2017,MKG,MI,AGL,CE,Towers with Radar,0,6,16,0,22,0,0,11,0,11,0,6,27,0,33,0,0,0,33
09/06/2017,MKG,MI,AGL,CE,Towers with Radar,0,6,30,0,36,0,0,18,0,18,0,6,48,0,54,14,0,14,68
09/07/2017,MKG,MI,AGL,CE,Towers with Radar,2,9,11,0,22,0,0,6,0,6,2,9,17,0,28,30,0,30,58
09/08/2017,MKG,MI,AGL,CE,Towers with Radar,0,7,19,0,26,0,0,38,6,44,0,7,57,6,70,60,0,60,130
09/09/2017,MKG,MI,AGL,CE,Towers with Radar,0,4,21,0,25,0,0,47,2,49,0,4,68,2,74,54,0,54,128
09/10/2017,MKG,MI,AGL,CE,Towers with Radar,0,4,13,0,17,0,0,56,0,56,0,4,69,0,73,80,0,80,153
09/11/2017,MKG,MI,AGL,CE,Towers with Radar,0,7,11,4,22,0,1,37,0,38,0,8,48,4,60,14,0,14,74
09/12/2017,MKG,MI,AGL,CE,Towers with Radar,0,7,21,0,28,0,0,41,0,41,0,7,62,0,69,42,0,42,111
09/13/2017,MKG,MI,AGL,CE,Towers with Radar,0,8,12,0,20,0,0,27,0,27,0,8,39,0,47,30,0,30,77
09/14/2017,MKG,MI,AGL,CE,Towers with Radar,0,4,28,2,34,0,0,23,2,25,0,4,51,4,59,80,0,80,139
09/15/2017,MKG,MI,AGL,CE,Towers with Radar,0,10,24,2,36,0,0,48,0,48,0,10,72,2,84,62,0,62,146
09/16/2017,MKG,MI,AGL,CE,Towers with Radar,0,5,12,0,17,0,0,47,0,47,0,5,59,0,64,56,0,56,120
09/17/2017,MKG,MI,AGL,CE,Towers with Radar,0,6,7,0,13,0,1,30,0,31,0,7,37,0,44,68,0,68,112
09/18/2017,MKG,MI,AGL,CE,Towers with Radar,0,5,19,0,24,0,0,22,0,22,0,5,41,0,46,28,0,28,74
09/19/2017,MKG,MI,AGL,CE,Towers with Radar,0,8,24,0,32,0,0,34,0,34,0,8,58,0,66,80,0,80,146
09/20/2017,MKG,MI,AGL,CE,Towers with Radar,0,8,10,0,18,0,0,22,0,22,0,8,32,0,40,8,0,8,48
09/21/2017,MKG,MI,AGL,CE,Towers with Radar,0,6,21,0,27,0,0,31,0,31,0,6,52,0,58,74,0,74,132
09/22/2017,MKG,MI,AGL,CE,Towers with Radar,0,6,8,0,14,0,0,46,0,46,0,6,54,0,60,50,0,50,110
09/23/2017,MKG,MI,AGL,CE,Towers with Radar,0,5,3,0,8,0,0,39,0,39,0,5,42,0,47,98,0,98,145
09/24/2017,MKG,MI,AGL,CE,Towers with Radar,0,4,12,0,16,0,0,32,0,32,0,4,44,0,48,0,0,0,48
09/25/2017,MKG,MI,AGL,CE,Towers with Radar,0,7,21,0,28,0,0,36,0,36,0,7,57,0,64,60,0,60,124
09/26/2017,MKG,MI,AGL,CE,Towers with Radar,0,6,14,0,20,0,0,28,0,28,0,6,42,0,48,46,0,46,94
09/27/2017,MKG,MI,AGL,CE,Towers with Radar,0,7,25,0,32,0,0,15,0,15,0,7,40,0,47,0,0,0,47
09/28/2017,MKG,MI,AGL,CE,Towers with Radar,0,7,35,0,42,0,0,41,0,41,0,7,76,0,83,48,0,48,131
09/29/2017,MKG,MI,AGL,CE,Towers with Radar,0,7,11,0,18,0,0,25,0,25,0,7,36,0,43,18,0,18,61
09/30/2017,MKG,MI,AGL,CE,Towers with Radar,0,4,8,0,12,0,0,42,0,42,0,4,50,0,54,7,0,7,61
10/01/2017,MKG,MI,AGL,CE,Towers with Radar,0,2,13,0,15,0,0,44,0,44,0,2,57,0,59,40,0,40,99
10/02/2017,MKG,MI,AGL,CE,Towers with Radar,0,4,22,0,26,0,0,31,0,31,0,4,53,0,57,14,0,14,71
10/03/2017,MKG,MI,AGL,CE,Towers with Radar,0,7,16,0,23,0,0,24,0,24,0,7,40,0,47,24,0,24,71
10/04/2017,MKG,MI,AGL,CE,Towers with Radar,0,8,27,1,36,0,0,12,0,12,0,8,39,1,48,0,0,0,48
10/05/2017,MKG,MI,AGL,CE,Towers with Radar,0,6,15,1,22,0,0,51,0,51,0,6,66,1,73,66,0,66,139
10/06/2017,MKG,MI,AGL,CE,Towers with Radar,0,7,11,0,18,0,0,9,0,9,0,7,20,0,27,0,0,0,27
10/07/2017,MKG,MI,AGL,CE,Towers with Radar,0,4,8,0,12,0,0,2,0,2,0,4,10,0,14,0,0,0,14
10/08/2017,MKG,MI,AGL,CE,Towers with Radar,0,4,17,0,21,0,0,30,0,30,0,4,47,0,51,40,0,40,91
10/09/2017,MKG,MI,AGL,CE,Towers with Radar,0,4,22,0,26,0,0,59,0,59,0,4,81,0,85,62,0,62,147
10/10/2017,MKG,MI,AGL,CE,Towers with Radar,0,5,16,0,21,0,0,21,0,21,0,5,37,0,42,22,0,22,64
10/11/2017,MKG,MI,AGL,CE,Towers with Radar,0,6,15,0,21,0,0,0,0,0,0,6,15,0,21,0,0,0,21
10/12/2017,MKG,MI,AGL,CE,Towers with Radar,0,7,18,0,25,0,0,0,0,0,0,7,18,0,25,0,0,0,25
10/13/2017,MKG,MI,AGL,CE,Towers with Radar,0,6,32,0,38,0,0,10,0,10,0,6,42,0,48,26,0,26,74
10/14/2017,MKG,MI,AGL,CE,Towers with Radar,0,4,18,0,22,0,0,0,0,0,0,4,18,0,22,8,0,8,30
10/15/2017,MKG,MI,AGL,CE,Towers with Radar,0,3,6,0,9,0,0,0,0,0,0,3,6,0,9,0,0,0,9
10/16/2017,MKG,MI,AGL,CE,Towers with Radar,0,4,16,0,20,0,1,26,0,27,0,5,42,0,47,74,0,74,121
10/17/2017,MKG,MI,AGL,CE,Towers with Radar,0,6,18,2,26,0,0,32,0,32,0,6,50,2,58,28,0,28,86
10/18/2017,MKG,MI,AGL,CE,Towers with Radar,0,6,25,0,31,0,1,26,0,27,0,7,51,0,58,20,0,20,78
10/19/2017,MKG,MI,AGL,CE,Towers with Radar,0,6,15,0,21,0,0,41,0,41,0,6,56,0,62,30,0,30,92
10/20/2017,MKG,MI,AGL,CE,Towers with Radar,0,6,17,0,23,0,0,59,0,59,0,6,76,0,82,30,0,30,112
10/21/2017,MKG,MI,AGL,CE,Towers with Radar,0,4,9,0,13,0,0,35,0,35,0,4,44,0,48,12,0,12,60
10/22/2017,MKG,MI,AGL,CE,Towers with Radar,0,4,9,0,13,0,0,8,0,8,0,4,17,0,21,0,0,0,21
10/23/2017,MKG,MI,AGL,CE,Towers with Radar,0,4,8,0,12,0,0,0,0,0,0,4,8,0,12,0,0,0,12
10/24/2017,MKG,MI,AGL,CE,Towers with Radar,0,4,8,0,12,0,0,0,0,0,0,4,8,0,12,0,0,0,12
10/25/2017,MKG,MI,AGL,CE,Towers with Radar,0,6,14,0,20,0,0,23,0,23,0,6,37,0,43,36,0,36,79
10/26/2017,MKG,MI,AGL,CE,Towers with Radar,0,6,24,0,30,0,0,54,0,54,0,6,78,0,84,48,0,48,132
10/27/2017,MKG,MI,AGL,CE,Towers with Radar,2,8,11,0,21,0,0,3,0,3,2,8,14,0,24,6,0,6,30
10/28/2017,MKG,MI,AGL,CE,Towers with Radar,0,6,3,0,9,0,0,2,0,2,0,6,5,0,11,0,0,0,11
10/29/2017,MKG,MI,AGL,CE,Towers with Radar,0,4,6,0,10,0,0,12,0,12,0,4,18,0,22,24,0,24,46
10/30/2017,MKG,MI,AGL,CE,Towers with Radar,0,4,8,0,12,0,0,2,0,2,0,4,10,0,14,0,0,0,14
10/31/2017,MKG,MI,AGL,CE,Towers with Radar,0,4,10,0,14,0,0,8,0,8,0,4,18,0,22,0,0,0,22
11/01/2017,MKG,MI,AGL,CE,Towers with Radar,0,4,11,0,15,0,1,19,0,20,0,5,30,0,35,20,0,20,55
11/02/2017,MKG,MI,AGL,CE,Towers with Radar,0,6,13,0,19,0,0,1,0,1,0,6,14,0,20,16,0,16,36
11/03/2017,MKG,MI,AGL,CE,Towers with Radar,0,6,12,0,18,0,1,28,0,29,0,7,40,0,47,36,0,36,83
11/04/2017,MKG,MI,AGL,CE,Towers with Radar,0,4,10,0,14,0,0,1,0,1,0,4,11,0,15,0,0,0,15
11/05/2017,MKG,MI,AGL,CE,Towers with Radar,2,2,11,0,15,0,0,0,0,0,2,2,11,0,15,0,0,0,15
11/06/2017,MKG,MI,AGL,CE,Towers with Radar,0,6,19,0,25,1,0,36,0,37,1,6,55,0,62,27,0,27,89
11/07/2017,MKG,MI,AGL,CE,Towers with Radar,0,6,15,0,21,0,0,34,0,34,0,6,49,0,55,34,0,34,89
11/08/2017,MKG,MI,AGL,CE,Towers with Radar,2,5,12,0,19,0,0,43,0,43,2,5,55,0,62,36,0,36,98
11/09/2017,MKG,MI,AGL,CE,Towers with Radar,0,6,5,0,11,0,0,0,0,0,0,6,5,0,11,0,0,0,11
11/10/2017,MKG,MI,AGL,CE,Towers with Radar,0,8,15,0,23,0,0,33,0,33,0,8,48,0,56,62,0,62,118
11/11/2017,MKG,MI,AGL,CE,Towers with Radar,0,6,17,0,23,0,0,38,0,38,0,6,55,0,61,0,0,0,61
11/12/2017,MKG,MI,AGL,CE,Towers with Radar,0,4,10,0,14,0,0,2,0,2,0,4,12,0,16,0,0,0,16
11/13/2017,MKG,MI,AGL,CE,Towers with Radar,2,6,10,0,18,0,0,9,0,9,2,6,19,0,27,12,0,12,39
11/14/2017,MKG,MI,AGL,CE,Towers with Radar,0,11,14,0,25,0,0,14,0,14,0,11,28,0,39,30,0,30,69
11/15/2017,MKG,MI,AGL,CE,Towers with Radar,0,6,10,0,16,0,0,0,0,0,0,6,10,0,16,0,0,0,16
11/16/2017,MKG,MI,AGL,CE,Towers with Radar,0,6,16,0,22,0,0,11,0,11,0,6,27,0,33,39,0,39,72
11/17/2017,MKG,MI,AGL,CE,Towers with Radar,0,8,22,0,30,0,0,9,0,9,0,8,31,0,39,38,0,38,77
11/18/2017,MKG,MI,AGL,CE,Towers with Radar,0,5,8,0,13,0,0,0,0,0,0,5,8,0,13,0,0,0,13
11/19/2017,MKG,MI,AGL,CE,Towers with Radar,0,5,5,0,10,0,0,7,0,7,0,5,12,0,17,10,0,10,27
11/20/2017,MKG,MI,AGL,CE,Towers with Radar,0,4,10,0,14,0,0,21,0,21,0,4,31,0,35,2,0,2,37
11/21/2017,MKG,MI,AGL,CE,Towers with Radar,0,8,2,0,10,0,0,9,0,9,0,8,11,0,19,6,0,6,25
11/22/2017,MKG,MI,AGL,CE,Towers with Radar,0,8,15,0,23,0,0,23,0,23,0,8,38,0,46,42,0,42,88
11/23/2017,MKG,MI,AGL,CE,Towers with Radar,0,2,3,0,5,0,0,2,0,2,0,2,5,0,7,0,0,0,7
11/24/2017,MKG,MI,AGL,CE,Towers with Radar,0,4,3,0,7,0,0,6,0,6,0,4,9,0,13,0,0,0,13
11/25/2017,MKG,MI,AGL,CE,Towers with Radar,0,5,11,0,16,0,0,7,0,7,0,5,18,0,23,4,0,4,27
11/26/2017,MKG,MI,AGL,CE,Towers with Radar,0,6,15,0,21,0,0,29,0,29,0,6,44,0,50,2,0,2,52
11/27/2017,MKG,MI,AGL,CE,Towers with Radar,0,6,14,1,21,0,0,25,1,26,0,6,39,2,47,36,0,36,83
11/28/2017,MKG,MI,AGL,CE,Towers with Radar,0,4,16,0,20,0,0,7,0,7,0,4,23,0,27,12,0,12,39
11/29/2017,MKG,MI,AGL,CE,Towers with Radar,0,6,27,0,33,0,0,48,0,48,0,6,75,0,81,110,0,110,191
11/30/2017,MKG,MI,AGL,CE,Towers with Radar,0,4,9,0,13,0,0,3,0,3,0,4,12,0,16,0,0,0,16
12/01/2017,MKG,MI,AGL,CE,Towers with Radar,0,8,24,0,32,0,0,36,2,38,0,8,60,2,70,46,0,46,116
12/02/2017,MKG,MI,AGL,CE,Towers with Radar,0,5,34,0,39,0,0,77,0,77,0,5,111,0,116,20,0,20,136
12/03/2017,MKG,MI,AGL,CE,Towers with Radar,0,4,13,0,17,0,0,22,0,22,0,4,35,0,39,48,0,48,87
12/04/2017,MKG,MI,AGL,CE,Towers with Radar,0,4,9,0,13,0,0,2,0,2,0,4,11,0,15,0,0,0,15
12/05/2017,MKG,MI,AGL,CE,Towers with Radar,0,4,0,0,4,0,0,4,0,4,0,4,4,0,8,0,0,0,8
12/06/2017,MKG,MI,AGL,CE,Towers with Radar,0,4,10,0,14,0,0,1,0,1,0,4,11,0,15,0,0,0,15
12/07/2017,MKG,MI,AGL,CE,Towers with Radar,0,4,15,0,19,0,0,0,0,0,0,4,15,0,19,0,0,0,19
12/08/2017,MKG,MI,AGL,CE,Towers with Radar,0,8,22,0,30,0,0,3,0,3,0,8,25,0,33,0,0,0,33
12/09/2017,MKG,MI,AGL,CE,Towers with Radar,0,4,8,0,12,0,0,0,0,0,0,4,8,0,12,0,0,0,12
12/10/2017,MKG,MI,AGL,CE,Towers with Radar,2,4,3,0,9,0,0,10,0,10,2,4,13,0,19,12,0,12,31
12/11/2017,MKG,MI,AGL,CE,Towers with Radar,0,6,7,0,13,0,0,0,0,0,0,6,7,0,13,0,0,0,13
12/12/2017,MKG,MI,AGL,CE,Towers with Radar,0,6,7,0,13,0,0,0,0,0,0,6,7,0,13,0,0,0,13
12/13/2017,MKG,MI,AGL,CE,Towers with Radar,0,0,6,0,6,0,0,0,0,0,0,0,6,0,6,0,0,0,6
12/14/2017,MKG,MI,AGL,CE,Towers with Radar,2,6,17,0,25,0,0,0,0,0,2,6,17,0,25,12,0,12,37
12/15/2017,MKG,MI,AGL,CE,Towers with Radar,0,5,11,0,16,0,1,0,0,1,0,6,11,0,17,0,0,0,17
12/16/2017,MKG,MI,AGL,CE,Towers with Radar,0,2,3,0,5,0,0,0,0,0,0,2,3,0,5,0,0,0,5
12/17/2017,MKG,MI,AGL,CE,Towers with Radar,0,4,2,0,6,0,0,1,0,1,0,4,3,0,7,0,0,0,7
12/18/2017,MKG,MI,AGL,CE,Towers with Radar,0,6,7,0,13,0,0,0,0,0,0,6,7,0,13,0,0,0,13
12/19/2017,MKG,MI,AGL,CE,Towers with Radar,0,6,19,0,25,0,0,25,0,25,0,6,44,0,50,134,0,134,184
12/20/2017,MKG,MI,AGL,CE,Towers with Radar,0,4,29,0,33,0,0,48,0,48,0,4,77,0,81,128,0,128,209
12/21/2017,MKG,MI,AGL,CE,Towers with Radar,0,4,10,0,14,0,0,30,0,30,0,4,40,0,44,0,0,0,44
12/22/2017,MKG,MI,AGL,CE,Towers with Radar,0,6,8,0,14,0,0,0,0,0,0,6,8,0,14,0,0,0,14
12/23/2017,MKG,MI,AGL,CE,Towers with Radar,0,2,7,0,9,0,0,16,0,16,0,2,23,0,25,8,0,8,33
12/24/2017,MKG,MI,AGL,CE,Towers with Radar,0,3,3,0,6,0,0,2,0,2,0,3,5,0,8,0,0,0,8
12/25/2017,MKG,MI,AGL,CE,Towers with Radar,0,4,1,0,5,0,0,0,0,0,0,4,1,0,5,0,0,0,5
12/26/2017,MKG,MI,AGL,CE,Towers with Radar,0,4,7,0,11,0,0,0,0,0,0,4,7,0,11,0,0,0,11
12/27/2017,MKG,MI,AGL,CE,Towers with Radar,4,3,7,0,14,0,0,0,0,0,4,3,7,0,14,0,0,0,14
12/28/2017,MKG,MI,AGL,CE,Towers with Radar,0,6,0,0,6,0,0,1,0,1,0,6,1,0,7,0,0,0,7
12/29/2017,MKG,MI,AGL,CE,Towers with Radar,0,4,10,0,14,0,0,0,0,0,0,4,10,0,14,0,0,0,14
12/30/2017,MKG,MI,AGL,CE,Towers with Radar,0,4,6,0,10,0,0,0,0,0,0,4,6,0,10,0,0,0,10
12/31/2017,MKG,MI,AGL,CE,Towers with Radar,0,2,7,0,9,0,0,10,0,10,0,2,17,0,19,0,0,0,19
01/01/2018,MKG,MI,AGL,CE,Towers with Radar,0,0,3,0,3,0,0,0,0,0,0,0,3,0,3,0,0,0,3
01/02/2018,MKG,MI,AGL,CE,Towers with Radar,2,4,4,0,10,0,0,14,0,14,2,4,18,0,24,10,0,10,34
01/03/2018,MKG,MI,AGL,CE,Towers with Radar,0,7,3,0,10,0,0,0,0,0,0,7,3,0,10,0,0,0,10
01/04/2018,MKG,MI,AGL,CE,Towers with Radar,0,6,10,0,16,0,0,6,0,6,0,6,16,0,22,10,0,10,32
01/05/2018,MKG,MI,AGL,CE,Towers with Radar,0,9,7,0,16,0,0,18,0,18,0,9,25,0,34,44,0,44,78
01/06/2018,MKG,MI,AGL,CE,Towers with Radar,0,3,2,0,5,0,1,9,0,10,0,4,11,0,15,8,0,8,23
01/07/2018,MKG,MI,AGL,CE,Towers with Radar,0,4,4,0,8,0,0,0,0,0,0,4,4,0,8,0,0,0,8
01/08/2018,MKG,MI,AGL,CE,Towers with Radar,1,4,7,0,12,0,0,14,0,14,1,4,21,0,26,0,0,0,26
01/09/2018,MKG,MI,AGL,CE,Towers with Radar,0,8,11,0,19,0,0,7,0,7,0,8,18,0,26,32,0,32,58
01/10/2018,MKG,MI,AGL,CE,Towers with Radar,0,12,5,0,17,0,0,0,0,0,0,12,5,0,17,0,0,0,17
01/11/2018,MKG,MI,AGL,CE,Towers with Radar,0,6,5,0,11,0,0,0,0,0,0,6,5,0,11,0,0,0,11
01/12/2018,MKG,MI,AGL,CE,Towers with Radar,0,6,11,0,17,0,0,3,0,3,0,6,14,0,20,0,0,0,20
01/13/2018,MKG,MI,AGL,CE,Towers with Radar,0,2,4,0,6,0,0,22,0,22,0,2,26,0,28,34,0,34,62
01/14/2018,MKG,MI,AGL,CE,Towers with Radar,0,4,7,0,11,0,0,6,0,6,0,4,13,0,17,0,0,0,17
01/15/2018,MKG,MI,AGL,CE,Towers with Radar,0,4,5,0,9,0,0,0,0,0,0,4,5,0,9,0,0,0,9
01/16/2018,MKG,MI,AGL,CE,Towers with Radar,0,4,17,0,21,0,0,14,0,14,0,4,31,0,35,12,0,12,47
01/17/2018,MKG,MI,AGL,CE,Towers with Radar,0,4,17,0,21,0,0,20,0,20,0,4,37,0,41,0,0,0,41
01/18/2018,MKG,MI,AGL,CE,Towers with Radar,0,6,6,0,12,0,0,4,0,4,0,6,10,0,16,2,0,2,18
01/19/2018,MKG,MI,AGL,CE,Towers with Radar,0,8,21,0,29,0,0,19,0,19,0,8,40,0,48,18,0,18,66
01/20/2018,MKG,MI,AGL,CE,Towers with Radar,0,6,25,0,31,0,0,64,0,64,0,6,89,0,95,88,0,88,183
01/21/2018,MKG,MI,AGL,CE,Towers with Radar,0,4,0,0,4,0,0,0,0,0,0,4,0,0,4,0,0,0,4
01/22/2018,MKG,MI,AGL,CE,Towers with Radar,0,12,4,0,16,0,0,0,0,0,0,12,4,0,16,0,0,0,16
01/23/2018,MKG,MI,AGL,CE,Towers with Radar,0,6,7,0,13,0,0,0,0,0,0,6,7,0,13,0,0,0,13
01/24/2018,MKG,MI,AGL,CE,Towers with Radar,0,5,11,0,16,0,0,26,0,26,0,5,37,0,42,66,0,66,108
01/25/2018,MKG,MI,AGL,CE,Towers with Radar,0,6,21,0,27,0,0,12,0,12,0,6,33,0,39,0,0,0,39
01/26/2018,MKG,MI,AGL,CE,Towers with Radar,0,8,7,0,15,0,0,14,0,14,0,8,21,0,29,0,0,0,29
01/27/2018,MKG,MI,AGL,CE,Towers with Radar,0,4,8,0,12,0,0,21,0,21,0,4,29,0,33,50,0,50,83
01/28/2018,MKG,MI,AGL,CE,Towers with Radar,0,4,11,0,15,0,0,45,0,45,0,4,56,0,60,76,0,76,136
01/29/2018,MKG,MI,AGL,CE,Towers with Radar,0,8,7,0,15,0,0,0,0,0,0,8,7,0,15,0,0,0,15
01/30/2018,MKG,MI,AGL,CE,Towers with Radar,0,7,18,2,27,0,0,6,0,6,0,7,24,2,33,10,0,10,43
01/31/2018,MKG,MI,AGL,CE,Towers with Radar,2,6,9,1,18,0,0,2,1,3,2,6,11,2,21,0,0,0,21
02/01/2018,MKG,MI,AGL,CE,Towers with Radar,0,8,10,5,23,0,0,0,1,1,0,8,10,6,24,0,0,0,24
02/02/2018,MKG,MI,AGL,CE,Towers with Radar,0,10,2,0,12,0,0,3,0,3,0,10,5,0,15,2,0,2,17
02/03/2018,MKG,MI,AGL,CE,Towers with Radar,0,4,6,0,10,0,0,2,0,2,0,4,8,0,12,0,0,0,12
02/04/2018,MKG,MI,AGL,CE,Towers with Radar,0,2,3,0,5,0,0,0,0,0,0,2,3,0,5,0,0,0,5
02/05/2018,MKG,MI,AGL,CE,Towers with Radar,0,4,5,0,9,0,0,4,0,4,0,4,9,0,13,0,0,0,13
02/06/2018,MKG,MI,AGL,CE,Towers with Radar,0,4,8,0,12,0,0,1,0,1,0,4,9,0,13,0,0,0,13
02/07/2018,MKG,MI,AGL,CE,Towers with Radar,0,4,10,0,14,0,0,0,0,0,0,4,10,0,14,0,0,0,14
02/08/2018,MKG,MI,AGL,CE,Towers with Radar,0,7,14,0,21,0,0,6,0,6,0,7,20,0,27,6,0,6,33
02/09/2018,MKG,MI,AGL,CE,Towers with Radar,2,4,1,0,7,0,0,0,0,0,2,4,1,0,7,0,0,0,7
02/10/2018,MKG,MI,AGL,CE,Towers with Radar,0,8,10,0,18,0,0,6,0,6,0,8,16,0,24,0,0,0,24
02/11/2018,MKG,MI,AGL,CE,Towers with Radar,0,4,1,0,5,0,0,2,0,2,0,4,3,0,7,0,0,0,7
02/12/2018,MKG,MI,AGL,CE,Towers with Radar,0,7,8,0,15,0,2,26,0,28,0,9,34,0,43,22,0,22,65
02/13/2018,MKG,MI,AGL,CE,Towers with Radar,4,5,12,1,22,0,0,29,0,29,4,5,41,1,51,48,0,48,99
02/14/2018,MKG,MI,AGL,CE,Towers with Radar,0,7,17,0,24,0,0,10,0,10,0,7,27,0,34,16,0,16,50
02/15/2018,MKG,MI,AGL,CE,Towers with Radar,0,0,6,0,6,0,0,0,0,0,0,0,6,0,6,0,0,0,6
02/16/2018,MKG,MI,AGL,CE,Towers with Radar,0,11,15,0,26,0,0,16,0,16,0,11,31,0,42,12,0,12,54
02/17/2018,MKG,MI,AGL,CE,Towers with Radar,0,7,5,0,12,0,0,12,0,12,0,7,17,0,24,2,0,2,26
02/18/2018,MKG,MI,AGL,CE,Towers with Radar,0,6,10,0,16,0,2,21,0,23,0,8,31,0,39,6,0,6,45
02/19/2018,MKG,MI,AGL,CE,Towers with Radar,0,6,15,0,21,0,0,0,0,0,0,6,15,0,21,0,0,0,21
02/20/2018,MKG,MI,AGL,CE,Towers with Radar,0,7,6,0,13,0,0,0,0,0,0,7,6,0,13,0,0,0,13
02/21/2018,MKG,MI,AGL,CE,Towers with Radar,0,6,4,2,12,0,0,11,0,11,0,6,15,2,23,32,0,32,55
02/22/2018,MKG,MI,AGL,CE,Towers with Radar,0,6,15,1,22,0,0,24,1,25,0,6,39,2,47,16,0,16,63
02/23/2018,MKG,MI,AGL,CE,Towers with Radar,0,8,0,2,10,0,0,0,1,1,0,8,0,3,11,0,0,0,11
02/24/2018,MKG,MI,AGL,CE,Towers with Radar,0,6,6,0,12,0,0,22,0,22,0,6,28,0,34,42,0,42,76
02/25/2018,MKG,MI,AGL,CE,Towers with Radar,0,4,3,0,7,0,0,0,0,0,0,4,3,0,7,0,0,0,7
02/26/2018,MKG,MI,AGL,CE,Towers with Radar,0,6,30,0,36,0,0,50,0,50,0,6,80,0,86,14,0,14,100
02/27/2018,MKG,MI,AGL,CE,Towers with Radar,0,6,15,0,21,0,0,13,0,13,0,6,28,0,34,10,0,10,44
02/28/2018,MKG,MI,AGL,CE,Towers with Radar,0,6,13,1,20,0,0,27,1,28,0,6,40,2,48,58,0,58,106
03/01/2018,MKG,MI,AGL,CE,Towers with Radar,0,6,11,0,17,0,0,4,0,4,0,6,15,0,21,0,0,0,21
03/02/2018,MKG,MI,AGL,CE,Towers with Radar,0,10,11,0,21,0,0,46,0,46,0,10,57,0,67,46,0,46,113
03/03/2018,MKG,MI,AGL,CE,Towers with Radar,0,6,8,0,14,0,0,46,0,46,0,6,54,0,60,64,0,64,124
03/04/2018,MKG,MI,AGL,CE,Towers with Radar,0,6,15,0,21,0,0,14,1,15,0,6,29,1,36,0,0,0,36
03/05/2018,MKG,MI,AGL,CE,Towers with Radar,0,6,15,0,21,0,0,18,0,18,0,6,33,0,39,18,0,18,57
03/06/2018,MKG,MI,AGL,CE,Towers with Radar,0,6,10,0,16,0,0,0,0,0,0,6,10,0,16,0,0,0,16
03/07/2018,MKG,MI,AGL,CE,Towers with Radar,0,6,8,0,14,0,0,2,0,2,0,6,10,0,16,0,0,0,16
03/08/2018,MKG,MI,AGL,CE,Towers with Radar,0,6,6,0,12,0,0,5,0,5,0,6,11,0,17,58,0,58,75
03/09/2018,MKG,MI,AGL,CE,Towers with Radar,0,8,12,0,20,0,0,16,0,16,0,8,28,0,36,10,0,10,46
03/10/2018,MKG,MI,AGL,CE,Towers with Radar,0,6,17,0,23,0,0,38,0,38,0,6,55,0,61,0,0,0,61
03/11/2018,MKG,MI,AGL,CE,Towers with Radar,0,5,11,0,16,0,0,31,0,31,0,5,42,0,47,0,0,0,47
03/12/2018,MKG,MI,AGL,CE,Towers with Radar,0,6,7,0,13,0,0,2,0,2,0,6,9,0,15,12,0,12,27
03/13/2018,MKG,MI,AGL,CE,Towers with Radar,0,4,24,0,28,0,0,1,0,1,0,4,25,0,29,0,0,0,29
03/14/2018,MKG,MI,AGL,CE,Towers with Radar,0,6,10,0,16,0,0,29,0,29,0,6,39,0,45,22,0,22,67
03/15/2018,MKG,MI,AGL,CE,Towers with Radar,2,6,13,1,22,0,0,23,1,24,2,6,36,2,46,32,0,32,78
03/16/2018,MKG,MI,AGL,CE,Towers with Radar,0,10,10,1,21,0,0,50,5,55,0,10,60,6,76,70,0,70,146
03/17/2018,MKG,MI,AGL,CE,Towers with Radar,0,6,10,0,16,0,0,29,0,29,0,6,39,0,45,32,0,32,77
03/18/2018,MKG,MI,AGL,CE,Towers with Radar,0,4,6,0,10,0,0,38,0,38,0,4,44,0,48,30,0,30,78
03/19/2018,MKG,MI,AGL,CE,Towers with Radar,0,6,6,0,12,0,0,24,0,24,0,6,30,0,36,10,0,10,46
03/20/2018,MKG,MI,AGL,CE,Towers with Radar,0,6,16,0,22,0,0,30,0,30,0,6,46,0,52,0,0,0,52
03/21/2018,MKG,MI,AGL,CE,Towers with Radar,0,6,22,0,28,0,0,27,0,27,0,6,49,0,55,10,0,10,65
03/22/2018,MKG,MI,AGL,CE,Towers with Radar,0,6,16,2,24,0,0,35,5,40,0,6,51,7,64,74,0,74,138
03/23/2018,MKG,MI,AGL,CE,Towers with Radar,0,8,11,0,19,0,0,33,0,33,0,8,44,0,52,12,0,12,64
03/24/2018,MKG,MI,AGL,CE,Towers with Radar,0,8,6,0,14,0,0,21,0,21,0,8,27,0,35,18,0,18,53
03/25/2018,MKG,MI,AGL,CE,Towers with Radar,0,5,7,0,12,0,0,41,0,41,0,5,48,0,53,8,0,8,61
03/26/2018,MKG,MI,AGL,CE,Towers with Radar,0,6,12,0,18,0,0,29,0,29,0,6,41,0,47,28,0,28,75
03/27/2018,MKG,MI,AGL,CE,Towers with Radar,0,10,20,0,30,0,0,0,0,0,0,10,20,0,30,0,0,0,30
03/28/2018,MKG,MI,AGL,CE,Towers with Radar,0,6,12,0,18,0,0,29,0,29,0,6,41,0,47,18,0,18,65
03/29/2018,MKG,MI,AGL,CE,Towers with Radar,0,4,24,0,28,0,0,15,2,17,0,4,39,2,45,16,0,16,61
03/30/2018,MKG,MI,AGL,CE,Towers with Radar,0,8,14,0,22,0,0,32,0,32,0,8,46,0,54,72,0,72,126
03/31/2018,MKG,MI,AGL,CE,Towers with Radar,0,6,7,0,13,0,0,0,0,0,0,6,7,0,13,0,0,0,13
04/01/2018,MKG,MI,AGL,CE,Towers with Radar,0,4,2,0,6,0,0,14,0,14,0,4,16,0,20,0,0,0,20
04/02/2018,MKG,MI,AGL,CE,Towers with Radar,0,8,8,0,16,0,0,33,0,33,0,8,41,0,49,60,0,60,109
04/03/2018,MKG,MI,AGL,CE,Towers with Radar,0,10,3,0,13,0,0,0,0,0,0,10,3,0,13,0,0,0,13
04/04/2018,MKG,MI,AGL,CE,Towers with Radar,0,6,8,0,14,0,0,2,0,2,0,6,10,0,16,0,0,0,16
04/05/2018,MKG,MI,AGL,CE,Towers with Radar,0,6,24,0,30,0,0,19,0,19,0,6,43,0,49,14,0,14,63
04/06/2018,MKG,MI,AGL,CE,Towers with Radar,0,8,1,0,9,0,0,1,0,1,0,8,2,0,10,0,0,0,10
04/07/2018,MKG,MI,AGL,CE,Towers with Radar,0,6,3,0,9,0,0,14,0,14,0,6,17,0,23,0,0,0,23
04/08/2018,MKG,MI,AGL,CE,Towers with Radar,0,4,17,0,21,0,0,61,0,61,0,4,78,0,82,20,0,20,102
04/09/2018,MKG,MI,AGL,CE,Towers with Radar,0,6,1,0,7,0,0,6,0,6,0,6,7,0,13,36,0,36,49
04/10/2018,MKG,MI,AGL,CE,Towers with Radar,0,6,7,0,13,0,0,34,0,34,0,6,41,0,47,38,0,38,85
04/11/2018,MKG,MI,AGL,CE,Towers with Radar,2,6,15,0,23,0,0,25,0,25,2,6,40,0,48,12,0,12,60
04/12/2018,MKG,MI,AGL,CE,Towers with Radar,0,6,13,2,21,0,0,14,0,14,0,6,27,2,35,4,0,4,39
04/13/2018,MKG,MI,AGL,CE,Towers with Radar,0,10,4,0,14,0,0,0,0,0,0,10,4,0,14,0,0,0,14
04/14/2018,MKG,MI,AGL,CE,Towers with Radar,0,3,5,0,8,0,0,0,0,0,0,3,5,0,8,0,0,0,8
04/15/2018,MKG,MI,AGL,CE,Towers with Radar,0,2,0,0,2,0,0,0,0,0,0,2,0,0,2,0,0,0,2
04/16/2018,MKG,MI,AGL,CE,Towers with Radar,0,6,9,0,15,0,0,0,0,0,0,6,9,0,15,0,0,0,15
04/17/2018,MKG,MI,AGL,CE,Towers with Radar,0,4,9,0,13,0,0,0,2,2,0,4,9,2,15,0,0,0,15
04/18/2018,MKG,MI,AGL,CE,Towers with Radar,0,6,21,0,27,0,0,3,0,3,0,6,24,0,30,22,0,22,52
04/19/2018,MKG,MI,AGL,CE,Towers with Radar,2,5,12,0,19,0,0,38,2,40,2,5,50,2,59,0,0,0,59
04/20/2018,MKG,MI,AGL,CE,Towers with Radar,0,10,29,0,39,0,1,59,2,62,0,11,88,2,101,60,0,60,161
04/21/2018,MKG,MI,AGL,CE,Towers with Radar,0,5,13,0,18,0,1,52,4,57,0,6,65,4,75,6,0,6,81
04/22/2018,MKG,MI,AGL,CE,Towers with Radar,2,4,12,6,24,0,0,36,0,36,2,4,48,6,60,0,0,0,60
04/23/2018,MKG,MI,AGL,CE,Towers with Radar,6,6,13,0,25,0,0,36,4,40,6,6,49,4,65,32,0,32,97
04/24/2018,MKG,MI,AGL,CE,Towers with Radar,1,6,28,0,35,0,0,6,0,6,1,6,34,0,41,20,0,20,61
04/25/2018,MKG,MI,AGL,CE,Towers with Radar,0,6,14,0,20,0,0,32,0,32,0,6,46,0,52,0,0,0,52
04/26/2018,MKG,MI,AGL,CE,Towers with Radar,0,6,19,1,26,0,0,35,3,38,0,6,54,4,64,58,0,58,122
04/27/2018,MKG,MI,AGL,CE,Towers with Radar,0,8,21,0,29,0,0,10,0,10,0,8,31,0,39,0,0,0,39
04/28/2018,MKG,MI,AGL,CE,Towers with Radar,0,6,9,0,15,0,0,13,0,13,0,6,22,0,28,16,0,16,44
04/29/2018,MKG,MI,AGL,CE,Towers with Radar,0,4,19,0,23,0,0,59,0,59,0,4,78,0,82,28,0,28,110
04/30/2018,MKG,MI,AGL,CE,Towers with Radar,0,4,11,0,15,0,0,24,0,24,0,4,35,0,39,0,0,0,39
05/01/2018,MKG,MI,AGL,CE,Towers with Radar,0,6,15,0,21,0,0,4,0,4,0,6,19,0,25,0,0,0,25
05/02/2018,MKG,MI,AGL,CE,Towers with Radar,0,6,13,0,19,0,0,9,2,11,0,6,22,2,30,7,0,7,37
05/03/2018,MKG,MI,AGL,CE,Towers with Radar,0,4,16,0,20,0,0,0,0,0,0,4,16,0,20,0,0,0,20
05/04/2018,MKG,MI,AGL,CE,Towers with Radar,0,8,14,0,22,0,0,15,0,15,0,8,29,0,37,22,0,22,59
05/05/2018,MKG,MI,AGL,CE,Towers with Radar,0,8,11,0,19,0,0,87,0,87,0,8,98,0,106,102,0,102,208
05/06/2018,MKG,MI,AGL,CE,Towers with Radar,0,5,10,0,15,0,0,19,0,19,0,5,29,0,34,0,0,0,34
05/07/2018,MKG,MI,AGL,CE,Towers with Radar,0,8,14,0,22,0,1,50,0,51,0,9,64,0,73,80,0,80,153
05/08/2018,MKG,MI,AGL,CE,Towers with Radar,0,8,22,0,30,0,9,40,0,49,0,17,62,0,79,71,0,71,150
05/09/2018,MKG,MI,AGL,CE,Towers with Radar,0,6,11,0,17,0,0,13,0,13,0,6,24,0,30,36,0,36,66
05/10/2018,MKG,MI,AGL,CE,Towers with Radar,0,8,31,1,40,0,0,29,0,29,0,8,60,1,69,80,0,80,149
05/11/2018,MKG,MI,AGL,CE,Towers with Radar,0,6,9,0,15,0,0,0,0,0,0,6,9,0,15,24,0,24,39
05/12/2018,MKG,MI,AGL,CE,Towers with Radar,0,6,18,0,24,0,0,10,0,10,0,6,28,0,34,8,0,8,42
05/13/2018,MKG,MI,AGL,CE,Towers with Radar,1,5,12,0,18,0,0,17,0,17,1,5,29,0,35,0,0,0,35
05/14/2018,MKG,MI,AGL,CE,Towers with Radar,0,4,7,0,11,0,0,1,0,1,0,4,8,0,12,42,0,42,54
05/15/2018,MKG,MI,AGL,CE,Towers with Radar,0,6,18,0,24,0,0,20,0,20,0,6,38,0,44,32,0,32,76
05/16/2018,MKG,MI,AGL,CE,Towers with Radar,2,6,18,0,26,0,0,40,0,40,2,6,58,0,66,56,0,56,122
05/17/2018,MKG,MI,AGL,CE,Towers with Radar,0,6,29,0,35,0,0,61,0,61,0,6,90,0,96,86,0,86,182
05/18/2018,MKG,MI,AGL,CE,Towers with Radar,0,8,10,0,18,0,0,15,0,15,0,8,25,0,33,18,0,18,51
05/19/2018,MKG,MI,AGL,CE,Towers with Radar,0,7,11,0,18,0,0,0,0,0,0,7,11,0,18,0,0,0,18
05/20/2018,MKG,MI,AGL,CE,Towers with Radar,0,3,5,0,8,0,0,12,3,15,0,3,17,3,23,0,0,0,23
05/21/2018,MKG,MI,AGL,CE,Towers with Radar,0,8,9,0,17,0,0,5,1,6,0,8,14,1,23,0,0,0,23
05/22/2018,MKG,MI,AGL,CE,Towers with Radar,0,5,28,0,33,0,0,9,0,9,0,5,37,0,42,0,0,0,42
05/23/2018,MKG,MI,AGL,CE,Towers with Radar,0,8,15,0,23,0,1,49,3,53,0,9,64,3,76,64,0,64,140
05/24/2018,MKG,MI,AGL,CE,Towers with Radar,0,10,23,4,37,0,2,65,9,76,0,12,88,13,113,84,6,90,203
05/25/2018,MKG,MI,AGL,CE,Towers with Radar,0,6,21,0,27,0,0,26,3,29,0,6,47,3,56,34,2,36,92
05/26/2018,MKG,MI,AGL,CE,Towers with Radar,0,6,14,0,20,0,0,42,4,46,0,6,56,4,66,22,32,54,120
05/27/2018,MKG,MI,AGL,CE,Towers with Radar,0,2,0,0,2,0,0,32,7,39,0,2,32,7,41,19,0,19,60
05/28/2018,MKG,MI,AGL,CE,Towers with Radar,0,6,7,0,13,0,0,27,1,28,0,6,34,1,41,4,0,4,45
05/29/2018,MKG,MI,AGL,CE,Towers with Radar,0,4,21,1,26,0,4,35,3,42,0,8,56,4,68,68,0,68,136
05/30/2018,MKG,MI,AGL,CE,Towers with Radar,0,4,13,0,17,0,0,11,2,13,0,4,24,2,30,66,0,66,96
05/31/2018,MKG,MI,AGL,CE,Towers with Radar,0,3,18,0,21,0,0,21,1,22,0,3,39,1,43,30,0,30,73
06/01/2018,MKG,MI,AGL,CE,Towers with Radar,0,6,17,2,25,0,1,36,5,42,0,7,53,7,67,67,0,67,134
06/02/2018,MKG,MI,AGL,CE,Towers with Radar,0,12,11,0,23,0,0,32,3,35,0,12,43,3,58,46,40,86,144
06/03/2018,MKG,MI,AGL,CE,Towers with Radar,0,4,13,0,17,0,0,7,1,8,0,4,20,1,25,34,24,58,83
06/04/2018,MKG,MI,AGL,CE,Towers with Radar,0,8,15,4,27,0,0,36,2,38,0,8,51,6,65,82,0,82,147
06/05/2018,MKG,MI,AGL,CE,Towers with Radar,0,6,25,0,31,0,0,27,3,30,0,6,52,3,61,32,0,32,93
06/06/2018,MKG,MI,AGL,CE,Towers with Radar,0,9,21,0,30,0,0,48,0,48,0,9,69,0,78,0,0,0,78
06/07/2018,MKG,MI,AGL,CE,Towers with Radar,2,8,23,4,37,0,0,33,2,35,2,8,56,6,72,50,0,50,122
06/08/2018,MKG,MI,AGL,CE,Towers with Radar,0,12,12,0,24,0,0,20,2,22,0,12,32,2,46,38,14,52,98
06/09/2018,MKG,MI,AGL,CE,Towers with Radar,0,6,11,2,19,0,0,7,0,7,0,6,18,2,26,10,0,10,36
06/10/2018,MKG,MI,AGL,CE,Towers with Radar,0,3,8,1,12,0,0,2,5,7,0,3,10,6,19,4,0,4,23
06/11/2018,MKG,MI,AGL,CE,Towers with Radar,0,6,11,0,17,0,0,15,2,17,0,6,26,2,34,20,0,20,54
06/12/2018,MKG,MI,AGL,CE,Towers with Radar,1,6,19,1,27,0,0,16,2,18,1,6,35,3,45,0,0,0,45
06/13/2018,MKG,MI,AGL,CE,Towers with Radar,1,6,14,1,22,0,0,16,1,17,1,6,30,2,39,4,0,4,43
06/14/2018,MKG,MI,AGL,CE,Towers with Radar,0,8,35,0,43,0,0,57,3,60,0,8,92,3,103,24,0,24,127
06/15/2018,MKG,MI,AGL,CE,Towers with Radar,0,6,19,0,25,0,0,35,1,36,0,6,54,1,61,56,0,56,117
06/16/2018,MKG,MI,AGL,CE,Towers with Radar,2,6,9,0,17,0,0,13,5,18,2,6,22,5,35,0,0,0,35
06/17/2018,MKG,MI,AGL,CE,Towers with Radar,0,6,6,0,12,0,0,22,3,25,0,6,28,3,37,8,0,8,45
06/18/2018,MKG,MI,AGL,CE,Towers with Radar,0,7,16,0,23,0,0,10,0,10,0,7,26,0,33,42,0,42,75
06/19/2018,MKG,MI,AGL,CE,Towers with Radar,0,6,24,0,30,0,1,8,5,14,0,7,32,5,44,44,0,44,88
06/20/2018,MKG,MI,AGL,CE,Towers with Radar,0,6,13,1,20,0,0,19,3,22,0,6,32,4,42,40,2,42,84
06/21/2018,MKG,MI,AGL,CE,Towers with Radar,0,8,26,1,35,0,0,38,2,40,0,8,64,3,75,44,0,44,119
06/22/2018,MKG,MI,AGL,CE,Towers with Radar,0,6,7,5,18,0,0,15,3,18,0,6,22,8,36,18,0,18,54
06/23/2018,MKG,MI,AGL,CE,Towers with Radar,0,4,10,1,15,0,0,23,2,25,0,4,33,3,40,18,0,18,58
06/24/2018,MKG,MI,AGL,CE,Towers with Radar,0,6,19,1,26,0,0,9,1,10,0,6,28,2,36,0,0,0,36
06/25/2018,MKG,MI,AGL,CE,Towers with Radar,0,6,14,0,20,0,1,36,1,38,0,7,50,1,58,0,0,0,58
06/26/2018,MKG,MI,AGL,CE,Towers with Radar,0,4,24,0,28,0,0,20,2,22,0,4,44,2,50,56,0,56,106
06/27/2018,MKG,MI,AGL,CE,Towers with Radar,0,6,21,2,29,0,0,7,1,8,0,6,28,3,37,56,0,56,93
06/28/2018,MKG,MI,AGL,CE,Towers with Radar,0,6,28,1,35,0,0,53,1,54,0,6,81,2,89,76,0,76,165
06/29/2018,MKG,MI,AGL,CE,Towers with Radar,0,10,19,5,34,0,0,49,4,53,0,10,68,9,87,12,0,12,99
06/30/2018,MKG,MI,AGL,CE,Towers with Radar,0,7,12,0,19,0,0,36,1,37,0,7,48,1,56,24,0,24,80
07/01/2018,MKG,MI,AGL,CE,Towers with Radar,0,6,27,6,39,0,0,33,11,44,0,6,60,17,83,4,20,24,107
07/02/2018,MKG,MI,AGL,CE,Towers with Radar,0,6,25,0,31,0,1,55,2,58,0,7,80,2,89,30,0,30,119
07/03/2018,MKG,MI,AGL,CE,Towers with Radar,0,6,34,1,41,0,0,45,3,48,0,6,79,4,89,77,16,93,182
07/04/2018,MKG,MI,AGL,CE,Towers with Radar,0,2,3,0,5,0,0,16,4,20,0,2,19,4,25,42,0,42,67
07/05/2018,MKG,MI,AGL,CE,Towers with Radar,0,6,17,2,25,0,1,13,4,18,0,7,30,6,43,32,0,32,75
07/06/2018,MKG,MI,AGL,CE,Towers with Radar,0,6,21,2,29,0,0,37,9,46,0,6,58,11,75,42,0,42,117
07/07/2018,MKG,MI,AGL,CE,Towers with Radar,0,7,13,3,23,0,0,70,6,76,0,7,83,9,99,0,0,0,99
07/08/2018,MKG,MI,AGL,CE,Towers with Radar,0,5,15,1,21,12,0,38,6,56,12,5,53,7,77,18,26,44,121
07/09/2018,MKG,MI,AGL,CE,Towers with Radar,0,4,13,0,17,0,0,46,1,47,0,4,59,1,64,48,0,48,112
07/10/2018,MKG,MI,AGL,CE,Towers with Radar,0,6,20,0,26,0,0,54,1,55,0,6,74,1,81,0,0,0,81
07/11/2018,MKG,MI,AGL,CE,Towers with Radar,0,6,18,0,24,0,0,43,5,48,0,6,61,5,72,0,0,0,72
07/12/2018,MKG,MI,AGL,CE,Towers with Radar,0,10,14,5,29,0,0,27,3,30,0,10,41,8,59,30,0,30,89
07/13/2018,MKG,MI,AGL,CE,Towers with Radar,0,9,18,0,27,0,0,53,3,56,0,9,71,3,83,16,0,16,99
07/14/2018,MKG,MI,AGL,CE,Towers with Radar,0,8,4,14,26,0,0,7,2,9,0,8,11,16,35,23,0,23,58
07/15/2018,MKG,MI,AGL,CE,Towers with Radar,0,4,15,0,19,0,0,26,8,34,0,4,41,8,53,92,0,92,145
07/16/2018,MKG,MI,AGL,CE,Towers with Radar,0,4,15,15,34,0,0,23,6,29,0,4,38,21,63,48,0,48,111
07/17/2018,MKG,MI,AGL,CE,Towers with Radar,0,6,20,5,31,0,0,36,9,45,0,6,56,14,76,0,0,0,76
07/18/2018,MKG,MI,AGL,CE,Towers with Radar,0,6,26,2,34,0,0,45,4,49,0,6,71,6,83,78,0,78,161
07/19/2018,MKG,MI,AGL,CE,Towers with Radar,0,6,31,4,41,0,0,67,3,70,0,6,98,7,111,52,0,52,163
07/20/2018,MKG,MI,AGL,CE,Towers with Radar,0,3,17,0,20,0,0,6,3,9,0,3,23,3,29,28,0,28,57
07/21/2018,MKG,MI,AGL,CE,Towers with Radar,0,7,10,0,17,0,0,1,2,3,0,7,11,2,20,0,0,0,20
07/22/2018,MKG,MI,AGL,CE,Towers with Radar,0,3,29,1,33,0,1,17,12,30,0,4,46,13,63,34,10,44,107
07/23/2018,MKG,MI,AGL,CE,Towers with Radar,0,6,35,0,41,0,1,5,2,8,0,7,40,2,49,0,0,0,49
07/24/2018,MKG,MI,AGL,CE,Towers with Radar,0,9,31,0,40,0,0,34,1,35,0,9,65,1,75,28,0,28,103
07/25/2018,MKG,MI,AGL,CE,Towers with Radar,0,11,33,3,47,0,0,64,6,70,0,11,97,9,117,42,6,48,165
07/26/2018,MKG,MI,AGL,CE,Towers with Radar,0,10,29,1,40,0,0,36,1,37,0,10,65,2,77,68,0,68,145
07/27/2018,MKG,MI,AGL,CE,Towers with Radar,0,9,26,0,35,0,0,22,0,22,0,9,48,0,57,63,0,63,120
07/28/2018,MKG,MI,AGL,CE,Towers with Radar,0,9,18,0,27,0,0,59,3,62,0,9,77,3,89,74,0,74,163
07/29/2018,MKG,MI,AGL,CE,Towers with Radar,0,6,13,0,19,0,0,34,2,36,0,6,47,2,55,76,0,76,131
07/30/2018,MKG,MI,AGL,CE,Towers with Radar,2,7,10,5,24,0,0,51,5,56,2,7,61,10,80,66,0,66,146
07/31/2018,MKG,MI,AGL,CE,Towers with Radar,0,9,19,6,34,0,0,26,5,31,0,9,45,11,65,50,0,50,115
08/01/2018,MKG,MI,AGL,CE,Towers with Radar,0,6,29,0,35,0,0,39,6,45,0,6,68,6,80,0,0,0,80
08/02/2018,MKG,MI,AGL,CE,Towers with Radar,0,4,28,1,33,0,0,19,4,23,0,4,47,5,56,0,0,0,56
08/03/2018,MKG,MI,AGL,CE,Towers with Radar,2,8,19,0,29,0,0,33,4,37,2,8,52,4,66,60,0,60,126
08/04/2018,MKG,MI,AGL,CE,Towers with Radar,0,7,13,0,20,0,0,42,5,47,0,7,55,5,67,0,0,0,67
08/05/2018,MKG,MI,AGL,CE,Towers with Radar,1,15,15,0,31,0,2,25,3,30,1,17,40,3,61,0,0,0,61
08/06/2018,MKG,MI,AGL,CE,Towers with Radar,1,4,13,0,18,0,0,14,3,17,1,4,27,3,35,34,0,34,69
08/07/2018,MKG,MI,AGL,CE,Towers with Radar,0,12,16,3,31,0,0,13,2,15,0,12,29,5,46,66,0,66,112
08/08/2018,MKG,MI,AGL,CE,Towers with Radar,0,14,21,4,39,0,3,50,5,58,0,17,71,9,97,70,0,70,167
08/09/2018,MKG,MI,AGL,CE,Towers with Radar,2,11,23,2,38,0,0,25,1,26,2,11,48,3,64,8,0,8,72
08/10/2018,MKG,MI,AGL,CE,Towers with Radar,0,9,14,0,23,0,1,41,2,44,0,10,55,2,67,70,10,80,147
08/11/2018,MKG,MI,AGL,CE,Towers with Radar,0,9,16,0,25,0,0,39,0,39,0,9,55,0,64,0,0,0,64
08/12/2018,MKG,MI,AGL,CE,Towers with Radar,0,5,17,6,28,0,0,38,11,49,0,5,55,17,77,0,0,0,77
08/13/2018,MKG,MI,AGL,CE,Towers with Radar,0,8,19,0,27,0,1,50,7,58,0,9,69,7,85,12,0,12,97
08/14/2018,MKG,MI,AGL,CE,Towers with Radar,0,6,23,0,29,0,1,35,6,42,0,7,58,6,71,0,0,0,71
08/15/2018,MKG,MI,AGL,CE,Towers with Radar,0,7,18,0,25,0,0,19,3,22,0,7,37,3,47,62,0,62,109
08/16/2018,MKG,MI,AGL,CE,Towers with Radar,0,5,27,4,36,0,0,8,2,10,0,5,35,6,46,54,0,54,100
08/17/2018,MKG,MI,AGL,CE,Towers with Radar,0,9,20,0,29,0,0,16,0,16,0,9,36,0,45,0,0,0,45
08/18/2018,MKG,MI,AGL,CE,Towers with Radar,0,5,8,1,14,0,0,28,2,30,0,5,36,3,44,0,0,0,44
08/19/2018,MKG,MI,AGL,CE,Towers with Radar,0,7,10,0,17,0,0,25,6,31,0,7,35,6,48,0,0,0,48
08/20/2018,MKG,MI,AGL,CE,Towers with Radar,0,6,18,0,24,0,0,33,2,35,0,6,51,2,59,40,2,42,101
08/21/2018,MKG,MI,AGL,CE,Towers with Radar,0,11,17,0,28,0,0,4,7,11,0,11,21,7,39,0,0,0,39
08/22/2018,MKG,MI,AGL,CE,Towers with Radar,0,7,28,3,38,0,3,48,7,58,0,10,76,10,96,56,12,68,164
08/23/2018,MKG,MI,AGL,CE,Towers with Radar,0,8,26,1,35,0,0,67,0,67,0,8,93,1,102,51,0,51,153
08/24/2018,MKG,MI,AGL,CE,Towers with Radar,0,5,6,0,11,0,1,24,2,27,0,6,30,2,38,24,0,24,62
08/25/2018,MKG,MI,AGL,CE,Towers with Radar,0,9,23,0,32,0,0,0,0,0,0,9,23,0,32,0,0,0,32
08/26/2018,MKG,MI,AGL,CE,Towers with Radar,0,7,11,12,30,0,0,15,3,18,0,7,26,15,48,24,0,24,72
08/27/2018,MKG,MI,AGL,CE,Towers with Radar,0,4,10,0,14,0,0,15,2,17,0,4,25,2,31,6,0,6,37
08/28/2018,MKG,MI,AGL,CE,Towers with Radar,0,6,15,4,25,0,0,12,2,14,0,6,27,6,39,4,0,4,43
08/29/2018,MKG,MI,AGL,CE,Towers with Radar,0,12,9,0,21,0,0,11,0,11,0,12,20,0,32,0,0,0,32
08/30/2018,MKG,MI,AGL,CE,Towers with Radar,0,7,28,0,35,0,0,51,0,51,0,7,79,0,86,42,0,42,128
08/31/2018,MKG,MI,AGL,CE,Towers with Radar,0,10,32,0,42,0,0,41,1,42,0,10,73,1,84,0,0,0,84
09/01/2018,MKG,MI,AGL,CE,Towers with Radar,0,5,6,1,12,0,0,13,2,15,0,5,19,3,27,12,0,12,39
09/02/2018,MKG,MI,AGL,CE,Towers with Radar,0,5,12,0,17,0,0,25,1,26,0,5,37,1,43,20,0,20,63
09/03/2018,MKG,MI,AGL,CE,Towers with Radar,0,6,19,0,25,0,0,2,0,2,0,6,21,0,27,0,0,0,27
09/04/2018,MKG,MI,AGL,CE,Towers with Radar,0,6,18,0,24,0,0,51,0,51,0,6,69,0,75,0,0,0,75
09/05/2018,MKG,MI,AGL,CE,Towers with Radar,0,6,19,1,26,0,0,7,4,11,0,6,26,5,37,2,0,2,39
09/06/2018,MKG,MI,AGL,CE,Towers with Radar,0,7,9,0,16,0,0,22,3,25,0,7,31,3,41,12,0,12,53
09/07/2018,MKG,MI,AGL,CE,Towers with Radar,0,6,21,3,30,0,1,69,1,71,0,7,90,4,101,12,0,12,113
09/08/2018,MKG,MI,AGL,CE,Towers with Radar,0,4,18,0,22,0,0,37,3,40,0,4,55,3,62,32,0,32,94
09/09/2018,MKG,MI,AGL,CE,Towers with Radar,0,4,14,0,18,0,0,22,2,24,0,4,36,2,42,4,0,4,46
09/10/2018,MKG,MI,AGL,CE,Towers with Radar,0,4,10,1,15,0,0,9,1,10,0,4,19,2,25,0,0,0,25
09/11/2018,MKG,MI,AGL,CE,Towers with Radar,0,4,29,1,34,0,0,37,0,37,0,4,66,1,71,68,0,68,139
09/12/2018,MKG,MI,AGL,CE,Towers with Radar,1,6,28,0,35,0,0,31,0,31,1,6,59,0,66,52,0,52,118
09/13/2018,MKG,MI,AGL,CE,Towers with Radar,0,8,16,1,25,0,0,39,1,40,0,8,55,2,65,26,0,26,91
09/14/2018,MKG,MI,AGL,CE,Towers with Radar,0,6,20,3,29,0,0,28,0,28,0,6,48,3,57,40,0,40,97
09/15/2018,MKG,MI,AGL,CE,Towers with Radar,2,4,14,0,20,0,0,48,0,48,2,4,62,0,68,42,0,42,110
09/16/2018,MKG,MI,AGL,CE,Towers with Radar,0,4,8,0,12,0,0,50,0,50,0,4,58,0,62,80,0,80,142
09/17/2018,MKG,MI,AGL,CE,Towers with Radar,0,5,7,0,12,0,0,23,0,23,0,5,30,0,35,76,0,76,111
09/18/2018,MKG,MI,AGL,CE,Towers with Radar,0,11,12,0,23,0,1,11,0,12,0,12,23,0,35,0,0,0,35
09/19/2018,MKG,MI,AGL,CE,Towers with Radar,0,9,17,1,27,0,0,20,2,22,0,9,37,3,49,30,2,32,81
09/20/2018,MKG,MI,AGL,CE,Towers with Radar,0,9,23,0,32,0,0,26,0,26,0,9,49,0,58,0,0,0,58
09/21/2018,MKG,MI,AGL,CE,Towers with Radar,2,6,13,0,21,0,0,6,2,8,2,6,19,2,29,0,0,0,29
09/22/2018,MKG,MI,AGL,CE,Towers with Radar,0,7,13,0,20,0,0,48,0,48,0,7,61,0,68,36,0,36,104
09/23/2018,MKG,MI,AGL,CE,Towers with Radar,0,6,8,0,14,0,0,45,0,45,0,6,53,0,59,0,0,0,59
09/24/2018,MKG,MI,AGL,CE,Towers with Radar,2,8,16,1,27,0,0,7,1,8,2,8,23,2,35,0,0,0,35
09/25/2018,MKG,MI,AGL,CE,Towers with Radar,0,6,20,0,26,0,0,4,0,4,0,6,24,0,30,0,0,0,30
09/26/2018,MKG,MI,AGL,CE,Towers with Radar,0,11,18,2,31,0,0,33,1,34,0,11,51,3,65,11,0,11,76
09/27/2018,MKG,MI,AGL,CE,Towers with Radar,0,11,18,0,29,0,1,31,0,32,0,12,49,0,61,72,0,72,133
09/28/2018,MKG,MI,AGL,CE,Towers with Radar,0,6,18,0,24,0,0,25,0,25,0,6,43,0,49,0,0,0,49
09/29/2018,MKG,MI,AGL,CE,Towers with Radar,0,6,14,0,20,0,0,41,0,41,0,6,55,0,61,38,0,38,99
09/30/2018,MKG,MI,AGL,CE,Towers with Radar,0,6,9,0,15,0,0,2,0,2,0,6,11,0,17,18,0,18,35
10/01/2018,MKG,MI,AGL,CE,Towers with Radar,0,6,3,0,9,0,0,0,0,0,0,6,3,0,9,0,0,0,9
10/02/2018,MKG,MI,AGL,CE,Towers with Radar,0,6,14,0,20,0,0,0,0,0,0,6,14,0,20,0,0,0,20
10/03/2018,MKG,MI,AGL,CE,Towers with Radar,0,9,8,0,17,0,0,11,0,11,0,9,19,0,28,10,0,10,38
10/04/2018,MKG,MI,AGL,CE,Towers with Radar,0,5,15,0,20,0,0,47,0,47,0,5,62,0,67,60,0,60,127
10/05/2018,MKG,MI,AGL,CE,Towers with Radar,0,6,21,0,27,0,0,2,0,2,0,6,23,0,29,0,0,0,29
10/06/2018,MKG,MI,AGL,CE,Towers with Radar,0,8,1,0,9,0,0,0,0,0,0,8,1,0,9,0,0,0,9
10/07/2018,MKG,MI,AGL,CE,Towers with Radar,0,3,8,0,11,0,0,1,0,1,0,3,9,0,12,20,0,20,32
10/08/2018,MKG,MI,AGL,CE,Towers with Radar,0,4,16,0,20,0,0,14,0,14,0,4,30,0,34,6,0,6,40
10/09/2018,MKG,MI,AGL,CE,Towers with Radar,0,11,19,0,30,0,0,42,0,42,0,11,61,0,72,34,0,34,106
10/10/2018,MKG,MI,AGL,CE,Towers with Radar,0,4,16,0,20,0,0,9,0,9,0,4,25,0,29,20,0,20,49
10/11/2018,MKG,MI,AGL,CE,Towers with Radar,0,6,13,0,19,0,0,2,0,2,0,6,15,0,21,0,0,0,21
10/12/2018,MKG,MI,AGL,CE,Towers with Radar,0,9,24,0,33,0,0,23,0,23,0,9,47,0,56,32,0,32,88
10/13/2018,MKG,MI,AGL,CE,Towers with Radar,0,5,9,0,14,0,0,44,0,44,0,5,53,0,58,46,0,46,104
10/14/2018,MKG,MI,AGL,CE,Towers with Radar,0,5,8,0,13,0,0,26,0,26,0,5,34,0,39,0,0,0,39
10/15/2018,MKG,MI,AGL,CE,Towers with Radar,0,7,2,0,9,0,2,10,0,12,0,9,12,0,21,0,0,0,21
10/16/2018,MKG,MI,AGL,CE,Towers with Radar,0,9,13,1,23,0,0,12,0,12,0,9,25,1,35,8,0,8,43
10/17/2018,MKG,MI,AGL,CE,Towers with Radar,0,5,9,0,14,0,0,12,0,12,0,5,21,0,26,0,0,0,26
10/18/2018,MKG,MI,AGL,CE,Towers with Radar,0,6,31,0,37,0,2,48,0,50,0,8,79,0,87,0,0,0,87
10/19/2018,MKG,MI,AGL,CE,Towers with Radar,0,7,11,0,18,0,0,6,0,6,0,7,17,0,24,0,0,0,24
10/20/2018,MKG,MI,AGL,CE,Towers with Radar,0,7,4,0,11,0,0,0,0,0,0,7,4,0,11,0,0,0,11
10/21/2018,MKG,MI,AGL,CE,Towers with Radar,0,10,4,0,14,0,0,34,0,34,0,10,38,0,48,18,0,18,66
10/22/2018,MKG,MI,AGL,CE,Towers with Radar,3,5,23,0,31,0,1,39,0,40,3,6,62,0,71,44,0,44,115
10/23/2018,MKG,MI,AGL,CE,Towers with Radar,4,6,22,0,32,0,0,25,0,25,4,6,47,0,57,30,0,30,87
10/24/2018,MKG,MI,AGL,CE,Towers with Radar,8,9,41,0,58,0,0,38,0,38,8,9,79,0,96,84,0,84,180
10/25/2018,MKG,MI,AGL,CE,Towers with Radar,1,11,20,0,32,0,0,31,0,31,1,11,51,0,63,32,0,32,95
10/26/2018,MKG,MI,AGL,CE,Towers with Radar,4,12,10,0,26,0,0,27,0,27,4,12,37,0,53,38,0,38,91
10/27/2018,MKG,MI,AGL,CE,Towers with Radar,0,8,14,0,22,0,0,15,0,15,0,8,29,0,37,42,0,42,79
10/28/2018,MKG,MI,AGL,CE,Towers with Radar,0,5,5,0,10,0,0,0,0,0,0,5,5,0,10,0,0,0,10
10/29/2018,MKG,MI,AGL,CE,Towers with Radar,0,4,13,0,17,0,0,25,0,25,0,4,38,0,42,0,0,0,42
10/30/2018,MKG,MI,AGL,CE,Towers with Radar,0,11,7,0,18,0,0,15,0,15,0,11,22,0,33,14,0,14,47
10/31/2018,MKG,MI,AGL,CE,Towers with Radar,0,6,23,0,29,0,0,43,0,43,0,6,66,0,72,60,0,60,132
11/01/2018,MKG,MI,AGL,CE,Towers with Radar,0,5,24,0,29,0,0,19,0,19,0,5,43,0,48,0,0,0,48
11/02/2018,MKG,MI,AGL,CE,Towers with Radar,0,7,5,0,12,0,0,22,0,22,0,7,27,0,34,60,0,60,94
11/03/2018,MKG,MI,AGL,CE,Towers with Radar,2,7,14,0,23,0,0,37,0,37,2,7,51,0,60,44,0,44,104
11/04/2018,MKG,MI,AGL,CE,Towers with Radar,1,8,4,0,13,0,0,4,0,4,1,8,8,0,17,0,0,0,17
11/05/2018,MKG,MI,AGL,CE,Towers with Radar,2,3,2,0,7,0,0,11,0,11,2,3,13,0,18,10,0,10,28
11/06/2018,MKG,MI,AGL,CE,Towers with Radar,0,5,13,0,18,0,0,0,0,0,0,5,13,0,18,0,0,0,18
11/07/2018,MKG,MI,AGL,CE,Towers with Radar,0,6,6,0,12,0,0,7,0,7,0,6,13,0,19,0,0,0,19
11/08/2018,MKG,MI,AGL,CE,Towers with Radar,0,6,13,0,19,0,3,31,2,36,0,9,44,2,55,46,0,46,101
11/09/2018,MKG,MI,AGL,CE,Towers with Radar,0,8,3,0,11,0,0,0,0,0,0,8,3,0,11,0,0,0,11
11/10/2018,MKG,MI,AGL,CE,Towers with Radar,0,6,9,0,15,0,1,1,0,2,0,7,10,0,17,0,0,0,17
11/11/2018,MKG,MI,AGL,CE,Towers with Radar,0,7,3,0,10,0,0,15,0,15,0,7,18,0,25,0,0,0,25
11/12/2018,MKG,MI,AGL,CE,Towers with Radar,0,6,7,0,13,0,0,5,0,5,0,6,12,0,18,16,0,16,34
11/13/2018,MKG,MI,AGL,CE,Towers with Radar,0,6,21,2,29,0,0,3,1,4,0,6,24,3,33,6,0,6,39
11/14/2018,MKG,MI,AGL,CE,Towers with Radar,0,6,8,0,14,0,0,43,1,44,0,6,51,1,58,16,0,16,74
11/15/2018,MKG,MI,AGL,CE,Towers with Radar,0,8,14,0,22,0,0,6,0,6,0,8,20,0,28,0,0,0,28
11/16/2018,MKG,MI,AGL,CE,Towers with Radar,0,7,6,0,13,0,0,1,0,1,0,7,7,0,14,16,0,16,30
11/17/2018,MKG,MI,AGL,CE,Towers with Radar,0,9,5,0,14,0,0,7,0,7,0,9,12,0,21,8,0,8,29
11/18/2018,MKG,MI,AGL,CE,Towers with Radar,0,6,5,0,11,0,0,17,0,17,0,6,22,0,28,8,0,8,36
11/19/2018,MKG,MI,AGL,CE,Towers with Radar,0,5,8,0,13,0,0,5,0,5,0,5,13,0,18,0,0,0,18
11/20/2018,MKG,MI,AGL,CE,Towers with Radar,0,6,9,1,16,0,0,5,1,6,0,6,14,2,22,14,0,14,36
11/21/2018,MKG,MI,AGL,CE,Towers with Radar,0,4,15,0,19,0,0,19,0,19,0,4,34,0,38,64,0,64,102
11/22/2018,MKG,MI,AGL,CE,Towers with Radar,0,3,0,0,3,0,0,2,0,2,0,3,2,0,5,0,0,0,5
11/23/2018,MKG,MI,AGL,CE,Towers with Radar,0,5,7,0,12,0,0,41,0,41,0,5,48,0,53,2,0,2,55
11/24/2018,MKG,MI,AGL,CE,Towers with Radar,0,4,12,0,16,0,0,0,0,0,0,4,12,0,16,0,0,0,16
11/25/2018,MKG,MI,AGL,CE,Towers with Radar,0,6,7,0,13,0,0,9,0,9,0,6,16,0,22,30,0,30,52
11/26/2018,MKG,MI,AGL,CE,Towers with Radar,0,7,4,0,11,0,0,0,0,0,0,7,4,0,11,6,0,6,17
11/27/2018,MKG,MI,AGL,CE,Towers with Radar,0,4,10,0,14,0,0,0,0,0,0,4,10,0,14,0,0,0,14
11/28/2018,MKG,MI,AGL,CE,Towers with Radar,0,8,20,0,28,0,0,12,0,12,0,8,32,0,40,66,0,66,106
11/29/2018,MKG,MI,AGL,CE,Towers with Radar,0,6,8,0,14,0,0,1,0,1,0,6,9,0,15,0,0,0,15
11/30/2018,MKG,MI,AGL,CE,Towers with Radar,0,8,8,2,18,0,0,0,0,0,0,8,8,2,18,0,0,0,18
12/01/2018,MKG,MI,AGL,CE,Towers with Radar,0,7,0,0,7,0,0,0,0,0,0,7,0,0,7,0,0,0,7
12/02/2018,MKG,MI,AGL,CE,Towers with Radar,0,4,21,0,25,0,0,0,0,0,0,4,21,0,25,0,0,0,25
12/03/2018,MKG,MI,AGL,CE,Towers with Radar,0,4,7,0,11,0,0,11,0,11,0,4,18,0,22,32,0,32,54
12/04/2018,MKG,MI,AGL,CE,Towers with Radar,0,6,19,0,25,0,0,44,0,44,0,6,63,0,69,38,0,38,107
12/05/2018,MKG,MI,AGL,CE,Towers with Radar,0,6,17,0,23,0,0,0,0,0,0,6,17,0,23,24,0,24,47
12/06/2018,MKG,MI,AGL,CE,Towers with Radar,0,6,14,1,21,0,0,18,1,19,0,6,32,2,40,66,0,66,106
12/07/2018,MKG,MI,AGL,CE,Towers with Radar,0,5,24,0,29,0,0,20,0,20,0,5,44,0,49,6,0,6,55
12/08/2018,MKG,MI,AGL,CE,Towers with Radar,0,6,57,0,63,0,0,64,0,64,0,6,121,0,127,20,0,20,147
12/09/2018,MKG,MI,AGL,CE,Towers with Radar,0,4,8,0,12,0,0,6,0,6,0,4,14,0,18,86,0,86,104
12/10/2018,MKG,MI,AGL,CE,Towers with Radar,0,4,14,0,18,0,1,22,0,23,0,5,36,0,41,44,0,44,85
12/11/2018,MKG,MI,AGL,CE,Towers with Radar,0,4,16,0,20,0,0,0,0,0,0,4,16,0,20,12,0,12,32
12/12/2018,MKG,MI,AGL,CE,Towers with Radar,0,8,7,0,15,0,0,4,6,10,0,8,11,6,25,6,0,6,31
12/13/2018,MKG,MI,AGL,CE,Towers with Radar,0,6,16,0,22,0,0,14,0,14,0,6,30,0,36,62,0,62,98
12/14/2018,MKG,MI,AGL,CE,Towers with Radar,0,5,13,0,18,0,0,0,0,0,0,5,13,0,18,0,0,0,18
12/15/2018,MKG,MI,AGL,CE,Towers with Radar,0,4,6,0,10,0,0,30,0,30,0,4,36,0,40,6,0,6,46
12/16/2018,MKG,MI,AGL,CE,Towers with Radar,0,6,10,0,16,0,0,4,0,4,0,6,14,0,20,20,0,20,40
12/17/2018,MKG,MI,AGL,CE,Towers with Radar,0,7,24,2,33,0,0,31,0,31,0,7,55,2,64,18,0,18,82
12/18/2018,MKG,MI,AGL,CE,Towers with Radar,0,6,20,2,28,0,0,38,0,38,0,6,58,2,66,21,2,23,89
12/19/2018,MKG,MI,AGL,CE,Towers with Radar,0,8,20,1,29,0,0,27,0,27,0,8,47,1,56,30,0,30,86
12/20/2018,MKG,MI,AGL,CE,Towers with Radar,0,5,12,0,17,0,0,4,0,4,0,5,16,0,21,0,0,0,21
12/21/2018,MKG,MI,AGL,CE,Towers with Radar,0,5,4,0,9,0,0,0,0,0,0,5,4,0,9,0,0,0,9
12/22/2018,MKG,MI,AGL,CE,Towers with Radar,0,4,9,0,13,0,0,0,0,0,0,4,9,0,13,0,0,0,13
12/23/2018,MKG,MI,AGL,CE,Towers with Radar,0,5,5,0,10,0,0,9,0,9,0,5,14,0,19,50,0,50,69
12/24/2018,MKG,MI,AGL,CE,Towers with Radar,0,3,8,0,11,0,0,9,0,9,0,3,17,0,20,0,0,0,20
12/25/2018,MKG,MI,AGL,CE,Towers with Radar,0,2,6,0,8,0,0,0,0,0,0,2,6,0,8,26,0,26,34
12/26/2018,MKG,MI,AGL,CE,Towers with Radar,0,6,22,0,28,0,0,1,0,1,0,6,23,0,29,56,0,56,85
12/27/2018,MKG,MI,AGL,CE,Towers with Radar,0,6,4,0,10,0,0,0,0,0,0,6,4,0,10,0,0,0,10
12/28/2018,MKG,MI,AGL,CE,Towers with Radar,0,8,3,0,11,0,0,0,0,0,0,8,3,0,11,0,0,0,11
12/29/2018,MKG,MI,AGL,CE,Towers with Radar,0,2,5,0,7,0,0,1,0,1,0,2,6,0,8,0,0,0,8
12/30/2018,MKG,MI,AGL,CE,Towers with Radar,2,3,6,0,11,0,0,21,0,21,2,3,27,0,32,0,0,0,32
12/31/2018,MKG,MI,AGL,CE,Towers with Radar,0,6,0,0,6,0,0,3,0,3,0,6,3,0,9,0,0,0,9
01/01/2019,MKG,MI,AGL,CE,Towers with Radar,0,5,5,0,10,0,0,0,0,0,0,5,5,0,10,0,0,0,10
01/02/2019,MKG,MI,AGL,CE,Towers with Radar,0,4,8,0,12,0,0,0,0,0,0,4,8,0,12,0,0,0,12
01/03/2019,MKG,MI,AGL,CE,Towers with Radar,2,6,15,0,23,0,0,20,0,20,2,6,35,0,43,110,0,110,153
01/04/2019,MKG,MI,AGL,CE,Towers with Radar,0,6,14,0,20,0,0,53,0,53,0,6,67,0,73,44,0,44,117
01/05/2019,MKG,MI,AGL,CE,Towers with Radar,0,4,16,0,20,0,0,61,0,61,0,4,77,0,81,92,0,92,173
01/06/2019,MKG,MI,AGL,CE,Towers with Radar,0,4,10,0,14,0,0,25,0,25,0,4,35,0,39,48,0,48,87
01/07/2019,MKG,MI,AGL,CE,Towers with Radar,0,5,4,0,9,0,0,0,0,0,0,5,4,0,9,0,0,0,9
01/08/2019,MKG,MI,AGL,CE,Towers with Radar,0,6,2,0,8,0,0,0,0,0,0,6,2,0,8,0,0,0,8
01/09/2019,MKG,MI,AGL,CE,Towers with Radar,0,6,4,0,10,0,0,0,0,0,0,6,4,0,10,0,0,0,10
01/10/2019,MKG,MI,AGL,CE,Towers with Radar,0,6,15,0,21,0,0,6,0,6,0,6,21,0,27,46,0,46,73
01/11/2019,MKG,MI,AGL,CE,Towers with Radar,0,5,5,0,10,0,0,21,0,21,0,5,26,0,31,6,0,6,37
01/12/2019,MKG,MI,AGL,CE,Towers with Radar,0,6,12,0,18,0,0,27,0,27,0,6,39,0,45,30,0,30,75
01/13/2019,MKG,MI,AGL,CE,Towers with Radar,0,4,14,0,18,0,2,61,0,63,0,6,75,0,81,78,0,78,159
01/14/2019,MKG,MI,AGL,CE,Towers with Radar,0,6,7,0,13,0,0,1,0,1,0,6,8,0,14,0,0,0,14
01/15/2019,MKG,MI,AGL,CE,Towers with Radar,0,7,12,0,19,0,0,2,0,2,0,7,14,0,21,10,0,10,31
01/16/2019,MKG,MI,AGL,CE,Towers with Radar,0,4,14,2,20,0,0,31,2,33,0,4,45,4,53,26,4,30,83
01/17/2019,MKG,MI,AGL,CE,Towers with Radar,0,6,11,1,18,0,0,8,1,9,0,6,19,2,27,28,0,28,55
01/18/2019,MKG,MI,AGL,CE,Towers with Radar,0,5,10,0,15,0,0,5,0,5,0,5,15,0,20,8,0,8,28
01/19/2019,MKG,MI,AGL,CE,Towers with Radar,0,1,0,0,1,0,0,4,0,4,0,1,4,0,5,0,0,0,5
01/20/2019,MKG,MI,AGL,CE,Towers with Radar,0,4,15,0,19,0,1,21,0,22,0,5,36,0,41,72,0,72,113
01/21/2019,MKG,MI,AGL,CE,Towers with Radar,0,4,7,0,11,0,0,26,0,26,0,4,33,0,37,6,0,6,43
01/22/2019,MKG,MI,AGL,CE,Towers with Radar,0,5,5,0,10,0,0,1,0,1,0,5,6,0,11,0,0,0,11
01/23/2019,MKG,MI,AGL,CE,Towers with Radar,0,0,3,0,3,0,0,1,0,1,0,0,4,0,4,0,0,0,4
01/24/2019,MKG,MI,AGL,CE,Towers with Radar,0,6,10,0,16,0,0,0,0,0,0,6,10,0,16,23,0,23,39
01/25/2019,MKG,MI,AGL,CE,Towers with Radar,0,3,16,0,19,0,0,0,0,0,0,3,16,0,19,0,0,0,19
01/26/2019,MKG,MI,AGL,CE,Towers with Radar,0,6,2,0,8,0,0,0,0,0,0,6,2,0,8,5,0,5,13
01/27/2019,MKG,MI,AGL,CE,Towers with Radar,0,3,1,0,4,0,0,0,0,0,0,3,1,0,4,0,0,0,4
01/28/2019,MKG,MI,AGL,CE,Towers with Radar,0,0,1,0,1,0,0,0,0,0,0,0,1,0,1,0,0,0,1
01/29/2019,MKG,MI,AGL,CE,Towers with Radar,0,4,0,0,4,0,0,0,0,0,0,4,0,0,4,0,0,0,4
01/30/2019,MKG,MI,AGL,CE,Towers with Radar,0,0,1,0,1,0,0,0,0,0,0,0,1,0,1,0,0,0,1
01/31/2019,MKG,MI,AGL,CE,Towers with Radar,0,0,3,0,3,0,0,0,0,0,0,0,3,0,3,0,0,0,3
02/01/2019,MKG,MI,AGL,CE,Towers with Radar,0,3,13,0,16,0,0,7,0,7,0,3,20,0,23,19,0,19,42
02/02/2019,MKG,MI,AGL,CE,Towers with Radar,0,6,7,0,13,0,0,0,0,0,0,6,7,0,13,0,0,0,13
02/03/2019,MKG,MI,AGL,CE,Towers with Radar,0,4,1,0,5,0,0,0,0,0,0,4,1,0,5,0,0,0,5
02/04/2019,MKG,MI,AGL,CE,Towers with Radar,0,4,13,0,17,0,0,0,0,0,0,4,13,0,17,0,0,0,17
02/05/2019,MKG,MI,AGL,CE,Towers with Radar,0,1,16,0,17,0,2,25,0,27,0,3,41,0,44,14,0,14,58
02/06/2019,MKG,MI,AGL,CE,Towers with Radar,0,2,8,0,10,0,0,0,0,0,0,2,8,0,10,0,0,0,10
02/07/2019,MKG,MI,AGL,CE,Towers with Radar,0,2,4,0,6,0,0,0,0,0,0,2,4,0,6,0,0,0,6
02/08/2019,MKG,MI,AGL,CE,Towers with Radar,0,4,9,0,13,0,0,0,0,0,0,4,9,0,13,0,0,0,13
02/09/2019,MKG,MI,AGL,CE,Towers with Radar,0,6,19,0,25,0,0,32,0,32,0,6,51,0,57,66,0,66,123
02/10/2019,MKG,MI,AGL,CE,Towers with Radar,0,4,7,2,13,0,0,22,2,24,0,4,29,4,37,28,0,28,65
02/11/2019,MKG,MI,AGL,CE,Towers with Radar,0,5,14,0,19,0,0,6,0,6,0,5,20,0,25,0,0,0,25
02/12/2019,MKG,MI,AGL,CE,Towers with Radar,0,3,2,0,5,0,0,0,0,0,0,3,2,0,5,0,0,0,5
02/13/2019,MKG,MI,AGL,CE,Towers with Radar,0,6,10,0,16,0,0,5,0,5,0,6,15,0,21,0,0,0,21
02/14/2019,MKG,MI,AGL,CE,Towers with Radar,0,6,8,0,14,0,0,11,0,11,0,6,19,0,25,4,0,4,29
02/15/2019,MKG,MI,AGL,CE,Towers with Radar,0,6,4,0,10,0,0,0,0,0,0,6,4,0,10,0,0,0,10
02/16/2019,MKG,MI,AGL,CE,Towers with Radar,0,5,8,0,13,4,0,22,0,26,4,5,30,0,39,20,0,20,59
02/17/2019,MKG,MI,AGL,CE,Towers with Radar,0,5,0,0,5,0,0,0,0,0,0,5,0,0,5,0,0,0,5
02/18/2019,MKG,MI,AGL,CE,Towers with Radar,0,2,15,0,17,1,0,23,0,24,1,2,38,0,41,8,0,8,49
02/19/2019,MKG,MI,AGL,CE,Towers with Radar,0,6,24,0,30,0,0,20,0,20,0,6,44,0,50,70,0,70,120
02/20/2019,MKG,MI,AGL,CE,Towers with Radar,0,3,2,0,5,0,0,1,0,1,0,3,3,0,6,0,0,0,6
02/21/2019,MKG,MI,AGL,CE,Towers with Radar,0,6,16,0,22,0,0,26,2,28,0,6,42,2,50,50,0,50,100
02/22/2019,MKG,MI,AGL,CE,Towers with Radar,0,6,26,0,32,0,0,46,0,46,0,6,72,0,78,64,0,64,142
02/23/2019,MKG,MI,AGL,CE,Towers with Radar,0,3,6,0,9,0,0,0,0,0,0,3,6,0,9,0,0,0,9
02/24/2019,MKG,MI,AGL,CE,Towers with Radar,0,3,10,0,13,0,0,0,0,0,0,3,10,0,13,0,0,0,13
02/25/2019,MKG,MI,AGL,CE,Towers with Radar,0,3,11,0,14,0,0,0,2,2,0,3,11,2,16,0,0,0,16
02/26/2019,MKG,MI,AGL,CE,Towers with Radar,0,5,9,0,14,0,0,11,0,11,0,5,20,0,25,10,0,10,35
02/27/2019,MKG,MI,AGL,CE,Towers with Radar,0,3,6,2,11,0,0,2,0,2,0,3,8,2,13,6,0,6,19
02/28/2019,MKG,MI,AGL,CE,Towers with Radar,0,6,17,0,23,0,0,12,0,12,0,6,29,0,35,16,0,16,51
03/01/2019,MKG,MI,AGL,CE,Towers with Radar,0,6,9,0,15,0,0,40,0,40,0,6,49,0,55,66,0,66,121
03/02/2019,MKG,MI,AGL,CE,Towers with Radar,0,6,10,0,16,0,0,13,0,13,0,6,23,0,29,36,0,36,65
03/03/2019,MKG,MI,AGL,CE,Towers with Radar,0,4,7,0,11,0,0,4,0,4,0,4,11,0,15,12,0,12,27
03/04/2019,MKG,MI,AGL,CE,Towers with Radar,0,3,0,0,3,0,0,0,0,0,0,3,0,0,3,0,0,0,3
03/05/2019,MKG,MI,AGL,CE,Towers with Radar,0,5,9,2,16,0,0,0,0,0,0,5,9,2,16,0,0,0,16
03/06/2019,MKG,MI,AGL,CE,Towers with Radar,0,5,8,0,13,0,0,1,0,1,0,5,9,0,14,0,0,0,14
03/07/2019,MKG,MI,AGL,CE,Towers with Radar,0,6,13,1,20,0,0,25,1,26,0,6,38,2,46,44,0,44,90
03/08/2019,MKG,MI,AGL,CE,Towers with Radar,0,5,10,0,15,0,0,42,0,42,0,5,52,0,57,44,0,44,101
03/09/2019,MKG,MI,AGL,CE,Towers with Radar,0,5,7,0,12,0,0,24,0,24,0,5,31,0,36,0,0,0,36
03/10/2019,MKG,MI,AGL,CE,Towers with Radar,0,4,1,0,5,0,0,0,0,0,0,4,1,0,5,0,0,0,5
03/11/2019,MKG,MI,AGL,CE,Towers with Radar,0,2,18,0,20,0,0,25,0,25,0,2,43,0,45,22,0,22,67
03/12/2019,MKG,MI,AGL,CE,Towers with Radar,0,5,27,0,32,0,0,61,0,61,0,5,88,0,93,54,0,54,147
03/13/2019,MKG,MI,AGL,CE,Towers with Radar,0,5,20,0,25,0,0,0,0,0,0,5,20,0,25,0,0,0,25
03/14/2019,MKG,MI,AGL,CE,Towers with Radar,0,5,7,0,12,0,0,0,0,0,0,5,7,0,12,0,0,0,12
03/15/2019,MKG,MI,AGL,CE,Towers with Radar,0,5,4,0,9,0,0,0,0,0,0,5,4,0,9,0,0,0,9
03/16/2019,MKG,MI,AGL,CE,Towers with Radar,0,6,3,0,9,0,0,25,0,25,0,6,28,0,34,32,0,32,66
03/17/2019,MKG,MI,AGL,CE,Towers with Radar,0,3,20,0,23,0,0,32,0,32,0,3,52,0,55,16,0,16,71
03/18/2019,MKG,MI,AGL,CE,Towers with Radar,0,8,9,0,17,0,0,42,0,42,0,8,51,0,59,56,0,56,115
03/19/2019,MKG,MI,AGL,CE,Towers with Radar,0,5,13,0,18,0,0,31,2,33,0,5,44,2,51,28,0,28,79
03/20/2019,MKG,MI,AGL,CE,Towers with Radar,0,5,17,0,22,0,0,0,0,0,0,5,17,0,22,0,0,0,22
03/21/2019,MKG,MI,AGL,CE,Towers with Radar,0,7,10,0,17,0,0,0,0,0,0,7,10,0,17,0,0,0,17
03/22/2019,MKG,MI,AGL,CE,Towers with Radar,0,10,8,0,18,0,0,8,0,8,0,10,16,0,26,0,0,0,26
03/23/2019,MKG,MI,AGL,CE,Towers with Radar,0,4,14,0,18,0,1,95,0,96,0,5,109,0,114,76,0,76,190
03/24/2019,MKG,MI,AGL,CE,Towers with Radar,0,3,10,0,13,0,0,28,0,28,0,3,38,0,41,42,0,42,83
03/25/2019,MKG,MI,AGL,CE,Towers with Radar,0,3,12,0,15,0,0,37,0,37,0,3,49,0,52,32,0,32,84
03/26/2019,MKG,MI,AGL,CE,Towers with Radar,0,6,23,0,29,0,0,44,0,44,0,6,67,0,73,22,0,22,95
03/27/2019,MKG,MI,AGL,CE,Towers with Radar,0,7,11,0,18,0,1,24,0,25,0,8,35,0,43,4,0,4,47
03/28/2019,MKG,MI,AGL,CE,Towers with Radar,0,5,14,0,19,0,0,10,0,10,0,5,24,0,29,20,0,20,49
03/29/2019,MKG,MI,AGL,CE,Towers with Radar,0,5,16,0,21,0,0,28,0,28,0,5,44,0,49,12,0,12,61
03/30/2019,MKG,MI,AGL,CE,Towers with Radar,0,5,11,0,16,0,0,4,0,4,0,5,15,0,20,0,0,0,20
03/31/2019,MKG,MI,AGL,CE,Towers with Radar,0,3,4,0,7,0,1,1,0,2,0,4,5,0,9,0,0,0,9
04/01/2019,MKG,MI,AGL,CE,Towers with Radar,0,4,2,0,6,0,0,13,0,13,0,4,15,0,19,22,0,22,41
04/02/2019,MKG,MI,AGL,CE,Towers with Radar,0,7,11,0,18,0,0,8,0,8,0,7,19,0,26,14,0,14,40
04/03/2019,MKG,MI,AGL,CE,Towers with Radar,0,6,10,3,19,0,0,26,1,27,0,6,36,4,46,28,0,28,74
04/04/2019,MKG,MI,AGL,CE,Towers with Radar,0,5,10,1,16,0,1,4,2,7,0,6,14,3,23,11,0,11,34
04/05/2019,MKG,MI,AGL,CE,Towers with Radar,0,5,8,0,13,0,0,5,0,5,0,5,13,0,18,0,0,0,18
04/06/2019,MKG,MI,AGL,CE,Towers with Radar,0,3,9,0,12,0,0,43,0,43,0,3,52,0,55,64,0,64,119
04/07/2019,MKG,MI,AGL,CE,Towers with Radar,0,3,14,0,17,0,0,21,0,21,0,3,35,0,38,44,0,44,82
04/08/2019,MKG,MI,AGL,CE,Towers with Radar,0,3,15,0,18,0,0,32,0,32,0,3,47,0,50,92,0,92,142
04/09/2019,MKG,MI,AGL,CE,Towers with Radar,0,2,11,0,13,0,0,12,0,12,0,2,23,0,25,0,0,0,25
04/10/2019,MKG,MI,AGL,CE,Towers with Radar,2,3,12,0,17,0,0,3,0,3,2,3,15,0,20,4,0,4,24
04/11/2019,MKG,MI,AGL,CE,Towers with Radar,0,4,6,0,10,0,0,0,0,0,0,4,6,0,10,0,0,0,10
04/12/2019,MKG,MI,AGL,CE,Towers with Radar,0,6,6,0,12,0,0,3,0,3,0,6,9,0,15,0,0,0,15
04/13/2019,MKG,MI,AGL,CE,Towers with Radar,0,6,10,0,16,0,0,18,0,18,0,6,28,0,34,60,0,60,94
04/14/2019,MKG,MI,AGL,CE,Towers with Radar,0,0,5,0,5,0,0,1,0,1,0,0,6,0,6,0,0,0,6
04/15/2019,MKG,MI,AGL,CE,Towers with Radar,0,3,10,0,13,0,0,40,0,40,0,3,50,0,53,52,0,52,105
04/16/2019,MKG,MI,AGL,CE,Towers with Radar,0,6,36,0,42,0,1,19,0,20,0,7,55,0,62,40,0,40,102
04/17/2019,MKG,MI,AGL,CE,Towers with Radar,0,3,17,0,20,0,0,0,0,0,0,3,17,0,20,12,0,12,32
04/18/2019,MKG,MI,AGL,CE,Towers with Radar,0,5,22,0,27,0,0,0,0,0,0,5,22,0,27,0,0,0,27
04/19/2019,MKG,MI,AGL,CE,Towers with Radar,0,5,20,0,25,0,0,8,0,8,0,5,28,0,33,27,0,27,60
04/20/2019,MKG,MI,AGL,CE,Towers with Radar,0,2,7,0,9,0,0,27,0,27,0,2,34,0,36,70,0,70,106
04/21/2019,MKG,MI,AGL,CE,Towers with Radar,0,4,20,0,24,0,1,65,0,66,0,5,85,0,90,36,0,36,126
04/22/2019,MKG,MI,AGL,CE,Towers with Radar,0,2,21,0,23,0,0,30,0,30,0,2,51,0,53,0,0,0,53
04/23/2019,MKG,MI,AGL,CE,Towers with Radar,0,6,31,0,37,0,0,4,0,4,0,6,35,0,41,0,0,0,41
04/24/2019,MKG,MI,AGL,CE,Towers with Radar,0,4,17,0,21,0,3,71,0,74,0,7,88,0,95,26,0,26,121
04/25/2019,MKG,MI,AGL,CE,Towers with Radar,0,5,30,2,37,0,0,28,2,30,0,5,58,4,67,24,0,24,91
04/26/2019,MKG,MI,AGL,CE,Towers with Radar,2,3,14,0,19,0,0,6,0,6,2,3,20,0,25,4,0,4,29
04/27/2019,MKG,MI,AGL,CE,Towers with Radar,0,6,7,0,13,0,4,15,0,19,0,10,22,0,32,66,0,66,98
04/28/2019,MKG,MI,AGL,CE,Towers with Radar,0,6,16,0,22,0,1,37,0,38,0,7,53,0,60,42,0,42,102
04/29/2019,MKG,MI,AGL,CE,Towers with Radar,0,6,10,0,16,0,0,0,0,0,0,6,10,0,16,0,0,0,16
04/30/2019,MKG,MI,AGL,CE,Towers with Radar,0,5,14,0,19,0,0,0,0,0,0,5,14,0,19,0,0,0,19
05/01/2019,MKG,MI,AGL,CE,Towers with Radar,0,4,14,4,22,0,0,0,0,0,0,4,14,4,22,0,0,0,22
05/02/2019,MKG,MI,AGL,CE,Towers with Radar,0,2,10,0,12,0,0,0,0,0,0,2,10,0,12,0,0,0,12
05/03/2019,MKG,MI,AGL,CE,Towers with Radar,0,9,17,0,26,0,1,17,0,18,0,10,34,0,44,64,0,64,108
05/04/2019,MKG,MI,AGL,CE,Towers with Radar,0,4,13,0,17,0,0,57,0,57,0,4,70,0,74,35,0,35,109
05/05/2019,MKG,MI,AGL,CE,Towers with Radar,0,6,6,0,12,0,0,48,0,48,0,6,54,0,60,30,0,30,90
05/06/2019,MKG,MI,AGL,CE,Towers with Radar,0,5,36,0,41,0,0,13,0,13,0,5,49,0,54,30,0,30,84
05/07/2019,MKG,MI,AGL,CE,Towers with Radar,0,8,8,0,16,0,0,30,0,30,0,8,38,0,46,32,0,32,78
05/08/2019,MKG,MI,AGL,CE,Towers with Radar,2,6,18,0,26,0,0,6,0,6,2,6,24,0,32,0,0,0,32
05/09/2019,MKG,MI,AGL,CE,Towers with Radar,0,4,3,0,7,0,0,0,0,0,0,4,3,0,7,0,0,0,7
05/10/2019,MKG,MI,AGL,CE,Towers with Radar,0,6,14,0,20,0,0,22,0,22,0,6,36,0,42,36,0,36,78
05/11/2019,MKG,MI,AGL,CE,Towers with Radar,0,4,6,0,10,0,0,38,0,38,0,4,44,0,48,76,0,76,124
05/12/2019,MKG,MI,AGL,CE,Towers with Radar,0,5,2,0,7,0,0,11,0,11,0,5,13,0,18,48,0,48,66
05/13/2019,MKG,MI,AGL,CE,Towers with Radar,0,6,11,0,17,0,0,15,0,15,0,6,26,0,32,20,0,20,52
05/14/2019,MKG,MI,AGL,CE,Towers with Radar,0,8,14,2,24,0,3,54,1,58,0,11,68,3,82,42,0,42,124
05/15/2019,MKG,MI,AGL,CE,Towers with Radar,0,5,4,0,9,0,0,31,1,32,0,5,35,1,41,0,0,0,41
05/16/2019,MKG,MI,AGL,CE,Towers with Radar,0,5,2,0,7,0,0,4,0,4,0,5,6,0,11,8,0,8,19
05/17/2019,MKG,MI,AGL,CE,Towers with Radar,0,4,15,0,19,0,0,34,0,34,0,4,49,0,53,56,0,56,109
05/18/2019,MKG,MI,AGL,CE,Towers with Radar,0,3,13,0,16,0,0,10,0,10,0,3,23,0,26,12,0,12,38
05/19/2019,MKG,MI,AGL,CE,Towers with Radar,1,2,7,0,10,0,0,5,0,5,1,2,12,0,15,12,0,12,27
05/20/2019,MKG,MI,AGL,CE,Towers with Radar,0,3,5,0,8,0,0,2,0,2,0,3,7,0,10,0,0,0,10
05/21/2019,MKG,MI,AGL,CE,Towers with Radar,0,5,7,0,12,0,0,20,0,20,0,5,27,0,32,22,0,22,54
05/22/2019,MKG,MI,AGL,CE,Towers with Radar,0,5,10,0,15,0,0,2,0,2,0,5,12,0,17,0,0,0,17
05/23/2019,MKG,MI,AGL,CE,Towers with Radar,2,5,12,0,19,0,0,17,1,18,2,5,29,1,37,8,0,8,45
05/24/2019,MKG,MI,AGL,CE,Towers with Radar,0,6,15,1,22,0,0,2,0,2,0,6,17,1,24,16,0,16,40
05/25/2019,MKG,MI,AGL,CE,Towers with Radar,0,5,8,0,13,0,0,15,1,16,0,5,23,1,29,16,0,16,45
05/26/2019,MKG,MI,AGL,CE,Towers with Radar,0,6,7,0,13,0,0,46,1,47,0,6,53,1,60,30,0,30,90
05/27/2019,MKG,MI,AGL,CE,Towers with Radar,0,5,7,1,13,0,0,31,4,35,0,5,38,5,48,72,0,72,120
05/28/2019,MKG,MI,AGL,CE,Towers with Radar,0,3,20,0,23,0,0,4,0,4,0,3,24,0,27,40,0,40,67
05/29/2019,MKG,MI,AGL,CE,Towers with Radar,0,4,14,1,19,0,1,5,1,7,0,5,19,2,26,0,0,0,26
05/30/2019,MKG,MI,AGL,CE,Towers with Radar,0,3,21,2,26,0,2,13,1,16,0,5,34,3,42,0,0,0,42
05/31/2019,MKG,MI,AGL,CE,Towers with Radar,0,3,45,0,48,0,2,34,0,36,0,5,79,0,84,0,0,0,84
06/01/2019,MKG,MI,AGL,CE,Towers with Radar,0,4,7,0,11,0,0,2,0,2,0,4,9,0,13,25,0,25,38
06/02/2019,MKG,MI,AGL,CE,Towers with Radar,0,2,21,0,23,0,1,22,1,24,0,3,43,1,47,62,6,68,115
06/03/2019,MKG,MI,AGL,CE,Towers with Radar,0,1,33,1,35,0,2,28,0,30,0,3,61,1,65,78,0,78,143
06/04/2019,MKG,MI,AGL,CE,Towers with Radar,0,4,16,0,20,0,1,13,1,15,0,5,29,1,35,16,0,16,51
06/05/2019,MKG,MI,AGL,CE,Towers with Radar,0,1,11,1,13,0,2,12,0,14,0,3,23,1,27,34,0,34,61
06/06/2019,MKG,MI,AGL,CE,Towers with Radar,0,5,23,0,28,0,1,24,0,25,0,6,47,0,53,32,0,32,85
06/07/2019,MKG,MI,AGL,CE,Towers with Radar,0,3,34,1,38,0,2,26,3,31,0,5,60,4,69,0,0,0,69
06/08/2019,MKG,MI,AGL,CE,Towers with Radar,0,1,24,1,26,0,2,75,18,95,0,3,99,19,121,44,0,44,165
06/09/2019,MKG,MI,AGL,CE,Towers with Radar,0,2,7,2,11,0,1,4,0,5,0,3,11,2,16,0,0,0,16
06/10/2019,MKG,MI,AGL,CE,Towers with Radar,2,4,22,0,28,0,1,8,0,9,2,5,30,0,37,16,0,16,53
06/11/2019,MKG,MI,AGL,CE,Towers with Radar,0,7,35,0,42,0,0,31,1,32,0,7,66,1,74,98,0,98,172
06/12/2019,MKG,MI,AGL,CE,Towers with Radar,0,8,14,0,22,0,1,14,1,16,0,9,28,1,38,40,10,50,88
06/13/2019,MKG,MI,AGL,CE,Towers with Radar,2,4,15,2,23,0,2,5,0,7,2,6,20,2,30,0,0,0,30
06/14/2019,MKG,MI,AGL,CE,Towers with Radar,2,1,5,0,8,0,2,11,1,14,2,3,16,1,22,8,0,8,30
06/15/2019,MKG,MI,AGL,CE,Towers with Radar,0,1,7,1,9,0,2,18,1,21,0,3,25,2,30,42,0,42,72
06/16/2019,MKG,MI,AGL,CE,Towers with Radar,0,0,7,0,7,0,3,11,1,15,0,3,18,1,22,54,8,62,84
06/17/2019,MKG,MI,AGL,CE,Towers with Radar,0,2,10,0,12,0,1,21,1,23,0,3,31,1,35,52,0,52,87
06/18/2019,MKG,MI,AGL,CE,Towers with Radar,2,4,18,0,24,0,3,40,0,43,2,7,58,0,67,68,0,68,135
06/19/2019,MKG,MI,AGL,CE,Towers with Radar,0,2,9,0,11,0,2,8,3,13,0,4,17,3,24,56,0,56,80
06/20/2019,MKG,MI,AGL,CE,Towers with Radar,0,3,17,0,20,0,2,13,1,16,0,5,30,1,36,52,0,52,88
06/21/2019,MKG,MI,AGL,CE,Towers with Radar,0,7,16,0,23,0,5,66,1,72,0,12,82,1,95,112,0,112,207
06/22/2019,MKG,MI,AGL,CE,Towers with Radar,0,2,9,4,15,0,1,50,4,55,0,3,59,8,70,60,0,60,130
06/23/2019,MKG,MI,AGL,CE,Towers with Radar,0,0,8,0,8,0,3,11,1,15,0,3,19,1,23,22,0,22,45
06/24/2019,MKG,MI,AGL,CE,Towers with Radar,0,1,9,0,10,0,2,3,0,5,0,3,12,0,15,0,0,0,15
06/25/2019,MKG,MI,AGL,CE,Towers with Radar,0,3,18,0,21,0,3,42,1,46,0,6,60,1,67,18,0,18,85
06/26/2019,MKG,MI,AGL,CE,Towers with Radar,0,2,11,1,14,0,2,56,0,58,0,4,67,1,72,68,0,68,140
06/27/2019,MKG,MI,AGL,CE,Towers with Radar,0,6,25,1,32,0,3,37,0,40,0,9,62,1,72,56,0,56,128
06/28/2019,MKG,MI,AGL,CE,Towers with Radar,0,3,15,0,18,0,2,18,0,20,0,5,33,0,38,0,0,0,38
06/29/2019,MKG,MI,AGL,CE,Towers with Radar,0,5,10,0,15,0,2,42,0,44,0,7,52,0,59,0,0,0,59
06/30/2019,MKG,MI,AGL,CE,Towers with Radar,0,2,6,0,8,0,1,37,1,39,0,3,43,1,47,0,0,0,47
07/01/2019,MKG,MI,AGL,CE,Towers with Radar,0,3,8,0,11,0,3,34,1,38,0,6,42,1,49,60,0,60,109
07/02/2019,MKG,MI,AGL,CE,Towers with Radar,0,3,7,0,10,0,2,15,1,18,0,5,22,1,28,18,0,18,46
07/03/2019,MKG,MI,AGL,CE,Towers with Radar,0,7,11,0,18,0,1,21,2,24,0,8,32,2,42,76,0,76,118
07/04/2019,MKG,MI,AGL,CE,Towers with Radar,0,1,6,0,7,0,2,10,1,13,0,3,16,1,20,22,0,22,42
07/05/2019,MKG,MI,AGL,CE,Towers with Radar,0,4,1,0,5,0,1,24,1,26,0,5,25,1,31,24,0,24,55
07/06/2019,MKG,MI,AGL,CE,Towers with Radar,0,5,5,1,11,0,0,17,5,22,0,5,22,6,33,0,0,0,33
07/07/2019,MKG,MI,AGL,CE,Towers with Radar,0,10,17,0,27,0,1,42,0,43,0,11,59,0,70,46,0,46,116
07/08/2019,MKG,MI,AGL,CE,Towers with Radar,2,3,11,4,20,0,0,45,4,49,2,3,56,8,69,108,0,108,177
07/09/2019,MKG,MI,AGL,CE,Towers with Radar,0,3,11,1,15,0,2,37,1,40,0,5,48,2,55,74,0,74,129
07/10/2019,MKG,MI,AGL,CE,Towers with Radar,0,5,14,0,19,0,2,23,1,26,0,7,37,1,45,38,0,38,83
07/11/2019,MKG,MI,AGL,CE,Towers with Radar,2,6,12,2,22,0,2,29,1,32,2,8,41,3,54,12,0,12,66
07/12/2019,MKG,MI,AGL,CE,Towers with Radar,0,8,11,0,19,0,3,61,1,65,0,11,72,1,84,64,0,64,148
07/13/2019,MKG,MI,AGL,CE,Towers with Radar,0,2,7,0,9,0,1,44,1,46,0,3,51,1,55,74,0,74,129
07/14/2019,MKG,MI,AGL,CE,Towers with Radar,0,4,18,0,22,0,6,50,2,58,0,10,68,2,80,40,0,40,120
07/15/2019,MKG,MI,AGL,CE,Towers with Radar,0,3,8,0,11,0,3,22,1,26,0,6,30,1,37,44,0,44,81
07/16/2019,MKG,MI,AGL,CE,Towers with Radar,0,0,17,0,17,0,4,13,2,19,0,4,30,2,36,26,0,26,62
07/17/2019,MKG,MI,AGL,CE,Towers with Radar,0,3,14,0,17,0,2,35,6,43,0,5,49,6,60,110,0,110,170
07/18/2019,MKG,MI,AGL,CE,Towers with Radar,0,5,5,0,10,0,1,4,2,7,0,6,9,2,17,18,0,18,35
07/19/2019,MKG,MI,AGL,CE,Towers with Radar,0,5,17,0,22,0,6,5,1,12,0,11,22,1,34,0,0,0,34
07/20/2019,MKG,MI,AGL,CE,Towers with Radar,0,3,9,0,12,0,2,10,2,14,0,5,19,2,26,8,0,8,34
07/21/2019,MKG,MI,AGL,CE,Towers with Radar,0,4,23,0,27,0,2,37,2,41,0,6,60,2,68,24,0,24,92
07/22/2019,MKG,MI,AGL,CE,Towers with Radar,0,3,20,0,23,0,2,32,2,36,0,5,52,2,59,30,0,30,89
07/23/2019,MKG,MI,AGL,CE,Towers with Radar,0,3,17,0,20,0,2,42,4,48,0,5,59,4,68,40,0,40,108
07/24/2019,MKG,MI,AGL,CE,Towers with Radar,0,7,23,0,30,0,2,59,1,62,0,9,82,1,92,76,0,76,168
07/25/2019,MKG,MI,AGL,CE,Towers with Radar,0,2,21,2,25,0,3,60,4,67,0,5,81,6,92,22,0,22,114
07/26/2019,MKG,MI,AGL,CE,Towers with Radar,0,6,9,1,16,0,1,42,1,44,0,7,51,2,60,20,0,20,80
07/27/2019,MKG,MI,AGL,CE,Towers with Radar,0,5,2,0,7,0,1,6,3,10,0,6,8,3,17,6,0,6,23
07/28/2019,MKG,MI,AGL,CE,Towers with Radar,0,5,11,4,20,0,2,43,1,46,0,7,54,5,66,52,0,52,118
07/29/2019,MKG,MI,AGL,CE,Towers with Radar,0,3,18,0,21,0,1,11,0,12,0,4,29,0,33,12,0,12,45
07/30/2019,MKG,MI,AGL,CE,Towers with Radar,0,4,21,2,27,0,1,32,3,36,0,5,53,5,63,28,0,28,91
07/31/2019,MKG,MI,AGL,CE,Towers with Radar,0,3,21,0,24,0,2,62,0,64,0,5,83,0,88,104,0,104,192
08/01/2019,MKG,MI,AGL,CE,Towers with Radar,0,12,20,0,32,0,2,47,4,53,0,14,67,4,85,66,4,70,155
08/02/2019,MKG,MI,AGL,CE,Towers with Radar,0,7,12,10,29,0,0,45,6,51,0,7,57,16,80,54,8,62,142
08/03/2019,MKG,MI,AGL,CE,Towers with Radar,0,7,8,4,19,0,0,40,0,40,0,7,48,4,59,33,0,33,92
08/04/2019,MKG,MI,AGL,CE,Towers with Radar,0,6,15,0,21,0,0,45,0,45,0,6,60,0,66,134,0,134,200
08/05/2019,MKG,MI,AGL,CE,Towers with Radar,0,4,17,0,21,0,1,38,0,39,0,5,55,0,60,54,0,54,114
08/06/2019,MKG,MI,AGL,CE,Towers with Radar,0,6,22,0,28,0,0,22,4,26,0,6,44,4,54,116,0,116,170
08/07/2019,MKG,MI,AGL,CE,Towers with Radar,0,6,17,0,23,0,5,33,0,38,0,11,50,0,61,76,0,76,137
08/08/2019,MKG,MI,AGL,CE,Towers with Radar,0,5,37,2,44,0,0,55,0,55,0,5,92,2,99,62,0,62,161
08/09/2019,MKG,MI,AGL,CE,Towers with Radar,0,7,30,0,37,0,0,44,1,45,0,7,74,1,82,70,0,70,152
08/10/2019,MKG,MI,AGL,CE,Towers with Radar,0,6,17,0,23,0,2,50,0,52,0,8,67,0,75,32,0,32,107
08/11/2019,MKG,MI,AGL,CE,Towers with Radar,2,8,21,0,31,0,0,33,0,33,2,8,54,0,64,84,0,84,148
08/12/2019,MKG,MI,AGL,CE,Towers with Radar,2,7,11,1,21,0,0,17,0,17,2,7,28,1,38,32,0,32,70
08/13/2019,MKG,MI,AGL,CE,Towers with Radar,0,4,15,0,19,0,0,34,1,35,0,4,49,1,54,46,0,46,100
08/14/2019,MKG,MI,AGL,CE,Towers with Radar,0,8,16,0,24,0,3,36,1,40,0,11,52,1,64,60,0,60,124
08/15/2019,MKG,MI,AGL,CE,Towers with Radar,4,12,29,0,45,0,0,25,2,27,4,12,54,2,72,104,0,104,176
08/16/2019,MKG,MI,AGL,CE,Towers with Radar,0,3,13,0,16,0,1,31,1,33,0,4,44,1,49,116,0,116,165
08/17/2019,MKG,MI,AGL,CE,Towers with Radar,0,5,17,2,24,0,0,38,4,42,0,5,55,6,66,23,8,31,97
08/18/2019,MKG,MI,AGL,CE,Towers with Radar,0,5,2,0,7,0,2,8,1,11,0,7,10,1,18,34,0,34,52
08/19/2019,MKG,MI,AGL,CE,Towers with Radar,0,3,17,0,20,0,2,51,2,55,0,5,68,2,75,88,4,92,167
08/20/2019,MKG,MI,AGL,CE,Towers with Radar,0,3,23,0,26,0,2,5,1,8,0,5,28,1,34,52,0,52,86
08/21/2019,MKG,MI,AGL,CE,Towers with Radar,0,5,26,0,31,0,4,35,1,40,0,9,61,1,71,42,0,42,113
08/22/2019,MKG,MI,AGL,CE,Towers with Radar,0,5,16,1,22,0,5,43,3,51,0,10,59,4,73,58,0,58,131
08/23/2019,MKG,MI,AGL,CE,Towers with Radar,0,7,23,0,30,0,0,30,1,31,0,7,53,1,61,132,0,132,193
08/24/2019,MKG,MI,AGL,CE,Towers with Radar,0,4,12,1,17,0,0,40,0,40,0,4,52,1,57,74,0,74,131
08/25/2019,MKG,MI,AGL,CE,Towers with Radar,0,3,6,5,14,0,3,39,9,51,0,6,45,14,65,44,0,44,109
08/26/2019,MKG,MI,AGL,CE,Towers with Radar,1,2,19,2,24,0,0,2,0,2,1,2,21,2,26,0,21,21,47
08/27/2019,MKG,MI,AGL,CE,Towers with Radar,0,4,11,0,15,0,0,26,1,27,0,4,37,1,42,62,0,62,104
08/28/2019,MKG,MI,AGL,CE,Towers with Radar,0,10,17,0,27,0,0,27,0,27,0,10,44,0,54,48,0,48,102
08/29/2019,MKG,MI,AGL,CE,Towers with Radar,2,8,19,0,29,0,0,20,0,20,2,8,39,0,49,8,0,8,57
08/30/2019,MKG,MI,AGL,CE,Towers with Radar,0,14,6,0,20,0,0,45,1,46,0,14,51,1,66,72,0,72,138
08/31/2019,MKG,MI,AGL,CE,Towers with Radar,0,10,14,1,25,0,0,26,1,27,0,10,40,2,52,12,4,16,68
09/01/2019,MKG,MI,AGL,CE,Towers with Radar,0,4,2,0,6,0,0,6,1,7,0,4,8,1,13,96,0,96,109
09/02/2019,MKG,MI,AGL,CE,Towers with Radar,3,4,12,0,19,0,0,30,1,31,3,4,42,1,50,132,0,132,182
09/03/2019,MKG,MI,AGL,CE,Towers with Radar,0,8,7,0,15,0,0,6,1,7,0,8,13,1,22,0,0,0,22
09/04/2019,MKG,MI,AGL,CE,Towers with Radar,0,5,25,0,30,0,0,22,0,22,0,5,47,0,52,76,0,76,128
09/05/2019,MKG,MI,AGL,CE,Towers with Radar,0,7,11,0,18,0,0,38,0,38,0,7,49,0,56,50,0,50,106
09/06/2019,MKG,MI,AGL,CE,Towers with Radar,0,5,5,0,10,0,0,3,0,3,0,5,8,0,13,16,0,16,29
09/07/2019,MKG,MI,AGL,CE,Towers with Radar,0,5,14,0,19,0,0,30,0,30,0,5,44,0,49,94,0,94,143
09/08/2019,MKG,MI,AGL,CE,Towers with Radar,0,4,19,0,23,0,0,44,0,44,0,4,63,0,67,102,0,102,169
09/09/2019,MKG,MI,AGL,CE,Towers with Radar,0,4,16,0,20,0,0,17,0,17,0,4,33,0,37,6,0,6,43
09/10/2019,MKG,MI,AGL,CE,Towers with Radar,0,7,18,0,25,0,0,22,0,22,0,7,40,0,47,38,0,38,85
09/11/2019,MKG,MI,AGL,CE,Towers with Radar,2,7,4,0,13,0,0,13,0,13,2,7,17,0,26,38,0,38,64
09/12/2019,MKG,MI,AGL,CE,Towers with Radar,0,8,20,2,30,0,0,2,0,2,0,8,22,2,32,12,0,12,44
09/13/2019,MKG,MI,AGL,CE,Towers with Radar,0,5,12,0,17,0,2,5,1,8,0,7,17,1,25,22,0,22,47
09/14/2019,MKG,MI,AGL,CE,Towers with Radar,2,5,9,0,16,0,0,45,0,45,2,5,54,0,61,86,0,86,147
09/15/2019,MKG,MI,AGL,CE,Towers with Radar,0,4,4,0,8,0,0,12,0,12,0,4,16,0,20,58,0,58,78
09/16/2019,MKG,MI,AGL,CE,Towers with Radar,0,8,25,0,33,0,0,35,0,35,0,8,60,0,68,43,0,43,111
09/17/2019,MKG,MI,AGL,CE,Towers with Radar,0,4,9,1,14,0,0,40,1,41,0,4,49,2,55,0,0,0,55
09/18/2019,MKG,MI,AGL,CE,Towers with Radar,0,6,19,0,25,0,2,77,0,79,0,8,96,0,104,82,0,82,186
09/19/2019,MKG,MI,AGL,CE,Towers with Radar,0,6,15,0,21,0,2,42,0,44,0,8,57,0,65,72,0,72,137
09/20/2019,MKG,MI,AGL,CE,Towers with Radar,0,6,13,0,19,0,1,61,0,62,0,7,74,0,81,38,0,38,119
09/21/2019,MKG,MI,AGL,CE,Towers with Radar,0,4,15,0,19,0,0,16,0,16,0,4,31,0,35,28,0,28,63
09/22/2019,MKG,MI,AGL,CE,Towers with Radar,0,3,5,0,8,0,0,0,0,0,0,3,5,0,8,0,0,0,8
09/23/2019,MKG,MI,AGL,CE,Towers with Radar,0,7,7,0,14,0,0,19,0,19,0,7,26,0,33,48,0,48,81
09/24/2019,MKG,MI,AGL,CE,Towers with Radar,0,9,24,0,33,0,1,35,2,38,0,10,59,2,71,60,0,60,131
09/25/2019,MKG,MI,AGL,CE,Towers with Radar,0,7,33,0,40,0,0,23,0,23,0,7,56,0,63,32,0,32,95
09/26/2019,MKG,MI,AGL,CE,Towers with Radar,0,10,18,0,28,0,0,49,0,49,0,10,67,0,77,30,0,30,107
09/27/2019,MKG,MI,AGL,CE,Towers with Radar,0,7,6,0,13,0,0,11,0,11,0,7,17,0,24,12,0,12,36
09/28/2019,MKG,MI,AGL,CE,Towers with Radar,0,5,23,0,28,0,0,29,0,29,0,5,52,0,57,83,0,83,140
09/29/2019,MKG,MI,AGL,CE,Towers with Radar,0,3,7,0,10,0,0,0,0,0,0,3,7,0,10,0,0,0,10
09/30/2019,MKG,MI,AGL,CE,Towers with Radar,0,5,15,0,20,0,0,16,0,16,0,5,31,0,36,12,0,12,48
10/01/2019,MKG,MI,AGL,CE,Towers with Radar,0,6,7,0,13,0,0,1,0,1,0,6,8,0,14,0,0,0,14
10/02/2019,MKG,MI,AGL,CE,Towers with Radar,0,3,13,0,16,0,0,0,0,0,0,3,13,0,16,0,0,0,16
10/03/2019,MKG,MI,AGL,CE,Towers with Radar,0,6,26,0,32,0,0,3,0,3,0,6,29,0,35,10,0,10,45
10/04/2019,MKG,MI,AGL,CE,Towers with Radar,0,6,39,0,45,0,0,34,0,34,0,6,73,0,79,54,0,54,133
10/05/2019,MKG,MI,AGL,CE,Towers with Radar,0,3,17,0,20,0,2,38,0,40,0,5,55,0,60,42,0,42,102
10/06/2019,MKG,MI,AGL,CE,Towers with Radar,0,4,21,0,25,0,0,28,0,28,0,4,49,0,53,62,0,62,115
10/07/2019,MKG,MI,AGL,CE,Towers with Radar,0,5,20,0,25,0,0,42,0,42,0,5,62,0,67,48,0,48,115
10/08/2019,MKG,MI,AGL,CE,Towers with Radar,0,6,16,0,22,0,0,58,0,58,0,6,74,0,80,64,0,64,144
10/09/2019,MKG,MI,AGL,CE,Towers with Radar,0,6,32,0,38,0,0,61,0,61,0,6,93,0,99,58,0,58,157
10/10/2019,MKG,MI,AGL,CE,Towers with Radar,1,10,12,0,23,0,0,43,0,43,1,10,55,0,66,78,0,78,144
10/11/2019,MKG,MI,AGL,CE,Towers with Radar,1,5,8,0,14,0,0,0,0,0,1,5,8,0,14,0,0,0,14
10/12/2019,MKG,MI,AGL,CE,Towers with Radar,0,3,12,0,15,0,0,2,0,2,0,3,14,0,17,0,0,0,17
10/13/2019,MKG,MI,AGL,CE,Towers with Radar,0,5,7,0,12,0,0,1,0,1,0,5,8,0,13,0,0,0,13
10/14/2019,MKG,MI,AGL,CE,Towers with Radar,0,3,19,0,22,0,0,19,0,19,0,3,38,0,41,36,0,36,77
10/15/2019,MKG,MI,AGL,CE,Towers with Radar,0,5,18,0,23,0,0,11,1,12,0,5,29,1,35,34,0,34,69
10/16/2019,MKG,MI,AGL,CE,Towers with Radar,2,7,14,2,25,0,0,0,1,1,2,7,14,3,26,0,0,0,26
10/17/2019,MKG,MI,AGL,CE,Towers with Radar,0,8,35,0,43,0,0,52,0,52,0,8,87,0,95,66,0,66,161
10/18/2019,MKG,MI,AGL,CE,Towers with Radar,0,8,17,0,25,0,0,88,0,88,0,8,105,0,113,40,0,40,153
10/19/2019,MKG,MI,AGL,CE,Towers with Radar,0,5,15,0,20,0,1,61,0,62,0,6,76,0,82,24,0,24,106
10/20/2019,MKG,MI,AGL,CE,Towers with Radar,2,3,26,0,31,0,0,66,0,66,2,3,92,0,97,88,0,88,185
10/21/2019,MKG,MI,AGL,CE,Towers with Radar,0,4,3,0,7,0,0,5,0,5,0,4,8,0,12,2,0,2,14
10/22/2019,MKG,MI,AGL,CE,Towers with Radar,0,7,10,0,17,0,0,0,0,0,0,7,10,0,17,0,0,0,17
10/23/2019,MKG,MI,AGL,CE,Towers with Radar,0,12,16,0,28,0,0,27,0,27,0,12,43,0,55,22,0,22,77
10/24/2019,MKG,MI,AGL,CE,Towers with Radar,0,8,23,0,31,0,0,27,0,27,0,8,50,0,58,66,0,66,124
10/25/2019,MKG,MI,AGL,CE,Towers with Radar,0,6,18,0,24,0,0,30,0,30,0,6,48,0,54,46,0,46,100
10/26/2019,MKG,MI,AGL,CE,Towers with Radar,0,8,15,0,23,0,0,35,0,35,0,8,50,0,58,94,0,94,152
10/27/2019,MKG,MI,AGL,CE,Towers with Radar,2,2,16,0,20,0,0,30,0,30,2,2,46,0,50,42,0,42,92
10/28/2019,MKG,MI,AGL,CE,Towers with Radar,1,5,6,2,14,0,0,26,0,26,1,5,32,2,40,48,0,48,88
10/29/2019,MKG,MI,AGL,CE,Towers with Radar,0,3,23,0,26,0,0,0,0,0,0,3,23,0,26,0,0,0,26
10/30/2019,MKG,MI,AGL,CE,Towers with Radar,0,3,6,0,9,0,0,0,0,0,0,3,6,0,9,0,0,0,9
10/31/2019,MKG,MI,AGL,CE,Towers with Radar,0,4,3,0,7,0,0,0,0,0,0,4,3,0,7,0,0,0,7
11/01/2019,MKG,MI,AGL,CE,Towers with Radar,0,12,19,0,31,0,0,42,0,42,0,12,61,0,73,46,0,46,119
11/02/2019,MKG,MI,AGL,CE,Towers with Radar,0,5,6,0,11,0,0,8,0,8,0,5,14,0,19,6,0,6,25
11/03/2019,MKG,MI,AGL,CE,Towers with Radar,0,3,13,0,16,0,0,26,0,26,0,3,39,0,42,64,0,64,106
11/04/2019,MKG,MI,AGL,CE,Towers with Radar,0,3,11,0,14,0,0,10,0,10,0,3,21,0,24,6,0,6,30
11/05/2019,MKG,MI,AGL,CE,Towers with Radar,0,5,19,0,24,0,0,31,1,32,0,5,50,1,56,78,2,80,136
11/06/2019,MKG,MI,AGL,CE,Towers with Radar,0,7,4,0,11,0,0,0,0,0,0,7,4,0,11,0,0,0,11
11/07/2019,MKG,MI,AGL,CE,Towers with Radar,0,6,15,0,21,0,0,10,0,10,0,6,25,0,31,50,0,50,81
11/08/2019,MKG,MI,AGL,CE,Towers with Radar,0,4,14,0,18,0,0,13,0,13,0,4,27,0,31,36,0,36,67
11/09/2019,MKG,MI,AGL,CE,Towers with Radar,0,3,6,0,9,0,0,17,0,17,0,3,23,0,26,42,0,42,68
11/10/2019,MKG,MI,AGL,CE,Towers with Radar,0,3,5,0,8,0,0,16,0,16,0,3,21,0,24,76,0,76,100
11/11/2019,MKG,MI,AGL,CE,Towers with Radar,0,2,5,0,7,0,0,5,0,5,0,2,10,0,12,6,0,6,18
11/12/2019,MKG,MI,AGL,CE,Towers with Radar,0,3,7,0,10,0,0,7,0,7,0,3,14,0,17,8,0,8,25
11/13/2019,MKG,MI,AGL,CE,Towers with Radar,0,6,14,0,20,0,0,1,2,3,0,6,15,2,23,0,0,0,23
11/14/2019,MKG,MI,AGL,CE,Towers with Radar,0,9,15,0,24,0,0,15,0,15,0,9,30,0,39,48,0,48,87
11/15/2019,MKG,MI,AGL,CE,Towers with Radar,0,3,9,0,12,0,2,32,0,34,0,5,41,0,46,24,0,24,70
11/16/2019,MKG,MI,AGL,CE,Towers with Radar,0,3,11,0,14,0,2,66,0,68,0,5,77,0,82,60,0,60,142
11/17/2019,MKG,MI,AGL,CE,Towers with Radar,0,2,5,0,7,0,0,27,0,27,0,2,32,0,34,62,0,62,96
11/18/2019,MKG,MI,AGL,CE,Towers with Radar,0,3,5,0,8,0,0,2,0,2,0,3,7,0,10,0,0,0,10
11/19/2019,MKG,MI,AGL,CE,Towers with Radar,0,3,5,0,8,0,0,0,0,0,0,3,5,0,8,0,0,0,8
11/20/2019,MKG,MI,AGL,CE,Towers with Radar,0,4,8,0,12,0,0,10,0,10,0,4,18,0,22,38,0,38,60
11/21/2019,MKG,MI,AGL,CE,Towers with Radar,0,7,7,0,14,0,0,0,0,0,0,7,7,0,14,0,0,0,14
11/22/2019,MKG,MI,AGL,CE,Towers with Radar,0,7,19,0,26,0,0,33,0,33,0,7,52,0,59,132,0,132,191
11/23/2019,MKG,MI,AGL,CE,Towers with Radar,0,3,16,0,19,0,0,26,0,26,0,3,42,0,45,120,0,120,165
11/24/2019,MKG,MI,AGL,CE,Towers with Radar,0,4,12,0,16,0,0,20,0,20,0,4,32,0,36,4,0,4,40
11/25/2019,MKG,MI,AGL,CE,Towers with Radar,0,4,10,0,14,0,0,22,0,22,0,4,32,0,36,62,0,62,98
11/26/2019,MKG,MI,AGL,CE,Towers with Radar,0,7,8,0,15,0,0,29,0,29,0,7,37,0,44,30,0,30,74
11/27/2019,MKG,MI,AGL,CE,Towers with Radar,1,3,2,0,6,0,0,0,0,0,1,3,2,0,6,0,0,0,6
11/28/2019,MKG,MI,AGL,CE,Towers with Radar,0,2,1,0,3,0,0,0,0,0,0,2,1,0,3,0,0,0,3
11/29/2019,MKG,MI,AGL,CE,Towers with Radar,0,5,4,0,9,0,0,4,0,4,0,5,8,0,13,32,0,32,45
11/30/2019,MKG,MI,AGL,CE,Towers with Radar,0,3,10,0,13,0,0,0,0,0,0,3,10,0,13,8,0,8,21
12/01/2019,MKG,MI,AGL,CE,Towers with Radar,0,3,6,0,9,0,0,0,0,0,0,3,6,0,9,0,0,0,9
12/02/2019,MKG,MI,AGL,CE,Towers with Radar,0,3,4,0,7,0,0,4,0,4,0,3,8,0,11,18,0,18,29
12/03/2019,MKG,MI,AGL,CE,Towers with Radar,0,5,6,0,11,0,0,1,0,1,0,5,7,0,12,0,0,0,12
12/04/2019,MKG,MI,AGL,CE,Towers with Radar,0,3,21,0,24,0,1,2,0,3,0,4,23,0,27,14,0,14,41
12/05/2019,MKG,MI,AGL,CE,Towers with Radar,0,6,18,0,24,0,0,38,0,38,0,6,56,0,62,54,0,54,116
12/06/2019,MKG,MI,AGL,CE,Towers with Radar,0,9,14,0,23,0,0,22,0,22,0,9,36,0,45,10,0,10,55
12/07/2019,MKG,MI,AGL,CE,Towers with Radar,1,5,22,0,28,0,0,18,0,18,1,5,40,0,46,14,0,14,60
12/08/2019,MKG,MI,AGL,CE,Towers with Radar,0,2,8,0,10,0,0,0,0,0,0,2,8,0,10,0,0,0,10
12/09/2019,MKG,MI,AGL,CE,Towers with Radar,0,2,2,0,4,0,0,0,0,0,0,2,2,0,4,0,0,0,4
12/10/2019,MKG,MI,AGL,CE,Towers with Radar,1,6,7,0,14,0,0,0,0,0,1,6,7,0,14,0,0,0,14
12/11/2019,MKG,MI,AGL,CE,Towers with Radar,0,5,28,0,33,0,0,11,0,11,0,5,39,0,44,16,0,16,60
12/12/2019,MKG,MI,AGL,CE,Towers with Radar,0,5,23,0,28,0,0,15,0,15,0,5,38,0,43,4,0,4,47
12/13/2019,MKG,MI,AGL,CE,Towers with Radar,0,6,16,0,22,0,0,9,0,9,0,6,25,0,31,44,0,44,75
12/14/2019,MKG,MI,AGL,CE,Towers with Radar,0,6,3,0,9,0,0,0,0,0,0,6,3,0,9,48,0,48,57
12/15/2019,MKG,MI,AGL,CE,Towers with Radar,0,3,3,0,6,0,0,5,0,5,0,3,8,0,11,6,0,6,17
12/16/2019,MKG,MI,AGL,CE,Towers with Radar,0,3,15,0,18,0,0,13,0,13,0,3,28,0,31,18,0,18,49
12/17/2019,MKG,MI,AGL,CE,Towers with Radar,0,6,13,0,19,0,0,9,0,9,0,6,22,0,28,0,0,0,28
12/18/2019,MKG,MI,AGL,CE,Towers with Radar,0,3,22,0,25,0,0,0,0,0,0,3,22,0,25,2,0,2,27
12/19/2019,MKG,MI,AGL,CE,Towers with Radar,0,3,19,0,22,0,0,12,0,12,0,3,31,0,34,0,0,0,34
12/20/2019,MKG,MI,AGL,CE,Towers with Radar,0,3,13,0,16,0,0,20,0,20,0,3,33,0,36,42,2,44,80
12/21/2019,MKG,MI,AGL,CE,Towers with Radar,0,4,28,0,32,0,2,51,0,53,0,6,79,0,85,46,0,46,131
12/22/2019,MKG,MI,AGL,CE,Towers with Radar,0,2,21,0,23,0,2,29,0,31,0,4,50,0,54,90,0,90,144
12/23/2019,MKG,MI,AGL,CE,Towers with Radar,0,3,19,1,23,0,0,16,1,17,0,3,35,2,40,36,0,36,76
12/24/2019,MKG,MI,AGL,CE,Towers with Radar,0,4,3,0,7,0,0,0,0,0,0,4,3,0,7,0,0,0,7
12/25/2019,MKG,MI,AGL,CE,Towers with Radar,0,2,4,0,6,0,0,3,0,3,0,2,7,0,9,4,0,4,13
12/26/2019,MKG,MI,AGL,CE,Towers with Radar,0,3,21,0,24,0,0,17,0,17,0,3,38,0,41,62,0,62,103
12/27/2019,MKG,MI,AGL,CE,Towers with Radar,0,3,11,0,14,0,0,0,0,0,0,3,11,0,14,2,0,2,16
12/28/2019,MKG,MI,AGL,CE,Towers with Radar,0,4,9,0,13,0,0,27,0,27,0,4,36,0,40,26,0,26,66
12/29/2019,MKG,MI,AGL,CE,Towers with Radar,0,2,6,0,8,0,0,0,0,0,0,2,6,0,8,14,0,14,22
12/30/2019,MKG,MI,AGL,CE,Towers with Radar,0,2,3,0,5,0,0,0,0,0,0,2,3,0,5,0,0,0,5
12/31/2019,MKG,MI,AGL,CE,Towers with Radar,0,4,2,0,6,0,0,0,0,0,0,4,2,0,6,0,0,0,6
01/01/2020,MKG,MI,AGL,CE,Towers with Radar,0,2,8,0,10,0,0,27,0,27,0,2,35,0,37,40,0,40,77
01/02/2020,MKG,MI,AGL,CE,Towers with Radar,0,4,8,0,12,0,0,15,0,15,0,4,23,0,27,10,0,10,37
01/03/2020,MKG,MI,AGL,CE,Towers with Radar,0,7,7,0,14,0,0,10,0,10,0,7,17,0,24,84,0,84,108
01/04/2020,MKG,MI,AGL,CE,Towers with Radar,0,4,0,0,4,0,0,0,0,0,0,4,0,0,4,0,0,0,4
01/05/2020,MKG,MI,AGL,CE,Towers with Radar,0,3,3,0,6,0,0,9,0,9,0,3,12,0,15,12,0,12,27
01/06/2020,MKG,MI,AGL,CE,Towers with Radar,0,5,17,0,22,0,2,16,0,18,0,7,33,0,40,32,0,32,72
01/07/2020,MKG,MI,AGL,CE,Towers with Radar,0,6,12,0,18,0,0,3,0,3,0,6,15,0,21,24,0,24,45
01/08/2020,MKG,MI,AGL,CE,Towers with Radar,0,6,9,0,15,0,0,16,0,16,0,6,25,0,31,116,0,116,147
01/09/2020,MKG,MI,AGL,CE,Towers with Radar,0,7,17,0,24,0,0,2,0,2,0,7,19,0,26,0,0,0,26
01/10/2020,MKG,MI,AGL,CE,Towers with Radar,0,4,9,0,13,0,0,14,0,14,0,4,23,0,27,76,0,76,103
01/11/2020,MKG,MI,AGL,CE,Towers with Radar,0,0,1,0,1,0,0,0,0,0,0,0,1,0,1,0,0,0,1
01/12/2020,MKG,MI,AGL,CE,Towers with Radar,0,3,2,0,5,0,0,8,0,8,0,3,10,0,13,34,0,34,47
01/13/2020,MKG,MI,AGL,CE,Towers with Radar,0,4,1,0,5,0,0,2,0,2,0,4,3,0,7,10,0,10,17
01/14/2020,MKG,MI,AGL,CE,Towers with Radar,0,6,5,0,11,0,0,0,0,0,0,6,5,0,11,0,0,0,11
01/15/2020,MKG,MI,AGL,CE,Towers with Radar,0,8,4,0,12,0,0,1,0,1,0,8,5,0,13,52,0,52,65
01/16/2020,MKG,MI,AGL,CE,Towers with Radar,0,5,10,0,15,0,2,0,0,2,0,7,10,0,17,0,0,0,17
01/17/2020,MKG,MI,AGL,CE,Towers with Radar,0,7,18,0,25,0,0,41,0,41,0,7,59,0,66,0,0,0,66
01/18/2020,MKG,MI,AGL,CE,Towers with Radar,0,0,3,0,3,0,0,0,0,0,0,0,3,0,3,0,0,0,3
01/19/2020,MKG,MI,AGL,CE,Towers with Radar,0,2,3,0,5,0,0,4,0,4,0,2,7,0,9,14,0,14,23
01/20/2020,MKG,MI,AGL,CE,Towers with Radar,0,5,5,0,10,0,0,4,0,4,0,5,9,0,14,26,0,26,40
01/21/2020,MKG,MI,AGL,CE,Towers with Radar,0,6,18,0,24,0,0,16,0,16,0,6,34,0,40,76,0,76,116
01/22/2020,MKG,MI,AGL,CE,Towers with Radar,0,8,13,0,21,0,2,10,0,12,0,10,23,0,33,0,0,0,33
01/23/2020,MKG,MI,AGL,CE,Towers with Radar,0,5,8,0,13,0,0,0,0,0,0,5,8,0,13,0,0,0,13
01/24/2020,MKG,MI,AGL,CE,Towers with Radar,0,8,3,2,13,0,0,0,2,2,0,8,3,4,15,0,0,0,15
01/25/2020,MKG,MI,AGL,CE,Towers with Radar,0,6,3,0,9,0,0,0,0,0,0,6,3,0,9,0,0,0,9
01/26/2020,MKG,MI,AGL,CE,Towers with Radar,0,3,1,0,4,0,0,0,0,0,0,3,1,0,4,0,0,0,4
01/27/2020,MKG,MI,AGL,CE,Towers with Radar,0,5,3,0,8,0,1,12,0,13,0,6,15,0,21,38,0,38,59
01/28/2020,MKG,MI,AGL,CE,Towers with Radar,1,5,3,0,9,0,0,0,0,0,1,5,3,0,9,0,0,0,9
01/29/2020,MKG,MI,AGL,CE,Towers with Radar,0,5,19,0,24,0,0,18,0,18,0,5,37,0,42,0,0,0,42
01/30/2020,MKG,MI,AGL,CE,Towers with Radar,0,6,9,0,15,0,0,8,0,8,0,6,17,0,23,2,0,2,25
01/31/2020,MKG,MI,AGL,CE,Towers with Radar,0,5,6,0,11,0,0,0,0,0,0,5,6,0,11,0,0,0,11
02/01/2020,MKG,MI,AGL,CE,Towers with Radar,2,4,0,0,6,0,0,0,0,0,2,4,0,0,6,0,0,0,6
02/02/2020,MKG,MI,AGL,CE,Towers with Radar,0,4,7,0,11,0,0,35,0,35,0,4,42,0,46,18,0,18,64
02/03/2020,MKG,MI,AGL,CE,Towers with Radar,0,4,23,0,27,0,0,33,0,33,0,4,56,0,60,76,4,80,140
02/04/2020,MKG,MI,AGL,CE,Towers with Radar,2,6,15,1,24,0,0,34,1,35,2,6,49,2,59,0,0,0,59
02/05/2020,MKG,MI,AGL,CE,Towers with Radar,0,8,22,0,30,0,0,35,0,35,0,8,57,0,65,50,0,50,115
02/06/2020,MKG,MI,AGL,CE,Towers with Radar,0,10,10,0,20,0,0,1,0,1,0,10,11,0,21,0,0,0,21
02/07/2020,MKG,MI,AGL,CE,Towers with Radar,0,6,15,0,21,0,0,9,0,9,0,6,24,0,30,42,0,42,72
02/08/2020,MKG,MI,AGL,CE,Towers with Radar,0,2,16,0,18,0,8,9,0,17,0,10,25,0,35,64,0,64,99
02/09/2020,MKG,MI,AGL,CE,Towers with Radar,0,4,2,0,6,0,0,0,0,0,0,4,2,0,6,0,0,0,6
02/10/2020,MKG,MI,AGL,CE,Towers with Radar,0,6,7,0,13,0,0,4,0,4,0,6,11,0,17,0,0,0,17
02/11/2020,MKG,MI,AGL,CE,Towers with Radar,0,4,6,0,10,0,2,2,0,4,0,6,8,0,14,0,0,0,14
02/12/2020,MKG,MI,AGL,CE,Towers with Radar,0,6,18,0,24,0,0,23,0,23,0,6,41,0,47,40,0,40,87
02/13/2020,MKG,MI,AGL,CE,Towers with Radar,0,8,9,0,17,0,0,0,0,0,0,8,9,0,17,0,0,0,17
02/14/2020,MKG,MI,AGL,CE,Towers with Radar,0,4,5,0,9,0,0,0,0,0,0,4,5,0,9,0,0,0,9
02/15/2020,MKG,MI,AGL,CE,Towers with Radar,0,2,5,0,7,0,0,0,0,0,0,2,5,0,7,0,0,0,7
02/16/2020,MKG,MI,AGL,CE,Towers with Radar,2,3,19,0,24,0,0,67,0,67,2,3,86,0,91,96,0,96,187
02/17/2020,MKG,MI,AGL,CE,Towers with Radar,0,7,10,0,17,0,0,4,0,4,0,7,14,0,21,0,0,0,21
02/18/2020,MKG,MI,AGL,CE,Towers with Radar,0,4,7,0,11,0,0,2,0,2,0,4,9,0,13,6,0,6,19
02/19/2020,MKG,MI,AGL,CE,Towers with Radar,0,6,11,0,17,0,0,14,0,14,0,6,25,0,31,20,0,20,51
02/20/2020,MKG,MI,AGL,CE,Towers with Radar,0,8,7,0,15,0,0,20,0,20,0,8,27,0,35,24,0,24,59
02/21/2020,MKG,MI,AGL,CE,Towers with Radar,0,6,17,0,23,0,0,22,0,22,0,6,39,0,45,0,0,0,45
02/22/2020,MKG,MI,AGL,CE,Towers with Radar,0,2,16,0,18,0,0,25,0,25,0,2,41,0,43,0,0,0,43
02/23/2020,MKG,MI,AGL,CE,Towers with Radar,0,5,15,0,20,0,0,19,0,19,0,5,34,0,39,0,0,0,39
02/24/2020,MKG,MI,AGL,CE,Towers with Radar,2,4,19,0,25,0,1,42,0,43,2,5,61,0,68,84,0,84,152
02/25/2020,MKG,MI,AGL,CE,Towers with Radar,0,8,15,7,30,0,0,11,2,13,0,8,26,9,43,12,0,12,55
02/26/2020,MKG,MI,AGL,CE,Towers with Radar,2,6,13,0,21,0,0,11,0,11,2,6,24,0,32,0,0,0,32
02/27/2020,MKG,MI,AGL,CE,Towers with Radar,0,6,2,0,8,0,2,0,0,2,0,8,2,0,10,0,0,0,10
02/28/2020,MKG,MI,AGL,CE,Towers with Radar,0,6,16,0,22,0,0,6,0,6,0,6,22,0,28,0,0,0,28
02/29/2020,MKG,MI,AGL,CE,Towers with Radar,0,2,38,0,40,0,0,63,0,63,0,2,101,0,103,44,0,44,147
03/01/2020,MKG,MI,AGL,CE,Towers with Radar,0,4,9,0,13,0,2,17,0,19,0,6,26,0,32,0,0,0,32
03/02/2020,MKG,MI,AGL,CE,Towers with Radar,0,6,7,0,13,0,0,23,0,23,0,6,30,0,36,16,0,16,52
03/03/2020,MKG,MI,AGL,CE,Towers with Radar,0,4,20,0,24,0,0,10,0,10,0,4,30,0,34,12,0,12,46
03/04/2020,MKG,MI,AGL,CE,Towers with Radar,0,9,29,0,38,0,0,43,4,47,0,9,72,4,85,62,0,62,147
03/05/2020,MKG,MI,AGL,CE,Towers with Radar,0,6,9,0,15,0,0,7,2,9,0,6,16,2,24,2,0,2,26
03/06/2020,MKG,MI,AGL,CE,Towers with Radar,0,6,6,0,12,0,0,1,0,1,0,6,7,0,13,0,0,0,13
03/07/2020,MKG,MI,AGL,CE,Towers with Radar,0,3,20,0,23,0,0,64,0,64,0,3,84,0,87,48,0,48,135
03/08/2020,MKG,MI,AGL,CE,Towers with Radar,0,4,8,0,12,0,0,4,0,4,0,4,12,0,16,0,0,0,16
03/09/2020,MKG,MI,AGL,CE,Towers with Radar,0,6,7,0,13,0,0,0,0,0,0,6,7,0,13,0,0,0,13
03/10/2020,MKG,MI,AGL,CE,Towers with Radar,0,4,28,0,32,0,0,37,0,37,0,4,65,0,69,46,0,46,115
03/11/2020,MKG,MI,AGL,CE,Towers with Radar,0,6,4,0,10,0,0,0,0,0,0,6,4,0,10,16,0,16,26
03/12/2020,MKG,MI,AGL,CE,Towers with Radar,0,10,4,0,14,0,0,8,2,10,0,10,12,2,24,0,0,0,24
03/13/2020,MKG,MI,AGL,CE,Towers with Radar,0,6,4,0,10,0,0,9,0,9,0,6,13,0,19,26,0,26,45
03/14/2020,MKG,MI,AGL,CE,Towers with Radar,0,4,7,0,11,0,0,29,0,29,0,4,36,0,40,132,0,132,172
03/15/2020,MKG,MI,AGL,CE,Towers with Radar,0,4,4,0,8,0,0,51,0,51,0,4,55,0,59,76,0,76,135
03/16/2020,MKG,MI,AGL,CE,Towers with Radar,0,4,6,0,10,0,0,16,0,16,0,4,22,0,26,10,0,10,36
03/17/2020,MKG,MI,AGL,CE,Towers with Radar,0,4,9,2,15,0,0,18,0,18,0,4,27,2,33,84,0,84,117
03/18/2020,MKG,MI,AGL,CE,Towers with Radar,0,6,10,0,16,0,0,13,0,13,0,6,23,0,29,0,0,0,29
03/19/2020,MKG,MI,AGL,CE,Towers with Radar,0,6,8,0,14,0,0,1,0,1,0,6,9,0,15,0,0,0,15
03/20/2020,MKG,MI,AGL,CE,Towers with Radar,0,6,9,0,15,0,0,1,0,1,0,6,10,0,16,0,0,0,16
03/21/2020,MKG,MI,AGL,CE,Towers with Radar,0,1,13,0,14,0,0,50,0,50,0,1,63,0,64,104,0,104,168
03/22/2020,MKG,MI,AGL,CE,Towers with Radar,0,0,5,0,5,0,0,29,0,29,0,0,34,0,34,64,0,64,98
03/23/2020,MKG,MI,AGL,CE,Towers with Radar,0,2,2,0,4,0,0,2,0,2,0,2,4,0,6,0,0,0,6
03/24/2020,MKG,MI,AGL,CE,Towers with Radar,0,4,9,0,13,0,0,9,0,9,0,4,18,0,22,0,0,0,22
03/25/2020,MKG,MI,AGL,CE,Towers with Radar,0,4,11,1,16,0,0,20,4,24,0,4,31,5,40,62,0,62,102
03/26/2020,MKG,MI,AGL,CE,Towers with Radar,0,4,1,0,5,0,0,2,0,2,0,4,3,0,7,16,0,16,23
03/27/2020,MKG,MI,AGL,CE,Towers with Radar,0,6,6,0,12,0,2,7,0,9,0,8,13,0,21,10,0,10,31
03/28/2020,MKG,MI,AGL,CE,Towers with Radar,0,2,2,0,4,0,0,0,0,0,0,2,2,0,4,0,0,0,4
03/29/2020,MKG,MI,AGL,CE,Towers with Radar,0,4,0,0,4,0,0,1,0,1,0,4,1,0,5,0,0,0,5
03/30/2020,MKG,MI,AGL,CE,Towers with Radar,0,6,0,0,6,0,0,0,0,0,0,6,0,0,6,0,0,0,6
03/31/2020,MKG,MI,AGL,CE,Towers with Radar,0,4,8,0,12,0,0,3,0,3,0,4,11,0,15,10,0,10,25
04/01/2020,MKG,MI,AGL,CE,Towers with Radar,0,6,3,0,9,0,0,10,0,10,0,6,13,0,19,66,0,66,85
04/02/2020,MKG,MI,AGL,CE,Towers with Radar,0,6,17,0,23,0,0,27,0,27,0,6,44,0,50,18,0,18,68
04/03/2020,MKG,MI,AGL,CE,Towers with Radar,0,6,6,0,12,0,0,31,0,31,0,6,37,0,43,58,0,58,101
04/04/2020,MKG,MI,AGL,CE,Towers with Radar,0,2,4,0,6,0,0,0,0,0,0,2,4,0,6,4,0,4,10
04/05/2020,MKG,MI,AGL,CE,Towers with Radar,0,4,6,0,10,0,0,35,0,35,0,4,41,0,45,20,0,20,65
04/06/2020,MKG,MI,AGL,CE,Towers with Radar,0,4,6,0,10,0,0,16,0,16,0,4,22,0,26,24,0,24,50
04/07/2020,MKG,MI,AGL,CE,Towers with Radar,0,4,3,0,7,0,0,0,0,0,0,4,3,0,7,0,0,0,7
04/08/2020,MKG,MI,AGL,CE,Towers with Radar,0,6,3,0,9,0,0,1,0,1,0,6,4,0,10,0,0,0,10
04/09/2020,MKG,MI,AGL,CE,Towers with Radar,0,8,4,0,12,0,0,3,0,3,0,8,7,0,15,0,0,0,15
04/10/2020,MKG,MI,AGL,CE,Towers with Radar,0,6,3,0,9,0,0,2,0,2,0,6,5,0,11,0,0,0,11
04/11/2020,MKG,MI,AGL,CE,Towers with Radar,0,2,2,2,6,0,0,11,2,13,0,2,13,4,19,56,0,56,75
04/12/2020,MKG,MI,AGL,CE,Towers with Radar,0,4,1,0,5,0,0,10,0,10,0,4,11,0,15,26,0,26,41
04/13/2020,MKG,MI,AGL,CE,Towers with Radar,0,5,2,0,7,0,0,0,0,0,0,5,2,0,7,0,0,0,7
04/14/2020,MKG,MI,AGL,CE,Towers with Radar,0,7,4,0,11,0,0,9,0,9,0,7,13,0,20,0,0,0,20
04/15/2020,MKG,MI,AGL,CE,Towers with Radar,0,8,5,0,13,0,0,8,0,8,0,8,13,0,21,0,0,0,21
04/16/2020,MKG,MI,AGL,CE,Towers with Radar,0,6,7,0,13,0,0,7,0,7,0,6,14,0,20,0,0,0,20
04/17/2020,MKG,MI,AGL,CE,Towers with Radar,0,6,1,0,7,0,0,0,0,0,0,6,1,0,7,0,0,0,7
04/18/2020,MKG,MI,AGL,CE,Towers with Radar,0,2,7,0,9,0,0,12,0,12,0,2,19,0,21,16,0,16,37
04/19/2020,MKG,MI,AGL,CE,Towers with Radar,0,4,17,0,21,0,0,28,0,28,0,4,45,0,49,76,0,76,125
04/20/2020,MKG,MI,AGL,CE,Towers with Radar,0,4,6,0,10,0,0,6,0,6,0,4,12,0,16,22,0,22,38
04/21/2020,MKG,MI,AGL,CE,Towers with Radar,0,4,11,1,16,0,0,1,0,1,0,4,12,1,17,0,0,0,17
04/22/2020,MKG,MI,AGL,CE,Towers with Radar,0,6,3,0,9,0,0,12,0,12,0,6,15,0,21,12,0,12,33
04/23/2020,MKG,MI,AGL,CE,Towers with Radar,0,6,2,0,8,0,0,0,0,0,0,6,2,0,8,0,0,0,8
04/24/2020,MKG,MI,AGL,CE,Towers with Radar,0,6,18,0,24,0,0,25,0,25,0,6,43,0,49,70,0,70,119
04/25/2020,MKG,MI,AGL,CE,Towers with Radar,0,2,2,0,4,0,0,15,0,15,0,2,17,0,19,15,0,15,34
04/26/2020,MKG,MI,AGL,CE,Towers with Radar,0,5,6,1,12,0,0,19,0,19,0,5,25,1,31,14,0,14,45
04/27/2020,MKG,MI,AGL,CE,Towers with Radar,0,4,0,0,4,0,0,2,0,2,0,4,2,0,6,28,0,28,34
04/28/2020,MKG,MI,AGL,CE,Towers with Radar,0,4,2,0,6,2,0,16,0,18,2,4,18,0,24,4,0,4,28
04/29/2020,MKG,MI,AGL,CE,Towers with Radar,0,8,6,0,14,0,0,0,0,0,0,8,6,0,14,0,0,0,14
04/30/2020,MKG,MI,AGL,CE,Towers with Radar,0,6,5,2,13,0,0,0,0,0,0,6,5,2,13,0,0,0,13
05/01/2020,MKG,MI,AGL,CE,Towers with Radar,0,4,13,0,17,0,0,34,0,34,0,4,47,0,51,34,0,34,85
05/02/2020,MKG,MI,AGL,CE,Towers with Radar,0,2,7,2,11,0,0,8,0,8,0,2,15,2,19,34,0,34,53
05/03/2020,MKG,MI,AGL,CE,Towers with Radar,0,2,7,0,9,0,2,25,0,27,0,4,32,0,36,36,0,36,72
05/04/2020,MKG,MI,AGL,CE,Towers with Radar,0,3,6,0,9,0,0,14,0,14,0,3,20,0,23,38,0,38,61
05/05/2020,MKG,MI,AGL,CE,Towers with Radar,0,4,4,0,8,0,0,11,0,11,0,4,15,0,19,16,0,16,35
05/06/2020,MKG,MI,AGL,CE,Towers with Radar,0,5,8,0,13,0,0,25,0,25,0,5,33,0,38,12,0,12,50
05/07/2020,MKG,MI,AGL,CE,Towers with Radar,0,4,8,0,12,0,0,21,0,21,0,4,29,0,33,46,0,46,79
05/08/2020,MKG,MI,AGL,CE,Towers with Radar,0,5,13,0,18,0,0,6,0,6,0,5,19,0,24,0,0,0,24
05/09/2020,MKG,MI,AGL,CE,Towers with Radar,0,2,3,0,5,0,9,20,1,30,0,11,23,1,35,0,0,0,35
05/10/2020,MKG,MI,AGL,CE,Towers with Radar,0,3,2,0,5,0,0,1,0,1,0,3,3,0,6,0,0,0,6
05/11/2020,MKG,MI,AGL,CE,Towers with Radar,0,2,8,0,10,0,1,22,1,24,0,3,30,1,34,42,0,42,76
05/12/2020,MKG,MI,AGL,CE,Towers with Radar,0,5,13,0,18,0,1,30,1,32,0,6,43,1,50,46,0,46,96
05/13/2020,MKG,MI,AGL,CE,Towers with Radar,0,4,12,1,17,0,0,38,0,38,0,4,50,1,55,45,0,45,100
05/14/2020,MKG,MI,AGL,CE,Towers with Radar,0,5,6,0,11,0,0,0,0,0,0,5,6,0,11,0,0,0,11
05/15/2020,MKG,MI,AGL,CE,Towers with Radar,0,4,7,0,11,0,0,21,0,21,0,4,28,0,32,20,0,20,52
05/16/2020,MKG,MI,AGL,CE,Towers with Radar,0,2,6,0,8,0,0,44,0,44,0,2,50,0,52,18,0,18,70
05/17/2020,MKG,MI,AGL,CE,Towers with Radar,0,4,2,0,6,0,0,0,0,0,0,4,2,0,6,0,0,0,6
05/18/2020,MKG,MI,AGL,CE,Towers with Radar,0,2,1,0,3,0,0,0,0,0,0,2,1,0,3,0,0,0,3
05/19/2020,MKG,MI,AGL,CE,Towers with Radar,0,3,2,0,5,0,0,2,0,2,0,3,4,0,7,6,0,6,13
05/20/2020,MKG,MI,AGL,CE,Towers with Radar,0,5,19,0,24,0,0,29,0,29,0,5,48,0,53,48,0,48,101
05/21/2020,MKG,MI,AGL,CE,Towers with Radar,0,4,14,0,18,0,0,31,0,31,0,4,45,0,49,18,0,18,67
05/22/2020,MKG,MI,AGL,CE,Towers with Radar,0,6,25,1,32,0,0,10,2,12,0,6,35,3,44,4,0,4,48
05/23/2020,MKG,MI,AGL,CE,Towers with Radar,0,2,9,1,12,0,0,25,0,25,0,2,34,1,37,30,0,30,67
05/24/2020,MKG,MI,AGL,CE,Towers with Radar,0,2,0,0,2,0,0,13,3,16,0,2,13,3,18,15,0,15,33
05/25/2020,MKG,MI,AGL,CE,Towers with Radar,0,2,3,0,5,0,0,37,0,37,0,2,40,0,42,32,0,32,74
05/26/2020,MKG,MI,AGL,CE,Towers with Radar,0,4,11,0,15,0,1,15,5,21,0,5,26,5,36,10,0,10,46
05/27/2020,MKG,MI,AGL,CE,Towers with Radar,0,4,9,0,13,0,0,16,4,20,0,4,25,4,33,66,8,74,107
05/28/2020,MKG,MI,AGL,CE,Towers with Radar,0,4,3,2,9,0,0,5,0,5,0,4,8,2,14,0,0,0,14
05/29/2020,MKG,MI,AGL,CE,Towers with Radar,0,4,15,0,19,0,0,21,0,21,0,4,36,0,40,0,0,0,40
05/30/2020,MKG,MI,AGL,CE,Towers with Radar,0,4,20,0,24,0,2,17,1,20,0,6,37,1,44,0,0,0,44
05/31/2020,MKG,MI,AGL,CE,Towers with Radar,0,2,18,0,20,0,0,27,0,27,0,2,45,0,47,0,0,0,47
06/01/2020,MKG,MI,AGL,CE,Towers with Radar,0,3,8,0,11,0,0,17,0,17,0,3,25,0,28,0,0,0,28
06/02/2020,MKG,MI,AGL,CE,Towers with Radar,0,6,12,2,20,0,0,29,6,35,0,6,41,8,55,28,8,36,91
06/03/2020,MKG,MI,AGL,CE,Towers with Radar,0,4,7,0,11,0,3,27,1,31,0,7,34,1,42,52,0,52,94
06/04/2020,MKG,MI,AGL,CE,Towers with Radar,0,6,16,0,22,0,0,38,5,43,0,6,54,5,65,64,0,64,129
06/05/2020,MKG,MI,AGL,CE,Towers with Radar,0,4,12,0,16,0,0,31,2,33,0,4,43,2,49,20,0,20,69
06/06/2020,MKG,MI,AGL,CE,Towers with Radar,0,4,9,0,13,0,0,40,2,42,0,4,49,2,55,24,0,24,79
06/07/2020,MKG,MI,AGL,CE,Towers with Radar,0,4,20,0,24,0,0,38,0,38,0,4,58,0,62,0,0,0,62
06/08/2020,MKG,MI,AGL,CE,Towers with Radar,0,4,12,0,16,0,0,30,0,30,0,4,42,0,46,0,0,0,46
06/09/2020,MKG,MI,AGL,CE,Towers with Radar,0,4,14,0,18,0,0,19,0,19,0,4,33,0,37,0,0,0,37
06/10/2020,MKG,MI,AGL,CE,Towers with Radar,0,3,2,1,6,0,0,1,1,2,0,3,3,2,8,0,0,0,8
06/11/2020,MKG,MI,AGL,CE,Towers with Radar,0,3,23,1,27,0,0,10,0,10,0,3,33,1,37,0,0,0,37
06/12/2020,MKG,MI,AGL,CE,Towers with Radar,0,4,19,1,24,0,0,56,3,59,0,4,75,4,83,32,0,32,115
06/13/2020,MKG,MI,AGL,CE,Towers with Radar,0,2,9,0,11,0,0,39,2,41,0,2,48,2,52,40,0,40,92
06/14/2020,MKG,MI,AGL,CE,Towers with Radar,0,8,7,0,15,0,0,24,2,26,0,8,31,2,41,2,0,2,43
06/15/2020,MKG,MI,AGL,CE,Towers with Radar,0,3,17,0,20,0,0,52,2,54,0,3,69,2,74,38,0,38,112
06/16/2020,MKG,MI,AGL,CE,Towers with Radar,0,4,10,3,17,0,0,56,9,65,0,4,66,12,82,28,0,28,110
06/17/2020,MKG,MI,AGL,CE,Towers with Radar,0,4,19,0,23,0,0,50,2,52,0,4,69,2,75,34,0,34,109
06/18/2020,MKG,MI,AGL,CE,Towers with Radar,0,4,25,1,30,0,0,41,3,44,0,4,66,4,74,58,0,58,132
06/19/2020,MKG,MI,AGL,CE,Towers with Radar,0,4,17,0,21,0,0,46,1,47,0,4,63,1,68,56,0,56,124
06/20/2020,MKG,MI,AGL,CE,Towers with Radar,0,2,11,2,15,0,2,27,4,33,0,4,38,6,48,18,0,18,66
06/21/2020,MKG,MI,AGL,CE,Towers with Radar,0,5,6,0,11,0,0,8,0,8,0,5,14,0,19,6,0,6,25
06/22/2020,MKG,MI,AGL,CE,Towers with Radar,0,3,10,2,15,0,0,19,1,20,0,3,29,3,35,32,0,32,67
06/23/2020,MKG,MI,AGL,CE,Towers with Radar,0,4,14,0,18,0,0,3,2,5,0,4,17,2,23,0,0,0,23
06/24/2020,MKG,MI,AGL,CE,Towers with Radar,0,4,29,0,33,0,0,48,2,50,0,4,77,2,83,138,0,138,221
06/25/2020,MKG,MI,AGL,CE,Towers with Radar,0,5,29,1,35,0,0,65,3,68,0,5,94,4,103,70,0,70,173
06/26/2020,MKG,MI,AGL,CE,Towers with Radar,0,6,11,0,17,0,0,6,2,8,0,6,17,2,25,15,0,15,40
06/27/2020,MKG,MI,AGL,CE,Towers with Radar,0,5,11,0,16,0,0,18,2,20,0,5,29,2,36,28,0,28,64
06/28/2020,MKG,MI,AGL,CE,Towers with Radar,0,4,16,0,20,0,0,36,0,36,0,4,52,0,56,30,0,30,86
06/29/2020,MKG,MI,AGL,CE,Towers with Radar,0,3,13,0,16,0,0,32,2,34,0,3,45,2,50,30,0,30,80
06/30/2020,MKG,MI,AGL,CE,Towers with Radar,0,11,5,0,16,0,0,29,1,30,0,11,34,1,46,30,0,30,76
07/01/2020,MKG,MI,AGL,CE,Towers with Radar,0,7,16,0,23,0,0,58,4,62,0,7,74,4,85,58,0,58,143
07/02/2020,MKG,MI,AGL,CE,Towers with Radar,0,5,12,0,17,0,2,45,1,48,0,7,57,1,65,60,0,60,125
07/03/2020,MKG,MI,AGL,CE,Towers with Radar,0,7,11,2,20,0,0,36,5,41,0,7,47,7,61,48,6,54,115
07/04/2020,MKG,MI,AGL,CE,Towers with Radar,0,2,6,0,8,0,2,9,5,16,0,4,15,5,24,0,0,0,24
07/05/2020,MKG,MI,AGL,CE,Towers with Radar,0,2,17,0,19,0,0,7,0,7,0,2,24,0,26,0,0,0,26
07/06/2020,MKG,MI,AGL,CE,Towers with Radar,0,4,20,0,24,0,0,40,2,42,0,4,60,2,66,48,0,48,114
07/07/2020,MKG,MI,AGL,CE,Towers with Radar,0,6,6,0,12,0,0,20,1,21,0,6,26,1,33,0,0,0,33
07/08/2020,MKG,MI,AGL,CE,Towers with Radar,0,6,22,0,28,0,1,28,0,29,0,7,50,0,57,0,0,0,57
07/09/2020,MKG,MI,AGL,CE,Towers with Radar,0,7,25,1,33,0,0,12,1,13,0,7,37,2,46,0,0,0,46
07/10/2020,MKG,MI,AGL,CE,Towers with Radar,0,4,13,0,17,0,0,2,0,2,0,4,15,0,19,0,0,0,19
07/11/2020,MKG,MI,AGL,CE,Towers with Radar,0,5,17,0,22,0,2,36,3,41,0,7,53,3,63,0,0,0,63
07/12/2020,MKG,MI,AGL,CE,Towers with Radar,0,5,11,0,16,0,0,27,2,29,0,5,38,2,45,8,0,8,53
07/13/2020,MKG,MI,AGL,CE,Towers with Radar,0,5,15,0,20,0,0,37,3,40,0,5,52,3,60,28,0,28,88
07/14/2020,MKG,MI,AGL,CE,Towers with Radar,0,9,7,0,16,0,6,51,3,60,0,15,58,3,76,84,0,84,160
07/15/2020,MKG,MI,AGL,CE,Towers with Radar,0,7,14,0,21,0,0,28,2,30,0,7,42,2,51,40,0,40,91
07/16/2020,MKG,MI,AGL,CE,Towers with Radar,0,7,18,1,26,0,2,42,1,45,0,9,60,2,71,62,0,62,133
07/17/2020,MKG,MI,AGL,CE,Towers with Radar,0,8,16,1,25,0,0,27,0,27,0,8,43,1,52,0,0,0,52
07/18/2020,MKG,MI,AGL,CE,Towers with Radar,0,4,12,0,16,0,0,31,0,31,0,4,43,0,47,0,0,0,47
07/19/2020,MKG,MI,AGL,CE,Towers with Radar,0,4,15,0,19,0,0,10,0,10,0,4,25,0,29,0,0,0,29
07/20/2020,MKG,MI,AGL,CE,Towers with Radar,0,5,23,0,28,0,1,47,0,48,0,6,70,0,76,0,0,0,76
07/21/2020,MKG,MI,AGL,CE,Towers with Radar,0,7,11,0,18,0,0,26,2,28,0,7,37,2,46,0,0,0,46
07/22/2020,MKG,MI,AGL,CE,Towers with Radar,0,8,23,0,31,0,0,21,0,21,0,8,44,0,52,26,0,26,78
07/23/2020,MKG,MI,AGL,CE,Towers with Radar,0,9,27,2,38,0,0,54,0,54,0,9,81,2,92,30,0,30,122
07/24/2020,MKG,MI,AGL,CE,Towers with Radar,0,8,18,1,27,0,0,64,1,65,0,8,82,2,92,58,0,58,150
07/25/2020,MKG,MI,AGL,CE,Towers with Radar,0,7,11,0,18,0,2,69,1,72,0,9,80,1,90,61,0,61,151
07/26/2020,MKG,MI,AGL,CE,Towers with Radar,0,9,15,0,24,0,2,25,0,27,0,11,40,0,51,4,0,4,55
07/27/2020,MKG,MI,AGL,CE,Towers with Radar,0,4,18,0,22,0,0,16,0,16,0,4,34,0,38,14,0,14,52
07/28/2020,MKG,MI,AGL,CE,Towers with Radar,0,10,11,0,21,0,2,38,0,40,0,12,49,0,61,77,0,77,138
07/29/2020,MKG,MI,AGL,CE,Towers with Radar,0,6,14,0,20,0,0,47,5,52,0,6,61,5,72,64,0,64,136
07/30/2020,MKG,MI,AGL,CE,Towers with Radar,0,7,23,3,33,0,0,52,2,54,0,7,75,5,87,40,0,40,127
07/31/2020,MKG,MI,AGL,CE,Towers with Radar,0,4,14,0,18,0,1,70,4,75,0,5,84,4,93,32,0,32,125
08/01/2020,MKG,MI,AGL,CE,Towers with Radar,0,8,8,0,16,0,1,39,0,40,0,9,47,0,56,46,0,46,102
08/02/2020,MKG,MI,AGL,CE,Towers with Radar,0,7,12,1,20,0,0,4,0,4,0,7,16,1,24,0,0,0,24
08/03/2020,MKG,MI,AGL,CE,Towers with Radar,0,6,17,0,23,0,0,12,2,14,0,6,29,2,37,14,0,14,51
08/04/2020,MKG,MI,AGL,CE,Towers with Radar,0,7,17,0,24,0,0,33,0,33,0,7,50,0,57,20,0,20,77
08/05/2020,MKG,MI,AGL,CE,Towers with Radar,0,8,14,0,22,0,12,38,1,51,0,20,52,1,73,104,0,104,177
08/06/2020,MKG,MI,AGL,CE,Towers with Radar,0,6,24,1,31,0,14,31,1,46,0,20,55,2,77,112,0,112,189
08/07/2020,MKG,MI,AGL,CE,Towers with Radar,0,6,10,0,16,0,0,66,2,68,0,6,76,2,84,34,0,34,118
08/08/2020,MKG,MI,AGL,CE,Towers with Radar,0,6,13,0,19,0,0,38,1,39,0,6,51,1,58,9,0,9,67
08/09/2020,MKG,MI,AGL,CE,Towers with Radar,0,8,11,0,19,0,0,32,0,32,0,8,43,0,51,4,0,4,55
08/10/2020,MKG,MI,AGL,CE,Towers with Radar,0,6,14,0,20,0,0,7,2,9,0,6,21,2,29,10,0,10,39
08/11/2020,MKG,MI,AGL,CE,Towers with Radar,0,7,29,0,36,0,0,63,0,63,0,7,92,0,99,51,0,51,150
08/12/2020,MKG,MI,AGL,CE,Towers with Radar,0,8,14,0,22,0,1,52,2,55,0,9,66,2,77,52,0,52,129
08/13/2020,MKG,MI,AGL,CE,Towers with Radar,0,6,8,1,15,0,4,59,2,65,0,10,67,3,80,96,0,96,176
08/14/2020,MKG,MI,AGL,CE,Towers with Radar,0,6,22,3,31,0,1,57,6,64,0,7,79,9,95,80,0,80,175
08/15/2020,MKG,MI,AGL,CE,Towers with Radar,0,6,13,0,19,0,2,40,1,43,0,8,53,1,62,42,0,42,104
08/16/2020,MKG,MI,AGL,CE,Towers with Radar,0,4,15,0,19,0,0,40,3,43,0,4,55,3,62,18,0,18,80
08/17/2020,MKG,MI,AGL,CE,Towers with Radar,0,4,20,0,24,0,0,48,0,48,0,4,68,0,72,162,0,162,234
08/18/2020,MKG,MI,AGL,CE,Towers with Radar,0,8,11,2,21,0,2,40,1,43,0,10,51,3,64,0,0,0,64
08/19/2020,MKG,MI,AGL,CE,Towers with Radar,0,12,26,0,38,0,0,52,1,53,0,12,78,1,91,0,0,0,91
08/20/2020,MKG,MI,AGL,CE,Towers with Radar,0,6,8,1,15,0,0,42,1,43,0,6,50,2,58,0,0,0,58
08/21/2020,MKG,MI,AGL,CE,Towers with Radar,0,8,7,0,15,0,2,35,1,38,0,10,42,1,53,0,0,0,53
08/22/2020,MKG,MI,AGL,CE,Towers with Radar,0,4,12,0,16,0,0,37,2,39,0,4,49,2,55,22,0,22,77
08/23/2020,MKG,MI,AGL,CE,Towers with Radar,0,4,12,2,18,0,0,31,6,37,0,4,43,8,55,60,0,60,115
08/24/2020,MKG,MI,AGL,CE,Towers with Radar,0,11,18,0,29,0,0,28,1,29,0,11,46,1,58,0,0,0,58
08/25/2020,MKG,MI,AGL,CE,Towers with Radar,0,5,18,0,23,0,0,26,3,29,0,5,44,3,52,78,0,78,130
08/26/2020,MKG,MI,AGL,CE,Towers with Radar,0,13,18,0,31,0,0,29,0,29,0,13,47,0,60,50,0,50,110
08/27/2020,MKG,MI,AGL,CE,Towers with Radar,0,10,18,0,28,0,3,20,0,23,0,13,38,0,51,10,0,10,61
08/28/2020,MKG,MI,AGL,CE,Towers with Radar,0,4,11,0,15,0,0,5,2,7,0,4,16,2,22,20,0,20,42
08/29/2020,MKG,MI,AGL,CE,Towers with Radar,0,4,9,0,13,0,0,14,1,15,0,4,23,1,28,24,0,24,52
08/30/2020,MKG,MI,AGL,CE,Towers with Radar,0,4,31,3,38,0,4,46,6,56,0,8,77,9,94,74,6,80,174
08/31/2020,MKG,MI,AGL,CE,Towers with Radar,0,6,15,0,21,0,0,41,1,42,0,6,56,1,63,0,0,0,63
09/01/2020,MKG,MI,AGL,CE,Towers with Radar,0,9,14,0,23,0,0,20,0,20,0,9,34,0,43,0,0,0,43
09/02/2020,MKG,MI,AGL,CE,Towers with Radar,0,8,22,0,30,0,0,54,0,54,0,8,76,0,84,18,0,18,102
09/03/2020,MKG,MI,AGL,CE,Towers with Radar,0,9,16,4,29,0,0,11,4,15,0,9,27,8,44,2,6,8,52
09/04/2020,MKG,MI,AGL,CE,Towers with Radar,0,12,24,0,36,0,0,44,0,44,0,12,68,0,80,0,0,0,80
09/05/2020,MKG,MI,AGL,CE,Towers with Radar,2,2,12,0,16,0,0,45,1,46,2,2,57,1,62,0,0,0,62
09/06/2020,MKG,MI,AGL,CE,Towers with Radar,0,4,1,0,5,0,0,9,1,10,0,4,10,1,15,0,0,0,15
09/07/2020,MKG,MI,AGL,CE,Towers with Radar,2,3,17,3,25,0,0,27,0,27,2,3,44,3,52,34,0,34,86
09/08/2020,MKG,MI,AGL,CE,Towers with Radar,1,9,14,0,24,0,0,0,0,0,1,9,14,0,24,0,0,0,24
09/09/2020,MKG,MI,AGL,CE,Towers with Radar,1,8,27,0,36,0,0,6,0,6,1,8,33,0,42,24,0,24,66
09/10/2020,MKG,MI,AGL,CE,Towers with Radar,0,8,19,0,27,0,0,16,0,16,0,8,35,0,43,92,0,92,135
09/11/2020,MKG,MI,AGL,CE,Towers with Radar,0,6,13,0,19,0,0,58,0,58,0,6,71,0,77,58,0,58,135
09/12/2020,MKG,MI,AGL,CE,Towers with Radar,0,4,16,0,20,0,0,5,0,5,0,4,21,0,25,0,0,0,25
09/13/2020,MKG,MI,AGL,CE,Towers with Radar,0,5,20,0,25,0,0,21,0,21,0,5,41,0,46,10,0,10,56
09/14/2020,MKG,MI,AGL,CE,Towers with Radar,0,8,12,0,20,0,0,65,0,65,0,8,77,0,85,90,0,90,175
09/15/2020,MKG,MI,AGL,CE,Towers with Radar,0,7,17,0,24,0,0,31,0,31,0,7,48,0,55,42,0,42,97
09/16/2020,MKG,MI,AGL,CE,Towers with Radar,0,14,14,0,28,0,0,26,0,26,0,14,40,0,54,0,0,0,54
09/17/2020,MKG,MI,AGL,CE,Towers with Radar,0,8,27,0,35,0,0,65,0,65,0,8,92,0,100,70,0,70,170
09/18/2020,MKG,MI,AGL,CE,Towers with Radar,0,6,16,0,22,0,2,36,0,38,0,8,52,0,60,0,0,0,60
09/19/2020,MKG,MI,AGL,CE,Towers with Radar,0,4,10,0,14,0,0,43,1,44,0,4,53,1,58,30,0,30,88
09/20/2020,MKG,MI,AGL,CE,Towers with Radar,0,4,8,0,12,0,4,34,1,39,0,8,42,1,51,96,0,96,147
09/21/2020,MKG,MI,AGL,CE,Towers with Radar,0,4,7,0,11,0,0,49,0,49,0,4,56,0,60,112,0,112,172
09/22/2020,MKG,MI,AGL,CE,Towers with Radar,0,6,18,0,24,0,0,61,0,61,0,6,79,0,85,100,0,100,185
09/23/2020,MKG,MI,AGL,CE,Towers with Radar,0,6,26,0,32,0,0,59,0,59,0,6,85,0,91,34,0,34,125
09/24/2020,MKG,MI,AGL,CE,Towers with Radar,0,8,23,0,31,0,0,25,0,25,0,8,48,0,56,0,0,0,56
09/25/2020,MKG,MI,AGL,CE,Towers with Radar,0,8,19,0,27,0,1,73,0,74,0,9,92,0,101,50,0,50,151
09/26/2020,MKG,MI,AGL,CE,Towers with Radar,0,5,11,0,16,0,0,2,0,2,0,5,13,0,18,0,0,0,18
09/27/2020,MKG,MI,AGL,CE,Towers with Radar,0,5,16,0,21,0,0,4,0,4,0,5,20,0,25,0,0,0,25
09/28/2020,MKG,MI,AGL,CE,Towers with Radar,0,4,15,0,19,0,0,3,0,3,0,4,18,0,22,0,0,0,22
09/29/2020,MKG,MI,AGL,CE,Towers with Radar,0,9,25,0,34,0,1,34,1,36,0,10,59,1,70,56,0,56,126
09/30/2020,MKG,MI,AGL,CE,Towers with Radar,0,11,18,0,29,0,0,7,0,7,0,11,25,0,36,0,0,0,36
10/01/2020,MKG,MI,AGL,CE,Towers with Radar,0,7,14,1,22,0,0,18,0,18,0,7,32,1,40,30,0,30,70
10/02/2020,MKG,MI,AGL,CE,Towers with Radar,0,7,8,0,15,0,0,34,0,34,0,7,42,0,49,90,0,90,139
10/03/2020,MKG,MI,AGL,CE,Towers with Radar,0,4,5,0,9,0,0,19,0,19,0,4,24,0,28,0,0,0,28
10/04/2020,MKG,MI,AGL,CE,Towers with Radar,0,8,4,0,12,0,0,14,0,14,0,8,18,0,26,20,0,20,46
10/05/2020,MKG,MI,AGL,CE,Towers with Radar,0,9,10,0,19,0,0,35,0,35,0,9,45,0,54,58,0,58,112
10/06/2020,MKG,MI,AGL,CE,Towers with Radar,0,10,9,0,19,0,2,31,0,33,0,12,40,0,52,0,0,0,52
10/07/2020,MKG,MI,AGL,CE,Towers with Radar,0,6,20,1,27,0,0,41,1,42,0,6,61,2,69,46,0,46,115
10/08/2020,MKG,MI,AGL,CE,Towers with Radar,0,9,15,1,25,0,0,54,1,55,0,9,69,2,80,66,0,66,146
10/09/2020,MKG,MI,AGL,CE,Towers with Radar,0,10,10,0,20,0,0,33,0,33,0,10,43,0,53,82,0,82,135
10/10/2020,MKG,MI,AGL,CE,Towers with Radar,0,2,9,0,11,0,0,16,0,16,0,2,25,0,27,0,0,0,27
10/11/2020,MKG,MI,AGL,CE,Towers with Radar,0,8,11,0,19,0,0,25,0,25,0,8,36,0,44,0,0,0,44
10/12/2020,MKG,MI,AGL,CE,Towers with Radar,0,6,2,0,8,0,0,0,0,0,0,6,2,0,8,0,0,0,8
10/13/2020,MKG,MI,AGL,CE,Towers with Radar,0,5,8,0,13,0,0,23,0,23,0,5,31,0,36,18,0,18,54
10/14/2020,MKG,MI,AGL,CE,Towers with Radar,0,7,14,2,23,0,0,27,0,27,0,7,41,2,50,0,0,0,50
10/15/2020,MKG,MI,AGL,CE,Towers with Radar,0,9,6,0,15,0,0,13,0,13,0,9,19,0,28,0,0,0,28
10/16/2020,MKG,MI,AGL,CE,Towers with Radar,0,8,12,2,22,0,0,20,0,20,0,8,32,2,42,36,0,36,78
10/17/2020,MKG,MI,AGL,CE,Towers with Radar,0,1,14,2,17,0,0,8,0,8,0,1,22,2,25,0,0,0,25
10/18/2020,MKG,MI,AGL,CE,Towers with Radar,0,6,5,1,12,0,0,2,0,2,0,6,7,1,14,14,0,14,28
10/19/2020,MKG,MI,AGL,CE,Towers with Radar,0,6,11,0,17,0,0,55,4,59,0,6,66,4,76,126,0,126,202
10/20/2020,MKG,MI,AGL,CE,Towers with Radar,0,5,13,0,18,0,0,35,0,35,0,5,48,0,53,0,0,0,53
10/21/2020,MKG,MI,AGL,CE,Towers with Radar,0,10,21,0,31,0,0,10,0,10,0,10,31,0,41,0,0,0,41
10/22/2020,MKG,MI,AGL,CE,Towers with Radar,0,12,6,0,18,0,0,0,0,0,0,12,6,0,18,0,0,0,18
10/23/2020,MKG,MI,AGL,CE,Towers with Radar,0,6,12,0,18,0,0,0,0,0,0,6,12,0,18,0,0,0,18
10/24/2020,MKG,MI,AGL,CE,Towers with Radar,0,2,4,0,6,0,0,15,0,15,0,2,19,0,21,18,0,18,39
10/25/2020,MKG,MI,AGL,CE,Towers with Radar,0,6,4,0,10,0,4,26,0,30,0,10,30,0,40,54,0,54,94
10/26/2020,MKG,MI,AGL,CE,Towers with Radar,0,6,10,0,16,0,0,19,0,19,0,6,29,0,35,65,0,65,100
10/27/2020,MKG,MI,AGL,CE,Towers with Radar,0,6,6,0,12,0,0,6,0,6,0,6,12,0,18,0,0,0,18
10/28/2020,MKG,MI,AGL,CE,Towers with Radar,0,9,17,0,26,0,0,51,0,51,0,9,68,0,77,0,0,0,77
10/29/2020,MKG,MI,AGL,CE,Towers with Radar,0,7,9,0,16,0,0,22,0,22,0,7,31,0,38,32,0,32,70
10/30/2020,MKG,MI,AGL,CE,Towers with Radar,0,6,15,3,24,0,1,48,0,49,0,7,63,3,73,94,0,94,167
10/31/2020,MKG,MI,AGL,CE,Towers with Radar,0,2,3,0,5,0,0,17,1,18,0,2,20,1,23,0,0,0,23
11/01/2020,MKG,MI,AGL,CE,Towers with Radar,0,4,2,0,6,0,0,0,0,0,0,4,2,0,6,0,0,0,6
11/02/2020,MKG,MI,AGL,CE,Towers with Radar,0,4,9,0,13,0,0,27,0,27,0,4,36,0,40,0,0,0,40
11/03/2020,MKG,MI,AGL,CE,Towers with Radar,0,8,22,0,30,0,0,54,0,54,0,8,76,0,84,42,0,42,126
11/04/2020,MKG,MI,AGL,CE,Towers with Radar,0,6,9,0,15,0,0,7,0,7,0,6,16,0,22,0,0,0,22
11/05/2020,MKG,MI,AGL,CE,Towers with Radar,0,6,12,0,18,0,0,49,0,49,0,6,61,0,67,44,0,44,111
11/06/2020,MKG,MI,AGL,CE,Towers with Radar,0,6,17,0,23,0,0,48,0,48,0,6,65,0,71,0,0,0,71
11/07/2020,MKG,MI,AGL,CE,Towers with Radar,0,2,6,0,8,0,2,45,0,47,0,4,51,0,55,0,0,0,55
11/08/2020,MKG,MI,AGL,CE,Towers with Radar,0,4,19,0,23,0,0,43,0,43,0,4,62,0,66,56,0,56,122
11/09/2020,MKG,MI,AGL,CE,Towers with Radar,0,4,5,2,11,0,0,24,1,25,0,4,29,3,36,82,0,82,118
11/10/2020,MKG,MI,AGL,CE,Towers with Radar,0,6,2,0,8,0,0,0,0,0,0,6,2,0,8,0,0,0,8
11/11/2020,MKG,MI,AGL,CE,Towers with Radar,0,4,8,0,12,0,0,18,1,19,0,4,26,1,31,124,0,124,155
11/12/2020,MKG,MI,AGL,CE,Towers with Radar,0,8,9,0,17,0,1,47,0,48,0,9,56,0,65,66,0,66,131
11/13/2020,MKG,MI,AGL,CE,Towers with Radar,0,8,15,0,23,0,2,20,0,22,0,10,35,0,45,40,0,40,85
11/14/2020,MKG,MI,AGL,CE,Towers with Radar,0,2,11,0,13,0,0,32,0,32,0,2,43,0,45,54,0,54,99
11/15/2020,MKG,MI,AGL,CE,Towers with Radar,0,4,2,0,6,0,0,0,0,0,0,4,2,0,6,0,0,0,6
11/16/2020,MKG,MI,AGL,CE,Towers with Radar,0,6,6,2,14,0,0,13,4,17,0,6,19,6,31,38,0,38,69
11/17/2020,MKG,MI,AGL,CE,Towers with Radar,0,2,5,0,7,0,0,19,0,19,0,2,24,0,26,42,0,42,68
11/18/2020,MKG,MI,AGL,CE,Towers with Radar,0,6,7,0,13,0,1,22,0,23,0,7,29,0,36,30,0,30,66
11/19/2020,MKG,MI,AGL,CE,Towers with Radar,0,6,6,0,12,0,0,5,0,5,0,6,11,0,17,0,0,0,17
11/20/2020,MKG,MI,AGL,CE,Towers with Radar,0,10,18,0,28,0,0,37,0,37,0,10,55,0,65,52,0,52,117
11/21/2020,MKG,MI,AGL,CE,Towers with Radar,0,4,16,0,20,0,0,61,0,61,0,4,77,0,81,125,0,125,206
11/22/2020,MKG,MI,AGL,CE,Towers with Radar,0,6,9,0,15,0,0,18,0,18,0,6,27,0,33,64,0,64,97
11/23/2020,MKG,MI,AGL,CE,Towers with Radar,0,7,5,0,12,0,0,26,0,26,0,7,31,0,38,40,0,40,78
11/24/2020,MKG,MI,AGL,CE,Towers with Radar,0,6,7,0,13,0,0,2,0,2,0,6,9,0,15,0,0,0,15
11/25/2020,MKG,MI,AGL,CE,Towers with Radar,0,7,4,0,11,0,0,0,0,0,0,7,4,0,11,0,0,0,11
11/26/2020,MKG,MI,AGL,CE,Towers with Radar,0,2,1,0,3,0,0,2,0,2,0,2,3,0,5,20,0,20,25
11/27/2020,MKG,MI,AGL,CE,Towers with Radar,0,6,16,0,22,0,0,2,0,2,0,6,18,0,24,0,0,0,24
11/28/2020,MKG,MI,AGL,CE,Towers with Radar,0,4,21,0,25,0,0,35,0,35,0,4,56,0,60,0,0,0,60
11/29/2020,MKG,MI,AGL,CE,Towers with Radar,0,4,28,0,32,0,0,40,0,40,0,4,68,0,72,10,0,10,82
11/30/2020,MKG,MI,AGL,CE,Towers with Radar,0,6,0,0,6,0,0,0,0,0,0,6,0,0,6,0,0,0,6
12/01/2020,MKG,MI,AGL,CE,Towers with Radar,0,4,8,0,12,0,0,21,1,22,0,4,29,1,34,2,0,2,36
12/02/2020,MKG,MI,AGL,CE,Towers with Radar,0,6,26,0,32,0,0,59,0,59,0,6,85,0,91,48,0,48,139
12/03/2020,MKG,MI,AGL,CE,Towers with Radar,0,8,11,0,19,0,0,3,0,3,0,8,14,0,22,0,0,0,22
12/04/2020,MKG,MI,AGL,CE,Towers with Radar,0,6,26,0,32,0,0,32,0,32,0,6,58,0,64,126,0,126,190
12/05/2020,MKG,MI,AGL,CE,Towers with Radar,0,2,7,0,9,0,0,26,0,26,0,2,33,0,35,32,0,32,67
12/06/2020,MKG,MI,AGL,CE,Towers with Radar,0,4,6,0,10,0,0,27,1,28,0,4,33,1,38,66,0,66,104
12/07/2020,MKG,MI,AGL,CE,Towers with Radar,0,4,8,0,12,0,0,29,0,29,0,4,37,0,41,72,0,72,113
12/08/2020,MKG,MI,AGL,CE,Towers with Radar,0,2,5,0,7,0,0,3,0,3,0,2,8,0,10,0,0,0,10
12/09/2020,MKG,MI,AGL,CE,Towers with Radar,0,6,15,0,21,0,2,46,0,48,0,8,61,0,69,186,0,186,255
12/10/2020,MKG,MI,AGL,CE,Towers with Radar,0,4,16,0,20,0,0,44,0,44,0,4,60,0,64,54,0,54,118
12/11/2020,MKG,MI,AGL,CE,Towers with Radar,0,6,12,0,18,0,0,13,0,13,0,6,25,0,31,16,0,16,47
12/12/2020,MKG,MI,AGL,CE,Towers with Radar,0,3,2,0,5,0,0,0,0,0,0,3,2,0,5,0,0,0,5
12/13/2020,MKG,MI,AGL,CE,Towers with Radar,0,4,6,0,10,0,0,0,0,0,0,4,6,0,10,24,0,24,34
12/14/2020,MKG,MI,AGL,CE,Towers with Radar,0,5,5,0,10,0,0,15,0,15,0,5,20,0,25,0,0,0,25
12/15/2020,MKG,MI,AGL,CE,Towers with Radar,0,4,21,0,25,0,0,38,0,38,0,4,59,0,63,38,0,38,101
12/16/2020,MKG,MI,AGL,CE,Towers with Radar,0,6,18,0,24,0,5,19,0,24,0,11,37,0,48,78,0,78,126
12/17/2020,MKG,MI,AGL,CE,Towers with Radar,0,5,11,0,16,0,2,19,0,21,0,7,30,0,37,62,0,62,99
12/18/2020,MKG,MI,AGL,CE,Towers with Radar,0,8,19,0,27,0,0,30,0,30,0,8,49,0,57,24,0,24,81
12/19/2020,MKG,MI,AGL,CE,Towers with Radar,0,7,11,0,18,0,0,0,0,0,0,7,11,0,18,0,0,0,18
12/20/2020,MKG,MI,AGL,CE,Towers with Radar,0,5,9,1,15,0,0,7,0,7,0,5,16,1,22,0,0,0,22
12/21/2020,MKG,MI,AGL,CE,Towers with Radar,0,5,5,0,10,0,0,0,0,0,0,5,5,0,10,0,0,0,10
12/22/2020,MKG,MI,AGL,CE,Towers with Radar,0,6,13,0,19,0,0,27,0,27,0,6,40,0,46,74,0,74,120
12/23/2020,MKG,MI,AGL,CE,Towers with Radar,0,9,5,0,14,0,0,3,0,3,0,9,8,0,17,0,0,0,17
12/24/2020,MKG,MI,AGL,CE,Towers with Radar,0,5,0,0,5,0,0,0,0,0,0,5,0,0,5,0,0,0,5
12/25/2020,MKG,MI,AGL,CE,Towers with Radar,0,6,2,0,8,0,0,0,0,0,0,6,2,0,8,0,0,0,8
12/26/2020,MKG,MI,AGL,CE,Towers with Radar,0,4,7,0,11,0,0,14,0,14,0,4,21,0,25,56,0,56,81
12/27/2020,MKG,MI,AGL,CE,Towers with Radar,0,4,9,0,13,0,0,47,0,47,0,4,56,0,60,40,0,40,100
12/28/2020,MKG,MI,AGL,CE,Towers with Radar,0,4,8,0,12,0,0,20,0,20,0,4,28,0,32,26,0,26,58
12/29/2020,MKG,MI,AGL,CE,Towers with Radar,0,5,7,0,12,0,0,38,0,38,0,5,45,0,50,74,0,74,124
12/30/2020,MKG,MI,AGL,CE,Towers with Radar,0,9,2,0,11,0,0,0,0,0,0,9,2,0,11,0,0,0,11
12/31/2020,MKG,MI,AGL,CE,Towers with Radar,0,7,3,0,10,7,1,11,0,19,7,8,14,0,29,26,0,26,55
01/01/2021,MKG,MI,AGL,CE,Towers with Radar,0,4,3,0,7,3,0,5,0,8,3,4,8,0,15,14,0,14,29
01/02/2021,MKG,MI,AGL,CE,Towers with Radar,0,2,3,0,5,0,0,0,0,0,0,2,3,0,5,0,0,0,5
01/03/2021,MKG,MI,AGL,CE,Towers with Radar,0,5,1,0,6,0,0,0,0,0,0,5,1,0,6,0,0,0,6
01/04/2021,MKG,MI,AGL,CE,Towers with Radar,0,7,5,0,12,0,0,0,0,0,0,7,5,0,12,0,0,0,12
01/05/2021,MKG,MI,AGL,CE,Towers with Radar,0,6,8,0,14,0,0,9,0,9,0,6,17,0,23,0,0,0,23
01/06/2021,MKG,MI,AGL,CE,Towers with Radar,0,4,12,0,16,0,0,33,0,33,0,4,45,0,49,70,0,70,119
01/07/2021,MKG,MI,AGL,CE,Towers with Radar,0,8,21,0,29,2,0,37,0,39,2,8,58,0,68,35,0,35,103
01/08/2021,MKG,MI,AGL,CE,Towers with Radar,0,6,25,0,31,3,0,28,0,31,3,6,53,0,62,63,0,63,125
01/09/2021,MKG,MI,AGL,CE,Towers with Radar,0,4,18,0,22,0,0,70,0,70,0,4,88,0,92,102,0,102,194
01/10/2021,MKG,MI,AGL,CE,Towers with Radar,0,4,1,0,5,0,0,6,0,6,0,4,7,0,11,10,0,10,21
01/11/2021,MKG,MI,AGL,CE,Towers with Radar,0,4,10,0,14,0,0,0,0,0,0,4,10,0,14,0,0,0,14
01/12/2021,MKG,MI,AGL,CE,Towers with Radar,0,4,2,0,6,0,0,0,0,0,0,4,2,0,6,0,0,0,6
01/13/2021,MKG,MI,AGL,CE,Towers with Radar,0,4,10,0,14,0,0,4,0,4,0,4,14,0,18,31,0,31,49
01/14/2021,MKG,MI,AGL,CE,Towers with Radar,0,6,21,1,28,0,0,20,1,21,0,6,41,2,49,24,0,24,73
01/15/2021,MKG,MI,AGL,CE,Towers with Radar,0,7,3,0,10,0,0,0,0,0,0,7,3,0,10,0,0,0,10
01/16/2021,MKG,MI,AGL,CE,Towers with Radar,0,4,2,0,6,0,0,0,0,0,0,4,2,0,6,0,0,0,6
01/17/2021,MKG,MI,AGL,CE,Towers with Radar,0,4,1,0,5,0,0,1,0,1,0,4,2,0,6,0,0,0,6
01/18/2021,MKG,MI,AGL,CE,Towers with Radar,0,5,5,0,10,0,0,2,0,2,0,5,7,0,12,0,0,0,12
01/19/2021,MKG,MI,AGL,CE,Towers with Radar,0,4,6,0,10,0,0,13,0,13,0,4,19,0,23,0,0,0,23
01/20/2021,MKG,MI,AGL,CE,Towers with Radar,0,4,14,0,18,0,2,8,0,10,0,6,22,0,28,59,0,59,87
01/21/2021,MKG,MI,AGL,CE,Towers with Radar,0,6,16,0,22,0,4,12,0,16,0,10,28,0,38,13,0,13,51
01/22/2021,MKG,MI,AGL,CE,Towers with Radar,0,6,3,0,9,0,0,0,0,0,0,6,3,0,9,0,0,0,9
01/23/2021,MKG,MI,AGL,CE,Towers with Radar,0,3,19,0,22,0,3,46,0,49,0,6,65,0,71,30,0,30,101
01/24/2021,MKG,MI,AGL,CE,Towers with Radar,0,6,0,0,6,0,0,0,0,0,0,6,0,0,6,0,0,0,6
01/25/2021,MKG,MI,AGL,CE,Towers with Radar,0,2,8,0,10,0,2,16,0,18,0,4,24,0,28,10,0,10,38
01/26/2021,MKG,MI,AGL,CE,Towers with Radar,0,3,6,0,9,0,0,0,0,0,0,3,6,0,9,0,0,0,9
01/27/2021,MKG,MI,AGL,CE,Towers with Radar,0,7,14,0,21,0,1,33,0,34,0,8,47,0,55,64,0,64,119
01/28/2021,MKG,MI,AGL,CE,Towers with Radar,0,6,10,0,16,0,5,29,0,34,0,11,39,0,50,68,0,68,118
01/29/2021,MKG,MI,AGL,CE,Towers with Radar,0,6,17,0,23,0,8,34,0,42,0,14,51,0,65,35,0,35,100
01/30/2021,MKG,MI,AGL,CE,Towers with Radar,0,6,5,0,11,0,10,21,0,31,0,16,26,0,42,26,0,26,68
01/31/2021,MKG,MI,AGL,CE,Towers with Radar,0,4,3,0,7,0,0,0,0,0,0,4,3,0,7,12,0,12,19
02/01/2021,MKG,MI,AGL,CE,Towers with Radar,0,7,19,0,26,0,7,29,0,36,0,14,48,0,62,0,0,0,62
02/02/2021,MKG,MI,AGL,CE,Towers with Radar,0,7,5,0,12,0,9,16,0,25,0,16,21,0,37,8,0,8,45
02/03/2021,MKG,MI,AGL,CE,Towers with Radar,0,6,20,0,26,0,14,46,0,60,0,20,66,0,86,58,0,58,144
02/04/2021,MKG,MI,AGL,CE,Towers with Radar,0,4,10,0,14,0,2,5,1,8,0,6,15,1,22,16,0,16,38
02/05/2021,MKG,MI,AGL,CE,Towers with Radar,0,2,0,0,2,0,0,0,0,0,0,2,0,0,2,0,0,0,2
02/06/2021,MKG,MI,AGL,CE,Towers with Radar,0,2,0,0,2,0,0,0,0,0,0,2,0,0,2,0,0,0,2
02/07/2021,MKG,MI,AGL,CE,Towers with Radar,0,6,2,0,8,0,0,0,0,0,0,6,2,0,8,0,0,0,8
02/08/2021,MKG,MI,AGL,CE,Towers with Radar,0,4,11,0,15,0,0,0,0,0,0,4,11,0,15,0,0,0,15
02/09/2021,MKG,MI,AGL,CE,Towers with Radar,0,2,6,2,10,0,0,0,0,0,0,2,6,2,10,27,0,27,37
02/10/2021,MKG,MI,AGL,CE,Towers with Radar,0,4,15,0,19,0,0,15,1,16,0,4,30,1,35,40,0,40,75
02/11/2021,MKG,MI,AGL,CE,Towers with Radar,0,4,8,1,13,0,8,24,2,34,0,12,32,3,47,0,0,0,47
02/12/2021,MKG,MI,AGL,CE,Towers with Radar,0,4,10,0,14,0,0,6,0,6,0,4,16,0,20,10,0,10,30
02/13/2021,MKG,MI,AGL,CE,Towers with Radar,2,0,2,0,4,0,0,0,0,0,2,0,2,0,4,0,0,0,4
02/14/2021,MKG,MI,AGL,CE,Towers with Radar,0,6,4,0,10,0,0,0,0,0,0,6,4,0,10,0,0,0,10
02/15/2021,MKG,MI,AGL,CE,Towers with Radar,0,4,11,0,15,0,0,9,0,9,0,4,20,0,24,0,0,0,24
02/16/2021,MKG,MI,AGL,CE,Towers with Radar,0,2,11,0,13,0,0,20,0,20,0,2,31,0,33,40,0,40,73
02/17/2021,MKG,MI,AGL,CE,Towers with Radar,0,4,9,0,13,0,14,34,0,48,0,18,43,0,61,61,0,61,122
02/18/2021,MKG,MI,AGL,CE,Towers with Radar,0,4,8,0,12,0,0,17,0,17,0,4,25,0,29,4,0,4,33
02/19/2021,MKG,MI,AGL,CE,Towers with Radar,2,8,2,0,12,0,0,0,0,0,2,8,2,0,12,0,0,0,12
02/20/2021,MKG,MI,AGL,CE,Towers with Radar,0,2,10,0,12,0,2,20,0,22,0,4,30,0,34,37,0,37,71
02/21/2021,MKG,MI,AGL,CE,Towers with Radar,0,6,4,0,10,0,0,23,0,23,0,6,27,0,33,21,0,21,54
02/22/2021,MKG,MI,AGL,CE,Towers with Radar,0,4,1,0,5,0,0,0,0,0,0,4,1,0,5,0,0,0,5
02/23/2021,MKG,MI,AGL,CE,Towers with Radar,2,2,10,0,14,0,9,27,0,36,2,11,37,0,50,62,0,62,112
02/24/2021,MKG,MI,AGL,CE,Towers with Radar,0,4,6,0,10,0,0,3,0,3,0,4,9,0,13,8,0,8,21
02/25/2021,MKG,MI,AGL,CE,Towers with Radar,0,6,8,0,14,0,6,34,0,40,0,12,42,0,54,0,0,0,54
02/26/2021,MKG,MI,AGL,CE,Towers with Radar,0,7,23,4,34,0,4,52,0,56,0,11,75,4,90,24,0,24,114
02/27/2021,MKG,MI,AGL,CE,Towers with Radar,0,5,19,0,24,0,0,3,0,3,0,5,22,0,27,20,0,20,47
02/28/2021,MKG,MI,AGL,CE,Towers with Radar,0,4,2,0,6,0,0,0,0,0,0,4,2,0,6,0,0,0,6
03/01/2021,MKG,MI,AGL,CE,Towers with Radar,0,4,9,0,13,0,2,7,0,9,0,6,16,0,22,0,0,0,22
03/02/2021,MKG,MI,AGL,CE,Towers with Radar,0,4,5,0,9,0,4,13,0,17,0,8,18,0,26,6,0,6,32
03/03/2021,MKG,MI,AGL,CE,Towers with Radar,0,3,18,0,21,0,6,39,0,45,0,9,57,0,66,36,0,36,102
03/04/2021,MKG,MI,AGL,CE,Towers with Radar,0,8,21,0,29,0,5,42,0,47,0,13,63,0,76,41,0,41,117
03/05/2021,MKG,MI,AGL,CE,Towers with Radar,0,8,14,0,22,0,16,47,0,63,0,24,61,0,85,31,0,31,116
03/06/2021,MKG,MI,AGL,CE,Towers with Radar,0,3,16,0,19,0,3,22,0,25,0,6,38,0,44,38,0,38,82
03/07/2021,MKG,MI,AGL,CE,Towers with Radar,0,7,12,0,19,0,5,48,0,53,0,12,60,0,72,40,0,40,112
03/08/2021,MKG,MI,AGL,CE,Towers with Radar,0,4,8,0,12,0,2,27,0,29,0,6,35,0,41,22,0,22,63
03/09/2021,MKG,MI,AGL,CE,Towers with Radar,0,8,12,0,20,0,3,29,0,32,0,11,41,0,52,20,0,20,72
03/10/2021,MKG,MI,AGL,CE,Towers with Radar,0,8,19,0,27,0,0,0,0,0,0,8,19,0,27,0,0,0,27
03/11/2021,MKG,MI,AGL,CE,Towers with Radar,0,7,6,0,13,0,2,7,1,10,0,9,13,1,23,27,0,27,50
03/12/2021,MKG,MI,AGL,CE,Towers with Radar,0,6,11,0,17,0,2,17,0,19,0,8,28,0,36,6,0,6,42
03/13/2021,MKG,MI,AGL,CE,Towers with Radar,0,3,14,0,17,0,8,36,0,44,0,11,50,0,61,25,0,25,86
03/14/2021,MKG,MI,AGL,CE,Towers with Radar,0,4,5,0,9,0,2,34,0,36,0,6,39,0,45,56,0,56,101
03/15/2021,MKG,MI,AGL,CE,Towers with Radar,0,3,5,2,10,0,4,2,0,6,0,7,7,2,16,0,0,0,16
03/16/2021,MKG,MI,AGL,CE,Towers with Radar,0,4,3,0,7,0,0,5,0,5,0,4,8,0,12,73,0,73,85
03/17/2021,MKG,MI,AGL,CE,Towers with Radar,0,8,19,0,27,0,3,27,0,30,0,11,46,0,57,50,0,50,107
03/18/2021,MKG,MI,AGL,CE,Towers with Radar,0,5,3,0,8,0,0,0,0,0,0,5,3,0,8,25,0,25,33
03/19/2021,MKG,MI,AGL,CE,Towers with Radar,0,7,18,3,28,0,6,58,0,64,0,13,76,3,92,102,0,102,194
03/20/2021,MKG,MI,AGL,CE,Towers with Radar,0,5,17,0,22,0,10,54,0,64,0,15,71,0,86,103,0,103,189
03/21/2021,MKG,MI,AGL,CE,Towers with Radar,0,4,10,1,15,0,4,32,0,36,0,8,42,1,51,18,0,18,69
03/22/2021,MKG,MI,AGL,CE,Towers with Radar,0,4,9,0,13,0,0,18,0,18,0,4,27,0,31,9,0,9,40
03/23/2021,MKG,MI,AGL,CE,Towers with Radar,0,4,21,0,25,0,0,35,0,35,0,4,56,0,60,77,0,77,137
03/24/2021,MKG,MI,AGL,CE,Towers with Radar,0,6,11,0,17,0,0,0,0,0,0,6,11,0,17,0,0,0,17
03/25/2021,MKG,MI,AGL,CE,Towers with Radar,0,6,18,0,24,0,0,6,0,6,0,6,24,0,30,105,0,105,135
03/26/2021,MKG,MI,AGL,CE,Towers with Radar,0,6,5,0,11,0,0,6,0,6,0,6,11,0,17,35,0,35,52
03/27/2021,MKG,MI,AGL,CE,Towers with Radar,0,2,22,0,24,0,0,29,0,29,0,2,51,0,53,29,0,29,82
03/28/2021,MKG,MI,AGL,CE,Towers with Radar,0,4,5,0,9,0,0,0,0,0,0,4,5,0,9,0,0,0,9
03/29/2021,MKG,MI,AGL,CE,Towers with Radar,0,4,10,0,14,0,6,22,0,28,0,10,32,0,42,57,0,57,99
03/30/2021,MKG,MI,AGL,CE,Towers with Radar,0,4,12,0,16,0,0,4,0,4,0,4,16,0,20,24,0,24,44
03/31/2021,MKG,MI,AGL,CE,Towers with Radar,0,12,17,0,29,0,2,17,0,19,0,14,34,0,48,0,0,0,48
04/01/2021,MKG,MI,AGL,CE,Towers with Radar,0,6,10,0,16,0,0,25,0,25,0,6,35,0,41,0,0,0,41
04/02/2021,MKG,MI,AGL,CE,Towers with Radar,0,8,24,0,32,0,8,64,1,73,0,16,88,1,105,102,0,102,207
04/03/2021,MKG,MI,AGL,CE,Towers with Radar,0,3,9,4,16,0,1,11,0,12,0,4,20,4,28,0,0,0,28
04/04/2021,MKG,MI,AGL,CE,Towers with Radar,0,4,8,0,12,0,4,22,0,26,0,8,30,0,38,29,0,29,67
04/05/2021,MKG,MI,AGL,CE,Towers with Radar,0,6,12,0,18,0,2,37,0,39,0,8,49,0,57,24,0,24,81
04/06/2021,MKG,MI,AGL,CE,Towers with Radar,0,6,7,0,13,0,4,23,0,27,0,10,30,0,40,63,0,63,103
04/07/2021,MKG,MI,AGL,CE,Towers with Radar,0,8,14,0,22,0,4,18,0,22,0,12,32,0,44,0,0,0,44
04/08/2021,MKG,MI,AGL,CE,Towers with Radar,0,4,5,0,9,0,2,2,0,4,0,6,7,0,13,0,0,0,13
04/09/2021,MKG,MI,AGL,CE,Towers with Radar,0,8,5,0,13,0,0,7,1,8,0,8,12,1,21,3,0,3,24
04/10/2021,MKG,MI,AGL,CE,Towers with Radar,0,2,13,0,15,0,2,10,0,12,0,4,23,0,27,72,0,72,99
04/11/2021,MKG,MI,AGL,CE,Towers with Radar,0,4,11,0,15,0,0,12,0,12,0,4,23,0,27,72,0,72,99
04/12/2021,MKG,MI,AGL,CE,Towers with Radar,0,4,10,0,14,0,6,28,0,34,0,10,38,0,48,92,0,92,140
04/13/2021,MKG,MI,AGL,CE,Towers with Radar,0,2,17,2,21,0,4,37,2,43,0,6,54,4,64,0,0,0,64
04/14/2021,MKG,MI,AGL,CE,Towers with Radar,0,10,17,0,27,0,3,38,0,41,0,13,55,0,68,34,0,34,102
04/15/2021,MKG,MI,AGL,CE,Towers with Radar,0,8,10,0,18,0,0,0,0,0,0,8,10,0,18,0,0,0,18
04/16/2021,MKG,MI,AGL,CE,Towers with Radar,0,8,11,0,19,0,4,12,0,16,0,12,23,0,35,87,0,87,122
04/17/2021,MKG,MI,AGL,CE,Towers with Radar,0,2,11,0,13,0,2,52,0,54,0,4,63,0,67,27,0,27,94
04/18/2021,MKG,MI,AGL,CE,Towers with Radar,0,4,13,0,17,0,0,43,0,43,0,4,56,0,60,34,0,34,94
04/19/2021,MKG,MI,AGL,CE,Towers with Radar,0,4,8,0,12,0,2,5,0,7,0,6,13,0,19,14,0,14,33
04/20/2021,MKG,MI,AGL,CE,Towers with Radar,0,8,18,1,27,0,4,34,0,38,0,12,52,1,65,120,0,120,185
04/21/2021,MKG,MI,AGL,CE,Towers with Radar,0,4,14,0,18,0,4,22,0,26,0,8,36,0,44,124,0,124,168
04/22/2021,MKG,MI,AGL,CE,Towers with Radar,0,6,23,1,30,0,10,39,1,50,0,16,62,2,80,61,0,61,141
04/23/2021,MKG,MI,AGL,CE,Towers with Radar,0,8,11,0,19,0,9,22,0,31,0,17,33,0,50,17,0,17,67
04/24/2021,MKG,MI,AGL,CE,Towers with Radar,0,2,8,0,10,0,0,13,0,13,0,2,21,0,23,95,0,95,118
04/25/2021,MKG,MI,AGL,CE,Towers with Radar,0,4,15,0,19,0,0,19,0,19,0,4,34,0,38,15,0,15,53
04/26/2021,MKG,MI,AGL,CE,Towers with Radar,0,4,7,0,11,0,4,22,0,26,0,8,29,0,37,33,0,33,70
04/27/2021,MKG,MI,AGL,CE,Towers with Radar,0,5,14,1,20,0,5,28,1,34,0,10,42,2,54,65,0,65,119
04/28/2021,MKG,MI,AGL,CE,Towers with Radar,0,8,21,0,29,0,0,14,0,14,0,8,35,0,43,131,0,131,174
04/29/2021,MKG,MI,AGL,CE,Towers with Radar,0,9,25,0,34,0,2,16,0,18,0,11,41,0,52,75,0,75,127
04/30/2021,MKG,MI,AGL,CE,Towers with Radar,0,9,17,0,26,0,6,10,0,16,0,15,27,0,42,0,0,0,42
05/01/2021,MKG,MI,AGL,CE,Towers with Radar,0,4,17,0,21,0,0,12,0,12,0,4,29,0,33,0,0,0,33
05/02/2021,MKG,MI,AGL,CE,Towers with Radar,0,11,22,0,33,0,0,15,1,16,0,11,37,1,49,9,0,9,58
05/03/2021,MKG,MI,AGL,CE,Towers with Radar,0,6,16,0,22,0,2,0,0,2,0,8,16,0,24,17,0,17,41
05/04/2021,MKG,MI,AGL,CE,Towers with Radar,0,4,13,0,17,0,0,6,0,6,0,4,19,0,23,90,0,90,113
05/05/2021,MKG,MI,AGL,CE,Towers with Radar,0,6,23,0,29,0,4,57,0,61,0,10,80,0,90,58,0,58,148
05/06/2021,MKG,MI,AGL,CE,Towers with Radar,0,6,21,2,29,0,0,4,0,4,0,6,25,2,33,51,0,51,84
05/07/2021,MKG,MI,AGL,CE,Towers with Radar,0,4,10,0,14,0,0,15,0,15,0,4,25,0,29,0,0,0,29
05/08/2021,MKG,MI,AGL,CE,Towers with Radar,0,3,17,0,20,0,7,104,0,111,0,10,121,0,131,28,0,28,159
05/09/2021,MKG,MI,AGL,CE,Towers with Radar,0,6,19,0,25,0,0,53,0,53,0,6,72,0,78,23,0,23,101
05/10/2021,MKG,MI,AGL,CE,Towers with Radar,0,5,26,0,31,0,5,34,0,39,0,10,60,0,70,71,0,71,141
05/11/2021,MKG,MI,AGL,CE,Towers with Radar,0,2,22,1,25,0,10,45,1,56,0,12,67,2,81,14,0,14,95
05/12/2021,MKG,MI,AGL,CE,Towers with Radar,0,8,28,0,36,0,23,78,0,101,0,31,106,0,137,120,0,120,257
05/13/2021,MKG,MI,AGL,CE,Towers with Radar,0,10,22,0,32,0,16,41,2,59,0,26,63,2,91,147,0,147,238
05/14/2021,MKG,MI,AGL,CE,Towers with Radar,0,6,20,0,26,0,8,32,0,40,0,14,52,0,66,94,0,94,160
05/15/2021,MKG,MI,AGL,CE,Towers with Radar,0,2,12,0,14,0,6,44,2,52,0,8,56,2,66,31,0,31,97
05/16/2021,MKG,MI,AGL,CE,Towers with Radar,0,4,10,0,14,0,1,23,0,24,0,5,33,0,38,0,0,0,38
05/17/2021,MKG,MI,AGL,CE,Towers with Radar,0,8,10,1,19,0,11,28,1,40,0,19,38,2,59,77,0,77,136
05/18/2021,MKG,MI,AGL,CE,Towers with Radar,0,8,40,0,48,0,8,56,2,66,0,16,96,2,114,119,0,119,233
05/19/2021,MKG,MI,AGL,CE,Towers with Radar,0,8,11,0,19,0,0,23,0,23,0,8,34,0,42,79,0,79,121
05/20/2021,MKG,MI,AGL,CE,Towers with Radar,0,8,15,0,23,0,2,41,0,43,0,10,56,0,66,96,0,96,162
05/21/2021,MKG,MI,AGL,CE,Towers with Radar,0,8,20,2,30,0,2,51,0,53,0,10,71,2,83,46,0,46,129
05/22/2021,MKG,MI,AGL,CE,Towers with Radar,0,2,12,0,14,0,2,54,0,56,0,4,66,0,70,112,0,112,182
05/23/2021,MKG,MI,AGL,CE,Towers with Radar,0,4,4,0,8,0,0,5,0,5,0,4,9,0,13,36,0,36,49
05/24/2021,MKG,MI,AGL,CE,Towers with Radar,0,4,16,0,20,0,2,12,0,14,0,6,28,0,34,90,0,90,124
05/25/2021,MKG,MI,AGL,CE,Towers with Radar,0,4,16,0,20,0,4,16,0,20,0,8,32,0,40,31,0,31,71
05/26/2021,MKG,MI,AGL,CE,Towers with Radar,0,9,32,0,41,0,6,25,0,31,0,15,57,0,72,0,0,0,72
05/27/2021,MKG,MI,AGL,CE,Towers with Radar,0,8,28,0,36,0,3,32,0,35,0,11,60,0,71,32,0,32,103
05/28/2021,MKG,MI,AGL,CE,Towers with Radar,0,6,8,0,14,0,0,7,1,8,0,6,15,1,22,6,0,6,28
05/29/2021,MKG,MI,AGL,CE,Towers with Radar,0,4,11,0,15,0,2,45,0,47,0,6,56,0,62,36,0,36,98
05/30/2021,MKG,MI,AGL,CE,Towers with Radar,0,4,16,0,20,0,0,48,0,48,0,4,64,0,68,67,0,67,135
05/31/2021,MKG,MI,AGL,CE,Towers with Radar,0,4,15,0,19,0,0,54,1,55,0,4,69,1,74,73,0,73,147
06/01/2021,MKG,MI,AGL,CE,Towers with Radar,0,7,25,0,32,0,13,41,3,57,0,20,66,3,89,0,0,0,89
06/02/2021,MKG,MI,AGL,CE,Towers with Radar,0,8,21,0,29,0,6,38,0,44,0,14,59,0,73,103,0,103,176
06/03/2021,MKG,MI,AGL,CE,Towers with Radar,0,6,17,0,23,0,6,31,1,38,0,12,48,1,61,48,0,48,109
06/04/2021,MKG,MI,AGL,CE,Towers with Radar,0,8,8,0,16,0,0,25,0,25,0,8,33,0,41,48,0,48,89
06/05/2021,MKG,MI,AGL,CE,Towers with Radar,0,6,8,0,14,0,0,38,4,42,0,6,46,4,56,19,0,19,75
06/06/2021,MKG,MI,AGL,CE,Towers with Radar,0,9,10,1,20,0,0,35,2,37,0,9,45,3,57,20,0,20,77
06/07/2021,MKG,MI,AGL,CE,Towers with Radar,0,7,14,0,21,0,0,10,1,11,0,7,24,1,32,0,0,0,32
06/08/2021,MKG,MI,AGL,CE,Towers with Radar,0,5,21,1,27,0,0,16,0,16,0,5,37,1,43,83,0,83,126
06/09/2021,MKG,MI,AGL,CE,Towers with Radar,0,7,20,0,27,0,0,19,0,19,0,7,39,0,46,31,0,31,77
06/10/2021,MKG,MI,AGL,CE,Towers with Radar,0,9,30,0,39,0,0,34,0,34,0,9,64,0,73,71,0,71,144
06/11/2021,MKG,MI,AGL,CE,Towers with Radar,0,12,20,0,32,0,8,29,0,37,0,20,49,0,69,47,0,47,116
06/12/2021,MKG,MI,AGL,CE,Towers with Radar,0,7,12,0,19,0,0,59,1,60,0,7,71,1,79,49,0,49,128
06/13/2021,MKG,MI,AGL,CE,Towers with Radar,0,9,13,0,22,0,2,23,0,25,0,11,36,0,47,0,0,0,47
06/14/2021,MKG,MI,AGL,CE,Towers with Radar,0,9,19,0,28,0,0,7,0,7,0,9,26,0,35,37,0,37,72
06/15/2021,MKG,MI,AGL,CE,Towers with Radar,0,8,18,0,26,0,1,43,0,44,0,9,61,0,70,35,0,35,105
06/16/2021,MKG,MI,AGL,CE,Towers with Radar,0,10,34,0,44,0,9,38,0,47,0,19,72,0,91,94,0,94,185
06/17/2021,MKG,MI,AGL,CE,Towers with Radar,0,13,23,2,38,0,8,42,1,51,0,21,65,3,89,61,0,61,150
06/18/2021,MKG,MI,AGL,CE,Towers with Radar,0,11,13,0,24,0,0,23,0,23,0,11,36,0,47,97,0,97,144
06/19/2021,MKG,MI,AGL,CE,Towers with Radar,0,8,13,0,21,0,0,8,0,8,0,8,21,0,29,64,0,64,93
06/20/2021,MKG,MI,AGL,CE,Towers with Radar,0,6,13,0,19,0,0,32,0,32,0,6,45,0,51,33,0,33,84
06/21/2021,MKG,MI,AGL,CE,Towers with Radar,0,8,10,0,18,0,0,8,0,8,0,8,18,0,26,0,0,0,26
06/22/2021,MKG,MI,AGL,CE,Towers with Radar,0,10,11,1,22,0,6,37,1,44,0,16,48,2,66,53,0,53,119
06/23/2021,MKG,MI,AGL,CE,Towers with Radar,0,10,12,0,22,0,0,22,8,30,0,10,34,8,52,28,0,28,80
06/24/2021,MKG,MI,AGL,CE,Towers with Radar,0,9,3,1,13,0,0,5,0,5,0,9,8,1,18,1,0,1,19
06/25/2021,MKG,MI,AGL,CE,Towers with Radar,0,13,7,2,22,0,0,0,2,2,0,13,7,4,24,0,0,0,24
06/26/2021,MKG,MI,AGL,CE,Towers with Radar,0,5,0,0,5,0,0,0,0,0,0,5,0,0,5,0,0,0,5
06/27/2021,MKG,MI,AGL,CE,Towers with Radar,0,9,6,4,19,0,1,10,1,12,0,10,16,5,31,30,0,30,61
06/28/2021,MKG,MI,AGL,CE,Towers with Radar,0,9,14,1,24,0,1,20,0,21,0,10,34,1,45,143,0,143,188
06/29/2021,MKG,MI,AGL,CE,Towers with Radar,0,12,30,1,43,0,0,4,0,4,0,12,34,1,47,25,2,27,74
06/30/2021,MKG,MI,AGL,CE,Towers with Radar,0,9,33,0,42,0,4,41,2,47,0,13,74,2,89,91,0,91,180
07/01/2021,MKG,MI,AGL,CE,Towers with Radar,0,15,26,0,41,0,0,44,1,45,0,15,70,1,86,48,0,48,134
07/02/2021,MKG,MI,AGL,CE,Towers with Radar,0,12,21,2,35,0,2,57,3,62,0,14,78,5,97,0,0,0,97
07/03/2021,MKG,MI,AGL,CE,Towers with Radar,0,8,14,0,22,0,0,31,1,32,0,8,45,1,54,23,0,23,77
07/04/2021,MKG,MI,AGL,CE,Towers with Radar,0,8,4,3,15,0,0,30,6,36,0,8,34,9,51,31,0,31,82
07/05/2021,MKG,MI,AGL,CE,Towers with Radar,0,8,12,0,20,0,0,31,0,31,0,8,43,0,51,36,0,36,87
07/06/2021,MKG,MI,AGL,CE,Towers with Radar,0,13,18,0,31,0,3,32,2,37,0,16,50,2,68,113,0,113,181
07/07/2021,MKG,MI,AGL,CE,Towers with Radar,0,11,12,1,24,0,1,6,0,7,0,12,18,1,31,26,0,26,57
07/08/2021,MKG,MI,AGL,CE,Towers with Radar,1,14,30,0,45,0,0,4,0,4,1,14,34,0,49,0,0,0,49
07/09/2021,MKG,MI,AGL,CE,Towers with Radar,0,13,11,0,24,0,6,52,0,58,0,19,63,0,82,50,0,50,132
07/10/2021,MKG,MI,AGL,CE,Towers with Radar,0,9,8,0,17,0,8,35,0,43,0,17,43,0,60,36,0,36,96
07/11/2021,MKG,MI,AGL,CE,Towers with Radar,0,7,14,0,21,0,0,17,0,17,0,7,31,0,38,25,0,25,63
07/12/2021,MKG,MI,AGL,CE,Towers with Radar,0,9,13,0,22,0,0,11,0,11,0,9,24,0,33,75,0,75,108
07/13/2021,MKG,MI,AGL,CE,Towers with Radar,0,12,24,0,36,0,0,2,0,2,0,12,26,0,38,1,0,1,39
07/14/2021,MKG,MI,AGL,CE,Towers with Radar,0,15,24,0,39,0,7,36,0,43,0,22,60,0,82,0,0,0,82
07/15/2021,MKG,MI,AGL,CE,Towers with Radar,0,13,19,1,33,0,6,8,0,14,0,19,27,1,47,84,0,84,131
07/16/2021,MKG,MI,AGL,CE,Towers with Radar,0,9,24,0,33,0,0,34,0,34,0,9,58,0,67,77,0,77,144
07/17/2021,MKG,MI,AGL,CE,Towers with Radar,0,8,14,1,23,0,0,42,1,43,0,8,56,2,66,11,0,11,77
07/18/2021,MKG,MI,AGL,CE,Towers with Radar,0,9,18,0,27,0,12,24,0,36,0,21,42,0,63,104,0,104,167
07/19/2021,MKG,MI,AGL,CE,Towers with Radar,0,8,16,0,24,0,10,55,0,65,0,18,71,0,89,19,0,19,108
07/20/2021,MKG,MI,AGL,CE,Towers with Radar,0,12,22,0,34,0,6,33,0,39,0,18,55,0,73,13,0,13,86
07/21/2021,MKG,MI,AGL,CE,Towers with Radar,0,10,28,0,38,0,6,43,1,50,0,16,71,1,88,105,0,105,193
07/22/2021,MKG,MI,AGL,CE,Towers with Radar,0,11,19,0,30,0,2,49,5,56,0,13,68,5,86,57,0,57,143
07/23/2021,MKG,MI,AGL,CE,Towers with Radar,0,11,16,0,27,0,0,27,4,31,0,11,43,4,58,50,0,50,108
07/24/2021,MKG,MI,AGL,CE,Towers with Radar,0,11,9,0,20,0,1,3,0,4,0,12,12,0,24,21,0,21,45
07/25/2021,MKG,MI,AGL,CE,Towers with Radar,0,13,14,0,27,0,0,48,2,50,0,13,62,2,77,68,0,68,145
07/26/2021,MKG,MI,AGL,CE,Towers with Radar,0,7,22,0,29,0,14,41,4,59,0,21,63,4,88,98,0,98,186
07/27/2021,MKG,MI,AGL,CE,Towers with Radar,0,12,18,3,33,0,2,41,0,43,0,14,59,3,76,68,0,68,144
07/28/2021,MKG,MI,AGL,CE,Towers with Radar,0,11,25,0,36,0,2,37,0,39,0,13,62,0,75,54,0,54,129
07/29/2021,MKG,MI,AGL,CE,Towers with Radar,0,8,11,0,19,0,0,20,0,20,0,8,31,0,39,37,0,37,76
07/30/2021,MKG,MI,AGL,CE,Towers with Radar,0,17,21,0,38,0,6,44,1,51,0,23,65,1,89,34,1,35,124
07/31/2021,MKG,MI,AGL,CE,Towers with Radar,0,8,21,1,30,0,2,39,0,41,0,10,60,1,71,44,0,44,115
08/01/2021,MKG,MI,AGL,CE,Towers with Radar,0,9,4,0,13,0,0,17,0,17,0,9,21,0,30,25,0,25,55
08/02/2021,MKG,MI,AGL,CE,Towers with Radar,0,9,11,1,21,0,4,60,5,69,0,13,71,6,90,106,4,110,200
08/03/2021,MKG,MI,AGL,CE,Towers with Radar,0,13,20,1,34,0,8,75,1,84,0,21,95,2,118,56,0,56,174
08/04/2021,MKG,MI,AGL,CE,Towers with Radar,0,16,19,2,37,0,8,49,1,58,0,24,68,3,95,170,0,170,265
08/05/2021,MKG,MI,AGL,CE,Towers with Radar,0,8,18,2,28,0,8,40,1,49,0,16,58,3,77,114,2,116,193
08/06/2021,MKG,MI,AGL,CE,Towers with Radar,0,8,12,0,20,0,0,8,7,15,0,8,20,7,35,57,0,57,92
08/07/2021,MKG,MI,AGL,CE,Towers with Radar,0,12,14,0,26,0,0,17,0,17,0,12,31,0,43,38,0,38,81
08/08/2021,MKG,MI,AGL,CE,Towers with Radar,0,10,15,9,34,0,0,15,0,15,0,10,30,9,49,8,0,8,57
08/09/2021,MKG,MI,AGL,CE,Towers with Radar,0,7,13,2,22,0,0,10,0,10,0,7,23,2,32,7,0,7,39
08/10/2021,MKG,MI,AGL,CE,Towers with Radar,0,8,16,0,24,0,2,20,0,22,0,10,36,0,46,38,0,38,84
08/11/2021,MKG,MI,AGL,CE,Towers with Radar,0,6,5,0,11,0,0,5,0,5,0,6,10,0,16,0,0,0,16
08/12/2021,MKG,MI,AGL,CE,Towers with Radar,0,9,11,0,20,0,12,44,3,59,0,21,55,3,79,122,0,122,201
08/13/2021,MKG,MI,AGL,CE,Towers with Radar,0,8,6,0,14,0,14,38,0,52,0,22,44,0,66,46,0,46,112
08/14/2021,MKG,MI,AGL,CE,Towers with Radar,0,6,8,0,14,0,10,53,0,63,0,16,61,0,77,36,0,36,113
08/15/2021,MKG,MI,AGL,CE,Towers with Radar,0,12,3,2,17,0,0,31,3,34,0,12,34,5,51,69,0,69,120
08/16/2021,MKG,MI,AGL,CE,Towers with Radar,0,7,11,0,18,0,9,33,1,43,0,16,44,1,61,70,0,70,131
08/17/2021,MKG,MI,AGL,CE,Towers with Radar,0,9,8,1,18,0,5,31,1,37,0,14,39,2,55,109,0,109,164
08/18/2021,MKG,MI,AGL,CE,Towers with Radar,0,15,15,0,30,0,5,34,2,41,0,20,49,2,71,62,0,62,133
08/19/2021,MKG,MI,AGL,CE,Towers with Radar,0,6,22,0,28,0,2,36,2,40,0,8,58,2,68,68,0,68,136
08/20/2021,MKG,MI,AGL,CE,Towers with Radar,0,11,18,0,29,0,2,42,1,45,0,13,60,1,74,71,0,71,145
08/21/2021,MKG,MI,AGL,CE,Towers with Radar,0,4,6,0,10,0,6,51,0,57,0,10,57,0,67,31,0,31,98
08/22/2021,MKG,MI,AGL,CE,Towers with Radar,0,11,18,0,29,0,0,22,1,23,0,11,40,1,52,0,0,0,52
08/23/2021,MKG,MI,AGL,CE,Towers with Radar,0,7,27,1,35,0,6,31,1,38,0,13,58,2,73,89,0,89,162
08/24/2021,MKG,MI,AGL,CE,Towers with Radar,0,10,4,0,14,0,0,14,0,14,0,10,18,0,28,2,0,2,30
08/25/2021,MKG,MI,AGL,CE,Towers with Radar,0,6,13,0,19,0,0,23,2,25,0,6,36,2,44,54,0,54,98
08/26/2021,MKG,MI,AGL,CE,Towers with Radar,0,4,20,0,24,0,1,29,0,30,0,5,49,0,54,73,0,73,127
08/27/2021,MKG,MI,AGL,CE,Towers with Radar,0,9,12,0,21,0,2,18,1,21,0,11,30,1,42,78,0,78,120
08/28/2021,MKG,MI,AGL,CE,Towers with Radar,0,8,11,0,19,0,0,35,2,37,0,8,46,2,56,102,0,102,158
08/29/2021,MKG,MI,AGL,CE,Towers with Radar,0,5,7,0,12,0,0,3,2,5,0,5,10,2,17,0,0,0,17
08/30/2021,MKG,MI,AGL,CE,Towers with Radar,0,4,22,1,27,0,6,36,1,43,0,10,58,2,70,65,5,70,140
08/31/2021,MKG,MI,AGL,CE,Towers with Radar,0,9,20,0,29,0,7,40,3,50,0,16,60,3,79,70,0,70,149
09/01/2021,MKG,MI,AGL,CE,Towers with Radar,0,9,21,0,30,0,5,32,0,37,0,14,53,0,67,35,0,35,102
09/02/2021,MKG,MI,AGL,CE,Towers with Radar,0,10,19,1,30,0,0,64,2,66,0,10,83,3,96,77,0,77,173
09/03/2021,MKG,MI,AGL,CE,Towers with Radar,0,10,23,0,33,0,2,39,0,41,0,12,62,0,74,0,0,0,74
09/04/2021,MKG,MI,AGL,CE,Towers with Radar,0,6,10,0,16,0,0,15,0,15,0,6,25,0,31,28,0,28,59
09/05/2021,MKG,MI,AGL,CE,Towers with Radar,0,5,7,0,12,0,4,24,1,29,0,9,31,1,41,15,0,15,56
09/06/2021,MKG,MI,AGL,CE,Towers with Radar,0,7,18,0,25,0,0,35,0,35,0,7,53,0,60,72,0,72,132
09/07/2021,MKG,MI,AGL,CE,Towers with Radar,0,3,15,0,18,0,0,7,1,8,0,3,22,1,26,10,0,10,36
09/08/2021,MKG,MI,AGL,CE,Towers with Radar,0,5,13,0,18,0,0,14,0,14,0,5,27,0,32,8,0,8,40
09/09/2021,MKG,MI,AGL,CE,Towers with Radar,0,7,34,0,41,0,1,38,0,39,0,8,72,0,80,52,0,52,132
09/10/2021,MKG,MI,AGL,CE,Towers with Radar,0,10,18,0,28,0,4,46,0,50,0,14,64,0,78,64,0,64,142
09/11/2021,MKG,MI,AGL,CE,Towers with Radar,0,4,15,0,19,0,0,20,1,21,0,4,35,1,40,35,0,35,75
09/12/2021,MKG,MI,AGL,CE,Towers with Radar,0,4,9,1,14,0,0,8,1,9,0,4,17,2,23,26,0,26,49
09/13/2021,MKG,MI,AGL,CE,Towers with Radar,0,6,8,0,14,0,0,2,0,2,0,6,10,0,16,20,0,20,36
09/14/2021,MKG,MI,AGL,CE,Towers with Radar,0,7,4,0,11,0,0,3,0,3,0,7,7,0,14,0,0,0,14
09/15/2021,MKG,MI,AGL,CE,Towers with Radar,0,10,18,0,28,0,5,56,4,65,0,15,74,4,93,195,0,195,288
09/16/2021,MKG,MI,AGL,CE,Towers with Radar,0,9,26,0,35,0,10,59,0,69,0,19,85,0,104,82,0,82,186
09/17/2021,MKG,MI,AGL,CE,Towers with Radar,0,9,11,0,20,0,4,45,0,49,0,13,56,0,69,121,0,121,190
09/18/2021,MKG,MI,AGL,CE,Towers with Radar,0,6,10,0,16,0,2,45,1,48,0,8,55,1,64,36,0,36,100
09/19/2021,MKG,MI,AGL,CE,Towers with Radar,0,7,11,0,18,0,0,53,0,53,0,7,64,0,71,74,0,74,145
09/20/2021,MKG,MI,AGL,CE,Towers with Radar,0,6,17,0,23,0,0,5,0,5,0,6,22,0,28,81,0,81,109
09/21/2021,MKG,MI,AGL,CE,Towers with Radar,0,4,23,0,27,0,0,0,0,0,0,4,23,0,27,25,0,25,52
09/22/2021,MKG,MI,AGL,CE,Towers with Radar,0,13,6,0,19,0,0,4,0,4,0,13,10,0,23,7,0,7,30
09/23/2021,MKG,MI,AGL,CE,Towers with Radar,0,7,12,0,19,0,0,2,0,2,0,7,14,0,21,16,0,16,37
09/24/2021,MKG,MI,AGL,CE,Towers with Radar,0,11,17,0,28,0,5,35,0,40,0,16,52,0,68,21,0,21,89
09/25/2021,MKG,MI,AGL,CE,Towers with Radar,0,6,4,0,10,0,0,39,0,39,0,6,43,0,49,99,0,99,148
09/26/2021,MKG,MI,AGL,CE,Towers with Radar,0,7,20,0,27,0,4,29,1,34,0,11,49,1,61,29,0,29,90
09/27/2021,MKG,MI,AGL,CE,Towers with Radar,0,10,23,0,33,0,4,51,0,55,0,14,74,0,88,97,0,97,185
09/28/2021,MKG,MI,AGL,CE,Towers with Radar,0,6,21,0,27,0,4,62,0,66,0,10,83,0,93,115,0,115,208
09/29/2021,MKG,MI,AGL,CE,Towers with Radar,0,7,18,0,25,0,8,64,0,72,0,15,82,0,97,116,0,116,213
09/30/2021,MKG,MI,AGL,CE,Towers with Radar,0,8,15,0,23,0,9,50,0,59,0,17,65,0,82,99,0,99,181
10/01/2021,MKG,MI,AGL,CE,Towers with Radar,0,9,17,0,26,0,4,47,0,51,0,13,64,0,77,86,0,86,163
10/02/2021,MKG,MI,AGL,CE,Towers with Radar,0,4,5,0,9,0,7,18,0,25,0,11,23,0,34,9,0,9,43
10/03/2021,MKG,MI,AGL,CE,Towers with Radar,0,4,8,0,12,0,0,0,0,0,0,4,8,0,12,0,0,0,12
10/04/2021,MKG,MI,AGL,CE,Towers with Radar,0,5,11,0,16,0,0,0,0,0,0,5,11,0,16,27,0,27,43
10/05/2021,MKG,MI,AGL,CE,Towers with Radar,0,8,32,0,40,0,0,15,0,15,0,8,47,0,55,118,0,118,173
10/06/2021,MKG,MI,AGL,CE,Towers with Radar,0,7,39,0,46,0,1,9,0,10,0,8,48,0,56,2,0,2,58
10/07/2021,MKG,MI,AGL,CE,Towers with Radar,0,10,20,0,30,0,0,0,0,0,0,10,20,0,30,0,0,0,30
10/08/2021,MKG,MI,AGL,CE,Towers with Radar,2,6,10,0,18,0,0,3,0,3,2,6,13,0,21,20,0,20,41
10/09/2021,MKG,MI,AGL,CE,Towers with Radar,0,2,6,0,8,0,0,6,0,6,0,2,12,0,14,0,0,0,14
10/10/2021,MKG,MI,AGL,CE,Towers with Radar,0,6,20,0,26,0,2,14,0,16,0,8,34,0,42,33,0,33,75
10/11/2021,MKG,MI,AGL,CE,Towers with Radar,2,6,16,0,24,0,2,13,0,15,2,8,29,0,39,40,0,40,79
10/12/2021,MKG,MI,AGL,CE,Towers with Radar,0,7,15,0,22,0,0,0,0,0,0,7,15,0,22,0,0,0,22
10/13/2021,MKG,MI,AGL,CE,Towers with Radar,0,7,30,0,37,0,0,27,0,27,0,7,57,0,64,104,0,104,168
10/14/2021,MKG,MI,AGL,CE,Towers with Radar,0,10,25,0,35,0,0,19,0,19,0,10,44,0,54,85,0,85,139
10/15/2021,MKG,MI,AGL,CE,Towers with Radar,0,4,13,0,17,0,0,26,0,26,0,4,39,0,43,73,0,73,116
10/16/2021,MKG,MI,AGL,CE,Towers with Radar,0,6,5,1,12,0,0,11,0,11,0,6,16,1,23,2,0,2,25
10/17/2021,MKG,MI,AGL,CE,Towers with Radar,0,8,11,0,19,0,2,19,0,21,0,10,30,0,40,14,0,14,54
10/18/2021,MKG,MI,AGL,CE,Towers with Radar,0,11,18,0,29,0,8,64,0,72,0,19,82,0,101,171,0,171,272
10/19/2021,MKG,MI,AGL,CE,Towers with Radar,0,6,17,0,23,0,2,50,0,52,0,8,67,0,75,53,0,53,128
10/20/2021,MKG,MI,AGL,CE,Towers with Radar,0,13,19,0,32,0,0,51,0,51,0,13,70,0,83,81,0,81,164
10/21/2021,MKG,MI,AGL,CE,Towers with Radar,0,10,33,0,43,0,0,0,0,0,0,10,33,0,43,0,0,0,43
10/22/2021,MKG,MI,AGL,CE,Towers with Radar,0,11,9,0,20,0,0,36,0,36,0,11,45,0,56,49,0,49,105
10/23/2021,MKG,MI,AGL,CE,Towers with Radar,0,3,8,0,11,0,0,20,0,20,0,3,28,0,31,34,0,34,65
10/24/2021,MKG,MI,AGL,CE,Towers with Radar,0,4,9,0,13,0,0,46,0,46,0,4,55,0,59,22,0,22,81
10/25/2021,MKG,MI,AGL,CE,Towers with Radar,0,0,11,0,11,0,2,4,0,6,0,2,15,0,17,0,0,0,17
10/26/2021,MKG,MI,AGL,CE,Towers with Radar,0,9,17,0,26,0,6,63,0,69,0,15,80,0,95,41,0,41,136
10/27/2021,MKG,MI,AGL,CE,Towers with Radar,0,13,29,0,42,0,0,23,0,23,0,13,52,0,65,166,0,166,231
10/28/2021,MKG,MI,AGL,CE,Towers with Radar,0,10,15,0,25,0,0,3,0,3,0,10,18,0,28,0,0,0,28
10/29/2021,MKG,MI,AGL,CE,Towers with Radar,0,6,13,0,19,0,0,0,0,0,0,6,13,0,19,0,0,0,19
10/30/2021,MKG,MI,AGL,CE,Towers with Radar,0,2,7,0,9,0,0,26,0,26,0,2,33,0,35,61,0,61,96
10/31/2021,MKG,MI,AGL,CE,Towers with Radar,0,6,2,0,8,0,0,5,0,5,0,6,7,0,13,16,0,16,29
11/01/2021,MKG,MI,AGL,CE,Towers with Radar,0,7,19,0,26,0,0,22,0,22,0,7,41,0,48,15,0,15,63
11/02/2021,MKG,MI,AGL,CE,Towers with Radar,0,3,5,2,10,0,1,24,0,25,0,4,29,2,35,69,0,69,104
11/03/2021,MKG,MI,AGL,CE,Towers with Radar,0,8,17,0,25,0,14,43,0,57,0,22,60,0,82,28,0,28,110
11/04/2021,MKG,MI,AGL,CE,Towers with Radar,0,16,30,0,46,0,3,38,0,41,0,19,68,0,87,56,0,56,143
11/05/2021,MKG,MI,AGL,CE,Towers with Radar,0,10,12,0,22,0,2,22,0,24,0,12,34,0,46,16,0,16,62
11/06/2021,MKG,MI,AGL,CE,Towers with Radar,0,4,8,3,15,0,0,19,1,20,0,4,27,4,35,48,0,48,83
11/07/2021,MKG,MI,AGL,CE,Towers with Radar,0,4,11,2,17,0,4,41,2,47,0,8,52,4,64,70,0,70,134
11/08/2021,MKG,MI,AGL,CE,Towers with Radar,0,6,23,0,29,0,2,45,0,47,0,8,68,0,76,85,0,85,161
11/09/2021,MKG,MI,AGL,CE,Towers with Radar,0,6,11,0,17,0,4,27,0,31,0,10,38,0,48,135,0,135,183
11/10/2021,MKG,MI,AGL,CE,Towers with Radar,1,14,14,0,29,0,0,44,0,44,1,14,58,0,73,95,0,95,168
11/11/2021,MKG,MI,AGL,CE,Towers with Radar,0,6,2,0,8,0,0,6,0,6,0,6,8,0,14,0,0,0,14
11/12/2021,MKG,MI,AGL,CE,Towers with Radar,0,9,6,0,15,0,0,0,0,0,0,9,6,0,15,0,0,0,15
11/13/2021,MKG,MI,AGL,CE,Towers with Radar,0,5,0,0,5,0,0,2,0,2,0,5,2,0,7,12,0,12,19
11/14/2021,MKG,MI,AGL,CE,Towers with Radar,0,4,2,0,6,0,0,0,0,0,0,4,2,0,6,0,0,0,6
11/15/2021,MKG,MI,AGL,CE,Towers with Radar,0,6,16,0,22,0,4,38,0,42,0,10,54,0,64,20,0,20,84
11/16/2021,MKG,MI,AGL,CE,Towers with Radar,2,7,32,0,41,0,0,44,0,44,2,7,76,0,85,60,0,60,145
11/17/2021,MKG,MI,AGL,CE,Towers with Radar,1,13,2,0,16,0,0,1,0,1,1,13,3,0,17,0,0,0,17
11/18/2021,MKG,MI,AGL,CE,Towers with Radar,2,5,4,0,11,0,0,2,0,2,2,5,6,0,13,6,0,6,19
11/19/2021,MKG,MI,AGL,CE,Towers with Radar,0,12,21,0,33,0,4,51,0,55,0,16,72,0,88,108,0,108,196
11/20/2021,MKG,MI,AGL,CE,Towers with Radar,0,3,8,0,11,0,0,20,0,20,0,3,28,0,31,36,0,36,67
11/21/2021,MKG,MI,AGL,CE,Towers with Radar,0,6,9,0,15,0,0,5,0,5,0,6,14,0,20,0,0,0,20
11/22/2021,MKG,MI,AGL,CE,Towers with Radar,0,12,14,1,27,0,0,30,0,30,0,12,44,1,57,8,0,8,65
11/23/2021,MKG,MI,AGL,CE,Towers with Radar,2,10,16,0,28,0,4,41,0,45,2,14,57,0,73,38,0,38,111
11/24/2021,MKG,MI,AGL,CE,Towers with Radar,0,7,14,1,22,0,0,6,1,7,0,7,20,2,29,0,0,0,29
11/25/2021,MKG,MI,AGL,CE,Towers with Radar,0,1,0,0,1,0,0,0,0,0,0,1,0,0,1,0,0,0,1
11/26/2021,MKG,MI,AGL,CE,Towers with Radar,0,7,13,0,20,0,0,15,0,15,0,7,28,0,35,66,0,66,101
11/27/2021,MKG,MI,AGL,CE,Towers with Radar,0,6,4,0,10,0,0,1,0,1,0,6,5,0,11,18,0,18,29
11/28/2021,MKG,MI,AGL,CE,Towers with Radar,0,6,6,0,12,0,0,4,0,4,0,6,10,0,16,4,0,4,20
11/29/2021,MKG,MI,AGL,CE,Towers with Radar,0,8,10,0,18,0,2,19,0,21,0,10,29,0,39,84,0,84,123
11/30/2021,MKG,MI,AGL,CE,Towers with Radar,0,6,8,0,14,0,0,2,0,2,0,6,10,0,16,0,0,0,16
12/01/2021,MKG,MI,AGL,CE,Towers with Radar,0,8,10,0,18,0,0,11,0,11,0,8,21,0,29,54,0,54,83
12/02/2021,MKG,MI,AGL,CE,Towers with Radar,0,6,16,0,22,0,0,7,0,7,0,6,23,0,29,0,0,0,29
12/03/2021,MKG,MI,AGL,CE,Towers with Radar,0,9,11,0,20,0,0,1,0,1,0,9,12,0,21,0,0,0,21
12/04/2021,MKG,MI,AGL,CE,Towers with Radar,0,2,26,0,28,0,0,44,0,44,0,2,70,0,72,32,0,32,104
12/05/2021,MKG,MI,AGL,CE,Towers with Radar,0,4,7,0,11,0,0,0,0,0,0,4,7,0,11,9,0,9,20
12/06/2021,MKG,MI,AGL,CE,Towers with Radar,0,6,2,0,8,0,0,0,0,0,0,6,2,0,8,0,0,0,8
12/07/2021,MKG,MI,AGL,CE,Towers with Radar,1,5,8,0,14,0,0,21,0,21,1,5,29,0,35,15,0,15,50
12/08/2021,MKG,MI,AGL,CE,Towers with Radar,0,15,15,0,30,0,0,5,0,5,0,15,20,0,35,20,0,20,55
12/09/2021,MKG,MI,AGL,CE,Towers with Radar,0,9,23,0,32,0,0,10,0,10,0,9,33,0,42,42,0,42,84
12/10/2021,MKG,MI,AGL,CE,Towers with Radar,0,8,11,0,19,0,0,7,0,7,0,8,18,0,26,49,0,49,75
12/11/2021,MKG,MI,AGL,CE,Towers with Radar,0,2,6,0,8,0,0,1,0,1,0,2,7,0,9,0,0,0,9
12/12/2021,MKG,MI,AGL,CE,Towers with Radar,0,7,13,1,21,0,0,9,0,9,0,7,22,1,30,0,0,0,30
12/13/2021,MKG,MI,AGL,CE,Towers with Radar,0,6,19,0,25,0,4,55,1,60,0,10,74,1,85,83,0,83,168
12/14/2021,MKG,MI,AGL,CE,Towers with Radar,0,10,7,2,19,0,4,38,2,44,0,14,45,4,63,21,0,21,84
12/15/2021,MKG,MI,AGL,CE,Towers with Radar,0,6,3,0,9,0,0,0,0,0,0,6,3,0,9,0,0,0,9
12/16/2021,MKG,MI,AGL,CE,Towers with Radar,0,5,1,1,7,0,0,0,1,1,0,5,1,2,8,0,0,0,8
12/17/2021,MKG,MI,AGL,CE,Towers with Radar,3,13,24,0,40,0,6,56,1,63,3,19,80,1,103,72,0,72,175
12/18/2021,MKG,MI,AGL,CE,Towers with Radar,0,8,6,0,14,0,0,1,0,1,0,8,7,0,15,0,0,0,15
12/19/2021,MKG,MI,AGL,CE,Towers with Radar,0,10,4,0,14,0,0,15,0,15,0,10,19,0,29,12,0,12,41
12/20/2021,MKG,MI,AGL,CE,Towers with Radar,2,10,4,0,16,0,0,4,0,4,2,10,8,0,20,0,0,0,20
12/21/2021,MKG,MI,AGL,CE,Towers with Radar,0,4,9,0,13,0,0,14,0,14,0,4,23,0,27,51,0,51,78
12/22/2021,MKG,MI,AGL,CE,Towers with Radar,0,6,7,0,13,0,0,14,1,15,0,6,21,1,28,96,0,96,124
12/23/2021,MKG,MI,AGL,CE,Towers with Radar,0,4,13,0,17,0,0,23,0,23,0,4,36,0,40,20,0,20,60
12/24/2021,MKG,MI,AGL,CE,Towers with Radar,0,6,3,0,9,0,0,0,0,0,0,6,3,0,9,0,0,0,9
12/25/2021,MKG,MI,AGL,CE,Towers with Radar,0,4,2,0,6,0,0,5,0,5,0,4,7,0,11,6,0,6,17
12/26/2021,MKG,MI,AGL,CE,Towers with Radar,0,6,17,0,23,0,2,38,0,40,0,8,55,0,63,44,0,44,107
12/27/2021,MKG,MI,AGL,CE,Towers with Radar,0,6,10,0,16,0,0,0,0,0,0,6,10,0,16,0,0,0,16
12/28/2021,MKG,MI,AGL,CE,Towers with Radar,0,6,10,0,16,0,0,15,0,15,0,6,25,0,31,62,0,62,93
12/29/2021,MKG,MI,AGL,CE,Towers with Radar,0,4,9,0,13,0,0,11,0,11,0,4,20,0,24,38,0,38,62
12/30/2021,MKG,MI,AGL,CE,Towers with Radar,0,6,13,0,19,0,0,40,0,40,0,6,53,0,59,104,0,104,163
12/31/2021,MKG,MI,AGL,CE,Towers with Radar,0,4,7,0,11,0,0,0,0,0,0,4,7,0,11,55,6,61,72
01/01/2022,MKG,MI,AGL,CE,Towers with Radar,0,2,2,0,4,0,0,1,0,1,0,2,3,0,5,12,0,12,17
01/02/2022,MKG,MI,AGL,CE,Towers with Radar,0,1,7,0,8,0,2,10,0,12,0,3,17,0,20,7,0,7,27
01/03/2022,MKG,MI,AGL,CE,Towers with Radar,0,9,5,0,14,0,1,61,0,62,0,10,66,0,76,38,0,38,114
01/04/2022,MKG,MI,AGL,CE,Towers with Radar,0,3,14,0,17,0,1,18,0,19,0,4,32,0,36,0,0,0,36
01/05/2022,MKG,MI,AGL,CE,Towers with Radar,0,0,2,0,2,0,0,0,0,0,0,0,2,0,2,0,0,0,2
01/06/2022,MKG,MI,AGL,CE,Towers with Radar,0,7,8,2,17,0,0,0,0,0,0,7,8,2,17,0,0,0,17
01/07/2022,MKG,MI,AGL,CE,Towers with Radar,0,1,7,0,8,0,2,7,0,9,0,3,14,0,17,22,0,22,39
01/08/2022,MKG,MI,AGL,CE,Towers with Radar,0,0,1,0,1,0,0,4,0,4,0,0,5,0,5,4,0,4,9
01/09/2022,MKG,MI,AGL,CE,Towers with Radar,0,6,0,0,6,0,0,0,0,0,0,6,0,0,6,0,0,0,6
01/10/2022,MKG,MI,AGL,CE,Towers with Radar,0,4,8,0,12,0,0,0,0,0,0,4,8,0,12,0,0,0,12
01/11/2022,MKG,MI,AGL,CE,Towers with Radar,0,2,3,0,5,0,0,2,0,2,0,2,5,0,7,6,0,6,13
01/12/2022,MKG,MI,AGL,CE,Towers with Radar,0,4,24,0,28,0,0,27,0,27,0,4,51,0,55,109,0,109,164
01/13/2022,MKG,MI,AGL,CE,Towers with Radar,0,6,8,0,14,0,0,2,0,2,0,6,10,0,16,64,0,64,80
01/14/2022,MKG,MI,AGL,CE,Towers with Radar,0,10,11,0,21,0,0,21,0,21,0,10,32,0,42,58,0,58,100
01/15/2022,MKG,MI,AGL,CE,Towers with Radar,0,2,9,0,11,0,2,32,0,34,0,4,41,0,45,117,0,117,162
01/16/2022,MKG,MI,AGL,CE,Towers with Radar,0,4,9,0,13,0,2,24,0,26,0,6,33,0,39,14,0,14,53
01/17/2022,MKG,MI,AGL,CE,Towers with Radar,0,4,2,0,6,0,0,0,0,0,0,4,2,0,6,0,0,0,6
01/18/2022,MKG,MI,AGL,CE,Towers with Radar,0,4,12,1,17,0,0,14,1,15,0,4,26,2,32,19,0,19,51
01/19/2022,MKG,MI,AGL,CE,Towers with Radar,0,4,4,0,8,0,0,0,0,0,0,4,4,0,8,0,0,0,8
01/20/2022,MKG,MI,AGL,CE,Towers with Radar,0,8,14,0,22,0,8,22,0,30,0,16,36,0,52,34,0,34,86
01/21/2022,MKG,MI,AGL,CE,Towers with Radar,0,4,7,0,11,0,1,28,0,29,0,5,35,0,40,47,0,47,87
01/22/2022,MKG,MI,AGL,CE,Towers with Radar,0,3,2,0,5,0,0,0,0,0,0,3,2,0,5,0,0,0,5
01/23/2022,MKG,MI,AGL,CE,Towers with Radar,0,6,3,0,9,0,0,14,0,14,0,6,17,0,23,2,0,2,25
01/24/2022,MKG,MI,AGL,CE,Towers with Radar,0,2,2,0,4,0,0,0,0,0,0,2,2,0,4,0,0,0,4
01/25/2022,MKG,MI,AGL,CE,Towers with Radar,0,4,8,0,12,0,0,0,0,0,0,4,8,0,12,0,0,0,12
01/26/2022,MKG,MI,AGL,CE,Towers with Radar,0,2,4,0,6,0,0,0,0,0,0,2,4,0,6,0,0,0,6
01/27/2022,MKG,MI,AGL,CE,Towers with Radar,0,8,9,0,17,0,0,0,0,0,0,8,9,0,17,0,0,0,17
01/28/2022,MKG,MI,AGL,CE,Towers with Radar,0,5,18,0,23,0,4,24,0,28,0,9,42,0,51,39,0,39,90
01/29/2022,MKG,MI,AGL,CE,Towers with Radar,0,4,13,0,17,0,3,23,0,26,0,7,36,0,43,48,0,48,91
01/30/2022,MKG,MI,AGL,CE,Towers with Radar,0,4,2,0,6,0,2,7,0,9,0,6,9,0,15,20,0,20,35
01/31/2022,MKG,MI,AGL,CE,Towers with Radar,0,4,7,0,11,0,0,19,0,19,0,4,26,0,30,22,0,22,52
02/01/2022,MKG,MI,AGL,CE,Towers with Radar,0,2,8,0,10,0,0,0,0,0,0,2,8,0,10,0,0,0,10
02/02/2022,MKG,MI,AGL,CE,Towers with Radar,0,4,4,0,8,0,0,0,0,0,0,4,4,0,8,0,0,0,8
02/03/2022,MKG,MI,AGL,CE,Towers with Radar,0,4,4,0,8,0,0,27,0,27,0,4,31,0,35,48,0,48,83
02/04/2022,MKG,MI,AGL,CE,Towers with Radar,0,4,14,0,18,0,0,28,0,28,0,4,42,0,46,21,0,21,67
02/05/2022,MKG,MI,AGL,CE,Towers with Radar,0,4,5,2,11,0,0,10,0,10,0,4,15,2,21,10,0,10,31
02/06/2022,MKG,MI,AGL,CE,Towers with Radar,0,4,12,0,16,0,0,4,0,4,0,4,16,0,20,4,0,4,24
02/07/2022,MKG,MI,AGL,CE,Towers with Radar,0,8,2,0,10,0,0,0,0,0,0,8,2,0,10,0,0,0,10
02/08/2022,MKG,MI,AGL,CE,Towers with Radar,0,3,16,0,19,0,6,28,0,34,0,9,44,0,53,46,0,46,99
02/09/2022,MKG,MI,AGL,CE,Towers with Radar,0,7,10,0,17,0,0,2,0,2,0,7,12,0,19,40,0,40,59
02/10/2022,MKG,MI,AGL,CE,Towers with Radar,0,12,10,0,22,0,0,6,0,6,0,12,16,0,28,36,0,36,64
02/11/2022,MKG,MI,AGL,CE,Towers with Radar,0,4,8,0,12,0,0,2,0,2,0,4,10,0,14,20,0,20,34
02/12/2022,MKG,MI,AGL,CE,Towers with Radar,0,4,8,0,12,0,0,9,0,9,0,4,17,0,21,27,0,27,48
02/13/2022,MKG,MI,AGL,CE,Towers with Radar,0,6,5,0,11,0,0,4,0,4,0,6,9,0,15,11,0,11,26
02/14/2022,MKG,MI,AGL,CE,Towers with Radar,0,4,8,0,12,0,0,0,0,0,0,4,8,0,12,0,0,0,12
02/15/2022,MKG,MI,AGL,CE,Towers with Radar,0,6,5,0,11,0,1,28,0,29,0,7,33,0,40,22,0,22,62
02/16/2022,MKG,MI,AGL,CE,Towers with Radar,0,4,2,0,6,0,0,0,0,0,0,4,2,0,6,0,0,0,6
02/17/2022,MKG,MI,AGL,CE,Towers with Radar,0,5,11,0,16,0,0,13,0,13,0,5,24,0,29,13,0,13,42
02/18/2022,MKG,MI,AGL,CE,Towers with Radar,0,11,12,0,23,0,0,14,0,14,0,11,26,0,37,26,0,26,63
02/19/2022,MKG,MI,AGL,CE,Towers with Radar,0,6,7,0,13,0,0,0,0,0,0,6,7,0,13,0,0,0,13
02/20/2022,MKG,MI,AGL,CE,Towers with Radar,0,4,4,0,8,0,0,2,0,2,0,4,6,0,10,6,0,6,16
02/21/2022,MKG,MI,AGL,CE,Towers with Radar,0,11,5,0,16,0,3,6,0,9,0,14,11,0,25,10,0,10,35
02/22/2022,MKG,MI,AGL,CE,Towers with Radar,0,2,8,0,10,0,0,0,0,0,0,2,8,0,10,0,0,0,10
02/23/2022,MKG,MI,AGL,CE,Towers with Radar,0,2,21,0,23,0,4,14,0,18,0,6,35,0,41,0,0,0,41
02/24/2022,MKG,MI,AGL,CE,Towers with Radar,0,7,14,0,21,0,7,45,0,52,0,14,59,0,73,16,0,16,89
02/25/2022,MKG,MI,AGL,CE,Towers with Radar,0,5,13,0,18,0,0,24,0,24,0,5,37,0,42,40,0,40,82
02/26/2022,MKG,MI,AGL,CE,Towers with Radar,0,7,18,0,25,0,0,25,0,25,0,7,43,0,50,0,0,0,50
02/27/2022,MKG,MI,AGL,CE,Towers with Radar,0,4,4,0,8,0,0,29,0,29,0,4,33,0,37,5,0,5,42
02/28/2022,MKG,MI,AGL,CE,Towers with Radar,0,5,11,0,16,0,5,38,0,43,0,10,49,0,59,32,0,32,91
03/01/2022,MKG,MI,AGL,CE,Towers with Radar,0,11,12,0,23,0,15,44,2,61,0,26,56,2,84,25,0,25,109
03/02/2022,MKG,MI,AGL,CE,Towers with Radar,0,4,9,0,13,0,0,14,0,14,0,4,23,0,27,75,0,75,102
03/03/2022,MKG,MI,AGL,CE,Towers with Radar,0,6,17,0,23,0,3,43,1,47,0,9,60,1,70,73,0,73,143
03/04/2022,MKG,MI,AGL,CE,Towers with Radar,0,5,10,0,15,0,1,52,0,53,0,6,62,0,68,62,0,62,130
03/05/2022,MKG,MI,AGL,CE,Towers with Radar,0,6,6,2,14,0,0,19,0,19,0,6,25,2,33,29,0,29,62
03/06/2022,MKG,MI,AGL,CE,Towers with Radar,0,4,0,0,4,0,0,2,0,2,0,4,2,0,6,9,0,9,15
03/07/2022,MKG,MI,AGL,CE,Towers with Radar,0,5,8,0,13,0,0,0,0,0,0,5,8,0,13,0,0,0,13
03/08/2022,MKG,MI,AGL,CE,Towers with Radar,0,8,13,1,22,0,4,32,1,37,0,12,45,2,59,57,0,57,116
03/09/2022,MKG,MI,AGL,CE,Towers with Radar,0,4,12,2,18,0,4,37,0,41,0,8,49,2,59,61,0,61,120
03/10/2022,MKG,MI,AGL,CE,Towers with Radar,0,6,4,0,10,0,6,38,0,44,0,12,42,0,54,78,0,78,132
03/11/2022,MKG,MI,AGL,CE,Towers with Radar,0,8,9,1,18,0,0,9,0,9,0,8,18,1,27,10,0,10,37
03/12/2022,MKG,MI,AGL,CE,Towers with Radar,0,4,0,0,4,0,0,0,0,0,0,4,0,0,4,0,0,0,4
03/13/2022,MKG,MI,AGL,CE,Towers with Radar,0,4,9,0,13,0,0,18,0,18,0,4,27,0,31,8,0,8,39
03/14/2022,MKG,MI,AGL,CE,Towers with Radar,0,3,8,0,11,0,2,38,0,40,0,5,46,0,51,34,0,34,85
03/15/2022,MKG,MI,AGL,CE,Towers with Radar,0,10,11,0,21,0,7,44,0,51,0,17,55,0,72,111,0,111,183
03/16/2022,MKG,MI,AGL,CE,Towers with Radar,0,7,16,0,23,0,5,28,0,33,0,12,44,0,56,43,0,43,99
03/17/2022,MKG,MI,AGL,CE,Towers with Radar,0,6,13,0,19,0,6,46,0,52,0,12,59,0,71,104,0,104,175
03/18/2022,MKG,MI,AGL,CE,Towers with Radar,0,4,12,0,16,0,2,8,0,10,0,6,20,0,26,16,0,16,42
03/19/2022,MKG,MI,AGL,CE,Towers with Radar,0,6,0,0,6,0,0,0,0,0,0,6,0,0,6,0,0,0,6
03/20/2022,MKG,MI,AGL,CE,Towers with Radar,0,6,7,0,13,0,3,70,0,73,0,9,77,0,86,69,0,69,155
03/21/2022,MKG,MI,AGL,CE,Towers with Radar,0,6,14,0,20,0,2,49,0,51,0,8,63,0,71,54,0,54,125
03/22/2022,MKG,MI,AGL,CE,Towers with Radar,0,4,14,0,18,0,0,11,0,11,0,4,25,0,29,3,0,3,32
03/23/2022,MKG,MI,AGL,CE,Towers with Radar,0,6,15,0,21,0,0,0,0,0,0,6,15,0,21,0,0,0,21
03/24/2022,MKG,MI,AGL,CE,Towers with Radar,0,5,5,0,10,0,0,0,0,0,0,5,5,0,10,0,0,0,10
03/25/2022,MKG,MI,AGL,CE,Towers with Radar,0,9,5,0,14,0,0,2,0,2,0,9,7,0,16,0,0,0,16
03/26/2022,MKG,MI,AGL,CE,Towers with Radar,0,4,0,0,4,0,0,0,0,0,0,4,0,0,4,0,0,0,4
03/27/2022,MKG,MI,AGL,CE,Towers with Radar,0,5,8,0,13,0,0,9,0,9,0,5,17,0,22,5,0,5,27
03/28/2022,MKG,MI,AGL,CE,Towers with Radar,0,8,12,0,20,0,15,55,0,70,0,23,67,0,90,40,0,40,130
03/29/2022,MKG,MI,AGL,CE,Towers with Radar,0,4,20,0,24,0,2,49,0,51,0,6,69,0,75,55,0,55,130
03/30/2022,MKG,MI,AGL,CE,Towers with Radar,0,7,23,0,30,0,0,3,0,3,0,7,26,0,33,0,0,0,33
03/31/2022,MKG,MI,AGL,CE,Towers with Radar,0,5,10,0,15,0,0,0,0,0,0,5,10,0,15,0,0,0,15
04/01/2022,MKG,MI,AGL,CE,Towers with Radar,0,6,21,0,27,0,2,24,1,27,0,8,45,1,54,26,0,26,80
04/02/2022,MKG,MI,AGL,CE,Towers with Radar,0,7,9,0,16,0,1,21,0,22,0,8,30,0,38,32,0,32,70
04/03/2022,MKG,MI,AGL,CE,Towers with Radar,0,5,6,0,11,0,0,15,0,15,0,5,21,0,26,59,0,59,85
04/04/2022,MKG,MI,AGL,CE,Towers with Radar,0,4,9,0,13,0,0,2,0,2,0,4,11,0,15,18,0,18,33
04/05/2022,MKG,MI,AGL,CE,Towers with Radar,0,4,15,1,20,0,4,22,0,26,0,8,37,1,46,45,0,45,91
04/06/2022,MKG,MI,AGL,CE,Towers with Radar,0,5,1,0,6,0,0,6,0,6,0,5,7,0,12,32,0,32,44
04/07/2022,MKG,MI,AGL,CE,Towers with Radar,0,4,7,0,11,0,0,7,0,7,0,4,14,0,18,22,0,22,40
04/08/2022,MKG,MI,AGL,CE,Towers with Radar,0,8,8,0,16,0,0,5,0,5,0,8,13,0,21,28,0,28,49
04/09/2022,MKG,MI,AGL,CE,Towers with Radar,0,4,4,0,8,0,0,15,0,15,0,4,19,0,23,53,0,53,76
04/10/2022,MKG,MI,AGL,CE,Towers with Radar,0,11,10,0,21,0,5,80,0,85,0,16,90,0,106,81,0,81,187
04/11/2022,MKG,MI,AGL,CE,Towers with Radar,0,3,7,0,10,0,9,36,0,45,0,12,43,0,55,65,0,65,120
04/12/2022,MKG,MI,AGL,CE,Towers with Radar,0,7,13,0,20,0,11,46,1,58,0,18,59,1,78,74,0,74,152
04/13/2022,MKG,MI,AGL,CE,Towers with Radar,0,4,2,0,6,0,0,0,0,0,0,4,2,0,6,0,0,0,6
04/14/2022,MKG,MI,AGL,CE,Towers with Radar,2,3,7,0,12,0,1,1,0,2,2,4,8,0,14,0,0,0,14
04/15/2022,MKG,MI,AGL,CE,Towers with Radar,0,8,10,0,18,0,0,4,0,4,0,8,14,0,22,8,0,8,30
04/16/2022,MKG,MI,AGL,CE,Towers with Radar,0,8,12,0,20,0,2,34,0,36,0,10,46,0,56,0,0,0,56
04/17/2022,MKG,MI,AGL,CE,Towers with Radar,2,4,12,0,18,0,4,36,0,40,2,8,48,0,58,30,0,30,88
04/18/2022,MKG,MI,AGL,CE,Towers with Radar,0,5,4,0,9,0,0,0,0,0,0,5,4,0,9,0,0,0,9
04/19/2022,MKG,MI,AGL,CE,Towers with Radar,0,7,19,0,26,0,2,20,0,22,0,9,39,0,48,41,0,41,89
04/20/2022,MKG,MI,AGL,CE,Towers with Radar,0,10,10,0,20,0,4,14,0,18,0,14,24,0,38,4,0,4,42
04/21/2022,MKG,MI,AGL,CE,Towers with Radar,0,6,14,0,20,0,7,29,0,36,0,13,43,0,56,50,0,50,106
04/22/2022,MKG,MI,AGL,CE,Towers with Radar,0,8,4,0,12,0,4,16,0,20,0,12,20,0,32,10,0,10,42
04/23/2022,MKG,MI,AGL,CE,Towers with Radar,0,4,7,0,11,0,0,27,0,27,0,4,34,0,38,20,0,20,58
04/24/2022,MKG,MI,AGL,CE,Towers with Radar,0,8,6,0,14,0,0,2,0,2,0,8,8,0,16,0,0,0,16
04/25/2022,MKG,MI,AGL,CE,Towers with Radar,0,4,28,0,32,0,6,41,0,47,0,10,69,0,79,47,0,47,126
04/26/2022,MKG,MI,AGL,CE,Towers with Radar,0,4,11,0,15,0,2,5,1,8,0,6,16,1,23,27,0,27,50
04/27/2022,MKG,MI,AGL,CE,Towers with Radar,0,4,27,0,31,0,4,55,0,59,0,8,82,0,90,86,0,86,176
04/28/2022,MKG,MI,AGL,CE,Towers with Radar,0,7,9,0,16,0,7,42,1,50,0,14,51,1,66,48,0,48,114
04/29/2022,MKG,MI,AGL,CE,Towers with Radar,0,8,18,0,26,0,4,35,0,39,0,12,53,0,65,26,0,26,91
04/30/2022,MKG,MI,AGL,CE,Towers with Radar,0,7,7,2,16,0,0,2,0,2,0,7,9,2,18,0,0,0,18
05/01/2022,MKG,MI,AGL,CE,Towers with Radar,0,7,9,2,18,0,0,4,1,5,0,7,13,3,23,0,0,0,23
05/02/2022,MKG,MI,AGL,CE,Towers with Radar,2,2,34,0,38,0,0,30,0,30,2,2,64,0,68,69,0,69,137
05/03/2022,MKG,MI,AGL,CE,Towers with Radar,0,6,5,0,11,0,0,4,0,4,0,6,9,0,15,4,0,4,19
05/04/2022,MKG,MI,AGL,CE,Towers with Radar,0,9,23,0,32,0,14,49,0,63,0,23,72,0,95,134,0,134,229
05/05/2022,MKG,MI,AGL,CE,Towers with Radar,0,10,17,0,27,0,6,50,0,56,0,16,67,0,83,135,0,135,218
05/06/2022,MKG,MI,AGL,CE,Towers with Radar,0,8,7,0,15,0,0,15,0,15,0,8,22,0,30,22,0,22,52
05/07/2022,MKG,MI,AGL,CE,Towers with Radar,0,4,8,0,12,0,8,45,1,54,0,12,53,1,66,56,0,56,122
05/08/2022,MKG,MI,AGL,CE,Towers with Radar,0,4,7,0,11,0,0,34,0,34,0,4,41,0,45,38,0,38,83
05/09/2022,MKG,MI,AGL,CE,Towers with Radar,0,6,11,0,17,0,0,13,0,13,0,6,24,0,30,0,0,0,30
05/10/2022,MKG,MI,AGL,CE,Towers with Radar,0,4,21,0,25,0,0,32,0,32,0,4,53,0,57,116,0,116,173
05/11/2022,MKG,MI,AGL,CE,Towers with Radar,0,7,11,0,18,0,8,20,0,28,0,15,31,0,46,28,0,28,74
05/12/2022,MKG,MI,AGL,CE,Towers with Radar,0,10,17,0,27,0,5,50,0,55,0,15,67,0,82,92,0,92,174
05/13/2022,MKG,MI,AGL,CE,Towers with Radar,0,6,18,0,24,0,0,62,0,62,0,6,80,0,86,46,0,46,132
05/14/2022,MKG,MI,AGL,CE,Towers with Radar,0,4,11,0,15,0,4,68,0,72,0,8,79,0,87,120,0,120,207
05/15/2022,MKG,MI,AGL,CE,Towers with Radar,0,5,13,0,18,0,0,62,0,62,0,5,75,0,80,42,0,42,122
05/16/2022,MKG,MI,AGL,CE,Towers with Radar,0,11,25,0,36,0,4,50,0,54,0,15,75,0,90,86,0,86,176
05/17/2022,MKG,MI,AGL,CE,Towers with Radar,0,13,13,1,27,0,11,44,0,55,0,24,57,1,82,105,0,105,187
05/18/2022,MKG,MI,AGL,CE,Towers with Radar,2,12,25,0,39,0,0,7,0,7,2,12,32,0,46,0,0,0,46
05/19/2022,MKG,MI,AGL,CE,Towers with Radar,0,16,11,1,28,0,0,3,0,3,0,16,14,1,31,6,0,6,37
05/20/2022,MKG,MI,AGL,CE,Towers with Radar,0,12,9,0,21,0,0,8,0,8,0,12,17,0,29,0,0,0,29
05/21/2022,MKG,MI,AGL,CE,Towers with Radar,0,4,9,0,13,0,0,11,0,11,0,4,20,0,24,56,0,56,80
05/22/2022,MKG,MI,AGL,CE,Towers with Radar,0,4,15,0,19,0,0,53,0,53,0,4,68,0,72,48,0,48,120
05/23/2022,MKG,MI,AGL,CE,Towers with Radar,0,5,16,0,21,0,11,50,0,61,0,16,66,0,82,140,0,140,222
05/24/2022,MKG,MI,AGL,CE,Towers with Radar,0,4,13,0,17,0,2,53,0,55,0,6,66,0,72,148,0,148,220
05/25/2022,MKG,MI,AGL,CE,Towers with Radar,0,8,2,0,10,0,0,2,0,2,0,8,4,0,12,0,0,0,12
05/26/2022,MKG,MI,AGL,CE,Towers with Radar,0,12,10,1,23,0,2,10,0,12,0,14,20,1,35,75,0,75,110
05/27/2022,MKG,MI,AGL,CE,Towers with Radar,0,8,5,0,13,0,0,21,0,21,0,8,26,0,34,44,0,44,78
05/28/2022,MKG,MI,AGL,CE,Towers with Radar,0,5,11,1,17,0,1,79,2,82,0,6,90,3,99,91,0,91,190
05/29/2022,MKG,MI,AGL,CE,Towers with Radar,0,5,14,0,19,0,1,47,1,49,0,6,61,1,68,10,0,10,78
05/30/2022,MKG,MI,AGL,CE,Towers with Radar,0,9,15,0,24,0,0,42,2,44,0,9,57,2,68,6,0,6,74
05/31/2022,MKG,MI,AGL,CE,Towers with Radar,0,9,17,0,26,0,0,5,1,6,0,9,22,1,32,29,0,29,61
06/01/2022,MKG,MI,AGL,CE,Towers with Radar,0,5,18,0,23,0,4,41,0,45,0,9,59,0,68,187,0,187,255
06/02/2022,MKG,MI,AGL,CE,Towers with Radar,0,10,28,0,38,0,4,45,0,49,0,14,73,0,87,110,0,110,197
06/03/2022,MKG,MI,AGL,CE,Towers with Radar,0,14,9,0,23,0,2,24,2,28,0,16,33,2,51,24,0,24,75
06/04/2022,MKG,MI,AGL,CE,Towers with Radar,0,7,10,0,17,0,7,51,1,59,0,14,61,1,76,108,0,108,184
06/05/2022,MKG,MI,AGL,CE,Towers with Radar,0,8,8,0,16,0,0,20,0,20,0,8,28,0,36,18,0,18,54
06/06/2022,MKG,MI,AGL,CE,Towers with Radar,0,9,9,0,18,0,2,10,0,12,0,11,19,0,30,26,0,26,56
06/07/2022,MKG,MI,AGL,CE,Towers with Radar,0,21,20,0,41,0,8,22,3,33,0,29,42,3,74,125,0,125,199
06/08/2022,MKG,MI,AGL,CE,Towers with Radar,0,13,8,4,25,0,0,18,0,18,0,13,26,4,43,65,0,65,108
06/09/2022,MKG,MI,AGL,CE,Towers with Radar,0,9,11,0,20,0,7,37,0,44,0,16,48,0,64,113,0,113,177
06/10/2022,MKG,MI,AGL,CE,Towers with Radar,0,10,21,0,31,0,8,48,0,56,0,18,69,0,87,133,0,133,220
06/11/2022,MKG,MI,AGL,CE,Towers with Radar,0,6,23,1,30,0,0,40,5,45,0,6,63,6,75,24,0,24,99
06/12/2022,MKG,MI,AGL,CE,Towers with Radar,0,8,13,0,21,0,0,60,2,62,0,8,73,2,83,68,0,68,151
06/13/2022,MKG,MI,AGL,CE,Towers with Radar,2,3,11,0,16,0,2,27,5,34,2,5,38,5,50,42,0,42,92
06/14/2022,MKG,MI,AGL,CE,Towers with Radar,0,13,21,0,34,0,2,29,0,31,0,15,50,0,65,24,0,24,89
06/15/2022,MKG,MI,AGL,CE,Towers with Radar,0,11,14,0,25,0,2,22,4,28,0,13,36,4,53,18,0,18,71
06/16/2022,MKG,MI,AGL,CE,Towers with Radar,0,15,13,0,28,0,7,17,1,25,0,22,30,1,53,16,0,16,69
06/17/2022,MKG,MI,AGL,CE,Towers with Radar,0,10,17,0,27,0,2,45,3,50,0,12,62,3,77,93,0,93,170
06/18/2022,MKG,MI,AGL,CE,Towers with Radar,0,5,16,0,21,0,1,95,2,98,0,6,111,2,119,72,0,72,191
06/19/2022,MKG,MI,AGL,CE,Towers with Radar,0,7,11,2,20,0,1,81,2,84,0,8,92,4,104,38,0,38,142
06/20/2022,MKG,MI,AGL,CE,Towers with Radar,0,7,16,0,23,0,2,41,2,45,0,9,57,2,68,102,0,102,170
06/21/2022,MKG,MI,AGL,CE,Towers with Radar,0,12,14,3,29,0,0,25,1,26,0,12,39,4,55,64,0,64,119
06/22/2022,MKG,MI,AGL,CE,Towers with Radar,0,16,16,0,32,0,2,51,3,56,0,18,67,3,88,126,0,126,214
06/23/2022,MKG,MI,AGL,CE,Towers with Radar,0,22,23,1,46,0,18,27,1,46,0,40,50,2,92,95,0,95,187
06/24/2022,MKG,MI,AGL,CE,Towers with Radar,0,13,16,0,29,0,9,53,3,65,0,22,69,3,94,58,0,58,152
06/25/2022,MKG,MI,AGL,CE,Towers with Radar,0,12,12,0,24,0,4,52,4,60,0,16,64,4,84,40,0,40,124
06/26/2022,MKG,MI,AGL,CE,Towers with Radar,0,8,21,0,29,0,0,16,0,16,0,8,37,0,45,0,0,0,45
06/27/2022,MKG,MI,AGL,CE,Towers with Radar,0,11,27,0,38,0,5,28,5,38,0,16,55,5,76,36,0,36,112
06/28/2022,MKG,MI,AGL,CE,Towers with Radar,0,11,10,1,22,0,6,38,1,45,0,17,48,2,67,0,0,0,67
06/29/2022,MKG,MI,AGL,CE,Towers with Radar,0,15,11,0,26,0,7,35,0,42,0,22,46,0,68,0,0,0,68
06/30/2022,MKG,MI,AGL,CE,Towers with Radar,0,9,14,1,24,0,4,11,1,16,0,13,25,2,40,0,0,0,40
07/01/2022,MKG,MI,AGL,CE,Towers with Radar,0,7,19,0,26,0,0,35,1,36,0,7,54,1,62,121,0,121,183
07/02/2022,MKG,MI,AGL,CE,Towers with Radar,0,4,12,0,16,0,0,66,2,68,0,4,78,2,84,59,0,59,143
07/03/2022,MKG,MI,AGL,CE,Towers with Radar,0,10,6,0,16,0,0,43,3,46,0,10,49,3,62,57,0,57,119
07/04/2022,MKG,MI,AGL,CE,Towers with Radar,0,4,3,0,7,0,0,20,1,21,0,4,23,1,28,10,0,10,38
07/05/2022,MKG,MI,AGL,CE,Towers with Radar,0,3,6,4,13,0,2,14,0,16,0,5,20,4,29,25,6,31,60
07/06/2022,MKG,MI,AGL,CE,Towers with Radar,2,2,36,0,40,0,2,10,1,13,2,4,46,1,53,42,0,42,95
07/07/2022,MKG,MI,AGL,CE,Towers with Radar,0,10,13,0,23,0,11,40,2,53,0,21,53,2,76,97,0,97,173
07/08/2022,MKG,MI,AGL,CE,Towers with Radar,0,4,5,2,11,0,2,25,2,29,0,6,30,4,40,67,5,72,112
07/09/2022,MKG,MI,AGL,CE,Towers with Radar,0,7,12,1,20,0,11,63,4,78,0,18,75,5,98,57,0,57,155
07/10/2022,MKG,MI,AGL,CE,Towers with Radar,0,5,15,0,20,0,0,56,0,56,0,5,71,0,76,70,0,70,146
07/11/2022,MKG,MI,AGL,CE,Towers with Radar,0,10,18,0,28,0,0,3,0,3,0,10,21,0,31,4,0,4,35
07/12/2022,MKG,MI,AGL,CE,Towers with Radar,0,15,31,2,48,0,4,31,4,39,0,19,62,6,87,54,0,54,141
07/13/2022,MKG,MI,AGL,CE,Towers with Radar,0,4,11,0,15,0,0,24,4,28,0,4,35,4,43,53,7,60,103
07/14/2022,MKG,MI,AGL,CE,Towers with Radar,0,11,18,6,35,0,3,53,6,62,0,14,71,12,97,137,8,145,242
07/15/2022,MKG,MI,AGL,CE,Towers with Radar,0,9,15,0,24,0,0,21,2,23,0,9,36,2,47,23,0,23,70
07/16/2022,MKG,MI,AGL,CE,Towers with Radar,0,6,7,0,13,0,0,35,2,37,0,6,42,2,50,48,0,48,98
07/17/2022,MKG,MI,AGL,CE,Towers with Radar,0,10,4,0,14,0,0,34,0,34,0,10,38,0,48,85,0,85,133
07/18/2022,MKG,MI,AGL,CE,Towers with Radar,0,12,14,0,26,0,13,55,2,70,0,25,69,2,96,117,0,117,213
07/19/2022,MKG,MI,AGL,CE,Towers with Radar,0,9,16,0,25,0,2,51,2,55,0,11,67,2,80,104,0,104,184
07/20/2022,MKG,MI,AGL,CE,Towers with Radar,0,13,16,0,29,0,4,1,0,5,0,17,17,0,34,12,0,12,46
07/21/2022,MKG,MI,AGL,CE,Towers with Radar,0,6,14,0,20,0,2,30,3,35,0,8,44,3,55,61,0,61,116
07/22/2022,MKG,MI,AGL,CE,Towers with Radar,0,8,13,0,21,0,8,60,2,70,0,16,73,2,91,77,0,77,168
07/23/2022,MKG,MI,AGL,CE,Towers with Radar,0,4,9,1,14,0,4,31,1,36,0,8,40,2,50,14,0,14,64
07/24/2022,MKG,MI,AGL,CE,Towers with Radar,0,2,8,0,10,0,0,8,2,10,0,2,16,2,20,2,0,2,22
07/25/2022,MKG,MI,AGL,CE,Towers with Radar,0,7,10,0,17,0,1,26,0,27,0,8,36,0,44,44,0,44,88
07/26/2022,MKG,MI,AGL,CE,Towers with Radar,0,10,15,2,27,0,17,38,2,57,0,27,53,4,84,78,0,78,162
07/27/2022,MKG,MI,AGL,CE,Towers with Radar,0,7,26,0,33,0,2,15,0,17,0,9,41,0,50,12,2,14,64
07/28/2022,MKG,MI,AGL,CE,Towers with Radar,0,11,10,1,22,0,1,20,3,24,0,12,30,4,46,22,0,22,68
07/29/2022,MKG,MI,AGL,CE,Towers with Radar,0,6,22,0,28,0,2,44,2,48,0,8,66,2,76,64,0,64,140
07/30/2022,MKG,MI,AGL,CE,Towers with Radar,0,6,14,0,20,0,2,86,0,88,0,8,100,0,108,42,0,42,150
07/31/2022,MKG,MI,AGL,CE,Towers with Radar,0,5,5,0,10,0,0,47,1,48,0,5,52,1,58,32,0,32,90
08/01/2022,MKG,MI,AGL,CE,Towers with Radar,0,11,13,0,24,0,4,3,1,8,0,15,16,1,32,14,0,14,46
08/02/2022,MKG,MI,AGL,CE,Towers with Radar,0,11,20,0,31,0,2,57,7,66,0,13,77,7,97,127,0,127,224
08/03/2022,MKG,MI,AGL,CE,Towers with Radar,0,11,14,1,26,0,0,9,0,9,0,11,23,1,35,0,0,0,35
08/04/2022,MKG,MI,AGL,CE,Towers with Radar,0,9,22,2,33,0,0,11,2,13,0,9,33,4,46,82,0,82,128
08/05/2022,MKG,MI,AGL,CE,Towers with Radar,0,6,18,2,26,0,0,22,7,29,0,6,40,9,55,98,0,98,153
08/06/2022,MKG,MI,AGL,CE,Towers with Radar,0,7,21,0,28,0,0,54,4,58,0,7,75,4,86,64,0,64,150
08/07/2022,MKG,MI,AGL,CE,Towers with Radar,0,5,5,0,10,0,0,4,3,7,0,5,9,3,17,0,0,0,17
08/08/2022,MKG,MI,AGL,CE,Towers with Radar,0,4,14,0,18,0,0,0,1,1,0,4,14,1,19,8,32,40,59
08/09/2022,MKG,MI,AGL,CE,Towers with Radar,0,13,26,0,39,0,4,48,2,54,0,17,74,2,93,72,0,72,165
08/10/2022,MKG,MI,AGL,CE,Towers with Radar,0,22,18,1,41,0,7,44,1,52,0,29,62,2,93,158,0,158,251
08/11/2022,MKG,MI,AGL,CE,Towers with Radar,0,17,24,2,43,0,2,37,0,39,0,19,61,2,82,60,0,60,142
08/12/2022,MKG,MI,AGL,CE,Towers with Radar,2,13,11,0,26,0,11,49,4,64,2,24,60,4,90,73,0,73,163
08/13/2022,MKG,MI,AGL,CE,Towers with Radar,2,13,7,0,22,0,1,1,0,2,2,14,8,0,24,0,0,0,24
08/14/2022,MKG,MI,AGL,CE,Towers with Radar,0,8,19,2,29,0,0,24,1,25,0,8,43,3,54,12,0,12,66
08/15/2022,MKG,MI,AGL,CE,Towers with Radar,0,7,20,0,27,0,8,43,2,53,0,15,63,2,80,110,0,110,190
08/16/2022,MKG,MI,AGL,CE,Towers with Radar,0,13,15,2,30,0,7,29,4,40,0,20,44,6,70,94,0,94,164
08/17/2022,MKG,MI,AGL,CE,Towers with Radar,0,14,33,0,47,0,7,52,1,60,0,21,85,1,107,138,0,138,245
08/18/2022,MKG,MI,AGL,CE,Towers with Radar,0,18,33,0,51,0,10,46,0,56,0,28,79,0,107,77,0,77,184
08/19/2022,MKG,MI,AGL,CE,Towers with Radar,0,11,14,0,25,0,7,28,1,36,0,18,42,1,61,55,0,55,116
08/20/2022,MKG,MI,AGL,CE,Towers with Radar,0,9,10,0,19,0,0,19,1,20,0,9,29,1,39,2,0,2,41
08/21/2022,MKG,MI,AGL,CE,Towers with Radar,0,11,17,0,28,0,0,14,0,14,0,11,31,0,42,16,0,16,58
08/22/2022,MKG,MI,AGL,CE,Towers with Radar,0,11,14,0,25,0,4,47,2,53,0,15,61,2,78,76,0,76,154
08/23/2022,MKG,MI,AGL,CE,Towers with Radar,0,18,10,0,28,0,2,39,1,42,0,20,49,1,70,129,1,130,200
08/24/2022,MKG,MI,AGL,CE,Towers with Radar,0,14,37,0,51,0,6,58,0,64,0,20,95,0,115,104,0,104,219
08/25/2022,MKG,MI,AGL,CE,Towers with Radar,0,6,20,0,26,0,0,7,0,7,0,6,27,0,33,13,28,41,74
08/26/2022,MKG,MI,AGL,CE,Towers with Radar,0,11,27,0,38,0,2,25,2,29,0,13,52,2,67,93,0,93,160
08/27/2022,MKG,MI,AGL,CE,Towers with Radar,0,8,24,0,32,0,7,69,0,76,0,15,93,0,108,59,0,59,167
08/28/2022,MKG,MI,AGL,CE,Towers with Radar,0,7,9,0,16,0,0,20,0,20,0,7,29,0,36,39,0,39,75
08/29/2022,MKG,MI,AGL,CE,Towers with Radar,0,6,10,0,16,0,0,0,1,1,0,6,10,1,17,0,0,0,17
08/30/2022,MKG,MI,AGL,CE,Towers with Radar,0,6,17,0,23,0,5,29,1,35,0,11,46,1,58,14,0,14,72
08/31/2022,MKG,MI,AGL,CE,Towers with Radar,0,14,22,1,37,0,10,53,3,66,0,24,75,4,103,59,8,67,170
09/01/2022,MKG,MI,AGL,CE,Towers with Radar,0,12,15,0,27,0,4,34,0,38,0,16,49,0,65,100,0,100,165
09/02/2022,MKG,MI,AGL,CE,Towers with Radar,2,15,24,0,41,0,0,40,1,41,2,15,64,1,82,63,0,63,145
09/03/2022,MKG,MI,AGL,CE,Towers with Radar,0,5,14,0,19,0,0,17,4,21,0,5,31,4,40,8,0,8,48
09/04/2022,MKG,MI,AGL,CE,Towers with Radar,0,6,13,0,19,0,2,2,0,4,0,8,15,0,23,0,0,0,23
09/05/2022,MKG,MI,AGL,CE,Towers with Radar,0,6,11,1,18,0,0,2,0,2,0,6,13,1,20,1,0,1,21
09/06/2022,MKG,MI,AGL,CE,Towers with Radar,0,8,13,0,21,0,2,46,0,48,0,10,59,0,69,71,0,71,140
09/07/2022,MKG,MI,AGL,CE,Towers with Radar,2,6,25,0,33,0,9,46,0,55,2,15,71,0,88,97,0,97,185
09/08/2022,MKG,MI,AGL,CE,Towers with Radar,0,12,12,0,24,0,13,43,1,57,0,25,55,1,81,88,0,88,169
09/09/2022,MKG,MI,AGL,CE,Towers with Radar,0,13,13,0,26,0,8,55,1,64,0,21,68,1,90,52,0,52,142
09/10/2022,MKG,MI,AGL,CE,Towers with Radar,0,3,14,0,17,0,9,84,0,93,0,12,98,0,110,54,0,54,164
09/11/2022,MKG,MI,AGL,CE,Towers with Radar,0,11,5,0,16,0,0,0,0,0,0,11,5,0,16,0,0,0,16
09/12/2022,MKG,MI,AGL,CE,Towers with Radar,0,11,22,0,33,0,2,12,0,14,0,13,34,0,47,48,0,48,95
09/13/2022,MKG,MI,AGL,CE,Towers with Radar,0,9,13,0,22,0,0,15,0,15,0,9,28,0,37,48,0,48,85
09/14/2022,MKG,MI,AGL,CE,Towers with Radar,0,13,19,0,32,0,2,18,0,20,0,15,37,0,52,28,0,28,80
09/15/2022,MKG,MI,AGL,CE,Towers with Radar,0,7,24,0,31,0,9,25,0,34,0,16,49,0,65,50,0,50,115
09/16/2022,MKG,MI,AGL,CE,Towers with Radar,0,9,19,0,28,0,2,29,0,31,0,11,48,0,59,70,0,70,129
09/17/2022,MKG,MI,AGL,CE,Towers with Radar,0,6,14,0,20,0,0,48,1,49,0,6,62,1,69,20,0,20,89
09/18/2022,MKG,MI,AGL,CE,Towers with Radar,0,6,5,0,11,0,1,48,1,50,0,7,53,1,61,8,0,8,69
09/19/2022,MKG,MI,AGL,CE,Towers with Radar,0,8,21,0,29,0,5,19,0,24,0,13,40,0,53,43,0,43,96
09/20/2022,MKG,MI,AGL,CE,Towers with Radar,0,5,12,0,17,0,0,8,0,8,0,5,20,0,25,21,0,21,46
09/21/2022,MKG,MI,AGL,CE,Towers with Radar,0,11,28,0,39,0,0,20,0,20,0,11,48,0,59,29,0,29,88
09/22/2022,MKG,MI,AGL,CE,Towers with Radar,0,14,4,1,19,0,2,9,1,12,0,16,13,2,31,0,0,0,31
09/23/2022,MKG,MI,AGL,CE,Towers with Radar,0,8,20,0,28,0,7,47,0,54,0,15,67,0,82,81,0,81,163
09/24/2022,MKG,MI,AGL,CE,Towers with Radar,0,4,17,1,22,0,0,3,0,3,0,4,20,1,25,8,0,8,33
09/25/2022,MKG,MI,AGL,CE,Towers with Radar,0,10,8,0,18,0,0,0,1,1,0,10,8,1,19,0,0,0,19
09/26/2022,MKG,MI,AGL,CE,Towers with Radar,0,7,10,0,17,0,0,0,0,0,0,7,10,0,17,0,0,0,17
09/27/2022,MKG,MI,AGL,CE,Towers with Radar,0,7,17,0,24,0,2,7,0,9,0,9,24,0,33,0,0,0,33
09/28/2022,MKG,MI,AGL,CE,Towers with Radar,0,6,14,0,20,0,0,30,0,30,0,6,44,0,50,67,0,67,117
09/29/2022,MKG,MI,AGL,CE,Towers with Radar,0,8,21,2,31,0,9,62,0,71,0,17,83,2,102,126,0,126,228
09/30/2022,MKG,MI,AGL,CE,Towers with Radar,0,13,14,2,29,0,6,44,0,50,0,19,58,2,79,62,0,62,141
10/01/2022,MKG,MI,AGL,CE,Towers with Radar,0,9,9,1,19,0,5,48,0,53,0,14,57,1,72,31,0,31,103
10/02/2022,MKG,MI,AGL,CE,Towers with Radar,0,8,4,0,12,0,6,39,0,45,0,14,43,0,57,30,0,30,87
10/03/2022,MKG,MI,AGL,CE,Towers with Radar,0,12,13,0,25,0,8,33,0,41,0,20,46,0,66,43,0,43,109
10/04/2022,MKG,MI,AGL,CE,Towers with Radar,0,9,15,0,24,0,3,58,0,61,0,12,73,0,85,48,0,48,133
10/05/2022,MKG,MI,AGL,CE,Towers with Radar,0,12,14,0,26,0,8,50,0,58,0,20,64,0,84,49,0,49,133
10/06/2022,MKG,MI,AGL,CE,Towers with Radar,0,7,14,0,21,0,0,14,0,14,0,7,28,0,35,22,0,22,57
10/07/2022,MKG,MI,AGL,CE,Towers with Radar,0,4,16,0,20,0,4,23,0,27,0,8,39,0,47,20,0,20,67
10/08/2022,MKG,MI,AGL,CE,Towers with Radar,0,6,6,0,12,0,2,12,0,14,0,8,18,0,26,0,0,0,26
10/09/2022,MKG,MI,AGL,CE,Towers with Radar,0,6,10,0,16,0,10,33,0,43,0,16,43,0,59,19,0,19,78
10/10/2022,MKG,MI,AGL,CE,Towers with Radar,0,8,8,0,16,0,4,37,0,41,0,12,45,0,57,35,0,35,92
10/11/2022,MKG,MI,AGL,CE,Towers with Radar,0,9,26,0,35,0,0,15,0,15,0,9,41,0,50,4,0,4,54
10/12/2022,MKG,MI,AGL,CE,Towers with Radar,0,13,10,0,23,0,0,0,0,0,0,13,10,0,23,0,0,0,23
10/13/2022,MKG,MI,AGL,CE,Towers with Radar,0,13,8,0,21,0,0,3,0,3,0,13,11,0,24,0,0,0,24
10/14/2022,MKG,MI,AGL,CE,Towers with Radar,0,9,15,0,24,0,4,13,0,17,0,13,28,0,41,26,0,26,67
10/15/2022,MKG,MI,AGL,CE,Towers with Radar,0,3,5,0,8,0,0,14,0,14,0,3,19,0,22,2,0,2,24
10/16/2022,MKG,MI,AGL,CE,Towers with Radar,0,8,7,0,15,0,0,7,0,7,0,8,14,0,22,0,0,0,22
10/17/2022,MKG,MI,AGL,CE,Towers with Radar,0,11,9,0,20,0,0,0,0,0,0,11,9,0,20,0,0,0,20
10/18/2022,MKG,MI,AGL,CE,Towers with Radar,0,17,12,2,31,0,0,0,0,0,0,17,12,2,31,0,0,0,31
10/19/2022,MKG,MI,AGL,CE,Towers with Radar,0,7,15,0,22,0,0,6,0,6,0,7,21,0,28,32,0,32,60
10/20/2022,MKG,MI,AGL,CE,Towers with Radar,0,11,24,2,37,0,10,33,2,45,0,21,57,4,82,71,0,71,153
10/21/2022,MKG,MI,AGL,CE,Towers with Radar,0,9,7,0,16,0,0,27,0,27,0,9,34,0,43,13,0,13,56
10/22/2022,MKG,MI,AGL,CE,Towers with Radar,0,2,8,0,10,0,0,24,0,24,0,2,32,0,34,6,0,6,40
10/23/2022,MKG,MI,AGL,CE,Towers with Radar,0,6,12,0,18,0,0,22,0,22,0,6,34,0,40,16,0,16,56
10/24/2022,MKG,MI,AGL,CE,Towers with Radar,0,4,14,0,18,0,6,11,0,17,0,10,25,0,35,28,0,28,63
10/25/2022,MKG,MI,AGL,CE,Towers with Radar,0,8,7,0,15,0,0,6,0,6,0,8,13,0,21,0,0,0,21
10/26/2022,MKG,MI,AGL,CE,Towers with Radar,0,10,14,0,24,0,2,1,0,3,0,12,15,0,27,22,0,22,49
10/27/2022,MKG,MI,AGL,CE,Towers with Radar,0,7,28,0,35,0,23,63,0,86,0,30,91,0,121,98,0,98,219
10/28/2022,MKG,MI,AGL,CE,Towers with Radar,0,12,13,0,25,0,12,40,0,52,0,24,53,0,77,42,0,42,119
10/29/2022,MKG,MI,AGL,CE,Towers with Radar,0,6,8,0,14,0,4,60,2,66,0,10,68,2,80,32,0,32,112
10/30/2022,MKG,MI,AGL,CE,Towers with Radar,0,4,7,0,11,0,0,31,0,31,0,4,38,0,42,25,0,25,67
10/31/2022,MKG,MI,AGL,CE,Towers with Radar,0,6,4,0,10,0,0,4,0,4,0,6,8,0,14,29,0,29,43
11/01/2022,MKG,MI,AGL,CE,Towers with Radar,0,11,14,0,25,0,7,36,0,43,0,18,50,0,68,17,0,17,85
11/02/2022,MKG,MI,AGL,CE,Towers with Radar,0,12,20,0,32,0,9,49,0,58,0,21,69,0,90,95,0,95,185
11/03/2022,MKG,MI,AGL,CE,Towers with Radar,0,9,12,2,23,0,6,25,2,33,0,15,37,4,56,52,0,52,108
11/04/2022,MKG,MI,AGL,CE,Towers with Radar,0,8,8,0,16,0,0,1,0,1,0,8,9,0,17,0,0,0,17
11/05/2022,MKG,MI,AGL,CE,Towers with Radar,0,0,0,0,0,0,0,1,0,1,0,0,1,0,1,0,0,0,1
11/06/2022,MKG,MI,AGL,CE,Towers with Radar,0,8,0,2,10,0,0,2,2,4,0,8,2,4,14,0,0,0,14
11/07/2022,MKG,MI,AGL,CE,Towers with Radar,0,8,8,0,16,0,0,24,0,24,0,8,32,0,40,49,0,49,89
11/08/2022,MKG,MI,AGL,CE,Towers with Radar,0,13,13,0,26,0,11,36,0,47,0,24,49,0,73,16,0,16,89
11/09/2022,MKG,MI,AGL,CE,Towers with Radar,0,8,20,0,28,0,2,11,0,13,0,10,31,0,41,67,0,67,108
11/10/2022,MKG,MI,AGL,CE,Towers with Radar,0,10,7,0,17,0,0,5,0,5,0,10,12,0,22,0,0,0,22
11/11/2022,MKG,MI,AGL,CE,Towers with Radar,0,8,7,0,15,0,0,4,1,5,0,8,11,1,20,21,0,21,41
11/12/2022,MKG,MI,AGL,CE,Towers with Radar,0,7,2,0,9,0,0,2,0,2,0,7,4,0,11,0,0,0,11
11/13/2022,MKG,MI,AGL,CE,Towers with Radar,0,5,0,0,5,0,0,2,0,2,0,5,2,0,7,6,0,6,13
11/14/2022,MKG,MI,AGL,CE,Towers with Radar,0,9,13,0,22,0,4,31,0,35,0,13,44,0,57,68,0,68,125
11/15/2022,MKG,MI,AGL,CE,Towers with Radar,0,2,9,0,11,0,0,0,0,0,0,2,9,0,11,0,0,0,11
11/16/2022,MKG,MI,AGL,CE,Towers with Radar,0,10,12,0,22,0,0,7,0,7,0,10,19,0,29,71,0,71,100
11/17/2022,MKG,MI,AGL,CE,Towers with Radar,0,8,13,0,21,0,0,0,0,0,0,8,13,0,21,0,0,0,21
11/18/2022,MKG,MI,AGL,CE,Towers with Radar,0,4,5,0,9,0,0,0,0,0,0,4,5,0,9,0,0,0,9
11/19/2022,MKG,MI,AGL,CE,Towers with Radar,0,7,3,0,10,0,0,0,0,0,0,7,3,0,10,0,0,0,10
11/20/2022,MKG,MI,AGL,CE,Towers with Radar,0,6,9,0,15,0,0,16,0,16,0,6,25,0,31,9,0,9,40
11/21/2022,MKG,MI,AGL,CE,Towers with Radar,0,5,18,0,23,0,0,21,2,23,0,5,39,2,46,20,0,20,66
11/22/2022,MKG,MI,AGL,CE,Towers with Radar,0,14,24,0,38,0,18,26,0,44,0,32,50,0,82,80,0,80,162
11/23/2022,MKG,MI,AGL,CE,Towers with Radar,0,7,22,0,29,0,0,57,0,57,0,7,79,0,86,58,0,58,144
11/24/2022,MKG,MI,AGL,CE,Towers with Radar,0,0,6,0,6,0,0,13,0,13,0,0,19,0,19,6,0,6,25
11/25/2022,MKG,MI,AGL,CE,Towers with Radar,0,9,13,0,22,0,2,19,0,21,0,11,32,0,43,8,0,8,51
11/26/2022,MKG,MI,AGL,CE,Towers with Radar,0,8,7,0,15,0,0,42,0,42,0,8,49,0,57,14,0,14,71
11/27/2022,MKG,MI,AGL,CE,Towers with Radar,0,7,7,0,14,0,0,3,0,3,0,7,10,0,17,5,0,5,22
11/28/2022,MKG,MI,AGL,CE,Towers with Radar,0,9,15,0,24,0,6,31,0,37,0,15,46,0,61,110,0,110,171
11/29/2022,MKG,MI,AGL,CE,Towers with Radar,0,4,16,0,20,0,0,2,0,2,0,4,18,0,22,0,0,0,22
11/30/2022,MKG,MI,AGL,CE,Towers with Radar,0,8,0,0,8,0,0,0,0,0,0,8,0,0,8,0,0,0,8
12/01/2022,MKG,MI,AGL,CE,Towers with Radar,0,8,23,0,31,0,4,30,0,34,0,12,53,0,65,70,0,70,135
12/02/2022,MKG,MI,AGL,CE,Towers with Radar,0,5,12,0,17,0,0,4,0,4,0,5,16,0,21,7,0,7,28
12/03/2022,MKG,MI,AGL,CE,Towers with Radar,0,6,4,0,10,0,0,3,0,3,0,6,7,0,13,0,0,0,13
12/04/2022,MKG,MI,AGL,CE,Towers with Radar,0,11,8,0,19,0,0,26,0,26,0,11,34,0,45,12,0,12,57
12/05/2022,MKG,MI,AGL,CE,Towers with Radar,0,9,10,0,19,0,6,20,0,26,0,15,30,0,45,45,0,45,90
12/06/2022,MKG,MI,AGL,CE,Towers with Radar,0,8,17,0,25,0,0,4,0,4,0,8,21,0,29,85,0,85,114
12/07/2022,MKG,MI,AGL,CE,Towers with Radar,0,13,17,0,30,0,0,0,0,0,0,13,17,0,30,10,0,10,40
12/08/2022,MKG,MI,AGL,CE,Towers with Radar,0,5,14,0,19,0,0,19,0,19,0,5,33,0,38,87,0,87,125
12/09/2022,MKG,MI,AGL,CE,Towers with Radar,0,1,16,0,17,0,0,5,0,5,0,1,21,0,22,8,0,8,30
12/10/2022,MKG,MI,AGL,CE,Towers with Radar,0,4,11,0,15,0,0,5,0,5,0,4,16,0,20,18,0,18,38
12/11/2022,MKG,MI,AGL,CE,Towers with Radar,0,7,2,0,9,0,0,0,0,0,0,7,2,0,9,0,0,0,9
12/12/2022,MKG,MI,AGL,CE,Towers with Radar,0,6,15,0,21,0,0,13,0,13,0,6,28,0,34,89,0,89,123
12/13/2022,MKG,MI,AGL,CE,Towers with Radar,0,5,14,0,19,0,2,19,2,23,0,7,33,2,42,28,0,28,70
12/14/2022,MKG,MI,AGL,CE,Towers with Radar,0,1,2,0,3,0,0,1,0,1,0,1,3,0,4,0,0,0,4
12/15/2022,MKG,MI,AGL,CE,Towers with Radar,0,0,6,2,8,0,0,4,0,4,0,0,10,2,12,8,0,8,20
12/16/2022,MKG,MI,AGL,CE,Towers with Radar,0,0,14,0,14,0,0,0,0,0,0,0,14,0,14,0,0,0,14
12/17/2022,MKG,MI,AGL,CE,Towers with Radar,0,1,0,0,1,0,0,0,0,0,0,1,0,0,1,0,0,0,1
12/18/2022,MKG,MI,AGL,CE,Towers with Radar,0,8,6,0,14,0,0,0,0,0,0,8,6,0,14,0,0,0,14
12/19/2022,MKG,MI,AGL,CE,Towers with Radar,0,7,8,0,15,0,0,0,0,0,0,7,8,0,15,40,0,40,55
12/20/2022,MKG,MI,AGL,CE,Towers with Radar,0,15,12,0,27,0,0,7,0,7,0,15,19,0,34,103,0,103,137
12/21/2022,MKG,MI,AGL,CE,Towers with Radar,0,5,14,0,19,0,0,8,0,8,0,5,22,0,27,0,0,0,27
12/22/2022,MKG,MI,AGL,CE,Towers with Radar,0,3,8,0,11,0,0,1,0,1,0,3,9,0,12,6,0,6,18
12/23/2022,MKG,MI,AGL,CE,Towers with Radar,0,0,0,0,0,0,0,0,0,0,0,0,0,0,0,0,0,0,0
12/24/2022,MKG,MI,AGL,CE,Towers with Radar,0,0,0,0,0,0,0,0,0,0,0,0,0,0,0,0,0,0,0
12/25/2022,MKG,MI,AGL,CE,Towers with Radar,0,3,3,0,6,0,0,0,0,0,0,3,3,0,6,0,0,0,6
12/26/2022,MKG,MI,AGL,CE,Towers with Radar,0,2,3,0,5,0,0,2,0,2,0,2,5,0,7,16,0,16,23
12/27/2022,MKG,MI,AGL,CE,Towers with Radar,0,9,3,0,12,0,0,7,0,7,0,9,10,0,19,12,0,12,31
12/28/2022,MKG,MI,AGL,CE,Towers with Radar,0,5,8,2,15,0,0,14,0,14,0,5,22,2,29,6,0,6,35
12/29/2022,MKG,MI,AGL,CE,Towers with Radar,0,5,4,0,9,0,0,0,0,0,0,5,4,0,9,0,0,0,9
12/30/2022,MKG,MI,AGL,CE,Towers with Radar,0,4,6,0,10,0,0,14,0,14,0,4,20,0,24,21,0,21,45
12/31/2022,MKG,MI,AGL,CE,Towers with Radar,0,4,2,0,6,0,0,0,0,0,0,4,2,0,6,36,0,36,42
01/01/2023,MKG,MI,AGL,CE,Towers with Radar,0,6,1,0,7,0,0,0,0,0,0,6,1,0,7,0,0,0,7
01/02/2023,MKG,MI,AGL,CE,Towers with Radar,0,7,7,0,14,0,0,0,0,0,0,7,7,0,14,0,0,0,14
01/03/2023,MKG,MI,AGL,CE,Towers with Radar,0,6,13,0,19,0,0,0,0,0,0,6,13,0,19,0,0,0,19
01/04/2023,MKG,MI,AGL,CE,Towers with Radar,0,5,23,0,28,0,0,1,0,1,0,5,24,0,29,32,0,32,61
01/05/2023,MKG,MI,AGL,CE,Towers with Radar,0,6,0,0,6,0,0,0,0,0,0,6,0,0,6,0,0,0,6
01/06/2023,MKG,MI,AGL,CE,Towers with Radar,0,10,7,2,19,0,0,0,0,0,0,10,7,2,19,0,0,0,19
01/07/2023,MKG,MI,AGL,CE,Towers with Radar,0,6,25,0,31,0,0,27,0,27,0,6,52,0,58,134,0,134,192
01/08/2023,MKG,MI,AGL,CE,Towers with Radar,0,5,6,0,11,0,0,9,0,9,0,5,15,0,20,134,0,134,154
01/09/2023,MKG,MI,AGL,CE,Towers with Radar,0,7,8,0,15,0,0,0,0,0,0,7,8,0,15,46,0,46,61
01/10/2023,MKG,MI,AGL,CE,Towers with Radar,0,9,9,0,18,0,0,11,0,11,0,9,20,0,29,42,0,42,71
01/11/2023,MKG,MI,AGL,CE,Towers with Radar,0,12,22,0,34,0,0,13,0,13,0,12,35,0,47,30,0,30,77
01/12/2023,MKG,MI,AGL,CE,Towers with Radar,0,14,13,0,27,0,0,5,0,5,0,14,18,0,32,0,0,0,32
01/13/2023,MKG,MI,AGL,CE,Towers with Radar,0,9,16,0,25,0,0,19,0,19,0,9,35,0,44,6,0,6,50
01/14/2023,MKG,MI,AGL,CE,Towers with Radar,0,5,24,0,29,0,0,31,0,31,0,5,55,0,60,100,0,100,160
01/15/2023,MKG,MI,AGL,CE,Towers with Radar,0,9,8,0,17,0,0,44,0,44,0,9,52,0,61,60,0,60,121
01/16/2023,MKG,MI,AGL,CE,Towers with Radar,0,10,2,0,12,0,0,4,0,4,0,10,6,0,16,12,0,12,28
01/17/2023,MKG,MI,AGL,CE,Towers with Radar,0,8,14,0,22,0,0,0,0,0,0,8,14,0,22,0,0,0,22
01/18/2023,MKG,MI,AGL,CE,Towers with Radar,0,12,4,0,16,0,0,3,0,3,0,12,7,0,19,34,0,34,53
01/19/2023,MKG,MI,AGL,CE,Towers with Radar,0,7,0,0,7,0,0,0,0,0,0,7,0,0,7,0,0,0,7
01/20/2023,MKG,MI,AGL,CE,Towers with Radar,0,5,8,0,13,0,0,0,0,0,0,5,8,0,13,8,0,8,21
01/21/2023,MKG,MI,AGL,CE,Towers with Radar,0,6,3,0,9,0,0,4,0,4,0,6,7,0,13,36,0,36,49
01/22/2023,MKG,MI,AGL,CE,Towers with Radar,0,6,0,0,6,0,0,0,0,0,0,6,0,0,6,0,0,0,6
01/23/2023,MKG,MI,AGL,CE,Towers with Radar,0,8,7,0,15,0,0,0,0,0,0,8,7,0,15,0,0,0,15
01/24/2023,MKG,MI,AGL,CE,Towers with Radar,0,16,10,0,26,0,0,0,0,0,0,16,10,0,26,58,0,58,84
01/25/2023,MKG,MI,AGL,CE,Towers with Radar,0,7,2,0,9,0,0,0,0,0,0,7,2,0,9,0,0,0,9
01/26/2023,MKG,MI,AGL,CE,Towers with Radar,0,4,8,0,12,0,0,0,0,0,0,4,8,0,12,0,0,0,12
01/27/2023,MKG,MI,AGL,CE,Towers with Radar,0,4,5,0,9,0,0,2,0,2,0,4,7,0,11,0,0,0,11
01/28/2023,MKG,MI,AGL,CE,Towers with Radar,0,6,3,0,9,0,0,13,0,13,0,6,16,0,22,26,0,26,48
01/29/2023,MKG,MI,AGL,CE,Towers with Radar,0,5,5,0,10,0,0,7,0,7,0,5,12,0,17,14,0,14,31
01/30/2023,MKG,MI,AGL,CE,Towers with Radar,0,7,6,0,13,0,0,2,0,2,0,7,8,0,15,4,0,4,19
01/31/2023,MKG,MI,AGL,CE,Towers with Radar,0,7,12,0,19,0,0,0,0,0,0,7,12,0,19,0,0,0,19
02/01/2023,MKG,MI,AGL,CE,Towers with Radar,0,7,10,0,17,0,16,30,3,49,0,23,40,3,66,55,0,55,121
02/02/2023,MKG,MI,AGL,CE,Towers with Radar,0,6,4,0,10,0,0,11,0,11,0,6,15,0,21,0,0,0,21
02/03/2023,MKG,MI,AGL,CE,Towers with Radar,0,6,3,0,9,0,2,7,0,9,0,8,10,0,18,10,0,10,28
02/04/2023,MKG,MI,AGL,CE,Towers with Radar,0,4,1,0,5,0,0,5,0,5,0,4,6,0,10,2,0,2,12
02/05/2023,MKG,MI,AGL,CE,Towers with Radar,0,6,5,0,11,0,0,10,0,10,0,6,15,0,21,39,0,39,60
02/06/2023,MKG,MI,AGL,CE,Towers with Radar,0,7,17,0,24,0,12,37,0,49,0,19,54,0,73,38,0,38,111
02/07/2023,MKG,MI,AGL,CE,Towers with Radar,0,10,6,0,16,0,0,2,0,2,0,10,8,0,18,5,0,5,23
02/08/2023,MKG,MI,AGL,CE,Towers with Radar,0,10,25,0,35,0,5,55,0,60,0,15,80,0,95,103,0,103,198
02/09/2023,MKG,MI,AGL,CE,Towers with Radar,0,4,2,0,6,0,0,0,0,0,0,4,2,0,6,0,0,0,6
02/10/2023,MKG,MI,AGL,CE,Towers with Radar,0,10,9,0,19,0,0,3,0,3,0,10,12,0,22,0,0,0,22
02/11/2023,MKG,MI,AGL,CE,Towers with Radar,0,10,8,0,18,0,1,40,1,42,0,11,48,1,60,20,0,20,80
02/12/2023,MKG,MI,AGL,CE,Towers with Radar,0,9,18,0,27,0,1,40,0,41,0,10,58,0,68,92,0,92,160
02/13/2023,MKG,MI,AGL,CE,Towers with Radar,0,5,10,0,15,0,0,15,0,15,0,5,25,0,30,34,0,34,64
02/14/2023,MKG,MI,AGL,CE,Towers with Radar,0,7,15,0,22,0,6,15,0,21,0,13,30,0,43,26,0,26,69
02/15/2023,MKG,MI,AGL,CE,Towers with Radar,0,8,14,0,22,0,0,0,0,0,0,8,14,0,22,2,0,2,24
02/16/2023,MKG,MI,AGL,CE,Towers with Radar,0,0,7,0,7,0,0,0,0,0,0,0,7,0,7,0,0,0,7
02/17/2023,MKG,MI,AGL,CE,Towers with Radar,0,9,10,0,19,0,0,15,0,15,0,9,25,0,34,42,0,42,76
02/18/2023,MKG,MI,AGL,CE,Towers with Radar,0,8,9,0,17,0,7,20,0,27,0,15,29,0,44,35,0,35,79
02/19/2023,MKG,MI,AGL,CE,Towers with Radar,0,12,3,0,15,0,0,7,0,7,0,12,10,0,22,22,0,22,44
02/20/2023,MKG,MI,AGL,CE,Towers with Radar,0,9,13,0,22,0,17,52,0,69,0,26,65,0,91,135,0,135,226
02/21/2023,MKG,MI,AGL,CE,Towers with Radar,0,9,8,0,17,0,0,7,0,7,0,9,15,0,24,0,0,0,24
02/22/2023,MKG,MI,AGL,CE,Towers with Radar,0,2,1,0,3,0,0,0,0,0,0,2,1,0,3,0,0,0,3
02/23/2023,MKG,MI,AGL,CE,Towers with Radar,0,6,3,0,9,0,0,0,0,0,0,6,3,0,9,0,0,0,9
02/24/2023,MKG,MI,AGL,CE,Towers with Radar,0,13,4,0,17,0,5,16,0,21,0,18,20,0,38,66,0,66,104
02/25/2023,MKG,MI,AGL,CE,Towers with Radar,0,10,4,0,14,0,0,1,0,1,0,10,5,0,15,0,0,0,15
02/26/2023,MKG,MI,AGL,CE,Towers with Radar,0,6,8,0,14,0,0,23,0,23,0,6,31,0,37,26,0,26,63
02/27/2023,MKG,MI,AGL,CE,Towers with Radar,0,10,6,0,16,0,0,0,0,0,0,10,6,0,16,0,0,0,16
02/28/2023,MKG,MI,AGL,CE,Towers with Radar,0,17,14,0,31,0,9,19,0,28,0,26,33,0,59,32,0,32,91
03/01/2023,MKG,MI,AGL,CE,Towers with Radar,0,9,8,0,17,0,0,14,0,14,0,9,22,0,31,113,0,113,144
03/02/2023,MKG,MI,AGL,CE,Towers with Radar,0,9,8,0,17,0,0,7,1,8,0,9,15,1,25,79,0,79,104
03/03/2023,MKG,MI,AGL,CE,Towers with Radar,0,6,6,0,12,0,0,0,0,0,0,6,6,0,12,0,0,0,12
03/04/2023,MKG,MI,AGL,CE,Towers with Radar,0,8,11,0,19,0,0,9,0,9,0,8,20,0,28,46,0,46,74
03/05/2023,MKG,MI,AGL,CE,Towers with Radar,0,8,16,0,24,0,0,47,0,47,0,8,63,0,71,164,0,164,235
03/06/2023,MKG,MI,AGL,CE,Towers with Radar,0,8,13,0,21,0,0,0,0,0,0,8,13,0,21,0,0,0,21
03/07/2023,MKG,MI,AGL,CE,Towers with Radar,0,15,12,0,27,0,7,45,1,53,0,22,57,1,80,100,0,100,180
03/08/2023,MKG,MI,AGL,CE,Towers with Radar,0,15,20,0,35,0,8,54,0,62,0,23,74,0,97,98,0,98,195
03/09/2023,MKG,MI,AGL,CE,Towers with Radar,0,13,13,0,26,0,4,24,0,28,0,17,37,0,54,32,0,32,86
03/10/2023,MKG,MI,AGL,CE,Towers with Radar,0,3,8,0,11,0,2,5,0,7,0,5,13,0,18,32,0,32,50
03/11/2023,MKG,MI,AGL,CE,Towers with Radar,0,12,10,0,22,0,1,29,1,31,0,13,39,1,53,107,0,107,160
03/12/2023,MKG,MI,AGL,CE,Towers with Radar,0,6,6,0,12,0,0,0,0,0,0,6,6,0,12,0,0,0,12
03/13/2023,MKG,MI,AGL,CE,Towers with Radar,0,8,8,0,16,0,0,0,0,0,0,8,8,0,16,10,0,10,26
03/14/2023,MKG,MI,AGL,CE,Towers with Radar,0,14,20,0,34,0,12,28,2,42,0,26,48,2,76,146,0,146,222
03/15/2023,MKG,MI,AGL,CE,Towers with Radar,0,10,12,0,22,0,6,27,0,33,0,16,39,0,55,20,0,20,75
03/16/2023,MKG,MI,AGL,CE,Towers with Radar,0,8,9,0,17,0,4,7,0,11,0,12,16,0,28,0,0,0,28
03/17/2023,MKG,MI,AGL,CE,Towers with Radar,0,10,3,0,13,0,0,0,0,0,0,10,3,0,13,0,0,0,13
03/18/2023,MKG,MI,AGL,CE,Towers with Radar,0,4,2,0,6,0,0,0,0,0,0,4,2,0,6,0,0,0,6
03/19/2023,MKG,MI,AGL,CE,Towers with Radar,0,6,4,0,10,0,0,17,0,17,0,6,21,0,27,4,0,4,31
03/20/2023,MKG,MI,AGL,CE,Towers with Radar,0,10,11,0,21,0,2,4,0,6,0,12,15,0,27,0,0,0,27
03/21/2023,MKG,MI,AGL,CE,Towers with Radar,0,19,14,3,36,0,6,51,0,57,0,25,65,3,93,61,0,61,154
03/22/2023,MKG,MI,AGL,CE,Towers with Radar,0,10,23,0,33,0,0,0,0,0,0,10,23,0,33,0,0,0,33
03/23/2023,MKG,MI,AGL,CE,Towers with Radar,0,12,19,0,31,0,0,12,0,12,0,12,31,0,43,54,0,54,97
03/24/2023,MKG,MI,AGL,CE,Towers with Radar,0,10,8,5,23,0,7,24,1,32,0,17,32,6,55,66,0,66,121
03/25/2023,MKG,MI,AGL,CE,Towers with Radar,0,2,2,0,4,0,0,0,0,0,0,2,2,0,4,0,0,0,4
03/26/2023,MKG,MI,AGL,CE,Towers with Radar,0,2,14,0,16,0,8,36,0,44,0,10,50,0,60,121,0,121,181
03/27/2023,MKG,MI,AGL,CE,Towers with Radar,0,11,20,0,31,0,11,38,0,49,0,22,58,0,80,128,0,128,208
03/28/2023,MKG,MI,AGL,CE,Towers with Radar,0,11,23,0,34,0,7,54,1,62,0,18,77,1,96,82,0,82,178
03/29/2023,MKG,MI,AGL,CE,Towers with Radar,0,12,8,0,20,0,2,3,0,5,0,14,11,0,25,28,0,28,53
03/30/2023,MKG,MI,AGL,CE,Towers with Radar,0,12,13,0,25,0,5,38,0,43,0,17,51,0,68,90,0,90,158
03/31/2023,MKG,MI,AGL,CE,Towers with Radar,0,11,3,0,14,0,0,0,0,0,0,11,3,0,14,0,0,0,14
04/01/2023,MKG,MI,AGL,CE,Towers with Radar,0,4,4,0,8,0,0,0,0,0,0,4,4,0,8,0,0,0,8
04/02/2023,MKG,MI,AGL,CE,Towers with Radar,0,3,7,0,10,0,2,23,0,25,0,5,30,0,35,41,0,41,76
04/03/2023,MKG,MI,AGL,CE,Towers with Radar,0,6,5,0,11,0,4,17,0,21,0,10,22,0,32,56,0,56,88
04/04/2023,MKG,MI,AGL,CE,Towers with Radar,0,4,1,0,5,0,0,0,0,0,0,4,1,0,5,0,0,0,5
04/05/2023,MKG,MI,AGL,CE,Towers with Radar,0,4,2,0,6,0,0,4,0,4,0,4,6,0,10,0,0,0,10
04/06/2023,MKG,MI,AGL,CE,Towers with Radar,0,15,8,0,23,0,4,19,0,23,0,19,27,0,46,14,0,14,60
04/07/2023,MKG,MI,AGL,CE,Towers with Radar,0,11,5,2,18,0,2,33,2,37,0,13,38,4,55,70,0,70,125
04/08/2023,MKG,MI,AGL,CE,Towers with Radar,0,6,17,0,23,0,0,22,1,23,0,6,39,1,46,28,0,28,74
04/09/2023,MKG,MI,AGL,CE,Towers with Radar,0,8,8,3,19,0,0,26,3,29,0,8,34,6,48,58,0,58,106
04/10/2023,MKG,MI,AGL,CE,Towers with Radar,0,10,16,0,26,0,6,17,0,23,0,16,33,0,49,49,0,49,98
04/11/2023,MKG,MI,AGL,CE,Towers with Radar,0,14,22,0,36,0,1,29,4,34,0,15,51,4,70,13,0,13,83
04/12/2023,MKG,MI,AGL,CE,Towers with Radar,0,10,3,0,13,0,2,14,2,18,0,12,17,2,31,11,0,11,42
04/13/2023,MKG,MI,AGL,CE,Towers with Radar,0,12,12,0,24,0,6,23,0,29,0,18,35,0,53,20,0,20,73
04/14/2023,MKG,MI,AGL,CE,Towers with Radar,0,8,16,0,24,0,10,55,1,66,0,18,71,1,90,91,0,91,181
04/15/2023,MKG,MI,AGL,CE,Towers with Radar,0,6,12,0,18,0,2,50,1,53,0,8,62,1,71,99,0,99,170
04/16/2023,MKG,MI,AGL,CE,Towers with Radar,0,4,2,0,6,0,0,0,0,0,0,4,2,0,6,0,0,0,6
04/17/2023,MKG,MI,AGL,CE,Towers with Radar,0,8,4,0,12,0,0,0,0,0,0,8,4,0,12,0,0,0,12
04/18/2023,MKG,MI,AGL,CE,Towers with Radar,0,10,8,0,18,0,4,17,0,21,0,14,25,0,39,88,0,88,127
04/19/2023,MKG,MI,AGL,CE,Towers with Radar,0,10,6,0,16,0,7,23,0,30,0,17,29,0,46,43,0,43,89
04/20/2023,MKG,MI,AGL,CE,Towers with Radar,0,11,7,0,18,0,0,0,0,0,0,11,7,0,18,0,0,0,18
04/21/2023,MKG,MI,AGL,CE,Towers with Radar,0,8,20,0,28,0,4,40,0,44,0,12,60,0,72,49,0,49,121
04/22/2023,MKG,MI,AGL,CE,Towers with Radar,0,4,9,0,13,0,0,28,0,28,0,4,37,0,41,38,0,38,79
04/23/2023,MKG,MI,AGL,CE,Towers with Radar,0,3,3,0,6,0,0,11,0,11,0,3,14,0,17,4,0,4,21
04/24/2023,MKG,MI,AGL,CE,Towers with Radar,0,14,12,0,26,0,10,41,0,51,0,24,53,0,77,124,0,124,201
04/25/2023,MKG,MI,AGL,CE,Towers with Radar,0,10,13,0,23,0,0,9,0,9,0,10,22,0,32,36,0,36,68
04/26/2023,MKG,MI,AGL,CE,Towers with Radar,0,10,22,0,32,0,21,55,1,77,0,31,77,1,109,67,0,67,176
04/27/2023,MKG,MI,AGL,CE,Towers with Radar,0,9,18,0,27,0,5,52,0,57,0,14,70,0,84,54,0,54,138
04/28/2023,MKG,MI,AGL,CE,Towers with Radar,0,14,17,0,31,0,0,24,0,24,0,14,41,0,55,78,0,78,133
04/29/2023,MKG,MI,AGL,CE,Towers with Radar,0,10,13,0,23,0,1,9,0,10,0,11,22,0,33,37,0,37,70
04/30/2023,MKG,MI,AGL,CE,Towers with Radar,0,5,15,0,20,0,0,3,0,3,0,5,18,0,23,0,0,0,23
05/01/2023,MKG,MI,AGL,CE,Towers with Radar,0,7,12,0,19,0,0,0,0,0,0,7,12,0,19,0,0,0,19
05/02/2023,MKG,MI,AGL,CE,Towers with Radar,0,5,16,0,21,0,0,0,0,0,0,5,16,0,21,0,0,0,21
05/03/2023,MKG,MI,AGL,CE,Towers with Radar,0,10,26,0,36,0,1,29,1,31,0,11,55,1,67,77,0,77,144
05/04/2023,MKG,MI,AGL,CE,Towers with Radar,0,14,20,0,34,0,2,53,1,56,0,16,73,1,90,132,0,132,222
05/05/2023,MKG,MI,AGL,CE,Towers with Radar,0,10,23,0,33,0,4,45,0,49,0,14,68,0,82,39,0,39,121
05/06/2023,MKG,MI,AGL,CE,Towers with Radar,0,10,5,0,15,0,2,24,0,26,0,12,29,0,41,26,0,26,67
05/07/2023,MKG,MI,AGL,CE,Towers with Radar,0,4,9,0,13,0,0,20,0,20,0,4,29,0,33,15,0,15,48
05/08/2023,MKG,MI,AGL,CE,Towers with Radar,0,13,16,2,31,0,0,11,2,13,0,13,27,4,44,19,0,19,63
05/09/2023,MKG,MI,AGL,CE,Towers with Radar,0,12,15,0,27,0,5,58,0,63,0,17,73,0,90,84,0,84,174
05/10/2023,MKG,MI,AGL,CE,Towers with Radar,0,12,27,0,39,0,4,45,0,49,0,16,72,0,88,84,0,84,172
05/11/2023,MKG,MI,AGL,CE,Towers with Radar,0,13,10,0,23,0,4,47,0,51,0,17,57,0,74,86,0,86,160
05/12/2023,MKG,MI,AGL,CE,Towers with Radar,0,11,13,0,24,0,0,13,0,13,0,11,26,0,37,81,0,81,118
05/13/2023,MKG,MI,AGL,CE,Towers with Radar,0,6,12,0,18,0,4,26,0,30,0,10,38,0,48,70,0,70,118
05/14/2023,MKG,MI,AGL,CE,Towers with Radar,0,10,7,0,17,0,0,7,0,7,0,10,14,0,24,0,0,0,24
05/15/2023,MKG,MI,AGL,CE,Towers with Radar,0,12,23,0,35,0,4,73,0,77,0,16,96,0,112,105,1,106,218
05/16/2023,MKG,MI,AGL,CE,Towers with Radar,0,11,15,0,26,0,5,31,0,36,0,16,46,0,62,50,0,50,112
05/17/2023,MKG,MI,AGL,CE,Towers with Radar,0,14,13,0,27,0,10,40,0,50,0,24,53,0,77,88,0,88,165
05/18/2023,MKG,MI,AGL,CE,Towers with Radar,0,10,14,0,24,0,2,31,0,33,0,12,45,0,57,48,0,48,105
05/19/2023,MKG,MI,AGL,CE,Towers with Radar,0,11,8,0,19,0,0,7,0,7,0,11,15,0,26,9,0,9,35
05/20/2023,MKG,MI,AGL,CE,Towers with Radar,0,9,12,0,21,0,0,8,0,8,0,9,20,0,29,21,0,21,50
05/21/2023,MKG,MI,AGL,CE,Towers with Radar,0,8,9,0,17,0,0,30,0,30,0,8,39,0,47,50,0,50,97
05/22/2023,MKG,MI,AGL,CE,Towers with Radar,0,8,16,0,24,0,2,39,0,41,0,10,55,0,65,115,0,115,180
05/23/2023,MKG,MI,AGL,CE,Towers with Radar,0,7,27,0,34,0,3,44,0,47,0,10,71,0,81,78,0,78,159
05/24/2023,MKG,MI,AGL,CE,Towers with Radar,0,13,19,0,32,0,0,20,0,20,0,13,39,0,52,0,0,0,52
05/25/2023,MKG,MI,AGL,CE,Towers with Radar,0,7,21,0,28,0,2,29,1,32,0,9,50,1,60,34,0,34,94
05/26/2023,MKG,MI,AGL,CE,Towers with Radar,0,13,13,0,26,0,6,41,2,49,0,19,54,2,75,64,2,66,141
05/27/2023,MKG,MI,AGL,CE,Towers with Radar,0,9,7,0,16,0,3,34,3,40,0,12,41,3,56,27,0,27,83
05/28/2023,MKG,MI,AGL,CE,Towers with Radar,0,6,20,0,26,0,0,34,2,36,0,6,54,2,62,7,0,7,69
05/29/2023,MKG,MI,AGL,CE,Towers with Radar,0,7,7,0,14,0,0,41,2,43,0,7,48,2,57,46,0,46,103
05/30/2023,MKG,MI,AGL,CE,Towers with Radar,0,10,16,0,26,0,6,32,1,39,0,16,48,1,65,28,0,28,93
05/31/2023,MKG,MI,AGL,CE,Towers with Radar,0,6,13,1,20,0,7,35,2,44,0,13,48,3,64,152,0,152,216
06/01/2023,MKG,MI,AGL,CE,Towers with Radar,0,5,17,0,22,0,0,46,2,48,0,5,63,2,70,100,0,100,170
06/02/2023,MKG,MI,AGL,CE,Towers with Radar,0,11,25,0,36,0,2,36,1,39,0,13,61,1,75,26,0,26,101
06/03/2023,MKG,MI,AGL,CE,Towers with Radar,0,10,5,0,15,0,11,31,1,43,0,21,36,1,58,32,0,32,90
06/04/2023,MKG,MI,AGL,CE,Towers with Radar,0,10,13,0,23,0,0,31,0,31,0,10,44,0,54,22,0,22,76
06/05/2023,MKG,MI,AGL,CE,Towers with Radar,0,6,11,0,17,0,6,39,2,47,0,12,50,2,64,135,0,135,199
06/06/2023,MKG,MI,AGL,CE,Towers with Radar,0,14,6,0,20,0,2,18,3,23,0,16,24,3,43,65,0,65,108
06/07/2023,MKG,MI,AGL,CE,Towers with Radar,0,12,13,0,25,0,0,30,1,31,0,12,43,1,56,47,0,47,103
06/08/2023,MKG,MI,AGL,CE,Towers with Radar,0,13,20,0,33,0,6,28,0,34,0,19,48,0,67,80,1,81,148
06/09/2023,MKG,MI,AGL,CE,Towers with Radar,0,15,16,0,31,0,3,45,4,52,0,18,61,4,83,68,0,68,151
06/10/2023,MKG,MI,AGL,CE,Towers with Radar,0,13,9,0,22,0,6,84,2,92,0,19,93,2,114,112,0,112,226
06/11/2023,MKG,MI,AGL,CE,Towers with Radar,0,20,8,0,28,0,0,0,0,0,0,20,8,0,28,0,0,0,28
06/12/2023,MKG,MI,AGL,CE,Towers with Radar,0,11,20,0,31,0,5,27,2,34,0,16,47,2,65,66,0,66,131
06/13/2023,MKG,MI,AGL,CE,Towers with Radar,0,16,26,0,42,0,0,18,2,20,0,16,44,2,62,71,0,71,133
06/14/2023,MKG,MI,AGL,CE,Towers with Radar,0,13,36,0,49,0,2,14,0,16,0,15,50,0,65,62,0,62,127
06/15/2023,MKG,MI,AGL,CE,Towers with Radar,0,19,28,0,47,0,0,3,3,6,0,19,31,3,53,10,0,10,63
06/16/2023,MKG,MI,AGL,CE,Towers with Radar,0,15,17,0,32,0,4,19,0,23,0,19,36,0,55,117,0,117,172
06/17/2023,MKG,MI,AGL,CE,Towers with Radar,0,19,8,0,27,0,5,48,1,54,0,24,56,1,81,34,0,34,115
06/18/2023,MKG,MI,AGL,CE,Towers with Radar,0,6,5,0,11,0,1,31,1,33,0,7,36,1,44,82,0,82,126
06/19/2023,MKG,MI,AGL,CE,Towers with Radar,0,15,10,0,25,0,11,52,1,64,0,26,62,1,89,119,0,119,208
06/20/2023,MKG,MI,AGL,CE,Towers with Radar,0,16,23,0,39,0,6,40,0,46,0,22,63,0,85,25,0,25,110
06/21/2023,MKG,MI,AGL,CE,Towers with Radar,0,17,22,0,39,0,0,43,3,46,0,17,65,3,85,37,0,37,122
06/22/2023,MKG,MI,AGL,CE,Towers with Radar,0,22,13,0,35,0,2,25,0,27,0,24,38,0,62,122,0,122,184
06/23/2023,MKG,MI,AGL,CE,Towers with Radar,0,16,22,0,38,0,4,65,5,74,0,20,87,5,112,96,0,96,208
06/24/2023,MKG,MI,AGL,CE,Towers with Radar,0,8,6,0,14,0,0,60,0,60,0,8,66,0,74,93,0,93,167
06/25/2023,MKG,MI,AGL,CE,Towers with Radar,0,10,4,0,14,0,0,4,0,4,0,10,8,0,18,0,0,0,18
06/26/2023,MKG,MI,AGL,CE,Towers with Radar,0,13,12,0,25,0,0,0,0,0,0,13,12,0,25,0,0,0,25
06/27/2023,MKG,MI,AGL,CE,Towers with Radar,0,15,13,0,28,0,0,0,0,0,0,15,13,0,28,0,0,0,28
06/28/2023,MKG,MI,AGL,CE,Towers with Radar,0,12,24,0,36,0,0,4,0,4,0,12,28,0,40,0,0,0,40
06/29/2023,MKG,MI,AGL,CE,Towers with Radar,0,13,19,0,32,0,0,1,0,1,0,13,20,0,33,0,0,0,33
06/30/2023,MKG,MI,AGL,CE,Towers with Radar,0,16,20,1,37,0,1,1,1,3,0,17,21,2,40,0,0,0,40
07/01/2023,MKG,MI,AGL,CE,Towers with Radar,0,10,21,0,31,0,0,4,3,7,0,10,25,3,38,4,0,4,42
07/02/2023,MKG,MI,AGL,CE,Towers with Radar,0,11,11,0,22,0,0,7,1,8,0,11,18,1,30,12,2,14,44
07/03/2023,MKG,MI,AGL,CE,Towers with Radar,0,12,12,0,24,0,1,26,6,33,0,13,38,6,57,79,0,79,136
07/04/2023,MKG,MI,AGL,CE,Towers with Radar,0,10,1,0,11,0,0,39,6,45,0,10,40,6,56,76,0,76,132
07/05/2023,MKG,MI,AGL,CE,Towers with Radar,0,11,25,0,36,0,0,25,3,28,0,11,50,3,64,82,0,82,146
07/06/2023,MKG,MI,AGL,CE,Towers with Radar,0,11,20,1,32,0,1,13,2,16,0,12,33,3,48,8,0,8,56
07/07/2023,MKG,MI,AGL,CE,Towers with Radar,0,10,16,0,26,0,5,49,5,59,0,15,65,5,85,44,0,44,129
07/08/2023,MKG,MI,AGL,CE,Towers with Radar,0,11,13,0,24,0,0,62,7,69,0,11,75,7,93,18,0,18,111
07/09/2023,MKG,MI,AGL,CE,Towers with Radar,0,13,16,0,29,0,0,64,6,70,0,13,80,6,99,19,0,19,118
07/10/2023,MKG,MI,AGL,CE,Towers with Radar,0,12,11,1,24,0,8,39,3,50,0,20,50,4,74,85,0,85,159
07/11/2023,MKG,MI,AGL,CE,Towers with Radar,0,19,21,1,41,0,7,28,1,36,0,26,49,2,77,96,0,96,173
07/12/2023,MKG,MI,AGL,CE,Towers with Radar,0,9,17,3,29,0,1,18,5,24,0,10,35,8,53,69,0,69,122
07/13/2023,MKG,MI,AGL,CE,Towers with Radar,0,14,18,1,33,0,2,40,5,47,0,16,58,6,80,126,1,127,207
07/14/2023,MKG,MI,AGL,CE,Towers with Radar,0,18,13,0,31,0,0,30,1,31,0,18,43,1,62,82,0,82,144
07/15/2023,MKG,MI,AGL,CE,Towers with Radar,0,9,14,0,23,0,2,11,1,14,0,11,25,1,37,35,0,35,72
07/16/2023,MKG,MI,AGL,CE,Towers with Radar,0,11,13,1,25,0,0,9,2,11,0,11,22,3,36,0,0,0,36
07/17/2023,MKG,MI,AGL,CE,Towers with Radar,0,13,9,0,22,0,4,31,2,37,0,17,40,2,59,130,0,130,189
07/18/2023,MKG,MI,AGL,CE,Towers with Radar,0,9,27,0,36,0,8,36,5,49,0,17,63,5,85,77,6,83,168
07/19/2023,MKG,MI,AGL,CE,Towers with Radar,0,14,21,0,35,0,0,50,3,53,0,14,71,3,88,103,0,103,191
07/20/2023,MKG,MI,AGL,CE,Towers with Radar,0,16,17,0,33,0,2,20,2,24,0,18,37,2,57,54,0,54,111
07/21/2023,MKG,MI,AGL,CE,Towers with Radar,0,14,23,0,37,0,4,57,6,67,0,18,80,6,104,52,0,52,156
07/22/2023,MKG,MI,AGL,CE,Towers with Radar,0,7,17,2,26,0,3,31,3,37,0,10,48,5,63,50,0,50,113
07/23/2023,MKG,MI,AGL,CE,Towers with Radar,0,11,15,0,26,0,0,27,0,27,0,11,42,0,53,44,0,44,97
07/24/2023,MKG,MI,AGL,CE,Towers with Radar,0,8,11,0,19,0,0,31,1,32,0,8,42,1,51,78,0,78,129
07/25/2023,MKG,MI,AGL,CE,Towers with Radar,0,11,20,0,31,0,0,10,4,14,0,11,30,4,45,42,0,42,87
07/26/2023,MKG,MI,AGL,CE,Towers with Radar,0,8,20,0,28,0,0,5,2,7,0,8,25,2,35,0,0,0,35
07/27/2023,MKG,MI,AGL,CE,Towers with Radar,0,11,16,0,27,0,1,30,3,34,0,12,46,3,61,78,0,78,139
07/28/2023,MKG,MI,AGL,CE,Towers with Radar,0,12,15,0,27,0,0,22,0,22,0,12,37,0,49,43,0,43,92
07/29/2023,MKG,MI,AGL,CE,Towers with Radar,0,13,7,0,20,0,1,39,1,41,0,14,46,1,61,28,0,28,89
07/30/2023,MKG,MI,AGL,CE,Towers with Radar,0,18,11,0,29,0,1,41,0,42,0,19,52,0,71,74,0,74,145
07/31/2023,MKG,MI,AGL,CE,Towers with Radar,0,10,15,5,30,0,3,45,3,51,0,13,60,8,81,56,0,56,137
08/01/2023,MKG,MI,AGL,CE,Towers with Radar,0,15,24,0,39,0,7,40,2,49,0,22,64,2,88,77,0,77,165
08/02/2023,MKG,MI,AGL,CE,Towers with Radar,0,15,10,3,28,0,2,32,3,37,0,17,42,6,65,78,0,78,143
08/03/2023,MKG,MI,AGL,CE,Towers with Radar,0,15,15,1,31,0,2,31,2,35,0,17,46,3,66,28,0,28,94
08/04/2023,MKG,MI,AGL,CE,Towers with Radar,0,15,27,1,43,0,4,24,8,36,0,19,51,9,79,57,0,57,136
08/05/2023,MKG,MI,AGL,CE,Towers with Radar,0,14,12,0,26,0,2,30,3,35,0,16,42,3,61,49,0,49,110
08/06/2023,MKG,MI,AGL,CE,Towers with Radar,0,12,17,1,30,0,0,2,0,2,0,12,19,1,32,0,0,0,32
08/07/2023,MKG,MI,AGL,CE,Towers with Radar,0,16,8,0,24,0,0,37,2,39,0,16,45,2,63,54,0,54,117
08/08/2023,MKG,MI,AGL,CE,Towers with Radar,0,14,12,0,26,0,4,44,2,50,0,18,56,2,76,84,0,84,160
08/09/2023,MKG,MI,AGL,CE,Towers with Radar,0,9,28,1,38,0,2,26,3,31,0,11,54,4,69,76,0,76,145
08/10/2023,MKG,MI,AGL,CE,Towers with Radar,0,11,20,5,36,0,0,29,3,32,0,11,49,8,68,42,0,42,110
08/11/2023,MKG,MI,AGL,CE,Towers with Radar,0,10,17,0,27,0,4,20,0,24,0,14,37,0,51,28,0,28,79
08/12/2023,MKG,MI,AGL,CE,Towers with Radar,0,14,12,0,26,0,2,18,0,20,0,16,30,0,46,127,0,127,173
08/13/2023,MKG,MI,AGL,CE,Towers with Radar,0,10,8,0,18,0,0,32,2,34,0,10,40,2,52,38,0,38,90
08/14/2023,MKG,MI,AGL,CE,Towers with Radar,0,5,10,0,15,0,2,3,0,5,0,7,13,0,20,12,0,12,32
08/15/2023,MKG,MI,AGL,CE,Towers with Radar,0,16,17,0,33,0,0,12,1,13,0,16,29,1,46,8,0,8,54
08/16/2023,MKG,MI,AGL,CE,Towers with Radar,0,13,16,3,32,0,4,43,4,51,0,17,59,7,83,58,0,58,141
08/17/2023,MKG,MI,AGL,CE,Towers with Radar,0,14,11,0,25,0,2,1,0,3,0,16,12,0,28,4,0,4,32
08/18/2023,MKG,MI,AGL,CE,Towers with Radar,0,7,10,0,17,0,2,34,1,37,0,9,44,1,54,54,0,54,108
08/19/2023,MKG,MI,AGL,CE,Towers with Radar,0,11,10,0,21,0,8,27,9,44,0,19,37,9,65,35,0,35,100
08/20/2023,MKG,MI,AGL,CE,Towers with Radar,0,6,14,0,20,0,2,39,0,41,0,8,53,0,61,24,0,24,85
08/21/2023,MKG,MI,AGL,CE,Towers with Radar,0,9,17,0,26,0,4,34,2,40,0,13,51,2,66,26,0,26,92
08/22/2023,MKG,MI,AGL,CE,Towers with Radar,0,12,17,0,29,0,4,37,4,45,0,16,54,4,74,57,0,57,131
08/23/2023,MKG,MI,AGL,CE,Towers with Radar,0,12,25,1,38,0,0,8,1,9,0,12,33,2,47,20,0,20,67
08/24/2023,MKG,MI,AGL,CE,Towers with Radar,0,17,5,0,22,0,0,3,4,7,0,17,8,4,29,0,0,0,29
08/25/2023,MKG,MI,AGL,CE,Towers with Radar,0,15,7,0,22,0,1,9,1,11,0,16,16,1,33,50,0,50,83
08/26/2023,MKG,MI,AGL,CE,Towers with Radar,0,14,27,0,41,0,0,11,0,11,0,14,38,0,52,49,0,49,101
08/27/2023,MKG,MI,AGL,CE,Towers with Radar,0,8,8,0,16,0,0,36,0,36,0,8,44,0,52,8,0,8,60
08/28/2023,MKG,MI,AGL,CE,Towers with Radar,0,8,14,2,24,0,6,25,1,32,0,14,39,3,56,94,4,98,154
08/29/2023,MKG,MI,AGL,CE,Towers with Radar,0,8,19,0,27,0,0,16,1,17,0,8,35,1,44,51,7,58,102
08/30/2023,MKG,MI,AGL,CE,Towers with Radar,0,10,11,0,21,0,6,17,2,25,0,16,28,2,46,85,0,85,131
08/31/2023,MKG,MI,AGL,CE,Towers with Radar,0,9,15,0,24,0,4,51,0,55,0,13,66,0,79,76,0,76,155
