01/01/2000,MKK,HI,AWP,WE,Federal Contract Tower,2,20,2,0,24,2,30,19,0,51,4,50,21,0,75,0,0,0,75
01/02/2000,MKK,HI,AWP,WE,Federal Contract Tower,3,30,2,1,36,1,58,33,1,93,4,88,35,2,129,14,0,14,143
01/03/2000,MKK,HI,AWP,WE,Federal Contract Tower,2,25,2,1,30,2,57,36,3,98,4,82,38,4,128,2,0,2,130
01/04/2000,MKK,HI,AWP,WE,Federal Contract Tower,3,32,3,1,39,1,62,18,13,94,4,94,21,14,133,10,35,45,178
01/05/2000,MKK,HI,AWP,WE,Federal Contract Tower,3,27,2,1,33,1,58,23,5,87,4,85,25,6,120,0,28,28,148
01/06/2000,MKK,HI,AWP,WE,Federal Contract Tower,3,28,3,1,35,1,50,21,8,80,4,78,24,9,115,2,0,2,117
01/07/2000,MKK,HI,AWP,WE,Federal Contract Tower,3,31,4,1,39,1,65,22,8,96,4,96,26,9,135,4,0,4,139
01/08/2000,MKK,HI,AWP,WE,Federal Contract Tower,4,23,2,0,29,0,47,27,0,74,4,70,29,0,103,18,0,18,121
01/09/2000,MKK,HI,AWP,WE,Federal Contract Tower,4,27,2,1,34,0,47,25,1,73,4,74,27,2,107,16,0,16,123
01/10/2000,MKK,HI,AWP,WE,Federal Contract Tower,4,26,2,1,33,0,62,14,3,79,4,88,16,4,112,2,22,24,136
01/11/2000,MKK,HI,AWP,WE,Federal Contract Tower,3,23,2,0,28,1,63,15,0,79,4,86,17,0,107,6,0,6,113
01/12/2000,MKK,HI,AWP,WE,Federal Contract Tower,4,30,2,1,37,0,50,30,3,83,4,80,32,4,120,30,60,90,210
01/13/2000,MKK,HI,AWP,WE,Federal Contract Tower,4,30,2,1,37,0,54,26,5,85,4,84,28,6,122,20,62,82,204
01/14/2000,MKK,HI,AWP,WE,Federal Contract Tower,4,27,1,2,34,0,65,35,2,102,4,92,36,4,136,8,20,28,164
01/15/2000,MKK,HI,AWP,WE,Federal Contract Tower,4,28,1,0,33,0,42,24,0,66,4,70,25,0,99,4,0,4,103
01/16/2000,MKK,HI,AWP,WE,Federal Contract Tower,3,20,2,0,25,1,26,24,0,51,4,46,26,0,76,4,0,4,80
01/17/2000,MKK,HI,AWP,WE,Federal Contract Tower,4,26,1,0,31,0,58,31,0,89,4,84,32,0,120,0,0,0,120
01/18/2000,MKK,HI,AWP,WE,Federal Contract Tower,4,29,1,2,36,0,71,13,6,90,4,100,14,8,126,2,0,2,128
01/19/2000,MKK,HI,AWP,WE,Federal Contract Tower,4,34,2,2,42,0,58,8,2,68,4,92,10,4,110,0,0,0,110
01/20/2000,MKK,HI,AWP,WE,Federal Contract Tower,3,32,2,2,39,0,65,6,6,77,3,97,8,8,116,2,8,10,126
01/21/2000,MKK,HI,AWP,WE,Federal Contract Tower,5,34,2,2,43,1,60,9,13,83,6,94,11,15,126,8,0,8,134
01/22/2000,MKK,HI,AWP,WE,Federal Contract Tower,4,28,1,2,35,0,29,35,2,66,4,57,36,4,101,16,0,16,117
01/23/2000,MKK,HI,AWP,WE,Federal Contract Tower,4,21,1,0,26,2,39,29,0,70,6,60,30,0,96,16,0,16,112
01/24/2000,MKK,HI,AWP,WE,Federal Contract Tower,4,30,1,1,36,0,42,36,13,91,4,72,37,14,127,6,20,26,153
01/25/2000,MKK,HI,AWP,WE,Federal Contract Tower,4,32,2,1,39,0,50,33,3,86,4,82,35,4,125,4,8,12,137
01/26/2000,MKK,HI,AWP,WE,Federal Contract Tower,3,24,1,0,28,1,42,9,0,52,4,66,10,0,80,0,0,0,80
01/27/2000,MKK,HI,AWP,WE,Federal Contract Tower,4,31,1,1,37,0,62,28,3,93,4,93,29,4,130,0,0,0,130
01/28/2000,MKK,HI,AWP,WE,Federal Contract Tower,4,28,2,1,35,0,59,33,1,93,4,87,35,2,128,16,14,30,158
01/29/2000,MKK,HI,AWP,WE,Federal Contract Tower,4,28,2,1,35,0,41,57,1,99,4,69,59,2,134,16,0,16,150
01/30/2000,MKK,HI,AWP,WE,Federal Contract Tower,4,23,1,0,28,0,52,34,0,86,4,75,35,0,114,26,0,26,140
01/31/2000,MKK,HI,AWP,WE,Federal Contract Tower,4,28,1,1,34,0,60,21,5,86,4,88,22,6,120,8,14,22,142
02/01/2000,MKK,HI,AWP,WE,Federal Contract Tower,3,28,3,0,34,1,54,24,10,89,4,82,27,10,123,2,24,26,149
02/02/2000,MKK,HI,AWP,WE,Federal Contract Tower,2,33,2,1,38,2,49,18,3,72,4,82,20,4,110,12,54,66,176
02/03/2000,MKK,HI,AWP,WE,Federal Contract Tower,3,33,2,0,38,1,58,21,0,80,4,91,23,0,118,6,52,58,176
02/04/2000,MKK,HI,AWP,WE,Federal Contract Tower,3,32,2,0,37,1,56,22,4,83,4,88,24,4,120,8,0,8,128
02/05/2000,MKK,HI,AWP,WE,Federal Contract Tower,3,28,2,0,33,1,40,33,0,74,4,68,35,0,107,22,6,28,135
02/06/2000,MKK,HI,AWP,WE,Federal Contract Tower,2,23,2,0,27,0,33,23,0,56,2,56,25,0,83,2,0,2,85
02/07/2000,MKK,HI,AWP,WE,Federal Contract Tower,4,30,1,1,36,0,52,24,3,79,4,82,25,4,115,8,18,26,141
02/08/2000,MKK,HI,AWP,WE,Federal Contract Tower,4,31,1,2,38,0,51,22,8,81,4,82,23,10,119,24,0,24,143
02/09/2000,MKK,HI,AWP,WE,Federal Contract Tower,4,26,1,0,31,0,58,18,0,76,4,84,19,0,107,12,0,12,119
02/10/2000,MKK,HI,AWP,WE,Federal Contract Tower,4,27,2,1,34,0,64,36,11,111,4,91,38,12,145,12,102,114,259
02/11/2000,MKK,HI,AWP,WE,Federal Contract Tower,4,27,1,1,33,0,53,36,0,89,4,80,37,1,122,8,4,12,134
02/12/2000,MKK,HI,AWP,WE,Federal Contract Tower,4,27,2,1,34,0,31,33,3,67,4,58,35,4,101,20,0,20,121
02/13/2000,MKK,HI,AWP,WE,Federal Contract Tower,2,21,1,1,25,0,49,22,1,72,2,70,23,2,97,8,0,8,105
02/14/2000,MKK,HI,AWP,WE,Federal Contract Tower,4,27,1,1,33,0,45,22,3,70,4,72,23,4,103,18,0,18,121
02/15/2000,MKK,HI,AWP,WE,Federal Contract Tower,4,27,2,1,34,0,51,21,1,73,4,78,23,2,107,8,0,8,115
02/16/2000,MKK,HI,AWP,WE,Federal Contract Tower,4,31,1,2,38,0,45,8,14,67,4,76,9,16,105,2,0,2,107
02/17/2000,MKK,HI,AWP,WE,Federal Contract Tower,4,30,1,1,36,0,63,22,4,89,4,93,23,5,125,16,72,88,213
02/18/2000,MKK,HI,AWP,WE,Federal Contract Tower,4,28,2,1,35,0,69,38,1,108,4,97,40,2,143,6,0,6,149
02/19/2000,MKK,HI,AWP,WE,Federal Contract Tower,4,24,1,0,29,0,40,15,0,55,4,64,16,0,84,4,0,4,88
02/20/2000,MKK,HI,AWP,WE,Federal Contract Tower,4,22,1,0,27,0,46,42,0,88,4,68,43,0,115,0,0,0,115
02/21/2000,MKK,HI,AWP,WE,Federal Contract Tower,4,26,1,0,31,0,56,38,0,94,4,82,39,0,125,0,0,0,125
02/22/2000,MKK,HI,AWP,WE,Federal Contract Tower,4,32,1,2,39,0,54,29,3,86,4,86,30,5,125,0,0,0,125
02/23/2000,MKK,HI,AWP,WE,Federal Contract Tower,4,27,1,1,33,0,62,24,5,91,4,89,25,6,124,2,60,62,186
02/24/2000,MKK,HI,AWP,WE,Federal Contract Tower,4,34,1,2,41,0,68,23,1,92,4,102,24,3,133,18,0,18,151
02/25/2000,MKK,HI,AWP,WE,Federal Contract Tower,4,26,1,1,32,0,72,25,3,100,4,98,26,4,132,4,0,4,136
02/26/2000,MKK,HI,AWP,WE,Federal Contract Tower,4,24,1,0,29,0,50,23,0,73,4,74,24,0,102,10,0,10,112
02/27/2000,MKK,HI,AWP,WE,Federal Contract Tower,4,23,1,0,28,0,35,45,0,80,4,58,46,0,108,2,0,2,110
02/28/2000,MKK,HI,AWP,WE,Federal Contract Tower,4,25,1,0,30,0,77,25,10,112,4,102,26,10,142,4,58,62,204
02/29/2000,MKK,HI,AWP,WE,Federal Contract Tower,4,29,2,0,35,0,65,26,4,95,4,94,28,4,130,0,20,20,150
03/01/2000,MKK,HI,AWP,WE,Federal Contract Tower,2,26,3,1,32,2,41,29,3,75,4,67,32,4,107,0,0,0,107
03/02/2000,MKK,HI,AWP,WE,Federal Contract Tower,3,31,3,1,38,1,66,34,1,102,4,97,37,2,140,6,38,44,184
03/03/2000,MKK,HI,AWP,WE,Federal Contract Tower,1,27,3,0,31,3,65,44,0,112,4,92,47,0,143,24,20,44,187
03/04/2000,MKK,HI,AWP,WE,Federal Contract Tower,4,29,3,1,37,0,39,36,1,76,4,68,39,2,113,19,0,19,132
03/05/2000,MKK,HI,AWP,WE,Federal Contract Tower,3,19,3,0,25,1,33,39,2,75,4,52,42,2,100,10,2,12,112
03/06/2000,MKK,HI,AWP,WE,Federal Contract Tower,3,25,3,1,32,1,69,15,7,92,4,94,18,8,124,6,24,30,154
03/07/2000,MKK,HI,AWP,WE,Federal Contract Tower,4,27,3,1,35,0,55,19,1,75,4,82,22,2,110,2,0,2,112
03/08/2000,MKK,HI,AWP,WE,Federal Contract Tower,4,26,3,1,34,0,47,23,6,76,4,73,26,7,110,14,0,14,124
03/09/2000,MKK,HI,AWP,WE,Federal Contract Tower,4,25,2,2,33,0,71,36,0,107,4,96,38,2,140,16,35,51,191
03/10/2000,MKK,HI,AWP,WE,Federal Contract Tower,2,21,2,1,26,0,70,38,3,111,2,91,40,4,137,2,0,2,139
03/11/2000,MKK,HI,AWP,WE,Federal Contract Tower,3,24,2,0,29,1,37,36,0,74,4,61,38,0,103,10,0,10,113
03/12/2000,MKK,HI,AWP,WE,Federal Contract Tower,3,24,2,2,31,1,34,39,1,75,4,58,41,3,106,6,0,6,112
03/13/2000,MKK,HI,AWP,WE,Federal Contract Tower,3,23,2,2,30,1,65,20,6,92,4,88,22,8,122,2,28,30,152
03/14/2000,MKK,HI,AWP,WE,Federal Contract Tower,4,25,2,2,33,0,60,30,12,102,4,85,32,14,135,4,36,40,175
03/15/2000,MKK,HI,AWP,WE,Federal Contract Tower,4,25,2,1,32,0,62,34,0,96,4,87,36,1,128,18,88,106,234
03/16/2000,MKK,HI,AWP,WE,Federal Contract Tower,4,21,2,1,28,0,80,33,11,124,4,101,35,12,152,4,64,68,220
03/17/2000,MKK,HI,AWP,WE,Federal Contract Tower,3,24,2,2,31,3,68,27,2,100,6,92,29,4,131,6,0,6,137
03/18/2000,MKK,HI,AWP,WE,Federal Contract Tower,4,22,1,0,27,0,74,22,0,96,4,96,23,0,123,2,0,2,125
03/19/2000,MKK,HI,AWP,WE,Federal Contract Tower,3,20,2,0,25,1,34,15,0,50,4,54,17,0,75,0,0,0,75
03/20/2000,MKK,HI,AWP,WE,Federal Contract Tower,4,28,2,1,35,0,54,19,15,88,4,82,21,16,123,4,0,4,127
03/21/2000,MKK,HI,AWP,WE,Federal Contract Tower,4,29,2,1,36,0,55,6,0,61,4,84,8,1,97,6,0,6,103
03/22/2000,MKK,HI,AWP,WE,Federal Contract Tower,4,33,3,1,41,0,68,28,3,99,4,101,31,4,140,20,2,22,162
03/23/2000,MKK,HI,AWP,WE,Federal Contract Tower,4,29,2,1,36,0,59,8,1,68,4,88,10,2,104,2,2,4,108
03/24/2000,MKK,HI,AWP,WE,Federal Contract Tower,4,28,2,1,35,0,86,15,0,101,4,114,17,1,136,20,0,20,156
03/25/2000,MKK,HI,AWP,WE,Federal Contract Tower,3,25,2,1,31,1,47,37,3,88,4,72,39,4,119,2,0,2,121
03/26/2000,MKK,HI,AWP,WE,Federal Contract Tower,4,30,2,1,37,0,36,35,5,76,4,66,37,6,113,12,0,12,125
03/27/2000,MKK,HI,AWP,WE,Federal Contract Tower,4,31,2,1,38,0,72,31,13,116,4,103,33,14,154,0,32,32,186
03/28/2000,MKK,HI,AWP,WE,Federal Contract Tower,4,29,2,1,36,0,59,25,9,93,4,88,27,10,129,2,34,36,165
03/29/2000,MKK,HI,AWP,WE,Federal Contract Tower,4,30,2,1,37,0,44,21,11,76,4,74,23,12,113,8,68,76,189
03/30/2000,MKK,HI,AWP,WE,Federal Contract Tower,4,29,2,1,36,0,88,30,1,119,4,117,32,2,155,0,66,66,221
03/31/2000,MKK,HI,AWP,WE,Federal Contract Tower,2,32,2,0,36,0,66,10,0,76,2,98,12,0,112,2,0,2,114
04/01/2000,MKK,HI,AWP,WE,Federal Contract Tower,2,26,2,0,30,0,28,3,0,31,2,54,5,0,61,6,0,6,67
04/02/2000,MKK,HI,AWP,WE,Federal Contract Tower,3,28,2,1,34,3,72,4,3,82,6,100,6,4,116,0,0,0,116
04/03/2000,MKK,HI,AWP,WE,Federal Contract Tower,3,26,2,1,32,3,49,11,6,69,6,75,13,7,101,2,20,22,123
04/04/2000,MKK,HI,AWP,WE,Federal Contract Tower,3,25,2,1,31,1,49,2,6,58,4,74,4,7,89,0,60,60,149
04/05/2000,MKK,HI,AWP,WE,Federal Contract Tower,5,27,2,1,35,1,49,14,3,67,6,76,16,4,102,2,2,4,106
04/06/2000,MKK,HI,AWP,WE,Federal Contract Tower,4,26,2,1,33,0,62,26,3,91,4,88,28,4,124,12,40,52,176
04/07/2000,MKK,HI,AWP,WE,Federal Contract Tower,4,26,2,1,33,0,71,28,5,104,4,97,30,6,137,10,10,20,157
04/08/2000,MKK,HI,AWP,WE,Federal Contract Tower,2,23,2,1,28,0,21,15,3,39,2,44,17,4,67,8,0,8,75
04/09/2000,MKK,HI,AWP,WE,Federal Contract Tower,3,17,2,0,22,1,49,18,0,68,4,66,20,0,90,10,0,10,100
04/10/2000,MKK,HI,AWP,WE,Federal Contract Tower,4,22,3,0,29,0,61,19,6,86,4,83,22,6,115,0,22,22,137
04/11/2000,MKK,HI,AWP,WE,Federal Contract Tower,4,24,2,1,31,0,46,14,1,61,4,70,16,2,92,0,0,0,92
04/12/2000,MKK,HI,AWP,WE,Federal Contract Tower,4,25,2,1,32,0,44,25,1,70,4,69,27,2,102,2,42,44,146
04/13/2000,MKK,HI,AWP,WE,Federal Contract Tower,5,27,2,1,35,1,49,0,2,52,6,76,2,3,87,18,4,22,109
04/14/2000,MKK,HI,AWP,WE,Federal Contract Tower,4,22,1,1,28,0,75,31,5,111,4,97,32,6,139,36,4,40,179
04/15/2000,MKK,HI,AWP,WE,Federal Contract Tower,4,24,1,2,31,2,32,30,0,64,6,56,31,2,95,12,0,12,107
04/16/2000,MKK,HI,AWP,WE,Federal Contract Tower,4,22,1,1,28,0,40,30,1,71,4,62,31,2,99,0,0,0,99
04/17/2000,MKK,HI,AWP,WE,Federal Contract Tower,4,24,1,2,31,0,56,13,4,73,4,80,14,6,104,2,0,2,106
04/18/2000,MKK,HI,AWP,WE,Federal Contract Tower,4,30,1,2,37,0,41,28,8,77,4,71,29,10,114,8,0,8,122
04/19/2000,MKK,HI,AWP,WE,Federal Contract Tower,4,24,1,2,31,0,47,35,0,82,4,71,36,2,113,0,0,0,113
04/20/2000,MKK,HI,AWP,WE,Federal Contract Tower,4,23,1,1,29,0,69,30,0,99,4,92,31,1,128,8,2,10,138
04/21/2000,MKK,HI,AWP,WE,Federal Contract Tower,4,29,1,2,36,0,77,26,6,109,4,106,27,8,145,18,6,24,169
04/22/2000,MKK,HI,AWP,WE,Federal Contract Tower,4,25,1,1,31,0,33,30,8,71,4,58,31,9,102,28,0,28,130
04/23/2000,MKK,HI,AWP,WE,Federal Contract Tower,4,24,1,0,29,0,48,24,0,72,4,72,25,0,101,20,0,20,121
04/24/2000,MKK,HI,AWP,WE,Federal Contract Tower,4,28,1,1,34,0,54,22,11,87,4,82,23,12,121,22,28,50,171
04/25/2000,MKK,HI,AWP,WE,Federal Contract Tower,4,33,1,1,39,0,37,50,3,90,4,70,51,4,129,8,2,10,139
04/26/2000,MKK,HI,AWP,WE,Federal Contract Tower,4,27,1,1,33,0,31,25,5,61,4,58,26,6,94,6,0,6,100
04/27/2000,MKK,HI,AWP,WE,Federal Contract Tower,4,28,1,1,34,0,48,43,4,95,4,76,44,5,129,0,8,8,137
04/28/2000,MKK,HI,AWP,WE,Federal Contract Tower,4,24,1,0,29,0,68,39,0,107,4,92,40,0,136,12,0,12,148
04/29/2000,MKK,HI,AWP,WE,Federal Contract Tower,4,27,1,0,32,0,33,47,0,80,4,60,48,0,112,26,0,26,138
04/30/2000,MKK,HI,AWP,WE,Federal Contract Tower,4,22,1,0,27,0,38,35,0,73,4,60,36,0,100,10,0,10,110
05/01/2000,MKK,HI,AWP,WE,Federal Contract Tower,4,25,3,0,32,0,53,4,14,71,4,78,7,14,103,0,50,50,153
05/02/2000,MKK,HI,AWP,WE,Federal Contract Tower,3,29,3,0,35,1,47,45,0,93,4,76,48,0,128,0,0,0,128
05/03/2000,MKK,HI,AWP,WE,Federal Contract Tower,3,26,2,0,31,1,34,17,6,58,4,60,19,6,89,8,32,40,129
05/04/2000,MKK,HI,AWP,WE,Federal Contract Tower,3,26,2,0,31,1,55,18,4,78,4,81,20,4,109,6,34,40,149
05/05/2000,MKK,HI,AWP,WE,Federal Contract Tower,3,26,3,0,32,1,66,20,3,90,4,92,23,3,122,6,0,6,128
05/06/2000,MKK,HI,AWP,WE,Federal Contract Tower,3,22,3,0,28,1,46,39,2,88,4,68,42,2,116,10,2,12,128
05/07/2000,MKK,HI,AWP,WE,Federal Contract Tower,3,23,3,0,29,1,39,30,0,70,4,62,33,0,99,10,0,10,109
05/08/2000,MKK,HI,AWP,WE,Federal Contract Tower,4,25,2,1,32,0,57,11,1,69,4,82,13,2,101,4,0,4,105
05/09/2000,MKK,HI,AWP,WE,Federal Contract Tower,4,25,1,1,31,0,45,34,3,82,4,70,35,4,113,2,0,2,115
05/10/2000,MKK,HI,AWP,WE,Federal Contract Tower,3,23,2,1,29,1,53,5,3,62,4,76,7,4,91,2,30,32,123
05/11/2000,MKK,HI,AWP,WE,Federal Contract Tower,5,26,2,1,34,1,46,31,0,78,6,72,33,1,112,6,6,12,124
05/12/2000,MKK,HI,AWP,WE,Federal Contract Tower,4,25,2,1,32,0,69,29,1,99,4,94,31,2,131,10,8,18,149
05/13/2000,MKK,HI,AWP,WE,Federal Contract Tower,5,27,3,0,35,1,27,32,0,60,6,54,35,0,95,8,10,18,113
05/14/2000,MKK,HI,AWP,WE,Federal Contract Tower,4,22,2,1,29,0,30,42,1,73,4,52,44,2,102,8,2,10,112
05/15/2000,MKK,HI,AWP,WE,Federal Contract Tower,4,24,1,1,30,0,56,30,9,95,4,80,31,10,125,4,40,44,169
05/16/2000,MKK,HI,AWP,WE,Federal Contract Tower,4,24,1,1,30,0,50,40,7,97,4,74,41,8,127,30,32,62,189
05/17/2000,MKK,HI,AWP,WE,Federal Contract Tower,5,27,3,1,36,3,47,28,7,85,8,74,31,8,121,0,0,0,121
05/18/2000,MKK,HI,AWP,WE,Federal Contract Tower,4,27,3,1,35,0,61,25,0,86,4,88,28,1,121,10,2,12,133
05/19/2000,MKK,HI,AWP,WE,Federal Contract Tower,6,34,2,2,44,0,88,41,3,132,6,122,43,5,176,4,12,16,192
05/20/2000,MKK,HI,AWP,WE,Federal Contract Tower,4,21,2,1,28,0,37,20,1,58,4,58,22,2,86,14,6,20,106
05/21/2000,MKK,HI,AWP,WE,Federal Contract Tower,5,29,2,2,38,1,51,30,2,84,6,80,32,4,122,16,0,16,138
05/22/2000,MKK,HI,AWP,WE,Federal Contract Tower,4,26,2,1,33,0,64,27,9,100,4,90,29,10,133,30,64,94,227
05/23/2000,MKK,HI,AWP,WE,Federal Contract Tower,4,31,2,2,39,0,51,13,4,68,4,82,15,6,107,8,0,8,115
05/24/2000,MKK,HI,AWP,WE,Federal Contract Tower,4,24,2,1,31,0,41,26,1,68,4,65,28,2,99,4,0,4,103
05/25/2000,MKK,HI,AWP,WE,Federal Contract Tower,4,20,2,1,27,0,54,38,2,94,4,74,40,3,121,2,6,8,129
05/26/2000,MKK,HI,AWP,WE,Federal Contract Tower,4,30,2,2,38,0,73,38,0,111,4,103,40,2,149,22,0,22,171
05/27/2000,MKK,HI,AWP,WE,Federal Contract Tower,4,24,1,0,29,0,34,39,0,73,4,58,40,0,102,12,0,12,114
05/28/2000,MKK,HI,AWP,WE,Federal Contract Tower,4,18,1,1,24,0,38,32,1,71,4,56,33,2,95,0,0,0,95
05/29/2000,MKK,HI,AWP,WE,Federal Contract Tower,4,25,2,0,31,0,51,32,0,83,4,76,34,0,114,6,0,6,120
05/30/2000,MKK,HI,AWP,WE,Federal Contract Tower,4,24,2,1,31,0,58,12,9,79,4,82,14,10,110,6,0,6,116
05/31/2000,MKK,HI,AWP,WE,Federal Contract Tower,4,32,2,1,39,0,42,13,3,58,4,74,15,4,97,14,0,14,111
06/01/2000,MKK,HI,AWP,WE,Federal Contract Tower,3,21,2,1,27,1,52,0,5,58,4,73,2,6,85,12,26,38,123
06/02/2000,MKK,HI,AWP,WE,Federal Contract Tower,3,21,3,1,28,1,53,20,7,81,4,74,23,8,109,2,0,2,111
06/03/2000,MKK,HI,AWP,WE,Federal Contract Tower,2,20,3,0,25,2,31,26,0,59,4,51,29,0,84,12,0,12,96
06/04/2000,MKK,HI,AWP,WE,Federal Contract Tower,3,21,3,0,27,1,37,24,0,62,4,58,27,0,89,10,0,10,99
06/05/2000,MKK,HI,AWP,WE,Federal Contract Tower,4,26,3,1,34,0,55,12,8,75,4,81,15,9,109,6,26,32,141
06/06/2000,MKK,HI,AWP,WE,Federal Contract Tower,4,20,3,0,27,0,54,29,0,83,4,74,32,0,110,0,0,0,110
06/07/2000,MKK,HI,AWP,WE,Federal Contract Tower,4,22,3,0,29,0,53,12,0,65,4,75,15,0,94,8,0,8,102
06/08/2000,MKK,HI,AWP,WE,Federal Contract Tower,4,23,3,0,30,0,56,31,0,87,4,79,34,0,117,2,0,2,119
06/09/2000,MKK,HI,AWP,WE,Federal Contract Tower,4,25,3,0,32,0,68,27,0,95,4,93,30,0,127,6,0,6,133
06/10/2000,MKK,HI,AWP,WE,Federal Contract Tower,4,17,2,0,23,0,35,27,0,62,4,52,29,0,85,8,0,8,93
06/11/2000,MKK,HI,AWP,WE,Federal Contract Tower,4,17,2,0,23,0,41,28,0,69,4,58,30,0,92,12,0,12,104
06/12/2000,MKK,HI,AWP,WE,Federal Contract Tower,3,18,3,0,24,1,55,23,0,79,4,73,26,0,103,2,0,2,105
06/13/2000,MKK,HI,AWP,WE,Federal Contract Tower,4,21,3,1,29,0,60,16,1,77,4,81,19,2,106,0,0,0,106
06/14/2000,MKK,HI,AWP,WE,Federal Contract Tower,4,22,2,1,29,0,40,32,0,72,4,62,34,1,101,10,0,10,111
06/15/2000,MKK,HI,AWP,WE,Federal Contract Tower,2,17,1,2,22,0,63,43,2,108,2,80,44,4,130,10,4,14,144
06/16/2000,MKK,HI,AWP,WE,Federal Contract Tower,2,19,2,1,24,0,73,25,0,98,2,92,27,1,122,0,0,0,122
06/17/2000,MKK,HI,AWP,WE,Federal Contract Tower,4,17,1,0,22,0,43,31,0,74,4,60,32,0,96,0,0,0,96
06/18/2000,MKK,HI,AWP,WE,Federal Contract Tower,4,17,1,0,22,0,45,33,0,78,4,62,34,0,100,16,0,16,116
06/19/2000,MKK,HI,AWP,WE,Federal Contract Tower,3,18,2,0,23,1,55,13,0,69,4,73,15,0,92,0,0,0,92
06/20/2000,MKK,HI,AWP,WE,Federal Contract Tower,4,23,2,1,30,0,42,27,5,74,4,65,29,6,104,6,0,6,110
06/21/2000,MKK,HI,AWP,WE,Federal Contract Tower,3,19,2,1,25,1,53,13,2,69,4,72,15,3,94,8,0,8,102
06/22/2000,MKK,HI,AWP,WE,Federal Contract Tower,4,21,2,1,28,0,64,14,5,83,4,85,16,6,111,10,4,14,125
06/23/2000,MKK,HI,AWP,WE,Federal Contract Tower,4,21,2,1,28,0,70,21,4,95,4,91,23,5,123,12,0,12,135
06/24/2000,MKK,HI,AWP,WE,Federal Contract Tower,3,19,2,1,25,1,41,39,1,82,4,60,41,2,107,6,0,6,113
06/25/2000,MKK,HI,AWP,WE,Federal Contract Tower,4,23,2,0,29,2,51,21,0,74,6,74,23,0,103,16,0,16,119
06/26/2000,MKK,HI,AWP,WE,Federal Contract Tower,4,20,2,1,27,0,63,19,0,82,4,83,21,1,109,4,0,4,113
06/27/2000,MKK,HI,AWP,WE,Federal Contract Tower,4,25,2,1,32,0,51,19,5,75,4,76,21,6,107,6,0,6,113
06/28/2000,MKK,HI,AWP,WE,Federal Contract Tower,4,23,2,1,30,0,56,7,6,69,4,79,9,7,99,8,28,36,135
06/29/2000,MKK,HI,AWP,WE,Federal Contract Tower,4,24,2,1,31,0,57,13,9,79,4,81,15,10,110,2,0,2,112
06/30/2000,MKK,HI,AWP,WE,Federal Contract Tower,4,20,2,0,26,0,71,31,0,102,4,91,33,0,128,2,0,2,130
07/01/2000,MKK,HI,AWP,WE,Federal Contract Tower,3,20,3,0,26,1,48,20,4,73,4,68,23,4,99,4,0,4,103
07/02/2000,MKK,HI,AWP,WE,Federal Contract Tower,2,20,1,0,23,2,38,32,0,72,4,58,33,0,95,0,0,0,95
07/03/2000,MKK,HI,AWP,WE,Federal Contract Tower,3,25,2,0,30,1,57,20,0,78,4,82,22,0,108,0,0,0,108
07/04/2000,MKK,HI,AWP,WE,Federal Contract Tower,2,19,2,0,23,2,36,18,0,56,4,55,20,0,79,0,0,0,79
07/05/2000,MKK,HI,AWP,WE,Federal Contract Tower,4,21,3,1,29,0,52,23,1,76,4,73,26,2,105,4,0,4,109
07/06/2000,MKK,HI,AWP,WE,Federal Contract Tower,4,25,4,1,34,0,77,15,8,100,4,102,19,9,134,2,6,8,142
07/07/2000,MKK,HI,AWP,WE,Federal Contract Tower,3,21,3,1,28,1,71,11,1,84,4,92,14,2,112,4,0,4,116
07/08/2000,MKK,HI,AWP,WE,Federal Contract Tower,4,20,2,1,27,0,32,21,1,54,4,52,23,2,81,4,0,4,85
07/09/2000,MKK,HI,AWP,WE,Federal Contract Tower,4,20,2,1,27,0,60,22,1,83,4,80,24,2,110,10,0,10,120
07/10/2000,MKK,HI,AWP,WE,Federal Contract Tower,4,24,2,1,31,0,59,10,9,78,4,83,12,10,109,0,0,0,109
07/11/2000,MKK,HI,AWP,WE,Federal Contract Tower,4,17,1,1,23,0,63,7,5,75,4,80,8,6,98,6,34,40,138
07/12/2000,MKK,HI,AWP,WE,Federal Contract Tower,4,19,2,1,26,0,63,14,9,86,4,82,16,10,112,4,0,4,116
07/13/2000,MKK,HI,AWP,WE,Federal Contract Tower,4,18,1,1,24,0,80,13,3,96,4,98,14,4,120,8,28,36,156
07/14/2000,MKK,HI,AWP,WE,Federal Contract Tower,4,22,2,1,29,0,78,31,3,112,4,100,33,4,141,12,0,12,153
07/15/2000,MKK,HI,AWP,WE,Federal Contract Tower,4,21,2,0,27,0,27,28,0,55,4,48,30,0,82,4,0,4,86
07/16/2000,MKK,HI,AWP,WE,Federal Contract Tower,4,17,1,0,22,0,43,20,0,63,4,60,21,0,85,0,0,0,85
07/17/2000,MKK,HI,AWP,WE,Federal Contract Tower,4,19,2,1,26,0,65,38,6,109,4,84,40,7,135,0,0,0,135
07/18/2000,MKK,HI,AWP,WE,Federal Contract Tower,4,19,2,1,26,0,52,36,9,97,4,71,38,10,123,8,0,8,131
07/19/2000,MKK,HI,AWP,WE,Federal Contract Tower,4,19,2,1,26,0,57,24,1,82,4,76,26,2,108,18,2,20,128
07/20/2000,MKK,HI,AWP,WE,Federal Contract Tower,4,24,2,1,31,0,48,30,1,79,4,72,32,2,110,8,0,8,118
07/21/2000,MKK,HI,AWP,WE,Federal Contract Tower,4,20,2,1,27,0,75,30,4,109,4,95,32,5,136,0,0,0,136
07/22/2000,MKK,HI,AWP,WE,Federal Contract Tower,4,21,2,1,28,0,39,40,3,82,4,60,42,4,110,6,0,6,116
07/23/2000,MKK,HI,AWP,WE,Federal Contract Tower,4,18,1,0,23,0,44,32,0,76,4,62,33,0,99,4,0,4,103
07/24/2000,MKK,HI,AWP,WE,Federal Contract Tower,4,21,2,1,28,0,56,8,1,65,4,77,10,2,93,0,0,0,93
07/25/2000,MKK,HI,AWP,WE,Federal Contract Tower,4,24,2,0,30,0,60,8,2,70,4,84,10,2,100,0,0,0,100
07/26/2000,MKK,HI,AWP,WE,Federal Contract Tower,4,22,2,0,28,0,63,13,5,81,4,85,15,5,109,8,0,8,117
07/27/2000,MKK,HI,AWP,WE,Federal Contract Tower,4,21,2,0,27,0,72,15,5,92,4,93,17,5,119,0,40,40,159
07/28/2000,MKK,HI,AWP,WE,Federal Contract Tower,4,21,2,0,27,0,70,9,2,81,4,91,11,2,108,0,0,0,108
07/29/2000,MKK,HI,AWP,WE,Federal Contract Tower,4,21,2,0,27,0,53,28,2,83,4,74,30,2,110,28,0,28,138
07/30/2000,MKK,HI,AWP,WE,Federal Contract Tower,4,18,1,0,23,0,46,7,0,53,4,64,8,0,76,0,0,0,76
07/31/2000,MKK,HI,AWP,WE,Federal Contract Tower,4,22,2,0,28,0,41,1,4,46,4,63,3,4,74,0,0,0,74
08/01/2000,MKK,HI,AWP,WE,Federal Contract Tower,3,20,2,0,25,1,38,12,0,51,4,58,14,0,76,6,0,6,82
08/02/2000,MKK,HI,AWP,WE,Federal Contract Tower,2,19,2,1,24,2,53,14,1,70,4,72,16,2,94,0,0,0,94
08/03/2000,MKK,HI,AWP,WE,Federal Contract Tower,2,20,2,1,25,2,60,15,3,80,4,80,17,4,105,2,0,2,107
08/04/2000,MKK,HI,AWP,WE,Federal Contract Tower,4,23,2,1,30,0,80,22,6,108,4,103,24,7,138,0,2,2,140
08/05/2000,MKK,HI,AWP,WE,Federal Contract Tower,4,19,2,0,25,0,59,21,0,80,4,78,23,0,105,28,0,28,133
08/06/2000,MKK,HI,AWP,WE,Federal Contract Tower,3,17,2,0,22,1,41,31,0,73,4,58,33,0,95,42,0,42,137
08/07/2000,MKK,HI,AWP,WE,Federal Contract Tower,4,26,2,2,34,0,56,24,12,92,4,82,26,14,126,8,40,48,174
08/08/2000,MKK,HI,AWP,WE,Federal Contract Tower,4,25,2,1,32,0,55,25,7,87,4,80,27,8,119,14,0,14,133
08/09/2000,MKK,HI,AWP,WE,Federal Contract Tower,4,23,2,1,30,0,43,30,6,79,4,66,32,7,109,2,0,2,111
08/10/2000,MKK,HI,AWP,WE,Federal Contract Tower,4,21,2,1,28,0,41,20,1,62,4,62,22,2,90,2,0,2,92
08/11/2000,MKK,HI,AWP,WE,Federal Contract Tower,4,22,2,1,29,0,65,18,1,84,4,87,20,2,113,8,0,8,121
08/12/2000,MKK,HI,AWP,WE,Federal Contract Tower,4,21,2,0,27,0,41,14,0,55,4,62,16,0,82,24,0,24,106
08/13/2000,MKK,HI,AWP,WE,Federal Contract Tower,3,17,1,0,21,1,33,20,0,54,4,50,21,0,75,10,0,10,85
08/14/2000,MKK,HI,AWP,WE,Federal Contract Tower,4,21,1,2,28,0,65,22,8,95,4,86,23,10,123,16,22,38,161
08/15/2000,MKK,HI,AWP,WE,Federal Contract Tower,4,24,1,2,31,0,68,29,8,105,4,92,30,10,136,0,8,8,144
08/16/2000,MKK,HI,AWP,WE,Federal Contract Tower,4,25,1,2,32,0,49,24,3,76,4,74,25,5,108,2,11,13,121
08/17/2000,MKK,HI,AWP,WE,Federal Contract Tower,4,19,1,2,26,0,55,37,4,96,4,74,38,6,122,8,10,18,140
08/18/2000,MKK,HI,AWP,WE,Federal Contract Tower,4,19,1,0,24,0,89,18,0,107,4,108,19,0,131,12,0,12,143
08/19/2000,MKK,HI,AWP,WE,Federal Contract Tower,3,19,1,0,23,1,44,36,0,81,4,63,37,0,104,12,0,12,116
08/20/2000,MKK,HI,AWP,WE,Federal Contract Tower,2,19,0,0,21,0,41,0,0,41,2,60,0,0,62,0,0,0,62
08/21/2000,MKK,HI,AWP,WE,Federal Contract Tower,4,26,1,3,34,0,61,19,7,87,4,87,20,10,121,0,24,24,145
08/22/2000,MKK,HI,AWP,WE,Federal Contract Tower,4,22,1,2,29,0,37,27,2,66,4,59,28,4,95,6,0,6,101
08/23/2000,MKK,HI,AWP,WE,Federal Contract Tower,4,22,1,1,28,0,64,11,5,80,4,86,12,6,108,4,12,16,124
08/24/2000,MKK,HI,AWP,WE,Federal Contract Tower,4,27,1,2,34,0,55,20,8,83,4,82,21,10,117,12,18,30,147
08/25/2000,MKK,HI,AWP,WE,Federal Contract Tower,4,21,1,1,27,0,61,46,5,112,4,82,47,6,139,4,0,4,143
08/26/2000,MKK,HI,AWP,WE,Federal Contract Tower,3,20,1,0,24,1,32,27,0,60,4,52,28,0,84,4,0,4,88
08/27/2000,MKK,HI,AWP,WE,Federal Contract Tower,3,19,1,0,23,1,29,20,0,50,4,48,21,0,73,6,0,6,79
08/28/2000,MKK,HI,AWP,WE,Federal Contract Tower,4,22,1,1,28,0,40,30,2,72,4,62,31,3,100,6,14,20,120
08/29/2000,MKK,HI,AWP,WE,Federal Contract Tower,4,23,1,1,29,0,55,35,7,97,4,78,36,8,126,2,6,8,134
08/30/2000,MKK,HI,AWP,WE,Federal Contract Tower,4,23,1,1,29,0,59,26,4,89,4,82,27,5,118,4,4,8,126
08/31/2000,MKK,HI,AWP,WE,Federal Contract Tower,4,20,1,1,26,0,60,16,4,80,4,80,17,5,106,2,4,6,112
09/01/2000,MKK,HI,AWP,WE,Federal Contract Tower,3,22,3,0,28,1,84,22,2,109,4,106,25,2,137,6,0,6,143
09/02/2000,MKK,HI,AWP,WE,Federal Contract Tower,2,22,2,0,26,2,34,35,0,71,4,56,37,0,97,24,0,24,121
09/03/2000,MKK,HI,AWP,WE,Federal Contract Tower,2,21,2,0,25,2,26,32,0,60,4,47,34,0,85,8,0,8,93
09/04/2000,MKK,HI,AWP,WE,Federal Contract Tower,2,22,2,0,26,2,53,26,2,83,4,75,28,2,109,4,0,4,113
09/05/2000,MKK,HI,AWP,WE,Federal Contract Tower,4,24,2,0,30,0,55,13,6,74,4,79,15,6,104,0,0,0,104
09/06/2000,MKK,HI,AWP,WE,Federal Contract Tower,4,24,2,0,30,0,42,8,4,54,4,66,10,4,84,0,0,0,84
09/07/2000,MKK,HI,AWP,WE,Federal Contract Tower,4,32,3,0,39,0,43,11,9,63,4,75,14,9,102,10,0,10,112
09/08/2000,MKK,HI,AWP,WE,Federal Contract Tower,4,26,2,0,32,0,66,11,0,77,4,92,13,0,109,18,0,18,127
09/09/2000,MKK,HI,AWP,WE,Federal Contract Tower,3,21,4,0,28,1,46,21,2,70,4,67,25,2,98,0,0,0,98
09/10/2000,MKK,HI,AWP,WE,Federal Contract Tower,3,18,2,0,23,1,33,11,0,45,4,51,13,0,68,0,0,0,68
09/11/2000,MKK,HI,AWP,WE,Federal Contract Tower,4,25,2,1,32,0,63,36,9,108,4,88,38,10,140,14,9,23,163
09/12/2000,MKK,HI,AWP,WE,Federal Contract Tower,4,25,2,1,32,0,51,26,8,85,4,76,28,9,117,6,58,64,181
09/13/2000,MKK,HI,AWP,WE,Federal Contract Tower,4,21,2,0,27,0,36,20,0,56,4,57,22,0,83,2,0,2,85
09/14/2000,MKK,HI,AWP,WE,Federal Contract Tower,4,23,1,1,29,0,62,25,1,88,4,85,26,2,117,8,12,20,137
09/15/2000,MKK,HI,AWP,WE,Federal Contract Tower,4,20,1,0,25,0,55,21,0,76,4,75,22,0,101,17,0,17,118
09/16/2000,MKK,HI,AWP,WE,Federal Contract Tower,4,20,1,0,25,0,34,13,0,47,4,54,14,0,72,0,0,0,72
09/17/2000,MKK,HI,AWP,WE,Federal Contract Tower,4,19,1,0,24,0,30,27,0,57,4,49,28,0,81,6,0,6,87
09/18/2000,MKK,HI,AWP,WE,Federal Contract Tower,4,23,1,1,29,0,47,24,3,74,4,70,25,4,103,14,20,34,137
09/19/2000,MKK,HI,AWP,WE,Federal Contract Tower,4,24,1,1,30,0,64,27,4,95,4,88,28,5,125,0,0,0,125
09/20/2000,MKK,HI,AWP,WE,Federal Contract Tower,4,20,1,0,25,0,64,26,0,90,4,84,27,0,115,0,0,0,115
09/21/2000,MKK,HI,AWP,WE,Federal Contract Tower,4,24,1,1,30,0,58,14,0,72,4,82,15,1,102,8,0,8,110
09/22/2000,MKK,HI,AWP,WE,Federal Contract Tower,4,28,2,1,35,0,62,20,0,82,4,90,22,1,117,0,2,2,119
09/23/2000,MKK,HI,AWP,WE,Federal Contract Tower,5,23,1,1,30,3,29,37,0,69,8,52,38,1,99,10,0,10,109
09/24/2000,MKK,HI,AWP,WE,Federal Contract Tower,4,18,1,1,24,0,29,40,1,70,4,47,41,2,94,6,0,6,100
09/25/2000,MKK,HI,AWP,WE,Federal Contract Tower,4,27,2,1,34,0,49,12,7,68,4,76,14,8,102,2,0,2,104
09/26/2000,MKK,HI,AWP,WE,Federal Contract Tower,4,25,1,1,31,0,44,13,7,64,4,69,14,8,95,2,6,8,103
09/27/2000,MKK,HI,AWP,WE,Federal Contract Tower,4,26,2,0,32,0,36,6,0,42,4,62,8,0,74,0,0,0,74
09/28/2000,MKK,HI,AWP,WE,Federal Contract Tower,4,24,1,0,29,0,62,17,9,88,4,86,18,9,117,1,0,1,118
09/29/2000,MKK,HI,AWP,WE,Federal Contract Tower,4,24,1,0,29,0,65,23,4,92,4,89,24,4,121,0,0,0,121
09/30/2000,MKK,HI,AWP,WE,Federal Contract Tower,4,23,1,0,28,0,25,14,0,39,4,48,15,0,67,18,0,18,85
10/01/2000,MKK,HI,AWP,WE,Federal Contract Tower,3,21,3,0,27,1,27,32,0,60,4,48,35,0,87,2,0,2,89
10/02/2000,MKK,HI,AWP,WE,Federal Contract Tower,3,25,2,0,30,1,32,6,0,39,4,57,8,0,69,0,0,0,69
10/03/2000,MKK,HI,AWP,WE,Federal Contract Tower,2,26,2,1,31,2,41,21,1,65,4,67,23,2,96,0,0,0,96
10/04/2000,MKK,HI,AWP,WE,Federal Contract Tower,3,26,2,1,32,1,39,29,13,82,4,65,31,14,114,6,0,6,120
10/05/2000,MKK,HI,AWP,WE,Federal Contract Tower,4,26,1,2,33,0,62,45,9,116,4,88,46,11,149,14,42,56,205
10/06/2000,MKK,HI,AWP,WE,Federal Contract Tower,4,28,1,2,35,2,67,35,3,107,6,95,36,5,142,8,0,8,150
10/07/2000,MKK,HI,AWP,WE,Federal Contract Tower,4,24,2,2,32,2,51,26,2,81,6,75,28,4,113,12,0,12,125
10/08/2000,MKK,HI,AWP,WE,Federal Contract Tower,3,18,2,0,23,1,41,23,0,65,4,59,25,0,88,4,0,4,92
10/09/2000,MKK,HI,AWP,WE,Federal Contract Tower,4,22,2,0,28,0,55,18,0,73,4,77,20,0,101,14,0,14,115
10/10/2000,MKK,HI,AWP,WE,Federal Contract Tower,4,23,2,1,30,0,69,8,3,80,4,92,10,4,110,0,16,16,126
10/11/2000,MKK,HI,AWP,WE,Federal Contract Tower,3,24,2,2,31,1,38,16,2,57,4,62,18,4,88,0,0,0,88
10/12/2000,MKK,HI,AWP,WE,Federal Contract Tower,4,22,1,1,28,0,66,20,2,88,4,88,21,3,116,5,9,14,130
10/13/2000,MKK,HI,AWP,WE,Federal Contract Tower,4,24,1,0,29,0,65,21,0,86,4,89,22,0,115,0,0,0,115
10/14/2000,MKK,HI,AWP,WE,Federal Contract Tower,4,20,2,0,26,0,36,14,0,50,4,56,16,0,76,10,0,10,86
10/15/2000,MKK,HI,AWP,WE,Federal Contract Tower,4,19,1,1,25,0,39,23,0,62,4,58,24,1,87,6,2,8,95
10/16/2000,MKK,HI,AWP,WE,Federal Contract Tower,4,20,2,1,27,0,47,6,3,56,4,67,8,4,83,10,8,18,101
10/17/2000,MKK,HI,AWP,WE,Federal Contract Tower,4,23,1,1,29,0,40,9,5,54,4,63,10,6,83,2,8,10,93
10/18/2000,MKK,HI,AWP,WE,Federal Contract Tower,4,23,1,1,29,0,32,31,1,64,4,55,32,2,93,8,0,8,101
10/19/2000,MKK,HI,AWP,WE,Federal Contract Tower,4,22,1,1,28,0,65,14,0,79,4,87,15,1,107,0,0,0,107
10/20/2000,MKK,HI,AWP,WE,Federal Contract Tower,4,20,1,1,26,0,63,20,2,85,4,83,21,3,111,6,0,6,117
10/21/2000,MKK,HI,AWP,WE,Federal Contract Tower,4,20,2,0,26,0,32,20,0,52,4,52,22,0,78,0,0,0,78
10/22/2000,MKK,HI,AWP,WE,Federal Contract Tower,4,17,1,0,22,0,38,25,0,63,4,55,26,0,85,0,0,0,85
10/23/2000,MKK,HI,AWP,WE,Federal Contract Tower,4,22,1,1,28,0,43,18,3,64,4,65,19,4,92,0,4,4,96
10/24/2000,MKK,HI,AWP,WE,Federal Contract Tower,4,28,1,2,35,0,42,13,8,63,4,70,14,10,98,0,0,0,98
10/25/2000,MKK,HI,AWP,WE,Federal Contract Tower,4,22,1,1,28,0,50,16,7,73,4,72,17,8,101,0,22,22,123
10/26/2000,MKK,HI,AWP,WE,Federal Contract Tower,4,26,1,1,32,0,61,28,4,93,4,87,29,5,125,0,10,10,135
10/27/2000,MKK,HI,AWP,WE,Federal Contract Tower,4,23,1,0,28,0,63,17,2,82,4,86,18,2,110,10,0,10,120
10/28/2000,MKK,HI,AWP,WE,Federal Contract Tower,5,24,1,0,30,0,34,33,2,69,5,58,34,2,99,22,0,22,121
10/29/2000,MKK,HI,AWP,WE,Federal Contract Tower,3,18,1,0,22,1,56,17,0,74,4,74,18,0,96,10,0,10,106
10/30/2000,MKK,HI,AWP,WE,Federal Contract Tower,4,22,2,0,28,0,53,14,6,73,4,75,16,6,101,0,0,0,101
10/31/2000,MKK,HI,AWP,WE,Federal Contract Tower,4,24,1,0,29,0,36,19,2,57,4,60,20,2,86,10,0,10,96
11/01/2000,MKK,HI,AWP,WE,Federal Contract Tower,3,26,3,0,32,1,34,14,4,53,4,60,17,4,85,0,0,0,85
11/02/2000,MKK,HI,AWP,WE,Federal Contract Tower,4,32,3,0,39,0,24,10,1,35,4,56,13,1,74,0,0,0,74
11/03/2000,MKK,HI,AWP,WE,Federal Contract Tower,2,20,2,0,24,1,64,6,4,75,3,84,8,4,99,0,0,0,99
11/04/2000,MKK,HI,AWP,WE,Federal Contract Tower,1,18,2,0,21,1,34,21,2,58,2,52,23,2,79,2,0,2,81
11/05/2000,MKK,HI,AWP,WE,Federal Contract Tower,3,19,2,0,24,1,24,29,0,54,4,43,31,0,78,0,0,0,78
11/06/2000,MKK,HI,AWP,WE,Federal Contract Tower,4,28,3,0,35,0,33,7,4,44,4,61,10,4,79,2,6,8,87
11/07/2000,MKK,HI,AWP,WE,Federal Contract Tower,3,21,2,0,26,2,50,21,4,77,5,71,23,4,103,0,8,8,111
11/08/2000,MKK,HI,AWP,WE,Federal Contract Tower,4,23,2,0,29,0,40,25,2,67,4,63,27,2,96,0,0,0,96
11/09/2000,MKK,HI,AWP,WE,Federal Contract Tower,4,22,3,0,29,2,62,16,2,82,6,84,19,2,111,6,0,6,117
11/10/2000,MKK,HI,AWP,WE,Federal Contract Tower,4,22,3,0,29,0,48,19,2,69,4,70,22,2,98,8,0,8,106
11/11/2000,MKK,HI,AWP,WE,Federal Contract Tower,5,23,1,1,30,1,21,21,1,44,6,44,22,2,74,16,0,16,90
11/12/2000,MKK,HI,AWP,WE,Federal Contract Tower,4,20,1,0,25,0,39,56,0,95,4,59,57,0,120,6,0,6,126
11/13/2000,MKK,HI,AWP,WE,Federal Contract Tower,4,21,2,1,28,0,50,4,1,55,4,71,6,2,83,0,0,0,83
11/14/2000,MKK,HI,AWP,WE,Federal Contract Tower,4,27,2,1,34,0,48,14,9,71,4,75,16,10,105,2,50,52,157
11/15/2000,MKK,HI,AWP,WE,Federal Contract Tower,4,22,2,1,29,0,54,20,3,77,4,76,22,4,106,0,0,0,106
11/16/2000,MKK,HI,AWP,WE,Federal Contract Tower,4,21,2,1,28,0,58,14,3,75,4,79,16,4,103,0,4,4,107
11/17/2000,MKK,HI,AWP,WE,Federal Contract Tower,4,19,1,1,25,0,59,17,1,77,4,78,18,2,102,20,0,20,122
11/18/2000,MKK,HI,AWP,WE,Federal Contract Tower,4,20,1,0,25,0,42,14,0,56,4,62,15,0,81,10,0,10,91
11/19/2000,MKK,HI,AWP,WE,Federal Contract Tower,4,21,1,1,27,0,40,27,2,69,4,61,28,3,96,16,0,16,112
11/20/2000,MKK,HI,AWP,WE,Federal Contract Tower,4,21,1,1,27,0,62,60,8,130,4,83,61,9,157,6,0,6,163
11/21/2000,MKK,HI,AWP,WE,Federal Contract Tower,4,26,2,1,33,0,41,26,4,71,4,67,28,5,104,6,0,6,110
11/22/2000,MKK,HI,AWP,WE,Federal Contract Tower,4,26,2,1,33,0,57,32,1,90,4,83,34,2,123,16,0,16,139
11/23/2000,MKK,HI,AWP,WE,Federal Contract Tower,4,20,1,1,26,0,21,7,1,29,4,41,8,2,55,0,0,0,55
11/24/2000,MKK,HI,AWP,WE,Federal Contract Tower,4,24,1,0,29,0,40,40,0,80,4,64,41,0,109,0,0,0,109
11/25/2000,MKK,HI,AWP,WE,Federal Contract Tower,4,22,2,0,28,0,32,23,0,55,4,54,25,0,83,2,0,2,85
11/26/2000,MKK,HI,AWP,WE,Federal Contract Tower,4,28,2,1,35,0,45,48,1,94,4,73,50,2,129,10,0,10,139
11/27/2000,MKK,HI,AWP,WE,Federal Contract Tower,4,21,1,0,26,0,50,24,2,76,4,71,25,2,102,0,0,0,102
11/28/2000,MKK,HI,AWP,WE,Federal Contract Tower,4,25,1,0,30,0,38,24,6,68,4,63,25,6,98,18,0,18,116
11/29/2000,MKK,HI,AWP,WE,Federal Contract Tower,4,23,2,0,29,0,30,21,0,51,4,53,23,0,80,10,0,10,90
11/30/2000,MKK,HI,AWP,WE,Federal Contract Tower,4,27,2,0,33,0,47,28,4,79,4,74,30,4,112,16,18,34,146
12/01/2000,MKK,HI,AWP,WE,Federal Contract Tower,4,33,3,1,41,0,56,35,5,96,4,89,38,6,137,0,0,0,137
12/02/2000,MKK,HI,AWP,WE,Federal Contract Tower,2,27,2,0,31,2,15,45,0,62,4,42,47,0,93,20,0,20,113
12/03/2000,MKK,HI,AWP,WE,Federal Contract Tower,2,29,3,0,34,0,40,43,0,83,2,69,46,0,117,40,0,40,157
12/04/2000,MKK,HI,AWP,WE,Federal Contract Tower,3,22,1,1,27,1,49,29,4,83,4,71,30,5,110,6,0,6,116
12/05/2000,MKK,HI,AWP,WE,Federal Contract Tower,3,24,2,1,30,1,44,10,3,58,4,68,12,4,88,10,0,10,98
12/06/2000,MKK,HI,AWP,WE,Federal Contract Tower,3,25,2,0,30,1,44,38,0,83,4,69,40,0,113,10,0,10,123
12/07/2000,MKK,HI,AWP,WE,Federal Contract Tower,4,24,2,1,31,0,41,24,5,70,4,65,26,6,101,0,0,0,101
12/08/2000,MKK,HI,AWP,WE,Federal Contract Tower,5,30,2,2,39,0,49,30,4,83,5,79,32,6,122,0,0,0,122
12/09/2000,MKK,HI,AWP,WE,Federal Contract Tower,4,23,2,0,29,0,48,40,0,88,4,71,42,0,117,8,0,8,125
12/10/2000,MKK,HI,AWP,WE,Federal Contract Tower,4,23,2,1,30,0,42,42,1,85,4,65,44,2,115,8,0,8,123
12/11/2000,MKK,HI,AWP,WE,Federal Contract Tower,4,24,2,1,31,0,60,24,3,87,4,84,26,4,118,22,0,22,140
12/12/2000,MKK,HI,AWP,WE,Federal Contract Tower,4,26,1,2,33,0,37,16,2,55,4,63,17,4,88,0,0,0,88
12/13/2000,MKK,HI,AWP,WE,Federal Contract Tower,4,22,2,1,29,0,35,9,9,53,4,57,11,10,82,0,0,0,82
12/14/2000,MKK,HI,AWP,WE,Federal Contract Tower,4,22,2,0,28,0,54,17,0,71,4,76,19,0,99,2,2,4,103
12/15/2000,MKK,HI,AWP,WE,Federal Contract Tower,4,31,2,0,37,0,61,26,0,87,4,92,28,0,124,0,0,0,124
12/16/2000,MKK,HI,AWP,WE,Federal Contract Tower,4,18,1,0,23,0,31,17,0,48,4,49,18,0,71,14,0,14,85
12/17/2000,MKK,HI,AWP,WE,Federal Contract Tower,4,30,2,2,38,0,44,26,0,70,4,74,28,2,108,4,0,4,112
12/18/2000,MKK,HI,AWP,WE,Federal Contract Tower,4,22,2,1,29,0,43,19,1,63,4,65,21,2,92,6,0,6,98
12/19/2000,MKK,HI,AWP,WE,Federal Contract Tower,4,22,2,1,29,0,50,18,8,76,4,72,20,9,105,10,0,10,115
12/20/2000,MKK,HI,AWP,WE,Federal Contract Tower,4,22,2,1,29,0,43,10,5,58,4,65,12,6,87,2,74,76,163
12/21/2000,MKK,HI,AWP,WE,Federal Contract Tower,4,28,2,2,36,0,58,22,8,88,4,86,24,10,124,2,0,2,126
12/22/2000,MKK,HI,AWP,WE,Federal Contract Tower,4,26,1,0,31,0,63,17,0,80,4,89,18,0,111,4,0,4,115
12/23/2000,MKK,HI,AWP,WE,Federal Contract Tower,4,22,2,0,28,0,50,47,0,97,4,72,49,0,125,8,0,8,133
12/24/2000,MKK,HI,AWP,WE,Federal Contract Tower,4,21,1,0,26,0,37,21,0,58,4,58,22,0,84,0,0,0,84
12/25/2000,MKK,HI,AWP,WE,Federal Contract Tower,3,19,1,0,23,1,15,3,0,19,4,34,4,0,42,4,0,4,46
12/26/2000,MKK,HI,AWP,WE,Federal Contract Tower,4,24,2,0,30,0,53,19,0,72,4,77,21,0,102,12,0,12,114
12/27/2000,MKK,HI,AWP,WE,Federal Contract Tower,4,22,2,0,28,0,55,18,2,75,4,77,20,2,103,2,0,2,105
12/28/2000,MKK,HI,AWP,WE,Federal Contract Tower,4,26,1,1,32,0,62,23,3,88,4,88,24,4,120,0,0,0,120
12/29/2000,MKK,HI,AWP,WE,Federal Contract Tower,4,29,2,0,35,0,67,16,0,83,4,96,18,0,118,0,0,0,118
12/30/2000,MKK,HI,AWP,WE,Federal Contract Tower,4,22,2,0,28,0,40,14,0,54,4,62,16,0,82,16,0,16,98
12/31/2000,MKK,HI,AWP,WE,Federal Contract Tower,4,21,1,0,26,0,43,25,0,68,4,64,26,0,94,2,0,2,96
01/01/2001,MKK,HI,AWP,WE,Federal Contract Tower,0,21,2,0,23,0,11,15,0,26,0,32,17,0,49,8,0,8,57
01/02/2001,MKK,HI,AWP,WE,Federal Contract Tower,2,32,1,0,35,0,48,10,0,58,2,80,11,0,93,6,0,6,99
01/03/2001,MKK,HI,AWP,WE,Federal Contract Tower,1,28,2,1,32,3,54,17,4,78,4,82,19,5,110,0,0,0,110
01/04/2001,MKK,HI,AWP,WE,Federal Contract Tower,2,26,1,1,30,2,64,24,5,95,4,90,25,6,125,6,30,36,161
01/05/2001,MKK,HI,AWP,WE,Federal Contract Tower,2,24,1,1,28,2,58,29,0,89,4,82,30,1,117,10,0,10,127
01/06/2001,MKK,HI,AWP,WE,Federal Contract Tower,2,23,1,0,26,2,38,28,0,68,4,61,29,0,94,6,0,6,100
01/07/2001,MKK,HI,AWP,WE,Federal Contract Tower,1,20,1,1,23,3,46,22,1,72,4,66,23,2,95,10,0,10,105
01/08/2001,MKK,HI,AWP,WE,Federal Contract Tower,2,25,3,1,31,0,60,13,1,74,2,85,16,2,105,4,0,4,109
01/09/2001,MKK,HI,AWP,WE,Federal Contract Tower,2,35,3,2,42,0,35,16,16,67,2,70,19,18,109,2,0,2,111
01/10/2001,MKK,HI,AWP,WE,Federal Contract Tower,2,34,2,2,40,0,47,26,0,73,2,81,28,2,113,2,0,2,115
01/11/2001,MKK,HI,AWP,WE,Federal Contract Tower,2,29,2,1,34,0,64,17,5,86,2,93,19,6,120,0,0,0,120
01/12/2001,MKK,HI,AWP,WE,Federal Contract Tower,3,30,2,1,36,1,64,23,1,89,4,94,25,2,125,2,0,2,127
01/13/2001,MKK,HI,AWP,WE,Federal Contract Tower,2,25,3,1,31,0,43,23,3,69,2,68,26,4,100,4,0,4,104
01/14/2001,MKK,HI,AWP,WE,Federal Contract Tower,2,25,2,0,29,2,42,30,0,74,4,67,32,0,103,20,0,20,123
01/15/2001,MKK,HI,AWP,WE,Federal Contract Tower,2,28,3,0,33,0,46,7,0,53,2,74,10,0,86,12,0,12,98
01/16/2001,MKK,HI,AWP,WE,Federal Contract Tower,2,30,1,1,34,0,51,28,3,82,2,81,29,4,116,2,0,2,118
01/17/2001,MKK,HI,AWP,WE,Federal Contract Tower,2,31,1,2,36,0,40,13,4,57,2,71,14,6,93,2,10,12,105
01/18/2001,MKK,HI,AWP,WE,Federal Contract Tower,2,29,1,1,33,0,44,15,5,64,2,73,16,6,97,8,0,8,105
01/19/2001,MKK,HI,AWP,WE,Federal Contract Tower,4,32,1,2,39,0,62,25,3,90,4,94,26,5,129,2,0,2,131
01/20/2001,MKK,HI,AWP,WE,Federal Contract Tower,4,29,1,1,35,0,40,36,0,76,4,69,37,1,111,14,0,14,125
01/21/2001,MKK,HI,AWP,WE,Federal Contract Tower,3,20,1,1,25,1,44,25,2,72,4,64,26,3,97,2,0,2,99
01/22/2001,MKK,HI,AWP,WE,Federal Contract Tower,2,28,2,1,33,0,61,9,5,75,2,89,11,6,108,0,0,0,108
01/23/2001,MKK,HI,AWP,WE,Federal Contract Tower,2,27,2,1,32,0,60,9,9,78,2,87,11,10,110,0,10,10,120
01/24/2001,MKK,HI,AWP,WE,Federal Contract Tower,2,29,1,1,33,0,56,31,1,88,2,85,32,2,121,0,26,26,147
01/25/2001,MKK,HI,AWP,WE,Federal Contract Tower,2,30,1,0,33,0,53,16,2,71,2,83,17,2,104,26,0,26,130
01/26/2001,MKK,HI,AWP,WE,Federal Contract Tower,4,31,1,0,36,0,55,12,4,71,4,86,13,4,107,0,0,0,107
01/27/2001,MKK,HI,AWP,WE,Federal Contract Tower,3,27,2,0,32,1,44,16,0,61,4,71,18,0,93,8,0,8,101
01/28/2001,MKK,HI,AWP,WE,Federal Contract Tower,3,27,2,0,32,1,29,20,0,50,4,56,22,0,82,12,0,12,94
01/29/2001,MKK,HI,AWP,WE,Federal Contract Tower,2,31,1,0,34,0,40,24,2,66,2,71,25,2,100,0,0,0,100
01/30/2001,MKK,HI,AWP,WE,Federal Contract Tower,2,32,1,1,36,0,53,26,3,82,2,85,27,4,118,18,0,18,136
01/31/2001,MKK,HI,AWP,WE,Federal Contract Tower,2,29,2,0,33,0,36,19,8,63,2,65,21,8,96,2,34,36,132
02/01/2001,MKK,HI,AWP,WE,Federal Contract Tower,3,24,2,0,29,1,54,22,4,81,4,78,24,4,110,0,0,0,110
02/02/2001,MKK,HI,AWP,WE,Federal Contract Tower,2,29,2,1,34,4,40,32,1,77,6,69,34,2,111,0,0,0,111
02/03/2001,MKK,HI,AWP,WE,Federal Contract Tower,1,21,2,0,24,1,20,9,0,30,2,41,11,0,54,2,0,2,56
02/04/2001,MKK,HI,AWP,WE,Federal Contract Tower,1,21,2,0,24,3,41,22,0,66,4,62,24,0,90,22,0,22,112
02/05/2001,MKK,HI,AWP,WE,Federal Contract Tower,2,21,3,0,26,0,59,24,4,87,2,80,27,4,113,12,0,12,125
02/06/2001,MKK,HI,AWP,WE,Federal Contract Tower,2,23,2,0,27,0,36,28,10,74,2,59,30,10,101,12,36,48,149
02/07/2001,MKK,HI,AWP,WE,Federal Contract Tower,2,21,2,1,26,0,49,18,3,70,2,70,20,4,96,6,0,6,102
02/08/2001,MKK,HI,AWP,WE,Federal Contract Tower,2,23,1,1,27,0,53,10,0,63,2,76,11,1,90,0,0,0,90
02/09/2001,MKK,HI,AWP,WE,Federal Contract Tower,2,20,1,1,24,2,59,17,3,81,4,79,18,4,105,8,0,8,113
02/10/2001,MKK,HI,AWP,WE,Federal Contract Tower,3,23,1,1,28,1,33,9,0,43,4,56,10,1,71,6,0,6,77
02/11/2001,MKK,HI,AWP,WE,Federal Contract Tower,2,18,1,1,22,2,36,19,1,58,4,54,20,2,80,8,0,8,88
02/12/2001,MKK,HI,AWP,WE,Federal Contract Tower,2,20,2,1,25,0,54,9,1,64,2,74,11,2,89,0,0,0,89
02/13/2001,MKK,HI,AWP,WE,Federal Contract Tower,2,22,1,1,26,0,44,11,3,58,2,66,12,4,84,0,0,0,84
02/14/2001,MKK,HI,AWP,WE,Federal Contract Tower,2,19,1,0,22,0,50,5,0,55,2,69,6,0,77,0,0,0,77
02/15/2001,MKK,HI,AWP,WE,Federal Contract Tower,2,21,2,0,25,0,61,1,0,62,2,82,3,0,87,0,0,0,87
02/16/2001,MKK,HI,AWP,WE,Federal Contract Tower,3,20,1,0,24,1,58,33,0,92,4,78,34,0,116,6,0,6,122
02/17/2001,MKK,HI,AWP,WE,Federal Contract Tower,4,26,1,2,33,0,41,20,2,63,4,67,21,4,96,2,1,3,99
02/18/2001,MKK,HI,AWP,WE,Federal Contract Tower,3,17,1,0,21,1,47,66,0,114,4,64,67,0,135,2,0,2,137
02/19/2001,MKK,HI,AWP,WE,Federal Contract Tower,2,20,1,0,23,0,52,41,0,93,2,72,42,0,116,14,0,14,130
02/20/2001,MKK,HI,AWP,WE,Federal Contract Tower,2,17,1,0,20,0,64,33,0,97,2,81,34,0,117,34,0,34,151
02/21/2001,MKK,HI,AWP,WE,Federal Contract Tower,2,14,0,1,17,0,59,35,1,95,2,73,35,2,112,16,0,16,128
02/22/2001,MKK,HI,AWP,WE,Federal Contract Tower,0,17,1,1,19,0,70,37,7,114,0,87,38,8,133,12,0,12,145
02/23/2001,MKK,HI,AWP,WE,Federal Contract Tower,3,20,2,0,25,1,83,20,0,104,4,103,22,0,129,0,0,0,129
02/24/2001,MKK,HI,AWP,WE,Federal Contract Tower,2,16,1,0,19,0,43,33,0,76,2,59,34,0,95,4,0,4,99
02/25/2001,MKK,HI,AWP,WE,Federal Contract Tower,2,20,2,0,24,0,55,23,0,78,2,75,25,0,102,24,0,24,126
02/26/2001,MKK,HI,AWP,WE,Federal Contract Tower,2,24,1,1,28,0,67,20,11,98,2,91,21,12,126,8,0,8,134
02/27/2001,MKK,HI,AWP,WE,Federal Contract Tower,2,22,1,1,26,0,57,18,1,76,2,79,19,2,102,8,0,8,110
02/28/2001,MKK,HI,AWP,WE,Federal Contract Tower,2,21,2,1,26,0,40,24,7,71,2,61,26,8,97,16,0,16,113
03/01/2001,MKK,HI,AWP,WE,Federal Contract Tower,2,21,3,0,26,0,58,24,8,90,2,79,27,8,116,4,52,56,172
03/02/2001,MKK,HI,AWP,WE,Federal Contract Tower,1,24,3,0,28,3,50,23,0,76,4,74,26,0,104,0,0,0,104
03/03/2001,MKK,HI,AWP,WE,Federal Contract Tower,1,24,3,0,28,3,25,22,4,54,4,49,25,4,82,12,0,12,94
03/04/2001,MKK,HI,AWP,WE,Federal Contract Tower,3,24,3,0,30,1,48,35,0,84,4,72,38,0,114,8,0,8,122
03/05/2001,MKK,HI,AWP,WE,Federal Contract Tower,2,20,2,0,24,0,58,27,4,89,2,78,29,4,113,2,0,2,115
03/06/2001,MKK,HI,AWP,WE,Federal Contract Tower,2,24,2,0,28,0,55,20,0,75,2,79,22,0,103,6,0,6,109
03/07/2001,MKK,HI,AWP,WE,Federal Contract Tower,2,21,2,1,26,0,68,18,1,87,2,89,20,2,113,4,12,16,129
03/08/2001,MKK,HI,AWP,WE,Federal Contract Tower,2,27,4,1,34,0,51,24,5,80,2,78,28,6,114,0,42,42,156
03/09/2001,MKK,HI,AWP,WE,Federal Contract Tower,3,27,4,0,34,3,59,12,0,74,6,86,16,0,108,0,0,0,108
03/10/2001,MKK,HI,AWP,WE,Federal Contract Tower,3,25,3,0,31,1,36,22,0,59,4,61,25,0,90,2,0,2,92
03/11/2001,MKK,HI,AWP,WE,Federal Contract Tower,2,18,2,0,22,2,40,22,0,64,4,58,24,0,86,2,0,2,88
03/12/2001,MKK,HI,AWP,WE,Federal Contract Tower,2,16,2,0,20,0,68,12,0,80,2,84,14,0,100,0,0,0,100
03/13/2001,MKK,HI,AWP,WE,Federal Contract Tower,2,25,3,1,31,0,44,16,13,73,2,69,19,14,104,4,40,44,148
03/14/2001,MKK,HI,AWP,WE,Federal Contract Tower,2,23,2,1,28,0,38,9,3,50,2,61,11,4,78,12,0,12,90
03/15/2001,MKK,HI,AWP,WE,Federal Contract Tower,2,22,2,1,27,0,52,34,7,93,2,74,36,8,120,4,0,4,124
03/16/2001,MKK,HI,AWP,WE,Federal Contract Tower,3,22,2,0,27,1,64,15,0,80,4,86,17,0,107,4,0,4,111
03/17/2001,MKK,HI,AWP,WE,Federal Contract Tower,3,19,2,1,25,1,35,34,11,81,4,54,36,12,106,6,0,6,112
03/18/2001,MKK,HI,AWP,WE,Federal Contract Tower,3,18,1,0,22,1,38,31,0,70,4,56,32,0,92,4,0,4,96
03/19/2001,MKK,HI,AWP,WE,Federal Contract Tower,2,30,3,1,36,0,33,19,1,53,2,63,22,2,89,4,0,4,93
03/20/2001,MKK,HI,AWP,WE,Federal Contract Tower,2,23,2,1,28,0,50,21,1,72,2,73,23,2,100,0,0,0,100
03/21/2001,MKK,HI,AWP,WE,Federal Contract Tower,2,21,2,0,25,0,58,34,0,92,2,79,36,0,117,30,0,30,147
03/22/2001,MKK,HI,AWP,WE,Federal Contract Tower,2,20,2,0,24,0,72,44,0,116,2,92,46,0,140,8,0,8,148
03/23/2001,MKK,HI,AWP,WE,Federal Contract Tower,2,24,2,1,29,0,64,30,1,95,2,88,32,2,124,0,0,0,124
03/24/2001,MKK,HI,AWP,WE,Federal Contract Tower,2,19,1,0,22,0,37,18,0,55,2,56,19,0,77,0,0,0,77
03/25/2001,MKK,HI,AWP,WE,Federal Contract Tower,3,19,1,0,23,1,63,36,0,100,4,82,37,0,123,0,0,0,123
03/26/2001,MKK,HI,AWP,WE,Federal Contract Tower,1,12,1,0,14,1,69,7,2,79,2,81,8,2,93,0,0,0,93
03/27/2001,MKK,HI,AWP,WE,Federal Contract Tower,2,13,1,0,16,0,68,17,2,87,2,81,18,2,103,8,0,8,111
03/28/2001,MKK,HI,AWP,WE,Federal Contract Tower,2,27,2,0,31,0,56,23,6,85,2,83,25,6,116,4,12,16,132
03/29/2001,MKK,HI,AWP,WE,Federal Contract Tower,0,17,1,0,18,0,74,37,3,114,0,91,38,3,132,6,0,6,138
03/30/2001,MKK,HI,AWP,WE,Federal Contract Tower,2,20,1,0,23,0,58,15,4,77,2,78,16,4,100,0,0,0,100
03/31/2001,MKK,HI,AWP,WE,Federal Contract Tower,3,19,1,0,23,1,38,25,0,64,4,57,26,0,87,4,0,4,91
04/01/2001,MKK,HI,AWP,WE,Federal Contract Tower,3,18,2,0,23,1,44,10,1,56,4,62,12,1,79,2,0,2,81
04/02/2001,MKK,HI,AWP,WE,Federal Contract Tower,3,19,3,0,25,1,45,18,0,64,4,64,21,0,89,0,0,0,89
04/03/2001,MKK,HI,AWP,WE,Federal Contract Tower,2,21,0,2,25,0,53,17,1,71,2,74,17,3,96,0,0,0,96
04/04/2001,MKK,HI,AWP,WE,Federal Contract Tower,2,25,0,0,27,0,43,10,3,56,2,68,10,3,83,12,0,12,95
04/05/2001,MKK,HI,AWP,WE,Federal Contract Tower,2,22,2,3,29,0,56,23,8,87,2,78,25,11,116,0,0,0,116
04/06/2001,MKK,HI,AWP,WE,Federal Contract Tower,4,23,4,3,34,0,57,17,7,81,4,80,21,10,115,0,0,0,115
04/07/2001,MKK,HI,AWP,WE,Federal Contract Tower,4,20,1,0,25,0,43,24,1,68,4,63,25,1,93,18,0,18,111
04/08/2001,MKK,HI,AWP,WE,Federal Contract Tower,4,17,1,0,22,0,41,15,0,56,4,58,16,0,78,20,0,20,98
04/09/2001,MKK,HI,AWP,WE,Federal Contract Tower,2,23,1,1,27,0,49,19,14,82,2,72,20,15,109,2,0,2,111
04/10/2001,MKK,HI,AWP,WE,Federal Contract Tower,2,21,2,0,25,0,42,8,1,51,2,63,10,1,76,12,0,12,88
04/11/2001,MKK,HI,AWP,WE,Federal Contract Tower,2,23,1,0,26,0,37,9,4,50,2,60,10,4,76,0,0,0,76
04/12/2001,MKK,HI,AWP,WE,Federal Contract Tower,2,22,1,0,25,0,70,9,2,81,2,92,10,2,106,2,0,2,108
04/13/2001,MKK,HI,AWP,WE,Federal Contract Tower,4,23,2,0,29,0,57,10,0,67,4,80,12,0,96,0,0,0,96
04/14/2001,MKK,HI,AWP,WE,Federal Contract Tower,4,19,2,0,25,0,33,33,0,66,4,52,35,0,91,12,0,12,103
04/15/2001,MKK,HI,AWP,WE,Federal Contract Tower,4,17,2,1,24,0,48,26,1,75,4,65,28,2,99,4,0,4,103
04/16/2001,MKK,HI,AWP,WE,Federal Contract Tower,2,20,0,0,22,0,50,22,0,72,2,70,22,0,94,0,2,2,96
04/17/2001,MKK,HI,AWP,WE,Federal Contract Tower,2,21,1,0,24,0,62,16,0,78,2,83,17,0,102,4,0,4,106
04/18/2001,MKK,HI,AWP,WE,Federal Contract Tower,4,22,1,0,27,0,31,28,0,59,4,53,29,0,86,0,0,0,86
04/19/2001,MKK,HI,AWP,WE,Federal Contract Tower,2,21,3,4,30,0,58,29,6,93,2,79,32,10,123,10,0,10,133
04/20/2001,MKK,HI,AWP,WE,Federal Contract Tower,4,22,4,0,30,0,64,32,1,97,4,86,36,1,127,0,0,0,127
04/21/2001,MKK,HI,AWP,WE,Federal Contract Tower,4,22,0,0,26,0,50,27,0,77,4,72,27,0,103,18,2,20,123
04/22/2001,MKK,HI,AWP,WE,Federal Contract Tower,6,17,3,0,26,0,42,33,0,75,6,59,36,0,101,8,0,8,109
04/23/2001,MKK,HI,AWP,WE,Federal Contract Tower,2,22,0,0,24,0,53,14,2,69,2,75,14,2,93,2,0,2,95
04/24/2001,MKK,HI,AWP,WE,Federal Contract Tower,2,21,1,4,28,0,56,34,4,94,2,77,35,8,122,20,6,26,148
04/25/2001,MKK,HI,AWP,WE,Federal Contract Tower,2,23,1,0,26,0,40,22,4,66,2,63,23,4,92,4,22,26,118
04/26/2001,MKK,HI,AWP,WE,Federal Contract Tower,2,23,0,0,25,0,58,20,0,78,2,81,20,0,103,0,0,0,103
04/27/2001,MKK,HI,AWP,WE,Federal Contract Tower,4,23,2,1,30,0,53,16,8,77,4,76,18,9,107,2,16,18,125
04/28/2001,MKK,HI,AWP,WE,Federal Contract Tower,4,18,3,0,25,0,35,26,0,61,4,53,29,0,86,4,0,4,90
04/29/2001,MKK,HI,AWP,WE,Federal Contract Tower,4,19,1,0,24,0,47,41,0,88,4,66,42,0,112,0,0,0,112
04/30/2001,MKK,HI,AWP,WE,Federal Contract Tower,2,20,3,2,27,0,39,15,2,56,2,59,18,4,83,4,4,8,91
05/01/2001,MKK,HI,AWP,WE,Federal Contract Tower,2,22,2,3,29,0,41,25,3,69,2,63,27,6,98,6,0,6,104
05/02/2001,MKK,HI,AWP,WE,Federal Contract Tower,2,22,0,2,26,0,39,14,2,55,2,61,14,4,81,2,0,2,83
05/03/2001,MKK,HI,AWP,WE,Federal Contract Tower,2,23,4,1,30,0,53,36,4,93,2,76,40,5,123,18,0,18,141
05/04/2001,MKK,HI,AWP,WE,Federal Contract Tower,4,21,2,0,27,0,53,32,0,85,4,74,34,0,112,0,0,0,112
05/05/2001,MKK,HI,AWP,WE,Federal Contract Tower,4,21,0,0,25,0,37,25,0,62,4,58,25,0,87,16,0,16,103
05/06/2001,MKK,HI,AWP,WE,Federal Contract Tower,4,18,0,0,22,0,36,33,4,73,4,54,33,4,95,6,0,6,101
05/07/2001,MKK,HI,AWP,WE,Federal Contract Tower,2,22,0,6,30,0,41,15,0,56,2,63,15,6,86,20,2,22,108
05/08/2001,MKK,HI,AWP,WE,Federal Contract Tower,2,20,2,7,31,0,49,23,3,75,2,69,25,10,106,8,0,8,114
05/09/2001,MKK,HI,AWP,WE,Federal Contract Tower,2,24,1,2,29,0,51,17,4,72,2,75,18,6,101,26,40,66,167
05/10/2001,MKK,HI,AWP,WE,Federal Contract Tower,2,23,0,5,30,0,55,31,2,88,2,78,31,7,118,32,0,32,150
05/11/2001,MKK,HI,AWP,WE,Federal Contract Tower,4,24,1,3,32,0,58,45,14,117,4,82,46,17,149,0,0,0,149
05/12/2001,MKK,HI,AWP,WE,Federal Contract Tower,4,22,0,0,26,0,30,45,0,75,4,52,45,0,101,26,0,26,127
05/13/2001,MKK,HI,AWP,WE,Federal Contract Tower,3,17,1,0,21,0,39,23,0,62,3,56,24,0,83,12,0,12,95
05/14/2001,MKK,HI,AWP,WE,Federal Contract Tower,2,21,0,6,29,0,50,29,0,79,2,71,29,6,108,2,2,4,112
05/15/2001,MKK,HI,AWP,WE,Federal Contract Tower,2,21,0,5,28,0,54,25,3,82,2,75,25,8,110,12,44,56,166
05/16/2001,MKK,HI,AWP,WE,Federal Contract Tower,2,23,0,4,29,0,34,31,0,65,2,57,31,4,94,6,0,6,100
05/17/2001,MKK,HI,AWP,WE,Federal Contract Tower,2,23,7,4,36,0,55,29,8,92,2,78,36,12,128,6,0,6,134
05/18/2001,MKK,HI,AWP,WE,Federal Contract Tower,4,21,1,1,27,0,75,47,6,128,4,96,48,7,155,2,0,2,157
05/19/2001,MKK,HI,AWP,WE,Federal Contract Tower,4,19,0,0,23,0,38,13,2,53,4,57,13,2,76,0,0,0,76
05/20/2001,MKK,HI,AWP,WE,Federal Contract Tower,4,19,5,0,28,0,53,25,0,78,4,72,30,0,106,16,0,16,122
05/21/2001,MKK,HI,AWP,WE,Federal Contract Tower,4,20,0,0,24,0,45,22,4,71,4,65,22,4,95,4,20,24,119
05/22/2001,MKK,HI,AWP,WE,Federal Contract Tower,2,20,0,5,27,0,47,23,1,71,2,67,23,6,98,8,2,10,108
05/23/2001,MKK,HI,AWP,WE,Federal Contract Tower,2,23,3,1,29,0,24,17,3,44,2,47,20,4,73,8,36,44,117
05/24/2001,MKK,HI,AWP,WE,Federal Contract Tower,2,20,1,3,26,0,48,37,1,86,2,68,38,4,112,18,0,18,130
05/25/2001,MKK,HI,AWP,WE,Federal Contract Tower,4,25,0,0,29,0,83,42,0,125,4,108,42,0,154,2,0,2,156
05/26/2001,MKK,HI,AWP,WE,Federal Contract Tower,4,19,6,0,29,0,57,45,0,102,4,76,51,0,131,10,0,10,141
05/27/2001,MKK,HI,AWP,WE,Federal Contract Tower,4,16,1,5,26,0,36,17,3,56,4,52,18,8,82,10,0,10,92
05/28/2001,MKK,HI,AWP,WE,Federal Contract Tower,2,27,0,0,29,0,45,22,0,67,2,72,22,0,96,10,0,10,106
05/29/2001,MKK,HI,AWP,WE,Federal Contract Tower,2,31,0,7,40,0,46,22,3,71,2,77,22,10,111,2,20,22,133
05/30/2001,MKK,HI,AWP,WE,Federal Contract Tower,2,23,0,1,26,0,40,16,3,59,2,63,16,4,85,10,20,30,115
05/31/2001,MKK,HI,AWP,WE,Federal Contract Tower,2,22,0,2,26,0,63,30,1,94,2,85,30,3,120,4,10,14,134
06/01/2001,MKK,HI,AWP,WE,Federal Contract Tower,4,24,2,1,31,0,75,28,5,108,4,99,30,6,139,0,0,0,139
06/02/2001,MKK,HI,AWP,WE,Federal Contract Tower,4,21,5,0,30,0,35,25,2,62,4,56,30,2,92,10,0,10,102
06/03/2001,MKK,HI,AWP,WE,Federal Contract Tower,4,19,3,1,27,0,70,44,3,117,4,89,47,4,144,0,0,0,144
06/04/2001,MKK,HI,AWP,WE,Federal Contract Tower,2,24,2,2,30,0,59,11,2,72,2,83,13,4,102,10,28,38,140
06/05/2001,MKK,HI,AWP,WE,Federal Contract Tower,2,20,2,0,24,0,49,12,0,61,2,69,14,0,85,0,0,0,85
06/06/2001,MKK,HI,AWP,WE,Federal Contract Tower,2,20,0,0,22,0,51,11,2,64,2,71,11,2,86,10,0,10,96
06/07/2001,MKK,HI,AWP,WE,Federal Contract Tower,2,21,0,0,23,0,59,30,0,89,2,80,30,0,112,0,0,0,112
06/08/2001,MKK,HI,AWP,WE,Federal Contract Tower,4,23,1,0,28,0,90,28,0,118,4,113,29,0,146,4,0,4,150
06/09/2001,MKK,HI,AWP,WE,Federal Contract Tower,4,18,2,0,24,0,36,20,0,56,4,54,22,0,80,6,0,6,86
06/10/2001,MKK,HI,AWP,WE,Federal Contract Tower,4,17,0,0,21,0,35,25,0,60,4,52,25,0,81,2,0,2,83
06/11/2001,MKK,HI,AWP,WE,Federal Contract Tower,2,22,2,1,27,0,63,20,6,89,2,85,22,7,116,4,0,4,120
06/12/2001,MKK,HI,AWP,WE,Federal Contract Tower,2,23,2,0,27,0,52,15,0,67,2,75,17,0,94,0,0,0,94
06/13/2001,MKK,HI,AWP,WE,Federal Contract Tower,2,22,0,0,24,0,47,18,6,71,2,69,18,6,95,4,14,18,113
06/14/2001,MKK,HI,AWP,WE,Federal Contract Tower,2,24,0,0,26,0,71,20,2,93,2,95,20,2,119,8,0,8,127
06/15/2001,MKK,HI,AWP,WE,Federal Contract Tower,4,21,1,3,29,0,65,39,2,106,4,86,40,5,135,0,0,0,135
06/16/2001,MKK,HI,AWP,WE,Federal Contract Tower,4,22,3,0,29,0,38,29,6,73,4,60,32,6,102,16,0,16,118
06/17/2001,MKK,HI,AWP,WE,Federal Contract Tower,4,19,2,0,25,0,39,24,2,65,4,58,26,2,90,12,0,12,102
06/18/2001,MKK,HI,AWP,WE,Federal Contract Tower,4,22,1,0,27,0,57,13,0,70,4,79,14,0,97,0,0,0,97
06/19/2001,MKK,HI,AWP,WE,Federal Contract Tower,4,22,1,8,35,0,37,31,8,76,4,59,32,16,111,2,0,2,113
06/20/2001,MKK,HI,AWP,WE,Federal Contract Tower,4,23,3,0,30,0,36,28,4,68,4,59,31,4,98,22,0,22,120
06/21/2001,MKK,HI,AWP,WE,Federal Contract Tower,4,20,0,2,26,0,62,40,2,104,4,82,40,4,130,8,20,28,158
06/22/2001,MKK,HI,AWP,WE,Federal Contract Tower,4,22,2,4,32,0,64,54,6,124,4,86,56,10,156,37,14,51,207
06/23/2001,MKK,HI,AWP,WE,Federal Contract Tower,4,25,2,0,31,0,45,28,4,77,4,70,30,4,108,10,0,10,118
06/24/2001,MKK,HI,AWP,WE,Federal Contract Tower,4,19,3,0,26,0,44,25,0,69,4,63,28,0,95,76,0,76,171
06/25/2001,MKK,HI,AWP,WE,Federal Contract Tower,4,19,2,2,27,0,53,14,6,73,4,72,16,8,100,2,30,32,132
06/26/2001,MKK,HI,AWP,WE,Federal Contract Tower,4,22,2,1,29,0,33,18,13,64,4,55,20,14,93,2,0,2,95
06/27/2001,MKK,HI,AWP,WE,Federal Contract Tower,4,21,3,0,28,0,31,9,4,44,4,52,12,4,72,4,0,4,76
06/28/2001,MKK,HI,AWP,WE,Federal Contract Tower,4,24,0,1,29,0,52,30,8,90,4,76,30,9,119,0,0,0,119
06/29/2001,MKK,HI,AWP,WE,Federal Contract Tower,4,22,0,0,26,0,50,38,0,88,4,72,38,0,114,4,0,4,118
06/30/2001,MKK,HI,AWP,WE,Federal Contract Tower,4,19,0,0,23,0,26,22,0,48,4,45,22,0,71,8,0,8,79
07/01/2001,MKK,HI,AWP,WE,Federal Contract Tower,4,17,0,0,21,0,41,42,0,83,4,58,42,0,104,14,0,14,118
07/02/2001,MKK,HI,AWP,WE,Federal Contract Tower,4,21,1,0,26,0,49,19,0,68,4,70,20,0,94,4,0,4,98
07/03/2001,MKK,HI,AWP,WE,Federal Contract Tower,4,24,0,1,29,0,42,15,1,58,4,66,15,2,87,4,0,4,91
07/04/2001,MKK,HI,AWP,WE,Federal Contract Tower,4,18,2,2,26,0,31,13,0,44,4,49,15,2,70,4,0,4,74
07/05/2001,MKK,HI,AWP,WE,Federal Contract Tower,4,25,0,0,29,0,57,36,0,93,4,82,36,0,122,0,0,0,122
07/06/2001,MKK,HI,AWP,WE,Federal Contract Tower,4,21,0,2,27,0,77,34,4,115,4,98,34,6,142,0,0,0,142
07/07/2001,MKK,HI,AWP,WE,Federal Contract Tower,4,20,0,0,24,0,33,41,0,74,4,53,41,0,98,12,0,12,110
07/08/2001,MKK,HI,AWP,WE,Federal Contract Tower,4,17,0,2,23,0,52,40,4,96,4,69,40,6,119,20,0,20,139
07/09/2001,MKK,HI,AWP,WE,Federal Contract Tower,4,20,1,3,28,0,62,20,5,87,4,82,21,8,115,0,36,36,151
07/10/2001,MKK,HI,AWP,WE,Federal Contract Tower,4,23,0,3,30,0,52,27,1,80,4,75,27,4,110,2,0,2,112
07/11/2001,MKK,HI,AWP,WE,Federal Contract Tower,4,21,0,0,25,0,45,14,4,63,4,66,14,4,88,0,36,36,124
07/12/2001,MKK,HI,AWP,WE,Federal Contract Tower,4,22,2,4,32,0,62,34,2,98,4,84,36,6,130,6,0,6,136
07/13/2001,MKK,HI,AWP,WE,Federal Contract Tower,4,22,2,0,28,0,82,30,0,112,4,104,32,0,140,20,0,20,160
07/14/2001,MKK,HI,AWP,WE,Federal Contract Tower,4,20,1,0,25,0,53,22,0,75,4,73,23,0,100,10,0,10,110
07/15/2001,MKK,HI,AWP,WE,Federal Contract Tower,4,17,3,0,24,0,51,21,0,72,4,68,24,0,96,2,0,2,98
07/16/2001,MKK,HI,AWP,WE,Federal Contract Tower,4,22,4,0,30,0,71,23,0,94,4,93,27,0,124,2,0,2,126
07/17/2001,MKK,HI,AWP,WE,Federal Contract Tower,4,21,8,2,35,0,52,14,0,66,4,73,22,2,101,4,2,6,107
07/18/2001,MKK,HI,AWP,WE,Federal Contract Tower,4,22,1,1,28,0,50,19,5,74,4,72,20,6,102,4,0,4,106
07/19/2001,MKK,HI,AWP,WE,Federal Contract Tower,4,24,4,2,34,0,58,18,6,82,4,82,22,8,116,12,0,12,128
07/20/2001,MKK,HI,AWP,WE,Federal Contract Tower,4,20,2,0,26,0,68,26,0,94,4,88,28,0,120,4,0,4,124
07/21/2001,MKK,HI,AWP,WE,Federal Contract Tower,4,19,2,0,25,0,47,46,0,93,4,66,48,0,118,0,0,0,118
07/22/2001,MKK,HI,AWP,WE,Federal Contract Tower,4,17,3,0,24,0,50,33,0,83,4,67,36,0,107,18,0,18,125
07/23/2001,MKK,HI,AWP,WE,Federal Contract Tower,4,22,0,0,26,0,44,28,6,78,4,66,28,6,104,18,0,18,122
07/24/2001,MKK,HI,AWP,WE,Federal Contract Tower,4,20,0,2,26,0,56,11,8,75,4,76,11,10,101,2,0,2,103
07/25/2001,MKK,HI,AWP,WE,Federal Contract Tower,4,21,5,0,30,0,38,22,0,60,4,59,27,0,90,12,0,12,102
07/26/2001,MKK,HI,AWP,WE,Federal Contract Tower,4,22,6,0,32,0,56,19,4,79,4,78,25,4,111,6,8,14,125
07/27/2001,MKK,HI,AWP,WE,Federal Contract Tower,4,21,2,0,27,0,75,38,2,115,4,96,40,2,142,2,0,2,144
07/28/2001,MKK,HI,AWP,WE,Federal Contract Tower,4,20,4,0,28,0,37,29,2,68,4,57,33,2,96,0,0,0,96
07/29/2001,MKK,HI,AWP,WE,Federal Contract Tower,4,19,1,0,24,0,48,34,0,82,4,67,35,0,106,16,0,16,122
07/30/2001,MKK,HI,AWP,WE,Federal Contract Tower,4,22,0,1,27,0,52,22,3,77,4,74,22,4,104,22,0,22,126
07/31/2001,MKK,HI,AWP,WE,Federal Contract Tower,4,21,2,2,29,0,46,20,4,70,4,67,22,6,99,16,0,16,115
08/01/2001,MKK,HI,AWP,WE,Federal Contract Tower,4,20,1,0,25,0,34,24,0,58,4,54,25,0,83,0,0,0,83
08/02/2001,MKK,HI,AWP,WE,Federal Contract Tower,4,25,6,2,37,0,58,22,7,87,4,83,28,9,124,4,20,24,148
08/03/2001,MKK,HI,AWP,WE,Federal Contract Tower,4,27,8,0,39,0,71,23,3,97,4,98,31,3,136,8,0,8,144
08/04/2001,MKK,HI,AWP,WE,Federal Contract Tower,4,20,3,0,27,0,38,18,1,57,4,58,21,1,84,36,0,36,120
08/05/2001,MKK,HI,AWP,WE,Federal Contract Tower,2,15,0,0,17,0,61,40,0,101,2,76,40,0,118,28,0,28,146
08/06/2001,MKK,HI,AWP,WE,Federal Contract Tower,4,18,0,2,24,0,68,13,2,83,4,86,13,4,107,6,44,50,157
08/07/2001,MKK,HI,AWP,WE,Federal Contract Tower,4,25,2,2,33,0,50,24,4,78,4,75,26,6,111,6,0,6,117
08/08/2001,MKK,HI,AWP,WE,Federal Contract Tower,4,22,11,0,37,0,47,30,0,77,4,69,41,0,114,14,0,14,128
08/09/2001,MKK,HI,AWP,WE,Federal Contract Tower,4,26,2,0,32,0,86,42,4,132,4,112,44,4,164,8,0,8,172
08/10/2001,MKK,HI,AWP,WE,Federal Contract Tower,4,20,0,2,26,0,78,30,0,108,4,98,30,2,134,6,0,6,140
08/11/2001,MKK,HI,AWP,WE,Federal Contract Tower,4,18,3,0,25,0,56,18,0,74,4,74,21,0,99,22,0,22,121
08/12/2001,MKK,HI,AWP,WE,Federal Contract Tower,4,17,2,0,23,0,53,28,0,81,4,70,30,0,104,0,0,0,104
08/13/2001,MKK,HI,AWP,WE,Federal Contract Tower,4,23,0,2,29,0,66,17,4,87,4,89,17,6,116,2,38,40,156
08/14/2001,MKK,HI,AWP,WE,Federal Contract Tower,4,22,0,1,27,0,49,9,3,61,4,71,9,4,88,0,8,8,96
08/15/2001,MKK,HI,AWP,WE,Federal Contract Tower,4,23,5,1,33,0,54,23,1,78,4,77,28,2,111,8,0,8,119
08/16/2001,MKK,HI,AWP,WE,Federal Contract Tower,4,22,2,4,32,0,70,28,2,100,4,92,30,6,132,0,14,14,146
08/17/2001,MKK,HI,AWP,WE,Federal Contract Tower,4,19,3,1,27,0,93,45,3,141,4,112,48,4,168,12,4,16,184
08/18/2001,MKK,HI,AWP,WE,Federal Contract Tower,4,18,8,0,30,0,43,21,0,64,4,61,29,0,94,6,0,6,100
08/19/2001,MKK,HI,AWP,WE,Federal Contract Tower,4,22,3,0,29,0,66,43,0,109,4,88,46,0,138,8,0,8,146
08/20/2001,MKK,HI,AWP,WE,Federal Contract Tower,4,22,3,3,32,0,73,28,11,112,4,95,31,14,144,2,20,22,166
08/21/2001,MKK,HI,AWP,WE,Federal Contract Tower,4,23,3,4,34,0,44,18,6,68,4,67,21,10,102,12,16,28,130
08/22/2001,MKK,HI,AWP,WE,Federal Contract Tower,4,22,0,0,26,0,34,19,4,57,4,56,19,4,83,0,14,14,97
08/23/2001,MKK,HI,AWP,WE,Federal Contract Tower,4,25,9,3,41,0,59,43,3,105,4,84,52,6,146,0,36,36,182
08/24/2001,MKK,HI,AWP,WE,Federal Contract Tower,4,22,3,4,33,0,74,35,8,117,4,96,38,12,150,0,0,0,150
08/25/2001,MKK,HI,AWP,WE,Federal Contract Tower,4,16,2,0,22,0,34,32,0,66,4,50,34,0,88,6,0,6,94
08/26/2001,MKK,HI,AWP,WE,Federal Contract Tower,4,13,3,0,20,0,43,41,0,84,4,56,44,0,104,56,0,56,160
08/27/2001,MKK,HI,AWP,WE,Federal Contract Tower,4,27,1,2,34,0,44,21,6,71,4,71,22,8,105,20,0,20,125
08/28/2001,MKK,HI,AWP,WE,Federal Contract Tower,4,24,4,2,34,0,45,10,6,61,4,69,14,8,95,4,6,10,105
08/29/2001,MKK,HI,AWP,WE,Federal Contract Tower,4,22,3,3,32,0,43,17,7,67,4,65,20,10,99,0,40,40,139
08/30/2001,MKK,HI,AWP,WE,Federal Contract Tower,4,21,0,0,25,0,57,33,3,93,4,78,33,3,118,0,0,0,118
08/31/2001,MKK,HI,AWP,WE,Federal Contract Tower,4,30,2,0,36,0,60,36,6,102,4,90,38,6,138,0,0,0,138
09/01/2001,MKK,HI,AWP,WE,Federal Contract Tower,4,17,5,0,26,0,50,31,0,81,4,67,36,0,107,26,0,26,133
09/02/2001,MKK,HI,AWP,WE,Federal Contract Tower,4,16,3,0,23,0,46,40,0,86,4,62,43,0,109,38,0,38,147
09/03/2001,MKK,HI,AWP,WE,Federal Contract Tower,4,24,4,3,35,0,52,28,1,81,4,76,32,4,116,2,0,2,118
09/04/2001,MKK,HI,AWP,WE,Federal Contract Tower,4,22,0,2,28,0,61,25,8,94,4,83,25,10,122,12,0,12,134
09/05/2001,MKK,HI,AWP,WE,Federal Contract Tower,4,21,5,9,39,0,41,19,3,63,4,62,24,12,102,12,14,26,128
09/06/2001,MKK,HI,AWP,WE,Federal Contract Tower,4,20,1,0,25,0,56,31,4,91,4,76,32,4,116,6,0,6,122
09/07/2001,MKK,HI,AWP,WE,Federal Contract Tower,4,20,2,6,32,0,62,28,3,93,4,82,30,9,125,0,0,0,125
09/08/2001,MKK,HI,AWP,WE,Federal Contract Tower,4,15,1,0,20,0,33,17,4,54,4,48,18,4,74,4,4,8,82
09/09/2001,MKK,HI,AWP,WE,Federal Contract Tower,4,15,5,0,24,0,31,50,0,81,4,46,55,0,105,22,0,22,127
09/10/2001,MKK,HI,AWP,WE,Federal Contract Tower,4,24,0,0,28,0,53,13,6,72,4,77,13,6,100,36,72,108,208
09/11/2001,MKK,HI,AWP,WE,Federal Contract Tower,0,0,0,0,0,0,0,0,0,0,0,0,0,0,0,0,0,0,0
09/12/2001,MKK,HI,AWP,WE,Federal Contract Tower,0,0,0,0,0,0,0,0,0,0,0,0,0,0,0,0,0,0,0
09/13/2001,MKK,HI,AWP,WE,Federal Contract Tower,0,13,0,0,13,0,35,0,0,35,0,48,0,0,48,0,0,0,48
09/14/2001,MKK,HI,AWP,WE,Federal Contract Tower,4,25,0,0,29,0,61,0,0,61,4,86,0,0,90,0,0,0,90
09/15/2001,MKK,HI,AWP,WE,Federal Contract Tower,4,17,0,0,21,0,31,0,1,32,4,48,0,1,53,0,0,0,53
09/16/2001,MKK,HI,AWP,WE,Federal Contract Tower,4,13,6,0,23,0,33,1,0,34,4,46,7,0,57,0,0,0,57
09/17/2001,MKK,HI,AWP,WE,Federal Contract Tower,4,27,5,3,39,0,50,0,3,53,4,77,5,6,92,0,32,32,124
09/18/2001,MKK,HI,AWP,WE,Federal Contract Tower,4,25,11,3,43,0,57,6,14,77,4,82,17,17,120,0,48,48,168
09/19/2001,MKK,HI,AWP,WE,Federal Contract Tower,4,26,6,2,38,0,44,4,2,50,4,70,10,4,88,0,32,32,120
09/20/2001,MKK,HI,AWP,WE,Federal Contract Tower,4,23,7,0,34,0,49,1,6,56,4,72,8,6,90,0,18,18,108
09/21/2001,MKK,HI,AWP,WE,Federal Contract Tower,6,34,22,0,62,10,55,14,4,83,16,89,36,4,145,22,0,22,167
09/22/2001,MKK,HI,AWP,WE,Federal Contract Tower,6,21,10,0,37,0,48,11,5,64,6,69,21,5,101,2,0,2,103
09/23/2001,MKK,HI,AWP,WE,Federal Contract Tower,4,18,3,4,29,0,38,13,0,51,4,56,16,4,80,8,4,12,92
09/24/2001,MKK,HI,AWP,WE,Federal Contract Tower,4,16,5,2,27,0,56,11,6,73,4,72,16,8,100,22,18,40,140
09/25/2001,MKK,HI,AWP,WE,Federal Contract Tower,4,19,3,0,26,0,45,19,6,70,4,64,22,6,96,26,88,114,210
09/26/2001,MKK,HI,AWP,WE,Federal Contract Tower,4,18,5,0,27,0,42,12,0,54,4,60,17,0,81,18,0,18,99
09/27/2001,MKK,HI,AWP,WE,Federal Contract Tower,4,15,10,0,29,0,69,26,6,101,4,84,36,6,130,36,0,36,166
09/28/2001,MKK,HI,AWP,WE,Federal Contract Tower,4,16,4,4,28,0,78,26,7,111,4,94,30,11,139,24,6,30,169
09/29/2001,MKK,HI,AWP,WE,Federal Contract Tower,4,15,3,6,28,0,41,27,12,80,4,56,30,18,108,20,0,20,128
09/30/2001,MKK,HI,AWP,WE,Federal Contract Tower,4,10,3,0,17,0,50,31,2,83,4,60,34,2,100,26,0,26,126
10/01/2001,MKK,HI,AWP,WE,Federal Contract Tower,2,33,2,8,45,0,43,0,2,45,2,76,2,10,90,4,2,6,96
10/02/2001,MKK,HI,AWP,WE,Federal Contract Tower,2,28,1,0,31,0,54,7,0,61,2,82,8,0,92,8,0,8,100
10/03/2001,MKK,HI,AWP,WE,Federal Contract Tower,2,24,7,2,35,0,48,24,0,72,2,72,31,2,107,16,0,16,123
10/04/2001,MKK,HI,AWP,WE,Federal Contract Tower,4,29,9,2,44,0,65,40,10,115,4,94,49,12,159,32,0,32,191
10/05/2001,MKK,HI,AWP,WE,Federal Contract Tower,6,36,14,2,58,0,82,42,7,131,6,118,56,9,189,0,0,0,189
10/06/2001,MKK,HI,AWP,WE,Federal Contract Tower,6,30,10,0,46,0,75,17,0,92,6,105,27,0,138,10,4,14,152
10/07/2001,MKK,HI,AWP,WE,Federal Contract Tower,4,26,11,2,43,0,46,15,0,61,4,72,26,2,104,22,0,22,126
10/08/2001,MKK,HI,AWP,WE,Federal Contract Tower,2,24,3,0,29,0,56,17,6,79,2,80,20,6,108,10,0,10,118
10/09/2001,MKK,HI,AWP,WE,Federal Contract Tower,2,28,3,2,35,0,56,5,2,63,2,84,8,4,98,12,0,12,110
10/10/2001,MKK,HI,AWP,WE,Federal Contract Tower,2,27,3,0,32,0,41,21,0,62,2,68,24,0,94,0,0,0,94
10/11/2001,MKK,HI,AWP,WE,Federal Contract Tower,2,26,5,0,33,0,50,25,10,85,2,76,30,10,118,10,10,20,138
10/12/2001,MKK,HI,AWP,WE,Federal Contract Tower,4,27,3,2,36,0,61,15,2,78,4,88,18,4,114,4,0,4,118
10/13/2001,MKK,HI,AWP,WE,Federal Contract Tower,4,23,3,0,30,0,46,24,12,82,4,69,27,12,112,16,0,16,128
10/14/2001,MKK,HI,AWP,WE,Federal Contract Tower,4,23,3,0,30,0,56,33,0,89,4,79,36,0,119,0,0,0,119
10/15/2001,MKK,HI,AWP,WE,Federal Contract Tower,1,28,0,0,29,0,61,20,2,83,1,89,20,2,112,18,24,42,154
10/16/2001,MKK,HI,AWP,WE,Federal Contract Tower,2,27,1,4,34,0,62,14,4,80,2,89,15,8,114,2,48,50,164
10/17/2001,MKK,HI,AWP,WE,Federal Contract Tower,2,29,4,5,40,0,51,21,1,73,2,80,25,6,113,10,28,38,151
10/18/2001,MKK,HI,AWP,WE,Federal Contract Tower,2,31,2,4,39,0,83,24,14,121,2,114,26,18,160,14,8,22,182
10/19/2001,MKK,HI,AWP,WE,Federal Contract Tower,4,26,5,2,37,0,70,39,4,113,4,96,44,6,150,12,0,12,162
10/20/2001,MKK,HI,AWP,WE,Federal Contract Tower,4,25,0,0,29,0,41,41,0,82,4,66,41,0,111,8,0,8,119
10/21/2001,MKK,HI,AWP,WE,Federal Contract Tower,4,24,1,0,29,0,70,30,0,100,4,94,31,0,129,32,0,32,161
10/22/2001,MKK,HI,AWP,WE,Federal Contract Tower,2,27,0,3,32,0,63,14,5,82,2,90,14,8,114,0,2,2,116
10/23/2001,MKK,HI,AWP,WE,Federal Contract Tower,2,28,5,5,40,0,53,24,5,82,2,81,29,10,122,6,2,8,130
10/24/2001,MKK,HI,AWP,WE,Federal Contract Tower,2,24,1,4,31,0,41,13,2,56,2,65,14,6,87,2,0,2,89
10/25/2001,MKK,HI,AWP,WE,Federal Contract Tower,2,29,3,2,36,0,51,53,2,106,2,80,56,4,142,16,0,16,158
10/26/2001,MKK,HI,AWP,WE,Federal Contract Tower,4,30,4,2,40,0,56,25,2,83,4,86,29,4,123,6,0,6,129
10/27/2001,MKK,HI,AWP,WE,Federal Contract Tower,4,23,9,0,36,0,49,10,0,59,4,72,19,0,95,0,0,0,95
10/28/2001,MKK,HI,AWP,WE,Federal Contract Tower,4,24,5,0,33,0,36,15,0,51,4,60,20,0,84,8,0,8,92
10/29/2001,MKK,HI,AWP,WE,Federal Contract Tower,2,28,3,6,39,0,52,10,0,62,2,80,13,6,101,0,4,4,105
10/30/2001,MKK,HI,AWP,WE,Federal Contract Tower,2,31,8,2,43,0,51,25,2,78,2,82,33,4,121,18,0,18,139
10/31/2001,MKK,HI,AWP,WE,Federal Contract Tower,2,25,0,0,27,0,41,17,0,58,2,66,17,0,85,0,0,0,85
11/01/2001,MKK,HI,AWP,WE,Federal Contract Tower,2,30,6,2,40,0,58,20,0,78,2,88,26,2,118,0,0,0,118
11/02/2001,MKK,HI,AWP,WE,Federal Contract Tower,4,28,8,0,40,0,78,26,7,111,4,106,34,7,151,12,0,12,163
11/03/2001,MKK,HI,AWP,WE,Federal Contract Tower,4,21,1,0,26,0,33,30,0,63,4,54,31,0,89,4,0,4,93
11/04/2001,MKK,HI,AWP,WE,Federal Contract Tower,4,22,3,0,29,0,49,25,0,74,4,71,28,0,103,10,0,10,113
11/05/2001,MKK,HI,AWP,WE,Federal Contract Tower,2,26,0,4,32,0,73,16,2,91,2,99,16,6,123,28,0,28,151
11/06/2001,MKK,HI,AWP,WE,Federal Contract Tower,2,28,0,8,38,0,61,16,2,79,2,89,16,10,117,24,4,28,145
11/07/2001,MKK,HI,AWP,WE,Federal Contract Tower,2,29,2,4,37,0,35,16,4,55,2,64,18,8,92,4,0,4,96
11/08/2001,MKK,HI,AWP,WE,Federal Contract Tower,2,40,2,5,49,0,64,18,9,91,2,104,20,14,140,0,18,18,158
11/09/2001,MKK,HI,AWP,WE,Federal Contract Tower,4,27,5,4,40,0,71,31,5,107,4,98,36,9,147,12,0,12,159
11/10/2001,MKK,HI,AWP,WE,Federal Contract Tower,4,26,5,0,35,0,37,25,10,72,4,63,30,10,107,34,0,34,141
11/11/2001,MKK,HI,AWP,WE,Federal Contract Tower,4,25,2,0,31,0,47,36,0,83,4,72,38,0,114,12,0,12,126
11/12/2001,MKK,HI,AWP,WE,Federal Contract Tower,2,25,9,0,36,0,47,18,0,65,2,72,27,0,101,4,0,4,105
11/13/2001,MKK,HI,AWP,WE,Federal Contract Tower,2,26,3,0,31,0,71,20,0,91,2,97,23,0,122,4,0,4,126
11/14/2001,MKK,HI,AWP,WE,Federal Contract Tower,2,23,0,2,27,0,37,29,8,74,2,60,29,10,101,12,12,24,125
11/15/2001,MKK,HI,AWP,WE,Federal Contract Tower,2,30,0,12,44,0,51,34,4,89,2,81,34,16,133,6,0,6,139
11/16/2001,MKK,HI,AWP,WE,Federal Contract Tower,4,26,2,5,37,0,70,36,11,117,4,96,38,16,154,18,0,18,172
11/17/2001,MKK,HI,AWP,WE,Federal Contract Tower,2,23,3,0,28,0,30,31,0,61,2,53,34,0,89,26,0,26,115
11/18/2001,MKK,HI,AWP,WE,Federal Contract Tower,4,20,3,0,27,0,49,57,0,106,4,69,60,0,133,56,0,56,189
11/19/2001,MKK,HI,AWP,WE,Federal Contract Tower,2,26,0,4,32,0,59,25,10,94,2,85,25,14,126,10,20,30,156
11/20/2001,MKK,HI,AWP,WE,Federal Contract Tower,2,25,2,2,31,0,66,21,0,87,2,91,23,2,118,0,0,0,118
11/21/2001,MKK,HI,AWP,WE,Federal Contract Tower,2,32,2,0,36,0,57,31,0,88,2,89,33,0,124,0,0,0,124
11/22/2001,MKK,HI,AWP,WE,Federal Contract Tower,2,25,0,0,27,0,31,14,0,45,2,56,14,0,72,4,0,4,76
11/23/2001,MKK,HI,AWP,WE,Federal Contract Tower,4,28,5,0,37,0,54,25,0,79,4,82,30,0,116,6,0,6,122
11/24/2001,MKK,HI,AWP,WE,Federal Contract Tower,4,22,0,0,26,0,34,26,0,60,4,56,26,0,86,12,0,12,98
11/25/2001,MKK,HI,AWP,WE,Federal Contract Tower,2,19,2,0,23,0,49,32,0,81,2,68,34,0,104,64,0,64,168
11/26/2001,MKK,HI,AWP,WE,Federal Contract Tower,0,29,3,0,32,0,65,13,6,84,0,94,16,6,116,4,0,4,120
11/27/2001,MKK,HI,AWP,WE,Federal Contract Tower,0,33,1,0,34,0,16,0,0,16,0,49,1,0,50,0,0,0,50
11/28/2001,MKK,HI,AWP,WE,Federal Contract Tower,0,31,1,1,33,0,30,14,1,45,0,61,15,2,78,44,0,44,122
11/29/2001,MKK,HI,AWP,WE,Federal Contract Tower,2,30,0,2,34,0,66,30,4,100,2,96,30,6,134,20,0,20,154
11/30/2001,MKK,HI,AWP,WE,Federal Contract Tower,4,30,1,2,37,0,56,17,2,75,4,86,18,4,112,8,0,8,120
12/01/2001,MKK,HI,AWP,WE,Federal Contract Tower,4,24,4,0,32,0,32,16,0,48,4,56,20,0,80,6,0,6,86
12/02/2001,MKK,HI,AWP,WE,Federal Contract Tower,4,22,1,0,27,0,32,15,0,47,4,54,16,0,74,8,0,8,82
12/03/2001,MKK,HI,AWP,WE,Federal Contract Tower,2,28,0,3,33,0,58,20,3,81,2,86,20,6,114,4,28,32,146
12/04/2001,MKK,HI,AWP,WE,Federal Contract Tower,2,27,0,8,37,0,62,21,4,87,2,89,21,12,124,34,24,58,182
12/05/2001,MKK,HI,AWP,WE,Federal Contract Tower,2,27,5,3,37,0,30,31,9,70,2,57,36,12,107,42,50,92,199
12/06/2001,MKK,HI,AWP,WE,Federal Contract Tower,2,29,0,2,33,0,50,16,8,74,2,79,16,10,107,40,16,56,163
12/07/2001,MKK,HI,AWP,WE,Federal Contract Tower,4,36,1,4,45,0,62,29,11,102,4,98,30,15,147,58,0,58,205
12/08/2001,MKK,HI,AWP,WE,Federal Contract Tower,4,24,3,0,31,0,44,19,4,67,4,68,22,4,98,62,0,62,160
12/09/2001,MKK,HI,AWP,WE,Federal Contract Tower,4,22,2,0,28,0,52,26,11,89,4,74,28,11,117,32,0,32,149
12/10/2001,MKK,HI,AWP,WE,Federal Contract Tower,4,29,0,2,35,0,59,15,6,80,4,88,15,8,115,2,42,44,159
12/11/2001,MKK,HI,AWP,WE,Federal Contract Tower,2,27,2,0,31,0,57,19,8,84,2,84,21,8,115,2,68,70,185
12/12/2001,MKK,HI,AWP,WE,Federal Contract Tower,2,31,2,4,39,0,47,6,5,58,2,78,8,9,97,0,0,0,97
12/13/2001,MKK,HI,AWP,WE,Federal Contract Tower,2,30,0,0,32,0,25,0,3,28,2,55,0,3,60,0,26,26,86
12/14/2001,MKK,HI,AWP,WE,Federal Contract Tower,2,29,3,2,36,2,47,2,0,51,4,76,5,2,87,0,0,0,87
12/15/2001,MKK,HI,AWP,WE,Federal Contract Tower,4,25,3,0,32,0,36,8,2,46,4,61,11,2,78,70,0,70,148
12/16/2001,MKK,HI,AWP,WE,Federal Contract Tower,4,27,3,0,34,0,39,15,0,54,4,66,18,0,88,32,0,32,120
12/17/2001,MKK,HI,AWP,WE,Federal Contract Tower,2,24,1,2,29,0,64,26,2,92,2,88,27,4,121,42,0,42,163
12/18/2001,MKK,HI,AWP,WE,Federal Contract Tower,2,26,5,3,36,0,50,37,9,96,2,76,42,12,132,32,34,66,198
12/19/2001,MKK,HI,AWP,WE,Federal Contract Tower,2,28,2,0,32,0,34,14,2,50,2,62,16,2,82,0,8,8,90
12/20/2001,MKK,HI,AWP,WE,Federal Contract Tower,2,25,0,1,28,0,66,9,3,78,2,91,9,4,106,0,0,0,106
12/21/2001,MKK,HI,AWP,WE,Federal Contract Tower,4,31,0,2,37,0,71,17,0,88,4,102,17,2,125,0,0,0,125
12/22/2001,MKK,HI,AWP,WE,Federal Contract Tower,4,25,2,0,31,0,62,25,0,87,4,87,27,0,118,22,0,22,140
12/23/2001,MKK,HI,AWP,WE,Federal Contract Tower,2,30,0,0,32,0,40,3,0,43,2,70,3,0,75,0,0,0,75
12/24/2001,MKK,HI,AWP,WE,Federal Contract Tower,0,25,0,0,25,0,64,22,9,95,0,89,22,9,120,6,0,6,126
12/25/2001,MKK,HI,AWP,WE,Federal Contract Tower,0,23,0,0,23,0,22,8,0,30,0,45,8,0,53,0,0,0,53
12/26/2001,MKK,HI,AWP,WE,Federal Contract Tower,2,33,1,2,38,0,37,10,2,49,2,70,11,4,87,0,0,0,87
12/27/2001,MKK,HI,AWP,WE,Federal Contract Tower,0,22,2,0,24,0,70,33,2,105,0,92,35,2,129,7,0,7,136
12/28/2001,MKK,HI,AWP,WE,Federal Contract Tower,0,28,5,1,34,0,71,22,3,96,0,99,27,4,130,44,0,44,174
12/29/2001,MKK,HI,AWP,WE,Federal Contract Tower,2,25,5,0,32,0,39,9,0,48,2,64,14,0,80,14,0,14,94
12/30/2001,MKK,HI,AWP,WE,Federal Contract Tower,0,23,0,0,23,0,53,13,2,68,0,76,13,2,91,8,0,8,99
12/31/2001,MKK,HI,AWP,WE,Federal Contract Tower,2,27,0,0,29,0,26,15,0,41,2,53,15,0,70,0,0,0,70
01/01/2002,MKK,HI,AWP,WE,Federal Contract Tower,2,10,3,0,15,0,16,14,0,30,2,26,17,0,45,6,0,6,51
01/02/2002,MKK,HI,AWP,WE,Federal Contract Tower,0,17,3,2,22,0,61,17,2,80,0,78,20,4,102,12,0,12,114
01/03/2002,MKK,HI,AWP,WE,Federal Contract Tower,2,16,1,0,19,0,61,25,8,94,2,77,26,8,113,46,0,46,159
01/04/2002,MKK,HI,AWP,WE,Federal Contract Tower,2,26,2,2,32,0,58,30,3,91,2,84,32,5,123,6,0,6,129
01/05/2002,MKK,HI,AWP,WE,Federal Contract Tower,0,23,3,0,26,0,39,12,0,51,0,62,15,0,77,10,0,10,87
01/06/2002,MKK,HI,AWP,WE,Federal Contract Tower,4,22,0,0,26,0,38,6,0,44,4,60,6,0,70,0,0,0,70
01/07/2002,MKK,HI,AWP,WE,Federal Contract Tower,0,25,2,0,27,0,64,23,8,95,0,89,25,8,122,12,24,36,158
01/08/2002,MKK,HI,AWP,WE,Federal Contract Tower,0,17,0,3,20,0,57,25,3,85,0,74,25,6,105,6,8,14,119
01/09/2002,MKK,HI,AWP,WE,Federal Contract Tower,0,19,3,5,27,0,58,23,1,82,0,77,26,6,109,8,0,8,117
01/10/2002,MKK,HI,AWP,WE,Federal Contract Tower,2,23,2,9,36,0,56,10,0,66,2,79,12,9,102,6,0,6,108
01/11/2002,MKK,HI,AWP,WE,Federal Contract Tower,4,29,2,0,35,0,77,46,0,123,4,106,48,0,158,12,0,12,170
01/12/2002,MKK,HI,AWP,WE,Federal Contract Tower,4,22,1,2,29,0,44,18,0,62,4,66,19,2,91,20,0,20,111
01/13/2002,MKK,HI,AWP,WE,Federal Contract Tower,4,22,1,2,29,0,46,41,3,90,4,68,42,5,119,18,0,18,137
01/14/2002,MKK,HI,AWP,WE,Federal Contract Tower,2,26,2,0,30,0,71,15,0,86,2,97,17,0,116,0,0,0,116
01/15/2002,MKK,HI,AWP,WE,Federal Contract Tower,2,16,3,10,31,0,70,24,0,94,2,86,27,10,125,10,4,14,139
01/16/2002,MKK,HI,AWP,WE,Federal Contract Tower,1,18,1,0,20,0,38,19,0,57,1,56,20,0,77,0,0,0,77
01/17/2002,MKK,HI,AWP,WE,Federal Contract Tower,2,19,4,0,25,0,69,24,3,96,2,88,28,3,121,0,0,0,121
01/18/2002,MKK,HI,AWP,WE,Federal Contract Tower,4,31,2,0,37,0,63,10,1,74,4,94,12,1,111,0,0,0,111
01/19/2002,MKK,HI,AWP,WE,Federal Contract Tower,4,21,0,0,25,0,51,2,0,53,4,72,2,0,78,0,0,0,78
01/20/2002,MKK,HI,AWP,WE,Federal Contract Tower,4,27,0,0,31,0,41,0,0,41,4,68,0,0,72,0,0,0,72
01/21/2002,MKK,HI,AWP,WE,Federal Contract Tower,2,21,3,0,26,0,60,13,0,73,2,81,16,0,99,2,0,2,101
01/22/2002,MKK,HI,AWP,WE,Federal Contract Tower,2,25,0,0,27,0,53,8,0,61,2,78,8,0,88,0,0,0,88
01/23/2002,MKK,HI,AWP,WE,Federal Contract Tower,2,17,0,2,21,0,56,13,0,69,2,73,13,2,90,0,0,0,90
01/24/2002,MKK,HI,AWP,WE,Federal Contract Tower,2,20,5,0,27,0,46,33,3,82,2,66,38,3,109,0,24,24,133
01/25/2002,MKK,HI,AWP,WE,Federal Contract Tower,4,33,7,2,46,0,56,12,0,68,4,89,19,2,114,0,0,0,114
01/26/2002,MKK,HI,AWP,WE,Federal Contract Tower,4,22,4,0,30,0,40,24,0,64,4,62,28,0,94,12,0,12,106
01/27/2002,MKK,HI,AWP,WE,Federal Contract Tower,4,24,1,0,29,0,44,19,0,63,4,68,20,0,92,4,0,4,96
01/28/2002,MKK,HI,AWP,WE,Federal Contract Tower,0,25,1,0,26,0,28,14,6,48,0,53,15,6,74,10,16,26,100
01/29/2002,MKK,HI,AWP,WE,Federal Contract Tower,0,29,0,6,35,0,7,0,0,7,0,36,0,6,42,0,0,0,42
01/30/2002,MKK,HI,AWP,WE,Federal Contract Tower,0,19,2,0,21,0,32,5,4,41,0,51,7,4,62,0,36,36,98
01/31/2002,MKK,HI,AWP,WE,Federal Contract Tower,2,22,5,0,29,0,56,13,6,75,2,78,18,6,104,0,0,0,104
02/01/2002,MKK,HI,AWP,WE,Federal Contract Tower,4,29,3,5,41,0,87,38,0,125,4,116,41,5,166,2,0,2,168
02/02/2002,MKK,HI,AWP,WE,Federal Contract Tower,4,24,0,0,28,0,37,22,0,59,4,61,22,0,87,8,0,8,95
02/03/2002,MKK,HI,AWP,WE,Federal Contract Tower,4,24,3,0,31,0,30,31,0,61,4,54,34,0,92,6,0,6,98
02/04/2002,MKK,HI,AWP,WE,Federal Contract Tower,2,26,2,0,30,0,43,13,0,56,2,69,15,0,86,0,0,0,86
02/05/2002,MKK,HI,AWP,WE,Federal Contract Tower,2,20,0,4,26,0,44,24,2,70,2,64,24,6,96,6,0,6,102
02/06/2002,MKK,HI,AWP,WE,Federal Contract Tower,2,18,5,3,28,0,50,11,3,64,2,68,16,6,92,0,6,6,98
02/07/2002,MKK,HI,AWP,WE,Federal Contract Tower,0,16,2,0,18,0,48,38,2,88,0,64,40,2,106,4,0,4,110
02/08/2002,MKK,HI,AWP,WE,Federal Contract Tower,2,33,1,0,36,0,53,13,3,69,2,86,14,3,105,6,0,6,111
02/09/2002,MKK,HI,AWP,WE,Federal Contract Tower,4,22,0,0,26,0,62,9,0,71,4,84,9,0,97,2,0,2,99
02/10/2002,MKK,HI,AWP,WE,Federal Contract Tower,4,22,1,0,27,0,54,23,0,77,4,76,24,0,104,12,0,12,116
02/11/2002,MKK,HI,AWP,WE,Federal Contract Tower,2,22,1,0,25,0,43,17,0,60,2,65,18,0,85,6,0,6,91
02/12/2002,MKK,HI,AWP,WE,Federal Contract Tower,2,21,0,0,23,0,43,8,4,55,2,64,8,4,78,8,22,30,108
02/13/2002,MKK,HI,AWP,WE,Federal Contract Tower,2,17,0,0,19,0,45,12,10,67,2,62,12,10,86,4,42,46,132
02/14/2002,MKK,HI,AWP,WE,Federal Contract Tower,2,17,1,0,20,0,89,53,9,151,2,106,54,9,171,0,38,38,209
02/15/2002,MKK,HI,AWP,WE,Federal Contract Tower,4,30,2,0,36,0,70,40,5,115,4,100,42,5,151,10,8,18,169
02/16/2002,MKK,HI,AWP,WE,Federal Contract Tower,6,21,2,0,29,0,47,62,3,112,6,68,64,3,141,0,0,0,141
02/17/2002,MKK,HI,AWP,WE,Federal Contract Tower,4,23,4,0,31,0,37,34,0,71,4,60,38,0,102,4,0,4,106
02/18/2002,MKK,HI,AWP,WE,Federal Contract Tower,2,24,2,0,28,0,49,51,4,104,2,73,53,4,132,2,0,2,134
02/19/2002,MKK,HI,AWP,WE,Federal Contract Tower,2,20,1,0,23,0,57,18,6,81,2,77,19,6,104,0,30,30,134
02/20/2002,MKK,HI,AWP,WE,Federal Contract Tower,2,16,0,0,18,0,50,24,2,76,2,66,24,2,94,2,0,2,96
02/21/2002,MKK,HI,AWP,WE,Federal Contract Tower,2,20,4,2,28,0,68,26,6,100,2,88,30,8,128,10,32,42,170
02/22/2002,MKK,HI,AWP,WE,Federal Contract Tower,4,28,0,1,33,0,70,35,6,111,4,98,35,7,144,4,0,4,148
02/23/2002,MKK,HI,AWP,WE,Federal Contract Tower,4,22,2,0,28,0,58,28,0,86,4,80,30,0,114,18,0,18,132
02/24/2002,MKK,HI,AWP,WE,Federal Contract Tower,4,24,3,0,31,0,54,39,0,93,4,78,42,0,124,2,0,2,126
02/25/2002,MKK,HI,AWP,WE,Federal Contract Tower,2,27,0,4,33,0,51,12,2,65,2,78,12,6,98,2,22,24,122
02/26/2002,MKK,HI,AWP,WE,Federal Contract Tower,2,22,1,3,28,0,60,16,1,77,2,82,17,4,105,2,0,2,107
02/27/2002,MKK,HI,AWP,WE,Federal Contract Tower,2,16,0,3,21,0,33,17,5,55,2,49,17,8,76,0,24,24,100
02/28/2002,MKK,HI,AWP,WE,Federal Contract Tower,2,17,7,2,28,0,59,34,4,97,2,76,41,6,125,14,6,20,145
03/01/2002,MKK,HI,AWP,WE,Federal Contract Tower,4,28,1,0,33,0,88,25,9,122,4,116,26,9,155,14,0,14,169
03/02/2002,MKK,HI,AWP,WE,Federal Contract Tower,4,22,4,2,32,0,42,38,9,89,4,64,42,11,121,22,2,24,145
03/03/2002,MKK,HI,AWP,WE,Federal Contract Tower,4,24,2,2,32,0,36,31,0,67,4,60,33,2,99,16,0,16,115
03/04/2002,MKK,HI,AWP,WE,Federal Contract Tower,2,27,3,0,32,0,51,19,14,84,2,78,22,14,116,6,50,56,172
03/05/2002,MKK,HI,AWP,WE,Federal Contract Tower,2,20,5,0,27,0,70,17,8,95,2,90,22,8,122,2,48,50,172
03/06/2002,MKK,HI,AWP,WE,Federal Contract Tower,2,19,0,0,21,0,41,10,2,53,2,60,10,2,74,0,32,32,106
03/07/2002,MKK,HI,AWP,WE,Federal Contract Tower,2,17,0,2,21,0,67,26,7,100,2,84,26,9,121,20,38,58,179
03/08/2002,MKK,HI,AWP,WE,Federal Contract Tower,4,30,5,6,45,0,64,43,1,108,4,94,48,7,153,10,0,10,163
03/09/2002,MKK,HI,AWP,WE,Federal Contract Tower,4,21,3,0,28,0,37,33,2,72,4,58,36,2,100,18,0,18,118
03/10/2002,MKK,HI,AWP,WE,Federal Contract Tower,4,21,0,0,25,0,29,25,0,54,4,50,25,0,79,12,0,12,91
03/11/2002,MKK,HI,AWP,WE,Federal Contract Tower,2,25,0,0,27,0,72,18,2,92,2,97,18,2,119,0,2,2,121
03/12/2002,MKK,HI,AWP,WE,Federal Contract Tower,2,19,3,6,30,0,41,24,6,71,2,60,27,12,101,2,48,50,151
03/13/2002,MKK,HI,AWP,WE,Federal Contract Tower,2,21,0,0,23,0,37,18,5,60,2,58,18,5,83,0,20,20,103
03/14/2002,MKK,HI,AWP,WE,Federal Contract Tower,2,17,2,1,22,0,55,40,6,101,2,72,42,7,123,0,0,0,123
03/15/2002,MKK,HI,AWP,WE,Federal Contract Tower,4,30,0,0,34,0,69,38,10,117,4,99,38,10,151,2,0,2,153
03/16/2002,MKK,HI,AWP,WE,Federal Contract Tower,4,24,2,0,30,0,43,31,0,74,4,67,33,0,104,6,0,6,110
03/17/2002,MKK,HI,AWP,WE,Federal Contract Tower,2,26,6,0,34,0,30,12,4,46,2,56,18,4,80,4,0,4,84
03/18/2002,MKK,HI,AWP,WE,Federal Contract Tower,2,23,0,8,33,0,65,10,0,75,2,88,10,8,108,2,18,20,128
03/19/2002,MKK,HI,AWP,WE,Federal Contract Tower,2,18,0,4,24,0,52,18,4,74,2,70,18,8,98,0,0,0,98
03/20/2002,MKK,HI,AWP,WE,Federal Contract Tower,2,18,3,0,23,0,66,23,4,93,2,84,26,4,116,0,2,2,118
03/21/2002,MKK,HI,AWP,WE,Federal Contract Tower,2,15,2,2,21,0,51,16,5,72,2,66,18,7,93,10,32,42,135
03/22/2002,MKK,HI,AWP,WE,Federal Contract Tower,4,28,5,0,37,0,56,24,3,83,4,84,29,3,120,8,0,8,128
03/23/2002,MKK,HI,AWP,WE,Federal Contract Tower,2,21,2,0,25,0,69,31,0,100,2,90,33,0,125,6,0,6,131
03/24/2002,MKK,HI,AWP,WE,Federal Contract Tower,2,23,1,0,26,0,38,17,0,55,2,61,18,0,81,12,0,12,93
03/25/2002,MKK,HI,AWP,WE,Federal Contract Tower,3,30,3,4,40,0,47,11,8,66,3,77,14,12,106,4,0,4,110
03/26/2002,MKK,HI,AWP,WE,Federal Contract Tower,4,16,0,3,23,0,51,18,7,76,4,67,18,10,99,2,0,2,101
03/27/2002,MKK,HI,AWP,WE,Federal Contract Tower,2,16,0,2,20,0,76,28,2,106,2,92,28,4,126,0,36,36,162
03/28/2002,MKK,HI,AWP,WE,Federal Contract Tower,0,15,1,0,16,0,63,43,0,106,0,78,44,0,122,16,0,16,138
03/29/2002,MKK,HI,AWP,WE,Federal Contract Tower,0,27,0,0,27,0,42,18,2,62,0,69,18,2,89,0,0,0,89
03/30/2002,MKK,HI,AWP,WE,Federal Contract Tower,4,28,2,0,34,0,26,6,0,32,4,54,8,0,66,0,0,0,66
03/31/2002,MKK,HI,AWP,WE,Federal Contract Tower,4,26,0,0,30,0,38,6,0,44,4,64,6,0,74,6,0,6,80
04/01/2002,MKK,HI,AWP,WE,Federal Contract Tower,2,27,0,0,29,0,67,18,2,87,2,94,18,2,116,16,0,16,132
04/02/2002,MKK,HI,AWP,WE,Federal Contract Tower,2,17,3,3,25,0,51,20,2,73,2,68,23,5,98,2,0,2,100
04/03/2002,MKK,HI,AWP,WE,Federal Contract Tower,4,16,0,0,20,0,58,48,2,108,4,74,48,2,128,4,20,24,152
04/04/2002,MKK,HI,AWP,WE,Federal Contract Tower,2,16,8,0,26,0,70,36,0,106,2,86,44,0,132,18,0,18,150
04/05/2002,MKK,HI,AWP,WE,Federal Contract Tower,2,27,4,4,37,0,67,22,2,91,2,94,26,6,128,14,0,14,142
04/06/2002,MKK,HI,AWP,WE,Federal Contract Tower,2,22,5,2,31,0,32,19,0,51,2,54,24,2,82,0,0,0,82
04/07/2002,MKK,HI,AWP,WE,Federal Contract Tower,2,24,3,2,31,0,21,5,0,26,2,45,8,2,57,8,0,8,65
04/08/2002,MKK,HI,AWP,WE,Federal Contract Tower,0,22,2,8,32,0,46,16,8,70,0,68,18,16,102,10,12,22,124
04/09/2002,MKK,HI,AWP,WE,Federal Contract Tower,0,21,1,2,24,0,43,19,0,62,0,64,20,2,86,4,0,4,90
04/10/2002,MKK,HI,AWP,WE,Federal Contract Tower,0,22,0,0,22,0,46,30,2,78,0,68,30,2,100,24,4,28,128
04/11/2002,MKK,HI,AWP,WE,Federal Contract Tower,2,22,3,0,27,0,56,41,0,97,2,78,44,0,124,8,0,8,132
04/12/2002,MKK,HI,AWP,WE,Federal Contract Tower,4,26,2,0,32,0,72,38,2,112,4,98,40,2,144,10,16,26,170
04/13/2002,MKK,HI,AWP,WE,Federal Contract Tower,4,19,1,0,24,0,37,19,0,56,4,56,20,0,80,6,0,6,86
04/14/2002,MKK,HI,AWP,WE,Federal Contract Tower,4,17,2,0,23,0,30,26,0,56,4,47,28,0,79,2,0,2,81
04/15/2002,MKK,HI,AWP,WE,Federal Contract Tower,2,22,3,2,29,0,53,20,0,73,2,75,23,2,102,4,0,4,106
04/16/2002,MKK,HI,AWP,WE,Federal Contract Tower,2,22,7,5,36,0,41,8,1,50,2,63,15,6,86,0,0,0,86
04/17/2002,MKK,HI,AWP,WE,Federal Contract Tower,2,20,0,1,23,0,49,17,3,69,2,69,17,4,92,4,0,4,96
04/18/2002,MKK,HI,AWP,WE,Federal Contract Tower,2,22,1,4,29,0,53,20,0,73,2,75,21,4,102,0,0,0,102
04/19/2002,MKK,HI,AWP,WE,Federal Contract Tower,4,28,0,1,33,0,52,16,4,72,4,80,16,5,105,2,0,2,107
04/20/2002,MKK,HI,AWP,WE,Federal Contract Tower,4,19,2,0,25,0,55,18,0,73,4,74,20,0,98,0,0,0,98
04/21/2002,MKK,HI,AWP,WE,Federal Contract Tower,4,19,1,0,24,0,48,19,0,67,4,67,20,0,91,0,0,0,91
04/22/2002,MKK,HI,AWP,WE,Federal Contract Tower,2,22,6,2,32,0,55,24,2,81,2,77,30,4,113,6,0,6,119
04/23/2002,MKK,HI,AWP,WE,Federal Contract Tower,2,23,0,0,25,0,55,15,5,75,2,78,15,5,100,0,0,0,100
04/24/2002,MKK,HI,AWP,WE,Federal Contract Tower,2,20,2,10,34,0,56,16,4,76,2,76,18,14,110,0,0,0,110
04/25/2002,MKK,HI,AWP,WE,Federal Contract Tower,0,21,4,0,25,0,47,30,0,77,0,68,34,0,102,4,0,4,106
04/26/2002,MKK,HI,AWP,WE,Federal Contract Tower,4,18,4,0,26,0,60,30,6,96,4,78,34,6,122,18,0,18,140
04/27/2002,MKK,HI,AWP,WE,Federal Contract Tower,4,19,1,0,24,0,37,44,0,81,4,56,45,0,105,4,0,4,109
04/28/2002,MKK,HI,AWP,WE,Federal Contract Tower,4,17,3,0,24,0,43,24,0,67,4,60,27,0,91,6,0,6,97
04/29/2002,MKK,HI,AWP,WE,Federal Contract Tower,0,25,0,2,27,0,35,13,0,48,0,60,13,2,75,6,0,6,81
04/30/2002,MKK,HI,AWP,WE,Federal Contract Tower,2,22,2,2,28,0,39,17,8,64,2,61,19,10,92,0,20,20,112
05/01/2002,MKK,HI,AWP,WE,Federal Contract Tower,2,20,6,2,30,0,48,26,6,80,2,68,32,8,110,8,18,26,136
05/02/2002,MKK,HI,AWP,WE,Federal Contract Tower,2,15,0,2,19,0,55,22,0,77,2,70,22,2,96,0,0,0,96
05/03/2002,MKK,HI,AWP,WE,Federal Contract Tower,2,17,1,0,20,0,79,29,2,110,2,96,30,2,130,2,0,2,132
05/04/2002,MKK,HI,AWP,WE,Federal Contract Tower,4,20,6,0,30,0,53,20,4,77,4,73,26,4,107,8,0,8,115
05/05/2002,MKK,HI,AWP,WE,Federal Contract Tower,4,18,3,0,25,0,28,6,2,36,4,46,9,2,61,4,0,4,65
05/06/2002,MKK,HI,AWP,WE,Federal Contract Tower,2,20,2,0,24,0,50,6,2,58,2,70,8,2,82,0,0,0,82
05/07/2002,MKK,HI,AWP,WE,Federal Contract Tower,2,21,2,0,25,0,48,11,0,59,2,69,13,0,84,0,0,0,84
05/08/2002,MKK,HI,AWP,WE,Federal Contract Tower,4,22,2,0,28,0,60,31,2,93,4,82,33,2,121,2,0,2,123
05/09/2002,MKK,HI,AWP,WE,Federal Contract Tower,2,23,2,0,27,0,63,18,4,85,2,86,20,4,112,32,8,40,152
05/10/2002,MKK,HI,AWP,WE,Federal Contract Tower,4,25,0,0,29,0,73,28,0,101,4,98,28,0,130,14,0,14,144
05/11/2002,MKK,HI,AWP,WE,Federal Contract Tower,4,22,1,0,27,0,33,28,0,61,4,55,29,0,88,28,0,28,116
05/12/2002,MKK,HI,AWP,WE,Federal Contract Tower,2,18,2,0,22,0,44,13,0,57,2,62,15,0,79,98,0,98,177
05/13/2002,MKK,HI,AWP,WE,Federal Contract Tower,2,27,0,0,29,0,34,3,4,41,2,61,3,4,70,0,0,0,70
05/14/2002,MKK,HI,AWP,WE,Federal Contract Tower,2,21,3,0,26,0,60,21,0,81,2,81,24,0,107,6,0,6,113
05/15/2002,MKK,HI,AWP,WE,Federal Contract Tower,2,23,0,4,29,0,54,31,2,87,2,77,31,6,116,0,0,0,116
05/16/2002,MKK,HI,AWP,WE,Federal Contract Tower,2,19,0,2,23,0,55,26,2,83,2,74,26,4,106,22,0,22,128
05/17/2002,MKK,HI,AWP,WE,Federal Contract Tower,4,23,3,0,30,0,75,41,0,116,4,98,44,0,146,6,0,6,152
05/18/2002,MKK,HI,AWP,WE,Federal Contract Tower,4,20,2,0,26,0,61,31,0,92,4,81,33,0,118,0,0,0,118
05/19/2002,MKK,HI,AWP,WE,Federal Contract Tower,4,17,1,0,22,0,31,17,0,48,4,48,18,0,70,8,0,8,78
05/20/2002,MKK,HI,AWP,WE,Federal Contract Tower,4,19,0,2,25,0,43,16,4,63,4,62,16,6,88,4,20,24,112
05/21/2002,MKK,HI,AWP,WE,Federal Contract Tower,0,20,5,2,27,0,47,23,1,71,0,67,28,3,98,10,0,10,108
05/22/2002,MKK,HI,AWP,WE,Federal Contract Tower,2,21,3,0,26,0,65,37,2,104,2,86,40,2,130,10,0,10,140
05/23/2002,MKK,HI,AWP,WE,Federal Contract Tower,2,18,7,4,31,0,70,23,2,95,2,88,30,6,126,26,0,26,152
05/24/2002,MKK,HI,AWP,WE,Federal Contract Tower,4,21,0,0,25,0,87,28,4,119,4,108,28,4,144,14,0,14,158
05/25/2002,MKK,HI,AWP,WE,Federal Contract Tower,4,18,1,0,23,0,76,39,0,115,4,94,40,0,138,12,0,12,150
05/26/2002,MKK,HI,AWP,WE,Federal Contract Tower,2,16,0,0,18,0,37,24,0,61,2,53,24,0,79,0,0,0,79
05/27/2002,MKK,HI,AWP,WE,Federal Contract Tower,2,19,1,0,22,0,52,14,0,66,2,71,15,0,88,0,0,0,88
05/28/2002,MKK,HI,AWP,WE,Federal Contract Tower,2,15,0,2,19,0,57,40,0,97,2,72,40,2,116,14,0,14,130
05/29/2002,MKK,HI,AWP,WE,Federal Contract Tower,2,20,3,4,29,0,68,32,0,100,2,88,35,4,129,10,10,20,149
05/30/2002,MKK,HI,AWP,WE,Federal Contract Tower,2,21,0,0,23,0,57,19,0,76,2,78,19,0,99,10,0,10,109
05/31/2002,MKK,HI,AWP,WE,Federal Contract Tower,4,19,4,0,27,0,89,26,0,115,4,108,30,0,142,6,0,6,148
06/01/2002,MKK,HI,AWP,WE,Federal Contract Tower,4,18,3,0,25,0,66,35,0,101,4,84,38,0,126,14,0,14,140
06/02/2002,MKK,HI,AWP,WE,Federal Contract Tower,4,19,7,0,30,0,39,15,0,54,4,58,22,0,84,2,10,12,96
06/03/2002,MKK,HI,AWP,WE,Federal Contract Tower,0,22,2,2,26,0,48,16,2,66,0,70,18,4,92,8,10,18,110
06/04/2002,MKK,HI,AWP,WE,Federal Contract Tower,2,20,3,1,26,0,51,25,7,83,2,71,28,8,109,8,0,8,117
06/05/2002,MKK,HI,AWP,WE,Federal Contract Tower,2,20,4,6,32,0,60,40,4,104,2,80,44,10,136,6,0,6,142
06/06/2002,MKK,HI,AWP,WE,Federal Contract Tower,2,19,0,2,23,0,53,21,7,81,2,72,21,9,104,8,36,44,148
06/07/2002,MKK,HI,AWP,WE,Federal Contract Tower,4,21,3,0,28,0,85,15,3,103,4,106,18,3,131,4,0,4,135
06/08/2002,MKK,HI,AWP,WE,Federal Contract Tower,4,18,5,0,27,0,51,40,2,93,4,69,45,2,120,12,0,12,132
06/09/2002,MKK,HI,AWP,WE,Federal Contract Tower,4,16,4,0,24,0,34,21,0,55,4,50,25,0,79,12,0,12,91
06/10/2002,MKK,HI,AWP,WE,Federal Contract Tower,2,21,6,0,29,0,59,28,4,91,2,80,34,4,120,4,44,48,168
06/11/2002,MKK,HI,AWP,WE,Federal Contract Tower,2,19,2,7,30,0,41,16,7,64,2,60,18,14,94,4,0,4,98
06/12/2002,MKK,HI,AWP,WE,Federal Contract Tower,2,18,4,2,26,0,54,21,5,80,2,72,25,7,106,0,28,28,134
06/13/2002,MKK,HI,AWP,WE,Federal Contract Tower,2,17,1,4,24,0,53,25,7,85,2,70,26,11,109,10,0,10,119
06/14/2002,MKK,HI,AWP,WE,Federal Contract Tower,4,17,2,1,24,0,71,26,3,100,4,88,28,4,124,0,0,0,124
06/15/2002,MKK,HI,AWP,WE,Federal Contract Tower,4,15,1,0,20,0,51,25,0,76,4,66,26,0,96,8,0,8,104
06/16/2002,MKK,HI,AWP,WE,Federal Contract Tower,4,14,4,0,22,0,45,9,0,54,4,59,13,0,76,0,0,0,76
06/17/2002,MKK,HI,AWP,WE,Federal Contract Tower,2,20,0,3,25,0,58,28,3,89,2,78,28,6,114,4,0,4,118
06/18/2002,MKK,HI,AWP,WE,Federal Contract Tower,2,20,0,0,22,0,54,10,2,66,2,74,10,2,88,8,0,8,96
06/19/2002,MKK,HI,AWP,WE,Federal Contract Tower,2,23,0,3,28,0,45,20,1,66,2,68,20,4,94,0,0,0,94
06/20/2002,MKK,HI,AWP,WE,Federal Contract Tower,2,23,3,5,33,0,57,63,7,127,2,80,66,12,160,14,0,14,174
06/21/2002,MKK,HI,AWP,WE,Federal Contract Tower,4,21,3,0,28,0,73,49,10,132,4,94,52,10,160,0,0,0,160
06/22/2002,MKK,HI,AWP,WE,Federal Contract Tower,4,21,4,2,31,0,49,14,0,63,4,70,18,2,94,0,0,0,94
06/23/2002,MKK,HI,AWP,WE,Federal Contract Tower,4,17,0,0,21,0,43,18,10,71,4,60,18,10,92,0,0,0,92
06/24/2002,MKK,HI,AWP,WE,Federal Contract Tower,2,20,3,3,28,0,39,20,9,68,2,59,23,12,96,0,42,42,138
06/25/2002,MKK,HI,AWP,WE,Federal Contract Tower,2,19,1,7,29,0,49,33,5,87,2,68,34,12,116,2,0,2,118
06/26/2002,MKK,HI,AWP,WE,Federal Contract Tower,2,23,1,4,30,0,50,31,4,85,2,73,32,8,115,6,0,6,121
06/27/2002,MKK,HI,AWP,WE,Federal Contract Tower,2,20,2,5,29,0,50,28,7,85,2,70,30,12,114,16,0,16,130
06/28/2002,MKK,HI,AWP,WE,Federal Contract Tower,4,24,4,3,35,0,64,32,6,102,4,88,36,9,137,8,0,8,145
06/29/2002,MKK,HI,AWP,WE,Federal Contract Tower,4,18,2,0,24,0,49,27,0,76,4,67,29,0,100,0,0,0,100
06/30/2002,MKK,HI,AWP,WE,Federal Contract Tower,4,16,0,0,20,0,39,13,0,52,4,55,13,0,72,0,0,0,72
07/01/2002,MKK,HI,AWP,WE,Federal Contract Tower,4,21,3,0,28,0,56,7,6,69,4,77,10,6,97,0,0,0,97
07/02/2002,MKK,HI,AWP,WE,Federal Contract Tower,2,26,2,0,30,0,49,5,0,54,2,75,7,0,84,0,0,0,84
07/03/2002,MKK,HI,AWP,WE,Federal Contract Tower,2,22,0,4,28,0,48,14,0,62,2,70,14,4,90,8,0,8,98
07/04/2002,MKK,HI,AWP,WE,Federal Contract Tower,2,18,0,0,20,0,46,14,0,60,2,64,14,0,80,8,0,8,88
07/05/2002,MKK,HI,AWP,WE,Federal Contract Tower,2,22,4,1,29,0,66,14,1,81,2,88,18,2,110,6,0,6,116
07/06/2002,MKK,HI,AWP,WE,Federal Contract Tower,4,22,4,0,30,0,23,18,4,45,4,45,22,4,75,20,0,20,95
07/07/2002,MKK,HI,AWP,WE,Federal Contract Tower,4,20,5,0,29,0,42,14,0,56,4,62,19,0,85,10,0,10,95
07/08/2002,MKK,HI,AWP,WE,Federal Contract Tower,4,21,0,4,29,0,61,7,0,68,4,82,7,4,97,10,38,48,145
07/09/2002,MKK,HI,AWP,WE,Federal Contract Tower,2,22,0,2,26,0,58,9,0,67,2,80,9,2,93,2,0,2,95
07/10/2002,MKK,HI,AWP,WE,Federal Contract Tower,2,24,6,2,34,0,62,16,4,82,2,86,22,6,116,8,0,8,124
07/11/2002,MKK,HI,AWP,WE,Federal Contract Tower,2,22,0,0,24,0,75,20,8,103,2,97,20,8,127,4,10,14,141
07/12/2002,MKK,HI,AWP,WE,Federal Contract Tower,4,28,2,1,35,0,78,36,11,125,4,106,38,12,160,0,0,0,160
07/13/2002,MKK,HI,AWP,WE,Federal Contract Tower,4,18,0,0,22,0,70,29,0,99,4,88,29,0,121,4,0,4,125
07/14/2002,MKK,HI,AWP,WE,Federal Contract Tower,6,19,1,0,26,0,47,31,6,84,6,66,32,6,110,0,0,0,110
07/15/2002,MKK,HI,AWP,WE,Federal Contract Tower,4,22,0,0,26,0,55,29,2,86,4,77,29,2,112,6,0,6,118
07/16/2002,MKK,HI,AWP,WE,Federal Contract Tower,2,23,0,6,31,0,55,5,2,62,2,78,5,8,93,0,0,0,93
07/17/2002,MKK,HI,AWP,WE,Federal Contract Tower,2,24,0,0,26,0,52,22,0,74,2,76,22,0,100,8,0,8,108
07/18/2002,MKK,HI,AWP,WE,Federal Contract Tower,2,21,6,2,31,0,61,20,4,85,2,82,26,6,116,0,0,0,116
07/19/2002,MKK,HI,AWP,WE,Federal Contract Tower,4,23,2,0,29,0,71,36,4,111,4,94,38,4,140,0,0,0,140
07/20/2002,MKK,HI,AWP,WE,Federal Contract Tower,4,25,2,0,31,0,60,23,0,83,4,85,25,0,114,14,0,14,128
07/21/2002,MKK,HI,AWP,WE,Federal Contract Tower,4,25,2,0,31,0,41,32,2,75,4,66,34,2,106,2,0,2,108
07/22/2002,MKK,HI,AWP,WE,Federal Contract Tower,6,19,4,0,29,0,64,28,8,100,6,83,32,8,129,24,0,24,153
07/23/2002,MKK,HI,AWP,WE,Federal Contract Tower,2,24,2,0,28,0,69,12,2,83,2,93,14,2,111,2,0,2,113
07/24/2002,MKK,HI,AWP,WE,Federal Contract Tower,2,25,3,4,34,0,55,17,10,82,2,80,20,14,116,8,4,12,128
07/25/2002,MKK,HI,AWP,WE,Federal Contract Tower,2,21,6,0,29,0,57,30,4,91,2,78,36,4,120,8,0,8,128
07/26/2002,MKK,HI,AWP,WE,Federal Contract Tower,4,25,2,2,33,0,87,26,2,115,4,112,28,4,148,14,2,16,164
07/27/2002,MKK,HI,AWP,WE,Federal Contract Tower,4,21,0,0,25,0,50,13,0,63,4,71,13,0,88,10,0,10,98
07/28/2002,MKK,HI,AWP,WE,Federal Contract Tower,4,22,2,0,28,0,52,22,0,74,4,74,24,0,102,8,0,8,110
07/29/2002,MKK,HI,AWP,WE,Federal Contract Tower,4,21,0,0,25,0,61,8,2,71,4,82,8,2,96,0,4,4,100
07/30/2002,MKK,HI,AWP,WE,Federal Contract Tower,0,21,0,6,27,0,57,17,0,74,0,78,17,6,101,6,0,6,107
07/31/2002,MKK,HI,AWP,WE,Federal Contract Tower,2,24,1,2,29,0,52,11,2,65,2,76,12,4,94,36,0,36,130
08/01/2002,MKK,HI,AWP,WE,Federal Contract Tower,2,25,5,2,34,0,71,23,6,100,2,96,28,8,134,4,0,4,138
08/02/2002,MKK,HI,AWP,WE,Federal Contract Tower,6,24,4,0,34,0,80,28,6,114,6,104,32,6,148,16,0,16,164
08/03/2002,MKK,HI,AWP,WE,Federal Contract Tower,4,23,3,0,30,0,51,30,0,81,4,74,33,0,111,8,0,8,119
08/04/2002,MKK,HI,AWP,WE,Federal Contract Tower,6,20,1,0,27,0,54,26,2,82,6,74,27,2,109,16,0,16,125
08/05/2002,MKK,HI,AWP,WE,Federal Contract Tower,4,21,0,0,25,0,48,18,4,70,4,69,18,4,95,22,0,22,117
08/06/2002,MKK,HI,AWP,WE,Federal Contract Tower,2,20,3,3,28,0,50,8,5,63,2,70,11,8,91,22,0,22,113
08/07/2002,MKK,HI,AWP,WE,Federal Contract Tower,2,23,2,2,29,0,45,16,4,65,2,68,18,6,94,6,0,6,100
08/08/2002,MKK,HI,AWP,WE,Federal Contract Tower,2,20,0,0,22,0,62,10,0,72,2,82,10,0,94,12,0,12,106
08/09/2002,MKK,HI,AWP,WE,Federal Contract Tower,4,30,1,1,36,0,68,28,3,99,4,98,29,4,135,18,0,18,153
08/10/2002,MKK,HI,AWP,WE,Federal Contract Tower,4,20,4,0,28,0,54,28,2,84,4,74,32,2,112,10,0,10,122
08/11/2002,MKK,HI,AWP,WE,Federal Contract Tower,4,22,2,0,28,0,39,19,0,58,4,61,21,0,86,0,0,0,86
08/12/2002,MKK,HI,AWP,WE,Federal Contract Tower,4,20,4,0,28,0,62,22,0,84,4,82,26,0,112,16,0,16,128
08/13/2002,MKK,HI,AWP,WE,Federal Contract Tower,2,20,1,0,23,0,46,19,4,69,2,66,20,4,92,14,0,14,106
08/14/2002,MKK,HI,AWP,WE,Federal Contract Tower,0,23,0,2,25,0,61,14,0,75,0,84,14,2,100,0,2,2,102
08/15/2002,MKK,HI,AWP,WE,Federal Contract Tower,2,22,2,0,26,0,66,8,14,88,2,88,10,14,114,6,0,6,120
08/16/2002,MKK,HI,AWP,WE,Federal Contract Tower,4,25,0,0,29,0,79,26,0,105,4,104,26,0,134,12,0,12,146
08/17/2002,MKK,HI,AWP,WE,Federal Contract Tower,4,22,0,0,26,0,50,28,0,78,4,72,28,0,104,10,0,10,114
08/18/2002,MKK,HI,AWP,WE,Federal Contract Tower,4,18,0,0,22,0,47,24,0,71,4,65,24,0,93,34,0,34,127
08/19/2002,MKK,HI,AWP,WE,Federal Contract Tower,4,25,0,0,29,0,51,23,2,76,4,76,23,2,105,0,0,0,105
08/20/2002,MKK,HI,AWP,WE,Federal Contract Tower,2,17,0,0,19,0,52,12,4,68,2,69,12,4,87,0,20,20,107
08/21/2002,MKK,HI,AWP,WE,Federal Contract Tower,2,24,0,2,28,0,40,17,4,61,2,64,17,6,89,20,40,60,149
08/22/2002,MKK,HI,AWP,WE,Federal Contract Tower,2,23,0,1,26,0,53,12,1,66,2,76,12,2,92,20,2,22,114
08/23/2002,MKK,HI,AWP,WE,Federal Contract Tower,4,23,3,0,30,0,59,15,0,74,4,82,18,0,104,8,0,8,112
08/24/2002,MKK,HI,AWP,WE,Federal Contract Tower,4,21,2,0,27,0,67,34,4,105,4,88,36,4,132,22,0,22,154
08/25/2002,MKK,HI,AWP,WE,Federal Contract Tower,4,20,1,0,25,0,58,25,0,83,4,78,26,0,108,18,0,18,126
08/26/2002,MKK,HI,AWP,WE,Federal Contract Tower,4,24,0,4,32,0,55,14,4,73,4,79,14,8,105,0,0,0,105
08/27/2002,MKK,HI,AWP,WE,Federal Contract Tower,2,22,0,0,24,0,56,13,0,69,2,78,13,0,93,12,0,12,105
08/28/2002,MKK,HI,AWP,WE,Federal Contract Tower,2,22,0,0,24,0,54,16,6,76,2,76,16,6,100,2,0,2,102
08/29/2002,MKK,HI,AWP,WE,Federal Contract Tower,2,20,4,6,32,0,62,14,0,76,2,82,18,6,108,14,4,18,126
08/30/2002,MKK,HI,AWP,WE,Federal Contract Tower,4,26,5,0,35,0,62,13,0,75,4,88,18,0,110,2,0,2,112
08/31/2002,MKK,HI,AWP,WE,Federal Contract Tower,4,21,0,0,25,0,51,38,0,89,4,72,38,0,114,10,0,10,124
09/01/2002,MKK,HI,AWP,WE,Federal Contract Tower,4,16,2,0,22,0,30,20,0,50,4,46,22,0,72,4,0,4,76
09/02/2002,MKK,HI,AWP,WE,Federal Contract Tower,4,23,0,0,27,0,61,11,0,72,4,84,11,0,99,8,0,8,107
09/03/2002,MKK,HI,AWP,WE,Federal Contract Tower,2,23,2,0,27,0,41,14,0,55,2,64,16,0,82,8,0,8,90
09/04/2002,MKK,HI,AWP,WE,Federal Contract Tower,2,22,6,0,30,0,42,8,0,50,2,64,14,0,80,6,0,6,86
09/05/2002,MKK,HI,AWP,WE,Federal Contract Tower,2,24,1,3,30,0,60,61,3,124,2,84,62,6,154,6,24,30,184
09/06/2002,MKK,HI,AWP,WE,Federal Contract Tower,4,23,4,3,34,0,62,42,9,113,4,85,46,12,147,22,0,22,169
09/07/2002,MKK,HI,AWP,WE,Federal Contract Tower,4,20,3,0,27,0,40,29,0,69,4,60,32,0,96,28,0,28,124
09/08/2002,MKK,HI,AWP,WE,Federal Contract Tower,4,18,2,0,24,0,48,16,0,64,4,66,18,0,88,2,0,2,90
09/09/2002,MKK,HI,AWP,WE,Federal Contract Tower,4,27,0,0,31,0,35,20,2,57,4,62,20,2,88,8,0,8,96
09/10/2002,MKK,HI,AWP,WE,Federal Contract Tower,2,24,4,4,34,0,42,13,4,59,2,66,17,8,93,8,0,8,101
09/11/2002,MKK,HI,AWP,WE,Federal Contract Tower,2,21,6,3,32,0,41,22,1,64,2,62,28,4,96,22,2,24,120
09/12/2002,MKK,HI,AWP,WE,Federal Contract Tower,2,20,6,0,28,0,49,23,6,78,2,69,29,6,106,6,0,6,112
09/13/2002,MKK,HI,AWP,WE,Federal Contract Tower,4,23,2,3,32,0,63,32,1,96,4,86,34,4,128,28,4,32,160
09/14/2002,MKK,HI,AWP,WE,Federal Contract Tower,4,21,3,0,28,0,45,25,0,70,4,66,28,0,98,2,0,2,100
09/15/2002,MKK,HI,AWP,WE,Federal Contract Tower,4,17,0,0,21,0,40,22,0,62,4,57,22,0,83,42,0,42,125
09/16/2002,MKK,HI,AWP,WE,Federal Contract Tower,4,24,1,0,29,0,38,21,0,59,4,62,22,0,88,24,0,24,112
09/17/2002,MKK,HI,AWP,WE,Federal Contract Tower,2,22,4,4,32,0,35,20,0,55,2,57,24,4,87,16,0,16,103
09/18/2002,MKK,HI,AWP,WE,Federal Contract Tower,2,22,3,0,27,0,40,17,0,57,2,62,20,0,84,0,0,0,84
09/19/2002,MKK,HI,AWP,WE,Federal Contract Tower,2,21,2,2,27,0,49,20,0,69,2,70,22,2,96,6,2,8,104
09/20/2002,MKK,HI,AWP,WE,Federal Contract Tower,4,24,3,0,31,0,54,17,2,73,4,78,20,2,104,6,0,6,110
09/21/2002,MKK,HI,AWP,WE,Federal Contract Tower,2,21,0,0,23,0,45,34,2,81,2,66,34,2,104,2,0,2,106
09/22/2002,MKK,HI,AWP,WE,Federal Contract Tower,2,18,0,0,20,0,57,40,0,97,2,75,40,0,117,18,0,18,135
09/23/2002,MKK,HI,AWP,WE,Federal Contract Tower,4,22,0,2,28,0,50,20,4,74,4,72,20,6,102,6,4,10,112
09/24/2002,MKK,HI,AWP,WE,Federal Contract Tower,2,24,5,4,35,0,52,15,2,69,2,76,20,6,104,6,0,6,110
09/25/2002,MKK,HI,AWP,WE,Federal Contract Tower,2,24,3,0,29,0,45,23,2,70,2,69,26,2,99,4,0,4,103
09/26/2002,MKK,HI,AWP,WE,Federal Contract Tower,2,23,0,7,32,0,41,22,3,66,2,64,22,10,98,6,8,14,112
09/27/2002,MKK,HI,AWP,WE,Federal Contract Tower,4,25,0,0,29,0,69,22,0,91,4,94,22,0,120,0,0,0,120
09/28/2002,MKK,HI,AWP,WE,Federal Contract Tower,6,25,0,0,31,0,89,48,10,147,6,114,48,10,178,18,0,18,196
09/29/2002,MKK,HI,AWP,WE,Federal Contract Tower,4,19,0,0,23,0,33,36,0,69,4,52,36,0,92,14,0,14,106
09/30/2002,MKK,HI,AWP,WE,Federal Contract Tower,4,18,3,0,25,0,46,23,2,71,4,64,26,2,96,6,0,6,102
10/01/2002,MKK,HI,AWP,WE,Federal Contract Tower,2,22,2,1,27,0,74,9,5,88,2,96,11,6,115,4,0,4,119
10/02/2002,MKK,HI,AWP,WE,Federal Contract Tower,2,23,4,0,29,0,35,20,6,61,2,58,24,6,90,4,14,18,108
10/03/2002,MKK,HI,AWP,WE,Federal Contract Tower,2,22,0,11,35,0,47,18,1,66,2,69,18,12,101,8,12,20,121
10/04/2002,MKK,HI,AWP,WE,Federal Contract Tower,4,22,1,0,27,0,66,23,8,97,4,88,24,8,124,12,0,12,136
10/05/2002,MKK,HI,AWP,WE,Federal Contract Tower,4,20,2,2,28,0,46,26,0,72,4,66,28,2,100,24,0,24,124
10/06/2002,MKK,HI,AWP,WE,Federal Contract Tower,4,19,2,2,27,0,43,19,0,62,4,62,21,2,89,8,0,8,97
10/07/2002,MKK,HI,AWP,WE,Federal Contract Tower,4,24,3,0,31,0,48,27,10,85,4,72,30,10,116,28,16,44,160
10/08/2002,MKK,HI,AWP,WE,Federal Contract Tower,2,22,1,2,27,0,38,13,0,51,2,60,14,2,78,8,0,8,86
10/09/2002,MKK,HI,AWP,WE,Federal Contract Tower,2,23,0,6,31,0,66,11,4,81,2,89,11,10,112,0,0,0,112
10/10/2002,MKK,HI,AWP,WE,Federal Contract Tower,2,21,0,4,27,0,53,22,2,77,2,74,22,6,104,8,4,12,116
10/11/2002,MKK,HI,AWP,WE,Federal Contract Tower,4,26,0,4,34,0,74,30,10,114,4,100,30,14,148,12,10,22,170
10/12/2002,MKK,HI,AWP,WE,Federal Contract Tower,8,25,4,0,37,0,87,50,0,137,8,112,54,0,174,6,0,6,180
10/13/2002,MKK,HI,AWP,WE,Federal Contract Tower,2,19,4,0,25,0,47,26,0,73,2,66,30,0,98,20,0,20,118
10/14/2002,MKK,HI,AWP,WE,Federal Contract Tower,0,21,1,0,22,0,43,14,0,57,0,64,15,0,79,0,0,0,79
10/15/2002,MKK,HI,AWP,WE,Federal Contract Tower,0,21,0,0,21,0,43,11,0,54,0,64,11,0,75,0,0,0,75
10/16/2002,MKK,HI,AWP,WE,Federal Contract Tower,2,29,0,0,31,0,30,2,0,32,2,59,2,0,63,0,0,0,63
10/17/2002,MKK,HI,AWP,WE,Federal Contract Tower,2,27,0,0,29,0,33,6,6,45,2,60,6,6,74,0,76,76,150
10/18/2002,MKK,HI,AWP,WE,Federal Contract Tower,4,25,0,0,29,0,57,10,0,67,4,82,10,0,96,2,0,2,98
10/19/2002,MKK,HI,AWP,WE,Federal Contract Tower,4,20,2,0,26,0,56,31,0,87,4,76,33,0,113,10,0,10,123
10/20/2002,MKK,HI,AWP,WE,Federal Contract Tower,4,18,2,0,24,0,41,20,0,61,4,59,22,0,85,10,0,10,95
10/21/2002,MKK,HI,AWP,WE,Federal Contract Tower,2,25,2,8,37,0,56,21,2,79,2,81,23,10,116,2,24,26,142
10/22/2002,MKK,HI,AWP,WE,Federal Contract Tower,2,23,1,2,28,0,47,25,4,76,2,70,26,6,104,0,0,0,104
10/23/2002,MKK,HI,AWP,WE,Federal Contract Tower,2,27,0,3,32,0,38,16,9,63,2,65,16,12,95,4,32,36,131
10/24/2002,MKK,HI,AWP,WE,Federal Contract Tower,2,23,1,3,29,0,55,19,5,79,2,78,20,8,108,4,14,18,126
10/25/2002,MKK,HI,AWP,WE,Federal Contract Tower,4,22,5,2,33,0,74,27,8,109,4,96,32,10,142,30,8,38,180
10/26/2002,MKK,HI,AWP,WE,Federal Contract Tower,4,20,0,2,26,0,51,36,2,89,4,71,36,4,115,18,6,24,139
10/27/2002,MKK,HI,AWP,WE,Federal Contract Tower,2,19,2,0,23,0,46,28,0,74,2,65,30,0,97,28,0,28,125
10/28/2002,MKK,HI,AWP,WE,Federal Contract Tower,2,24,2,2,30,0,52,27,0,79,2,76,29,2,109,0,0,0,109
10/29/2002,MKK,HI,AWP,WE,Federal Contract Tower,2,26,1,1,30,0,43,9,3,55,2,69,10,4,85,6,0,6,91
10/30/2002,MKK,HI,AWP,WE,Federal Contract Tower,2,20,0,2,24,0,43,20,0,63,2,63,20,2,87,4,0,4,91
10/31/2002,MKK,HI,AWP,WE,Federal Contract Tower,2,21,0,0,23,0,55,30,2,87,2,76,30,2,110,10,0,10,120
11/01/2002,MKK,HI,AWP,WE,Federal Contract Tower,2,24,0,0,26,0,62,22,2,86,2,86,22,2,112,4,0,4,116
11/02/2002,MKK,HI,AWP,WE,Federal Contract Tower,2,22,2,0,26,0,44,38,0,82,2,66,40,0,108,14,0,14,122
11/03/2002,MKK,HI,AWP,WE,Federal Contract Tower,2,20,4,0,26,0,52,50,0,102,2,72,54,0,128,22,0,22,150
11/04/2002,MKK,HI,AWP,WE,Federal Contract Tower,2,25,1,0,28,0,45,8,2,55,2,70,9,2,83,8,0,8,91
11/05/2002,MKK,HI,AWP,WE,Federal Contract Tower,2,26,1,0,29,0,42,25,0,67,2,68,26,0,96,12,0,12,108
11/06/2002,MKK,HI,AWP,WE,Federal Contract Tower,2,21,0,2,25,0,57,17,0,74,2,78,17,2,99,16,0,16,115
11/07/2002,MKK,HI,AWP,WE,Federal Contract Tower,2,20,2,0,24,0,50,30,4,84,2,70,32,4,108,22,0,22,130
11/08/2002,MKK,HI,AWP,WE,Federal Contract Tower,2,20,2,0,24,0,66,18,2,86,2,86,20,2,110,20,0,20,130
11/09/2002,MKK,HI,AWP,WE,Federal Contract Tower,4,20,1,0,25,0,54,42,0,96,4,74,43,0,121,8,0,8,129
11/10/2002,MKK,HI,AWP,WE,Federal Contract Tower,2,21,0,4,27,0,49,29,2,80,2,70,29,6,107,32,0,32,139
11/11/2002,MKK,HI,AWP,WE,Federal Contract Tower,2,25,2,0,29,0,62,6,0,68,2,87,8,0,97,4,0,4,101
11/12/2002,MKK,HI,AWP,WE,Federal Contract Tower,2,22,2,0,26,0,60,19,4,83,2,82,21,4,109,0,0,0,109
11/13/2002,MKK,HI,AWP,WE,Federal Contract Tower,2,21,1,0,24,0,52,17,0,69,2,73,18,0,93,0,0,0,93
11/14/2002,MKK,HI,AWP,WE,Federal Contract Tower,2,22,7,2,33,0,54,19,0,73,2,76,26,2,106,24,0,24,130
11/15/2002,MKK,HI,AWP,WE,Federal Contract Tower,2,24,6,0,32,0,55,8,2,65,2,79,14,2,97,4,0,4,101
11/16/2002,MKK,HI,AWP,WE,Federal Contract Tower,2,22,4,0,28,0,48,26,0,74,2,70,30,0,102,8,0,8,110
11/17/2002,MKK,HI,AWP,WE,Federal Contract Tower,2,18,1,0,21,0,46,27,0,73,2,64,28,0,94,20,0,20,114
11/18/2002,MKK,HI,AWP,WE,Federal Contract Tower,2,23,1,0,26,0,47,17,8,72,2,70,18,8,98,0,38,38,136
11/19/2002,MKK,HI,AWP,WE,Federal Contract Tower,2,21,0,6,29,0,39,26,2,67,2,60,26,8,96,0,0,0,96
11/20/2002,MKK,HI,AWP,WE,Federal Contract Tower,2,22,0,0,24,0,41,8,0,49,2,63,8,0,73,0,0,0,73
11/21/2002,MKK,HI,AWP,WE,Federal Contract Tower,2,20,2,0,24,0,61,23,4,88,2,81,25,4,112,2,0,2,114
11/22/2002,MKK,HI,AWP,WE,Federal Contract Tower,2,23,0,0,25,0,60,19,2,81,2,83,19,2,106,16,0,16,122
11/23/2002,MKK,HI,AWP,WE,Federal Contract Tower,2,23,2,0,27,0,52,52,2,106,2,75,54,2,133,26,0,26,159
11/24/2002,MKK,HI,AWP,WE,Federal Contract Tower,2,19,2,0,23,0,49,39,0,88,2,68,41,0,111,6,0,6,117
11/25/2002,MKK,HI,AWP,WE,Federal Contract Tower,2,21,2,6,31,0,43,24,5,72,2,64,26,11,103,6,24,30,133
11/26/2002,MKK,HI,AWP,WE,Federal Contract Tower,2,24,4,7,37,0,71,31,2,104,2,95,35,9,141,0,0,0,141
11/27/2002,MKK,HI,AWP,WE,Federal Contract Tower,2,23,2,0,27,0,72,40,0,112,2,95,42,0,139,0,0,0,139
11/28/2002,MKK,HI,AWP,WE,Federal Contract Tower,2,19,1,0,22,0,28,28,0,56,2,47,29,0,78,2,0,2,80
11/29/2002,MKK,HI,AWP,WE,Federal Contract Tower,2,23,1,0,26,0,67,15,0,82,2,90,16,0,108,8,0,8,116
11/30/2002,MKK,HI,AWP,WE,Federal Contract Tower,2,20,0,3,25,0,58,30,1,89,2,78,30,4,114,8,4,12,126
12/01/2002,MKK,HI,AWP,WE,Federal Contract Tower,2,19,2,0,23,0,59,42,8,109,2,78,44,8,132,20,0,20,152
12/02/2002,MKK,HI,AWP,WE,Federal Contract Tower,2,23,3,0,28,0,77,1,2,80,2,100,4,2,108,6,22,28,136
12/03/2002,MKK,HI,AWP,WE,Federal Contract Tower,2,22,0,2,26,0,47,25,4,76,2,69,25,6,102,6,40,46,148
12/04/2002,MKK,HI,AWP,WE,Federal Contract Tower,2,25,4,0,31,0,18,41,4,63,2,43,45,4,94,46,0,46,140
12/05/2002,MKK,HI,AWP,WE,Federal Contract Tower,2,22,10,2,36,0,62,32,0,94,2,84,42,2,130,118,0,118,248
12/06/2002,MKK,HI,AWP,WE,Federal Contract Tower,2,21,4,2,29,0,69,18,0,87,2,90,22,2,116,10,2,12,128
12/07/2002,MKK,HI,AWP,WE,Federal Contract Tower,2,21,1,0,24,0,45,17,2,64,2,66,18,2,88,4,0,4,92
12/08/2002,MKK,HI,AWP,WE,Federal Contract Tower,2,18,2,0,22,0,42,24,0,66,2,60,26,0,88,4,0,4,92
12/09/2002,MKK,HI,AWP,WE,Federal Contract Tower,2,22,0,0,24,0,58,10,4,72,2,80,10,4,96,0,0,0,96
12/10/2002,MKK,HI,AWP,WE,Federal Contract Tower,2,22,0,2,26,0,50,20,4,74,2,72,20,6,100,0,58,58,158
12/11/2002,MKK,HI,AWP,WE,Federal Contract Tower,2,28,6,0,36,0,64,14,4,82,2,92,20,4,118,10,58,68,186
12/12/2002,MKK,HI,AWP,WE,Federal Contract Tower,2,23,8,0,33,0,65,27,4,96,2,88,35,4,129,10,30,40,169
12/13/2002,MKK,HI,AWP,WE,Federal Contract Tower,2,24,6,0,32,0,64,20,0,84,2,88,26,0,116,12,0,12,128
12/14/2002,MKK,HI,AWP,WE,Federal Contract Tower,2,18,2,0,22,0,46,28,0,74,2,64,30,0,96,24,0,24,120
12/15/2002,MKK,HI,AWP,WE,Federal Contract Tower,2,18,1,0,21,0,48,21,0,69,2,66,22,0,90,6,0,6,96
12/16/2002,MKK,HI,AWP,WE,Federal Contract Tower,2,25,4,0,31,0,53,10,4,67,2,78,14,4,98,2,0,2,100
12/17/2002,MKK,HI,AWP,WE,Federal Contract Tower,2,23,3,0,28,0,49,7,0,56,2,72,10,0,84,4,0,4,88
12/18/2002,MKK,HI,AWP,WE,Federal Contract Tower,2,26,0,2,30,0,56,14,2,72,2,82,14,4,102,0,0,0,102
12/19/2002,MKK,HI,AWP,WE,Federal Contract Tower,2,20,2,6,30,0,54,22,0,76,2,74,24,6,106,4,4,8,114
12/20/2002,MKK,HI,AWP,WE,Federal Contract Tower,2,22,2,2,28,0,66,12,4,82,2,88,14,6,110,6,0,6,116
12/21/2002,MKK,HI,AWP,WE,Federal Contract Tower,2,17,2,1,22,0,67,30,1,98,2,84,32,2,120,2,0,2,122
12/22/2002,MKK,HI,AWP,WE,Federal Contract Tower,2,19,2,0,23,0,37,22,0,59,2,56,24,0,82,12,0,12,94
12/23/2002,MKK,HI,AWP,WE,Federal Contract Tower,2,25,4,0,31,0,61,21,6,88,2,86,25,6,119,0,0,0,119
12/24/2002,MKK,HI,AWP,WE,Federal Contract Tower,2,25,3,2,32,0,59,8,0,67,2,84,11,2,99,0,0,0,99
12/25/2002,MKK,HI,AWP,WE,Federal Contract Tower,2,21,0,0,23,0,13,14,0,27,2,34,14,0,50,0,0,0,50
12/26/2002,MKK,HI,AWP,WE,Federal Contract Tower,2,20,0,1,23,0,66,26,5,97,2,86,26,6,120,0,0,0,120
12/27/2002,MKK,HI,AWP,WE,Federal Contract Tower,2,22,2,0,26,0,66,18,0,84,2,88,20,0,110,0,0,0,110
12/28/2002,MKK,HI,AWP,WE,Federal Contract Tower,2,19,0,0,21,0,75,38,0,113,2,94,38,0,134,4,0,4,138
12/29/2002,MKK,HI,AWP,WE,Federal Contract Tower,2,22,1,0,25,0,44,27,0,71,2,66,28,0,96,14,0,14,110
12/30/2002,MKK,HI,AWP,WE,Federal Contract Tower,2,26,0,0,28,0,58,22,2,82,2,84,22,2,110,0,0,0,110
12/31/2002,MKK,HI,AWP,WE,Federal Contract Tower,2,22,0,0,24,0,62,30,0,92,2,84,30,0,116,12,0,12,128
01/01/2003,MKK,HI,AWP,WE,Federal Contract Tower,0,20,0,0,20,0,8,6,0,14,0,28,6,0,34,12,0,12,46
01/02/2003,MKK,HI,AWP,WE,Federal Contract Tower,0,21,5,2,28,0,62,32,2,96,0,83,37,4,124,6,0,6,130
01/03/2003,MKK,HI,AWP,WE,Federal Contract Tower,0,24,2,0,26,0,72,18,0,90,0,96,20,0,116,4,0,4,120
01/04/2003,MKK,HI,AWP,WE,Federal Contract Tower,0,21,0,0,21,0,63,18,0,81,0,84,18,0,102,0,0,0,102
01/05/2003,MKK,HI,AWP,WE,Federal Contract Tower,2,19,2,0,23,0,37,18,0,55,2,56,20,0,78,0,0,0,78
01/06/2003,MKK,HI,AWP,WE,Federal Contract Tower,2,23,6,0,31,0,50,18,0,68,2,73,24,0,99,0,0,0,99
01/07/2003,MKK,HI,AWP,WE,Federal Contract Tower,2,23,2,2,29,0,52,30,4,86,2,75,32,6,115,18,0,18,133
01/08/2003,MKK,HI,AWP,WE,Federal Contract Tower,2,22,1,2,27,0,37,23,0,60,2,59,24,2,87,0,0,0,87
01/09/2003,MKK,HI,AWP,WE,Federal Contract Tower,2,21,3,0,26,0,55,25,4,84,2,76,28,4,110,8,0,8,118
01/10/2003,MKK,HI,AWP,WE,Federal Contract Tower,0,22,1,2,25,0,70,21,4,95,0,92,22,6,120,0,2,2,122
01/11/2003,MKK,HI,AWP,WE,Federal Contract Tower,2,22,2,0,26,0,52,28,0,80,2,74,30,0,106,4,0,4,110
01/12/2003,MKK,HI,AWP,WE,Federal Contract Tower,2,18,2,0,22,0,46,36,0,82,2,64,38,0,104,14,0,14,118
01/13/2003,MKK,HI,AWP,WE,Federal Contract Tower,2,26,6,4,38,0,60,11,6,77,2,86,17,10,115,0,30,30,145
01/14/2003,MKK,HI,AWP,WE,Federal Contract Tower,0,24,0,0,24,0,59,11,8,78,0,83,11,8,102,28,14,42,144
01/15/2003,MKK,HI,AWP,WE,Federal Contract Tower,0,24,0,0,24,0,42,7,2,51,0,66,7,2,75,0,0,0,75
01/16/2003,MKK,HI,AWP,WE,Federal Contract Tower,2,20,0,1,23,0,58,14,5,77,2,78,14,6,100,0,20,20,120
01/17/2003,MKK,HI,AWP,WE,Federal Contract Tower,0,22,2,0,24,0,73,21,0,94,0,95,23,0,118,0,0,0,118
01/18/2003,MKK,HI,AWP,WE,Federal Contract Tower,0,20,0,0,20,0,64,18,0,82,0,84,18,0,102,4,0,4,106
01/19/2003,MKK,HI,AWP,WE,Federal Contract Tower,0,19,0,0,19,0,47,20,0,67,0,66,20,0,86,2,0,2,88
01/20/2003,MKK,HI,AWP,WE,Federal Contract Tower,2,26,5,0,33,0,44,18,0,62,2,70,23,0,95,0,0,0,95
01/21/2003,MKK,HI,AWP,WE,Federal Contract Tower,2,24,0,0,26,0,67,17,4,88,2,91,17,4,114,4,0,4,118
01/22/2003,MKK,HI,AWP,WE,Federal Contract Tower,0,22,1,2,25,0,44,18,0,62,0,66,19,2,87,2,0,2,89
01/23/2003,MKK,HI,AWP,WE,Federal Contract Tower,0,23,7,0,30,0,50,10,4,64,0,73,17,4,94,2,0,2,96
01/24/2003,MKK,HI,AWP,WE,Federal Contract Tower,0,23,2,0,25,0,50,5,2,57,0,73,7,2,82,6,0,6,88
01/25/2003,MKK,HI,AWP,WE,Federal Contract Tower,2,21,3,0,26,0,63,18,7,88,2,84,21,7,114,4,0,4,118
01/26/2003,MKK,HI,AWP,WE,Federal Contract Tower,2,24,2,0,28,0,24,10,8,42,2,48,12,8,70,0,0,0,70
01/27/2003,MKK,HI,AWP,WE,Federal Contract Tower,2,28,4,8,42,0,70,33,6,109,2,98,37,14,151,6,0,6,157
01/28/2003,MKK,HI,AWP,WE,Federal Contract Tower,0,24,4,5,33,0,55,14,7,76,0,79,18,12,109,4,0,4,113
01/29/2003,MKK,HI,AWP,WE,Federal Contract Tower,2,26,2,2,32,0,50,4,0,54,2,76,6,2,86,0,0,0,86
01/30/2003,MKK,HI,AWP,WE,Federal Contract Tower,2,28,6,4,40,0,33,1,2,36,2,61,7,6,76,0,0,0,76
01/31/2003,MKK,HI,AWP,WE,Federal Contract Tower,2,24,3,2,31,0,71,14,0,85,2,95,17,2,116,2,0,2,118
02/01/2003,MKK,HI,AWP,WE,Federal Contract Tower,2,18,3,0,23,0,50,51,0,101,2,68,54,0,124,22,0,22,146
02/02/2003,MKK,HI,AWP,WE,Federal Contract Tower,2,20,5,0,27,0,40,28,0,68,2,60,33,0,95,34,0,34,129
02/03/2003,MKK,HI,AWP,WE,Federal Contract Tower,2,27,2,0,31,0,55,39,2,96,2,82,41,2,127,14,0,14,141
02/04/2003,MKK,HI,AWP,WE,Federal Contract Tower,2,24,0,0,26,0,39,20,0,59,2,63,20,0,85,0,0,0,85
02/05/2003,MKK,HI,AWP,WE,Federal Contract Tower,0,18,3,0,21,0,65,33,0,98,0,83,36,0,119,16,0,16,135
02/06/2003,MKK,HI,AWP,WE,Federal Contract Tower,0,24,4,0,28,0,62,6,0,68,0,86,10,0,96,0,0,0,96
02/07/2003,MKK,HI,AWP,WE,Federal Contract Tower,2,24,5,0,31,0,90,25,4,119,2,114,30,4,150,8,0,8,158
02/08/2003,MKK,HI,AWP,WE,Federal Contract Tower,2,17,0,0,19,0,43,48,0,91,2,60,48,0,110,18,0,18,128
02/09/2003,MKK,HI,AWP,WE,Federal Contract Tower,2,20,1,0,23,0,39,36,0,75,2,59,37,0,98,10,0,10,108
02/10/2003,MKK,HI,AWP,WE,Federal Contract Tower,2,25,0,0,27,0,47,19,2,68,2,72,19,2,95,8,0,8,103
02/11/2003,MKK,HI,AWP,WE,Federal Contract Tower,2,25,4,0,31,0,49,12,2,63,2,74,16,2,94,0,0,0,94
02/12/2003,MKK,HI,AWP,WE,Federal Contract Tower,2,22,2,4,30,0,44,29,0,73,2,66,31,4,103,0,0,0,103
02/13/2003,MKK,HI,AWP,WE,Federal Contract Tower,2,23,0,0,25,0,59,12,2,73,2,82,12,2,98,6,0,6,104
02/14/2003,MKK,HI,AWP,WE,Federal Contract Tower,2,18,2,0,22,0,60,2,0,62,2,78,4,0,84,0,0,0,84
02/15/2003,MKK,HI,AWP,WE,Federal Contract Tower,2,20,0,0,22,0,52,80,0,132,2,72,80,0,154,8,0,8,162
02/16/2003,MKK,HI,AWP,WE,Federal Contract Tower,2,18,2,0,22,0,40,24,1,65,2,58,26,1,87,18,0,18,105
02/17/2003,MKK,HI,AWP,WE,Federal Contract Tower,2,23,2,0,27,0,53,50,0,103,2,76,52,0,130,14,0,14,144
02/18/2003,MKK,HI,AWP,WE,Federal Contract Tower,2,26,4,2,34,0,61,12,0,73,2,87,16,2,107,2,0,2,109
02/19/2003,MKK,HI,AWP,WE,Federal Contract Tower,2,22,2,4,30,0,75,19,2,96,2,97,21,6,126,6,0,6,132
02/20/2003,MKK,HI,AWP,WE,Federal Contract Tower,2,22,2,0,26,0,54,26,2,82,2,76,28,2,108,2,0,2,110
02/21/2003,MKK,HI,AWP,WE,Federal Contract Tower,2,24,5,0,31,0,75,32,4,111,2,99,37,4,142,0,0,0,142
02/22/2003,MKK,HI,AWP,WE,Federal Contract Tower,2,21,0,0,23,0,63,30,0,93,2,84,30,0,116,10,0,10,126
02/23/2003,MKK,HI,AWP,WE,Federal Contract Tower,2,20,0,0,22,0,58,16,2,76,2,78,16,2,98,8,0,8,106
02/24/2003,MKK,HI,AWP,WE,Federal Contract Tower,2,25,1,0,28,0,65,20,0,85,2,90,21,0,113,0,0,0,113
02/25/2003,MKK,HI,AWP,WE,Federal Contract Tower,2,20,4,8,34,0,56,24,2,82,2,76,28,10,116,0,24,24,140
02/26/2003,MKK,HI,AWP,WE,Federal Contract Tower,2,20,0,0,22,0,45,14,0,59,2,65,14,0,81,4,0,4,85
02/27/2003,MKK,HI,AWP,WE,Federal Contract Tower,2,18,2,2,24,0,62,24,0,86,2,80,26,2,110,4,2,6,116
02/28/2003,MKK,HI,AWP,WE,Federal Contract Tower,2,21,1,0,24,0,93,31,0,124,2,114,32,0,148,12,0,12,160
03/01/2003,MKK,HI,AWP,WE,Federal Contract Tower,2,19,3,0,24,0,61,43,0,104,2,80,46,0,128,6,0,6,134
03/02/2003,MKK,HI,AWP,WE,Federal Contract Tower,2,20,1,0,23,0,52,31,0,83,2,72,32,0,106,4,0,4,110
03/03/2003,MKK,HI,AWP,WE,Federal Contract Tower,0,24,0,0,24,0,44,21,4,69,0,68,21,4,93,0,0,0,93
03/04/2003,MKK,HI,AWP,WE,Federal Contract Tower,0,22,0,0,22,0,49,11,2,62,0,71,11,2,84,14,0,14,98
03/05/2003,MKK,HI,AWP,WE,Federal Contract Tower,0,23,4,0,27,0,45,6,0,51,0,68,10,0,78,0,0,0,78
03/06/2003,MKK,HI,AWP,WE,Federal Contract Tower,0,21,4,4,29,0,53,24,0,77,0,74,28,4,106,4,4,8,114
03/07/2003,MKK,HI,AWP,WE,Federal Contract Tower,0,26,1,1,28,0,66,23,3,92,0,92,24,4,120,2,0,2,122
03/08/2003,MKK,HI,AWP,WE,Federal Contract Tower,2,21,0,0,23,0,47,25,2,74,2,68,25,2,97,8,0,8,105
03/09/2003,MKK,HI,AWP,WE,Federal Contract Tower,0,23,1,0,24,0,43,11,0,54,0,66,12,0,78,14,0,14,92
03/10/2003,MKK,HI,AWP,WE,Federal Contract Tower,0,28,2,4,34,0,54,21,4,79,0,82,23,8,113,8,0,8,121
03/11/2003,MKK,HI,AWP,WE,Federal Contract Tower,0,23,5,4,32,0,49,21,2,72,0,72,26,6,104,12,0,12,116
03/12/2003,MKK,HI,AWP,WE,Federal Contract Tower,2,25,0,4,31,0,40,23,8,71,2,65,23,12,102,8,0,8,110
03/13/2003,MKK,HI,AWP,WE,Federal Contract Tower,0,21,4,4,29,0,66,19,6,91,0,87,23,10,120,2,2,4,124
03/14/2003,MKK,HI,AWP,WE,Federal Contract Tower,0,23,7,6,36,0,74,40,6,120,0,97,47,12,156,8,0,8,164
03/15/2003,MKK,HI,AWP,WE,Federal Contract Tower,0,19,4,0,23,0,69,40,6,115,0,88,44,6,138,6,0,6,144
03/16/2003,MKK,HI,AWP,WE,Federal Contract Tower,2,20,4,2,28,0,44,14,0,58,2,64,18,2,86,0,0,0,86
03/17/2003,MKK,HI,AWP,WE,Federal Contract Tower,0,27,0,0,27,0,51,21,0,72,0,78,21,0,99,4,0,4,103
03/18/2003,MKK,HI,AWP,WE,Federal Contract Tower,2,25,0,2,29,0,37,13,4,54,2,62,13,6,83,6,0,6,89
03/19/2003,MKK,HI,AWP,WE,Federal Contract Tower,2,20,3,8,33,0,51,9,2,62,2,71,12,10,95,6,0,6,101
03/20/2003,MKK,HI,AWP,WE,Federal Contract Tower,2,21,2,2,27,0,61,14,0,75,2,82,16,2,102,0,2,2,104
03/21/2003,MKK,HI,AWP,WE,Federal Contract Tower,2,25,2,0,29,0,73,28,3,104,2,98,30,3,133,0,0,0,133
03/22/2003,MKK,HI,AWP,WE,Federal Contract Tower,2,20,0,0,22,0,72,36,4,112,2,92,36,4,134,14,0,14,148
03/23/2003,MKK,HI,AWP,WE,Federal Contract Tower,2,20,0,0,22,0,66,30,6,102,2,86,30,6,124,10,0,10,134
03/24/2003,MKK,HI,AWP,WE,Federal Contract Tower,2,26,3,2,33,0,65,14,0,79,2,91,17,2,112,8,0,8,120
03/25/2003,MKK,HI,AWP,WE,Federal Contract Tower,0,24,1,2,27,0,70,41,2,113,0,94,42,4,140,6,0,6,146
03/26/2003,MKK,HI,AWP,WE,Federal Contract Tower,0,22,0,2,24,0,48,24,0,72,0,70,24,2,96,0,2,2,98
03/27/2003,MKK,HI,AWP,WE,Federal Contract Tower,0,19,2,1,22,0,18,4,1,23,0,37,6,2,45,0,0,0,45
03/28/2003,MKK,HI,AWP,WE,Federal Contract Tower,2,26,4,2,34,0,64,14,0,78,2,90,18,2,112,0,2,2,114
03/29/2003,MKK,HI,AWP,WE,Federal Contract Tower,2,21,5,0,28,0,55,21,6,82,2,76,26,6,110,20,0,20,130
03/30/2003,MKK,HI,AWP,WE,Federal Contract Tower,0,17,1,0,18,0,49,17,0,66,0,66,18,0,84,2,0,2,86
03/31/2003,MKK,HI,AWP,WE,Federal Contract Tower,0,23,0,0,23,0,45,18,2,65,0,68,18,2,88,4,12,16,104
04/01/2003,MKK,HI,AWP,WE,Federal Contract Tower,2,21,4,2,29,0,58,16,4,78,2,79,20,6,107,2,0,2,109
04/02/2003,MKK,HI,AWP,WE,Federal Contract Tower,2,21,2,3,28,0,29,14,1,44,2,50,16,4,72,0,0,0,72
04/03/2003,MKK,HI,AWP,WE,Federal Contract Tower,2,19,2,0,23,0,57,20,0,77,2,76,22,0,100,0,0,0,100
04/04/2003,MKK,HI,AWP,WE,Federal Contract Tower,2,18,3,2,25,0,68,25,0,93,2,86,28,2,118,2,2,4,122
04/05/2003,MKK,HI,AWP,WE,Federal Contract Tower,2,19,1,0,22,0,49,29,0,78,2,68,30,0,100,8,0,8,108
04/06/2003,MKK,HI,AWP,WE,Federal Contract Tower,2,18,3,0,23,0,40,13,6,59,2,58,16,6,82,6,0,6,88
04/07/2003,MKK,HI,AWP,WE,Federal Contract Tower,2,23,0,7,32,0,55,22,1,78,2,78,22,8,110,4,0,4,114
04/08/2003,MKK,HI,AWP,WE,Federal Contract Tower,2,20,4,0,26,0,54,16,12,82,2,74,20,12,108,0,0,0,108
04/09/2003,MKK,HI,AWP,WE,Federal Contract Tower,2,24,2,0,28,0,58,14,1,73,2,82,16,1,101,12,0,12,113
04/10/2003,MKK,HI,AWP,WE,Federal Contract Tower,2,23,4,0,29,0,51,15,0,66,2,74,19,0,95,6,0,6,101
04/11/2003,MKK,HI,AWP,WE,Federal Contract Tower,2,22,2,0,26,0,64,24,0,88,2,86,26,0,114,14,0,14,128
04/12/2003,MKK,HI,AWP,WE,Federal Contract Tower,2,16,5,0,23,0,53,25,2,80,2,69,30,2,103,0,0,0,103
04/13/2003,MKK,HI,AWP,WE,Federal Contract Tower,2,16,1,0,19,0,50,33,0,83,2,66,34,0,102,0,0,0,102
04/14/2003,MKK,HI,AWP,WE,Federal Contract Tower,2,25,0,0,27,0,44,19,2,65,2,69,19,2,92,0,0,0,92
04/15/2003,MKK,HI,AWP,WE,Federal Contract Tower,2,22,0,0,24,0,42,14,0,56,2,64,14,0,80,0,0,0,80
04/16/2003,MKK,HI,AWP,WE,Federal Contract Tower,2,21,2,0,25,0,59,13,0,72,2,80,15,0,97,0,0,0,97
04/17/2003,MKK,HI,AWP,WE,Federal Contract Tower,2,19,2,0,23,0,71,16,0,87,2,90,18,0,110,0,0,0,110
04/18/2003,MKK,HI,AWP,WE,Federal Contract Tower,4,23,7,2,36,0,73,23,4,100,4,96,30,6,136,8,0,8,144
04/19/2003,MKK,HI,AWP,WE,Federal Contract Tower,2,17,4,0,23,0,52,34,2,88,2,69,38,2,111,6,0,6,117
04/20/2003,MKK,HI,AWP,WE,Federal Contract Tower,4,14,2,0,20,0,52,18,0,70,4,66,20,0,90,0,0,0,90
04/21/2003,MKK,HI,AWP,WE,Federal Contract Tower,2,25,12,1,40,0,47,17,1,65,2,72,29,2,105,8,0,8,113
04/22/2003,MKK,HI,AWP,WE,Federal Contract Tower,2,23,0,2,27,0,41,15,0,56,2,64,15,2,83,0,0,0,83
04/23/2003,MKK,HI,AWP,WE,Federal Contract Tower,2,22,0,0,24,0,33,24,0,57,2,55,24,0,81,0,0,0,81
04/24/2003,MKK,HI,AWP,WE,Federal Contract Tower,2,18,0,4,24,0,56,36,2,94,2,74,36,6,118,2,2,4,122
04/25/2003,MKK,HI,AWP,WE,Federal Contract Tower,2,20,3,1,26,0,58,21,3,82,2,78,24,4,108,4,0,4,112
04/26/2003,MKK,HI,AWP,WE,Federal Contract Tower,2,17,0,0,19,0,49,24,2,75,2,66,24,2,94,0,0,0,94
04/27/2003,MKK,HI,AWP,WE,Federal Contract Tower,2,13,2,0,17,0,49,38,0,87,2,62,40,0,104,8,0,8,112
04/28/2003,MKK,HI,AWP,WE,Federal Contract Tower,2,22,3,0,27,0,64,23,0,87,2,86,26,0,114,6,0,6,120
04/29/2003,MKK,HI,AWP,WE,Federal Contract Tower,2,21,0,2,25,0,57,15,2,74,2,78,15,4,99,4,0,4,103
04/30/2003,MKK,HI,AWP,WE,Federal Contract Tower,2,21,4,2,29,0,34,18,2,54,2,55,22,4,83,0,0,0,83
05/01/2003,MKK,HI,AWP,WE,Federal Contract Tower,2,20,5,2,29,0,62,15,2,79,2,82,20,4,108,14,4,18,126
05/02/2003,MKK,HI,AWP,WE,Federal Contract Tower,2,22,4,0,28,0,58,30,0,88,2,80,34,0,116,4,0,4,120
05/03/2003,MKK,HI,AWP,WE,Federal Contract Tower,2,16,3,0,21,0,50,27,1,78,2,66,30,1,99,12,0,12,111
05/04/2003,MKK,HI,AWP,WE,Federal Contract Tower,2,16,3,0,21,0,54,25,0,79,2,70,28,0,100,48,0,48,148
05/05/2003,MKK,HI,AWP,WE,Federal Contract Tower,2,23,4,0,29,0,51,19,4,74,2,74,23,4,103,4,0,4,107
05/06/2003,MKK,HI,AWP,WE,Federal Contract Tower,0,23,1,0,24,0,51,20,2,73,0,74,21,2,97,12,0,12,109
05/07/2003,MKK,HI,AWP,WE,Federal Contract Tower,2,22,3,0,27,0,66,17,2,85,2,88,20,2,112,6,0,6,118
05/08/2003,MKK,HI,AWP,WE,Federal Contract Tower,2,18,0,6,26,0,58,20,4,82,2,76,20,10,108,6,16,22,130
05/09/2003,MKK,HI,AWP,WE,Federal Contract Tower,2,20,1,0,23,0,74,19,2,95,2,94,20,2,118,2,0,2,120
05/10/2003,MKK,HI,AWP,WE,Federal Contract Tower,2,19,1,0,22,0,67,39,0,106,2,86,40,0,128,6,0,6,134
05/11/2003,MKK,HI,AWP,WE,Federal Contract Tower,2,18,2,0,22,0,58,19,0,77,2,76,21,0,99,10,0,10,109
05/12/2003,MKK,HI,AWP,WE,Federal Contract Tower,2,25,4,0,31,0,65,22,0,87,2,90,26,0,118,0,0,0,118
05/13/2003,MKK,HI,AWP,WE,Federal Contract Tower,2,22,1,2,27,0,56,7,4,67,2,78,8,6,94,2,0,2,96
05/14/2003,MKK,HI,AWP,WE,Federal Contract Tower,0,21,0,2,23,0,43,22,6,71,0,64,22,8,94,0,30,30,124
05/15/2003,MKK,HI,AWP,WE,Federal Contract Tower,2,19,2,4,27,0,61,22,0,83,2,80,24,4,110,10,4,14,124
05/16/2003,MKK,HI,AWP,WE,Federal Contract Tower,2,23,4,1,30,0,69,24,1,94,2,92,28,2,124,6,0,6,130
05/17/2003,MKK,HI,AWP,WE,Federal Contract Tower,2,17,1,0,20,0,48,33,0,81,2,65,34,0,101,0,0,0,101
05/18/2003,MKK,HI,AWP,WE,Federal Contract Tower,2,18,2,0,22,0,54,26,0,80,2,72,28,0,102,2,0,2,104
05/19/2003,MKK,HI,AWP,WE,Federal Contract Tower,2,23,3,6,34,0,43,31,2,76,2,66,34,8,110,4,0,4,114
05/20/2003,MKK,HI,AWP,WE,Federal Contract Tower,2,21,2,6,31,0,43,22,2,67,2,64,24,8,98,0,0,0,98
05/21/2003,MKK,HI,AWP,WE,Federal Contract Tower,2,21,2,4,29,0,48,22,2,72,2,69,24,6,101,0,0,0,101
05/22/2003,MKK,HI,AWP,WE,Federal Contract Tower,2,21,2,5,30,0,52,20,2,74,2,73,22,7,104,4,6,10,114
05/23/2003,MKK,HI,AWP,WE,Federal Contract Tower,4,20,2,0,26,0,86,34,0,120,4,106,36,0,146,18,0,18,164
05/24/2003,MKK,HI,AWP,WE,Federal Contract Tower,2,16,0,0,18,0,52,18,0,70,2,68,18,0,88,8,0,8,96
05/25/2003,MKK,HI,AWP,WE,Federal Contract Tower,2,17,2,0,21,0,22,23,2,47,2,39,25,2,68,12,0,12,80
05/26/2003,MKK,HI,AWP,WE,Federal Contract Tower,2,20,0,0,22,0,60,27,0,87,2,80,27,0,109,2,0,2,111
05/27/2003,MKK,HI,AWP,WE,Federal Contract Tower,2,19,4,3,28,0,64,21,3,88,2,83,25,6,116,32,0,32,148
05/28/2003,MKK,HI,AWP,WE,Federal Contract Tower,2,20,5,12,39,0,58,20,0,78,2,78,25,12,117,48,0,48,165
05/29/2003,MKK,HI,AWP,WE,Federal Contract Tower,2,17,4,6,29,0,57,30,2,89,2,74,34,8,118,22,2,24,142
05/30/2003,MKK,HI,AWP,WE,Federal Contract Tower,2,22,5,0,29,0,62,21,2,85,2,84,26,2,114,0,0,0,114
05/31/2003,MKK,HI,AWP,WE,Federal Contract Tower,2,16,3,0,21,0,54,21,0,75,2,70,24,0,96,2,0,2,98
06/01/2003,MKK,HI,AWP,WE,Federal Contract Tower,2,20,2,0,24,0,42,13,0,55,2,62,15,0,79,4,0,4,83
06/02/2003,MKK,HI,AWP,WE,Federal Contract Tower,2,19,2,9,32,0,59,22,3,84,2,78,24,12,116,12,4,16,132
06/03/2003,MKK,HI,AWP,WE,Federal Contract Tower,2,18,3,4,27,0,49,19,8,76,2,67,22,12,103,0,0,0,103
06/04/2003,MKK,HI,AWP,WE,Federal Contract Tower,2,17,4,4,27,0,47,26,2,75,2,64,30,6,102,4,34,38,140
06/05/2003,MKK,HI,AWP,WE,Federal Contract Tower,2,19,0,2,23,0,57,14,6,77,2,76,14,8,100,0,0,0,100
06/06/2003,MKK,HI,AWP,WE,Federal Contract Tower,2,20,1,0,23,0,74,23,4,101,2,94,24,4,124,12,0,12,136
06/07/2003,MKK,HI,AWP,WE,Federal Contract Tower,2,17,0,0,19,0,55,19,4,78,2,72,19,4,97,6,0,6,103
06/08/2003,MKK,HI,AWP,WE,Federal Contract Tower,2,17,3,0,22,0,45,19,0,64,2,62,22,0,86,26,0,26,112
06/09/2003,MKK,HI,AWP,WE,Federal Contract Tower,2,23,0,0,25,0,59,18,2,79,2,82,18,2,104,10,0,10,114
06/10/2003,MKK,HI,AWP,WE,Federal Contract Tower,2,21,2,2,27,0,59,23,0,82,2,80,25,2,109,8,0,8,117
06/11/2003,MKK,HI,AWP,WE,Federal Contract Tower,2,23,0,3,28,0,53,13,1,67,2,76,13,4,95,0,0,0,95
06/12/2003,MKK,HI,AWP,WE,Federal Contract Tower,2,21,0,0,23,0,65,18,0,83,2,86,18,0,106,4,0,4,110
06/13/2003,MKK,HI,AWP,WE,Federal Contract Tower,2,20,0,0,22,0,58,24,0,82,2,78,24,0,104,22,0,22,126
06/14/2003,MKK,HI,AWP,WE,Federal Contract Tower,2,17,4,0,23,0,45,31,6,82,2,62,35,6,105,4,0,4,109
06/15/2003,MKK,HI,AWP,WE,Federal Contract Tower,2,18,2,0,22,0,40,25,0,65,2,58,27,0,87,22,0,22,109
06/16/2003,MKK,HI,AWP,WE,Federal Contract Tower,2,23,6,0,31,0,57,10,4,71,2,80,16,4,102,2,12,14,116
06/17/2003,MKK,HI,AWP,WE,Federal Contract Tower,2,22,0,2,26,0,64,22,2,88,2,86,22,4,114,10,10,20,134
06/18/2003,MKK,HI,AWP,WE,Federal Contract Tower,2,21,2,4,29,0,45,15,0,60,2,66,17,4,89,6,0,6,95
06/19/2003,MKK,HI,AWP,WE,Federal Contract Tower,2,19,1,2,24,0,75,21,4,100,2,94,22,6,124,4,0,4,128
06/20/2003,MKK,HI,AWP,WE,Federal Contract Tower,2,22,2,0,26,0,70,22,0,92,2,92,24,0,118,6,0,6,124
06/21/2003,MKK,HI,AWP,WE,Federal Contract Tower,2,21,0,0,23,0,45,32,0,77,2,66,32,0,100,8,0,8,108
06/22/2003,MKK,HI,AWP,WE,Federal Contract Tower,2,19,1,0,22,0,41,13,0,54,2,60,14,0,76,14,0,14,90
06/23/2003,MKK,HI,AWP,WE,Federal Contract Tower,2,22,6,2,32,0,60,22,4,86,2,82,28,6,118,8,0,8,126
06/24/2003,MKK,HI,AWP,WE,Federal Contract Tower,2,21,6,5,34,0,57,22,7,86,2,78,28,12,120,6,2,8,128
06/25/2003,MKK,HI,AWP,WE,Federal Contract Tower,2,21,3,4,30,0,53,76,6,135,2,74,79,10,165,38,0,38,203
06/26/2003,MKK,HI,AWP,WE,Federal Contract Tower,2,18,2,8,30,0,62,42,2,106,2,80,44,10,136,74,6,80,216
06/27/2003,MKK,HI,AWP,WE,Federal Contract Tower,2,21,3,4,30,0,67,49,2,118,2,88,52,6,148,12,4,16,164
06/28/2003,MKK,HI,AWP,WE,Federal Contract Tower,2,17,2,0,21,0,57,34,0,91,2,74,36,0,112,4,0,4,116
06/29/2003,MKK,HI,AWP,WE,Federal Contract Tower,2,18,7,0,27,0,66,33,0,99,2,84,40,0,126,10,0,10,136
06/30/2003,MKK,HI,AWP,WE,Federal Contract Tower,2,20,1,4,27,0,72,22,4,98,2,92,23,8,125,0,8,8,133
07/01/2003,MKK,HI,AWP,WE,Federal Contract Tower,2,22,0,0,24,0,70,30,2,102,2,92,30,2,126,2,18,20,146
07/02/2003,MKK,HI,AWP,WE,Federal Contract Tower,2,21,0,6,29,0,43,21,2,66,2,64,21,8,95,10,8,18,113
07/03/2003,MKK,HI,AWP,WE,Federal Contract Tower,2,18,4,0,24,0,78,24,4,106,2,96,28,4,130,12,0,12,142
07/04/2003,MKK,HI,AWP,WE,Federal Contract Tower,2,17,3,0,22,0,61,19,2,82,2,78,22,2,104,6,0,6,110
07/05/2003,MKK,HI,AWP,WE,Federal Contract Tower,4,16,1,0,21,0,56,33,0,89,4,72,34,0,110,16,0,16,126
07/06/2003,MKK,HI,AWP,WE,Federal Contract Tower,2,17,3,0,22,0,53,37,0,90,2,70,40,0,112,26,0,26,138
07/07/2003,MKK,HI,AWP,WE,Federal Contract Tower,2,25,3,0,30,0,69,18,0,87,2,94,21,0,117,8,0,8,125
07/08/2003,MKK,HI,AWP,WE,Federal Contract Tower,2,20,2,0,24,0,58,20,4,82,2,78,22,4,106,6,0,6,112
07/09/2003,MKK,HI,AWP,WE,Federal Contract Tower,2,20,4,3,29,0,50,24,5,79,2,70,28,8,108,6,0,6,114
07/10/2003,MKK,HI,AWP,WE,Federal Contract Tower,2,19,1,0,22,0,59,21,6,86,2,78,22,6,108,6,10,16,124
07/11/2003,MKK,HI,AWP,WE,Federal Contract Tower,2,19,1,0,22,0,77,33,2,112,2,96,34,2,134,10,0,10,144
07/12/2003,MKK,HI,AWP,WE,Federal Contract Tower,2,14,0,0,16,0,50,31,2,83,2,64,31,2,99,12,0,12,111
07/13/2003,MKK,HI,AWP,WE,Federal Contract Tower,2,16,1,0,19,0,65,22,2,89,2,81,23,2,108,6,0,6,114
07/14/2003,MKK,HI,AWP,WE,Federal Contract Tower,2,22,2,0,26,0,76,12,2,90,2,98,14,2,116,0,18,18,134
07/15/2003,MKK,HI,AWP,WE,Federal Contract Tower,2,22,6,0,30,0,56,18,0,74,2,78,24,0,104,6,0,6,110
07/16/2003,MKK,HI,AWP,WE,Federal Contract Tower,2,21,0,1,24,0,57,16,5,78,2,78,16,6,102,14,4,18,120
07/17/2003,MKK,HI,AWP,WE,Federal Contract Tower,2,16,1,6,25,0,70,15,0,85,2,86,16,6,110,12,6,18,128
07/18/2003,MKK,HI,AWP,WE,Federal Contract Tower,2,20,3,0,25,0,68,17,0,85,2,88,20,0,110,4,0,4,114
07/19/2003,MKK,HI,AWP,WE,Federal Contract Tower,2,17,0,0,19,0,65,48,0,113,2,82,48,0,132,10,0,10,142
07/20/2003,MKK,HI,AWP,WE,Federal Contract Tower,2,17,3,0,22,0,61,20,0,81,2,78,23,0,103,6,0,6,109
07/21/2003,MKK,HI,AWP,WE,Federal Contract Tower,2,22,1,2,27,0,79,26,12,117,2,101,27,14,144,6,0,6,150
07/22/2003,MKK,HI,AWP,WE,Federal Contract Tower,2,22,2,2,28,0,46,16,4,66,2,68,18,6,94,20,18,38,132
07/23/2003,MKK,HI,AWP,WE,Federal Contract Tower,2,21,1,2,26,0,77,22,0,99,2,98,23,2,125,0,0,0,125
07/24/2003,MKK,HI,AWP,WE,Federal Contract Tower,2,20,1,2,25,0,64,17,0,81,2,84,18,2,106,2,2,4,110
07/25/2003,MKK,HI,AWP,WE,Federal Contract Tower,2,19,2,2,25,0,69,28,2,99,2,88,30,4,124,10,4,14,138
07/26/2003,MKK,HI,AWP,WE,Federal Contract Tower,2,18,2,0,22,0,45,6,0,51,2,63,8,0,73,0,0,0,73
07/27/2003,MKK,HI,AWP,WE,Federal Contract Tower,2,19,5,0,26,0,77,33,0,110,2,96,38,0,136,12,0,12,148
07/28/2003,MKK,HI,AWP,WE,Federal Contract Tower,2,23,4,0,29,0,61,34,2,97,2,84,38,2,126,22,0,22,148
07/29/2003,MKK,HI,AWP,WE,Federal Contract Tower,2,19,4,1,26,0,55,35,9,99,2,74,39,10,125,22,0,22,147
07/30/2003,MKK,HI,AWP,WE,Federal Contract Tower,2,22,6,4,34,0,40,7,8,55,2,62,13,12,89,8,0,8,97
07/31/2003,MKK,HI,AWP,WE,Federal Contract Tower,2,23,2,2,29,0,57,18,4,79,2,80,20,6,108,10,0,10,118
08/01/2003,MKK,HI,AWP,WE,Federal Contract Tower,2,19,2,0,23,0,65,16,8,89,2,84,18,8,112,4,0,4,116
08/02/2003,MKK,HI,AWP,WE,Federal Contract Tower,2,16,1,2,21,0,72,36,12,120,2,88,37,14,141,2,0,2,143
08/03/2003,MKK,HI,AWP,WE,Federal Contract Tower,2,18,1,2,23,0,57,32,1,90,2,75,33,3,113,12,2,14,127
08/04/2003,MKK,HI,AWP,WE,Federal Contract Tower,2,20,4,2,28,0,64,30,4,98,2,84,34,6,126,10,0,10,136
08/05/2003,MKK,HI,AWP,WE,Federal Contract Tower,2,22,4,0,28,0,45,22,4,71,2,67,26,4,99,26,0,26,125
08/06/2003,MKK,HI,AWP,WE,Federal Contract Tower,2,20,3,0,25,0,49,35,4,88,2,69,38,4,113,10,4,14,127
08/07/2003,MKK,HI,AWP,WE,Federal Contract Tower,2,20,1,2,25,0,64,29,0,93,2,84,30,2,118,12,0,12,130
08/08/2003,MKK,HI,AWP,WE,Federal Contract Tower,2,21,3,0,26,0,75,29,0,104,2,96,32,0,130,6,0,6,136
08/09/2003,MKK,HI,AWP,WE,Federal Contract Tower,2,16,1,0,19,0,50,34,0,84,2,66,35,0,103,14,0,14,117
08/10/2003,MKK,HI,AWP,WE,Federal Contract Tower,2,17,1,0,20,0,55,18,0,73,2,72,19,0,93,2,0,2,95
08/11/2003,MKK,HI,AWP,WE,Federal Contract Tower,2,22,0,0,24,0,59,35,2,96,2,81,35,2,120,6,0,6,126
08/12/2003,MKK,HI,AWP,WE,Federal Contract Tower,2,22,0,4,28,0,50,23,2,75,2,72,23,6,103,4,0,4,107
08/13/2003,MKK,HI,AWP,WE,Federal Contract Tower,2,20,5,2,29,0,44,60,6,110,2,64,65,8,139,2,4,6,145
08/14/2003,MKK,HI,AWP,WE,Federal Contract Tower,2,19,2,2,25,0,63,38,0,101,2,82,40,2,126,2,2,4,130
08/15/2003,MKK,HI,AWP,WE,Federal Contract Tower,2,20,2,0,24,0,64,26,4,94,2,84,28,4,118,2,0,2,120
08/16/2003,MKK,HI,AWP,WE,Federal Contract Tower,2,18,1,0,21,0,48,35,0,83,2,66,36,0,104,10,0,10,114
08/17/2003,MKK,HI,AWP,WE,Federal Contract Tower,2,17,0,0,19,0,65,40,0,105,2,82,40,0,124,14,0,14,138
08/18/2003,MKK,HI,AWP,WE,Federal Contract Tower,2,23,2,3,30,0,52,36,3,91,2,75,38,6,121,12,0,12,133
08/19/2003,MKK,HI,AWP,WE,Federal Contract Tower,2,22,1,0,25,0,56,41,5,102,2,78,42,5,127,4,0,4,131
08/20/2003,MKK,HI,AWP,WE,Federal Contract Tower,2,23,3,0,28,0,38,14,6,58,2,61,17,6,86,0,28,28,114
08/21/2003,MKK,HI,AWP,WE,Federal Contract Tower,2,20,1,0,23,0,58,27,2,87,2,78,28,2,110,22,0,22,132
08/22/2003,MKK,HI,AWP,WE,Federal Contract Tower,2,18,0,0,20,0,70,24,0,94,2,88,24,0,114,4,0,4,118
08/23/2003,MKK,HI,AWP,WE,Federal Contract Tower,2,19,0,0,21,0,55,22,2,79,2,74,22,2,100,0,0,0,100
08/24/2003,MKK,HI,AWP,WE,Federal Contract Tower,2,17,2,0,21,0,47,27,0,74,2,64,29,0,95,14,0,14,109
08/25/2003,MKK,HI,AWP,WE,Federal Contract Tower,2,22,6,4,34,0,54,21,4,79,2,76,27,8,113,6,0,6,119
08/26/2003,MKK,HI,AWP,WE,Federal Contract Tower,2,23,0,3,28,0,39,17,5,61,2,62,17,8,89,0,2,2,91
08/27/2003,MKK,HI,AWP,WE,Federal Contract Tower,2,17,2,6,27,0,51,13,0,64,2,68,15,6,91,20,0,20,111
08/28/2003,MKK,HI,AWP,WE,Federal Contract Tower,2,22,1,4,29,0,48,27,4,79,2,70,28,8,108,8,4,12,120
08/29/2003,MKK,HI,AWP,WE,Federal Contract Tower,2,23,2,0,27,0,63,34,2,99,2,86,36,2,126,6,0,6,132
08/30/2003,MKK,HI,AWP,WE,Federal Contract Tower,2,17,0,0,19,0,55,28,0,83,2,72,28,0,102,6,0,6,108
08/31/2003,MKK,HI,AWP,WE,Federal Contract Tower,2,17,1,0,20,0,47,19,0,66,2,64,20,0,86,0,0,0,86
09/01/2003,MKK,HI,AWP,WE,Federal Contract Tower,2,21,1,0,24,0,49,5,0,54,2,70,6,0,78,0,0,0,78
09/02/2003,MKK,HI,AWP,WE,Federal Contract Tower,2,24,0,2,28,0,46,16,2,64,2,70,16,4,92,0,0,0,92
09/03/2003,MKK,HI,AWP,WE,Federal Contract Tower,2,24,0,4,30,0,34,19,4,57,2,58,19,8,87,4,10,14,101
09/04/2003,MKK,HI,AWP,WE,Federal Contract Tower,2,24,0,4,30,0,50,12,6,68,2,74,12,10,98,0,44,44,142
09/05/2003,MKK,HI,AWP,WE,Federal Contract Tower,2,20,3,0,25,0,60,23,0,83,2,80,26,0,108,12,0,12,120
09/06/2003,MKK,HI,AWP,WE,Federal Contract Tower,2,18,1,0,21,0,35,23,2,60,2,53,24,2,81,10,0,10,91
09/07/2003,MKK,HI,AWP,WE,Federal Contract Tower,2,17,0,0,19,0,38,26,0,64,2,55,26,0,83,14,0,14,97
09/08/2003,MKK,HI,AWP,WE,Federal Contract Tower,2,22,0,0,24,0,48,33,4,85,2,70,33,4,109,4,0,4,113
09/09/2003,MKK,HI,AWP,WE,Federal Contract Tower,2,22,2,2,28,0,50,20,0,70,2,72,22,2,98,4,0,4,102
09/10/2003,MKK,HI,AWP,WE,Federal Contract Tower,2,24,0,4,30,0,40,16,6,62,2,64,16,10,92,0,2,2,94
09/11/2003,MKK,HI,AWP,WE,Federal Contract Tower,2,21,3,0,26,0,53,23,0,76,2,74,26,0,102,2,0,2,104
09/12/2003,MKK,HI,AWP,WE,Federal Contract Tower,2,24,1,0,27,0,62,29,6,97,2,86,30,6,124,4,0,4,128
09/13/2003,MKK,HI,AWP,WE,Federal Contract Tower,2,18,2,0,22,0,39,26,0,65,2,57,28,0,87,20,0,20,107
09/14/2003,MKK,HI,AWP,WE,Federal Contract Tower,2,18,0,0,20,0,48,22,0,70,2,66,22,0,90,8,0,8,98
09/15/2003,MKK,HI,AWP,WE,Federal Contract Tower,2,29,4,0,35,0,39,37,0,76,2,68,41,0,111,4,0,4,115
09/16/2003,MKK,HI,AWP,WE,Federal Contract Tower,2,23,2,6,33,0,45,23,4,72,2,68,25,10,105,20,0,20,125
09/17/2003,MKK,HI,AWP,WE,Federal Contract Tower,2,25,4,3,34,0,59,26,9,94,2,84,30,12,128,34,4,38,166
09/18/2003,MKK,HI,AWP,WE,Federal Contract Tower,2,17,0,4,23,0,51,26,0,77,2,68,26,4,100,6,4,10,110
09/19/2003,MKK,HI,AWP,WE,Federal Contract Tower,2,24,0,1,27,0,62,40,2,104,2,86,40,3,131,22,0,22,153
09/20/2003,MKK,HI,AWP,WE,Federal Contract Tower,2,20,0,0,22,0,40,38,0,78,2,60,38,0,100,16,0,16,116
09/21/2003,MKK,HI,AWP,WE,Federal Contract Tower,2,19,2,0,23,0,37,28,0,65,2,56,30,0,88,8,0,8,96
09/22/2003,MKK,HI,AWP,WE,Federal Contract Tower,2,28,0,4,34,0,37,28,2,67,2,65,28,6,101,6,0,6,107
09/23/2003,MKK,HI,AWP,WE,Federal Contract Tower,2,25,2,4,33,0,35,15,2,52,2,60,17,6,85,2,0,2,87
09/24/2003,MKK,HI,AWP,WE,Federal Contract Tower,2,25,2,2,31,0,43,15,6,64,2,68,17,8,95,0,0,0,95
09/25/2003,MKK,HI,AWP,WE,Federal Contract Tower,2,22,1,10,35,0,61,16,0,77,2,83,17,10,112,4,2,6,118
09/26/2003,MKK,HI,AWP,WE,Federal Contract Tower,2,23,5,2,32,0,73,37,2,112,2,96,42,4,144,6,0,6,150
09/27/2003,MKK,HI,AWP,WE,Federal Contract Tower,2,21,3,0,26,0,91,37,0,128,2,112,40,0,154,14,0,14,168
09/28/2003,MKK,HI,AWP,WE,Federal Contract Tower,2,16,2,0,20,0,49,28,0,77,2,65,30,0,97,26,0,26,123
09/29/2003,MKK,HI,AWP,WE,Federal Contract Tower,2,22,0,2,26,0,40,29,2,71,2,62,29,4,97,6,0,6,103
09/30/2003,MKK,HI,AWP,WE,Federal Contract Tower,2,25,0,0,27,0,33,7,0,40,2,58,7,0,67,2,0,2,69
10/01/2003,MKK,HI,AWP,WE,Federal Contract Tower,0,22,2,0,24,0,46,48,0,94,0,68,50,0,118,0,0,0,118
10/02/2003,MKK,HI,AWP,WE,Federal Contract Tower,0,23,2,1,26,0,47,34,3,84,0,70,36,4,110,2,0,2,112
10/03/2003,MKK,HI,AWP,WE,Federal Contract Tower,1,24,2,1,28,1,56,20,3,80,2,80,22,4,108,2,0,2,110
10/04/2003,MKK,HI,AWP,WE,Federal Contract Tower,1,23,2,0,26,1,37,29,0,67,2,60,31,0,93,14,0,14,107
10/05/2003,MKK,HI,AWP,WE,Federal Contract Tower,0,18,2,1,21,2,44,36,3,85,2,62,38,4,106,8,0,8,114
10/06/2003,MKK,HI,AWP,WE,Federal Contract Tower,1,24,2,0,27,1,41,12,0,54,2,65,14,0,81,6,0,6,87
10/07/2003,MKK,HI,AWP,WE,Federal Contract Tower,1,24,2,1,28,1,40,19,3,63,2,64,21,4,91,10,0,10,101
10/08/2003,MKK,HI,AWP,WE,Federal Contract Tower,2,28,2,1,33,0,41,12,3,56,2,69,14,4,89,0,0,0,89
10/09/2003,MKK,HI,AWP,WE,Federal Contract Tower,2,23,3,1,29,0,41,17,5,63,2,64,20,6,92,2,0,2,94
10/10/2003,MKK,HI,AWP,WE,Federal Contract Tower,2,23,2,0,27,0,91,38,0,129,2,114,40,0,156,4,0,4,160
10/11/2003,MKK,HI,AWP,WE,Federal Contract Tower,2,23,3,1,29,0,73,27,7,107,2,96,30,8,136,0,0,0,136
10/12/2003,MKK,HI,AWP,WE,Federal Contract Tower,1,16,1,0,18,1,52,25,0,78,2,68,26,0,96,6,0,6,102
10/13/2003,MKK,HI,AWP,WE,Federal Contract Tower,2,23,2,0,27,0,52,12,0,64,2,75,14,0,91,2,0,2,93
10/14/2003,MKK,HI,AWP,WE,Federal Contract Tower,2,25,1,2,30,0,35,14,8,57,2,60,15,10,87,6,0,6,93
10/15/2003,MKK,HI,AWP,WE,Federal Contract Tower,2,32,2,2,38,0,25,20,4,49,2,57,22,6,87,8,0,8,95
10/16/2003,MKK,HI,AWP,WE,Federal Contract Tower,2,24,1,2,29,0,44,25,6,75,2,68,26,8,104,6,0,6,110
10/17/2003,MKK,HI,AWP,WE,Federal Contract Tower,2,19,1,0,22,0,67,27,0,94,2,86,28,0,116,4,0,4,120
10/18/2003,MKK,HI,AWP,WE,Federal Contract Tower,1,18,1,0,20,1,33,21,0,55,2,51,22,0,75,10,0,10,85
10/19/2003,MKK,HI,AWP,WE,Federal Contract Tower,2,15,1,0,18,0,45,17,0,62,2,60,18,0,80,4,0,4,84
10/20/2003,MKK,HI,AWP,WE,Federal Contract Tower,2,20,1,0,23,0,58,20,0,78,2,78,21,0,101,10,0,10,111
10/21/2003,MKK,HI,AWP,WE,Federal Contract Tower,2,21,1,0,24,0,37,12,0,49,2,58,13,0,73,2,0,2,75
10/22/2003,MKK,HI,AWP,WE,Federal Contract Tower,2,18,1,2,23,0,50,16,2,68,2,68,17,4,91,6,0,6,97
10/23/2003,MKK,HI,AWP,WE,Federal Contract Tower,2,22,1,2,27,0,10,13,2,25,2,32,14,4,52,0,0,0,52
10/24/2003,MKK,HI,AWP,WE,Federal Contract Tower,2,22,1,1,26,0,68,17,3,88,2,90,18,4,114,2,0,2,116
10/25/2003,MKK,HI,AWP,WE,Federal Contract Tower,2,19,1,1,23,0,51,34,1,86,2,70,35,2,109,2,0,2,111
10/26/2003,MKK,HI,AWP,WE,Federal Contract Tower,1,18,1,0,20,1,50,25,0,76,2,68,26,0,96,14,0,14,110
10/27/2003,MKK,HI,AWP,WE,Federal Contract Tower,2,30,2,1,35,0,41,31,3,75,2,71,33,4,110,0,0,0,110
10/28/2003,MKK,HI,AWP,WE,Federal Contract Tower,0,25,1,1,27,0,31,12,3,46,0,56,13,4,73,0,0,0,73
10/29/2003,MKK,HI,AWP,WE,Federal Contract Tower,2,24,2,1,29,0,32,20,3,55,2,56,22,4,84,0,0,0,84
10/30/2003,MKK,HI,AWP,WE,Federal Contract Tower,2,23,1,1,27,0,39,15,1,55,2,62,16,2,82,10,0,10,92
10/31/2003,MKK,HI,AWP,WE,Federal Contract Tower,2,24,1,1,28,0,70,43,1,114,2,94,44,2,142,6,0,6,148
11/01/2003,MKK,HI,AWP,WE,Federal Contract Tower,2,19,2,0,23,0,43,38,0,81,2,62,40,0,104,20,0,20,124
11/02/2003,MKK,HI,AWP,WE,Federal Contract Tower,3,19,1,0,23,1,53,47,0,101,4,72,48,0,124,32,0,32,156
11/03/2003,MKK,HI,AWP,WE,Federal Contract Tower,2,21,2,1,26,0,43,15,5,63,2,64,17,6,89,6,0,6,95
11/04/2003,MKK,HI,AWP,WE,Federal Contract Tower,2,22,2,1,27,0,46,10,3,59,2,68,12,4,86,0,0,0,86
11/05/2003,MKK,HI,AWP,WE,Federal Contract Tower,2,22,2,1,27,0,34,10,7,51,2,56,12,8,78,0,10,10,88
11/06/2003,MKK,HI,AWP,WE,Federal Contract Tower,2,20,1,0,23,0,44,23,0,67,2,64,24,0,90,6,0,6,96
11/07/2003,MKK,HI,AWP,WE,Federal Contract Tower,2,21,2,2,27,0,61,22,0,83,2,82,24,2,110,0,0,0,110
11/08/2003,MKK,HI,AWP,WE,Federal Contract Tower,2,21,1,0,24,0,49,27,0,76,2,70,28,0,100,12,0,12,112
11/09/2003,MKK,HI,AWP,WE,Federal Contract Tower,2,21,1,0,24,0,45,27,0,72,2,66,28,0,96,10,0,10,106
11/10/2003,MKK,HI,AWP,WE,Federal Contract Tower,2,25,1,0,28,0,37,16,0,53,2,62,17,0,81,0,0,0,81
11/11/2003,MKK,HI,AWP,WE,Federal Contract Tower,2,24,2,2,30,0,29,11,0,40,2,53,13,2,70,0,0,0,70
11/12/2003,MKK,HI,AWP,WE,Federal Contract Tower,2,29,3,2,36,0,26,11,16,53,2,55,14,18,89,0,0,0,89
11/13/2003,MKK,HI,AWP,WE,Federal Contract Tower,2,25,2,2,31,0,47,12,0,59,2,72,14,2,90,2,2,4,94
11/14/2003,MKK,HI,AWP,WE,Federal Contract Tower,1,23,3,2,29,1,57,23,0,81,2,80,26,2,110,4,0,4,114
11/15/2003,MKK,HI,AWP,WE,Federal Contract Tower,1,21,3,0,25,1,45,12,0,58,2,66,15,0,83,6,0,6,89
11/16/2003,MKK,HI,AWP,WE,Federal Contract Tower,1,17,1,0,19,1,53,22,0,76,2,70,23,0,95,8,0,8,103
11/17/2003,MKK,HI,AWP,WE,Federal Contract Tower,2,26,2,2,32,0,59,17,4,80,2,85,19,6,112,0,0,0,112
11/18/2003,MKK,HI,AWP,WE,Federal Contract Tower,2,28,3,1,34,0,36,13,1,50,2,64,16,2,84,0,0,0,84
11/19/2003,MKK,HI,AWP,WE,Federal Contract Tower,0,25,3,1,29,0,25,0,1,26,0,50,3,2,55,0,0,0,55
11/20/2003,MKK,HI,AWP,WE,Federal Contract Tower,2,29,3,1,35,0,37,13,3,53,2,66,16,4,88,0,12,12,100
11/21/2003,MKK,HI,AWP,WE,Federal Contract Tower,2,29,3,1,35,0,77,27,3,107,2,106,30,4,142,4,0,4,146
11/22/2003,MKK,HI,AWP,WE,Federal Contract Tower,2,26,2,0,30,0,40,22,0,62,2,66,24,0,92,2,0,2,94
11/23/2003,MKK,HI,AWP,WE,Federal Contract Tower,1,18,2,0,21,1,40,30,0,71,2,58,32,0,92,2,0,2,94
11/24/2003,MKK,HI,AWP,WE,Federal Contract Tower,1,23,3,1,28,1,44,7,5,57,2,67,10,6,85,6,0,6,91
11/25/2003,MKK,HI,AWP,WE,Federal Contract Tower,0,23,3,1,27,0,55,9,1,65,0,78,12,2,92,0,0,0,92
11/26/2003,MKK,HI,AWP,WE,Federal Contract Tower,0,28,3,1,32,0,67,38,13,118,0,95,41,14,150,6,0,6,156
11/27/2003,MKK,HI,AWP,WE,Federal Contract Tower,2,18,2,0,22,0,12,30,0,42,2,30,32,0,64,0,0,0,64
11/28/2003,MKK,HI,AWP,WE,Federal Contract Tower,1,22,3,1,27,1,62,29,3,95,2,84,32,4,122,0,0,0,122
11/29/2003,MKK,HI,AWP,WE,Federal Contract Tower,1,25,3,0,29,1,39,5,0,45,2,64,8,0,74,0,0,0,74
11/30/2003,MKK,HI,AWP,WE,Federal Contract Tower,1,21,2,0,24,1,47,24,0,72,2,68,26,0,96,0,0,0,96
12/01/2003,MKK,HI,AWP,WE,Federal Contract Tower,1,29,2,0,32,1,24,0,0,25,2,53,2,0,57,0,0,0,57
12/02/2003,MKK,HI,AWP,WE,Federal Contract Tower,1,27,2,0,30,1,60,12,0,73,2,87,14,0,103,16,0,16,119
12/03/2003,MKK,HI,AWP,WE,Federal Contract Tower,2,22,1,1,26,0,43,12,6,61,2,65,13,7,87,0,4,4,91
12/04/2003,MKK,HI,AWP,WE,Federal Contract Tower,2,21,1,1,25,0,41,21,3,65,2,62,22,4,90,4,4,8,98
12/05/2003,MKK,HI,AWP,WE,Federal Contract Tower,2,21,1,0,24,0,63,13,4,80,2,84,14,4,104,4,6,10,114
12/06/2003,MKK,HI,AWP,WE,Federal Contract Tower,2,21,1,0,24,0,53,25,0,78,2,74,26,0,102,4,0,4,106
12/07/2003,MKK,HI,AWP,WE,Federal Contract Tower,2,23,1,1,27,0,33,19,1,53,2,56,20,2,80,8,0,8,88
12/08/2003,MKK,HI,AWP,WE,Federal Contract Tower,2,28,2,0,32,0,52,18,0,70,2,80,20,0,102,20,0,20,122
12/09/2003,MKK,HI,AWP,WE,Federal Contract Tower,2,27,2,1,32,0,33,11,3,47,2,60,13,4,79,0,0,0,79
12/10/2003,MKK,HI,AWP,WE,Federal Contract Tower,2,27,2,1,32,0,35,6,1,42,2,62,8,2,74,0,0,0,74
12/11/2003,MKK,HI,AWP,WE,Federal Contract Tower,2,23,1,2,28,0,51,13,2,66,2,74,14,4,94,0,20,20,114
12/12/2003,MKK,HI,AWP,WE,Federal Contract Tower,2,22,1,1,26,0,66,17,1,84,2,88,18,2,110,0,0,0,110
12/13/2003,MKK,HI,AWP,WE,Federal Contract Tower,2,23,1,0,26,0,47,27,0,74,2,70,28,0,100,4,0,4,104
12/14/2003,MKK,HI,AWP,WE,Federal Contract Tower,2,18,1,0,21,0,50,30,0,80,2,68,31,0,101,18,0,18,119
12/15/2003,MKK,HI,AWP,WE,Federal Contract Tower,2,26,2,1,31,0,50,9,3,62,2,76,11,4,93,0,0,0,93
12/16/2003,MKK,HI,AWP,WE,Federal Contract Tower,2,27,2,1,32,0,40,24,9,73,2,67,26,10,105,0,18,18,123
12/17/2003,MKK,HI,AWP,WE,Federal Contract Tower,2,27,2,1,32,0,39,10,3,52,2,66,12,4,84,4,0,4,88
12/18/2003,MKK,HI,AWP,WE,Federal Contract Tower,2,25,2,1,30,0,59,22,5,86,2,84,24,6,116,12,0,12,128
12/19/2003,MKK,HI,AWP,WE,Federal Contract Tower,2,21,0,0,23,0,69,22,0,91,2,90,22,0,114,6,0,6,120
12/20/2003,MKK,HI,AWP,WE,Federal Contract Tower,2,23,0,0,25,0,51,40,0,91,2,74,40,0,116,6,0,6,122
12/21/2003,MKK,HI,AWP,WE,Federal Contract Tower,2,17,0,0,19,0,41,27,0,68,2,58,27,0,87,6,0,6,93
12/22/2003,MKK,HI,AWP,WE,Federal Contract Tower,2,27,1,2,32,0,53,13,6,72,2,80,14,8,104,14,0,14,118
12/23/2003,MKK,HI,AWP,WE,Federal Contract Tower,2,22,0,0,24,0,70,12,0,82,2,92,12,0,106,6,0,6,112
12/24/2003,MKK,HI,AWP,WE,Federal Contract Tower,2,21,0,0,23,0,67,21,0,88,2,88,21,0,111,6,0,6,117
12/25/2003,MKK,HI,AWP,WE,Federal Contract Tower,2,17,0,0,19,0,9,10,0,19,2,26,10,0,38,14,0,14,52
12/26/2003,MKK,HI,AWP,WE,Federal Contract Tower,2,21,0,0,23,0,75,30,0,105,2,96,30,0,128,4,0,4,132
12/27/2003,MKK,HI,AWP,WE,Federal Contract Tower,2,22,0,0,24,0,36,34,0,70,2,58,34,0,94,20,0,20,114
12/28/2003,MKK,HI,AWP,WE,Federal Contract Tower,2,21,0,0,23,0,39,12,0,51,2,60,12,0,74,0,0,0,74
12/29/2003,MKK,HI,AWP,WE,Federal Contract Tower,2,25,1,1,29,0,55,21,1,77,2,80,22,2,106,0,0,0,106
12/30/2003,MKK,HI,AWP,WE,Federal Contract Tower,2,25,1,1,29,0,59,14,5,78,2,84,15,6,107,0,10,10,117
12/31/2003,MKK,HI,AWP,WE,Federal Contract Tower,0,24,0,0,24,0,58,10,0,68,0,82,10,0,92,0,0,0,92
01/01/2004,MKK,HI,AWP,WE,Federal Contract Tower,1,16,0,0,17,1,0,0,0,1,2,16,0,0,18,0,0,0,18
01/02/2004,MKK,HI,AWP,WE,Federal Contract Tower,0,15,1,0,16,0,13,1,0,14,0,28,2,0,30,0,0,0,30
01/03/2004,MKK,HI,AWP,WE,Federal Contract Tower,0,27,4,0,31,0,33,20,0,53,0,60,24,0,84,2,0,2,86
01/04/2004,MKK,HI,AWP,WE,Federal Contract Tower,2,15,1,0,18,0,42,19,2,63,2,57,20,2,81,6,0,6,87
01/05/2004,MKK,HI,AWP,WE,Federal Contract Tower,1,26,2,2,31,1,46,40,0,87,2,72,42,2,118,4,0,4,122
01/06/2004,MKK,HI,AWP,WE,Federal Contract Tower,1,26,2,2,31,1,38,16,2,57,2,64,18,4,88,4,0,4,92
01/07/2004,MKK,HI,AWP,WE,Federal Contract Tower,0,19,2,2,23,2,39,18,6,65,2,58,20,8,88,0,0,0,88
01/08/2004,MKK,HI,AWP,WE,Federal Contract Tower,0,21,2,0,23,2,53,28,0,83,2,74,30,0,106,0,0,0,106
01/09/2004,MKK,HI,AWP,WE,Federal Contract Tower,1,19,2,2,24,1,63,28,0,92,2,82,30,2,116,6,0,6,122
01/10/2004,MKK,HI,AWP,WE,Federal Contract Tower,1,19,2,0,22,1,47,36,0,84,2,66,38,0,106,6,0,6,112
01/11/2004,MKK,HI,AWP,WE,Federal Contract Tower,2,16,2,0,20,0,42,37,0,79,2,58,39,0,99,16,0,16,115
01/12/2004,MKK,HI,AWP,WE,Federal Contract Tower,0,24,2,0,26,0,48,20,0,68,0,72,22,0,94,6,0,6,100
01/13/2004,MKK,HI,AWP,WE,Federal Contract Tower,2,25,2,0,29,0,43,19,0,62,2,68,21,0,91,6,0,6,97
01/14/2004,MKK,HI,AWP,WE,Federal Contract Tower,0,19,1,0,20,0,45,4,0,49,0,64,5,0,69,0,0,0,69
01/15/2004,MKK,HI,AWP,WE,Federal Contract Tower,2,23,1,2,28,0,53,23,2,78,2,76,24,4,106,4,0,4,110
01/16/2004,MKK,HI,AWP,WE,Federal Contract Tower,2,21,1,2,26,0,59,39,4,102,2,80,40,6,128,12,30,42,170
01/17/2004,MKK,HI,AWP,WE,Federal Contract Tower,2,23,1,0,26,0,51,57,0,108,2,74,58,0,134,10,0,10,144
01/18/2004,MKK,HI,AWP,WE,Federal Contract Tower,2,17,1,0,20,0,45,28,0,73,2,62,29,0,93,14,0,14,107
01/19/2004,MKK,HI,AWP,WE,Federal Contract Tower,2,24,1,0,27,0,52,13,0,65,2,76,14,0,92,4,0,4,96
01/20/2004,MKK,HI,AWP,WE,Federal Contract Tower,0,25,1,1,27,0,41,15,3,59,0,66,16,4,86,0,0,0,86
01/21/2004,MKK,HI,AWP,WE,Federal Contract Tower,2,25,1,1,29,0,49,11,3,63,2,74,12,4,92,0,0,0,92
01/22/2004,MKK,HI,AWP,WE,Federal Contract Tower,0,26,1,1,28,0,56,17,5,78,0,82,18,6,106,2,24,26,132
01/23/2004,MKK,HI,AWP,WE,Federal Contract Tower,2,22,1,0,25,0,50,11,0,61,2,72,12,0,86,0,0,0,86
01/24/2004,MKK,HI,AWP,WE,Federal Contract Tower,1,22,1,0,24,1,34,15,0,50,2,56,16,0,74,2,0,2,76
01/25/2004,MKK,HI,AWP,WE,Federal Contract Tower,2,18,1,0,21,0,33,27,0,60,2,51,28,0,81,14,0,14,95
01/26/2004,MKK,HI,AWP,WE,Federal Contract Tower,2,32,1,1,36,0,32,15,5,52,2,64,16,6,88,4,0,4,92
01/27/2004,MKK,HI,AWP,WE,Federal Contract Tower,2,29,1,1,33,0,43,23,3,69,2,72,24,4,102,18,0,18,120
01/28/2004,MKK,HI,AWP,WE,Federal Contract Tower,2,30,1,1,34,0,32,16,7,55,2,62,17,8,89,0,0,0,89
01/29/2004,MKK,HI,AWP,WE,Federal Contract Tower,2,28,2,1,33,0,44,10,9,63,2,72,12,10,96,0,0,0,96
01/30/2004,MKK,HI,AWP,WE,Federal Contract Tower,2,24,1,1,28,0,64,11,3,78,2,88,12,4,106,4,10,14,120
01/31/2004,MKK,HI,AWP,WE,Federal Contract Tower,2,22,1,1,26,0,38,35,1,74,2,60,36,2,100,0,0,0,100
02/01/2004,MKK,HI,AWP,WE,Federal Contract Tower,2,17,1,0,20,0,41,26,0,67,2,58,27,0,87,4,0,4,91
02/02/2004,MKK,HI,AWP,WE,Federal Contract Tower,2,27,2,2,33,0,59,26,6,91,2,86,28,8,124,2,0,2,126
02/03/2004,MKK,HI,AWP,WE,Federal Contract Tower,2,26,2,1,31,0,34,12,9,55,2,60,14,10,86,4,0,4,90
02/04/2004,MKK,HI,AWP,WE,Federal Contract Tower,2,24,2,1,29,0,36,18,5,59,2,60,20,6,88,0,26,26,114
02/05/2004,MKK,HI,AWP,WE,Federal Contract Tower,2,24,2,1,29,0,52,18,3,73,2,76,20,4,102,0,36,36,138
02/06/2004,MKK,HI,AWP,WE,Federal Contract Tower,2,24,2,1,29,0,50,22,5,77,2,74,24,6,106,8,6,14,120
02/07/2004,MKK,HI,AWP,WE,Federal Contract Tower,2,24,2,0,28,0,38,18,0,56,2,62,20,0,84,10,0,10,94
02/08/2004,MKK,HI,AWP,WE,Federal Contract Tower,2,18,1,0,21,0,42,27,0,69,2,60,28,0,90,14,0,14,104
02/09/2004,MKK,HI,AWP,WE,Federal Contract Tower,2,27,2,2,33,0,55,23,0,78,2,82,25,2,111,0,0,0,111
02/10/2004,MKK,HI,AWP,WE,Federal Contract Tower,0,25,2,2,29,0,35,16,4,55,0,60,18,6,84,4,36,40,124
02/11/2004,MKK,HI,AWP,WE,Federal Contract Tower,2,21,1,0,24,0,43,24,0,67,2,64,25,0,91,6,0,6,97
02/12/2004,MKK,HI,AWP,WE,Federal Contract Tower,2,23,2,2,29,0,51,24,0,75,2,74,26,2,104,6,2,8,112
02/13/2004,MKK,HI,AWP,WE,Federal Contract Tower,2,21,1,0,24,0,69,39,0,108,2,90,40,0,132,8,0,8,140
02/14/2004,MKK,HI,AWP,WE,Federal Contract Tower,0,19,2,0,21,0,61,36,0,97,0,80,38,0,118,18,0,18,136
02/15/2004,MKK,HI,AWP,WE,Federal Contract Tower,0,19,2,2,23,0,33,32,2,67,0,52,34,4,90,0,0,0,90
02/16/2004,MKK,HI,AWP,WE,Federal Contract Tower,1,24,3,2,30,1,58,30,8,97,2,82,33,10,127,6,0,6,133
02/17/2004,MKK,HI,AWP,WE,Federal Contract Tower,1,27,3,2,33,1,35,19,0,55,2,62,22,2,88,6,0,6,94
02/18/2004,MKK,HI,AWP,WE,Federal Contract Tower,1,23,2,0,26,1,39,13,0,53,2,62,15,0,79,4,0,4,83
02/19/2004,MKK,HI,AWP,WE,Federal Contract Tower,2,34,2,3,41,0,50,22,7,79,2,84,24,10,120,14,6,20,140
02/20/2004,MKK,HI,AWP,WE,Federal Contract Tower,1,23,2,2,28,1,65,40,1,107,2,88,42,3,135,10,4,14,149
02/21/2004,MKK,HI,AWP,WE,Federal Contract Tower,1,21,1,0,23,1,45,36,0,82,2,66,37,0,105,24,0,24,129
02/22/2004,MKK,HI,AWP,WE,Federal Contract Tower,1,18,1,0,20,1,34,39,0,74,2,52,40,0,94,16,0,16,110
02/23/2004,MKK,HI,AWP,WE,Federal Contract Tower,1,27,2,2,32,1,38,22,0,61,2,65,24,2,93,4,0,4,97
02/24/2004,MKK,HI,AWP,WE,Federal Contract Tower,1,26,2,2,31,1,42,27,0,70,2,68,29,2,101,18,0,18,119
02/25/2004,MKK,HI,AWP,WE,Federal Contract Tower,1,26,2,2,31,1,32,29,0,62,2,58,31,2,93,4,0,4,97
02/26/2004,MKK,HI,AWP,WE,Federal Contract Tower,1,28,2,3,34,1,27,11,3,42,2,55,13,6,76,4,0,4,80
02/27/2004,MKK,HI,AWP,WE,Federal Contract Tower,0,14,0,0,14,0,6,0,0,6,0,20,0,0,20,0,0,0,20
02/28/2004,MKK,HI,AWP,WE,Federal Contract Tower,1,20,1,0,22,1,20,13,0,34,2,40,14,0,56,0,0,0,56
02/29/2004,MKK,HI,AWP,WE,Federal Contract Tower,0,19,1,0,20,0,35,11,0,46,0,54,12,0,66,8,0,8,74
03/01/2004,MKK,HI,AWP,WE,Federal Contract Tower,1,27,3,0,31,1,55,19,0,75,2,82,22,0,106,0,0,0,106
03/02/2004,MKK,HI,AWP,WE,Federal Contract Tower,0,27,3,0,30,2,21,6,0,29,2,48,9,0,59,0,0,0,59
03/03/2004,MKK,HI,AWP,WE,Federal Contract Tower,2,30,0,1,33,0,28,0,1,29,2,58,0,2,62,0,0,0,62
03/04/2004,MKK,HI,AWP,WE,Federal Contract Tower,2,22,3,0,27,0,50,5,0,55,2,72,8,0,82,0,0,0,82
03/05/2004,MKK,HI,AWP,WE,Federal Contract Tower,2,28,3,1,34,0,60,45,5,110,2,88,48,6,144,24,0,24,168
03/06/2004,MKK,HI,AWP,WE,Federal Contract Tower,2,19,2,0,23,0,46,29,0,75,2,65,31,0,98,0,0,0,98
03/07/2004,MKK,HI,AWP,WE,Federal Contract Tower,2,17,2,0,21,0,41,32,0,73,2,58,34,0,94,4,0,4,98
03/08/2004,MKK,HI,AWP,WE,Federal Contract Tower,2,30,3,1,36,0,48,8,1,57,2,78,11,2,93,0,0,0,93
03/09/2004,MKK,HI,AWP,WE,Federal Contract Tower,2,31,2,2,37,0,41,21,2,64,2,72,23,4,101,10,0,10,111
03/10/2004,MKK,HI,AWP,WE,Federal Contract Tower,2,29,2,2,35,0,49,22,8,79,2,78,24,10,114,12,0,12,126
03/11/2004,MKK,HI,AWP,WE,Federal Contract Tower,2,25,1,2,30,0,47,31,2,80,2,72,32,4,110,8,0,8,118
03/12/2004,MKK,HI,AWP,WE,Federal Contract Tower,2,19,1,0,22,0,57,25,0,82,2,76,26,0,104,6,0,6,110
03/13/2004,MKK,HI,AWP,WE,Federal Contract Tower,2,25,2,2,31,0,45,20,2,67,2,70,22,4,98,8,0,8,106
03/14/2004,MKK,HI,AWP,WE,Federal Contract Tower,2,15,1,0,18,0,37,19,0,56,2,52,20,0,74,10,0,10,84
03/15/2004,MKK,HI,AWP,WE,Federal Contract Tower,2,30,2,2,36,0,48,22,2,72,2,78,24,4,108,22,0,22,130
03/16/2004,MKK,HI,AWP,WE,Federal Contract Tower,2,25,1,2,30,0,45,29,0,74,2,70,30,2,104,8,0,8,112
03/17/2004,MKK,HI,AWP,WE,Federal Contract Tower,2,22,2,1,27,0,42,16,5,63,2,64,18,6,90,8,0,8,98
03/18/2004,MKK,HI,AWP,WE,Federal Contract Tower,2,25,2,2,31,0,61,38,0,99,2,86,40,2,130,16,0,16,146
03/19/2004,MKK,HI,AWP,WE,Federal Contract Tower,2,23,2,0,27,0,97,50,0,147,2,120,52,0,174,10,0,10,184
03/20/2004,MKK,HI,AWP,WE,Federal Contract Tower,2,20,1,0,23,0,54,29,0,83,2,74,30,0,106,0,0,0,106
03/21/2004,MKK,HI,AWP,WE,Federal Contract Tower,2,25,2,2,31,0,49,25,0,74,2,74,27,2,105,0,0,0,105
03/22/2004,MKK,HI,AWP,WE,Federal Contract Tower,0,29,2,0,31,0,46,5,0,51,0,75,7,0,82,0,0,0,82
03/23/2004,MKK,HI,AWP,WE,Federal Contract Tower,2,31,2,1,36,0,37,6,1,44,2,68,8,2,80,0,0,0,80
03/24/2004,MKK,HI,AWP,WE,Federal Contract Tower,2,22,2,0,26,0,36,40,2,78,2,58,42,2,104,0,0,0,104
03/25/2004,MKK,HI,AWP,WE,Federal Contract Tower,2,25,1,1,29,0,55,45,1,101,2,80,46,2,130,0,0,0,130
03/26/2004,MKK,HI,AWP,WE,Federal Contract Tower,2,22,2,0,26,0,44,18,0,62,2,66,20,0,88,0,0,0,88
03/27/2004,MKK,HI,AWP,WE,Federal Contract Tower,2,23,2,0,27,0,55,36,0,91,2,78,38,0,118,6,0,6,124
03/28/2004,MKK,HI,AWP,WE,Federal Contract Tower,1,16,1,0,18,1,48,21,0,70,2,64,22,0,88,2,0,2,90
03/29/2004,MKK,HI,AWP,WE,Federal Contract Tower,2,26,2,0,30,0,56,10,0,66,2,82,12,0,96,0,0,0,96
03/30/2004,MKK,HI,AWP,WE,Federal Contract Tower,2,26,1,0,29,0,46,21,0,67,2,72,22,0,96,18,0,18,114
03/31/2004,MKK,HI,AWP,WE,Federal Contract Tower,2,25,1,1,29,0,25,23,3,51,2,50,24,4,80,22,0,22,102
04/01/2004,MKK,HI,AWP,WE,Federal Contract Tower,1,24,4,1,30,1,44,26,7,78,2,68,30,8,108,12,0,12,120
04/02/2004,MKK,HI,AWP,WE,Federal Contract Tower,2,21,3,0,26,0,49,9,0,58,2,70,12,0,84,4,0,4,88
04/03/2004,MKK,HI,AWP,WE,Federal Contract Tower,2,24,3,0,29,0,40,25,0,65,2,64,28,0,94,12,0,12,106
04/04/2004,MKK,HI,AWP,WE,Federal Contract Tower,2,12,1,0,15,0,30,15,0,45,2,42,16,0,60,8,0,8,68
04/05/2004,MKK,HI,AWP,WE,Federal Contract Tower,2,19,3,0,24,0,43,16,0,59,2,62,19,0,83,14,0,14,97
04/06/2004,MKK,HI,AWP,WE,Federal Contract Tower,2,24,3,1,30,0,46,17,5,68,2,70,20,6,98,10,10,20,118
04/07/2004,MKK,HI,AWP,WE,Federal Contract Tower,2,20,3,1,26,0,52,19,1,72,2,72,22,2,98,0,0,0,98
04/08/2004,MKK,HI,AWP,WE,Federal Contract Tower,2,24,3,0,29,0,48,31,0,79,2,72,34,0,108,12,0,12,120
04/09/2004,MKK,HI,AWP,WE,Federal Contract Tower,2,20,3,1,26,0,50,13,1,64,2,70,16,2,90,0,0,0,90
04/10/2004,MKK,HI,AWP,WE,Federal Contract Tower,2,17,2,0,21,0,37,12,0,49,2,54,14,0,70,0,0,0,70
04/11/2004,MKK,HI,AWP,WE,Federal Contract Tower,2,15,2,0,19,0,36,19,0,55,2,51,21,0,74,10,0,10,84
04/12/2004,MKK,HI,AWP,WE,Federal Contract Tower,1,19,4,0,24,1,49,15,0,65,2,68,19,0,89,4,0,4,93
04/13/2004,MKK,HI,AWP,WE,Federal Contract Tower,1,20,4,1,26,1,37,17,1,56,2,57,21,2,82,4,0,4,86
04/14/2004,MKK,HI,AWP,WE,Federal Contract Tower,1,20,4,1,26,1,30,18,3,52,2,50,22,4,78,0,0,0,78
04/15/2004,MKK,HI,AWP,WE,Federal Contract Tower,1,19,4,1,25,1,57,14,3,75,2,76,18,4,100,2,34,36,136
04/16/2004,MKK,HI,AWP,WE,Federal Contract Tower,1,21,4,1,27,1,45,28,1,75,2,66,32,2,102,14,0,14,116
04/17/2004,MKK,HI,AWP,WE,Federal Contract Tower,2,18,3,0,23,0,50,13,0,63,2,68,16,0,86,14,0,14,100
04/18/2004,MKK,HI,AWP,WE,Federal Contract Tower,2,22,3,0,27,0,30,18,0,48,2,52,21,0,75,6,0,6,81
04/19/2004,MKK,HI,AWP,WE,Federal Contract Tower,2,23,3,1,29,0,45,19,1,65,2,68,22,2,94,12,0,12,106
04/20/2004,MKK,HI,AWP,WE,Federal Contract Tower,1,22,3,1,27,1,41,24,5,71,2,63,27,6,98,18,26,44,142
04/21/2004,MKK,HI,AWP,WE,Federal Contract Tower,2,30,4,2,38,0,31,32,4,67,2,61,36,6,105,14,8,22,127
04/22/2004,MKK,HI,AWP,WE,Federal Contract Tower,2,26,4,0,32,0,64,20,4,88,2,90,24,4,120,6,0,6,126
04/23/2004,MKK,HI,AWP,WE,Federal Contract Tower,2,28,4,1,35,0,60,22,1,83,2,88,26,2,118,20,0,20,138
04/24/2004,MKK,HI,AWP,WE,Federal Contract Tower,1,22,4,0,27,1,50,41,2,94,2,72,45,2,121,16,0,16,137
04/25/2004,MKK,HI,AWP,WE,Federal Contract Tower,2,18,3,0,23,0,24,18,0,42,2,42,21,0,65,0,0,0,65
04/26/2004,MKK,HI,AWP,WE,Federal Contract Tower,2,35,5,0,42,0,23,10,0,33,2,58,15,0,75,0,0,0,75
04/27/2004,MKK,HI,AWP,WE,Federal Contract Tower,2,27,4,1,34,0,37,45,1,83,2,64,49,2,117,4,2,6,123
04/28/2004,MKK,HI,AWP,WE,Federal Contract Tower,2,25,4,0,31,0,21,23,12,56,2,46,27,12,87,0,0,0,87
04/29/2004,MKK,HI,AWP,WE,Federal Contract Tower,2,25,4,0,31,0,57,18,4,79,2,82,22,4,110,8,0,8,118
04/30/2004,MKK,HI,AWP,WE,Federal Contract Tower,1,20,4,0,25,1,72,36,2,111,2,92,40,2,136,10,0,10,146
05/01/2004,MKK,HI,AWP,WE,Federal Contract Tower,2,17,3,0,22,0,41,29,0,70,2,58,32,0,92,14,0,14,106
05/02/2004,MKK,HI,AWP,WE,Federal Contract Tower,2,14,1,0,17,0,34,16,0,50,2,48,17,0,67,10,0,10,77
05/03/2004,MKK,HI,AWP,WE,Federal Contract Tower,2,20,1,0,23,0,45,6,0,51,2,65,7,0,74,2,0,2,76
05/04/2004,MKK,HI,AWP,WE,Federal Contract Tower,2,23,2,0,27,0,49,10,0,59,2,72,12,0,86,0,0,0,86
05/05/2004,MKK,HI,AWP,WE,Federal Contract Tower,2,23,3,1,29,0,37,17,9,63,2,60,20,10,92,0,0,0,92
05/06/2004,MKK,HI,AWP,WE,Federal Contract Tower,2,20,2,1,25,0,72,14,1,87,2,92,16,2,112,0,0,0,112
05/07/2004,MKK,HI,AWP,WE,Federal Contract Tower,2,18,2,2,24,0,62,22,0,84,2,80,24,2,108,10,12,22,130
05/08/2004,MKK,HI,AWP,WE,Federal Contract Tower,1,17,3,0,21,1,43,23,0,67,2,60,26,0,88,4,0,4,92
05/09/2004,MKK,HI,AWP,WE,Federal Contract Tower,2,13,2,0,17,0,44,22,0,66,2,57,24,0,83,0,0,0,83
05/10/2004,MKK,HI,AWP,WE,Federal Contract Tower,2,21,3,2,28,0,31,9,4,44,2,52,12,6,72,0,0,0,72
05/11/2004,MKK,HI,AWP,WE,Federal Contract Tower,2,23,3,1,29,0,50,23,0,73,2,73,26,1,102,12,0,12,114
05/12/2004,MKK,HI,AWP,WE,Federal Contract Tower,2,20,3,2,27,0,50,15,0,65,2,70,18,2,92,6,0,6,98
05/13/2004,MKK,HI,AWP,WE,Federal Contract Tower,2,23,3,2,30,0,51,23,4,78,2,74,26,6,108,22,0,22,130
05/14/2004,MKK,HI,AWP,WE,Federal Contract Tower,2,20,3,2,27,0,64,5,0,69,2,84,8,2,96,0,0,0,96
05/15/2004,MKK,HI,AWP,WE,Federal Contract Tower,0,17,1,0,18,0,9,13,0,22,0,26,14,0,40,14,0,14,54
05/16/2004,MKK,HI,AWP,WE,Federal Contract Tower,1,16,1,0,18,1,48,19,0,68,2,64,20,0,86,0,0,0,86
05/17/2004,MKK,HI,AWP,WE,Federal Contract Tower,2,25,3,2,32,0,45,20,6,71,2,70,23,8,103,6,0,6,109
05/18/2004,MKK,HI,AWP,WE,Federal Contract Tower,2,21,2,1,26,0,42,25,0,67,2,63,27,1,93,0,0,0,93
05/19/2004,MKK,HI,AWP,WE,Federal Contract Tower,1,20,3,1,25,1,38,12,3,54,2,58,15,4,79,10,0,10,89
05/20/2004,MKK,HI,AWP,WE,Federal Contract Tower,1,19,3,1,24,1,37,27,7,72,2,56,30,8,96,24,12,36,132
05/21/2004,MKK,HI,AWP,WE,Federal Contract Tower,2,21,3,0,26,0,63,27,0,90,2,84,30,0,116,12,0,12,128
05/22/2004,MKK,HI,AWP,WE,Federal Contract Tower,2,14,2,0,18,0,40,36,0,76,2,54,38,0,94,16,0,16,110
05/23/2004,MKK,HI,AWP,WE,Federal Contract Tower,1,18,3,0,22,1,38,18,0,57,2,56,21,0,79,8,0,8,87
05/24/2004,MKK,HI,AWP,WE,Federal Contract Tower,2,26,4,1,33,0,30,21,3,54,2,56,25,4,87,8,0,8,95
05/25/2004,MKK,HI,AWP,WE,Federal Contract Tower,2,23,3,1,29,0,51,15,1,67,2,74,18,2,96,0,0,0,96
05/26/2004,MKK,HI,AWP,WE,Federal Contract Tower,1,20,3,1,25,1,46,17,1,65,2,66,20,2,90,8,2,10,100
05/27/2004,MKK,HI,AWP,WE,Federal Contract Tower,1,20,3,1,25,1,44,21,1,67,2,64,24,2,92,2,4,6,98
05/28/2004,MKK,HI,AWP,WE,Federal Contract Tower,1,17,3,1,22,1,59,29,1,90,2,76,32,2,112,8,0,8,120
05/29/2004,MKK,HI,AWP,WE,Federal Contract Tower,1,17,2,0,20,1,47,42,0,90,2,64,44,0,110,6,0,6,116
05/30/2004,MKK,HI,AWP,WE,Federal Contract Tower,1,16,2,0,19,1,26,16,0,43,2,42,18,0,62,12,0,12,74
05/31/2004,MKK,HI,AWP,WE,Federal Contract Tower,1,16,2,0,19,1,56,33,0,90,2,72,35,0,109,8,0,8,117
06/01/2004,MKK,HI,AWP,WE,Federal Contract Tower,2,21,4,0,27,0,46,16,0,62,2,67,20,0,89,4,0,4,93
06/02/2004,MKK,HI,AWP,WE,Federal Contract Tower,2,18,1,0,21,0,50,24,0,74,2,68,25,0,95,4,0,4,99
06/03/2004,MKK,HI,AWP,WE,Federal Contract Tower,2,17,3,0,22,0,61,23,0,84,2,78,26,0,106,6,0,6,112
06/04/2004,MKK,HI,AWP,WE,Federal Contract Tower,2,18,2,0,22,0,56,24,8,88,2,74,26,8,110,10,44,54,164
06/05/2004,MKK,HI,AWP,WE,Federal Contract Tower,2,14,3,0,19,0,42,33,2,77,2,56,36,2,96,8,0,8,104
06/06/2004,MKK,HI,AWP,WE,Federal Contract Tower,2,15,3,0,20,0,35,27,0,62,2,50,30,0,82,10,0,10,92
06/07/2004,MKK,HI,AWP,WE,Federal Contract Tower,2,20,3,0,25,0,48,15,0,63,2,68,18,0,88,6,0,6,94
06/08/2004,MKK,HI,AWP,WE,Federal Contract Tower,2,25,4,0,31,0,62,20,0,82,2,87,24,0,113,8,0,8,121
06/09/2004,MKK,HI,AWP,WE,Federal Contract Tower,2,21,4,0,27,0,31,19,0,50,2,52,23,0,77,0,0,0,77
06/10/2004,MKK,HI,AWP,WE,Federal Contract Tower,2,24,4,0,30,0,38,24,4,66,2,62,28,4,96,4,0,4,100
06/11/2004,MKK,HI,AWP,WE,Federal Contract Tower,2,19,3,0,24,0,49,25,0,74,2,68,28,0,98,16,0,16,114
06/12/2004,MKK,HI,AWP,WE,Federal Contract Tower,2,21,3,0,26,0,29,31,0,60,2,50,34,0,86,16,0,16,102
06/13/2004,MKK,HI,AWP,WE,Federal Contract Tower,2,14,2,0,18,0,40,14,0,54,2,54,16,0,72,2,0,2,74
06/14/2004,MKK,HI,AWP,WE,Federal Contract Tower,2,21,4,0,27,0,55,23,2,80,2,76,27,2,107,4,0,4,111
06/15/2004,MKK,HI,AWP,WE,Federal Contract Tower,2,21,3,0,26,0,72,23,0,95,2,93,26,0,121,6,0,6,127
06/16/2004,MKK,HI,AWP,WE,Federal Contract Tower,2,19,3,1,25,0,39,14,1,54,2,58,17,2,79,6,0,6,85
06/17/2004,MKK,HI,AWP,WE,Federal Contract Tower,2,20,3,1,26,0,46,19,0,65,2,66,22,1,91,2,0,2,93
06/18/2004,MKK,HI,AWP,WE,Federal Contract Tower,1,15,1,0,17,1,63,27,0,91,2,78,28,0,108,2,0,2,110
06/19/2004,MKK,HI,AWP,WE,Federal Contract Tower,2,19,1,0,22,0,41,29,0,70,2,60,30,0,92,4,0,4,96
06/20/2004,MKK,HI,AWP,WE,Federal Contract Tower,1,14,1,0,16,1,44,23,0,68,2,58,24,0,84,0,0,0,84
06/21/2004,MKK,HI,AWP,WE,Federal Contract Tower,2,26,3,0,31,0,38,21,0,59,2,64,24,0,90,14,0,14,104
06/22/2004,MKK,HI,AWP,WE,Federal Contract Tower,1,18,3,0,22,1,55,20,0,76,2,73,23,0,98,0,0,0,98
06/23/2004,MKK,HI,AWP,WE,Federal Contract Tower,1,15,3,0,19,1,45,28,2,76,2,60,31,2,95,8,0,8,103
06/24/2004,MKK,HI,AWP,WE,Federal Contract Tower,1,11,2,0,14,1,55,20,4,80,2,66,22,4,94,6,0,6,100
06/25/2004,MKK,HI,AWP,WE,Federal Contract Tower,1,14,2,0,17,1,62,24,0,87,2,76,26,0,104,6,0,6,110
06/26/2004,MKK,HI,AWP,WE,Federal Contract Tower,1,10,1,0,12,1,30,19,4,54,2,40,20,4,66,12,2,14,80
06/27/2004,MKK,HI,AWP,WE,Federal Contract Tower,1,15,2,0,18,1,39,23,0,63,2,54,25,0,81,12,0,12,93
06/28/2004,MKK,HI,AWP,WE,Federal Contract Tower,1,18,3,0,22,1,54,9,0,64,2,72,12,0,86,10,0,10,96
06/29/2004,MKK,HI,AWP,WE,Federal Contract Tower,1,14,2,0,17,1,36,10,2,49,2,50,12,2,66,4,0,4,70
06/30/2004,MKK,HI,AWP,WE,Federal Contract Tower,1,15,3,0,19,1,30,14,0,45,2,45,17,0,64,6,0,6,70
07/01/2004,MKK,HI,AWP,WE,Federal Contract Tower,1,18,2,1,22,1,46,20,1,68,2,64,22,2,90,6,0,6,96
07/02/2004,MKK,HI,AWP,WE,Federal Contract Tower,0,16,2,0,18,2,46,22,2,72,2,62,24,2,90,8,2,10,100
07/03/2004,MKK,HI,AWP,WE,Federal Contract Tower,1,17,2,0,20,1,49,28,0,78,2,66,30,0,98,18,0,18,116
07/04/2004,MKK,HI,AWP,WE,Federal Contract Tower,1,20,2,0,23,1,28,24,0,53,2,48,26,0,76,6,0,6,82
07/05/2004,MKK,HI,AWP,WE,Federal Contract Tower,1,17,2,0,20,1,43,14,0,58,2,60,16,0,78,6,0,6,84
07/06/2004,MKK,HI,AWP,WE,Federal Contract Tower,2,21,2,1,26,0,65,20,4,89,2,86,22,5,115,5,0,5,120
07/07/2004,MKK,HI,AWP,WE,Federal Contract Tower,2,22,2,1,27,0,36,21,5,62,2,58,23,6,89,0,0,0,89
07/08/2004,MKK,HI,AWP,WE,Federal Contract Tower,2,17,2,0,21,0,45,12,0,57,2,62,14,0,78,8,0,8,86
07/09/2004,MKK,HI,AWP,WE,Federal Contract Tower,2,17,2,0,21,0,59,28,0,87,2,76,30,0,108,6,0,6,114
07/10/2004,MKK,HI,AWP,WE,Federal Contract Tower,2,15,1,0,18,0,47,35,0,82,2,62,36,0,100,16,0,16,116
07/11/2004,MKK,HI,AWP,WE,Federal Contract Tower,2,14,1,0,17,0,38,16,0,54,2,52,17,0,71,0,0,0,71
07/12/2004,MKK,HI,AWP,WE,Federal Contract Tower,2,18,1,2,23,0,50,15,1,66,2,68,16,3,89,0,0,0,89
07/13/2004,MKK,HI,AWP,WE,Federal Contract Tower,2,20,1,2,25,0,40,13,0,53,2,60,14,2,78,0,0,0,78
07/14/2004,MKK,HI,AWP,WE,Federal Contract Tower,2,17,1,2,22,0,67,10,0,77,2,84,11,2,99,0,0,0,99
07/15/2004,MKK,HI,AWP,WE,Federal Contract Tower,2,17,1,2,22,0,59,14,0,73,2,76,15,2,95,2,0,2,97
07/16/2004,MKK,HI,AWP,WE,Federal Contract Tower,2,19,1,1,23,0,53,27,0,80,2,72,28,1,103,10,14,24,127
07/17/2004,MKK,HI,AWP,WE,Federal Contract Tower,2,20,1,2,25,0,46,31,4,81,2,66,32,6,106,6,6,12,118
07/18/2004,MKK,HI,AWP,WE,Federal Contract Tower,2,16,1,1,20,0,49,24,1,74,2,65,25,2,94,6,0,6,100
07/19/2004,MKK,HI,AWP,WE,Federal Contract Tower,2,25,1,2,30,0,69,17,6,92,2,94,18,8,122,0,2,2,124
07/20/2004,MKK,HI,AWP,WE,Federal Contract Tower,2,17,1,2,22,0,47,20,0,67,2,64,21,2,89,16,24,40,129
07/21/2004,MKK,HI,AWP,WE,Federal Contract Tower,2,21,1,1,25,0,37,19,3,59,2,58,20,4,84,0,0,0,84
07/22/2004,MKK,HI,AWP,WE,Federal Contract Tower,2,20,1,1,24,0,42,21,7,70,2,62,22,8,94,0,6,6,100
07/23/2004,MKK,HI,AWP,WE,Federal Contract Tower,2,16,1,0,19,0,74,32,1,107,2,90,33,1,126,4,4,8,134
07/24/2004,MKK,HI,AWP,WE,Federal Contract Tower,2,17,1,0,20,0,59,55,6,120,2,76,56,6,140,6,0,6,146
07/25/2004,MKK,HI,AWP,WE,Federal Contract Tower,2,17,1,0,20,0,37,31,0,68,2,54,32,0,88,0,0,0,88
07/26/2004,MKK,HI,AWP,WE,Federal Contract Tower,2,18,1,0,21,0,56,21,0,77,2,74,22,0,98,2,0,2,100
07/27/2004,MKK,HI,AWP,WE,Federal Contract Tower,2,21,1,1,25,0,43,21,3,67,2,64,22,4,92,0,2,2,94
07/28/2004,MKK,HI,AWP,WE,Federal Contract Tower,2,22,1,1,26,0,43,30,3,76,2,65,31,4,102,2,0,2,104
07/29/2004,MKK,HI,AWP,WE,Federal Contract Tower,2,19,1,1,23,0,45,13,3,61,2,64,14,4,84,0,14,14,98
07/30/2004,MKK,HI,AWP,WE,Federal Contract Tower,2,20,1,1,24,0,64,20,1,85,2,84,21,2,109,0,0,0,109
07/31/2004,MKK,HI,AWP,WE,Federal Contract Tower,2,15,1,0,18,0,43,27,2,72,2,58,28,2,90,4,4,8,98
08/01/2004,MKK,HI,AWP,WE,Federal Contract Tower,1,14,2,0,17,1,44,14,0,59,2,58,16,0,76,4,0,4,80
08/02/2004,MKK,HI,AWP,WE,Federal Contract Tower,0,24,0,1,25,0,52,30,1,83,0,76,30,2,108,0,0,0,108
08/03/2004,MKK,HI,AWP,WE,Federal Contract Tower,0,23,2,0,25,0,32,9,2,43,0,55,11,2,68,4,10,14,82
08/04/2004,MKK,HI,AWP,WE,Federal Contract Tower,0,15,2,0,17,0,31,17,2,50,0,46,19,2,67,0,0,0,67
08/05/2004,MKK,HI,AWP,WE,Federal Contract Tower,1,22,2,0,25,1,39,20,0,60,2,61,22,0,85,6,0,6,91
08/06/2004,MKK,HI,AWP,WE,Federal Contract Tower,2,20,0,1,23,0,75,28,7,110,2,95,28,8,133,2,0,2,135
08/07/2004,MKK,HI,AWP,WE,Federal Contract Tower,0,15,2,0,17,2,67,14,0,83,2,82,16,0,100,12,0,12,112
08/08/2004,MKK,HI,AWP,WE,Federal Contract Tower,0,16,2,0,18,2,38,23,0,63,2,54,25,0,81,2,0,2,83
08/09/2004,MKK,HI,AWP,WE,Federal Contract Tower,0,17,2,1,20,2,51,16,1,70,2,68,18,2,90,4,0,4,94
08/10/2004,MKK,HI,AWP,WE,Federal Contract Tower,0,21,2,0,23,2,45,12,0,59,2,66,14,0,82,0,0,0,82
08/11/2004,MKK,HI,AWP,WE,Federal Contract Tower,0,22,2,1,25,2,42,20,5,69,2,64,22,6,94,8,6,14,108
08/12/2004,MKK,HI,AWP,WE,Federal Contract Tower,0,19,2,0,21,2,39,18,0,59,2,58,20,0,80,4,0,4,84
08/13/2004,MKK,HI,AWP,WE,Federal Contract Tower,0,22,2,0,24,2,58,24,0,84,2,80,26,0,108,2,0,2,110
08/14/2004,MKK,HI,AWP,WE,Federal Contract Tower,0,20,2,0,22,2,40,20,0,62,2,60,22,0,84,6,0,6,90
08/15/2004,MKK,HI,AWP,WE,Federal Contract Tower,0,16,2,0,18,2,43,19,0,64,2,59,21,0,82,0,0,0,82
08/16/2004,MKK,HI,AWP,WE,Federal Contract Tower,0,22,1,0,23,0,60,31,0,91,0,82,32,0,114,4,0,4,118
08/17/2004,MKK,HI,AWP,WE,Federal Contract Tower,0,18,1,1,20,0,40,17,1,58,0,58,18,2,78,4,0,4,82
08/18/2004,MKK,HI,AWP,WE,Federal Contract Tower,0,17,1,1,19,0,45,4,1,50,0,62,5,2,69,0,0,0,69
08/19/2004,MKK,HI,AWP,WE,Federal Contract Tower,0,22,1,1,24,0,54,25,3,82,0,76,26,4,106,2,0,2,108
08/20/2004,MKK,HI,AWP,WE,Federal Contract Tower,0,23,1,0,24,0,67,29,0,96,0,90,30,0,120,16,0,16,136
08/21/2004,MKK,HI,AWP,WE,Federal Contract Tower,0,17,1,0,18,0,47,11,0,58,0,64,12,0,76,0,0,0,76
08/22/2004,MKK,HI,AWP,WE,Federal Contract Tower,0,15,1,0,16,0,55,15,0,70,0,70,16,0,86,2,0,2,88
08/23/2004,MKK,HI,AWP,WE,Federal Contract Tower,0,22,1,1,24,0,46,23,1,70,0,68,24,2,94,12,0,12,106
08/24/2004,MKK,HI,AWP,WE,Federal Contract Tower,0,23,1,1,25,0,43,21,3,67,0,66,22,4,92,10,0,10,102
08/25/2004,MKK,HI,AWP,WE,Federal Contract Tower,0,23,1,0,24,0,45,16,0,61,0,68,17,0,85,16,0,16,101
08/26/2004,MKK,HI,AWP,WE,Federal Contract Tower,0,22,1,1,24,0,40,21,0,61,0,62,22,1,85,0,16,16,101
08/27/2004,MKK,HI,AWP,WE,Federal Contract Tower,0,21,2,0,23,0,75,33,3,111,0,96,35,3,134,5,2,7,141
08/28/2004,MKK,HI,AWP,WE,Federal Contract Tower,0,21,2,0,23,0,33,18,1,52,0,54,20,1,75,18,0,18,93
08/29/2004,MKK,HI,AWP,WE,Federal Contract Tower,0,14,2,0,16,0,50,22,0,72,0,64,24,0,88,0,0,0,88
08/30/2004,MKK,HI,AWP,WE,Federal Contract Tower,0,20,2,0,22,0,48,6,0,54,0,68,8,0,76,0,0,0,76
08/31/2004,MKK,HI,AWP,WE,Federal Contract Tower,0,22,2,0,24,0,43,17,5,65,0,65,19,5,89,2,0,2,91
09/01/2004,MKK,HI,AWP,WE,Federal Contract Tower,0,22,2,2,26,0,42,8,4,54,0,64,10,6,80,0,0,0,80
09/02/2004,MKK,HI,AWP,WE,Federal Contract Tower,0,22,1,2,25,0,46,21,1,68,0,68,22,3,93,12,0,12,105
09/03/2004,MKK,HI,AWP,WE,Federal Contract Tower,0,22,2,2,26,0,78,32,2,112,0,100,34,4,138,26,0,26,164
09/04/2004,MKK,HI,AWP,WE,Federal Contract Tower,0,14,2,0,16,0,46,18,0,64,0,60,20,0,80,4,0,4,84
09/05/2004,MKK,HI,AWP,WE,Federal Contract Tower,0,14,2,0,16,0,26,17,0,43,0,40,19,0,59,32,0,32,91
09/06/2004,MKK,HI,AWP,WE,Federal Contract Tower,0,17,1,0,18,0,47,24,0,71,0,64,25,0,89,4,0,4,93
09/07/2004,MKK,HI,AWP,WE,Federal Contract Tower,0,21,2,2,25,0,47,12,2,61,0,68,14,4,86,0,0,0,86
09/08/2004,MKK,HI,AWP,WE,Federal Contract Tower,0,22,2,2,26,0,44,19,2,65,0,66,21,4,91,2,0,2,93
09/09/2004,MKK,HI,AWP,WE,Federal Contract Tower,0,18,1,2,21,0,42,29,0,71,0,60,30,2,92,19,0,19,111
09/10/2004,MKK,HI,AWP,WE,Federal Contract Tower,0,24,2,2,28,0,60,15,5,80,0,84,17,7,108,6,0,6,114
09/11/2004,MKK,HI,AWP,WE,Federal Contract Tower,0,16,2,0,18,0,30,22,0,52,0,46,24,0,70,10,1,11,81
09/12/2004,MKK,HI,AWP,WE,Federal Contract Tower,0,18,1,0,19,0,36,15,0,51,0,54,16,0,70,0,0,0,70
09/13/2004,MKK,HI,AWP,WE,Federal Contract Tower,0,24,1,0,25,0,36,18,0,54,0,60,19,0,79,6,0,6,85
09/14/2004,MKK,HI,AWP,WE,Federal Contract Tower,0,26,1,1,28,0,46,15,0,61,0,72,16,1,89,0,0,0,89
09/15/2004,MKK,HI,AWP,WE,Federal Contract Tower,0,23,2,1,26,0,39,16,3,58,0,62,18,4,84,14,0,14,98
09/16/2004,MKK,HI,AWP,WE,Federal Contract Tower,0,31,3,1,35,0,35,13,5,53,0,66,16,6,88,2,0,2,90
09/17/2004,MKK,HI,AWP,WE,Federal Contract Tower,0,28,3,1,32,0,60,33,3,96,0,88,36,4,128,6,2,8,136
09/18/2004,MKK,HI,AWP,WE,Federal Contract Tower,0,21,2,1,24,0,37,34,0,71,0,58,36,1,95,14,0,14,109
09/19/2004,MKK,HI,AWP,WE,Federal Contract Tower,0,16,2,0,18,0,36,25,0,61,0,52,27,0,79,6,0,6,85
09/20/2004,MKK,HI,AWP,WE,Federal Contract Tower,0,24,2,0,26,0,42,14,0,56,0,66,16,0,82,10,0,10,92
09/21/2004,MKK,HI,AWP,WE,Federal Contract Tower,0,23,2,0,25,0,40,17,0,57,0,63,19,0,82,2,0,2,84
09/22/2004,MKK,HI,AWP,WE,Federal Contract Tower,0,28,3,1,32,0,36,24,1,61,0,64,27,2,93,0,0,0,93
09/23/2004,MKK,HI,AWP,WE,Federal Contract Tower,0,27,2,1,30,0,33,22,3,58,0,60,24,4,88,6,6,12,100
09/24/2004,MKK,HI,AWP,WE,Federal Contract Tower,0,25,2,1,28,0,55,21,1,77,0,80,23,2,105,8,2,10,115
09/25/2004,MKK,HI,AWP,WE,Federal Contract Tower,0,34,3,0,37,0,40,44,0,84,0,74,47,0,121,14,2,16,137
09/26/2004,MKK,HI,AWP,WE,Federal Contract Tower,0,14,2,0,16,0,32,15,2,49,0,46,17,2,65,0,0,0,65
09/27/2004,MKK,HI,AWP,WE,Federal Contract Tower,0,25,2,0,27,0,45,10,0,55,0,70,12,0,82,0,0,0,82
09/28/2004,MKK,HI,AWP,WE,Federal Contract Tower,0,28,2,1,31,0,23,19,1,43,0,51,21,2,74,6,2,8,82
09/29/2004,MKK,HI,AWP,WE,Federal Contract Tower,0,23,2,1,26,0,35,11,1,47,0,58,13,2,73,2,0,2,75
09/30/2004,MKK,HI,AWP,WE,Federal Contract Tower,0,26,2,1,29,0,40,21,4,65,0,66,23,5,94,0,2,2,96
10/01/2004,MKK,HI,AWP,WE,Federal Contract Tower,0,28,2,0,30,0,60,19,0,79,0,88,21,0,109,4,0,4,113
10/02/2004,MKK,HI,AWP,WE,Federal Contract Tower,0,21,0,0,21,0,31,20,1,52,0,52,20,1,73,4,0,4,77
10/03/2004,MKK,HI,AWP,WE,Federal Contract Tower,0,20,2,0,22,0,24,18,0,42,0,44,20,0,64,14,0,14,78
10/04/2004,MKK,HI,AWP,WE,Federal Contract Tower,0,29,1,0,30,0,33,9,0,42,0,62,10,0,72,6,0,6,78
10/05/2004,MKK,HI,AWP,WE,Federal Contract Tower,0,25,1,0,26,0,36,18,0,54,0,61,19,0,80,4,0,4,84
10/06/2004,MKK,HI,AWP,WE,Federal Contract Tower,0,23,2,1,26,0,43,17,1,61,0,66,19,2,87,0,0,0,87
10/07/2004,MKK,HI,AWP,WE,Federal Contract Tower,0,26,0,0,26,0,63,24,0,87,0,89,24,0,113,4,0,4,117
10/08/2004,MKK,HI,AWP,WE,Federal Contract Tower,0,27,1,0,28,0,71,32,0,103,0,98,33,0,131,6,0,6,137
10/09/2004,MKK,HI,AWP,WE,Federal Contract Tower,0,24,2,0,26,0,66,32,1,99,0,90,34,1,125,12,2,14,139
10/10/2004,MKK,HI,AWP,WE,Federal Contract Tower,0,20,0,0,20,0,38,18,0,56,0,58,18,0,76,2,0,2,78
10/11/2004,MKK,HI,AWP,WE,Federal Contract Tower,0,20,1,0,21,0,44,25,0,69,0,64,26,0,90,4,0,4,94
10/12/2004,MKK,HI,AWP,WE,Federal Contract Tower,0,26,0,0,26,0,30,19,2,51,0,56,19,2,77,6,0,6,83
10/13/2004,MKK,HI,AWP,WE,Federal Contract Tower,0,25,0,2,27,0,45,12,2,59,0,70,12,4,86,4,0,4,90
10/14/2004,MKK,HI,AWP,WE,Federal Contract Tower,0,23,2,4,29,0,49,36,6,91,0,72,38,10,120,0,0,0,120
10/15/2004,MKK,HI,AWP,WE,Federal Contract Tower,0,26,1,0,27,0,48,21,7,76,0,74,22,7,103,10,0,10,113
10/16/2004,MKK,HI,AWP,WE,Federal Contract Tower,0,22,1,0,23,0,42,29,0,71,0,64,30,0,94,22,0,22,116
10/17/2004,MKK,HI,AWP,WE,Federal Contract Tower,0,18,2,0,20,0,40,14,0,54,0,58,16,0,74,8,0,8,82
10/18/2004,MKK,HI,AWP,WE,Federal Contract Tower,0,24,1,0,25,0,40,12,0,52,0,64,13,0,77,4,0,4,81
10/19/2004,MKK,HI,AWP,WE,Federal Contract Tower,0,19,1,0,20,0,37,18,2,57,0,56,19,2,77,0,0,0,77
10/20/2004,MKK,HI,AWP,WE,Federal Contract Tower,0,24,5,0,29,0,36,10,6,52,0,60,15,6,81,0,0,0,81
10/21/2004,MKK,HI,AWP,WE,Federal Contract Tower,0,19,2,2,23,0,51,17,2,70,0,70,19,4,93,0,4,4,97
10/22/2004,MKK,HI,AWP,WE,Federal Contract Tower,0,30,1,0,31,0,62,30,4,96,0,92,31,4,127,4,0,4,131
10/23/2004,MKK,HI,AWP,WE,Federal Contract Tower,0,24,0,0,24,0,32,38,0,70,0,56,38,0,94,24,0,24,118
10/24/2004,MKK,HI,AWP,WE,Federal Contract Tower,0,18,2,0,20,0,36,29,0,65,0,54,31,0,85,32,0,32,117
10/25/2004,MKK,HI,AWP,WE,Federal Contract Tower,0,29,0,0,29,0,23,9,2,34,0,52,9,2,63,0,36,36,99
10/26/2004,MKK,HI,AWP,WE,Federal Contract Tower,0,24,0,0,24,0,42,15,2,59,0,66,15,2,83,10,0,10,93
10/27/2004,MKK,HI,AWP,WE,Federal Contract Tower,0,19,3,0,22,0,45,21,0,66,0,64,24,0,88,4,0,4,92
10/28/2004,MKK,HI,AWP,WE,Federal Contract Tower,0,22,0,0,22,0,51,18,2,71,0,73,18,2,93,0,0,0,93
10/29/2004,MKK,HI,AWP,WE,Federal Contract Tower,0,23,0,0,23,0,76,38,0,114,0,99,38,0,137,4,0,4,141
10/30/2004,MKK,HI,AWP,WE,Federal Contract Tower,0,27,0,0,27,0,35,20,0,55,0,62,20,0,82,6,0,6,88
10/31/2004,MKK,HI,AWP,WE,Federal Contract Tower,0,22,0,0,22,0,30,10,0,40,0,52,10,0,62,0,0,0,62
11/01/2004,MKK,HI,AWP,WE,Federal Contract Tower,0,24,0,1,25,0,42,12,3,57,0,66,12,4,82,2,0,2,84
11/02/2004,MKK,HI,AWP,WE,Federal Contract Tower,0,18,0,2,20,0,48,14,2,64,0,66,14,4,84,8,0,8,92
11/03/2004,MKK,HI,AWP,WE,Federal Contract Tower,0,19,0,0,19,0,35,13,0,48,0,54,13,0,67,0,0,0,67
11/04/2004,MKK,HI,AWP,WE,Federal Contract Tower,0,22,0,0,22,0,58,5,0,63,0,80,5,0,85,10,0,10,95
11/05/2004,MKK,HI,AWP,WE,Federal Contract Tower,0,35,5,2,42,0,20,4,0,24,0,55,9,2,66,0,2,2,68
11/06/2004,MKK,HI,AWP,WE,Federal Contract Tower,0,23,5,0,28,0,44,19,0,63,0,67,24,0,91,16,0,16,107
11/07/2004,MKK,HI,AWP,WE,Federal Contract Tower,0,20,1,0,21,0,34,10,0,44,0,54,11,0,65,2,0,2,67
11/08/2004,MKK,HI,AWP,WE,Federal Contract Tower,0,29,1,0,30,0,47,28,0,75,0,76,29,0,105,4,0,4,109
11/09/2004,MKK,HI,AWP,WE,Federal Contract Tower,0,22,10,4,36,0,34,7,4,45,0,56,17,8,81,16,0,16,97
11/10/2004,MKK,HI,AWP,WE,Federal Contract Tower,0,19,3,1,23,0,57,18,1,76,0,76,21,2,99,0,0,0,99
11/11/2004,MKK,HI,AWP,WE,Federal Contract Tower,0,20,6,0,26,0,58,29,0,87,0,78,35,0,113,6,0,6,119
11/12/2004,MKK,HI,AWP,WE,Federal Contract Tower,0,23,3,4,30,0,60,22,2,84,0,83,25,6,114,40,0,40,154
11/13/2004,MKK,HI,AWP,WE,Federal Contract Tower,0,24,2,0,26,0,26,32,0,58,0,50,34,0,84,14,0,14,98
11/14/2004,MKK,HI,AWP,WE,Federal Contract Tower,0,28,1,0,29,0,10,6,0,16,0,38,7,0,45,0,0,0,45
11/15/2004,MKK,HI,AWP,WE,Federal Contract Tower,0,24,3,0,27,0,50,5,0,55,0,74,8,0,82,0,0,0,82
11/16/2004,MKK,HI,AWP,WE,Federal Contract Tower,0,18,0,2,20,0,46,16,0,62,0,64,16,2,82,0,0,0,82
11/17/2004,MKK,HI,AWP,WE,Federal Contract Tower,0,23,1,2,26,0,51,24,2,77,0,74,25,4,103,4,16,20,123
11/18/2004,MKK,HI,AWP,WE,Federal Contract Tower,0,21,6,0,27,0,50,27,2,79,0,71,33,2,106,8,4,12,118
11/19/2004,MKK,HI,AWP,WE,Federal Contract Tower,0,25,0,2,27,0,71,40,0,111,0,96,40,2,138,6,2,8,146
11/20/2004,MKK,HI,AWP,WE,Federal Contract Tower,0,20,8,0,28,0,40,22,0,62,0,60,30,0,90,41,0,41,131
11/21/2004,MKK,HI,AWP,WE,Federal Contract Tower,0,17,6,0,23,0,33,24,0,57,0,50,30,0,80,8,0,8,88
11/22/2004,MKK,HI,AWP,WE,Federal Contract Tower,0,18,0,0,18,0,46,15,0,61,0,64,15,0,79,6,0,6,85
11/23/2004,MKK,HI,AWP,WE,Federal Contract Tower,0,18,7,0,25,0,48,9,2,59,0,66,16,2,84,10,14,24,108
11/24/2004,MKK,HI,AWP,WE,Federal Contract Tower,0,27,0,2,29,0,72,21,0,93,0,99,21,2,122,6,0,6,128
11/25/2004,MKK,HI,AWP,WE,Federal Contract Tower,0,20,0,0,20,0,9,15,0,24,0,29,15,0,44,0,0,0,44
11/26/2004,MKK,HI,AWP,WE,Federal Contract Tower,0,27,2,0,29,0,57,21,0,78,0,84,23,0,107,6,0,6,113
11/27/2004,MKK,HI,AWP,WE,Federal Contract Tower,0,20,0,0,20,0,46,32,0,78,0,66,32,0,98,76,0,76,174
11/28/2004,MKK,HI,AWP,WE,Federal Contract Tower,0,22,2,0,24,0,32,34,0,66,0,54,36,0,90,18,0,18,108
11/29/2004,MKK,HI,AWP,WE,Federal Contract Tower,0,20,0,3,23,0,66,23,1,90,0,86,23,4,113,6,0,6,119
11/30/2004,MKK,HI,AWP,WE,Federal Contract Tower,0,19,1,2,22,0,39,13,0,52,0,58,14,2,74,0,0,0,74
12/01/2004,MKK,HI,AWP,WE,Federal Contract Tower,0,21,6,2,29,0,33,9,2,44,0,54,15,4,73,8,2,10,83
12/02/2004,MKK,HI,AWP,WE,Federal Contract Tower,0,21,2,6,29,0,48,14,0,62,0,69,16,6,91,8,12,20,111
12/03/2004,MKK,HI,AWP,WE,Federal Contract Tower,0,28,1,0,29,0,57,9,1,67,0,85,10,1,96,0,0,0,96
12/04/2004,MKK,HI,AWP,WE,Federal Contract Tower,0,18,2,0,20,0,52,8,0,60,0,70,10,0,80,4,0,4,84
12/05/2004,MKK,HI,AWP,WE,Federal Contract Tower,0,19,1,0,20,0,37,21,0,58,0,56,22,0,78,8,0,8,86
12/06/2004,MKK,HI,AWP,WE,Federal Contract Tower,0,19,0,1,20,0,55,17,1,73,0,74,17,2,93,0,2,2,95
12/07/2004,MKK,HI,AWP,WE,Federal Contract Tower,0,19,6,0,25,0,43,9,2,54,0,62,15,2,79,4,0,4,83
12/08/2004,MKK,HI,AWP,WE,Federal Contract Tower,0,19,2,0,21,0,43,25,0,68,0,62,27,0,89,8,0,8,97
12/09/2004,MKK,HI,AWP,WE,Federal Contract Tower,0,21,0,0,21,0,57,4,2,63,0,78,4,2,84,0,0,0,84
12/10/2004,MKK,HI,AWP,WE,Federal Contract Tower,0,25,0,1,26,0,60,17,1,78,0,85,17,2,104,14,0,14,118
12/11/2004,MKK,HI,AWP,WE,Federal Contract Tower,0,21,22,0,43,0,61,12,0,73,0,82,34,0,116,38,0,38,154
12/12/2004,MKK,HI,AWP,WE,Federal Contract Tower,0,18,4,0,22,0,38,36,0,74,0,56,40,0,96,10,0,10,106
12/13/2004,MKK,HI,AWP,WE,Federal Contract Tower,0,17,0,0,17,0,49,19,2,70,0,66,19,2,87,0,0,0,87
12/14/2004,MKK,HI,AWP,WE,Federal Contract Tower,0,21,4,6,31,0,53,18,0,71,0,74,22,6,102,0,0,0,102
12/15/2004,MKK,HI,AWP,WE,Federal Contract Tower,0,18,0,6,24,0,42,12,2,56,0,60,12,8,80,0,0,0,80
12/16/2004,MKK,HI,AWP,WE,Federal Contract Tower,0,19,0,0,19,0,73,17,2,92,0,92,17,2,111,6,0,6,117
12/17/2004,MKK,HI,AWP,WE,Federal Contract Tower,0,26,0,0,26,0,88,33,0,121,0,114,33,0,147,0,0,0,147
12/18/2004,MKK,HI,AWP,WE,Federal Contract Tower,0,20,2,2,24,0,46,18,0,64,0,66,20,2,88,4,0,4,92
12/19/2004,MKK,HI,AWP,WE,Federal Contract Tower,0,18,2,1,21,0,26,39,1,66,0,44,41,2,87,12,2,14,101
12/20/2004,MKK,HI,AWP,WE,Federal Contract Tower,0,21,0,0,21,0,43,23,2,68,0,64,23,2,89,0,0,0,89
12/21/2004,MKK,HI,AWP,WE,Federal Contract Tower,0,23,3,0,26,0,27,11,2,40,0,50,14,2,66,24,18,42,108
12/22/2004,MKK,HI,AWP,WE,Federal Contract Tower,0,17,6,0,23,0,15,2,0,17,0,32,8,0,40,0,0,0,40
12/23/2004,MKK,HI,AWP,WE,Federal Contract Tower,0,21,0,0,21,0,93,16,2,111,0,114,16,2,132,12,0,12,144
12/24/2004,MKK,HI,AWP,WE,Federal Contract Tower,0,22,0,0,22,0,58,23,0,81,0,80,23,0,103,0,0,0,103
12/25/2004,MKK,HI,AWP,WE,Federal Contract Tower,0,17,0,0,17,0,3,10,0,13,0,20,10,0,30,0,0,0,30
12/26/2004,MKK,HI,AWP,WE,Federal Contract Tower,0,15,2,0,17,0,29,28,0,57,0,44,30,0,74,14,0,14,88
12/27/2004,MKK,HI,AWP,WE,Federal Contract Tower,0,24,3,0,27,0,22,5,0,27,0,46,8,0,54,6,0,6,60
12/28/2004,MKK,HI,AWP,WE,Federal Contract Tower,0,21,8,0,29,0,51,6,0,57,0,72,14,0,86,2,0,2,88
12/29/2004,MKK,HI,AWP,WE,Federal Contract Tower,0,19,0,0,19,0,53,25,2,80,0,72,25,2,99,6,2,8,107
12/30/2004,MKK,HI,AWP,WE,Federal Contract Tower,0,23,1,0,24,0,59,29,0,88,0,82,30,0,112,14,0,14,126
12/31/2004,MKK,HI,AWP,WE,Federal Contract Tower,0,27,1,0,28,0,51,7,0,58,0,78,8,0,86,0,0,0,86
01/01/2005,MKK,HI,AWP,WE,Federal Contract Tower,0,16,0,0,16,0,0,2,0,2,0,16,2,0,18,0,0,0,18
01/02/2005,MKK,HI,AWP,WE,Federal Contract Tower,0,20,0,0,20,0,47,10,0,57,0,67,10,0,77,0,0,0,77
01/03/2005,MKK,HI,AWP,WE,Federal Contract Tower,0,22,1,0,23,0,54,11,0,65,0,76,12,0,88,4,0,4,92
01/04/2005,MKK,HI,AWP,WE,Federal Contract Tower,0,21,2,0,23,0,44,15,0,59,0,65,17,0,82,10,0,10,92
01/05/2005,MKK,HI,AWP,WE,Federal Contract Tower,0,19,2,2,23,0,39,14,2,55,0,58,16,4,78,4,2,6,84
01/06/2005,MKK,HI,AWP,WE,Federal Contract Tower,0,20,0,0,20,0,45,26,0,71,0,65,26,0,91,14,0,14,105
01/07/2005,MKK,HI,AWP,WE,Federal Contract Tower,0,27,2,0,29,0,62,21,1,84,0,89,23,1,113,2,0,2,115
01/08/2005,MKK,HI,AWP,WE,Federal Contract Tower,0,18,2,0,20,0,42,31,0,73,0,60,33,0,93,42,0,42,135
01/09/2005,MKK,HI,AWP,WE,Federal Contract Tower,0,15,4,0,19,0,21,0,0,21,0,36,4,0,40,0,0,0,40
01/10/2005,MKK,HI,AWP,WE,Federal Contract Tower,0,22,0,4,26,0,50,18,2,70,0,72,18,6,96,6,0,6,102
01/11/2005,MKK,HI,AWP,WE,Federal Contract Tower,0,18,0,2,20,0,52,20,2,74,0,70,20,4,94,4,8,12,106
01/12/2005,MKK,HI,AWP,WE,Federal Contract Tower,0,17,2,0,19,0,49,13,2,64,0,66,15,2,83,0,0,0,83
01/13/2005,MKK,HI,AWP,WE,Federal Contract Tower,0,16,3,0,19,0,57,2,2,61,0,73,5,2,80,10,0,10,90
01/14/2005,MKK,HI,AWP,WE,Federal Contract Tower,0,24,1,0,25,0,58,24,1,83,0,82,25,1,108,0,0,0,108
01/15/2005,MKK,HI,AWP,WE,Federal Contract Tower,0,14,1,0,15,0,38,32,3,73,0,52,33,3,88,4,0,4,92
01/16/2005,MKK,HI,AWP,WE,Federal Contract Tower,0,16,0,0,16,0,27,12,0,39,0,43,12,0,55,6,0,6,61
01/17/2005,MKK,HI,AWP,WE,Federal Contract Tower,0,22,3,0,25,0,55,21,0,76,0,77,24,0,101,12,0,12,113
01/18/2005,MKK,HI,AWP,WE,Federal Contract Tower,0,15,5,2,22,0,28,1,0,29,0,43,6,2,51,0,0,0,51
01/19/2005,MKK,HI,AWP,WE,Federal Contract Tower,0,21,8,0,29,0,57,15,2,74,0,78,23,2,103,8,0,8,111
01/20/2005,MKK,HI,AWP,WE,Federal Contract Tower,0,20,4,0,24,0,51,19,5,75,0,71,23,5,99,6,14,20,119
01/21/2005,MKK,HI,AWP,WE,Federal Contract Tower,0,28,7,0,35,0,46,8,0,54,0,74,15,0,89,0,0,0,89
01/22/2005,MKK,HI,AWP,WE,Federal Contract Tower,0,16,1,0,17,0,44,34,3,81,0,60,35,3,98,26,0,26,124
01/23/2005,MKK,HI,AWP,WE,Federal Contract Tower,0,16,1,0,17,0,31,9,1,41,0,47,10,1,58,4,0,4,62
01/24/2005,MKK,HI,AWP,WE,Federal Contract Tower,0,27,4,0,31,0,55,9,0,64,0,82,13,0,95,0,0,0,95
01/25/2005,MKK,HI,AWP,WE,Federal Contract Tower,0,25,7,0,32,0,39,13,7,59,0,64,20,7,91,2,0,2,93
01/26/2005,MKK,HI,AWP,WE,Federal Contract Tower,0,19,0,10,29,0,35,10,0,45,0,54,10,10,74,0,0,0,74
01/27/2005,MKK,HI,AWP,WE,Federal Contract Tower,0,16,2,0,18,0,53,17,2,72,0,69,19,2,90,0,10,10,100
01/28/2005,MKK,HI,AWP,WE,Federal Contract Tower,0,18,0,2,20,0,102,34,4,140,0,120,34,6,160,0,0,0,160
01/29/2005,MKK,HI,AWP,WE,Federal Contract Tower,0,24,1,0,25,0,19,9,2,30,0,43,10,2,55,28,0,28,83
01/30/2005,MKK,HI,AWP,WE,Federal Contract Tower,0,16,2,0,18,0,42,12,0,54,0,58,14,0,72,10,0,10,82
01/31/2005,MKK,HI,AWP,WE,Federal Contract Tower,0,19,2,0,21,0,38,17,0,55,0,57,19,0,76,0,0,0,76
02/01/2005,MKK,HI,AWP,WE,Federal Contract Tower,0,17,0,0,17,0,56,8,0,64,0,73,8,0,81,0,0,0,81
02/02/2005,MKK,HI,AWP,WE,Federal Contract Tower,0,19,1,0,20,0,33,0,2,35,0,52,1,2,55,0,0,0,55
02/03/2005,MKK,HI,AWP,WE,Federal Contract Tower,0,21,1,2,24,0,32,8,6,46,0,53,9,8,70,0,6,6,76
02/04/2005,MKK,HI,AWP,WE,Federal Contract Tower,0,22,2,0,24,0,44,9,0,53,0,66,11,0,77,0,0,0,77
02/05/2005,MKK,HI,AWP,WE,Federal Contract Tower,0,17,3,2,22,0,28,21,2,51,0,45,24,4,73,18,0,18,91
02/06/2005,MKK,HI,AWP,WE,Federal Contract Tower,0,18,0,0,18,0,22,28,0,50,0,40,28,0,68,8,0,8,76
02/07/2005,MKK,HI,AWP,WE,Federal Contract Tower,0,17,1,0,18,0,49,22,0,71,0,66,23,0,89,20,0,20,109
02/08/2005,MKK,HI,AWP,WE,Federal Contract Tower,0,16,0,1,17,0,50,24,3,77,0,66,24,4,94,6,0,6,100
02/09/2005,MKK,HI,AWP,WE,Federal Contract Tower,0,20,4,2,26,0,62,24,2,88,0,82,28,4,114,10,0,10,124
02/10/2005,MKK,HI,AWP,WE,Federal Contract Tower,0,18,2,3,23,0,51,23,3,77,0,69,25,6,100,6,0,6,106
02/11/2005,MKK,HI,AWP,WE,Federal Contract Tower,0,24,0,0,24,0,65,25,0,90,0,89,25,0,114,0,0,0,114
02/12/2005,MKK,HI,AWP,WE,Federal Contract Tower,0,18,11,0,29,0,39,7,0,46,0,57,18,0,75,8,0,8,83
02/13/2005,MKK,HI,AWP,WE,Federal Contract Tower,0,16,0,0,16,0,20,20,0,40,0,36,20,0,56,44,0,44,100
02/14/2005,MKK,HI,AWP,WE,Federal Contract Tower,0,20,1,0,21,0,52,13,2,67,0,72,14,2,88,0,0,0,88
02/15/2005,MKK,HI,AWP,WE,Federal Contract Tower,0,21,1,2,24,0,41,10,0,51,0,62,11,2,75,6,0,6,81
02/16/2005,MKK,HI,AWP,WE,Federal Contract Tower,0,20,0,3,23,0,44,11,3,58,0,64,11,6,81,0,0,0,81
02/17/2005,MKK,HI,AWP,WE,Federal Contract Tower,0,23,0,0,23,0,51,8,2,61,0,74,8,2,84,0,4,4,88
02/18/2005,MKK,HI,AWP,WE,Federal Contract Tower,0,22,1,0,23,0,70,47,2,119,0,92,48,2,142,14,0,14,156
02/19/2005,MKK,HI,AWP,WE,Federal Contract Tower,0,20,2,0,22,0,42,43,0,85,0,62,45,0,107,36,0,36,143
02/20/2005,MKK,HI,AWP,WE,Federal Contract Tower,0,16,1,0,17,0,23,34,0,57,0,39,35,0,74,7,0,7,81
02/21/2005,MKK,HI,AWP,WE,Federal Contract Tower,0,18,1,0,19,0,58,35,0,93,0,76,36,0,112,6,0,6,118
02/22/2005,MKK,HI,AWP,WE,Federal Contract Tower,0,21,2,4,27,0,46,16,0,62,0,67,18,4,89,0,0,0,89
02/23/2005,MKK,HI,AWP,WE,Federal Contract Tower,0,22,0,0,22,0,81,34,0,115,0,103,34,0,137,4,0,4,141
02/24/2005,MKK,HI,AWP,WE,Federal Contract Tower,0,21,1,0,22,0,68,23,0,91,0,89,24,0,113,8,0,8,121
02/25/2005,MKK,HI,AWP,WE,Federal Contract Tower,0,23,3,2,28,0,59,21,2,82,0,82,24,4,110,6,0,6,116
02/26/2005,MKK,HI,AWP,WE,Federal Contract Tower,0,20,6,0,26,0,48,13,2,63,0,68,19,2,89,4,0,4,93
02/27/2005,MKK,HI,AWP,WE,Federal Contract Tower,0,16,5,0,21,0,42,17,2,61,0,58,22,2,82,8,0,8,90
02/28/2005,MKK,HI,AWP,WE,Federal Contract Tower,0,17,2,2,21,0,49,28,0,77,0,66,30,2,98,8,0,8,106
03/01/2005,MKK,HI,AWP,WE,Federal Contract Tower,0,23,0,2,25,0,49,25,0,74,0,72,25,2,99,10,4,14,113
03/02/2005,MKK,HI,AWP,WE,Federal Contract Tower,0,24,0,0,24,0,40,13,0,53,0,64,13,0,77,0,0,0,77
03/03/2005,MKK,HI,AWP,WE,Federal Contract Tower,0,23,2,1,26,0,53,19,1,73,0,76,21,2,99,4,0,4,103
03/04/2005,MKK,HI,AWP,WE,Federal Contract Tower,0,20,1,0,21,0,95,37,0,132,0,115,38,0,153,0,0,0,153
03/05/2005,MKK,HI,AWP,WE,Federal Contract Tower,0,20,2,0,22,0,41,31,2,74,0,61,33,2,96,2,0,2,98
03/06/2005,MKK,HI,AWP,WE,Federal Contract Tower,0,14,0,0,14,0,40,17,0,57,0,54,17,0,71,2,0,2,73
03/07/2005,MKK,HI,AWP,WE,Federal Contract Tower,0,18,2,2,22,0,56,18,0,74,0,74,20,2,96,2,0,2,98
03/08/2005,MKK,HI,AWP,WE,Federal Contract Tower,0,18,5,4,27,0,36,16,0,52,0,54,21,4,79,0,0,0,79
03/09/2005,MKK,HI,AWP,WE,Federal Contract Tower,0,23,0,5,28,0,45,10,11,66,0,68,10,16,94,0,0,0,94
03/10/2005,MKK,HI,AWP,WE,Federal Contract Tower,0,19,8,2,29,0,61,6,0,67,0,80,14,2,96,0,0,0,96
03/11/2005,MKK,HI,AWP,WE,Federal Contract Tower,0,23,1,3,27,0,92,20,6,118,0,115,21,9,145,10,8,18,163
03/12/2005,MKK,HI,AWP,WE,Federal Contract Tower,0,28,0,0,28,0,14,6,0,20,0,42,6,0,48,0,0,0,48
03/13/2005,MKK,HI,AWP,WE,Federal Contract Tower,0,16,2,0,18,0,44,28,0,72,0,60,30,0,90,0,0,0,90
03/14/2005,MKK,HI,AWP,WE,Federal Contract Tower,0,25,2,0,27,0,43,12,0,55,0,68,14,0,82,0,0,0,82
03/15/2005,MKK,HI,AWP,WE,Federal Contract Tower,0,19,1,4,24,0,37,5,0,42,0,56,6,4,66,4,0,4,70
03/16/2005,MKK,HI,AWP,WE,Federal Contract Tower,0,18,2,0,20,0,54,18,4,76,0,72,20,4,96,16,0,16,112
03/17/2005,MKK,HI,AWP,WE,Federal Contract Tower,0,26,6,5,37,0,66,46,1,113,0,92,52,6,150,20,0,20,170
03/18/2005,MKK,HI,AWP,WE,Federal Contract Tower,0,24,0,1,25,0,99,33,3,135,0,123,33,4,160,22,0,22,182
03/19/2005,MKK,HI,AWP,WE,Federal Contract Tower,0,17,0,0,17,0,56,41,2,99,0,73,41,2,116,40,0,40,156
03/20/2005,MKK,HI,AWP,WE,Federal Contract Tower,0,13,0,0,13,0,41,31,2,74,0,54,31,2,87,12,0,12,99
03/21/2005,MKK,HI,AWP,WE,Federal Contract Tower,0,19,4,1,24,0,55,29,3,87,0,74,33,4,111,13,14,27,138
03/22/2005,MKK,HI,AWP,WE,Federal Contract Tower,0,17,0,2,19,0,63,26,2,91,0,80,26,4,110,0,2,2,112
03/23/2005,MKK,HI,AWP,WE,Federal Contract Tower,0,26,0,2,28,0,48,25,0,73,0,74,25,2,101,10,0,10,111
03/24/2005,MKK,HI,AWP,WE,Federal Contract Tower,0,25,4,2,31,0,63,32,2,97,0,88,36,4,128,10,0,10,138
03/25/2005,MKK,HI,AWP,WE,Federal Contract Tower,0,32,0,0,32,0,63,13,1,77,0,95,13,1,109,4,0,4,113
03/26/2005,MKK,HI,AWP,WE,Federal Contract Tower,0,29,2,0,31,0,36,7,0,43,0,65,9,0,74,0,0,0,74
03/27/2005,MKK,HI,AWP,WE,Federal Contract Tower,0,14,0,0,14,0,41,20,0,61,0,55,20,0,75,0,0,0,75
03/28/2005,MKK,HI,AWP,WE,Federal Contract Tower,0,19,1,0,20,0,57,26,0,83,0,76,27,0,103,2,0,2,105
03/29/2005,MKK,HI,AWP,WE,Federal Contract Tower,0,21,0,4,25,0,49,8,0,57,0,70,8,4,82,0,0,0,82
03/30/2005,MKK,HI,AWP,WE,Federal Contract Tower,0,21,8,1,30,0,65,22,1,88,0,86,30,2,118,0,0,0,118
03/31/2005,MKK,HI,AWP,WE,Federal Contract Tower,0,21,0,2,23,0,38,16,0,54,0,59,16,2,77,0,0,0,77
04/01/2005,MKK,HI,AWP,WE,Federal Contract Tower,0,25,0,0,25,0,76,35,2,113,0,101,35,2,138,0,0,0,138
04/02/2005,MKK,HI,AWP,WE,Federal Contract Tower,0,19,0,0,19,0,38,19,0,57,0,57,19,0,76,0,0,0,76
04/03/2005,MKK,HI,AWP,WE,Federal Contract Tower,0,15,5,0,20,0,41,21,0,62,0,56,26,0,82,12,0,12,94
04/04/2005,MKK,HI,AWP,WE,Federal Contract Tower,0,22,3,0,25,0,53,15,0,68,0,75,18,0,93,6,0,6,99
04/05/2005,MKK,HI,AWP,WE,Federal Contract Tower,0,24,7,0,31,0,41,17,4,62,0,65,24,4,93,0,2,2,95
04/06/2005,MKK,HI,AWP,WE,Federal Contract Tower,0,22,8,2,32,0,41,9,0,50,0,63,17,2,82,0,0,0,82
04/07/2005,MKK,HI,AWP,WE,Federal Contract Tower,0,25,1,2,28,0,39,32,8,79,0,64,33,10,107,26,2,28,135
04/08/2005,MKK,HI,AWP,WE,Federal Contract Tower,0,22,6,2,30,0,68,33,6,107,0,90,39,8,137,0,0,0,137
04/09/2005,MKK,HI,AWP,WE,Federal Contract Tower,0,20,1,0,21,0,43,19,0,62,0,63,20,0,83,8,0,8,91
04/10/2005,MKK,HI,AWP,WE,Federal Contract Tower,0,16,0,0,16,0,34,33,0,67,0,50,33,0,83,32,0,32,115
04/11/2005,MKK,HI,AWP,WE,Federal Contract Tower,0,17,5,0,22,0,43,11,0,54,0,60,16,0,76,12,0,12,88
04/12/2005,MKK,HI,AWP,WE,Federal Contract Tower,0,21,6,0,27,0,35,21,0,56,0,56,27,0,83,4,0,4,87
04/13/2005,MKK,HI,AWP,WE,Federal Contract Tower,0,20,4,2,26,0,42,13,2,57,0,62,17,4,83,0,6,6,89
04/14/2005,MKK,HI,AWP,WE,Federal Contract Tower,0,20,0,3,23,0,51,23,0,74,0,71,23,3,97,0,0,0,97
04/15/2005,MKK,HI,AWP,WE,Federal Contract Tower,0,21,1,2,24,0,77,26,0,103,0,98,27,2,127,0,0,0,127
04/16/2005,MKK,HI,AWP,WE,Federal Contract Tower,0,16,0,0,16,0,47,32,2,81,0,63,32,2,97,4,0,4,101
04/17/2005,MKK,HI,AWP,WE,Federal Contract Tower,0,16,4,0,20,0,21,42,0,63,0,37,46,0,83,26,0,26,109
04/18/2005,MKK,HI,AWP,WE,Federal Contract Tower,0,19,7,0,26,0,41,16,0,57,0,60,23,0,83,0,0,0,83
04/19/2005,MKK,HI,AWP,WE,Federal Contract Tower,0,19,5,2,26,0,45,23,2,70,0,64,28,4,96,10,0,10,106
04/20/2005,MKK,HI,AWP,WE,Federal Contract Tower,0,19,1,4,24,0,37,18,0,55,0,56,19,4,79,10,0,10,89
04/21/2005,MKK,HI,AWP,WE,Federal Contract Tower,0,27,0,2,29,0,47,30,0,77,0,74,30,2,106,10,0,10,116
04/22/2005,MKK,HI,AWP,WE,Federal Contract Tower,0,19,1,3,23,0,63,28,1,92,0,82,29,4,115,0,0,0,115
04/23/2005,MKK,HI,AWP,WE,Federal Contract Tower,0,18,0,0,18,0,31,37,0,68,0,49,37,0,86,10,0,10,96
04/24/2005,MKK,HI,AWP,WE,Federal Contract Tower,0,16,1,0,17,0,43,28,0,71,0,59,29,0,88,4,0,4,92
04/25/2005,MKK,HI,AWP,WE,Federal Contract Tower,0,19,1,4,24,0,45,15,4,64,0,64,16,8,88,0,8,8,96
04/26/2005,MKK,HI,AWP,WE,Federal Contract Tower,0,19,0,6,25,0,39,29,4,72,0,58,29,10,97,24,24,48,145
04/27/2005,MKK,HI,AWP,WE,Federal Contract Tower,0,18,6,0,24,0,46,32,6,84,0,64,38,6,108,12,42,54,162
04/28/2005,MKK,HI,AWP,WE,Federal Contract Tower,0,23,4,3,30,0,51,24,1,76,0,74,28,4,106,10,0,10,116
04/29/2005,MKK,HI,AWP,WE,Federal Contract Tower,0,20,5,0,25,0,76,34,4,114,0,96,39,4,139,0,0,0,139
04/30/2005,MKK,HI,AWP,WE,Federal Contract Tower,0,17,3,0,20,0,45,57,0,102,0,62,60,0,122,8,0,8,130
05/01/2005,MKK,HI,AWP,WE,Federal Contract Tower,0,12,2,0,14,0,36,26,0,62,0,48,28,0,76,0,0,0,76
05/02/2005,MKK,HI,AWP,WE,Federal Contract Tower,0,18,3,2,23,0,50,22,8,80,0,68,25,10,103,0,38,38,141
05/03/2005,MKK,HI,AWP,WE,Federal Contract Tower,0,19,0,8,27,0,43,12,6,61,0,62,12,14,88,0,72,72,160
05/04/2005,MKK,HI,AWP,WE,Federal Contract Tower,0,21,4,1,26,0,59,18,9,86,0,80,22,10,112,28,0,28,140
05/05/2005,MKK,HI,AWP,WE,Federal Contract Tower,0,19,0,2,21,0,57,15,4,76,0,76,15,6,97,8,30,38,135
05/06/2005,MKK,HI,AWP,WE,Federal Contract Tower,0,20,2,0,22,0,73,13,0,86,0,93,15,0,108,0,0,0,108
05/07/2005,MKK,HI,AWP,WE,Federal Contract Tower,0,17,1,0,18,0,40,43,3,86,0,57,44,3,104,14,0,14,118
05/08/2005,MKK,HI,AWP,WE,Federal Contract Tower,0,16,2,0,18,0,47,23,2,72,0,63,25,2,90,4,0,4,94
05/09/2005,MKK,HI,AWP,WE,Federal Contract Tower,0,17,3,4,24,0,49,19,4,72,0,66,22,8,96,2,54,56,152
05/10/2005,MKK,HI,AWP,WE,Federal Contract Tower,0,18,6,4,28,0,46,21,0,67,0,64,27,4,95,4,0,4,99
05/11/2005,MKK,HI,AWP,WE,Federal Contract Tower,0,17,2,1,20,0,53,16,3,72,0,70,18,4,92,2,0,2,94
05/12/2005,MKK,HI,AWP,WE,Federal Contract Tower,0,20,12,1,33,0,40,32,5,77,0,60,44,6,110,24,0,24,134
05/13/2005,MKK,HI,AWP,WE,Federal Contract Tower,0,17,12,0,29,0,79,23,0,102,0,96,35,0,131,0,0,0,131
05/14/2005,MKK,HI,AWP,WE,Federal Contract Tower,0,19,0,2,21,0,32,30,4,66,0,51,30,6,87,4,0,4,91
05/15/2005,MKK,HI,AWP,WE,Federal Contract Tower,0,19,0,0,19,0,43,23,3,69,0,62,23,3,88,4,0,4,92
05/16/2005,MKK,HI,AWP,WE,Federal Contract Tower,0,16,3,4,23,0,50,10,0,60,0,66,13,4,83,0,0,0,83
05/17/2005,MKK,HI,AWP,WE,Federal Contract Tower,0,18,2,10,30,0,44,25,4,73,0,62,27,14,103,0,4,4,107
05/18/2005,MKK,HI,AWP,WE,Federal Contract Tower,0,17,4,5,26,0,51,10,3,64,0,68,14,8,90,6,4,10,100
05/19/2005,MKK,HI,AWP,WE,Federal Contract Tower,0,19,5,2,26,0,57,20,7,84,0,76,25,9,110,0,2,2,112
05/20/2005,MKK,HI,AWP,WE,Federal Contract Tower,0,26,1,2,29,0,83,24,4,111,0,109,25,6,140,0,0,0,140
05/21/2005,MKK,HI,AWP,WE,Federal Contract Tower,0,16,3,0,19,0,28,19,0,47,0,44,22,0,66,2,0,2,68
05/22/2005,MKK,HI,AWP,WE,Federal Contract Tower,0,21,1,0,22,0,57,41,0,98,0,78,42,0,120,4,0,4,124
05/23/2005,MKK,HI,AWP,WE,Federal Contract Tower,0,18,0,7,25,0,60,19,3,82,0,78,19,10,107,6,8,14,121
05/24/2005,MKK,HI,AWP,WE,Federal Contract Tower,0,17,6,0,23,0,52,20,0,72,0,69,26,0,95,8,0,8,103
05/25/2005,MKK,HI,AWP,WE,Federal Contract Tower,0,18,0,4,22,0,48,26,2,76,0,66,26,6,98,4,0,4,102
05/26/2005,MKK,HI,AWP,WE,Federal Contract Tower,0,24,4,0,28,0,68,17,0,85,0,92,21,0,113,0,0,0,113
05/27/2005,MKK,HI,AWP,WE,Federal Contract Tower,0,22,1,3,26,0,99,23,1,123,0,121,24,4,149,8,0,8,157
05/28/2005,MKK,HI,AWP,WE,Federal Contract Tower,0,17,0,0,17,0,64,35,0,99,0,81,35,0,116,30,0,30,146
05/29/2005,MKK,HI,AWP,WE,Federal Contract Tower,0,14,4,0,18,0,47,26,0,73,0,61,30,0,91,0,0,0,91
05/30/2005,MKK,HI,AWP,WE,Federal Contract Tower,0,20,3,0,23,0,66,15,0,81,0,86,18,0,104,6,0,6,110
05/31/2005,MKK,HI,AWP,WE,Federal Contract Tower,0,20,1,0,21,0,46,15,2,63,0,66,16,2,84,8,0,8,92
06/01/2005,MKK,HI,AWP,WE,Federal Contract Tower,0,20,6,9,35,0,48,19,1,68,0,68,25,10,103,16,0,16,119
06/02/2005,MKK,HI,AWP,WE,Federal Contract Tower,0,20,0,8,28,0,44,17,2,63,0,64,17,10,91,16,0,16,107
06/03/2005,MKK,HI,AWP,WE,Federal Contract Tower,0,19,6,0,25,0,75,20,2,97,0,94,26,2,122,6,0,6,128
06/04/2005,MKK,HI,AWP,WE,Federal Contract Tower,0,16,1,2,19,0,47,62,0,109,0,63,63,2,128,32,2,34,162
06/05/2005,MKK,HI,AWP,WE,Federal Contract Tower,0,14,3,2,19,0,40,30,0,70,0,54,33,2,89,2,2,4,93
06/06/2005,MKK,HI,AWP,WE,Federal Contract Tower,0,19,4,0,23,0,61,14,2,77,0,80,18,2,100,2,0,2,102
06/07/2005,MKK,HI,AWP,WE,Federal Contract Tower,0,20,1,0,21,0,63,20,2,85,0,83,21,2,106,2,4,6,112
06/08/2005,MKK,HI,AWP,WE,Federal Contract Tower,0,18,1,0,19,0,50,11,0,61,0,68,12,0,80,0,0,0,80
06/09/2005,MKK,HI,AWP,WE,Federal Contract Tower,0,18,1,3,22,0,56,25,7,88,0,74,26,10,110,0,0,0,110
06/10/2005,MKK,HI,AWP,WE,Federal Contract Tower,0,21,2,0,23,0,73,12,0,85,0,94,14,0,108,0,0,0,108
06/11/2005,MKK,HI,AWP,WE,Federal Contract Tower,0,16,0,0,16,0,37,22,0,59,0,53,22,0,75,8,0,8,83
06/12/2005,MKK,HI,AWP,WE,Federal Contract Tower,0,20,1,1,22,0,45,16,1,62,0,65,17,2,84,2,0,2,86
06/13/2005,MKK,HI,AWP,WE,Federal Contract Tower,0,16,2,4,22,0,58,22,0,80,0,74,24,4,102,2,2,4,106
06/14/2005,MKK,HI,AWP,WE,Federal Contract Tower,0,18,0,4,22,0,54,15,8,77,0,72,15,12,99,0,18,18,117
06/15/2005,MKK,HI,AWP,WE,Federal Contract Tower,0,18,0,4,22,0,52,17,0,69,0,70,17,4,91,2,0,2,93
06/16/2005,MKK,HI,AWP,WE,Federal Contract Tower,0,18,4,4,26,0,72,28,0,100,0,90,32,4,126,2,0,2,128
06/17/2005,MKK,HI,AWP,WE,Federal Contract Tower,0,23,0,0,23,0,79,29,1,109,0,102,29,1,132,8,0,8,140
06/18/2005,MKK,HI,AWP,WE,Federal Contract Tower,0,16,2,0,18,0,54,37,4,95,0,70,39,4,113,0,0,0,113
06/19/2005,MKK,HI,AWP,WE,Federal Contract Tower,0,18,0,0,18,0,60,15,0,75,0,78,15,0,93,0,0,0,93
06/20/2005,MKK,HI,AWP,WE,Federal Contract Tower,0,19,6,2,27,0,72,23,0,95,0,91,29,2,122,0,0,0,122
06/21/2005,MKK,HI,AWP,WE,Federal Contract Tower,0,17,0,6,23,0,47,10,2,59,0,64,10,8,82,0,18,18,100
06/22/2005,MKK,HI,AWP,WE,Federal Contract Tower,0,19,2,6,27,0,56,24,0,80,0,75,26,6,107,0,0,0,107
06/23/2005,MKK,HI,AWP,WE,Federal Contract Tower,0,18,2,2,22,0,66,31,2,99,0,84,33,4,121,10,0,10,131
06/24/2005,MKK,HI,AWP,WE,Federal Contract Tower,0,19,2,4,25,0,79,13,0,92,0,98,15,4,117,0,0,0,117
06/25/2005,MKK,HI,AWP,WE,Federal Contract Tower,0,15,4,4,23,0,61,39,0,100,0,76,43,4,123,22,0,22,145
06/26/2005,MKK,HI,AWP,WE,Federal Contract Tower,0,20,2,0,22,0,76,35,0,111,0,96,37,0,133,0,0,0,133
06/27/2005,MKK,HI,AWP,WE,Federal Contract Tower,0,18,6,0,24,0,66,29,8,103,0,84,35,8,127,50,0,50,177
06/28/2005,MKK,HI,AWP,WE,Federal Contract Tower,0,17,6,15,38,0,45,14,3,62,0,62,20,18,100,0,0,0,100
06/29/2005,MKK,HI,AWP,WE,Federal Contract Tower,0,17,1,1,19,0,43,17,1,61,0,60,18,2,80,0,0,0,80
06/30/2005,MKK,HI,AWP,WE,Federal Contract Tower,0,20,2,2,24,0,57,16,2,75,0,77,18,4,99,0,0,0,99
07/01/2005,MKK,HI,AWP,WE,Federal Contract Tower,0,23,2,0,25,0,85,38,4,127,0,108,40,4,152,6,0,6,158
07/02/2005,MKK,HI,AWP,WE,Federal Contract Tower,0,19,0,0,19,0,52,34,0,86,0,71,34,0,105,2,0,2,107
07/03/2005,MKK,HI,AWP,WE,Federal Contract Tower,0,18,0,1,19,0,42,19,0,61,0,60,19,1,80,2,2,4,84
07/04/2005,MKK,HI,AWP,WE,Federal Contract Tower,0,23,4,0,27,0,53,23,0,76,0,76,27,0,103,0,0,0,103
07/05/2005,MKK,HI,AWP,WE,Federal Contract Tower,0,21,0,2,23,0,56,17,2,75,0,77,17,4,98,8,0,8,106
07/06/2005,MKK,HI,AWP,WE,Federal Contract Tower,0,21,0,6,27,0,51,31,2,84,0,72,31,8,111,6,0,6,117
07/07/2005,MKK,HI,AWP,WE,Federal Contract Tower,0,19,0,16,35,0,63,14,4,81,0,82,14,20,116,0,0,0,116
07/08/2005,MKK,HI,AWP,WE,Federal Contract Tower,0,26,2,3,31,0,80,13,7,100,0,106,15,10,131,10,0,10,141
07/09/2005,MKK,HI,AWP,WE,Federal Contract Tower,0,18,2,0,20,0,39,19,0,58,0,57,21,0,78,16,0,16,94
07/10/2005,MKK,HI,AWP,WE,Federal Contract Tower,0,18,0,2,20,0,42,8,0,50,0,60,8,2,70,0,2,2,72
07/11/2005,MKK,HI,AWP,WE,Federal Contract Tower,0,21,6,2,29,0,49,16,6,71,0,70,22,8,100,12,2,14,114
07/12/2005,MKK,HI,AWP,WE,Federal Contract Tower,0,18,2,6,26,0,40,19,2,61,0,58,21,8,87,0,2,2,89
07/13/2005,MKK,HI,AWP,WE,Federal Contract Tower,0,20,2,7,29,0,42,16,3,61,0,62,18,10,90,0,4,4,94
07/14/2005,MKK,HI,AWP,WE,Federal Contract Tower,0,20,10,8,38,0,78,13,8,99,0,98,23,16,137,0,0,0,137
07/15/2005,MKK,HI,AWP,WE,Federal Contract Tower,0,23,4,1,28,0,85,32,5,122,0,108,36,6,150,10,0,10,160
07/16/2005,MKK,HI,AWP,WE,Federal Contract Tower,0,19,5,2,26,0,56,34,0,90,0,75,39,2,116,2,0,2,118
07/17/2005,MKK,HI,AWP,WE,Federal Contract Tower,0,18,6,0,24,0,54,25,0,79,0,72,31,0,103,42,0,42,145
07/18/2005,MKK,HI,AWP,WE,Federal Contract Tower,0,22,0,0,22,0,66,17,2,85,0,88,17,2,107,2,0,2,109
07/19/2005,MKK,HI,AWP,WE,Federal Contract Tower,0,23,4,8,35,0,37,11,0,48,0,60,15,8,83,4,6,10,93
07/20/2005,MKK,HI,AWP,WE,Federal Contract Tower,0,19,0,6,25,0,45,20,0,65,0,64,20,6,90,0,0,0,90
07/21/2005,MKK,HI,AWP,WE,Federal Contract Tower,0,23,8,9,40,0,55,9,5,69,0,78,17,14,109,0,0,0,109
07/22/2005,MKK,HI,AWP,WE,Federal Contract Tower,0,22,0,0,22,0,90,18,2,110,0,112,18,2,132,18,0,18,150
07/23/2005,MKK,HI,AWP,WE,Federal Contract Tower,0,19,4,0,23,0,60,26,0,86,0,79,30,0,109,6,0,6,115
07/24/2005,MKK,HI,AWP,WE,Federal Contract Tower,0,14,8,0,22,0,32,18,0,50,0,46,26,0,72,4,0,4,76
07/25/2005,MKK,HI,AWP,WE,Federal Contract Tower,0,22,3,6,31,0,46,34,12,92,0,68,37,18,123,0,2,2,125
07/26/2005,MKK,HI,AWP,WE,Federal Contract Tower,0,19,0,4,23,0,45,16,10,71,0,64,16,14,94,4,6,10,104
07/27/2005,MKK,HI,AWP,WE,Federal Contract Tower,0,26,0,13,39,0,66,19,1,86,0,92,19,14,125,0,4,4,129
07/28/2005,MKK,HI,AWP,WE,Federal Contract Tower,0,26,0,7,33,0,50,17,3,70,0,76,17,10,103,0,0,0,103
07/29/2005,MKK,HI,AWP,WE,Federal Contract Tower,0,25,2,1,28,0,73,23,4,100,0,98,25,5,128,4,0,4,132
07/30/2005,MKK,HI,AWP,WE,Federal Contract Tower,0,22,2,8,32,0,45,25,5,75,0,67,27,13,107,24,0,24,131
07/31/2005,MKK,HI,AWP,WE,Federal Contract Tower,0,16,2,0,18,0,39,22,1,62,0,55,24,1,80,2,0,2,82
08/01/2005,MKK,HI,AWP,WE,Federal Contract Tower,0,21,1,7,29,0,73,18,5,96,0,94,19,12,125,0,0,0,125
08/02/2005,MKK,HI,AWP,WE,Federal Contract Tower,0,24,0,3,27,0,42,16,1,59,0,66,16,4,86,6,0,6,92
08/03/2005,MKK,HI,AWP,WE,Federal Contract Tower,0,25,1,7,33,0,45,16,3,64,0,70,17,10,97,2,0,2,99
08/04/2005,MKK,HI,AWP,WE,Federal Contract Tower,0,31,0,12,43,0,49,18,6,73,0,80,18,18,116,18,0,18,134
08/05/2005,MKK,HI,AWP,WE,Federal Contract Tower,0,24,0,2,26,0,88,29,4,121,0,112,29,6,147,2,0,2,149
08/06/2005,MKK,HI,AWP,WE,Federal Contract Tower,0,22,0,0,22,0,60,35,0,95,0,82,35,0,117,4,0,4,121
08/07/2005,MKK,HI,AWP,WE,Federal Contract Tower,0,21,0,0,21,0,53,37,0,90,0,74,37,0,111,10,0,10,121
08/08/2005,MKK,HI,AWP,WE,Federal Contract Tower,0,25,1,7,33,0,53,29,3,85,0,78,30,10,118,0,0,0,118
08/09/2005,MKK,HI,AWP,WE,Federal Contract Tower,0,21,1,2,24,0,47,21,4,72,0,68,22,6,96,0,0,0,96
08/10/2005,MKK,HI,AWP,WE,Federal Contract Tower,0,22,1,2,25,0,42,39,11,92,0,64,40,13,117,10,0,10,127
08/11/2005,MKK,HI,AWP,WE,Federal Contract Tower,0,31,4,17,52,0,65,31,3,99,0,96,35,20,151,36,0,36,187
08/12/2005,MKK,HI,AWP,WE,Federal Contract Tower,0,23,2,2,27,0,77,34,2,113,0,100,36,4,140,0,0,0,140
08/13/2005,MKK,HI,AWP,WE,Federal Contract Tower,0,19,1,0,20,0,49,25,0,74,0,68,26,0,94,0,0,0,94
08/14/2005,MKK,HI,AWP,WE,Federal Contract Tower,0,17,3,0,20,0,49,22,0,71,0,66,25,0,91,0,0,0,91
08/15/2005,MKK,HI,AWP,WE,Federal Contract Tower,0,23,5,4,32,0,47,35,0,82,0,70,40,4,114,14,0,14,128
08/16/2005,MKK,HI,AWP,WE,Federal Contract Tower,0,21,2,4,27,0,47,24,0,71,0,68,26,4,98,6,0,6,104
08/17/2005,MKK,HI,AWP,WE,Federal Contract Tower,0,23,2,4,29,0,45,24,0,69,0,68,26,4,98,4,0,4,102
08/18/2005,MKK,HI,AWP,WE,Federal Contract Tower,0,21,8,4,33,0,61,25,8,94,0,82,33,12,127,8,0,8,135
08/19/2005,MKK,HI,AWP,WE,Federal Contract Tower,0,23,0,4,27,0,67,31,2,100,0,90,31,6,127,6,0,6,133
08/20/2005,MKK,HI,AWP,WE,Federal Contract Tower,0,19,4,0,23,0,37,38,0,75,0,56,42,0,98,0,0,0,98
08/21/2005,MKK,HI,AWP,WE,Federal Contract Tower,0,20,0,0,20,0,48,15,1,64,0,68,15,1,84,0,0,0,84
08/22/2005,MKK,HI,AWP,WE,Federal Contract Tower,0,24,0,6,30,0,54,18,0,72,0,78,18,6,102,6,0,6,108
08/23/2005,MKK,HI,AWP,WE,Federal Contract Tower,0,22,2,0,24,0,55,25,0,80,0,77,27,0,104,0,0,0,104
08/24/2005,MKK,HI,AWP,WE,Federal Contract Tower,0,22,0,6,28,0,46,14,4,64,0,68,14,10,92,0,0,0,92
08/25/2005,MKK,HI,AWP,WE,Federal Contract Tower,0,22,0,2,24,0,60,31,2,93,0,82,31,4,117,12,0,12,129
08/26/2005,MKK,HI,AWP,WE,Federal Contract Tower,0,21,0,1,22,0,86,38,1,125,0,107,38,2,147,0,0,0,147
08/27/2005,MKK,HI,AWP,WE,Federal Contract Tower,0,19,0,2,21,0,41,52,2,95,0,60,52,4,116,0,0,0,116
08/28/2005,MKK,HI,AWP,WE,Federal Contract Tower,0,18,1,0,19,0,41,17,0,58,0,59,18,0,77,0,0,0,77
08/29/2005,MKK,HI,AWP,WE,Federal Contract Tower,0,25,5,0,30,0,41,18,0,59,0,66,23,0,89,0,0,0,89
08/30/2005,MKK,HI,AWP,WE,Federal Contract Tower,0,24,2,8,34,0,30,14,2,46,0,54,16,10,80,2,2,4,84
08/31/2005,MKK,HI,AWP,WE,Federal Contract Tower,0,22,1,10,33,0,32,21,10,63,0,54,22,20,96,8,2,10,106
09/01/2005,MKK,HI,AWP,WE,Federal Contract Tower,0,18,2,4,24,0,60,9,3,72,0,78,11,7,96,0,0,0,96
09/02/2005,MKK,HI,AWP,WE,Federal Contract Tower,0,24,1,0,25,0,84,21,8,113,0,108,22,8,138,0,0,0,138
09/03/2005,MKK,HI,AWP,WE,Federal Contract Tower,0,19,2,4,25,0,45,18,4,67,0,64,20,8,92,0,0,0,92
09/04/2005,MKK,HI,AWP,WE,Federal Contract Tower,0,14,0,0,14,0,38,18,0,56,0,52,18,0,70,6,0,6,76
09/05/2005,MKK,HI,AWP,WE,Federal Contract Tower,0,20,0,0,20,0,72,11,0,83,0,92,11,0,103,0,0,0,103
09/06/2005,MKK,HI,AWP,WE,Federal Contract Tower,0,22,1,6,29,0,54,9,4,67,0,76,10,10,96,0,12,12,108
09/07/2005,MKK,HI,AWP,WE,Federal Contract Tower,0,23,0,2,25,0,41,14,0,55,0,64,14,2,80,0,6,6,86
09/08/2005,MKK,HI,AWP,WE,Federal Contract Tower,0,22,0,2,24,0,52,17,6,75,0,74,17,8,99,18,20,38,137
09/09/2005,MKK,HI,AWP,WE,Federal Contract Tower,0,22,1,9,32,0,57,38,5,100,0,79,39,14,132,10,0,10,142
09/10/2005,MKK,HI,AWP,WE,Federal Contract Tower,0,20,2,3,25,0,34,34,1,69,0,54,36,4,94,0,0,0,94
09/11/2005,MKK,HI,AWP,WE,Federal Contract Tower,0,19,0,0,19,0,27,16,0,43,0,46,16,0,62,0,0,0,62
09/12/2005,MKK,HI,AWP,WE,Federal Contract Tower,0,24,0,4,28,0,40,18,2,60,0,64,18,6,88,12,0,12,100
09/13/2005,MKK,HI,AWP,WE,Federal Contract Tower,0,21,2,5,28,0,41,11,3,55,0,62,13,8,83,0,4,4,87
09/14/2005,MKK,HI,AWP,WE,Federal Contract Tower,0,22,0,3,25,0,34,28,1,63,0,56,28,4,88,4,0,4,92
09/15/2005,MKK,HI,AWP,WE,Federal Contract Tower,0,20,0,4,24,0,56,10,6,72,0,76,10,10,96,0,0,0,96
09/16/2005,MKK,HI,AWP,WE,Federal Contract Tower,0,26,5,1,32,0,66,16,2,84,0,92,21,3,116,0,0,0,116
09/17/2005,MKK,HI,AWP,WE,Federal Contract Tower,0,20,5,1,26,0,45,25,3,73,0,65,30,4,99,16,0,16,115
09/18/2005,MKK,HI,AWP,WE,Federal Contract Tower,0,18,0,2,20,0,24,15,0,39,0,42,15,2,59,0,0,0,59
09/19/2005,MKK,HI,AWP,WE,Federal Contract Tower,0,24,0,6,30,0,36,20,0,56,0,60,20,6,86,6,0,6,92
09/20/2005,MKK,HI,AWP,WE,Federal Contract Tower,0,21,0,0,21,0,47,12,2,61,0,68,12,2,82,8,0,8,90
09/21/2005,MKK,HI,AWP,WE,Federal Contract Tower,0,20,0,2,22,0,68,15,2,85,0,88,15,4,107,6,0,6,113
09/22/2005,MKK,HI,AWP,WE,Federal Contract Tower,0,22,1,14,37,0,44,16,0,60,0,66,17,14,97,10,4,14,111
09/23/2005,MKK,HI,AWP,WE,Federal Contract Tower,0,26,6,1,33,0,88,18,5,111,0,114,24,6,144,0,0,0,144
09/24/2005,MKK,HI,AWP,WE,Federal Contract Tower,0,21,6,7,34,0,77,73,13,163,0,98,79,20,197,6,0,6,203
09/25/2005,MKK,HI,AWP,WE,Federal Contract Tower,0,17,1,0,18,0,33,15,6,54,0,50,16,6,72,12,0,12,84
09/26/2005,MKK,HI,AWP,WE,Federal Contract Tower,0,29,2,4,35,0,41,12,0,53,0,70,14,4,88,2,0,2,90
09/27/2005,MKK,HI,AWP,WE,Federal Contract Tower,0,26,0,0,26,0,38,9,0,47,0,64,9,0,73,0,0,0,73
09/28/2005,MKK,HI,AWP,WE,Federal Contract Tower,0,26,0,12,38,0,32,26,0,58,0,58,26,12,96,2,0,2,98
09/29/2005,MKK,HI,AWP,WE,Federal Contract Tower,0,24,5,12,41,0,50,12,4,66,0,74,17,16,107,0,0,0,107
09/30/2005,MKK,HI,AWP,WE,Federal Contract Tower,0,24,5,0,29,0,50,7,0,57,0,74,12,0,86,0,0,0,86
10/01/2005,MKK,HI,AWP,WE,Federal Contract Tower,0,22,3,0,25,0,36,1,0,37,0,58,4,0,62,0,0,0,62
10/02/2005,MKK,HI,AWP,WE,Federal Contract Tower,0,24,2,2,28,0,20,22,0,42,0,44,24,2,70,16,0,16,86
10/03/2005,MKK,HI,AWP,WE,Federal Contract Tower,0,25,5,6,36,0,45,17,0,62,0,70,22,6,98,0,0,0,98
10/04/2005,MKK,HI,AWP,WE,Federal Contract Tower,0,23,0,0,23,0,53,6,6,65,0,76,6,6,88,0,0,0,88
10/05/2005,MKK,HI,AWP,WE,Federal Contract Tower,0,22,1,0,23,0,44,19,3,66,0,66,20,3,89,0,0,0,89
10/06/2005,MKK,HI,AWP,WE,Federal Contract Tower,0,22,3,4,29,0,56,25,4,85,0,78,28,8,114,4,0,4,118
10/07/2005,MKK,HI,AWP,WE,Federal Contract Tower,0,27,2,4,33,0,129,19,0,148,0,156,21,4,181,0,0,0,181
10/08/2005,MKK,HI,AWP,WE,Federal Contract Tower,0,21,1,1,23,0,101,35,3,139,0,122,36,4,162,10,0,10,172
10/09/2005,MKK,HI,AWP,WE,Federal Contract Tower,0,16,1,0,17,0,42,14,0,56,0,58,15,0,73,0,0,0,73
10/10/2005,MKK,HI,AWP,WE,Federal Contract Tower,0,22,3,0,25,0,46,18,4,68,0,68,21,4,93,0,0,0,93
10/11/2005,MKK,HI,AWP,WE,Federal Contract Tower,0,22,2,1,25,0,47,12,1,60,0,69,14,2,85,0,0,0,85
10/12/2005,MKK,HI,AWP,WE,Federal Contract Tower,0,23,0,4,27,0,35,13,0,48,0,58,13,4,75,2,0,2,77
10/13/2005,MKK,HI,AWP,WE,Federal Contract Tower,0,22,0,2,24,0,51,11,1,63,0,73,11,3,87,64,0,64,151
10/14/2005,MKK,HI,AWP,WE,Federal Contract Tower,0,25,3,5,33,0,68,18,5,91,0,93,21,10,124,24,0,24,148
10/15/2005,MKK,HI,AWP,WE,Federal Contract Tower,0,20,5,0,25,0,65,21,2,88,0,85,26,2,113,32,0,32,145
10/16/2005,MKK,HI,AWP,WE,Federal Contract Tower,0,22,2,0,24,0,47,32,0,79,0,69,34,0,103,0,0,0,103
10/17/2005,MKK,HI,AWP,WE,Federal Contract Tower,0,24,2,0,26,0,60,18,4,82,0,84,20,4,108,34,0,34,142
10/18/2005,MKK,HI,AWP,WE,Federal Contract Tower,0,22,0,0,22,0,46,20,0,66,0,68,20,0,88,6,0,6,94
10/19/2005,MKK,HI,AWP,WE,Federal Contract Tower,0,23,1,0,24,0,43,20,1,64,0,66,21,1,88,20,0,20,108
10/20/2005,MKK,HI,AWP,WE,Federal Contract Tower,0,24,2,2,28,0,53,29,2,84,0,77,31,4,112,4,0,4,116
10/21/2005,MKK,HI,AWP,WE,Federal Contract Tower,0,24,3,0,27,0,41,16,0,57,0,65,19,0,84,0,0,0,84
10/22/2005,MKK,HI,AWP,WE,Federal Contract Tower,0,23,1,0,24,0,56,24,0,80,0,79,25,0,104,0,0,0,104
10/23/2005,MKK,HI,AWP,WE,Federal Contract Tower,0,18,2,0,20,0,50,6,0,56,0,68,8,0,76,6,0,6,82
10/24/2005,MKK,HI,AWP,WE,Federal Contract Tower,0,25,6,0,31,0,57,18,0,75,0,82,24,0,106,14,0,14,120
10/25/2005,MKK,HI,AWP,WE,Federal Contract Tower,0,22,0,3,25,0,44,10,2,56,0,66,10,5,81,0,0,0,81
10/26/2005,MKK,HI,AWP,WE,Federal Contract Tower,0,21,0,2,23,0,43,28,0,71,0,64,28,2,94,18,0,18,112
10/27/2005,MKK,HI,AWP,WE,Federal Contract Tower,0,23,0,2,25,0,61,24,6,91,0,84,24,8,116,6,0,6,122
10/28/2005,MKK,HI,AWP,WE,Federal Contract Tower,0,23,0,2,25,0,85,28,2,115,0,108,28,4,140,6,0,6,146
10/29/2005,MKK,HI,AWP,WE,Federal Contract Tower,0,22,2,0,24,0,42,34,0,76,0,64,36,0,100,0,0,0,100
10/30/2005,MKK,HI,AWP,WE,Federal Contract Tower,0,14,9,0,23,0,34,15,0,49,0,48,24,0,72,0,0,0,72
10/31/2005,MKK,HI,AWP,WE,Federal Contract Tower,0,21,2,0,23,0,35,8,2,45,0,56,10,2,68,0,0,0,68
11/01/2005,MKK,HI,AWP,WE,Federal Contract Tower,0,24,0,2,26,0,48,15,1,64,0,72,15,3,90,0,0,0,90
11/02/2005,MKK,HI,AWP,WE,Federal Contract Tower,0,20,0,6,26,0,38,10,0,48,0,58,10,6,74,4,0,4,78
11/03/2005,MKK,HI,AWP,WE,Federal Contract Tower,0,22,1,4,27,0,46,26,6,78,0,68,27,10,105,0,0,0,105
11/04/2005,MKK,HI,AWP,WE,Federal Contract Tower,0,22,3,3,28,0,49,31,5,85,0,71,34,8,113,0,0,0,113
11/05/2005,MKK,HI,AWP,WE,Federal Contract Tower,0,21,0,0,21,0,43,22,0,65,0,64,22,0,86,4,0,4,90
11/06/2005,MKK,HI,AWP,WE,Federal Contract Tower,0,15,0,0,15,0,50,24,0,74,0,65,24,0,89,8,0,8,97
11/07/2005,MKK,HI,AWP,WE,Federal Contract Tower,0,25,3,0,28,0,23,27,0,50,0,48,30,0,78,54,0,54,132
11/08/2005,MKK,HI,AWP,WE,Federal Contract Tower,0,26,5,0,31,0,56,24,2,82,0,82,29,2,113,36,0,36,149
11/09/2005,MKK,HI,AWP,WE,Federal Contract Tower,0,22,9,1,32,0,60,6,0,66,0,82,15,1,98,0,0,0,98
11/10/2005,MKK,HI,AWP,WE,Federal Contract Tower,0,20,2,0,22,0,58,23,8,89,0,78,25,8,111,8,0,8,119
11/11/2005,MKK,HI,AWP,WE,Federal Contract Tower,0,23,4,0,27,0,66,29,0,95,0,89,33,0,122,6,0,6,128
11/12/2005,MKK,HI,AWP,WE,Federal Contract Tower,0,22,0,0,22,0,56,59,0,115,0,78,59,0,137,6,0,6,143
11/13/2005,MKK,HI,AWP,WE,Federal Contract Tower,0,16,2,0,18,0,52,32,0,84,0,68,34,0,102,22,0,22,124
11/14/2005,MKK,HI,AWP,WE,Federal Contract Tower,0,25,2,0,27,0,37,25,0,62,0,62,27,0,89,4,0,4,93
11/15/2005,MKK,HI,AWP,WE,Federal Contract Tower,0,25,1,0,26,0,41,15,0,56,0,66,16,0,82,8,0,8,90
11/16/2005,MKK,HI,AWP,WE,Federal Contract Tower,0,22,0,3,25,0,34,11,3,48,0,56,11,6,73,0,0,0,73
11/17/2005,MKK,HI,AWP,WE,Federal Contract Tower,0,23,2,4,29,0,43,21,0,64,0,66,23,4,93,0,0,0,93
11/18/2005,MKK,HI,AWP,WE,Federal Contract Tower,0,26,3,2,31,0,52,11,20,83,0,78,14,22,114,0,12,12,126
11/19/2005,MKK,HI,AWP,WE,Federal Contract Tower,0,23,2,0,25,0,88,26,5,119,0,111,28,5,144,6,2,8,152
11/20/2005,MKK,HI,AWP,WE,Federal Contract Tower,0,17,0,0,17,0,35,41,8,84,0,52,41,8,101,4,0,4,105
11/21/2005,MKK,HI,AWP,WE,Federal Contract Tower,0,26,1,4,31,0,54,23,4,81,0,80,24,8,112,2,2,4,116
11/22/2005,MKK,HI,AWP,WE,Federal Contract Tower,0,19,4,4,27,0,13,0,2,15,0,32,4,6,42,0,0,0,42
11/23/2005,MKK,HI,AWP,WE,Federal Contract Tower,0,31,4,0,35,0,55,11,2,68,0,86,15,2,103,6,0,6,109
11/24/2005,MKK,HI,AWP,WE,Federal Contract Tower,0,22,2,0,24,0,36,11,4,51,0,58,13,4,75,0,0,0,75
11/25/2005,MKK,HI,AWP,WE,Federal Contract Tower,0,23,0,1,24,0,69,26,3,98,0,92,26,4,122,0,0,0,122
11/26/2005,MKK,HI,AWP,WE,Federal Contract Tower,0,24,2,0,26,0,39,15,0,54,0,63,17,0,80,4,0,4,84
11/27/2005,MKK,HI,AWP,WE,Federal Contract Tower,0,22,4,0,26,0,69,10,0,79,0,91,14,0,105,0,0,0,105
11/28/2005,MKK,HI,AWP,WE,Federal Contract Tower,0,23,2,3,28,0,61,14,1,76,0,84,16,4,104,0,0,0,104
11/29/2005,MKK,HI,AWP,WE,Federal Contract Tower,0,28,0,0,28,0,22,2,0,24,0,50,2,0,52,0,0,0,52
11/30/2005,MKK,HI,AWP,WE,Federal Contract Tower,0,21,3,8,32,0,35,26,4,65,0,56,29,12,97,4,0,4,101
12/01/2005,MKK,HI,AWP,WE,Federal Contract Tower,0,27,4,2,33,0,48,29,2,79,0,75,33,4,112,0,0,0,112
12/02/2005,MKK,HI,AWP,WE,Federal Contract Tower,0,27,6,3,36,0,61,39,1,101,0,88,45,4,137,0,0,0,137
12/03/2005,MKK,HI,AWP,WE,Federal Contract Tower,0,24,3,2,29,0,45,18,6,69,0,69,21,8,98,8,0,8,106
12/04/2005,MKK,HI,AWP,WE,Federal Contract Tower,0,20,2,0,22,0,32,9,2,43,0,52,11,2,65,26,0,26,91
12/05/2005,MKK,HI,AWP,WE,Federal Contract Tower,0,23,1,8,32,0,55,12,2,69,0,78,13,10,101,0,0,0,101
12/06/2005,MKK,HI,AWP,WE,Federal Contract Tower,0,25,2,5,32,0,35,16,5,56,0,60,18,10,88,0,0,0,88
12/07/2005,MKK,HI,AWP,WE,Federal Contract Tower,0,29,4,9,42,0,45,19,1,65,0,74,23,10,107,0,2,2,109
12/08/2005,MKK,HI,AWP,WE,Federal Contract Tower,0,24,2,0,26,0,54,20,4,78,0,78,22,4,104,4,0,4,108
12/09/2005,MKK,HI,AWP,WE,Federal Contract Tower,0,25,4,13,42,0,63,16,1,80,0,88,20,14,122,0,0,0,122
12/10/2005,MKK,HI,AWP,WE,Federal Contract Tower,0,24,1,0,25,0,56,37,2,95,0,80,38,2,120,0,0,0,120
12/11/2005,MKK,HI,AWP,WE,Federal Contract Tower,0,20,0,0,20,0,55,18,4,77,0,75,18,4,97,8,0,8,105
12/12/2005,MKK,HI,AWP,WE,Federal Contract Tower,0,29,1,4,34,0,53,19,2,74,0,82,20,6,108,10,0,10,118
12/13/2005,MKK,HI,AWP,WE,Federal Contract Tower,0,26,0,3,29,0,48,12,3,63,0,74,12,6,92,18,0,18,110
12/14/2005,MKK,HI,AWP,WE,Federal Contract Tower,0,22,2,0,24,0,50,34,0,84,0,72,36,0,108,6,0,6,114
12/15/2005,MKK,HI,AWP,WE,Federal Contract Tower,0,24,2,3,29,0,50,23,3,76,0,74,25,6,105,0,0,0,105
12/16/2005,MKK,HI,AWP,WE,Federal Contract Tower,0,30,1,3,34,0,72,40,5,117,0,102,41,8,151,6,0,6,157
12/17/2005,MKK,HI,AWP,WE,Federal Contract Tower,0,25,5,0,30,0,54,19,2,75,0,79,24,2,105,6,0,6,111
12/18/2005,MKK,HI,AWP,WE,Federal Contract Tower,0,20,2,0,22,0,58,12,0,70,0,78,14,0,92,0,0,0,92
12/19/2005,MKK,HI,AWP,WE,Federal Contract Tower,0,30,0,2,32,0,68,29,0,97,0,98,29,2,129,10,0,10,139
12/20/2005,MKK,HI,AWP,WE,Federal Contract Tower,0,22,1,5,28,0,50,21,1,72,0,72,22,6,100,14,0,14,114
12/21/2005,MKK,HI,AWP,WE,Federal Contract Tower,0,28,5,2,35,0,48,16,4,68,0,76,21,6,103,0,2,2,105
12/22/2005,MKK,HI,AWP,WE,Federal Contract Tower,0,27,0,2,29,0,49,22,12,83,0,76,22,14,112,12,16,28,140
12/23/2005,MKK,HI,AWP,WE,Federal Contract Tower,0,27,5,0,32,0,72,43,0,115,0,99,48,0,147,14,0,14,161
12/24/2005,MKK,HI,AWP,WE,Federal Contract Tower,0,26,0,0,26,0,61,32,0,93,0,87,32,0,119,6,0,6,125
12/25/2005,MKK,HI,AWP,WE,Federal Contract Tower,0,17,0,0,17,0,23,20,0,43,0,40,20,0,60,8,0,8,68
12/26/2005,MKK,HI,AWP,WE,Federal Contract Tower,0,20,4,2,26,0,79,32,2,113,0,99,36,4,139,28,0,28,167
12/27/2005,MKK,HI,AWP,WE,Federal Contract Tower,0,25,5,4,34,0,53,24,2,79,0,78,29,6,113,18,0,18,131
12/28/2005,MKK,HI,AWP,WE,Federal Contract Tower,0,20,3,0,23,0,56,37,4,97,0,76,40,4,120,12,0,12,132
12/29/2005,MKK,HI,AWP,WE,Federal Contract Tower,0,22,2,2,26,0,76,36,4,116,0,98,38,6,142,0,0,0,142
12/30/2005,MKK,HI,AWP,WE,Federal Contract Tower,0,26,2,0,28,0,75,47,2,124,0,101,49,2,152,10,0,10,162
12/31/2005,MKK,HI,AWP,WE,Federal Contract Tower,0,20,0,0,20,0,46,32,0,78,0,66,32,0,98,12,0,12,110
01/01/2006,MKK,HI,AWP,WE,Federal Contract Tower,0,20,0,0,20,0,24,4,0,28,0,44,4,0,48,0,0,0,48
01/02/2006,MKK,HI,AWP,WE,Federal Contract Tower,0,19,4,0,23,0,77,16,0,93,0,96,20,0,116,0,0,0,116
01/03/2006,MKK,HI,AWP,WE,Federal Contract Tower,0,23,2,5,30,0,55,14,1,70,0,78,16,6,100,0,0,0,100
01/04/2006,MKK,HI,AWP,WE,Federal Contract Tower,0,26,4,0,30,0,66,26,0,92,0,92,30,0,122,0,0,0,122
01/05/2006,MKK,HI,AWP,WE,Federal Contract Tower,0,26,0,7,33,0,62,18,11,91,0,88,18,18,124,0,0,0,124
01/06/2006,MKK,HI,AWP,WE,Federal Contract Tower,0,27,2,4,33,0,65,32,4,101,0,92,34,8,134,12,0,12,146
01/07/2006,MKK,HI,AWP,WE,Federal Contract Tower,0,21,5,0,26,0,60,24,2,86,0,81,29,2,112,6,0,6,118
01/08/2006,MKK,HI,AWP,WE,Federal Contract Tower,0,15,1,2,18,0,54,26,0,80,0,69,27,2,98,12,0,12,110
01/09/2006,MKK,HI,AWP,WE,Federal Contract Tower,0,23,2,4,29,0,69,16,0,85,0,92,18,4,114,36,0,36,150
01/10/2006,MKK,HI,AWP,WE,Federal Contract Tower,0,24,4,0,28,0,48,11,16,75,0,72,15,16,103,0,0,0,103
01/11/2006,MKK,HI,AWP,WE,Federal Contract Tower,0,23,2,2,27,0,59,11,6,76,0,82,13,8,103,0,0,0,103
01/12/2006,MKK,HI,AWP,WE,Federal Contract Tower,0,23,0,6,29,0,32,12,0,44,0,55,12,6,73,0,0,0,73
01/13/2006,MKK,HI,AWP,WE,Federal Contract Tower,0,26,0,0,26,0,60,31,0,91,0,86,31,0,117,2,0,2,119
01/14/2006,MKK,HI,AWP,WE,Federal Contract Tower,0,23,1,0,24,0,61,36,6,103,0,84,37,6,127,16,2,18,145
01/15/2006,MKK,HI,AWP,WE,Federal Contract Tower,0,18,0,0,18,0,56,37,4,97,0,74,37,4,115,2,0,2,117
01/16/2006,MKK,HI,AWP,WE,Federal Contract Tower,0,21,1,0,22,0,57,25,4,86,0,78,26,4,108,2,0,2,110
01/17/2006,MKK,HI,AWP,WE,Federal Contract Tower,0,25,4,2,31,0,53,16,6,75,0,78,20,8,106,8,0,8,114
01/18/2006,MKK,HI,AWP,WE,Federal Contract Tower,0,21,2,4,27,0,57,30,8,95,0,78,32,12,122,8,0,8,130
01/19/2006,MKK,HI,AWP,WE,Federal Contract Tower,0,26,2,1,29,0,56,31,4,91,0,82,33,5,120,20,0,20,140
01/20/2006,MKK,HI,AWP,WE,Federal Contract Tower,0,26,0,0,26,0,71,23,6,100,0,97,23,6,126,6,0,6,132
01/21/2006,MKK,HI,AWP,WE,Federal Contract Tower,0,23,0,0,23,0,49,26,0,75,0,72,26,0,98,8,0,8,106
01/22/2006,MKK,HI,AWP,WE,Federal Contract Tower,0,16,6,0,22,0,62,18,2,82,0,78,24,2,104,8,0,8,112
01/23/2006,MKK,HI,AWP,WE,Federal Contract Tower,0,25,2,2,29,0,57,16,6,79,0,82,18,8,108,10,42,52,160
01/24/2006,MKK,HI,AWP,WE,Federal Contract Tower,18,12,0,4,34,0,42,10,4,56,18,54,10,8,90,0,0,0,90
01/25/2006,MKK,HI,AWP,WE,Federal Contract Tower,18,11,4,9,42,0,37,18,3,58,18,48,22,12,100,0,0,0,100
01/26/2006,MKK,HI,AWP,WE,Federal Contract Tower,17,13,1,6,37,0,56,11,10,77,17,69,12,16,114,0,0,0,114
01/27/2006,MKK,HI,AWP,WE,Federal Contract Tower,18,11,4,0,33,0,92,31,5,128,18,103,35,5,161,0,0,0,161
01/28/2006,MKK,HI,AWP,WE,Federal Contract Tower,20,3,3,0,26,0,53,26,0,79,20,56,29,0,105,12,0,12,117
01/29/2006,MKK,HI,AWP,WE,Federal Contract Tower,16,3,4,0,23,0,51,19,0,70,16,54,23,0,93,0,0,0,93
01/30/2006,MKK,HI,AWP,WE,Federal Contract Tower,18,5,3,2,28,0,45,24,36,105,18,50,27,38,133,2,0,2,135
01/31/2006,MKK,HI,AWP,WE,Federal Contract Tower,18,9,0,4,31,0,53,19,10,82,18,62,19,14,113,0,2,2,115
02/01/2006,MKK,HI,AWP,WE,Federal Contract Tower,17,5,1,0,23,0,44,33,0,77,17,49,34,0,100,4,0,4,104
02/02/2006,MKK,HI,AWP,WE,Federal Contract Tower,17,10,0,4,31,0,56,10,0,66,17,66,10,4,97,4,8,12,109
02/03/2006,MKK,HI,AWP,WE,Federal Contract Tower,0,26,0,0,26,0,68,28,4,100,0,94,28,4,126,0,0,0,126
02/04/2006,MKK,HI,AWP,WE,Federal Contract Tower,0,22,0,0,22,0,49,33,0,82,0,71,33,0,104,18,0,18,122
02/05/2006,MKK,HI,AWP,WE,Federal Contract Tower,0,18,0,0,18,0,49,25,0,74,0,67,25,0,92,6,0,6,98
02/06/2006,MKK,HI,AWP,WE,Federal Contract Tower,0,20,6,4,30,0,66,19,6,91,0,86,25,10,121,14,0,14,135
02/07/2006,MKK,HI,AWP,WE,Federal Contract Tower,0,25,2,8,35,0,47,18,2,67,0,72,20,10,102,6,0,6,108
02/08/2006,MKK,HI,AWP,WE,Federal Contract Tower,0,25,0,6,31,0,37,9,6,52,0,62,9,12,83,0,0,0,83
02/09/2006,MKK,HI,AWP,WE,Federal Contract Tower,0,25,0,4,29,0,69,31,4,104,0,94,31,8,133,0,6,6,139
02/10/2006,MKK,HI,AWP,WE,Federal Contract Tower,0,23,2,0,25,0,75,20,0,95,0,98,22,0,120,0,0,0,120
02/11/2006,MKK,HI,AWP,WE,Federal Contract Tower,0,20,3,2,25,0,33,23,2,58,0,53,26,4,83,14,0,14,97
02/12/2006,MKK,HI,AWP,WE,Federal Contract Tower,0,21,2,0,23,0,57,22,2,81,0,78,24,2,104,2,0,2,106
02/13/2006,MKK,HI,AWP,WE,Federal Contract Tower,0,28,3,1,32,0,47,11,17,75,0,75,14,18,107,0,0,0,107
02/14/2006,MKK,HI,AWP,WE,Federal Contract Tower,0,24,3,2,29,0,57,9,4,70,0,81,12,6,99,0,0,0,99
02/15/2006,MKK,HI,AWP,WE,Federal Contract Tower,0,26,4,3,33,0,57,17,1,75,0,83,21,4,108,0,0,0,108
02/16/2006,MKK,HI,AWP,WE,Federal Contract Tower,0,18,1,1,20,0,58,37,7,102,0,76,38,8,122,12,0,12,134
02/17/2006,MKK,HI,AWP,WE,Federal Contract Tower,0,25,3,4,32,0,83,33,14,130,0,108,36,18,162,8,6,14,176
02/18/2006,MKK,HI,AWP,WE,Federal Contract Tower,0,26,3,0,29,0,48,32,0,80,0,74,35,0,109,4,0,4,113
02/19/2006,MKK,HI,AWP,WE,Federal Contract Tower,0,18,0,0,18,0,59,26,6,91,0,77,26,6,109,0,0,0,109
02/20/2006,MKK,HI,AWP,WE,Federal Contract Tower,0,23,2,0,25,0,91,13,0,104,0,114,15,0,129,6,0,6,135
02/21/2006,MKK,HI,AWP,WE,Federal Contract Tower,0,26,1,0,27,0,67,15,4,86,0,93,16,4,113,0,0,0,113
02/22/2006,MKK,HI,AWP,WE,Federal Contract Tower,0,24,4,4,32,0,86,19,6,111,0,110,23,10,143,0,0,0,143
02/23/2006,MKK,HI,AWP,WE,Federal Contract Tower,0,23,1,4,28,0,77,18,8,103,0,100,19,12,131,6,0,6,137
02/24/2006,MKK,HI,AWP,WE,Federal Contract Tower,0,25,0,0,25,0,72,18,2,92,0,97,18,2,117,6,0,6,123
02/25/2006,MKK,HI,AWP,WE,Federal Contract Tower,0,21,2,5,28,0,53,46,1,100,0,74,48,6,128,14,0,14,142
02/26/2006,MKK,HI,AWP,WE,Federal Contract Tower,0,18,5,0,23,0,63,8,2,73,0,81,13,2,96,8,0,8,104
02/27/2006,MKK,HI,AWP,WE,Federal Contract Tower,0,26,3,8,37,0,56,14,4,74,0,82,17,12,111,0,2,2,113
02/28/2006,MKK,HI,AWP,WE,Federal Contract Tower,0,21,0,2,23,0,47,6,0,53,0,68,6,2,76,6,0,6,82
03/01/2006,MKK,HI,AWP,WE,Federal Contract Tower,0,21,0,0,21,0,31,12,6,49,0,52,12,6,70,0,0,0,70
03/02/2006,MKK,HI,AWP,WE,Federal Contract Tower,0,23,0,6,29,0,41,0,8,49,0,64,0,14,78,0,0,0,78
03/03/2006,MKK,HI,AWP,WE,Federal Contract Tower,0,23,2,0,25,0,80,14,0,94,0,103,16,0,119,0,0,0,119
03/04/2006,MKK,HI,AWP,WE,Federal Contract Tower,0,23,2,0,25,0,44,27,0,71,0,67,29,0,96,12,0,12,108
03/05/2006,MKK,HI,AWP,WE,Federal Contract Tower,0,18,4,0,22,0,57,31,2,90,0,75,35,2,112,10,2,12,124
03/06/2006,MKK,HI,AWP,WE,Federal Contract Tower,0,27,0,0,27,0,57,20,0,77,0,84,20,0,104,2,0,2,106
03/07/2006,MKK,HI,AWP,WE,Federal Contract Tower,0,25,6,4,35,0,41,21,6,68,0,66,27,10,103,18,0,18,121
03/08/2006,MKK,HI,AWP,WE,Federal Contract Tower,0,26,2,8,36,0,59,11,2,72,0,85,13,10,108,4,0,4,112
03/09/2006,MKK,HI,AWP,WE,Federal Contract Tower,0,28,2,0,30,0,42,10,12,64,0,70,12,12,94,0,40,40,134
03/10/2006,MKK,HI,AWP,WE,Federal Contract Tower,0,26,0,2,28,0,74,5,2,81,0,100,5,4,109,0,0,0,109
03/11/2006,MKK,HI,AWP,WE,Federal Contract Tower,0,25,6,0,31,0,54,32,0,86,0,79,38,0,117,10,0,10,127
03/12/2006,MKK,HI,AWP,WE,Federal Contract Tower,0,19,0,0,19,0,61,12,0,73,0,80,12,0,92,0,0,0,92
03/13/2006,MKK,HI,AWP,WE,Federal Contract Tower,0,33,4,4,41,0,55,23,4,82,0,88,27,8,123,0,0,0,123
03/14/2006,MKK,HI,AWP,WE,Federal Contract Tower,0,22,2,5,29,0,58,4,5,67,0,80,6,10,96,2,0,2,98
03/15/2006,MKK,HI,AWP,WE,Federal Contract Tower,0,27,1,0,28,0,36,7,2,45,0,63,8,2,73,0,6,6,79
03/16/2006,MKK,HI,AWP,WE,Federal Contract Tower,0,34,1,4,39,0,45,17,8,70,0,79,18,12,109,0,0,0,109
03/17/2006,MKK,HI,AWP,WE,Federal Contract Tower,0,29,2,5,36,0,76,22,9,107,0,105,24,14,143,14,14,28,171
03/18/2006,MKK,HI,AWP,WE,Federal Contract Tower,4,23,2,2,31,0,45,19,0,64,4,68,21,2,95,2,0,2,97
03/19/2006,MKK,HI,AWP,WE,Federal Contract Tower,0,29,0,0,29,0,7,4,0,11,0,36,4,0,40,0,0,0,40
03/20/2006,MKK,HI,AWP,WE,Federal Contract Tower,0,28,1,2,31,0,78,20,6,104,0,106,21,8,135,4,0,4,139
03/21/2006,MKK,HI,AWP,WE,Federal Contract Tower,0,22,1,4,27,0,71,8,4,83,0,93,9,8,110,0,0,0,110
03/22/2006,MKK,HI,AWP,WE,Federal Contract Tower,0,25,6,4,35,0,51,13,4,68,0,76,19,8,103,0,16,16,119
03/23/2006,MKK,HI,AWP,WE,Federal Contract Tower,0,23,3,5,31,0,52,4,1,57,0,75,7,6,88,0,6,6,94
03/24/2006,MKK,HI,AWP,WE,Federal Contract Tower,0,30,1,2,33,0,86,30,0,116,0,116,31,2,149,0,0,0,149
03/25/2006,MKK,HI,AWP,WE,Federal Contract Tower,0,27,0,0,27,0,64,20,2,86,0,91,20,2,113,10,0,10,123
03/26/2006,MKK,HI,AWP,WE,Federal Contract Tower,0,20,2,0,22,0,7,2,0,9,0,27,4,0,31,0,0,0,31
03/27/2006,MKK,HI,AWP,WE,Federal Contract Tower,0,27,3,4,34,0,71,7,8,86,0,98,10,12,120,0,0,0,120
03/28/2006,MKK,HI,AWP,WE,Federal Contract Tower,0,24,4,0,28,0,34,6,0,40,0,58,10,0,68,2,0,2,70
03/29/2006,MKK,HI,AWP,WE,Federal Contract Tower,0,31,4,0,35,0,37,8,0,45,0,68,12,0,80,8,0,8,88
03/30/2006,MKK,HI,AWP,WE,Federal Contract Tower,0,19,0,4,23,0,23,7,0,30,0,42,7,4,53,0,0,0,53
03/31/2006,MKK,HI,AWP,WE,Federal Contract Tower,0,26,0,0,26,0,36,7,2,45,0,62,7,2,71,8,0,8,79
04/01/2006,MKK,HI,AWP,WE,Federal Contract Tower,0,31,2,0,33,0,36,18,1,55,0,67,20,1,88,10,0,10,98
04/02/2006,MKK,HI,AWP,WE,Federal Contract Tower,0,24,2,0,26,0,41,7,5,53,0,65,9,5,79,4,0,4,83
04/03/2006,MKK,HI,AWP,WE,Federal Contract Tower,0,34,2,4,40,0,55,7,6,68,0,89,9,10,108,4,0,4,112
04/04/2006,MKK,HI,AWP,WE,Federal Contract Tower,0,25,0,3,28,0,53,9,1,63,0,78,9,4,91,14,0,14,105
04/05/2006,MKK,HI,AWP,WE,Federal Contract Tower,0,24,3,2,29,0,46,16,4,66,0,70,19,6,95,2,0,2,97
04/06/2006,MKK,HI,AWP,WE,Federal Contract Tower,0,24,2,8,34,0,51,7,4,62,0,75,9,12,96,0,10,10,106
04/07/2006,MKK,HI,AWP,WE,Federal Contract Tower,0,27,0,1,28,0,66,23,1,90,0,93,23,2,118,0,0,0,118
04/08/2006,MKK,HI,AWP,WE,Federal Contract Tower,0,28,3,0,31,0,28,25,4,57,0,56,28,4,88,28,0,28,116
04/09/2006,MKK,HI,AWP,WE,Federal Contract Tower,0,22,1,0,23,0,42,21,0,63,0,64,22,0,86,10,0,10,96
04/10/2006,MKK,HI,AWP,WE,Federal Contract Tower,0,26,2,0,28,0,40,28,4,72,0,66,30,4,100,26,0,26,126
04/11/2006,MKK,HI,AWP,WE,Federal Contract Tower,0,27,1,5,33,0,41,11,5,57,0,68,12,10,90,10,0,10,100
04/12/2006,MKK,HI,AWP,WE,Federal Contract Tower,0,24,3,7,34,0,35,14,1,50,0,59,17,8,84,0,0,0,84
04/13/2006,MKK,HI,AWP,WE,Federal Contract Tower,0,24,1,11,36,0,61,19,5,85,0,85,20,16,121,0,0,0,121
04/14/2006,MKK,HI,AWP,WE,Federal Contract Tower,0,25,0,0,25,0,55,28,0,83,0,80,28,0,108,0,0,0,108
04/15/2006,MKK,HI,AWP,WE,Federal Contract Tower,0,23,0,0,23,0,32,19,0,51,0,55,19,0,74,0,0,0,74
04/16/2006,MKK,HI,AWP,WE,Federal Contract Tower,0,20,0,0,20,0,43,25,0,68,0,63,25,0,88,0,0,0,88
04/17/2006,MKK,HI,AWP,WE,Federal Contract Tower,0,26,2,1,29,0,39,24,3,66,0,65,26,4,95,0,0,0,95
04/18/2006,MKK,HI,AWP,WE,Federal Contract Tower,0,25,0,4,29,0,58,21,4,83,0,83,21,8,112,6,0,6,118
04/19/2006,MKK,HI,AWP,WE,Federal Contract Tower,0,25,0,2,27,0,53,22,2,77,0,78,22,4,104,0,0,0,104
04/20/2006,MKK,HI,AWP,WE,Federal Contract Tower,0,24,2,2,28,0,50,28,2,80,0,74,30,4,108,0,0,0,108
04/21/2006,MKK,HI,AWP,WE,Federal Contract Tower,0,25,4,2,31,0,61,25,6,92,0,86,29,8,123,0,0,0,123
04/22/2006,MKK,HI,AWP,WE,Federal Contract Tower,0,23,1,5,29,0,35,32,12,79,0,58,33,17,108,16,8,24,132
04/23/2006,MKK,HI,AWP,WE,Federal Contract Tower,0,20,3,0,23,0,50,18,2,70,0,70,21,2,93,4,0,4,97
04/24/2006,MKK,HI,AWP,WE,Federal Contract Tower,0,26,0,2,28,0,41,14,8,63,0,67,14,10,91,6,0,6,97
04/25/2006,MKK,HI,AWP,WE,Federal Contract Tower,0,21,0,10,31,0,47,30,6,83,0,68,30,16,114,12,8,20,134
04/26/2006,MKK,HI,AWP,WE,Federal Contract Tower,0,27,0,0,27,0,48,23,6,77,0,75,23,6,104,6,6,12,116
04/27/2006,MKK,HI,AWP,WE,Federal Contract Tower,0,25,4,8,37,0,45,31,13,89,0,70,35,21,126,4,8,12,138
04/28/2006,MKK,HI,AWP,WE,Federal Contract Tower,0,26,9,2,37,0,56,43,4,103,0,82,52,6,140,18,0,18,158
04/29/2006,MKK,HI,AWP,WE,Federal Contract Tower,0,26,0,0,26,0,56,47,0,103,0,82,47,0,129,14,0,14,143
04/30/2006,MKK,HI,AWP,WE,Federal Contract Tower,0,20,4,0,24,0,50,10,0,60,0,70,14,0,84,22,0,22,106
05/01/2006,MKK,HI,AWP,WE,Federal Contract Tower,0,28,1,0,29,0,44,23,4,71,0,72,24,4,100,0,0,0,100
05/02/2006,MKK,HI,AWP,WE,Federal Contract Tower,0,28,0,3,31,0,41,13,5,59,0,69,13,8,90,0,0,0,90
05/03/2006,MKK,HI,AWP,WE,Federal Contract Tower,0,26,0,0,26,0,42,21,0,63,0,68,21,0,89,2,0,2,91
05/04/2006,MKK,HI,AWP,WE,Federal Contract Tower,0,24,2,2,28,0,60,22,7,89,0,84,24,9,117,2,10,12,129
05/05/2006,MKK,HI,AWP,WE,Federal Contract Tower,0,28,2,0,30,0,57,13,2,72,0,85,15,2,102,0,0,0,102
05/06/2006,MKK,HI,AWP,WE,Federal Contract Tower,0,21,5,0,26,0,50,13,0,63,0,71,18,0,89,2,0,2,91
05/07/2006,MKK,HI,AWP,WE,Federal Contract Tower,0,21,2,0,23,0,44,16,5,65,0,65,18,5,88,0,0,0,88
05/08/2006,MKK,HI,AWP,WE,Federal Contract Tower,0,28,7,0,35,0,44,11,0,55,0,72,18,0,90,4,0,4,94
05/09/2006,MKK,HI,AWP,WE,Federal Contract Tower,0,23,0,2,25,0,45,31,8,84,0,68,31,10,109,18,0,18,127
05/10/2006,MKK,HI,AWP,WE,Federal Contract Tower,0,24,0,6,30,0,58,22,0,80,0,82,22,6,110,0,6,6,116
05/11/2006,MKK,HI,AWP,WE,Federal Contract Tower,0,24,4,0,28,0,54,17,2,73,0,78,21,2,101,8,0,8,109
05/12/2006,MKK,HI,AWP,WE,Federal Contract Tower,0,24,3,1,28,0,68,22,3,93,0,92,25,4,121,0,0,0,121
05/13/2006,MKK,HI,AWP,WE,Federal Contract Tower,0,26,4,4,34,0,47,39,0,86,0,73,43,4,120,2,0,2,122
05/14/2006,MKK,HI,AWP,WE,Federal Contract Tower,0,23,2,0,25,0,38,20,0,58,0,61,22,0,83,0,0,0,83
05/15/2006,MKK,HI,AWP,WE,Federal Contract Tower,0,29,7,4,40,0,52,26,2,80,0,81,33,6,120,28,0,28,148
05/16/2006,MKK,HI,AWP,WE,Federal Contract Tower,0,23,8,2,33,0,47,10,6,63,0,70,18,8,96,8,0,8,104
05/17/2006,MKK,HI,AWP,WE,Federal Contract Tower,0,26,2,2,30,0,50,5,2,57,0,76,7,4,87,0,0,0,87
05/18/2006,MKK,HI,AWP,WE,Federal Contract Tower,0,23,0,2,25,0,65,17,2,84,0,88,17,4,109,2,0,2,111
05/19/2006,MKK,HI,AWP,WE,Federal Contract Tower,0,23,0,2,25,0,75,26,2,103,0,98,26,4,128,0,0,0,128
05/20/2006,MKK,HI,AWP,WE,Federal Contract Tower,0,23,3,0,26,0,68,28,0,96,0,91,31,0,122,0,0,0,122
05/21/2006,MKK,HI,AWP,WE,Federal Contract Tower,0,21,2,0,23,0,50,20,4,74,0,71,22,4,97,0,0,0,97
05/22/2006,MKK,HI,AWP,WE,Federal Contract Tower,0,26,1,2,29,0,55,23,0,78,0,81,24,2,107,6,0,6,113
05/23/2006,MKK,HI,AWP,WE,Federal Contract Tower,0,21,0,0,21,0,49,22,0,71,0,70,22,0,92,0,0,0,92
05/24/2006,MKK,HI,AWP,WE,Federal Contract Tower,0,23,3,2,28,0,44,19,4,67,0,67,22,6,95,0,0,0,95
05/25/2006,MKK,HI,AWP,WE,Federal Contract Tower,0,21,4,0,25,0,55,17,12,84,0,76,21,12,109,0,0,0,109
05/26/2006,MKK,HI,AWP,WE,Federal Contract Tower,0,24,1,0,25,0,77,36,4,117,0,101,37,4,142,0,0,0,142
05/27/2006,MKK,HI,AWP,WE,Federal Contract Tower,0,26,6,0,32,0,55,35,0,90,0,81,41,0,122,4,0,4,126
05/28/2006,MKK,HI,AWP,WE,Federal Contract Tower,0,22,3,0,25,0,48,30,0,78,0,70,33,0,103,8,0,8,111
05/29/2006,MKK,HI,AWP,WE,Federal Contract Tower,0,23,1,0,24,0,78,41,0,119,0,101,42,0,143,14,0,14,157
05/30/2006,MKK,HI,AWP,WE,Federal Contract Tower,0,22,2,2,26,0,64,18,0,82,0,86,20,2,108,4,0,4,112
05/31/2006,MKK,HI,AWP,WE,Federal Contract Tower,0,23,1,4,28,0,36,19,2,57,0,59,20,6,85,4,0,4,89
06/01/2006,MKK,HI,AWP,WE,Federal Contract Tower,0,21,2,1,24,0,51,14,3,68,0,72,16,4,92,8,0,8,100
06/02/2006,MKK,HI,AWP,WE,Federal Contract Tower,0,24,0,2,26,0,66,22,2,90,0,90,22,4,116,6,0,6,122
06/03/2006,MKK,HI,AWP,WE,Federal Contract Tower,0,25,2,0,27,0,48,20,6,74,0,73,22,6,101,0,0,0,101
06/04/2006,MKK,HI,AWP,WE,Federal Contract Tower,0,19,2,0,21,0,55,23,0,78,0,74,25,0,99,2,0,2,101
06/05/2006,MKK,HI,AWP,WE,Federal Contract Tower,0,27,1,0,28,0,44,18,0,62,0,71,19,0,90,6,0,6,96
06/06/2006,MKK,HI,AWP,WE,Federal Contract Tower,0,25,2,2,29,0,54,19,2,75,0,79,21,4,104,4,0,4,108
06/07/2006,MKK,HI,AWP,WE,Federal Contract Tower,0,24,0,2,26,0,29,12,0,41,0,53,12,2,67,18,0,18,85
06/08/2006,MKK,HI,AWP,WE,Federal Contract Tower,0,24,4,0,28,0,48,29,4,81,0,72,33,4,109,8,0,8,117
06/09/2006,MKK,HI,AWP,WE,Federal Contract Tower,0,24,0,0,24,0,87,14,0,101,0,111,14,0,125,0,0,0,125
06/10/2006,MKK,HI,AWP,WE,Federal Contract Tower,0,22,5,0,27,0,33,23,2,58,0,55,28,2,85,8,0,8,93
06/11/2006,MKK,HI,AWP,WE,Federal Contract Tower,0,21,0,1,22,0,52,17,7,76,0,73,17,8,98,14,0,14,112
06/12/2006,MKK,HI,AWP,WE,Federal Contract Tower,0,25,3,0,28,0,66,9,0,75,0,91,12,0,103,4,0,4,107
06/13/2006,MKK,HI,AWP,WE,Federal Contract Tower,0,26,0,3,29,0,33,11,5,49,0,59,11,8,78,0,2,2,80
06/14/2006,MKK,HI,AWP,WE,Federal Contract Tower,0,29,2,1,32,0,51,20,3,74,0,80,22,4,106,0,4,4,110
06/15/2006,MKK,HI,AWP,WE,Federal Contract Tower,0,25,5,2,32,0,57,15,5,77,0,82,20,7,109,0,0,0,109
06/16/2006,MKK,HI,AWP,WE,Federal Contract Tower,0,28,2,0,30,0,75,25,12,112,0,103,27,12,142,0,4,4,146
06/17/2006,MKK,HI,AWP,WE,Federal Contract Tower,0,25,0,0,25,0,34,15,6,55,0,59,15,6,80,10,0,10,90
06/18/2006,MKK,HI,AWP,WE,Federal Contract Tower,0,21,3,0,24,0,52,19,0,71,0,73,22,0,95,20,0,20,115
06/19/2006,MKK,HI,AWP,WE,Federal Contract Tower,0,29,3,0,32,0,67,6,0,73,0,96,9,0,105,28,0,28,133
06/20/2006,MKK,HI,AWP,WE,Federal Contract Tower,0,24,4,4,32,0,32,8,6,46,0,56,12,10,78,0,0,0,78
06/21/2006,MKK,HI,AWP,WE,Federal Contract Tower,0,24,2,0,26,0,44,17,4,65,0,68,19,4,91,4,0,4,95
06/22/2006,MKK,HI,AWP,WE,Federal Contract Tower,0,28,6,4,38,0,37,20,0,57,0,65,26,4,95,8,0,8,103
06/23/2006,MKK,HI,AWP,WE,Federal Contract Tower,0,22,1,0,23,0,66,34,2,102,0,88,35,2,125,0,0,0,125
06/24/2006,MKK,HI,AWP,WE,Federal Contract Tower,0,25,3,0,28,0,36,37,0,73,0,61,40,0,101,28,0,28,129
06/25/2006,MKK,HI,AWP,WE,Federal Contract Tower,0,20,0,0,20,0,43,34,0,77,0,63,34,0,97,0,0,0,97
06/26/2006,MKK,HI,AWP,WE,Federal Contract Tower,0,24,0,0,24,0,58,14,0,72,0,82,14,0,96,0,0,0,96
06/27/2006,MKK,HI,AWP,WE,Federal Contract Tower,0,26,4,0,30,0,64,17,2,83,0,90,21,2,113,2,6,8,121
06/28/2006,MKK,HI,AWP,WE,Federal Contract Tower,0,26,6,0,32,0,51,13,0,64,0,77,19,0,96,0,0,0,96
06/29/2006,MKK,HI,AWP,WE,Federal Contract Tower,0,26,2,0,28,0,51,20,2,73,0,77,22,2,101,0,0,0,101
06/30/2006,MKK,HI,AWP,WE,Federal Contract Tower,0,24,1,0,25,0,77,29,0,106,0,101,30,0,131,0,0,0,131
07/01/2006,MKK,HI,AWP,WE,Federal Contract Tower,0,23,0,0,23,0,51,16,1,68,0,74,16,1,91,0,0,0,91
07/02/2006,MKK,HI,AWP,WE,Federal Contract Tower,0,23,4,0,27,0,63,19,0,82,0,86,23,0,109,6,0,6,115
07/03/2006,MKK,HI,AWP,WE,Federal Contract Tower,0,29,0,0,29,0,43,16,0,59,0,72,16,0,88,8,0,8,96
07/04/2006,MKK,HI,AWP,WE,Federal Contract Tower,0,22,3,0,25,0,52,20,0,72,0,74,23,0,97,8,0,8,105
07/05/2006,MKK,HI,AWP,WE,Federal Contract Tower,0,28,0,0,28,0,40,12,0,52,0,68,12,0,80,4,0,4,84
07/06/2006,MKK,HI,AWP,WE,Federal Contract Tower,0,24,0,1,25,0,48,30,7,85,0,72,30,8,110,0,0,0,110
07/07/2006,MKK,HI,AWP,WE,Federal Contract Tower,0,25,0,0,25,0,80,33,0,113,0,105,33,0,138,0,0,0,138
07/08/2006,MKK,HI,AWP,WE,Federal Contract Tower,0,22,0,0,22,0,51,19,0,70,0,73,19,0,92,2,0,2,94
07/09/2006,MKK,HI,AWP,WE,Federal Contract Tower,0,20,2,0,22,0,62,12,0,74,0,82,14,0,96,0,0,0,96
07/10/2006,MKK,HI,AWP,WE,Federal Contract Tower,0,29,1,2,32,0,77,9,2,88,0,106,10,4,120,0,16,16,136
07/11/2006,MKK,HI,AWP,WE,Federal Contract Tower,0,27,2,0,29,0,49,16,0,65,0,76,18,0,94,8,0,8,102
07/12/2006,MKK,HI,AWP,WE,Federal Contract Tower,0,25,0,3,28,0,35,22,1,58,0,60,22,4,86,0,0,0,86
07/13/2006,MKK,HI,AWP,WE,Federal Contract Tower,0,26,3,0,29,0,63,16,1,80,0,89,19,1,109,0,0,0,109
07/14/2006,MKK,HI,AWP,WE,Federal Contract Tower,0,30,2,0,32,0,70,25,3,98,0,100,27,3,130,0,0,0,130
07/15/2006,MKK,HI,AWP,WE,Federal Contract Tower,0,24,0,0,24,0,67,12,0,79,0,91,12,0,103,4,0,4,107
07/16/2006,MKK,HI,AWP,WE,Federal Contract Tower,0,23,0,0,23,0,64,31,0,95,0,87,31,0,118,6,0,6,124
07/17/2006,MKK,HI,AWP,WE,Federal Contract Tower,0,26,0,0,26,0,59,12,6,77,0,85,12,6,103,0,2,2,105
07/18/2006,MKK,HI,AWP,WE,Federal Contract Tower,0,25,1,3,29,0,48,8,3,59,0,73,9,6,88,0,4,4,92
07/19/2006,MKK,HI,AWP,WE,Federal Contract Tower,0,21,2,4,27,0,47,10,0,57,0,68,12,4,84,0,0,0,84
07/20/2006,MKK,HI,AWP,WE,Federal Contract Tower,0,29,0,0,29,0,54,33,5,92,0,83,33,5,121,10,8,18,139
07/21/2006,MKK,HI,AWP,WE,Federal Contract Tower,0,27,0,0,27,0,76,20,2,98,0,103,20,2,125,0,0,0,125
07/22/2006,MKK,HI,AWP,WE,Federal Contract Tower,0,23,0,0,23,0,42,25,7,74,0,65,25,7,97,0,0,0,97
07/23/2006,MKK,HI,AWP,WE,Federal Contract Tower,0,22,2,0,24,0,49,18,7,74,0,71,20,7,98,4,0,4,102
07/24/2006,MKK,HI,AWP,WE,Federal Contract Tower,0,28,3,1,32,0,62,11,3,76,0,90,14,4,108,6,6,12,120
07/25/2006,MKK,HI,AWP,WE,Federal Contract Tower,0,28,2,0,30,0,36,12,0,48,0,64,14,0,78,14,0,14,92
07/26/2006,MKK,HI,AWP,WE,Federal Contract Tower,0,25,0,0,25,0,41,10,6,57,0,66,10,6,82,12,10,22,104
07/27/2006,MKK,HI,AWP,WE,Federal Contract Tower,0,26,0,0,26,0,60,18,0,78,0,86,18,0,104,0,0,0,104
07/28/2006,MKK,HI,AWP,WE,Federal Contract Tower,0,32,0,0,32,0,40,7,5,52,0,72,7,5,84,0,0,0,84
07/29/2006,MKK,HI,AWP,WE,Federal Contract Tower,0,27,0,0,27,0,42,7,15,64,0,69,7,15,91,0,0,0,91
07/30/2006,MKK,HI,AWP,WE,Federal Contract Tower,0,22,2,0,24,0,45,18,0,63,0,67,20,0,87,4,0,4,91
07/31/2006,MKK,HI,AWP,WE,Federal Contract Tower,0,28,0,0,28,0,39,14,0,53,0,67,14,0,81,6,0,6,87
08/01/2006,MKK,HI,AWP,WE,Federal Contract Tower,0,26,0,0,26,0,54,11,0,65,0,80,11,0,91,0,0,0,91
08/02/2006,MKK,HI,AWP,WE,Federal Contract Tower,0,24,4,0,28,0,43,24,2,69,0,67,28,2,97,6,0,6,103
08/03/2006,MKK,HI,AWP,WE,Federal Contract Tower,0,26,1,2,29,0,49,13,2,64,0,75,14,4,93,0,0,0,93
08/04/2006,MKK,HI,AWP,WE,Federal Contract Tower,0,24,0,0,24,0,64,12,0,76,0,88,12,0,100,0,0,0,100
08/05/2006,MKK,HI,AWP,WE,Federal Contract Tower,0,24,2,0,26,0,78,18,6,102,0,102,20,6,128,0,0,0,128
08/06/2006,MKK,HI,AWP,WE,Federal Contract Tower,0,23,0,0,23,0,55,18,0,73,0,78,18,0,96,0,0,0,96
08/07/2006,MKK,HI,AWP,WE,Federal Contract Tower,0,30,2,2,34,0,60,14,0,74,0,90,16,2,108,8,0,8,116
08/08/2006,MKK,HI,AWP,WE,Federal Contract Tower,0,24,0,2,26,0,67,12,1,80,0,91,12,3,106,0,0,0,106
08/09/2006,MKK,HI,AWP,WE,Federal Contract Tower,0,27,0,2,29,0,42,31,5,78,0,69,31,7,107,34,8,42,149
08/10/2006,MKK,HI,AWP,WE,Federal Contract Tower,0,26,3,0,29,0,52,22,4,78,0,78,25,4,107,10,0,10,117
08/11/2006,MKK,HI,AWP,WE,Federal Contract Tower,0,27,0,2,29,0,61,28,0,89,0,88,28,2,118,10,0,10,128
08/12/2006,MKK,HI,AWP,WE,Federal Contract Tower,0,28,0,0,28,0,46,30,4,80,0,74,30,4,108,18,0,18,126
08/13/2006,MKK,HI,AWP,WE,Federal Contract Tower,0,22,1,0,23,0,66,21,4,91,0,88,22,4,114,22,0,22,136
08/14/2006,MKK,HI,AWP,WE,Federal Contract Tower,0,27,0,0,27,0,65,12,0,77,0,92,12,0,104,2,0,2,106
08/15/2006,MKK,HI,AWP,WE,Federal Contract Tower,0,27,2,2,31,0,49,16,0,65,0,76,18,2,96,6,0,6,102
08/16/2006,MKK,HI,AWP,WE,Federal Contract Tower,0,26,3,0,29,0,32,29,0,61,0,58,32,0,90,4,0,4,94
08/17/2006,MKK,HI,AWP,WE,Federal Contract Tower,0,26,3,0,29,0,64,26,2,92,0,90,29,2,121,6,0,6,127
08/18/2006,MKK,HI,AWP,WE,Federal Contract Tower,0,26,0,0,26,0,72,12,3,87,0,98,12,3,113,0,0,0,113
08/19/2006,MKK,HI,AWP,WE,Federal Contract Tower,0,22,0,0,22,0,36,20,0,56,0,58,20,0,78,4,0,4,82
08/20/2006,MKK,HI,AWP,WE,Federal Contract Tower,0,23,0,0,23,0,62,15,0,77,0,85,15,0,100,6,0,6,106
08/21/2006,MKK,HI,AWP,WE,Federal Contract Tower,0,26,0,0,26,0,52,15,2,69,0,78,15,2,95,0,4,4,99
08/22/2006,MKK,HI,AWP,WE,Federal Contract Tower,0,22,0,2,24,0,44,18,0,62,0,66,18,2,86,8,0,8,94
08/23/2006,MKK,HI,AWP,WE,Federal Contract Tower,0,26,0,0,26,0,32,21,0,53,0,58,21,0,79,2,0,2,81
08/24/2006,MKK,HI,AWP,WE,Federal Contract Tower,0,26,0,2,28,0,42,37,0,79,0,68,37,2,107,4,0,4,111
08/25/2006,MKK,HI,AWP,WE,Federal Contract Tower,0,26,0,1,27,0,52,23,6,81,0,78,23,7,108,4,0,4,112
08/26/2006,MKK,HI,AWP,WE,Federal Contract Tower,0,25,2,0,27,0,43,16,3,62,0,68,18,3,89,8,0,8,97
08/27/2006,MKK,HI,AWP,WE,Federal Contract Tower,0,22,2,0,24,0,43,26,2,71,0,65,28,2,95,2,0,2,97
08/28/2006,MKK,HI,AWP,WE,Federal Contract Tower,0,29,0,2,31,0,62,10,0,72,0,91,10,2,103,0,0,0,103
08/29/2006,MKK,HI,AWP,WE,Federal Contract Tower,0,25,0,0,25,0,35,18,14,67,0,60,18,14,92,0,12,12,104
08/30/2006,MKK,HI,AWP,WE,Federal Contract Tower,0,25,0,2,27,0,43,12,0,55,0,68,12,2,82,0,0,0,82
08/31/2006,MKK,HI,AWP,WE,Federal Contract Tower,0,29,0,0,29,0,49,17,10,76,0,78,17,10,105,18,0,18,123
09/01/2006,MKK,HI,AWP,WE,Federal Contract Tower,0,28,4,2,34,0,78,26,6,110,0,106,30,8,144,0,0,0,144
09/02/2006,MKK,HI,AWP,WE,Federal Contract Tower,0,22,6,0,28,0,53,23,10,86,0,75,29,10,114,28,0,28,142
09/03/2006,MKK,HI,AWP,WE,Federal Contract Tower,0,22,0,0,22,0,39,12,6,57,0,61,12,6,79,0,0,0,79
09/04/2006,MKK,HI,AWP,WE,Federal Contract Tower,0,22,0,0,22,0,70,18,2,90,0,92,18,2,112,6,0,6,118
09/05/2006,MKK,HI,AWP,WE,Federal Contract Tower,0,24,0,0,24,0,43,17,0,60,0,67,17,0,84,0,0,0,84
09/06/2006,MKK,HI,AWP,WE,Federal Contract Tower,0,25,1,0,26,0,36,17,1,54,0,61,18,1,80,0,0,0,80
09/07/2006,MKK,HI,AWP,WE,Federal Contract Tower,0,22,0,4,26,0,44,14,12,70,0,66,14,16,96,2,8,10,106
09/08/2006,MKK,HI,AWP,WE,Federal Contract Tower,0,22,0,0,22,0,69,17,4,90,0,91,17,4,112,2,0,2,114
09/09/2006,MKK,HI,AWP,WE,Federal Contract Tower,0,22,0,0,22,0,47,17,0,64,0,69,17,0,86,2,0,2,88
09/10/2006,MKK,HI,AWP,WE,Federal Contract Tower,0,22,2,0,24,0,48,26,0,74,0,70,28,0,98,16,0,16,114
09/11/2006,MKK,HI,AWP,WE,Federal Contract Tower,0,28,0,0,28,0,40,15,2,57,0,68,15,2,85,10,0,10,95
09/12/2006,MKK,HI,AWP,WE,Federal Contract Tower,0,22,2,2,26,0,34,24,0,58,0,56,26,2,84,30,0,30,114
09/13/2006,MKK,HI,AWP,WE,Federal Contract Tower,0,22,0,0,22,0,30,30,2,62,0,52,30,2,84,4,0,4,88
09/14/2006,MKK,HI,AWP,WE,Federal Contract Tower,0,23,1,2,26,0,36,32,2,70,0,59,33,4,96,0,0,0,96
09/15/2006,MKK,HI,AWP,WE,Federal Contract Tower,0,24,3,0,27,0,63,23,3,89,0,87,26,3,116,12,0,12,128
09/16/2006,MKK,HI,AWP,WE,Federal Contract Tower,0,20,0,0,20,0,51,32,0,83,0,71,32,0,103,10,0,10,113
09/17/2006,MKK,HI,AWP,WE,Federal Contract Tower,0,19,0,0,19,0,55,22,0,77,0,74,22,0,96,0,0,0,96
09/18/2006,MKK,HI,AWP,WE,Federal Contract Tower,0,26,0,0,26,0,42,9,0,51,0,68,9,0,77,0,0,0,77
09/19/2006,MKK,HI,AWP,WE,Federal Contract Tower,0,22,1,0,23,0,38,15,0,53,0,60,16,0,76,0,0,0,76
09/20/2006,MKK,HI,AWP,WE,Federal Contract Tower,0,23,0,0,23,0,39,17,0,56,0,62,17,0,79,10,0,10,89
09/21/2006,MKK,HI,AWP,WE,Federal Contract Tower,0,23,1,2,26,0,51,18,0,69,0,74,19,2,95,14,2,16,111
09/22/2006,MKK,HI,AWP,WE,Federal Contract Tower,0,27,1,0,28,0,131,22,0,153,0,158,23,0,181,10,0,10,191
09/23/2006,MKK,HI,AWP,WE,Federal Contract Tower,0,22,3,4,29,0,72,25,17,114,0,94,28,21,143,14,4,18,161
09/24/2006,MKK,HI,AWP,WE,Federal Contract Tower,0,20,0,0,20,0,56,28,4,88,0,76,28,4,108,0,0,0,108
09/25/2006,MKK,HI,AWP,WE,Federal Contract Tower,0,24,3,1,28,0,50,16,5,71,0,74,19,6,99,32,0,32,131
09/26/2006,MKK,HI,AWP,WE,Federal Contract Tower,0,23,0,2,25,0,50,10,0,60,0,73,10,2,85,56,0,56,141
09/27/2006,MKK,HI,AWP,WE,Federal Contract Tower,0,24,1,0,25,0,50,13,0,63,0,74,14,0,88,12,0,12,100
09/28/2006,MKK,HI,AWP,WE,Federal Contract Tower,0,26,0,0,26,0,70,20,2,92,0,96,20,2,118,34,0,34,152
09/29/2006,MKK,HI,AWP,WE,Federal Contract Tower,0,28,4,0,32,0,54,42,7,103,0,82,46,7,135,88,0,88,223
09/30/2006,MKK,HI,AWP,WE,Federal Contract Tower,0,20,5,0,25,0,56,16,0,72,0,76,21,0,97,80,0,80,177
10/01/2006,MKK,HI,AWP,WE,Federal Contract Tower,0,28,3,0,31,0,41,8,0,49,0,69,11,0,80,52,0,52,132
10/02/2006,MKK,HI,AWP,WE,Federal Contract Tower,0,27,1,0,28,0,49,18,6,73,0,76,19,6,101,100,0,100,201
10/03/2006,MKK,HI,AWP,WE,Federal Contract Tower,0,22,1,0,23,0,32,22,4,58,0,54,23,4,81,6,0,6,87
10/04/2006,MKK,HI,AWP,WE,Federal Contract Tower,0,23,2,2,27,0,45,15,0,60,0,68,17,2,87,0,0,0,87
10/05/2006,MKK,HI,AWP,WE,Federal Contract Tower,0,25,2,0,27,0,59,20,0,79,0,84,22,0,106,8,0,8,114
10/06/2006,MKK,HI,AWP,WE,Federal Contract Tower,0,29,3,0,32,0,94,30,11,135,0,123,33,11,167,4,0,4,171
10/07/2006,MKK,HI,AWP,WE,Federal Contract Tower,0,34,0,0,34,0,84,22,0,106,0,118,22,0,140,4,0,4,144
10/08/2006,MKK,HI,AWP,WE,Federal Contract Tower,0,22,4,0,26,0,59,37,0,96,0,81,41,0,122,6,0,6,128
10/09/2006,MKK,HI,AWP,WE,Federal Contract Tower,0,26,3,0,29,0,32,15,0,47,0,58,18,0,76,0,0,0,76
10/10/2006,MKK,HI,AWP,WE,Federal Contract Tower,0,28,1,0,29,0,34,11,0,45,0,62,12,0,74,4,0,4,78
10/11/2006,MKK,HI,AWP,WE,Federal Contract Tower,0,25,0,0,25,0,29,28,0,57,0,54,28,0,82,0,0,0,82
10/12/2006,MKK,HI,AWP,WE,Federal Contract Tower,0,25,2,6,33,0,32,24,0,56,0,57,26,6,89,0,0,0,89
10/13/2006,MKK,HI,AWP,WE,Federal Contract Tower,0,24,1,2,27,0,51,22,0,73,0,75,23,2,100,12,0,12,112
10/14/2006,MKK,HI,AWP,WE,Federal Contract Tower,0,24,3,2,29,0,43,15,4,62,0,67,18,6,91,10,0,10,101
10/15/2006,MKK,HI,AWP,WE,Federal Contract Tower,0,20,0,0,20,0,15,2,0,17,0,35,2,0,37,54,0,54,91
10/16/2006,MKK,HI,AWP,WE,Federal Contract Tower,0,37,1,0,38,0,11,4,0,15,0,48,5,0,53,0,0,0,53
10/17/2006,MKK,HI,AWP,WE,Federal Contract Tower,0,26,4,0,30,0,40,16,0,56,0,66,20,0,86,36,0,36,122
10/18/2006,MKK,HI,AWP,WE,Federal Contract Tower,0,22,0,0,22,0,46,10,8,64,0,68,10,8,86,0,0,0,86
10/19/2006,MKK,HI,AWP,WE,Federal Contract Tower,0,25,0,2,27,0,53,16,2,71,0,78,16,4,98,0,0,0,98
10/20/2006,MKK,HI,AWP,WE,Federal Contract Tower,0,28,0,2,30,0,64,18,0,82,0,92,18,2,112,0,0,0,112
10/21/2006,MKK,HI,AWP,WE,Federal Contract Tower,0,23,3,1,27,0,46,15,5,66,0,69,18,6,93,0,0,0,93
10/22/2006,MKK,HI,AWP,WE,Federal Contract Tower,0,22,2,0,24,0,45,19,0,64,0,67,21,0,88,30,0,30,118
10/23/2006,MKK,HI,AWP,WE,Federal Contract Tower,0,26,1,0,27,0,28,19,5,52,0,54,20,5,79,2,0,2,81
10/24/2006,MKK,HI,AWP,WE,Federal Contract Tower,0,27,0,2,29,0,41,15,0,56,0,68,15,2,85,8,0,8,93
10/25/2006,MKK,HI,AWP,WE,Federal Contract Tower,0,21,8,0,29,0,27,15,0,42,0,48,23,0,71,0,0,0,71
10/26/2006,MKK,HI,AWP,WE,Federal Contract Tower,0,23,2,4,29,0,44,16,6,66,0,67,18,10,95,0,26,26,121
10/27/2006,MKK,HI,AWP,WE,Federal Contract Tower,0,25,1,0,26,0,78,22,0,100,0,103,23,0,126,0,0,0,126
10/28/2006,MKK,HI,AWP,WE,Federal Contract Tower,0,20,0,0,20,0,40,47,8,95,0,60,47,8,115,6,0,6,121
10/29/2006,MKK,HI,AWP,WE,Federal Contract Tower,0,20,0,0,20,0,43,15,0,58,0,63,15,0,78,0,0,0,78
10/30/2006,MKK,HI,AWP,WE,Federal Contract Tower,0,27,1,0,28,0,47,7,0,54,0,74,8,0,82,0,0,0,82
10/31/2006,MKK,HI,AWP,WE,Federal Contract Tower,0,22,1,4,27,0,31,20,9,60,0,53,21,13,87,2,0,2,89
11/01/2006,MKK,HI,AWP,WE,Federal Contract Tower,0,24,2,0,26,0,18,1,1,20,0,42,3,1,46,0,0,0,46
11/02/2006,MKK,HI,AWP,WE,Federal Contract Tower,0,29,6,0,35,0,19,4,0,23,0,48,10,0,58,0,0,0,58
11/03/2006,MKK,HI,AWP,WE,Federal Contract Tower,0,28,1,2,31,0,65,22,8,95,0,93,23,10,126,32,10,42,168
11/04/2006,MKK,HI,AWP,WE,Federal Contract Tower,0,21,3,0,24,0,50,34,0,84,0,71,37,0,108,4,0,4,112
11/05/2006,MKK,HI,AWP,WE,Federal Contract Tower,0,18,2,2,22,0,53,18,0,71,0,71,20,2,93,0,0,0,93
11/06/2006,MKK,HI,AWP,WE,Federal Contract Tower,0,22,3,0,25,0,48,11,0,59,0,70,14,0,84,0,0,0,84
11/07/2006,MKK,HI,AWP,WE,Federal Contract Tower,0,19,0,3,22,0,43,10,5,58,0,62,10,8,80,2,4,6,86
11/08/2006,MKK,HI,AWP,WE,Federal Contract Tower,0,19,4,0,23,0,55,24,4,83,0,74,28,4,106,0,0,0,106
11/09/2006,MKK,HI,AWP,WE,Federal Contract Tower,0,25,0,0,25,0,67,26,0,93,0,92,26,0,118,0,0,0,118
11/10/2006,MKK,HI,AWP,WE,Federal Contract Tower,0,23,2,0,25,0,58,32,0,90,0,81,34,0,115,2,0,2,117
11/11/2006,MKK,HI,AWP,WE,Federal Contract Tower,0,19,2,0,21,0,37,30,4,71,0,56,32,4,92,36,0,36,128
11/12/2006,MKK,HI,AWP,WE,Federal Contract Tower,0,21,4,0,25,0,59,18,0,77,0,80,22,0,102,6,0,6,108
11/13/2006,MKK,HI,AWP,WE,Federal Contract Tower,0,26,0,0,26,0,54,26,0,80,0,80,26,0,106,34,0,34,140
11/14/2006,MKK,HI,AWP,WE,Federal Contract Tower,0,16,0,1,17,0,16,22,1,39,0,32,22,2,56,12,0,12,68
11/15/2006,MKK,HI,AWP,WE,Federal Contract Tower,0,25,4,2,31,0,55,10,4,69,0,80,14,6,100,2,0,2,102
11/16/2006,MKK,HI,AWP,WE,Federal Contract Tower,0,22,1,0,23,0,50,24,2,76,0,72,25,2,99,14,0,14,113
11/17/2006,MKK,HI,AWP,WE,Federal Contract Tower,0,24,4,0,28,0,81,34,5,120,0,105,38,5,148,0,0,0,148
11/18/2006,MKK,HI,AWP,WE,Federal Contract Tower,0,20,4,0,24,0,36,30,10,76,0,56,34,10,100,18,0,18,118
11/19/2006,MKK,HI,AWP,WE,Federal Contract Tower,0,18,4,0,22,0,43,23,4,70,0,61,27,4,92,2,0,2,94
11/20/2006,MKK,HI,AWP,WE,Federal Contract Tower,0,22,1,1,24,0,55,8,5,68,0,77,9,6,92,0,0,0,92
11/21/2006,MKK,HI,AWP,WE,Federal Contract Tower,0,20,0,2,22,0,35,5,3,43,0,55,5,5,65,0,4,4,69
11/22/2006,MKK,HI,AWP,WE,Federal Contract Tower,0,23,0,0,23,0,74,34,4,112,0,97,34,4,135,0,0,0,135
11/23/2006,MKK,HI,AWP,WE,Federal Contract Tower,0,21,0,0,21,0,30,7,1,38,0,51,7,1,59,0,0,0,59
11/24/2006,MKK,HI,AWP,WE,Federal Contract Tower,0,27,0,0,27,0,56,30,2,88,0,83,30,2,115,2,0,2,117
11/25/2006,MKK,HI,AWP,WE,Federal Contract Tower,0,22,0,0,22,0,43,29,2,74,0,65,29,2,96,8,0,8,104
11/26/2006,MKK,HI,AWP,WE,Federal Contract Tower,0,20,0,0,20,0,49,28,0,77,0,69,28,0,97,2,0,2,99
11/27/2006,MKK,HI,AWP,WE,Federal Contract Tower,0,20,0,4,24,0,54,10,0,64,0,74,10,4,88,2,0,2,90
11/28/2006,MKK,HI,AWP,WE,Federal Contract Tower,0,26,2,1,29,0,37,19,4,60,0,63,21,5,89,0,0,0,89
11/29/2006,MKK,HI,AWP,WE,Federal Contract Tower,0,31,1,2,34,0,41,10,0,51,0,72,11,2,85,0,0,0,85
11/30/2006,MKK,HI,AWP,WE,Federal Contract Tower,0,25,4,4,33,0,53,32,2,87,0,78,36,6,120,2,4,6,126
12/01/2006,MKK,HI,AWP,WE,Federal Contract Tower,0,27,4,3,34,0,51,25,0,76,0,78,29,3,110,0,0,0,110
12/02/2006,MKK,HI,AWP,WE,Federal Contract Tower,0,27,4,0,31,0,29,5,0,34,0,56,9,0,65,0,0,0,65
12/03/2006,MKK,HI,AWP,WE,Federal Contract Tower,0,21,0,0,21,0,42,10,0,52,0,63,10,0,73,4,0,4,77
12/04/2006,MKK,HI,AWP,WE,Federal Contract Tower,0,24,5,0,29,0,59,21,4,84,0,83,26,4,113,2,0,2,115
12/05/2006,MKK,HI,AWP,WE,Federal Contract Tower,0,23,0,4,27,0,38,15,4,57,0,61,15,8,84,6,14,20,104
12/06/2006,MKK,HI,AWP,WE,Federal Contract Tower,0,23,1,4,28,0,44,19,4,67,0,67,20,8,95,4,0,4,99
12/07/2006,MKK,HI,AWP,WE,Federal Contract Tower,0,30,1,2,33,0,31,19,0,50,0,61,20,2,83,0,0,0,83
12/08/2006,MKK,HI,AWP,WE,Federal Contract Tower,0,26,3,1,30,0,50,21,4,75,0,76,24,5,105,2,0,2,107
12/09/2006,MKK,HI,AWP,WE,Federal Contract Tower,0,26,1,0,27,0,48,23,4,75,0,74,24,4,102,2,0,2,104
12/10/2006,MKK,HI,AWP,WE,Federal Contract Tower,0,22,0,0,22,0,46,22,0,68,0,68,22,0,90,6,0,6,96
12/11/2006,MKK,HI,AWP,WE,Federal Contract Tower,0,24,4,2,30,0,64,20,2,86,0,88,24,4,116,10,2,12,128
12/12/2006,MKK,HI,AWP,WE,Federal Contract Tower,0,24,0,1,25,0,37,25,7,69,0,61,25,8,94,4,8,12,106
12/13/2006,MKK,HI,AWP,WE,Federal Contract Tower,0,23,1,0,24,0,28,19,2,49,0,51,20,2,73,20,16,36,109
12/14/2006,MKK,HI,AWP,WE,Federal Contract Tower,0,21,0,0,21,0,42,15,6,63,0,63,15,6,84,0,0,0,84
12/15/2006,MKK,HI,AWP,WE,Federal Contract Tower,0,26,3,0,29,0,68,11,0,79,0,94,14,0,108,0,0,0,108
12/16/2006,MKK,HI,AWP,WE,Federal Contract Tower,0,27,0,0,27,0,51,21,6,78,0,78,21,6,105,0,0,0,105
12/17/2006,MKK,HI,AWP,WE,Federal Contract Tower,0,21,0,0,21,0,53,22,4,79,0,74,22,4,100,2,0,2,102
12/18/2006,MKK,HI,AWP,WE,Federal Contract Tower,0,27,6,2,35,0,60,21,0,81,0,87,27,2,116,10,2,12,128
12/19/2006,MKK,HI,AWP,WE,Federal Contract Tower,0,24,4,0,28,0,47,18,2,67,0,71,22,2,95,7,0,7,102
12/20/2006,MKK,HI,AWP,WE,Federal Contract Tower,0,25,2,0,27,0,36,23,4,63,0,61,25,4,90,4,10,14,104
12/21/2006,MKK,HI,AWP,WE,Federal Contract Tower,0,25,2,0,27,0,46,23,2,71,0,71,25,2,98,10,0,10,108
12/22/2006,MKK,HI,AWP,WE,Federal Contract Tower,0,26,0,0,26,0,53,32,0,85,0,79,32,0,111,14,0,14,125
12/23/2006,MKK,HI,AWP,WE,Federal Contract Tower,0,28,3,0,31,0,59,20,0,79,0,87,23,0,110,10,0,10,120
12/24/2006,MKK,HI,AWP,WE,Federal Contract Tower,0,20,4,0,24,0,24,27,0,51,0,44,31,0,75,0,0,0,75
12/25/2006,MKK,HI,AWP,WE,Federal Contract Tower,0,18,0,0,18,0,19,23,0,42,0,37,23,0,60,0,0,0,60
12/26/2006,MKK,HI,AWP,WE,Federal Contract Tower,0,24,1,0,25,0,64,22,0,86,0,88,23,0,111,4,0,4,115
12/27/2006,MKK,HI,AWP,WE,Federal Contract Tower,0,25,1,0,26,0,67,48,4,119,0,92,49,4,145,8,0,8,153
12/28/2006,MKK,HI,AWP,WE,Federal Contract Tower,0,31,0,0,31,0,48,2,0,50,0,79,2,0,81,0,0,0,81
12/29/2006,MKK,HI,AWP,WE,Federal Contract Tower,0,29,2,0,31,0,53,24,0,77,0,82,26,0,108,14,0,14,122
12/30/2006,MKK,HI,AWP,WE,Federal Contract Tower,0,21,3,0,24,0,51,28,0,79,0,72,31,0,103,0,0,0,103
12/31/2006,MKK,HI,AWP,WE,Federal Contract Tower,0,19,0,0,19,0,50,24,0,74,0,69,24,0,93,6,0,6,99
01/01/2007,MKK,HI,AWP,WE,Federal Contract Tower,0,19,0,0,19,0,32,17,0,49,0,51,17,0,68,0,0,0,68
01/02/2007,MKK,HI,AWP,WE,Federal Contract Tower,0,24,0,0,24,0,62,27,0,89,0,86,27,0,113,2,0,2,115
01/03/2007,MKK,HI,AWP,WE,Federal Contract Tower,0,21,1,2,24,0,30,13,0,43,0,51,14,2,67,4,0,4,71
01/04/2007,MKK,HI,AWP,WE,Federal Contract Tower,0,22,2,8,32,0,48,21,0,69,0,70,23,8,101,6,0,6,107
01/05/2007,MKK,HI,AWP,WE,Federal Contract Tower,0,28,2,0,30,0,53,16,0,69,0,81,18,0,99,32,0,32,131
01/06/2007,MKK,HI,AWP,WE,Federal Contract Tower,0,27,2,0,29,0,51,18,0,69,0,78,20,0,98,6,0,6,104
01/07/2007,MKK,HI,AWP,WE,Federal Contract Tower,0,21,2,0,23,0,45,19,0,64,0,66,21,0,87,0,0,0,87
01/08/2007,MKK,HI,AWP,WE,Federal Contract Tower,0,20,5,0,25,0,38,7,0,45,0,58,12,0,70,0,0,0,70
01/09/2007,MKK,HI,AWP,WE,Federal Contract Tower,0,29,0,0,29,0,41,11,0,52,0,70,11,0,81,6,0,6,87
01/10/2007,MKK,HI,AWP,WE,Federal Contract Tower,0,23,3,0,26,0,45,26,8,79,0,68,29,8,105,2,10,12,117
01/11/2007,MKK,HI,AWP,WE,Federal Contract Tower,0,30,2,2,34,0,46,27,2,75,0,76,29,4,109,34,0,34,143
01/12/2007,MKK,HI,AWP,WE,Federal Contract Tower,0,24,2,6,32,0,56,35,6,97,0,80,37,12,129,6,0,6,135
01/13/2007,MKK,HI,AWP,WE,Federal Contract Tower,0,28,1,0,29,0,29,27,6,62,0,57,28,6,91,6,6,12,103
01/14/2007,MKK,HI,AWP,WE,Federal Contract Tower,0,19,2,0,21,0,44,22,0,66,0,63,24,0,87,8,0,8,95
01/15/2007,MKK,HI,AWP,WE,Federal Contract Tower,0,14,3,0,17,0,50,27,0,77,0,64,30,0,94,6,0,6,100
01/16/2007,MKK,HI,AWP,WE,Federal Contract Tower,0,19,0,3,22,0,39,15,5,59,0,58,15,8,81,2,0,2,83
01/17/2007,MKK,HI,AWP,WE,Federal Contract Tower,0,22,2,0,24,0,62,22,2,86,0,84,24,2,110,10,8,18,128
01/18/2007,MKK,HI,AWP,WE,Federal Contract Tower,0,22,0,0,22,0,48,19,5,72,0,70,19,5,94,10,2,12,106
01/19/2007,MKK,HI,AWP,WE,Federal Contract Tower,0,19,3,0,22,0,47,25,2,74,0,66,28,2,96,10,0,10,106
01/20/2007,MKK,HI,AWP,WE,Federal Contract Tower,0,25,2,0,27,0,63,46,2,111,0,88,48,2,138,6,0,6,144
01/21/2007,MKK,HI,AWP,WE,Federal Contract Tower,0,19,0,0,19,0,39,18,0,57,0,58,18,0,76,6,0,6,82
01/22/2007,MKK,HI,AWP,WE,Federal Contract Tower,0,23,3,0,26,0,56,28,0,84,0,79,31,0,110,8,0,8,118
01/23/2007,MKK,HI,AWP,WE,Federal Contract Tower,0,19,0,2,21,0,40,16,4,60,0,59,16,6,81,10,0,10,91
01/24/2007,MKK,HI,AWP,WE,Federal Contract Tower,0,21,0,1,22,0,31,19,3,53,0,52,19,4,75,0,6,6,81
01/25/2007,MKK,HI,AWP,WE,Federal Contract Tower,0,26,0,5,31,0,44,23,10,77,0,70,23,15,108,18,18,36,144
01/26/2007,MKK,HI,AWP,WE,Federal Contract Tower,0,20,1,0,21,0,72,26,0,98,0,92,27,0,119,0,0,0,119
01/27/2007,MKK,HI,AWP,WE,Federal Contract Tower,0,21,0,0,21,0,50,24,0,74,0,71,24,0,95,32,0,32,127
01/28/2007,MKK,HI,AWP,WE,Federal Contract Tower,0,25,1,0,26,0,50,27,0,77,0,75,28,0,103,8,0,8,111
01/29/2007,MKK,HI,AWP,WE,Federal Contract Tower,0,20,1,0,21,0,51,10,0,61,0,71,11,0,82,0,0,0,82
01/30/2007,MKK,HI,AWP,WE,Federal Contract Tower,0,21,4,0,25,0,33,8,0,41,0,54,12,0,66,0,0,0,66
01/31/2007,MKK,HI,AWP,WE,Federal Contract Tower,0,19,0,0,19,0,31,12,0,43,0,50,12,0,62,0,0,0,62
02/01/2007,MKK,HI,AWP,WE,Federal Contract Tower,0,30,0,0,30,0,28,0,0,28,0,58,0,0,58,0,0,0,58
02/02/2007,MKK,HI,AWP,WE,Federal Contract Tower,0,24,0,0,24,0,54,14,2,70,0,78,14,2,94,0,0,0,94
02/03/2007,MKK,HI,AWP,WE,Federal Contract Tower,0,18,5,0,23,0,62,20,18,100,0,80,25,18,123,0,0,0,123
02/04/2007,MKK,HI,AWP,WE,Federal Contract Tower,0,17,2,0,19,0,42,21,0,63,0,59,23,0,82,6,0,6,88
02/05/2007,MKK,HI,AWP,WE,Federal Contract Tower,0,22,2,0,24,0,54,16,0,70,0,76,18,0,94,0,0,0,94
02/06/2007,MKK,HI,AWP,WE,Federal Contract Tower,0,22,2,0,24,0,46,15,0,61,0,68,17,0,85,0,0,0,85
02/07/2007,MKK,HI,AWP,WE,Federal Contract Tower,0,15,2,2,19,0,51,7,2,60,0,66,9,4,79,0,0,0,79
02/08/2007,MKK,HI,AWP,WE,Federal Contract Tower,0,28,1,1,30,0,47,7,1,55,0,75,8,2,85,0,0,0,85
02/09/2007,MKK,HI,AWP,WE,Federal Contract Tower,0,28,2,2,32,0,71,18,12,101,0,99,20,14,133,0,0,0,133
02/10/2007,MKK,HI,AWP,WE,Federal Contract Tower,0,24,3,0,27,0,42,21,6,69,0,66,24,6,96,0,0,0,96
02/11/2007,MKK,HI,AWP,WE,Federal Contract Tower,0,18,0,0,18,0,57,27,0,84,0,75,27,0,102,6,0,6,108
02/12/2007,MKK,HI,AWP,WE,Federal Contract Tower,0,31,1,7,39,0,57,17,1,75,0,88,18,8,114,6,10,16,130
02/13/2007,MKK,HI,AWP,WE,Federal Contract Tower,0,18,0,1,19,0,55,14,5,74,0,73,14,6,93,0,0,0,93
02/14/2007,MKK,HI,AWP,WE,Federal Contract Tower,0,19,1,2,22,0,47,12,0,59,0,66,13,2,81,0,0,0,81
02/15/2007,MKK,HI,AWP,WE,Federal Contract Tower,0,30,1,2,33,0,61,22,6,89,0,91,23,8,122,0,0,0,122
02/16/2007,MKK,HI,AWP,WE,Federal Contract Tower,0,29,9,2,40,0,67,24,2,93,0,96,33,4,133,8,0,8,141
02/17/2007,MKK,HI,AWP,WE,Federal Contract Tower,0,24,3,0,27,0,56,24,0,80,0,80,27,0,107,0,0,0,107
02/18/2007,MKK,HI,AWP,WE,Federal Contract Tower,0,17,0,0,17,0,46,10,0,56,0,63,10,0,73,0,0,0,73
02/19/2007,MKK,HI,AWP,WE,Federal Contract Tower,0,20,4,2,26,0,68,11,2,81,0,88,15,4,107,0,0,0,107
02/20/2007,MKK,HI,AWP,WE,Federal Contract Tower,0,16,1,0,17,0,55,17,4,76,0,71,18,4,93,0,0,0,93
02/21/2007,MKK,HI,AWP,WE,Federal Contract Tower,0,20,2,2,24,0,56,16,4,76,0,76,18,6,100,2,4,6,106
02/22/2007,MKK,HI,AWP,WE,Federal Contract Tower,0,23,5,5,33,0,60,12,3,75,0,83,17,8,108,0,0,0,108
02/23/2007,MKK,HI,AWP,WE,Federal Contract Tower,0,27,0,0,27,0,60,17,2,79,0,87,17,2,106,0,0,0,106
02/24/2007,MKK,HI,AWP,WE,Federal Contract Tower,0,18,4,4,26,0,53,18,13,84,0,71,22,17,110,0,0,0,110
02/25/2007,MKK,HI,AWP,WE,Federal Contract Tower,0,19,2,0,21,0,42,12,2,56,0,61,14,2,77,0,0,0,77
02/26/2007,MKK,HI,AWP,WE,Federal Contract Tower,0,21,1,4,26,0,60,29,8,97,0,81,30,12,123,0,0,0,123
02/27/2007,MKK,HI,AWP,WE,Federal Contract Tower,0,17,0,0,17,0,45,13,2,60,0,62,13,2,77,0,0,0,77
02/28/2007,MKK,HI,AWP,WE,Federal Contract Tower,0,17,2,0,19,0,50,30,2,82,0,67,32,2,101,0,0,0,101
03/01/2007,MKK,HI,AWP,WE,Federal Contract Tower,0,20,0,0,20,0,44,11,6,61,0,64,11,6,81,8,0,8,89
03/02/2007,MKK,HI,AWP,WE,Federal Contract Tower,0,23,0,0,23,0,98,21,0,119,0,121,21,0,142,0,0,0,142
03/03/2007,MKK,HI,AWP,WE,Federal Contract Tower,0,22,2,4,28,0,41,43,0,84,0,63,45,4,112,8,0,8,120
03/04/2007,MKK,HI,AWP,WE,Federal Contract Tower,0,22,0,0,22,0,51,21,0,72,0,73,21,0,94,0,0,0,94
03/05/2007,MKK,HI,AWP,WE,Federal Contract Tower,0,22,1,0,23,0,48,12,0,60,0,70,13,0,83,0,0,0,83
03/06/2007,MKK,HI,AWP,WE,Federal Contract Tower,0,20,1,3,24,0,52,20,5,77,0,72,21,8,101,0,28,28,129
03/07/2007,MKK,HI,AWP,WE,Federal Contract Tower,0,18,0,0,18,0,62,21,2,85,0,80,21,2,103,0,0,0,103
03/08/2007,MKK,HI,AWP,WE,Federal Contract Tower,0,30,0,0,30,0,52,28,0,80,0,82,28,0,110,0,0,0,110
03/09/2007,MKK,HI,AWP,WE,Federal Contract Tower,0,28,0,0,28,0,57,29,0,86,0,85,29,0,114,0,0,0,114
03/10/2007,MKK,HI,AWP,WE,Federal Contract Tower,0,32,1,0,33,0,28,7,0,35,0,60,8,0,68,10,0,10,78
03/11/2007,MKK,HI,AWP,WE,Federal Contract Tower,0,16,2,0,18,0,43,30,0,73,0,59,32,0,91,0,0,0,91
03/12/2007,MKK,HI,AWP,WE,Federal Contract Tower,0,30,2,0,32,0,38,16,0,54,0,68,18,0,86,0,0,0,86
03/13/2007,MKK,HI,AWP,WE,Federal Contract Tower,0,23,0,0,23,0,22,5,0,27,0,45,5,0,50,0,0,0,50
03/14/2007,MKK,HI,AWP,WE,Federal Contract Tower,0,31,0,1,32,0,27,5,3,35,0,58,5,4,67,12,4,16,83
03/15/2007,MKK,HI,AWP,WE,Federal Contract Tower,0,35,0,1,36,0,44,11,5,60,0,79,11,6,96,0,16,16,112
03/16/2007,MKK,HI,AWP,WE,Federal Contract Tower,0,30,3,4,37,0,68,49,2,119,0,98,52,6,156,0,0,0,156
03/17/2007,MKK,HI,AWP,WE,Federal Contract Tower,0,25,2,0,27,0,40,37,0,77,0,65,39,0,104,8,0,8,112
03/18/2007,MKK,HI,AWP,WE,Federal Contract Tower,0,25,2,0,27,0,56,19,0,75,0,81,21,0,102,0,0,0,102
03/19/2007,MKK,HI,AWP,WE,Federal Contract Tower,0,21,1,0,22,0,61,22,6,89,0,82,23,6,111,0,0,0,111
03/20/2007,MKK,HI,AWP,WE,Federal Contract Tower,0,23,2,0,25,0,53,13,2,68,0,76,15,2,93,10,0,10,103
03/21/2007,MKK,HI,AWP,WE,Federal Contract Tower,0,22,0,0,22,0,82,12,0,94,0,104,12,0,116,0,0,0,116
03/22/2007,MKK,HI,AWP,WE,Federal Contract Tower,0,25,1,4,30,0,63,18,6,87,0,88,19,10,117,0,0,0,117
03/23/2007,MKK,HI,AWP,WE,Federal Contract Tower,0,27,0,0,27,0,87,29,0,116,0,114,29,0,143,0,0,0,143
03/24/2007,MKK,HI,AWP,WE,Federal Contract Tower,0,25,1,0,26,0,53,24,0,77,0,78,25,0,103,0,0,0,103
03/25/2007,MKK,HI,AWP,WE,Federal Contract Tower,0,23,1,0,24,0,42,24,0,66,0,65,25,0,90,8,0,8,98
03/26/2007,MKK,HI,AWP,WE,Federal Contract Tower,0,22,2,0,24,0,61,19,2,82,0,83,21,2,106,2,0,2,108
03/27/2007,MKK,HI,AWP,WE,Federal Contract Tower,0,23,3,0,26,0,38,24,2,64,0,61,27,2,90,0,0,0,90
03/28/2007,MKK,HI,AWP,WE,Federal Contract Tower,0,19,0,0,19,0,54,38,0,92,0,73,38,0,111,2,0,2,113
03/29/2007,MKK,HI,AWP,WE,Federal Contract Tower,0,21,0,0,21,0,63,42,0,105,0,84,42,0,126,22,0,22,148
03/30/2007,MKK,HI,AWP,WE,Federal Contract Tower,0,23,0,2,25,0,79,28,4,111,0,102,28,6,136,26,0,26,162
03/31/2007,MKK,HI,AWP,WE,Federal Contract Tower,0,22,4,0,26,0,38,13,2,53,0,60,17,2,79,4,0,4,83
04/01/2007,MKK,HI,AWP,WE,Federal Contract Tower,0,25,0,0,25,0,54,13,0,67,0,79,13,0,92,0,0,0,92
04/02/2007,MKK,HI,AWP,WE,Federal Contract Tower,0,18,5,0,23,0,46,18,0,64,0,64,23,0,87,6,0,6,93
04/03/2007,MKK,HI,AWP,WE,Federal Contract Tower,0,16,0,0,16,0,40,21,4,65,0,56,21,4,81,0,0,0,81
04/04/2007,MKK,HI,AWP,WE,Federal Contract Tower,0,17,0,4,21,0,33,23,0,56,0,50,23,4,77,0,6,6,83
04/05/2007,MKK,HI,AWP,WE,Federal Contract Tower,0,18,2,0,20,0,54,37,5,96,0,72,39,5,116,8,0,8,124
04/06/2007,MKK,HI,AWP,WE,Federal Contract Tower,0,18,0,0,18,0,58,48,2,108,0,76,48,2,126,8,0,8,134
04/07/2007,MKK,HI,AWP,WE,Federal Contract Tower,0,33,5,0,38,0,18,15,2,35,0,51,20,2,73,4,0,4,77
04/08/2007,MKK,HI,AWP,WE,Federal Contract Tower,0,17,0,0,17,0,27,27,4,58,0,44,27,4,75,0,0,0,75
04/09/2007,MKK,HI,AWP,WE,Federal Contract Tower,0,20,1,0,21,0,42,31,0,73,0,62,32,0,94,6,0,6,100
04/10/2007,MKK,HI,AWP,WE,Federal Contract Tower,0,18,1,0,19,0,30,22,0,52,0,48,23,0,71,0,0,0,71
04/11/2007,MKK,HI,AWP,WE,Federal Contract Tower,0,18,0,0,18,0,30,36,1,67,0,48,36,1,85,6,0,6,91
04/12/2007,MKK,HI,AWP,WE,Federal Contract Tower,0,26,3,0,29,0,42,15,5,62,0,68,18,5,91,0,0,0,91
04/13/2007,MKK,HI,AWP,WE,Federal Contract Tower,0,29,1,0,30,0,53,14,0,67,0,82,15,0,97,10,0,10,107
04/14/2007,MKK,HI,AWP,WE,Federal Contract Tower,0,23,1,2,26,0,30,20,9,59,0,53,21,11,85,4,6,10,95
04/15/2007,MKK,HI,AWP,WE,Federal Contract Tower,0,21,0,0,21,0,27,23,0,50,0,48,23,0,71,0,0,0,71
04/16/2007,MKK,HI,AWP,WE,Federal Contract Tower,0,27,3,0,30,0,41,24,0,65,0,68,27,0,95,4,0,4,99
04/17/2007,MKK,HI,AWP,WE,Federal Contract Tower,0,18,0,0,18,0,35,16,6,57,0,53,16,6,75,0,6,6,81
04/18/2007,MKK,HI,AWP,WE,Federal Contract Tower,0,17,0,0,17,0,35,22,0,57,0,52,22,0,74,0,0,0,74
04/19/2007,MKK,HI,AWP,WE,Federal Contract Tower,0,19,3,2,24,0,49,26,8,83,0,68,29,10,107,4,0,4,111
04/20/2007,MKK,HI,AWP,WE,Federal Contract Tower,0,24,2,0,26,0,68,35,0,103,0,92,37,0,129,0,0,0,129
04/21/2007,MKK,HI,AWP,WE,Federal Contract Tower,0,22,0,2,24,0,35,28,2,65,0,57,28,4,89,2,0,2,91
04/22/2007,MKK,HI,AWP,WE,Federal Contract Tower,0,23,0,0,23,0,48,17,0,65,0,71,17,0,88,4,0,4,92
04/23/2007,MKK,HI,AWP,WE,Federal Contract Tower,0,26,0,0,26,0,41,11,0,52,0,67,11,0,78,0,0,0,78
04/24/2007,MKK,HI,AWP,WE,Federal Contract Tower,0,17,4,0,21,0,42,6,0,48,0,59,10,0,69,0,0,0,69
04/25/2007,MKK,HI,AWP,WE,Federal Contract Tower,0,17,1,0,18,0,44,25,4,73,0,61,26,4,91,6,0,6,97
04/26/2007,MKK,HI,AWP,WE,Federal Contract Tower,0,26,0,4,30,0,46,35,1,82,0,72,35,5,112,2,0,2,114
04/27/2007,MKK,HI,AWP,WE,Federal Contract Tower,0,25,9,0,34,0,57,22,0,79,0,82,31,0,113,0,0,0,113
04/28/2007,MKK,HI,AWP,WE,Federal Contract Tower,0,27,0,0,27,0,34,40,0,74,0,61,40,0,101,14,0,14,115
04/29/2007,MKK,HI,AWP,WE,Federal Contract Tower,0,28,2,0,30,0,44,25,0,69,0,72,27,0,99,0,0,0,99
04/30/2007,MKK,HI,AWP,WE,Federal Contract Tower,0,24,4,1,29,0,48,25,3,76,0,72,29,4,105,10,0,10,115
05/01/2007,MKK,HI,AWP,WE,Federal Contract Tower,0,19,1,2,22,0,34,22,7,63,0,53,23,9,85,0,0,0,85
05/02/2007,MKK,HI,AWP,WE,Federal Contract Tower,0,22,1,0,23,0,39,20,2,61,0,61,21,2,84,28,0,28,112
05/03/2007,MKK,HI,AWP,WE,Federal Contract Tower,0,25,2,0,27,0,45,19,2,66,0,70,21,2,93,0,0,0,93
05/04/2007,MKK,HI,AWP,WE,Federal Contract Tower,0,21,1,0,22,0,55,29,0,84,0,76,30,0,106,0,0,0,106
05/05/2007,MKK,HI,AWP,WE,Federal Contract Tower,0,35,1,0,36,0,40,34,2,76,0,75,35,2,112,10,4,14,126
05/06/2007,MKK,HI,AWP,WE,Federal Contract Tower,0,18,0,0,18,0,46,16,0,62,0,64,16,0,80,0,0,0,80
05/07/2007,MKK,HI,AWP,WE,Federal Contract Tower,0,34,4,4,42,0,43,6,0,49,0,77,10,4,91,10,4,14,105
05/08/2007,MKK,HI,AWP,WE,Federal Contract Tower,0,17,1,0,18,0,45,14,0,59,0,62,15,0,77,2,0,2,79
05/09/2007,MKK,HI,AWP,WE,Federal Contract Tower,0,21,2,0,23,0,53,10,0,63,0,74,12,0,86,0,0,0,86
05/10/2007,MKK,HI,AWP,WE,Federal Contract Tower,0,20,0,0,20,0,60,12,0,72,0,80,12,0,92,0,0,0,92
05/11/2007,MKK,HI,AWP,WE,Federal Contract Tower,0,24,2,0,26,0,60,22,0,82,0,84,24,0,108,0,0,0,108
05/12/2007,MKK,HI,AWP,WE,Federal Contract Tower,0,17,2,0,19,0,51,33,0,84,0,68,35,0,103,0,0,0,103
05/13/2007,MKK,HI,AWP,WE,Federal Contract Tower,0,16,0,0,16,0,48,22,0,70,0,64,22,0,86,10,0,10,96
05/14/2007,MKK,HI,AWP,WE,Federal Contract Tower,0,18,1,0,19,0,66,22,0,88,0,84,23,0,107,4,0,4,111
05/15/2007,MKK,HI,AWP,WE,Federal Contract Tower,0,19,0,0,19,0,51,26,4,81,0,70,26,4,100,4,0,4,104
05/16/2007,MKK,HI,AWP,WE,Federal Contract Tower,0,16,0,0,16,0,53,38,2,93,0,69,38,2,109,10,0,10,119
05/17/2007,MKK,HI,AWP,WE,Federal Contract Tower,0,22,3,0,25,0,67,23,6,96,0,89,26,6,121,0,0,0,121
05/18/2007,MKK,HI,AWP,WE,Federal Contract Tower,0,21,0,0,21,0,76,36,0,112,0,97,36,0,133,12,0,12,145
05/19/2007,MKK,HI,AWP,WE,Federal Contract Tower,0,21,0,0,21,0,57,46,0,103,0,78,46,0,124,14,0,14,138
05/20/2007,MKK,HI,AWP,WE,Federal Contract Tower,0,16,0,0,16,0,59,29,0,88,0,75,29,0,104,4,0,4,108
05/21/2007,MKK,HI,AWP,WE,Federal Contract Tower,0,22,6,0,28,0,53,15,4,72,0,75,21,4,100,6,0,6,106
05/22/2007,MKK,HI,AWP,WE,Federal Contract Tower,0,17,4,2,23,0,37,30,0,67,0,54,34,2,90,2,0,2,92
05/23/2007,MKK,HI,AWP,WE,Federal Contract Tower,0,17,0,0,17,0,39,35,0,74,0,56,35,0,91,18,0,18,109
05/24/2007,MKK,HI,AWP,WE,Federal Contract Tower,0,19,0,0,19,0,60,24,0,84,0,79,24,0,103,8,0,8,111
05/25/2007,MKK,HI,AWP,WE,Federal Contract Tower,0,23,4,0,27,0,55,16,0,71,0,78,20,0,98,8,0,8,106
05/26/2007,MKK,HI,AWP,WE,Federal Contract Tower,0,19,8,0,27,0,58,26,0,84,0,77,34,0,111,20,0,20,131
05/27/2007,MKK,HI,AWP,WE,Federal Contract Tower,0,19,4,0,23,0,50,27,6,83,0,69,31,6,106,8,0,8,114
05/28/2007,MKK,HI,AWP,WE,Federal Contract Tower,0,17,2,0,19,0,53,16,0,69,0,70,18,0,88,0,0,0,88
05/29/2007,MKK,HI,AWP,WE,Federal Contract Tower,0,20,0,0,20,0,51,18,2,71,0,71,18,2,91,4,0,4,95
05/30/2007,MKK,HI,AWP,WE,Federal Contract Tower,0,22,2,0,24,0,46,21,2,69,0,68,23,2,93,4,2,6,99
05/31/2007,MKK,HI,AWP,WE,Federal Contract Tower,0,19,0,6,25,0,46,22,10,78,0,65,22,16,103,0,4,4,107
06/01/2007,MKK,HI,AWP,WE,Federal Contract Tower,0,23,1,0,24,0,62,46,0,108,0,85,47,0,132,0,0,0,132
06/02/2007,MKK,HI,AWP,WE,Federal Contract Tower,0,18,0,0,18,0,52,30,0,82,0,70,30,0,100,0,0,0,100
06/03/2007,MKK,HI,AWP,WE,Federal Contract Tower,0,17,0,0,17,0,56,27,0,83,0,73,27,0,100,18,0,18,118
06/04/2007,MKK,HI,AWP,WE,Federal Contract Tower,0,21,1,0,22,0,49,18,2,69,0,70,19,2,91,0,2,2,93
06/05/2007,MKK,HI,AWP,WE,Federal Contract Tower,0,16,3,0,19,0,44,28,0,72,0,60,31,0,91,2,0,2,93
06/06/2007,MKK,HI,AWP,WE,Federal Contract Tower,0,20,1,0,21,0,50,9,4,63,0,70,10,4,84,4,0,4,88
06/07/2007,MKK,HI,AWP,WE,Federal Contract Tower,0,30,2,4,36,0,46,16,6,68,0,76,18,10,104,0,0,0,104
06/08/2007,MKK,HI,AWP,WE,Federal Contract Tower,0,21,0,0,21,0,67,26,4,97,0,88,26,4,118,0,0,0,118
06/09/2007,MKK,HI,AWP,WE,Federal Contract Tower,0,20,0,0,20,0,56,25,0,81,0,76,25,0,101,0,0,0,101
06/10/2007,MKK,HI,AWP,WE,Federal Contract Tower,0,16,1,0,17,0,53,19,0,72,0,69,20,0,89,6,0,6,95
06/11/2007,MKK,HI,AWP,WE,Federal Contract Tower,0,21,3,0,24,0,56,13,0,69,0,77,16,0,93,0,0,0,93
06/12/2007,MKK,HI,AWP,WE,Federal Contract Tower,0,17,0,0,17,0,42,26,16,84,0,59,26,16,101,6,0,6,107
06/13/2007,MKK,HI,AWP,WE,Federal Contract Tower,0,20,0,3,23,0,41,14,5,60,0,61,14,8,83,2,6,8,91
06/14/2007,MKK,HI,AWP,WE,Federal Contract Tower,0,20,4,4,28,0,58,35,4,97,0,78,39,8,125,0,0,0,125
06/15/2007,MKK,HI,AWP,WE,Federal Contract Tower,0,23,0,2,25,0,58,32,2,92,0,81,32,4,117,12,0,12,129
06/16/2007,MKK,HI,AWP,WE,Federal Contract Tower,0,20,0,0,20,0,50,37,4,91,0,70,37,4,111,24,0,24,135
06/17/2007,MKK,HI,AWP,WE,Federal Contract Tower,0,16,3,0,19,0,46,32,0,78,0,62,35,0,97,6,0,6,103
06/18/2007,MKK,HI,AWP,WE,Federal Contract Tower,0,21,1,0,22,0,63,23,2,88,0,84,24,2,110,0,0,0,110
06/19/2007,MKK,HI,AWP,WE,Federal Contract Tower,0,19,1,0,20,0,45,35,0,80,0,64,36,0,100,0,0,0,100
06/20/2007,MKK,HI,AWP,WE,Federal Contract Tower,0,20,0,4,24,0,33,25,2,60,0,53,25,6,84,0,0,0,84
06/21/2007,MKK,HI,AWP,WE,Federal Contract Tower,0,28,0,0,28,0,48,18,8,74,0,76,18,8,102,0,0,0,102
06/22/2007,MKK,HI,AWP,WE,Federal Contract Tower,0,19,0,0,19,0,54,25,2,81,0,73,25,2,100,0,0,0,100
06/23/2007,MKK,HI,AWP,WE,Federal Contract Tower,0,18,2,1,21,0,65,24,3,92,0,83,26,4,113,12,0,12,125
06/24/2007,MKK,HI,AWP,WE,Federal Contract Tower,0,18,4,2,24,0,52,41,2,95,0,70,45,4,119,2,0,2,121
06/25/2007,MKK,HI,AWP,WE,Federal Contract Tower,0,24,5,4,33,0,48,31,0,79,0,72,36,4,112,4,4,8,120
06/26/2007,MKK,HI,AWP,WE,Federal Contract Tower,0,19,0,4,23,0,51,27,0,78,0,70,27,4,101,8,0,8,109
06/27/2007,MKK,HI,AWP,WE,Federal Contract Tower,0,22,0,5,27,0,34,19,7,60,0,56,19,12,87,6,0,6,93
06/28/2007,MKK,HI,AWP,WE,Federal Contract Tower,0,26,2,0,28,0,51,23,2,76,0,77,25,2,104,0,0,0,104
06/29/2007,MKK,HI,AWP,WE,Federal Contract Tower,0,22,2,0,24,0,58,34,4,96,0,80,36,4,120,0,0,0,120
06/30/2007,MKK,HI,AWP,WE,Federal Contract Tower,0,17,0,0,17,0,51,16,4,71,0,68,16,4,88,0,0,0,88
07/01/2007,MKK,HI,AWP,WE,Federal Contract Tower,0,16,0,0,16,0,32,33,0,65,0,48,33,0,81,4,0,4,85
07/02/2007,MKK,HI,AWP,WE,Federal Contract Tower,0,24,3,0,27,0,71,16,0,87,0,95,19,0,114,16,0,16,130
07/03/2007,MKK,HI,AWP,WE,Federal Contract Tower,0,23,0,0,23,0,67,23,0,90,0,90,23,0,113,8,0,8,121
07/04/2007,MKK,HI,AWP,WE,Federal Contract Tower,0,15,0,0,15,0,37,3,0,40,0,52,3,0,55,0,0,0,55
07/05/2007,MKK,HI,AWP,WE,Federal Contract Tower,0,20,6,0,26,0,54,26,4,84,0,74,32,4,110,10,0,10,120
07/06/2007,MKK,HI,AWP,WE,Federal Contract Tower,0,19,0,2,21,0,54,22,6,82,0,73,22,8,103,4,0,4,107
07/07/2007,MKK,HI,AWP,WE,Federal Contract Tower,0,22,3,0,25,0,57,17,2,76,0,79,20,2,101,0,0,0,101
07/08/2007,MKK,HI,AWP,WE,Federal Contract Tower,0,16,0,0,16,0,56,25,0,81,0,72,25,0,97,4,0,4,101
07/09/2007,MKK,HI,AWP,WE,Federal Contract Tower,0,21,0,0,21,0,57,12,0,69,0,78,12,0,90,0,0,0,90
07/10/2007,MKK,HI,AWP,WE,Federal Contract Tower,0,21,0,6,27,0,47,17,12,76,0,68,17,18,103,0,12,12,115
07/11/2007,MKK,HI,AWP,WE,Federal Contract Tower,0,17,0,0,17,0,41,9,4,54,0,58,9,4,71,0,0,0,71
07/12/2007,MKK,HI,AWP,WE,Federal Contract Tower,0,25,0,0,25,0,54,29,10,93,0,79,29,10,118,0,0,0,118
07/13/2007,MKK,HI,AWP,WE,Federal Contract Tower,0,21,1,4,26,0,52,10,10,72,0,73,11,14,98,2,0,2,100
07/14/2007,MKK,HI,AWP,WE,Federal Contract Tower,0,21,0,2,23,0,61,27,0,88,0,82,27,2,111,4,0,4,115
07/15/2007,MKK,HI,AWP,WE,Federal Contract Tower,0,27,0,2,29,0,46,25,0,71,0,73,25,2,100,16,0,16,116
07/16/2007,MKK,HI,AWP,WE,Federal Contract Tower,0,28,1,4,33,0,40,34,0,74,0,68,35,4,107,2,2,4,111
07/17/2007,MKK,HI,AWP,WE,Federal Contract Tower,0,19,0,0,19,0,45,17,2,64,0,64,17,2,83,0,0,0,83
07/18/2007,MKK,HI,AWP,WE,Federal Contract Tower,0,20,1,4,25,0,54,15,0,69,0,74,16,4,94,0,4,4,98
07/19/2007,MKK,HI,AWP,WE,Federal Contract Tower,0,22,0,6,28,0,51,21,4,76,0,73,21,10,104,10,0,10,114
07/20/2007,MKK,HI,AWP,WE,Federal Contract Tower,0,19,0,2,21,0,61,25,1,87,0,80,25,3,108,0,0,0,108
07/21/2007,MKK,HI,AWP,WE,Federal Contract Tower,0,21,0,0,21,0,56,0,0,56,0,77,0,0,77,0,0,0,77
07/22/2007,MKK,HI,AWP,WE,Federal Contract Tower,0,20,0,0,20,0,44,12,0,56,0,64,12,0,76,4,0,4,80
07/23/2007,MKK,HI,AWP,WE,Federal Contract Tower,0,23,3,0,26,0,51,20,0,71,0,74,23,0,97,6,0,6,103
07/24/2007,MKK,HI,AWP,WE,Federal Contract Tower,0,25,0,0,25,0,48,29,0,77,0,73,29,0,102,2,0,2,104
07/25/2007,MKK,HI,AWP,WE,Federal Contract Tower,0,25,0,0,25,0,59,26,0,85,0,84,26,0,110,0,0,0,110
07/26/2007,MKK,HI,AWP,WE,Federal Contract Tower,0,21,1,1,23,0,67,17,3,87,0,88,18,4,110,0,0,0,110
07/27/2007,MKK,HI,AWP,WE,Federal Contract Tower,0,19,0,2,21,0,67,19,1,87,0,86,19,3,108,10,0,10,118
07/28/2007,MKK,HI,AWP,WE,Federal Contract Tower,0,18,0,0,18,0,65,35,0,100,0,83,35,0,118,6,0,6,124
07/29/2007,MKK,HI,AWP,WE,Federal Contract Tower,0,22,0,0,22,0,53,24,0,77,0,75,24,0,99,16,0,16,115
07/30/2007,MKK,HI,AWP,WE,Federal Contract Tower,0,25,2,0,27,0,65,13,0,78,0,90,15,0,105,0,0,0,105
07/31/2007,MKK,HI,AWP,WE,Federal Contract Tower,0,29,2,6,37,0,41,15,2,58,0,70,17,8,95,0,2,2,97
08/01/2007,MKK,HI,AWP,WE,Federal Contract Tower,0,22,4,2,28,0,44,14,2,60,0,66,18,4,88,4,6,10,98
08/02/2007,MKK,HI,AWP,WE,Federal Contract Tower,0,19,1,1,21,0,55,22,3,80,0,74,23,4,101,0,0,0,101
08/03/2007,MKK,HI,AWP,WE,Federal Contract Tower,0,20,2,0,22,0,68,26,2,96,0,88,28,2,118,0,2,2,120
08/04/2007,MKK,HI,AWP,WE,Federal Contract Tower,0,17,0,0,17,0,55,24,2,81,0,72,24,2,98,6,0,6,104
08/05/2007,MKK,HI,AWP,WE,Federal Contract Tower,0,18,2,0,20,0,40,20,6,66,0,58,22,6,86,4,0,4,90
08/06/2007,MKK,HI,AWP,WE,Federal Contract Tower,0,26,6,0,32,0,51,33,0,84,0,77,39,0,116,6,0,6,122
08/07/2007,MKK,HI,AWP,WE,Federal Contract Tower,0,22,8,0,30,0,59,27,2,88,0,81,35,2,118,8,4,12,130
08/08/2007,MKK,HI,AWP,WE,Federal Contract Tower,0,25,4,0,29,0,52,31,6,89,0,77,35,6,118,0,14,14,132
08/09/2007,MKK,HI,AWP,WE,Federal Contract Tower,0,19,0,0,19,0,60,17,7,84,0,79,17,7,103,0,6,6,109
08/10/2007,MKK,HI,AWP,WE,Federal Contract Tower,0,20,4,0,24,0,60,25,4,89,0,80,29,4,113,0,0,0,113
08/11/2007,MKK,HI,AWP,WE,Federal Contract Tower,0,18,0,0,18,0,50,34,0,84,0,68,34,0,102,0,0,0,102
08/12/2007,MKK,HI,AWP,WE,Federal Contract Tower,0,19,0,0,19,0,57,20,0,77,0,76,20,0,96,6,0,6,102
08/13/2007,MKK,HI,AWP,WE,Federal Contract Tower,0,19,0,2,21,0,53,15,22,90,0,72,15,24,111,20,0,20,131
08/14/2007,MKK,HI,AWP,WE,Federal Contract Tower,0,19,0,2,21,0,39,7,22,68,0,58,7,24,89,0,0,0,89
08/15/2007,MKK,HI,AWP,WE,Federal Contract Tower,0,19,7,0,26,0,59,10,0,69,0,78,17,0,95,0,0,0,95
08/16/2007,MKK,HI,AWP,WE,Federal Contract Tower,0,25,4,2,31,0,75,15,4,94,0,100,19,6,125,0,0,0,125
08/17/2007,MKK,HI,AWP,WE,Federal Contract Tower,0,25,0,0,25,0,57,25,0,82,0,82,25,0,107,18,0,18,125
08/18/2007,MKK,HI,AWP,WE,Federal Contract Tower,0,18,1,0,19,0,57,30,0,87,0,75,31,0,106,0,0,0,106
08/19/2007,MKK,HI,AWP,WE,Federal Contract Tower,0,22,0,0,22,0,47,27,4,78,0,69,27,4,100,14,0,14,114
08/20/2007,MKK,HI,AWP,WE,Federal Contract Tower,0,22,0,0,22,0,60,19,4,83,0,82,19,4,105,0,24,24,129
08/21/2007,MKK,HI,AWP,WE,Federal Contract Tower,0,28,0,0,28,0,42,29,4,75,0,70,29,4,103,8,2,10,113
08/22/2007,MKK,HI,AWP,WE,Federal Contract Tower,0,26,0,0,26,0,55,23,6,84,0,81,23,6,110,12,0,12,122
08/23/2007,MKK,HI,AWP,WE,Federal Contract Tower,0,18,0,0,18,0,56,25,8,89,0,74,25,8,107,6,0,6,113
08/24/2007,MKK,HI,AWP,WE,Federal Contract Tower,0,24,0,0,24,0,73,20,0,93,0,97,20,0,117,0,0,0,117
08/25/2007,MKK,HI,AWP,WE,Federal Contract Tower,0,22,2,0,24,0,55,33,0,88,0,77,35,0,112,20,0,20,132
08/26/2007,MKK,HI,AWP,WE,Federal Contract Tower,0,24,2,0,26,0,54,38,2,94,0,78,40,2,120,18,0,18,138
08/27/2007,MKK,HI,AWP,WE,Federal Contract Tower,0,23,0,5,28,0,57,18,1,76,0,80,18,6,104,2,0,2,106
08/28/2007,MKK,HI,AWP,WE,Federal Contract Tower,0,18,2,6,26,0,50,16,4,70,0,68,18,10,96,0,0,0,96
08/29/2007,MKK,HI,AWP,WE,Federal Contract Tower,0,19,0,0,19,0,63,22,0,85,0,82,22,0,104,0,0,0,104
08/30/2007,MKK,HI,AWP,WE,Federal Contract Tower,0,18,0,0,18,0,56,33,2,91,0,74,33,2,109,0,0,0,109
08/31/2007,MKK,HI,AWP,WE,Federal Contract Tower,0,23,0,0,23,0,65,29,0,94,0,88,29,0,117,8,0,8,125
09/01/2007,MKK,HI,AWP,WE,Federal Contract Tower,0,22,0,0,22,0,60,21,0,81,0,82,21,0,103,10,0,10,113
09/02/2007,MKK,HI,AWP,WE,Federal Contract Tower,0,21,0,0,21,0,48,22,0,70,0,69,22,0,91,0,0,0,91
09/03/2007,MKK,HI,AWP,WE,Federal Contract Tower,0,14,2,0,16,0,51,25,2,78,0,65,27,2,94,14,0,14,108
09/04/2007,MKK,HI,AWP,WE,Federal Contract Tower,0,21,0,0,21,0,58,26,0,84,0,79,26,0,105,0,0,0,105
09/05/2007,MKK,HI,AWP,WE,Federal Contract Tower,0,18,0,0,18,0,42,11,0,53,0,60,11,0,71,0,0,0,71
09/06/2007,MKK,HI,AWP,WE,Federal Contract Tower,0,21,0,0,21,0,49,30,12,91,0,70,30,12,112,18,10,28,140
09/07/2007,MKK,HI,AWP,WE,Federal Contract Tower,0,24,3,0,27,0,68,33,2,103,0,92,36,2,130,12,0,12,142
09/08/2007,MKK,HI,AWP,WE,Federal Contract Tower,0,19,0,0,19,0,47,18,24,89,0,66,18,24,108,24,0,24,132
09/09/2007,MKK,HI,AWP,WE,Federal Contract Tower,0,20,0,0,20,0,56,30,4,90,0,76,30,4,110,14,0,14,124
09/10/2007,MKK,HI,AWP,WE,Federal Contract Tower,0,19,0,0,19,0,55,16,6,77,0,74,16,6,96,2,0,2,98
09/11/2007,MKK,HI,AWP,WE,Federal Contract Tower,0,19,0,4,23,0,57,16,0,73,0,76,16,4,96,0,0,0,96
09/12/2007,MKK,HI,AWP,WE,Federal Contract Tower,0,22,2,0,24,0,52,6,0,58,0,74,8,0,82,4,0,4,86
09/13/2007,MKK,HI,AWP,WE,Federal Contract Tower,0,22,0,0,22,0,51,12,0,63,0,73,12,0,85,0,0,0,85
09/14/2007,MKK,HI,AWP,WE,Federal Contract Tower,0,27,1,0,28,0,68,20,4,92,0,95,21,4,120,0,0,0,120
09/15/2007,MKK,HI,AWP,WE,Federal Contract Tower,0,30,0,0,30,0,45,44,0,89,0,75,44,0,119,12,0,12,131
09/16/2007,MKK,HI,AWP,WE,Federal Contract Tower,0,24,0,0,24,0,61,31,2,94,0,85,31,2,118,16,0,16,134
09/17/2007,MKK,HI,AWP,WE,Federal Contract Tower,0,22,1,0,23,0,58,11,2,71,0,80,12,2,94,0,0,0,94
09/18/2007,MKK,HI,AWP,WE,Federal Contract Tower,0,21,0,0,21,0,41,18,4,63,0,62,18,4,84,6,0,6,90
09/19/2007,MKK,HI,AWP,WE,Federal Contract Tower,0,20,0,0,20,0,58,11,6,75,0,78,11,6,95,4,0,4,99
09/20/2007,MKK,HI,AWP,WE,Federal Contract Tower,0,20,2,4,26,0,58,16,4,78,0,78,18,8,104,0,4,4,108
09/21/2007,MKK,HI,AWP,WE,Federal Contract Tower,0,27,0,0,27,0,75,15,6,96,0,102,15,6,123,0,0,0,123
09/22/2007,MKK,HI,AWP,WE,Federal Contract Tower,0,23,1,0,24,0,66,29,0,95,0,89,30,0,119,12,0,12,131
09/23/2007,MKK,HI,AWP,WE,Federal Contract Tower,0,21,2,0,23,0,56,18,0,74,0,77,20,0,97,14,0,14,111
09/24/2007,MKK,HI,AWP,WE,Federal Contract Tower,0,22,1,0,23,0,55,17,2,74,0,77,18,2,97,0,0,0,97
09/25/2007,MKK,HI,AWP,WE,Federal Contract Tower,0,21,0,2,23,0,45,7,0,52,0,66,7,2,75,0,0,0,75
09/26/2007,MKK,HI,AWP,WE,Federal Contract Tower,0,19,3,2,24,0,46,3,2,51,0,65,6,4,75,0,0,0,75
09/27/2007,MKK,HI,AWP,WE,Federal Contract Tower,0,19,0,4,23,0,47,12,4,63,0,66,12,8,86,0,0,0,86
09/28/2007,MKK,HI,AWP,WE,Federal Contract Tower,0,24,1,0,25,0,74,25,2,101,0,98,26,2,126,0,0,0,126
09/29/2007,MKK,HI,AWP,WE,Federal Contract Tower,0,26,1,0,27,0,60,26,0,86,0,86,27,0,113,0,0,0,113
09/30/2007,MKK,HI,AWP,WE,Federal Contract Tower,0,32,0,0,32,0,46,23,2,71,0,78,23,2,103,6,0,6,109
10/01/2007,MKK,HI,AWP,WE,Federal Contract Tower,0,32,2,0,34,0,38,16,0,54,0,70,18,0,88,0,0,0,88
10/02/2007,MKK,HI,AWP,WE,Federal Contract Tower,0,22,0,6,28,0,57,11,2,70,0,79,11,8,98,0,0,0,98
10/03/2007,MKK,HI,AWP,WE,Federal Contract Tower,0,20,0,0,20,0,44,27,2,73,0,64,27,2,93,0,0,0,93
10/04/2007,MKK,HI,AWP,WE,Federal Contract Tower,0,20,0,0,20,0,67,31,2,100,0,87,31,2,120,0,0,0,120
10/05/2007,MKK,HI,AWP,WE,Federal Contract Tower,0,21,2,2,25,0,97,28,2,127,0,118,30,4,152,0,0,0,152
10/06/2007,MKK,HI,AWP,WE,Federal Contract Tower,0,26,0,0,26,0,90,26,0,116,0,116,26,0,142,16,0,16,158
10/07/2007,MKK,HI,AWP,WE,Federal Contract Tower,0,18,0,4,22,0,57,17,0,74,0,75,17,4,96,22,0,22,118
10/08/2007,MKK,HI,AWP,WE,Federal Contract Tower,0,21,0,0,21,0,57,12,5,74,0,78,12,5,95,22,2,24,119
10/09/2007,MKK,HI,AWP,WE,Federal Contract Tower,0,23,0,2,25,0,40,6,0,46,0,63,6,2,71,0,0,0,71
10/10/2007,MKK,HI,AWP,WE,Federal Contract Tower,0,20,0,2,22,0,45,8,0,53,0,65,8,2,75,0,0,0,75
10/11/2007,MKK,HI,AWP,WE,Federal Contract Tower,0,24,0,0,24,0,53,17,2,72,0,77,17,2,96,0,0,0,96
10/12/2007,MKK,HI,AWP,WE,Federal Contract Tower,0,36,1,2,39,0,58,18,3,79,0,94,19,5,118,14,0,14,132
10/13/2007,MKK,HI,AWP,WE,Federal Contract Tower,0,26,0,0,26,0,61,17,2,80,0,87,17,2,106,2,0,2,108
10/14/2007,MKK,HI,AWP,WE,Federal Contract Tower,0,29,2,2,33,0,55,9,3,67,0,84,11,5,100,2,0,2,102
10/15/2007,MKK,HI,AWP,WE,Federal Contract Tower,0,20,1,0,21,0,61,10,0,71,0,81,11,0,92,0,0,0,92
10/16/2007,MKK,HI,AWP,WE,Federal Contract Tower,0,22,2,0,24,0,36,9,2,47,0,58,11,2,71,2,0,2,73
10/17/2007,MKK,HI,AWP,WE,Federal Contract Tower,0,21,0,2,23,0,43,9,1,53,0,64,9,3,76,0,0,0,76
10/18/2007,MKK,HI,AWP,WE,Federal Contract Tower,0,19,1,0,20,0,51,16,0,67,0,70,17,0,87,6,0,6,93
10/19/2007,MKK,HI,AWP,WE,Federal Contract Tower,0,24,1,2,27,0,63,10,0,73,0,87,11,2,100,0,0,0,100
10/20/2007,MKK,HI,AWP,WE,Federal Contract Tower,0,28,0,0,28,0,55,16,0,71,0,83,16,0,99,14,0,14,113
10/21/2007,MKK,HI,AWP,WE,Federal Contract Tower,0,19,0,2,21,0,55,26,0,81,0,74,26,2,102,20,0,20,122
10/22/2007,MKK,HI,AWP,WE,Federal Contract Tower,0,23,2,2,27,0,56,8,0,64,0,79,10,2,91,2,0,2,93
10/23/2007,MKK,HI,AWP,WE,Federal Contract Tower,0,20,0,0,20,0,57,18,2,77,0,77,18,2,97,2,0,2,99
10/24/2007,MKK,HI,AWP,WE,Federal Contract Tower,0,23,3,0,26,0,41,2,2,45,0,64,5,2,71,0,0,0,71
10/25/2007,MKK,HI,AWP,WE,Federal Contract Tower,0,22,0,0,22,0,46,11,2,59,0,68,11,2,81,0,6,6,87
10/26/2007,MKK,HI,AWP,WE,Federal Contract Tower,0,25,0,0,25,0,79,22,2,103,0,104,22,2,128,14,0,14,142
10/27/2007,MKK,HI,AWP,WE,Federal Contract Tower,0,22,1,5,28,0,54,10,1,65,0,76,11,6,93,10,2,12,105
10/28/2007,MKK,HI,AWP,WE,Federal Contract Tower,0,20,2,6,28,0,56,12,8,76,0,76,14,14,104,2,2,4,108
10/29/2007,MKK,HI,AWP,WE,Federal Contract Tower,0,22,0,0,22,0,56,5,1,62,0,78,5,1,84,4,0,4,88
10/30/2007,MKK,HI,AWP,WE,Federal Contract Tower,0,22,0,0,22,0,46,4,0,50,0,68,4,0,72,0,0,0,72
10/31/2007,MKK,HI,AWP,WE,Federal Contract Tower,0,26,0,0,26,0,51,10,0,61,0,77,10,0,87,4,0,4,91
11/01/2007,MKK,HI,AWP,WE,Federal Contract Tower,0,28,0,1,29,0,55,25,1,81,0,83,25,2,110,10,0,10,120
11/02/2007,MKK,HI,AWP,WE,Federal Contract Tower,0,27,4,4,35,0,66,22,2,90,0,93,26,6,125,24,0,24,149
11/03/2007,MKK,HI,AWP,WE,Federal Contract Tower,0,24,6,0,30,0,58,9,0,67,0,82,15,0,97,18,0,18,115
11/04/2007,MKK,HI,AWP,WE,Federal Contract Tower,0,42,0,0,42,0,9,0,0,9,0,51,0,0,51,0,0,0,51
11/05/2007,MKK,HI,AWP,WE,Federal Contract Tower,0,32,0,1,33,0,46,2,1,49,0,78,2,2,82,2,0,2,84
11/06/2007,MKK,HI,AWP,WE,Federal Contract Tower,0,20,2,0,22,0,54,9,0,63,0,74,11,0,85,0,0,0,85
11/07/2007,MKK,HI,AWP,WE,Federal Contract Tower,0,25,2,2,29,0,54,5,0,59,0,79,7,2,88,0,0,0,88
11/08/2007,MKK,HI,AWP,WE,Federal Contract Tower,0,21,0,0,21,0,53,21,2,76,0,74,21,2,97,0,4,4,101
11/09/2007,MKK,HI,AWP,WE,Federal Contract Tower,0,26,1,4,31,0,58,13,0,71,0,84,14,4,102,0,2,2,104
11/10/2007,MKK,HI,AWP,WE,Federal Contract Tower,0,18,0,0,18,0,63,37,0,100,0,81,37,0,118,4,2,6,124
11/11/2007,MKK,HI,AWP,WE,Federal Contract Tower,0,31,6,2,39,0,48,7,2,57,0,79,13,4,96,36,0,36,132
11/12/2007,MKK,HI,AWP,WE,Federal Contract Tower,0,21,1,0,22,0,52,21,0,73,0,73,22,0,95,58,0,58,153
11/13/2007,MKK,HI,AWP,WE,Federal Contract Tower,0,24,2,0,26,0,33,14,0,47,0,57,16,0,73,40,0,40,113
11/14/2007,MKK,HI,AWP,WE,Federal Contract Tower,0,17,0,0,17,0,35,9,3,47,0,52,9,3,64,26,8,34,98
11/15/2007,MKK,HI,AWP,WE,Federal Contract Tower,0,17,4,0,21,0,47,12,0,59,0,64,16,0,80,10,0,10,90
11/16/2007,MKK,HI,AWP,WE,Federal Contract Tower,0,37,1,0,38,0,77,5,0,82,0,114,6,0,120,62,0,62,182
11/17/2007,MKK,HI,AWP,WE,Federal Contract Tower,0,25,4,0,29,0,51,17,1,69,0,76,21,1,98,36,2,38,136
11/18/2007,MKK,HI,AWP,WE,Federal Contract Tower,0,31,5,0,36,0,49,13,0,62,0,80,18,0,98,14,0,14,112
11/19/2007,MKK,HI,AWP,WE,Federal Contract Tower,0,25,2,4,31,0,56,17,0,73,0,81,19,4,104,0,0,0,104
11/20/2007,MKK,HI,AWP,WE,Federal Contract Tower,0,25,0,2,27,0,52,4,0,56,0,77,4,2,83,0,0,0,83
11/21/2007,MKK,HI,AWP,WE,Federal Contract Tower,0,35,0,6,41,0,57,15,0,72,0,92,15,6,113,0,0,0,113
11/22/2007,MKK,HI,AWP,WE,Federal Contract Tower,0,18,0,0,18,0,36,13,0,49,0,54,13,0,67,4,0,4,71
11/23/2007,MKK,HI,AWP,WE,Federal Contract Tower,0,26,0,0,26,0,47,23,0,70,0,73,23,0,96,0,0,0,96
11/24/2007,MKK,HI,AWP,WE,Federal Contract Tower,0,22,0,1,23,0,35,8,1,44,0,57,8,2,67,0,0,0,67
11/25/2007,MKK,HI,AWP,WE,Federal Contract Tower,0,31,2,0,33,0,37,20,0,57,0,68,22,0,90,18,0,18,108
11/26/2007,MKK,HI,AWP,WE,Federal Contract Tower,0,23,2,0,25,0,59,10,0,69,0,82,12,0,94,0,0,0,94
11/27/2007,MKK,HI,AWP,WE,Federal Contract Tower,0,22,0,0,22,0,42,5,0,47,0,64,5,0,69,2,0,2,71
11/28/2007,MKK,HI,AWP,WE,Federal Contract Tower,0,30,0,0,30,0,33,2,0,35,0,63,2,0,65,0,0,0,65
11/29/2007,MKK,HI,AWP,WE,Federal Contract Tower,0,18,2,0,20,0,50,15,0,65,0,68,17,0,85,10,0,10,95
11/30/2007,MKK,HI,AWP,WE,Federal Contract Tower,0,40,0,3,43,0,43,5,1,49,0,83,5,4,92,0,0,0,92
12/01/2007,MKK,HI,AWP,WE,Federal Contract Tower,0,29,0,0,29,0,36,5,0,41,0,65,5,0,70,0,0,0,70
12/02/2007,MKK,HI,AWP,WE,Federal Contract Tower,0,31,3,0,34,0,22,0,0,22,0,53,3,0,56,0,0,0,56
12/03/2007,MKK,HI,AWP,WE,Federal Contract Tower,0,45,0,0,45,0,31,2,0,33,0,76,2,0,78,0,0,0,78
12/04/2007,MKK,HI,AWP,WE,Federal Contract Tower,0,35,1,0,36,0,21,8,0,29,0,56,9,0,65,0,0,0,65
12/05/2007,MKK,HI,AWP,WE,Federal Contract Tower,0,28,0,0,28,0,13,2,0,15,0,41,2,0,43,0,0,0,43
12/06/2007,MKK,HI,AWP,WE,Federal Contract Tower,0,35,4,0,39,0,34,1,0,35,0,69,5,0,74,4,0,4,78
12/07/2007,MKK,HI,AWP,WE,Federal Contract Tower,0,44,1,0,45,0,42,6,0,48,0,86,7,0,93,0,0,0,93
12/08/2007,MKK,HI,AWP,WE,Federal Contract Tower,0,27,4,0,31,0,49,8,0,57,0,76,12,0,88,0,0,0,88
12/09/2007,MKK,HI,AWP,WE,Federal Contract Tower,0,32,2,0,34,0,43,10,2,55,0,75,12,2,89,0,0,0,89
12/10/2007,MKK,HI,AWP,WE,Federal Contract Tower,0,26,0,0,26,0,54,5,2,61,0,80,5,2,87,0,4,4,91
12/11/2007,MKK,HI,AWP,WE,Federal Contract Tower,0,20,0,0,20,0,52,12,4,68,0,72,12,4,88,12,2,14,102
12/12/2007,MKK,HI,AWP,WE,Federal Contract Tower,0,22,1,2,25,0,34,7,0,41,0,56,8,2,66,4,0,4,70
12/13/2007,MKK,HI,AWP,WE,Federal Contract Tower,0,19,0,7,26,0,34,9,1,44,0,53,9,8,70,2,0,2,72
12/14/2007,MKK,HI,AWP,WE,Federal Contract Tower,0,25,0,0,25,0,61,10,0,71,0,86,10,0,96,0,0,0,96
12/15/2007,MKK,HI,AWP,WE,Federal Contract Tower,0,24,2,2,28,0,49,27,2,78,0,73,29,4,106,0,0,0,106
12/16/2007,MKK,HI,AWP,WE,Federal Contract Tower,0,28,0,1,29,0,55,15,1,71,0,83,15,2,100,14,0,14,114
12/17/2007,MKK,HI,AWP,WE,Federal Contract Tower,0,22,2,6,30,0,63,7,0,70,0,85,9,6,100,8,0,8,108
12/18/2007,MKK,HI,AWP,WE,Federal Contract Tower,0,23,0,1,24,0,46,3,1,50,0,69,3,2,74,0,0,0,74
12/19/2007,MKK,HI,AWP,WE,Federal Contract Tower,0,21,2,3,26,0,39,4,1,44,0,60,6,4,70,0,0,0,70
12/20/2007,MKK,HI,AWP,WE,Federal Contract Tower,0,20,0,0,20,0,71,13,4,88,0,91,13,4,108,10,32,42,150
12/21/2007,MKK,HI,AWP,WE,Federal Contract Tower,0,28,1,1,30,0,57,19,1,77,0,85,20,2,107,4,0,4,111
12/22/2007,MKK,HI,AWP,WE,Federal Contract Tower,0,30,6,0,36,0,51,18,4,73,0,81,24,4,109,12,0,12,121
12/23/2007,MKK,HI,AWP,WE,Federal Contract Tower,0,27,2,0,29,0,49,8,0,57,0,76,10,0,86,0,0,0,86
12/24/2007,MKK,HI,AWP,WE,Federal Contract Tower,0,22,0,0,22,0,56,3,0,59,0,78,3,0,81,0,0,0,81
12/25/2007,MKK,HI,AWP,WE,Federal Contract Tower,0,19,1,0,20,0,21,1,0,22,0,40,2,0,42,0,0,0,42
12/26/2007,MKK,HI,AWP,WE,Federal Contract Tower,0,26,0,0,26,0,35,2,0,37,0,61,2,0,63,0,0,0,63
12/27/2007,MKK,HI,AWP,WE,Federal Contract Tower,0,23,0,7,30,0,47,5,3,55,0,70,5,10,85,0,16,16,101
12/28/2007,MKK,HI,AWP,WE,Federal Contract Tower,0,28,1,0,29,0,64,7,2,73,0,92,8,2,102,12,0,12,114
12/29/2007,MKK,HI,AWP,WE,Federal Contract Tower,0,26,4,0,30,0,61,21,0,82,0,87,25,0,112,0,0,0,112
12/30/2007,MKK,HI,AWP,WE,Federal Contract Tower,0,26,3,0,29,0,64,12,0,76,0,90,15,0,105,0,0,0,105
12/31/2007,MKK,HI,AWP,WE,Federal Contract Tower,0,36,0,0,36,0,33,2,0,35,0,69,2,0,71,0,0,0,71
01/01/2008,MKK,HI,AWP,WE,Federal Contract Tower,0,18,0,0,18,0,42,14,0,56,0,60,14,0,74,14,0,14,88
01/02/2008,MKK,HI,AWP,WE,Federal Contract Tower,0,32,3,0,35,0,21,0,2,23,0,53,3,2,58,0,0,0,58
01/03/2008,MKK,HI,AWP,WE,Federal Contract Tower,0,20,4,0,24,0,34,8,2,44,0,54,12,2,68,0,0,0,68
01/04/2008,MKK,HI,AWP,WE,Federal Contract Tower,0,24,3,0,27,0,59,21,0,80,0,83,24,0,107,4,0,4,111
01/05/2008,MKK,HI,AWP,WE,Federal Contract Tower,0,22,4,0,26,0,37,17,2,56,0,59,21,2,82,0,0,0,82
01/06/2008,MKK,HI,AWP,WE,Federal Contract Tower,0,20,0,0,20,0,50,21,6,77,0,70,21,6,97,22,0,22,119
01/07/2008,MKK,HI,AWP,WE,Federal Contract Tower,0,27,0,2,29,0,51,27,0,78,0,78,27,2,107,8,0,8,115
01/08/2008,MKK,HI,AWP,WE,Federal Contract Tower,0,23,0,0,23,0,37,12,2,51,0,60,12,2,74,2,0,2,76
01/09/2008,MKK,HI,AWP,WE,Federal Contract Tower,0,23,1,0,24,0,41,19,0,60,0,64,20,0,84,6,0,6,90
01/10/2008,MKK,HI,AWP,WE,Federal Contract Tower,0,27,1,7,35,0,49,16,5,70,0,76,17,12,105,6,22,28,133
01/11/2008,MKK,HI,AWP,WE,Federal Contract Tower,0,28,0,4,32,0,70,6,8,84,0,98,6,12,116,0,0,0,116
01/12/2008,MKK,HI,AWP,WE,Federal Contract Tower,0,28,3,2,33,0,42,53,6,101,0,70,56,8,134,22,0,22,156
01/13/2008,MKK,HI,AWP,WE,Federal Contract Tower,0,29,1,0,30,0,58,23,2,83,0,87,24,2,113,0,0,0,113
01/14/2008,MKK,HI,AWP,WE,Federal Contract Tower,0,27,1,0,28,0,46,7,0,53,0,73,8,0,81,0,0,0,81
01/15/2008,MKK,HI,AWP,WE,Federal Contract Tower,0,29,1,4,34,0,46,8,4,58,0,75,9,8,92,0,2,2,94
01/16/2008,MKK,HI,AWP,WE,Federal Contract Tower,0,28,2,5,35,0,60,18,3,81,0,88,20,8,116,0,0,0,116
01/17/2008,MKK,HI,AWP,WE,Federal Contract Tower,0,28,0,8,36,0,52,17,0,69,0,80,17,8,105,0,0,0,105
01/18/2008,MKK,HI,AWP,WE,Federal Contract Tower,0,28,0,0,28,0,60,21,0,81,0,88,21,0,109,0,0,0,109
01/19/2008,MKK,HI,AWP,WE,Federal Contract Tower,0,25,0,0,25,0,58,19,0,77,0,83,19,0,102,18,0,18,120
01/20/2008,MKK,HI,AWP,WE,Federal Contract Tower,0,22,0,0,22,0,56,23,5,84,0,78,23,5,106,0,0,0,106
01/21/2008,MKK,HI,AWP,WE,Federal Contract Tower,0,23,1,0,24,0,46,24,0,70,0,69,25,0,94,0,0,0,94
01/22/2008,MKK,HI,AWP,WE,Federal Contract Tower,0,23,1,4,28,0,52,13,0,65,0,75,14,4,93,10,0,10,103
01/23/2008,MKK,HI,AWP,WE,Federal Contract Tower,0,26,1,4,31,0,37,2,0,39,0,63,3,4,70,0,0,0,70
01/24/2008,MKK,HI,AWP,WE,Federal Contract Tower,0,23,0,0,23,0,41,15,0,56,0,64,15,0,79,0,0,0,79
01/25/2008,MKK,HI,AWP,WE,Federal Contract Tower,0,28,0,0,28,0,76,1,0,77,0,104,1,0,105,0,0,0,105
01/26/2008,MKK,HI,AWP,WE,Federal Contract Tower,0,28,4,2,34,0,50,13,0,63,0,78,17,2,97,4,0,4,101
01/27/2008,MKK,HI,AWP,WE,Federal Contract Tower,0,22,0,1,23,0,49,0,2,51,0,71,0,3,74,0,0,0,74
01/28/2008,MKK,HI,AWP,WE,Federal Contract Tower,0,25,1,0,26,0,47,4,0,51,0,72,5,0,77,2,0,2,79
01/29/2008,MKK,HI,AWP,WE,Federal Contract Tower,0,26,0,0,26,0,49,2,0,51,0,75,2,0,77,0,0,0,77
01/30/2008,MKK,HI,AWP,WE,Federal Contract Tower,0,25,2,5,32,0,49,6,5,60,0,74,8,10,92,2,10,12,104
01/31/2008,MKK,HI,AWP,WE,Federal Contract Tower,0,24,2,8,34,0,56,7,2,65,0,80,9,10,99,14,0,14,113
02/01/2008,MKK,HI,AWP,WE,Federal Contract Tower,0,30,2,0,32,0,64,1,0,65,0,94,3,0,97,0,0,0,97
02/02/2008,MKK,HI,AWP,WE,Federal Contract Tower,0,32,0,0,32,0,42,3,0,45,0,74,3,0,77,14,0,14,91
02/03/2008,MKK,HI,AWP,WE,Federal Contract Tower,0,19,2,0,21,0,42,4,0,46,0,61,6,0,67,0,0,0,67
02/04/2008,MKK,HI,AWP,WE,Federal Contract Tower,0,25,2,8,35,0,64,2,2,68,0,89,4,10,103,0,0,0,103
02/05/2008,MKK,HI,AWP,WE,Federal Contract Tower,0,32,0,0,32,0,67,1,6,74,0,99,1,6,106,0,0,0,106
02/06/2008,MKK,HI,AWP,WE,Federal Contract Tower,0,34,0,0,34,0,42,24,6,72,0,76,24,6,106,0,0,0,106
02/07/2008,MKK,HI,AWP,WE,Federal Contract Tower,0,31,3,0,34,0,38,12,0,50,0,69,15,0,84,0,0,0,84
02/08/2008,MKK,HI,AWP,WE,Federal Contract Tower,0,38,2,2,42,0,57,7,2,66,0,95,9,4,108,0,0,0,108
02/09/2008,MKK,HI,AWP,WE,Federal Contract Tower,0,25,4,11,40,0,52,17,1,70,0,77,21,12,110,2,0,2,112
02/10/2008,MKK,HI,AWP,WE,Federal Contract Tower,0,21,0,0,21,0,51,14,0,65,0,72,14,0,86,14,0,14,100
02/11/2008,MKK,HI,AWP,WE,Federal Contract Tower,0,26,2,4,32,0,57,13,0,70,0,83,15,4,102,4,0,4,106
02/12/2008,MKK,HI,AWP,WE,Federal Contract Tower,0,27,2,6,35,0,51,32,4,87,0,78,34,10,122,10,0,10,132
02/13/2008,MKK,HI,AWP,WE,Federal Contract Tower,0,28,1,4,33,0,40,7,0,47,0,68,8,4,80,4,0,4,84
02/14/2008,MKK,HI,AWP,WE,Federal Contract Tower,0,35,0,0,35,0,52,14,2,68,0,87,14,2,103,8,0,8,111
02/15/2008,MKK,HI,AWP,WE,Federal Contract Tower,0,31,2,0,33,0,53,17,4,74,0,84,19,4,107,10,0,10,117
02/16/2008,MKK,HI,AWP,WE,Federal Contract Tower,0,24,0,0,24,0,54,48,2,104,0,78,48,2,128,14,0,14,142
02/17/2008,MKK,HI,AWP,WE,Federal Contract Tower,0,25,0,0,25,0,63,21,0,84,0,88,21,0,109,0,0,0,109
02/18/2008,MKK,HI,AWP,WE,Federal Contract Tower,0,22,0,0,22,0,55,21,0,76,0,77,21,0,98,0,0,0,98
02/19/2008,MKK,HI,AWP,WE,Federal Contract Tower,0,26,1,4,31,0,50,11,0,61,0,76,12,4,92,2,4,6,98
02/20/2008,MKK,HI,AWP,WE,Federal Contract Tower,0,25,0,18,43,0,56,4,2,62,0,81,4,20,105,10,0,10,115
02/21/2008,MKK,HI,AWP,WE,Federal Contract Tower,0,23,2,4,29,0,65,15,4,84,0,88,17,8,113,4,0,4,117
02/22/2008,MKK,HI,AWP,WE,Federal Contract Tower,0,33,0,5,38,0,45,15,2,62,0,78,15,7,100,2,0,2,102
02/23/2008,MKK,HI,AWP,WE,Federal Contract Tower,0,29,1,0,30,0,56,24,4,84,0,85,25,4,114,0,0,0,114
02/24/2008,MKK,HI,AWP,WE,Federal Contract Tower,0,31,5,0,36,0,46,27,2,75,0,77,32,2,111,14,0,14,125
02/25/2008,MKK,HI,AWP,WE,Federal Contract Tower,0,26,3,4,33,0,61,19,0,80,0,87,22,4,113,0,0,0,113
02/26/2008,MKK,HI,AWP,WE,Federal Contract Tower,0,25,2,2,29,0,59,10,2,71,0,84,12,4,100,0,0,0,100
02/27/2008,MKK,HI,AWP,WE,Federal Contract Tower,0,24,0,10,34,0,37,16,0,53,0,61,16,10,87,2,0,2,89
02/28/2008,MKK,HI,AWP,WE,Federal Contract Tower,0,34,3,6,43,0,47,6,4,57,0,81,9,10,100,0,0,0,100
02/29/2008,MKK,HI,AWP,WE,Federal Contract Tower,0,30,1,2,33,0,76,14,0,90,0,106,15,2,123,4,0,4,127
03/01/2008,MKK,HI,AWP,WE,Federal Contract Tower,0,24,0,0,24,0,58,9,2,69,0,82,9,2,93,2,4,6,99
03/02/2008,MKK,HI,AWP,WE,Federal Contract Tower,0,25,5,0,30,0,60,26,3,89,0,85,31,3,119,30,0,30,149
03/03/2008,MKK,HI,AWP,WE,Federal Contract Tower,0,26,2,2,30,0,59,8,4,71,0,85,10,6,101,0,0,0,101
03/04/2008,MKK,HI,AWP,WE,Federal Contract Tower,0,23,2,2,27,0,42,9,4,55,0,65,11,6,82,8,0,8,90
03/05/2008,MKK,HI,AWP,WE,Federal Contract Tower,0,28,4,3,35,0,47,4,1,52,0,75,8,4,87,0,0,0,87
03/06/2008,MKK,HI,AWP,WE,Federal Contract Tower,0,34,0,9,43,0,46,2,3,51,0,80,2,12,94,4,0,4,98
03/07/2008,MKK,HI,AWP,WE,Federal Contract Tower,0,30,2,3,35,0,53,8,6,67,0,83,10,9,102,0,10,10,112
03/08/2008,MKK,HI,AWP,WE,Federal Contract Tower,0,31,4,0,35,0,49,23,2,74,0,80,27,2,109,0,4,4,113
03/09/2008,MKK,HI,AWP,WE,Federal Contract Tower,0,23,0,0,23,0,48,20,3,71,0,71,20,3,94,4,0,4,98
03/10/2008,MKK,HI,AWP,WE,Federal Contract Tower,0,24,0,2,26,0,51,12,0,63,0,75,12,2,89,0,0,0,89
03/11/2008,MKK,HI,AWP,WE,Federal Contract Tower,0,25,3,10,38,0,51,14,0,65,0,76,17,10,103,0,0,0,103
03/12/2008,MKK,HI,AWP,WE,Federal Contract Tower,0,23,0,0,23,0,41,3,2,46,0,64,3,2,69,4,0,4,73
03/13/2008,MKK,HI,AWP,WE,Federal Contract Tower,0,28,0,4,32,0,58,6,4,68,0,86,6,8,100,0,0,0,100
03/14/2008,MKK,HI,AWP,WE,Federal Contract Tower,0,31,0,4,35,0,63,12,3,78,0,94,12,7,113,8,0,8,121
03/15/2008,MKK,HI,AWP,WE,Federal Contract Tower,0,29,0,0,29,0,53,9,1,63,0,82,9,1,92,0,0,0,92
03/16/2008,MKK,HI,AWP,WE,Federal Contract Tower,0,24,3,0,27,0,64,21,0,85,0,88,24,0,112,16,0,16,128
03/17/2008,MKK,HI,AWP,WE,Federal Contract Tower,0,20,1,6,27,0,65,10,4,79,0,85,11,10,106,8,0,8,114
03/18/2008,MKK,HI,AWP,WE,Federal Contract Tower,0,21,1,2,24,0,59,3,3,65,0,80,4,5,89,0,0,0,89
03/19/2008,MKK,HI,AWP,WE,Federal Contract Tower,0,26,1,4,31,0,47,10,0,57,0,73,11,4,88,10,0,10,98
03/20/2008,MKK,HI,AWP,WE,Federal Contract Tower,0,34,0,4,38,0,50,11,2,63,0,84,11,6,101,14,0,14,115
03/21/2008,MKK,HI,AWP,WE,Federal Contract Tower,0,32,0,0,32,0,69,13,1,83,0,101,13,1,115,4,0,4,119
03/22/2008,MKK,HI,AWP,WE,Federal Contract Tower,0,27,2,0,29,0,63,15,0,78,0,90,17,0,107,10,0,10,117
03/23/2008,MKK,HI,AWP,WE,Federal Contract Tower,0,18,2,0,20,0,63,12,0,75,0,81,14,0,95,4,0,4,99
03/24/2008,MKK,HI,AWP,WE,Federal Contract Tower,0,25,0,2,27,0,58,10,3,71,0,83,10,5,98,0,0,0,98
03/25/2008,MKK,HI,AWP,WE,Federal Contract Tower,0,26,0,0,26,0,45,6,0,51,0,71,6,0,77,2,0,2,79
03/26/2008,MKK,HI,AWP,WE,Federal Contract Tower,0,25,5,2,32,0,43,16,0,59,0,68,21,2,91,4,0,4,95
03/27/2008,MKK,HI,AWP,WE,Federal Contract Tower,0,32,4,2,38,0,59,11,2,72,0,91,15,4,110,4,0,4,114
03/28/2008,MKK,HI,AWP,WE,Federal Contract Tower,0,29,2,1,32,0,84,12,2,98,0,113,14,3,130,2,0,2,132
03/29/2008,MKK,HI,AWP,WE,Federal Contract Tower,0,27,1,0,28,0,53,26,0,79,0,80,27,0,107,14,0,14,121
03/30/2008,MKK,HI,AWP,WE,Federal Contract Tower,0,26,2,0,28,0,64,13,0,77,0,90,15,0,105,0,0,0,105
03/31/2008,MKK,HI,AWP,WE,Federal Contract Tower,0,25,3,6,34,0,52,9,3,64,0,77,12,9,98,2,0,2,100
04/01/2008,MKK,HI,AWP,WE,Federal Contract Tower,0,24,0,8,32,0,51,7,2,60,0,75,7,10,92,2,0,2,94
04/02/2008,MKK,HI,AWP,WE,Federal Contract Tower,0,24,0,4,28,0,36,6,2,44,0,60,6,6,72,2,0,2,74
04/03/2008,MKK,HI,AWP,WE,Federal Contract Tower,0,36,0,4,40,0,62,3,4,69,0,98,3,8,109,0,0,0,109
04/04/2008,MKK,HI,AWP,WE,Federal Contract Tower,0,25,3,0,28,0,67,7,0,74,0,92,10,0,102,0,0,0,102
04/05/2008,MKK,HI,AWP,WE,Federal Contract Tower,0,28,0,0,28,0,54,26,0,80,0,82,26,0,108,16,0,16,124
04/06/2008,MKK,HI,AWP,WE,Federal Contract Tower,0,18,1,0,19,0,53,26,0,79,0,71,27,0,98,0,0,0,98
04/07/2008,MKK,HI,AWP,WE,Federal Contract Tower,0,23,4,0,27,0,56,3,11,70,0,79,7,11,97,0,0,0,97
04/08/2008,MKK,HI,AWP,WE,Federal Contract Tower,0,25,2,8,35,0,52,17,7,76,0,77,19,15,111,2,0,2,113
04/09/2008,MKK,HI,AWP,WE,Federal Contract Tower,0,40,0,0,40,0,23,1,0,24,0,63,1,0,64,0,0,0,64
04/10/2008,MKK,HI,AWP,WE,Federal Contract Tower,0,28,0,6,34,0,56,7,6,69,0,84,7,12,103,0,0,0,103
04/11/2008,MKK,HI,AWP,WE,Federal Contract Tower,0,31,2,0,33,0,51,1,0,52,0,82,3,0,85,0,0,0,85
04/12/2008,MKK,HI,AWP,WE,Federal Contract Tower,0,24,4,0,28,0,53,12,0,65,0,77,16,0,93,6,0,6,99
04/13/2008,MKK,HI,AWP,WE,Federal Contract Tower,0,22,2,0,24,0,53,12,2,67,0,75,14,2,91,0,0,0,91
04/14/2008,MKK,HI,AWP,WE,Federal Contract Tower,0,24,1,4,29,0,62,7,0,69,0,86,8,4,98,0,0,0,98
04/15/2008,MKK,HI,AWP,WE,Federal Contract Tower,0,24,0,0,24,0,69,8,1,78,0,93,8,1,102,0,0,0,102
04/16/2008,MKK,HI,AWP,WE,Federal Contract Tower,0,25,4,4,33,0,35,3,0,38,0,60,7,4,71,0,0,0,71
04/17/2008,MKK,HI,AWP,WE,Federal Contract Tower,0,25,4,4,33,0,51,7,2,60,0,76,11,6,93,0,0,0,93
04/18/2008,MKK,HI,AWP,WE,Federal Contract Tower,0,26,0,0,26,0,59,15,0,74,0,85,15,0,100,10,0,10,110
04/19/2008,MKK,HI,AWP,WE,Federal Contract Tower,0,31,0,0,31,0,53,13,4,70,0,84,13,4,101,0,0,0,101
04/20/2008,MKK,HI,AWP,WE,Federal Contract Tower,0,30,8,0,38,0,57,7,0,64,0,87,15,0,102,0,0,0,102
04/21/2008,MKK,HI,AWP,WE,Federal Contract Tower,0,22,6,0,28,0,53,11,22,86,0,75,17,22,114,0,0,0,114
04/22/2008,MKK,HI,AWP,WE,Federal Contract Tower,0,27,0,2,29,0,49,3,21,73,0,76,3,23,102,0,0,0,102
04/23/2008,MKK,HI,AWP,WE,Federal Contract Tower,0,28,2,1,31,0,42,15,1,58,0,70,17,2,89,10,0,10,99
04/24/2008,MKK,HI,AWP,WE,Federal Contract Tower,0,26,0,0,26,0,46,8,0,54,0,72,8,0,80,0,0,0,80
04/25/2008,MKK,HI,AWP,WE,Federal Contract Tower,0,30,1,0,31,0,54,15,0,69,0,84,16,0,100,8,0,8,108
04/26/2008,MKK,HI,AWP,WE,Federal Contract Tower,0,30,0,0,30,0,44,19,0,63,0,74,19,0,93,0,0,0,93
04/27/2008,MKK,HI,AWP,WE,Federal Contract Tower,0,28,0,0,28,0,50,21,0,71,0,78,21,0,99,20,0,20,119
04/28/2008,MKK,HI,AWP,WE,Federal Contract Tower,0,26,2,0,28,0,54,18,5,77,0,80,20,5,105,0,0,0,105
04/29/2008,MKK,HI,AWP,WE,Federal Contract Tower,0,22,2,2,26,0,52,8,6,66,0,74,10,8,92,0,10,10,102
04/30/2008,MKK,HI,AWP,WE,Federal Contract Tower,0,22,0,2,24,0,43,14,0,57,0,65,14,2,81,4,0,4,85
05/01/2008,MKK,HI,AWP,WE,Federal Contract Tower,0,26,1,2,29,0,56,29,0,85,0,82,30,2,114,4,0,4,118
05/02/2008,MKK,HI,AWP,WE,Federal Contract Tower,0,30,2,0,32,0,61,21,0,82,0,91,23,0,114,2,0,2,116
05/03/2008,MKK,HI,AWP,WE,Federal Contract Tower,0,26,0,0,26,0,61,25,3,89,0,87,25,3,115,20,0,20,135
05/04/2008,MKK,HI,AWP,WE,Federal Contract Tower,0,22,2,0,24,0,56,16,3,75,0,78,18,3,99,0,8,8,107
05/05/2008,MKK,HI,AWP,WE,Federal Contract Tower,0,24,4,0,28,0,61,7,4,72,0,85,11,4,100,0,0,0,100
05/06/2008,MKK,HI,AWP,WE,Federal Contract Tower,0,30,1,2,33,0,47,7,0,54,0,77,8,2,87,0,0,0,87
05/07/2008,MKK,HI,AWP,WE,Federal Contract Tower,0,22,0,0,22,0,50,11,2,63,0,72,11,2,85,22,0,22,107
05/08/2008,MKK,HI,AWP,WE,Federal Contract Tower,0,27,0,2,29,0,42,9,6,57,0,69,9,8,86,6,0,6,92
05/09/2008,MKK,HI,AWP,WE,Federal Contract Tower,0,29,2,0,31,0,55,7,0,62,0,84,9,0,93,8,0,8,101
05/10/2008,MKK,HI,AWP,WE,Federal Contract Tower,0,30,0,0,30,0,50,15,0,65,0,80,15,0,95,40,0,40,135
05/11/2008,MKK,HI,AWP,WE,Federal Contract Tower,0,28,0,0,28,0,53,18,0,71,0,81,18,0,99,32,0,32,131
05/12/2008,MKK,HI,AWP,WE,Federal Contract Tower,0,30,2,6,38,0,47,20,1,68,0,77,22,7,106,16,0,16,122
05/13/2008,MKK,HI,AWP,WE,Federal Contract Tower,0,27,2,2,31,0,35,10,0,45,0,62,12,2,76,0,0,0,76
05/14/2008,MKK,HI,AWP,WE,Federal Contract Tower,0,28,0,0,28,0,28,7,0,35,0,56,7,0,63,4,0,4,67
05/15/2008,MKK,HI,AWP,WE,Federal Contract Tower,0,24,1,0,25,0,37,12,0,49,0,61,13,0,74,22,0,22,96
05/16/2008,MKK,HI,AWP,WE,Federal Contract Tower,0,31,0,0,31,0,54,3,0,57,0,85,3,0,88,20,0,20,108
05/17/2008,MKK,HI,AWP,WE,Federal Contract Tower,0,28,1,0,29,0,42,20,0,62,0,70,21,0,91,0,0,0,91
05/18/2008,MKK,HI,AWP,WE,Federal Contract Tower,0,20,0,0,20,0,46,25,4,75,0,66,25,4,95,20,0,20,115
05/19/2008,MKK,HI,AWP,WE,Federal Contract Tower,0,25,1,1,27,0,49,11,3,63,0,74,12,4,90,6,0,6,96
05/20/2008,MKK,HI,AWP,WE,Federal Contract Tower,0,28,1,2,31,0,38,6,1,45,0,66,7,3,76,0,0,0,76
05/21/2008,MKK,HI,AWP,WE,Federal Contract Tower,0,29,0,2,31,0,31,10,0,41,0,60,10,2,72,0,0,0,72
05/22/2008,MKK,HI,AWP,WE,Federal Contract Tower,0,41,0,2,43,0,21,3,0,24,0,62,3,2,67,0,0,0,67
05/23/2008,MKK,HI,AWP,WE,Federal Contract Tower,0,26,1,0,27,0,47,12,0,59,0,73,13,0,86,36,0,36,122
05/24/2008,MKK,HI,AWP,WE,Federal Contract Tower,0,25,0,0,25,0,53,13,0,66,0,78,13,0,91,10,0,10,101
05/25/2008,MKK,HI,AWP,WE,Federal Contract Tower,0,28,0,0,28,0,45,23,2,70,0,73,23,2,98,18,0,18,116
05/26/2008,MKK,HI,AWP,WE,Federal Contract Tower,0,19,3,0,22,0,39,17,0,56,0,58,20,0,78,20,0,20,98
05/27/2008,MKK,HI,AWP,WE,Federal Contract Tower,0,26,2,0,28,0,45,7,2,54,0,71,9,2,82,0,0,0,82
05/28/2008,MKK,HI,AWP,WE,Federal Contract Tower,0,22,0,1,23,0,34,7,1,42,0,56,7,2,65,0,0,0,65
05/29/2008,MKK,HI,AWP,WE,Federal Contract Tower,0,23,0,4,27,0,53,6,6,65,0,76,6,10,92,0,0,0,92
05/30/2008,MKK,HI,AWP,WE,Federal Contract Tower,0,21,0,0,21,0,51,12,0,63,0,72,12,0,84,4,0,4,88
05/31/2008,MKK,HI,AWP,WE,Federal Contract Tower,0,24,4,0,28,0,44,14,1,59,0,68,18,1,87,46,0,46,133
06/01/2008,MKK,HI,AWP,WE,Federal Contract Tower,0,26,0,0,26,0,46,21,1,68,0,72,21,1,94,40,0,40,134
06/02/2008,MKK,HI,AWP,WE,Federal Contract Tower,0,26,0,2,28,0,42,10,0,52,0,68,10,2,80,6,0,6,86
06/03/2008,MKK,HI,AWP,WE,Federal Contract Tower,0,23,0,1,24,0,40,5,3,48,0,63,5,4,72,0,10,10,82
06/04/2008,MKK,HI,AWP,WE,Federal Contract Tower,0,24,0,0,24,0,28,21,0,49,0,52,21,0,73,0,0,0,73
06/05/2008,MKK,HI,AWP,WE,Federal Contract Tower,0,22,0,0,22,0,46,12,0,58,0,68,12,0,80,10,0,10,90
06/06/2008,MKK,HI,AWP,WE,Federal Contract Tower,0,27,1,0,28,0,52,17,0,69,0,79,18,0,97,10,0,10,107
06/07/2008,MKK,HI,AWP,WE,Federal Contract Tower,0,24,0,0,24,0,47,15,0,62,0,71,15,0,86,14,0,14,100
06/08/2008,MKK,HI,AWP,WE,Federal Contract Tower,0,23,2,0,25,0,41,8,0,49,0,64,10,0,74,0,0,0,74
06/09/2008,MKK,HI,AWP,WE,Federal Contract Tower,0,20,0,2,22,0,49,11,0,60,0,69,11,2,82,2,0,2,84
06/10/2008,MKK,HI,AWP,WE,Federal Contract Tower,0,23,0,0,23,0,41,11,0,52,0,64,11,0,75,0,0,0,75
06/11/2008,MKK,HI,AWP,WE,Federal Contract Tower,0,20,0,0,20,0,37,12,0,49,0,57,12,0,69,0,0,0,69
06/12/2008,MKK,HI,AWP,WE,Federal Contract Tower,0,19,2,2,23,0,50,16,4,70,0,69,18,6,93,0,0,0,93
06/13/2008,MKK,HI,AWP,WE,Federal Contract Tower,0,24,0,0,24,0,52,3,0,55,0,76,3,0,79,0,0,0,79
06/14/2008,MKK,HI,AWP,WE,Federal Contract Tower,0,20,0,0,20,0,44,13,4,61,0,64,13,4,81,4,0,4,85
06/15/2008,MKK,HI,AWP,WE,Federal Contract Tower,0,24,2,0,26,0,46,15,1,62,0,70,17,1,88,0,0,0,88
06/16/2008,MKK,HI,AWP,WE,Federal Contract Tower,0,24,2,2,28,0,35,7,1,43,0,59,9,3,71,0,0,0,71
06/17/2008,MKK,HI,AWP,WE,Federal Contract Tower,0,23,0,0,23,0,42,8,2,52,0,65,8,2,75,0,0,0,75
06/18/2008,MKK,HI,AWP,WE,Federal Contract Tower,0,21,0,0,21,0,41,6,0,47,0,62,6,0,68,0,0,0,68
06/19/2008,MKK,HI,AWP,WE,Federal Contract Tower,0,22,2,0,24,0,47,10,0,57,0,69,12,0,81,0,0,0,81
06/20/2008,MKK,HI,AWP,WE,Federal Contract Tower,0,23,0,0,23,0,47,8,1,56,0,70,8,1,79,0,0,0,79
06/21/2008,MKK,HI,AWP,WE,Federal Contract Tower,0,24,2,0,26,0,47,8,4,59,0,71,10,4,85,4,0,4,89
06/22/2008,MKK,HI,AWP,WE,Federal Contract Tower,0,24,0,0,24,0,42,14,2,58,0,66,14,2,82,10,0,10,92
06/23/2008,MKK,HI,AWP,WE,Federal Contract Tower,0,18,0,0,18,0,46,5,1,52,0,64,5,1,70,0,0,0,70
06/24/2008,MKK,HI,AWP,WE,Federal Contract Tower,0,24,0,0,24,0,55,12,1,68,0,79,12,1,92,0,0,0,92
06/25/2008,MKK,HI,AWP,WE,Federal Contract Tower,0,24,2,0,26,0,32,7,0,39,0,56,9,0,65,0,0,0,65
06/26/2008,MKK,HI,AWP,WE,Federal Contract Tower,0,26,1,0,27,0,45,19,0,64,0,71,20,0,91,54,0,54,145
06/27/2008,MKK,HI,AWP,WE,Federal Contract Tower,0,29,2,2,33,0,42,5,0,47,0,71,7,2,80,0,0,0,80
06/28/2008,MKK,HI,AWP,WE,Federal Contract Tower,0,25,1,1,27,0,39,28,6,73,0,64,29,7,100,2,0,2,102
06/29/2008,MKK,HI,AWP,WE,Federal Contract Tower,0,23,3,0,26,0,46,14,2,62,0,69,17,2,88,18,0,18,106
06/30/2008,MKK,HI,AWP,WE,Federal Contract Tower,0,24,1,0,25,0,34,14,2,50,0,58,15,2,75,0,0,0,75
07/01/2008,MKK,HI,AWP,WE,Federal Contract Tower,0,28,0,0,28,0,59,3,4,66,0,87,3,4,94,0,0,0,94
07/02/2008,MKK,HI,AWP,WE,Federal Contract Tower,0,20,0,3,23,0,58,8,2,68,0,78,8,5,91,0,2,2,93
07/03/2008,MKK,HI,AWP,WE,Federal Contract Tower,0,21,2,0,23,0,72,8,0,80,0,93,10,0,103,4,0,4,107
07/04/2008,MKK,HI,AWP,WE,Federal Contract Tower,0,26,0,0,26,0,65,13,2,80,0,91,13,2,106,0,0,0,106
07/05/2008,MKK,HI,AWP,WE,Federal Contract Tower,0,20,0,0,20,0,57,20,0,77,0,77,20,0,97,32,0,32,129
07/06/2008,MKK,HI,AWP,WE,Federal Contract Tower,0,18,5,0,23,0,61,23,0,84,0,79,28,0,107,0,0,0,107
07/07/2008,MKK,HI,AWP,WE,Federal Contract Tower,0,21,1,2,24,0,67,6,2,75,0,88,7,4,99,0,0,0,99
07/08/2008,MKK,HI,AWP,WE,Federal Contract Tower,0,20,2,3,25,0,60,3,6,69,0,80,5,9,94,0,0,0,94
07/09/2008,MKK,HI,AWP,WE,Federal Contract Tower,0,25,0,0,25,0,59,8,0,67,0,84,8,0,92,2,0,2,94
07/10/2008,MKK,HI,AWP,WE,Federal Contract Tower,0,22,1,0,23,0,66,31,0,97,0,88,32,0,120,16,0,16,136
07/11/2008,MKK,HI,AWP,WE,Federal Contract Tower,0,26,0,1,27,0,73,13,3,89,0,99,13,4,116,12,0,12,128
07/12/2008,MKK,HI,AWP,WE,Federal Contract Tower,0,21,2,0,23,0,55,16,0,71,0,76,18,0,94,4,0,4,98
07/13/2008,MKK,HI,AWP,WE,Federal Contract Tower,0,17,4,0,21,0,45,23,0,68,0,62,27,0,89,10,0,10,99
07/14/2008,MKK,HI,AWP,WE,Federal Contract Tower,0,20,0,2,22,0,65,10,0,75,0,85,10,2,97,0,0,0,97
07/15/2008,MKK,HI,AWP,WE,Federal Contract Tower,0,18,4,0,22,0,59,10,27,96,0,77,14,27,118,27,0,27,145
07/16/2008,MKK,HI,AWP,WE,Federal Contract Tower,0,17,2,0,19,0,51,34,2,87,0,68,36,2,106,12,0,12,118
07/17/2008,MKK,HI,AWP,WE,Federal Contract Tower,0,21,0,1,22,0,66,6,2,74,0,87,6,3,96,6,0,6,102
07/18/2008,MKK,HI,AWP,WE,Federal Contract Tower,0,21,0,2,23,0,57,8,2,67,0,78,8,4,90,10,0,10,100
07/19/2008,MKK,HI,AWP,WE,Federal Contract Tower,0,24,3,0,27,0,61,18,0,79,0,85,21,0,106,14,0,14,120
07/20/2008,MKK,HI,AWP,WE,Federal Contract Tower,0,18,2,0,20,0,48,20,0,68,0,66,22,0,88,2,0,2,90
07/21/2008,MKK,HI,AWP,WE,Federal Contract Tower,0,21,0,2,23,0,68,7,2,77,0,89,7,4,100,0,0,0,100
07/22/2008,MKK,HI,AWP,WE,Federal Contract Tower,0,24,1,3,28,0,61,6,4,71,0,85,7,7,99,0,0,0,99
07/23/2008,MKK,HI,AWP,WE,Federal Contract Tower,0,22,4,2,28,0,61,8,0,69,0,83,12,2,97,0,0,0,97
07/24/2008,MKK,HI,AWP,WE,Federal Contract Tower,0,18,2,5,25,0,62,14,5,81,0,80,16,10,106,0,0,0,106
07/25/2008,MKK,HI,AWP,WE,Federal Contract Tower,0,23,6,0,29,0,63,16,1,80,0,86,22,1,109,0,0,0,109
07/26/2008,MKK,HI,AWP,WE,Federal Contract Tower,0,21,2,2,25,0,56,11,0,67,0,77,13,2,92,0,0,0,92
07/27/2008,MKK,HI,AWP,WE,Federal Contract Tower,0,26,4,0,30,0,47,13,0,60,0,73,17,0,90,8,0,8,98
07/28/2008,MKK,HI,AWP,WE,Federal Contract Tower,0,19,0,2,21,0,48,3,4,55,0,67,3,6,76,6,0,6,82
07/29/2008,MKK,HI,AWP,WE,Federal Contract Tower,0,18,2,1,21,0,48,7,2,57,0,66,9,3,78,0,0,0,78
07/30/2008,MKK,HI,AWP,WE,Federal Contract Tower,0,18,1,4,23,0,55,3,4,62,0,73,4,8,85,0,0,0,85
07/31/2008,MKK,HI,AWP,WE,Federal Contract Tower,0,18,7,0,25,0,62,22,5,89,0,80,29,5,114,4,0,4,118
08/01/2008,MKK,HI,AWP,WE,Federal Contract Tower,0,19,2,0,21,0,62,13,2,77,0,81,15,2,98,0,0,0,98
08/02/2008,MKK,HI,AWP,WE,Federal Contract Tower,0,16,1,0,17,0,52,12,1,65,0,68,13,1,82,6,0,6,88
08/03/2008,MKK,HI,AWP,WE,Federal Contract Tower,0,17,0,0,17,0,50,5,0,55,0,67,5,0,72,0,0,0,72
08/04/2008,MKK,HI,AWP,WE,Federal Contract Tower,0,21,2,0,23,0,57,6,0,63,0,78,8,0,86,6,0,6,92
08/05/2008,MKK,HI,AWP,WE,Federal Contract Tower,0,20,2,2,24,0,57,10,2,69,0,77,12,4,93,0,0,0,93
08/06/2008,MKK,HI,AWP,WE,Federal Contract Tower,0,18,0,3,21,0,62,9,8,79,0,80,9,11,100,16,0,16,116
08/07/2008,MKK,HI,AWP,WE,Federal Contract Tower,0,20,5,6,31,0,70,25,12,107,0,90,30,18,138,20,0,20,158
08/08/2008,MKK,HI,AWP,WE,Federal Contract Tower,0,29,1,7,37,0,70,12,0,82,0,99,13,7,119,0,0,0,119
08/09/2008,MKK,HI,AWP,WE,Federal Contract Tower,0,16,2,0,18,0,65,23,0,88,0,81,25,0,106,0,0,0,106
08/10/2008,MKK,HI,AWP,WE,Federal Contract Tower,0,20,0,0,20,0,48,9,0,57,0,68,9,0,77,0,0,0,77
08/11/2008,MKK,HI,AWP,WE,Federal Contract Tower,0,23,0,2,25,0,60,8,2,70,0,83,8,4,95,4,0,4,99
08/12/2008,MKK,HI,AWP,WE,Federal Contract Tower,0,21,0,6,27,0,56,15,2,73,0,77,15,8,100,2,0,2,102
08/13/2008,MKK,HI,AWP,WE,Federal Contract Tower,0,18,0,0,18,0,57,6,0,63,0,75,6,0,81,0,0,0,81
08/14/2008,MKK,HI,AWP,WE,Federal Contract Tower,0,21,3,2,26,0,58,26,6,90,0,79,29,8,116,12,0,12,128
08/15/2008,MKK,HI,AWP,WE,Federal Contract Tower,0,23,0,0,23,0,68,21,0,89,0,91,21,0,112,0,0,0,112
08/16/2008,MKK,HI,AWP,WE,Federal Contract Tower,0,19,1,0,20,0,60,18,0,78,0,79,19,0,98,0,0,0,98
08/17/2008,MKK,HI,AWP,WE,Federal Contract Tower,0,22,9,9,40,0,49,13,0,62,0,71,22,9,102,0,0,0,102
08/18/2008,MKK,HI,AWP,WE,Federal Contract Tower,0,22,4,2,28,0,62,11,0,73,0,84,15,2,101,0,0,0,101
08/19/2008,MKK,HI,AWP,WE,Federal Contract Tower,0,17,2,3,22,0,49,4,4,57,0,66,6,7,79,0,0,0,79
08/20/2008,MKK,HI,AWP,WE,Federal Contract Tower,0,21,0,0,21,0,58,4,0,62,0,79,4,0,83,0,0,0,83
08/21/2008,MKK,HI,AWP,WE,Federal Contract Tower,0,21,0,0,21,0,66,13,2,81,0,87,13,2,102,0,0,0,102
08/22/2008,MKK,HI,AWP,WE,Federal Contract Tower,0,20,1,0,21,0,67,18,6,91,0,87,19,6,112,0,4,4,116
08/23/2008,MKK,HI,AWP,WE,Federal Contract Tower,0,14,0,0,14,0,53,11,20,84,0,67,11,20,98,0,0,0,98
08/24/2008,MKK,HI,AWP,WE,Federal Contract Tower,0,17,0,0,17,0,50,7,0,57,0,67,7,0,74,0,0,0,74
08/25/2008,MKK,HI,AWP,WE,Federal Contract Tower,0,20,0,2,22,0,74,0,4,78,0,94,0,6,100,0,6,6,106
08/26/2008,MKK,HI,AWP,WE,Federal Contract Tower,0,20,0,0,20,0,49,15,0,64,0,69,15,0,84,4,0,4,88
08/27/2008,MKK,HI,AWP,WE,Federal Contract Tower,0,17,0,9,26,0,56,8,17,81,0,73,8,26,107,0,8,8,115
08/28/2008,MKK,HI,AWP,WE,Federal Contract Tower,0,19,0,3,22,0,71,6,10,87,0,90,6,13,109,0,0,0,109
08/29/2008,MKK,HI,AWP,WE,Federal Contract Tower,0,23,2,1,26,0,69,24,1,94,0,92,26,2,120,0,0,0,120
08/30/2008,MKK,HI,AWP,WE,Federal Contract Tower,0,16,2,1,19,0,49,18,1,68,0,65,20,2,87,0,0,0,87
08/31/2008,MKK,HI,AWP,WE,Federal Contract Tower,0,20,0,0,20,0,49,8,0,57,0,69,8,0,77,0,0,0,77
09/01/2008,MKK,HI,AWP,WE,Federal Contract Tower,0,14,4,2,20,0,42,17,0,59,0,56,21,2,79,36,0,36,115
09/02/2008,MKK,HI,AWP,WE,Federal Contract Tower,0,19,6,6,31,0,46,11,0,57,0,65,17,6,88,42,0,42,130
09/03/2008,MKK,HI,AWP,WE,Federal Contract Tower,0,16,5,8,29,0,52,28,5,85,0,68,33,13,114,6,2,8,122
09/04/2008,MKK,HI,AWP,WE,Federal Contract Tower,0,12,4,0,16,0,51,8,6,65,0,63,12,6,81,0,0,0,81
09/05/2008,MKK,HI,AWP,WE,Federal Contract Tower,0,18,2,4,24,0,55,12,2,69,0,73,14,6,93,0,2,2,95
09/06/2008,MKK,HI,AWP,WE,Federal Contract Tower,0,16,0,0,16,0,50,9,0,59,0,66,9,0,75,0,0,0,75
09/07/2008,MKK,HI,AWP,WE,Federal Contract Tower,0,15,0,0,15,0,47,3,2,52,0,62,3,2,67,0,0,0,67
09/08/2008,MKK,HI,AWP,WE,Federal Contract Tower,0,16,0,2,18,0,46,0,0,46,0,62,0,2,64,0,0,0,64
09/09/2008,MKK,HI,AWP,WE,Federal Contract Tower,0,19,1,0,20,0,54,5,0,59,0,73,6,0,79,6,0,6,85
09/10/2008,MKK,HI,AWP,WE,Federal Contract Tower,0,18,0,1,19,0,56,4,5,65,0,74,4,6,84,0,0,0,84
09/11/2008,MKK,HI,AWP,WE,Federal Contract Tower,0,18,0,2,20,0,61,10,2,73,0,79,10,4,93,10,2,12,105
09/12/2008,MKK,HI,AWP,WE,Federal Contract Tower,0,18,4,1,23,0,60,22,6,88,0,78,26,7,111,4,0,4,115
09/13/2008,MKK,HI,AWP,WE,Federal Contract Tower,0,12,2,0,14,0,40,9,2,51,0,52,11,2,65,12,0,12,77
09/14/2008,MKK,HI,AWP,WE,Federal Contract Tower,0,18,2,0,20,0,41,4,0,45,0,59,6,0,65,22,0,22,87
09/15/2008,MKK,HI,AWP,WE,Federal Contract Tower,0,22,0,4,26,0,59,5,0,64,0,81,5,4,90,2,0,2,92
09/16/2008,MKK,HI,AWP,WE,Federal Contract Tower,0,21,0,0,21,0,47,8,0,55,0,68,8,0,76,2,0,2,78
09/17/2008,MKK,HI,AWP,WE,Federal Contract Tower,0,24,0,5,29,0,39,8,8,55,0,63,8,13,84,10,0,10,94
09/18/2008,MKK,HI,AWP,WE,Federal Contract Tower,0,20,0,3,23,0,65,12,6,83,0,85,12,9,106,0,0,0,106
09/19/2008,MKK,HI,AWP,WE,Federal Contract Tower,0,13,1,0,14,0,57,13,0,70,0,70,14,0,84,12,0,12,96
09/20/2008,MKK,HI,AWP,WE,Federal Contract Tower,0,20,0,0,20,0,55,17,0,72,0,75,17,0,92,10,0,10,102
09/21/2008,MKK,HI,AWP,WE,Federal Contract Tower,0,18,0,0,18,0,48,14,0,62,0,66,14,0,80,0,0,0,80
09/22/2008,MKK,HI,AWP,WE,Federal Contract Tower,0,16,2,8,26,0,66,9,0,75,0,82,11,8,101,0,0,0,101
09/23/2008,MKK,HI,AWP,WE,Federal Contract Tower,0,20,1,3,24,0,56,12,6,74,0,76,13,9,98,0,0,0,98
09/24/2008,MKK,HI,AWP,WE,Federal Contract Tower,0,17,0,2,19,0,42,13,4,59,0,59,13,6,78,6,0,6,84
09/25/2008,MKK,HI,AWP,WE,Federal Contract Tower,0,15,0,4,19,0,54,13,8,75,0,69,13,12,94,32,0,32,126
09/26/2008,MKK,HI,AWP,WE,Federal Contract Tower,0,26,2,2,30,0,79,25,2,106,0,105,27,4,136,0,0,0,136
09/27/2008,MKK,HI,AWP,WE,Federal Contract Tower,0,19,0,0,19,0,50,21,0,71,0,69,21,0,90,10,0,10,100
09/28/2008,MKK,HI,AWP,WE,Federal Contract Tower,0,17,0,0,17,0,47,15,0,62,0,64,15,0,79,10,0,10,89
09/29/2008,MKK,HI,AWP,WE,Federal Contract Tower,0,29,0,0,29,0,51,4,2,57,0,80,4,2,86,4,0,4,90
09/30/2008,MKK,HI,AWP,WE,Federal Contract Tower,0,15,2,4,21,0,49,9,0,58,0,64,11,4,79,0,0,0,79
10/01/2008,MKK,HI,AWP,WE,Federal Contract Tower,0,19,0,4,23,0,61,15,6,82,0,80,15,10,105,0,0,0,105
10/02/2008,MKK,HI,AWP,WE,Federal Contract Tower,0,19,4,4,27,0,55,6,2,63,0,74,10,6,90,6,4,10,100
10/03/2008,MKK,HI,AWP,WE,Federal Contract Tower,0,24,2,0,26,0,62,5,0,67,0,86,7,0,93,0,0,0,93
10/04/2008,MKK,HI,AWP,WE,Federal Contract Tower,0,14,3,0,17,0,40,12,0,52,0,54,15,0,69,0,0,0,69
10/05/2008,MKK,HI,AWP,WE,Federal Contract Tower,0,16,1,0,17,0,40,10,0,50,0,56,11,0,67,0,0,0,67
10/06/2008,MKK,HI,AWP,WE,Federal Contract Tower,0,19,2,0,21,0,39,1,0,40,0,58,3,0,61,0,0,0,61
10/07/2008,MKK,HI,AWP,WE,Federal Contract Tower,0,20,2,4,26,0,51,10,2,63,0,71,12,6,89,12,0,12,101
10/08/2008,MKK,HI,AWP,WE,Federal Contract Tower,0,15,0,2,17,0,56,16,2,74,0,71,16,4,91,8,0,8,99
10/09/2008,MKK,HI,AWP,WE,Federal Contract Tower,0,21,0,0,21,0,60,14,1,75,0,81,14,1,96,14,0,14,110
10/10/2008,MKK,HI,AWP,WE,Federal Contract Tower,0,38,2,0,40,0,98,13,2,113,0,136,15,2,153,10,0,10,163
10/11/2008,MKK,HI,AWP,WE,Federal Contract Tower,0,31,0,0,31,0,53,24,0,77,0,84,24,0,108,52,0,52,160
10/12/2008,MKK,HI,AWP,WE,Federal Contract Tower,0,17,0,0,17,0,40,20,0,60,0,57,20,0,77,4,0,4,81
10/13/2008,MKK,HI,AWP,WE,Federal Contract Tower,0,10,6,1,17,0,62,23,1,86,0,72,29,2,103,64,0,64,167
10/14/2008,MKK,HI,AWP,WE,Federal Contract Tower,0,15,0,0,15,0,48,3,2,53,0,63,3,2,68,16,2,18,86
10/15/2008,MKK,HI,AWP,WE,Federal Contract Tower,0,24,0,6,30,0,61,9,8,78,0,85,9,14,108,16,0,16,124
10/16/2008,MKK,HI,AWP,WE,Federal Contract Tower,0,17,0,0,17,0,56,9,6,71,0,73,9,6,88,0,0,0,88
10/17/2008,MKK,HI,AWP,WE,Federal Contract Tower,0,16,3,2,21,0,48,14,4,66,0,64,17,6,87,10,0,10,97
10/18/2008,MKK,HI,AWP,WE,Federal Contract Tower,0,12,0,0,12,0,46,16,0,62,0,58,16,0,74,32,0,32,106
10/19/2008,MKK,HI,AWP,WE,Federal Contract Tower,0,16,0,0,16,0,45,7,0,52,0,61,7,0,68,20,0,20,88
10/20/2008,MKK,HI,AWP,WE,Federal Contract Tower,0,22,1,4,27,0,46,6,4,56,0,68,7,8,83,0,0,0,83
10/21/2008,MKK,HI,AWP,WE,Federal Contract Tower,0,15,0,6,21,0,42,8,6,56,0,57,8,12,77,0,0,0,77
10/22/2008,MKK,HI,AWP,WE,Federal Contract Tower,0,21,2,0,23,0,50,11,2,63,0,71,13,2,86,14,0,14,100
10/23/2008,MKK,HI,AWP,WE,Federal Contract Tower,0,12,5,0,17,0,60,7,0,67,0,72,12,0,84,0,0,0,84
10/24/2008,MKK,HI,AWP,WE,Federal Contract Tower,0,19,0,2,21,0,78,7,2,87,0,97,7,4,108,0,0,0,108
10/25/2008,MKK,HI,AWP,WE,Federal Contract Tower,0,21,0,0,21,0,35,0,0,35,0,56,0,0,56,0,0,0,56
10/26/2008,MKK,HI,AWP,WE,Federal Contract Tower,0,25,0,1,26,0,42,7,4,53,0,67,7,5,79,0,0,0,79
10/27/2008,MKK,HI,AWP,WE,Federal Contract Tower,0,22,0,2,24,0,45,7,0,52,0,67,7,2,76,0,0,0,76
10/28/2008,MKK,HI,AWP,WE,Federal Contract Tower,0,15,0,1,16,0,36,4,2,42,0,51,4,3,58,0,0,0,58
10/29/2008,MKK,HI,AWP,WE,Federal Contract Tower,0,18,0,0,18,0,45,10,0,55,0,63,10,0,73,10,0,10,83
10/30/2008,MKK,HI,AWP,WE,Federal Contract Tower,0,18,2,2,22,0,42,15,2,59,0,60,17,4,81,10,0,10,91
10/31/2008,MKK,HI,AWP,WE,Federal Contract Tower,0,22,5,0,27,0,44,15,0,59,0,66,20,0,86,6,0,6,92
11/01/2008,MKK,HI,AWP,WE,Federal Contract Tower,0,16,2,0,18,0,32,0,0,32,0,48,2,0,50,0,0,0,50
11/02/2008,MKK,HI,AWP,WE,Federal Contract Tower,0,10,0,0,10,0,34,17,0,51,0,44,17,0,61,26,0,26,87
11/03/2008,MKK,HI,AWP,WE,Federal Contract Tower,0,17,4,2,23,0,55,4,0,59,0,72,8,2,82,0,0,0,82
11/04/2008,MKK,HI,AWP,WE,Federal Contract Tower,0,15,0,4,19,0,38,2,6,46,0,53,2,10,65,0,4,4,69
11/05/2008,MKK,HI,AWP,WE,Federal Contract Tower,0,18,0,2,20,0,46,4,2,52,0,64,4,4,72,4,0,4,76
11/06/2008,MKK,HI,AWP,WE,Federal Contract Tower,0,14,0,4,18,0,53,15,0,68,0,67,15,4,86,10,0,10,96
11/07/2008,MKK,HI,AWP,WE,Federal Contract Tower,0,24,0,2,26,0,47,13,2,62,0,71,13,4,88,0,0,0,88
11/08/2008,MKK,HI,AWP,WE,Federal Contract Tower,0,17,0,0,17,0,39,19,0,58,0,56,19,0,75,0,0,0,75
11/09/2008,MKK,HI,AWP,WE,Federal Contract Tower,0,14,2,0,16,0,44,15,2,61,0,58,17,2,77,8,0,8,85
11/10/2008,MKK,HI,AWP,WE,Federal Contract Tower,0,17,0,0,17,0,49,4,0,53,0,66,4,0,70,0,0,0,70
11/11/2008,MKK,HI,AWP,WE,Federal Contract Tower,0,16,1,0,17,0,48,15,0,63,0,64,16,0,80,0,0,0,80
11/12/2008,MKK,HI,AWP,WE,Federal Contract Tower,0,17,2,4,23,0,44,9,4,57,0,61,11,8,80,20,0,20,100
11/13/2008,MKK,HI,AWP,WE,Federal Contract Tower,0,19,3,4,26,0,56,14,4,74,0,75,17,8,100,2,0,2,102
11/14/2008,MKK,HI,AWP,WE,Federal Contract Tower,0,25,3,4,32,0,48,13,0,61,0,73,16,4,93,2,0,2,95
11/15/2008,MKK,HI,AWP,WE,Federal Contract Tower,0,18,0,0,18,0,42,3,8,53,0,60,3,8,71,0,0,0,71
11/16/2008,MKK,HI,AWP,WE,Federal Contract Tower,0,19,0,0,19,0,36,7,2,45,0,55,7,2,64,12,0,12,76
11/17/2008,MKK,HI,AWP,WE,Federal Contract Tower,0,19,0,1,20,0,50,4,1,55,0,69,4,2,75,4,0,4,79
11/18/2008,MKK,HI,AWP,WE,Federal Contract Tower,0,30,0,3,33,0,35,1,2,38,0,65,1,5,71,0,0,0,71
11/19/2008,MKK,HI,AWP,WE,Federal Contract Tower,0,15,0,0,15,0,64,10,4,78,0,79,10,4,93,12,12,24,117
11/20/2008,MKK,HI,AWP,WE,Federal Contract Tower,0,19,0,8,27,0,55,16,4,75,0,74,16,12,102,6,12,18,120
11/21/2008,MKK,HI,AWP,WE,Federal Contract Tower,0,20,0,0,20,0,54,2,0,56,0,74,2,0,76,0,0,0,76
11/22/2008,MKK,HI,AWP,WE,Federal Contract Tower,0,32,4,0,36,0,15,0,0,15,0,47,4,0,51,0,0,0,51
11/23/2008,MKK,HI,AWP,WE,Federal Contract Tower,0,27,1,0,28,0,40,1,0,41,0,67,2,0,69,0,0,0,69
11/24/2008,MKK,HI,AWP,WE,Federal Contract Tower,0,17,0,4,21,0,55,7,4,66,0,72,7,8,87,4,0,4,91
11/25/2008,MKK,HI,AWP,WE,Federal Contract Tower,0,15,0,0,15,0,55,13,0,68,0,70,13,0,83,6,0,6,89
11/26/2008,MKK,HI,AWP,WE,Federal Contract Tower,0,16,9,0,25,0,68,35,0,103,0,84,44,0,128,12,0,12,140
11/27/2008,MKK,HI,AWP,WE,Federal Contract Tower,0,12,0,0,12,0,50,2,0,52,0,62,2,0,64,0,0,0,64
11/28/2008,MKK,HI,AWP,WE,Federal Contract Tower,0,20,0,0,20,0,62,23,2,87,0,82,23,2,107,20,0,20,127
11/29/2008,MKK,HI,AWP,WE,Federal Contract Tower,0,28,1,0,29,0,36,20,0,56,0,64,21,0,85,2,0,2,87
11/30/2008,MKK,HI,AWP,WE,Federal Contract Tower,0,15,2,0,17,0,47,21,1,69,0,62,23,1,86,14,0,14,100
12/01/2008,MKK,HI,AWP,WE,Federal Contract Tower,0,21,3,4,28,0,57,8,4,69,0,78,11,8,97,0,0,0,97
12/02/2008,MKK,HI,AWP,WE,Federal Contract Tower,0,22,2,3,27,0,47,2,4,53,0,69,4,7,80,0,0,0,80
12/03/2008,MKK,HI,AWP,WE,Federal Contract Tower,0,16,0,2,18,0,54,6,2,62,0,70,6,4,80,14,0,14,94
12/04/2008,MKK,HI,AWP,WE,Federal Contract Tower,0,15,0,2,17,0,29,14,0,43,0,44,14,2,60,0,0,0,60
12/05/2008,MKK,HI,AWP,WE,Federal Contract Tower,0,19,2,0,21,0,43,24,0,67,0,62,26,0,88,4,0,4,92
12/06/2008,MKK,HI,AWP,WE,Federal Contract Tower,0,12,0,2,14,0,35,7,0,42,0,47,7,2,56,10,0,10,66
12/07/2008,MKK,HI,AWP,WE,Federal Contract Tower,0,20,3,0,23,0,32,10,0,42,0,52,13,0,65,0,0,0,65
12/08/2008,MKK,HI,AWP,WE,Federal Contract Tower,0,13,0,0,13,0,60,6,0,66,0,73,6,0,79,0,0,0,79
12/09/2008,MKK,HI,AWP,WE,Federal Contract Tower,0,15,0,6,21,0,51,6,6,63,0,66,6,12,84,10,0,10,94
12/10/2008,MKK,HI,AWP,WE,Federal Contract Tower,0,23,2,0,25,0,38,15,0,53,0,61,17,0,78,0,0,0,78
12/11/2008,MKK,HI,AWP,WE,Federal Contract Tower,0,36,0,0,36,0,41,0,0,41,0,77,0,0,77,0,0,0,77
12/12/2008,MKK,HI,AWP,WE,Federal Contract Tower,0,31,0,0,31,0,31,11,0,42,0,62,11,0,73,14,0,14,87
12/13/2008,MKK,HI,AWP,WE,Federal Contract Tower,0,19,0,0,19,0,40,9,0,49,0,59,9,0,68,0,0,0,68
12/14/2008,MKK,HI,AWP,WE,Federal Contract Tower,0,19,0,0,19,0,22,8,0,30,0,41,8,0,49,0,0,0,49
12/15/2008,MKK,HI,AWP,WE,Federal Contract Tower,0,24,0,4,28,0,64,19,4,87,0,88,19,8,115,6,0,6,121
12/16/2008,MKK,HI,AWP,WE,Federal Contract Tower,0,27,0,3,30,0,50,9,4,63,0,77,9,7,93,6,2,8,101
12/17/2008,MKK,HI,AWP,WE,Federal Contract Tower,0,19,1,2,22,0,53,12,4,69,0,72,13,6,91,6,2,8,99
12/18/2008,MKK,HI,AWP,WE,Federal Contract Tower,0,13,3,2,18,0,56,10,2,68,0,69,13,4,86,6,0,6,92
12/19/2008,MKK,HI,AWP,WE,Federal Contract Tower,0,32,4,0,36,0,59,13,0,72,0,91,17,0,108,0,0,0,108
12/20/2008,MKK,HI,AWP,WE,Federal Contract Tower,0,25,0,0,25,0,39,6,2,47,0,64,6,2,72,6,0,6,78
12/21/2008,MKK,HI,AWP,WE,Federal Contract Tower,0,14,0,0,14,0,51,14,0,65,0,65,14,0,79,6,0,6,85
12/22/2008,MKK,HI,AWP,WE,Federal Contract Tower,0,31,0,4,35,0,59,3,2,64,0,90,3,6,99,0,0,0,99
12/23/2008,MKK,HI,AWP,WE,Federal Contract Tower,0,26,0,4,30,0,59,8,4,71,0,85,8,8,101,0,0,0,101
12/24/2008,MKK,HI,AWP,WE,Federal Contract Tower,0,25,0,0,25,0,52,16,0,68,0,77,16,0,93,14,0,14,107
12/25/2008,MKK,HI,AWP,WE,Federal Contract Tower,0,12,2,0,14,0,47,10,0,57,0,59,12,0,71,2,0,2,73
12/26/2008,MKK,HI,AWP,WE,Federal Contract Tower,0,34,2,2,38,0,47,0,2,49,0,81,2,4,87,0,0,0,87
12/27/2008,MKK,HI,AWP,WE,Federal Contract Tower,0,19,0,0,19,0,31,2,1,34,0,50,2,1,53,0,0,0,53
12/28/2008,MKK,HI,AWP,WE,Federal Contract Tower,0,25,0,0,25,0,38,7,0,45,0,63,7,0,70,14,0,14,84
12/29/2008,MKK,HI,AWP,WE,Federal Contract Tower,0,26,0,0,26,0,53,10,0,63,0,79,10,0,89,0,0,0,89
12/30/2008,MKK,HI,AWP,WE,Federal Contract Tower,0,20,0,0,20,0,51,8,0,59,0,71,8,0,79,0,0,0,79
12/31/2008,MKK,HI,AWP,WE,Federal Contract Tower,0,16,0,4,20,0,64,12,4,80,0,80,12,8,100,0,0,0,100
01/01/2009,MKK,HI,AWP,WE,Federal Contract Tower,0,13,0,0,13,0,47,5,0,52,0,60,5,0,65,8,0,8,73
01/02/2009,MKK,HI,AWP,WE,Federal Contract Tower,0,24,0,0,24,0,60,5,0,65,0,84,5,0,89,0,0,0,89
01/03/2009,MKK,HI,AWP,WE,Federal Contract Tower,0,21,0,0,21,0,39,8,0,47,0,60,8,0,68,2,0,2,70
01/04/2009,MKK,HI,AWP,WE,Federal Contract Tower,0,30,0,0,30,0,42,10,0,52,0,72,10,0,82,4,0,4,86
01/05/2009,MKK,HI,AWP,WE,Federal Contract Tower,0,34,0,2,36,0,51,7,2,60,0,85,7,4,96,6,0,6,102
01/06/2009,MKK,HI,AWP,WE,Federal Contract Tower,0,30,0,2,32,0,71,15,0,86,0,101,15,2,118,4,0,4,122
01/07/2009,MKK,HI,AWP,WE,Federal Contract Tower,0,24,1,6,31,0,48,19,8,75,0,72,20,14,106,4,6,10,116
01/08/2009,MKK,HI,AWP,WE,Federal Contract Tower,0,26,2,4,32,0,58,21,0,79,0,84,23,4,111,26,0,26,137
01/09/2009,MKK,HI,AWP,WE,Federal Contract Tower,0,20,0,0,20,0,50,8,0,58,0,70,8,0,78,0,0,0,78
01/10/2009,MKK,HI,AWP,WE,Federal Contract Tower,0,18,1,0,19,0,40,17,0,57,0,58,18,0,76,26,0,26,102
01/11/2009,MKK,HI,AWP,WE,Federal Contract Tower,0,27,0,0,27,0,32,4,0,36,0,59,4,0,63,0,0,0,63
01/12/2009,MKK,HI,AWP,WE,Federal Contract Tower,0,29,0,0,29,0,54,8,1,63,0,83,8,1,92,0,0,0,92
01/13/2009,MKK,HI,AWP,WE,Federal Contract Tower,0,29,2,0,31,0,57,11,0,68,0,86,13,0,99,0,0,0,99
01/14/2009,MKK,HI,AWP,WE,Federal Contract Tower,0,31,2,2,35,0,53,3,2,58,0,84,5,4,93,0,0,0,93
01/15/2009,MKK,HI,AWP,WE,Federal Contract Tower,0,38,1,2,41,0,63,2,1,66,0,101,3,3,107,0,0,0,107
01/16/2009,MKK,HI,AWP,WE,Federal Contract Tower,0,44,2,0,46,0,40,0,0,40,0,84,2,0,86,0,0,0,86
01/17/2009,MKK,HI,AWP,WE,Federal Contract Tower,0,25,0,0,25,0,47,6,0,53,0,72,6,0,78,2,0,2,80
01/18/2009,MKK,HI,AWP,WE,Federal Contract Tower,0,20,1,0,21,0,37,6,0,43,0,57,7,0,64,0,0,0,64
01/19/2009,MKK,HI,AWP,WE,Federal Contract Tower,0,20,1,0,21,0,51,29,0,80,0,71,30,0,101,10,0,10,111
01/20/2009,MKK,HI,AWP,WE,Federal Contract Tower,0,23,0,0,23,0,56,6,0,62,0,79,6,0,85,0,0,0,85
01/21/2009,MKK,HI,AWP,WE,Federal Contract Tower,0,28,0,2,30,0,68,9,0,77,0,96,9,2,107,2,6,8,115
01/22/2009,MKK,HI,AWP,WE,Federal Contract Tower,0,27,2,2,31,0,57,13,8,78,0,84,15,10,109,0,0,0,109
01/23/2009,MKK,HI,AWP,WE,Federal Contract Tower,0,22,0,2,24,0,61,5,0,66,0,83,5,2,90,0,0,0,90
01/24/2009,MKK,HI,AWP,WE,Federal Contract Tower,0,27,0,0,27,0,46,15,0,61,0,73,15,0,88,0,0,0,88
01/25/2009,MKK,HI,AWP,WE,Federal Contract Tower,0,25,2,0,27,0,38,19,1,58,0,63,21,1,85,0,0,0,85
01/26/2009,MKK,HI,AWP,WE,Federal Contract Tower,0,32,0,0,32,0,77,0,0,77,0,109,0,0,109,0,0,0,109
01/27/2009,MKK,HI,AWP,WE,Federal Contract Tower,0,36,6,0,42,0,26,6,0,32,0,62,12,0,74,0,0,0,74
01/28/2009,MKK,HI,AWP,WE,Federal Contract Tower,0,38,4,4,46,0,36,4,2,42,0,74,8,6,88,0,2,2,90
01/29/2009,MKK,HI,AWP,WE,Federal Contract Tower,0,24,0,2,26,0,52,10,1,63,0,76,10,3,89,0,0,0,89
01/30/2009,MKK,HI,AWP,WE,Federal Contract Tower,0,31,0,2,33,0,63,25,6,94,0,94,25,8,127,0,0,0,127
01/31/2009,MKK,HI,AWP,WE,Federal Contract Tower,0,25,4,0,29,0,44,7,0,51,0,69,11,0,80,16,0,16,96
02/01/2009,MKK,HI,AWP,WE,Federal Contract Tower,0,28,0,0,28,0,51,13,0,64,0,79,13,0,92,24,0,24,116
02/02/2009,MKK,HI,AWP,WE,Federal Contract Tower,0,24,2,2,28,0,55,9,2,66,0,79,11,4,94,10,0,10,104
02/03/2009,MKK,HI,AWP,WE,Federal Contract Tower,0,26,0,0,26,0,49,0,0,49,0,75,0,0,75,0,0,0,75
02/04/2009,MKK,HI,AWP,WE,Federal Contract Tower,0,24,0,2,26,0,57,7,0,64,0,81,7,2,90,0,8,8,98
02/05/2009,MKK,HI,AWP,WE,Federal Contract Tower,0,29,0,0,29,0,60,8,1,69,0,89,8,1,98,0,0,0,98
02/06/2009,MKK,HI,AWP,WE,Federal Contract Tower,0,36,3,0,39,0,62,11,2,75,0,98,14,2,114,0,0,0,114
02/07/2009,MKK,HI,AWP,WE,Federal Contract Tower,0,30,0,0,30,0,51,28,0,79,0,81,28,0,109,8,0,8,117
02/08/2009,MKK,HI,AWP,WE,Federal Contract Tower,0,23,2,0,25,0,45,13,0,58,0,68,15,0,83,0,0,0,83
02/09/2009,MKK,HI,AWP,WE,Federal Contract Tower,0,31,1,0,32,0,60,7,0,67,0,91,8,0,99,0,0,0,99
02/10/2009,MKK,HI,AWP,WE,Federal Contract Tower,0,31,0,0,31,0,66,6,0,72,0,97,6,0,103,0,0,0,103
02/11/2009,MKK,HI,AWP,WE,Federal Contract Tower,0,19,0,0,19,0,59,15,0,74,0,78,15,0,93,0,0,0,93
02/12/2009,MKK,HI,AWP,WE,Federal Contract Tower,0,36,0,0,36,0,56,11,0,67,0,92,11,0,103,0,0,0,103
02/13/2009,MKK,HI,AWP,WE,Federal Contract Tower,0,35,1,0,36,0,74,14,1,89,0,109,15,1,125,0,0,0,125
02/14/2009,MKK,HI,AWP,WE,Federal Contract Tower,0,27,0,0,27,0,69,5,1,75,0,96,5,1,102,0,0,0,102
02/15/2009,MKK,HI,AWP,WE,Federal Contract Tower,0,22,0,0,22,0,61,6,0,67,0,83,6,0,89,0,0,0,89
02/16/2009,MKK,HI,AWP,WE,Federal Contract Tower,0,30,0,4,34,0,73,5,4,82,0,103,5,8,116,0,0,0,116
02/17/2009,MKK,HI,AWP,WE,Federal Contract Tower,0,19,4,4,27,0,57,12,2,71,0,76,16,6,98,14,0,14,112
02/18/2009,MKK,HI,AWP,WE,Federal Contract Tower,0,22,2,4,28,0,69,13,4,86,0,91,15,8,114,0,0,0,114
02/19/2009,MKK,HI,AWP,WE,Federal Contract Tower,0,26,0,2,28,0,55,5,2,62,0,81,5,4,90,0,0,0,90
02/20/2009,MKK,HI,AWP,WE,Federal Contract Tower,0,31,0,0,31,0,69,3,0,72,0,100,3,0,103,0,0,0,103
02/21/2009,MKK,HI,AWP,WE,Federal Contract Tower,0,33,1,0,34,0,64,11,3,78,0,97,12,3,112,0,0,0,112
02/22/2009,MKK,HI,AWP,WE,Federal Contract Tower,0,36,0,0,36,0,61,16,3,80,0,97,16,3,116,0,0,0,116
02/23/2009,MKK,HI,AWP,WE,Federal Contract Tower,0,28,2,12,42,0,61,8,12,81,0,89,10,24,123,0,0,0,123
02/24/2009,MKK,HI,AWP,WE,Federal Contract Tower,0,28,0,0,28,0,69,7,2,78,0,97,7,2,106,0,0,0,106
02/25/2009,MKK,HI,AWP,WE,Federal Contract Tower,0,35,0,0,35,0,61,6,0,67,0,96,6,0,102,0,0,0,102
02/26/2009,MKK,HI,AWP,WE,Federal Contract Tower,0,32,0,2,34,0,68,2,4,74,0,100,2,6,108,0,0,0,108
02/27/2009,MKK,HI,AWP,WE,Federal Contract Tower,0,34,3,0,37,0,88,8,0,96,0,122,11,0,133,0,0,0,133
02/28/2009,MKK,HI,AWP,WE,Federal Contract Tower,0,39,2,0,41,0,55,6,0,61,0,94,8,0,102,0,0,0,102
03/01/2009,MKK,HI,AWP,WE,Federal Contract Tower,0,26,0,2,28,0,50,7,2,59,0,76,7,4,87,0,0,0,87
03/02/2009,MKK,HI,AWP,WE,Federal Contract Tower,0,36,4,0,40,0,68,6,4,78,0,104,10,4,118,0,22,22,140
03/03/2009,MKK,HI,AWP,WE,Federal Contract Tower,0,24,0,2,26,0,55,9,2,66,0,79,9,4,92,0,0,0,92
03/04/2009,MKK,HI,AWP,WE,Federal Contract Tower,0,24,8,2,34,0,55,22,2,79,0,79,30,4,113,0,0,0,113
03/05/2009,MKK,HI,AWP,WE,Federal Contract Tower,0,31,3,2,36,0,64,8,4,76,0,95,11,6,112,0,0,0,112
03/06/2009,MKK,HI,AWP,WE,Federal Contract Tower,0,39,0,0,39,0,69,4,0,73,0,108,4,0,112,0,0,0,112
03/07/2009,MKK,HI,AWP,WE,Federal Contract Tower,0,44,4,0,48,0,67,23,0,90,0,111,27,0,138,16,0,16,154
03/08/2009,MKK,HI,AWP,WE,Federal Contract Tower,0,37,1,0,38,0,55,3,0,58,0,92,4,0,96,0,0,0,96
03/09/2009,MKK,HI,AWP,WE,Federal Contract Tower,0,36,0,2,38,0,62,2,2,66,0,98,2,4,104,0,0,0,104
03/10/2009,MKK,HI,AWP,WE,Federal Contract Tower,0,23,5,7,35,0,65,16,4,85,0,88,21,11,120,0,0,0,120
03/11/2009,MKK,HI,AWP,WE,Federal Contract Tower,0,18,0,0,18,0,56,9,2,67,0,74,9,2,85,0,0,0,85
03/12/2009,MKK,HI,AWP,WE,Federal Contract Tower,0,44,0,0,44,0,69,8,0,77,0,113,8,0,121,0,0,0,121
03/13/2009,MKK,HI,AWP,WE,Federal Contract Tower,0,20,3,0,23,0,53,17,2,72,0,73,20,2,95,10,0,10,105
03/14/2009,MKK,HI,AWP,WE,Federal Contract Tower,0,35,2,2,39,0,24,2,0,26,0,59,4,2,65,0,0,0,65
03/15/2009,MKK,HI,AWP,WE,Federal Contract Tower,0,32,1,2,35,0,36,9,0,45,0,68,10,2,80,4,0,4,84
03/16/2009,MKK,HI,AWP,WE,Federal Contract Tower,0,27,1,0,28,0,60,14,0,74,0,87,15,0,102,0,0,0,102
03/17/2009,MKK,HI,AWP,WE,Federal Contract Tower,0,38,0,0,38,0,62,16,2,80,0,100,16,2,118,4,0,4,122
03/18/2009,MKK,HI,AWP,WE,Federal Contract Tower,0,21,4,6,31,0,41,19,6,66,0,62,23,12,97,10,0,10,107
03/19/2009,MKK,HI,AWP,WE,Federal Contract Tower,0,46,5,6,57,0,62,14,6,82,0,108,19,12,139,0,0,0,139
03/20/2009,MKK,HI,AWP,WE,Federal Contract Tower,0,28,2,0,30,0,50,14,0,64,0,78,16,0,94,2,0,2,96
03/21/2009,MKK,HI,AWP,WE,Federal Contract Tower,0,29,0,0,29,0,37,5,0,42,0,66,5,0,71,4,0,4,75
03/22/2009,MKK,HI,AWP,WE,Federal Contract Tower,0,28,0,0,28,0,39,10,0,49,0,67,10,0,77,2,0,2,79
03/23/2009,MKK,HI,AWP,WE,Federal Contract Tower,0,27,4,3,34,0,60,13,38,111,0,87,17,41,145,0,0,0,145
03/24/2009,MKK,HI,AWP,WE,Federal Contract Tower,0,25,0,4,29,0,52,5,4,61,0,77,5,8,90,0,0,0,90
03/25/2009,MKK,HI,AWP,WE,Federal Contract Tower,0,21,0,2,23,0,81,11,6,98,0,102,11,8,121,0,0,0,121
03/26/2009,MKK,HI,AWP,WE,Federal Contract Tower,0,28,2,4,34,0,48,10,2,60,0,76,12,6,94,0,6,6,100
03/27/2009,MKK,HI,AWP,WE,Federal Contract Tower,0,25,1,0,26,0,44,8,0,52,0,69,9,0,78,0,0,0,78
03/28/2009,MKK,HI,AWP,WE,Federal Contract Tower,0,34,0,0,34,0,33,8,0,41,0,67,8,0,75,4,0,4,79
03/29/2009,MKK,HI,AWP,WE,Federal Contract Tower,0,33,0,0,33,0,32,7,0,39,0,65,7,0,72,6,0,6,78
03/30/2009,MKK,HI,AWP,WE,Federal Contract Tower,0,30,0,7,37,0,48,10,8,66,0,78,10,15,103,0,0,0,103
03/31/2009,MKK,HI,AWP,WE,Federal Contract Tower,0,37,0,6,43,0,62,11,8,81,0,99,11,14,124,0,0,0,124
04/01/2009,MKK,HI,AWP,WE,Federal Contract Tower,0,33,4,0,37,0,58,3,6,67,0,91,7,6,104,0,0,0,104
04/02/2009,MKK,HI,AWP,WE,Federal Contract Tower,0,27,6,5,38,0,41,15,2,58,0,68,21,7,96,4,2,6,102
04/03/2009,MKK,HI,AWP,WE,Federal Contract Tower,0,34,0,2,36,0,41,7,0,48,0,75,7,2,84,0,2,2,86
04/04/2009,MKK,HI,AWP,WE,Federal Contract Tower,0,15,0,0,15,0,42,11,4,57,0,57,11,4,72,0,0,0,72
04/05/2009,MKK,HI,AWP,WE,Federal Contract Tower,0,29,1,0,30,0,45,12,4,61,0,74,13,4,91,4,0,4,95
04/06/2009,MKK,HI,AWP,WE,Federal Contract Tower,0,32,1,2,35,0,55,9,2,66,0,87,10,4,101,0,0,0,101
04/07/2009,MKK,HI,AWP,WE,Federal Contract Tower,0,37,0,0,37,0,64,5,0,69,0,101,5,0,106,4,0,4,110
04/08/2009,MKK,HI,AWP,WE,Federal Contract Tower,0,28,2,2,32,0,60,13,4,77,0,88,15,6,109,0,0,0,109
04/09/2009,MKK,HI,AWP,WE,Federal Contract Tower,0,29,6,0,35,0,40,6,0,46,0,69,12,0,81,2,0,2,83
04/10/2009,MKK,HI,AWP,WE,Federal Contract Tower,0,38,6,0,44,0,49,11,0,60,0,87,17,0,104,2,0,2,106
04/11/2009,MKK,HI,AWP,WE,Federal Contract Tower,0,29,0,0,29,0,30,18,2,50,0,59,18,2,79,18,2,20,99
04/12/2009,MKK,HI,AWP,WE,Federal Contract Tower,0,26,2,0,28,0,35,14,0,49,0,61,16,0,77,0,0,0,77
04/13/2009,MKK,HI,AWP,WE,Federal Contract Tower,0,41,6,1,48,0,55,11,2,68,0,96,17,3,116,0,0,0,116
04/14/2009,MKK,HI,AWP,WE,Federal Contract Tower,0,32,2,0,34,0,48,9,0,57,0,80,11,0,91,2,0,2,93
04/15/2009,MKK,HI,AWP,WE,Federal Contract Tower,0,34,0,0,34,0,58,14,0,72,0,92,14,0,106,2,0,2,108
04/16/2009,MKK,HI,AWP,WE,Federal Contract Tower,0,33,5,0,38,0,51,12,0,63,0,84,17,0,101,2,0,2,103
04/17/2009,MKK,HI,AWP,WE,Federal Contract Tower,0,30,0,0,30,0,34,25,2,61,0,64,25,2,91,0,0,0,91
04/18/2009,MKK,HI,AWP,WE,Federal Contract Tower,0,27,8,0,35,0,52,16,0,68,0,79,24,0,103,14,0,14,117
04/19/2009,MKK,HI,AWP,WE,Federal Contract Tower,0,34,2,0,36,0,33,12,0,45,0,67,14,0,81,0,0,0,81
04/20/2009,MKK,HI,AWP,WE,Federal Contract Tower,0,36,3,0,39,0,42,14,0,56,0,78,17,0,95,6,0,6,101
04/21/2009,MKK,HI,AWP,WE,Federal Contract Tower,0,31,0,0,31,0,46,12,0,58,0,77,12,0,89,14,0,14,103
04/22/2009,MKK,HI,AWP,WE,Federal Contract Tower,0,32,2,1,35,0,39,15,1,55,0,71,17,2,90,0,0,0,90
04/23/2009,MKK,HI,AWP,WE,Federal Contract Tower,0,40,2,0,42,0,39,1,0,40,0,79,3,0,82,0,0,0,82
04/24/2009,MKK,HI,AWP,WE,Federal Contract Tower,0,42,2,0,44,0,37,7,0,44,0,79,9,0,88,8,0,8,96
04/25/2009,MKK,HI,AWP,WE,Federal Contract Tower,0,26,2,0,28,0,47,18,0,65,0,73,20,0,93,6,0,6,99
04/26/2009,MKK,HI,AWP,WE,Federal Contract Tower,0,36,1,0,37,0,33,15,0,48,0,69,16,0,85,0,0,0,85
04/27/2009,MKK,HI,AWP,WE,Federal Contract Tower,0,31,3,0,34,0,53,13,0,66,0,84,16,0,100,6,0,6,106
04/28/2009,MKK,HI,AWP,WE,Federal Contract Tower,0,35,0,0,35,0,44,11,0,55,0,79,11,0,90,0,0,0,90
04/29/2009,MKK,HI,AWP,WE,Federal Contract Tower,0,35,1,4,40,0,54,12,6,72,0,89,13,10,112,0,0,0,112
04/30/2009,MKK,HI,AWP,WE,Federal Contract Tower,0,43,3,0,46,0,36,7,0,43,0,79,10,0,89,0,0,0,89
05/01/2009,MKK,HI,AWP,WE,Federal Contract Tower,0,47,0,0,47,0,38,12,0,50,0,85,12,0,97,0,0,0,97
05/02/2009,MKK,HI,AWP,WE,Federal Contract Tower,0,33,1,1,35,0,28,12,4,44,0,61,13,5,79,12,0,12,91
05/03/2009,MKK,HI,AWP,WE,Federal Contract Tower,0,36,0,2,38,0,38,20,4,62,0,74,20,6,100,18,4,22,122
05/04/2009,MKK,HI,AWP,WE,Federal Contract Tower,0,46,0,0,46,0,58,7,0,65,0,104,7,0,111,4,0,4,115
05/05/2009,MKK,HI,AWP,WE,Federal Contract Tower,0,40,1,2,43,0,49,16,4,69,0,89,17,6,112,6,0,6,118
05/06/2009,MKK,HI,AWP,WE,Federal Contract Tower,0,25,1,10,36,0,49,17,4,70,0,74,18,14,106,2,0,2,108
05/07/2009,MKK,HI,AWP,WE,Federal Contract Tower,0,36,1,4,41,0,45,12,0,57,0,81,13,4,98,4,0,4,102
05/08/2009,MKK,HI,AWP,WE,Federal Contract Tower,0,49,4,3,56,0,29,11,1,41,0,78,15,4,97,4,0,4,101
05/09/2009,MKK,HI,AWP,WE,Federal Contract Tower,0,30,1,0,31,0,29,8,0,37,0,59,9,0,68,2,0,2,70
05/10/2009,MKK,HI,AWP,WE,Federal Contract Tower,0,36,1,0,37,0,26,12,0,38,0,62,13,0,75,0,0,0,75
05/11/2009,MKK,HI,AWP,WE,Federal Contract Tower,0,35,0,2,37,0,44,11,4,59,0,79,11,6,96,18,0,18,114
05/12/2009,MKK,HI,AWP,WE,Federal Contract Tower,0,34,1,0,35,0,48,14,1,63,0,82,15,1,98,10,0,10,108
05/13/2009,MKK,HI,AWP,WE,Federal Contract Tower,0,30,0,4,34,0,52,10,6,68,0,82,10,10,102,12,0,12,114
05/14/2009,MKK,HI,AWP,WE,Federal Contract Tower,0,36,0,6,42,0,42,9,0,51,0,78,9,6,93,0,0,0,93
05/15/2009,MKK,HI,AWP,WE,Federal Contract Tower,0,39,0,4,43,0,40,8,0,48,0,79,8,4,91,2,0,2,93
05/16/2009,MKK,HI,AWP,WE,Federal Contract Tower,0,30,1,2,33,0,36,14,2,52,0,66,15,4,85,2,0,2,87
05/17/2009,MKK,HI,AWP,WE,Federal Contract Tower,0,34,1,0,35,0,29,15,0,44,0,63,16,0,79,4,0,4,83
05/18/2009,MKK,HI,AWP,WE,Federal Contract Tower,0,44,0,2,46,0,58,10,4,72,0,102,10,6,118,0,0,0,118
05/19/2009,MKK,HI,AWP,WE,Federal Contract Tower,0,20,0,10,30,0,53,8,8,69,0,73,8,18,99,0,10,10,109
05/20/2009,MKK,HI,AWP,WE,Federal Contract Tower,0,39,2,2,43,0,57,14,0,71,0,96,16,2,114,0,0,0,114
05/21/2009,MKK,HI,AWP,WE,Federal Contract Tower,0,41,9,2,52,0,65,13,2,80,0,106,22,4,132,0,0,0,132
05/22/2009,MKK,HI,AWP,WE,Federal Contract Tower,0,43,4,1,48,0,29,14,0,43,0,72,18,1,91,2,0,2,93
05/23/2009,MKK,HI,AWP,WE,Federal Contract Tower,0,28,2,0,30,0,39,15,0,54,0,67,17,0,84,12,0,12,96
05/24/2009,MKK,HI,AWP,WE,Federal Contract Tower,0,41,3,0,44,0,25,14,0,39,0,66,17,0,83,6,0,6,89
05/25/2009,MKK,HI,AWP,WE,Federal Contract Tower,0,29,1,0,30,0,39,17,0,56,0,68,18,0,86,4,0,4,90
05/26/2009,MKK,HI,AWP,WE,Federal Contract Tower,0,40,1,6,47,0,58,7,6,71,0,98,8,12,118,0,0,0,118
05/27/2009,MKK,HI,AWP,WE,Federal Contract Tower,0,58,0,0,58,0,61,7,0,68,0,119,7,0,126,0,0,0,126
05/28/2009,MKK,HI,AWP,WE,Federal Contract Tower,0,41,3,0,44,0,29,13,0,42,0,70,16,0,86,0,0,0,86
05/29/2009,MKK,HI,AWP,WE,Federal Contract Tower,0,45,3,0,48,0,34,10,0,44,0,79,13,0,92,2,0,2,94
05/30/2009,MKK,HI,AWP,WE,Federal Contract Tower,0,32,0,0,32,0,40,17,0,57,0,72,17,0,89,12,0,12,101
05/31/2009,MKK,HI,AWP,WE,Federal Contract Tower,0,31,1,0,32,0,37,21,0,58,0,68,22,0,90,0,0,0,90
06/01/2009,MKK,HI,AWP,WE,Federal Contract Tower,0,37,1,8,46,0,61,7,8,76,0,98,8,16,122,4,0,4,126
06/02/2009,MKK,HI,AWP,WE,Federal Contract Tower,0,24,0,6,30,0,50,10,6,66,0,74,10,12,96,6,0,6,102
06/03/2009,MKK,HI,AWP,WE,Federal Contract Tower,0,43,0,8,51,0,45,13,4,62,0,88,13,12,113,4,0,4,117
06/04/2009,MKK,HI,AWP,WE,Federal Contract Tower,0,46,0,11,57,0,43,8,4,55,0,89,8,15,112,0,8,8,120
06/05/2009,MKK,HI,AWP,WE,Federal Contract Tower,0,41,1,3,45,0,41,14,2,57,0,82,15,5,102,0,4,4,106
06/06/2009,MKK,HI,AWP,WE,Federal Contract Tower,0,26,0,0,26,0,34,5,0,39,0,60,5,0,65,0,0,0,65
06/07/2009,MKK,HI,AWP,WE,Federal Contract Tower,0,34,3,2,39,0,27,8,0,35,0,61,11,2,74,2,0,2,76
06/08/2009,MKK,HI,AWP,WE,Federal Contract Tower,0,32,3,4,39,0,53,4,4,61,0,85,7,8,100,0,0,0,100
06/09/2009,MKK,HI,AWP,WE,Federal Contract Tower,0,31,0,6,37,0,55,0,6,61,0,86,0,12,98,0,0,0,98
06/10/2009,MKK,HI,AWP,WE,Federal Contract Tower,0,38,2,8,48,0,63,16,4,83,0,101,18,12,131,0,0,0,131
06/11/2009,MKK,HI,AWP,WE,Federal Contract Tower,0,33,2,2,37,0,41,22,0,63,0,74,24,2,100,6,0,6,106
06/12/2009,MKK,HI,AWP,WE,Federal Contract Tower,0,34,3,0,37,0,42,10,2,54,0,76,13,2,91,0,2,2,93
06/13/2009,MKK,HI,AWP,WE,Federal Contract Tower,0,27,2,0,29,0,43,12,0,55,0,70,14,0,84,4,0,4,88
06/14/2009,MKK,HI,AWP,WE,Federal Contract Tower,0,32,1,0,33,0,45,10,0,55,0,77,11,0,88,0,0,0,88
06/15/2009,MKK,HI,AWP,WE,Federal Contract Tower,0,30,0,3,33,0,55,4,3,62,0,85,4,6,95,6,0,6,101
06/16/2009,MKK,HI,AWP,WE,Federal Contract Tower,0,33,0,2,35,0,54,6,2,62,0,87,6,4,97,0,0,0,97
06/17/2009,MKK,HI,AWP,WE,Federal Contract Tower,0,30,1,0,31,0,67,8,0,75,0,97,9,0,106,10,0,10,116
06/18/2009,MKK,HI,AWP,WE,Federal Contract Tower,0,47,0,2,49,0,44,5,1,50,0,91,5,3,99,10,0,10,109
06/19/2009,MKK,HI,AWP,WE,Federal Contract Tower,0,45,2,2,49,0,45,10,0,55,0,90,12,2,104,0,0,0,104
06/20/2009,MKK,HI,AWP,WE,Federal Contract Tower,0,37,1,0,38,0,38,11,0,49,0,75,12,0,87,0,0,0,87
06/21/2009,MKK,HI,AWP,WE,Federal Contract Tower,0,35,0,0,35,0,29,3,0,32,0,64,3,0,67,0,0,0,67
06/22/2009,MKK,HI,AWP,WE,Federal Contract Tower,0,37,2,0,39,0,59,7,2,68,0,96,9,2,107,6,0,6,113
06/23/2009,MKK,HI,AWP,WE,Federal Contract Tower,0,36,1,0,37,0,58,8,0,66,0,94,9,0,103,20,0,20,123
06/24/2009,MKK,HI,AWP,WE,Federal Contract Tower,0,35,3,0,38,0,71,14,0,85,0,106,17,0,123,14,0,14,137
06/25/2009,MKK,HI,AWP,WE,Federal Contract Tower,0,34,0,2,36,0,37,14,2,53,0,71,14,4,89,4,0,4,93
06/26/2009,MKK,HI,AWP,WE,Federal Contract Tower,0,43,0,0,43,0,38,10,4,52,0,81,10,4,95,4,0,4,99
06/27/2009,MKK,HI,AWP,WE,Federal Contract Tower,0,42,5,0,47,0,37,9,0,46,0,79,14,0,93,8,0,8,101
06/28/2009,MKK,HI,AWP,WE,Federal Contract Tower,0,40,3,0,43,0,47,18,0,65,0,87,21,0,108,20,0,20,128
06/29/2009,MKK,HI,AWP,WE,Federal Contract Tower,0,38,3,2,43,0,48,14,2,64,0,86,17,4,107,2,0,2,109
06/30/2009,MKK,HI,AWP,WE,Federal Contract Tower,0,30,0,2,32,0,56,6,2,64,0,86,6,4,96,0,0,0,96
07/01/2009,MKK,HI,AWP,WE,Federal Contract Tower,0,39,0,6,45,0,58,18,6,82,0,97,18,12,127,24,0,24,151
07/02/2009,MKK,HI,AWP,WE,Federal Contract Tower,0,39,2,0,41,0,64,15,0,79,0,103,17,0,120,16,0,16,136
07/03/2009,MKK,HI,AWP,WE,Federal Contract Tower,0,45,3,0,48,0,46,19,0,65,0,91,22,0,113,16,0,16,129
07/04/2009,MKK,HI,AWP,WE,Federal Contract Tower,0,30,0,0,30,0,23,5,0,28,0,53,5,0,58,8,0,8,66
07/05/2009,MKK,HI,AWP,WE,Federal Contract Tower,0,37,0,0,37,0,46,8,0,54,0,83,8,0,91,8,0,8,99
07/06/2009,MKK,HI,AWP,WE,Federal Contract Tower,0,45,1,0,46,0,72,2,0,74,0,117,3,0,120,0,0,0,120
07/07/2009,MKK,HI,AWP,WE,Federal Contract Tower,0,34,0,4,38,0,56,7,10,73,0,90,7,14,111,16,0,16,127
07/08/2009,MKK,HI,AWP,WE,Federal Contract Tower,0,34,0,4,38,0,43,6,0,49,0,77,6,4,87,2,0,2,89
07/09/2009,MKK,HI,AWP,WE,Federal Contract Tower,0,38,5,2,45,0,24,19,0,43,0,62,24,2,88,32,0,32,120
07/10/2009,MKK,HI,AWP,WE,Federal Contract Tower,0,51,2,0,53,0,52,22,1,75,0,103,24,1,128,0,0,0,128
07/11/2009,MKK,HI,AWP,WE,Federal Contract Tower,0,44,0,2,46,0,35,10,0,45,0,79,10,2,91,4,0,4,95
07/12/2009,MKK,HI,AWP,WE,Federal Contract Tower,0,45,0,2,47,0,39,10,3,52,0,84,10,5,99,14,0,14,113
07/13/2009,MKK,HI,AWP,WE,Federal Contract Tower,0,35,1,0,36,0,53,12,0,65,0,88,13,0,101,8,0,8,109
07/14/2009,MKK,HI,AWP,WE,Federal Contract Tower,0,34,0,2,36,0,52,8,2,62,0,86,8,4,98,0,0,0,98
07/15/2009,MKK,HI,AWP,WE,Federal Contract Tower,0,38,0,0,38,0,50,3,0,53,0,88,3,0,91,0,0,0,91
07/16/2009,MKK,HI,AWP,WE,Federal Contract Tower,0,44,5,2,51,0,29,17,0,46,0,73,22,2,97,4,0,4,101
07/17/2009,MKK,HI,AWP,WE,Federal Contract Tower,0,48,1,0,49,0,36,9,0,45,0,84,10,0,94,0,0,0,94
07/18/2009,MKK,HI,AWP,WE,Federal Contract Tower,0,40,0,0,40,0,33,12,0,45,0,73,12,0,85,22,0,22,107
07/19/2009,MKK,HI,AWP,WE,Federal Contract Tower,0,30,0,0,30,0,39,4,1,44,0,69,4,1,74,0,0,0,74
07/20/2009,MKK,HI,AWP,WE,Federal Contract Tower,0,36,0,0,36,0,58,4,2,64,0,94,4,2,100,0,0,0,100
07/21/2009,MKK,HI,AWP,WE,Federal Contract Tower,0,43,0,0,43,0,47,16,2,65,0,90,16,2,108,6,0,6,114
07/22/2009,MKK,HI,AWP,WE,Federal Contract Tower,0,40,0,2,42,0,42,6,2,50,0,82,6,4,92,4,0,4,96
07/23/2009,MKK,HI,AWP,WE,Federal Contract Tower,0,46,4,0,50,0,40,13,0,53,0,86,17,0,103,22,0,22,125
07/24/2009,MKK,HI,AWP,WE,Federal Contract Tower,0,34,0,0,34,0,54,26,0,80,0,88,26,0,114,12,0,12,126
07/25/2009,MKK,HI,AWP,WE,Federal Contract Tower,0,38,0,0,38,0,35,2,0,37,0,73,2,0,75,0,0,0,75
07/26/2009,MKK,HI,AWP,WE,Federal Contract Tower,0,31,0,0,31,0,49,8,0,57,0,80,8,0,88,6,0,6,94
07/27/2009,MKK,HI,AWP,WE,Federal Contract Tower,0,40,7,0,47,0,66,17,0,83,0,106,24,0,130,6,0,6,136
07/28/2009,MKK,HI,AWP,WE,Federal Contract Tower,0,36,3,0,39,0,55,12,0,67,0,91,15,0,106,6,0,6,112
07/29/2009,MKK,HI,AWP,WE,Federal Contract Tower,0,33,0,0,33,0,36,16,1,53,0,69,16,1,86,14,0,14,100
07/30/2009,MKK,HI,AWP,WE,Federal Contract Tower,0,41,2,0,43,0,42,16,0,58,0,83,18,0,101,10,0,10,111
07/31/2009,MKK,HI,AWP,WE,Federal Contract Tower,0,47,0,0,47,0,37,9,0,46,0,84,9,0,93,2,0,2,95
08/01/2009,MKK,HI,AWP,WE,Federal Contract Tower,0,42,1,0,43,0,46,13,0,59,0,88,14,0,102,0,0,0,102
08/02/2009,MKK,HI,AWP,WE,Federal Contract Tower,0,39,0,1,40,0,49,11,2,62,0,88,11,3,102,4,0,4,106
08/03/2009,MKK,HI,AWP,WE,Federal Contract Tower,0,46,1,0,47,0,67,5,0,72,0,113,6,0,119,0,0,0,119
08/04/2009,MKK,HI,AWP,WE,Federal Contract Tower,0,35,0,2,37,0,51,2,2,55,0,86,2,4,92,0,0,0,92
08/05/2009,MKK,HI,AWP,WE,Federal Contract Tower,0,35,1,0,36,0,55,14,0,69,0,90,15,0,105,22,0,22,127
08/06/2009,MKK,HI,AWP,WE,Federal Contract Tower,0,40,8,0,48,0,38,11,2,51,0,78,19,2,99,2,0,2,101
08/07/2009,MKK,HI,AWP,WE,Federal Contract Tower,0,39,3,2,44,0,41,15,0,56,0,80,18,2,100,6,0,6,106
08/08/2009,MKK,HI,AWP,WE,Federal Contract Tower,0,40,0,0,40,0,30,22,0,52,0,70,22,0,92,2,0,2,94
08/09/2009,MKK,HI,AWP,WE,Federal Contract Tower,0,33,0,0,33,0,32,14,0,46,0,65,14,0,79,0,0,0,79
08/10/2009,MKK,HI,AWP,WE,Federal Contract Tower,0,43,0,0,43,0,36,1,0,37,0,79,1,0,80,0,0,0,80
08/11/2009,MKK,HI,AWP,WE,Federal Contract Tower,0,29,2,0,31,0,22,5,0,27,0,51,7,0,58,0,0,0,58
08/12/2009,MKK,HI,AWP,WE,Federal Contract Tower,0,46,6,0,52,0,40,4,0,44,0,86,10,0,96,4,0,4,100
08/13/2009,MKK,HI,AWP,WE,Federal Contract Tower,0,36,3,0,39,0,47,15,0,62,0,83,18,0,101,0,0,0,101
08/14/2009,MKK,HI,AWP,WE,Federal Contract Tower,0,35,1,4,40,0,30,6,0,36,0,65,7,4,76,8,0,8,84
08/15/2009,MKK,HI,AWP,WE,Federal Contract Tower,0,39,0,0,39,0,38,3,0,41,0,77,3,0,80,10,0,10,90
08/16/2009,MKK,HI,AWP,WE,Federal Contract Tower,0,36,0,0,36,0,35,19,0,54,0,71,19,0,90,6,0,6,96
08/17/2009,MKK,HI,AWP,WE,Federal Contract Tower,0,38,2,0,40,0,62,14,0,76,0,100,16,0,116,8,0,8,124
08/18/2009,MKK,HI,AWP,WE,Federal Contract Tower,0,42,2,2,46,0,54,8,2,64,0,96,10,4,110,0,0,0,110
08/19/2009,MKK,HI,AWP,WE,Federal Contract Tower,0,33,2,0,35,0,38,9,0,47,0,71,11,0,82,0,0,0,82
08/20/2009,MKK,HI,AWP,WE,Federal Contract Tower,0,48,0,2,50,0,31,7,2,40,0,79,7,4,90,10,0,10,100
08/21/2009,MKK,HI,AWP,WE,Federal Contract Tower,0,49,0,0,49,0,26,14,0,40,0,75,14,0,89,2,0,2,91
08/22/2009,MKK,HI,AWP,WE,Federal Contract Tower,0,40,1,0,41,0,35,17,0,52,0,75,18,0,93,16,0,16,109
08/23/2009,MKK,HI,AWP,WE,Federal Contract Tower,0,36,2,0,38,0,48,8,0,56,0,84,10,0,94,0,0,0,94
08/24/2009,MKK,HI,AWP,WE,Federal Contract Tower,0,40,0,6,46,0,59,3,6,68,0,99,3,12,114,6,6,12,126
08/25/2009,MKK,HI,AWP,WE,Federal Contract Tower,0,48,0,3,51,0,58,12,5,75,0,106,12,8,126,6,0,6,132
08/26/2009,MKK,HI,AWP,WE,Federal Contract Tower,0,36,0,5,41,0,39,8,2,49,0,75,8,7,90,6,4,10,100
08/27/2009,MKK,HI,AWP,WE,Federal Contract Tower,0,36,3,0,39,0,39,18,0,57,0,75,21,0,96,4,0,4,100
08/28/2009,MKK,HI,AWP,WE,Federal Contract Tower,0,34,0,0,34,0,19,16,0,35,0,53,16,0,69,12,0,12,81
08/29/2009,MKK,HI,AWP,WE,Federal Contract Tower,0,40,0,0,40,0,44,6,1,51,0,84,6,1,91,0,0,0,91
08/30/2009,MKK,HI,AWP,WE,Federal Contract Tower,0,35,0,0,35,0,42,8,0,50,0,77,8,0,85,14,0,14,99
08/31/2009,MKK,HI,AWP,WE,Federal Contract Tower,0,39,2,0,41,0,44,22,2,68,0,83,24,2,109,0,0,0,109
09/01/2009,MKK,HI,AWP,WE,Federal Contract Tower,0,37,5,6,48,0,45,10,11,66,0,82,15,17,114,0,0,0,114
09/02/2009,MKK,HI,AWP,WE,Federal Contract Tower,0,34,0,0,34,0,49,9,23,81,0,83,9,23,115,0,0,0,115
09/03/2009,MKK,HI,AWP,WE,Federal Contract Tower,0,37,4,3,44,0,31,9,2,42,0,68,13,5,86,4,0,4,90
09/04/2009,MKK,HI,AWP,WE,Federal Contract Tower,0,39,4,0,43,0,27,17,0,44,0,66,21,0,87,2,0,2,89
09/05/2009,MKK,HI,AWP,WE,Federal Contract Tower,0,36,1,0,37,0,39,23,2,64,0,75,24,2,101,10,0,10,111
09/06/2009,MKK,HI,AWP,WE,Federal Contract Tower,0,38,0,0,38,0,46,15,0,61,0,84,15,0,99,10,0,10,109
09/07/2009,MKK,HI,AWP,WE,Federal Contract Tower,0,34,0,0,34,0,48,20,0,68,0,82,20,0,102,20,0,20,122
09/08/2009,MKK,HI,AWP,WE,Federal Contract Tower,0,32,0,4,36,0,53,30,30,113,0,85,30,34,149,2,6,8,157
09/09/2009,MKK,HI,AWP,WE,Federal Contract Tower,0,32,0,0,32,0,44,22,2,68,0,76,22,2,100,8,0,8,108
09/10/2009,MKK,HI,AWP,WE,Federal Contract Tower,0,38,3,4,45,0,36,15,2,53,0,74,18,6,98,14,0,14,112
09/11/2009,MKK,HI,AWP,WE,Federal Contract Tower,0,34,0,0,34,0,41,10,0,51,0,75,10,0,85,6,0,6,91
09/12/2009,MKK,HI,AWP,WE,Federal Contract Tower,0,41,0,0,41,0,50,14,0,64,0,91,14,0,105,10,0,10,115
09/13/2009,MKK,HI,AWP,WE,Federal Contract Tower,0,25,5,0,30,0,36,27,0,63,0,61,32,0,93,8,0,8,101
09/14/2009,MKK,HI,AWP,WE,Federal Contract Tower,0,34,0,0,34,0,51,2,2,55,0,85,2,2,89,8,0,8,97
09/15/2009,MKK,HI,AWP,WE,Federal Contract Tower,0,30,0,0,30,0,63,13,0,76,0,93,13,0,106,8,0,8,114
09/16/2009,MKK,HI,AWP,WE,Federal Contract Tower,0,33,0,0,33,0,1,0,0,1,0,34,0,0,34,0,0,0,34
09/17/2009,MKK,HI,AWP,WE,Federal Contract Tower,0,30,0,0,30,0,45,22,2,69,0,75,22,2,99,0,0,0,99
09/18/2009,MKK,HI,AWP,WE,Federal Contract Tower,0,37,0,0,37,0,53,12,0,65,0,90,12,0,102,0,0,0,102
09/19/2009,MKK,HI,AWP,WE,Federal Contract Tower,0,38,0,0,38,0,39,22,0,61,0,77,22,0,99,12,0,12,111
09/20/2009,MKK,HI,AWP,WE,Federal Contract Tower,0,25,0,0,25,0,41,3,0,44,0,66,3,0,69,0,0,0,69
09/21/2009,MKK,HI,AWP,WE,Federal Contract Tower,0,36,0,0,36,0,45,6,0,51,0,81,6,0,87,0,0,0,87
09/22/2009,MKK,HI,AWP,WE,Federal Contract Tower,0,38,0,6,44,0,55,5,8,68,0,93,5,14,112,0,0,0,112
09/23/2009,MKK,HI,AWP,WE,Federal Contract Tower,0,26,0,0,26,0,44,7,0,51,0,70,7,0,77,0,0,0,77
09/24/2009,MKK,HI,AWP,WE,Federal Contract Tower,0,33,0,0,33,0,54,4,0,58,0,87,4,0,91,0,0,0,91
09/25/2009,MKK,HI,AWP,WE,Federal Contract Tower,0,40,0,0,40,0,59,18,0,77,0,99,18,0,117,4,0,4,121
09/26/2009,MKK,HI,AWP,WE,Federal Contract Tower,0,42,1,0,43,0,58,34,0,92,0,100,35,0,135,12,0,12,147
09/27/2009,MKK,HI,AWP,WE,Federal Contract Tower,0,34,1,0,35,0,43,20,0,63,0,77,21,0,98,0,0,0,98
09/28/2009,MKK,HI,AWP,WE,Federal Contract Tower,0,42,0,0,42,0,66,3,0,69,0,108,3,0,111,10,0,10,121
09/29/2009,MKK,HI,AWP,WE,Federal Contract Tower,0,24,0,0,24,0,56,12,0,68,0,80,12,0,92,0,0,0,92
09/30/2009,MKK,HI,AWP,WE,Federal Contract Tower,0,37,0,0,37,0,52,9,0,61,0,89,9,0,98,0,0,0,98
10/01/2009,MKK,HI,AWP,WE,Federal Contract Tower,0,34,0,0,34,0,59,2,0,61,0,93,2,0,95,0,0,0,95
10/02/2009,MKK,HI,AWP,WE,Federal Contract Tower,0,41,0,0,41,0,64,16,0,80,0,105,16,0,121,0,0,0,121
10/03/2009,MKK,HI,AWP,WE,Federal Contract Tower,0,40,0,0,40,0,48,14,0,62,0,88,14,0,102,0,0,0,102
10/04/2009,MKK,HI,AWP,WE,Federal Contract Tower,0,31,0,2,33,0,42,11,2,55,0,73,11,4,88,0,0,0,88
10/05/2009,MKK,HI,AWP,WE,Federal Contract Tower,0,35,0,0,35,0,61,22,0,83,0,96,22,0,118,4,0,4,122
10/06/2009,MKK,HI,AWP,WE,Federal Contract Tower,0,37,0,0,37,0,50,19,0,69,0,87,19,0,106,0,0,0,106
10/07/2009,MKK,HI,AWP,WE,Federal Contract Tower,0,36,0,4,40,0,55,5,4,64,0,91,5,8,104,0,0,0,104
10/08/2009,MKK,HI,AWP,WE,Federal Contract Tower,0,46,2,2,50,0,48,9,2,59,0,94,11,4,109,12,0,12,121
10/09/2009,MKK,HI,AWP,WE,Federal Contract Tower,0,53,1,1,55,0,82,17,4,103,0,135,18,5,158,0,0,0,158
10/10/2009,MKK,HI,AWP,WE,Federal Contract Tower,0,40,0,0,40,0,79,14,0,93,0,119,14,0,133,24,0,24,157
10/11/2009,MKK,HI,AWP,WE,Federal Contract Tower,0,32,0,0,32,0,46,15,0,61,0,78,15,0,93,0,0,0,93
10/12/2009,MKK,HI,AWP,WE,Federal Contract Tower,0,33,4,0,37,0,54,17,0,71,0,87,21,0,108,2,0,2,110
10/13/2009,MKK,HI,AWP,WE,Federal Contract Tower,0,24,2,0,26,0,36,6,0,42,0,60,8,0,68,0,0,0,68
10/14/2009,MKK,HI,AWP,WE,Federal Contract Tower,0,31,0,0,31,0,29,13,0,42,0,60,13,0,73,16,0,16,89
10/15/2009,MKK,HI,AWP,WE,Federal Contract Tower,0,26,0,0,26,0,58,7,2,67,0,84,7,2,93,6,0,6,99
10/16/2009,MKK,HI,AWP,WE,Federal Contract Tower,0,33,0,0,33,0,54,0,0,54,0,87,0,0,87,2,0,2,89
10/17/2009,MKK,HI,AWP,WE,Federal Contract Tower,0,34,0,2,36,0,62,7,4,73,0,96,7,6,109,0,0,0,109
10/18/2009,MKK,HI,AWP,WE,Federal Contract Tower,0,32,0,0,32,0,41,6,0,47,0,73,6,0,79,0,0,0,79
10/19/2009,MKK,HI,AWP,WE,Federal Contract Tower,0,37,1,0,38,0,54,15,0,69,0,91,16,0,107,2,0,2,109
10/20/2009,MKK,HI,AWP,WE,Federal Contract Tower,0,37,0,0,37,0,44,1,2,47,0,81,1,2,84,0,0,0,84
10/21/2009,MKK,HI,AWP,WE,Federal Contract Tower,0,31,0,4,35,0,45,10,2,57,0,76,10,6,92,0,0,0,92
10/22/2009,MKK,HI,AWP,WE,Federal Contract Tower,0,41,0,2,43,0,48,5,0,53,0,89,5,2,96,10,2,12,108
10/23/2009,MKK,HI,AWP,WE,Federal Contract Tower,0,39,0,0,39,0,67,10,0,77,0,106,10,0,116,16,0,16,132
10/24/2009,MKK,HI,AWP,WE,Federal Contract Tower,0,36,0,0,36,0,52,3,0,55,0,88,3,0,91,6,0,6,97
10/25/2009,MKK,HI,AWP,WE,Federal Contract Tower,0,31,1,0,32,0,41,13,0,54,0,72,14,0,86,0,0,0,86
10/26/2009,MKK,HI,AWP,WE,Federal Contract Tower,0,26,1,0,27,0,51,5,0,56,0,77,6,0,83,0,0,0,83
10/27/2009,MKK,HI,AWP,WE,Federal Contract Tower,0,31,0,0,31,0,45,6,2,53,0,76,6,2,84,8,10,18,102
10/28/2009,MKK,HI,AWP,WE,Federal Contract Tower,0,26,0,0,26,0,38,11,2,51,0,64,11,2,77,10,4,14,91
10/29/2009,MKK,HI,AWP,WE,Federal Contract Tower,0,33,0,0,33,0,55,7,0,62,0,88,7,0,95,0,0,0,95
10/30/2009,MKK,HI,AWP,WE,Federal Contract Tower,0,43,0,0,43,0,55,10,0,65,0,98,10,0,108,0,0,0,108
10/31/2009,MKK,HI,AWP,WE,Federal Contract Tower,0,38,0,0,38,0,79,26,0,105,0,117,26,0,143,0,0,0,143
11/01/2009,MKK,HI,AWP,WE,Federal Contract Tower,0,28,3,0,31,0,51,10,0,61,0,79,13,0,92,0,0,0,92
11/02/2009,MKK,HI,AWP,WE,Federal Contract Tower,0,33,0,1,34,0,57,9,1,67,0,90,9,2,101,0,0,0,101
11/03/2009,MKK,HI,AWP,WE,Federal Contract Tower,0,31,0,0,31,0,48,3,0,51,0,79,3,0,82,0,0,0,82
11/04/2009,MKK,HI,AWP,WE,Federal Contract Tower,0,31,2,0,33,0,45,23,0,68,0,76,25,0,101,0,0,0,101
11/05/2009,MKK,HI,AWP,WE,Federal Contract Tower,0,37,0,0,37,0,65,8,0,73,0,102,8,0,110,0,0,0,110
11/06/2009,MKK,HI,AWP,WE,Federal Contract Tower,0,35,0,0,35,0,67,13,0,80,0,102,13,0,115,0,0,0,115
11/07/2009,MKK,HI,AWP,WE,Federal Contract Tower,0,43,3,0,46,0,122,21,0,143,0,165,24,0,189,18,0,18,207
11/08/2009,MKK,HI,AWP,WE,Federal Contract Tower,0,35,0,0,35,0,67,11,0,78,0,102,11,0,113,0,0,0,113
11/09/2009,MKK,HI,AWP,WE,Federal Contract Tower,0,27,1,6,34,0,68,11,10,89,0,95,12,16,123,8,18,26,149
11/10/2009,MKK,HI,AWP,WE,Federal Contract Tower,0,32,2,0,34,0,51,5,0,56,0,83,7,0,90,0,0,0,90
11/11/2009,MKK,HI,AWP,WE,Federal Contract Tower,0,34,1,0,35,0,40,2,0,42,0,74,3,0,77,10,0,10,87
11/12/2009,MKK,HI,AWP,WE,Federal Contract Tower,0,28,0,0,28,0,54,4,0,58,0,82,4,0,86,2,0,2,88
11/13/2009,MKK,HI,AWP,WE,Federal Contract Tower,0,35,1,0,36,0,52,13,0,65,0,87,14,0,101,1,0,1,102
11/14/2009,MKK,HI,AWP,WE,Federal Contract Tower,0,35,1,0,36,0,47,14,0,61,0,82,15,0,97,10,0,10,107
11/15/2009,MKK,HI,AWP,WE,Federal Contract Tower,0,33,1,0,34,0,45,5,0,50,0,78,6,0,84,6,0,6,90
11/16/2009,MKK,HI,AWP,WE,Federal Contract Tower,0,44,0,0,44,0,63,3,0,66,0,107,3,0,110,0,0,0,110
11/17/2009,MKK,HI,AWP,WE,Federal Contract Tower,0,32,1,2,35,0,50,7,2,59,0,82,8,4,94,10,0,10,104
11/18/2009,MKK,HI,AWP,WE,Federal Contract Tower,0,25,0,2,27,0,55,7,2,64,0,80,7,4,91,16,0,16,107
11/19/2009,MKK,HI,AWP,WE,Federal Contract Tower,0,30,0,0,30,0,52,10,0,62,0,82,10,0,92,0,0,0,92
11/20/2009,MKK,HI,AWP,WE,Federal Contract Tower,0,39,0,0,39,0,57,9,0,66,0,96,9,0,105,0,0,0,105
11/21/2009,MKK,HI,AWP,WE,Federal Contract Tower,0,37,1,0,38,0,51,17,0,68,0,88,18,0,106,1,0,1,107
11/22/2009,MKK,HI,AWP,WE,Federal Contract Tower,0,33,0,0,33,0,46,6,0,52,0,79,6,0,85,6,0,6,91
11/23/2009,MKK,HI,AWP,WE,Federal Contract Tower,0,26,3,1,30,0,52,15,1,68,0,78,18,2,98,28,0,28,126
11/24/2009,MKK,HI,AWP,WE,Federal Contract Tower,0,30,5,0,35,0,49,14,0,63,0,79,19,0,98,26,0,26,124
11/25/2009,MKK,HI,AWP,WE,Federal Contract Tower,0,42,0,0,42,0,68,7,0,75,0,110,7,0,117,2,0,2,119
11/26/2009,MKK,HI,AWP,WE,Federal Contract Tower,0,28,0,0,28,0,42,5,0,47,0,70,5,0,75,0,0,0,75
11/27/2009,MKK,HI,AWP,WE,Federal Contract Tower,0,33,0,0,33,0,48,1,0,49,0,81,1,0,82,0,0,0,82
11/28/2009,MKK,HI,AWP,WE,Federal Contract Tower,0,38,1,0,39,0,54,10,0,64,0,92,11,0,103,0,0,0,103
11/29/2009,MKK,HI,AWP,WE,Federal Contract Tower,0,37,3,0,40,0,42,15,0,57,0,79,18,0,97,10,0,10,107
11/30/2009,MKK,HI,AWP,WE,Federal Contract Tower,0,37,0,0,37,0,54,13,0,67,0,91,13,0,104,8,0,8,112
12/01/2009,MKK,HI,AWP,WE,Federal Contract Tower,0,32,1,0,33,0,52,10,0,62,0,84,11,0,95,2,0,2,97
12/02/2009,MKK,HI,AWP,WE,Federal Contract Tower,0,33,0,0,33,0,34,24,2,60,0,67,24,2,93,16,0,16,109
12/03/2009,MKK,HI,AWP,WE,Federal Contract Tower,0,27,0,10,37,0,54,3,10,67,0,81,3,20,104,6,0,6,110
12/04/2009,MKK,HI,AWP,WE,Federal Contract Tower,0,36,0,0,36,0,47,14,0,61,0,83,14,0,97,1,0,1,98
12/05/2009,MKK,HI,AWP,WE,Federal Contract Tower,0,33,3,0,36,0,55,9,0,64,0,88,12,0,100,6,0,6,106
12/06/2009,MKK,HI,AWP,WE,Federal Contract Tower,0,28,0,0,28,0,42,15,0,57,0,70,15,0,85,4,0,4,89
12/07/2009,MKK,HI,AWP,WE,Federal Contract Tower,0,44,1,0,45,0,65,16,0,81,0,109,17,0,126,0,0,0,126
12/08/2009,MKK,HI,AWP,WE,Federal Contract Tower,0,22,0,0,22,0,29,23,3,55,0,51,23,3,77,0,0,0,77
12/09/2009,MKK,HI,AWP,WE,Federal Contract Tower,0,31,0,0,31,0,47,15,0,62,0,78,15,0,93,0,0,0,93
12/10/2009,MKK,HI,AWP,WE,Federal Contract Tower,0,27,0,1,28,0,56,16,0,72,0,83,16,1,100,0,0,0,100
12/11/2009,MKK,HI,AWP,WE,Federal Contract Tower,0,43,0,0,43,0,56,26,0,82,0,99,26,0,125,10,0,10,135
12/12/2009,MKK,HI,AWP,WE,Federal Contract Tower,0,28,0,1,29,0,43,7,0,50,0,71,7,1,79,0,0,0,79
12/13/2009,MKK,HI,AWP,WE,Federal Contract Tower,0,13,0,0,13,0,47,9,0,56,0,60,9,0,69,2,0,2,71
12/14/2009,MKK,HI,AWP,WE,Federal Contract Tower,0,38,0,0,38,0,70,15,0,85,0,108,15,0,123,8,0,8,131
12/15/2009,MKK,HI,AWP,WE,Federal Contract Tower,0,24,2,0,26,0,45,6,0,51,0,69,8,0,77,0,0,0,77
12/16/2009,MKK,HI,AWP,WE,Federal Contract Tower,0,32,0,0,32,0,36,14,0,50,0,68,14,0,82,8,0,8,90
12/17/2009,MKK,HI,AWP,WE,Federal Contract Tower,0,30,0,0,30,0,55,5,4,64,0,85,5,4,94,0,0,0,94
12/18/2009,MKK,HI,AWP,WE,Federal Contract Tower,0,29,4,0,33,0,48,19,0,67,0,77,23,0,100,4,0,4,104
12/19/2009,MKK,HI,AWP,WE,Federal Contract Tower,0,31,0,0,31,0,52,14,0,66,0,83,14,0,97,2,0,2,99
12/20/2009,MKK,HI,AWP,WE,Federal Contract Tower,0,27,0,0,27,0,45,7,0,52,0,72,7,0,79,0,0,0,79
12/21/2009,MKK,HI,AWP,WE,Federal Contract Tower,0,40,2,0,42,0,59,14,0,73,0,99,16,0,115,0,0,0,115
12/22/2009,MKK,HI,AWP,WE,Federal Contract Tower,0,32,0,3,35,0,57,14,3,74,0,89,14,6,109,4,0,4,113
12/23/2009,MKK,HI,AWP,WE,Federal Contract Tower,0,25,2,0,27,0,49,10,0,59,0,74,12,0,86,0,0,0,86
12/24/2009,MKK,HI,AWP,WE,Federal Contract Tower,0,21,0,0,21,0,39,10,0,49,0,60,10,0,70,0,0,0,70
12/25/2009,MKK,HI,AWP,WE,Federal Contract Tower,0,32,0,0,32,0,39,2,0,41,0,71,2,0,73,0,0,0,73
12/26/2009,MKK,HI,AWP,WE,Federal Contract Tower,0,42,2,0,44,0,55,13,1,69,0,97,15,1,113,12,0,12,125
12/27/2009,MKK,HI,AWP,WE,Federal Contract Tower,0,19,2,0,21,0,30,17,0,47,0,49,19,0,68,18,0,18,86
12/28/2009,MKK,HI,AWP,WE,Federal Contract Tower,0,37,6,0,43,0,52,31,0,83,0,89,37,0,126,32,0,32,158
12/29/2009,MKK,HI,AWP,WE,Federal Contract Tower,0,34,3,0,37,0,51,23,0,74,0,85,26,0,111,48,0,48,159
12/30/2009,MKK,HI,AWP,WE,Federal Contract Tower,0,38,7,1,46,0,41,22,4,67,0,79,29,5,113,8,20,28,141
12/31/2009,MKK,HI,AWP,WE,Federal Contract Tower,0,34,2,0,36,0,32,18,0,50,0,66,20,0,86,6,0,6,92
01/01/2010,MKK,HI,AWP,WE,Federal Contract Tower,0,23,0,0,23,0,27,7,0,34,0,50,7,0,57,0,0,0,57
01/02/2010,MKK,HI,AWP,WE,Federal Contract Tower,0,33,0,0,33,0,46,9,0,55,0,79,9,0,88,18,0,18,106
01/03/2010,MKK,HI,AWP,WE,Federal Contract Tower,0,24,4,0,28,0,38,11,1,50,0,62,15,1,78,22,0,22,100
01/04/2010,MKK,HI,AWP,WE,Federal Contract Tower,0,39,0,0,39,0,66,12,0,78,0,105,12,0,117,8,0,8,125
01/05/2010,MKK,HI,AWP,WE,Federal Contract Tower,0,33,6,0,39,0,42,6,0,48,0,75,12,0,87,2,0,2,89
01/06/2010,MKK,HI,AWP,WE,Federal Contract Tower,0,37,2,4,43,0,40,7,2,49,0,77,9,6,92,14,14,28,120
01/07/2010,MKK,HI,AWP,WE,Federal Contract Tower,0,32,0,0,32,0,35,9,0,44,0,67,9,0,76,6,0,6,82
01/08/2010,MKK,HI,AWP,WE,Federal Contract Tower,0,28,0,0,28,0,37,3,0,40,0,65,3,0,68,0,0,0,68
01/09/2010,MKK,HI,AWP,WE,Federal Contract Tower,0,27,0,0,27,0,42,7,0,49,0,69,7,0,76,12,0,12,88
01/10/2010,MKK,HI,AWP,WE,Federal Contract Tower,0,26,0,0,26,0,38,13,0,51,0,64,13,0,77,10,0,10,87
01/11/2010,MKK,HI,AWP,WE,Federal Contract Tower,0,39,0,0,39,0,61,10,0,71,0,100,10,0,110,6,0,6,116
01/12/2010,MKK,HI,AWP,WE,Federal Contract Tower,0,32,4,0,36,0,38,9,0,47,0,70,13,0,83,0,0,0,83
01/13/2010,MKK,HI,AWP,WE,Federal Contract Tower,0,26,0,0,26,0,35,12,0,47,0,61,12,0,73,0,0,0,73
01/14/2010,MKK,HI,AWP,WE,Federal Contract Tower,0,32,0,4,36,0,37,29,0,66,0,69,29,4,102,8,0,8,110
01/15/2010,MKK,HI,AWP,WE,Federal Contract Tower,0,35,1,2,38,0,50,16,0,66,0,85,17,2,104,12,0,12,116
01/16/2010,MKK,HI,AWP,WE,Federal Contract Tower,0,28,0,0,28,0,40,8,0,48,0,68,8,0,76,0,0,0,76
01/17/2010,MKK,HI,AWP,WE,Federal Contract Tower,0,22,0,0,22,0,23,22,0,45,0,45,22,0,67,0,0,0,67
01/18/2010,MKK,HI,AWP,WE,Federal Contract Tower,0,33,1,0,34,0,55,15,0,70,0,88,16,0,104,22,0,22,126
01/19/2010,MKK,HI,AWP,WE,Federal Contract Tower,0,28,1,5,34,0,49,14,8,71,0,77,15,13,105,6,0,6,111
01/20/2010,MKK,HI,AWP,WE,Federal Contract Tower,0,35,2,0,37,0,59,13,0,72,0,94,15,0,109,0,0,0,109
01/21/2010,MKK,HI,AWP,WE,Federal Contract Tower,0,32,3,0,35,0,48,28,0,76,0,80,31,0,111,2,0,2,113
01/22/2010,MKK,HI,AWP,WE,Federal Contract Tower,0,25,0,0,25,0,46,21,0,67,0,71,21,0,92,10,0,10,102
01/23/2010,MKK,HI,AWP,WE,Federal Contract Tower,0,28,0,0,28,0,41,12,0,53,0,69,12,0,81,0,0,0,81
01/24/2010,MKK,HI,AWP,WE,Federal Contract Tower,0,20,0,0,20,0,39,7,0,46,0,59,7,0,66,12,0,12,78
01/25/2010,MKK,HI,AWP,WE,Federal Contract Tower,0,39,0,0,39,0,58,13,0,71,0,97,13,0,110,8,0,8,118
01/26/2010,MKK,HI,AWP,WE,Federal Contract Tower,0,29,0,0,29,0,45,15,0,60,0,74,15,0,89,6,0,6,95
01/27/2010,MKK,HI,AWP,WE,Federal Contract Tower,0,45,0,0,45,0,40,2,0,42,0,85,2,0,87,0,0,0,87
01/28/2010,MKK,HI,AWP,WE,Federal Contract Tower,0,31,0,0,31,0,38,14,0,52,0,69,14,0,83,6,0,6,89
01/29/2010,MKK,HI,AWP,WE,Federal Contract Tower,0,42,1,0,43,0,61,14,0,75,0,103,15,0,118,10,0,10,128
01/30/2010,MKK,HI,AWP,WE,Federal Contract Tower,0,29,0,0,29,0,33,2,4,39,0,62,2,4,68,0,0,0,68
01/31/2010,MKK,HI,AWP,WE,Federal Contract Tower,0,26,0,2,28,0,36,14,3,53,0,62,14,5,81,12,0,12,93
02/01/2010,MKK,HI,AWP,WE,Federal Contract Tower,0,39,2,0,41,0,59,18,4,81,0,98,20,4,122,0,0,0,122
02/02/2010,MKK,HI,AWP,WE,Federal Contract Tower,0,46,0,0,46,0,59,0,0,59,0,105,0,0,105,0,0,0,105
02/03/2010,MKK,HI,AWP,WE,Federal Contract Tower,0,36,0,0,36,0,46,16,1,63,0,82,16,1,99,6,0,6,105
02/04/2010,MKK,HI,AWP,WE,Federal Contract Tower,0,37,0,5,42,0,48,17,0,65,0,85,17,5,107,6,0,6,113
02/05/2010,MKK,HI,AWP,WE,Federal Contract Tower,0,33,0,0,33,0,50,11,0,61,0,83,11,0,94,20,0,20,114
02/06/2010,MKK,HI,AWP,WE,Federal Contract Tower,0,32,1,0,33,0,40,7,1,48,0,72,8,1,81,4,0,4,85
02/07/2010,MKK,HI,AWP,WE,Federal Contract Tower,0,26,0,0,26,0,39,11,2,52,0,65,11,2,78,14,0,14,92
02/08/2010,MKK,HI,AWP,WE,Federal Contract Tower,0,35,0,0,35,0,60,8,0,68,0,95,8,0,103,12,0,12,115
02/09/2010,MKK,HI,AWP,WE,Federal Contract Tower,0,38,0,0,38,0,56,3,0,59,0,94,3,0,97,0,0,0,97
02/10/2010,MKK,HI,AWP,WE,Federal Contract Tower,0,32,6,0,38,0,38,23,0,61,0,70,29,0,99,4,0,4,103
02/11/2010,MKK,HI,AWP,WE,Federal Contract Tower,0,39,0,0,39,0,45,8,0,53,0,84,8,0,92,12,0,12,104
02/12/2010,MKK,HI,AWP,WE,Federal Contract Tower,0,45,1,0,46,0,56,20,0,76,0,101,21,0,122,24,0,24,146
02/13/2010,MKK,HI,AWP,WE,Federal Contract Tower,0,37,2,0,39,0,47,14,0,61,0,84,16,0,100,0,0,0,100
02/14/2010,MKK,HI,AWP,WE,Federal Contract Tower,0,30,0,2,32,0,32,4,2,38,0,62,4,4,70,0,0,0,70
02/15/2010,MKK,HI,AWP,WE,Federal Contract Tower,0,29,3,0,32,0,52,25,2,79,0,81,28,2,111,0,0,0,111
02/16/2010,MKK,HI,AWP,WE,Federal Contract Tower,0,30,1,1,32,0,54,7,2,63,0,84,8,3,95,4,0,4,99
02/17/2010,MKK,HI,AWP,WE,Federal Contract Tower,0,28,7,2,37,0,37,8,2,47,0,65,15,4,84,6,0,6,90
02/18/2010,MKK,HI,AWP,WE,Federal Contract Tower,0,36,2,2,40,0,44,9,2,55,0,80,11,4,95,10,0,10,105
02/19/2010,MKK,HI,AWP,WE,Federal Contract Tower,0,39,1,0,40,0,44,21,0,65,0,83,22,0,105,8,0,8,113
02/20/2010,MKK,HI,AWP,WE,Federal Contract Tower,0,36,0,0,36,0,44,13,5,62,0,80,13,5,98,6,0,6,104
02/21/2010,MKK,HI,AWP,WE,Federal Contract Tower,0,28,0,0,28,0,40,12,4,56,0,68,12,4,84,10,8,18,102
02/22/2010,MKK,HI,AWP,WE,Federal Contract Tower,0,43,6,2,51,0,79,20,2,101,0,122,26,4,152,6,0,6,158
02/23/2010,MKK,HI,AWP,WE,Federal Contract Tower,0,29,2,4,35,0,54,11,4,69,0,83,13,8,104,8,0,8,112
02/24/2010,MKK,HI,AWP,WE,Federal Contract Tower,0,25,1,0,26,0,47,12,0,59,0,72,13,0,85,4,0,4,89
02/25/2010,MKK,HI,AWP,WE,Federal Contract Tower,0,39,0,1,40,0,46,9,2,57,0,85,9,3,97,0,0,0,97
02/26/2010,MKK,HI,AWP,WE,Federal Contract Tower,0,29,1,0,30,0,62,16,0,78,0,91,17,0,108,6,0,6,114
02/27/2010,MKK,HI,AWP,WE,Federal Contract Tower,0,19,0,0,19,0,43,34,4,81,0,62,34,4,100,0,0,0,100
02/28/2010,MKK,HI,AWP,WE,Federal Contract Tower,0,39,2,0,41,0,41,0,0,41,0,80,2,0,82,0,0,0,82
03/01/2010,MKK,HI,AWP,WE,Federal Contract Tower,0,47,0,1,48,0,66,11,1,78,0,113,11,2,126,0,0,0,126
03/02/2010,MKK,HI,AWP,WE,Federal Contract Tower,0,34,0,2,36,0,46,6,0,52,0,80,6,2,88,0,0,0,88
03/03/2010,MKK,HI,AWP,WE,Federal Contract Tower,0,35,1,2,38,0,51,13,0,64,0,86,14,2,102,0,0,0,102
03/04/2010,MKK,HI,AWP,WE,Federal Contract Tower,0,44,0,0,44,0,49,6,0,55,0,93,6,0,99,0,0,0,99
03/05/2010,MKK,HI,AWP,WE,Federal Contract Tower,0,48,2,0,50,0,45,23,0,68,0,93,25,0,118,8,0,8,126
03/06/2010,MKK,HI,AWP,WE,Federal Contract Tower,0,40,4,0,44,0,41,9,0,50,0,81,13,0,94,4,0,4,98
03/07/2010,MKK,HI,AWP,WE,Federal Contract Tower,0,34,2,0,36,0,44,14,0,58,0,78,16,0,94,8,0,8,102
03/08/2010,MKK,HI,AWP,WE,Federal Contract Tower,0,46,5,2,53,0,58,17,3,78,0,104,22,5,131,4,0,4,135
03/09/2010,MKK,HI,AWP,WE,Federal Contract Tower,0,38,0,2,40,0,51,3,20,74,0,89,3,22,114,0,0,0,114
03/10/2010,MKK,HI,AWP,WE,Federal Contract Tower,0,33,0,2,35,0,48,5,2,55,0,81,5,4,90,0,0,0,90
03/11/2010,MKK,HI,AWP,WE,Federal Contract Tower,0,39,1,0,40,0,45,15,0,60,0,84,16,0,100,12,0,12,112
03/12/2010,MKK,HI,AWP,WE,Federal Contract Tower,0,35,0,2,37,0,64,4,2,70,0,99,4,4,107,0,0,0,107
03/13/2010,MKK,HI,AWP,WE,Federal Contract Tower,0,35,0,0,35,0,44,11,0,55,0,79,11,0,90,0,0,0,90
03/14/2010,MKK,HI,AWP,WE,Federal Contract Tower,0,26,0,0,26,0,40,12,0,52,0,66,12,0,78,0,0,0,78
03/15/2010,MKK,HI,AWP,WE,Federal Contract Tower,0,48,0,0,48,0,66,7,0,73,0,114,7,0,121,2,0,2,123
03/16/2010,MKK,HI,AWP,WE,Federal Contract Tower,0,38,2,0,40,0,52,8,0,60,0,90,10,0,100,12,0,12,112
03/17/2010,MKK,HI,AWP,WE,Federal Contract Tower,0,32,2,0,34,0,44,17,0,61,0,76,19,0,95,4,0,4,99
03/18/2010,MKK,HI,AWP,WE,Federal Contract Tower,0,37,0,0,37,0,43,15,0,58,0,80,15,0,95,0,0,0,95
03/19/2010,MKK,HI,AWP,WE,Federal Contract Tower,0,40,2,0,42,0,62,13,0,75,0,102,15,0,117,2,0,2,119
03/20/2010,MKK,HI,AWP,WE,Federal Contract Tower,0,41,1,0,42,0,44,18,0,62,0,85,19,0,104,0,0,0,104
03/21/2010,MKK,HI,AWP,WE,Federal Contract Tower,0,31,0,0,31,0,49,24,0,73,0,80,24,0,104,6,0,6,110
03/22/2010,MKK,HI,AWP,WE,Federal Contract Tower,0,49,4,0,53,0,62,13,0,75,0,111,17,0,128,2,0,2,130
03/23/2010,MKK,HI,AWP,WE,Federal Contract Tower,0,44,5,0,49,0,69,9,0,78,0,113,14,0,127,0,0,0,127
03/24/2010,MKK,HI,AWP,WE,Federal Contract Tower,0,31,0,0,31,0,59,17,0,76,0,90,17,0,107,2,0,2,109
03/25/2010,MKK,HI,AWP,WE,Federal Contract Tower,0,47,6,0,53,0,46,17,0,63,0,93,23,0,116,0,0,0,116
03/26/2010,MKK,HI,AWP,WE,Federal Contract Tower,0,39,1,0,40,0,53,19,0,72,0,92,20,0,112,0,0,0,112
03/27/2010,MKK,HI,AWP,WE,Federal Contract Tower,0,35,3,0,38,0,46,3,0,49,0,81,6,0,87,0,0,0,87
03/28/2010,MKK,HI,AWP,WE,Federal Contract Tower,0,26,2,0,28,0,45,19,0,64,0,71,21,0,92,2,0,2,94
03/29/2010,MKK,HI,AWP,WE,Federal Contract Tower,0,40,0,0,40,0,65,3,2,70,0,105,3,2,110,0,2,2,112
03/30/2010,MKK,HI,AWP,WE,Federal Contract Tower,0,36,0,0,36,0,63,2,0,65,0,99,2,0,101,0,0,0,101
03/31/2010,MKK,HI,AWP,WE,Federal Contract Tower,0,34,0,0,34,0,54,2,0,56,0,88,2,0,90,0,0,0,90
04/01/2010,MKK,HI,AWP,WE,Federal Contract Tower,0,37,0,0,37,0,55,9,0,64,0,92,9,0,101,0,0,0,101
04/02/2010,MKK,HI,AWP,WE,Federal Contract Tower,0,34,0,0,34,0,55,9,2,66,0,89,9,2,100,0,0,0,100
04/03/2010,MKK,HI,AWP,WE,Federal Contract Tower,0,34,0,0,34,0,43,3,0,46,0,77,3,0,80,0,0,0,80
04/04/2010,MKK,HI,AWP,WE,Federal Contract Tower,0,34,0,0,34,0,40,5,0,45,0,74,5,0,79,0,0,0,79
04/05/2010,MKK,HI,AWP,WE,Federal Contract Tower,0,43,1,0,44,0,62,5,0,67,0,105,6,0,111,0,0,0,111
04/06/2010,MKK,HI,AWP,WE,Federal Contract Tower,0,34,2,0,36,0,49,13,3,65,0,83,15,3,101,0,0,0,101
04/07/2010,MKK,HI,AWP,WE,Federal Contract Tower,0,35,1,0,36,0,62,10,0,72,0,97,11,0,108,8,0,8,116
04/08/2010,MKK,HI,AWP,WE,Federal Contract Tower,0,28,2,0,30,0,51,22,1,74,0,79,24,1,104,36,0,36,140
04/09/2010,MKK,HI,AWP,WE,Federal Contract Tower,0,34,1,0,35,0,53,10,0,63,0,87,11,0,98,0,0,0,98
04/10/2010,MKK,HI,AWP,WE,Federal Contract Tower,0,29,2,0,31,0,46,15,1,62,0,75,17,1,93,0,0,0,93
04/11/2010,MKK,HI,AWP,WE,Federal Contract Tower,0,23,0,0,23,0,47,14,1,62,0,70,14,1,85,12,2,14,99
04/12/2010,MKK,HI,AWP,WE,Federal Contract Tower,0,53,0,0,53,0,65,5,0,70,0,118,5,0,123,4,0,4,127
04/13/2010,MKK,HI,AWP,WE,Federal Contract Tower,0,52,0,0,52,0,59,5,2,66,0,111,5,2,118,0,0,0,118
04/14/2010,MKK,HI,AWP,WE,Federal Contract Tower,0,35,0,1,36,0,56,4,4,64,0,91,4,5,100,0,0,0,100
04/15/2010,MKK,HI,AWP,WE,Federal Contract Tower,0,49,0,0,49,0,59,5,0,64,0,108,5,0,113,6,0,6,119
04/16/2010,MKK,HI,AWP,WE,Federal Contract Tower,0,45,1,0,46,0,62,11,0,73,0,107,12,0,119,0,0,0,119
04/17/2010,MKK,HI,AWP,WE,Federal Contract Tower,0,42,0,2,44,0,59,14,2,75,0,101,14,4,119,6,0,6,125
04/18/2010,MKK,HI,AWP,WE,Federal Contract Tower,0,33,0,0,33,0,48,10,0,58,0,81,10,0,91,18,0,18,109
04/19/2010,MKK,HI,AWP,WE,Federal Contract Tower,0,44,0,0,44,0,65,17,0,82,0,109,17,0,126,24,0,24,150
04/20/2010,MKK,HI,AWP,WE,Federal Contract Tower,0,36,0,0,36,0,54,6,0,60,0,90,6,0,96,4,0,4,100
04/21/2010,MKK,HI,AWP,WE,Federal Contract Tower,0,42,0,0,42,0,70,5,0,75,0,112,5,0,117,0,0,0,117
04/22/2010,MKK,HI,AWP,WE,Federal Contract Tower,0,40,4,6,50,0,46,18,6,70,0,86,22,12,120,0,0,0,120
04/23/2010,MKK,HI,AWP,WE,Federal Contract Tower,0,35,1,0,36,0,1,0,0,1,0,36,1,0,37,0,0,0,37
04/24/2010,MKK,HI,AWP,WE,Federal Contract Tower,0,32,0,0,32,0,62,20,0,82,0,94,20,0,114,0,0,0,114
04/25/2010,MKK,HI,AWP,WE,Federal Contract Tower,0,28,0,0,28,0,57,12,0,69,0,85,12,0,97,0,0,0,97
04/26/2010,MKK,HI,AWP,WE,Federal Contract Tower,0,30,4,0,34,0,69,14,0,83,0,99,18,0,117,6,0,6,123
04/27/2010,MKK,HI,AWP,WE,Federal Contract Tower,0,26,0,0,26,0,54,9,0,63,0,80,9,0,89,0,0,0,89
04/28/2010,MKK,HI,AWP,WE,Federal Contract Tower,0,33,4,0,37,0,65,9,0,74,0,98,13,0,111,0,0,0,111
04/29/2010,MKK,HI,AWP,WE,Federal Contract Tower,0,44,1,0,45,0,53,16,0,69,0,97,17,0,114,28,0,28,142
04/30/2010,MKK,HI,AWP,WE,Federal Contract Tower,0,37,2,0,39,0,61,12,0,73,0,98,14,0,112,0,0,0,112
05/01/2010,MKK,HI,AWP,WE,Federal Contract Tower,0,39,0,0,39,0,53,15,0,68,0,92,15,0,107,0,0,0,107
05/02/2010,MKK,HI,AWP,WE,Federal Contract Tower,0,27,1,0,28,0,39,8,0,47,0,66,9,0,75,0,0,0,75
05/03/2010,MKK,HI,AWP,WE,Federal Contract Tower,0,46,1,0,47,0,58,6,0,64,0,104,7,0,111,0,0,0,111
05/04/2010,MKK,HI,AWP,WE,Federal Contract Tower,0,35,2,0,37,0,60,3,2,65,0,95,5,2,102,0,0,0,102
05/05/2010,MKK,HI,AWP,WE,Federal Contract Tower,0,34,2,0,36,0,58,7,0,65,0,92,9,0,101,0,0,0,101
05/06/2010,MKK,HI,AWP,WE,Federal Contract Tower,0,36,0,0,36,0,63,12,0,75,0,99,12,0,111,0,0,0,111
05/07/2010,MKK,HI,AWP,WE,Federal Contract Tower,0,36,3,0,39,0,53,8,0,61,0,89,11,0,100,0,0,0,100
05/08/2010,MKK,HI,AWP,WE,Federal Contract Tower,0,27,5,0,32,0,43,27,0,70,0,70,32,0,102,2,0,2,104
05/09/2010,MKK,HI,AWP,WE,Federal Contract Tower,0,30,0,0,30,0,49,9,0,58,0,79,9,0,88,0,0,0,88
05/10/2010,MKK,HI,AWP,WE,Federal Contract Tower,0,40,0,0,40,0,60,19,0,79,0,100,19,0,119,6,0,6,125
05/11/2010,MKK,HI,AWP,WE,Federal Contract Tower,0,33,2,1,36,0,62,14,2,78,0,95,16,3,114,12,0,12,126
05/12/2010,MKK,HI,AWP,WE,Federal Contract Tower,0,29,3,0,32,0,51,29,0,80,0,80,32,0,112,0,0,0,112
05/13/2010,MKK,HI,AWP,WE,Federal Contract Tower,0,37,1,0,38,0,58,18,0,76,0,95,19,0,114,0,0,0,114
05/14/2010,MKK,HI,AWP,WE,Federal Contract Tower,0,33,6,0,39,0,62,23,0,85,0,95,29,0,124,8,0,8,132
05/15/2010,MKK,HI,AWP,WE,Federal Contract Tower,0,35,0,0,35,0,50,13,0,63,0,85,13,0,98,0,0,0,98
05/16/2010,MKK,HI,AWP,WE,Federal Contract Tower,0,29,2,0,31,0,52,8,0,60,0,81,10,0,91,0,0,0,91
05/17/2010,MKK,HI,AWP,WE,Federal Contract Tower,0,37,0,0,37,0,79,9,2,90,0,116,9,2,127,0,8,8,135
05/18/2010,MKK,HI,AWP,WE,Federal Contract Tower,0,36,1,0,37,0,64,20,24,108,0,100,21,24,145,6,2,8,153
05/19/2010,MKK,HI,AWP,WE,Federal Contract Tower,0,33,0,0,33,0,60,10,0,70,0,93,10,0,103,0,0,0,103
05/20/2010,MKK,HI,AWP,WE,Federal Contract Tower,0,35,2,0,37,0,57,11,4,72,0,92,13,4,109,0,0,0,109
05/21/2010,MKK,HI,AWP,WE,Federal Contract Tower,0,44,0,0,44,0,59,8,0,67,0,103,8,0,111,0,0,0,111
05/22/2010,MKK,HI,AWP,WE,Federal Contract Tower,0,28,0,0,28,0,55,14,2,71,0,83,14,2,99,4,2,6,105
05/23/2010,MKK,HI,AWP,WE,Federal Contract Tower,0,29,0,0,29,0,38,2,0,40,0,67,2,0,69,0,0,0,69
05/24/2010,MKK,HI,AWP,WE,Federal Contract Tower,0,33,0,0,33,0,64,18,0,82,0,97,18,0,115,0,0,0,115
05/25/2010,MKK,HI,AWP,WE,Federal Contract Tower,0,31,0,0,31,0,59,11,0,70,0,90,11,0,101,4,0,4,105
05/26/2010,MKK,HI,AWP,WE,Federal Contract Tower,0,30,5,2,37,0,53,18,4,75,0,83,23,6,112,14,0,14,126
05/27/2010,MKK,HI,AWP,WE,Federal Contract Tower,0,31,0,2,33,0,56,16,2,74,0,87,16,4,107,0,0,0,107
05/28/2010,MKK,HI,AWP,WE,Federal Contract Tower,0,32,2,0,34,0,48,14,0,62,0,80,16,0,96,0,0,0,96
05/29/2010,MKK,HI,AWP,WE,Federal Contract Tower,0,30,3,0,33,0,45,21,0,66,0,75,24,0,99,0,0,0,99
05/30/2010,MKK,HI,AWP,WE,Federal Contract Tower,0,30,0,0,30,0,42,14,0,56,0,72,14,0,86,0,0,0,86
05/31/2010,MKK,HI,AWP,WE,Federal Contract Tower,0,25,2,0,27,0,40,7,0,47,0,65,9,0,74,0,0,0,74
06/01/2010,MKK,HI,AWP,WE,Federal Contract Tower,0,38,0,0,38,0,65,18,0,83,0,103,18,0,121,0,0,0,121
06/02/2010,MKK,HI,AWP,WE,Federal Contract Tower,0,40,5,2,47,0,50,22,0,72,0,90,27,2,119,8,0,8,127
06/03/2010,MKK,HI,AWP,WE,Federal Contract Tower,0,27,1,0,28,0,58,13,0,71,0,85,14,0,99,0,0,0,99
06/04/2010,MKK,HI,AWP,WE,Federal Contract Tower,0,31,2,0,33,0,38,16,2,56,0,69,18,2,89,2,0,2,91
06/05/2010,MKK,HI,AWP,WE,Federal Contract Tower,0,25,3,0,28,0,20,17,0,37,0,45,20,0,65,0,0,0,65
06/06/2010,MKK,HI,AWP,WE,Federal Contract Tower,0,25,0,1,26,0,21,13,0,34,0,46,13,1,60,6,2,8,68
06/07/2010,MKK,HI,AWP,WE,Federal Contract Tower,0,39,2,0,41,0,55,16,0,71,0,94,18,0,112,15,0,15,127
06/08/2010,MKK,HI,AWP,WE,Federal Contract Tower,0,22,0,0,22,0,51,4,0,55,0,73,4,0,77,0,0,0,77
06/09/2010,MKK,HI,AWP,WE,Federal Contract Tower,0,31,1,0,32,0,45,6,0,51,0,76,7,0,83,4,0,4,87
06/10/2010,MKK,HI,AWP,WE,Federal Contract Tower,0,31,1,0,32,0,56,13,0,69,0,87,14,0,101,14,0,14,115
06/11/2010,MKK,HI,AWP,WE,Federal Contract Tower,0,24,2,0,26,0,46,14,0,60,0,70,16,0,86,0,0,0,86
06/12/2010,MKK,HI,AWP,WE,Federal Contract Tower,0,30,0,0,30,0,52,15,2,69,0,82,15,2,99,2,0,2,101
06/13/2010,MKK,HI,AWP,WE,Federal Contract Tower,0,20,0,2,22,0,48,23,3,74,0,68,23,5,96,0,0,0,96
06/14/2010,MKK,HI,AWP,WE,Federal Contract Tower,0,35,0,0,35,0,64,1,0,65,0,99,1,0,100,0,0,0,100
06/15/2010,MKK,HI,AWP,WE,Federal Contract Tower,0,30,1,0,31,0,72,2,0,74,0,102,3,0,105,0,0,0,105
06/16/2010,MKK,HI,AWP,WE,Federal Contract Tower,0,30,1,0,31,0,72,2,0,74,0,102,3,0,105,0,0,0,105
06/17/2010,MKK,HI,AWP,WE,Federal Contract Tower,0,35,1,5,41,0,52,23,4,79,0,87,24,9,120,8,0,8,128
06/18/2010,MKK,HI,AWP,WE,Federal Contract Tower,0,28,2,0,30,0,50,13,0,63,0,78,15,0,93,18,0,18,111
06/19/2010,MKK,HI,AWP,WE,Federal Contract Tower,0,30,1,0,31,0,55,10,0,65,0,85,11,0,96,0,0,0,96
06/20/2010,MKK,HI,AWP,WE,Federal Contract Tower,0,23,0,0,23,0,49,11,0,60,0,72,11,0,83,0,0,0,83
06/21/2010,MKK,HI,AWP,WE,Federal Contract Tower,0,32,0,0,32,0,54,14,2,70,0,86,14,2,102,12,0,12,114
06/22/2010,MKK,HI,AWP,WE,Federal Contract Tower,0,33,5,0,38,0,70,16,2,88,0,103,21,2,126,0,6,6,132
06/23/2010,MKK,HI,AWP,WE,Federal Contract Tower,0,39,3,0,42,0,62,10,0,72,0,101,13,0,114,4,0,4,118
06/24/2010,MKK,HI,AWP,WE,Federal Contract Tower,0,36,0,0,36,0,64,4,0,68,0,100,4,0,104,0,0,0,104
06/25/2010,MKK,HI,AWP,WE,Federal Contract Tower,0,34,0,0,34,0,56,13,0,69,0,90,13,0,103,0,0,0,103
06/26/2010,MKK,HI,AWP,WE,Federal Contract Tower,0,38,2,2,42,0,52,9,2,63,0,90,11,4,105,0,0,0,105
06/27/2010,MKK,HI,AWP,WE,Federal Contract Tower,0,21,0,0,21,0,29,12,0,41,0,50,12,0,62,12,0,12,74
06/28/2010,MKK,HI,AWP,WE,Federal Contract Tower,0,27,0,0,27,0,54,12,0,66,0,81,12,0,93,0,0,0,93
06/29/2010,MKK,HI,AWP,WE,Federal Contract Tower,0,30,0,0,30,0,52,0,0,52,0,82,0,0,82,0,0,0,82
06/30/2010,MKK,HI,AWP,WE,Federal Contract Tower,0,26,0,0,26,0,57,3,0,60,0,83,3,0,86,8,0,8,94
07/01/2010,MKK,HI,AWP,WE,Federal Contract Tower,0,38,0,0,38,0,66,4,0,70,0,104,4,0,108,0,0,0,108
07/02/2010,MKK,HI,AWP,WE,Federal Contract Tower,0,37,4,0,41,0,65,16,0,81,0,102,20,0,122,18,0,18,140
07/03/2010,MKK,HI,AWP,WE,Federal Contract Tower,0,32,0,0,32,0,40,14,0,54,0,72,14,0,86,0,0,0,86
07/04/2010,MKK,HI,AWP,WE,Federal Contract Tower,0,21,0,0,21,0,38,12,0,50,0,59,12,0,71,0,0,0,71
07/05/2010,MKK,HI,AWP,WE,Federal Contract Tower,0,29,3,0,32,0,45,13,2,60,0,74,16,2,92,0,0,0,92
07/06/2010,MKK,HI,AWP,WE,Federal Contract Tower,0,38,2,0,40,0,69,2,0,71,0,107,4,0,111,0,0,0,111
07/07/2010,MKK,HI,AWP,WE,Federal Contract Tower,0,35,0,0,35,0,62,4,0,66,0,97,4,0,101,0,0,0,101
07/08/2010,MKK,HI,AWP,WE,Federal Contract Tower,0,44,2,0,46,0,74,9,0,83,0,118,11,0,129,0,0,0,129
07/09/2010,MKK,HI,AWP,WE,Federal Contract Tower,0,44,0,0,44,0,74,6,0,80,0,118,6,0,124,0,0,0,124
07/10/2010,MKK,HI,AWP,WE,Federal Contract Tower,0,32,0,0,32,0,40,7,0,47,0,72,7,0,79,8,0,8,87
07/11/2010,MKK,HI,AWP,WE,Federal Contract Tower,0,27,0,0,27,0,38,4,1,43,0,65,4,1,70,0,0,0,70
07/12/2010,MKK,HI,AWP,WE,Federal Contract Tower,0,35,1,2,38,0,69,19,2,90,0,104,20,4,128,0,0,0,128
07/13/2010,MKK,HI,AWP,WE,Federal Contract Tower,0,36,0,0,36,0,70,7,0,77,0,106,7,0,113,4,0,4,117
07/14/2010,MKK,HI,AWP,WE,Federal Contract Tower,0,30,0,1,31,0,61,10,2,73,0,91,10,3,104,1,0,1,105
07/15/2010,MKK,HI,AWP,WE,Federal Contract Tower,0,39,2,4,45,0,65,9,0,74,0,104,11,4,119,4,0,4,123
07/16/2010,MKK,HI,AWP,WE,Federal Contract Tower,0,30,5,0,35,0,61,12,0,73,0,91,17,0,108,0,0,0,108
07/17/2010,MKK,HI,AWP,WE,Federal Contract Tower,0,32,2,0,34,0,48,14,0,62,0,80,16,0,96,2,0,2,98
07/18/2010,MKK,HI,AWP,WE,Federal Contract Tower,0,25,2,0,27,0,39,4,0,43,0,64,6,0,70,6,0,6,76
07/19/2010,MKK,HI,AWP,WE,Federal Contract Tower,0,42,0,0,42,0,72,7,30,109,0,114,7,30,151,46,0,46,197
07/20/2010,MKK,HI,AWP,WE,Federal Contract Tower,0,25,0,0,25,0,82,11,17,110,0,107,11,17,135,8,14,22,157
07/21/2010,MKK,HI,AWP,WE,Federal Contract Tower,0,27,1,0,28,0,46,9,0,55,0,73,10,0,83,0,0,0,83
07/22/2010,MKK,HI,AWP,WE,Federal Contract Tower,0,31,0,0,31,0,1,0,0,1,0,32,0,0,32,10,0,10,42
07/23/2010,MKK,HI,AWP,WE,Federal Contract Tower,0,35,0,0,35,0,64,13,0,77,0,99,13,0,112,0,0,0,112
07/24/2010,MKK,HI,AWP,WE,Federal Contract Tower,0,34,2,0,36,0,77,11,0,88,0,111,13,0,124,4,0,4,128
07/25/2010,MKK,HI,AWP,WE,Federal Contract Tower,0,24,0,0,24,0,55,8,0,63,0,79,8,0,87,0,0,0,87
07/26/2010,MKK,HI,AWP,WE,Federal Contract Tower,0,33,0,0,33,0,76,9,0,85,0,109,9,0,118,0,0,0,118
07/27/2010,MKK,HI,AWP,WE,Federal Contract Tower,0,33,1,2,36,0,2,1,0,3,0,35,2,2,39,0,0,0,39
07/28/2010,MKK,HI,AWP,WE,Federal Contract Tower,0,29,0,2,31,0,59,13,5,77,0,88,13,7,108,14,0,14,122
07/29/2010,MKK,HI,AWP,WE,Federal Contract Tower,0,35,0,0,35,0,67,11,2,80,0,102,11,2,115,4,4,8,123
07/30/2010,MKK,HI,AWP,WE,Federal Contract Tower,0,34,0,0,34,0,69,8,4,81,0,103,8,4,115,2,4,6,121
07/31/2010,MKK,HI,AWP,WE,Federal Contract Tower,0,28,0,0,28,0,63,5,0,68,0,91,5,0,96,0,0,0,96
08/01/2010,MKK,HI,AWP,WE,Federal Contract Tower,0,28,0,0,28,0,59,4,0,63,0,87,4,0,91,0,0,0,91
08/02/2010,MKK,HI,AWP,WE,Federal Contract Tower,0,35,0,4,39,0,67,10,2,79,0,102,10,6,118,0,0,0,118
08/03/2010,MKK,HI,AWP,WE,Federal Contract Tower,0,31,0,0,31,0,56,2,0,58,0,87,2,0,89,0,0,0,89
08/04/2010,MKK,HI,AWP,WE,Federal Contract Tower,0,31,0,0,31,0,58,9,0,67,0,89,9,0,98,0,0,0,98
08/05/2010,MKK,HI,AWP,WE,Federal Contract Tower,0,37,0,0,37,0,65,5,0,70,0,102,5,0,107,2,0,2,109
08/06/2010,MKK,HI,AWP,WE,Federal Contract Tower,0,34,3,0,37,0,63,10,0,73,0,97,13,0,110,19,2,21,131
08/07/2010,MKK,HI,AWP,WE,Federal Contract Tower,0,29,2,0,31,0,60,14,2,76,0,89,16,2,107,10,0,10,117
08/08/2010,MKK,HI,AWP,WE,Federal Contract Tower,0,28,1,0,29,0,51,10,0,61,0,79,11,0,90,4,0,4,94
08/09/2010,MKK,HI,AWP,WE,Federal Contract Tower,0,36,1,0,37,0,64,22,1,87,0,100,23,1,124,28,0,28,152
08/10/2010,MKK,HI,AWP,WE,Federal Contract Tower,0,28,0,0,28,0,50,6,0,56,0,78,6,0,84,16,0,16,100
08/11/2010,MKK,HI,AWP,WE,Federal Contract Tower,0,30,0,4,34,0,52,7,2,61,0,82,7,6,95,16,0,16,111
08/12/2010,MKK,HI,AWP,WE,Federal Contract Tower,0,30,0,0,30,0,62,6,2,70,0,92,6,2,100,12,0,12,112
08/13/2010,MKK,HI,AWP,WE,Federal Contract Tower,0,30,0,0,30,0,62,6,2,70,0,92,6,2,100,12,0,12,112
08/14/2010,MKK,HI,AWP,WE,Federal Contract Tower,0,29,0,0,29,0,67,14,0,81,0,96,14,0,110,0,0,0,110
08/15/2010,MKK,HI,AWP,WE,Federal Contract Tower,0,26,0,0,26,0,51,13,0,64,0,77,13,0,90,0,0,0,90
08/16/2010,MKK,HI,AWP,WE,Federal Contract Tower,0,30,2,2,34,0,64,12,2,78,0,94,14,4,112,0,2,2,114
08/17/2010,MKK,HI,AWP,WE,Federal Contract Tower,0,35,0,0,35,0,72,5,0,77,0,107,5,0,112,6,0,6,118
08/18/2010,MKK,HI,AWP,WE,Federal Contract Tower,0,30,2,2,34,0,50,18,4,72,0,80,20,6,106,0,0,0,106
08/19/2010,MKK,HI,AWP,WE,Federal Contract Tower,0,36,0,0,36,0,62,5,0,67,0,98,5,0,103,6,0,6,109
08/20/2010,MKK,HI,AWP,WE,Federal Contract Tower,0,37,2,0,39,0,63,5,0,68,0,100,7,0,107,14,0,14,121
08/21/2010,MKK,HI,AWP,WE,Federal Contract Tower,0,29,1,0,30,0,61,13,0,74,0,90,14,0,104,0,0,0,104
08/22/2010,MKK,HI,AWP,WE,Federal Contract Tower,0,27,0,0,27,0,54,13,22,89,0,81,13,22,116,0,0,0,116
08/23/2010,MKK,HI,AWP,WE,Federal Contract Tower,0,37,0,7,44,0,62,10,8,80,0,99,10,15,124,6,0,6,130
08/24/2010,MKK,HI,AWP,WE,Federal Contract Tower,0,40,2,1,43,0,62,9,2,73,0,102,11,3,116,0,0,0,116
08/25/2010,MKK,HI,AWP,WE,Federal Contract Tower,0,29,0,0,29,0,52,11,0,63,0,81,11,0,92,0,0,0,92
08/26/2010,MKK,HI,AWP,WE,Federal Contract Tower,0,34,0,0,34,0,58,2,0,60,0,92,2,0,94,0,0,0,94
08/27/2010,MKK,HI,AWP,WE,Federal Contract Tower,0,33,0,0,33,0,66,6,0,72,0,99,6,0,105,0,0,0,105
08/28/2010,MKK,HI,AWP,WE,Federal Contract Tower,0,33,0,0,33,0,55,5,4,64,0,88,5,4,97,0,0,0,97
08/29/2010,MKK,HI,AWP,WE,Federal Contract Tower,0,22,0,0,22,0,44,6,0,50,0,66,6,0,72,2,0,2,74
08/30/2010,MKK,HI,AWP,WE,Federal Contract Tower,0,35,0,0,35,0,60,12,0,72,0,95,12,0,107,0,0,0,107
08/31/2010,MKK,HI,AWP,WE,Federal Contract Tower,0,33,0,0,33,0,54,13,0,67,0,87,13,0,100,10,0,10,110
09/01/2010,MKK,HI,AWP,WE,Federal Contract Tower,0,32,1,3,36,0,63,1,4,68,0,95,2,7,104,0,0,0,104
09/02/2010,MKK,HI,AWP,WE,Federal Contract Tower,0,37,0,0,37,0,66,5,6,77,0,103,5,6,114,8,0,8,122
09/03/2010,MKK,HI,AWP,WE,Federal Contract Tower,0,34,3,0,37,0,48,18,0,66,0,82,21,0,103,10,0,10,113
09/04/2010,MKK,HI,AWP,WE,Federal Contract Tower,0,33,0,0,33,0,57,6,0,63,0,90,6,0,96,8,0,8,104
09/05/2010,MKK,HI,AWP,WE,Federal Contract Tower,0,27,0,0,27,0,46,16,0,62,0,73,16,0,89,16,0,16,105
09/06/2010,MKK,HI,AWP,WE,Federal Contract Tower,0,29,0,0,29,0,53,16,0,69,0,82,16,0,98,6,0,6,104
09/07/2010,MKK,HI,AWP,WE,Federal Contract Tower,0,29,0,0,29,0,59,13,0,72,0,88,13,0,101,14,0,14,115
09/08/2010,MKK,HI,AWP,WE,Federal Contract Tower,0,29,0,0,29,0,56,7,0,63,0,85,7,0,92,0,0,0,92
09/09/2010,MKK,HI,AWP,WE,Federal Contract Tower,0,37,0,0,37,0,64,4,2,70,0,101,4,2,107,14,0,14,121
09/10/2010,MKK,HI,AWP,WE,Federal Contract Tower,0,37,6,0,43,0,51,8,0,59,0,88,14,0,102,10,0,10,112
09/11/2010,MKK,HI,AWP,WE,Federal Contract Tower,0,31,0,0,31,0,61,9,0,70,0,92,9,0,101,10,2,12,113
09/12/2010,MKK,HI,AWP,WE,Federal Contract Tower,0,33,4,0,37,0,59,9,0,68,0,92,13,0,105,2,0,2,107
09/13/2010,MKK,HI,AWP,WE,Federal Contract Tower,0,32,12,0,44,0,59,24,0,83,0,91,36,0,127,0,0,0,127
09/14/2010,MKK,HI,AWP,WE,Federal Contract Tower,0,29,0,0,29,0,52,8,0,60,0,81,8,0,89,0,0,0,89
09/15/2010,MKK,HI,AWP,WE,Federal Contract Tower,0,28,1,0,29,0,55,13,2,70,0,83,14,2,99,0,0,0,99
09/16/2010,MKK,HI,AWP,WE,Federal Contract Tower,0,36,0,0,36,0,68,4,0,72,0,104,4,0,108,12,0,12,120
09/17/2010,MKK,HI,AWP,WE,Federal Contract Tower,0,39,2,0,41,0,64,8,2,74,0,103,10,2,115,4,0,4,119
09/18/2010,MKK,HI,AWP,WE,Federal Contract Tower,0,36,1,0,37,0,65,9,0,74,0,101,10,0,111,10,0,10,121
09/19/2010,MKK,HI,AWP,WE,Federal Contract Tower,0,39,0,0,39,0,55,8,1,64,0,94,8,1,103,0,0,0,103
09/20/2010,MKK,HI,AWP,WE,Federal Contract Tower,0,42,1,0,43,0,72,12,0,84,0,114,13,0,127,0,0,0,127
09/21/2010,MKK,HI,AWP,WE,Federal Contract Tower,0,33,0,1,34,0,60,16,2,78,0,93,16,3,112,0,0,0,112
09/22/2010,MKK,HI,AWP,WE,Federal Contract Tower,0,36,0,0,36,0,62,4,0,66,0,98,4,0,102,0,0,0,102
09/23/2010,MKK,HI,AWP,WE,Federal Contract Tower,0,27,0,0,27,0,53,12,0,65,0,80,12,0,92,10,0,10,102
09/24/2010,MKK,HI,AWP,WE,Federal Contract Tower,0,38,0,0,38,0,76,16,0,92,0,114,16,0,130,10,0,10,140
09/25/2010,MKK,HI,AWP,WE,Federal Contract Tower,0,32,0,0,32,0,59,26,0,85,0,91,26,0,117,10,0,10,127
09/26/2010,MKK,HI,AWP,WE,Federal Contract Tower,0,25,2,0,27,0,54,13,0,67,0,79,15,0,94,2,0,2,96
09/27/2010,MKK,HI,AWP,WE,Federal Contract Tower,0,31,0,0,31,0,56,10,0,66,0,87,10,0,97,2,0,2,99
09/28/2010,MKK,HI,AWP,WE,Federal Contract Tower,0,30,2,0,32,0,44,18,3,65,0,74,20,3,97,8,0,8,105
09/29/2010,MKK,HI,AWP,WE,Federal Contract Tower,0,37,0,0,37,0,57,14,0,71,0,94,14,0,108,14,0,14,122
09/30/2010,MKK,HI,AWP,WE,Federal Contract Tower,0,34,1,0,35,0,53,18,0,71,0,87,19,0,106,12,0,12,118
10/01/2010,MKK,HI,AWP,WE,Federal Contract Tower,0,36,0,0,36,0,59,9,0,68,0,95,9,0,104,2,0,2,106
10/02/2010,MKK,HI,AWP,WE,Federal Contract Tower,0,31,0,0,31,0,54,4,2,60,0,85,4,2,91,0,0,0,91
10/03/2010,MKK,HI,AWP,WE,Federal Contract Tower,0,20,0,0,20,0,42,21,0,63,0,62,21,0,83,0,0,0,83
10/04/2010,MKK,HI,AWP,WE,Federal Contract Tower,0,39,0,0,39,0,74,6,2,82,0,113,6,2,121,8,2,10,131
10/05/2010,MKK,HI,AWP,WE,Federal Contract Tower,0,27,1,0,28,0,55,12,0,67,0,82,13,0,95,2,0,2,97
10/06/2010,MKK,HI,AWP,WE,Federal Contract Tower,0,25,2,0,27,0,4,0,0,4,0,29,2,0,31,20,0,20,51
10/07/2010,MKK,HI,AWP,WE,Federal Contract Tower,0,30,0,0,30,0,59,16,0,75,0,89,16,0,105,8,0,8,113
10/08/2010,MKK,HI,AWP,WE,Federal Contract Tower,0,41,1,0,42,0,71,28,0,99,0,112,29,0,141,22,4,26,167
10/09/2010,MKK,HI,AWP,WE,Federal Contract Tower,0,38,0,1,39,0,80,38,3,121,0,118,38,4,160,12,0,12,172
10/10/2010,MKK,HI,AWP,WE,Federal Contract Tower,0,28,2,0,30,0,37,17,0,54,0,65,19,0,84,2,0,2,86
10/11/2010,MKK,HI,AWP,WE,Federal Contract Tower,0,26,1,0,27,0,46,11,0,57,0,72,12,0,84,14,0,14,98
10/12/2010,MKK,HI,AWP,WE,Federal Contract Tower,0,24,2,0,26,0,45,10,0,55,0,69,12,0,81,0,0,0,81
10/13/2010,MKK,HI,AWP,WE,Federal Contract Tower,0,30,2,4,36,0,49,16,4,69,0,79,18,8,105,0,0,0,105
10/14/2010,MKK,HI,AWP,WE,Federal Contract Tower,0,24,0,4,28,0,68,13,4,85,0,92,13,8,113,2,0,2,115
10/15/2010,MKK,HI,AWP,WE,Federal Contract Tower,0,27,1,0,28,0,59,21,2,82,0,86,22,2,110,0,2,2,112
10/16/2010,MKK,HI,AWP,WE,Federal Contract Tower,0,21,1,0,22,0,54,20,2,76,0,75,21,2,98,4,0,4,102
10/17/2010,MKK,HI,AWP,WE,Federal Contract Tower,0,23,2,0,25,0,58,29,0,87,0,81,31,0,112,10,0,10,122
10/18/2010,MKK,HI,AWP,WE,Federal Contract Tower,0,35,2,0,37,0,75,2,0,77,0,110,4,0,114,0,0,0,114
10/19/2010,MKK,HI,AWP,WE,Federal Contract Tower,0,36,0,0,36,0,58,8,0,66,0,94,8,0,102,12,0,12,114
10/20/2010,MKK,HI,AWP,WE,Federal Contract Tower,0,23,0,0,23,0,58,15,0,73,0,81,15,0,96,2,0,2,98
10/21/2010,MKK,HI,AWP,WE,Federal Contract Tower,0,33,2,0,35,0,52,27,12,91,0,85,29,12,126,0,0,0,126
10/22/2010,MKK,HI,AWP,WE,Federal Contract Tower,0,35,0,0,35,0,60,17,0,77,0,95,17,0,112,10,0,10,122
10/23/2010,MKK,HI,AWP,WE,Federal Contract Tower,0,29,1,0,30,0,49,17,0,66,0,78,18,0,96,14,0,14,110
10/24/2010,MKK,HI,AWP,WE,Federal Contract Tower,0,25,0,0,25,0,55,19,0,74,0,80,19,0,99,0,0,0,99
10/25/2010,MKK,HI,AWP,WE,Federal Contract Tower,0,46,2,0,48,0,61,11,2,74,0,107,13,2,122,0,0,0,122
10/26/2010,MKK,HI,AWP,WE,Federal Contract Tower,0,33,0,2,35,0,52,6,2,60,0,85,6,4,95,0,0,0,95
10/27/2010,MKK,HI,AWP,WE,Federal Contract Tower,0,33,7,0,40,0,52,15,4,71,0,85,22,4,111,2,22,24,135
10/28/2010,MKK,HI,AWP,WE,Federal Contract Tower,0,29,0,0,29,0,44,14,0,58,0,73,14,0,87,8,0,8,95
10/29/2010,MKK,HI,AWP,WE,Federal Contract Tower,0,33,10,0,43,0,50,20,0,70,0,83,30,0,113,16,0,16,129
10/30/2010,MKK,HI,AWP,WE,Federal Contract Tower,0,26,0,0,26,0,44,12,0,56,0,70,12,0,82,0,0,0,82
10/31/2010,MKK,HI,AWP,WE,Federal Contract Tower,0,22,0,2,24,0,44,8,4,56,0,66,8,6,80,6,0,6,86
11/01/2010,MKK,HI,AWP,WE,Federal Contract Tower,0,39,0,0,39,0,66,10,6,82,0,105,10,6,121,2,0,2,123
11/02/2010,MKK,HI,AWP,WE,Federal Contract Tower,0,23,0,1,24,0,46,20,4,70,0,69,20,5,94,0,0,0,94
11/03/2010,MKK,HI,AWP,WE,Federal Contract Tower,0,38,0,3,41,0,39,6,2,47,0,77,6,5,88,14,0,14,102
11/04/2010,MKK,HI,AWP,WE,Federal Contract Tower,0,44,0,0,44,0,58,13,0,71,0,102,13,0,115,22,0,22,137
11/05/2010,MKK,HI,AWP,WE,Federal Contract Tower,0,39,1,0,40,0,47,12,0,59,0,86,13,0,99,6,2,8,107
11/06/2010,MKK,HI,AWP,WE,Federal Contract Tower,0,36,0,0,36,0,62,6,0,68,0,98,6,0,104,0,0,0,104
11/07/2010,MKK,HI,AWP,WE,Federal Contract Tower,0,28,1,2,31,0,56,13,2,71,0,84,14,4,102,2,0,2,104
11/08/2010,MKK,HI,AWP,WE,Federal Contract Tower,0,36,0,4,40,0,77,6,8,91,0,113,6,12,131,0,18,18,149
11/09/2010,MKK,HI,AWP,WE,Federal Contract Tower,0,28,0,4,32,0,58,14,4,76,0,86,14,8,108,6,0,6,114
11/10/2010,MKK,HI,AWP,WE,Federal Contract Tower,0,29,0,0,29,0,71,21,0,92,0,100,21,0,121,4,0,4,125
11/11/2010,MKK,HI,AWP,WE,Federal Contract Tower,0,28,0,0,28,0,54,11,0,65,0,82,11,0,93,6,0,6,99
11/12/2010,MKK,HI,AWP,WE,Federal Contract Tower,0,44,4,3,51,0,51,22,0,73,0,95,26,3,124,10,0,10,134
11/13/2010,MKK,HI,AWP,WE,Federal Contract Tower,0,31,0,0,31,0,52,5,0,57,0,83,5,0,88,0,0,0,88
11/14/2010,MKK,HI,AWP,WE,Federal Contract Tower,0,27,2,0,29,0,54,11,0,65,0,81,13,0,94,6,0,6,100
11/15/2010,MKK,HI,AWP,WE,Federal Contract Tower,0,34,2,2,38,0,62,8,4,74,0,96,10,6,112,0,0,0,112
11/16/2010,MKK,HI,AWP,WE,Federal Contract Tower,0,31,2,2,35,0,55,10,2,67,0,86,12,4,102,4,0,4,106
11/17/2010,MKK,HI,AWP,WE,Federal Contract Tower,0,25,0,4,29,0,51,19,4,74,0,76,19,8,103,2,2,4,107
11/18/2010,MKK,HI,AWP,WE,Federal Contract Tower,0,30,2,0,32,0,55,13,0,68,0,85,15,0,100,8,0,8,108
11/19/2010,MKK,HI,AWP,WE,Federal Contract Tower,0,34,3,0,37,0,62,30,0,92,0,96,33,0,129,4,0,4,133
11/20/2010,MKK,HI,AWP,WE,Federal Contract Tower,0,30,0,0,30,0,54,13,0,67,0,84,13,0,97,2,0,2,99
11/21/2010,MKK,HI,AWP,WE,Federal Contract Tower,0,18,1,0,19,0,42,15,0,57,0,60,16,0,76,0,0,0,76
11/22/2010,MKK,HI,AWP,WE,Federal Contract Tower,0,31,3,6,40,0,62,17,6,85,0,93,20,12,125,14,0,14,139
11/23/2010,MKK,HI,AWP,WE,Federal Contract Tower,0,31,1,4,36,0,60,15,5,80,0,91,16,9,116,6,0,6,122
11/24/2010,MKK,HI,AWP,WE,Federal Contract Tower,0,28,0,0,28,0,52,27,1,80,0,80,27,1,108,0,0,0,108
11/25/2010,MKK,HI,AWP,WE,Federal Contract Tower,0,20,0,0,20,0,21,6,0,27,0,41,6,0,47,0,0,0,47
11/26/2010,MKK,HI,AWP,WE,Federal Contract Tower,0,31,2,0,33,0,37,11,0,48,0,68,13,0,81,8,0,8,89
11/27/2010,MKK,HI,AWP,WE,Federal Contract Tower,0,26,0,0,26,0,47,9,0,56,0,73,9,0,82,0,0,0,82
11/28/2010,MKK,HI,AWP,WE,Federal Contract Tower,0,22,0,0,22,0,41,16,0,57,0,63,16,0,79,0,0,0,79
11/29/2010,MKK,HI,AWP,WE,Federal Contract Tower,0,30,0,2,32,0,62,6,7,75,0,92,6,9,107,0,0,0,107
11/30/2010,MKK,HI,AWP,WE,Federal Contract Tower,0,32,0,5,37,0,52,2,5,59,0,84,2,10,96,0,0,0,96
12/01/2010,MKK,HI,AWP,WE,Federal Contract Tower,0,30,0,0,30,0,57,9,0,66,0,87,9,0,96,10,0,10,106
12/02/2010,MKK,HI,AWP,WE,Federal Contract Tower,0,33,0,4,37,0,50,8,0,58,0,83,8,4,95,0,0,0,95
12/03/2010,MKK,HI,AWP,WE,Federal Contract Tower,0,36,0,0,36,0,51,13,0,64,0,87,13,0,100,6,2,8,108
12/04/2010,MKK,HI,AWP,WE,Federal Contract Tower,0,35,1,0,36,0,58,5,0,63,0,93,6,0,99,0,0,0,99
12/05/2010,MKK,HI,AWP,WE,Federal Contract Tower,0,29,0,0,29,0,47,15,0,62,0,76,15,0,91,0,0,0,91
12/06/2010,MKK,HI,AWP,WE,Federal Contract Tower,0,35,3,0,38,0,65,17,2,84,0,100,20,2,122,26,50,76,198
12/07/2010,MKK,HI,AWP,WE,Federal Contract Tower,0,30,0,7,37,0,56,19,15,90,0,86,19,22,127,0,18,18,145
12/08/2010,MKK,HI,AWP,WE,Federal Contract Tower,0,27,1,2,30,0,53,17,2,72,0,80,18,4,102,8,0,8,110
12/09/2010,MKK,HI,AWP,WE,Federal Contract Tower,0,28,0,1,29,0,54,6,2,62,0,82,6,3,91,0,0,0,91
12/10/2010,MKK,HI,AWP,WE,Federal Contract Tower,0,40,0,0,40,0,29,0,0,29,0,69,0,0,69,0,0,0,69
12/11/2010,MKK,HI,AWP,WE,Federal Contract Tower,0,31,0,0,31,0,45,16,0,61,0,76,16,0,92,2,0,2,94
12/12/2010,MKK,HI,AWP,WE,Federal Contract Tower,0,21,0,0,21,0,45,18,0,63,0,66,18,0,84,4,0,4,88
12/13/2010,MKK,HI,AWP,WE,Federal Contract Tower,0,35,0,4,39,0,64,10,7,81,0,99,10,11,120,0,0,0,120
12/14/2010,MKK,HI,AWP,WE,Federal Contract Tower,0,30,0,0,30,0,52,5,6,63,0,82,5,6,93,0,0,0,93
12/15/2010,MKK,HI,AWP,WE,Federal Contract Tower,0,28,0,6,34,0,54,21,2,77,0,82,21,8,111,20,0,20,131
12/16/2010,MKK,HI,AWP,WE,Federal Contract Tower,0,31,3,3,37,0,50,10,5,65,0,81,13,8,102,8,0,8,110
12/17/2010,MKK,HI,AWP,WE,Federal Contract Tower,0,34,2,0,36,0,48,19,0,67,0,82,21,0,103,4,0,4,107
12/18/2010,MKK,HI,AWP,WE,Federal Contract Tower,0,27,0,0,27,0,56,18,0,74,0,83,18,0,101,12,0,12,113
12/19/2010,MKK,HI,AWP,WE,Federal Contract Tower,0,28,0,0,28,0,41,1,0,42,0,69,1,0,70,0,0,0,70
12/20/2010,MKK,HI,AWP,WE,Federal Contract Tower,0,53,0,0,53,0,82,1,0,83,0,135,1,0,136,0,0,0,136
12/21/2010,MKK,HI,AWP,WE,Federal Contract Tower,0,38,2,0,40,0,56,8,0,64,0,94,10,0,104,10,0,10,114
12/22/2010,MKK,HI,AWP,WE,Federal Contract Tower,0,30,1,0,31,0,59,14,4,77,0,89,15,4,108,0,40,40,148
12/23/2010,MKK,HI,AWP,WE,Federal Contract Tower,0,43,0,0,43,0,58,12,0,70,0,101,12,0,113,2,0,2,115
12/24/2010,MKK,HI,AWP,WE,Federal Contract Tower,0,41,0,0,41,0,41,11,0,52,0,82,11,0,93,10,0,10,103
12/25/2010,MKK,HI,AWP,WE,Federal Contract Tower,0,26,0,0,26,0,43,11,0,54,0,69,11,0,80,16,0,16,96
12/26/2010,MKK,HI,AWP,WE,Federal Contract Tower,0,26,0,0,26,0,46,15,0,61,0,72,15,0,87,20,0,20,107
12/27/2010,MKK,HI,AWP,WE,Federal Contract Tower,0,32,0,1,33,0,66,6,2,74,0,98,6,3,107,12,0,12,119
12/28/2010,MKK,HI,AWP,WE,Federal Contract Tower,0,35,0,2,37,0,70,6,7,83,0,105,6,9,120,18,12,30,150
12/29/2010,MKK,HI,AWP,WE,Federal Contract Tower,0,33,4,2,39,0,47,16,2,65,0,80,20,4,104,22,0,22,126
12/30/2010,MKK,HI,AWP,WE,Federal Contract Tower,0,36,1,0,37,0,51,16,0,67,0,87,17,0,104,10,0,10,114
12/31/2010,MKK,HI,AWP,WE,Federal Contract Tower,0,36,0,0,36,0,2,0,0,2,0,38,0,0,38,22,0,22,60
01/01/2011,MKK,HI,AWP,WE,Federal Contract Tower,0,25,4,0,29,0,59,19,0,78,0,84,23,0,107,0,0,0,107
01/02/2011,MKK,HI,AWP,WE,Federal Contract Tower,0,24,0,0,24,0,44,10,0,54,0,68,10,0,78,0,0,0,78
01/03/2011,MKK,HI,AWP,WE,Federal Contract Tower,0,32,4,0,36,0,68,21,4,93,0,100,25,4,129,30,0,30,159
01/04/2011,MKK,HI,AWP,WE,Federal Contract Tower,0,29,4,0,33,0,66,10,5,81,0,95,14,5,114,4,8,12,126
01/05/2011,MKK,HI,AWP,WE,Federal Contract Tower,0,27,4,8,39,0,64,13,25,102,0,91,17,33,141,14,22,36,177
01/06/2011,MKK,HI,AWP,WE,Federal Contract Tower,0,39,1,1,41,0,54,6,4,64,0,93,7,5,105,6,14,20,125
01/07/2011,MKK,HI,AWP,WE,Federal Contract Tower,0,25,0,2,27,0,47,22,0,69,0,72,22,2,96,12,0,12,108
01/08/2011,MKK,HI,AWP,WE,Federal Contract Tower,0,30,0,0,30,0,46,12,0,58,0,76,12,0,88,10,0,10,98
01/09/2011,MKK,HI,AWP,WE,Federal Contract Tower,0,32,6,0,38,0,51,11,0,62,0,83,17,0,100,2,0,2,102
01/10/2011,MKK,HI,AWP,WE,Federal Contract Tower,0,26,3,10,39,0,59,7,10,76,0,85,10,20,115,0,0,0,115
01/11/2011,MKK,HI,AWP,WE,Federal Contract Tower,0,21,0,0,21,0,41,15,8,64,0,62,15,8,85,0,32,32,117
01/12/2011,MKK,HI,AWP,WE,Federal Contract Tower,0,28,0,0,28,0,36,2,0,38,0,64,2,0,66,0,0,0,66
01/13/2011,MKK,HI,AWP,WE,Federal Contract Tower,0,26,0,0,26,0,33,15,0,48,0,59,15,0,74,0,0,0,74
01/14/2011,MKK,HI,AWP,WE,Federal Contract Tower,0,36,0,0,36,0,47,12,0,59,0,83,12,0,95,2,0,2,97
01/15/2011,MKK,HI,AWP,WE,Federal Contract Tower,0,26,0,0,26,0,44,9,0,53,0,70,9,0,79,40,0,40,119
01/16/2011,MKK,HI,AWP,WE,Federal Contract Tower,0,16,4,0,20,0,33,20,2,55,0,49,24,2,75,24,4,28,103
01/17/2011,MKK,HI,AWP,WE,Federal Contract Tower,0,25,1,0,26,0,51,15,0,66,0,76,16,0,92,4,0,4,96
01/18/2011,MKK,HI,AWP,WE,Federal Contract Tower,0,31,0,4,35,0,56,16,4,76,0,87,16,8,111,18,0,18,129
01/19/2011,MKK,HI,AWP,WE,Federal Contract Tower,0,29,1,8,38,0,65,12,6,83,0,94,13,14,121,0,0,0,121
01/20/2011,MKK,HI,AWP,WE,Federal Contract Tower,0,36,0,0,36,0,63,15,2,80,0,99,15,2,116,12,28,40,156
01/21/2011,MKK,HI,AWP,WE,Federal Contract Tower,0,34,1,0,35,0,55,19,2,76,0,89,20,2,111,2,0,2,113
01/22/2011,MKK,HI,AWP,WE,Federal Contract Tower,0,38,0,0,38,0,57,7,0,64,0,95,7,0,102,0,0,0,102
01/23/2011,MKK,HI,AWP,WE,Federal Contract Tower,0,23,0,0,23,0,38,19,0,57,0,61,19,0,80,8,0,8,88
01/24/2011,MKK,HI,AWP,WE,Federal Contract Tower,0,33,0,3,36,0,62,7,5,74,0,95,7,8,110,0,0,0,110
01/25/2011,MKK,HI,AWP,WE,Federal Contract Tower,0,29,1,9,39,0,58,12,13,83,0,87,13,22,122,6,14,20,142
01/26/2011,MKK,HI,AWP,WE,Federal Contract Tower,0,25,0,16,41,0,48,12,12,72,0,73,12,28,113,10,0,10,123
01/27/2011,MKK,HI,AWP,WE,Federal Contract Tower,0,32,2,0,34,0,55,12,0,67,0,87,14,0,101,26,0,26,127
01/28/2011,MKK,HI,AWP,WE,Federal Contract Tower,0,28,3,0,31,0,45,25,0,70,0,73,28,0,101,0,0,0,101
01/29/2011,MKK,HI,AWP,WE,Federal Contract Tower,0,27,3,0,30,0,50,10,2,62,0,77,13,2,92,22,0,22,114
01/30/2011,MKK,HI,AWP,WE,Federal Contract Tower,0,22,2,0,24,0,49,20,0,69,0,71,22,0,93,0,0,0,93
01/31/2011,MKK,HI,AWP,WE,Federal Contract Tower,0,27,0,4,31,0,52,9,4,65,0,79,9,8,96,0,0,0,96
02/01/2011,MKK,HI,AWP,WE,Federal Contract Tower,0,27,1,2,30,0,46,11,2,59,0,73,12,4,89,0,0,0,89
02/02/2011,MKK,HI,AWP,WE,Federal Contract Tower,0,30,0,0,30,0,58,8,0,66,0,88,8,0,96,0,0,0,96
02/03/2011,MKK,HI,AWP,WE,Federal Contract Tower,0,28,0,2,30,0,45,9,0,54,0,73,9,2,84,0,0,0,84
02/04/2011,MKK,HI,AWP,WE,Federal Contract Tower,0,27,0,0,27,0,60,12,0,72,0,87,12,0,99,0,0,0,99
02/05/2011,MKK,HI,AWP,WE,Federal Contract Tower,0,28,0,0,28,0,52,11,0,63,0,80,11,0,91,6,0,6,97
02/06/2011,MKK,HI,AWP,WE,Federal Contract Tower,0,34,0,0,34,0,53,5,1,59,0,87,5,1,93,0,0,0,93
02/07/2011,MKK,HI,AWP,WE,Federal Contract Tower,0,35,0,0,35,0,71,6,2,79,0,106,6,2,114,0,0,0,114
02/08/2011,MKK,HI,AWP,WE,Federal Contract Tower,0,24,0,5,29,0,53,7,6,66,0,77,7,11,95,0,0,0,95
02/09/2011,MKK,HI,AWP,WE,Federal Contract Tower,0,30,2,0,32,0,47,12,0,59,0,77,14,0,91,0,0,0,91
02/10/2011,MKK,HI,AWP,WE,Federal Contract Tower,0,33,0,0,33,0,43,13,4,60,0,76,13,4,93,0,6,6,99
02/11/2011,MKK,HI,AWP,WE,Federal Contract Tower,0,31,0,0,31,0,59,4,2,65,0,90,4,2,96,0,0,0,96
02/12/2011,MKK,HI,AWP,WE,Federal Contract Tower,0,23,0,0,23,0,38,2,0,40,0,61,2,0,63,0,0,0,63
02/13/2011,MKK,HI,AWP,WE,Federal Contract Tower,0,28,0,0,28,0,51,7,0,58,0,79,7,0,86,0,0,0,86
02/14/2011,MKK,HI,AWP,WE,Federal Contract Tower,0,30,0,10,40,0,54,13,10,77,0,84,13,20,117,0,0,0,117
02/15/2011,MKK,HI,AWP,WE,Federal Contract Tower,0,25,0,2,27,0,53,8,6,67,0,78,8,8,94,12,0,12,106
02/16/2011,MKK,HI,AWP,WE,Federal Contract Tower,0,28,0,2,30,0,77,9,12,98,0,105,9,14,128,10,12,22,150
02/17/2011,MKK,HI,AWP,WE,Federal Contract Tower,0,30,0,2,32,0,57,22,4,83,0,87,22,6,115,8,26,34,149
02/18/2011,MKK,HI,AWP,WE,Federal Contract Tower,0,34,0,2,36,0,40,21,0,61,0,74,21,2,97,8,4,12,109
02/19/2011,MKK,HI,AWP,WE,Federal Contract Tower,0,23,0,0,23,0,49,4,0,53,0,72,4,0,76,4,0,4,80
02/20/2011,MKK,HI,AWP,WE,Federal Contract Tower,0,17,0,0,17,0,40,15,0,55,0,57,15,0,72,0,0,0,72
02/21/2011,MKK,HI,AWP,WE,Federal Contract Tower,0,23,0,0,23,0,47,12,0,59,0,70,12,0,82,0,0,0,82
02/22/2011,MKK,HI,AWP,WE,Federal Contract Tower,0,34,0,6,40,0,76,9,2,87,0,110,9,8,127,0,0,0,127
02/23/2011,MKK,HI,AWP,WE,Federal Contract Tower,0,27,1,0,28,0,53,8,4,65,0,80,9,4,93,8,10,18,111
02/24/2011,MKK,HI,AWP,WE,Federal Contract Tower,0,29,1,2,32,0,45,20,2,67,0,74,21,4,99,0,0,0,99
02/25/2011,MKK,HI,AWP,WE,Federal Contract Tower,0,31,2,4,37,0,55,17,4,76,0,86,19,8,113,0,0,0,113
02/26/2011,MKK,HI,AWP,WE,Federal Contract Tower,0,24,0,0,24,0,38,20,2,60,0,62,20,2,84,0,6,6,90
02/27/2011,MKK,HI,AWP,WE,Federal Contract Tower,0,18,0,0,18,0,37,9,2,48,0,55,9,2,66,4,18,22,88
02/28/2011,MKK,HI,AWP,WE,Federal Contract Tower,0,40,0,2,42,0,62,23,0,85,0,102,23,2,127,0,0,0,127
03/01/2011,MKK,HI,AWP,WE,Federal Contract Tower,0,41,0,0,41,0,64,9,4,77,0,105,9,4,118,0,0,0,118
03/02/2011,MKK,HI,AWP,WE,Federal Contract Tower,0,27,0,10,37,0,52,19,11,82,0,79,19,21,119,26,28,54,173
03/03/2011,MKK,HI,AWP,WE,Federal Contract Tower,0,29,4,0,33,0,56,9,0,65,0,85,13,0,98,0,0,0,98
03/04/2011,MKK,HI,AWP,WE,Federal Contract Tower,0,37,4,0,41,0,44,8,0,52,0,81,12,0,93,0,0,0,93
03/05/2011,MKK,HI,AWP,WE,Federal Contract Tower,0,28,0,0,28,0,42,16,0,58,0,70,16,0,86,6,0,6,92
03/06/2011,MKK,HI,AWP,WE,Federal Contract Tower,0,21,0,0,21,0,39,20,0,59,0,60,20,0,80,12,0,12,92
03/07/2011,MKK,HI,AWP,WE,Federal Contract Tower,0,30,0,1,31,0,63,8,2,73,0,93,8,3,104,0,2,2,106
03/08/2011,MKK,HI,AWP,WE,Federal Contract Tower,0,25,0,2,27,0,58,9,3,70,0,83,9,5,97,0,0,0,97
03/09/2011,MKK,HI,AWP,WE,Federal Contract Tower,0,30,0,4,34,0,71,8,0,79,0,101,8,4,113,0,0,0,113
03/10/2011,MKK,HI,AWP,WE,Federal Contract Tower,0,30,0,2,32,0,52,12,4,68,0,82,12,6,100,4,0,4,104
03/11/2011,MKK,HI,AWP,WE,Federal Contract Tower,0,32,0,0,32,0,45,25,0,70,0,77,25,0,102,0,0,0,102
03/12/2011,MKK,HI,AWP,WE,Federal Contract Tower,0,24,2,0,26,0,52,25,0,77,0,76,27,0,103,30,0,30,133
03/13/2011,MKK,HI,AWP,WE,Federal Contract Tower,0,26,0,0,26,0,60,17,0,77,0,86,17,0,103,0,0,0,103
03/14/2011,MKK,HI,AWP,WE,Federal Contract Tower,0,33,0,0,33,0,58,6,0,64,0,91,6,0,97,0,0,0,97
03/15/2011,MKK,HI,AWP,WE,Federal Contract Tower,0,23,1,2,26,0,65,7,4,76,0,88,8,6,102,8,8,16,118
03/16/2011,MKK,HI,AWP,WE,Federal Contract Tower,0,31,0,2,33,0,55,4,2,61,0,86,4,4,94,0,0,0,94
03/17/2011,MKK,HI,AWP,WE,Federal Contract Tower,0,32,0,0,32,0,59,16,0,75,0,91,16,0,107,20,0,20,127
03/18/2011,MKK,HI,AWP,WE,Federal Contract Tower,0,33,6,2,41,0,42,18,0,60,0,75,24,2,101,6,2,8,109
03/19/2011,MKK,HI,AWP,WE,Federal Contract Tower,0,22,0,0,22,0,45,9,0,54,0,67,9,0,76,2,0,2,78
03/20/2011,MKK,HI,AWP,WE,Federal Contract Tower,0,21,3,0,24,0,41,18,0,59,0,62,21,0,83,22,0,22,105
03/21/2011,MKK,HI,AWP,WE,Federal Contract Tower,0,30,0,7,37,0,67,5,11,83,0,97,5,18,120,0,0,0,120
03/22/2011,MKK,HI,AWP,WE,Federal Contract Tower,0,26,2,2,30,0,53,9,2,64,0,79,11,4,94,0,0,0,94
03/23/2011,MKK,HI,AWP,WE,Federal Contract Tower,0,26,0,6,32,0,55,2,5,62,0,81,2,11,94,0,0,0,94
03/24/2011,MKK,HI,AWP,WE,Federal Contract Tower,0,32,0,0,32,0,60,5,4,69,0,92,5,4,101,0,0,0,101
03/25/2011,MKK,HI,AWP,WE,Federal Contract Tower,0,29,0,1,30,0,38,12,1,51,0,67,12,2,81,12,0,12,93
03/26/2011,MKK,HI,AWP,WE,Federal Contract Tower,0,28,0,0,28,0,53,7,0,60,0,81,7,0,88,1,0,1,89
03/27/2011,MKK,HI,AWP,WE,Federal Contract Tower,0,22,0,0,22,0,48,13,0,61,0,70,13,0,83,10,0,10,93
03/28/2011,MKK,HI,AWP,WE,Federal Contract Tower,0,26,3,2,31,0,55,8,2,65,0,81,11,4,96,0,0,0,96
03/29/2011,MKK,HI,AWP,WE,Federal Contract Tower,0,23,5,19,47,0,51,20,24,95,0,74,25,43,142,20,0,20,162
03/30/2011,MKK,HI,AWP,WE,Federal Contract Tower,0,24,2,10,36,0,46,25,8,79,0,70,27,18,115,14,0,14,129
03/31/2011,MKK,HI,AWP,WE,Federal Contract Tower,0,31,0,4,35,0,44,14,2,60,0,75,14,6,95,16,0,16,111
04/01/2011,MKK,HI,AWP,WE,Federal Contract Tower,0,25,0,0,25,0,49,9,0,58,0,74,9,0,83,0,0,0,83
04/02/2011,MKK,HI,AWP,WE,Federal Contract Tower,0,31,2,1,34,0,57,11,1,69,0,88,13,2,103,0,0,0,103
04/03/2011,MKK,HI,AWP,WE,Federal Contract Tower,0,13,3,2,18,0,41,15,2,58,0,54,18,4,76,40,0,40,116
04/04/2011,MKK,HI,AWP,WE,Federal Contract Tower,0,32,0,2,34,0,60,7,2,69,0,92,7,4,103,8,0,8,111
04/05/2011,MKK,HI,AWP,WE,Federal Contract Tower,0,30,0,2,32,0,56,12,4,72,0,86,12,6,104,0,0,0,104
04/06/2011,MKK,HI,AWP,WE,Federal Contract Tower,0,33,0,0,33,0,47,6,0,53,0,80,6,0,86,0,0,0,86
04/07/2011,MKK,HI,AWP,WE,Federal Contract Tower,0,36,0,3,39,0,49,11,11,71,0,85,11,14,110,0,0,0,110
04/08/2011,MKK,HI,AWP,WE,Federal Contract Tower,0,36,4,0,40,0,45,10,4,59,0,81,14,4,99,0,0,0,99
04/09/2011,MKK,HI,AWP,WE,Federal Contract Tower,0,29,0,0,29,0,53,26,0,79,0,82,26,0,108,6,0,6,114
04/10/2011,MKK,HI,AWP,WE,Federal Contract Tower,0,24,0,0,24,0,41,17,0,58,0,65,17,0,82,0,0,0,82
04/11/2011,MKK,HI,AWP,WE,Federal Contract Tower,0,29,0,4,33,0,54,15,6,75,0,83,15,10,108,0,0,0,108
04/12/2011,MKK,HI,AWP,WE,Federal Contract Tower,0,26,1,8,35,0,55,8,0,63,0,81,9,8,98,0,0,0,98
04/13/2011,MKK,HI,AWP,WE,Federal Contract Tower,0,40,2,2,44,0,51,14,2,67,0,91,16,4,111,4,0,4,115
04/14/2011,MKK,HI,AWP,WE,Federal Contract Tower,0,30,0,10,40,0,31,5,0,36,0,61,5,10,76,8,0,8,84
04/15/2011,MKK,HI,AWP,WE,Federal Contract Tower,0,27,2,0,29,0,40,4,0,44,0,67,6,0,73,0,0,0,73
04/16/2011,MKK,HI,AWP,WE,Federal Contract Tower,0,22,0,0,22,0,40,15,0,55,0,62,15,0,77,0,0,0,77
04/17/2011,MKK,HI,AWP,WE,Federal Contract Tower,0,21,0,0,21,0,46,15,0,61,0,67,15,0,82,4,0,4,86
04/18/2011,MKK,HI,AWP,WE,Federal Contract Tower,0,24,0,2,26,0,59,20,4,83,0,83,20,6,109,4,0,4,113
04/19/2011,MKK,HI,AWP,WE,Federal Contract Tower,0,22,0,4,26,0,57,20,0,77,0,79,20,4,103,0,0,0,103
04/20/2011,MKK,HI,AWP,WE,Federal Contract Tower,0,32,0,4,36,0,65,19,0,84,0,97,19,4,120,16,0,16,136
04/21/2011,MKK,HI,AWP,WE,Federal Contract Tower,0,23,0,2,25,0,37,10,2,49,0,60,10,4,74,24,0,24,98
04/22/2011,MKK,HI,AWP,WE,Federal Contract Tower,0,22,1,2,25,0,41,8,0,49,0,63,9,2,74,0,0,0,74
04/23/2011,MKK,HI,AWP,WE,Federal Contract Tower,0,25,3,0,28,0,44,33,2,79,0,69,36,2,107,2,0,2,109
04/24/2011,MKK,HI,AWP,WE,Federal Contract Tower,0,13,5,0,18,0,35,17,0,52,0,48,22,0,70,0,0,0,70
04/25/2011,MKK,HI,AWP,WE,Federal Contract Tower,0,37,2,6,45,0,62,13,2,77,0,99,15,8,122,0,0,0,122
04/26/2011,MKK,HI,AWP,WE,Federal Contract Tower,0,25,1,14,40,0,53,17,10,80,0,78,18,24,120,12,0,12,132
04/27/2011,MKK,HI,AWP,WE,Federal Contract Tower,0,24,6,2,32,0,50,8,0,58,0,74,14,2,90,2,30,32,122
04/28/2011,MKK,HI,AWP,WE,Federal Contract Tower,0,25,6,12,43,0,39,19,4,62,0,64,25,16,105,18,4,22,127
04/29/2011,MKK,HI,AWP,WE,Federal Contract Tower,0,25,1,0,26,0,36,10,0,46,0,61,11,0,72,4,0,4,76
04/30/2011,MKK,HI,AWP,WE,Federal Contract Tower,0,30,2,4,36,0,48,19,0,67,0,78,21,4,103,6,0,6,109
05/01/2011,MKK,HI,AWP,WE,Federal Contract Tower,0,15,0,0,15,0,40,11,0,51,0,55,11,0,66,4,0,4,70
05/02/2011,MKK,HI,AWP,WE,Federal Contract Tower,0,36,0,0,36,0,67,8,0,75,0,103,8,0,111,4,0,4,115
05/03/2011,MKK,HI,AWP,WE,Federal Contract Tower,0,37,0,3,40,0,2,0,0,2,0,39,0,3,42,6,0,6,48
05/04/2011,MKK,HI,AWP,WE,Federal Contract Tower,0,35,1,6,42,0,52,7,12,71,0,87,8,18,113,2,32,34,147
05/05/2011,MKK,HI,AWP,WE,Federal Contract Tower,0,37,3,4,44,0,51,11,9,71,0,88,14,13,115,0,8,8,123
05/06/2011,MKK,HI,AWP,WE,Federal Contract Tower,0,36,0,0,36,0,44,5,2,51,0,80,5,2,87,0,0,0,87
05/07/2011,MKK,HI,AWP,WE,Federal Contract Tower,0,33,2,0,35,0,51,8,0,59,0,84,10,0,94,0,0,0,94
05/08/2011,MKK,HI,AWP,WE,Federal Contract Tower,0,24,2,0,26,0,47,3,0,50,0,71,5,0,76,6,0,6,82
05/09/2011,MKK,HI,AWP,WE,Federal Contract Tower,0,34,0,4,38,0,66,7,0,73,0,100,7,4,111,4,0,4,115
05/10/2011,MKK,HI,AWP,WE,Federal Contract Tower,0,30,1,1,32,0,64,7,2,73,0,94,8,3,105,0,0,0,105
05/11/2011,MKK,HI,AWP,WE,Federal Contract Tower,0,33,0,4,37,0,48,9,6,63,0,81,9,10,100,0,10,10,110
05/12/2011,MKK,HI,AWP,WE,Federal Contract Tower,0,30,0,8,38,0,43,15,2,60,0,73,15,10,98,22,2,24,122
05/13/2011,MKK,HI,AWP,WE,Federal Contract Tower,0,28,8,4,40,0,35,21,0,56,0,63,29,4,96,32,0,32,128
05/14/2011,MKK,HI,AWP,WE,Federal Contract Tower,0,26,0,0,26,0,43,12,0,55,0,69,12,0,81,18,0,18,99
05/15/2011,MKK,HI,AWP,WE,Federal Contract Tower,0,14,0,0,14,0,44,8,0,52,0,58,8,0,66,8,0,8,74
05/16/2011,MKK,HI,AWP,WE,Federal Contract Tower,0,28,0,3,31,0,57,9,5,71,0,85,9,8,102,8,0,8,110
05/17/2011,MKK,HI,AWP,WE,Federal Contract Tower,0,25,0,9,34,0,50,25,5,80,0,75,25,14,114,8,10,18,132
05/18/2011,MKK,HI,AWP,WE,Federal Contract Tower,0,34,6,8,48,0,52,12,15,79,0,86,18,23,127,4,0,4,131
05/19/2011,MKK,HI,AWP,WE,Federal Contract Tower,0,25,4,20,49,0,53,16,3,72,0,78,20,23,121,0,0,0,121
05/20/2011,MKK,HI,AWP,WE,Federal Contract Tower,0,29,8,20,57,0,46,15,10,71,0,75,23,30,128,0,8,8,136
05/21/2011,MKK,HI,AWP,WE,Federal Contract Tower,0,20,0,0,20,0,54,9,0,63,0,74,9,0,83,0,0,0,83
05/22/2011,MKK,HI,AWP,WE,Federal Contract Tower,0,23,2,0,25,0,46,12,0,58,0,69,14,0,83,0,0,0,83
05/23/2011,MKK,HI,AWP,WE,Federal Contract Tower,0,26,2,12,40,0,2,0,0,2,0,28,2,12,42,0,0,0,42
05/24/2011,MKK,HI,AWP,WE,Federal Contract Tower,0,22,1,8,31,0,60,14,18,92,0,82,15,26,123,0,20,20,143
05/25/2011,MKK,HI,AWP,WE,Federal Contract Tower,0,23,6,0,29,0,44,19,6,69,0,67,25,6,98,12,0,12,110
05/26/2011,MKK,HI,AWP,WE,Federal Contract Tower,0,27,0,8,35,0,48,17,0,65,0,75,17,8,100,0,4,4,104
05/27/2011,MKK,HI,AWP,WE,Federal Contract Tower,0,22,5,4,31,0,44,12,0,56,0,66,17,4,87,14,0,14,101
05/28/2011,MKK,HI,AWP,WE,Federal Contract Tower,0,23,2,0,25,0,54,5,0,59,0,77,7,0,84,4,0,4,88
05/29/2011,MKK,HI,AWP,WE,Federal Contract Tower,0,21,0,0,21,0,36,10,0,46,0,57,10,0,67,0,0,0,67
05/30/2011,MKK,HI,AWP,WE,Federal Contract Tower,0,23,0,0,23,0,45,19,0,64,0,68,19,0,87,6,0,6,93
05/31/2011,MKK,HI,AWP,WE,Federal Contract Tower,0,35,0,4,39,0,41,11,0,52,0,76,11,4,91,76,0,76,167
06/01/2011,MKK,HI,AWP,WE,Federal Contract Tower,0,26,1,0,27,0,31,2,0,33,0,57,3,0,60,60,24,84,144
06/02/2011,MKK,HI,AWP,WE,Federal Contract Tower,0,26,0,2,28,0,36,21,12,69,0,62,21,14,97,14,8,22,119
06/03/2011,MKK,HI,AWP,WE,Federal Contract Tower,0,35,12,0,47,0,31,13,0,44,0,66,25,0,91,4,0,4,95
06/04/2011,MKK,HI,AWP,WE,Federal Contract Tower,0,38,0,0,38,0,59,4,0,63,0,97,4,0,101,0,0,0,101
06/05/2011,MKK,HI,AWP,WE,Federal Contract Tower,0,20,0,0,20,0,45,10,2,57,0,65,10,2,77,4,0,4,81
06/06/2011,MKK,HI,AWP,WE,Federal Contract Tower,0,36,2,0,38,0,57,7,5,69,0,93,9,5,107,0,0,0,107
06/07/2011,MKK,HI,AWP,WE,Federal Contract Tower,0,36,0,2,38,0,40,7,4,51,0,76,7,6,89,14,20,34,123
06/08/2011,MKK,HI,AWP,WE,Federal Contract Tower,0,28,2,10,40,0,39,10,9,58,0,67,12,19,98,42,10,52,150
06/09/2011,MKK,HI,AWP,WE,Federal Contract Tower,0,29,6,2,37,0,39,24,6,69,0,68,30,8,106,16,12,28,134
06/10/2011,MKK,HI,AWP,WE,Federal Contract Tower,0,30,0,1,31,0,36,11,6,53,0,66,11,7,84,10,0,10,94
06/11/2011,MKK,HI,AWP,WE,Federal Contract Tower,0,23,1,1,25,0,48,13,2,63,0,71,14,3,88,0,0,0,88
06/12/2011,MKK,HI,AWP,WE,Federal Contract Tower,0,18,0,0,18,0,49,4,0,53,0,67,4,0,71,8,0,8,79
06/13/2011,MKK,HI,AWP,WE,Federal Contract Tower,0,32,1,8,41,0,38,13,0,51,0,70,14,8,92,16,0,16,108
06/14/2011,MKK,HI,AWP,WE,Federal Contract Tower,0,28,2,2,32,0,56,9,5,70,0,84,11,7,102,2,20,22,124
06/15/2011,MKK,HI,AWP,WE,Federal Contract Tower,0,27,4,4,35,0,54,13,12,79,0,81,17,16,114,37,40,77,191
06/16/2011,MKK,HI,AWP,WE,Federal Contract Tower,0,36,3,4,43,0,50,13,4,67,0,86,16,8,110,0,22,22,132
06/17/2011,MKK,HI,AWP,WE,Federal Contract Tower,0,36,6,2,44,0,47,17,2,66,0,83,23,4,110,4,0,4,114
06/18/2011,MKK,HI,AWP,WE,Federal Contract Tower,0,22,1,0,23,0,43,15,0,58,0,65,16,0,81,8,0,8,89
06/19/2011,MKK,HI,AWP,WE,Federal Contract Tower,0,20,0,2,22,0,45,6,2,53,0,65,6,4,75,0,12,12,87
06/20/2011,MKK,HI,AWP,WE,Federal Contract Tower,0,36,0,7,43,0,68,6,8,82,0,104,6,15,125,0,16,16,141
06/21/2011,MKK,HI,AWP,WE,Federal Contract Tower,0,36,3,2,41,0,61,6,3,70,0,97,9,5,111,12,10,22,133
06/22/2011,MKK,HI,AWP,WE,Federal Contract Tower,0,31,0,5,36,0,29,8,2,39,0,60,8,7,75,4,6,10,85
06/23/2011,MKK,HI,AWP,WE,Federal Contract Tower,0,27,0,4,31,0,34,2,4,40,0,61,2,8,71,0,4,4,75
06/24/2011,MKK,HI,AWP,WE,Federal Contract Tower,0,34,2,2,38,0,30,8,0,38,0,64,10,2,76,0,0,0,76
06/25/2011,MKK,HI,AWP,WE,Federal Contract Tower,0,22,0,0,22,0,59,6,0,65,0,81,6,0,87,0,0,0,87
06/26/2011,MKK,HI,AWP,WE,Federal Contract Tower,0,22,1,0,23,0,43,12,0,55,0,65,13,0,78,6,0,6,84
06/27/2011,MKK,HI,AWP,WE,Federal Contract Tower,0,35,4,7,46,0,57,8,4,69,0,92,12,11,115,6,2,8,123
06/28/2011,MKK,HI,AWP,WE,Federal Contract Tower,0,38,1,6,45,0,58,13,11,82,0,96,14,17,127,16,30,46,173
06/29/2011,MKK,HI,AWP,WE,Federal Contract Tower,0,28,0,7,35,0,43,18,7,68,0,71,18,14,103,8,52,60,163
06/30/2011,MKK,HI,AWP,WE,Federal Contract Tower,0,25,0,0,25,0,62,5,0,67,0,87,5,0,92,4,0,4,96
07/01/2011,MKK,HI,AWP,WE,Federal Contract Tower,0,29,2,0,31,0,46,13,0,59,0,75,15,0,90,10,0,10,100
07/02/2011,MKK,HI,AWP,WE,Federal Contract Tower,0,24,0,0,24,0,48,20,1,69,0,72,20,1,93,0,0,0,93
07/03/2011,MKK,HI,AWP,WE,Federal Contract Tower,0,20,0,0,20,0,44,16,0,60,0,64,16,0,80,4,0,4,84
07/04/2011,MKK,HI,AWP,WE,Federal Contract Tower,0,32,0,0,32,0,47,17,13,77,0,79,17,13,109,10,18,28,137
07/05/2011,MKK,HI,AWP,WE,Federal Contract Tower,0,40,9,7,56,0,78,8,8,94,0,118,17,15,150,8,24,32,182
07/06/2011,MKK,HI,AWP,WE,Federal Contract Tower,0,35,4,3,42,0,55,24,6,85,0,90,28,9,127,8,28,36,163
07/07/2011,MKK,HI,AWP,WE,Federal Contract Tower,0,36,1,4,41,0,47,9,0,56,0,83,10,4,97,2,2,4,101
07/08/2011,MKK,HI,AWP,WE,Federal Contract Tower,0,25,0,0,25,0,60,17,0,77,0,85,17,0,102,0,0,0,102
07/09/2011,MKK,HI,AWP,WE,Federal Contract Tower,0,28,0,1,29,0,49,11,3,63,0,77,11,4,92,0,0,0,92
07/10/2011,MKK,HI,AWP,WE,Federal Contract Tower,0,22,3,0,25,0,45,18,0,63,0,67,21,0,88,0,0,0,88
07/11/2011,MKK,HI,AWP,WE,Federal Contract Tower,0,30,1,4,35,0,58,11,4,73,0,88,12,8,108,2,20,22,130
07/12/2011,MKK,HI,AWP,WE,Federal Contract Tower,0,25,4,7,36,0,53,13,0,66,0,78,17,7,102,2,0,2,104
07/13/2011,MKK,HI,AWP,WE,Federal Contract Tower,0,24,1,18,43,0,52,16,0,68,0,76,17,18,111,0,0,0,111
07/14/2011,MKK,HI,AWP,WE,Federal Contract Tower,0,21,3,10,34,0,65,12,12,89,0,86,15,22,123,0,22,22,145
07/15/2011,MKK,HI,AWP,WE,Federal Contract Tower,0,27,0,0,27,0,49,13,7,69,0,76,13,7,96,2,0,2,98
07/16/2011,MKK,HI,AWP,WE,Federal Contract Tower,0,23,0,0,23,0,48,5,0,53,0,71,5,0,76,10,0,10,86
07/17/2011,MKK,HI,AWP,WE,Federal Contract Tower,0,18,0,0,18,0,49,13,0,62,0,67,13,0,80,0,0,0,80
07/18/2011,MKK,HI,AWP,WE,Federal Contract Tower,0,33,0,4,37,0,63,7,9,79,0,96,7,13,116,2,2,4,120
07/19/2011,MKK,HI,AWP,WE,Federal Contract Tower,0,24,1,4,29,0,28,21,21,70,0,52,22,25,99,0,24,24,123
07/20/2011,MKK,HI,AWP,WE,Federal Contract Tower,0,33,0,0,33,0,24,13,0,37,0,57,13,0,70,0,0,0,70
07/21/2011,MKK,HI,AWP,WE,Federal Contract Tower,0,31,0,4,35,0,53,11,0,64,0,84,11,4,99,16,0,16,115
07/22/2011,MKK,HI,AWP,WE,Federal Contract Tower,0,28,0,2,30,0,49,13,0,62,0,77,13,2,92,0,0,0,92
07/23/2011,MKK,HI,AWP,WE,Federal Contract Tower,0,26,0,0,26,0,51,23,0,74,0,77,23,0,100,2,0,2,102
07/24/2011,MKK,HI,AWP,WE,Federal Contract Tower,0,15,2,0,17,0,41,4,3,48,0,56,6,3,65,0,0,0,65
07/25/2011,MKK,HI,AWP,WE,Federal Contract Tower,0,26,0,3,29,0,65,9,4,78,0,91,9,7,107,0,4,4,111
07/26/2011,MKK,HI,AWP,WE,Federal Contract Tower,0,29,0,0,29,0,67,8,0,75,0,96,8,0,104,4,0,4,108
07/27/2011,MKK,HI,AWP,WE,Federal Contract Tower,0,29,0,4,33,0,22,10,9,41,0,51,10,13,74,0,10,10,84
07/28/2011,MKK,HI,AWP,WE,Federal Contract Tower,0,24,0,2,26,0,53,6,0,59,0,77,6,2,85,0,0,0,85
07/29/2011,MKK,HI,AWP,WE,Federal Contract Tower,0,28,0,0,28,0,69,7,0,76,0,97,7,0,104,0,0,0,104
07/30/2011,MKK,HI,AWP,WE,Federal Contract Tower,0,27,0,0,27,0,38,15,0,53,0,65,15,0,80,0,0,0,80
07/31/2011,MKK,HI,AWP,WE,Federal Contract Tower,0,18,3,2,23,0,40,18,2,60,0,58,21,4,83,4,0,4,87
08/01/2011,MKK,HI,AWP,WE,Federal Contract Tower,0,31,0,2,33,0,64,9,2,75,0,95,9,4,108,0,0,0,108
08/02/2011,MKK,HI,AWP,WE,Federal Contract Tower,0,31,0,0,31,0,71,2,0,73,0,102,2,0,104,2,0,2,106
08/03/2011,MKK,HI,AWP,WE,Federal Contract Tower,0,25,2,0,27,0,60,24,0,84,0,85,26,0,111,12,0,12,123
08/04/2011,MKK,HI,AWP,WE,Federal Contract Tower,0,34,0,0,34,0,50,12,0,62,0,84,12,0,96,2,0,2,98
08/05/2011,MKK,HI,AWP,WE,Federal Contract Tower,0,30,1,0,31,0,54,15,0,69,0,84,16,0,100,2,0,2,102
08/06/2011,MKK,HI,AWP,WE,Federal Contract Tower,0,24,2,0,26,0,39,17,0,56,0,63,19,0,82,0,0,0,82
08/07/2011,MKK,HI,AWP,WE,Federal Contract Tower,0,16,3,0,19,0,45,18,0,63,0,61,21,0,82,2,0,2,84
08/08/2011,MKK,HI,AWP,WE,Federal Contract Tower,0,23,0,0,23,0,53,18,0,71,0,76,18,0,94,6,0,6,100
08/09/2011,MKK,HI,AWP,WE,Federal Contract Tower,0,27,2,0,29,0,59,23,6,88,0,86,25,6,117,14,6,20,137
08/10/2011,MKK,HI,AWP,WE,Federal Contract Tower,0,23,0,0,23,0,44,11,6,61,0,67,11,6,84,0,44,44,128
08/11/2011,MKK,HI,AWP,WE,Federal Contract Tower,0,21,0,0,21,0,52,15,0,67,0,73,15,0,88,0,0,0,88
08/12/2011,MKK,HI,AWP,WE,Federal Contract Tower,0,24,0,0,24,0,58,20,0,78,0,82,20,0,102,12,0,12,114
08/13/2011,MKK,HI,AWP,WE,Federal Contract Tower,0,16,2,0,18,0,47,8,0,55,0,63,10,0,73,0,0,0,73
08/14/2011,MKK,HI,AWP,WE,Federal Contract Tower,0,18,0,0,18,0,48,4,0,52,0,66,4,0,70,0,0,0,70
08/15/2011,MKK,HI,AWP,WE,Federal Contract Tower,0,31,0,1,32,0,68,8,2,78,0,99,8,3,110,10,0,10,120
08/16/2011,MKK,HI,AWP,WE,Federal Contract Tower,0,28,0,0,28,0,69,14,2,85,0,97,14,2,113,22,4,26,139
08/17/2011,MKK,HI,AWP,WE,Federal Contract Tower,0,28,0,0,28,0,58,4,6,68,0,86,4,6,96,2,4,6,102
08/18/2011,MKK,HI,AWP,WE,Federal Contract Tower,0,18,0,4,22,0,64,6,5,75,0,82,6,9,97,8,0,8,105
08/19/2011,MKK,HI,AWP,WE,Federal Contract Tower,0,21,4,1,26,0,53,10,1,64,0,74,14,2,90,24,0,24,114
08/20/2011,MKK,HI,AWP,WE,Federal Contract Tower,0,21,0,0,21,0,42,3,0,45,0,63,3,0,66,2,0,2,68
08/21/2011,MKK,HI,AWP,WE,Federal Contract Tower,0,17,0,0,17,0,44,17,0,61,0,61,17,0,78,22,0,22,100
08/22/2011,MKK,HI,AWP,WE,Federal Contract Tower,0,30,0,0,30,0,76,9,0,85,0,106,9,0,115,16,0,16,131
08/23/2011,MKK,HI,AWP,WE,Federal Contract Tower,0,32,0,0,32,0,65,5,5,75,0,97,5,5,107,12,22,34,141
08/24/2011,MKK,HI,AWP,WE,Federal Contract Tower,0,27,2,3,32,0,53,12,5,70,0,80,14,8,102,6,84,90,192
08/25/2011,MKK,HI,AWP,WE,Federal Contract Tower,0,21,0,1,22,0,44,32,3,79,0,65,32,4,101,22,0,22,123
08/26/2011,MKK,HI,AWP,WE,Federal Contract Tower,0,22,1,2,25,0,47,20,8,75,0,69,21,10,100,22,0,22,122
08/27/2011,MKK,HI,AWP,WE,Federal Contract Tower,0,26,2,0,28,0,46,20,0,66,0,72,22,0,94,30,0,30,124
08/28/2011,MKK,HI,AWP,WE,Federal Contract Tower,0,18,1,0,19,0,41,14,0,55,0,59,15,0,74,4,0,4,78
08/29/2011,MKK,HI,AWP,WE,Federal Contract Tower,0,39,0,0,39,0,68,8,0,76,0,107,8,0,115,2,0,2,117
08/30/2011,MKK,HI,AWP,WE,Federal Contract Tower,0,27,1,0,28,0,53,10,0,63,0,80,11,0,91,2,0,2,93
08/31/2011,MKK,HI,AWP,WE,Federal Contract Tower,0,27,1,0,28,0,47,17,1,65,0,74,18,1,93,2,0,2,95
09/01/2011,MKK,HI,AWP,WE,Federal Contract Tower,0,26,0,4,30,0,44,7,2,53,0,70,7,6,83,0,0,0,83
09/02/2011,MKK,HI,AWP,WE,Federal Contract Tower,0,25,0,2,27,0,45,28,0,73,0,70,28,2,100,2,0,2,102
09/03/2011,MKK,HI,AWP,WE,Federal Contract Tower,0,22,0,0,22,0,41,14,0,55,0,63,14,0,77,4,0,4,81
09/04/2011,MKK,HI,AWP,WE,Federal Contract Tower,0,17,0,0,17,0,38,12,0,50,0,55,12,0,67,14,0,14,81
09/05/2011,MKK,HI,AWP,WE,Federal Contract Tower,0,20,0,0,20,0,44,12,3,59,0,64,12,3,79,6,0,6,85
09/06/2011,MKK,HI,AWP,WE,Federal Contract Tower,0,23,0,0,23,0,60,22,2,84,0,83,22,2,107,12,34,46,153
09/07/2011,MKK,HI,AWP,WE,Federal Contract Tower,0,23,1,0,24,0,48,16,2,66,0,71,17,2,90,6,0,6,96
09/08/2011,MKK,HI,AWP,WE,Federal Contract Tower,0,26,2,0,28,0,52,23,2,77,0,78,25,2,105,10,20,30,135
09/09/2011,MKK,HI,AWP,WE,Federal Contract Tower,0,28,0,0,28,0,49,12,0,61,0,77,12,0,89,0,0,0,89
09/10/2011,MKK,HI,AWP,WE,Federal Contract Tower,0,24,1,0,25,0,42,11,3,56,0,66,12,3,81,0,6,6,87
09/11/2011,MKK,HI,AWP,WE,Federal Contract Tower,0,13,1,0,14,0,41,22,1,64,0,54,23,1,78,10,0,10,88
09/12/2011,MKK,HI,AWP,WE,Federal Contract Tower,0,29,2,4,35,0,66,8,2,76,0,95,10,6,111,10,0,10,121
09/13/2011,MKK,HI,AWP,WE,Federal Contract Tower,0,28,2,5,35,0,66,16,9,91,0,94,18,14,126,2,26,28,154
09/14/2011,MKK,HI,AWP,WE,Federal Contract Tower,0,23,0,2,25,0,55,16,2,73,0,78,16,4,98,18,0,18,116
09/15/2011,MKK,HI,AWP,WE,Federal Contract Tower,0,27,0,4,31,0,67,5,0,72,0,94,5,4,103,0,0,0,103
09/16/2011,MKK,HI,AWP,WE,Federal Contract Tower,0,15,1,3,19,0,57,10,7,74,0,72,11,10,93,0,2,2,95
09/17/2011,MKK,HI,AWP,WE,Federal Contract Tower,0,21,0,0,21,0,54,26,0,80,0,75,26,0,101,16,0,16,117
09/18/2011,MKK,HI,AWP,WE,Federal Contract Tower,0,17,1,0,18,0,46,9,0,55,0,63,10,0,73,0,0,0,73
09/19/2011,MKK,HI,AWP,WE,Federal Contract Tower,0,28,0,2,30,0,70,13,1,84,0,98,13,3,114,8,0,8,122
09/20/2011,MKK,HI,AWP,WE,Federal Contract Tower,0,22,0,8,30,0,79,7,24,110,0,101,7,32,140,4,18,22,162
09/21/2011,MKK,HI,AWP,WE,Federal Contract Tower,0,24,0,4,28,0,62,22,2,86,0,86,22,6,114,12,0,12,126
09/22/2011,MKK,HI,AWP,WE,Federal Contract Tower,0,24,1,4,29,0,53,14,0,67,0,77,15,4,96,2,2,4,100
09/23/2011,MKK,HI,AWP,WE,Federal Contract Tower,0,26,3,0,29,0,0,0,0,0,0,26,3,0,29,6,0,6,35
09/24/2011,MKK,HI,AWP,WE,Federal Contract Tower,0,27,0,0,27,0,54,29,0,83,0,81,29,0,110,10,0,10,120
09/25/2011,MKK,HI,AWP,WE,Federal Contract Tower,0,17,0,0,17,0,47,9,0,56,0,64,9,0,73,0,0,0,73
09/26/2011,MKK,HI,AWP,WE,Federal Contract Tower,0,27,0,4,31,0,16,14,2,32,0,43,14,6,63,0,2,2,65
09/27/2011,MKK,HI,AWP,WE,Federal Contract Tower,0,24,0,4,28,0,68,8,2,78,0,92,8,6,106,10,2,12,118
09/28/2011,MKK,HI,AWP,WE,Federal Contract Tower,0,22,0,2,24,0,2,0,0,2,0,24,0,2,26,0,0,0,26
09/29/2011,MKK,HI,AWP,WE,Federal Contract Tower,0,19,0,6,25,0,67,15,0,82,0,86,15,6,107,20,2,22,129
09/30/2011,MKK,HI,AWP,WE,Federal Contract Tower,0,25,0,0,25,0,63,9,0,72,0,88,9,0,97,0,0,0,97
10/01/2011,MKK,HI,AWP,WE,Federal Contract Tower,0,24,0,0,24,0,57,14,0,71,0,81,14,0,95,6,0,6,101
10/02/2011,MKK,HI,AWP,WE,Federal Contract Tower,0,22,1,0,23,0,47,14,0,61,0,69,15,0,84,0,0,0,84
10/03/2011,MKK,HI,AWP,WE,Federal Contract Tower,0,29,2,0,31,0,62,2,0,64,0,91,4,0,95,16,0,16,111
10/04/2011,MKK,HI,AWP,WE,Federal Contract Tower,0,32,0,0,32,0,73,6,2,81,0,105,6,2,113,16,18,34,147
10/05/2011,MKK,HI,AWP,WE,Federal Contract Tower,0,28,1,0,29,0,50,8,0,58,0,78,9,0,87,4,0,4,91
10/06/2011,MKK,HI,AWP,WE,Federal Contract Tower,0,25,0,0,25,0,60,8,0,68,0,85,8,0,93,0,0,0,93
10/07/2011,MKK,HI,AWP,WE,Federal Contract Tower,0,27,1,0,28,0,81,48,0,129,0,108,49,0,157,12,0,12,169
10/08/2011,MKK,HI,AWP,WE,Federal Contract Tower,0,26,1,0,27,0,56,32,0,88,0,82,33,0,115,2,0,2,117
10/09/2011,MKK,HI,AWP,WE,Federal Contract Tower,0,21,0,0,21,0,41,7,0,48,0,62,7,0,69,2,0,2,71
10/10/2011,MKK,HI,AWP,WE,Federal Contract Tower,0,24,0,0,24,0,63,13,0,76,0,87,13,0,100,0,0,0,100
10/11/2011,MKK,HI,AWP,WE,Federal Contract Tower,0,22,0,0,22,0,52,2,0,54,0,74,2,0,76,6,0,6,82
10/12/2011,MKK,HI,AWP,WE,Federal Contract Tower,0,25,0,0,25,0,59,19,0,78,0,84,19,0,103,6,0,6,109
10/13/2011,MKK,HI,AWP,WE,Federal Contract Tower,0,24,0,2,26,0,41,11,1,53,0,65,11,3,79,2,2,4,83
10/14/2011,MKK,HI,AWP,WE,Federal Contract Tower,0,24,1,0,25,0,54,15,0,69,0,78,16,0,94,16,0,16,110
10/15/2011,MKK,HI,AWP,WE,Federal Contract Tower,0,20,0,0,20,0,42,8,0,50,0,62,8,0,70,4,0,4,74
10/16/2011,MKK,HI,AWP,WE,Federal Contract Tower,0,19,5,0,24,0,42,14,0,56,0,61,19,0,80,4,0,4,84
10/17/2011,MKK,HI,AWP,WE,Federal Contract Tower,0,32,0,2,34,0,72,9,0,81,0,104,9,2,115,18,0,18,133
10/18/2011,MKK,HI,AWP,WE,Federal Contract Tower,0,27,0,2,29,0,50,9,4,63,0,77,9,6,92,10,46,56,148
10/19/2011,MKK,HI,AWP,WE,Federal Contract Tower,0,25,1,2,28,0,47,15,2,64,0,72,16,4,92,8,9,17,109
10/20/2011,MKK,HI,AWP,WE,Federal Contract Tower,0,26,1,3,30,0,53,7,0,60,0,79,8,3,90,4,0,4,94
10/21/2011,MKK,HI,AWP,WE,Federal Contract Tower,0,27,0,0,27,0,74,7,0,81,0,101,7,0,108,0,0,0,108
10/22/2011,MKK,HI,AWP,WE,Federal Contract Tower,0,17,0,5,22,0,35,8,5,48,0,52,8,10,70,8,0,8,78
10/23/2011,MKK,HI,AWP,WE,Federal Contract Tower,0,21,0,0,21,0,36,6,0,42,0,57,6,0,63,0,0,0,63
10/24/2011,MKK,HI,AWP,WE,Federal Contract Tower,0,29,0,0,29,0,68,13,0,81,0,97,13,0,110,26,0,26,136
10/25/2011,MKK,HI,AWP,WE,Federal Contract Tower,0,23,0,4,27,0,56,3,17,76,0,79,3,21,103,0,26,26,129
10/26/2011,MKK,HI,AWP,WE,Federal Contract Tower,0,25,1,6,32,0,48,23,0,71,0,73,24,6,103,6,0,6,109
10/27/2011,MKK,HI,AWP,WE,Federal Contract Tower,0,24,0,4,28,0,48,6,2,56,0,72,6,6,84,0,26,26,110
10/28/2011,MKK,HI,AWP,WE,Federal Contract Tower,0,22,0,4,26,0,50,10,0,60,0,72,10,4,86,16,0,16,102
10/29/2011,MKK,HI,AWP,WE,Federal Contract Tower,0,22,0,0,22,0,41,0,0,41,0,63,0,0,63,0,0,0,63
10/30/2011,MKK,HI,AWP,WE,Federal Contract Tower,0,19,0,0,19,0,36,22,0,58,0,55,22,0,77,4,0,4,81
10/31/2011,MKK,HI,AWP,WE,Federal Contract Tower,0,20,0,4,24,0,71,6,0,77,0,91,6,4,101,0,0,0,101
11/01/2011,MKK,HI,AWP,WE,Federal Contract Tower,0,24,0,4,28,0,51,8,0,59,0,75,8,4,87,0,0,0,87
11/02/2011,MKK,HI,AWP,WE,Federal Contract Tower,0,28,2,5,35,0,51,13,8,72,0,79,15,13,107,10,68,78,185
11/03/2011,MKK,HI,AWP,WE,Federal Contract Tower,0,27,0,4,31,0,54,5,2,61,0,81,5,6,92,0,10,10,102
11/04/2011,MKK,HI,AWP,WE,Federal Contract Tower,0,25,3,0,28,0,37,2,0,39,0,62,5,0,67,6,0,6,73
11/05/2011,MKK,HI,AWP,WE,Federal Contract Tower,0,25,0,0,25,0,34,10,0,44,0,59,10,0,69,0,0,0,69
11/06/2011,MKK,HI,AWP,WE,Federal Contract Tower,0,20,1,0,21,0,33,13,0,46,0,53,14,0,67,0,0,0,67
11/07/2011,MKK,HI,AWP,WE,Federal Contract Tower,0,33,2,0,35,0,71,8,4,83,0,104,10,4,118,4,0,4,122
11/08/2011,MKK,HI,AWP,WE,Federal Contract Tower,0,27,2,4,33,0,70,12,4,86,0,97,14,8,119,0,24,24,143
11/09/2011,MKK,HI,AWP,WE,Federal Contract Tower,0,25,0,0,25,0,43,10,1,54,0,68,10,1,79,18,0,18,97
11/10/2011,MKK,HI,AWP,WE,Federal Contract Tower,0,23,0,2,25,0,58,6,0,64,0,81,6,2,89,2,4,6,95
11/11/2011,MKK,HI,AWP,WE,Federal Contract Tower,0,22,0,0,22,0,35,18,0,53,0,57,18,0,75,10,0,10,85
11/12/2011,MKK,HI,AWP,WE,Federal Contract Tower,0,35,0,0,35,0,38,4,0,42,0,73,4,0,77,0,0,0,77
11/13/2011,MKK,HI,AWP,WE,Federal Contract Tower,0,20,1,0,21,0,20,11,0,31,0,40,12,0,52,0,0,0,52
11/14/2011,MKK,HI,AWP,WE,Federal Contract Tower,0,31,0,0,31,0,55,9,0,64,0,86,9,0,95,0,0,0,95
11/15/2011,MKK,HI,AWP,WE,Federal Contract Tower,0,32,0,0,32,0,52,7,0,59,0,84,7,0,91,10,18,28,119
11/16/2011,MKK,HI,AWP,WE,Federal Contract Tower,0,26,0,0,26,0,55,11,2,68,0,81,11,2,94,32,22,54,148
11/17/2011,MKK,HI,AWP,WE,Federal Contract Tower,0,30,3,2,35,0,56,10,0,66,0,86,13,2,101,28,2,30,131
11/18/2011,MKK,HI,AWP,WE,Federal Contract Tower,0,25,0,0,25,0,45,10,0,55,0,70,10,0,80,22,0,22,102
11/19/2011,MKK,HI,AWP,WE,Federal Contract Tower,0,30,0,0,30,0,38,9,0,47,0,68,9,0,77,2,0,2,79
11/20/2011,MKK,HI,AWP,WE,Federal Contract Tower,0,19,1,0,20,0,46,9,0,55,0,65,10,0,75,2,0,2,77
11/21/2011,MKK,HI,AWP,WE,Federal Contract Tower,0,29,0,0,29,0,62,17,0,79,0,91,17,0,108,4,2,6,114
11/22/2011,MKK,HI,AWP,WE,Federal Contract Tower,0,32,1,8,41,0,73,17,3,93,0,105,18,11,134,4,2,6,140
11/23/2011,MKK,HI,AWP,WE,Federal Contract Tower,0,31,1,4,36,0,74,23,4,101,0,105,24,8,137,8,0,8,145
11/24/2011,MKK,HI,AWP,WE,Federal Contract Tower,0,22,0,0,22,0,44,12,0,56,0,66,12,0,78,6,0,6,84
11/25/2011,MKK,HI,AWP,WE,Federal Contract Tower,0,26,2,0,28,0,45,4,0,49,0,71,6,0,77,4,0,4,81
11/26/2011,MKK,HI,AWP,WE,Federal Contract Tower,0,22,1,0,23,0,39,4,0,43,0,61,5,0,66,4,0,4,70
11/27/2011,MKK,HI,AWP,WE,Federal Contract Tower,0,17,0,0,17,0,50,7,0,57,0,67,7,0,74,0,0,0,74
11/28/2011,MKK,HI,AWP,WE,Federal Contract Tower,0,25,1,3,29,0,62,1,8,71,0,87,2,11,100,0,4,4,104
11/29/2011,MKK,HI,AWP,WE,Federal Contract Tower,0,31,0,13,44,0,68,14,12,94,0,99,14,25,138,4,0,4,142
11/30/2011,MKK,HI,AWP,WE,Federal Contract Tower,0,29,0,2,31,0,62,14,0,76,0,91,14,2,107,0,2,2,109
12/01/2011,MKK,HI,AWP,WE,Federal Contract Tower,0,29,0,3,32,0,49,2,0,51,0,78,2,3,83,0,0,0,83
12/02/2011,MKK,HI,AWP,WE,Federal Contract Tower,0,32,2,0,34,0,45,6,0,51,0,77,8,0,85,2,0,2,87
12/03/2011,MKK,HI,AWP,WE,Federal Contract Tower,0,24,2,0,26,0,44,9,2,55,0,68,11,2,81,0,0,0,81
12/04/2011,MKK,HI,AWP,WE,Federal Contract Tower,0,16,1,0,17,0,36,15,0,51,0,52,16,0,68,4,0,4,72
12/05/2011,MKK,HI,AWP,WE,Federal Contract Tower,0,28,1,0,29,0,69,13,0,82,0,97,14,0,111,6,0,6,117
12/06/2011,MKK,HI,AWP,WE,Federal Contract Tower,0,29,0,2,31,0,77,17,4,98,0,106,17,6,129,12,20,32,161
12/07/2011,MKK,HI,AWP,WE,Federal Contract Tower,0,32,0,4,36,0,67,17,4,88,0,99,17,8,124,0,38,38,162
12/08/2011,MKK,HI,AWP,WE,Federal Contract Tower,0,27,1,0,28,0,32,12,4,48,0,59,13,4,76,2,0,2,78
12/09/2011,MKK,HI,AWP,WE,Federal Contract Tower,0,24,3,0,27,0,31,4,0,35,0,55,7,0,62,0,0,0,62
12/10/2011,MKK,HI,AWP,WE,Federal Contract Tower,0,18,0,0,18,0,22,7,0,29,0,40,7,0,47,0,0,0,47
12/11/2011,MKK,HI,AWP,WE,Federal Contract Tower,0,17,3,0,20,0,27,9,0,36,0,44,12,0,56,0,0,0,56
12/12/2011,MKK,HI,AWP,WE,Federal Contract Tower,0,40,0,1,41,0,74,4,4,82,0,114,4,5,123,4,2,6,129
12/13/2011,MKK,HI,AWP,WE,Federal Contract Tower,0,38,0,0,38,0,62,7,0,69,0,100,7,0,107,4,0,4,111
12/14/2011,MKK,HI,AWP,WE,Federal Contract Tower,0,31,0,0,31,0,62,13,0,75,0,93,13,0,106,2,0,2,108
12/15/2011,MKK,HI,AWP,WE,Federal Contract Tower,0,26,0,0,26,0,40,19,0,59,0,66,19,0,85,32,10,42,127
12/16/2011,MKK,HI,AWP,WE,Federal Contract Tower,0,26,0,0,26,0,51,7,0,58,0,77,7,0,84,8,0,8,92
12/17/2011,MKK,HI,AWP,WE,Federal Contract Tower,0,24,5,0,29,0,39,16,0,55,0,63,21,0,84,2,0,2,86
12/18/2011,MKK,HI,AWP,WE,Federal Contract Tower,0,20,0,0,20,0,34,8,0,42,0,54,8,0,62,12,0,12,74
12/19/2011,MKK,HI,AWP,WE,Federal Contract Tower,0,28,2,0,30,0,62,12,0,74,0,90,14,0,104,4,0,4,108
12/20/2011,MKK,HI,AWP,WE,Federal Contract Tower,0,31,4,0,35,0,43,3,2,48,0,74,7,2,83,0,2,2,85
12/21/2011,MKK,HI,AWP,WE,Federal Contract Tower,0,40,1,0,41,0,45,7,2,54,0,85,8,2,95,2,0,2,97
12/22/2011,MKK,HI,AWP,WE,Federal Contract Tower,0,28,0,0,28,0,24,7,0,31,0,52,7,0,59,2,0,2,61
12/23/2011,MKK,HI,AWP,WE,Federal Contract Tower,0,28,2,0,30,0,38,26,1,65,0,66,28,1,95,8,0,8,103
12/24/2011,MKK,HI,AWP,WE,Federal Contract Tower,0,28,0,0,28,0,21,2,0,23,0,49,2,0,51,12,0,12,63
12/25/2011,MKK,HI,AWP,WE,Federal Contract Tower,0,22,0,0,22,0,32,6,0,38,0,54,6,0,60,0,0,0,60
12/26/2011,MKK,HI,AWP,WE,Federal Contract Tower,0,34,1,0,35,0,28,7,0,35,0,62,8,0,70,2,0,2,72
12/27/2011,MKK,HI,AWP,WE,Federal Contract Tower,0,32,0,0,32,0,43,6,3,52,0,75,6,3,84,16,8,24,108
12/28/2011,MKK,HI,AWP,WE,Federal Contract Tower,0,32,1,0,33,0,27,17,3,47,0,59,18,3,80,34,46,80,160
12/29/2011,MKK,HI,AWP,WE,Federal Contract Tower,0,34,0,2,36,0,41,5,1,47,0,75,5,3,83,24,0,24,107
12/30/2011,MKK,HI,AWP,WE,Federal Contract Tower,0,35,2,0,37,0,41,17,0,58,0,76,19,0,95,12,0,12,107
12/31/2011,MKK,HI,AWP,WE,Federal Contract Tower,0,25,1,0,26,0,54,15,0,69,0,79,16,0,95,12,0,12,107
01/01/2012,MKK,HI,AWP,WE,Federal Contract Tower,0,17,2,0,19,0,24,13,1,38,0,41,15,1,57,24,0,24,81
01/02/2012,MKK,HI,AWP,WE,Federal Contract Tower,0,29,0,0,29,0,59,18,0,77,0,88,18,0,106,20,0,20,126
01/03/2012,MKK,HI,AWP,WE,Federal Contract Tower,0,31,0,0,31,0,75,15,0,90,0,106,15,0,121,12,0,12,133
01/04/2012,MKK,HI,AWP,WE,Federal Contract Tower,0,28,2,2,32,0,42,3,0,45,0,70,5,2,77,0,0,0,77
01/05/2012,MKK,HI,AWP,WE,Federal Contract Tower,0,23,0,2,25,0,38,6,5,49,0,61,6,7,74,0,22,22,96
01/06/2012,MKK,HI,AWP,WE,Federal Contract Tower,0,22,0,0,22,0,46,22,0,68,0,68,22,0,90,10,0,10,100
01/07/2012,MKK,HI,AWP,WE,Federal Contract Tower,0,22,0,2,24,0,22,9,2,33,0,44,9,4,57,0,0,0,57
01/08/2012,MKK,HI,AWP,WE,Federal Contract Tower,0,16,0,0,16,0,33,11,1,45,0,49,11,1,61,0,0,0,61
01/09/2012,MKK,HI,AWP,WE,Federal Contract Tower,0,27,0,0,27,0,69,12,1,82,0,96,12,1,109,4,0,4,113
01/10/2012,MKK,HI,AWP,WE,Federal Contract Tower,0,30,2,0,32,0,45,14,4,63,0,75,16,4,95,12,0,12,107
01/11/2012,MKK,HI,AWP,WE,Federal Contract Tower,0,29,0,4,33,0,65,8,7,80,0,94,8,11,113,22,4,26,139
01/12/2012,MKK,HI,AWP,WE,Federal Contract Tower,0,23,10,0,33,0,55,12,2,69,0,78,22,2,102,8,20,28,130
01/13/2012,MKK,HI,AWP,WE,Federal Contract Tower,0,27,0,0,27,0,66,14,0,80,0,93,14,0,107,16,0,16,123
01/14/2012,MKK,HI,AWP,WE,Federal Contract Tower,0,24,0,0,24,0,37,17,0,54,0,61,17,0,78,10,0,10,88
01/15/2012,MKK,HI,AWP,WE,Federal Contract Tower,0,17,0,0,17,0,20,5,0,25,0,37,5,0,42,12,0,12,54
01/16/2012,MKK,HI,AWP,WE,Federal Contract Tower,0,25,0,0,25,0,29,12,1,42,0,54,12,1,67,6,0,6,73
01/17/2012,MKK,HI,AWP,WE,Federal Contract Tower,0,30,0,0,30,0,31,5,1,37,0,61,5,1,67,0,18,18,85
01/18/2012,MKK,HI,AWP,WE,Federal Contract Tower,0,25,0,0,25,0,40,7,1,48,0,65,7,1,73,0,0,0,73
01/19/2012,MKK,HI,AWP,WE,Federal Contract Tower,0,30,2,2,34,0,51,18,4,73,0,81,20,6,107,4,26,30,137
01/20/2012,MKK,HI,AWP,WE,Federal Contract Tower,0,39,0,1,40,0,59,29,0,88,0,98,29,1,128,4,0,4,132
01/21/2012,MKK,HI,AWP,WE,Federal Contract Tower,0,25,0,0,25,0,37,17,0,54,0,62,17,0,79,2,0,2,81
01/22/2012,MKK,HI,AWP,WE,Federal Contract Tower,0,22,0,0,22,0,26,14,0,40,0,48,14,0,62,8,0,8,70
01/23/2012,MKK,HI,AWP,WE,Federal Contract Tower,0,28,0,2,30,0,33,9,2,44,0,61,9,4,74,2,0,2,76
01/24/2012,MKK,HI,AWP,WE,Federal Contract Tower,0,17,0,2,19,0,30,12,0,42,0,47,12,2,61,2,26,28,89
01/25/2012,MKK,HI,AWP,WE,Federal Contract Tower,0,23,5,0,28,0,46,6,0,52,0,69,11,0,80,0,0,0,80
01/26/2012,MKK,HI,AWP,WE,Federal Contract Tower,0,18,2,0,20,0,58,10,2,70,0,76,12,2,90,0,20,20,110
01/27/2012,MKK,HI,AWP,WE,Federal Contract Tower,0,26,0,0,26,0,48,24,0,72,0,74,24,0,98,2,0,2,100
01/28/2012,MKK,HI,AWP,WE,Federal Contract Tower,0,25,0,0,25,0,35,24,4,63,0,60,24,4,88,4,0,4,92
01/29/2012,MKK,HI,AWP,WE,Federal Contract Tower,0,19,0,0,19,0,33,19,0,52,0,52,19,0,71,6,0,6,77
01/30/2012,MKK,HI,AWP,WE,Federal Contract Tower,0,34,0,0,34,0,50,11,3,64,0,84,11,3,98,0,0,0,98
01/31/2012,MKK,HI,AWP,WE,Federal Contract Tower,0,28,0,1,29,0,39,4,0,43,0,67,4,1,72,4,0,4,76
02/01/2012,MKK,HI,AWP,WE,Federal Contract Tower,0,37,0,2,39,0,69,9,2,80,0,106,9,4,119,0,0,0,119
02/02/2012,MKK,HI,AWP,WE,Federal Contract Tower,0,22,0,2,24,0,64,17,2,83,0,86,17,4,107,34,0,34,141
02/03/2012,MKK,HI,AWP,WE,Federal Contract Tower,0,26,0,0,26,0,49,22,0,71,0,75,22,0,97,6,0,6,103
02/04/2012,MKK,HI,AWP,WE,Federal Contract Tower,0,20,0,0,20,0,43,22,0,65,0,63,22,0,85,2,2,4,89
02/05/2012,MKK,HI,AWP,WE,Federal Contract Tower,0,23,0,4,27,0,34,9,0,43,0,57,9,4,70,4,0,4,74
02/06/2012,MKK,HI,AWP,WE,Federal Contract Tower,0,35,0,0,35,0,49,7,2,58,0,84,7,2,93,2,0,2,95
02/07/2012,MKK,HI,AWP,WE,Federal Contract Tower,0,30,0,2,32,0,35,1,7,43,0,65,1,9,75,2,26,28,103
02/08/2012,MKK,HI,AWP,WE,Federal Contract Tower,0,26,0,0,26,0,58,8,0,66,0,84,8,0,92,0,0,0,92
02/09/2012,MKK,HI,AWP,WE,Federal Contract Tower,0,19,2,0,21,0,67,23,0,90,0,86,25,0,111,4,8,12,123
02/10/2012,MKK,HI,AWP,WE,Federal Contract Tower,0,32,1,0,33,0,45,15,0,60,0,77,16,0,93,6,0,6,99
02/11/2012,MKK,HI,AWP,WE,Federal Contract Tower,0,18,2,2,22,0,28,10,0,38,0,46,12,2,60,0,0,0,60
02/12/2012,MKK,HI,AWP,WE,Federal Contract Tower,0,24,0,0,24,0,32,14,0,46,0,56,14,0,70,0,0,0,70
02/13/2012,MKK,HI,AWP,WE,Federal Contract Tower,0,30,0,2,32,0,55,12,0,67,0,85,12,2,99,4,0,4,103
02/14/2012,MKK,HI,AWP,WE,Federal Contract Tower,0,32,0,0,32,0,38,7,3,48,0,70,7,3,80,0,6,6,86
02/15/2012,MKK,HI,AWP,WE,Federal Contract Tower,0,34,0,0,34,0,77,13,2,92,0,111,13,2,126,2,0,2,128
02/16/2012,MKK,HI,AWP,WE,Federal Contract Tower,0,20,1,0,21,0,2,0,0,2,0,22,1,0,23,0,0,0,23
02/17/2012,MKK,HI,AWP,WE,Federal Contract Tower,0,28,0,0,28,0,39,11,0,50,0,67,11,0,78,0,0,0,78
02/18/2012,MKK,HI,AWP,WE,Federal Contract Tower,0,23,0,0,23,0,40,10,0,50,0,63,10,0,73,0,0,0,73
02/19/2012,MKK,HI,AWP,WE,Federal Contract Tower,0,17,1,2,20,0,35,18,2,55,0,52,19,4,75,11,2,13,88
02/20/2012,MKK,HI,AWP,WE,Federal Contract Tower,0,30,1,0,31,0,64,16,0,80,0,94,17,0,111,10,0,10,121
02/21/2012,MKK,HI,AWP,WE,Federal Contract Tower,0,28,0,0,28,0,53,9,7,69,0,81,9,7,97,0,46,46,143
02/22/2012,MKK,HI,AWP,WE,Federal Contract Tower,0,28,0,2,30,0,1,0,0,1,0,29,0,2,31,22,0,22,53
02/23/2012,MKK,HI,AWP,WE,Federal Contract Tower,0,21,1,0,22,0,2,0,0,2,0,23,1,0,24,24,10,34,58
02/24/2012,MKK,HI,AWP,WE,Federal Contract Tower,0,26,0,0,26,0,44,23,0,67,0,70,23,0,93,12,0,12,105
02/25/2012,MKK,HI,AWP,WE,Federal Contract Tower,0,26,0,0,26,0,37,15,0,52,0,63,15,0,78,0,0,0,78
02/26/2012,MKK,HI,AWP,WE,Federal Contract Tower,0,23,0,0,23,0,38,9,0,47,0,61,9,0,70,0,0,0,70
02/27/2012,MKK,HI,AWP,WE,Federal Contract Tower,0,34,3,0,37,0,44,14,0,58,0,78,17,0,95,14,0,14,109
02/28/2012,MKK,HI,AWP,WE,Federal Contract Tower,0,33,3,0,36,0,54,12,0,66,0,87,15,0,102,2,0,2,104
02/29/2012,MKK,HI,AWP,WE,Federal Contract Tower,0,35,0,0,35,0,59,9,0,68,0,94,9,0,103,8,0,8,111
03/01/2012,MKK,HI,AWP,WE,Federal Contract Tower,0,25,0,0,25,0,62,11,0,73,0,87,11,0,98,22,0,22,120
03/02/2012,MKK,HI,AWP,WE,Federal Contract Tower,0,19,0,0,19,0,36,14,2,52,0,55,14,2,71,4,10,14,85
03/03/2012,MKK,HI,AWP,WE,Federal Contract Tower,0,21,0,2,23,0,47,17,0,64,0,68,17,2,87,2,0,2,89
03/04/2012,MKK,HI,AWP,WE,Federal Contract Tower,0,19,0,0,19,0,35,6,0,41,0,54,6,0,60,0,0,0,60
03/05/2012,MKK,HI,AWP,WE,Federal Contract Tower,0,40,0,0,40,0,45,9,0,54,0,85,9,0,94,2,0,2,96
03/06/2012,MKK,HI,AWP,WE,Federal Contract Tower,0,36,0,0,36,0,35,0,0,35,0,71,0,0,71,4,0,4,75
03/07/2012,MKK,HI,AWP,WE,Federal Contract Tower,0,35,1,2,38,0,72,11,3,86,0,107,12,5,124,4,52,56,180
03/08/2012,MKK,HI,AWP,WE,Federal Contract Tower,0,20,0,0,20,0,24,1,0,25,0,44,1,0,45,0,0,0,45
03/09/2012,MKK,HI,AWP,WE,Federal Contract Tower,0,24,0,0,24,0,42,3,0,45,0,66,3,0,69,0,0,0,69
03/10/2012,MKK,HI,AWP,WE,Federal Contract Tower,0,22,0,0,22,0,28,15,0,43,0,50,15,0,65,0,0,0,65
03/11/2012,MKK,HI,AWP,WE,Federal Contract Tower,0,18,0,0,18,0,33,5,0,38,0,51,5,0,56,0,0,0,56
03/12/2012,MKK,HI,AWP,WE,Federal Contract Tower,0,30,0,0,30,0,68,5,2,75,0,98,5,2,105,2,4,6,111
03/13/2012,MKK,HI,AWP,WE,Federal Contract Tower,0,21,1,1,23,0,47,9,2,58,0,68,10,3,81,6,0,6,87
03/14/2012,MKK,HI,AWP,WE,Federal Contract Tower,0,27,0,0,27,0,53,16,0,69,0,80,16,0,96,0,0,0,96
03/15/2012,MKK,HI,AWP,WE,Federal Contract Tower,0,20,0,0,20,0,47,18,2,67,0,67,18,2,87,12,12,24,111
03/16/2012,MKK,HI,AWP,WE,Federal Contract Tower,0,25,0,0,25,0,44,14,0,58,0,69,14,0,83,18,0,18,101
03/17/2012,MKK,HI,AWP,WE,Federal Contract Tower,0,21,0,0,21,0,44,18,0,62,0,65,18,0,83,12,0,12,95
03/18/2012,MKK,HI,AWP,WE,Federal Contract Tower,0,24,2,4,30,0,31,12,8,51,0,55,14,12,81,4,0,4,85
03/19/2012,MKK,HI,AWP,WE,Federal Contract Tower,0,21,0,0,21,0,57,7,2,66,0,78,7,2,87,4,18,22,109
03/20/2012,MKK,HI,AWP,WE,Federal Contract Tower,0,24,0,0,24,0,56,21,0,77,0,80,21,0,101,4,0,4,105
03/21/2012,MKK,HI,AWP,WE,Federal Contract Tower,0,28,0,0,28,0,63,2,0,65,0,91,2,0,93,6,0,6,99
03/22/2012,MKK,HI,AWP,WE,Federal Contract Tower,0,25,0,0,25,0,58,8,4,70,0,83,8,4,95,6,40,46,141
03/23/2012,MKK,HI,AWP,WE,Federal Contract Tower,0,27,0,1,28,0,47,11,0,58,0,74,11,1,86,4,2,6,92
03/24/2012,MKK,HI,AWP,WE,Federal Contract Tower,0,21,0,0,21,0,42,12,0,54,0,63,12,0,75,10,0,10,85
03/25/2012,MKK,HI,AWP,WE,Federal Contract Tower,0,22,2,0,24,0,36,9,0,45,0,58,11,0,69,4,0,4,73
03/26/2012,MKK,HI,AWP,WE,Federal Contract Tower,0,34,0,0,34,0,53,28,7,88,0,87,28,7,122,6,50,56,178
03/27/2012,MKK,HI,AWP,WE,Federal Contract Tower,0,27,0,0,27,0,55,12,4,71,0,82,12,4,98,4,12,16,114
03/28/2012,MKK,HI,AWP,WE,Federal Contract Tower,0,24,0,0,24,0,71,19,2,92,0,95,19,2,116,6,34,40,156
03/29/2012,MKK,HI,AWP,WE,Federal Contract Tower,0,22,0,0,22,0,47,23,0,70,0,69,23,0,92,30,0,30,122
03/30/2012,MKK,HI,AWP,WE,Federal Contract Tower,0,23,0,0,23,0,47,15,0,62,0,70,15,0,85,4,0,4,89
03/31/2012,MKK,HI,AWP,WE,Federal Contract Tower,0,22,0,0,22,0,37,14,0,51,0,59,14,0,73,6,0,6,79
04/01/2012,MKK,HI,AWP,WE,Federal Contract Tower,0,22,0,0,22,0,33,13,0,46,0,55,13,0,68,2,0,2,70
04/02/2012,MKK,HI,AWP,WE,Federal Contract Tower,0,27,0,2,29,0,58,12,3,73,0,85,12,5,102,12,0,12,114
04/03/2012,MKK,HI,AWP,WE,Federal Contract Tower,0,25,0,0,25,0,48,13,2,63,0,73,13,2,88,0,2,2,90
04/04/2012,MKK,HI,AWP,WE,Federal Contract Tower,0,40,0,0,40,0,63,5,0,68,0,103,5,0,108,8,1,9,117
04/05/2012,MKK,HI,AWP,WE,Federal Contract Tower,0,21,0,1,22,0,55,10,2,67,0,76,10,3,89,8,30,38,127
04/06/2012,MKK,HI,AWP,WE,Federal Contract Tower,0,28,0,0,28,0,46,22,0,68,0,74,22,0,96,12,0,12,108
04/07/2012,MKK,HI,AWP,WE,Federal Contract Tower,0,23,0,0,23,0,36,5,0,41,0,59,5,0,64,0,0,0,64
04/08/2012,MKK,HI,AWP,WE,Federal Contract Tower,0,26,4,0,30,0,38,12,0,50,0,64,16,0,80,2,0,2,82
04/09/2012,MKK,HI,AWP,WE,Federal Contract Tower,0,30,0,0,30,0,52,9,2,63,0,82,9,2,93,6,18,24,117
04/10/2012,MKK,HI,AWP,WE,Federal Contract Tower,0,31,0,0,31,0,47,0,0,47,0,78,0,0,78,0,0,0,78
04/11/2012,MKK,HI,AWP,WE,Federal Contract Tower,0,34,0,1,35,0,76,23,4,103,0,110,23,5,138,4,12,16,154
04/12/2012,MKK,HI,AWP,WE,Federal Contract Tower,0,22,5,0,27,0,58,25,3,86,0,80,30,3,113,16,6,22,135
04/13/2012,MKK,HI,AWP,WE,Federal Contract Tower,0,29,0,0,29,0,41,10,0,51,0,70,10,0,80,10,0,10,90
04/14/2012,MKK,HI,AWP,WE,Federal Contract Tower,0,28,0,0,28,0,39,9,1,49,0,67,9,1,77,8,2,10,87
04/15/2012,MKK,HI,AWP,WE,Federal Contract Tower,0,17,3,0,20,0,34,24,0,58,0,51,27,0,78,2,0,2,80
04/16/2012,MKK,HI,AWP,WE,Federal Contract Tower,0,26,0,0,26,0,47,12,4,63,0,73,12,4,89,6,16,22,111
04/17/2012,MKK,HI,AWP,WE,Federal Contract Tower,0,26,2,1,29,0,59,8,2,69,0,85,10,3,98,6,0,6,104
04/18/2012,MKK,HI,AWP,WE,Federal Contract Tower,0,27,0,4,31,0,63,11,2,76,0,90,11,6,107,0,0,0,107
04/19/2012,MKK,HI,AWP,WE,Federal Contract Tower,0,21,0,0,21,0,57,19,5,81,0,78,19,5,102,16,22,38,140
04/20/2012,MKK,HI,AWP,WE,Federal Contract Tower,0,26,0,2,28,0,39,21,1,61,0,65,21,3,89,2,0,2,91
04/21/2012,MKK,HI,AWP,WE,Federal Contract Tower,0,20,0,0,20,0,41,11,0,52,0,61,11,0,72,0,0,0,72
04/22/2012,MKK,HI,AWP,WE,Federal Contract Tower,0,20,0,0,20,0,37,15,0,52,0,57,15,0,72,0,0,0,72
04/23/2012,MKK,HI,AWP,WE,Federal Contract Tower,0,36,1,0,37,0,50,10,2,62,0,86,11,2,99,0,18,18,117
04/24/2012,MKK,HI,AWP,WE,Federal Contract Tower,0,28,0,0,28,0,42,10,0,52,0,70,10,0,80,0,0,0,80
04/25/2012,MKK,HI,AWP,WE,Federal Contract Tower,0,28,0,2,30,0,42,7,2,51,0,70,7,4,81,0,0,0,81
04/26/2012,MKK,HI,AWP,WE,Federal Contract Tower,0,21,0,0,21,0,58,17,0,75,0,79,17,0,96,28,0,28,124
04/27/2012,MKK,HI,AWP,WE,Federal Contract Tower,0,21,2,0,23,0,40,11,0,51,0,61,13,0,74,0,0,0,74
04/28/2012,MKK,HI,AWP,WE,Federal Contract Tower,0,20,0,0,20,0,42,12,0,54,0,62,12,0,74,12,0,12,86
04/29/2012,MKK,HI,AWP,WE,Federal Contract Tower,0,19,0,0,19,0,39,13,0,52,0,58,13,0,71,2,0,2,73
04/30/2012,MKK,HI,AWP,WE,Federal Contract Tower,0,34,0,0,34,0,45,20,2,67,0,79,20,2,101,0,4,4,105
05/01/2012,MKK,HI,AWP,WE,Federal Contract Tower,0,24,0,0,24,0,38,8,2,48,0,62,8,2,72,0,8,8,80
05/02/2012,MKK,HI,AWP,WE,Federal Contract Tower,0,30,0,0,30,0,40,9,2,51,0,70,9,2,81,6,20,26,107
05/03/2012,MKK,HI,AWP,WE,Federal Contract Tower,0,25,0,0,25,0,45,8,0,53,0,70,8,0,78,0,0,0,78
05/04/2012,MKK,HI,AWP,WE,Federal Contract Tower,0,27,0,0,27,0,36,15,0,51,0,63,15,0,78,0,0,0,78
05/05/2012,MKK,HI,AWP,WE,Federal Contract Tower,0,22,0,0,22,0,24,15,0,39,0,46,15,0,61,0,0,0,61
05/06/2012,MKK,HI,AWP,WE,Federal Contract Tower,0,17,0,0,17,0,33,11,0,44,0,50,11,0,61,12,0,12,73
05/07/2012,MKK,HI,AWP,WE,Federal Contract Tower,0,26,0,0,26,0,47,18,4,69,0,73,18,4,95,0,24,24,119
05/08/2012,MKK,HI,AWP,WE,Federal Contract Tower,0,24,1,5,30,0,51,6,7,64,0,75,7,12,94,0,0,0,94
05/09/2012,MKK,HI,AWP,WE,Federal Contract Tower,0,27,4,0,31,0,55,11,0,66,0,82,15,0,97,2,0,2,99
05/10/2012,MKK,HI,AWP,WE,Federal Contract Tower,0,19,2,0,21,0,46,12,2,60,0,65,14,2,81,0,0,0,81
05/11/2012,MKK,HI,AWP,WE,Federal Contract Tower,0,27,0,0,27,0,61,25,0,86,0,88,25,0,113,0,0,0,113
05/12/2012,MKK,HI,AWP,WE,Federal Contract Tower,0,20,0,0,20,0,48,11,0,59,0,68,11,0,79,0,0,0,79
05/13/2012,MKK,HI,AWP,WE,Federal Contract Tower,0,16,0,0,16,0,31,19,0,50,0,47,19,0,66,0,0,0,66
05/14/2012,MKK,HI,AWP,WE,Federal Contract Tower,0,24,0,0,24,0,55,17,0,72,0,79,17,0,96,6,0,6,102
05/15/2012,MKK,HI,AWP,WE,Federal Contract Tower,0,25,0,0,25,0,49,25,0,74,0,74,25,0,99,14,0,14,113
05/16/2012,MKK,HI,AWP,WE,Federal Contract Tower,0,27,0,0,27,0,69,28,0,97,0,96,28,0,124,8,0,8,132
05/17/2012,MKK,HI,AWP,WE,Federal Contract Tower,0,23,0,0,23,0,45,25,0,70,0,68,25,0,93,4,0,4,97
05/18/2012,MKK,HI,AWP,WE,Federal Contract Tower,0,24,0,0,24,0,42,12,0,54,0,66,12,0,78,8,0,8,86
05/19/2012,MKK,HI,AWP,WE,Federal Contract Tower,0,27,0,0,27,0,34,19,0,53,0,61,19,0,80,0,0,0,80
05/20/2012,MKK,HI,AWP,WE,Federal Contract Tower,0,21,0,0,21,0,37,8,0,45,0,58,8,0,66,2,0,2,68
05/21/2012,MKK,HI,AWP,WE,Federal Contract Tower,0,25,2,4,31,0,49,17,0,66,0,74,19,4,97,2,0,2,99
05/22/2012,MKK,HI,AWP,WE,Federal Contract Tower,0,25,2,1,28,0,40,9,0,49,0,65,11,1,77,6,0,6,83
05/23/2012,MKK,HI,AWP,WE,Federal Contract Tower,0,33,0,0,33,0,36,3,0,39,0,69,3,0,72,0,0,0,72
05/24/2012,MKK,HI,AWP,WE,Federal Contract Tower,0,24,1,0,25,0,53,12,19,84,0,77,13,19,109,2,0,2,111
05/25/2012,MKK,HI,AWP,WE,Federal Contract Tower,0,34,2,0,36,0,50,20,0,70,0,84,22,0,106,2,0,2,108
05/26/2012,MKK,HI,AWP,WE,Federal Contract Tower,0,23,0,0,23,0,38,15,0,53,0,61,15,0,76,8,0,8,84
05/27/2012,MKK,HI,AWP,WE,Federal Contract Tower,0,25,0,1,26,0,29,14,0,43,0,54,14,1,69,2,0,2,71
05/28/2012,MKK,HI,AWP,WE,Federal Contract Tower,0,24,0,0,24,0,44,17,0,61,0,68,17,0,85,6,0,6,91
05/29/2012,MKK,HI,AWP,WE,Federal Contract Tower,0,26,1,0,27,0,48,8,0,56,0,74,9,0,83,0,0,0,83
05/30/2012,MKK,HI,AWP,WE,Federal Contract Tower,0,31,0,1,32,0,42,5,0,47,0,73,5,1,79,0,0,0,79
05/31/2012,MKK,HI,AWP,WE,Federal Contract Tower,0,25,4,0,29,0,31,7,2,40,0,56,11,2,69,24,0,24,93
06/01/2012,MKK,HI,AWP,WE,Federal Contract Tower,0,33,0,0,33,0,27,14,0,41,0,60,14,0,74,6,0,6,80
06/02/2012,MKK,HI,AWP,WE,Federal Contract Tower,0,20,1,0,21,0,28,7,0,35,0,48,8,0,56,0,0,0,56
06/03/2012,MKK,HI,AWP,WE,Federal Contract Tower,0,17,0,0,17,0,36,9,0,45,0,53,9,0,62,0,0,0,62
06/04/2012,MKK,HI,AWP,WE,Federal Contract Tower,0,25,1,0,26,0,50,13,4,67,0,75,14,4,93,4,38,42,135
06/05/2012,MKK,HI,AWP,WE,Federal Contract Tower,0,32,0,2,34,0,49,3,4,56,0,81,3,6,90,2,2,4,94
06/06/2012,MKK,HI,AWP,WE,Federal Contract Tower,0,33,0,0,33,0,43,2,0,45,0,76,2,0,78,4,0,4,82
06/07/2012,MKK,HI,AWP,WE,Federal Contract Tower,0,25,1,0,26,0,39,20,0,59,0,64,21,0,85,8,0,8,93
06/08/2012,MKK,HI,AWP,WE,Federal Contract Tower,0,30,0,0,30,0,22,17,0,39,0,52,17,0,69,8,0,8,77
06/09/2012,MKK,HI,AWP,WE,Federal Contract Tower,0,23,2,0,25,0,26,27,0,53,0,49,29,0,78,2,0,2,80
06/10/2012,MKK,HI,AWP,WE,Federal Contract Tower,0,17,0,0,17,0,34,7,5,46,0,51,7,5,63,2,6,8,71
06/11/2012,MKK,HI,AWP,WE,Federal Contract Tower,0,25,0,0,25,0,55,7,4,66,0,80,7,4,91,10,0,10,101
06/12/2012,MKK,HI,AWP,WE,Federal Contract Tower,0,28,2,0,30,0,38,4,0,42,0,66,6,0,72,0,0,0,72
06/13/2012,MKK,HI,AWP,WE,Federal Contract Tower,0,24,0,0,24,0,48,34,4,86,0,72,34,4,110,8,38,46,156
06/14/2012,MKK,HI,AWP,WE,Federal Contract Tower,0,25,0,0,25,0,39,12,0,51,0,64,12,0,76,2,0,2,78
06/15/2012,MKK,HI,AWP,WE,Federal Contract Tower,0,23,0,0,23,0,52,18,0,70,0,75,18,0,93,6,0,6,99
06/16/2012,MKK,HI,AWP,WE,Federal Contract Tower,0,20,0,0,20,0,35,12,0,47,0,55,12,0,67,4,0,4,71
06/17/2012,MKK,HI,AWP,WE,Federal Contract Tower,0,15,0,0,15,0,27,5,0,32,0,42,5,0,47,0,0,0,47
06/18/2012,MKK,HI,AWP,WE,Federal Contract Tower,0,25,0,0,25,0,44,4,0,48,0,69,4,0,73,0,0,0,73
06/19/2012,MKK,HI,AWP,WE,Federal Contract Tower,0,32,0,1,33,0,42,0,0,42,0,74,0,1,75,0,0,0,75
06/20/2012,MKK,HI,AWP,WE,Federal Contract Tower,0,33,0,0,33,0,51,9,0,60,0,84,9,0,93,2,0,2,95
06/21/2012,MKK,HI,AWP,WE,Federal Contract Tower,0,23,0,4,27,0,42,16,1,59,0,65,16,5,86,12,0,12,98
06/22/2012,MKK,HI,AWP,WE,Federal Contract Tower,0,20,0,2,22,0,40,9,0,49,0,60,9,2,71,8,0,8,79
06/23/2012,MKK,HI,AWP,WE,Federal Contract Tower,0,22,0,0,22,0,46,10,0,56,0,68,10,0,78,2,0,2,80
06/24/2012,MKK,HI,AWP,WE,Federal Contract Tower,0,18,2,0,20,0,27,12,0,39,0,45,14,0,59,26,0,26,85
06/25/2012,MKK,HI,AWP,WE,Federal Contract Tower,0,32,2,0,34,0,45,11,0,56,0,77,13,0,90,0,0,0,90
06/26/2012,MKK,HI,AWP,WE,Federal Contract Tower,0,30,0,0,30,0,49,4,0,53,0,79,4,0,83,0,0,0,83
06/27/2012,MKK,HI,AWP,WE,Federal Contract Tower,0,35,0,0,35,0,58,6,0,64,0,93,6,0,99,0,0,0,99
06/28/2012,MKK,HI,AWP,WE,Federal Contract Tower,0,23,0,4,27,0,46,7,2,55,0,69,7,6,82,0,12,12,94
06/29/2012,MKK,HI,AWP,WE,Federal Contract Tower,0,22,0,2,24,0,52,16,0,68,0,74,16,2,92,2,0,2,94
06/30/2012,MKK,HI,AWP,WE,Federal Contract Tower,0,20,0,0,20,0,38,11,0,49,0,58,11,0,69,4,0,4,73
07/01/2012,MKK,HI,AWP,WE,Federal Contract Tower,0,16,0,2,18,0,40,10,1,51,0,56,10,3,69,0,0,0,69
07/02/2012,MKK,HI,AWP,WE,Federal Contract Tower,0,22,0,0,22,0,56,12,2,70,0,78,12,2,92,10,4,14,106
07/03/2012,MKK,HI,AWP,WE,Federal Contract Tower,0,30,0,0,30,0,55,14,0,69,0,85,14,0,99,0,0,0,99
07/04/2012,MKK,HI,AWP,WE,Federal Contract Tower,0,12,2,0,14,0,46,12,0,58,0,58,14,0,72,6,0,6,78
07/05/2012,MKK,HI,AWP,WE,Federal Contract Tower,0,22,0,2,24,0,52,14,0,66,0,74,14,2,90,12,0,12,102
07/06/2012,MKK,HI,AWP,WE,Federal Contract Tower,0,31,2,0,33,0,69,7,0,76,0,100,9,0,109,0,0,0,109
07/07/2012,MKK,HI,AWP,WE,Federal Contract Tower,0,36,0,0,36,0,70,5,0,75,0,106,5,0,111,0,0,0,111
07/08/2012,MKK,HI,AWP,WE,Federal Contract Tower,0,23,0,0,23,0,54,7,0,61,0,77,7,0,84,0,0,0,84
07/09/2012,MKK,HI,AWP,WE,Federal Contract Tower,0,28,0,0,28,0,56,11,1,68,0,84,11,1,96,2,0,2,98
07/10/2012,MKK,HI,AWP,WE,Federal Contract Tower,0,26,0,0,26,0,52,11,0,63,0,78,11,0,89,0,0,0,89
07/11/2012,MKK,HI,AWP,WE,Federal Contract Tower,0,21,0,0,21,0,41,6,0,47,0,62,6,0,68,0,0,0,68
07/12/2012,MKK,HI,AWP,WE,Federal Contract Tower,0,23,1,0,24,0,53,8,0,61,0,76,9,0,85,12,0,12,97
07/13/2012,MKK,HI,AWP,WE,Federal Contract Tower,0,21,0,1,22,0,44,17,0,61,0,65,17,1,83,10,2,12,95
07/14/2012,MKK,HI,AWP,WE,Federal Contract Tower,0,19,0,0,19,0,47,14,0,61,0,66,14,0,80,10,0,10,90
07/15/2012,MKK,HI,AWP,WE,Federal Contract Tower,0,18,4,0,22,0,40,22,0,62,0,58,26,0,84,0,0,0,84
07/16/2012,MKK,HI,AWP,WE,Federal Contract Tower,0,36,2,1,39,0,54,20,1,75,0,90,22,2,114,4,0,4,118
07/17/2012,MKK,HI,AWP,WE,Federal Contract Tower,0,26,0,0,26,0,51,10,2,63,0,77,10,2,89,0,0,0,89
07/18/2012,MKK,HI,AWP,WE,Federal Contract Tower,0,29,0,0,29,0,65,1,2,68,0,94,1,2,97,0,30,30,127
07/19/2012,MKK,HI,AWP,WE,Federal Contract Tower,0,23,2,2,27,0,59,15,0,74,0,82,17,2,101,4,0,4,105
07/20/2012,MKK,HI,AWP,WE,Federal Contract Tower,0,18,0,0,18,0,58,11,0,69,0,76,11,0,87,8,0,8,95
07/21/2012,MKK,HI,AWP,WE,Federal Contract Tower,0,15,0,0,15,0,34,12,0,46,0,49,12,0,61,2,0,2,63
07/22/2012,MKK,HI,AWP,WE,Federal Contract Tower,0,15,2,1,18,0,44,19,4,67,0,59,21,5,85,0,0,0,85
07/23/2012,MKK,HI,AWP,WE,Federal Contract Tower,0,28,3,2,33,0,52,25,2,79,0,80,28,4,112,4,0,4,116
07/24/2012,MKK,HI,AWP,WE,Federal Contract Tower,0,26,0,0,26,0,75,4,0,79,0,101,4,0,105,4,0,4,109
07/25/2012,MKK,HI,AWP,WE,Federal Contract Tower,0,29,2,0,31,0,29,19,3,51,0,58,21,3,82,8,0,8,90
07/26/2012,MKK,HI,AWP,WE,Federal Contract Tower,0,19,2,0,21,0,54,9,2,65,0,73,11,2,86,8,2,10,96
07/27/2012,MKK,HI,AWP,WE,Federal Contract Tower,0,22,1,0,23,0,61,28,0,89,0,83,29,0,112,4,0,4,116
07/28/2012,MKK,HI,AWP,WE,Federal Contract Tower,0,24,2,0,26,0,35,14,0,49,0,59,16,0,75,6,0,6,81
07/29/2012,MKK,HI,AWP,WE,Federal Contract Tower,0,28,0,0,28,0,42,12,2,56,0,70,12,2,84,0,0,0,84
07/30/2012,MKK,HI,AWP,WE,Federal Contract Tower,0,26,2,0,28,0,50,7,2,59,0,76,9,2,87,0,0,0,87
07/31/2012,MKK,HI,AWP,WE,Federal Contract Tower,0,25,0,0,25,0,63,3,0,66,0,88,3,0,91,2,0,2,93
08/01/2012,MKK,HI,AWP,WE,Federal Contract Tower,0,30,0,0,30,0,69,9,0,78,0,99,9,0,108,12,0,12,120
08/02/2012,MKK,HI,AWP,WE,Federal Contract Tower,0,19,0,0,19,0,57,6,2,65,0,76,6,2,84,4,10,14,98
08/03/2012,MKK,HI,AWP,WE,Federal Contract Tower,0,24,0,0,24,0,47,18,0,65,0,71,18,0,89,10,0,10,99
08/04/2012,MKK,HI,AWP,WE,Federal Contract Tower,0,15,0,0,15,0,36,7,0,43,0,51,7,0,58,4,0,4,62
08/05/2012,MKK,HI,AWP,WE,Federal Contract Tower,0,13,0,0,13,0,45,12,0,57,0,58,12,0,70,16,0,16,86
08/06/2012,MKK,HI,AWP,WE,Federal Contract Tower,0,24,0,3,27,0,58,17,6,81,0,82,17,9,108,2,20,22,130
08/07/2012,MKK,HI,AWP,WE,Federal Contract Tower,0,24,1,0,25,0,49,13,2,64,0,73,14,2,89,0,8,8,97
08/08/2012,MKK,HI,AWP,WE,Federal Contract Tower,0,25,0,0,25,0,63,4,12,79,0,88,4,12,104,4,12,16,120
08/09/2012,MKK,HI,AWP,WE,Federal Contract Tower,0,28,0,0,28,0,55,16,6,77,0,83,16,6,105,12,30,42,147
08/10/2012,MKK,HI,AWP,WE,Federal Contract Tower,0,17,0,0,17,0,51,9,0,60,0,68,9,0,77,2,0,2,79
08/11/2012,MKK,HI,AWP,WE,Federal Contract Tower,0,22,0,0,22,0,44,20,1,65,0,66,20,1,87,0,0,0,87
08/12/2012,MKK,HI,AWP,WE,Federal Contract Tower,0,19,1,0,20,0,43,19,4,66,0,62,20,4,86,0,0,0,86
08/13/2012,MKK,HI,AWP,WE,Federal Contract Tower,0,21,0,0,21,0,53,7,0,60,0,74,7,0,81,0,0,0,81
08/14/2012,MKK,HI,AWP,WE,Federal Contract Tower,0,30,0,0,30,0,50,8,2,60,0,80,8,2,90,0,2,2,92
08/15/2012,MKK,HI,AWP,WE,Federal Contract Tower,0,30,1,0,31,0,69,8,0,77,0,99,9,0,108,4,0,4,112
08/16/2012,MKK,HI,AWP,WE,Federal Contract Tower,0,29,0,3,32,0,60,23,1,84,0,89,23,4,116,2,0,2,118
08/17/2012,MKK,HI,AWP,WE,Federal Contract Tower,0,21,0,0,21,0,54,13,2,69,0,75,13,2,90,2,2,4,94
08/18/2012,MKK,HI,AWP,WE,Federal Contract Tower,0,25,0,0,25,0,46,12,0,58,0,71,12,0,83,2,0,2,85
08/19/2012,MKK,HI,AWP,WE,Federal Contract Tower,0,18,0,0,18,0,42,10,0,52,0,60,10,0,70,2,0,2,72
08/20/2012,MKK,HI,AWP,WE,Federal Contract Tower,0,34,1,0,35,0,57,20,0,77,0,91,21,0,112,4,0,4,116
08/21/2012,MKK,HI,AWP,WE,Federal Contract Tower,0,24,0,1,25,0,51,4,2,57,0,75,4,3,82,0,0,0,82
08/22/2012,MKK,HI,AWP,WE,Federal Contract Tower,0,22,6,0,28,0,77,13,2,92,0,99,19,2,120,0,42,42,162
08/23/2012,MKK,HI,AWP,WE,Federal Contract Tower,0,23,0,0,23,0,63,14,2,79,0,86,14,2,102,0,46,46,148
08/24/2012,MKK,HI,AWP,WE,Federal Contract Tower,0,23,0,0,23,0,54,6,0,60,0,77,6,0,83,2,0,2,85
08/25/2012,MKK,HI,AWP,WE,Federal Contract Tower,0,17,0,0,17,0,29,6,2,37,0,46,6,2,54,0,0,0,54
08/26/2012,MKK,HI,AWP,WE,Federal Contract Tower,0,18,2,0,20,0,36,12,0,48,0,54,14,0,68,10,0,10,78
08/27/2012,MKK,HI,AWP,WE,Federal Contract Tower,0,26,0,0,26,0,56,6,0,62,0,82,6,0,88,0,0,0,88
08/28/2012,MKK,HI,AWP,WE,Federal Contract Tower,0,30,1,2,33,0,45,7,4,56,0,75,8,6,89,4,18,22,111
08/29/2012,MKK,HI,AWP,WE,Federal Contract Tower,0,33,0,9,42,0,71,8,5,84,0,104,8,14,126,0,0,0,126
08/30/2012,MKK,HI,AWP,WE,Federal Contract Tower,0,24,2,0,26,0,70,26,2,98,0,94,28,2,124,0,12,12,136
08/31/2012,MKK,HI,AWP,WE,Federal Contract Tower,0,19,3,0,22,0,46,10,0,56,0,65,13,0,78,0,0,0,78
09/01/2012,MKK,HI,AWP,WE,Federal Contract Tower,0,17,0,0,17,0,43,7,0,50,0,60,7,0,67,0,2,2,69
09/02/2012,MKK,HI,AWP,WE,Federal Contract Tower,0,18,0,0,18,0,45,11,1,57,0,63,11,1,75,0,0,0,75
09/03/2012,MKK,HI,AWP,WE,Federal Contract Tower,0,18,0,0,18,0,43,13,0,56,0,61,13,0,74,0,0,0,74
09/04/2012,MKK,HI,AWP,WE,Federal Contract Tower,0,29,0,0,29,0,45,8,0,53,0,74,8,0,82,0,0,0,82
09/05/2012,MKK,HI,AWP,WE,Federal Contract Tower,0,22,0,4,26,0,54,13,9,76,0,76,13,13,102,0,28,28,130
09/06/2012,MKK,HI,AWP,WE,Federal Contract Tower,0,26,0,0,26,0,52,15,2,69,0,78,15,2,95,0,0,0,95
09/07/2012,MKK,HI,AWP,WE,Federal Contract Tower,0,24,0,0,24,0,49,13,2,64,0,73,13,2,88,0,0,0,88
09/08/2012,MKK,HI,AWP,WE,Federal Contract Tower,0,22,0,0,22,0,52,11,2,65,0,74,11,2,87,2,0,2,89
09/09/2012,MKK,HI,AWP,WE,Federal Contract Tower,0,17,0,0,17,0,36,13,2,51,0,53,13,2,68,2,0,2,70
09/10/2012,MKK,HI,AWP,WE,Federal Contract Tower,0,31,0,0,31,0,56,2,2,60,0,87,2,2,91,0,0,0,91
09/11/2012,MKK,HI,AWP,WE,Federal Contract Tower,0,18,0,0,18,0,48,2,0,50,0,66,2,0,68,0,0,0,68
09/12/2012,MKK,HI,AWP,WE,Federal Contract Tower,0,23,0,0,23,0,51,12,0,63,0,74,12,0,86,6,0,6,92
09/13/2012,MKK,HI,AWP,WE,Federal Contract Tower,0,24,0,0,24,0,39,15,0,54,0,63,15,0,78,0,0,0,78
09/14/2012,MKK,HI,AWP,WE,Federal Contract Tower,0,26,0,0,26,0,37,2,0,39,0,63,2,0,65,0,0,0,65
09/15/2012,MKK,HI,AWP,WE,Federal Contract Tower,0,19,0,0,19,0,42,12,0,54,0,61,12,0,73,10,0,10,83
09/16/2012,MKK,HI,AWP,WE,Federal Contract Tower,0,18,0,0,18,0,51,15,0,66,0,69,15,0,84,0,0,0,84
09/17/2012,MKK,HI,AWP,WE,Federal Contract Tower,0,27,0,0,27,0,45,10,4,59,0,72,10,4,86,12,0,12,98
09/18/2012,MKK,HI,AWP,WE,Federal Contract Tower,0,29,0,0,29,0,48,2,0,50,0,77,2,0,79,0,0,0,79
09/19/2012,MKK,HI,AWP,WE,Federal Contract Tower,0,31,0,0,31,0,58,27,2,87,0,89,27,2,118,18,0,18,136
09/20/2012,MKK,HI,AWP,WE,Federal Contract Tower,0,35,0,0,35,0,66,13,0,79,0,101,13,0,114,8,0,8,122
09/21/2012,MKK,HI,AWP,WE,Federal Contract Tower,0,30,0,0,30,0,71,44,2,117,0,101,44,2,147,8,0,8,155
09/22/2012,MKK,HI,AWP,WE,Federal Contract Tower,0,23,0,0,23,0,65,38,0,103,0,88,38,0,126,16,0,16,142
09/23/2012,MKK,HI,AWP,WE,Federal Contract Tower,0,22,0,0,22,0,42,7,0,49,0,64,7,0,71,2,0,2,73
09/24/2012,MKK,HI,AWP,WE,Federal Contract Tower,0,25,0,0,25,0,53,8,0,61,0,78,8,0,86,4,0,4,90
09/25/2012,MKK,HI,AWP,WE,Federal Contract Tower,0,26,1,0,27,0,59,7,0,66,0,85,8,0,93,0,0,0,93
09/26/2012,MKK,HI,AWP,WE,Federal Contract Tower,0,30,0,0,30,0,75,8,0,83,0,105,8,0,113,4,0,4,117
09/27/2012,MKK,HI,AWP,WE,Federal Contract Tower,0,27,0,0,27,0,62,20,0,82,0,89,20,0,109,2,0,2,111
09/28/2012,MKK,HI,AWP,WE,Federal Contract Tower,0,27,0,0,27,0,53,14,0,67,0,80,14,0,94,0,0,0,94
09/29/2012,MKK,HI,AWP,WE,Federal Contract Tower,0,21,0,0,21,0,43,17,0,60,0,64,17,0,81,10,0,10,91
09/30/2012,MKK,HI,AWP,WE,Federal Contract Tower,0,18,0,0,18,0,47,11,2,60,0,65,11,2,78,2,0,2,80
10/01/2012,MKK,HI,AWP,WE,Federal Contract Tower,0,23,0,0,23,0,55,10,4,69,0,78,10,4,92,12,10,22,114
10/02/2012,MKK,HI,AWP,WE,Federal Contract Tower,0,21,0,0,21,0,44,7,0,51,0,65,7,0,72,0,0,0,72
10/03/2012,MKK,HI,AWP,WE,Federal Contract Tower,0,27,0,0,27,0,66,11,0,77,0,93,11,0,104,4,0,4,108
10/04/2012,MKK,HI,AWP,WE,Federal Contract Tower,0,28,0,0,28,0,63,12,0,75,0,91,12,0,103,2,0,2,105
10/05/2012,MKK,HI,AWP,WE,Federal Contract Tower,0,28,0,0,28,0,73,22,2,97,0,101,22,2,125,0,4,4,129
10/06/2012,MKK,HI,AWP,WE,Federal Contract Tower,0,24,0,0,24,0,135,29,0,164,0,159,29,0,188,18,0,18,206
10/07/2012,MKK,HI,AWP,WE,Federal Contract Tower,0,22,0,0,22,0,38,17,2,57,0,60,17,2,79,0,0,0,79
10/08/2012,MKK,HI,AWP,WE,Federal Contract Tower,0,22,0,0,22,0,47,9,0,56,0,69,9,0,78,2,0,2,80
10/09/2012,MKK,HI,AWP,WE,Federal Contract Tower,0,25,0,0,25,0,53,6,4,63,0,78,6,4,88,0,10,10,98
10/10/2012,MKK,HI,AWP,WE,Federal Contract Tower,0,23,0,0,23,0,73,4,2,79,0,96,4,2,102,0,12,12,114
10/11/2012,MKK,HI,AWP,WE,Federal Contract Tower,0,27,0,0,27,0,74,5,0,79,0,101,5,0,106,0,0,0,106
10/12/2012,MKK,HI,AWP,WE,Federal Contract Tower,0,21,2,0,23,0,48,15,0,63,0,69,17,0,86,10,0,10,96
10/13/2012,MKK,HI,AWP,WE,Federal Contract Tower,0,18,0,0,18,0,38,16,1,55,0,56,16,1,73,6,0,6,79
10/14/2012,MKK,HI,AWP,WE,Federal Contract Tower,0,19,0,0,19,0,46,4,0,50,0,65,4,0,69,0,0,0,69
10/15/2012,MKK,HI,AWP,WE,Federal Contract Tower,0,28,0,0,28,0,63,9,0,72,0,91,9,0,100,2,0,2,102
10/16/2012,MKK,HI,AWP,WE,Federal Contract Tower,0,25,0,0,25,0,58,12,0,70,0,83,12,0,95,16,0,16,111
10/17/2012,MKK,HI,AWP,WE,Federal Contract Tower,0,25,0,0,25,0,0,0,0,0,0,25,0,0,25,0,0,0,25
10/18/2012,MKK,HI,AWP,WE,Federal Contract Tower,0,27,0,0,27,0,0,0,0,0,0,27,0,0,27,0,0,0,27
10/19/2012,MKK,HI,AWP,WE,Federal Contract Tower,0,28,0,0,28,0,0,0,0,0,0,28,0,0,28,2,0,2,30
10/20/2012,MKK,HI,AWP,WE,Federal Contract Tower,0,16,0,0,16,0,47,13,0,60,0,63,13,0,76,0,0,0,76
10/21/2012,MKK,HI,AWP,WE,Federal Contract Tower,0,16,0,0,16,0,41,18,0,59,0,57,18,0,75,2,0,2,77
10/22/2012,MKK,HI,AWP,WE,Federal Contract Tower,0,22,0,0,22,0,58,13,2,73,0,80,13,2,95,0,22,22,117
10/23/2012,MKK,HI,AWP,WE,Federal Contract Tower,0,20,0,0,20,0,54,9,0,63,0,74,9,0,83,0,0,0,83
10/24/2012,MKK,HI,AWP,WE,Federal Contract Tower,0,28,0,0,28,0,62,6,2,70,0,90,6,2,98,4,10,14,112
10/25/2012,MKK,HI,AWP,WE,Federal Contract Tower,0,25,0,0,25,0,55,5,4,64,0,80,5,4,89,0,12,12,101
10/26/2012,MKK,HI,AWP,WE,Federal Contract Tower,0,24,2,0,26,0,52,18,0,70,0,76,20,0,96,0,0,0,96
10/27/2012,MKK,HI,AWP,WE,Federal Contract Tower,0,16,0,0,16,0,36,2,0,38,0,52,2,0,54,0,0,0,54
10/28/2012,MKK,HI,AWP,WE,Federal Contract Tower,0,13,0,0,13,0,44,11,0,55,0,57,11,0,68,0,0,0,68
10/29/2012,MKK,HI,AWP,WE,Federal Contract Tower,0,21,0,0,21,0,50,12,0,62,0,71,12,0,83,0,0,0,83
10/30/2012,MKK,HI,AWP,WE,Federal Contract Tower,0,21,0,0,21,0,56,11,0,67,0,77,11,0,88,4,0,4,92
10/31/2012,MKK,HI,AWP,WE,Federal Contract Tower,0,16,0,0,16,0,63,16,0,79,0,79,16,0,95,0,0,0,95
11/01/2012,MKK,HI,AWP,WE,Federal Contract Tower,0,21,0,0,21,0,42,10,0,52,0,63,10,0,73,10,2,12,85
11/02/2012,MKK,HI,AWP,WE,Federal Contract Tower,0,19,0,0,19,0,48,15,0,63,0,67,15,0,82,16,0,16,98
11/03/2012,MKK,HI,AWP,WE,Federal Contract Tower,0,16,1,0,17,0,43,6,0,49,0,59,7,0,66,0,0,0,66
11/04/2012,MKK,HI,AWP,WE,Federal Contract Tower,0,12,1,2,15,0,37,11,2,50,0,49,12,4,65,2,0,2,67
11/05/2012,MKK,HI,AWP,WE,Federal Contract Tower,0,17,2,3,22,0,45,12,2,59,0,62,14,5,81,6,0,6,87
11/06/2012,MKK,HI,AWP,WE,Federal Contract Tower,0,18,0,0,18,0,47,5,0,52,0,65,5,0,70,10,0,10,80
11/07/2012,MKK,HI,AWP,WE,Federal Contract Tower,0,21,0,2,23,0,60,15,2,77,0,81,15,4,100,0,0,0,100
11/08/2012,MKK,HI,AWP,WE,Federal Contract Tower,0,23,0,0,23,0,51,15,2,68,0,74,15,2,91,16,0,16,107
11/09/2012,MKK,HI,AWP,WE,Federal Contract Tower,0,18,0,0,18,0,57,16,0,73,0,75,16,0,91,2,0,2,93
11/10/2012,MKK,HI,AWP,WE,Federal Contract Tower,0,18,0,0,18,0,40,19,0,59,0,58,19,0,77,0,0,0,77
11/11/2012,MKK,HI,AWP,WE,Federal Contract Tower,0,10,0,0,10,0,39,11,0,50,0,49,11,0,60,0,0,0,60
11/12/2012,MKK,HI,AWP,WE,Federal Contract Tower,0,15,0,0,15,0,39,15,0,54,0,54,15,0,69,0,0,0,69
11/13/2012,MKK,HI,AWP,WE,Federal Contract Tower,0,17,0,0,17,0,31,12,2,45,0,48,12,2,62,0,10,10,72
11/14/2012,MKK,HI,AWP,WE,Federal Contract Tower,0,15,0,0,15,0,49,16,4,69,0,64,16,4,84,2,28,30,114
11/15/2012,MKK,HI,AWP,WE,Federal Contract Tower,0,19,2,0,21,0,50,11,1,62,0,69,13,1,83,0,4,4,87
11/16/2012,MKK,HI,AWP,WE,Federal Contract Tower,0,15,0,0,15,0,58,4,0,62,0,73,4,0,77,0,0,0,77
11/17/2012,MKK,HI,AWP,WE,Federal Contract Tower,0,13,0,0,13,0,47,4,0,51,0,60,4,0,64,2,0,2,66
11/18/2012,MKK,HI,AWP,WE,Federal Contract Tower,0,8,0,0,8,0,33,15,0,48,0,41,15,0,56,2,0,2,58
11/19/2012,MKK,HI,AWP,WE,Federal Contract Tower,0,17,1,1,19,0,38,10,2,50,0,55,11,3,69,8,10,18,87
11/20/2012,MKK,HI,AWP,WE,Federal Contract Tower,0,16,0,4,20,0,54,7,0,61,0,70,7,4,81,2,0,2,83
11/21/2012,MKK,HI,AWP,WE,Federal Contract Tower,0,18,0,0,18,0,90,34,0,124,0,108,34,0,142,22,0,22,164
11/22/2012,MKK,HI,AWP,WE,Federal Contract Tower,0,7,0,0,7,29,8,0,0,37,29,15,0,0,44,0,0,0,44
11/23/2012,MKK,HI,AWP,WE,Federal Contract Tower,0,18,0,0,18,0,39,16,0,55,0,57,16,0,73,10,0,10,83
11/24/2012,MKK,HI,AWP,WE,Federal Contract Tower,0,15,4,0,19,0,47,19,0,66,0,62,23,0,85,6,0,6,91
11/25/2012,MKK,HI,AWP,WE,Federal Contract Tower,0,10,0,0,10,0,37,17,0,54,0,47,17,0,64,0,0,0,64
11/26/2012,MKK,HI,AWP,WE,Federal Contract Tower,0,21,2,1,24,0,52,17,4,73,0,73,19,5,97,10,14,24,121
11/27/2012,MKK,HI,AWP,WE,Federal Contract Tower,0,18,1,0,19,0,50,9,6,65,0,68,10,6,84,2,16,18,102
11/28/2012,MKK,HI,AWP,WE,Federal Contract Tower,0,23,0,0,23,0,66,10,4,80,0,89,10,4,103,6,20,26,129
11/29/2012,MKK,HI,AWP,WE,Federal Contract Tower,0,22,0,0,22,0,58,6,2,66,0,80,6,2,88,2,12,14,102
11/30/2012,MKK,HI,AWP,WE,Federal Contract Tower,0,18,0,0,18,0,47,13,0,60,0,65,13,0,78,6,0,6,84
12/01/2012,MKK,HI,AWP,WE,Federal Contract Tower,0,16,0,0,16,0,31,7,0,38,0,47,7,0,54,20,0,20,74
12/02/2012,MKK,HI,AWP,WE,Federal Contract Tower,0,14,0,0,14,0,47,2,0,49,0,61,2,0,63,0,0,0,63
12/03/2012,MKK,HI,AWP,WE,Federal Contract Tower,0,32,2,0,34,0,47,8,4,59,0,79,10,4,93,0,18,18,111
12/04/2012,MKK,HI,AWP,WE,Federal Contract Tower,0,24,0,0,24,0,44,12,3,59,0,68,12,3,83,18,28,46,129
12/05/2012,MKK,HI,AWP,WE,Federal Contract Tower,0,37,0,0,37,0,64,5,0,69,0,101,5,0,106,0,0,0,106
12/06/2012,MKK,HI,AWP,WE,Federal Contract Tower,0,18,1,0,19,0,59,11,0,70,0,77,12,0,89,20,0,20,109
12/07/2012,MKK,HI,AWP,WE,Federal Contract Tower,0,19,0,0,19,0,46,9,0,55,0,65,9,0,74,6,0,6,80
12/08/2012,MKK,HI,AWP,WE,Federal Contract Tower,0,17,0,0,17,0,50,9,0,59,0,67,9,0,76,12,0,12,88
12/09/2012,MKK,HI,AWP,WE,Federal Contract Tower,0,11,1,0,12,0,38,9,0,47,0,49,10,0,59,0,0,0,59
12/10/2012,MKK,HI,AWP,WE,Federal Contract Tower,0,26,0,0,26,0,59,14,0,73,0,85,14,0,99,4,0,4,103
12/11/2012,MKK,HI,AWP,WE,Federal Contract Tower,0,19,0,0,19,0,50,6,4,60,0,69,6,4,79,16,40,56,135
12/12/2012,MKK,HI,AWP,WE,Federal Contract Tower,0,20,0,0,20,0,67,7,0,74,0,87,7,0,94,6,0,6,100
12/13/2012,MKK,HI,AWP,WE,Federal Contract Tower,0,24,0,0,24,0,56,15,0,71,0,80,15,0,95,6,0,6,101
12/14/2012,MKK,HI,AWP,WE,Federal Contract Tower,0,15,0,0,15,0,60,10,0,70,0,75,10,0,85,0,0,0,85
12/15/2012,MKK,HI,AWP,WE,Federal Contract Tower,0,13,0,0,13,0,55,33,0,88,0,68,33,0,101,18,0,18,119
12/16/2012,MKK,HI,AWP,WE,Federal Contract Tower,0,12,0,0,12,0,38,4,0,42,0,50,4,0,54,2,0,2,56
12/17/2012,MKK,HI,AWP,WE,Federal Contract Tower,0,33,3,0,36,0,61,18,0,79,0,94,21,0,115,0,0,0,115
12/18/2012,MKK,HI,AWP,WE,Federal Contract Tower,0,26,0,0,26,0,53,5,0,58,0,79,5,0,84,0,0,0,84
12/19/2012,MKK,HI,AWP,WE,Federal Contract Tower,0,26,0,0,26,0,57,3,1,61,0,83,3,1,87,0,0,0,87
12/20/2012,MKK,HI,AWP,WE,Federal Contract Tower,0,27,0,0,27,0,63,3,1,67,0,90,3,1,94,0,0,0,94
12/21/2012,MKK,HI,AWP,WE,Federal Contract Tower,0,20,0,0,20,0,60,13,0,73,0,80,13,0,93,2,0,2,95
12/22/2012,MKK,HI,AWP,WE,Federal Contract Tower,0,22,0,0,22,0,56,28,0,84,0,78,28,0,106,42,0,42,148
12/23/2012,MKK,HI,AWP,WE,Federal Contract Tower,0,17,1,0,18,0,38,10,0,48,0,55,11,0,66,6,0,6,72
12/24/2012,MKK,HI,AWP,WE,Federal Contract Tower,0,29,0,0,29,0,57,4,2,63,0,86,4,2,92,6,0,6,98
12/25/2012,MKK,HI,AWP,WE,Federal Contract Tower,0,13,0,0,13,0,34,8,0,42,0,47,8,0,55,4,0,4,59
12/26/2012,MKK,HI,AWP,WE,Federal Contract Tower,0,19,3,0,22,0,58,14,1,73,0,77,17,1,95,18,0,18,113
12/27/2012,MKK,HI,AWP,WE,Federal Contract Tower,0,19,0,0,19,0,49,10,0,59,0,68,10,0,78,18,0,18,96
12/28/2012,MKK,HI,AWP,WE,Federal Contract Tower,0,20,0,0,20,0,46,17,0,63,0,66,17,0,83,14,0,14,97
12/29/2012,MKK,HI,AWP,WE,Federal Contract Tower,0,15,0,0,15,0,38,9,1,48,0,53,9,1,63,4,0,4,67
12/30/2012,MKK,HI,AWP,WE,Federal Contract Tower,0,25,1,0,26,0,43,2,0,45,0,68,3,0,71,0,0,0,71
12/31/2012,MKK,HI,AWP,WE,Federal Contract Tower,0,18,0,0,18,0,50,20,0,70,0,68,20,0,88,4,0,4,92
01/01/2013,MKK,HI,AWP,WE,Federal Contract Tower,0,26,0,0,26,0,18,3,1,22,0,44,3,1,48,0,0,0,48
01/02/2013,MKK,HI,AWP,WE,Federal Contract Tower,0,36,0,0,36,0,33,2,0,35,0,69,2,0,71,0,0,0,71
01/03/2013,MKK,HI,AWP,WE,Federal Contract Tower,0,34,0,0,34,0,25,2,0,27,0,59,2,0,61,0,0,0,61
01/04/2013,MKK,HI,AWP,WE,Federal Contract Tower,0,27,2,0,29,0,35,8,0,43,0,62,10,0,72,0,0,0,72
01/05/2013,MKK,HI,AWP,WE,Federal Contract Tower,0,21,0,0,21,0,29,4,0,33,0,50,4,0,54,0,0,0,54
01/06/2013,MKK,HI,AWP,WE,Federal Contract Tower,0,17,1,0,18,0,39,5,0,44,0,56,6,0,62,0,0,0,62
01/07/2013,MKK,HI,AWP,WE,Federal Contract Tower,0,17,5,0,22,0,48,20,5,73,0,65,25,5,95,10,12,22,117
01/08/2013,MKK,HI,AWP,WE,Federal Contract Tower,0,17,4,0,21,0,42,7,2,51,0,59,11,2,72,0,12,12,84
01/09/2013,MKK,HI,AWP,WE,Federal Contract Tower,0,22,1,0,23,0,59,5,1,65,0,81,6,1,88,8,0,8,96
01/10/2013,MKK,HI,AWP,WE,Federal Contract Tower,0,22,1,0,23,0,51,10,0,61,0,73,11,0,84,6,0,6,90
01/11/2013,MKK,HI,AWP,WE,Federal Contract Tower,0,16,4,0,20,0,52,17,2,71,0,68,21,2,91,2,2,4,95
01/12/2013,MKK,HI,AWP,WE,Federal Contract Tower,0,20,0,2,22,0,58,11,0,69,0,78,11,2,91,0,0,0,91
01/13/2013,MKK,HI,AWP,WE,Federal Contract Tower,0,11,0,0,11,0,27,14,0,41,0,38,14,0,52,6,0,6,58
01/14/2013,MKK,HI,AWP,WE,Federal Contract Tower,0,29,2,0,31,0,44,5,2,51,0,73,7,2,82,2,14,16,98
01/15/2013,MKK,HI,AWP,WE,Federal Contract Tower,0,21,0,0,21,0,46,13,2,61,0,67,13,2,82,0,0,0,82
01/16/2013,MKK,HI,AWP,WE,Federal Contract Tower,0,23,0,0,23,0,68,12,2,82,0,91,12,2,105,4,0,4,109
01/17/2013,MKK,HI,AWP,WE,Federal Contract Tower,0,16,2,2,20,0,48,8,0,56,0,64,10,2,76,4,4,8,84
01/18/2013,MKK,HI,AWP,WE,Federal Contract Tower,0,18,0,0,18,0,60,14,0,74,0,78,14,0,92,16,0,16,108
01/19/2013,MKK,HI,AWP,WE,Federal Contract Tower,0,19,0,0,19,0,48,5,0,53,0,67,5,0,72,4,0,4,76
01/20/2013,MKK,HI,AWP,WE,Federal Contract Tower,0,10,0,0,10,0,34,6,0,40,0,44,6,0,50,4,0,4,54
01/21/2013,MKK,HI,AWP,WE,Federal Contract Tower,0,17,2,0,19,0,42,14,0,56,0,59,16,0,75,2,0,2,77
01/22/2013,MKK,HI,AWP,WE,Federal Contract Tower,0,20,0,2,22,0,50,4,0,54,0,70,4,2,76,0,0,0,76
01/23/2013,MKK,HI,AWP,WE,Federal Contract Tower,0,22,0,0,22,0,52,5,0,57,0,74,5,0,79,0,0,0,79
01/24/2013,MKK,HI,AWP,WE,Federal Contract Tower,0,24,1,2,27,0,59,13,3,75,0,83,14,5,102,28,12,40,142
01/25/2013,MKK,HI,AWP,WE,Federal Contract Tower,0,18,0,0,18,0,69,20,0,89,0,87,20,0,107,4,0,4,111
01/26/2013,MKK,HI,AWP,WE,Federal Contract Tower,0,21,0,0,21,0,43,12,0,55,0,64,12,0,76,14,0,14,90
01/27/2013,MKK,HI,AWP,WE,Federal Contract Tower,0,15,1,0,16,0,40,12,0,52,0,55,13,0,68,0,0,0,68
01/28/2013,MKK,HI,AWP,WE,Federal Contract Tower,0,38,0,0,38,0,46,4,0,50,0,84,4,0,88,0,0,0,88
01/29/2013,MKK,HI,AWP,WE,Federal Contract Tower,0,28,1,1,30,0,33,5,2,40,0,61,6,3,70,0,0,0,70
01/30/2013,MKK,HI,AWP,WE,Federal Contract Tower,0,23,0,0,23,0,56,15,2,73,0,79,15,2,96,4,2,6,102
01/31/2013,MKK,HI,AWP,WE,Federal Contract Tower,0,23,1,0,24,0,66,12,4,82,0,89,13,4,106,48,36,84,190
02/01/2013,MKK,HI,AWP,WE,Federal Contract Tower,0,14,0,0,14,0,57,8,0,65,0,71,8,0,79,0,0,0,79
02/02/2013,MKK,HI,AWP,WE,Federal Contract Tower,0,18,0,0,18,0,52,17,1,70,0,70,17,1,88,8,0,8,96
02/03/2013,MKK,HI,AWP,WE,Federal Contract Tower,0,9,0,0,9,0,32,8,0,40,0,41,8,0,49,4,0,4,53
02/04/2013,MKK,HI,AWP,WE,Federal Contract Tower,0,23,0,3,26,0,49,10,1,60,0,72,10,4,86,10,0,10,96
02/05/2013,MKK,HI,AWP,WE,Federal Contract Tower,0,28,0,0,28,0,45,7,0,52,0,73,7,0,80,6,0,6,86
02/06/2013,MKK,HI,AWP,WE,Federal Contract Tower,0,25,0,2,27,0,57,5,2,64,0,82,5,4,91,0,18,18,109
02/07/2013,MKK,HI,AWP,WE,Federal Contract Tower,0,18,0,0,18,0,47,2,0,49,0,65,2,0,67,10,0,10,77
02/08/2013,MKK,HI,AWP,WE,Federal Contract Tower,0,14,4,0,18,0,55,5,0,60,0,69,9,0,78,0,0,0,78
02/09/2013,MKK,HI,AWP,WE,Federal Contract Tower,0,17,0,0,17,0,38,16,0,54,0,55,16,0,71,6,0,6,77
02/10/2013,MKK,HI,AWP,WE,Federal Contract Tower,0,17,2,0,19,0,39,16,0,55,0,56,18,0,74,0,0,0,74
02/11/2013,MKK,HI,AWP,WE,Federal Contract Tower,0,24,0,2,26,0,52,4,2,58,0,76,4,4,84,2,0,2,86
02/12/2013,MKK,HI,AWP,WE,Federal Contract Tower,0,29,0,2,31,0,46,12,6,64,0,75,12,8,95,6,6,12,107
02/13/2013,MKK,HI,AWP,WE,Federal Contract Tower,0,24,0,0,24,0,78,13,0,91,0,102,13,0,115,26,0,26,141
02/14/2013,MKK,HI,AWP,WE,Federal Contract Tower,0,18,0,0,18,0,51,10,0,61,0,69,10,0,79,8,0,8,87
02/15/2013,MKK,HI,AWP,WE,Federal Contract Tower,0,18,0,0,18,0,40,14,1,55,0,58,14,1,73,8,0,8,81
02/16/2013,MKK,HI,AWP,WE,Federal Contract Tower,0,15,0,0,15,0,43,9,0,52,0,58,9,0,67,0,0,0,67
02/17/2013,MKK,HI,AWP,WE,Federal Contract Tower,0,12,1,0,13,0,36,11,2,49,0,48,12,2,62,2,0,2,64
02/18/2013,MKK,HI,AWP,WE,Federal Contract Tower,0,18,0,0,18,0,52,5,0,57,0,70,5,0,75,0,0,0,75
02/19/2013,MKK,HI,AWP,WE,Federal Contract Tower,0,27,0,0,27,0,58,12,0,70,0,85,12,0,97,0,0,0,97
02/20/2013,MKK,HI,AWP,WE,Federal Contract Tower,0,23,2,0,25,0,63,6,1,70,0,86,8,1,95,4,0,4,99
02/21/2013,MKK,HI,AWP,WE,Federal Contract Tower,0,28,2,0,30,0,58,11,0,69,0,86,13,0,99,6,0,6,105
02/22/2013,MKK,HI,AWP,WE,Federal Contract Tower,0,29,0,0,29,0,71,9,0,80,0,100,9,0,109,2,0,2,111
02/23/2013,MKK,HI,AWP,WE,Federal Contract Tower,0,18,0,0,18,0,37,7,0,44,0,55,7,0,62,14,0,14,76
02/24/2013,MKK,HI,AWP,WE,Federal Contract Tower,0,17,0,0,17,0,38,10,0,48,0,55,10,0,65,2,0,2,67
02/25/2013,MKK,HI,AWP,WE,Federal Contract Tower,0,26,0,0,26,0,52,17,0,69,0,78,17,0,95,10,0,10,105
02/26/2013,MKK,HI,AWP,WE,Federal Contract Tower,0,26,0,1,27,0,53,11,1,65,0,79,11,2,92,2,0,2,94
02/27/2013,MKK,HI,AWP,WE,Federal Contract Tower,0,22,0,0,22,0,62,4,0,66,0,84,4,0,88,0,0,0,88
02/28/2013,MKK,HI,AWP,WE,Federal Contract Tower,0,20,0,0,20,0,57,6,6,69,0,77,6,6,89,8,20,28,117
03/01/2013,MKK,HI,AWP,WE,Federal Contract Tower,0,19,0,0,19,0,44,8,0,52,0,63,8,0,71,18,0,18,89
03/02/2013,MKK,HI,AWP,WE,Federal Contract Tower,0,12,0,0,12,0,46,9,0,55,0,58,9,0,67,26,0,26,93
03/03/2013,MKK,HI,AWP,WE,Federal Contract Tower,0,10,2,0,12,0,41,16,1,58,0,51,18,1,70,8,0,8,78
03/04/2013,MKK,HI,AWP,WE,Federal Contract Tower,0,22,0,0,22,0,51,8,1,60,0,73,8,1,82,10,0,10,92
03/05/2013,MKK,HI,AWP,WE,Federal Contract Tower,0,24,0,0,24,0,47,18,5,70,0,71,18,5,94,18,8,26,120
03/06/2013,MKK,HI,AWP,WE,Federal Contract Tower,0,22,0,0,22,0,84,14,2,100,0,106,14,2,122,6,20,26,148
03/07/2013,MKK,HI,AWP,WE,Federal Contract Tower,0,16,0,0,16,0,53,17,0,70,0,69,17,0,86,18,0,18,104
03/08/2013,MKK,HI,AWP,WE,Federal Contract Tower,0,17,0,0,17,0,55,4,0,59,0,72,4,0,76,4,0,4,80
03/09/2013,MKK,HI,AWP,WE,Federal Contract Tower,0,22,0,0,22,0,30,10,0,40,0,52,10,0,62,10,0,10,72
03/10/2013,MKK,HI,AWP,WE,Federal Contract Tower,0,22,2,0,24,0,11,4,0,15,0,33,6,0,39,0,0,0,39
03/11/2013,MKK,HI,AWP,WE,Federal Contract Tower,0,27,0,0,27,0,52,9,0,61,0,79,9,0,88,18,0,18,106
03/12/2013,MKK,HI,AWP,WE,Federal Contract Tower,0,32,0,0,32,0,49,18,2,69,0,81,18,2,101,10,2,12,113
03/13/2013,MKK,HI,AWP,WE,Federal Contract Tower,0,18,0,2,20,0,63,15,4,82,0,81,15,6,102,30,28,58,160
03/14/2013,MKK,HI,AWP,WE,Federal Contract Tower,0,20,2,0,22,0,48,18,0,66,0,68,20,0,88,4,0,4,92
03/15/2013,MKK,HI,AWP,WE,Federal Contract Tower,2,16,0,0,18,0,63,14,1,78,2,79,14,1,96,2,0,2,98
03/16/2013,MKK,HI,AWP,WE,Federal Contract Tower,6,15,2,0,23,0,44,15,0,59,6,59,17,0,82,8,0,8,90
03/17/2013,MKK,HI,AWP,WE,Federal Contract Tower,4,13,0,0,17,0,45,11,0,56,4,58,11,0,73,2,0,2,75
03/18/2013,MKK,HI,AWP,WE,Federal Contract Tower,4,12,1,0,17,65,15,2,0,82,69,27,3,0,99,2,0,2,101
03/19/2013,MKK,HI,AWP,WE,Federal Contract Tower,4,16,1,0,21,0,47,12,4,63,4,63,13,4,84,8,66,74,158
03/20/2013,MKK,HI,AWP,WE,Federal Contract Tower,4,14,2,0,20,0,64,11,0,75,4,78,13,0,95,4,0,4,99
03/21/2013,MKK,HI,AWP,WE,Federal Contract Tower,0,18,3,0,21,0,49,25,0,74,0,67,28,0,95,12,0,12,107
03/22/2013,MKK,HI,AWP,WE,Federal Contract Tower,2,20,0,0,22,0,57,5,0,62,2,77,5,0,84,0,0,0,84
03/23/2013,MKK,HI,AWP,WE,Federal Contract Tower,32,4,0,0,36,0,31,0,0,31,32,35,0,0,67,0,0,0,67
03/24/2013,MKK,HI,AWP,WE,Federal Contract Tower,4,18,1,0,23,0,21,1,0,22,4,39,2,0,45,0,0,0,45
03/25/2013,MKK,HI,AWP,WE,Federal Contract Tower,3,17,2,2,24,0,38,5,2,45,3,55,7,4,69,2,16,18,87
03/26/2013,MKK,HI,AWP,WE,Federal Contract Tower,4,23,0,0,27,0,37,8,6,51,4,60,8,6,78,4,64,68,146
03/27/2013,MKK,HI,AWP,WE,Federal Contract Tower,4,20,1,0,25,0,33,2,0,35,4,53,3,0,60,0,0,0,60
03/28/2013,MKK,HI,AWP,WE,Federal Contract Tower,6,14,0,2,22,0,52,6,0,58,6,66,6,2,80,8,0,8,88
03/29/2013,MKK,HI,AWP,WE,Federal Contract Tower,4,18,0,0,22,0,47,17,0,64,4,65,17,0,86,22,0,22,108
03/30/2013,MKK,HI,AWP,WE,Federal Contract Tower,6,13,1,0,20,0,56,4,0,60,6,69,5,0,80,0,0,0,80
03/31/2013,MKK,HI,AWP,WE,Federal Contract Tower,6,9,0,0,15,0,29,4,0,33,6,38,4,0,48,0,0,0,48
04/01/2013,MKK,HI,AWP,WE,Federal Contract Tower,6,15,0,0,21,0,37,11,0,48,6,52,11,0,69,0,0,0,69
04/02/2013,MKK,HI,AWP,WE,Federal Contract Tower,2,14,0,1,17,0,48,7,0,55,2,62,7,1,72,0,0,0,72
04/03/2013,MKK,HI,AWP,WE,Federal Contract Tower,6,16,2,0,24,55,15,4,0,74,61,31,6,0,98,34,0,34,132
04/04/2013,MKK,HI,AWP,WE,Federal Contract Tower,6,9,0,0,15,0,44,12,4,60,6,53,12,4,75,12,6,18,93
04/05/2013,MKK,HI,AWP,WE,Federal Contract Tower,6,15,0,0,21,0,52,18,0,70,6,67,18,0,91,14,0,14,105
04/06/2013,MKK,HI,AWP,WE,Federal Contract Tower,4,13,1,0,18,0,38,13,0,51,4,51,14,0,69,8,0,8,77
04/07/2013,MKK,HI,AWP,WE,Federal Contract Tower,4,11,0,2,17,0,40,2,2,44,4,51,2,4,61,0,0,0,61
04/08/2013,MKK,HI,AWP,WE,Federal Contract Tower,4,14,0,2,20,0,56,13,2,71,4,70,13,4,91,0,0,0,91
04/09/2013,MKK,HI,AWP,WE,Federal Contract Tower,6,17,2,4,29,0,47,15,0,62,6,64,17,4,91,6,0,6,97
04/10/2013,MKK,HI,AWP,WE,Federal Contract Tower,4,17,0,1,22,0,72,13,1,86,4,89,13,2,108,8,0,8,116
04/11/2013,MKK,HI,AWP,WE,Federal Contract Tower,4,11,0,0,15,0,59,17,4,80,4,70,17,4,95,12,0,12,107
04/12/2013,MKK,HI,AWP,WE,Federal Contract Tower,4,17,5,0,26,0,46,10,0,56,4,63,15,0,82,8,0,8,90
04/13/2013,MKK,HI,AWP,WE,Federal Contract Tower,6,12,0,0,18,0,49,15,0,64,6,61,15,0,82,0,0,0,82
04/14/2013,MKK,HI,AWP,WE,Federal Contract Tower,4,16,0,0,20,0,37,13,0,50,4,53,13,0,70,4,0,4,74
04/15/2013,MKK,HI,AWP,WE,Federal Contract Tower,4,19,0,1,24,0,47,21,0,68,4,66,21,1,92,10,0,10,102
04/16/2013,MKK,HI,AWP,WE,Federal Contract Tower,0,22,0,2,24,0,53,3,0,56,0,75,3,2,80,0,0,0,80
04/17/2013,MKK,HI,AWP,WE,Federal Contract Tower,7,20,4,0,31,0,0,0,0,0,7,20,4,0,31,0,0,0,31
04/18/2013,MKK,HI,AWP,WE,Federal Contract Tower,4,14,1,0,19,0,51,16,0,67,4,65,17,0,86,10,0,10,96
04/19/2013,MKK,HI,AWP,WE,Federal Contract Tower,3,13,2,0,18,0,53,13,0,66,3,66,15,0,84,8,0,8,92
04/20/2013,MKK,HI,AWP,WE,Federal Contract Tower,4,10,1,0,15,0,48,12,0,60,4,58,13,0,75,0,0,0,75
04/21/2013,MKK,HI,AWP,WE,Federal Contract Tower,4,5,1,0,10,0,39,13,0,52,4,44,14,0,62,4,0,4,66
04/22/2013,MKK,HI,AWP,WE,Federal Contract Tower,2,25,1,2,30,0,69,8,1,78,2,94,9,3,108,0,0,0,108
04/23/2013,MKK,HI,AWP,WE,Federal Contract Tower,4,15,1,1,21,0,45,8,1,54,4,60,9,2,75,14,0,14,89
04/24/2013,MKK,HI,AWP,WE,Federal Contract Tower,0,18,6,0,24,0,49,6,2,57,0,67,12,2,81,0,12,12,93
04/25/2013,MKK,HI,AWP,WE,Federal Contract Tower,4,12,0,0,16,0,57,17,0,74,4,69,17,0,90,10,0,10,100
04/26/2013,MKK,HI,AWP,WE,Federal Contract Tower,2,12,0,0,14,0,54,14,0,68,2,66,14,0,82,18,0,18,100
04/27/2013,MKK,HI,AWP,WE,Federal Contract Tower,0,13,1,0,14,0,44,11,0,55,0,57,12,0,69,2,0,2,71
04/28/2013,MKK,HI,AWP,WE,Federal Contract Tower,2,9,3,0,14,0,37,17,0,54,2,46,20,0,68,2,0,2,70
04/29/2013,MKK,HI,AWP,WE,Federal Contract Tower,4,17,0,0,21,0,53,8,0,61,4,70,8,0,82,6,0,6,88
04/30/2013,MKK,HI,AWP,WE,Federal Contract Tower,4,16,3,0,23,0,55,11,4,70,4,71,14,4,93,10,4,14,107
05/01/2013,MKK,HI,AWP,WE,Federal Contract Tower,0,16,1,4,21,0,71,14,0,85,0,87,15,4,106,14,0,14,120
05/02/2013,MKK,HI,AWP,WE,Federal Contract Tower,2,15,4,0,21,0,52,11,2,65,2,67,15,2,86,12,0,12,98
05/03/2013,MKK,HI,AWP,WE,Federal Contract Tower,0,12,0,1,13,0,56,12,0,68,0,68,12,1,81,6,0,6,87
05/04/2013,MKK,HI,AWP,WE,Federal Contract Tower,0,14,0,0,14,0,33,11,0,44,0,47,11,0,58,4,0,4,62
05/05/2013,MKK,HI,AWP,WE,Federal Contract Tower,2,22,1,0,25,0,45,2,0,47,2,67,3,0,72,0,0,0,72
05/06/2013,MKK,HI,AWP,WE,Federal Contract Tower,5,20,0,0,25,0,47,8,0,55,5,67,8,0,80,0,0,0,80
05/07/2013,MKK,HI,AWP,WE,Federal Contract Tower,4,15,1,0,20,0,55,23,2,80,4,70,24,2,100,0,0,0,100
05/08/2013,MKK,HI,AWP,WE,Federal Contract Tower,4,12,5,0,21,0,73,9,0,82,4,85,14,0,103,8,0,8,111
05/09/2013,MKK,HI,AWP,WE,Federal Contract Tower,3,14,2,0,19,0,64,14,4,82,3,78,16,4,101,20,0,20,121
05/10/2013,MKK,HI,AWP,WE,Federal Contract Tower,4,17,0,0,21,0,54,9,0,63,4,71,9,0,84,12,0,12,96
05/11/2013,MKK,HI,AWP,WE,Federal Contract Tower,0,24,0,0,24,0,40,5,0,45,0,64,5,0,69,6,0,6,75
05/12/2013,MKK,HI,AWP,WE,Federal Contract Tower,2,18,0,0,20,0,30,4,0,34,2,48,4,0,54,0,0,0,54
05/13/2013,MKK,HI,AWP,WE,Federal Contract Tower,4,14,2,5,25,0,49,14,2,65,4,63,16,7,90,8,2,10,100
05/14/2013,MKK,HI,AWP,WE,Federal Contract Tower,4,9,0,4,17,0,51,8,3,62,4,60,8,7,79,0,4,4,83
05/15/2013,MKK,HI,AWP,WE,Federal Contract Tower,4,11,0,0,15,0,62,8,4,74,4,73,8,4,89,0,38,38,127
05/16/2013,MKK,HI,AWP,WE,Federal Contract Tower,4,7,0,0,11,0,56,19,0,75,4,63,19,0,86,8,0,8,94
05/17/2013,MKK,HI,AWP,WE,Federal Contract Tower,2,15,0,0,17,0,52,6,0,58,2,67,6,0,75,4,0,4,79
05/18/2013,MKK,HI,AWP,WE,Federal Contract Tower,2,12,0,2,16,0,47,11,0,58,2,59,11,2,74,2,0,2,76
05/19/2013,MKK,HI,AWP,WE,Federal Contract Tower,2,9,8,0,19,0,39,22,0,61,2,48,30,0,80,0,0,0,80
05/20/2013,MKK,HI,AWP,WE,Federal Contract Tower,4,16,0,2,22,0,54,4,2,60,4,70,4,4,82,4,0,4,86
05/21/2013,MKK,HI,AWP,WE,Federal Contract Tower,2,12,2,0,16,0,51,9,4,64,2,63,11,4,80,2,16,18,98
05/22/2013,MKK,HI,AWP,WE,Federal Contract Tower,2,15,1,2,20,0,48,13,2,63,2,63,14,4,83,10,12,22,105
05/23/2013,MKK,HI,AWP,WE,Federal Contract Tower,2,16,1,4,23,0,51,28,2,81,2,67,29,6,104,8,0,8,112
05/24/2013,MKK,HI,AWP,WE,Federal Contract Tower,4,13,0,0,17,0,42,12,0,54,4,55,12,0,71,12,0,12,83
05/25/2013,MKK,HI,AWP,WE,Federal Contract Tower,2,8,0,0,10,0,36,16,0,52,2,44,16,0,62,14,0,14,76
05/26/2013,MKK,HI,AWP,WE,Federal Contract Tower,1,7,0,0,8,0,44,9,0,53,1,51,9,0,61,0,0,0,61
05/27/2013,MKK,HI,AWP,WE,Federal Contract Tower,4,10,1,0,15,0,58,30,0,88,4,68,31,0,103,6,0,6,109
05/28/2013,MKK,HI,AWP,WE,Federal Contract Tower,4,14,2,3,23,0,56,7,6,69,4,70,9,9,92,0,4,4,96
05/29/2013,MKK,HI,AWP,WE,Federal Contract Tower,4,15,0,5,24,0,54,14,4,72,4,69,14,9,96,2,0,2,98
05/30/2013,MKK,HI,AWP,WE,Federal Contract Tower,4,6,1,2,13,0,43,12,1,56,4,49,13,3,69,10,0,10,79
05/31/2013,MKK,HI,AWP,WE,Federal Contract Tower,4,12,3,0,19,0,37,9,0,46,4,49,12,0,65,0,0,0,65
06/01/2013,MKK,HI,AWP,WE,Federal Contract Tower,4,8,0,0,12,0,44,12,0,56,4,52,12,0,68,14,0,14,82
06/02/2013,MKK,HI,AWP,WE,Federal Contract Tower,4,9,1,0,14,0,46,10,0,56,4,55,11,0,70,0,0,0,70
06/03/2013,MKK,HI,AWP,WE,Federal Contract Tower,4,12,1,0,17,0,59,10,8,77,4,71,11,8,94,0,2,2,96
06/04/2013,MKK,HI,AWP,WE,Federal Contract Tower,6,11,0,0,17,0,47,5,2,54,6,58,5,2,71,4,24,28,99
06/05/2013,MKK,HI,AWP,WE,Federal Contract Tower,2,12,0,2,16,0,44,6,4,54,2,56,6,6,70,2,0,2,72
06/06/2013,MKK,HI,AWP,WE,Federal Contract Tower,3,25,2,2,32,0,54,5,1,60,3,79,7,3,92,0,0,0,92
06/07/2013,MKK,HI,AWP,WE,Federal Contract Tower,4,15,0,2,21,0,42,9,3,54,4,57,9,5,75,6,0,6,81
06/08/2013,MKK,HI,AWP,WE,Federal Contract Tower,0,14,0,0,14,0,45,14,2,61,0,59,14,2,75,6,0,6,81
06/09/2013,MKK,HI,AWP,WE,Federal Contract Tower,2,8,0,0,10,0,42,5,1,48,2,50,5,1,58,6,0,6,64
06/10/2013,MKK,HI,AWP,WE,Federal Contract Tower,6,14,0,5,25,0,60,10,6,76,6,74,10,11,101,14,0,14,115
06/11/2013,MKK,HI,AWP,WE,Federal Contract Tower,4,16,0,2,22,0,54,9,2,65,4,70,9,4,87,4,0,4,91
06/12/2013,MKK,HI,AWP,WE,Federal Contract Tower,4,16,0,0,20,0,59,11,3,73,4,75,11,3,93,2,34,36,129
06/13/2013,MKK,HI,AWP,WE,Federal Contract Tower,4,11,0,1,16,0,50,12,2,64,4,61,12,3,80,2,2,4,84
06/14/2013,MKK,HI,AWP,WE,Federal Contract Tower,4,19,0,0,23,0,50,20,1,71,4,69,20,1,94,0,0,0,94
06/15/2013,MKK,HI,AWP,WE,Federal Contract Tower,4,14,0,0,18,0,56,9,0,65,4,70,9,0,83,18,0,18,101
06/16/2013,MKK,HI,AWP,WE,Federal Contract Tower,4,6,0,0,10,0,37,14,0,51,4,43,14,0,61,8,0,8,69
06/17/2013,MKK,HI,AWP,WE,Federal Contract Tower,4,13,0,0,17,0,45,9,1,55,4,58,9,1,72,4,0,4,76
06/18/2013,MKK,HI,AWP,WE,Federal Contract Tower,4,17,0,0,21,0,58,12,0,70,4,75,12,0,91,0,0,0,91
06/19/2013,MKK,HI,AWP,WE,Federal Contract Tower,6,10,1,0,17,0,66,11,1,78,6,76,12,1,95,14,0,14,109
06/20/2013,MKK,HI,AWP,WE,Federal Contract Tower,4,13,0,0,17,0,51,11,0,62,4,64,11,0,79,6,0,6,85
06/21/2013,MKK,HI,AWP,WE,Federal Contract Tower,2,22,0,0,24,0,56,14,2,72,2,78,14,2,96,12,6,18,114
06/22/2013,MKK,HI,AWP,WE,Federal Contract Tower,2,13,0,0,15,0,42,11,0,53,2,55,11,0,68,2,0,2,70
06/23/2013,MKK,HI,AWP,WE,Federal Contract Tower,4,8,0,0,12,0,40,3,0,43,4,48,3,0,55,2,0,2,57
06/24/2013,MKK,HI,AWP,WE,Federal Contract Tower,6,17,2,1,26,0,59,10,0,69,6,76,12,1,95,0,2,2,97
06/25/2013,MKK,HI,AWP,WE,Federal Contract Tower,6,31,0,0,37,0,34,2,0,36,6,65,2,0,73,0,0,0,73
06/26/2013,MKK,HI,AWP,WE,Federal Contract Tower,4,12,0,0,16,0,62,11,1,74,4,74,11,1,90,8,0,8,98
06/27/2013,MKK,HI,AWP,WE,Federal Contract Tower,2,12,4,1,19,0,57,15,2,74,2,69,19,3,93,10,28,38,131
06/28/2013,MKK,HI,AWP,WE,Federal Contract Tower,0,16,3,0,19,0,48,14,0,62,0,64,17,0,81,8,0,8,89
06/29/2013,MKK,HI,AWP,WE,Federal Contract Tower,2,14,0,0,16,0,50,14,0,64,2,64,14,0,80,12,0,12,92
06/30/2013,MKK,HI,AWP,WE,Federal Contract Tower,4,8,2,0,14,0,36,8,0,44,4,44,10,0,58,20,0,20,78
07/01/2013,MKK,HI,AWP,WE,Federal Contract Tower,8,17,1,0,26,0,58,19,0,77,8,75,20,0,103,10,26,36,139
07/02/2013,MKK,HI,AWP,WE,Federal Contract Tower,2,21,3,0,26,0,51,6,4,61,2,72,9,4,87,0,6,6,93
07/03/2013,MKK,HI,AWP,WE,Federal Contract Tower,2,16,2,1,21,0,74,10,1,85,2,90,12,2,106,2,0,2,108
07/04/2013,MKK,HI,AWP,WE,Federal Contract Tower,2,10,1,0,13,0,42,19,1,62,2,52,20,1,75,36,0,36,111
07/05/2013,MKK,HI,AWP,WE,Federal Contract Tower,2,17,0,0,19,0,56,9,0,65,2,73,9,0,84,12,0,12,96
07/06/2013,MKK,HI,AWP,WE,Federal Contract Tower,2,12,2,0,16,0,59,15,0,74,2,71,17,0,90,10,0,10,100
07/07/2013,MKK,HI,AWP,WE,Federal Contract Tower,4,4,2,0,10,0,45,11,0,56,4,49,13,0,66,8,0,8,74
07/08/2013,MKK,HI,AWP,WE,Federal Contract Tower,2,16,0,2,20,0,48,15,2,65,2,64,15,4,85,0,0,0,85
07/09/2013,MKK,HI,AWP,WE,Federal Contract Tower,0,9,0,0,9,0,33,7,2,42,0,42,7,2,51,6,10,16,67
07/10/2013,MKK,HI,AWP,WE,Federal Contract Tower,0,12,0,0,12,0,59,7,4,70,0,71,7,4,82,4,18,22,104
07/11/2013,MKK,HI,AWP,WE,Federal Contract Tower,2,14,1,4,21,0,57,8,0,65,2,71,9,4,86,6,0,6,92
07/12/2013,MKK,HI,AWP,WE,Federal Contract Tower,0,18,0,0,18,0,45,10,0,55,0,63,10,0,73,2,0,2,75
07/13/2013,MKK,HI,AWP,WE,Federal Contract Tower,2,12,0,0,14,0,43,4,0,47,2,55,4,0,61,8,0,8,69
07/14/2013,MKK,HI,AWP,WE,Federal Contract Tower,1,14,1,0,16,0,51,4,0,55,1,65,5,0,71,0,0,0,71
07/15/2013,MKK,HI,AWP,WE,Federal Contract Tower,2,19,0,1,22,0,50,7,4,61,2,69,7,5,83,12,2,14,97
07/16/2013,MKK,HI,AWP,WE,Federal Contract Tower,8,16,0,0,24,0,49,8,0,57,8,65,8,0,81,4,0,4,85
07/17/2013,MKK,HI,AWP,WE,Federal Contract Tower,4,25,0,4,33,0,53,9,4,66,4,78,9,8,99,0,0,0,99
07/18/2013,MKK,HI,AWP,WE,Federal Contract Tower,8,20,2,1,31,0,52,6,2,60,8,72,8,3,91,0,16,16,107
07/19/2013,MKK,HI,AWP,WE,Federal Contract Tower,4,12,0,1,17,0,47,6,1,54,4,59,6,2,71,2,0,2,73
07/20/2013,MKK,HI,AWP,WE,Federal Contract Tower,8,9,0,0,17,0,46,3,0,49,8,55,3,0,66,2,0,2,68
07/21/2013,MKK,HI,AWP,WE,Federal Contract Tower,8,6,0,0,14,0,55,4,0,59,8,61,4,0,73,0,0,0,73
07/22/2013,MKK,HI,AWP,WE,Federal Contract Tower,8,30,0,1,39,0,69,7,2,78,8,99,7,3,117,4,2,6,123
07/23/2013,MKK,HI,AWP,WE,Federal Contract Tower,6,16,0,6,28,0,67,22,4,93,6,83,22,10,121,6,4,10,131
07/24/2013,MKK,HI,AWP,WE,Federal Contract Tower,3,15,0,4,22,0,71,24,0,95,3,86,24,4,117,4,0,4,121
07/25/2013,MKK,HI,AWP,WE,Federal Contract Tower,8,13,2,0,23,0,54,4,0,58,8,67,6,0,81,0,0,0,81
07/26/2013,MKK,HI,AWP,WE,Federal Contract Tower,8,14,0,0,22,0,62,18,0,80,8,76,18,0,102,2,0,2,104
07/27/2013,MKK,HI,AWP,WE,Federal Contract Tower,8,15,0,0,23,0,68,9,0,77,8,83,9,0,100,14,0,14,114
07/28/2013,MKK,HI,AWP,WE,Federal Contract Tower,7,6,0,0,13,0,38,2,2,42,7,44,2,2,55,0,0,0,55
07/29/2013,MKK,HI,AWP,WE,Federal Contract Tower,4,28,0,1,33,0,11,0,0,11,4,39,0,1,44,0,0,0,44
07/30/2013,MKK,HI,AWP,WE,Federal Contract Tower,6,12,0,0,18,0,43,5,0,48,6,55,5,0,66,10,0,10,76
07/31/2013,MKK,HI,AWP,WE,Federal Contract Tower,8,8,0,0,16,0,61,2,0,63,8,69,2,0,79,0,0,0,79
08/01/2013,MKK,HI,AWP,WE,Federal Contract Tower,8,10,0,2,20,0,56,8,2,66,8,66,8,4,86,4,20,24,110
08/02/2013,MKK,HI,AWP,WE,Federal Contract Tower,8,11,0,0,19,0,52,11,0,63,8,63,11,0,82,12,0,12,94
08/03/2013,MKK,HI,AWP,WE,Federal Contract Tower,8,15,0,0,23,0,50,3,0,53,8,65,3,0,76,0,0,0,76
08/04/2013,MKK,HI,AWP,WE,Federal Contract Tower,4,6,0,0,10,0,45,12,0,57,4,51,12,0,67,20,0,20,87
08/05/2013,MKK,HI,AWP,WE,Federal Contract Tower,6,11,0,0,17,0,41,2,0,43,6,52,2,0,60,4,0,4,64
08/06/2013,MKK,HI,AWP,WE,Federal Contract Tower,8,7,0,2,17,0,50,15,0,65,8,57,15,2,82,6,0,6,88
08/07/2013,MKK,HI,AWP,WE,Federal Contract Tower,8,14,0,4,26,0,58,19,0,77,8,72,19,4,103,0,4,4,107
08/08/2013,MKK,HI,AWP,WE,Federal Contract Tower,7,13,0,0,20,0,42,8,0,50,7,55,8,0,70,4,0,4,74
08/09/2013,MKK,HI,AWP,WE,Federal Contract Tower,8,11,0,0,19,0,62,10,4,76,8,73,10,4,95,6,0,6,101
08/10/2013,MKK,HI,AWP,WE,Federal Contract Tower,6,22,0,0,28,0,29,1,0,30,6,51,1,0,58,6,0,6,64
08/11/2013,MKK,HI,AWP,WE,Federal Contract Tower,0,8,5,0,13,0,39,7,0,46,0,47,12,0,59,0,0,0,59
08/12/2013,MKK,HI,AWP,WE,Federal Contract Tower,8,11,1,0,20,0,50,7,0,57,8,61,8,0,77,4,0,4,81
08/13/2013,MKK,HI,AWP,WE,Federal Contract Tower,8,13,0,2,23,0,58,2,0,60,8,71,2,2,83,0,0,0,83
08/14/2013,MKK,HI,AWP,WE,Federal Contract Tower,9,10,0,10,29,0,58,13,2,73,9,68,13,12,102,0,0,0,102
08/15/2013,MKK,HI,AWP,WE,Federal Contract Tower,8,7,0,0,15,0,54,12,0,66,8,61,12,0,81,10,0,10,91
08/16/2013,MKK,HI,AWP,WE,Federal Contract Tower,6,13,0,0,19,0,51,5,0,56,6,64,5,0,75,2,0,2,77
08/17/2013,MKK,HI,AWP,WE,Federal Contract Tower,8,7,0,0,15,0,46,9,0,55,8,53,9,0,70,2,0,2,72
08/18/2013,MKK,HI,AWP,WE,Federal Contract Tower,6,5,1,0,12,0,35,18,0,53,6,40,19,0,65,4,0,4,69
08/19/2013,MKK,HI,AWP,WE,Federal Contract Tower,7,8,1,2,18,0,50,5,0,55,7,58,6,2,73,4,0,4,77
08/20/2013,MKK,HI,AWP,WE,Federal Contract Tower,8,6,0,4,18,0,59,8,2,69,8,65,8,6,87,10,6,16,103
08/21/2013,MKK,HI,AWP,WE,Federal Contract Tower,8,13,0,0,21,0,53,21,0,74,8,66,21,0,95,8,0,8,103
08/22/2013,MKK,HI,AWP,WE,Federal Contract Tower,8,11,0,0,19,0,51,16,2,69,8,62,16,2,88,10,38,48,136
08/23/2013,MKK,HI,AWP,WE,Federal Contract Tower,8,13,0,0,21,0,58,5,0,63,8,71,5,0,84,4,0,4,88
08/24/2013,MKK,HI,AWP,WE,Federal Contract Tower,8,11,1,0,20,0,44,6,0,50,8,55,7,0,70,0,0,0,70
08/25/2013,MKK,HI,AWP,WE,Federal Contract Tower,8,3,0,0,11,0,27,9,0,36,8,30,9,0,47,0,0,0,47
08/26/2013,MKK,HI,AWP,WE,Federal Contract Tower,8,14,0,1,23,0,47,7,0,54,8,61,7,1,77,14,0,14,91
08/27/2013,MKK,HI,AWP,WE,Federal Contract Tower,8,14,2,0,24,0,61,6,2,69,8,75,8,2,93,0,2,2,95
08/28/2013,MKK,HI,AWP,WE,Federal Contract Tower,8,14,0,1,23,0,42,9,2,53,8,56,9,3,76,0,2,2,78
08/29/2013,MKK,HI,AWP,WE,Federal Contract Tower,8,17,1,2,28,0,49,8,0,57,8,66,9,2,85,16,0,16,101
08/30/2013,MKK,HI,AWP,WE,Federal Contract Tower,8,17,8,0,33,0,55,15,2,72,8,72,23,2,105,0,0,0,105
08/31/2013,MKK,HI,AWP,WE,Federal Contract Tower,8,9,0,0,17,0,37,5,2,44,8,46,5,2,61,0,0,0,61
09/01/2013,MKK,HI,AWP,WE,Federal Contract Tower,8,11,0,0,19,0,30,4,0,34,8,41,4,0,53,2,0,2,55
09/02/2013,MKK,HI,AWP,WE,Federal Contract Tower,8,7,0,0,15,0,43,6,0,49,8,50,6,0,64,2,0,2,66
09/03/2013,MKK,HI,AWP,WE,Federal Contract Tower,8,18,0,0,26,0,51,2,1,54,8,69,2,1,80,0,0,0,80
09/04/2013,MKK,HI,AWP,WE,Federal Contract Tower,9,13,0,2,24,0,54,11,15,80,9,67,11,17,104,4,52,56,160
09/05/2013,MKK,HI,AWP,WE,Federal Contract Tower,8,11,2,0,21,0,58,6,0,64,8,69,8,0,85,2,0,2,87
09/06/2013,MKK,HI,AWP,WE,Federal Contract Tower,8,8,0,0,16,0,53,9,4,66,8,61,9,4,82,32,12,44,126
09/07/2013,MKK,HI,AWP,WE,Federal Contract Tower,8,14,0,0,22,0,36,5,0,41,8,50,5,0,63,0,0,0,63
09/08/2013,MKK,HI,AWP,WE,Federal Contract Tower,8,10,1,0,19,0,30,8,0,38,8,40,9,0,57,0,0,0,57
09/09/2013,MKK,HI,AWP,WE,Federal Contract Tower,5,14,0,1,20,0,39,5,0,44,5,53,5,1,64,0,0,0,64
09/10/2013,MKK,HI,AWP,WE,Federal Contract Tower,8,12,0,0,20,0,40,7,0,47,8,52,7,0,67,8,0,8,75
09/11/2013,MKK,HI,AWP,WE,Federal Contract Tower,8,17,0,0,25,0,44,7,0,51,8,61,7,0,76,2,0,2,78
09/12/2013,MKK,HI,AWP,WE,Federal Contract Tower,8,12,0,0,20,0,41,2,0,43,8,53,2,0,63,14,24,38,101
09/13/2013,MKK,HI,AWP,WE,Federal Contract Tower,6,17,0,0,23,0,0,0,0,0,6,17,0,0,23,10,0,10,33
09/14/2013,MKK,HI,AWP,WE,Federal Contract Tower,8,10,0,0,18,0,57,22,0,79,8,67,22,0,97,0,0,0,97
09/15/2013,MKK,HI,AWP,WE,Federal Contract Tower,4,3,0,0,7,0,51,2,0,53,4,54,2,0,60,0,0,0,60
09/16/2013,MKK,HI,AWP,WE,Federal Contract Tower,6,12,0,0,18,0,46,8,0,54,6,58,8,0,72,0,0,0,72
09/17/2013,MKK,HI,AWP,WE,Federal Contract Tower,7,16,0,0,23,56,5,5,0,66,63,21,5,0,89,0,48,48,137
09/18/2013,MKK,HI,AWP,WE,Federal Contract Tower,6,14,1,0,21,0,52,8,0,60,6,66,9,0,81,4,0,4,85
09/19/2013,MKK,HI,AWP,WE,Federal Contract Tower,8,21,1,0,30,0,67,12,0,79,8,88,13,0,109,0,6,6,115
09/20/2013,MKK,HI,AWP,WE,Federal Contract Tower,7,15,1,0,23,0,71,17,5,93,7,86,18,5,116,4,40,44,160
09/21/2013,MKK,HI,AWP,WE,Federal Contract Tower,4,16,2,0,22,0,44,13,0,57,4,60,15,0,79,8,0,8,87
09/22/2013,MKK,HI,AWP,WE,Federal Contract Tower,6,9,1,0,16,0,42,10,0,52,6,51,11,0,68,8,0,8,76
09/23/2013,MKK,HI,AWP,WE,Federal Contract Tower,5,20,0,0,25,0,64,5,2,71,5,84,5,2,96,0,12,12,108
09/24/2013,MKK,HI,AWP,WE,Federal Contract Tower,6,19,0,0,25,0,68,1,2,71,6,87,1,2,96,0,16,16,112
09/25/2013,MKK,HI,AWP,WE,Federal Contract Tower,6,12,2,1,21,0,68,8,2,78,6,80,10,3,99,0,48,48,147
09/26/2013,MKK,HI,AWP,WE,Federal Contract Tower,6,17,0,2,25,0,62,9,5,76,6,79,9,7,101,2,44,46,147
09/27/2013,MKK,HI,AWP,WE,Federal Contract Tower,6,15,0,0,21,0,53,5,2,60,6,68,5,2,81,0,18,18,99
09/28/2013,MKK,HI,AWP,WE,Federal Contract Tower,6,14,0,0,20,0,50,4,0,54,6,64,4,0,74,2,0,2,76
09/29/2013,MKK,HI,AWP,WE,Federal Contract Tower,4,2,0,0,6,0,36,6,0,42,4,38,6,0,48,6,0,6,54
09/30/2013,MKK,HI,AWP,WE,Federal Contract Tower,6,16,0,0,22,0,43,5,0,48,6,59,5,0,70,4,0,4,74
10/01/2013,MKK,HI,AWP,WE,Federal Contract Tower,6,13,0,0,19,0,64,2,0,66,6,77,2,0,85,0,0,0,85
10/02/2013,MKK,HI,AWP,WE,Federal Contract Tower,6,22,0,0,28,0,53,6,2,61,6,75,6,2,89,6,30,36,125
10/03/2013,MKK,HI,AWP,WE,Federal Contract Tower,6,18,2,0,26,0,59,15,2,76,6,77,17,2,102,28,34,62,164
10/04/2013,MKK,HI,AWP,WE,Federal Contract Tower,6,10,0,0,16,0,62,7,6,75,6,72,7,6,91,0,72,72,163
10/05/2013,MKK,HI,AWP,WE,Federal Contract Tower,6,12,0,3,21,0,43,6,0,49,6,55,6,3,70,6,0,6,76
10/06/2013,MKK,HI,AWP,WE,Federal Contract Tower,6,5,1,0,12,0,43,9,0,52,6,48,10,0,64,8,0,8,72
10/07/2013,MKK,HI,AWP,WE,Federal Contract Tower,6,13,0,0,19,0,55,9,15,79,6,68,9,15,98,8,116,124,222
10/08/2013,MKK,HI,AWP,WE,Federal Contract Tower,6,20,1,0,27,0,68,5,4,77,6,88,6,4,104,8,22,30,134
10/09/2013,MKK,HI,AWP,WE,Federal Contract Tower,6,13,0,3,22,0,72,7,2,81,6,85,7,5,103,0,0,0,103
10/10/2013,MKK,HI,AWP,WE,Federal Contract Tower,6,16,0,1,23,0,71,13,4,88,6,87,13,5,111,6,90,96,207
10/11/2013,MKK,HI,AWP,WE,Federal Contract Tower,9,20,0,4,33,0,91,29,2,122,9,111,29,6,155,8,4,12,167
10/12/2013,MKK,HI,AWP,WE,Federal Contract Tower,6,23,1,0,30,0,58,8,0,66,6,81,9,0,96,0,0,0,96
10/13/2013,MKK,HI,AWP,WE,Federal Contract Tower,5,5,2,0,12,0,52,18,0,70,5,57,20,0,82,2,0,2,84
10/14/2013,MKK,HI,AWP,WE,Federal Contract Tower,6,10,0,0,16,0,58,13,1,72,6,68,13,1,88,20,0,20,108
10/15/2013,MKK,HI,AWP,WE,Federal Contract Tower,4,17,0,2,23,0,62,5,2,69,4,79,5,4,92,16,0,16,108
10/16/2013,MKK,HI,AWP,WE,Federal Contract Tower,4,10,0,0,14,0,64,11,5,80,4,74,11,5,94,10,80,90,184
10/17/2013,MKK,HI,AWP,WE,Federal Contract Tower,4,15,1,2,22,0,70,0,2,72,4,85,1,4,94,0,36,36,130
10/18/2013,MKK,HI,AWP,WE,Federal Contract Tower,4,13,0,0,17,0,61,8,0,69,4,74,8,0,86,2,0,2,88
10/19/2013,MKK,HI,AWP,WE,Federal Contract Tower,6,11,1,0,18,0,58,3,0,61,6,69,4,0,79,6,0,6,85
10/20/2013,MKK,HI,AWP,WE,Federal Contract Tower,6,15,1,1,23,0,38,2,0,40,6,53,3,1,63,2,0,2,65
10/21/2013,MKK,HI,AWP,WE,Federal Contract Tower,4,20,0,1,25,0,50,2,0,52,4,70,2,1,77,4,0,4,81
10/22/2013,MKK,HI,AWP,WE,Federal Contract Tower,5,12,0,0,17,0,55,8,12,75,5,67,8,12,92,0,60,60,152
10/23/2013,MKK,HI,AWP,WE,Federal Contract Tower,4,16,4,2,26,0,59,15,18,92,4,75,19,20,118,0,44,44,162
10/24/2013,MKK,HI,AWP,WE,Federal Contract Tower,6,16,4,3,29,0,53,8,5,66,6,69,12,8,95,14,58,72,167
10/25/2013,MKK,HI,AWP,WE,Federal Contract Tower,6,20,0,4,30,0,78,6,0,84,6,98,6,4,114,2,0,2,116
10/26/2013,MKK,HI,AWP,WE,Federal Contract Tower,4,11,0,4,19,0,47,6,1,54,4,58,6,5,73,0,0,0,73
10/27/2013,MKK,HI,AWP,WE,Federal Contract Tower,6,7,6,2,21,0,33,29,0,62,6,40,35,2,83,0,0,0,83
10/28/2013,MKK,HI,AWP,WE,Federal Contract Tower,6,17,2,2,27,0,50,7,4,61,6,67,9,6,88,0,30,30,118
10/29/2013,MKK,HI,AWP,WE,Federal Contract Tower,6,14,0,0,20,0,60,5,9,74,6,74,5,9,94,0,54,54,148
10/30/2013,MKK,HI,AWP,WE,Federal Contract Tower,6,13,1,3,23,0,65,13,0,78,6,78,14,3,101,0,0,0,101
10/31/2013,MKK,HI,AWP,WE,Federal Contract Tower,6,9,0,1,16,0,68,8,4,80,6,77,8,5,96,4,20,24,120
11/01/2013,MKK,HI,AWP,WE,Federal Contract Tower,4,19,0,0,23,0,52,7,2,61,4,71,7,2,84,0,0,0,84
11/02/2013,MKK,HI,AWP,WE,Federal Contract Tower,4,7,0,0,11,0,46,0,0,46,4,53,0,0,57,12,0,12,69
11/03/2013,MKK,HI,AWP,WE,Federal Contract Tower,4,9,2,0,15,0,38,6,0,44,4,47,8,0,59,0,0,0,59
11/04/2013,MKK,HI,AWP,WE,Federal Contract Tower,4,14,1,2,21,0,56,5,0,61,4,70,6,2,82,6,10,16,98
11/05/2013,MKK,HI,AWP,WE,Federal Contract Tower,4,11,0,0,15,0,46,13,0,59,4,57,13,0,74,6,0,6,80
11/06/2013,MKK,HI,AWP,WE,Federal Contract Tower,4,13,0,1,18,0,57,10,14,81,4,70,10,15,99,2,110,112,211
11/07/2013,MKK,HI,AWP,WE,Federal Contract Tower,4,16,2,3,25,0,56,3,2,61,4,72,5,5,86,0,24,24,110
11/08/2013,MKK,HI,AWP,WE,Federal Contract Tower,3,15,1,0,19,0,72,20,6,98,3,87,21,6,117,3,18,21,138
11/09/2013,MKK,HI,AWP,WE,Federal Contract Tower,2,20,3,0,25,0,55,2,0,57,2,75,5,0,82,0,0,0,82
11/10/2013,MKK,HI,AWP,WE,Federal Contract Tower,4,26,1,0,31,0,27,2,0,29,4,53,3,0,60,0,0,0,60
11/11/2013,MKK,HI,AWP,WE,Federal Contract Tower,2,5,1,0,8,0,49,4,6,59,2,54,5,6,67,0,0,0,67
11/12/2013,MKK,HI,AWP,WE,Federal Contract Tower,4,21,2,2,29,0,61,6,2,69,4,82,8,4,98,0,42,42,140
11/13/2013,MKK,HI,AWP,WE,Federal Contract Tower,4,23,0,2,29,0,65,15,5,85,4,88,15,7,114,4,60,64,178
11/14/2013,MKK,HI,AWP,WE,Federal Contract Tower,4,37,1,0,42,0,1,0,0,1,4,38,1,0,43,0,0,0,43
11/15/2013,MKK,HI,AWP,WE,Federal Contract Tower,4,28,0,2,34,0,40,5,0,45,4,68,5,2,79,0,0,0,79
11/16/2013,MKK,HI,AWP,WE,Federal Contract Tower,4,17,0,0,21,0,42,8,0,50,4,59,8,0,71,0,0,0,71
11/17/2013,MKK,HI,AWP,WE,Federal Contract Tower,4,14,3,0,21,0,38,11,0,49,4,52,14,0,70,0,0,0,70
11/18/2013,MKK,HI,AWP,WE,Federal Contract Tower,4,18,0,0,22,0,58,20,4,82,4,76,20,4,104,0,26,26,130
11/19/2013,MKK,HI,AWP,WE,Federal Contract Tower,4,15,0,0,19,0,75,12,3,90,4,90,12,3,109,24,45,69,178
11/20/2013,MKK,HI,AWP,WE,Federal Contract Tower,4,15,0,0,19,0,53,5,0,58,4,68,5,0,77,0,0,0,77
11/21/2013,MKK,HI,AWP,WE,Federal Contract Tower,4,23,0,6,33,0,64,2,0,66,4,87,2,6,99,4,0,4,103
11/22/2013,MKK,HI,AWP,WE,Federal Contract Tower,4,13,0,3,20,0,59,9,5,73,4,72,9,8,93,0,0,0,93
11/23/2013,MKK,HI,AWP,WE,Federal Contract Tower,4,12,0,0,16,0,58,10,0,68,4,70,10,0,84,2,0,2,86
11/24/2013,MKK,HI,AWP,WE,Federal Contract Tower,3,7,2,0,12,1,28,5,0,34,4,35,7,0,46,14,0,14,60
11/25/2013,MKK,HI,AWP,WE,Federal Contract Tower,4,15,1,2,22,0,57,4,8,69,4,72,5,10,91,0,8,8,99
11/26/2013,MKK,HI,AWP,WE,Federal Contract Tower,4,10,0,8,22,0,58,12,2,72,4,68,12,10,94,10,0,10,104
11/27/2013,MKK,HI,AWP,WE,Federal Contract Tower,6,20,3,0,29,0,1,0,0,1,6,21,3,0,30,6,0,6,36
11/28/2013,MKK,HI,AWP,WE,Federal Contract Tower,4,0,0,0,4,0,26,7,0,33,4,26,7,0,37,3,0,3,40
11/29/2013,MKK,HI,AWP,WE,Federal Contract Tower,4,14,0,0,18,0,46,3,0,49,4,60,3,0,67,0,0,0,67
11/30/2013,MKK,HI,AWP,WE,Federal Contract Tower,4,18,0,0,22,0,40,4,0,44,4,58,4,0,66,0,0,0,66
12/01/2013,MKK,HI,AWP,WE,Federal Contract Tower,4,29,0,0,33,42,3,0,0,45,46,32,0,0,78,0,0,0,78
12/02/2013,MKK,HI,AWP,WE,Federal Contract Tower,4,21,0,0,25,0,53,10,2,65,4,74,10,2,90,0,0,0,90
12/03/2013,MKK,HI,AWP,WE,Federal Contract Tower,4,14,0,3,21,0,62,9,4,75,4,76,9,7,96,8,8,16,112
12/04/2013,MKK,HI,AWP,WE,Federal Contract Tower,4,16,0,0,20,0,53,13,1,67,4,69,13,1,87,4,10,14,101
12/05/2013,MKK,HI,AWP,WE,Federal Contract Tower,4,21,1,1,27,0,0,0,0,0,4,21,1,1,27,10,4,14,41
12/06/2013,MKK,HI,AWP,WE,Federal Contract Tower,4,13,2,2,21,0,47,26,1,74,4,60,28,3,95,2,0,2,97
12/07/2013,MKK,HI,AWP,WE,Federal Contract Tower,4,10,1,0,15,0,48,3,0,51,4,58,4,0,66,8,0,8,74
12/08/2013,MKK,HI,AWP,WE,Federal Contract Tower,4,6,2,0,12,0,39,8,0,47,4,45,10,0,59,18,0,18,77
12/09/2013,MKK,HI,AWP,WE,Federal Contract Tower,4,21,2,0,27,0,58,11,2,71,4,79,13,2,98,38,20,58,156
12/10/2013,MKK,HI,AWP,WE,Federal Contract Tower,4,21,0,0,25,0,52,11,3,66,4,73,11,3,91,16,32,48,139
12/11/2013,MKK,HI,AWP,WE,Federal Contract Tower,4,21,0,0,25,0,55,15,2,72,4,76,15,2,97,2,40,42,139
12/12/2013,MKK,HI,AWP,WE,Federal Contract Tower,4,17,0,0,21,0,53,26,10,89,4,70,26,10,110,12,31,43,153
12/13/2013,MKK,HI,AWP,WE,Federal Contract Tower,4,17,0,0,21,0,48,16,2,66,4,65,16,2,87,30,20,50,137
12/14/2013,MKK,HI,AWP,WE,Federal Contract Tower,4,13,0,0,17,0,48,12,0,60,4,61,12,0,77,8,0,8,85
12/15/2013,MKK,HI,AWP,WE,Federal Contract Tower,4,16,0,0,20,0,30,10,0,40,4,46,10,0,60,6,0,6,66
12/16/2013,MKK,HI,AWP,WE,Federal Contract Tower,4,25,1,2,32,0,69,6,6,81,4,94,7,8,113,16,36,52,165
12/17/2013,MKK,HI,AWP,WE,Federal Contract Tower,4,22,0,2,28,0,57,22,4,83,4,79,22,6,111,10,48,58,169
12/18/2013,MKK,HI,AWP,WE,Federal Contract Tower,3,16,0,0,19,0,54,11,3,68,3,70,11,3,87,0,15,15,102
12/19/2013,MKK,HI,AWP,WE,Federal Contract Tower,4,19,2,2,27,0,39,10,4,53,4,58,12,6,80,16,8,24,104
12/20/2013,MKK,HI,AWP,WE,Federal Contract Tower,4,20,0,0,24,0,48,14,0,62,4,68,14,0,86,6,0,6,92
12/21/2013,MKK,HI,AWP,WE,Federal Contract Tower,4,22,1,0,27,0,39,3,0,42,4,61,4,0,69,40,0,40,109
12/22/2013,MKK,HI,AWP,WE,Federal Contract Tower,4,21,3,0,28,0,46,16,0,62,4,67,19,0,90,22,0,22,112
12/23/2013,MKK,HI,AWP,WE,Federal Contract Tower,4,26,0,0,30,0,67,20,2,89,4,93,20,2,119,16,0,16,135
12/24/2013,MKK,HI,AWP,WE,Federal Contract Tower,4,30,0,0,34,0,43,5,2,50,4,73,5,2,84,0,0,0,84
12/25/2013,MKK,HI,AWP,WE,Federal Contract Tower,4,9,2,0,15,0,30,7,0,37,4,39,9,0,52,18,0,18,70
12/26/2013,MKK,HI,AWP,WE,Federal Contract Tower,4,24,1,0,29,0,37,13,0,50,4,61,14,0,79,12,0,12,91
12/27/2013,MKK,HI,AWP,WE,Federal Contract Tower,4,21,0,0,25,0,39,16,0,55,4,60,16,0,80,12,0,12,92
12/28/2013,MKK,HI,AWP,WE,Federal Contract Tower,4,19,4,0,27,0,39,13,0,52,4,58,17,0,79,16,0,16,95
12/29/2013,MKK,HI,AWP,WE,Federal Contract Tower,4,12,0,0,16,0,49,7,0,56,4,61,7,0,72,4,0,4,76
12/30/2013,MKK,HI,AWP,WE,Federal Contract Tower,4,26,2,0,32,0,47,10,0,57,4,73,12,0,89,18,0,18,107
12/31/2013,MKK,HI,AWP,WE,Federal Contract Tower,4,20,0,0,24,0,48,15,0,63,4,68,15,0,87,20,0,20,107
01/01/2014,MKK,HI,AWP,WE,Federal Contract Tower,4,13,1,0,18,0,23,4,0,27,4,36,5,0,45,4,0,4,49
01/02/2014,MKK,HI,AWP,WE,Federal Contract Tower,2,25,1,0,28,0,32,10,0,42,2,57,11,0,70,0,0,0,70
01/03/2014,MKK,HI,AWP,WE,Federal Contract Tower,6,32,5,0,43,0,42,10,0,52,6,74,15,0,95,4,0,4,99
01/04/2014,MKK,HI,AWP,WE,Federal Contract Tower,4,18,2,0,24,0,35,8,0,43,4,53,10,0,67,12,0,12,79
01/05/2014,MKK,HI,AWP,WE,Federal Contract Tower,4,8,3,0,15,0,31,18,0,49,4,39,21,0,64,2,0,2,66
01/06/2014,MKK,HI,AWP,WE,Federal Contract Tower,4,18,0,0,22,0,42,6,0,48,4,60,6,0,70,6,0,6,76
01/07/2014,MKK,HI,AWP,WE,Federal Contract Tower,4,14,4,1,23,0,40,10,0,50,4,54,14,1,73,12,0,12,85
01/08/2014,MKK,HI,AWP,WE,Federal Contract Tower,4,29,0,1,34,0,32,1,2,35,4,61,1,3,69,4,6,10,79
01/09/2014,MKK,HI,AWP,WE,Federal Contract Tower,3,21,0,1,25,0,38,4,0,42,3,59,4,1,67,2,0,2,69
01/10/2014,MKK,HI,AWP,WE,Federal Contract Tower,4,26,0,2,32,0,39,8,2,49,4,65,8,4,81,0,8,8,89
01/11/2014,MKK,HI,AWP,WE,Federal Contract Tower,2,18,1,0,21,0,42,1,0,43,2,60,2,0,64,0,0,0,64
01/12/2014,MKK,HI,AWP,WE,Federal Contract Tower,2,9,0,0,11,0,34,15,0,49,2,43,15,0,60,2,0,2,62
01/13/2014,MKK,HI,AWP,WE,Federal Contract Tower,2,18,0,1,21,0,41,11,4,56,2,59,11,5,77,0,8,8,85
01/14/2014,MKK,HI,AWP,WE,Federal Contract Tower,4,24,5,3,36,0,33,14,0,47,4,57,19,3,83,8,0,8,91
01/15/2014,MKK,HI,AWP,WE,Federal Contract Tower,2,17,1,1,21,0,37,18,10,65,2,54,19,11,86,10,12,22,108
01/16/2014,MKK,HI,AWP,WE,Federal Contract Tower,4,21,1,0,26,0,32,18,6,56,4,53,19,6,82,0,34,34,116
01/17/2014,MKK,HI,AWP,WE,Federal Contract Tower,4,26,0,0,30,0,50,14,0,64,4,76,14,0,94,10,0,10,104
01/18/2014,MKK,HI,AWP,WE,Federal Contract Tower,5,10,2,0,17,0,42,16,0,58,5,52,18,0,75,8,0,8,83
01/19/2014,MKK,HI,AWP,WE,Federal Contract Tower,4,9,0,0,13,0,37,9,0,46,4,46,9,0,59,0,0,0,59
01/20/2014,MKK,HI,AWP,WE,Federal Contract Tower,4,15,4,0,23,0,41,31,0,72,4,56,35,0,95,10,0,10,105
01/21/2014,MKK,HI,AWP,WE,Federal Contract Tower,3,25,0,1,29,0,39,5,0,44,3,64,5,1,73,14,10,24,97
01/22/2014,MKK,HI,AWP,WE,Federal Contract Tower,4,32,0,0,36,0,33,4,0,37,4,65,4,0,73,16,2,18,91
01/23/2014,MKK,HI,AWP,WE,Federal Contract Tower,3,37,3,1,44,0,25,13,4,42,3,62,16,5,86,8,12,20,106
01/24/2014,MKK,HI,AWP,WE,Federal Contract Tower,3,43,0,0,46,0,42,23,2,67,3,85,23,2,113,30,0,30,143
01/25/2014,MKK,HI,AWP,WE,Federal Contract Tower,4,33,2,0,39,0,25,3,0,28,4,58,5,0,67,12,0,12,79
01/26/2014,MKK,HI,AWP,WE,Federal Contract Tower,2,17,3,0,22,0,7,7,0,14,2,24,10,0,36,0,0,0,36
01/27/2014,MKK,HI,AWP,WE,Federal Contract Tower,5,45,2,2,54,0,9,2,1,12,5,54,4,3,66,0,0,0,66
01/28/2014,MKK,HI,AWP,WE,Federal Contract Tower,4,40,2,1,47,0,12,5,4,21,4,52,7,5,68,0,16,16,84
01/29/2014,MKK,HI,AWP,WE,Federal Contract Tower,4,39,0,0,43,0,17,1,0,18,4,56,1,0,61,0,8,8,69
01/30/2014,MKK,HI,AWP,WE,Federal Contract Tower,4,39,4,0,47,0,25,15,10,50,4,64,19,10,97,4,56,60,157
01/31/2014,MKK,HI,AWP,WE,Federal Contract Tower,3,38,2,0,43,0,19,12,5,36,3,57,14,5,79,10,4,14,93
02/01/2014,MKK,HI,AWP,WE,Federal Contract Tower,2,40,3,0,45,0,13,7,0,20,2,53,10,0,65,0,0,0,65
02/02/2014,MKK,HI,AWP,WE,Federal Contract Tower,4,27,3,0,34,0,14,6,0,20,4,41,9,0,54,0,0,0,54
02/03/2014,MKK,HI,AWP,WE,Federal Contract Tower,2,42,3,0,47,0,11,5,0,16,2,53,8,0,63,0,0,0,63
02/04/2014,MKK,HI,AWP,WE,Federal Contract Tower,4,45,0,0,49,0,11,1,0,12,4,56,1,0,61,0,0,0,61
02/05/2014,MKK,HI,AWP,WE,Federal Contract Tower,4,45,0,3,52,0,17,2,0,19,4,62,2,3,71,0,0,0,71
02/06/2014,MKK,HI,AWP,WE,Federal Contract Tower,3,48,2,0,53,1,15,0,0,16,4,63,2,0,69,0,0,0,69
02/07/2014,MKK,HI,AWP,WE,Federal Contract Tower,2,45,0,0,47,0,16,3,0,19,2,61,3,0,66,2,0,2,68
02/08/2014,MKK,HI,AWP,WE,Federal Contract Tower,2,34,1,0,37,0,6,4,0,10,2,40,5,0,47,0,0,0,47
02/09/2014,MKK,HI,AWP,WE,Federal Contract Tower,4,32,0,0,36,0,16,2,0,18,4,48,2,0,54,2,0,2,56
02/10/2014,MKK,HI,AWP,WE,Federal Contract Tower,3,41,0,0,44,0,26,20,2,48,3,67,20,2,92,16,14,30,122
02/11/2014,MKK,HI,AWP,WE,Federal Contract Tower,2,40,1,0,43,0,23,3,0,26,2,63,4,0,69,0,0,0,69
02/12/2014,MKK,HI,AWP,WE,Federal Contract Tower,2,34,0,1,37,0,25,12,2,39,2,59,12,3,76,8,18,26,102
02/13/2014,MKK,HI,AWP,WE,Federal Contract Tower,3,26,1,0,30,0,36,10,7,53,3,62,11,7,83,11,10,21,104
02/14/2014,MKK,HI,AWP,WE,Federal Contract Tower,2,34,0,0,36,0,39,9,0,48,2,73,9,0,84,2,0,2,86
02/15/2014,MKK,HI,AWP,WE,Federal Contract Tower,4,27,0,0,31,37,13,0,0,50,41,40,0,0,81,14,0,14,95
02/16/2014,MKK,HI,AWP,WE,Federal Contract Tower,4,19,1,0,24,0,26,7,0,33,4,45,8,0,57,0,0,0,57
02/17/2014,MKK,HI,AWP,WE,Federal Contract Tower,4,28,3,0,35,0,35,4,0,39,4,63,7,0,74,10,0,10,84
02/18/2014,MKK,HI,AWP,WE,Federal Contract Tower,4,23,5,3,35,0,34,14,0,48,4,57,19,3,83,2,0,2,85
02/19/2014,MKK,HI,AWP,WE,Federal Contract Tower,4,16,2,0,22,0,44,5,4,53,4,60,7,4,75,14,0,14,89
02/20/2014,MKK,HI,AWP,WE,Federal Contract Tower,4,21,0,0,25,0,31,9,5,45,4,52,9,5,70,4,24,28,98
02/21/2014,MKK,HI,AWP,WE,Federal Contract Tower,3,31,0,0,34,0,54,16,2,72,3,85,16,2,106,2,10,12,118
02/22/2014,MKK,HI,AWP,WE,Federal Contract Tower,2,19,1,0,22,0,43,11,0,54,2,62,12,0,76,14,0,14,90
02/23/2014,MKK,HI,AWP,WE,Federal Contract Tower,5,7,0,0,12,0,37,12,0,49,5,44,12,0,61,4,0,4,65
02/24/2014,MKK,HI,AWP,WE,Federal Contract Tower,5,19,0,4,28,0,69,18,2,89,5,88,18,6,117,4,38,42,159
02/25/2014,MKK,HI,AWP,WE,Federal Contract Tower,4,32,2,0,38,0,68,4,2,74,4,100,6,2,112,0,0,0,112
02/26/2014,MKK,HI,AWP,WE,Federal Contract Tower,1,27,1,2,31,0,60,3,0,63,1,87,4,2,94,10,0,10,104
02/27/2014,MKK,HI,AWP,WE,Federal Contract Tower,4,20,0,2,26,0,53,9,2,64,4,73,9,4,90,18,12,30,120
02/28/2014,MKK,HI,AWP,WE,Federal Contract Tower,4,26,0,1,31,0,41,13,1,55,4,67,13,2,86,6,0,6,92
03/01/2014,MKK,HI,AWP,WE,Federal Contract Tower,3,27,2,0,32,0,30,4,0,34,3,57,6,0,66,0,0,0,66
03/02/2014,MKK,HI,AWP,WE,Federal Contract Tower,3,27,2,0,32,0,17,5,0,22,3,44,7,0,54,0,0,0,54
03/03/2014,MKK,HI,AWP,WE,Federal Contract Tower,4,24,2,0,30,0,54,6,10,70,4,78,8,10,100,0,44,44,144
03/04/2014,MKK,HI,AWP,WE,Federal Contract Tower,5,27,0,2,34,0,52,5,0,57,5,79,5,2,91,2,2,4,95
03/05/2014,MKK,HI,AWP,WE,Federal Contract Tower,6,23,2,1,32,0,48,11,0,59,6,71,13,1,91,2,32,34,125
03/06/2014,MKK,HI,AWP,WE,Federal Contract Tower,2,25,2,0,29,0,44,4,0,48,2,69,6,0,77,4,10,14,91
03/07/2014,MKK,HI,AWP,WE,Federal Contract Tower,2,33,0,1,36,0,27,5,0,32,2,60,5,1,68,4,0,4,72
03/08/2014,MKK,HI,AWP,WE,Federal Contract Tower,3,29,2,0,34,0,28,6,0,34,3,57,8,0,68,8,0,8,76
03/09/2014,MKK,HI,AWP,WE,Federal Contract Tower,3,21,2,0,26,0,35,7,0,42,3,56,9,0,68,2,0,2,70
03/10/2014,MKK,HI,AWP,WE,Federal Contract Tower,6,32,0,2,40,0,59,7,0,66,6,91,7,2,106,2,0,2,108
03/11/2014,MKK,HI,AWP,WE,Federal Contract Tower,7,18,0,0,25,0,61,7,0,68,7,79,7,0,93,12,0,12,105
03/12/2014,MKK,HI,AWP,WE,Federal Contract Tower,6,25,0,0,31,0,58,2,0,60,6,83,2,0,91,0,2,2,93
03/13/2014,MKK,HI,AWP,WE,Federal Contract Tower,4,27,0,2,33,0,54,9,2,65,4,81,9,4,98,6,0,6,104
03/14/2014,MKK,HI,AWP,WE,Federal Contract Tower,3,25,0,0,28,0,50,22,5,77,3,75,22,5,105,10,32,42,147
03/15/2014,MKK,HI,AWP,WE,Federal Contract Tower,2,34,0,0,36,0,31,0,0,31,2,65,0,0,67,0,0,0,67
03/16/2014,MKK,HI,AWP,WE,Federal Contract Tower,3,20,1,0,24,0,49,12,0,61,3,69,13,0,85,4,0,4,89
03/17/2014,MKK,HI,AWP,WE,Federal Contract Tower,4,32,0,8,44,0,56,18,2,76,4,88,18,10,120,6,8,14,134
03/18/2014,MKK,HI,AWP,WE,Federal Contract Tower,4,28,0,3,35,0,57,11,0,68,4,85,11,3,103,16,0,16,119
03/19/2014,MKK,HI,AWP,WE,Federal Contract Tower,4,24,4,1,33,0,58,7,0,65,4,82,11,1,98,8,20,28,126
03/20/2014,MKK,HI,AWP,WE,Federal Contract Tower,4,22,0,0,26,0,58,6,0,64,4,80,6,0,90,2,18,20,110
03/21/2014,MKK,HI,AWP,WE,Federal Contract Tower,3,40,0,0,43,0,51,10,2,63,3,91,10,2,106,0,15,15,121
03/22/2014,MKK,HI,AWP,WE,Federal Contract Tower,4,43,2,0,49,0,38,7,0,45,4,81,9,0,94,6,0,6,100
03/23/2014,MKK,HI,AWP,WE,Federal Contract Tower,4,19,0,0,23,0,51,12,0,63,4,70,12,0,86,4,0,4,90
03/24/2014,MKK,HI,AWP,WE,Federal Contract Tower,4,29,0,2,35,0,62,17,0,79,4,91,17,2,114,8,0,8,122
03/25/2014,MKK,HI,AWP,WE,Federal Contract Tower,2,19,1,0,22,0,57,8,0,65,2,76,9,0,87,12,0,12,99
03/26/2014,MKK,HI,AWP,WE,Federal Contract Tower,4,23,2,0,29,0,56,6,0,62,4,79,8,0,91,6,0,6,97
03/27/2014,MKK,HI,AWP,WE,Federal Contract Tower,4,26,1,0,31,0,58,14,0,72,4,84,15,0,103,4,16,20,123
03/28/2014,MKK,HI,AWP,WE,Federal Contract Tower,4,32,0,0,36,0,47,7,0,54,4,79,7,0,90,6,0,6,96
03/29/2014,MKK,HI,AWP,WE,Federal Contract Tower,3,25,0,0,28,0,38,2,0,40,3,63,2,0,68,6,0,6,74
03/30/2014,MKK,HI,AWP,WE,Federal Contract Tower,4,12,0,0,16,0,45,17,0,62,4,57,17,0,78,6,0,6,84
03/31/2014,MKK,HI,AWP,WE,Federal Contract Tower,4,23,0,2,29,0,53,9,2,64,4,76,9,4,93,12,30,42,135
04/01/2014,MKK,HI,AWP,WE,Federal Contract Tower,6,31,3,0,40,0,60,4,0,64,6,91,7,0,104,8,0,8,112
04/02/2014,MKK,HI,AWP,WE,Federal Contract Tower,0,23,0,3,26,0,60,3,0,63,0,83,3,3,89,0,0,0,89
04/03/2014,MKK,HI,AWP,WE,Federal Contract Tower,0,27,1,2,30,0,50,4,2,56,0,77,5,4,86,6,0,6,92
04/04/2014,MKK,HI,AWP,WE,Federal Contract Tower,0,26,0,0,26,0,43,9,0,52,0,69,9,0,78,0,0,0,78
04/05/2014,MKK,HI,AWP,WE,Federal Contract Tower,0,21,0,0,21,0,48,10,0,58,0,69,10,0,79,10,0,10,89
04/06/2014,MKK,HI,AWP,WE,Federal Contract Tower,0,16,1,0,17,0,35,14,0,49,0,51,15,0,66,22,0,22,88
04/07/2014,MKK,HI,AWP,WE,Federal Contract Tower,2,53,0,0,55,0,0,0,0,0,2,53,0,0,55,0,0,0,55
04/08/2014,MKK,HI,AWP,WE,Federal Contract Tower,0,22,0,0,22,0,60,3,4,67,0,82,3,4,89,0,22,22,111
04/09/2014,MKK,HI,AWP,WE,Federal Contract Tower,0,25,0,0,25,0,56,12,2,70,0,81,12,2,95,10,16,26,121
04/10/2014,MKK,HI,AWP,WE,Federal Contract Tower,0,30,0,0,30,0,54,3,0,57,0,84,3,0,87,0,34,34,121
04/11/2014,MKK,HI,AWP,WE,Federal Contract Tower,0,26,0,0,26,0,52,13,0,65,0,78,13,0,91,10,0,10,101
04/12/2014,MKK,HI,AWP,WE,Federal Contract Tower,0,32,0,0,32,0,37,6,0,43,0,69,6,0,75,6,0,6,81
04/13/2014,MKK,HI,AWP,WE,Federal Contract Tower,0,21,2,0,23,0,47,4,1,52,0,68,6,1,75,0,0,0,75
04/14/2014,MKK,HI,AWP,WE,Federal Contract Tower,0,36,1,1,38,0,56,2,0,58,0,92,3,1,96,0,0,0,96
04/15/2014,MKK,HI,AWP,WE,Federal Contract Tower,0,31,0,2,33,0,54,8,0,62,0,85,8,2,95,6,0,6,101
04/16/2014,MKK,HI,AWP,WE,Federal Contract Tower,0,25,0,2,27,0,63,10,0,73,0,88,10,2,100,0,0,0,100
04/17/2014,MKK,HI,AWP,WE,Federal Contract Tower,0,26,0,0,26,0,54,6,0,60,0,80,6,0,86,8,10,18,104
04/18/2014,MKK,HI,AWP,WE,Federal Contract Tower,0,29,0,0,29,0,56,4,0,60,0,85,4,0,89,12,0,12,101
04/19/2014,MKK,HI,AWP,WE,Federal Contract Tower,0,32,0,0,32,0,27,1,0,28,0,59,1,0,60,6,0,6,66
04/20/2014,MKK,HI,AWP,WE,Federal Contract Tower,0,26,0,0,26,0,27,8,0,35,0,53,8,0,61,6,0,6,67
04/21/2014,MKK,HI,AWP,WE,Federal Contract Tower,0,38,0,0,38,0,33,3,0,36,0,71,3,0,74,0,0,0,74
04/22/2014,MKK,HI,AWP,WE,Federal Contract Tower,0,24,1,0,25,0,50,6,0,56,0,74,7,0,81,0,30,30,111
04/23/2014,MKK,HI,AWP,WE,Federal Contract Tower,0,28,0,1,29,0,50,2,0,52,0,78,2,1,81,10,0,10,91
04/24/2014,MKK,HI,AWP,WE,Federal Contract Tower,0,27,1,4,32,0,45,4,1,50,0,72,5,5,82,2,6,8,90
04/25/2014,MKK,HI,AWP,WE,Federal Contract Tower,0,35,0,0,35,0,43,3,0,46,0,78,3,0,81,2,0,2,83
04/26/2014,MKK,HI,AWP,WE,Federal Contract Tower,0,23,0,0,23,0,40,8,0,48,0,63,8,0,71,4,0,4,75
04/27/2014,MKK,HI,AWP,WE,Federal Contract Tower,0,24,0,0,24,0,33,9,0,42,0,57,9,0,66,0,0,0,66
04/28/2014,MKK,HI,AWP,WE,Federal Contract Tower,0,26,0,0,26,0,62,5,0,67,0,88,5,0,93,0,0,0,93
04/29/2014,MKK,HI,AWP,WE,Federal Contract Tower,0,26,0,0,26,0,51,5,0,56,0,77,5,0,82,2,30,32,114
04/30/2014,MKK,HI,AWP,WE,Federal Contract Tower,0,31,2,0,33,0,53,3,1,57,0,84,5,1,90,2,32,34,124
05/01/2014,MKK,HI,AWP,WE,Federal Contract Tower,0,29,0,0,29,0,37,2,0,39,0,66,2,0,68,0,0,0,68
05/02/2014,MKK,HI,AWP,WE,Federal Contract Tower,0,41,0,0,41,0,35,5,0,40,0,76,5,0,81,10,0,10,91
05/03/2014,MKK,HI,AWP,WE,Federal Contract Tower,0,19,0,0,19,0,50,11,0,61,0,69,11,0,80,14,0,14,94
05/04/2014,MKK,HI,AWP,WE,Federal Contract Tower,0,6,0,0,6,0,41,15,0,56,0,47,15,0,62,6,0,6,68
05/05/2014,MKK,HI,AWP,WE,Federal Contract Tower,0,22,0,0,22,0,57,10,0,67,0,79,10,0,89,8,0,8,97
05/06/2014,MKK,HI,AWP,WE,Federal Contract Tower,0,21,0,0,21,0,49,12,1,62,0,70,12,1,83,6,0,6,89
05/07/2014,MKK,HI,AWP,WE,Federal Contract Tower,0,25,0,6,31,0,59,11,2,72,0,84,11,8,103,32,6,38,141
05/08/2014,MKK,HI,AWP,WE,Federal Contract Tower,0,35,0,0,35,0,45,6,0,51,0,80,6,0,86,2,0,2,88
05/09/2014,MKK,HI,AWP,WE,Federal Contract Tower,0,31,0,0,31,0,45,22,0,67,0,76,22,0,98,4,0,4,102
05/10/2014,MKK,HI,AWP,WE,Federal Contract Tower,0,21,0,0,21,0,47,2,0,49,0,68,2,0,70,6,0,6,76
05/11/2014,MKK,HI,AWP,WE,Federal Contract Tower,0,16,2,0,18,0,45,4,0,49,0,61,6,0,67,0,0,0,67
05/12/2014,MKK,HI,AWP,WE,Federal Contract Tower,0,55,0,0,55,0,25,4,0,29,0,80,4,0,84,0,0,0,84
05/13/2014,MKK,HI,AWP,WE,Federal Contract Tower,0,21,0,0,21,0,57,4,0,61,0,78,4,0,82,2,0,2,84
05/14/2014,MKK,HI,AWP,WE,Federal Contract Tower,0,26,0,0,26,0,49,4,2,55,0,75,4,2,81,4,14,18,99
05/15/2014,MKK,HI,AWP,WE,Federal Contract Tower,0,31,0,0,31,0,32,4,4,40,0,63,4,4,71,8,14,22,93
05/16/2014,MKK,HI,AWP,WE,Federal Contract Tower,0,19,0,0,19,0,52,20,0,72,0,71,20,0,91,0,0,0,91
05/17/2014,MKK,HI,AWP,WE,Federal Contract Tower,0,19,0,0,19,0,46,15,0,61,0,65,15,0,80,0,0,0,80
05/18/2014,MKK,HI,AWP,WE,Federal Contract Tower,0,9,0,0,9,0,50,8,0,58,0,59,8,0,67,2,0,2,69
05/19/2014,MKK,HI,AWP,WE,Federal Contract Tower,0,18,0,2,20,0,65,7,0,72,0,83,7,2,92,12,0,12,104
05/20/2014,MKK,HI,AWP,WE,Federal Contract Tower,0,15,0,0,15,0,50,4,4,58,0,65,4,4,73,12,24,36,109
05/21/2014,MKK,HI,AWP,WE,Federal Contract Tower,0,25,0,0,25,0,49,7,2,58,0,74,7,2,83,0,0,0,83
05/22/2014,MKK,HI,AWP,WE,Federal Contract Tower,0,29,0,0,29,0,46,10,0,56,0,75,10,0,85,13,0,13,98
05/23/2014,MKK,HI,AWP,WE,Federal Contract Tower,0,35,0,0,35,0,48,12,0,60,0,83,12,0,95,4,0,4,99
05/24/2014,MKK,HI,AWP,WE,Federal Contract Tower,0,28,0,0,28,0,46,2,0,48,0,74,2,0,76,0,0,0,76
05/25/2014,MKK,HI,AWP,WE,Federal Contract Tower,0,21,0,0,21,0,35,3,0,38,0,56,3,0,59,0,0,0,59
05/26/2014,MKK,HI,AWP,WE,Federal Contract Tower,0,15,0,0,15,0,75,12,0,87,0,90,12,0,102,10,0,10,112
05/27/2014,MKK,HI,AWP,WE,Federal Contract Tower,0,31,3,2,36,0,65,2,0,67,0,96,5,2,103,0,0,0,103
05/28/2014,MKK,HI,AWP,WE,Federal Contract Tower,0,22,0,0,22,0,57,7,0,64,0,79,7,0,86,2,18,20,106
05/29/2014,MKK,HI,AWP,WE,Federal Contract Tower,0,29,0,0,29,0,52,5,0,57,0,81,5,0,86,12,0,12,98
05/30/2014,MKK,HI,AWP,WE,Federal Contract Tower,0,22,2,0,24,0,55,13,0,68,0,77,15,0,92,0,0,0,92
05/31/2014,MKK,HI,AWP,WE,Federal Contract Tower,0,19,1,0,20,0,47,11,0,58,0,66,12,0,78,2,0,2,80
06/01/2014,MKK,HI,AWP,WE,Federal Contract Tower,0,12,1,0,13,0,54,12,0,66,0,66,13,0,79,14,0,14,93
06/02/2014,MKK,HI,AWP,WE,Federal Contract Tower,0,23,0,0,23,0,70,7,3,80,0,93,7,3,103,26,0,26,129
06/03/2014,MKK,HI,AWP,WE,Federal Contract Tower,0,12,0,0,12,0,59,14,1,74,0,71,14,1,86,22,38,60,146
06/04/2014,MKK,HI,AWP,WE,Federal Contract Tower,0,23,2,3,28,0,58,13,0,71,0,81,15,3,99,2,0,2,101
06/05/2014,MKK,HI,AWP,WE,Federal Contract Tower,0,22,0,0,22,0,49,10,0,59,0,71,10,0,81,0,0,0,81
06/06/2014,MKK,HI,AWP,WE,Federal Contract Tower,0,25,0,0,25,0,49,7,2,58,0,74,7,2,83,2,0,2,85
06/07/2014,MKK,HI,AWP,WE,Federal Contract Tower,0,14,0,0,14,0,52,9,0,61,0,66,9,0,75,2,0,2,77
06/08/2014,MKK,HI,AWP,WE,Federal Contract Tower,0,13,0,0,13,0,46,16,0,62,0,59,16,0,75,12,0,12,87
06/09/2014,MKK,HI,AWP,WE,Federal Contract Tower,0,24,2,0,26,0,74,12,0,86,0,98,14,0,112,24,0,24,136
06/10/2014,MKK,HI,AWP,WE,Federal Contract Tower,0,31,3,0,34,0,51,13,2,66,0,82,16,2,100,10,4,14,114
06/11/2014,MKK,HI,AWP,WE,Federal Contract Tower,0,24,0,0,24,0,51,6,0,57,0,75,6,0,81,4,0,4,85
06/12/2014,MKK,HI,AWP,WE,Federal Contract Tower,0,23,0,0,23,0,46,13,0,59,0,69,13,0,82,8,0,8,90
06/13/2014,MKK,HI,AWP,WE,Federal Contract Tower,0,24,2,0,26,0,56,7,0,63,0,80,9,0,89,0,0,0,89
06/14/2014,MKK,HI,AWP,WE,Federal Contract Tower,0,12,0,0,12,0,52,11,0,63,0,64,11,0,75,0,0,0,75
06/15/2014,MKK,HI,AWP,WE,Federal Contract Tower,0,8,1,0,9,0,59,14,0,73,0,67,15,0,82,8,0,8,90
06/16/2014,MKK,HI,AWP,WE,Federal Contract Tower,0,14,0,0,14,0,66,7,0,73,0,80,7,0,87,12,0,12,99
06/17/2014,MKK,HI,AWP,WE,Federal Contract Tower,0,32,0,0,32,0,47,4,0,51,0,79,4,0,83,2,0,2,85
06/18/2014,MKK,HI,AWP,WE,Federal Contract Tower,0,26,0,4,30,0,55,19,0,74,0,81,19,4,104,10,30,40,144
06/19/2014,MKK,HI,AWP,WE,Federal Contract Tower,0,21,2,0,23,0,43,9,2,54,0,64,11,2,77,10,32,42,119
06/20/2014,MKK,HI,AWP,WE,Federal Contract Tower,0,26,0,0,26,0,60,16,0,76,0,86,16,0,102,0,0,0,102
06/21/2014,MKK,HI,AWP,WE,Federal Contract Tower,0,19,0,0,19,0,48,6,0,54,0,67,6,0,73,0,0,0,73
06/22/2014,MKK,HI,AWP,WE,Federal Contract Tower,0,13,0,0,13,0,64,18,0,82,0,77,18,0,95,24,0,24,119
06/23/2014,MKK,HI,AWP,WE,Federal Contract Tower,0,25,1,0,26,0,0,0,0,0,0,25,1,0,26,2,0,2,28
06/24/2014,MKK,HI,AWP,WE,Federal Contract Tower,0,25,2,0,27,0,57,10,0,67,0,82,12,0,94,4,0,4,98
06/25/2014,MKK,HI,AWP,WE,Federal Contract Tower,0,22,0,0,22,0,56,0,0,56,0,78,0,0,78,2,0,2,80
06/26/2014,MKK,HI,AWP,WE,Federal Contract Tower,0,32,0,4,36,0,39,6,0,45,0,71,6,4,81,0,0,0,81
06/27/2014,MKK,HI,AWP,WE,Federal Contract Tower,0,36,3,4,43,0,47,7,0,54,0,83,10,4,97,0,0,0,97
06/28/2014,MKK,HI,AWP,WE,Federal Contract Tower,0,17,0,0,17,0,48,10,0,58,0,65,10,0,75,14,0,14,89
06/29/2014,MKK,HI,AWP,WE,Federal Contract Tower,0,13,0,0,13,0,0,0,0,0,0,13,0,0,13,2,0,2,15
06/30/2014,MKK,HI,AWP,WE,Federal Contract Tower,0,22,0,2,24,0,40,7,0,47,0,62,7,2,71,0,0,0,71
07/01/2014,MKK,HI,AWP,WE,Federal Contract Tower,0,23,0,6,29,0,60,8,5,73,0,83,8,11,102,2,0,2,104
07/02/2014,MKK,HI,AWP,WE,Federal Contract Tower,0,26,0,4,30,0,61,7,1,69,0,87,7,5,99,8,0,8,107
07/03/2014,MKK,HI,AWP,WE,Federal Contract Tower,0,19,1,0,20,0,71,5,4,80,0,90,6,4,100,20,0,20,120
07/04/2014,MKK,HI,AWP,WE,Federal Contract Tower,0,16,0,0,16,0,42,4,0,46,0,58,4,0,62,0,0,0,62
07/05/2014,MKK,HI,AWP,WE,Federal Contract Tower,0,20,1,0,21,0,36,3,0,39,0,56,4,0,60,0,0,0,60
07/06/2014,MKK,HI,AWP,WE,Federal Contract Tower,0,8,0,0,8,0,58,13,0,71,0,66,13,0,79,0,0,0,79
07/07/2014,MKK,HI,AWP,WE,Federal Contract Tower,0,32,0,0,32,0,61,3,0,64,0,93,3,0,96,12,0,12,108
07/08/2014,MKK,HI,AWP,WE,Federal Contract Tower,0,29,0,1,30,0,58,9,1,68,0,87,9,2,98,12,0,12,110
07/09/2014,MKK,HI,AWP,WE,Federal Contract Tower,0,25,0,0,25,0,63,6,4,73,0,88,6,4,98,2,0,2,100
07/10/2014,MKK,HI,AWP,WE,Federal Contract Tower,0,29,0,1,30,0,48,2,2,52,0,77,2,3,82,10,0,10,92
07/11/2014,MKK,HI,AWP,WE,Federal Contract Tower,0,34,0,0,34,0,60,9,0,69,0,94,9,0,103,0,0,0,103
07/12/2014,MKK,HI,AWP,WE,Federal Contract Tower,0,27,0,0,27,0,48,6,0,54,0,75,6,0,81,0,0,0,81
07/13/2014,MKK,HI,AWP,WE,Federal Contract Tower,0,20,0,0,20,0,52,3,0,55,0,72,3,0,75,0,0,0,75
07/14/2014,MKK,HI,AWP,WE,Federal Contract Tower,0,30,0,0,30,0,41,3,0,44,0,71,3,0,74,0,0,0,74
07/15/2014,MKK,HI,AWP,WE,Federal Contract Tower,0,33,1,2,36,0,36,2,4,42,0,69,3,6,78,0,34,34,112
07/16/2014,MKK,HI,AWP,WE,Federal Contract Tower,0,27,0,0,27,0,48,9,0,57,0,75,9,0,84,4,0,4,88
07/17/2014,MKK,HI,AWP,WE,Federal Contract Tower,0,45,3,1,49,0,42,2,2,46,0,87,5,3,95,12,14,26,121
07/18/2014,MKK,HI,AWP,WE,Federal Contract Tower,0,27,0,0,27,0,59,7,0,66,0,86,7,0,93,0,0,0,93
07/19/2014,MKK,HI,AWP,WE,Federal Contract Tower,0,35,2,0,37,0,51,14,0,65,0,86,16,0,102,0,0,0,102
07/20/2014,MKK,HI,AWP,WE,Federal Contract Tower,0,22,0,0,22,0,37,0,0,37,0,59,0,0,59,0,0,0,59
07/21/2014,MKK,HI,AWP,WE,Federal Contract Tower,0,34,0,2,36,0,47,11,0,58,0,81,11,2,94,0,0,0,94
07/22/2014,MKK,HI,AWP,WE,Federal Contract Tower,0,33,0,0,33,0,41,6,0,47,0,74,6,0,80,8,0,8,88
07/23/2014,MKK,HI,AWP,WE,Federal Contract Tower,0,28,2,1,31,0,43,7,1,51,0,71,9,2,82,0,0,0,82
07/24/2014,MKK,HI,AWP,WE,Federal Contract Tower,0,27,0,1,28,0,48,8,0,56,0,75,8,1,84,0,0,0,84
07/25/2014,MKK,HI,AWP,WE,Federal Contract Tower,0,23,2,0,25,0,53,8,0,61,0,76,10,0,86,0,0,0,86
07/26/2014,MKK,HI,AWP,WE,Federal Contract Tower,0,25,2,0,27,0,41,8,0,49,0,66,10,0,76,0,0,0,76
07/27/2014,MKK,HI,AWP,WE,Federal Contract Tower,0,21,0,0,21,0,42,2,3,47,0,63,2,3,68,0,4,4,72
07/28/2014,MKK,HI,AWP,WE,Federal Contract Tower,0,30,0,2,32,0,48,9,0,57,0,78,9,2,89,0,0,0,89
07/29/2014,MKK,HI,AWP,WE,Federal Contract Tower,0,23,0,0,23,0,60,16,2,78,0,83,16,2,101,20,20,40,141
07/30/2014,MKK,HI,AWP,WE,Federal Contract Tower,0,25,0,0,25,0,58,6,2,66,0,83,6,2,91,0,6,6,97
07/31/2014,MKK,HI,AWP,WE,Federal Contract Tower,0,17,1,1,19,0,63,3,0,66,0,80,4,1,85,6,0,6,91
08/01/2014,MKK,HI,AWP,WE,Federal Contract Tower,0,27,0,0,27,0,65,10,0,75,0,92,10,0,102,8,0,8,110
08/02/2014,MKK,HI,AWP,WE,Federal Contract Tower,0,22,2,0,24,0,51,6,0,57,0,73,8,0,81,0,0,0,81
08/03/2014,MKK,HI,AWP,WE,Federal Contract Tower,0,22,0,0,22,0,41,11,0,52,0,63,11,0,74,0,0,0,74
08/04/2014,MKK,HI,AWP,WE,Federal Contract Tower,0,33,0,0,33,0,62,3,2,67,0,95,3,2,100,0,0,0,100
08/05/2014,MKK,HI,AWP,WE,Federal Contract Tower,0,19,2,2,23,0,62,10,11,83,0,81,12,13,106,17,20,37,143
08/06/2014,MKK,HI,AWP,WE,Federal Contract Tower,0,18,1,1,20,0,61,8,3,72,0,79,9,4,92,2,88,90,182
08/07/2014,MKK,HI,AWP,WE,Federal Contract Tower,0,23,0,0,23,0,32,0,0,32,0,55,0,0,55,7,2,9,64
08/08/2014,MKK,HI,AWP,WE,Federal Contract Tower,0,10,0,0,10,0,0,0,0,0,0,10,0,0,10,0,0,0,10
08/09/2014,MKK,HI,AWP,WE,Federal Contract Tower,0,29,0,0,29,0,48,0,0,48,0,77,0,0,77,0,0,0,77
08/10/2014,MKK,HI,AWP,WE,Federal Contract Tower,0,12,0,0,12,0,36,0,0,36,0,48,0,0,48,0,0,0,48
08/11/2014,MKK,HI,AWP,WE,Federal Contract Tower,0,33,2,3,38,0,56,8,0,64,0,89,10,3,102,0,0,0,102
08/12/2014,MKK,HI,AWP,WE,Federal Contract Tower,0,30,2,2,34,0,51,7,2,60,0,81,9,4,94,6,0,6,100
08/13/2014,MKK,HI,AWP,WE,Federal Contract Tower,0,23,1,0,24,0,72,3,0,75,0,95,4,0,99,0,0,0,99
08/14/2014,MKK,HI,AWP,WE,Federal Contract Tower,0,24,0,1,25,0,51,18,0,69,0,75,18,1,94,2,2,4,98
08/15/2014,MKK,HI,AWP,WE,Federal Contract Tower,0,23,3,0,26,0,64,7,0,71,0,87,10,0,97,6,0,6,103
08/16/2014,MKK,HI,AWP,WE,Federal Contract Tower,0,26,0,0,26,0,48,3,0,51,0,74,3,0,77,5,0,5,82
08/17/2014,MKK,HI,AWP,WE,Federal Contract Tower,0,24,1,0,25,0,2,4,0,6,0,26,5,0,31,6,0,6,37
08/18/2014,MKK,HI,AWP,WE,Federal Contract Tower,0,30,1,2,33,0,69,22,0,91,0,99,23,2,124,0,0,0,124
08/19/2014,MKK,HI,AWP,WE,Federal Contract Tower,0,20,0,5,25,0,57,14,6,77,0,77,14,11,102,2,2,4,106
08/20/2014,MKK,HI,AWP,WE,Federal Contract Tower,0,19,2,4,25,0,68,3,4,75,0,87,5,8,100,2,14,16,116
08/21/2014,MKK,HI,AWP,WE,Federal Contract Tower,0,29,0,0,29,0,49,4,0,53,0,78,4,0,82,0,8,8,90
08/22/2014,MKK,HI,AWP,WE,Federal Contract Tower,0,36,0,0,36,0,51,7,0,58,0,87,7,0,94,0,0,0,94
08/23/2014,MKK,HI,AWP,WE,Federal Contract Tower,0,21,0,0,21,0,50,12,0,62,0,71,12,0,83,0,0,0,83
08/24/2014,MKK,HI,AWP,WE,Federal Contract Tower,0,18,0,0,18,0,60,4,0,64,0,78,4,0,82,4,0,4,86
08/25/2014,MKK,HI,AWP,WE,Federal Contract Tower,0,34,0,2,36,0,59,13,2,74,0,93,13,4,110,14,8,22,132
08/26/2014,MKK,HI,AWP,WE,Federal Contract Tower,0,24,0,0,24,0,67,10,4,81,0,91,10,4,105,6,14,20,125
08/27/2014,MKK,HI,AWP,WE,Federal Contract Tower,0,21,0,1,22,0,55,10,0,65,0,76,10,1,87,4,2,6,93
08/28/2014,MKK,HI,AWP,WE,Federal Contract Tower,0,20,1,0,21,0,56,4,0,60,0,76,5,0,81,2,0,2,83
08/29/2014,MKK,HI,AWP,WE,Federal Contract Tower,0,25,2,0,27,0,52,16,0,68,0,77,18,0,95,18,0,18,113
08/30/2014,MKK,HI,AWP,WE,Federal Contract Tower,0,24,0,0,24,0,47,11,0,58,0,71,11,0,82,2,0,2,84
08/31/2014,MKK,HI,AWP,WE,Federal Contract Tower,0,15,0,0,15,0,59,10,0,69,0,74,10,0,84,12,0,12,96
09/01/2014,MKK,HI,AWP,WE,Federal Contract Tower,0,23,0,0,23,0,69,6,0,75,0,92,6,0,98,0,0,0,98
09/02/2014,MKK,HI,AWP,WE,Federal Contract Tower,0,31,3,0,34,0,56,7,0,63,0,87,10,0,97,4,0,4,101
09/03/2014,MKK,HI,AWP,WE,Federal Contract Tower,0,18,2,3,23,0,47,6,3,56,0,65,8,6,79,0,24,24,103
09/04/2014,MKK,HI,AWP,WE,Federal Contract Tower,0,26,0,0,26,0,55,13,1,69,0,81,13,1,95,16,10,26,121
09/05/2014,MKK,HI,AWP,WE,Federal Contract Tower,0,29,0,0,29,0,60,3,0,63,0,89,3,0,92,2,0,2,94
09/06/2014,MKK,HI,AWP,WE,Federal Contract Tower,0,18,0,0,18,0,46,4,0,50,0,64,4,0,68,8,0,8,76
09/07/2014,MKK,HI,AWP,WE,Federal Contract Tower,0,18,3,0,21,0,42,16,0,58,0,60,19,0,79,0,0,0,79
09/08/2014,MKK,HI,AWP,WE,Federal Contract Tower,0,34,0,2,36,0,63,12,0,75,0,97,12,2,111,2,0,2,113
09/09/2014,MKK,HI,AWP,WE,Federal Contract Tower,0,18,0,0,18,0,78,5,0,83,0,96,5,0,101,6,0,6,107
09/10/2014,MKK,HI,AWP,WE,Federal Contract Tower,0,25,0,0,25,0,57,3,0,60,0,82,3,0,85,0,0,0,85
09/11/2014,MKK,HI,AWP,WE,Federal Contract Tower,0,25,0,0,25,0,46,2,0,48,0,71,2,0,73,2,0,2,75
09/12/2014,MKK,HI,AWP,WE,Federal Contract Tower,0,28,0,0,28,0,60,15,0,75,0,88,15,0,103,12,0,12,115
09/13/2014,MKK,HI,AWP,WE,Federal Contract Tower,0,21,3,0,24,0,49,16,0,65,0,70,19,0,89,6,0,6,95
09/14/2014,MKK,HI,AWP,WE,Federal Contract Tower,0,22,2,0,24,0,41,9,0,50,0,63,11,0,74,0,0,0,74
09/15/2014,MKK,HI,AWP,WE,Federal Contract Tower,0,34,0,2,36,0,45,10,0,55,0,79,10,2,91,4,0,4,95
09/16/2014,MKK,HI,AWP,WE,Federal Contract Tower,0,18,0,2,20,0,50,12,6,68,0,68,12,8,88,2,28,30,118
09/17/2014,MKK,HI,AWP,WE,Federal Contract Tower,0,22,2,2,26,0,64,11,2,77,0,86,13,4,103,2,10,12,115
09/18/2014,MKK,HI,AWP,WE,Federal Contract Tower,0,19,0,0,19,0,54,6,0,60,0,73,6,0,79,0,10,10,89
09/19/2014,MKK,HI,AWP,WE,Federal Contract Tower,0,24,1,0,25,0,69,14,0,83,0,93,15,0,108,18,0,18,126
09/20/2014,MKK,HI,AWP,WE,Federal Contract Tower,0,25,0,0,25,0,55,25,0,80,0,80,25,0,105,28,0,28,133
09/21/2014,MKK,HI,AWP,WE,Federal Contract Tower,0,12,0,0,12,0,51,12,0,63,0,63,12,0,75,26,0,26,101
09/22/2014,MKK,HI,AWP,WE,Federal Contract Tower,0,32,0,2,34,0,55,5,2,62,0,87,5,4,96,2,10,12,108
09/23/2014,MKK,HI,AWP,WE,Federal Contract Tower,0,25,1,2,28,0,52,16,2,70,0,77,17,4,98,10,4,14,112
09/24/2014,MKK,HI,AWP,WE,Federal Contract Tower,0,19,1,0,20,0,56,1,2,59,0,75,2,2,79,8,14,22,101
09/25/2014,MKK,HI,AWP,WE,Federal Contract Tower,0,35,0,0,35,0,37,9,0,46,0,72,9,0,81,8,0,8,89
09/26/2014,MKK,HI,AWP,WE,Federal Contract Tower,0,31,0,1,32,0,51,9,1,61,0,82,9,2,93,0,0,0,93
09/27/2014,MKK,HI,AWP,WE,Federal Contract Tower,0,29,0,1,30,0,29,6,1,36,0,58,6,2,66,40,0,40,106
09/28/2014,MKK,HI,AWP,WE,Federal Contract Tower,0,41,1,0,42,0,36,13,0,49,0,77,14,0,91,2,0,2,93
09/29/2014,MKK,HI,AWP,WE,Federal Contract Tower,0,32,2,0,34,0,44,3,0,47,0,76,5,0,81,2,0,2,83
09/30/2014,MKK,HI,AWP,WE,Federal Contract Tower,0,19,0,6,25,0,60,0,0,60,0,79,0,6,85,0,0,0,85
10/01/2014,MKK,HI,AWP,WE,Federal Contract Tower,0,23,0,0,23,0,50,3,0,53,0,73,3,0,76,2,0,2,78
10/02/2014,MKK,HI,AWP,WE,Federal Contract Tower,0,26,0,0,26,0,51,6,0,57,0,77,6,0,83,8,0,8,91
10/03/2014,MKK,HI,AWP,WE,Federal Contract Tower,0,36,0,2,38,0,52,15,0,67,0,88,15,2,105,16,0,16,121
10/04/2014,MKK,HI,AWP,WE,Federal Contract Tower,0,28,0,0,28,0,44,6,0,50,0,72,6,0,78,16,0,16,94
10/05/2014,MKK,HI,AWP,WE,Federal Contract Tower,0,21,0,0,21,0,52,10,0,62,0,73,10,0,83,4,0,4,87
10/06/2014,MKK,HI,AWP,WE,Federal Contract Tower,0,31,1,1,33,0,48,11,1,60,0,79,12,2,93,6,0,6,99
10/07/2014,MKK,HI,AWP,WE,Federal Contract Tower,0,27,2,6,35,0,48,7,0,55,0,75,9,6,90,4,2,6,96
10/08/2014,MKK,HI,AWP,WE,Federal Contract Tower,0,30,0,0,30,0,49,1,0,50,0,79,1,0,80,2,0,2,82
10/09/2014,MKK,HI,AWP,WE,Federal Contract Tower,0,19,0,0,19,0,54,4,0,58,0,73,4,0,77,4,0,4,81
10/10/2014,MKK,HI,AWP,WE,Federal Contract Tower,0,36,0,0,36,0,60,22,0,82,0,96,22,0,118,4,0,4,122
10/11/2014,MKK,HI,AWP,WE,Federal Contract Tower,0,30,0,0,30,0,62,21,2,85,0,92,21,2,115,14,0,14,129
10/12/2014,MKK,HI,AWP,WE,Federal Contract Tower,0,19,0,0,19,0,54,15,0,69,0,73,15,0,88,16,0,16,104
10/13/2014,MKK,HI,AWP,WE,Federal Contract Tower,0,22,0,0,22,0,43,7,0,50,0,65,7,0,72,0,0,0,72
10/14/2014,MKK,HI,AWP,WE,Federal Contract Tower,0,23,2,0,25,0,48,8,0,56,0,71,10,0,81,6,0,6,87
10/15/2014,MKK,HI,AWP,WE,Federal Contract Tower,0,21,0,2,23,0,51,14,2,67,0,72,14,4,90,2,4,6,96
10/16/2014,MKK,HI,AWP,WE,Federal Contract Tower,0,27,0,0,27,0,39,5,4,48,0,66,5,4,75,0,2,2,77
10/17/2014,MKK,HI,AWP,WE,Federal Contract Tower,0,43,0,0,43,0,48,0,0,48,0,91,0,0,91,0,0,0,91
10/18/2014,MKK,HI,AWP,WE,Federal Contract Tower,0,39,0,0,39,0,30,0,0,30,0,69,0,0,69,0,0,0,69
10/19/2014,MKK,HI,AWP,WE,Federal Contract Tower,0,28,2,0,30,0,26,3,0,29,0,54,5,0,59,0,0,0,59
10/20/2014,MKK,HI,AWP,WE,Federal Contract Tower,0,27,1,0,28,0,56,6,0,62,0,83,7,0,90,6,0,6,96
10/21/2014,MKK,HI,AWP,WE,Federal Contract Tower,0,22,0,1,23,0,45,13,6,64,0,67,13,7,87,4,18,22,109
10/22/2014,MKK,HI,AWP,WE,Federal Contract Tower,0,39,0,2,41,0,38,3,0,41,0,77,3,2,82,0,0,0,82
10/23/2014,MKK,HI,AWP,WE,Federal Contract Tower,0,23,0,2,25,0,58,0,0,58,0,81,0,2,83,0,0,0,83
10/24/2014,MKK,HI,AWP,WE,Federal Contract Tower,0,35,0,1,36,0,78,11,1,90,0,113,11,2,126,10,0,10,136
10/25/2014,MKK,HI,AWP,WE,Federal Contract Tower,0,21,0,0,21,0,54,5,0,59,0,75,5,0,80,10,0,10,90
10/26/2014,MKK,HI,AWP,WE,Federal Contract Tower,0,14,0,0,14,0,61,8,0,69,0,75,8,0,83,0,0,0,83
10/27/2014,MKK,HI,AWP,WE,Federal Contract Tower,0,42,0,0,42,0,53,5,0,58,0,95,5,0,100,4,0,4,104
10/28/2014,MKK,HI,AWP,WE,Federal Contract Tower,0,34,0,0,34,0,44,2,2,48,0,78,2,2,82,0,0,0,82
10/29/2014,MKK,HI,AWP,WE,Federal Contract Tower,0,31,0,4,35,0,49,27,6,82,0,80,27,10,117,2,2,4,121
10/30/2014,MKK,HI,AWP,WE,Federal Contract Tower,0,39,0,0,39,0,51,8,0,59,0,90,8,0,98,0,12,12,110
10/31/2014,MKK,HI,AWP,WE,Federal Contract Tower,0,33,0,0,33,0,51,3,0,54,0,84,3,0,87,0,0,0,87
11/01/2014,MKK,HI,AWP,WE,Federal Contract Tower,0,22,0,0,22,0,57,11,4,72,0,79,11,4,94,2,0,2,96
11/02/2014,MKK,HI,AWP,WE,Federal Contract Tower,0,24,1,0,25,0,54,5,0,59,0,78,6,0,84,6,0,6,90
11/03/2014,MKK,HI,AWP,WE,Federal Contract Tower,0,28,2,4,34,0,57,6,0,63,0,85,8,4,97,0,0,0,97
11/04/2014,MKK,HI,AWP,WE,Federal Contract Tower,0,22,0,4,26,0,47,9,2,58,0,69,9,6,84,4,4,8,92
11/05/2014,MKK,HI,AWP,WE,Federal Contract Tower,0,28,0,2,30,0,69,1,0,70,0,97,1,2,100,0,0,0,100
11/06/2014,MKK,HI,AWP,WE,Federal Contract Tower,0,28,0,6,34,0,53,3,0,56,0,81,3,6,90,4,8,12,102
11/07/2014,MKK,HI,AWP,WE,Federal Contract Tower,0,28,0,1,29,0,61,9,0,70,0,89,9,1,99,2,0,2,101
11/08/2014,MKK,HI,AWP,WE,Federal Contract Tower,0,50,0,0,50,0,33,6,0,39,0,83,6,0,89,0,0,0,89
11/09/2014,MKK,HI,AWP,WE,Federal Contract Tower,0,29,3,0,32,0,50,37,0,87,0,79,40,0,119,0,0,0,119
11/10/2014,MKK,HI,AWP,WE,Federal Contract Tower,0,27,0,0,27,0,56,11,0,67,0,83,11,0,94,4,0,4,98
11/11/2014,MKK,HI,AWP,WE,Federal Contract Tower,0,23,0,0,23,0,48,20,0,68,0,71,20,0,91,4,0,4,95
11/12/2014,MKK,HI,AWP,WE,Federal Contract Tower,0,24,1,2,27,0,55,20,0,75,0,79,21,2,102,28,4,32,134
11/13/2014,MKK,HI,AWP,WE,Federal Contract Tower,0,55,1,5,61,0,23,2,0,25,0,78,3,5,86,0,6,6,92
11/14/2014,MKK,HI,AWP,WE,Federal Contract Tower,0,30,2,1,33,0,56,5,0,61,0,86,7,1,94,8,0,8,102
11/15/2014,MKK,HI,AWP,WE,Federal Contract Tower,0,26,0,0,26,0,43,6,0,49,0,69,6,0,75,0,0,0,75
11/16/2014,MKK,HI,AWP,WE,Federal Contract Tower,0,21,0,0,21,0,48,1,0,49,0,69,1,0,70,0,0,0,70
11/17/2014,MKK,HI,AWP,WE,Federal Contract Tower,0,22,0,2,24,0,58,8,0,66,0,80,8,2,90,4,2,6,96
11/18/2014,MKK,HI,AWP,WE,Federal Contract Tower,0,24,2,2,28,0,54,14,3,71,0,78,16,5,99,6,14,20,119
11/19/2014,MKK,HI,AWP,WE,Federal Contract Tower,0,22,1,2,25,0,54,7,0,61,0,76,8,2,86,8,2,10,96
11/20/2014,MKK,HI,AWP,WE,Federal Contract Tower,0,21,0,6,27,0,61,0,0,61,0,82,0,6,88,2,0,2,90
11/21/2014,MKK,HI,AWP,WE,Federal Contract Tower,0,29,3,0,32,0,59,5,0,64,0,88,8,0,96,0,0,0,96
11/22/2014,MKK,HI,AWP,WE,Federal Contract Tower,0,22,0,0,22,0,51,9,0,60,0,73,9,0,82,0,0,0,82
11/23/2014,MKK,HI,AWP,WE,Federal Contract Tower,0,18,2,0,20,0,64,8,0,72,0,82,10,0,92,10,0,10,102
11/24/2014,MKK,HI,AWP,WE,Federal Contract Tower,0,44,0,0,44,0,33,4,0,37,0,77,4,0,81,6,0,6,87
11/25/2014,MKK,HI,AWP,WE,Federal Contract Tower,0,32,0,2,34,0,55,6,0,61,0,87,6,2,95,2,0,2,97
11/26/2014,MKK,HI,AWP,WE,Federal Contract Tower,0,29,1,0,30,0,71,9,0,80,0,100,10,0,110,2,0,2,112
11/27/2014,MKK,HI,AWP,WE,Federal Contract Tower,0,19,0,0,19,0,26,4,0,30,0,45,4,0,49,0,0,0,49
11/28/2014,MKK,HI,AWP,WE,Federal Contract Tower,0,29,2,0,31,0,55,1,0,56,0,84,3,0,87,0,0,0,87
11/29/2014,MKK,HI,AWP,WE,Federal Contract Tower,0,25,0,0,25,0,52,3,0,55,0,77,3,0,80,0,0,0,80
11/30/2014,MKK,HI,AWP,WE,Federal Contract Tower,0,22,1,0,23,0,72,10,0,82,0,94,11,0,105,6,0,6,111
12/01/2014,MKK,HI,AWP,WE,Federal Contract Tower,0,36,1,4,41,0,40,3,0,43,0,76,4,4,84,0,0,0,84
12/02/2014,MKK,HI,AWP,WE,Federal Contract Tower,0,26,1,0,27,0,49,8,0,57,0,75,9,0,84,0,0,0,84
12/03/2014,MKK,HI,AWP,WE,Federal Contract Tower,0,47,0,1,48,0,32,0,0,32,0,79,0,1,80,4,0,4,84
12/04/2014,MKK,HI,AWP,WE,Federal Contract Tower,0,34,0,0,34,0,47,6,0,53,0,81,6,0,87,6,4,10,97
12/05/2014,MKK,HI,AWP,WE,Federal Contract Tower,0,36,0,0,36,0,56,11,0,67,0,92,11,0,103,0,0,0,103
12/06/2014,MKK,HI,AWP,WE,Federal Contract Tower,0,19,1,0,20,0,52,11,0,63,0,71,12,0,83,2,0,2,85
12/07/2014,MKK,HI,AWP,WE,Federal Contract Tower,0,12,0,0,12,0,53,7,1,61,0,65,7,1,73,4,0,4,77
12/08/2014,MKK,HI,AWP,WE,Federal Contract Tower,0,30,1,2,33,0,61,8,0,69,0,91,9,2,102,8,0,8,110
12/09/2014,MKK,HI,AWP,WE,Federal Contract Tower,0,27,3,2,32,0,60,10,0,70,0,87,13,2,102,3,0,3,105
12/10/2014,MKK,HI,AWP,WE,Federal Contract Tower,0,22,0,3,25,0,57,15,0,72,0,79,15,3,97,0,0,0,97
12/11/2014,MKK,HI,AWP,WE,Federal Contract Tower,0,44,0,0,44,0,41,6,2,49,0,85,6,2,93,6,22,28,121
12/12/2014,MKK,HI,AWP,WE,Federal Contract Tower,0,30,0,0,30,0,68,12,0,80,0,98,12,0,110,10,0,10,120
12/13/2014,MKK,HI,AWP,WE,Federal Contract Tower,0,26,0,0,26,0,51,2,0,53,0,77,2,0,79,0,0,0,79
12/14/2014,MKK,HI,AWP,WE,Federal Contract Tower,0,49,3,0,52,0,20,1,0,21,0,69,4,0,73,0,0,0,73
12/15/2014,MKK,HI,AWP,WE,Federal Contract Tower,0,30,0,2,32,0,60,3,0,63,0,90,3,2,95,0,2,2,97
12/16/2014,MKK,HI,AWP,WE,Federal Contract Tower,0,40,0,2,42,0,43,11,0,54,0,83,11,2,96,0,0,0,96
12/17/2014,MKK,HI,AWP,WE,Federal Contract Tower,0,28,2,0,30,0,61,9,0,70,0,89,11,0,100,6,0,6,106
12/18/2014,MKK,HI,AWP,WE,Federal Contract Tower,0,45,0,0,45,0,42,9,0,51,0,87,9,0,96,0,0,0,96
12/19/2014,MKK,HI,AWP,WE,Federal Contract Tower,0,37,0,0,37,0,66,13,0,79,0,103,13,0,116,0,0,0,116
12/20/2014,MKK,HI,AWP,WE,Federal Contract Tower,0,35,1,0,36,0,44,4,0,48,0,79,5,0,84,0,0,0,84
12/21/2014,MKK,HI,AWP,WE,Federal Contract Tower,0,24,1,0,25,0,60,20,0,80,0,84,21,0,105,22,0,22,127
12/22/2014,MKK,HI,AWP,WE,Federal Contract Tower,0,53,0,0,53,0,38,9,0,47,0,91,9,0,100,2,0,2,102
12/23/2014,MKK,HI,AWP,WE,Federal Contract Tower,0,64,0,0,64,0,18,5,0,23,0,82,5,0,87,26,0,26,113
12/24/2014,MKK,HI,AWP,WE,Federal Contract Tower,0,35,1,0,36,0,47,0,0,47,0,82,1,0,83,0,0,0,83
12/25/2014,MKK,HI,AWP,WE,Federal Contract Tower,0,26,0,0,26,0,30,1,0,31,0,56,1,0,57,0,0,0,57
12/26/2014,MKK,HI,AWP,WE,Federal Contract Tower,0,42,0,0,42,0,46,13,0,59,0,88,13,0,101,0,0,0,101
12/27/2014,MKK,HI,AWP,WE,Federal Contract Tower,0,33,0,0,33,0,48,14,0,62,0,81,14,0,95,19,0,19,114
12/28/2014,MKK,HI,AWP,WE,Federal Contract Tower,0,22,1,0,23,0,64,13,2,79,0,86,14,2,102,18,0,18,120
12/29/2014,MKK,HI,AWP,WE,Federal Contract Tower,0,33,1,0,34,0,51,14,0,65,0,84,15,0,99,16,0,16,115
12/30/2014,MKK,HI,AWP,WE,Federal Contract Tower,0,32,0,0,32,0,39,7,0,46,0,71,7,0,78,4,0,4,82
12/31/2014,MKK,HI,AWP,WE,Federal Contract Tower,0,27,0,0,27,0,53,6,0,59,0,80,6,0,86,14,0,14,100
01/01/2015,MKK,HI,AWP,WE,Federal Contract Tower,0,25,0,0,25,0,30,9,0,39,0,55,9,0,64,10,0,10,74
01/02/2015,MKK,HI,AWP,WE,Federal Contract Tower,0,35,0,0,35,0,49,2,0,51,0,84,2,0,86,0,0,0,86
01/03/2015,MKK,HI,AWP,WE,Federal Contract Tower,0,25,0,0,25,0,49,9,0,58,0,74,9,0,83,2,0,2,85
01/04/2015,MKK,HI,AWP,WE,Federal Contract Tower,0,16,0,0,16,0,58,4,0,62,0,74,4,0,78,0,0,0,78
01/05/2015,MKK,HI,AWP,WE,Federal Contract Tower,0,23,1,0,24,0,65,7,0,72,0,88,8,0,96,0,0,0,96
01/06/2015,MKK,HI,AWP,WE,Federal Contract Tower,0,21,0,0,21,0,59,6,1,66,0,80,6,1,87,0,6,6,93
01/07/2015,MKK,HI,AWP,WE,Federal Contract Tower,0,26,1,3,30,0,52,7,0,59,0,78,8,3,89,2,0,2,91
01/08/2015,MKK,HI,AWP,WE,Federal Contract Tower,0,23,0,0,23,0,56,1,0,57,0,79,1,0,80,6,8,14,94
01/09/2015,MKK,HI,AWP,WE,Federal Contract Tower,0,22,0,0,22,0,67,3,0,70,0,89,3,0,92,0,0,0,92
01/10/2015,MKK,HI,AWP,WE,Federal Contract Tower,0,18,0,1,19,0,55,5,3,63,0,73,5,4,82,0,0,0,82
01/11/2015,MKK,HI,AWP,WE,Federal Contract Tower,0,10,2,0,12,0,64,10,0,74,0,74,12,0,86,14,0,14,100
01/12/2015,MKK,HI,AWP,WE,Federal Contract Tower,0,26,0,0,26,0,70,25,0,95,0,96,25,0,121,0,0,0,121
01/13/2015,MKK,HI,AWP,WE,Federal Contract Tower,0,16,0,6,22,0,63,7,2,72,0,79,7,8,94,0,6,6,100
01/14/2015,MKK,HI,AWP,WE,Federal Contract Tower,0,22,0,0,22,0,64,6,0,70,0,86,6,0,92,6,0,6,98
01/15/2015,MKK,HI,AWP,WE,Federal Contract Tower,0,31,0,1,32,0,50,6,0,56,0,81,6,1,88,0,0,0,88
01/16/2015,MKK,HI,AWP,WE,Federal Contract Tower,0,37,0,0,37,0,60,9,0,69,0,97,9,0,106,4,0,4,110
01/17/2015,MKK,HI,AWP,WE,Federal Contract Tower,0,24,0,0,24,0,42,5,0,47,0,66,5,0,71,10,0,10,81
01/18/2015,MKK,HI,AWP,WE,Federal Contract Tower,0,15,0,0,15,0,54,9,0,63,0,69,9,0,78,0,0,0,78
01/19/2015,MKK,HI,AWP,WE,Federal Contract Tower,0,31,2,0,33,0,54,19,0,73,0,85,21,0,106,20,0,20,126
01/20/2015,MKK,HI,AWP,WE,Federal Contract Tower,0,24,0,4,28,0,56,11,0,67,0,80,11,4,95,14,0,14,109
01/21/2015,MKK,HI,AWP,WE,Federal Contract Tower,0,18,0,1,19,0,47,7,1,55,0,65,7,2,74,8,0,8,82
01/22/2015,MKK,HI,AWP,WE,Federal Contract Tower,0,19,0,0,19,0,52,4,1,57,0,71,4,1,76,0,0,0,76
01/23/2015,MKK,HI,AWP,WE,Federal Contract Tower,0,31,0,2,33,0,69,2,2,73,0,100,2,4,106,0,0,0,106
01/24/2015,MKK,HI,AWP,WE,Federal Contract Tower,0,52,1,0,53,0,20,7,0,27,0,72,8,0,80,0,0,0,80
01/25/2015,MKK,HI,AWP,WE,Federal Contract Tower,0,35,0,0,35,0,24,5,0,29,0,59,5,0,64,0,0,0,64
01/26/2015,MKK,HI,AWP,WE,Federal Contract Tower,0,30,2,0,32,0,48,14,0,62,0,78,16,0,94,0,0,0,94
01/27/2015,MKK,HI,AWP,WE,Federal Contract Tower,0,26,1,0,27,0,57,9,0,66,0,83,10,0,93,10,0,10,103
01/28/2015,MKK,HI,AWP,WE,Federal Contract Tower,0,33,0,1,34,0,50,7,0,57,0,83,7,1,91,8,0,8,99
01/29/2015,MKK,HI,AWP,WE,Federal Contract Tower,0,33,0,0,33,0,45,3,0,48,0,78,3,0,81,2,0,2,83
01/30/2015,MKK,HI,AWP,WE,Federal Contract Tower,0,23,2,0,25,0,65,6,4,75,0,88,8,4,100,6,0,6,106
01/31/2015,MKK,HI,AWP,WE,Federal Contract Tower,0,24,0,0,24,0,51,6,0,57,0,75,6,0,81,0,0,0,81
02/01/2015,MKK,HI,AWP,WE,Federal Contract Tower,0,20,0,0,20,0,51,4,0,55,0,71,4,0,75,0,0,0,75
02/02/2015,MKK,HI,AWP,WE,Federal Contract Tower,0,43,0,2,45,0,52,2,0,54,0,95,2,2,99,0,2,2,101
02/03/2015,MKK,HI,AWP,WE,Federal Contract Tower,0,42,0,0,42,0,27,0,0,27,0,69,0,0,69,0,0,0,69
02/04/2015,MKK,HI,AWP,WE,Federal Contract Tower,0,25,1,4,30,0,64,7,0,71,0,89,8,4,101,0,0,0,101
02/05/2015,MKK,HI,AWP,WE,Federal Contract Tower,0,26,0,0,26,0,51,4,0,55,0,77,4,0,81,4,0,4,85
02/06/2015,MKK,HI,AWP,WE,Federal Contract Tower,0,27,0,0,27,0,64,3,0,67,0,91,3,0,94,0,0,0,94
02/07/2015,MKK,HI,AWP,WE,Federal Contract Tower,0,20,1,0,21,0,44,12,0,56,0,64,13,0,77,0,0,0,77
02/08/2015,MKK,HI,AWP,WE,Federal Contract Tower,0,21,0,0,21,0,59,7,4,70,0,80,7,4,91,2,0,2,93
02/09/2015,MKK,HI,AWP,WE,Federal Contract Tower,0,21,1,2,24,0,66,3,0,69,0,87,4,2,93,4,0,4,97
02/10/2015,MKK,HI,AWP,WE,Federal Contract Tower,0,33,0,0,33,0,45,5,1,51,0,78,5,1,84,0,0,0,84
02/11/2015,MKK,HI,AWP,WE,Federal Contract Tower,0,22,0,0,22,0,65,3,0,68,0,87,3,0,90,2,8,10,100
02/12/2015,MKK,HI,AWP,WE,Federal Contract Tower,0,33,0,0,33,0,48,6,0,54,0,81,6,0,87,6,0,6,93
02/13/2015,MKK,HI,AWP,WE,Federal Contract Tower,0,34,0,0,34,0,51,3,0,54,0,85,3,0,88,0,0,0,88
02/14/2015,MKK,HI,AWP,WE,Federal Contract Tower,0,48,0,0,48,0,24,1,0,25,0,72,1,0,73,0,0,0,73
02/15/2015,MKK,HI,AWP,WE,Federal Contract Tower,0,18,0,0,18,0,57,7,0,64,0,75,7,0,82,0,0,0,82
02/16/2015,MKK,HI,AWP,WE,Federal Contract Tower,0,30,0,2,32,0,61,7,0,68,0,91,7,2,100,2,0,2,102
02/17/2015,MKK,HI,AWP,WE,Federal Contract Tower,0,26,1,0,27,0,49,11,4,64,0,75,12,4,91,2,18,20,111
02/18/2015,MKK,HI,AWP,WE,Federal Contract Tower,0,18,0,0,18,0,55,4,2,61,0,73,4,2,79,2,16,18,97
02/19/2015,MKK,HI,AWP,WE,Federal Contract Tower,0,31,1,2,34,0,50,6,1,57,0,81,7,3,91,2,10,12,103
02/20/2015,MKK,HI,AWP,WE,Federal Contract Tower,0,25,13,2,40,0,52,6,0,58,0,77,19,2,98,0,0,0,98
02/21/2015,MKK,HI,AWP,WE,Federal Contract Tower,0,22,0,0,22,0,51,14,0,65,0,73,14,0,87,12,0,12,99
02/22/2015,MKK,HI,AWP,WE,Federal Contract Tower,0,12,0,0,12,0,71,16,0,87,0,83,16,0,99,8,0,8,107
02/23/2015,MKK,HI,AWP,WE,Federal Contract Tower,0,30,0,3,33,0,0,0,0,0,0,30,0,3,33,8,2,10,43
02/24/2015,MKK,HI,AWP,WE,Federal Contract Tower,0,24,0,0,24,0,65,4,8,77,0,89,4,8,101,2,28,30,131
02/25/2015,MKK,HI,AWP,WE,Federal Contract Tower,0,22,2,5,29,0,57,9,0,66,0,79,11,5,95,2,44,46,141
02/26/2015,MKK,HI,AWP,WE,Federal Contract Tower,0,28,0,0,28,0,55,6,2,63,0,83,6,2,91,0,22,22,113
02/27/2015,MKK,HI,AWP,WE,Federal Contract Tower,0,25,0,2,27,0,72,8,1,81,0,97,8,3,108,0,0,0,108
02/28/2015,MKK,HI,AWP,WE,Federal Contract Tower,0,33,0,0,33,0,38,4,0,42,0,71,4,0,75,0,0,0,75
03/01/2015,MKK,HI,AWP,WE,Federal Contract Tower,0,27,0,0,27,0,60,5,0,65,0,87,5,0,92,0,0,0,92
03/02/2015,MKK,HI,AWP,WE,Federal Contract Tower,0,31,0,0,31,0,53,16,0,69,0,84,16,0,100,16,0,16,116
03/03/2015,MKK,HI,AWP,WE,Federal Contract Tower,0,37,0,0,37,0,46,14,0,60,0,83,14,0,97,40,0,40,137
03/04/2015,MKK,HI,AWP,WE,Federal Contract Tower,0,66,0,2,68,0,11,0,0,11,0,77,0,2,79,0,0,0,79
03/05/2015,MKK,HI,AWP,WE,Federal Contract Tower,0,42,0,0,42,0,41,7,0,48,0,83,7,0,90,0,0,0,90
03/06/2015,MKK,HI,AWP,WE,Federal Contract Tower,43,0,1,0,44,0,57,11,0,68,43,57,12,0,112,22,0,22,134
03/07/2015,MKK,HI,AWP,WE,Federal Contract Tower,0,26,0,0,26,0,52,8,0,60,0,78,8,0,86,2,0,2,88
03/08/2015,MKK,HI,AWP,WE,Federal Contract Tower,0,21,0,1,22,0,54,6,7,67,0,75,6,8,89,0,2,2,91
03/09/2015,MKK,HI,AWP,WE,Federal Contract Tower,0,31,3,0,34,0,50,5,0,55,0,81,8,0,89,0,0,0,89
03/10/2015,MKK,HI,AWP,WE,Federal Contract Tower,0,26,0,4,30,0,52,7,4,63,0,78,7,8,93,0,10,10,103
03/11/2015,MKK,HI,AWP,WE,Federal Contract Tower,0,27,1,0,28,0,51,0,0,51,0,78,1,0,79,0,0,0,79
03/12/2015,MKK,HI,AWP,WE,Federal Contract Tower,0,48,3,0,51,0,38,3,7,48,0,86,6,7,99,0,48,48,147
03/13/2015,MKK,HI,AWP,WE,Federal Contract Tower,0,29,0,0,29,0,70,6,8,84,0,99,6,8,113,8,0,8,121
03/14/2015,MKK,HI,AWP,WE,Federal Contract Tower,0,22,0,0,22,0,55,2,1,58,0,77,2,1,80,6,0,6,86
03/15/2015,MKK,HI,AWP,WE,Federal Contract Tower,0,16,0,0,16,0,63,15,0,78,0,79,15,0,94,10,0,10,104
03/16/2015,MKK,HI,AWP,WE,Federal Contract Tower,0,28,2,0,30,0,58,8,2,68,0,86,10,2,98,4,2,6,104
03/17/2015,MKK,HI,AWP,WE,Federal Contract Tower,0,32,0,1,33,0,72,13,3,88,0,104,13,4,121,2,24,26,147
03/18/2015,MKK,HI,AWP,WE,Federal Contract Tower,0,24,0,2,26,0,59,4,0,63,0,83,4,2,89,2,2,4,93
03/19/2015,MKK,HI,AWP,WE,Federal Contract Tower,0,40,0,2,42,0,57,4,0,61,0,97,4,2,103,20,0,20,123
03/20/2015,MKK,HI,AWP,WE,Federal Contract Tower,0,32,4,0,36,0,74,11,0,85,0,106,15,0,121,14,0,14,135
03/21/2015,MKK,HI,AWP,WE,Federal Contract Tower,0,27,0,0,27,0,65,4,0,69,0,92,4,0,96,2,0,2,98
03/22/2015,MKK,HI,AWP,WE,Federal Contract Tower,0,12,0,0,12,0,69,9,0,78,0,81,9,0,90,0,0,0,90
03/23/2015,MKK,HI,AWP,WE,Federal Contract Tower,0,28,0,0,28,0,59,13,0,72,0,87,13,0,100,28,0,28,128
03/24/2015,MKK,HI,AWP,WE,Federal Contract Tower,0,23,0,0,23,0,58,22,0,80,0,81,22,0,103,2,0,2,105
03/25/2015,MKK,HI,AWP,WE,Federal Contract Tower,0,32,0,0,32,0,49,0,0,49,0,81,0,0,81,4,0,4,85
03/26/2015,MKK,HI,AWP,WE,Federal Contract Tower,0,35,0,1,36,0,42,4,0,46,0,77,4,1,82,0,0,0,82
03/27/2015,MKK,HI,AWP,WE,Federal Contract Tower,0,25,0,0,25,0,66,10,2,78,0,91,10,2,103,18,0,18,121
03/28/2015,MKK,HI,AWP,WE,Federal Contract Tower,0,29,0,0,29,0,47,8,0,55,0,76,8,0,84,6,0,6,90
03/29/2015,MKK,HI,AWP,WE,Federal Contract Tower,0,13,0,0,13,0,72,7,0,79,0,85,7,0,92,0,0,0,92
03/30/2015,MKK,HI,AWP,WE,Federal Contract Tower,0,36,2,0,38,0,57,8,0,65,0,93,10,0,103,20,0,20,123
03/31/2015,MKK,HI,AWP,WE,Federal Contract Tower,0,22,4,2,28,0,57,9,0,66,0,79,13,2,94,2,0,2,96
04/01/2015,MKK,HI,AWP,WE,Federal Contract Tower,0,20,1,2,23,0,57,4,0,61,0,77,5,2,84,6,0,6,90
04/02/2015,MKK,HI,AWP,WE,Federal Contract Tower,0,28,0,0,28,0,47,11,0,58,0,75,11,0,86,0,20,20,106
04/03/2015,MKK,HI,AWP,WE,Federal Contract Tower,0,28,0,0,28,0,64,7,0,71,0,92,7,0,99,0,0,0,99
04/04/2015,MKK,HI,AWP,WE,Federal Contract Tower,0,19,0,0,19,0,55,2,0,57,0,74,2,0,76,0,0,0,76
04/05/2015,MKK,HI,AWP,WE,Federal Contract Tower,0,18,2,0,20,0,51,6,0,57,0,69,8,0,77,0,0,0,77
04/06/2015,MKK,HI,AWP,WE,Federal Contract Tower,0,26,0,0,26,0,58,2,4,64,0,84,2,4,90,6,0,6,96
04/07/2015,MKK,HI,AWP,WE,Federal Contract Tower,0,19,0,1,20,0,41,7,3,51,0,60,7,4,71,6,14,20,91
04/08/2015,MKK,HI,AWP,WE,Federal Contract Tower,0,18,0,0,18,0,54,6,2,62,0,72,6,2,80,0,10,10,90
04/09/2015,MKK,HI,AWP,WE,Federal Contract Tower,0,24,0,0,24,0,53,4,0,57,0,77,4,0,81,0,0,0,81
04/10/2015,MKK,HI,AWP,WE,Federal Contract Tower,0,20,0,0,20,0,60,2,0,62,0,80,2,0,82,4,0,4,86
04/11/2015,MKK,HI,AWP,WE,Federal Contract Tower,0,19,0,1,20,0,51,5,0,56,0,70,5,1,76,10,0,10,86
04/12/2015,MKK,HI,AWP,WE,Federal Contract Tower,0,13,1,0,14,0,50,10,0,60,0,63,11,0,74,8,0,8,82
04/13/2015,MKK,HI,AWP,WE,Federal Contract Tower,0,29,2,0,31,0,47,10,2,59,0,76,12,2,90,16,0,16,106
04/14/2015,MKK,HI,AWP,WE,Federal Contract Tower,0,21,0,0,21,0,47,4,0,51,0,68,4,0,72,0,0,0,72
04/15/2015,MKK,HI,AWP,WE,Federal Contract Tower,0,23,0,2,25,0,42,1,2,45,0,65,1,4,70,2,38,40,110
04/16/2015,MKK,HI,AWP,WE,Federal Contract Tower,0,30,0,0,30,0,46,7,0,53,0,76,7,0,83,0,28,28,111
04/17/2015,MKK,HI,AWP,WE,Federal Contract Tower,0,17,0,0,17,0,54,10,0,64,0,71,10,0,81,0,0,0,81
04/18/2015,MKK,HI,AWP,WE,Federal Contract Tower,0,21,0,0,21,0,43,8,1,52,0,64,8,1,73,0,0,0,73
04/19/2015,MKK,HI,AWP,WE,Federal Contract Tower,0,17,0,0,17,0,53,5,0,58,0,70,5,0,75,2,0,2,77
04/20/2015,MKK,HI,AWP,WE,Federal Contract Tower,0,35,1,0,36,0,54,10,1,65,0,89,11,1,101,0,0,0,101
04/21/2015,MKK,HI,AWP,WE,Federal Contract Tower,0,22,0,2,24,0,52,8,2,62,0,74,8,4,86,0,2,2,88
04/22/2015,MKK,HI,AWP,WE,Federal Contract Tower,0,18,7,2,27,0,46,4,5,55,0,64,11,7,82,2,22,24,106
04/23/2015,MKK,HI,AWP,WE,Federal Contract Tower,0,17,1,0,18,0,54,8,0,62,0,71,9,0,80,14,0,14,94
04/24/2015,MKK,HI,AWP,WE,Federal Contract Tower,0,21,2,0,23,0,59,7,0,66,0,80,9,0,89,6,0,6,95
04/25/2015,MKK,HI,AWP,WE,Federal Contract Tower,0,34,1,0,35,0,49,4,0,53,0,83,5,0,88,6,0,6,94
04/26/2015,MKK,HI,AWP,WE,Federal Contract Tower,0,22,1,0,23,0,50,17,0,67,0,72,18,0,90,4,0,4,94
04/27/2015,MKK,HI,AWP,WE,Federal Contract Tower,0,49,1,2,52,0,38,0,0,38,0,87,1,2,90,0,0,0,90
04/28/2015,MKK,HI,AWP,WE,Federal Contract Tower,0,26,1,0,27,0,44,4,0,48,0,70,5,0,75,0,0,0,75
04/29/2015,MKK,HI,AWP,WE,Federal Contract Tower,0,19,0,0,19,0,47,8,0,55,0,66,8,0,74,0,8,8,82
04/30/2015,MKK,HI,AWP,WE,Federal Contract Tower,0,22,2,0,24,0,53,0,0,53,0,75,2,0,77,0,42,42,119
05/01/2015,MKK,HI,AWP,WE,Federal Contract Tower,0,36,1,0,37,0,54,1,0,55,0,90,2,0,92,0,0,0,92
05/02/2015,MKK,HI,AWP,WE,Federal Contract Tower,0,23,0,0,23,0,47,7,0,54,0,70,7,0,77,2,2,4,81
05/03/2015,MKK,HI,AWP,WE,Federal Contract Tower,0,17,0,0,17,0,55,4,2,61,0,72,4,2,78,6,2,8,86
05/04/2015,MKK,HI,AWP,WE,Federal Contract Tower,0,31,4,0,35,0,49,12,0,61,0,80,16,0,96,26,0,26,122
05/05/2015,MKK,HI,AWP,WE,Federal Contract Tower,0,27,0,0,27,0,39,4,2,45,0,66,4,2,72,6,16,22,94
05/06/2015,MKK,HI,AWP,WE,Federal Contract Tower,19,0,1,0,20,0,46,10,0,56,19,46,11,0,76,23,0,23,99
05/07/2015,MKK,HI,AWP,WE,Federal Contract Tower,0,24,0,2,26,0,46,3,0,49,0,70,3,2,75,2,0,2,77
05/08/2015,MKK,HI,AWP,WE,Federal Contract Tower,0,37,2,2,41,0,52,13,0,65,0,89,15,2,106,14,0,14,120
05/09/2015,MKK,HI,AWP,WE,Federal Contract Tower,0,24,0,0,24,0,44,4,0,48,0,68,4,0,72,4,0,4,76
05/10/2015,MKK,HI,AWP,WE,Federal Contract Tower,0,16,0,0,16,0,49,5,0,54,0,65,5,0,70,2,0,2,72
05/11/2015,MKK,HI,AWP,WE,Federal Contract Tower,0,22,0,0,22,0,56,6,0,62,0,78,6,0,84,0,0,0,84
05/12/2015,MKK,HI,AWP,WE,Federal Contract Tower,0,19,0,0,19,0,41,2,0,43,0,60,2,0,62,0,0,0,62
05/13/2015,MKK,HI,AWP,WE,Federal Contract Tower,0,23,0,0,23,0,41,3,0,44,0,64,3,0,67,0,0,0,67
05/14/2015,MKK,HI,AWP,WE,Federal Contract Tower,0,33,0,2,35,0,44,13,0,57,0,77,13,2,92,6,0,6,98
05/15/2015,MKK,HI,AWP,WE,Federal Contract Tower,0,21,0,0,21,0,57,4,0,61,0,78,4,0,82,0,0,0,82
05/16/2015,MKK,HI,AWP,WE,Federal Contract Tower,0,14,3,0,17,0,47,2,0,49,0,61,5,0,66,0,0,0,66
05/17/2015,MKK,HI,AWP,WE,Federal Contract Tower,0,12,2,0,14,0,51,2,0,53,0,63,4,0,67,0,0,0,67
05/18/2015,MKK,HI,AWP,WE,Federal Contract Tower,0,25,0,0,25,0,60,0,0,60,0,85,0,0,85,0,0,0,85
05/19/2015,MKK,HI,AWP,WE,Federal Contract Tower,0,22,2,0,24,0,41,8,2,51,0,63,10,2,75,0,0,0,75
05/20/2015,MKK,HI,AWP,WE,Federal Contract Tower,0,32,2,0,34,0,38,4,5,47,0,70,6,5,81,0,18,18,99
05/21/2015,MKK,HI,AWP,WE,Federal Contract Tower,0,23,0,5,28,0,47,5,1,53,0,70,5,6,81,18,0,18,99
05/22/2015,MKK,HI,AWP,WE,Federal Contract Tower,0,26,0,0,26,0,52,14,0,66,0,78,14,0,92,8,0,8,100
05/23/2015,MKK,HI,AWP,WE,Federal Contract Tower,0,25,0,0,25,0,49,4,0,53,0,74,4,0,78,0,0,0,78
05/24/2015,MKK,HI,AWP,WE,Federal Contract Tower,0,14,2,0,16,0,45,5,0,50,0,59,7,0,66,2,0,2,68
05/25/2015,MKK,HI,AWP,WE,Federal Contract Tower,0,22,0,0,22,0,53,10,0,63,0,75,10,0,85,0,0,0,85
05/26/2015,MKK,HI,AWP,WE,Federal Contract Tower,0,24,0,4,28,0,49,7,0,56,0,73,7,4,84,8,0,8,92
05/27/2015,MKK,HI,AWP,WE,Federal Contract Tower,0,26,0,1,27,0,43,4,2,49,0,69,4,3,76,0,6,6,82
05/28/2015,MKK,HI,AWP,WE,Federal Contract Tower,0,34,0,0,34,0,45,8,0,53,0,79,8,0,87,0,0,0,87
05/29/2015,MKK,HI,AWP,WE,Federal Contract Tower,0,26,0,2,28,0,63,10,0,73,0,89,10,2,101,14,0,14,115
05/30/2015,MKK,HI,AWP,WE,Federal Contract Tower,0,14,0,0,14,0,52,10,0,62,0,66,10,0,76,0,0,0,76
05/31/2015,MKK,HI,AWP,WE,Federal Contract Tower,0,26,2,0,28,0,45,2,0,47,0,71,4,0,75,2,0,2,77
06/01/2015,MKK,HI,AWP,WE,Federal Contract Tower,0,27,2,3,32,0,59,9,1,69,0,86,11,4,101,2,2,4,105
06/02/2015,MKK,HI,AWP,WE,Federal Contract Tower,0,15,0,4,19,0,61,6,0,67,0,76,6,4,86,0,0,0,86
06/03/2015,MKK,HI,AWP,WE,Federal Contract Tower,0,40,0,0,40,0,43,2,2,47,0,83,2,2,87,2,8,10,97
06/04/2015,MKK,HI,AWP,WE,Federal Contract Tower,0,30,0,6,36,0,47,2,2,51,0,77,2,8,87,0,20,20,107
06/05/2015,MKK,HI,AWP,WE,Federal Contract Tower,0,25,0,0,25,0,69,5,4,78,0,94,5,4,103,0,0,0,103
06/06/2015,MKK,HI,AWP,WE,Federal Contract Tower,0,20,0,4,24,0,58,8,0,66,0,78,8,4,90,4,0,4,94
06/07/2015,MKK,HI,AWP,WE,Federal Contract Tower,0,13,0,0,13,0,66,10,0,76,0,79,10,0,89,0,0,0,89
06/08/2015,MKK,HI,AWP,WE,Federal Contract Tower,0,26,0,1,27,0,79,4,1,84,0,105,4,2,111,2,2,4,115
06/09/2015,MKK,HI,AWP,WE,Federal Contract Tower,0,17,0,0,17,0,61,10,2,73,0,78,10,2,90,6,52,58,148
06/10/2015,MKK,HI,AWP,WE,Federal Contract Tower,0,24,0,0,24,0,53,8,5,66,0,77,8,5,90,2,4,6,96
06/11/2015,MKK,HI,AWP,WE,Federal Contract Tower,0,24,0,0,24,0,60,5,0,65,0,84,5,0,89,1,0,1,90
06/12/2015,MKK,HI,AWP,WE,Federal Contract Tower,0,18,0,0,18,0,82,1,4,87,0,100,1,4,105,4,0,4,109
06/13/2015,MKK,HI,AWP,WE,Federal Contract Tower,0,15,0,0,15,0,67,13,0,80,0,82,13,0,95,14,0,14,109
06/14/2015,MKK,HI,AWP,WE,Federal Contract Tower,0,15,0,0,15,0,84,5,0,89,0,99,5,0,104,0,0,0,104
06/15/2015,MKK,HI,AWP,WE,Federal Contract Tower,0,22,0,2,24,0,64,15,0,79,0,86,15,2,103,8,0,8,111
06/16/2015,MKK,HI,AWP,WE,Federal Contract Tower,0,19,2,8,29,0,60,7,0,67,0,79,9,8,96,2,0,2,98
06/17/2015,MKK,HI,AWP,WE,Federal Contract Tower,0,30,2,4,36,0,45,3,2,50,0,75,5,6,86,0,20,20,106
06/18/2015,MKK,HI,AWP,WE,Federal Contract Tower,0,30,0,2,32,0,50,1,2,53,0,80,1,4,85,0,0,0,85
06/19/2015,MKK,HI,AWP,WE,Federal Contract Tower,0,38,0,0,38,0,64,4,2,70,0,102,4,2,108,0,0,0,108
06/20/2015,MKK,HI,AWP,WE,Federal Contract Tower,0,20,0,0,20,0,56,12,0,68,0,76,12,0,88,0,0,0,88
06/21/2015,MKK,HI,AWP,WE,Federal Contract Tower,0,12,0,0,12,0,75,14,0,89,0,87,14,0,101,0,0,0,101
06/22/2015,MKK,HI,AWP,WE,Federal Contract Tower,0,23,2,2,27,0,70,13,2,85,0,93,15,4,112,2,0,2,114
06/23/2015,MKK,HI,AWP,WE,Federal Contract Tower,0,21,0,2,23,0,54,10,0,64,0,75,10,2,87,0,0,0,87
06/24/2015,MKK,HI,AWP,WE,Federal Contract Tower,0,42,0,0,42,0,54,4,0,58,0,96,4,0,100,12,0,12,112
06/25/2015,MKK,HI,AWP,WE,Federal Contract Tower,0,18,0,0,18,0,65,2,0,67,0,83,2,0,85,0,0,0,85
06/26/2015,MKK,HI,AWP,WE,Federal Contract Tower,0,32,0,0,32,0,71,6,0,77,0,103,6,0,109,2,0,2,111
06/27/2015,MKK,HI,AWP,WE,Federal Contract Tower,0,19,2,1,22,0,62,4,0,66,0,81,6,1,88,0,0,0,88
06/28/2015,MKK,HI,AWP,WE,Federal Contract Tower,0,12,0,0,12,0,78,5,0,83,0,90,5,0,95,2,0,2,97
06/29/2015,MKK,HI,AWP,WE,Federal Contract Tower,0,28,0,1,29,0,55,4,1,60,0,83,4,2,89,20,2,22,111
06/30/2015,MKK,HI,AWP,WE,Federal Contract Tower,0,23,0,1,24,0,59,1,1,61,0,82,1,2,85,0,0,0,85
07/01/2015,MKK,HI,AWP,WE,Federal Contract Tower,0,28,0,0,28,0,69,2,0,71,0,97,2,0,99,0,0,0,99
07/02/2015,MKK,HI,AWP,WE,Federal Contract Tower,0,21,2,0,23,0,61,7,0,68,0,82,9,0,91,0,0,0,91
07/03/2015,MKK,HI,AWP,WE,Federal Contract Tower,0,23,0,0,23,0,68,3,0,71,0,91,3,0,94,2,0,2,96
07/04/2015,MKK,HI,AWP,WE,Federal Contract Tower,0,17,0,0,17,0,60,4,0,64,0,77,4,0,81,0,0,0,81
07/05/2015,MKK,HI,AWP,WE,Federal Contract Tower,0,19,0,0,19,0,63,3,0,66,0,82,3,0,85,0,0,0,85
07/06/2015,MKK,HI,AWP,WE,Federal Contract Tower,0,21,0,0,21,0,66,6,0,72,0,87,6,0,93,2,0,2,95
07/07/2015,MKK,HI,AWP,WE,Federal Contract Tower,0,25,2,0,27,0,66,4,0,70,0,91,6,0,97,2,0,2,99
07/08/2015,MKK,HI,AWP,WE,Federal Contract Tower,0,33,1,2,36,0,49,3,0,52,0,82,4,2,88,2,0,2,90
07/09/2015,MKK,HI,AWP,WE,Federal Contract Tower,0,30,2,0,32,0,66,4,0,70,0,96,6,0,102,0,0,0,102
07/10/2015,MKK,HI,AWP,WE,Federal Contract Tower,0,31,0,0,31,0,71,4,0,75,0,102,4,0,106,0,0,0,106
07/11/2015,MKK,HI,AWP,WE,Federal Contract Tower,0,49,1,0,50,0,40,4,0,44,0,89,5,0,94,0,0,0,94
07/12/2015,MKK,HI,AWP,WE,Federal Contract Tower,0,17,0,0,17,0,63,10,0,73,0,80,10,0,90,0,0,0,90
07/13/2015,MKK,HI,AWP,WE,Federal Contract Tower,0,40,1,0,41,0,55,5,2,62,0,95,6,2,103,2,22,24,127
07/14/2015,MKK,HI,AWP,WE,Federal Contract Tower,0,25,2,0,27,0,57,8,0,65,0,82,10,0,92,8,0,8,100
07/15/2015,MKK,HI,AWP,WE,Federal Contract Tower,0,26,0,0,26,0,49,4,0,53,0,75,4,0,79,4,24,28,107
07/16/2015,MKK,HI,AWP,WE,Federal Contract Tower,0,39,0,0,39,0,55,2,2,59,0,94,2,2,98,0,0,0,98
07/17/2015,MKK,HI,AWP,WE,Federal Contract Tower,0,34,0,0,34,0,66,8,0,74,0,100,8,0,108,0,0,0,108
07/18/2015,MKK,HI,AWP,WE,Federal Contract Tower,0,20,2,0,22,0,70,7,0,77,0,90,9,0,99,6,0,6,105
07/19/2015,MKK,HI,AWP,WE,Federal Contract Tower,0,18,0,0,18,0,69,15,0,84,0,87,15,0,102,23,0,23,125
07/20/2015,MKK,HI,AWP,WE,Federal Contract Tower,0,22,1,2,25,0,80,11,0,91,0,102,12,2,116,12,0,12,128
07/21/2015,MKK,HI,AWP,WE,Federal Contract Tower,0,20,0,2,22,0,64,2,0,66,0,84,2,2,88,0,0,0,88
07/22/2015,MKK,HI,AWP,WE,Federal Contract Tower,0,26,1,2,29,0,52,3,0,55,0,78,4,2,84,8,0,8,92
07/23/2015,MKK,HI,AWP,WE,Federal Contract Tower,0,19,0,0,19,0,72,5,0,77,0,91,5,0,96,2,0,2,98
07/24/2015,MKK,HI,AWP,WE,Federal Contract Tower,0,26,2,2,30,0,79,14,0,93,0,105,16,2,123,4,0,4,127
07/25/2015,MKK,HI,AWP,WE,Federal Contract Tower,0,13,3,0,16,0,74,12,0,86,0,87,15,0,102,12,0,12,114
07/26/2015,MKK,HI,AWP,WE,Federal Contract Tower,0,11,0,0,11,0,73,16,0,89,0,84,16,0,100,16,0,16,116
07/27/2015,MKK,HI,AWP,WE,Federal Contract Tower,0,20,2,0,22,0,72,10,0,82,0,92,12,0,104,0,0,0,104
07/28/2015,MKK,HI,AWP,WE,Federal Contract Tower,0,23,0,4,27,0,55,2,0,57,0,78,2,4,84,4,0,4,88
07/29/2015,MKK,HI,AWP,WE,Federal Contract Tower,0,23,0,0,23,0,57,7,2,66,0,80,7,2,89,0,0,0,89
07/30/2015,MKK,HI,AWP,WE,Federal Contract Tower,0,23,3,1,27,0,67,10,0,77,0,90,13,1,104,0,0,0,104
07/31/2015,MKK,HI,AWP,WE,Federal Contract Tower,0,18,1,2,21,0,76,8,0,84,0,94,9,2,105,2,0,2,107
08/01/2015,MKK,HI,AWP,WE,Federal Contract Tower,0,19,0,0,19,0,73,4,0,77,0,92,4,0,96,0,0,0,96
08/02/2015,MKK,HI,AWP,WE,Federal Contract Tower,0,11,0,0,11,0,56,11,0,67,0,67,11,0,78,0,0,0,78
08/03/2015,MKK,HI,AWP,WE,Federal Contract Tower,0,24,1,2,27,0,71,4,0,75,0,95,5,2,102,0,0,0,102
08/04/2015,MKK,HI,AWP,WE,Federal Contract Tower,0,24,5,0,29,0,61,11,0,72,0,85,16,0,101,10,0,10,111
08/05/2015,MKK,HI,AWP,WE,Federal Contract Tower,0,25,0,0,25,0,75,4,0,79,0,100,4,0,104,0,0,0,104
08/06/2015,MKK,HI,AWP,WE,Federal Contract Tower,0,43,0,0,43,0,41,0,0,41,0,84,0,0,84,0,0,0,84
08/07/2015,MKK,HI,AWP,WE,Federal Contract Tower,0,34,2,0,36,0,77,10,0,87,0,111,12,0,123,0,0,0,123
08/08/2015,MKK,HI,AWP,WE,Federal Contract Tower,0,17,1,0,18,0,62,6,2,70,0,79,7,2,88,6,0,6,94
08/09/2015,MKK,HI,AWP,WE,Federal Contract Tower,0,18,0,0,18,0,58,15,0,73,0,76,15,0,91,0,0,0,91
08/10/2015,MKK,HI,AWP,WE,Federal Contract Tower,0,34,0,3,37,0,73,8,1,82,0,107,8,4,119,0,0,0,119
08/11/2015,MKK,HI,AWP,WE,Federal Contract Tower,0,23,5,0,28,0,66,16,4,86,0,89,21,4,114,4,0,4,118
08/12/2015,MKK,HI,AWP,WE,Federal Contract Tower,0,18,0,2,20,0,66,1,0,67,0,84,1,2,87,2,0,2,89
08/13/2015,MKK,HI,AWP,WE,Federal Contract Tower,0,27,0,0,27,0,67,5,0,72,0,94,5,0,99,0,0,0,99
08/14/2015,MKK,HI,AWP,WE,Federal Contract Tower,0,27,1,0,28,0,72,7,0,79,0,99,8,0,107,0,0,0,107
08/15/2015,MKK,HI,AWP,WE,Federal Contract Tower,0,17,0,0,17,0,58,14,0,72,0,75,14,0,89,0,0,0,89
08/16/2015,MKK,HI,AWP,WE,Federal Contract Tower,0,14,2,0,16,0,63,14,0,77,0,77,16,0,93,2,0,2,95
08/17/2015,MKK,HI,AWP,WE,Federal Contract Tower,0,23,4,0,27,0,57,4,6,67,0,80,8,6,94,10,6,16,110
08/18/2015,MKK,HI,AWP,WE,Federal Contract Tower,0,29,0,0,29,0,58,1,0,59,0,87,1,0,88,14,0,14,102
08/19/2015,MKK,HI,AWP,WE,Federal Contract Tower,0,18,0,2,20,0,61,3,0,64,0,79,3,2,84,6,0,6,90
08/20/2015,MKK,HI,AWP,WE,Federal Contract Tower,0,21,6,0,27,0,56,3,1,60,0,77,9,1,87,2,0,2,89
08/21/2015,MKK,HI,AWP,WE,Federal Contract Tower,0,22,2,0,24,0,64,11,0,75,0,86,13,0,99,0,0,0,99
08/22/2015,MKK,HI,AWP,WE,Federal Contract Tower,0,20,0,0,20,0,65,8,0,73,0,85,8,0,93,2,0,2,95
08/23/2015,MKK,HI,AWP,WE,Federal Contract Tower,0,35,0,0,35,0,36,1,0,37,0,71,1,0,72,4,0,4,76
08/24/2015,MKK,HI,AWP,WE,Federal Contract Tower,0,35,0,0,35,0,36,1,0,37,0,71,1,0,72,4,0,4,76
08/25/2015,MKK,HI,AWP,WE,Federal Contract Tower,0,30,0,0,30,0,56,8,0,64,0,86,8,0,94,0,0,0,94
08/26/2015,MKK,HI,AWP,WE,Federal Contract Tower,0,22,0,0,22,0,57,0,0,57,0,79,0,0,79,0,0,0,79
08/27/2015,MKK,HI,AWP,WE,Federal Contract Tower,0,24,2,0,26,0,58,7,0,65,0,82,9,0,91,2,10,12,103
08/28/2015,MKK,HI,AWP,WE,Federal Contract Tower,0,24,3,0,27,0,76,12,0,88,0,100,15,0,115,2,0,2,117
08/29/2015,MKK,HI,AWP,WE,Federal Contract Tower,0,15,2,0,17,0,68,4,0,72,0,83,6,0,89,4,0,4,93
08/30/2015,MKK,HI,AWP,WE,Federal Contract Tower,0,27,0,2,29,0,68,5,0,73,0,95,5,2,102,0,0,0,102
08/31/2015,MKK,HI,AWP,WE,Federal Contract Tower,0,32,0,2,34,0,65,0,0,65,0,97,0,2,99,0,0,0,99
09/01/2015,MKK,HI,AWP,WE,Federal Contract Tower,0,18,0,2,20,0,66,1,0,67,0,84,1,2,87,0,0,0,87
09/02/2015,MKK,HI,AWP,WE,Federal Contract Tower,0,26,0,3,29,0,58,1,0,59,0,84,1,3,88,0,10,10,98
09/03/2015,MKK,HI,AWP,WE,Federal Contract Tower,0,32,0,0,32,0,45,1,0,46,0,77,1,0,78,0,0,0,78
09/04/2015,MKK,HI,AWP,WE,Federal Contract Tower,0,24,0,0,24,0,76,7,0,83,0,100,7,0,107,2,0,2,109
09/05/2015,MKK,HI,AWP,WE,Federal Contract Tower,0,13,0,0,13,0,76,6,0,82,0,89,6,0,95,0,0,0,95
09/06/2015,MKK,HI,AWP,WE,Federal Contract Tower,0,12,0,0,12,0,54,9,0,63,0,66,9,0,75,8,0,8,83
09/07/2015,MKK,HI,AWP,WE,Federal Contract Tower,0,36,3,0,39,0,53,8,0,61,0,89,11,0,100,0,0,0,100
09/08/2015,MKK,HI,AWP,WE,Federal Contract Tower,0,23,2,0,25,0,70,7,0,77,0,93,9,0,102,0,12,12,114
09/09/2015,MKK,HI,AWP,WE,Federal Contract Tower,0,34,3,8,45,0,53,11,3,67,0,87,14,11,112,0,0,0,112
09/10/2015,MKK,HI,AWP,WE,Federal Contract Tower,0,42,1,0,43,0,57,4,1,62,0,99,5,1,105,0,0,0,105
09/11/2015,MKK,HI,AWP,WE,Federal Contract Tower,0,44,0,0,44,0,64,4,0,68,0,108,4,0,112,0,0,0,112
09/12/2015,MKK,HI,AWP,WE,Federal Contract Tower,0,29,0,0,29,0,74,9,0,83,0,103,9,0,112,10,0,10,122
09/13/2015,MKK,HI,AWP,WE,Federal Contract Tower,0,44,1,0,45,0,63,7,0,70,0,107,8,0,115,0,0,0,115
09/14/2015,MKK,HI,AWP,WE,Federal Contract Tower,0,17,0,4,21,0,68,6,0,74,0,85,6,4,95,0,0,0,95
09/15/2015,MKK,HI,AWP,WE,Federal Contract Tower,0,28,0,1,29,0,45,7,1,53,0,73,7,2,82,2,14,16,98
09/16/2015,MKK,HI,AWP,WE,Federal Contract Tower,0,15,0,7,22,0,66,2,0,68,0,81,2,7,90,2,0,2,92
09/17/2015,MKK,HI,AWP,WE,Federal Contract Tower,0,33,0,2,35,0,74,8,4,86,0,107,8,6,121,0,0,0,121
09/18/2015,MKK,HI,AWP,WE,Federal Contract Tower,0,30,0,1,31,0,69,11,0,80,0,99,11,1,111,0,0,0,111
09/19/2015,MKK,HI,AWP,WE,Federal Contract Tower,0,25,0,0,25,0,74,11,4,89,0,99,11,4,114,4,0,4,118
09/20/2015,MKK,HI,AWP,WE,Federal Contract Tower,0,15,0,0,15,0,67,4,0,71,0,82,4,0,86,0,0,0,86
09/21/2015,MKK,HI,AWP,WE,Federal Contract Tower,0,33,0,4,37,0,72,1,0,73,0,105,1,4,110,0,0,0,110
09/22/2015,MKK,HI,AWP,WE,Federal Contract Tower,0,22,0,0,22,0,64,3,0,67,0,86,3,0,89,4,0,4,93
09/23/2015,MKK,HI,AWP,WE,Federal Contract Tower,0,22,0,1,23,0,73,3,0,76,0,95,3,1,99,0,26,26,125
09/24/2015,MKK,HI,AWP,WE,Federal Contract Tower,0,25,2,0,27,0,50,7,0,57,0,75,9,0,84,4,0,4,88
09/25/2015,MKK,HI,AWP,WE,Federal Contract Tower,0,39,0,1,40,0,77,7,2,86,0,116,7,3,126,0,0,0,126
09/26/2015,MKK,HI,AWP,WE,Federal Contract Tower,0,36,1,0,37,0,70,9,0,79,0,106,10,0,116,8,0,8,124
09/27/2015,MKK,HI,AWP,WE,Federal Contract Tower,0,66,0,0,66,0,103,37,0,140,0,169,37,0,206,0,0,0,206
09/28/2015,MKK,HI,AWP,WE,Federal Contract Tower,0,23,0,2,25,0,84,5,0,89,0,107,5,2,114,6,0,6,120
09/29/2015,MKK,HI,AWP,WE,Federal Contract Tower,0,23,0,5,28,0,71,1,1,73,0,94,1,6,101,0,0,0,101
09/30/2015,MKK,HI,AWP,WE,Federal Contract Tower,0,21,2,0,23,0,76,5,0,81,0,97,7,0,104,0,0,0,104
10/01/2015,MKK,HI,AWP,WE,Federal Contract Tower,0,32,3,0,35,0,56,5,0,61,0,88,8,0,96,0,0,0,96
10/02/2015,MKK,HI,AWP,WE,Federal Contract Tower,0,30,0,0,30,0,82,3,2,87,0,112,3,2,117,0,0,0,117
10/03/2015,MKK,HI,AWP,WE,Federal Contract Tower,0,25,1,1,27,0,69,14,2,85,0,94,15,3,112,6,0,6,118
10/04/2015,MKK,HI,AWP,WE,Federal Contract Tower,0,59,1,0,60,0,25,3,0,28,0,84,4,0,88,0,0,0,88
10/05/2015,MKK,HI,AWP,WE,Federal Contract Tower,0,56,0,0,56,0,58,2,0,60,0,114,2,0,116,4,0,4,120
10/06/2015,MKK,HI,AWP,WE,Federal Contract Tower,0,28,0,0,28,0,63,3,6,72,0,91,3,6,100,0,0,0,100
10/07/2015,MKK,HI,AWP,WE,Federal Contract Tower,0,19,0,0,19,0,80,4,0,84,0,99,4,0,103,0,0,0,103
10/08/2015,MKK,HI,AWP,WE,Federal Contract Tower,0,25,0,0,25,0,70,14,0,84,0,95,14,0,109,6,0,6,115
10/09/2015,MKK,HI,AWP,WE,Federal Contract Tower,0,28,3,2,33,0,89,20,2,111,0,117,23,4,144,0,0,0,144
10/10/2015,MKK,HI,AWP,WE,Federal Contract Tower,0,29,3,0,32,0,73,24,0,97,0,102,27,0,129,12,0,12,141
10/11/2015,MKK,HI,AWP,WE,Federal Contract Tower,0,32,0,0,32,0,71,8,0,79,0,103,8,0,111,4,0,4,115
10/12/2015,MKK,HI,AWP,WE,Federal Contract Tower,0,43,0,0,43,0,71,0,0,71,0,114,0,0,114,0,0,0,114
10/13/2015,MKK,HI,AWP,WE,Federal Contract Tower,0,32,0,2,34,0,62,5,0,67,0,94,5,2,101,2,0,2,103
10/14/2015,MKK,HI,AWP,WE,Federal Contract Tower,0,33,0,2,35,0,68,9,0,77,0,101,9,2,112,12,0,12,124
10/15/2015,MKK,HI,AWP,WE,Federal Contract Tower,0,39,0,0,39,0,60,4,0,64,0,99,4,0,103,4,2,6,109
10/16/2015,MKK,HI,AWP,WE,Federal Contract Tower,0,50,1,0,51,0,60,3,0,63,0,110,4,0,114,10,0,10,124
10/17/2015,MKK,HI,AWP,WE,Federal Contract Tower,0,28,0,0,28,0,61,8,0,69,0,89,8,0,97,0,0,0,97
10/18/2015,MKK,HI,AWP,WE,Federal Contract Tower,0,20,2,0,22,0,59,7,0,66,0,79,9,0,88,12,0,12,100
10/19/2015,MKK,HI,AWP,WE,Federal Contract Tower,0,48,0,4,52,0,84,10,0,94,0,132,10,4,146,2,0,2,148
10/20/2015,MKK,HI,AWP,WE,Federal Contract Tower,0,30,1,3,34,0,58,3,7,68,0,88,4,10,102,6,44,50,152
10/21/2015,MKK,HI,AWP,WE,Federal Contract Tower,0,20,0,7,27,0,62,1,2,65,0,82,1,9,92,0,0,0,92
10/22/2015,MKK,HI,AWP,WE,Federal Contract Tower,0,29,0,3,32,0,64,4,3,71,0,93,4,6,103,2,6,8,111
10/23/2015,MKK,HI,AWP,WE,Federal Contract Tower,0,34,0,3,37,0,91,13,1,105,0,125,13,4,142,8,0,8,150
10/24/2015,MKK,HI,AWP,WE,Federal Contract Tower,0,27,0,0,27,0,62,9,0,71,0,89,9,0,98,6,0,6,104
10/25/2015,MKK,HI,AWP,WE,Federal Contract Tower,0,19,0,0,19,0,79,2,0,81,0,98,2,0,100,0,0,0,100
10/26/2015,MKK,HI,AWP,WE,Federal Contract Tower,0,34,0,2,36,0,86,5,0,91,0,120,5,2,127,0,0,0,127
10/27/2015,MKK,HI,AWP,WE,Federal Contract Tower,0,32,1,6,39,0,59,4,0,63,0,91,5,6,102,4,0,4,106
10/28/2015,MKK,HI,AWP,WE,Federal Contract Tower,0,29,0,2,31,0,64,3,0,67,0,93,3,2,98,2,6,8,106
10/29/2015,MKK,HI,AWP,WE,Federal Contract Tower,0,23,0,0,23,0,72,9,4,85,0,95,9,4,108,2,12,14,122
10/30/2015,MKK,HI,AWP,WE,Federal Contract Tower,0,32,2,0,34,0,87,16,0,103,0,119,18,0,137,0,0,0,137
10/31/2015,MKK,HI,AWP,WE,Federal Contract Tower,0,29,1,0,30,0,61,12,0,73,0,90,13,0,103,14,0,14,117
11/01/2015,MKK,HI,AWP,WE,Federal Contract Tower,0,20,0,0,20,0,69,6,0,75,0,89,6,0,95,4,0,4,99
11/02/2015,MKK,HI,AWP,WE,Federal Contract Tower,0,29,3,0,32,0,82,7,0,89,0,111,10,0,121,2,0,2,123
11/03/2015,MKK,HI,AWP,WE,Federal Contract Tower,0,27,0,0,27,0,63,1,0,64,0,90,1,0,91,0,14,14,105
11/04/2015,MKK,HI,AWP,WE,Federal Contract Tower,0,23,1,0,24,0,84,6,2,92,0,107,7,2,116,0,26,26,142
11/05/2015,MKK,HI,AWP,WE,Federal Contract Tower,0,40,0,2,42,0,76,5,2,83,0,116,5,4,125,0,0,0,125
11/06/2015,MKK,HI,AWP,WE,Federal Contract Tower,0,23,1,3,27,0,96,8,1,105,0,119,9,4,132,0,0,0,132
11/07/2015,MKK,HI,AWP,WE,Federal Contract Tower,0,33,2,0,35,0,56,2,0,58,0,89,4,0,93,4,0,4,97
11/08/2015,MKK,HI,AWP,WE,Federal Contract Tower,0,19,4,0,23,0,65,5,0,70,0,84,9,0,93,4,0,4,97
11/09/2015,MKK,HI,AWP,WE,Federal Contract Tower,0,26,0,0,26,0,0,0,0,0,0,26,0,0,26,2,0,2,28
11/10/2015,MKK,HI,AWP,WE,Federal Contract Tower,0,27,0,4,31,0,87,4,0,91,0,114,4,4,122,0,0,0,122
11/11/2015,MKK,HI,AWP,WE,Federal Contract Tower,0,29,0,0,29,0,79,11,0,90,0,108,11,0,119,2,0,2,121
11/12/2015,MKK,HI,AWP,WE,Federal Contract Tower,0,43,0,4,47,0,90,1,1,92,0,133,1,5,139,0,26,26,165
11/13/2015,MKK,HI,AWP,WE,Federal Contract Tower,0,43,0,0,43,0,83,16,0,99,0,126,16,0,142,0,0,0,142
11/14/2015,MKK,HI,AWP,WE,Federal Contract Tower,0,26,2,0,28,0,67,4,0,71,0,93,6,0,99,0,0,0,99
11/15/2015,MKK,HI,AWP,WE,Federal Contract Tower,0,28,2,1,31,0,96,17,5,118,0,124,19,6,149,4,0,4,153
11/16/2015,MKK,HI,AWP,WE,Federal Contract Tower,0,30,0,0,30,0,80,8,0,88,0,110,8,0,118,4,0,4,122
11/17/2015,MKK,HI,AWP,WE,Federal Contract Tower,0,29,0,2,31,0,79,13,0,92,0,108,13,2,123,2,0,2,125
11/18/2015,MKK,HI,AWP,WE,Federal Contract Tower,0,30,3,2,35,0,64,10,1,75,0,94,13,3,110,0,28,28,138
11/19/2015,MKK,HI,AWP,WE,Federal Contract Tower,0,51,2,4,57,0,59,10,0,69,0,110,12,4,126,6,0,6,132
11/20/2015,MKK,HI,AWP,WE,Federal Contract Tower,0,58,2,0,60,0,51,2,0,53,0,109,4,0,113,0,0,0,113
11/21/2015,MKK,HI,AWP,WE,Federal Contract Tower,0,63,2,0,65,0,34,4,0,38,0,97,6,0,103,0,0,0,103
11/22/2015,MKK,HI,AWP,WE,Federal Contract Tower,0,49,1,0,50,0,63,5,0,68,0,112,6,0,118,0,0,0,118
11/23/2015,MKK,HI,AWP,WE,Federal Contract Tower,0,59,2,0,61,0,64,2,2,68,0,123,4,2,129,0,14,14,143
11/24/2015,MKK,HI,AWP,WE,Federal Contract Tower,0,84,2,0,86,0,21,6,0,27,0,105,8,0,113,0,0,0,113
11/25/2015,MKK,HI,AWP,WE,Federal Contract Tower,0,71,0,2,73,0,55,6,0,61,0,126,6,2,134,0,0,0,134
11/26/2015,MKK,HI,AWP,WE,Federal Contract Tower,0,30,0,0,30,0,35,2,0,37,0,65,2,0,67,2,0,2,69
11/27/2015,MKK,HI,AWP,WE,Federal Contract Tower,0,43,1,0,44,0,76,4,0,80,0,119,5,0,124,0,0,0,124
11/28/2015,MKK,HI,AWP,WE,Federal Contract Tower,0,37,0,0,37,0,63,5,0,68,0,100,5,0,105,0,0,0,105
11/29/2015,MKK,HI,AWP,WE,Federal Contract Tower,0,26,0,0,26,0,87,10,0,97,0,113,10,0,123,0,0,0,123
11/30/2015,MKK,HI,AWP,WE,Federal Contract Tower,0,36,0,2,38,0,92,5,0,97,0,128,5,2,135,0,0,0,135
12/01/2015,MKK,HI,AWP,WE,Federal Contract Tower,0,35,0,0,35,0,0,0,0,0,0,35,0,0,35,0,16,16,51
12/02/2015,MKK,HI,AWP,WE,Federal Contract Tower,0,35,4,0,39,0,75,7,2,84,0,110,11,2,123,0,0,0,123
12/03/2015,MKK,HI,AWP,WE,Federal Contract Tower,0,28,0,8,36,0,76,5,0,81,0,104,5,8,117,6,0,6,123
12/04/2015,MKK,HI,AWP,WE,Federal Contract Tower,0,37,0,0,37,0,85,15,0,100,0,122,15,0,137,10,0,10,147
12/05/2015,MKK,HI,AWP,WE,Federal Contract Tower,0,35,1,0,36,0,63,12,0,75,0,98,13,0,111,8,0,8,119
12/06/2015,MKK,HI,AWP,WE,Federal Contract Tower,0,17,0,0,17,0,72,7,0,79,0,89,7,0,96,2,0,2,98
12/07/2015,MKK,HI,AWP,WE,Federal Contract Tower,0,51,0,2,53,0,85,11,0,96,0,136,11,2,149,12,0,12,161
12/08/2015,MKK,HI,AWP,WE,Federal Contract Tower,0,40,0,0,40,0,80,10,0,90,0,120,10,0,130,6,0,6,136
12/09/2015,MKK,HI,AWP,WE,Federal Contract Tower,0,51,0,2,53,0,66,1,0,67,0,117,1,2,120,0,0,0,120
12/10/2015,MKK,HI,AWP,WE,Federal Contract Tower,0,44,0,2,46,0,69,10,0,79,0,113,10,2,125,6,0,6,131
12/11/2015,MKK,HI,AWP,WE,Federal Contract Tower,0,34,0,0,34,0,80,16,0,96,0,114,16,0,130,10,0,10,140
12/12/2015,MKK,HI,AWP,WE,Federal Contract Tower,0,36,2,0,38,0,61,7,0,68,0,97,9,0,106,4,0,4,110
12/13/2015,MKK,HI,AWP,WE,Federal Contract Tower,0,24,0,0,24,0,0,0,0,0,0,24,0,0,24,6,0,6,30
12/14/2015,MKK,HI,AWP,WE,Federal Contract Tower,0,41,0,6,47,0,0,0,0,0,0,41,0,6,47,0,0,0,47
12/15/2015,MKK,HI,AWP,WE,Federal Contract Tower,0,39,0,3,42,0,79,9,0,88,0,118,9,3,130,2,0,2,132
12/16/2015,MKK,HI,AWP,WE,Federal Contract Tower,0,29,1,2,32,0,72,10,1,83,0,101,11,3,115,0,2,2,117
12/17/2015,MKK,HI,AWP,WE,Federal Contract Tower,0,38,3,1,42,0,76,15,1,92,0,114,18,2,134,2,6,8,142
12/18/2015,MKK,HI,AWP,WE,Federal Contract Tower,0,46,2,2,50,0,85,8,2,95,0,131,10,4,145,2,0,2,147
12/19/2015,MKK,HI,AWP,WE,Federal Contract Tower,0,61,0,0,61,0,41,3,0,44,0,102,3,0,105,2,0,2,107
12/20/2015,MKK,HI,AWP,WE,Federal Contract Tower,0,51,0,0,51,0,52,13,0,65,0,103,13,0,116,8,0,8,124
12/21/2015,MKK,HI,AWP,WE,Federal Contract Tower,0,62,0,0,62,0,65,9,0,74,0,127,9,0,136,0,0,0,136
12/22/2015,MKK,HI,AWP,WE,Federal Contract Tower,0,58,0,0,58,0,66,13,0,79,0,124,13,0,137,16,0,16,153
12/23/2015,MKK,HI,AWP,WE,Federal Contract Tower,0,56,4,0,60,0,52,8,1,61,0,108,12,1,121,34,0,34,155
12/24/2015,MKK,HI,AWP,WE,Federal Contract Tower,0,57,2,0,59,0,76,6,2,84,0,133,8,2,143,0,0,0,143
12/25/2015,MKK,HI,AWP,WE,Federal Contract Tower,0,37,1,0,38,0,23,3,0,26,0,60,4,0,64,2,0,2,66
12/26/2015,MKK,HI,AWP,WE,Federal Contract Tower,0,59,0,0,59,0,37,8,0,45,0,96,8,0,104,4,0,4,108
12/27/2015,MKK,HI,AWP,WE,Federal Contract Tower,0,39,0,1,40,0,69,17,1,87,0,108,17,2,127,44,0,44,171
12/28/2015,MKK,HI,AWP,WE,Federal Contract Tower,0,58,1,0,59,0,55,7,0,62,0,113,8,0,121,40,0,40,161
12/29/2015,MKK,HI,AWP,WE,Federal Contract Tower,0,51,4,0,55,0,71,13,2,86,0,122,17,2,141,14,10,24,165
12/30/2015,MKK,HI,AWP,WE,Federal Contract Tower,0,65,0,0,65,0,52,10,0,62,0,117,10,0,127,42,0,42,169
12/31/2015,MKK,HI,AWP,WE,Federal Contract Tower,0,49,1,0,50,0,63,12,0,75,0,112,13,0,125,26,0,26,151
01/01/2016,MKK,HI,AWP,WE,Federal Contract Tower,0,35,0,2,37,0,31,4,2,37,0,66,4,4,74,0,6,6,80
01/02/2016,MKK,HI,AWP,WE,Federal Contract Tower,0,44,0,0,44,0,60,6,0,66,0,104,6,0,110,0,0,0,110
01/03/2016,MKK,HI,AWP,WE,Federal Contract Tower,0,30,0,0,30,0,82,10,0,92,0,112,10,0,122,14,0,14,136
01/04/2016,MKK,HI,AWP,WE,Federal Contract Tower,0,43,0,2,45,0,95,5,0,100,0,138,5,2,145,0,0,0,145
01/05/2016,MKK,HI,AWP,WE,Federal Contract Tower,0,33,0,3,36,0,89,13,1,103,0,122,13,4,139,6,0,6,145
01/06/2016,MKK,HI,AWP,WE,Federal Contract Tower,0,34,6,0,40,0,75,11,1,87,0,109,17,1,127,2,0,2,129
01/07/2016,MKK,HI,AWP,WE,Federal Contract Tower,0,26,5,0,31,0,89,6,0,95,0,115,11,0,126,0,0,0,126
01/08/2016,MKK,HI,AWP,WE,Federal Contract Tower,0,37,0,2,39,0,82,5,0,87,0,119,5,2,126,0,2,2,128
01/09/2016,MKK,HI,AWP,WE,Federal Contract Tower,0,41,0,0,41,0,64,5,0,69,0,105,5,0,110,14,0,14,124
01/10/2016,MKK,HI,AWP,WE,Federal Contract Tower,0,24,2,0,26,0,64,5,0,69,0,88,7,0,95,2,0,2,97
01/11/2016,MKK,HI,AWP,WE,Federal Contract Tower,0,47,3,2,52,0,90,9,0,99,0,137,12,2,151,8,0,8,159
01/12/2016,MKK,HI,AWP,WE,Federal Contract Tower,0,30,1,0,31,0,98,12,1,111,0,128,13,1,142,23,0,23,165
01/13/2016,MKK,HI,AWP,WE,Federal Contract Tower,0,26,0,4,30,0,79,2,0,81,0,105,2,4,111,2,10,12,123
01/14/2016,MKK,HI,AWP,WE,Federal Contract Tower,0,29,0,0,29,0,65,13,2,80,0,94,13,2,109,8,0,8,117
01/15/2016,MKK,HI,AWP,WE,Federal Contract Tower,0,39,0,0,39,0,68,8,0,76,0,107,8,0,115,4,0,4,119
01/16/2016,MKK,HI,AWP,WE,Federal Contract Tower,0,29,0,0,29,0,84,12,0,96,0,113,12,0,125,8,0,8,133
01/17/2016,MKK,HI,AWP,WE,Federal Contract Tower,0,17,1,0,18,0,77,12,0,89,0,94,13,0,107,12,0,12,119
01/18/2016,MKK,HI,AWP,WE,Federal Contract Tower,0,34,0,0,34,0,96,14,2,112,0,130,14,2,146,12,0,12,158
01/19/2016,MKK,HI,AWP,WE,Federal Contract Tower,0,23,0,0,23,0,74,2,0,76,0,97,2,0,99,0,10,10,109
01/20/2016,MKK,HI,AWP,WE,Federal Contract Tower,0,50,2,0,52,0,48,4,0,52,0,98,6,0,104,2,0,2,106
01/21/2016,MKK,HI,AWP,WE,Federal Contract Tower,0,33,2,2,37,0,70,8,0,78,0,103,10,2,115,0,0,0,115
01/22/2016,MKK,HI,AWP,WE,Federal Contract Tower,0,29,0,0,29,0,94,19,2,115,0,123,19,2,144,12,0,12,156
01/23/2016,MKK,HI,AWP,WE,Federal Contract Tower,0,27,0,0,27,0,68,8,0,76,0,95,8,0,103,2,0,2,105
01/24/2016,MKK,HI,AWP,WE,Federal Contract Tower,0,24,0,0,24,0,86,9,2,97,0,110,9,2,121,14,0,14,135
01/25/2016,MKK,HI,AWP,WE,Federal Contract Tower,0,57,0,0,57,0,62,1,4,67,0,119,1,4,124,0,14,14,138
01/26/2016,MKK,HI,AWP,WE,Federal Contract Tower,0,31,0,0,31,0,78,4,6,88,0,109,4,6,119,2,2,4,123
01/27/2016,MKK,HI,AWP,WE,Federal Contract Tower,0,34,0,0,34,0,88,3,1,92,0,122,3,1,126,0,16,16,142
01/28/2016,MKK,HI,AWP,WE,Federal Contract Tower,0,30,0,0,30,0,62,7,0,69,0,92,7,0,99,0,4,4,103
01/29/2016,MKK,HI,AWP,WE,Federal Contract Tower,0,30,0,0,30,0,87,16,2,105,0,117,16,2,135,24,2,26,161
01/30/2016,MKK,HI,AWP,WE,Federal Contract Tower,0,39,0,0,39,0,74,8,0,82,0,113,8,0,121,12,0,12,133
01/31/2016,MKK,HI,AWP,WE,Federal Contract Tower,0,23,0,0,23,0,85,11,0,96,0,108,11,0,119,4,0,4,123
02/01/2016,MKK,HI,AWP,WE,Federal Contract Tower,0,34,0,2,36,0,66,12,0,78,0,100,12,2,114,8,0,8,122
02/02/2016,MKK,HI,AWP,WE,Federal Contract Tower,0,28,0,0,28,0,81,6,0,87,0,109,6,0,115,8,0,8,123
02/03/2016,MKK,HI,AWP,WE,Federal Contract Tower,0,20,0,0,20,0,82,4,0,86,0,102,4,0,106,16,2,18,124
02/04/2016,MKK,HI,AWP,WE,Federal Contract Tower,0,21,0,0,21,0,76,3,0,79,0,97,3,0,100,8,2,10,110
02/05/2016,MKK,HI,AWP,WE,Federal Contract Tower,0,36,0,0,36,0,82,4,0,86,0,118,4,0,122,0,0,0,122
02/06/2016,MKK,HI,AWP,WE,Federal Contract Tower,0,50,0,0,50,0,55,5,0,60,0,105,5,0,110,0,0,0,110
02/07/2016,MKK,HI,AWP,WE,Federal Contract Tower,0,28,4,0,32,0,72,3,0,75,0,100,7,0,107,10,0,10,117
02/08/2016,MKK,HI,AWP,WE,Federal Contract Tower,0,27,2,0,29,0,94,5,0,99,0,121,7,0,128,0,0,0,128
02/09/2016,MKK,HI,AWP,WE,Federal Contract Tower,0,21,0,0,21,0,101,12,0,113,0,122,12,0,134,10,0,10,144
02/10/2016,MKK,HI,AWP,WE,Federal Contract Tower,0,26,0,0,26,0,72,10,4,86,0,98,10,4,112,4,0,4,116
02/11/2016,MKK,HI,AWP,WE,Federal Contract Tower,0,20,0,1,21,0,79,9,1,89,0,99,9,2,110,0,14,14,124
02/12/2016,MKK,HI,AWP,WE,Federal Contract Tower,0,41,0,0,41,0,94,6,0,100,0,135,6,0,141,8,0,8,149
02/13/2016,MKK,HI,AWP,WE,Federal Contract Tower,0,27,0,4,31,0,79,5,0,84,0,106,5,4,115,12,0,12,127
02/14/2016,MKK,HI,AWP,WE,Federal Contract Tower,0,16,0,0,16,0,97,9,2,108,0,113,9,2,124,2,0,2,126
02/15/2016,MKK,HI,AWP,WE,Federal Contract Tower,0,23,0,0,23,0,96,9,0,105,0,119,9,0,128,6,0,6,134
02/16/2016,MKK,HI,AWP,WE,Federal Contract Tower,0,36,0,2,38,0,83,5,0,88,0,119,5,2,126,0,0,0,126
02/17/2016,MKK,HI,AWP,WE,Federal Contract Tower,0,46,0,0,46,0,70,0,2,72,0,116,0,2,118,0,24,24,142
02/18/2016,MKK,HI,AWP,WE,Federal Contract Tower,0,24,2,0,26,0,71,10,0,81,0,95,12,0,107,2,6,8,115
02/19/2016,MKK,HI,AWP,WE,Federal Contract Tower,0,35,0,0,35,0,73,16,0,89,0,108,16,0,124,10,0,10,134
02/20/2016,MKK,HI,AWP,WE,Federal Contract Tower,0,30,0,0,30,0,60,13,1,74,0,90,13,1,104,0,0,0,104
02/21/2016,MKK,HI,AWP,WE,Federal Contract Tower,0,33,11,0,44,0,56,13,0,69,0,89,24,0,113,6,0,6,119
02/22/2016,MKK,HI,AWP,WE,Federal Contract Tower,0,35,0,0,35,0,82,17,1,100,0,117,17,1,135,10,0,10,145
02/23/2016,MKK,HI,AWP,WE,Federal Contract Tower,0,28,1,2,31,0,78,4,1,83,0,106,5,3,114,4,6,10,124
02/24/2016,MKK,HI,AWP,WE,Federal Contract Tower,0,33,0,0,33,0,96,7,2,105,0,129,7,2,138,10,14,24,162
02/25/2016,MKK,HI,AWP,WE,Federal Contract Tower,0,27,1,2,30,0,61,5,0,66,0,88,6,2,96,2,2,4,100
02/26/2016,MKK,HI,AWP,WE,Federal Contract Tower,0,34,0,0,34,0,81,3,0,84,0,115,3,0,118,10,0,10,128
02/27/2016,MKK,HI,AWP,WE,Federal Contract Tower,0,20,0,0,20,0,72,13,0,85,0,92,13,0,105,12,0,12,117
02/28/2016,MKK,HI,AWP,WE,Federal Contract Tower,0,28,0,0,28,0,83,14,2,99,0,111,14,2,127,12,2,14,141
02/29/2016,MKK,HI,AWP,WE,Federal Contract Tower,0,46,1,4,51,0,56,13,0,69,0,102,14,4,120,14,0,14,134
03/01/2016,MKK,HI,AWP,WE,Federal Contract Tower,0,34,0,0,34,0,65,0,2,67,0,99,0,2,101,0,14,14,115
03/02/2016,MKK,HI,AWP,WE,Federal Contract Tower,0,26,1,0,27,0,62,19,0,81,0,88,20,0,108,0,22,22,130
03/03/2016,MKK,HI,AWP,WE,Federal Contract Tower,0,26,0,0,26,0,94,7,0,101,0,120,7,0,127,4,0,4,131
03/04/2016,MKK,HI,AWP,WE,Federal Contract Tower,0,37,1,2,40,0,93,8,0,101,0,130,9,2,141,0,0,0,141
03/05/2016,MKK,HI,AWP,WE,Federal Contract Tower,0,27,1,0,28,0,83,13,0,96,0,110,14,0,124,14,0,14,138
03/06/2016,MKK,HI,AWP,WE,Federal Contract Tower,0,26,1,4,31,0,67,8,0,75,0,93,9,4,106,4,4,8,114
03/07/2016,MKK,HI,AWP,WE,Federal Contract Tower,0,37,1,4,42,0,82,3,4,89,0,119,4,8,131,0,0,0,131
03/08/2016,MKK,HI,AWP,WE,Federal Contract Tower,0,43,5,0,48,0,67,3,0,70,0,110,8,0,118,4,0,4,122
03/09/2016,MKK,HI,AWP,WE,Federal Contract Tower,0,30,1,0,31,0,82,4,4,90,0,112,5,4,121,8,4,12,133
03/10/2016,MKK,HI,AWP,WE,Federal Contract Tower,0,36,0,1,37,0,58,2,3,63,0,94,2,4,100,2,4,6,106
03/11/2016,MKK,HI,AWP,WE,Federal Contract Tower,0,34,0,0,34,0,86,10,0,96,0,120,10,0,130,0,0,0,130
03/12/2016,MKK,HI,AWP,WE,Federal Contract Tower,0,35,0,0,35,0,78,8,2,88,0,113,8,2,123,12,0,12,135
03/13/2016,MKK,HI,AWP,WE,Federal Contract Tower,0,33,3,0,36,0,74,10,2,86,0,107,13,2,122,0,0,0,122
03/14/2016,MKK,HI,AWP,WE,Federal Contract Tower,0,45,6,2,53,0,70,16,0,86,0,115,22,2,139,12,0,12,151
03/15/2016,MKK,HI,AWP,WE,Federal Contract Tower,0,21,0,0,21,0,72,7,4,83,0,93,7,4,104,6,0,6,110
03/16/2016,MKK,HI,AWP,WE,Federal Contract Tower,0,68,1,0,69,0,24,1,0,25,0,92,2,0,94,0,0,0,94
03/17/2016,MKK,HI,AWP,WE,Federal Contract Tower,0,18,2,0,20,0,75,3,0,78,0,93,5,0,98,2,0,2,100
03/18/2016,MKK,HI,AWP,WE,Federal Contract Tower,0,56,1,0,57,0,84,6,0,90,0,140,7,0,147,0,0,0,147
03/19/2016,MKK,HI,AWP,WE,Federal Contract Tower,0,34,0,0,34,0,75,7,0,82,0,109,7,0,116,2,0,2,118
03/20/2016,MKK,HI,AWP,WE,Federal Contract Tower,0,21,3,0,24,0,70,10,0,80,0,91,13,0,104,0,0,0,104
03/21/2016,MKK,HI,AWP,WE,Federal Contract Tower,0,45,4,0,49,0,58,9,0,67,0,103,13,0,116,0,0,0,116
03/22/2016,MKK,HI,AWP,WE,Federal Contract Tower,0,30,6,6,42,0,72,4,0,76,0,102,10,6,118,16,0,16,134
03/23/2016,MKK,HI,AWP,WE,Federal Contract Tower,0,21,0,2,23,0,78,9,0,87,0,99,9,2,110,6,0,6,116
03/24/2016,MKK,HI,AWP,WE,Federal Contract Tower,0,22,0,0,22,0,81,6,0,87,0,103,6,0,109,12,0,12,121
03/25/2016,MKK,HI,AWP,WE,Federal Contract Tower,0,56,0,0,56,0,70,0,0,70,0,126,0,0,126,0,0,0,126
03/26/2016,MKK,HI,AWP,WE,Federal Contract Tower,0,26,0,0,26,0,90,12,0,102,0,116,12,0,128,0,0,0,128
03/27/2016,MKK,HI,AWP,WE,Federal Contract Tower,0,24,0,0,24,0,84,6,0,90,0,108,6,0,114,0,0,0,114
03/28/2016,MKK,HI,AWP,WE,Federal Contract Tower,0,35,2,0,37,0,96,9,0,105,0,131,11,0,142,2,0,2,144
03/29/2016,MKK,HI,AWP,WE,Federal Contract Tower,0,25,0,0,25,0,91,6,0,97,0,116,6,0,122,0,0,0,122
03/30/2016,MKK,HI,AWP,WE,Federal Contract Tower,0,36,0,0,36,0,100,11,2,113,0,136,11,2,149,0,4,4,153
03/31/2016,MKK,HI,AWP,WE,Federal Contract Tower,0,25,0,0,25,0,78,3,2,83,0,103,3,2,108,10,0,10,118
04/01/2016,MKK,HI,AWP,WE,Federal Contract Tower,0,49,0,0,49,0,84,6,0,90,0,133,6,0,139,0,0,0,139
04/02/2016,MKK,HI,AWP,WE,Federal Contract Tower,0,23,2,2,27,0,89,8,0,97,0,112,10,2,124,0,0,0,124
04/03/2016,MKK,HI,AWP,WE,Federal Contract Tower,0,22,1,0,23,0,66,14,0,80,0,88,15,0,103,12,0,12,115
04/04/2016,MKK,HI,AWP,WE,Federal Contract Tower,0,27,1,0,28,0,83,5,2,90,0,110,6,2,118,0,2,2,120
04/05/2016,MKK,HI,AWP,WE,Federal Contract Tower,0,24,0,2,26,0,94,2,1,97,0,118,2,3,123,0,0,0,123
04/06/2016,MKK,HI,AWP,WE,Federal Contract Tower,0,35,0,0,35,0,93,2,0,95,0,128,2,0,130,2,0,2,132
04/07/2016,MKK,HI,AWP,WE,Federal Contract Tower,0,37,0,0,37,0,56,6,0,62,0,93,6,0,99,0,0,0,99
04/08/2016,MKK,HI,AWP,WE,Federal Contract Tower,0,41,2,0,43,0,83,10,0,93,0,124,12,0,136,0,12,12,148
04/09/2016,MKK,HI,AWP,WE,Federal Contract Tower,0,35,0,0,35,0,76,6,0,82,0,111,6,0,117,0,0,0,117
04/10/2016,MKK,HI,AWP,WE,Federal Contract Tower,0,23,0,0,23,0,71,12,0,83,0,94,12,0,106,4,0,4,110
04/11/2016,MKK,HI,AWP,WE,Federal Contract Tower,0,37,0,0,37,0,90,8,0,98,0,127,8,0,135,4,0,4,139
04/12/2016,MKK,HI,AWP,WE,Federal Contract Tower,0,25,0,0,25,0,78,3,0,81,0,103,3,0,106,0,0,0,106
04/13/2016,MKK,HI,AWP,WE,Federal Contract Tower,0,28,0,0,28,0,93,4,0,97,0,121,4,0,125,0,0,0,125
04/14/2016,MKK,HI,AWP,WE,Federal Contract Tower,0,26,0,2,28,0,78,1,0,79,0,104,1,2,107,0,0,0,107
04/15/2016,MKK,HI,AWP,WE,Federal Contract Tower,0,32,4,0,36,0,89,9,0,98,0,121,13,0,134,10,0,10,144
04/16/2016,MKK,HI,AWP,WE,Federal Contract Tower,0,27,0,0,27,0,73,10,0,83,0,100,10,0,110,8,0,8,118
04/17/2016,MKK,HI,AWP,WE,Federal Contract Tower,0,39,0,0,39,0,61,7,0,68,0,100,7,0,107,0,0,0,107
04/18/2016,MKK,HI,AWP,WE,Federal Contract Tower,0,34,0,0,34,0,80,12,0,92,0,114,12,0,126,4,0,4,130
04/19/2016,MKK,HI,AWP,WE,Federal Contract Tower,0,22,2,0,24,0,69,3,2,74,0,91,5,2,98,6,4,10,108
04/20/2016,MKK,HI,AWP,WE,Federal Contract Tower,0,29,0,0,29,0,71,11,0,82,0,100,11,0,111,4,16,20,131
04/21/2016,MKK,HI,AWP,WE,Federal Contract Tower,0,20,1,2,23,0,64,8,0,72,0,84,9,2,95,2,16,18,113
04/22/2016,MKK,HI,AWP,WE,Federal Contract Tower,0,35,0,0,35,0,77,15,0,92,0,112,15,0,127,4,0,4,131
04/23/2016,MKK,HI,AWP,WE,Federal Contract Tower,0,44,0,0,44,0,57,8,0,65,0,101,8,0,109,12,0,12,121
04/24/2016,MKK,HI,AWP,WE,Federal Contract Tower,0,36,0,0,36,0,70,12,0,82,0,106,12,0,118,6,0,6,124
04/25/2016,MKK,HI,AWP,WE,Federal Contract Tower,0,39,0,2,41,0,79,8,0,87,0,118,8,2,128,12,0,12,140
04/26/2016,MKK,HI,AWP,WE,Federal Contract Tower,0,23,0,0,23,0,78,9,0,87,0,101,9,0,110,2,0,2,112
04/27/2016,MKK,HI,AWP,WE,Federal Contract Tower,0,23,1,0,24,0,84,2,0,86,0,107,3,0,110,4,0,4,114
04/28/2016,MKK,HI,AWP,WE,Federal Contract Tower,0,24,1,0,25,0,79,4,0,83,0,103,5,0,108,0,0,0,108
04/29/2016,MKK,HI,AWP,WE,Federal Contract Tower,0,32,2,0,34,0,95,17,0,112,0,127,19,0,146,4,0,4,150
04/30/2016,MKK,HI,AWP,WE,Federal Contract Tower,0,29,1,1,31,0,72,6,1,79,0,101,7,2,110,12,0,12,122
05/01/2016,MKK,HI,AWP,WE,Federal Contract Tower,0,23,0,0,23,0,79,7,0,86,0,102,7,0,109,4,0,4,113
05/02/2016,MKK,HI,AWP,WE,Federal Contract Tower,0,40,0,0,40,0,86,6,0,92,0,126,6,0,132,6,0,6,138
05/03/2016,MKK,HI,AWP,WE,Federal Contract Tower,0,26,1,3,30,0,84,3,0,87,0,110,4,3,117,0,0,0,117
05/04/2016,MKK,HI,AWP,WE,Federal Contract Tower,0,44,0,0,44,0,65,0,0,65,0,109,0,0,109,0,0,0,109
05/05/2016,MKK,HI,AWP,WE,Federal Contract Tower,0,25,0,4,29,0,71,5,0,76,0,96,5,4,105,8,0,8,113
05/06/2016,MKK,HI,AWP,WE,Federal Contract Tower,0,41,0,2,43,0,85,8,0,93,0,126,8,2,136,4,0,4,140
05/07/2016,MKK,HI,AWP,WE,Federal Contract Tower,0,71,2,0,73,0,26,2,0,28,0,97,4,0,101,0,0,0,101
05/08/2016,MKK,HI,AWP,WE,Federal Contract Tower,0,40,0,0,40,0,51,7,0,58,0,91,7,0,98,0,0,0,98
05/09/2016,MKK,HI,AWP,WE,Federal Contract Tower,0,61,0,2,63,0,57,4,0,61,0,118,4,2,124,10,0,10,134
05/10/2016,MKK,HI,AWP,WE,Federal Contract Tower,0,62,4,0,66,0,44,0,0,44,0,106,4,0,110,0,2,2,112
05/11/2016,MKK,HI,AWP,WE,Federal Contract Tower,0,24,0,7,31,0,73,12,1,86,0,97,12,8,117,4,0,4,121
05/12/2016,MKK,HI,AWP,WE,Federal Contract Tower,0,22,2,2,26,0,76,0,0,76,0,98,2,2,102,4,0,4,106
05/13/2016,MKK,HI,AWP,WE,Federal Contract Tower,0,33,0,0,33,0,87,5,0,92,0,120,5,0,125,2,0,2,127
05/14/2016,MKK,HI,AWP,WE,Federal Contract Tower,0,30,6,0,36,0,65,8,0,73,0,95,14,0,109,18,0,18,127
05/15/2016,MKK,HI,AWP,WE,Federal Contract Tower,0,17,3,0,20,0,69,11,0,80,0,86,14,0,100,18,0,18,118
05/16/2016,MKK,HI,AWP,WE,Federal Contract Tower,0,33,2,6,41,0,87,7,0,94,0,120,9,6,135,0,0,0,135
05/17/2016,MKK,HI,AWP,WE,Federal Contract Tower,0,26,2,6,34,0,98,13,2,113,0,124,15,8,147,0,14,14,161
05/18/2016,MKK,HI,AWP,WE,Federal Contract Tower,0,27,2,3,32,0,87,9,1,97,0,114,11,4,129,0,14,14,143
05/19/2016,MKK,HI,AWP,WE,Federal Contract Tower,0,24,0,0,24,0,83,4,4,91,0,107,4,4,115,0,0,0,115
05/20/2016,MKK,HI,AWP,WE,Federal Contract Tower,0,23,0,4,27,0,98,9,0,107,0,121,9,4,134,4,0,4,138
05/21/2016,MKK,HI,AWP,WE,Federal Contract Tower,0,13,0,0,13,0,96,4,0,100,0,109,4,0,113,0,0,0,113
05/22/2016,MKK,HI,AWP,WE,Federal Contract Tower,0,27,0,0,27,0,63,13,0,76,0,90,13,0,103,2,0,2,105
05/23/2016,MKK,HI,AWP,WE,Federal Contract Tower,0,37,0,0,37,0,65,3,0,68,0,102,3,0,105,0,0,0,105
05/24/2016,MKK,HI,AWP,WE,Federal Contract Tower,0,33,2,1,36,0,85,8,0,93,0,118,10,1,129,2,0,2,131
05/25/2016,MKK,HI,AWP,WE,Federal Contract Tower,0,35,0,4,39,0,83,9,0,92,0,118,9,4,131,2,0,2,133
05/26/2016,MKK,HI,AWP,WE,Federal Contract Tower,0,21,0,0,21,0,87,10,6,103,0,108,10,6,124,2,14,16,140
05/27/2016,MKK,HI,AWP,WE,Federal Contract Tower,0,40,1,0,41,0,80,3,0,83,0,120,4,0,124,0,0,0,124
05/28/2016,MKK,HI,AWP,WE,Federal Contract Tower,0,32,0,0,32,0,69,4,0,73,0,101,4,0,105,0,0,0,105
05/29/2016,MKK,HI,AWP,WE,Federal Contract Tower,0,29,0,0,29,0,79,15,0,94,0,108,15,0,123,10,0,10,133
05/30/2016,MKK,HI,AWP,WE,Federal Contract Tower,0,30,0,0,30,0,88,4,0,92,0,118,4,0,122,0,0,0,122
05/31/2016,MKK,HI,AWP,WE,Federal Contract Tower,0,54,2,0,56,0,60,5,0,65,0,114,7,0,121,0,0,0,121
06/01/2016,MKK,HI,AWP,WE,Federal Contract Tower,0,29,0,0,29,0,66,2,0,68,0,95,2,0,97,14,0,14,111
06/02/2016,MKK,HI,AWP,WE,Federal Contract Tower,0,20,0,5,25,0,87,8,1,96,0,107,8,6,121,0,8,8,129
06/03/2016,MKK,HI,AWP,WE,Federal Contract Tower,0,31,0,0,31,0,93,19,0,112,0,124,19,0,143,12,0,12,155
06/04/2016,MKK,HI,AWP,WE,Federal Contract Tower,0,34,6,0,40,0,59,5,0,64,0,93,11,0,104,10,0,10,114
06/05/2016,MKK,HI,AWP,WE,Federal Contract Tower,0,27,1,0,28,0,66,7,0,73,0,93,8,0,101,0,0,0,101
06/06/2016,MKK,HI,AWP,WE,Federal Contract Tower,0,37,0,4,41,0,0,0,0,0,0,37,0,4,41,0,0,0,41
06/07/2016,MKK,HI,AWP,WE,Federal Contract Tower,0,21,0,0,21,0,86,0,1,87,0,107,0,1,108,0,18,18,126
06/08/2016,MKK,HI,AWP,WE,Federal Contract Tower,0,19,0,5,24,0,96,19,1,116,0,115,19,6,140,6,0,6,146
06/09/2016,MKK,HI,AWP,WE,Federal Contract Tower,0,30,1,0,31,0,73,5,0,78,0,103,6,0,109,0,0,0,109
06/10/2016,MKK,HI,AWP,WE,Federal Contract Tower,0,30,1,0,31,0,88,12,0,100,0,118,13,0,131,0,0,0,131
06/11/2016,MKK,HI,AWP,WE,Federal Contract Tower,0,23,2,1,26,0,77,13,0,90,0,100,15,1,116,14,0,14,130
06/12/2016,MKK,HI,AWP,WE,Federal Contract Tower,0,23,2,0,25,0,77,9,0,86,0,100,11,0,111,2,0,2,113
06/13/2016,MKK,HI,AWP,WE,Federal Contract Tower,0,37,1,1,39,0,90,8,1,99,0,127,9,2,138,14,0,14,152
06/14/2016,MKK,HI,AWP,WE,Federal Contract Tower,0,21,0,0,21,0,80,1,0,81,0,101,1,0,102,0,0,0,102
06/15/2016,MKK,HI,AWP,WE,Federal Contract Tower,0,20,0,2,22,0,81,1,0,82,0,101,1,2,104,8,0,8,112
06/16/2016,MKK,HI,AWP,WE,Federal Contract Tower,0,21,2,4,27,0,74,7,0,81,0,95,9,4,108,4,0,4,112
06/17/2016,MKK,HI,AWP,WE,Federal Contract Tower,0,38,0,2,40,0,75,3,0,78,0,113,3,2,118,6,0,6,124
06/18/2016,MKK,HI,AWP,WE,Federal Contract Tower,0,21,0,0,21,0,80,4,0,84,0,101,4,0,105,0,0,0,105
06/19/2016,MKK,HI,AWP,WE,Federal Contract Tower,0,25,0,0,25,0,79,14,2,95,0,104,14,2,120,8,0,8,128
06/20/2016,MKK,HI,AWP,WE,Federal Contract Tower,0,36,2,0,38,0,89,12,0,101,0,125,14,0,139,2,0,2,141
06/21/2016,MKK,HI,AWP,WE,Federal Contract Tower,0,15,4,4,23,0,77,1,0,78,0,92,5,4,101,0,14,14,115
06/22/2016,MKK,HI,AWP,WE,Federal Contract Tower,0,28,0,2,30,0,82,3,0,85,0,110,3,2,115,6,12,18,133
06/23/2016,MKK,HI,AWP,WE,Federal Contract Tower,0,22,1,4,27,0,78,4,0,82,0,100,5,4,109,6,10,16,125
06/24/2016,MKK,HI,AWP,WE,Federal Contract Tower,0,36,0,0,36,0,80,14,0,94,0,116,14,0,130,14,0,14,144
06/25/2016,MKK,HI,AWP,WE,Federal Contract Tower,0,32,0,0,32,0,69,10,0,79,0,101,10,0,111,12,0,12,123
06/26/2016,MKK,HI,AWP,WE,Federal Contract Tower,0,23,0,0,23,0,84,14,2,100,0,107,14,2,123,2,0,2,125
06/27/2016,MKK,HI,AWP,WE,Federal Contract Tower,0,41,0,0,41,0,73,9,0,82,0,114,9,0,123,0,0,0,123
06/28/2016,MKK,HI,AWP,WE,Federal Contract Tower,0,18,0,2,20,0,81,7,0,88,0,99,7,2,108,0,2,2,110
06/29/2016,MKK,HI,AWP,WE,Federal Contract Tower,0,24,0,0,24,0,79,5,2,86,0,103,5,2,110,0,0,0,110
06/30/2016,MKK,HI,AWP,WE,Federal Contract Tower,0,19,0,2,21,0,69,1,0,70,0,88,1,2,91,0,0,0,91
07/01/2016,MKK,HI,AWP,WE,Federal Contract Tower,0,41,0,0,41,0,84,7,0,91,0,125,7,0,132,0,0,0,132
07/02/2016,MKK,HI,AWP,WE,Federal Contract Tower,0,41,0,0,41,0,72,4,0,76,0,113,4,0,117,0,0,0,117
07/03/2016,MKK,HI,AWP,WE,Federal Contract Tower,0,28,0,0,28,0,62,2,0,64,0,90,2,0,92,0,0,0,92
07/04/2016,MKK,HI,AWP,WE,Federal Contract Tower,0,30,0,0,30,0,90,3,0,93,0,120,3,0,123,0,0,0,123
07/05/2016,MKK,HI,AWP,WE,Federal Contract Tower,0,29,0,0,29,0,82,5,0,87,0,111,5,0,116,6,0,6,122
07/06/2016,MKK,HI,AWP,WE,Federal Contract Tower,0,21,0,0,21,0,73,5,0,78,0,94,5,0,99,6,32,38,137
07/07/2016,MKK,HI,AWP,WE,Federal Contract Tower,0,19,2,0,21,0,83,12,0,95,0,102,14,0,116,6,0,6,122
07/08/2016,MKK,HI,AWP,WE,Federal Contract Tower,0,33,6,1,40,0,88,13,1,102,0,121,19,2,142,0,0,0,142
07/09/2016,MKK,HI,AWP,WE,Federal Contract Tower,0,26,0,0,26,0,78,7,0,85,0,104,7,0,111,2,0,2,113
07/10/2016,MKK,HI,AWP,WE,Federal Contract Tower,0,21,0,0,21,0,84,10,0,94,0,105,10,0,115,0,0,0,115
07/11/2016,MKK,HI,AWP,WE,Federal Contract Tower,0,36,0,0,36,0,79,5,0,84,0,115,5,0,120,6,0,6,126
07/12/2016,MKK,HI,AWP,WE,Federal Contract Tower,0,20,0,6,26,0,78,2,2,82,0,98,2,8,108,0,56,56,164
07/13/2016,MKK,HI,AWP,WE,Federal Contract Tower,0,25,0,0,25,0,73,4,0,77,0,98,4,0,102,0,8,8,110
07/14/2016,MKK,HI,AWP,WE,Federal Contract Tower,0,21,3,2,26,0,78,4,0,82,0,99,7,2,108,24,2,26,134
07/15/2016,MKK,HI,AWP,WE,Federal Contract Tower,0,36,0,0,36,0,84,8,2,94,0,120,8,2,130,20,0,20,150
07/16/2016,MKK,HI,AWP,WE,Federal Contract Tower,0,34,0,1,35,0,68,8,1,77,0,102,8,2,112,0,0,0,112
07/17/2016,MKK,HI,AWP,WE,Federal Contract Tower,0,36,2,0,38,0,75,3,0,78,0,111,5,0,116,2,0,2,118
07/18/2016,MKK,HI,AWP,WE,Federal Contract Tower,0,44,0,0,44,0,89,5,0,94,0,133,5,0,138,2,0,2,140
07/19/2016,MKK,HI,AWP,WE,Federal Contract Tower,0,26,1,4,31,0,88,5,0,93,0,114,6,4,124,8,0,8,132
07/20/2016,MKK,HI,AWP,WE,Federal Contract Tower,2,22,0,0,24,0,94,12,0,106,2,116,12,0,130,0,12,12,142
07/21/2016,MKK,HI,AWP,WE,Federal Contract Tower,0,24,5,2,31,0,70,7,2,79,0,94,12,4,110,6,4,10,120
07/22/2016,MKK,HI,AWP,WE,Federal Contract Tower,0,32,0,0,32,0,87,4,4,95,0,119,4,4,127,0,0,0,127
07/23/2016,MKK,HI,AWP,WE,Federal Contract Tower,0,65,1,0,66,0,20,1,0,21,0,85,2,0,87,0,0,0,87
07/24/2016,MKK,HI,AWP,WE,Federal Contract Tower,0,76,0,0,76,0,0,0,0,0,0,76,0,0,76,0,0,0,76
07/25/2016,MKK,HI,AWP,WE,Federal Contract Tower,0,35,0,0,35,0,86,10,0,96,0,121,10,0,131,8,0,8,139
07/26/2016,MKK,HI,AWP,WE,Federal Contract Tower,0,21,4,0,25,0,95,6,0,101,0,116,10,0,126,6,0,6,132
07/27/2016,MKK,HI,AWP,WE,Federal Contract Tower,0,28,0,6,34,0,88,11,0,99,0,116,11,6,133,4,0,4,137
07/28/2016,MKK,HI,AWP,WE,Federal Contract Tower,0,18,0,5,23,0,88,6,3,97,0,106,6,8,120,0,0,0,120
07/29/2016,MKK,HI,AWP,WE,Federal Contract Tower,0,41,3,2,46,0,86,7,2,95,0,127,10,4,141,0,0,0,141
07/30/2016,MKK,HI,AWP,WE,Federal Contract Tower,0,29,0,0,29,0,80,19,0,99,0,109,19,0,128,6,0,6,134
07/31/2016,MKK,HI,AWP,WE,Federal Contract Tower,0,52,0,0,52,0,71,18,0,89,0,123,18,0,141,2,0,2,143
08/01/2016,MKK,HI,AWP,WE,Federal Contract Tower,0,38,1,2,41,0,83,11,0,94,0,121,12,2,135,4,0,4,139
08/02/2016,MKK,HI,AWP,WE,Federal Contract Tower,0,31,2,0,33,0,80,11,2,93,0,111,13,2,126,6,24,30,156
08/03/2016,MKK,HI,AWP,WE,Federal Contract Tower,0,25,1,0,26,0,64,9,0,73,0,89,10,0,99,22,0,22,121
08/04/2016,MKK,HI,AWP,WE,Federal Contract Tower,0,26,1,0,27,0,72,5,2,79,0,98,6,2,106,0,0,0,106
08/05/2016,MKK,HI,AWP,WE,Federal Contract Tower,0,40,0,0,40,0,90,7,0,97,0,130,7,0,137,0,0,0,137
08/06/2016,MKK,HI,AWP,WE,Federal Contract Tower,0,34,1,0,35,0,69,11,0,80,0,103,12,0,115,0,0,0,115
08/07/2016,MKK,HI,AWP,WE,Federal Contract Tower,0,26,1,0,27,0,66,3,0,69,0,92,4,0,96,0,0,0,96
08/08/2016,MKK,HI,AWP,WE,Federal Contract Tower,0,32,0,0,32,0,105,7,0,112,0,137,7,0,144,0,0,0,144
08/09/2016,MKK,HI,AWP,WE,Federal Contract Tower,0,13,9,0,22,0,84,4,0,88,0,97,13,0,110,0,0,0,110
08/10/2016,MKK,HI,AWP,WE,Federal Contract Tower,0,23,1,4,28,0,98,6,6,110,0,121,7,10,138,0,20,20,158
08/11/2016,MKK,HI,AWP,WE,Federal Contract Tower,0,19,1,0,20,0,67,15,0,82,0,86,16,0,102,10,0,10,112
08/12/2016,MKK,HI,AWP,WE,Federal Contract Tower,0,42,2,0,44,0,88,14,0,102,0,130,16,0,146,0,0,0,146
08/13/2016,MKK,HI,AWP,WE,Federal Contract Tower,0,35,1,0,36,0,65,6,0,71,0,100,7,0,107,18,0,18,125
08/14/2016,MKK,HI,AWP,WE,Federal Contract Tower,0,31,1,0,32,0,85,6,4,95,0,116,7,4,127,0,0,0,127
08/15/2016,MKK,HI,AWP,WE,Federal Contract Tower,0,36,0,2,38,0,95,18,4,117,0,131,18,6,155,4,4,8,163
08/16/2016,MKK,HI,AWP,WE,Federal Contract Tower,0,18,0,2,20,0,77,4,2,83,0,95,4,4,103,0,0,0,103
08/17/2016,MKK,HI,AWP,WE,Federal Contract Tower,0,20,1,4,25,0,99,10,2,111,0,119,11,6,136,18,10,28,164
08/18/2016,MKK,HI,AWP,WE,Federal Contract Tower,0,32,1,0,33,0,73,5,4,82,0,105,6,4,115,0,0,0,115
08/19/2016,MKK,HI,AWP,WE,Federal Contract Tower,0,40,0,0,40,0,97,5,2,104,0,137,5,2,144,4,0,4,148
08/20/2016,MKK,HI,AWP,WE,Federal Contract Tower,0,34,0,0,34,0,73,7,0,80,0,107,7,0,114,0,0,0,114
08/21/2016,MKK,HI,AWP,WE,Federal Contract Tower,0,33,1,0,34,0,73,12,0,85,0,106,13,0,119,0,0,0,119
08/22/2016,MKK,HI,AWP,WE,Federal Contract Tower,0,45,0,0,45,0,76,5,0,81,0,121,5,0,126,0,0,0,126
08/23/2016,MKK,HI,AWP,WE,Federal Contract Tower,0,19,0,0,19,0,77,10,8,95,0,96,10,8,114,2,0,2,116
08/24/2016,MKK,HI,AWP,WE,Federal Contract Tower,0,29,1,0,30,0,82,2,3,87,0,111,3,3,117,0,0,0,117
08/25/2016,MKK,HI,AWP,WE,Federal Contract Tower,0,20,0,2,22,0,70,5,0,75,0,90,5,2,97,2,0,2,99
08/26/2016,MKK,HI,AWP,WE,Federal Contract Tower,0,37,0,0,37,0,85,14,0,99,0,122,14,0,136,4,0,4,140
08/27/2016,MKK,HI,AWP,WE,Federal Contract Tower,0,33,0,0,33,0,60,9,0,69,0,93,9,0,102,0,0,0,102
08/28/2016,MKK,HI,AWP,WE,Federal Contract Tower,0,39,2,0,41,0,93,4,0,97,0,132,6,0,138,0,0,0,138
08/29/2016,MKK,HI,AWP,WE,Federal Contract Tower,0,34,0,2,36,0,63,5,0,68,0,97,5,2,104,8,0,8,112
08/30/2016,MKK,HI,AWP,WE,Federal Contract Tower,0,47,2,1,50,0,33,8,2,43,0,80,10,3,93,0,0,0,93
08/31/2016,MKK,HI,AWP,WE,Federal Contract Tower,0,41,0,0,41,0,42,3,2,47,0,83,3,2,88,0,22,22,110
09/01/2016,MKK,HI,AWP,WE,Federal Contract Tower,0,28,1,0,29,0,58,1,0,59,0,86,2,0,88,0,0,0,88
09/02/2016,MKK,HI,AWP,WE,Federal Contract Tower,0,46,0,0,46,0,83,3,0,86,0,129,3,0,132,0,0,0,132
09/03/2016,MKK,HI,AWP,WE,Federal Contract Tower,0,33,0,0,33,0,54,2,0,56,0,87,2,0,89,0,0,0,89
09/04/2016,MKK,HI,AWP,WE,Federal Contract Tower,0,28,3,0,31,0,42,3,0,45,0,70,6,0,76,0,0,0,76
09/05/2016,MKK,HI,AWP,WE,Federal Contract Tower,0,23,2,0,25,0,83,10,0,93,0,106,12,0,118,2,0,2,120
09/06/2016,MKK,HI,AWP,WE,Federal Contract Tower,0,34,0,0,34,0,61,10,0,71,0,95,10,0,105,6,0,6,111
09/07/2016,MKK,HI,AWP,WE,Federal Contract Tower,0,24,0,0,24,0,50,6,2,58,0,74,6,2,82,2,0,2,84
09/08/2016,MKK,HI,AWP,WE,Federal Contract Tower,0,25,0,0,25,0,65,8,0,73,0,90,8,0,98,4,0,4,102
09/09/2016,MKK,HI,AWP,WE,Federal Contract Tower,0,24,0,5,29,0,81,15,1,97,0,105,15,6,126,0,0,0,126
09/10/2016,MKK,HI,AWP,WE,Federal Contract Tower,0,30,5,0,35,0,70,10,0,80,0,100,15,0,115,0,0,0,115
09/11/2016,MKK,HI,AWP,WE,Federal Contract Tower,0,29,0,0,29,0,55,8,1,64,0,84,8,1,93,4,0,4,97
09/12/2016,MKK,HI,AWP,WE,Federal Contract Tower,0,50,0,0,50,0,45,3,0,48,0,95,3,0,98,6,0,6,104
09/13/2016,MKK,HI,AWP,WE,Federal Contract Tower,0,44,0,2,46,0,37,0,0,37,0,81,0,2,83,2,0,2,85
09/14/2016,MKK,HI,AWP,WE,Federal Contract Tower,0,43,0,0,43,0,41,1,0,42,0,84,1,0,85,0,0,0,85
09/15/2016,MKK,HI,AWP,WE,Federal Contract Tower,0,29,0,2,31,0,60,3,0,63,0,89,3,2,94,0,0,0,94
09/16/2016,MKK,HI,AWP,WE,Federal Contract Tower,0,43,0,0,43,0,80,6,2,88,0,123,6,2,131,10,0,10,141
09/17/2016,MKK,HI,AWP,WE,Federal Contract Tower,0,28,6,0,34,0,78,19,0,97,0,106,25,0,131,6,0,6,137
09/18/2016,MKK,HI,AWP,WE,Federal Contract Tower,0,29,0,0,29,0,63,13,1,77,0,92,13,1,106,14,0,14,120
09/19/2016,MKK,HI,AWP,WE,Federal Contract Tower,0,36,0,0,36,0,81,14,0,95,0,117,14,0,131,8,0,8,139
09/20/2016,MKK,HI,AWP,WE,Federal Contract Tower,0,34,0,2,36,0,68,4,0,72,0,102,4,2,108,0,0,0,108
09/21/2016,MKK,HI,AWP,WE,Federal Contract Tower,0,19,3,0,22,0,74,20,2,96,0,93,23,2,118,2,0,2,120
09/22/2016,MKK,HI,AWP,WE,Federal Contract Tower,0,24,4,0,28,0,78,4,0,82,0,102,8,0,110,0,0,0,110
09/23/2016,MKK,HI,AWP,WE,Federal Contract Tower,0,27,0,0,27,0,102,13,0,115,0,129,13,0,142,0,0,0,142
09/24/2016,MKK,HI,AWP,WE,Federal Contract Tower,0,36,1,0,37,0,85,9,3,97,0,121,10,3,134,0,0,0,134
09/25/2016,MKK,HI,AWP,WE,Federal Contract Tower,0,30,2,0,32,0,67,12,0,79,0,97,14,0,111,12,0,12,123
09/26/2016,MKK,HI,AWP,WE,Federal Contract Tower,0,38,1,6,45,0,90,4,3,97,0,128,5,9,142,0,0,0,142
09/27/2016,MKK,HI,AWP,WE,Federal Contract Tower,0,35,1,0,36,0,83,6,3,92,0,118,7,3,128,6,10,16,144
09/28/2016,MKK,HI,AWP,WE,Federal Contract Tower,0,34,5,4,43,0,84,16,2,102,0,118,21,6,145,12,6,18,163
09/29/2016,MKK,HI,AWP,WE,Federal Contract Tower,0,19,3,4,26,0,87,5,0,92,0,106,8,4,118,0,0,0,118
09/30/2016,MKK,HI,AWP,WE,Federal Contract Tower,0,23,1,0,24,0,104,9,2,115,0,127,10,2,139,0,18,18,157
10/01/2016,MKK,HI,AWP,WE,Federal Contract Tower,0,24,0,0,24,0,54,14,0,68,0,78,14,0,92,14,0,14,106
10/02/2016,MKK,HI,AWP,WE,Federal Contract Tower,0,22,0,0,22,0,53,8,0,61,0,75,8,0,83,0,0,0,83
10/03/2016,MKK,HI,AWP,WE,Federal Contract Tower,0,34,3,0,37,0,58,12,0,70,0,92,15,0,107,0,0,0,107
10/04/2016,MKK,HI,AWP,WE,Federal Contract Tower,0,38,1,0,39,0,76,9,0,85,0,114,10,0,124,2,0,2,126
10/05/2016,MKK,HI,AWP,WE,Federal Contract Tower,0,18,0,0,18,0,89,4,0,93,0,107,4,0,111,0,0,0,111
10/06/2016,MKK,HI,AWP,WE,Federal Contract Tower,0,33,1,1,35,0,64,1,1,66,0,97,2,2,101,0,0,0,101
10/07/2016,MKK,HI,AWP,WE,Federal Contract Tower,0,27,5,1,33,0,91,24,1,116,0,118,29,2,149,6,0,6,155
10/08/2016,MKK,HI,AWP,WE,Federal Contract Tower,0,21,0,0,21,0,109,19,0,128,0,130,19,0,149,8,0,8,157
10/09/2016,MKK,HI,AWP,WE,Federal Contract Tower,0,12,1,0,13,0,76,14,0,90,0,88,15,0,103,0,0,0,103
10/10/2016,MKK,HI,AWP,WE,Federal Contract Tower,0,18,0,0,18,0,93,6,0,99,0,111,6,0,117,12,0,12,129
10/11/2016,MKK,HI,AWP,WE,Federal Contract Tower,0,25,0,2,27,0,79,2,0,81,0,104,2,2,108,4,0,4,112
10/12/2016,MKK,HI,AWP,WE,Federal Contract Tower,0,21,2,4,27,0,68,6,0,74,0,89,8,4,101,4,0,4,105
10/13/2016,MKK,HI,AWP,WE,Federal Contract Tower,0,20,0,0,20,0,76,3,0,79,0,96,3,0,99,0,0,0,99
10/14/2016,MKK,HI,AWP,WE,Federal Contract Tower,0,16,1,2,19,0,91,8,0,99,0,107,9,2,118,4,0,4,122
10/15/2016,MKK,HI,AWP,WE,Federal Contract Tower,0,24,1,0,25,0,68,3,0,71,0,92,4,0,96,0,0,0,96
10/16/2016,MKK,HI,AWP,WE,Federal Contract Tower,0,19,1,0,20,0,67,8,0,75,0,86,9,0,95,0,0,0,95
10/17/2016,MKK,HI,AWP,WE,Federal Contract Tower,0,21,4,2,27,0,82,9,0,91,0,103,13,2,118,0,0,0,118
10/18/2016,MKK,HI,AWP,WE,Federal Contract Tower,0,18,0,4,22,0,73,10,1,84,0,91,10,5,106,4,18,22,128
10/19/2016,MKK,HI,AWP,WE,Federal Contract Tower,0,25,1,3,29,0,72,6,1,79,0,97,7,4,108,8,0,8,116
10/20/2016,MKK,HI,AWP,WE,Federal Contract Tower,0,20,1,0,21,0,79,9,0,88,0,99,10,0,109,0,0,0,109
10/21/2016,MKK,HI,AWP,WE,Federal Contract Tower,0,42,0,0,42,0,87,11,0,98,0,129,11,0,140,0,0,0,140
10/22/2016,MKK,HI,AWP,WE,Federal Contract Tower,0,35,0,0,35,0,79,2,0,81,0,114,2,0,116,0,0,0,116
10/23/2016,MKK,HI,AWP,WE,Federal Contract Tower,0,23,0,0,23,0,76,8,0,84,0,99,8,0,107,2,0,2,109
10/24/2016,MKK,HI,AWP,WE,Federal Contract Tower,0,42,0,0,42,0,63,6,0,69,0,105,6,0,111,0,0,0,111
10/25/2016,MKK,HI,AWP,WE,Federal Contract Tower,0,18,0,0,18,0,81,14,0,95,0,99,14,0,113,0,14,14,127
10/26/2016,MKK,HI,AWP,WE,Federal Contract Tower,0,29,3,2,34,0,68,10,0,78,0,97,13,2,112,2,0,2,114
10/27/2016,MKK,HI,AWP,WE,Federal Contract Tower,0,24,0,4,28,0,66,8,4,78,0,90,8,8,106,0,20,20,126
10/28/2016,MKK,HI,AWP,WE,Federal Contract Tower,0,35,0,0,35,0,84,4,2,90,0,119,4,2,125,0,2,2,127
10/29/2016,MKK,HI,AWP,WE,Federal Contract Tower,0,36,0,0,36,0,71,6,0,77,0,107,6,0,113,0,0,0,113
10/30/2016,MKK,HI,AWP,WE,Federal Contract Tower,0,23,0,0,23,0,76,6,0,82,0,99,6,0,105,0,0,0,105
10/31/2016,MKK,HI,AWP,WE,Federal Contract Tower,0,27,0,0,27,0,84,3,2,89,0,111,3,2,116,0,22,22,138
11/01/2016,MKK,HI,AWP,WE,Federal Contract Tower,0,25,1,3,29,0,63,6,5,74,0,88,7,8,103,0,14,14,117
11/02/2016,MKK,HI,AWP,WE,Federal Contract Tower,0,29,3,0,32,0,87,6,0,93,0,116,9,0,125,0,0,0,125
11/03/2016,MKK,HI,AWP,WE,Federal Contract Tower,0,26,0,0,26,0,61,4,4,69,0,87,4,4,95,6,10,16,111
11/04/2016,MKK,HI,AWP,WE,Federal Contract Tower,0,35,2,0,37,0,80,16,6,102,0,115,18,6,139,0,0,0,139
11/05/2016,MKK,HI,AWP,WE,Federal Contract Tower,0,29,1,0,30,0,70,6,0,76,0,99,7,0,106,0,0,0,106
11/06/2016,MKK,HI,AWP,WE,Federal Contract Tower,0,26,1,0,27,0,69,12,0,81,0,95,13,0,108,0,0,0,108
11/07/2016,MKK,HI,AWP,WE,Federal Contract Tower,0,49,2,0,51,0,60,5,0,65,0,109,7,0,116,6,0,6,122
11/08/2016,MKK,HI,AWP,WE,Federal Contract Tower,0,21,2,0,23,0,73,2,0,75,0,94,4,0,98,4,0,4,102
11/09/2016,MKK,HI,AWP,WE,Federal Contract Tower,0,19,0,0,19,0,78,7,0,85,0,97,7,0,104,0,0,0,104
11/10/2016,MKK,HI,AWP,WE,Federal Contract Tower,0,28,4,0,32,0,72,4,0,76,0,100,8,0,108,0,0,0,108
11/11/2016,MKK,HI,AWP,WE,Federal Contract Tower,0,24,2,0,26,0,79,27,0,106,0,103,29,0,132,2,0,2,134
11/12/2016,MKK,HI,AWP,WE,Federal Contract Tower,0,30,1,0,31,0,64,7,0,71,0,94,8,0,102,0,0,0,102
11/13/2016,MKK,HI,AWP,WE,Federal Contract Tower,0,23,0,0,23,0,89,7,0,96,0,112,7,0,119,9,9,18,137
11/14/2016,MKK,HI,AWP,WE,Federal Contract Tower,0,30,2,0,32,0,93,8,0,101,0,123,10,0,133,0,0,0,133
11/15/2016,MKK,HI,AWP,WE,Federal Contract Tower,0,25,3,7,35,0,74,6,0,80,0,99,9,7,115,0,4,4,119
11/16/2016,MKK,HI,AWP,WE,Federal Contract Tower,0,20,1,0,21,0,79,10,3,92,0,99,11,3,113,8,0,8,121
11/17/2016,MKK,HI,AWP,WE,Federal Contract Tower,0,16,1,4,21,0,72,6,11,89,0,88,7,15,110,4,0,4,114
11/18/2016,MKK,HI,AWP,WE,Federal Contract Tower,0,34,5,0,39,0,86,3,0,89,0,120,8,0,128,0,0,0,128
11/19/2016,MKK,HI,AWP,WE,Federal Contract Tower,0,43,4,2,49,0,68,5,0,73,0,111,9,2,122,6,0,6,128
11/20/2016,MKK,HI,AWP,WE,Federal Contract Tower,0,22,2,0,24,0,75,0,0,75,0,97,2,0,99,0,0,0,99
11/21/2016,MKK,HI,AWP,WE,Federal Contract Tower,0,50,2,4,56,0,63,5,2,70,0,113,7,6,126,4,10,14,140
11/22/2016,MKK,HI,AWP,WE,Federal Contract Tower,0,24,2,4,30,0,74,7,0,81,0,98,9,4,111,0,26,26,137
11/23/2016,MKK,HI,AWP,WE,Federal Contract Tower,0,24,1,2,27,0,78,5,0,83,0,102,6,2,110,0,0,0,110
11/24/2016,MKK,HI,AWP,WE,Federal Contract Tower,0,16,0,0,16,0,23,1,0,24,0,39,1,0,40,0,0,0,40
11/25/2016,MKK,HI,AWP,WE,Federal Contract Tower,0,41,3,0,44,0,91,6,0,97,0,132,9,0,141,0,0,0,141
11/26/2016,MKK,HI,AWP,WE,Federal Contract Tower,0,30,2,0,32,0,77,7,0,84,0,107,9,0,116,0,0,0,116
11/27/2016,MKK,HI,AWP,WE,Federal Contract Tower,0,27,0,0,27,0,89,8,0,97,0,116,8,0,124,4,0,4,128
11/28/2016,MKK,HI,AWP,WE,Federal Contract Tower,0,36,1,0,37,0,95,18,0,113,0,131,19,0,150,6,0,6,156
11/29/2016,MKK,HI,AWP,WE,Federal Contract Tower,0,38,0,1,39,0,72,2,1,75,0,110,2,2,114,0,0,0,114
11/30/2016,MKK,HI,AWP,WE,Federal Contract Tower,0,22,2,0,24,0,74,3,0,77,0,96,5,0,101,0,0,0,101
12/01/2016,MKK,HI,AWP,WE,Federal Contract Tower,0,32,1,2,35,0,68,3,0,71,0,100,4,2,106,0,0,0,106
12/02/2016,MKK,HI,AWP,WE,Federal Contract Tower,0,37,0,0,37,0,82,11,4,97,0,119,11,4,134,6,0,6,140
12/03/2016,MKK,HI,AWP,WE,Federal Contract Tower,0,30,0,0,30,0,68,7,0,75,0,98,7,0,105,4,0,4,109
12/04/2016,MKK,HI,AWP,WE,Federal Contract Tower,0,34,0,0,34,0,47,5,0,52,0,81,5,0,86,0,0,0,86
12/05/2016,MKK,HI,AWP,WE,Federal Contract Tower,0,36,0,2,38,0,106,9,0,115,0,142,9,2,153,0,0,0,153
12/06/2016,MKK,HI,AWP,WE,Federal Contract Tower,0,24,0,3,27,0,80,21,1,102,0,104,21,4,129,10,8,18,147
12/07/2016,MKK,HI,AWP,WE,Federal Contract Tower,0,20,1,0,21,0,77,6,2,85,0,97,7,2,106,12,28,40,146
12/08/2016,MKK,HI,AWP,WE,Federal Contract Tower,0,74,7,0,81,0,16,1,0,17,0,90,8,0,98,0,0,0,98
12/09/2016,MKK,HI,AWP,WE,Federal Contract Tower,0,64,4,0,68,0,63,2,0,65,0,127,6,0,133,0,0,0,133
12/10/2016,MKK,HI,AWP,WE,Federal Contract Tower,0,53,0,0,53,0,36,2,0,38,0,89,2,0,91,0,0,0,91
12/11/2016,MKK,HI,AWP,WE,Federal Contract Tower,0,42,0,0,42,0,56,8,0,64,0,98,8,0,106,0,0,0,106
12/12/2016,MKK,HI,AWP,WE,Federal Contract Tower,0,28,0,2,30,0,90,14,2,106,0,118,14,4,136,18,4,22,158
12/13/2016,MKK,HI,AWP,WE,Federal Contract Tower,0,21,0,2,23,0,70,7,3,80,0,91,7,5,103,4,0,4,107
12/14/2016,MKK,HI,AWP,WE,Federal Contract Tower,0,20,1,0,21,0,71,10,0,81,0,91,11,0,102,0,10,10,112
12/15/2016,MKK,HI,AWP,WE,Federal Contract Tower,0,31,2,0,33,0,69,6,2,77,0,100,8,2,110,4,0,4,114
12/16/2016,MKK,HI,AWP,WE,Federal Contract Tower,0,40,0,1,41,0,90,10,0,100,0,130,10,1,141,4,0,4,145
12/17/2016,MKK,HI,AWP,WE,Federal Contract Tower,0,48,4,0,52,0,55,7,0,62,0,103,11,0,114,0,0,0,114
12/18/2016,MKK,HI,AWP,WE,Federal Contract Tower,0,35,1,0,36,0,52,2,4,58,0,87,3,4,94,0,0,0,94
12/19/2016,MKK,HI,AWP,WE,Federal Contract Tower,0,41,0,2,43,0,101,7,0,108,0,142,7,2,151,18,0,18,169
12/20/2016,MKK,HI,AWP,WE,Federal Contract Tower,0,36,0,0,36,0,80,8,2,90,0,116,8,2,126,0,14,14,140
12/21/2016,MKK,HI,AWP,WE,Federal Contract Tower,0,32,2,2,36,0,82,6,0,88,0,114,8,2,124,8,0,8,132
12/22/2016,MKK,HI,AWP,WE,Federal Contract Tower,0,33,5,4,42,0,69,4,3,76,0,102,9,7,118,8,18,26,144
12/23/2016,MKK,HI,AWP,WE,Federal Contract Tower,0,52,2,0,54,0,82,18,0,100,0,134,20,0,154,42,0,42,196
12/24/2016,MKK,HI,AWP,WE,Federal Contract Tower,0,44,2,0,46,0,62,10,0,72,0,106,12,0,118,0,18,18,136
12/25/2016,MKK,HI,AWP,WE,Federal Contract Tower,0,20,0,0,20,0,19,1,0,20,0,39,1,0,40,0,0,0,40
12/26/2016,MKK,HI,AWP,WE,Federal Contract Tower,0,37,1,0,38,0,70,8,0,78,0,107,9,0,116,16,0,16,132
12/27/2016,MKK,HI,AWP,WE,Federal Contract Tower,0,31,1,0,32,0,67,0,0,67,0,98,1,0,99,6,0,6,105
12/28/2016,MKK,HI,AWP,WE,Federal Contract Tower,0,35,0,2,37,0,68,6,0,74,0,103,6,2,111,4,12,16,127
12/29/2016,MKK,HI,AWP,WE,Federal Contract Tower,0,47,0,0,47,0,58,11,0,69,0,105,11,0,116,16,0,16,132
12/30/2016,MKK,HI,AWP,WE,Federal Contract Tower,0,101,1,0,102,0,20,1,0,21,0,121,2,0,123,0,0,0,123
12/31/2016,MKK,HI,AWP,WE,Federal Contract Tower,0,68,3,0,71,0,36,5,0,41,0,104,8,0,112,6,0,6,118
01/01/2017,MKK,HI,AWP,WE,Federal Contract Tower,0,24,0,0,24,0,31,2,0,33,0,55,2,0,57,0,0,0,57
01/02/2017,MKK,HI,AWP,WE,Federal Contract Tower,0,25,4,0,29,0,79,10,0,89,0,104,14,0,118,0,0,0,118
01/03/2017,MKK,HI,AWP,WE,Federal Contract Tower,0,19,1,0,20,0,79,6,0,85,0,98,7,0,105,0,0,0,105
01/04/2017,MKK,HI,AWP,WE,Federal Contract Tower,0,25,1,0,26,0,57,9,0,66,0,82,10,0,92,8,0,8,100
01/05/2017,MKK,HI,AWP,WE,Federal Contract Tower,0,25,3,1,29,0,71,4,1,76,0,96,7,2,105,0,0,0,105
01/06/2017,MKK,HI,AWP,WE,Federal Contract Tower,0,36,0,0,36,0,78,13,0,91,0,114,13,0,127,0,0,0,127
01/07/2017,MKK,HI,AWP,WE,Federal Contract Tower,0,28,1,0,29,0,69,9,0,78,0,97,10,0,107,0,0,0,107
01/08/2017,MKK,HI,AWP,WE,Federal Contract Tower,0,19,1,0,20,0,62,9,0,71,0,81,10,0,91,0,0,0,91
01/09/2017,MKK,HI,AWP,WE,Federal Contract Tower,0,34,4,0,38,0,66,3,0,69,0,100,7,0,107,0,0,0,107
01/10/2017,MKK,HI,AWP,WE,Federal Contract Tower,0,20,1,1,22,0,60,2,1,63,0,80,3,2,85,0,0,0,85
01/11/2017,MKK,HI,AWP,WE,Federal Contract Tower,0,19,0,2,21,0,63,4,0,67,0,82,4,2,88,2,0,2,90
01/12/2017,MKK,HI,AWP,WE,Federal Contract Tower,0,20,0,2,22,0,69,9,0,78,0,89,9,2,100,0,0,0,100
01/13/2017,MKK,HI,AWP,WE,Federal Contract Tower,0,36,0,0,36,0,81,11,0,92,0,117,11,0,128,0,0,0,128
01/14/2017,MKK,HI,AWP,WE,Federal Contract Tower,0,29,0,0,29,0,72,11,0,83,0,101,11,0,112,2,0,2,114
01/15/2017,MKK,HI,AWP,WE,Federal Contract Tower,0,28,1,0,29,0,56,9,0,65,0,84,10,0,94,0,0,0,94
01/16/2017,MKK,HI,AWP,WE,Federal Contract Tower,0,23,1,0,24,0,80,11,0,91,0,103,12,0,115,32,0,32,147
01/17/2017,MKK,HI,AWP,WE,Federal Contract Tower,0,36,6,3,45,0,64,8,1,73,0,100,14,4,118,0,4,4,122
01/18/2017,MKK,HI,AWP,WE,Federal Contract Tower,0,19,4,5,28,0,68,12,1,81,0,87,16,6,109,2,0,2,111
01/19/2017,MKK,HI,AWP,WE,Federal Contract Tower,0,22,0,0,22,0,65,4,0,69,0,87,4,0,91,0,0,0,91
01/20/2017,MKK,HI,AWP,WE,Federal Contract Tower,0,36,2,1,39,0,88,11,1,100,0,124,13,2,139,2,0,2,141
01/21/2017,MKK,HI,AWP,WE,Federal Contract Tower,0,50,1,0,51,0,58,4,0,62,0,108,5,0,113,0,0,0,113
01/22/2017,MKK,HI,AWP,WE,Federal Contract Tower,0,27,0,0,27,0,62,1,0,63,0,89,1,0,90,0,0,0,90
01/23/2017,MKK,HI,AWP,WE,Federal Contract Tower,0,35,1,2,38,0,89,1,0,90,0,124,2,2,128,0,0,0,128
01/24/2017,MKK,HI,AWP,WE,Federal Contract Tower,0,26,2,0,28,0,72,2,0,74,0,98,4,0,102,0,0,0,102
01/25/2017,MKK,HI,AWP,WE,Federal Contract Tower,0,20,1,0,21,0,81,7,0,88,0,101,8,0,109,0,0,0,109
01/26/2017,MKK,HI,AWP,WE,Federal Contract Tower,0,23,4,0,27,0,65,6,0,71,0,88,10,0,98,10,2,12,110
01/27/2017,MKK,HI,AWP,WE,Federal Contract Tower,0,35,2,4,41,0,93,17,0,110,0,128,19,4,151,0,0,0,151
01/28/2017,MKK,HI,AWP,WE,Federal Contract Tower,0,29,0,0,29,0,70,10,0,80,0,99,10,0,109,0,0,0,109
01/29/2017,MKK,HI,AWP,WE,Federal Contract Tower,0,31,1,0,32,0,79,3,0,82,0,110,4,0,114,0,0,0,114
01/31/2017,MKK,HI,AWP,WE,Federal Contract Tower,0,20,2,0,22,0,68,2,0,70,0,88,4,0,92,2,0,2,94
02/01/2017,MKK,HI,AWP,WE,Federal Contract Tower,0,38,1,5,44,0,69,8,3,80,0,107,9,8,124,0,0,0,124
02/02/2017,MKK,HI,AWP,WE,Federal Contract Tower,0,28,7,0,35,0,65,7,0,72,0,93,14,0,107,10,0,10,117
02/03/2017,MKK,HI,AWP,WE,Federal Contract Tower,0,34,1,0,35,0,73,9,0,82,0,107,10,0,117,0,0,0,117
02/04/2017,MKK,HI,AWP,WE,Federal Contract Tower,0,32,2,0,34,0,58,3,0,61,0,90,5,0,95,0,0,0,95
02/05/2017,MKK,HI,AWP,WE,Federal Contract Tower,0,31,2,0,33,0,55,5,0,60,0,86,7,0,93,0,0,0,93
02/06/2017,MKK,HI,AWP,WE,Federal Contract Tower,0,46,0,0,46,0,0,0,0,0,0,46,0,0,46,0,0,0,46
02/07/2017,MKK,HI,AWP,WE,Federal Contract Tower,0,23,2,1,26,0,66,5,1,72,0,89,7,2,98,24,0,24,122
02/08/2017,MKK,HI,AWP,WE,Federal Contract Tower,0,24,1,2,27,0,65,10,0,75,0,89,11,2,102,2,4,6,108
02/09/2017,MKK,HI,AWP,WE,Federal Contract Tower,0,27,4,0,31,0,80,8,0,88,0,107,12,0,119,2,0,2,121
02/10/2017,MKK,HI,AWP,WE,Federal Contract Tower,0,52,1,1,54,0,70,7,1,78,0,122,8,2,132,0,0,0,132
02/11/2017,MKK,HI,AWP,WE,Federal Contract Tower,0,45,2,0,47,0,19,0,0,19,0,64,2,0,66,0,0,0,66
02/12/2017,MKK,HI,AWP,WE,Federal Contract Tower,0,26,0,0,26,0,61,6,0,67,0,87,6,0,93,0,0,0,93
02/13/2017,MKK,HI,AWP,WE,Federal Contract Tower,0,26,0,1,27,0,73,11,1,85,0,99,11,2,112,10,4,14,126
02/14/2017,MKK,HI,AWP,WE,Federal Contract Tower,0,37,0,0,37,0,48,5,0,53,0,85,5,0,90,2,0,2,92
02/15/2017,MKK,HI,AWP,WE,Federal Contract Tower,0,41,7,2,50,0,41,1,0,42,0,82,8,2,92,0,0,0,92
02/16/2017,MKK,HI,AWP,WE,Federal Contract Tower,0,20,0,3,23,0,72,3,1,76,0,92,3,4,99,2,0,2,101
02/17/2017,MKK,HI,AWP,WE,Federal Contract Tower,0,29,1,0,30,0,84,10,0,94,0,113,11,0,124,2,0,2,126
02/18/2017,MKK,HI,AWP,WE,Federal Contract Tower,0,29,4,0,33,0,65,20,2,87,0,94,24,2,120,8,0,8,128
02/19/2017,MKK,HI,AWP,WE,Federal Contract Tower,0,30,3,0,33,0,77,5,0,82,0,107,8,0,115,0,0,0,115
02/20/2017,MKK,HI,AWP,WE,Federal Contract Tower,0,39,0,0,39,0,100,5,0,105,0,139,5,0,144,0,0,0,144
02/21/2017,MKK,HI,AWP,WE,Federal Contract Tower,0,21,3,2,26,0,99,2,0,101,0,120,5,2,127,0,0,0,127
02/22/2017,MKK,HI,AWP,WE,Federal Contract Tower,0,25,3,1,29,0,83,3,1,87,0,108,6,2,116,24,0,24,140
02/23/2017,MKK,HI,AWP,WE,Federal Contract Tower,0,19,3,4,26,0,77,7,0,84,0,96,10,4,110,0,22,22,132
02/24/2017,MKK,HI,AWP,WE,Federal Contract Tower,0,35,2,0,37,0,82,11,0,93,0,117,13,0,130,14,0,14,144
02/25/2017,MKK,HI,AWP,WE,Federal Contract Tower,0,29,2,1,32,0,74,10,0,84,0,103,12,1,116,0,0,0,116
02/26/2017,MKK,HI,AWP,WE,Federal Contract Tower,0,25,0,0,25,0,0,0,0,0,0,25,0,0,25,4,0,4,29
02/27/2017,MKK,HI,AWP,WE,Federal Contract Tower,0,28,0,0,28,0,0,0,0,0,0,28,0,0,28,0,0,0,28
02/28/2017,MKK,HI,AWP,WE,Federal Contract Tower,0,21,0,2,23,0,97,3,0,100,0,118,3,2,123,10,0,10,133
03/01/2017,MKK,HI,AWP,WE,Federal Contract Tower,0,41,1,0,42,0,31,0,0,31,0,72,1,0,73,0,4,4,77
03/02/2017,MKK,HI,AWP,WE,Federal Contract Tower,0,21,4,0,25,0,71,0,0,71,0,92,4,0,96,4,0,4,100
03/03/2017,MKK,HI,AWP,WE,Federal Contract Tower,0,30,2,0,32,0,87,2,0,89,0,117,4,0,121,2,0,2,123
03/04/2017,MKK,HI,AWP,WE,Federal Contract Tower,0,32,5,8,45,0,69,7,0,76,0,101,12,8,121,6,0,6,127
03/05/2017,MKK,HI,AWP,WE,Federal Contract Tower,0,34,1,0,35,0,47,3,0,50,0,81,4,0,85,0,0,0,85
03/06/2017,MKK,HI,AWP,WE,Federal Contract Tower,0,34,0,2,36,0,94,9,0,103,0,128,9,2,139,0,0,0,139
03/07/2017,MKK,HI,AWP,WE,Federal Contract Tower,0,18,0,0,18,0,95,4,2,101,0,113,4,2,119,6,8,14,133
03/08/2017,MKK,HI,AWP,WE,Federal Contract Tower,0,27,1,0,28,0,81,4,0,85,0,108,5,0,113,0,0,0,113
03/09/2017,MKK,HI,AWP,WE,Federal Contract Tower,0,31,1,0,32,0,56,1,0,57,0,87,2,0,89,0,0,0,89
03/10/2017,MKK,HI,AWP,WE,Federal Contract Tower,0,33,1,0,34,0,89,2,0,91,0,122,3,0,125,0,0,0,125
03/11/2017,MKK,HI,AWP,WE,Federal Contract Tower,0,26,1,0,27,0,68,21,0,89,0,94,22,0,116,2,0,2,118
03/12/2017,MKK,HI,AWP,WE,Federal Contract Tower,0,20,2,0,22,0,83,16,0,99,0,103,18,0,121,2,0,2,123
03/13/2017,MKK,HI,AWP,WE,Federal Contract Tower,0,27,0,2,29,0,76,15,0,91,0,103,15,2,120,14,0,14,134
03/14/2017,MKK,HI,AWP,WE,Federal Contract Tower,0,18,0,0,18,0,88,6,0,94,0,106,6,0,112,12,0,12,124
03/15/2017,MKK,HI,AWP,WE,Federal Contract Tower,0,19,2,0,21,0,70,7,2,79,0,89,9,2,100,2,0,2,102
03/16/2017,MKK,HI,AWP,WE,Federal Contract Tower,0,19,0,2,21,0,71,8,0,79,0,90,8,2,100,20,0,20,120
03/17/2017,MKK,HI,AWP,WE,Federal Contract Tower,0,51,3,0,54,0,80,8,0,88,0,131,11,0,142,4,0,4,146
03/18/2017,MKK,HI,AWP,WE,Federal Contract Tower,0,23,0,0,23,0,84,8,1,93,0,107,8,1,116,0,0,0,116
03/19/2017,MKK,HI,AWP,WE,Federal Contract Tower,0,12,0,0,12,0,90,8,0,98,0,102,8,0,110,0,0,0,110
03/20/2017,MKK,HI,AWP,WE,Federal Contract Tower,0,24,2,0,26,0,98,12,0,110,0,122,14,0,136,16,0,16,152
03/21/2017,MKK,HI,AWP,WE,Federal Contract Tower,0,14,0,0,14,0,71,1,1,73,0,85,1,1,87,2,12,14,101
03/22/2017,MKK,HI,AWP,WE,Federal Contract Tower,0,17,0,0,17,0,70,5,0,75,0,87,5,0,92,6,8,14,106
03/23/2017,MKK,HI,AWP,WE,Federal Contract Tower,0,23,3,0,26,0,78,9,0,87,0,101,12,0,113,2,0,2,115
03/24/2017,MKK,HI,AWP,WE,Federal Contract Tower,0,52,2,0,54,0,67,12,0,79,0,119,14,0,133,0,0,0,133
03/25/2017,MKK,HI,AWP,WE,Federal Contract Tower,0,24,0,0,24,0,74,7,0,81,0,98,7,0,105,2,0,2,107
03/26/2017,MKK,HI,AWP,WE,Federal Contract Tower,0,20,0,0,20,0,75,6,0,81,0,95,6,0,101,2,0,2,103
03/27/2017,MKK,HI,AWP,WE,Federal Contract Tower,0,22,0,0,22,0,84,4,0,88,0,106,4,0,110,12,0,12,122
03/28/2017,MKK,HI,AWP,WE,Federal Contract Tower,0,14,2,0,16,0,86,6,0,92,0,100,8,0,108,4,0,4,112
03/29/2017,MKK,HI,AWP,WE,Federal Contract Tower,0,18,1,0,19,0,85,12,0,97,0,103,13,0,116,2,10,12,128
03/30/2017,MKK,HI,AWP,WE,Federal Contract Tower,0,18,0,4,22,0,68,10,0,78,0,86,10,4,100,2,12,14,114
03/31/2017,MKK,HI,AWP,WE,Federal Contract Tower,0,26,1,0,27,0,82,9,0,91,0,108,10,0,118,2,0,2,120
04/01/2017,MKK,HI,AWP,WE,Federal Contract Tower,0,26,1,2,29,0,67,11,0,78,0,93,12,2,107,0,0,0,107
04/02/2017,MKK,HI,AWP,WE,Federal Contract Tower,0,17,7,0,24,0,72,12,0,84,0,89,19,0,108,12,0,12,120
04/03/2017,MKK,HI,AWP,WE,Federal Contract Tower,0,32,0,0,32,0,95,5,0,100,0,127,5,0,132,2,0,2,134
04/04/2017,MKK,HI,AWP,WE,Federal Contract Tower,0,15,0,0,15,0,78,8,0,86,0,93,8,0,101,6,0,6,107
04/05/2017,MKK,HI,AWP,WE,Federal Contract Tower,0,14,1,1,16,0,66,3,1,70,0,80,4,2,86,0,2,2,88
04/06/2017,MKK,HI,AWP,WE,Federal Contract Tower,0,22,5,2,29,0,71,2,0,73,0,93,7,2,102,2,0,2,104
04/07/2017,MKK,HI,AWP,WE,Federal Contract Tower,0,29,1,0,30,0,92,8,0,100,0,121,9,0,130,0,0,0,130
04/08/2017,MKK,HI,AWP,WE,Federal Contract Tower,0,21,0,0,21,0,76,8,0,84,0,97,8,0,105,6,0,6,111
04/09/2017,MKK,HI,AWP,WE,Federal Contract Tower,0,22,1,0,23,0,69,7,0,76,0,91,8,0,99,0,0,0,99
04/11/2017,MKK,HI,AWP,WE,Federal Contract Tower,0,22,1,0,23,0,75,16,0,91,0,97,17,0,114,16,0,16,130
04/12/2017,MKK,HI,AWP,WE,Federal Contract Tower,0,22,4,3,29,0,75,0,1,76,0,97,4,4,105,0,0,0,105
04/13/2017,MKK,HI,AWP,WE,Federal Contract Tower,0,22,1,0,23,0,67,4,0,71,0,89,5,0,94,10,0,10,104
04/14/2017,MKK,HI,AWP,WE,Federal Contract Tower,0,30,1,6,37,0,78,5,0,83,0,108,6,6,120,2,0,2,122
04/15/2017,MKK,HI,AWP,WE,Federal Contract Tower,0,19,0,0,19,0,76,10,0,86,0,95,10,0,105,4,0,4,109
04/16/2017,MKK,HI,AWP,WE,Federal Contract Tower,0,21,0,0,21,0,75,6,0,81,0,96,6,0,102,6,0,6,108
04/17/2017,MKK,HI,AWP,WE,Federal Contract Tower,0,27,0,2,29,0,90,1,0,91,0,117,1,2,120,0,0,0,120
04/18/2017,MKK,HI,AWP,WE,Federal Contract Tower,0,17,5,0,22,0,72,6,0,78,0,89,11,0,100,0,8,8,108
04/19/2017,MKK,HI,AWP,WE,Federal Contract Tower,0,20,3,0,23,0,73,4,0,77,0,93,7,0,100,0,0,0,100
04/20/2017,MKK,HI,AWP,WE,Federal Contract Tower,0,42,2,0,44,0,55,5,1,61,0,97,7,1,105,0,0,0,105
04/21/2017,MKK,HI,AWP,WE,Federal Contract Tower,0,78,0,0,78,0,42,6,0,48,0,120,6,0,126,0,0,0,126
04/22/2017,MKK,HI,AWP,WE,Federal Contract Tower,0,29,4,0,33,0,66,8,0,74,0,95,12,0,107,8,0,8,115
04/23/2017,MKK,HI,AWP,WE,Federal Contract Tower,0,23,2,0,25,0,72,16,0,88,0,95,18,0,113,8,0,8,121
04/24/2017,MKK,HI,AWP,WE,Federal Contract Tower,0,28,0,0,28,0,83,12,0,95,0,111,12,0,123,20,0,20,143
04/25/2017,MKK,HI,AWP,WE,Federal Contract Tower,0,25,3,0,28,0,69,12,0,81,0,94,15,0,109,4,0,4,113
04/26/2017,MKK,HI,AWP,WE,Federal Contract Tower,0,17,1,0,18,0,88,13,0,101,0,105,14,0,119,12,0,12,131
04/27/2017,MKK,HI,AWP,WE,Federal Contract Tower,31,0,4,0,35,0,76,12,0,88,31,76,16,0,123,12,0,12,135
04/28/2017,MKK,HI,AWP,WE,Federal Contract Tower,0,29,0,0,29,0,83,3,0,86,0,112,3,0,115,0,0,0,115
04/29/2017,MKK,HI,AWP,WE,Federal Contract Tower,0,59,3,0,62,0,15,6,0,21,0,74,9,0,83,0,0,0,83
05/01/2017,MKK,HI,AWP,WE,Federal Contract Tower,0,24,4,1,29,0,84,3,0,87,0,108,7,1,116,0,0,0,116
05/02/2017,MKK,HI,AWP,WE,Federal Contract Tower,0,17,4,0,21,0,73,6,0,79,0,90,10,0,100,6,0,6,106
05/03/2017,MKK,HI,AWP,WE,Federal Contract Tower,0,12,1,2,15,0,80,12,0,92,0,92,13,2,107,8,0,8,115
05/04/2017,MKK,HI,AWP,WE,Federal Contract Tower,0,15,0,1,16,0,70,11,1,82,0,85,11,2,98,2,0,2,100
05/05/2017,MKK,HI,AWP,WE,Federal Contract Tower,0,23,4,1,28,0,84,7,1,92,0,107,11,2,120,2,0,2,122
05/06/2017,MKK,HI,AWP,WE,Federal Contract Tower,0,20,4,0,24,0,88,7,0,95,0,108,11,0,119,14,0,14,133
05/07/2017,MKK,HI,AWP,WE,Federal Contract Tower,0,14,2,0,16,0,71,10,0,81,0,85,12,0,97,0,0,0,97
05/08/2017,MKK,HI,AWP,WE,Federal Contract Tower,0,39,0,0,39,0,77,12,0,89,0,116,12,0,128,4,0,4,132
05/09/2017,MKK,HI,AWP,WE,Federal Contract Tower,0,22,2,2,26,0,74,8,0,82,0,96,10,2,108,0,4,4,112
05/10/2017,MKK,HI,AWP,WE,Federal Contract Tower,0,15,2,0,17,0,88,4,0,92,0,103,6,0,109,0,0,0,109
05/11/2017,MKK,HI,AWP,WE,Federal Contract Tower,0,36,0,5,41,0,75,9,2,86,0,111,9,7,127,4,6,10,137
05/12/2017,MKK,HI,AWP,WE,Federal Contract Tower,0,27,4,0,31,0,82,3,0,85,0,109,7,0,116,2,0,2,118
05/13/2017,MKK,HI,AWP,WE,Federal Contract Tower,0,23,0,0,23,0,67,7,0,74,0,90,7,0,97,6,0,6,103
05/14/2017,MKK,HI,AWP,WE,Federal Contract Tower,0,19,0,0,19,0,75,0,2,77,0,94,0,2,96,0,0,0,96
05/15/2017,MKK,HI,AWP,WE,Federal Contract Tower,0,28,1,0,29,0,93,12,0,105,0,121,13,0,134,8,0,8,142
05/16/2017,MKK,HI,AWP,WE,Federal Contract Tower,0,12,2,2,16,0,86,4,4,94,0,98,6,6,110,0,0,0,110
05/17/2017,MKK,HI,AWP,WE,Federal Contract Tower,0,18,0,0,18,0,81,6,0,87,0,99,6,0,105,0,0,0,105
05/18/2017,MKK,HI,AWP,WE,Federal Contract Tower,0,17,1,2,20,0,88,11,0,99,0,105,12,2,119,2,4,6,125
05/19/2017,MKK,HI,AWP,WE,Federal Contract Tower,0,27,1,0,28,0,86,13,0,99,0,113,14,0,127,2,0,2,129
05/20/2017,MKK,HI,AWP,WE,Federal Contract Tower,0,26,1,0,27,0,79,6,1,86,0,105,7,1,113,0,0,0,113
05/21/2017,MKK,HI,AWP,WE,Federal Contract Tower,0,21,0,0,21,0,79,8,0,87,0,100,8,0,108,0,0,0,108
05/23/2017,MKK,HI,AWP,WE,Federal Contract Tower,0,22,2,0,24,0,64,5,2,71,0,86,7,2,95,0,12,12,107
05/24/2017,MKK,HI,AWP,WE,Federal Contract Tower,0,15,0,0,15,0,83,8,0,91,0,98,8,0,106,26,2,28,134
05/25/2017,MKK,HI,AWP,WE,Federal Contract Tower,0,26,4,0,30,0,87,5,4,96,0,113,9,4,126,0,20,20,146
05/26/2017,MKK,HI,AWP,WE,Federal Contract Tower,0,26,6,1,33,0,94,1,1,96,0,120,7,2,129,2,0,2,131
05/27/2017,MKK,HI,AWP,WE,Federal Contract Tower,0,20,1,0,21,0,78,3,0,81,0,98,4,0,102,12,0,12,114
05/28/2017,MKK,HI,AWP,WE,Federal Contract Tower,0,12,1,0,13,0,68,11,0,79,0,80,12,0,92,16,0,16,108
05/29/2017,MKK,HI,AWP,WE,Federal Contract Tower,0,18,3,0,21,0,102,16,0,118,0,120,19,0,139,4,0,4,143
05/30/2017,MKK,HI,AWP,WE,Federal Contract Tower,0,32,2,2,36,0,82,2,0,84,0,114,4,2,120,0,0,0,120
05/31/2017,MKK,HI,AWP,WE,Federal Contract Tower,0,19,0,0,19,0,76,2,0,78,0,95,2,0,97,6,2,8,105
06/01/2017,MKK,HI,AWP,WE,Federal Contract Tower,0,18,0,5,23,0,95,8,1,104,0,113,8,6,127,0,0,0,127
06/02/2017,MKK,HI,AWP,WE,Federal Contract Tower,0,30,3,0,33,0,80,10,0,90,0,110,13,0,123,8,0,8,131
06/03/2017,MKK,HI,AWP,WE,Federal Contract Tower,0,24,1,0,25,0,64,5,0,69,0,88,6,0,94,0,0,0,94
06/04/2017,MKK,HI,AWP,WE,Federal Contract Tower,0,14,3,0,17,0,70,13,0,83,0,84,16,0,100,6,0,6,106
06/05/2017,MKK,HI,AWP,WE,Federal Contract Tower,0,21,0,2,23,0,95,14,0,109,0,116,14,2,132,8,0,8,140
06/06/2017,MKK,HI,AWP,WE,Federal Contract Tower,0,16,0,0,16,0,102,2,0,104,0,118,2,0,120,6,0,6,126
06/07/2017,MKK,HI,AWP,WE,Federal Contract Tower,0,19,1,2,22,0,80,10,0,90,0,99,11,2,112,16,0,16,128
06/08/2017,MKK,HI,AWP,WE,Federal Contract Tower,0,30,0,0,30,0,94,12,3,109,0,124,12,3,139,0,2,2,141
06/09/2017,MKK,HI,AWP,WE,Federal Contract Tower,0,32,0,0,32,0,84,12,2,98,0,116,12,2,130,4,0,4,134
06/10/2017,MKK,HI,AWP,WE,Federal Contract Tower,0,48,1,0,49,0,49,7,0,56,0,97,8,0,105,0,0,0,105
06/11/2017,MKK,HI,AWP,WE,Federal Contract Tower,0,18,0,0,18,0,73,8,0,81,0,91,8,0,99,10,0,10,109
06/12/2017,MKK,HI,AWP,WE,Federal Contract Tower,0,16,0,0,16,0,88,7,0,95,0,104,7,0,111,2,0,2,113
06/13/2017,MKK,HI,AWP,WE,Federal Contract Tower,0,15,2,2,19,0,54,8,0,62,0,69,10,2,81,10,0,10,91
06/14/2017,MKK,HI,AWP,WE,Federal Contract Tower,0,20,1,0,21,0,71,18,0,89,0,91,19,0,110,2,2,4,114
06/15/2017,MKK,HI,AWP,WE,Federal Contract Tower,0,17,0,0,17,0,75,4,0,79,0,92,4,0,96,6,0,6,102
06/16/2017,MKK,HI,AWP,WE,Federal Contract Tower,0,30,2,0,32,0,89,3,0,92,0,119,5,0,124,4,0,4,128
06/17/2017,MKK,HI,AWP,WE,Federal Contract Tower,0,26,4,0,30,0,72,4,0,76,0,98,8,0,106,6,0,6,112
06/18/2017,MKK,HI,AWP,WE,Federal Contract Tower,0,19,0,0,19,0,78,8,0,86,0,97,8,0,105,4,0,4,109
06/19/2017,MKK,HI,AWP,WE,Federal Contract Tower,0,24,2,2,28,0,70,5,0,75,0,94,7,2,103,0,0,0,103
06/20/2017,MKK,HI,AWP,WE,Federal Contract Tower,0,17,0,0,17,0,67,1,0,68,0,84,1,0,85,6,0,6,91
06/21/2017,MKK,HI,AWP,WE,Federal Contract Tower,0,17,0,0,17,0,81,5,4,90,0,98,5,4,107,10,4,14,121
06/23/2017,MKK,HI,AWP,WE,Federal Contract Tower,0,23,0,0,23,0,77,3,4,84,0,100,3,4,107,4,0,4,111
06/24/2017,MKK,HI,AWP,WE,Federal Contract Tower,0,16,0,0,16,0,65,1,0,66,0,81,1,0,82,2,0,2,84
06/25/2017,MKK,HI,AWP,WE,Federal Contract Tower,0,16,0,0,16,0,71,12,0,83,0,87,12,0,99,2,0,2,101
06/26/2017,MKK,HI,AWP,WE,Federal Contract Tower,0,31,0,0,31,0,99,4,0,103,0,130,4,0,134,0,0,0,134
06/27/2017,MKK,HI,AWP,WE,Federal Contract Tower,0,21,0,0,21,0,71,12,0,83,0,92,12,0,104,16,4,20,124
06/28/2017,MKK,HI,AWP,WE,Federal Contract Tower,0,15,0,0,15,0,92,2,0,94,0,107,2,0,109,8,2,10,119
06/29/2017,MKK,HI,AWP,WE,Federal Contract Tower,0,22,2,0,24,0,96,6,0,102,0,118,8,0,126,0,0,0,126
06/30/2017,MKK,HI,AWP,WE,Federal Contract Tower,0,27,0,0,27,0,94,3,0,97,0,121,3,0,124,0,0,0,124
07/01/2017,MKK,HI,AWP,WE,Federal Contract Tower,0,29,0,0,29,0,78,8,0,86,0,107,8,0,115,0,0,0,115
07/02/2017,MKK,HI,AWP,WE,Federal Contract Tower,0,17,1,0,18,0,72,10,0,82,0,89,11,0,100,6,0,6,106
07/03/2017,MKK,HI,AWP,WE,Federal Contract Tower,0,27,0,0,27,0,83,9,0,92,0,110,9,0,119,2,0,2,121
07/04/2017,MKK,HI,AWP,WE,Federal Contract Tower,0,11,0,0,11,0,64,2,0,66,0,75,2,0,77,8,0,8,85
07/06/2017,MKK,HI,AWP,WE,Federal Contract Tower,0,14,0,0,14,0,76,3,0,79,0,90,3,0,93,0,28,28,121
07/07/2017,MKK,HI,AWP,WE,Federal Contract Tower,0,24,0,0,24,0,81,6,0,87,0,105,6,0,111,6,2,8,119
07/08/2017,MKK,HI,AWP,WE,Federal Contract Tower,0,28,0,0,28,0,70,8,0,78,0,98,8,0,106,2,0,2,108
07/09/2017,MKK,HI,AWP,WE,Federal Contract Tower,0,19,0,0,19,0,65,11,0,76,0,84,11,0,95,8,0,8,103
07/10/2017,MKK,HI,AWP,WE,Federal Contract Tower,0,27,1,0,28,0,71,5,0,76,0,98,6,0,104,12,0,12,116
07/11/2017,MKK,HI,AWP,WE,Federal Contract Tower,0,17,0,0,17,0,66,6,0,72,0,83,6,0,89,6,0,6,95
07/12/2017,MKK,HI,AWP,WE,Federal Contract Tower,0,14,1,0,15,0,75,8,0,83,0,89,9,0,98,2,0,2,100
07/13/2017,MKK,HI,AWP,WE,Federal Contract Tower,0,23,0,0,23,0,66,4,0,70,0,89,4,0,93,2,0,2,95
07/14/2017,MKK,HI,AWP,WE,Federal Contract Tower,0,31,0,0,31,0,83,9,0,92,0,114,9,0,123,8,0,8,131
07/15/2017,MKK,HI,AWP,WE,Federal Contract Tower,0,25,4,2,31,0,75,4,0,79,0,100,8,2,110,8,0,8,118
07/16/2017,MKK,HI,AWP,WE,Federal Contract Tower,0,17,1,0,18,0,87,4,2,93,0,104,5,2,111,6,0,6,117
07/17/2017,MKK,HI,AWP,WE,Federal Contract Tower,0,26,0,0,26,0,91,8,10,109,0,117,8,10,135,4,6,10,145
07/18/2017,MKK,HI,AWP,WE,Federal Contract Tower,0,19,0,0,19,0,78,13,6,97,0,97,13,6,116,2,0,2,118
07/19/2017,MKK,HI,AWP,WE,Federal Contract Tower,0,17,0,2,19,0,65,7,0,72,0,82,7,2,91,2,0,2,93
07/20/2017,MKK,HI,AWP,WE,Federal Contract Tower,0,19,1,0,20,0,61,1,4,66,0,80,2,4,86,4,0,4,90
07/21/2017,MKK,HI,AWP,WE,Federal Contract Tower,0,16,0,0,16,0,79,2,0,81,0,95,2,0,97,18,0,18,115
07/22/2017,MKK,HI,AWP,WE,Federal Contract Tower,0,32,0,0,32,0,61,8,0,69,0,93,8,0,101,6,0,6,107
07/23/2017,MKK,HI,AWP,WE,Federal Contract Tower,0,15,2,0,17,0,87,13,0,100,0,102,15,0,117,6,0,6,123
07/24/2017,MKK,HI,AWP,WE,Federal Contract Tower,0,45,0,0,45,0,70,4,0,74,0,115,4,0,119,0,0,0,119
07/25/2017,MKK,HI,AWP,WE,Federal Contract Tower,0,16,1,0,17,0,86,6,0,92,0,102,7,0,109,0,2,2,111
07/26/2017,MKK,HI,AWP,WE,Federal Contract Tower,0,15,2,0,17,0,79,4,0,83,0,94,6,0,100,0,14,14,114
07/27/2017,MKK,HI,AWP,WE,Federal Contract Tower,0,22,0,2,24,0,68,3,0,71,0,90,3,2,95,2,2,4,99
07/28/2017,MKK,HI,AWP,WE,Federal Contract Tower,0,22,0,0,22,0,74,3,0,77,0,96,3,0,99,0,0,0,99
07/29/2017,MKK,HI,AWP,WE,Federal Contract Tower,0,18,0,0,18,0,58,9,0,67,0,76,9,0,85,4,0,4,89
07/30/2017,MKK,HI,AWP,WE,Federal Contract Tower,0,11,0,0,11,0,69,7,0,76,0,80,7,0,87,0,0,0,87
08/01/2017,MKK,HI,AWP,WE,Federal Contract Tower,0,22,0,0,22,0,74,2,0,76,0,96,2,0,98,0,0,0,98
08/02/2017,MKK,HI,AWP,WE,Federal Contract Tower,0,16,0,0,16,0,71,1,3,75,0,87,1,3,91,0,2,2,93
08/03/2017,MKK,HI,AWP,WE,Federal Contract Tower,0,18,0,0,18,0,77,0,2,79,0,95,0,2,97,0,4,4,101
08/04/2017,MKK,HI,AWP,WE,Federal Contract Tower,0,16,4,0,20,0,75,1,0,76,0,91,5,0,96,0,12,12,108
08/05/2017,MKK,HI,AWP,WE,Federal Contract Tower,0,13,0,0,13,0,61,3,0,64,0,74,3,0,77,8,0,8,85
08/06/2017,MKK,HI,AWP,WE,Federal Contract Tower,0,8,0,0,8,0,60,3,0,63,0,68,3,0,71,0,2,2,73
08/07/2017,MKK,HI,AWP,WE,Federal Contract Tower,0,16,0,0,16,0,86,2,0,88,0,102,2,0,104,2,0,2,106
08/08/2017,MKK,HI,AWP,WE,Federal Contract Tower,0,17,4,0,21,0,79,10,0,89,0,96,14,0,110,8,0,8,118
08/10/2017,MKK,HI,AWP,WE,Federal Contract Tower,0,15,2,1,18,0,74,9,1,84,0,89,11,2,102,0,0,0,102
08/11/2017,MKK,HI,AWP,WE,Federal Contract Tower,0,22,2,2,26,0,70,6,2,78,0,92,8,4,104,0,0,0,104
08/12/2017,MKK,HI,AWP,WE,Federal Contract Tower,0,15,0,0,15,0,59,7,0,66,0,74,7,0,81,12,2,14,95
08/13/2017,MKK,HI,AWP,WE,Federal Contract Tower,0,8,6,0,14,0,81,7,0,88,0,89,13,0,102,12,0,12,114
08/14/2017,MKK,HI,AWP,WE,Federal Contract Tower,0,21,0,2,23,0,92,4,0,96,0,113,4,2,119,0,0,0,119
08/15/2017,MKK,HI,AWP,WE,Federal Contract Tower,0,18,1,0,19,0,86,3,1,90,0,104,4,1,109,4,0,4,113
08/16/2017,MKK,HI,AWP,WE,Federal Contract Tower,0,22,0,2,24,0,83,5,0,88,0,105,5,2,112,2,2,4,116
08/17/2017,MKK,HI,AWP,WE,Federal Contract Tower,0,24,2,0,26,0,62,8,0,70,0,86,10,0,96,6,0,6,102
08/18/2017,MKK,HI,AWP,WE,Federal Contract Tower,0,14,1,0,15,0,83,9,0,92,0,97,10,0,107,6,0,6,113
08/19/2017,MKK,HI,AWP,WE,Federal Contract Tower,0,18,1,0,19,0,63,4,0,67,0,81,5,0,86,2,0,2,88
08/20/2017,MKK,HI,AWP,WE,Federal Contract Tower,0,16,0,0,16,0,85,12,0,97,0,101,12,0,113,0,0,0,113
08/21/2017,MKK,HI,AWP,WE,Federal Contract Tower,0,15,1,0,16,0,90,2,0,92,0,105,3,0,108,4,0,4,112
08/22/2017,MKK,HI,AWP,WE,Federal Contract Tower,0,29,0,2,31,0,72,1,0,73,0,101,1,2,104,0,0,0,104
08/23/2017,MKK,HI,AWP,WE,Federal Contract Tower,0,25,0,0,25,0,68,3,0,71,0,93,3,0,96,0,0,0,96
08/24/2017,MKK,HI,AWP,WE,Federal Contract Tower,0,25,0,0,25,0,63,3,0,66,0,88,3,0,91,6,0,6,97
08/25/2017,MKK,HI,AWP,WE,Federal Contract Tower,0,21,0,0,21,0,73,9,0,82,0,94,9,0,103,0,0,0,103
08/26/2017,MKK,HI,AWP,WE,Federal Contract Tower,0,12,0,0,12,0,84,5,0,89,0,96,5,0,101,2,2,4,105
08/27/2017,MKK,HI,AWP,WE,Federal Contract Tower,0,10,0,0,10,0,82,6,0,88,0,92,6,0,98,16,0,16,114
08/28/2017,MKK,HI,AWP,WE,Federal Contract Tower,0,14,0,0,14,0,100,0,0,100,0,114,0,0,114,0,0,0,114
08/29/2017,MKK,HI,AWP,WE,Federal Contract Tower,0,27,0,3,30,0,57,1,1,59,0,84,1,4,89,0,0,0,89
08/30/2017,MKK,HI,AWP,WE,Federal Contract Tower,0,19,0,1,20,0,85,6,0,91,0,104,6,1,111,0,2,2,113
09/01/2017,MKK,HI,AWP,WE,Federal Contract Tower,0,18,0,0,18,0,85,1,0,86,0,103,1,0,104,4,0,4,108
09/02/2017,MKK,HI,AWP,WE,Federal Contract Tower,0,18,0,0,18,0,67,9,1,77,0,85,9,1,95,0,0,0,95
09/03/2017,MKK,HI,AWP,WE,Federal Contract Tower,0,8,0,0,8,0,78,6,0,84,0,86,6,0,92,2,2,4,96
09/04/2017,MKK,HI,AWP,WE,Federal Contract Tower,0,15,0,0,15,0,92,17,0,109,0,107,17,0,124,12,0,12,136
09/05/2017,MKK,HI,AWP,WE,Federal Contract Tower,0,19,2,0,21,0,85,6,0,91,0,104,8,0,112,2,0,2,114
09/06/2017,MKK,HI,AWP,WE,Federal Contract Tower,0,15,0,4,19,0,73,2,0,75,0,88,2,4,94,0,0,0,94
09/07/2017,MKK,HI,AWP,WE,Federal Contract Tower,0,18,0,0,18,0,60,7,0,67,0,78,7,0,85,16,8,24,109
09/08/2017,MKK,HI,AWP,WE,Federal Contract Tower,0,17,2,0,19,0,83,9,1,93,0,100,11,1,112,10,2,12,124
09/09/2017,MKK,HI,AWP,WE,Federal Contract Tower,0,17,2,0,19,67,2,0,0,69,67,19,2,0,88,16,0,16,104
09/10/2017,MKK,HI,AWP,WE,Federal Contract Tower,0,8,0,0,8,0,56,7,0,63,0,64,7,0,71,8,0,8,79
09/11/2017,MKK,HI,AWP,WE,Federal Contract Tower,0,19,1,0,20,0,89,11,2,102,0,108,12,2,122,2,10,12,134
09/12/2017,MKK,HI,AWP,WE,Federal Contract Tower,0,15,4,6,25,0,82,11,0,93,0,97,15,6,118,2,0,2,120
09/13/2017,MKK,HI,AWP,WE,Federal Contract Tower,0,28,0,0,28,0,73,2,3,78,0,101,2,3,106,4,2,6,112
09/14/2017,MKK,HI,AWP,WE,Federal Contract Tower,0,16,0,0,16,0,77,9,0,86,0,93,9,0,102,0,0,0,102
09/15/2017,MKK,HI,AWP,WE,Federal Contract Tower,0,13,3,4,20,74,4,0,0,78,74,17,3,4,98,0,4,4,102
09/16/2017,MKK,HI,AWP,WE,Federal Contract Tower,0,7,4,0,11,69,16,0,0,85,69,23,4,0,96,2,0,2,98
09/17/2017,MKK,HI,AWP,WE,Federal Contract Tower,0,6,0,0,6,0,71,3,0,74,0,77,3,0,80,2,0,2,82
09/18/2017,MKK,HI,AWP,WE,Federal Contract Tower,0,14,0,0,14,0,84,10,0,94,0,98,10,0,108,16,0,16,124
09/19/2017,MKK,HI,AWP,WE,Federal Contract Tower,0,8,0,5,13,0,91,1,1,93,0,99,1,6,106,2,0,2,108
09/20/2017,MKK,HI,AWP,WE,Federal Contract Tower,0,13,0,0,13,0,86,9,0,95,0,99,9,0,108,0,0,0,108
09/21/2017,MKK,HI,AWP,WE,Federal Contract Tower,0,15,0,0,15,0,89,17,0,106,0,104,17,0,121,4,0,4,125
09/22/2017,MKK,HI,AWP,WE,Federal Contract Tower,0,12,0,2,14,0,77,6,0,83,0,89,6,2,97,2,4,6,103
09/23/2017,MKK,HI,AWP,WE,Federal Contract Tower,0,10,0,0,10,0,68,12,2,82,0,78,12,2,92,8,0,8,100
09/24/2017,MKK,HI,AWP,WE,Federal Contract Tower,0,5,2,0,7,0,82,9,0,91,0,87,11,0,98,0,0,0,98
09/25/2017,MKK,HI,AWP,WE,Federal Contract Tower,0,14,0,0,14,0,92,4,0,96,0,106,4,0,110,2,0,2,112
09/26/2017,MKK,HI,AWP,WE,Federal Contract Tower,6,0,5,0,11,0,86,5,1,92,6,86,10,1,103,12,0,12,115
09/27/2017,MKK,HI,AWP,WE,Federal Contract Tower,0,14,0,2,16,0,87,5,0,92,0,101,5,2,108,4,0,4,112
09/28/2017,MKK,HI,AWP,WE,Federal Contract Tower,0,15,0,0,15,0,81,6,0,87,0,96,6,0,102,6,2,8,110
09/29/2017,MKK,HI,AWP,WE,Federal Contract Tower,0,10,0,0,10,0,84,4,0,88,0,94,4,0,98,6,0,6,104
09/30/2017,MKK,HI,AWP,WE,Federal Contract Tower,0,6,0,0,6,0,73,9,1,83,0,79,9,1,89,4,0,4,93
10/01/2017,MKK,HI,AWP,WE,Federal Contract Tower,0,4,1,0,5,0,79,3,0,82,0,83,4,0,87,2,0,2,89
10/02/2017,MKK,HI,AWP,WE,Federal Contract Tower,0,12,0,0,12,0,108,0,0,108,0,120,0,0,120,0,0,0,120
10/03/2017,MKK,HI,AWP,WE,Federal Contract Tower,0,9,0,1,10,0,77,9,3,89,0,86,9,4,99,0,2,2,101
10/04/2017,MKK,HI,AWP,WE,Federal Contract Tower,0,11,10,18,39,0,81,4,0,85,0,92,14,18,124,4,0,4,128
10/05/2017,MKK,HI,AWP,WE,Federal Contract Tower,0,19,2,0,21,0,66,6,0,72,0,85,8,0,93,10,0,10,103
10/06/2017,MKK,HI,AWP,WE,Federal Contract Tower,0,17,3,0,20,0,83,17,0,100,0,100,20,0,120,6,2,8,128
10/07/2017,MKK,HI,AWP,WE,Federal Contract Tower,0,13,4,0,17,0,70,38,0,108,0,83,42,0,125,14,0,14,139
10/08/2017,MKK,HI,AWP,WE,Federal Contract Tower,0,7,2,0,9,0,67,19,0,86,0,74,21,0,95,6,0,6,101
10/09/2017,MKK,HI,AWP,WE,Federal Contract Tower,0,14,2,0,16,0,89,10,0,99,0,103,12,0,115,12,0,12,127
10/10/2017,MKK,HI,AWP,WE,Federal Contract Tower,0,17,1,0,18,0,89,7,0,96,0,106,8,0,114,0,0,0,114
10/11/2017,MKK,HI,AWP,WE,Federal Contract Tower,0,9,7,2,18,0,101,3,6,110,0,110,10,8,128,0,0,0,128
10/12/2017,MKK,HI,AWP,WE,Federal Contract Tower,0,15,0,0,15,0,62,4,0,66,0,77,4,0,81,2,0,2,83
10/13/2017,MKK,HI,AWP,WE,Federal Contract Tower,0,20,0,0,20,0,77,4,0,81,0,97,4,0,101,10,2,12,113
10/14/2017,MKK,HI,AWP,WE,Federal Contract Tower,0,9,5,0,14,0,82,13,0,95,0,91,18,0,109,2,4,6,115
10/15/2017,MKK,HI,AWP,WE,Federal Contract Tower,0,3,0,2,5,0,70,0,0,70,0,73,0,2,75,0,0,0,75
10/16/2017,MKK,HI,AWP,WE,Federal Contract Tower,0,12,1,5,18,0,96,6,3,105,0,108,7,8,123,0,0,0,123
10/17/2017,MKK,HI,AWP,WE,Federal Contract Tower,0,13,0,2,15,0,94,11,0,105,0,107,11,2,120,0,0,0,120
10/18/2017,MKK,HI,AWP,WE,Federal Contract Tower,0,27,0,0,27,0,78,6,0,84,0,105,6,0,111,0,0,0,111
10/19/2017,MKK,HI,AWP,WE,Federal Contract Tower,0,15,1,0,16,0,77,5,0,82,0,92,6,0,98,0,0,0,98
10/20/2017,MKK,HI,AWP,WE,Federal Contract Tower,0,18,0,0,18,0,86,5,0,91,0,104,5,0,109,2,0,2,111
10/21/2017,MKK,HI,AWP,WE,Federal Contract Tower,0,17,1,0,18,0,69,8,1,78,0,86,9,1,96,4,2,6,102
10/22/2017,MKK,HI,AWP,WE,Federal Contract Tower,0,3,0,0,3,0,75,10,0,85,0,78,10,0,88,8,0,8,96
10/23/2017,MKK,HI,AWP,WE,Federal Contract Tower,0,25,0,0,25,0,71,8,0,79,0,96,8,0,104,2,0,2,106
10/24/2017,MKK,HI,AWP,WE,Federal Contract Tower,0,28,3,3,34,0,70,6,1,77,0,98,9,4,111,0,2,2,113
10/25/2017,MKK,HI,AWP,WE,Federal Contract Tower,0,59,1,0,60,0,30,1,0,31,0,89,2,0,91,0,2,2,93
10/26/2017,MKK,HI,AWP,WE,Federal Contract Tower,0,18,0,6,24,0,81,2,0,83,0,99,2,6,107,0,0,0,107
10/27/2017,MKK,HI,AWP,WE,Federal Contract Tower,0,13,1,0,14,0,90,4,0,94,0,103,5,0,108,0,0,0,108
10/28/2017,MKK,HI,AWP,WE,Federal Contract Tower,0,6,0,3,9,0,67,1,0,68,0,73,1,3,77,0,0,0,77
10/29/2017,MKK,HI,AWP,WE,Federal Contract Tower,0,3,2,0,5,0,72,7,0,79,0,75,9,0,84,0,0,0,84
10/30/2017,MKK,HI,AWP,WE,Federal Contract Tower,0,13,0,0,13,0,67,6,0,73,0,80,6,0,86,2,0,2,88
10/31/2017,MKK,HI,AWP,WE,Federal Contract Tower,0,13,6,2,21,0,82,4,0,86,0,95,10,2,107,0,0,0,107
11/01/2017,MKK,HI,AWP,WE,Federal Contract Tower,0,22,1,0,23,0,70,3,0,73,0,92,4,0,96,8,0,8,104
11/02/2017,MKK,HI,AWP,WE,Federal Contract Tower,0,14,4,0,18,0,72,3,0,75,0,86,7,0,93,0,0,0,93
11/03/2017,MKK,HI,AWP,WE,Federal Contract Tower,0,24,0,0,24,0,61,3,0,64,0,85,3,0,88,2,0,2,90
11/04/2017,MKK,HI,AWP,WE,Federal Contract Tower,0,13,1,0,14,0,65,2,0,67,0,78,3,0,81,2,0,2,83
11/05/2017,MKK,HI,AWP,WE,Federal Contract Tower,0,5,5,0,10,0,62,11,0,73,0,67,16,0,83,4,0,4,87
11/06/2017,MKK,HI,AWP,WE,Federal Contract Tower,0,9,4,1,14,0,64,4,0,68,0,73,8,1,82,6,56,62,144
11/07/2017,MKK,HI,AWP,WE,Federal Contract Tower,0,15,1,2,18,0,62,3,0,65,0,77,4,2,83,4,16,20,103
11/08/2017,MKK,HI,AWP,WE,Federal Contract Tower,0,15,1,1,17,0,67,4,0,71,0,82,5,1,88,2,0,2,90
11/09/2017,MKK,HI,AWP,WE,Federal Contract Tower,0,16,0,0,16,0,84,6,0,90,0,100,6,0,106,6,0,6,112
11/10/2017,MKK,HI,AWP,WE,Federal Contract Tower,0,16,2,0,18,0,88,8,0,96,0,104,10,0,114,12,0,12,126
11/11/2017,MKK,HI,AWP,WE,Federal Contract Tower,0,21,1,0,22,0,59,3,0,62,0,80,4,0,84,18,0,18,102
11/12/2017,MKK,HI,AWP,WE,Federal Contract Tower,0,5,6,0,11,0,83,4,0,87,0,88,10,0,98,10,0,10,108
11/13/2017,MKK,HI,AWP,WE,Federal Contract Tower,0,15,2,0,17,0,78,4,2,84,0,93,6,2,101,0,4,4,105
11/14/2017,MKK,HI,AWP,WE,Federal Contract Tower,0,18,1,0,19,0,61,4,0,65,0,79,5,0,84,0,0,0,84
11/15/2017,MKK,HI,AWP,WE,Federal Contract Tower,0,11,0,4,15,0,76,4,0,80,0,87,4,4,95,4,0,4,99
11/16/2017,MKK,HI,AWP,WE,Federal Contract Tower,0,12,0,2,14,0,76,5,0,81,0,88,5,2,95,6,2,8,103
11/17/2017,MKK,HI,AWP,WE,Federal Contract Tower,0,13,1,2,16,0,81,7,0,88,0,94,8,2,104,6,0,6,110
11/18/2017,MKK,HI,AWP,WE,Federal Contract Tower,0,7,2,0,9,0,77,7,0,84,0,84,9,0,93,6,0,6,99
11/19/2017,MKK,HI,AWP,WE,Federal Contract Tower,0,6,1,0,7,0,63,8,0,71,0,69,9,0,78,6,0,6,84
11/20/2017,MKK,HI,AWP,WE,Federal Contract Tower,0,24,3,2,29,0,57,3,0,60,0,81,6,2,89,0,4,4,93
11/21/2017,MKK,HI,AWP,WE,Federal Contract Tower,0,15,0,2,17,0,73,5,0,78,0,88,5,2,95,6,0,6,101
11/22/2017,MKK,HI,AWP,WE,Federal Contract Tower,0,23,2,2,27,0,75,4,0,79,0,98,6,2,106,0,4,4,110
11/23/2017,MKK,HI,AWP,WE,Federal Contract Tower,0,8,0,0,8,0,44,7,0,51,0,52,7,0,59,2,0,2,61
11/24/2017,MKK,HI,AWP,WE,Federal Contract Tower,0,15,0,0,15,0,80,8,0,88,0,95,8,0,103,0,0,0,103
11/25/2017,MKK,HI,AWP,WE,Federal Contract Tower,0,32,0,0,32,0,55,3,0,58,0,87,3,0,90,0,0,0,90
11/26/2017,MKK,HI,AWP,WE,Federal Contract Tower,0,12,0,0,12,0,71,4,0,75,0,83,4,0,87,0,0,0,87
11/27/2017,MKK,HI,AWP,WE,Federal Contract Tower,0,44,2,0,46,0,53,1,0,54,0,97,3,0,100,0,0,0,100
11/28/2017,MKK,HI,AWP,WE,Federal Contract Tower,0,22,0,2,24,0,71,7,0,78,0,93,7,2,102,4,0,4,106
11/29/2017,MKK,HI,AWP,WE,Federal Contract Tower,0,21,2,0,23,85,4,0,0,89,85,25,2,0,112,0,0,0,112
11/30/2017,MKK,HI,AWP,WE,Federal Contract Tower,0,21,1,0,22,0,90,3,0,93,0,111,4,0,115,4,40,44,159
12/01/2017,MKK,HI,AWP,WE,Federal Contract Tower,0,28,4,0,32,0,88,4,0,92,0,116,8,0,124,2,0,2,126
12/02/2017,MKK,HI,AWP,WE,Federal Contract Tower,0,36,1,0,37,0,55,2,0,57,0,91,3,0,94,0,0,0,94
12/03/2017,MKK,HI,AWP,WE,Federal Contract Tower,0,9,5,0,14,0,56,2,0,58,0,65,7,0,72,0,0,0,72
12/04/2017,MKK,HI,AWP,WE,Federal Contract Tower,0,16,0,0,16,0,83,6,0,89,0,99,6,0,105,0,0,0,105
12/05/2017,MKK,HI,AWP,WE,Federal Contract Tower,0,22,6,2,30,0,74,2,3,79,0,96,8,5,109,0,0,0,109
12/06/2017,MKK,HI,AWP,WE,Federal Contract Tower,0,13,0,6,19,0,77,3,0,80,0,90,3,6,99,2,34,36,135
12/07/2017,MKK,HI,AWP,WE,Federal Contract Tower,0,19,1,1,21,0,81,9,0,90,0,100,10,1,111,2,0,2,113
12/08/2017,MKK,HI,AWP,WE,Federal Contract Tower,0,20,2,0,22,0,79,11,1,91,0,99,13,1,113,2,25,27,140
12/09/2017,MKK,HI,AWP,WE,Federal Contract Tower,0,11,3,0,14,0,67,21,0,88,0,78,24,0,102,2,0,2,104
12/10/2017,MKK,HI,AWP,WE,Federal Contract Tower,0,41,0,0,41,0,40,4,2,46,0,81,4,2,87,0,0,0,87
12/11/2017,MKK,HI,AWP,WE,Federal Contract Tower,0,21,1,0,22,0,75,2,3,80,0,96,3,3,102,0,10,10,112
12/12/2017,MKK,HI,AWP,WE,Federal Contract Tower,0,31,1,5,37,0,63,2,3,68,0,94,3,8,105,0,4,4,109
12/13/2017,MKK,HI,AWP,WE,Federal Contract Tower,0,17,2,4,23,0,89,4,0,93,0,106,6,4,116,2,0,2,118
12/15/2017,MKK,HI,AWP,WE,Federal Contract Tower,0,19,5,0,24,0,0,0,0,0,0,19,5,0,24,0,0,0,24
12/16/2017,MKK,HI,AWP,WE,Federal Contract Tower,0,28,0,0,28,0,0,0,0,0,0,28,0,0,28,0,0,0,28
12/17/2017,MKK,HI,AWP,WE,Federal Contract Tower,0,10,2,0,12,0,75,10,0,85,0,85,12,0,97,2,0,2,99
12/18/2017,MKK,HI,AWP,WE,Federal Contract Tower,0,22,0,4,26,0,75,7,2,84,0,97,7,6,110,6,2,8,118
12/19/2017,MKK,HI,AWP,WE,Federal Contract Tower,0,39,0,0,39,0,78,0,0,78,0,117,0,0,117,0,34,34,151
12/20/2017,MKK,HI,AWP,WE,Federal Contract Tower,0,60,0,2,62,0,42,1,0,43,0,102,1,2,105,0,0,0,105
12/21/2017,MKK,HI,AWP,WE,Federal Contract Tower,0,32,3,0,35,0,62,1,0,63,0,94,4,0,98,0,0,0,98
12/22/2017,MKK,HI,AWP,WE,Federal Contract Tower,0,36,2,0,38,0,71,8,0,79,0,107,10,0,117,0,0,0,117
12/23/2017,MKK,HI,AWP,WE,Federal Contract Tower,0,21,0,0,21,0,70,16,0,86,0,91,16,0,107,0,0,0,107
12/24/2017,MKK,HI,AWP,WE,Federal Contract Tower,0,15,5,0,20,0,82,8,0,90,0,97,13,0,110,6,0,6,116
12/25/2017,MKK,HI,AWP,WE,Federal Contract Tower,0,7,0,0,7,0,39,4,0,43,0,46,4,0,50,0,0,0,50
12/27/2017,MKK,HI,AWP,WE,Federal Contract Tower,0,18,0,0,18,0,80,6,0,86,0,98,6,0,104,0,0,0,104
12/28/2017,MKK,HI,AWP,WE,Federal Contract Tower,0,23,0,0,23,0,91,8,0,99,0,114,8,0,122,4,4,8,130
12/29/2017,MKK,HI,AWP,WE,Federal Contract Tower,0,27,0,0,27,0,0,0,0,0,0,27,0,0,27,4,0,4,31
12/30/2017,MKK,HI,AWP,WE,Federal Contract Tower,0,19,1,0,20,0,77,11,0,88,0,96,12,0,108,4,0,4,112
12/31/2017,MKK,HI,AWP,WE,Federal Contract Tower,0,10,0,0,10,0,71,10,0,81,0,81,10,0,91,12,0,12,103
01/02/2018,MKK,HI,AWP,WE,Federal Contract Tower,0,22,2,4,28,0,63,12,1,76,0,85,14,5,104,4,0,4,108
01/03/2018,MKK,HI,AWP,WE,Federal Contract Tower,0,16,0,0,16,0,70,7,0,77,0,86,7,0,93,0,0,0,93
01/04/2018,MKK,HI,AWP,WE,Federal Contract Tower,0,20,1,2,23,0,65,5,0,70,0,85,6,2,93,8,4,12,105
01/05/2018,MKK,HI,AWP,WE,Federal Contract Tower,0,21,0,2,23,0,76,9,0,85,0,97,9,2,108,8,0,8,116
01/06/2018,MKK,HI,AWP,WE,Federal Contract Tower,0,15,6,0,21,0,64,5,0,69,0,79,11,0,90,2,0,2,92
01/07/2018,MKK,HI,AWP,WE,Federal Contract Tower,0,17,0,0,17,0,62,5,0,67,0,79,5,0,84,0,0,0,84
01/08/2018,MKK,HI,AWP,WE,Federal Contract Tower,0,23,1,2,26,0,92,5,0,97,0,115,6,2,123,0,0,0,123
01/09/2018,MKK,HI,AWP,WE,Federal Contract Tower,0,19,0,0,19,0,85,2,0,87,0,104,2,0,106,0,0,0,106
01/10/2018,MKK,HI,AWP,WE,Federal Contract Tower,0,20,1,2,23,0,92,13,0,105,0,112,14,2,128,2,0,2,130
01/11/2018,MKK,HI,AWP,WE,Federal Contract Tower,0,19,0,0,19,0,89,2,0,91,0,108,2,0,110,2,0,2,112
01/12/2018,MKK,HI,AWP,WE,Federal Contract Tower,0,23,2,0,25,0,73,7,0,80,0,96,9,0,105,4,0,4,109
01/13/2018,MKK,HI,AWP,WE,Federal Contract Tower,0,16,0,0,16,0,70,9,0,79,0,86,9,0,95,0,0,0,95
01/15/2018,MKK,HI,AWP,WE,Federal Contract Tower,0,14,0,0,14,0,101,22,2,125,0,115,22,2,139,10,2,12,151
01/16/2018,MKK,HI,AWP,WE,Federal Contract Tower,0,26,0,4,30,0,73,4,0,77,0,99,4,4,107,12,0,12,119
01/17/2018,MKK,HI,AWP,WE,Federal Contract Tower,0,24,0,0,24,0,76,5,0,81,0,100,5,0,105,0,2,2,107
01/18/2018,MKK,HI,AWP,WE,Federal Contract Tower,0,21,0,2,23,0,74,1,0,75,0,95,1,2,98,0,2,2,100
01/19/2018,MKK,HI,AWP,WE,Federal Contract Tower,0,22,1,1,24,0,73,0,2,75,0,95,1,3,99,0,0,0,99
01/20/2018,MKK,HI,AWP,WE,Federal Contract Tower,0,26,0,0,26,0,71,5,0,76,0,97,5,0,102,8,0,8,110
01/21/2018,MKK,HI,AWP,WE,Federal Contract Tower,0,13,0,0,13,0,76,5,0,81,0,89,5,0,94,10,0,10,104
01/22/2018,MKK,HI,AWP,WE,Federal Contract Tower,0,24,0,0,24,0,82,4,0,86,0,106,4,0,110,0,0,0,110
01/23/2018,MKK,HI,AWP,WE,Federal Contract Tower,0,23,0,0,23,0,80,2,2,84,0,103,2,2,107,0,2,2,109
01/24/2018,MKK,HI,AWP,WE,Federal Contract Tower,0,13,0,0,13,0,82,2,1,85,0,95,2,1,98,2,0,2,100
01/25/2018,MKK,HI,AWP,WE,Federal Contract Tower,0,27,0,2,29,0,65,2,2,69,0,92,2,4,98,2,0,2,100
01/26/2018,MKK,HI,AWP,WE,Federal Contract Tower,0,23,2,0,25,0,83,2,0,85,0,106,4,0,110,2,0,2,112
01/27/2018,MKK,HI,AWP,WE,Federal Contract Tower,0,21,6,1,28,0,55,6,0,61,0,76,12,1,89,8,0,8,97
01/28/2018,MKK,HI,AWP,WE,Federal Contract Tower,0,13,1,0,14,0,77,11,0,88,0,90,12,0,102,8,0,8,110
01/29/2018,MKK,HI,AWP,WE,Federal Contract Tower,0,21,3,0,24,0,95,8,0,103,0,116,11,0,127,6,0,6,133
01/30/2018,MKK,HI,AWP,WE,Federal Contract Tower,0,26,0,0,26,0,84,10,0,94,0,110,10,0,120,8,0,8,128
01/31/2018,MKK,HI,AWP,WE,Federal Contract Tower,0,28,1,0,29,0,79,4,0,83,0,107,5,0,112,14,0,14,126
02/01/2018,MKK,HI,AWP,WE,Federal Contract Tower,0,29,0,4,33,0,67,1,0,68,0,96,1,4,101,0,0,0,101
02/02/2018,MKK,HI,AWP,WE,Federal Contract Tower,0,38,1,0,39,0,58,5,0,63,0,96,6,0,102,2,0,2,104
02/03/2018,MKK,HI,AWP,WE,Federal Contract Tower,0,24,5,0,29,0,54,8,2,64,0,78,13,2,93,8,0,8,101
02/04/2018,MKK,HI,AWP,WE,Federal Contract Tower,0,18,3,0,21,0,78,1,0,79,0,96,4,0,100,0,0,0,100
02/05/2018,MKK,HI,AWP,WE,Federal Contract Tower,0,23,0,3,26,0,71,4,1,76,0,94,4,4,102,0,0,0,102
02/06/2018,MKK,HI,AWP,WE,Federal Contract Tower,0,53,0,0,53,0,73,1,0,74,0,126,1,0,127,0,0,0,127
02/07/2018,MKK,HI,AWP,WE,Federal Contract Tower,0,23,2,0,25,0,83,8,0,91,0,106,10,0,116,6,0,6,122
02/08/2018,MKK,HI,AWP,WE,Federal Contract Tower,0,28,2,0,30,0,64,4,0,68,0,92,6,0,98,2,0,2,100
02/09/2018,MKK,HI,AWP,WE,Federal Contract Tower,0,28,0,0,28,0,70,5,0,75,0,98,5,0,103,4,0,4,107
02/10/2018,MKK,HI,AWP,WE,Federal Contract Tower,0,19,4,0,23,0,70,4,0,74,0,89,8,0,97,2,0,2,99
02/11/2018,MKK,HI,AWP,WE,Federal Contract Tower,0,10,1,0,11,0,64,15,0,79,0,74,16,0,90,10,0,10,100
02/12/2018,MKK,HI,AWP,WE,Federal Contract Tower,0,25,0,2,27,0,120,6,5,131,0,145,6,7,158,6,30,36,194
02/13/2018,MKK,HI,AWP,WE,Federal Contract Tower,0,33,3,0,36,0,70,1,0,71,0,103,4,0,107,2,2,4,111
02/14/2018,MKK,HI,AWP,WE,Federal Contract Tower,0,56,0,0,56,0,37,2,0,39,0,93,2,0,95,0,0,0,95
02/15/2018,MKK,HI,AWP,WE,Federal Contract Tower,0,51,0,0,51,0,28,0,0,28,0,79,0,0,79,0,0,0,79
02/16/2018,MKK,HI,AWP,WE,Federal Contract Tower,0,22,2,0,24,0,78,12,0,90,0,100,14,0,114,4,0,4,118
02/17/2018,MKK,HI,AWP,WE,Federal Contract Tower,0,34,1,0,35,0,45,6,0,51,0,79,7,0,86,0,0,0,86
02/18/2018,MKK,HI,AWP,WE,Federal Contract Tower,0,47,0,0,47,0,47,3,0,50,0,94,3,0,97,0,0,0,97
02/19/2018,MKK,HI,AWP,WE,Federal Contract Tower,0,14,2,0,16,0,89,9,0,98,0,103,11,0,114,8,0,8,122
02/20/2018,MKK,HI,AWP,WE,Federal Contract Tower,0,25,2,0,27,0,83,10,0,93,0,108,12,0,120,4,2,6,126
02/21/2018,MKK,HI,AWP,WE,Federal Contract Tower,0,29,0,2,31,0,83,3,2,88,0,112,3,4,119,6,48,54,173
02/22/2018,MKK,HI,AWP,WE,Federal Contract Tower,0,26,0,0,26,0,57,5,0,62,0,83,5,0,88,2,0,2,90
02/23/2018,MKK,HI,AWP,WE,Federal Contract Tower,0,22,0,0,22,0,75,6,0,81,0,97,6,0,103,2,0,2,105
02/24/2018,MKK,HI,AWP,WE,Federal Contract Tower,0,21,0,0,21,0,57,4,0,61,0,78,4,0,82,8,0,8,90
02/25/2018,MKK,HI,AWP,WE,Federal Contract Tower,0,18,0,0,18,0,82,7,1,90,0,100,7,1,108,0,0,0,108
02/26/2018,MKK,HI,AWP,WE,Federal Contract Tower,0,35,0,2,37,0,86,3,0,89,0,121,3,2,126,10,0,10,136
02/27/2018,MKK,HI,AWP,WE,Federal Contract Tower,0,17,0,2,19,0,83,5,0,88,0,100,5,2,107,2,2,4,111
02/28/2018,MKK,HI,AWP,WE,Federal Contract Tower,0,34,0,0,34,0,76,10,0,86,0,110,10,0,120,0,28,28,148
03/01/2018,MKK,HI,AWP,WE,Federal Contract Tower,0,29,4,0,33,0,61,3,0,64,0,90,7,0,97,2,0,2,99
03/02/2018,MKK,HI,AWP,WE,Federal Contract Tower,0,27,0,0,27,0,74,8,0,82,0,101,8,0,109,4,0,4,113
03/03/2018,MKK,HI,AWP,WE,Federal Contract Tower,0,23,0,0,23,0,60,7,1,68,0,83,7,1,91,8,0,8,99
03/04/2018,MKK,HI,AWP,WE,Federal Contract Tower,0,19,0,0,19,0,60,2,0,62,0,79,2,0,81,6,0,6,87
03/05/2018,MKK,HI,AWP,WE,Federal Contract Tower,0,17,1,1,19,0,91,9,1,101,0,108,10,2,120,4,0,4,124
03/06/2018,MKK,HI,AWP,WE,Federal Contract Tower,0,20,0,2,22,0,74,11,0,85,0,94,11,2,107,0,2,2,109
03/07/2018,MKK,HI,AWP,WE,Federal Contract Tower,0,24,4,0,28,0,81,6,4,91,0,105,10,4,119,6,0,6,125
03/08/2018,MKK,HI,AWP,WE,Federal Contract Tower,0,26,1,0,27,0,55,6,0,61,0,81,7,0,88,2,0,2,90
03/09/2018,MKK,HI,AWP,WE,Federal Contract Tower,0,26,1,0,27,0,75,3,0,78,0,101,4,0,105,0,0,0,105
03/10/2018,MKK,HI,AWP,WE,Federal Contract Tower,0,22,2,0,24,0,66,3,1,70,0,88,5,1,94,14,0,14,108
03/12/2018,MKK,HI,AWP,WE,Federal Contract Tower,0,41,0,0,41,0,73,0,0,73,0,114,0,0,114,0,0,0,114
03/13/2018,MKK,HI,AWP,WE,Federal Contract Tower,0,31,2,1,34,0,71,1,2,74,0,102,3,3,108,0,0,0,108
03/14/2018,MKK,HI,AWP,WE,Federal Contract Tower,0,25,1,0,26,0,70,5,1,76,0,95,6,1,102,0,38,38,140
03/15/2018,MKK,HI,AWP,WE,Federal Contract Tower,0,18,1,0,19,0,65,5,0,70,0,83,6,0,89,34,0,34,123
03/16/2018,MKK,HI,AWP,WE,Federal Contract Tower,0,26,0,2,28,0,79,9,0,88,0,105,9,2,116,10,0,10,126
03/17/2018,MKK,HI,AWP,WE,Federal Contract Tower,0,16,4,0,20,0,72,5,0,77,0,88,9,0,97,4,0,4,101
03/18/2018,MKK,HI,AWP,WE,Federal Contract Tower,0,45,1,0,46,0,39,3,0,42,0,84,4,0,88,0,0,0,88
03/19/2018,MKK,HI,AWP,WE,Federal Contract Tower,0,26,0,0,26,0,93,1,0,94,0,119,1,0,120,0,0,0,120
03/20/2018,MKK,HI,AWP,WE,Federal Contract Tower,0,18,0,0,18,0,90,5,2,97,0,108,5,2,115,0,0,0,115
03/21/2018,MKK,HI,AWP,WE,Federal Contract Tower,0,24,2,0,26,0,88,5,0,93,0,112,7,0,119,2,0,2,121
03/22/2018,MKK,HI,AWP,WE,Federal Contract Tower,0,19,3,2,24,0,76,3,0,79,0,95,6,2,103,2,12,14,117
03/23/2018,MKK,HI,AWP,WE,Federal Contract Tower,0,18,0,2,20,0,75,0,0,75,0,93,0,2,95,2,4,6,101
03/24/2018,MKK,HI,AWP,WE,Federal Contract Tower,0,29,0,0,29,0,33,0,0,33,0,62,0,0,62,8,0,8,70
03/25/2018,MKK,HI,AWP,WE,Federal Contract Tower,0,4,10,0,14,0,82,2,0,84,0,86,12,0,98,10,0,10,108
03/26/2018,MKK,HI,AWP,WE,Federal Contract Tower,0,21,0,0,21,0,80,0,0,80,0,101,0,0,101,2,0,2,103
03/27/2018,MKK,HI,AWP,WE,Federal Contract Tower,0,13,1,3,17,0,97,7,1,105,0,110,8,4,122,4,0,4,126
03/28/2018,MKK,HI,AWP,WE,Federal Contract Tower,0,16,1,0,17,0,83,12,0,95,0,99,13,0,112,0,0,0,112
03/29/2018,MKK,HI,AWP,WE,Federal Contract Tower,0,18,0,0,18,0,72,8,0,80,0,90,8,0,98,4,0,4,102
03/30/2018,MKK,HI,AWP,WE,Federal Contract Tower,0,17,1,0,18,0,88,8,2,98,0,105,9,2,116,8,0,8,124
03/31/2018,MKK,HI,AWP,WE,Federal Contract Tower,0,22,0,0,22,0,61,7,0,68,0,83,7,0,90,0,0,0,90
04/01/2018,MKK,HI,AWP,WE,Federal Contract Tower,0,10,1,1,12,0,85,9,1,95,0,95,10,2,107,0,0,0,107
04/02/2018,MKK,HI,AWP,WE,Federal Contract Tower,0,46,0,2,48,0,45,0,0,45,0,91,0,2,93,0,0,0,93
04/03/2018,MKK,HI,AWP,WE,Federal Contract Tower,0,21,2,2,25,0,78,0,0,78,0,99,2,2,103,0,0,0,103
04/04/2018,MKK,HI,AWP,WE,Federal Contract Tower,0,55,0,0,55,0,42,0,0,42,0,97,0,0,97,2,0,2,99
04/06/2018,MKK,HI,AWP,WE,Federal Contract Tower,0,26,1,0,27,0,72,6,0,78,0,98,7,0,105,2,0,2,107
04/07/2018,MKK,HI,AWP,WE,Federal Contract Tower,0,42,2,2,46,0,33,4,1,38,0,75,6,3,84,0,0,0,84
04/08/2018,MKK,HI,AWP,WE,Federal Contract Tower,0,32,1,0,33,0,43,3,0,46,0,75,4,0,79,0,0,0,79
04/10/2018,MKK,HI,AWP,WE,Federal Contract Tower,0,26,2,2,30,0,78,5,0,83,0,104,7,2,113,0,0,0,113
04/11/2018,MKK,HI,AWP,WE,Federal Contract Tower,0,31,0,0,31,0,66,9,2,77,0,97,9,2,108,0,40,40,148
04/12/2018,MKK,HI,AWP,WE,Federal Contract Tower,0,34,0,1,35,0,50,3,0,53,0,84,3,1,88,0,4,4,92
04/13/2018,MKK,HI,AWP,WE,Federal Contract Tower,0,28,5,0,33,0,64,11,0,75,0,92,16,0,108,6,0,6,114
04/14/2018,MKK,HI,AWP,WE,Federal Contract Tower,0,28,0,0,28,0,62,8,0,70,0,90,8,0,98,0,0,0,98
04/15/2018,MKK,HI,AWP,WE,Federal Contract Tower,0,25,0,0,25,0,70,10,0,80,0,95,10,0,105,2,0,2,107
04/16/2018,MKK,HI,AWP,WE,Federal Contract Tower,0,20,0,5,25,0,65,2,0,67,0,85,2,5,92,0,2,2,94
04/17/2018,MKK,HI,AWP,WE,Federal Contract Tower,0,35,0,0,35,0,63,5,0,68,0,98,5,0,103,18,0,18,121
04/18/2018,MKK,HI,AWP,WE,Federal Contract Tower,0,25,0,0,25,0,71,7,2,80,0,96,7,2,105,4,8,12,117
04/19/2018,MKK,HI,AWP,WE,Federal Contract Tower,0,26,0,0,26,0,67,4,2,73,0,93,4,2,99,0,0,0,99
04/20/2018,MKK,HI,AWP,WE,Federal Contract Tower,0,28,0,0,28,0,85,8,0,93,0,113,8,0,121,2,0,2,123
04/21/2018,MKK,HI,AWP,WE,Federal Contract Tower,0,16,2,0,18,0,0,0,0,0,0,16,2,0,18,6,0,6,24
04/22/2018,MKK,HI,AWP,WE,Federal Contract Tower,0,12,3,0,15,0,79,3,0,82,0,91,6,0,97,0,0,0,97
04/23/2018,MKK,HI,AWP,WE,Federal Contract Tower,0,24,0,1,25,0,81,9,1,91,0,105,9,2,116,0,0,0,116
04/24/2018,MKK,HI,AWP,WE,Federal Contract Tower,0,31,4,0,35,0,73,6,0,79,0,104,10,0,114,4,0,4,118
04/25/2018,MKK,HI,AWP,WE,Federal Contract Tower,0,17,0,0,17,0,86,5,2,93,0,103,5,2,110,0,8,8,118
04/26/2018,MKK,HI,AWP,WE,Federal Contract Tower,0,38,2,0,40,0,64,5,0,69,0,102,7,0,109,0,0,0,109
04/27/2018,MKK,HI,AWP,WE,Federal Contract Tower,0,55,5,2,62,0,29,2,0,31,0,84,7,2,93,0,0,0,93
04/28/2018,MKK,HI,AWP,WE,Federal Contract Tower,0,54,3,0,57,0,25,6,3,34,0,79,9,3,91,5,0,5,96
04/29/2018,MKK,HI,AWP,WE,Federal Contract Tower,0,11,2,4,17,0,80,13,0,93,0,91,15,4,110,10,0,10,120
04/30/2018,MKK,HI,AWP,WE,Federal Contract Tower,0,23,0,1,24,0,88,3,1,92,0,111,3,2,116,0,2,2,118
05/01/2018,MKK,HI,AWP,WE,Federal Contract Tower,0,25,2,2,29,0,71,10,0,81,0,96,12,2,110,0,8,8,118
05/02/2018,MKK,HI,AWP,WE,Federal Contract Tower,0,28,0,4,32,0,65,2,0,67,0,93,2,4,99,0,0,0,99
05/03/2018,MKK,HI,AWP,WE,Federal Contract Tower,0,49,0,0,49,0,31,0,0,31,0,80,0,0,80,0,0,0,80
05/04/2018,MKK,HI,AWP,WE,Federal Contract Tower,0,48,2,0,50,0,53,9,0,62,0,101,11,0,112,2,0,2,114
05/05/2018,MKK,HI,AWP,WE,Federal Contract Tower,0,45,1,0,46,0,48,6,0,54,0,93,7,0,100,0,0,0,100
05/06/2018,MKK,HI,AWP,WE,Federal Contract Tower,0,16,3,1,20,0,60,9,1,70,0,76,12,2,90,12,0,12,102
05/07/2018,MKK,HI,AWP,WE,Federal Contract Tower,0,36,4,0,40,0,74,4,0,78,0,110,8,0,118,2,0,2,120
05/08/2018,MKK,HI,AWP,WE,Federal Contract Tower,0,51,1,3,55,0,37,2,2,41,0,88,3,5,96,2,0,2,98
05/09/2018,MKK,HI,AWP,WE,Federal Contract Tower,0,30,3,2,35,0,56,6,0,62,0,86,9,2,97,2,2,4,101
05/10/2018,MKK,HI,AWP,WE,Federal Contract Tower,0,32,1,0,33,0,69,5,0,74,0,101,6,0,107,8,0,8,115
05/11/2018,MKK,HI,AWP,WE,Federal Contract Tower,0,35,0,0,35,0,93,16,0,109,0,128,16,0,144,0,0,0,144
05/12/2018,MKK,HI,AWP,WE,Federal Contract Tower,0,21,0,0,21,0,79,9,0,88,0,100,9,0,109,0,0,0,109
05/13/2018,MKK,HI,AWP,WE,Federal Contract Tower,0,15,0,0,15,0,78,8,0,86,0,93,8,0,101,2,0,2,103
05/14/2018,MKK,HI,AWP,WE,Federal Contract Tower,0,45,0,0,45,0,70,5,0,75,0,115,5,0,120,0,0,0,120
05/15/2018,MKK,HI,AWP,WE,Federal Contract Tower,0,36,0,0,36,0,68,5,0,73,0,104,5,0,109,0,0,0,109
05/16/2018,MKK,HI,AWP,WE,Federal Contract Tower,0,27,2,0,29,0,74,6,0,80,0,101,8,0,109,6,10,16,125
05/17/2018,MKK,HI,AWP,WE,Federal Contract Tower,0,24,0,0,24,0,0,0,0,0,0,24,0,0,24,2,0,2,26
05/18/2018,MKK,HI,AWP,WE,Federal Contract Tower,0,25,4,0,29,0,67,5,0,72,0,92,9,0,101,0,4,4,105
05/19/2018,MKK,HI,AWP,WE,Federal Contract Tower,0,17,0,0,17,0,71,10,0,81,0,88,10,0,98,10,0,10,108
05/21/2018,MKK,HI,AWP,WE,Federal Contract Tower,0,19,0,2,21,0,83,0,0,83,0,102,0,2,104,0,0,0,104
05/22/2018,MKK,HI,AWP,WE,Federal Contract Tower,0,22,1,2,25,0,86,4,0,90,0,108,5,2,115,8,0,8,123
05/23/2018,MKK,HI,AWP,WE,Federal Contract Tower,0,23,0,4,27,0,76,7,6,89,0,99,7,10,116,2,8,10,126
05/24/2018,MKK,HI,AWP,WE,Federal Contract Tower,0,19,0,0,19,0,59,11,0,70,0,78,11,0,89,4,0,4,93
05/25/2018,MKK,HI,AWP,WE,Federal Contract Tower,0,25,0,0,25,0,92,7,0,99,0,117,7,0,124,2,0,2,126
05/26/2018,MKK,HI,AWP,WE,Federal Contract Tower,0,25,0,0,25,0,72,10,1,83,0,97,10,1,108,0,0,0,108
05/27/2018,MKK,HI,AWP,WE,Federal Contract Tower,0,17,3,0,20,0,67,13,0,80,0,84,16,0,100,6,0,6,106
05/28/2018,MKK,HI,AWP,WE,Federal Contract Tower,0,28,0,0,28,0,57,6,0,63,0,85,6,0,91,2,0,2,93
05/29/2018,MKK,HI,AWP,WE,Federal Contract Tower,0,21,2,2,25,0,65,3,0,68,0,86,5,2,93,0,0,0,93
05/30/2018,MKK,HI,AWP,WE,Federal Contract Tower,0,17,0,0,17,0,80,2,0,82,0,97,2,0,99,2,0,2,101
05/31/2018,MKK,HI,AWP,WE,Federal Contract Tower,0,22,0,0,22,0,67,2,0,69,0,89,2,0,91,6,0,6,97
06/01/2018,MKK,HI,AWP,WE,Federal Contract Tower,0,23,1,0,24,0,82,6,0,88,0,105,7,0,112,8,0,8,120
06/02/2018,MKK,HI,AWP,WE,Federal Contract Tower,0,13,0,0,13,0,68,10,1,79,0,81,10,1,92,8,0,8,100
06/03/2018,MKK,HI,AWP,WE,Federal Contract Tower,0,15,0,0,15,0,67,3,0,70,0,82,3,0,85,12,2,14,99
06/04/2018,MKK,HI,AWP,WE,Federal Contract Tower,0,31,3,0,34,0,93,9,0,102,0,124,12,0,136,12,0,12,148
06/05/2018,MKK,HI,AWP,WE,Federal Contract Tower,0,22,0,1,23,0,82,3,1,86,0,104,3,2,109,0,0,0,109
06/06/2018,MKK,HI,AWP,WE,Federal Contract Tower,0,22,0,0,22,0,100,8,2,110,0,122,8,2,132,0,10,10,142
06/07/2018,MKK,HI,AWP,WE,Federal Contract Tower,0,26,2,0,28,0,88,14,2,104,0,114,16,2,132,8,0,8,140
06/08/2018,MKK,HI,AWP,WE,Federal Contract Tower,0,26,0,0,26,0,75,6,1,82,0,101,6,1,108,0,0,0,108
06/09/2018,MKK,HI,AWP,WE,Federal Contract Tower,0,22,0,0,22,0,73,8,0,81,0,95,8,0,103,0,0,0,103
06/10/2018,MKK,HI,AWP,WE,Federal Contract Tower,0,18,0,0,18,0,66,10,0,76,0,84,10,0,94,0,0,0,94
06/11/2018,MKK,HI,AWP,WE,Federal Contract Tower,0,29,2,2,33,0,92,13,4,109,0,121,15,6,142,38,2,40,182
06/12/2018,MKK,HI,AWP,WE,Federal Contract Tower,0,22,0,0,22,0,85,10,0,95,0,107,10,0,117,0,0,0,117
06/13/2018,MKK,HI,AWP,WE,Federal Contract Tower,0,25,0,0,25,0,91,11,0,102,0,116,11,0,127,0,2,2,129
06/14/2018,MKK,HI,AWP,WE,Federal Contract Tower,0,29,1,0,30,0,78,9,1,88,0,107,10,1,118,6,0,6,124
06/15/2018,MKK,HI,AWP,WE,Federal Contract Tower,0,28,2,1,31,0,88,4,5,97,0,116,6,6,128,12,6,18,146
06/16/2018,MKK,HI,AWP,WE,Federal Contract Tower,0,28,0,0,28,0,78,5,0,83,0,106,5,0,111,8,0,8,119
06/17/2018,MKK,HI,AWP,WE,Federal Contract Tower,0,21,2,0,23,0,81,7,0,88,0,102,9,0,111,4,0,4,115
06/18/2018,MKK,HI,AWP,WE,Federal Contract Tower,0,19,0,0,19,0,108,4,0,112,0,127,4,0,131,0,0,0,131
06/19/2018,MKK,HI,AWP,WE,Federal Contract Tower,0,24,0,0,24,0,86,9,0,95,0,110,9,0,119,0,2,2,121
06/20/2018,MKK,HI,AWP,WE,Federal Contract Tower,0,25,0,0,25,0,96,2,2,100,0,121,2,2,125,0,38,38,163
06/21/2018,MKK,HI,AWP,WE,Federal Contract Tower,0,30,0,0,30,0,73,5,0,78,0,103,5,0,108,0,6,6,114
06/22/2018,MKK,HI,AWP,WE,Federal Contract Tower,0,21,0,0,21,0,0,0,0,0,0,21,0,0,21,2,0,2,23
06/23/2018,MKK,HI,AWP,WE,Federal Contract Tower,0,18,0,0,18,0,83,7,0,90,0,101,7,0,108,0,0,0,108
06/24/2018,MKK,HI,AWP,WE,Federal Contract Tower,0,21,0,0,21,0,82,0,2,84,0,103,0,2,105,0,0,0,105
06/25/2018,MKK,HI,AWP,WE,Federal Contract Tower,0,28,4,0,32,0,106,9,0,115,0,134,13,0,147,8,0,8,155
06/26/2018,MKK,HI,AWP,WE,Federal Contract Tower,0,23,0,0,23,0,87,6,0,93,0,110,6,0,116,20,0,20,136
06/27/2018,MKK,HI,AWP,WE,Federal Contract Tower,0,25,0,0,25,0,103,5,0,108,0,128,5,0,133,6,0,6,139
06/28/2018,MKK,HI,AWP,WE,Federal Contract Tower,0,39,2,0,41,0,86,2,0,88,0,125,4,0,129,0,0,0,129
06/29/2018,MKK,HI,AWP,WE,Federal Contract Tower,0,21,0,0,21,0,94,4,0,98,0,115,4,0,119,18,0,18,137
06/30/2018,MKK,HI,AWP,WE,Federal Contract Tower,0,22,0,0,22,0,69,11,8,88,0,91,11,8,110,14,0,14,124
07/01/2018,MKK,HI,AWP,WE,Federal Contract Tower,0,20,0,0,20,0,72,6,0,78,0,92,6,0,98,2,0,2,100
07/02/2018,MKK,HI,AWP,WE,Federal Contract Tower,0,28,2,0,30,0,108,4,4,116,0,136,6,4,146,6,4,10,156
07/03/2018,MKK,HI,AWP,WE,Federal Contract Tower,0,28,0,2,30,0,98,1,2,101,0,126,1,4,131,0,0,0,131
07/04/2018,MKK,HI,AWP,WE,Federal Contract Tower,0,15,0,0,15,0,86,6,0,92,0,101,6,0,107,0,0,0,107
07/05/2018,MKK,HI,AWP,WE,Federal Contract Tower,0,24,0,1,25,0,89,5,1,95,0,113,5,2,120,2,0,2,122
07/06/2018,MKK,HI,AWP,WE,Federal Contract Tower,0,25,0,0,25,0,81,5,0,86,0,106,5,0,111,4,0,4,115
07/07/2018,MKK,HI,AWP,WE,Federal Contract Tower,0,33,0,0,33,0,62,9,0,71,0,95,9,0,104,2,0,2,106
07/08/2018,MKK,HI,AWP,WE,Federal Contract Tower,0,15,0,0,15,0,91,5,3,99,0,106,5,3,114,2,0,2,116
07/09/2018,MKK,HI,AWP,WE,Federal Contract Tower,0,23,2,0,25,0,84,7,0,91,0,107,9,0,116,12,0,12,128
07/10/2018,MKK,HI,AWP,WE,Federal Contract Tower,0,18,0,1,19,0,89,2,0,91,0,107,2,1,110,4,0,4,114
07/11/2018,MKK,HI,AWP,WE,Federal Contract Tower,0,26,1,0,27,0,80,6,2,88,0,106,7,2,115,0,8,8,123
07/12/2018,MKK,HI,AWP,WE,Federal Contract Tower,0,35,1,0,36,0,75,3,1,79,0,110,4,1,115,2,0,2,117
07/13/2018,MKK,HI,AWP,WE,Federal Contract Tower,0,21,3,2,26,0,92,6,0,98,0,113,9,2,124,4,2,6,130
07/14/2018,MKK,HI,AWP,WE,Federal Contract Tower,0,22,3,0,25,0,88,9,0,97,0,110,12,0,122,22,0,22,144
07/15/2018,MKK,HI,AWP,WE,Federal Contract Tower,0,21,0,0,21,0,86,7,0,93,0,107,7,0,114,0,0,0,114
07/16/2018,MKK,HI,AWP,WE,Federal Contract Tower,0,21,1,2,24,0,110,2,2,114,0,131,3,4,138,0,2,2,140
07/17/2018,MKK,HI,AWP,WE,Federal Contract Tower,0,26,0,4,30,0,91,4,0,95,0,117,4,4,125,0,2,2,127
07/18/2018,MKK,HI,AWP,WE,Federal Contract Tower,0,25,3,0,28,0,101,6,0,107,0,126,9,0,135,0,2,2,137
07/19/2018,MKK,HI,AWP,WE,Federal Contract Tower,0,26,1,0,27,0,98,6,0,104,0,124,7,0,131,6,0,6,137
07/20/2018,MKK,HI,AWP,WE,Federal Contract Tower,0,13,1,0,14,0,99,6,0,105,0,112,7,0,119,8,0,8,127
07/21/2018,MKK,HI,AWP,WE,Federal Contract Tower,0,16,1,0,17,0,85,11,1,97,0,101,12,1,114,6,0,6,120
07/22/2018,MKK,HI,AWP,WE,Federal Contract Tower,0,24,0,0,24,0,88,13,0,101,0,112,13,0,125,4,0,4,129
07/23/2018,MKK,HI,AWP,WE,Federal Contract Tower,0,21,2,2,25,0,97,3,0,100,0,118,5,2,125,2,2,4,129
07/24/2018,MKK,HI,AWP,WE,Federal Contract Tower,0,21,0,0,21,0,76,5,1,82,0,97,5,1,103,16,0,16,119
07/25/2018,MKK,HI,AWP,WE,Federal Contract Tower,0,24,1,2,27,0,84,7,0,91,0,108,8,2,118,8,0,8,126
07/26/2018,MKK,HI,AWP,WE,Federal Contract Tower,0,30,0,0,30,0,70,6,0,76,0,100,6,0,106,6,0,6,112
07/27/2018,MKK,HI,AWP,WE,Federal Contract Tower,0,27,2,0,29,0,85,3,0,88,0,112,5,0,117,2,0,2,119
07/28/2018,MKK,HI,AWP,WE,Federal Contract Tower,0,16,4,0,20,0,85,7,0,92,0,101,11,0,112,4,0,4,116
07/29/2018,MKK,HI,AWP,WE,Federal Contract Tower,0,16,0,0,16,0,88,11,0,99,0,104,11,0,115,18,0,18,133
07/30/2018,MKK,HI,AWP,WE,Federal Contract Tower,0,27,0,0,27,0,76,6,0,82,0,103,6,0,109,6,0,6,115
07/31/2018,MKK,HI,AWP,WE,Federal Contract Tower,0,28,0,0,28,0,73,1,0,74,0,101,1,0,102,2,0,2,104
08/01/2018,MKK,HI,AWP,WE,Federal Contract Tower,0,16,0,2,18,0,81,0,0,81,0,97,0,2,99,4,0,4,103
08/02/2018,MKK,HI,AWP,WE,Federal Contract Tower,0,25,0,0,25,0,76,2,0,78,0,101,2,0,103,0,0,0,103
08/03/2018,MKK,HI,AWP,WE,Federal Contract Tower,0,22,4,0,26,0,89,8,0,97,0,111,12,0,123,6,0,6,129
08/04/2018,MKK,HI,AWP,WE,Federal Contract Tower,0,26,1,0,27,0,69,4,0,73,0,95,5,0,100,0,0,0,100
08/05/2018,MKK,HI,AWP,WE,Federal Contract Tower,0,16,0,0,16,0,80,4,0,84,0,96,4,0,100,2,0,2,102
08/06/2018,MKK,HI,AWP,WE,Federal Contract Tower,0,23,0,0,23,0,77,11,0,88,0,100,11,0,111,0,0,0,111
08/07/2018,MKK,HI,AWP,WE,Federal Contract Tower,0,15,1,1,17,0,77,9,0,86,0,92,10,1,103,7,0,7,110
08/08/2018,MKK,HI,AWP,WE,Federal Contract Tower,0,26,2,2,30,0,76,1,0,77,0,102,3,2,107,0,0,0,107
08/09/2018,MKK,HI,AWP,WE,Federal Contract Tower,0,70,0,0,70,0,32,0,0,32,0,102,0,0,102,0,0,0,102
08/10/2018,MKK,HI,AWP,WE,Federal Contract Tower,0,32,0,0,32,0,73,2,1,76,0,105,2,1,108,4,0,4,112
08/11/2018,MKK,HI,AWP,WE,Federal Contract Tower,0,21,0,0,21,0,74,2,0,76,0,95,2,0,97,6,0,6,103
08/12/2018,MKK,HI,AWP,WE,Federal Contract Tower,0,9,0,0,9,0,73,10,0,83,0,82,10,0,92,8,0,8,100
08/13/2018,MKK,HI,AWP,WE,Federal Contract Tower,0,25,0,0,25,0,71,5,2,78,0,96,5,2,103,0,0,0,103
08/14/2018,MKK,HI,AWP,WE,Federal Contract Tower,0,21,1,0,22,0,74,5,0,79,0,95,6,0,101,10,10,20,121
08/15/2018,MKK,HI,AWP,WE,Federal Contract Tower,0,19,0,0,19,0,73,7,0,80,0,92,7,0,99,6,0,6,105
08/16/2018,MKK,HI,AWP,WE,Federal Contract Tower,0,23,0,1,24,0,86,6,1,93,0,109,6,2,117,24,0,24,141
08/17/2018,MKK,HI,AWP,WE,Federal Contract Tower,0,27,0,0,27,0,81,2,0,83,0,108,2,0,110,4,2,6,116
08/18/2018,MKK,HI,AWP,WE,Federal Contract Tower,0,18,0,0,18,0,67,2,0,69,0,85,2,0,87,0,0,0,87
08/19/2018,MKK,HI,AWP,WE,Federal Contract Tower,0,16,0,0,16,0,62,3,1,66,0,78,3,1,82,14,0,14,96
08/20/2018,MKK,HI,AWP,WE,Federal Contract Tower,0,23,0,0,23,0,74,0,2,76,0,97,0,2,99,4,0,4,103
08/21/2018,MKK,HI,AWP,WE,Federal Contract Tower,0,24,0,6,30,0,68,0,0,68,0,92,0,6,98,0,2,2,100
08/22/2018,MKK,HI,AWP,WE,Federal Contract Tower,0,22,0,2,24,0,63,0,2,65,0,85,0,4,89,0,0,0,89
08/23/2018,MKK,HI,AWP,WE,Federal Contract Tower,0,14,0,0,14,0,27,0,0,27,0,41,0,0,41,0,0,0,41
08/24/2018,MKK,HI,AWP,WE,Federal Contract Tower,0,7,0,0,7,0,12,0,0,12,0,19,0,0,19,0,0,0,19
08/25/2018,MKK,HI,AWP,WE,Federal Contract Tower,0,20,0,0,20,0,27,1,0,28,0,47,1,0,48,0,0,0,48
08/26/2018,MKK,HI,AWP,WE,Federal Contract Tower,0,29,1,0,30,0,39,0,0,39,0,68,1,0,69,4,0,4,73
08/27/2018,MKK,HI,AWP,WE,Federal Contract Tower,0,22,0,0,22,0,65,3,0,68,0,87,3,0,90,0,0,0,90
08/28/2018,MKK,HI,AWP,WE,Federal Contract Tower,0,21,0,0,21,0,58,2,0,60,0,79,2,0,81,8,4,12,93
08/29/2018,MKK,HI,AWP,WE,Federal Contract Tower,0,19,0,0,19,0,68,4,0,72,0,87,4,0,91,28,6,34,125
08/30/2018,MKK,HI,AWP,WE,Federal Contract Tower,0,17,1,0,18,0,82,5,0,87,0,99,6,0,105,2,0,2,107
08/31/2018,MKK,HI,AWP,WE,Federal Contract Tower,0,23,0,0,23,0,92,9,0,101,0,115,9,0,124,10,0,10,134
09/01/2018,MKK,HI,AWP,WE,Federal Contract Tower,0,19,1,0,20,0,91,12,0,103,0,110,13,0,123,6,0,6,129
09/02/2018,MKK,HI,AWP,WE,Federal Contract Tower,0,18,0,0,18,0,59,5,0,64,0,77,5,0,82,14,0,14,96
09/03/2018,MKK,HI,AWP,WE,Federal Contract Tower,0,18,4,0,22,0,81,15,0,96,0,99,19,0,118,4,0,4,122
09/04/2018,MKK,HI,AWP,WE,Federal Contract Tower,0,23,0,4,27,0,69,2,0,71,0,92,2,4,98,0,0,0,98
09/05/2018,MKK,HI,AWP,WE,Federal Contract Tower,0,16,0,0,16,0,76,3,2,81,0,92,3,2,97,8,2,10,107
09/06/2018,MKK,HI,AWP,WE,Federal Contract Tower,0,24,0,0,24,0,81,12,0,93,0,105,12,0,117,8,0,8,125
09/07/2018,MKK,HI,AWP,WE,Federal Contract Tower,0,34,0,1,35,0,75,2,1,78,0,109,2,2,113,2,0,2,115
09/08/2018,MKK,HI,AWP,WE,Federal Contract Tower,0,15,2,0,17,0,74,5,0,79,0,89,7,0,96,0,0,0,96
09/09/2018,MKK,HI,AWP,WE,Federal Contract Tower,0,17,0,0,17,0,65,6,0,71,0,82,6,0,88,6,0,6,94
09/10/2018,MKK,HI,AWP,WE,Federal Contract Tower,0,21,1,6,28,0,74,3,0,77,0,95,4,6,105,4,4,8,113
09/11/2018,MKK,HI,AWP,WE,Federal Contract Tower,0,44,3,4,51,0,46,0,0,46,0,90,3,4,97,8,2,10,107
09/13/2018,MKK,HI,AWP,WE,Federal Contract Tower,0,33,2,1,36,0,73,3,0,76,0,106,5,1,112,0,0,0,112
09/14/2018,MKK,HI,AWP,WE,Federal Contract Tower,0,28,0,0,28,0,104,5,0,109,0,132,5,0,137,4,0,4,141
09/15/2018,MKK,HI,AWP,WE,Federal Contract Tower,0,16,3,0,19,0,74,11,0,85,0,90,14,0,104,4,0,4,108
09/16/2018,MKK,HI,AWP,WE,Federal Contract Tower,0,15,4,0,19,0,68,4,0,72,0,83,8,0,91,4,0,4,95
09/17/2018,MKK,HI,AWP,WE,Federal Contract Tower,0,17,0,4,21,0,86,5,0,91,0,103,5,4,112,8,0,8,120
09/18/2018,MKK,HI,AWP,WE,Federal Contract Tower,0,16,0,2,18,0,74,4,0,78,0,90,4,2,96,4,8,12,108
09/19/2018,MKK,HI,AWP,WE,Federal Contract Tower,0,25,0,0,25,0,77,8,0,85,0,102,8,0,110,12,2,14,124
09/20/2018,MKK,HI,AWP,WE,Federal Contract Tower,0,19,0,0,19,0,86,7,0,93,0,105,7,0,112,6,2,8,120
09/21/2018,MKK,HI,AWP,WE,Federal Contract Tower,0,25,1,0,26,0,92,14,0,106,0,117,15,0,132,2,0,2,134
09/22/2018,MKK,HI,AWP,WE,Federal Contract Tower,0,20,0,0,20,0,78,14,0,92,0,98,14,0,112,4,0,4,116
09/23/2018,MKK,HI,AWP,WE,Federal Contract Tower,0,13,0,0,13,0,84,10,0,94,0,97,10,0,107,2,0,2,109
09/25/2018,MKK,HI,AWP,WE,Federal Contract Tower,0,21,1,3,25,0,96,3,0,99,0,117,4,3,124,0,0,0,124
09/26/2018,MKK,HI,AWP,WE,Federal Contract Tower,0,21,0,3,24,0,116,4,0,120,0,137,4,3,144,6,0,6,150
09/27/2018,MKK,HI,AWP,WE,Federal Contract Tower,0,55,0,0,55,0,32,3,0,35,0,87,3,0,90,0,0,0,90
09/28/2018,MKK,HI,AWP,WE,Federal Contract Tower,0,26,0,0,26,0,80,4,0,84,0,106,4,0,110,6,0,6,116
09/29/2018,MKK,HI,AWP,WE,Federal Contract Tower,0,18,0,0,18,0,66,4,0,70,0,84,4,0,88,10,0,10,98
09/30/2018,MKK,HI,AWP,WE,Federal Contract Tower,0,16,0,0,16,0,67,5,0,72,0,83,5,0,88,0,0,0,88
10/01/2018,MKK,HI,AWP,WE,Federal Contract Tower,0,16,0,0,16,0,101,6,0,107,0,117,6,0,123,0,0,0,123
10/02/2018,MKK,HI,AWP,WE,Federal Contract Tower,0,17,0,4,21,0,95,1,0,96,0,112,1,4,117,0,0,0,117
10/03/2018,MKK,HI,AWP,WE,Federal Contract Tower,0,19,0,0,19,0,99,10,1,110,0,118,10,1,129,14,0,14,143
10/04/2018,MKK,HI,AWP,WE,Federal Contract Tower,0,19,0,0,19,0,82,2,0,84,0,101,2,0,103,2,0,2,105
10/05/2018,MKK,HI,AWP,WE,Federal Contract Tower,0,29,0,0,29,0,109,18,2,129,0,138,18,2,158,8,0,8,166
10/06/2018,MKK,HI,AWP,WE,Federal Contract Tower,0,18,0,0,18,0,99,14,0,113,0,117,14,0,131,2,0,2,133
10/07/2018,MKK,HI,AWP,WE,Federal Contract Tower,0,23,0,0,23,0,94,2,0,96,0,117,2,0,119,0,0,0,119
10/08/2018,MKK,HI,AWP,WE,Federal Contract Tower,0,20,4,0,24,0,104,3,0,107,0,124,7,0,131,0,0,0,131
10/09/2018,MKK,HI,AWP,WE,Federal Contract Tower,0,33,4,0,37,0,112,13,0,125,0,145,17,0,162,12,0,12,174
10/10/2018,MKK,HI,AWP,WE,Federal Contract Tower,0,26,0,0,26,0,101,18,0,119,0,127,18,0,145,2,12,14,159
10/11/2018,MKK,HI,AWP,WE,Federal Contract Tower,0,21,0,0,21,0,74,5,0,79,0,95,5,0,100,4,14,18,118
10/12/2018,MKK,HI,AWP,WE,Federal Contract Tower,0,21,1,0,22,0,86,1,0,87,0,107,2,0,109,2,0,2,111
10/13/2018,MKK,HI,AWP,WE,Federal Contract Tower,0,29,0,0,29,0,70,2,0,72,0,99,2,0,101,24,0,24,125
10/14/2018,MKK,HI,AWP,WE,Federal Contract Tower,0,17,0,0,17,0,59,5,0,64,0,76,5,0,81,38,0,38,119
10/15/2018,MKK,HI,AWP,WE,Federal Contract Tower,0,31,2,0,33,0,83,1,4,88,0,114,3,4,121,0,10,10,131
10/16/2018,MKK,HI,AWP,WE,Federal Contract Tower,0,24,1,0,25,0,118,9,0,127,0,142,10,0,152,0,0,0,152
10/17/2018,MKK,HI,AWP,WE,Federal Contract Tower,0,27,0,0,27,0,108,15,2,125,0,135,15,2,152,4,0,4,156
10/18/2018,MKK,HI,AWP,WE,Federal Contract Tower,0,25,0,0,25,0,96,4,0,100,0,121,4,0,125,0,0,0,125
10/19/2018,MKK,HI,AWP,WE,Federal Contract Tower,0,23,3,4,30,0,67,2,0,69,0,90,5,4,99,6,2,8,107
10/20/2018,MKK,HI,AWP,WE,Federal Contract Tower,0,20,2,0,22,0,83,5,0,88,0,103,7,0,110,0,0,0,110
10/21/2018,MKK,HI,AWP,WE,Federal Contract Tower,0,9,0,0,9,0,86,4,0,90,0,95,4,0,99,4,0,4,103
10/22/2018,MKK,HI,AWP,WE,Federal Contract Tower,0,15,0,0,15,0,103,0,0,103,0,118,0,0,118,0,0,0,118
10/23/2018,MKK,HI,AWP,WE,Federal Contract Tower,0,19,0,0,19,0,90,7,2,99,0,109,7,2,118,0,6,6,124
10/24/2018,MKK,HI,AWP,WE,Federal Contract Tower,0,24,0,0,24,0,103,14,2,119,0,127,14,2,143,12,12,24,167
10/25/2018,MKK,HI,AWP,WE,Federal Contract Tower,0,20,1,2,23,0,81,2,0,83,0,101,3,2,106,0,12,12,118
10/26/2018,MKK,HI,AWP,WE,Federal Contract Tower,0,20,6,0,26,0,84,10,0,94,0,104,16,0,120,8,0,8,128
10/27/2018,MKK,HI,AWP,WE,Federal Contract Tower,0,19,0,0,19,0,67,9,0,76,0,86,9,0,95,4,0,4,99
10/28/2018,MKK,HI,AWP,WE,Federal Contract Tower,0,12,0,0,12,0,64,2,0,66,0,76,2,0,78,2,0,2,80
10/30/2018,MKK,HI,AWP,WE,Federal Contract Tower,0,56,1,0,57,0,29,0,0,29,0,85,1,0,86,4,0,4,90
10/31/2018,MKK,HI,AWP,WE,Federal Contract Tower,0,28,0,3,31,0,78,2,2,82,0,106,2,5,113,4,0,4,117
11/01/2018,MKK,HI,AWP,WE,Federal Contract Tower,0,24,1,1,26,0,87,6,0,93,0,111,7,1,119,0,18,18,137
11/02/2018,MKK,HI,AWP,WE,Federal Contract Tower,0,26,5,0,31,0,91,2,0,93,0,117,7,0,124,4,0,4,128
11/03/2018,MKK,HI,AWP,WE,Federal Contract Tower,0,14,0,0,14,0,70,3,0,73,0,84,3,0,87,0,2,2,89
11/04/2018,MKK,HI,AWP,WE,Federal Contract Tower,0,13,0,0,13,0,68,5,0,73,0,81,5,0,86,4,0,4,90
11/05/2018,MKK,HI,AWP,WE,Federal Contract Tower,0,22,0,0,22,0,110,0,0,110,0,132,0,0,132,0,0,0,132
11/06/2018,MKK,HI,AWP,WE,Federal Contract Tower,0,21,0,0,21,0,92,7,0,99,0,113,7,0,120,6,0,6,126
11/07/2018,MKK,HI,AWP,WE,Federal Contract Tower,0,27,0,0,27,0,112,6,1,119,0,139,6,1,146,16,2,18,164
11/08/2018,MKK,HI,AWP,WE,Federal Contract Tower,0,28,1,0,29,0,85,9,0,94,0,113,10,0,123,8,0,8,131
11/09/2018,MKK,HI,AWP,WE,Federal Contract Tower,0,27,2,0,29,0,87,11,0,98,0,114,13,0,127,6,0,6,133
11/10/2018,MKK,HI,AWP,WE,Federal Contract Tower,0,59,2,0,61,0,41,1,0,42,0,100,3,0,103,0,0,0,103
11/11/2018,MKK,HI,AWP,WE,Federal Contract Tower,0,17,0,0,17,0,91,6,0,97,0,108,6,0,114,0,0,0,114
11/12/2018,MKK,HI,AWP,WE,Federal Contract Tower,0,28,0,0,28,0,103,10,0,113,0,131,10,0,141,6,0,6,147
11/13/2018,MKK,HI,AWP,WE,Federal Contract Tower,0,29,3,2,34,0,95,11,0,106,0,124,14,2,140,0,0,0,140
11/14/2018,MKK,HI,AWP,WE,Federal Contract Tower,0,30,2,0,32,0,100,12,0,112,0,130,14,0,144,4,0,4,148
11/15/2018,MKK,HI,AWP,WE,Federal Contract Tower,0,13,0,0,13,0,85,7,0,92,0,98,7,0,105,0,0,0,105
11/16/2018,MKK,HI,AWP,WE,Federal Contract Tower,0,24,4,0,28,0,84,1,0,85,0,108,5,0,113,2,0,2,115
11/17/2018,MKK,HI,AWP,WE,Federal Contract Tower,0,67,2,0,69,0,26,0,0,26,0,93,2,0,95,0,0,0,95
11/18/2018,MKK,HI,AWP,WE,Federal Contract Tower,0,20,0,0,20,0,73,10,0,83,0,93,10,0,103,4,0,4,107
11/19/2018,MKK,HI,AWP,WE,Federal Contract Tower,0,21,2,0,23,0,98,6,0,104,0,119,8,0,127,2,0,2,129
11/20/2018,MKK,HI,AWP,WE,Federal Contract Tower,0,32,1,0,33,0,80,5,0,85,0,112,6,0,118,12,0,12,130
11/21/2018,MKK,HI,AWP,WE,Federal Contract Tower,0,28,0,0,28,0,86,4,0,90,0,114,4,0,118,14,0,14,132
11/22/2018,MKK,HI,AWP,WE,Federal Contract Tower,0,11,0,0,11,0,38,2,0,40,0,49,2,0,51,0,0,0,51
11/23/2018,MKK,HI,AWP,WE,Federal Contract Tower,0,22,0,0,22,0,89,3,0,92,0,111,3,0,114,2,0,2,116
11/24/2018,MKK,HI,AWP,WE,Federal Contract Tower,0,16,2,0,18,0,76,1,0,77,0,92,3,0,95,2,0,2,97
11/25/2018,MKK,HI,AWP,WE,Federal Contract Tower,0,13,7,0,20,0,94,8,0,102,0,107,15,0,122,0,0,0,122
11/26/2018,MKK,HI,AWP,WE,Federal Contract Tower,0,23,0,0,23,0,101,4,2,107,0,124,4,2,130,2,0,2,132
11/27/2018,MKK,HI,AWP,WE,Federal Contract Tower,0,30,0,0,30,0,104,8,0,112,0,134,8,0,142,4,10,14,156
11/28/2018,MKK,HI,AWP,WE,Federal Contract Tower,0,27,0,0,27,0,81,2,0,83,0,108,2,0,110,4,2,6,116
11/29/2018,MKK,HI,AWP,WE,Federal Contract Tower,0,24,0,0,24,0,74,10,6,90,0,98,10,6,114,6,42,48,162
11/30/2018,MKK,HI,AWP,WE,Federal Contract Tower,0,28,0,0,28,0,82,1,0,83,0,110,1,0,111,0,2,2,113
12/01/2018,MKK,HI,AWP,WE,Federal Contract Tower,0,26,3,0,29,0,76,4,0,80,0,102,7,0,109,2,0,2,111
12/02/2018,MKK,HI,AWP,WE,Federal Contract Tower,0,12,0,0,12,0,58,7,0,65,0,70,7,0,77,16,0,16,93
12/03/2018,MKK,HI,AWP,WE,Federal Contract Tower,0,18,1,0,19,0,106,13,0,119,0,124,14,0,138,10,0,10,148
12/04/2018,MKK,HI,AWP,WE,Federal Contract Tower,0,23,1,0,24,0,90,2,0,92,0,113,3,0,116,18,2,20,136
12/05/2018,MKK,HI,AWP,WE,Federal Contract Tower,0,25,0,0,25,0,78,2,0,80,0,103,2,0,105,8,0,8,113
12/06/2018,MKK,HI,AWP,WE,Federal Contract Tower,0,18,1,0,19,0,100,3,4,107,0,118,4,4,126,4,2,6,132
12/07/2018,MKK,HI,AWP,WE,Federal Contract Tower,0,24,0,0,24,0,93,7,0,100,0,117,7,0,124,16,2,18,142
12/08/2018,MKK,HI,AWP,WE,Federal Contract Tower,0,42,0,0,42,0,66,2,0,68,0,108,2,0,110,2,0,2,112
12/09/2018,MKK,HI,AWP,WE,Federal Contract Tower,0,25,0,0,25,0,88,5,0,93,0,113,5,0,118,4,0,4,122
12/10/2018,MKK,HI,AWP,WE,Federal Contract Tower,0,20,0,1,21,0,93,0,1,94,0,113,0,2,115,0,2,2,117
12/11/2018,MKK,HI,AWP,WE,Federal Contract Tower,0,35,0,0,35,0,76,3,0,79,0,111,3,0,114,0,0,0,114
12/12/2018,MKK,HI,AWP,WE,Federal Contract Tower,0,29,0,0,29,0,93,4,0,97,0,122,4,0,126,12,0,12,138
12/13/2018,MKK,HI,AWP,WE,Federal Contract Tower,0,22,0,0,22,0,97,1,0,98,0,119,1,0,120,2,0,2,122
12/14/2018,MKK,HI,AWP,WE,Federal Contract Tower,0,23,3,0,26,0,88,9,0,97,0,111,12,0,123,4,0,4,127
12/15/2018,MKK,HI,AWP,WE,Federal Contract Tower,0,16,0,0,16,0,72,12,0,84,0,88,12,0,100,8,0,8,108
12/16/2018,MKK,HI,AWP,WE,Federal Contract Tower,0,17,0,0,17,0,76,10,0,86,0,93,10,0,103,4,0,4,107
12/17/2018,MKK,HI,AWP,WE,Federal Contract Tower,0,24,2,0,26,0,91,8,0,99,0,115,10,0,125,2,0,2,127
12/18/2018,MKK,HI,AWP,WE,Federal Contract Tower,0,28,0,0,28,0,105,17,0,122,0,133,17,0,150,10,0,10,160
12/19/2018,MKK,HI,AWP,WE,Federal Contract Tower,0,38,1,0,39,0,82,12,0,94,0,120,13,0,133,0,0,0,133
12/20/2018,MKK,HI,AWP,WE,Federal Contract Tower,0,18,0,0,18,0,92,6,1,99,0,110,6,1,117,6,0,6,123
12/21/2018,MKK,HI,AWP,WE,Federal Contract Tower,0,29,0,0,29,0,78,6,0,84,0,107,6,0,113,2,0,2,115
12/22/2018,MKK,HI,AWP,WE,Federal Contract Tower,0,30,0,0,30,0,65,5,0,70,0,95,5,0,100,4,0,4,104
12/23/2018,MKK,HI,AWP,WE,Federal Contract Tower,0,11,0,0,11,0,87,4,0,91,0,98,4,0,102,0,0,0,102
12/24/2018,MKK,HI,AWP,WE,Federal Contract Tower,0,35,0,0,35,0,82,5,0,87,0,117,5,0,122,10,0,10,132
12/25/2018,MKK,HI,AWP,WE,Federal Contract Tower,0,11,0,0,11,0,36,4,0,40,0,47,4,0,51,16,0,16,67
12/26/2018,MKK,HI,AWP,WE,Federal Contract Tower,0,26,0,0,26,0,91,12,0,103,0,117,12,0,129,0,0,0,129
12/27/2018,MKK,HI,AWP,WE,Federal Contract Tower,0,0,20,0,20,0,75,3,1,79,0,75,23,1,99,4,0,4,103
12/28/2018,MKK,HI,AWP,WE,Federal Contract Tower,0,40,0,0,40,0,75,2,0,77,0,115,2,0,117,10,0,10,127
12/29/2018,MKK,HI,AWP,WE,Federal Contract Tower,0,28,0,0,28,0,74,1,0,75,0,102,1,0,103,8,0,8,111
12/30/2018,MKK,HI,AWP,WE,Federal Contract Tower,0,17,0,0,17,0,78,5,0,83,0,95,5,0,100,0,0,0,100
12/31/2018,MKK,HI,AWP,WE,Federal Contract Tower,0,28,0,0,28,0,99,5,0,104,0,127,5,0,132,4,0,4,136
01/01/2019,MKK,HI,AWP,WE,Federal Contract Tower,0,11,1,0,12,0,36,3,0,39,0,47,4,0,51,0,0,0,51
01/02/2019,MKK,HI,AWP,WE,Federal Contract Tower,0,23,2,0,25,0,94,3,0,97,0,117,5,0,122,0,0,0,122
01/03/2019,MKK,HI,AWP,WE,Federal Contract Tower,0,32,0,0,32,0,74,5,0,79,0,106,5,0,111,8,0,8,119
01/04/2019,MKK,HI,AWP,WE,Federal Contract Tower,0,32,0,0,32,0,82,7,0,89,0,114,7,0,121,0,4,4,125
01/05/2019,MKK,HI,AWP,WE,Federal Contract Tower,0,24,0,0,24,0,72,6,0,78,0,96,6,0,102,16,2,18,120
01/06/2019,MKK,HI,AWP,WE,Federal Contract Tower,0,14,0,0,14,0,79,12,0,91,0,93,12,0,105,10,0,10,115
01/07/2019,MKK,HI,AWP,WE,Federal Contract Tower,0,27,0,4,31,0,110,5,0,115,0,137,5,4,146,0,0,0,146
01/08/2019,MKK,HI,AWP,WE,Federal Contract Tower,0,16,3,0,19,0,96,2,2,100,0,112,5,2,119,8,2,10,129
01/09/2019,MKK,HI,AWP,WE,Federal Contract Tower,0,33,2,1,36,0,108,9,0,117,0,141,11,1,153,22,0,22,175
01/10/2019,MKK,HI,AWP,WE,Federal Contract Tower,0,31,0,0,31,0,83,5,0,88,0,114,5,0,119,2,0,2,121
01/11/2019,MKK,HI,AWP,WE,Federal Contract Tower,0,27,0,1,28,0,73,3,0,76,0,100,3,1,104,4,4,8,112
01/12/2019,MKK,HI,AWP,WE,Federal Contract Tower,0,25,0,0,25,0,68,5,0,73,0,93,5,0,98,4,0,4,102
01/13/2019,MKK,HI,AWP,WE,Federal Contract Tower,0,15,0,0,15,0,57,11,0,68,0,72,11,0,83,0,0,0,83
01/14/2019,MKK,HI,AWP,WE,Federal Contract Tower,0,33,5,0,38,0,72,2,0,74,0,105,7,0,112,14,0,14,126
01/15/2019,MKK,HI,AWP,WE,Federal Contract Tower,0,28,2,0,30,0,84,10,2,96,0,112,12,2,126,12,0,12,138
01/16/2019,MKK,HI,AWP,WE,Federal Contract Tower,0,28,0,0,28,0,83,7,4,94,0,111,7,4,122,0,24,24,146
01/17/2019,MKK,HI,AWP,WE,Federal Contract Tower,0,22,0,0,22,0,92,1,0,93,0,114,1,0,115,4,8,12,127
01/18/2019,MKK,HI,AWP,WE,Federal Contract Tower,0,51,0,0,51,0,73,1,0,74,0,124,1,0,125,22,0,22,147
01/19/2019,MKK,HI,AWP,WE,Federal Contract Tower,0,19,2,0,21,0,77,12,0,89,0,96,14,0,110,18,0,18,128
01/20/2019,MKK,HI,AWP,WE,Federal Contract Tower,0,20,0,0,20,0,65,22,0,87,0,85,22,0,107,6,2,8,115
01/21/2019,MKK,HI,AWP,WE,Federal Contract Tower,0,17,2,0,19,0,91,4,0,95,0,108,6,0,114,6,0,6,120
01/22/2019,MKK,HI,AWP,WE,Federal Contract Tower,0,21,0,1,22,0,87,10,0,97,0,108,10,1,119,4,2,6,125
01/23/2019,MKK,HI,AWP,WE,Federal Contract Tower,0,23,0,2,25,0,86,10,0,96,0,109,10,2,121,36,0,36,157
01/24/2019,MKK,HI,AWP,WE,Federal Contract Tower,0,27,0,2,29,0,93,7,2,102,0,120,7,4,131,4,20,24,155
01/25/2019,MKK,HI,AWP,WE,Federal Contract Tower,0,31,1,0,32,0,87,3,0,90,0,118,4,0,122,2,2,4,126
01/26/2019,MKK,HI,AWP,WE,Federal Contract Tower,0,21,6,0,27,0,75,4,0,79,0,96,10,0,106,6,0,6,112
01/27/2019,MKK,HI,AWP,WE,Federal Contract Tower,0,20,0,0,20,0,71,4,0,75,0,91,4,0,95,0,0,0,95
01/28/2019,MKK,HI,AWP,WE,Federal Contract Tower,0,24,1,0,25,0,86,6,2,94,0,110,7,2,119,6,0,6,125
01/29/2019,MKK,HI,AWP,WE,Federal Contract Tower,0,46,0,0,46,0,63,4,0,67,0,109,4,0,113,4,0,4,117
01/30/2019,MKK,HI,AWP,WE,Federal Contract Tower,0,42,0,1,43,0,53,4,0,57,0,95,4,1,100,6,0,6,106
01/31/2019,MKK,HI,AWP,WE,Federal Contract Tower,0,61,2,0,63,0,31,2,0,33,0,92,4,0,96,0,0,0,96
02/01/2019,MKK,HI,AWP,WE,Federal Contract Tower,0,34,0,0,34,0,97,6,2,105,0,131,6,2,139,2,2,4,143
02/02/2019,MKK,HI,AWP,WE,Federal Contract Tower,0,54,0,0,54,0,53,0,0,53,0,107,0,0,107,0,0,0,107
02/04/2019,MKK,HI,AWP,WE,Federal Contract Tower,0,24,0,0,24,0,86,10,0,96,0,110,10,0,120,6,0,6,126
02/05/2019,MKK,HI,AWP,WE,Federal Contract Tower,0,20,0,0,20,0,89,6,0,95,0,109,6,0,115,10,0,10,125
02/06/2019,MKK,HI,AWP,WE,Federal Contract Tower,0,19,0,0,19,0,84,14,0,98,0,103,14,0,117,0,0,0,117
02/07/2019,MKK,HI,AWP,WE,Federal Contract Tower,0,23,0,0,23,0,60,6,0,66,0,83,6,0,89,0,0,0,89
02/08/2019,MKK,HI,AWP,WE,Federal Contract Tower,0,25,0,0,25,0,79,6,0,85,0,104,6,0,110,2,0,2,112
02/09/2019,MKK,HI,AWP,WE,Federal Contract Tower,0,14,0,0,14,0,67,0,1,68,0,81,0,1,82,8,0,8,90
02/10/2019,MKK,HI,AWP,WE,Federal Contract Tower,0,27,0,0,27,0,38,0,0,38,0,65,0,0,65,0,0,0,65
02/11/2019,MKK,HI,AWP,WE,Federal Contract Tower,0,24,0,1,25,0,89,4,1,94,0,113,4,2,119,12,0,12,131
02/12/2019,MKK,HI,AWP,WE,Federal Contract Tower,0,29,0,0,29,0,92,1,3,96,0,121,1,3,125,4,0,4,129
02/13/2019,MKK,HI,AWP,WE,Federal Contract Tower,0,35,0,0,35,0,95,15,0,110,0,130,15,0,145,4,0,4,149
02/14/2019,MKK,HI,AWP,WE,Federal Contract Tower,0,31,0,0,31,0,85,0,2,87,0,116,0,2,118,0,6,6,124
02/15/2019,MKK,HI,AWP,WE,Federal Contract Tower,0,28,1,0,29,0,114,5,0,119,0,142,6,0,148,4,0,4,152
02/16/2019,MKK,HI,AWP,WE,Federal Contract Tower,0,20,2,0,22,0,79,6,0,85,0,99,8,0,107,2,0,2,109
02/17/2019,MKK,HI,AWP,WE,Federal Contract Tower,0,39,0,0,39,0,64,5,0,69,0,103,5,0,108,0,0,0,108
02/18/2019,MKK,HI,AWP,WE,Federal Contract Tower,0,19,1,0,20,0,88,10,1,99,0,107,11,1,119,2,0,2,121
02/19/2019,MKK,HI,AWP,WE,Federal Contract Tower,0,68,2,0,70,0,54,0,0,54,0,122,2,0,124,0,0,0,124
02/20/2019,MKK,HI,AWP,WE,Federal Contract Tower,0,19,0,0,19,0,92,11,0,103,0,111,11,0,122,6,0,6,128
02/21/2019,MKK,HI,AWP,WE,Federal Contract Tower,0,26,2,4,32,0,72,14,0,86,0,98,16,4,118,22,4,26,144
02/22/2019,MKK,HI,AWP,WE,Federal Contract Tower,0,23,0,1,24,0,83,10,0,93,0,106,10,1,117,4,0,4,121
02/23/2019,MKK,HI,AWP,WE,Federal Contract Tower,0,20,0,0,20,0,65,3,0,68,0,85,3,0,88,20,0,20,108
02/24/2019,MKK,HI,AWP,WE,Federal Contract Tower,0,18,0,0,18,0,67,12,0,79,0,85,12,0,97,4,0,4,101
02/25/2019,MKK,HI,AWP,WE,Federal Contract Tower,0,21,0,0,21,0,88,9,0,97,0,109,9,0,118,6,0,6,124
02/26/2019,MKK,HI,AWP,WE,Federal Contract Tower,0,46,0,1,47,0,89,3,0,92,0,135,3,1,139,2,2,4,143
02/27/2019,MKK,HI,AWP,WE,Federal Contract Tower,0,26,0,0,26,0,91,11,3,105,0,117,11,3,131,6,0,6,137
02/28/2019,MKK,HI,AWP,WE,Federal Contract Tower,0,24,0,0,24,0,88,7,3,98,0,112,7,3,122,10,4,14,136
03/01/2019,MKK,HI,AWP,WE,Federal Contract Tower,0,19,1,0,20,0,80,7,5,92,0,99,8,5,112,10,4,14,126
03/02/2019,MKK,HI,AWP,WE,Federal Contract Tower,0,12,0,0,12,0,81,6,0,87,0,93,6,0,99,20,2,22,121
03/03/2019,MKK,HI,AWP,WE,Federal Contract Tower,0,20,2,0,22,0,62,8,0,70,0,82,10,0,92,4,0,4,96
03/04/2019,MKK,HI,AWP,WE,Federal Contract Tower,0,31,0,0,31,0,104,7,0,111,0,135,7,0,142,14,0,14,156
03/05/2019,MKK,HI,AWP,WE,Federal Contract Tower,0,26,0,0,26,0,78,9,0,87,0,104,9,0,113,4,10,14,127
03/06/2019,MKK,HI,AWP,WE,Federal Contract Tower,0,45,0,0,45,0,70,7,0,77,0,115,7,0,122,0,0,0,122
03/07/2019,MKK,HI,AWP,WE,Federal Contract Tower,0,23,1,2,26,0,90,2,0,92,0,113,3,2,118,2,2,4,122
03/08/2019,MKK,HI,AWP,WE,Federal Contract Tower,0,27,1,0,28,0,77,9,0,86,0,104,10,0,114,0,0,0,114
03/09/2019,MKK,HI,AWP,WE,Federal Contract Tower,0,16,2,0,18,0,72,11,2,85,0,88,13,2,103,12,2,14,117
03/10/2019,MKK,HI,AWP,WE,Federal Contract Tower,0,22,0,0,22,0,64,2,0,66,0,86,2,0,88,2,0,2,90
03/11/2019,MKK,HI,AWP,WE,Federal Contract Tower,0,25,2,1,28,0,77,2,1,80,0,102,4,2,108,6,0,6,114
03/12/2019,MKK,HI,AWP,WE,Federal Contract Tower,0,21,1,2,24,0,101,1,0,102,0,122,2,2,126,6,2,8,134
03/13/2019,MKK,HI,AWP,WE,Federal Contract Tower,0,22,0,0,22,0,86,4,1,91,0,108,4,1,113,2,0,2,115
03/14/2019,MKK,HI,AWP,WE,Federal Contract Tower,0,20,0,1,21,0,84,3,1,88,0,104,3,2,109,4,2,6,115
03/15/2019,MKK,HI,AWP,WE,Federal Contract Tower,0,17,1,0,18,0,109,22,0,131,0,126,23,0,149,16,0,16,165
03/16/2019,MKK,HI,AWP,WE,Federal Contract Tower,0,23,4,0,27,0,84,14,0,98,0,107,18,0,125,16,0,16,141
03/17/2019,MKK,HI,AWP,WE,Federal Contract Tower,0,16,0,0,16,0,69,4,1,74,0,85,4,1,90,2,0,2,92
03/18/2019,MKK,HI,AWP,WE,Federal Contract Tower,0,23,2,0,25,0,101,8,0,109,0,124,10,0,134,0,0,0,134
03/19/2019,MKK,HI,AWP,WE,Federal Contract Tower,0,27,6,2,35,0,108,13,2,123,0,135,19,4,158,16,12,28,186
03/20/2019,MKK,HI,AWP,WE,Federal Contract Tower,0,27,2,2,31,0,87,5,2,94,0,114,7,4,125,8,2,10,135
03/21/2019,MKK,HI,AWP,WE,Federal Contract Tower,0,21,0,0,21,0,119,14,7,140,0,140,14,7,161,10,18,28,189
03/22/2019,MKK,HI,AWP,WE,Federal Contract Tower,0,25,1,0,26,0,117,6,0,123,0,142,7,0,149,2,0,2,151
03/23/2019,MKK,HI,AWP,WE,Federal Contract Tower,0,16,2,0,18,0,86,5,0,91,0,102,7,0,109,0,0,0,109
03/24/2019,MKK,HI,AWP,WE,Federal Contract Tower,0,23,0,0,23,0,82,5,0,87,0,105,5,0,110,0,0,0,110
03/25/2019,MKK,HI,AWP,WE,Federal Contract Tower,0,31,2,0,33,0,86,4,0,90,0,117,6,0,123,4,2,6,129
03/26/2019,MKK,HI,AWP,WE,Federal Contract Tower,0,14,2,0,16,0,71,1,0,72,0,85,3,0,88,16,22,38,126
03/27/2019,MKK,HI,AWP,WE,Federal Contract Tower,0,21,2,0,23,0,79,6,0,85,0,100,8,0,108,2,2,4,112
03/28/2019,MKK,HI,AWP,WE,Federal Contract Tower,0,20,2,2,24,0,94,6,4,104,0,114,8,6,128,6,16,22,150
03/29/2019,MKK,HI,AWP,WE,Federal Contract Tower,0,27,3,0,30,0,92,6,0,98,0,119,9,0,128,8,0,8,136
03/30/2019,MKK,HI,AWP,WE,Federal Contract Tower,0,19,1,0,20,0,72,5,1,78,0,91,6,1,98,18,2,20,118
03/31/2019,MKK,HI,AWP,WE,Federal Contract Tower,0,16,2,0,18,0,78,5,0,83,0,94,7,0,101,2,0,2,103
04/01/2019,MKK,HI,AWP,WE,Federal Contract Tower,0,20,2,0,22,0,101,7,0,108,0,121,9,0,130,0,0,0,130
04/02/2019,MKK,HI,AWP,WE,Federal Contract Tower,0,21,0,0,21,0,91,7,2,100,0,112,7,2,121,4,2,6,127
04/03/2019,MKK,HI,AWP,WE,Federal Contract Tower,0,24,2,2,28,0,80,8,5,93,0,104,10,7,121,4,14,18,139
04/04/2019,MKK,HI,AWP,WE,Federal Contract Tower,0,25,0,0,25,0,74,4,0,78,0,99,4,0,103,2,0,2,105
04/05/2019,MKK,HI,AWP,WE,Federal Contract Tower,0,29,0,0,29,0,91,10,0,101,0,120,10,0,130,18,6,24,154
04/06/2019,MKK,HI,AWP,WE,Federal Contract Tower,0,16,0,0,16,0,75,14,0,89,0,91,14,0,105,36,2,38,143
04/07/2019,MKK,HI,AWP,WE,Federal Contract Tower,0,15,2,0,17,0,67,19,0,86,0,82,21,0,103,6,0,6,109
04/08/2019,MKK,HI,AWP,WE,Federal Contract Tower,0,26,2,0,28,0,95,6,2,103,0,121,8,2,131,0,6,6,137
04/09/2019,MKK,HI,AWP,WE,Federal Contract Tower,0,23,0,2,25,0,97,9,0,106,0,120,9,2,131,0,0,0,131
04/10/2019,MKK,HI,AWP,WE,Federal Contract Tower,0,31,2,0,33,0,87,0,2,89,0,118,2,2,122,0,0,0,122
04/11/2019,MKK,HI,AWP,WE,Federal Contract Tower,0,26,0,0,26,0,88,2,0,90,0,114,2,0,116,0,2,2,118
04/12/2019,MKK,HI,AWP,WE,Federal Contract Tower,0,26,0,0,26,0,81,11,2,94,0,107,11,2,120,0,0,0,120
04/13/2019,MKK,HI,AWP,WE,Federal Contract Tower,0,19,2,0,21,0,74,6,2,82,0,93,8,2,103,8,2,10,113
04/14/2019,MKK,HI,AWP,WE,Federal Contract Tower,0,17,0,0,17,0,61,1,0,62,0,78,1,0,79,10,0,10,89
04/15/2019,MKK,HI,AWP,WE,Federal Contract Tower,0,24,0,0,24,0,0,0,0,0,0,24,0,0,24,8,0,8,32
04/16/2019,MKK,HI,AWP,WE,Federal Contract Tower,0,23,4,0,27,0,82,13,0,95,0,105,17,0,122,14,40,54,176
04/17/2019,MKK,HI,AWP,WE,Federal Contract Tower,0,19,0,0,19,0,77,6,1,84,0,96,6,1,103,8,0,8,111
04/18/2019,MKK,HI,AWP,WE,Federal Contract Tower,0,20,0,0,20,0,100,24,2,126,0,120,24,2,146,30,0,30,176
04/19/2019,MKK,HI,AWP,WE,Federal Contract Tower,0,20,1,0,21,0,96,11,2,109,0,116,12,2,130,2,8,10,140
04/20/2019,MKK,HI,AWP,WE,Federal Contract Tower,0,25,2,0,27,0,60,7,0,67,0,85,9,0,94,4,0,4,98
04/21/2019,MKK,HI,AWP,WE,Federal Contract Tower,0,17,0,0,17,0,50,4,0,54,0,67,4,0,71,0,0,0,71
04/22/2019,MKK,HI,AWP,WE,Federal Contract Tower,0,27,3,0,30,0,99,3,0,102,0,126,6,0,132,6,0,6,138
04/23/2019,MKK,HI,AWP,WE,Federal Contract Tower,0,24,2,0,26,0,101,7,4,112,0,125,9,4,138,2,36,38,176
04/24/2019,MKK,HI,AWP,WE,Federal Contract Tower,0,24,0,0,24,0,93,4,2,99,0,117,4,2,123,2,2,4,127
04/25/2019,MKK,HI,AWP,WE,Federal Contract Tower,0,20,0,0,20,0,108,5,0,113,0,128,5,0,133,0,0,0,133
04/26/2019,MKK,HI,AWP,WE,Federal Contract Tower,0,26,0,0,26,0,73,5,0,78,0,99,5,0,104,4,0,4,108
04/27/2019,MKK,HI,AWP,WE,Federal Contract Tower,0,18,0,0,18,0,75,2,0,77,0,93,2,0,95,14,0,14,109
04/28/2019,MKK,HI,AWP,WE,Federal Contract Tower,0,15,0,0,15,0,77,4,0,81,0,92,4,0,96,0,0,0,96
04/29/2019,MKK,HI,AWP,WE,Federal Contract Tower,0,24,1,3,28,0,111,7,0,118,0,135,8,3,146,4,4,8,154
04/30/2019,MKK,HI,AWP,WE,Federal Contract Tower,0,28,0,0,28,0,101,1,4,106,0,129,1,4,134,8,14,22,156
05/01/2019,MKK,HI,AWP,WE,Federal Contract Tower,0,16,1,0,17,0,97,7,4,108,0,113,8,4,125,4,30,34,159
05/02/2019,MKK,HI,AWP,WE,Federal Contract Tower,0,27,0,0,27,0,80,0,0,80,0,107,0,0,107,8,2,10,117
05/03/2019,MKK,HI,AWP,WE,Federal Contract Tower,0,34,0,0,34,0,87,4,0,91,0,121,4,0,125,12,0,12,137
05/04/2019,MKK,HI,AWP,WE,Federal Contract Tower,0,64,0,0,64,0,28,0,0,28,0,92,0,0,92,0,0,0,92
05/05/2019,MKK,HI,AWP,WE,Federal Contract Tower,0,14,0,0,14,0,72,6,0,78,0,86,6,0,92,2,0,2,94
05/06/2019,MKK,HI,AWP,WE,Federal Contract Tower,0,23,1,2,26,0,106,8,0,114,0,129,9,2,140,0,0,0,140
05/07/2019,MKK,HI,AWP,WE,Federal Contract Tower,0,26,0,2,28,0,0,0,0,0,0,26,0,2,28,0,0,0,28
05/08/2019,MKK,HI,AWP,WE,Federal Contract Tower,0,36,0,0,36,0,75,6,4,85,0,111,6,4,121,0,42,42,163
05/09/2019,MKK,HI,AWP,WE,Federal Contract Tower,0,25,0,2,27,0,91,7,2,100,0,116,7,4,127,8,2,10,137
05/10/2019,MKK,HI,AWP,WE,Federal Contract Tower,0,22,0,0,22,0,77,15,2,94,0,99,15,2,116,4,16,20,136
05/11/2019,MKK,HI,AWP,WE,Federal Contract Tower,0,21,0,0,21,0,77,10,0,87,0,98,10,0,108,22,0,22,130
05/12/2019,MKK,HI,AWP,WE,Federal Contract Tower,0,13,0,0,13,0,70,4,0,74,0,83,4,0,87,4,0,4,91
05/13/2019,MKK,HI,AWP,WE,Federal Contract Tower,0,27,0,0,27,0,89,4,0,93,0,116,4,0,120,0,14,14,134
05/14/2019,MKK,HI,AWP,WE,Federal Contract Tower,0,28,0,4,32,0,86,10,0,96,0,114,10,4,128,0,0,0,128
05/15/2019,MKK,HI,AWP,WE,Federal Contract Tower,0,36,0,0,36,0,53,6,0,59,0,89,6,0,95,0,2,2,97
05/16/2019,MKK,HI,AWP,WE,Federal Contract Tower,0,33,1,0,34,0,80,2,2,84,0,113,3,2,118,0,0,0,118
05/17/2019,MKK,HI,AWP,WE,Federal Contract Tower,0,30,4,0,34,0,102,5,0,107,0,132,9,0,141,0,0,0,141
05/18/2019,MKK,HI,AWP,WE,Federal Contract Tower,0,21,0,0,21,0,90,5,0,95,0,111,5,0,116,6,0,6,122
05/19/2019,MKK,HI,AWP,WE,Federal Contract Tower,0,19,1,0,20,0,86,4,2,92,0,105,5,2,112,4,0,4,116
05/20/2019,MKK,HI,AWP,WE,Federal Contract Tower,0,18,0,2,20,0,101,6,0,107,0,119,6,2,127,0,0,0,127
05/21/2019,MKK,HI,AWP,WE,Federal Contract Tower,0,21,0,2,23,0,94,9,3,106,0,115,9,5,129,0,0,0,129
05/22/2019,MKK,HI,AWP,WE,Federal Contract Tower,0,24,0,3,27,0,79,19,0,98,0,103,19,3,125,0,8,8,133
05/23/2019,MKK,HI,AWP,WE,Federal Contract Tower,0,22,0,0,22,0,86,3,0,89,0,108,3,0,111,0,0,0,111
05/25/2019,MKK,HI,AWP,WE,Federal Contract Tower,0,26,2,0,28,0,91,9,0,100,0,117,11,0,128,16,0,16,144
05/26/2019,MKK,HI,AWP,WE,Federal Contract Tower,0,12,1,0,13,0,87,6,0,93,0,99,7,0,106,4,0,4,110
05/27/2019,MKK,HI,AWP,WE,Federal Contract Tower,0,20,0,0,20,0,106,12,0,118,0,126,12,0,138,0,0,0,138
05/28/2019,MKK,HI,AWP,WE,Federal Contract Tower,0,26,1,0,27,0,137,4,0,141,0,163,5,0,168,0,0,0,168
05/29/2019,MKK,HI,AWP,WE,Federal Contract Tower,0,24,0,2,26,0,101,6,4,111,0,125,6,6,137,0,6,6,143
05/30/2019,MKK,HI,AWP,WE,Federal Contract Tower,0,13,0,1,14,0,114,7,1,122,0,127,7,2,136,4,2,6,142
05/31/2019,MKK,HI,AWP,WE,Federal Contract Tower,0,22,2,0,24,0,79,4,0,83,0,101,6,0,107,10,2,12,119
06/01/2019,MKK,HI,AWP,WE,Federal Contract Tower,0,19,2,0,21,0,72,0,0,72,0,91,2,0,93,14,0,14,107
06/02/2019,MKK,HI,AWP,WE,Federal Contract Tower,0,18,1,0,19,0,64,5,0,69,0,82,6,0,88,6,0,6,94
06/03/2019,MKK,HI,AWP,WE,Federal Contract Tower,0,35,2,1,38,0,74,3,0,77,0,109,5,1,115,10,4,14,129
06/04/2019,MKK,HI,AWP,WE,Federal Contract Tower,0,27,2,2,31,0,82,6,0,88,0,109,8,2,119,16,0,16,135
06/05/2019,MKK,HI,AWP,WE,Federal Contract Tower,0,22,0,0,22,0,87,2,2,91,0,109,2,2,113,2,0,2,115
06/06/2019,MKK,HI,AWP,WE,Federal Contract Tower,0,22,0,0,22,0,93,3,0,96,0,115,3,0,118,0,0,0,118
06/07/2019,MKK,HI,AWP,WE,Federal Contract Tower,0,22,3,0,25,0,114,6,0,120,0,136,9,0,145,8,0,8,153
06/08/2019,MKK,HI,AWP,WE,Federal Contract Tower,0,16,0,0,16,0,83,16,2,101,0,99,16,2,117,10,0,10,127
06/09/2019,MKK,HI,AWP,WE,Federal Contract Tower,0,18,1,0,19,0,66,7,0,73,0,84,8,0,92,0,0,0,92
06/10/2019,MKK,HI,AWP,WE,Federal Contract Tower,0,23,0,0,23,0,95,8,0,103,0,118,8,0,126,0,0,0,126
06/11/2019,MKK,HI,AWP,WE,Federal Contract Tower,0,27,0,2,29,0,97,9,0,106,0,124,9,2,135,6,0,6,141
06/12/2019,MKK,HI,AWP,WE,Federal Contract Tower,0,24,0,3,27,0,91,18,1,110,0,115,18,4,137,18,2,20,157
06/13/2019,MKK,HI,AWP,WE,Federal Contract Tower,0,25,0,0,25,0,60,3,0,63,0,85,3,0,88,8,10,18,106
06/14/2019,MKK,HI,AWP,WE,Federal Contract Tower,0,32,1,2,35,0,81,4,1,86,0,113,5,3,121,2,2,4,125
06/15/2019,MKK,HI,AWP,WE,Federal Contract Tower,0,24,1,0,25,0,61,5,0,66,0,85,6,0,91,8,0,8,99
06/16/2019,MKK,HI,AWP,WE,Federal Contract Tower,0,20,0,0,20,0,0,0,0,0,0,20,0,0,20,2,0,2,22
06/17/2019,MKK,HI,AWP,WE,Federal Contract Tower,0,27,0,1,28,0,91,6,0,97,0,118,6,1,125,6,6,12,137
06/18/2019,MKK,HI,AWP,WE,Federal Contract Tower,0,28,0,0,28,0,100,4,0,104,0,128,4,0,132,12,0,12,144
06/19/2019,MKK,HI,AWP,WE,Federal Contract Tower,0,16,2,0,18,0,95,6,0,101,0,111,8,0,119,4,0,4,123
06/20/2019,MKK,HI,AWP,WE,Federal Contract Tower,0,26,0,0,26,0,72,1,0,73,0,98,1,0,99,4,2,6,105
06/21/2019,MKK,HI,AWP,WE,Federal Contract Tower,0,24,0,0,24,0,78,16,0,94,0,102,16,0,118,0,0,0,118
06/22/2019,MKK,HI,AWP,WE,Federal Contract Tower,0,20,0,0,20,0,67,1,0,68,0,87,1,0,88,12,0,12,100
06/23/2019,MKK,HI,AWP,WE,Federal Contract Tower,0,18,0,0,18,0,61,10,0,71,0,79,10,0,89,4,4,8,97
06/24/2019,MKK,HI,AWP,WE,Federal Contract Tower,0,29,0,0,29,0,106,2,0,108,0,135,2,0,137,0,0,0,137
06/25/2019,MKK,HI,AWP,WE,Federal Contract Tower,0,43,0,0,43,0,80,2,0,82,0,123,2,0,125,0,0,0,125
06/26/2019,MKK,HI,AWP,WE,Federal Contract Tower,0,32,2,0,34,0,89,2,0,91,0,121,4,0,125,0,0,0,125
06/27/2019,MKK,HI,AWP,WE,Federal Contract Tower,0,23,0,0,23,0,90,7,0,97,0,113,7,0,120,8,2,10,130
06/28/2019,MKK,HI,AWP,WE,Federal Contract Tower,0,24,2,0,26,0,83,3,0,86,0,107,5,0,112,0,4,4,116
06/29/2019,MKK,HI,AWP,WE,Federal Contract Tower,0,25,0,0,25,0,59,3,0,62,0,84,3,0,87,2,2,4,91
06/30/2019,MKK,HI,AWP,WE,Federal Contract Tower,0,20,2,0,22,0,56,2,0,58,0,76,4,0,80,0,0,0,80
07/01/2019,MKK,HI,AWP,WE,Federal Contract Tower,0,20,0,0,20,0,77,5,1,83,0,97,5,1,103,0,2,2,105
07/02/2019,MKK,HI,AWP,WE,Federal Contract Tower,0,22,0,0,22,0,78,4,0,82,0,100,4,0,104,4,6,10,114
07/03/2019,MKK,HI,AWP,WE,Federal Contract Tower,0,26,0,0,26,0,87,6,0,93,0,113,6,0,119,2,0,2,121
07/04/2019,MKK,HI,AWP,WE,Federal Contract Tower,0,16,2,0,18,0,85,11,1,97,0,101,13,1,115,4,0,4,119
07/05/2019,MKK,HI,AWP,WE,Federal Contract Tower,0,25,1,0,26,0,100,18,2,120,0,125,19,2,146,0,0,0,146
07/06/2019,MKK,HI,AWP,WE,Federal Contract Tower,0,24,1,0,25,0,62,13,0,75,0,86,14,0,100,22,0,22,122
07/07/2019,MKK,HI,AWP,WE,Federal Contract Tower,0,20,0,0,20,0,58,5,0,63,0,78,5,0,83,6,0,6,89
07/08/2019,MKK,HI,AWP,WE,Federal Contract Tower,0,36,0,0,36,0,72,1,0,73,0,108,1,0,109,0,0,0,109
07/09/2019,MKK,HI,AWP,WE,Federal Contract Tower,0,26,0,0,26,0,85,6,0,91,0,111,6,0,117,12,0,12,129
07/10/2019,MKK,HI,AWP,WE,Federal Contract Tower,0,25,0,0,25,0,78,6,0,84,0,103,6,0,109,2,0,2,111
07/11/2019,MKK,HI,AWP,WE,Federal Contract Tower,0,23,1,0,24,0,87,11,0,98,0,110,12,0,122,10,0,10,132
07/12/2019,MKK,HI,AWP,WE,Federal Contract Tower,0,23,1,1,25,0,81,8,1,90,0,104,9,2,115,8,2,10,125
07/13/2019,MKK,HI,AWP,WE,Federal Contract Tower,0,18,0,0,18,0,72,3,0,75,0,90,3,0,93,2,0,2,95
07/14/2019,MKK,HI,AWP,WE,Federal Contract Tower,0,18,1,0,19,0,63,8,0,71,0,81,9,0,90,8,0,8,98
07/15/2019,MKK,HI,AWP,WE,Federal Contract Tower,0,27,0,0,27,0,77,1,0,78,0,104,1,0,105,6,0,6,111
07/16/2019,MKK,HI,AWP,WE,Federal Contract Tower,0,27,2,3,32,0,94,2,7,103,0,121,4,10,135,0,0,0,135
07/17/2019,MKK,HI,AWP,WE,Federal Contract Tower,0,23,1,1,25,0,81,5,1,87,0,104,6,2,112,0,24,24,136
07/18/2019,MKK,HI,AWP,WE,Federal Contract Tower,0,19,0,0,19,0,102,5,0,107,0,121,5,0,126,3,0,3,129
07/19/2019,MKK,HI,AWP,WE,Federal Contract Tower,0,29,0,2,31,0,75,13,0,88,0,104,13,2,119,2,0,2,121
07/20/2019,MKK,HI,AWP,WE,Federal Contract Tower,0,22,2,0,24,0,77,9,0,86,0,99,11,0,110,4,0,4,114
07/21/2019,MKK,HI,AWP,WE,Federal Contract Tower,0,15,3,0,18,0,69,3,0,72,0,84,6,0,90,8,0,8,98
07/22/2019,MKK,HI,AWP,WE,Federal Contract Tower,0,28,1,0,29,0,82,7,2,91,0,110,8,2,120,10,0,10,130
07/23/2019,MKK,HI,AWP,WE,Federal Contract Tower,0,21,0,0,21,0,84,1,11,96,0,105,1,11,117,8,14,22,139
07/24/2019,MKK,HI,AWP,WE,Federal Contract Tower,0,15,0,1,16,0,76,8,0,84,0,91,8,1,100,6,2,8,108
07/25/2019,MKK,HI,AWP,WE,Federal Contract Tower,0,28,2,0,30,0,96,1,0,97,0,124,3,0,127,4,14,18,145
07/26/2019,MKK,HI,AWP,WE,Federal Contract Tower,0,32,0,0,32,0,108,8,0,116,0,140,8,0,148,4,0,4,152
07/27/2019,MKK,HI,AWP,WE,Federal Contract Tower,0,22,0,0,22,0,70,8,1,79,0,92,8,1,101,4,0,4,105
07/28/2019,MKK,HI,AWP,WE,Federal Contract Tower,0,12,0,0,12,0,69,9,2,80,0,81,9,2,92,0,0,0,92
07/29/2019,MKK,HI,AWP,WE,Federal Contract Tower,0,22,1,0,23,0,95,1,3,99,0,117,2,3,122,4,0,4,126
07/30/2019,MKK,HI,AWP,WE,Federal Contract Tower,0,27,0,0,27,0,71,11,2,84,0,98,11,2,111,0,0,0,111
07/31/2019,MKK,HI,AWP,WE,Federal Contract Tower,0,23,2,0,25,0,76,7,8,91,0,99,9,8,116,2,0,2,118
08/01/2019,MKK,HI,AWP,WE,Federal Contract Tower,0,24,0,0,24,0,81,1,0,82,0,105,1,0,106,2,0,2,108
08/02/2019,MKK,HI,AWP,WE,Federal Contract Tower,0,20,0,0,20,0,86,1,0,87,0,106,1,0,107,2,0,2,109
08/03/2019,MKK,HI,AWP,WE,Federal Contract Tower,0,13,3,0,16,0,75,2,0,77,0,88,5,0,93,2,0,2,95
08/04/2019,MKK,HI,AWP,WE,Federal Contract Tower,0,14,4,1,19,0,70,3,2,75,0,84,7,3,94,8,0,8,102
08/05/2019,MKK,HI,AWP,WE,Federal Contract Tower,0,29,0,0,29,0,78,2,0,80,0,107,2,0,109,0,0,0,109
08/06/2019,MKK,HI,AWP,WE,Federal Contract Tower,0,22,0,0,22,0,72,0,2,74,0,94,0,2,96,10,8,18,114
08/07/2019,MKK,HI,AWP,WE,Federal Contract Tower,0,25,2,0,27,0,79,16,0,95,0,104,18,0,122,18,0,18,140
08/08/2019,MKK,HI,AWP,WE,Federal Contract Tower,0,20,0,0,20,0,80,14,0,94,0,100,14,0,114,6,2,8,122
08/09/2019,MKK,HI,AWP,WE,Federal Contract Tower,0,27,2,0,29,0,99,22,1,122,0,126,24,1,151,10,0,10,161
08/10/2019,MKK,HI,AWP,WE,Federal Contract Tower,0,19,2,0,21,0,75,18,0,93,0,94,20,0,114,4,0,4,118
08/11/2019,MKK,HI,AWP,WE,Federal Contract Tower,0,12,2,0,14,0,79,7,0,86,0,91,9,0,100,2,0,2,102
08/12/2019,MKK,HI,AWP,WE,Federal Contract Tower,0,28,0,0,28,0,88,3,0,91,0,116,3,0,119,0,2,2,121
08/13/2019,MKK,HI,AWP,WE,Federal Contract Tower,0,18,0,3,21,0,89,5,5,99,0,107,5,8,120,48,20,68,188
08/14/2019,MKK,HI,AWP,WE,Federal Contract Tower,0,22,0,0,22,0,80,7,2,89,0,102,7,2,111,6,10,16,127
08/15/2019,MKK,HI,AWP,WE,Federal Contract Tower,0,25,0,0,25,0,98,7,2,107,0,123,7,2,132,4,16,20,152
08/16/2019,MKK,HI,AWP,WE,Federal Contract Tower,0,33,0,0,33,0,109,9,1,119,0,142,9,1,152,8,0,8,160
08/17/2019,MKK,HI,AWP,WE,Federal Contract Tower,0,25,0,1,26,0,91,11,3,105,0,116,11,4,131,10,0,10,141
08/18/2019,MKK,HI,AWP,WE,Federal Contract Tower,0,19,0,0,19,0,80,12,0,92,0,99,12,0,111,18,0,18,129
08/19/2019,MKK,HI,AWP,WE,Federal Contract Tower,0,21,3,2,26,0,80,23,0,103,0,101,26,2,129,6,0,6,135
08/20/2019,MKK,HI,AWP,WE,Federal Contract Tower,0,23,0,0,23,0,72,3,5,80,0,95,3,5,103,20,10,30,133
08/21/2019,MKK,HI,AWP,WE,Federal Contract Tower,0,28,0,0,28,0,76,30,0,106,0,104,30,0,134,0,0,0,134
08/22/2019,MKK,HI,AWP,WE,Federal Contract Tower,0,24,1,0,25,0,76,7,3,86,0,100,8,3,111,2,18,20,131
08/23/2019,MKK,HI,AWP,WE,Federal Contract Tower,0,25,0,0,25,0,101,9,1,111,0,126,9,1,136,2,0,2,138
08/24/2019,MKK,HI,AWP,WE,Federal Contract Tower,0,21,2,0,23,0,68,2,0,70,0,89,4,0,93,0,0,0,93
08/25/2019,MKK,HI,AWP,WE,Federal Contract Tower,0,21,1,0,22,0,65,5,0,70,0,86,6,0,92,0,0,0,92
08/26/2019,MKK,HI,AWP,WE,Federal Contract Tower,0,19,1,2,22,0,87,6,4,97,0,106,7,6,119,0,0,0,119
08/27/2019,MKK,HI,AWP,WE,Federal Contract Tower,0,32,0,0,32,0,74,7,4,85,0,106,7,4,117,4,12,16,133
08/28/2019,MKK,HI,AWP,WE,Federal Contract Tower,0,27,0,0,27,0,92,16,2,110,0,119,16,2,137,8,8,16,153
08/29/2019,MKK,HI,AWP,WE,Federal Contract Tower,0,32,0,0,32,0,75,4,1,80,0,107,4,1,112,0,0,0,112
08/30/2019,MKK,HI,AWP,WE,Federal Contract Tower,0,30,2,0,32,0,90,10,0,100,0,120,12,0,132,6,0,6,138
08/31/2019,MKK,HI,AWP,WE,Federal Contract Tower,0,20,6,0,26,0,73,12,2,87,0,93,18,2,113,30,0,30,143
09/01/2019,MKK,HI,AWP,WE,Federal Contract Tower,0,18,35,0,53,0,68,12,0,80,0,86,47,0,133,2,0,2,135
09/02/2019,MKK,HI,AWP,WE,Federal Contract Tower,0,15,3,0,18,0,76,11,0,87,0,91,14,0,105,10,0,10,115
09/03/2019,MKK,HI,AWP,WE,Federal Contract Tower,0,25,1,0,26,0,80,12,2,94,0,105,13,2,120,2,0,2,122
09/04/2019,MKK,HI,AWP,WE,Federal Contract Tower,0,26,0,0,26,0,71,16,2,89,0,97,16,2,115,0,6,6,121
09/05/2019,MKK,HI,AWP,WE,Federal Contract Tower,0,21,1,0,22,0,78,8,0,86,0,99,9,0,108,8,0,8,116
09/06/2019,MKK,HI,AWP,WE,Federal Contract Tower,0,27,1,0,28,0,81,14,0,95,0,108,15,0,123,2,0,2,125
09/07/2019,MKK,HI,AWP,WE,Federal Contract Tower,0,20,2,0,22,0,78,9,0,87,0,98,11,0,109,6,0,6,115
09/08/2019,MKK,HI,AWP,WE,Federal Contract Tower,0,19,0,0,19,0,60,7,0,67,0,79,7,0,86,2,0,2,88
09/09/2019,MKK,HI,AWP,WE,Federal Contract Tower,0,22,0,0,22,0,75,3,0,78,0,97,3,0,100,2,0,2,102
09/11/2019,MKK,HI,AWP,WE,Federal Contract Tower,0,22,0,0,22,0,80,12,4,96,0,102,12,4,118,10,59,69,187
09/12/2019,MKK,HI,AWP,WE,Federal Contract Tower,0,19,0,0,19,0,83,14,1,98,0,102,14,1,117,8,0,8,125
09/13/2019,MKK,HI,AWP,WE,Federal Contract Tower,0,27,0,0,27,0,100,11,2,113,0,127,11,2,140,12,0,12,152
09/14/2019,MKK,HI,AWP,WE,Federal Contract Tower,0,28,0,0,28,0,81,33,0,114,0,109,33,0,142,8,0,8,150
09/15/2019,MKK,HI,AWP,WE,Federal Contract Tower,0,14,0,0,14,0,73,6,0,79,0,87,6,0,93,0,0,0,93
09/16/2019,MKK,HI,AWP,WE,Federal Contract Tower,0,23,4,1,28,0,82,0,0,82,0,105,4,1,110,0,0,0,110
09/17/2019,MKK,HI,AWP,WE,Federal Contract Tower,0,20,0,0,20,0,76,3,4,83,0,96,3,4,103,2,36,38,141
09/18/2019,MKK,HI,AWP,WE,Federal Contract Tower,0,22,2,0,24,0,69,10,0,79,0,91,12,0,103,14,0,14,117
09/19/2019,MKK,HI,AWP,WE,Federal Contract Tower,0,27,5,0,32,0,96,7,1,104,0,123,12,1,136,2,0,2,138
09/20/2019,MKK,HI,AWP,WE,Federal Contract Tower,0,26,2,1,29,0,111,10,0,121,0,137,12,1,150,0,0,0,150
09/21/2019,MKK,HI,AWP,WE,Federal Contract Tower,0,25,7,0,32,0,81,6,1,88,0,106,13,1,120,0,0,0,120
09/22/2019,MKK,HI,AWP,WE,Federal Contract Tower,0,8,0,0,8,0,81,6,0,87,0,89,6,0,95,10,0,10,105
09/23/2019,MKK,HI,AWP,WE,Federal Contract Tower,0,27,0,0,27,0,75,2,0,77,0,102,2,0,104,0,0,0,104
09/24/2019,MKK,HI,AWP,WE,Federal Contract Tower,0,21,0,0,21,0,77,8,6,91,0,98,8,6,112,0,10,10,122
09/25/2019,MKK,HI,AWP,WE,Federal Contract Tower,0,34,1,2,37,0,72,13,8,93,0,106,14,10,130,10,12,22,152
09/26/2019,MKK,HI,AWP,WE,Federal Contract Tower,0,21,0,0,21,0,72,7,0,79,0,93,7,0,100,0,0,0,100
09/27/2019,MKK,HI,AWP,WE,Federal Contract Tower,0,23,2,0,25,0,81,13,0,94,0,104,15,0,119,0,0,0,119
09/28/2019,MKK,HI,AWP,WE,Federal Contract Tower,0,20,0,0,20,0,66,1,0,67,0,86,1,0,87,0,0,0,87
09/29/2019,MKK,HI,AWP,WE,Federal Contract Tower,0,17,6,0,23,0,57,5,0,62,0,74,11,0,85,2,0,2,87
09/30/2019,MKK,HI,AWP,WE,Federal Contract Tower,0,30,0,3,33,0,71,0,0,71,0,101,0,3,104,0,0,0,104
10/01/2019,MKK,HI,AWP,WE,Federal Contract Tower,0,24,1,2,27,0,79,0,0,79,0,103,1,2,106,2,0,2,108
10/02/2019,MKK,HI,AWP,WE,Federal Contract Tower,0,19,0,0,19,0,57,11,0,68,0,76,11,0,87,6,0,6,93
10/03/2019,MKK,HI,AWP,WE,Federal Contract Tower,0,24,0,2,26,0,70,0,4,74,0,94,0,6,100,0,0,0,100
10/04/2019,MKK,HI,AWP,WE,Federal Contract Tower,0,21,4,0,25,0,93,9,4,106,0,114,13,4,131,2,0,2,133
10/05/2019,MKK,HI,AWP,WE,Federal Contract Tower,0,18,0,0,18,0,72,10,0,82,0,90,10,0,100,0,0,0,100
10/06/2019,MKK,HI,AWP,WE,Federal Contract Tower,0,19,1,0,20,0,65,12,0,77,0,84,13,0,97,0,0,0,97
10/07/2019,MKK,HI,AWP,WE,Federal Contract Tower,0,27,0,2,29,0,81,6,2,89,0,108,6,4,118,2,0,2,120
10/08/2019,MKK,HI,AWP,WE,Federal Contract Tower,0,21,0,0,21,0,76,6,0,82,0,97,6,0,103,2,0,2,105
10/09/2019,MKK,HI,AWP,WE,Federal Contract Tower,0,24,0,2,26,0,96,9,4,109,0,120,9,6,135,0,6,6,141
10/10/2019,MKK,HI,AWP,WE,Federal Contract Tower,0,21,0,0,21,0,81,10,1,92,0,102,10,1,113,0,0,0,113
10/11/2019,MKK,HI,AWP,WE,Federal Contract Tower,0,39,2,0,41,0,98,7,0,105,0,137,9,0,146,0,0,0,146
10/12/2019,MKK,HI,AWP,WE,Federal Contract Tower,0,28,2,0,30,0,81,14,0,95,0,109,16,0,125,8,0,8,133
10/13/2019,MKK,HI,AWP,WE,Federal Contract Tower,0,32,0,0,32,0,62,6,0,68,0,94,6,0,100,2,0,2,102
10/15/2019,MKK,HI,AWP,WE,Federal Contract Tower,0,27,0,0,27,0,99,6,0,105,0,126,6,0,132,0,0,0,132
10/16/2019,MKK,HI,AWP,WE,Federal Contract Tower,0,23,0,0,23,0,85,9,2,96,0,108,9,2,119,0,4,4,123
10/17/2019,MKK,HI,AWP,WE,Federal Contract Tower,0,24,3,2,29,0,88,22,2,112,0,112,25,4,141,4,0,4,145
10/18/2019,MKK,HI,AWP,WE,Federal Contract Tower,0,30,0,0,30,0,84,14,0,98,0,114,14,0,128,0,0,0,128
10/19/2019,MKK,HI,AWP,WE,Federal Contract Tower,0,20,0,0,20,0,67,6,0,73,0,87,6,0,93,0,0,0,93
10/20/2019,MKK,HI,AWP,WE,Federal Contract Tower,0,17,1,0,18,0,63,6,0,69,0,80,7,0,87,4,0,4,91
10/21/2019,MKK,HI,AWP,WE,Federal Contract Tower,0,13,4,2,19,0,88,6,0,94,0,101,10,2,113,2,0,2,115
10/22/2019,MKK,HI,AWP,WE,Federal Contract Tower,0,21,0,1,22,0,67,8,5,80,0,88,8,6,102,2,22,24,126
10/23/2019,MKK,HI,AWP,WE,Federal Contract Tower,0,13,0,2,15,0,87,15,2,104,0,100,15,4,119,0,0,0,119
10/24/2019,MKK,HI,AWP,WE,Federal Contract Tower,0,19,3,0,22,0,67,12,6,85,0,86,15,6,107,2,0,2,109
10/25/2019,MKK,HI,AWP,WE,Federal Contract Tower,0,22,3,2,27,0,86,5,4,95,0,108,8,6,122,2,0,2,124
10/26/2019,MKK,HI,AWP,WE,Federal Contract Tower,0,17,0,0,17,0,63,4,0,67,0,80,4,0,84,0,0,0,84
10/27/2019,MKK,HI,AWP,WE,Federal Contract Tower,0,13,0,0,13,0,62,8,0,70,0,75,8,0,83,16,0,16,99
10/28/2019,MKK,HI,AWP,WE,Federal Contract Tower,0,11,0,0,11,0,92,5,2,99,0,103,5,2,110,4,0,4,114
10/29/2019,MKK,HI,AWP,WE,Federal Contract Tower,0,18,0,0,18,0,74,0,0,74,0,92,0,0,92,4,0,4,96
10/30/2019,MKK,HI,AWP,WE,Federal Contract Tower,0,24,0,0,24,0,100,6,6,112,0,124,6,6,136,4,8,12,148
10/31/2019,MKK,HI,AWP,WE,Federal Contract Tower,0,14,0,0,14,0,82,3,2,87,0,96,3,2,101,8,0,8,109
11/01/2019,MKK,HI,AWP,WE,Federal Contract Tower,0,22,0,0,22,0,96,13,0,109,0,118,13,0,131,2,0,2,133
11/02/2019,MKK,HI,AWP,WE,Federal Contract Tower,0,16,1,0,17,0,62,9,0,71,0,78,10,0,88,0,0,0,88
11/03/2019,MKK,HI,AWP,WE,Federal Contract Tower,0,20,0,0,20,0,68,3,0,71,0,88,3,0,91,4,0,4,95
11/04/2019,MKK,HI,AWP,WE,Federal Contract Tower,0,17,1,4,22,0,117,8,0,125,0,134,9,4,147,10,0,10,157
11/05/2019,MKK,HI,AWP,WE,Federal Contract Tower,0,25,0,0,25,0,72,4,0,76,0,97,4,0,101,6,0,6,107
11/06/2019,MKK,HI,AWP,WE,Federal Contract Tower,0,18,0,0,18,0,89,4,2,95,0,107,4,2,113,0,12,12,125
11/07/2019,MKK,HI,AWP,WE,Federal Contract Tower,0,51,1,1,53,0,55,3,0,58,0,106,4,1,111,0,0,0,111
11/08/2019,MKK,HI,AWP,WE,Federal Contract Tower,0,28,0,1,29,0,80,6,1,87,0,108,6,2,116,0,0,0,116
11/09/2019,MKK,HI,AWP,WE,Federal Contract Tower,0,19,2,0,21,0,55,5,0,60,0,74,7,0,81,2,0,2,83
11/10/2019,MKK,HI,AWP,WE,Federal Contract Tower,0,17,0,0,17,0,64,4,0,68,0,81,4,0,85,2,0,2,87
11/11/2019,MKK,HI,AWP,WE,Federal Contract Tower,0,20,2,0,22,0,68,13,0,81,0,88,15,0,103,0,0,0,103
11/12/2019,MKK,HI,AWP,WE,Federal Contract Tower,0,24,0,0,24,0,88,11,0,99,0,112,11,0,123,12,0,12,135
11/13/2019,MKK,HI,AWP,WE,Federal Contract Tower,0,18,1,2,21,0,96,20,2,118,0,114,21,4,139,8,10,18,157
11/14/2019,MKK,HI,AWP,WE,Federal Contract Tower,0,16,0,2,18,0,80,7,4,91,0,96,7,6,109,0,28,28,137
11/15/2019,MKK,HI,AWP,WE,Federal Contract Tower,0,22,1,0,23,0,89,23,0,112,0,111,24,0,135,10,0,10,145
11/16/2019,MKK,HI,AWP,WE,Federal Contract Tower,0,17,1,0,18,0,72,8,0,80,0,89,9,0,98,4,0,4,102
11/17/2019,MKK,HI,AWP,WE,Federal Contract Tower,0,17,4,0,21,0,61,7,0,68,0,78,11,0,89,2,0,2,91
11/18/2019,MKK,HI,AWP,WE,Federal Contract Tower,0,21,0,0,21,0,109,8,0,117,0,130,8,0,138,0,0,0,138
11/19/2019,MKK,HI,AWP,WE,Federal Contract Tower,0,31,0,0,31,0,100,0,0,100,0,131,0,0,131,0,0,0,131
11/20/2019,MKK,HI,AWP,WE,Federal Contract Tower,0,19,2,2,23,0,89,8,0,97,0,108,10,2,120,0,0,0,120
11/21/2019,MKK,HI,AWP,WE,Federal Contract Tower,0,23,0,0,23,0,79,0,1,80,0,102,0,1,103,0,22,22,125
11/22/2019,MKK,HI,AWP,WE,Federal Contract Tower,0,20,2,2,24,0,82,9,0,91,0,102,11,2,115,2,0,2,117
11/23/2019,MKK,HI,AWP,WE,Federal Contract Tower,0,14,0,0,14,0,58,0,0,58,0,72,0,0,72,0,0,0,72
11/24/2019,MKK,HI,AWP,WE,Federal Contract Tower,0,16,0,0,16,0,60,5,0,65,0,76,5,0,81,6,0,6,87
11/25/2019,MKK,HI,AWP,WE,Federal Contract Tower,0,17,4,0,21,0,91,6,0,97,0,108,10,0,118,2,0,2,120
11/26/2019,MKK,HI,AWP,WE,Federal Contract Tower,0,16,2,0,18,0,80,9,0,89,0,96,11,0,107,0,0,0,107
11/27/2019,MKK,HI,AWP,WE,Federal Contract Tower,0,20,0,0,20,0,104,3,0,107,0,124,3,0,127,0,0,0,127
11/28/2019,MKK,HI,AWP,WE,Federal Contract Tower,0,6,0,0,6,0,35,3,0,38,0,41,3,0,44,0,0,0,44
11/29/2019,MKK,HI,AWP,WE,Federal Contract Tower,0,21,0,0,21,0,76,4,0,80,0,97,4,0,101,0,0,0,101
11/30/2019,MKK,HI,AWP,WE,Federal Contract Tower,0,16,0,0,16,0,86,6,0,92,0,102,6,0,108,0,0,0,108
12/01/2019,MKK,HI,AWP,WE,Federal Contract Tower,0,20,1,2,23,0,81,11,0,92,0,101,12,2,115,10,0,10,125
12/02/2019,MKK,HI,AWP,WE,Federal Contract Tower,0,17,1,0,18,0,113,11,0,124,0,130,12,0,142,0,0,0,142
12/04/2019,MKK,HI,AWP,WE,Federal Contract Tower,0,17,0,0,17,0,92,8,2,102,0,109,8,2,119,0,0,0,119
12/05/2019,MKK,HI,AWP,WE,Federal Contract Tower,0,18,2,1,21,0,85,1,1,87,0,103,3,2,108,0,0,0,108
12/06/2019,MKK,HI,AWP,WE,Federal Contract Tower,0,22,0,0,22,0,87,7,0,94,0,109,7,0,116,0,0,0,116
12/07/2019,MKK,HI,AWP,WE,Federal Contract Tower,0,17,2,0,19,0,74,9,0,83,0,91,11,0,102,0,0,0,102
12/08/2019,MKK,HI,AWP,WE,Federal Contract Tower,0,16,2,0,18,0,66,9,0,75,0,82,11,0,93,0,0,0,93
12/09/2019,MKK,HI,AWP,WE,Federal Contract Tower,0,17,1,2,20,0,87,9,0,96,0,104,10,2,116,0,0,0,116
12/10/2019,MKK,HI,AWP,WE,Federal Contract Tower,0,19,0,0,19,0,100,10,0,110,0,119,10,0,129,0,0,0,129
12/11/2019,MKK,HI,AWP,WE,Federal Contract Tower,0,22,4,2,28,0,96,12,6,114,0,118,16,8,142,0,26,26,168
12/12/2019,MKK,HI,AWP,WE,Federal Contract Tower,0,20,2,0,22,0,103,6,0,109,0,123,8,0,131,0,0,0,131
12/13/2019,MKK,HI,AWP,WE,Federal Contract Tower,0,26,0,0,26,0,83,10,0,93,0,109,10,0,119,0,0,0,119
12/14/2019,MKK,HI,AWP,WE,Federal Contract Tower,0,23,0,2,25,0,93,0,0,93,0,116,0,2,118,0,0,0,118
12/15/2019,MKK,HI,AWP,WE,Federal Contract Tower,0,15,0,0,15,0,85,5,0,90,0,100,5,0,105,0,0,0,105
12/16/2019,MKK,HI,AWP,WE,Federal Contract Tower,0,22,0,2,24,0,97,0,0,97,0,119,0,2,121,0,0,0,121
12/17/2019,MKK,HI,AWP,WE,Federal Contract Tower,0,18,6,1,25,0,101,8,2,111,0,119,14,3,136,0,0,0,136
12/18/2019,MKK,HI,AWP,WE,Federal Contract Tower,0,20,1,0,21,0,74,8,2,84,0,94,9,2,105,0,18,18,123
12/19/2019,MKK,HI,AWP,WE,Federal Contract Tower,0,23,0,2,25,0,78,12,2,92,0,101,12,4,117,0,8,8,125
12/20/2019,MKK,HI,AWP,WE,Federal Contract Tower,0,25,1,0,26,0,91,5,0,96,0,116,6,0,122,0,0,0,122
12/21/2019,MKK,HI,AWP,WE,Federal Contract Tower,0,29,2,0,31,0,64,3,0,67,0,93,5,0,98,0,0,0,98
12/22/2019,MKK,HI,AWP,WE,Federal Contract Tower,0,17,0,0,17,0,70,1,0,71,0,87,1,0,88,0,0,0,88
12/23/2019,MKK,HI,AWP,WE,Federal Contract Tower,0,17,0,4,21,0,98,10,0,108,0,115,10,4,129,0,0,0,129
12/24/2019,MKK,HI,AWP,WE,Federal Contract Tower,0,23,0,0,23,0,108,3,0,111,0,131,3,0,134,0,0,0,134
12/25/2019,MKK,HI,AWP,WE,Federal Contract Tower,0,12,0,0,12,0,25,0,0,25,0,37,0,0,37,0,0,0,37
12/26/2019,MKK,HI,AWP,WE,Federal Contract Tower,0,30,1,0,31,0,66,5,0,71,0,96,6,0,102,4,0,4,106
12/27/2019,MKK,HI,AWP,WE,Federal Contract Tower,0,23,5,0,28,0,97,16,0,113,0,120,21,0,141,0,0,0,141
12/28/2019,MKK,HI,AWP,WE,Federal Contract Tower,0,15,3,0,18,0,88,14,0,102,0,103,17,0,120,0,0,0,120
12/29/2019,MKK,HI,AWP,WE,Federal Contract Tower,0,17,0,0,17,0,76,8,0,84,0,93,8,0,101,0,0,0,101
12/30/2019,MKK,HI,AWP,WE,Federal Contract Tower,0,17,2,0,19,0,91,27,0,118,0,108,29,0,137,0,0,0,137
12/31/2019,MKK,HI,AWP,WE,Federal Contract Tower,0,20,1,0,21,0,98,14,0,112,0,118,15,0,133,0,0,0,133
01/01/2020,MKK,HI,AWP,WE,Federal Contract Tower,0,6,0,0,6,0,45,4,0,49,0,51,4,0,55,0,0,0,55
01/02/2020,MKK,HI,AWP,WE,Federal Contract Tower,0,19,0,0,19,0,87,9,0,96,0,106,9,0,115,0,0,0,115
01/03/2020,MKK,HI,AWP,WE,Federal Contract Tower,0,39,0,0,39,0,71,0,0,71,0,110,0,0,110,0,0,0,110
01/04/2020,MKK,HI,AWP,WE,Federal Contract Tower,0,27,2,0,29,0,82,0,0,82,0,109,2,0,111,10,0,10,121
01/05/2020,MKK,HI,AWP,WE,Federal Contract Tower,0,19,0,0,19,0,69,6,0,75,0,88,6,0,94,0,0,0,94
01/06/2020,MKK,HI,AWP,WE,Federal Contract Tower,0,18,0,0,18,0,102,5,0,107,0,120,5,0,125,4,0,4,129
01/07/2020,MKK,HI,AWP,WE,Federal Contract Tower,0,19,0,0,19,0,98,4,0,102,0,117,4,0,121,0,0,0,121
01/08/2020,MKK,HI,AWP,WE,Federal Contract Tower,0,21,1,0,22,0,101,1,0,102,0,122,2,0,124,0,0,0,124
01/09/2020,MKK,HI,AWP,WE,Federal Contract Tower,0,21,2,0,23,0,78,1,0,79,0,99,3,0,102,0,0,0,102
01/10/2020,MKK,HI,AWP,WE,Federal Contract Tower,0,27,1,0,28,0,92,1,2,95,0,119,2,2,123,0,0,0,123
01/11/2020,MKK,HI,AWP,WE,Federal Contract Tower,0,14,0,0,14,0,78,0,0,78,0,92,0,0,92,0,0,0,92
01/12/2020,MKK,HI,AWP,WE,Federal Contract Tower,0,55,3,0,58,0,26,2,0,28,0,81,5,0,86,0,0,0,86
01/13/2020,MKK,HI,AWP,WE,Federal Contract Tower,0,23,0,0,23,0,92,2,0,94,0,115,2,0,117,0,0,0,117
01/14/2020,MKK,HI,AWP,WE,Federal Contract Tower,0,19,1,0,20,0,95,1,0,96,0,114,2,0,116,0,0,0,116
01/15/2020,MKK,HI,AWP,WE,Federal Contract Tower,0,22,1,0,23,0,93,15,6,114,0,115,16,6,137,0,22,22,159
01/16/2020,MKK,HI,AWP,WE,Federal Contract Tower,0,24,4,0,28,0,96,11,0,107,0,120,15,0,135,0,0,0,135
01/17/2020,MKK,HI,AWP,WE,Federal Contract Tower,0,29,4,0,33,0,77,7,0,84,0,106,11,0,117,0,0,0,117
01/18/2020,MKK,HI,AWP,WE,Federal Contract Tower,0,22,0,0,22,0,77,11,0,88,0,99,11,0,110,0,0,0,110
01/19/2020,MKK,HI,AWP,WE,Federal Contract Tower,0,19,2,0,21,0,71,10,0,81,0,90,12,0,102,8,1,9,111
01/20/2020,MKK,HI,AWP,WE,Federal Contract Tower,0,17,2,0,19,0,87,18,0,105,0,104,20,0,124,0,0,0,124
01/21/2020,MKK,HI,AWP,WE,Federal Contract Tower,0,21,0,2,23,0,77,4,2,83,0,98,4,4,106,0,4,4,110
01/22/2020,MKK,HI,AWP,WE,Federal Contract Tower,0,17,4,2,23,0,91,9,7,107,0,108,13,9,130,0,8,8,138
01/23/2020,MKK,HI,AWP,WE,Federal Contract Tower,0,17,1,4,22,0,107,22,12,141,0,124,23,16,163,0,0,0,163
01/24/2020,MKK,HI,AWP,WE,Federal Contract Tower,0,23,0,4,27,0,75,12,0,87,0,98,12,4,114,0,0,0,114
01/25/2020,MKK,HI,AWP,WE,Federal Contract Tower,0,11,0,0,11,0,85,9,0,94,0,96,9,0,105,4,0,4,109
01/26/2020,MKK,HI,AWP,WE,Federal Contract Tower,0,13,2,0,15,0,70,7,4,81,0,83,9,4,96,2,0,2,98
01/27/2020,MKK,HI,AWP,WE,Federal Contract Tower,0,20,0,1,21,0,98,12,4,114,0,118,12,5,135,0,0,0,135
01/28/2020,MKK,HI,AWP,WE,Federal Contract Tower,0,18,3,1,22,0,92,14,1,107,0,110,17,2,129,4,0,4,133
01/29/2020,MKK,HI,AWP,WE,Federal Contract Tower,0,16,0,0,16,0,86,10,0,96,0,102,10,0,112,6,0,6,118
01/30/2020,MKK,HI,AWP,WE,Federal Contract Tower,0,19,0,1,20,0,72,7,2,81,0,91,7,3,101,0,0,0,101
01/31/2020,MKK,HI,AWP,WE,Federal Contract Tower,0,20,0,0,20,0,91,3,0,94,0,111,3,0,114,0,0,0,114
02/01/2020,MKK,HI,AWP,WE,Federal Contract Tower,0,18,3,0,21,0,94,13,0,107,0,112,16,0,128,8,0,8,136
02/02/2020,MKK,HI,AWP,WE,Federal Contract Tower,0,15,0,0,15,0,61,3,0,64,0,76,3,0,79,0,0,0,79
02/03/2020,MKK,HI,AWP,WE,Federal Contract Tower,0,18,2,0,20,0,78,7,0,85,0,96,9,0,105,0,0,0,105
02/04/2020,MKK,HI,AWP,WE,Federal Contract Tower,0,18,3,0,21,0,87,8,4,99,0,105,11,4,120,0,0,0,120
02/05/2020,MKK,HI,AWP,WE,Federal Contract Tower,0,18,0,2,20,0,81,5,0,86,0,99,5,2,106,0,0,0,106
02/06/2020,MKK,HI,AWP,WE,Federal Contract Tower,0,49,0,2,51,0,66,0,8,74,0,115,0,10,125,4,4,8,133
02/07/2020,MKK,HI,AWP,WE,Federal Contract Tower,0,20,0,0,20,0,84,14,0,98,0,104,14,0,118,0,6,6,124
02/08/2020,MKK,HI,AWP,WE,Federal Contract Tower,0,19,2,0,21,0,82,3,0,85,0,101,5,0,106,0,0,0,106
02/09/2020,MKK,HI,AWP,WE,Federal Contract Tower,0,19,2,0,21,0,63,8,0,71,0,82,10,0,92,0,0,0,92
02/10/2020,MKK,HI,AWP,WE,Federal Contract Tower,0,27,0,0,27,0,74,1,0,75,0,101,1,0,102,0,0,0,102
02/11/2020,MKK,HI,AWP,WE,Federal Contract Tower,0,20,0,0,20,0,73,9,2,84,0,93,9,2,104,0,10,10,114
02/12/2020,MKK,HI,AWP,WE,Federal Contract Tower,0,16,0,0,16,0,82,10,0,92,0,98,10,0,108,8,0,8,116
02/13/2020,MKK,HI,AWP,WE,Federal Contract Tower,0,17,4,0,21,0,78,11,0,89,0,95,15,0,110,0,0,0,110
02/14/2020,MKK,HI,AWP,WE,Federal Contract Tower,0,32,4,0,36,0,92,35,0,127,0,124,39,0,163,2,0,2,165
02/15/2020,MKK,HI,AWP,WE,Federal Contract Tower,0,23,0,0,23,0,80,13,0,93,0,103,13,0,116,0,0,0,116
02/16/2020,MKK,HI,AWP,WE,Federal Contract Tower,0,18,1,0,19,0,69,4,0,73,0,87,5,0,92,8,0,8,100
02/17/2020,MKK,HI,AWP,WE,Federal Contract Tower,0,23,0,0,23,0,78,7,0,85,0,101,7,0,108,8,0,8,116
02/18/2020,MKK,HI,AWP,WE,Federal Contract Tower,0,16,0,2,18,0,95,5,1,101,0,111,5,3,119,2,2,4,123
02/19/2020,MKK,HI,AWP,WE,Federal Contract Tower,0,22,0,2,24,0,87,2,2,91,0,109,2,4,115,0,18,18,133
02/20/2020,MKK,HI,AWP,WE,Federal Contract Tower,0,16,0,0,16,0,91,5,0,96,0,107,5,0,112,0,0,0,112
02/21/2020,MKK,HI,AWP,WE,Federal Contract Tower,0,16,0,0,16,0,82,8,0,90,0,98,8,0,106,0,0,0,106
02/22/2020,MKK,HI,AWP,WE,Federal Contract Tower,0,20,0,0,20,0,77,18,0,95,0,97,18,0,115,8,0,8,123
02/23/2020,MKK,HI,AWP,WE,Federal Contract Tower,0,18,4,0,22,0,74,13,0,87,0,92,17,0,109,0,0,0,109
02/24/2020,MKK,HI,AWP,WE,Federal Contract Tower,0,17,2,0,19,0,87,14,0,101,0,104,16,0,120,0,0,0,120
02/25/2020,MKK,HI,AWP,WE,Federal Contract Tower,0,23,2,2,27,0,88,7,1,96,0,111,9,3,123,0,0,0,123
02/26/2020,MKK,HI,AWP,WE,Federal Contract Tower,0,19,0,1,20,0,91,0,1,92,0,110,0,2,112,0,0,0,112
02/27/2020,MKK,HI,AWP,WE,Federal Contract Tower,0,18,0,1,19,0,94,11,5,110,0,112,11,6,129,0,16,16,145
02/28/2020,MKK,HI,AWP,WE,Federal Contract Tower,0,20,2,0,22,0,88,6,2,96,0,108,8,2,118,0,0,0,118
02/29/2020,MKK,HI,AWP,WE,Federal Contract Tower,0,20,0,0,20,0,83,2,0,85,0,103,2,0,105,0,0,0,105
03/01/2020,MKK,HI,AWP,WE,Federal Contract Tower,0,15,0,0,15,0,80,4,0,84,0,95,4,0,99,0,0,0,99
03/02/2020,MKK,HI,AWP,WE,Federal Contract Tower,0,17,0,2,19,0,90,6,0,96,0,107,6,2,115,0,0,0,115
03/03/2020,MKK,HI,AWP,WE,Federal Contract Tower,0,25,0,1,26,3,99,14,4,120,3,124,14,5,146,20,28,48,194
03/04/2020,MKK,HI,AWP,WE,Federal Contract Tower,0,19,1,0,20,0,89,17,4,110,0,108,18,4,130,18,8,26,156
03/05/2020,MKK,HI,AWP,WE,Federal Contract Tower,0,15,1,1,17,0,89,6,1,96,0,104,7,2,113,0,0,0,113
03/06/2020,MKK,HI,AWP,WE,Federal Contract Tower,0,30,1,0,31,0,73,1,0,74,0,103,2,0,105,0,0,0,105
03/07/2020,MKK,HI,AWP,WE,Federal Contract Tower,0,11,0,0,11,0,54,0,0,54,0,65,0,0,65,0,0,0,65
03/08/2020,MKK,HI,AWP,WE,Federal Contract Tower,0,18,0,0,18,0,70,7,0,77,0,88,7,0,95,4,0,4,99
03/09/2020,MKK,HI,AWP,WE,Federal Contract Tower,0,25,2,0,27,0,69,10,0,79,0,94,12,0,106,4,0,4,110
03/10/2020,MKK,HI,AWP,WE,Federal Contract Tower,0,21,0,1,22,0,91,15,3,109,0,112,15,4,131,8,0,8,139
03/11/2020,MKK,HI,AWP,WE,Federal Contract Tower,0,13,0,3,16,0,78,3,7,88,0,91,3,10,104,0,0,0,104
03/12/2020,MKK,HI,AWP,WE,Federal Contract Tower,0,34,1,2,37,0,80,3,2,85,0,114,4,4,122,0,18,18,140
03/13/2020,MKK,HI,AWP,WE,Federal Contract Tower,0,26,0,1,27,0,89,5,2,96,0,115,5,3,123,4,0,4,127
03/14/2020,MKK,HI,AWP,WE,Federal Contract Tower,0,18,0,0,18,0,63,13,0,76,0,81,13,0,94,0,0,0,94
03/15/2020,MKK,HI,AWP,WE,Federal Contract Tower,0,22,2,0,24,0,57,8,0,65,0,79,10,0,89,0,0,0,89
03/16/2020,MKK,HI,AWP,WE,Federal Contract Tower,0,22,0,0,22,0,71,1,0,72,0,93,1,0,94,0,0,0,94
03/17/2020,MKK,HI,AWP,WE,Federal Contract Tower,0,30,0,0,30,0,40,2,0,42,0,70,2,0,72,0,0,0,72
03/18/2020,MKK,HI,AWP,WE,Federal Contract Tower,0,25,0,0,25,0,72,2,22,96,0,97,2,22,121,0,8,8,129
03/19/2020,MKK,HI,AWP,WE,Federal Contract Tower,0,22,1,0,23,0,78,2,0,80,0,100,3,0,103,0,16,16,119
03/20/2020,MKK,HI,AWP,WE,Federal Contract Tower,0,21,0,0,21,0,67,8,0,75,0,88,8,0,96,4,0,4,100
03/21/2020,MKK,HI,AWP,WE,Federal Contract Tower,0,10,4,0,14,0,47,12,0,59,0,57,16,0,73,12,0,12,85
03/22/2020,MKK,HI,AWP,WE,Federal Contract Tower,0,11,0,0,11,0,34,1,0,35,0,45,1,0,46,0,0,0,46
03/23/2020,MKK,HI,AWP,WE,Federal Contract Tower,0,12,0,0,12,0,55,0,0,55,0,67,0,0,67,0,0,0,67
03/24/2020,MKK,HI,AWP,WE,Federal Contract Tower,0,17,0,0,17,0,54,3,6,63,0,71,3,6,80,0,20,20,100
03/25/2020,MKK,HI,AWP,WE,Federal Contract Tower,0,16,0,0,16,0,46,2,6,54,0,62,2,6,70,0,6,6,76
03/26/2020,MKK,HI,AWP,WE,Federal Contract Tower,0,14,0,0,14,0,41,0,0,41,0,55,0,0,55,0,0,0,55
03/27/2020,MKK,HI,AWP,WE,Federal Contract Tower,0,12,0,0,12,0,39,2,0,41,0,51,2,0,53,8,0,8,61
03/28/2020,MKK,HI,AWP,WE,Federal Contract Tower,0,10,0,0,10,0,37,4,0,41,0,47,4,0,51,2,0,2,53
03/29/2020,MKK,HI,AWP,WE,Federal Contract Tower,0,7,0,0,7,0,24,12,0,36,0,31,12,0,43,6,0,6,49
03/30/2020,MKK,HI,AWP,WE,Federal Contract Tower,0,7,2,0,9,0,24,4,0,28,0,31,6,0,37,4,0,4,41
03/31/2020,MKK,HI,AWP,WE,Federal Contract Tower,0,13,2,0,15,0,28,1,0,29,0,41,3,0,44,0,0,0,44
04/01/2020,MKK,HI,AWP,WE,Federal Contract Tower,0,6,0,0,6,0,28,8,0,36,0,34,8,0,42,6,0,6,48
04/02/2020,MKK,HI,AWP,WE,Federal Contract Tower,0,8,0,0,8,0,38,6,0,44,0,46,6,0,52,6,0,6,58
04/03/2020,MKK,HI,AWP,WE,Federal Contract Tower,0,8,0,0,8,0,35,21,1,57,0,43,21,1,65,4,0,4,69
04/04/2020,MKK,HI,AWP,WE,Federal Contract Tower,0,4,1,0,5,0,9,16,0,25,0,13,17,0,30,0,0,0,30
04/05/2020,MKK,HI,AWP,WE,Federal Contract Tower,0,4,0,0,4,0,17,12,0,29,0,21,12,0,33,26,0,26,59
04/06/2020,MKK,HI,AWP,WE,Federal Contract Tower,0,8,0,0,8,0,27,1,0,28,0,35,1,0,36,7,0,7,43
04/07/2020,MKK,HI,AWP,WE,Federal Contract Tower,0,10,1,0,11,0,33,3,1,37,0,43,4,1,48,1,0,1,49
04/08/2020,MKK,HI,AWP,WE,Federal Contract Tower,0,12,0,1,13,0,36,0,0,36,0,48,0,1,49,14,0,14,63
04/09/2020,MKK,HI,AWP,WE,Federal Contract Tower,0,8,1,1,10,0,24,5,2,31,0,32,6,3,41,2,0,2,43
04/10/2020,MKK,HI,AWP,WE,Federal Contract Tower,0,11,1,1,13,0,37,7,1,45,0,48,8,2,58,0,0,0,58
04/11/2020,MKK,HI,AWP,WE,Federal Contract Tower,0,5,0,0,5,0,19,3,0,22,0,24,3,0,27,2,0,2,29
04/12/2020,MKK,HI,AWP,WE,Federal Contract Tower,0,5,0,0,5,0,20,4,0,24,0,25,4,0,29,8,0,8,37
04/13/2020,MKK,HI,AWP,WE,Federal Contract Tower,0,13,0,0,13,0,27,2,2,31,0,40,2,2,44,0,0,0,44
04/14/2020,MKK,HI,AWP,WE,Federal Contract Tower,0,12,0,0,12,0,26,0,4,30,0,38,0,4,42,0,18,18,60
04/15/2020,MKK,HI,AWP,WE,Federal Contract Tower,0,8,0,0,8,0,36,8,0,44,0,44,8,0,52,0,0,0,52
04/16/2020,MKK,HI,AWP,WE,Federal Contract Tower,0,11,4,0,15,0,49,11,2,62,0,60,15,2,77,4,0,4,81
04/17/2020,MKK,HI,AWP,WE,Federal Contract Tower,0,8,2,2,12,0,44,11,7,62,0,52,13,9,74,0,0,0,74
04/18/2020,MKK,HI,AWP,WE,Federal Contract Tower,0,5,1,0,6,0,19,4,0,23,0,24,5,0,29,2,0,2,31
04/19/2020,MKK,HI,AWP,WE,Federal Contract Tower,0,4,0,0,4,0,20,12,0,32,0,24,12,0,36,6,0,6,42
04/20/2020,MKK,HI,AWP,WE,Federal Contract Tower,0,7,2,2,11,0,38,14,0,52,0,45,16,2,63,10,0,10,73
04/21/2020,MKK,HI,AWP,WE,Federal Contract Tower,0,10,0,0,10,0,40,6,0,46,0,50,6,0,56,6,0,6,62
04/22/2020,MKK,HI,AWP,WE,Federal Contract Tower,0,7,0,2,9,0,32,9,2,43,0,39,9,4,52,0,0,0,52
04/23/2020,MKK,HI,AWP,WE,Federal Contract Tower,0,12,3,3,18,0,35,1,1,37,0,47,4,4,55,0,0,0,55
04/24/2020,MKK,HI,AWP,WE,Federal Contract Tower,0,10,5,0,15,0,26,2,4,32,0,36,7,4,47,0,10,10,57
04/25/2020,MKK,HI,AWP,WE,Federal Contract Tower,0,5,0,0,5,0,15,4,2,21,0,20,4,2,26,6,0,6,32
04/26/2020,MKK,HI,AWP,WE,Federal Contract Tower,0,5,1,0,6,0,20,3,0,23,0,25,4,0,29,0,0,0,29
04/27/2020,MKK,HI,AWP,WE,Federal Contract Tower,0,7,1,0,8,0,39,15,4,58,0,46,16,4,66,2,4,6,72
04/28/2020,MKK,HI,AWP,WE,Federal Contract Tower,0,7,0,0,7,0,35,6,0,41,0,42,6,0,48,0,0,0,48
04/29/2020,MKK,HI,AWP,WE,Federal Contract Tower,0,9,2,2,13,0,33,6,0,39,0,42,8,2,52,0,0,0,52
04/30/2020,MKK,HI,AWP,WE,Federal Contract Tower,0,11,0,2,13,0,28,5,0,33,0,39,5,2,46,0,0,0,46
05/01/2020,MKK,HI,AWP,WE,Federal Contract Tower,0,7,1,0,8,0,33,5,2,40,0,40,6,2,48,6,0,6,54
05/02/2020,MKK,HI,AWP,WE,Federal Contract Tower,0,4,2,0,6,0,13,3,0,16,0,17,5,0,22,6,0,6,28
05/04/2020,MKK,HI,AWP,WE,Federal Contract Tower,0,6,0,0,6,0,39,5,0,44,0,45,5,0,50,0,0,0,50
05/05/2020,MKK,HI,AWP,WE,Federal Contract Tower,0,7,1,1,9,0,32,18,1,51,0,39,19,2,60,4,0,4,64
05/06/2020,MKK,HI,AWP,WE,Federal Contract Tower,0,11,0,0,11,0,39,4,0,43,0,50,4,0,54,0,0,0,54
05/07/2020,MKK,HI,AWP,WE,Federal Contract Tower,0,6,2,0,8,0,28,12,1,41,0,34,14,1,49,8,0,8,57
05/08/2020,MKK,HI,AWP,WE,Federal Contract Tower,0,9,5,2,16,0,43,12,2,57,0,52,17,4,73,0,0,0,73
05/09/2020,MKK,HI,AWP,WE,Federal Contract Tower,0,6,0,0,6,0,15,15,0,30,0,21,15,0,36,8,0,8,44
05/10/2020,MKK,HI,AWP,WE,Federal Contract Tower,0,4,0,0,4,0,25,7,0,32,0,29,7,0,36,8,0,8,44
05/11/2020,MKK,HI,AWP,WE,Federal Contract Tower,0,8,0,0,8,0,44,1,4,49,0,52,1,4,57,0,0,0,57
05/12/2020,MKK,HI,AWP,WE,Federal Contract Tower,0,10,0,0,10,0,37,3,0,40,0,47,3,0,50,0,0,0,50
05/13/2020,MKK,HI,AWP,WE,Federal Contract Tower,0,8,0,0,8,0,45,6,0,51,0,53,6,0,59,2,0,2,61
05/14/2020,MKK,HI,AWP,WE,Federal Contract Tower,0,11,1,0,12,0,42,6,0,48,0,53,7,0,60,0,0,0,60
05/15/2020,MKK,HI,AWP,WE,Federal Contract Tower,0,14,0,2,16,0,55,14,0,69,0,69,14,2,85,6,0,6,91
05/16/2020,MKK,HI,AWP,WE,Federal Contract Tower,0,4,0,0,4,0,13,8,0,21,0,17,8,0,25,2,0,2,27
05/18/2020,MKK,HI,AWP,WE,Federal Contract Tower,0,14,0,0,14,0,33,0,0,33,0,47,0,0,47,0,0,0,47
05/19/2020,MKK,HI,AWP,WE,Federal Contract Tower,0,6,0,0,6,0,31,0,2,33,0,37,0,2,39,0,0,0,39
05/20/2020,MKK,HI,AWP,WE,Federal Contract Tower,0,8,3,0,11,0,37,2,0,39,0,45,5,0,50,0,0,0,50
05/21/2020,MKK,HI,AWP,WE,Federal Contract Tower,0,13,1,0,14,0,38,2,0,40,0,51,3,0,54,0,0,0,54
05/22/2020,MKK,HI,AWP,WE,Federal Contract Tower,0,12,0,0,12,0,0,0,0,0,0,12,0,0,12,10,0,10,22
05/23/2020,MKK,HI,AWP,WE,Federal Contract Tower,0,6,1,0,7,0,13,9,0,22,0,19,10,0,29,2,0,2,31
05/24/2020,MKK,HI,AWP,WE,Federal Contract Tower,0,7,4,0,11,0,27,13,0,40,0,34,17,0,51,0,0,0,51
05/25/2020,MKK,HI,AWP,WE,Federal Contract Tower,0,6,0,0,6,0,15,24,0,39,0,21,24,0,45,2,0,2,47
05/26/2020,MKK,HI,AWP,WE,Federal Contract Tower,0,7,0,0,7,0,30,4,0,34,0,37,4,0,41,0,0,0,41
05/27/2020,MKK,HI,AWP,WE,Federal Contract Tower,0,10,1,0,11,0,31,12,1,44,0,41,13,1,55,6,0,6,61
05/28/2020,MKK,HI,AWP,WE,Federal Contract Tower,0,8,4,2,14,0,36,6,0,42,0,44,10,2,56,6,0,6,62
05/29/2020,MKK,HI,AWP,WE,Federal Contract Tower,0,10,1,0,11,0,47,12,2,61,0,57,13,2,72,10,4,14,86
05/30/2020,MKK,HI,AWP,WE,Federal Contract Tower,0,7,0,0,7,0,22,6,0,28,0,29,6,0,35,6,0,6,41
05/31/2020,MKK,HI,AWP,WE,Federal Contract Tower,0,8,0,0,8,0,39,5,0,44,0,47,5,0,52,0,0,0,52
06/01/2020,MKK,HI,AWP,WE,Federal Contract Tower,0,8,0,0,8,0,40,6,0,46,0,48,6,0,54,4,0,4,58
06/02/2020,MKK,HI,AWP,WE,Federal Contract Tower,0,7,2,0,9,0,47,4,0,51,0,54,6,0,60,2,0,2,62
06/03/2020,MKK,HI,AWP,WE,Federal Contract Tower,0,12,5,0,17,0,10,8,8,26,0,22,13,8,43,10,0,10,53
06/04/2020,MKK,HI,AWP,WE,Federal Contract Tower,0,7,0,0,7,0,7,19,0,26,0,14,19,0,33,16,0,16,49
06/05/2020,MKK,HI,AWP,WE,Federal Contract Tower,0,9,2,0,11,0,39,13,0,52,0,48,15,0,63,2,0,2,65
06/06/2020,MKK,HI,AWP,WE,Federal Contract Tower,0,8,4,0,12,0,14,3,0,17,0,22,7,0,29,0,0,0,29
06/07/2020,MKK,HI,AWP,WE,Federal Contract Tower,0,7,0,0,7,0,45,8,0,53,0,52,8,0,60,0,0,0,60
06/08/2020,MKK,HI,AWP,WE,Federal Contract Tower,0,11,0,0,11,0,8,0,0,8,0,19,0,0,19,16,0,16,35
06/09/2020,MKK,HI,AWP,WE,Federal Contract Tower,0,9,0,0,9,0,0,0,0,0,0,9,0,0,9,0,0,0,9
06/10/2020,MKK,HI,AWP,WE,Federal Contract Tower,0,10,0,0,10,0,0,0,0,0,0,10,0,0,10,0,0,0,10
06/11/2020,MKK,HI,AWP,WE,Federal Contract Tower,0,10,4,6,20,0,42,6,0,48,0,52,10,6,68,0,0,0,68
06/12/2020,MKK,HI,AWP,WE,Federal Contract Tower,0,9,0,0,9,0,37,8,0,45,0,46,8,0,54,10,0,10,64
06/13/2020,MKK,HI,AWP,WE,Federal Contract Tower,0,9,0,0,9,0,16,7,0,23,0,25,7,0,32,0,5,5,37
06/14/2020,MKK,HI,AWP,WE,Federal Contract Tower,0,6,0,0,6,0,28,4,2,34,0,34,4,2,40,4,0,4,44
06/15/2020,MKK,HI,AWP,WE,Federal Contract Tower,0,10,4,0,14,0,4,12,1,17,0,14,16,1,31,6,0,6,37
06/16/2020,MKK,HI,AWP,WE,Federal Contract Tower,0,17,0,0,17,0,0,0,0,0,0,17,0,0,17,0,4,4,21
06/17/2020,MKK,HI,AWP,WE,Federal Contract Tower,0,13,8,1,22,0,49,22,5,76,0,62,30,6,98,8,0,8,106
06/18/2020,MKK,HI,AWP,WE,Federal Contract Tower,0,14,0,2,16,0,56,2,0,58,0,70,2,2,74,2,0,2,76
06/19/2020,MKK,HI,AWP,WE,Federal Contract Tower,0,27,0,0,27,0,76,5,5,86,0,103,5,5,113,0,0,0,113
06/20/2020,MKK,HI,AWP,WE,Federal Contract Tower,0,23,4,0,27,0,39,11,0,50,0,62,15,0,77,6,0,6,83
06/22/2020,MKK,HI,AWP,WE,Federal Contract Tower,0,15,0,0,15,0,83,12,2,97,0,98,12,2,112,4,0,4,116
06/23/2020,MKK,HI,AWP,WE,Federal Contract Tower,0,13,2,2,17,0,0,0,0,0,0,13,2,2,17,6,0,6,23
06/24/2020,MKK,HI,AWP,WE,Federal Contract Tower,0,19,0,2,21,0,0,0,0,0,0,19,0,2,21,6,0,6,27
06/25/2020,MKK,HI,AWP,WE,Federal Contract Tower,0,10,0,2,12,0,56,10,0,66,0,66,10,2,78,8,0,8,86
06/26/2020,MKK,HI,AWP,WE,Federal Contract Tower,0,9,0,0,9,0,59,23,2,84,0,68,23,2,93,8,0,8,101
06/27/2020,MKK,HI,AWP,WE,Federal Contract Tower,0,10,2,0,12,0,52,17,1,70,0,62,19,1,82,0,0,0,82
06/28/2020,MKK,HI,AWP,WE,Federal Contract Tower,0,15,0,0,15,0,51,19,0,70,0,66,19,0,85,6,0,6,91
06/29/2020,MKK,HI,AWP,WE,Federal Contract Tower,0,11,0,0,11,0,85,16,2,103,0,96,16,2,114,6,0,6,120
06/30/2020,MKK,HI,AWP,WE,Federal Contract Tower,0,11,0,2,13,0,89,18,0,107,0,100,18,2,120,6,0,6,126
07/01/2020,MKK,HI,AWP,WE,Federal Contract Tower,0,13,0,0,13,0,56,26,2,84,0,69,26,2,97,28,0,28,125
07/02/2020,MKK,HI,AWP,WE,Federal Contract Tower,0,15,2,0,17,0,62,2,0,64,0,77,4,0,81,0,0,0,81
07/03/2020,MKK,HI,AWP,WE,Federal Contract Tower,0,18,0,0,18,0,70,14,6,90,0,88,14,6,108,16,0,16,124
07/04/2020,MKK,HI,AWP,WE,Federal Contract Tower,0,19,0,0,19,0,54,27,0,81,0,73,27,0,100,2,0,2,102
07/05/2020,MKK,HI,AWP,WE,Federal Contract Tower,0,14,0,0,14,0,58,26,0,84,0,72,26,0,98,8,0,8,106
07/06/2020,MKK,HI,AWP,WE,Federal Contract Tower,0,12,2,0,14,0,91,24,0,115,0,103,26,0,129,4,0,4,133
07/07/2020,MKK,HI,AWP,WE,Federal Contract Tower,0,14,0,0,14,0,86,7,2,95,0,100,7,2,109,0,2,2,111
07/08/2020,MKK,HI,AWP,WE,Federal Contract Tower,0,14,0,0,14,0,66,7,2,75,0,80,7,2,89,0,8,8,97
07/09/2020,MKK,HI,AWP,WE,Federal Contract Tower,0,13,0,4,17,0,64,5,0,69,0,77,5,4,86,8,0,8,94
07/10/2020,MKK,HI,AWP,WE,Federal Contract Tower,0,15,1,2,18,0,75,29,10,114,0,90,30,12,132,4,0,4,136
07/11/2020,MKK,HI,AWP,WE,Federal Contract Tower,0,13,0,0,13,0,46,18,0,64,0,59,18,0,77,2,6,8,85
07/12/2020,MKK,HI,AWP,WE,Federal Contract Tower,0,12,2,0,14,0,55,24,0,79,0,67,26,0,93,4,0,4,97
07/13/2020,MKK,HI,AWP,WE,Federal Contract Tower,0,16,0,0,16,0,74,4,7,85,0,90,4,7,101,0,0,0,101
07/14/2020,MKK,HI,AWP,WE,Federal Contract Tower,0,16,0,1,17,0,73,14,1,88,0,89,14,2,105,14,0,14,119
07/15/2020,MKK,HI,AWP,WE,Federal Contract Tower,0,17,2,0,19,0,64,13,4,81,0,81,15,4,100,6,0,6,106
07/16/2020,MKK,HI,AWP,WE,Federal Contract Tower,0,14,4,2,20,0,78,19,10,107,0,92,23,12,127,12,0,12,139
07/17/2020,MKK,HI,AWP,WE,Federal Contract Tower,0,11,2,0,13,0,82,14,4,100,0,93,16,4,113,4,0,4,117
07/18/2020,MKK,HI,AWP,WE,Federal Contract Tower,0,12,0,0,12,0,48,10,4,62,0,60,10,4,74,8,0,8,82
07/19/2020,MKK,HI,AWP,WE,Federal Contract Tower,0,14,0,0,14,0,30,5,0,35,0,44,5,0,49,0,0,0,49
07/20/2020,MKK,HI,AWP,WE,Federal Contract Tower,0,16,0,0,16,0,81,9,2,92,0,97,9,2,108,4,0,4,112
07/21/2020,MKK,HI,AWP,WE,Federal Contract Tower,0,11,0,0,11,0,71,17,0,88,0,82,17,0,99,2,0,2,101
07/22/2020,MKK,HI,AWP,WE,Federal Contract Tower,0,16,0,0,16,0,69,12,0,81,0,85,12,0,97,0,0,0,97
07/23/2020,MKK,HI,AWP,WE,Federal Contract Tower,0,8,0,0,8,0,57,13,2,72,0,65,13,2,80,0,10,10,90
07/24/2020,MKK,HI,AWP,WE,Federal Contract Tower,0,9,1,0,10,0,69,7,1,77,0,78,8,1,87,16,0,16,103
07/25/2020,MKK,HI,AWP,WE,Federal Contract Tower,0,5,0,0,5,0,38,7,0,45,0,43,7,0,50,0,0,0,50
07/26/2020,MKK,HI,AWP,WE,Federal Contract Tower,0,0,0,0,0,0,0,0,0,0,0,0,0,0,0,0,0,0,0
07/27/2020,MKK,HI,AWP,WE,Federal Contract Tower,0,15,2,0,17,0,74,0,1,75,0,89,2,1,92,0,0,0,92
07/28/2020,MKK,HI,AWP,WE,Federal Contract Tower,0,13,0,2,15,0,68,0,4,72,0,81,0,6,87,4,0,4,91
07/30/2020,MKK,HI,AWP,WE,Federal Contract Tower,0,9,2,2,13,0,68,6,2,76,0,77,8,4,89,0,0,0,89
07/31/2020,MKK,HI,AWP,WE,Federal Contract Tower,0,12,3,0,15,0,71,13,2,86,0,83,16,2,101,0,0,0,101
08/01/2020,MKK,HI,AWP,WE,Federal Contract Tower,0,13,0,0,13,0,37,32,0,69,0,50,32,0,82,4,10,14,96
08/02/2020,MKK,HI,AWP,WE,Federal Contract Tower,0,15,0,0,15,0,55,18,0,73,0,70,18,0,88,4,0,4,92
08/03/2020,MKK,HI,AWP,WE,Federal Contract Tower,0,11,1,0,12,0,49,28,0,77,0,60,29,0,89,10,0,10,99
08/04/2020,MKK,HI,AWP,WE,Federal Contract Tower,0,17,0,0,17,0,49,5,3,57,0,66,5,3,74,0,0,0,74
08/05/2020,MKK,HI,AWP,WE,Federal Contract Tower,0,12,0,0,12,0,44,16,0,60,0,56,16,0,72,0,0,0,72
08/06/2020,MKK,HI,AWP,WE,Federal Contract Tower,0,12,4,2,18,0,46,11,0,57,0,58,15,2,75,0,14,14,89
08/07/2020,MKK,HI,AWP,WE,Federal Contract Tower,0,12,2,2,16,0,52,17,0,69,0,64,19,2,85,0,0,0,85
08/08/2020,MKK,HI,AWP,WE,Federal Contract Tower,0,12,0,0,12,0,35,0,0,35,0,47,0,0,47,0,0,0,47
08/10/2020,MKK,HI,AWP,WE,Federal Contract Tower,0,8,1,0,9,0,52,24,0,76,0,60,25,0,85,0,0,0,85
08/11/2020,MKK,HI,AWP,WE,Federal Contract Tower,0,12,0,0,12,0,44,6,0,50,0,56,6,0,62,0,0,0,62
08/12/2020,MKK,HI,AWP,WE,Federal Contract Tower,0,14,1,5,20,0,36,4,0,40,0,50,5,5,60,14,0,14,74
08/14/2020,MKK,HI,AWP,WE,Federal Contract Tower,0,11,4,0,15,0,35,8,0,43,0,46,12,0,58,0,0,0,58
08/16/2020,MKK,HI,AWP,WE,Federal Contract Tower,0,8,3,0,11,0,17,11,0,28,0,25,14,0,39,4,4,8,47
08/17/2020,MKK,HI,AWP,WE,Federal Contract Tower,0,11,0,0,11,0,40,2,0,42,0,51,2,0,53,0,0,0,53
08/20/2020,MKK,HI,AWP,WE,Federal Contract Tower,0,9,2,0,11,0,40,4,8,52,0,49,6,8,63,4,22,26,89
08/21/2020,MKK,HI,AWP,WE,Federal Contract Tower,0,8,1,0,9,0,34,6,0,40,0,42,7,0,49,4,0,4,53
08/22/2020,MKK,HI,AWP,WE,Federal Contract Tower,0,8,0,0,8,0,23,14,0,37,0,31,14,0,45,2,12,14,59
08/23/2020,MKK,HI,AWP,WE,Federal Contract Tower,0,6,2,0,8,0,20,6,0,26,0,26,8,0,34,8,0,8,42
08/24/2020,MKK,HI,AWP,WE,Federal Contract Tower,0,13,4,0,17,0,69,15,4,88,0,82,19,4,105,14,0,14,119
08/25/2020,MKK,HI,AWP,WE,Federal Contract Tower,0,10,2,0,12,0,53,17,0,70,0,63,19,0,82,6,0,6,88
08/26/2020,MKK,HI,AWP,WE,Federal Contract Tower,0,17,2,2,21,0,45,8,6,59,0,62,10,8,80,10,2,12,92
08/27/2020,MKK,HI,AWP,WE,Federal Contract Tower,0,14,2,0,16,0,38,24,2,64,0,52,26,2,80,0,16,16,96
08/28/2020,MKK,HI,AWP,WE,Federal Contract Tower,0,8,5,0,13,0,28,12,0,40,0,36,17,0,53,2,0,2,55
08/29/2020,MKK,HI,AWP,WE,Federal Contract Tower,0,7,0,0,7,0,17,9,0,26,0,24,9,0,33,0,0,0,33
08/30/2020,MKK,HI,AWP,WE,Federal Contract Tower,0,7,0,0,7,0,5,17,0,22,0,12,17,0,29,15,0,15,44
08/31/2020,MKK,HI,AWP,WE,Federal Contract Tower,0,13,2,0,15,0,41,0,0,41,0,54,2,0,56,0,0,0,56
09/01/2020,MKK,HI,AWP,WE,Federal Contract Tower,0,10,3,0,13,0,48,5,2,55,0,58,8,2,68,0,32,32,100
09/02/2020,MKK,HI,AWP,WE,Federal Contract Tower,0,12,1,0,13,0,21,10,0,31,0,33,11,0,44,0,0,0,44
09/03/2020,MKK,HI,AWP,WE,Federal Contract Tower,0,9,1,0,10,0,40,8,0,48,0,49,9,0,58,0,0,0,58
09/04/2020,MKK,HI,AWP,WE,Federal Contract Tower,0,9,0,0,9,0,26,9,0,35,0,35,9,0,44,0,0,0,44
09/05/2020,MKK,HI,AWP,WE,Federal Contract Tower,0,4,0,0,4,0,16,3,0,19,0,20,3,0,23,16,0,16,39
09/06/2020,MKK,HI,AWP,WE,Federal Contract Tower,0,5,0,0,5,0,13,12,0,25,0,18,12,0,30,10,4,14,44
09/07/2020,MKK,HI,AWP,WE,Federal Contract Tower,0,14,0,0,14,0,13,12,0,25,0,27,12,0,39,4,0,4,43
09/08/2020,MKK,HI,AWP,WE,Federal Contract Tower,0,14,2,4,20,0,43,14,2,59,0,57,16,6,79,0,0,0,79
09/09/2020,MKK,HI,AWP,WE,Federal Contract Tower,0,7,0,0,7,0,27,8,0,35,0,34,8,0,42,4,0,4,46
09/10/2020,MKK,HI,AWP,WE,Federal Contract Tower,0,8,4,0,12,0,28,9,2,39,0,36,13,2,51,4,0,4,55
09/11/2020,MKK,HI,AWP,WE,Federal Contract Tower,0,10,0,0,10,0,29,11,2,42,0,39,11,2,52,0,0,0,52
09/12/2020,MKK,HI,AWP,WE,Federal Contract Tower,0,7,0,0,7,0,22,4,0,26,0,29,4,0,33,4,0,4,37
09/13/2020,MKK,HI,AWP,WE,Federal Contract Tower,0,10,4,0,14,0,17,7,0,24,0,27,11,0,38,8,0,8,46
09/14/2020,MKK,HI,AWP,WE,Federal Contract Tower,0,11,4,0,15,0,31,6,0,37,0,42,10,0,52,0,0,0,52
09/15/2020,MKK,HI,AWP,WE,Federal Contract Tower,0,11,5,0,16,0,29,14,0,43,0,40,19,0,59,4,0,4,63
09/16/2020,MKK,HI,AWP,WE,Federal Contract Tower,0,8,1,0,9,0,24,12,0,36,0,32,13,0,45,3,4,7,52
09/17/2020,MKK,HI,AWP,WE,Federal Contract Tower,0,11,3,1,15,0,19,8,1,28,0,30,11,2,43,5,0,5,48
09/18/2020,MKK,HI,AWP,WE,Federal Contract Tower,0,12,3,0,15,0,25,11,0,36,0,37,14,0,51,4,0,4,55
09/19/2020,MKK,HI,AWP,WE,Federal Contract Tower,0,11,4,0,15,0,29,2,2,33,0,40,6,2,48,0,0,0,48
09/20/2020,MKK,HI,AWP,WE,Federal Contract Tower,0,6,0,0,6,0,9,0,0,9,0,15,0,0,15,10,0,10,25
09/21/2020,MKK,HI,AWP,WE,Federal Contract Tower,0,12,0,0,12,0,25,4,0,29,0,37,4,0,41,0,0,0,41
09/22/2020,MKK,HI,AWP,WE,Federal Contract Tower,0,12,1,0,13,0,21,6,0,27,0,33,7,0,40,0,0,0,40
09/23/2020,MKK,HI,AWP,WE,Federal Contract Tower,0,12,0,0,12,0,20,2,1,23,0,32,2,1,35,0,1,1,36
09/24/2020,MKK,HI,AWP,WE,Federal Contract Tower,0,10,5,0,15,0,21,3,0,24,0,31,8,0,39,0,0,0,39
09/25/2020,MKK,HI,AWP,WE,Federal Contract Tower,0,18,0,0,18,0,43,16,14,73,0,61,16,14,91,4,14,18,109
09/26/2020,MKK,HI,AWP,WE,Federal Contract Tower,0,10,14,0,24,0,22,7,0,29,0,32,21,0,53,6,0,6,59
09/27/2020,MKK,HI,AWP,WE,Federal Contract Tower,0,9,0,0,9,0,15,4,0,19,0,24,4,0,28,13,1,14,42
09/28/2020,MKK,HI,AWP,WE,Federal Contract Tower,0,12,7,0,19,0,33,5,0,38,0,45,12,0,57,1,0,1,58
09/29/2020,MKK,HI,AWP,WE,Federal Contract Tower,0,11,4,0,15,0,14,7,0,21,0,25,11,0,36,1,0,1,37
09/30/2020,MKK,HI,AWP,WE,Federal Contract Tower,0,15,0,0,15,0,17,2,0,19,0,32,2,0,34,6,0,6,40
10/01/2020,MKK,HI,AWP,WE,Federal Contract Tower,0,13,0,0,13,0,17,6,1,24,0,30,6,1,37,0,0,0,37
10/02/2020,MKK,HI,AWP,WE,Federal Contract Tower,0,16,3,0,19,0,22,2,0,24,0,38,5,0,43,0,0,0,43
10/03/2020,MKK,HI,AWP,WE,Federal Contract Tower,0,6,3,0,9,0,10,4,0,14,0,16,7,0,23,8,0,8,31
10/04/2020,MKK,HI,AWP,WE,Federal Contract Tower,0,8,2,0,10,0,23,10,0,33,0,31,12,0,43,16,0,16,59
10/05/2020,MKK,HI,AWP,WE,Federal Contract Tower,0,12,5,0,17,0,23,7,1,31,0,35,12,1,48,0,7,7,55
10/06/2020,MKK,HI,AWP,WE,Federal Contract Tower,0,13,7,0,20,0,24,11,0,35,0,37,18,0,55,5,0,5,60
10/07/2020,MKK,HI,AWP,WE,Federal Contract Tower,0,12,1,0,13,0,34,14,3,51,0,46,15,3,64,14,2,16,80
10/08/2020,MKK,HI,AWP,WE,Federal Contract Tower,0,10,7,0,17,0,16,6,1,23,0,26,13,1,40,3,0,3,43
10/09/2020,MKK,HI,AWP,WE,Federal Contract Tower,0,10,4,0,14,0,35,18,4,57,0,45,22,4,71,0,0,0,71
10/10/2020,MKK,HI,AWP,WE,Federal Contract Tower,0,6,4,0,10,0,15,4,0,19,0,21,8,0,29,4,0,4,33
10/11/2020,MKK,HI,AWP,WE,Federal Contract Tower,0,7,2,0,9,0,15,10,0,25,0,22,12,0,34,2,1,3,37
10/12/2020,MKK,HI,AWP,WE,Federal Contract Tower,0,11,3,0,14,0,22,5,0,27,0,33,8,0,41,0,0,0,41
10/13/2020,MKK,HI,AWP,WE,Federal Contract Tower,0,11,4,0,15,0,32,12,0,44,0,43,16,0,59,12,0,12,71
10/14/2020,MKK,HI,AWP,WE,Federal Contract Tower,0,9,0,0,9,0,23,6,1,30,0,32,6,1,39,0,10,10,49
10/15/2020,MKK,HI,AWP,WE,Federal Contract Tower,0,11,0,0,11,0,33,6,0,39,0,44,6,0,50,5,0,5,55
10/16/2020,MKK,HI,AWP,WE,Federal Contract Tower,0,19,4,0,23,0,33,0,0,33,0,52,4,0,56,10,0,10,66
10/17/2020,MKK,HI,AWP,WE,Federal Contract Tower,0,9,0,0,9,0,31,4,0,35,0,40,4,0,44,5,2,7,51
10/18/2020,MKK,HI,AWP,WE,Federal Contract Tower,0,10,0,0,10,0,12,3,0,15,0,22,3,0,25,2,0,2,27
10/19/2020,MKK,HI,AWP,WE,Federal Contract Tower,0,14,2,0,16,0,32,11,0,43,0,46,13,0,59,0,0,0,59
10/20/2020,MKK,HI,AWP,WE,Federal Contract Tower,0,9,3,0,12,0,33,11,2,46,0,42,14,2,58,6,0,6,64
10/21/2020,MKK,HI,AWP,WE,Federal Contract Tower,0,18,3,0,21,0,31,9,2,42,0,49,12,2,63,0,0,0,63
10/22/2020,MKK,HI,AWP,WE,Federal Contract Tower,0,10,4,2,16,0,39,14,1,54,0,49,18,3,70,8,6,14,84
10/23/2020,MKK,HI,AWP,WE,Federal Contract Tower,0,12,6,1,19,0,46,11,1,58,0,58,17,2,77,16,0,16,93
10/24/2020,MKK,HI,AWP,WE,Federal Contract Tower,0,12,2,0,14,0,17,6,0,23,0,29,8,0,37,10,0,10,47
10/25/2020,MKK,HI,AWP,WE,Federal Contract Tower,0,9,2,0,11,0,20,8,0,28,0,29,10,0,39,14,0,14,53
10/26/2020,MKK,HI,AWP,WE,Federal Contract Tower,0,12,3,0,15,0,37,14,0,51,0,49,17,0,66,10,0,10,76
10/27/2020,MKK,HI,AWP,WE,Federal Contract Tower,0,11,0,0,11,0,34,1,0,35,0,45,1,0,46,0,0,0,46
10/28/2020,MKK,HI,AWP,WE,Federal Contract Tower,0,12,0,1,13,0,34,3,0,37,0,46,3,1,50,0,0,0,50
10/29/2020,MKK,HI,AWP,WE,Federal Contract Tower,0,19,2,0,21,0,37,10,16,63,0,56,12,16,84,4,8,12,96
10/30/2020,MKK,HI,AWP,WE,Federal Contract Tower,0,10,0,0,10,0,46,24,1,71,0,56,24,1,81,8,0,8,89
10/31/2020,MKK,HI,AWP,WE,Federal Contract Tower,0,11,4,0,15,0,27,16,0,43,0,38,20,0,58,8,0,8,66
11/01/2020,MKK,HI,AWP,WE,Federal Contract Tower,0,6,0,0,6,0,24,6,0,30,0,30,6,0,36,2,0,2,38
11/02/2020,MKK,HI,AWP,WE,Federal Contract Tower,0,12,4,0,16,0,23,10,6,39,0,35,14,6,55,8,4,12,67
11/03/2020,MKK,HI,AWP,WE,Federal Contract Tower,0,7,1,0,8,0,39,2,0,41,0,46,3,0,49,2,0,2,51
11/04/2020,MKK,HI,AWP,WE,Federal Contract Tower,0,10,0,0,10,0,41,9,0,50,0,51,9,0,60,2,0,2,62
11/05/2020,MKK,HI,AWP,WE,Federal Contract Tower,0,7,0,0,7,0,26,10,0,36,0,33,10,0,43,2,4,6,49
11/06/2020,MKK,HI,AWP,WE,Federal Contract Tower,0,9,0,0,9,0,46,9,0,55,0,55,9,0,64,5,0,5,69
11/07/2020,MKK,HI,AWP,WE,Federal Contract Tower,0,9,2,0,11,0,28,7,0,35,0,37,9,0,46,0,0,0,46
11/08/2020,MKK,HI,AWP,WE,Federal Contract Tower,0,6,2,0,8,0,20,8,0,28,0,26,10,0,36,2,0,2,38
11/09/2020,MKK,HI,AWP,WE,Federal Contract Tower,0,11,4,2,17,0,29,8,0,37,0,40,12,2,54,0,8,8,62
11/10/2020,MKK,HI,AWP,WE,Federal Contract Tower,0,8,0,0,8,0,38,0,0,38,0,46,0,0,46,0,0,0,46
11/11/2020,MKK,HI,AWP,WE,Federal Contract Tower,0,13,0,0,13,0,24,3,0,27,0,37,3,0,40,3,0,3,43
11/12/2020,MKK,HI,AWP,WE,Federal Contract Tower,0,7,0,0,7,0,44,4,0,48,0,51,4,0,55,0,0,0,55
11/13/2020,MKK,HI,AWP,WE,Federal Contract Tower,0,11,1,0,12,0,48,15,0,63,0,59,16,0,75,3,0,3,78
11/14/2020,MKK,HI,AWP,WE,Federal Contract Tower,0,4,0,0,4,0,31,9,0,40,0,35,9,0,44,2,0,2,46
11/15/2020,MKK,HI,AWP,WE,Federal Contract Tower,0,9,0,0,9,0,20,5,0,25,0,29,5,0,34,6,0,6,40
11/16/2020,MKK,HI,AWP,WE,Federal Contract Tower,0,12,3,0,15,0,23,14,0,37,0,35,17,0,52,10,0,10,62
11/17/2020,MKK,HI,AWP,WE,Federal Contract Tower,0,9,3,2,14,0,34,7,0,41,0,43,10,2,55,0,7,7,62
11/18/2020,MKK,HI,AWP,WE,Federal Contract Tower,0,15,2,0,17,0,34,1,6,41,0,49,3,6,58,0,5,5,63
11/19/2020,MKK,HI,AWP,WE,Federal Contract Tower,0,9,0,2,11,0,40,5,2,47,0,49,5,4,58,0,0,0,58
11/20/2020,MKK,HI,AWP,WE,Federal Contract Tower,0,18,0,0,18,0,31,10,2,43,0,49,10,2,61,0,0,0,61
11/21/2020,MKK,HI,AWP,WE,Federal Contract Tower,0,11,0,0,11,0,16,3,0,19,0,27,3,0,30,0,0,0,30
11/22/2020,MKK,HI,AWP,WE,Federal Contract Tower,0,8,1,0,9,0,13,4,0,17,0,21,5,0,26,0,0,0,26
11/23/2020,MKK,HI,AWP,WE,Federal Contract Tower,0,10,0,0,10,0,27,8,6,41,0,37,8,6,51,0,2,2,53
11/24/2020,MKK,HI,AWP,WE,Federal Contract Tower,0,14,1,0,15,0,29,8,5,42,0,43,9,5,57,2,18,20,77
11/25/2020,MKK,HI,AWP,WE,Federal Contract Tower,0,11,1,0,12,0,44,10,0,54,0,55,11,0,66,4,4,8,74
11/26/2020,MKK,HI,AWP,WE,Federal Contract Tower,0,4,0,0,4,0,21,6,0,27,0,25,6,0,31,0,0,0,31
11/27/2020,MKK,HI,AWP,WE,Federal Contract Tower,0,11,0,0,11,0,29,5,0,34,0,40,5,0,45,0,0,0,45
11/28/2020,MKK,HI,AWP,WE,Federal Contract Tower,0,5,1,0,6,0,34,17,2,53,0,39,18,2,59,6,0,6,65
11/29/2020,MKK,HI,AWP,WE,Federal Contract Tower,0,7,3,2,12,0,29,8,1,38,0,36,11,3,50,6,0,6,56
11/30/2020,MKK,HI,AWP,WE,Federal Contract Tower,0,12,2,0,14,0,41,6,2,49,0,53,8,2,63,8,0,8,71
12/01/2020,MKK,HI,AWP,WE,Federal Contract Tower,0,8,0,4,12,0,38,16,0,54,0,46,16,4,66,0,8,8,74
12/02/2020,MKK,HI,AWP,WE,Federal Contract Tower,0,15,2,0,17,0,29,25,0,54,0,44,27,0,71,8,0,8,79
12/03/2020,MKK,HI,AWP,WE,Federal Contract Tower,0,8,0,0,8,0,38,13,4,55,0,46,13,4,63,5,4,9,72
12/04/2020,MKK,HI,AWP,WE,Federal Contract Tower,0,13,1,0,14,0,31,5,1,37,0,44,6,1,51,2,0,2,53
12/05/2020,MKK,HI,AWP,WE,Federal Contract Tower,0,9,0,0,9,0,21,13,0,34,0,30,13,0,43,2,0,2,45
12/06/2020,MKK,HI,AWP,WE,Federal Contract Tower,0,7,2,0,9,0,16,16,0,32,0,23,18,0,41,14,0,14,55
12/07/2020,MKK,HI,AWP,WE,Federal Contract Tower,0,14,1,0,15,0,35,10,0,45,0,49,11,0,60,4,2,6,66
12/08/2020,MKK,HI,AWP,WE,Federal Contract Tower,0,7,0,1,8,0,35,5,0,40,0,42,5,1,48,2,0,2,50
12/09/2020,MKK,HI,AWP,WE,Federal Contract Tower,0,11,3,0,14,0,36,11,1,48,0,47,14,1,62,1,4,5,67
12/10/2020,MKK,HI,AWP,WE,Federal Contract Tower,0,7,0,6,13,0,29,10,1,40,0,36,10,7,53,0,0,0,53
12/11/2020,MKK,HI,AWP,WE,Federal Contract Tower,0,9,8,2,19,0,38,21,2,61,0,47,29,4,80,2,0,2,82
12/12/2020,MKK,HI,AWP,WE,Federal Contract Tower,0,8,3,0,11,0,20,8,0,28,0,28,11,0,39,2,0,2,41
12/13/2020,MKK,HI,AWP,WE,Federal Contract Tower,0,6,4,0,10,0,17,6,0,23,0,23,10,0,33,10,0,10,43
12/14/2020,MKK,HI,AWP,WE,Federal Contract Tower,0,9,2,0,11,0,34,10,4,48,0,43,12,4,59,8,0,8,67
12/15/2020,MKK,HI,AWP,WE,Federal Contract Tower,0,10,3,1,14,0,29,16,6,51,0,39,19,7,65,8,8,16,81
12/16/2020,MKK,HI,AWP,WE,Federal Contract Tower,0,13,5,0,18,0,35,13,1,49,0,48,18,1,67,4,0,4,71
12/17/2020,MKK,HI,AWP,WE,Federal Contract Tower,0,13,1,0,14,0,30,14,2,46,0,43,15,2,60,2,0,2,62
12/18/2020,MKK,HI,AWP,WE,Federal Contract Tower,0,10,0,0,10,0,0,0,0,0,0,10,0,0,10,0,0,0,10
12/19/2020,MKK,HI,AWP,WE,Federal Contract Tower,0,7,0,0,7,0,34,4,0,38,0,41,4,0,45,2,0,2,47
12/20/2020,MKK,HI,AWP,WE,Federal Contract Tower,0,6,7,0,13,0,32,9,0,41,0,38,16,0,54,0,0,0,54
12/21/2020,MKK,HI,AWP,WE,Federal Contract Tower,0,9,4,2,15,0,33,7,0,40,0,42,11,2,55,10,0,10,65
12/22/2020,MKK,HI,AWP,WE,Federal Contract Tower,0,11,4,0,15,0,37,18,3,58,0,48,22,3,73,18,5,23,96
12/23/2020,MKK,HI,AWP,WE,Federal Contract Tower,0,13,0,0,13,0,69,12,0,81,0,82,12,0,94,4,0,4,98
12/24/2020,MKK,HI,AWP,WE,Federal Contract Tower,0,9,2,0,11,0,32,10,0,42,0,41,12,0,53,0,0,0,53
12/25/2020,MKK,HI,AWP,WE,Federal Contract Tower,0,10,0,0,10,0,18,4,0,22,0,28,4,0,32,0,0,0,32
12/26/2020,MKK,HI,AWP,WE,Federal Contract Tower,0,14,2,0,16,0,16,2,0,18,0,30,4,0,34,0,0,0,34
12/27/2020,MKK,HI,AWP,WE,Federal Contract Tower,0,6,0,0,6,0,29,8,0,37,0,35,8,0,43,12,0,12,55
12/28/2020,MKK,HI,AWP,WE,Federal Contract Tower,0,11,2,0,13,0,31,25,0,56,0,42,27,0,69,8,0,8,77
12/30/2020,MKK,HI,AWP,WE,Federal Contract Tower,0,11,0,0,11,0,50,8,0,58,0,61,8,0,69,0,0,0,69
12/31/2020,MKK,HI,AWP,WE,Federal Contract Tower,0,12,0,0,12,0,45,7,0,52,0,57,7,0,64,0,0,0,64
01/01/2021,MKK,HI,AWP,WE,Federal Contract Tower,0,8,0,0,8,0,25,4,0,29,0,33,4,0,37,0,0,0,37
01/02/2021,MKK,HI,AWP,WE,Federal Contract Tower,0,8,0,0,8,0,28,5,0,33,0,36,5,0,41,0,0,0,41
01/03/2021,MKK,HI,AWP,WE,Federal Contract Tower,0,12,1,0,13,0,24,11,0,35,0,36,12,0,48,0,0,0,48
01/04/2021,MKK,HI,AWP,WE,Federal Contract Tower,0,11,1,0,12,0,18,21,0,39,0,29,22,0,51,10,0,10,61
01/05/2021,MKK,HI,AWP,WE,Federal Contract Tower,0,13,0,0,13,0,40,7,2,49,0,53,7,2,62,0,0,0,62
01/06/2021,MKK,HI,AWP,WE,Federal Contract Tower,0,11,0,0,11,0,39,5,6,50,0,50,5,6,61,0,0,0,61
01/07/2021,MKK,HI,AWP,WE,Federal Contract Tower,0,10,0,2,12,0,27,15,0,42,0,37,15,2,54,3,0,3,57
01/08/2021,MKK,HI,AWP,WE,Federal Contract Tower,0,8,0,2,10,0,33,10,0,43,0,41,10,2,53,0,0,0,53
01/09/2021,MKK,HI,AWP,WE,Federal Contract Tower,0,4,0,0,4,0,23,5,0,28,0,27,5,0,32,0,0,0,32
01/10/2021,MKK,HI,AWP,WE,Federal Contract Tower,0,9,0,0,9,0,24,7,0,31,0,33,7,0,40,8,0,8,48
01/11/2021,MKK,HI,AWP,WE,Federal Contract Tower,0,12,0,0,12,0,24,8,0,32,0,36,8,0,44,5,0,5,49
01/12/2021,MKK,HI,AWP,WE,Federal Contract Tower,0,10,2,0,12,0,39,17,0,56,0,49,19,0,68,15,0,15,83
01/13/2021,MKK,HI,AWP,WE,Federal Contract Tower,0,10,4,0,14,0,28,4,1,33,0,38,8,1,47,0,0,0,47
01/14/2021,MKK,HI,AWP,WE,Federal Contract Tower,0,10,2,0,12,0,42,13,0,55,0,52,15,0,67,1,0,1,68
01/15/2021,MKK,HI,AWP,WE,Federal Contract Tower,0,6,0,2,8,0,51,20,2,73,0,57,20,4,81,2,0,2,83
01/16/2021,MKK,HI,AWP,WE,Federal Contract Tower,0,1,2,0,3,0,25,19,0,44,0,26,21,0,47,0,0,0,47
01/17/2021,MKK,HI,AWP,WE,Federal Contract Tower,0,2,0,0,2,0,20,10,0,30,0,22,10,0,32,2,0,2,34
01/18/2021,MKK,HI,AWP,WE,Federal Contract Tower,0,37,0,0,37,0,13,0,0,13,0,50,0,0,50,0,0,0,50
01/19/2021,MKK,HI,AWP,WE,Federal Contract Tower,0,4,2,0,6,0,38,3,0,41,0,42,5,0,47,0,0,0,47
01/20/2021,MKK,HI,AWP,WE,Federal Contract Tower,0,8,0,0,8,0,34,7,0,41,0,42,7,0,49,0,0,0,49
01/21/2021,MKK,HI,AWP,WE,Federal Contract Tower,0,11,0,0,11,0,42,1,2,45,0,53,1,2,56,0,3,3,59
01/22/2021,MKK,HI,AWP,WE,Federal Contract Tower,0,7,3,0,10,0,33,11,1,45,0,40,14,1,55,16,8,24,79
01/23/2021,MKK,HI,AWP,WE,Federal Contract Tower,0,3,0,0,3,0,31,6,0,37,0,34,6,0,40,8,0,8,48
01/24/2021,MKK,HI,AWP,WE,Federal Contract Tower,0,3,2,0,5,0,21,8,0,29,0,24,10,0,34,4,0,4,38
01/25/2021,MKK,HI,AWP,WE,Federal Contract Tower,0,12,3,0,15,0,22,10,0,32,0,34,13,0,47,0,0,0,47
01/26/2021,MKK,HI,AWP,WE,Federal Contract Tower,0,6,0,0,6,0,34,4,6,44,0,40,4,6,50,0,10,10,60
01/27/2021,MKK,HI,AWP,WE,Federal Contract Tower,0,4,2,1,7,0,42,7,1,50,0,46,9,2,57,0,0,0,57
01/28/2021,MKK,HI,AWP,WE,Federal Contract Tower,0,5,0,0,5,0,32,1,0,33,0,37,1,0,38,0,0,0,38
01/29/2021,MKK,HI,AWP,WE,Federal Contract Tower,0,12,1,0,13,0,25,10,0,35,0,37,11,0,48,2,0,2,50
01/30/2021,MKK,HI,AWP,WE,Federal Contract Tower,0,3,0,0,3,0,33,10,0,43,0,36,10,0,46,0,0,0,46
01/31/2021,MKK,HI,AWP,WE,Federal Contract Tower,0,2,0,0,2,0,26,16,0,42,0,28,16,0,44,0,0,0,44
02/01/2021,MKK,HI,AWP,WE,Federal Contract Tower,0,13,0,1,14,0,38,16,1,55,0,51,16,2,69,0,0,0,69
02/02/2021,MKK,HI,AWP,WE,Federal Contract Tower,0,4,1,2,7,0,33,9,4,46,0,37,10,6,53,0,12,12,65
02/03/2021,MKK,HI,AWP,WE,Federal Contract Tower,0,17,0,0,17,0,29,0,0,29,0,46,0,0,46,1,0,1,47
02/04/2021,MKK,HI,AWP,WE,Federal Contract Tower,0,5,3,1,9,0,46,8,4,58,0,51,11,5,67,0,3,3,70
02/06/2021,MKK,HI,AWP,WE,Federal Contract Tower,0,2,0,0,2,0,42,10,0,52,0,44,10,0,54,2,0,2,56
02/07/2021,MKK,HI,AWP,WE,Federal Contract Tower,0,4,4,0,8,0,45,15,0,60,0,49,19,0,68,5,0,5,73
02/08/2021,MKK,HI,AWP,WE,Federal Contract Tower,0,8,0,0,8,0,29,12,0,41,0,37,12,0,49,10,0,10,59
02/09/2021,MKK,HI,AWP,WE,Federal Contract Tower,0,4,0,0,4,0,43,1,12,56,0,47,1,12,60,0,0,0,60
02/11/2021,MKK,HI,AWP,WE,Federal Contract Tower,0,5,3,1,9,0,49,11,2,62,0,54,14,3,71,2,0,2,73
02/12/2021,MKK,HI,AWP,WE,Federal Contract Tower,0,3,0,0,3,0,65,10,0,75,0,68,10,0,78,2,0,2,80
02/13/2021,MKK,HI,AWP,WE,Federal Contract Tower,0,5,0,2,7,0,42,10,0,52,0,47,10,2,59,0,0,0,59
02/14/2021,MKK,HI,AWP,WE,Federal Contract Tower,0,1,2,0,3,0,37,9,0,46,0,38,11,0,49,0,0,0,49
02/15/2021,MKK,HI,AWP,WE,Federal Contract Tower,0,10,4,0,14,0,49,13,0,62,0,59,17,0,76,2,0,2,78
02/17/2021,MKK,HI,AWP,WE,Federal Contract Tower,0,8,0,0,8,0,44,9,0,53,0,52,9,0,61,0,0,0,61
02/18/2021,MKK,HI,AWP,WE,Federal Contract Tower,0,15,1,0,16,0,35,1,0,36,0,50,2,0,52,0,0,0,52
02/19/2021,MKK,HI,AWP,WE,Federal Contract Tower,0,6,0,0,6,0,47,2,0,49,0,53,2,0,55,0,0,0,55
02/20/2021,MKK,HI,AWP,WE,Federal Contract Tower,0,4,0,0,4,0,29,10,0,39,0,33,10,0,43,22,0,22,65
02/21/2021,MKK,HI,AWP,WE,Federal Contract Tower,0,3,0,0,3,0,20,5,0,25,0,23,5,0,28,8,0,8,36
02/22/2021,MKK,HI,AWP,WE,Federal Contract Tower,0,8,0,0,8,0,52,8,0,60,0,60,8,0,68,0,0,0,68
02/23/2021,MKK,HI,AWP,WE,Federal Contract Tower,0,4,0,0,4,0,36,5,0,41,0,40,5,0,45,0,0,0,45
02/24/2021,MKK,HI,AWP,WE,Federal Contract Tower,0,4,0,2,6,0,36,6,0,42,0,40,6,2,48,0,0,0,48
02/25/2021,MKK,HI,AWP,WE,Federal Contract Tower,0,6,4,0,10,0,34,15,0,49,0,40,19,0,59,2,0,2,61
02/26/2021,MKK,HI,AWP,WE,Federal Contract Tower,0,5,0,1,6,0,51,7,0,58,0,56,7,1,64,0,1,1,65
02/27/2021,MKK,HI,AWP,WE,Federal Contract Tower,0,4,2,0,6,0,33,4,0,37,0,37,6,0,43,0,0,0,43
02/28/2021,MKK,HI,AWP,WE,Federal Contract Tower,0,0,2,0,2,0,27,6,1,34,0,27,8,1,36,11,0,11,47
03/01/2021,MKK,HI,AWP,WE,Federal Contract Tower,0,10,0,0,10,0,44,2,0,46,0,54,2,0,56,0,0,0,56
03/02/2021,MKK,HI,AWP,WE,Federal Contract Tower,0,9,2,1,12,0,36,13,1,50,0,45,15,2,62,0,0,0,62
03/03/2021,MKK,HI,AWP,WE,Federal Contract Tower,0,6,0,0,6,0,34,16,0,50,0,40,16,0,56,0,0,0,56
03/04/2021,MKK,HI,AWP,WE,Federal Contract Tower,0,3,0,2,5,0,46,7,0,53,0,49,7,2,58,0,0,0,58
03/05/2021,MKK,HI,AWP,WE,Federal Contract Tower,0,8,3,0,11,0,56,2,0,58,0,64,5,0,69,0,0,0,69
03/06/2021,MKK,HI,AWP,WE,Federal Contract Tower,0,1,0,0,1,0,40,10,0,50,0,41,10,0,51,10,0,10,61
03/07/2021,MKK,HI,AWP,WE,Federal Contract Tower,0,3,2,0,5,0,31,25,0,56,0,34,27,0,61,16,0,16,77
03/08/2021,MKK,HI,AWP,WE,Federal Contract Tower,0,8,0,0,8,0,51,7,0,58,0,59,7,0,66,0,0,0,66
03/09/2021,MKK,HI,AWP,WE,Federal Contract Tower,0,14,0,0,14,0,43,1,0,44,0,57,1,0,58,0,0,0,58
03/10/2021,MKK,HI,AWP,WE,Federal Contract Tower,0,10,0,0,10,0,50,10,0,60,0,60,10,0,70,0,0,0,70
03/11/2021,MKK,HI,AWP,WE,Federal Contract Tower,0,10,0,0,10,0,59,15,0,74,0,69,15,0,84,0,0,0,84
03/12/2021,MKK,HI,AWP,WE,Federal Contract Tower,0,22,2,0,24,0,48,4,0,52,0,70,6,0,76,0,0,0,76
03/13/2021,MKK,HI,AWP,WE,Federal Contract Tower,0,10,4,0,14,0,33,2,0,35,0,43,6,0,49,0,0,0,49
03/14/2021,MKK,HI,AWP,WE,Federal Contract Tower,0,3,0,0,3,0,39,7,0,46,0,42,7,0,49,0,0,0,49
03/15/2021,MKK,HI,AWP,WE,Federal Contract Tower,0,15,4,0,19,0,42,5,0,47,0,57,9,0,66,2,0,2,68
03/16/2021,MKK,HI,AWP,WE,Federal Contract Tower,0,21,0,0,21,0,36,9,0,45,0,57,9,0,66,0,0,0,66
03/17/2021,MKK,HI,AWP,WE,Federal Contract Tower,0,18,1,0,19,0,42,6,1,49,0,60,7,1,68,0,0,0,68
03/18/2021,MKK,HI,AWP,WE,Federal Contract Tower,0,31,0,0,31,0,34,3,2,39,0,65,3,2,70,0,0,0,70
03/19/2021,MKK,HI,AWP,WE,Federal Contract Tower,0,7,0,0,7,0,52,15,0,67,0,59,15,0,74,2,0,2,76
03/20/2021,MKK,HI,AWP,WE,Federal Contract Tower,0,2,0,0,2,0,41,10,0,51,0,43,10,0,53,1,0,1,54
03/21/2021,MKK,HI,AWP,WE,Federal Contract Tower,0,3,3,0,6,0,44,3,0,47,0,47,6,0,53,6,0,6,59
03/22/2021,MKK,HI,AWP,WE,Federal Contract Tower,0,5,0,0,5,0,45,8,0,53,0,50,8,0,58,6,0,6,64
03/23/2021,MKK,HI,AWP,WE,Federal Contract Tower,0,5,1,0,6,0,59,18,0,77,0,64,19,0,83,6,0,6,89
03/24/2021,MKK,HI,AWP,WE,Federal Contract Tower,0,11,0,1,12,0,46,10,0,56,0,57,10,1,68,0,0,0,68
03/25/2021,MKK,HI,AWP,WE,Federal Contract Tower,0,10,2,1,13,0,53,10,2,65,0,63,12,3,78,6,0,6,84
03/26/2021,MKK,HI,AWP,WE,Federal Contract Tower,0,6,0,0,6,0,49,18,0,67,0,55,18,0,73,1,0,1,74
03/27/2021,MKK,HI,AWP,WE,Federal Contract Tower,0,0,2,0,2,0,47,12,0,59,0,47,14,0,61,6,0,6,67
03/28/2021,MKK,HI,AWP,WE,Federal Contract Tower,0,5,0,0,5,0,48,2,0,50,0,53,2,0,55,0,0,0,55
03/29/2021,MKK,HI,AWP,WE,Federal Contract Tower,0,4,2,0,6,0,50,10,0,60,0,54,12,0,66,7,0,7,73
04/01/2021,MKK,HI,AWP,WE,Federal Contract Tower,0,5,1,0,6,0,51,22,0,73,0,56,23,0,79,0,0,0,79
04/02/2021,MKK,HI,AWP,WE,Federal Contract Tower,0,4,3,2,9,0,54,9,0,63,0,58,12,2,72,0,0,0,72
04/03/2021,MKK,HI,AWP,WE,Federal Contract Tower,0,0,4,0,4,0,41,21,0,62,0,41,25,0,66,0,0,0,66
04/04/2021,MKK,HI,AWP,WE,Federal Contract Tower,0,8,0,0,8,0,26,13,0,39,0,34,13,0,47,0,0,0,47
04/05/2021,MKK,HI,AWP,WE,Federal Contract Tower,0,9,0,0,9,0,49,6,0,55,0,58,6,0,64,0,0,0,64
04/06/2021,MKK,HI,AWP,WE,Federal Contract Tower,0,8,0,0,8,0,46,3,0,49,0,54,3,0,57,0,0,0,57
04/07/2021,MKK,HI,AWP,WE,Federal Contract Tower,0,6,0,0,6,0,50,14,0,64,0,56,14,0,70,11,0,11,81
04/08/2021,MKK,HI,AWP,WE,Federal Contract Tower,0,3,2,3,8,0,56,15,3,74,0,59,17,6,82,2,0,2,84
04/09/2021,MKK,HI,AWP,WE,Federal Contract Tower,0,5,2,0,7,0,65,10,0,75,0,70,12,0,82,0,0,0,82
04/10/2021,MKK,HI,AWP,WE,Federal Contract Tower,0,3,0,0,3,0,46,12,0,58,0,49,12,0,61,0,0,0,61
04/12/2021,MKK,HI,AWP,WE,Federal Contract Tower,0,6,0,0,6,0,57,10,0,67,0,63,10,0,73,6,0,6,79
04/13/2021,MKK,HI,AWP,WE,Federal Contract Tower,0,6,0,1,7,0,51,6,1,58,0,57,6,2,65,0,0,0,65
04/14/2021,MKK,HI,AWP,WE,Federal Contract Tower,0,7,0,0,7,0,63,19,4,86,0,70,19,4,93,0,14,14,107
04/15/2021,MKK,HI,AWP,WE,Federal Contract Tower,0,5,0,5,10,0,48,12,3,63,0,53,12,8,73,13,0,13,86
04/16/2021,MKK,HI,AWP,WE,Federal Contract Tower,0,6,1,2,9,0,57,21,0,78,0,63,22,2,87,0,0,0,87
04/17/2021,MKK,HI,AWP,WE,Federal Contract Tower,0,2,2,0,4,0,47,13,0,60,0,49,15,0,64,0,0,0,64
04/18/2021,MKK,HI,AWP,WE,Federal Contract Tower,0,1,0,0,1,0,39,20,0,59,0,40,20,0,60,1,0,1,61
04/19/2021,MKK,HI,AWP,WE,Federal Contract Tower,0,7,0,2,9,0,49,14,0,63,0,56,14,2,72,2,0,2,74
04/20/2021,MKK,HI,AWP,WE,Federal Contract Tower,0,5,2,2,9,0,43,16,0,59,0,48,18,2,68,4,0,4,72
04/21/2021,MKK,HI,AWP,WE,Federal Contract Tower,0,1,1,2,4,0,42,21,0,63,0,43,22,2,67,18,0,18,85
04/22/2021,MKK,HI,AWP,WE,Federal Contract Tower,0,3,0,2,5,0,44,13,2,59,0,47,13,4,64,0,0,0,64
04/23/2021,MKK,HI,AWP,WE,Federal Contract Tower,0,5,2,0,7,0,61,11,0,72,0,66,13,0,79,2,0,2,81
04/24/2021,MKK,HI,AWP,WE,Federal Contract Tower,0,0,1,0,1,0,43,6,0,49,0,43,7,0,50,4,0,4,54
04/26/2021,MKK,HI,AWP,WE,Federal Contract Tower,0,4,0,2,6,0,47,0,0,47,0,51,0,2,53,0,0,0,53
04/27/2021,MKK,HI,AWP,WE,Federal Contract Tower,0,7,1,0,8,0,40,3,4,47,0,47,4,4,55,1,4,5,60
04/28/2021,MKK,HI,AWP,WE,Federal Contract Tower,0,5,0,4,9,0,44,8,0,52,0,49,8,4,61,0,0,0,61
04/29/2021,MKK,HI,AWP,WE,Federal Contract Tower,0,6,1,0,7,0,50,6,0,56,0,56,7,0,63,3,0,3,66
04/30/2021,MKK,HI,AWP,WE,Federal Contract Tower,0,11,2,0,13,0,56,4,0,60,0,67,6,0,73,6,0,6,79
05/01/2021,MKK,HI,AWP,WE,Federal Contract Tower,0,3,0,0,3,0,42,8,0,50,0,45,8,0,53,0,0,0,53
05/02/2021,MKK,HI,AWP,WE,Federal Contract Tower,0,2,0,0,2,0,42,9,0,51,0,44,9,0,53,0,0,0,53
05/03/2021,MKK,HI,AWP,WE,Federal Contract Tower,0,6,0,0,6,0,58,8,2,68,0,64,8,2,74,0,0,0,74
05/04/2021,MKK,HI,AWP,WE,Federal Contract Tower,0,11,0,3,14,0,52,4,4,60,0,63,4,7,74,0,10,10,84
05/06/2021,MKK,HI,AWP,WE,Federal Contract Tower,0,7,1,1,9,0,63,13,1,77,0,70,14,2,86,0,0,0,86
05/07/2021,MKK,HI,AWP,WE,Federal Contract Tower,0,5,0,0,5,0,72,1,0,73,0,77,1,0,78,0,0,0,78
05/08/2021,MKK,HI,AWP,WE,Federal Contract Tower,0,3,4,0,7,0,42,6,2,50,0,45,10,2,57,0,0,0,57
05/09/2021,MKK,HI,AWP,WE,Federal Contract Tower,0,0,0,0,0,0,55,7,0,62,0,55,7,0,62,0,0,0,62
05/10/2021,MKK,HI,AWP,WE,Federal Contract Tower,0,7,2,2,11,0,53,11,0,64,0,60,13,2,75,0,0,0,75
05/11/2021,MKK,HI,AWP,WE,Federal Contract Tower,0,4,0,4,8,0,58,10,5,73,0,62,10,9,81,12,12,24,105
05/12/2021,MKK,HI,AWP,WE,Federal Contract Tower,0,4,0,2,6,0,60,9,2,71,0,64,9,4,77,8,0,8,85
05/13/2021,MKK,HI,AWP,WE,Federal Contract Tower,0,4,2,0,6,0,64,10,0,74,0,68,12,0,80,0,0,0,80
05/14/2021,MKK,HI,AWP,WE,Federal Contract Tower,0,4,2,1,7,0,60,7,0,67,0,64,9,1,74,4,0,4,78
05/15/2021,MKK,HI,AWP,WE,Federal Contract Tower,0,1,0,0,1,0,43,10,0,53,0,44,10,0,54,4,0,4,58
05/16/2021,MKK,HI,AWP,WE,Federal Contract Tower,0,4,0,0,4,0,50,12,0,62,0,54,12,0,66,10,0,10,76
05/17/2021,MKK,HI,AWP,WE,Federal Contract Tower,0,7,0,0,7,0,56,0,0,56,0,63,0,0,63,0,0,0,63
05/18/2021,MKK,HI,AWP,WE,Federal Contract Tower,0,7,1,2,10,0,49,0,0,49,0,56,1,2,59,1,0,1,60
05/19/2021,MKK,HI,AWP,WE,Federal Contract Tower,0,5,2,0,7,0,48,4,2,54,0,53,6,2,61,0,0,0,61
05/20/2021,MKK,HI,AWP,WE,Federal Contract Tower,0,6,1,1,8,0,67,2,3,72,0,73,3,4,80,1,10,11,91
05/21/2021,MKK,HI,AWP,WE,Federal Contract Tower,0,5,2,1,8,0,67,13,0,80,0,72,15,1,88,3,0,3,91
05/22/2021,MKK,HI,AWP,WE,Federal Contract Tower,0,0,0,0,0,0,47,7,0,54,0,47,7,0,54,1,0,1,55
05/23/2021,MKK,HI,AWP,WE,Federal Contract Tower,0,2,0,0,2,0,50,6,0,56,0,52,6,0,58,0,0,0,58
05/24/2021,MKK,HI,AWP,WE,Federal Contract Tower,0,7,1,0,8,0,62,9,0,71,0,69,10,0,79,1,6,7,86
05/25/2021,MKK,HI,AWP,WE,Federal Contract Tower,0,7,0,0,7,0,54,9,0,63,0,61,9,0,70,1,0,1,71
05/26/2021,MKK,HI,AWP,WE,Federal Contract Tower,0,4,0,1,5,0,52,14,0,66,0,56,14,1,71,8,0,8,79
05/27/2021,MKK,HI,AWP,WE,Federal Contract Tower,0,4,1,0,5,0,73,12,2,87,0,77,13,2,92,9,2,11,103
05/28/2021,MKK,HI,AWP,WE,Federal Contract Tower,0,6,0,0,6,0,66,13,0,79,0,72,13,0,85,0,0,0,85
05/29/2021,MKK,HI,AWP,WE,Federal Contract Tower,0,2,7,0,9,0,56,22,0,78,0,58,29,0,87,2,0,2,89
05/30/2021,MKK,HI,AWP,WE,Federal Contract Tower,0,1,3,0,4,0,46,12,0,58,0,47,15,0,62,4,0,4,66
05/31/2021,MKK,HI,AWP,WE,Federal Contract Tower,0,0,0,0,0,0,56,9,0,65,0,56,9,0,65,6,0,6,71
06/01/2021,MKK,HI,AWP,WE,Federal Contract Tower,0,6,0,2,8,0,64,11,0,75,0,70,11,2,83,0,0,0,83
06/02/2021,MKK,HI,AWP,WE,Federal Contract Tower,0,4,2,0,6,0,56,7,2,65,0,60,9,2,71,4,0,4,75
06/03/2021,MKK,HI,AWP,WE,Federal Contract Tower,0,7,1,0,8,0,62,4,0,66,0,69,5,0,74,0,0,0,74
06/04/2021,MKK,HI,AWP,WE,Federal Contract Tower,0,5,3,0,8,0,67,4,0,71,0,72,7,0,79,0,0,0,79
06/05/2021,MKK,HI,AWP,WE,Federal Contract Tower,0,4,0,0,4,0,50,17,0,67,0,54,17,0,71,0,0,0,71
06/06/2021,MKK,HI,AWP,WE,Federal Contract Tower,0,1,0,0,1,0,0,0,0,0,0,1,0,0,1,0,0,0,1
06/07/2021,MKK,HI,AWP,WE,Federal Contract Tower,0,6,0,0,6,0,63,11,0,74,0,69,11,0,80,0,0,0,80
06/08/2021,MKK,HI,AWP,WE,Federal Contract Tower,0,3,1,0,4,0,52,14,0,66,0,55,15,0,70,1,0,1,71
06/09/2021,MKK,HI,AWP,WE,Federal Contract Tower,0,4,0,0,4,0,57,10,2,69,0,61,10,2,73,0,0,0,73
06/10/2021,MKK,HI,AWP,WE,Federal Contract Tower,0,6,0,1,7,0,58,8,2,68,0,64,8,3,75,0,1,1,76
06/11/2021,MKK,HI,AWP,WE,Federal Contract Tower,0,4,0,0,4,0,68,5,0,73,0,72,5,0,77,0,0,0,77
06/12/2021,MKK,HI,AWP,WE,Federal Contract Tower,0,1,1,0,2,0,55,7,0,62,0,56,8,0,64,0,0,0,64
06/13/2021,MKK,HI,AWP,WE,Federal Contract Tower,0,2,0,0,2,0,52,7,0,59,0,54,7,0,61,0,0,0,61
06/14/2021,MKK,HI,AWP,WE,Federal Contract Tower,0,10,2,0,12,0,62,17,0,79,0,72,19,0,91,0,0,0,91
06/17/2021,MKK,HI,AWP,WE,Federal Contract Tower,0,8,0,0,8,0,60,12,0,72,0,68,12,0,80,0,0,0,80
06/18/2021,MKK,HI,AWP,WE,Federal Contract Tower,0,4,3,0,7,0,67,26,0,93,0,71,29,0,100,0,0,0,100
06/19/2021,MKK,HI,AWP,WE,Federal Contract Tower,0,0,1,0,1,0,58,15,0,73,0,58,16,0,74,0,0,0,74
06/20/2021,MKK,HI,AWP,WE,Federal Contract Tower,0,5,0,0,5,0,54,12,0,66,0,59,12,0,71,6,0,6,77
06/21/2021,MKK,HI,AWP,WE,Federal Contract Tower,0,7,0,0,7,0,54,8,0,62,0,61,8,0,69,0,0,0,69
06/22/2021,MKK,HI,AWP,WE,Federal Contract Tower,0,7,3,0,10,0,55,13,0,68,0,62,16,0,78,3,0,3,81
06/23/2021,MKK,HI,AWP,WE,Federal Contract Tower,0,6,1,0,7,0,61,19,2,82,0,67,20,2,89,2,0,2,91
06/24/2021,MKK,HI,AWP,WE,Federal Contract Tower,0,4,3,1,8,0,63,16,0,79,0,67,19,1,87,6,0,6,93
06/25/2021,MKK,HI,AWP,WE,Federal Contract Tower,0,4,0,0,4,0,77,6,0,83,0,81,6,0,87,0,0,0,87
06/26/2021,MKK,HI,AWP,WE,Federal Contract Tower,0,1,0,0,1,0,54,14,0,68,0,55,14,0,69,0,0,0,69
06/27/2021,MKK,HI,AWP,WE,Federal Contract Tower,0,0,0,0,0,0,46,12,0,58,0,46,12,0,58,2,0,2,60
06/28/2021,MKK,HI,AWP,WE,Federal Contract Tower,0,5,1,0,6,0,70,9,0,79,0,75,10,0,85,4,0,4,89
06/29/2021,MKK,HI,AWP,WE,Federal Contract Tower,0,2,0,0,2,0,41,25,2,68,0,43,25,2,70,3,0,3,73
06/30/2021,MKK,HI,AWP,WE,Federal Contract Tower,0,7,0,0,7,0,67,8,3,78,0,74,8,3,85,0,0,0,85
07/01/2021,MKK,HI,AWP,WE,Federal Contract Tower,0,4,2,0,6,0,65,10,0,75,0,69,12,0,81,2,0,2,83
07/02/2021,MKK,HI,AWP,WE,Federal Contract Tower,0,4,1,0,5,0,71,11,0,82,0,75,12,0,87,4,0,4,91
07/03/2021,MKK,HI,AWP,WE,Federal Contract Tower,0,5,0,0,5,0,55,12,0,67,0,60,12,0,72,0,0,0,72
07/04/2021,MKK,HI,AWP,WE,Federal Contract Tower,0,1,0,0,1,0,34,1,2,37,0,35,1,2,38,0,0,0,38
07/05/2021,MKK,HI,AWP,WE,Federal Contract Tower,0,0,0,0,0,0,60,4,0,64,0,60,4,0,64,0,0,0,64
07/06/2021,MKK,HI,AWP,WE,Federal Contract Tower,0,7,2,0,9,0,74,1,0,75,0,81,3,0,84,0,0,0,84
07/07/2021,MKK,HI,AWP,WE,Federal Contract Tower,0,5,0,0,5,0,60,10,0,70,0,65,10,0,75,0,0,0,75
07/08/2021,MKK,HI,AWP,WE,Federal Contract Tower,0,4,0,0,4,0,60,11,0,71,0,64,11,0,75,0,0,0,75
07/09/2021,MKK,HI,AWP,WE,Federal Contract Tower,0,3,0,0,3,0,72,6,0,78,0,75,6,0,81,0,0,0,81
07/10/2021,MKK,HI,AWP,WE,Federal Contract Tower,0,1,6,0,7,0,55,13,0,68,0,56,19,0,75,0,0,0,75
07/11/2021,MKK,HI,AWP,WE,Federal Contract Tower,0,3,2,0,5,0,55,18,0,73,0,58,20,0,78,4,0,4,82
07/12/2021,MKK,HI,AWP,WE,Federal Contract Tower,0,8,1,0,9,0,71,5,0,76,0,79,6,0,85,0,0,0,85
07/13/2021,MKK,HI,AWP,WE,Federal Contract Tower,0,3,0,0,3,0,60,4,0,64,0,63,4,0,67,0,0,0,67
07/14/2021,MKK,HI,AWP,WE,Federal Contract Tower,0,4,1,1,6,0,64,4,0,68,0,68,5,1,74,2,0,2,76
07/15/2021,MKK,HI,AWP,WE,Federal Contract Tower,0,10,0,0,10,0,64,7,0,71,0,74,7,0,81,0,0,0,81
07/16/2021,MKK,HI,AWP,WE,Federal Contract Tower,0,3,0,0,3,0,82,16,0,98,0,85,16,0,101,12,0,12,113
07/17/2021,MKK,HI,AWP,WE,Federal Contract Tower,0,5,0,0,5,0,57,4,0,61,0,62,4,0,66,0,0,0,66
07/18/2021,MKK,HI,AWP,WE,Federal Contract Tower,0,1,0,0,1,0,54,13,0,67,0,55,13,0,68,6,0,6,74
07/19/2021,MKK,HI,AWP,WE,Federal Contract Tower,0,4,2,0,6,0,63,3,0,66,0,67,5,0,72,0,0,0,72
07/20/2021,MKK,HI,AWP,WE,Federal Contract Tower,0,4,0,0,4,0,63,6,2,71,0,67,6,2,75,0,10,10,85
07/21/2021,MKK,HI,AWP,WE,Federal Contract Tower,0,5,0,0,5,0,58,0,2,60,0,63,0,2,65,0,8,8,73
07/22/2021,MKK,HI,AWP,WE,Federal Contract Tower,0,4,1,2,7,0,72,6,0,78,0,76,7,2,85,0,0,0,85
07/23/2021,MKK,HI,AWP,WE,Federal Contract Tower,0,5,0,2,7,0,68,11,2,81,0,73,11,4,88,0,0,0,88
07/24/2021,MKK,HI,AWP,WE,Federal Contract Tower,0,0,0,0,0,0,62,16,0,78,0,62,16,0,78,1,0,1,79
07/25/2021,MKK,HI,AWP,WE,Federal Contract Tower,0,1,0,0,1,0,55,6,0,61,0,56,6,0,62,3,0,3,65
07/26/2021,MKK,HI,AWP,WE,Federal Contract Tower,0,3,0,0,3,0,71,12,0,83,0,74,12,0,86,3,0,3,89
07/27/2021,MKK,HI,AWP,WE,Federal Contract Tower,0,4,0,0,4,0,62,8,2,72,0,66,8,2,76,3,0,3,79
07/28/2021,MKK,HI,AWP,WE,Federal Contract Tower,0,6,0,0,6,0,58,10,0,68,0,64,10,0,74,4,0,4,78
07/29/2021,MKK,HI,AWP,WE,Federal Contract Tower,0,5,0,0,5,0,68,1,0,69,0,73,1,0,74,0,0,0,74
07/30/2021,MKK,HI,AWP,WE,Federal Contract Tower,0,4,1,0,5,0,78,10,0,88,0,82,11,0,93,0,0,0,93
07/31/2021,MKK,HI,AWP,WE,Federal Contract Tower,0,2,0,0,2,0,54,11,0,65,0,56,11,0,67,0,0,0,67
08/01/2021,MKK,HI,AWP,WE,Federal Contract Tower,0,3,2,0,5,0,49,6,0,55,0,52,8,0,60,6,0,6,66
08/02/2021,MKK,HI,AWP,WE,Federal Contract Tower,0,3,1,0,4,0,63,3,1,67,0,66,4,1,71,0,0,0,71
08/03/2021,MKK,HI,AWP,WE,Federal Contract Tower,0,3,1,1,5,0,57,5,1,63,0,60,6,2,68,0,0,0,68
08/04/2021,MKK,HI,AWP,WE,Federal Contract Tower,0,4,0,0,4,0,61,11,0,72,0,65,11,0,76,0,2,2,78
08/05/2021,MKK,HI,AWP,WE,Federal Contract Tower,0,3,0,0,3,0,78,6,0,84,0,81,6,0,87,0,0,0,87
08/06/2021,MKK,HI,AWP,WE,Federal Contract Tower,0,5,2,0,7,0,72,7,0,79,0,77,9,0,86,0,0,0,86
08/07/2021,MKK,HI,AWP,WE,Federal Contract Tower,0,1,0,0,1,0,52,8,0,60,0,53,8,0,61,3,0,3,64
08/08/2021,MKK,HI,AWP,WE,Federal Contract Tower,0,0,0,0,0,0,60,9,0,69,0,60,9,0,69,0,0,0,69
08/09/2021,MKK,HI,AWP,WE,Federal Contract Tower,0,4,0,0,4,0,65,18,0,83,0,69,18,0,87,4,0,4,91
08/10/2021,MKK,HI,AWP,WE,Federal Contract Tower,0,4,4,0,8,0,66,8,0,74,0,70,12,0,82,0,0,0,82
08/11/2021,MKK,HI,AWP,WE,Federal Contract Tower,0,3,0,0,3,0,65,7,0,72,0,68,7,0,75,0,0,0,75
08/12/2021,MKK,HI,AWP,WE,Federal Contract Tower,0,3,4,0,7,0,68,17,0,85,0,71,21,0,92,3,0,3,95
08/13/2021,MKK,HI,AWP,WE,Federal Contract Tower,0,5,2,0,7,0,77,14,0,91,0,82,16,0,98,0,0,0,98
08/14/2021,MKK,HI,AWP,WE,Federal Contract Tower,0,2,0,0,2,0,56,15,0,71,0,58,15,0,73,6,0,6,79
08/15/2021,MKK,HI,AWP,WE,Federal Contract Tower,0,4,3,0,7,0,58,20,0,78,0,62,23,0,85,14,4,18,103
08/16/2021,MKK,HI,AWP,WE,Federal Contract Tower,0,4,0,0,4,0,65,6,2,73,0,69,6,2,77,0,0,0,77
08/17/2021,MKK,HI,AWP,WE,Federal Contract Tower,0,7,0,0,7,0,59,19,0,78,0,66,19,0,85,7,0,7,92
08/18/2021,MKK,HI,AWP,WE,Federal Contract Tower,0,4,2,0,6,0,62,14,0,76,0,66,16,0,82,0,0,0,82
08/19/2021,MKK,HI,AWP,WE,Federal Contract Tower,0,8,0,0,8,0,69,12,2,83,0,77,12,2,91,3,0,3,94
08/20/2021,MKK,HI,AWP,WE,Federal Contract Tower,0,3,1,0,4,0,64,12,0,76,0,67,13,0,80,3,0,3,83
08/21/2021,MKK,HI,AWP,WE,Federal Contract Tower,0,0,0,0,0,0,58,7,0,65,0,58,7,0,65,0,0,0,65
08/22/2021,MKK,HI,AWP,WE,Federal Contract Tower,0,2,2,0,4,0,63,2,0,65,0,65,4,0,69,0,0,0,69
08/23/2021,MKK,HI,AWP,WE,Federal Contract Tower,0,42,0,0,42,0,7,0,0,7,0,49,0,0,49,0,0,0,49
08/24/2021,MKK,HI,AWP,WE,Federal Contract Tower,0,2,0,0,2,0,56,5,4,65,0,58,5,4,67,0,0,0,67
08/25/2021,MKK,HI,AWP,WE,Federal Contract Tower,0,7,1,0,8,0,52,9,0,61,0,59,10,0,69,0,0,0,69
08/26/2021,MKK,HI,AWP,WE,Federal Contract Tower,0,7,0,2,9,0,57,14,0,71,0,64,14,2,80,2,0,2,82
08/27/2021,MKK,HI,AWP,WE,Federal Contract Tower,0,5,0,0,5,0,72,8,0,80,0,77,8,0,85,2,0,2,87
08/28/2021,MKK,HI,AWP,WE,Federal Contract Tower,0,1,1,0,2,0,52,10,0,62,0,53,11,0,64,4,0,4,68
08/29/2021,MKK,HI,AWP,WE,Federal Contract Tower,0,0,0,0,0,0,46,9,0,55,0,46,9,0,55,0,0,0,55
08/30/2021,MKK,HI,AWP,WE,Federal Contract Tower,0,4,3,2,9,0,70,8,0,78,0,74,11,2,87,0,0,0,87
08/31/2021,MKK,HI,AWP,WE,Federal Contract Tower,0,2,8,2,12,0,63,17,0,80,0,65,25,2,92,1,0,1,93
09/01/2021,MKK,HI,AWP,WE,Federal Contract Tower,0,9,6,0,15,0,0,0,0,0,0,9,6,0,15,0,0,0,15
09/02/2021,MKK,HI,AWP,WE,Federal Contract Tower,0,4,13,1,18,0,74,8,3,85,0,78,21,4,103,6,0,6,109
09/03/2021,MKK,HI,AWP,WE,Federal Contract Tower,0,5,1,0,6,0,72,4,0,76,0,77,5,0,82,0,0,0,82
09/04/2021,MKK,HI,AWP,WE,Federal Contract Tower,0,0,0,0,0,0,59,8,0,67,0,59,8,0,67,0,0,0,67
09/05/2021,MKK,HI,AWP,WE,Federal Contract Tower,0,4,2,0,6,0,39,20,0,59,0,43,22,0,65,5,0,5,70
09/06/2021,MKK,HI,AWP,WE,Federal Contract Tower,0,0,0,0,0,0,70,8,0,78,0,70,8,0,78,0,0,0,78
09/07/2021,MKK,HI,AWP,WE,Federal Contract Tower,0,7,0,0,7,0,60,6,0,66,0,67,6,0,73,0,0,0,73
09/08/2021,MKK,HI,AWP,WE,Federal Contract Tower,0,5,1,0,6,0,58,7,2,67,0,63,8,2,73,0,2,2,75
09/09/2021,MKK,HI,AWP,WE,Federal Contract Tower,0,4,0,1,5,0,62,8,0,70,0,66,8,1,75,0,0,0,75
09/10/2021,MKK,HI,AWP,WE,Federal Contract Tower,0,5,0,1,6,0,71,6,2,79,0,76,6,3,85,0,0,0,85
09/11/2021,MKK,HI,AWP,WE,Federal Contract Tower,0,1,0,0,1,0,52,20,2,74,0,53,20,2,75,2,0,2,77
09/12/2021,MKK,HI,AWP,WE,Federal Contract Tower,0,2,0,0,2,0,44,5,0,49,0,46,5,0,51,6,0,6,57
09/13/2021,MKK,HI,AWP,WE,Federal Contract Tower,0,6,0,1,7,0,68,3,2,73,0,74,3,3,80,0,0,0,80
09/14/2021,MKK,HI,AWP,WE,Federal Contract Tower,0,7,2,0,9,0,43,9,1,53,0,50,11,1,62,6,0,6,68
09/15/2021,MKK,HI,AWP,WE,Federal Contract Tower,0,3,1,2,6,0,66,11,0,77,0,69,12,2,83,4,0,4,87
09/16/2021,MKK,HI,AWP,WE,Federal Contract Tower,0,4,0,0,4,0,57,3,2,62,0,61,3,2,66,9,0,9,75
09/17/2021,MKK,HI,AWP,WE,Federal Contract Tower,0,8,0,0,8,0,66,3,2,71,0,74,3,2,79,0,0,0,79
09/18/2021,MKK,HI,AWP,WE,Federal Contract Tower,0,0,0,0,0,0,45,13,0,58,0,45,13,0,58,4,0,4,62
09/19/2021,MKK,HI,AWP,WE,Federal Contract Tower,0,3,2,0,5,0,48,2,0,50,0,51,4,0,55,0,0,0,55
09/20/2021,MKK,HI,AWP,WE,Federal Contract Tower,0,3,0,0,3,0,59,4,0,63,0,62,4,0,66,0,0,0,66
09/21/2021,MKK,HI,AWP,WE,Federal Contract Tower,0,4,1,0,5,0,53,5,0,58,0,57,6,0,63,0,0,0,63
09/22/2021,MKK,HI,AWP,WE,Federal Contract Tower,0,2,4,1,7,0,67,4,2,73,0,69,8,3,80,0,0,0,80
09/23/2021,MKK,HI,AWP,WE,Federal Contract Tower,0,6,0,4,10,0,68,7,0,75,0,74,7,4,85,0,0,0,85
09/24/2021,MKK,HI,AWP,WE,Federal Contract Tower,0,13,3,0,16,0,57,7,1,65,0,70,10,1,81,0,0,0,81
09/25/2021,MKK,HI,AWP,WE,Federal Contract Tower,0,3,4,0,7,0,49,12,2,63,0,52,16,2,70,0,0,0,70
09/26/2021,MKK,HI,AWP,WE,Federal Contract Tower,0,1,1,0,2,0,43,7,0,50,0,44,8,0,52,0,0,0,52
09/27/2021,MKK,HI,AWP,WE,Federal Contract Tower,0,7,0,2,9,0,67,11,0,78,0,74,11,2,87,0,0,0,87
09/28/2021,MKK,HI,AWP,WE,Federal Contract Tower,0,5,0,2,7,0,55,11,0,66,0,60,11,2,73,0,0,0,73
09/29/2021,MKK,HI,AWP,WE,Federal Contract Tower,0,8,0,2,10,0,52,16,2,70,0,60,16,4,80,2,0,2,82
09/30/2021,MKK,HI,AWP,WE,Federal Contract Tower,0,6,0,0,6,0,66,11,0,77,0,72,11,0,83,0,0,0,83
10/01/2021,MKK,HI,AWP,WE,Federal Contract Tower,0,6,3,0,9,0,71,3,0,74,0,77,6,0,83,0,0,0,83
10/02/2021,MKK,HI,AWP,WE,Federal Contract Tower,0,4,0,0,4,0,59,11,0,70,0,63,11,0,74,0,0,0,74
10/03/2021,MKK,HI,AWP,WE,Federal Contract Tower,0,3,0,0,3,0,47,10,0,57,0,50,10,0,60,4,0,4,64
10/04/2021,MKK,HI,AWP,WE,Federal Contract Tower,0,8,1,0,9,0,54,8,0,62,0,62,9,0,71,0,0,0,71
10/05/2021,MKK,HI,AWP,WE,Federal Contract Tower,0,4,0,0,4,0,60,15,1,76,0,64,15,1,80,0,2,2,82
10/06/2021,MKK,HI,AWP,WE,Federal Contract Tower,0,10,0,0,10,0,51,4,2,57,0,61,4,2,67,0,6,6,73
10/08/2021,MKK,HI,AWP,WE,Federal Contract Tower,0,7,1,0,8,0,76,3,4,83,0,83,4,4,91,0,6,6,97
10/09/2021,MKK,HI,AWP,WE,Federal Contract Tower,0,8,0,0,8,0,54,2,0,56,0,62,2,0,64,0,0,0,64
10/10/2021,MKK,HI,AWP,WE,Federal Contract Tower,0,2,0,1,3,0,58,5,0,63,0,60,5,1,66,0,0,0,66
10/11/2021,MKK,HI,AWP,WE,Federal Contract Tower,0,9,1,0,10,0,64,3,0,67,0,73,4,0,77,0,0,0,77
10/12/2021,MKK,HI,AWP,WE,Federal Contract Tower,0,2,0,0,2,0,63,6,1,70,0,65,6,1,72,0,0,0,72
10/13/2021,MKK,HI,AWP,WE,Federal Contract Tower,0,3,3,0,6,0,66,3,2,71,0,69,6,2,77,0,0,0,77
10/14/2021,MKK,HI,AWP,WE,Federal Contract Tower,0,6,5,0,11,0,67,5,0,72,0,73,10,0,83,0,0,0,83
10/15/2021,MKK,HI,AWP,WE,Federal Contract Tower,0,5,1,0,6,0,71,9,0,80,0,76,10,0,86,0,0,0,86
10/16/2021,MKK,HI,AWP,WE,Federal Contract Tower,0,0,3,0,3,0,58,5,2,65,0,58,8,2,68,0,0,0,68
10/17/2021,MKK,HI,AWP,WE,Federal Contract Tower,0,2,0,0,2,0,45,4,0,49,0,47,4,0,51,0,0,0,51
10/18/2021,MKK,HI,AWP,WE,Federal Contract Tower,0,6,1,0,7,0,62,9,0,71,0,68,10,0,78,0,0,0,78
10/19/2021,MKK,HI,AWP,WE,Federal Contract Tower,0,3,1,0,4,0,58,7,2,67,0,61,8,2,71,0,4,4,75
10/20/2021,MKK,HI,AWP,WE,Federal Contract Tower,0,6,1,0,7,0,63,20,0,83,0,69,21,0,90,4,0,4,94
10/21/2021,MKK,HI,AWP,WE,Federal Contract Tower,0,4,0,0,4,0,69,7,0,76,0,73,7,0,80,0,0,0,80
10/22/2021,MKK,HI,AWP,WE,Federal Contract Tower,0,5,0,0,5,0,69,8,0,77,0,74,8,0,82,0,0,0,82
10/23/2021,MKK,HI,AWP,WE,Federal Contract Tower,0,1,3,0,4,0,50,10,0,60,0,51,13,0,64,4,0,4,68
10/24/2021,MKK,HI,AWP,WE,Federal Contract Tower,0,2,2,0,4,0,51,7,4,62,0,53,9,4,66,2,0,2,68
10/25/2021,MKK,HI,AWP,WE,Federal Contract Tower,0,6,0,0,6,0,68,21,2,91,0,74,21,2,97,0,4,4,101
10/26/2021,MKK,HI,AWP,WE,Federal Contract Tower,0,3,0,1,4,0,63,10,2,75,0,66,10,3,79,0,0,0,79
10/27/2021,MKK,HI,AWP,WE,Federal Contract Tower,0,6,1,0,7,0,74,14,0,88,0,80,15,0,95,0,0,0,95
10/28/2021,MKK,HI,AWP,WE,Federal Contract Tower,0,6,0,0,6,0,60,5,0,65,0,66,5,0,71,0,0,0,71
10/29/2021,MKK,HI,AWP,WE,Federal Contract Tower,0,5,2,0,7,0,67,12,0,79,0,72,14,0,86,10,0,10,96
10/30/2021,MKK,HI,AWP,WE,Federal Contract Tower,0,1,1,0,2,0,57,9,0,66,0,58,10,0,68,0,0,0,68
10/31/2021,MKK,HI,AWP,WE,Federal Contract Tower,0,1,0,0,1,0,47,6,0,53,0,48,6,0,54,1,0,1,55
11/01/2021,MKK,HI,AWP,WE,Federal Contract Tower,0,7,0,0,7,0,77,9,0,86,0,84,9,0,93,8,0,8,101
11/02/2021,MKK,HI,AWP,WE,Federal Contract Tower,0,5,2,3,10,0,60,7,1,68,0,65,9,4,78,0,0,0,78
11/03/2021,MKK,HI,AWP,WE,Federal Contract Tower,0,4,2,0,6,0,80,4,2,86,0,84,6,2,92,0,0,0,92
11/04/2021,MKK,HI,AWP,WE,Federal Contract Tower,0,6,0,1,7,0,62,6,1,69,0,68,6,2,76,10,0,10,86
11/05/2021,MKK,HI,AWP,WE,Federal Contract Tower,0,4,0,0,4,0,72,3,0,75,0,76,3,0,79,5,0,5,84
11/06/2021,MKK,HI,AWP,WE,Federal Contract Tower,0,0,0,0,0,0,48,7,0,55,0,48,7,0,55,0,0,0,55
11/07/2021,MKK,HI,AWP,WE,Federal Contract Tower,0,2,3,0,5,0,52,4,0,56,0,54,7,0,61,0,0,0,61
11/08/2021,MKK,HI,AWP,WE,Federal Contract Tower,0,8,2,0,10,0,69,9,4,82,0,77,11,4,92,2,0,2,94
11/09/2021,MKK,HI,AWP,WE,Federal Contract Tower,0,4,0,1,5,0,60,14,1,75,0,64,14,2,80,6,0,6,86
11/10/2021,MKK,HI,AWP,WE,Federal Contract Tower,0,5,2,0,7,0,82,20,0,102,0,87,22,0,109,12,0,12,121
11/12/2021,MKK,HI,AWP,WE,Federal Contract Tower,0,5,0,0,5,0,70,4,0,74,0,75,4,0,79,0,0,0,79
11/13/2021,MKK,HI,AWP,WE,Federal Contract Tower,0,0,4,0,4,0,55,15,0,70,0,55,19,0,74,2,0,2,76
11/14/2021,MKK,HI,AWP,WE,Federal Contract Tower,0,6,0,0,6,0,49,5,0,54,0,55,5,0,60,0,0,0,60
11/15/2021,MKK,HI,AWP,WE,Federal Contract Tower,0,7,3,1,11,0,83,9,2,94,0,90,12,3,105,2,0,2,107
11/16/2021,MKK,HI,AWP,WE,Federal Contract Tower,0,4,0,0,4,0,61,4,0,65,0,65,4,0,69,0,0,0,69
11/17/2021,MKK,HI,AWP,WE,Federal Contract Tower,0,6,2,2,10,0,82,14,0,96,0,88,16,2,106,0,0,0,106
11/18/2021,MKK,HI,AWP,WE,Federal Contract Tower,0,11,1,0,12,0,65,12,0,77,0,76,13,0,89,4,0,4,93
11/19/2021,MKK,HI,AWP,WE,Federal Contract Tower,0,4,1,1,6,0,72,10,0,82,0,76,11,1,88,4,0,4,92
11/20/2021,MKK,HI,AWP,WE,Federal Contract Tower,0,0,0,0,0,0,57,13,0,70,0,57,13,0,70,3,0,3,73
11/21/2021,MKK,HI,AWP,WE,Federal Contract Tower,0,3,0,0,3,0,56,15,0,71,0,59,15,0,74,4,0,4,78
11/22/2021,MKK,HI,AWP,WE,Federal Contract Tower,0,9,0,3,12,0,67,12,2,81,0,76,12,5,93,14,0,14,107
11/23/2021,MKK,HI,AWP,WE,Federal Contract Tower,0,3,1,2,6,0,80,12,3,95,0,83,13,5,101,8,0,8,109
11/24/2021,MKK,HI,AWP,WE,Federal Contract Tower,0,2,0,0,2,0,88,8,0,96,0,90,8,0,98,3,0,3,101
11/25/2021,MKK,HI,AWP,WE,Federal Contract Tower,0,0,0,0,0,0,43,9,0,52,0,43,9,0,52,0,0,0,52
11/26/2021,MKK,HI,AWP,WE,Federal Contract Tower,0,5,1,0,6,0,74,13,0,87,0,79,14,0,93,2,0,2,95
11/27/2021,MKK,HI,AWP,WE,Federal Contract Tower,0,1,2,0,3,0,64,12,0,76,0,65,14,0,79,9,0,9,88
11/28/2021,MKK,HI,AWP,WE,Federal Contract Tower,0,4,0,0,4,0,54,9,0,63,0,58,9,0,67,0,0,0,67
11/29/2021,MKK,HI,AWP,WE,Federal Contract Tower,0,19,0,0,19,0,79,3,0,82,0,98,3,0,101,0,0,0,101
11/30/2021,MKK,HI,AWP,WE,Federal Contract Tower,0,4,0,0,4,0,61,8,0,69,0,65,8,0,73,0,0,0,73
12/01/2021,MKK,HI,AWP,WE,Federal Contract Tower,0,5,3,1,9,0,93,7,2,102,0,98,10,3,111,4,0,4,115
12/03/2021,MKK,HI,AWP,WE,Federal Contract Tower,0,35,0,0,35,0,43,5,0,48,0,78,5,0,83,0,0,0,83
12/04/2021,MKK,HI,AWP,WE,Federal Contract Tower,0,3,1,0,4,0,54,8,0,62,0,57,9,0,66,0,0,0,66
12/05/2021,MKK,HI,AWP,WE,Federal Contract Tower,0,33,2,0,35,0,16,2,0,18,0,49,4,0,53,0,0,0,53
12/06/2021,MKK,HI,AWP,WE,Federal Contract Tower,0,33,0,0,33,0,37,0,0,37,0,70,0,0,70,0,0,0,70
12/07/2021,MKK,HI,AWP,WE,Federal Contract Tower,0,22,0,0,22,0,46,1,0,47,0,68,1,0,69,0,0,0,69
12/08/2021,MKK,HI,AWP,WE,Federal Contract Tower,0,17,0,1,18,0,68,5,0,73,0,85,5,1,91,0,0,0,91
12/09/2021,MKK,HI,AWP,WE,Federal Contract Tower,0,6,1,1,8,0,64,12,0,76,0,70,13,1,84,0,0,0,84
12/10/2021,MKK,HI,AWP,WE,Federal Contract Tower,0,5,1,0,6,0,94,12,0,106,0,99,13,0,112,2,0,2,114
12/11/2021,MKK,HI,AWP,WE,Federal Contract Tower,0,3,0,0,3,0,78,13,0,91,0,81,13,0,94,0,0,0,94
12/12/2021,MKK,HI,AWP,WE,Federal Contract Tower,0,1,3,0,4,0,57,11,0,68,0,58,14,0,72,4,0,4,76
12/13/2021,MKK,HI,AWP,WE,Federal Contract Tower,0,10,0,0,10,0,74,12,0,86,0,84,12,0,96,2,0,2,98
12/14/2021,MKK,HI,AWP,WE,Federal Contract Tower,0,8,2,1,11,0,59,3,0,62,0,67,5,1,73,7,0,7,80
12/15/2021,MKK,HI,AWP,WE,Federal Contract Tower,0,6,1,0,7,0,68,4,2,74,0,74,5,2,81,0,5,5,86
12/16/2021,MKK,HI,AWP,WE,Federal Contract Tower,0,7,2,3,12,0,66,8,4,78,0,73,10,7,90,0,4,4,94
12/17/2021,MKK,HI,AWP,WE,Federal Contract Tower,0,7,2,0,9,0,79,10,0,89,0,86,12,0,98,9,0,9,107
12/18/2021,MKK,HI,AWP,WE,Federal Contract Tower,0,5,0,0,5,0,59,4,0,63,0,64,4,0,68,3,0,3,71
12/19/2021,MKK,HI,AWP,WE,Federal Contract Tower,0,5,0,0,5,0,61,0,0,61,0,66,0,0,66,0,0,0,66
12/20/2021,MKK,HI,AWP,WE,Federal Contract Tower,0,6,2,0,8,0,84,11,0,95,0,90,13,0,103,2,0,2,105
12/21/2021,MKK,HI,AWP,WE,Federal Contract Tower,0,13,1,0,14,0,68,4,0,72,0,81,5,0,86,0,0,0,86
12/22/2021,MKK,HI,AWP,WE,Federal Contract Tower,0,13,0,0,13,0,89,7,0,96,0,102,7,0,109,2,0,2,111
12/23/2021,MKK,HI,AWP,WE,Federal Contract Tower,0,5,2,0,7,0,74,7,0,81,0,79,9,0,88,0,0,0,88
12/24/2021,MKK,HI,AWP,WE,Federal Contract Tower,0,4,0,0,4,0,79,2,0,81,0,83,2,0,85,0,0,0,85
12/25/2021,MKK,HI,AWP,WE,Federal Contract Tower,0,1,0,0,1,0,51,2,0,53,0,52,2,0,54,0,0,0,54
12/26/2021,MKK,HI,AWP,WE,Federal Contract Tower,0,1,0,0,1,0,62,8,0,70,0,63,8,0,71,0,0,0,71
12/27/2021,MKK,HI,AWP,WE,Federal Contract Tower,0,6,2,0,8,0,75,9,0,84,0,81,11,0,92,0,0,0,92
12/28/2021,MKK,HI,AWP,WE,Federal Contract Tower,0,3,0,0,3,0,65,7,0,72,0,68,7,0,75,1,0,1,76
12/29/2021,MKK,HI,AWP,WE,Federal Contract Tower,0,3,1,0,4,0,73,14,0,87,0,76,15,0,91,0,0,0,91
12/30/2021,MKK,HI,AWP,WE,Federal Contract Tower,0,7,0,0,7,0,68,4,0,72,0,75,4,0,79,0,0,0,79
12/31/2021,MKK,HI,AWP,WE,Federal Contract Tower,0,40,1,0,41,0,32,0,0,32,0,72,1,0,73,0,0,0,73
01/01/2022,MKK,HI,AWP,WE,Federal Contract Tower,0,3,0,0,3,0,42,0,0,42,0,45,0,0,45,0,0,0,45
01/02/2022,MKK,HI,AWP,WE,Federal Contract Tower,0,4,0,0,4,0,52,0,0,52,0,56,0,0,56,0,0,0,56
01/03/2022,MKK,HI,AWP,WE,Federal Contract Tower,0,10,0,0,10,0,73,2,0,75,0,83,2,0,85,0,0,0,85
01/04/2022,MKK,HI,AWP,WE,Federal Contract Tower,0,8,2,0,10,0,70,6,0,76,0,78,8,0,86,0,0,0,86
01/05/2022,MKK,HI,AWP,WE,Federal Contract Tower,0,8,1,0,9,0,76,13,0,89,0,84,14,0,98,0,0,0,98
01/06/2022,MKK,HI,AWP,WE,Federal Contract Tower,0,6,1,0,7,0,61,4,0,65,0,67,5,0,72,0,0,0,72
01/07/2022,MKK,HI,AWP,WE,Federal Contract Tower,0,6,3,1,10,0,75,3,0,78,0,81,6,1,88,0,0,0,88
01/08/2022,MKK,HI,AWP,WE,Federal Contract Tower,0,0,0,0,0,0,60,6,0,66,0,60,6,0,66,0,0,0,66
01/09/2022,MKK,HI,AWP,WE,Federal Contract Tower,0,3,1,0,4,0,53,11,0,64,0,56,12,0,68,0,0,0,68
01/10/2022,MKK,HI,AWP,WE,Federal Contract Tower,0,8,2,0,10,0,65,6,1,72,0,73,8,1,82,6,0,6,88
01/11/2022,MKK,HI,AWP,WE,Federal Contract Tower,0,4,4,2,10,0,69,5,2,76,0,73,9,4,86,6,0,6,92
01/12/2022,MKK,HI,AWP,WE,Federal Contract Tower,0,5,0,1,6,0,71,3,0,74,0,76,3,1,80,1,0,1,81
01/13/2022,MKK,HI,AWP,WE,Federal Contract Tower,0,6,0,4,10,0,64,6,1,71,0,70,6,5,81,17,0,17,98
01/14/2022,MKK,HI,AWP,WE,Federal Contract Tower,0,5,0,0,5,0,76,17,2,95,0,81,17,2,100,4,0,4,104
01/15/2022,MKK,HI,AWP,WE,Federal Contract Tower,0,2,0,0,2,0,56,6,0,62,0,58,6,0,64,0,0,0,64
01/16/2022,MKK,HI,AWP,WE,Federal Contract Tower,0,2,2,0,4,0,52,19,0,71,0,54,21,0,75,10,0,10,85
01/17/2022,MKK,HI,AWP,WE,Federal Contract Tower,0,7,2,0,9,0,71,8,0,79,0,78,10,0,88,2,0,2,90
01/18/2022,MKK,HI,AWP,WE,Federal Contract Tower,0,3,3,0,6,0,64,10,2,76,0,67,13,2,82,3,0,3,85
01/19/2022,MKK,HI,AWP,WE,Federal Contract Tower,0,8,4,3,15,0,75,13,5,93,0,83,17,8,108,7,0,7,115
01/20/2022,MKK,HI,AWP,WE,Federal Contract Tower,0,3,0,3,6,0,71,11,2,84,0,74,11,5,90,0,0,0,90
01/21/2022,MKK,HI,AWP,WE,Federal Contract Tower,0,5,5,2,12,0,75,10,0,85,0,80,15,2,97,0,0,0,97
01/22/2022,MKK,HI,AWP,WE,Federal Contract Tower,0,1,1,0,2,0,53,15,0,68,0,54,16,0,70,5,0,5,75
01/23/2022,MKK,HI,AWP,WE,Federal Contract Tower,0,6,2,0,8,0,51,15,0,66,0,57,17,0,74,0,0,0,74
01/24/2022,MKK,HI,AWP,WE,Federal Contract Tower,0,8,0,0,8,0,75,9,2,86,0,83,9,2,94,0,0,0,94
01/25/2022,MKK,HI,AWP,WE,Federal Contract Tower,0,7,2,0,9,0,64,6,2,72,0,71,8,2,81,0,0,0,81
01/26/2022,MKK,HI,AWP,WE,Federal Contract Tower,0,5,0,2,7,0,76,11,2,89,0,81,11,4,96,0,0,0,96
01/27/2022,MKK,HI,AWP,WE,Federal Contract Tower,0,9,2,0,11,0,66,7,2,75,0,75,9,2,86,0,0,0,86
01/28/2022,MKK,HI,AWP,WE,Federal Contract Tower,0,3,0,1,4,0,73,8,0,81,0,76,8,1,85,0,0,0,85
01/29/2022,MKK,HI,AWP,WE,Federal Contract Tower,0,0,2,0,2,0,60,7,0,67,0,60,9,0,69,1,0,1,70
01/30/2022,MKK,HI,AWP,WE,Federal Contract Tower,0,1,4,2,7,0,49,13,3,65,0,50,17,5,72,2,0,2,74
01/31/2022,MKK,HI,AWP,WE,Federal Contract Tower,0,7,0,0,7,0,72,2,0,74,0,79,2,0,81,0,0,0,81
02/01/2022,MKK,HI,AWP,WE,Federal Contract Tower,0,3,0,0,3,0,64,7,0,71,0,67,7,0,74,0,0,0,74
02/02/2022,MKK,HI,AWP,WE,Federal Contract Tower,0,6,0,2,8,0,67,19,0,86,0,73,19,2,94,2,0,2,96
02/03/2022,MKK,HI,AWP,WE,Federal Contract Tower,0,11,2,0,13,0,67,16,0,83,0,78,18,0,96,0,0,0,96
02/04/2022,MKK,HI,AWP,WE,Federal Contract Tower,0,4,3,0,7,0,88,23,0,111,0,92,26,0,118,0,0,0,118
02/05/2022,MKK,HI,AWP,WE,Federal Contract Tower,0,0,0,0,0,0,66,8,0,74,0,66,8,0,74,0,0,0,74
02/06/2022,MKK,HI,AWP,WE,Federal Contract Tower,0,0,2,0,2,0,65,4,0,69,0,65,6,0,71,6,0,6,77
02/07/2022,MKK,HI,AWP,WE,Federal Contract Tower,0,6,0,3,9,0,76,11,1,88,0,82,11,4,97,0,0,0,97
02/08/2022,MKK,HI,AWP,WE,Federal Contract Tower,0,4,0,0,4,0,60,8,0,68,0,64,8,0,72,0,4,4,76
02/09/2022,MKK,HI,AWP,WE,Federal Contract Tower,0,4,1,2,7,0,83,16,2,101,0,87,17,4,108,10,0,10,118
02/10/2022,MKK,HI,AWP,WE,Federal Contract Tower,0,6,2,1,9,0,69,14,1,84,0,75,16,2,93,3,0,3,96
02/11/2022,MKK,HI,AWP,WE,Federal Contract Tower,0,4,1,0,5,0,76,15,0,91,0,80,16,0,96,2,0,2,98
02/12/2022,MKK,HI,AWP,WE,Federal Contract Tower,0,4,0,0,4,0,68,5,0,73,0,72,5,0,77,0,0,0,77
02/13/2022,MKK,HI,AWP,WE,Federal Contract Tower,0,2,2,0,4,0,64,16,0,80,0,66,18,0,84,0,0,0,84
02/14/2022,MKK,HI,AWP,WE,Federal Contract Tower,0,8,0,0,8,0,87,14,0,101,0,95,14,0,109,0,0,0,109
02/15/2022,MKK,HI,AWP,WE,Federal Contract Tower,0,7,1,0,8,0,66,11,0,77,0,73,12,0,85,0,0,0,85
02/16/2022,MKK,HI,AWP,WE,Federal Contract Tower,0,3,0,0,3,0,84,3,0,87,0,87,3,0,90,0,0,0,90
02/17/2022,MKK,HI,AWP,WE,Federal Contract Tower,0,5,3,0,8,0,66,4,2,72,0,71,7,2,80,0,0,0,80
02/18/2022,MKK,HI,AWP,WE,Federal Contract Tower,0,4,2,0,6,0,80,12,0,92,0,84,14,0,98,0,0,0,98
02/19/2022,MKK,HI,AWP,WE,Federal Contract Tower,0,6,0,0,6,0,47,2,0,49,0,53,2,0,55,0,0,0,55
02/20/2022,MKK,HI,AWP,WE,Federal Contract Tower,0,14,0,0,14,0,41,2,0,43,0,55,2,0,57,0,0,0,57
02/21/2022,MKK,HI,AWP,WE,Federal Contract Tower,0,30,0,0,30,0,65,1,0,66,0,95,1,0,96,0,0,0,96
02/22/2022,MKK,HI,AWP,WE,Federal Contract Tower,0,2,0,0,2,0,68,7,0,75,0,70,7,0,77,2,0,2,79
02/23/2022,MKK,HI,AWP,WE,Federal Contract Tower,0,5,3,0,8,0,87,18,0,105,0,92,21,0,113,2,0,2,115
02/24/2022,MKK,HI,AWP,WE,Federal Contract Tower,0,4,0,2,6,0,69,6,2,77,0,73,6,4,83,0,5,5,88
02/25/2022,MKK,HI,AWP,WE,Federal Contract Tower,0,5,0,1,6,0,78,7,0,85,0,83,7,1,91,0,0,0,91
02/26/2022,MKK,HI,AWP,WE,Federal Contract Tower,0,2,1,0,3,0,65,4,0,69,0,67,5,0,72,0,0,0,72
02/27/2022,MKK,HI,AWP,WE,Federal Contract Tower,0,2,2,0,4,0,64,16,0,80,0,66,18,0,84,14,0,14,98
02/28/2022,MKK,HI,AWP,WE,Federal Contract Tower,0,5,1,0,6,0,75,4,0,79,0,80,5,0,85,0,0,0,85
03/01/2022,MKK,HI,AWP,WE,Federal Contract Tower,0,6,0,0,6,0,69,14,2,85,0,75,14,2,91,0,4,4,95
03/02/2022,MKK,HI,AWP,WE,Federal Contract Tower,0,5,0,4,9,0,78,8,3,89,0,83,8,7,98,10,0,10,108
03/03/2022,MKK,HI,AWP,WE,Federal Contract Tower,0,6,1,0,7,0,69,5,0,74,0,75,6,0,81,0,0,0,81
03/04/2022,MKK,HI,AWP,WE,Federal Contract Tower,0,6,2,0,8,0,72,10,0,82,0,78,12,0,90,0,0,0,90
03/05/2022,MKK,HI,AWP,WE,Federal Contract Tower,0,3,0,0,3,0,57,20,0,77,0,60,20,0,80,3,0,3,83
03/06/2022,MKK,HI,AWP,WE,Federal Contract Tower,0,2,0,0,2,0,64,16,0,80,0,66,16,0,82,11,0,11,93
03/07/2022,MKK,HI,AWP,WE,Federal Contract Tower,0,6,3,0,9,0,85,19,0,104,0,91,22,0,113,2,0,2,115
03/08/2022,MKK,HI,AWP,WE,Federal Contract Tower,0,3,4,1,8,0,60,10,0,70,0,63,14,1,78,4,0,4,82
03/09/2022,MKK,HI,AWP,WE,Federal Contract Tower,0,5,1,0,6,0,76,8,0,84,0,81,9,0,90,0,0,0,90
03/10/2022,MKK,HI,AWP,WE,Federal Contract Tower,0,3,1,1,5,0,80,6,0,86,0,83,7,1,91,0,0,0,91
03/11/2022,MKK,HI,AWP,WE,Federal Contract Tower,0,6,1,0,7,0,79,12,0,91,0,85,13,0,98,0,0,0,98
03/12/2022,MKK,HI,AWP,WE,Federal Contract Tower,0,0,0,0,0,0,71,11,0,82,0,71,11,0,82,3,0,3,85
03/13/2022,MKK,HI,AWP,WE,Federal Contract Tower,0,0,0,0,0,0,66,7,0,73,0,66,7,0,73,2,0,2,75
03/14/2022,MKK,HI,AWP,WE,Federal Contract Tower,0,6,0,0,6,0,76,15,0,91,0,82,15,0,97,5,0,5,102
03/15/2022,MKK,HI,AWP,WE,Federal Contract Tower,0,3,4,3,10,0,61,6,3,70,0,64,10,6,80,0,2,2,82
03/16/2022,MKK,HI,AWP,WE,Federal Contract Tower,0,9,3,2,14,0,72,18,0,90,0,81,21,2,104,0,0,0,104
03/17/2022,MKK,HI,AWP,WE,Federal Contract Tower,0,6,0,1,7,0,79,14,0,93,0,85,14,1,100,6,0,6,106
03/18/2022,MKK,HI,AWP,WE,Federal Contract Tower,0,3,0,0,3,0,86,4,0,90,0,89,4,0,93,0,0,0,93
03/19/2022,MKK,HI,AWP,WE,Federal Contract Tower,0,1,0,0,1,0,60,5,1,66,0,61,5,1,67,0,0,0,67
03/20/2022,MKK,HI,AWP,WE,Federal Contract Tower,0,15,0,0,15,0,62,3,0,65,0,77,3,0,80,0,0,0,80
03/21/2022,MKK,HI,AWP,WE,Federal Contract Tower,0,11,0,0,11,0,79,6,0,85,0,90,6,0,96,0,0,0,96
03/22/2022,MKK,HI,AWP,WE,Federal Contract Tower,0,2,3,0,5,0,61,6,0,67,0,63,9,0,72,0,0,0,72
03/23/2022,MKK,HI,AWP,WE,Federal Contract Tower,0,7,0,0,7,0,84,4,0,88,0,91,4,0,95,0,0,0,95
03/24/2022,MKK,HI,AWP,WE,Federal Contract Tower,0,1,1,0,2,0,77,11,0,88,0,78,12,0,90,11,0,11,101
03/25/2022,MKK,HI,AWP,WE,Federal Contract Tower,0,10,2,1,13,0,74,6,0,80,0,84,8,1,93,4,0,4,97
03/26/2022,MKK,HI,AWP,WE,Federal Contract Tower,0,10,0,0,10,0,61,6,0,67,0,71,6,0,77,0,0,0,77
03/27/2022,MKK,HI,AWP,WE,Federal Contract Tower,0,7,0,0,7,0,71,14,0,85,0,78,14,0,92,2,0,2,94
03/28/2022,MKK,HI,AWP,WE,Federal Contract Tower,0,10,2,0,12,0,98,12,0,110,0,108,14,0,122,4,0,4,126
03/29/2022,MKK,HI,AWP,WE,Federal Contract Tower,0,2,0,0,2,0,65,17,0,82,0,67,17,0,84,8,0,8,92
03/30/2022,MKK,HI,AWP,WE,Federal Contract Tower,0,6,2,1,9,0,65,13,0,78,0,71,15,1,87,0,0,0,87
03/31/2022,MKK,HI,AWP,WE,Federal Contract Tower,0,7,3,0,10,0,71,7,0,78,0,78,10,0,88,16,0,16,104
04/01/2022,MKK,HI,AWP,WE,Federal Contract Tower,0,11,0,0,11,0,76,5,0,81,0,87,5,0,92,2,0,2,94
04/02/2022,MKK,HI,AWP,WE,Federal Contract Tower,0,0,2,1,3,0,76,4,1,81,0,76,6,2,84,0,0,0,84
04/03/2022,MKK,HI,AWP,WE,Federal Contract Tower,0,4,1,2,7,0,73,3,0,76,0,77,4,2,83,0,0,0,83
04/04/2022,MKK,HI,AWP,WE,Federal Contract Tower,0,6,1,0,7,0,91,1,0,92,0,97,2,0,99,0,0,0,99
04/05/2022,MKK,HI,AWP,WE,Federal Contract Tower,0,8,0,0,8,0,67,13,0,80,0,75,13,0,88,13,0,13,101
04/06/2022,MKK,HI,AWP,WE,Federal Contract Tower,0,6,3,2,11,0,72,7,0,79,0,78,10,2,90,0,0,0,90
04/07/2022,MKK,HI,AWP,WE,Federal Contract Tower,0,9,1,1,11,0,72,8,3,83,0,81,9,4,94,0,2,2,96
04/08/2022,MKK,HI,AWP,WE,Federal Contract Tower,0,10,4,2,16,0,84,6,0,90,0,94,10,2,106,2,0,2,108
04/09/2022,MKK,HI,AWP,WE,Federal Contract Tower,0,0,1,0,1,0,67,19,0,86,0,67,20,0,87,1,0,1,88
04/10/2022,MKK,HI,AWP,WE,Federal Contract Tower,0,0,0,0,0,0,65,9,0,74,0,65,9,0,74,5,0,5,79
04/11/2022,MKK,HI,AWP,WE,Federal Contract Tower,0,7,6,1,14,0,81,20,1,102,0,88,26,2,116,3,0,3,119
04/12/2022,MKK,HI,AWP,WE,Federal Contract Tower,0,3,3,0,6,0,69,18,2,89,0,72,21,2,95,3,0,3,98
04/13/2022,MKK,HI,AWP,WE,Federal Contract Tower,0,7,4,0,11,0,74,8,0,82,0,81,12,0,93,0,0,0,93
04/14/2022,MKK,HI,AWP,WE,Federal Contract Tower,0,6,3,0,9,0,70,3,0,73,0,76,6,0,82,0,0,0,82
04/15/2022,MKK,HI,AWP,WE,Federal Contract Tower,0,8,2,0,10,0,88,20,0,108,0,96,22,0,118,0,0,0,118
04/16/2022,MKK,HI,AWP,WE,Federal Contract Tower,0,3,0,0,3,0,78,3,0,81,0,81,3,0,84,0,0,0,84
04/17/2022,MKK,HI,AWP,WE,Federal Contract Tower,0,1,0,0,1,0,73,8,0,81,0,74,8,0,82,0,0,0,82
04/18/2022,MKK,HI,AWP,WE,Federal Contract Tower,0,6,0,0,6,0,72,4,0,76,0,78,4,0,82,0,0,0,82
04/19/2022,MKK,HI,AWP,WE,Federal Contract Tower,0,10,0,0,10,0,79,9,2,90,0,89,9,2,100,0,0,0,100
04/20/2022,MKK,HI,AWP,WE,Federal Contract Tower,0,3,3,0,6,0,73,4,0,77,0,76,7,0,83,0,0,0,83
04/21/2022,MKK,HI,AWP,WE,Federal Contract Tower,0,6,1,0,7,0,83,3,0,86,0,89,4,0,93,0,0,0,93
04/22/2022,MKK,HI,AWP,WE,Federal Contract Tower,0,6,1,0,7,0,96,5,0,101,0,102,6,0,108,0,0,0,108
04/23/2022,MKK,HI,AWP,WE,Federal Contract Tower,0,5,0,0,5,0,51,2,0,53,0,56,2,0,58,10,0,10,68
04/24/2022,MKK,HI,AWP,WE,Federal Contract Tower,0,3,0,0,3,0,72,1,0,73,0,75,1,0,76,0,0,0,76
04/25/2022,MKK,HI,AWP,WE,Federal Contract Tower,0,5,0,0,5,0,77,2,0,79,0,82,2,0,84,0,0,0,84
04/26/2022,MKK,HI,AWP,WE,Federal Contract Tower,0,4,0,0,4,0,72,10,0,82,0,76,10,0,86,0,0,0,86
04/27/2022,MKK,HI,AWP,WE,Federal Contract Tower,0,11,5,3,19,0,63,13,0,76,0,74,18,3,95,0,0,0,95
04/28/2022,MKK,HI,AWP,WE,Federal Contract Tower,0,6,0,3,9,0,90,13,2,105,0,96,13,5,114,1,0,1,115
04/29/2022,MKK,HI,AWP,WE,Federal Contract Tower,0,6,2,0,8,0,83,12,0,95,0,89,14,0,103,0,1,1,104
04/30/2022,MKK,HI,AWP,WE,Federal Contract Tower,0,1,0,0,1,0,66,10,0,76,0,67,10,0,77,1,0,1,78
05/01/2022,MKK,HI,AWP,WE,Federal Contract Tower,0,7,0,0,7,0,70,2,0,72,0,77,2,0,79,0,0,0,79
05/02/2022,MKK,HI,AWP,WE,Federal Contract Tower,0,10,0,0,10,0,79,2,0,81,0,89,2,0,91,3,0,3,94
05/03/2022,MKK,HI,AWP,WE,Federal Contract Tower,0,3,0,0,3,0,70,8,0,78,0,73,8,0,81,0,0,0,81
05/04/2022,MKK,HI,AWP,WE,Federal Contract Tower,0,5,1,0,6,0,73,8,0,81,0,78,9,0,87,0,0,0,87
05/05/2022,MKK,HI,AWP,WE,Federal Contract Tower,0,5,0,1,6,0,70,6,0,76,0,75,6,1,82,0,0,0,82
05/06/2022,MKK,HI,AWP,WE,Federal Contract Tower,0,3,0,0,3,0,83,6,0,89,0,86,6,0,92,0,0,0,92
05/07/2022,MKK,HI,AWP,WE,Federal Contract Tower,0,5,0,0,5,0,55,0,0,55,0,60,0,0,60,0,0,0,60
05/08/2022,MKK,HI,AWP,WE,Federal Contract Tower,0,4,0,0,4,0,68,8,0,76,0,72,8,0,80,0,0,0,80
05/09/2022,MKK,HI,AWP,WE,Federal Contract Tower,0,6,0,2,8,0,95,8,0,103,0,101,8,2,111,0,0,0,111
05/10/2022,MKK,HI,AWP,WE,Federal Contract Tower,0,4,0,0,4,0,84,14,0,98,0,88,14,0,102,0,0,0,102
05/11/2022,MKK,HI,AWP,WE,Federal Contract Tower,0,5,2,0,7,0,81,10,0,91,0,86,12,0,98,0,0,0,98
05/12/2022,MKK,HI,AWP,WE,Federal Contract Tower,0,3,0,2,5,0,77,4,1,82,0,80,4,3,87,0,0,0,87
05/13/2022,MKK,HI,AWP,WE,Federal Contract Tower,0,6,0,0,6,0,91,17,0,108,0,97,17,0,114,2,0,2,116
05/14/2022,MKK,HI,AWP,WE,Federal Contract Tower,0,1,0,0,1,0,57,10,2,69,0,58,10,2,70,2,0,2,72
05/15/2022,MKK,HI,AWP,WE,Federal Contract Tower,0,2,2,0,4,0,73,15,0,88,0,75,17,0,92,0,0,0,92
05/16/2022,MKK,HI,AWP,WE,Federal Contract Tower,0,8,0,0,8,0,97,6,0,103,0,105,6,0,111,1,0,1,112
05/17/2022,MKK,HI,AWP,WE,Federal Contract Tower,0,2,0,0,2,0,94,7,0,101,0,96,7,0,103,0,0,0,103
05/18/2022,MKK,HI,AWP,WE,Federal Contract Tower,0,6,2,0,8,0,71,1,0,72,0,77,3,0,80,1,0,1,81
05/19/2022,MKK,HI,AWP,WE,Federal Contract Tower,0,9,0,0,9,0,86,4,0,90,0,95,4,0,99,4,0,4,103
05/20/2022,MKK,HI,AWP,WE,Federal Contract Tower,0,23,0,0,23,0,74,12,0,86,0,97,12,0,109,0,0,0,109
05/21/2022,MKK,HI,AWP,WE,Federal Contract Tower,0,2,2,0,4,0,63,9,0,72,0,65,11,0,76,0,0,0,76
05/22/2022,MKK,HI,AWP,WE,Federal Contract Tower,0,0,2,0,2,0,78,8,0,86,0,78,10,0,88,0,0,0,88
05/23/2022,MKK,HI,AWP,WE,Federal Contract Tower,0,4,0,2,6,0,80,11,0,91,0,84,11,2,97,0,0,0,97
05/24/2022,MKK,HI,AWP,WE,Federal Contract Tower,0,4,0,0,4,0,81,7,2,90,0,85,7,2,94,0,3,3,97
05/25/2022,MKK,HI,AWP,WE,Federal Contract Tower,0,3,0,0,3,0,73,18,2,93,0,76,18,2,96,0,0,0,96
05/26/2022,MKK,HI,AWP,WE,Federal Contract Tower,0,3,0,1,4,0,90,4,1,95,0,93,4,2,99,0,0,0,99
05/27/2022,MKK,HI,AWP,WE,Federal Contract Tower,0,7,0,2,9,0,90,6,0,96,0,97,6,2,105,0,0,0,105
05/28/2022,MKK,HI,AWP,WE,Federal Contract Tower,0,2,0,0,2,0,60,6,0,66,0,62,6,0,68,0,0,0,68
05/29/2022,MKK,HI,AWP,WE,Federal Contract Tower,0,8,0,1,9,0,71,10,1,82,0,79,10,2,91,0,0,0,91
05/30/2022,MKK,HI,AWP,WE,Federal Contract Tower,0,1,0,0,1,0,82,12,0,94,0,83,12,0,95,1,0,1,96
05/31/2022,MKK,HI,AWP,WE,Federal Contract Tower,0,5,2,0,7,0,74,5,0,79,0,79,7,0,86,2,0,2,88
06/01/2022,MKK,HI,AWP,WE,Federal Contract Tower,0,5,0,1,6,0,71,15,0,86,0,76,15,1,92,0,0,0,92
06/02/2022,MKK,HI,AWP,WE,Federal Contract Tower,0,8,2,0,10,0,69,7,5,81,0,77,9,5,91,0,0,0,91
06/03/2022,MKK,HI,AWP,WE,Federal Contract Tower,0,4,0,0,4,0,84,10,0,94,0,88,10,0,98,8,0,8,106
06/04/2022,MKK,HI,AWP,WE,Federal Contract Tower,0,0,0,1,1,0,65,3,0,68,0,65,3,1,69,6,0,6,75
06/05/2022,MKK,HI,AWP,WE,Federal Contract Tower,0,1,0,0,1,0,68,4,0,72,0,69,4,0,73,0,0,0,73
06/06/2022,MKK,HI,AWP,WE,Federal Contract Tower,0,8,0,0,8,0,87,14,0,101,0,95,14,0,109,0,0,0,109
06/07/2022,MKK,HI,AWP,WE,Federal Contract Tower,0,1,4,0,5,0,73,7,2,82,0,74,11,2,87,0,0,0,87
06/08/2022,MKK,HI,AWP,WE,Federal Contract Tower,0,3,1,0,4,0,83,2,0,85,0,86,3,0,89,3,0,3,92
06/09/2022,MKK,HI,AWP,WE,Federal Contract Tower,0,8,2,0,10,0,77,11,1,89,0,85,13,1,99,0,0,0,99
06/10/2022,MKK,HI,AWP,WE,Federal Contract Tower,0,2,2,0,4,0,81,13,0,94,0,83,15,0,98,0,0,0,98
06/11/2022,MKK,HI,AWP,WE,Federal Contract Tower,0,2,0,0,2,0,77,13,0,90,0,79,13,0,92,0,0,0,92
06/12/2022,MKK,HI,AWP,WE,Federal Contract Tower,0,2,0,0,2,0,74,3,0,77,0,76,3,0,79,0,0,0,79
06/13/2022,MKK,HI,AWP,WE,Federal Contract Tower,0,6,1,0,7,0,83,10,0,93,0,89,11,0,100,0,0,0,100
06/14/2022,MKK,HI,AWP,WE,Federal Contract Tower,0,3,0,0,3,0,70,7,0,77,0,73,7,0,80,0,0,0,80
06/15/2022,MKK,HI,AWP,WE,Federal Contract Tower,0,11,0,1,12,0,72,5,3,80,0,83,5,4,92,0,0,0,92
06/16/2022,MKK,HI,AWP,WE,Federal Contract Tower,0,3,1,4,8,0,73,11,0,84,0,76,12,4,92,0,0,0,92
06/17/2022,MKK,HI,AWP,WE,Federal Contract Tower,0,4,2,0,6,0,78,9,0,87,0,82,11,0,93,0,0,0,93
06/18/2022,MKK,HI,AWP,WE,Federal Contract Tower,0,0,0,0,0,0,64,4,0,68,0,64,4,0,68,0,0,0,68
06/19/2022,MKK,HI,AWP,WE,Federal Contract Tower,0,0,0,0,0,0,74,4,0,78,0,74,4,0,78,0,0,0,78
06/20/2022,MKK,HI,AWP,WE,Federal Contract Tower,0,6,0,0,6,0,79,6,4,89,0,85,6,4,95,1,0,1,96
06/21/2022,MKK,HI,AWP,WE,Federal Contract Tower,0,4,0,0,4,0,72,17,0,89,0,76,17,0,93,0,0,0,93
06/22/2022,MKK,HI,AWP,WE,Federal Contract Tower,0,6,0,0,6,0,70,16,0,86,0,76,16,0,92,0,0,0,92
06/23/2022,MKK,HI,AWP,WE,Federal Contract Tower,0,3,0,2,5,0,64,4,0,68,0,67,4,2,73,0,0,0,73
06/24/2022,MKK,HI,AWP,WE,Federal Contract Tower,0,9,1,0,10,0,82,12,0,94,0,91,13,0,104,0,0,0,104
06/25/2022,MKK,HI,AWP,WE,Federal Contract Tower,0,3,0,0,3,0,67,21,0,88,0,70,21,0,91,0,0,0,91
06/26/2022,MKK,HI,AWP,WE,Federal Contract Tower,0,0,0,0,0,0,80,8,0,88,0,80,8,0,88,2,0,2,90
06/27/2022,MKK,HI,AWP,WE,Federal Contract Tower,0,4,0,0,4,0,78,13,0,91,0,82,13,0,95,0,0,0,95
06/28/2022,MKK,HI,AWP,WE,Federal Contract Tower,0,2,0,2,4,0,70,14,0,84,0,72,14,2,88,6,0,6,94
06/29/2022,MKK,HI,AWP,WE,Federal Contract Tower,0,4,0,2,6,0,70,10,0,80,0,74,10,2,86,0,0,0,86
06/30/2022,MKK,HI,AWP,WE,Federal Contract Tower,0,4,0,1,5,0,89,22,2,113,0,93,22,3,118,4,0,4,122
07/01/2022,MKK,HI,AWP,WE,Federal Contract Tower,0,4,0,0,4,0,85,10,0,95,0,89,10,0,99,0,0,0,99
07/02/2022,MKK,HI,AWP,WE,Federal Contract Tower,0,1,0,0,1,0,75,0,0,75,0,76,0,0,76,0,0,0,76
07/03/2022,MKK,HI,AWP,WE,Federal Contract Tower,0,7,0,0,7,0,68,3,0,71,0,75,3,0,78,0,0,0,78
07/04/2022,MKK,HI,AWP,WE,Federal Contract Tower,0,2,0,0,2,0,72,2,0,74,0,74,2,0,76,0,0,0,76
07/05/2022,MKK,HI,AWP,WE,Federal Contract Tower,0,5,0,0,5,0,72,3,0,75,0,77,3,0,80,0,0,0,80
07/06/2022,MKK,HI,AWP,WE,Federal Contract Tower,0,6,0,0,6,0,75,4,0,79,0,81,4,0,85,0,0,0,85
07/07/2022,MKK,HI,AWP,WE,Federal Contract Tower,0,5,1,2,8,0,81,4,0,85,0,86,5,2,93,0,0,0,93
07/08/2022,MKK,HI,AWP,WE,Federal Contract Tower,0,7,0,0,7,0,91,7,0,98,0,98,7,0,105,0,0,0,105
07/09/2022,MKK,HI,AWP,WE,Federal Contract Tower,0,0,0,0,0,0,67,6,0,73,0,67,6,0,73,0,0,0,73
07/10/2022,MKK,HI,AWP,WE,Federal Contract Tower,0,0,0,2,2,0,62,6,0,68,0,62,6,2,70,0,0,0,70
07/11/2022,MKK,HI,AWP,WE,Federal Contract Tower,0,4,0,0,4,0,80,5,0,85,0,84,5,0,89,0,0,0,89
07/12/2022,MKK,HI,AWP,WE,Federal Contract Tower,0,16,0,0,16,0,88,3,0,91,0,104,3,0,107,0,0,0,107
07/13/2022,MKK,HI,AWP,WE,Federal Contract Tower,0,6,0,0,6,0,71,3,0,74,0,77,3,0,80,0,0,0,80
07/14/2022,MKK,HI,AWP,WE,Federal Contract Tower,0,8,0,0,8,0,81,8,0,89,0,89,8,0,97,0,0,0,97
07/15/2022,MKK,HI,AWP,WE,Federal Contract Tower,0,5,1,0,6,0,91,19,0,110,0,96,20,0,116,3,0,3,119
07/16/2022,MKK,HI,AWP,WE,Federal Contract Tower,0,2,0,0,2,0,76,4,0,80,0,78,4,0,82,0,0,0,82
07/17/2022,MKK,HI,AWP,WE,Federal Contract Tower,0,4,0,0,4,0,62,10,0,72,0,66,10,0,76,0,0,0,76
07/18/2022,MKK,HI,AWP,WE,Federal Contract Tower,0,9,0,0,9,0,80,5,0,85,0,89,5,0,94,0,0,0,94
07/19/2022,MKK,HI,AWP,WE,Federal Contract Tower,0,5,2,0,7,0,91,14,0,105,0,96,16,0,112,0,0,0,112
07/20/2022,MKK,HI,AWP,WE,Federal Contract Tower,0,4,0,2,6,0,92,10,0,102,0,96,10,2,108,0,0,0,108
07/21/2022,MKK,HI,AWP,WE,Federal Contract Tower,0,8,0,0,8,0,88,4,0,92,0,96,4,0,100,0,6,6,106
07/22/2022,MKK,HI,AWP,WE,Federal Contract Tower,0,6,0,0,6,0,98,10,0,108,0,104,10,0,114,0,0,0,114
07/23/2022,MKK,HI,AWP,WE,Federal Contract Tower,0,3,0,0,3,0,72,21,0,93,0,75,21,0,96,0,0,0,96
07/24/2022,MKK,HI,AWP,WE,Federal Contract Tower,0,4,0,0,4,0,70,9,0,79,0,74,9,0,83,0,0,0,83
07/25/2022,MKK,HI,AWP,WE,Federal Contract Tower,0,7,0,0,7,0,81,10,6,97,0,88,10,6,104,0,0,0,104
07/26/2022,MKK,HI,AWP,WE,Federal Contract Tower,0,3,0,0,3,0,74,4,0,78,0,77,4,0,81,0,0,0,81
07/27/2022,MKK,HI,AWP,WE,Federal Contract Tower,0,4,0,4,8,0,86,11,0,97,0,90,11,4,105,2,0,2,107
07/28/2022,MKK,HI,AWP,WE,Federal Contract Tower,0,4,0,0,4,0,89,24,0,113,0,93,24,0,117,4,0,4,121
07/29/2022,MKK,HI,AWP,WE,Federal Contract Tower,0,4,0,0,4,0,93,44,0,137,0,97,44,0,141,0,0,0,141
07/30/2022,MKK,HI,AWP,WE,Federal Contract Tower,0,1,0,1,2,0,80,9,0,89,0,81,9,1,91,0,0,0,91
07/31/2022,MKK,HI,AWP,WE,Federal Contract Tower,0,1,0,0,1,0,60,19,2,81,0,61,19,2,82,0,4,4,86
08/01/2022,MKK,HI,AWP,WE,Federal Contract Tower,0,7,0,0,7,0,77,2,0,79,0,84,2,0,86,0,0,0,86
08/02/2022,MKK,HI,AWP,WE,Federal Contract Tower,0,3,0,0,3,0,70,14,2,86,0,73,14,2,89,14,10,24,113
08/03/2022,MKK,HI,AWP,WE,Federal Contract Tower,0,8,2,0,10,0,77,6,2,85,0,85,8,2,95,0,5,5,100
08/04/2022,MKK,HI,AWP,WE,Federal Contract Tower,0,5,0,2,7,0,70,9,0,79,0,75,9,2,86,8,0,8,94
08/05/2022,MKK,HI,AWP,WE,Federal Contract Tower,0,6,1,0,7,0,83,10,0,93,0,89,11,0,100,0,0,0,100
08/06/2022,MKK,HI,AWP,WE,Federal Contract Tower,0,2,0,0,2,0,68,6,2,76,0,70,6,2,78,0,0,0,78
08/07/2022,MKK,HI,AWP,WE,Federal Contract Tower,0,3,0,0,3,0,75,8,0,83,0,78,8,0,86,5,0,5,91
08/08/2022,MKK,HI,AWP,WE,Federal Contract Tower,0,11,0,0,11,0,83,10,0,93,0,94,10,0,104,0,0,0,104
08/09/2022,MKK,HI,AWP,WE,Federal Contract Tower,0,4,0,0,4,0,72,3,0,75,0,76,3,0,79,0,0,0,79
08/10/2022,MKK,HI,AWP,WE,Federal Contract Tower,0,6,1,0,7,0,88,2,0,90,0,94,3,0,97,2,0,2,99
08/11/2022,MKK,HI,AWP,WE,Federal Contract Tower,0,2,1,0,3,0,84,3,0,87,0,86,4,0,90,12,0,12,102
08/12/2022,MKK,HI,AWP,WE,Federal Contract Tower,0,5,0,0,5,0,84,7,0,91,0,89,7,0,96,0,0,0,96
08/13/2022,MKK,HI,AWP,WE,Federal Contract Tower,0,1,1,0,2,0,78,5,0,83,0,79,6,0,85,4,0,4,89
08/14/2022,MKK,HI,AWP,WE,Federal Contract Tower,0,2,0,0,2,0,66,6,0,72,0,68,6,0,74,0,0,0,74
08/15/2022,MKK,HI,AWP,WE,Federal Contract Tower,0,6,2,0,8,0,80,12,0,92,0,86,14,0,100,6,0,6,106
08/16/2022,MKK,HI,AWP,WE,Federal Contract Tower,0,1,0,0,1,0,78,6,0,84,0,79,6,0,85,22,0,22,107
08/17/2022,MKK,HI,AWP,WE,Federal Contract Tower,0,0,2,0,2,0,76,13,2,91,0,76,15,2,93,2,0,2,95
08/18/2022,MKK,HI,AWP,WE,Federal Contract Tower,0,4,0,0,4,0,98,14,0,112,0,102,14,0,116,0,0,0,116
08/19/2022,MKK,HI,AWP,WE,Federal Contract Tower,0,4,0,4,8,0,93,8,0,101,0,97,8,4,109,8,8,16,125
08/20/2022,MKK,HI,AWP,WE,Federal Contract Tower,0,0,0,0,0,0,78,6,0,84,0,78,6,0,84,0,0,0,84
08/21/2022,MKK,HI,AWP,WE,Federal Contract Tower,0,3,0,0,3,0,74,9,0,83,0,77,9,0,86,0,0,0,86
08/22/2022,MKK,HI,AWP,WE,Federal Contract Tower,0,11,0,2,13,0,82,18,1,101,0,93,18,3,114,4,0,4,118
08/23/2022,MKK,HI,AWP,WE,Federal Contract Tower,0,10,0,1,11,0,62,3,0,65,0,72,3,1,76,0,0,0,76
08/24/2022,MKK,HI,AWP,WE,Federal Contract Tower,0,2,0,2,4,0,83,6,0,89,0,85,6,2,93,2,0,2,95
08/25/2022,MKK,HI,AWP,WE,Federal Contract Tower,0,6,2,0,8,0,102,10,0,112,0,108,12,0,120,0,0,0,120
08/26/2022,MKK,HI,AWP,WE,Federal Contract Tower,0,6,0,1,7,0,91,8,0,99,0,97,8,1,106,0,0,0,106
08/27/2022,MKK,HI,AWP,WE,Federal Contract Tower,0,0,0,0,0,0,76,4,0,80,0,76,4,0,80,0,0,0,80
08/28/2022,MKK,HI,AWP,WE,Federal Contract Tower,0,0,0,0,0,0,63,5,0,68,0,63,5,0,68,2,0,2,70
08/29/2022,MKK,HI,AWP,WE,Federal Contract Tower,0,7,0,2,9,0,79,11,1,91,0,86,11,3,100,0,0,0,100
08/30/2022,MKK,HI,AWP,WE,Federal Contract Tower,0,6,0,1,7,0,68,17,5,90,0,74,17,6,97,0,0,0,97
08/31/2022,MKK,HI,AWP,WE,Federal Contract Tower,0,3,0,0,3,0,79,19,0,98,0,82,19,0,101,0,0,0,101
09/01/2022,MKK,HI,AWP,WE,Federal Contract Tower,0,8,0,0,8,0,93,9,0,102,0,101,9,0,110,8,0,8,118
09/02/2022,MKK,HI,AWP,WE,Federal Contract Tower,0,6,0,0,6,0,92,9,0,101,0,98,9,0,107,0,0,0,107
09/03/2022,MKK,HI,AWP,WE,Federal Contract Tower,0,5,0,0,5,0,71,1,0,72,0,76,1,0,77,0,0,0,77
09/04/2022,MKK,HI,AWP,WE,Federal Contract Tower,0,4,0,0,4,0,67,10,0,77,0,71,10,0,81,0,0,0,81
09/05/2022,MKK,HI,AWP,WE,Federal Contract Tower,0,5,0,0,5,0,72,17,0,89,0,77,17,0,94,14,0,14,108
09/06/2022,MKK,HI,AWP,WE,Federal Contract Tower,0,3,0,2,5,0,73,8,0,81,0,76,8,2,86,0,0,0,86
09/07/2022,MKK,HI,AWP,WE,Federal Contract Tower,0,3,0,0,3,0,71,13,0,84,0,74,13,0,87,8,0,8,95
09/08/2022,MKK,HI,AWP,WE,Federal Contract Tower,0,5,0,0,5,0,94,5,0,99,0,99,5,0,104,0,0,0,104
09/09/2022,MKK,HI,AWP,WE,Federal Contract Tower,0,10,2,0,12,0,65,9,0,74,0,75,11,0,86,0,12,12,98
09/10/2022,MKK,HI,AWP,WE,Federal Contract Tower,0,4,0,0,4,0,60,4,0,64,0,64,4,0,68,8,0,8,76
09/11/2022,MKK,HI,AWP,WE,Federal Contract Tower,0,6,0,0,6,0,59,10,0,69,0,65,10,0,75,0,0,0,75
09/12/2022,MKK,HI,AWP,WE,Federal Contract Tower,0,4,0,0,4,0,62,6,1,69,0,66,6,1,73,0,0,0,73
09/13/2022,MKK,HI,AWP,WE,Federal Contract Tower,0,6,0,2,8,0,56,5,0,61,0,62,5,2,69,0,10,10,79
09/14/2022,MKK,HI,AWP,WE,Federal Contract Tower,0,5,0,4,9,0,92,7,0,99,0,97,7,4,108,2,0,2,110
09/15/2022,MKK,HI,AWP,WE,Federal Contract Tower,0,7,0,2,9,0,81,8,0,89,0,88,8,2,98,2,30,32,130
09/16/2022,MKK,HI,AWP,WE,Federal Contract Tower,0,4,0,0,4,0,81,7,0,88,0,85,7,0,92,0,0,0,92
09/17/2022,MKK,HI,AWP,WE,Federal Contract Tower,0,3,0,0,3,0,76,13,0,89,0,79,13,0,92,4,0,4,96
09/18/2022,MKK,HI,AWP,WE,Federal Contract Tower,0,3,0,0,3,0,72,5,0,77,0,75,5,0,80,0,0,0,80
09/19/2022,MKK,HI,AWP,WE,Federal Contract Tower,0,7,0,0,7,0,79,6,0,85,0,86,6,0,92,0,0,0,92
09/20/2022,MKK,HI,AWP,WE,Federal Contract Tower,0,5,4,2,11,0,76,1,2,79,0,81,5,4,90,0,40,40,130
09/21/2022,MKK,HI,AWP,WE,Federal Contract Tower,0,4,0,4,8,0,88,8,4,100,0,92,8,8,108,0,0,0,108
09/22/2022,MKK,HI,AWP,WE,Federal Contract Tower,0,3,0,0,3,0,90,8,4,102,0,93,8,4,105,0,0,0,105
09/23/2022,MKK,HI,AWP,WE,Federal Contract Tower,0,5,1,0,6,0,89,5,0,94,0,94,6,0,100,8,0,8,108
09/24/2022,MKK,HI,AWP,WE,Federal Contract Tower,0,0,0,0,0,0,73,4,0,77,0,73,4,0,77,0,0,0,77
09/25/2022,MKK,HI,AWP,WE,Federal Contract Tower,0,4,0,0,4,0,81,3,2,86,0,85,3,2,90,0,6,6,96
09/26/2022,MKK,HI,AWP,WE,Federal Contract Tower,0,4,0,0,4,0,89,10,0,99,0,93,10,0,103,0,0,0,103
09/27/2022,MKK,HI,AWP,WE,Federal Contract Tower,0,4,1,4,9,0,64,10,0,74,0,68,11,4,83,4,0,4,87
09/28/2022,MKK,HI,AWP,WE,Federal Contract Tower,0,4,1,2,7,0,82,1,0,83,0,86,2,2,90,12,0,12,102
09/29/2022,MKK,HI,AWP,WE,Federal Contract Tower,0,9,2,4,15,0,80,8,2,90,0,89,10,6,105,4,2,6,111
09/30/2022,MKK,HI,AWP,WE,Federal Contract Tower,0,4,7,0,11,0,89,16,0,105,0,93,23,0,116,0,0,0,116
10/01/2022,MKK,HI,AWP,WE,Federal Contract Tower,0,0,7,0,7,0,58,12,0,70,0,58,19,0,77,0,0,0,77
10/02/2022,MKK,HI,AWP,WE,Federal Contract Tower,0,29,0,0,29,0,34,0,0,34,0,63,0,0,63,0,0,0,63
10/03/2022,MKK,HI,AWP,WE,Federal Contract Tower,0,13,0,1,14,0,65,14,2,81,0,78,14,3,95,0,0,0,95
10/04/2022,MKK,HI,AWP,WE,Federal Contract Tower,0,6,0,0,6,0,49,4,2,55,0,55,4,2,61,0,0,0,61
10/05/2022,MKK,HI,AWP,WE,Federal Contract Tower,0,1,0,0,1,0,59,5,2,66,0,60,5,2,67,0,0,0,67
10/06/2022,MKK,HI,AWP,WE,Federal Contract Tower,0,4,0,3,7,0,115,6,1,122,0,119,6,4,129,0,0,0,129
10/07/2022,MKK,HI,AWP,WE,Federal Contract Tower,0,22,1,0,23,0,86,14,0,100,0,108,15,0,123,2,0,2,125
10/08/2022,MKK,HI,AWP,WE,Federal Contract Tower,0,2,0,0,2,0,73,8,0,81,0,75,8,0,83,0,0,0,83
10/09/2022,MKK,HI,AWP,WE,Federal Contract Tower,0,5,0,0,5,0,67,9,0,76,0,72,9,0,81,0,0,0,81
10/10/2022,MKK,HI,AWP,WE,Federal Contract Tower,0,10,2,1,13,0,76,10,1,87,0,86,12,2,100,0,0,0,100
10/11/2022,MKK,HI,AWP,WE,Federal Contract Tower,0,12,0,0,12,0,87,5,0,92,0,99,5,0,104,0,0,0,104
10/12/2022,MKK,HI,AWP,WE,Federal Contract Tower,0,4,0,0,4,0,89,5,2,96,0,93,5,2,100,0,12,12,112
10/13/2022,MKK,HI,AWP,WE,Federal Contract Tower,0,10,0,1,11,0,85,10,1,96,0,95,10,2,107,0,0,0,107
10/14/2022,MKK,HI,AWP,WE,Federal Contract Tower,0,5,1,1,7,0,88,10,2,100,0,93,11,3,107,0,0,0,107
10/15/2022,MKK,HI,AWP,WE,Federal Contract Tower,0,0,0,0,0,0,72,2,0,74,0,72,2,0,74,0,0,0,74
10/16/2022,MKK,HI,AWP,WE,Federal Contract Tower,0,3,0,0,3,0,69,5,0,74,0,72,5,0,77,0,0,0,77
10/17/2022,MKK,HI,AWP,WE,Federal Contract Tower,0,5,0,0,5,0,71,10,0,81,0,76,10,0,86,0,0,0,86
10/18/2022,MKK,HI,AWP,WE,Federal Contract Tower,0,4,1,0,5,0,64,10,2,76,0,68,11,2,81,0,0,0,81
10/19/2022,MKK,HI,AWP,WE,Federal Contract Tower,0,7,2,0,9,0,88,7,0,95,0,95,9,0,104,10,0,10,114
10/20/2022,MKK,HI,AWP,WE,Federal Contract Tower,0,22,0,0,22,0,65,5,3,73,0,87,5,3,95,6,6,12,107
10/21/2022,MKK,HI,AWP,WE,Federal Contract Tower,0,3,1,0,4,0,102,20,2,124,0,105,21,2,128,0,0,0,128
10/22/2022,MKK,HI,AWP,WE,Federal Contract Tower,0,1,0,0,1,0,79,7,0,86,0,80,7,0,87,0,0,0,87
10/23/2022,MKK,HI,AWP,WE,Federal Contract Tower,0,2,1,0,3,0,78,8,0,86,0,80,9,0,89,0,0,0,89
10/24/2022,MKK,HI,AWP,WE,Federal Contract Tower,0,4,0,0,4,0,69,0,2,71,0,73,0,2,75,0,0,0,75
10/25/2022,MKK,HI,AWP,WE,Federal Contract Tower,0,2,2,0,4,0,79,9,0,88,0,81,11,0,92,6,0,6,98
10/26/2022,MKK,HI,AWP,WE,Federal Contract Tower,0,8,1,2,11,0,64,4,0,68,0,72,5,2,79,6,8,14,93
10/27/2022,MKK,HI,AWP,WE,Federal Contract Tower,0,4,0,2,6,0,71,8,0,79,0,75,8,2,85,0,4,4,89
10/28/2022,MKK,HI,AWP,WE,Federal Contract Tower,0,7,2,0,9,0,88,5,0,93,0,95,7,0,102,6,0,6,108
10/29/2022,MKK,HI,AWP,WE,Federal Contract Tower,0,0,1,4,5,0,60,8,0,68,0,60,9,4,73,0,0,0,73
10/30/2022,MKK,HI,AWP,WE,Federal Contract Tower,0,4,0,0,4,0,57,8,0,65,0,61,8,0,69,3,0,3,72
10/31/2022,MKK,HI,AWP,WE,Federal Contract Tower,0,10,1,0,11,0,61,12,0,73,0,71,13,0,84,3,0,3,87
11/01/2022,MKK,HI,AWP,WE,Federal Contract Tower,0,2,1,1,4,0,92,19,1,112,0,94,20,2,116,8,0,8,124
11/02/2022,MKK,HI,AWP,WE,Federal Contract Tower,0,4,0,0,4,0,86,9,0,95,0,90,9,0,99,6,0,6,105
11/03/2022,MKK,HI,AWP,WE,Federal Contract Tower,0,11,0,0,11,0,77,6,0,83,0,88,6,0,94,0,0,0,94
11/04/2022,MKK,HI,AWP,WE,Federal Contract Tower,0,7,0,0,7,0,74,12,0,86,0,81,12,0,93,2,0,2,95
11/05/2022,MKK,HI,AWP,WE,Federal Contract Tower,0,1,0,0,1,0,66,10,2,78,0,67,10,2,79,10,4,14,93
11/06/2022,MKK,HI,AWP,WE,Federal Contract Tower,0,4,0,1,5,0,55,6,0,61,0,59,6,1,66,0,0,0,66
11/07/2022,MKK,HI,AWP,WE,Federal Contract Tower,0,10,0,0,10,0,65,4,0,69,0,75,4,0,79,0,0,0,79
11/08/2022,MKK,HI,AWP,WE,Federal Contract Tower,0,4,0,0,4,0,85,9,0,94,0,89,9,0,98,5,0,5,103
11/09/2022,MKK,HI,AWP,WE,Federal Contract Tower,0,4,3,0,7,0,87,10,0,97,0,91,13,0,104,4,0,4,108
11/10/2022,MKK,HI,AWP,WE,Federal Contract Tower,0,7,2,1,10,0,93,8,4,105,0,100,10,5,115,10,20,30,145
11/11/2022,MKK,HI,AWP,WE,Federal Contract Tower,0,6,0,0,6,0,72,7,0,79,0,78,7,0,85,0,0,0,85
11/12/2022,MKK,HI,AWP,WE,Federal Contract Tower,0,5,0,0,5,0,58,4,0,62,0,63,4,0,67,6,0,6,73
11/13/2022,MKK,HI,AWP,WE,Federal Contract Tower,0,7,0,0,7,0,66,10,0,76,0,73,10,0,83,3,0,3,86
11/14/2022,MKK,HI,AWP,WE,Federal Contract Tower,0,9,1,0,10,0,72,10,0,82,0,81,11,0,92,0,0,0,92
11/15/2022,MKK,HI,AWP,WE,Federal Contract Tower,0,11,4,0,15,0,70,8,1,79,0,81,12,1,94,2,0,2,96
11/16/2022,MKK,HI,AWP,WE,Federal Contract Tower,0,3,1,1,5,0,101,28,0,129,0,104,29,1,134,4,0,4,138
11/17/2022,MKK,HI,AWP,WE,Federal Contract Tower,0,10,0,0,10,0,84,8,0,92,0,94,8,0,102,2,2,4,106
11/18/2022,MKK,HI,AWP,WE,Federal Contract Tower,0,9,0,0,9,0,82,8,0,90,0,91,8,0,99,0,0,0,99
11/19/2022,MKK,HI,AWP,WE,Federal Contract Tower,0,7,0,0,7,0,74,7,0,81,0,81,7,0,88,0,0,0,88
11/20/2022,MKK,HI,AWP,WE,Federal Contract Tower,0,5,2,0,7,0,59,11,0,70,0,64,13,0,77,5,0,5,82
11/21/2022,MKK,HI,AWP,WE,Federal Contract Tower,0,3,3,2,8,0,80,7,3,90,0,83,10,5,98,0,8,8,106
11/23/2022,MKK,HI,AWP,WE,Federal Contract Tower,0,6,2,2,10,0,88,12,4,104,0,94,14,6,114,3,16,19,133
11/24/2022,MKK,HI,AWP,WE,Federal Contract Tower,0,21,2,0,23,0,48,2,0,50,0,69,4,0,73,0,0,0,73
11/25/2022,MKK,HI,AWP,WE,Federal Contract Tower,0,3,0,0,3,0,76,7,0,83,0,79,7,0,86,0,0,0,86
11/26/2022,MKK,HI,AWP,WE,Federal Contract Tower,0,7,0,0,7,0,56,8,0,64,0,63,8,0,71,2,0,2,73
11/27/2022,MKK,HI,AWP,WE,Federal Contract Tower,0,2,0,0,2,0,61,6,0,67,0,63,6,0,69,0,0,0,69
11/28/2022,MKK,HI,AWP,WE,Federal Contract Tower,0,25,1,0,26,0,66,0,0,66,0,91,1,0,92,0,0,0,92
11/29/2022,MKK,HI,AWP,WE,Federal Contract Tower,0,13,0,2,15,0,80,13,0,93,0,93,13,2,108,2,0,2,110
11/30/2022,MKK,HI,AWP,WE,Federal Contract Tower,0,8,2,0,10,0,92,11,0,103,0,100,13,0,113,0,0,0,113
12/01/2022,MKK,HI,AWP,WE,Federal Contract Tower,0,8,8,3,19,0,69,6,0,75,0,77,14,3,94,2,0,2,96
12/02/2022,MKK,HI,AWP,WE,Federal Contract Tower,0,6,1,0,7,0,84,6,2,92,0,90,7,2,99,0,0,0,99
12/03/2022,MKK,HI,AWP,WE,Federal Contract Tower,0,4,1,0,5,0,67,12,0,79,0,71,13,0,84,0,0,0,84
12/04/2022,MKK,HI,AWP,WE,Federal Contract Tower,0,3,1,0,4,0,61,11,0,72,0,64,12,0,76,1,0,1,77
12/05/2022,MKK,HI,AWP,WE,Federal Contract Tower,0,8,0,0,8,0,67,11,0,78,0,75,11,0,86,2,0,2,88
12/06/2022,MKK,HI,AWP,WE,Federal Contract Tower,0,8,0,0,8,0,81,8,0,89,0,89,8,0,97,2,0,2,99
12/08/2022,MKK,HI,AWP,WE,Federal Contract Tower,0,6,1,0,7,0,97,2,0,99,0,103,3,0,106,0,0,0,106
12/09/2022,MKK,HI,AWP,WE,Federal Contract Tower,0,5,0,0,5,0,98,7,0,105,0,103,7,0,110,0,0,0,110
12/10/2022,MKK,HI,AWP,WE,Federal Contract Tower,0,2,0,0,2,0,66,8,0,74,0,68,8,0,76,0,0,0,76
12/11/2022,MKK,HI,AWP,WE,Federal Contract Tower,0,5,0,0,5,0,79,10,0,89,0,84,10,0,94,0,0,0,94
12/12/2022,MKK,HI,AWP,WE,Federal Contract Tower,0,11,0,0,11,0,85,1,0,86,0,96,1,0,97,0,0,0,97
12/13/2022,MKK,HI,AWP,WE,Federal Contract Tower,0,4,2,0,6,0,89,7,0,96,0,93,9,0,102,0,0,0,102
12/14/2022,MKK,HI,AWP,WE,Federal Contract Tower,0,5,1,2,8,0,88,13,0,101,0,93,14,2,109,16,0,16,125
12/15/2022,MKK,HI,AWP,WE,Federal Contract Tower,0,5,3,0,8,0,80,17,0,97,0,85,20,0,105,20,0,20,125
12/16/2022,MKK,HI,AWP,WE,Federal Contract Tower,0,9,1,0,10,0,76,6,0,82,0,85,7,0,92,2,0,2,94
12/17/2022,MKK,HI,AWP,WE,Federal Contract Tower,0,30,2,0,32,0,33,12,0,45,0,63,14,0,77,0,0,0,77
12/19/2022,MKK,HI,AWP,WE,Federal Contract Tower,0,13,1,0,14,0,38,0,0,38,0,51,1,0,52,0,0,0,52
12/20/2022,MKK,HI,AWP,WE,Federal Contract Tower,0,21,0,0,21,0,48,2,1,51,0,69,2,1,72,0,0,0,72
12/21/2022,MKK,HI,AWP,WE,Federal Contract Tower,0,47,0,2,49,0,33,15,0,48,0,80,15,2,97,0,0,0,97
12/22/2022,MKK,HI,AWP,WE,Federal Contract Tower,0,11,0,0,11,0,71,12,0,83,0,82,12,0,94,0,0,0,94
12/23/2022,MKK,HI,AWP,WE,Federal Contract Tower,0,5,4,0,9,0,78,13,0,91,0,83,17,0,100,0,0,0,100
12/24/2022,MKK,HI,AWP,WE,Federal Contract Tower,0,6,1,0,7,0,69,11,0,80,0,75,12,0,87,0,0,0,87
12/25/2022,MKK,HI,AWP,WE,Federal Contract Tower,0,2,0,0,2,0,43,2,0,45,0,45,2,0,47,0,0,0,47
12/26/2022,MKK,HI,AWP,WE,Federal Contract Tower,0,4,1,0,5,0,55,8,0,63,0,59,9,0,68,0,0,0,68
12/27/2022,MKK,HI,AWP,WE,Federal Contract Tower,0,7,0,0,7,0,74,14,0,88,0,81,14,0,95,2,0,2,97
12/28/2022,MKK,HI,AWP,WE,Federal Contract Tower,0,18,0,0,18,0,60,6,0,66,0,78,6,0,84,0,0,0,84
12/29/2022,MKK,HI,AWP,WE,Federal Contract Tower,0,6,0,0,6,0,70,6,0,76,0,76,6,0,82,0,0,0,82
12/30/2022,MKK,HI,AWP,WE,Federal Contract Tower,0,13,2,0,15,0,79,5,0,84,0,92,7,0,99,0,0,0,99
12/31/2022,MKK,HI,AWP,WE,Federal Contract Tower,0,0,0,0,0,0,76,11,0,87,0,76,11,0,87,0,0,0,87
01/01/2023,MKK,HI,AWP,WE,Federal Contract Tower,0,4,0,0,4,0,51,6,0,57,0,55,6,0,61,4,0,4,65
01/02/2023,MKK,HI,AWP,WE,Federal Contract Tower,0,4,2,0,6,0,76,11,0,87,0,80,13,0,93,0,0,0,93
01/03/2023,MKK,HI,AWP,WE,Federal Contract Tower,0,7,0,0,7,0,71,6,0,77,0,78,6,0,84,0,0,0,84
01/04/2023,MKK,HI,AWP,WE,Federal Contract Tower,0,39,0,0,39,0,31,0,0,31,0,70,0,0,70,0,0,0,70
01/05/2023,MKK,HI,AWP,WE,Federal Contract Tower,0,8,2,0,10,0,81,17,0,98,0,89,19,0,108,0,0,0,108
01/06/2023,MKK,HI,AWP,WE,Federal Contract Tower,0,7,0,0,7,0,88,10,0,98,0,95,10,0,105,0,0,0,105
01/07/2023,MKK,HI,AWP,WE,Federal Contract Tower,0,0,0,0,0,0,64,8,0,72,0,64,8,0,72,0,0,0,72
01/08/2023,MKK,HI,AWP,WE,Federal Contract Tower,0,2,0,1,3,0,62,19,2,83,0,64,19,3,86,4,0,4,90
01/09/2023,MKK,HI,AWP,WE,Federal Contract Tower,0,10,1,0,11,0,63,16,0,79,0,73,17,0,90,2,0,2,92
01/10/2023,MKK,HI,AWP,WE,Federal Contract Tower,0,5,3,0,8,0,81,26,0,107,0,86,29,0,115,10,0,10,125
01/11/2023,MKK,HI,AWP,WE,Federal Contract Tower,0,8,0,0,8,0,65,11,0,76,0,73,11,0,84,0,0,0,84
01/12/2023,MKK,HI,AWP,WE,Federal Contract Tower,0,9,0,0,9,0,79,12,2,93,0,88,12,2,102,0,0,0,102
01/13/2023,MKK,HI,AWP,WE,Federal Contract Tower,0,11,2,0,13,0,96,12,0,108,0,107,14,0,121,4,0,4,125
01/14/2023,MKK,HI,AWP,WE,Federal Contract Tower,0,5,0,0,5,0,61,11,0,72,0,66,11,0,77,0,0,0,77
01/15/2023,MKK,HI,AWP,WE,Federal Contract Tower,0,19,0,0,19,0,55,15,0,70,0,74,15,0,89,3,0,3,92
01/16/2023,MKK,HI,AWP,WE,Federal Contract Tower,0,16,0,0,16,0,86,14,0,100,0,102,14,0,116,0,0,0,116
01/17/2023,MKK,HI,AWP,WE,Federal Contract Tower,0,6,0,2,8,0,82,8,0,90,0,88,8,2,98,0,0,0,98
01/18/2023,MKK,HI,AWP,WE,Federal Contract Tower,0,9,1,0,10,0,74,9,0,83,0,83,10,0,93,2,0,2,95
01/19/2023,MKK,HI,AWP,WE,Federal Contract Tower,0,10,1,0,11,0,82,8,0,90,0,92,9,0,101,0,0,0,101
01/20/2023,MKK,HI,AWP,WE,Federal Contract Tower,0,10,0,0,10,0,87,15,0,102,0,97,15,0,112,0,0,0,112
01/21/2023,MKK,HI,AWP,WE,Federal Contract Tower,0,2,0,0,2,0,61,6,0,67,0,63,6,0,69,0,0,0,69
01/22/2023,MKK,HI,AWP,WE,Federal Contract Tower,0,8,0,1,9,0,60,9,1,70,0,68,9,2,79,0,0,0,79
01/23/2023,MKK,HI,AWP,WE,Federal Contract Tower,0,11,0,0,11,0,68,10,0,78,0,79,10,0,89,1,0,1,90
01/24/2023,MKK,HI,AWP,WE,Federal Contract Tower,0,5,1,2,8,0,77,11,0,88,0,82,12,2,96,0,0,0,96
01/25/2023,MKK,HI,AWP,WE,Federal Contract Tower,0,10,0,0,10,0,72,6,0,78,0,82,6,0,88,0,0,0,88
01/26/2023,MKK,HI,AWP,WE,Federal Contract Tower,0,20,0,1,21,0,66,2,1,69,0,86,2,2,90,0,0,0,90
01/27/2023,MKK,HI,AWP,WE,Federal Contract Tower,0,40,0,0,40,0,73,1,0,74,0,113,1,0,114,0,0,0,114
01/28/2023,MKK,HI,AWP,WE,Federal Contract Tower,0,34,0,0,34,0,21,0,0,21,0,55,0,0,55,0,0,0,55
01/29/2023,MKK,HI,AWP,WE,Federal Contract Tower,0,28,0,0,28,0,35,5,0,40,0,63,5,0,68,0,0,0,68
01/30/2023,MKK,HI,AWP,WE,Federal Contract Tower,0,30,0,0,30,0,55,2,0,57,0,85,2,0,87,8,0,8,95
01/31/2023,MKK,HI,AWP,WE,Federal Contract Tower,0,13,2,0,15,0,69,3,0,72,0,82,5,0,87,0,0,0,87
02/01/2023,MKK,HI,AWP,WE,Federal Contract Tower,0,7,0,0,7,0,62,8,4,74,0,69,8,4,81,3,0,3,84
02/02/2023,MKK,HI,AWP,WE,Federal Contract Tower,0,10,0,0,10,0,74,18,0,92,0,84,18,0,102,0,0,0,102
02/03/2023,MKK,HI,AWP,WE,Federal Contract Tower,0,11,1,0,12,0,91,9,0,100,0,102,10,0,112,2,0,2,114
02/04/2023,MKK,HI,AWP,WE,Federal Contract Tower,0,0,0,0,0,0,51,2,0,53,0,51,2,0,53,0,0,0,53
02/05/2023,MKK,HI,AWP,WE,Federal Contract Tower,0,5,0,0,5,0,68,19,0,87,0,73,19,0,92,0,0,0,92
02/06/2023,MKK,HI,AWP,WE,Federal Contract Tower,0,15,0,0,15,0,88,6,0,94,0,103,6,0,109,0,0,0,109
02/07/2023,MKK,HI,AWP,WE,Federal Contract Tower,0,6,0,0,6,0,76,8,4,88,0,82,8,4,94,0,4,4,98
02/08/2023,MKK,HI,AWP,WE,Federal Contract Tower,0,11,0,0,11,0,67,2,0,69,0,78,2,0,80,0,0,0,80
02/09/2023,MKK,HI,AWP,WE,Federal Contract Tower,0,9,0,0,9,0,84,4,2,90,0,93,4,2,99,0,5,5,104
02/10/2023,MKK,HI,AWP,WE,Federal Contract Tower,0,12,1,0,13,0,78,0,0,78,0,90,1,0,91,2,0,2,93
02/11/2023,MKK,HI,AWP,WE,Federal Contract Tower,0,2,0,0,2,0,49,2,0,51,0,51,2,0,53,0,0,0,53
02/12/2023,MKK,HI,AWP,WE,Federal Contract Tower,0,10,0,0,10,0,54,2,0,56,0,64,2,0,66,0,0,0,66
02/14/2023,MKK,HI,AWP,WE,Federal Contract Tower,0,9,0,0,9,0,73,3,3,79,0,82,3,3,88,0,0,0,88
02/15/2023,MKK,HI,AWP,WE,Federal Contract Tower,0,11,1,1,13,0,68,10,4,82,0,79,11,5,95,0,0,0,95
02/16/2023,MKK,HI,AWP,WE,Federal Contract Tower,0,7,3,0,10,0,84,12,3,99,0,91,15,3,109,0,0,0,109
02/17/2023,MKK,HI,AWP,WE,Federal Contract Tower,0,42,0,0,42,0,22,0,0,22,0,64,0,0,64,0,0,0,64
02/18/2023,MKK,HI,AWP,WE,Federal Contract Tower,0,11,0,0,11,0,53,5,0,58,0,64,5,0,69,2,0,2,71
02/19/2023,MKK,HI,AWP,WE,Federal Contract Tower,0,7,1,0,8,0,62,11,0,73,0,69,12,0,81,2,0,2,83
02/20/2023,MKK,HI,AWP,WE,Federal Contract Tower,0,11,0,0,11,0,72,6,0,78,0,83,6,0,89,2,0,2,91
02/21/2023,MKK,HI,AWP,WE,Federal Contract Tower,0,7,1,0,8,0,74,9,0,83,0,81,10,0,91,1,0,1,92
02/22/2023,MKK,HI,AWP,WE,Federal Contract Tower,0,11,1,0,12,0,67,2,0,69,0,78,3,0,81,0,0,0,81
02/23/2023,MKK,HI,AWP,WE,Federal Contract Tower,0,6,0,1,7,0,76,7,0,83,0,82,7,1,90,12,0,12,102
02/24/2023,MKK,HI,AWP,WE,Federal Contract Tower,0,14,0,0,14,0,62,13,0,75,0,76,13,0,89,1,0,1,90
02/25/2023,MKK,HI,AWP,WE,Federal Contract Tower,0,8,2,1,11,0,43,5,0,48,0,51,7,1,59,0,0,0,59
02/26/2023,MKK,HI,AWP,WE,Federal Contract Tower,0,4,2,0,6,0,73,8,0,81,0,77,10,0,87,0,0,0,87
02/27/2023,MKK,HI,AWP,WE,Federal Contract Tower,0,12,1,0,13,0,85,4,2,91,0,97,5,2,104,0,0,0,104
02/28/2023,MKK,HI,AWP,WE,Federal Contract Tower,0,7,0,0,7,0,80,2,2,84,0,87,2,2,91,0,6,6,97
03/01/2023,MKK,HI,AWP,WE,Federal Contract Tower,0,13,0,0,13,0,50,0,0,50,0,63,0,0,63,3,0,3,66
03/02/2023,MKK,HI,AWP,WE,Federal Contract Tower,0,4,0,1,5,0,71,1,1,73,0,75,1,2,78,0,0,0,78
03/03/2023,MKK,HI,AWP,WE,Federal Contract Tower,0,7,5,0,12,0,76,15,0,91,0,83,20,0,103,13,0,13,116
03/04/2023,MKK,HI,AWP,WE,Federal Contract Tower,0,1,0,0,1,0,56,30,0,86,0,57,30,0,87,0,0,0,87
03/05/2023,MKK,HI,AWP,WE,Federal Contract Tower,0,4,2,0,6,0,64,3,0,67,0,68,5,0,73,0,0,0,73
03/06/2023,MKK,HI,AWP,WE,Federal Contract Tower,0,21,3,0,24,0,53,3,0,56,0,74,6,0,80,0,0,0,80
03/07/2023,MKK,HI,AWP,WE,Federal Contract Tower,0,11,4,0,15,0,57,1,2,60,0,68,5,2,75,0,6,6,81
03/08/2023,MKK,HI,AWP,WE,Federal Contract Tower,0,20,3,1,24,0,41,3,1,45,0,61,6,2,69,0,0,0,69
03/09/2023,MKK,HI,AWP,WE,Federal Contract Tower,0,5,3,0,8,0,75,6,0,81,0,80,9,0,89,4,0,4,93
03/10/2023,MKK,HI,AWP,WE,Federal Contract Tower,0,8,3,0,11,0,91,33,0,124,0,99,36,0,135,19,0,19,154
03/11/2023,MKK,HI,AWP,WE,Federal Contract Tower,0,0,6,0,6,0,66,19,0,85,0,66,25,0,91,1,0,1,92
03/12/2023,MKK,HI,AWP,WE,Federal Contract Tower,0,0,0,0,0,0,71,22,0,93,0,71,22,0,93,5,0,5,98
03/13/2023,MKK,HI,AWP,WE,Federal Contract Tower,0,4,1,2,7,0,85,17,2,104,0,89,18,4,111,6,0,6,117
03/14/2023,MKK,HI,AWP,WE,Federal Contract Tower,0,29,1,0,30,0,59,4,2,65,0,88,5,2,95,0,0,0,95
03/15/2023,MKK,HI,AWP,WE,Federal Contract Tower,2,14,3,0,19,0,73,9,1,83,2,87,12,1,102,0,0,0,102
03/16/2023,MKK,HI,AWP,WE,Federal Contract Tower,0,13,6,0,19,0,73,14,2,89,0,86,20,2,108,0,0,0,108
03/17/2023,MKK,HI,AWP,WE,Federal Contract Tower,0,10,3,0,13,0,65,22,0,87,0,75,25,0,100,0,0,0,100
03/18/2023,MKK,HI,AWP,WE,Federal Contract Tower,0,7,0,0,7,0,52,26,1,79,0,59,26,1,86,2,0,2,88
03/19/2023,MKK,HI,AWP,WE,Federal Contract Tower,0,10,2,0,12,0,59,14,0,73,0,69,16,0,85,6,0,6,91
03/20/2023,MKK,HI,AWP,WE,Federal Contract Tower,0,7,0,2,9,0,68,5,0,73,0,75,5,2,82,2,0,2,84
03/21/2023,MKK,HI,AWP,WE,Federal Contract Tower,0,6,7,0,13,0,66,11,0,77,0,72,18,0,90,0,0,0,90
03/22/2023,MKK,HI,AWP,WE,Federal Contract Tower,0,6,2,0,8,0,88,11,2,101,0,94,13,2,109,8,0,8,117
03/23/2023,MKK,HI,AWP,WE,Federal Contract Tower,0,14,0,0,14,0,73,4,0,77,0,87,4,0,91,0,0,0,91
03/24/2023,MKK,HI,AWP,WE,Federal Contract Tower,0,5,3,1,9,0,83,11,1,95,0,88,14,2,104,0,0,0,104
03/25/2023,MKK,HI,AWP,WE,Federal Contract Tower,0,0,2,0,2,0,57,10,0,67,0,57,12,0,69,0,0,0,69
03/26/2023,MKK,HI,AWP,WE,Federal Contract Tower,0,0,1,0,1,0,56,17,0,73,0,56,18,0,74,0,0,0,74
03/27/2023,MKK,HI,AWP,WE,Federal Contract Tower,0,6,3,0,9,0,63,13,0,76,0,69,16,0,85,6,0,6,91
03/28/2023,MKK,HI,AWP,WE,Federal Contract Tower,0,6,0,4,10,0,65,4,4,73,0,71,4,8,83,0,11,11,94
03/29/2023,MKK,HI,AWP,WE,Federal Contract Tower,0,6,0,1,7,0,61,4,1,66,0,67,4,2,73,2,0,2,75
03/30/2023,MKK,HI,AWP,WE,Federal Contract Tower,0,8,1,0,9,0,74,12,0,86,0,82,13,0,95,0,0,0,95
03/31/2023,MKK,HI,AWP,WE,Federal Contract Tower,0,9,2,3,14,0,64,10,0,74,0,73,12,3,88,10,2,12,100
04/01/2023,MKK,HI,AWP,WE,Federal Contract Tower,0,10,1,0,11,0,47,6,0,53,0,57,7,0,64,3,0,3,67
04/02/2023,MKK,HI,AWP,WE,Federal Contract Tower,0,8,2,0,10,0,46,7,0,53,0,54,9,0,63,0,0,0,63
04/03/2023,MKK,HI,AWP,WE,Federal Contract Tower,0,10,1,0,11,0,61,10,0,71,0,71,11,0,82,6,0,6,88
04/04/2023,MKK,HI,AWP,WE,Federal Contract Tower,0,0,0,0,0,0,55,15,1,71,0,55,15,1,71,0,0,0,71
04/05/2023,MKK,HI,AWP,WE,Federal Contract Tower,0,7,0,3,10,0,81,8,1,90,0,88,8,4,100,0,0,0,100
04/06/2023,MKK,HI,AWP,WE,Federal Contract Tower,0,6,2,1,9,0,73,15,2,90,0,79,17,3,99,0,0,0,99
04/07/2023,MKK,HI,AWP,WE,Federal Contract Tower,0,6,5,0,11,0,92,19,0,111,0,98,24,0,122,6,0,6,128
04/08/2023,MKK,HI,AWP,WE,Federal Contract Tower,0,2,0,0,2,0,59,10,0,69,0,61,10,0,71,0,0,0,71
04/09/2023,MKK,HI,AWP,WE,Federal Contract Tower,0,8,0,0,8,0,62,5,0,67,0,70,5,0,75,12,0,12,87
04/10/2023,MKK,HI,AWP,WE,Federal Contract Tower,0,5,0,0,5,0,72,11,0,83,0,77,11,0,88,0,0,0,88
04/11/2023,MKK,HI,AWP,WE,Federal Contract Tower,0,5,0,2,7,0,61,7,0,68,0,66,7,2,75,0,0,0,75
04/12/2023,MKK,HI,AWP,WE,Federal Contract Tower,0,0,0,0,0,0,67,11,0,78,0,67,11,0,78,6,0,6,84
04/13/2023,MKK,HI,AWP,WE,Federal Contract Tower,0,4,1,1,6,0,86,18,4,108,0,90,19,5,114,8,0,8,122
04/14/2023,MKK,HI,AWP,WE,Federal Contract Tower,0,5,0,0,5,0,89,38,0,127,0,94,38,0,132,10,0,10,142
04/15/2023,MKK,HI,AWP,WE,Federal Contract Tower,0,5,3,0,8,0,50,25,0,75,0,55,28,0,83,8,0,8,91
04/16/2023,MKK,HI,AWP,WE,Federal Contract Tower,0,4,0,0,4,0,60,35,0,95,0,64,35,0,99,4,0,4,103
04/17/2023,MKK,HI,AWP,WE,Federal Contract Tower,0,11,0,1,12,0,68,16,0,84,0,79,16,1,96,0,0,0,96
04/18/2023,MKK,HI,AWP,WE,Federal Contract Tower,0,9,1,0,10,0,72,6,0,78,0,81,7,0,88,0,0,0,88
04/19/2023,MKK,HI,AWP,WE,Federal Contract Tower,2,26,0,2,30,1,52,4,0,57,3,78,4,2,87,2,0,2,89
04/20/2023,MKK,HI,AWP,WE,Federal Contract Tower,3,8,0,0,11,3,73,19,0,95,6,81,19,0,106,0,0,0,106
04/21/2023,MKK,HI,AWP,WE,Federal Contract Tower,0,14,2,0,16,0,65,26,0,91,0,79,28,0,107,12,0,12,119
04/22/2023,MKK,HI,AWP,WE,Federal Contract Tower,0,8,0,0,8,0,48,18,0,66,0,56,18,0,74,4,0,4,78
04/23/2023,MKK,HI,AWP,WE,Federal Contract Tower,2,4,1,0,7,0,57,18,0,75,2,61,19,0,82,7,0,7,89
04/24/2023,MKK,HI,AWP,WE,Federal Contract Tower,2,7,0,0,9,1,59,17,0,77,3,66,17,0,86,0,0,0,86
04/25/2023,MKK,HI,AWP,WE,Federal Contract Tower,1,30,1,0,32,0,28,9,0,37,1,58,10,0,69,0,0,0,69
04/26/2023,MKK,HI,AWP,WE,Federal Contract Tower,7,16,1,0,24,0,47,8,0,55,7,63,9,0,79,8,0,8,87
04/27/2023,MKK,HI,AWP,WE,Federal Contract Tower,5,35,2,5,47,0,52,3,0,55,5,87,5,5,102,0,0,0,102
04/28/2023,MKK,HI,AWP,WE,Federal Contract Tower,7,9,2,3,21,1,66,19,1,87,8,75,21,4,108,0,0,0,108
04/29/2023,MKK,HI,AWP,WE,Federal Contract Tower,8,1,1,0,10,0,50,8,0,58,8,51,9,0,68,0,0,0,68
04/30/2023,MKK,HI,AWP,WE,Federal Contract Tower,6,2,4,0,12,0,74,18,0,92,6,76,22,0,104,0,0,0,104
05/01/2023,MKK,HI,AWP,WE,Federal Contract Tower,4,3,0,0,7,0,72,10,0,82,4,75,10,0,89,2,0,2,91
05/02/2023,MKK,HI,AWP,WE,Federal Contract Tower,6,7,0,0,13,0,63,4,2,69,6,70,4,2,82,0,0,0,82
05/03/2023,MKK,HI,AWP,WE,Federal Contract Tower,0,5,1,0,6,0,75,24,0,99,0,80,25,0,105,0,0,0,105
05/04/2023,MKK,HI,AWP,WE,Federal Contract Tower,0,5,4,0,9,0,70,16,4,90,0,75,20,4,99,0,0,0,99
05/05/2023,MKK,HI,AWP,WE,Federal Contract Tower,0,4,1,0,5,0,87,8,0,95,0,91,9,0,100,0,0,0,100
05/06/2023,MKK,HI,AWP,WE,Federal Contract Tower,0,1,0,0,1,0,58,7,0,65,0,59,7,0,66,0,0,0,66
05/07/2023,MKK,HI,AWP,WE,Federal Contract Tower,0,4,0,0,4,0,62,7,0,69,0,66,7,0,73,2,0,2,75
05/08/2023,MKK,HI,AWP,WE,Federal Contract Tower,0,10,2,1,13,0,76,10,0,86,0,86,12,1,99,0,0,0,99
05/09/2023,MKK,HI,AWP,WE,Federal Contract Tower,0,5,0,1,6,0,61,13,2,76,0,66,13,3,82,2,0,2,84
05/10/2023,MKK,HI,AWP,WE,Federal Contract Tower,0,7,1,0,8,0,90,12,0,102,0,97,13,0,110,0,0,0,110
05/11/2023,MKK,HI,AWP,WE,Federal Contract Tower,0,6,0,0,6,0,75,7,0,82,0,81,7,0,88,0,0,0,88
05/12/2023,MKK,HI,AWP,WE,Federal Contract Tower,0,6,0,0,6,0,84,19,2,105,0,90,19,2,111,6,0,6,117
05/13/2023,MKK,HI,AWP,WE,Federal Contract Tower,0,10,2,0,12,0,58,23,0,81,0,68,25,0,93,0,0,0,93
05/15/2023,MKK,HI,AWP,WE,Federal Contract Tower,0,7,0,0,7,0,66,16,0,82,0,73,16,0,89,0,0,0,89
05/16/2023,MKK,HI,AWP,WE,Federal Contract Tower,0,5,2,0,7,0,57,15,0,72,0,62,17,0,79,8,0,8,87
05/17/2023,MKK,HI,AWP,WE,Federal Contract Tower,0,10,0,0,10,0,85,20,0,105,0,95,20,0,115,0,0,0,115
05/18/2023,MKK,HI,AWP,WE,Federal Contract Tower,0,20,4,0,24,0,71,5,0,76,0,91,9,0,100,4,0,4,104
05/19/2023,MKK,HI,AWP,WE,Federal Contract Tower,0,9,2,2,13,0,62,8,0,70,0,71,10,2,83,1,0,1,84
05/20/2023,MKK,HI,AWP,WE,Federal Contract Tower,0,6,2,2,10,0,58,29,1,88,0,64,31,3,98,7,0,7,105
05/21/2023,MKK,HI,AWP,WE,Federal Contract Tower,0,3,0,0,3,0,57,15,0,72,0,60,15,0,75,0,0,0,75
05/22/2023,MKK,HI,AWP,WE,Federal Contract Tower,0,10,0,0,10,0,82,20,2,104,0,92,20,2,114,0,0,0,114
05/23/2023,MKK,HI,AWP,WE,Federal Contract Tower,6,6,2,0,14,0,69,6,4,79,6,75,8,4,93,8,0,8,101
05/24/2023,MKK,HI,AWP,WE,Federal Contract Tower,0,8,5,0,13,0,82,8,0,90,0,90,13,0,103,0,0,0,103
05/25/2023,MKK,HI,AWP,WE,Federal Contract Tower,4,12,0,0,16,0,82,10,0,92,4,94,10,0,108,1,0,1,109
05/26/2023,MKK,HI,AWP,WE,Federal Contract Tower,0,5,7,2,14,0,90,20,0,110,0,95,27,2,124,1,0,1,125
05/27/2023,MKK,HI,AWP,WE,Federal Contract Tower,7,10,0,0,17,0,63,8,0,71,7,73,8,0,88,10,0,10,98
05/28/2023,MKK,HI,AWP,WE,Federal Contract Tower,6,2,3,0,11,0,50,11,0,61,6,52,14,0,72,10,0,10,82
05/29/2023,MKK,HI,AWP,WE,Federal Contract Tower,6,0,1,0,7,0,45,12,0,57,6,45,13,0,64,0,0,0,64
05/30/2023,MKK,HI,AWP,WE,Federal Contract Tower,6,3,0,0,9,0,61,12,0,73,6,64,12,0,82,0,0,0,82
05/31/2023,MKK,HI,AWP,WE,Federal Contract Tower,2,7,0,0,9,0,79,6,4,89,2,86,6,4,98,14,0,14,112
06/01/2023,MKK,HI,AWP,WE,Federal Contract Tower,6,6,0,0,12,0,94,4,0,98,6,100,4,0,110,6,0,6,116
06/02/2023,MKK,HI,AWP,WE,Federal Contract Tower,8,7,2,0,17,0,74,5,0,79,8,81,7,0,96,3,0,3,99
06/03/2023,MKK,HI,AWP,WE,Federal Contract Tower,7,2,1,0,10,0,61,9,0,70,7,63,10,0,80,6,0,6,86
06/04/2023,MKK,HI,AWP,WE,Federal Contract Tower,4,5,1,0,10,0,46,8,0,54,4,51,9,0,64,0,0,0,64
06/05/2023,MKK,HI,AWP,WE,Federal Contract Tower,6,8,2,0,16,0,56,8,0,64,6,64,10,0,80,0,0,0,80
06/06/2023,MKK,HI,AWP,WE,Federal Contract Tower,7,3,0,1,11,0,54,12,0,66,7,57,12,1,77,1,0,1,78
06/07/2023,MKK,HI,AWP,WE,Federal Contract Tower,6,4,0,2,12,0,75,10,0,85,6,79,10,2,97,6,0,6,103
06/08/2023,MKK,HI,AWP,WE,Federal Contract Tower,7,10,0,8,25,0,68,14,0,82,7,78,14,8,107,13,0,13,120
06/09/2023,MKK,HI,AWP,WE,Federal Contract Tower,5,5,1,0,11,0,84,21,0,105,5,89,22,0,116,0,0,0,116
06/10/2023,MKK,HI,AWP,WE,Federal Contract Tower,4,4,0,2,10,0,62,7,0,69,4,66,7,2,79,4,0,4,83
06/11/2023,MKK,HI,AWP,WE,Federal Contract Tower,0,6,2,0,8,0,41,6,0,47,0,47,8,0,55,0,0,0,55
06/12/2023,MKK,HI,AWP,WE,Federal Contract Tower,6,7,5,0,18,0,77,11,0,88,6,84,16,0,106,0,0,0,106
06/13/2023,MKK,HI,AWP,WE,Federal Contract Tower,3,6,0,0,9,0,63,11,2,76,3,69,11,2,85,0,0,0,85
06/14/2023,MKK,HI,AWP,WE,Federal Contract Tower,7,8,2,1,18,0,44,8,1,53,7,52,10,2,71,4,1,5,76
06/15/2023,MKK,HI,AWP,WE,Federal Contract Tower,4,10,0,2,16,0,69,8,0,77,4,79,8,2,93,0,0,0,93
06/16/2023,MKK,HI,AWP,WE,Federal Contract Tower,4,7,0,0,11,0,69,14,0,83,4,76,14,0,94,0,0,0,94
06/17/2023,MKK,HI,AWP,WE,Federal Contract Tower,7,4,0,0,11,0,39,11,0,50,7,43,11,0,61,0,0,0,61
06/18/2023,MKK,HI,AWP,WE,Federal Contract Tower,4,1,0,0,5,0,47,9,0,56,4,48,9,0,61,0,0,0,61
06/19/2023,MKK,HI,AWP,WE,Federal Contract Tower,5,8,0,0,13,0,70,6,0,76,5,78,6,0,89,0,0,0,89
06/20/2023,MKK,HI,AWP,WE,Federal Contract Tower,7,5,8,0,20,0,79,15,2,96,7,84,23,2,116,8,0,8,124
06/21/2023,MKK,HI,AWP,WE,Federal Contract Tower,3,7,1,0,11,2,59,18,2,81,5,66,19,2,92,3,0,3,95
06/22/2023,MKK,HI,AWP,WE,Federal Contract Tower,5,9,0,0,14,1,69,6,0,76,6,78,6,0,90,0,0,0,90
06/23/2023,MKK,HI,AWP,WE,Federal Contract Tower,5,12,0,1,18,1,61,8,1,71,6,73,8,2,89,0,0,0,89
06/24/2023,MKK,HI,AWP,WE,Federal Contract Tower,5,0,1,0,6,3,45,1,0,49,8,45,2,0,55,0,0,0,55
06/25/2023,MKK,HI,AWP,WE,Federal Contract Tower,4,0,0,0,4,0,49,5,0,54,4,49,5,0,58,0,0,0,58
06/26/2023,MKK,HI,AWP,WE,Federal Contract Tower,0,13,0,2,15,0,71,12,0,83,0,84,12,2,98,2,0,2,100
06/27/2023,MKK,HI,AWP,WE,Federal Contract Tower,3,4,0,2,9,1,69,21,0,91,4,73,21,2,100,6,0,6,106
06/28/2023,MKK,HI,AWP,WE,Federal Contract Tower,6,2,0,0,8,0,63,13,0,76,6,65,13,0,84,0,0,0,84
06/29/2023,MKK,HI,AWP,WE,Federal Contract Tower,5,3,0,2,10,0,69,16,1,86,5,72,16,3,96,4,0,4,100
06/30/2023,MKK,HI,AWP,WE,Federal Contract Tower,4,6,0,0,10,0,74,7,0,81,4,80,7,0,91,4,0,4,95
07/01/2023,MKK,HI,AWP,WE,Federal Contract Tower,4,2,3,0,9,2,42,11,0,55,6,44,14,0,64,0,0,0,64
07/02/2023,MKK,HI,AWP,WE,Federal Contract Tower,5,2,0,0,7,1,51,11,0,63,6,53,11,0,70,0,0,0,70
07/03/2023,MKK,HI,AWP,WE,Federal Contract Tower,5,10,0,0,15,0,66,6,0,72,5,76,6,0,87,0,0,0,87
07/04/2023,MKK,HI,AWP,WE,Federal Contract Tower,6,0,0,0,6,0,53,9,0,62,6,53,9,0,68,4,0,4,72
07/05/2023,MKK,HI,AWP,WE,Federal Contract Tower,4,8,0,0,12,0,79,6,0,85,4,87,6,0,97,10,0,10,107
07/06/2023,MKK,HI,AWP,WE,Federal Contract Tower,5,5,0,0,10,0,71,14,0,85,5,76,14,0,95,6,0,6,101
07/07/2023,MKK,HI,AWP,WE,Federal Contract Tower,2,7,1,0,10,0,76,14,0,90,2,83,15,0,100,0,0,0,100
07/08/2023,MKK,HI,AWP,WE,Federal Contract Tower,4,3,0,0,7,4,43,9,0,56,8,46,9,0,63,2,0,2,65
07/09/2023,MKK,HI,AWP,WE,Federal Contract Tower,5,1,2,0,8,0,46,8,0,54,5,47,10,0,62,0,0,0,62
07/10/2023,MKK,HI,AWP,WE,Federal Contract Tower,0,6,0,0,6,0,62,6,0,68,0,68,6,0,74,5,0,5,79
07/11/2023,MKK,HI,AWP,WE,Federal Contract Tower,2,10,0,0,12,0,80,12,0,92,2,90,12,0,104,0,0,0,104
07/12/2023,MKK,HI,AWP,WE,Federal Contract Tower,1,6,0,0,7,2,82,16,0,100,3,88,16,0,107,8,0,8,115
07/13/2023,MKK,HI,AWP,WE,Federal Contract Tower,2,4,0,0,6,2,95,26,2,125,4,99,26,2,131,2,8,10,141
07/14/2023,MKK,HI,AWP,WE,Federal Contract Tower,3,8,0,0,11,1,81,6,0,88,4,89,6,0,99,10,0,10,109
07/15/2023,MKK,HI,AWP,WE,Federal Contract Tower,2,7,1,0,10,2,56,24,0,82,4,63,25,0,92,14,0,14,106
07/16/2023,MKK,HI,AWP,WE,Federal Contract Tower,2,2,0,2,6,2,51,7,0,60,4,53,7,2,66,0,0,0,66
07/17/2023,MKK,HI,AWP,WE,Federal Contract Tower,3,6,0,0,9,1,52,13,0,66,4,58,13,0,75,0,0,0,75
07/18/2023,MKK,HI,AWP,WE,Federal Contract Tower,0,4,1,0,5,0,80,3,0,83,0,84,4,0,88,10,0,10,98
07/19/2023,MKK,HI,AWP,WE,Federal Contract Tower,2,31,0,0,33,0,48,0,0,48,2,79,0,0,81,0,0,0,81
07/20/2023,MKK,HI,AWP,WE,Federal Contract Tower,4,6,0,0,10,0,70,10,0,80,4,76,10,0,90,0,0,0,90
07/21/2023,MKK,HI,AWP,WE,Federal Contract Tower,4,2,3,0,9,0,69,5,0,74,4,71,8,0,83,0,0,0,83
07/22/2023,MKK,HI,AWP,WE,Federal Contract Tower,6,1,0,0,7,0,57,10,0,67,6,58,10,0,74,14,0,14,88
07/23/2023,MKK,HI,AWP,WE,Federal Contract Tower,4,0,0,0,4,0,48,10,0,58,4,48,10,0,62,0,0,0,62
07/24/2023,MKK,HI,AWP,WE,Federal Contract Tower,5,12,0,0,17,1,61,7,0,69,6,73,7,0,86,0,0,0,86
07/25/2023,MKK,HI,AWP,WE,Federal Contract Tower,0,3,2,1,6,0,71,15,0,86,0,74,17,1,92,0,0,0,92
07/26/2023,MKK,HI,AWP,WE,Federal Contract Tower,0,6,0,0,6,0,70,17,0,87,0,76,17,0,93,0,0,0,93
07/27/2023,MKK,HI,AWP,WE,Federal Contract Tower,2,6,0,2,10,0,82,8,0,90,2,88,8,2,100,4,0,4,104
07/28/2023,MKK,HI,AWP,WE,Federal Contract Tower,4,6,1,4,15,0,81,14,0,95,4,87,15,4,110,0,0,0,110
07/29/2023,MKK,HI,AWP,WE,Federal Contract Tower,4,2,0,0,6,0,71,10,0,81,4,73,10,0,87,16,2,18,105
07/30/2023,MKK,HI,AWP,WE,Federal Contract Tower,4,2,0,0,6,0,51,14,4,69,4,53,14,4,75,3,0,3,78
07/31/2023,MKK,HI,AWP,WE,Federal Contract Tower,4,7,0,1,12,0,65,2,0,67,4,72,2,1,79,0,0,0,79
08/01/2023,MKK,HI,AWP,WE,Federal Contract Tower,6,5,0,2,13,0,60,4,0,64,6,65,4,2,77,0,0,0,77
08/02/2023,MKK,HI,AWP,WE,Federal Contract Tower,5,5,0,0,10,0,65,16,0,81,5,70,16,0,91,0,0,0,91
08/03/2023,MKK,HI,AWP,WE,Federal Contract Tower,3,7,0,0,10,1,76,14,0,91,4,83,14,0,101,4,0,4,105
08/04/2023,MKK,HI,AWP,WE,Federal Contract Tower,4,8,0,0,12,0,78,21,0,99,4,86,21,0,111,4,0,4,115
08/05/2023,MKK,HI,AWP,WE,Federal Contract Tower,9,6,0,0,15,0,57,5,0,62,9,63,5,0,77,0,0,0,77
08/06/2023,MKK,HI,AWP,WE,Federal Contract Tower,4,0,0,0,4,0,62,7,0,69,4,62,7,0,73,0,0,0,73
08/07/2023,MKK,HI,AWP,WE,Federal Contract Tower,4,7,0,0,11,1,60,7,2,70,5,67,7,2,81,0,4,4,85
08/08/2023,MKK,HI,AWP,WE,Federal Contract Tower,7,6,0,0,13,0,66,4,0,70,7,72,4,0,83,0,0,0,83
08/09/2023,MKK,HI,AWP,WE,Federal Contract Tower,2,13,0,0,15,1,78,6,2,87,3,91,6,2,102,8,0,8,110
08/10/2023,MKK,HI,AWP,WE,Federal Contract Tower,1,7,0,2,10,1,71,14,1,87,2,78,14,3,97,10,0,10,107
08/11/2023,MKK,HI,AWP,WE,Federal Contract Tower,4,6,2,0,12,0,78,11,0,89,4,84,13,0,101,4,0,4,105
08/12/2023,MKK,HI,AWP,WE,Federal Contract Tower,7,0,0,0,7,0,70,10,0,80,7,70,10,0,87,4,0,4,91
08/13/2023,MKK,HI,AWP,WE,Federal Contract Tower,3,0,0,0,3,1,56,6,0,63,4,56,6,0,66,0,0,0,66
08/14/2023,MKK,HI,AWP,WE,Federal Contract Tower,4,5,1,0,10,1,52,23,0,76,5,57,24,0,86,10,0,10,96
08/15/2023,MKK,HI,AWP,WE,Federal Contract Tower,5,5,0,0,10,0,69,18,0,87,5,74,18,0,97,14,0,14,111
08/16/2023,MKK,HI,AWP,WE,Federal Contract Tower,6,7,1,2,16,2,73,9,0,84,8,80,10,2,100,0,0,0,100
08/17/2023,MKK,HI,AWP,WE,Federal Contract Tower,3,6,0,0,9,1,79,18,0,98,4,85,18,0,107,4,0,4,111
08/18/2023,MKK,HI,AWP,WE,Federal Contract Tower,6,7,0,0,13,0,77,10,0,87,6,84,10,0,100,9,0,9,109
08/19/2023,MKK,HI,AWP,WE,Federal Contract Tower,7,1,0,0,8,0,57,6,0,63,7,58,6,0,71,0,0,0,71
08/20/2023,MKK,HI,AWP,WE,Federal Contract Tower,4,0,0,0,4,0,71,21,0,92,4,71,21,0,96,2,0,2,98
08/21/2023,MKK,HI,AWP,WE,Federal Contract Tower,4,19,2,0,25,0,48,11,0,59,4,67,13,0,84,10,0,10,94
08/22/2023,MKK,HI,AWP,WE,Federal Contract Tower,7,4,3,0,14,0,52,12,2,66,7,56,15,2,80,2,0,2,82
08/23/2023,MKK,HI,AWP,WE,Federal Contract Tower,5,4,2,1,12,1,72,9,0,82,6,76,11,1,94,0,0,0,94
08/24/2023,MKK,HI,AWP,WE,Federal Contract Tower,5,11,1,0,17,1,69,5,2,77,6,80,6,2,94,0,0,0,94
08/25/2023,MKK,HI,AWP,WE,Federal Contract Tower,6,6,0,0,12,0,69,4,0,73,6,75,4,0,85,0,0,0,85
08/26/2023,MKK,HI,AWP,WE,Federal Contract Tower,6,0,0,0,6,0,60,10,0,70,6,60,10,0,76,0,0,0,76
08/27/2023,MKK,HI,AWP,WE,Federal Contract Tower,4,0,0,0,4,0,49,20,0,69,4,49,20,0,73,14,0,14,87
08/28/2023,MKK,HI,AWP,WE,Federal Contract Tower,5,8,3,3,19,1,56,15,0,72,6,64,18,3,91,0,0,0,91
08/29/2023,MKK,HI,AWP,WE,Federal Contract Tower,6,4,0,0,10,0,62,8,0,70,6,66,8,0,80,6,0,6,86
08/30/2023,MKK,HI,AWP,WE,Federal Contract Tower,5,7,0,1,13,0,60,15,0,75,5,67,15,1,88,8,0,8,96
08/31/2023,MKK,HI,AWP,WE,Federal Contract Tower,5,9,4,4,22,0,68,5,0,73,5,77,9,4,95,0,0,0,95
