01/01/2000,MKL,TN,ASO,CE,Federal Contract Tower,0,6,2,0,8,0,4,0,0,4,0,10,2,0,12,0,0,0,12
01/02/2000,MKL,TN,ASO,CE,Federal Contract Tower,0,6,7,0,13,0,3,4,0,7,0,9,11,0,20,12,0,12,32
01/03/2000,MKL,TN,ASO,CE,Federal Contract Tower,0,10,7,0,17,0,5,0,0,5,0,15,7,0,22,0,0,0,22
01/04/2000,MKL,TN,ASO,CE,Federal Contract Tower,0,11,12,1,24,0,2,18,1,21,0,13,30,2,45,12,0,12,57
01/05/2000,MKL,TN,ASO,CE,Federal Contract Tower,0,16,17,0,33,0,1,37,0,38,0,17,54,0,71,28,0,28,99
01/06/2000,MKL,TN,ASO,CE,Federal Contract Tower,0,14,14,1,29,0,3,27,6,36,0,17,41,7,65,12,14,26,91
01/07/2000,MKL,TN,ASO,CE,Federal Contract Tower,0,8,10,1,19,0,8,19,4,31,0,16,29,5,50,20,0,20,70
01/08/2000,MKL,TN,ASO,CE,Federal Contract Tower,0,5,4,1,10,0,2,4,3,9,0,7,8,4,19,4,6,10,29
01/09/2000,MKL,TN,ASO,CE,Federal Contract Tower,0,9,9,0,18,0,1,12,5,18,0,10,21,5,36,2,20,22,58
01/10/2000,MKL,TN,ASO,CE,Federal Contract Tower,0,15,16,0,31,0,0,29,0,29,0,15,45,0,60,34,0,34,94
01/11/2000,MKL,TN,ASO,CE,Federal Contract Tower,0,16,14,0,30,0,2,13,0,15,0,18,27,0,45,2,0,2,47
01/12/2000,MKL,TN,ASO,CE,Federal Contract Tower,0,15,12,0,27,0,6,0,2,8,0,21,12,2,35,0,0,0,35
01/13/2000,MKL,TN,ASO,CE,Federal Contract Tower,0,17,16,0,33,0,0,31,5,36,0,17,47,5,69,34,10,44,113
01/14/2000,MKL,TN,ASO,CE,Federal Contract Tower,0,16,14,0,30,0,1,26,8,35,0,17,40,8,65,24,18,42,107
01/15/2000,MKL,TN,ASO,CE,Federal Contract Tower,0,9,8,0,17,0,1,27,5,33,0,10,35,5,50,40,0,40,90
01/16/2000,MKL,TN,ASO,CE,Federal Contract Tower,0,9,10,0,19,0,0,7,11,18,0,9,17,11,37,0,20,20,57
01/17/2000,MKL,TN,ASO,CE,Federal Contract Tower,0,10,24,0,34,0,0,13,0,13,0,10,37,0,47,4,0,4,51
01/18/2000,MKL,TN,ASO,CE,Federal Contract Tower,0,17,16,0,33,0,0,5,0,5,0,17,21,0,38,8,0,8,46
01/19/2000,MKL,TN,ASO,CE,Federal Contract Tower,0,18,15,0,33,0,1,27,0,28,0,19,42,0,61,78,0,78,139
01/20/2000,MKL,TN,ASO,CE,Federal Contract Tower,0,17,27,0,44,0,0,6,2,8,0,17,33,2,52,4,0,4,56
01/21/2000,MKL,TN,ASO,CE,Federal Contract Tower,0,12,17,0,29,0,0,33,2,35,0,12,50,2,64,14,2,16,80
01/22/2000,MKL,TN,ASO,CE,Federal Contract Tower,0,3,0,0,3,0,1,0,0,1,0,4,0,0,4,2,0,2,6
01/23/2000,MKL,TN,ASO,CE,Federal Contract Tower,0,9,10,0,19,0,0,8,0,8,0,9,18,0,27,0,0,0,27
01/24/2000,MKL,TN,ASO,CE,Federal Contract Tower,0,17,16,0,33,0,0,24,2,26,0,17,40,2,59,0,0,0,59
01/25/2000,MKL,TN,ASO,CE,Federal Contract Tower,0,17,14,0,31,0,6,7,0,13,0,23,21,0,44,18,0,18,62
01/26/2000,MKL,TN,ASO,CE,Federal Contract Tower,0,20,18,0,38,0,0,6,1,7,0,20,24,1,45,14,0,14,59
01/27/2000,MKL,TN,ASO,CE,Federal Contract Tower,0,19,17,0,36,0,0,7,5,12,0,19,24,5,48,2,0,2,50
01/28/2000,MKL,TN,ASO,CE,Federal Contract Tower,0,8,7,0,15,0,0,0,0,0,0,8,7,0,15,0,0,0,15
01/29/2000,MKL,TN,ASO,CE,Federal Contract Tower,0,7,2,0,9,0,3,0,0,3,0,10,2,0,12,0,0,0,12
01/30/2000,MKL,TN,ASO,CE,Federal Contract Tower,0,8,7,0,15,0,2,0,0,2,0,10,7,0,17,0,0,0,17
01/31/2000,MKL,TN,ASO,CE,Federal Contract Tower,0,17,16,0,33,0,0,22,42,64,0,17,38,42,97,34,0,34,131
02/01/2000,MKL,TN,ASO,CE,Federal Contract Tower,0,18,19,3,40,0,0,18,4,22,0,18,37,7,62,2,0,2,64
02/02/2000,MKL,TN,ASO,CE,Federal Contract Tower,0,15,15,0,30,0,2,29,0,31,0,17,44,0,61,28,0,28,89
02/03/2000,MKL,TN,ASO,CE,Federal Contract Tower,0,16,17,4,37,0,4,25,22,51,0,20,42,26,88,46,26,72,160
02/04/2000,MKL,TN,ASO,CE,Federal Contract Tower,0,11,12,2,25,0,4,9,0,13,0,15,21,2,38,2,0,2,40
02/05/2000,MKL,TN,ASO,CE,Federal Contract Tower,0,7,7,2,16,0,2,46,7,55,0,9,53,9,71,60,14,74,145
02/06/2000,MKL,TN,ASO,CE,Federal Contract Tower,0,9,12,0,21,0,0,31,0,31,0,9,43,0,52,20,0,20,72
02/07/2000,MKL,TN,ASO,CE,Federal Contract Tower,0,14,16,0,30,0,3,19,0,22,0,17,35,0,52,6,0,6,58
02/08/2000,MKL,TN,ASO,CE,Federal Contract Tower,0,18,20,5,43,0,0,32,12,44,0,18,52,17,87,16,22,38,125
02/09/2000,MKL,TN,ASO,CE,Federal Contract Tower,0,14,15,2,31,0,6,18,0,24,0,20,33,2,55,22,0,22,77
02/10/2000,MKL,TN,ASO,CE,Federal Contract Tower,0,18,18,4,40,0,0,12,8,20,0,18,30,12,60,4,10,14,74
02/11/2000,MKL,TN,ASO,CE,Federal Contract Tower,0,18,22,5,45,0,0,8,11,19,0,18,30,16,64,0,4,4,68
02/12/2000,MKL,TN,ASO,CE,Federal Contract Tower,0,9,17,4,30,0,0,1,11,12,0,9,18,15,42,0,18,18,60
02/13/2000,MKL,TN,ASO,CE,Federal Contract Tower,0,2,0,1,3,0,3,0,4,7,0,5,0,5,10,0,14,14,24
02/14/2000,MKL,TN,ASO,CE,Federal Contract Tower,0,17,17,2,36,0,0,12,0,12,0,17,29,2,48,26,14,40,88
02/15/2000,MKL,TN,ASO,CE,Federal Contract Tower,0,19,21,4,44,0,2,17,1,20,0,21,38,5,64,4,0,4,68
02/16/2000,MKL,TN,ASO,CE,Federal Contract Tower,0,16,28,5,49,0,0,22,19,41,0,16,50,24,90,18,46,64,154
02/17/2000,MKL,TN,ASO,CE,Federal Contract Tower,0,13,18,0,31,0,0,13,0,13,0,13,31,0,44,4,0,4,48
02/18/2000,MKL,TN,ASO,CE,Federal Contract Tower,0,10,11,0,21,0,3,0,0,3,0,13,11,0,24,0,0,0,24
02/19/2000,MKL,TN,ASO,CE,Federal Contract Tower,0,9,12,2,23,0,0,9,3,12,0,9,21,5,35,44,2,46,81
02/20/2000,MKL,TN,ASO,CE,Federal Contract Tower,0,8,9,1,18,0,1,22,1,24,0,9,31,2,42,4,0,4,46
02/21/2000,MKL,TN,ASO,CE,Federal Contract Tower,0,9,9,1,19,0,0,30,1,31,0,9,39,2,50,42,0,42,92
02/22/2000,MKL,TN,ASO,CE,Federal Contract Tower,0,17,22,4,43,0,0,11,5,16,0,17,33,9,59,20,6,26,85
02/23/2000,MKL,TN,ASO,CE,Federal Contract Tower,0,16,20,0,36,0,0,18,0,18,0,16,38,0,54,8,0,8,62
02/24/2000,MKL,TN,ASO,CE,Federal Contract Tower,0,15,22,4,41,0,0,22,4,26,0,15,44,8,67,24,4,28,95
02/25/2000,MKL,TN,ASO,CE,Federal Contract Tower,0,17,19,3,39,0,0,8,133,141,0,17,27,136,180,14,4,18,198
02/26/2000,MKL,TN,ASO,CE,Federal Contract Tower,0,9,9,1,19,0,2,7,1,10,0,11,16,2,29,0,12,12,41
02/27/2000,MKL,TN,ASO,CE,Federal Contract Tower,0,9,11,0,20,0,0,35,0,35,0,9,46,0,55,20,0,20,75
02/28/2000,MKL,TN,ASO,CE,Federal Contract Tower,0,14,15,2,31,0,1,39,4,44,0,15,54,6,75,50,6,56,131
02/29/2000,MKL,TN,ASO,CE,Federal Contract Tower,0,11,13,2,26,0,3,27,6,36,0,14,40,8,62,28,4,32,94
03/01/2000,MKL,TN,ASO,CE,Federal Contract Tower,0,11,15,0,26,0,0,22,0,22,0,11,37,0,48,14,0,14,62
03/02/2000,MKL,TN,ASO,CE,Federal Contract Tower,0,15,17,0,32,0,1,43,0,44,0,16,60,0,76,56,0,56,132
03/03/2000,MKL,TN,ASO,CE,Federal Contract Tower,0,11,14,1,26,0,3,21,2,26,0,14,35,3,52,28,4,32,84
03/04/2000,MKL,TN,ASO,CE,Federal Contract Tower,0,8,11,1,20,0,1,40,1,42,0,9,51,2,62,50,0,50,112
03/05/2000,MKL,TN,ASO,CE,Federal Contract Tower,0,6,8,0,14,0,1,40,0,41,0,7,48,0,55,14,0,14,69
03/06/2000,MKL,TN,ASO,CE,Federal Contract Tower,0,13,16,0,29,0,0,57,0,57,0,13,73,0,86,50,0,50,136
03/07/2000,MKL,TN,ASO,CE,Federal Contract Tower,0,18,26,1,45,0,0,40,0,40,0,18,66,1,85,14,4,18,103
03/08/2000,MKL,TN,ASO,CE,Federal Contract Tower,0,16,17,1,34,0,1,16,1,18,0,17,33,2,52,18,6,24,76
03/09/2000,MKL,TN,ASO,CE,Federal Contract Tower,0,17,20,1,38,0,0,45,3,48,0,17,65,4,86,62,0,62,148
03/10/2000,MKL,TN,ASO,CE,Federal Contract Tower,0,15,20,1,36,0,0,32,10,42,0,15,52,11,78,52,0,52,130
03/11/2000,MKL,TN,ASO,CE,Federal Contract Tower,0,9,9,0,18,0,1,1,0,2,0,10,10,0,20,0,0,0,20
03/12/2000,MKL,TN,ASO,CE,Federal Contract Tower,0,9,12,1,22,0,0,42,1,43,0,9,54,2,65,28,0,28,93
03/13/2000,MKL,TN,ASO,CE,Federal Contract Tower,0,14,14,0,28,0,6,19,0,25,0,20,33,0,53,28,0,28,81
03/14/2000,MKL,TN,ASO,CE,Federal Contract Tower,0,15,19,1,35,0,0,14,3,17,0,15,33,4,52,26,42,68,120
03/15/2000,MKL,TN,ASO,CE,Federal Contract Tower,0,17,19,1,37,0,0,26,4,30,0,17,45,5,67,52,0,52,119
03/16/2000,MKL,TN,ASO,CE,Federal Contract Tower,0,17,18,1,36,0,0,0,5,5,0,17,18,6,41,0,6,6,47
03/17/2000,MKL,TN,ASO,CE,Federal Contract Tower,0,15,19,1,35,0,0,34,3,37,0,15,53,4,72,24,6,30,102
03/18/2000,MKL,TN,ASO,CE,Federal Contract Tower,0,9,10,0,19,0,0,26,0,26,0,9,36,0,45,70,0,70,115
03/19/2000,MKL,TN,ASO,CE,Federal Contract Tower,0,9,10,0,19,0,0,2,0,2,0,9,12,0,21,0,0,0,21
03/20/2000,MKL,TN,ASO,CE,Federal Contract Tower,0,15,21,0,36,0,0,25,0,25,0,15,46,0,61,52,0,52,113
03/21/2000,MKL,TN,ASO,CE,Federal Contract Tower,0,17,20,0,37,0,7,10,6,23,0,24,30,6,60,42,36,78,138
03/22/2000,MKL,TN,ASO,CE,Federal Contract Tower,0,18,20,0,38,0,6,30,4,40,0,24,50,4,78,62,8,70,148
03/23/2000,MKL,TN,ASO,CE,Federal Contract Tower,0,16,17,0,33,0,0,33,5,38,0,16,50,5,71,38,6,44,115
03/24/2000,MKL,TN,ASO,CE,Federal Contract Tower,0,15,17,0,32,0,0,48,4,52,0,15,65,4,84,70,16,86,170
03/25/2000,MKL,TN,ASO,CE,Federal Contract Tower,0,8,9,0,17,0,1,28,0,29,0,9,37,0,46,54,0,54,100
03/26/2000,MKL,TN,ASO,CE,Federal Contract Tower,0,9,11,0,20,0,1,32,2,35,0,10,43,2,55,42,0,42,97
03/27/2000,MKL,TN,ASO,CE,Federal Contract Tower,0,13,15,0,28,0,5,22,0,27,0,18,37,0,55,16,0,16,71
03/28/2000,MKL,TN,ASO,CE,Federal Contract Tower,0,15,16,0,31,0,2,14,2,18,0,17,30,2,49,30,2,32,81
03/29/2000,MKL,TN,ASO,CE,Federal Contract Tower,0,14,15,0,29,0,2,10,6,18,0,16,25,6,47,20,32,52,99
03/30/2000,MKL,TN,ASO,CE,Federal Contract Tower,0,17,20,0,37,0,0,22,3,25,0,17,42,3,62,38,0,38,100
03/31/2000,MKL,TN,ASO,CE,Federal Contract Tower,0,16,22,0,38,0,0,30,7,37,0,16,52,7,75,40,14,54,129
04/01/2000,MKL,TN,ASO,CE,Federal Contract Tower,0,9,11,2,22,0,0,42,2,44,0,9,53,4,66,32,20,52,118
04/02/2000,MKL,TN,ASO,CE,Federal Contract Tower,0,9,11,2,22,0,0,0,6,6,0,9,11,8,28,0,16,16,44
04/03/2000,MKL,TN,ASO,CE,Federal Contract Tower,0,12,11,0,23,0,0,5,0,5,0,12,16,0,28,0,0,0,28
04/04/2000,MKL,TN,ASO,CE,Federal Contract Tower,0,15,16,2,33,0,0,22,0,22,0,15,38,2,55,20,4,24,79
04/05/2000,MKL,TN,ASO,CE,Federal Contract Tower,0,13,15,2,30,0,2,33,0,35,0,15,48,2,65,18,0,18,83
04/06/2000,MKL,TN,ASO,CE,Federal Contract Tower,0,13,15,2,30,0,1,33,0,34,0,14,48,2,64,22,2,24,88
04/07/2000,MKL,TN,ASO,CE,Federal Contract Tower,0,12,14,2,28,0,5,13,0,18,0,17,27,2,46,34,0,34,80
04/08/2000,MKL,TN,ASO,CE,Federal Contract Tower,0,7,7,0,14,0,1,6,0,7,0,8,13,0,21,0,0,0,21
04/09/2000,MKL,TN,ASO,CE,Federal Contract Tower,0,8,8,0,16,0,1,39,0,40,0,9,47,0,56,34,0,34,90
04/10/2000,MKL,TN,ASO,CE,Federal Contract Tower,0,12,13,0,25,0,2,23,0,25,0,14,36,0,50,42,0,42,92
04/11/2000,MKL,TN,ASO,CE,Federal Contract Tower,0,15,18,0,33,0,0,1,0,1,0,15,19,0,34,4,0,4,38
04/12/2000,MKL,TN,ASO,CE,Federal Contract Tower,0,15,16,2,33,0,0,17,0,17,0,15,33,2,50,24,0,24,74
04/13/2000,MKL,TN,ASO,CE,Federal Contract Tower,0,14,19,1,34,0,0,11,4,15,0,14,30,5,49,4,18,22,71
04/14/2000,MKL,TN,ASO,CE,Federal Contract Tower,0,19,24,2,45,0,0,16,10,26,0,19,40,12,71,32,2,34,105
04/15/2000,MKL,TN,ASO,CE,Federal Contract Tower,0,9,14,1,24,0,0,13,3,16,0,9,27,4,40,4,0,4,44
04/16/2000,MKL,TN,ASO,CE,Federal Contract Tower,0,9,14,0,23,0,0,12,0,12,0,9,26,0,35,6,4,10,45
04/17/2000,MKL,TN,ASO,CE,Federal Contract Tower,0,14,17,1,32,0,1,21,5,27,0,15,38,6,59,24,28,52,111
04/18/2000,MKL,TN,ASO,CE,Federal Contract Tower,0,17,21,1,39,0,0,35,7,42,0,17,56,8,81,20,8,28,109
04/19/2000,MKL,TN,ASO,CE,Federal Contract Tower,0,14,17,1,32,0,1,38,1,40,0,15,55,2,72,20,10,30,102
04/20/2000,MKL,TN,ASO,CE,Federal Contract Tower,0,16,21,0,37,0,0,21,0,21,0,16,42,0,58,14,0,14,72
04/21/2000,MKL,TN,ASO,CE,Federal Contract Tower,0,14,16,1,31,0,1,14,9,24,0,15,30,10,55,26,20,46,101
04/22/2000,MKL,TN,ASO,CE,Federal Contract Tower,0,6,7,0,13,0,3,41,0,44,0,9,48,0,57,20,0,20,77
04/23/2000,MKL,TN,ASO,CE,Federal Contract Tower,0,0,5,0,5,0,0,2,10,12,0,0,7,10,17,18,0,18,35
04/24/2000,MKL,TN,ASO,CE,Federal Contract Tower,0,10,8,0,18,0,5,0,0,5,0,15,8,0,23,0,0,0,23
04/25/2000,MKL,TN,ASO,CE,Federal Contract Tower,0,11,16,1,28,0,0,21,1,22,0,11,37,2,50,28,2,30,80
04/26/2000,MKL,TN,ASO,CE,Federal Contract Tower,0,18,23,2,43,0,0,33,5,38,0,18,56,7,81,30,10,40,121
04/27/2000,MKL,TN,ASO,CE,Federal Contract Tower,0,1,16,1,18,0,0,231,5,236,0,1,247,6,254,4,12,16,270
04/28/2000,MKL,TN,ASO,CE,Federal Contract Tower,0,15,18,1,34,0,0,37,1,38,0,15,55,2,72,26,0,26,98
04/29/2000,MKL,TN,ASO,CE,Federal Contract Tower,0,2,4,0,6,0,4,34,0,38,0,6,38,0,44,6,0,6,50
04/30/2000,MKL,TN,ASO,CE,Federal Contract Tower,0,9,12,0,21,0,0,22,0,22,0,9,34,0,43,18,0,18,61
05/01/2000,MKL,TN,ASO,CE,Federal Contract Tower,0,14,13,0,27,0,1,20,2,23,0,15,33,2,50,42,0,42,92
05/02/2000,MKL,TN,ASO,CE,Federal Contract Tower,0,15,15,0,30,0,0,13,0,13,0,15,28,0,43,36,0,36,79
05/03/2000,MKL,TN,ASO,CE,Federal Contract Tower,0,9,9,1,19,0,5,3,3,11,0,14,12,4,30,10,4,14,44
05/04/2000,MKL,TN,ASO,CE,Federal Contract Tower,0,11,14,1,26,0,0,18,1,19,0,11,32,2,45,40,0,40,85
05/05/2000,MKL,TN,ASO,CE,Federal Contract Tower,0,11,11,1,23,0,2,11,0,13,0,13,22,1,36,38,0,38,74
05/06/2000,MKL,TN,ASO,CE,Federal Contract Tower,0,8,9,1,18,0,1,11,4,16,0,9,20,5,34,32,16,48,82
05/07/2000,MKL,TN,ASO,CE,Federal Contract Tower,0,10,11,1,22,0,1,13,6,20,0,11,24,7,42,2,6,8,50
05/08/2000,MKL,TN,ASO,CE,Federal Contract Tower,0,11,18,1,30,0,0,41,2,43,0,11,59,3,73,22,24,46,119
05/09/2000,MKL,TN,ASO,CE,Federal Contract Tower,0,16,17,1,34,0,0,10,1,11,0,16,27,2,45,4,16,20,65
05/10/2000,MKL,TN,ASO,CE,Federal Contract Tower,0,15,15,1,31,0,2,21,7,30,0,17,36,8,61,34,22,56,117
05/11/2000,MKL,TN,ASO,CE,Federal Contract Tower,0,13,14,1,28,0,0,33,10,43,0,13,47,11,71,30,30,60,131
05/12/2000,MKL,TN,ASO,CE,Federal Contract Tower,0,11,18,1,30,0,0,21,7,28,0,11,39,8,58,2,8,10,68
05/13/2000,MKL,TN,ASO,CE,Federal Contract Tower,0,7,7,1,15,0,2,25,4,31,0,9,32,5,46,4,12,16,62
05/14/2000,MKL,TN,ASO,CE,Federal Contract Tower,0,8,8,1,17,0,1,22,2,25,0,9,30,3,42,12,4,16,58
05/15/2000,MKL,TN,ASO,CE,Federal Contract Tower,0,12,14,0,26,0,2,20,0,22,0,14,34,0,48,6,0,6,54
05/16/2000,MKL,TN,ASO,CE,Federal Contract Tower,0,14,16,0,30,0,0,28,7,35,0,14,44,7,65,54,0,54,119
05/17/2000,MKL,TN,ASO,CE,Federal Contract Tower,0,15,20,0,35,0,0,15,8,23,0,15,35,8,58,22,20,42,100
05/18/2000,MKL,TN,ASO,CE,Federal Contract Tower,0,15,17,0,32,0,0,8,0,8,0,15,25,0,40,0,0,0,40
05/19/2000,MKL,TN,ASO,CE,Federal Contract Tower,0,14,16,0,30,0,2,26,0,28,0,16,42,0,58,22,0,22,80
05/20/2000,MKL,TN,ASO,CE,Federal Contract Tower,0,7,12,0,19,0,0,11,2,13,0,7,23,2,32,22,24,46,78
05/21/2000,MKL,TN,ASO,CE,Federal Contract Tower,0,9,13,0,22,0,0,39,2,41,0,9,52,2,63,0,0,0,63
05/22/2000,MKL,TN,ASO,CE,Federal Contract Tower,0,14,16,0,30,0,1,30,0,31,0,15,46,0,61,34,0,34,95
05/23/2000,MKL,TN,ASO,CE,Federal Contract Tower,0,12,13,0,25,0,3,7,2,12,0,15,20,2,37,2,0,2,39
05/24/2000,MKL,TN,ASO,CE,Federal Contract Tower,0,14,20,0,34,0,0,19,2,21,0,14,39,2,55,24,0,24,79
05/25/2000,MKL,TN,ASO,CE,Federal Contract Tower,0,11,13,0,24,0,6,24,7,37,0,17,37,7,61,50,16,66,127
05/26/2000,MKL,TN,ASO,CE,Federal Contract Tower,0,13,15,0,28,0,0,13,10,23,0,13,28,10,51,36,2,38,89
05/27/2000,MKL,TN,ASO,CE,Federal Contract Tower,0,7,9,0,16,0,0,7,0,7,0,7,16,0,23,6,0,6,29
05/28/2000,MKL,TN,ASO,CE,Federal Contract Tower,0,3,4,0,7,0,3,1,0,4,0,6,5,0,11,0,0,0,11
05/29/2000,MKL,TN,ASO,CE,Federal Contract Tower,0,9,10,0,19,0,0,39,0,39,0,9,49,0,58,40,0,40,98
05/30/2000,MKL,TN,ASO,CE,Federal Contract Tower,0,15,21,0,36,0,0,23,9,32,0,15,44,9,68,16,28,44,112
05/31/2000,MKL,TN,ASO,CE,Federal Contract Tower,0,15,17,0,32,0,1,37,3,41,0,16,54,3,73,26,2,28,101
06/01/2000,MKL,TN,ASO,CE,Federal Contract Tower,0,11,18,1,30,0,0,47,6,53,0,11,65,7,83,46,0,46,129
06/02/2000,MKL,TN,ASO,CE,Federal Contract Tower,0,12,18,1,31,0,2,34,10,46,0,14,52,11,77,28,6,34,111
06/03/2000,MKL,TN,ASO,CE,Federal Contract Tower,0,6,8,1,15,0,2,14,8,24,0,8,22,9,39,14,2,16,55
06/04/2000,MKL,TN,ASO,CE,Federal Contract Tower,0,5,8,1,14,0,1,13,4,18,0,6,21,5,32,8,2,10,42
06/05/2000,MKL,TN,ASO,CE,Federal Contract Tower,0,14,28,2,44,0,0,3,4,7,0,14,31,6,51,2,42,44,95
06/06/2000,MKL,TN,ASO,CE,Federal Contract Tower,0,13,22,2,37,0,0,26,2,28,0,13,48,4,65,38,26,64,129
06/07/2000,MKL,TN,ASO,CE,Federal Contract Tower,0,12,21,2,35,0,0,39,14,53,0,12,60,16,88,18,2,20,108
06/08/2000,MKL,TN,ASO,CE,Federal Contract Tower,0,11,18,1,30,0,3,27,0,30,0,14,45,1,60,16,0,16,76
06/09/2000,MKL,TN,ASO,CE,Federal Contract Tower,0,11,16,1,28,0,0,26,1,27,0,11,42,2,55,8,38,46,101
06/10/2000,MKL,TN,ASO,CE,Federal Contract Tower,0,4,7,1,12,0,3,28,3,34,0,7,35,4,46,14,0,14,60
06/11/2000,MKL,TN,ASO,CE,Federal Contract Tower,0,5,7,1,13,0,1,31,7,39,0,6,38,8,52,12,0,12,64
06/12/2000,MKL,TN,ASO,CE,Federal Contract Tower,0,10,15,0,25,0,0,30,0,30,0,10,45,0,55,50,0,50,105
06/13/2000,MKL,TN,ASO,CE,Federal Contract Tower,0,9,17,1,27,0,0,19,1,20,0,9,36,2,47,8,0,8,55
06/14/2000,MKL,TN,ASO,CE,Federal Contract Tower,0,10,17,0,27,0,0,30,0,30,0,10,47,0,57,22,0,22,79
06/15/2000,MKL,TN,ASO,CE,Federal Contract Tower,0,13,19,2,34,0,1,15,0,16,0,14,34,2,50,12,2,14,64
06/16/2000,MKL,TN,ASO,CE,Federal Contract Tower,0,17,27,2,46,0,0,25,4,29,0,17,52,6,75,20,14,34,109
06/17/2000,MKL,TN,ASO,CE,Federal Contract Tower,0,6,8,0,14,0,2,0,0,2,0,8,8,0,16,2,0,2,18
06/18/2000,MKL,TN,ASO,CE,Federal Contract Tower,0,4,9,0,13,0,0,8,2,10,0,4,17,2,23,6,0,6,29
06/19/2000,MKL,TN,ASO,CE,Federal Contract Tower,0,14,25,1,40,0,0,3,2,5,0,14,28,3,45,4,0,4,49
06/20/2000,MKL,TN,ASO,CE,Federal Contract Tower,0,11,18,0,29,0,1,21,0,22,0,12,39,0,51,42,0,42,93
06/21/2000,MKL,TN,ASO,CE,Federal Contract Tower,0,11,17,0,28,0,2,0,2,4,0,13,17,2,32,0,0,0,32
06/22/2000,MKL,TN,ASO,CE,Federal Contract Tower,0,12,19,1,32,0,1,36,1,38,0,13,55,2,70,50,0,50,120
06/23/2000,MKL,TN,ASO,CE,Federal Contract Tower,0,11,18,1,30,0,1,45,0,46,0,12,63,1,76,8,0,8,84
06/24/2000,MKL,TN,ASO,CE,Federal Contract Tower,0,7,12,0,19,0,0,49,2,51,0,7,61,2,70,12,2,14,84
06/25/2000,MKL,TN,ASO,CE,Federal Contract Tower,0,6,9,0,15,0,0,35,2,37,0,6,44,2,52,46,0,46,98
06/26/2000,MKL,TN,ASO,CE,Federal Contract Tower,0,10,16,0,26,0,1,12,4,17,0,11,28,4,43,64,4,68,111
06/27/2000,MKL,TN,ASO,CE,Federal Contract Tower,0,15,24,1,40,0,2,7,1,10,0,17,31,2,50,26,6,32,82
06/28/2000,MKL,TN,ASO,CE,Federal Contract Tower,0,11,18,0,29,0,2,12,0,14,0,13,30,0,43,12,0,12,55
06/29/2000,MKL,TN,ASO,CE,Federal Contract Tower,0,13,26,0,39,0,0,37,0,37,0,13,63,0,76,42,0,42,118
06/30/2000,MKL,TN,ASO,CE,Federal Contract Tower,0,10,17,0,27,0,0,53,0,53,0,10,70,0,80,22,0,22,102
07/01/2000,MKL,TN,ASO,CE,Federal Contract Tower,0,3,5,0,8,0,5,21,0,26,0,8,26,0,34,8,0,8,42
07/02/2000,MKL,TN,ASO,CE,Federal Contract Tower,0,3,4,0,7,0,3,15,0,18,0,6,19,0,25,6,0,6,31
07/03/2000,MKL,TN,ASO,CE,Federal Contract Tower,0,8,9,0,17,0,7,20,0,27,0,15,29,0,44,32,0,32,76
07/04/2000,MKL,TN,ASO,CE,Federal Contract Tower,0,4,5,0,9,0,3,14,0,17,0,7,19,0,26,6,0,6,32
07/05/2000,MKL,TN,ASO,CE,Federal Contract Tower,0,11,11,1,23,0,1,24,5,30,0,12,35,6,53,18,0,18,71
07/06/2000,MKL,TN,ASO,CE,Federal Contract Tower,0,13,14,1,28,0,0,35,3,38,0,13,49,4,66,28,0,28,94
07/07/2000,MKL,TN,ASO,CE,Federal Contract Tower,0,12,13,1,26,0,0,38,4,42,0,12,51,5,68,2,0,2,70
07/08/2000,MKL,TN,ASO,CE,Federal Contract Tower,0,7,7,1,15,0,0,20,1,21,0,7,27,2,36,8,0,8,44
07/09/2000,MKL,TN,ASO,CE,Federal Contract Tower,0,6,7,1,14,0,0,15,8,23,0,6,22,9,37,18,72,90,127
07/10/2000,MKL,TN,ASO,CE,Federal Contract Tower,0,14,15,1,30,0,2,34,0,36,0,16,49,1,66,26,0,26,92
07/11/2000,MKL,TN,ASO,CE,Federal Contract Tower,0,13,13,0,26,0,1,31,0,32,0,14,44,0,58,14,0,14,72
07/12/2000,MKL,TN,ASO,CE,Federal Contract Tower,0,12,13,1,26,0,0,11,0,11,0,12,24,1,37,6,0,6,43
07/13/2000,MKL,TN,ASO,CE,Federal Contract Tower,0,13,14,1,28,0,0,28,3,31,0,13,42,4,59,14,0,14,73
07/14/2000,MKL,TN,ASO,CE,Federal Contract Tower,0,11,12,1,24,0,2,28,0,30,0,13,40,1,54,18,0,18,72
07/15/2000,MKL,TN,ASO,CE,Federal Contract Tower,0,2,3,1,6,0,4,22,1,27,0,6,25,2,33,14,0,14,47
07/16/2000,MKL,TN,ASO,CE,Federal Contract Tower,0,6,6,1,13,0,0,38,11,49,0,6,44,12,62,20,6,26,88
07/17/2000,MKL,TN,ASO,CE,Federal Contract Tower,0,14,15,1,30,0,1,23,2,26,0,15,38,3,56,12,0,12,68
07/18/2000,MKL,TN,ASO,CE,Federal Contract Tower,0,14,22,0,36,0,0,19,7,26,0,14,41,7,62,50,0,50,112
07/19/2000,MKL,TN,ASO,CE,Federal Contract Tower,0,9,15,0,24,0,0,22,3,25,0,9,37,3,49,12,0,12,61
07/20/2000,MKL,TN,ASO,CE,Federal Contract Tower,0,15,20,0,35,0,0,27,3,30,0,15,47,3,65,12,2,14,79
07/21/2000,MKL,TN,ASO,CE,Federal Contract Tower,0,11,17,0,28,0,0,17,2,19,0,11,34,2,47,6,2,8,55
07/22/2000,MKL,TN,ASO,CE,Federal Contract Tower,0,8,10,0,18,0,0,18,2,20,0,8,28,2,38,2,0,2,40
07/23/2000,MKL,TN,ASO,CE,Federal Contract Tower,0,7,9,0,16,0,0,26,2,28,0,7,35,2,44,18,0,18,62
07/24/2000,MKL,TN,ASO,CE,Federal Contract Tower,0,17,23,0,40,0,0,32,2,34,0,17,55,2,74,24,2,26,100
07/25/2000,MKL,TN,ASO,CE,Federal Contract Tower,0,13,19,0,32,0,0,32,0,32,0,13,51,0,64,38,6,44,108
07/26/2000,MKL,TN,ASO,CE,Federal Contract Tower,0,11,16,0,27,0,0,49,14,63,0,11,65,14,90,28,0,28,118
07/27/2000,MKL,TN,ASO,CE,Federal Contract Tower,0,15,19,0,34,0,0,28,10,38,0,15,47,10,72,14,0,14,86
07/28/2000,MKL,TN,ASO,CE,Federal Contract Tower,0,13,15,0,28,0,2,20,0,22,0,15,35,0,50,16,0,16,66
07/29/2000,MKL,TN,ASO,CE,Federal Contract Tower,0,7,8,0,15,0,0,10,0,10,0,7,18,0,25,10,0,10,35
07/30/2000,MKL,TN,ASO,CE,Federal Contract Tower,0,5,6,0,11,0,1,7,0,8,0,6,13,0,19,4,0,4,23
07/31/2000,MKL,TN,ASO,CE,Federal Contract Tower,0,14,16,0,30,0,0,39,5,44,0,14,55,5,74,126,18,144,218
08/01/2000,MKL,TN,ASO,CE,Federal Contract Tower,1,11,14,1,27,1,3,26,1,31,2,14,40,2,58,56,2,58,116
08/02/2000,MKL,TN,ASO,CE,Federal Contract Tower,0,18,19,2,39,0,0,28,2,30,0,18,47,4,69,76,0,76,145
08/03/2000,MKL,TN,ASO,CE,Federal Contract Tower,0,12,12,2,26,0,2,38,12,52,0,14,50,14,78,44,30,74,152
08/04/2000,MKL,TN,ASO,CE,Federal Contract Tower,0,12,14,2,28,0,3,43,0,46,0,15,57,2,74,156,0,156,230
08/05/2000,MKL,TN,ASO,CE,Federal Contract Tower,0,4,7,1,12,0,0,56,2,58,0,4,63,3,70,122,0,122,192
08/06/2000,MKL,TN,ASO,CE,Federal Contract Tower,0,6,6,1,13,0,0,32,3,35,0,6,38,4,48,66,0,66,114
08/07/2000,MKL,TN,ASO,CE,Federal Contract Tower,0,14,18,3,35,0,0,51,4,55,0,14,69,7,90,122,6,128,218
08/08/2000,MKL,TN,ASO,CE,Federal Contract Tower,0,10,14,2,26,0,0,25,1,26,0,10,39,3,52,48,2,50,102
08/09/2000,MKL,TN,ASO,CE,Federal Contract Tower,0,15,15,2,32,0,1,43,5,49,0,16,58,7,81,78,26,104,185
08/10/2000,MKL,TN,ASO,CE,Federal Contract Tower,0,9,9,2,20,0,3,33,4,40,0,12,42,6,60,42,0,42,102
08/11/2000,MKL,TN,ASO,CE,Federal Contract Tower,0,14,20,3,37,0,0,65,10,75,0,14,85,13,112,124,10,134,246
08/12/2000,MKL,TN,ASO,CE,Federal Contract Tower,0,10,11,2,23,0,3,57,3,63,0,13,68,5,86,120,2,122,208
08/13/2000,MKL,TN,ASO,CE,Federal Contract Tower,0,6,6,1,13,0,0,23,6,29,0,6,29,7,42,26,0,26,68
08/14/2000,MKL,TN,ASO,CE,Federal Contract Tower,0,10,10,0,20,0,4,35,0,39,0,14,45,0,59,56,0,56,115
08/15/2000,MKL,TN,ASO,CE,Federal Contract Tower,0,16,17,2,35,0,3,29,0,32,0,19,46,2,67,70,6,76,143
08/16/2000,MKL,TN,ASO,CE,Federal Contract Tower,0,15,18,3,36,0,0,29,3,32,0,15,47,6,68,58,6,64,132
08/17/2000,MKL,TN,ASO,CE,Federal Contract Tower,0,12,12,1,25,0,0,62,0,62,0,12,74,1,87,84,0,84,171
08/18/2000,MKL,TN,ASO,CE,Federal Contract Tower,0,11,11,2,24,0,1,32,7,40,0,12,43,9,64,24,0,24,88
08/19/2000,MKL,TN,ASO,CE,Federal Contract Tower,0,7,8,0,15,0,5,30,1,36,0,12,38,1,51,46,0,46,97
08/20/2000,MKL,TN,ASO,CE,Federal Contract Tower,0,5,6,0,11,0,1,11,1,13,0,6,17,1,24,14,0,14,38
08/21/2000,MKL,TN,ASO,CE,Federal Contract Tower,0,9,10,0,19,0,6,49,0,55,0,15,59,0,74,90,0,90,164
08/22/2000,MKL,TN,ASO,CE,Federal Contract Tower,0,12,14,0,26,0,1,16,0,17,0,13,30,0,43,24,0,24,67
08/23/2000,MKL,TN,ASO,CE,Federal Contract Tower,0,12,13,0,25,0,0,27,0,27,0,12,40,0,52,82,0,82,134
08/24/2000,MKL,TN,ASO,CE,Federal Contract Tower,0,12,14,1,27,0,0,32,1,33,0,12,46,2,60,30,0,30,90
08/25/2000,MKL,TN,ASO,CE,Federal Contract Tower,0,12,20,0,32,0,0,35,0,35,0,12,55,0,67,130,0,130,197
08/26/2000,MKL,TN,ASO,CE,Federal Contract Tower,0,7,7,0,14,0,2,15,0,17,0,9,22,0,31,44,0,44,75
08/27/2000,MKL,TN,ASO,CE,Federal Contract Tower,0,8,9,0,17,0,0,6,0,6,0,8,15,0,23,10,6,16,39
08/28/2000,MKL,TN,ASO,CE,Federal Contract Tower,0,13,14,1,28,0,1,29,0,30,0,14,43,1,58,60,0,60,118
08/29/2000,MKL,TN,ASO,CE,Federal Contract Tower,0,13,17,0,30,0,0,43,0,43,0,13,60,0,73,90,0,90,163
08/30/2000,MKL,TN,ASO,CE,Federal Contract Tower,0,14,21,2,37,0,0,27,8,35,0,14,48,10,72,170,0,170,242
08/31/2000,MKL,TN,ASO,CE,Federal Contract Tower,0,12,14,1,27,0,0,52,0,52,0,12,66,1,79,100,0,100,179
09/01/2000,MKL,TN,ASO,CE,Federal Contract Tower,0,11,16,0,27,0,0,64,0,64,0,11,80,0,91,120,0,120,211
09/02/2000,MKL,TN,ASO,CE,Federal Contract Tower,0,5,7,0,12,0,1,40,0,41,0,6,47,0,53,92,0,92,145
09/03/2000,MKL,TN,ASO,CE,Federal Contract Tower,0,4,6,0,10,0,3,19,0,22,0,7,25,0,32,40,0,40,72
09/04/2000,MKL,TN,ASO,CE,Federal Contract Tower,0,8,10,0,18,0,0,23,0,23,0,8,33,0,41,22,0,22,63
09/05/2000,MKL,TN,ASO,CE,Federal Contract Tower,0,12,22,0,34,0,0,29,0,29,0,12,51,0,63,16,0,16,79
09/06/2000,MKL,TN,ASO,CE,Federal Contract Tower,0,12,15,2,29,0,0,17,10,27,0,12,32,12,56,80,6,86,142
09/07/2000,MKL,TN,ASO,CE,Federal Contract Tower,0,13,15,2,30,0,0,30,7,37,0,13,45,9,67,112,10,122,189
09/08/2000,MKL,TN,ASO,CE,Federal Contract Tower,0,22,23,0,45,0,9,18,0,27,0,31,41,0,72,30,0,30,102
09/09/2000,MKL,TN,ASO,CE,Federal Contract Tower,0,11,12,2,25,0,6,2,3,11,0,17,14,5,36,8,20,28,64
09/10/2000,MKL,TN,ASO,CE,Federal Contract Tower,0,6,7,1,14,0,0,18,3,21,0,6,25,4,35,26,6,32,67
09/11/2000,MKL,TN,ASO,CE,Federal Contract Tower,0,11,11,0,22,0,4,39,0,43,0,15,50,0,65,40,0,40,105
09/12/2000,MKL,TN,ASO,CE,Federal Contract Tower,0,13,14,2,29,0,2,7,0,9,0,15,21,2,38,60,6,66,104
09/13/2000,MKL,TN,ASO,CE,Federal Contract Tower,0,13,16,2,31,0,0,77,2,79,0,13,93,4,110,212,4,216,326
09/14/2000,MKL,TN,ASO,CE,Federal Contract Tower,0,14,15,0,29,0,4,70,0,74,0,18,85,0,103,158,0,158,261
09/15/2000,MKL,TN,ASO,CE,Federal Contract Tower,0,16,16,0,32,0,0,29,0,29,0,16,45,0,61,82,0,82,143
09/16/2000,MKL,TN,ASO,CE,Federal Contract Tower,0,7,7,0,14,0,1,45,0,46,0,8,52,0,60,56,0,56,116
09/17/2000,MKL,TN,ASO,CE,Federal Contract Tower,0,7,9,0,16,0,0,23,0,23,0,7,32,0,39,24,0,24,63
09/18/2000,MKL,TN,ASO,CE,Federal Contract Tower,0,14,14,2,30,0,1,30,10,41,0,15,44,12,71,52,20,72,143
09/19/2000,MKL,TN,ASO,CE,Federal Contract Tower,0,15,17,1,33,0,3,19,2,24,0,18,36,3,57,34,2,36,93
09/20/2000,MKL,TN,ASO,CE,Federal Contract Tower,0,12,21,2,35,0,0,27,11,38,0,12,48,13,73,38,20,58,131
09/21/2000,MKL,TN,ASO,CE,Federal Contract Tower,0,14,16,1,31,0,0,49,10,59,0,14,65,11,90,132,8,140,230
09/22/2000,MKL,TN,ASO,CE,Federal Contract Tower,0,15,18,1,34,0,0,33,10,43,0,15,51,11,77,86,22,108,185
09/23/2000,MKL,TN,ASO,CE,Federal Contract Tower,0,6,7,0,13,0,2,2,4,8,0,8,9,4,21,6,0,6,27
09/24/2000,MKL,TN,ASO,CE,Federal Contract Tower,0,6,10,0,16,0,0,5,0,5,0,6,15,0,21,0,0,0,21
09/25/2000,MKL,TN,ASO,CE,Federal Contract Tower,0,13,9,1,23,0,5,0,1,6,0,18,9,2,29,8,2,10,39
09/26/2000,MKL,TN,ASO,CE,Federal Contract Tower,0,14,17,1,32,0,0,25,3,28,0,14,42,4,60,32,4,36,96
09/27/2000,MKL,TN,ASO,CE,Federal Contract Tower,0,15,18,1,34,0,0,51,13,64,0,15,69,14,98,84,8,92,190
09/28/2000,MKL,TN,ASO,CE,Federal Contract Tower,0,20,25,2,47,0,0,76,1,77,0,20,101,3,124,110,10,120,244
09/29/2000,MKL,TN,ASO,CE,Federal Contract Tower,0,17,20,2,39,0,4,50,0,54,0,21,70,2,93,44,0,44,137
09/30/2000,MKL,TN,ASO,CE,Federal Contract Tower,0,8,8,0,16,0,0,47,0,47,0,8,55,0,63,10,0,10,73
10/01/2000,MKL,TN,ASO,CE,Federal Contract Tower,0,5,12,0,17,0,0,34,0,34,0,5,46,0,51,0,0,0,51
10/02/2000,MKL,TN,ASO,CE,Federal Contract Tower,0,9,11,1,21,0,0,23,1,24,0,9,34,2,45,26,0,26,71
10/03/2000,MKL,TN,ASO,CE,Federal Contract Tower,0,11,12,2,25,0,2,41,10,53,0,13,53,12,78,46,0,46,124
10/04/2000,MKL,TN,ASO,CE,Federal Contract Tower,0,14,15,2,31,0,1,48,3,52,0,15,63,5,83,60,14,74,157
10/05/2000,MKL,TN,ASO,CE,Federal Contract Tower,0,15,20,2,37,0,0,52,0,52,0,15,72,2,89,44,0,44,133
10/06/2000,MKL,TN,ASO,CE,Federal Contract Tower,0,15,24,3,42,0,0,16,9,25,0,15,40,12,67,4,18,22,89
10/07/2000,MKL,TN,ASO,CE,Federal Contract Tower,0,7,8,1,16,0,1,30,5,36,0,8,38,6,52,24,36,60,112
10/08/2000,MKL,TN,ASO,CE,Federal Contract Tower,0,6,8,1,15,0,0,18,5,23,0,6,26,6,38,10,12,22,60
10/09/2000,MKL,TN,ASO,CE,Federal Contract Tower,0,8,8,0,16,0,0,53,0,53,0,8,61,0,69,34,0,34,103
10/10/2000,MKL,TN,ASO,CE,Federal Contract Tower,0,15,16,2,33,0,1,46,0,47,0,16,62,2,80,50,0,50,130
10/11/2000,MKL,TN,ASO,CE,Federal Contract Tower,0,15,16,0,31,0,2,26,0,28,0,17,42,0,59,44,0,44,103
10/12/2000,MKL,TN,ASO,CE,Federal Contract Tower,0,13,15,2,30,0,1,46,0,47,0,14,61,2,77,70,0,70,147
10/13/2000,MKL,TN,ASO,CE,Federal Contract Tower,0,12,14,2,28,0,4,36,0,40,0,16,50,2,68,0,0,0,68
10/14/2000,MKL,TN,ASO,CE,Federal Contract Tower,0,5,5,1,11,0,1,117,4,122,0,6,122,5,133,224,2,226,359
10/15/2000,MKL,TN,ASO,CE,Federal Contract Tower,0,7,7,1,15,0,0,30,2,32,0,7,37,3,47,26,2,28,75
10/16/2000,MKL,TN,ASO,CE,Federal Contract Tower,0,13,14,0,27,0,5,19,0,24,0,18,33,0,51,20,0,20,71
10/17/2000,MKL,TN,ASO,CE,Federal Contract Tower,0,13,15,2,30,0,5,11,2,18,0,18,26,4,48,20,4,24,72
10/18/2000,MKL,TN,ASO,CE,Federal Contract Tower,0,15,19,0,34,0,0,19,0,19,0,15,38,0,53,18,0,18,71
10/19/2000,MKL,TN,ASO,CE,Federal Contract Tower,0,15,17,2,34,0,1,53,1,55,0,16,70,3,89,50,10,60,149
10/20/2000,MKL,TN,ASO,CE,Federal Contract Tower,0,19,28,4,51,0,0,42,8,50,0,19,70,12,101,24,12,36,137
10/21/2000,MKL,TN,ASO,CE,Federal Contract Tower,0,7,7,0,14,0,1,27,0,28,0,8,34,0,42,14,0,14,56
10/22/2000,MKL,TN,ASO,CE,Federal Contract Tower,0,8,11,1,20,0,0,21,11,32,0,8,32,12,52,6,22,28,80
10/23/2000,MKL,TN,ASO,CE,Federal Contract Tower,0,14,17,1,32,0,1,32,15,48,0,15,49,16,80,38,0,38,118
10/24/2000,MKL,TN,ASO,CE,Federal Contract Tower,0,16,25,2,43,0,0,39,1,40,0,16,64,3,83,18,2,20,103
10/25/2000,MKL,TN,ASO,CE,Federal Contract Tower,0,20,25,2,47,2,0,33,3,38,2,20,58,5,85,60,0,60,145
10/26/2000,MKL,TN,ASO,CE,Federal Contract Tower,0,16,28,3,47,0,0,27,8,35,0,16,55,11,82,64,22,86,168
10/27/2000,MKL,TN,ASO,CE,Federal Contract Tower,0,15,19,2,36,0,0,26,3,29,0,15,45,5,65,24,4,28,93
10/28/2000,MKL,TN,ASO,CE,Federal Contract Tower,0,4,5,0,9,0,4,22,0,26,0,8,27,0,35,28,0,28,63
10/29/2000,MKL,TN,ASO,CE,Federal Contract Tower,0,6,8,0,14,0,0,22,4,26,0,6,30,4,40,6,0,6,46
10/30/2000,MKL,TN,ASO,CE,Federal Contract Tower,0,13,15,1,29,0,4,26,0,30,0,17,41,1,59,36,0,36,95
10/31/2000,MKL,TN,ASO,CE,Federal Contract Tower,0,11,14,1,26,0,3,18,7,28,0,14,32,8,54,28,4,32,86
11/01/2000,MKL,TN,ASO,CE,Federal Contract Tower,0,13,21,2,36,0,0,18,6,24,0,13,39,8,60,22,6,28,88
11/02/2000,MKL,TN,ASO,CE,Federal Contract Tower,0,13,20,2,35,0,3,20,0,23,0,16,40,2,58,20,0,20,78
11/03/2000,MKL,TN,ASO,CE,Federal Contract Tower,0,13,24,2,39,0,0,30,4,34,0,13,54,6,73,32,0,32,105
11/04/2000,MKL,TN,ASO,CE,Federal Contract Tower,0,7,10,1,18,0,0,7,11,18,0,7,17,12,36,22,2,24,60
11/05/2000,MKL,TN,ASO,CE,Federal Contract Tower,0,5,9,1,15,0,0,38,5,43,0,5,47,6,58,30,0,30,88
11/06/2000,MKL,TN,ASO,CE,Federal Contract Tower,0,16,17,2,35,0,1,0,4,5,0,17,17,6,40,0,2,2,42
11/07/2000,MKL,TN,ASO,CE,Federal Contract Tower,0,11,15,2,28,0,5,5,2,12,0,16,20,4,40,12,4,16,56
11/08/2000,MKL,TN,ASO,CE,Federal Contract Tower,0,14,25,1,40,0,0,6,0,6,0,14,31,1,46,2,0,2,48
11/09/2000,MKL,TN,ASO,CE,Federal Contract Tower,0,7,13,2,22,0,0,4,1,5,0,7,17,3,27,0,0,0,27
11/10/2000,MKL,TN,ASO,CE,Federal Contract Tower,0,14,18,0,32,0,0,20,0,20,0,14,38,0,52,28,0,28,80
11/11/2000,MKL,TN,ASO,CE,Federal Contract Tower,0,5,6,0,11,0,2,57,0,59,0,7,63,0,70,72,0,72,142
11/12/2000,MKL,TN,ASO,CE,Federal Contract Tower,0,7,10,0,17,0,0,26,0,26,0,7,36,0,43,8,0,8,51
11/13/2000,MKL,TN,ASO,CE,Federal Contract Tower,0,14,20,2,36,0,0,29,2,31,0,14,49,4,67,46,0,46,113
11/14/2000,MKL,TN,ASO,CE,Federal Contract Tower,0,11,15,2,28,0,5,1,2,8,0,16,16,4,36,8,0,8,44
11/15/2000,MKL,TN,ASO,CE,Federal Contract Tower,0,11,14,2,27,0,5,15,0,20,0,16,29,2,47,20,2,22,69
11/16/2000,MKL,TN,ASO,CE,Federal Contract Tower,0,12,24,0,36,0,0,10,0,10,0,12,34,0,46,8,0,8,54
11/17/2000,MKL,TN,ASO,CE,Federal Contract Tower,0,12,16,2,30,0,4,35,0,39,0,16,51,2,69,24,2,26,95
11/18/2000,MKL,TN,ASO,CE,Federal Contract Tower,0,6,9,0,15,0,0,38,8,46,0,6,47,8,61,46,0,46,107
11/19/2000,MKL,TN,ASO,CE,Federal Contract Tower,0,5,12,0,17,0,0,30,13,43,0,5,42,13,60,10,36,46,106
11/20/2000,MKL,TN,ASO,CE,Federal Contract Tower,0,11,16,1,28,0,3,29,1,33,0,14,45,2,61,54,0,54,115
11/21/2000,MKL,TN,ASO,CE,Federal Contract Tower,0,12,23,1,36,0,0,34,8,42,0,12,57,9,78,10,26,36,114
11/22/2000,MKL,TN,ASO,CE,Federal Contract Tower,0,14,19,0,33,0,0,41,0,41,0,14,60,0,74,30,0,30,104
11/23/2000,MKL,TN,ASO,CE,Federal Contract Tower,0,5,7,0,12,0,1,16,0,17,0,6,23,0,29,6,0,6,35
11/24/2000,MKL,TN,ASO,CE,Federal Contract Tower,0,9,7,0,16,0,6,0,0,6,0,15,7,0,22,4,0,4,26
11/25/2000,MKL,TN,ASO,CE,Federal Contract Tower,0,7,12,0,19,0,0,4,8,12,0,7,16,8,31,4,0,4,35
11/26/2000,MKL,TN,ASO,CE,Federal Contract Tower,0,5,10,0,15,0,0,52,0,52,0,5,62,0,67,34,0,34,101
11/27/2000,MKL,TN,ASO,CE,Federal Contract Tower,0,13,21,1,35,0,0,52,17,69,0,13,73,18,104,84,16,100,204
11/28/2000,MKL,TN,ASO,CE,Federal Contract Tower,0,10,12,0,22,0,5,15,0,20,0,15,27,0,42,8,0,8,50
11/29/2000,MKL,TN,ASO,CE,Federal Contract Tower,0,12,16,1,29,0,6,21,7,34,0,18,37,8,63,52,26,78,141
11/30/2000,MKL,TN,ASO,CE,Federal Contract Tower,0,14,18,1,33,0,1,32,6,39,0,15,50,7,72,56,6,62,134
12/01/2000,MKL,TN,ASO,CE,Federal Contract Tower,0,18,21,2,41,0,8,29,3,40,0,26,50,5,81,50,0,50,131
12/02/2000,MKL,TN,ASO,CE,Federal Contract Tower,0,6,7,1,14,0,1,9,9,19,0,7,16,10,33,12,2,14,47
12/03/2000,MKL,TN,ASO,CE,Federal Contract Tower,0,4,5,1,10,0,0,30,1,31,0,4,35,2,41,24,0,24,65
12/04/2000,MKL,TN,ASO,CE,Federal Contract Tower,0,14,18,0,32,0,0,24,0,24,0,14,42,0,56,50,0,50,106
12/05/2000,MKL,TN,ASO,CE,Federal Contract Tower,0,13,16,2,31,0,0,34,0,34,0,13,50,2,65,28,0,28,93
12/06/2000,MKL,TN,ASO,CE,Federal Contract Tower,0,12,21,0,33,0,0,33,0,33,0,12,54,0,66,48,0,48,114
12/07/2000,MKL,TN,ASO,CE,Federal Contract Tower,0,12,11,1,24,0,2,39,4,45,0,14,50,5,69,30,0,30,99
12/08/2000,MKL,TN,ASO,CE,Federal Contract Tower,0,14,16,2,32,0,0,49,2,51,0,14,65,4,83,72,0,72,155
12/09/2000,MKL,TN,ASO,CE,Federal Contract Tower,0,7,7,1,15,0,0,62,10,72,0,7,69,11,87,36,10,46,133
12/10/2000,MKL,TN,ASO,CE,Federal Contract Tower,0,4,10,1,15,0,0,44,5,49,0,4,54,6,64,36,0,36,100
12/11/2000,MKL,TN,ASO,CE,Federal Contract Tower,0,12,11,0,23,0,1,8,0,9,0,13,19,0,32,12,0,12,44
12/12/2000,MKL,TN,ASO,CE,Federal Contract Tower,0,14,25,2,41,0,0,8,21,29,0,14,33,23,70,2,68,70,140
12/13/2000,MKL,TN,ASO,CE,Federal Contract Tower,0,2,1,0,3,0,0,8,0,8,0,2,9,0,11,10,0,10,21
12/14/2000,MKL,TN,ASO,CE,Federal Contract Tower,0,14,14,1,29,0,2,0,5,7,0,16,14,6,36,0,12,12,48
12/15/2000,MKL,TN,ASO,CE,Federal Contract Tower,0,14,19,0,33,0,0,6,0,6,0,14,25,0,39,2,0,2,41
12/16/2000,MKL,TN,ASO,CE,Federal Contract Tower,0,4,3,0,7,0,2,0,0,2,0,6,3,0,9,0,0,0,9
12/17/2000,MKL,TN,ASO,CE,Federal Contract Tower,0,0,4,0,4,0,0,12,2,14,0,0,16,2,18,6,0,6,24
12/18/2000,MKL,TN,ASO,CE,Federal Contract Tower,0,8,17,0,25,0,0,20,0,20,0,8,37,0,45,4,0,4,49
12/19/2000,MKL,TN,ASO,CE,Federal Contract Tower,0,12,12,0,24,0,1,3,2,6,0,13,15,2,30,4,0,4,34
12/20/2000,MKL,TN,ASO,CE,Federal Contract Tower,0,13,14,0,27,0,0,20,0,20,0,13,34,0,47,34,0,34,81
12/21/2000,MKL,TN,ASO,CE,Federal Contract Tower,0,8,8,0,16,0,3,14,5,22,0,11,22,5,38,26,12,38,76
12/22/2000,MKL,TN,ASO,CE,Federal Contract Tower,0,11,11,0,22,0,1,45,0,46,0,12,56,0,68,50,0,50,118
12/23/2000,MKL,TN,ASO,CE,Federal Contract Tower,0,5,6,0,11,0,2,28,0,30,0,7,34,0,41,36,0,36,77
12/24/2000,MKL,TN,ASO,CE,Federal Contract Tower,0,3,3,0,6,0,1,37,0,38,0,4,40,0,44,22,0,22,66
12/25/2000,MKL,TN,ASO,CE,Federal Contract Tower,0,2,2,0,4,0,2,4,0,6,0,4,6,0,10,0,0,0,10
12/26/2000,MKL,TN,ASO,CE,Federal Contract Tower,0,10,11,0,21,0,1,8,0,9,0,11,19,0,30,0,0,0,30
12/27/2000,MKL,TN,ASO,CE,Federal Contract Tower,0,7,3,0,10,0,5,0,11,16,0,12,3,11,26,0,8,8,34
12/28/2000,MKL,TN,ASO,CE,Federal Contract Tower,0,10,11,0,21,0,6,19,6,31,0,16,30,6,52,10,10,20,72
12/29/2000,MKL,TN,ASO,CE,Federal Contract Tower,0,8,9,0,17,0,6,1,4,11,0,14,10,4,28,8,4,12,40
12/30/2000,MKL,TN,ASO,CE,Federal Contract Tower,0,6,6,0,12,0,1,6,0,7,0,7,12,0,19,12,0,12,31
12/31/2000,MKL,TN,ASO,CE,Federal Contract Tower,0,4,5,0,9,0,0,2,0,2,0,4,7,0,11,2,0,2,13
01/01/2001,MKL,TN,ASO,CE,Federal Contract Tower,0,2,5,0,7,0,0,4,0,4,0,2,9,0,11,0,0,0,11
01/02/2001,MKL,TN,ASO,CE,Federal Contract Tower,0,10,10,0,20,0,4,1,0,5,0,14,11,0,25,10,0,10,35
01/03/2001,MKL,TN,ASO,CE,Federal Contract Tower,0,13,15,1,29,0,4,19,0,23,0,17,34,1,52,42,0,42,94
01/04/2001,MKL,TN,ASO,CE,Federal Contract Tower,0,10,11,1,22,0,3,21,1,25,0,13,32,2,47,24,2,26,73
01/05/2001,MKL,TN,ASO,CE,Federal Contract Tower,0,11,11,1,23,0,4,31,0,35,0,15,42,1,58,52,0,52,110
01/06/2001,MKL,TN,ASO,CE,Federal Contract Tower,0,7,7,1,15,0,0,71,11,82,0,7,78,12,97,30,24,54,151
01/07/2001,MKL,TN,ASO,CE,Federal Contract Tower,0,5,5,1,11,0,0,20,3,23,0,5,25,4,34,16,0,16,50
01/08/2001,MKL,TN,ASO,CE,Federal Contract Tower,0,9,11,1,21,0,0,29,0,29,0,9,40,1,50,6,0,6,56
01/09/2001,MKL,TN,ASO,CE,Federal Contract Tower,0,14,13,1,28,0,0,23,5,28,0,14,36,6,56,10,16,26,82
01/10/2001,MKL,TN,ASO,CE,Federal Contract Tower,0,9,9,0,18,0,3,37,0,40,0,12,46,0,58,20,0,20,78
01/11/2001,MKL,TN,ASO,CE,Federal Contract Tower,0,13,15,0,28,0,0,7,0,7,0,13,22,0,35,0,0,0,35
01/12/2001,MKL,TN,ASO,CE,Federal Contract Tower,0,14,15,0,29,0,0,5,0,5,0,14,20,0,34,2,0,2,36
01/13/2001,MKL,TN,ASO,CE,Federal Contract Tower,0,8,11,0,19,0,0,10,2,12,0,8,21,2,31,8,0,8,39
01/14/2001,MKL,TN,ASO,CE,Federal Contract Tower,0,6,9,0,15,0,0,6,0,6,0,6,15,0,21,8,0,8,29
01/15/2001,MKL,TN,ASO,CE,Federal Contract Tower,0,7,10,0,17,0,0,60,0,60,0,7,70,0,77,42,0,42,119
01/16/2001,MKL,TN,ASO,CE,Federal Contract Tower,0,14,16,0,30,0,0,13,0,13,0,14,29,0,43,12,2,14,57
01/17/2001,MKL,TN,ASO,CE,Federal Contract Tower,0,12,22,0,34,0,0,7,0,7,0,12,29,0,41,8,0,8,49
01/18/2001,MKL,TN,ASO,CE,Federal Contract Tower,0,14,18,2,34,0,0,0,6,6,0,14,18,8,40,0,16,16,56
01/19/2001,MKL,TN,ASO,CE,Federal Contract Tower,0,14,10,0,24,0,2,0,2,4,0,16,10,2,28,2,0,2,30
01/20/2001,MKL,TN,ASO,CE,Federal Contract Tower,0,5,3,0,8,0,2,0,0,2,0,7,3,0,10,2,0,2,12
01/21/2001,MKL,TN,ASO,CE,Federal Contract Tower,0,5,7,0,12,0,0,31,2,33,0,5,38,2,45,24,0,24,69
01/22/2001,MKL,TN,ASO,CE,Federal Contract Tower,0,13,14,0,27,0,0,43,0,43,0,13,57,0,70,34,0,34,104
01/23/2001,MKL,TN,ASO,CE,Federal Contract Tower,0,14,14,0,28,0,0,20,12,32,0,14,34,12,60,30,2,32,92
01/24/2001,MKL,TN,ASO,CE,Federal Contract Tower,0,11,12,0,23,0,0,17,0,17,0,11,29,0,40,22,0,22,62
01/25/2001,MKL,TN,ASO,CE,Federal Contract Tower,0,12,13,0,25,0,2,39,0,41,0,14,52,0,66,52,0,52,118
01/26/2001,MKL,TN,ASO,CE,Federal Contract Tower,0,14,14,2,30,0,0,26,2,28,0,14,40,4,58,20,2,22,80
01/27/2001,MKL,TN,ASO,CE,Federal Contract Tower,0,6,6,0,12,0,1,48,0,49,0,7,54,0,61,46,0,46,107
01/28/2001,MKL,TN,ASO,CE,Federal Contract Tower,0,4,4,0,8,0,2,27,0,29,0,6,31,0,37,8,0,8,45
01/29/2001,MKL,TN,ASO,CE,Federal Contract Tower,0,13,13,0,26,0,1,9,0,10,0,14,22,0,36,6,0,6,42
01/30/2001,MKL,TN,ASO,CE,Federal Contract Tower,0,16,18,2,36,0,0,10,44,54,0,16,28,46,90,0,8,8,98
01/31/2001,MKL,TN,ASO,CE,Federal Contract Tower,0,8,9,0,17,0,6,16,18,40,0,14,25,18,57,32,0,32,89
02/01/2001,MKL,TN,ASO,CE,Federal Contract Tower,0,10,14,1,25,0,3,33,1,37,0,13,47,2,62,8,0,8,70
02/02/2001,MKL,TN,ASO,CE,Federal Contract Tower,0,14,20,2,36,0,0,30,8,38,0,14,50,10,74,10,18,28,102
02/03/2001,MKL,TN,ASO,CE,Federal Contract Tower,0,3,5,1,9,0,1,43,43,87,0,4,48,44,96,18,66,84,180
02/04/2001,MKL,TN,ASO,CE,Federal Contract Tower,0,6,8,1,15,0,1,32,8,41,0,7,40,9,56,20,74,94,150
02/05/2001,MKL,TN,ASO,CE,Federal Contract Tower,0,8,9,0,17,0,5,22,0,27,0,13,31,0,44,16,0,16,60
02/06/2001,MKL,TN,ASO,CE,Federal Contract Tower,0,14,17,1,32,0,1,19,3,23,0,15,36,4,55,14,0,14,69
02/07/2001,MKL,TN,ASO,CE,Federal Contract Tower,0,9,11,1,21,0,4,13,1,18,0,13,24,2,39,10,0,10,49
02/08/2001,MKL,TN,ASO,CE,Federal Contract Tower,0,13,17,1,31,0,0,23,5,28,0,13,40,6,59,30,8,38,97
02/09/2001,MKL,TN,ASO,CE,Federal Contract Tower,0,10,6,1,17,0,6,0,1,7,0,16,6,2,24,0,0,0,24
02/10/2001,MKL,TN,ASO,CE,Federal Contract Tower,0,6,10,1,17,0,0,24,11,35,0,6,34,12,52,10,82,92,144
02/11/2001,MKL,TN,ASO,CE,Federal Contract Tower,0,9,10,1,20,0,0,17,13,30,0,9,27,14,50,12,0,12,62
02/12/2001,MKL,TN,ASO,CE,Federal Contract Tower,0,13,22,0,35,0,0,8,0,8,0,13,30,0,43,0,0,0,43
02/13/2001,MKL,TN,ASO,CE,Federal Contract Tower,0,13,22,0,35,0,0,6,0,6,0,13,28,0,41,0,0,0,41
02/14/2001,MKL,TN,ASO,CE,Federal Contract Tower,0,9,16,1,26,0,0,3,1,4,0,9,19,2,30,0,4,4,34
02/15/2001,MKL,TN,ASO,CE,Federal Contract Tower,0,14,16,0,30,0,0,7,0,7,0,14,23,0,37,2,0,2,39
02/16/2001,MKL,TN,ASO,CE,Federal Contract Tower,0,15,17,0,32,0,1,1,0,2,0,16,18,0,34,0,0,0,34
02/17/2001,MKL,TN,ASO,CE,Federal Contract Tower,0,5,6,0,11,0,2,37,0,39,0,7,43,0,50,20,0,20,70
02/18/2001,MKL,TN,ASO,CE,Federal Contract Tower,0,6,9,0,15,0,1,55,0,56,0,7,64,0,71,34,0,34,105
02/19/2001,MKL,TN,ASO,CE,Federal Contract Tower,0,8,13,0,21,0,0,36,0,36,0,8,49,0,57,24,0,24,81
02/20/2001,MKL,TN,ASO,CE,Federal Contract Tower,0,13,16,0,29,0,1,26,8,35,0,14,42,8,64,28,4,32,96
02/21/2001,MKL,TN,ASO,CE,Federal Contract Tower,0,12,15,0,27,0,0,6,4,10,0,12,21,4,37,2,8,10,47
02/22/2001,MKL,TN,ASO,CE,Federal Contract Tower,0,15,20,1,36,0,0,13,24,37,0,15,33,25,73,0,0,0,73
02/23/2001,MKL,TN,ASO,CE,Federal Contract Tower,0,12,26,1,39,0,0,29,25,54,0,12,55,26,93,70,0,70,163
02/24/2001,MKL,TN,ASO,CE,Federal Contract Tower,0,4,4,0,8,0,1,0,0,1,0,5,4,0,9,0,0,0,9
02/25/2001,MKL,TN,ASO,CE,Federal Contract Tower,0,5,6,0,11,0,2,27,0,29,0,7,33,0,40,2,0,2,42
02/26/2001,MKL,TN,ASO,CE,Federal Contract Tower,0,13,18,0,31,0,0,28,2,30,0,13,46,2,61,6,0,6,67
02/27/2001,MKL,TN,ASO,CE,Federal Contract Tower,0,7,8,0,15,0,3,0,4,7,0,10,8,4,22,6,0,6,28
02/28/2001,MKL,TN,ASO,CE,Federal Contract Tower,0,12,16,0,28,0,0,10,0,10,0,12,26,0,38,12,0,12,50
03/01/2001,MKL,TN,ASO,CE,Federal Contract Tower,0,10,13,3,26,0,3,42,3,48,0,13,55,6,74,54,0,54,128
03/02/2001,MKL,TN,ASO,CE,Federal Contract Tower,0,10,20,4,34,0,0,13,5,18,0,10,33,9,52,40,22,62,114
03/03/2001,MKL,TN,ASO,CE,Federal Contract Tower,0,6,5,2,13,0,1,16,18,35,0,7,21,20,48,18,40,58,106
03/04/2001,MKL,TN,ASO,CE,Federal Contract Tower,0,7,7,0,14,0,0,12,0,12,0,7,19,0,26,4,0,4,30
03/05/2001,MKL,TN,ASO,CE,Federal Contract Tower,0,11,12,0,23,0,2,37,0,39,0,13,49,0,62,24,0,24,86
03/06/2001,MKL,TN,ASO,CE,Federal Contract Tower,0,11,10,2,23,0,1,32,0,33,0,12,42,2,56,22,2,24,80
03/07/2001,MKL,TN,ASO,CE,Federal Contract Tower,0,12,17,3,32,0,0,43,3,46,0,12,60,6,78,34,0,34,112
03/08/2001,MKL,TN,ASO,CE,Federal Contract Tower,0,11,16,0,27,0,0,38,0,38,0,11,54,0,65,54,0,54,119
03/09/2001,MKL,TN,ASO,CE,Federal Contract Tower,0,9,10,2,21,0,4,27,0,31,0,13,37,2,52,54,16,70,122
03/10/2001,MKL,TN,ASO,CE,Federal Contract Tower,0,7,9,0,16,0,1,75,0,76,0,8,84,0,92,44,0,44,136
03/11/2001,MKL,TN,ASO,CE,Federal Contract Tower,0,4,5,0,9,0,0,25,0,25,0,4,30,0,34,12,0,12,46
03/12/2001,MKL,TN,ASO,CE,Federal Contract Tower,0,14,19,4,37,0,0,4,10,14,0,14,23,14,51,0,14,14,65
03/13/2001,MKL,TN,ASO,CE,Federal Contract Tower,0,11,15,3,29,0,0,26,0,26,0,11,41,3,55,30,8,38,93
03/14/2001,MKL,TN,ASO,CE,Federal Contract Tower,0,11,13,2,26,0,4,26,0,30,0,15,39,2,56,42,2,44,100
03/15/2001,MKL,TN,ASO,CE,Federal Contract Tower,0,10,13,2,25,0,3,6,3,12,0,13,19,5,37,12,18,30,67
03/16/2001,MKL,TN,ASO,CE,Federal Contract Tower,0,12,16,2,30,0,1,19,2,22,0,13,35,4,52,24,10,34,86
03/17/2001,MKL,TN,ASO,CE,Federal Contract Tower,0,7,13,1,21,0,0,24,1,25,0,7,37,2,46,8,0,8,54
03/18/2001,MKL,TN,ASO,CE,Federal Contract Tower,0,6,9,1,16,0,1,32,35,68,0,7,41,36,84,58,2,60,144
03/19/2001,MKL,TN,ASO,CE,Federal Contract Tower,0,9,12,1,22,0,2,8,28,38,0,11,20,29,60,18,22,40,100
03/20/2001,MKL,TN,ASO,CE,Federal Contract Tower,0,11,17,2,30,0,0,2,5,7,0,11,19,7,37,4,24,28,65
03/21/2001,MKL,TN,ASO,CE,Federal Contract Tower,0,11,15,2,28,0,1,30,7,38,0,12,45,9,66,10,18,28,94
03/22/2001,MKL,TN,ASO,CE,Federal Contract Tower,0,11,14,2,27,0,2,46,2,50,0,13,60,4,77,68,0,68,145
03/23/2001,MKL,TN,ASO,CE,Federal Contract Tower,0,10,13,2,25,0,2,19,11,32,0,12,32,13,57,54,6,60,117
03/24/2001,MKL,TN,ASO,CE,Federal Contract Tower,0,5,8,1,14,0,2,13,7,22,0,7,21,8,36,6,20,26,62
03/25/2001,MKL,TN,ASO,CE,Federal Contract Tower,0,6,9,1,16,0,0,29,3,32,0,6,38,4,48,2,0,2,50
03/26/2001,MKL,TN,ASO,CE,Federal Contract Tower,0,9,12,0,21,0,4,30,0,34,0,13,42,0,55,18,0,18,73
03/27/2001,MKL,TN,ASO,CE,Federal Contract Tower,0,10,13,2,25,0,3,25,2,30,0,13,38,4,55,44,18,62,117
03/28/2001,MKL,TN,ASO,CE,Federal Contract Tower,0,10,13,1,24,0,3,13,3,19,0,13,26,4,43,24,34,58,101
03/29/2001,MKL,TN,ASO,CE,Federal Contract Tower,0,13,23,2,38,0,0,13,0,13,0,13,36,2,51,10,0,10,61
03/30/2001,MKL,TN,ASO,CE,Federal Contract Tower,0,12,17,3,32,0,0,0,4,4,0,12,17,7,36,0,6,6,42
03/31/2001,MKL,TN,ASO,CE,Federal Contract Tower,0,5,8,0,13,0,4,16,0,20,0,9,24,0,33,24,0,24,57
04/01/2001,MKL,TN,ASO,CE,Federal Contract Tower,0,6,7,1,14,0,1,33,5,39,0,7,40,6,53,20,4,24,77
04/02/2001,MKL,TN,ASO,CE,Federal Contract Tower,0,15,15,0,30,0,0,13,0,13,0,15,28,0,43,14,0,14,57
04/03/2001,MKL,TN,ASO,CE,Federal Contract Tower,0,12,9,2,23,0,0,0,10,10,0,12,9,12,33,0,10,10,43
04/04/2001,MKL,TN,ASO,CE,Federal Contract Tower,0,11,11,2,24,0,2,5,0,7,0,13,16,2,31,10,0,10,41
04/05/2001,MKL,TN,ASO,CE,Federal Contract Tower,0,10,12,2,24,0,0,6,4,10,0,10,18,6,34,20,0,20,54
04/06/2001,MKL,TN,ASO,CE,Federal Contract Tower,0,13,20,3,36,0,0,40,13,53,0,13,60,16,89,54,60,114,203
04/07/2001,MKL,TN,ASO,CE,Federal Contract Tower,0,4,5,0,9,0,2,10,0,12,0,6,15,0,21,0,0,0,21
04/08/2001,MKL,TN,ASO,CE,Federal Contract Tower,0,7,9,1,17,0,0,18,11,29,0,7,27,12,46,2,12,14,60
04/09/2001,MKL,TN,ASO,CE,Federal Contract Tower,0,12,11,3,26,0,1,25,4,30,0,13,36,7,56,16,20,36,92
04/10/2001,MKL,TN,ASO,CE,Federal Contract Tower,0,10,9,2,21,0,3,26,0,29,0,13,35,2,50,36,0,36,86
04/11/2001,MKL,TN,ASO,CE,Federal Contract Tower,0,12,16,2,30,0,0,30,3,33,0,12,46,5,63,4,4,8,71
04/12/2001,MKL,TN,ASO,CE,Federal Contract Tower,0,13,14,2,29,0,0,21,13,34,0,13,35,15,63,22,52,74,137
04/13/2001,MKL,TN,ASO,CE,Federal Contract Tower,0,9,9,1,19,0,2,26,3,31,0,11,35,4,50,24,0,24,74
04/14/2001,MKL,TN,ASO,CE,Federal Contract Tower,0,6,5,0,11,0,1,35,0,36,0,7,40,0,47,20,0,20,67
04/15/2001,MKL,TN,ASO,CE,Federal Contract Tower,0,3,4,0,7,0,4,5,4,13,0,7,9,4,20,4,0,4,24
04/16/2001,MKL,TN,ASO,CE,Federal Contract Tower,0,9,9,0,18,0,2,44,15,61,0,11,53,15,79,20,44,64,143
04/17/2001,MKL,TN,ASO,CE,Federal Contract Tower,0,13,16,1,30,0,0,28,2,30,0,13,44,3,60,16,2,18,78
04/18/2001,MKL,TN,ASO,CE,Federal Contract Tower,0,13,20,1,34,0,0,44,0,44,0,13,64,1,78,18,6,24,102
04/19/2001,MKL,TN,ASO,CE,Federal Contract Tower,0,13,17,1,31,0,0,37,1,38,0,13,54,2,69,16,0,16,85
04/20/2001,MKL,TN,ASO,CE,Federal Contract Tower,0,9,11,1,21,0,3,30,1,34,0,12,41,2,55,16,0,16,71
04/21/2001,MKL,TN,ASO,CE,Federal Contract Tower,0,4,4,0,8,0,2,17,0,19,0,6,21,0,27,18,0,18,45
04/22/2001,MKL,TN,ASO,CE,Federal Contract Tower,0,7,10,0,17,0,0,35,4,39,0,7,45,4,56,6,0,6,62
04/23/2001,MKL,TN,ASO,CE,Federal Contract Tower,0,14,18,1,33,0,0,11,5,16,0,14,29,6,49,10,6,16,65
04/24/2001,MKL,TN,ASO,CE,Federal Contract Tower,0,10,12,1,23,0,4,19,1,24,0,14,31,2,47,54,16,70,117
04/25/2001,MKL,TN,ASO,CE,Federal Contract Tower,0,18,19,1,38,0,0,41,1,42,0,18,60,2,80,38,18,56,136
04/26/2001,MKL,TN,ASO,CE,Federal Contract Tower,0,12,13,1,26,0,1,32,5,38,0,13,45,6,64,22,18,40,104
04/27/2001,MKL,TN,ASO,CE,Federal Contract Tower,0,13,15,1,29,0,0,35,3,38,0,13,50,4,67,10,0,10,77
04/28/2001,MKL,TN,ASO,CE,Federal Contract Tower,0,5,5,0,10,0,2,38,2,42,0,7,43,2,52,46,0,46,98
04/29/2001,MKL,TN,ASO,CE,Federal Contract Tower,0,7,9,0,16,0,0,33,2,35,0,7,42,2,51,20,0,20,71
04/30/2001,MKL,TN,ASO,CE,Federal Contract Tower,0,10,11,0,21,0,1,34,0,35,0,11,45,0,56,18,0,18,74
05/01/2001,MKL,TN,ASO,CE,Federal Contract Tower,0,9,17,2,28,0,0,30,0,30,0,9,47,2,58,50,42,92,150
05/02/2001,MKL,TN,ASO,CE,Federal Contract Tower,0,6,9,2,17,0,4,37,10,51,0,10,46,12,68,6,32,38,106
05/03/2001,MKL,TN,ASO,CE,Federal Contract Tower,0,9,11,2,22,0,1,35,0,36,0,10,46,2,58,66,0,66,124
05/04/2001,MKL,TN,ASO,CE,Federal Contract Tower,0,8,10,3,21,0,1,45,2,48,0,9,55,5,69,36,0,36,105
05/05/2001,MKL,TN,ASO,CE,Federal Contract Tower,0,2,3,0,5,0,2,38,0,40,0,4,41,0,45,82,0,82,127
05/06/2001,MKL,TN,ASO,CE,Federal Contract Tower,0,3,6,1,10,0,0,34,0,34,0,3,40,1,44,32,0,32,76
05/07/2001,MKL,TN,ASO,CE,Federal Contract Tower,0,7,8,2,17,0,3,11,0,14,0,10,19,2,31,12,2,14,45
05/08/2001,MKL,TN,ASO,CE,Federal Contract Tower,0,10,16,4,30,0,0,38,8,46,0,10,54,12,76,46,10,56,132
05/09/2001,MKL,TN,ASO,CE,Federal Contract Tower,0,11,16,4,31,0,0,31,7,38,0,11,47,11,69,42,18,60,129
05/10/2001,MKL,TN,ASO,CE,Federal Contract Tower,0,9,15,4,28,0,0,45,3,48,0,9,60,7,76,44,18,62,138
05/11/2001,MKL,TN,ASO,CE,Federal Contract Tower,0,8,10,0,18,0,1,27,0,28,0,9,37,0,46,12,2,14,60
05/12/2001,MKL,TN,ASO,CE,Federal Contract Tower,0,3,4,0,7,0,0,16,0,16,0,3,20,0,23,12,0,12,35
05/13/2001,MKL,TN,ASO,CE,Federal Contract Tower,0,1,1,1,3,0,2,24,3,29,0,3,25,4,32,34,0,34,66
05/14/2001,MKL,TN,ASO,CE,Federal Contract Tower,0,6,9,1,16,0,4,43,0,47,0,10,52,1,63,68,0,68,131
05/15/2001,MKL,TN,ASO,CE,Federal Contract Tower,0,10,13,3,26,0,0,39,1,40,0,10,52,4,66,24,2,26,92
05/16/2001,MKL,TN,ASO,CE,Federal Contract Tower,0,6,12,3,21,0,0,36,3,39,0,6,48,6,60,36,6,42,102
05/17/2001,MKL,TN,ASO,CE,Federal Contract Tower,0,9,13,3,25,0,0,42,4,46,0,9,55,7,71,76,0,76,147
05/18/2001,MKL,TN,ASO,CE,Federal Contract Tower,0,10,13,2,25,0,0,37,2,39,0,10,50,4,64,32,2,34,98
05/19/2001,MKL,TN,ASO,CE,Federal Contract Tower,0,3,7,1,11,0,0,13,8,21,0,3,20,9,32,2,12,14,46
05/20/2001,MKL,TN,ASO,CE,Federal Contract Tower,0,8,11,2,21,0,0,34,5,39,0,8,45,7,60,36,0,36,96
05/21/2001,MKL,TN,ASO,CE,Federal Contract Tower,0,12,21,5,38,0,0,0,19,19,0,12,21,24,57,0,68,68,125
05/22/2001,MKL,TN,ASO,CE,Federal Contract Tower,0,10,17,3,30,0,0,23,2,25,0,10,40,5,55,20,8,28,83
05/23/2001,MKL,TN,ASO,CE,Federal Contract Tower,0,9,12,2,23,0,5,33,0,38,0,14,45,2,61,94,0,94,155
05/24/2001,MKL,TN,ASO,CE,Federal Contract Tower,0,6,10,2,18,0,4,39,0,43,0,10,49,2,61,48,0,48,109
05/25/2001,MKL,TN,ASO,CE,Federal Contract Tower,0,16,23,2,41,0,25,12,0,37,0,41,35,2,78,10,0,10,88
05/26/2001,MKL,TN,ASO,CE,Federal Contract Tower,0,6,8,1,15,0,14,27,0,41,0,20,35,1,56,64,0,64,120
05/27/2001,MKL,TN,ASO,CE,Federal Contract Tower,0,3,8,0,11,0,0,23,0,23,0,3,31,0,34,12,0,12,46
05/28/2001,MKL,TN,ASO,CE,Federal Contract Tower,0,4,12,2,18,0,0,10,0,10,0,4,22,2,28,2,0,2,30
05/29/2001,MKL,TN,ASO,CE,Federal Contract Tower,0,10,16,2,28,0,0,34,0,34,0,10,50,2,62,38,16,54,116
05/30/2001,MKL,TN,ASO,CE,Federal Contract Tower,0,8,11,2,21,0,3,6,4,13,0,11,17,6,34,12,16,28,62
05/31/2001,MKL,TN,ASO,CE,Federal Contract Tower,0,10,14,0,24,0,1,6,0,7,0,11,20,0,31,0,0,0,31
06/01/2001,MKL,TN,ASO,CE,Federal Contract Tower,0,11,18,1,30,0,0,14,10,24,0,11,32,11,54,20,0,20,74
06/02/2001,MKL,TN,ASO,CE,Federal Contract Tower,0,5,6,0,11,0,0,22,0,22,0,5,28,0,33,12,0,12,45
06/03/2001,MKL,TN,ASO,CE,Federal Contract Tower,0,1,2,1,4,0,0,18,11,29,0,1,20,12,33,0,110,110,143
06/04/2001,MKL,TN,ASO,CE,Federal Contract Tower,0,8,9,1,18,0,1,40,3,44,0,9,49,4,62,22,10,32,94
06/05/2001,MKL,TN,ASO,CE,Federal Contract Tower,0,8,11,2,21,0,1,45,14,60,0,9,56,16,81,68,44,112,193
06/06/2001,MKL,TN,ASO,CE,Federal Contract Tower,0,4,14,2,20,4,0,0,14,18,4,4,14,16,38,0,0,0,38
06/07/2001,MKL,TN,ASO,CE,Federal Contract Tower,0,11,15,0,26,0,2,6,0,8,0,13,21,0,34,6,0,6,40
06/08/2001,MKL,TN,ASO,CE,Federal Contract Tower,0,7,10,2,19,0,6,32,2,40,0,13,42,4,59,68,10,78,137
06/09/2001,MKL,TN,ASO,CE,Federal Contract Tower,0,3,4,1,8,0,0,49,1,50,0,3,53,2,58,72,0,72,130
06/10/2001,MKL,TN,ASO,CE,Federal Contract Tower,0,5,8,0,13,0,0,27,0,27,0,5,35,0,40,28,0,28,68
06/11/2001,MKL,TN,ASO,CE,Federal Contract Tower,0,11,14,2,27,0,0,37,4,41,0,11,51,6,68,20,0,20,88
06/12/2001,MKL,TN,ASO,CE,Federal Contract Tower,0,11,14,0,25,0,4,32,0,36,0,15,46,0,61,36,0,36,97
06/13/2001,MKL,TN,ASO,CE,Federal Contract Tower,0,8,14,1,23,0,0,33,0,33,0,8,47,1,56,6,0,6,62
06/14/2001,MKL,TN,ASO,CE,Federal Contract Tower,0,12,16,0,28,0,0,44,0,44,0,12,60,0,72,18,0,18,90
06/15/2001,MKL,TN,ASO,CE,Federal Contract Tower,0,9,11,2,22,0,1,19,0,20,0,10,30,2,42,108,0,108,150
06/16/2001,MKL,TN,ASO,CE,Federal Contract Tower,0,3,8,0,11,0,0,63,3,66,0,3,71,3,77,184,20,204,281
06/17/2001,MKL,TN,ASO,CE,Federal Contract Tower,0,3,6,0,9,0,0,23,5,28,0,3,29,5,37,14,42,56,93
06/18/2001,MKL,TN,ASO,CE,Federal Contract Tower,0,7,10,0,17,0,2,52,2,56,0,9,62,2,73,210,0,210,283
06/19/2001,MKL,TN,ASO,CE,Federal Contract Tower,0,9,13,1,23,0,1,57,1,59,0,10,70,2,82,162,0,162,244
06/20/2001,MKL,TN,ASO,CE,Federal Contract Tower,0,8,10,0,18,0,4,47,0,51,0,12,57,0,69,60,0,60,129
06/21/2001,MKL,TN,ASO,CE,Federal Contract Tower,0,9,13,0,22,0,3,32,0,35,0,12,45,0,57,38,0,38,95
06/22/2001,MKL,TN,ASO,CE,Federal Contract Tower,0,8,12,1,21,0,2,30,9,41,0,10,42,10,62,30,0,30,92
06/23/2001,MKL,TN,ASO,CE,Federal Contract Tower,0,3,4,0,7,0,0,74,3,77,0,3,78,3,84,130,28,158,242
06/24/2001,MKL,TN,ASO,CE,Federal Contract Tower,0,3,8,0,11,0,0,32,4,36,0,3,40,4,47,30,0,30,77
06/25/2001,MKL,TN,ASO,CE,Federal Contract Tower,0,10,14,1,25,0,3,44,3,50,0,13,58,4,75,176,2,178,253
06/26/2001,MKL,TN,ASO,CE,Federal Contract Tower,0,8,12,1,21,0,2,48,1,51,0,10,60,2,72,34,8,42,114
06/27/2001,MKL,TN,ASO,CE,Federal Contract Tower,0,12,16,1,29,0,4,22,6,32,0,16,38,7,61,0,0,0,61
06/28/2001,MKL,TN,ASO,CE,Federal Contract Tower,0,9,13,1,23,0,1,22,1,24,0,10,35,2,47,6,2,8,55
06/29/2001,MKL,TN,ASO,CE,Federal Contract Tower,0,8,11,0,19,0,2,29,0,31,0,10,40,0,50,116,0,116,166
06/30/2001,MKL,TN,ASO,CE,Federal Contract Tower,0,1,10,0,11,0,0,14,7,21,0,1,24,7,32,8,8,16,48
07/01/2001,MKL,TN,ASO,CE,Federal Contract Tower,0,3,7,0,10,0,0,18,0,18,0,3,25,0,28,6,0,6,34
07/02/2001,MKL,TN,ASO,CE,Federal Contract Tower,0,9,15,0,24,0,0,42,0,42,0,9,57,0,66,88,0,88,154
07/03/2001,MKL,TN,ASO,CE,Federal Contract Tower,0,5,10,0,15,0,6,32,0,38,0,11,42,0,53,76,0,76,129
07/04/2001,MKL,TN,ASO,CE,Federal Contract Tower,0,4,7,0,11,0,2,31,0,33,0,6,38,0,44,26,0,26,70
07/05/2001,MKL,TN,ASO,CE,Federal Contract Tower,0,9,14,0,23,0,3,28,0,31,0,12,42,0,54,72,0,72,126
07/06/2001,MKL,TN,ASO,CE,Federal Contract Tower,0,1,18,4,23,0,0,38,1,39,0,1,56,5,62,196,2,198,260
07/07/2001,MKL,TN,ASO,CE,Federal Contract Tower,0,5,7,0,12,0,2,33,0,35,0,7,40,0,47,42,0,42,89
07/08/2001,MKL,TN,ASO,CE,Federal Contract Tower,0,3,5,0,8,0,0,15,0,15,0,3,20,0,23,2,0,2,25
07/09/2001,MKL,TN,ASO,CE,Federal Contract Tower,0,9,12,2,23,0,1,30,0,31,0,10,42,2,54,54,12,66,120
07/10/2001,MKL,TN,ASO,CE,Federal Contract Tower,0,10,14,3,27,4,2,21,0,27,4,12,35,3,54,42,4,46,100
07/11/2001,MKL,TN,ASO,CE,Federal Contract Tower,0,8,10,3,21,0,3,28,3,34,0,11,38,6,55,8,2,10,65
07/12/2001,MKL,TN,ASO,CE,Federal Contract Tower,0,10,21,0,31,0,0,49,0,49,0,10,70,0,80,126,0,126,206
07/13/2001,MKL,TN,ASO,CE,Federal Contract Tower,0,9,14,1,24,0,0,41,0,41,0,9,55,1,65,96,0,96,161
07/14/2001,MKL,TN,ASO,CE,Federal Contract Tower,0,3,6,0,9,0,0,48,4,52,0,3,54,4,61,36,0,36,97
07/15/2001,MKL,TN,ASO,CE,Federal Contract Tower,0,3,5,0,8,0,0,34,3,37,0,3,39,3,45,50,0,50,95
07/16/2001,MKL,TN,ASO,CE,Federal Contract Tower,0,9,16,1,26,0,0,36,0,36,0,9,52,1,62,42,0,42,104
07/17/2001,MKL,TN,ASO,CE,Federal Contract Tower,0,8,12,0,20,0,2,18,0,20,0,10,30,0,40,6,0,6,46
07/18/2001,MKL,TN,ASO,CE,Federal Contract Tower,0,6,11,1,18,0,4,49,0,53,0,10,60,1,71,36,0,36,107
07/19/2001,MKL,TN,ASO,CE,Federal Contract Tower,0,11,22,1,34,0,0,23,0,23,0,11,45,1,57,14,0,14,71
07/20/2001,MKL,TN,ASO,CE,Federal Contract Tower,0,10,18,1,29,0,0,19,13,32,0,10,37,14,61,124,20,144,205
07/21/2001,MKL,TN,ASO,CE,Federal Contract Tower,0,4,6,0,10,0,12,29,0,41,0,16,35,0,51,28,0,28,79
07/22/2001,MKL,TN,ASO,CE,Federal Contract Tower,0,3,9,0,12,0,0,13,2,15,0,3,22,2,27,2,0,2,29
07/23/2001,MKL,TN,ASO,CE,Federal Contract Tower,0,9,16,1,26,0,0,44,3,47,0,9,60,4,73,84,0,84,157
07/24/2001,MKL,TN,ASO,CE,Federal Contract Tower,0,9,15,1,25,0,3,3,1,7,0,12,18,2,32,4,0,4,36
07/25/2001,MKL,TN,ASO,CE,Federal Contract Tower,0,6,10,1,17,0,4,19,1,24,0,10,29,2,41,52,2,54,95
07/26/2001,MKL,TN,ASO,CE,Federal Contract Tower,0,12,20,2,34,0,0,30,3,33,0,12,50,5,67,190,0,190,257
07/27/2001,MKL,TN,ASO,CE,Federal Contract Tower,0,10,18,1,29,0,0,17,1,18,0,10,35,2,47,22,0,22,69
07/28/2001,MKL,TN,ASO,CE,Federal Contract Tower,0,3,6,0,9,0,0,17,0,17,0,3,23,0,26,4,0,4,30
07/29/2001,MKL,TN,ASO,CE,Federal Contract Tower,0,3,10,0,13,0,0,13,0,13,0,3,23,0,26,2,0,2,28
07/30/2001,MKL,TN,ASO,CE,Federal Contract Tower,0,11,17,1,29,0,0,64,1,65,0,11,81,2,94,130,0,130,224
07/31/2001,MKL,TN,ASO,CE,Federal Contract Tower,0,10,22,2,34,0,0,28,22,50,0,10,50,24,84,90,40,130,214
08/01/2001,MKL,TN,ASO,CE,Federal Contract Tower,0,7,13,2,22,0,3,35,0,38,0,10,48,2,60,6,2,8,68
08/02/2001,MKL,TN,ASO,CE,Federal Contract Tower,0,9,13,3,25,0,3,42,8,53,0,12,55,11,78,84,8,92,170
08/03/2001,MKL,TN,ASO,CE,Federal Contract Tower,0,9,11,2,22,0,3,34,0,37,0,12,45,2,59,58,16,74,133
08/04/2001,MKL,TN,ASO,CE,Federal Contract Tower,0,3,3,1,7,0,0,44,2,46,0,3,47,3,53,10,0,10,63
08/05/2001,MKL,TN,ASO,CE,Federal Contract Tower,0,3,4,1,8,0,0,26,0,26,0,3,30,1,34,14,0,14,48
08/06/2001,MKL,TN,ASO,CE,Federal Contract Tower,0,8,11,3,22,0,4,27,2,33,0,12,38,5,55,16,0,16,71
08/07/2001,MKL,TN,ASO,CE,Federal Contract Tower,0,8,12,0,20,0,3,3,0,6,0,11,15,0,26,2,0,2,28
08/08/2001,MKL,TN,ASO,CE,Federal Contract Tower,0,10,19,4,33,0,0,30,4,34,0,10,49,8,67,70,14,84,151
08/09/2001,MKL,TN,ASO,CE,Federal Contract Tower,0,8,12,3,23,0,2,28,5,35,0,10,40,8,58,86,14,100,158
08/10/2001,MKL,TN,ASO,CE,Federal Contract Tower,0,8,10,2,20,0,4,13,3,20,0,12,23,5,40,40,0,40,80
08/11/2001,MKL,TN,ASO,CE,Federal Contract Tower,0,3,8,2,13,0,0,10,5,15,0,3,18,7,28,40,12,52,80
08/12/2001,MKL,TN,ASO,CE,Federal Contract Tower,0,4,4,1,9,0,2,8,7,17,0,6,12,8,26,0,0,0,26
08/13/2001,MKL,TN,ASO,CE,Federal Contract Tower,0,12,18,4,34,0,0,26,0,26,0,12,44,4,60,14,2,16,76
08/14/2001,MKL,TN,ASO,CE,Federal Contract Tower,0,9,15,3,27,0,0,53,3,56,0,9,68,6,83,112,18,130,213
08/15/2001,MKL,TN,ASO,CE,Federal Contract Tower,0,8,16,3,27,0,0,53,2,55,0,8,69,5,82,14,22,36,118
08/16/2001,MKL,TN,ASO,CE,Federal Contract Tower,0,9,19,3,31,0,0,31,19,50,0,9,50,22,81,56,46,102,183
08/17/2001,MKL,TN,ASO,CE,Federal Contract Tower,0,10,16,2,28,0,2,25,9,36,0,12,41,11,64,22,26,48,112
08/18/2001,MKL,TN,ASO,CE,Federal Contract Tower,0,6,10,0,16,0,9,18,0,27,0,15,28,0,43,16,0,16,59
08/19/2001,MKL,TN,ASO,CE,Federal Contract Tower,0,3,5,0,8,0,0,20,0,20,0,3,25,0,28,34,0,34,62
08/20/2001,MKL,TN,ASO,CE,Federal Contract Tower,0,9,14,2,25,0,0,43,5,48,0,9,57,7,73,78,6,84,157
08/21/2001,MKL,TN,ASO,CE,Federal Contract Tower,0,9,22,3,34,0,0,44,0,44,0,9,66,3,78,86,0,86,164
08/22/2001,MKL,TN,ASO,CE,Federal Contract Tower,0,8,12,1,21,0,1,39,1,41,0,9,51,2,62,82,2,84,146
08/23/2001,MKL,TN,ASO,CE,Federal Contract Tower,0,8,13,1,22,0,2,34,0,36,0,10,47,1,58,80,0,80,138
08/24/2001,MKL,TN,ASO,CE,Federal Contract Tower,0,7,20,3,30,0,0,55,0,55,0,7,75,3,85,52,0,52,137
08/25/2001,MKL,TN,ASO,CE,Federal Contract Tower,0,3,8,0,11,0,0,32,0,32,0,3,40,0,43,86,0,86,129
08/26/2001,MKL,TN,ASO,CE,Federal Contract Tower,0,3,8,0,11,0,0,29,0,29,0,3,37,0,40,0,0,0,40
08/27/2001,MKL,TN,ASO,CE,Federal Contract Tower,0,5,8,0,13,0,4,21,0,25,0,9,29,0,38,88,0,88,126
08/28/2001,MKL,TN,ASO,CE,Federal Contract Tower,0,11,21,3,35,0,0,32,7,39,0,11,53,10,74,86,10,96,170
08/29/2001,MKL,TN,ASO,CE,Federal Contract Tower,0,9,17,2,28,0,0,36,8,44,0,9,53,10,72,74,12,86,158
08/30/2001,MKL,TN,ASO,CE,Federal Contract Tower,0,11,16,2,29,0,1,20,0,21,0,12,36,2,50,20,0,20,70
08/31/2001,MKL,TN,ASO,CE,Federal Contract Tower,0,14,20,0,34,0,1,2,0,3,0,15,22,0,37,0,0,0,37
09/01/2001,MKL,TN,ASO,CE,Federal Contract Tower,0,3,14,4,21,0,0,5,2,7,0,3,19,6,28,4,0,4,32
09/02/2001,MKL,TN,ASO,CE,Federal Contract Tower,0,3,11,3,17,0,0,7,6,13,0,3,18,9,30,6,4,10,40
09/03/2001,MKL,TN,ASO,CE,Federal Contract Tower,0,2,9,3,14,0,0,6,1,7,0,2,15,4,21,4,0,4,25
09/04/2001,MKL,TN,ASO,CE,Federal Contract Tower,0,8,15,0,23,0,2,36,0,38,0,10,51,0,61,50,0,50,111
09/05/2001,MKL,TN,ASO,CE,Federal Contract Tower,0,11,20,2,33,0,1,47,0,48,0,12,67,2,81,174,0,174,255
09/06/2001,MKL,TN,ASO,CE,Federal Contract Tower,0,6,10,0,16,0,4,37,0,41,0,10,47,0,57,70,0,70,127
09/07/2001,MKL,TN,ASO,CE,Federal Contract Tower,0,8,14,3,25,0,1,26,0,27,0,9,40,3,52,48,0,48,100
09/08/2001,MKL,TN,ASO,CE,Federal Contract Tower,0,7,13,4,24,0,0,6,8,14,0,7,19,12,38,22,12,34,72
09/09/2001,MKL,TN,ASO,CE,Federal Contract Tower,0,3,9,3,15,0,0,11,9,20,0,3,20,12,35,0,10,10,45
09/10/2001,MKL,TN,ASO,CE,Federal Contract Tower,0,9,16,3,28,0,1,66,0,67,0,10,82,3,95,132,2,134,229
09/11/2001,MKL,TN,ASO,CE,Federal Contract Tower,0,1,3,0,4,0,0,14,0,14,0,1,17,0,18,28,0,28,46
09/12/2001,MKL,TN,ASO,CE,Federal Contract Tower,0,0,0,0,0,0,0,0,0,0,0,0,0,0,0,0,0,0,0
09/13/2001,MKL,TN,ASO,CE,Federal Contract Tower,0,3,0,1,4,0,6,0,0,6,0,9,0,1,10,0,0,0,10
09/14/2001,MKL,TN,ASO,CE,Federal Contract Tower,0,8,1,5,14,0,7,0,8,15,0,15,1,13,29,0,14,14,43
09/15/2001,MKL,TN,ASO,CE,Federal Contract Tower,0,3,9,0,12,0,0,9,0,9,0,3,18,0,21,0,0,0,21
09/16/2001,MKL,TN,ASO,CE,Federal Contract Tower,0,5,9,2,16,0,0,16,0,16,0,5,25,2,32,18,0,18,50
09/17/2001,MKL,TN,ASO,CE,Federal Contract Tower,0,10,21,4,35,0,0,8,0,8,0,10,29,4,43,6,28,34,77
09/18/2001,MKL,TN,ASO,CE,Federal Contract Tower,0,10,17,4,31,0,0,6,7,13,0,10,23,11,44,88,38,126,170
09/19/2001,MKL,TN,ASO,CE,Federal Contract Tower,0,10,18,2,30,0,0,3,0,3,0,10,21,2,33,34,0,34,67
09/20/2001,MKL,TN,ASO,CE,Federal Contract Tower,0,16,29,7,52,0,0,16,11,27,0,16,45,18,79,102,44,146,225
09/21/2001,MKL,TN,ASO,CE,Federal Contract Tower,0,11,19,4,34,0,2,25,2,29,0,13,44,6,63,188,12,200,263
09/22/2001,MKL,TN,ASO,CE,Federal Contract Tower,0,4,7,0,11,0,0,25,0,25,0,4,32,0,36,124,0,124,160
09/23/2001,MKL,TN,ASO,CE,Federal Contract Tower,0,4,8,0,12,0,0,11,0,11,0,4,19,0,23,4,0,4,27
09/24/2001,MKL,TN,ASO,CE,Federal Contract Tower,0,10,18,4,32,0,0,0,32,32,0,10,18,36,64,0,10,10,74
09/25/2001,MKL,TN,ASO,CE,Federal Contract Tower,0,12,23,6,41,0,0,33,23,56,0,12,56,29,97,24,58,82,179
09/26/2001,MKL,TN,ASO,CE,Federal Contract Tower,0,11,18,4,33,0,6,25,19,50,0,17,43,23,83,138,8,146,229
09/27/2001,MKL,TN,ASO,CE,Federal Contract Tower,0,13,22,2,37,0,2,38,0,40,0,15,60,2,77,136,0,136,213
09/28/2001,MKL,TN,ASO,CE,Federal Contract Tower,0,10,18,4,32,0,0,34,2,36,0,10,52,6,68,172,0,172,240
09/29/2001,MKL,TN,ASO,CE,Federal Contract Tower,0,7,11,0,18,0,7,42,0,49,0,14,53,0,67,122,0,122,189
09/30/2001,MKL,TN,ASO,CE,Federal Contract Tower,0,3,8,0,11,0,0,32,0,32,0,3,40,0,43,46,0,46,89
10/01/2001,MKL,TN,ASO,CE,Federal Contract Tower,0,5,9,2,16,0,4,54,26,84,0,9,63,28,100,60,0,60,160
10/02/2001,MKL,TN,ASO,CE,Federal Contract Tower,0,12,25,5,42,0,0,26,16,42,0,12,51,21,84,72,16,88,172
10/03/2001,MKL,TN,ASO,CE,Federal Contract Tower,0,7,11,2,20,0,2,34,0,36,0,9,45,2,56,30,0,30,86
10/04/2001,MKL,TN,ASO,CE,Federal Contract Tower,0,8,15,3,26,0,0,40,1,41,0,8,55,4,67,94,4,98,165
10/05/2001,MKL,TN,ASO,CE,Federal Contract Tower,0,6,9,0,15,0,3,16,0,19,0,9,25,0,34,84,0,84,118
10/06/2001,MKL,TN,ASO,CE,Federal Contract Tower,0,3,11,2,16,0,0,27,0,27,0,3,38,2,43,56,0,56,99
10/07/2001,MKL,TN,ASO,CE,Federal Contract Tower,0,4,5,0,9,0,5,20,0,25,0,9,25,0,34,10,0,10,44
10/08/2001,MKL,TN,ASO,CE,Federal Contract Tower,0,5,10,0,15,0,0,42,0,42,0,5,52,0,57,18,0,18,75
10/09/2001,MKL,TN,ASO,CE,Federal Contract Tower,0,10,14,3,27,0,2,26,0,28,0,12,40,3,55,14,6,20,75
10/10/2001,MKL,TN,ASO,CE,Federal Contract Tower,0,4,17,3,24,0,0,14,4,18,0,4,31,7,42,4,6,10,52
10/11/2001,MKL,TN,ASO,CE,Federal Contract Tower,0,10,15,1,26,0,1,1,0,2,0,11,16,1,28,0,0,0,28
10/12/2001,MKL,TN,ASO,CE,Federal Contract Tower,0,10,23,3,36,0,0,23,0,23,0,10,46,3,59,50,10,60,119
10/13/2001,MKL,TN,ASO,CE,Federal Contract Tower,0,4,3,2,9,0,3,0,2,5,0,7,3,4,14,0,4,4,18
10/14/2001,MKL,TN,ASO,CE,Federal Contract Tower,0,3,11,2,16,0,0,38,3,41,0,3,49,5,57,32,4,36,93
10/15/2001,MKL,TN,ASO,CE,Federal Contract Tower,0,8,12,2,22,0,5,32,0,37,0,13,44,2,59,32,2,34,93
10/16/2001,MKL,TN,ASO,CE,Federal Contract Tower,0,7,12,1,20,0,4,29,2,35,0,11,41,3,55,46,0,46,101
10/17/2001,MKL,TN,ASO,CE,Federal Contract Tower,0,10,21,3,34,0,0,41,4,45,0,10,62,7,79,96,8,104,183
10/18/2001,MKL,TN,ASO,CE,Federal Contract Tower,0,9,15,2,26,0,0,35,2,37,0,9,50,4,63,160,0,160,223
10/19/2001,MKL,TN,ASO,CE,Federal Contract Tower,0,10,16,2,28,0,0,34,54,88,0,10,50,56,116,92,0,92,208
10/20/2001,MKL,TN,ASO,CE,Federal Contract Tower,0,3,9,1,13,0,0,42,10,52,0,3,51,11,65,50,10,60,125
10/21/2001,MKL,TN,ASO,CE,Federal Contract Tower,0,3,5,0,8,0,0,26,0,26,0,3,31,0,34,18,0,18,52
10/22/2001,MKL,TN,ASO,CE,Federal Contract Tower,0,11,16,2,29,0,0,47,1,48,0,11,63,3,77,90,0,90,167
10/23/2001,MKL,TN,ASO,CE,Federal Contract Tower,0,11,21,2,34,0,0,22,0,22,0,11,43,2,56,18,0,18,74
10/24/2001,MKL,TN,ASO,CE,Federal Contract Tower,0,9,14,0,23,0,1,7,0,8,0,10,21,0,31,0,0,0,31
10/25/2001,MKL,TN,ASO,CE,Federal Contract Tower,0,11,20,3,34,0,0,27,3,30,0,11,47,6,64,8,0,8,72
10/26/2001,MKL,TN,ASO,CE,Federal Contract Tower,0,8,13,0,21,0,3,16,0,19,0,11,29,0,40,0,0,0,40
10/27/2001,MKL,TN,ASO,CE,Federal Contract Tower,0,3,5,0,8,0,0,26,4,30,0,3,31,4,38,22,0,22,60
10/28/2001,MKL,TN,ASO,CE,Federal Contract Tower,0,3,13,2,18,0,0,30,1,31,0,3,43,3,49,0,0,0,49
10/29/2001,MKL,TN,ASO,CE,Federal Contract Tower,0,13,21,3,37,0,4,28,1,33,0,17,49,4,70,26,4,30,100
10/30/2001,MKL,TN,ASO,CE,Federal Contract Tower,0,10,15,2,27,0,0,41,11,52,0,10,56,13,79,46,44,90,169
10/31/2001,MKL,TN,ASO,CE,Federal Contract Tower,0,9,15,2,26,0,2,22,0,24,0,11,37,2,50,10,0,10,60
11/01/2001,MKL,TN,ASO,CE,Federal Contract Tower,0,9,13,2,24,0,4,22,0,26,0,13,35,2,50,24,4,28,78
11/02/2001,MKL,TN,ASO,CE,Federal Contract Tower,0,10,13,2,25,0,0,24,2,26,0,10,37,4,51,20,16,36,87
11/03/2001,MKL,TN,ASO,CE,Federal Contract Tower,0,3,6,2,11,0,0,28,7,35,0,3,34,9,46,34,6,40,86
11/04/2001,MKL,TN,ASO,CE,Federal Contract Tower,0,3,6,0,9,0,0,27,0,27,0,3,33,0,36,36,0,36,72
11/05/2001,MKL,TN,ASO,CE,Federal Contract Tower,0,9,15,2,26,0,0,43,0,43,0,9,58,2,69,42,2,44,113
11/06/2001,MKL,TN,ASO,CE,Federal Contract Tower,0,10,16,3,29,0,0,29,9,38,0,10,45,12,67,12,14,26,93
11/07/2001,MKL,TN,ASO,CE,Federal Contract Tower,0,9,13,0,22,0,0,35,0,35,0,9,48,0,57,28,0,28,85
11/08/2001,MKL,TN,ASO,CE,Federal Contract Tower,0,9,15,3,27,0,0,30,1,31,0,9,45,4,58,48,6,54,112
11/09/2001,MKL,TN,ASO,CE,Federal Contract Tower,0,9,14,0,23,0,0,36,0,36,0,9,50,0,59,64,0,64,123
11/10/2001,MKL,TN,ASO,CE,Federal Contract Tower,0,3,7,0,10,0,0,45,0,45,0,3,52,0,55,34,0,34,89
11/11/2001,MKL,TN,ASO,CE,Federal Contract Tower,0,4,6,0,10,0,1,25,0,26,0,5,31,0,36,20,0,20,56
11/12/2001,MKL,TN,ASO,CE,Federal Contract Tower,0,8,11,2,21,0,1,31,0,32,0,9,42,2,53,20,0,20,73
11/13/2001,MKL,TN,ASO,CE,Federal Contract Tower,0,10,16,3,29,0,2,32,5,39,0,12,48,8,68,26,50,76,144
11/14/2001,MKL,TN,ASO,CE,Federal Contract Tower,0,11,17,3,31,0,6,23,2,31,0,17,40,5,62,42,6,48,110
11/15/2001,MKL,TN,ASO,CE,Federal Contract Tower,0,9,17,2,28,0,0,43,0,43,0,9,60,2,71,30,0,30,101
11/16/2001,MKL,TN,ASO,CE,Federal Contract Tower,0,9,19,0,28,0,0,31,0,31,0,9,50,0,59,18,0,18,77
11/17/2001,MKL,TN,ASO,CE,Federal Contract Tower,0,3,7,1,11,0,0,50,2,52,0,3,57,3,63,28,0,28,91
11/18/2001,MKL,TN,ASO,CE,Federal Contract Tower,0,3,9,1,13,0,0,32,7,39,0,3,41,8,52,28,16,44,96
11/19/2001,MKL,TN,ASO,CE,Federal Contract Tower,0,11,13,2,26,0,2,0,3,5,0,13,13,5,31,2,8,10,41
11/20/2001,MKL,TN,ASO,CE,Federal Contract Tower,0,14,22,3,39,0,0,19,6,25,0,14,41,9,64,34,14,48,112
11/21/2001,MKL,TN,ASO,CE,Federal Contract Tower,0,9,19,2,30,0,0,39,4,43,0,9,58,6,73,50,12,62,135
11/22/2001,MKL,TN,ASO,CE,Federal Contract Tower,0,1,2,0,3,0,2,13,0,15,0,3,15,0,18,6,0,6,24
11/23/2001,MKL,TN,ASO,CE,Federal Contract Tower,0,5,8,1,14,0,3,30,7,40,0,8,38,8,54,4,0,4,58
11/24/2001,MKL,TN,ASO,CE,Federal Contract Tower,0,4,5,0,9,0,0,7,0,7,0,4,12,0,16,0,0,0,16
11/25/2001,MKL,TN,ASO,CE,Federal Contract Tower,0,3,14,0,17,0,0,55,0,55,0,3,69,0,72,14,0,14,86
11/26/2001,MKL,TN,ASO,CE,Federal Contract Tower,0,11,18,2,31,0,2,29,0,31,0,13,47,2,62,52,0,52,114
11/27/2001,MKL,TN,ASO,CE,Federal Contract Tower,0,10,17,0,27,0,0,8,0,8,0,10,25,0,35,12,0,12,47
11/28/2001,MKL,TN,ASO,CE,Federal Contract Tower,0,10,16,0,26,0,1,1,0,2,0,11,17,0,28,0,0,0,28
11/29/2001,MKL,TN,ASO,CE,Federal Contract Tower,0,7,7,0,14,0,6,0,0,6,0,13,7,0,20,0,0,0,20
11/30/2001,MKL,TN,ASO,CE,Federal Contract Tower,0,10,19,2,31,0,0,11,6,17,0,10,30,8,48,34,0,34,82
12/01/2001,MKL,TN,ASO,CE,Federal Contract Tower,0,2,5,0,7,0,1,40,0,41,0,3,45,0,48,18,0,18,66
12/02/2001,MKL,TN,ASO,CE,Federal Contract Tower,0,3,5,1,9,0,0,34,1,35,0,3,39,2,44,20,0,20,64
12/03/2001,MKL,TN,ASO,CE,Federal Contract Tower,0,10,20,4,34,0,0,52,9,61,0,10,72,13,95,40,12,52,147
12/04/2001,MKL,TN,ASO,CE,Federal Contract Tower,0,10,12,4,26,0,13,25,4,42,0,23,37,8,68,12,12,24,92
12/05/2001,MKL,TN,ASO,CE,Federal Contract Tower,0,12,15,4,31,0,0,38,0,38,0,12,53,4,69,62,9,71,140
12/06/2001,MKL,TN,ASO,CE,Federal Contract Tower,0,9,14,4,27,0,0,9,2,11,0,9,23,6,38,10,8,18,56
12/07/2001,MKL,TN,ASO,CE,Federal Contract Tower,0,10,22,5,37,0,0,5,12,17,0,10,27,17,54,6,38,44,98
12/08/2001,MKL,TN,ASO,CE,Federal Contract Tower,0,3,8,2,13,0,0,6,0,6,0,3,14,2,19,0,0,0,19
12/09/2001,MKL,TN,ASO,CE,Federal Contract Tower,0,3,8,0,11,0,0,30,0,30,0,3,38,0,41,18,0,18,59
12/10/2001,MKL,TN,ASO,CE,Federal Contract Tower,0,13,17,3,33,0,1,40,0,41,0,14,57,3,74,14,0,14,88
12/11/2001,MKL,TN,ASO,CE,Federal Contract Tower,0,19,26,5,50,0,2,20,4,26,0,21,46,9,76,16,16,32,108
12/12/2001,MKL,TN,ASO,CE,Federal Contract Tower,0,8,13,3,24,0,0,3,6,9,0,8,16,9,33,0,58,58,91
12/13/2001,MKL,TN,ASO,CE,Federal Contract Tower,0,8,20,3,31,0,0,7,3,10,0,8,27,6,41,4,8,12,53
12/14/2001,MKL,TN,ASO,CE,Federal Contract Tower,0,12,17,1,30,0,1,13,0,14,0,13,30,1,44,12,0,12,56
12/15/2001,MKL,TN,ASO,CE,Federal Contract Tower,0,3,4,0,7,0,0,28,1,29,0,3,32,1,36,62,0,62,98
12/16/2001,MKL,TN,ASO,CE,Federal Contract Tower,0,1,3,0,4,0,0,2,0,2,0,1,5,0,6,0,0,0,6
12/17/2001,MKL,TN,ASO,CE,Federal Contract Tower,0,10,9,0,19,0,7,0,0,7,0,17,9,0,26,2,0,2,28
12/18/2001,MKL,TN,ASO,CE,Federal Contract Tower,0,13,17,2,32,0,0,32,9,41,0,13,49,11,73,14,4,18,91
12/19/2001,MKL,TN,ASO,CE,Federal Contract Tower,0,9,13,0,22,0,0,20,0,20,0,9,33,0,42,0,0,0,42
12/20/2001,MKL,TN,ASO,CE,Federal Contract Tower,0,9,13,2,24,0,0,48,8,56,0,9,61,10,80,12,4,16,96
12/21/2001,MKL,TN,ASO,CE,Federal Contract Tower,0,9,23,3,35,0,0,43,13,56,0,9,66,16,91,40,38,78,169
12/22/2001,MKL,TN,ASO,CE,Federal Contract Tower,0,3,4,0,7,0,0,5,0,5,0,3,9,0,12,0,0,0,12
12/23/2001,MKL,TN,ASO,CE,Federal Contract Tower,0,3,5,0,8,0,0,23,0,23,0,3,28,0,31,0,0,0,31
12/24/2001,MKL,TN,ASO,CE,Federal Contract Tower,0,4,7,0,11,0,7,24,0,31,0,11,31,0,42,44,0,44,86
12/25/2001,MKL,TN,ASO,CE,Federal Contract Tower,0,2,4,0,6,0,2,5,0,7,0,4,9,0,13,0,0,0,13
12/26/2001,MKL,TN,ASO,CE,Federal Contract Tower,0,8,10,0,18,0,2,24,0,26,0,10,34,0,44,26,0,26,70
12/27/2001,MKL,TN,ASO,CE,Federal Contract Tower,0,6,8,1,15,0,4,17,1,22,0,10,25,2,37,2,0,2,39
12/28/2001,MKL,TN,ASO,CE,Federal Contract Tower,0,8,11,0,19,0,2,29,0,31,0,10,40,0,50,8,0,8,58
12/29/2001,MKL,TN,ASO,CE,Federal Contract Tower,0,2,4,0,6,0,1,20,0,21,0,3,24,0,27,0,0,0,27
12/30/2001,MKL,TN,ASO,CE,Federal Contract Tower,0,2,4,0,6,0,1,24,0,25,0,3,28,0,31,4,0,4,35
12/31/2001,MKL,TN,ASO,CE,Federal Contract Tower,0,7,9,0,16,0,5,26,0,31,0,12,35,0,47,10,0,10,57
01/01/2002,MKL,TN,ASO,CE,Federal Contract Tower,0,1,3,0,4,0,4,0,0,4,0,5,3,0,8,0,0,0,8
01/02/2002,MKL,TN,ASO,CE,Federal Contract Tower,0,5,7,3,15,0,4,13,0,17,0,9,20,3,32,10,6,16,48
01/03/2002,MKL,TN,ASO,CE,Federal Contract Tower,0,8,11,4,23,0,0,21,2,23,0,8,32,6,46,20,12,32,78
01/04/2002,MKL,TN,ASO,CE,Federal Contract Tower,0,10,16,6,32,0,0,23,7,30,0,10,39,13,62,4,20,24,86
01/05/2002,MKL,TN,ASO,CE,Federal Contract Tower,0,3,2,3,8,0,0,29,9,38,0,3,31,12,46,14,10,24,70
01/06/2002,MKL,TN,ASO,CE,Federal Contract Tower,0,4,4,0,8,0,0,2,0,2,0,4,6,0,10,2,0,2,12
01/07/2002,MKL,TN,ASO,CE,Federal Contract Tower,0,12,14,2,28,0,1,15,0,16,0,13,29,2,44,12,0,12,56
01/08/2002,MKL,TN,ASO,CE,Federal Contract Tower,0,10,13,1,24,0,2,27,0,29,0,12,40,1,53,14,0,14,67
01/09/2002,MKL,TN,ASO,CE,Federal Contract Tower,0,8,11,4,23,0,2,15,9,26,0,10,26,13,49,4,26,30,79
01/10/2002,MKL,TN,ASO,CE,Federal Contract Tower,0,13,20,7,40,0,0,15,4,19,0,13,35,11,59,10,14,24,83
01/11/2002,MKL,TN,ASO,CE,Federal Contract Tower,0,8,10,2,20,0,4,30,0,34,0,12,40,2,54,18,0,18,72
01/12/2002,MKL,TN,ASO,CE,Federal Contract Tower,0,3,3,2,8,0,1,33,10,44,0,4,36,12,52,10,56,66,118
01/13/2002,MKL,TN,ASO,CE,Federal Contract Tower,0,3,5,1,9,0,0,36,0,36,0,3,41,1,45,14,0,14,59
01/14/2002,MKL,TN,ASO,CE,Federal Contract Tower,0,11,14,5,30,0,0,16,5,21,0,11,30,10,51,26,8,34,85
01/15/2002,MKL,TN,ASO,CE,Federal Contract Tower,0,6,8,2,16,0,3,29,1,33,0,9,37,3,49,20,2,22,71
01/16/2002,MKL,TN,ASO,CE,Federal Contract Tower,0,9,17,5,31,0,0,30,4,34,0,9,47,9,65,18,10,28,93
01/17/2002,MKL,TN,ASO,CE,Federal Contract Tower,0,10,14,3,27,0,1,28,0,29,0,11,42,3,56,42,0,42,98
01/18/2002,MKL,TN,ASO,CE,Federal Contract Tower,0,10,17,5,32,0,0,13,15,28,0,10,30,20,60,40,22,62,122
01/19/2002,MKL,TN,ASO,CE,Federal Contract Tower,0,2,4,0,6,0,1,0,0,1,0,3,4,0,7,0,0,0,7
01/20/2002,MKL,TN,ASO,CE,Federal Contract Tower,0,3,7,1,11,0,0,19,1,20,0,3,26,2,31,12,0,12,43
01/21/2002,MKL,TN,ASO,CE,Federal Contract Tower,0,3,3,0,6,0,1,45,0,46,0,4,48,0,52,30,2,32,84
01/22/2002,MKL,TN,ASO,CE,Federal Contract Tower,0,8,16,4,28,0,0,28,7,35,0,8,44,11,63,16,14,30,93
01/23/2002,MKL,TN,ASO,CE,Federal Contract Tower,0,8,12,1,21,0,3,1,0,4,0,11,13,1,25,0,0,0,25
01/24/2002,MKL,TN,ASO,CE,Federal Contract Tower,0,10,10,0,20,0,7,0,0,7,0,17,10,0,27,0,0,0,27
01/25/2002,MKL,TN,ASO,CE,Federal Contract Tower,0,10,25,7,42,0,0,31,14,45,0,10,56,21,87,74,16,90,177
01/26/2002,MKL,TN,ASO,CE,Federal Contract Tower,0,3,5,1,9,0,1,42,6,49,0,4,47,7,58,38,0,38,96
01/27/2002,MKL,TN,ASO,CE,Federal Contract Tower,0,3,5,1,9,0,0,42,57,99,0,3,47,58,108,74,14,88,196
01/28/2002,MKL,TN,ASO,CE,Federal Contract Tower,0,11,15,1,27,0,0,33,0,33,0,11,48,1,60,12,0,12,72
01/29/2002,MKL,TN,ASO,CE,Federal Contract Tower,0,10,13,5,28,0,0,0,13,13,0,10,13,18,41,0,18,18,59
01/30/2002,MKL,TN,ASO,CE,Federal Contract Tower,0,10,14,4,28,0,2,0,2,4,0,12,14,6,32,6,4,10,42
01/31/2002,MKL,TN,ASO,CE,Federal Contract Tower,0,13,16,4,33,0,0,3,1,4,0,13,19,5,37,6,10,16,53
02/01/2002,MKL,TN,ASO,CE,Federal Contract Tower,0,12,26,6,44,0,0,29,36,65,0,12,55,42,109,68,14,82,191
02/02/2002,MKL,TN,ASO,CE,Federal Contract Tower,0,1,6,2,9,0,0,48,28,76,0,1,54,30,85,20,0,20,105
02/03/2002,MKL,TN,ASO,CE,Federal Contract Tower,0,4,12,0,16,0,0,8,0,8,0,4,20,0,24,6,0,6,30
02/04/2002,MKL,TN,ASO,CE,Federal Contract Tower,0,8,12,3,23,0,1,35,12,48,0,9,47,15,71,6,18,24,95
02/05/2002,MKL,TN,ASO,CE,Federal Contract Tower,0,14,23,6,43,0,3,18,23,44,0,17,41,29,87,8,26,34,121
02/06/2002,MKL,TN,ASO,CE,Federal Contract Tower,0,5,8,0,13,0,4,0,0,4,0,9,8,0,17,0,0,0,17
02/07/2002,MKL,TN,ASO,CE,Federal Contract Tower,0,10,19,4,33,0,0,15,0,15,0,10,34,4,48,44,18,62,110
02/08/2002,MKL,TN,ASO,CE,Federal Contract Tower,0,11,22,6,39,0,0,33,5,38,0,11,55,11,77,10,6,16,93
02/09/2002,MKL,TN,ASO,CE,Federal Contract Tower,0,10,15,4,29,0,16,29,8,53,0,26,44,12,82,74,0,74,156
02/10/2002,MKL,TN,ASO,CE,Federal Contract Tower,0,3,6,2,11,0,0,17,7,24,0,3,23,9,35,10,0,10,45
02/11/2002,MKL,TN,ASO,CE,Federal Contract Tower,0,10,16,4,30,0,1,39,7,47,0,11,55,11,77,18,8,26,103
02/12/2002,MKL,TN,ASO,CE,Federal Contract Tower,0,9,21,5,35,0,0,30,16,46,0,9,51,21,81,10,14,24,105
02/13/2002,MKL,TN,ASO,CE,Federal Contract Tower,0,6,20,5,31,0,0,20,15,35,0,6,40,20,66,8,20,28,94
02/14/2002,MKL,TN,ASO,CE,Federal Contract Tower,0,9,16,4,29,0,0,22,10,32,0,9,38,14,61,26,20,46,107
02/15/2002,MKL,TN,ASO,CE,Federal Contract Tower,0,8,13,4,25,0,1,19,1,21,0,9,32,5,46,12,32,44,90
02/16/2002,MKL,TN,ASO,CE,Federal Contract Tower,0,3,7,0,10,0,0,28,0,28,0,3,35,0,38,10,0,10,48
02/17/2002,MKL,TN,ASO,CE,Federal Contract Tower,0,3,8,0,11,0,0,47,0,47,0,3,55,0,58,52,0,52,110
02/18/2002,MKL,TN,ASO,CE,Federal Contract Tower,0,7,12,2,21,0,3,27,0,30,0,10,39,2,51,0,0,0,51
02/19/2002,MKL,TN,ASO,CE,Federal Contract Tower,0,9,17,3,29,0,0,13,5,18,0,9,30,8,47,0,8,8,55
02/20/2002,MKL,TN,ASO,CE,Federal Contract Tower,0,7,11,2,20,0,3,12,5,20,0,10,23,7,40,12,6,18,58
02/21/2002,MKL,TN,ASO,CE,Federal Contract Tower,0,11,20,4,35,0,0,40,45,85,0,11,60,49,120,62,4,66,186
02/22/2002,MKL,TN,ASO,CE,Federal Contract Tower,0,9,16,3,28,0,0,26,53,79,0,9,42,56,107,58,6,64,171
02/23/2002,MKL,TN,ASO,CE,Federal Contract Tower,0,3,8,0,11,0,0,54,0,54,0,3,62,0,65,26,0,26,91
02/24/2002,MKL,TN,ASO,CE,Federal Contract Tower,0,7,13,2,22,0,0,48,0,48,0,7,61,2,70,50,0,50,120
02/25/2002,MKL,TN,ASO,CE,Federal Contract Tower,0,10,17,3,30,0,0,19,1,20,0,10,36,4,50,40,4,44,94
02/26/2002,MKL,TN,ASO,CE,Federal Contract Tower,0,8,15,3,26,0,6,0,1,7,0,14,15,4,33,0,0,0,33
02/27/2002,MKL,TN,ASO,CE,Federal Contract Tower,0,10,19,4,33,0,4,9,5,18,0,14,28,9,51,26,8,34,85
02/28/2002,MKL,TN,ASO,CE,Federal Contract Tower,0,9,16,1,26,0,1,37,0,38,0,10,53,1,64,18,0,18,82
03/01/2002,MKL,TN,ASO,CE,Federal Contract Tower,0,11,19,4,34,0,0,8,16,24,0,11,27,20,58,38,26,64,122
03/02/2002,MKL,TN,ASO,CE,Federal Contract Tower,0,2,6,0,8,0,0,3,0,3,0,2,9,0,11,0,0,0,11
03/03/2002,MKL,TN,ASO,CE,Federal Contract Tower,0,3,5,2,10,0,0,7,0,7,0,3,12,2,17,8,0,8,25
03/04/2002,MKL,TN,ASO,CE,Federal Contract Tower,0,5,9,0,14,0,3,14,0,17,0,8,23,0,31,6,0,6,37
03/05/2002,MKL,TN,ASO,CE,Federal Contract Tower,0,6,13,2,21,0,0,25,0,25,0,6,38,2,46,24,2,26,72
03/06/2002,MKL,TN,ASO,CE,Federal Contract Tower,0,7,13,1,21,0,4,28,0,32,0,11,41,1,53,32,0,32,85
03/07/2002,MKL,TN,ASO,CE,Federal Contract Tower,0,7,11,0,18,0,2,23,0,25,0,9,34,0,43,28,0,28,71
03/08/2002,MKL,TN,ASO,CE,Federal Contract Tower,0,10,16,2,28,0,3,29,0,32,0,13,45,2,60,34,4,38,98
03/09/2002,MKL,TN,ASO,CE,Federal Contract Tower,0,4,6,0,10,0,0,4,0,4,0,4,10,0,14,0,0,0,14
03/10/2002,MKL,TN,ASO,CE,Federal Contract Tower,0,4,7,0,11,0,1,36,0,37,0,5,43,0,48,28,0,28,76
03/11/2002,MKL,TN,ASO,CE,Federal Contract Tower,0,8,13,3,24,0,0,12,5,17,0,8,25,8,41,8,10,18,59
03/12/2002,MKL,TN,ASO,CE,Federal Contract Tower,0,11,39,9,59,0,0,13,19,32,0,11,52,28,91,22,58,80,171
03/13/2002,MKL,TN,ASO,CE,Federal Contract Tower,0,15,28,7,50,0,0,14,4,18,0,15,42,11,68,22,16,38,106
03/14/2002,MKL,TN,ASO,CE,Federal Contract Tower,0,10,16,4,30,0,0,39,10,49,0,10,55,14,79,22,0,22,101
03/15/2002,MKL,TN,ASO,CE,Federal Contract Tower,0,12,24,6,42,0,0,16,8,24,0,12,40,14,66,20,18,38,104
03/16/2002,MKL,TN,ASO,CE,Federal Contract Tower,0,2,11,3,16,0,0,7,8,15,0,2,18,11,31,0,24,24,55
03/17/2002,MKL,TN,ASO,CE,Federal Contract Tower,0,2,7,2,11,0,0,0,12,12,0,2,7,14,23,2,90,92,115
03/18/2002,MKL,TN,ASO,CE,Federal Contract Tower,0,10,18,3,31,0,0,0,1,1,0,10,18,4,32,0,4,4,36
03/19/2002,MKL,TN,ASO,CE,Federal Contract Tower,0,10,18,2,30,0,1,1,0,2,0,11,19,2,32,0,2,2,34
03/20/2002,MKL,TN,ASO,CE,Federal Contract Tower,0,12,21,2,35,0,3,8,0,11,0,15,29,2,46,18,0,18,64
03/21/2002,MKL,TN,ASO,CE,Federal Contract Tower,0,10,26,0,36,0,0,64,0,64,0,10,90,0,100,50,0,50,150
03/22/2002,MKL,TN,ASO,CE,Federal Contract Tower,0,7,14,2,23,0,2,26,1,29,0,9,40,3,52,14,6,20,72
03/23/2002,MKL,TN,ASO,CE,Federal Contract Tower,0,3,7,0,10,0,0,55,0,55,0,3,62,0,65,58,0,58,123
03/24/2002,MKL,TN,ASO,CE,Federal Contract Tower,0,2,6,1,9,0,1,17,1,19,0,3,23,2,28,2,2,4,32
03/25/2002,MKL,TN,ASO,CE,Federal Contract Tower,0,8,17,3,28,0,0,11,2,13,0,8,28,5,41,6,0,6,47
03/26/2002,MKL,TN,ASO,CE,Federal Contract Tower,0,9,16,0,25,0,2,15,0,17,0,11,31,0,42,10,0,10,52
03/27/2002,MKL,TN,ASO,CE,Federal Contract Tower,0,6,12,2,20,0,6,24,4,34,0,12,36,6,54,22,10,32,86
03/28/2002,MKL,TN,ASO,CE,Federal Contract Tower,0,7,14,0,21,0,4,44,0,48,0,11,58,0,69,40,0,40,109
03/29/2002,MKL,TN,ASO,CE,Federal Contract Tower,0,7,15,3,25,0,3,25,10,38,0,10,40,13,63,14,0,14,77
03/30/2002,MKL,TN,ASO,CE,Federal Contract Tower,0,2,7,0,9,0,0,4,0,4,0,2,11,0,13,0,0,0,13
03/31/2002,MKL,TN,ASO,CE,Federal Contract Tower,0,3,10,0,13,0,0,3,0,3,0,3,13,0,16,4,0,4,20
04/01/2002,MKL,TN,ASO,CE,Federal Contract Tower,0,9,17,0,26,0,1,36,0,37,0,10,53,0,63,28,0,28,91
04/02/2002,MKL,TN,ASO,CE,Federal Contract Tower,0,9,25,6,40,0,0,32,13,45,0,9,57,19,85,44,22,66,151
04/03/2002,MKL,TN,ASO,CE,Federal Contract Tower,0,15,23,4,42,0,1,20,0,21,0,16,43,4,63,30,8,38,101
04/04/2002,MKL,TN,ASO,CE,Federal Contract Tower,0,6,9,0,15,0,4,13,0,17,0,10,22,0,32,14,0,14,46
04/05/2002,MKL,TN,ASO,CE,Federal Contract Tower,0,9,18,5,32,0,0,32,15,47,0,9,50,20,79,26,60,86,165
04/06/2002,MKL,TN,ASO,CE,Federal Contract Tower,0,2,4,2,8,0,0,74,1,75,0,2,78,3,83,38,0,38,121
04/07/2002,MKL,TN,ASO,CE,Federal Contract Tower,0,4,6,2,12,0,1,22,0,23,0,5,28,2,35,18,0,18,53
04/08/2002,MKL,TN,ASO,CE,Federal Contract Tower,0,10,15,0,25,0,3,2,0,5,0,13,17,0,30,0,0,0,30
04/09/2002,MKL,TN,ASO,CE,Federal Contract Tower,0,12,18,5,35,0,1,4,1,6,0,13,22,6,41,4,6,10,51
04/10/2002,MKL,TN,ASO,CE,Federal Contract Tower,0,9,17,5,31,0,0,27,4,31,0,9,44,9,62,22,18,40,102
04/11/2002,MKL,TN,ASO,CE,Federal Contract Tower,0,12,24,7,43,0,0,36,5,41,0,12,60,12,84,36,14,50,134
04/12/2002,MKL,TN,ASO,CE,Federal Contract Tower,0,10,18,5,33,0,0,37,3,40,0,10,55,8,73,14,12,26,99
04/13/2002,MKL,TN,ASO,CE,Federal Contract Tower,0,2,6,0,8,0,0,13,0,13,0,2,19,0,21,0,0,0,21
04/14/2002,MKL,TN,ASO,CE,Federal Contract Tower,0,5,10,0,15,0,0,13,0,13,0,5,23,0,28,0,0,0,28
04/15/2002,MKL,TN,ASO,CE,Federal Contract Tower,0,9,15,3,27,0,2,28,5,35,0,11,43,8,62,28,8,36,98
04/16/2002,MKL,TN,ASO,CE,Federal Contract Tower,0,9,14,3,26,2,2,15,5,24,2,11,29,8,50,8,24,32,82
04/17/2002,MKL,TN,ASO,CE,Federal Contract Tower,0,10,16,4,30,0,0,18,1,19,0,10,34,5,49,16,8,24,73
04/18/2002,MKL,TN,ASO,CE,Federal Contract Tower,0,10,20,4,34,0,0,31,2,33,0,10,51,6,67,16,4,20,87
04/19/2002,MKL,TN,ASO,CE,Federal Contract Tower,0,8,13,3,24,0,1,37,7,45,0,9,50,10,69,68,54,122,191
04/20/2002,MKL,TN,ASO,CE,Federal Contract Tower,0,2,4,0,6,0,0,29,0,29,0,2,33,0,35,20,0,20,55
04/21/2002,MKL,TN,ASO,CE,Federal Contract Tower,0,3,7,0,10,0,0,13,0,13,0,3,20,0,23,10,0,10,33
04/22/2002,MKL,TN,ASO,CE,Federal Contract Tower,0,10,15,3,28,0,1,37,3,41,0,11,52,6,69,66,12,78,147
04/23/2002,MKL,TN,ASO,CE,Federal Contract Tower,0,7,13,2,22,0,2,30,0,32,0,9,43,2,54,26,10,36,90
04/24/2002,MKL,TN,ASO,CE,Federal Contract Tower,0,10,16,4,30,0,1,3,10,14,0,11,19,14,44,8,0,8,52
04/25/2002,MKL,TN,ASO,CE,Federal Contract Tower,0,7,13,2,22,0,4,33,0,37,0,11,46,2,59,24,4,28,87
04/26/2002,MKL,TN,ASO,CE,Federal Contract Tower,0,9,19,4,32,0,0,21,13,34,0,9,40,17,66,2,16,18,84
04/27/2002,MKL,TN,ASO,CE,Federal Contract Tower,0,2,3,0,5,0,0,5,0,5,0,2,8,0,10,2,0,2,12
04/28/2002,MKL,TN,ASO,CE,Federal Contract Tower,0,3,5,1,9,0,0,13,1,14,0,3,18,2,23,12,0,12,35
04/29/2002,MKL,TN,ASO,CE,Federal Contract Tower,0,7,11,2,20,0,3,37,1,41,0,10,48,3,61,32,6,38,99
04/30/2002,MKL,TN,ASO,CE,Federal Contract Tower,0,9,14,3,26,0,1,3,4,8,0,10,17,7,34,0,8,8,42
05/01/2002,MKL,TN,ASO,CE,Federal Contract Tower,0,6,10,3,19,0,4,7,2,13,0,10,17,5,32,10,8,18,50
05/02/2002,MKL,TN,ASO,CE,Federal Contract Tower,0,9,11,0,20,0,1,6,0,7,0,10,17,0,27,0,0,0,27
05/03/2002,MKL,TN,ASO,CE,Federal Contract Tower,0,9,12,2,23,0,1,13,0,14,0,10,25,2,37,8,0,8,45
05/04/2002,MKL,TN,ASO,CE,Federal Contract Tower,0,3,4,2,9,0,0,4,1,5,0,3,8,3,14,0,0,0,14
05/05/2002,MKL,TN,ASO,CE,Federal Contract Tower,0,3,4,2,9,0,0,32,3,35,0,3,36,5,44,12,0,12,56
05/06/2002,MKL,TN,ASO,CE,Federal Contract Tower,0,8,12,0,20,0,1,13,0,14,0,9,25,0,34,2,0,2,36
05/07/2002,MKL,TN,ASO,CE,Federal Contract Tower,0,9,11,4,24,0,0,30,8,38,0,9,41,12,62,22,14,36,98
05/08/2002,MKL,TN,ASO,CE,Federal Contract Tower,0,7,9,4,20,0,4,18,3,25,0,11,27,7,45,2,50,52,97
05/09/2002,MKL,TN,ASO,CE,Federal Contract Tower,0,10,14,0,24,0,3,16,0,19,0,13,30,0,43,26,0,26,69
05/10/2002,MKL,TN,ASO,CE,Federal Contract Tower,0,12,15,0,27,0,0,9,0,9,0,12,24,0,36,8,0,8,44
05/11/2002,MKL,TN,ASO,CE,Federal Contract Tower,0,2,4,0,6,0,0,27,0,27,0,2,31,0,33,12,0,12,45
05/12/2002,MKL,TN,ASO,CE,Federal Contract Tower,0,2,3,0,5,0,1,5,0,6,0,3,8,0,11,0,0,0,11
05/13/2002,MKL,TN,ASO,CE,Federal Contract Tower,0,12,21,7,40,0,0,3,11,14,0,12,24,18,54,0,22,22,76
05/14/2002,MKL,TN,ASO,CE,Federal Contract Tower,0,10,14,5,29,0,0,38,4,42,0,10,52,9,71,22,10,32,103
05/15/2002,MKL,TN,ASO,CE,Federal Contract Tower,0,12,17,6,35,0,0,27,6,33,0,12,44,12,68,28,0,28,96
05/16/2002,MKL,TN,ASO,CE,Federal Contract Tower,0,10,15,5,30,0,0,40,0,40,0,10,55,5,70,40,14,54,124
05/17/2002,MKL,TN,ASO,CE,Federal Contract Tower,0,4,7,2,13,0,2,3,0,5,0,6,10,2,18,0,0,0,18
05/18/2002,MKL,TN,ASO,CE,Federal Contract Tower,0,2,6,1,9,0,0,35,1,36,0,2,41,2,45,26,0,26,71
05/19/2002,MKL,TN,ASO,CE,Federal Contract Tower,0,3,5,1,9,0,0,39,3,42,0,3,44,4,51,8,30,38,89
05/20/2002,MKL,TN,ASO,CE,Federal Contract Tower,0,8,11,0,19,0,2,31,0,33,0,10,42,0,52,10,0,10,62
05/21/2002,MKL,TN,ASO,CE,Federal Contract Tower,0,9,13,3,25,0,1,25,11,37,0,10,38,14,62,16,38,54,116
05/22/2002,MKL,TN,ASO,CE,Federal Contract Tower,0,9,14,4,27,0,1,42,3,46,0,10,56,7,73,32,6,38,111
05/23/2002,MKL,TN,ASO,CE,Federal Contract Tower,0,13,22,6,41,0,0,48,8,56,0,13,70,14,97,60,20,80,177
05/24/2002,MKL,TN,ASO,CE,Federal Contract Tower,0,11,16,3,30,0,0,39,0,39,0,11,55,3,69,14,0,14,83
05/25/2002,MKL,TN,ASO,CE,Federal Contract Tower,0,2,7,2,11,0,0,36,5,41,0,2,43,7,52,4,0,4,56
05/26/2002,MKL,TN,ASO,CE,Federal Contract Tower,0,3,4,0,7,0,0,8,0,8,0,3,12,0,15,2,0,2,17
05/27/2002,MKL,TN,ASO,CE,Federal Contract Tower,0,3,8,0,11,0,0,33,0,33,0,3,41,0,44,46,0,46,90
05/28/2002,MKL,TN,ASO,CE,Federal Contract Tower,0,9,13,4,26,0,2,13,0,15,0,11,26,4,41,8,0,8,49
05/29/2002,MKL,TN,ASO,CE,Federal Contract Tower,0,11,16,4,31,0,1,4,3,8,0,12,20,7,39,2,6,8,47
05/30/2002,MKL,TN,ASO,CE,Federal Contract Tower,0,16,25,7,48,0,0,30,30,60,0,16,55,37,108,26,40,66,174
05/31/2002,MKL,TN,ASO,CE,Federal Contract Tower,0,12,17,5,34,0,1,33,7,41,0,13,50,12,75,24,4,28,103
06/01/2002,MKL,TN,ASO,CE,Federal Contract Tower,0,1,5,0,6,0,1,40,0,41,0,2,45,0,47,26,0,26,73
06/02/2002,MKL,TN,ASO,CE,Federal Contract Tower,0,4,5,0,9,0,1,29,0,30,0,5,34,0,39,8,0,8,47
06/03/2002,MKL,TN,ASO,CE,Federal Contract Tower,0,6,6,2,14,0,2,19,0,21,0,8,25,2,35,22,4,26,61
06/04/2002,MKL,TN,ASO,CE,Federal Contract Tower,0,10,20,8,38,0,0,18,2,20,0,10,38,10,58,34,16,50,108
06/05/2002,MKL,TN,ASO,CE,Federal Contract Tower,0,12,20,6,38,0,0,26,0,26,0,12,46,6,64,12,0,12,76
06/06/2002,MKL,TN,ASO,CE,Federal Contract Tower,0,14,32,12,58,0,0,14,4,18,0,14,46,16,76,30,30,60,136
06/07/2002,MKL,TN,ASO,CE,Federal Contract Tower,0,14,21,8,43,0,0,39,10,49,0,14,60,18,92,24,24,48,140
06/08/2002,MKL,TN,ASO,CE,Federal Contract Tower,0,0,2,0,2,0,2,23,0,25,0,2,25,0,27,24,0,24,51
06/09/2002,MKL,TN,ASO,CE,Federal Contract Tower,0,3,10,2,15,0,0,17,0,17,0,3,27,2,32,18,0,18,50
06/10/2002,MKL,TN,ASO,CE,Federal Contract Tower,0,9,13,2,24,0,5,6,0,11,0,14,19,2,35,12,4,16,51
06/11/2002,MKL,TN,ASO,CE,Federal Contract Tower,0,7,11,4,22,0,5,16,0,21,0,12,27,4,43,16,0,16,59
06/12/2002,MKL,TN,ASO,CE,Federal Contract Tower,0,11,21,8,40,0,0,23,4,27,0,11,44,12,67,68,0,68,135
06/13/2002,MKL,TN,ASO,CE,Federal Contract Tower,0,8,13,0,21,0,2,22,0,24,0,10,35,0,45,40,0,40,85
06/14/2002,MKL,TN,ASO,CE,Federal Contract Tower,0,11,16,6,33,0,2,14,6,22,0,13,30,12,55,50,6,56,111
06/15/2002,MKL,TN,ASO,CE,Federal Contract Tower,0,2,3,0,5,0,1,17,2,20,0,3,20,2,25,12,2,14,39
06/16/2002,MKL,TN,ASO,CE,Federal Contract Tower,0,2,7,0,9,0,0,20,0,20,0,2,27,0,29,4,0,4,33
06/17/2002,MKL,TN,ASO,CE,Federal Contract Tower,0,8,13,1,22,0,6,21,0,27,0,14,34,1,49,66,0,66,115
06/18/2002,MKL,TN,ASO,CE,Federal Contract Tower,0,6,9,4,19,0,5,14,0,19,0,11,23,4,38,10,2,12,50
06/19/2002,MKL,TN,ASO,CE,Federal Contract Tower,0,8,12,2,22,0,2,39,0,41,0,10,51,2,63,24,2,26,89
06/20/2002,MKL,TN,ASO,CE,Federal Contract Tower,0,8,13,0,21,0,4,24,0,28,0,12,37,0,49,10,0,10,59
06/21/2002,MKL,TN,ASO,CE,Federal Contract Tower,0,11,20,8,39,0,0,20,15,35,0,11,40,23,74,50,40,90,164
06/22/2002,MKL,TN,ASO,CE,Federal Contract Tower,0,2,9,2,13,0,0,29,1,30,0,2,38,3,43,8,0,8,51
06/23/2002,MKL,TN,ASO,CE,Federal Contract Tower,0,3,6,1,10,0,0,12,5,17,0,3,18,6,27,4,0,4,31
06/24/2002,MKL,TN,ASO,CE,Federal Contract Tower,0,10,17,5,32,0,2,24,15,41,0,12,41,20,73,10,30,40,113
06/25/2002,MKL,TN,ASO,CE,Federal Contract Tower,0,12,22,7,41,0,0,15,30,45,0,12,37,37,86,44,38,82,168
06/26/2002,MKL,TN,ASO,CE,Federal Contract Tower,0,10,22,7,39,0,0,23,11,34,0,10,45,18,73,58,12,70,143
06/27/2002,MKL,TN,ASO,CE,Federal Contract Tower,0,11,18,5,34,0,0,22,10,32,0,11,40,15,66,36,16,52,118
06/28/2002,MKL,TN,ASO,CE,Federal Contract Tower,0,10,20,7,37,0,0,0,17,17,0,10,20,24,54,2,44,46,100
06/29/2002,MKL,TN,ASO,CE,Federal Contract Tower,0,2,8,0,10,0,0,12,0,12,0,2,20,0,22,16,0,16,38
06/30/2002,MKL,TN,ASO,CE,Federal Contract Tower,0,4,7,0,11,0,1,20,0,21,0,5,27,0,32,32,0,32,64
07/01/2002,MKL,TN,ASO,CE,Federal Contract Tower,0,7,10,0,17,0,6,26,0,32,0,13,36,0,49,56,0,56,105
07/02/2002,MKL,TN,ASO,CE,Federal Contract Tower,0,9,12,2,23,0,2,31,0,33,0,11,43,2,56,48,4,52,108
07/03/2002,MKL,TN,ASO,CE,Federal Contract Tower,0,8,11,2,21,0,3,18,0,21,0,11,29,2,42,42,0,42,84
07/04/2002,MKL,TN,ASO,CE,Federal Contract Tower,0,2,2,0,4,0,1,21,0,22,0,3,23,0,26,20,0,20,46
07/05/2002,MKL,TN,ASO,CE,Federal Contract Tower,0,5,4,2,11,0,4,30,0,34,0,9,34,2,45,14,0,14,59
07/06/2002,MKL,TN,ASO,CE,Federal Contract Tower,0,2,2,0,4,0,0,23,0,23,0,2,25,0,27,26,0,26,53
07/07/2002,MKL,TN,ASO,CE,Federal Contract Tower,0,3,5,0,8,0,0,27,0,27,0,3,32,0,35,32,0,32,67
07/08/2002,MKL,TN,ASO,CE,Federal Contract Tower,0,8,9,0,17,0,2,16,0,18,0,10,25,0,35,32,0,32,67
07/09/2002,MKL,TN,ASO,CE,Federal Contract Tower,0,10,14,3,27,0,0,34,5,39,0,10,48,8,66,76,6,82,148
07/10/2002,MKL,TN,ASO,CE,Federal Contract Tower,0,8,10,0,18,0,1,20,0,21,0,9,30,0,39,30,0,30,69
07/11/2002,MKL,TN,ASO,CE,Federal Contract Tower,0,9,18,4,31,0,0,27,9,36,0,9,45,13,67,52,12,64,131
07/12/2002,MKL,TN,ASO,CE,Federal Contract Tower,0,9,12,2,23,0,6,8,0,14,0,15,20,2,37,4,4,8,45
07/13/2002,MKL,TN,ASO,CE,Federal Contract Tower,0,2,9,2,13,0,0,1,11,12,0,2,10,13,25,4,12,16,41
07/14/2002,MKL,TN,ASO,CE,Federal Contract Tower,0,3,5,2,10,0,0,23,6,29,0,3,28,8,39,22,0,22,61
07/15/2002,MKL,TN,ASO,CE,Federal Contract Tower,0,11,16,2,29,0,1,29,0,30,0,12,45,2,59,32,2,34,93
07/16/2002,MKL,TN,ASO,CE,Federal Contract Tower,0,10,15,2,27,0,2,40,0,42,0,12,55,2,69,44,0,44,113
07/17/2002,MKL,TN,ASO,CE,Federal Contract Tower,0,10,15,0,25,0,2,14,0,16,0,12,29,0,41,0,0,0,41
07/18/2002,MKL,TN,ASO,CE,Federal Contract Tower,0,9,13,0,22,0,2,20,0,22,0,11,33,0,44,12,0,12,56
07/19/2002,MKL,TN,ASO,CE,Federal Contract Tower,0,9,14,2,25,0,1,26,6,33,0,10,40,8,58,10,8,18,76
07/20/2002,MKL,TN,ASO,CE,Federal Contract Tower,0,2,7,0,9,0,0,29,0,29,0,2,36,0,38,22,0,22,60
07/21/2002,MKL,TN,ASO,CE,Federal Contract Tower,0,3,8,0,11,0,0,25,0,25,0,3,33,0,36,16,0,16,52
07/22/2002,MKL,TN,ASO,CE,Federal Contract Tower,0,12,21,3,36,0,0,34,20,54,0,12,55,23,90,64,26,90,180
07/23/2002,MKL,TN,ASO,CE,Federal Contract Tower,0,10,18,3,31,0,0,3,7,10,0,10,21,10,41,40,10,50,91
07/24/2002,MKL,TN,ASO,CE,Federal Contract Tower,0,10,20,3,33,0,0,14,5,19,0,10,34,8,52,30,20,50,102
07/25/2002,MKL,TN,ASO,CE,Federal Contract Tower,0,12,24,4,40,0,0,36,13,49,0,12,60,17,89,50,76,126,215
07/26/2002,MKL,TN,ASO,CE,Federal Contract Tower,0,11,17,2,30,0,0,43,0,43,0,11,60,2,73,50,0,50,123
07/27/2002,MKL,TN,ASO,CE,Federal Contract Tower,0,2,4,0,6,0,0,32,0,32,0,2,36,0,38,28,0,28,66
07/28/2002,MKL,TN,ASO,CE,Federal Contract Tower,0,3,7,1,11,0,0,17,3,20,0,3,24,4,31,0,4,4,35
07/29/2002,MKL,TN,ASO,CE,Federal Contract Tower,0,11,16,2,29,0,3,17,8,28,0,14,33,10,57,14,6,20,77
07/30/2002,MKL,TN,ASO,CE,Federal Contract Tower,0,9,14,2,25,0,0,20,24,44,0,9,34,26,69,24,38,62,131
07/31/2002,MKL,TN,ASO,CE,Federal Contract Tower,0,9,14,2,25,0,4,37,0,41,0,13,51,2,66,18,2,20,86
08/01/2002,MKL,TN,ASO,CE,Federal Contract Tower,0,12,14,1,27,0,1,16,19,36,0,13,30,20,63,36,60,96,159
08/02/2002,MKL,TN,ASO,CE,Federal Contract Tower,0,12,14,2,28,0,4,31,11,46,0,16,45,13,74,12,0,12,86
08/03/2002,MKL,TN,ASO,CE,Federal Contract Tower,0,3,5,1,9,0,0,18,0,18,0,3,23,1,27,6,0,6,33
08/04/2002,MKL,TN,ASO,CE,Federal Contract Tower,0,6,11,2,19,0,0,21,0,21,0,6,32,2,40,6,0,6,46
08/05/2002,MKL,TN,ASO,CE,Federal Contract Tower,0,11,15,2,28,0,0,24,2,26,0,11,39,4,54,60,2,62,116
08/06/2002,MKL,TN,ASO,CE,Federal Contract Tower,0,10,13,2,25,0,2,23,0,25,0,12,36,2,50,24,0,24,74
08/07/2002,MKL,TN,ASO,CE,Federal Contract Tower,0,9,11,2,22,0,2,64,0,66,0,11,75,2,88,22,0,22,110
08/08/2002,MKL,TN,ASO,CE,Federal Contract Tower,0,11,15,2,28,0,2,45,3,50,0,13,60,5,78,70,2,72,150
08/09/2002,MKL,TN,ASO,CE,Federal Contract Tower,0,12,17,2,31,0,0,43,0,43,0,12,60,2,74,28,4,32,106
08/10/2002,MKL,TN,ASO,CE,Federal Contract Tower,0,2,2,1,5,0,0,36,6,42,0,2,38,7,47,30,36,66,113
08/11/2002,MKL,TN,ASO,CE,Federal Contract Tower,0,5,10,2,17,0,0,7,1,8,0,5,17,3,25,2,0,2,27
08/12/2002,MKL,TN,ASO,CE,Federal Contract Tower,0,10,13,2,25,0,3,47,1,51,0,13,60,3,76,104,0,104,180
08/13/2002,MKL,TN,ASO,CE,Federal Contract Tower,0,13,19,0,32,0,0,22,0,22,0,13,41,0,54,28,0,28,82
08/14/2002,MKL,TN,ASO,CE,Federal Contract Tower,0,9,18,2,29,0,0,16,0,16,0,9,34,2,45,0,0,0,45
08/15/2002,MKL,TN,ASO,CE,Federal Contract Tower,0,15,18,2,35,0,0,42,4,46,0,15,60,6,81,44,6,50,131
08/16/2002,MKL,TN,ASO,CE,Federal Contract Tower,0,15,19,1,35,0,2,1,1,4,0,17,20,2,39,0,0,0,39
08/17/2002,MKL,TN,ASO,CE,Federal Contract Tower,0,2,4,0,6,0,0,22,0,22,0,2,26,0,28,0,0,0,28
08/18/2002,MKL,TN,ASO,CE,Federal Contract Tower,0,3,6,0,9,0,0,12,0,12,0,3,18,0,21,2,0,2,23
08/19/2002,MKL,TN,ASO,CE,Federal Contract Tower,0,10,14,0,24,0,3,20,0,23,0,13,34,0,47,58,0,58,105
08/20/2002,MKL,TN,ASO,CE,Federal Contract Tower,0,15,21,2,38,0,0,18,0,18,0,15,39,2,56,10,4,14,70
08/21/2002,MKL,TN,ASO,CE,Federal Contract Tower,0,12,17,1,30,0,1,38,4,43,0,13,55,5,73,40,6,46,119
08/22/2002,MKL,TN,ASO,CE,Federal Contract Tower,0,12,20,1,33,0,0,37,10,47,0,12,57,11,80,44,10,54,134
08/23/2002,MKL,TN,ASO,CE,Federal Contract Tower,0,10,15,1,26,0,2,10,15,27,0,12,25,16,53,2,42,44,97
08/24/2002,MKL,TN,ASO,CE,Federal Contract Tower,0,1,3,0,4,0,1,8,0,9,0,2,11,0,13,6,0,6,19
08/25/2002,MKL,TN,ASO,CE,Federal Contract Tower,0,3,12,1,16,0,0,16,7,23,0,3,28,8,39,18,6,24,63
08/26/2002,MKL,TN,ASO,CE,Federal Contract Tower,0,14,19,0,33,0,1,32,0,33,0,15,51,0,66,24,0,24,90
08/27/2002,MKL,TN,ASO,CE,Federal Contract Tower,0,13,17,1,31,0,0,14,3,17,0,13,31,4,48,34,2,36,84
08/28/2002,MKL,TN,ASO,CE,Federal Contract Tower,0,11,22,2,35,0,0,38,8,46,0,11,60,10,81,46,10,56,137
08/29/2002,MKL,TN,ASO,CE,Federal Contract Tower,0,10,15,1,26,0,2,38,3,43,0,12,53,4,69,94,2,96,165
08/30/2002,MKL,TN,ASO,CE,Federal Contract Tower,0,10,15,0,25,0,4,20,0,24,0,14,35,0,49,14,0,14,63
08/31/2002,MKL,TN,ASO,CE,Federal Contract Tower,0,2,5,0,7,0,0,40,0,40,0,2,45,0,47,36,0,36,83
09/01/2002,MKL,TN,ASO,CE,Federal Contract Tower,0,1,3,0,4,0,2,7,0,9,0,3,10,0,13,4,0,4,17
09/02/2002,MKL,TN,ASO,CE,Federal Contract Tower,0,3,7,0,10,0,0,39,0,39,0,3,46,0,49,30,0,30,79
09/03/2002,MKL,TN,ASO,CE,Federal Contract Tower,0,9,11,1,21,0,6,19,0,25,0,15,30,1,46,18,0,18,64
09/04/2002,MKL,TN,ASO,CE,Federal Contract Tower,0,11,15,5,31,0,0,28,5,33,0,11,43,10,64,110,8,118,182
09/05/2002,MKL,TN,ASO,CE,Federal Contract Tower,0,12,18,5,35,0,0,32,8,40,0,12,50,13,75,52,8,60,135
09/06/2002,MKL,TN,ASO,CE,Federal Contract Tower,0,10,19,4,33,0,0,36,20,56,0,10,55,24,89,64,32,96,185
09/07/2002,MKL,TN,ASO,CE,Federal Contract Tower,0,4,6,1,11,0,0,40,0,40,0,4,46,1,51,34,0,34,85
09/08/2002,MKL,TN,ASO,CE,Federal Contract Tower,0,5,7,2,14,0,0,22,0,22,0,5,29,2,36,0,0,0,36
09/09/2002,MKL,TN,ASO,CE,Federal Contract Tower,0,12,17,0,29,0,3,34,0,37,0,15,51,0,66,58,0,58,124
09/10/2002,MKL,TN,ASO,CE,Federal Contract Tower,0,12,18,4,34,0,2,26,0,28,0,14,44,4,62,54,4,58,120
09/11/2002,MKL,TN,ASO,CE,Federal Contract Tower,0,8,12,3,23,0,3,31,4,38,0,11,43,7,61,24,0,24,85
09/12/2002,MKL,TN,ASO,CE,Federal Contract Tower,0,10,15,2,27,0,2,30,7,39,0,12,45,9,66,36,20,56,122
09/13/2002,MKL,TN,ASO,CE,Federal Contract Tower,0,10,17,3,30,0,0,33,4,37,0,10,50,7,67,26,10,36,103
09/14/2002,MKL,TN,ASO,CE,Federal Contract Tower,0,4,6,0,10,0,0,6,0,6,0,4,12,0,16,4,0,4,20
09/15/2002,MKL,TN,ASO,CE,Federal Contract Tower,0,3,11,0,14,0,0,12,0,12,0,3,23,0,26,0,0,0,26
09/16/2002,MKL,TN,ASO,CE,Federal Contract Tower,0,9,14,2,25,0,2,40,1,43,0,11,54,3,68,60,2,62,130
09/17/2002,MKL,TN,ASO,CE,Federal Contract Tower,0,8,13,2,23,0,3,12,2,17,0,11,25,4,40,6,0,6,46
09/18/2002,MKL,TN,ASO,CE,Federal Contract Tower,0,11,31,5,47,0,0,17,24,41,0,11,48,29,88,10,26,36,124
09/19/2002,MKL,TN,ASO,CE,Federal Contract Tower,0,12,26,3,41,0,0,30,0,30,0,12,56,3,71,58,6,64,135
09/20/2002,MKL,TN,ASO,CE,Federal Contract Tower,0,16,30,5,51,0,0,11,4,15,0,16,41,9,66,0,0,0,66
09/21/2002,MKL,TN,ASO,CE,Federal Contract Tower,0,4,8,0,12,0,0,36,0,36,0,4,44,0,48,22,0,22,70
09/22/2002,MKL,TN,ASO,CE,Federal Contract Tower,0,5,12,0,17,0,0,32,0,32,0,5,44,0,49,18,0,18,67
09/23/2002,MKL,TN,ASO,CE,Federal Contract Tower,0,10,22,3,35,0,0,30,7,37,0,10,52,10,72,2,6,8,80
09/24/2002,MKL,TN,ASO,CE,Federal Contract Tower,0,14,22,3,39,0,3,23,10,36,0,17,45,13,75,34,22,56,131
09/25/2002,MKL,TN,ASO,CE,Federal Contract Tower,0,11,17,2,30,0,3,7,0,10,0,14,24,2,40,100,0,100,140
09/26/2002,MKL,TN,ASO,CE,Federal Contract Tower,0,7,5,0,12,0,7,0,0,7,0,14,5,0,19,0,0,0,19
09/27/2002,MKL,TN,ASO,CE,Federal Contract Tower,0,13,24,4,41,0,0,11,7,18,0,13,35,11,59,6,10,16,75
09/28/2002,MKL,TN,ASO,CE,Federal Contract Tower,0,2,5,0,7,0,0,31,0,31,0,2,36,0,38,20,0,20,58
09/29/2002,MKL,TN,ASO,CE,Federal Contract Tower,0,5,8,0,13,0,2,17,0,19,0,7,25,0,32,22,0,22,54
09/30/2002,MKL,TN,ASO,CE,Federal Contract Tower,0,11,17,2,30,0,4,15,0,19,0,15,32,2,49,6,0,6,55
10/01/2002,MKL,TN,ASO,CE,Federal Contract Tower,0,15,13,2,30,0,0,25,4,29,0,15,38,6,59,52,0,52,111
10/02/2002,MKL,TN,ASO,CE,Federal Contract Tower,0,13,22,8,43,0,0,34,6,40,0,13,56,14,83,86,10,96,179
10/03/2002,MKL,TN,ASO,CE,Federal Contract Tower,0,13,5,10,28,0,0,23,7,30,0,13,28,17,58,30,32,62,120
10/04/2002,MKL,TN,ASO,CE,Federal Contract Tower,0,13,14,0,27,0,0,16,3,19,0,13,30,3,46,14,0,14,60
10/05/2002,MKL,TN,ASO,CE,Federal Contract Tower,0,2,8,0,10,0,0,56,2,58,0,2,64,2,68,58,0,58,126
10/06/2002,MKL,TN,ASO,CE,Federal Contract Tower,0,4,12,0,16,0,0,20,6,26,0,4,32,6,42,4,0,4,46
10/07/2002,MKL,TN,ASO,CE,Federal Contract Tower,0,9,9,14,32,0,0,29,6,35,0,9,38,20,67,6,10,16,83
10/08/2002,MKL,TN,ASO,CE,Federal Contract Tower,0,10,5,0,15,0,0,47,0,47,0,10,52,0,62,52,0,52,114
10/09/2002,MKL,TN,ASO,CE,Federal Contract Tower,0,11,14,0,25,0,0,16,1,17,0,11,30,1,42,100,0,100,142
10/10/2002,MKL,TN,ASO,CE,Federal Contract Tower,0,15,13,0,28,0,0,0,0,0,0,15,13,0,28,0,0,0,28
10/11/2002,MKL,TN,ASO,CE,Federal Contract Tower,0,11,31,2,44,0,0,3,7,10,0,11,34,9,54,2,10,12,66
10/12/2002,MKL,TN,ASO,CE,Federal Contract Tower,0,2,15,1,18,0,0,20,2,22,0,2,35,3,40,22,2,24,64
10/13/2002,MKL,TN,ASO,CE,Federal Contract Tower,0,5,11,0,16,0,0,51,5,56,0,5,62,5,72,38,6,44,116
10/14/2002,MKL,TN,ASO,CE,Federal Contract Tower,0,7,25,0,32,0,0,50,0,50,0,7,75,0,82,70,0,70,152
10/15/2002,MKL,TN,ASO,CE,Federal Contract Tower,0,9,15,17,41,0,0,18,4,22,0,9,33,21,63,20,34,54,117
10/16/2002,MKL,TN,ASO,CE,Federal Contract Tower,0,12,7,9,28,0,0,22,6,28,0,12,29,15,56,20,8,28,84
10/17/2002,MKL,TN,ASO,CE,Federal Contract Tower,0,11,22,6,39,0,0,33,10,43,0,11,55,16,82,48,16,64,146
10/18/2002,MKL,TN,ASO,CE,Federal Contract Tower,0,10,5,10,25,0,0,45,5,50,0,10,50,15,75,30,50,80,155
10/19/2002,MKL,TN,ASO,CE,Federal Contract Tower,0,2,6,0,8,0,0,6,2,8,0,2,12,2,16,4,4,8,24
10/20/2002,MKL,TN,ASO,CE,Federal Contract Tower,0,3,18,5,26,0,0,4,0,4,0,3,22,5,30,8,0,8,38
10/21/2002,MKL,TN,ASO,CE,Federal Contract Tower,0,12,18,5,35,0,2,20,1,23,0,14,38,6,58,34,2,36,94
10/22/2002,MKL,TN,ASO,CE,Federal Contract Tower,0,15,18,8,41,0,0,34,1,35,0,15,52,9,76,4,10,14,90
10/23/2002,MKL,TN,ASO,CE,Federal Contract Tower,0,9,19,4,32,0,0,27,7,34,0,9,46,11,66,42,2,44,110
10/24/2002,MKL,TN,ASO,CE,Federal Contract Tower,0,9,16,0,25,0,0,9,0,9,0,9,25,0,34,18,0,18,52
10/25/2002,MKL,TN,ASO,CE,Federal Contract Tower,0,10,27,10,47,0,0,0,2,2,0,10,27,12,49,4,8,12,61
10/26/2002,MKL,TN,ASO,CE,Federal Contract Tower,0,3,10,12,25,0,0,14,8,22,0,3,24,20,47,0,0,0,47
10/27/2002,MKL,TN,ASO,CE,Federal Contract Tower,0,5,12,0,17,0,0,5,0,5,0,5,17,0,22,10,0,10,32
10/28/2002,MKL,TN,ASO,CE,Federal Contract Tower,0,12,11,6,29,0,0,1,0,1,0,12,12,6,30,0,4,4,34
10/29/2002,MKL,TN,ASO,CE,Federal Contract Tower,0,10,15,1,26,0,0,4,20,24,0,10,19,21,50,0,0,0,50
10/30/2002,MKL,TN,ASO,CE,Federal Contract Tower,0,12,28,1,41,0,0,20,2,22,0,12,48,3,63,10,0,10,73
10/31/2002,MKL,TN,ASO,CE,Federal Contract Tower,0,9,8,2,19,0,0,22,0,22,0,9,30,2,41,30,4,34,75
11/01/2002,MKL,TN,ASO,CE,Federal Contract Tower,0,9,11,3,23,0,0,34,3,37,0,9,45,6,60,10,0,10,70
11/02/2002,MKL,TN,ASO,CE,Federal Contract Tower,0,4,9,0,13,0,0,33,2,35,0,4,42,2,48,52,0,52,100
11/03/2002,MKL,TN,ASO,CE,Federal Contract Tower,0,5,8,2,15,0,0,0,0,0,0,5,8,2,15,0,0,0,15
11/04/2002,MKL,TN,ASO,CE,Federal Contract Tower,0,14,18,1,33,0,1,3,0,4,0,15,21,1,37,0,2,2,39
11/05/2002,MKL,TN,ASO,CE,Federal Contract Tower,0,11,23,2,36,0,0,0,0,0,0,11,23,2,36,0,0,0,36
11/06/2002,MKL,TN,ASO,CE,Federal Contract Tower,0,10,22,0,32,0,0,31,5,36,0,10,53,5,68,26,4,30,98
11/07/2002,MKL,TN,ASO,CE,Federal Contract Tower,0,10,15,0,25,0,0,45,6,51,0,10,60,6,76,74,0,74,150
11/08/2002,MKL,TN,ASO,CE,Federal Contract Tower,0,11,22,5,38,0,0,38,3,41,0,11,60,8,79,16,12,28,107
11/09/2002,MKL,TN,ASO,CE,Federal Contract Tower,0,2,12,0,14,0,0,8,4,12,0,2,20,4,26,4,6,10,36
11/10/2002,MKL,TN,ASO,CE,Federal Contract Tower,0,4,13,0,17,0,0,8,6,14,0,4,21,6,31,0,4,4,35
11/11/2002,MKL,TN,ASO,CE,Federal Contract Tower,0,5,10,0,15,0,1,46,3,50,0,6,56,3,65,12,0,12,77
11/12/2002,MKL,TN,ASO,CE,Federal Contract Tower,0,12,21,2,35,0,0,12,4,16,0,12,33,6,51,8,10,18,69
11/13/2002,MKL,TN,ASO,CE,Federal Contract Tower,0,9,21,0,30,0,0,49,5,54,0,9,70,5,84,34,4,38,122
11/14/2002,MKL,TN,ASO,CE,Federal Contract Tower,0,11,16,4,31,0,0,38,9,47,0,11,54,13,78,106,12,118,196
11/15/2002,MKL,TN,ASO,CE,Federal Contract Tower,0,13,30,0,43,0,0,0,0,0,0,13,30,0,43,0,0,0,43
11/16/2002,MKL,TN,ASO,CE,Federal Contract Tower,0,2,7,0,9,0,0,14,2,16,0,2,21,2,25,6,0,6,31
11/17/2002,MKL,TN,ASO,CE,Federal Contract Tower,0,3,11,0,14,0,0,42,0,42,0,3,53,0,56,30,0,30,86
11/18/2002,MKL,TN,ASO,CE,Federal Contract Tower,0,11,16,5,32,0,1,14,2,17,0,12,30,7,49,14,10,24,73
11/19/2002,MKL,TN,ASO,CE,Federal Contract Tower,0,11,14,8,33,0,2,32,0,34,0,13,46,8,67,38,8,46,113
11/20/2002,MKL,TN,ASO,CE,Federal Contract Tower,0,17,20,4,41,0,0,9,1,10,0,17,29,5,51,0,4,4,55
11/21/2002,MKL,TN,ASO,CE,Federal Contract Tower,0,10,23,0,33,0,0,52,0,52,0,10,75,0,85,72,0,72,157
11/22/2002,MKL,TN,ASO,CE,Federal Contract Tower,0,10,23,2,35,0,0,27,18,45,0,10,50,20,80,42,2,44,124
11/23/2002,MKL,TN,ASO,CE,Federal Contract Tower,0,2,5,0,7,0,0,42,14,56,0,2,47,14,63,34,0,34,97
11/24/2002,MKL,TN,ASO,CE,Federal Contract Tower,0,5,8,2,15,0,0,33,0,33,0,5,41,2,48,0,0,0,48
11/25/2002,MKL,TN,ASO,CE,Federal Contract Tower,0,11,18,6,35,0,0,31,0,31,0,11,49,6,66,34,8,42,108
11/26/2002,MKL,TN,ASO,CE,Federal Contract Tower,0,11,17,5,33,0,0,0,0,0,0,11,17,5,33,0,4,4,37
11/27/2002,MKL,TN,ASO,CE,Federal Contract Tower,0,9,22,17,48,0,0,46,1,47,0,9,68,18,95,60,24,84,179
11/28/2002,MKL,TN,ASO,CE,Federal Contract Tower,0,4,7,0,11,0,0,12,0,12,0,4,19,0,23,10,0,10,33
11/29/2002,MKL,TN,ASO,CE,Federal Contract Tower,0,8,10,0,18,0,0,30,0,30,0,8,40,0,48,40,0,40,88
11/30/2002,MKL,TN,ASO,CE,Federal Contract Tower,0,4,10,0,14,0,0,12,0,12,0,4,22,0,26,4,0,4,30
12/01/2002,MKL,TN,ASO,CE,Federal Contract Tower,0,3,16,0,19,0,0,38,0,38,0,3,54,0,57,26,0,26,83
12/02/2002,MKL,TN,ASO,CE,Federal Contract Tower,0,13,4,9,26,0,0,33,0,33,0,13,37,9,59,24,8,32,91
12/03/2002,MKL,TN,ASO,CE,Federal Contract Tower,0,12,9,6,27,0,0,21,21,42,0,12,30,27,69,38,24,62,131
12/04/2002,MKL,TN,ASO,CE,Federal Contract Tower,0,9,4,0,13,0,0,0,2,2,0,9,4,2,15,0,0,0,15
12/05/2002,MKL,TN,ASO,CE,Federal Contract Tower,0,10,17,10,37,0,0,2,11,13,0,10,19,21,50,8,30,38,88
12/06/2002,MKL,TN,ASO,CE,Federal Contract Tower,0,17,28,3,48,0,0,20,8,28,0,17,48,11,76,62,0,62,138
12/07/2002,MKL,TN,ASO,CE,Federal Contract Tower,0,2,10,0,12,0,0,46,11,57,0,2,56,11,69,34,16,50,119
12/08/2002,MKL,TN,ASO,CE,Federal Contract Tower,0,3,8,0,11,0,0,19,12,31,0,3,27,12,42,38,16,54,96
12/09/2002,MKL,TN,ASO,CE,Federal Contract Tower,0,12,15,13,40,0,0,30,8,38,0,12,45,21,78,22,20,42,120
12/10/2002,MKL,TN,ASO,CE,Federal Contract Tower,0,14,9,0,23,0,0,7,4,11,0,14,16,4,34,8,6,14,48
12/11/2002,MKL,TN,ASO,CE,Federal Contract Tower,0,13,23,2,38,0,0,23,2,25,0,13,46,4,63,14,2,16,79
12/12/2002,MKL,TN,ASO,CE,Federal Contract Tower,0,11,17,12,40,0,0,18,14,32,0,11,35,26,72,28,44,72,144
12/13/2002,MKL,TN,ASO,CE,Federal Contract Tower,0,10,21,0,31,0,0,0,0,0,0,10,21,0,31,0,0,0,31
12/14/2002,MKL,TN,ASO,CE,Federal Contract Tower,0,2,6,0,8,0,0,58,0,58,0,2,64,0,66,66,0,66,132
12/15/2002,MKL,TN,ASO,CE,Federal Contract Tower,0,3,8,1,12,0,0,22,1,23,0,3,30,2,35,20,0,20,55
12/16/2002,MKL,TN,ASO,CE,Federal Contract Tower,0,12,13,15,40,0,0,17,2,19,0,12,30,17,59,16,16,32,91
12/17/2002,MKL,TN,ASO,CE,Federal Contract Tower,0,14,18,0,32,0,0,8,2,10,0,14,26,2,42,0,6,6,48
12/18/2002,MKL,TN,ASO,CE,Federal Contract Tower,0,10,14,0,24,0,0,1,0,1,0,10,15,0,25,8,0,8,33
12/19/2002,MKL,TN,ASO,CE,Federal Contract Tower,0,10,9,0,19,0,0,1,0,1,0,10,10,0,20,0,0,0,20
12/20/2002,MKL,TN,ASO,CE,Federal Contract Tower,0,11,19,17,47,0,0,26,38,64,0,11,45,55,111,6,10,16,127
12/21/2002,MKL,TN,ASO,CE,Federal Contract Tower,0,4,5,0,9,0,0,29,15,44,0,4,34,15,53,34,18,52,105
12/22/2002,MKL,TN,ASO,CE,Federal Contract Tower,0,3,8,0,11,0,0,29,11,40,0,3,37,11,51,6,4,10,61
12/23/2002,MKL,TN,ASO,CE,Federal Contract Tower,0,12,7,2,21,0,0,18,6,24,0,12,25,8,45,14,4,18,63
12/24/2002,MKL,TN,ASO,CE,Federal Contract Tower,0,7,4,0,11,0,0,0,0,0,0,7,4,0,11,0,0,0,11
12/25/2002,MKL,TN,ASO,CE,Federal Contract Tower,0,3,4,0,7,0,0,3,0,3,0,3,7,0,10,2,0,2,12
12/26/2002,MKL,TN,ASO,CE,Federal Contract Tower,0,9,6,0,15,0,0,29,0,29,0,9,35,0,44,36,0,36,80
12/27/2002,MKL,TN,ASO,CE,Federal Contract Tower,0,10,8,2,20,0,0,27,3,30,0,10,35,5,50,36,12,48,98
12/28/2002,MKL,TN,ASO,CE,Federal Contract Tower,0,2,6,0,8,0,0,30,0,30,0,2,36,0,38,32,0,32,70
12/29/2002,MKL,TN,ASO,CE,Federal Contract Tower,0,3,12,0,15,0,0,45,0,45,0,3,57,0,60,42,0,42,102
12/30/2002,MKL,TN,ASO,CE,Federal Contract Tower,0,9,3,0,12,0,1,6,0,7,0,10,9,0,19,0,0,0,19
12/31/2002,MKL,TN,ASO,CE,Federal Contract Tower,0,9,2,0,11,0,0,0,0,0,0,9,2,0,11,2,0,2,13
01/01/2003,MKL,TN,ASO,CE,Federal Contract Tower,0,3,7,0,10,0,0,1,0,1,0,3,8,0,11,2,0,2,13
01/02/2003,MKL,TN,ASO,CE,Federal Contract Tower,0,14,5,0,19,0,0,0,0,0,0,14,5,0,19,0,0,0,19
01/03/2003,MKL,TN,ASO,CE,Federal Contract Tower,0,10,13,5,28,0,0,23,6,29,0,10,36,11,57,50,12,62,119
01/04/2003,MKL,TN,ASO,CE,Federal Contract Tower,0,2,7,0,9,0,0,26,0,26,0,2,33,0,35,8,0,8,43
01/05/2003,MKL,TN,ASO,CE,Federal Contract Tower,0,3,3,0,6,0,0,43,4,47,0,3,46,4,53,30,4,34,87
01/06/2003,MKL,TN,ASO,CE,Federal Contract Tower,0,13,16,10,39,0,0,9,0,9,0,13,25,10,48,2,12,14,62
01/07/2003,MKL,TN,ASO,CE,Federal Contract Tower,0,13,16,7,36,0,0,32,7,39,0,13,48,14,75,34,16,50,125
01/08/2003,MKL,TN,ASO,CE,Federal Contract Tower,0,11,11,10,32,0,0,44,0,44,0,11,55,10,76,28,14,42,118
01/09/2003,MKL,TN,ASO,CE,Federal Contract Tower,0,14,13,10,37,0,0,32,11,43,0,14,45,21,80,38,52,90,170
01/10/2003,MKL,TN,ASO,CE,Federal Contract Tower,0,11,15,0,26,0,0,33,3,36,0,11,48,3,62,10,0,10,72
01/11/2003,MKL,TN,ASO,CE,Federal Contract Tower,0,2,3,0,5,0,0,25,0,25,0,2,28,0,30,12,0,12,42
01/12/2003,MKL,TN,ASO,CE,Federal Contract Tower,0,3,8,8,19,0,0,8,0,8,0,3,16,8,27,4,8,12,39
01/13/2003,MKL,TN,ASO,CE,Federal Contract Tower,0,14,9,10,33,0,1,15,2,18,0,15,24,12,51,24,10,34,85
01/14/2003,MKL,TN,ASO,CE,Federal Contract Tower,0,13,17,2,32,0,0,7,0,7,0,13,24,2,39,10,2,12,51
01/15/2003,MKL,TN,ASO,CE,Federal Contract Tower,0,15,18,6,39,0,0,15,0,15,0,15,33,6,54,12,6,18,72
01/16/2003,MKL,TN,ASO,CE,Federal Contract Tower,0,9,11,0,20,0,0,0,0,0,0,9,11,0,20,0,0,0,20
01/17/2003,MKL,TN,ASO,CE,Federal Contract Tower,0,13,10,0,23,0,0,14,4,18,0,13,24,4,41,10,0,10,51
01/18/2003,MKL,TN,ASO,CE,Federal Contract Tower,0,2,8,1,11,0,0,7,3,10,0,2,15,4,21,8,0,8,29
01/19/2003,MKL,TN,ASO,CE,Federal Contract Tower,0,3,5,0,8,0,0,18,0,18,0,3,23,0,26,6,0,6,32
01/20/2003,MKL,TN,ASO,CE,Federal Contract Tower,0,5,13,0,18,0,0,16,0,16,0,5,29,0,34,20,0,20,54
01/21/2003,MKL,TN,ASO,CE,Federal Contract Tower,0,13,19,0,32,0,0,4,1,5,0,13,23,1,37,8,0,8,45
01/22/2003,MKL,TN,ASO,CE,Federal Contract Tower,0,15,9,8,32,0,0,10,2,12,0,15,19,10,44,10,8,18,62
01/23/2003,MKL,TN,ASO,CE,Federal Contract Tower,0,9,10,1,20,0,0,1,0,1,0,9,11,1,21,0,0,0,21
01/24/2003,MKL,TN,ASO,CE,Federal Contract Tower,0,14,9,9,32,0,0,18,2,20,0,14,27,11,52,10,6,16,68
01/25/2003,MKL,TN,ASO,CE,Federal Contract Tower,0,2,2,2,6,0,0,29,2,31,0,2,31,4,37,16,4,20,57
01/26/2003,MKL,TN,ASO,CE,Federal Contract Tower,0,6,8,0,14,0,0,15,1,16,0,6,23,1,30,10,0,10,40
01/27/2003,MKL,TN,ASO,CE,Federal Contract Tower,0,10,20,11,41,0,0,20,2,22,0,10,40,13,63,10,14,24,87
01/28/2003,MKL,TN,ASO,CE,Federal Contract Tower,0,13,14,9,36,0,0,6,2,8,0,13,20,11,44,10,8,18,62
01/29/2003,MKL,TN,ASO,CE,Federal Contract Tower,0,13,12,0,25,0,0,0,0,0,0,13,12,0,25,2,0,2,27
01/30/2003,MKL,TN,ASO,CE,Federal Contract Tower,0,10,14,6,30,0,0,13,5,18,0,10,27,11,48,36,8,44,92
01/31/2003,MKL,TN,ASO,CE,Federal Contract Tower,0,10,20,8,38,0,0,5,0,5,0,10,25,8,43,0,10,10,53
02/01/2003,MKL,TN,ASO,CE,Federal Contract Tower,0,2,2,0,4,0,0,45,0,45,0,2,47,0,49,32,0,32,81
02/02/2003,MKL,TN,ASO,CE,Federal Contract Tower,0,3,8,3,14,0,0,21,1,22,0,3,29,4,36,2,4,6,42
02/03/2003,MKL,TN,ASO,CE,Federal Contract Tower,0,11,10,0,21,0,0,4,0,4,0,11,14,0,25,0,0,0,25
02/04/2003,MKL,TN,ASO,CE,Federal Contract Tower,0,11,14,2,27,0,0,18,2,20,0,11,32,4,47,14,8,22,69
02/05/2003,MKL,TN,ASO,CE,Federal Contract Tower,0,11,16,4,31,0,1,35,2,38,0,12,51,6,69,12,4,16,85
02/06/2003,MKL,TN,ASO,CE,Federal Contract Tower,0,8,4,0,12,0,0,0,0,0,0,8,4,0,12,0,0,0,12
02/07/2003,MKL,TN,ASO,CE,Federal Contract Tower,0,10,17,0,27,0,0,17,0,17,0,10,34,0,44,10,0,10,54
02/08/2003,MKL,TN,ASO,CE,Federal Contract Tower,0,2,3,0,5,0,0,24,14,38,0,2,27,14,43,2,6,8,51
02/09/2003,MKL,TN,ASO,CE,Federal Contract Tower,0,3,4,0,7,0,0,1,4,5,0,3,5,4,12,0,0,0,12
02/10/2003,MKL,TN,ASO,CE,Federal Contract Tower,0,12,19,10,41,0,1,13,0,14,0,13,32,10,55,2,12,14,69
02/11/2003,MKL,TN,ASO,CE,Federal Contract Tower,0,12,14,13,39,0,0,20,4,24,0,12,34,17,63,10,22,32,95
02/12/2003,MKL,TN,ASO,CE,Federal Contract Tower,0,12,17,13,42,0,1,31,6,38,0,13,48,19,80,26,30,56,136
02/13/2003,MKL,TN,ASO,CE,Federal Contract Tower,0,15,12,2,29,0,0,43,2,45,0,15,55,4,74,44,2,46,120
02/14/2003,MKL,TN,ASO,CE,Federal Contract Tower,0,11,14,0,25,0,0,0,0,0,0,11,14,0,25,2,0,2,27
02/15/2003,MKL,TN,ASO,CE,Federal Contract Tower,0,2,6,0,8,0,0,0,0,0,0,2,6,0,8,0,0,0,8
02/16/2003,MKL,TN,ASO,CE,Federal Contract Tower,0,5,9,0,14,0,0,2,3,5,0,5,11,3,19,0,12,12,31
02/17/2003,MKL,TN,ASO,CE,Federal Contract Tower,0,5,7,0,12,0,0,7,0,7,0,5,14,0,19,0,0,0,19
02/18/2003,MKL,TN,ASO,CE,Federal Contract Tower,0,16,21,17,54,0,0,30,3,33,0,16,51,20,87,28,24,52,139
02/19/2003,MKL,TN,ASO,CE,Federal Contract Tower,0,14,17,2,33,0,0,2,0,2,0,14,19,2,35,0,0,0,35
02/20/2003,MKL,TN,ASO,CE,Federal Contract Tower,0,15,20,3,38,0,0,0,0,0,0,15,20,3,38,0,0,0,38
02/21/2003,MKL,TN,ASO,CE,Federal Contract Tower,0,12,24,0,36,0,0,0,0,0,0,12,24,0,36,0,0,0,36
02/22/2003,MKL,TN,ASO,CE,Federal Contract Tower,0,2,3,0,5,0,0,0,0,0,0,2,3,0,5,0,0,0,5
02/23/2003,MKL,TN,ASO,CE,Federal Contract Tower,0,3,14,0,17,0,0,7,0,7,0,3,21,0,24,14,0,14,38
02/24/2003,MKL,TN,ASO,CE,Federal Contract Tower,0,9,5,13,27,0,0,5,1,6,0,9,10,14,33,6,16,22,55
02/25/2003,MKL,TN,ASO,CE,Federal Contract Tower,0,10,9,0,19,0,0,0,5,5,0,10,9,5,24,0,16,16,40
02/26/2003,MKL,TN,ASO,CE,Federal Contract Tower,0,7,4,0,11,0,0,0,1,1,0,7,4,1,12,0,0,0,12
02/27/2003,MKL,TN,ASO,CE,Federal Contract Tower,0,13,10,4,27,0,0,0,0,0,0,13,10,4,27,0,4,4,31
02/28/2003,MKL,TN,ASO,CE,Federal Contract Tower,0,10,15,2,27,0,0,0,0,0,0,10,15,2,27,0,0,0,27
03/01/2003,MKL,TN,ASO,CE,Federal Contract Tower,0,2,6,2,10,0,0,15,2,17,0,2,21,4,27,20,0,20,47
03/02/2003,MKL,TN,ASO,CE,Federal Contract Tower,0,3,18,0,21,0,0,8,0,8,0,3,26,0,29,6,0,6,35
03/03/2003,MKL,TN,ASO,CE,Federal Contract Tower,0,10,7,6,23,0,0,24,3,27,0,10,31,9,50,28,18,46,96
03/04/2003,MKL,TN,ASO,CE,Federal Contract Tower,0,11,17,7,35,0,0,8,10,18,0,11,25,17,53,10,22,32,85
03/05/2003,MKL,TN,ASO,CE,Federal Contract Tower,0,12,25,29,66,0,0,16,0,16,0,12,41,29,82,6,30,36,118
03/06/2003,MKL,TN,ASO,CE,Federal Contract Tower,0,13,15,4,32,0,0,4,0,4,0,13,19,4,36,8,6,14,50
03/07/2003,MKL,TN,ASO,CE,Federal Contract Tower,0,11,30,12,53,0,1,20,0,21,0,12,50,12,74,26,20,46,120
03/08/2003,MKL,TN,ASO,CE,Federal Contract Tower,0,2,4,0,6,0,0,27,0,27,0,2,31,0,33,20,0,20,53
03/09/2003,MKL,TN,ASO,CE,Federal Contract Tower,0,3,6,0,9,0,0,20,0,20,0,3,26,0,29,2,0,2,31
03/10/2003,MKL,TN,ASO,CE,Federal Contract Tower,0,10,6,1,17,0,0,43,0,43,0,10,49,1,60,22,2,24,84
03/11/2003,MKL,TN,ASO,CE,Federal Contract Tower,0,10,17,4,31,0,0,32,5,37,0,10,49,9,68,26,8,34,102
03/12/2003,MKL,TN,ASO,CE,Federal Contract Tower,0,11,16,10,37,0,0,21,3,24,0,11,37,13,61,16,12,28,89
03/13/2003,MKL,TN,ASO,CE,Federal Contract Tower,0,10,30,3,43,0,0,12,1,13,0,10,42,4,56,28,4,32,88
03/14/2003,MKL,TN,ASO,CE,Federal Contract Tower,0,10,16,2,28,0,1,30,3,34,0,11,46,5,62,60,4,64,126
03/15/2003,MKL,TN,ASO,CE,Federal Contract Tower,0,2,13,0,15,0,0,25,0,25,0,2,38,0,40,44,0,44,84
03/16/2003,MKL,TN,ASO,CE,Federal Contract Tower,0,7,6,0,13,0,0,11,0,11,0,7,17,0,24,18,0,18,42
03/17/2003,MKL,TN,ASO,CE,Federal Contract Tower,0,11,4,0,15,0,0,0,0,0,0,11,4,0,15,0,0,0,15
03/18/2003,MKL,TN,ASO,CE,Federal Contract Tower,0,13,21,0,34,0,0,4,3,7,0,13,25,3,41,2,0,2,43
03/19/2003,MKL,TN,ASO,CE,Federal Contract Tower,0,10,11,0,21,0,0,23,1,24,0,10,34,1,45,8,0,8,53
03/20/2003,MKL,TN,ASO,CE,Federal Contract Tower,0,10,13,10,33,0,0,8,6,14,0,10,21,16,47,10,10,20,67
03/21/2003,MKL,TN,ASO,CE,Federal Contract Tower,0,10,26,0,36,0,0,23,2,25,0,10,49,2,61,48,0,48,109
03/22/2003,MKL,TN,ASO,CE,Federal Contract Tower,0,2,7,0,9,0,0,50,4,54,0,2,57,4,63,24,0,24,87
03/23/2003,MKL,TN,ASO,CE,Federal Contract Tower,0,3,9,0,12,0,0,19,0,19,0,3,28,0,31,10,0,10,41
03/24/2003,MKL,TN,ASO,CE,Federal Contract Tower,0,12,12,2,26,0,0,21,0,21,0,12,33,2,47,2,2,4,51
03/25/2003,MKL,TN,ASO,CE,Federal Contract Tower,0,11,16,0,27,0,0,20,4,24,0,11,36,4,51,26,6,32,83
03/26/2003,MKL,TN,ASO,CE,Federal Contract Tower,0,11,13,2,26,0,0,13,5,18,0,11,26,7,44,16,8,24,68
03/27/2003,MKL,TN,ASO,CE,Federal Contract Tower,0,10,16,1,27,0,2,39,0,41,0,12,55,1,68,42,4,46,114
03/28/2003,MKL,TN,ASO,CE,Federal Contract Tower,0,11,19,4,34,0,0,9,2,11,0,11,28,6,45,12,2,14,59
03/29/2003,MKL,TN,ASO,CE,Federal Contract Tower,0,3,8,0,11,0,0,31,0,31,0,3,39,0,42,40,0,40,82
03/30/2003,MKL,TN,ASO,CE,Federal Contract Tower,0,3,10,4,17,0,0,14,0,14,0,3,24,4,31,0,4,4,35
03/31/2003,MKL,TN,ASO,CE,Federal Contract Tower,0,11,7,5,23,0,0,14,0,14,0,11,21,5,37,14,6,20,57
04/01/2003,MKL,TN,ASO,CE,Federal Contract Tower,0,11,9,2,22,0,1,15,4,20,0,12,24,6,42,30,8,38,80
04/02/2003,MKL,TN,ASO,CE,Federal Contract Tower,0,10,10,6,26,0,0,19,0,19,0,10,29,6,45,6,6,12,57
04/03/2003,MKL,TN,ASO,CE,Federal Contract Tower,0,9,9,4,22,0,0,21,1,22,0,9,30,5,44,26,2,28,72
04/04/2003,MKL,TN,ASO,CE,Federal Contract Tower,0,11,23,0,34,0,0,22,2,24,0,11,45,2,58,20,0,20,78
04/05/2003,MKL,TN,ASO,CE,Federal Contract Tower,0,2,11,14,27,0,0,39,4,43,0,2,50,18,70,44,18,62,132
04/06/2003,MKL,TN,ASO,CE,Federal Contract Tower,0,3,13,0,16,0,0,1,0,1,0,3,14,0,17,0,0,0,17
04/07/2003,MKL,TN,ASO,CE,Federal Contract Tower,0,9,6,0,15,0,0,13,0,13,0,9,19,0,28,4,0,4,32
04/08/2003,MKL,TN,ASO,CE,Federal Contract Tower,0,9,14,4,27,0,0,7,1,8,0,9,21,5,35,12,6,18,53
04/09/2003,MKL,TN,ASO,CE,Federal Contract Tower,0,12,21,0,33,0,0,3,2,5,0,12,24,2,38,0,8,8,46
04/10/2003,MKL,TN,ASO,CE,Federal Contract Tower,0,7,11,0,18,0,0,19,12,31,0,7,30,12,49,22,30,52,101
04/11/2003,MKL,TN,ASO,CE,Federal Contract Tower,0,9,11,6,26,0,0,26,4,30,0,9,37,10,56,20,8,28,84
04/12/2003,MKL,TN,ASO,CE,Federal Contract Tower,0,2,10,0,12,0,0,54,2,56,0,2,64,2,68,40,14,54,122
04/13/2003,MKL,TN,ASO,CE,Federal Contract Tower,0,1,8,0,9,0,0,19,0,19,0,1,27,0,28,0,2,2,30
04/14/2003,MKL,TN,ASO,CE,Federal Contract Tower,0,7,11,4,22,0,1,28,0,29,0,8,39,4,51,16,4,20,71
04/15/2003,MKL,TN,ASO,CE,Federal Contract Tower,0,8,10,0,18,0,0,38,3,41,0,8,48,3,59,10,0,10,69
04/16/2003,MKL,TN,ASO,CE,Federal Contract Tower,0,7,20,2,29,0,0,12,2,14,0,7,32,4,43,2,2,4,47
04/17/2003,MKL,TN,ASO,CE,Federal Contract Tower,0,7,13,0,20,0,0,17,0,17,0,7,30,0,37,14,0,14,51
04/18/2003,MKL,TN,ASO,CE,Federal Contract Tower,0,8,17,0,25,0,2,30,0,32,0,10,47,0,57,10,0,10,67
04/19/2003,MKL,TN,ASO,CE,Federal Contract Tower,0,2,6,0,8,0,0,52,0,52,0,2,58,0,60,44,0,44,104
04/20/2003,MKL,TN,ASO,CE,Federal Contract Tower,0,1,6,0,7,0,0,2,0,2,0,1,8,0,9,0,0,0,9
04/21/2003,MKL,TN,ASO,CE,Federal Contract Tower,0,7,20,0,27,0,0,13,0,13,0,7,33,0,40,6,0,6,46
04/22/2003,MKL,TN,ASO,CE,Federal Contract Tower,0,6,11,2,19,0,0,27,4,31,0,6,38,6,50,22,2,24,74
04/23/2003,MKL,TN,ASO,CE,Federal Contract Tower,0,12,22,16,50,0,0,22,0,22,0,12,44,16,72,30,16,46,118
04/24/2003,MKL,TN,ASO,CE,Federal Contract Tower,0,8,13,2,23,0,1,7,0,8,0,9,20,2,31,6,0,6,37
04/25/2003,MKL,TN,ASO,CE,Federal Contract Tower,0,9,22,0,31,0,0,13,0,13,0,9,35,0,44,0,0,0,44
04/26/2003,MKL,TN,ASO,CE,Federal Contract Tower,0,2,9,2,13,0,0,19,0,19,0,2,28,2,32,28,0,28,60
04/27/2003,MKL,TN,ASO,CE,Federal Contract Tower,0,1,9,0,10,0,0,31,0,31,0,1,40,0,41,12,0,12,53
04/28/2003,MKL,TN,ASO,CE,Federal Contract Tower,0,7,8,0,15,0,0,18,2,20,0,7,26,2,35,22,2,24,59
04/29/2003,MKL,TN,ASO,CE,Federal Contract Tower,0,9,8,8,25,0,1,10,0,11,0,10,18,8,36,12,10,22,58
04/30/2003,MKL,TN,ASO,CE,Federal Contract Tower,0,9,14,0,23,0,0,15,2,17,0,9,29,2,40,8,0,8,48
05/01/2003,MKL,TN,ASO,CE,Federal Contract Tower,0,8,15,0,23,0,0,7,6,13,0,8,22,6,36,2,0,2,38
05/02/2003,MKL,TN,ASO,CE,Federal Contract Tower,0,7,14,0,21,0,0,10,2,12,0,7,24,2,33,14,4,18,51
05/03/2003,MKL,TN,ASO,CE,Federal Contract Tower,0,2,4,1,7,0,0,36,5,41,0,2,40,6,48,44,6,50,98
05/04/2003,MKL,TN,ASO,CE,Federal Contract Tower,0,1,12,0,13,0,0,7,2,9,0,1,19,2,22,0,0,0,22
05/05/2003,MKL,TN,ASO,CE,Federal Contract Tower,0,9,13,0,22,0,0,63,0,63,0,9,76,0,85,2,0,2,87
05/06/2003,MKL,TN,ASO,CE,Federal Contract Tower,0,11,11,4,26,0,0,21,7,28,0,11,32,11,54,10,4,14,68
05/07/2003,MKL,TN,ASO,CE,Federal Contract Tower,0,8,7,1,16,0,0,8,2,10,0,8,15,3,26,12,0,12,38
05/08/2003,MKL,TN,ASO,CE,Federal Contract Tower,0,9,17,1,27,0,0,13,0,13,0,9,30,1,40,50,0,50,90
05/09/2003,MKL,TN,ASO,CE,Federal Contract Tower,0,11,16,0,27,0,0,79,2,81,0,11,95,2,108,108,0,108,216
05/10/2003,MKL,TN,ASO,CE,Federal Contract Tower,0,4,8,0,12,0,0,38,4,42,0,4,46,4,54,66,6,72,126
05/11/2003,MKL,TN,ASO,CE,Federal Contract Tower,0,1,10,0,11,0,0,42,0,42,0,1,52,0,53,30,0,30,83
05/12/2003,MKL,TN,ASO,CE,Federal Contract Tower,0,8,25,0,33,0,0,20,0,20,0,8,45,0,53,10,0,10,63
05/13/2003,MKL,TN,ASO,CE,Federal Contract Tower,0,7,18,3,28,0,0,41,3,44,0,7,59,6,72,46,6,52,124
05/14/2003,MKL,TN,ASO,CE,Federal Contract Tower,0,9,21,0,30,0,0,13,2,15,0,9,34,2,45,10,4,14,59
05/15/2003,MKL,TN,ASO,CE,Federal Contract Tower,0,7,27,18,52,0,0,46,2,48,0,7,73,20,100,94,26,120,220
05/16/2003,MKL,TN,ASO,CE,Federal Contract Tower,0,9,17,0,26,0,0,13,8,21,0,9,30,8,47,12,0,12,59
05/17/2003,MKL,TN,ASO,CE,Federal Contract Tower,0,2,0,0,2,0,0,1,0,1,0,2,1,0,3,0,0,0,3
05/18/2003,MKL,TN,ASO,CE,Federal Contract Tower,0,1,26,0,27,0,0,14,0,14,0,1,40,0,41,14,0,14,55
05/19/2003,MKL,TN,ASO,CE,Federal Contract Tower,0,11,25,0,36,0,0,20,1,21,0,11,45,1,57,22,0,22,79
05/20/2003,MKL,TN,ASO,CE,Federal Contract Tower,0,10,18,8,36,0,0,1,2,3,0,10,19,10,39,0,0,0,39
05/21/2003,MKL,TN,ASO,CE,Federal Contract Tower,0,8,29,0,37,0,0,14,2,16,0,8,43,2,53,10,6,16,69
05/22/2003,MKL,TN,ASO,CE,Federal Contract Tower,0,10,19,0,29,0,0,56,2,58,0,10,75,2,87,116,0,116,203
05/23/2003,MKL,TN,ASO,CE,Federal Contract Tower,0,9,21,0,30,0,0,23,2,25,0,9,44,2,55,36,4,40,95
05/24/2003,MKL,TN,ASO,CE,Federal Contract Tower,0,2,11,0,13,0,0,41,3,44,0,2,52,3,57,60,0,60,117
05/25/2003,MKL,TN,ASO,CE,Federal Contract Tower,0,1,15,0,16,0,0,5,0,5,0,1,20,0,21,32,0,32,53
05/26/2003,MKL,TN,ASO,CE,Federal Contract Tower,0,3,13,0,16,0,0,16,0,16,0,3,29,0,32,54,0,54,86
05/27/2003,MKL,TN,ASO,CE,Federal Contract Tower,0,9,5,7,21,0,0,26,0,26,0,9,31,7,47,46,10,56,103
05/28/2003,MKL,TN,ASO,CE,Federal Contract Tower,0,8,12,8,28,0,0,38,3,41,0,8,50,11,69,34,14,48,117
05/29/2003,MKL,TN,ASO,CE,Federal Contract Tower,0,11,17,4,32,0,0,68,5,73,0,11,85,9,105,124,8,132,237
05/30/2003,MKL,TN,ASO,CE,Federal Contract Tower,0,11,22,3,36,0,0,46,12,58,0,11,68,15,94,30,2,32,126
05/31/2003,MKL,TN,ASO,CE,Federal Contract Tower,0,2,7,0,9,0,0,20,0,20,0,2,27,0,29,28,0,28,57
06/01/2003,MKL,TN,ASO,CE,Federal Contract Tower,0,1,21,0,22,0,0,24,2,26,0,1,45,2,48,0,0,0,48
06/02/2003,MKL,TN,ASO,CE,Federal Contract Tower,0,9,11,0,20,0,0,3,1,4,0,9,14,1,24,2,0,2,26
06/03/2003,MKL,TN,ASO,CE,Federal Contract Tower,0,10,17,0,27,0,0,11,0,11,0,10,28,0,38,24,0,24,62
06/04/2003,MKL,TN,ASO,CE,Federal Contract Tower,0,11,22,10,43,0,0,29,1,30,0,11,51,11,73,16,12,28,101
06/05/2003,MKL,TN,ASO,CE,Federal Contract Tower,0,9,19,0,28,0,0,46,3,49,0,9,65,3,77,30,0,30,107
06/06/2003,MKL,TN,ASO,CE,Federal Contract Tower,0,11,18,0,29,0,0,8,0,8,0,11,26,0,37,20,0,20,57
06/07/2003,MKL,TN,ASO,CE,Federal Contract Tower,0,2,14,0,16,0,0,11,2,13,0,2,25,2,29,30,0,30,59
06/08/2003,MKL,TN,ASO,CE,Federal Contract Tower,0,1,5,0,6,0,0,22,1,23,0,1,27,1,29,6,0,6,35
06/09/2003,MKL,TN,ASO,CE,Federal Contract Tower,0,7,11,8,26,0,0,43,0,43,0,7,54,8,69,56,12,68,137
06/10/2003,MKL,TN,ASO,CE,Federal Contract Tower,0,8,14,7,29,0,0,15,0,15,0,8,29,7,44,28,6,34,78
06/11/2003,MKL,TN,ASO,CE,Federal Contract Tower,0,6,12,2,20,0,0,3,0,3,0,6,15,2,23,14,0,14,37
06/12/2003,MKL,TN,ASO,CE,Federal Contract Tower,0,14,11,15,40,0,0,19,0,19,0,14,30,15,59,34,22,56,115
06/13/2003,MKL,TN,ASO,CE,Federal Contract Tower,0,10,10,0,20,0,0,40,0,40,0,10,50,0,60,40,0,40,100
06/14/2003,MKL,TN,ASO,CE,Federal Contract Tower,0,2,8,0,10,0,0,13,0,13,0,2,21,0,23,6,0,6,29
06/15/2003,MKL,TN,ASO,CE,Federal Contract Tower,0,1,5,2,8,0,0,2,0,2,0,1,7,2,10,0,0,0,10
06/16/2003,MKL,TN,ASO,CE,Federal Contract Tower,0,8,15,0,23,0,0,6,0,6,0,8,21,0,29,2,0,2,31
06/17/2003,MKL,TN,ASO,CE,Federal Contract Tower,0,9,33,4,46,0,0,12,1,13,0,9,45,5,59,22,8,30,89
06/18/2003,MKL,TN,ASO,CE,Federal Contract Tower,0,4,19,2,25,0,0,6,3,9,0,4,25,5,34,14,0,14,48
06/19/2003,MKL,TN,ASO,CE,Federal Contract Tower,0,8,20,3,31,0,0,25,2,27,0,8,45,5,58,32,6,38,96
06/20/2003,MKL,TN,ASO,CE,Federal Contract Tower,0,9,18,1,28,0,1,42,10,53,0,10,60,11,81,46,18,64,145
06/21/2003,MKL,TN,ASO,CE,Federal Contract Tower,0,4,8,0,12,0,0,43,0,43,0,4,51,0,55,30,0,30,85
06/22/2003,MKL,TN,ASO,CE,Federal Contract Tower,0,1,5,0,6,0,0,25,15,40,0,1,30,15,46,0,12,12,58
06/23/2003,MKL,TN,ASO,CE,Federal Contract Tower,0,9,4,0,13,0,0,15,0,15,0,9,19,0,28,30,0,30,58
06/24/2003,MKL,TN,ASO,CE,Federal Contract Tower,0,7,11,7,25,0,0,23,1,24,0,7,34,8,49,40,14,54,103
06/25/2003,MKL,TN,ASO,CE,Federal Contract Tower,0,8,19,0,27,0,0,27,4,31,0,8,46,4,58,96,2,98,156
06/26/2003,MKL,TN,ASO,CE,Federal Contract Tower,0,8,17,0,25,0,0,12,0,12,0,8,29,0,37,28,0,28,65
06/27/2003,MKL,TN,ASO,CE,Federal Contract Tower,0,12,18,0,30,0,0,27,0,27,0,12,45,0,57,38,0,38,95
06/28/2003,MKL,TN,ASO,CE,Federal Contract Tower,0,2,3,0,5,0,0,41,0,41,0,2,44,0,46,64,0,64,110
06/29/2003,MKL,TN,ASO,CE,Federal Contract Tower,0,2,10,0,12,0,1,11,0,12,0,3,21,0,24,0,0,0,24
06/30/2003,MKL,TN,ASO,CE,Federal Contract Tower,0,7,5,17,29,0,0,8,0,8,0,7,13,17,37,16,22,38,75
07/01/2003,MKL,TN,ASO,CE,Federal Contract Tower,0,10,17,2,29,0,1,7,1,9,0,11,24,3,38,16,2,18,56
07/02/2003,MKL,TN,ASO,CE,Federal Contract Tower,0,7,13,0,20,0,0,25,0,25,0,7,38,0,45,82,0,82,127
07/03/2003,MKL,TN,ASO,CE,Federal Contract Tower,0,7,13,0,20,0,0,42,0,42,0,7,55,0,62,76,0,76,138
07/04/2003,MKL,TN,ASO,CE,Federal Contract Tower,0,2,0,0,2,0,0,35,0,35,0,2,35,0,37,40,0,40,77
07/05/2003,MKL,TN,ASO,CE,Federal Contract Tower,0,1,8,0,9,0,0,6,0,6,0,1,14,0,15,0,0,0,15
07/06/2003,MKL,TN,ASO,CE,Federal Contract Tower,0,0,8,0,8,0,0,3,0,3,0,0,11,0,11,0,0,0,11
07/07/2003,MKL,TN,ASO,CE,Federal Contract Tower,0,9,17,2,28,0,0,24,0,24,0,9,41,2,52,34,0,34,86
07/08/2003,MKL,TN,ASO,CE,Federal Contract Tower,0,9,13,0,22,0,0,19,5,24,0,9,32,5,46,40,6,46,92
07/09/2003,MKL,TN,ASO,CE,Federal Contract Tower,0,10,16,2,28,0,0,26,0,26,0,10,42,2,54,42,6,48,102
07/10/2003,MKL,TN,ASO,CE,Federal Contract Tower,0,9,15,2,26,0,0,15,2,17,0,9,30,4,43,14,6,20,63
07/11/2003,MKL,TN,ASO,CE,Federal Contract Tower,0,10,12,8,30,0,0,28,5,33,0,10,40,13,63,18,34,52,115
07/12/2003,MKL,TN,ASO,CE,Federal Contract Tower,0,2,1,2,5,0,0,19,2,21,0,2,20,4,26,16,6,22,48
07/13/2003,MKL,TN,ASO,CE,Federal Contract Tower,0,1,3,0,4,0,0,23,2,25,0,1,26,2,29,64,4,68,97
07/14/2003,MKL,TN,ASO,CE,Federal Contract Tower,0,8,12,0,20,0,0,28,0,28,0,8,40,0,48,50,0,50,98
07/15/2003,MKL,TN,ASO,CE,Federal Contract Tower,0,8,16,0,24,0,0,27,2,29,0,8,43,2,53,50,2,52,105
07/16/2003,MKL,TN,ASO,CE,Federal Contract Tower,0,11,17,1,29,0,0,36,1,37,0,11,53,2,66,38,6,44,110
07/17/2003,MKL,TN,ASO,CE,Federal Contract Tower,0,8,27,0,35,0,0,23,0,23,0,8,50,0,58,38,0,38,96
07/18/2003,MKL,TN,ASO,CE,Federal Contract Tower,0,10,26,3,39,0,0,19,7,26,0,10,45,10,65,26,0,26,91
07/19/2003,MKL,TN,ASO,CE,Federal Contract Tower,0,1,13,0,14,0,0,17,0,17,0,1,30,0,31,10,0,10,41
07/20/2003,MKL,TN,ASO,CE,Federal Contract Tower,0,6,5,0,11,0,0,10,0,10,0,6,15,0,21,6,0,6,27
07/21/2003,MKL,TN,ASO,CE,Federal Contract Tower,0,11,15,0,26,0,0,14,0,14,0,11,29,0,40,20,0,20,60
07/22/2003,MKL,TN,ASO,CE,Federal Contract Tower,0,11,12,0,23,0,0,5,1,6,0,11,17,1,29,0,0,0,29
07/23/2003,MKL,TN,ASO,CE,Federal Contract Tower,0,9,16,0,25,0,0,23,1,24,0,9,39,1,49,44,2,46,95
07/24/2003,MKL,TN,ASO,CE,Federal Contract Tower,0,9,14,12,35,0,0,39,2,41,0,9,53,14,76,28,4,32,108
07/25/2003,MKL,TN,ASO,CE,Federal Contract Tower,0,9,12,2,23,0,0,43,2,45,0,9,55,4,68,20,0,20,88
07/26/2003,MKL,TN,ASO,CE,Federal Contract Tower,0,2,5,0,7,0,0,39,0,39,0,2,44,0,46,24,0,24,70
07/27/2003,MKL,TN,ASO,CE,Federal Contract Tower,0,3,11,0,14,0,0,13,0,13,0,3,24,0,27,24,0,24,51
07/28/2003,MKL,TN,ASO,CE,Federal Contract Tower,0,8,12,0,20,0,1,13,0,14,0,9,25,0,34,18,0,18,52
07/29/2003,MKL,TN,ASO,CE,Federal Contract Tower,0,9,9,0,18,0,0,7,0,7,0,9,16,0,25,2,0,2,27
07/30/2003,MKL,TN,ASO,CE,Federal Contract Tower,0,9,23,0,32,0,0,19,0,19,0,9,42,0,51,12,0,12,63
07/31/2003,MKL,TN,ASO,CE,Federal Contract Tower,0,9,20,0,29,0,0,22,0,22,0,9,42,0,51,46,0,46,97
08/01/2003,MKL,TN,ASO,CE,Federal Contract Tower,0,10,17,7,34,0,1,18,1,20,0,11,35,8,54,22,14,36,90
08/02/2003,MKL,TN,ASO,CE,Federal Contract Tower,0,4,4,0,8,0,0,14,1,15,0,4,18,1,23,10,0,10,33
08/03/2003,MKL,TN,ASO,CE,Federal Contract Tower,0,1,4,0,5,0,0,6,0,6,0,1,10,0,11,0,0,0,11
08/04/2003,MKL,TN,ASO,CE,Federal Contract Tower,0,10,15,0,25,0,1,11,0,12,0,11,26,0,37,14,0,14,51
08/05/2003,MKL,TN,ASO,CE,Federal Contract Tower,0,10,14,0,24,0,1,5,2,8,0,11,19,2,32,4,10,14,46
08/06/2003,MKL,TN,ASO,CE,Federal Contract Tower,0,12,21,0,33,0,0,17,6,23,0,12,38,6,56,32,2,34,90
08/07/2003,MKL,TN,ASO,CE,Federal Contract Tower,0,10,6,2,18,0,1,29,0,30,0,11,35,2,48,40,2,42,90
08/08/2003,MKL,TN,ASO,CE,Federal Contract Tower,0,9,21,0,30,0,1,51,0,52,0,10,72,0,82,52,0,52,134
08/09/2003,MKL,TN,ASO,CE,Federal Contract Tower,0,2,12,0,14,0,0,31,0,31,0,2,43,0,45,12,0,12,57
08/10/2003,MKL,TN,ASO,CE,Federal Contract Tower,0,1,9,0,10,0,0,16,0,16,0,1,25,0,26,0,0,0,26
08/11/2003,MKL,TN,ASO,CE,Federal Contract Tower,0,8,15,6,29,0,2,26,0,28,0,10,41,6,57,34,6,40,97
08/12/2003,MKL,TN,ASO,CE,Federal Contract Tower,0,10,23,12,45,0,0,35,0,35,0,10,58,12,80,34,26,60,140
08/13/2003,MKL,TN,ASO,CE,Federal Contract Tower,0,9,22,3,34,0,0,8,3,11,0,9,30,6,45,8,2,10,55
08/14/2003,MKL,TN,ASO,CE,Federal Contract Tower,0,10,14,0,24,0,2,17,0,19,0,12,31,0,43,22,0,22,65
08/15/2003,MKL,TN,ASO,CE,Federal Contract Tower,0,8,20,0,28,0,1,40,8,49,0,9,60,8,77,54,0,54,131
08/16/2003,MKL,TN,ASO,CE,Federal Contract Tower,0,2,5,2,9,0,0,11,2,13,0,2,16,4,22,8,0,8,30
08/17/2003,MKL,TN,ASO,CE,Federal Contract Tower,0,1,12,2,15,0,0,16,2,18,0,1,28,4,33,0,2,2,35
08/18/2003,MKL,TN,ASO,CE,Federal Contract Tower,0,8,21,0,29,0,1,34,4,39,0,9,55,4,68,32,2,34,102
08/19/2003,MKL,TN,ASO,CE,Federal Contract Tower,0,11,21,4,36,0,1,19,1,21,0,12,40,5,57,40,10,50,107
08/20/2003,MKL,TN,ASO,CE,Federal Contract Tower,4,11,12,0,27,0,0,28,0,28,4,11,40,0,55,28,0,28,83
08/21/2003,MKL,TN,ASO,CE,Federal Contract Tower,4,12,11,6,33,0,0,24,2,26,4,12,35,8,59,62,14,76,135
08/22/2003,MKL,TN,ASO,CE,Federal Contract Tower,0,11,25,2,38,0,2,40,0,42,0,13,65,2,80,90,0,90,170
08/23/2003,MKL,TN,ASO,CE,Federal Contract Tower,0,2,19,0,21,0,0,28,0,28,0,2,47,0,49,14,0,14,63
08/24/2003,MKL,TN,ASO,CE,Federal Contract Tower,0,1,13,0,14,0,0,22,0,22,0,1,35,0,36,10,0,10,46
08/25/2003,MKL,TN,ASO,CE,Federal Contract Tower,0,8,15,3,26,0,0,23,3,26,0,8,38,6,52,38,2,40,92
08/26/2003,MKL,TN,ASO,CE,Federal Contract Tower,0,11,18,0,29,0,0,17,12,29,0,11,35,12,58,44,40,84,142
08/27/2003,MKL,TN,ASO,CE,Federal Contract Tower,0,8,22,0,30,0,0,35,0,35,0,8,57,0,65,40,0,40,105
08/28/2003,MKL,TN,ASO,CE,Federal Contract Tower,0,7,13,2,22,0,0,32,0,32,0,7,45,2,54,90,0,90,144
08/29/2003,MKL,TN,ASO,CE,Federal Contract Tower,0,9,13,6,28,0,0,19,0,19,0,9,32,6,47,28,12,40,87
08/30/2003,MKL,TN,ASO,CE,Federal Contract Tower,0,2,7,0,9,0,0,12,0,12,0,2,19,0,21,10,0,10,31
08/31/2003,MKL,TN,ASO,CE,Federal Contract Tower,0,1,9,0,10,0,0,9,0,9,0,1,18,0,19,14,0,14,33
09/01/2003,MKL,TN,ASO,CE,Federal Contract Tower,0,3,18,0,21,0,0,16,0,16,0,3,34,0,37,2,0,2,39
09/02/2003,MKL,TN,ASO,CE,Federal Contract Tower,0,9,29,0,38,0,0,5,0,5,0,9,34,0,43,18,0,18,61
09/03/2003,MKL,TN,ASO,CE,Federal Contract Tower,0,8,13,2,23,0,0,17,0,17,0,8,30,2,40,0,2,2,42
09/04/2003,MKL,TN,ASO,CE,Federal Contract Tower,0,9,25,0,34,0,1,35,0,36,0,10,60,0,70,60,0,60,130
09/05/2003,MKL,TN,ASO,CE,Federal Contract Tower,0,10,24,2,36,0,0,46,7,53,0,10,70,9,89,84,18,102,191
09/06/2003,MKL,TN,ASO,CE,Federal Contract Tower,0,2,13,0,15,0,0,47,12,59,0,2,60,12,74,48,18,66,140
09/07/2003,MKL,TN,ASO,CE,Federal Contract Tower,0,1,14,0,15,0,0,14,1,15,0,1,28,1,30,2,0,2,32
09/08/2003,MKL,TN,ASO,CE,Federal Contract Tower,0,9,15,10,34,0,0,24,4,28,0,9,39,14,62,34,12,46,108
09/09/2003,MKL,TN,ASO,CE,Federal Contract Tower,0,11,4,11,26,0,2,39,4,45,0,13,43,15,71,76,18,94,165
09/10/2003,MKL,TN,ASO,CE,Federal Contract Tower,0,12,16,0,28,0,0,30,0,30,0,12,46,0,58,32,0,32,90
09/11/2003,MKL,TN,ASO,CE,Federal Contract Tower,0,13,13,0,26,0,1,20,18,39,0,14,33,18,65,62,40,102,167
09/12/2003,MKL,TN,ASO,CE,Federal Contract Tower,0,12,19,0,31,0,1,24,0,25,0,13,43,0,56,42,0,42,98
09/13/2003,MKL,TN,ASO,CE,Federal Contract Tower,0,2,9,0,11,0,0,13,0,13,0,2,22,0,24,12,0,12,36
09/14/2003,MKL,TN,ASO,CE,Federal Contract Tower,0,1,15,0,16,0,0,13,0,13,0,1,28,0,29,0,0,0,29
09/15/2003,MKL,TN,ASO,CE,Federal Contract Tower,0,10,16,0,26,0,1,20,0,21,0,11,36,0,47,18,0,18,65
09/16/2003,MKL,TN,ASO,CE,Federal Contract Tower,0,9,11,0,20,0,0,36,3,39,0,9,47,3,59,68,2,70,129
09/17/2003,MKL,TN,ASO,CE,Federal Contract Tower,0,7,20,0,27,0,0,17,3,20,0,7,37,3,47,38,6,44,91
09/18/2003,MKL,TN,ASO,CE,Federal Contract Tower,0,8,17,2,27,0,1,28,12,41,0,9,45,14,68,64,40,104,172
09/19/2003,MKL,TN,ASO,CE,Federal Contract Tower,0,9,25,2,36,0,0,20,0,20,0,9,45,2,56,18,10,28,84
09/20/2003,MKL,TN,ASO,CE,Federal Contract Tower,0,2,3,0,5,0,0,33,0,33,0,2,36,0,38,6,0,6,44
09/21/2003,MKL,TN,ASO,CE,Federal Contract Tower,0,1,14,0,15,0,0,4,0,4,0,1,18,0,19,0,0,0,19
09/22/2003,MKL,TN,ASO,CE,Federal Contract Tower,0,9,18,2,29,0,0,16,0,16,0,9,34,2,45,8,2,10,55
09/23/2003,MKL,TN,ASO,CE,Federal Contract Tower,0,10,21,2,33,0,0,39,4,43,0,10,60,6,76,108,12,120,196
09/24/2003,MKL,TN,ASO,CE,Federal Contract Tower,0,10,15,0,25,0,0,43,0,43,0,10,58,0,68,74,0,74,142
09/25/2003,MKL,TN,ASO,CE,Federal Contract Tower,0,8,21,0,29,0,0,14,0,14,0,8,35,0,43,22,0,22,65
09/26/2003,MKL,TN,ASO,CE,Federal Contract Tower,0,8,28,4,40,0,2,39,14,55,0,10,67,18,95,70,48,118,213
09/27/2003,MKL,TN,ASO,CE,Federal Contract Tower,0,2,4,0,6,0,0,35,8,43,0,2,39,8,49,28,4,32,81
09/28/2003,MKL,TN,ASO,CE,Federal Contract Tower,0,1,9,0,10,0,0,21,4,25,0,1,30,4,35,4,0,4,39
09/29/2003,MKL,TN,ASO,CE,Federal Contract Tower,0,7,8,0,15,0,0,40,2,42,0,7,48,2,57,30,0,30,87
09/30/2003,MKL,TN,ASO,CE,Federal Contract Tower,0,9,13,4,26,0,0,33,8,41,0,9,46,12,67,72,38,110,177
10/01/2003,MKL,TN,ASO,CE,Federal Contract Tower,0,9,22,0,31,0,0,28,0,28,0,9,50,0,59,52,0,52,111
10/02/2003,MKL,TN,ASO,CE,Federal Contract Tower,0,8,17,0,25,0,0,23,4,27,0,8,40,4,52,20,0,20,72
10/03/2003,MKL,TN,ASO,CE,Federal Contract Tower,0,6,16,0,22,0,0,43,5,48,0,6,59,5,70,72,22,94,164
10/04/2003,MKL,TN,ASO,CE,Federal Contract Tower,0,1,2,0,3,0,1,23,0,24,0,2,25,0,27,22,0,22,49
10/05/2003,MKL,TN,ASO,CE,Federal Contract Tower,0,1,5,0,6,0,0,8,0,8,0,1,13,0,14,16,0,16,30
10/06/2003,MKL,TN,ASO,CE,Federal Contract Tower,0,8,20,2,30,0,1,16,2,19,0,9,36,4,49,22,0,22,71
10/07/2003,MKL,TN,ASO,CE,Federal Contract Tower,0,4,9,1,14,0,5,11,4,20,0,9,20,5,34,8,18,26,60
10/08/2003,MKL,TN,ASO,CE,Federal Contract Tower,0,7,16,1,24,0,0,15,9,24,0,7,31,10,48,38,30,68,116
10/09/2003,MKL,TN,ASO,CE,Federal Contract Tower,0,9,20,2,31,0,0,15,6,21,0,9,35,8,52,20,14,34,86
10/10/2003,MKL,TN,ASO,CE,Federal Contract Tower,0,8,18,1,27,0,2,7,10,19,0,10,25,11,46,0,54,54,100
10/11/2003,MKL,TN,ASO,CE,Federal Contract Tower,0,2,6,1,9,0,0,20,3,23,0,2,26,4,32,4,8,12,44
10/12/2003,MKL,TN,ASO,CE,Federal Contract Tower,0,1,9,0,10,0,0,17,0,17,0,1,26,0,27,0,52,52,79
10/13/2003,MKL,TN,ASO,CE,Federal Contract Tower,0,3,20,2,25,0,0,23,2,25,0,3,43,4,50,4,0,4,54
10/14/2003,MKL,TN,ASO,CE,Federal Contract Tower,0,8,20,0,28,0,1,18,0,19,0,9,38,0,47,6,0,6,53
10/15/2003,MKL,TN,ASO,CE,Federal Contract Tower,0,6,13,1,20,0,1,37,9,47,0,7,50,10,67,88,30,118,185
10/16/2003,MKL,TN,ASO,CE,Federal Contract Tower,0,8,18,1,27,0,2,32,12,46,0,10,50,13,73,22,58,80,153
10/17/2003,MKL,TN,ASO,CE,Federal Contract Tower,0,8,25,2,35,0,0,18,0,18,0,8,43,2,53,18,12,30,83
10/18/2003,MKL,TN,ASO,CE,Federal Contract Tower,0,2,9,0,11,0,0,22,0,22,0,2,31,0,33,0,0,0,33
10/19/2003,MKL,TN,ASO,CE,Federal Contract Tower,0,1,8,0,9,0,0,29,0,29,0,1,37,0,38,2,0,2,40
10/20/2003,MKL,TN,ASO,CE,Federal Contract Tower,0,6,14,1,21,0,6,14,0,20,0,12,28,1,41,6,0,6,47
10/21/2003,MKL,TN,ASO,CE,Federal Contract Tower,0,6,13,0,19,0,1,25,2,28,0,7,38,2,47,40,0,40,87
10/22/2003,MKL,TN,ASO,CE,Federal Contract Tower,0,6,13,0,19,0,3,45,6,54,0,9,58,6,73,100,12,112,185
10/23/2003,MKL,TN,ASO,CE,Federal Contract Tower,0,6,15,0,21,0,4,22,12,38,0,10,37,12,59,38,18,56,115
10/24/2003,MKL,TN,ASO,CE,Federal Contract Tower,0,6,13,0,19,0,3,22,10,35,0,9,35,10,54,38,36,74,128
10/25/2003,MKL,TN,ASO,CE,Federal Contract Tower,0,2,5,0,7,0,0,4,4,8,0,2,9,4,15,2,22,24,39
10/26/2003,MKL,TN,ASO,CE,Federal Contract Tower,0,1,11,0,12,0,0,8,0,8,0,1,19,0,20,0,0,0,20
10/27/2003,MKL,TN,ASO,CE,Federal Contract Tower,0,5,12,0,17,0,6,29,2,37,0,11,41,2,54,8,0,8,62
10/28/2003,MKL,TN,ASO,CE,Federal Contract Tower,0,9,22,1,32,0,0,17,1,18,0,9,39,2,50,38,6,44,94
10/29/2003,MKL,TN,ASO,CE,Federal Contract Tower,0,10,23,1,34,0,5,39,7,51,0,15,62,8,85,70,22,92,177
10/30/2003,MKL,TN,ASO,CE,Federal Contract Tower,0,4,10,0,14,0,6,23,10,39,0,10,33,10,53,52,34,86,139
10/31/2003,MKL,TN,ASO,CE,Federal Contract Tower,0,7,17,0,24,0,0,33,8,41,0,7,50,8,65,84,32,116,181
11/01/2003,MKL,TN,ASO,CE,Federal Contract Tower,0,3,10,1,14,0,1,24,3,28,0,4,34,4,42,18,26,44,86
11/02/2003,MKL,TN,ASO,CE,Federal Contract Tower,0,2,9,1,12,0,0,24,6,30,0,2,33,7,42,8,18,26,68
11/03/2003,MKL,TN,ASO,CE,Federal Contract Tower,0,9,22,2,33,0,0,16,7,23,0,9,38,9,56,18,12,30,86
11/04/2003,MKL,TN,ASO,CE,Federal Contract Tower,0,10,24,2,36,0,1,21,3,25,0,11,45,5,61,54,6,60,121
11/05/2003,MKL,TN,ASO,CE,Federal Contract Tower,0,6,16,0,22,0,0,18,0,18,0,6,34,0,40,28,0,28,68
11/06/2003,MKL,TN,ASO,CE,Federal Contract Tower,0,8,23,0,31,0,0,5,0,5,0,8,28,0,36,0,0,0,36
11/07/2003,MKL,TN,ASO,CE,Federal Contract Tower,0,8,19,2,29,0,0,11,0,11,0,8,30,2,40,24,6,30,70
11/08/2003,MKL,TN,ASO,CE,Federal Contract Tower,0,1,4,0,5,0,1,39,0,40,0,2,43,0,45,40,0,40,85
11/09/2003,MKL,TN,ASO,CE,Federal Contract Tower,0,1,8,1,10,0,0,28,1,29,0,1,36,2,39,6,0,6,45
11/10/2003,MKL,TN,ASO,CE,Federal Contract Tower,0,4,9,1,14,0,4,18,1,23,0,8,27,2,37,8,0,8,45
11/11/2003,MKL,TN,ASO,CE,Federal Contract Tower,0,2,12,3,17,0,0,23,0,23,0,2,35,3,40,28,16,44,84
11/12/2003,MKL,TN,ASO,CE,Federal Contract Tower,0,5,11,0,16,0,3,9,0,12,0,8,20,0,28,8,0,8,36
11/13/2003,MKL,TN,ASO,CE,Federal Contract Tower,0,4,8,1,13,0,2,22,4,28,0,6,30,5,41,52,38,90,131
11/14/2003,MKL,TN,ASO,CE,Federal Contract Tower,0,11,28,3,42,0,3,7,9,19,0,14,35,12,61,46,20,66,127
11/15/2003,MKL,TN,ASO,CE,Federal Contract Tower,0,2,11,0,13,0,0,2,9,11,0,2,13,9,24,0,48,48,72
11/16/2003,MKL,TN,ASO,CE,Federal Contract Tower,0,1,4,0,5,0,0,0,0,0,0,1,4,0,5,2,0,2,7
11/17/2003,MKL,TN,ASO,CE,Federal Contract Tower,0,14,30,2,46,0,0,0,6,6,0,14,30,8,52,0,8,8,60
11/18/2003,MKL,TN,ASO,CE,Federal Contract Tower,0,5,11,0,16,0,2,1,0,3,0,7,12,0,19,6,0,6,25
11/19/2003,MKL,TN,ASO,CE,Federal Contract Tower,0,6,17,1,24,0,4,23,7,34,0,10,40,8,58,82,44,126,184
11/20/2003,MKL,TN,ASO,CE,Federal Contract Tower,0,8,23,1,32,0,0,49,8,57,0,8,72,9,89,52,42,94,183
11/21/2003,MKL,TN,ASO,CE,Federal Contract Tower,0,6,19,1,26,0,0,41,1,42,0,6,60,2,68,70,0,70,138
11/22/2003,MKL,TN,ASO,CE,Federal Contract Tower,0,5,14,0,19,0,0,25,0,25,0,5,39,0,44,10,0,10,54
11/23/2003,MKL,TN,ASO,CE,Federal Contract Tower,0,4,11,0,15,0,1,0,0,1,0,5,11,0,16,0,0,0,16
11/24/2003,MKL,TN,ASO,CE,Federal Contract Tower,0,3,9,0,12,0,5,17,0,22,0,8,26,0,34,2,0,2,36
11/25/2003,MKL,TN,ASO,CE,Federal Contract Tower,0,5,15,0,20,0,3,20,0,23,0,8,35,0,43,10,0,10,53
11/26/2003,MKL,TN,ASO,CE,Federal Contract Tower,0,10,25,0,35,0,3,15,0,18,0,13,40,0,53,34,0,34,87
11/27/2003,MKL,TN,ASO,CE,Federal Contract Tower,0,2,4,0,6,0,1,0,0,1,0,3,4,0,7,0,0,0,7
11/28/2003,MKL,TN,ASO,CE,Federal Contract Tower,0,5,12,0,17,0,2,10,0,12,0,7,22,0,29,14,0,14,43
11/29/2003,MKL,TN,ASO,CE,Federal Contract Tower,0,2,7,0,9,0,1,23,0,24,0,3,30,0,33,38,0,38,71
11/30/2003,MKL,TN,ASO,CE,Federal Contract Tower,0,1,11,0,12,0,0,18,0,18,0,1,29,0,30,6,0,6,36
12/01/2003,MKL,TN,ASO,CE,Federal Contract Tower,0,2,7,0,9,0,5,13,0,18,0,7,20,0,27,10,0,10,37
12/02/2003,MKL,TN,ASO,CE,Federal Contract Tower,0,6,10,0,16,0,4,20,0,24,0,10,30,0,40,54,0,54,94
12/03/2003,MKL,TN,ASO,CE,Federal Contract Tower,0,6,15,2,23,0,0,11,1,12,0,6,26,3,35,12,10,22,57
12/04/2003,MKL,TN,ASO,CE,Federal Contract Tower,0,9,14,2,25,0,1,0,1,2,0,10,14,3,27,16,4,20,47
12/05/2003,MKL,TN,ASO,CE,Federal Contract Tower,0,8,14,2,24,0,0,10,8,18,0,8,24,10,42,12,50,62,104
12/06/2003,MKL,TN,ASO,CE,Federal Contract Tower,0,2,2,1,5,0,1,24,24,49,0,3,26,25,54,26,62,88,142
12/07/2003,MKL,TN,ASO,CE,Federal Contract Tower,0,2,5,1,8,0,0,21,6,27,0,2,26,7,35,2,24,26,61
12/08/2003,MKL,TN,ASO,CE,Federal Contract Tower,0,8,20,2,30,0,0,19,11,30,0,8,39,13,60,16,12,28,88
12/09/2003,MKL,TN,ASO,CE,Federal Contract Tower,0,5,7,1,13,0,1,13,5,19,0,6,20,6,32,38,32,70,102
12/10/2003,MKL,TN,ASO,CE,Federal Contract Tower,0,8,14,2,24,0,5,0,1,6,0,13,14,3,30,0,18,18,48
12/11/2003,MKL,TN,ASO,CE,Federal Contract Tower,0,8,13,1,22,0,2,32,8,42,0,10,45,9,64,28,14,42,106
12/12/2003,MKL,TN,ASO,CE,Federal Contract Tower,0,5,10,0,15,0,1,20,4,25,0,6,30,4,40,10,8,18,58
12/13/2003,MKL,TN,ASO,CE,Federal Contract Tower,0,2,5,0,7,0,0,2,0,2,0,2,7,0,9,4,0,4,13
12/14/2003,MKL,TN,ASO,CE,Federal Contract Tower,0,1,4,0,5,0,0,1,1,2,0,1,5,1,7,0,0,0,7
12/15/2003,MKL,TN,ASO,CE,Federal Contract Tower,0,8,16,0,24,0,3,15,0,18,0,11,31,0,42,2,0,2,44
12/16/2003,MKL,TN,ASO,CE,Federal Contract Tower,0,7,14,0,21,0,0,11,0,11,0,7,25,0,32,2,0,2,34
12/17/2003,MKL,TN,ASO,CE,Federal Contract Tower,0,9,24,2,35,0,0,24,4,28,0,9,48,6,63,12,10,22,85
12/18/2003,MKL,TN,ASO,CE,Federal Contract Tower,0,9,18,1,28,0,1,14,3,18,0,10,32,4,46,12,8,20,66
12/19/2003,MKL,TN,ASO,CE,Federal Contract Tower,0,9,19,1,29,0,0,16,3,19,0,9,35,4,48,14,8,22,70
12/20/2003,MKL,TN,ASO,CE,Federal Contract Tower,0,2,7,0,9,0,0,29,4,33,0,2,36,4,42,50,6,56,98
12/21/2003,MKL,TN,ASO,CE,Federal Contract Tower,0,1,4,0,5,0,0,12,6,18,0,1,16,6,23,22,2,24,47
12/22/2003,MKL,TN,ASO,CE,Federal Contract Tower,0,6,11,0,17,0,0,16,1,17,0,6,27,1,34,26,20,46,80
12/23/2003,MKL,TN,ASO,CE,Federal Contract Tower,0,6,11,0,17,0,4,4,0,8,0,10,15,0,25,18,0,18,43
12/24/2003,MKL,TN,ASO,CE,Federal Contract Tower,0,3,7,0,10,0,4,15,0,19,0,7,22,0,29,18,0,18,47
12/25/2003,MKL,TN,ASO,CE,Federal Contract Tower,0,0,3,0,3,0,3,4,0,7,0,3,7,0,10,18,0,18,28
12/26/2003,MKL,TN,ASO,CE,Federal Contract Tower,0,6,11,0,17,0,2,34,0,36,0,8,45,0,53,26,0,26,79
12/27/2003,MKL,TN,ASO,CE,Federal Contract Tower,0,1,4,0,5,0,1,21,0,22,0,2,25,0,27,40,0,40,67
12/28/2003,MKL,TN,ASO,CE,Federal Contract Tower,0,1,4,0,5,0,0,12,0,12,0,1,16,0,17,0,0,0,17
12/29/2003,MKL,TN,ASO,CE,Federal Contract Tower,0,6,9,0,15,0,3,0,0,3,0,9,9,0,18,0,0,0,18
12/30/2003,MKL,TN,ASO,CE,Federal Contract Tower,0,4,9,0,13,0,4,28,4,36,0,8,37,4,49,60,22,82,131
12/31/2003,MKL,TN,ASO,CE,Federal Contract Tower,0,3,7,0,10,0,5,14,0,19,0,8,21,0,29,12,0,12,41
01/01/2004,MKL,TN,ASO,CE,Federal Contract Tower,0,1,4,0,5,0,0,7,0,7,0,1,11,0,12,16,0,16,28
01/02/2004,MKL,TN,ASO,CE,Federal Contract Tower,0,8,15,0,23,0,2,6,0,8,0,10,21,0,31,12,0,12,43
01/03/2004,MKL,TN,ASO,CE,Federal Contract Tower,0,3,4,0,7,0,0,22,0,22,0,3,26,0,29,40,0,40,69
01/04/2004,MKL,TN,ASO,CE,Federal Contract Tower,0,2,4,0,6,0,0,5,0,5,0,2,9,0,11,0,0,0,11
01/05/2004,MKL,TN,ASO,CE,Federal Contract Tower,0,6,10,2,18,0,5,6,0,11,0,11,16,2,29,12,0,12,41
01/06/2004,MKL,TN,ASO,CE,Federal Contract Tower,0,6,7,3,16,0,5,18,1,24,0,11,25,4,40,24,26,50,90
01/07/2004,MKL,TN,ASO,CE,Federal Contract Tower,0,10,16,4,30,0,0,29,0,29,0,10,45,4,59,50,4,54,113
01/08/2004,MKL,TN,ASO,CE,Federal Contract Tower,0,9,15,2,26,0,6,7,0,13,0,15,22,2,39,28,0,28,67
01/09/2004,MKL,TN,ASO,CE,Federal Contract Tower,0,12,20,4,36,0,0,5,11,16,0,12,25,15,52,8,50,58,110
01/10/2004,MKL,TN,ASO,CE,Federal Contract Tower,0,2,3,0,5,0,0,21,14,35,0,2,24,14,40,20,48,68,108
01/11/2004,MKL,TN,ASO,CE,Federal Contract Tower,0,1,4,0,5,0,0,22,6,28,0,1,26,6,33,20,20,40,73
01/12/2004,MKL,TN,ASO,CE,Federal Contract Tower,0,6,9,2,17,0,1,18,2,21,0,7,27,4,38,16,4,20,58
01/13/2004,MKL,TN,ASO,CE,Federal Contract Tower,0,6,9,2,17,0,0,23,2,25,0,6,32,4,42,48,6,54,96
01/14/2004,MKL,TN,ASO,CE,Federal Contract Tower,0,8,16,4,28,0,0,33,2,35,0,8,49,6,63,68,8,76,139
01/15/2004,MKL,TN,ASO,CE,Federal Contract Tower,0,9,15,4,28,0,4,16,7,27,0,13,31,11,55,50,12,62,117
01/16/2004,MKL,TN,ASO,CE,Federal Contract Tower,0,8,12,3,23,0,5,28,4,37,0,13,40,7,60,54,28,82,142
01/17/2004,MKL,TN,ASO,CE,Federal Contract Tower,0,3,6,0,9,0,1,2,0,3,0,4,8,0,12,4,0,4,16
01/18/2004,MKL,TN,ASO,CE,Federal Contract Tower,0,1,4,0,5,0,0,11,0,11,0,1,15,0,16,0,0,0,16
01/19/2004,MKL,TN,ASO,CE,Federal Contract Tower,0,3,6,0,9,0,1,8,0,9,0,4,14,0,18,18,0,18,36
01/20/2004,MKL,TN,ASO,CE,Federal Contract Tower,0,6,11,1,18,0,7,11,2,20,0,13,22,3,38,22,34,56,94
01/21/2004,MKL,TN,ASO,CE,Federal Contract Tower,0,9,15,2,26,0,3,16,7,26,0,12,31,9,52,30,28,58,110
01/22/2004,MKL,TN,ASO,CE,Federal Contract Tower,0,12,21,3,36,0,1,11,8,20,0,13,32,11,56,62,30,92,148
01/23/2004,MKL,TN,ASO,CE,Federal Contract Tower,0,8,14,2,24,0,2,29,12,43,0,10,43,14,67,32,74,106,173
01/24/2004,MKL,TN,ASO,CE,Federal Contract Tower,0,2,6,0,8,0,0,41,2,43,0,2,47,2,51,8,2,10,61
01/25/2004,MKL,TN,ASO,CE,Federal Contract Tower,0,1,9,1,11,0,0,6,7,13,0,1,15,8,24,2,12,14,38
01/26/2004,MKL,TN,ASO,CE,Federal Contract Tower,0,6,11,0,17,0,1,24,0,25,0,7,35,0,42,14,0,14,56
01/27/2004,MKL,TN,ASO,CE,Federal Contract Tower,0,8,12,3,23,0,0,0,16,16,0,8,12,19,39,0,22,22,61
01/28/2004,MKL,TN,ASO,CE,Federal Contract Tower,0,6,12,2,20,0,2,41,3,46,0,8,53,5,66,14,22,36,102
01/29/2004,MKL,TN,ASO,CE,Federal Contract Tower,0,8,13,2,23,0,0,28,19,47,0,8,41,21,70,52,80,132,202
01/30/2004,MKL,TN,ASO,CE,Federal Contract Tower,0,8,18,3,29,0,0,9,24,33,0,8,27,27,62,12,50,62,124
01/31/2004,MKL,TN,ASO,CE,Federal Contract Tower,0,3,5,0,8,0,11,21,0,32,0,14,26,0,40,2,0,2,42
02/01/2004,MKL,TN,ASO,CE,Federal Contract Tower,0,1,6,0,7,0,0,19,0,19,0,1,25,0,26,6,0,6,32
02/02/2004,MKL,TN,ASO,CE,Federal Contract Tower,0,5,13,0,18,0,3,3,0,6,0,8,16,0,24,0,0,0,24
02/03/2004,MKL,TN,ASO,CE,Federal Contract Tower,0,7,12,4,23,0,1,20,10,31,0,8,32,14,54,46,38,84,138
02/04/2004,MKL,TN,ASO,CE,Federal Contract Tower,0,5,12,5,22,0,2,34,0,36,0,7,46,5,58,42,0,42,100
02/05/2004,MKL,TN,ASO,CE,Federal Contract Tower,0,4,4,0,8,0,6,0,0,6,0,10,4,0,14,0,0,0,14
02/06/2004,MKL,TN,ASO,CE,Federal Contract Tower,0,8,15,0,23,0,8,0,0,8,0,16,15,0,31,6,0,6,37
02/07/2004,MKL,TN,ASO,CE,Federal Contract Tower,0,2,5,3,10,0,0,6,1,7,0,2,11,4,17,0,0,0,17
02/08/2004,MKL,TN,ASO,CE,Federal Contract Tower,0,1,4,3,8,0,0,39,6,45,0,1,43,9,53,2,8,10,63
02/09/2004,MKL,TN,ASO,CE,Federal Contract Tower,0,8,17,4,29,0,2,0,5,7,0,10,17,9,36,0,8,8,44
02/10/2004,MKL,TN,ASO,CE,Federal Contract Tower,0,11,24,5,40,0,0,23,0,23,0,11,47,5,63,54,16,70,133
02/11/2004,MKL,TN,ASO,CE,Federal Contract Tower,0,6,12,2,20,0,1,33,11,45,0,7,45,13,65,40,46,86,151
02/12/2004,MKL,TN,ASO,CE,Federal Contract Tower,0,5,11,0,16,0,3,9,0,12,0,8,20,0,28,32,0,32,60
02/13/2004,MKL,TN,ASO,CE,Federal Contract Tower,0,4,10,2,16,0,2,33,3,38,0,6,43,5,54,80,12,92,146
02/14/2004,MKL,TN,ASO,CE,Federal Contract Tower,0,2,5,0,7,0,0,28,0,28,0,2,33,0,35,0,0,0,35
02/15/2004,MKL,TN,ASO,CE,Federal Contract Tower,0,1,10,0,11,0,0,13,0,13,0,1,23,0,24,8,0,8,32
02/16/2004,MKL,TN,ASO,CE,Federal Contract Tower,0,2,8,1,11,0,0,21,1,22,0,2,29,2,33,6,0,6,39
02/17/2004,MKL,TN,ASO,CE,Federal Contract Tower,0,6,14,1,21,0,0,36,0,36,0,6,50,1,57,42,4,46,103
02/18/2004,MKL,TN,ASO,CE,Federal Contract Tower,0,6,14,3,23,0,2,46,7,55,0,8,60,10,78,76,12,88,166
02/19/2004,MKL,TN,ASO,CE,Federal Contract Tower,0,8,18,3,29,0,2,27,1,30,0,10,45,4,59,84,2,86,145
02/20/2004,MKL,TN,ASO,CE,Federal Contract Tower,0,7,16,3,26,0,2,9,3,14,0,9,25,6,40,8,26,34,74
02/21/2004,MKL,TN,ASO,CE,Federal Contract Tower,0,2,5,0,7,0,0,21,13,34,0,2,26,13,41,16,20,36,77
02/22/2004,MKL,TN,ASO,CE,Federal Contract Tower,0,1,8,1,10,0,0,31,14,45,0,1,39,15,55,6,34,40,95
02/23/2004,MKL,TN,ASO,CE,Federal Contract Tower,0,6,13,2,21,0,6,12,4,22,0,12,25,6,43,12,6,18,61
02/24/2004,MKL,TN,ASO,CE,Federal Contract Tower,0,7,28,6,41,0,0,10,16,26,0,7,38,22,67,22,42,64,131
02/25/2004,MKL,TN,ASO,CE,Federal Contract Tower,0,9,21,4,34,0,2,1,18,21,0,11,22,22,55,46,28,74,129
02/26/2004,MKL,TN,ASO,CE,Federal Contract Tower,0,5,12,2,19,0,3,23,8,34,0,8,35,10,53,42,24,66,119
02/27/2004,MKL,TN,ASO,CE,Federal Contract Tower,0,10,24,5,39,0,0,31,3,34,0,10,55,8,73,44,42,86,159
02/28/2004,MKL,TN,ASO,CE,Federal Contract Tower,0,2,4,0,6,0,13,42,0,55,0,15,46,0,61,28,0,28,89
02/29/2004,MKL,TN,ASO,CE,Federal Contract Tower,0,1,5,1,7,0,0,16,1,17,0,1,21,2,24,4,0,4,28
03/01/2004,MKL,TN,ASO,CE,Federal Contract Tower,0,5,13,1,19,0,3,0,0,3,0,8,13,1,22,0,0,0,22
03/02/2004,MKL,TN,ASO,CE,Federal Contract Tower,0,6,12,2,20,0,4,11,4,19,0,10,23,6,39,30,14,44,83
03/03/2004,MKL,TN,ASO,CE,Federal Contract Tower,0,7,16,3,26,0,1,15,7,23,0,8,31,10,49,20,52,72,121
03/04/2004,MKL,TN,ASO,CE,Federal Contract Tower,0,4,10,2,16,0,4,17,2,23,0,8,27,4,39,56,2,58,97
03/05/2004,MKL,TN,ASO,CE,Federal Contract Tower,0,6,15,2,23,0,4,6,4,14,0,10,21,6,37,12,40,52,89
03/06/2004,MKL,TN,ASO,CE,Federal Contract Tower,0,2,9,2,13,0,0,18,9,27,0,2,27,11,40,0,14,14,54
03/07/2004,MKL,TN,ASO,CE,Federal Contract Tower,0,1,4,1,6,0,0,9,18,27,0,1,13,19,33,0,20,20,53
03/08/2004,MKL,TN,ASO,CE,Federal Contract Tower,0,5,13,2,20,0,2,22,0,24,0,7,35,2,44,12,2,14,58
03/09/2004,MKL,TN,ASO,CE,Federal Contract Tower,0,7,17,2,26,0,5,10,0,15,0,12,27,2,41,10,0,10,51
03/10/2004,MKL,TN,ASO,CE,Federal Contract Tower,0,7,15,2,24,0,0,56,2,58,0,7,71,4,82,82,8,90,172
03/11/2004,MKL,TN,ASO,CE,Federal Contract Tower,0,8,20,3,31,0,3,20,12,35,0,11,40,15,66,50,40,90,156
03/12/2004,MKL,TN,ASO,CE,Federal Contract Tower,0,6,14,0,20,0,2,47,0,49,0,8,61,0,69,16,0,16,85
03/13/2004,MKL,TN,ASO,CE,Federal Contract Tower,0,2,4,0,6,0,0,39,0,39,0,2,43,0,45,4,0,4,49
03/14/2004,MKL,TN,ASO,CE,Federal Contract Tower,0,1,3,0,4,0,0,23,0,23,0,1,26,0,27,0,0,0,27
03/15/2004,MKL,TN,ASO,CE,Federal Contract Tower,0,7,19,3,29,0,1,7,5,13,0,8,26,8,42,14,8,22,64
03/16/2004,MKL,TN,ASO,CE,Federal Contract Tower,0,6,13,0,19,0,4,17,0,21,0,10,30,0,40,18,0,18,58
03/17/2004,MKL,TN,ASO,CE,Federal Contract Tower,0,6,17,2,25,0,1,28,15,44,0,7,45,17,69,20,72,92,161
03/18/2004,MKL,TN,ASO,CE,Federal Contract Tower,0,8,22,2,32,0,0,23,8,31,0,8,45,10,63,74,34,108,171
03/19/2004,MKL,TN,ASO,CE,Federal Contract Tower,0,8,20,2,30,0,10,45,14,69,0,18,65,16,99,60,46,106,205
03/20/2004,MKL,TN,ASO,CE,Federal Contract Tower,0,2,8,0,10,0,0,21,1,22,0,2,29,1,32,32,0,32,64
03/21/2004,MKL,TN,ASO,CE,Federal Contract Tower,0,1,8,0,9,0,0,19,23,42,0,1,27,23,51,20,12,32,83
03/22/2004,MKL,TN,ASO,CE,Federal Contract Tower,0,6,18,2,26,0,2,16,2,20,0,8,34,4,46,6,4,10,56
03/23/2004,MKL,TN,ASO,CE,Federal Contract Tower,0,7,20,2,29,0,1,40,6,47,0,8,60,8,76,36,12,48,124
03/24/2004,MKL,TN,ASO,CE,Federal Contract Tower,0,7,18,2,27,0,2,24,13,39,0,9,42,15,66,26,16,42,108
03/25/2004,MKL,TN,ASO,CE,Federal Contract Tower,0,6,16,1,23,0,2,29,1,32,0,8,45,2,55,86,2,88,143
03/26/2004,MKL,TN,ASO,CE,Federal Contract Tower,0,6,16,1,23,0,5,15,2,22,0,11,31,3,45,20,6,26,71
03/27/2004,MKL,TN,ASO,CE,Federal Contract Tower,0,2,11,0,13,0,0,25,0,25,0,2,36,0,38,12,0,12,50
03/28/2004,MKL,TN,ASO,CE,Federal Contract Tower,0,1,7,0,8,0,0,23,0,23,0,1,30,0,31,20,0,20,51
03/29/2004,MKL,TN,ASO,CE,Federal Contract Tower,0,7,25,3,35,0,0,24,14,38,0,7,49,17,73,6,52,58,131
03/30/2004,MKL,TN,ASO,CE,Federal Contract Tower,0,5,12,1,18,0,2,13,7,22,0,7,25,8,40,22,30,52,92
03/31/2004,MKL,TN,ASO,CE,Federal Contract Tower,0,8,21,2,31,0,0,10,8,18,0,8,31,10,49,20,34,54,103
04/01/2004,MKL,TN,ASO,CE,Federal Contract Tower,0,5,11,2,18,0,2,39,10,51,0,7,50,12,69,78,42,120,189
04/02/2004,MKL,TN,ASO,CE,Federal Contract Tower,0,9,18,3,30,0,0,42,15,57,0,9,60,18,87,60,52,112,199
04/03/2004,MKL,TN,ASO,CE,Federal Contract Tower,0,2,4,1,7,0,2,33,17,52,0,4,37,18,59,34,10,44,103
04/04/2004,MKL,TN,ASO,CE,Federal Contract Tower,0,1,6,2,9,0,0,24,13,37,0,1,30,15,46,10,28,38,84
04/05/2004,MKL,TN,ASO,CE,Federal Contract Tower,0,6,9,0,15,0,2,19,0,21,0,8,28,0,36,2,0,2,38
04/06/2004,MKL,TN,ASO,CE,Federal Contract Tower,0,8,14,3,25,0,0,52,4,56,0,8,66,7,81,82,28,110,191
04/07/2004,MKL,TN,ASO,CE,Federal Contract Tower,0,7,14,3,24,0,0,46,14,60,0,7,60,17,84,88,60,148,232
04/08/2004,MKL,TN,ASO,CE,Federal Contract Tower,0,8,14,3,25,0,2,16,5,23,0,10,30,8,48,16,42,58,106
04/09/2004,MKL,TN,ASO,CE,Federal Contract Tower,0,6,10,2,18,0,2,50,3,55,0,8,60,5,73,72,14,86,159
04/10/2004,MKL,TN,ASO,CE,Federal Contract Tower,0,3,7,0,10,0,12,14,0,26,0,15,21,0,36,8,0,8,44
04/11/2004,MKL,TN,ASO,CE,Federal Contract Tower,0,1,6,0,7,0,0,15,0,15,0,1,21,0,22,22,0,22,44
04/12/2004,MKL,TN,ASO,CE,Federal Contract Tower,0,7,15,0,22,0,3,1,0,4,0,10,16,0,26,0,0,0,26
04/13/2004,MKL,TN,ASO,CE,Federal Contract Tower,0,5,10,0,15,0,6,10,0,16,0,11,20,0,31,10,0,10,41
04/14/2004,MKL,TN,ASO,CE,Federal Contract Tower,0,5,9,2,16,0,5,41,0,46,0,10,50,2,62,40,0,40,102
04/15/2004,MKL,TN,ASO,CE,Federal Contract Tower,0,6,11,2,19,0,2,34,2,38,0,8,45,4,57,96,6,102,159
04/16/2004,MKL,TN,ASO,CE,Federal Contract Tower,0,6,14,2,22,0,1,26,3,30,0,7,40,5,52,64,4,68,120
04/17/2004,MKL,TN,ASO,CE,Federal Contract Tower,0,3,5,0,8,0,0,21,11,32,0,3,26,11,40,0,14,14,54
04/18/2004,MKL,TN,ASO,CE,Federal Contract Tower,0,1,6,0,7,0,0,10,6,16,0,1,16,6,23,0,0,0,23
04/19/2004,MKL,TN,ASO,CE,Federal Contract Tower,0,8,18,2,28,0,0,0,10,10,0,8,18,12,38,8,12,20,58
04/20/2004,MKL,TN,ASO,CE,Federal Contract Tower,0,6,14,2,22,0,2,13,4,19,0,8,27,6,41,56,6,62,103
04/21/2004,MKL,TN,ASO,CE,Federal Contract Tower,0,8,17,2,27,0,0,9,0,9,0,8,26,2,36,2,0,2,38
04/22/2004,MKL,TN,ASO,CE,Federal Contract Tower,0,5,10,1,16,0,3,8,1,12,0,8,18,2,28,10,6,16,44
04/23/2004,MKL,TN,ASO,CE,Federal Contract Tower,0,8,16,2,26,0,2,10,1,13,0,10,26,3,39,18,2,20,59
04/24/2004,MKL,TN,ASO,CE,Federal Contract Tower,0,2,5,0,7,0,0,9,2,11,0,2,14,2,18,2,0,2,20
04/25/2004,MKL,TN,ASO,CE,Federal Contract Tower,0,5,17,0,22,0,0,23,0,23,0,5,40,0,45,8,0,8,53
04/26/2004,MKL,TN,ASO,CE,Federal Contract Tower,0,8,17,2,27,0,0,32,14,46,0,8,49,16,73,26,14,40,113
04/27/2004,MKL,TN,ASO,CE,Federal Contract Tower,0,5,11,0,16,0,6,38,0,44,0,11,49,0,60,46,0,46,106
04/28/2004,MKL,TN,ASO,CE,Federal Contract Tower,0,6,11,1,18,0,4,29,10,43,0,10,40,11,61,56,10,66,127
04/29/2004,MKL,TN,ASO,CE,Federal Contract Tower,0,5,10,1,16,0,7,21,2,30,0,12,31,3,46,34,16,50,96
04/30/2004,MKL,TN,ASO,CE,Federal Contract Tower,0,6,14,2,22,0,3,11,1,15,0,9,25,3,37,28,10,38,75
05/01/2004,MKL,TN,ASO,CE,Federal Contract Tower,0,0,6,0,6,0,2,0,0,2,0,2,6,0,8,4,0,4,12
05/02/2004,MKL,TN,ASO,CE,Federal Contract Tower,0,1,10,1,12,0,0,24,0,24,0,1,34,1,36,4,0,4,40
05/03/2004,MKL,TN,ASO,CE,Federal Contract Tower,0,8,19,0,27,0,2,16,0,18,0,10,35,0,45,26,0,26,71
05/04/2004,MKL,TN,ASO,CE,Federal Contract Tower,0,6,14,1,21,0,0,26,1,27,0,6,40,2,48,50,6,56,104
05/05/2004,MKL,TN,ASO,CE,Federal Contract Tower,0,7,17,1,25,0,3,18,1,22,0,10,35,2,47,28,4,32,79
05/06/2004,MKL,TN,ASO,CE,Federal Contract Tower,0,5,12,1,18,0,6,38,12,56,0,11,50,13,74,92,48,140,214
05/07/2004,MKL,TN,ASO,CE,Federal Contract Tower,0,6,15,1,22,0,2,40,6,48,0,8,55,7,70,70,4,74,144
05/08/2004,MKL,TN,ASO,CE,Federal Contract Tower,0,1,6,0,7,0,1,33,0,34,0,2,39,0,41,24,0,24,65
05/09/2004,MKL,TN,ASO,CE,Federal Contract Tower,0,1,5,0,6,0,0,14,0,14,0,1,19,0,20,0,0,0,20
05/10/2004,MKL,TN,ASO,CE,Federal Contract Tower,0,6,16,0,22,0,4,7,2,13,0,10,23,2,35,12,0,12,47
05/11/2004,MKL,TN,ASO,CE,Federal Contract Tower,0,7,20,0,27,0,5,1,8,14,0,12,21,8,41,4,32,36,77
05/12/2004,MKL,TN,ASO,CE,Federal Contract Tower,0,9,26,0,35,0,1,14,11,26,0,10,40,11,61,6,6,12,73
05/13/2004,MKL,TN,ASO,CE,Federal Contract Tower,0,7,18,0,25,0,0,9,6,15,0,7,27,6,40,4,4,8,48
05/14/2004,MKL,TN,ASO,CE,Federal Contract Tower,0,8,18,0,26,0,3,0,0,3,0,11,18,0,29,0,0,0,29
05/15/2004,MKL,TN,ASO,CE,Federal Contract Tower,0,3,14,0,17,0,0,0,12,12,0,3,14,12,29,4,10,14,43
05/16/2004,MKL,TN,ASO,CE,Federal Contract Tower,0,1,10,0,11,0,0,2,14,16,0,1,12,14,27,2,18,20,47
05/17/2004,MKL,TN,ASO,CE,Federal Contract Tower,0,4,11,0,15,0,4,23,1,28,0,8,34,1,43,10,0,10,53
05/18/2004,MKL,TN,ASO,CE,Federal Contract Tower,0,6,17,0,23,0,1,8,13,22,0,7,25,13,45,16,22,38,83
05/19/2004,MKL,TN,ASO,CE,Federal Contract Tower,0,7,19,0,26,0,1,26,15,42,0,8,45,15,68,54,46,100,168
05/20/2004,MKL,TN,ASO,CE,Federal Contract Tower,0,4,13,0,17,0,4,17,11,32,0,8,30,11,49,38,58,96,145
05/21/2004,MKL,TN,ASO,CE,Federal Contract Tower,0,5,16,0,21,0,3,34,15,52,0,8,50,15,73,72,12,84,157
05/22/2004,MKL,TN,ASO,CE,Federal Contract Tower,0,2,6,0,8,0,0,37,14,51,0,2,43,14,59,38,10,48,107
05/23/2004,MKL,TN,ASO,CE,Federal Contract Tower,0,2,9,0,11,0,0,9,10,19,0,2,18,10,30,0,40,40,70
05/24/2004,MKL,TN,ASO,CE,Federal Contract Tower,0,7,19,0,26,0,1,18,0,19,0,8,37,0,45,18,0,18,63
05/25/2004,MKL,TN,ASO,CE,Federal Contract Tower,0,7,21,0,28,0,4,11,0,15,0,11,32,0,43,16,0,16,59
05/26/2004,MKL,TN,ASO,CE,Federal Contract Tower,0,7,18,0,25,0,1,17,5,23,0,8,35,5,48,70,2,72,120
05/27/2004,MKL,TN,ASO,CE,Federal Contract Tower,0,10,24,5,39,0,3,27,6,36,0,13,51,11,75,32,20,52,127
05/28/2004,MKL,TN,ASO,CE,Federal Contract Tower,0,10,31,2,43,0,0,26,0,26,0,10,57,2,69,52,0,52,121
05/29/2004,MKL,TN,ASO,CE,Federal Contract Tower,0,3,12,0,15,0,0,15,0,15,0,3,27,0,30,6,0,6,36
05/30/2004,MKL,TN,ASO,CE,Federal Contract Tower,0,2,11,0,13,0,0,6,0,6,0,2,17,0,19,0,0,0,19
05/31/2004,MKL,TN,ASO,CE,Federal Contract Tower,0,2,11,0,13,0,0,24,0,24,0,2,35,0,37,20,0,20,57
06/01/2004,MKL,TN,ASO,CE,Federal Contract Tower,0,6,16,4,26,0,1,39,5,45,0,7,55,9,71,40,16,56,127
06/02/2004,MKL,TN,ASO,CE,Federal Contract Tower,0,4,13,3,20,0,2,57,8,67,0,6,70,11,87,100,16,116,203
06/03/2004,MKL,TN,ASO,CE,Federal Contract Tower,0,6,12,3,21,0,0,10,1,11,0,6,22,4,32,46,10,56,88
06/04/2004,MKL,TN,ASO,CE,Federal Contract Tower,0,5,15,4,24,0,0,36,9,45,0,5,51,13,69,42,16,58,127
06/05/2004,MKL,TN,ASO,CE,Federal Contract Tower,0,2,4,2,8,0,4,35,15,54,0,6,39,17,62,38,46,84,146
06/06/2004,MKL,TN,ASO,CE,Federal Contract Tower,0,3,6,2,11,0,4,17,9,30,0,7,23,11,41,18,0,18,59
06/07/2004,MKL,TN,ASO,CE,Federal Contract Tower,0,4,11,2,17,0,1,15,0,16,0,5,26,2,33,8,0,8,41
06/08/2004,MKL,TN,ASO,CE,Federal Contract Tower,0,5,13,3,21,0,0,21,5,26,0,5,34,8,47,18,14,32,79
06/09/2004,MKL,TN,ASO,CE,Federal Contract Tower,0,5,14,3,22,0,0,23,7,30,0,5,37,10,52,24,46,70,122
06/10/2004,MKL,TN,ASO,CE,Federal Contract Tower,0,7,16,4,27,0,0,24,10,34,0,7,40,14,61,46,56,102,163
06/11/2004,MKL,TN,ASO,CE,Federal Contract Tower,0,4,11,3,18,0,3,39,1,43,0,7,50,4,61,40,0,40,101
06/12/2004,MKL,TN,ASO,CE,Federal Contract Tower,0,2,9,1,12,0,0,28,0,28,0,2,37,1,40,6,0,6,46
06/13/2004,MKL,TN,ASO,CE,Federal Contract Tower,0,1,6,0,7,0,0,27,0,27,0,1,33,0,34,0,0,0,34
06/14/2004,MKL,TN,ASO,CE,Federal Contract Tower,0,6,13,2,21,0,2,23,0,25,0,8,36,2,46,6,2,8,54
06/15/2004,MKL,TN,ASO,CE,Federal Contract Tower,0,7,15,4,26,0,2,2,7,11,0,9,17,11,37,4,64,68,105
06/16/2004,MKL,TN,ASO,CE,Federal Contract Tower,0,6,17,4,27,0,0,9,3,12,0,6,26,7,39,4,6,10,49
06/17/2004,MKL,TN,ASO,CE,Federal Contract Tower,0,7,17,3,27,0,0,23,3,26,0,7,40,6,53,62,50,112,165
06/18/2004,MKL,TN,ASO,CE,Federal Contract Tower,0,8,18,0,26,0,3,19,0,22,0,11,37,0,48,36,0,36,84
06/19/2004,MKL,TN,ASO,CE,Federal Contract Tower,0,2,6,0,8,0,0,13,0,13,0,2,19,0,21,2,0,2,23
06/20/2004,MKL,TN,ASO,CE,Federal Contract Tower,0,2,4,0,6,0,1,17,0,18,0,3,21,0,24,0,0,0,24
06/21/2004,MKL,TN,ASO,CE,Federal Contract Tower,0,7,17,3,27,0,4,7,5,16,0,11,24,8,43,12,4,16,59
06/22/2004,MKL,TN,ASO,CE,Federal Contract Tower,0,7,18,3,28,0,2,10,1,13,0,9,28,4,41,10,8,18,59
06/23/2004,MKL,TN,ASO,CE,Federal Contract Tower,0,10,26,5,41,0,2,19,8,29,0,12,45,13,70,48,34,82,152
06/24/2004,MKL,TN,ASO,CE,Federal Contract Tower,0,8,20,4,32,0,1,27,6,34,0,9,47,10,66,98,36,134,200
06/25/2004,MKL,TN,ASO,CE,Federal Contract Tower,0,11,26,5,42,0,0,9,13,22,0,11,35,18,64,28,26,54,118
06/26/2004,MKL,TN,ASO,CE,Federal Contract Tower,0,2,8,1,11,0,0,43,11,54,0,2,51,12,65,26,4,30,95
06/27/2004,MKL,TN,ASO,CE,Federal Contract Tower,0,1,4,0,5,0,0,12,8,20,0,1,16,8,25,0,0,0,25
06/28/2004,MKL,TN,ASO,CE,Federal Contract Tower,0,6,16,3,25,0,0,16,1,17,0,6,32,4,42,6,10,16,58
06/29/2004,MKL,TN,ASO,CE,Federal Contract Tower,0,7,29,5,41,0,0,2,26,28,0,7,31,31,69,14,72,86,155
06/30/2004,MKL,TN,ASO,CE,Federal Contract Tower,0,5,16,3,24,0,0,9,5,14,0,5,25,8,38,2,12,14,52
07/01/2004,MKL,TN,ASO,CE,Federal Contract Tower,0,6,14,2,22,0,3,4,6,13,0,9,18,8,35,12,32,44,79
07/02/2004,MKL,TN,ASO,CE,Federal Contract Tower,0,4,8,0,12,0,1,18,0,19,0,5,26,0,31,44,0,44,75
07/03/2004,MKL,TN,ASO,CE,Federal Contract Tower,0,2,6,0,8,0,0,6,0,6,0,2,12,0,14,0,0,0,14
07/04/2004,MKL,TN,ASO,CE,Federal Contract Tower,0,1,2,0,3,0,0,12,0,12,0,1,14,0,15,0,0,0,15
07/05/2004,MKL,TN,ASO,CE,Federal Contract Tower,0,2,1,0,3,0,0,15,0,15,0,2,16,0,18,4,0,4,22
07/06/2004,MKL,TN,ASO,CE,Federal Contract Tower,0,5,7,2,14,0,0,29,3,32,0,5,36,5,46,50,18,68,114
07/07/2004,MKL,TN,ASO,CE,Federal Contract Tower,0,5,8,2,15,0,2,15,6,23,0,7,23,8,38,22,32,54,92
07/08/2004,MKL,TN,ASO,CE,Federal Contract Tower,0,6,21,3,30,0,0,27,13,40,0,6,48,16,70,74,60,134,204
07/09/2004,MKL,TN,ASO,CE,Federal Contract Tower,0,9,18,3,30,0,0,37,9,46,0,9,55,12,76,40,38,78,154
07/10/2004,MKL,TN,ASO,CE,Federal Contract Tower,0,2,6,1,9,0,0,29,16,45,0,2,35,17,54,12,26,38,92
07/11/2004,MKL,TN,ASO,CE,Federal Contract Tower,0,1,8,2,11,0,0,26,2,28,0,1,34,4,39,30,2,32,71
07/12/2004,MKL,TN,ASO,CE,Federal Contract Tower,0,5,13,0,18,0,0,17,0,17,0,5,30,0,35,16,0,16,51
07/13/2004,MKL,TN,ASO,CE,Federal Contract Tower,0,5,11,2,18,0,4,19,2,25,0,9,30,4,43,28,2,30,73
07/14/2004,MKL,TN,ASO,CE,Federal Contract Tower,0,5,10,2,17,0,2,25,1,28,0,7,35,3,45,46,6,52,97
07/15/2004,MKL,TN,ASO,CE,Federal Contract Tower,0,5,11,2,18,0,1,36,6,43,0,6,47,8,61,44,16,60,121
07/16/2004,MKL,TN,ASO,CE,Federal Contract Tower,0,5,10,0,15,0,1,20,0,21,0,6,30,0,36,38,0,38,74
07/17/2004,MKL,TN,ASO,CE,Federal Contract Tower,0,2,9,2,13,0,0,20,0,20,0,2,29,2,33,0,0,0,33
07/18/2004,MKL,TN,ASO,CE,Federal Contract Tower,0,3,6,0,9,0,0,11,0,11,0,3,17,0,20,20,0,20,40
07/19/2004,MKL,TN,ASO,CE,Federal Contract Tower,0,6,19,2,27,0,0,20,12,32,0,6,39,14,59,16,22,38,97
07/20/2004,MKL,TN,ASO,CE,Federal Contract Tower,0,9,20,2,31,0,1,25,10,36,0,10,45,12,67,30,40,70,137
07/21/2004,MKL,TN,ASO,CE,Federal Contract Tower,0,6,12,1,19,0,1,48,5,54,0,7,60,6,73,84,8,92,165
07/22/2004,MKL,TN,ASO,CE,Federal Contract Tower,0,7,19,2,28,0,0,41,2,43,0,7,60,4,71,72,0,72,143
07/23/2004,MKL,TN,ASO,CE,Federal Contract Tower,0,4,10,1,15,0,1,25,9,35,0,5,35,10,50,32,16,48,98
07/24/2004,MKL,TN,ASO,CE,Federal Contract Tower,0,1,4,0,5,0,1,11,3,15,0,2,15,3,20,6,0,6,26
07/25/2004,MKL,TN,ASO,CE,Federal Contract Tower,0,1,4,0,5,0,0,1,2,3,0,1,5,2,8,2,0,2,10
07/26/2004,MKL,TN,ASO,CE,Federal Contract Tower,0,7,13,1,21,0,2,0,3,5,0,9,13,4,26,6,6,12,38
07/27/2004,MKL,TN,ASO,CE,Federal Contract Tower,0,5,12,1,18,0,2,28,10,40,0,7,40,11,58,16,50,66,124
07/28/2004,MKL,TN,ASO,CE,Federal Contract Tower,0,6,13,1,20,0,0,42,8,50,0,6,55,9,70,32,18,50,120
07/29/2004,MKL,TN,ASO,CE,Federal Contract Tower,0,7,13,1,21,0,0,47,9,56,0,7,60,10,77,68,8,76,153
07/30/2004,MKL,TN,ASO,CE,Federal Contract Tower,0,11,22,2,35,0,6,14,6,26,0,17,36,8,61,46,12,58,119
07/31/2004,MKL,TN,ASO,CE,Federal Contract Tower,0,3,8,0,11,0,0,5,18,23,0,3,13,18,34,0,36,36,70
08/01/2004,MKL,TN,ASO,CE,Federal Contract Tower,0,1,7,2,10,0,3,12,3,18,0,4,19,5,28,8,4,12,40
08/02/2004,MKL,TN,ASO,CE,Federal Contract Tower,0,4,9,2,15,0,1,19,1,21,0,5,28,3,36,2,0,2,38
08/03/2004,MKL,TN,ASO,CE,Federal Contract Tower,0,5,10,3,18,0,0,30,5,35,0,5,40,8,53,30,0,30,83
08/04/2004,MKL,TN,ASO,CE,Federal Contract Tower,0,9,19,5,33,0,7,19,21,47,0,16,38,26,80,14,42,56,136
08/05/2004,MKL,TN,ASO,CE,Federal Contract Tower,0,6,14,4,24,0,0,12,18,30,0,6,26,22,54,10,70,80,134
08/06/2004,MKL,TN,ASO,CE,Federal Contract Tower,0,5,12,4,21,0,1,65,9,75,0,6,77,13,96,94,20,114,210
08/07/2004,MKL,TN,ASO,CE,Federal Contract Tower,0,2,5,1,8,0,0,38,9,47,0,2,43,10,55,4,4,8,63
08/08/2004,MKL,TN,ASO,CE,Federal Contract Tower,0,3,5,3,11,0,3,38,8,49,0,6,43,11,60,4,16,20,80
08/09/2004,MKL,TN,ASO,CE,Federal Contract Tower,0,6,18,5,29,0,0,6,18,24,0,6,24,23,53,14,26,40,93
08/10/2004,MKL,TN,ASO,CE,Federal Contract Tower,0,7,20,4,31,0,0,9,6,15,0,7,29,10,46,0,12,12,58
08/11/2004,MKL,TN,ASO,CE,Federal Contract Tower,0,5,22,4,31,0,0,17,29,46,0,5,39,33,77,20,60,80,157
08/12/2004,MKL,TN,ASO,CE,Federal Contract Tower,0,6,14,2,22,0,3,22,12,37,0,9,36,14,59,40,8,48,107
08/13/2004,MKL,TN,ASO,CE,Federal Contract Tower,0,6,15,2,23,0,1,23,8,32,0,7,38,10,55,58,14,72,127
08/14/2004,MKL,TN,ASO,CE,Federal Contract Tower,0,2,5,0,7,0,0,41,0,41,0,2,46,0,48,20,0,20,68
08/15/2004,MKL,TN,ASO,CE,Federal Contract Tower,0,4,11,0,15,0,0,17,0,17,0,4,28,0,32,16,0,16,48
08/16/2004,MKL,TN,ASO,CE,Federal Contract Tower,0,3,8,1,12,0,3,22,7,32,0,6,30,8,44,20,0,20,64
08/17/2004,MKL,TN,ASO,CE,Federal Contract Tower,0,5,17,0,22,0,0,22,0,22,0,5,39,0,44,68,0,68,112
08/18/2004,MKL,TN,ASO,CE,Federal Contract Tower,0,3,9,1,13,0,2,19,7,28,0,5,28,8,41,22,6,28,69
08/19/2004,MKL,TN,ASO,CE,Federal Contract Tower,0,5,12,2,19,0,2,26,7,35,0,7,38,9,54,62,8,70,124
08/20/2004,MKL,TN,ASO,CE,Federal Contract Tower,0,4,10,0,14,0,9,0,0,9,0,13,10,0,23,20,0,20,43
08/21/2004,MKL,TN,ASO,CE,Federal Contract Tower,0,2,5,0,7,0,0,19,0,19,0,2,24,0,26,14,0,14,40
08/22/2004,MKL,TN,ASO,CE,Federal Contract Tower,0,1,7,0,8,0,0,21,0,21,0,1,28,0,29,16,0,16,45
08/23/2004,MKL,TN,ASO,CE,Federal Contract Tower,0,6,14,2,22,0,0,15,9,24,0,6,29,11,46,4,26,30,76
08/24/2004,MKL,TN,ASO,CE,Federal Contract Tower,0,7,19,3,29,0,2,15,11,28,0,9,34,14,57,36,50,86,143
08/25/2004,MKL,TN,ASO,CE,Federal Contract Tower,0,7,26,4,37,0,0,45,2,47,0,7,71,6,84,142,14,156,240
08/26/2004,MKL,TN,ASO,CE,Federal Contract Tower,0,10,24,4,38,0,2,31,3,36,0,12,55,7,74,74,4,78,152
08/27/2004,MKL,TN,ASO,CE,Federal Contract Tower,0,5,17,2,24,0,0,13,18,31,0,5,30,20,55,4,22,26,81
08/28/2004,MKL,TN,ASO,CE,Federal Contract Tower,0,2,5,0,7,0,0,29,9,38,0,2,34,9,45,62,20,82,127
08/29/2004,MKL,TN,ASO,CE,Federal Contract Tower,0,3,11,1,15,0,0,13,17,30,0,3,24,18,45,16,18,34,79
08/30/2004,MKL,TN,ASO,CE,Federal Contract Tower,0,5,14,2,21,0,3,8,2,13,0,8,22,4,34,38,0,38,72
08/31/2004,MKL,TN,ASO,CE,Federal Contract Tower,0,4,11,1,16,0,1,41,9,51,0,5,52,10,67,84,8,92,159
09/01/2004,MKL,TN,ASO,CE,Federal Contract Tower,0,3,8,2,13,0,2,46,19,67,0,5,54,21,80,110,30,140,220
09/02/2004,MKL,TN,ASO,CE,Federal Contract Tower,0,7,13,3,23,0,0,32,9,41,0,7,45,12,64,56,60,116,180
09/03/2004,MKL,TN,ASO,CE,Federal Contract Tower,0,5,13,4,22,0,10,39,17,66,0,15,52,21,88,118,34,152,240
09/04/2004,MKL,TN,ASO,CE,Federal Contract Tower,0,2,5,0,7,0,0,9,0,9,0,2,14,0,16,34,0,34,50
09/05/2004,MKL,TN,ASO,CE,Federal Contract Tower,0,2,2,0,4,0,0,30,0,30,0,2,32,0,34,30,0,30,64
09/06/2004,MKL,TN,ASO,CE,Federal Contract Tower,0,4,7,2,13,0,0,26,0,26,0,4,33,2,39,36,0,36,75
09/07/2004,MKL,TN,ASO,CE,Federal Contract Tower,0,5,14,3,22,0,0,9,6,15,0,5,23,9,37,46,8,54,91
09/08/2004,MKL,TN,ASO,CE,Federal Contract Tower,0,8,16,3,27,0,13,25,3,41,0,21,41,6,68,64,4,68,136
09/09/2004,MKL,TN,ASO,CE,Federal Contract Tower,0,7,14,3,24,0,1,36,14,51,0,8,50,17,75,88,6,94,169
09/10/2004,MKL,TN,ASO,CE,Federal Contract Tower,0,9,19,4,32,0,1,48,11,60,0,10,67,15,92,64,28,92,184
09/11/2004,MKL,TN,ASO,CE,Federal Contract Tower,0,3,4,1,8,0,3,37,8,48,0,6,41,9,56,14,12,26,82
09/12/2004,MKL,TN,ASO,CE,Federal Contract Tower,0,2,4,1,7,0,1,20,9,30,0,3,24,10,37,14,4,18,55
09/13/2004,MKL,TN,ASO,CE,Federal Contract Tower,0,5,12,1,18,0,0,15,9,24,0,5,27,10,42,24,26,50,92
09/14/2004,MKL,TN,ASO,CE,Federal Contract Tower,0,10,20,3,33,0,9,45,6,60,0,19,65,9,93,82,18,100,193
09/15/2004,MKL,TN,ASO,CE,Federal Contract Tower,0,6,12,1,19,0,4,28,8,40,0,10,40,9,59,44,14,58,117
09/16/2004,MKL,TN,ASO,CE,Federal Contract Tower,0,7,15,1,23,0,4,16,0,20,0,11,31,1,43,32,4,36,79
09/17/2004,MKL,TN,ASO,CE,Federal Contract Tower,0,3,7,1,11,0,10,33,6,49,0,13,40,7,60,44,20,64,124
09/18/2004,MKL,TN,ASO,CE,Federal Contract Tower,0,5,10,0,15,0,1,61,0,62,0,6,71,0,77,60,0,60,137
09/19/2004,MKL,TN,ASO,CE,Federal Contract Tower,0,4,6,0,10,0,3,36,4,43,0,7,42,4,53,10,0,10,63
09/20/2004,MKL,TN,ASO,CE,Federal Contract Tower,0,6,11,1,18,0,5,17,9,31,0,11,28,10,49,44,0,44,93
09/21/2004,MKL,TN,ASO,CE,Federal Contract Tower,0,8,15,2,25,0,4,45,6,55,0,12,60,8,80,72,22,94,174
09/22/2004,MKL,TN,ASO,CE,Federal Contract Tower,0,7,20,3,30,0,0,71,8,79,0,7,91,11,109,74,4,78,187
09/23/2004,MKL,TN,ASO,CE,Federal Contract Tower,0,9,17,2,28,0,0,33,7,40,0,9,50,9,68,88,44,132,200
09/24/2004,MKL,TN,ASO,CE,Federal Contract Tower,0,5,21,3,29,0,0,22,9,31,0,5,43,12,60,28,0,28,88
09/25/2004,MKL,TN,ASO,CE,Federal Contract Tower,0,2,4,0,6,0,0,50,0,50,0,2,54,0,56,24,0,24,80
09/26/2004,MKL,TN,ASO,CE,Federal Contract Tower,0,3,6,0,9,0,0,44,0,44,0,3,50,0,53,16,0,16,69
09/27/2004,MKL,TN,ASO,CE,Federal Contract Tower,0,5,12,1,18,0,0,41,19,60,0,5,53,20,78,36,14,50,128
09/28/2004,MKL,TN,ASO,CE,Federal Contract Tower,0,5,10,0,15,0,1,38,0,39,0,6,48,0,54,52,0,52,106
09/29/2004,MKL,TN,ASO,CE,Federal Contract Tower,0,8,15,2,25,0,1,45,6,52,0,9,60,8,77,54,0,54,131
09/30/2004,MKL,TN,ASO,CE,Federal Contract Tower,0,7,14,2,23,0,0,43,4,47,0,7,57,6,70,96,10,106,176
10/01/2004,MKL,TN,ASO,CE,Federal Contract Tower,0,6,14,3,23,0,2,35,3,40,0,8,49,6,63,392,24,416,479
10/02/2004,MKL,TN,ASO,CE,Federal Contract Tower,0,2,8,0,10,0,2,82,4,88,0,4,90,4,98,421,104,525,623
10/03/2004,MKL,TN,ASO,CE,Federal Contract Tower,0,1,5,1,7,0,6,159,12,177,0,7,164,13,184,468,126,594,778
10/04/2004,MKL,TN,ASO,CE,Federal Contract Tower,0,5,9,1,15,0,6,30,2,38,0,11,39,3,53,64,10,74,127
10/05/2004,MKL,TN,ASO,CE,Federal Contract Tower,0,7,12,2,21,0,4,31,3,38,0,11,43,5,59,50,8,58,117
10/06/2004,MKL,TN,ASO,CE,Federal Contract Tower,0,6,11,2,19,0,0,52,0,52,0,6,63,2,71,84,0,84,155
10/07/2004,MKL,TN,ASO,CE,Federal Contract Tower,0,10,14,7,31,0,0,22,2,24,0,10,36,9,55,62,18,80,135
10/08/2004,MKL,TN,ASO,CE,Federal Contract Tower,0,7,13,7,27,0,4,21,15,40,0,11,34,22,67,24,68,92,159
10/09/2004,MKL,TN,ASO,CE,Federal Contract Tower,0,3,9,0,12,0,0,31,14,45,0,3,40,14,57,94,6,100,157
10/10/2004,MKL,TN,ASO,CE,Federal Contract Tower,0,1,14,2,17,0,0,20,10,30,0,1,34,12,47,30,12,42,89
10/11/2004,MKL,TN,ASO,CE,Federal Contract Tower,0,4,20,2,26,0,0,1,0,1,0,4,21,2,27,0,0,0,27
10/12/2004,MKL,TN,ASO,CE,Federal Contract Tower,0,8,18,0,26,0,0,22,0,22,0,8,40,0,48,56,0,56,104
10/13/2004,MKL,TN,ASO,CE,Federal Contract Tower,0,10,14,4,28,0,4,8,0,12,0,14,22,4,40,42,2,44,84
10/14/2004,MKL,TN,ASO,CE,Federal Contract Tower,0,10,27,0,37,0,4,8,3,15,0,14,35,3,52,30,6,36,88
10/15/2004,MKL,TN,ASO,CE,Federal Contract Tower,0,8,13,2,23,0,0,47,5,52,0,8,60,7,75,102,10,112,187
10/16/2004,MKL,TN,ASO,CE,Federal Contract Tower,0,1,7,0,8,0,4,43,0,47,0,5,50,0,55,82,0,82,137
10/17/2004,MKL,TN,ASO,CE,Federal Contract Tower,0,1,12,0,13,0,4,19,2,25,0,5,31,2,38,4,0,4,42
10/18/2004,MKL,TN,ASO,CE,Federal Contract Tower,0,5,7,2,14,0,0,8,0,8,0,5,15,2,22,0,0,0,22
10/19/2004,MKL,TN,ASO,CE,Federal Contract Tower,0,5,16,1,22,0,0,2,3,5,0,5,18,4,27,18,10,28,55
10/20/2004,MKL,TN,ASO,CE,Federal Contract Tower,0,11,19,0,30,0,0,0,0,0,0,11,19,0,30,6,0,6,36
10/21/2004,MKL,TN,ASO,CE,Federal Contract Tower,0,3,22,2,27,0,1,13,0,14,0,4,35,2,41,32,0,32,73
10/22/2004,MKL,TN,ASO,CE,Federal Contract Tower,0,8,17,2,27,0,8,48,6,62,0,16,65,8,89,74,46,120,209
10/23/2004,MKL,TN,ASO,CE,Federal Contract Tower,0,3,13,0,16,0,4,1,2,7,0,7,14,2,23,20,0,20,43
10/24/2004,MKL,TN,ASO,CE,Federal Contract Tower,0,1,11,1,13,0,0,33,7,40,0,1,44,8,53,18,14,32,85
10/25/2004,MKL,TN,ASO,CE,Federal Contract Tower,0,8,7,10,25,0,4,32,3,39,0,12,39,13,64,76,4,80,144
10/26/2004,MKL,TN,ASO,CE,Federal Contract Tower,0,8,21,15,44,0,0,44,8,52,0,8,65,23,96,82,20,102,198
10/27/2004,MKL,TN,ASO,CE,Federal Contract Tower,0,10,18,3,31,0,8,33,10,51,0,18,51,13,82,70,4,74,156
10/28/2004,MKL,TN,ASO,CE,Federal Contract Tower,0,13,20,0,33,0,9,2,1,12,0,22,22,1,45,2,0,2,47
10/29/2004,MKL,TN,ASO,CE,Federal Contract Tower,0,5,16,0,21,0,0,26,9,35,0,5,42,9,56,32,14,46,102
10/30/2004,MKL,TN,ASO,CE,Federal Contract Tower,0,2,8,0,10,0,8,14,0,22,0,10,22,0,32,14,0,14,46
10/31/2004,MKL,TN,ASO,CE,Federal Contract Tower,0,1,9,0,10,0,0,22,0,22,0,1,31,0,32,30,0,30,62
11/01/2004,MKL,TN,ASO,CE,Federal Contract Tower,0,10,8,2,20,0,1,15,0,16,0,11,23,2,36,18,4,22,58
11/02/2004,MKL,TN,ASO,CE,Federal Contract Tower,0,11,9,0,20,0,4,2,2,8,0,15,11,2,28,2,6,8,36
11/03/2004,MKL,TN,ASO,CE,Federal Contract Tower,0,12,16,4,32,0,0,6,3,9,0,12,22,7,41,22,2,24,65
11/04/2004,MKL,TN,ASO,CE,Federal Contract Tower,0,9,20,0,29,0,1,10,6,17,0,10,30,6,46,30,26,56,102
11/05/2004,MKL,TN,ASO,CE,Federal Contract Tower,0,7,14,0,21,0,4,66,8,78,0,11,80,8,99,160,12,172,271
11/06/2004,MKL,TN,ASO,CE,Federal Contract Tower,0,2,5,0,7,0,0,69,7,76,0,2,74,7,83,84,2,86,169
11/07/2004,MKL,TN,ASO,CE,Federal Contract Tower,0,2,15,0,17,0,0,79,25,104,0,2,94,25,121,24,8,32,153
11/08/2004,MKL,TN,ASO,CE,Federal Contract Tower,0,7,5,4,16,0,0,58,1,59,0,7,63,5,75,68,30,98,173
11/09/2004,MKL,TN,ASO,CE,Federal Contract Tower,0,7,18,0,25,0,10,57,5,72,0,17,75,5,97,34,10,44,141
11/10/2004,MKL,TN,ASO,CE,Federal Contract Tower,0,7,21,0,28,0,1,22,0,23,0,8,43,0,51,50,0,50,101
11/11/2004,MKL,TN,ASO,CE,Federal Contract Tower,0,4,12,0,16,0,0,1,0,1,0,4,13,0,17,0,0,0,17
11/12/2004,MKL,TN,ASO,CE,Federal Contract Tower,0,8,20,2,30,0,0,5,0,5,0,8,25,2,35,16,0,16,51
11/13/2004,MKL,TN,ASO,CE,Federal Contract Tower,0,7,3,0,10,0,1,67,0,68,0,8,70,0,78,70,0,70,148
11/14/2004,MKL,TN,ASO,CE,Federal Contract Tower,0,2,7,0,9,0,0,35,0,35,0,2,42,0,44,32,0,32,76
11/15/2004,MKL,TN,ASO,CE,Federal Contract Tower,0,7,17,2,26,0,0,35,0,35,0,7,52,2,61,32,0,32,93
11/16/2004,MKL,TN,ASO,CE,Federal Contract Tower,0,11,20,0,31,0,0,71,5,76,0,11,91,5,107,102,10,112,219
11/17/2004,MKL,TN,ASO,CE,Federal Contract Tower,0,8,26,7,41,0,1,46,1,48,0,9,72,8,89,32,10,42,131
11/18/2004,MKL,TN,ASO,CE,Federal Contract Tower,0,8,30,0,38,0,0,19,2,21,0,8,49,2,59,48,0,48,107
11/19/2004,MKL,TN,ASO,CE,Federal Contract Tower,0,8,34,4,46,0,0,4,4,8,0,8,38,8,54,0,0,0,54
11/20/2004,MKL,TN,ASO,CE,Federal Contract Tower,0,0,12,2,14,0,4,15,15,34,0,4,27,17,48,0,26,26,74
11/21/2004,MKL,TN,ASO,CE,Federal Contract Tower,0,2,21,2,25,0,0,5,18,23,0,2,26,20,48,0,16,16,64
11/22/2004,MKL,TN,ASO,CE,Federal Contract Tower,0,10,24,0,34,0,0,0,0,0,0,10,24,0,34,0,0,0,34
11/23/2004,MKL,TN,ASO,CE,Federal Contract Tower,0,9,15,3,27,0,1,1,2,4,0,10,16,5,31,0,14,14,45
11/24/2004,MKL,TN,ASO,CE,Federal Contract Tower,0,8,27,2,37,0,0,9,2,11,0,8,36,4,48,10,0,10,58
11/25/2004,MKL,TN,ASO,CE,Federal Contract Tower,0,2,4,0,6,0,0,36,0,36,0,2,40,0,42,48,0,48,90
11/26/2004,MKL,TN,ASO,CE,Federal Contract Tower,0,7,2,0,9,0,5,58,0,63,0,12,60,0,72,142,0,142,214
11/27/2004,MKL,TN,ASO,CE,Federal Contract Tower,0,4,7,0,11,0,0,0,0,0,0,4,7,0,11,0,0,0,11
11/28/2004,MKL,TN,ASO,CE,Federal Contract Tower,0,4,10,4,18,0,0,47,0,47,0,4,57,4,65,56,2,58,123
11/29/2004,MKL,TN,ASO,CE,Federal Contract Tower,0,8,12,2,22,0,0,37,0,37,0,8,49,2,59,34,8,42,101
11/30/2004,MKL,TN,ASO,CE,Federal Contract Tower,0,4,16,0,20,0,0,0,0,0,0,4,16,0,20,0,0,0,20
12/01/2004,MKL,TN,ASO,CE,Federal Contract Tower,0,5,8,1,14,0,0,39,5,44,0,5,47,6,58,72,36,108,166
12/02/2004,MKL,TN,ASO,CE,Federal Contract Tower,0,7,19,4,30,0,4,51,6,61,0,11,70,10,91,106,0,106,197
12/03/2004,MKL,TN,ASO,CE,Federal Contract Tower,0,8,13,0,21,0,6,67,8,81,0,14,80,8,102,92,30,122,224
12/04/2004,MKL,TN,ASO,CE,Federal Contract Tower,0,2,4,0,6,0,0,47,19,66,0,2,51,19,72,20,24,44,116
12/05/2004,MKL,TN,ASO,CE,Federal Contract Tower,0,2,8,0,10,0,0,5,8,13,0,2,13,8,23,10,0,10,33
12/06/2004,MKL,TN,ASO,CE,Federal Contract Tower,0,9,13,2,24,0,0,0,0,0,0,9,13,2,24,0,0,0,24
12/07/2004,MKL,TN,ASO,CE,Federal Contract Tower,0,9,7,1,17,0,0,30,4,34,0,9,37,5,51,74,18,92,143
12/08/2004,MKL,TN,ASO,CE,Federal Contract Tower,0,9,34,8,51,0,1,44,0,45,0,10,78,8,96,72,6,78,174
12/09/2004,MKL,TN,ASO,CE,Federal Contract Tower,0,14,8,0,22,0,0,17,0,17,0,14,25,0,39,44,0,44,83
12/10/2004,MKL,TN,ASO,CE,Federal Contract Tower,0,13,16,3,32,0,0,26,4,30,0,13,42,7,62,76,10,86,148
12/11/2004,MKL,TN,ASO,CE,Federal Contract Tower,0,5,6,0,11,0,0,9,3,12,0,5,15,3,23,36,0,36,59
12/12/2004,MKL,TN,ASO,CE,Federal Contract Tower,0,6,6,0,12,0,0,45,0,45,0,6,51,0,57,52,0,52,109
12/13/2004,MKL,TN,ASO,CE,Federal Contract Tower,0,12,7,0,19,0,2,24,0,26,0,14,31,0,45,36,0,36,81
12/14/2004,MKL,TN,ASO,CE,Federal Contract Tower,0,3,15,2,20,0,1,51,4,56,0,4,66,6,76,54,16,70,146
12/15/2004,MKL,TN,ASO,CE,Federal Contract Tower,0,10,11,0,21,0,0,58,3,61,0,10,69,3,82,100,12,112,194
12/16/2004,MKL,TN,ASO,CE,Federal Contract Tower,0,8,11,2,21,0,0,44,8,52,0,8,55,10,73,98,8,106,179
12/17/2004,MKL,TN,ASO,CE,Federal Contract Tower,0,9,14,2,25,0,6,56,4,66,0,15,70,6,91,48,4,52,143
12/18/2004,MKL,TN,ASO,CE,Federal Contract Tower,0,2,2,1,5,0,0,35,1,36,0,2,37,2,41,2,4,6,47
12/19/2004,MKL,TN,ASO,CE,Federal Contract Tower,0,4,5,1,10,0,0,13,0,13,0,4,18,1,23,18,0,18,41
12/20/2004,MKL,TN,ASO,CE,Federal Contract Tower,0,7,7,5,19,0,5,42,1,48,0,12,49,6,67,30,30,60,127
12/21/2004,MKL,TN,ASO,CE,Federal Contract Tower,0,11,14,2,27,0,8,23,3,34,0,19,37,5,61,18,48,66,127
12/22/2004,MKL,TN,ASO,CE,Federal Contract Tower,0,4,6,0,10,0,0,0,0,0,0,4,6,0,10,0,0,0,10
12/23/2004,MKL,TN,ASO,CE,Federal Contract Tower,0,0,3,0,3,0,0,1,0,1,0,0,4,0,4,0,0,0,4
12/24/2004,MKL,TN,ASO,CE,Federal Contract Tower,0,0,6,0,6,0,2,7,0,9,0,2,13,0,15,6,0,6,21
12/25/2004,MKL,TN,ASO,CE,Federal Contract Tower,0,0,1,0,1,0,0,0,0,0,0,0,1,0,1,0,0,0,1
12/26/2004,MKL,TN,ASO,CE,Federal Contract Tower,0,0,5,0,5,0,0,12,0,12,0,0,17,0,17,2,0,2,19
12/27/2004,MKL,TN,ASO,CE,Federal Contract Tower,0,8,12,0,20,0,0,19,0,19,0,8,31,0,39,2,0,2,41
12/28/2004,MKL,TN,ASO,CE,Federal Contract Tower,0,12,9,5,26,0,0,21,1,22,0,12,30,6,48,12,2,14,62
12/29/2004,MKL,TN,ASO,CE,Federal Contract Tower,0,8,17,4,29,0,0,21,2,23,0,8,38,6,52,32,10,42,94
12/30/2004,MKL,TN,ASO,CE,Federal Contract Tower,0,8,9,0,17,0,0,32,4,36,0,8,41,4,53,120,10,130,183
12/31/2004,MKL,TN,ASO,CE,Federal Contract Tower,0,8,11,0,19,0,0,16,0,16,0,8,27,0,35,32,0,32,67
01/01/2005,MKL,TN,ASO,CE,Federal Contract Tower,0,0,8,0,8,0,0,27,0,27,0,0,35,0,35,32,0,32,67
01/02/2005,MKL,TN,ASO,CE,Federal Contract Tower,0,2,18,0,20,0,0,0,0,0,0,2,18,0,20,0,0,0,20
01/03/2005,MKL,TN,ASO,CE,Federal Contract Tower,0,5,4,0,9,0,0,8,0,8,0,5,12,0,17,0,0,0,17
01/04/2005,MKL,TN,ASO,CE,Federal Contract Tower,0,7,13,0,20,0,1,7,0,8,0,8,20,0,28,28,0,28,56
01/05/2005,MKL,TN,ASO,CE,Federal Contract Tower,0,11,17,0,28,0,0,12,5,17,0,11,29,5,45,12,12,24,69
01/06/2005,MKL,TN,ASO,CE,Federal Contract Tower,0,12,20,2,34,0,0,18,17,35,0,12,38,19,69,78,68,146,215
01/07/2005,MKL,TN,ASO,CE,Federal Contract Tower,0,13,13,0,26,0,0,7,10,17,0,13,20,10,43,22,80,102,145
01/08/2005,MKL,TN,ASO,CE,Federal Contract Tower,0,3,9,5,17,0,0,9,16,25,0,3,18,21,42,22,18,40,82
01/09/2005,MKL,TN,ASO,CE,Federal Contract Tower,0,4,8,1,13,0,0,35,5,40,0,4,43,6,53,10,12,22,75
01/10/2005,MKL,TN,ASO,CE,Federal Contract Tower,0,8,23,0,31,0,0,20,0,20,0,8,43,0,51,20,0,20,71
01/11/2005,MKL,TN,ASO,CE,Federal Contract Tower,0,11,23,0,34,0,0,13,6,19,0,11,36,6,53,24,38,62,115
01/12/2005,MKL,TN,ASO,CE,Federal Contract Tower,0,9,26,5,40,0,0,14,2,16,0,9,40,7,56,22,10,32,88
01/13/2005,MKL,TN,ASO,CE,Federal Contract Tower,0,11,4,0,15,0,9,8,7,24,0,20,12,7,39,12,40,52,91
01/14/2005,MKL,TN,ASO,CE,Federal Contract Tower,0,10,23,0,33,0,0,34,1,35,0,10,57,1,68,40,10,50,118
01/15/2005,MKL,TN,ASO,CE,Federal Contract Tower,0,2,5,0,7,0,0,66,0,66,0,2,71,0,73,32,0,32,105
01/16/2005,MKL,TN,ASO,CE,Federal Contract Tower,0,2,10,0,12,0,0,13,0,13,0,2,23,0,25,16,0,16,41
01/17/2005,MKL,TN,ASO,CE,Federal Contract Tower,0,2,16,0,18,0,1,62,0,63,0,3,78,0,81,32,0,32,113
01/18/2005,MKL,TN,ASO,CE,Federal Contract Tower,0,6,8,0,14,0,1,34,6,41,0,7,42,6,55,46,26,72,127
01/19/2005,MKL,TN,ASO,CE,Federal Contract Tower,0,13,19,0,32,0,12,38,6,56,0,25,57,6,88,42,22,64,152
01/20/2005,MKL,TN,ASO,CE,Federal Contract Tower,0,9,11,0,20,0,6,61,5,72,0,15,72,5,92,86,4,90,182
01/21/2005,MKL,TN,ASO,CE,Federal Contract Tower,0,8,19,0,27,0,4,51,18,73,0,12,70,18,100,120,14,134,234
01/22/2005,MKL,TN,ASO,CE,Federal Contract Tower,0,2,0,0,2,0,0,6,20,26,0,2,6,20,28,14,8,22,50
01/23/2005,MKL,TN,ASO,CE,Federal Contract Tower,0,2,7,0,9,0,0,48,13,61,0,2,55,13,70,10,12,22,92
01/24/2005,MKL,TN,ASO,CE,Federal Contract Tower,0,8,9,2,19,0,0,43,0,43,0,8,52,2,62,32,2,34,96
01/25/2005,MKL,TN,ASO,CE,Federal Contract Tower,0,8,7,0,15,0,4,51,6,61,0,12,58,6,76,84,10,94,170
01/26/2005,MKL,TN,ASO,CE,Federal Contract Tower,0,15,17,2,34,0,0,48,6,54,0,15,65,8,88,38,4,42,130
01/27/2005,MKL,TN,ASO,CE,Federal Contract Tower,0,8,14,0,22,0,0,26,2,28,0,8,40,2,50,40,0,40,90
01/28/2005,MKL,TN,ASO,CE,Federal Contract Tower,0,9,15,0,24,0,0,17,0,17,0,9,32,0,41,50,0,50,91
01/29/2005,MKL,TN,ASO,CE,Federal Contract Tower,0,4,1,0,5,0,0,0,0,0,0,4,1,0,5,0,0,0,5
01/30/2005,MKL,TN,ASO,CE,Federal Contract Tower,0,6,9,0,15,0,0,4,0,4,0,6,13,0,19,0,0,0,19
01/31/2005,MKL,TN,ASO,CE,Federal Contract Tower,0,12,18,0,30,0,0,28,0,28,0,12,46,0,58,92,0,92,150
02/01/2005,MKL,TN,ASO,CE,Federal Contract Tower,0,9,18,4,31,0,0,0,0,0,0,9,18,4,31,0,4,4,35
02/02/2005,MKL,TN,ASO,CE,Federal Contract Tower,0,13,15,2,30,0,0,0,8,8,0,13,15,10,38,2,30,32,70
02/03/2005,MKL,TN,ASO,CE,Federal Contract Tower,0,8,17,0,25,0,0,20,24,44,0,8,37,24,69,34,24,58,127
02/04/2005,MKL,TN,ASO,CE,Federal Contract Tower,0,8,15,2,25,0,4,50,37,91,0,12,65,39,116,110,28,138,254
02/05/2005,MKL,TN,ASO,CE,Federal Contract Tower,0,2,0,0,2,0,0,52,26,78,0,2,52,26,80,54,50,104,184
02/06/2005,MKL,TN,ASO,CE,Federal Contract Tower,0,2,10,0,12,0,0,32,14,46,0,2,42,14,58,8,2,10,68
02/07/2005,MKL,TN,ASO,CE,Federal Contract Tower,0,10,5,0,15,0,0,0,0,0,0,10,5,0,15,0,0,0,15
02/08/2005,MKL,TN,ASO,CE,Federal Contract Tower,0,6,12,0,18,0,0,0,0,0,0,6,12,0,18,2,0,2,20
02/09/2005,MKL,TN,ASO,CE,Federal Contract Tower,0,8,18,1,27,0,0,0,0,0,0,8,18,1,27,8,10,18,45
02/10/2005,MKL,TN,ASO,CE,Federal Contract Tower,0,8,16,2,26,0,15,44,10,69,0,23,60,12,95,102,34,136,231
02/11/2005,MKL,TN,ASO,CE,Federal Contract Tower,0,9,9,2,20,0,8,81,19,108,0,17,90,21,128,138,42,180,308
02/12/2005,MKL,TN,ASO,CE,Federal Contract Tower,0,3,3,0,6,0,2,59,0,61,0,5,62,0,67,98,0,98,165
02/13/2005,MKL,TN,ASO,CE,Federal Contract Tower,0,2,15,0,17,0,0,0,0,0,0,2,15,0,17,0,0,0,17
02/14/2005,MKL,TN,ASO,CE,Federal Contract Tower,0,9,12,5,26,0,0,49,7,56,0,9,61,12,82,54,16,70,152
02/15/2005,MKL,TN,ASO,CE,Federal Contract Tower,0,11,19,4,34,0,12,61,12,85,0,23,80,16,119,58,8,66,185
02/16/2005,MKL,TN,ASO,CE,Federal Contract Tower,0,9,11,2,22,0,0,33,7,40,0,9,44,9,62,6,8,14,76
02/17/2005,MKL,TN,ASO,CE,Federal Contract Tower,0,10,16,2,28,0,0,42,9,51,0,10,58,11,79,68,20,88,167
02/18/2005,MKL,TN,ASO,CE,Federal Contract Tower,0,6,18,8,32,0,0,42,9,51,0,6,60,17,83,76,36,112,195
02/19/2005,MKL,TN,ASO,CE,Federal Contract Tower,0,4,6,0,10,0,0,23,11,34,0,4,29,11,44,28,2,30,74
02/20/2005,MKL,TN,ASO,CE,Federal Contract Tower,0,2,5,0,7,0,0,0,0,0,0,2,5,0,7,0,46,46,53
02/21/2005,MKL,TN,ASO,CE,Federal Contract Tower,0,5,12,0,17,0,0,21,0,21,0,5,33,0,38,18,0,18,56
02/22/2005,MKL,TN,ASO,CE,Federal Contract Tower,0,12,25,8,45,0,4,25,0,29,0,16,50,8,74,102,8,110,184
02/23/2005,MKL,TN,ASO,CE,Federal Contract Tower,0,13,19,0,32,0,0,9,3,12,0,13,28,3,44,20,8,28,72
02/24/2005,MKL,TN,ASO,CE,Federal Contract Tower,0,10,15,5,30,0,0,15,6,21,0,10,30,11,51,18,44,62,113
02/25/2005,MKL,TN,ASO,CE,Federal Contract Tower,0,8,14,2,24,0,0,58,48,106,0,8,72,50,130,56,22,78,208
02/26/2005,MKL,TN,ASO,CE,Federal Contract Tower,0,4,10,0,14,0,4,64,31,99,0,8,74,31,113,14,0,14,127
02/27/2005,MKL,TN,ASO,CE,Federal Contract Tower,0,4,10,0,14,0,0,39,0,39,0,4,49,0,53,80,0,80,133
02/28/2005,MKL,TN,ASO,CE,Federal Contract Tower,0,10,1,0,11,0,0,18,5,23,0,10,19,5,34,14,10,24,58
03/01/2005,MKL,TN,ASO,CE,Federal Contract Tower,0,10,6,0,16,0,0,42,6,48,0,10,48,6,64,68,16,84,148
03/02/2005,MKL,TN,ASO,CE,Federal Contract Tower,0,9,13,0,22,0,4,32,4,40,0,13,45,4,62,38,0,38,100
03/03/2005,MKL,TN,ASO,CE,Federal Contract Tower,0,9,5,5,19,0,0,50,15,65,0,9,55,20,84,60,34,94,178
03/04/2005,MKL,TN,ASO,CE,Federal Contract Tower,0,9,14,11,34,0,4,41,14,59,0,13,55,25,93,38,18,56,149
03/05/2005,MKL,TN,ASO,CE,Federal Contract Tower,0,2,1,0,3,0,4,43,18,65,0,6,44,18,68,10,16,26,94
03/06/2005,MKL,TN,ASO,CE,Federal Contract Tower,0,2,6,0,8,0,0,42,25,67,0,2,48,25,75,2,8,10,85
03/07/2005,MKL,TN,ASO,CE,Federal Contract Tower,0,12,11,1,24,0,0,10,1,11,0,12,21,2,35,48,2,50,85
03/08/2005,MKL,TN,ASO,CE,Federal Contract Tower,0,9,16,6,31,0,0,44,2,46,0,9,60,8,77,30,6,36,113
03/09/2005,MKL,TN,ASO,CE,Federal Contract Tower,0,6,16,0,22,0,0,6,11,17,0,6,22,11,39,24,86,110,149
03/10/2005,MKL,TN,ASO,CE,Federal Contract Tower,0,10,20,0,30,0,0,35,7,42,0,10,55,7,72,38,10,48,120
03/11/2005,MKL,TN,ASO,CE,Federal Contract Tower,0,8,11,0,19,0,4,24,3,31,0,12,35,3,50,12,4,16,66
03/12/2005,MKL,TN,ASO,CE,Federal Contract Tower,0,1,6,0,7,0,0,52,0,52,0,1,58,0,59,28,0,28,87
03/13/2005,MKL,TN,ASO,CE,Federal Contract Tower,0,2,7,0,9,0,1,43,0,44,0,3,50,0,53,38,0,38,91
03/14/2005,MKL,TN,ASO,CE,Federal Contract Tower,0,8,5,0,13,0,5,51,0,56,0,13,56,0,69,88,2,90,159
03/15/2005,MKL,TN,ASO,CE,Federal Contract Tower,0,8,10,0,18,0,4,40,3,47,0,12,50,3,65,68,0,68,133
03/16/2005,MKL,TN,ASO,CE,Federal Contract Tower,0,7,9,0,16,0,1,14,2,17,0,8,23,2,33,22,0,22,55
03/17/2005,MKL,TN,ASO,CE,Federal Contract Tower,0,10,15,8,33,0,1,32,12,45,0,11,47,20,78,56,12,68,146
03/18/2005,MKL,TN,ASO,CE,Federal Contract Tower,0,7,27,0,34,0,0,31,15,46,0,7,58,15,80,34,14,48,128
03/19/2005,MKL,TN,ASO,CE,Federal Contract Tower,0,2,5,0,7,0,2,30,9,41,0,4,35,9,48,18,6,24,72
03/20/2005,MKL,TN,ASO,CE,Federal Contract Tower,0,2,8,0,10,0,0,52,4,56,0,2,60,4,66,58,2,60,126
03/21/2005,MKL,TN,ASO,CE,Federal Contract Tower,0,8,14,0,22,0,0,21,11,32,0,8,35,11,54,48,8,56,110
03/22/2005,MKL,TN,ASO,CE,Federal Contract Tower,0,9,13,0,22,0,0,32,0,32,0,9,45,0,54,78,0,78,132
03/23/2005,MKL,TN,ASO,CE,Federal Contract Tower,0,9,9,0,18,0,0,6,7,13,0,9,15,7,31,8,0,8,39
03/24/2005,MKL,TN,ASO,CE,Federal Contract Tower,0,8,17,0,25,0,0,23,7,30,0,8,40,7,55,84,34,118,173
03/25/2005,MKL,TN,ASO,CE,Federal Contract Tower,0,9,10,0,19,0,0,40,2,42,0,9,50,2,61,88,4,92,153
03/26/2005,MKL,TN,ASO,CE,Federal Contract Tower,0,2,11,0,13,0,10,28,0,38,0,12,39,0,51,60,0,60,111
03/27/2005,MKL,TN,ASO,CE,Federal Contract Tower,0,2,6,0,8,0,0,0,0,0,0,2,6,0,8,0,0,0,8
03/28/2005,MKL,TN,ASO,CE,Federal Contract Tower,0,8,21,1,30,0,2,35,77,114,0,10,56,78,144,12,16,28,172
03/29/2005,MKL,TN,ASO,CE,Federal Contract Tower,0,10,13,2,25,0,0,61,7,68,0,10,74,9,93,114,0,114,207
03/30/2005,MKL,TN,ASO,CE,Federal Contract Tower,0,10,7,2,19,0,0,38,0,38,0,10,45,2,57,112,4,116,173
03/31/2005,MKL,TN,ASO,CE,Federal Contract Tower,0,8,8,0,16,0,0,43,0,43,0,8,51,0,59,114,0,114,173
04/01/2005,MKL,TN,ASO,CE,Federal Contract Tower,0,8,13,0,21,0,4,20,0,24,0,12,33,0,45,62,0,62,107
04/02/2005,MKL,TN,ASO,CE,Federal Contract Tower,0,2,6,0,8,0,0,44,0,44,0,2,50,0,52,42,0,42,94
04/03/2005,MKL,TN,ASO,CE,Federal Contract Tower,0,2,17,0,19,0,0,43,0,43,0,2,60,0,62,88,0,88,150
04/04/2005,MKL,TN,ASO,CE,Federal Contract Tower,0,8,10,2,20,0,1,49,0,50,0,9,59,2,70,52,2,54,124
04/05/2005,MKL,TN,ASO,CE,Federal Contract Tower,0,4,13,8,25,0,0,34,3,37,0,4,47,11,62,78,22,100,162
04/06/2005,MKL,TN,ASO,CE,Federal Contract Tower,0,6,10,0,16,0,0,0,0,0,0,6,10,0,16,0,0,0,16
04/07/2005,MKL,TN,ASO,CE,Federal Contract Tower,0,4,29,2,35,0,1,15,0,16,0,5,44,2,51,12,0,12,63
04/08/2005,MKL,TN,ASO,CE,Federal Contract Tower,0,8,28,2,38,0,0,9,0,9,0,8,37,2,47,56,14,70,117
04/09/2005,MKL,TN,ASO,CE,Federal Contract Tower,0,2,8,0,10,0,2,46,0,48,0,4,54,0,58,42,0,42,100
04/10/2005,MKL,TN,ASO,CE,Federal Contract Tower,0,2,5,0,7,0,0,30,0,30,0,2,35,0,37,44,0,44,81
04/11/2005,MKL,TN,ASO,CE,Federal Contract Tower,0,8,17,0,25,0,0,0,0,0,0,8,17,0,25,0,0,0,25
04/12/2005,MKL,TN,ASO,CE,Federal Contract Tower,0,9,10,0,19,0,0,32,8,40,0,9,42,8,59,98,46,144,203
04/13/2005,MKL,TN,ASO,CE,Federal Contract Tower,0,10,20,0,30,0,0,0,11,11,0,10,20,11,41,6,42,48,89
04/14/2005,MKL,TN,ASO,CE,Federal Contract Tower,0,8,7,1,16,0,0,48,4,52,0,8,55,5,68,124,2,126,194
04/15/2005,MKL,TN,ASO,CE,Federal Contract Tower,0,8,11,0,19,0,8,80,2,90,0,16,91,2,109,150,0,150,259
04/16/2005,MKL,TN,ASO,CE,Federal Contract Tower,0,2,10,0,12,0,0,43,19,62,0,2,53,19,74,58,8,66,140
04/17/2005,MKL,TN,ASO,CE,Federal Contract Tower,0,2,11,0,13,0,0,44,29,73,0,2,55,29,86,40,30,70,156
04/18/2005,MKL,TN,ASO,CE,Federal Contract Tower,0,6,16,0,22,0,0,43,18,61,0,6,59,18,83,48,44,92,175
04/19/2005,MKL,TN,ASO,CE,Federal Contract Tower,0,9,8,0,17,0,0,49,9,58,0,9,57,9,75,80,24,104,179
04/20/2005,MKL,TN,ASO,CE,Federal Contract Tower,0,9,6,2,17,0,0,69,12,81,0,9,75,14,98,96,34,130,228
04/21/2005,MKL,TN,ASO,CE,Federal Contract Tower,0,10,16,7,33,0,0,40,1,41,0,10,56,8,74,122,16,138,212
04/22/2005,MKL,TN,ASO,CE,Federal Contract Tower,0,8,17,0,25,0,5,34,13,52,0,13,51,13,77,28,20,48,125
04/23/2005,MKL,TN,ASO,CE,Federal Contract Tower,0,2,8,0,10,0,0,24,0,24,0,2,32,0,34,22,0,22,56
04/24/2005,MKL,TN,ASO,CE,Federal Contract Tower,0,2,17,0,19,0,0,40,37,77,0,2,57,37,96,30,0,30,126
04/25/2005,MKL,TN,ASO,CE,Federal Contract Tower,0,7,20,0,27,0,0,34,9,43,0,7,54,9,70,22,25,47,117
04/26/2005,MKL,TN,ASO,CE,Federal Contract Tower,0,9,18,0,27,0,0,8,0,8,0,9,26,0,35,10,0,10,45
04/27/2005,MKL,TN,ASO,CE,Federal Contract Tower,0,7,12,0,19,0,0,50,2,52,0,7,62,2,71,82,4,86,157
04/28/2005,MKL,TN,ASO,CE,Federal Contract Tower,0,7,12,0,19,0,0,5,2,7,0,7,17,2,26,20,0,20,46
04/29/2005,MKL,TN,ASO,CE,Federal Contract Tower,0,8,11,0,19,0,0,18,1,19,0,8,29,1,38,20,0,20,58
04/30/2005,MKL,TN,ASO,CE,Federal Contract Tower,0,2,4,0,6,0,0,7,0,7,0,2,11,0,13,0,0,0,13
05/01/2005,MKL,TN,ASO,CE,Federal Contract Tower,0,3,11,0,14,0,0,42,0,42,0,3,53,0,56,28,0,28,84
05/02/2005,MKL,TN,ASO,CE,Federal Contract Tower,0,10,11,1,22,0,0,34,2,36,0,10,45,3,58,52,6,58,116
05/03/2005,MKL,TN,ASO,CE,Federal Contract Tower,0,7,13,0,20,0,0,40,4,44,0,7,53,4,64,30,2,32,96
05/04/2005,MKL,TN,ASO,CE,Federal Contract Tower,0,7,9,2,18,0,0,71,4,75,0,7,80,6,93,76,10,86,179
05/05/2005,MKL,TN,ASO,CE,Federal Contract Tower,0,11,16,4,31,0,0,49,8,57,0,11,65,12,88,96,22,118,206
05/06/2005,MKL,TN,ASO,CE,Federal Contract Tower,0,7,12,0,19,0,8,65,7,80,0,15,77,7,99,122,12,134,233
05/07/2005,MKL,TN,ASO,CE,Federal Contract Tower,0,2,8,0,10,0,0,44,0,44,0,2,52,0,54,30,0,30,84
05/08/2005,MKL,TN,ASO,CE,Federal Contract Tower,0,2,5,0,7,0,0,27,1,28,0,2,32,1,35,18,0,18,53
05/09/2005,MKL,TN,ASO,CE,Federal Contract Tower,0,8,15,1,24,0,1,14,3,18,0,9,29,4,42,0,0,0,42
05/10/2005,MKL,TN,ASO,CE,Federal Contract Tower,0,7,9,0,16,0,4,23,3,30,0,11,32,3,46,22,0,22,68
05/11/2005,MKL,TN,ASO,CE,Federal Contract Tower,0,7,4,4,15,0,0,54,8,62,0,7,58,12,77,70,26,96,173
05/12/2005,MKL,TN,ASO,CE,Federal Contract Tower,0,13,13,0,26,0,2,37,19,58,0,15,50,19,84,78,42,120,204
05/13/2005,MKL,TN,ASO,CE,Federal Contract Tower,0,7,17,4,28,0,4,28,4,36,0,11,45,8,64,16,4,20,84
05/14/2005,MKL,TN,ASO,CE,Federal Contract Tower,0,2,5,0,7,0,0,34,6,40,0,2,39,6,47,20,6,26,73
05/15/2005,MKL,TN,ASO,CE,Federal Contract Tower,0,2,10,0,12,0,0,60,9,69,0,2,70,9,81,70,4,74,155
05/16/2005,MKL,TN,ASO,CE,Federal Contract Tower,0,7,14,0,21,0,0,30,0,30,0,7,44,0,51,22,0,22,73
05/17/2005,MKL,TN,ASO,CE,Federal Contract Tower,0,7,6,0,13,0,2,71,13,86,0,9,77,13,99,80,20,100,199
05/18/2005,MKL,TN,ASO,CE,Federal Contract Tower,0,7,6,0,13,0,0,66,3,69,0,7,72,3,82,108,0,108,190
05/19/2005,MKL,TN,ASO,CE,Federal Contract Tower,0,8,11,2,21,0,0,18,6,24,0,8,29,8,45,24,12,36,81
05/20/2005,MKL,TN,ASO,CE,Federal Contract Tower,0,8,22,0,30,0,0,43,3,46,0,8,65,3,76,70,10,80,156
05/21/2005,MKL,TN,ASO,CE,Federal Contract Tower,0,2,8,0,10,0,4,34,11,49,0,6,42,11,59,20,4,24,83
05/22/2005,MKL,TN,ASO,CE,Federal Contract Tower,0,2,9,0,11,0,0,30,6,36,0,2,39,6,47,22,0,22,69
05/23/2005,MKL,TN,ASO,CE,Federal Contract Tower,0,7,16,0,23,0,1,44,9,54,0,8,60,9,77,34,0,34,111
05/24/2005,MKL,TN,ASO,CE,Federal Contract Tower,0,10,10,0,20,0,2,60,0,62,0,12,70,0,82,94,0,94,176
05/25/2005,MKL,TN,ASO,CE,Federal Contract Tower,0,7,13,0,20,0,0,80,8,88,0,7,93,8,108,88,10,98,206
05/26/2005,MKL,TN,ASO,CE,Federal Contract Tower,0,8,12,2,22,0,4,41,6,51,0,12,53,8,73,34,6,40,113
05/27/2005,MKL,TN,ASO,CE,Federal Contract Tower,0,8,16,0,24,0,3,24,5,32,0,11,40,5,56,34,12,46,102
05/28/2005,MKL,TN,ASO,CE,Federal Contract Tower,0,3,13,0,16,0,0,8,4,12,0,3,21,4,28,4,0,4,32
05/29/2005,MKL,TN,ASO,CE,Federal Contract Tower,0,2,13,0,15,0,0,26,0,26,0,2,39,0,41,26,0,26,67
05/30/2005,MKL,TN,ASO,CE,Federal Contract Tower,0,5,9,2,16,0,1,37,7,45,0,6,46,9,61,28,0,28,89
05/31/2005,MKL,TN,ASO,CE,Federal Contract Tower,0,4,9,2,15,0,0,41,0,41,0,4,50,2,56,68,4,72,128
06/01/2005,MKL,TN,ASO,CE,Federal Contract Tower,0,9,13,0,22,0,0,2,0,2,0,9,15,0,24,2,0,2,26
06/02/2005,MKL,TN,ASO,CE,Federal Contract Tower,0,8,28,8,44,0,0,1,0,1,0,8,29,8,45,10,14,24,69
06/03/2005,MKL,TN,ASO,CE,Federal Contract Tower,0,7,19,0,26,0,0,41,9,50,0,7,60,9,76,86,10,96,172
06/04/2005,MKL,TN,ASO,CE,Federal Contract Tower,0,5,7,0,12,0,2,40,11,53,0,7,47,11,65,54,24,78,143
06/05/2005,MKL,TN,ASO,CE,Federal Contract Tower,0,3,13,0,16,0,0,45,27,72,0,3,58,27,88,4,10,14,102
06/06/2005,MKL,TN,ASO,CE,Federal Contract Tower,0,11,6,0,17,0,0,33,24,57,0,11,39,24,74,6,50,56,130
06/07/2005,MKL,TN,ASO,CE,Federal Contract Tower,0,9,24,10,43,0,1,36,8,45,0,10,60,18,88,54,28,82,170
06/08/2005,MKL,TN,ASO,CE,Federal Contract Tower,0,10,22,2,34,0,2,33,19,54,0,12,55,21,88,42,28,70,158
06/09/2005,MKL,TN,ASO,CE,Federal Contract Tower,0,7,15,0,22,0,0,30,5,35,0,7,45,5,57,20,4,24,81
06/10/2005,MKL,TN,ASO,CE,Federal Contract Tower,0,7,21,0,28,0,0,16,4,20,0,7,37,4,48,34,20,54,102
06/11/2005,MKL,TN,ASO,CE,Federal Contract Tower,0,2,6,0,8,0,0,18,0,18,0,2,24,0,26,20,0,20,46
06/12/2005,MKL,TN,ASO,CE,Federal Contract Tower,0,3,12,0,15,0,0,2,0,2,0,3,14,0,17,20,0,20,37
06/13/2005,MKL,TN,ASO,CE,Federal Contract Tower,0,12,8,0,20,0,0,41,0,41,0,12,49,0,61,48,0,48,109
06/14/2005,MKL,TN,ASO,CE,Federal Contract Tower,0,10,9,2,21,0,0,31,3,34,0,10,40,5,55,50,10,60,115
06/15/2005,MKL,TN,ASO,CE,Federal Contract Tower,0,12,11,0,23,0,1,53,7,61,0,13,64,7,84,68,12,80,164
06/16/2005,MKL,TN,ASO,CE,Federal Contract Tower,0,10,14,0,24,0,0,41,3,44,0,10,55,3,68,76,0,76,144
06/17/2005,MKL,TN,ASO,CE,Federal Contract Tower,0,10,22,0,32,0,10,63,4,77,0,20,85,4,109,86,0,86,195
06/18/2005,MKL,TN,ASO,CE,Federal Contract Tower,0,2,20,0,22,0,0,80,0,80,0,2,100,0,102,54,0,54,156
06/19/2005,MKL,TN,ASO,CE,Federal Contract Tower,0,2,9,0,11,0,0,41,0,41,0,2,50,0,52,34,0,34,86
06/20/2005,MKL,TN,ASO,CE,Federal Contract Tower,0,7,7,2,16,0,3,49,4,56,0,10,56,6,72,21,8,29,101
06/21/2005,MKL,TN,ASO,CE,Federal Contract Tower,0,12,11,3,26,0,7,34,5,46,0,19,45,8,72,110,24,134,206
06/22/2005,MKL,TN,ASO,CE,Federal Contract Tower,0,9,17,6,32,0,0,31,12,43,0,9,48,18,75,34,22,56,131
06/23/2005,MKL,TN,ASO,CE,Federal Contract Tower,0,9,8,0,17,0,0,34,6,40,0,9,42,6,57,50,8,58,115
06/24/2005,MKL,TN,ASO,CE,Federal Contract Tower,0,5,20,5,30,0,8,35,7,50,0,13,55,12,80,100,30,130,210
06/25/2005,MKL,TN,ASO,CE,Federal Contract Tower,0,4,13,0,17,0,2,58,16,76,0,6,71,16,93,36,0,36,129
06/26/2005,MKL,TN,ASO,CE,Federal Contract Tower,0,2,5,0,7,0,4,19,16,39,0,6,24,16,46,38,2,40,86
06/27/2005,MKL,TN,ASO,CE,Federal Contract Tower,0,7,7,2,16,0,0,29,0,29,0,7,36,2,45,72,0,72,117
06/28/2005,MKL,TN,ASO,CE,Federal Contract Tower,0,7,13,0,20,0,5,38,1,44,0,12,51,1,64,36,0,36,100
06/29/2005,MKL,TN,ASO,CE,Federal Contract Tower,0,8,22,0,30,0,0,38,2,40,0,8,60,2,70,70,0,70,140
06/30/2005,MKL,TN,ASO,CE,Federal Contract Tower,0,8,14,0,22,0,0,41,6,47,0,8,55,6,69,16,0,16,85
07/01/2005,MKL,TN,ASO,CE,Federal Contract Tower,0,6,8,0,14,0,0,22,2,24,0,6,30,2,38,18,0,18,56
07/02/2005,MKL,TN,ASO,CE,Federal Contract Tower,0,3,4,0,7,0,0,44,0,44,0,3,48,0,51,24,0,24,75
07/03/2005,MKL,TN,ASO,CE,Federal Contract Tower,0,3,7,0,10,0,1,24,0,25,0,4,31,0,35,2,0,2,37
07/04/2005,MKL,TN,ASO,CE,Federal Contract Tower,0,2,5,0,7,0,0,19,0,19,0,2,24,0,26,10,0,10,36
07/05/2005,MKL,TN,ASO,CE,Federal Contract Tower,0,9,10,4,23,0,6,30,0,36,0,15,40,4,59,38,8,46,105
07/06/2005,MKL,TN,ASO,CE,Federal Contract Tower,0,7,8,0,15,0,0,34,0,34,0,7,42,0,49,50,0,50,99
07/07/2005,MKL,TN,ASO,CE,Federal Contract Tower,0,6,23,0,29,0,9,37,4,50,0,15,60,4,79,84,0,84,163
07/08/2005,MKL,TN,ASO,CE,Federal Contract Tower,0,10,14,0,24,0,4,50,10,64,0,14,64,10,88,110,8,118,206
07/09/2005,MKL,TN,ASO,CE,Federal Contract Tower,0,3,10,1,14,0,0,32,3,35,0,3,42,4,49,46,0,46,95
07/10/2005,MKL,TN,ASO,CE,Federal Contract Tower,0,3,11,0,14,0,0,34,10,44,0,3,45,10,58,30,4,34,92
07/11/2005,MKL,TN,ASO,CE,Federal Contract Tower,0,8,8,0,16,0,0,0,0,0,0,8,8,0,16,0,0,0,16
07/12/2005,MKL,TN,ASO,CE,Federal Contract Tower,0,11,12,2,25,0,0,35,0,35,0,11,47,2,60,42,0,42,102
07/13/2005,MKL,TN,ASO,CE,Federal Contract Tower,0,10,16,5,31,0,0,29,7,36,0,10,45,12,67,40,22,62,129
07/14/2005,MKL,TN,ASO,CE,Federal Contract Tower,0,8,16,0,24,0,0,37,3,40,0,8,53,3,64,30,4,34,98
07/15/2005,MKL,TN,ASO,CE,Federal Contract Tower,0,11,14,0,25,0,1,26,4,31,0,12,40,4,56,54,0,54,110
07/16/2005,MKL,TN,ASO,CE,Federal Contract Tower,0,6,5,0,11,0,0,10,0,10,0,6,15,0,21,24,0,24,45
07/17/2005,MKL,TN,ASO,CE,Federal Contract Tower,0,2,6,0,8,0,0,22,0,22,0,2,28,0,30,24,0,24,54
07/18/2005,MKL,TN,ASO,CE,Federal Contract Tower,0,6,20,0,26,0,4,47,3,54,0,10,67,3,80,70,4,74,154
07/19/2005,MKL,TN,ASO,CE,Federal Contract Tower,0,9,12,0,21,0,8,38,12,58,0,17,50,12,79,38,14,52,131
07/20/2005,MKL,TN,ASO,CE,Federal Contract Tower,0,8,16,0,24,0,0,44,17,61,0,8,60,17,85,58,0,58,143
07/21/2005,MKL,TN,ASO,CE,Federal Contract Tower,0,8,15,6,29,0,0,30,11,41,0,8,45,17,70,66,16,82,152
07/22/2005,MKL,TN,ASO,CE,Federal Contract Tower,0,4,10,3,17,0,8,45,12,65,0,12,55,15,82,70,50,120,202
07/23/2005,MKL,TN,ASO,CE,Federal Contract Tower,0,4,8,0,12,0,0,96,18,114,0,4,104,18,126,130,20,150,276
07/24/2005,MKL,TN,ASO,CE,Federal Contract Tower,0,2,2,0,4,0,0,40,0,40,0,2,42,0,44,34,0,34,78
07/25/2005,MKL,TN,ASO,CE,Federal Contract Tower,0,8,9,0,17,0,0,40,0,40,0,8,49,0,57,38,0,38,95
07/26/2005,MKL,TN,ASO,CE,Federal Contract Tower,0,9,14,0,23,0,0,36,0,36,0,9,50,0,59,68,0,68,127
07/27/2005,MKL,TN,ASO,CE,Federal Contract Tower,0,8,14,0,22,0,0,26,0,26,0,8,40,0,48,40,0,40,88
07/28/2005,MKL,TN,ASO,CE,Federal Contract Tower,0,9,23,0,32,0,0,17,0,17,0,9,40,0,49,26,0,26,75
07/29/2005,MKL,TN,ASO,CE,Federal Contract Tower,0,7,11,3,21,0,4,29,2,35,0,11,40,5,56,66,0,66,122
07/30/2005,MKL,TN,ASO,CE,Federal Contract Tower,0,2,9,0,11,0,0,32,0,32,0,2,41,0,43,4,8,12,55
07/31/2005,MKL,TN,ASO,CE,Federal Contract Tower,0,4,5,0,9,0,0,31,1,32,0,4,36,1,41,12,0,12,53
08/01/2005,MKL,TN,ASO,CE,Federal Contract Tower,0,9,13,0,22,0,0,34,0,34,0,9,47,0,56,18,0,18,74
08/02/2005,MKL,TN,ASO,CE,Federal Contract Tower,0,7,7,1,15,0,0,53,3,56,0,7,60,4,71,118,0,118,189
08/03/2005,MKL,TN,ASO,CE,Federal Contract Tower,0,11,18,4,33,0,8,23,15,46,0,19,41,19,79,52,26,78,157
08/04/2005,MKL,TN,ASO,CE,Federal Contract Tower,0,8,20,9,37,0,0,40,11,51,0,8,60,20,88,62,20,82,170
08/05/2005,MKL,TN,ASO,CE,Federal Contract Tower,0,10,9,0,19,0,8,38,2,48,0,18,47,2,67,106,0,106,173
08/06/2005,MKL,TN,ASO,CE,Federal Contract Tower,0,2,5,0,7,0,1,16,0,17,0,3,21,0,24,6,0,6,30
08/07/2005,MKL,TN,ASO,CE,Federal Contract Tower,0,2,12,0,14,0,2,22,0,24,0,4,34,0,38,46,0,46,84
08/08/2005,MKL,TN,ASO,CE,Federal Contract Tower,0,8,9,2,19,0,0,25,2,27,0,8,34,4,46,36,50,86,132
08/09/2005,MKL,TN,ASO,CE,Federal Contract Tower,0,8,15,12,35,0,4,35,2,41,0,12,50,14,76,56,22,78,154
08/10/2005,MKL,TN,ASO,CE,Federal Contract Tower,0,7,17,0,24,0,8,47,7,62,0,15,64,7,86,76,10,86,172
08/11/2005,MKL,TN,ASO,CE,Federal Contract Tower,0,10,12,2,24,0,4,35,15,54,0,14,47,17,78,52,62,114,192
08/12/2005,MKL,TN,ASO,CE,Federal Contract Tower,0,7,18,0,25,0,0,42,0,42,0,7,60,0,67,38,0,38,105
08/13/2005,MKL,TN,ASO,CE,Federal Contract Tower,0,2,7,0,9,0,4,56,0,60,0,6,63,0,69,64,0,64,133
08/14/2005,MKL,TN,ASO,CE,Federal Contract Tower,0,4,5,0,9,0,0,36,0,36,0,4,41,0,45,46,0,46,91
08/15/2005,MKL,TN,ASO,CE,Federal Contract Tower,0,9,6,0,15,0,1,29,2,32,0,10,35,2,47,18,0,18,65
08/16/2005,MKL,TN,ASO,CE,Federal Contract Tower,0,9,9,0,18,0,0,22,10,32,0,9,31,10,50,32,10,42,92
08/17/2005,MKL,TN,ASO,CE,Federal Contract Tower,0,9,2,0,11,0,0,17,1,18,0,9,19,1,29,6,0,6,35
08/18/2005,MKL,TN,ASO,CE,Federal Contract Tower,0,10,8,3,21,0,1,42,4,47,0,11,50,7,68,58,10,68,136
08/19/2005,MKL,TN,ASO,CE,Federal Contract Tower,0,8,18,1,27,0,4,44,4,52,0,12,62,5,79,120,0,120,199
08/20/2005,MKL,TN,ASO,CE,Federal Contract Tower,0,2,3,0,5,0,0,43,11,54,0,2,46,11,59,18,0,18,77
08/21/2005,MKL,TN,ASO,CE,Federal Contract Tower,0,2,10,0,12,0,0,16,0,16,0,2,26,0,28,2,0,2,30
08/22/2005,MKL,TN,ASO,CE,Federal Contract Tower,0,10,16,0,26,0,1,51,0,52,0,11,67,0,78,36,0,36,114
08/23/2005,MKL,TN,ASO,CE,Federal Contract Tower,0,6,15,0,21,0,0,35,8,43,0,6,50,8,64,80,4,84,148
08/24/2005,MKL,TN,ASO,CE,Federal Contract Tower,0,13,6,0,19,0,0,24,5,29,0,13,30,5,48,8,6,14,62
08/25/2005,MKL,TN,ASO,CE,Federal Contract Tower,0,10,19,0,29,0,0,19,2,21,0,10,38,2,50,28,0,28,78
08/26/2005,MKL,TN,ASO,CE,Federal Contract Tower,0,10,13,0,23,0,0,15,7,22,0,10,28,7,45,14,66,80,125
08/27/2005,MKL,TN,ASO,CE,Federal Contract Tower,0,2,11,1,14,0,0,11,1,12,0,2,22,2,26,4,0,4,30
08/28/2005,MKL,TN,ASO,CE,Federal Contract Tower,0,2,7,0,9,0,0,23,2,25,0,2,30,2,34,28,0,28,62
08/29/2005,MKL,TN,ASO,CE,Federal Contract Tower,0,7,7,0,14,0,0,1,15,16,0,7,8,15,30,0,8,8,38
08/30/2005,MKL,TN,ASO,CE,Federal Contract Tower,0,4,2,0,6,0,4,1,0,5,0,8,3,0,11,0,0,0,11
08/31/2005,MKL,TN,ASO,CE,Federal Contract Tower,0,9,17,0,26,0,7,28,0,35,0,16,45,0,61,16,0,16,77
09/01/2005,MKL,TN,ASO,CE,Federal Contract Tower,0,11,12,10,33,0,4,54,0,58,0,15,66,10,91,66,20,86,177
09/02/2005,MKL,TN,ASO,CE,Federal Contract Tower,0,7,10,12,29,0,0,60,4,64,0,7,70,16,93,102,6,108,201
09/03/2005,MKL,TN,ASO,CE,Federal Contract Tower,0,2,11,2,15,0,0,24,2,26,0,2,35,4,41,12,2,14,55
09/04/2005,MKL,TN,ASO,CE,Federal Contract Tower,0,3,7,0,10,0,8,25,0,33,0,11,32,0,43,2,0,2,45
09/05/2005,MKL,TN,ASO,CE,Federal Contract Tower,0,4,5,0,9,0,0,32,0,32,0,4,37,0,41,12,0,12,53
09/06/2005,MKL,TN,ASO,CE,Federal Contract Tower,0,8,13,0,21,0,0,17,2,19,0,8,30,2,40,28,0,28,68
09/07/2005,MKL,TN,ASO,CE,Federal Contract Tower,0,10,13,0,23,0,0,32,9,41,0,10,45,9,64,90,20,110,174
09/08/2005,MKL,TN,ASO,CE,Federal Contract Tower,0,13,20,0,33,0,9,35,1,45,0,22,55,1,78,58,0,58,136
09/09/2005,MKL,TN,ASO,CE,Federal Contract Tower,0,8,18,5,31,0,4,32,10,46,0,12,50,15,77,90,48,138,215
09/10/2005,MKL,TN,ASO,CE,Federal Contract Tower,0,2,7,0,9,0,2,34,0,36,0,4,41,0,45,40,0,40,85
09/11/2005,MKL,TN,ASO,CE,Federal Contract Tower,0,2,5,0,7,0,2,32,0,34,0,4,37,0,41,16,0,16,57
09/12/2005,MKL,TN,ASO,CE,Federal Contract Tower,0,7,8,0,15,0,1,39,1,41,0,8,47,1,56,14,8,22,78
09/13/2005,MKL,TN,ASO,CE,Federal Contract Tower,0,16,20,0,36,0,12,37,2,51,0,28,57,2,87,42,0,42,129
09/14/2005,MKL,TN,ASO,CE,Federal Contract Tower,0,9,6,0,15,0,0,40,0,40,0,9,46,0,55,14,0,14,69
09/15/2005,MKL,TN,ASO,CE,Federal Contract Tower,0,13,12,0,25,0,0,13,0,13,0,13,25,0,38,18,0,18,56
09/16/2005,MKL,TN,ASO,CE,Federal Contract Tower,0,8,12,6,26,0,1,48,1,50,0,9,60,7,76,74,12,86,162
09/17/2005,MKL,TN,ASO,CE,Federal Contract Tower,0,2,11,0,13,0,8,28,2,38,0,10,39,2,51,56,0,56,107
09/18/2005,MKL,TN,ASO,CE,Federal Contract Tower,0,2,8,0,10,0,0,40,0,40,0,2,48,0,50,30,0,30,80
09/19/2005,MKL,TN,ASO,CE,Federal Contract Tower,0,8,11,0,19,0,1,79,1,81,0,9,90,1,100,32,0,32,132
09/20/2005,MKL,TN,ASO,CE,Federal Contract Tower,0,7,14,0,21,0,4,66,0,70,0,11,80,0,91,76,0,76,167
09/21/2005,MKL,TN,ASO,CE,Federal Contract Tower,0,7,11,3,21,0,0,39,0,39,0,7,50,3,60,40,0,40,100
09/22/2005,MKL,TN,ASO,CE,Federal Contract Tower,0,6,11,1,18,0,11,45,2,58,0,17,56,3,76,84,12,96,172
09/23/2005,MKL,TN,ASO,CE,Federal Contract Tower,0,9,8,0,17,0,12,59,10,81,0,21,67,10,98,78,24,102,200
09/24/2005,MKL,TN,ASO,CE,Federal Contract Tower,0,4,5,0,9,0,0,39,0,39,0,4,44,0,48,26,0,26,74
09/25/2005,MKL,TN,ASO,CE,Federal Contract Tower,0,2,1,0,3,0,0,2,0,2,0,2,3,0,5,0,0,0,5
09/26/2005,MKL,TN,ASO,CE,Federal Contract Tower,0,8,11,0,19,0,0,26,0,26,0,8,37,0,45,40,0,40,85
09/27/2005,MKL,TN,ASO,CE,Federal Contract Tower,0,7,16,0,23,0,6,38,2,46,0,13,54,2,69,48,4,52,121
09/28/2005,MKL,TN,ASO,CE,Federal Contract Tower,0,9,16,0,25,0,4,41,10,55,0,13,57,10,80,66,8,74,154
09/29/2005,MKL,TN,ASO,CE,Federal Contract Tower,0,7,12,0,19,0,0,68,1,69,0,7,80,1,88,124,0,124,212
09/30/2005,MKL,TN,ASO,CE,Federal Contract Tower,0,9,17,0,26,0,9,50,11,70,0,18,67,11,96,40,14,54,150
10/01/2005,MKL,TN,ASO,CE,Federal Contract Tower,0,4,17,0,21,0,0,44,0,44,0,4,61,0,65,40,0,40,105
10/02/2005,MKL,TN,ASO,CE,Federal Contract Tower,0,2,9,0,11,0,0,32,2,34,0,2,41,2,45,6,0,6,51
10/03/2005,MKL,TN,ASO,CE,Federal Contract Tower,0,13,10,0,23,0,0,43,0,43,0,13,53,0,66,66,0,66,132
10/04/2005,MKL,TN,ASO,CE,Federal Contract Tower,0,8,17,0,25,0,2,38,0,40,0,10,55,0,65,102,0,102,167
10/05/2005,MKL,TN,ASO,CE,Federal Contract Tower,0,6,21,0,27,0,8,24,11,43,0,14,45,11,70,46,28,74,144
10/06/2005,MKL,TN,ASO,CE,Federal Contract Tower,0,8,8,2,18,0,6,18,3,27,0,14,26,5,45,22,12,34,79
10/07/2005,MKL,TN,ASO,CE,Federal Contract Tower,0,7,10,4,21,0,4,55,7,66,0,11,65,11,87,104,24,128,215
10/08/2005,MKL,TN,ASO,CE,Federal Contract Tower,0,2,9,0,11,0,0,67,0,67,0,2,76,0,78,32,0,32,110
10/09/2005,MKL,TN,ASO,CE,Federal Contract Tower,0,2,7,1,10,0,0,3,0,3,0,2,10,1,13,0,0,0,13
10/10/2005,MKL,TN,ASO,CE,Federal Contract Tower,0,4,18,1,23,0,0,15,0,15,0,4,33,1,38,18,0,18,56
10/11/2005,MKL,TN,ASO,CE,Federal Contract Tower,0,8,14,0,22,0,4,26,9,39,0,12,40,9,61,60,12,72,133
10/12/2005,MKL,TN,ASO,CE,Federal Contract Tower,0,12,5,7,24,0,5,42,1,48,0,17,47,8,72,42,8,50,122
10/13/2005,MKL,TN,ASO,CE,Federal Contract Tower,0,9,13,10,32,0,0,30,7,37,0,9,43,17,69,44,30,74,143
10/14/2005,MKL,TN,ASO,CE,Federal Contract Tower,0,13,7,0,20,0,0,45,7,52,0,13,52,7,72,24,26,50,122
10/15/2005,MKL,TN,ASO,CE,Federal Contract Tower,0,3,13,0,16,0,4,39,0,43,0,7,52,0,59,58,0,58,117
10/16/2005,MKL,TN,ASO,CE,Federal Contract Tower,0,2,10,0,12,0,0,38,0,38,0,2,48,0,50,6,0,6,56
10/17/2005,MKL,TN,ASO,CE,Federal Contract Tower,0,10,3,0,13,0,0,55,2,57,0,10,58,2,70,8,2,10,80
10/18/2005,MKL,TN,ASO,CE,Federal Contract Tower,0,12,13,0,25,0,2,41,1,44,0,14,54,1,69,66,0,66,135
10/19/2005,MKL,TN,ASO,CE,Federal Contract Tower,0,8,17,5,30,0,0,48,0,48,0,8,65,5,78,24,10,34,112
10/20/2005,MKL,TN,ASO,CE,Federal Contract Tower,0,11,15,0,26,0,0,48,0,48,0,11,63,0,74,20,0,20,94
10/21/2005,MKL,TN,ASO,CE,Federal Contract Tower,0,9,22,0,31,0,0,14,3,17,0,9,36,3,48,34,4,38,86
10/22/2005,MKL,TN,ASO,CE,Federal Contract Tower,0,2,8,1,11,0,0,44,3,47,0,2,52,4,58,66,0,66,124
10/23/2005,MKL,TN,ASO,CE,Federal Contract Tower,0,4,19,0,23,0,0,8,2,10,0,4,27,2,33,33,0,33,66
10/24/2005,MKL,TN,ASO,CE,Federal Contract Tower,0,8,8,0,16,0,0,27,0,27,0,8,35,0,43,32,0,32,75
10/25/2005,MKL,TN,ASO,CE,Federal Contract Tower,0,10,11,2,23,0,5,30,8,43,0,15,41,10,66,18,20,38,104
10/26/2005,MKL,TN,ASO,CE,Federal Contract Tower,0,9,14,0,23,0,0,59,4,63,0,9,73,4,86,44,10,54,140
10/27/2005,MKL,TN,ASO,CE,Federal Contract Tower,0,7,15,0,22,0,0,35,0,35,0,7,50,0,57,36,0,36,93
10/28/2005,MKL,TN,ASO,CE,Federal Contract Tower,0,10,8,0,18,0,0,48,0,48,0,10,56,0,66,116,0,116,182
10/29/2005,MKL,TN,ASO,CE,Federal Contract Tower,0,2,10,0,12,0,4,57,0,61,0,6,67,0,73,22,0,22,95
10/30/2005,MKL,TN,ASO,CE,Federal Contract Tower,0,4,10,0,14,0,0,52,0,52,0,4,62,0,66,38,0,38,104
10/31/2005,MKL,TN,ASO,CE,Federal Contract Tower,0,7,8,0,15,0,0,34,0,34,0,7,42,0,49,76,0,76,125
11/01/2005,MKL,TN,ASO,CE,Federal Contract Tower,0,7,18,0,25,0,12,28,0,40,0,19,46,0,65,58,0,58,123
11/02/2005,MKL,TN,ASO,CE,Federal Contract Tower,0,10,9,2,21,0,0,42,3,45,0,10,51,5,66,52,0,52,118
11/03/2005,MKL,TN,ASO,CE,Federal Contract Tower,0,8,14,0,22,0,0,36,0,36,0,8,50,0,58,106,0,106,164
11/04/2005,MKL,TN,ASO,CE,Federal Contract Tower,0,10,9,0,19,0,4,36,0,40,0,14,45,0,59,42,0,42,101
11/05/2005,MKL,TN,ASO,CE,Federal Contract Tower,0,2,8,0,10,0,0,12,0,12,0,2,20,0,22,14,0,14,36
11/06/2005,MKL,TN,ASO,CE,Federal Contract Tower,0,2,6,0,8,0,0,19,5,24,0,2,25,5,32,32,2,34,66
11/07/2005,MKL,TN,ASO,CE,Federal Contract Tower,0,12,9,3,24,0,0,33,2,35,0,12,42,5,59,78,24,102,161
11/08/2005,MKL,TN,ASO,CE,Federal Contract Tower,0,6,10,0,16,0,0,40,1,41,0,6,50,1,57,62,0,62,119
11/09/2005,MKL,TN,ASO,CE,Federal Contract Tower,0,13,20,0,33,0,0,39,1,40,0,13,59,1,73,68,0,68,141
11/10/2005,MKL,TN,ASO,CE,Federal Contract Tower,0,7,16,0,23,0,24,33,13,70,0,31,49,13,93,70,16,86,179
11/11/2005,MKL,TN,ASO,CE,Federal Contract Tower,0,6,10,0,16,0,2,55,0,57,0,8,65,0,73,96,0,96,169
11/12/2005,MKL,TN,ASO,CE,Federal Contract Tower,0,2,11,0,13,0,0,38,0,38,0,2,49,0,51,28,0,28,79
11/13/2005,MKL,TN,ASO,CE,Federal Contract Tower,0,3,15,0,18,0,28,12,0,40,0,31,27,0,58,0,0,0,58
11/14/2005,MKL,TN,ASO,CE,Federal Contract Tower,0,9,22,0,31,0,0,1,0,1,0,9,23,0,32,0,0,0,32
11/15/2005,MKL,TN,ASO,CE,Federal Contract Tower,0,5,9,0,14,0,0,1,0,1,0,5,10,0,15,8,0,8,23
11/16/2005,MKL,TN,ASO,CE,Federal Contract Tower,0,8,14,0,22,0,4,36,2,42,0,12,50,2,64,100,4,104,168
11/17/2005,MKL,TN,ASO,CE,Federal Contract Tower,0,8,13,0,21,0,4,29,0,33,0,12,42,0,54,40,0,40,94
11/18/2005,MKL,TN,ASO,CE,Federal Contract Tower,0,8,14,0,22,0,0,46,0,46,0,8,60,0,68,76,0,76,144
11/19/2005,MKL,TN,ASO,CE,Federal Contract Tower,0,4,7,1,12,0,0,44,1,45,0,4,51,2,57,36,0,36,93
11/20/2005,MKL,TN,ASO,CE,Federal Contract Tower,0,2,5,0,7,0,0,26,0,26,0,2,31,0,33,24,0,24,57
11/21/2005,MKL,TN,ASO,CE,Federal Contract Tower,0,7,3,6,16,0,0,32,9,41,0,7,35,15,57,82,20,102,159
11/22/2005,MKL,TN,ASO,CE,Federal Contract Tower,0,12,13,2,27,0,4,29,0,33,0,16,42,2,60,52,4,56,116
11/23/2005,MKL,TN,ASO,CE,Federal Contract Tower,0,9,15,0,24,0,8,24,0,32,0,17,39,0,56,20,0,20,76
11/24/2005,MKL,TN,ASO,CE,Federal Contract Tower,0,0,0,0,0,0,4,18,0,22,0,4,18,0,22,10,0,10,32
11/25/2005,MKL,TN,ASO,CE,Federal Contract Tower,0,7,6,0,13,0,4,39,0,43,0,11,45,0,56,46,0,46,102
11/26/2005,MKL,TN,ASO,CE,Federal Contract Tower,0,4,6,0,10,0,0,13,0,13,0,4,19,0,23,18,0,18,41
11/27/2005,MKL,TN,ASO,CE,Federal Contract Tower,0,2,12,0,14,0,0,0,0,0,0,2,12,0,14,2,0,2,16
11/28/2005,MKL,TN,ASO,CE,Federal Contract Tower,0,10,6,0,16,0,0,19,0,19,0,10,25,0,35,14,0,14,49
11/29/2005,MKL,TN,ASO,CE,Federal Contract Tower,0,12,2,0,14,0,4,33,0,37,0,16,35,0,51,50,0,50,101
11/30/2005,MKL,TN,ASO,CE,Federal Contract Tower,0,10,13,4,27,0,4,27,1,32,0,14,40,5,59,62,0,62,121
12/01/2005,MKL,TN,ASO,CE,Federal Contract Tower,0,8,10,0,18,0,0,30,0,30,0,8,40,0,48,24,0,24,72
12/02/2005,MKL,TN,ASO,CE,Federal Contract Tower,0,7,15,0,22,0,0,50,5,55,0,7,65,5,77,78,0,78,155
12/03/2005,MKL,TN,ASO,CE,Federal Contract Tower,0,2,2,0,4,0,0,0,2,2,0,2,2,2,6,0,0,0,6
12/04/2005,MKL,TN,ASO,CE,Federal Contract Tower,0,2,17,0,19,0,0,10,4,14,0,2,27,4,33,54,0,54,87
12/05/2005,MKL,TN,ASO,CE,Federal Contract Tower,0,8,14,2,24,0,0,24,0,24,0,8,38,2,48,14,0,14,62
12/06/2005,MKL,TN,ASO,CE,Federal Contract Tower,0,7,9,0,16,0,0,46,0,46,0,7,55,0,62,26,0,26,88
12/07/2005,MKL,TN,ASO,CE,Federal Contract Tower,0,7,13,0,20,0,7,29,3,39,0,14,42,3,59,52,6,58,117
12/08/2005,MKL,TN,ASO,CE,Federal Contract Tower,0,5,10,0,15,0,0,0,0,0,0,5,10,0,15,0,0,0,15
12/09/2005,MKL,TN,ASO,CE,Federal Contract Tower,0,8,10,2,20,0,16,52,0,68,0,24,62,2,88,96,0,96,184
12/10/2005,MKL,TN,ASO,CE,Federal Contract Tower,0,2,5,0,7,0,0,55,0,55,0,2,60,0,62,94,0,94,156
12/11/2005,MKL,TN,ASO,CE,Federal Contract Tower,0,2,7,0,9,0,22,27,0,49,0,24,34,0,58,18,0,18,76
12/12/2005,MKL,TN,ASO,CE,Federal Contract Tower,0,11,5,0,16,0,0,27,0,27,0,11,32,0,43,52,0,52,95
12/13/2005,MKL,TN,ASO,CE,Federal Contract Tower,0,8,8,0,16,0,2,37,1,40,0,10,45,1,56,66,0,66,122
12/14/2005,MKL,TN,ASO,CE,Federal Contract Tower,0,8,9,2,19,0,0,6,0,6,0,8,15,2,25,0,14,14,39
12/15/2005,MKL,TN,ASO,CE,Federal Contract Tower,0,7,14,4,25,0,0,26,2,28,0,7,40,6,53,40,30,70,123
12/16/2005,MKL,TN,ASO,CE,Federal Contract Tower,0,8,15,2,25,0,0,66,7,73,0,8,81,9,98,74,16,90,188
12/17/2005,MKL,TN,ASO,CE,Federal Contract Tower,0,2,0,0,2,0,0,43,0,43,0,2,43,0,45,90,0,90,135
12/18/2005,MKL,TN,ASO,CE,Federal Contract Tower,0,2,9,0,11,0,0,23,4,27,0,2,32,4,38,54,0,54,92
12/19/2005,MKL,TN,ASO,CE,Federal Contract Tower,0,8,7,3,18,0,3,23,1,27,0,11,30,4,45,38,12,50,95
12/20/2005,MKL,TN,ASO,CE,Federal Contract Tower,0,10,8,0,18,0,0,48,0,48,0,10,56,0,66,74,0,74,140
12/21/2005,MKL,TN,ASO,CE,Federal Contract Tower,0,8,9,0,17,0,0,30,0,30,0,8,39,0,47,34,0,34,81
12/22/2005,MKL,TN,ASO,CE,Federal Contract Tower,0,10,14,0,24,0,0,24,0,24,0,10,38,0,48,20,0,20,68
12/23/2005,MKL,TN,ASO,CE,Federal Contract Tower,0,11,9,2,22,0,2,52,0,54,0,13,61,2,76,64,0,64,140
12/24/2005,MKL,TN,ASO,CE,Federal Contract Tower,0,2,3,0,5,0,0,0,0,0,0,2,3,0,5,0,0,0,5
12/25/2005,MKL,TN,ASO,CE,Federal Contract Tower,0,2,2,0,4,0,0,0,0,0,0,2,2,0,4,0,0,0,4
12/26/2005,MKL,TN,ASO,CE,Federal Contract Tower,0,6,13,0,19,0,0,40,0,40,0,6,53,0,59,66,0,66,125
12/27/2005,MKL,TN,ASO,CE,Federal Contract Tower,0,8,10,0,18,0,0,17,0,17,0,8,27,0,35,36,0,36,71
12/28/2005,MKL,TN,ASO,CE,Federal Contract Tower,0,10,8,0,18,0,2,14,0,16,0,12,22,0,34,32,0,32,66
12/29/2005,MKL,TN,ASO,CE,Federal Contract Tower,0,7,23,0,30,0,0,10,2,12,0,7,33,2,42,24,0,24,66
12/30/2005,MKL,TN,ASO,CE,Federal Contract Tower,0,7,12,0,19,0,4,40,0,44,0,11,52,0,63,22,0,22,85
12/31/2005,MKL,TN,ASO,CE,Federal Contract Tower,0,4,8,0,12,0,0,42,0,42,0,4,50,0,54,98,0,98,152
01/01/2006,MKL,TN,ASO,CE,Federal Contract Tower,0,2,3,0,5,0,1,1,0,2,0,3,4,0,7,0,0,0,7
01/02/2006,MKL,TN,ASO,CE,Federal Contract Tower,0,6,12,0,18,0,0,8,0,8,0,6,20,0,26,14,0,14,40
01/03/2006,MKL,TN,ASO,CE,Federal Contract Tower,0,11,11,2,24,0,4,15,0,19,0,15,26,2,43,34,0,34,77
01/04/2006,MKL,TN,ASO,CE,Federal Contract Tower,0,9,16,0,25,0,8,51,0,59,0,17,67,0,84,40,0,40,124
01/05/2006,MKL,TN,ASO,CE,Federal Contract Tower,0,9,7,0,16,0,0,19,1,20,0,9,26,1,36,68,12,80,116
01/06/2006,MKL,TN,ASO,CE,Federal Contract Tower,0,10,6,0,16,0,4,16,0,20,0,14,22,0,36,18,0,18,54
01/07/2006,MKL,TN,ASO,CE,Federal Contract Tower,0,2,8,0,10,0,0,49,0,49,0,2,57,0,59,72,0,72,131
01/08/2006,MKL,TN,ASO,CE,Federal Contract Tower,0,7,5,0,12,0,0,4,0,4,0,7,9,0,16,2,0,2,18
01/09/2006,MKL,TN,ASO,CE,Federal Contract Tower,0,9,13,2,24,0,2,39,2,43,0,11,52,4,67,40,18,58,125
01/10/2006,MKL,TN,ASO,CE,Federal Contract Tower,0,8,8,0,16,0,0,1,0,1,0,8,9,0,17,0,0,0,17
01/11/2006,MKL,TN,ASO,CE,Federal Contract Tower,0,7,10,8,25,0,0,43,2,45,0,7,53,10,70,64,14,78,148
01/12/2006,MKL,TN,ASO,CE,Federal Contract Tower,0,8,13,0,21,0,0,37,2,39,0,8,50,2,60,36,0,36,96
01/13/2006,MKL,TN,ASO,CE,Federal Contract Tower,0,11,13,0,24,0,1,4,0,5,0,12,17,0,29,0,0,0,29
01/14/2006,MKL,TN,ASO,CE,Federal Contract Tower,0,2,8,0,10,0,0,56,0,56,0,2,64,0,66,60,0,60,126
01/15/2006,MKL,TN,ASO,CE,Federal Contract Tower,0,2,9,0,11,0,0,65,0,65,0,2,74,0,76,94,0,94,170
01/16/2006,MKL,TN,ASO,CE,Federal Contract Tower,0,4,14,0,18,0,1,11,0,12,0,5,25,0,30,44,0,44,74
01/17/2006,MKL,TN,ASO,CE,Federal Contract Tower,0,10,7,0,17,0,0,0,0,0,0,10,7,0,17,0,0,0,17
01/18/2006,MKL,TN,ASO,CE,Federal Contract Tower,0,8,11,3,22,0,0,54,0,54,0,8,65,3,76,52,4,56,132
01/19/2006,MKL,TN,ASO,CE,Federal Contract Tower,0,8,8,0,16,0,0,11,2,13,0,8,19,2,29,10,0,10,39
01/20/2006,MKL,TN,ASO,CE,Federal Contract Tower,0,8,18,0,26,0,0,13,3,16,0,8,31,3,42,12,8,20,62
01/21/2006,MKL,TN,ASO,CE,Federal Contract Tower,0,2,7,0,9,0,0,33,0,33,0,2,40,0,42,82,0,82,124
01/22/2006,MKL,TN,ASO,CE,Federal Contract Tower,0,3,8,0,11,0,0,0,0,0,0,3,8,0,11,0,0,0,11
01/23/2006,MKL,TN,ASO,CE,Federal Contract Tower,0,11,21,9,41,0,0,14,0,14,0,11,35,9,55,12,14,26,81
01/24/2006,MKL,TN,ASO,CE,Federal Contract Tower,0,10,8,0,18,0,1,44,9,54,0,11,52,9,72,48,8,56,128
01/25/2006,MKL,TN,ASO,CE,Federal Contract Tower,0,7,10,0,17,0,0,43,1,44,0,7,53,1,61,64,0,64,125
01/26/2006,MKL,TN,ASO,CE,Federal Contract Tower,0,8,7,0,15,0,2,40,4,46,0,10,47,4,61,62,4,66,127
01/27/2006,MKL,TN,ASO,CE,Federal Contract Tower,0,7,7,0,14,0,12,38,12,62,0,19,45,12,76,86,18,104,180
01/28/2006,MKL,TN,ASO,CE,Federal Contract Tower,0,2,2,0,4,0,0,19,0,19,0,2,21,0,23,12,0,12,35
01/29/2006,MKL,TN,ASO,CE,Federal Contract Tower,0,2,12,0,14,0,0,27,1,28,0,2,39,1,42,20,0,20,62
01/30/2006,MKL,TN,ASO,CE,Federal Contract Tower,0,9,9,0,18,0,0,26,3,29,0,9,35,3,47,8,0,8,55
01/31/2006,MKL,TN,ASO,CE,Federal Contract Tower,0,9,5,0,14,0,4,32,1,37,0,13,37,1,51,34,4,38,89
02/01/2006,MKL,TN,ASO,CE,Federal Contract Tower,0,8,10,0,18,0,5,40,0,45,0,13,50,0,63,34,0,34,97
02/02/2006,MKL,TN,ASO,CE,Federal Contract Tower,0,10,21,0,31,0,0,0,0,0,0,10,21,0,31,0,0,0,31
02/03/2006,MKL,TN,ASO,CE,Federal Contract Tower,0,10,11,2,23,0,2,7,0,9,0,12,18,2,32,8,0,8,40
02/04/2006,MKL,TN,ASO,CE,Federal Contract Tower,0,3,5,0,8,0,0,45,0,45,0,3,50,0,53,76,0,76,129
02/05/2006,MKL,TN,ASO,CE,Federal Contract Tower,0,3,4,0,7,0,0,29,0,29,0,3,33,0,36,40,0,40,76
02/06/2006,MKL,TN,ASO,CE,Federal Contract Tower,0,12,11,0,23,0,1,34,0,35,0,13,45,0,58,8,0,8,66
02/07/2006,MKL,TN,ASO,CE,Federal Contract Tower,0,7,11,0,18,0,1,44,0,45,0,8,55,0,63,36,0,36,99
02/08/2006,MKL,TN,ASO,CE,Federal Contract Tower,0,6,11,0,17,0,0,17,0,17,0,6,28,0,34,12,0,12,46
02/09/2006,MKL,TN,ASO,CE,Federal Contract Tower,0,10,16,0,26,0,5,44,2,51,0,15,60,2,77,54,0,54,131
02/10/2006,MKL,TN,ASO,CE,Federal Contract Tower,0,6,10,0,16,0,1,16,0,17,0,7,26,0,33,14,0,14,47
02/11/2006,MKL,TN,ASO,CE,Federal Contract Tower,0,2,5,0,7,0,0,0,0,0,0,2,5,0,7,8,0,8,15
02/12/2006,MKL,TN,ASO,CE,Federal Contract Tower,0,2,2,0,4,0,0,10,0,10,0,2,12,0,14,12,0,12,26
02/13/2006,MKL,TN,ASO,CE,Federal Contract Tower,0,7,15,1,23,0,1,45,1,47,0,8,60,2,70,20,4,24,94
02/14/2006,MKL,TN,ASO,CE,Federal Contract Tower,0,7,8,0,15,0,0,52,0,52,0,7,60,0,67,6,0,6,73
02/15/2006,MKL,TN,ASO,CE,Federal Contract Tower,0,11,26,2,39,0,8,44,2,54,0,19,70,4,93,40,12,52,145
02/16/2006,MKL,TN,ASO,CE,Federal Contract Tower,0,6,12,0,18,0,4,0,3,7,0,10,12,3,25,0,0,0,25
02/17/2006,MKL,TN,ASO,CE,Federal Contract Tower,0,10,22,0,32,0,4,15,0,19,0,14,37,0,51,32,0,32,83
02/18/2006,MKL,TN,ASO,CE,Federal Contract Tower,0,2,0,0,2,0,1,0,0,1,0,3,0,0,3,0,0,0,3
02/19/2006,MKL,TN,ASO,CE,Federal Contract Tower,0,2,2,0,4,0,0,4,0,4,0,2,6,0,8,10,0,10,18
02/20/2006,MKL,TN,ASO,CE,Federal Contract Tower,0,6,7,0,13,0,0,29,0,29,0,6,36,0,42,46,0,46,88
02/21/2006,MKL,TN,ASO,CE,Federal Contract Tower,0,9,14,4,27,0,9,30,0,39,0,18,44,4,66,72,8,80,146
02/22/2006,MKL,TN,ASO,CE,Federal Contract Tower,0,9,21,2,32,0,0,0,0,0,0,9,21,2,32,0,0,0,32
02/23/2006,MKL,TN,ASO,CE,Federal Contract Tower,0,10,11,5,26,0,8,49,0,57,0,18,60,5,83,72,10,82,165
02/24/2006,MKL,TN,ASO,CE,Federal Contract Tower,0,7,7,0,14,0,0,40,0,40,0,7,47,0,54,28,0,28,82
02/25/2006,MKL,TN,ASO,CE,Federal Contract Tower,0,2,4,0,6,0,0,41,0,41,0,2,45,0,47,36,0,36,83
02/26/2006,MKL,TN,ASO,CE,Federal Contract Tower,0,2,6,0,8,0,0,43,0,43,0,2,49,0,51,34,0,34,85
02/27/2006,MKL,TN,ASO,CE,Federal Contract Tower,0,8,11,0,19,0,0,42,0,42,0,8,53,0,61,12,0,12,73
02/28/2006,MKL,TN,ASO,CE,Federal Contract Tower,0,6,9,0,15,0,6,23,0,29,0,12,32,0,44,36,0,36,80
03/01/2006,MKL,TN,ASO,CE,Federal Contract Tower,0,9,13,0,22,0,17,22,3,42,0,26,35,3,64,8,10,18,82
03/02/2006,MKL,TN,ASO,CE,Federal Contract Tower,0,12,9,2,23,0,16,21,8,45,0,28,30,10,68,18,10,28,96
03/03/2006,MKL,TN,ASO,CE,Federal Contract Tower,0,10,12,0,22,0,0,50,0,50,0,10,62,0,72,40,0,40,112
03/04/2006,MKL,TN,ASO,CE,Federal Contract Tower,0,2,1,0,3,0,4,42,0,46,0,6,43,0,49,36,0,36,85
03/05/2006,MKL,TN,ASO,CE,Federal Contract Tower,0,6,2,0,8,0,0,23,2,25,0,6,25,2,33,36,0,36,69
03/06/2006,MKL,TN,ASO,CE,Federal Contract Tower,0,8,10,2,20,0,4,65,0,69,0,12,75,2,89,28,16,44,133
03/07/2006,MKL,TN,ASO,CE,Federal Contract Tower,0,9,24,2,35,0,0,43,4,47,0,9,67,6,82,54,4,58,140
03/08/2006,MKL,TN,ASO,CE,Federal Contract Tower,0,11,17,3,31,0,4,9,0,13,0,15,26,3,44,22,2,24,68
03/09/2006,MKL,TN,ASO,CE,Federal Contract Tower,0,6,6,0,12,0,0,1,0,1,0,6,7,0,13,0,0,0,13
03/10/2006,MKL,TN,ASO,CE,Federal Contract Tower,0,8,6,0,14,0,0,50,0,50,0,8,56,0,64,104,0,104,168
03/11/2006,MKL,TN,ASO,CE,Federal Contract Tower,0,3,10,0,13,0,0,8,0,8,0,3,18,0,21,4,0,4,25
03/12/2006,MKL,TN,ASO,CE,Federal Contract Tower,0,2,4,0,6,0,0,3,0,3,0,2,7,0,9,8,0,8,17
03/13/2006,MKL,TN,ASO,CE,Federal Contract Tower,0,8,4,0,12,0,2,2,0,4,0,10,6,0,16,0,0,0,16
03/14/2006,MKL,TN,ASO,CE,Federal Contract Tower,0,10,15,1,26,0,0,55,3,58,0,10,70,4,84,84,0,84,168
03/15/2006,MKL,TN,ASO,CE,Federal Contract Tower,0,7,4,0,11,0,0,36,0,36,0,7,40,0,47,56,0,56,103
03/16/2006,MKL,TN,ASO,CE,Federal Contract Tower,0,8,10,0,18,0,0,35,1,36,0,8,45,1,54,50,4,54,108
03/17/2006,MKL,TN,ASO,CE,Federal Contract Tower,0,6,22,0,28,0,5,35,0,40,0,11,57,0,68,64,0,64,132
03/18/2006,MKL,TN,ASO,CE,Federal Contract Tower,0,2,5,0,7,0,0,52,0,52,0,2,57,0,59,52,0,52,111
03/19/2006,MKL,TN,ASO,CE,Federal Contract Tower,0,2,10,0,12,0,0,23,0,23,0,2,33,0,35,36,0,36,71
03/20/2006,MKL,TN,ASO,CE,Federal Contract Tower,0,8,6,0,14,0,0,0,0,0,0,8,6,0,14,0,0,0,14
03/21/2006,MKL,TN,ASO,CE,Federal Contract Tower,0,7,11,0,18,0,0,0,0,0,0,7,11,0,18,0,0,0,18
03/22/2006,MKL,TN,ASO,CE,Federal Contract Tower,0,7,13,0,20,0,0,63,0,63,0,7,76,0,83,84,0,84,167
03/23/2006,MKL,TN,ASO,CE,Federal Contract Tower,0,11,11,0,22,0,2,36,0,38,0,13,47,0,60,64,0,64,124
03/24/2006,MKL,TN,ASO,CE,Federal Contract Tower,0,7,4,0,11,0,4,53,0,57,0,11,57,0,68,106,0,106,174
03/25/2006,MKL,TN,ASO,CE,Federal Contract Tower,0,2,10,0,12,0,0,41,0,41,0,2,51,0,53,24,0,24,77
03/26/2006,MKL,TN,ASO,CE,Federal Contract Tower,0,2,8,0,10,0,0,33,0,33,0,2,41,0,43,24,0,24,67
03/27/2006,MKL,TN,ASO,CE,Federal Contract Tower,0,7,4,0,11,0,2,27,2,31,0,9,31,2,42,54,0,54,96
03/28/2006,MKL,TN,ASO,CE,Federal Contract Tower,0,7,9,0,16,0,6,47,0,53,0,13,56,0,69,58,0,58,127
03/29/2006,MKL,TN,ASO,CE,Federal Contract Tower,0,11,7,2,20,0,1,39,3,43,0,12,46,5,63,54,0,54,117
03/30/2006,MKL,TN,ASO,CE,Federal Contract Tower,0,9,8,0,17,0,20,35,0,55,0,29,43,0,72,42,0,42,114
03/31/2006,MKL,TN,ASO,CE,Federal Contract Tower,0,7,11,0,18,0,4,12,0,16,0,11,23,0,34,4,0,4,38
04/01/2006,MKL,TN,ASO,CE,Federal Contract Tower,0,2,8,0,10,0,0,55,1,56,0,2,63,1,66,16,0,16,82
04/02/2006,MKL,TN,ASO,CE,Federal Contract Tower,0,2,10,0,12,0,0,5,0,5,0,2,15,0,17,0,0,0,17
04/03/2006,MKL,TN,ASO,CE,Federal Contract Tower,0,10,9,0,19,0,0,30,0,30,0,10,39,0,49,20,0,20,69
04/04/2006,MKL,TN,ASO,CE,Federal Contract Tower,0,7,14,2,23,0,8,86,3,97,0,15,100,5,120,120,0,120,240
04/05/2006,MKL,TN,ASO,CE,Federal Contract Tower,0,7,11,0,18,0,0,45,5,50,0,7,56,5,68,50,22,72,140
04/06/2006,MKL,TN,ASO,CE,Federal Contract Tower,0,11,7,0,18,0,2,12,2,16,0,13,19,2,34,2,4,6,40
04/07/2006,MKL,TN,ASO,CE,Federal Contract Tower,0,7,5,0,12,0,1,5,0,6,0,8,10,0,18,4,0,4,22
04/08/2006,MKL,TN,ASO,CE,Federal Contract Tower,0,4,6,0,10,0,0,13,0,13,0,4,19,0,23,0,8,8,31
04/09/2006,MKL,TN,ASO,CE,Federal Contract Tower,0,1,5,0,6,0,0,43,0,43,0,1,48,0,49,16,0,16,65
04/10/2006,MKL,TN,ASO,CE,Federal Contract Tower,0,8,6,0,14,0,0,33,1,34,0,8,39,1,48,8,0,8,56
04/11/2006,MKL,TN,ASO,CE,Federal Contract Tower,0,10,5,0,15,0,1,38,0,39,0,11,43,0,54,56,0,56,110
04/12/2006,MKL,TN,ASO,CE,Federal Contract Tower,0,10,12,0,22,0,0,43,0,43,0,10,55,0,65,100,0,100,165
04/13/2006,MKL,TN,ASO,CE,Federal Contract Tower,0,7,17,1,25,0,1,59,2,62,0,8,76,3,87,74,14,88,175
04/14/2006,MKL,TN,ASO,CE,Federal Contract Tower,0,7,5,0,12,0,0,40,0,40,0,7,45,0,52,22,0,22,74
04/15/2006,MKL,TN,ASO,CE,Federal Contract Tower,0,3,2,0,5,0,0,32,0,32,0,3,34,0,37,24,0,24,61
04/16/2006,MKL,TN,ASO,CE,Federal Contract Tower,0,2,6,0,8,0,0,5,0,5,0,2,11,0,13,0,0,0,13
04/17/2006,MKL,TN,ASO,CE,Federal Contract Tower,0,7,10,2,19,0,0,39,0,39,0,7,49,2,58,66,12,78,136
04/18/2006,MKL,TN,ASO,CE,Federal Contract Tower,0,6,16,2,24,0,4,55,3,62,0,10,71,5,86,58,0,58,144
04/19/2006,MKL,TN,ASO,CE,Federal Contract Tower,0,11,12,0,23,0,1,26,0,27,0,12,38,0,50,44,0,44,94
04/20/2006,MKL,TN,ASO,CE,Federal Contract Tower,0,7,8,0,15,0,2,0,0,2,0,9,8,0,17,0,0,0,17
04/21/2006,MKL,TN,ASO,CE,Federal Contract Tower,0,13,11,0,24,0,0,0,0,0,0,13,11,0,24,0,0,0,24
04/22/2006,MKL,TN,ASO,CE,Federal Contract Tower,0,2,6,1,9,0,0,37,1,38,0,2,43,2,47,54,0,54,101
04/23/2006,MKL,TN,ASO,CE,Federal Contract Tower,0,3,19,1,23,0,0,44,0,44,0,3,63,1,67,26,0,26,93
04/24/2006,MKL,TN,ASO,CE,Federal Contract Tower,0,9,13,0,22,0,0,35,2,37,0,9,48,2,59,80,6,86,145
04/25/2006,MKL,TN,ASO,CE,Federal Contract Tower,0,7,2,0,9,0,0,38,1,39,0,7,40,1,48,52,0,52,100
04/26/2006,MKL,TN,ASO,CE,Federal Contract Tower,0,7,22,0,29,0,0,0,0,0,0,7,22,0,29,2,0,2,31
04/27/2006,MKL,TN,ASO,CE,Federal Contract Tower,0,7,13,0,20,0,4,52,5,61,0,11,65,5,81,100,0,100,181
04/28/2006,MKL,TN,ASO,CE,Federal Contract Tower,0,6,18,0,24,0,16,57,0,73,0,22,75,0,97,94,0,94,191
04/29/2006,MKL,TN,ASO,CE,Federal Contract Tower,0,2,6,0,8,0,0,5,0,5,0,2,11,0,13,4,0,4,17
04/30/2006,MKL,TN,ASO,CE,Federal Contract Tower,0,2,17,0,19,0,24,9,0,33,0,26,26,0,52,0,0,0,52
05/01/2006,MKL,TN,ASO,CE,Federal Contract Tower,0,9,22,0,31,0,0,30,0,30,0,9,52,0,61,32,0,32,93
05/02/2006,MKL,TN,ASO,CE,Federal Contract Tower,0,8,11,0,19,0,0,19,0,19,0,8,30,0,38,70,0,70,108
05/03/2006,MKL,TN,ASO,CE,Federal Contract Tower,0,8,12,0,20,0,0,21,0,21,0,8,33,0,41,14,0,14,55
05/04/2006,MKL,TN,ASO,CE,Federal Contract Tower,0,8,18,0,26,0,0,16,0,16,0,8,34,0,42,20,0,20,62
05/05/2006,MKL,TN,ASO,CE,Federal Contract Tower,0,6,17,2,25,0,0,10,0,10,0,6,27,2,35,4,0,4,39
05/06/2006,MKL,TN,ASO,CE,Federal Contract Tower,0,2,12,0,14,0,0,51,0,51,0,2,63,0,65,52,0,52,117
05/07/2006,MKL,TN,ASO,CE,Federal Contract Tower,0,2,10,0,12,0,0,2,0,2,0,2,12,0,14,0,0,0,14
05/08/2006,MKL,TN,ASO,CE,Federal Contract Tower,0,7,7,0,14,0,0,40,4,44,0,7,47,4,58,92,0,92,150
05/09/2006,MKL,TN,ASO,CE,Federal Contract Tower,0,8,10,0,18,0,0,3,0,3,0,8,13,0,21,24,0,24,45
05/10/2006,MKL,TN,ASO,CE,Federal Contract Tower,0,10,11,0,21,0,0,1,0,1,0,10,12,0,22,0,0,0,22
05/11/2006,MKL,TN,ASO,CE,Federal Contract Tower,0,9,18,0,27,0,0,22,5,27,0,9,40,5,54,10,14,24,78
05/12/2006,MKL,TN,ASO,CE,Federal Contract Tower,0,7,17,0,24,0,4,23,2,29,0,11,40,2,53,16,0,16,69
05/13/2006,MKL,TN,ASO,CE,Federal Contract Tower,0,2,1,0,3,0,0,25,0,25,0,2,26,0,28,14,0,14,42
05/14/2006,MKL,TN,ASO,CE,Federal Contract Tower,0,2,5,0,7,0,0,12,0,12,0,2,17,0,19,0,0,0,19
05/15/2006,MKL,TN,ASO,CE,Federal Contract Tower,0,7,23,0,30,0,1,3,0,4,0,8,26,0,34,16,0,16,50
05/16/2006,MKL,TN,ASO,CE,Federal Contract Tower,0,6,7,3,16,0,1,18,1,20,0,7,25,4,36,16,8,24,60
05/17/2006,MKL,TN,ASO,CE,Federal Contract Tower,0,7,10,2,19,0,0,23,2,25,0,7,33,4,44,26,10,36,80
05/18/2006,MKL,TN,ASO,CE,Federal Contract Tower,0,9,16,3,28,0,16,34,0,50,0,25,50,3,78,24,6,30,108
05/19/2006,MKL,TN,ASO,CE,Federal Contract Tower,0,7,18,0,25,0,3,7,0,10,0,10,25,0,35,26,0,26,61
05/20/2006,MKL,TN,ASO,CE,Federal Contract Tower,0,4,2,0,6,0,0,17,0,17,0,4,19,0,23,12,0,12,35
05/21/2006,MKL,TN,ASO,CE,Federal Contract Tower,0,2,13,0,15,0,0,4,13,17,0,2,17,13,32,2,0,2,34
05/22/2006,MKL,TN,ASO,CE,Federal Contract Tower,0,11,7,0,18,0,0,14,1,15,0,11,21,1,33,4,0,4,37
05/23/2006,MKL,TN,ASO,CE,Federal Contract Tower,0,6,20,1,27,0,0,35,2,37,0,6,55,3,64,94,0,94,158
05/24/2006,MKL,TN,ASO,CE,Federal Contract Tower,0,7,8,1,16,0,0,17,2,19,0,7,25,3,35,4,2,6,41
05/25/2006,MKL,TN,ASO,CE,Federal Contract Tower,0,7,11,3,21,0,0,5,0,5,0,7,16,3,26,0,4,4,30
05/26/2006,MKL,TN,ASO,CE,Federal Contract Tower,0,10,12,0,22,0,17,23,2,42,0,27,35,2,64,56,0,56,120
05/27/2006,MKL,TN,ASO,CE,Federal Contract Tower,0,3,7,0,10,0,2,19,0,21,0,5,26,0,31,24,0,24,55
05/28/2006,MKL,TN,ASO,CE,Federal Contract Tower,0,3,6,0,9,0,0,11,0,11,0,3,17,0,20,0,0,0,20
05/29/2006,MKL,TN,ASO,CE,Federal Contract Tower,0,4,10,0,14,0,0,20,0,20,0,4,30,0,34,2,0,2,36
05/30/2006,MKL,TN,ASO,CE,Federal Contract Tower,0,8,14,0,22,0,3,13,0,16,0,11,27,0,38,28,0,28,66
05/31/2006,MKL,TN,ASO,CE,Federal Contract Tower,0,10,27,0,37,0,1,32,0,33,0,11,59,0,70,24,0,24,94
06/01/2006,MKL,TN,ASO,CE,Federal Contract Tower,0,9,11,0,20,0,1,12,0,13,0,10,23,0,33,8,0,8,41
06/02/2006,MKL,TN,ASO,CE,Federal Contract Tower,0,8,4,1,13,0,8,13,1,22,0,16,17,2,35,44,0,44,79
06/03/2006,MKL,TN,ASO,CE,Federal Contract Tower,0,4,5,3,12,0,3,25,2,30,0,7,30,5,42,16,0,16,58
06/04/2006,MKL,TN,ASO,CE,Federal Contract Tower,0,2,4,0,6,0,0,22,2,24,0,2,26,2,30,10,0,10,40
06/05/2006,MKL,TN,ASO,CE,Federal Contract Tower,0,6,9,0,15,0,1,32,0,33,0,7,41,0,48,12,0,12,60
06/06/2006,MKL,TN,ASO,CE,Federal Contract Tower,0,8,8,7,23,0,1,27,1,29,0,9,35,8,52,16,16,32,84
06/07/2006,MKL,TN,ASO,CE,Federal Contract Tower,0,8,13,2,23,0,2,27,0,29,0,10,40,2,52,18,0,18,70
06/08/2006,MKL,TN,ASO,CE,Federal Contract Tower,0,6,13,0,19,0,4,20,0,24,0,10,33,0,43,38,0,38,81
06/09/2006,MKL,TN,ASO,CE,Federal Contract Tower,0,10,3,2,15,0,0,37,0,37,0,10,40,2,52,92,0,92,144
06/10/2006,MKL,TN,ASO,CE,Federal Contract Tower,0,2,9,2,13,0,4,25,0,29,0,6,34,2,42,20,0,20,62
06/11/2006,MKL,TN,ASO,CE,Federal Contract Tower,0,4,9,0,13,0,0,35,1,36,0,4,44,1,49,32,0,32,81
06/12/2006,MKL,TN,ASO,CE,Federal Contract Tower,0,7,27,0,34,0,0,12,0,12,0,7,39,0,46,2,0,2,48
06/13/2006,MKL,TN,ASO,CE,Federal Contract Tower,0,6,13,1,20,0,4,37,3,44,0,10,50,4,64,24,0,24,88
06/14/2006,MKL,TN,ASO,CE,Federal Contract Tower,0,13,17,0,30,0,3,33,0,36,0,16,50,0,66,66,0,66,132
06/15/2006,MKL,TN,ASO,CE,Federal Contract Tower,0,9,10,0,19,0,2,25,0,27,0,11,35,0,46,20,0,20,66
06/16/2006,MKL,TN,ASO,CE,Federal Contract Tower,0,6,18,2,26,0,0,43,0,43,0,6,61,2,69,52,0,52,121
06/17/2006,MKL,TN,ASO,CE,Federal Contract Tower,0,8,6,0,14,0,0,8,0,8,0,8,14,0,22,14,0,14,36
06/18/2006,MKL,TN,ASO,CE,Federal Contract Tower,0,2,4,0,6,0,0,0,0,0,0,2,4,0,6,0,0,0,6
06/19/2006,MKL,TN,ASO,CE,Federal Contract Tower,0,9,16,1,26,0,0,6,1,7,0,9,22,2,33,0,2,2,35
06/20/2006,MKL,TN,ASO,CE,Federal Contract Tower,0,9,6,3,18,0,6,21,0,27,0,15,27,3,45,70,6,76,121
06/21/2006,MKL,TN,ASO,CE,Federal Contract Tower,0,7,19,0,26,0,5,17,0,22,0,12,36,0,48,12,0,12,60
06/22/2006,MKL,TN,ASO,CE,Federal Contract Tower,0,10,9,2,21,0,3,31,7,41,0,13,40,9,62,30,0,30,92
06/23/2006,MKL,TN,ASO,CE,Federal Contract Tower,0,7,11,0,18,0,2,11,0,13,0,9,22,0,31,6,0,6,37
06/24/2006,MKL,TN,ASO,CE,Federal Contract Tower,0,2,6,0,8,0,0,22,0,22,0,2,28,0,30,18,0,18,48
06/25/2006,MKL,TN,ASO,CE,Federal Contract Tower,0,4,5,0,9,0,0,31,0,31,0,4,36,0,40,38,0,38,78
06/26/2006,MKL,TN,ASO,CE,Federal Contract Tower,0,9,7,0,16,0,4,18,0,22,0,13,25,0,38,24,0,24,62
06/27/2006,MKL,TN,ASO,CE,Federal Contract Tower,0,10,7,0,17,0,6,17,0,23,0,16,24,0,40,12,0,12,52
06/28/2006,MKL,TN,ASO,CE,Federal Contract Tower,0,8,16,1,25,0,2,44,3,49,0,10,60,4,74,40,0,40,114
06/29/2006,MKL,TN,ASO,CE,Federal Contract Tower,0,14,8,1,23,0,0,37,3,40,0,14,45,4,63,74,8,82,145
06/30/2006,MKL,TN,ASO,CE,Federal Contract Tower,0,6,8,0,14,0,4,33,3,40,0,10,41,3,54,72,0,72,126
07/01/2006,MKL,TN,ASO,CE,Federal Contract Tower,0,4,5,0,9,0,0,24,0,24,0,4,29,0,33,4,0,4,37
07/02/2006,MKL,TN,ASO,CE,Federal Contract Tower,0,2,13,0,15,0,0,9,0,9,0,2,22,0,24,0,0,0,24
07/03/2006,MKL,TN,ASO,CE,Federal Contract Tower,0,7,4,2,13,0,1,24,0,25,0,8,28,2,38,6,0,6,44
07/04/2006,MKL,TN,ASO,CE,Federal Contract Tower,0,5,2,0,7,0,2,16,0,18,0,7,18,0,25,10,0,10,35
07/05/2006,MKL,TN,ASO,CE,Federal Contract Tower,0,8,9,0,17,0,2,6,0,8,0,10,15,0,25,6,0,6,31
07/06/2006,MKL,TN,ASO,CE,Federal Contract Tower,0,10,9,4,23,0,1,31,0,32,0,11,40,4,55,30,20,50,105
07/07/2006,MKL,TN,ASO,CE,Federal Contract Tower,0,11,10,5,26,0,0,40,10,50,0,11,50,15,76,30,40,70,146
07/08/2006,MKL,TN,ASO,CE,Federal Contract Tower,0,4,7,0,11,0,0,33,4,37,0,4,40,4,48,30,0,30,78
07/09/2006,MKL,TN,ASO,CE,Federal Contract Tower,0,3,4,0,7,0,0,35,4,39,0,3,39,4,46,50,0,50,96
07/10/2006,MKL,TN,ASO,CE,Federal Contract Tower,0,14,8,2,24,0,0,4,13,17,0,14,12,15,41,6,0,6,47
07/11/2006,MKL,TN,ASO,CE,Federal Contract Tower,0,8,20,2,30,0,15,23,0,38,0,23,43,2,68,28,0,28,96
07/12/2006,MKL,TN,ASO,CE,Federal Contract Tower,0,8,13,0,21,0,1,20,0,21,0,9,33,0,42,28,0,28,70
07/13/2006,MKL,TN,ASO,CE,Federal Contract Tower,0,6,22,0,28,0,1,5,0,6,0,7,27,0,34,0,0,0,34
07/14/2006,MKL,TN,ASO,CE,Federal Contract Tower,0,8,20,7,35,0,0,30,8,38,0,8,50,15,73,54,28,82,155
07/15/2006,MKL,TN,ASO,CE,Federal Contract Tower,0,0,5,0,5,0,4,22,0,26,0,4,27,0,31,8,0,8,39
07/16/2006,MKL,TN,ASO,CE,Federal Contract Tower,0,0,4,0,4,0,0,19,0,19,0,0,23,0,23,0,0,0,23
07/17/2006,MKL,TN,ASO,CE,Federal Contract Tower,0,12,14,0,26,0,0,17,0,17,0,12,31,0,43,12,0,12,55
07/18/2006,MKL,TN,ASO,CE,Federal Contract Tower,0,7,11,0,18,0,6,29,11,46,0,13,40,11,64,20,0,20,84
07/19/2006,MKL,TN,ASO,CE,Federal Contract Tower,0,9,19,0,28,0,2,26,0,28,0,11,45,0,56,22,0,22,78
07/20/2006,MKL,TN,ASO,CE,Federal Contract Tower,0,6,10,0,16,0,5,11,8,24,0,11,21,8,40,12,0,12,52
07/21/2006,MKL,TN,ASO,CE,Federal Contract Tower,0,13,10,0,23,0,13,17,0,30,0,26,27,0,53,10,0,10,63
07/22/2006,MKL,TN,ASO,CE,Federal Contract Tower,0,0,11,0,11,0,0,37,2,39,0,0,48,2,50,20,0,20,70
07/23/2006,MKL,TN,ASO,CE,Federal Contract Tower,0,2,8,0,10,0,0,31,0,31,0,2,39,0,41,0,0,0,41
07/24/2006,MKL,TN,ASO,CE,Federal Contract Tower,0,6,7,0,13,0,3,22,0,25,0,9,29,0,38,0,0,0,38
07/25/2006,MKL,TN,ASO,CE,Federal Contract Tower,0,9,7,0,16,0,4,28,2,34,0,13,35,2,50,32,0,32,82
07/26/2006,MKL,TN,ASO,CE,Federal Contract Tower,0,6,14,2,22,0,13,36,0,49,0,19,50,2,71,24,4,28,99
07/27/2006,MKL,TN,ASO,CE,Federal Contract Tower,0,11,13,0,24,0,0,21,3,24,0,11,34,3,48,42,12,54,102
07/28/2006,MKL,TN,ASO,CE,Federal Contract Tower,0,8,5,0,13,0,0,6,0,6,0,8,11,0,19,14,0,14,33
07/29/2006,MKL,TN,ASO,CE,Federal Contract Tower,0,4,9,0,13,0,2,10,0,12,0,6,19,0,25,20,0,20,45
07/30/2006,MKL,TN,ASO,CE,Federal Contract Tower,0,4,9,0,13,0,0,20,0,20,0,4,29,0,33,34,0,34,67
07/31/2006,MKL,TN,ASO,CE,Federal Contract Tower,0,8,10,2,20,0,4,20,2,26,0,12,30,4,46,0,4,4,50
08/01/2006,MKL,TN,ASO,CE,Federal Contract Tower,0,9,9,0,18,0,4,18,5,27,0,13,27,5,45,36,10,46,91
08/02/2006,MKL,TN,ASO,CE,Federal Contract Tower,0,7,15,0,22,0,5,30,0,35,0,12,45,0,57,16,0,16,73
08/03/2006,MKL,TN,ASO,CE,Federal Contract Tower,0,6,14,0,20,0,0,11,4,15,0,6,25,4,35,4,0,4,39
08/04/2006,MKL,TN,ASO,CE,Federal Contract Tower,0,5,8,7,20,0,0,13,3,16,0,5,21,10,36,4,0,4,40
08/05/2006,MKL,TN,ASO,CE,Federal Contract Tower,0,3,12,0,15,0,0,25,4,29,0,3,37,4,44,18,0,18,62
08/06/2006,MKL,TN,ASO,CE,Federal Contract Tower,0,2,7,6,15,0,0,29,2,31,0,2,36,8,46,4,0,4,50
08/07/2006,MKL,TN,ASO,CE,Federal Contract Tower,0,7,9,3,19,0,0,30,11,41,0,7,39,14,60,15,0,15,75
08/08/2006,MKL,TN,ASO,CE,Federal Contract Tower,0,7,13,0,20,0,0,32,3,35,0,7,45,3,55,6,0,6,61
08/09/2006,MKL,TN,ASO,CE,Federal Contract Tower,0,8,14,0,22,0,3,50,0,53,0,11,64,0,75,66,0,66,141
08/10/2006,MKL,TN,ASO,CE,Federal Contract Tower,0,6,11,0,17,0,1,18,0,19,0,7,29,0,36,18,0,18,54
08/11/2006,MKL,TN,ASO,CE,Federal Contract Tower,0,7,10,0,17,0,0,7,0,7,0,7,17,0,24,12,0,12,36
08/12/2006,MKL,TN,ASO,CE,Federal Contract Tower,0,2,11,0,13,0,0,26,0,26,0,2,37,0,39,16,0,16,55
08/13/2006,MKL,TN,ASO,CE,Federal Contract Tower,0,2,6,0,8,0,0,19,0,19,0,2,25,0,27,28,0,28,55
08/14/2006,MKL,TN,ASO,CE,Federal Contract Tower,0,7,3,1,11,0,0,16,2,18,0,7,19,3,29,18,0,18,47
08/15/2006,MKL,TN,ASO,CE,Federal Contract Tower,0,7,10,2,19,0,0,17,0,17,0,7,27,2,36,30,14,44,80
08/16/2006,MKL,TN,ASO,CE,Federal Contract Tower,0,8,9,0,17,0,4,37,0,41,0,12,46,0,58,24,0,24,82
08/17/2006,MKL,TN,ASO,CE,Federal Contract Tower,0,8,17,0,25,0,16,10,4,30,0,24,27,4,55,8,10,18,73
08/18/2006,MKL,TN,ASO,CE,Federal Contract Tower,0,7,12,0,19,0,9,18,0,27,0,16,30,0,46,38,0,38,84
08/19/2006,MKL,TN,ASO,CE,Federal Contract Tower,0,2,3,0,5,0,13,12,2,27,0,15,15,2,32,28,0,28,60
08/20/2006,MKL,TN,ASO,CE,Federal Contract Tower,0,3,12,0,15,0,0,13,0,13,0,3,25,0,28,8,0,8,36
08/21/2006,MKL,TN,ASO,CE,Federal Contract Tower,0,10,15,0,25,0,0,11,0,11,0,10,26,0,36,0,0,0,36
08/22/2006,MKL,TN,ASO,CE,Federal Contract Tower,0,10,16,2,28,0,0,6,0,6,0,10,22,2,34,0,0,0,34
08/23/2006,MKL,TN,ASO,CE,Federal Contract Tower,0,7,19,0,26,0,0,17,2,19,0,7,36,2,45,10,12,22,67
08/24/2006,MKL,TN,ASO,CE,Federal Contract Tower,0,10,14,3,27,0,1,31,1,33,0,11,45,4,60,42,20,62,122
08/25/2006,MKL,TN,ASO,CE,Federal Contract Tower,0,7,20,8,35,0,0,37,1,38,0,7,57,9,73,58,6,64,137
08/26/2006,MKL,TN,ASO,CE,Federal Contract Tower,0,2,7,0,9,0,0,15,0,15,0,2,22,0,24,18,0,18,42
08/27/2006,MKL,TN,ASO,CE,Federal Contract Tower,0,2,14,0,16,0,0,7,1,8,0,2,21,1,24,0,0,0,24
08/28/2006,MKL,TN,ASO,CE,Federal Contract Tower,0,9,16,0,25,0,1,11,1,13,0,10,27,1,38,0,2,2,40
08/29/2006,MKL,TN,ASO,CE,Federal Contract Tower,0,11,20,0,31,0,0,1,0,1,0,11,21,0,32,0,0,0,32
08/30/2006,MKL,TN,ASO,CE,Federal Contract Tower,0,8,15,2,25,0,0,7,7,14,0,8,22,9,39,18,4,22,61
08/31/2006,MKL,TN,ASO,CE,Federal Contract Tower,0,10,11,1,22,0,0,16,9,25,0,10,27,10,47,40,18,58,105
09/01/2006,MKL,TN,ASO,CE,Federal Contract Tower,0,10,23,4,37,0,6,4,5,15,0,16,27,9,52,0,10,10,62
09/02/2006,MKL,TN,ASO,CE,Federal Contract Tower,0,3,6,0,9,0,0,5,2,7,0,3,11,2,16,10,0,10,26
09/03/2006,MKL,TN,ASO,CE,Federal Contract Tower,0,3,2,0,5,0,0,10,0,10,0,3,12,0,15,14,0,14,29
09/04/2006,MKL,TN,ASO,CE,Federal Contract Tower,0,4,10,2,16,0,2,29,0,31,0,6,39,2,47,0,0,0,47
09/05/2006,MKL,TN,ASO,CE,Federal Contract Tower,0,8,9,0,17,0,0,23,0,23,0,8,32,0,40,18,0,18,58
09/06/2006,MKL,TN,ASO,CE,Federal Contract Tower,0,6,15,0,21,0,4,21,0,25,0,10,36,0,46,34,0,34,80
09/07/2006,MKL,TN,ASO,CE,Federal Contract Tower,0,8,20,0,28,0,2,21,2,25,0,10,41,2,53,28,0,28,81
09/08/2006,MKL,TN,ASO,CE,Federal Contract Tower,0,13,16,0,29,0,1,39,0,40,0,14,55,0,69,34,0,34,103
09/09/2006,MKL,TN,ASO,CE,Federal Contract Tower,0,2,3,0,5,0,0,18,0,18,0,2,21,0,23,0,0,0,23
09/10/2006,MKL,TN,ASO,CE,Federal Contract Tower,0,4,6,0,10,0,0,23,2,25,0,4,29,2,35,6,0,6,41
09/11/2006,MKL,TN,ASO,CE,Federal Contract Tower,0,11,5,4,20,0,7,15,3,25,0,18,20,7,45,0,2,2,47
09/12/2006,MKL,TN,ASO,CE,Federal Contract Tower,0,10,14,0,24,0,0,4,7,11,0,10,18,7,35,6,14,20,55
09/13/2006,MKL,TN,ASO,CE,Federal Contract Tower,0,8,13,0,21,0,9,22,2,33,0,17,35,2,54,40,0,40,94
09/14/2006,MKL,TN,ASO,CE,Federal Contract Tower,0,7,17,2,26,0,13,30,4,47,0,20,47,6,73,30,0,30,103
09/15/2006,MKL,TN,ASO,CE,Federal Contract Tower,0,9,8,4,21,0,10,52,0,62,0,19,60,4,83,72,0,72,155
09/16/2006,MKL,TN,ASO,CE,Federal Contract Tower,0,2,6,0,8,0,8,34,0,42,0,10,40,0,50,38,0,38,88
09/17/2006,MKL,TN,ASO,CE,Federal Contract Tower,0,4,10,2,16,0,0,10,6,16,0,4,20,8,32,0,0,0,32
09/18/2006,MKL,TN,ASO,CE,Federal Contract Tower,0,8,3,0,11,0,0,1,0,1,0,8,4,0,12,0,0,0,12
09/19/2006,MKL,TN,ASO,CE,Federal Contract Tower,0,6,11,4,21,0,4,39,0,43,0,10,50,4,64,42,12,54,118
09/20/2006,MKL,TN,ASO,CE,Federal Contract Tower,0,7,18,0,25,0,0,42,2,44,0,7,60,2,69,16,0,16,85
09/21/2006,MKL,TN,ASO,CE,Federal Contract Tower,0,11,18,0,29,0,0,30,0,30,0,11,48,0,59,56,0,56,115
09/22/2006,MKL,TN,ASO,CE,Federal Contract Tower,0,10,7,0,17,0,0,8,8,16,0,10,15,8,33,14,16,30,63
09/23/2006,MKL,TN,ASO,CE,Federal Contract Tower,0,0,2,0,2,0,1,3,0,4,0,1,5,0,6,0,0,0,6
09/24/2006,MKL,TN,ASO,CE,Federal Contract Tower,0,2,13,1,16,0,0,19,1,20,0,2,32,2,36,20,0,20,56
09/25/2006,MKL,TN,ASO,CE,Federal Contract Tower,0,8,9,0,17,0,5,31,2,38,0,13,40,2,55,14,8,22,77
09/26/2006,MKL,TN,ASO,CE,Federal Contract Tower,0,11,14,0,25,0,0,34,0,34,0,11,48,0,59,30,0,30,89
09/27/2006,MKL,TN,ASO,CE,Federal Contract Tower,0,7,20,0,27,0,0,31,1,32,0,7,51,1,59,74,0,74,133
09/28/2006,MKL,TN,ASO,CE,Federal Contract Tower,0,10,15,0,25,0,0,7,0,7,0,10,22,0,32,0,0,0,32
09/29/2006,MKL,TN,ASO,CE,Federal Contract Tower,0,6,11,0,17,0,12,36,0,48,0,18,47,0,65,54,0,54,119
09/30/2006,MKL,TN,ASO,CE,Federal Contract Tower,0,2,4,0,6,0,4,31,0,35,0,6,35,0,41,48,0,48,89
10/01/2006,MKL,TN,ASO,CE,Federal Contract Tower,0,2,8,0,10,0,0,36,0,36,0,2,44,0,46,34,0,34,80
10/02/2006,MKL,TN,ASO,CE,Federal Contract Tower,0,6,3,0,9,0,4,34,1,39,0,10,37,1,48,14,2,16,64
10/03/2006,MKL,TN,ASO,CE,Federal Contract Tower,0,7,5,0,12,0,1,35,3,39,0,8,40,3,51,54,0,54,105
10/04/2006,MKL,TN,ASO,CE,Federal Contract Tower,0,9,17,0,26,0,9,43,3,55,0,18,60,3,81,116,0,116,197
10/05/2006,MKL,TN,ASO,CE,Federal Contract Tower,0,7,15,3,25,0,0,15,0,15,0,7,30,3,40,4,2,6,46
10/06/2006,MKL,TN,ASO,CE,Federal Contract Tower,0,8,18,0,26,0,8,17,4,29,0,16,35,4,55,8,8,16,71
10/07/2006,MKL,TN,ASO,CE,Federal Contract Tower,0,2,5,0,7,0,0,37,0,37,0,2,42,0,44,12,0,12,56
10/08/2006,MKL,TN,ASO,CE,Federal Contract Tower,0,2,8,0,10,0,1,33,0,34,0,3,41,0,44,8,0,8,52
10/09/2006,MKL,TN,ASO,CE,Federal Contract Tower,0,6,10,3,19,0,0,29,0,29,0,6,39,3,48,34,0,34,82
10/10/2006,MKL,TN,ASO,CE,Federal Contract Tower,0,8,14,0,22,0,0,40,0,40,0,8,54,0,62,58,0,58,120
10/11/2006,MKL,TN,ASO,CE,Federal Contract Tower,0,10,30,0,40,0,9,7,0,16,0,19,37,0,56,0,0,0,56
10/12/2006,MKL,TN,ASO,CE,Federal Contract Tower,0,8,13,1,22,0,9,14,0,23,0,17,27,1,45,20,4,24,69
10/13/2006,MKL,TN,ASO,CE,Federal Contract Tower,0,7,10,0,17,0,4,40,0,44,0,11,50,0,61,72,0,72,133
10/14/2006,MKL,TN,ASO,CE,Federal Contract Tower,0,2,12,0,14,0,8,40,3,51,0,10,52,3,65,16,0,16,81
10/15/2006,MKL,TN,ASO,CE,Federal Contract Tower,0,2,9,0,11,0,0,14,0,14,0,2,23,0,25,0,0,0,25
10/16/2006,MKL,TN,ASO,CE,Federal Contract Tower,0,8,9,0,17,0,0,4,0,4,0,8,13,0,21,0,0,0,21
10/17/2006,MKL,TN,ASO,CE,Federal Contract Tower,0,9,10,0,19,0,4,7,6,17,0,13,17,6,36,4,0,4,40
10/18/2006,MKL,TN,ASO,CE,Federal Contract Tower,0,6,25,0,31,0,7,27,4,38,0,13,52,4,69,24,6,30,99
10/19/2006,MKL,TN,ASO,CE,Federal Contract Tower,0,7,14,0,21,0,2,0,0,2,0,9,14,0,23,0,0,0,23
10/20/2006,MKL,TN,ASO,CE,Federal Contract Tower,0,8,26,0,34,0,0,24,0,24,0,8,50,0,58,58,0,58,116
10/21/2006,MKL,TN,ASO,CE,Federal Contract Tower,0,2,8,0,10,0,0,34,0,34,0,2,42,0,44,24,0,24,68
10/22/2006,MKL,TN,ASO,CE,Federal Contract Tower,0,2,12,0,14,0,0,15,0,15,0,2,27,0,29,36,0,36,65
10/23/2006,MKL,TN,ASO,CE,Federal Contract Tower,0,10,13,0,23,0,2,26,0,28,0,12,39,0,51,0,0,0,51
10/24/2006,MKL,TN,ASO,CE,Federal Contract Tower,0,8,15,0,23,0,1,30,0,31,0,9,45,0,54,20,0,20,74
10/25/2006,MKL,TN,ASO,CE,Federal Contract Tower,0,8,14,0,22,0,0,9,0,9,0,8,23,0,31,0,0,0,31
10/26/2006,MKL,TN,ASO,CE,Federal Contract Tower,0,7,16,0,23,0,1,0,0,1,0,8,16,0,24,4,0,4,28
10/27/2006,MKL,TN,ASO,CE,Federal Contract Tower,0,6,16,2,24,0,8,4,13,25,0,14,20,15,49,8,8,16,65
10/28/2006,MKL,TN,ASO,CE,Federal Contract Tower,0,2,7,0,9,0,0,48,0,48,0,2,55,0,57,52,0,52,109
10/29/2006,MKL,TN,ASO,CE,Federal Contract Tower,0,2,17,0,19,0,3,26,0,29,0,5,43,0,48,42,0,42,90
10/30/2006,MKL,TN,ASO,CE,Federal Contract Tower,0,7,6,2,15,0,2,20,0,22,0,9,26,2,37,4,0,4,41
10/31/2006,MKL,TN,ASO,CE,Federal Contract Tower,0,8,4,0,12,0,0,6,2,8,0,8,10,2,20,0,0,0,20
11/01/2006,MKL,TN,ASO,CE,Federal Contract Tower,0,5,23,0,28,0,0,0,0,0,0,5,23,0,28,0,0,0,28
11/02/2006,MKL,TN,ASO,CE,Federal Contract Tower,0,13,23,0,36,0,0,37,2,39,0,13,60,2,75,68,2,70,145
11/03/2006,MKL,TN,ASO,CE,Federal Contract Tower,0,12,21,3,36,0,1,39,2,42,0,13,60,5,78,52,4,56,134
11/04/2006,MKL,TN,ASO,CE,Federal Contract Tower,0,4,8,0,12,0,0,29,3,32,0,4,37,3,44,36,0,36,80
11/05/2006,MKL,TN,ASO,CE,Federal Contract Tower,0,2,9,0,11,0,0,31,0,31,0,2,40,0,42,14,0,14,56
11/06/2006,MKL,TN,ASO,CE,Federal Contract Tower,0,10,19,0,29,0,0,1,0,1,0,10,20,0,30,0,0,0,30
11/07/2006,MKL,TN,ASO,CE,Federal Contract Tower,0,8,14,1,23,0,0,0,0,0,0,8,14,1,23,6,2,8,31
11/08/2006,MKL,TN,ASO,CE,Federal Contract Tower,0,4,10,0,14,0,0,17,4,21,0,4,27,4,35,22,0,22,57
11/09/2006,MKL,TN,ASO,CE,Federal Contract Tower,0,10,22,0,32,0,17,42,0,59,0,27,64,0,91,82,0,82,173
11/10/2006,MKL,TN,ASO,CE,Federal Contract Tower,0,8,24,0,32,0,0,18,0,18,0,8,42,0,50,20,0,20,70
11/11/2006,MKL,TN,ASO,CE,Federal Contract Tower,0,4,9,0,13,0,4,4,0,8,0,8,13,0,21,6,0,6,27
11/12/2006,MKL,TN,ASO,CE,Federal Contract Tower,0,2,5,0,7,0,0,27,0,27,0,2,32,0,34,20,0,20,54
11/13/2006,MKL,TN,ASO,CE,Federal Contract Tower,0,12,8,0,20,0,5,33,2,40,0,17,41,2,60,10,4,14,74
11/14/2006,MKL,TN,ASO,CE,Federal Contract Tower,0,11,10,1,22,0,9,6,1,16,0,20,16,2,38,8,0,8,46
11/15/2006,MKL,TN,ASO,CE,Federal Contract Tower,0,8,12,3,23,0,4,6,3,13,0,12,18,6,36,10,22,32,68
11/16/2006,MKL,TN,ASO,CE,Federal Contract Tower,0,6,9,0,15,0,0,3,0,3,0,6,12,0,18,6,0,6,24
11/17/2006,MKL,TN,ASO,CE,Federal Contract Tower,0,12,11,1,24,0,0,34,1,35,0,12,45,2,59,86,0,86,145
11/18/2006,MKL,TN,ASO,CE,Federal Contract Tower,0,9,5,0,14,0,0,37,0,37,0,9,42,0,51,26,0,26,77
11/19/2006,MKL,TN,ASO,CE,Federal Contract Tower,0,4,5,0,9,0,0,32,0,32,0,4,37,0,41,0,0,0,41
11/20/2006,MKL,TN,ASO,CE,Federal Contract Tower,0,7,8,0,15,0,2,37,0,39,0,9,45,0,54,4,0,4,58
11/21/2006,MKL,TN,ASO,CE,Federal Contract Tower,0,7,18,0,25,0,0,30,0,30,0,7,48,0,55,6,0,6,61
11/22/2006,MKL,TN,ASO,CE,Federal Contract Tower,0,6,15,0,21,0,0,63,0,63,0,6,78,0,84,68,0,68,152
11/23/2006,MKL,TN,ASO,CE,Federal Contract Tower,0,2,2,0,4,0,8,22,0,30,0,10,24,0,34,12,0,12,46
11/24/2006,MKL,TN,ASO,CE,Federal Contract Tower,0,7,14,0,21,0,18,26,0,44,0,25,40,0,65,30,0,30,95
11/25/2006,MKL,TN,ASO,CE,Federal Contract Tower,0,3,4,0,7,0,0,37,4,41,0,3,41,4,48,12,0,12,60
11/26/2006,MKL,TN,ASO,CE,Federal Contract Tower,0,2,11,0,13,0,0,30,14,44,0,2,41,14,57,0,4,4,61
11/27/2006,MKL,TN,ASO,CE,Federal Contract Tower,0,7,4,2,13,0,5,33,0,38,0,12,37,2,51,36,8,44,95
11/28/2006,MKL,TN,ASO,CE,Federal Contract Tower,0,7,25,0,32,0,0,19,0,19,0,7,44,0,51,24,0,24,75
11/29/2006,MKL,TN,ASO,CE,Federal Contract Tower,0,9,22,0,31,0,4,8,0,12,0,13,30,0,43,18,0,18,61
11/30/2006,MKL,TN,ASO,CE,Federal Contract Tower,0,6,13,0,19,0,2,1,0,3,0,8,14,0,22,2,0,2,24
12/01/2006,MKL,TN,ASO,CE,Federal Contract Tower,0,4,12,0,16,0,5,3,0,8,0,9,15,0,24,0,0,0,24
12/02/2006,MKL,TN,ASO,CE,Federal Contract Tower,0,0,4,0,4,0,4,29,1,34,0,4,33,1,38,8,0,8,46
12/03/2006,MKL,TN,ASO,CE,Federal Contract Tower,0,2,10,0,12,0,7,16,5,28,0,9,26,5,40,2,2,4,44
12/04/2006,MKL,TN,ASO,CE,Federal Contract Tower,0,6,5,0,11,0,0,17,0,17,0,6,22,0,28,46,0,46,74
12/05/2006,MKL,TN,ASO,CE,Federal Contract Tower,0,10,16,0,26,0,4,31,0,35,0,14,47,0,61,18,0,18,79
12/06/2006,MKL,TN,ASO,CE,Federal Contract Tower,0,7,13,6,26,0,12,12,13,37,0,19,25,19,63,14,2,16,79
12/07/2006,MKL,TN,ASO,CE,Federal Contract Tower,0,9,9,0,18,0,1,12,7,20,0,10,21,7,38,12,0,12,50
12/08/2006,MKL,TN,ASO,CE,Federal Contract Tower,0,11,22,2,35,0,11,43,0,54,0,22,65,2,89,70,0,70,159
12/09/2006,MKL,TN,ASO,CE,Federal Contract Tower,0,2,6,0,8,0,12,27,0,39,0,14,33,0,47,4,0,4,51
12/10/2006,MKL,TN,ASO,CE,Federal Contract Tower,0,2,8,0,10,0,1,11,0,12,0,3,19,0,22,12,0,12,34
12/11/2006,MKL,TN,ASO,CE,Federal Contract Tower,0,7,5,2,14,0,0,32,0,32,0,7,37,2,46,44,0,44,90
12/12/2006,MKL,TN,ASO,CE,Federal Contract Tower,0,9,16,2,27,0,5,4,0,9,0,14,20,2,36,4,0,4,40
12/13/2006,MKL,TN,ASO,CE,Federal Contract Tower,0,8,26,0,34,0,1,30,0,31,0,9,56,0,65,40,0,40,105
12/14/2006,MKL,TN,ASO,CE,Federal Contract Tower,0,13,23,0,36,0,4,34,0,38,0,17,57,0,74,42,0,42,116
12/15/2006,MKL,TN,ASO,CE,Federal Contract Tower,0,10,14,0,24,0,10,39,0,49,0,20,53,0,73,80,0,80,153
12/16/2006,MKL,TN,ASO,CE,Federal Contract Tower,0,2,1,0,3,0,4,44,1,49,0,6,45,1,52,50,0,50,102
12/17/2006,MKL,TN,ASO,CE,Federal Contract Tower,0,3,15,0,18,0,1,22,0,23,0,4,37,0,41,0,0,0,41
12/18/2006,MKL,TN,ASO,CE,Federal Contract Tower,0,9,7,0,16,0,0,23,0,23,0,9,30,0,39,0,0,0,39
12/19/2006,MKL,TN,ASO,CE,Federal Contract Tower,0,8,14,0,22,0,3,16,3,22,0,11,30,3,44,22,0,22,66
12/20/2006,MKL,TN,ASO,CE,Federal Contract Tower,0,7,10,7,24,0,8,18,0,26,0,15,28,7,50,26,14,40,90
12/21/2006,MKL,TN,ASO,CE,Federal Contract Tower,0,8,17,0,25,0,5,9,0,14,0,13,26,0,39,12,0,12,51
12/22/2006,MKL,TN,ASO,CE,Federal Contract Tower,0,8,11,0,19,0,7,22,0,29,0,15,33,0,48,56,0,56,104
12/23/2006,MKL,TN,ASO,CE,Federal Contract Tower,0,2,6,0,8,0,14,51,0,65,0,16,57,0,73,12,0,12,85
12/24/2006,MKL,TN,ASO,CE,Federal Contract Tower,0,2,3,0,5,0,0,4,0,4,0,2,7,0,9,0,0,0,9
12/25/2006,MKL,TN,ASO,CE,Federal Contract Tower,0,4,0,0,4,0,0,0,0,0,0,4,0,0,4,0,0,0,4
12/26/2006,MKL,TN,ASO,CE,Federal Contract Tower,0,8,6,0,14,0,2,3,0,5,0,10,9,0,19,0,0,0,19
12/27/2006,MKL,TN,ASO,CE,Federal Contract Tower,0,7,10,0,17,0,6,18,0,24,0,13,28,0,41,14,0,14,55
12/28/2006,MKL,TN,ASO,CE,Federal Contract Tower,0,6,5,0,11,0,1,25,0,26,0,7,30,0,37,54,0,54,91
12/29/2006,MKL,TN,ASO,CE,Federal Contract Tower,0,6,8,1,15,0,8,24,2,34,0,14,32,3,49,44,4,48,97
12/30/2006,MKL,TN,ASO,CE,Federal Contract Tower,0,4,9,0,13,0,0,6,0,6,0,4,15,0,19,6,0,6,25
12/31/2006,MKL,TN,ASO,CE,Federal Contract Tower,0,2,6,0,8,0,3,10,0,13,0,5,16,0,21,0,0,0,21
01/01/2007,MKL,TN,ASO,CE,Federal Contract Tower,0,4,7,0,11,0,0,12,0,12,0,4,19,0,23,4,0,4,27
01/02/2007,MKL,TN,ASO,CE,Federal Contract Tower,0,9,5,0,14,0,1,32,0,33,0,10,37,0,47,48,0,48,95
01/03/2007,MKL,TN,ASO,CE,Federal Contract Tower,0,7,16,0,23,0,13,34,0,47,0,20,50,0,70,28,0,28,98
01/04/2007,MKL,TN,ASO,CE,Federal Contract Tower,0,12,4,0,16,0,4,5,3,12,0,16,9,3,28,12,2,14,42
01/05/2007,MKL,TN,ASO,CE,Federal Contract Tower,0,7,8,0,15,0,2,2,0,4,0,9,10,0,19,8,0,8,27
01/06/2007,MKL,TN,ASO,CE,Federal Contract Tower,0,0,3,0,3,0,5,19,3,27,0,5,22,3,30,28,0,28,58
01/07/2007,MKL,TN,ASO,CE,Federal Contract Tower,0,2,2,0,4,0,0,0,0,0,0,2,2,0,4,0,0,0,4
01/08/2007,MKL,TN,ASO,CE,Federal Contract Tower,0,7,7,0,14,0,0,28,0,28,0,7,35,0,42,30,0,30,72
01/09/2007,MKL,TN,ASO,CE,Federal Contract Tower,0,7,11,0,18,0,4,18,4,26,0,11,29,4,44,6,0,6,50
01/10/2007,MKL,TN,ASO,CE,Federal Contract Tower,0,6,12,0,18,0,2,47,13,62,0,8,59,13,80,74,6,80,160
01/11/2007,MKL,TN,ASO,CE,Federal Contract Tower,0,6,18,1,25,0,4,27,4,35,0,10,45,5,60,4,0,4,64
01/12/2007,MKL,TN,ASO,CE,Federal Contract Tower,0,6,10,4,20,0,1,0,0,1,0,7,10,4,21,4,4,8,29
01/13/2007,MKL,TN,ASO,CE,Federal Contract Tower,0,0,2,0,2,0,0,0,0,0,0,0,2,0,2,0,0,0,2
01/14/2007,MKL,TN,ASO,CE,Federal Contract Tower,0,2,4,0,6,0,0,1,0,1,0,2,5,0,7,0,0,0,7
01/15/2007,MKL,TN,ASO,CE,Federal Contract Tower,0,6,2,0,8,0,0,0,0,0,0,6,2,0,8,0,0,0,8
01/16/2007,MKL,TN,ASO,CE,Federal Contract Tower,0,7,7,3,17,0,0,10,0,10,0,7,17,3,27,8,4,12,39
01/17/2007,MKL,TN,ASO,CE,Federal Contract Tower,0,9,13,0,22,0,2,29,0,31,0,11,42,0,53,22,0,22,75
01/18/2007,MKL,TN,ASO,CE,Federal Contract Tower,0,7,11,5,23,0,6,10,0,16,0,13,21,5,39,28,18,46,85
01/19/2007,MKL,TN,ASO,CE,Federal Contract Tower,0,9,10,0,19,0,4,24,0,28,0,13,34,0,47,48,0,48,95
01/20/2007,MKL,TN,ASO,CE,Federal Contract Tower,0,2,0,0,2,0,0,51,0,51,0,2,51,0,53,134,0,134,187
01/21/2007,MKL,TN,ASO,CE,Federal Contract Tower,0,2,3,0,5,0,0,0,0,0,0,2,3,0,5,0,0,0,5
01/22/2007,MKL,TN,ASO,CE,Federal Contract Tower,0,8,11,0,19,0,1,5,2,8,0,9,16,2,27,20,0,20,47
01/23/2007,MKL,TN,ASO,CE,Federal Contract Tower,0,9,16,0,25,0,1,15,5,21,0,10,31,5,46,4,4,8,54
01/24/2007,MKL,TN,ASO,CE,Federal Contract Tower,0,4,15,0,19,0,4,29,0,33,0,8,44,0,52,22,0,22,74
01/25/2007,MKL,TN,ASO,CE,Federal Contract Tower,0,5,17,0,22,0,2,29,0,31,0,7,46,0,53,36,0,36,89
01/26/2007,MKL,TN,ASO,CE,Federal Contract Tower,0,5,14,0,19,0,2,52,0,54,0,7,66,0,73,56,0,56,129
01/27/2007,MKL,TN,ASO,CE,Federal Contract Tower,0,2,4,0,6,0,8,21,1,30,0,10,25,1,36,20,0,20,56
01/28/2007,MKL,TN,ASO,CE,Federal Contract Tower,0,2,10,0,12,0,0,30,0,30,0,2,40,0,42,2,0,2,44
01/29/2007,MKL,TN,ASO,CE,Federal Contract Tower,0,9,7,1,17,0,0,31,1,32,0,9,38,2,49,44,0,44,93
01/30/2007,MKL,TN,ASO,CE,Federal Contract Tower,0,8,8,0,16,0,4,16,2,22,0,12,24,2,38,4,10,14,52
01/31/2007,MKL,TN,ASO,CE,Federal Contract Tower,0,11,16,0,27,0,2,9,0,11,0,13,25,0,38,8,0,8,46
02/01/2007,MKL,TN,ASO,CE,Federal Contract Tower,0,7,3,0,10,0,8,1,0,9,0,15,4,0,19,4,0,4,23
02/02/2007,MKL,TN,ASO,CE,Federal Contract Tower,0,7,9,0,16,0,12,16,0,28,0,19,25,0,44,28,0,28,72
02/03/2007,MKL,TN,ASO,CE,Federal Contract Tower,0,4,4,0,8,0,4,31,0,35,0,8,35,0,43,0,16,16,59
02/04/2007,MKL,TN,ASO,CE,Federal Contract Tower,0,2,0,0,2,0,3,31,2,36,0,5,31,2,38,30,0,30,68
02/05/2007,MKL,TN,ASO,CE,Federal Contract Tower,0,10,11,0,21,0,2,9,0,11,0,12,20,0,32,22,0,22,54
02/06/2007,MKL,TN,ASO,CE,Federal Contract Tower,0,6,11,0,17,0,9,19,0,28,0,15,30,0,45,8,0,8,53
02/07/2007,MKL,TN,ASO,CE,Federal Contract Tower,0,7,18,0,25,0,4,17,5,26,0,11,35,5,51,6,0,6,57
02/08/2007,MKL,TN,ASO,CE,Federal Contract Tower,0,9,14,0,23,0,8,30,5,43,0,17,44,5,66,50,0,50,116
02/09/2007,MKL,TN,ASO,CE,Federal Contract Tower,0,6,17,4,27,0,0,22,0,22,0,6,39,4,49,28,12,40,89
02/10/2007,MKL,TN,ASO,CE,Federal Contract Tower,0,2,3,0,5,0,4,26,1,31,0,6,29,1,36,12,0,12,48
02/11/2007,MKL,TN,ASO,CE,Federal Contract Tower,0,2,11,0,13,0,0,33,0,33,0,2,44,0,46,14,0,14,60
02/12/2007,MKL,TN,ASO,CE,Federal Contract Tower,0,7,17,0,24,0,4,1,0,5,0,11,18,0,29,0,0,0,29
02/13/2007,MKL,TN,ASO,CE,Federal Contract Tower,0,6,8,2,16,0,0,0,0,0,0,6,8,2,16,0,4,4,20
02/15/2007,MKL,TN,ASO,CE,Federal Contract Tower,0,5,16,0,21,0,3,9,0,12,0,8,25,0,33,20,0,20,53
02/16/2007,MKL,TN,ASO,CE,Federal Contract Tower,0,8,11,0,19,0,0,40,0,40,0,8,51,0,59,62,0,62,121
02/17/2007,MKL,TN,ASO,CE,Federal Contract Tower,0,0,1,0,1,0,0,1,2,3,0,0,2,2,4,0,0,0,4
02/18/2007,MKL,TN,ASO,CE,Federal Contract Tower,0,2,7,0,9,0,0,23,2,25,0,2,30,2,34,4,0,4,38
02/19/2007,MKL,TN,ASO,CE,Federal Contract Tower,0,4,11,0,15,0,0,28,0,28,0,4,39,0,43,32,0,32,75
02/20/2007,MKL,TN,ASO,CE,Federal Contract Tower,0,9,18,0,27,0,7,15,2,24,0,16,33,2,51,8,0,8,59
02/21/2007,MKL,TN,ASO,CE,Federal Contract Tower,0,10,22,2,34,0,4,19,4,27,0,14,41,6,61,32,0,32,93
02/22/2007,MKL,TN,ASO,CE,Federal Contract Tower,0,8,14,0,22,0,1,19,0,20,0,9,33,0,42,28,0,28,70
02/23/2007,MKL,TN,ASO,CE,Federal Contract Tower,0,7,14,1,22,0,0,48,0,48,0,7,62,1,70,54,0,54,124
02/24/2007,MKL,TN,ASO,CE,Federal Contract Tower,0,0,2,0,2,0,0,2,0,2,0,0,4,0,4,0,0,0,4
02/25/2007,MKL,TN,ASO,CE,Federal Contract Tower,0,2,12,0,14,0,4,0,0,4,0,6,12,0,18,0,0,0,18
02/26/2007,MKL,TN,ASO,CE,Federal Contract Tower,0,8,7,0,15,0,0,33,2,35,0,8,40,2,50,12,0,12,62
02/27/2007,MKL,TN,ASO,CE,Federal Contract Tower,0,6,17,0,23,0,10,25,12,47,0,16,42,12,70,38,26,64,134
02/28/2007,MKL,TN,ASO,CE,Federal Contract Tower,0,7,7,0,14,0,8,14,19,41,0,15,21,19,55,4,42,46,101
03/01/2007,MKL,TN,ASO,CE,Federal Contract Tower,0,14,7,0,21,0,0,5,1,6,0,14,12,1,27,4,0,4,31
03/02/2007,MKL,TN,ASO,CE,Federal Contract Tower,0,8,8,0,16,0,12,12,4,28,0,20,20,4,44,18,8,26,70
03/03/2007,MKL,TN,ASO,CE,Federal Contract Tower,0,2,3,0,5,0,4,14,1,19,0,6,17,1,24,8,0,8,32
03/04/2007,MKL,TN,ASO,CE,Federal Contract Tower,0,0,8,2,10,0,0,41,2,43,0,0,49,4,53,18,0,18,71
03/05/2007,MKL,TN,ASO,CE,Federal Contract Tower,0,5,12,1,18,0,0,49,0,49,0,5,61,1,67,40,4,44,111
03/06/2007,MKL,TN,ASO,CE,Federal Contract Tower,0,8,12,0,20,0,4,44,2,50,0,12,56,2,70,100,0,100,170
03/07/2007,MKL,TN,ASO,CE,Federal Contract Tower,0,6,16,2,24,0,0,33,0,33,0,6,49,2,57,34,0,34,91
03/08/2007,MKL,TN,ASO,CE,Federal Contract Tower,0,4,12,6,22,0,2,39,0,41,0,6,51,6,63,82,0,82,145
03/09/2007,MKL,TN,ASO,CE,Federal Contract Tower,0,6,9,0,15,0,13,30,0,43,0,19,39,0,58,54,0,54,112
03/10/2007,MKL,TN,ASO,CE,Federal Contract Tower,0,0,6,0,6,0,0,31,0,31,0,0,37,0,37,8,0,8,45
03/11/2007,MKL,TN,ASO,CE,Federal Contract Tower,0,0,6,0,6,0,0,26,1,27,0,0,32,1,33,18,0,18,51
03/12/2007,MKL,TN,ASO,CE,Federal Contract Tower,0,5,4,0,9,0,3,27,2,32,0,8,31,2,41,10,8,18,59
03/13/2007,MKL,TN,ASO,CE,Federal Contract Tower,0,4,18,0,22,0,0,15,6,21,0,4,33,6,43,0,0,0,43
03/14/2007,MKL,TN,ASO,CE,Federal Contract Tower,0,11,16,0,27,0,11,7,0,18,0,22,23,0,45,0,0,0,45
03/15/2007,MKL,TN,ASO,CE,Federal Contract Tower,0,7,14,0,21,0,0,0,0,0,0,7,14,0,21,0,0,0,21
03/16/2007,MKL,TN,ASO,CE,Federal Contract Tower,0,3,14,1,18,0,0,16,13,29,0,3,30,14,47,26,16,42,89
03/17/2007,MKL,TN,ASO,CE,Federal Contract Tower,0,1,5,0,6,0,0,26,0,26,0,1,31,0,32,8,0,8,40
03/18/2007,MKL,TN,ASO,CE,Federal Contract Tower,0,0,11,0,11,0,2,22,4,28,0,2,33,4,39,38,0,38,77
03/19/2007,MKL,TN,ASO,CE,Federal Contract Tower,0,8,16,0,24,0,2,31,0,33,0,10,47,0,57,22,0,22,79
03/20/2007,MKL,TN,ASO,CE,Federal Contract Tower,0,8,20,0,28,0,6,20,0,26,0,14,40,0,54,48,0,48,102
03/21/2007,MKL,TN,ASO,CE,Federal Contract Tower,0,6,25,0,31,0,4,12,10,26,0,10,37,10,57,0,24,24,81
03/22/2007,MKL,TN,ASO,CE,Federal Contract Tower,0,6,24,2,32,0,6,25,17,48,0,12,49,19,80,50,8,58,138
03/23/2007,MKL,TN,ASO,CE,Federal Contract Tower,0,3,17,2,22,0,0,28,2,30,0,3,45,4,52,46,4,50,102
03/24/2007,MKL,TN,ASO,CE,Federal Contract Tower,0,2,5,0,7,0,0,31,0,31,0,2,36,0,38,6,0,6,44
03/25/2007,MKL,TN,ASO,CE,Federal Contract Tower,0,0,12,0,12,0,0,32,0,32,0,0,44,0,44,22,0,22,66
03/26/2007,MKL,TN,ASO,CE,Federal Contract Tower,0,6,5,0,11,0,0,17,1,18,0,6,22,1,29,40,0,40,69
03/27/2007,MKL,TN,ASO,CE,Federal Contract Tower,0,3,17,1,21,0,11,23,0,34,0,14,40,1,55,36,0,36,91
03/28/2007,MKL,TN,ASO,CE,Federal Contract Tower,0,4,15,2,21,0,8,11,0,19,0,12,26,2,40,20,0,20,60
03/29/2007,MKL,TN,ASO,CE,Federal Contract Tower,0,6,18,3,27,0,9,60,21,90,0,15,78,24,117,86,28,114,231
03/30/2007,MKL,TN,ASO,CE,Federal Contract Tower,0,7,14,2,23,0,2,35,10,47,0,9,49,12,70,42,0,42,112
03/31/2007,MKL,TN,ASO,CE,Federal Contract Tower,0,0,7,0,7,0,3,8,3,14,0,3,15,3,21,20,0,20,41
04/01/2007,MKL,TN,ASO,CE,Federal Contract Tower,0,0,12,0,12,0,4,20,0,24,0,4,32,0,36,14,0,14,50
04/02/2007,MKL,TN,ASO,CE,Federal Contract Tower,0,8,9,0,17,0,1,25,0,26,0,9,34,0,43,12,0,12,55
04/03/2007,MKL,TN,ASO,CE,Federal Contract Tower,0,8,15,0,23,0,9,29,0,38,0,17,44,0,61,66,0,66,127
04/04/2007,MKL,TN,ASO,CE,Federal Contract Tower,0,4,15,0,19,0,0,19,8,27,0,4,34,8,46,34,22,56,102
04/05/2007,MKL,TN,ASO,CE,Federal Contract Tower,0,7,16,0,23,0,0,34,3,37,0,7,50,3,60,48,0,48,108
04/06/2007,MKL,TN,ASO,CE,Federal Contract Tower,0,5,9,2,16,0,4,36,0,40,0,9,45,2,56,42,4,46,102
04/07/2007,MKL,TN,ASO,CE,Federal Contract Tower,0,0,4,0,4,0,0,16,0,16,0,0,20,0,20,8,0,8,28
04/08/2007,MKL,TN,ASO,CE,Federal Contract Tower,0,0,6,0,6,0,2,17,0,19,0,2,23,0,25,6,0,6,31
04/09/2007,MKL,TN,ASO,CE,Federal Contract Tower,0,6,17,1,24,0,2,35,1,38,0,8,52,2,62,16,20,36,98
04/10/2007,MKL,TN,ASO,CE,Federal Contract Tower,0,4,17,0,21,0,2,17,16,35,0,6,34,16,56,30,58,88,144
04/11/2007,MKL,TN,ASO,CE,Federal Contract Tower,0,6,12,0,18,0,8,6,1,15,0,14,18,1,33,6,0,6,39
04/12/2007,MKL,TN,ASO,CE,Federal Contract Tower,0,6,20,0,26,0,10,34,0,44,0,16,54,0,70,36,0,36,106
04/13/2007,MKL,TN,ASO,CE,Federal Contract Tower,0,2,16,0,18,0,6,12,0,18,0,8,28,0,36,4,0,4,40
04/14/2007,MKL,TN,ASO,CE,Federal Contract Tower,0,3,4,0,7,0,0,0,0,0,0,3,4,0,7,0,0,0,7
04/15/2007,MKL,TN,ASO,CE,Federal Contract Tower,0,0,7,0,7,0,0,13,12,25,0,0,20,12,32,0,0,0,32
04/16/2007,MKL,TN,ASO,CE,Federal Contract Tower,0,7,12,0,19,0,1,25,10,36,0,8,37,10,55,18,0,18,73
04/17/2007,MKL,TN,ASO,CE,Federal Contract Tower,0,5,11,1,17,0,4,21,6,31,0,9,32,7,48,30,22,52,100
04/18/2007,MKL,TN,ASO,CE,Federal Contract Tower,0,6,13,0,19,0,5,17,6,28,0,11,30,6,47,40,0,40,87
04/19/2007,MKL,TN,ASO,CE,Federal Contract Tower,0,5,16,0,21,0,8,19,7,34,0,13,35,7,55,30,6,36,91
04/20/2007,MKL,TN,ASO,CE,Federal Contract Tower,0,6,21,0,27,0,0,39,3,42,0,6,60,3,69,24,2,26,95
04/21/2007,MKL,TN,ASO,CE,Federal Contract Tower,0,1,6,0,7,0,5,37,0,42,0,6,43,0,49,36,0,36,85
04/22/2007,MKL,TN,ASO,CE,Federal Contract Tower,0,4,5,0,9,0,0,17,0,17,0,4,22,0,26,0,0,0,26
04/23/2007,MKL,TN,ASO,CE,Federal Contract Tower,0,4,15,1,20,0,3,10,2,15,0,7,25,3,35,4,8,12,47
04/24/2007,MKL,TN,ASO,CE,Federal Contract Tower,0,6,6,0,12,0,2,6,0,8,0,8,12,0,20,26,10,36,56
04/25/2007,MKL,TN,ASO,CE,Federal Contract Tower,0,5,12,0,17,0,4,8,15,27,0,9,20,15,44,10,0,10,54
04/26/2007,MKL,TN,ASO,CE,Federal Contract Tower,0,4,19,3,26,0,0,13,31,44,0,4,32,34,70,28,36,64,134
04/27/2007,MKL,TN,ASO,CE,Federal Contract Tower,0,4,7,0,11,0,4,47,12,63,0,8,54,12,74,90,8,98,172
04/28/2007,MKL,TN,ASO,CE,Federal Contract Tower,0,0,3,1,4,0,0,29,4,33,0,0,32,5,37,8,0,8,45
04/29/2007,MKL,TN,ASO,CE,Federal Contract Tower,0,0,10,0,10,0,0,36,4,40,0,0,46,4,50,28,0,28,78
04/30/2007,MKL,TN,ASO,CE,Federal Contract Tower,0,4,6,0,10,0,0,34,4,38,0,4,40,4,48,20,0,20,68
05/01/2007,MKL,TN,ASO,CE,Federal Contract Tower,0,6,10,0,16,0,3,50,7,60,0,9,60,7,76,66,4,70,146
05/02/2007,MKL,TN,ASO,CE,Federal Contract Tower,0,6,16,2,24,0,1,14,2,17,0,7,30,4,41,20,0,20,61
05/03/2007,MKL,TN,ASO,CE,Federal Contract Tower,0,5,9,1,15,0,5,13,2,20,0,10,22,3,35,4,20,24,59
05/04/2007,MKL,TN,ASO,CE,Federal Contract Tower,0,6,14,0,20,0,0,11,0,11,0,6,25,0,31,18,0,18,49
05/05/2007,MKL,TN,ASO,CE,Federal Contract Tower,0,0,2,0,2,0,2,37,2,41,0,2,39,2,43,32,0,32,75
05/06/2007,MKL,TN,ASO,CE,Federal Contract Tower,0,0,7,0,7,0,0,34,4,38,0,0,41,4,45,32,0,32,77
05/07/2007,MKL,TN,ASO,CE,Federal Contract Tower,0,4,16,2,22,0,1,35,2,38,0,5,51,4,60,22,0,22,82
05/08/2007,MKL,TN,ASO,CE,Federal Contract Tower,0,4,12,2,18,0,9,55,0,64,0,13,67,2,82,34,0,34,116
05/09/2007,MKL,TN,ASO,CE,Federal Contract Tower,0,8,13,0,21,0,7,13,2,22,0,15,26,2,43,6,0,6,49
05/10/2007,MKL,TN,ASO,CE,Federal Contract Tower,0,4,20,4,28,0,0,1,12,13,0,4,21,16,41,16,50,66,107
05/11/2007,MKL,TN,ASO,CE,Federal Contract Tower,0,3,12,0,15,0,0,10,2,12,0,3,22,2,27,10,0,10,37
05/12/2007,MKL,TN,ASO,CE,Federal Contract Tower,0,0,2,0,2,0,2,17,4,23,0,2,19,4,25,4,0,4,29
05/13/2007,MKL,TN,ASO,CE,Federal Contract Tower,0,2,5,2,9,0,0,17,0,17,0,2,22,2,26,4,0,4,30
05/14/2007,MKL,TN,ASO,CE,Federal Contract Tower,0,4,13,0,17,0,1,34,12,47,0,5,47,12,64,16,0,16,80
05/15/2007,MKL,TN,ASO,CE,Federal Contract Tower,0,6,18,0,24,0,0,22,42,64,0,6,40,42,88,12,20,32,120
05/16/2007,MKL,TN,ASO,CE,Federal Contract Tower,0,4,9,2,15,0,1,11,4,16,0,5,20,6,31,0,0,0,31
05/17/2007,MKL,TN,ASO,CE,Federal Contract Tower,0,5,7,5,17,0,0,17,10,27,0,5,24,15,44,38,30,68,112
05/18/2007,MKL,TN,ASO,CE,Federal Contract Tower,0,3,12,2,17,0,4,40,4,48,0,7,52,6,65,22,10,32,97
05/19/2007,MKL,TN,ASO,CE,Federal Contract Tower,0,1,8,0,9,0,3,35,0,38,0,4,43,0,47,30,0,30,77
05/20/2007,MKL,TN,ASO,CE,Federal Contract Tower,0,0,10,0,10,0,3,32,2,37,0,3,42,2,47,18,0,18,65
05/21/2007,MKL,TN,ASO,CE,Federal Contract Tower,0,6,14,0,20,0,0,43,1,44,0,6,57,1,64,18,0,18,82
05/22/2007,MKL,TN,ASO,CE,Federal Contract Tower,0,3,12,0,15,0,20,48,12,80,0,23,60,12,95,40,0,40,135
05/23/2007,MKL,TN,ASO,CE,Federal Contract Tower,0,3,15,0,18,0,5,38,17,60,0,8,53,17,78,58,10,68,146
05/24/2007,MKL,TN,ASO,CE,Federal Contract Tower,0,2,14,0,16,0,11,31,6,48,0,13,45,6,64,36,0,36,100
05/25/2007,MKL,TN,ASO,CE,Federal Contract Tower,0,5,12,0,17,0,4,33,5,42,0,9,45,5,59,70,6,76,135
05/26/2007,MKL,TN,ASO,CE,Federal Contract Tower,0,0,6,0,6,0,2,27,0,29,0,2,33,0,35,8,0,8,43
05/27/2007,MKL,TN,ASO,CE,Federal Contract Tower,0,0,11,0,11,0,0,30,0,30,0,0,41,0,41,12,0,12,53
05/28/2007,MKL,TN,ASO,CE,Federal Contract Tower,0,0,2,0,2,0,2,23,3,28,0,2,25,3,30,30,0,30,60
05/29/2007,MKL,TN,ASO,CE,Federal Contract Tower,0,3,12,2,17,0,1,14,3,18,0,4,26,5,35,10,0,10,45
05/30/2007,MKL,TN,ASO,CE,Federal Contract Tower,0,4,14,2,20,0,6,7,2,15,0,10,21,4,35,4,4,8,43
05/31/2007,MKL,TN,ASO,CE,Federal Contract Tower,0,4,17,0,21,0,0,9,1,10,0,4,26,1,31,16,0,16,47
06/01/2007,MKL,TN,ASO,CE,Federal Contract Tower,0,4,13,0,17,0,0,24,5,29,0,4,37,5,46,50,0,50,96
06/02/2007,MKL,TN,ASO,CE,Federal Contract Tower,0,0,6,0,6,0,0,17,1,18,0,0,23,1,24,14,0,14,38
06/03/2007,MKL,TN,ASO,CE,Federal Contract Tower,0,0,12,0,12,0,0,28,0,28,0,0,40,0,40,4,0,4,44
06/04/2007,MKL,TN,ASO,CE,Federal Contract Tower,0,4,7,0,11,0,0,19,2,21,0,4,26,2,32,6,8,14,46
06/05/2007,MKL,TN,ASO,CE,Federal Contract Tower,0,4,13,0,17,0,0,40,1,41,0,4,53,1,58,34,0,34,92
06/06/2007,MKL,TN,ASO,CE,Federal Contract Tower,0,2,11,1,14,0,4,34,4,42,0,6,45,5,56,18,4,22,78
06/07/2007,MKL,TN,ASO,CE,Federal Contract Tower,0,3,14,0,17,0,0,11,12,23,0,3,25,12,40,24,8,32,72
06/08/2007,MKL,TN,ASO,CE,Federal Contract Tower,0,4,9,0,13,0,0,9,11,20,0,4,18,11,33,40,54,94,127
06/09/2007,MKL,TN,ASO,CE,Federal Contract Tower,0,0,5,0,5,0,4,29,3,36,0,4,34,3,41,14,0,14,55
06/10/2007,MKL,TN,ASO,CE,Federal Contract Tower,0,0,4,2,6,0,0,25,2,27,0,0,29,4,33,26,0,26,59
06/11/2007,MKL,TN,ASO,CE,Federal Contract Tower,0,3,10,0,13,0,0,27,0,27,0,3,37,0,40,14,0,14,54
06/12/2007,MKL,TN,ASO,CE,Federal Contract Tower,0,4,24,0,28,0,1,24,0,25,0,5,48,0,53,34,0,34,87
06/13/2007,MKL,TN,ASO,CE,Federal Contract Tower,0,3,30,1,34,0,0,40,2,42,0,3,70,3,76,0,0,0,76
06/14/2007,MKL,TN,ASO,CE,Federal Contract Tower,0,4,20,3,27,0,0,30,3,33,0,4,50,6,60,74,22,96,156
06/15/2007,MKL,TN,ASO,CE,Federal Contract Tower,0,5,13,7,25,0,4,30,9,43,0,9,43,16,68,46,14,60,128
06/16/2007,MKL,TN,ASO,CE,Federal Contract Tower,0,0,5,0,5,0,0,14,0,14,0,0,19,0,19,4,0,4,23
06/17/2007,MKL,TN,ASO,CE,Federal Contract Tower,0,0,7,0,7,0,0,21,0,21,0,0,28,0,28,14,0,14,42
06/18/2007,MKL,TN,ASO,CE,Federal Contract Tower,0,6,6,0,12,0,2,23,22,47,0,8,29,22,59,2,6,8,67
06/19/2007,MKL,TN,ASO,CE,Federal Contract Tower,0,6,5,0,11,0,0,0,6,6,0,6,5,6,17,2,12,14,31
06/20/2007,MKL,TN,ASO,CE,Federal Contract Tower,0,4,22,1,27,0,6,30,8,44,0,10,52,9,71,6,4,10,81
06/21/2007,MKL,TN,ASO,CE,Federal Contract Tower,0,11,15,0,26,0,10,40,5,55,0,21,55,5,81,30,0,30,111
06/22/2007,MKL,TN,ASO,CE,Federal Contract Tower,0,8,15,0,23,0,5,32,0,37,0,13,47,0,60,4,0,4,64
06/23/2007,MKL,TN,ASO,CE,Federal Contract Tower,0,2,4,0,6,0,0,19,1,20,0,2,23,1,26,10,0,10,36
06/24/2007,MKL,TN,ASO,CE,Federal Contract Tower,0,2,8,0,10,0,6,2,8,16,0,8,10,8,26,0,0,0,26
06/25/2007,MKL,TN,ASO,CE,Federal Contract Tower,0,8,6,0,14,0,1,26,4,31,0,9,32,4,45,8,0,8,53
06/26/2007,MKL,TN,ASO,CE,Federal Contract Tower,0,7,10,0,17,0,6,20,5,31,0,13,30,5,48,18,4,22,70
06/27/2007,MKL,TN,ASO,CE,Federal Contract Tower,0,8,14,0,22,0,0,18,0,18,0,8,32,0,40,0,0,0,40
06/28/2007,MKL,TN,ASO,CE,Federal Contract Tower,0,4,14,0,18,0,7,31,5,43,0,11,45,5,61,12,0,12,73
06/29/2007,MKL,TN,ASO,CE,Federal Contract Tower,0,5,14,0,19,0,1,28,1,30,0,6,42,1,49,28,0,28,77
06/30/2007,MKL,TN,ASO,CE,Federal Contract Tower,0,0,5,0,5,0,2,9,0,11,0,2,14,0,16,0,0,0,16
07/01/2007,MKL,TN,ASO,CE,Federal Contract Tower,0,2,3,0,5,0,0,6,0,6,0,2,9,0,11,0,0,0,11
07/02/2007,MKL,TN,ASO,CE,Federal Contract Tower,0,4,9,4,17,0,2,35,1,38,0,6,44,5,55,4,16,20,75
07/03/2007,MKL,TN,ASO,CE,Federal Contract Tower,0,6,5,0,11,0,2,22,1,25,0,8,27,1,36,2,0,2,38
07/04/2007,MKL,TN,ASO,CE,Federal Contract Tower,0,2,2,0,4,0,2,16,0,18,0,4,18,0,22,34,0,34,56
07/05/2007,MKL,TN,ASO,CE,Federal Contract Tower,0,3,8,0,11,0,7,22,1,30,0,10,30,1,41,6,2,8,49
07/06/2007,MKL,TN,ASO,CE,Federal Contract Tower,0,10,7,0,17,0,4,16,0,20,0,14,23,0,37,24,0,24,61
07/07/2007,MKL,TN,ASO,CE,Federal Contract Tower,0,0,16,0,16,0,0,14,0,14,0,0,30,0,30,18,0,18,48
07/08/2007,MKL,TN,ASO,CE,Federal Contract Tower,0,0,9,0,9,0,0,33,0,33,0,0,42,0,42,8,0,8,50
07/09/2007,MKL,TN,ASO,CE,Federal Contract Tower,0,2,13,0,15,0,7,24,3,34,0,9,37,3,49,2,2,4,53
07/10/2007,MKL,TN,ASO,CE,Federal Contract Tower,0,7,8,0,15,0,1,11,4,16,0,8,19,4,31,4,4,8,39
07/11/2007,MKL,TN,ASO,CE,Federal Contract Tower,0,3,7,2,12,0,1,18,3,22,0,4,25,5,34,16,0,16,50
07/12/2007,MKL,TN,ASO,CE,Federal Contract Tower,0,6,9,0,15,0,4,24,18,46,0,10,33,18,61,26,10,36,97
07/13/2007,MKL,TN,ASO,CE,Federal Contract Tower,0,4,9,0,13,0,4,21,14,39,0,8,30,14,52,8,50,58,110
07/14/2007,MKL,TN,ASO,CE,Federal Contract Tower,0,0,2,0,2,0,3,15,4,22,0,3,17,4,24,0,10,10,34
07/15/2007,MKL,TN,ASO,CE,Federal Contract Tower,0,0,9,0,9,0,0,20,7,27,0,0,29,7,36,26,4,30,66
07/16/2007,MKL,TN,ASO,CE,Federal Contract Tower,0,6,6,0,12,0,1,25,0,26,0,7,31,0,38,0,0,0,38
07/17/2007,MKL,TN,ASO,CE,Federal Contract Tower,0,7,10,0,17,0,4,26,1,31,0,11,36,1,48,12,2,14,62
07/18/2007,MKL,TN,ASO,CE,Federal Contract Tower,0,3,9,0,12,0,5,26,3,34,0,8,35,3,46,16,2,18,64
07/19/2007,MKL,TN,ASO,CE,Federal Contract Tower,0,4,12,0,16,0,9,28,3,40,0,13,40,3,56,26,0,26,82
07/20/2007,MKL,TN,ASO,CE,Federal Contract Tower,0,7,13,2,22,0,14,30,0,44,0,21,43,2,66,66,0,66,132
07/21/2007,MKL,TN,ASO,CE,Federal Contract Tower,0,0,5,0,5,0,4,36,1,41,0,4,41,1,46,18,2,20,66
07/22/2007,MKL,TN,ASO,CE,Federal Contract Tower,0,0,7,0,7,0,0,34,0,34,0,0,41,0,41,14,0,14,55
07/23/2007,MKL,TN,ASO,CE,Federal Contract Tower,0,5,7,2,14,0,3,45,8,56,0,8,52,10,70,28,0,28,98
07/24/2007,MKL,TN,ASO,CE,Federal Contract Tower,0,6,14,0,20,0,4,34,1,39,0,10,48,1,59,22,0,22,81
07/25/2007,MKL,TN,ASO,CE,Federal Contract Tower,0,6,16,0,22,0,7,24,4,35,0,13,40,4,57,24,0,24,81
07/26/2007,MKL,TN,ASO,CE,Federal Contract Tower,0,6,15,2,23,0,0,25,2,27,0,6,40,4,50,6,0,6,56
07/27/2007,MKL,TN,ASO,CE,Federal Contract Tower,0,9,21,0,30,0,0,22,0,22,0,9,43,0,52,62,0,62,114
07/28/2007,MKL,TN,ASO,CE,Federal Contract Tower,0,0,2,0,2,0,0,29,0,29,0,0,31,0,31,24,0,24,55
07/29/2007,MKL,TN,ASO,CE,Federal Contract Tower,0,0,7,0,7,0,0,17,4,21,0,0,24,4,28,12,0,12,40
07/30/2007,MKL,TN,ASO,CE,Federal Contract Tower,0,3,11,0,14,0,0,36,0,36,0,3,47,0,50,8,0,8,58
07/31/2007,MKL,TN,ASO,CE,Federal Contract Tower,0,4,11,0,15,0,2,14,0,16,0,6,25,0,31,22,0,22,53
08/01/2007,MKL,TN,ASO,CE,Federal Contract Tower,0,7,18,1,26,0,1,13,1,15,0,8,31,2,41,0,0,0,41
08/02/2007,MKL,TN,ASO,CE,Federal Contract Tower,0,6,12,1,19,0,6,23,44,73,0,12,35,45,92,40,12,52,144
08/03/2007,MKL,TN,ASO,CE,Federal Contract Tower,0,3,14,2,19,0,5,36,1,42,0,8,50,3,61,20,0,20,81
08/04/2007,MKL,TN,ASO,CE,Federal Contract Tower,0,0,2,1,3,0,8,8,6,22,0,8,10,7,25,8,0,8,33
08/05/2007,MKL,TN,ASO,CE,Federal Contract Tower,0,0,6,1,7,0,6,25,0,31,0,6,31,1,38,18,0,18,56
08/06/2007,MKL,TN,ASO,CE,Federal Contract Tower,0,3,13,0,16,0,2,29,0,31,0,5,42,0,47,8,0,8,55
08/07/2007,MKL,TN,ASO,CE,Federal Contract Tower,0,10,9,0,19,0,5,33,15,53,0,15,42,15,72,34,38,72,144
08/08/2007,MKL,TN,ASO,CE,Federal Contract Tower,0,8,8,1,17,0,0,13,5,18,0,8,21,6,35,14,20,34,69
08/09/2007,MKL,TN,ASO,CE,Federal Contract Tower,0,6,14,4,24,0,4,14,11,29,0,10,28,15,53,0,44,44,97
08/10/2007,MKL,TN,ASO,CE,Federal Contract Tower,0,4,9,6,19,0,3,14,0,17,0,7,23,6,36,0,4,4,40
08/11/2007,MKL,TN,ASO,CE,Federal Contract Tower,0,0,5,1,6,0,0,17,2,19,0,0,22,3,25,0,4,4,29
08/12/2007,MKL,TN,ASO,CE,Federal Contract Tower,0,0,7,2,9,0,0,23,4,27,0,0,30,6,36,0,0,0,36
08/13/2007,MKL,TN,ASO,CE,Federal Contract Tower,0,3,12,0,15,0,2,26,6,34,0,5,38,6,49,4,0,4,53
08/14/2007,MKL,TN,ASO,CE,Federal Contract Tower,0,6,5,0,11,0,2,17,3,22,0,8,22,3,33,8,0,8,41
08/15/2007,MKL,TN,ASO,CE,Federal Contract Tower,0,8,13,0,21,0,8,15,8,31,0,16,28,8,52,8,18,26,78
08/16/2007,MKL,TN,ASO,CE,Federal Contract Tower,0,12,12,0,24,0,7,26,12,45,0,19,38,12,69,0,0,0,69
08/17/2007,MKL,TN,ASO,CE,Federal Contract Tower,0,4,18,3,25,0,0,18,12,30,0,4,36,15,55,0,10,10,65
08/18/2007,MKL,TN,ASO,CE,Federal Contract Tower,0,0,4,0,4,0,3,25,0,28,0,3,29,0,32,20,0,20,52
08/19/2007,MKL,TN,ASO,CE,Federal Contract Tower,0,0,14,0,14,0,0,23,0,23,0,0,37,0,37,16,0,16,53
08/20/2007,MKL,TN,ASO,CE,Federal Contract Tower,0,2,12,0,14,0,2,46,8,56,0,4,58,8,70,0,0,0,70
08/21/2007,MKL,TN,ASO,CE,Federal Contract Tower,0,6,6,0,12,0,2,21,10,33,0,8,27,10,45,4,0,4,49
08/22/2007,MKL,TN,ASO,CE,Federal Contract Tower,0,5,18,0,23,0,6,22,2,30,0,11,40,2,53,0,0,0,53
08/23/2007,MKL,TN,ASO,CE,Federal Contract Tower,0,7,24,1,32,0,3,48,6,57,0,10,72,7,89,28,4,32,121
08/24/2007,MKL,TN,ASO,CE,Federal Contract Tower,0,10,9,2,21,0,1,41,2,44,0,11,50,4,65,60,4,64,129
08/25/2007,MKL,TN,ASO,CE,Federal Contract Tower,0,0,1,0,1,0,5,28,0,33,0,5,29,0,34,32,0,32,66
08/26/2007,MKL,TN,ASO,CE,Federal Contract Tower,0,0,11,0,11,0,0,22,0,22,0,0,33,0,33,4,0,4,37
08/27/2007,MKL,TN,ASO,CE,Federal Contract Tower,0,7,10,2,19,0,3,20,5,28,0,10,30,7,47,0,18,18,65
08/28/2007,MKL,TN,ASO,CE,Federal Contract Tower,0,5,5,0,10,0,4,6,2,12,0,9,11,2,22,14,0,14,36
08/29/2007,MKL,TN,ASO,CE,Federal Contract Tower,0,7,8,0,15,0,4,23,10,37,0,11,31,10,52,24,0,24,76
08/30/2007,MKL,TN,ASO,CE,Federal Contract Tower,0,4,4,0,8,0,2,34,7,43,0,6,38,7,51,12,0,12,63
08/31/2007,MKL,TN,ASO,CE,Federal Contract Tower,0,4,17,0,21,0,10,14,8,32,0,14,31,8,53,32,0,32,85
09/01/2007,MKL,TN,ASO,CE,Federal Contract Tower,0,1,1,0,2,0,5,35,0,40,0,6,36,0,42,28,0,28,70
09/02/2007,MKL,TN,ASO,CE,Federal Contract Tower,0,0,1,0,1,0,0,14,0,14,0,0,15,0,15,24,0,24,39
09/03/2007,MKL,TN,ASO,CE,Federal Contract Tower,0,2,13,0,15,0,0,33,0,33,0,2,46,0,48,44,0,44,92
09/04/2007,MKL,TN,ASO,CE,Federal Contract Tower,0,4,9,0,13,0,2,13,0,15,0,6,22,0,28,0,0,0,28
09/05/2007,MKL,TN,ASO,CE,Federal Contract Tower,0,3,7,0,10,0,0,11,8,19,0,3,18,8,29,0,4,4,33
09/06/2007,MKL,TN,ASO,CE,Federal Contract Tower,0,4,9,0,13,0,0,16,3,19,0,4,25,3,32,0,8,8,40
09/07/2007,MKL,TN,ASO,CE,Federal Contract Tower,0,4,8,0,12,0,8,12,13,33,0,12,20,13,45,12,20,32,77
09/08/2007,MKL,TN,ASO,CE,Federal Contract Tower,0,0,5,0,5,0,0,6,2,8,0,0,11,2,13,0,6,6,19
09/09/2007,MKL,TN,ASO,CE,Federal Contract Tower,0,0,7,0,7,0,0,1,0,1,0,0,8,0,8,2,0,2,10
09/10/2007,MKL,TN,ASO,CE,Federal Contract Tower,0,7,9,0,16,0,0,0,0,0,0,7,9,0,16,0,0,0,16
09/11/2007,MKL,TN,ASO,CE,Federal Contract Tower,0,5,19,2,26,0,2,7,0,9,0,7,26,2,35,0,0,0,35
09/12/2007,MKL,TN,ASO,CE,Federal Contract Tower,0,6,11,0,17,0,4,43,1,48,0,10,54,1,65,34,0,34,99
09/13/2007,MKL,TN,ASO,CE,Federal Contract Tower,0,5,15,2,22,0,8,27,6,41,0,13,42,8,63,20,6,26,89
09/14/2007,MKL,TN,ASO,CE,Federal Contract Tower,0,4,6,0,10,0,1,18,4,23,0,5,24,4,33,32,0,32,65
09/15/2007,MKL,TN,ASO,CE,Federal Contract Tower,0,0,3,0,3,0,2,39,5,46,0,2,42,5,49,42,0,42,91
09/16/2007,MKL,TN,ASO,CE,Federal Contract Tower,0,1,6,0,7,0,0,23,10,33,0,1,29,10,40,16,4,20,60
09/17/2007,MKL,TN,ASO,CE,Federal Contract Tower,0,4,11,0,15,0,7,23,1,31,0,11,34,1,46,4,0,4,50
09/18/2007,MKL,TN,ASO,CE,Federal Contract Tower,0,4,6,0,10,0,5,24,4,33,0,9,30,4,43,14,2,16,59
09/19/2007,MKL,TN,ASO,CE,Federal Contract Tower,0,4,10,0,14,0,0,25,1,26,0,4,35,1,40,8,2,10,50
09/20/2007,MKL,TN,ASO,CE,Federal Contract Tower,0,8,8,0,16,0,2,42,0,44,0,10,50,0,60,46,0,46,106
09/21/2007,MKL,TN,ASO,CE,Federal Contract Tower,0,6,17,5,28,0,0,39,14,53,0,6,56,19,81,74,10,84,165
09/22/2007,MKL,TN,ASO,CE,Federal Contract Tower,0,1,5,0,6,0,2,26,0,28,0,3,31,0,34,18,0,18,52
09/23/2007,MKL,TN,ASO,CE,Federal Contract Tower,0,0,10,0,10,0,1,3,0,4,0,1,13,0,14,0,0,0,14
09/24/2007,MKL,TN,ASO,CE,Federal Contract Tower,0,3,10,0,13,0,10,18,1,29,0,13,28,1,42,8,0,8,50
09/25/2007,MKL,TN,ASO,CE,Federal Contract Tower,0,5,7,0,12,0,1,19,3,23,0,6,26,3,35,14,0,14,49
09/26/2007,MKL,TN,ASO,CE,Federal Contract Tower,0,8,13,0,21,0,0,6,0,6,0,8,19,0,27,4,0,4,31
09/27/2007,MKL,TN,ASO,CE,Federal Contract Tower,0,5,18,0,23,0,0,38,9,47,0,5,56,9,70,28,0,28,98
09/28/2007,MKL,TN,ASO,CE,Federal Contract Tower,0,5,17,0,22,0,14,58,1,73,0,19,75,1,95,124,0,124,219
09/29/2007,MKL,TN,ASO,CE,Federal Contract Tower,0,0,12,0,12,0,0,38,0,38,0,0,50,0,50,38,0,38,88
09/30/2007,MKL,TN,ASO,CE,Federal Contract Tower,0,0,7,0,7,0,0,24,0,24,0,0,31,0,31,24,0,24,55
10/01/2007,MKL,TN,ASO,CE,Federal Contract Tower,0,4,11,2,17,0,1,25,6,32,0,5,36,8,49,8,0,8,57
10/02/2007,MKL,TN,ASO,CE,Federal Contract Tower,0,6,17,2,25,0,0,37,7,44,0,6,54,9,69,20,16,36,105
10/03/2007,MKL,TN,ASO,CE,Federal Contract Tower,0,6,18,0,24,0,2,21,8,31,0,8,39,8,55,14,0,14,69
10/04/2007,MKL,TN,ASO,CE,Federal Contract Tower,0,6,22,1,29,0,2,16,17,35,0,8,38,18,64,0,0,0,64
10/05/2007,MKL,TN,ASO,CE,Federal Contract Tower,0,8,10,1,19,0,2,48,2,52,0,10,58,3,71,50,20,70,141
10/06/2007,MKL,TN,ASO,CE,Federal Contract Tower,0,0,9,0,9,0,0,44,0,44,0,0,53,0,53,50,0,50,103
10/07/2007,MKL,TN,ASO,CE,Federal Contract Tower,0,0,16,0,16,0,0,24,0,24,0,0,40,0,40,2,0,2,42
10/08/2007,MKL,TN,ASO,CE,Federal Contract Tower,0,2,14,1,17,0,2,21,0,23,0,4,35,1,40,10,4,14,54
10/09/2007,MKL,TN,ASO,CE,Federal Contract Tower,0,5,10,0,15,0,12,24,4,40,0,17,34,4,55,28,0,28,83
10/10/2007,MKL,TN,ASO,CE,Federal Contract Tower,0,4,10,0,14,0,0,31,26,57,0,4,41,26,71,28,28,56,127
10/11/2007,MKL,TN,ASO,CE,Federal Contract Tower,0,4,14,0,18,0,8,29,5,42,0,12,43,5,60,30,0,30,90
10/12/2007,MKL,TN,ASO,CE,Federal Contract Tower,0,5,13,0,18,0,16,43,16,75,0,21,56,16,93,44,8,52,145
10/13/2007,MKL,TN,ASO,CE,Federal Contract Tower,0,0,6,0,6,0,2,30,12,44,0,2,36,12,50,8,0,8,58
10/14/2007,MKL,TN,ASO,CE,Federal Contract Tower,0,0,7,0,7,0,0,27,8,35,0,0,34,8,42,14,0,14,56
10/15/2007,MKL,TN,ASO,CE,Federal Contract Tower,0,0,10,0,10,0,0,27,5,32,0,0,37,5,42,8,0,8,50
10/16/2007,MKL,TN,ASO,CE,Federal Contract Tower,0,8,5,0,13,0,9,11,3,23,0,17,16,3,36,4,2,6,42
10/17/2007,MKL,TN,ASO,CE,Federal Contract Tower,0,5,12,0,17,0,4,24,6,34,0,9,36,6,51,4,4,8,59
10/18/2007,MKL,TN,ASO,CE,Federal Contract Tower,0,6,15,0,21,0,0,20,6,26,0,6,35,6,47,10,16,26,73
10/19/2007,MKL,TN,ASO,CE,Federal Contract Tower,0,3,17,2,22,0,0,56,5,61,0,3,73,7,83,40,0,40,123
10/20/2007,MKL,TN,ASO,CE,Federal Contract Tower,0,0,9,0,9,0,0,23,4,27,0,0,32,4,36,10,0,10,46
10/21/2007,MKL,TN,ASO,CE,Federal Contract Tower,0,0,14,0,14,0,0,23,4,27,0,0,37,4,41,0,2,2,43
10/22/2007,MKL,TN,ASO,CE,Federal Contract Tower,0,0,0,0,0,0,0,0,0,0,0,0,0,0,0,0,0,0,0
10/23/2007,MKL,TN,ASO,CE,Federal Contract Tower,0,5,4,3,12,0,0,0,0,0,0,5,4,3,12,0,2,2,14
10/24/2007,MKL,TN,ASO,CE,Federal Contract Tower,0,6,11,0,17,0,0,0,0,0,0,6,11,0,17,0,0,0,17
10/25/2007,MKL,TN,ASO,CE,Federal Contract Tower,0,6,9,5,20,0,2,6,21,29,0,8,15,26,49,0,38,38,87
10/26/2007,MKL,TN,ASO,CE,Federal Contract Tower,0,4,26,0,30,0,3,11,24,38,0,7,37,24,68,24,22,46,114
10/27/2007,MKL,TN,ASO,CE,Federal Contract Tower,0,1,20,0,21,0,1,5,0,6,0,2,25,0,27,22,0,22,49
10/28/2007,MKL,TN,ASO,CE,Federal Contract Tower,0,0,10,0,10,0,0,45,0,45,0,0,55,0,55,8,0,8,63
10/29/2007,MKL,TN,ASO,CE,Federal Contract Tower,0,0,10,0,10,0,0,32,3,35,0,0,42,3,45,10,0,10,55
10/30/2007,MKL,TN,ASO,CE,Federal Contract Tower,0,5,25,2,32,0,4,26,10,40,0,9,51,12,72,10,30,40,112
10/31/2007,MKL,TN,ASO,CE,Federal Contract Tower,0,6,12,0,18,0,0,23,7,30,0,6,35,7,48,14,30,44,92
11/01/2007,MKL,TN,ASO,CE,Federal Contract Tower,0,3,17,2,22,0,1,35,7,43,0,4,52,9,65,40,30,70,135
11/02/2007,MKL,TN,ASO,CE,Federal Contract Tower,0,3,9,0,12,0,0,51,26,77,0,3,60,26,89,58,36,94,183
11/03/2007,MKL,TN,ASO,CE,Federal Contract Tower,0,0,7,0,7,0,0,50,13,63,0,0,57,13,70,44,4,48,118
11/04/2007,MKL,TN,ASO,CE,Federal Contract Tower,0,0,9,0,9,0,0,29,9,38,0,0,38,9,47,8,0,8,55
11/05/2007,MKL,TN,ASO,CE,Federal Contract Tower,0,2,9,0,11,0,0,3,0,3,0,2,12,0,14,6,0,6,20
11/06/2007,MKL,TN,ASO,CE,Federal Contract Tower,0,2,13,0,15,0,0,13,3,16,0,2,26,3,31,32,8,40,71
11/07/2007,MKL,TN,ASO,CE,Federal Contract Tower,0,4,14,2,20,0,6,13,2,21,0,10,27,4,41,18,4,22,63
11/08/2007,MKL,TN,ASO,CE,Federal Contract Tower,0,4,18,0,22,0,3,33,14,50,0,7,51,14,72,18,26,44,116
11/09/2007,MKL,TN,ASO,CE,Federal Contract Tower,0,4,13,0,17,0,0,22,3,25,0,4,35,3,42,20,20,40,82
11/10/2007,MKL,TN,ASO,CE,Federal Contract Tower,0,0,6,0,6,0,16,30,0,46,0,16,36,0,52,40,0,40,92
11/11/2007,MKL,TN,ASO,CE,Federal Contract Tower,0,0,6,0,6,0,2,6,0,8,0,2,12,0,14,10,0,10,24
11/12/2007,MKL,TN,ASO,CE,Federal Contract Tower,0,2,10,0,12,0,0,7,0,7,0,2,17,0,19,2,0,2,21
11/13/2007,MKL,TN,ASO,CE,Federal Contract Tower,0,3,19,0,22,0,0,5,0,5,0,3,24,0,27,12,0,12,39
11/14/2007,MKL,TN,ASO,CE,Federal Contract Tower,0,4,16,0,20,0,0,4,5,9,0,4,20,5,29,0,0,0,29
11/15/2007,MKL,TN,ASO,CE,Federal Contract Tower,0,5,17,2,24,0,8,25,16,49,0,13,42,18,73,20,24,44,117
11/16/2007,MKL,TN,ASO,CE,Federal Contract Tower,0,3,11,1,15,0,1,29,18,48,0,4,40,19,63,76,14,90,153
11/17/2007,MKL,TN,ASO,CE,Federal Contract Tower,0,2,6,0,8,0,0,33,1,34,0,2,39,1,42,18,0,18,60
11/18/2007,MKL,TN,ASO,CE,Federal Contract Tower,0,2,8,3,13,0,0,23,1,24,0,2,31,4,37,26,0,26,63
11/19/2007,MKL,TN,ASO,CE,Federal Contract Tower,0,6,7,2,15,0,1,28,2,31,0,7,35,4,46,0,12,12,58
11/20/2007,MKL,TN,ASO,CE,Federal Contract Tower,0,9,12,0,21,0,4,32,8,44,0,13,44,8,65,56,0,56,121
11/21/2007,MKL,TN,ASO,CE,Federal Contract Tower,0,6,9,0,15,0,4,2,0,6,0,10,11,0,21,2,0,2,23
11/22/2007,MKL,TN,ASO,CE,Federal Contract Tower,0,2,2,0,4,0,2,18,0,20,0,4,20,0,24,12,0,12,36
11/23/2007,MKL,TN,ASO,CE,Federal Contract Tower,0,6,3,0,9,0,8,48,0,56,0,14,51,0,65,74,0,74,139
11/24/2007,MKL,TN,ASO,CE,Federal Contract Tower,0,2,6,0,8,0,8,13,0,21,0,10,19,0,29,14,0,14,43
11/25/2007,MKL,TN,ASO,CE,Federal Contract Tower,0,2,5,0,7,0,0,0,0,0,0,2,5,0,7,0,0,0,7
11/26/2007,MKL,TN,ASO,CE,Federal Contract Tower,0,6,9,2,17,0,0,0,0,0,0,6,9,2,17,0,0,0,17
11/27/2007,MKL,TN,ASO,CE,Federal Contract Tower,0,8,7,2,17,0,0,31,12,43,0,8,38,14,60,52,40,92,152
11/28/2007,MKL,TN,ASO,CE,Federal Contract Tower,0,7,18,0,25,0,1,22,2,25,0,8,40,2,50,0,0,0,50
11/29/2007,MKL,TN,ASO,CE,Federal Contract Tower,0,10,17,0,27,0,0,28,10,38,0,10,45,10,65,24,4,28,93
11/30/2007,MKL,TN,ASO,CE,Federal Contract Tower,0,5,13,0,18,0,1,41,14,56,0,6,54,14,74,40,16,56,130
12/01/2007,MKL,TN,ASO,CE,Federal Contract Tower,0,3,3,2,8,0,0,32,28,60,0,3,35,30,68,46,0,46,114
12/02/2007,MKL,TN,ASO,CE,Federal Contract Tower,0,0,8,0,8,0,0,1,0,1,0,0,9,0,9,0,0,0,9
12/03/2007,MKL,TN,ASO,CE,Federal Contract Tower,0,6,5,0,11,0,0,18,14,32,0,6,23,14,43,28,28,56,99
12/04/2007,MKL,TN,ASO,CE,Federal Contract Tower,0,6,9,0,15,0,6,32,9,47,0,12,41,9,62,28,4,32,94
12/05/2007,MKL,TN,ASO,CE,Federal Contract Tower,0,6,9,0,15,0,0,11,8,19,0,6,20,8,34,4,20,24,58
12/06/2007,MKL,TN,ASO,CE,Federal Contract Tower,0,6,8,0,14,0,4,10,14,28,0,10,18,14,42,14,40,54,96
12/07/2007,MKL,TN,ASO,CE,Federal Contract Tower,0,7,11,0,18,0,0,12,14,26,0,7,23,14,44,18,38,56,100
12/08/2007,MKL,TN,ASO,CE,Federal Contract Tower,0,2,4,0,6,0,0,3,0,3,0,2,7,0,9,0,0,0,9
12/09/2007,MKL,TN,ASO,CE,Federal Contract Tower,0,2,4,0,6,0,2,3,0,5,0,4,7,0,11,28,0,28,39
12/10/2007,MKL,TN,ASO,CE,Federal Contract Tower,0,6,4,0,10,0,0,0,0,0,0,6,4,0,10,0,0,0,10
12/11/2007,MKL,TN,ASO,CE,Federal Contract Tower,0,6,13,2,21,0,0,30,5,35,0,6,43,7,56,26,0,26,82
12/12/2007,MKL,TN,ASO,CE,Federal Contract Tower,0,6,18,0,24,0,0,0,0,0,0,6,18,0,24,0,0,0,24
12/13/2007,MKL,TN,ASO,CE,Federal Contract Tower,0,6,21,8,35,0,0,0,14,14,0,6,21,22,49,0,40,40,89
12/14/2007,MKL,TN,ASO,CE,Federal Contract Tower,0,6,13,0,19,0,0,27,0,27,0,6,40,0,46,52,0,52,98
12/15/2007,MKL,TN,ASO,CE,Federal Contract Tower,0,2,0,0,2,0,0,0,0,0,0,2,0,0,2,0,0,0,2
12/16/2007,MKL,TN,ASO,CE,Federal Contract Tower,0,0,9,0,9,0,0,17,0,17,0,0,26,0,26,24,0,24,50
12/17/2007,MKL,TN,ASO,CE,Federal Contract Tower,0,6,7,0,13,0,0,40,0,40,0,6,47,0,53,22,0,22,75
12/18/2007,MKL,TN,ASO,CE,Federal Contract Tower,0,8,13,3,24,0,1,27,0,28,0,9,40,3,52,30,6,36,88
12/19/2007,MKL,TN,ASO,CE,Federal Contract Tower,0,7,17,2,26,0,1,14,4,19,0,8,31,6,45,32,0,32,77
12/20/2007,MKL,TN,ASO,CE,Federal Contract Tower,0,8,17,0,25,0,0,3,0,3,0,8,20,0,28,0,0,0,28
12/21/2007,MKL,TN,ASO,CE,Federal Contract Tower,0,6,15,0,21,0,0,17,0,17,0,6,32,0,38,26,0,26,64
12/22/2007,MKL,TN,ASO,CE,Federal Contract Tower,0,2,1,0,3,0,6,1,0,7,0,8,2,0,10,0,0,0,10
12/23/2007,MKL,TN,ASO,CE,Federal Contract Tower,0,2,6,0,8,0,0,15,0,15,0,2,21,0,23,2,0,2,25
12/24/2007,MKL,TN,ASO,CE,Federal Contract Tower,0,6,5,0,11,0,12,21,0,33,0,18,26,0,44,2,0,2,46
12/25/2007,MKL,TN,ASO,CE,Federal Contract Tower,0,4,1,0,5,0,0,9,0,9,0,4,10,0,14,8,0,8,22
12/26/2007,MKL,TN,ASO,CE,Federal Contract Tower,0,7,6,0,13,0,4,15,0,19,0,11,21,0,32,8,0,8,40
12/27/2007,MKL,TN,ASO,CE,Federal Contract Tower,0,5,17,0,22,0,0,1,0,1,0,5,18,0,23,4,0,4,27
12/28/2007,MKL,TN,ASO,CE,Federal Contract Tower,0,6,11,0,17,0,5,6,0,11,0,11,17,0,28,20,0,20,48
12/29/2007,MKL,TN,ASO,CE,Federal Contract Tower,0,2,2,0,4,0,0,48,0,48,0,2,50,0,52,42,0,42,94
12/30/2007,MKL,TN,ASO,CE,Federal Contract Tower,0,2,13,0,15,0,0,22,0,22,0,2,35,0,37,8,0,8,45
12/31/2007,MKL,TN,ASO,CE,Federal Contract Tower,0,6,4,0,10,0,0,20,0,20,0,6,24,0,30,0,0,0,30
01/01/2008,MKL,TN,ASO,CE,Federal Contract Tower,0,4,2,0,6,0,0,6,0,6,0,4,8,0,12,0,0,0,12
01/02/2008,MKL,TN,ASO,CE,Federal Contract Tower,0,9,9,4,22,0,0,10,0,10,0,9,19,4,32,0,0,0,32
01/03/2008,MKL,TN,ASO,CE,Federal Contract Tower,0,8,10,0,18,0,4,42,17,63,0,12,52,17,81,40,50,90,171
01/04/2008,MKL,TN,ASO,CE,Federal Contract Tower,0,6,4,0,10,0,0,36,0,36,0,6,40,0,46,46,0,46,92
01/05/2008,MKL,TN,ASO,CE,Federal Contract Tower,0,2,3,0,5,0,0,2,0,2,0,2,5,0,7,0,0,0,7
01/06/2008,MKL,TN,ASO,CE,Federal Contract Tower,0,2,7,0,9,0,2,12,0,14,0,4,19,0,23,20,0,20,43
01/07/2008,MKL,TN,ASO,CE,Federal Contract Tower,0,8,8,0,16,0,0,8,0,8,0,8,16,0,24,4,0,4,28
01/08/2008,MKL,TN,ASO,CE,Federal Contract Tower,0,4,4,0,8,0,0,1,3,4,0,4,5,3,12,0,0,0,12
01/09/2008,MKL,TN,ASO,CE,Federal Contract Tower,0,3,17,0,20,0,4,28,13,45,0,7,45,13,65,12,8,20,85
01/10/2008,MKL,TN,ASO,CE,Federal Contract Tower,0,4,3,0,7,0,4,6,15,25,0,8,9,15,32,0,20,20,52
01/11/2008,MKL,TN,ASO,CE,Federal Contract Tower,0,4,12,0,16,0,0,43,8,51,0,4,55,8,67,80,0,80,147
01/12/2008,MKL,TN,ASO,CE,Federal Contract Tower,0,0,5,1,6,0,2,35,25,62,0,2,40,26,68,76,18,94,162
01/13/2008,MKL,TN,ASO,CE,Federal Contract Tower,0,0,7,1,8,0,4,5,11,20,0,4,12,12,28,0,0,0,28
01/14/2008,MKL,TN,ASO,CE,Federal Contract Tower,0,4,6,1,11,0,0,28,5,33,0,4,34,6,44,14,4,18,62
01/15/2008,MKL,TN,ASO,CE,Federal Contract Tower,0,7,10,0,17,0,0,33,5,38,0,7,43,5,55,34,0,34,89
01/16/2008,MKL,TN,ASO,CE,Federal Contract Tower,0,3,4,0,7,0,1,20,0,21,0,4,24,0,28,22,0,22,50
01/17/2008,MKL,TN,ASO,CE,Federal Contract Tower,0,6,20,0,26,0,4,3,4,11,0,10,23,4,37,22,0,22,59
01/18/2008,MKL,TN,ASO,CE,Federal Contract Tower,0,4,8,0,12,0,8,22,0,30,0,12,30,0,42,32,0,32,74
01/19/2008,MKL,TN,ASO,CE,Federal Contract Tower,0,0,3,0,3,0,8,26,2,36,0,8,29,2,39,42,0,42,81
01/20/2008,MKL,TN,ASO,CE,Federal Contract Tower,0,0,3,0,3,0,0,21,3,24,0,0,24,3,27,48,20,68,95
01/21/2008,MKL,TN,ASO,CE,Federal Contract Tower,0,0,8,0,8,0,1,24,0,25,0,1,32,0,33,32,0,32,65
01/22/2008,MKL,TN,ASO,CE,Federal Contract Tower,0,4,5,0,9,0,0,0,0,0,0,4,5,0,9,0,0,0,9
01/23/2008,MKL,TN,ASO,CE,Federal Contract Tower,0,5,12,10,27,0,0,18,3,21,0,5,30,13,48,26,16,42,90
01/24/2008,MKL,TN,ASO,CE,Federal Contract Tower,0,6,12,0,18,0,4,26,3,33,0,10,38,3,51,24,10,34,85
01/25/2008,MKL,TN,ASO,CE,Federal Contract Tower,0,6,12,1,19,0,8,22,3,33,0,14,34,4,52,26,4,30,82
01/26/2008,MKL,TN,ASO,CE,Federal Contract Tower,0,0,0,0,0,0,0,0,8,8,0,0,0,8,8,0,78,78,86
01/27/2008,MKL,TN,ASO,CE,Federal Contract Tower,0,2,11,0,13,0,1,11,7,19,0,3,22,7,32,48,4,52,84
01/28/2008,MKL,TN,ASO,CE,Federal Contract Tower,0,4,2,0,6,0,1,15,6,22,0,5,17,6,28,18,0,18,46
01/29/2008,MKL,TN,ASO,CE,Federal Contract Tower,0,6,5,0,11,0,0,0,0,0,0,6,5,0,11,0,0,0,11
01/30/2008,MKL,TN,ASO,CE,Federal Contract Tower,0,6,14,4,24,0,0,18,6,24,0,6,32,10,48,18,2,20,68
01/31/2008,MKL,TN,ASO,CE,Federal Contract Tower,0,4,9,0,13,0,0,0,6,6,0,4,9,6,19,0,16,16,35
02/01/2008,MKL,TN,ASO,CE,Federal Contract Tower,0,6,12,0,18,0,0,15,5,20,0,6,27,5,38,44,0,44,82
02/02/2008,MKL,TN,ASO,CE,Federal Contract Tower,0,0,1,0,1,0,4,34,0,38,0,4,35,0,39,36,0,36,75
02/03/2008,MKL,TN,ASO,CE,Federal Contract Tower,0,0,7,0,7,0,5,8,0,13,0,5,15,0,20,60,0,60,80
02/04/2008,MKL,TN,ASO,CE,Federal Contract Tower,0,7,8,0,15,0,0,19,0,19,0,7,27,0,34,0,0,0,34
02/05/2008,MKL,TN,ASO,CE,Federal Contract Tower,0,6,1,0,7,0,3,3,0,6,0,9,4,0,13,2,0,2,15
02/06/2008,MKL,TN,ASO,CE,Federal Contract Tower,0,6,6,0,12,0,7,41,6,54,0,13,47,6,66,0,20,20,86
02/07/2008,MKL,TN,ASO,CE,Federal Contract Tower,0,5,12,3,20,0,3,68,33,104,0,8,80,36,124,98,12,110,234
02/08/2008,MKL,TN,ASO,CE,Federal Contract Tower,0,4,12,0,16,0,4,32,10,46,0,8,44,10,62,66,20,86,148
02/09/2008,MKL,TN,ASO,CE,Federal Contract Tower,0,2,4,0,6,0,2,38,25,65,0,4,42,25,71,52,10,62,133
02/10/2008,MKL,TN,ASO,CE,Federal Contract Tower,0,3,3,1,7,0,2,40,19,61,0,5,43,20,68,10,14,24,92
02/11/2008,MKL,TN,ASO,CE,Federal Contract Tower,0,4,23,2,29,0,1,48,3,52,0,5,71,5,81,6,2,8,89
02/12/2008,MKL,TN,ASO,CE,Federal Contract Tower,0,3,3,0,6,0,0,0,0,0,0,3,3,0,6,0,0,0,6
02/13/2008,MKL,TN,ASO,CE,Federal Contract Tower,0,6,17,0,23,0,8,11,0,19,0,14,28,0,42,46,0,46,88
02/14/2008,MKL,TN,ASO,CE,Federal Contract Tower,0,4,7,0,11,0,1,36,23,60,0,5,43,23,71,60,10,70,141
02/15/2008,MKL,TN,ASO,CE,Federal Contract Tower,0,2,14,0,16,0,11,15,5,31,0,13,29,5,47,14,0,14,61
02/16/2008,MKL,TN,ASO,CE,Federal Contract Tower,0,0,4,0,4,0,12,31,0,43,0,12,35,0,47,56,0,56,103
02/17/2008,MKL,TN,ASO,CE,Federal Contract Tower,0,0,7,0,7,0,2,1,0,3,0,2,8,0,10,0,0,0,10
02/18/2008,MKL,TN,ASO,CE,Federal Contract Tower,0,0,12,0,12,0,2,35,8,45,0,2,47,8,57,14,0,14,71
02/19/2008,MKL,TN,ASO,CE,Federal Contract Tower,0,4,9,0,13,0,12,34,0,46,0,16,43,0,59,24,0,24,83
02/20/2008,MKL,TN,ASO,CE,Federal Contract Tower,0,4,14,2,20,0,0,21,6,27,0,4,35,8,47,10,2,12,59
02/21/2008,MKL,TN,ASO,CE,Federal Contract Tower,0,4,12,0,16,0,0,2,0,2,0,4,14,0,18,4,0,4,22
02/22/2008,MKL,TN,ASO,CE,Federal Contract Tower,0,4,12,0,16,0,0,0,0,0,0,4,12,0,16,4,0,4,20
02/23/2008,MKL,TN,ASO,CE,Federal Contract Tower,0,0,9,0,9,0,0,11,0,11,0,0,20,0,20,0,0,0,20
02/24/2008,MKL,TN,ASO,CE,Federal Contract Tower,0,0,9,0,9,0,0,18,0,18,0,0,27,0,27,22,0,22,49
02/25/2008,MKL,TN,ASO,CE,Federal Contract Tower,0,4,9,0,13,0,1,26,0,27,0,5,35,0,40,0,0,0,40
02/26/2008,MKL,TN,ASO,CE,Federal Contract Tower,0,4,9,0,13,0,0,7,4,11,0,4,16,4,24,0,30,30,54
02/27/2008,MKL,TN,ASO,CE,Federal Contract Tower,0,4,14,0,18,0,0,5,12,17,0,4,19,12,35,0,30,30,65
02/28/2008,MKL,TN,ASO,CE,Federal Contract Tower,0,4,12,0,16,0,9,34,21,64,0,13,46,21,80,2,0,2,82
02/29/2008,MKL,TN,ASO,CE,Federal Contract Tower,0,4,21,0,25,0,7,4,10,21,0,11,25,10,46,4,6,10,56
03/01/2008,MKL,TN,ASO,CE,Federal Contract Tower,0,0,5,0,5,0,0,46,18,64,0,0,51,18,69,32,10,42,111
03/02/2008,MKL,TN,ASO,CE,Federal Contract Tower,0,0,9,0,9,0,0,17,8,25,0,0,26,8,34,18,0,18,52
03/03/2008,MKL,TN,ASO,CE,Federal Contract Tower,0,3,2,0,5,0,0,2,0,2,0,3,4,0,7,0,0,0,7
03/04/2008,MKL,TN,ASO,CE,Federal Contract Tower,0,4,8,0,12,0,0,2,0,2,0,4,10,0,14,0,0,0,14
03/05/2008,MKL,TN,ASO,CE,Federal Contract Tower,0,4,10,0,14,0,3,52,21,76,0,7,62,21,90,12,8,20,110
03/06/2008,MKL,TN,ASO,CE,Federal Contract Tower,0,5,12,2,19,0,0,26,7,33,0,5,38,9,52,10,0,10,62
03/07/2008,MKL,TN,ASO,CE,Federal Contract Tower,0,7,6,0,13,0,0,0,0,0,0,7,6,0,13,0,0,0,13
03/08/2008,MKL,TN,ASO,CE,Federal Contract Tower,0,0,4,0,4,0,1,5,0,6,0,1,9,0,10,0,0,0,10
03/09/2008,MKL,TN,ASO,CE,Federal Contract Tower,0,1,10,0,11,0,0,21,0,21,0,1,31,0,32,38,4,42,74
03/10/2008,MKL,TN,ASO,CE,Federal Contract Tower,0,5,8,0,13,0,4,32,2,38,0,9,40,2,51,30,0,30,81
03/11/2008,MKL,TN,ASO,CE,Federal Contract Tower,0,2,4,3,9,0,2,16,5,23,0,4,20,8,32,0,6,6,38
03/12/2008,MKL,TN,ASO,CE,Federal Contract Tower,0,6,10,0,16,0,6,51,4,61,0,12,61,4,77,90,8,98,175
03/13/2008,MKL,TN,ASO,CE,Federal Contract Tower,0,4,13,0,17,0,4,23,8,35,0,8,36,8,52,16,4,20,72
03/14/2008,MKL,TN,ASO,CE,Federal Contract Tower,0,4,16,0,20,0,4,32,4,40,0,8,48,4,60,22,8,30,90
03/15/2008,MKL,TN,ASO,CE,Federal Contract Tower,0,0,11,0,11,0,0,8,0,8,0,0,19,0,19,4,0,4,23
03/16/2008,MKL,TN,ASO,CE,Federal Contract Tower,0,0,15,0,15,0,0,24,8,32,0,0,39,8,47,38,0,38,85
03/17/2008,MKL,TN,ASO,CE,Federal Contract Tower,0,3,4,0,7,0,0,7,0,7,0,3,11,0,14,14,0,14,28
03/18/2008,MKL,TN,ASO,CE,Federal Contract Tower,0,5,8,2,15,0,8,2,0,10,0,13,10,2,25,2,0,2,27
03/19/2008,MKL,TN,ASO,CE,Federal Contract Tower,0,6,1,0,7,0,0,0,0,0,0,6,1,0,7,0,0,0,7
03/20/2008,MKL,TN,ASO,CE,Federal Contract Tower,0,5,15,0,20,0,9,36,6,51,0,14,51,6,71,54,8,62,133
03/21/2008,MKL,TN,ASO,CE,Federal Contract Tower,0,3,11,0,14,0,4,20,4,28,0,7,31,4,42,20,0,20,62
03/22/2008,MKL,TN,ASO,CE,Federal Contract Tower,0,0,9,0,9,0,8,34,2,44,0,8,43,2,53,40,0,40,93
03/23/2008,MKL,TN,ASO,CE,Federal Contract Tower,0,0,7,0,7,0,0,12,0,12,0,0,19,0,19,0,0,0,19
03/24/2008,MKL,TN,ASO,CE,Federal Contract Tower,0,3,7,0,10,0,0,45,3,48,0,3,52,3,58,4,0,4,62
03/25/2008,MKL,TN,ASO,CE,Federal Contract Tower,0,3,8,2,13,0,0,16,6,22,0,3,24,8,35,8,4,12,47
03/26/2008,MKL,TN,ASO,CE,Federal Contract Tower,0,6,20,0,26,0,9,26,4,39,0,15,46,4,65,36,26,62,127
03/27/2008,MKL,TN,ASO,CE,Federal Contract Tower,0,3,15,0,18,0,0,6,6,12,0,3,21,6,30,8,0,8,38
03/28/2008,MKL,TN,ASO,CE,Federal Contract Tower,0,5,12,0,17,0,0,0,0,0,0,5,12,0,17,0,0,0,17
03/29/2008,MKL,TN,ASO,CE,Federal Contract Tower,0,0,2,0,2,0,0,0,0,0,0,0,2,0,2,0,0,0,2
03/30/2008,MKL,TN,ASO,CE,Federal Contract Tower,0,0,9,0,9,0,0,1,0,1,0,0,10,0,10,0,0,0,10
03/31/2008,MKL,TN,ASO,CE,Federal Contract Tower,0,7,6,0,13,0,2,9,0,11,0,9,15,0,24,0,0,0,24
04/01/2008,MKL,TN,ASO,CE,Federal Contract Tower,0,4,11,0,15,0,0,3,4,7,0,4,14,4,22,0,0,0,22
04/02/2008,MKL,TN,ASO,CE,Federal Contract Tower,0,3,10,0,13,0,0,28,6,34,0,3,38,6,47,16,4,20,67
04/03/2008,MKL,TN,ASO,CE,Federal Contract Tower,0,3,14,0,17,0,1,3,0,4,0,4,17,0,21,20,0,20,41
04/04/2008,MKL,TN,ASO,CE,Federal Contract Tower,0,4,8,0,12,0,0,3,0,3,0,4,11,0,15,4,0,4,19
04/05/2008,MKL,TN,ASO,CE,Federal Contract Tower,0,1,11,0,12,0,2,26,0,28,0,3,37,0,40,34,0,34,74
04/06/2008,MKL,TN,ASO,CE,Federal Contract Tower,0,1,12,0,13,0,7,24,0,31,0,8,36,0,44,32,0,32,76
04/07/2008,MKL,TN,ASO,CE,Federal Contract Tower,0,5,11,3,19,0,0,33,5,38,0,5,44,8,57,16,0,16,73
04/08/2008,MKL,TN,ASO,CE,Federal Contract Tower,0,5,20,0,25,0,0,1,4,5,0,5,21,4,30,0,0,0,30
04/09/2008,MKL,TN,ASO,CE,Federal Contract Tower,0,4,12,0,16,0,8,9,6,23,0,12,21,6,39,0,10,10,49
04/10/2008,MKL,TN,ASO,CE,Federal Contract Tower,0,5,5,2,12,0,5,5,0,10,0,10,10,2,22,4,0,4,26
04/11/2008,MKL,TN,ASO,CE,Federal Contract Tower,0,4,7,0,11,0,6,5,0,11,0,10,12,0,22,4,0,4,26
04/12/2008,MKL,TN,ASO,CE,Federal Contract Tower,0,0,7,0,7,0,0,26,0,26,0,0,33,0,33,8,0,8,41
04/13/2008,MKL,TN,ASO,CE,Federal Contract Tower,0,0,9,0,9,0,2,20,0,22,0,2,29,0,31,0,0,0,31
04/14/2008,MKL,TN,ASO,CE,Federal Contract Tower,0,4,10,0,14,0,2,19,2,23,0,6,29,2,37,8,0,8,45
04/15/2008,MKL,TN,ASO,CE,Federal Contract Tower,0,3,11,2,16,0,2,26,0,28,0,5,37,2,44,0,0,0,44
04/16/2008,MKL,TN,ASO,CE,Federal Contract Tower,0,3,12,0,15,0,4,28,0,32,0,7,40,0,47,0,0,0,47
04/17/2008,MKL,TN,ASO,CE,Federal Contract Tower,0,2,14,0,16,0,0,34,6,40,0,2,48,6,56,36,0,36,92
04/18/2008,MKL,TN,ASO,CE,Federal Contract Tower,0,4,12,0,16,0,0,10,0,10,0,4,22,0,26,8,0,8,34
04/19/2008,MKL,TN,ASO,CE,Federal Contract Tower,0,0,7,0,7,0,23,17,8,48,0,23,24,8,55,4,0,4,59
04/20/2008,MKL,TN,ASO,CE,Federal Contract Tower,0,0,13,1,14,0,10,42,9,61,0,10,55,10,75,16,0,16,91
04/21/2008,MKL,TN,ASO,CE,Federal Contract Tower,0,4,10,0,14,0,0,27,4,31,0,4,37,4,45,0,8,8,53
04/22/2008,MKL,TN,ASO,CE,Federal Contract Tower,0,8,9,0,17,0,0,20,8,28,0,8,29,8,45,12,0,12,57
04/23/2008,MKL,TN,ASO,CE,Federal Contract Tower,0,4,19,0,23,0,0,23,6,29,0,4,42,6,52,8,0,8,60
04/24/2008,MKL,TN,ASO,CE,Federal Contract Tower,0,2,13,0,15,0,1,9,6,16,0,3,22,6,31,8,8,16,47
04/25/2008,MKL,TN,ASO,CE,Federal Contract Tower,0,3,6,2,11,0,20,42,0,62,0,23,48,2,73,56,0,56,129
04/26/2008,MKL,TN,ASO,CE,Federal Contract Tower,0,0,3,0,3,0,0,35,0,35,0,0,38,0,38,20,0,20,58
04/27/2008,MKL,TN,ASO,CE,Federal Contract Tower,0,0,12,2,14,0,0,1,0,1,0,0,13,2,15,0,0,0,15
04/28/2008,MKL,TN,ASO,CE,Federal Contract Tower,0,10,6,0,16,0,0,14,0,14,0,10,20,0,30,10,0,10,40
04/29/2008,MKL,TN,ASO,CE,Federal Contract Tower,0,7,10,1,18,0,2,29,9,40,0,9,39,10,58,8,32,40,98
04/30/2008,MKL,TN,ASO,CE,Federal Contract Tower,0,5,15,0,20,0,0,32,12,44,0,5,47,12,64,12,0,12,76
05/01/2008,MKL,TN,ASO,CE,Federal Contract Tower,0,4,9,0,13,0,0,11,10,21,0,4,20,10,34,0,6,6,40
05/02/2008,MKL,TN,ASO,CE,Federal Contract Tower,0,6,13,0,19,0,0,1,16,17,0,6,14,16,36,4,10,14,50
05/03/2008,MKL,TN,ASO,CE,Federal Contract Tower,0,0,2,0,2,0,0,39,12,51,0,0,41,12,53,16,0,16,69
05/04/2008,MKL,TN,ASO,CE,Federal Contract Tower,0,0,13,0,13,0,0,40,0,40,0,0,53,0,53,4,0,4,57
05/05/2008,MKL,TN,ASO,CE,Federal Contract Tower,0,5,8,1,14,0,0,35,3,38,0,5,43,4,52,4,4,8,60
05/06/2008,MKL,TN,ASO,CE,Federal Contract Tower,0,3,10,0,13,0,2,24,2,28,0,5,34,2,41,16,0,16,57
05/07/2008,MKL,TN,ASO,CE,Federal Contract Tower,0,4,10,3,17,0,0,10,2,12,0,4,20,5,29,4,0,4,33
05/08/2008,MKL,TN,ASO,CE,Federal Contract Tower,0,3,7,1,11,0,0,3,3,6,0,3,10,4,17,0,0,0,17
05/09/2008,MKL,TN,ASO,CE,Federal Contract Tower,0,3,14,0,17,0,18,32,3,53,0,21,46,3,70,62,0,62,132
05/10/2008,MKL,TN,ASO,CE,Federal Contract Tower,0,1,5,0,6,0,0,13,0,13,0,1,18,0,19,4,0,4,23
05/11/2008,MKL,TN,ASO,CE,Federal Contract Tower,0,0,5,0,5,0,6,8,0,14,0,6,13,0,19,4,0,4,23
05/12/2008,MKL,TN,ASO,CE,Federal Contract Tower,0,3,8,2,13,0,5,43,6,54,0,8,51,8,67,24,20,44,111
05/13/2008,MKL,TN,ASO,CE,Federal Contract Tower,0,4,10,0,14,0,2,5,6,13,0,6,15,6,27,0,0,0,27
05/14/2008,MKL,TN,ASO,CE,Federal Contract Tower,0,8,9,0,17,0,0,4,2,6,0,8,13,2,23,0,0,0,23
05/15/2008,MKL,TN,ASO,CE,Federal Contract Tower,0,8,10,0,18,0,0,2,19,21,0,8,12,19,39,0,78,78,117
05/16/2008,MKL,TN,ASO,CE,Federal Contract Tower,0,3,3,0,6,0,0,24,26,50,0,3,27,26,56,34,28,62,118
05/17/2008,MKL,TN,ASO,CE,Federal Contract Tower,0,0,4,0,4,0,4,22,11,37,0,4,26,11,41,20,4,24,65
05/18/2008,MKL,TN,ASO,CE,Federal Contract Tower,0,0,6,0,6,0,0,19,8,27,0,0,25,8,33,12,0,12,45
05/19/2008,MKL,TN,ASO,CE,Federal Contract Tower,0,3,10,0,13,0,1,34,4,39,0,4,44,4,52,14,2,16,68
05/20/2008,MKL,TN,ASO,CE,Federal Contract Tower,0,1,19,4,24,0,1,33,5,39,0,2,52,9,63,8,0,8,71
05/21/2008,MKL,TN,ASO,CE,Federal Contract Tower,0,8,12,2,22,0,12,30,13,55,0,20,42,15,77,46,22,68,145
05/22/2008,MKL,TN,ASO,CE,Federal Contract Tower,0,0,18,0,18,0,1,49,34,84,0,1,67,34,102,14,24,38,140
05/23/2008,MKL,TN,ASO,CE,Federal Contract Tower,0,0,28,0,28,0,1,31,27,59,0,1,59,27,87,70,0,70,157
05/24/2008,MKL,TN,ASO,CE,Federal Contract Tower,0,0,4,0,4,0,0,32,0,32,0,0,36,0,36,34,0,34,70
05/25/2008,MKL,TN,ASO,CE,Federal Contract Tower,0,2,9,0,11,0,0,8,0,8,0,2,17,0,19,2,0,2,21
05/26/2008,MKL,TN,ASO,CE,Federal Contract Tower,0,0,4,0,4,0,2,12,0,14,0,2,16,0,18,4,0,4,22
05/27/2008,MKL,TN,ASO,CE,Federal Contract Tower,0,2,4,0,6,0,0,1,0,1,0,2,5,0,7,0,0,0,7
05/28/2008,MKL,TN,ASO,CE,Federal Contract Tower,0,2,17,0,19,0,1,1,0,2,0,3,18,0,21,2,8,10,31
05/29/2008,MKL,TN,ASO,CE,Federal Contract Tower,0,1,17,0,18,0,1,31,29,61,0,2,48,29,79,34,52,86,165
05/30/2008,MKL,TN,ASO,CE,Federal Contract Tower,0,0,7,0,7,0,21,62,10,93,0,21,69,10,100,78,30,108,208
05/31/2008,MKL,TN,ASO,CE,Federal Contract Tower,0,0,6,0,6,0,3,33,0,36,0,3,39,0,42,36,0,36,78
06/01/2008,MKL,TN,ASO,CE,Federal Contract Tower,0,0,11,0,11,0,2,22,5,29,0,2,33,5,40,0,0,0,40
06/02/2008,MKL,TN,ASO,CE,Federal Contract Tower,0,0,9,0,9,0,1,20,5,26,0,1,29,5,35,14,0,14,49
06/03/2008,MKL,TN,ASO,CE,Federal Contract Tower,0,0,15,2,17,0,5,26,4,35,0,5,41,6,52,12,4,16,68
06/04/2008,MKL,TN,ASO,CE,Federal Contract Tower,0,3,8,0,11,0,9,42,20,71,0,12,50,20,82,8,0,8,90
06/05/2008,MKL,TN,ASO,CE,Federal Contract Tower,0,0,13,0,13,0,20,17,12,49,0,20,30,12,62,24,20,44,106
06/06/2008,MKL,TN,ASO,CE,Federal Contract Tower,0,0,19,0,19,0,0,10,0,10,0,0,29,0,29,10,0,10,39
06/07/2008,MKL,TN,ASO,CE,Federal Contract Tower,0,0,0,0,0,0,0,8,0,8,0,0,8,0,8,8,0,8,16
06/08/2008,MKL,TN,ASO,CE,Federal Contract Tower,0,0,10,0,10,0,10,18,11,39,0,10,28,11,49,0,0,0,49
06/09/2008,MKL,TN,ASO,CE,Federal Contract Tower,0,0,9,0,9,0,5,23,3,31,0,5,32,3,40,18,0,18,58
06/10/2008,MKL,TN,ASO,CE,Federal Contract Tower,0,2,12,0,14,0,6,15,8,29,0,8,27,8,43,18,0,18,61
06/11/2008,MKL,TN,ASO,CE,Federal Contract Tower,0,0,10,0,10,0,4,27,5,36,0,4,37,5,46,12,0,12,58
06/12/2008,MKL,TN,ASO,CE,Federal Contract Tower,0,0,18,0,18,0,1,31,17,49,0,1,49,17,67,14,44,58,125
06/13/2008,MKL,TN,ASO,CE,Federal Contract Tower,0,0,9,0,9,0,2,33,3,38,0,2,42,3,47,48,0,48,95
06/14/2008,MKL,TN,ASO,CE,Federal Contract Tower,0,0,2,0,2,0,4,12,0,16,0,4,14,0,18,2,0,2,20
06/15/2008,MKL,TN,ASO,CE,Federal Contract Tower,0,2,5,0,7,0,2,21,0,23,0,4,26,0,30,12,0,12,42
06/16/2008,MKL,TN,ASO,CE,Federal Contract Tower,0,0,0,0,0,0,2,27,2,31,0,2,27,2,31,14,0,14,45
06/17/2008,MKL,TN,ASO,CE,Federal Contract Tower,0,1,16,0,17,0,0,29,4,33,0,1,45,4,50,54,0,54,104
06/18/2008,MKL,TN,ASO,CE,Federal Contract Tower,0,1,11,0,12,0,2,56,5,63,0,3,67,5,75,62,0,62,137
06/19/2008,MKL,TN,ASO,CE,Federal Contract Tower,0,1,12,5,18,0,13,54,6,73,0,14,66,11,91,42,16,58,149
06/20/2008,MKL,TN,ASO,CE,Federal Contract Tower,0,0,5,0,5,0,2,22,10,34,0,2,27,10,39,8,0,8,47
06/21/2008,MKL,TN,ASO,CE,Federal Contract Tower,0,0,8,2,10,0,0,36,2,38,0,0,44,4,48,20,0,20,68
06/22/2008,MKL,TN,ASO,CE,Federal Contract Tower,0,0,12,0,12,0,0,27,14,41,0,0,39,14,53,8,4,12,65
06/23/2008,MKL,TN,ASO,CE,Federal Contract Tower,0,2,6,0,8,0,1,41,0,42,0,3,47,0,50,30,0,30,80
06/24/2008,MKL,TN,ASO,CE,Federal Contract Tower,0,0,9,0,9,0,4,45,8,57,0,4,54,8,66,22,0,22,88
06/25/2008,MKL,TN,ASO,CE,Federal Contract Tower,0,0,15,2,17,0,0,20,12,32,0,0,35,14,49,8,8,16,65
06/26/2008,MKL,TN,ASO,CE,Federal Contract Tower,0,8,27,0,35,0,2,21,8,31,0,10,48,8,66,62,20,82,148
06/27/2008,MKL,TN,ASO,CE,Federal Contract Tower,0,0,8,0,8,0,5,21,5,31,0,5,29,5,39,28,4,32,71
06/28/2008,MKL,TN,ASO,CE,Federal Contract Tower,0,0,8,0,8,0,4,20,7,31,0,4,28,7,39,4,0,4,43
06/29/2008,MKL,TN,ASO,CE,Federal Contract Tower,0,0,4,2,6,0,2,13,13,28,0,2,17,15,34,0,0,0,34
06/30/2008,MKL,TN,ASO,CE,Federal Contract Tower,0,1,7,2,10,0,1,20,1,22,0,2,27,3,32,14,4,18,50
07/01/2008,MKL,TN,ASO,CE,Federal Contract Tower,0,4,9,1,14,0,21,53,12,86,0,25,62,13,100,0,22,22,122
07/02/2008,MKL,TN,ASO,CE,Federal Contract Tower,0,3,31,10,44,0,2,8,2,12,0,5,39,12,56,10,0,10,66
07/03/2008,MKL,TN,ASO,CE,Federal Contract Tower,0,2,8,0,10,0,13,43,9,65,0,15,51,9,75,26,4,30,105
07/04/2008,MKL,TN,ASO,CE,Federal Contract Tower,0,0,2,0,2,0,1,33,2,36,0,1,35,2,38,28,0,28,66
07/05/2008,MKL,TN,ASO,CE,Federal Contract Tower,2,0,0,0,2,0,8,12,0,20,2,8,12,0,22,0,0,0,22
07/06/2008,MKL,TN,ASO,CE,Federal Contract Tower,0,0,13,0,13,0,6,27,0,33,0,6,40,0,46,2,0,2,48
07/07/2008,MKL,TN,ASO,CE,Federal Contract Tower,0,0,7,0,7,0,5,61,3,69,0,5,68,3,76,48,0,48,124
07/08/2008,MKL,TN,ASO,CE,Federal Contract Tower,0,0,8,2,10,0,0,31,2,33,0,0,39,4,43,10,0,10,53
07/09/2008,MKL,TN,ASO,CE,Federal Contract Tower,0,3,11,0,14,0,3,28,2,33,0,6,39,2,47,24,0,24,71
07/10/2008,MKL,TN,ASO,CE,Federal Contract Tower,0,2,7,1,10,0,0,12,12,24,0,2,19,13,34,6,40,46,80
07/11/2008,MKL,TN,ASO,CE,Federal Contract Tower,0,0,11,1,12,0,0,47,7,54,0,0,58,8,66,58,4,62,128
07/12/2008,MKL,TN,ASO,CE,Federal Contract Tower,0,0,0,0,0,0,0,9,8,17,0,0,9,8,17,8,0,8,25
07/13/2008,MKL,TN,ASO,CE,Federal Contract Tower,0,0,8,0,8,0,2,13,0,15,0,2,21,0,23,12,0,12,35
07/14/2008,MKL,TN,ASO,CE,Federal Contract Tower,0,0,6,0,6,0,7,39,0,46,0,7,45,0,52,78,0,78,130
07/15/2008,MKL,TN,ASO,CE,Federal Contract Tower,0,3,5,0,8,0,0,13,5,18,0,3,18,5,26,16,0,16,42
07/16/2008,MKL,TN,ASO,CE,Federal Contract Tower,0,0,9,0,9,0,2,31,2,35,0,2,40,2,44,12,32,44,88
07/17/2008,MKL,TN,ASO,CE,Federal Contract Tower,0,0,11,0,11,0,4,43,7,54,0,4,54,7,65,34,22,56,121
07/18/2008,MKL,TN,ASO,CE,Federal Contract Tower,0,0,6,0,6,0,1,46,4,51,0,1,52,4,57,46,10,56,113
07/19/2008,MKL,TN,ASO,CE,Federal Contract Tower,0,0,13,0,13,0,1,5,1,7,0,1,18,1,20,0,0,0,20
07/20/2008,MKL,TN,ASO,CE,Federal Contract Tower,0,0,8,0,8,0,8,11,0,19,0,8,19,0,27,0,0,0,27
07/21/2008,MKL,TN,ASO,CE,Federal Contract Tower,0,0,6,1,7,0,5,31,2,38,0,5,37,3,45,54,4,58,103
07/22/2008,MKL,TN,ASO,CE,Federal Contract Tower,0,0,9,0,9,0,1,25,8,34,0,1,34,8,43,16,0,16,59
07/23/2008,MKL,TN,ASO,CE,Federal Contract Tower,0,2,12,0,14,0,8,20,0,28,0,10,32,0,42,18,0,18,60
07/24/2008,MKL,TN,ASO,CE,Federal Contract Tower,0,0,18,1,19,0,0,60,10,70,0,0,78,11,89,36,2,38,127
07/25/2008,MKL,TN,ASO,CE,Federal Contract Tower,0,1,10,0,11,0,0,74,6,80,0,1,84,6,91,76,12,88,179
07/26/2008,MKL,TN,ASO,CE,Federal Contract Tower,0,0,6,1,7,0,0,29,2,31,0,0,35,3,38,4,0,4,42
07/27/2008,MKL,TN,ASO,CE,Federal Contract Tower,0,0,8,0,8,0,2,12,4,18,0,2,20,4,26,12,0,12,38
07/28/2008,MKL,TN,ASO,CE,Federal Contract Tower,0,0,7,0,7,0,1,39,1,41,0,1,46,1,48,28,0,28,76
07/29/2008,MKL,TN,ASO,CE,Federal Contract Tower,0,0,12,0,12,0,3,27,3,33,0,3,39,3,45,8,0,8,53
07/30/2008,MKL,TN,ASO,CE,Federal Contract Tower,0,1,5,9,15,0,0,31,15,46,0,1,36,24,61,22,34,56,117
07/31/2008,MKL,TN,ASO,CE,Federal Contract Tower,0,0,10,0,10,0,9,35,8,52,0,9,45,8,62,4,4,8,70
08/01/2008,MKL,TN,ASO,CE,Federal Contract Tower,0,0,16,12,28,0,16,55,4,75,0,16,71,16,103,48,20,68,171
08/02/2008,MKL,TN,ASO,CE,Federal Contract Tower,0,0,6,0,6,0,2,7,7,16,0,2,13,7,22,14,4,18,40
08/03/2008,MKL,TN,ASO,CE,Federal Contract Tower,0,0,11,0,11,0,8,13,0,21,0,8,24,0,32,14,0,14,46
08/04/2008,MKL,TN,ASO,CE,Federal Contract Tower,0,0,9,0,9,0,5,39,2,46,0,5,48,2,55,4,8,12,67
08/05/2008,MKL,TN,ASO,CE,Federal Contract Tower,0,0,11,0,11,0,4,29,9,42,0,4,40,9,53,20,0,20,73
08/06/2008,MKL,TN,ASO,CE,Federal Contract Tower,0,0,9,0,9,0,3,41,6,50,0,3,50,6,59,40,0,40,99
08/07/2008,MKL,TN,ASO,CE,Federal Contract Tower,0,1,9,0,10,0,2,17,1,20,0,3,26,1,30,10,10,20,50
08/08/2008,MKL,TN,ASO,CE,Federal Contract Tower,0,2,12,0,14,0,8,43,2,53,0,10,55,2,67,34,0,34,101
08/09/2008,MKL,TN,ASO,CE,Federal Contract Tower,0,0,5,0,5,0,2,30,1,33,0,2,35,1,38,24,0,24,62
08/10/2008,MKL,TN,ASO,CE,Federal Contract Tower,0,0,6,0,6,0,8,23,0,31,0,8,29,0,37,8,0,8,45
08/11/2008,MKL,TN,ASO,CE,Federal Contract Tower,0,2,4,0,6,0,8,29,5,42,0,10,33,5,48,8,0,8,56
08/12/2008,MKL,TN,ASO,CE,Federal Contract Tower,0,0,5,3,8,0,3,23,10,36,0,3,28,13,44,12,0,12,56
08/13/2008,MKL,TN,ASO,CE,Federal Contract Tower,0,3,15,2,20,0,15,47,27,89,0,18,62,29,109,68,0,68,177
08/14/2008,MKL,TN,ASO,CE,Federal Contract Tower,0,2,5,1,8,0,2,34,16,52,0,4,39,17,60,16,24,40,100
08/15/2008,MKL,TN,ASO,CE,Federal Contract Tower,0,0,9,1,10,0,7,48,2,57,0,7,57,3,67,36,0,36,103
08/16/2008,MKL,TN,ASO,CE,Federal Contract Tower,0,3,9,0,12,0,4,23,1,28,0,7,32,1,40,20,0,20,60
08/17/2008,MKL,TN,ASO,CE,Federal Contract Tower,0,1,10,2,13,0,0,27,2,29,0,1,37,4,42,20,0,20,62
08/18/2008,MKL,TN,ASO,CE,Federal Contract Tower,0,0,14,3,17,0,0,52,3,55,0,0,66,6,72,24,8,32,104
08/19/2008,MKL,TN,ASO,CE,Federal Contract Tower,0,0,8,0,8,0,2,26,2,30,0,2,34,2,38,40,0,40,78
08/20/2008,MKL,TN,ASO,CE,Federal Contract Tower,0,3,15,0,18,0,1,32,2,35,0,4,47,2,53,28,0,28,81
08/21/2008,MKL,TN,ASO,CE,Federal Contract Tower,0,0,12,0,12,0,2,40,9,51,0,2,52,9,63,12,0,12,75
08/22/2008,MKL,TN,ASO,CE,Federal Contract Tower,0,0,9,0,9,0,40,0,8,48,0,40,9,8,57,62,10,72,129
08/23/2008,MKL,TN,ASO,CE,Federal Contract Tower,0,0,2,0,2,0,4,29,12,45,0,4,31,12,47,18,12,30,77
08/24/2008,MKL,TN,ASO,CE,Federal Contract Tower,0,0,4,0,4,0,0,18,0,18,0,0,22,0,22,16,0,16,38
08/25/2008,MKL,TN,ASO,CE,Federal Contract Tower,0,0,13,0,13,0,1,18,2,21,0,1,31,2,34,0,0,0,34
08/26/2008,MKL,TN,ASO,CE,Federal Contract Tower,0,0,7,2,9,0,0,4,2,6,0,0,11,4,15,0,0,0,15
08/27/2008,MKL,TN,ASO,CE,Federal Contract Tower,0,2,9,0,11,0,6,61,2,69,0,8,70,2,80,72,0,72,152
08/28/2008,MKL,TN,ASO,CE,Federal Contract Tower,0,0,16,0,16,0,9,54,3,66,0,9,70,3,82,16,0,16,98
08/29/2008,MKL,TN,ASO,CE,Federal Contract Tower,0,2,13,0,15,0,1,37,3,41,0,3,50,3,56,38,14,52,108
08/30/2008,MKL,TN,ASO,CE,Federal Contract Tower,0,0,7,0,7,0,1,16,0,17,0,1,23,0,24,4,0,4,28
08/31/2008,MKL,TN,ASO,CE,Federal Contract Tower,0,0,10,0,10,0,0,37,0,37,0,0,47,0,47,2,0,2,49
09/01/2008,MKL,TN,ASO,CE,Federal Contract Tower,0,0,3,0,3,0,1,35,0,36,0,1,38,0,39,8,0,8,47
09/02/2008,MKL,TN,ASO,CE,Federal Contract Tower,0,0,13,0,13,0,2,35,2,39,0,2,48,2,52,30,0,30,82
09/03/2008,MKL,TN,ASO,CE,Federal Contract Tower,0,0,13,0,13,0,0,5,3,8,0,0,18,3,21,0,0,0,21
09/04/2008,MKL,TN,ASO,CE,Federal Contract Tower,0,2,20,0,22,0,1,16,7,24,0,3,36,7,46,6,0,6,52
09/05/2008,MKL,TN,ASO,CE,Federal Contract Tower,0,0,11,3,14,0,0,4,3,7,0,0,15,6,21,0,0,0,21
09/06/2008,MKL,TN,ASO,CE,Federal Contract Tower,0,0,3,0,3,0,2,20,4,26,0,2,23,4,29,8,4,12,41
09/07/2008,MKL,TN,ASO,CE,Federal Contract Tower,0,0,7,0,7,0,2,34,0,36,0,2,41,0,43,24,0,24,67
09/08/2008,MKL,TN,ASO,CE,Federal Contract Tower,0,0,8,5,13,0,0,31,2,33,0,0,39,7,46,18,12,30,76
09/09/2008,MKL,TN,ASO,CE,Federal Contract Tower,0,4,12,2,18,0,2,10,2,14,0,6,22,4,32,20,2,22,54
09/10/2008,MKL,TN,ASO,CE,Federal Contract Tower,0,0,16,0,16,0,4,28,2,34,0,4,44,2,50,12,0,12,62
09/11/2008,MKL,TN,ASO,CE,Federal Contract Tower,0,1,8,4,13,0,22,35,11,68,0,23,43,15,81,40,10,50,131
09/12/2008,MKL,TN,ASO,CE,Federal Contract Tower,0,0,24,0,24,0,12,54,5,71,0,12,78,5,95,56,2,58,153
09/13/2008,MKL,TN,ASO,CE,Federal Contract Tower,0,3,4,0,7,0,8,31,8,47,0,11,35,8,54,18,40,58,112
09/14/2008,MKL,TN,ASO,CE,Federal Contract Tower,0,0,4,0,4,0,0,0,0,0,0,0,4,0,4,0,0,0,4
09/15/2008,MKL,TN,ASO,CE,Federal Contract Tower,0,3,11,0,14,0,0,4,0,4,0,3,15,0,18,22,0,22,40
09/16/2008,MKL,TN,ASO,CE,Federal Contract Tower,0,2,8,0,10,0,0,12,0,12,0,2,20,0,22,8,0,8,30
09/17/2008,MKL,TN,ASO,CE,Federal Contract Tower,0,1,7,0,8,0,1,43,5,49,0,2,50,5,57,32,0,32,89
09/18/2008,MKL,TN,ASO,CE,Federal Contract Tower,0,0,16,0,16,0,4,48,2,54,0,4,64,2,70,34,0,34,104
09/19/2008,MKL,TN,ASO,CE,Federal Contract Tower,0,0,12,2,14,0,4,34,5,43,0,4,46,7,57,28,0,28,85
09/20/2008,MKL,TN,ASO,CE,Federal Contract Tower,0,0,9,0,9,0,0,16,1,17,0,0,25,1,26,12,0,12,38
09/21/2008,MKL,TN,ASO,CE,Federal Contract Tower,0,0,10,2,12,0,0,21,0,21,0,0,31,2,33,48,2,50,83
09/22/2008,MKL,TN,ASO,CE,Federal Contract Tower,0,1,10,2,13,0,0,41,0,41,0,1,51,2,54,28,0,28,82
09/23/2008,MKL,TN,ASO,CE,Federal Contract Tower,0,8,7,2,17,0,1,32,1,34,0,9,39,3,51,38,0,38,89
09/24/2008,MKL,TN,ASO,CE,Federal Contract Tower,0,6,13,0,19,0,7,32,0,39,0,13,45,0,58,4,0,4,62
09/25/2008,MKL,TN,ASO,CE,Federal Contract Tower,0,3,18,0,21,0,4,55,1,60,0,7,73,1,81,34,0,34,115
09/26/2008,MKL,TN,ASO,CE,Federal Contract Tower,0,0,18,0,18,0,12,59,1,72,0,12,77,1,90,34,0,34,124
09/27/2008,MKL,TN,ASO,CE,Federal Contract Tower,0,0,1,0,1,0,19,32,0,51,0,19,33,0,52,20,0,20,72
09/28/2008,MKL,TN,ASO,CE,Federal Contract Tower,0,0,7,0,7,0,0,28,0,28,0,0,35,0,35,20,0,20,55
09/29/2008,MKL,TN,ASO,CE,Federal Contract Tower,0,0,5,0,5,0,0,17,0,17,0,0,22,0,22,16,0,16,38
09/30/2008,MKL,TN,ASO,CE,Federal Contract Tower,0,4,21,0,25,0,0,19,0,19,0,4,40,0,44,0,0,0,44
10/01/2008,MKL,TN,ASO,CE,Federal Contract Tower,0,4,20,2,26,0,3,34,2,39,0,7,54,4,65,4,0,4,69
10/02/2008,MKL,TN,ASO,CE,Federal Contract Tower,0,2,13,0,15,0,8,73,0,81,0,10,86,0,96,34,0,34,130
10/03/2008,MKL,TN,ASO,CE,Federal Contract Tower,0,0,12,2,14,0,4,72,4,80,0,4,84,6,94,74,0,74,168
10/04/2008,MKL,TN,ASO,CE,Federal Contract Tower,0,0,5,0,5,0,0,53,13,66,0,0,58,13,71,34,8,42,113
10/05/2008,MKL,TN,ASO,CE,Federal Contract Tower,0,0,6,0,6,0,0,30,6,36,0,0,36,6,42,24,8,32,74
10/06/2008,MKL,TN,ASO,CE,Federal Contract Tower,0,0,4,1,5,0,0,25,2,27,0,0,29,3,32,6,2,8,40
10/07/2008,MKL,TN,ASO,CE,Federal Contract Tower,0,2,19,0,21,0,0,2,0,2,0,2,21,0,23,0,0,0,23
10/08/2008,MKL,TN,ASO,CE,Federal Contract Tower,0,2,18,3,23,0,6,15,12,33,0,8,33,15,56,12,20,32,88
10/09/2008,MKL,TN,ASO,CE,Federal Contract Tower,0,4,9,0,13,0,4,38,11,53,0,8,47,11,66,30,8,38,104
10/10/2008,MKL,TN,ASO,CE,Federal Contract Tower,0,0,16,5,21,0,4,60,15,79,0,4,76,20,100,54,38,92,192
10/11/2008,MKL,TN,ASO,CE,Federal Contract Tower,0,2,4,0,6,0,0,22,2,24,0,2,26,2,30,16,0,16,46
10/12/2008,MKL,TN,ASO,CE,Federal Contract Tower,0,0,17,0,17,0,0,17,3,20,0,0,34,3,37,8,0,8,45
10/13/2008,MKL,TN,ASO,CE,Federal Contract Tower,0,1,11,2,14,0,1,23,2,26,0,2,34,4,40,6,4,10,50
10/14/2008,MKL,TN,ASO,CE,Federal Contract Tower,0,4,9,8,21,0,2,32,0,34,0,6,41,8,55,30,8,38,93
10/15/2008,MKL,TN,ASO,CE,Federal Contract Tower,0,0,18,0,18,0,0,22,0,22,0,0,40,0,40,0,0,0,40
10/16/2008,MKL,TN,ASO,CE,Federal Contract Tower,0,0,7,0,7,0,0,7,0,7,0,0,14,0,14,0,0,0,14
10/17/2008,MKL,TN,ASO,CE,Federal Contract Tower,0,0,21,3,24,0,0,67,3,70,0,0,88,6,94,30,0,30,124
10/18/2008,MKL,TN,ASO,CE,Federal Contract Tower,0,1,7,0,8,0,1,36,1,38,0,2,43,1,46,4,0,4,50
10/19/2008,MKL,TN,ASO,CE,Federal Contract Tower,0,0,13,0,13,0,0,49,0,49,0,0,62,0,62,8,0,8,70
10/20/2008,MKL,TN,ASO,CE,Federal Contract Tower,0,0,5,0,5,0,0,6,4,10,0,0,11,4,15,12,0,12,27
10/21/2008,MKL,TN,ASO,CE,Federal Contract Tower,0,1,7,2,10,0,1,37,0,38,0,2,44,2,48,36,0,36,84
10/22/2008,MKL,TN,ASO,CE,Federal Contract Tower,0,0,11,2,13,0,1,50,2,53,0,1,61,4,66,52,0,52,118
10/23/2008,MKL,TN,ASO,CE,Federal Contract Tower,0,0,14,2,16,0,0,17,4,21,0,0,31,6,37,4,0,4,41
10/24/2008,MKL,TN,ASO,CE,Federal Contract Tower,0,2,13,0,15,0,1,41,0,42,0,3,54,0,57,42,0,42,99
10/25/2008,MKL,TN,ASO,CE,Federal Contract Tower,0,0,5,0,5,0,0,26,2,28,0,0,31,2,33,4,4,8,41
10/26/2008,MKL,TN,ASO,CE,Federal Contract Tower,0,0,7,0,7,0,0,20,0,20,0,0,27,0,27,4,0,4,31
10/27/2008,MKL,TN,ASO,CE,Federal Contract Tower,0,0,12,0,12,0,1,27,0,28,0,1,39,0,40,8,0,8,48
10/28/2008,MKL,TN,ASO,CE,Federal Contract Tower,0,2,13,0,15,0,3,28,0,31,0,5,41,0,46,22,0,22,68
10/29/2008,MKL,TN,ASO,CE,Federal Contract Tower,0,0,6,2,8,0,0,17,3,20,0,0,23,5,28,28,16,44,72
10/30/2008,MKL,TN,ASO,CE,Federal Contract Tower,0,0,13,0,13,0,0,49,15,64,0,0,62,15,77,30,0,30,107
10/31/2008,MKL,TN,ASO,CE,Federal Contract Tower,0,0,8,2,10,0,4,31,31,66,0,4,39,33,76,40,80,120,196
11/01/2008,MKL,TN,ASO,CE,Federal Contract Tower,0,0,3,0,3,0,0,35,4,39,0,0,38,4,42,8,2,10,52
11/02/2008,MKL,TN,ASO,CE,Federal Contract Tower,0,0,10,0,10,0,0,26,0,26,0,0,36,0,36,2,0,2,38
11/03/2008,MKL,TN,ASO,CE,Federal Contract Tower,0,2,8,0,10,0,0,30,0,30,0,2,38,0,40,0,8,8,48
11/04/2008,MKL,TN,ASO,CE,Federal Contract Tower,0,0,8,2,10,0,1,22,7,30,0,1,30,9,40,44,4,48,88
11/05/2008,MKL,TN,ASO,CE,Federal Contract Tower,0,0,16,2,18,0,8,44,6,58,0,8,60,8,76,14,4,18,94
11/06/2008,MKL,TN,ASO,CE,Federal Contract Tower,0,0,7,1,8,0,4,30,3,37,0,4,37,4,45,12,4,16,61
11/07/2008,MKL,TN,ASO,CE,Federal Contract Tower,0,0,15,0,15,0,0,53,1,54,0,0,68,1,69,64,0,64,133
11/08/2008,MKL,TN,ASO,CE,Federal Contract Tower,0,0,13,0,13,0,0,31,21,52,0,0,44,21,65,12,4,16,81
11/09/2008,MKL,TN,ASO,CE,Federal Contract Tower,0,0,9,0,9,0,0,11,7,18,0,0,20,7,27,0,12,12,39
11/10/2008,MKL,TN,ASO,CE,Federal Contract Tower,0,0,12,3,15,0,0,38,2,40,0,0,50,5,55,12,20,32,87
11/11/2008,MKL,TN,ASO,CE,Federal Contract Tower,0,0,11,0,11,0,2,8,0,10,0,2,19,0,21,36,0,36,57
11/12/2008,MKL,TN,ASO,CE,Federal Contract Tower,0,3,15,0,18,0,3,9,0,12,0,6,24,0,30,0,0,0,30
11/13/2008,MKL,TN,ASO,CE,Federal Contract Tower,0,2,20,2,24,0,2,50,20,72,0,4,70,22,96,58,16,74,170
11/14/2008,MKL,TN,ASO,CE,Federal Contract Tower,0,0,11,0,11,0,4,22,7,33,0,4,33,7,44,12,10,22,66
11/15/2008,MKL,TN,ASO,CE,Federal Contract Tower,0,0,10,0,10,0,0,3,0,3,0,0,13,0,13,0,0,0,13
11/16/2008,MKL,TN,ASO,CE,Federal Contract Tower,0,3,13,0,16,0,0,31,4,35,0,3,44,4,51,14,0,14,65
11/17/2008,MKL,TN,ASO,CE,Federal Contract Tower,0,1,7,1,9,0,2,40,1,43,0,3,47,2,52,4,20,24,76
11/18/2008,MKL,TN,ASO,CE,Federal Contract Tower,0,0,12,2,14,0,0,29,6,35,0,0,41,8,49,58,4,62,111
11/19/2008,MKL,TN,ASO,CE,Federal Contract Tower,0,1,15,0,16,0,5,40,6,51,0,6,55,6,67,38,4,42,109
11/20/2008,MKL,TN,ASO,CE,Federal Contract Tower,0,3,13,0,16,0,15,46,11,72,0,18,59,11,88,14,8,22,110
11/21/2008,MKL,TN,ASO,CE,Federal Contract Tower,0,0,8,0,8,0,0,41,2,43,0,0,49,2,51,56,0,56,107
11/22/2008,MKL,TN,ASO,CE,Federal Contract Tower,0,2,5,0,7,0,0,18,2,20,0,2,23,2,27,4,0,4,31
11/23/2008,MKL,TN,ASO,CE,Federal Contract Tower,0,0,11,0,11,0,3,11,0,14,0,3,22,0,25,0,0,0,25
11/24/2008,MKL,TN,ASO,CE,Federal Contract Tower,0,0,6,0,6,0,0,16,0,16,0,0,22,0,22,0,0,0,22
11/25/2008,MKL,TN,ASO,CE,Federal Contract Tower,0,2,6,0,8,0,0,32,0,32,0,2,38,0,40,16,0,16,56
11/26/2008,MKL,TN,ASO,CE,Federal Contract Tower,0,1,15,0,16,0,0,55,1,56,0,1,70,1,72,56,4,60,132
11/27/2008,MKL,TN,ASO,CE,Federal Contract Tower,0,0,2,0,2,0,2,4,0,6,0,2,6,0,8,0,0,0,8
11/28/2008,MKL,TN,ASO,CE,Federal Contract Tower,0,0,5,0,5,0,0,38,0,38,0,0,43,0,43,52,0,52,95
11/29/2008,MKL,TN,ASO,CE,Federal Contract Tower,0,0,3,0,3,0,4,13,1,18,0,4,16,1,21,8,0,8,29
11/30/2008,MKL,TN,ASO,CE,Federal Contract Tower,0,2,8,0,10,0,0,3,0,3,0,2,11,0,13,0,0,0,13
12/01/2008,MKL,TN,ASO,CE,Federal Contract Tower,0,0,13,0,13,0,4,9,4,17,0,4,22,4,30,0,4,4,34
12/02/2008,MKL,TN,ASO,CE,Federal Contract Tower,0,0,11,0,11,0,0,31,13,44,0,0,42,13,55,54,16,70,125
12/03/2008,MKL,TN,ASO,CE,Federal Contract Tower,0,0,12,2,14,0,4,16,5,25,0,4,28,7,39,4,16,20,59
12/04/2008,MKL,TN,ASO,CE,Federal Contract Tower,0,0,12,1,13,0,0,41,13,54,0,0,53,14,67,8,4,12,79
12/05/2008,MKL,TN,ASO,CE,Federal Contract Tower,0,2,16,2,20,0,3,54,3,60,0,5,70,5,80,58,2,60,140
12/06/2008,MKL,TN,ASO,CE,Federal Contract Tower,0,1,15,0,16,0,0,9,2,11,0,1,24,2,27,0,0,0,27
12/07/2008,MKL,TN,ASO,CE,Federal Contract Tower,0,0,11,0,11,0,0,16,0,16,0,0,27,0,27,12,0,12,39
12/08/2008,MKL,TN,ASO,CE,Federal Contract Tower,0,0,7,0,7,0,0,28,7,35,0,0,35,7,42,352,0,352,394
12/09/2008,MKL,TN,ASO,CE,Federal Contract Tower,0,0,7,0,7,0,0,0,0,0,0,0,7,0,7,0,0,0,7
12/10/2008,MKL,TN,ASO,CE,Federal Contract Tower,0,0,10,1,11,0,0,4,1,5,0,0,14,2,16,0,0,0,16
12/11/2008,MKL,TN,ASO,CE,Federal Contract Tower,0,0,11,0,11,0,0,13,3,16,0,0,24,3,27,2,0,2,29
12/12/2008,MKL,TN,ASO,CE,Federal Contract Tower,0,0,6,0,6,0,4,52,8,64,0,4,58,8,70,48,4,52,122
12/13/2008,MKL,TN,ASO,CE,Federal Contract Tower,0,1,0,0,1,0,0,15,4,19,0,1,15,4,20,28,2,30,50
12/14/2008,MKL,TN,ASO,CE,Federal Contract Tower,0,2,7,0,9,0,0,3,4,7,0,2,10,4,16,0,0,0,16
12/15/2008,MKL,TN,ASO,CE,Federal Contract Tower,0,1,1,0,2,0,1,1,0,2,0,2,2,0,4,0,0,0,4
12/16/2008,MKL,TN,ASO,CE,Federal Contract Tower,0,2,5,0,7,0,0,0,0,0,0,2,5,0,7,0,0,0,7
12/17/2008,MKL,TN,ASO,CE,Federal Contract Tower,0,3,6,0,9,0,0,0,0,0,0,3,6,0,9,0,0,0,9
12/18/2008,MKL,TN,ASO,CE,Federal Contract Tower,0,0,3,0,3,0,0,0,0,0,0,0,3,0,3,0,0,0,3
12/19/2008,MKL,TN,ASO,CE,Federal Contract Tower,0,0,8,2,10,0,1,33,2,36,0,1,41,4,46,38,0,38,84
12/20/2008,MKL,TN,ASO,CE,Federal Contract Tower,0,0,6,0,6,0,0,0,0,0,0,0,6,0,6,22,0,22,28
12/21/2008,MKL,TN,ASO,CE,Federal Contract Tower,0,2,2,0,4,0,0,7,0,7,0,2,9,0,11,0,0,0,11
12/22/2008,MKL,TN,ASO,CE,Federal Contract Tower,0,0,12,0,12,0,0,12,0,12,0,0,24,0,24,4,0,4,28
12/23/2008,MKL,TN,ASO,CE,Federal Contract Tower,0,0,1,0,1,0,1,0,0,1,0,1,1,0,2,0,0,0,2
12/24/2008,MKL,TN,ASO,CE,Federal Contract Tower,0,0,0,0,0,0,0,6,0,6,0,0,6,0,6,0,0,0,6
12/25/2008,MKL,TN,ASO,CE,Federal Contract Tower,0,0,3,0,3,0,12,22,0,34,0,12,25,0,37,12,0,12,49
12/26/2008,MKL,TN,ASO,CE,Federal Contract Tower,0,0,6,0,6,0,0,9,0,9,0,0,15,0,15,16,0,16,31
12/27/2008,MKL,TN,ASO,CE,Federal Contract Tower,0,0,2,0,2,0,0,2,0,2,0,0,4,0,4,0,0,0,4
12/28/2008,MKL,TN,ASO,CE,Federal Contract Tower,0,0,4,0,4,0,0,21,0,21,0,0,25,0,25,10,0,10,35
12/29/2008,MKL,TN,ASO,CE,Federal Contract Tower,0,0,5,0,5,0,0,36,0,36,0,0,41,0,41,22,0,22,63
12/30/2008,MKL,TN,ASO,CE,Federal Contract Tower,0,0,2,0,2,0,12,40,0,52,0,12,42,0,54,48,0,48,102
12/31/2008,MKL,TN,ASO,CE,Federal Contract Tower,0,0,7,0,7,0,8,6,0,14,0,8,13,0,21,4,0,4,25
01/01/2009,MKL,TN,ASO,CE,Federal Contract Tower,0,0,3,0,3,0,0,8,0,8,0,0,11,0,11,8,0,8,19
01/02/2009,MKL,TN,ASO,CE,Federal Contract Tower,0,4,8,0,12,0,7,39,13,59,0,11,47,13,71,48,16,64,135
01/03/2009,MKL,TN,ASO,CE,Federal Contract Tower,0,0,3,0,3,0,0,8,0,8,0,0,11,0,11,0,0,0,11
01/04/2009,MKL,TN,ASO,CE,Federal Contract Tower,0,0,8,0,8,0,0,0,0,0,0,0,8,0,8,0,0,0,8
01/05/2009,MKL,TN,ASO,CE,Federal Contract Tower,0,0,8,0,8,0,1,0,0,1,0,1,8,0,9,0,0,0,9
01/06/2009,MKL,TN,ASO,CE,Federal Contract Tower,0,1,5,0,6,0,0,0,0,0,0,1,5,0,6,0,0,0,6
01/07/2009,MKL,TN,ASO,CE,Federal Contract Tower,0,0,9,2,11,0,6,34,10,50,0,6,43,12,61,6,2,8,69
01/08/2009,MKL,TN,ASO,CE,Federal Contract Tower,0,0,16,0,16,0,0,35,8,43,0,0,51,8,59,28,0,28,87
01/09/2009,MKL,TN,ASO,CE,Federal Contract Tower,0,0,11,0,11,0,5,37,3,45,0,5,48,3,56,22,0,22,78
01/10/2009,MKL,TN,ASO,CE,Federal Contract Tower,0,0,4,0,4,0,0,1,0,1,0,0,5,0,5,0,0,0,5
01/11/2009,MKL,TN,ASO,CE,Federal Contract Tower,0,2,7,0,9,0,1,19,8,28,0,3,26,8,37,4,4,8,45
01/12/2009,MKL,TN,ASO,CE,Federal Contract Tower,0,1,2,2,5,0,1,42,5,48,0,2,44,7,53,12,4,16,69
01/13/2009,MKL,TN,ASO,CE,Federal Contract Tower,0,2,11,1,14,0,4,5,6,15,0,6,16,7,29,8,8,16,45
01/14/2009,MKL,TN,ASO,CE,Federal Contract Tower,0,0,9,0,9,0,4,5,5,14,0,4,14,5,23,4,6,10,33
01/15/2009,MKL,TN,ASO,CE,Federal Contract Tower,0,0,6,0,6,0,0,17,7,24,0,0,23,7,30,0,4,4,34
01/16/2009,MKL,TN,ASO,CE,Federal Contract Tower,0,0,11,0,11,0,0,26,5,31,0,0,37,5,42,28,0,28,70
01/17/2009,MKL,TN,ASO,CE,Federal Contract Tower,0,0,2,0,2,0,1,2,0,3,0,1,4,0,5,0,0,0,5
01/18/2009,MKL,TN,ASO,CE,Federal Contract Tower,0,0,7,6,13,0,0,14,2,16,0,0,21,8,29,12,0,12,41
01/19/2009,MKL,TN,ASO,CE,Federal Contract Tower,0,0,2,0,2,0,2,3,0,5,0,2,5,0,7,0,0,0,7
01/20/2009,MKL,TN,ASO,CE,Federal Contract Tower,0,0,3,0,3,0,0,7,2,9,0,0,10,2,12,6,0,6,18
01/21/2009,MKL,TN,ASO,CE,Federal Contract Tower,0,0,17,0,17,0,0,43,0,43,0,0,60,0,60,12,0,12,72
01/22/2009,MKL,TN,ASO,CE,Federal Contract Tower,0,0,11,0,11,0,6,60,12,78,0,6,71,12,89,48,4,52,141
01/23/2009,MKL,TN,ASO,CE,Federal Contract Tower,0,1,12,0,13,0,1,44,9,54,0,2,56,9,67,70,21,91,158
01/24/2009,MKL,TN,ASO,CE,Federal Contract Tower,0,0,2,1,3,0,0,24,0,24,0,0,26,1,27,12,0,12,39
01/25/2009,MKL,TN,ASO,CE,Federal Contract Tower,0,0,7,1,8,0,0,5,0,5,0,0,12,1,13,8,0,8,21
01/26/2009,MKL,TN,ASO,CE,Federal Contract Tower,0,0,11,0,11,0,1,31,0,32,0,1,42,0,43,2,0,2,45
01/27/2009,MKL,TN,ASO,CE,Federal Contract Tower,0,0,4,2,6,0,0,4,2,6,0,0,8,4,12,0,0,0,12
01/28/2009,MKL,TN,ASO,CE,Federal Contract Tower,0,0,2,0,2,0,1,2,0,3,0,1,4,0,5,2,0,2,7
01/29/2009,MKL,TN,ASO,CE,Federal Contract Tower,0,0,15,5,20,0,1,13,13,27,0,1,28,18,47,10,4,14,61
01/30/2009,MKL,TN,ASO,CE,Federal Contract Tower,0,1,10,0,11,0,5,45,0,50,0,6,55,0,61,66,0,66,127
01/31/2009,MKL,TN,ASO,CE,Federal Contract Tower,0,0,5,0,5,0,0,40,0,40,0,0,45,0,45,34,0,34,79
02/01/2009,MKL,TN,ASO,CE,Federal Contract Tower,0,2,8,0,10,0,0,31,0,31,0,2,39,0,41,54,0,54,95
02/02/2009,MKL,TN,ASO,CE,Federal Contract Tower,0,0,3,0,3,0,1,20,0,21,0,1,23,0,24,4,0,4,28
02/03/2009,MKL,TN,ASO,CE,Federal Contract Tower,0,0,7,0,7,0,0,28,0,28,0,0,35,0,35,26,0,26,61
02/04/2009,MKL,TN,ASO,CE,Federal Contract Tower,0,0,9,0,9,0,0,43,3,46,0,0,52,3,55,48,0,48,103
02/05/2009,MKL,TN,ASO,CE,Federal Contract Tower,0,0,8,0,8,0,0,30,3,33,0,0,38,3,41,16,0,16,57
02/06/2009,MKL,TN,ASO,CE,Federal Contract Tower,0,0,14,2,16,0,5,39,4,48,0,5,53,6,64,12,6,18,82
02/07/2009,MKL,TN,ASO,CE,Federal Contract Tower,0,0,5,0,5,0,5,19,8,32,0,5,24,8,37,12,0,12,49
02/08/2009,MKL,TN,ASO,CE,Federal Contract Tower,0,2,7,0,9,0,0,22,4,26,0,2,29,4,35,20,0,20,55
02/09/2009,MKL,TN,ASO,CE,Federal Contract Tower,0,0,1,2,3,0,5,12,2,19,0,5,13,4,22,4,0,4,26
02/10/2009,MKL,TN,ASO,CE,Federal Contract Tower,0,0,8,0,8,0,0,6,0,6,0,0,14,0,14,2,0,2,16
02/11/2009,MKL,TN,ASO,CE,Federal Contract Tower,0,0,0,0,0,0,3,1,0,4,0,3,1,0,4,0,0,0,4
02/12/2009,MKL,TN,ASO,CE,Federal Contract Tower,0,5,11,1,17,0,13,49,3,65,0,18,60,4,82,8,40,48,130
02/13/2009,MKL,TN,ASO,CE,Federal Contract Tower,0,2,4,9,15,0,2,25,20,47,0,4,29,29,62,8,42,50,112
02/14/2009,MKL,TN,ASO,CE,Federal Contract Tower,0,0,4,0,4,0,0,19,0,19,0,0,23,0,23,34,0,34,57
02/15/2009,MKL,TN,ASO,CE,Federal Contract Tower,0,0,6,0,6,0,0,33,0,33,0,0,39,0,39,48,0,48,87
02/16/2009,MKL,TN,ASO,CE,Federal Contract Tower,0,0,8,0,8,0,1,21,0,22,0,1,29,0,30,18,0,18,48
02/17/2009,MKL,TN,ASO,CE,Federal Contract Tower,0,0,4,0,4,0,0,27,0,27,0,0,31,0,31,42,0,42,73
02/18/2009,MKL,TN,ASO,CE,Federal Contract Tower,0,5,7,0,12,0,4,32,0,36,0,9,39,0,48,16,0,16,64
02/19/2009,MKL,TN,ASO,CE,Federal Contract Tower,0,0,10,2,12,0,1,24,2,27,0,1,34,4,39,12,0,12,51
02/20/2009,MKL,TN,ASO,CE,Federal Contract Tower,0,0,6,0,6,0,1,35,2,38,0,1,41,2,44,0,12,12,56
02/21/2009,MKL,TN,ASO,CE,Federal Contract Tower,0,0,3,0,3,0,1,7,0,8,0,1,10,0,11,24,0,24,35
02/22/2009,MKL,TN,ASO,CE,Federal Contract Tower,0,0,6,0,6,0,0,42,2,44,0,0,48,2,50,56,0,56,106
02/23/2009,MKL,TN,ASO,CE,Federal Contract Tower,0,0,12,0,12,0,0,54,0,54,0,0,66,0,66,24,0,24,90
02/24/2009,MKL,TN,ASO,CE,Federal Contract Tower,0,0,8,0,8,0,0,15,0,15,0,0,23,0,23,54,0,54,77
02/25/2009,MKL,TN,ASO,CE,Federal Contract Tower,0,0,10,2,12,0,0,4,1,5,0,0,14,3,17,0,0,0,17
02/26/2009,MKL,TN,ASO,CE,Federal Contract Tower,0,2,13,2,17,0,1,20,1,22,0,3,33,3,39,12,0,12,51
02/27/2009,MKL,TN,ASO,CE,Federal Contract Tower,0,0,12,0,12,0,0,7,0,7,0,0,19,0,19,2,0,2,21
02/28/2009,MKL,TN,ASO,CE,Federal Contract Tower,0,0,2,0,2,0,0,0,0,0,0,0,2,0,2,0,0,0,2
03/01/2009,MKL,TN,ASO,CE,Federal Contract Tower,0,0,12,0,12,0,0,10,2,12,0,0,22,2,24,0,0,0,24
03/02/2009,MKL,TN,ASO,CE,Federal Contract Tower,0,0,4,0,4,0,1,19,0,20,0,1,23,0,24,0,0,0,24
03/03/2009,MKL,TN,ASO,CE,Federal Contract Tower,0,0,12,0,12,0,0,34,9,43,0,0,46,9,55,60,0,60,115
03/04/2009,MKL,TN,ASO,CE,Federal Contract Tower,0,0,16,0,16,0,0,37,1,38,0,0,53,1,54,42,0,42,96
03/05/2009,MKL,TN,ASO,CE,Federal Contract Tower,0,0,9,0,9,0,1,21,3,25,0,1,30,3,34,24,6,30,64
03/06/2009,MKL,TN,ASO,CE,Federal Contract Tower,0,0,9,0,9,0,0,11,0,11,0,0,20,0,20,28,0,28,48
03/07/2009,MKL,TN,ASO,CE,Federal Contract Tower,0,2,3,2,7,0,1,25,2,28,0,3,28,4,35,4,0,4,39
03/08/2009,MKL,TN,ASO,CE,Federal Contract Tower,0,0,14,0,14,0,0,4,0,4,0,0,18,0,18,0,0,0,18
03/09/2009,MKL,TN,ASO,CE,Federal Contract Tower,0,0,7,0,7,0,2,24,0,26,0,2,31,0,33,18,0,18,51
03/10/2009,MKL,TN,ASO,CE,Federal Contract Tower,0,0,10,0,10,0,0,19,4,23,0,0,29,4,33,30,2,32,65
03/11/2009,MKL,TN,ASO,CE,Federal Contract Tower,0,2,13,0,15,0,2,20,5,27,0,4,33,5,42,4,4,8,50
03/12/2009,MKL,TN,ASO,CE,Federal Contract Tower,0,0,13,0,13,0,0,13,0,13,0,0,26,0,26,0,0,0,26
03/13/2009,MKL,TN,ASO,CE,Federal Contract Tower,0,0,11,0,11,0,4,15,6,25,0,4,26,6,36,2,24,26,62
03/14/2009,MKL,TN,ASO,CE,Federal Contract Tower,0,0,8,0,8,0,0,0,0,0,0,0,8,0,8,0,0,0,8
03/15/2009,MKL,TN,ASO,CE,Federal Contract Tower,0,0,8,0,8,0,0,4,0,4,0,0,12,0,12,28,0,28,40
03/16/2009,MKL,TN,ASO,CE,Federal Contract Tower,0,0,7,2,9,0,2,12,1,15,0,2,19,3,24,0,0,0,24
03/17/2009,MKL,TN,ASO,CE,Federal Contract Tower,0,2,10,0,12,0,0,34,2,36,0,2,44,2,48,38,2,40,88
03/18/2009,MKL,TN,ASO,CE,Federal Contract Tower,0,2,11,0,13,0,1,30,12,43,0,3,41,12,56,36,26,62,118
03/19/2009,MKL,TN,ASO,CE,Federal Contract Tower,0,0,16,1,17,0,2,21,2,25,0,2,37,3,42,4,0,4,46
03/20/2009,MKL,TN,ASO,CE,Federal Contract Tower,0,2,14,0,16,0,1,49,0,50,0,3,63,0,66,48,0,48,114
03/21/2009,MKL,TN,ASO,CE,Federal Contract Tower,0,0,7,0,7,0,0,22,0,22,0,0,29,0,29,14,0,14,43
03/22/2009,MKL,TN,ASO,CE,Federal Contract Tower,0,2,9,2,13,0,0,31,0,31,0,2,40,2,44,18,0,18,62
03/23/2009,MKL,TN,ASO,CE,Federal Contract Tower,0,0,8,1,9,0,0,26,1,27,0,0,34,2,36,12,38,50,86
03/24/2009,MKL,TN,ASO,CE,Federal Contract Tower,0,0,7,0,7,0,0,3,2,5,0,0,10,2,12,4,0,4,16
03/25/2009,MKL,TN,ASO,CE,Federal Contract Tower,0,0,16,0,16,0,4,34,3,41,0,4,50,3,57,58,0,58,115
03/26/2009,MKL,TN,ASO,CE,Federal Contract Tower,0,0,5,9,14,0,0,22,1,23,0,0,27,10,37,40,8,48,85
03/27/2009,MKL,TN,ASO,CE,Federal Contract Tower,0,0,12,0,12,0,0,13,0,13,0,0,25,0,25,0,0,0,25
03/28/2009,MKL,TN,ASO,CE,Federal Contract Tower,0,0,8,0,8,0,0,3,0,3,0,0,11,0,11,0,0,0,11
03/29/2009,MKL,TN,ASO,CE,Federal Contract Tower,0,0,14,0,14,0,0,14,0,14,0,0,28,0,28,2,0,2,30
03/30/2009,MKL,TN,ASO,CE,Federal Contract Tower,0,0,8,0,8,0,1,30,2,33,0,1,38,2,41,18,0,18,59
03/31/2009,MKL,TN,ASO,CE,Federal Contract Tower,0,0,6,0,6,0,0,3,15,18,0,0,9,15,24,0,8,8,32
04/01/2009,MKL,TN,ASO,CE,Federal Contract Tower,0,0,11,0,11,0,0,26,2,28,0,0,37,2,39,0,0,0,39
04/02/2009,MKL,TN,ASO,CE,Federal Contract Tower,0,1,6,1,8,0,0,0,0,0,0,1,6,1,8,8,2,10,18
04/03/2009,MKL,TN,ASO,CE,Federal Contract Tower,0,0,10,0,10,0,2,44,2,48,0,2,54,2,58,52,0,52,110
04/04/2009,MKL,TN,ASO,CE,Federal Contract Tower,0,0,7,0,7,0,0,64,14,78,0,0,71,14,85,70,8,78,163
04/05/2009,MKL,TN,ASO,CE,Federal Contract Tower,0,0,6,0,6,0,0,2,8,10,0,0,8,8,16,0,4,4,20
04/06/2009,MKL,TN,ASO,CE,Federal Contract Tower,0,0,3,0,3,0,0,0,8,8,0,0,3,8,11,0,0,0,11
04/07/2009,MKL,TN,ASO,CE,Federal Contract Tower,0,0,6,0,6,0,0,17,0,17,0,0,23,0,23,10,0,10,33
04/08/2009,MKL,TN,ASO,CE,Federal Contract Tower,0,2,14,4,20,0,2,37,8,47,0,4,51,12,67,12,20,32,99
04/09/2009,MKL,TN,ASO,CE,Federal Contract Tower,0,0,20,0,20,0,3,46,3,52,0,3,66,3,72,22,0,22,94
04/10/2009,MKL,TN,ASO,CE,Federal Contract Tower,0,0,4,0,4,0,2,8,0,10,0,2,12,0,14,4,0,4,18
04/11/2009,MKL,TN,ASO,CE,Federal Contract Tower,0,0,2,0,2,0,0,27,0,27,0,0,29,0,29,18,0,18,47
04/12/2009,MKL,TN,ASO,CE,Federal Contract Tower,0,0,6,0,6,0,0,9,0,9,0,0,15,0,15,0,0,0,15
04/13/2009,MKL,TN,ASO,CE,Federal Contract Tower,0,0,19,0,19,0,1,18,0,19,0,1,37,0,38,0,0,0,38
04/14/2009,MKL,TN,ASO,CE,Federal Contract Tower,0,1,15,2,18,0,0,13,6,19,0,1,28,8,37,24,0,24,61
04/15/2009,MKL,TN,ASO,CE,Federal Contract Tower,0,0,13,7,20,0,0,38,7,45,0,0,51,14,65,86,32,118,183
04/16/2009,MKL,TN,ASO,CE,Federal Contract Tower,0,0,5,5,10,0,1,51,7,59,0,1,56,12,69,86,14,100,169
04/17/2009,MKL,TN,ASO,CE,Federal Contract Tower,0,0,8,0,8,0,0,34,0,34,0,0,42,0,42,94,0,94,136
04/18/2009,MKL,TN,ASO,CE,Federal Contract Tower,0,0,1,0,1,0,0,4,4,8,0,0,5,4,9,74,0,74,83
04/19/2009,MKL,TN,ASO,CE,Federal Contract Tower,0,0,8,0,8,0,2,9,0,11,0,2,17,0,19,0,0,0,19
04/20/2009,MKL,TN,ASO,CE,Federal Contract Tower,0,1,10,0,11,0,0,20,2,22,0,1,30,2,33,16,8,24,57
04/21/2009,MKL,TN,ASO,CE,Federal Contract Tower,0,0,7,2,9,0,0,13,11,24,0,0,20,13,33,70,0,70,103
04/22/2009,MKL,TN,ASO,CE,Federal Contract Tower,0,1,6,0,7,0,0,26,5,31,0,1,32,5,38,42,0,42,80
04/23/2009,MKL,TN,ASO,CE,Federal Contract Tower,0,0,11,0,11,0,0,37,2,39,0,0,48,2,50,68,0,68,118
04/24/2009,MKL,TN,ASO,CE,Federal Contract Tower,0,0,16,8,24,0,0,57,16,73,0,0,73,24,97,128,22,150,247
04/25/2009,MKL,TN,ASO,CE,Federal Contract Tower,0,1,7,0,8,0,1,42,0,43,0,2,49,0,51,34,0,34,85
04/26/2009,MKL,TN,ASO,CE,Federal Contract Tower,0,0,18,0,18,0,4,20,0,24,0,4,38,0,42,0,0,0,42
04/27/2009,MKL,TN,ASO,CE,Federal Contract Tower,0,0,0,0,0,0,1,28,5,34,0,1,28,5,34,58,2,60,94
04/28/2009,MKL,TN,ASO,CE,Federal Contract Tower,0,0,9,0,9,0,8,30,1,39,0,8,39,1,48,126,0,126,174
04/29/2009,MKL,TN,ASO,CE,Federal Contract Tower,0,0,8,0,8,0,0,26,0,26,0,0,34,0,34,44,0,44,78
04/30/2009,MKL,TN,ASO,CE,Federal Contract Tower,0,1,4,0,5,0,1,25,4,30,0,2,29,4,35,74,0,74,109
05/01/2009,MKL,TN,ASO,CE,Federal Contract Tower,0,3,17,1,21,0,3,27,1,31,0,6,44,2,52,70,0,70,122
05/02/2009,MKL,TN,ASO,CE,Federal Contract Tower,0,0,3,0,3,0,0,0,0,0,0,0,3,0,3,8,0,8,11
05/03/2009,MKL,TN,ASO,CE,Federal Contract Tower,0,0,5,0,5,0,0,0,0,0,0,0,5,0,5,0,0,0,5
05/04/2009,MKL,TN,ASO,CE,Federal Contract Tower,0,2,12,2,16,0,1,8,4,13,0,3,20,6,29,34,4,38,67
05/05/2009,MKL,TN,ASO,CE,Federal Contract Tower,0,4,8,0,12,0,0,19,2,21,0,4,27,2,33,16,6,22,55
05/06/2009,MKL,TN,ASO,CE,Federal Contract Tower,0,3,4,2,9,0,3,20,0,23,0,6,24,2,32,70,2,72,104
05/07/2009,MKL,TN,ASO,CE,Federal Contract Tower,0,0,11,1,12,0,12,48,7,67,0,12,59,8,79,32,40,72,151
05/08/2009,MKL,TN,ASO,CE,Federal Contract Tower,0,0,8,0,8,0,1,28,0,29,0,1,36,0,37,18,0,18,55
05/09/2009,MKL,TN,ASO,CE,Federal Contract Tower,0,0,3,0,3,0,0,12,0,12,0,0,15,0,15,38,0,38,53
05/10/2009,MKL,TN,ASO,CE,Federal Contract Tower,0,0,1,0,1,0,0,4,0,4,0,0,5,0,5,4,0,4,9
05/11/2009,MKL,TN,ASO,CE,Federal Contract Tower,0,0,16,0,16,0,0,32,0,32,0,0,48,0,48,12,0,12,60
05/12/2009,MKL,TN,ASO,CE,Federal Contract Tower,0,0,12,0,12,0,2,45,0,47,0,2,57,0,59,38,0,38,97
05/13/2009,MKL,TN,ASO,CE,Federal Contract Tower,0,2,9,0,11,0,3,14,0,17,0,5,23,0,28,2,0,2,30
05/14/2009,MKL,TN,ASO,CE,Federal Contract Tower,0,0,5,0,5,0,1,9,2,12,0,1,14,2,17,34,0,34,51
05/15/2009,MKL,TN,ASO,CE,Federal Contract Tower,0,2,12,0,14,0,1,26,2,29,0,3,38,2,43,6,0,6,49
05/16/2009,MKL,TN,ASO,CE,Federal Contract Tower,0,0,3,0,3,0,0,8,3,11,0,0,11,3,14,4,0,4,18
05/17/2009,MKL,TN,ASO,CE,Federal Contract Tower,0,0,9,0,9,0,0,33,4,37,0,0,42,4,46,10,0,10,56
05/18/2009,MKL,TN,ASO,CE,Federal Contract Tower,0,0,19,0,19,0,2,46,0,48,0,2,65,0,67,4,0,4,71
05/19/2009,MKL,TN,ASO,CE,Federal Contract Tower,0,0,15,1,16,0,0,36,7,43,0,0,51,8,59,44,0,44,103
05/20/2009,MKL,TN,ASO,CE,Federal Contract Tower,0,0,14,0,14,0,0,33,5,38,0,0,47,5,52,12,6,18,70
05/21/2009,MKL,TN,ASO,CE,Federal Contract Tower,0,1,12,0,13,0,1,35,12,48,0,2,47,12,61,24,4,28,89
05/22/2009,MKL,TN,ASO,CE,Federal Contract Tower,0,0,17,1,18,0,6,52,7,65,0,6,69,8,83,58,4,62,145
05/23/2009,MKL,TN,ASO,CE,Federal Contract Tower,0,2,3,0,5,0,2,14,1,17,0,4,17,1,22,18,0,18,40
05/24/2009,MKL,TN,ASO,CE,Federal Contract Tower,0,0,11,0,11,0,0,1,0,1,0,0,12,0,12,0,0,0,12
05/25/2009,MKL,TN,ASO,CE,Federal Contract Tower,0,2,3,0,5,0,0,8,0,8,0,2,11,0,13,18,0,18,31
05/26/2009,MKL,TN,ASO,CE,Federal Contract Tower,0,0,7,0,7,0,0,6,0,6,0,0,13,0,13,50,0,50,63
05/27/2009,MKL,TN,ASO,CE,Federal Contract Tower,0,0,10,0,10,0,0,10,0,10,0,0,20,0,20,2,0,2,22
05/28/2009,MKL,TN,ASO,CE,Federal Contract Tower,0,0,14,0,14,0,0,24,2,26,0,0,38,2,40,18,0,18,58
05/29/2009,MKL,TN,ASO,CE,Federal Contract Tower,0,0,11,0,11,0,1,44,14,59,0,1,55,14,70,40,8,48,118
05/30/2009,MKL,TN,ASO,CE,Federal Contract Tower,0,0,2,0,2,0,0,50,1,51,0,0,52,1,53,20,0,20,73
05/31/2009,MKL,TN,ASO,CE,Federal Contract Tower,0,0,5,0,5,0,0,24,0,24,0,0,29,0,29,0,0,0,29
06/01/2009,MKL,TN,ASO,CE,Federal Contract Tower,0,1,7,2,10,0,3,13,3,19,0,4,20,5,29,72,20,92,121
06/02/2009,MKL,TN,ASO,CE,Federal Contract Tower,0,0,8,0,8,0,2,49,3,54,0,2,57,3,62,58,0,58,120
06/03/2009,MKL,TN,ASO,CE,Federal Contract Tower,0,2,11,0,13,0,9,39,2,50,0,11,50,2,63,54,0,54,117
06/04/2009,MKL,TN,ASO,CE,Federal Contract Tower,0,0,19,2,21,0,0,9,2,11,0,0,28,4,32,0,0,0,32
06/05/2009,MKL,TN,ASO,CE,Federal Contract Tower,0,0,11,0,11,0,6,68,5,79,0,6,79,5,90,86,0,86,176
06/06/2009,MKL,TN,ASO,CE,Federal Contract Tower,0,0,6,0,6,0,1,58,3,62,0,1,64,3,68,50,0,50,118
06/07/2009,MKL,TN,ASO,CE,Federal Contract Tower,0,0,15,0,15,0,6,48,2,56,0,6,63,2,71,16,0,16,87
06/08/2009,MKL,TN,ASO,CE,Federal Contract Tower,0,2,6,1,9,0,0,9,4,13,0,2,15,5,22,6,2,8,30
06/09/2009,MKL,TN,ASO,CE,Federal Contract Tower,0,0,13,0,13,0,0,41,3,44,0,0,54,3,57,46,0,46,103
06/10/2009,MKL,TN,ASO,CE,Federal Contract Tower,0,0,15,0,15,0,1,33,2,36,0,1,48,2,51,28,0,28,79
06/11/2009,MKL,TN,ASO,CE,Federal Contract Tower,0,0,6,0,6,0,7,22,4,33,0,7,28,4,39,42,0,42,81
06/12/2009,MKL,TN,ASO,CE,Federal Contract Tower,0,0,9,1,10,0,0,16,0,16,0,0,25,1,26,12,0,12,38
06/13/2009,MKL,TN,ASO,CE,Federal Contract Tower,0,0,8,0,8,0,2,22,4,28,0,2,30,4,36,8,0,8,44
06/14/2009,MKL,TN,ASO,CE,Federal Contract Tower,0,2,7,0,9,0,2,15,0,17,0,4,22,0,26,8,0,8,34
06/15/2009,MKL,TN,ASO,CE,Federal Contract Tower,0,0,7,0,7,0,0,8,0,8,0,0,15,0,15,38,0,38,53
06/16/2009,MKL,TN,ASO,CE,Federal Contract Tower,0,0,11,2,13,0,4,21,2,27,0,4,32,4,40,38,4,42,82
06/17/2009,MKL,TN,ASO,CE,Federal Contract Tower,0,0,19,0,19,0,0,40,4,44,0,0,59,4,63,42,0,42,105
06/18/2009,MKL,TN,ASO,CE,Federal Contract Tower,0,0,12,0,12,0,0,54,1,55,0,0,66,1,67,102,0,102,169
06/19/2009,MKL,TN,ASO,CE,Federal Contract Tower,0,1,17,4,22,0,1,42,10,53,0,2,59,14,75,32,2,34,109
06/20/2009,MKL,TN,ASO,CE,Federal Contract Tower,0,1,5,0,6,0,3,52,0,55,0,4,57,0,61,28,0,28,89
06/21/2009,MKL,TN,ASO,CE,Federal Contract Tower,0,0,8,2,10,0,0,13,2,15,0,0,21,4,25,0,4,4,29
06/22/2009,MKL,TN,ASO,CE,Federal Contract Tower,0,0,11,0,11,0,0,20,2,22,0,0,31,2,33,46,10,56,89
06/23/2009,MKL,TN,ASO,CE,Federal Contract Tower,0,2,8,0,10,0,3,25,3,31,0,5,33,3,41,52,0,52,93
06/24/2009,MKL,TN,ASO,CE,Federal Contract Tower,2,1,6,1,10,0,5,47,8,60,2,6,53,9,70,48,16,64,134
06/25/2009,MKL,TN,ASO,CE,Federal Contract Tower,0,0,15,0,15,0,1,57,4,62,0,1,72,4,77,62,0,62,139
06/26/2009,MKL,TN,ASO,CE,Federal Contract Tower,0,0,13,3,16,0,0,47,5,52,0,0,60,8,68,48,0,48,116
06/27/2009,MKL,TN,ASO,CE,Federal Contract Tower,0,0,3,0,3,0,4,24,0,28,0,4,27,0,31,12,0,12,43
06/28/2009,MKL,TN,ASO,CE,Federal Contract Tower,0,0,2,0,2,0,0,28,0,28,0,0,30,0,30,20,0,20,50
06/29/2009,MKL,TN,ASO,CE,Federal Contract Tower,0,0,2,0,2,0,0,38,0,38,0,0,40,0,40,40,0,40,80
06/30/2009,MKL,TN,ASO,CE,Federal Contract Tower,0,0,8,1,9,0,0,43,6,49,0,0,51,7,58,86,0,86,144
07/01/2009,MKL,TN,ASO,CE,Federal Contract Tower,0,0,7,0,7,0,0,56,10,66,0,0,63,10,73,148,0,148,221
07/02/2009,MKL,TN,ASO,CE,Federal Contract Tower,0,1,18,0,19,0,2,54,0,56,0,3,72,0,75,50,0,50,125
07/03/2009,MKL,TN,ASO,CE,Federal Contract Tower,0,0,8,0,8,0,0,27,0,27,0,0,35,0,35,4,0,4,39
07/04/2009,MKL,TN,ASO,CE,Federal Contract Tower,0,0,1,0,1,0,0,8,3,11,0,0,9,3,12,0,0,0,12
07/05/2009,MKL,TN,ASO,CE,Federal Contract Tower,0,0,16,0,16,0,0,2,0,2,0,0,18,0,18,0,0,0,18
07/06/2009,MKL,TN,ASO,CE,Federal Contract Tower,0,0,12,0,12,0,0,2,0,2,0,0,14,0,14,4,0,4,18
07/07/2009,MKL,TN,ASO,CE,Federal Contract Tower,0,0,8,0,8,0,0,31,0,31,0,0,39,0,39,46,0,46,85
07/08/2009,MKL,TN,ASO,CE,Federal Contract Tower,0,6,4,0,10,0,5,53,63,121,0,11,57,63,131,26,18,44,175
07/09/2009,MKL,TN,ASO,CE,Federal Contract Tower,0,0,8,0,8,0,1,54,6,61,0,1,62,6,69,44,4,48,117
07/10/2009,MKL,TN,ASO,CE,Federal Contract Tower,0,0,15,0,15,0,4,51,2,57,0,4,66,2,72,36,0,36,108
07/11/2009,MKL,TN,ASO,CE,Federal Contract Tower,0,1,9,0,10,0,9,27,4,40,0,10,36,4,50,8,4,12,62
07/12/2009,MKL,TN,ASO,CE,Federal Contract Tower,0,0,5,0,5,0,0,10,4,14,0,0,15,4,19,8,0,8,27
07/13/2009,MKL,TN,ASO,CE,Federal Contract Tower,0,0,10,0,10,0,0,19,2,21,0,0,29,2,31,8,0,8,39
07/14/2009,MKL,TN,ASO,CE,Federal Contract Tower,0,0,9,0,9,0,0,28,2,30,0,0,37,2,39,22,0,22,61
07/15/2009,MKL,TN,ASO,CE,Federal Contract Tower,0,0,13,3,16,0,0,30,3,33,0,0,43,6,49,8,6,14,63
07/16/2009,MKL,TN,ASO,CE,Federal Contract Tower,0,1,9,0,10,0,1,21,2,24,0,2,30,2,34,14,0,14,48
07/17/2009,MKL,TN,ASO,CE,Federal Contract Tower,0,0,5,0,5,0,4,36,4,44,0,4,41,4,49,42,2,44,93
07/18/2009,MKL,TN,ASO,CE,Federal Contract Tower,0,0,3,0,3,0,0,57,0,57,0,0,60,0,60,24,0,24,84
07/19/2009,MKL,TN,ASO,CE,Federal Contract Tower,0,0,6,0,6,0,0,23,0,23,0,0,29,0,29,12,0,12,41
07/20/2009,MKL,TN,ASO,CE,Federal Contract Tower,0,0,14,0,14,0,0,18,2,20,0,0,32,2,34,12,0,12,46
07/21/2009,MKL,TN,ASO,CE,Federal Contract Tower,0,0,14,0,14,0,0,10,0,10,0,0,24,0,24,4,0,4,28
07/22/2009,MKL,TN,ASO,CE,Federal Contract Tower,0,0,8,11,19,0,0,8,2,10,0,0,16,13,29,2,26,28,57
07/23/2009,MKL,TN,ASO,CE,Federal Contract Tower,0,0,9,0,9,0,8,75,23,106,0,8,84,23,115,72,34,106,221
07/24/2009,MKL,TN,ASO,CE,Federal Contract Tower,0,0,24,3,27,0,4,65,4,73,0,4,89,7,100,26,2,28,128
07/25/2009,MKL,TN,ASO,CE,Federal Contract Tower,0,0,4,0,4,0,4,32,0,36,0,4,36,0,40,18,0,18,58
07/26/2009,MKL,TN,ASO,CE,Federal Contract Tower,0,0,9,3,12,0,0,12,0,12,0,0,21,3,24,0,0,0,24
07/27/2009,MKL,TN,ASO,CE,Federal Contract Tower,0,0,3,2,5,0,0,26,2,28,0,0,29,4,33,0,4,4,37
07/28/2009,MKL,TN,ASO,CE,Federal Contract Tower,0,0,12,0,12,0,0,10,0,10,0,0,22,0,22,0,0,0,22
07/29/2009,MKL,TN,ASO,CE,Federal Contract Tower,0,0,7,1,8,0,5,25,1,31,0,5,32,2,39,36,24,60,99
07/30/2009,MKL,TN,ASO,CE,Federal Contract Tower,0,0,13,1,14,0,2,18,1,21,0,2,31,2,35,0,0,0,35
07/31/2009,MKL,TN,ASO,CE,Federal Contract Tower,0,0,8,5,13,0,1,57,11,69,0,1,65,16,82,76,12,88,170
08/01/2009,MKL,TN,ASO,CE,Federal Contract Tower,0,2,7,0,9,0,2,9,4,15,0,4,16,4,24,0,0,0,24
08/02/2009,MKL,TN,ASO,CE,Federal Contract Tower,0,0,16,0,16,0,0,12,10,22,0,0,28,10,38,0,0,0,38
08/03/2009,MKL,TN,ASO,CE,Federal Contract Tower,0,0,2,2,4,0,1,37,2,40,0,1,39,4,44,8,0,8,52
08/04/2009,MKL,TN,ASO,CE,Federal Contract Tower,0,0,12,0,12,0,0,28,1,29,0,0,40,1,41,8,4,12,53
08/05/2009,MKL,TN,ASO,CE,Federal Contract Tower,0,1,13,0,14,0,2,20,0,22,0,3,33,0,36,22,0,22,58
08/06/2009,MKL,TN,ASO,CE,Federal Contract Tower,0,4,11,0,15,0,0,22,2,24,0,4,33,2,39,16,0,16,55
08/07/2009,MKL,TN,ASO,CE,Federal Contract Tower,0,0,13,0,13,0,0,27,1,28,0,0,40,1,41,2,2,4,45
08/08/2009,MKL,TN,ASO,CE,Federal Contract Tower,0,0,5,0,5,0,0,16,2,18,0,0,21,2,23,14,0,14,37
08/09/2009,MKL,TN,ASO,CE,Federal Contract Tower,0,0,8,0,8,0,0,15,0,15,0,0,23,0,23,0,0,0,23
08/10/2009,MKL,TN,ASO,CE,Federal Contract Tower,0,1,5,0,6,0,4,30,0,34,0,5,35,0,40,4,0,4,44
08/11/2009,MKL,TN,ASO,CE,Federal Contract Tower,0,4,11,0,15,0,0,11,0,11,0,4,22,0,26,14,0,14,40
08/12/2009,MKL,TN,ASO,CE,Federal Contract Tower,0,1,9,0,10,0,0,18,4,22,0,1,27,4,32,5,2,7,39
08/13/2009,MKL,TN,ASO,CE,Federal Contract Tower,0,6,11,0,17,0,0,34,2,36,0,6,45,2,53,0,6,6,59
08/14/2009,MKL,TN,ASO,CE,Federal Contract Tower,0,0,13,0,13,0,2,19,0,21,0,2,32,0,34,2,0,2,36
08/15/2009,MKL,TN,ASO,CE,Federal Contract Tower,0,1,3,0,4,0,0,30,0,30,0,1,33,0,34,0,0,0,34
08/16/2009,MKL,TN,ASO,CE,Federal Contract Tower,0,0,7,0,7,0,0,16,0,16,0,0,23,0,23,2,0,2,25
08/17/2009,MKL,TN,ASO,CE,Federal Contract Tower,0,0,8,0,8,0,0,13,0,13,0,0,21,0,21,12,0,12,33
08/18/2009,MKL,TN,ASO,CE,Federal Contract Tower,0,4,7,0,11,0,0,11,0,11,0,4,18,0,22,0,0,0,22
08/19/2009,MKL,TN,ASO,CE,Federal Contract Tower,0,13,8,1,22,0,0,15,7,22,0,13,23,8,44,16,0,16,60
08/20/2009,MKL,TN,ASO,CE,Federal Contract Tower,0,1,5,1,7,0,0,1,3,4,0,1,6,4,11,0,10,10,21
08/21/2009,MKL,TN,ASO,CE,Federal Contract Tower,0,0,14,0,14,0,1,23,0,24,0,1,37,0,38,0,0,0,38
08/22/2009,MKL,TN,ASO,CE,Federal Contract Tower,0,0,7,0,7,0,0,34,0,34,0,0,41,0,41,8,0,8,49
08/23/2009,MKL,TN,ASO,CE,Federal Contract Tower,0,0,12,0,12,0,0,22,0,22,0,0,34,0,34,0,0,0,34
08/24/2009,MKL,TN,ASO,CE,Federal Contract Tower,0,0,9,0,9,0,0,43,0,43,0,0,52,0,52,32,0,32,84
08/25/2009,MKL,TN,ASO,CE,Federal Contract Tower,0,5,7,0,12,0,0,24,4,28,0,5,31,4,40,0,0,0,40
08/26/2009,MKL,TN,ASO,CE,Federal Contract Tower,0,2,6,0,8,0,0,17,2,19,0,2,23,2,27,8,0,8,35
08/27/2009,MKL,TN,ASO,CE,Federal Contract Tower,1,5,7,0,13,0,0,18,4,22,1,5,25,4,35,8,0,8,43
08/28/2009,MKL,TN,ASO,CE,Federal Contract Tower,0,3,8,2,13,0,0,11,0,11,0,3,19,2,24,0,0,0,24
08/29/2009,MKL,TN,ASO,CE,Federal Contract Tower,0,0,7,0,7,0,0,8,0,8,0,0,15,0,15,0,0,0,15
08/30/2009,MKL,TN,ASO,CE,Federal Contract Tower,0,2,5,10,17,0,1,30,0,31,0,3,35,10,48,8,0,8,56
08/31/2009,MKL,TN,ASO,CE,Federal Contract Tower,0,2,5,4,11,0,10,13,0,23,0,12,18,4,34,6,0,6,40
09/01/2009,MKL,TN,ASO,CE,Federal Contract Tower,0,3,4,0,7,0,1,33,0,34,0,4,37,0,41,10,0,10,51
09/02/2009,MKL,TN,ASO,CE,Federal Contract Tower,0,4,13,1,18,0,0,7,4,11,0,4,20,5,29,10,0,10,39
09/03/2009,MKL,TN,ASO,CE,Federal Contract Tower,0,3,17,4,24,0,0,16,3,19,0,3,33,7,43,0,0,0,43
09/04/2009,MKL,TN,ASO,CE,Federal Contract Tower,2,3,17,1,23,0,2,11,1,14,2,5,28,2,37,2,0,2,39
09/05/2009,MKL,TN,ASO,CE,Federal Contract Tower,0,3,4,0,7,0,0,15,0,15,0,3,19,0,22,24,0,24,46
09/06/2009,MKL,TN,ASO,CE,Federal Contract Tower,0,2,6,0,8,0,0,15,0,15,0,2,21,0,23,0,0,0,23
09/07/2009,MKL,TN,ASO,CE,Federal Contract Tower,0,3,11,0,14,0,1,12,0,13,0,4,23,0,27,4,0,4,31
09/08/2009,MKL,TN,ASO,CE,Federal Contract Tower,0,7,12,0,19,0,3,18,0,21,0,10,30,0,40,0,0,0,40
09/09/2009,MKL,TN,ASO,CE,Federal Contract Tower,0,3,12,2,17,0,1,15,34,50,0,4,27,36,67,8,0,8,75
09/10/2009,MKL,TN,ASO,CE,Federal Contract Tower,0,4,7,0,11,0,2,19,6,27,0,6,26,6,38,24,0,24,62
09/11/2009,MKL,TN,ASO,CE,Federal Contract Tower,0,4,11,0,15,0,0,7,0,7,0,4,18,0,22,2,0,2,24
09/12/2009,MKL,TN,ASO,CE,Federal Contract Tower,0,2,20,0,22,0,0,12,4,16,0,2,32,4,38,6,0,6,44
09/13/2009,MKL,TN,ASO,CE,Federal Contract Tower,0,3,6,0,9,0,0,24,2,26,0,3,30,2,35,0,0,0,35
09/14/2009,MKL,TN,ASO,CE,Federal Contract Tower,0,4,10,0,14,0,0,5,0,5,0,4,15,0,19,0,0,0,19
09/15/2009,MKL,TN,ASO,CE,Federal Contract Tower,0,5,18,0,23,0,0,0,0,0,0,5,18,0,23,4,0,4,27
09/16/2009,MKL,TN,ASO,CE,Federal Contract Tower,0,4,16,2,22,0,0,2,0,2,0,4,18,2,24,0,0,0,24
09/17/2009,MKL,TN,ASO,CE,Federal Contract Tower,0,4,8,11,23,0,0,3,2,5,0,4,11,13,28,48,10,58,86
09/18/2009,MKL,TN,ASO,CE,Federal Contract Tower,0,4,14,2,20,0,0,1,0,1,0,4,15,2,21,0,0,0,21
09/19/2009,MKL,TN,ASO,CE,Federal Contract Tower,0,3,8,0,11,0,0,6,0,6,0,3,14,0,17,0,0,0,17
09/20/2009,MKL,TN,ASO,CE,Federal Contract Tower,0,2,13,0,15,0,0,4,0,4,0,2,17,0,19,0,0,0,19
09/21/2009,MKL,TN,ASO,CE,Federal Contract Tower,0,6,11,0,17,0,0,7,2,9,0,6,18,2,26,0,0,0,26
09/22/2009,MKL,TN,ASO,CE,Federal Contract Tower,0,6,11,0,17,0,2,4,4,10,0,8,15,4,27,8,0,8,35
09/23/2009,MKL,TN,ASO,CE,Federal Contract Tower,0,4,15,0,19,0,0,2,2,4,0,4,17,2,23,0,0,0,23
09/24/2009,MKL,TN,ASO,CE,Federal Contract Tower,0,8,15,4,27,0,0,0,4,4,0,8,15,8,31,2,0,2,33
09/25/2009,MKL,TN,ASO,CE,Federal Contract Tower,0,4,20,6,30,0,0,4,0,4,0,4,24,6,34,0,0,0,34
09/26/2009,MKL,TN,ASO,CE,Federal Contract Tower,0,3,11,0,14,0,0,3,0,3,0,3,14,0,17,2,0,2,19
09/27/2009,MKL,TN,ASO,CE,Federal Contract Tower,0,2,10,0,12,0,0,41,0,41,0,2,51,0,53,4,0,4,57
09/28/2009,MKL,TN,ASO,CE,Federal Contract Tower,0,3,5,2,10,0,0,27,0,27,0,3,32,2,37,0,0,0,37
09/29/2009,MKL,TN,ASO,CE,Federal Contract Tower,0,2,7,0,9,0,4,42,2,48,0,6,49,2,57,10,2,12,69
09/30/2009,MKL,TN,ASO,CE,Federal Contract Tower,0,4,12,0,16,0,0,20,28,48,0,4,32,28,64,8,0,8,72
10/01/2009,MKL,TN,ASO,CE,Federal Contract Tower,0,4,6,2,12,0,2,33,3,38,0,6,39,5,50,8,0,8,58
10/02/2009,MKL,TN,ASO,CE,Federal Contract Tower,0,5,11,0,16,0,2,28,6,36,0,7,39,6,52,2,0,2,54
10/03/2009,MKL,TN,ASO,CE,Federal Contract Tower,0,2,6,0,8,0,0,30,6,36,0,2,36,6,44,10,6,16,60
10/04/2009,MKL,TN,ASO,CE,Federal Contract Tower,0,4,8,0,12,0,0,3,1,4,0,4,11,1,16,0,0,0,16
10/05/2009,MKL,TN,ASO,CE,Federal Contract Tower,0,4,5,0,9,0,0,4,0,4,0,4,9,0,13,0,0,0,13
10/06/2009,MKL,TN,ASO,CE,Federal Contract Tower,0,4,14,0,18,0,0,0,0,0,0,4,14,0,18,0,0,0,18
10/07/2009,MKL,TN,ASO,CE,Federal Contract Tower,0,3,9,0,12,0,1,35,14,50,0,4,44,14,62,8,0,8,70
10/08/2009,MKL,TN,ASO,CE,Federal Contract Tower,0,4,11,0,15,0,0,9,0,9,0,4,20,0,24,4,0,4,28
10/09/2009,MKL,TN,ASO,CE,Federal Contract Tower,0,7,11,0,18,0,0,0,0,0,0,7,11,0,18,0,0,0,18
10/10/2009,MKL,TN,ASO,CE,Federal Contract Tower,0,5,13,0,18,0,0,4,0,4,0,5,17,0,22,6,0,6,28
10/11/2009,MKL,TN,ASO,CE,Federal Contract Tower,0,2,12,0,14,0,0,47,0,47,0,2,59,0,61,4,0,4,65
10/12/2009,MKL,TN,ASO,CE,Federal Contract Tower,0,4,8,2,14,0,0,1,3,4,0,4,9,5,18,12,0,12,30
10/13/2009,MKL,TN,ASO,CE,Federal Contract Tower,0,8,12,4,24,0,0,0,0,0,0,8,12,4,24,0,0,0,24
10/14/2009,MKL,TN,ASO,CE,Federal Contract Tower,0,5,11,0,16,0,0,0,0,0,0,5,11,0,16,0,0,0,16
10/15/2009,MKL,TN,ASO,CE,Federal Contract Tower,0,8,9,0,17,0,0,0,2,2,0,8,9,2,19,2,0,2,21
10/16/2009,MKL,TN,ASO,CE,Federal Contract Tower,0,6,23,0,29,0,0,8,0,8,0,6,31,0,37,0,0,0,37
10/17/2009,MKL,TN,ASO,CE,Federal Contract Tower,0,4,7,0,11,0,0,3,2,5,0,4,10,2,16,0,2,2,18
10/18/2009,MKL,TN,ASO,CE,Federal Contract Tower,0,0,8,0,8,0,3,32,2,37,0,3,40,2,45,4,0,4,49
10/19/2009,MKL,TN,ASO,CE,Federal Contract Tower,0,1,10,0,11,0,3,12,0,15,0,4,22,0,26,26,0,26,52
10/20/2009,MKL,TN,ASO,CE,Federal Contract Tower,0,1,13,0,14,0,3,26,0,29,0,4,39,0,43,4,0,4,47
10/21/2009,MKL,TN,ASO,CE,Federal Contract Tower,0,3,14,0,17,0,0,33,0,33,0,3,47,0,50,22,0,22,72
10/22/2009,MKL,TN,ASO,CE,Federal Contract Tower,0,3,9,1,13,0,0,0,4,4,0,3,9,5,17,0,2,2,19
10/23/2009,MKL,TN,ASO,CE,Federal Contract Tower,0,6,18,0,24,0,0,7,0,7,0,6,25,0,31,0,0,0,31
10/24/2009,MKL,TN,ASO,CE,Federal Contract Tower,0,1,5,0,6,0,1,12,0,13,0,2,17,0,19,12,0,12,31
10/25/2009,MKL,TN,ASO,CE,Federal Contract Tower,0,1,10,0,11,0,1,32,0,33,0,2,42,0,44,0,0,0,44
10/26/2009,MKL,TN,ASO,CE,Federal Contract Tower,0,0,4,0,4,0,4,25,0,29,0,4,29,0,33,22,0,22,55
10/27/2009,MKL,TN,ASO,CE,Federal Contract Tower,0,4,10,0,14,0,0,0,0,0,0,4,10,0,14,0,0,0,14
10/28/2009,MKL,TN,ASO,CE,Federal Contract Tower,0,4,12,0,16,0,0,16,0,16,0,4,28,0,32,16,0,16,48
10/29/2009,MKL,TN,ASO,CE,Federal Contract Tower,0,5,12,0,17,0,0,3,0,3,0,5,15,0,20,14,0,14,34
10/30/2009,MKL,TN,ASO,CE,Federal Contract Tower,0,3,9,0,12,0,0,0,0,0,0,3,9,0,12,0,0,0,12
10/31/2009,MKL,TN,ASO,CE,Federal Contract Tower,0,4,4,0,8,0,2,19,0,21,0,6,23,0,29,2,0,2,31
11/01/2009,MKL,TN,ASO,CE,Federal Contract Tower,0,1,17,0,18,0,1,40,0,41,0,2,57,0,59,4,0,4,63
11/02/2009,MKL,TN,ASO,CE,Federal Contract Tower,0,1,13,0,14,0,3,19,0,22,0,4,32,0,36,14,8,22,58
11/03/2009,MKL,TN,ASO,CE,Federal Contract Tower,0,1,18,0,19,0,3,17,4,24,0,4,35,4,43,14,0,14,57
11/04/2009,MKL,TN,ASO,CE,Federal Contract Tower,0,2,8,0,10,0,2,19,0,21,0,4,27,0,31,10,0,10,41
11/05/2009,MKL,TN,ASO,CE,Federal Contract Tower,0,5,16,0,21,0,3,31,2,36,0,8,47,2,57,12,0,12,69
11/06/2009,MKL,TN,ASO,CE,Federal Contract Tower,0,2,13,0,15,0,3,29,2,34,0,5,42,2,49,12,0,12,61
11/07/2009,MKL,TN,ASO,CE,Federal Contract Tower,0,1,3,0,4,0,1,16,2,19,0,2,19,2,23,2,84,86,109
11/08/2009,MKL,TN,ASO,CE,Federal Contract Tower,0,4,16,2,22,0,2,26,2,30,0,6,42,4,52,0,0,0,52
11/09/2009,MKL,TN,ASO,CE,Federal Contract Tower,0,0,2,0,2,0,5,4,0,9,0,5,6,0,11,4,0,4,15
11/10/2009,MKL,TN,ASO,CE,Federal Contract Tower,0,2,6,4,12,0,3,8,0,11,0,5,14,4,23,8,28,36,59
11/11/2009,MKL,TN,ASO,CE,Federal Contract Tower,0,5,6,0,11,0,2,28,2,32,0,7,34,2,43,12,0,12,55
11/12/2009,MKL,TN,ASO,CE,Federal Contract Tower,0,3,18,0,21,0,4,11,4,19,0,7,29,4,40,2,0,2,42
11/13/2009,MKL,TN,ASO,CE,Federal Contract Tower,0,1,15,0,16,0,3,27,2,32,0,4,42,2,48,22,0,22,70
11/14/2009,MKL,TN,ASO,CE,Federal Contract Tower,0,1,2,0,3,0,1,24,0,25,0,2,26,0,28,10,0,10,38
11/15/2009,MKL,TN,ASO,CE,Federal Contract Tower,0,5,25,0,30,0,0,31,0,31,0,5,56,0,61,18,0,18,79
11/16/2009,MKL,TN,ASO,CE,Federal Contract Tower,0,4,9,0,13,0,0,1,0,1,0,4,10,0,14,0,0,0,14
11/17/2009,MKL,TN,ASO,CE,Federal Contract Tower,0,3,10,0,13,0,1,4,4,9,0,4,14,4,22,18,0,18,40
11/18/2009,MKL,TN,ASO,CE,Federal Contract Tower,0,4,5,0,9,0,0,22,0,22,0,4,27,0,31,8,0,8,39
11/19/2009,MKL,TN,ASO,CE,Federal Contract Tower,0,3,11,0,14,0,2,23,4,29,0,5,34,4,43,10,0,10,53
11/20/2009,MKL,TN,ASO,CE,Federal Contract Tower,0,1,7,0,8,0,4,14,0,18,0,5,21,0,26,8,0,8,34
11/21/2009,MKL,TN,ASO,CE,Federal Contract Tower,0,1,5,0,6,0,1,21,0,22,0,2,26,0,28,0,0,0,28
11/22/2009,MKL,TN,ASO,CE,Federal Contract Tower,0,2,7,0,9,0,0,4,0,4,0,2,11,0,13,0,0,0,13
11/23/2009,MKL,TN,ASO,CE,Federal Contract Tower,0,4,10,0,14,0,0,0,0,0,0,4,10,0,14,0,0,0,14
11/24/2009,MKL,TN,ASO,CE,Federal Contract Tower,0,4,20,0,24,0,2,4,0,6,0,6,24,0,30,4,0,4,34
11/25/2009,MKL,TN,ASO,CE,Federal Contract Tower,0,4,15,0,19,0,1,34,0,35,0,5,49,0,54,0,0,0,54
11/26/2009,MKL,TN,ASO,CE,Federal Contract Tower,0,3,3,0,6,0,1,5,0,6,0,4,8,0,12,0,0,0,12
11/27/2009,MKL,TN,ASO,CE,Federal Contract Tower,0,1,6,0,7,0,4,24,0,28,0,5,30,0,35,4,0,4,39
11/28/2009,MKL,TN,ASO,CE,Federal Contract Tower,0,1,2,0,3,0,0,37,4,41,0,1,39,4,44,8,0,8,52
11/29/2009,MKL,TN,ASO,CE,Federal Contract Tower,0,2,19,0,21,0,0,2,0,2,0,2,21,0,23,0,0,0,23
11/30/2009,MKL,TN,ASO,CE,Federal Contract Tower,0,7,10,0,17,0,1,8,0,9,0,8,18,0,26,0,0,0,26
12/01/2009,MKL,TN,ASO,CE,Federal Contract Tower,0,2,5,0,7,0,0,26,2,28,0,2,31,2,35,14,0,14,49
12/02/2009,MKL,TN,ASO,CE,Federal Contract Tower,0,3,14,2,19,0,0,0,0,0,0,3,14,2,19,0,0,0,19
12/03/2009,MKL,TN,ASO,CE,Federal Contract Tower,0,5,9,0,14,0,2,4,2,8,0,7,13,2,22,14,0,14,36
12/04/2009,MKL,TN,ASO,CE,Federal Contract Tower,2,2,11,0,15,0,1,20,2,23,2,3,31,2,38,10,0,10,48
12/05/2009,MKL,TN,ASO,CE,Federal Contract Tower,0,1,4,0,5,0,0,25,0,25,0,1,29,0,30,10,0,10,40
12/06/2009,MKL,TN,ASO,CE,Federal Contract Tower,0,3,14,0,17,0,0,20,1,21,0,3,34,1,38,6,0,6,44
12/07/2009,MKL,TN,ASO,CE,Federal Contract Tower,0,3,11,0,14,0,0,2,0,2,0,3,13,0,16,22,0,22,38
12/08/2009,MKL,TN,ASO,CE,Federal Contract Tower,0,3,15,0,18,0,0,0,0,0,0,3,15,0,18,0,0,0,18
12/09/2009,MKL,TN,ASO,CE,Federal Contract Tower,0,3,16,0,19,0,2,3,5,10,0,5,19,5,29,0,4,4,33
12/10/2009,MKL,TN,ASO,CE,Federal Contract Tower,0,0,14,2,16,0,5,22,6,33,0,5,36,8,49,32,34,66,115
12/11/2009,MKL,TN,ASO,CE,Federal Contract Tower,0,1,14,0,15,0,3,19,0,22,0,4,33,0,37,14,0,14,51
12/12/2009,MKL,TN,ASO,CE,Federal Contract Tower,0,2,5,0,7,0,1,4,0,5,0,3,9,0,12,0,0,0,12
12/13/2009,MKL,TN,ASO,CE,Federal Contract Tower,0,3,10,0,13,0,0,0,0,0,0,3,10,0,13,0,0,0,13
12/14/2009,MKL,TN,ASO,CE,Federal Contract Tower,0,3,7,0,10,0,1,6,0,7,0,4,13,0,17,8,0,8,25
12/15/2009,MKL,TN,ASO,CE,Federal Contract Tower,0,6,4,0,10,0,3,6,0,9,0,9,10,0,19,10,0,10,29
12/16/2009,MKL,TN,ASO,CE,Federal Contract Tower,0,0,19,2,21,0,4,27,0,31,0,4,46,2,52,12,0,12,64
12/17/2009,MKL,TN,ASO,CE,Federal Contract Tower,0,2,12,1,15,0,0,18,0,18,0,2,30,1,33,2,0,2,35
12/18/2009,MKL,TN,ASO,CE,Federal Contract Tower,0,3,18,4,25,0,1,22,0,23,0,4,40,4,48,16,8,24,72
12/19/2009,MKL,TN,ASO,CE,Federal Contract Tower,0,2,7,0,9,0,0,1,0,1,0,2,8,0,10,0,0,0,10
12/20/2009,MKL,TN,ASO,CE,Federal Contract Tower,0,0,3,0,3,0,3,2,0,5,0,3,5,0,8,0,0,0,8
12/21/2009,MKL,TN,ASO,CE,Federal Contract Tower,0,1,9,0,10,0,4,23,0,27,0,5,32,0,37,22,0,22,59
12/22/2009,MKL,TN,ASO,CE,Federal Contract Tower,0,3,10,0,13,0,7,27,0,34,0,10,37,0,47,30,0,30,77
12/23/2009,MKL,TN,ASO,CE,Federal Contract Tower,0,9,7,0,16,0,1,1,0,2,0,10,8,0,18,0,0,0,18
12/24/2009,MKL,TN,ASO,CE,Federal Contract Tower,0,5,0,0,5,0,0,0,0,0,0,5,0,0,5,0,0,0,5
12/25/2009,MKL,TN,ASO,CE,Federal Contract Tower,0,1,0,0,1,0,3,0,0,3,0,4,0,0,4,0,0,0,4
12/26/2009,MKL,TN,ASO,CE,Federal Contract Tower,0,2,5,0,7,0,0,4,0,4,0,2,9,0,11,0,0,0,11
12/27/2009,MKL,TN,ASO,CE,Federal Contract Tower,0,1,9,0,10,0,1,11,0,12,0,2,20,0,22,0,0,0,22
12/28/2009,MKL,TN,ASO,CE,Federal Contract Tower,0,5,3,0,8,0,1,19,0,20,0,6,22,0,28,0,0,0,28
12/29/2009,MKL,TN,ASO,CE,Federal Contract Tower,0,4,6,0,10,0,1,22,8,31,0,5,28,8,41,30,0,30,71
12/30/2009,MKL,TN,ASO,CE,Federal Contract Tower,0,2,18,0,20,0,1,1,0,2,0,3,19,0,22,0,0,0,22
12/31/2009,MKL,TN,ASO,CE,Federal Contract Tower,0,3,1,0,4,0,0,2,0,2,0,3,3,0,6,0,0,0,6
01/01/2010,MKL,TN,ASO,CE,Federal Contract Tower,0,1,5,0,6,0,2,3,0,5,0,3,8,0,11,0,0,0,11
01/02/2010,MKL,TN,ASO,CE,Federal Contract Tower,0,4,2,0,6,0,1,11,0,12,0,5,13,0,18,0,0,0,18
01/03/2010,MKL,TN,ASO,CE,Federal Contract Tower,0,1,8,0,9,0,2,4,0,6,0,3,12,0,15,0,0,0,15
01/04/2010,MKL,TN,ASO,CE,Federal Contract Tower,0,1,8,0,9,0,1,10,0,11,0,2,18,0,20,0,0,0,20
01/05/2010,MKL,TN,ASO,CE,Federal Contract Tower,0,1,7,0,8,0,2,10,0,12,0,3,17,0,20,2,0,2,22
01/06/2010,MKL,TN,ASO,CE,Federal Contract Tower,0,4,7,0,11,0,2,18,2,22,0,6,25,2,33,20,30,50,83
01/07/2010,MKL,TN,ASO,CE,Federal Contract Tower,0,1,2,0,3,0,2,0,0,2,0,3,2,0,5,0,0,0,5
01/08/2010,MKL,TN,ASO,CE,Federal Contract Tower,0,5,5,0,10,0,3,8,0,11,0,8,13,0,21,8,0,8,29
01/09/2010,MKL,TN,ASO,CE,Federal Contract Tower,0,3,5,0,8,0,0,9,5,14,0,3,14,5,22,8,0,8,30
01/10/2010,MKL,TN,ASO,CE,Federal Contract Tower,0,1,5,0,6,0,1,27,10,38,0,2,32,10,44,10,4,14,58
01/11/2010,MKL,TN,ASO,CE,Federal Contract Tower,0,2,9,0,11,0,2,13,0,15,0,4,22,0,26,2,0,2,28
01/12/2010,MKL,TN,ASO,CE,Federal Contract Tower,0,4,8,0,12,0,1,25,4,30,0,5,33,4,42,28,0,28,70
01/13/2010,MKL,TN,ASO,CE,Federal Contract Tower,0,0,16,0,16,0,8,32,0,40,0,8,48,0,56,44,0,44,100
01/14/2010,MKL,TN,ASO,CE,Federal Contract Tower,0,0,9,0,9,0,2,20,2,24,0,2,29,2,33,41,0,41,74
01/15/2010,MKL,TN,ASO,CE,Federal Contract Tower,0,2,9,0,11,0,3,15,0,18,0,5,24,0,29,36,0,36,65
01/16/2010,MKL,TN,ASO,CE,Federal Contract Tower,0,2,9,0,11,0,3,3,2,8,0,5,12,2,19,8,0,8,27
01/17/2010,MKL,TN,ASO,CE,Federal Contract Tower,0,2,9,11,22,0,0,6,1,7,0,2,15,12,29,0,0,0,29
01/18/2010,MKL,TN,ASO,CE,Federal Contract Tower,0,1,13,0,14,0,3,15,0,18,0,4,28,0,32,26,0,26,58
01/19/2010,MKL,TN,ASO,CE,Federal Contract Tower,0,2,9,2,13,0,1,2,0,3,0,3,11,2,16,4,2,6,22
01/20/2010,MKL,TN,ASO,CE,Federal Contract Tower,0,3,5,0,8,0,0,0,0,0,0,3,5,0,8,0,0,0,8
01/21/2010,MKL,TN,ASO,CE,Federal Contract Tower,0,5,8,0,13,0,0,3,5,8,0,5,11,5,21,0,0,0,21
01/22/2010,MKL,TN,ASO,CE,Federal Contract Tower,0,3,15,1,19,0,0,8,0,8,0,3,23,1,27,8,0,8,35
01/23/2010,MKL,TN,ASO,CE,Federal Contract Tower,0,3,5,0,8,0,0,4,0,4,0,3,9,0,12,20,0,20,32
01/24/2010,MKL,TN,ASO,CE,Federal Contract Tower,0,1,8,0,9,0,2,8,0,10,0,3,16,0,19,6,0,6,25
01/25/2010,MKL,TN,ASO,CE,Federal Contract Tower,0,3,3,0,6,0,2,2,0,4,0,5,5,0,10,2,0,2,12
01/26/2010,MKL,TN,ASO,CE,Federal Contract Tower,0,0,12,0,12,0,3,25,0,28,0,3,37,0,40,4,0,4,44
01/27/2010,MKL,TN,ASO,CE,Federal Contract Tower,0,1,13,0,14,0,2,33,4,39,0,3,46,4,53,44,0,44,97
01/28/2010,MKL,TN,ASO,CE,Federal Contract Tower,0,5,14,0,19,0,2,2,0,4,0,7,16,0,23,4,0,4,27
01/29/2010,MKL,TN,ASO,CE,Federal Contract Tower,0,0,0,0,0,0,0,0,0,0,0,0,0,0,0,0,0,0,0
01/30/2010,MKL,TN,ASO,CE,Federal Contract Tower,0,0,0,0,0,0,1,2,0,3,0,1,2,0,3,0,0,0,3
01/31/2010,MKL,TN,ASO,CE,Federal Contract Tower,0,1,0,0,1,0,2,9,0,11,0,3,9,0,12,4,0,4,16
02/01/2010,MKL,TN,ASO,CE,Federal Contract Tower,0,2,9,0,11,0,3,7,0,10,0,5,16,0,21,6,0,6,27
02/02/2010,MKL,TN,ASO,CE,Federal Contract Tower,0,2,7,1,10,0,2,24,3,29,0,4,31,4,39,4,12,16,55
02/03/2010,MKL,TN,ASO,CE,Federal Contract Tower,0,1,10,0,11,0,9,32,10,51,0,10,42,10,62,2,0,2,64
02/04/2010,MKL,TN,ASO,CE,Federal Contract Tower,0,4,11,0,15,0,0,0,0,0,0,4,11,0,15,8,0,8,23
02/05/2010,MKL,TN,ASO,CE,Federal Contract Tower,0,3,7,0,10,0,0,0,0,0,0,3,7,0,10,0,0,0,10
02/06/2010,MKL,TN,ASO,CE,Federal Contract Tower,0,3,1,4,8,0,3,5,8,16,0,6,6,12,24,0,8,8,32
02/07/2010,MKL,TN,ASO,CE,Federal Contract Tower,0,2,7,1,10,0,0,20,2,22,0,2,27,3,32,0,0,0,32
02/08/2010,MKL,TN,ASO,CE,Federal Contract Tower,0,3,6,0,9,0,1,0,0,1,0,4,6,0,10,0,0,0,10
02/09/2010,MKL,TN,ASO,CE,Federal Contract Tower,0,2,3,0,5,0,3,5,0,8,0,5,8,0,13,0,0,0,13
02/10/2010,MKL,TN,ASO,CE,Federal Contract Tower,0,1,18,0,19,0,3,16,0,19,0,4,34,0,38,0,0,0,38
02/11/2010,MKL,TN,ASO,CE,Federal Contract Tower,0,1,22,1,24,0,1,22,32,55,0,2,44,33,79,40,0,40,119
02/12/2010,MKL,TN,ASO,CE,Federal Contract Tower,0,0,10,0,10,0,1,8,2,11,0,1,18,2,21,16,0,16,37
02/13/2010,MKL,TN,ASO,CE,Federal Contract Tower,0,1,6,0,7,0,0,16,0,16,0,1,22,0,23,7,0,7,30
02/14/2010,MKL,TN,ASO,CE,Federal Contract Tower,0,3,1,0,4,0,1,1,0,2,0,4,2,0,6,0,0,0,6
02/15/2010,MKL,TN,ASO,CE,Federal Contract Tower,0,0,7,0,7,0,3,0,0,3,0,3,7,0,10,0,0,0,10
02/16/2010,MKL,TN,ASO,CE,Federal Contract Tower,0,4,13,0,17,0,2,1,0,3,0,6,14,0,20,8,0,8,28
02/17/2010,MKL,TN,ASO,CE,Federal Contract Tower,0,5,20,0,25,0,5,29,0,34,0,10,49,0,59,2,0,2,61
02/18/2010,MKL,TN,ASO,CE,Federal Contract Tower,0,2,14,0,16,0,7,33,4,44,0,9,47,4,60,14,0,14,74
02/19/2010,MKL,TN,ASO,CE,Federal Contract Tower,0,0,12,0,12,0,3,27,0,30,0,3,39,0,42,20,0,20,62
02/20/2010,MKL,TN,ASO,CE,Federal Contract Tower,0,1,7,0,8,0,1,35,0,36,0,2,42,0,44,22,0,22,66
02/21/2010,MKL,TN,ASO,CE,Federal Contract Tower,0,2,17,0,19,0,13,2,0,15,0,15,19,0,34,0,0,0,34
02/22/2010,MKL,TN,ASO,CE,Federal Contract Tower,0,3,8,0,11,0,2,0,0,2,0,5,8,0,13,2,0,2,15
02/23/2010,MKL,TN,ASO,CE,Federal Contract Tower,0,2,7,0,9,0,1,27,0,28,0,3,34,0,37,16,0,16,53
02/24/2010,MKL,TN,ASO,CE,Federal Contract Tower,0,2,4,0,6,0,12,21,0,33,0,14,25,0,39,0,0,0,39
02/25/2010,MKL,TN,ASO,CE,Federal Contract Tower,0,1,12,0,13,0,6,24,5,35,0,7,36,5,48,10,0,10,58
02/26/2010,MKL,TN,ASO,CE,Federal Contract Tower,0,1,14,0,15,0,1,31,2,34,0,2,45,2,49,4,0,4,53
02/27/2010,MKL,TN,ASO,CE,Federal Contract Tower,0,0,5,0,5,0,6,35,0,41,0,6,40,0,46,10,0,10,56
02/28/2010,MKL,TN,ASO,CE,Federal Contract Tower,0,0,10,0,10,0,1,17,2,20,0,1,27,2,30,0,0,0,30
03/01/2010,MKL,TN,ASO,CE,Federal Contract Tower,0,1,8,0,9,0,2,7,0,9,0,3,15,0,18,0,0,0,18
03/02/2010,MKL,TN,ASO,CE,Federal Contract Tower,0,2,4,0,6,0,2,0,0,2,0,4,4,0,8,0,0,0,8
03/03/2010,MKL,TN,ASO,CE,Federal Contract Tower,0,0,11,0,11,0,3,28,3,34,0,3,39,3,45,66,2,68,113
03/04/2010,MKL,TN,ASO,CE,Federal Contract Tower,0,1,12,0,13,0,8,30,2,40,0,9,42,2,53,14,0,14,67
03/05/2010,MKL,TN,ASO,CE,Federal Contract Tower,0,0,17,0,17,0,5,20,0,25,0,5,37,0,42,0,0,0,42
03/06/2010,MKL,TN,ASO,CE,Federal Contract Tower,0,0,8,0,8,0,2,56,6,64,0,2,64,6,72,16,0,16,88
03/07/2010,MKL,TN,ASO,CE,Federal Contract Tower,0,1,7,0,8,0,0,16,0,16,0,1,23,0,24,2,0,2,26
03/08/2010,MKL,TN,ASO,CE,Federal Contract Tower,0,2,10,1,13,0,5,24,1,30,0,7,34,2,43,6,6,12,55
03/09/2010,MKL,TN,ASO,CE,Federal Contract Tower,0,3,18,0,21,0,0,2,0,2,0,3,20,0,23,0,0,0,23
03/10/2010,MKL,TN,ASO,CE,Federal Contract Tower,0,3,14,0,17,0,0,0,32,32,0,3,14,32,49,0,0,0,49
03/11/2010,MKL,TN,ASO,CE,Federal Contract Tower,0,1,8,0,9,0,11,20,2,33,0,12,28,2,42,14,0,14,56
03/12/2010,MKL,TN,ASO,CE,Federal Contract Tower,0,3,9,2,14,0,7,11,0,18,0,10,20,2,32,0,0,0,32
03/13/2010,MKL,TN,ASO,CE,Federal Contract Tower,0,2,5,0,7,0,8,2,0,10,0,10,7,0,17,2,0,2,19
03/14/2010,MKL,TN,ASO,CE,Federal Contract Tower,0,3,9,0,12,0,0,5,0,5,0,3,14,0,17,0,0,0,17
03/15/2010,MKL,TN,ASO,CE,Federal Contract Tower,0,2,8,0,10,0,2,14,2,18,0,4,22,2,28,0,0,0,28
03/16/2010,MKL,TN,ASO,CE,Federal Contract Tower,0,5,15,1,21,0,4,19,3,26,0,9,34,4,47,28,0,28,75
03/17/2010,MKL,TN,ASO,CE,Federal Contract Tower,0,4,15,0,19,0,0,3,0,3,0,4,18,0,22,0,0,0,22
03/18/2010,MKL,TN,ASO,CE,Federal Contract Tower,0,1,12,4,17,0,5,44,2,51,0,6,56,6,68,8,4,12,80
03/19/2010,MKL,TN,ASO,CE,Federal Contract Tower,0,1,27,1,29,0,5,46,3,54,0,6,73,4,83,12,2,14,97
03/20/2010,MKL,TN,ASO,CE,Federal Contract Tower,0,1,16,0,17,0,3,27,0,30,0,4,43,0,47,2,0,2,49
03/21/2010,MKL,TN,ASO,CE,Federal Contract Tower,0,2,6,0,8,0,0,0,0,0,0,2,6,0,8,0,0,0,8
03/22/2010,MKL,TN,ASO,CE,Federal Contract Tower,0,0,5,0,5,0,0,0,0,0,0,0,5,0,5,0,0,0,5
03/23/2010,MKL,TN,ASO,CE,Federal Contract Tower,0,1,10,2,13,0,2,19,13,34,0,3,29,15,47,0,0,0,47
03/24/2010,MKL,TN,ASO,CE,Federal Contract Tower,0,1,6,2,9,0,2,31,0,33,0,3,37,2,42,18,0,18,60
03/25/2010,MKL,TN,ASO,CE,Federal Contract Tower,0,3,15,0,18,0,0,1,0,1,0,3,16,0,19,0,0,0,19
03/26/2010,MKL,TN,ASO,CE,Federal Contract Tower,0,2,13,0,15,0,4,36,0,40,0,6,49,0,55,32,0,32,87
03/27/2010,MKL,TN,ASO,CE,Federal Contract Tower,0,1,7,0,8,0,4,24,0,28,0,5,31,0,36,0,0,0,36
03/28/2010,MKL,TN,ASO,CE,Federal Contract Tower,0,2,6,0,8,0,0,4,0,4,0,2,10,0,12,0,0,0,12
03/29/2010,MKL,TN,ASO,CE,Federal Contract Tower,0,2,12,0,14,0,3,16,0,19,0,5,28,0,33,4,0,4,37
03/30/2010,MKL,TN,ASO,CE,Federal Contract Tower,0,0,20,0,20,0,2,27,0,29,0,2,47,0,49,0,0,0,49
03/31/2010,MKL,TN,ASO,CE,Federal Contract Tower,0,2,7,0,9,0,2,26,6,34,0,4,33,6,43,10,0,10,53
04/01/2010,MKL,TN,ASO,CE,Federal Contract Tower,0,1,9,0,10,0,4,20,0,24,0,5,29,0,34,0,0,0,34
04/02/2010,MKL,TN,ASO,CE,Federal Contract Tower,0,1,11,0,12,0,6,27,0,33,0,7,38,0,45,6,0,6,51
04/03/2010,MKL,TN,ASO,CE,Federal Contract Tower,0,2,6,0,8,0,3,22,0,25,0,5,28,0,33,2,0,2,35
04/04/2010,MKL,TN,ASO,CE,Federal Contract Tower,2,1,6,0,9,0,4,10,0,14,2,5,16,0,23,0,0,0,23
04/05/2010,MKL,TN,ASO,CE,Federal Contract Tower,0,2,24,0,26,0,0,17,0,17,0,2,41,0,43,0,0,0,43
04/06/2010,MKL,TN,ASO,CE,Federal Contract Tower,0,1,6,0,7,0,2,18,13,33,0,3,24,13,40,0,0,0,40
04/07/2010,MKL,TN,ASO,CE,Federal Contract Tower,0,5,12,0,17,0,0,0,4,4,0,5,12,4,21,0,0,0,21
04/08/2010,MKL,TN,ASO,CE,Federal Contract Tower,0,3,10,0,13,0,0,12,5,17,0,3,22,5,30,0,4,4,34
04/09/2010,MKL,TN,ASO,CE,Federal Contract Tower,0,2,19,0,21,0,3,40,8,51,0,5,59,8,72,18,0,18,90
04/10/2010,MKL,TN,ASO,CE,Federal Contract Tower,0,2,22,0,24,0,0,38,0,38,0,2,60,0,62,0,0,0,62
04/11/2010,MKL,TN,ASO,CE,Federal Contract Tower,0,1,19,0,20,0,1,28,0,29,0,2,47,0,49,2,0,2,51
04/12/2010,MKL,TN,ASO,CE,Federal Contract Tower,0,1,10,0,11,0,1,23,0,24,0,2,33,0,35,14,0,14,49
04/13/2010,MKL,TN,ASO,CE,Federal Contract Tower,0,3,10,0,13,0,5,21,0,26,0,8,31,0,39,2,0,2,41
04/14/2010,MKL,TN,ASO,CE,Federal Contract Tower,0,1,13,0,14,0,3,17,1,21,0,4,30,1,35,16,16,32,67
04/15/2010,MKL,TN,ASO,CE,Federal Contract Tower,0,5,14,0,19,0,2,19,4,25,0,7,33,4,44,4,0,4,48
04/16/2010,MKL,TN,ASO,CE,Federal Contract Tower,0,3,30,0,33,0,2,31,0,33,0,5,61,0,66,10,0,10,76
04/17/2010,MKL,TN,ASO,CE,Federal Contract Tower,0,4,2,0,6,0,0,14,0,14,0,4,16,0,20,2,0,2,22
04/18/2010,MKL,TN,ASO,CE,Federal Contract Tower,0,2,15,0,17,0,0,18,0,18,0,2,33,0,35,2,0,2,37
04/19/2010,MKL,TN,ASO,CE,Federal Contract Tower,0,2,5,0,7,0,1,2,0,3,0,3,7,0,10,0,0,0,10
04/20/2010,MKL,TN,ASO,CE,Federal Contract Tower,0,6,17,0,23,0,2,24,8,34,0,8,41,8,57,6,0,6,63
04/21/2010,MKL,TN,ASO,CE,Federal Contract Tower,0,6,11,0,17,0,2,25,3,30,0,8,36,3,47,0,0,0,47
04/22/2010,MKL,TN,ASO,CE,Federal Contract Tower,0,2,26,0,28,0,10,21,2,33,0,12,47,2,61,0,0,0,61
04/23/2010,MKL,TN,ASO,CE,Federal Contract Tower,0,2,8,0,10,0,2,4,0,6,0,4,12,0,16,0,0,0,16
04/24/2010,MKL,TN,ASO,CE,Federal Contract Tower,0,2,4,0,6,0,1,0,0,1,0,3,4,0,7,0,0,0,7
04/25/2010,MKL,TN,ASO,CE,Federal Contract Tower,0,2,22,0,24,0,0,4,2,6,0,2,26,2,30,0,0,0,30
04/26/2010,MKL,TN,ASO,CE,Federal Contract Tower,0,3,10,0,13,0,9,12,0,21,0,12,22,0,34,2,0,2,36
04/27/2010,MKL,TN,ASO,CE,Federal Contract Tower,0,2,5,0,7,0,1,13,0,14,0,3,18,0,21,0,0,0,21
04/28/2010,MKL,TN,ASO,CE,Federal Contract Tower,0,2,34,0,36,0,2,28,8,38,0,4,62,8,74,4,0,4,78
04/29/2010,MKL,TN,ASO,CE,Federal Contract Tower,0,3,13,2,18,0,3,11,0,14,0,6,24,2,32,0,0,0,32
04/30/2010,MKL,TN,ASO,CE,Federal Contract Tower,0,4,12,0,16,0,4,8,7,19,0,8,20,7,35,0,0,0,35
05/01/2010,MKL,TN,ASO,CE,Federal Contract Tower,0,0,1,0,1,0,0,0,0,0,0,0,1,0,1,0,0,0,1
05/02/2010,MKL,TN,ASO,CE,Federal Contract Tower,0,1,0,0,1,0,1,4,0,5,0,2,4,0,6,0,0,0,6
05/03/2010,MKL,TN,ASO,CE,Federal Contract Tower,0,5,16,0,21,0,8,55,8,71,0,13,71,8,92,6,4,10,102
05/04/2010,MKL,TN,ASO,CE,Federal Contract Tower,0,5,18,0,23,0,6,56,0,62,0,11,74,0,85,12,0,12,97
05/05/2010,MKL,TN,ASO,CE,Federal Contract Tower,0,3,7,0,10,0,0,30,0,30,0,3,37,0,40,4,8,12,52
05/06/2010,MKL,TN,ASO,CE,Federal Contract Tower,0,6,15,1,22,0,1,38,4,43,0,7,53,5,65,0,4,4,69
05/07/2010,MKL,TN,ASO,CE,Federal Contract Tower,0,3,13,0,16,0,2,13,5,20,0,5,26,5,36,0,4,4,40
05/08/2010,MKL,TN,ASO,CE,Federal Contract Tower,0,2,6,0,8,0,13,26,0,39,0,15,32,0,47,4,0,4,51
05/09/2010,MKL,TN,ASO,CE,Federal Contract Tower,0,3,12,0,15,0,0,20,0,20,0,3,32,0,35,6,0,6,41
05/10/2010,MKL,TN,ASO,CE,Federal Contract Tower,0,4,6,0,10,0,0,4,0,4,0,4,10,0,14,0,0,0,14
05/11/2010,MKL,TN,ASO,CE,Federal Contract Tower,0,3,14,0,17,0,1,9,0,10,0,4,23,0,27,2,0,2,29
05/12/2010,MKL,TN,ASO,CE,Federal Contract Tower,0,5,13,0,18,0,1,11,4,16,0,6,24,4,34,0,10,10,44
05/13/2010,MKL,TN,ASO,CE,Federal Contract Tower,0,3,19,0,22,0,7,16,5,28,0,10,35,5,50,6,10,16,66
05/14/2010,MKL,TN,ASO,CE,Federal Contract Tower,0,1,8,0,9,0,4,9,0,13,0,5,17,0,22,0,0,0,22
05/15/2010,MKL,TN,ASO,CE,Federal Contract Tower,0,2,12,0,14,0,3,15,0,18,0,5,27,0,32,12,0,12,44
05/16/2010,MKL,TN,ASO,CE,Federal Contract Tower,0,2,5,6,13,0,0,6,0,6,0,2,11,6,19,4,0,4,23
05/17/2010,MKL,TN,ASO,CE,Federal Contract Tower,2,1,11,0,14,0,1,11,0,12,2,2,22,0,26,8,0,8,34
05/18/2010,MKL,TN,ASO,CE,Federal Contract Tower,0,1,12,0,13,0,1,21,3,25,0,2,33,3,38,14,10,24,62
05/19/2010,MKL,TN,ASO,CE,Federal Contract Tower,0,3,15,2,20,0,0,35,17,52,0,3,50,19,72,10,38,48,120
05/20/2010,MKL,TN,ASO,CE,Federal Contract Tower,0,5,1,0,6,0,0,4,2,6,0,5,5,2,12,4,0,4,16
05/21/2010,MKL,TN,ASO,CE,Federal Contract Tower,0,2,20,1,23,0,2,26,1,29,0,4,46,2,52,12,4,16,68
05/22/2010,MKL,TN,ASO,CE,Federal Contract Tower,0,2,4,0,6,0,12,31,0,43,0,14,35,0,49,8,0,8,57
05/23/2010,MKL,TN,ASO,CE,Federal Contract Tower,0,1,20,0,21,0,1,16,0,17,0,2,36,0,38,6,0,6,44
05/24/2010,MKL,TN,ASO,CE,Federal Contract Tower,0,5,12,2,19,0,2,17,0,19,0,7,29,2,38,0,0,0,38
05/25/2010,MKL,TN,ASO,CE,Federal Contract Tower,0,0,14,6,20,0,2,15,0,17,0,2,29,6,37,16,16,32,69
05/26/2010,MKL,TN,ASO,CE,Federal Contract Tower,0,2,14,2,18,0,0,27,8,35,0,2,41,10,53,0,0,0,53
05/27/2010,MKL,TN,ASO,CE,Federal Contract Tower,0,4,16,3,23,0,1,12,10,23,0,5,28,13,46,16,20,36,82
05/28/2010,MKL,TN,ASO,CE,Federal Contract Tower,0,3,11,0,14,0,3,9,2,14,0,6,20,2,28,2,0,2,30
05/29/2010,MKL,TN,ASO,CE,Federal Contract Tower,0,1,4,0,5,0,2,22,0,24,0,3,26,0,29,0,0,0,29
05/30/2010,MKL,TN,ASO,CE,Federal Contract Tower,0,1,3,0,4,0,2,5,0,7,0,3,8,0,11,0,0,0,11
05/31/2010,MKL,TN,ASO,CE,Federal Contract Tower,0,2,9,0,11,0,1,8,1,10,0,3,17,1,21,0,0,0,21
06/01/2010,MKL,TN,ASO,CE,Federal Contract Tower,0,2,9,0,11,0,2,22,3,27,0,4,31,3,38,10,22,32,70
06/02/2010,MKL,TN,ASO,CE,Federal Contract Tower,0,0,10,0,10,0,0,22,8,30,0,0,32,8,40,2,0,2,42
06/03/2010,MKL,TN,ASO,CE,Federal Contract Tower,0,1,9,0,10,0,4,14,0,18,0,5,23,0,28,8,0,8,36
06/04/2010,MKL,TN,ASO,CE,Federal Contract Tower,0,1,7,4,12,0,2,34,8,44,0,3,41,12,56,0,0,0,56
06/05/2010,MKL,TN,ASO,CE,Federal Contract Tower,0,2,9,1,12,0,2,18,4,24,0,4,27,5,36,18,0,18,54
06/06/2010,MKL,TN,ASO,CE,Federal Contract Tower,0,1,11,0,12,0,1,23,2,26,0,2,34,2,38,2,0,2,40
06/07/2010,MKL,TN,ASO,CE,Federal Contract Tower,0,0,9,0,9,0,6,22,0,28,0,6,31,0,37,0,0,0,37
06/08/2010,MKL,TN,ASO,CE,Federal Contract Tower,0,1,20,0,21,0,2,22,2,26,0,3,42,2,47,10,0,10,57
06/09/2010,MKL,TN,ASO,CE,Federal Contract Tower,0,2,10,0,12,0,2,10,0,12,0,4,20,0,24,0,0,0,24
06/10/2010,MKL,TN,ASO,CE,Federal Contract Tower,0,2,16,2,20,0,7,13,8,28,0,9,29,10,48,0,12,12,60
06/11/2010,MKL,TN,ASO,CE,Federal Contract Tower,0,5,4,2,11,0,2,27,1,30,0,7,31,3,41,36,0,36,77
06/12/2010,MKL,TN,ASO,CE,Federal Contract Tower,0,2,10,0,12,0,16,14,0,30,0,18,24,0,42,0,0,0,42
06/13/2010,MKL,TN,ASO,CE,Federal Contract Tower,0,1,2,0,3,0,0,13,0,13,0,1,15,0,16,0,0,0,16
06/14/2010,MKL,TN,ASO,CE,Federal Contract Tower,0,1,7,2,10,0,4,15,0,19,0,5,22,2,29,10,0,10,39
06/15/2010,MKL,TN,ASO,CE,Federal Contract Tower,0,3,12,0,15,0,2,15,2,19,0,5,27,2,34,0,0,0,34
06/16/2010,MKL,TN,ASO,CE,Federal Contract Tower,0,1,10,0,11,0,1,13,0,14,0,2,23,0,25,0,0,0,25
06/17/2010,MKL,TN,ASO,CE,Federal Contract Tower,0,1,28,0,29,0,3,19,10,32,0,4,47,10,61,0,22,22,83
06/18/2010,MKL,TN,ASO,CE,Federal Contract Tower,0,7,6,4,17,0,6,36,19,61,0,13,42,23,78,4,10,14,92
06/19/2010,MKL,TN,ASO,CE,Federal Contract Tower,0,1,7,0,8,0,1,39,0,40,0,2,46,0,48,14,0,14,62
06/20/2010,MKL,TN,ASO,CE,Federal Contract Tower,0,0,10,0,10,0,2,27,0,29,0,2,37,0,39,0,0,0,39
06/21/2010,MKL,TN,ASO,CE,Federal Contract Tower,0,7,7,2,16,0,8,33,0,41,0,15,40,2,57,0,0,0,57
06/22/2010,MKL,TN,ASO,CE,Federal Contract Tower,0,2,20,0,22,0,3,38,5,46,0,5,58,5,68,0,4,4,72
06/23/2010,MKL,TN,ASO,CE,Federal Contract Tower,0,5,8,4,17,0,1,22,3,26,0,6,30,7,43,4,0,4,47
06/24/2010,MKL,TN,ASO,CE,Federal Contract Tower,0,6,12,0,18,0,6,14,4,24,0,12,26,4,42,4,0,4,46
06/25/2010,MKL,TN,ASO,CE,Federal Contract Tower,0,4,8,0,12,0,6,31,2,39,0,10,39,2,51,0,0,0,51
06/26/2010,MKL,TN,ASO,CE,Federal Contract Tower,0,1,2,0,3,0,1,40,0,41,0,2,42,0,44,4,0,4,48
06/27/2010,MKL,TN,ASO,CE,Federal Contract Tower,0,1,9,0,10,0,9,21,0,30,0,10,30,0,40,10,0,10,50
06/28/2010,MKL,TN,ASO,CE,Federal Contract Tower,0,0,12,0,12,0,3,23,12,38,0,3,35,12,50,4,8,12,62
06/29/2010,MKL,TN,ASO,CE,Federal Contract Tower,0,2,11,0,13,0,2,32,6,40,0,4,43,6,53,4,0,4,57
06/30/2010,MKL,TN,ASO,CE,Federal Contract Tower,0,6,11,0,17,0,1,35,4,40,0,7,46,4,57,18,8,26,83
07/01/2010,MKL,TN,ASO,CE,Federal Contract Tower,0,3,17,0,20,0,7,17,3,27,0,10,34,3,47,16,0,16,63
07/02/2010,MKL,TN,ASO,CE,Federal Contract Tower,0,4,17,0,21,0,11,37,0,48,0,15,54,0,69,0,8,8,77
07/03/2010,MKL,TN,ASO,CE,Federal Contract Tower,0,1,5,0,6,0,5,21,0,26,0,6,26,0,32,2,0,2,34
07/04/2010,MKL,TN,ASO,CE,Federal Contract Tower,0,2,6,0,8,0,3,11,3,17,0,5,17,3,25,0,0,0,25
07/05/2010,MKL,TN,ASO,CE,Federal Contract Tower,0,1,23,0,24,0,4,28,0,32,0,5,51,0,56,0,0,0,56
07/06/2010,MKL,TN,ASO,CE,Federal Contract Tower,0,6,4,0,10,0,4,24,0,28,0,10,28,0,38,18,0,18,56
07/07/2010,MKL,TN,ASO,CE,Federal Contract Tower,0,3,8,0,11,0,2,19,6,27,0,5,27,6,38,8,0,8,46
07/08/2010,MKL,TN,ASO,CE,Federal Contract Tower,0,6,12,0,18,0,1,18,16,35,0,7,30,16,53,4,20,24,77
07/09/2010,MKL,TN,ASO,CE,Federal Contract Tower,0,7,12,0,19,0,5,19,5,29,0,12,31,5,48,18,8,26,74
07/10/2010,MKL,TN,ASO,CE,Federal Contract Tower,0,2,5,0,7,0,0,19,0,19,0,2,24,0,26,0,0,0,26
07/11/2010,MKL,TN,ASO,CE,Federal Contract Tower,0,2,13,1,16,0,4,19,0,23,0,6,32,1,39,0,0,0,39
07/12/2010,MKL,TN,ASO,CE,Federal Contract Tower,0,2,10,0,12,0,3,0,0,3,0,5,10,0,15,0,0,0,15
07/13/2010,MKL,TN,ASO,CE,Federal Contract Tower,0,3,4,0,7,0,1,7,8,16,0,4,11,8,23,12,4,16,39
07/14/2010,MKL,TN,ASO,CE,Federal Contract Tower,0,1,7,0,8,0,2,24,15,41,0,3,31,15,49,0,8,8,57
07/15/2010,MKL,TN,ASO,CE,Federal Contract Tower,0,2,15,0,17,0,3,15,7,25,0,5,30,7,42,4,8,12,54
07/16/2010,MKL,TN,ASO,CE,Federal Contract Tower,0,3,7,0,10,0,2,23,5,30,0,5,30,5,40,0,0,0,40
07/17/2010,MKL,TN,ASO,CE,Federal Contract Tower,0,0,3,0,3,0,2,12,2,16,0,2,15,2,19,0,0,0,19
07/18/2010,MKL,TN,ASO,CE,Federal Contract Tower,0,1,11,0,12,0,0,8,0,8,0,1,19,0,20,0,0,0,20
07/19/2010,MKL,TN,ASO,CE,Federal Contract Tower,0,3,5,0,8,0,2,10,0,12,0,5,15,0,20,0,0,0,20
07/20/2010,MKL,TN,ASO,CE,Federal Contract Tower,0,2,9,0,11,0,1,16,17,34,0,3,25,17,45,4,10,14,59
07/21/2010,MKL,TN,ASO,CE,Federal Contract Tower,0,1,7,1,9,0,2,9,11,22,0,3,16,12,31,0,10,10,41
07/22/2010,MKL,TN,ASO,CE,Federal Contract Tower,0,2,17,6,25,0,2,17,18,37,0,4,34,24,62,16,50,66,128
07/23/2010,MKL,TN,ASO,CE,Federal Contract Tower,0,1,6,0,7,0,6,33,9,48,0,7,39,9,55,0,0,0,55
07/24/2010,MKL,TN,ASO,CE,Federal Contract Tower,0,1,3,8,12,0,5,44,44,93,0,6,47,52,105,22,16,38,143
07/25/2010,MKL,TN,ASO,CE,Federal Contract Tower,0,2,4,0,6,0,2,5,18,25,0,4,9,18,31,0,16,16,47
07/26/2010,MKL,TN,ASO,CE,Federal Contract Tower,0,3,5,2,10,0,4,10,0,14,0,7,15,2,24,0,0,0,24
07/27/2010,MKL,TN,ASO,CE,Federal Contract Tower,0,1,10,0,11,0,1,10,2,13,0,2,20,2,24,0,18,18,42
07/28/2010,MKL,TN,ASO,CE,Federal Contract Tower,0,4,17,0,21,0,1,21,11,33,0,5,38,11,54,10,8,18,72
07/29/2010,MKL,TN,ASO,CE,Federal Contract Tower,0,2,8,0,10,0,2,4,9,15,0,4,12,9,25,0,4,4,29
07/30/2010,MKL,TN,ASO,CE,Federal Contract Tower,0,4,12,0,16,0,10,28,8,46,0,14,40,8,62,4,36,40,102
07/31/2010,MKL,TN,ASO,CE,Federal Contract Tower,0,2,11,0,13,0,2,19,2,23,0,4,30,2,36,0,0,0,36
08/01/2010,MKL,TN,ASO,CE,Federal Contract Tower,0,1,16,0,17,0,2,10,0,12,0,3,26,0,29,10,0,10,39
08/02/2010,MKL,TN,ASO,CE,Federal Contract Tower,0,2,13,0,15,0,6,10,0,16,0,8,23,0,31,0,0,0,31
08/03/2010,MKL,TN,ASO,CE,Federal Contract Tower,0,2,13,0,15,0,0,14,5,19,0,2,27,5,34,8,28,36,70
08/04/2010,MKL,TN,ASO,CE,Federal Contract Tower,0,1,11,0,12,0,2,21,8,31,0,3,32,8,43,0,36,36,79
08/05/2010,MKL,TN,ASO,CE,Federal Contract Tower,0,1,16,2,19,0,1,10,6,17,0,2,26,8,36,0,22,22,58
08/06/2010,MKL,TN,ASO,CE,Federal Contract Tower,0,1,19,5,25,0,3,27,8,38,0,4,46,13,63,24,24,48,111
08/07/2010,MKL,TN,ASO,CE,Federal Contract Tower,0,0,3,0,3,0,5,34,6,45,0,5,37,6,48,4,8,12,60
08/08/2010,MKL,TN,ASO,CE,Federal Contract Tower,0,1,10,0,11,0,5,15,9,29,0,6,25,9,40,2,0,2,42
08/09/2010,MKL,TN,ASO,CE,Federal Contract Tower,0,2,15,0,17,0,4,18,0,22,0,6,33,0,39,34,6,40,79
08/10/2010,MKL,TN,ASO,CE,Federal Contract Tower,0,2,9,0,11,0,1,7,8,16,0,3,16,8,27,2,2,4,31
08/11/2010,MKL,TN,ASO,CE,Federal Contract Tower,0,3,2,0,5,0,1,11,14,26,0,4,13,14,31,0,16,16,47
08/12/2010,MKL,TN,ASO,CE,Federal Contract Tower,0,1,4,0,5,0,1,16,15,32,0,2,20,15,37,24,52,76,113
08/13/2010,MKL,TN,ASO,CE,Federal Contract Tower,0,0,7,0,7,0,4,31,11,46,0,4,38,11,53,8,44,52,105
08/14/2010,MKL,TN,ASO,CE,Federal Contract Tower,0,2,3,0,5,0,2,17,1,20,0,4,20,1,25,10,0,10,35
08/15/2010,MKL,TN,ASO,CE,Federal Contract Tower,0,2,12,0,14,0,2,8,0,10,0,4,20,0,24,0,0,0,24
08/16/2010,MKL,TN,ASO,CE,Federal Contract Tower,0,2,4,0,6,0,2,22,0,24,0,4,26,0,30,0,0,0,30
08/17/2010,MKL,TN,ASO,CE,Federal Contract Tower,0,1,7,0,8,0,1,24,0,25,0,2,31,0,33,0,8,8,41
08/18/2010,MKL,TN,ASO,CE,Federal Contract Tower,0,4,17,0,21,0,0,8,0,8,0,4,25,0,29,0,0,0,29
08/19/2010,MKL,TN,ASO,CE,Federal Contract Tower,0,1,13,3,17,0,1,20,8,29,0,2,33,11,46,4,60,64,110
08/20/2010,MKL,TN,ASO,CE,Federal Contract Tower,0,0,20,0,20,0,6,36,2,44,0,6,56,2,64,16,0,16,80
08/21/2010,MKL,TN,ASO,CE,Federal Contract Tower,0,2,3,1,6,0,0,17,12,29,0,2,20,13,35,0,16,16,51
08/22/2010,MKL,TN,ASO,CE,Federal Contract Tower,0,2,16,0,18,0,0,15,11,26,0,2,31,11,44,4,4,8,52
08/23/2010,MKL,TN,ASO,CE,Federal Contract Tower,0,3,17,0,20,0,1,21,8,30,0,4,38,8,50,10,6,16,66
08/24/2010,MKL,TN,ASO,CE,Federal Contract Tower,0,1,14,2,17,0,0,32,7,39,0,1,46,9,56,8,0,8,64
08/25/2010,MKL,TN,ASO,CE,Federal Contract Tower,0,2,14,2,18,0,0,41,4,45,0,2,55,6,63,10,0,10,73
08/26/2010,MKL,TN,ASO,CE,Federal Contract Tower,0,0,21,2,23,0,2,20,11,33,0,2,41,13,56,6,6,12,68
08/27/2010,MKL,TN,ASO,CE,Federal Contract Tower,0,2,24,2,28,0,1,53,2,56,0,3,77,4,84,22,0,22,106
08/28/2010,MKL,TN,ASO,CE,Federal Contract Tower,0,1,6,0,7,0,1,24,0,25,0,2,30,0,32,0,0,0,32
08/29/2010,MKL,TN,ASO,CE,Federal Contract Tower,0,2,7,0,9,0,0,0,0,0,0,2,7,0,9,0,0,0,9
08/30/2010,MKL,TN,ASO,CE,Federal Contract Tower,0,1,11,0,12,0,1,3,0,4,0,2,14,0,16,0,0,0,16
08/31/2010,MKL,TN,ASO,CE,Federal Contract Tower,0,1,14,3,18,0,0,27,8,35,0,1,41,11,53,16,4,20,73
09/01/2010,MKL,TN,ASO,CE,Federal Contract Tower,0,1,8,0,9,0,0,18,3,21,0,1,26,3,30,8,8,16,46
09/02/2010,MKL,TN,ASO,CE,Federal Contract Tower,0,4,12,0,16,0,0,20,6,26,0,4,32,6,42,8,0,8,50
09/03/2010,MKL,TN,ASO,CE,Federal Contract Tower,0,2,15,0,17,0,0,25,2,27,0,2,40,2,44,0,4,4,48
09/04/2010,MKL,TN,ASO,CE,Federal Contract Tower,0,1,8,0,9,0,1,22,0,23,0,2,30,0,32,2,0,2,34
09/05/2010,MKL,TN,ASO,CE,Federal Contract Tower,0,1,5,0,6,0,1,16,0,17,0,2,21,0,23,4,0,4,27
09/06/2010,MKL,TN,ASO,CE,Federal Contract Tower,0,1,11,0,12,0,3,16,0,19,0,4,27,0,31,3,0,3,34
09/07/2010,MKL,TN,ASO,CE,Federal Contract Tower,0,2,12,0,14,0,1,18,4,23,0,3,30,4,37,4,40,44,81
09/08/2010,MKL,TN,ASO,CE,Federal Contract Tower,0,0,24,4,28,0,2,4,10,16,0,2,28,14,44,0,22,22,66
09/09/2010,MKL,TN,ASO,CE,Federal Contract Tower,0,1,15,0,16,0,1,10,15,26,0,2,25,15,42,2,0,2,44
09/10/2010,MKL,TN,ASO,CE,Federal Contract Tower,0,1,18,4,23,0,2,5,10,17,0,3,23,14,40,0,2,2,42
09/11/2010,MKL,TN,ASO,CE,Federal Contract Tower,0,1,10,0,11,0,1,13,17,31,0,2,23,17,42,2,0,2,44
09/12/2010,MKL,TN,ASO,CE,Federal Contract Tower,0,1,12,0,13,0,1,18,0,19,0,2,30,0,32,6,0,6,38
09/13/2010,MKL,TN,ASO,CE,Federal Contract Tower,0,2,7,0,9,0,1,13,2,16,0,3,20,2,25,0,0,0,25
09/14/2010,MKL,TN,ASO,CE,Federal Contract Tower,0,3,18,0,21,0,3,35,4,42,0,6,53,4,63,4,38,42,105
09/15/2010,MKL,TN,ASO,CE,Federal Contract Tower,0,1,18,0,19,0,2,17,4,23,0,3,35,4,42,0,20,20,62
09/16/2010,MKL,TN,ASO,CE,Federal Contract Tower,0,3,17,0,20,0,4,2,19,25,0,7,19,19,45,0,50,50,95
09/17/2010,MKL,TN,ASO,CE,Federal Contract Tower,0,1,11,0,12,0,2,29,16,47,0,3,40,16,59,10,60,70,129
09/18/2010,MKL,TN,ASO,CE,Federal Contract Tower,0,1,8,0,9,0,1,35,21,57,0,2,43,21,66,11,26,37,103
09/19/2010,MKL,TN,ASO,CE,Federal Contract Tower,0,0,9,0,9,0,2,11,10,23,0,2,20,10,32,0,0,0,32
09/20/2010,MKL,TN,ASO,CE,Federal Contract Tower,0,2,10,0,12,0,2,14,4,20,0,4,24,4,32,0,0,0,32
09/21/2010,MKL,TN,ASO,CE,Federal Contract Tower,0,2,14,1,17,0,3,23,7,33,0,5,37,8,50,8,12,20,70
09/22/2010,MKL,TN,ASO,CE,Federal Contract Tower,0,3,6,0,9,0,2,19,6,27,0,5,25,6,36,0,0,0,36
09/23/2010,MKL,TN,ASO,CE,Federal Contract Tower,0,1,19,0,20,0,2,22,2,26,0,3,41,2,46,20,43,63,109
09/24/2010,MKL,TN,ASO,CE,Federal Contract Tower,0,1,12,0,13,0,1,26,0,27,0,2,38,0,40,2,0,2,42
09/25/2010,MKL,TN,ASO,CE,Federal Contract Tower,0,0,8,4,12,0,0,18,0,18,0,0,26,4,30,8,0,8,38
09/26/2010,MKL,TN,ASO,CE,Federal Contract Tower,0,1,20,0,21,0,1,3,0,4,0,2,23,0,25,2,0,2,27
09/27/2010,MKL,TN,ASO,CE,Federal Contract Tower,0,2,21,0,23,0,0,5,0,5,0,2,26,0,28,10,0,10,38
09/28/2010,MKL,TN,ASO,CE,Federal Contract Tower,0,4,9,2,15,0,0,21,5,26,0,4,30,7,41,0,24,24,65
09/29/2010,MKL,TN,ASO,CE,Federal Contract Tower,0,0,7,0,7,0,2,32,11,45,0,2,39,11,52,6,4,10,62
09/30/2010,MKL,TN,ASO,CE,Federal Contract Tower,0,0,12,0,12,0,2,16,12,30,0,2,28,12,42,4,72,76,118
10/01/2010,MKL,TN,ASO,CE,Federal Contract Tower,0,1,11,0,12,0,1,33,4,38,0,2,44,4,50,0,16,16,66
10/02/2010,MKL,TN,ASO,CE,Federal Contract Tower,0,2,6,0,8,0,0,9,0,9,0,2,15,0,17,2,2,4,21
10/03/2010,MKL,TN,ASO,CE,Federal Contract Tower,0,0,9,0,9,0,2,13,0,15,0,2,22,0,24,0,0,0,24
10/04/2010,MKL,TN,ASO,CE,Federal Contract Tower,0,0,16,0,16,0,2,17,2,21,0,2,33,2,37,11,2,13,50
10/05/2010,MKL,TN,ASO,CE,Federal Contract Tower,0,1,12,0,13,0,1,31,0,32,0,2,43,0,45,12,0,12,57
10/06/2010,MKL,TN,ASO,CE,Federal Contract Tower,0,3,11,2,16,0,0,9,11,20,0,3,20,13,36,8,2,10,46
10/07/2010,MKL,TN,ASO,CE,Federal Contract Tower,0,3,13,0,16,0,1,19,0,20,0,4,32,0,36,0,0,0,36
10/08/2010,MKL,TN,ASO,CE,Federal Contract Tower,0,1,24,0,25,0,1,28,0,29,0,2,52,0,54,0,0,0,54
10/09/2010,MKL,TN,ASO,CE,Federal Contract Tower,0,1,4,0,5,0,1,22,0,23,0,2,26,0,28,14,0,14,42
10/10/2010,MKL,TN,ASO,CE,Federal Contract Tower,0,0,15,0,15,0,2,16,0,18,0,2,31,0,33,0,0,0,33
10/11/2010,MKL,TN,ASO,CE,Federal Contract Tower,0,0,14,0,14,0,3,5,0,8,0,3,19,0,22,0,0,0,22
10/12/2010,MKL,TN,ASO,CE,Federal Contract Tower,0,1,9,0,10,0,1,23,0,24,0,2,32,0,34,2,0,2,36
10/13/2010,MKL,TN,ASO,CE,Federal Contract Tower,0,3,19,2,24,0,1,18,4,23,0,4,37,6,47,8,0,8,55
10/14/2010,MKL,TN,ASO,CE,Federal Contract Tower,0,1,21,0,22,0,2,10,4,16,0,3,31,4,38,22,4,26,64
10/15/2010,MKL,TN,ASO,CE,Federal Contract Tower,0,1,9,6,16,0,1,37,3,41,0,2,46,9,57,6,4,10,67
10/16/2010,MKL,TN,ASO,CE,Federal Contract Tower,0,1,11,0,12,0,1,15,1,17,0,2,26,1,29,0,0,0,29
10/17/2010,MKL,TN,ASO,CE,Federal Contract Tower,0,2,21,0,23,0,2,25,0,27,0,4,46,0,50,4,0,4,54
10/18/2010,MKL,TN,ASO,CE,Federal Contract Tower,0,0,9,0,9,0,2,16,0,18,0,2,25,0,27,0,0,0,27
10/19/2010,MKL,TN,ASO,CE,Federal Contract Tower,0,1,12,0,13,0,2,19,5,26,0,3,31,5,39,0,8,8,47
10/20/2010,MKL,TN,ASO,CE,Federal Contract Tower,0,2,12,1,15,0,1,13,5,19,0,3,25,6,34,0,0,0,34
10/21/2010,MKL,TN,ASO,CE,Federal Contract Tower,0,4,18,0,22,0,2,40,16,58,0,6,58,16,80,8,20,28,108
10/22/2010,MKL,TN,ASO,CE,Federal Contract Tower,0,1,20,2,23,0,2,29,4,35,0,3,49,6,58,10,0,10,68
10/23/2010,MKL,TN,ASO,CE,Federal Contract Tower,0,1,8,0,9,0,3,16,12,31,0,4,24,12,40,10,0,10,50
10/24/2010,MKL,TN,ASO,CE,Federal Contract Tower,0,2,14,0,16,0,0,7,6,13,0,2,21,6,29,2,0,2,31
10/25/2010,MKL,TN,ASO,CE,Federal Contract Tower,0,4,12,0,16,0,1,9,0,10,0,5,21,0,26,0,0,0,26
10/26/2010,MKL,TN,ASO,CE,Federal Contract Tower,0,6,12,0,18,0,0,8,0,8,0,6,20,0,26,0,0,0,26
10/27/2010,MKL,TN,ASO,CE,Federal Contract Tower,0,3,15,0,18,0,1,18,8,27,0,4,33,8,45,2,20,22,67
10/28/2010,MKL,TN,ASO,CE,Federal Contract Tower,0,1,14,0,15,0,5,30,13,48,0,6,44,13,63,32,8,40,103
10/29/2010,MKL,TN,ASO,CE,Federal Contract Tower,0,4,31,2,37,0,5,21,1,27,0,9,52,3,64,4,0,4,68
10/30/2010,MKL,TN,ASO,CE,Federal Contract Tower,0,1,4,0,5,0,2,21,0,23,0,3,25,0,28,8,0,8,36
10/31/2010,MKL,TN,ASO,CE,Federal Contract Tower,0,1,19,0,20,0,2,18,0,20,0,3,37,0,40,0,0,0,40
11/01/2010,MKL,TN,ASO,CE,Federal Contract Tower,0,1,10,0,11,0,2,15,0,17,0,3,25,0,28,4,0,4,32
11/02/2010,MKL,TN,ASO,CE,Federal Contract Tower,0,2,9,0,11,0,2,9,0,11,0,4,18,0,22,14,0,14,36
11/03/2010,MKL,TN,ASO,CE,Federal Contract Tower,0,3,12,0,15,0,1,1,0,2,0,4,13,0,17,0,0,0,17
11/04/2010,MKL,TN,ASO,CE,Federal Contract Tower,0,4,15,3,22,0,3,21,7,31,0,7,36,10,53,12,8,20,73
11/05/2010,MKL,TN,ASO,CE,Federal Contract Tower,0,0,12,0,12,0,1,9,1,11,0,1,21,1,23,8,0,8,31
11/06/2010,MKL,TN,ASO,CE,Federal Contract Tower,0,0,7,14,21,0,2,28,12,42,0,2,35,26,63,34,48,82,145
11/07/2010,MKL,TN,ASO,CE,Federal Contract Tower,0,2,12,0,14,0,3,19,5,27,0,5,31,5,41,2,0,2,43
11/08/2010,MKL,TN,ASO,CE,Federal Contract Tower,0,0,7,0,7,0,5,12,0,17,0,5,19,0,24,10,0,10,34
11/09/2010,MKL,TN,ASO,CE,Federal Contract Tower,0,0,26,2,28,0,4,11,7,22,0,4,37,9,50,56,0,56,106
11/10/2010,MKL,TN,ASO,CE,Federal Contract Tower,0,0,15,0,15,0,4,16,12,32,0,4,31,12,47,4,4,8,55
11/11/2010,MKL,TN,ASO,CE,Federal Contract Tower,0,0,17,0,17,0,4,17,0,21,0,4,34,0,38,10,0,10,48
11/12/2010,MKL,TN,ASO,CE,Federal Contract Tower,0,0,17,1,18,0,2,22,4,28,0,2,39,5,46,14,22,36,82
11/13/2010,MKL,TN,ASO,CE,Federal Contract Tower,0,2,9,2,13,0,1,1,0,2,0,3,10,2,15,2,0,2,17
11/14/2010,MKL,TN,ASO,CE,Federal Contract Tower,0,0,15,0,15,0,3,27,0,30,0,3,42,0,45,4,0,4,49
11/15/2010,MKL,TN,ASO,CE,Federal Contract Tower,0,3,17,0,20,0,2,1,4,7,0,5,18,4,27,0,16,16,43
11/16/2010,MKL,TN,ASO,CE,Federal Contract Tower,0,4,11,0,15,0,0,0,0,0,0,4,11,0,15,0,0,0,15
11/17/2010,MKL,TN,ASO,CE,Federal Contract Tower,0,2,11,0,13,0,1,8,4,13,0,3,19,4,26,20,28,48,74
11/18/2010,MKL,TN,ASO,CE,Federal Contract Tower,0,2,32,1,35,0,1,4,1,6,0,3,36,2,41,2,24,26,67
11/19/2010,MKL,TN,ASO,CE,Federal Contract Tower,0,10,22,2,34,0,1,9,13,23,0,11,31,15,57,22,40,62,119
11/20/2010,MKL,TN,ASO,CE,Federal Contract Tower,0,1,6,6,13,0,1,22,15,38,0,2,28,21,51,16,2,18,69
11/21/2010,MKL,TN,ASO,CE,Federal Contract Tower,0,2,14,0,16,0,0,8,16,24,0,2,22,16,40,0,0,0,40
11/22/2010,MKL,TN,ASO,CE,Federal Contract Tower,0,0,12,0,12,0,4,14,0,18,0,4,26,0,30,2,0,2,32
11/23/2010,MKL,TN,ASO,CE,Federal Contract Tower,0,4,23,2,29,0,1,4,0,5,0,5,27,2,34,0,0,0,34
11/24/2010,MKL,TN,ASO,CE,Federal Contract Tower,0,3,14,0,17,0,2,4,0,6,0,5,18,0,23,0,0,0,23
11/25/2010,MKL,TN,ASO,CE,Federal Contract Tower,0,0,1,0,1,0,2,0,0,2,0,2,1,0,3,0,0,0,3
11/26/2010,MKL,TN,ASO,CE,Federal Contract Tower,0,0,7,0,7,0,3,14,0,17,0,3,21,0,24,6,0,6,30
11/27/2010,MKL,TN,ASO,CE,Federal Contract Tower,0,1,9,0,10,0,2,25,0,27,0,3,34,0,37,2,0,2,39
11/28/2010,MKL,TN,ASO,CE,Federal Contract Tower,0,2,17,0,19,0,0,14,0,14,0,2,31,0,33,8,0,8,41
11/29/2010,MKL,TN,ASO,CE,Federal Contract Tower,0,1,11,0,12,0,1,1,0,2,0,2,12,0,14,0,0,0,14
11/30/2010,MKL,TN,ASO,CE,Federal Contract Tower,0,7,7,0,14,0,0,0,0,0,0,7,7,0,14,0,0,0,14
12/01/2010,MKL,TN,ASO,CE,Federal Contract Tower,0,2,9,1,12,0,0,14,12,26,0,2,23,13,38,4,0,4,42
12/02/2010,MKL,TN,ASO,CE,Federal Contract Tower,0,4,22,0,26,0,3,8,29,40,0,7,30,29,66,0,12,12,78
12/03/2010,MKL,TN,ASO,CE,Federal Contract Tower,0,2,21,3,26,0,1,40,14,55,0,3,61,17,81,12,50,62,143
12/04/2010,MKL,TN,ASO,CE,Federal Contract Tower,0,2,3,0,5,0,0,3,6,9,0,2,6,6,14,0,14,14,28
12/05/2010,MKL,TN,ASO,CE,Federal Contract Tower,0,1,5,2,8,0,1,3,2,6,0,2,8,4,14,20,0,20,34
12/06/2010,MKL,TN,ASO,CE,Federal Contract Tower,0,1,15,0,16,0,1,12,0,13,0,2,27,0,29,30,0,30,59
12/07/2010,MKL,TN,ASO,CE,Federal Contract Tower,0,3,19,0,22,0,3,13,11,27,0,6,32,11,49,22,36,58,107
12/08/2010,MKL,TN,ASO,CE,Federal Contract Tower,0,4,20,2,26,0,5,26,5,36,0,9,46,7,62,19,34,53,115
12/09/2010,MKL,TN,ASO,CE,Federal Contract Tower,0,5,4,0,9,0,2,13,22,37,0,7,17,22,46,8,14,22,68
12/10/2010,MKL,TN,ASO,CE,Federal Contract Tower,0,3,8,0,11,0,3,21,2,26,0,6,29,2,37,22,0,22,59
12/11/2010,MKL,TN,ASO,CE,Federal Contract Tower,0,0,5,0,5,0,0,0,0,0,0,0,5,0,5,0,0,0,5
12/12/2010,MKL,TN,ASO,CE,Federal Contract Tower,0,0,5,0,5,0,0,0,0,0,0,0,5,0,5,8,0,8,13
12/13/2010,MKL,TN,ASO,CE,Federal Contract Tower,0,1,10,0,11,0,2,6,4,12,0,3,16,4,23,2,0,2,25
12/14/2010,MKL,TN,ASO,CE,Federal Contract Tower,0,0,15,6,21,0,3,34,9,46,0,3,49,15,67,4,0,4,71
12/15/2010,MKL,TN,ASO,CE,Federal Contract Tower,0,4,9,0,13,0,0,3,0,3,0,4,12,0,16,2,0,2,18
12/16/2010,MKL,TN,ASO,CE,Federal Contract Tower,0,7,4,0,11,0,0,0,0,0,0,7,4,0,11,0,0,0,11
12/17/2010,MKL,TN,ASO,CE,Federal Contract Tower,0,3,13,0,16,0,1,19,0,20,0,4,32,0,36,2,0,2,38
12/18/2010,MKL,TN,ASO,CE,Federal Contract Tower,0,2,8,0,10,0,1,21,0,22,0,3,29,0,32,28,0,28,60
12/19/2010,MKL,TN,ASO,CE,Federal Contract Tower,0,1,11,0,12,0,2,20,0,22,0,3,31,0,34,0,0,0,34
12/20/2010,MKL,TN,ASO,CE,Federal Contract Tower,0,4,9,0,13,0,2,8,0,10,0,6,17,0,23,0,0,0,23
12/21/2010,MKL,TN,ASO,CE,Federal Contract Tower,0,1,12,0,13,0,1,5,3,9,0,2,17,3,22,18,50,68,90
12/22/2010,MKL,TN,ASO,CE,Federal Contract Tower,0,4,6,3,13,0,2,27,11,40,0,6,33,14,53,8,10,18,71
12/23/2010,MKL,TN,ASO,CE,Federal Contract Tower,0,1,14,0,15,0,3,15,0,18,0,4,29,0,33,8,0,8,41
12/24/2010,MKL,TN,ASO,CE,Federal Contract Tower,0,1,4,0,5,0,6,2,0,8,0,7,6,0,13,4,0,4,17
12/25/2010,MKL,TN,ASO,CE,Federal Contract Tower,0,2,0,0,2,0,0,0,0,0,0,2,0,0,2,0,0,0,2
12/26/2010,MKL,TN,ASO,CE,Federal Contract Tower,0,2,3,0,5,0,0,0,0,0,0,2,3,0,5,0,0,0,5
12/27/2010,MKL,TN,ASO,CE,Federal Contract Tower,0,4,5,0,9,0,0,9,0,9,0,4,14,0,18,0,0,0,18
12/28/2010,MKL,TN,ASO,CE,Federal Contract Tower,0,3,10,0,13,0,3,17,2,22,0,6,27,2,35,28,0,28,63
12/29/2010,MKL,TN,ASO,CE,Federal Contract Tower,0,3,7,0,10,0,3,0,0,3,0,6,7,0,13,2,0,2,15
12/30/2010,MKL,TN,ASO,CE,Federal Contract Tower,0,2,9,0,11,0,2,8,0,10,0,4,17,0,21,0,0,0,21
12/31/2010,MKL,TN,ASO,CE,Federal Contract Tower,0,2,2,0,4,0,1,0,0,1,0,3,2,0,5,0,0,0,5
01/01/2011,MKL,TN,ASO,CE,Federal Contract Tower,0,3,3,0,6,0,1,5,0,6,0,4,8,0,12,4,0,4,16
01/02/2011,MKL,TN,ASO,CE,Federal Contract Tower,0,4,23,0,27,0,1,17,0,18,0,5,40,0,45,0,0,0,45
01/03/2011,MKL,TN,ASO,CE,Federal Contract Tower,0,2,15,0,17,0,1,38,0,39,0,3,53,0,56,9,0,9,65
01/04/2011,MKL,TN,ASO,CE,Federal Contract Tower,0,2,8,0,10,0,3,51,0,54,0,5,59,0,64,40,0,40,104
01/05/2011,MKL,TN,ASO,CE,Federal Contract Tower,0,6,12,0,18,0,0,25,0,25,0,6,37,0,43,4,0,4,47
01/06/2011,MKL,TN,ASO,CE,Federal Contract Tower,0,3,7,2,12,0,2,23,11,36,0,5,30,13,48,20,0,20,68
01/07/2011,MKL,TN,ASO,CE,Federal Contract Tower,0,1,8,0,9,0,1,23,0,24,0,2,31,0,33,20,0,20,53
01/08/2011,MKL,TN,ASO,CE,Federal Contract Tower,0,1,12,0,13,0,1,30,10,41,0,2,42,10,54,26,0,26,80
01/09/2011,MKL,TN,ASO,CE,Federal Contract Tower,0,1,2,2,5,0,1,4,2,7,0,2,6,4,12,8,2,10,22
01/10/2011,MKL,TN,ASO,CE,Federal Contract Tower,0,1,0,0,1,0,0,0,0,0,0,1,0,0,1,0,0,0,1
01/11/2011,MKL,TN,ASO,CE,Federal Contract Tower,0,3,4,0,7,0,1,16,0,17,0,4,20,0,24,0,0,0,24
01/12/2011,MKL,TN,ASO,CE,Federal Contract Tower,0,3,6,0,9,0,0,16,4,20,0,3,22,4,29,0,0,0,29
01/13/2011,MKL,TN,ASO,CE,Federal Contract Tower,0,0,11,2,13,0,4,17,18,39,0,4,28,20,52,24,0,24,76
01/14/2011,MKL,TN,ASO,CE,Federal Contract Tower,0,2,9,2,13,0,1,15,4,20,0,3,24,6,33,0,0,0,33
01/15/2011,MKL,TN,ASO,CE,Federal Contract Tower,0,2,3,0,5,0,0,21,0,21,0,2,24,0,26,20,0,20,46
01/16/2011,MKL,TN,ASO,CE,Federal Contract Tower,0,0,8,0,8,0,2,19,0,21,0,2,27,0,29,0,0,0,29
01/17/2011,MKL,TN,ASO,CE,Federal Contract Tower,0,5,6,0,11,0,0,1,0,1,0,5,7,0,12,0,0,0,12
01/18/2011,MKL,TN,ASO,CE,Federal Contract Tower,0,4,11,0,15,0,0,0,0,0,0,4,11,0,15,0,0,0,15
01/19/2011,MKL,TN,ASO,CE,Federal Contract Tower,0,1,15,2,18,0,0,3,2,5,0,1,18,4,23,10,0,10,33
01/20/2011,MKL,TN,ASO,CE,Federal Contract Tower,0,2,6,0,8,0,0,0,0,0,0,2,6,0,8,0,0,0,8
01/21/2011,MKL,TN,ASO,CE,Federal Contract Tower,0,3,6,1,10,0,2,9,1,12,0,5,15,2,22,4,0,4,26
01/22/2011,MKL,TN,ASO,CE,Federal Contract Tower,0,1,5,0,6,0,1,8,12,21,0,2,13,12,27,4,18,22,49
01/23/2011,MKL,TN,ASO,CE,Federal Contract Tower,0,3,10,2,15,0,1,5,13,19,0,4,15,15,34,0,22,22,56
01/24/2011,MKL,TN,ASO,CE,Federal Contract Tower,0,4,4,0,8,0,0,2,0,2,0,4,6,0,10,0,0,0,10
01/25/2011,MKL,TN,ASO,CE,Federal Contract Tower,0,1,8,0,9,0,0,0,0,0,0,1,8,0,9,0,0,0,9
01/26/2011,MKL,TN,ASO,CE,Federal Contract Tower,0,2,9,0,11,0,0,10,7,17,0,2,19,7,28,0,26,26,54
01/27/2011,MKL,TN,ASO,CE,Federal Contract Tower,0,2,15,1,18,0,1,17,26,44,0,3,32,27,62,0,0,0,62
01/28/2011,MKL,TN,ASO,CE,Federal Contract Tower,0,2,7,1,10,0,1,19,14,34,0,3,26,15,44,0,26,26,70
01/29/2011,MKL,TN,ASO,CE,Federal Contract Tower,0,1,5,0,6,0,2,29,0,31,0,3,34,0,37,20,0,20,57
01/30/2011,MKL,TN,ASO,CE,Federal Contract Tower,0,1,8,0,9,0,0,1,0,1,0,1,9,0,10,0,0,0,10
01/31/2011,MKL,TN,ASO,CE,Federal Contract Tower,0,3,6,0,9,0,0,3,0,3,0,3,9,0,12,0,0,0,12
02/01/2011,MKL,TN,ASO,CE,Federal Contract Tower,0,2,2,0,4,0,0,0,0,0,0,2,2,0,4,0,0,0,4
02/02/2011,MKL,TN,ASO,CE,Federal Contract Tower,0,1,6,2,9,0,6,3,10,19,0,7,9,12,28,2,8,10,38
02/03/2011,MKL,TN,ASO,CE,Federal Contract Tower,0,2,16,0,18,0,3,22,21,46,0,5,38,21,64,0,28,28,92
02/04/2011,MKL,TN,ASO,CE,Federal Contract Tower,0,8,8,0,16,0,0,3,0,3,0,8,11,0,19,0,0,0,19
02/05/2011,MKL,TN,ASO,CE,Federal Contract Tower,0,2,3,0,5,0,1,4,2,7,0,3,7,2,12,0,0,0,12
02/06/2011,MKL,TN,ASO,CE,Federal Contract Tower,0,0,8,0,8,0,4,14,5,23,0,4,22,5,31,2,0,2,33
02/07/2011,MKL,TN,ASO,CE,Federal Contract Tower,0,3,3,0,6,0,1,0,0,1,0,4,3,0,7,0,0,0,7
02/08/2011,MKL,TN,ASO,CE,Federal Contract Tower,0,2,11,0,13,0,1,17,1,19,0,3,28,1,32,0,0,0,32
02/09/2011,MKL,TN,ASO,CE,Federal Contract Tower,0,2,3,2,7,0,1,1,0,2,0,3,4,2,9,0,0,0,9
02/10/2011,MKL,TN,ASO,CE,Federal Contract Tower,0,5,7,0,12,0,2,8,3,13,0,7,15,3,25,0,0,0,25
02/11/2011,MKL,TN,ASO,CE,Federal Contract Tower,0,4,13,2,19,0,2,12,0,14,0,6,25,2,33,16,0,16,49
02/12/2011,MKL,TN,ASO,CE,Federal Contract Tower,0,1,4,0,5,0,2,19,0,21,0,3,23,0,26,12,0,12,38
02/13/2011,MKL,TN,ASO,CE,Federal Contract Tower,0,3,13,0,16,0,5,9,0,14,0,8,22,0,30,0,0,0,30
02/14/2011,MKL,TN,ASO,CE,Federal Contract Tower,0,3,1,0,4,0,1,21,0,22,0,4,22,0,26,12,0,12,38
02/15/2011,MKL,TN,ASO,CE,Federal Contract Tower,0,2,8,0,10,0,1,26,2,29,0,3,34,2,39,8,14,22,61
02/16/2011,MKL,TN,ASO,CE,Federal Contract Tower,0,1,10,0,11,0,3,24,0,27,0,4,34,0,38,8,0,8,46
02/17/2011,MKL,TN,ASO,CE,Federal Contract Tower,0,4,12,2,18,0,0,37,0,37,0,4,49,2,55,4,0,4,59
02/18/2011,MKL,TN,ASO,CE,Federal Contract Tower,0,4,9,0,13,0,1,6,0,7,0,5,15,0,20,0,0,0,20
02/19/2011,MKL,TN,ASO,CE,Federal Contract Tower,0,2,8,0,10,0,0,11,3,14,0,2,19,3,24,2,0,2,26
02/20/2011,MKL,TN,ASO,CE,Federal Contract Tower,0,1,6,2,9,0,2,6,2,10,0,3,12,4,19,0,0,0,19
02/21/2011,MKL,TN,ASO,CE,Federal Contract Tower,0,3,13,0,16,0,0,8,2,10,0,3,21,2,26,2,0,2,28
02/22/2011,MKL,TN,ASO,CE,Federal Contract Tower,0,4,21,2,27,0,2,40,4,46,0,6,61,6,73,18,0,18,91
02/23/2011,MKL,TN,ASO,CE,Federal Contract Tower,0,3,10,3,16,0,1,29,6,36,0,4,39,9,52,2,28,30,82
02/24/2011,MKL,TN,ASO,CE,Federal Contract Tower,0,6,4,0,10,0,0,0,0,0,0,6,4,0,10,0,0,0,10
02/25/2011,MKL,TN,ASO,CE,Federal Contract Tower,0,1,12,0,13,0,4,19,0,23,0,5,31,0,36,0,0,0,36
02/26/2011,MKL,TN,ASO,CE,Federal Contract Tower,0,2,3,0,5,0,1,22,0,23,0,3,25,0,28,10,0,10,38
02/27/2011,MKL,TN,ASO,CE,Federal Contract Tower,0,2,10,0,12,0,1,5,0,6,0,3,15,0,18,0,0,0,18
02/28/2011,MKL,TN,ASO,CE,Federal Contract Tower,0,2,3,0,5,0,1,1,0,2,0,3,4,0,7,0,0,0,7
03/01/2011,MKL,TN,ASO,CE,Federal Contract Tower,0,0,8,0,8,0,3,44,26,73,0,3,52,26,81,0,36,36,117
03/02/2011,MKL,TN,ASO,CE,Federal Contract Tower,0,0,4,0,4,0,4,35,18,57,0,4,39,18,61,16,8,24,85
03/03/2011,MKL,TN,ASO,CE,Federal Contract Tower,0,0,13,0,13,0,4,30,23,57,0,4,43,23,70,10,22,32,102
03/04/2011,MKL,TN,ASO,CE,Federal Contract Tower,0,3,13,0,16,0,0,1,2,3,0,3,14,2,19,0,0,0,19
03/05/2011,MKL,TN,ASO,CE,Federal Contract Tower,0,3,6,0,9,0,0,0,0,0,0,3,6,0,9,0,0,0,9
03/06/2011,MKL,TN,ASO,CE,Federal Contract Tower,0,1,9,0,10,0,0,6,2,8,0,1,15,2,18,0,0,0,18
03/07/2011,MKL,TN,ASO,CE,Federal Contract Tower,0,2,13,1,16,0,2,7,11,20,0,4,20,12,36,0,38,38,74
03/08/2011,MKL,TN,ASO,CE,Federal Contract Tower,0,1,8,2,11,0,4,1,13,18,0,5,9,15,29,0,16,16,45
03/09/2011,MKL,TN,ASO,CE,Federal Contract Tower,0,4,22,2,28,0,0,19,2,21,0,4,41,4,49,0,0,0,49
03/10/2011,MKL,TN,ASO,CE,Federal Contract Tower,0,2,20,0,22,0,2,19,22,43,0,4,39,22,65,22,16,38,103
03/11/2011,MKL,TN,ASO,CE,Federal Contract Tower,0,4,21,0,25,0,2,40,8,50,0,6,61,8,75,18,2,20,95
03/12/2011,MKL,TN,ASO,CE,Federal Contract Tower,0,1,15,1,17,0,3,40,7,50,0,4,55,8,67,4,54,58,125
03/13/2011,MKL,TN,ASO,CE,Federal Contract Tower,0,1,7,1,9,0,4,10,11,25,0,5,17,12,34,18,28,46,80
03/14/2011,MKL,TN,ASO,CE,Federal Contract Tower,0,2,17,0,19,0,0,5,0,5,0,2,22,0,24,0,0,0,24
03/15/2011,MKL,TN,ASO,CE,Federal Contract Tower,0,3,12,0,15,0,0,5,2,7,0,3,17,2,22,0,0,0,22
03/16/2011,MKL,TN,ASO,CE,Federal Contract Tower,0,3,15,0,18,0,1,68,7,76,0,4,83,7,94,10,8,18,112
03/17/2011,MKL,TN,ASO,CE,Federal Contract Tower,0,3,12,0,15,0,3,36,13,52,0,6,48,13,67,0,48,48,115
03/18/2011,MKL,TN,ASO,CE,Federal Contract Tower,0,1,9,1,11,0,2,31,15,48,0,3,40,16,59,14,2,16,75
03/19/2011,MKL,TN,ASO,CE,Federal Contract Tower,0,3,8,1,12,0,2,17,12,31,0,5,25,13,43,20,84,104,147
03/20/2011,MKL,TN,ASO,CE,Federal Contract Tower,0,2,17,0,19,0,1,7,6,14,0,3,24,6,33,0,0,0,33
03/21/2011,MKL,TN,ASO,CE,Federal Contract Tower,0,1,15,0,16,0,3,18,0,21,0,4,33,0,37,0,0,0,37
03/22/2011,MKL,TN,ASO,CE,Federal Contract Tower,0,1,6,0,7,0,5,23,4,32,0,6,29,4,39,20,2,22,61
03/23/2011,MKL,TN,ASO,CE,Federal Contract Tower,0,3,10,0,13,0,2,2,4,8,0,5,12,4,21,0,0,0,21
03/24/2011,MKL,TN,ASO,CE,Federal Contract Tower,0,2,12,2,16,0,1,27,16,44,0,3,39,18,60,0,28,28,88
03/25/2011,MKL,TN,ASO,CE,Federal Contract Tower,0,2,0,22,24,0,2,14,0,16,0,4,14,22,40,4,0,4,44
03/26/2011,MKL,TN,ASO,CE,Federal Contract Tower,0,3,6,0,9,0,0,0,0,0,0,3,6,0,9,0,0,0,9
03/27/2011,MKL,TN,ASO,CE,Federal Contract Tower,0,4,11,0,15,0,0,4,0,4,0,4,15,0,19,0,0,0,19
03/28/2011,MKL,TN,ASO,CE,Federal Contract Tower,0,3,10,0,13,0,0,15,0,15,0,3,25,0,28,0,0,0,28
03/29/2011,MKL,TN,ASO,CE,Federal Contract Tower,0,6,7,2,15,0,1,14,4,19,0,7,21,6,34,8,10,18,52
03/30/2011,MKL,TN,ASO,CE,Federal Contract Tower,0,2,16,0,18,0,1,5,5,11,0,3,21,5,29,0,12,12,41
03/31/2011,MKL,TN,ASO,CE,Federal Contract Tower,0,6,14,0,20,0,1,48,15,64,0,7,62,15,84,8,28,36,120
04/01/2011,MKL,TN,ASO,CE,Federal Contract Tower,0,4,14,0,18,0,0,23,21,44,0,4,37,21,62,6,36,42,104
04/02/2011,MKL,TN,ASO,CE,Federal Contract Tower,0,2,7,0,9,0,1,46,6,53,0,3,53,6,62,34,0,34,96
04/03/2011,MKL,TN,ASO,CE,Federal Contract Tower,0,1,15,1,17,0,3,10,16,29,0,4,25,17,46,2,16,18,64
04/04/2011,MKL,TN,ASO,CE,Federal Contract Tower,0,5,3,0,8,0,1,0,0,1,0,6,3,0,9,0,0,0,9
04/05/2011,MKL,TN,ASO,CE,Federal Contract Tower,0,2,14,3,19,0,3,23,4,30,0,5,37,7,49,0,8,8,57
04/06/2011,MKL,TN,ASO,CE,Federal Contract Tower,0,1,11,1,13,0,3,24,1,28,0,4,35,2,41,16,0,16,57
04/07/2011,MKL,TN,ASO,CE,Federal Contract Tower,0,3,9,0,12,0,5,26,13,44,0,8,35,13,56,12,26,38,94
04/08/2011,MKL,TN,ASO,CE,Federal Contract Tower,0,1,26,0,27,0,1,12,8,21,0,2,38,8,48,6,0,6,54
04/09/2011,MKL,TN,ASO,CE,Federal Contract Tower,0,1,5,0,6,0,2,7,0,9,0,3,12,0,15,4,0,4,19
04/10/2011,MKL,TN,ASO,CE,Federal Contract Tower,0,3,10,0,13,0,1,2,0,3,0,4,12,0,16,0,0,0,16
04/11/2011,MKL,TN,ASO,CE,Federal Contract Tower,0,5,7,0,12,0,0,3,0,3,0,5,10,0,15,0,0,0,15
04/12/2011,MKL,TN,ASO,CE,Federal Contract Tower,0,3,8,1,12,0,2,15,7,24,0,5,23,8,36,12,0,12,48
04/13/2011,MKL,TN,ASO,CE,Federal Contract Tower,0,1,18,0,19,0,3,46,3,52,0,4,64,3,71,6,2,8,79
04/14/2011,MKL,TN,ASO,CE,Federal Contract Tower,0,3,16,0,19,0,1,19,16,36,0,4,35,16,55,10,60,70,125
04/15/2011,MKL,TN,ASO,CE,Federal Contract Tower,0,4,10,0,14,0,0,7,10,17,0,4,17,10,31,0,4,4,35
04/16/2011,MKL,TN,ASO,CE,Federal Contract Tower,0,3,14,0,17,0,1,4,10,15,0,4,18,10,32,0,0,0,32
04/17/2011,MKL,TN,ASO,CE,Federal Contract Tower,0,2,27,5,34,0,2,18,8,28,0,4,45,13,62,0,0,0,62
04/18/2011,MKL,TN,ASO,CE,Federal Contract Tower,0,1,5,2,8,0,3,17,0,20,0,4,22,2,28,28,0,28,56
04/19/2011,MKL,TN,ASO,CE,Federal Contract Tower,0,21,11,0,32,0,2,1,0,3,0,23,12,0,35,12,0,12,47
04/20/2011,MKL,TN,ASO,CE,Federal Contract Tower,0,3,11,2,16,0,2,12,8,22,0,5,23,10,38,16,0,16,54
04/21/2011,MKL,TN,ASO,CE,Federal Contract Tower,0,1,10,0,11,0,0,14,2,16,0,1,24,2,27,0,0,0,27
04/22/2011,MKL,TN,ASO,CE,Federal Contract Tower,0,2,18,0,20,0,1,13,2,16,0,3,31,2,36,0,0,0,36
04/23/2011,MKL,TN,ASO,CE,Federal Contract Tower,0,4,6,0,10,0,0,7,0,7,0,4,13,0,17,0,0,0,17
04/24/2011,MKL,TN,ASO,CE,Federal Contract Tower,0,4,4,0,8,0,0,2,0,2,0,4,6,0,10,0,0,0,10
04/25/2011,MKL,TN,ASO,CE,Federal Contract Tower,0,3,12,0,15,0,1,6,0,7,0,4,18,0,22,6,0,6,28
04/26/2011,MKL,TN,ASO,CE,Federal Contract Tower,0,2,10,0,12,0,2,3,1,6,0,4,13,1,18,2,2,4,22
04/27/2011,MKL,TN,ASO,CE,Federal Contract Tower,0,4,5,0,9,0,0,0,0,0,0,4,5,0,9,0,0,0,9
04/28/2011,MKL,TN,ASO,CE,Federal Contract Tower,0,3,16,2,21,0,2,21,17,40,0,5,37,19,61,24,8,32,93
04/29/2011,MKL,TN,ASO,CE,Federal Contract Tower,0,3,23,0,26,0,0,30,2,32,0,3,53,2,58,16,2,18,76
04/30/2011,MKL,TN,ASO,CE,Federal Contract Tower,0,3,7,0,10,0,2,9,11,22,0,5,16,11,32,0,4,4,36
05/01/2011,MKL,TN,ASO,CE,Federal Contract Tower,0,3,6,0,9,0,0,0,0,0,0,3,6,0,9,0,0,0,9
05/02/2011,MKL,TN,ASO,CE,Federal Contract Tower,0,2,6,0,8,0,0,1,0,1,0,2,7,0,9,0,0,0,9
05/03/2011,MKL,TN,ASO,CE,Federal Contract Tower,0,2,2,4,8,0,1,10,14,25,0,3,12,18,33,16,0,16,49
05/04/2011,MKL,TN,ASO,CE,Federal Contract Tower,0,1,17,0,18,0,1,48,8,57,0,2,65,8,75,18,12,30,105
05/05/2011,MKL,TN,ASO,CE,Federal Contract Tower,0,2,7,0,9,0,1,20,12,33,0,3,27,12,42,12,38,50,92
05/06/2011,MKL,TN,ASO,CE,Federal Contract Tower,0,2,18,0,20,0,0,18,2,20,0,2,36,2,40,16,0,16,56
05/07/2011,MKL,TN,ASO,CE,Federal Contract Tower,0,4,10,0,14,0,0,10,0,10,0,4,20,0,24,0,0,0,24
05/08/2011,MKL,TN,ASO,CE,Federal Contract Tower,0,3,10,0,13,0,0,8,0,8,0,3,18,0,21,0,0,0,21
05/09/2011,MKL,TN,ASO,CE,Federal Contract Tower,0,2,10,0,12,0,0,11,0,11,0,2,21,0,23,8,0,8,31
05/10/2011,MKL,TN,ASO,CE,Federal Contract Tower,0,1,13,2,16,0,1,34,8,43,0,2,47,10,59,4,0,4,63
05/11/2011,MKL,TN,ASO,CE,Federal Contract Tower,0,4,18,2,24,0,0,20,0,20,0,4,38,2,44,16,0,16,60
05/12/2011,MKL,TN,ASO,CE,Federal Contract Tower,0,8,16,0,24,0,5,5,10,20,0,13,21,10,44,0,48,48,92
05/13/2011,MKL,TN,ASO,CE,Federal Contract Tower,0,5,15,0,20,0,8,10,0,18,0,13,25,0,38,0,0,0,38
05/14/2011,MKL,TN,ASO,CE,Federal Contract Tower,0,3,10,2,15,0,0,4,0,4,0,3,14,2,19,12,0,12,31
05/15/2011,MKL,TN,ASO,CE,Federal Contract Tower,0,5,11,2,18,0,0,7,0,7,0,5,18,2,25,6,0,6,31
05/16/2011,MKL,TN,ASO,CE,Federal Contract Tower,0,4,15,0,19,0,0,0,5,5,0,4,15,5,24,0,0,0,24
05/17/2011,MKL,TN,ASO,CE,Federal Contract Tower,0,4,12,0,16,0,0,15,0,15,0,4,27,0,31,4,0,4,35
05/18/2011,MKL,TN,ASO,CE,Federal Contract Tower,0,4,9,2,15,0,0,24,3,27,0,4,33,5,42,0,0,0,42
05/19/2011,MKL,TN,ASO,CE,Federal Contract Tower,0,4,10,1,15,0,0,18,0,18,0,4,28,1,33,0,0,0,33
05/20/2011,MKL,TN,ASO,CE,Federal Contract Tower,0,4,18,0,22,0,0,37,0,37,0,4,55,0,59,22,0,22,81
05/21/2011,MKL,TN,ASO,CE,Federal Contract Tower,0,3,5,0,8,0,0,10,0,10,0,3,15,0,18,4,0,4,22
05/22/2011,MKL,TN,ASO,CE,Federal Contract Tower,0,3,12,0,15,0,1,3,0,4,0,4,15,0,19,0,0,0,19
05/23/2011,MKL,TN,ASO,CE,Federal Contract Tower,0,3,15,0,18,0,2,6,5,13,0,5,21,5,31,4,0,4,35
05/24/2011,MKL,TN,ASO,CE,Federal Contract Tower,0,2,9,0,11,0,7,8,9,24,0,9,17,9,35,0,16,16,51
05/25/2011,MKL,TN,ASO,CE,Federal Contract Tower,0,2,13,3,18,0,2,14,12,28,0,4,27,15,46,0,10,10,56
05/26/2011,MKL,TN,ASO,CE,Federal Contract Tower,0,4,30,1,35,0,0,22,20,42,0,4,52,21,77,18,0,18,95
05/27/2011,MKL,TN,ASO,CE,Federal Contract Tower,0,4,17,0,21,0,0,6,0,6,0,4,23,0,27,0,0,0,27
05/28/2011,MKL,TN,ASO,CE,Federal Contract Tower,0,3,5,0,8,0,0,5,2,7,0,3,10,2,15,8,0,8,23
05/29/2011,MKL,TN,ASO,CE,Federal Contract Tower,0,3,5,0,8,0,0,10,0,10,0,3,15,0,18,0,0,0,18
05/30/2011,MKL,TN,ASO,CE,Federal Contract Tower,0,1,11,0,12,0,2,8,0,10,0,3,19,0,22,0,0,0,22
05/31/2011,MKL,TN,ASO,CE,Federal Contract Tower,0,3,14,2,19,0,0,35,3,38,0,3,49,5,57,22,0,22,79
06/01/2011,MKL,TN,ASO,CE,Federal Contract Tower,0,1,9,0,10,0,1,27,5,33,0,2,36,5,43,0,0,0,43
06/02/2011,MKL,TN,ASO,CE,Federal Contract Tower,0,3,9,3,15,0,3,45,11,59,0,6,54,14,74,0,0,0,74
06/03/2011,MKL,TN,ASO,CE,Federal Contract Tower,0,3,10,0,13,0,0,18,3,21,0,3,28,3,34,4,8,12,46
06/04/2011,MKL,TN,ASO,CE,Federal Contract Tower,0,3,8,0,11,0,0,27,0,27,0,3,35,0,38,16,0,16,54
06/05/2011,MKL,TN,ASO,CE,Federal Contract Tower,0,3,5,0,8,0,0,3,0,3,0,3,8,0,11,0,0,0,11
06/06/2011,MKL,TN,ASO,CE,Federal Contract Tower,0,4,10,0,14,0,0,6,0,6,0,4,16,0,20,10,0,10,30
06/07/2011,MKL,TN,ASO,CE,Federal Contract Tower,0,3,24,0,27,0,0,33,2,35,0,3,57,2,62,8,0,8,70
06/08/2011,MKL,TN,ASO,CE,Federal Contract Tower,0,4,10,0,14,0,0,36,9,45,0,4,46,9,59,8,0,8,67
06/09/2011,MKL,TN,ASO,CE,Federal Contract Tower,0,4,18,0,22,0,0,32,12,44,0,4,50,12,66,12,14,26,92
06/10/2011,MKL,TN,ASO,CE,Federal Contract Tower,0,4,14,0,18,0,0,13,0,13,0,4,27,0,31,12,0,12,43
06/11/2011,MKL,TN,ASO,CE,Federal Contract Tower,0,1,6,0,7,0,3,17,0,20,0,4,23,0,27,2,0,2,29
06/12/2011,MKL,TN,ASO,CE,Federal Contract Tower,0,4,9,0,13,0,0,4,0,4,0,4,13,0,17,0,0,0,17
06/13/2011,MKL,TN,ASO,CE,Federal Contract Tower,0,4,5,0,9,0,0,1,2,3,0,4,6,2,12,0,8,8,20
06/14/2011,MKL,TN,ASO,CE,Federal Contract Tower,0,3,4,0,7,0,1,33,0,34,0,4,37,0,41,8,0,8,49
06/15/2011,MKL,TN,ASO,CE,Federal Contract Tower,0,6,9,0,15,0,0,38,6,44,0,6,47,6,59,24,0,24,83
06/16/2011,MKL,TN,ASO,CE,Federal Contract Tower,0,3,20,0,23,0,0,23,12,35,0,3,43,12,58,60,8,68,126
06/17/2011,MKL,TN,ASO,CE,Federal Contract Tower,0,4,14,0,18,0,0,14,0,14,0,4,28,0,32,16,0,16,48
06/18/2011,MKL,TN,ASO,CE,Federal Contract Tower,0,2,5,0,7,0,0,6,0,6,0,2,11,0,13,0,0,0,13
06/19/2011,MKL,TN,ASO,CE,Federal Contract Tower,0,4,3,0,7,0,1,11,0,12,0,5,14,0,19,4,0,4,23
06/20/2011,MKL,TN,ASO,CE,Federal Contract Tower,0,1,17,0,18,0,2,19,0,21,0,3,36,0,39,0,0,0,39
06/21/2011,MKL,TN,ASO,CE,Federal Contract Tower,0,2,25,0,27,0,0,5,3,8,0,2,30,3,35,0,12,12,47
06/22/2011,MKL,TN,ASO,CE,Federal Contract Tower,0,3,20,0,23,0,1,29,1,31,0,4,49,1,54,14,6,20,74
06/23/2011,MKL,TN,ASO,CE,Federal Contract Tower,0,4,9,0,13,0,0,41,13,54,0,4,50,13,67,0,12,12,79
06/24/2011,MKL,TN,ASO,CE,Federal Contract Tower,0,4,20,0,24,0,0,32,19,51,0,4,52,19,75,0,0,0,75
06/25/2011,MKL,TN,ASO,CE,Federal Contract Tower,0,2,3,0,5,0,0,15,13,28,0,2,18,13,33,14,65,79,112
06/26/2011,MKL,TN,ASO,CE,Federal Contract Tower,0,2,8,1,11,0,2,21,13,36,0,4,29,14,47,10,2,12,59
06/27/2011,MKL,TN,ASO,CE,Federal Contract Tower,0,4,10,1,15,0,0,13,4,17,0,4,23,5,32,0,50,50,82
06/28/2011,MKL,TN,ASO,CE,Federal Contract Tower,0,8,13,0,21,0,2,26,0,28,0,10,39,0,49,12,0,12,61
06/29/2011,MKL,TN,ASO,CE,Federal Contract Tower,0,8,8,0,16,0,3,45,8,56,0,11,53,8,72,58,0,58,130
06/30/2011,MKL,TN,ASO,CE,Federal Contract Tower,0,4,14,0,18,0,0,38,13,51,0,4,52,13,69,52,22,74,143
07/01/2011,MKL,TN,ASO,CE,Federal Contract Tower,0,4,15,0,19,0,0,40,0,40,0,4,55,0,59,0,0,0,59
07/02/2011,MKL,TN,ASO,CE,Federal Contract Tower,0,3,5,0,8,0,0,33,0,33,0,3,38,0,41,0,0,0,41
07/03/2011,MKL,TN,ASO,CE,Federal Contract Tower,0,3,8,0,11,0,0,12,0,12,0,3,20,0,23,0,0,0,23
07/04/2011,MKL,TN,ASO,CE,Federal Contract Tower,0,4,5,0,9,0,0,6,2,8,0,4,11,2,17,4,0,4,21
07/05/2011,MKL,TN,ASO,CE,Federal Contract Tower,0,4,11,4,19,0,2,32,0,34,0,6,43,4,53,16,0,16,69
07/06/2011,MKL,TN,ASO,CE,Federal Contract Tower,0,4,5,0,9,0,0,39,11,50,0,4,44,11,59,19,22,41,100
07/07/2011,MKL,TN,ASO,CE,Federal Contract Tower,0,6,9,0,15,0,0,28,29,57,0,6,37,29,72,78,22,100,172
07/08/2011,MKL,TN,ASO,CE,Federal Contract Tower,0,4,5,0,9,0,0,34,27,61,0,4,39,27,70,44,34,78,148
07/09/2011,MKL,TN,ASO,CE,Federal Contract Tower,0,3,6,0,9,0,0,21,26,47,0,3,27,26,56,8,62,70,126
07/10/2011,MKL,TN,ASO,CE,Federal Contract Tower,0,3,7,0,10,0,0,8,4,12,0,3,15,4,22,0,0,0,22
07/11/2011,MKL,TN,ASO,CE,Federal Contract Tower,0,4,25,1,30,0,0,11,3,14,0,4,36,4,44,8,0,8,52
07/12/2011,MKL,TN,ASO,CE,Federal Contract Tower,0,4,3,0,7,0,0,9,12,21,0,4,12,12,28,0,0,0,28
07/13/2011,MKL,TN,ASO,CE,Federal Contract Tower,0,3,17,6,26,0,1,35,18,54,0,4,52,24,80,28,50,78,158
07/14/2011,MKL,TN,ASO,CE,Federal Contract Tower,0,4,11,0,15,0,0,31,4,35,0,4,42,4,50,14,4,18,68
07/15/2011,MKL,TN,ASO,CE,Federal Contract Tower,0,3,16,7,26,0,0,29,6,35,0,3,45,13,61,6,0,6,67
07/16/2011,MKL,TN,ASO,CE,Federal Contract Tower,0,5,12,0,17,0,0,8,1,9,0,5,20,1,26,2,0,2,28
07/17/2011,MKL,TN,ASO,CE,Federal Contract Tower,0,2,10,2,14,0,1,3,2,6,0,3,13,4,20,0,0,0,20
07/18/2011,MKL,TN,ASO,CE,Federal Contract Tower,0,2,11,0,13,0,1,16,0,17,0,3,27,0,30,0,0,0,30
07/19/2011,MKL,TN,ASO,CE,Federal Contract Tower,0,4,8,0,12,0,1,20,0,21,0,5,28,0,33,34,0,34,67
07/20/2011,MKL,TN,ASO,CE,Federal Contract Tower,0,3,7,0,10,0,1,28,0,29,0,4,35,0,39,12,0,12,51
07/21/2011,MKL,TN,ASO,CE,Federal Contract Tower,0,4,4,0,8,0,0,34,8,42,0,4,38,8,50,10,12,22,72
07/22/2011,MKL,TN,ASO,CE,Federal Contract Tower,0,4,9,0,13,0,0,18,14,32,0,4,27,14,45,8,20,28,73
07/23/2011,MKL,TN,ASO,CE,Federal Contract Tower,0,3,12,2,17,0,0,38,18,56,0,3,50,20,73,16,28,44,117
07/24/2011,MKL,TN,ASO,CE,Federal Contract Tower,0,3,9,0,12,0,0,7,3,10,0,3,16,3,22,24,20,44,66
07/25/2011,MKL,TN,ASO,CE,Federal Contract Tower,0,3,8,2,13,0,1,10,2,13,0,4,18,4,26,20,0,20,46
07/26/2011,MKL,TN,ASO,CE,Federal Contract Tower,0,4,14,3,21,0,0,28,3,31,0,4,42,6,52,50,0,50,102
07/27/2011,MKL,TN,ASO,CE,Federal Contract Tower,0,3,10,0,13,0,1,18,6,25,0,4,28,6,38,16,0,16,54
07/28/2011,MKL,TN,ASO,CE,Federal Contract Tower,0,3,6,0,9,0,2,21,8,31,0,5,27,8,40,0,0,0,40
07/29/2011,MKL,TN,ASO,CE,Federal Contract Tower,0,4,8,0,12,0,1,2,0,3,0,5,10,0,15,0,0,0,15
07/30/2011,MKL,TN,ASO,CE,Federal Contract Tower,0,3,11,0,14,0,0,14,0,14,0,3,25,0,28,8,0,8,36
07/31/2011,MKL,TN,ASO,CE,Federal Contract Tower,0,2,9,0,11,0,1,22,0,23,0,3,31,0,34,18,0,18,52
08/01/2011,MKL,TN,ASO,CE,Federal Contract Tower,0,1,14,2,17,0,4,13,3,20,0,5,27,5,37,8,0,8,45
08/02/2011,MKL,TN,ASO,CE,Federal Contract Tower,0,3,10,0,13,0,1,22,12,35,0,4,32,12,48,10,32,42,90
08/03/2011,MKL,TN,ASO,CE,Federal Contract Tower,0,5,17,1,23,0,1,14,5,20,0,6,31,6,43,12,2,14,57
08/04/2011,MKL,TN,ASO,CE,Federal Contract Tower,0,3,9,0,12,0,1,20,22,43,0,4,29,22,55,0,12,12,67
08/05/2011,MKL,TN,ASO,CE,Federal Contract Tower,0,4,8,0,12,0,0,9,9,18,0,4,17,9,30,0,0,0,30
08/06/2011,MKL,TN,ASO,CE,Federal Contract Tower,0,3,5,1,9,0,0,10,16,26,0,3,15,17,35,4,10,14,49
08/07/2011,MKL,TN,ASO,CE,Federal Contract Tower,0,2,6,0,8,0,1,11,0,12,0,3,17,0,20,16,0,16,36
08/08/2011,MKL,TN,ASO,CE,Federal Contract Tower,0,5,9,1,15,0,0,12,6,18,0,5,21,7,33,10,16,26,59
08/09/2011,MKL,TN,ASO,CE,Federal Contract Tower,0,5,15,0,20,0,1,18,9,28,0,6,33,9,48,12,40,52,100
08/10/2011,MKL,TN,ASO,CE,Federal Contract Tower,0,4,10,0,14,0,0,28,8,36,0,4,38,8,50,23,22,45,95
08/11/2011,MKL,TN,ASO,CE,Federal Contract Tower,0,3,10,0,13,0,1,4,14,19,0,4,14,14,32,8,16,24,56
08/12/2011,MKL,TN,ASO,CE,Federal Contract Tower,0,4,11,0,15,0,0,27,2,29,0,4,38,2,44,20,0,20,64
08/13/2011,MKL,TN,ASO,CE,Federal Contract Tower,0,2,3,0,5,0,1,18,0,19,0,3,21,0,24,26,0,26,50
08/14/2011,MKL,TN,ASO,CE,Federal Contract Tower,0,0,7,0,7,0,3,20,0,23,0,3,27,0,30,0,0,0,30
08/15/2011,MKL,TN,ASO,CE,Federal Contract Tower,0,4,5,0,9,0,0,21,0,21,0,4,26,0,30,12,0,12,42
08/16/2011,MKL,TN,ASO,CE,Federal Contract Tower,0,3,3,3,9,0,1,17,6,24,0,4,20,9,33,2,16,18,51
08/17/2011,MKL,TN,ASO,CE,Federal Contract Tower,0,0,16,0,16,0,1,27,1,29,0,1,43,1,45,46,0,46,91
08/18/2011,MKL,TN,ASO,CE,Federal Contract Tower,0,4,6,2,12,0,1,21,26,48,0,5,27,28,60,0,24,24,84
08/19/2011,MKL,TN,ASO,CE,Federal Contract Tower,0,4,9,1,14,0,0,22,16,38,0,4,31,17,52,20,2,22,74
08/20/2011,MKL,TN,ASO,CE,Federal Contract Tower,0,5,3,6,14,0,0,33,13,46,0,5,36,19,60,14,22,36,96
08/21/2011,MKL,TN,ASO,CE,Federal Contract Tower,0,3,4,8,15,0,0,8,17,25,0,3,12,25,40,22,22,44,84
08/22/2011,MKL,TN,ASO,CE,Federal Contract Tower,0,3,9,0,12,0,1,15,0,16,0,4,24,0,28,16,0,16,44
08/23/2011,MKL,TN,ASO,CE,Federal Contract Tower,0,1,9,2,12,0,3,15,7,25,0,4,24,9,37,38,6,44,81
08/24/2011,MKL,TN,ASO,CE,Federal Contract Tower,0,1,8,0,9,0,2,28,4,34,0,3,36,4,43,12,0,12,55
08/25/2011,MKL,TN,ASO,CE,Federal Contract Tower,0,3,8,3,14,0,1,41,8,50,0,4,49,11,64,2,34,36,100
08/26/2011,MKL,TN,ASO,CE,Federal Contract Tower,0,4,11,0,15,0,0,13,9,22,0,4,24,9,37,0,0,0,37
08/27/2011,MKL,TN,ASO,CE,Federal Contract Tower,0,2,1,2,5,0,22,17,0,39,0,24,18,2,44,22,0,22,66
08/28/2011,MKL,TN,ASO,CE,Federal Contract Tower,0,2,6,2,10,0,18,20,1,39,0,20,26,3,49,12,2,14,63
08/29/2011,MKL,TN,ASO,CE,Federal Contract Tower,0,1,8,0,9,0,3,8,2,13,0,4,16,2,22,16,0,16,38
08/30/2011,MKL,TN,ASO,CE,Federal Contract Tower,0,3,13,0,16,0,5,25,16,46,0,8,38,16,62,30,8,38,100
08/31/2011,MKL,TN,ASO,CE,Federal Contract Tower,0,2,3,0,5,0,1,47,19,67,0,3,50,19,72,8,0,8,80
09/01/2011,MKL,TN,ASO,CE,Federal Contract Tower,0,3,11,0,14,0,1,29,6,36,0,4,40,6,50,4,10,14,64
09/02/2011,MKL,TN,ASO,CE,Federal Contract Tower,0,4,15,0,19,0,0,12,0,12,0,4,27,0,31,4,0,4,35
09/03/2011,MKL,TN,ASO,CE,Federal Contract Tower,0,2,7,0,9,0,1,21,0,22,0,3,28,0,31,14,0,14,45
09/04/2011,MKL,TN,ASO,CE,Federal Contract Tower,0,3,6,0,9,0,0,2,0,2,0,3,8,0,11,0,0,0,11
09/05/2011,MKL,TN,ASO,CE,Federal Contract Tower,0,5,7,0,12,0,0,1,0,1,0,5,8,0,13,2,0,2,15
09/06/2011,MKL,TN,ASO,CE,Federal Contract Tower,0,4,11,2,17,0,0,4,5,9,0,4,15,7,26,8,0,8,34
09/07/2011,MKL,TN,ASO,CE,Federal Contract Tower,0,5,19,3,27,0,0,33,4,37,0,5,52,7,64,20,0,20,84
09/08/2011,MKL,TN,ASO,CE,Federal Contract Tower,0,3,11,0,14,0,1,56,3,60,0,4,67,3,74,40,0,40,114
09/09/2011,MKL,TN,ASO,CE,Federal Contract Tower,0,4,12,0,16,0,0,18,5,23,0,4,30,5,39,22,8,30,69
09/10/2011,MKL,TN,ASO,CE,Federal Contract Tower,0,2,9,0,11,0,2,25,0,27,0,4,34,0,38,20,0,20,58
09/11/2011,MKL,TN,ASO,CE,Federal Contract Tower,0,3,19,6,28,0,0,11,0,11,0,3,30,6,39,20,0,20,59
09/12/2011,MKL,TN,ASO,CE,Federal Contract Tower,0,4,14,0,18,0,2,17,0,19,0,6,31,0,37,12,0,12,49
09/13/2011,MKL,TN,ASO,CE,Federal Contract Tower,0,4,7,0,11,0,1,15,2,18,0,5,22,2,29,8,0,8,37
09/14/2011,MKL,TN,ASO,CE,Federal Contract Tower,0,6,18,0,24,0,0,14,0,14,0,6,32,0,38,80,0,80,118
09/15/2011,MKL,TN,ASO,CE,Federal Contract Tower,0,1,9,0,10,0,3,22,1,26,0,4,31,1,36,0,10,10,46
09/16/2011,MKL,TN,ASO,CE,Federal Contract Tower,0,1,14,3,18,0,2,27,6,35,0,3,41,9,53,0,4,4,57
09/17/2011,MKL,TN,ASO,CE,Federal Contract Tower,0,2,9,2,13,0,0,20,18,38,0,2,29,20,51,0,10,10,61
09/18/2011,MKL,TN,ASO,CE,Federal Contract Tower,0,2,12,7,21,0,1,3,16,20,0,3,15,23,41,0,0,0,41
09/19/2011,MKL,TN,ASO,CE,Federal Contract Tower,0,7,12,4,23,0,0,0,0,0,0,7,12,4,23,0,0,0,23
09/20/2011,MKL,TN,ASO,CE,Federal Contract Tower,0,4,28,1,33,0,0,4,1,5,0,4,32,2,38,10,4,14,52
09/21/2011,MKL,TN,ASO,CE,Federal Contract Tower,0,4,13,0,17,0,0,7,1,8,0,4,20,1,25,8,0,8,33
09/22/2011,MKL,TN,ASO,CE,Federal Contract Tower,0,4,23,3,30,0,1,40,9,50,0,5,63,12,80,0,0,0,80
09/23/2011,MKL,TN,ASO,CE,Federal Contract Tower,0,1,13,5,19,0,1,22,6,29,0,2,35,11,48,0,6,6,54
09/24/2011,MKL,TN,ASO,CE,Federal Contract Tower,0,1,10,4,15,0,2,20,3,25,0,3,30,7,40,34,4,38,78
09/25/2011,MKL,TN,ASO,CE,Federal Contract Tower,0,0,7,0,7,0,3,6,0,9,0,3,13,0,16,0,0,0,16
09/26/2011,MKL,TN,ASO,CE,Federal Contract Tower,0,3,13,0,16,0,4,10,1,15,0,7,23,1,31,0,0,0,31
09/27/2011,MKL,TN,ASO,CE,Federal Contract Tower,0,7,14,0,21,0,1,35,0,36,0,8,49,0,57,20,0,20,77
09/28/2011,MKL,TN,ASO,CE,Federal Contract Tower,0,2,18,0,20,0,4,38,11,53,0,6,56,11,73,10,10,20,93
09/29/2011,MKL,TN,ASO,CE,Federal Contract Tower,0,1,8,0,9,0,3,45,3,51,0,4,53,3,60,32,0,32,92
09/30/2011,MKL,TN,ASO,CE,Federal Contract Tower,0,0,9,0,9,0,2,9,4,15,0,2,18,4,24,20,8,28,52
10/01/2011,MKL,TN,ASO,CE,Federal Contract Tower,0,0,11,0,11,0,3,14,2,19,0,3,25,2,30,8,0,8,38
10/02/2011,MKL,TN,ASO,CE,Federal Contract Tower,0,0,11,0,11,0,3,26,0,29,0,3,37,0,40,28,0,28,68
10/03/2011,MKL,TN,ASO,CE,Federal Contract Tower,0,0,8,0,8,0,4,10,0,14,0,4,18,0,22,21,0,21,43
10/04/2011,MKL,TN,ASO,CE,Federal Contract Tower,0,0,18,0,18,0,4,18,0,22,0,4,36,0,40,0,0,0,40
10/05/2011,MKL,TN,ASO,CE,Federal Contract Tower,0,0,9,0,9,0,4,28,0,32,0,4,37,0,41,18,0,18,59
10/06/2011,MKL,TN,ASO,CE,Federal Contract Tower,0,0,19,2,21,0,2,39,9,50,0,2,58,11,71,16,16,32,103
10/07/2011,MKL,TN,ASO,CE,Federal Contract Tower,0,0,17,0,17,0,2,37,0,39,0,2,54,0,56,0,0,0,56
10/08/2011,MKL,TN,ASO,CE,Federal Contract Tower,0,2,6,0,8,0,3,30,0,33,0,5,36,0,41,8,0,8,49
10/09/2011,MKL,TN,ASO,CE,Federal Contract Tower,0,0,19,0,19,0,3,13,0,16,0,3,32,0,35,2,0,2,37
10/10/2011,MKL,TN,ASO,CE,Federal Contract Tower,0,0,14,0,14,0,6,15,0,21,0,6,29,0,35,0,0,0,35
10/11/2011,MKL,TN,ASO,CE,Federal Contract Tower,0,2,14,0,16,0,2,17,0,19,0,4,31,0,35,20,0,20,55
10/12/2011,MKL,TN,ASO,CE,Federal Contract Tower,0,1,13,0,14,0,0,22,0,22,0,1,35,0,36,18,0,18,54
10/13/2011,MKL,TN,ASO,CE,Federal Contract Tower,0,3,12,0,15,0,0,31,13,44,0,3,43,13,59,2,10,12,71
10/14/2011,MKL,TN,ASO,CE,Federal Contract Tower,0,0,21,2,23,0,2,27,6,35,0,2,48,8,58,10,0,10,68
10/15/2011,MKL,TN,ASO,CE,Federal Contract Tower,0,0,11,2,13,0,3,15,10,28,0,3,26,12,41,2,0,2,43
10/16/2011,MKL,TN,ASO,CE,Federal Contract Tower,0,2,8,0,10,0,3,15,8,26,0,5,23,8,36,6,2,8,44
10/17/2011,MKL,TN,ASO,CE,Federal Contract Tower,0,4,11,1,16,0,4,19,2,25,0,8,30,3,41,0,4,4,45
10/18/2011,MKL,TN,ASO,CE,Federal Contract Tower,0,4,12,1,17,0,1,4,6,11,0,5,16,7,28,0,2,2,30
10/19/2011,MKL,TN,ASO,CE,Federal Contract Tower,0,4,6,0,10,0,1,5,0,6,0,5,11,0,16,32,0,32,48
10/20/2011,MKL,TN,ASO,CE,Federal Contract Tower,0,0,15,1,16,0,1,22,12,35,0,1,37,13,51,4,12,16,67
10/21/2011,MKL,TN,ASO,CE,Federal Contract Tower,0,0,21,1,22,0,4,24,14,42,0,4,45,15,64,10,20,30,94
10/22/2011,MKL,TN,ASO,CE,Federal Contract Tower,0,1,14,3,18,0,1,29,16,46,0,2,43,19,64,26,76,102,166
10/23/2011,MKL,TN,ASO,CE,Federal Contract Tower,0,1,11,4,16,0,2,11,6,19,0,3,22,10,35,2,24,26,61
10/24/2011,MKL,TN,ASO,CE,Federal Contract Tower,0,2,11,1,14,0,2,12,0,14,0,4,23,1,28,0,0,0,28
10/25/2011,MKL,TN,ASO,CE,Federal Contract Tower,0,0,14,0,14,0,3,29,0,32,0,3,43,0,46,16,0,16,62
10/26/2011,MKL,TN,ASO,CE,Federal Contract Tower,0,3,13,0,16,0,1,27,0,28,0,4,40,0,44,0,0,0,44
10/27/2011,MKL,TN,ASO,CE,Federal Contract Tower,0,2,12,0,14,0,0,0,0,0,0,2,12,0,14,0,0,0,14
10/28/2011,MKL,TN,ASO,CE,Federal Contract Tower,0,3,18,0,21,0,1,6,0,7,0,4,24,0,28,0,0,0,28
10/29/2011,MKL,TN,ASO,CE,Federal Contract Tower,0,3,16,0,19,0,2,19,0,21,0,5,35,0,40,38,0,38,78
10/30/2011,MKL,TN,ASO,CE,Federal Contract Tower,0,0,17,0,17,0,3,12,0,15,0,3,29,0,32,4,0,4,36
10/31/2011,MKL,TN,ASO,CE,Federal Contract Tower,0,4,13,4,21,0,2,28,2,32,0,6,41,6,53,27,2,29,82
11/01/2011,MKL,TN,ASO,CE,Federal Contract Tower,0,0,9,0,9,0,5,17,8,30,0,5,26,8,39,8,0,8,47
11/02/2011,MKL,TN,ASO,CE,Federal Contract Tower,0,3,6,0,9,0,2,23,6,31,0,5,29,6,40,4,0,4,44
11/03/2011,MKL,TN,ASO,CE,Federal Contract Tower,0,7,9,0,16,0,0,1,0,1,0,7,10,0,17,0,0,0,17
11/04/2011,MKL,TN,ASO,CE,Federal Contract Tower,0,6,18,2,26,0,0,5,11,16,0,6,23,13,42,0,12,12,54
11/05/2011,MKL,TN,ASO,CE,Federal Contract Tower,0,3,3,2,8,0,0,28,21,49,0,3,31,23,57,2,18,20,77
11/06/2011,MKL,TN,ASO,CE,Federal Contract Tower,0,0,16,0,16,0,3,17,8,28,0,3,33,8,44,9,0,9,53
11/07/2011,MKL,TN,ASO,CE,Federal Contract Tower,0,2,7,0,9,0,2,13,0,15,0,4,20,0,24,0,0,0,24
11/08/2011,MKL,TN,ASO,CE,Federal Contract Tower,0,3,14,0,17,0,5,27,6,38,0,8,41,6,55,4,0,4,59
11/09/2011,MKL,TN,ASO,CE,Federal Contract Tower,0,3,15,0,18,0,0,20,0,20,0,3,35,0,38,4,4,8,46
11/10/2011,MKL,TN,ASO,CE,Federal Contract Tower,0,1,13,1,15,0,0,26,14,40,0,1,39,15,55,8,16,24,79
11/11/2011,MKL,TN,ASO,CE,Federal Contract Tower,0,0,4,0,4,0,4,16,5,25,0,4,20,5,29,30,0,30,59
11/12/2011,MKL,TN,ASO,CE,Federal Contract Tower,0,2,10,0,12,0,2,23,0,25,0,4,33,0,37,4,0,4,41
11/13/2011,MKL,TN,ASO,CE,Federal Contract Tower,0,1,7,0,8,0,0,1,0,1,0,1,8,0,9,0,0,0,9
11/14/2011,MKL,TN,ASO,CE,Federal Contract Tower,0,4,3,0,7,0,0,2,6,8,0,4,5,6,15,0,0,0,15
11/15/2011,MKL,TN,ASO,CE,Federal Contract Tower,0,6,11,0,17,0,0,0,0,0,0,6,11,0,17,0,0,0,17
11/16/2011,MKL,TN,ASO,CE,Federal Contract Tower,0,2,8,0,10,0,0,3,6,9,0,2,11,6,19,0,12,12,31
11/17/2011,MKL,TN,ASO,CE,Federal Contract Tower,0,0,14,7,21,0,1,58,26,85,0,1,72,33,106,76,84,160,266
11/18/2011,MKL,TN,ASO,CE,Federal Contract Tower,0,2,9,0,11,0,4,22,14,40,0,6,31,14,51,8,12,20,71
11/19/2011,MKL,TN,ASO,CE,Federal Contract Tower,0,2,13,2,17,0,1,15,10,26,0,3,28,12,43,4,8,12,55
11/20/2011,MKL,TN,ASO,CE,Federal Contract Tower,0,3,8,0,11,0,0,0,0,0,0,3,8,0,11,0,0,0,11
11/21/2011,MKL,TN,ASO,CE,Federal Contract Tower,0,4,7,0,11,0,0,3,0,3,0,4,10,0,14,0,0,0,14
11/22/2011,MKL,TN,ASO,CE,Federal Contract Tower,0,6,13,0,19,0,0,1,0,1,0,6,14,0,20,0,0,0,20
11/23/2011,MKL,TN,ASO,CE,Federal Contract Tower,0,3,17,0,20,0,0,1,0,1,0,3,18,0,21,0,0,0,21
11/24/2011,MKL,TN,ASO,CE,Federal Contract Tower,0,3,2,0,5,0,0,5,0,5,0,3,7,0,10,0,0,0,10
11/25/2011,MKL,TN,ASO,CE,Federal Contract Tower,0,0,3,0,3,0,1,21,0,22,0,1,24,0,25,0,0,0,25
11/26/2011,MKL,TN,ASO,CE,Federal Contract Tower,0,3,4,0,7,0,0,5,0,5,0,3,9,0,12,2,0,2,14
11/27/2011,MKL,TN,ASO,CE,Federal Contract Tower,0,0,9,0,9,0,0,0,0,0,0,0,9,0,9,0,0,0,9
11/28/2011,MKL,TN,ASO,CE,Federal Contract Tower,0,2,4,0,6,0,0,0,0,0,0,2,4,0,6,0,0,0,6
11/29/2011,MKL,TN,ASO,CE,Federal Contract Tower,0,2,6,0,8,0,0,1,0,1,0,2,7,0,9,0,0,0,9
11/30/2011,MKL,TN,ASO,CE,Federal Contract Tower,0,2,7,4,13,0,2,20,4,26,0,4,27,8,39,0,0,0,39
12/01/2011,MKL,TN,ASO,CE,Federal Contract Tower,0,1,14,1,16,0,3,26,24,53,0,4,40,25,69,4,46,50,119
12/02/2011,MKL,TN,ASO,CE,Federal Contract Tower,0,3,21,0,24,0,1,34,8,43,0,4,55,8,67,18,0,18,85
12/03/2011,MKL,TN,ASO,CE,Federal Contract Tower,0,3,7,1,11,0,0,37,2,39,0,3,44,3,50,6,0,6,56
12/04/2011,MKL,TN,ASO,CE,Federal Contract Tower,0,3,8,2,13,0,1,0,0,1,0,4,8,2,14,0,0,0,14
12/05/2011,MKL,TN,ASO,CE,Federal Contract Tower,0,3,5,0,8,0,0,0,0,0,0,3,5,0,8,0,0,0,8
12/06/2011,MKL,TN,ASO,CE,Federal Contract Tower,0,4,7,0,11,0,0,1,0,1,0,4,8,0,12,0,0,0,12
12/07/2011,MKL,TN,ASO,CE,Federal Contract Tower,0,5,10,0,15,0,3,2,0,5,0,8,12,0,20,0,8,8,28
12/08/2011,MKL,TN,ASO,CE,Federal Contract Tower,0,6,11,1,18,0,0,41,12,53,0,6,52,13,71,22,0,22,93
12/09/2011,MKL,TN,ASO,CE,Federal Contract Tower,0,2,12,2,16,0,1,58,0,59,0,3,70,2,75,34,0,34,109
12/10/2011,MKL,TN,ASO,CE,Federal Contract Tower,0,4,10,0,14,0,0,31,2,33,0,4,41,2,47,68,0,68,115
12/11/2011,MKL,TN,ASO,CE,Federal Contract Tower,0,2,7,2,11,0,2,30,5,37,0,4,37,7,48,26,0,26,74
12/12/2011,MKL,TN,ASO,CE,Federal Contract Tower,0,6,12,0,18,0,0,27,0,27,0,6,39,0,45,14,0,14,59
12/13/2011,MKL,TN,ASO,CE,Federal Contract Tower,0,6,12,0,18,0,0,0,0,0,0,6,12,0,18,0,0,0,18
12/14/2011,MKL,TN,ASO,CE,Federal Contract Tower,0,2,14,0,16,0,2,17,14,33,0,4,31,14,49,0,24,24,73
12/15/2011,MKL,TN,ASO,CE,Federal Contract Tower,0,6,6,1,13,0,2,0,1,3,0,8,6,2,16,0,0,0,16
12/16/2011,MKL,TN,ASO,CE,Federal Contract Tower,0,6,15,0,21,0,0,1,0,1,0,6,16,0,22,0,0,0,22
12/17/2011,MKL,TN,ASO,CE,Federal Contract Tower,0,3,6,0,9,0,1,15,8,24,0,4,21,8,33,14,8,22,55
12/18/2011,MKL,TN,ASO,CE,Federal Contract Tower,0,4,9,0,13,0,0,11,7,18,0,4,20,7,31,6,0,6,37
12/19/2011,MKL,TN,ASO,CE,Federal Contract Tower,0,6,9,0,15,0,0,23,0,23,0,6,32,0,38,10,0,10,48
12/20/2011,MKL,TN,ASO,CE,Federal Contract Tower,0,8,0,0,8,0,0,0,0,0,0,8,0,0,8,0,14,14,22
12/21/2011,MKL,TN,ASO,CE,Federal Contract Tower,0,6,9,1,16,0,0,22,1,23,0,6,31,2,39,32,14,46,85
12/22/2011,MKL,TN,ASO,CE,Federal Contract Tower,0,6,7,0,13,0,0,0,0,0,0,6,7,0,13,0,0,0,13
12/23/2011,MKL,TN,ASO,CE,Federal Contract Tower,0,6,23,0,29,0,1,3,0,4,0,7,26,0,33,30,0,30,63
12/24/2011,MKL,TN,ASO,CE,Federal Contract Tower,0,3,7,0,10,0,0,5,0,5,0,3,12,0,15,2,0,2,17
12/25/2011,MKL,TN,ASO,CE,Federal Contract Tower,0,3,0,0,3,0,0,3,0,3,0,3,3,0,6,0,0,0,6
12/26/2011,MKL,TN,ASO,CE,Federal Contract Tower,0,5,7,0,12,0,1,3,0,4,0,6,10,0,16,0,0,0,16
12/27/2011,MKL,TN,ASO,CE,Federal Contract Tower,0,5,4,0,9,0,1,4,0,5,0,6,8,0,14,4,0,4,18
12/28/2011,MKL,TN,ASO,CE,Federal Contract Tower,0,0,14,0,14,0,6,19,4,29,0,6,33,4,43,32,22,54,97
12/29/2011,MKL,TN,ASO,CE,Federal Contract Tower,0,0,9,0,9,0,6,40,0,46,0,6,49,0,55,46,0,46,101
12/30/2011,MKL,TN,ASO,CE,Federal Contract Tower,0,3,8,0,11,0,1,23,0,24,0,4,31,0,35,12,0,12,47
12/31/2011,MKL,TN,ASO,CE,Federal Contract Tower,0,4,5,0,9,0,0,33,0,33,0,4,38,0,42,34,0,34,76
01/01/2012,MKL,TN,ASO,CE,Federal Contract Tower,0,4,9,0,13,0,0,5,0,5,0,4,14,0,18,2,0,2,20
01/02/2012,MKL,TN,ASO,CE,Federal Contract Tower,0,6,12,0,18,0,0,5,0,5,0,6,17,0,23,0,0,0,23
01/03/2012,MKL,TN,ASO,CE,Federal Contract Tower,0,6,5,0,11,0,0,16,0,16,0,6,21,0,27,24,0,24,51
01/04/2012,MKL,TN,ASO,CE,Federal Contract Tower,0,0,9,0,9,0,0,29,0,29,0,0,38,0,38,78,0,78,116
01/05/2012,MKL,TN,ASO,CE,Federal Contract Tower,0,0,8,1,9,0,0,18,36,54,0,0,26,37,63,58,2,60,123
01/06/2012,MKL,TN,ASO,CE,Federal Contract Tower,0,6,10,0,16,0,0,14,15,29,0,6,24,15,45,12,8,20,65
01/07/2012,MKL,TN,ASO,CE,Federal Contract Tower,0,4,1,7,12,0,0,3,11,14,0,4,4,18,26,0,8,8,34
01/08/2012,MKL,TN,ASO,CE,Federal Contract Tower,0,4,6,2,12,0,0,3,15,18,0,4,9,17,30,18,6,24,54
01/09/2012,MKL,TN,ASO,CE,Federal Contract Tower,0,6,9,2,17,0,0,5,5,10,0,6,14,7,27,16,18,34,61
01/10/2012,MKL,TN,ASO,CE,Federal Contract Tower,0,8,7,3,18,0,0,4,9,13,0,8,11,12,31,32,0,32,63
01/11/2012,MKL,TN,ASO,CE,Federal Contract Tower,0,7,8,0,15,0,0,0,0,0,0,7,8,0,15,0,0,0,15
01/12/2012,MKL,TN,ASO,CE,Federal Contract Tower,0,1,8,0,9,0,2,0,0,2,0,3,8,0,11,0,0,0,11
01/13/2012,MKL,TN,ASO,CE,Federal Contract Tower,0,2,9,0,11,0,0,15,6,21,0,2,24,6,32,22,0,22,54
01/14/2012,MKL,TN,ASO,CE,Federal Contract Tower,0,0,5,0,5,0,2,21,0,23,0,2,26,0,28,10,0,10,38
01/15/2012,MKL,TN,ASO,CE,Federal Contract Tower,0,4,14,0,18,0,0,22,0,22,0,4,36,0,40,24,0,24,64
01/16/2012,MKL,TN,ASO,CE,Federal Contract Tower,0,6,12,0,18,0,0,0,0,0,0,6,12,0,18,0,0,0,18
01/17/2012,MKL,TN,ASO,CE,Federal Contract Tower,0,5,8,0,13,0,0,4,0,4,0,5,12,0,17,0,0,0,17
01/18/2012,MKL,TN,ASO,CE,Federal Contract Tower,0,0,11,2,13,0,0,19,11,30,0,0,30,13,43,46,40,86,129
01/19/2012,MKL,TN,ASO,CE,Federal Contract Tower,0,2,11,2,15,0,0,28,14,42,0,2,39,16,57,24,78,102,159
01/20/2012,MKL,TN,ASO,CE,Federal Contract Tower,0,5,11,0,16,0,0,14,14,28,0,5,25,14,44,16,2,18,62
01/21/2012,MKL,TN,ASO,CE,Federal Contract Tower,0,2,2,0,4,0,0,0,5,5,0,2,2,5,9,0,20,20,29
01/22/2012,MKL,TN,ASO,CE,Federal Contract Tower,0,4,7,0,11,0,1,0,0,1,0,5,7,0,12,0,0,0,12
01/23/2012,MKL,TN,ASO,CE,Federal Contract Tower,0,2,5,0,7,0,3,15,4,22,0,5,20,4,29,2,0,2,31
01/24/2012,MKL,TN,ASO,CE,Federal Contract Tower,0,7,3,3,13,0,0,19,20,39,0,7,22,23,52,34,4,38,90
01/25/2012,MKL,TN,ASO,CE,Federal Contract Tower,0,6,10,0,16,0,1,0,0,1,0,7,10,0,17,4,0,4,21
01/26/2012,MKL,TN,ASO,CE,Federal Contract Tower,0,4,2,0,6,0,0,0,0,0,0,4,2,0,6,0,0,0,6
01/27/2012,MKL,TN,ASO,CE,Federal Contract Tower,0,8,10,0,18,0,1,25,6,32,0,9,35,6,50,14,22,36,86
01/28/2012,MKL,TN,ASO,CE,Federal Contract Tower,0,2,14,0,16,0,0,22,0,22,0,2,36,0,38,18,0,18,56
01/29/2012,MKL,TN,ASO,CE,Federal Contract Tower,0,4,14,3,21,0,2,27,12,41,0,6,41,15,62,12,6,18,80
01/30/2012,MKL,TN,ASO,CE,Federal Contract Tower,0,6,11,0,17,0,1,27,2,30,0,7,38,2,47,20,0,20,67
01/31/2012,MKL,TN,ASO,CE,Federal Contract Tower,0,7,6,3,16,0,13,8,11,32,0,20,14,14,48,20,16,36,84
02/01/2012,MKL,TN,ASO,CE,Federal Contract Tower,0,8,7,2,17,0,0,9,0,9,0,8,16,2,26,26,0,26,52
02/02/2012,MKL,TN,ASO,CE,Federal Contract Tower,0,8,6,2,16,0,10,50,19,79,0,18,56,21,95,70,0,70,165
02/03/2012,MKL,TN,ASO,CE,Federal Contract Tower,0,3,6,3,12,0,2,3,8,13,0,5,9,11,25,8,4,12,37
02/04/2012,MKL,TN,ASO,CE,Federal Contract Tower,0,4,5,4,13,0,0,0,0,0,0,4,5,4,13,0,0,0,13
02/05/2012,MKL,TN,ASO,CE,Federal Contract Tower,0,4,7,0,11,0,0,7,19,26,0,4,14,19,37,0,22,22,59
02/06/2012,MKL,TN,ASO,CE,Federal Contract Tower,0,5,4,0,9,0,0,6,0,6,0,5,10,0,15,42,0,42,57
02/07/2012,MKL,TN,ASO,CE,Federal Contract Tower,0,2,4,0,6,0,0,34,2,36,0,2,38,2,42,20,0,20,62
02/08/2012,MKL,TN,ASO,CE,Federal Contract Tower,0,4,11,2,17,0,1,0,0,1,0,5,11,2,18,20,0,20,38
02/09/2012,MKL,TN,ASO,CE,Federal Contract Tower,0,4,15,2,21,0,1,31,11,43,0,5,46,13,64,30,16,46,110
02/10/2012,MKL,TN,ASO,CE,Federal Contract Tower,0,5,11,0,16,0,1,0,4,5,0,6,11,4,21,0,0,0,21
02/11/2012,MKL,TN,ASO,CE,Federal Contract Tower,0,3,1,0,4,0,0,2,2,4,0,3,3,2,8,0,0,0,8
02/12/2012,MKL,TN,ASO,CE,Federal Contract Tower,0,0,13,0,13,0,4,16,0,20,0,4,29,0,33,0,0,0,33
02/13/2012,MKL,TN,ASO,CE,Federal Contract Tower,0,4,5,0,9,0,4,14,0,18,0,8,19,0,27,38,0,38,65
02/14/2012,MKL,TN,ASO,CE,Federal Contract Tower,0,5,3,0,8,0,1,2,0,3,0,6,5,0,11,0,0,0,11
02/15/2012,MKL,TN,ASO,CE,Federal Contract Tower,0,9,9,0,18,0,0,7,0,7,0,9,16,0,25,38,0,38,63
02/16/2012,MKL,TN,ASO,CE,Federal Contract Tower,0,7,8,1,16,0,0,17,2,19,0,7,25,3,35,8,0,8,43
02/17/2012,MKL,TN,ASO,CE,Federal Contract Tower,0,5,15,0,20,0,1,26,2,29,0,6,41,2,49,8,0,8,57
02/18/2012,MKL,TN,ASO,CE,Federal Contract Tower,0,2,7,0,9,0,0,8,6,14,0,2,15,6,23,16,0,16,39
02/19/2012,MKL,TN,ASO,CE,Federal Contract Tower,0,3,11,4,18,0,0,6,8,14,0,3,17,12,32,6,0,6,38
02/20/2012,MKL,TN,ASO,CE,Federal Contract Tower,0,7,14,0,21,0,0,22,0,22,0,7,36,0,43,12,0,12,55
02/21/2012,MKL,TN,ASO,CE,Federal Contract Tower,0,3,18,2,23,0,2,7,7,16,0,5,25,9,39,4,0,4,43
02/22/2012,MKL,TN,ASO,CE,Federal Contract Tower,0,4,17,3,24,0,1,7,7,15,0,5,24,10,39,8,16,24,63
02/23/2012,MKL,TN,ASO,CE,Federal Contract Tower,0,3,15,0,18,0,4,10,8,22,0,7,25,8,40,4,0,4,44
02/24/2012,MKL,TN,ASO,CE,Federal Contract Tower,0,5,9,0,14,0,0,11,4,15,0,5,20,4,29,0,0,0,29
02/25/2012,MKL,TN,ASO,CE,Federal Contract Tower,0,2,6,0,8,0,0,35,0,35,0,2,41,0,43,14,0,14,57
02/26/2012,MKL,TN,ASO,CE,Federal Contract Tower,0,4,5,0,9,0,0,20,0,20,0,4,25,0,29,38,0,38,67
02/27/2012,MKL,TN,ASO,CE,Federal Contract Tower,0,8,9,1,18,0,0,25,1,26,0,8,34,2,44,36,0,36,80
02/28/2012,MKL,TN,ASO,CE,Federal Contract Tower,0,6,17,1,24,0,1,5,8,14,0,7,22,9,38,93,10,103,141
02/29/2012,MKL,TN,ASO,CE,Federal Contract Tower,0,4,6,0,10,0,0,4,0,4,0,4,10,0,14,2,0,2,16
03/01/2012,MKL,TN,ASO,CE,Federal Contract Tower,0,5,7,0,12,0,0,34,4,38,0,5,41,4,50,60,0,60,110
03/02/2012,MKL,TN,ASO,CE,Federal Contract Tower,0,3,10,2,15,0,3,2,2,7,0,6,12,4,22,8,16,24,46
03/03/2012,MKL,TN,ASO,CE,Federal Contract Tower,0,3,4,0,7,0,3,19,3,25,0,6,23,3,32,54,0,54,86
03/04/2012,MKL,TN,ASO,CE,Federal Contract Tower,0,4,8,0,12,0,0,16,0,16,0,4,24,0,28,16,0,16,44
03/05/2012,MKL,TN,ASO,CE,Federal Contract Tower,0,1,12,0,13,0,8,17,0,25,0,9,29,0,38,42,0,42,80
03/06/2012,MKL,TN,ASO,CE,Federal Contract Tower,0,6,15,0,21,0,0,20,6,26,0,6,35,6,47,8,18,26,73
03/07/2012,MKL,TN,ASO,CE,Federal Contract Tower,0,8,10,0,18,0,0,11,8,19,0,8,21,8,37,62,8,70,107
03/08/2012,MKL,TN,ASO,CE,Federal Contract Tower,0,7,5,0,12,0,1,0,0,1,0,8,5,0,13,0,0,0,13
03/09/2012,MKL,TN,ASO,CE,Federal Contract Tower,0,8,17,2,27,0,0,16,15,31,0,8,33,17,58,8,0,8,66
03/10/2012,MKL,TN,ASO,CE,Federal Contract Tower,0,0,6,0,6,0,4,31,0,35,0,4,37,0,41,68,0,68,109
03/11/2012,MKL,TN,ASO,CE,Federal Contract Tower,0,4,7,1,12,0,0,10,13,23,0,4,17,14,35,0,26,26,61
03/12/2012,MKL,TN,ASO,CE,Federal Contract Tower,0,9,9,0,18,0,10,3,0,13,0,19,12,0,31,2,0,2,33
03/13/2012,MKL,TN,ASO,CE,Federal Contract Tower,0,11,8,1,20,0,0,2,0,2,0,11,10,1,22,20,0,20,42
03/14/2012,MKL,TN,ASO,CE,Federal Contract Tower,0,7,30,0,37,0,0,17,8,25,0,7,47,8,62,54,54,108,170
03/15/2012,MKL,TN,ASO,CE,Federal Contract Tower,0,4,6,2,12,0,0,27,2,29,0,4,33,4,41,8,44,52,93
03/16/2012,MKL,TN,ASO,CE,Federal Contract Tower,0,6,9,0,15,0,0,8,0,8,0,6,17,0,23,2,0,2,25
03/17/2012,MKL,TN,ASO,CE,Federal Contract Tower,0,4,14,0,18,0,0,8,0,8,0,4,22,0,26,2,0,2,28
03/18/2012,MKL,TN,ASO,CE,Federal Contract Tower,0,4,13,0,17,0,0,26,0,26,0,4,39,0,43,12,0,12,55
03/19/2012,MKL,TN,ASO,CE,Federal Contract Tower,0,9,8,2,19,0,0,15,2,17,0,9,23,4,36,6,10,16,52
03/20/2012,MKL,TN,ASO,CE,Federal Contract Tower,0,4,6,1,11,0,3,17,3,23,0,7,23,4,34,0,10,10,44
03/21/2012,MKL,TN,ASO,CE,Federal Contract Tower,0,6,8,0,14,0,1,4,0,5,0,7,12,0,19,0,0,0,19
03/22/2012,MKL,TN,ASO,CE,Federal Contract Tower,0,6,8,0,14,0,0,0,2,2,0,6,8,2,16,0,0,0,16
03/23/2012,MKL,TN,ASO,CE,Federal Contract Tower,0,4,9,2,15,0,1,7,7,15,0,5,16,9,30,0,2,2,32
03/24/2012,MKL,TN,ASO,CE,Federal Contract Tower,0,2,4,2,8,0,2,11,8,21,0,4,15,10,29,22,6,28,57
03/25/2012,MKL,TN,ASO,CE,Federal Contract Tower,0,4,14,3,21,0,0,17,3,20,0,4,31,6,41,0,0,0,41
03/26/2012,MKL,TN,ASO,CE,Federal Contract Tower,0,4,11,0,15,0,2,17,0,19,0,6,28,0,34,12,0,12,46
03/27/2012,MKL,TN,ASO,CE,Federal Contract Tower,0,6,13,0,19,0,0,16,2,18,0,6,29,2,37,0,16,16,53
03/28/2012,MKL,TN,ASO,CE,Federal Contract Tower,0,3,10,0,13,0,4,34,7,45,0,7,44,7,58,8,0,8,66
03/29/2012,MKL,TN,ASO,CE,Federal Contract Tower,0,6,9,0,15,0,0,28,13,41,0,6,37,13,56,24,40,64,120
03/30/2012,MKL,TN,ASO,CE,Federal Contract Tower,0,4,14,0,18,0,0,17,16,33,0,4,31,16,51,32,0,32,83
03/31/2012,MKL,TN,ASO,CE,Federal Contract Tower,0,3,3,6,12,0,1,17,23,41,0,4,20,29,53,0,66,66,119
04/01/2012,MKL,TN,ASO,CE,Federal Contract Tower,0,4,8,4,16,0,0,32,16,48,0,4,40,20,64,4,19,23,87
04/02/2012,MKL,TN,ASO,CE,Federal Contract Tower,0,4,3,1,8,0,1,9,3,13,0,5,12,4,21,0,6,6,27
04/03/2012,MKL,TN,ASO,CE,Federal Contract Tower,0,5,9,0,14,0,0,12,2,14,0,5,21,2,28,28,22,50,78
04/04/2012,MKL,TN,ASO,CE,Federal Contract Tower,0,6,9,2,17,0,0,9,5,14,0,6,18,7,31,8,0,8,39
04/05/2012,MKL,TN,ASO,CE,Federal Contract Tower,0,4,22,0,26,0,1,11,0,12,0,5,33,0,38,2,0,2,40
04/06/2012,MKL,TN,ASO,CE,Federal Contract Tower,0,5,9,0,14,0,2,33,1,36,0,7,42,1,50,12,0,12,62
04/07/2012,MKL,TN,ASO,CE,Federal Contract Tower,0,2,1,0,3,0,1,31,2,34,0,3,32,2,37,18,0,18,55
04/08/2012,MKL,TN,ASO,CE,Federal Contract Tower,0,1,7,0,8,0,3,13,0,16,0,4,20,0,24,8,0,8,32
04/09/2012,MKL,TN,ASO,CE,Federal Contract Tower,0,3,12,0,15,0,4,16,0,20,0,7,28,0,35,8,0,8,43
04/10/2012,MKL,TN,ASO,CE,Federal Contract Tower,0,4,13,0,17,0,1,30,2,33,0,5,43,2,50,8,2,10,60
04/11/2012,MKL,TN,ASO,CE,Federal Contract Tower,0,4,12,0,16,0,12,22,2,36,0,16,34,2,52,0,0,0,52
04/12/2012,MKL,TN,ASO,CE,Federal Contract Tower,0,6,8,0,14,0,0,41,13,54,0,6,49,13,68,48,46,94,162
04/13/2012,MKL,TN,ASO,CE,Federal Contract Tower,0,2,12,0,14,0,1,14,0,15,0,3,26,0,29,4,0,4,33
04/14/2012,MKL,TN,ASO,CE,Federal Contract Tower,0,1,10,0,11,0,3,16,26,45,0,4,26,26,56,13,4,17,73
04/15/2012,MKL,TN,ASO,CE,Federal Contract Tower,0,2,8,2,12,0,2,2,15,19,0,4,10,17,31,0,14,14,45
04/16/2012,MKL,TN,ASO,CE,Federal Contract Tower,0,4,7,0,11,0,1,4,1,6,0,5,11,1,17,2,28,30,47
04/17/2012,MKL,TN,ASO,CE,Federal Contract Tower,0,5,9,0,14,0,1,19,2,22,0,6,28,2,36,6,34,40,76
04/18/2012,MKL,TN,ASO,CE,Federal Contract Tower,0,0,10,0,10,0,9,40,54,103,0,9,50,54,113,24,16,40,153
04/19/2012,MKL,TN,ASO,CE,Federal Contract Tower,0,4,28,2,34,0,4,40,8,52,0,8,68,10,86,12,0,12,98
04/20/2012,MKL,TN,ASO,CE,Federal Contract Tower,0,5,15,0,20,0,1,22,0,23,0,6,37,0,43,12,0,12,55
04/21/2012,MKL,TN,ASO,CE,Federal Contract Tower,0,3,8,0,11,0,1,16,4,21,0,4,24,4,32,22,0,22,54
04/22/2012,MKL,TN,ASO,CE,Federal Contract Tower,0,5,13,1,19,0,0,21,2,23,0,5,34,3,42,16,0,16,58
04/23/2012,MKL,TN,ASO,CE,Federal Contract Tower,0,3,11,0,14,0,1,10,0,11,0,4,21,0,25,0,0,0,25
04/24/2012,MKL,TN,ASO,CE,Federal Contract Tower,0,3,6,1,10,0,0,30,14,44,0,3,36,15,54,6,20,26,80
04/25/2012,MKL,TN,ASO,CE,Federal Contract Tower,0,1,9,2,12,0,8,33,2,43,0,9,42,4,55,0,46,46,101
04/26/2012,MKL,TN,ASO,CE,Federal Contract Tower,0,4,14,2,20,0,1,33,1,35,0,5,47,3,55,8,2,10,65
04/27/2012,MKL,TN,ASO,CE,Federal Contract Tower,0,9,5,7,21,0,0,20,17,37,0,9,25,24,58,26,26,52,110
04/28/2012,MKL,TN,ASO,CE,Federal Contract Tower,0,1,6,1,8,0,1,12,16,29,0,2,18,17,37,0,20,20,57
04/29/2012,MKL,TN,ASO,CE,Federal Contract Tower,0,0,14,0,14,0,4,16,6,26,0,4,30,6,40,15,10,25,65
04/30/2012,MKL,TN,ASO,CE,Federal Contract Tower,0,6,11,0,17,0,0,7,3,10,0,6,18,3,27,0,7,7,34
05/01/2012,MKL,TN,ASO,CE,Federal Contract Tower,0,8,15,2,25,0,0,8,4,12,0,8,23,6,37,0,12,12,49
05/02/2012,MKL,TN,ASO,CE,Federal Contract Tower,0,6,22,0,28,0,3,47,8,58,0,9,69,8,86,0,0,0,86
05/03/2012,MKL,TN,ASO,CE,Federal Contract Tower,0,4,15,3,22,0,0,0,7,7,0,4,15,10,29,8,44,52,81
05/04/2012,MKL,TN,ASO,CE,Federal Contract Tower,0,7,22,3,32,0,0,14,3,17,0,7,36,6,49,8,0,8,57
05/05/2012,MKL,TN,ASO,CE,Federal Contract Tower,0,2,5,0,7,0,1,19,18,38,0,3,24,18,45,16,10,26,71
05/06/2012,MKL,TN,ASO,CE,Federal Contract Tower,0,4,15,2,21,0,0,16,9,25,0,4,31,11,46,4,20,24,70
05/07/2012,MKL,TN,ASO,CE,Federal Contract Tower,0,5,8,0,13,0,2,5,2,9,0,7,13,2,22,0,0,0,22
05/08/2012,MKL,TN,ASO,CE,Federal Contract Tower,0,5,15,0,20,0,0,13,0,13,0,5,28,0,33,8,0,8,41
05/09/2012,MKL,TN,ASO,CE,Federal Contract Tower,0,4,7,3,14,0,2,19,12,33,0,6,26,15,47,2,16,18,65
05/10/2012,MKL,TN,ASO,CE,Federal Contract Tower,0,6,11,0,17,0,4,68,13,85,0,10,79,13,102,50,20,70,172
05/11/2012,MKL,TN,ASO,CE,Federal Contract Tower,0,6,14,0,20,0,0,19,16,35,0,6,33,16,55,2,8,10,65
05/12/2012,MKL,TN,ASO,CE,Federal Contract Tower,0,3,9,0,12,0,0,6,21,27,0,3,15,21,39,20,0,20,59
05/13/2012,MKL,TN,ASO,CE,Federal Contract Tower,0,4,10,10,24,0,0,4,0,4,0,4,14,10,28,0,0,0,28
05/14/2012,MKL,TN,ASO,CE,Federal Contract Tower,0,8,14,2,24,0,0,15,6,21,0,8,29,8,45,6,0,6,51
05/15/2012,MKL,TN,ASO,CE,Federal Contract Tower,0,6,19,2,27,0,13,8,9,30,0,19,27,11,57,24,6,30,87
05/16/2012,MKL,TN,ASO,CE,Federal Contract Tower,0,3,18,2,23,0,11,37,12,60,0,14,55,14,83,10,52,62,145
05/17/2012,MKL,TN,ASO,CE,Federal Contract Tower,0,6,11,1,18,0,5,44,12,61,0,11,55,13,79,40,12,52,131
05/18/2012,MKL,TN,ASO,CE,Federal Contract Tower,0,5,11,0,16,0,7,21,5,33,0,12,32,5,49,26,28,54,103
05/19/2012,MKL,TN,ASO,CE,Federal Contract Tower,0,2,12,0,14,0,1,25,12,38,0,3,37,12,52,12,4,16,68
05/20/2012,MKL,TN,ASO,CE,Federal Contract Tower,0,0,16,7,23,0,4,22,14,40,0,4,38,21,63,24,6,30,93
05/21/2012,MKL,TN,ASO,CE,Federal Contract Tower,0,5,6,0,11,0,0,14,0,14,0,5,20,0,25,28,0,28,53
05/22/2012,MKL,TN,ASO,CE,Federal Contract Tower,0,6,8,1,15,0,1,30,1,32,0,7,38,2,47,18,6,24,71
05/23/2012,MKL,TN,ASO,CE,Federal Contract Tower,0,9,22,7,38,0,10,36,14,60,0,19,58,21,98,34,10,44,142
05/24/2012,MKL,TN,ASO,CE,Federal Contract Tower,0,2,23,0,25,0,3,22,8,33,0,5,45,8,58,30,20,50,108
05/25/2012,MKL,TN,ASO,CE,Federal Contract Tower,0,2,12,0,14,0,9,22,3,34,0,11,34,3,48,12,8,20,68
05/26/2012,MKL,TN,ASO,CE,Federal Contract Tower,0,0,7,0,7,0,3,18,0,21,0,3,25,0,28,18,0,18,46
05/27/2012,MKL,TN,ASO,CE,Federal Contract Tower,0,3,10,0,13,0,0,9,0,9,0,3,19,0,22,0,0,0,22
05/28/2012,MKL,TN,ASO,CE,Federal Contract Tower,0,5,8,0,13,0,0,10,0,10,0,5,18,0,23,2,0,2,25
05/29/2012,MKL,TN,ASO,CE,Federal Contract Tower,0,5,4,2,11,0,2,12,6,20,0,7,16,8,31,12,6,18,49
05/30/2012,MKL,TN,ASO,CE,Federal Contract Tower,0,5,18,0,23,0,2,22,0,24,0,7,40,0,47,8,0,8,55
05/31/2012,MKL,TN,ASO,CE,Federal Contract Tower,0,4,5,0,9,0,0,15,0,15,0,4,20,0,24,0,14,14,38
06/01/2012,MKL,TN,ASO,CE,Federal Contract Tower,0,5,23,2,30,0,1,10,10,21,0,6,33,12,51,0,0,0,51
06/02/2012,MKL,TN,ASO,CE,Federal Contract Tower,0,0,4,0,4,0,3,11,12,26,0,3,15,12,30,20,0,20,50
06/03/2012,MKL,TN,ASO,CE,Federal Contract Tower,0,4,8,0,12,0,1,7,2,10,0,5,15,2,22,10,0,10,32
06/04/2012,MKL,TN,ASO,CE,Federal Contract Tower,0,4,10,0,14,0,0,8,0,8,0,4,18,0,22,40,0,40,62
06/05/2012,MKL,TN,ASO,CE,Federal Contract Tower,0,5,8,0,13,0,0,11,1,12,0,5,19,1,25,13,0,13,38
06/06/2012,MKL,TN,ASO,CE,Federal Contract Tower,0,5,7,2,14,0,2,18,12,32,0,7,25,14,46,26,0,26,72
06/07/2012,MKL,TN,ASO,CE,Federal Contract Tower,0,5,10,1,16,0,0,40,1,41,0,5,50,2,57,12,0,12,69
06/08/2012,MKL,TN,ASO,CE,Federal Contract Tower,0,4,6,7,17,0,4,27,0,31,0,8,33,7,48,84,0,84,132
06/09/2012,MKL,TN,ASO,CE,Federal Contract Tower,0,0,3,1,4,0,2,29,1,32,0,2,32,2,36,16,2,18,54
06/10/2012,MKL,TN,ASO,CE,Federal Contract Tower,0,4,8,1,13,0,0,2,2,4,0,4,10,3,17,0,16,16,33
06/11/2012,MKL,TN,ASO,CE,Federal Contract Tower,0,3,8,0,11,0,1,1,0,2,0,4,9,0,13,0,0,0,13
06/12/2012,MKL,TN,ASO,CE,Federal Contract Tower,0,4,22,1,27,0,0,14,1,15,0,4,36,2,42,8,0,8,50
06/13/2012,MKL,TN,ASO,CE,Federal Contract Tower,0,8,7,2,17,0,2,48,0,50,0,10,55,2,67,10,8,18,85
06/14/2012,MKL,TN,ASO,CE,Federal Contract Tower,0,5,8,0,13,0,0,38,8,46,0,5,46,8,59,24,0,24,83
06/15/2012,MKL,TN,ASO,CE,Federal Contract Tower,0,4,16,1,21,0,2,49,19,70,0,6,65,20,91,26,4,30,121
06/16/2012,MKL,TN,ASO,CE,Federal Contract Tower,0,0,8,0,8,0,2,46,2,50,0,2,54,2,58,28,0,28,86
06/17/2012,MKL,TN,ASO,CE,Federal Contract Tower,0,4,16,0,20,0,0,16,0,16,0,4,32,0,36,11,0,11,47
06/18/2012,MKL,TN,ASO,CE,Federal Contract Tower,0,1,13,0,14,0,4,4,2,10,0,5,17,2,24,0,0,0,24
06/19/2012,MKL,TN,ASO,CE,Federal Contract Tower,0,5,10,3,18,0,2,9,3,14,0,7,19,6,32,8,36,44,76
06/20/2012,MKL,TN,ASO,CE,Federal Contract Tower,0,6,15,0,21,0,1,36,8,45,0,7,51,8,66,14,30,44,110
06/21/2012,MKL,TN,ASO,CE,Federal Contract Tower,0,5,14,0,19,0,1,34,7,42,0,6,48,7,61,2,8,10,71
06/22/2012,MKL,TN,ASO,CE,Federal Contract Tower,0,2,14,1,17,0,3,32,2,37,0,5,46,3,54,0,2,2,56
06/23/2012,MKL,TN,ASO,CE,Federal Contract Tower,0,1,3,2,6,0,2,27,4,33,0,3,30,6,39,0,4,4,43
06/24/2012,MKL,TN,ASO,CE,Federal Contract Tower,0,0,7,0,7,0,4,15,8,27,0,4,22,8,34,9,52,61,95
06/25/2012,MKL,TN,ASO,CE,Federal Contract Tower,0,4,6,0,10,0,2,15,4,21,0,6,21,4,31,17,6,23,54
06/26/2012,MKL,TN,ASO,CE,Federal Contract Tower,0,1,13,1,15,0,1,25,4,30,0,2,38,5,45,52,2,54,99
06/27/2012,MKL,TN,ASO,CE,Federal Contract Tower,0,4,14,0,18,0,1,29,7,37,0,5,43,7,55,102,14,116,171
06/28/2012,MKL,TN,ASO,CE,Federal Contract Tower,0,5,6,0,11,0,0,13,4,17,0,5,19,4,28,72,12,84,112
06/29/2012,MKL,TN,ASO,CE,Federal Contract Tower,0,0,6,0,6,0,4,40,10,54,0,4,46,10,60,12,0,12,72
06/30/2012,MKL,TN,ASO,CE,Federal Contract Tower,0,3,8,0,11,0,3,8,0,11,0,6,16,0,22,24,0,24,46
07/01/2012,MKL,TN,ASO,CE,Federal Contract Tower,0,4,11,0,15,0,1,15,2,18,0,5,26,2,33,8,0,8,41
07/02/2012,MKL,TN,ASO,CE,Federal Contract Tower,0,4,6,0,10,0,2,19,2,23,0,6,25,2,33,8,0,8,41
07/03/2012,MKL,TN,ASO,CE,Federal Contract Tower,0,4,11,0,15,0,1,9,2,12,0,5,20,2,27,5,0,5,32
07/04/2012,MKL,TN,ASO,CE,Federal Contract Tower,0,4,3,0,7,0,1,15,0,16,0,5,18,0,23,0,0,0,23
07/05/2012,MKL,TN,ASO,CE,Federal Contract Tower,0,5,7,2,14,0,0,20,4,24,0,5,27,6,38,4,0,4,42
07/06/2012,MKL,TN,ASO,CE,Federal Contract Tower,0,3,12,0,15,0,4,24,0,28,0,7,36,0,43,0,0,0,43
07/07/2012,MKL,TN,ASO,CE,Federal Contract Tower,0,0,17,0,17,0,5,15,0,20,0,5,32,0,37,12,0,12,49
07/08/2012,MKL,TN,ASO,CE,Federal Contract Tower,0,4,8,4,16,0,0,9,0,9,0,4,17,4,25,6,0,6,31
07/09/2012,MKL,TN,ASO,CE,Federal Contract Tower,0,4,4,0,8,0,1,5,3,9,0,5,9,3,17,0,2,2,19
07/10/2012,MKL,TN,ASO,CE,Federal Contract Tower,0,7,9,0,16,0,1,12,0,13,0,8,21,0,29,12,0,12,41
07/11/2012,MKL,TN,ASO,CE,Federal Contract Tower,0,11,20,0,31,0,0,23,2,25,0,11,43,2,56,40,0,40,96
07/12/2012,MKL,TN,ASO,CE,Federal Contract Tower,0,6,11,0,17,0,0,7,0,7,0,6,18,0,24,40,0,40,64
07/13/2012,MKL,TN,ASO,CE,Federal Contract Tower,0,5,5,0,10,0,0,8,0,8,0,5,13,0,18,22,0,22,40
07/14/2012,MKL,TN,ASO,CE,Federal Contract Tower,0,3,4,0,7,0,0,3,0,3,0,3,7,0,10,38,0,38,48
07/15/2012,MKL,TN,ASO,CE,Federal Contract Tower,0,4,4,0,8,0,0,14,9,23,0,4,18,9,31,14,20,34,65
07/16/2012,MKL,TN,ASO,CE,Federal Contract Tower,0,3,13,0,16,0,2,19,2,23,0,5,32,2,39,8,0,8,47
07/17/2012,MKL,TN,ASO,CE,Federal Contract Tower,0,4,10,0,14,0,1,4,13,18,0,5,14,13,32,80,14,94,126
07/18/2012,MKL,TN,ASO,CE,Federal Contract Tower,0,4,10,0,14,0,0,23,7,30,0,4,33,7,44,84,22,106,150
07/19/2012,MKL,TN,ASO,CE,Federal Contract Tower,0,5,15,0,20,0,0,14,17,31,0,5,29,17,51,70,34,104,155
07/20/2012,MKL,TN,ASO,CE,Federal Contract Tower,0,3,23,2,28,0,1,14,4,19,0,4,37,6,47,30,2,32,79
07/21/2012,MKL,TN,ASO,CE,Federal Contract Tower,0,3,7,0,10,0,1,33,2,36,0,4,40,2,46,2,0,2,48
07/22/2012,MKL,TN,ASO,CE,Federal Contract Tower,0,3,9,3,15,0,1,17,0,18,0,4,26,3,33,14,2,16,49
07/23/2012,MKL,TN,ASO,CE,Federal Contract Tower,0,5,10,0,15,0,1,22,2,25,0,6,32,2,40,26,0,26,66
07/24/2012,MKL,TN,ASO,CE,Federal Contract Tower,0,2,18,6,26,0,3,30,17,50,0,5,48,23,76,8,18,26,102
07/25/2012,MKL,TN,ASO,CE,Federal Contract Tower,0,0,23,0,23,0,6,30,7,43,0,6,53,7,66,52,0,52,118
07/26/2012,MKL,TN,ASO,CE,Federal Contract Tower,0,0,14,1,15,0,4,8,18,30,0,4,22,19,45,2,6,8,53
07/27/2012,MKL,TN,ASO,CE,Federal Contract Tower,0,0,10,5,15,0,5,22,21,48,0,5,32,26,63,0,54,54,117
07/28/2012,MKL,TN,ASO,CE,Federal Contract Tower,0,0,6,0,6,0,2,25,20,47,0,2,31,20,53,20,40,60,113
07/29/2012,MKL,TN,ASO,CE,Federal Contract Tower,0,3,17,0,20,0,1,20,12,33,0,4,37,12,53,0,4,4,57
07/30/2012,MKL,TN,ASO,CE,Federal Contract Tower,0,5,7,0,12,0,0,11,2,13,0,5,18,2,25,17,0,17,42
07/31/2012,MKL,TN,ASO,CE,Federal Contract Tower,0,5,9,0,14,0,3,6,4,13,0,8,15,4,27,4,0,4,31
08/01/2012,MKL,TN,ASO,CE,Federal Contract Tower,0,5,16,1,22,0,0,25,8,33,0,5,41,9,55,24,2,26,81
08/02/2012,MKL,TN,ASO,CE,Federal Contract Tower,0,6,11,3,20,0,0,10,9,19,0,6,21,12,39,2,0,2,41
08/03/2012,MKL,TN,ASO,CE,Federal Contract Tower,0,2,6,0,8,0,4,7,4,15,0,6,13,4,23,2,0,2,25
08/04/2012,MKL,TN,ASO,CE,Federal Contract Tower,0,3,6,2,11,0,0,16,8,24,0,3,22,10,35,8,4,12,47
08/05/2012,MKL,TN,ASO,CE,Federal Contract Tower,0,3,6,1,10,0,1,15,5,21,0,4,21,6,31,0,2,2,33
08/06/2012,MKL,TN,ASO,CE,Federal Contract Tower,0,7,10,2,19,0,0,5,7,12,0,7,15,9,31,6,0,6,37
08/07/2012,MKL,TN,ASO,CE,Federal Contract Tower,0,6,16,2,24,0,8,41,2,51,0,14,57,4,75,14,0,14,89
08/08/2012,MKL,TN,ASO,CE,Federal Contract Tower,0,6,14,0,20,0,0,22,4,26,0,6,36,4,46,2,10,12,58
08/09/2012,MKL,TN,ASO,CE,Federal Contract Tower,0,3,12,0,15,0,2,18,7,27,0,5,30,7,42,14,68,82,124
08/10/2012,MKL,TN,ASO,CE,Federal Contract Tower,0,2,16,2,20,0,1,22,2,25,0,3,38,4,45,20,0,20,65
08/11/2012,MKL,TN,ASO,CE,Federal Contract Tower,0,0,2,1,3,0,2,45,18,65,0,2,47,19,68,38,0,38,106
08/12/2012,MKL,TN,ASO,CE,Federal Contract Tower,0,5,3,0,8,0,2,14,11,27,0,7,17,11,35,0,0,0,35
08/13/2012,MKL,TN,ASO,CE,Federal Contract Tower,0,4,6,0,10,0,1,8,0,9,0,5,14,0,19,0,0,0,19
08/14/2012,MKL,TN,ASO,CE,Federal Contract Tower,0,2,17,0,19,0,11,22,6,39,0,13,39,6,58,8,0,8,66
08/15/2012,MKL,TN,ASO,CE,Federal Contract Tower,0,0,11,0,11,0,4,37,2,43,0,4,48,2,54,16,0,16,70
08/16/2012,MKL,TN,ASO,CE,Federal Contract Tower,0,4,12,1,17,0,0,19,6,25,0,4,31,7,42,0,0,0,42
08/17/2012,MKL,TN,ASO,CE,Federal Contract Tower,0,4,14,0,18,0,0,2,0,2,0,4,16,0,20,0,0,0,20
08/18/2012,MKL,TN,ASO,CE,Federal Contract Tower,0,2,10,0,12,0,1,51,1,53,0,3,61,1,65,18,0,18,83
08/19/2012,MKL,TN,ASO,CE,Federal Contract Tower,0,3,8,0,11,0,1,11,2,14,0,4,19,2,25,14,0,14,39
08/20/2012,MKL,TN,ASO,CE,Federal Contract Tower,0,3,6,0,9,0,4,22,3,29,0,7,28,3,38,10,14,24,62
08/21/2012,MKL,TN,ASO,CE,Federal Contract Tower,0,5,8,1,14,0,2,12,5,19,0,7,20,6,33,0,14,14,47
08/22/2012,MKL,TN,ASO,CE,Federal Contract Tower,0,3,12,1,16,0,1,29,9,39,0,4,41,10,55,28,14,42,97
08/23/2012,MKL,TN,ASO,CE,Federal Contract Tower,0,5,8,0,13,0,0,37,12,49,0,5,45,12,62,12,0,12,74
08/24/2012,MKL,TN,ASO,CE,Federal Contract Tower,0,2,7,0,9,0,3,14,7,24,0,5,21,7,33,10,34,44,77
08/25/2012,MKL,TN,ASO,CE,Federal Contract Tower,0,3,4,0,7,0,0,14,0,14,0,3,18,0,21,6,0,6,27
08/26/2012,MKL,TN,ASO,CE,Federal Contract Tower,0,3,11,0,14,0,1,14,0,15,0,4,25,0,29,10,0,10,39
08/27/2012,MKL,TN,ASO,CE,Federal Contract Tower,0,2,8,0,10,0,3,16,2,21,0,5,24,2,31,4,0,4,35
08/28/2012,MKL,TN,ASO,CE,Federal Contract Tower,0,5,19,0,24,0,0,17,4,21,0,5,36,4,45,28,0,28,73
08/29/2012,MKL,TN,ASO,CE,Federal Contract Tower,0,3,14,0,17,0,2,41,5,48,0,5,55,5,65,44,44,88,153
08/30/2012,MKL,TN,ASO,CE,Federal Contract Tower,0,7,9,0,16,0,0,19,8,27,0,7,28,8,43,8,22,30,73
08/31/2012,MKL,TN,ASO,CE,Federal Contract Tower,0,5,11,0,16,0,0,3,1,4,0,5,14,1,20,0,0,0,20
09/01/2012,MKL,TN,ASO,CE,Federal Contract Tower,0,2,4,0,6,0,2,10,0,12,0,4,14,0,18,14,0,14,32
09/02/2012,MKL,TN,ASO,CE,Federal Contract Tower,0,2,3,0,5,0,3,1,0,4,0,5,4,0,9,0,0,0,9
09/03/2012,MKL,TN,ASO,CE,Federal Contract Tower,0,4,15,0,19,0,1,12,0,13,0,5,27,0,32,8,0,8,40
09/04/2012,MKL,TN,ASO,CE,Federal Contract Tower,0,7,17,0,24,0,0,10,6,16,0,7,27,6,40,6,14,20,60
09/05/2012,MKL,TN,ASO,CE,Federal Contract Tower,0,5,16,0,21,0,0,24,10,34,0,5,40,10,55,36,8,44,99
09/06/2012,MKL,TN,ASO,CE,Federal Contract Tower,0,5,18,0,23,0,0,22,20,42,0,5,40,20,65,22,50,72,137
09/07/2012,MKL,TN,ASO,CE,Federal Contract Tower,0,4,14,0,18,0,1,16,8,25,0,5,30,8,43,20,0,20,63
09/08/2012,MKL,TN,ASO,CE,Federal Contract Tower,0,2,6,1,9,0,2,14,14,30,0,4,20,15,39,0,0,0,39
09/09/2012,MKL,TN,ASO,CE,Federal Contract Tower,0,4,9,0,13,0,1,35,16,52,0,5,44,16,65,8,32,40,105
09/10/2012,MKL,TN,ASO,CE,Federal Contract Tower,0,0,7,0,7,0,6,16,0,22,0,6,23,0,29,34,0,34,63
09/11/2012,MKL,TN,ASO,CE,Federal Contract Tower,0,1,12,0,13,0,4,24,7,35,0,5,36,7,48,0,8,8,56
09/12/2012,MKL,TN,ASO,CE,Federal Contract Tower,0,2,9,0,11,0,1,47,13,61,0,3,56,13,72,8,0,8,80
09/13/2012,MKL,TN,ASO,CE,Federal Contract Tower,0,5,10,1,16,0,1,21,16,38,0,6,31,17,54,30,40,70,124
09/14/2012,MKL,TN,ASO,CE,Federal Contract Tower,0,4,14,3,21,0,7,21,10,38,0,11,35,13,59,6,24,30,89
09/15/2012,MKL,TN,ASO,CE,Federal Contract Tower,0,3,15,1,19,0,0,7,25,32,0,3,22,26,51,2,24,26,77
09/16/2012,MKL,TN,ASO,CE,Federal Contract Tower,0,4,26,0,30,0,0,13,5,18,0,4,39,5,48,0,0,0,48
09/17/2012,MKL,TN,ASO,CE,Federal Contract Tower,0,5,4,0,9,0,0,0,0,0,0,5,4,0,9,0,0,0,9
09/18/2012,MKL,TN,ASO,CE,Federal Contract Tower,0,5,18,2,25,0,1,17,4,22,0,6,35,6,47,20,12,32,79
09/19/2012,MKL,TN,ASO,CE,Federal Contract Tower,0,3,14,2,19,0,2,35,7,44,0,5,49,9,63,12,4,16,79
09/20/2012,MKL,TN,ASO,CE,Federal Contract Tower,0,1,14,0,15,0,3,41,10,54,0,4,55,10,69,14,0,14,83
09/21/2012,MKL,TN,ASO,CE,Federal Contract Tower,0,5,11,0,16,0,0,14,0,14,0,5,25,0,30,4,0,4,34
09/22/2012,MKL,TN,ASO,CE,Federal Contract Tower,0,4,4,0,8,0,3,28,0,31,0,7,32,0,39,20,0,20,59
09/23/2012,MKL,TN,ASO,CE,Federal Contract Tower,0,4,12,0,16,0,2,16,0,18,0,6,28,0,34,20,0,20,54
09/24/2012,MKL,TN,ASO,CE,Federal Contract Tower,0,2,8,2,12,0,4,9,0,13,0,6,17,2,25,18,0,18,43
09/25/2012,MKL,TN,ASO,CE,Federal Contract Tower,0,1,10,0,11,0,3,6,12,21,0,4,16,12,32,0,0,0,32
09/26/2012,MKL,TN,ASO,CE,Federal Contract Tower,0,11,13,0,24,0,0,37,2,39,0,11,50,2,63,42,0,42,105
09/27/2012,MKL,TN,ASO,CE,Federal Contract Tower,0,7,17,0,24,0,0,33,0,33,0,7,50,0,57,22,0,22,79
09/28/2012,MKL,TN,ASO,CE,Federal Contract Tower,0,8,24,0,32,0,0,11,0,11,0,8,35,0,43,12,0,12,55
09/29/2012,MKL,TN,ASO,CE,Federal Contract Tower,0,1,4,0,5,0,2,12,0,14,0,3,16,0,19,0,0,0,19
09/30/2012,MKL,TN,ASO,CE,Federal Contract Tower,0,4,8,0,12,0,0,2,0,2,0,4,10,0,14,0,0,0,14
10/01/2012,MKL,TN,ASO,CE,Federal Contract Tower,0,4,7,0,11,0,0,0,0,0,0,4,7,0,11,0,0,0,11
10/02/2012,MKL,TN,ASO,CE,Federal Contract Tower,0,4,15,17,36,0,1,14,3,18,0,5,29,20,54,4,0,4,58
10/03/2012,MKL,TN,ASO,CE,Federal Contract Tower,0,5,19,0,24,0,2,44,16,62,0,7,63,16,86,56,0,56,142
10/04/2012,MKL,TN,ASO,CE,Federal Contract Tower,0,5,8,0,13,0,0,29,11,40,0,5,37,11,53,20,0,20,73
10/05/2012,MKL,TN,ASO,CE,Federal Contract Tower,0,4,20,0,24,0,0,19,2,21,0,4,39,2,45,0,0,0,45
10/06/2012,MKL,TN,ASO,CE,Federal Contract Tower,0,3,8,0,11,0,0,25,10,35,0,3,33,10,46,6,0,6,52
10/07/2012,MKL,TN,ASO,CE,Federal Contract Tower,0,4,8,0,12,0,0,13,0,13,0,4,21,0,25,0,0,0,25
10/08/2012,MKL,TN,ASO,CE,Federal Contract Tower,0,5,12,0,17,0,1,14,0,15,0,6,26,0,32,3,0,3,35
10/09/2012,MKL,TN,ASO,CE,Federal Contract Tower,0,2,14,0,16,0,0,20,0,20,0,2,34,0,36,8,0,8,44
10/10/2012,MKL,TN,ASO,CE,Federal Contract Tower,0,7,25,0,32,0,0,28,13,41,0,7,53,13,73,28,30,58,131
10/11/2012,MKL,TN,ASO,CE,Federal Contract Tower,0,4,13,0,17,0,0,11,8,19,0,4,24,8,36,2,8,10,46
10/12/2012,MKL,TN,ASO,CE,Federal Contract Tower,0,4,12,2,18,0,0,0,0,0,0,4,12,2,18,0,0,0,18
10/13/2012,MKL,TN,ASO,CE,Federal Contract Tower,0,3,10,0,13,0,0,10,2,12,0,3,20,2,25,2,0,2,27
10/14/2012,MKL,TN,ASO,CE,Federal Contract Tower,0,4,6,0,10,0,0,5,0,5,0,4,11,0,15,0,0,0,15
10/15/2012,MKL,TN,ASO,CE,Federal Contract Tower,0,0,12,0,12,0,5,13,6,24,0,5,25,6,36,0,18,18,54
10/16/2012,MKL,TN,ASO,CE,Federal Contract Tower,0,0,8,2,10,0,7,17,12,36,0,7,25,14,46,24,42,66,112
10/17/2012,MKL,TN,ASO,CE,Federal Contract Tower,0,0,13,2,15,0,4,23,8,35,0,4,36,10,50,4,8,12,62
10/18/2012,MKL,TN,ASO,CE,Federal Contract Tower,0,4,12,2,18,0,2,35,17,54,0,6,47,19,72,0,20,20,92
10/19/2012,MKL,TN,ASO,CE,Federal Contract Tower,0,4,25,1,30,0,1,14,6,21,0,5,39,7,51,4,16,20,71
10/20/2012,MKL,TN,ASO,CE,Federal Contract Tower,0,2,9,0,11,0,1,10,0,11,0,3,19,0,22,26,0,26,48
10/21/2012,MKL,TN,ASO,CE,Federal Contract Tower,0,2,14,0,16,0,2,20,8,30,0,4,34,8,46,0,26,26,72
10/22/2012,MKL,TN,ASO,CE,Federal Contract Tower,0,0,12,2,14,0,5,34,0,39,0,5,46,2,53,26,0,26,79
10/23/2012,MKL,TN,ASO,CE,Federal Contract Tower,0,4,15,0,19,0,1,24,2,27,0,5,39,2,46,0,4,4,50
10/24/2012,MKL,TN,ASO,CE,Federal Contract Tower,0,3,6,0,9,0,2,23,8,33,0,5,29,8,42,18,8,26,68
10/25/2012,MKL,TN,ASO,CE,Federal Contract Tower,0,4,16,0,20,0,2,26,16,44,0,6,42,16,64,8,40,48,112
10/26/2012,MKL,TN,ASO,CE,Federal Contract Tower,0,5,6,0,11,0,0,1,0,1,0,5,7,0,12,2,0,2,14
10/27/2012,MKL,TN,ASO,CE,Federal Contract Tower,0,3,12,0,15,0,0,12,0,12,0,3,24,0,27,0,0,0,27
10/28/2012,MKL,TN,ASO,CE,Federal Contract Tower,0,4,12,0,16,0,2,16,0,18,0,6,28,0,34,12,0,12,46
10/29/2012,MKL,TN,ASO,CE,Federal Contract Tower,0,6,8,0,14,0,8,8,0,16,0,14,16,0,30,10,0,10,40
10/30/2012,MKL,TN,ASO,CE,Federal Contract Tower,0,4,13,0,17,0,1,9,0,10,0,5,22,0,27,0,0,0,27
10/31/2012,MKL,TN,ASO,CE,Federal Contract Tower,0,6,7,0,13,0,1,23,0,24,0,7,30,0,37,14,0,14,51
11/01/2012,MKL,TN,ASO,CE,Federal Contract Tower,0,2,11,0,13,0,14,22,25,61,0,16,33,25,74,40,4,44,118
11/02/2012,MKL,TN,ASO,CE,Federal Contract Tower,0,3,23,0,26,0,4,31,27,62,0,7,54,27,88,0,10,10,98
11/03/2012,MKL,TN,ASO,CE,Federal Contract Tower,0,2,12,0,14,0,2,25,21,48,0,4,37,21,62,20,0,20,82
11/04/2012,MKL,TN,ASO,CE,Federal Contract Tower,0,3,11,1,15,0,1,2,11,14,0,4,13,12,29,0,26,26,55
11/05/2012,MKL,TN,ASO,CE,Federal Contract Tower,0,3,13,2,18,0,4,4,2,10,0,7,17,4,28,0,0,0,28
11/06/2012,MKL,TN,ASO,CE,Federal Contract Tower,0,5,11,0,16,0,1,1,0,2,0,6,12,0,18,4,4,8,26
11/07/2012,MKL,TN,ASO,CE,Federal Contract Tower,0,4,11,0,15,0,3,28,13,44,0,7,39,13,59,0,40,40,99
11/08/2012,MKL,TN,ASO,CE,Federal Contract Tower,0,3,7,0,10,0,3,31,7,41,0,6,38,7,51,4,12,16,67
11/09/2012,MKL,TN,ASO,CE,Federal Contract Tower,0,4,16,1,21,0,5,27,21,53,0,9,43,22,74,28,20,48,122
11/10/2012,MKL,TN,ASO,CE,Federal Contract Tower,0,1,5,0,6,0,1,15,0,16,0,2,20,0,22,4,0,4,26
11/11/2012,MKL,TN,ASO,CE,Federal Contract Tower,0,7,14,0,21,0,0,5,2,7,0,7,19,2,28,4,2,6,34
11/12/2012,MKL,TN,ASO,CE,Federal Contract Tower,0,4,5,0,9,0,3,3,0,6,0,7,8,0,15,0,0,0,15
11/13/2012,MKL,TN,ASO,CE,Federal Contract Tower,0,2,4,7,13,0,4,10,2,16,0,6,14,9,29,0,0,0,29
11/14/2012,MKL,TN,ASO,CE,Federal Contract Tower,0,3,17,0,20,0,4,13,8,25,0,7,30,8,45,28,8,36,81
11/15/2012,MKL,TN,ASO,CE,Federal Contract Tower,0,2,17,1,20,0,9,58,25,92,0,11,75,26,112,40,32,72,184
11/16/2012,MKL,TN,ASO,CE,Federal Contract Tower,0,2,14,0,16,0,3,14,17,34,0,5,28,17,50,4,26,30,80
11/17/2012,MKL,TN,ASO,CE,Federal Contract Tower,0,5,11,0,16,0,0,34,21,55,0,5,45,21,71,56,22,78,149
11/18/2012,MKL,TN,ASO,CE,Federal Contract Tower,0,2,6,4,12,0,4,20,22,46,0,6,26,26,58,8,30,38,96
11/19/2012,MKL,TN,ASO,CE,Federal Contract Tower,0,2,11,4,17,0,4,9,6,19,0,6,20,10,36,26,0,26,62
11/20/2012,MKL,TN,ASO,CE,Federal Contract Tower,0,5,18,0,23,0,5,22,8,35,0,10,40,8,58,12,0,12,70
11/21/2012,MKL,TN,ASO,CE,Federal Contract Tower,0,3,18,0,21,0,4,17,0,21,0,7,35,0,42,12,0,12,54
11/22/2012,MKL,TN,ASO,CE,Federal Contract Tower,0,1,2,0,3,0,5,3,0,8,0,6,5,0,11,0,0,0,11
11/23/2012,MKL,TN,ASO,CE,Federal Contract Tower,0,2,6,0,8,0,4,5,0,9,0,6,11,0,17,0,0,0,17
11/24/2012,MKL,TN,ASO,CE,Federal Contract Tower,0,0,10,0,10,0,3,17,0,20,0,3,27,0,30,8,0,8,38
11/25/2012,MKL,TN,ASO,CE,Federal Contract Tower,0,4,18,0,22,0,0,27,0,27,0,4,45,0,49,12,0,12,61
11/26/2012,MKL,TN,ASO,CE,Federal Contract Tower,0,11,6,0,17,0,1,2,0,3,0,12,8,0,20,22,0,22,42
11/27/2012,MKL,TN,ASO,CE,Federal Contract Tower,0,7,10,0,17,0,4,16,0,20,0,11,26,0,37,78,0,78,115
11/28/2012,MKL,TN,ASO,CE,Federal Contract Tower,0,7,22,1,30,0,5,24,4,33,0,12,46,5,63,60,10,70,133
11/29/2012,MKL,TN,ASO,CE,Federal Contract Tower,0,6,8,2,16,0,7,7,20,34,0,13,15,22,50,0,70,70,120
11/30/2012,MKL,TN,ASO,CE,Federal Contract Tower,0,6,8,0,14,0,6,37,2,45,0,12,45,2,59,40,0,40,99
12/01/2012,MKL,TN,ASO,CE,Federal Contract Tower,0,3,4,0,7,0,4,11,0,15,0,7,15,0,22,2,0,2,24
12/02/2012,MKL,TN,ASO,CE,Federal Contract Tower,0,0,7,0,7,0,4,0,0,4,0,4,7,0,11,0,0,0,11
12/03/2012,MKL,TN,ASO,CE,Federal Contract Tower,0,5,9,2,16,0,3,5,0,8,0,8,14,2,24,18,0,18,42
12/04/2012,MKL,TN,ASO,CE,Federal Contract Tower,0,9,7,0,16,0,0,2,0,2,0,9,9,0,18,0,0,0,18
12/05/2012,MKL,TN,ASO,CE,Federal Contract Tower,0,6,7,0,13,0,3,12,8,23,0,9,19,8,36,0,34,34,70
12/06/2012,MKL,TN,ASO,CE,Federal Contract Tower,0,7,8,4,19,0,2,7,2,11,0,9,15,6,30,12,28,40,70
12/07/2012,MKL,TN,ASO,CE,Federal Contract Tower,0,9,9,0,18,0,0,2,0,2,0,9,11,0,20,0,18,18,38
12/08/2012,MKL,TN,ASO,CE,Federal Contract Tower,0,4,3,0,7,0,0,0,0,0,0,4,3,0,7,0,0,0,7
12/09/2012,MKL,TN,ASO,CE,Federal Contract Tower,0,6,4,0,10,0,0,2,0,2,0,6,6,0,12,2,0,2,14
12/10/2012,MKL,TN,ASO,CE,Federal Contract Tower,0,6,3,0,9,0,1,4,0,5,0,7,7,0,14,0,0,0,14
12/11/2012,MKL,TN,ASO,CE,Federal Contract Tower,0,6,14,2,22,0,2,11,2,15,0,8,25,4,37,2,10,12,49
12/12/2012,MKL,TN,ASO,CE,Federal Contract Tower,0,6,10,2,18,0,2,33,2,37,0,8,43,4,55,22,0,22,77
12/13/2012,MKL,TN,ASO,CE,Federal Contract Tower,0,4,9,1,14,0,2,20,16,38,0,6,29,17,52,2,8,10,62
12/14/2012,MKL,TN,ASO,CE,Federal Contract Tower,0,3,11,0,14,0,6,18,19,43,0,9,29,19,57,10,24,34,91
12/15/2012,MKL,TN,ASO,CE,Federal Contract Tower,0,2,7,3,12,0,2,2,17,21,0,4,9,20,33,2,30,32,65
12/16/2012,MKL,TN,ASO,CE,Federal Contract Tower,0,4,6,2,12,0,0,2,8,10,0,4,8,10,22,0,0,0,22
12/17/2012,MKL,TN,ASO,CE,Federal Contract Tower,0,4,9,0,13,0,2,5,2,9,0,6,14,2,22,15,0,15,37
12/18/2012,MKL,TN,ASO,CE,Federal Contract Tower,0,4,12,4,20,0,4,16,4,24,0,8,28,8,44,2,0,2,46
12/19/2012,MKL,TN,ASO,CE,Federal Contract Tower,0,5,17,0,22,0,4,24,3,31,0,9,41,3,53,44,4,48,101
12/20/2012,MKL,TN,ASO,CE,Federal Contract Tower,0,5,8,0,13,0,3,0,0,3,0,8,8,0,16,0,0,0,16
12/21/2012,MKL,TN,ASO,CE,Federal Contract Tower,0,5,17,0,22,0,2,2,0,4,0,7,19,0,26,0,0,0,26
12/22/2012,MKL,TN,ASO,CE,Federal Contract Tower,0,2,18,0,20,0,1,29,0,30,0,3,47,0,50,16,0,16,66
12/23/2012,MKL,TN,ASO,CE,Federal Contract Tower,0,2,12,0,14,0,0,2,0,2,0,2,14,0,16,0,0,0,16
12/24/2012,MKL,TN,ASO,CE,Federal Contract Tower,0,0,5,0,5,0,0,0,0,0,0,0,5,0,5,0,0,0,5
12/25/2012,MKL,TN,ASO,CE,Federal Contract Tower,0,3,2,0,5,0,0,1,0,1,0,3,3,0,6,0,0,0,6
12/26/2012,MKL,TN,ASO,CE,Federal Contract Tower,0,2,3,0,5,0,3,0,0,3,0,5,3,0,8,2,0,2,10
12/27/2012,MKL,TN,ASO,CE,Federal Contract Tower,0,1,11,0,12,0,4,8,0,12,0,5,19,0,24,0,0,0,24
12/28/2012,MKL,TN,ASO,CE,Federal Contract Tower,0,7,1,0,8,0,1,0,0,1,0,8,1,0,9,0,0,0,9
12/29/2012,MKL,TN,ASO,CE,Federal Contract Tower,0,3,8,0,11,0,0,3,0,3,0,3,11,0,14,0,0,0,14
12/30/2012,MKL,TN,ASO,CE,Federal Contract Tower,0,3,13,0,16,0,1,31,0,32,0,4,44,0,48,8,0,8,56
12/31/2012,MKL,TN,ASO,CE,Federal Contract Tower,0,6,6,0,12,0,1,13,0,14,0,7,19,0,26,0,0,0,26
01/01/2013,MKL,TN,ASO,CE,Federal Contract Tower,0,7,3,0,10,0,0,0,0,0,0,7,3,0,10,0,0,0,10
01/02/2013,MKL,TN,ASO,CE,Federal Contract Tower,0,4,9,0,13,0,1,10,0,11,0,5,19,0,24,0,0,0,24
01/03/2013,MKL,TN,ASO,CE,Federal Contract Tower,0,2,8,0,10,0,9,18,0,27,0,11,26,0,37,52,0,52,89
01/04/2013,MKL,TN,ASO,CE,Federal Contract Tower,0,1,15,0,16,0,7,22,3,32,0,8,37,3,48,16,0,16,64
01/05/2013,MKL,TN,ASO,CE,Federal Contract Tower,0,2,5,0,7,0,1,12,6,19,0,3,17,6,26,4,0,4,30
01/06/2013,MKL,TN,ASO,CE,Federal Contract Tower,0,3,9,1,13,0,1,3,10,14,0,4,12,11,27,0,82,82,109
01/07/2013,MKL,TN,ASO,CE,Federal Contract Tower,0,9,9,2,20,0,1,11,1,13,0,10,20,3,33,2,0,2,35
01/08/2013,MKL,TN,ASO,CE,Federal Contract Tower,0,5,9,0,14,0,2,23,7,32,0,7,32,7,46,32,30,62,108
01/09/2013,MKL,TN,ASO,CE,Federal Contract Tower,0,6,8,0,14,0,0,0,0,0,0,6,8,0,14,0,0,0,14
01/10/2013,MKL,TN,ASO,CE,Federal Contract Tower,0,7,1,0,8,0,0,0,0,0,0,7,1,0,8,0,0,0,8
01/11/2013,MKL,TN,ASO,CE,Federal Contract Tower,0,9,20,2,31,0,0,31,2,33,0,9,51,4,64,22,0,22,86
01/12/2013,MKL,TN,ASO,CE,Federal Contract Tower,0,4,3,0,7,0,0,1,0,1,0,4,4,0,8,0,0,0,8
01/13/2013,MKL,TN,ASO,CE,Federal Contract Tower,0,4,2,2,8,0,0,0,0,0,0,4,2,2,8,0,0,0,8
01/14/2013,MKL,TN,ASO,CE,Federal Contract Tower,0,5,10,0,15,0,0,2,0,2,0,5,12,0,17,0,0,0,17
01/15/2013,MKL,TN,ASO,CE,Federal Contract Tower,0,3,3,0,6,0,0,0,0,0,0,3,3,0,6,0,0,0,6
01/16/2013,MKL,TN,ASO,CE,Federal Contract Tower,0,8,11,0,19,0,1,3,0,4,0,9,14,0,23,8,0,8,31
01/17/2013,MKL,TN,ASO,CE,Federal Contract Tower,0,6,23,0,29,0,1,15,17,33,0,7,38,17,62,30,24,54,116
01/18/2013,MKL,TN,ASO,CE,Federal Contract Tower,0,9,8,1,18,0,2,29,17,48,0,11,37,18,66,28,36,64,130
01/19/2013,MKL,TN,ASO,CE,Federal Contract Tower,0,1,10,5,16,0,1,32,18,51,0,2,42,23,67,2,28,30,97
01/20/2013,MKL,TN,ASO,CE,Federal Contract Tower,0,5,7,2,14,0,1,29,13,43,0,6,36,15,57,8,4,12,69
01/21/2013,MKL,TN,ASO,CE,Federal Contract Tower,0,6,16,0,22,0,0,20,0,20,0,6,36,0,42,10,0,10,52
01/22/2013,MKL,TN,ASO,CE,Federal Contract Tower,0,6,14,2,22,0,2,14,2,18,0,8,28,4,40,32,0,32,72
01/23/2013,MKL,TN,ASO,CE,Federal Contract Tower,0,7,14,0,21,0,1,29,2,32,0,8,43,2,53,32,0,32,85
01/24/2013,MKL,TN,ASO,CE,Federal Contract Tower,0,12,17,3,32,0,2,14,22,38,0,14,31,25,70,14,16,30,100
01/25/2013,MKL,TN,ASO,CE,Federal Contract Tower,0,9,10,0,19,0,0,1,0,1,0,9,11,0,20,0,0,0,20
01/26/2013,MKL,TN,ASO,CE,Federal Contract Tower,0,3,14,0,17,0,0,20,0,20,0,3,34,0,37,2,0,2,39
01/27/2013,MKL,TN,ASO,CE,Federal Contract Tower,0,6,10,0,16,0,0,13,0,13,0,6,23,0,29,11,0,11,40
01/28/2013,MKL,TN,ASO,CE,Federal Contract Tower,0,9,14,0,23,0,0,4,0,4,0,9,18,0,27,4,0,4,31
01/29/2013,MKL,TN,ASO,CE,Federal Contract Tower,0,8,7,0,15,0,1,6,0,7,0,9,13,0,22,0,0,0,22
01/30/2013,MKL,TN,ASO,CE,Federal Contract Tower,0,6,9,2,17,0,1,3,4,8,0,7,12,6,25,2,0,2,27
01/31/2013,MKL,TN,ASO,CE,Federal Contract Tower,0,5,16,1,22,0,7,30,25,62,0,12,46,26,84,22,36,58,142
02/01/2013,MKL,TN,ASO,CE,Federal Contract Tower,0,4,20,2,26,0,1,24,16,41,0,5,44,18,67,16,8,24,91
02/02/2013,MKL,TN,ASO,CE,Federal Contract Tower,0,6,3,0,9,0,11,11,0,22,0,17,14,0,31,15,0,15,46
02/03/2013,MKL,TN,ASO,CE,Federal Contract Tower,0,6,8,1,15,0,0,9,19,28,0,6,17,20,43,15,30,45,88
02/04/2013,MKL,TN,ASO,CE,Federal Contract Tower,0,3,12,0,15,0,0,14,0,14,0,3,26,0,29,0,0,0,29
02/05/2013,MKL,TN,ASO,CE,Federal Contract Tower,0,5,9,0,14,0,0,14,2,16,0,5,23,2,30,0,0,0,30
02/06/2013,MKL,TN,ASO,CE,Federal Contract Tower,0,5,20,0,25,0,2,32,3,37,0,7,52,3,62,22,12,34,96
02/07/2013,MKL,TN,ASO,CE,Federal Contract Tower,1,7,12,2,22,0,0,22,15,37,1,7,34,17,59,2,30,32,91
02/08/2013,MKL,TN,ASO,CE,Federal Contract Tower,0,6,17,0,23,0,1,2,0,3,0,7,19,0,26,4,0,4,30
02/09/2013,MKL,TN,ASO,CE,Federal Contract Tower,0,3,9,0,12,0,0,25,0,25,0,3,34,0,37,4,0,4,41
02/10/2013,MKL,TN,ASO,CE,Federal Contract Tower,0,4,8,0,12,0,1,2,0,3,0,5,10,0,15,0,0,0,15
02/11/2013,MKL,TN,ASO,CE,Federal Contract Tower,0,11,7,0,18,0,1,13,0,14,0,12,20,0,32,8,0,8,40
02/12/2013,MKL,TN,ASO,CE,Federal Contract Tower,0,8,13,0,21,0,0,12,2,14,0,8,25,2,35,24,0,24,59
02/13/2013,MKL,TN,ASO,CE,Federal Contract Tower,0,10,8,0,18,0,0,5,0,5,0,10,13,0,23,34,4,38,61
02/14/2013,MKL,TN,ASO,CE,Federal Contract Tower,0,3,6,0,9,0,2,26,18,46,0,5,32,18,55,24,58,82,137
02/15/2013,MKL,TN,ASO,CE,Federal Contract Tower,0,5,4,3,12,0,2,19,17,38,0,7,23,20,50,26,12,38,88
02/16/2013,MKL,TN,ASO,CE,Federal Contract Tower,0,6,7,1,14,0,3,23,14,40,0,9,30,15,54,16,56,72,126
02/17/2013,MKL,TN,ASO,CE,Federal Contract Tower,0,6,8,1,15,0,1,26,7,34,0,7,34,8,49,50,12,62,111
02/18/2013,MKL,TN,ASO,CE,Federal Contract Tower,0,8,3,0,11,0,0,3,0,3,0,8,6,0,14,0,0,0,14
02/19/2013,MKL,TN,ASO,CE,Federal Contract Tower,0,5,18,0,23,0,2,30,2,34,0,7,48,2,57,18,2,20,77
02/20/2013,MKL,TN,ASO,CE,Federal Contract Tower,0,9,13,1,23,0,2,21,7,30,0,11,34,8,53,26,0,26,79
02/21/2013,MKL,TN,ASO,CE,Federal Contract Tower,0,5,2,0,7,0,0,0,4,4,0,5,2,4,11,0,10,10,21
02/22/2013,MKL,TN,ASO,CE,Federal Contract Tower,0,10,19,0,29,0,3,11,2,16,0,13,30,2,45,22,0,22,67
02/23/2013,MKL,TN,ASO,CE,Federal Contract Tower,0,1,8,0,9,0,2,40,2,44,0,3,48,2,53,44,0,44,97
02/24/2013,MKL,TN,ASO,CE,Federal Contract Tower,0,5,22,0,27,0,1,26,6,33,0,6,48,6,60,2,0,2,62
02/25/2013,MKL,TN,ASO,CE,Federal Contract Tower,0,4,9,0,13,0,0,16,0,16,0,4,25,0,29,25,0,25,54
02/26/2013,MKL,TN,ASO,CE,Federal Contract Tower,0,6,6,0,12,0,1,3,0,4,0,7,9,0,16,0,0,0,16
02/27/2013,MKL,TN,ASO,CE,Federal Contract Tower,0,8,12,0,20,0,1,7,0,8,0,9,19,0,28,18,0,18,46
02/28/2013,MKL,TN,ASO,CE,Federal Contract Tower,0,4,6,0,10,0,0,20,9,29,0,4,26,9,39,0,0,0,39
03/01/2013,MKL,TN,ASO,CE,Federal Contract Tower,0,4,12,0,16,0,1,1,3,5,0,5,13,3,21,0,0,0,21
03/02/2013,MKL,TN,ASO,CE,Federal Contract Tower,0,4,1,0,5,0,0,0,0,0,0,4,1,0,5,0,0,0,5
03/03/2013,MKL,TN,ASO,CE,Federal Contract Tower,0,4,11,0,15,0,0,15,0,15,0,4,26,0,30,10,0,10,40
03/04/2013,MKL,TN,ASO,CE,Federal Contract Tower,0,8,3,0,11,0,0,9,4,13,0,8,12,4,24,0,14,14,38
03/05/2013,MKL,TN,ASO,CE,Federal Contract Tower,0,5,6,0,11,0,0,3,0,3,0,5,9,0,14,8,0,8,22
03/06/2013,MKL,TN,ASO,CE,Federal Contract Tower,0,8,18,0,26,0,1,19,0,20,0,9,37,0,46,34,0,34,80
03/07/2013,MKL,TN,ASO,CE,Federal Contract Tower,0,7,27,0,34,0,1,45,1,47,0,8,72,1,81,22,8,30,111
03/08/2013,MKL,TN,ASO,CE,Federal Contract Tower,0,5,14,0,19,0,4,45,2,51,0,9,59,2,70,20,12,32,102
03/09/2013,MKL,TN,ASO,CE,Federal Contract Tower,0,0,9,0,9,0,2,22,1,25,0,2,31,1,34,14,0,14,48
03/10/2013,MKL,TN,ASO,CE,Federal Contract Tower,0,4,4,0,8,0,0,1,0,1,0,4,5,0,9,0,0,0,9
03/11/2013,MKL,TN,ASO,CE,Federal Contract Tower,0,5,11,0,16,0,0,7,0,7,0,5,18,0,23,2,0,2,25
03/12/2013,MKL,TN,ASO,CE,Federal Contract Tower,0,6,9,2,17,0,1,9,0,10,0,7,18,2,27,8,0,8,35
03/13/2013,MKL,TN,ASO,CE,Federal Contract Tower,0,6,13,0,19,0,0,22,0,22,0,6,35,0,41,12,0,12,53
03/14/2013,MKL,TN,ASO,CE,Federal Contract Tower,0,6,17,0,23,0,2,32,11,45,0,8,49,11,68,4,0,4,72
03/15/2013,MKL,TN,ASO,CE,Federal Contract Tower,0,3,11,0,14,0,5,23,0,28,0,8,34,0,42,4,0,4,46
03/16/2013,MKL,TN,ASO,CE,Federal Contract Tower,0,1,3,0,4,0,2,16,0,18,0,3,19,0,22,32,0,32,54
03/17/2013,MKL,TN,ASO,CE,Federal Contract Tower,0,4,13,0,17,0,2,10,0,12,0,6,23,0,29,0,0,0,29
03/18/2013,MKL,TN,ASO,CE,Federal Contract Tower,0,8,2,0,10,0,0,0,0,0,0,8,2,0,10,0,0,0,10
03/19/2013,MKL,TN,ASO,CE,Federal Contract Tower,0,3,13,0,16,0,5,22,0,27,0,8,35,0,43,8,0,8,51
03/20/2013,MKL,TN,ASO,CE,Federal Contract Tower,0,6,15,0,21,0,0,28,1,29,0,6,43,1,50,12,12,24,74
03/21/2013,MKL,TN,ASO,CE,Federal Contract Tower,0,7,11,0,18,0,0,16,2,18,0,7,27,2,36,20,0,20,56
03/22/2013,MKL,TN,ASO,CE,Federal Contract Tower,0,7,5,0,12,0,2,0,0,2,0,9,5,0,14,0,0,0,14
03/23/2013,MKL,TN,ASO,CE,Federal Contract Tower,0,2,9,0,11,0,0,2,5,7,0,2,11,5,18,4,0,4,22
03/24/2013,MKL,TN,ASO,CE,Federal Contract Tower,0,2,2,0,4,0,0,1,0,1,0,2,3,0,5,0,0,0,5
03/25/2013,MKL,TN,ASO,CE,Federal Contract Tower,0,8,18,0,26,0,1,1,0,2,0,9,19,0,28,0,0,0,28
03/26/2013,MKL,TN,ASO,CE,Federal Contract Tower,0,6,9,0,15,0,0,9,0,9,0,6,18,0,24,0,0,0,24
03/27/2013,MKL,TN,ASO,CE,Federal Contract Tower,0,5,22,0,27,0,2,37,0,39,0,7,59,0,66,48,0,48,114
03/28/2013,MKL,TN,ASO,CE,Federal Contract Tower,0,6,10,0,16,0,1,37,2,40,0,7,47,2,56,2,0,2,58
03/29/2013,MKL,TN,ASO,CE,Federal Contract Tower,0,6,14,0,20,0,0,1,0,1,0,6,15,0,21,0,0,0,21
03/30/2013,MKL,TN,ASO,CE,Federal Contract Tower,0,2,5,0,7,0,0,0,0,0,0,2,5,0,7,0,0,0,7
03/31/2013,MKL,TN,ASO,CE,Federal Contract Tower,0,4,4,0,8,0,0,0,0,0,0,4,4,0,8,2,0,2,10
04/01/2013,MKL,TN,ASO,CE,Federal Contract Tower,0,7,9,0,16,0,2,13,5,20,0,9,22,5,36,8,12,20,56
04/02/2013,MKL,TN,ASO,CE,Federal Contract Tower,0,6,19,2,27,0,0,24,7,31,0,6,43,9,58,2,24,26,84
04/03/2013,MKL,TN,ASO,CE,Federal Contract Tower,0,8,11,0,19,0,0,12,9,21,0,8,23,9,40,0,20,20,60
04/04/2013,MKL,TN,ASO,CE,Federal Contract Tower,0,8,12,0,20,0,0,0,0,0,0,8,12,0,20,0,0,0,20
04/05/2013,MKL,TN,ASO,CE,Federal Contract Tower,0,8,19,0,27,0,2,27,14,43,0,10,46,14,70,0,32,32,102
04/06/2013,MKL,TN,ASO,CE,Federal Contract Tower,0,1,10,0,11,0,2,16,0,18,0,3,26,0,29,2,0,2,31
04/07/2013,MKL,TN,ASO,CE,Federal Contract Tower,0,6,6,0,12,0,2,9,0,11,0,8,15,0,23,0,0,0,23
04/08/2013,MKL,TN,ASO,CE,Federal Contract Tower,0,6,8,0,14,0,2,14,0,16,0,8,22,0,30,0,0,0,30
04/09/2013,MKL,TN,ASO,CE,Federal Contract Tower,0,4,5,0,9,0,1,9,4,14,0,5,14,4,23,4,4,8,31
04/10/2013,MKL,TN,ASO,CE,Federal Contract Tower,0,3,8,0,11,0,2,14,4,20,0,5,22,4,31,0,8,8,39
04/11/2013,MKL,TN,ASO,CE,Federal Contract Tower,0,5,11,0,16,0,0,0,0,0,0,5,11,0,16,0,0,0,16
04/12/2013,MKL,TN,ASO,CE,Federal Contract Tower,4,11,0,0,15,0,2,31,4,37,4,13,31,4,52,10,0,10,62
04/13/2013,MKL,TN,ASO,CE,Federal Contract Tower,0,3,16,2,21,0,1,44,24,69,0,4,60,26,90,14,46,60,150
04/14/2013,MKL,TN,ASO,CE,Federal Contract Tower,0,6,4,2,12,0,0,14,12,26,0,6,18,14,38,4,22,26,64
04/15/2013,MKL,TN,ASO,CE,Federal Contract Tower,0,1,8,0,9,0,3,17,2,22,0,4,25,2,31,0,0,0,31
04/16/2013,MKL,TN,ASO,CE,Federal Contract Tower,0,9,9,0,18,0,0,2,0,2,0,9,11,0,20,0,0,0,20
04/17/2013,MKL,TN,ASO,CE,Federal Contract Tower,0,9,16,0,25,0,2,17,8,27,0,11,33,8,52,8,10,18,70
04/18/2013,MKL,TN,ASO,CE,Federal Contract Tower,0,2,9,0,11,0,2,2,8,12,0,4,11,8,23,4,12,16,39
04/19/2013,MKL,TN,ASO,CE,Federal Contract Tower,0,5,9,1,15,0,1,11,14,26,0,6,20,15,41,4,18,22,63
04/20/2013,MKL,TN,ASO,CE,Federal Contract Tower,0,3,9,0,12,0,1,33,10,44,0,4,42,10,56,30,18,48,104
04/21/2013,MKL,TN,ASO,CE,Federal Contract Tower,0,5,5,0,10,0,2,10,4,16,0,7,15,4,26,0,0,0,26
04/22/2013,MKL,TN,ASO,CE,Federal Contract Tower,0,6,10,0,16,0,0,19,0,19,0,6,29,0,35,6,0,6,41
04/23/2013,MKL,TN,ASO,CE,Federal Contract Tower,0,3,7,0,10,0,4,9,1,14,0,7,16,1,24,6,0,6,30
04/24/2013,MKL,TN,ASO,CE,Federal Contract Tower,0,6,16,0,22,0,3,15,0,18,0,9,31,0,40,52,0,52,92
04/25/2013,MKL,TN,ASO,CE,Federal Contract Tower,0,0,11,2,13,0,5,25,0,30,0,5,36,2,43,18,12,30,73
04/26/2013,MKL,TN,ASO,CE,Federal Contract Tower,0,10,4,0,14,0,2,15,2,19,0,12,19,2,33,0,0,0,33
04/27/2013,MKL,TN,ASO,CE,Federal Contract Tower,0,4,1,0,5,0,0,0,0,0,0,4,1,0,5,0,0,0,5
04/28/2013,MKL,TN,ASO,CE,Federal Contract Tower,0,6,15,0,21,0,0,30,2,32,0,6,45,2,53,0,0,0,53
04/29/2013,MKL,TN,ASO,CE,Federal Contract Tower,0,3,17,0,20,0,3,52,2,57,0,6,69,2,77,6,0,6,83
04/30/2013,MKL,TN,ASO,CE,Federal Contract Tower,0,1,11,1,13,0,3,164,2,169,0,4,175,3,182,36,0,36,218
05/01/2013,MKL,TN,ASO,CE,Federal Contract Tower,0,2,13,0,15,0,5,52,12,69,0,7,65,12,84,20,4,24,108
05/02/2013,MKL,TN,ASO,CE,Federal Contract Tower,0,3,14,0,17,0,2,29,10,41,0,5,43,10,58,12,0,12,70
05/03/2013,MKL,TN,ASO,CE,Federal Contract Tower,0,5,7,0,12,0,2,0,0,2,0,7,7,0,14,0,0,0,14
05/04/2013,MKL,TN,ASO,CE,Federal Contract Tower,0,4,3,0,7,0,0,10,8,18,0,4,13,8,25,8,60,68,93
05/05/2013,MKL,TN,ASO,CE,Federal Contract Tower,0,6,13,2,21,0,0,11,10,21,0,6,24,12,42,2,2,4,46
05/06/2013,MKL,TN,ASO,CE,Federal Contract Tower,0,6,14,0,20,0,0,7,0,7,0,6,21,0,27,16,0,16,43
05/07/2013,MKL,TN,ASO,CE,Federal Contract Tower,0,6,11,4,21,0,1,3,6,10,0,7,14,10,31,0,10,10,41
05/08/2013,MKL,TN,ASO,CE,Federal Contract Tower,0,4,7,0,11,0,3,33,8,44,0,7,40,8,55,8,4,12,67
05/09/2013,MKL,TN,ASO,CE,Federal Contract Tower,0,0,11,0,11,0,8,18,15,41,0,8,29,15,52,50,42,92,144
05/10/2013,MKL,TN,ASO,CE,Federal Contract Tower,0,9,14,6,29,0,0,1,0,1,0,9,15,6,30,0,4,4,34
05/11/2013,MKL,TN,ASO,CE,Federal Contract Tower,0,4,5,7,16,0,0,41,7,48,0,4,46,14,64,8,22,30,94
05/12/2013,MKL,TN,ASO,CE,Federal Contract Tower,0,6,7,0,13,0,0,24,0,24,0,6,31,0,37,10,0,10,47
05/13/2013,MKL,TN,ASO,CE,Federal Contract Tower,0,5,18,0,23,0,3,20,6,29,0,8,38,6,52,4,0,4,56
05/14/2013,MKL,TN,ASO,CE,Federal Contract Tower,0,5,13,5,23,0,0,23,7,30,0,5,36,12,53,10,0,10,63
05/15/2013,MKL,TN,ASO,CE,Federal Contract Tower,0,5,12,0,17,0,5,33,14,52,0,10,45,14,69,12,8,20,89
05/16/2013,MKL,TN,ASO,CE,Federal Contract Tower,0,1,24,0,25,0,4,31,12,47,0,5,55,12,72,24,8,32,104
05/17/2013,MKL,TN,ASO,CE,Federal Contract Tower,0,7,14,0,21,0,0,1,4,5,0,7,15,4,26,0,14,14,40
05/18/2013,MKL,TN,ASO,CE,Federal Contract Tower,0,3,3,0,6,0,0,7,8,15,0,3,10,8,21,24,26,50,71
05/19/2013,MKL,TN,ASO,CE,Federal Contract Tower,0,5,7,0,12,0,0,12,2,14,0,5,19,2,26,18,0,18,44
05/20/2013,MKL,TN,ASO,CE,Federal Contract Tower,0,5,10,0,15,0,2,3,0,5,0,7,13,0,20,20,0,20,40
05/21/2013,MKL,TN,ASO,CE,Federal Contract Tower,0,4,7,0,11,0,0,4,0,4,0,4,11,0,15,0,0,0,15
05/22/2013,MKL,TN,ASO,CE,Federal Contract Tower,0,6,14,2,22,0,0,28,8,36,0,6,42,10,58,28,2,30,88
05/23/2013,MKL,TN,ASO,CE,Federal Contract Tower,0,4,10,1,15,0,0,34,15,49,0,4,44,16,64,2,86,88,152
05/24/2013,MKL,TN,ASO,CE,Federal Contract Tower,0,5,15,0,20,0,2,40,0,42,0,7,55,0,62,22,0,22,84
05/25/2013,MKL,TN,ASO,CE,Federal Contract Tower,0,1,10,0,11,0,4,15,0,19,0,5,25,0,30,40,0,40,70
05/26/2013,MKL,TN,ASO,CE,Federal Contract Tower,0,4,6,0,10,0,2,12,24,38,0,6,18,24,48,12,0,12,60
05/27/2013,MKL,TN,ASO,CE,Federal Contract Tower,0,4,7,0,11,0,0,6,0,6,0,4,13,0,17,0,0,0,17
05/28/2013,MKL,TN,ASO,CE,Federal Contract Tower,1,6,12,0,19,0,2,12,4,18,1,8,24,4,37,4,0,4,41
05/29/2013,MKL,TN,ASO,CE,Federal Contract Tower,0,4,17,0,21,0,2,21,16,39,0,6,38,16,60,8,0,8,68
05/30/2013,MKL,TN,ASO,CE,Federal Contract Tower,0,9,13,0,22,0,2,12,13,27,0,11,25,13,49,12,50,62,111
05/31/2013,MKL,TN,ASO,CE,Federal Contract Tower,0,12,10,0,22,0,0,3,4,7,0,12,13,4,29,0,4,4,33
06/01/2013,MKL,TN,ASO,CE,Federal Contract Tower,0,4,1,2,7,0,0,0,0,0,0,4,1,2,7,0,0,0,7
06/02/2013,MKL,TN,ASO,CE,Federal Contract Tower,0,6,12,0,18,0,0,5,8,13,0,6,17,8,31,2,0,2,33
06/03/2013,MKL,TN,ASO,CE,Federal Contract Tower,0,7,11,0,18,0,0,18,2,20,0,7,29,2,38,8,0,8,46
06/04/2013,MKL,TN,ASO,CE,Federal Contract Tower,0,3,14,2,19,0,2,13,13,28,0,5,27,15,47,0,12,12,59
06/05/2013,MKL,TN,ASO,CE,Federal Contract Tower,0,10,18,0,28,0,0,11,2,13,0,10,29,2,41,12,0,12,53
06/06/2013,MKL,TN,ASO,CE,Federal Contract Tower,0,6,15,0,21,0,0,8,28,36,0,6,23,28,57,0,40,40,97
06/07/2013,MKL,TN,ASO,CE,Federal Contract Tower,0,7,10,2,19,0,1,14,9,24,0,8,24,11,43,10,28,38,81
06/08/2013,MKL,TN,ASO,CE,Federal Contract Tower,0,6,14,0,20,0,2,25,5,32,0,8,39,5,52,34,30,64,116
06/09/2013,MKL,TN,ASO,CE,Federal Contract Tower,0,6,10,0,16,0,0,2,0,2,0,6,12,0,18,0,0,0,18
06/10/2013,MKL,TN,ASO,CE,Federal Contract Tower,0,5,15,0,20,0,1,18,4,23,0,6,33,4,43,5,4,9,52
06/11/2013,MKL,TN,ASO,CE,Federal Contract Tower,0,4,11,1,16,0,0,16,24,40,0,4,27,25,56,0,31,31,87
06/12/2013,MKL,TN,ASO,CE,Federal Contract Tower,0,6,18,4,28,0,1,29,16,46,0,7,47,20,74,12,20,32,106
06/13/2013,MKL,TN,ASO,CE,Federal Contract Tower,0,4,12,0,16,0,0,26,14,40,0,4,38,14,56,40,0,40,96
06/14/2013,MKL,TN,ASO,CE,Federal Contract Tower,0,4,4,0,8,0,0,15,4,19,0,4,19,4,27,0,0,0,27
06/15/2013,MKL,TN,ASO,CE,Federal Contract Tower,0,4,11,0,15,0,3,23,0,26,0,7,34,0,41,2,0,2,43
06/16/2013,MKL,TN,ASO,CE,Federal Contract Tower,0,4,8,0,12,0,0,5,0,5,0,4,13,0,17,0,0,0,17
06/17/2013,MKL,TN,ASO,CE,Federal Contract Tower,0,10,10,0,20,0,0,13,2,15,0,10,23,2,35,10,0,10,45
06/18/2013,MKL,TN,ASO,CE,Federal Contract Tower,0,4,11,3,18,0,0,4,7,11,0,4,15,10,29,8,0,8,37
06/19/2013,MKL,TN,ASO,CE,Federal Contract Tower,0,4,19,0,23,0,0,49,11,60,0,4,68,11,83,26,8,34,117
06/20/2013,MKL,TN,ASO,CE,Federal Contract Tower,0,4,14,0,18,0,6,13,10,29,0,10,27,10,47,10,70,80,127
06/21/2013,MKL,TN,ASO,CE,Federal Contract Tower,0,5,11,0,16,0,1,18,16,35,0,6,29,16,51,0,30,30,81
06/22/2013,MKL,TN,ASO,CE,Federal Contract Tower,0,4,4,0,8,0,0,20,8,28,0,4,24,8,36,0,10,10,46
06/23/2013,MKL,TN,ASO,CE,Federal Contract Tower,0,4,3,0,7,0,0,10,0,10,0,4,13,0,17,0,0,0,17
06/24/2013,MKL,TN,ASO,CE,Federal Contract Tower,0,7,6,0,13,0,1,25,12,38,0,8,31,12,51,10,56,66,117
06/25/2013,MKL,TN,ASO,CE,Federal Contract Tower,0,4,9,1,14,0,0,42,11,53,0,4,51,12,67,22,12,34,101
06/26/2013,MKL,TN,ASO,CE,Federal Contract Tower,0,6,17,1,24,0,3,24,7,34,0,9,41,8,58,8,80,88,146
06/27/2013,MKL,TN,ASO,CE,Federal Contract Tower,0,8,23,0,31,0,0,53,8,61,0,8,76,8,92,0,70,70,162
06/28/2013,MKL,TN,ASO,CE,Federal Contract Tower,0,11,6,0,17,0,0,25,4,29,0,11,31,4,46,4,8,12,58
06/29/2013,MKL,TN,ASO,CE,Federal Contract Tower,0,2,8,0,10,0,0,19,0,19,0,2,27,0,29,2,0,2,31
06/30/2013,MKL,TN,ASO,CE,Federal Contract Tower,0,4,9,0,13,0,0,23,2,25,0,4,32,2,38,12,2,14,52
07/01/2013,MKL,TN,ASO,CE,Federal Contract Tower,0,8,3,0,11,0,0,1,2,3,0,8,4,2,14,10,2,12,26
07/02/2013,MKL,TN,ASO,CE,Federal Contract Tower,0,5,7,0,12,0,0,13,6,19,0,5,20,6,31,0,0,0,31
07/03/2013,MKL,TN,ASO,CE,Federal Contract Tower,0,7,8,0,15,0,1,60,8,69,0,8,68,8,84,8,22,30,114
07/04/2013,MKL,TN,ASO,CE,Federal Contract Tower,0,8,2,0,10,0,0,75,0,75,0,8,77,0,85,12,0,12,97
07/05/2013,MKL,TN,ASO,CE,Federal Contract Tower,0,9,7,0,16,0,0,12,0,12,0,9,19,0,28,4,0,4,32
07/06/2013,MKL,TN,ASO,CE,Federal Contract Tower,0,4,5,0,9,0,0,35,0,35,0,4,40,0,44,14,0,14,58
07/07/2013,MKL,TN,ASO,CE,Federal Contract Tower,0,3,9,0,12,0,1,12,0,13,0,4,21,0,25,2,0,2,27
07/08/2013,MKL,TN,ASO,CE,Federal Contract Tower,0,7,11,1,19,0,0,44,3,47,0,7,55,4,66,0,16,16,82
07/09/2013,MKL,TN,ASO,CE,Federal Contract Tower,0,4,7,0,11,0,1,21,7,29,0,5,28,7,40,0,56,56,96
07/10/2013,MKL,TN,ASO,CE,Federal Contract Tower,0,7,7,0,14,0,0,41,9,50,0,7,48,9,64,18,14,32,96
07/11/2013,MKL,TN,ASO,CE,Federal Contract Tower,0,5,13,1,19,0,0,52,18,70,0,5,65,19,89,8,78,86,175
07/12/2013,MKL,TN,ASO,CE,Federal Contract Tower,0,6,16,0,22,0,1,41,16,58,0,7,57,16,80,16,40,56,136
07/13/2013,MKL,TN,ASO,CE,Federal Contract Tower,0,4,7,3,14,0,0,42,37,79,0,4,49,40,93,28,64,92,185
07/14/2013,MKL,TN,ASO,CE,Federal Contract Tower,0,4,2,1,7,0,0,3,22,25,0,4,5,23,32,0,26,26,58
07/15/2013,MKL,TN,ASO,CE,Federal Contract Tower,0,6,13,0,19,0,0,6,2,8,0,6,19,2,27,0,0,0,27
07/16/2013,MKL,TN,ASO,CE,Federal Contract Tower,0,7,5,1,13,0,1,16,8,25,0,8,21,9,38,24,46,70,108
07/17/2013,MKL,TN,ASO,CE,Federal Contract Tower,0,6,17,3,26,0,0,17,12,29,0,6,34,15,55,0,10,10,65
07/18/2013,MKL,TN,ASO,CE,Federal Contract Tower,0,4,14,0,18,0,0,14,4,18,0,4,28,4,36,0,12,12,48
07/19/2013,MKL,TN,ASO,CE,Federal Contract Tower,0,3,11,0,14,0,1,15,3,19,0,4,26,3,33,18,2,20,53
07/20/2013,MKL,TN,ASO,CE,Federal Contract Tower,0,3,2,0,5,0,2,15,0,17,0,5,17,0,22,8,0,8,30
07/21/2013,MKL,TN,ASO,CE,Federal Contract Tower,0,4,3,0,7,0,0,6,0,6,0,4,9,0,13,0,0,0,13
07/22/2013,MKL,TN,ASO,CE,Federal Contract Tower,0,5,9,0,14,0,0,4,0,4,0,5,13,0,18,4,0,4,22
07/23/2013,MKL,TN,ASO,CE,Federal Contract Tower,0,4,4,0,8,0,0,8,4,12,0,4,12,4,20,2,6,8,28
07/24/2013,MKL,TN,ASO,CE,Federal Contract Tower,0,4,7,2,13,0,0,11,12,23,0,4,18,14,36,4,32,36,72
07/25/2013,MKL,TN,ASO,CE,Federal Contract Tower,0,9,17,0,26,0,1,39,9,49,0,10,56,9,75,22,10,32,107
07/26/2013,MKL,TN,ASO,CE,Federal Contract Tower,0,4,15,4,23,0,1,28,22,51,0,5,43,26,74,14,22,36,110
07/27/2013,MKL,TN,ASO,CE,Federal Contract Tower,0,4,10,3,17,0,0,20,9,29,0,4,30,12,46,2,12,14,60
07/28/2013,MKL,TN,ASO,CE,Federal Contract Tower,0,4,10,0,14,0,0,11,4,15,0,4,21,4,29,10,0,10,39
07/29/2013,MKL,TN,ASO,CE,Federal Contract Tower,0,5,12,0,17,0,1,15,2,18,0,6,27,2,35,25,0,25,60
07/30/2013,MKL,TN,ASO,CE,Federal Contract Tower,0,4,8,0,12,0,0,3,5,8,0,4,11,5,20,0,0,0,20
07/31/2013,MKL,TN,ASO,CE,Federal Contract Tower,0,6,9,0,15,0,0,18,20,38,0,6,27,20,53,2,2,4,57
08/01/2013,MKL,TN,ASO,CE,Federal Contract Tower,0,5,11,0,16,0,0,35,25,60,0,5,46,25,76,32,58,90,166
08/02/2013,MKL,TN,ASO,CE,Federal Contract Tower,0,3,9,0,12,0,1,23,0,24,0,4,32,0,36,12,0,12,48
08/03/2013,MKL,TN,ASO,CE,Federal Contract Tower,0,4,3,0,7,0,0,7,0,7,0,4,10,0,14,6,0,6,20
08/04/2013,MKL,TN,ASO,CE,Federal Contract Tower,0,4,5,0,9,0,0,28,0,28,0,4,33,0,37,12,0,12,49
08/05/2013,MKL,TN,ASO,CE,Federal Contract Tower,0,6,14,0,20,0,0,8,0,8,0,6,22,0,28,0,0,0,28
08/06/2013,MKL,TN,ASO,CE,Federal Contract Tower,0,4,12,2,18,0,1,12,0,13,0,5,24,2,31,28,0,28,59
08/07/2013,MKL,TN,ASO,CE,Federal Contract Tower,0,7,17,2,26,0,1,28,0,29,0,8,45,2,55,4,0,4,59
08/08/2013,MKL,TN,ASO,CE,Federal Contract Tower,0,7,14,1,22,0,0,35,0,35,0,7,49,1,57,2,2,4,61
08/09/2013,MKL,TN,ASO,CE,Federal Contract Tower,0,8,15,0,23,0,0,26,0,26,0,8,41,0,49,26,0,26,75
08/10/2013,MKL,TN,ASO,CE,Federal Contract Tower,0,5,9,0,14,0,0,8,0,8,0,5,17,0,22,0,0,0,22
08/11/2013,MKL,TN,ASO,CE,Federal Contract Tower,0,6,2,0,8,0,0,11,0,11,0,6,13,0,19,10,0,10,29
08/12/2013,MKL,TN,ASO,CE,Federal Contract Tower,0,6,12,0,18,0,1,2,5,8,0,7,14,5,26,0,0,0,26
08/13/2013,MKL,TN,ASO,CE,Federal Contract Tower,0,12,16,0,28,0,0,13,3,16,0,12,29,3,44,0,0,0,44
08/14/2013,MKL,TN,ASO,CE,Federal Contract Tower,0,8,20,0,28,0,2,31,3,36,0,10,51,3,64,0,2,2,66
08/15/2013,MKL,TN,ASO,CE,Federal Contract Tower,0,6,23,0,29,0,1,23,0,24,0,7,46,0,53,28,0,28,81
08/16/2013,MKL,TN,ASO,CE,Federal Contract Tower,0,5,20,2,27,0,0,12,2,14,0,5,32,4,41,0,6,6,47
08/17/2013,MKL,TN,ASO,CE,Federal Contract Tower,0,5,10,0,15,0,0,23,0,23,0,5,33,0,38,14,8,22,60
08/18/2013,MKL,TN,ASO,CE,Federal Contract Tower,0,4,10,1,15,0,0,5,4,9,0,4,15,5,24,0,0,0,24
08/19/2013,MKL,TN,ASO,CE,Federal Contract Tower,0,9,20,0,29,0,0,15,0,15,0,9,35,0,44,6,0,6,50
08/20/2013,MKL,TN,ASO,CE,Federal Contract Tower,0,4,13,0,17,0,0,14,1,15,0,4,27,1,32,28,0,28,60
08/21/2013,MKL,TN,ASO,CE,Federal Contract Tower,0,7,13,1,21,0,1,25,15,41,0,8,38,16,62,4,18,22,84
08/22/2013,MKL,TN,ASO,CE,Federal Contract Tower,0,11,12,2,25,0,14,17,10,41,0,25,29,12,66,50,18,68,134
08/23/2013,MKL,TN,ASO,CE,Federal Contract Tower,0,6,14,4,24,0,0,15,6,21,0,6,29,10,45,18,30,48,93
08/24/2013,MKL,TN,ASO,CE,Federal Contract Tower,0,5,9,1,15,0,0,17,0,17,0,5,26,1,32,14,0,14,46
08/25/2013,MKL,TN,ASO,CE,Federal Contract Tower,0,6,3,0,9,0,0,15,0,15,0,6,18,0,24,12,0,12,36
08/26/2013,MKL,TN,ASO,CE,Federal Contract Tower,0,6,10,0,16,0,0,13,2,15,0,6,23,2,31,0,0,0,31
08/27/2013,MKL,TN,ASO,CE,Federal Contract Tower,0,9,4,0,13,0,0,21,14,35,0,9,25,14,48,24,30,54,102
08/28/2013,MKL,TN,ASO,CE,Federal Contract Tower,0,11,12,0,23,0,0,35,24,59,0,11,47,24,82,10,26,36,118
08/29/2013,MKL,TN,ASO,CE,Federal Contract Tower,0,6,16,2,24,0,2,20,27,49,0,8,36,29,73,18,12,30,103
08/30/2013,MKL,TN,ASO,CE,Federal Contract Tower,0,5,9,0,14,0,3,32,12,47,0,8,41,12,61,18,40,58,119
08/31/2013,MKL,TN,ASO,CE,Federal Contract Tower,0,4,8,0,12,0,0,14,0,14,0,4,22,0,26,4,0,4,30
09/01/2013,MKL,TN,ASO,CE,Federal Contract Tower,0,4,3,0,7,0,0,1,0,1,0,4,4,0,8,0,0,0,8
09/02/2013,MKL,TN,ASO,CE,Federal Contract Tower,0,4,8,0,12,0,0,19,0,19,0,4,27,0,31,8,0,8,39
09/03/2013,MKL,TN,ASO,CE,Federal Contract Tower,0,8,5,0,13,0,0,18,4,22,0,8,23,4,35,0,0,0,35
09/04/2013,MKL,TN,ASO,CE,Federal Contract Tower,0,3,14,0,17,0,1,24,4,29,0,4,38,4,46,18,0,18,64
09/05/2013,MKL,TN,ASO,CE,Federal Contract Tower,0,7,5,1,13,0,15,37,18,70,0,22,42,19,83,22,36,58,141
09/06/2013,MKL,TN,ASO,CE,Federal Contract Tower,0,6,8,0,14,0,2,23,14,39,0,8,31,14,53,4,54,58,111
09/07/2013,MKL,TN,ASO,CE,Federal Contract Tower,0,3,10,2,15,0,2,26,17,45,0,5,36,19,60,18,58,76,136
09/08/2013,MKL,TN,ASO,CE,Federal Contract Tower,0,6,9,2,17,0,0,16,4,20,0,6,25,6,37,0,26,26,63
09/09/2013,MKL,TN,ASO,CE,Federal Contract Tower,0,1,10,0,11,0,4,12,4,20,0,5,22,4,31,4,0,4,35
09/10/2013,MKL,TN,ASO,CE,Federal Contract Tower,0,5,21,0,26,0,9,17,4,30,0,14,38,4,56,17,0,17,73
09/11/2013,MKL,TN,ASO,CE,Federal Contract Tower,0,7,17,1,25,0,1,16,6,23,0,8,33,7,48,12,0,12,60
09/12/2013,MKL,TN,ASO,CE,Federal Contract Tower,0,7,10,1,18,0,4,13,18,35,0,11,23,19,53,50,100,150,203
09/13/2013,MKL,TN,ASO,CE,Federal Contract Tower,0,4,32,0,36,0,2,26,11,39,0,6,58,11,75,18,0,18,93
09/14/2013,MKL,TN,ASO,CE,Federal Contract Tower,0,2,5,0,7,0,4,29,0,33,0,6,34,0,40,8,0,8,48
09/15/2013,MKL,TN,ASO,CE,Federal Contract Tower,0,4,12,0,16,0,0,14,0,14,0,4,26,0,30,2,0,2,32
09/16/2013,MKL,TN,ASO,CE,Federal Contract Tower,0,7,15,0,22,0,2,14,5,21,0,9,29,5,43,2,2,4,47
09/17/2013,MKL,TN,ASO,CE,Federal Contract Tower,0,8,15,0,23,0,1,30,32,63,0,9,45,32,86,0,8,8,94
09/18/2013,MKL,TN,ASO,CE,Federal Contract Tower,0,6,18,1,25,0,3,11,11,25,0,9,29,12,50,10,8,18,68
09/19/2013,MKL,TN,ASO,CE,Federal Contract Tower,0,9,21,1,31,0,1,12,14,27,0,10,33,15,58,14,0,14,72
09/20/2013,MKL,TN,ASO,CE,Federal Contract Tower,0,9,11,2,22,0,0,6,3,9,0,9,17,5,31,20,0,20,51
09/21/2013,MKL,TN,ASO,CE,Federal Contract Tower,0,3,11,0,14,0,2,17,4,23,0,5,28,4,37,4,0,4,41
09/22/2013,MKL,TN,ASO,CE,Federal Contract Tower,0,5,12,0,17,0,2,18,0,20,0,7,30,0,37,8,0,8,45
09/23/2013,MKL,TN,ASO,CE,Federal Contract Tower,0,6,12,0,18,0,1,17,2,20,0,7,29,2,38,4,0,4,42
09/24/2013,MKL,TN,ASO,CE,Federal Contract Tower,0,7,5,0,12,0,0,0,0,0,0,7,5,0,12,0,0,0,12
09/25/2013,MKL,TN,ASO,CE,Federal Contract Tower,0,6,19,2,27,0,2,21,17,40,0,8,40,19,67,20,12,32,99
09/26/2013,MKL,TN,ASO,CE,Federal Contract Tower,0,9,10,0,19,0,1,24,18,43,0,10,34,18,62,4,4,8,70
09/27/2013,MKL,TN,ASO,CE,Federal Contract Tower,0,2,19,0,21,0,3,29,8,40,0,5,48,8,61,18,0,18,79
09/28/2013,MKL,TN,ASO,CE,Federal Contract Tower,0,5,9,0,14,0,2,40,0,42,0,7,49,0,56,4,2,6,62
09/29/2013,MKL,TN,ASO,CE,Federal Contract Tower,0,8,17,0,25,0,0,2,0,2,0,8,19,0,27,0,0,0,27
09/30/2013,MKL,TN,ASO,CE,Federal Contract Tower,0,7,17,0,24,0,0,1,0,1,0,7,18,0,25,0,0,0,25
10/01/2013,MKL,TN,ASO,CE,Federal Contract Tower,0,4,16,0,20,0,0,4,0,4,0,4,20,0,24,0,0,0,24
10/02/2013,MKL,TN,ASO,CE,Federal Contract Tower,0,6,13,0,19,0,1,19,18,38,0,7,32,18,57,0,0,0,57
10/03/2013,MKL,TN,ASO,CE,Federal Contract Tower,0,4,14,2,20,0,0,26,0,26,0,4,40,2,46,14,2,16,62
10/04/2013,MKL,TN,ASO,CE,Federal Contract Tower,0,4,20,0,24,0,1,17,0,18,0,5,37,0,42,2,0,2,44
10/05/2013,MKL,TN,ASO,CE,Federal Contract Tower,0,3,8,0,11,0,2,14,0,16,0,5,22,0,27,4,0,4,31
10/06/2013,MKL,TN,ASO,CE,Federal Contract Tower,0,3,14,0,17,0,1,9,0,10,0,4,23,0,27,0,0,0,27
10/07/2013,MKL,TN,ASO,CE,Federal Contract Tower,0,6,7,0,13,0,0,17,0,17,0,6,24,0,30,12,0,12,42
10/08/2013,MKL,TN,ASO,CE,Federal Contract Tower,0,6,6,0,12,0,0,13,0,13,0,6,19,0,25,6,0,6,31
10/09/2013,MKL,TN,ASO,CE,Federal Contract Tower,0,9,31,0,40,0,1,46,0,47,0,10,77,0,87,4,0,4,91
10/10/2013,MKL,TN,ASO,CE,Federal Contract Tower,0,7,15,0,22,0,0,26,17,43,0,7,41,17,65,10,12,22,87
10/11/2013,MKL,TN,ASO,CE,Federal Contract Tower,0,8,9,0,17,0,1,33,10,44,0,9,42,10,61,22,20,42,103
10/12/2013,MKL,TN,ASO,CE,Federal Contract Tower,0,3,9,0,12,0,1,6,0,7,0,4,15,0,19,14,0,14,33
10/13/2013,MKL,TN,ASO,CE,Federal Contract Tower,0,4,21,0,25,0,0,12,0,12,0,4,33,0,37,4,0,4,41
10/14/2013,MKL,TN,ASO,CE,Federal Contract Tower,0,2,18,0,20,0,1,31,0,32,0,3,49,0,52,8,0,8,60
10/15/2013,MKL,TN,ASO,CE,Federal Contract Tower,0,7,14,0,21,0,0,16,0,16,0,7,30,0,37,0,0,0,37
10/16/2013,MKL,TN,ASO,CE,Federal Contract Tower,0,7,14,0,21,0,0,1,0,1,0,7,15,0,22,0,0,0,22
10/17/2013,MKL,TN,ASO,CE,Federal Contract Tower,0,7,20,0,27,0,1,28,0,29,0,8,48,0,56,4,30,34,90
10/18/2013,MKL,TN,ASO,CE,Federal Contract Tower,0,5,16,0,21,0,2,21,6,29,0,7,37,6,50,28,0,28,78
10/19/2013,MKL,TN,ASO,CE,Federal Contract Tower,0,4,14,0,18,0,0,6,8,14,0,4,20,8,32,20,0,20,52
10/20/2013,MKL,TN,ASO,CE,Federal Contract Tower,0,4,7,0,11,0,0,18,0,18,0,4,25,0,29,6,0,6,35
10/21/2013,MKL,TN,ASO,CE,Federal Contract Tower,0,5,14,0,19,0,1,14,0,15,0,6,28,0,34,0,0,0,34
10/22/2013,MKL,TN,ASO,CE,Federal Contract Tower,0,6,18,2,26,0,1,23,0,24,0,7,41,2,50,12,0,12,62
10/23/2013,MKL,TN,ASO,CE,Federal Contract Tower,0,6,20,0,26,0,4,31,7,42,0,10,51,7,68,2,2,4,72
10/24/2013,MKL,TN,ASO,CE,Federal Contract Tower,0,9,19,0,28,0,0,38,0,38,0,9,57,0,66,8,0,8,74
10/25/2013,MKL,TN,ASO,CE,Federal Contract Tower,0,4,14,0,18,0,5,26,8,39,0,9,40,8,57,4,0,4,61
10/26/2013,MKL,TN,ASO,CE,Federal Contract Tower,0,4,8,0,12,0,0,20,0,20,0,4,28,0,32,4,0,4,36
10/27/2013,MKL,TN,ASO,CE,Federal Contract Tower,0,4,17,0,21,0,1,13,0,14,0,5,30,0,35,22,0,22,57
10/28/2013,MKL,TN,ASO,CE,Federal Contract Tower,0,9,7,0,16,0,0,4,0,4,0,9,11,0,20,8,0,8,28
10/29/2013,MKL,TN,ASO,CE,Federal Contract Tower,0,7,16,0,23,0,0,9,0,9,0,7,25,0,32,0,4,4,36
10/30/2013,MKL,TN,ASO,CE,Federal Contract Tower,0,6,14,0,20,0,5,32,4,41,0,11,46,4,61,4,4,8,69
10/31/2013,MKL,TN,ASO,CE,Federal Contract Tower,0,11,7,0,18,0,0,0,1,1,0,11,7,1,19,0,0,0,19
11/01/2013,MKL,TN,ASO,CE,Federal Contract Tower,0,4,14,0,18,0,1,26,0,27,0,5,40,0,45,4,0,4,49
11/02/2013,MKL,TN,ASO,CE,Federal Contract Tower,0,2,12,0,14,0,0,14,3,17,0,2,26,3,31,26,0,26,57
11/03/2013,MKL,TN,ASO,CE,Federal Contract Tower,0,6,15,0,21,0,1,34,0,35,0,7,49,0,56,2,0,2,58
11/04/2013,MKL,TN,ASO,CE,Federal Contract Tower,0,7,6,0,13,0,1,14,2,17,0,8,20,2,30,0,0,0,30
11/05/2013,MKL,TN,ASO,CE,Federal Contract Tower,0,6,10,0,16,0,0,34,0,34,0,6,44,0,50,16,0,16,66
11/06/2013,MKL,TN,ASO,CE,Federal Contract Tower,0,7,4,0,11,0,0,3,0,3,0,7,7,0,14,0,0,0,14
11/07/2013,MKL,TN,ASO,CE,Federal Contract Tower,0,9,19,0,28,0,1,30,3,34,0,10,49,3,62,2,0,2,64
11/08/2013,MKL,TN,ASO,CE,Federal Contract Tower,0,0,4,0,4,0,0,6,0,6,0,0,10,0,10,10,0,10,20
11/09/2013,MKL,TN,ASO,CE,Federal Contract Tower,0,3,6,2,11,0,0,15,0,15,0,3,21,2,26,12,2,14,40
11/10/2013,MKL,TN,ASO,CE,Federal Contract Tower,0,8,16,0,24,0,0,19,0,19,0,8,35,0,43,34,0,34,77
11/11/2013,MKL,TN,ASO,CE,Federal Contract Tower,0,5,8,0,13,0,1,33,0,34,0,6,41,0,47,14,0,14,61
11/12/2013,MKL,TN,ASO,CE,Federal Contract Tower,0,7,14,0,21,0,0,5,0,5,0,7,19,0,26,0,0,0,26
11/13/2013,MKL,TN,ASO,CE,Federal Contract Tower,0,9,17,0,26,0,0,25,7,32,0,9,42,7,58,2,0,2,60
11/14/2013,MKL,TN,ASO,CE,Federal Contract Tower,0,4,18,2,24,0,1,29,1,31,0,5,47,3,55,14,0,14,69
11/15/2013,MKL,TN,ASO,CE,Federal Contract Tower,0,7,12,0,19,0,0,11,4,15,0,7,23,4,34,8,22,30,64
11/16/2013,MKL,TN,ASO,CE,Federal Contract Tower,0,4,5,0,9,0,0,0,0,0,0,4,5,0,9,0,0,0,9
11/17/2013,MKL,TN,ASO,CE,Federal Contract Tower,0,6,6,0,12,0,0,0,0,0,0,6,6,0,12,0,0,0,12
11/18/2013,MKL,TN,ASO,CE,Federal Contract Tower,0,5,15,0,20,0,0,13,0,13,0,5,28,0,33,0,0,0,33
11/19/2013,MKL,TN,ASO,CE,Federal Contract Tower,0,4,17,0,21,0,1,24,2,27,0,5,41,2,48,10,2,12,60
11/20/2013,MKL,TN,ASO,CE,Federal Contract Tower,0,2,23,1,26,0,0,38,3,41,0,2,61,4,67,8,0,8,75
11/21/2013,MKL,TN,ASO,CE,Federal Contract Tower,0,3,10,0,13,0,0,22,11,33,0,3,32,11,46,14,0,14,60
11/22/2013,MKL,TN,ASO,CE,Federal Contract Tower,0,5,5,0,10,0,0,0,0,0,0,5,5,0,10,0,0,0,10
11/23/2013,MKL,TN,ASO,CE,Federal Contract Tower,0,7,9,0,16,0,0,8,0,8,0,7,17,0,24,4,0,4,28
11/24/2013,MKL,TN,ASO,CE,Federal Contract Tower,0,3,8,0,11,0,0,12,0,12,0,3,20,0,23,2,0,2,25
11/25/2013,MKL,TN,ASO,CE,Federal Contract Tower,0,5,11,2,18,0,1,1,5,7,0,6,12,7,25,0,6,6,31
11/26/2013,MKL,TN,ASO,CE,Federal Contract Tower,0,4,12,0,16,0,0,0,0,0,0,4,12,0,16,0,0,0,16
11/27/2013,MKL,TN,ASO,CE,Federal Contract Tower,0,0,14,0,14,0,2,14,2,18,0,2,28,2,32,0,18,18,50
11/28/2013,MKL,TN,ASO,CE,Federal Contract Tower,0,5,5,0,10,0,0,15,0,15,0,5,20,0,25,0,0,0,25
11/29/2013,MKL,TN,ASO,CE,Federal Contract Tower,0,6,4,0,10,0,1,14,0,15,0,7,18,0,25,18,0,18,43
11/30/2013,MKL,TN,ASO,CE,Federal Contract Tower,0,4,10,0,14,0,0,20,0,20,0,4,30,0,34,18,0,18,52
12/01/2013,MKL,TN,ASO,CE,Federal Contract Tower,0,3,11,0,14,0,0,10,0,10,0,3,21,0,24,20,0,20,44
12/02/2013,MKL,TN,ASO,CE,Federal Contract Tower,0,7,12,0,19,0,0,3,0,3,0,7,15,0,22,0,0,0,22
12/03/2013,MKL,TN,ASO,CE,Federal Contract Tower,0,4,14,0,18,0,0,2,0,2,0,4,16,0,20,0,0,0,20
12/04/2013,MKL,TN,ASO,CE,Federal Contract Tower,0,4,22,0,26,0,1,2,4,7,0,5,24,4,33,0,0,0,33
12/05/2013,MKL,TN,ASO,CE,Federal Contract Tower,0,9,13,0,22,0,0,0,0,0,0,9,13,0,22,0,0,0,22
12/06/2013,MKL,TN,ASO,CE,Federal Contract Tower,0,0,0,0,0,0,0,0,0,0,0,0,0,0,0,0,0,0,0
12/07/2013,MKL,TN,ASO,CE,Federal Contract Tower,0,2,6,0,8,0,1,3,2,6,0,3,9,2,14,0,0,0,14
12/08/2013,MKL,TN,ASO,CE,Federal Contract Tower,0,8,2,0,10,0,0,0,0,0,0,8,2,0,10,0,0,0,10
12/09/2013,MKL,TN,ASO,CE,Federal Contract Tower,0,6,7,2,15,0,0,2,8,10,0,6,9,10,25,0,30,30,55
12/10/2013,MKL,TN,ASO,CE,Federal Contract Tower,0,10,14,0,24,0,0,17,3,20,0,10,31,3,44,0,0,0,44
12/11/2013,MKL,TN,ASO,CE,Federal Contract Tower,0,4,19,3,26,0,0,16,15,31,0,4,35,18,57,2,32,34,91
12/12/2013,MKL,TN,ASO,CE,Federal Contract Tower,0,0,18,6,24,0,3,15,29,47,0,3,33,35,71,0,70,70,141
12/13/2013,MKL,TN,ASO,CE,Federal Contract Tower,0,10,12,1,23,0,1,20,9,30,0,11,32,10,53,26,4,30,83
12/14/2013,MKL,TN,ASO,CE,Federal Contract Tower,0,3,4,4,11,0,0,2,0,2,0,3,6,4,13,0,0,0,13
12/15/2013,MKL,TN,ASO,CE,Federal Contract Tower,0,5,5,0,10,0,0,3,0,3,0,5,8,0,13,2,0,2,15
12/16/2013,MKL,TN,ASO,CE,Federal Contract Tower,0,6,5,4,15,0,0,16,1,17,0,6,21,5,32,2,2,4,36
12/17/2013,MKL,TN,ASO,CE,Federal Contract Tower,0,2,8,0,10,0,0,5,0,5,0,2,13,0,15,4,0,4,19
12/18/2013,MKL,TN,ASO,CE,Federal Contract Tower,0,8,18,0,26,0,1,31,2,34,0,9,49,2,60,0,0,0,60
12/19/2013,MKL,TN,ASO,CE,Federal Contract Tower,0,9,21,0,30,0,0,12,0,12,0,9,33,0,42,2,0,2,44
12/20/2013,MKL,TN,ASO,CE,Federal Contract Tower,0,8,14,0,22,0,0,5,0,5,0,8,19,0,27,0,0,0,27
12/21/2013,MKL,TN,ASO,CE,Federal Contract Tower,0,4,2,0,6,0,0,0,0,0,0,4,2,0,6,0,0,0,6
12/22/2013,MKL,TN,ASO,CE,Federal Contract Tower,0,3,5,0,8,0,0,2,0,2,0,3,7,0,10,0,0,0,10
12/23/2013,MKL,TN,ASO,CE,Federal Contract Tower,0,6,11,0,17,0,2,9,0,11,0,8,20,0,28,14,0,14,42
12/24/2013,MKL,TN,ASO,CE,Federal Contract Tower,0,6,5,0,11,0,1,10,0,11,0,7,15,0,22,0,0,0,22
12/25/2013,MKL,TN,ASO,CE,Federal Contract Tower,0,6,1,0,7,0,0,8,0,8,0,6,9,0,15,12,0,12,27
12/26/2013,MKL,TN,ASO,CE,Federal Contract Tower,0,9,7,0,16,0,0,24,0,24,0,9,31,0,40,10,0,10,50
12/27/2013,MKL,TN,ASO,CE,Federal Contract Tower,0,6,6,0,12,0,0,22,0,22,0,6,28,0,34,30,0,30,64
12/28/2013,MKL,TN,ASO,CE,Federal Contract Tower,0,4,10,0,14,0,0,7,0,7,0,4,17,0,21,20,0,20,41
12/29/2013,MKL,TN,ASO,CE,Federal Contract Tower,0,4,7,0,11,0,0,18,0,18,0,4,25,0,29,20,0,20,49
12/30/2013,MKL,TN,ASO,CE,Federal Contract Tower,0,6,12,0,18,0,2,6,0,8,0,8,18,0,26,0,0,0,26
12/31/2013,MKL,TN,ASO,CE,Federal Contract Tower,0,4,16,0,20,0,3,20,0,23,0,7,36,0,43,36,0,36,79
01/01/2014,MKL,TN,ASO,CE,Federal Contract Tower,0,4,5,0,9,0,2,31,0,33,0,6,36,0,42,0,0,0,42
01/02/2014,MKL,TN,ASO,CE,Federal Contract Tower,0,7,10,0,17,0,0,3,0,3,0,7,13,0,20,0,0,0,20
01/03/2014,MKL,TN,ASO,CE,Federal Contract Tower,0,6,15,0,21,0,2,26,0,28,0,8,41,0,49,2,0,2,51
01/04/2014,MKL,TN,ASO,CE,Federal Contract Tower,0,2,6,0,8,0,0,29,0,29,0,2,35,0,37,12,0,12,49
01/05/2014,MKL,TN,ASO,CE,Federal Contract Tower,0,7,4,0,11,0,0,0,0,0,0,7,4,0,11,0,0,0,11
01/06/2014,MKL,TN,ASO,CE,Federal Contract Tower,0,5,4,0,9,0,0,2,0,2,0,5,6,0,11,0,0,0,11
01/07/2014,MKL,TN,ASO,CE,Federal Contract Tower,0,4,8,1,13,0,1,9,1,11,0,5,17,2,24,20,0,20,44
01/08/2014,MKL,TN,ASO,CE,Federal Contract Tower,0,3,16,0,19,0,0,26,0,26,0,3,42,0,45,4,0,4,49
01/09/2014,MKL,TN,ASO,CE,Federal Contract Tower,0,4,4,0,8,0,0,0,0,0,0,4,4,0,8,0,0,0,8
01/10/2014,MKL,TN,ASO,CE,Federal Contract Tower,0,5,4,0,9,0,0,0,0,0,0,5,4,0,9,0,0,0,9
01/11/2014,MKL,TN,ASO,CE,Federal Contract Tower,0,2,7,0,9,0,0,14,11,25,0,2,21,11,34,8,24,32,66
01/12/2014,MKL,TN,ASO,CE,Federal Contract Tower,0,6,15,0,21,0,0,21,10,31,0,6,36,10,52,20,8,28,80
01/13/2014,MKL,TN,ASO,CE,Federal Contract Tower,0,6,6,0,12,0,0,0,0,0,0,6,6,0,12,0,0,0,12
01/14/2014,MKL,TN,ASO,CE,Federal Contract Tower,0,9,15,1,25,0,7,12,8,27,0,16,27,9,52,0,38,38,90
01/15/2014,MKL,TN,ASO,CE,Federal Contract Tower,0,17,19,1,37,0,12,24,1,37,0,29,43,2,74,16,16,32,106
01/16/2014,MKL,TN,ASO,CE,Federal Contract Tower,0,15,10,0,25,0,10,5,29,44,0,25,15,29,69,10,24,34,103
01/17/2014,MKL,TN,ASO,CE,Federal Contract Tower,0,7,14,0,21,0,0,11,10,21,0,7,25,10,42,2,18,20,62
01/18/2014,MKL,TN,ASO,CE,Federal Contract Tower,0,1,5,1,7,0,1,9,9,19,0,2,14,10,26,4,20,24,50
01/19/2014,MKL,TN,ASO,CE,Federal Contract Tower,0,5,11,0,16,0,1,31,6,38,0,6,42,6,54,35,0,35,89
01/20/2014,MKL,TN,ASO,CE,Federal Contract Tower,0,6,11,0,17,0,1,44,0,45,0,7,55,0,62,66,0,66,128
01/21/2014,MKL,TN,ASO,CE,Federal Contract Tower,0,6,9,9,24,0,1,1,8,10,0,7,10,17,34,0,38,38,72
01/22/2014,MKL,TN,ASO,CE,Federal Contract Tower,0,7,21,0,28,0,0,25,5,30,0,7,46,5,58,0,20,20,78
01/23/2014,MKL,TN,ASO,CE,Federal Contract Tower,0,5,18,0,23,0,0,4,13,17,0,5,22,13,40,2,42,44,84
01/24/2014,MKL,TN,ASO,CE,Federal Contract Tower,0,6,11,3,20,0,1,24,8,33,0,7,35,11,53,8,36,44,97
01/25/2014,MKL,TN,ASO,CE,Federal Contract Tower,0,6,6,0,12,0,0,7,0,7,0,6,13,0,19,2,0,2,21
01/26/2014,MKL,TN,ASO,CE,Federal Contract Tower,0,4,11,0,15,0,2,11,4,17,0,6,22,4,32,14,0,14,46
01/27/2014,MKL,TN,ASO,CE,Federal Contract Tower,0,9,6,0,15,0,0,7,0,7,0,9,13,0,22,0,0,0,22
01/28/2014,MKL,TN,ASO,CE,Federal Contract Tower,0,7,10,0,17,0,0,11,6,17,0,7,21,6,34,14,28,42,76
01/29/2014,MKL,TN,ASO,CE,Federal Contract Tower,0,3,9,0,12,0,30,10,4,44,0,33,19,4,56,26,4,30,86
01/30/2014,MKL,TN,ASO,CE,Federal Contract Tower,0,3,16,0,19,0,32,7,16,55,0,35,23,16,74,12,32,44,118
01/31/2014,MKL,TN,ASO,CE,Federal Contract Tower,0,8,12,0,20,0,0,3,9,12,0,8,15,9,32,2,20,22,54
02/01/2014,MKL,TN,ASO,CE,Federal Contract Tower,0,3,5,0,8,0,0,9,14,23,0,3,14,14,31,14,60,74,105
02/02/2014,MKL,TN,ASO,CE,Federal Contract Tower,0,6,3,0,9,0,0,0,0,0,0,6,3,0,9,0,0,0,9
02/03/2014,MKL,TN,ASO,CE,Federal Contract Tower,0,10,14,0,24,0,0,0,0,0,0,10,14,0,24,0,0,0,24
02/04/2014,MKL,TN,ASO,CE,Federal Contract Tower,0,4,13,0,17,0,0,0,0,0,0,4,13,0,17,0,0,0,17
02/05/2014,MKL,TN,ASO,CE,Federal Contract Tower,0,8,8,0,16,0,0,0,2,2,0,8,8,2,18,0,10,10,28
02/06/2014,MKL,TN,ASO,CE,Federal Contract Tower,0,8,13,0,21,0,0,0,12,12,0,8,13,12,33,0,8,8,41
02/07/2014,MKL,TN,ASO,CE,Federal Contract Tower,0,5,14,0,19,0,1,10,4,15,0,6,24,4,34,6,0,6,40
02/08/2014,MKL,TN,ASO,CE,Federal Contract Tower,0,2,0,0,2,0,0,0,0,0,0,2,0,0,2,0,0,0,2
02/09/2014,MKL,TN,ASO,CE,Federal Contract Tower,0,2,9,0,11,0,0,2,0,2,0,2,11,0,13,12,0,12,25
02/10/2014,MKL,TN,ASO,CE,Federal Contract Tower,0,8,5,0,13,0,0,9,0,9,0,8,14,0,22,4,0,4,26
02/11/2014,MKL,TN,ASO,CE,Federal Contract Tower,0,2,9,2,13,0,1,12,1,14,0,3,21,3,27,4,0,4,31
02/12/2014,MKL,TN,ASO,CE,Federal Contract Tower,0,4,7,0,11,0,0,0,0,0,0,4,7,0,11,0,0,0,11
02/13/2014,MKL,TN,ASO,CE,Federal Contract Tower,0,5,18,0,23,0,1,34,3,38,0,6,52,3,61,8,0,8,69
02/14/2014,MKL,TN,ASO,CE,Federal Contract Tower,0,8,19,2,29,0,0,11,6,17,0,8,30,8,46,12,4,16,62
02/15/2014,MKL,TN,ASO,CE,Federal Contract Tower,0,3,11,0,14,0,1,19,15,35,0,4,30,15,49,54,10,64,113
02/16/2014,MKL,TN,ASO,CE,Federal Contract Tower,0,5,7,0,12,0,3,27,0,30,0,8,34,0,42,24,0,24,66
02/17/2014,MKL,TN,ASO,CE,Federal Contract Tower,0,6,3,0,9,0,0,0,0,0,0,6,3,0,9,0,0,0,9
02/18/2014,MKL,TN,ASO,CE,Federal Contract Tower,0,7,15,0,22,0,19,2,0,21,0,26,17,0,43,8,0,8,51
02/19/2014,MKL,TN,ASO,CE,Federal Contract Tower,0,7,23,0,30,0,0,5,2,7,0,7,28,2,37,8,0,8,45
02/20/2014,MKL,TN,ASO,CE,Federal Contract Tower,0,0,4,0,4,0,2,2,0,4,0,2,6,0,8,2,0,2,10
02/21/2014,MKL,TN,ASO,CE,Federal Contract Tower,0,6,9,1,16,0,3,21,6,30,0,9,30,7,46,2,0,2,48
02/22/2014,MKL,TN,ASO,CE,Federal Contract Tower,0,3,12,0,15,0,1,49,4,54,0,4,61,4,69,34,0,34,103
02/23/2014,MKL,TN,ASO,CE,Federal Contract Tower,0,3,14,1,18,0,3,27,3,33,0,6,41,4,51,45,0,45,96
02/24/2014,MKL,TN,ASO,CE,Federal Contract Tower,0,2,11,0,13,0,2,5,0,7,0,4,16,0,20,0,0,0,20
02/25/2014,MKL,TN,ASO,CE,Federal Contract Tower,0,8,17,1,26,0,0,10,0,10,0,8,27,1,36,0,0,0,36
02/26/2014,MKL,TN,ASO,CE,Federal Contract Tower,0,7,11,0,18,0,0,22,1,23,0,7,33,1,41,8,4,12,53
02/27/2014,MKL,TN,ASO,CE,Federal Contract Tower,0,2,15,0,17,0,0,27,2,29,0,2,42,2,46,24,0,24,70
02/28/2014,MKL,TN,ASO,CE,Federal Contract Tower,0,8,18,0,26,0,0,17,0,17,0,8,35,0,43,0,0,0,43
03/01/2014,MKL,TN,ASO,CE,Federal Contract Tower,0,2,22,0,24,0,0,18,2,20,0,2,40,2,44,22,0,22,66
03/02/2014,MKL,TN,ASO,CE,Federal Contract Tower,0,6,4,0,10,0,0,0,0,0,0,6,4,0,10,0,0,0,10
03/03/2014,MKL,TN,ASO,CE,Federal Contract Tower,0,0,2,0,2,0,0,0,0,0,0,0,2,0,2,0,0,0,2
03/04/2014,MKL,TN,ASO,CE,Federal Contract Tower,0,2,8,0,10,0,0,1,0,1,0,2,9,0,11,0,0,0,11
03/05/2014,MKL,TN,ASO,CE,Federal Contract Tower,0,2,7,0,9,0,0,0,0,0,0,2,7,0,9,0,0,0,9
03/06/2014,MKL,TN,ASO,CE,Federal Contract Tower,0,4,10,2,16,0,2,8,34,44,0,6,18,36,60,0,26,26,86
03/07/2014,MKL,TN,ASO,CE,Federal Contract Tower,0,7,8,1,16,0,1,17,12,30,0,8,25,13,46,4,4,8,54
03/08/2014,MKL,TN,ASO,CE,Federal Contract Tower,0,4,4,0,8,0,0,28,6,34,0,4,32,6,42,2,0,2,44
03/09/2014,MKL,TN,ASO,CE,Federal Contract Tower,0,6,11,1,18,0,0,17,9,26,0,6,28,10,44,14,8,22,66
03/10/2014,MKL,TN,ASO,CE,Federal Contract Tower,0,3,12,0,15,0,0,19,0,19,0,3,31,0,34,2,0,2,36
03/11/2014,MKL,TN,ASO,CE,Federal Contract Tower,0,5,9,1,15,0,0,26,5,31,0,5,35,6,46,0,0,0,46
03/12/2014,MKL,TN,ASO,CE,Federal Contract Tower,0,3,9,0,12,0,0,0,0,0,0,3,9,0,12,0,0,0,12
03/13/2014,MKL,TN,ASO,CE,Federal Contract Tower,0,0,17,0,17,0,1,34,8,43,0,1,51,8,60,12,38,50,110
03/14/2014,MKL,TN,ASO,CE,Federal Contract Tower,0,5,8,2,15,0,1,9,7,17,0,6,17,9,32,2,16,18,50
03/15/2014,MKL,TN,ASO,CE,Federal Contract Tower,0,4,12,2,18,0,0,35,0,35,0,4,47,2,53,22,0,22,75
03/16/2014,MKL,TN,ASO,CE,Federal Contract Tower,0,3,9,0,12,0,0,0,0,0,0,3,9,0,12,0,0,0,12
03/17/2014,MKL,TN,ASO,CE,Federal Contract Tower,0,7,17,0,24,0,1,8,0,9,0,8,25,0,33,22,0,22,55
03/18/2014,MKL,TN,ASO,CE,Federal Contract Tower,0,2,12,0,14,0,0,4,8,12,0,2,16,8,26,38,0,38,64
03/19/2014,MKL,TN,ASO,CE,Federal Contract Tower,0,2,8,0,10,0,0,16,0,16,0,2,24,0,26,2,0,2,28
03/20/2014,MKL,TN,ASO,CE,Federal Contract Tower,0,1,11,2,14,0,3,29,2,34,0,4,40,4,48,30,0,30,78
03/21/2014,MKL,TN,ASO,CE,Federal Contract Tower,0,2,20,0,22,0,3,15,4,22,0,5,35,4,44,2,0,2,46
03/22/2014,MKL,TN,ASO,CE,Federal Contract Tower,0,4,21,0,25,0,2,25,5,32,0,6,46,5,57,44,18,62,119
03/23/2014,MKL,TN,ASO,CE,Federal Contract Tower,0,4,1,0,5,0,3,13,2,18,0,7,14,2,23,0,0,0,23
03/24/2014,MKL,TN,ASO,CE,Federal Contract Tower,0,3,10,0,13,0,2,15,0,17,0,5,25,0,30,4,0,4,34
03/25/2014,MKL,TN,ASO,CE,Federal Contract Tower,0,3,3,1,7,0,0,9,2,11,0,3,12,3,18,2,0,2,20
03/26/2014,MKL,TN,ASO,CE,Federal Contract Tower,0,0,7,4,11,0,1,17,50,68,0,1,24,54,79,0,12,12,91
03/27/2014,MKL,TN,ASO,CE,Federal Contract Tower,0,3,6,4,13,0,0,7,20,27,0,3,13,24,40,4,4,8,48
03/28/2014,MKL,TN,ASO,CE,Federal Contract Tower,0,10,15,0,25,0,0,15,0,15,0,10,30,0,40,0,0,0,40
03/29/2014,MKL,TN,ASO,CE,Federal Contract Tower,0,4,6,0,10,0,0,1,0,1,0,4,7,0,11,0,0,0,11
03/30/2014,MKL,TN,ASO,CE,Federal Contract Tower,0,5,7,0,12,0,1,14,0,15,0,6,21,0,27,4,0,4,31
03/31/2014,MKL,TN,ASO,CE,Federal Contract Tower,0,3,26,0,29,0,0,20,0,20,0,3,46,0,49,2,0,2,51
04/01/2014,MKL,TN,ASO,CE,Federal Contract Tower,0,2,11,2,15,0,0,24,0,24,0,2,35,2,39,24,4,28,67
04/02/2014,MKL,TN,ASO,CE,Federal Contract Tower,0,0,18,0,18,0,1,16,0,17,0,1,34,0,35,2,0,2,37
04/03/2014,MKL,TN,ASO,CE,Federal Contract Tower,0,3,7,0,10,0,0,3,0,3,0,3,10,0,13,0,18,18,31
04/04/2014,MKL,TN,ASO,CE,Federal Contract Tower,0,7,5,1,13,0,0,5,5,10,0,7,10,6,23,0,0,0,23
04/05/2014,MKL,TN,ASO,CE,Federal Contract Tower,0,3,14,1,18,0,1,40,12,53,0,4,54,13,71,28,2,30,101
04/06/2014,MKL,TN,ASO,CE,Federal Contract Tower,0,6,7,3,16,0,0,6,7,13,0,6,13,10,29,4,4,8,37
04/07/2014,MKL,TN,ASO,CE,Federal Contract Tower,0,2,10,0,12,0,0,1,0,1,0,2,11,0,13,0,0,0,13
04/08/2014,MKL,TN,ASO,CE,Federal Contract Tower,0,3,7,0,10,0,0,4,0,4,0,3,11,0,14,0,0,0,14
04/09/2014,MKL,TN,ASO,CE,Federal Contract Tower,0,0,21,0,21,0,2,16,0,18,0,2,37,0,39,50,0,50,89
04/10/2014,MKL,TN,ASO,CE,Federal Contract Tower,0,2,10,0,12,0,0,42,13,55,0,2,52,13,67,30,8,38,105
04/11/2014,MKL,TN,ASO,CE,Federal Contract Tower,0,6,19,0,25,0,0,29,0,29,0,6,48,0,54,22,0,22,76
04/12/2014,MKL,TN,ASO,CE,Federal Contract Tower,0,4,8,0,12,0,0,26,0,26,0,4,34,0,38,21,0,21,59
04/13/2014,MKL,TN,ASO,CE,Federal Contract Tower,0,6,11,2,19,0,0,10,0,10,0,6,21,2,29,0,0,0,29
04/14/2014,MKL,TN,ASO,CE,Federal Contract Tower,0,4,2,0,6,0,0,4,0,4,0,4,6,0,10,0,2,2,12
04/15/2014,MKL,TN,ASO,CE,Federal Contract Tower,0,2,13,2,17,0,2,5,4,11,0,4,18,6,28,4,4,8,36
04/16/2014,MKL,TN,ASO,CE,Federal Contract Tower,0,4,16,1,21,0,0,37,5,42,0,4,53,6,63,8,24,32,95
04/17/2014,MKL,TN,ASO,CE,Federal Contract Tower,0,3,9,2,14,0,2,24,0,26,0,5,33,2,40,0,40,40,80
04/18/2014,MKL,TN,ASO,CE,Federal Contract Tower,0,2,12,0,14,0,2,24,0,26,0,4,36,0,40,44,0,44,84
04/19/2014,MKL,TN,ASO,CE,Federal Contract Tower,0,2,6,0,8,0,2,35,0,37,0,4,41,0,45,32,0,32,77
04/20/2014,MKL,TN,ASO,CE,Federal Contract Tower,0,6,10,0,16,0,0,13,0,13,0,6,23,0,29,0,0,0,29
04/21/2014,MKL,TN,ASO,CE,Federal Contract Tower,0,6,7,0,13,0,1,1,0,2,0,7,8,0,15,0,0,0,15
04/22/2014,MKL,TN,ASO,CE,Federal Contract Tower,0,2,15,1,18,0,0,18,8,26,0,2,33,9,44,16,8,24,68
04/23/2014,MKL,TN,ASO,CE,Federal Contract Tower,0,2,17,1,20,0,25,11,0,36,0,27,28,1,56,4,30,34,90
04/24/2014,MKL,TN,ASO,CE,Federal Contract Tower,0,2,25,0,27,0,0,14,5,19,0,2,39,5,46,0,0,0,46
04/25/2014,MKL,TN,ASO,CE,Federal Contract Tower,0,6,12,2,20,0,3,19,10,32,0,9,31,12,52,2,0,2,54
04/26/2014,MKL,TN,ASO,CE,Federal Contract Tower,0,2,14,2,18,0,2,24,20,46,0,4,38,22,64,32,10,42,106
04/27/2014,MKL,TN,ASO,CE,Federal Contract Tower,0,6,7,0,13,0,0,0,4,4,0,6,7,4,17,0,12,12,29
04/28/2014,MKL,TN,ASO,CE,Federal Contract Tower,0,4,6,0,10,0,0,0,0,0,0,4,6,0,10,0,0,0,10
04/29/2014,MKL,TN,ASO,CE,Federal Contract Tower,0,6,9,0,15,0,0,3,0,3,0,6,12,0,18,0,0,0,18
04/30/2014,MKL,TN,ASO,CE,Federal Contract Tower,0,2,9,1,12,0,0,7,5,12,0,2,16,6,24,0,2,2,26
05/01/2014,MKL,TN,ASO,CE,Federal Contract Tower,0,6,21,1,28,0,0,13,12,25,0,6,34,13,53,8,24,32,85
05/02/2014,MKL,TN,ASO,CE,Federal Contract Tower,0,8,14,6,28,0,2,22,5,29,0,10,36,11,57,28,12,40,97
05/03/2014,MKL,TN,ASO,CE,Federal Contract Tower,0,2,7,0,9,0,2,23,6,31,0,4,30,6,40,28,14,42,82
05/04/2014,MKL,TN,ASO,CE,Federal Contract Tower,0,2,11,1,14,0,2,8,5,15,0,4,19,6,29,0,2,2,31
05/05/2014,MKL,TN,ASO,CE,Federal Contract Tower,0,4,10,0,14,0,0,18,0,18,0,4,28,0,32,6,0,6,38
05/06/2014,MKL,TN,ASO,CE,Federal Contract Tower,0,6,4,1,11,0,2,25,7,34,0,8,29,8,45,20,24,44,89
05/07/2014,MKL,TN,ASO,CE,Federal Contract Tower,0,6,11,1,18,0,2,28,8,38,0,8,39,9,56,2,28,30,86
05/08/2014,MKL,TN,ASO,CE,Federal Contract Tower,0,8,15,1,24,0,0,11,13,24,0,8,26,14,48,4,30,34,82
05/09/2014,MKL,TN,ASO,CE,Federal Contract Tower,0,10,10,0,20,0,0,3,0,3,0,10,13,0,23,4,16,20,43
05/10/2014,MKL,TN,ASO,CE,Federal Contract Tower,0,4,10,0,14,0,2,12,0,14,0,6,22,0,28,12,0,12,40
05/11/2014,MKL,TN,ASO,CE,Federal Contract Tower,0,4,4,0,8,0,0,3,0,3,0,4,7,0,11,2,0,2,13
05/12/2014,MKL,TN,ASO,CE,Federal Contract Tower,0,4,11,1,16,0,0,7,5,12,0,4,18,6,28,0,8,8,36
05/13/2014,MKL,TN,ASO,CE,Federal Contract Tower,0,0,12,1,13,0,0,26,4,30,0,0,38,5,43,0,22,22,65
05/14/2014,MKL,TN,ASO,CE,Federal Contract Tower,0,2,12,0,14,0,0,1,0,1,0,2,13,0,15,0,0,0,15
05/15/2014,MKL,TN,ASO,CE,Federal Contract Tower,0,7,16,0,23,0,1,12,14,27,0,8,28,14,50,0,4,4,54
05/16/2014,MKL,TN,ASO,CE,Federal Contract Tower,0,2,15,0,17,0,0,27,4,31,0,2,42,4,48,4,0,4,52
05/17/2014,MKL,TN,ASO,CE,Federal Contract Tower,0,1,15,0,16,0,0,1,7,8,0,1,16,7,24,0,0,0,24
05/18/2014,MKL,TN,ASO,CE,Federal Contract Tower,0,4,14,16,34,0,2,18,8,28,0,6,32,24,62,6,24,30,92
05/19/2014,MKL,TN,ASO,CE,Federal Contract Tower,0,6,18,0,24,0,0,14,0,14,0,6,32,0,38,14,0,14,52
05/20/2014,MKL,TN,ASO,CE,Federal Contract Tower,0,3,9,0,12,0,0,16,4,20,0,3,25,4,32,2,20,22,54
05/21/2014,MKL,TN,ASO,CE,Federal Contract Tower,0,5,11,1,17,0,0,27,16,43,0,5,38,17,60,4,8,12,72
05/22/2014,MKL,TN,ASO,CE,Federal Contract Tower,0,0,18,0,18,0,1,16,6,23,0,1,34,6,41,96,8,104,145
05/23/2014,MKL,TN,ASO,CE,Federal Contract Tower,0,4,12,0,16,0,0,24,0,24,0,4,36,0,40,16,0,16,56
05/24/2014,MKL,TN,ASO,CE,Federal Contract Tower,0,2,11,0,13,0,1,18,0,19,0,3,29,0,32,24,0,24,56
05/25/2014,MKL,TN,ASO,CE,Federal Contract Tower,0,6,6,0,12,0,0,8,0,8,0,6,14,0,20,4,0,4,24
05/26/2014,MKL,TN,ASO,CE,Federal Contract Tower,0,2,7,0,9,0,0,11,0,11,0,2,18,0,20,16,0,16,36
05/27/2014,MKL,TN,ASO,CE,Federal Contract Tower,0,2,8,0,10,0,0,8,2,10,0,2,16,2,20,0,0,0,20
05/28/2014,MKL,TN,ASO,CE,Federal Contract Tower,0,4,15,0,19,0,0,7,0,7,0,4,22,0,26,0,0,0,26
05/29/2014,MKL,TN,ASO,CE,Federal Contract Tower,0,3,20,0,23,0,0,12,9,21,0,3,32,9,44,12,0,12,56
05/30/2014,MKL,TN,ASO,CE,Federal Contract Tower,0,4,2,5,11,0,0,7,2,9,0,4,9,7,20,0,26,26,46
05/31/2014,MKL,TN,ASO,CE,Federal Contract Tower,0,2,9,0,11,0,0,19,0,19,0,2,28,0,30,26,0,26,56
06/01/2014,MKL,TN,ASO,CE,Federal Contract Tower,0,6,14,0,20,0,0,14,3,17,0,6,28,3,37,4,0,4,41
06/02/2014,MKL,TN,ASO,CE,Federal Contract Tower,0,7,13,2,22,0,0,8,4,12,0,7,21,6,34,0,0,0,34
06/03/2014,MKL,TN,ASO,CE,Federal Contract Tower,0,6,21,0,27,0,0,11,8,19,0,6,32,8,46,14,0,14,60
06/04/2014,MKL,TN,ASO,CE,Federal Contract Tower,0,6,14,0,20,0,1,24,3,28,0,7,38,3,48,6,6,12,60
06/05/2014,MKL,TN,ASO,CE,Federal Contract Tower,0,9,8,2,19,0,2,8,0,10,0,11,16,2,29,0,0,0,29
06/06/2014,MKL,TN,ASO,CE,Federal Contract Tower,0,4,17,6,27,0,0,7,0,7,0,4,24,6,34,0,0,0,34
06/07/2014,MKL,TN,ASO,CE,Federal Contract Tower,0,4,14,0,18,0,1,5,0,6,0,5,19,0,24,10,0,10,34
06/08/2014,MKL,TN,ASO,CE,Federal Contract Tower,0,4,11,0,15,0,0,14,0,14,0,4,25,0,29,12,0,12,41
06/09/2014,MKL,TN,ASO,CE,Federal Contract Tower,0,5,7,0,12,0,0,3,7,10,0,5,10,7,22,0,0,0,22
06/10/2014,MKL,TN,ASO,CE,Federal Contract Tower,0,7,7,0,14,0,0,4,0,4,0,7,11,0,18,0,2,2,20
06/11/2014,MKL,TN,ASO,CE,Federal Contract Tower,0,6,6,0,12,0,0,12,3,15,0,6,18,3,27,22,8,30,57
06/12/2014,MKL,TN,ASO,CE,Federal Contract Tower,0,7,24,0,31,0,1,23,4,28,0,8,47,4,59,8,42,50,109
06/13/2014,MKL,TN,ASO,CE,Federal Contract Tower,0,8,19,0,27,0,1,10,5,16,0,9,29,5,43,18,2,20,63
06/14/2014,MKL,TN,ASO,CE,Federal Contract Tower,0,5,10,0,15,0,1,20,8,29,0,6,30,8,44,20,0,20,64
06/15/2014,MKL,TN,ASO,CE,Federal Contract Tower,0,2,20,0,22,0,0,12,0,12,0,2,32,0,34,8,0,8,42
06/16/2014,MKL,TN,ASO,CE,Federal Contract Tower,0,4,11,0,15,0,0,12,2,14,0,4,23,2,29,0,0,0,29
06/17/2014,MKL,TN,ASO,CE,Federal Contract Tower,0,11,17,0,28,0,1,25,7,33,0,12,42,7,61,6,36,42,103
06/18/2014,MKL,TN,ASO,CE,Federal Contract Tower,0,7,18,0,25,0,0,24,5,29,0,7,42,5,54,46,0,46,100
06/19/2014,MKL,TN,ASO,CE,Federal Contract Tower,0,8,16,4,28,0,3,18,13,34,0,11,34,17,62,4,4,8,70
06/20/2014,MKL,TN,ASO,CE,Federal Contract Tower,0,6,14,2,22,0,0,16,17,33,0,6,30,19,55,18,18,36,91
06/21/2014,MKL,TN,ASO,CE,Federal Contract Tower,0,7,10,0,17,0,1,21,2,24,0,8,31,2,41,20,0,20,61
06/22/2014,MKL,TN,ASO,CE,Federal Contract Tower,0,4,10,0,14,0,0,8,2,10,0,4,18,2,24,14,0,14,38
06/23/2014,MKL,TN,ASO,CE,Federal Contract Tower,0,5,12,3,20,0,0,4,4,8,0,5,16,7,28,0,2,2,30
06/24/2014,MKL,TN,ASO,CE,Federal Contract Tower,0,5,3,0,8,0,0,0,0,0,0,5,3,0,8,0,0,0,8
06/25/2014,MKL,TN,ASO,CE,Federal Contract Tower,0,4,11,0,15,0,0,22,0,22,0,4,33,0,37,20,14,34,71
06/26/2014,MKL,TN,ASO,CE,Federal Contract Tower,0,6,19,0,25,0,0,5,2,7,0,6,24,2,32,2,8,10,42
06/27/2014,MKL,TN,ASO,CE,Federal Contract Tower,0,6,15,1,22,0,0,6,2,8,0,6,21,3,30,2,0,2,32
06/28/2014,MKL,TN,ASO,CE,Federal Contract Tower,0,5,11,0,16,0,0,6,0,6,0,5,17,0,22,12,0,12,34
06/29/2014,MKL,TN,ASO,CE,Federal Contract Tower,0,3,6,0,9,0,1,4,0,5,0,4,10,0,14,4,0,4,18
06/30/2014,MKL,TN,ASO,CE,Federal Contract Tower,0,6,9,0,15,0,0,9,2,11,0,6,18,2,26,10,0,10,36
07/01/2014,MKL,TN,ASO,CE,Federal Contract Tower,0,2,13,0,15,0,0,25,5,30,0,2,38,5,45,4,8,12,57
07/02/2014,MKL,TN,ASO,CE,Federal Contract Tower,0,2,24,0,26,0,0,21,7,28,0,2,45,7,54,4,8,12,66
07/03/2014,MKL,TN,ASO,CE,Federal Contract Tower,0,7,12,2,21,0,1,28,15,44,0,8,40,17,65,0,90,90,155
07/04/2014,MKL,TN,ASO,CE,Federal Contract Tower,0,3,6,0,9,0,1,15,0,16,0,4,21,0,25,46,0,46,71
07/05/2014,MKL,TN,ASO,CE,Federal Contract Tower,0,0,5,0,5,0,2,17,0,19,0,2,22,0,24,10,0,10,34
07/06/2014,MKL,TN,ASO,CE,Federal Contract Tower,0,0,17,0,17,0,2,22,0,24,0,2,39,0,41,6,0,6,47
07/07/2014,MKL,TN,ASO,CE,Federal Contract Tower,0,7,26,0,33,0,0,24,2,26,0,7,50,2,59,12,0,12,71
07/08/2014,MKL,TN,ASO,CE,Federal Contract Tower,0,7,17,2,26,0,1,13,0,14,0,8,30,2,40,10,0,10,50
07/09/2014,MKL,TN,ASO,CE,Federal Contract Tower,0,6,7,0,13,0,0,7,2,9,0,6,14,2,22,4,0,4,26
07/10/2014,MKL,TN,ASO,CE,Federal Contract Tower,0,6,21,1,28,0,1,27,10,38,0,7,48,11,66,10,2,12,78
07/11/2014,MKL,TN,ASO,CE,Federal Contract Tower,0,2,11,0,13,0,3,13,6,22,0,5,24,6,35,0,48,48,83
07/12/2014,MKL,TN,ASO,CE,Federal Contract Tower,0,4,7,0,11,0,4,10,27,41,0,8,17,27,52,8,0,8,60
07/13/2014,MKL,TN,ASO,CE,Federal Contract Tower,0,3,12,2,17,0,1,7,6,14,0,4,19,8,31,4,16,20,51
07/14/2014,MKL,TN,ASO,CE,Federal Contract Tower,0,3,7,0,10,0,1,5,6,12,0,4,12,6,22,0,0,0,22
07/15/2014,MKL,TN,ASO,CE,Federal Contract Tower,0,3,14,1,18,0,1,14,5,20,0,4,28,6,38,8,0,8,46
07/16/2014,MKL,TN,ASO,CE,Federal Contract Tower,0,8,16,6,30,0,2,19,18,39,0,10,35,24,69,4,0,4,73
07/17/2014,MKL,TN,ASO,CE,Federal Contract Tower,0,8,13,0,21,0,0,21,9,30,0,8,34,9,51,4,0,4,55
07/18/2014,MKL,TN,ASO,CE,Federal Contract Tower,0,6,8,0,14,0,0,1,0,1,0,6,9,0,15,0,0,0,15
07/19/2014,MKL,TN,ASO,CE,Federal Contract Tower,0,4,10,0,14,0,0,4,0,4,0,4,14,0,18,4,0,4,22
07/20/2014,MKL,TN,ASO,CE,Federal Contract Tower,0,4,12,1,17,0,0,11,5,16,0,4,23,6,33,2,58,60,93
07/21/2014,MKL,TN,ASO,CE,Federal Contract Tower,0,7,20,0,27,0,0,17,1,18,0,7,37,1,45,6,0,6,51
07/22/2014,MKL,TN,ASO,CE,Federal Contract Tower,0,4,18,0,22,0,0,18,7,25,0,4,36,7,47,2,0,2,49
07/23/2014,MKL,TN,ASO,CE,Federal Contract Tower,0,7,8,0,15,0,2,5,5,12,0,9,13,5,27,0,0,0,27
07/24/2014,MKL,TN,ASO,CE,Federal Contract Tower,0,7,18,2,27,0,0,24,7,31,0,7,42,9,58,10,0,10,68
07/25/2014,MKL,TN,ASO,CE,Federal Contract Tower,0,2,17,1,20,0,0,23,4,27,0,2,40,5,47,13,8,21,68
07/26/2014,MKL,TN,ASO,CE,Federal Contract Tower,0,2,9,1,12,0,3,16,0,19,0,5,25,1,31,8,0,8,39
07/27/2014,MKL,TN,ASO,CE,Federal Contract Tower,0,4,9,0,13,0,2,5,0,7,0,6,14,0,20,16,0,16,36
07/28/2014,MKL,TN,ASO,CE,Federal Contract Tower,0,3,1,0,4,0,2,4,2,8,0,5,5,2,12,13,0,13,25
07/29/2014,MKL,TN,ASO,CE,Federal Contract Tower,0,8,9,0,17,0,0,11,2,13,0,8,20,2,30,8,0,8,38
07/30/2014,MKL,TN,ASO,CE,Federal Contract Tower,0,3,11,1,15,0,0,19,12,31,0,3,30,13,46,2,8,10,56
07/31/2014,MKL,TN,ASO,CE,Federal Contract Tower,0,8,16,0,24,0,0,10,4,14,0,8,26,4,38,2,0,2,40
08/01/2014,MKL,TN,ASO,CE,Federal Contract Tower,0,8,11,1,20,0,0,5,7,12,0,8,16,8,32,2,32,34,66
08/02/2014,MKL,TN,ASO,CE,Federal Contract Tower,0,4,9,8,21,0,0,14,10,24,0,4,23,18,45,2,64,66,111
08/03/2014,MKL,TN,ASO,CE,Federal Contract Tower,0,2,18,0,20,0,1,14,6,21,0,3,32,6,41,16,4,20,61
08/04/2014,MKL,TN,ASO,CE,Federal Contract Tower,0,9,12,10,31,0,1,21,2,24,0,10,33,12,55,0,6,6,61
08/05/2014,MKL,TN,ASO,CE,Federal Contract Tower,0,4,16,0,20,0,0,22,2,24,0,4,38,2,44,14,0,14,58
08/06/2014,MKL,TN,ASO,CE,Federal Contract Tower,0,3,15,1,19,0,0,20,8,28,0,3,35,9,47,8,8,16,63
08/07/2014,MKL,TN,ASO,CE,Federal Contract Tower,0,4,5,1,10,0,2,13,1,16,0,6,18,2,26,0,8,8,34
08/08/2014,MKL,TN,ASO,CE,Federal Contract Tower,0,5,7,0,12,0,0,2,0,2,0,5,9,0,14,0,0,0,14
08/09/2014,MKL,TN,ASO,CE,Federal Contract Tower,0,4,7,8,19,0,0,4,3,7,0,4,11,11,26,4,4,8,34
08/10/2014,MKL,TN,ASO,CE,Federal Contract Tower,0,4,7,0,11,0,0,7,0,7,0,4,14,0,18,0,0,0,18
08/11/2014,MKL,TN,ASO,CE,Federal Contract Tower,0,3,10,0,13,0,0,9,6,15,0,3,19,6,28,2,0,2,30
08/12/2014,MKL,TN,ASO,CE,Federal Contract Tower,0,4,19,0,23,0,0,29,6,35,0,4,48,6,58,22,10,32,90
08/13/2014,MKL,TN,ASO,CE,Federal Contract Tower,0,5,17,4,26,0,1,52,4,57,0,6,69,8,83,22,2,24,107
08/14/2014,MKL,TN,ASO,CE,Federal Contract Tower,0,3,11,0,14,0,0,37,3,40,0,3,48,3,54,20,0,20,74
08/15/2014,MKL,TN,ASO,CE,Federal Contract Tower,0,7,11,0,18,0,1,20,2,23,0,8,31,2,41,0,0,0,41
08/16/2014,MKL,TN,ASO,CE,Federal Contract Tower,0,4,8,0,12,0,0,23,5,28,0,4,31,5,40,8,2,10,50
08/17/2014,MKL,TN,ASO,CE,Federal Contract Tower,0,2,12,0,14,0,0,8,0,8,0,2,20,0,22,2,0,2,24
08/18/2014,MKL,TN,ASO,CE,Federal Contract Tower,0,7,16,2,25,0,1,2,2,5,0,8,18,4,30,0,0,0,30
08/19/2014,MKL,TN,ASO,CE,Federal Contract Tower,0,7,12,1,20,0,0,13,13,26,0,7,25,14,46,2,2,4,50
08/20/2014,MKL,TN,ASO,CE,Federal Contract Tower,0,8,15,0,23,0,0,4,5,9,0,8,19,5,32,2,0,2,34
08/21/2014,MKL,TN,ASO,CE,Federal Contract Tower,0,6,13,0,19,0,0,7,9,16,0,6,20,9,35,0,0,0,35
08/22/2014,MKL,TN,ASO,CE,Federal Contract Tower,0,3,16,0,19,0,2,14,8,24,0,5,30,8,43,2,12,14,57
08/23/2014,MKL,TN,ASO,CE,Federal Contract Tower,0,4,9,0,13,0,0,18,0,18,0,4,27,0,31,2,0,2,33
08/24/2014,MKL,TN,ASO,CE,Federal Contract Tower,0,4,6,0,10,0,0,19,0,19,0,4,25,0,29,4,0,4,33
08/25/2014,MKL,TN,ASO,CE,Federal Contract Tower,0,4,15,0,19,0,2,14,12,28,0,6,29,12,47,2,6,8,55
08/26/2014,MKL,TN,ASO,CE,Federal Contract Tower,0,6,11,1,18,0,1,20,11,32,0,7,31,12,50,2,4,6,56
08/27/2014,MKL,TN,ASO,CE,Federal Contract Tower,0,6,6,1,13,0,2,20,10,32,0,8,26,11,45,12,0,12,57
08/28/2014,MKL,TN,ASO,CE,Federal Contract Tower,0,6,17,0,23,0,0,12,8,20,0,6,29,8,43,0,12,12,55
08/29/2014,MKL,TN,ASO,CE,Federal Contract Tower,0,6,21,5,32,0,3,27,7,37,0,9,48,12,69,14,10,24,93
08/30/2014,MKL,TN,ASO,CE,Federal Contract Tower,0,4,4,0,8,0,1,0,0,1,0,5,4,0,9,0,0,0,9
08/31/2014,MKL,TN,ASO,CE,Federal Contract Tower,0,3,7,6,16,0,1,4,2,7,0,4,11,8,23,0,0,0,23
09/01/2014,MKL,TN,ASO,CE,Federal Contract Tower,0,6,8,0,14,0,0,7,0,7,0,6,15,0,21,0,0,0,21
09/02/2014,MKL,TN,ASO,CE,Federal Contract Tower,0,4,9,0,13,0,0,13,1,14,0,4,22,1,27,0,0,0,27
09/03/2014,MKL,TN,ASO,CE,Federal Contract Tower,0,5,15,0,20,0,0,15,9,24,0,5,30,9,44,2,0,2,46
09/04/2014,MKL,TN,ASO,CE,Federal Contract Tower,0,8,15,0,23,0,0,25,5,30,0,8,40,5,53,2,0,2,55
09/05/2014,MKL,TN,ASO,CE,Federal Contract Tower,0,7,10,4,21,0,0,25,4,29,0,7,35,8,50,4,14,18,68
09/06/2014,MKL,TN,ASO,CE,Federal Contract Tower,0,3,8,0,11,0,0,5,0,5,0,3,13,0,16,8,0,8,24
09/07/2014,MKL,TN,ASO,CE,Federal Contract Tower,0,4,23,0,27,0,0,5,0,5,0,4,28,0,32,0,0,0,32
09/08/2014,MKL,TN,ASO,CE,Federal Contract Tower,0,8,12,12,32,0,0,15,3,18,0,8,27,15,50,4,0,4,54
09/09/2014,MKL,TN,ASO,CE,Federal Contract Tower,0,8,15,0,23,0,0,17,2,19,0,8,32,2,42,0,0,0,42
09/10/2014,MKL,TN,ASO,CE,Federal Contract Tower,0,5,26,0,31,0,0,20,2,22,0,5,46,2,53,4,0,4,57
09/11/2014,MKL,TN,ASO,CE,Federal Contract Tower,0,6,10,0,16,0,0,1,0,1,0,6,11,0,17,0,0,0,17
09/12/2014,MKL,TN,ASO,CE,Federal Contract Tower,0,5,10,0,15,0,0,4,0,4,0,5,14,0,19,0,0,0,19
09/13/2014,MKL,TN,ASO,CE,Federal Contract Tower,0,4,9,0,13,0,0,11,0,11,0,4,20,0,24,0,0,0,24
09/14/2014,MKL,TN,ASO,CE,Federal Contract Tower,0,4,14,0,18,0,0,29,0,29,0,4,43,0,47,80,0,80,127
09/15/2014,MKL,TN,ASO,CE,Federal Contract Tower,0,6,13,0,19,0,0,25,8,33,0,6,38,8,52,112,4,116,168
09/16/2014,MKL,TN,ASO,CE,Federal Contract Tower,0,4,16,0,20,0,0,18,2,20,0,4,34,2,40,78,8,86,126
09/17/2014,MKL,TN,ASO,CE,Federal Contract Tower,0,6,22,0,28,0,0,17,2,19,0,6,39,2,47,8,0,8,55
09/18/2014,MKL,TN,ASO,CE,Federal Contract Tower,0,4,16,0,20,0,0,19,4,23,0,4,35,4,43,24,0,24,67
09/19/2014,MKL,TN,ASO,CE,Federal Contract Tower,0,7,20,0,27,0,2,36,0,38,0,9,56,0,65,16,0,16,81
09/20/2014,MKL,TN,ASO,CE,Federal Contract Tower,0,1,9,0,10,0,3,21,0,24,0,4,30,0,34,30,0,30,64
09/21/2014,MKL,TN,ASO,CE,Federal Contract Tower,0,6,16,0,22,0,0,20,0,20,0,6,36,0,42,6,0,6,48
09/22/2014,MKL,TN,ASO,CE,Federal Contract Tower,0,6,7,0,13,0,0,8,4,12,0,6,15,4,25,34,0,34,59
09/23/2014,MKL,TN,ASO,CE,Federal Contract Tower,0,8,12,0,20,0,0,11,0,11,0,8,23,0,31,0,0,0,31
09/24/2014,MKL,TN,ASO,CE,Federal Contract Tower,0,8,16,0,24,0,0,27,2,29,0,8,43,2,53,12,0,12,65
09/25/2014,MKL,TN,ASO,CE,Federal Contract Tower,0,7,21,0,28,0,1,24,2,27,0,8,45,2,55,2,0,2,57
09/26/2014,MKL,TN,ASO,CE,Federal Contract Tower,0,8,8,0,16,0,1,25,0,26,0,9,33,0,42,2,0,2,44
09/27/2014,MKL,TN,ASO,CE,Federal Contract Tower,0,4,20,0,24,0,0,25,7,32,0,4,45,7,56,28,30,58,114
09/28/2014,MKL,TN,ASO,CE,Federal Contract Tower,0,4,7,0,11,0,0,6,0,6,0,4,13,0,17,0,0,0,17
09/29/2014,MKL,TN,ASO,CE,Federal Contract Tower,0,7,6,0,13,0,0,10,0,10,0,7,16,0,23,2,0,2,25
09/30/2014,MKL,TN,ASO,CE,Federal Contract Tower,0,2,6,0,8,0,1,18,2,21,0,3,24,2,29,14,12,26,55
10/01/2014,MKL,TN,ASO,CE,Federal Contract Tower,0,4,20,0,24,0,1,16,0,17,0,5,36,0,41,4,4,8,49
10/02/2014,MKL,TN,ASO,CE,Federal Contract Tower,0,6,14,0,20,0,1,8,5,14,0,7,22,5,34,0,8,8,42
10/03/2014,MKL,TN,ASO,CE,Federal Contract Tower,0,8,15,0,23,0,0,10,0,10,0,8,25,0,33,0,0,0,33
10/04/2014,MKL,TN,ASO,CE,Federal Contract Tower,0,2,8,0,10,0,1,9,0,10,0,3,17,0,20,2,0,2,22
10/05/2014,MKL,TN,ASO,CE,Federal Contract Tower,0,4,14,0,18,0,0,10,0,10,0,4,24,0,28,0,0,0,28
10/06/2014,MKL,TN,ASO,CE,Federal Contract Tower,0,8,12,0,20,0,0,3,0,3,0,8,15,0,23,0,0,0,23
10/07/2014,MKL,TN,ASO,CE,Federal Contract Tower,0,9,6,0,15,0,2,4,0,6,0,11,10,0,21,4,0,4,25
10/08/2014,MKL,TN,ASO,CE,Federal Contract Tower,0,7,11,0,18,0,0,32,0,32,0,7,43,0,50,2,0,2,52
10/09/2014,MKL,TN,ASO,CE,Federal Contract Tower,0,6,13,0,19,0,0,15,8,23,0,6,28,8,42,0,8,8,50
10/10/2014,MKL,TN,ASO,CE,Federal Contract Tower,0,7,7,0,14,0,0,0,0,0,0,7,7,0,14,0,0,0,14
10/11/2014,MKL,TN,ASO,CE,Federal Contract Tower,0,4,1,0,5,0,0,0,0,0,0,4,1,0,5,0,0,0,5
10/12/2014,MKL,TN,ASO,CE,Federal Contract Tower,0,4,6,0,10,0,0,2,0,2,0,4,8,0,12,0,0,0,12
10/13/2014,MKL,TN,ASO,CE,Federal Contract Tower,0,3,3,0,6,0,0,1,0,1,0,3,4,0,7,0,0,0,7
10/14/2014,MKL,TN,ASO,CE,Federal Contract Tower,0,12,3,0,15,0,0,0,0,0,0,12,3,0,15,2,0,2,17
10/15/2014,MKL,TN,ASO,CE,Federal Contract Tower,0,4,13,0,17,0,2,19,0,21,0,6,32,0,38,4,0,4,42
10/16/2014,MKL,TN,ASO,CE,Federal Contract Tower,0,7,28,0,35,0,0,33,12,45,0,7,61,12,80,10,16,26,106
10/17/2014,MKL,TN,ASO,CE,Federal Contract Tower,0,8,19,1,28,0,0,36,4,40,0,8,55,5,68,6,0,6,74
10/18/2014,MKL,TN,ASO,CE,Federal Contract Tower,0,4,9,0,13,0,2,24,4,30,0,6,33,4,43,12,12,24,67
10/19/2014,MKL,TN,ASO,CE,Federal Contract Tower,0,5,25,1,31,0,0,18,12,30,0,5,43,13,61,14,20,34,95
10/20/2014,MKL,TN,ASO,CE,Federal Contract Tower,0,8,8,0,16,0,0,20,0,20,0,8,28,0,36,8,0,8,44
10/21/2014,MKL,TN,ASO,CE,Federal Contract Tower,0,7,19,0,26,0,1,23,0,24,0,8,42,0,50,17,2,19,69
10/22/2014,MKL,TN,ASO,CE,Federal Contract Tower,0,6,13,0,19,0,3,19,0,22,0,9,32,0,41,2,0,2,43
10/23/2014,MKL,TN,ASO,CE,Federal Contract Tower,0,9,21,0,30,0,4,25,4,33,0,13,46,4,63,8,10,18,81
10/24/2014,MKL,TN,ASO,CE,Federal Contract Tower,0,13,20,0,33,0,0,25,2,27,0,13,45,2,60,8,0,8,68
10/25/2014,MKL,TN,ASO,CE,Federal Contract Tower,0,3,16,0,19,0,0,18,5,23,0,3,34,5,42,20,0,20,62
10/26/2014,MKL,TN,ASO,CE,Federal Contract Tower,0,5,27,1,33,0,0,19,3,22,0,5,46,4,55,36,2,38,93
10/27/2014,MKL,TN,ASO,CE,Federal Contract Tower,0,0,19,0,19,0,0,9,0,9,0,0,28,0,28,2,0,2,30
10/28/2014,MKL,TN,ASO,CE,Federal Contract Tower,0,6,8,0,14,0,0,3,0,3,0,6,11,0,17,0,0,0,17
10/29/2014,MKL,TN,ASO,CE,Federal Contract Tower,0,6,9,0,15,0,0,13,6,19,0,6,22,6,34,30,0,30,64
10/30/2014,MKL,TN,ASO,CE,Federal Contract Tower,0,0,13,0,13,0,1,26,13,40,0,1,39,13,53,0,24,24,77
10/31/2014,MKL,TN,ASO,CE,Federal Contract Tower,0,4,8,0,12,0,0,12,2,14,0,4,20,2,26,4,8,12,38
11/01/2014,MKL,TN,ASO,CE,Federal Contract Tower,0,4,5,4,13,0,0,18,0,18,0,4,23,4,31,4,0,4,35
11/02/2014,MKL,TN,ASO,CE,Federal Contract Tower,0,1,14,0,15,0,0,22,0,22,0,1,36,0,37,2,0,2,39
11/03/2014,MKL,TN,ASO,CE,Federal Contract Tower,0,2,13,6,21,0,0,19,6,25,0,2,32,12,46,0,0,0,46
11/04/2014,MKL,TN,ASO,CE,Federal Contract Tower,0,1,10,0,11,0,1,18,0,19,0,2,28,0,30,2,9,11,41
11/05/2014,MKL,TN,ASO,CE,Federal Contract Tower,0,4,18,0,22,0,0,0,0,0,0,4,18,0,22,0,0,0,22
11/06/2014,MKL,TN,ASO,CE,Federal Contract Tower,0,7,15,0,22,0,0,19,17,36,0,7,34,17,58,4,0,4,62
11/07/2014,MKL,TN,ASO,CE,Federal Contract Tower,0,0,14,1,15,0,0,36,10,46,0,0,50,11,61,12,2,14,75
11/08/2014,MKL,TN,ASO,CE,Federal Contract Tower,0,1,9,3,13,0,0,16,5,21,0,1,25,8,34,12,6,18,52
11/09/2014,MKL,TN,ASO,CE,Federal Contract Tower,0,1,10,0,11,0,0,17,6,23,0,1,27,6,34,18,12,30,64
11/10/2014,MKL,TN,ASO,CE,Federal Contract Tower,0,0,12,0,12,0,0,22,2,24,0,0,34,2,36,2,6,8,44
11/11/2014,MKL,TN,ASO,CE,Federal Contract Tower,0,1,6,0,7,0,0,2,0,2,0,1,8,0,9,0,0,0,9
11/12/2014,MKL,TN,ASO,CE,Federal Contract Tower,0,0,10,4,14,0,0,18,4,22,0,0,28,8,36,4,8,12,48
11/13/2014,MKL,TN,ASO,CE,Federal Contract Tower,0,0,17,2,19,0,0,15,10,25,0,0,32,12,44,8,14,22,66
11/14/2014,MKL,TN,ASO,CE,Federal Contract Tower,0,2,6,0,8,0,0,16,2,18,0,2,22,2,26,24,0,24,50
11/15/2014,MKL,TN,ASO,CE,Federal Contract Tower,0,1,15,0,16,0,1,25,0,26,0,2,40,0,42,14,0,14,56
11/16/2014,MKL,TN,ASO,CE,Federal Contract Tower,0,4,12,0,16,0,0,0,0,0,0,4,12,0,16,0,0,0,16
11/17/2014,MKL,TN,ASO,CE,Federal Contract Tower,0,3,10,0,13,0,2,11,0,13,0,5,21,0,26,0,0,0,26
11/18/2014,MKL,TN,ASO,CE,Federal Contract Tower,0,6,18,0,24,0,0,14,0,14,0,6,32,0,38,2,0,2,40
11/19/2014,MKL,TN,ASO,CE,Federal Contract Tower,0,3,10,0,13,0,1,11,8,20,0,4,21,8,33,78,0,78,111
11/20/2014,MKL,TN,ASO,CE,Federal Contract Tower,0,2,16,0,18,0,0,53,8,61,0,2,69,8,79,50,0,50,129
11/21/2014,MKL,TN,ASO,CE,Federal Contract Tower,0,9,14,0,23,0,0,15,6,21,0,9,29,6,44,12,0,12,56
11/22/2014,MKL,TN,ASO,CE,Federal Contract Tower,0,4,8,0,12,0,1,19,4,24,0,5,27,4,36,8,0,8,44
11/23/2014,MKL,TN,ASO,CE,Federal Contract Tower,0,2,6,0,8,0,0,0,0,0,0,2,6,0,8,0,0,0,8
11/24/2014,MKL,TN,ASO,CE,Federal Contract Tower,0,4,8,0,12,0,2,5,0,7,0,6,13,0,19,2,0,2,21
11/25/2014,MKL,TN,ASO,CE,Federal Contract Tower,0,9,9,0,18,0,0,29,0,29,0,9,38,0,47,0,0,0,47
11/26/2014,MKL,TN,ASO,CE,Federal Contract Tower,0,0,10,0,10,0,0,15,2,17,0,0,25,2,27,0,0,0,27
11/27/2014,MKL,TN,ASO,CE,Federal Contract Tower,0,10,4,0,14,0,0,2,0,2,0,10,6,0,16,0,0,0,16
11/28/2014,MKL,TN,ASO,CE,Federal Contract Tower,0,6,7,0,13,0,0,28,0,28,0,6,35,0,41,16,0,16,57
11/29/2014,MKL,TN,ASO,CE,Federal Contract Tower,0,2,5,0,7,0,0,5,0,5,0,2,10,0,12,0,0,0,12
11/30/2014,MKL,TN,ASO,CE,Federal Contract Tower,0,6,25,0,31,0,0,7,0,7,0,6,32,0,38,0,0,0,38
12/01/2014,MKL,TN,ASO,CE,Federal Contract Tower,0,0,8,0,8,0,0,0,0,0,0,0,8,0,8,0,0,0,8
12/02/2014,MKL,TN,ASO,CE,Federal Contract Tower,0,5,2,0,7,0,0,0,0,0,0,5,2,0,7,0,0,0,7
12/03/2014,MKL,TN,ASO,CE,Federal Contract Tower,0,5,17,0,22,0,0,8,0,8,0,5,25,0,30,0,0,0,30
12/04/2014,MKL,TN,ASO,CE,Federal Contract Tower,0,0,15,2,17,0,0,5,10,15,0,0,20,12,32,0,0,0,32
12/05/2014,MKL,TN,ASO,CE,Federal Contract Tower,0,7,18,0,25,0,0,2,0,2,0,7,20,0,27,4,0,4,31
12/06/2014,MKL,TN,ASO,CE,Federal Contract Tower,0,3,12,0,15,0,0,12,4,16,0,3,24,4,31,8,0,8,39
12/07/2014,MKL,TN,ASO,CE,Federal Contract Tower,0,0,16,0,16,0,0,17,6,23,0,0,33,6,39,24,0,24,63
12/08/2014,MKL,TN,ASO,CE,Federal Contract Tower,0,7,14,3,24,0,2,23,3,28,0,9,37,6,52,14,18,32,84
12/09/2014,MKL,TN,ASO,CE,Federal Contract Tower,0,8,11,0,19,0,0,6,6,12,0,8,17,6,31,8,16,24,55
12/10/2014,MKL,TN,ASO,CE,Federal Contract Tower,0,2,11,0,13,0,0,10,2,12,0,2,21,2,25,4,0,4,29
12/11/2014,MKL,TN,ASO,CE,Federal Contract Tower,0,5,19,1,25,0,0,23,12,35,0,5,42,13,60,6,10,16,76
12/12/2014,MKL,TN,ASO,CE,Federal Contract Tower,0,6,10,4,20,0,1,25,1,27,0,7,35,5,47,36,8,44,91
12/13/2014,MKL,TN,ASO,CE,Federal Contract Tower,0,0,9,0,9,0,0,8,0,8,0,0,17,0,17,8,0,8,25
12/14/2014,MKL,TN,ASO,CE,Federal Contract Tower,0,4,7,0,11,0,0,4,0,4,0,4,11,0,15,14,0,14,29
12/15/2014,MKL,TN,ASO,CE,Federal Contract Tower,0,7,7,2,16,0,0,1,0,1,0,7,8,2,17,0,0,0,17
12/16/2014,MKL,TN,ASO,CE,Federal Contract Tower,0,7,11,0,18,0,0,2,2,4,0,7,13,2,22,32,0,32,54
12/17/2014,MKL,TN,ASO,CE,Federal Contract Tower,0,6,17,2,25,0,1,18,8,27,0,7,35,10,52,4,18,22,74
12/18/2014,MKL,TN,ASO,CE,Federal Contract Tower,0,7,16,4,27,0,0,9,17,26,0,7,25,21,53,4,8,12,65
12/19/2014,MKL,TN,ASO,CE,Federal Contract Tower,0,10,20,0,30,0,1,11,0,12,0,11,31,0,42,0,0,0,42
12/20/2014,MKL,TN,ASO,CE,Federal Contract Tower,0,3,15,0,18,0,2,17,0,19,0,5,32,0,37,8,0,8,45
12/21/2014,MKL,TN,ASO,CE,Federal Contract Tower,0,5,11,0,16,0,0,31,0,31,0,5,42,0,47,31,0,31,78
12/22/2014,MKL,TN,ASO,CE,Federal Contract Tower,0,5,5,2,12,0,0,0,0,0,0,5,5,2,12,0,2,2,14
12/23/2014,MKL,TN,ASO,CE,Federal Contract Tower,0,6,8,0,14,0,0,0,0,0,0,6,8,0,14,0,0,0,14
12/24/2014,MKL,TN,ASO,CE,Federal Contract Tower,0,1,5,0,6,0,0,0,0,0,0,1,5,0,6,0,0,0,6
12/25/2014,MKL,TN,ASO,CE,Federal Contract Tower,0,6,3,0,9,0,2,9,0,11,0,8,12,0,20,10,0,10,30
12/26/2014,MKL,TN,ASO,CE,Federal Contract Tower,0,6,14,0,20,0,1,45,0,46,0,7,59,0,66,18,0,18,84
12/27/2014,MKL,TN,ASO,CE,Federal Contract Tower,0,3,8,0,11,0,0,0,0,0,0,3,8,0,11,0,0,0,11
12/28/2014,MKL,TN,ASO,CE,Federal Contract Tower,0,4,10,0,14,0,0,0,0,0,0,4,10,0,14,0,0,0,14
12/29/2014,MKL,TN,ASO,CE,Federal Contract Tower,0,2,16,0,18,0,0,5,0,5,0,2,21,0,23,0,0,0,23
12/30/2014,MKL,TN,ASO,CE,Federal Contract Tower,0,0,20,0,20,0,8,21,6,35,0,8,41,6,55,12,0,12,67
12/31/2014,MKL,TN,ASO,CE,Federal Contract Tower,0,6,11,0,17,0,1,21,0,22,0,7,32,0,39,28,0,28,67
01/01/2015,MKL,TN,ASO,CE,Federal Contract Tower,0,7,14,0,21,0,0,5,0,5,0,7,19,0,26,10,0,10,36
01/02/2015,MKL,TN,ASO,CE,Federal Contract Tower,0,7,9,0,16,0,0,0,0,0,0,7,9,0,16,0,0,0,16
01/03/2015,MKL,TN,ASO,CE,Federal Contract Tower,0,4,2,0,6,0,0,0,0,0,0,4,2,0,6,0,0,0,6
01/04/2015,MKL,TN,ASO,CE,Federal Contract Tower,0,4,12,0,16,0,0,9,0,9,0,4,21,0,25,0,0,0,25
01/05/2015,MKL,TN,ASO,CE,Federal Contract Tower,0,8,16,0,24,0,0,10,0,10,0,8,26,0,34,4,0,4,38
01/06/2015,MKL,TN,ASO,CE,Federal Contract Tower,0,5,10,1,16,0,0,19,1,20,0,5,29,2,36,6,0,6,42
01/07/2015,MKL,TN,ASO,CE,Federal Contract Tower,0,7,12,0,19,0,1,5,2,8,0,8,17,2,27,0,0,0,27
01/08/2015,MKL,TN,ASO,CE,Federal Contract Tower,0,0,7,0,7,0,8,8,13,29,0,8,15,13,36,8,0,8,44
01/09/2015,MKL,TN,ASO,CE,Federal Contract Tower,0,8,5,0,13,0,0,17,0,17,0,8,22,0,30,18,0,18,48
01/10/2015,MKL,TN,ASO,CE,Federal Contract Tower,0,1,10,0,11,0,2,18,5,25,0,3,28,5,36,2,28,30,66
01/11/2015,MKL,TN,ASO,CE,Federal Contract Tower,0,5,3,0,8,0,0,0,4,4,0,5,3,4,12,0,0,0,12
01/12/2015,MKL,TN,ASO,CE,Federal Contract Tower,0,8,4,0,12,0,0,0,0,0,0,8,4,0,12,0,0,0,12
01/13/2015,MKL,TN,ASO,CE,Federal Contract Tower,0,8,18,2,28,0,0,2,2,4,0,8,20,4,32,0,0,0,32
01/14/2015,MKL,TN,ASO,CE,Federal Contract Tower,0,7,12,2,21,0,0,15,7,22,0,7,27,9,43,0,0,0,43
01/15/2015,MKL,TN,ASO,CE,Federal Contract Tower,0,10,10,1,21,0,4,10,21,35,0,14,20,22,56,0,12,12,68
01/16/2015,MKL,TN,ASO,CE,Federal Contract Tower,0,7,19,0,26,0,2,32,0,34,0,9,51,0,60,24,12,36,96
01/17/2015,MKL,TN,ASO,CE,Federal Contract Tower,0,4,5,0,9,0,0,34,0,34,0,4,39,0,43,22,0,22,65
01/18/2015,MKL,TN,ASO,CE,Federal Contract Tower,0,3,7,0,10,0,3,15,0,18,0,6,22,0,28,16,0,16,44
01/19/2015,MKL,TN,ASO,CE,Federal Contract Tower,0,6,15,0,21,0,0,13,0,13,0,6,28,0,34,0,0,0,34
01/20/2015,MKL,TN,ASO,CE,Federal Contract Tower,0,6,8,0,14,0,2,22,6,30,0,8,30,6,44,8,36,44,88
01/21/2015,MKL,TN,ASO,CE,Federal Contract Tower,0,8,17,0,25,0,0,25,6,31,0,8,42,6,56,8,2,10,66
01/22/2015,MKL,TN,ASO,CE,Federal Contract Tower,0,8,15,0,23,0,0,22,22,44,0,8,37,22,67,16,40,56,123
01/23/2015,MKL,TN,ASO,CE,Federal Contract Tower,0,8,3,0,11,0,0,0,5,5,0,8,3,5,16,0,0,0,16
01/24/2015,MKL,TN,ASO,CE,Federal Contract Tower,0,6,6,0,12,0,3,25,8,36,0,9,31,8,48,0,2,2,50
01/25/2015,MKL,TN,ASO,CE,Federal Contract Tower,0,5,4,2,11,0,2,0,20,22,0,7,4,22,33,0,12,12,45
01/26/2015,MKL,TN,ASO,CE,Federal Contract Tower,0,8,14,0,22,0,0,15,2,17,0,8,29,2,39,22,0,22,61
01/27/2015,MKL,TN,ASO,CE,Federal Contract Tower,0,5,15,0,20,0,2,11,4,17,0,7,26,4,37,6,0,6,43
01/28/2015,MKL,TN,ASO,CE,Federal Contract Tower,0,6,9,1,16,0,1,28,9,38,0,7,37,10,54,8,8,16,70
01/29/2015,MKL,TN,ASO,CE,Federal Contract Tower,0,8,16,1,25,0,0,10,31,41,0,8,26,32,66,0,40,40,106
01/30/2015,MKL,TN,ASO,CE,Federal Contract Tower,0,10,10,0,20,0,0,14,1,15,0,10,24,1,35,6,0,6,41
01/31/2015,MKL,TN,ASO,CE,Federal Contract Tower,0,4,6,0,10,0,0,19,0,19,0,4,25,0,29,6,0,6,35
02/01/2015,MKL,TN,ASO,CE,Federal Contract Tower,0,4,1,0,5,0,0,0,0,0,0,4,1,0,5,0,0,0,5
02/02/2015,MKL,TN,ASO,CE,Federal Contract Tower,0,5,6,0,11,0,0,4,0,4,0,5,10,0,15,0,0,0,15
02/03/2015,MKL,TN,ASO,CE,Federal Contract Tower,0,8,8,0,16,0,0,18,24,42,0,8,26,24,58,8,0,8,66
02/04/2015,MKL,TN,ASO,CE,Federal Contract Tower,0,8,9,0,17,0,0,20,0,20,0,8,29,0,37,0,0,0,37
02/05/2015,MKL,TN,ASO,CE,Federal Contract Tower,0,8,15,1,24,0,2,7,6,15,0,10,22,7,39,0,4,4,43
02/06/2015,MKL,TN,ASO,CE,Federal Contract Tower,0,8,12,0,20,0,0,26,15,41,0,8,38,15,61,2,24,26,87
02/07/2015,MKL,TN,ASO,CE,Federal Contract Tower,0,3,8,0,11,0,1,23,8,32,0,4,31,8,43,8,0,8,51
02/08/2015,MKL,TN,ASO,CE,Federal Contract Tower,0,4,9,0,13,0,0,1,4,5,0,4,10,4,18,0,2,2,20
02/09/2015,MKL,TN,ASO,CE,Federal Contract Tower,0,8,6,2,16,0,0,1,2,3,0,8,7,4,19,0,0,0,19
02/10/2015,MKL,TN,ASO,CE,Federal Contract Tower,0,5,10,1,16,0,5,15,4,24,0,10,25,5,40,12,2,14,54
02/11/2015,MKL,TN,ASO,CE,Federal Contract Tower,0,8,8,2,18,0,0,20,8,28,0,8,28,10,46,10,10,20,66
02/12/2015,MKL,TN,ASO,CE,Federal Contract Tower,0,8,15,0,23,0,0,13,11,24,0,8,28,11,47,0,0,0,47
02/13/2015,MKL,TN,ASO,CE,Federal Contract Tower,0,8,17,0,25,0,0,26,6,32,0,8,43,6,57,22,16,38,95
02/14/2015,MKL,TN,ASO,CE,Federal Contract Tower,0,4,6,0,10,0,0,17,0,17,0,4,23,0,27,4,0,4,31
02/15/2015,MKL,TN,ASO,CE,Federal Contract Tower,0,4,7,0,11,0,0,5,0,5,0,4,12,0,16,0,0,0,16
02/16/2015,MKL,TN,ASO,CE,Federal Contract Tower,0,0,0,0,0,0,0,0,0,0,0,0,0,0,0,0,0,0,0
02/17/2015,MKL,TN,ASO,CE,Federal Contract Tower,0,0,1,0,1,0,0,4,2,6,0,0,5,2,7,0,4,4,11
02/18/2015,MKL,TN,ASO,CE,Federal Contract Tower,0,8,4,2,14,0,0,7,4,11,0,8,11,6,25,4,20,24,49
02/19/2015,MKL,TN,ASO,CE,Federal Contract Tower,0,11,11,0,22,0,2,11,15,28,0,13,22,15,50,0,24,24,74
02/20/2015,MKL,TN,ASO,CE,Federal Contract Tower,0,5,0,0,5,0,0,0,0,0,0,5,0,0,5,0,0,0,5
02/21/2015,MKL,TN,ASO,CE,Federal Contract Tower,0,2,4,0,6,0,0,0,0,0,0,2,4,0,6,0,0,0,6
02/22/2015,MKL,TN,ASO,CE,Federal Contract Tower,0,5,2,0,7,0,1,3,7,11,0,6,5,7,18,2,4,6,24
02/23/2015,MKL,TN,ASO,CE,Federal Contract Tower,0,8,4,0,12,0,0,6,2,8,0,8,10,2,20,0,0,0,20
02/24/2015,MKL,TN,ASO,CE,Federal Contract Tower,0,8,4,1,13,0,0,11,9,20,0,8,15,10,33,6,38,44,77
02/25/2015,MKL,TN,ASO,CE,Federal Contract Tower,0,4,4,0,8,0,0,12,2,14,0,4,16,2,22,8,0,8,30
02/26/2015,MKL,TN,ASO,CE,Federal Contract Tower,0,4,14,0,18,0,0,7,15,22,0,4,21,15,40,4,68,72,112
02/27/2015,MKL,TN,ASO,CE,Federal Contract Tower,0,8,11,0,19,0,0,16,13,29,0,8,27,13,48,0,6,6,54
02/28/2015,MKL,TN,ASO,CE,Federal Contract Tower,0,4,10,0,14,0,0,19,0,19,0,4,29,0,33,14,0,14,47
03/01/2015,MKL,TN,ASO,CE,Federal Contract Tower,0,6,5,0,11,0,0,0,0,0,0,6,5,0,11,0,0,0,11
03/02/2015,MKL,TN,ASO,CE,Federal Contract Tower,0,7,10,0,17,0,0,6,4,10,0,7,16,4,27,14,4,18,45
03/03/2015,MKL,TN,ASO,CE,Federal Contract Tower,0,8,11,0,19,0,0,0,0,0,0,8,11,0,19,0,0,0,19
03/04/2015,MKL,TN,ASO,CE,Federal Contract Tower,0,6,5,0,11,0,0,0,0,0,0,6,5,0,11,0,0,0,11
03/05/2015,MKL,TN,ASO,CE,Federal Contract Tower,0,3,5,0,8,0,1,2,0,3,0,4,7,0,11,0,0,0,11
03/06/2015,MKL,TN,ASO,CE,Federal Contract Tower,0,2,16,0,18,0,0,23,1,24,0,2,39,1,42,34,0,34,76
03/07/2015,MKL,TN,ASO,CE,Federal Contract Tower,0,4,6,5,15,0,0,27,1,28,0,4,33,6,43,34,10,44,87
03/08/2015,MKL,TN,ASO,CE,Federal Contract Tower,0,4,9,2,15,0,0,12,0,12,0,4,21,2,27,10,2,12,39
03/09/2015,MKL,TN,ASO,CE,Federal Contract Tower,0,9,11,0,20,0,0,3,0,3,0,9,14,0,23,2,0,2,25
03/10/2015,MKL,TN,ASO,CE,Federal Contract Tower,0,8,14,0,22,0,0,1,0,1,0,8,15,0,23,0,0,0,23
03/11/2015,MKL,TN,ASO,CE,Federal Contract Tower,0,7,16,6,29,0,0,14,4,18,0,7,30,10,47,0,0,0,47
03/12/2015,MKL,TN,ASO,CE,Federal Contract Tower,0,6,15,0,21,0,0,9,20,29,0,6,24,20,50,4,10,14,64
03/13/2015,MKL,TN,ASO,CE,Federal Contract Tower,0,8,6,0,14,0,0,0,0,0,0,8,6,0,14,0,0,0,14
03/14/2015,MKL,TN,ASO,CE,Federal Contract Tower,0,8,7,0,15,0,2,0,0,2,0,10,7,0,17,0,0,0,17
03/15/2015,MKL,TN,ASO,CE,Federal Contract Tower,0,2,20,0,22,0,0,29,7,36,0,2,49,7,58,8,0,8,66
03/16/2015,MKL,TN,ASO,CE,Federal Contract Tower,0,4,9,0,13,0,0,26,10,36,0,4,35,10,49,2,24,26,75
03/17/2015,MKL,TN,ASO,CE,Federal Contract Tower,0,4,14,0,18,0,0,39,1,40,0,4,53,1,58,14,18,32,90
03/18/2015,MKL,TN,ASO,CE,Federal Contract Tower,0,6,16,0,22,0,0,13,14,27,0,6,29,14,49,0,0,0,49
03/19/2015,MKL,TN,ASO,CE,Federal Contract Tower,0,2,10,0,12,0,0,1,0,1,0,2,11,0,13,0,0,0,13
03/20/2015,MKL,TN,ASO,CE,Federal Contract Tower,0,2,7,0,9,0,0,10,2,12,0,2,17,2,21,16,0,16,37
03/21/2015,MKL,TN,ASO,CE,Federal Contract Tower,0,2,24,0,26,0,0,36,0,36,0,2,60,0,62,34,0,34,96
03/22/2015,MKL,TN,ASO,CE,Federal Contract Tower,0,2,15,0,17,0,0,5,0,5,0,2,20,0,22,9,0,9,31
03/23/2015,MKL,TN,ASO,CE,Federal Contract Tower,0,0,7,0,7,0,0,35,1,36,0,0,42,1,43,41,0,41,84
03/24/2015,MKL,TN,ASO,CE,Federal Contract Tower,0,0,15,0,15,0,0,38,5,43,0,0,53,5,58,12,0,12,70
03/25/2015,MKL,TN,ASO,CE,Federal Contract Tower,0,4,11,0,15,0,0,19,8,27,0,4,30,8,42,12,10,22,64
03/26/2015,MKL,TN,ASO,CE,Federal Contract Tower,0,5,4,0,9,0,0,2,2,4,0,5,6,2,13,0,0,0,13
03/27/2015,MKL,TN,ASO,CE,Federal Contract Tower,0,7,11,0,18,0,0,17,2,19,0,7,28,2,37,12,8,20,57
03/28/2015,MKL,TN,ASO,CE,Federal Contract Tower,0,4,6,0,10,0,1,18,0,19,0,5,24,0,29,10,0,10,39
03/29/2015,MKL,TN,ASO,CE,Federal Contract Tower,0,0,14,0,14,0,0,21,0,21,0,0,35,0,35,2,0,2,37
03/30/2015,MKL,TN,ASO,CE,Federal Contract Tower,0,2,10,2,14,0,0,16,3,19,0,2,26,5,33,2,2,4,37
03/31/2015,MKL,TN,ASO,CE,Federal Contract Tower,0,3,13,1,17,0,2,13,1,16,0,5,26,2,33,0,2,2,35
04/01/2015,MKL,TN,ASO,CE,Federal Contract Tower,0,6,10,0,16,0,0,11,7,18,0,6,21,7,34,4,0,4,38
04/02/2015,MKL,TN,ASO,CE,Federal Contract Tower,0,8,11,2,21,0,1,14,4,19,0,9,25,6,40,2,0,2,42
04/03/2015,MKL,TN,ASO,CE,Federal Contract Tower,0,8,9,0,17,0,0,3,0,3,0,8,12,0,20,0,0,0,20
04/04/2015,MKL,TN,ASO,CE,Federal Contract Tower,0,4,7,0,11,0,0,28,0,28,0,4,35,0,39,2,0,2,41
04/05/2015,MKL,TN,ASO,CE,Federal Contract Tower,0,4,6,0,10,0,0,13,2,15,0,4,19,2,25,0,0,0,25
04/06/2015,MKL,TN,ASO,CE,Federal Contract Tower,0,4,16,0,20,0,0,0,0,0,0,4,16,0,20,0,0,0,20
04/07/2015,MKL,TN,ASO,CE,Federal Contract Tower,0,8,7,1,16,0,3,6,3,12,0,11,13,4,28,6,0,6,34
04/08/2015,MKL,TN,ASO,CE,Federal Contract Tower,0,8,19,0,27,0,1,23,2,26,0,9,42,2,53,0,0,0,53
04/09/2015,MKL,TN,ASO,CE,Federal Contract Tower,0,4,22,0,26,0,0,5,5,10,0,4,27,5,36,0,22,22,58
04/10/2015,MKL,TN,ASO,CE,Federal Contract Tower,0,4,6,10,20,0,0,20,18,38,0,4,26,28,58,12,38,50,108
04/11/2015,MKL,TN,ASO,CE,Federal Contract Tower,0,2,8,0,10,0,0,39,13,52,0,2,47,13,62,2,42,44,106
04/12/2015,MKL,TN,ASO,CE,Federal Contract Tower,0,0,4,1,5,0,0,19,7,26,0,0,23,8,31,0,0,0,31
04/13/2015,MKL,TN,ASO,CE,Federal Contract Tower,0,4,5,0,9,0,0,0,0,0,0,4,5,0,9,0,0,0,9
04/14/2015,MKL,TN,ASO,CE,Federal Contract Tower,0,11,6,0,17,0,1,4,0,5,0,12,10,0,22,2,6,8,30
04/15/2015,MKL,TN,ASO,CE,Federal Contract Tower,0,6,21,0,27,0,0,4,4,8,0,6,25,4,35,0,0,0,35
04/16/2015,MKL,TN,ASO,CE,Federal Contract Tower,0,8,11,0,19,0,0,11,5,16,0,8,22,5,35,26,18,44,79
04/17/2015,MKL,TN,ASO,CE,Federal Contract Tower,0,9,11,4,24,0,1,2,0,3,0,10,13,4,27,0,10,10,37
04/18/2015,MKL,TN,ASO,CE,Federal Contract Tower,0,2,9,4,15,0,0,12,0,12,0,2,21,4,27,4,0,4,31
04/19/2015,MKL,TN,ASO,CE,Federal Contract Tower,0,0,5,0,5,0,2,5,0,7,0,2,10,0,12,8,0,8,20
04/20/2015,MKL,TN,ASO,CE,Federal Contract Tower,0,6,9,0,15,0,0,9,0,9,0,6,18,0,24,2,0,2,26
04/21/2015,MKL,TN,ASO,CE,Federal Contract Tower,0,10,22,0,32,0,0,19,7,26,0,10,41,7,58,6,16,22,80
04/22/2015,MKL,TN,ASO,CE,Federal Contract Tower,0,8,22,0,30,0,1,20,3,24,0,9,42,3,54,8,0,8,62
04/23/2015,MKL,TN,ASO,CE,Federal Contract Tower,0,4,15,0,19,0,4,19,14,37,0,8,34,14,56,0,0,0,56
04/24/2015,MKL,TN,ASO,CE,Federal Contract Tower,0,6,9,0,15,0,0,13,12,25,0,6,22,12,40,2,16,18,58
04/25/2015,MKL,TN,ASO,CE,Federal Contract Tower,0,4,8,0,12,0,0,3,0,3,0,4,11,0,15,0,0,0,15
04/26/2015,MKL,TN,ASO,CE,Federal Contract Tower,0,4,15,0,19,0,0,5,0,5,0,4,20,0,24,0,0,0,24
04/27/2015,MKL,TN,ASO,CE,Federal Contract Tower,0,7,15,0,22,0,1,12,3,16,0,8,27,3,38,2,2,4,42
04/28/2015,MKL,TN,ASO,CE,Federal Contract Tower,0,5,12,2,19,0,1,9,10,20,0,6,21,12,39,0,0,0,39
04/29/2015,MKL,TN,ASO,CE,Federal Contract Tower,0,0,12,1,13,0,0,20,7,27,0,0,32,8,40,8,2,10,50
04/30/2015,MKL,TN,ASO,CE,Federal Contract Tower,0,6,11,0,17,0,2,19,12,33,0,8,30,12,50,28,2,30,80
05/01/2015,MKL,TN,ASO,CE,Federal Contract Tower,0,6,13,0,19,0,0,25,22,47,0,6,38,22,66,10,26,36,102
05/02/2015,MKL,TN,ASO,CE,Federal Contract Tower,0,2,8,0,10,0,0,39,2,41,0,2,47,2,51,20,0,20,71
05/03/2015,MKL,TN,ASO,CE,Federal Contract Tower,0,0,10,0,10,0,0,8,0,8,0,0,18,0,18,0,0,0,18
05/04/2015,MKL,TN,ASO,CE,Federal Contract Tower,0,4,15,0,19,0,0,26,2,28,0,4,41,2,47,8,0,8,55
05/05/2015,MKL,TN,ASO,CE,Federal Contract Tower,0,4,8,0,12,0,0,14,7,21,0,4,22,7,33,6,10,16,49
05/06/2015,MKL,TN,ASO,CE,Federal Contract Tower,0,4,14,2,20,0,0,33,9,42,0,4,47,11,62,4,4,8,70
05/07/2015,MKL,TN,ASO,CE,Federal Contract Tower,0,4,10,0,14,0,0,18,11,29,0,4,28,11,43,2,28,30,73
05/08/2015,MKL,TN,ASO,CE,Federal Contract Tower,0,4,8,0,12,0,0,19,2,21,0,4,27,2,33,8,8,16,49
05/09/2015,MKL,TN,ASO,CE,Federal Contract Tower,0,0,8,0,8,0,0,10,18,28,0,0,18,18,36,2,0,2,38
05/10/2015,MKL,TN,ASO,CE,Federal Contract Tower,0,6,13,1,20,0,0,10,6,16,0,6,23,7,36,0,4,4,40
05/11/2015,MKL,TN,ASO,CE,Federal Contract Tower,0,4,15,2,21,0,0,3,4,7,0,4,18,6,28,0,8,8,36
05/12/2015,MKL,TN,ASO,CE,Federal Contract Tower,0,2,10,0,12,0,0,13,5,18,0,2,23,5,30,0,2,2,32
05/13/2015,MKL,TN,ASO,CE,Federal Contract Tower,0,4,18,0,22,0,0,19,8,27,0,4,37,8,49,8,0,8,57
05/14/2015,MKL,TN,ASO,CE,Federal Contract Tower,0,0,18,0,18,0,0,15,14,29,0,0,33,14,47,2,2,4,51
05/15/2015,MKL,TN,ASO,CE,Federal Contract Tower,0,4,9,0,13,0,1,4,1,6,0,5,13,1,19,0,8,8,27
05/16/2015,MKL,TN,ASO,CE,Federal Contract Tower,0,0,9,0,9,0,0,0,0,0,0,0,9,0,9,0,0,0,9
05/17/2015,MKL,TN,ASO,CE,Federal Contract Tower,0,0,17,0,17,0,0,0,2,2,0,0,17,2,19,0,0,0,19
05/18/2015,MKL,TN,ASO,CE,Federal Contract Tower,0,2,16,0,18,0,0,1,2,3,0,2,17,2,21,2,0,2,23
05/19/2015,MKL,TN,ASO,CE,Federal Contract Tower,0,0,12,0,12,0,0,22,9,31,0,0,34,9,43,12,30,42,85
05/20/2015,MKL,TN,ASO,CE,Federal Contract Tower,0,4,10,0,14,0,0,7,1,8,0,4,17,1,22,0,0,0,22
05/21/2015,MKL,TN,ASO,CE,Federal Contract Tower,0,0,7,3,10,0,0,11,13,24,0,0,18,16,34,2,12,14,48
05/22/2015,MKL,TN,ASO,CE,Federal Contract Tower,0,0,9,0,9,0,0,36,0,36,0,0,45,0,45,16,12,28,73
05/23/2015,MKL,TN,ASO,CE,Federal Contract Tower,0,0,7,0,7,0,0,33,0,33,0,0,40,0,40,8,0,8,48
05/24/2015,MKL,TN,ASO,CE,Federal Contract Tower,0,0,8,0,8,0,0,5,0,5,0,0,13,0,13,4,0,4,17
05/25/2015,MKL,TN,ASO,CE,Federal Contract Tower,0,0,7,0,7,0,0,2,0,2,0,0,9,0,9,0,0,0,9
05/26/2015,MKL,TN,ASO,CE,Federal Contract Tower,0,0,13,0,13,0,0,4,6,10,0,0,17,6,23,0,0,0,23
05/27/2015,MKL,TN,ASO,CE,Federal Contract Tower,0,2,9,2,13,0,0,10,2,12,0,2,19,4,25,0,0,0,25
05/28/2015,MKL,TN,ASO,CE,Federal Contract Tower,0,2,9,0,11,0,0,3,9,12,0,2,12,9,23,0,18,18,41
05/29/2015,MKL,TN,ASO,CE,Federal Contract Tower,0,2,3,0,5,0,0,6,7,13,0,2,9,7,18,0,0,0,18
05/30/2015,MKL,TN,ASO,CE,Federal Contract Tower,0,0,9,0,9,0,1,2,11,14,0,1,11,11,23,4,0,4,27
05/31/2015,MKL,TN,ASO,CE,Federal Contract Tower,0,2,9,0,11,0,0,0,8,8,0,2,9,8,19,0,8,8,27
06/01/2015,MKL,TN,ASO,CE,Federal Contract Tower,0,2,10,0,12,0,1,7,2,10,0,3,17,2,22,0,0,0,22
06/02/2015,MKL,TN,ASO,CE,Federal Contract Tower,0,2,7,0,9,0,0,8,2,10,0,2,15,2,19,0,0,0,19
06/03/2015,MKL,TN,ASO,CE,Federal Contract Tower,0,2,11,4,17,0,0,8,5,13,0,2,19,9,30,0,0,0,30
06/04/2015,MKL,TN,ASO,CE,Federal Contract Tower,0,3,10,0,13,0,0,29,7,36,0,3,39,7,49,0,0,0,49
06/05/2015,MKL,TN,ASO,CE,Federal Contract Tower,0,3,15,0,18,0,0,27,0,27,0,3,42,0,45,12,0,12,57
06/06/2015,MKL,TN,ASO,CE,Federal Contract Tower,0,0,11,0,11,0,0,16,0,16,0,0,27,0,27,18,0,18,45
06/07/2015,MKL,TN,ASO,CE,Federal Contract Tower,0,0,18,0,18,0,0,15,0,15,0,0,33,0,33,6,0,6,39
06/08/2015,MKL,TN,ASO,CE,Federal Contract Tower,0,0,12,0,12,0,0,5,2,7,0,0,17,2,19,0,0,0,19
06/09/2015,MKL,TN,ASO,CE,Federal Contract Tower,0,2,15,0,17,0,0,23,2,25,0,2,38,2,42,2,0,2,44
06/10/2015,MKL,TN,ASO,CE,Federal Contract Tower,0,2,7,0,9,0,2,24,8,34,0,4,31,8,43,12,22,34,77
06/11/2015,MKL,TN,ASO,CE,Federal Contract Tower,0,4,10,0,14,0,0,14,14,28,0,4,24,14,42,8,0,8,50
06/12/2015,MKL,TN,ASO,CE,Federal Contract Tower,0,0,6,2,8,0,0,13,9,22,0,0,19,11,30,2,2,4,34
06/13/2015,MKL,TN,ASO,CE,Federal Contract Tower,0,2,6,1,9,0,0,21,24,45,0,2,27,25,54,10,18,28,82
06/14/2015,MKL,TN,ASO,CE,Federal Contract Tower,0,0,15,0,15,0,0,13,9,22,0,0,28,9,37,0,14,14,51
06/15/2015,MKL,TN,ASO,CE,Federal Contract Tower,0,2,15,0,17,0,3,20,2,25,0,5,35,2,42,10,0,10,52
06/16/2015,MKL,TN,ASO,CE,Federal Contract Tower,0,2,14,0,16,0,0,14,7,21,0,2,28,7,37,4,0,4,41
06/17/2015,MKL,TN,ASO,CE,Federal Contract Tower,0,2,10,0,12,0,4,15,2,21,0,6,25,2,33,24,0,24,57
06/18/2015,MKL,TN,ASO,CE,Federal Contract Tower,0,2,10,0,12,0,0,10,4,14,0,2,20,4,26,2,8,10,36
06/19/2015,MKL,TN,ASO,CE,Federal Contract Tower,0,2,17,0,19,0,0,3,0,3,0,2,20,0,22,2,0,2,24
06/20/2015,MKL,TN,ASO,CE,Federal Contract Tower,0,0,10,0,10,0,0,87,0,87,0,0,97,0,97,0,0,0,97
06/21/2015,MKL,TN,ASO,CE,Federal Contract Tower,0,0,11,0,11,0,0,8,0,8,0,0,19,0,19,0,0,0,19
06/22/2015,MKL,TN,ASO,CE,Federal Contract Tower,0,0,5,4,9,0,0,9,6,15,0,0,14,10,24,2,10,12,36
06/23/2015,MKL,TN,ASO,CE,Federal Contract Tower,0,3,13,0,16,0,1,7,5,13,0,4,20,5,29,4,0,4,33
06/24/2015,MKL,TN,ASO,CE,Federal Contract Tower,0,0,12,0,12,0,0,17,2,19,0,0,29,2,31,2,0,2,33
06/25/2015,MKL,TN,ASO,CE,Federal Contract Tower,0,5,3,3,11,0,1,16,14,31,0,6,19,17,42,16,2,18,60
06/26/2015,MKL,TN,ASO,CE,Federal Contract Tower,0,2,12,0,14,0,0,18,3,21,0,2,30,3,35,4,4,8,43
06/27/2015,MKL,TN,ASO,CE,Federal Contract Tower,0,0,9,0,9,0,0,13,0,13,0,0,22,0,22,10,0,10,32
06/28/2015,MKL,TN,ASO,CE,Federal Contract Tower,0,1,10,0,11,0,0,16,4,20,0,1,26,4,31,0,4,4,35
06/29/2015,MKL,TN,ASO,CE,Federal Contract Tower,0,7,12,0,19,0,0,6,2,8,0,7,18,2,27,0,0,0,27
06/30/2015,MKL,TN,ASO,CE,Federal Contract Tower,0,5,14,4,23,0,0,16,6,22,0,5,30,10,45,8,0,8,53
07/01/2015,MKL,TN,ASO,CE,Federal Contract Tower,0,4,6,0,10,0,0,8,2,10,0,4,14,2,20,0,0,0,20
07/02/2015,MKL,TN,ASO,CE,Federal Contract Tower,0,4,8,0,12,0,0,4,2,6,0,4,12,2,18,7,0,7,25
07/03/2015,MKL,TN,ASO,CE,Federal Contract Tower,0,7,6,0,13,0,0,15,0,15,0,7,21,0,28,0,0,0,28
07/04/2015,MKL,TN,ASO,CE,Federal Contract Tower,0,2,3,0,5,0,0,15,0,15,0,2,18,0,20,0,0,0,20
07/05/2015,MKL,TN,ASO,CE,Federal Contract Tower,0,3,10,0,13,0,0,26,0,26,0,3,36,0,39,0,0,0,39
07/06/2015,MKL,TN,ASO,CE,Federal Contract Tower,0,6,14,1,21,0,0,29,3,32,0,6,43,4,53,0,0,0,53
07/07/2015,MKL,TN,ASO,CE,Federal Contract Tower,0,8,11,0,19,0,0,21,1,22,0,8,32,1,41,0,0,0,41
07/08/2015,MKL,TN,ASO,CE,Federal Contract Tower,0,4,9,0,13,0,0,38,3,41,0,4,47,3,54,8,0,8,62
07/09/2015,MKL,TN,ASO,CE,Federal Contract Tower,0,4,6,2,12,0,1,11,5,17,0,5,17,7,29,6,4,10,39
07/10/2015,MKL,TN,ASO,CE,Federal Contract Tower,0,2,5,1,8,0,1,33,2,36,0,3,38,3,44,2,0,2,46
07/11/2015,MKL,TN,ASO,CE,Federal Contract Tower,0,1,8,0,9,0,0,30,0,30,0,1,38,0,39,4,0,4,43
07/12/2015,MKL,TN,ASO,CE,Federal Contract Tower,0,3,3,0,6,0,0,9,0,9,0,3,12,0,15,2,0,2,17
07/13/2015,MKL,TN,ASO,CE,Federal Contract Tower,0,4,11,0,15,0,0,15,3,18,0,4,26,3,33,6,0,6,39
07/14/2015,MKL,TN,ASO,CE,Federal Contract Tower,0,4,6,0,10,0,2,4,9,15,0,6,10,9,25,4,8,12,37
07/15/2015,MKL,TN,ASO,CE,Federal Contract Tower,0,4,17,0,21,0,0,19,4,23,0,4,36,4,44,0,0,0,44
07/16/2015,MKL,TN,ASO,CE,Federal Contract Tower,0,5,22,0,27,0,0,23,8,31,0,5,45,8,58,0,0,0,58
07/17/2015,MKL,TN,ASO,CE,Federal Contract Tower,0,8,6,1,15,0,0,11,2,13,0,8,17,3,28,6,2,8,36
07/18/2015,MKL,TN,ASO,CE,Federal Contract Tower,0,2,6,5,13,0,0,12,12,24,0,2,18,17,37,2,6,8,45
07/19/2015,MKL,TN,ASO,CE,Federal Contract Tower,0,3,6,1,10,0,0,0,16,16,0,3,6,17,26,0,0,0,26
07/20/2015,MKL,TN,ASO,CE,Federal Contract Tower,0,6,11,0,17,0,0,10,3,13,0,6,21,3,30,4,0,4,34
07/21/2015,MKL,TN,ASO,CE,Federal Contract Tower,0,4,10,0,14,0,0,9,12,21,0,4,19,12,35,2,12,14,49
07/22/2015,MKL,TN,ASO,CE,Federal Contract Tower,0,4,14,0,18,0,0,6,4,10,0,4,20,4,28,0,4,4,32
07/23/2015,MKL,TN,ASO,CE,Federal Contract Tower,0,3,7,0,10,0,0,2,6,8,0,3,9,6,18,0,12,12,30
07/24/2015,MKL,TN,ASO,CE,Federal Contract Tower,0,4,8,0,12,0,0,17,2,19,0,4,25,2,31,10,4,14,45
07/25/2015,MKL,TN,ASO,CE,Federal Contract Tower,0,2,12,0,14,0,2,20,0,22,0,4,32,0,36,12,0,12,48
07/26/2015,MKL,TN,ASO,CE,Federal Contract Tower,0,3,13,2,18,0,0,15,0,15,0,3,28,2,33,4,0,4,37
07/27/2015,MKL,TN,ASO,CE,Federal Contract Tower,0,4,8,0,12,0,0,18,3,21,0,4,26,3,33,4,0,4,37
07/28/2015,MKL,TN,ASO,CE,Federal Contract Tower,0,5,12,0,17,0,0,15,5,20,0,5,27,5,37,2,0,2,39
07/29/2015,MKL,TN,ASO,CE,Federal Contract Tower,0,4,19,0,23,0,0,14,10,24,0,4,33,10,47,10,0,10,57
07/30/2015,MKL,TN,ASO,CE,Federal Contract Tower,0,4,7,1,12,0,0,20,7,27,0,4,27,8,39,4,16,20,59
07/31/2015,MKL,TN,ASO,CE,Federal Contract Tower,0,4,5,12,21,0,0,22,13,35,0,4,27,25,56,0,12,12,68
08/01/2015,MKL,TN,ASO,CE,Federal Contract Tower,0,2,15,0,17,0,0,20,0,20,0,2,35,0,37,0,0,0,37
08/02/2015,MKL,TN,ASO,CE,Federal Contract Tower,0,3,9,4,16,0,0,9,2,11,0,3,18,6,27,0,46,46,73
08/03/2015,MKL,TN,ASO,CE,Federal Contract Tower,0,4,5,0,9,0,0,17,6,23,0,4,22,6,32,0,0,0,32
08/04/2015,MKL,TN,ASO,CE,Federal Contract Tower,0,7,13,0,20,0,2,16,9,27,0,9,29,9,47,0,0,0,47
08/05/2015,MKL,TN,ASO,CE,Federal Contract Tower,0,3,10,0,13,0,0,4,7,11,0,3,14,7,24,8,0,8,32
08/06/2015,MKL,TN,ASO,CE,Federal Contract Tower,0,6,10,2,18,0,0,3,4,7,0,6,13,6,25,0,4,4,29
08/07/2015,MKL,TN,ASO,CE,Federal Contract Tower,0,6,12,1,19,0,0,24,3,27,0,6,36,4,46,10,0,10,56
08/08/2015,MKL,TN,ASO,CE,Federal Contract Tower,0,2,5,0,7,0,0,20,23,43,0,2,25,23,50,16,34,50,100
08/09/2015,MKL,TN,ASO,CE,Federal Contract Tower,0,3,4,0,7,0,0,13,3,16,0,3,17,3,23,10,14,24,47
08/10/2015,MKL,TN,ASO,CE,Federal Contract Tower,0,5,6,0,11,0,4,6,3,13,0,9,12,3,24,2,0,2,26
08/11/2015,MKL,TN,ASO,CE,Federal Contract Tower,0,6,12,0,18,0,0,23,4,27,0,6,35,4,45,10,0,10,55
08/12/2015,MKL,TN,ASO,CE,Federal Contract Tower,0,5,16,0,21,0,0,27,9,36,0,5,43,9,57,2,0,2,59
08/13/2015,MKL,TN,ASO,CE,Federal Contract Tower,0,5,17,1,23,0,0,34,13,47,0,5,51,14,70,2,10,12,82
08/14/2015,MKL,TN,ASO,CE,Federal Contract Tower,0,4,15,0,19,0,0,21,0,21,0,4,36,0,40,2,0,2,42
08/15/2015,MKL,TN,ASO,CE,Federal Contract Tower,0,2,10,4,16,0,0,17,3,20,0,2,27,7,36,6,36,42,78
08/16/2015,MKL,TN,ASO,CE,Federal Contract Tower,0,5,10,0,15,0,0,17,0,17,0,5,27,0,32,4,0,4,36
08/17/2015,MKL,TN,ASO,CE,Federal Contract Tower,0,6,8,0,14,0,0,10,5,15,0,6,18,5,29,2,0,2,31
08/18/2015,MKL,TN,ASO,CE,Federal Contract Tower,0,5,17,0,22,0,0,7,7,14,0,5,24,7,36,14,0,14,50
08/19/2015,MKL,TN,ASO,CE,Federal Contract Tower,0,4,7,0,11,0,0,9,0,9,0,4,16,0,20,0,8,8,28
08/20/2015,MKL,TN,ASO,CE,Federal Contract Tower,0,4,17,0,21,0,0,47,5,52,0,4,64,5,73,4,24,28,101
08/21/2015,MKL,TN,ASO,CE,Federal Contract Tower,0,10,12,1,23,0,5,21,0,26,0,15,33,1,49,10,0,10,59
08/22/2015,MKL,TN,ASO,CE,Federal Contract Tower,0,2,14,0,16,0,0,4,0,4,0,2,18,0,20,2,0,2,22
08/23/2015,MKL,TN,ASO,CE,Federal Contract Tower,0,3,16,0,19,0,0,12,0,12,0,3,28,0,31,4,0,4,35
08/24/2015,MKL,TN,ASO,CE,Federal Contract Tower,0,5,17,0,22,0,0,21,4,25,0,5,38,4,47,12,0,12,59
08/25/2015,MKL,TN,ASO,CE,Federal Contract Tower,0,5,12,1,18,0,2,23,8,33,0,7,35,9,51,4,2,6,57
08/26/2015,MKL,TN,ASO,CE,Federal Contract Tower,0,7,26,2,35,0,2,34,4,40,0,9,60,6,75,18,0,18,93
08/27/2015,MKL,TN,ASO,CE,Federal Contract Tower,0,7,11,1,19,0,0,15,9,24,0,7,26,10,43,2,0,2,45
08/28/2015,MKL,TN,ASO,CE,Federal Contract Tower,0,5,15,0,20,0,0,18,4,22,0,5,33,4,42,4,8,12,54
08/29/2015,MKL,TN,ASO,CE,Federal Contract Tower,0,3,11,0,14,0,1,24,4,29,0,4,35,4,43,8,0,8,51
08/30/2015,MKL,TN,ASO,CE,Federal Contract Tower,0,4,4,5,13,0,0,7,7,14,0,4,11,12,27,0,16,16,43
08/31/2015,MKL,TN,ASO,CE,Federal Contract Tower,0,4,10,1,15,0,0,9,9,18,0,4,19,10,33,0,20,20,53
09/01/2015,MKL,TN,ASO,CE,Federal Contract Tower,0,4,15,1,20,0,0,16,4,20,0,4,31,5,40,14,0,14,54
09/02/2015,MKL,TN,ASO,CE,Federal Contract Tower,0,5,15,1,21,0,0,15,9,24,0,5,30,10,45,18,8,26,71
09/03/2015,MKL,TN,ASO,CE,Federal Contract Tower,0,5,19,0,24,0,0,15,4,19,0,5,34,4,43,4,4,8,51
09/04/2015,MKL,TN,ASO,CE,Federal Contract Tower,0,4,14,4,22,0,0,33,7,40,0,4,47,11,62,14,0,14,76
09/05/2015,MKL,TN,ASO,CE,Federal Contract Tower,0,4,2,1,7,0,11,6,0,17,0,15,8,1,24,10,10,20,44
09/06/2015,MKL,TN,ASO,CE,Federal Contract Tower,0,3,3,0,6,0,0,14,3,17,0,3,17,3,23,0,8,8,31
09/07/2015,MKL,TN,ASO,CE,Federal Contract Tower,0,4,22,2,28,0,0,14,0,14,0,4,36,2,42,8,0,8,50
09/08/2015,MKL,TN,ASO,CE,Federal Contract Tower,0,5,16,0,21,0,0,16,2,18,0,5,32,2,39,4,0,4,43
09/09/2015,MKL,TN,ASO,CE,Federal Contract Tower,0,5,17,0,22,0,0,11,1,12,0,5,28,1,34,2,0,2,36
09/10/2015,MKL,TN,ASO,CE,Federal Contract Tower,0,7,15,0,22,0,0,8,1,9,0,7,23,1,31,2,0,2,33
09/11/2015,MKL,TN,ASO,CE,Federal Contract Tower,0,8,25,0,33,0,1,21,0,22,0,9,46,0,55,2,0,2,57
09/12/2015,MKL,TN,ASO,CE,Federal Contract Tower,0,2,15,1,18,0,0,7,2,9,0,2,22,3,27,22,0,22,49
09/13/2015,MKL,TN,ASO,CE,Federal Contract Tower,0,3,9,0,12,0,0,7,0,7,0,3,16,0,19,0,0,0,19
09/14/2015,MKL,TN,ASO,CE,Federal Contract Tower,0,5,10,2,17,0,0,29,1,30,0,5,39,3,47,26,0,26,73
09/15/2015,MKL,TN,ASO,CE,Federal Contract Tower,0,4,14,0,18,0,0,20,0,20,0,4,34,0,38,44,0,44,82
09/16/2015,MKL,TN,ASO,CE,Federal Contract Tower,0,4,17,0,21,0,0,37,1,38,0,4,54,1,59,12,0,12,71
09/17/2015,MKL,TN,ASO,CE,Federal Contract Tower,0,8,20,0,28,0,0,12,1,13,0,8,32,1,41,0,0,0,41
09/18/2015,MKL,TN,ASO,CE,Federal Contract Tower,0,4,14,0,18,0,0,20,0,20,0,4,34,0,38,14,0,14,52
09/19/2015,MKL,TN,ASO,CE,Federal Contract Tower,0,2,9,0,11,0,0,19,0,19,0,2,28,0,30,0,0,0,30
09/20/2015,MKL,TN,ASO,CE,Federal Contract Tower,0,3,17,0,20,0,0,12,0,12,0,3,29,0,32,2,0,2,34
09/21/2015,MKL,TN,ASO,CE,Federal Contract Tower,0,4,10,0,14,0,0,23,0,23,0,4,33,0,37,4,0,4,41
09/22/2015,MKL,TN,ASO,CE,Federal Contract Tower,0,7,13,0,20,0,0,32,2,34,0,7,45,2,54,32,0,32,86
09/23/2015,MKL,TN,ASO,CE,Federal Contract Tower,0,10,11,0,21,0,0,32,2,34,0,10,43,2,55,0,0,0,55
09/24/2015,MKL,TN,ASO,CE,Federal Contract Tower,0,6,10,0,16,0,1,29,2,32,0,7,39,2,48,0,0,0,48
09/25/2015,MKL,TN,ASO,CE,Federal Contract Tower,0,5,18,0,23,0,0,35,1,36,0,5,53,1,59,24,2,26,85
09/26/2015,MKL,TN,ASO,CE,Federal Contract Tower,0,1,8,0,9,0,0,1,0,1,0,1,9,0,10,2,0,2,12
09/27/2015,MKL,TN,ASO,CE,Federal Contract Tower,0,3,9,0,12,0,0,6,0,6,0,3,15,0,18,8,0,8,26
09/28/2015,MKL,TN,ASO,CE,Federal Contract Tower,0,2,19,0,21,0,0,23,0,23,0,2,42,0,44,4,0,4,48
09/29/2015,MKL,TN,ASO,CE,Federal Contract Tower,0,5,17,0,22,0,0,4,0,4,0,5,21,0,26,4,0,4,30
09/30/2015,MKL,TN,ASO,CE,Federal Contract Tower,0,4,11,0,15,0,0,10,0,10,0,4,21,0,25,22,0,22,47
10/01/2015,MKL,TN,ASO,CE,Federal Contract Tower,0,4,13,0,17,0,0,31,0,31,0,4,44,0,48,8,0,8,56
10/02/2015,MKL,TN,ASO,CE,Federal Contract Tower,0,3,8,0,11,0,0,13,2,15,0,3,21,2,26,30,0,30,56
10/03/2015,MKL,TN,ASO,CE,Federal Contract Tower,0,2,12,0,14,0,0,0,1,1,0,2,12,1,15,2,0,2,17
10/04/2015,MKL,TN,ASO,CE,Federal Contract Tower,0,3,8,0,11,0,0,1,0,1,0,3,9,0,12,0,0,0,12
10/05/2015,MKL,TN,ASO,CE,Federal Contract Tower,0,7,11,0,18,0,0,25,0,25,0,7,36,0,43,36,0,36,79
10/06/2015,MKL,TN,ASO,CE,Federal Contract Tower,0,5,6,2,13,0,0,16,0,16,0,5,22,2,29,24,0,24,53
10/07/2015,MKL,TN,ASO,CE,Federal Contract Tower,0,9,26,0,35,0,0,20,0,20,0,9,46,0,55,34,0,34,89
10/08/2015,MKL,TN,ASO,CE,Federal Contract Tower,0,8,14,0,22,0,0,14,4,18,0,8,28,4,40,8,0,8,48
10/09/2015,MKL,TN,ASO,CE,Federal Contract Tower,0,9,15,0,24,0,0,12,0,12,0,9,27,0,36,0,0,0,36
10/10/2015,MKL,TN,ASO,CE,Federal Contract Tower,0,1,16,0,17,0,0,10,0,10,0,1,26,0,27,0,0,0,27
10/11/2015,MKL,TN,ASO,CE,Federal Contract Tower,0,3,14,0,17,0,0,15,0,15,0,3,29,0,32,12,0,12,44
10/12/2015,MKL,TN,ASO,CE,Federal Contract Tower,0,6,15,0,21,0,0,17,0,17,0,6,32,0,38,52,0,52,90
10/13/2015,MKL,TN,ASO,CE,Federal Contract Tower,0,4,9,0,13,0,0,9,0,9,0,4,18,0,22,8,0,8,30
10/14/2015,MKL,TN,ASO,CE,Federal Contract Tower,0,4,15,0,19,0,0,28,2,30,0,4,43,2,49,22,0,22,71
10/15/2015,MKL,TN,ASO,CE,Federal Contract Tower,0,8,11,0,19,0,0,19,0,19,0,8,30,0,38,10,0,10,48
10/16/2015,MKL,TN,ASO,CE,Federal Contract Tower,0,5,13,0,18,0,0,24,24,48,0,5,37,24,66,18,0,18,84
10/17/2015,MKL,TN,ASO,CE,Federal Contract Tower,0,2,10,0,12,0,0,20,8,28,0,2,30,8,40,8,0,8,48
10/18/2015,MKL,TN,ASO,CE,Federal Contract Tower,0,5,10,0,15,0,0,21,0,21,0,5,31,0,36,12,0,12,48
10/19/2015,MKL,TN,ASO,CE,Federal Contract Tower,0,6,16,0,22,0,0,16,0,16,0,6,32,0,38,8,0,8,46
10/20/2015,MKL,TN,ASO,CE,Federal Contract Tower,0,5,12,2,19,0,0,24,0,24,0,5,36,2,43,4,0,4,47
10/21/2015,MKL,TN,ASO,CE,Federal Contract Tower,0,9,8,0,17,0,0,22,3,25,0,9,30,3,42,14,24,38,80
10/22/2015,MKL,TN,ASO,CE,Federal Contract Tower,0,8,12,1,21,0,1,31,5,37,0,9,43,6,58,52,0,52,110
10/23/2015,MKL,TN,ASO,CE,Federal Contract Tower,0,3,16,0,19,0,0,12,2,14,0,3,28,2,33,28,0,28,61
10/24/2015,MKL,TN,ASO,CE,Federal Contract Tower,0,1,7,0,8,0,0,4,0,4,0,1,11,0,12,4,0,4,16
10/25/2015,MKL,TN,ASO,CE,Federal Contract Tower,0,3,8,0,11,0,0,0,0,0,0,3,8,0,11,0,0,0,11
10/26/2015,MKL,TN,ASO,CE,Federal Contract Tower,0,5,6,0,11,0,0,0,0,0,0,5,6,0,11,0,0,0,11
10/27/2015,MKL,TN,ASO,CE,Federal Contract Tower,0,6,5,0,11,0,0,0,0,0,0,6,5,0,11,0,0,0,11
10/28/2015,MKL,TN,ASO,CE,Federal Contract Tower,0,4,19,0,23,0,0,10,8,18,0,4,29,8,41,0,0,0,41
10/29/2015,MKL,TN,ASO,CE,Federal Contract Tower,0,0,14,0,14,0,0,27,12,39,0,0,41,12,53,23,18,41,94
10/30/2015,MKL,TN,ASO,CE,Federal Contract Tower,0,4,25,2,31,0,0,38,3,41,0,4,63,5,72,34,22,56,128
10/31/2015,MKL,TN,ASO,CE,Federal Contract Tower,0,2,2,0,4,0,0,2,0,2,0,2,4,0,6,2,0,2,8
11/01/2015,MKL,TN,ASO,CE,Federal Contract Tower,0,3,12,0,15,0,0,0,0,0,0,3,12,0,15,0,0,0,15
11/02/2015,MKL,TN,ASO,CE,Federal Contract Tower,0,5,7,0,12,0,0,6,0,6,0,5,13,0,18,7,0,7,25
11/03/2015,MKL,TN,ASO,CE,Federal Contract Tower,0,6,20,0,26,0,0,15,0,15,0,6,35,0,41,6,0,6,47
11/04/2015,MKL,TN,ASO,CE,Federal Contract Tower,0,7,24,0,31,0,0,16,0,16,0,7,40,0,47,44,0,44,91
11/05/2015,MKL,TN,ASO,CE,Federal Contract Tower,0,7,7,3,17,0,0,27,9,36,0,7,34,12,53,104,32,136,189
11/06/2015,MKL,TN,ASO,CE,Federal Contract Tower,0,5,12,0,17,0,0,8,0,8,0,5,20,0,25,12,0,12,37
11/07/2015,MKL,TN,ASO,CE,Federal Contract Tower,0,1,11,0,12,0,0,16,1,17,0,1,27,1,29,4,0,4,33
11/08/2015,MKL,TN,ASO,CE,Federal Contract Tower,0,5,9,0,14,0,0,14,2,16,0,5,23,2,30,4,0,4,34
11/09/2015,MKL,TN,ASO,CE,Federal Contract Tower,0,5,11,2,18,0,0,15,2,17,0,5,26,4,35,24,9,33,68
11/10/2015,MKL,TN,ASO,CE,Federal Contract Tower,0,5,11,4,20,0,0,21,6,27,0,5,32,10,47,2,16,18,65
11/11/2015,MKL,TN,ASO,CE,Federal Contract Tower,0,4,16,0,20,0,0,9,0,9,0,4,25,0,29,4,0,4,33
11/12/2015,MKL,TN,ASO,CE,Federal Contract Tower,0,8,7,1,16,0,2,13,4,19,0,10,20,5,35,2,8,10,45
11/13/2015,MKL,TN,ASO,CE,Federal Contract Tower,0,6,12,0,18,0,1,21,2,24,0,7,33,2,42,42,0,42,84
11/14/2015,MKL,TN,ASO,CE,Federal Contract Tower,0,1,5,0,6,0,1,27,9,37,0,2,32,9,43,6,0,6,49
11/15/2015,MKL,TN,ASO,CE,Federal Contract Tower,0,5,9,0,14,0,0,15,8,23,0,5,24,8,37,2,8,10,47
11/16/2015,MKL,TN,ASO,CE,Federal Contract Tower,0,6,5,0,11,0,0,2,0,2,0,6,7,0,13,2,0,2,15
11/17/2015,MKL,TN,ASO,CE,Federal Contract Tower,0,2,8,0,10,0,0,4,0,4,0,2,12,0,14,0,0,0,14
11/18/2015,MKL,TN,ASO,CE,Federal Contract Tower,0,5,9,0,14,0,0,7,2,9,0,5,16,2,23,0,0,0,23
11/19/2015,MKL,TN,ASO,CE,Federal Contract Tower,0,10,9,3,22,0,0,13,8,21,0,10,22,11,43,154,28,182,225
11/20/2015,MKL,TN,ASO,CE,Federal Contract Tower,0,5,9,2,16,0,0,25,0,25,0,5,34,2,41,6,0,6,47
11/21/2015,MKL,TN,ASO,CE,Federal Contract Tower,0,1,9,0,10,0,0,2,0,2,0,1,11,0,12,0,0,0,12
11/22/2015,MKL,TN,ASO,CE,Federal Contract Tower,0,3,5,0,8,0,0,13,0,13,0,3,18,0,21,0,0,0,21
11/23/2015,MKL,TN,ASO,CE,Federal Contract Tower,0,3,8,2,13,0,0,13,0,13,0,3,21,2,26,0,0,0,26
11/24/2015,MKL,TN,ASO,CE,Federal Contract Tower,0,6,6,2,14,0,0,12,6,18,0,6,18,8,32,14,4,18,50
11/25/2015,MKL,TN,ASO,CE,Federal Contract Tower,0,6,16,0,22,0,0,11,0,11,0,6,27,0,33,36,0,36,69
11/26/2015,MKL,TN,ASO,CE,Federal Contract Tower,2,4,1,0,7,0,1,4,0,5,2,5,5,0,12,0,0,0,12
11/27/2015,MKL,TN,ASO,CE,Federal Contract Tower,0,5,6,0,11,0,1,2,0,3,0,6,8,0,14,0,0,0,14
11/28/2015,MKL,TN,ASO,CE,Federal Contract Tower,0,4,9,0,13,0,0,0,0,0,0,4,9,0,13,0,0,0,13
11/29/2015,MKL,TN,ASO,CE,Federal Contract Tower,0,6,5,0,11,0,0,0,0,0,0,6,5,0,11,0,0,0,11
11/30/2015,MKL,TN,ASO,CE,Federal Contract Tower,0,5,6,0,11,0,0,0,0,0,0,5,6,0,11,0,0,0,11
12/01/2015,MKL,TN,ASO,CE,Federal Contract Tower,0,6,17,1,24,0,0,4,0,4,0,6,21,1,28,0,0,0,28
12/02/2015,MKL,TN,ASO,CE,Federal Contract Tower,0,5,16,2,23,0,0,24,0,24,0,5,40,2,47,0,0,0,47
12/03/2015,MKL,TN,ASO,CE,Federal Contract Tower,0,7,18,1,26,0,0,24,3,27,0,7,42,4,53,16,0,16,69
12/04/2015,MKL,TN,ASO,CE,Federal Contract Tower,0,10,18,0,28,0,2,27,0,29,0,12,45,0,57,8,0,8,65
12/05/2015,MKL,TN,ASO,CE,Federal Contract Tower,0,2,2,0,4,0,0,20,0,20,0,2,22,0,24,2,0,2,26
12/06/2015,MKL,TN,ASO,CE,Federal Contract Tower,0,3,13,0,16,0,1,19,0,20,0,4,32,0,36,2,0,2,38
12/07/2015,MKL,TN,ASO,CE,Federal Contract Tower,0,5,10,2,17,0,0,18,0,18,0,5,28,2,35,4,2,6,41
12/08/2015,MKL,TN,ASO,CE,Federal Contract Tower,0,5,5,4,14,0,0,8,6,14,0,5,13,10,28,0,0,0,28
12/09/2015,MKL,TN,ASO,CE,Federal Contract Tower,0,4,16,2,22,0,0,16,4,20,0,4,32,6,42,8,2,10,52
12/10/2015,MKL,TN,ASO,CE,Federal Contract Tower,0,5,23,2,30,0,0,10,14,24,0,5,33,16,54,16,12,28,82
12/11/2015,MKL,TN,ASO,CE,Federal Contract Tower,0,3,4,0,7,0,0,3,0,3,0,3,7,0,10,0,0,0,10
12/12/2015,MKL,TN,ASO,CE,Federal Contract Tower,0,2,9,0,11,0,0,3,0,3,0,2,12,0,14,2,0,2,16
12/13/2015,MKL,TN,ASO,CE,Federal Contract Tower,0,3,6,2,11,0,0,0,6,6,0,3,6,8,17,0,0,0,17
12/14/2015,MKL,TN,ASO,CE,Federal Contract Tower,0,3,18,0,21,0,0,4,0,4,0,3,22,0,25,0,0,0,25
12/15/2015,MKL,TN,ASO,CE,Federal Contract Tower,0,8,11,2,21,0,0,26,8,34,0,8,37,10,55,22,0,22,77
12/16/2015,MKL,TN,ASO,CE,Federal Contract Tower,0,7,13,0,20,0,0,3,6,9,0,7,16,6,29,0,0,0,29
12/17/2015,MKL,TN,ASO,CE,Federal Contract Tower,0,7,19,3,29,0,0,21,16,37,0,7,40,19,66,14,32,46,112
12/18/2015,MKL,TN,ASO,CE,Federal Contract Tower,0,6,12,0,18,0,0,20,0,20,0,6,32,0,38,2,0,2,40
12/19/2015,MKL,TN,ASO,CE,Federal Contract Tower,0,2,6,0,8,0,0,23,0,23,0,2,29,0,31,8,0,8,39
12/20/2015,MKL,TN,ASO,CE,Federal Contract Tower,0,3,12,0,15,0,0,5,0,5,0,3,17,0,20,6,0,6,26
12/21/2015,MKL,TN,ASO,CE,Federal Contract Tower,0,3,11,0,14,0,0,1,0,1,0,3,12,0,15,2,0,2,17
12/22/2015,MKL,TN,ASO,CE,Federal Contract Tower,0,0,14,0,14,0,0,2,0,2,0,0,16,0,16,2,0,2,18
12/23/2015,MKL,TN,ASO,CE,Federal Contract Tower,0,3,6,0,9,0,0,0,0,0,0,3,6,0,9,0,0,0,9
12/24/2015,MKL,TN,ASO,CE,Federal Contract Tower,0,0,5,0,5,0,0,21,0,21,0,0,26,0,26,28,0,28,54
12/25/2015,MKL,TN,ASO,CE,Federal Contract Tower,0,3,0,0,3,0,0,0,0,0,0,3,0,0,3,0,0,0,3
12/26/2015,MKL,TN,ASO,CE,Federal Contract Tower,0,2,4,0,6,0,1,7,0,8,0,3,11,0,14,2,0,2,16
12/27/2015,MKL,TN,ASO,CE,Federal Contract Tower,0,3,10,0,13,0,0,0,0,0,0,3,10,0,13,0,0,0,13
12/28/2015,MKL,TN,ASO,CE,Federal Contract Tower,0,3,3,0,6,0,0,2,0,2,0,3,5,0,8,0,0,0,8
12/29/2015,MKL,TN,ASO,CE,Federal Contract Tower,0,10,16,0,26,0,0,21,0,21,0,10,37,0,47,14,0,14,61
12/30/2015,MKL,TN,ASO,CE,Federal Contract Tower,0,4,8,0,12,0,0,6,0,6,0,4,14,0,18,20,0,20,38
12/31/2015,MKL,TN,ASO,CE,Federal Contract Tower,0,7,9,0,16,0,4,16,0,20,0,11,25,0,36,8,0,8,44
01/01/2016,MKL,TN,ASO,CE,Federal Contract Tower,0,5,12,0,17,0,0,14,0,14,0,5,26,0,31,10,0,10,41
01/02/2016,MKL,TN,ASO,CE,Federal Contract Tower,0,9,13,0,22,0,1,17,0,18,0,10,30,0,40,14,0,14,54
01/03/2016,MKL,TN,ASO,CE,Federal Contract Tower,0,3,10,0,13,0,0,17,0,17,0,3,27,0,30,0,0,0,30
01/04/2016,MKL,TN,ASO,CE,Federal Contract Tower,0,5,7,0,12,0,0,9,0,9,0,5,16,0,21,0,0,0,21
01/05/2016,MKL,TN,ASO,CE,Federal Contract Tower,0,7,18,0,25,0,0,23,2,25,0,7,41,2,50,12,0,12,62
01/06/2016,MKL,TN,ASO,CE,Federal Contract Tower,0,5,10,0,15,0,0,15,0,15,0,5,25,0,30,2,0,2,32
01/07/2016,MKL,TN,ASO,CE,Federal Contract Tower,0,5,9,0,14,0,0,12,7,19,0,5,21,7,33,8,18,26,59
01/08/2016,MKL,TN,ASO,CE,Federal Contract Tower,0,5,12,1,18,0,1,19,5,25,0,6,31,6,43,0,26,26,69
01/09/2016,MKL,TN,ASO,CE,Federal Contract Tower,0,5,3,0,8,0,0,1,0,1,0,5,4,0,9,0,0,0,9
01/10/2016,MKL,TN,ASO,CE,Federal Contract Tower,0,3,9,0,12,0,0,12,8,20,0,3,21,8,32,2,0,2,34
01/11/2016,MKL,TN,ASO,CE,Federal Contract Tower,0,6,7,0,13,0,0,14,0,14,0,6,21,0,27,0,0,0,27
01/12/2016,MKL,TN,ASO,CE,Federal Contract Tower,0,7,12,0,19,0,0,21,0,21,0,7,33,0,40,2,0,2,42
01/13/2016,MKL,TN,ASO,CE,Federal Contract Tower,0,4,12,3,19,0,0,28,9,37,0,4,40,12,56,2,0,2,58
01/14/2016,MKL,TN,ASO,CE,Federal Contract Tower,0,3,14,1,18,0,0,27,9,36,0,3,41,10,54,10,38,48,102
01/15/2016,MKL,TN,ASO,CE,Federal Contract Tower,0,4,13,1,18,0,0,10,2,12,0,4,23,3,30,0,4,4,34
01/16/2016,MKL,TN,ASO,CE,Federal Contract Tower,0,3,9,1,13,0,2,40,7,49,0,5,49,8,62,0,0,0,62
01/17/2016,MKL,TN,ASO,CE,Federal Contract Tower,0,3,6,0,9,0,0,28,0,28,0,3,34,0,37,12,0,12,49
01/18/2016,MKL,TN,ASO,CE,Federal Contract Tower,0,5,7,0,12,0,0,21,2,23,0,5,28,2,35,0,0,0,35
01/19/2016,MKL,TN,ASO,CE,Federal Contract Tower,0,5,13,3,21,0,0,18,6,24,0,5,31,9,45,2,12,14,59
01/20/2016,MKL,TN,ASO,CE,Federal Contract Tower,0,4,7,0,11,0,0,0,0,0,0,4,7,0,11,0,0,0,11
01/21/2016,MKL,TN,ASO,CE,Federal Contract Tower,0,5,7,0,12,0,0,0,0,0,0,5,7,0,12,0,0,0,12
01/22/2016,MKL,TN,ASO,CE,Federal Contract Tower,0,2,0,0,2,0,0,0,0,0,0,2,0,0,2,0,0,0,2
01/23/2016,MKL,TN,ASO,CE,Federal Contract Tower,0,2,6,0,8,0,0,9,2,11,0,2,15,2,19,8,0,8,27
01/24/2016,MKL,TN,ASO,CE,Federal Contract Tower,0,3,10,0,13,0,0,18,0,18,0,3,28,0,31,8,0,8,39
01/25/2016,MKL,TN,ASO,CE,Federal Contract Tower,0,7,7,0,14,0,0,9,0,9,0,7,16,0,23,0,0,0,23
01/26/2016,MKL,TN,ASO,CE,Federal Contract Tower,0,5,11,2,18,0,0,13,2,15,0,5,24,4,33,0,8,8,41
01/27/2016,MKL,TN,ASO,CE,Federal Contract Tower,0,12,14,0,26,0,0,19,8,27,0,12,33,8,53,4,8,12,65
01/28/2016,MKL,TN,ASO,CE,Federal Contract Tower,0,5,11,0,16,0,0,22,7,29,0,5,33,7,45,0,4,4,49
01/29/2016,MKL,TN,ASO,CE,Federal Contract Tower,0,6,8,3,17,0,0,35,2,37,0,6,43,5,54,12,0,12,66
01/30/2016,MKL,TN,ASO,CE,Federal Contract Tower,0,2,7,0,9,0,0,11,3,14,0,2,18,3,23,10,0,10,33
01/31/2016,MKL,TN,ASO,CE,Federal Contract Tower,0,5,4,1,10,0,0,2,0,2,0,5,6,1,12,0,0,0,12
02/01/2016,MKL,TN,ASO,CE,Federal Contract Tower,0,5,12,1,18,0,0,1,2,3,0,5,13,3,21,0,6,6,27
02/02/2016,MKL,TN,ASO,CE,Federal Contract Tower,0,3,1,0,4,0,0,0,0,0,0,3,1,0,4,0,0,0,4
02/03/2016,MKL,TN,ASO,CE,Federal Contract Tower,0,5,11,0,16,0,15,11,0,26,0,20,22,0,42,4,0,4,46
02/04/2016,MKL,TN,ASO,CE,Federal Contract Tower,0,4,9,0,13,0,0,11,8,19,0,4,20,8,32,18,54,72,104
02/05/2016,MKL,TN,ASO,CE,Federal Contract Tower,0,4,15,2,21,0,0,29,5,34,0,4,44,7,55,4,0,4,59
02/06/2016,MKL,TN,ASO,CE,Federal Contract Tower,0,2,7,0,9,0,2,28,2,32,0,4,35,2,41,12,0,12,53
02/07/2016,MKL,TN,ASO,CE,Federal Contract Tower,0,2,3,0,5,0,0,25,4,29,0,2,28,4,34,14,0,14,48
02/08/2016,MKL,TN,ASO,CE,Federal Contract Tower,0,5,8,0,13,0,0,2,2,4,0,5,10,2,17,0,0,0,17
02/09/2016,MKL,TN,ASO,CE,Federal Contract Tower,0,7,5,0,12,0,0,2,0,2,0,7,7,0,14,0,0,0,14
02/10/2016,MKL,TN,ASO,CE,Federal Contract Tower,0,5,17,0,22,0,0,25,9,34,0,5,42,9,56,4,4,8,64
02/11/2016,MKL,TN,ASO,CE,Federal Contract Tower,0,5,5,3,13,0,0,14,13,27,0,5,19,16,40,2,60,62,102
02/12/2016,MKL,TN,ASO,CE,Federal Contract Tower,0,4,14,0,18,0,0,23,2,25,0,4,37,2,43,4,18,22,65
02/13/2016,MKL,TN,ASO,CE,Federal Contract Tower,0,2,4,0,6,0,0,11,0,11,0,2,15,0,17,4,0,4,21
02/14/2016,MKL,TN,ASO,CE,Federal Contract Tower,0,2,2,0,4,0,0,2,0,2,0,2,4,0,6,0,0,0,6
02/15/2016,MKL,TN,ASO,CE,Federal Contract Tower,0,3,4,0,7,0,0,0,0,0,0,3,4,0,7,0,0,0,7
02/16/2016,MKL,TN,ASO,CE,Federal Contract Tower,0,2,16,0,18,0,0,2,0,2,0,2,18,0,20,0,0,0,20
02/17/2016,MKL,TN,ASO,CE,Federal Contract Tower,0,5,9,4,18,0,0,13,4,17,0,5,22,8,35,0,8,8,43
02/18/2016,MKL,TN,ASO,CE,Federal Contract Tower,0,5,16,0,21,0,0,22,16,38,0,5,38,16,59,4,32,36,95
02/19/2016,MKL,TN,ASO,CE,Federal Contract Tower,0,4,7,0,11,0,0,21,6,27,0,4,28,6,38,2,0,2,40
02/20/2016,MKL,TN,ASO,CE,Federal Contract Tower,0,2,9,5,16,0,0,18,8,26,0,2,27,13,42,30,32,62,104
02/21/2016,MKL,TN,ASO,CE,Federal Contract Tower,0,3,12,0,15,0,0,3,0,3,0,3,15,0,18,0,0,0,18
02/22/2016,MKL,TN,ASO,CE,Federal Contract Tower,0,5,14,0,19,0,0,8,0,8,0,5,22,0,27,2,0,2,29
02/23/2016,MKL,TN,ASO,CE,Federal Contract Tower,0,5,10,2,17,0,0,0,2,2,0,5,10,4,19,10,0,10,29
02/24/2016,MKL,TN,ASO,CE,Federal Contract Tower,0,3,8,0,11,0,0,0,2,2,0,3,8,2,13,0,0,0,13
02/25/2016,MKL,TN,ASO,CE,Federal Contract Tower,0,2,14,2,18,0,0,13,9,22,0,2,27,11,40,0,44,44,84
02/26/2016,MKL,TN,ASO,CE,Federal Contract Tower,0,4,25,2,31,0,0,36,10,46,0,4,61,12,77,12,0,12,89
02/27/2016,MKL,TN,ASO,CE,Federal Contract Tower,0,2,14,0,16,0,0,26,0,26,0,2,40,0,42,12,0,12,54
02/28/2016,MKL,TN,ASO,CE,Federal Contract Tower,0,3,10,0,13,0,0,19,0,19,0,3,29,0,32,26,0,26,58
02/29/2016,MKL,TN,ASO,CE,Federal Contract Tower,0,9,3,5,17,0,0,23,5,28,0,9,26,10,45,10,20,30,75
03/01/2016,MKL,TN,ASO,CE,Federal Contract Tower,0,5,6,2,13,0,0,1,0,1,0,5,7,2,14,0,0,0,14
03/02/2016,MKL,TN,ASO,CE,Federal Contract Tower,0,9,15,2,26,0,0,19,2,21,0,9,34,4,47,8,0,8,55
03/03/2016,MKL,TN,ASO,CE,Federal Contract Tower,0,7,12,2,21,0,0,3,8,11,0,7,15,10,32,8,32,40,72
03/04/2016,MKL,TN,ASO,CE,Federal Contract Tower,0,2,12,2,16,0,0,9,0,9,0,2,21,2,25,20,0,20,45
03/05/2016,MKL,TN,ASO,CE,Federal Contract Tower,0,2,5,3,10,0,0,18,6,24,0,2,23,9,34,8,4,12,46
03/06/2016,MKL,TN,ASO,CE,Federal Contract Tower,0,6,20,2,28,0,0,27,2,29,0,6,47,4,57,8,16,24,81
03/07/2016,MKL,TN,ASO,CE,Federal Contract Tower,0,4,15,0,19,0,0,11,0,11,0,4,26,0,30,4,0,4,34
03/08/2016,MKL,TN,ASO,CE,Federal Contract Tower,0,2,10,1,13,0,0,14,3,17,0,2,24,4,30,0,0,0,30
03/09/2016,MKL,TN,ASO,CE,Federal Contract Tower,0,5,1,0,6,0,0,0,0,0,0,5,1,0,6,0,0,0,6
03/10/2016,MKL,TN,ASO,CE,Federal Contract Tower,0,5,2,0,7,0,0,0,0,0,0,5,2,0,7,0,0,0,7
03/11/2016,MKL,TN,ASO,CE,Federal Contract Tower,0,4,8,0,12,0,0,0,0,0,0,4,8,0,12,2,0,2,14
03/12/2016,MKL,TN,ASO,CE,Federal Contract Tower,0,4,7,0,11,0,0,1,0,1,0,4,8,0,12,0,0,0,12
03/13/2016,MKL,TN,ASO,CE,Federal Contract Tower,0,3,7,0,10,0,0,3,0,3,0,3,10,0,13,0,0,0,13
03/14/2016,MKL,TN,ASO,CE,Federal Contract Tower,0,5,3,2,10,0,0,6,0,6,0,5,9,2,16,20,0,20,36
03/15/2016,MKL,TN,ASO,CE,Federal Contract Tower,0,5,13,2,20,0,0,12,3,15,0,5,25,5,35,0,0,0,35
03/16/2016,MKL,TN,ASO,CE,Federal Contract Tower,0,5,13,3,21,0,0,35,1,36,0,5,48,4,57,18,28,46,103
03/17/2016,MKL,TN,ASO,CE,Federal Contract Tower,0,4,10,1,15,0,0,10,12,22,0,4,20,13,37,0,12,12,49
03/18/2016,MKL,TN,ASO,CE,Federal Contract Tower,0,7,23,0,30,0,0,22,4,26,0,7,45,4,56,8,2,10,66
03/19/2016,MKL,TN,ASO,CE,Federal Contract Tower,0,2,17,0,19,0,0,4,8,12,0,2,21,8,31,0,0,0,31
03/20/2016,MKL,TN,ASO,CE,Federal Contract Tower,0,3,4,0,7,0,0,5,2,7,0,3,9,2,14,0,0,0,14
03/21/2016,MKL,TN,ASO,CE,Federal Contract Tower,0,7,14,0,21,0,0,28,0,28,0,7,42,0,49,18,0,18,67
03/22/2016,MKL,TN,ASO,CE,Federal Contract Tower,0,4,9,0,13,0,0,12,0,12,0,4,21,0,25,12,0,12,37
03/23/2016,MKL,TN,ASO,CE,Federal Contract Tower,0,5,13,2,20,0,0,12,1,13,0,5,25,3,33,12,0,12,45
03/24/2016,MKL,TN,ASO,CE,Federal Contract Tower,0,7,10,0,17,0,0,4,4,8,0,7,14,4,25,0,0,0,25
03/25/2016,MKL,TN,ASO,CE,Federal Contract Tower,0,3,9,0,12,0,0,20,0,20,0,3,29,0,32,16,0,16,48
03/26/2016,MKL,TN,ASO,CE,Federal Contract Tower,0,1,8,0,9,0,0,41,0,41,0,1,49,0,50,4,0,4,54
03/27/2016,MKL,TN,ASO,CE,Federal Contract Tower,0,3,3,0,6,0,0,2,0,2,0,3,5,0,8,0,0,0,8
03/28/2016,MKL,TN,ASO,CE,Federal Contract Tower,0,10,10,0,20,0,0,6,0,6,0,10,16,0,26,6,0,6,32
03/29/2016,MKL,TN,ASO,CE,Federal Contract Tower,0,6,8,0,14,0,0,25,5,30,0,6,33,5,44,8,0,8,52
03/30/2016,MKL,TN,ASO,CE,Federal Contract Tower,0,5,0,0,5,0,0,4,0,4,0,5,4,0,9,2,0,2,11
03/31/2016,MKL,TN,ASO,CE,Federal Contract Tower,0,7,8,0,15,0,0,2,1,3,0,7,10,1,18,0,14,14,32
04/01/2016,MKL,TN,ASO,CE,Federal Contract Tower,0,5,9,3,17,0,0,13,2,15,0,5,22,5,32,12,0,12,44
04/02/2016,MKL,TN,ASO,CE,Federal Contract Tower,0,2,5,0,7,0,0,14,7,21,0,2,19,7,28,0,0,0,28
04/03/2016,MKL,TN,ASO,CE,Federal Contract Tower,0,3,9,0,12,0,0,33,2,35,0,3,42,2,47,6,0,6,53
04/04/2016,MKL,TN,ASO,CE,Federal Contract Tower,0,6,7,0,13,0,0,17,0,17,0,6,24,0,30,0,0,0,30
04/05/2016,MKL,TN,ASO,CE,Federal Contract Tower,0,9,11,0,20,0,0,19,0,19,0,9,30,0,39,0,0,0,39
04/06/2016,MKL,TN,ASO,CE,Federal Contract Tower,0,5,11,0,16,0,0,0,0,0,0,5,11,0,16,0,0,0,16
04/07/2016,MKL,TN,ASO,CE,Federal Contract Tower,0,10,6,1,17,0,6,28,4,38,0,16,34,5,55,14,0,14,69
04/08/2016,MKL,TN,ASO,CE,Federal Contract Tower,0,5,9,0,14,0,0,8,0,8,0,5,17,0,22,0,0,0,22
04/09/2016,MKL,TN,ASO,CE,Federal Contract Tower,0,4,19,3,26,0,0,21,3,24,0,4,40,6,50,54,0,54,104
04/10/2016,MKL,TN,ASO,CE,Federal Contract Tower,0,3,11,0,14,0,0,10,0,10,0,3,21,0,24,2,14,16,40
04/11/2016,MKL,TN,ASO,CE,Federal Contract Tower,0,5,13,0,18,0,0,0,0,0,0,5,13,0,18,0,0,0,18
04/12/2016,MKL,TN,ASO,CE,Federal Contract Tower,0,5,12,0,17,0,0,18,2,20,0,5,30,2,37,10,0,10,47
04/13/2016,MKL,TN,ASO,CE,Federal Contract Tower,0,4,25,0,29,0,0,35,0,35,0,4,60,0,64,40,0,40,104
04/14/2016,MKL,TN,ASO,CE,Federal Contract Tower,0,6,15,0,21,0,0,1,8,9,0,6,16,8,30,0,8,8,38
04/15/2016,MKL,TN,ASO,CE,Federal Contract Tower,0,4,15,1,20,0,0,12,2,14,0,4,27,3,34,2,0,2,36
04/16/2016,MKL,TN,ASO,CE,Federal Contract Tower,0,1,7,0,8,0,0,34,0,34,0,1,41,0,42,24,0,24,66
04/17/2016,MKL,TN,ASO,CE,Federal Contract Tower,0,3,4,0,7,0,0,21,0,21,0,3,25,0,28,20,0,20,48
04/18/2016,MKL,TN,ASO,CE,Federal Contract Tower,0,4,15,0,19,0,0,19,2,21,0,4,34,2,40,10,0,10,50
04/19/2016,MKL,TN,ASO,CE,Federal Contract Tower,0,5,16,0,21,0,0,20,0,20,0,5,36,0,41,20,0,20,61
04/20/2016,MKL,TN,ASO,CE,Federal Contract Tower,0,6,9,0,15,0,0,9,0,9,0,6,18,0,24,12,0,12,36
04/21/2016,MKL,TN,ASO,CE,Federal Contract Tower,0,5,11,0,16,0,0,4,1,5,0,5,15,1,21,0,0,0,21
04/22/2016,MKL,TN,ASO,CE,Federal Contract Tower,0,4,12,6,22,0,0,10,5,15,0,4,22,11,37,2,20,22,59
04/23/2016,MKL,TN,ASO,CE,Federal Contract Tower,0,1,4,2,7,0,0,14,2,16,0,1,18,4,23,2,2,4,27
04/24/2016,MKL,TN,ASO,CE,Federal Contract Tower,0,3,3,1,7,0,0,18,5,23,0,3,21,6,30,2,8,10,40
04/25/2016,MKL,TN,ASO,CE,Federal Contract Tower,0,3,18,0,21,0,0,24,4,28,0,3,42,4,49,12,36,48,97
04/26/2016,MKL,TN,ASO,CE,Federal Contract Tower,0,6,11,1,18,0,0,19,2,21,0,6,30,3,39,0,10,10,49
04/27/2016,MKL,TN,ASO,CE,Federal Contract Tower,0,5,7,1,13,0,0,9,0,9,0,5,16,1,22,0,2,2,24
04/28/2016,MKL,TN,ASO,CE,Federal Contract Tower,0,5,9,0,14,0,0,14,3,17,0,5,23,3,31,18,18,36,67
04/29/2016,MKL,TN,ASO,CE,Federal Contract Tower,0,5,13,1,19,0,0,16,1,17,0,5,29,2,36,6,0,6,42
04/30/2016,MKL,TN,ASO,CE,Federal Contract Tower,0,2,1,0,3,0,0,2,0,2,0,2,3,0,5,0,0,0,5
05/01/2016,MKL,TN,ASO,CE,Federal Contract Tower,0,3,5,0,8,0,0,5,0,5,0,3,10,0,13,0,0,0,13
05/02/2016,MKL,TN,ASO,CE,Federal Contract Tower,0,5,14,0,19,0,0,0,1,1,0,5,14,1,20,0,0,0,20
05/03/2016,MKL,TN,ASO,CE,Federal Contract Tower,0,5,11,1,17,0,0,16,1,17,0,5,27,2,34,2,2,4,38
05/04/2016,MKL,TN,ASO,CE,Federal Contract Tower,0,4,12,0,16,0,1,8,3,12,0,5,20,3,28,0,0,0,28
05/05/2016,MKL,TN,ASO,CE,Federal Contract Tower,0,5,12,2,19,0,1,19,10,30,0,6,31,12,49,4,18,22,71
05/06/2016,MKL,TN,ASO,CE,Federal Contract Tower,0,7,7,0,14,0,0,16,5,21,0,7,23,5,35,0,0,0,35
05/07/2016,MKL,TN,ASO,CE,Federal Contract Tower,0,1,11,0,12,0,0,21,0,21,0,1,32,0,33,4,0,4,37
05/08/2016,MKL,TN,ASO,CE,Federal Contract Tower,0,3,8,0,11,0,0,8,0,8,0,3,16,0,19,0,0,0,19
05/09/2016,MKL,TN,ASO,CE,Federal Contract Tower,0,5,17,3,25,0,0,8,17,25,0,5,25,20,50,2,30,32,82
05/10/2016,MKL,TN,ASO,CE,Federal Contract Tower,0,5,15,0,20,0,0,11,3,14,0,5,26,3,34,10,2,12,46
05/11/2016,MKL,TN,ASO,CE,Federal Contract Tower,0,5,26,0,31,0,2,25,11,38,0,7,51,11,69,14,54,68,137
05/12/2016,MKL,TN,ASO,CE,Federal Contract Tower,0,7,15,0,22,0,0,1,0,1,0,7,16,0,23,0,0,0,23
05/13/2016,MKL,TN,ASO,CE,Federal Contract Tower,0,4,14,0,18,0,0,42,6,48,0,4,56,6,66,16,0,16,82
05/14/2016,MKL,TN,ASO,CE,Federal Contract Tower,0,2,6,1,9,0,0,14,13,27,0,2,20,14,36,24,0,24,60
05/15/2016,MKL,TN,ASO,CE,Federal Contract Tower,0,3,8,0,11,0,0,22,6,28,0,3,30,6,39,14,0,14,53
05/16/2016,MKL,TN,ASO,CE,Federal Contract Tower,0,5,9,2,16,0,0,3,0,3,0,5,12,2,19,0,0,0,19
05/17/2016,MKL,TN,ASO,CE,Federal Contract Tower,0,5,6,2,13,0,0,12,2,14,0,5,18,4,27,0,22,22,49
05/18/2016,MKL,TN,ASO,CE,Federal Contract Tower,0,4,16,0,20,0,0,6,1,7,0,4,22,1,27,2,26,28,55
05/19/2016,MKL,TN,ASO,CE,Federal Contract Tower,0,9,16,2,27,0,0,18,16,34,0,9,34,18,61,0,20,20,81
05/20/2016,MKL,TN,ASO,CE,Federal Contract Tower,0,4,15,0,19,0,0,11,0,11,0,4,26,0,30,4,0,4,34
05/21/2016,MKL,TN,ASO,CE,Federal Contract Tower,0,2,5,6,13,0,0,14,0,14,0,2,19,6,27,4,0,4,31
05/22/2016,MKL,TN,ASO,CE,Federal Contract Tower,0,3,24,1,28,0,0,35,3,38,0,3,59,4,66,36,2,38,104
05/23/2016,MKL,TN,ASO,CE,Federal Contract Tower,0,5,24,1,30,0,0,28,8,36,0,5,52,9,66,12,16,28,94
05/24/2016,MKL,TN,ASO,CE,Federal Contract Tower,0,6,12,1,19,0,1,13,14,28,0,7,25,15,47,0,22,22,69
05/25/2016,MKL,TN,ASO,CE,Federal Contract Tower,0,4,8,2,14,0,2,4,2,8,0,6,12,4,22,0,28,28,50
05/26/2016,MKL,TN,ASO,CE,Federal Contract Tower,0,5,16,0,21,0,0,16,5,21,0,5,32,5,42,8,8,16,58
05/27/2016,MKL,TN,ASO,CE,Federal Contract Tower,0,4,10,0,14,0,0,14,2,16,0,4,24,2,30,0,20,20,50
05/28/2016,MKL,TN,ASO,CE,Federal Contract Tower,0,2,8,0,10,0,0,20,0,20,0,2,28,0,30,2,0,2,32
05/29/2016,MKL,TN,ASO,CE,Federal Contract Tower,0,3,8,0,11,0,0,23,0,23,0,3,31,0,34,22,0,22,56
05/30/2016,MKL,TN,ASO,CE,Federal Contract Tower,0,5,10,1,16,0,0,16,0,16,0,5,26,1,32,0,0,0,32
05/31/2016,MKL,TN,ASO,CE,Federal Contract Tower,0,4,7,0,11,0,0,21,0,21,0,4,28,0,32,0,0,0,32
06/01/2016,MKL,TN,ASO,CE,Federal Contract Tower,0,7,14,2,23,0,1,10,8,19,0,8,24,10,42,16,0,16,58
06/02/2016,MKL,TN,ASO,CE,Federal Contract Tower,0,4,16,1,21,0,0,7,3,10,0,4,23,4,31,8,2,10,41
06/03/2016,MKL,TN,ASO,CE,Federal Contract Tower,0,5,10,4,19,0,0,17,14,31,0,5,27,18,50,16,0,16,66
06/04/2016,MKL,TN,ASO,CE,Federal Contract Tower,0,2,6,4,12,0,0,2,0,2,0,2,8,4,14,4,2,6,20
06/05/2016,MKL,TN,ASO,CE,Federal Contract Tower,0,3,12,10,25,0,0,13,11,24,0,3,25,21,49,2,30,32,81
06/06/2016,MKL,TN,ASO,CE,Federal Contract Tower,0,3,11,2,16,0,1,15,2,18,0,4,26,4,34,2,6,8,42
06/07/2016,MKL,TN,ASO,CE,Federal Contract Tower,0,8,20,2,30,0,0,22,6,28,0,8,42,8,58,4,18,22,80
06/08/2016,MKL,TN,ASO,CE,Federal Contract Tower,0,8,19,4,31,0,0,70,13,83,0,8,89,17,114,30,24,54,168
06/09/2016,MKL,TN,ASO,CE,Federal Contract Tower,0,6,8,2,16,0,0,101,7,108,0,6,109,9,124,2,2,4,128
06/10/2016,MKL,TN,ASO,CE,Federal Contract Tower,0,5,5,2,12,0,0,12,6,18,0,5,17,8,30,1,0,1,31
06/11/2016,MKL,TN,ASO,CE,Federal Contract Tower,0,1,9,0,10,0,0,16,2,18,0,1,25,2,28,4,0,4,32
06/12/2016,MKL,TN,ASO,CE,Federal Contract Tower,0,3,11,0,14,0,0,8,7,15,0,3,19,7,29,4,0,4,33
06/13/2016,MKL,TN,ASO,CE,Federal Contract Tower,0,5,5,0,10,0,0,11,1,12,0,5,16,1,22,0,0,0,22
06/14/2016,MKL,TN,ASO,CE,Federal Contract Tower,0,5,16,2,23,0,0,14,8,22,0,5,30,10,45,10,0,10,55
06/15/2016,MKL,TN,ASO,CE,Federal Contract Tower,0,5,12,6,23,0,0,8,8,16,0,5,20,14,39,8,0,8,47
06/16/2016,MKL,TN,ASO,CE,Federal Contract Tower,0,3,12,0,15,0,2,69,4,75,0,5,81,4,90,8,2,10,100
06/17/2016,MKL,TN,ASO,CE,Federal Contract Tower,0,4,12,0,16,0,0,12,10,22,0,4,24,10,38,0,0,0,38
06/18/2016,MKL,TN,ASO,CE,Federal Contract Tower,0,2,3,0,5,0,0,17,0,17,0,2,20,0,22,8,0,8,30
06/19/2016,MKL,TN,ASO,CE,Federal Contract Tower,0,2,5,1,8,0,0,17,1,18,0,2,22,2,26,16,2,18,44
06/20/2016,MKL,TN,ASO,CE,Federal Contract Tower,0,5,12,3,20,0,0,8,8,16,0,5,20,11,36,4,10,14,50
06/21/2016,MKL,TN,ASO,CE,Federal Contract Tower,0,4,10,0,14,0,0,15,1,16,0,4,25,1,30,8,2,10,40
06/22/2016,MKL,TN,ASO,CE,Federal Contract Tower,0,6,17,0,23,0,0,39,6,45,0,6,56,6,68,20,0,20,88
06/23/2016,MKL,TN,ASO,CE,Federal Contract Tower,0,4,8,0,12,0,0,19,2,21,0,4,27,2,33,0,0,0,33
06/24/2016,MKL,TN,ASO,CE,Federal Contract Tower,0,5,12,0,17,0,0,13,2,15,0,5,25,2,32,6,0,6,38
06/25/2016,MKL,TN,ASO,CE,Federal Contract Tower,0,2,8,0,10,0,0,5,0,5,0,2,13,0,15,8,0,8,23
06/26/2016,MKL,TN,ASO,CE,Federal Contract Tower,0,3,11,0,14,0,0,9,1,10,0,3,20,1,24,2,0,2,26
06/27/2016,MKL,TN,ASO,CE,Federal Contract Tower,0,4,7,0,11,0,0,7,1,8,0,4,14,1,19,0,0,0,19
06/28/2016,MKL,TN,ASO,CE,Federal Contract Tower,0,5,8,5,18,0,0,13,6,19,0,5,21,11,37,16,0,16,53
06/29/2016,MKL,TN,ASO,CE,Federal Contract Tower,0,5,13,0,18,0,0,18,7,25,0,5,31,7,43,2,2,4,47
06/30/2016,MKL,TN,ASO,CE,Federal Contract Tower,0,6,12,0,18,0,0,34,6,40,0,6,46,6,58,18,0,18,76
07/01/2016,MKL,TN,ASO,CE,Federal Contract Tower,0,6,19,0,25,0,0,23,5,28,0,6,42,5,53,28,0,28,81
07/02/2016,MKL,TN,ASO,CE,Federal Contract Tower,0,2,2,0,4,0,2,13,0,15,0,4,15,0,19,0,0,0,19
07/03/2016,MKL,TN,ASO,CE,Federal Contract Tower,0,3,7,0,10,0,0,7,0,7,0,3,14,0,17,10,0,10,27
07/04/2016,MKL,TN,ASO,CE,Federal Contract Tower,0,5,9,0,14,0,0,5,0,5,0,5,14,0,19,0,0,0,19
07/05/2016,MKL,TN,ASO,CE,Federal Contract Tower,0,4,6,0,10,0,0,6,0,6,0,4,12,0,16,0,0,0,16
07/06/2016,MKL,TN,ASO,CE,Federal Contract Tower,0,0,5,16,21,0,0,11,4,15,0,0,16,20,36,0,16,16,52
07/07/2016,MKL,TN,ASO,CE,Federal Contract Tower,0,4,11,1,16,0,0,23,7,30,0,4,34,8,46,20,20,40,86
07/08/2016,MKL,TN,ASO,CE,Federal Contract Tower,0,4,8,3,15,0,0,24,1,25,0,4,32,4,40,20,0,20,60
07/09/2016,MKL,TN,ASO,CE,Federal Contract Tower,0,2,7,0,9,0,2,15,8,25,0,4,22,8,34,0,0,0,34
07/10/2016,MKL,TN,ASO,CE,Federal Contract Tower,0,4,11,0,15,0,0,28,3,31,0,4,39,3,46,14,0,14,60
07/11/2016,MKL,TN,ASO,CE,Federal Contract Tower,0,4,10,0,14,0,0,14,3,17,0,4,24,3,31,0,0,0,31
07/12/2016,MKL,TN,ASO,CE,Federal Contract Tower,0,4,10,2,16,0,0,19,7,26,0,4,29,9,42,4,0,4,46
07/13/2016,MKL,TN,ASO,CE,Federal Contract Tower,0,4,12,0,16,0,0,11,3,14,0,4,23,3,30,0,26,26,56
07/14/2016,MKL,TN,ASO,CE,Federal Contract Tower,0,7,13,0,20,0,0,4,7,11,0,7,17,7,31,2,22,24,55
07/15/2016,MKL,TN,ASO,CE,Federal Contract Tower,0,7,12,0,19,0,0,19,0,19,0,7,31,0,38,14,0,14,52
07/16/2016,MKL,TN,ASO,CE,Federal Contract Tower,0,3,5,0,8,0,2,22,0,24,0,5,27,0,32,0,0,0,32
07/17/2016,MKL,TN,ASO,CE,Federal Contract Tower,0,3,12,0,15,0,0,30,0,30,0,3,42,0,45,12,0,12,57
07/18/2016,MKL,TN,ASO,CE,Federal Contract Tower,0,5,10,2,17,0,1,22,1,24,0,6,32,3,41,5,0,5,46
07/19/2016,MKL,TN,ASO,CE,Federal Contract Tower,0,5,7,1,13,0,0,18,8,26,0,5,25,9,39,16,22,38,77
07/20/2016,MKL,TN,ASO,CE,Federal Contract Tower,0,8,16,2,26,0,0,22,2,24,0,8,38,4,50,14,0,14,64
07/21/2016,MKL,TN,ASO,CE,Federal Contract Tower,0,4,12,1,17,0,0,37,8,45,0,4,49,9,62,20,8,28,90
07/22/2016,MKL,TN,ASO,CE,Federal Contract Tower,0,4,9,0,13,0,0,16,2,18,0,4,25,2,31,0,0,0,31
07/23/2016,MKL,TN,ASO,CE,Federal Contract Tower,0,2,7,3,12,0,0,35,0,35,0,2,42,3,47,16,0,16,63
07/24/2016,MKL,TN,ASO,CE,Federal Contract Tower,0,3,17,2,22,0,0,27,0,27,0,3,44,2,49,6,0,6,55
07/25/2016,MKL,TN,ASO,CE,Federal Contract Tower,0,4,8,0,12,0,0,13,1,14,0,4,21,1,26,10,0,10,36
07/26/2016,MKL,TN,ASO,CE,Federal Contract Tower,0,4,16,2,22,0,0,23,2,25,0,4,39,4,47,6,0,6,53
07/27/2016,MKL,TN,ASO,CE,Federal Contract Tower,0,3,13,2,18,0,0,7,5,12,0,3,20,7,30,4,8,12,42
07/28/2016,MKL,TN,ASO,CE,Federal Contract Tower,0,3,13,2,18,0,0,4,10,14,0,3,17,12,32,4,14,18,50
07/29/2016,MKL,TN,ASO,CE,Federal Contract Tower,0,5,15,2,22,0,0,6,6,12,0,5,21,8,34,2,26,28,62
07/30/2016,MKL,TN,ASO,CE,Federal Contract Tower,0,2,16,0,18,0,0,15,0,15,0,2,31,0,33,4,0,4,37
07/31/2016,MKL,TN,ASO,CE,Federal Contract Tower,0,3,6,1,10,0,0,18,2,20,0,3,24,3,30,4,0,4,34
08/01/2016,MKL,TN,ASO,CE,Federal Contract Tower,0,4,22,2,28,0,0,11,7,18,0,4,33,9,46,0,22,22,68
08/02/2016,MKL,TN,ASO,CE,Federal Contract Tower,0,4,16,0,20,0,0,7,4,11,0,4,23,4,31,6,22,28,59
08/03/2016,MKL,TN,ASO,CE,Federal Contract Tower,0,5,8,0,13,0,0,15,14,29,0,5,23,14,42,0,36,36,78
08/04/2016,MKL,TN,ASO,CE,Federal Contract Tower,0,6,26,0,32,0,0,20,12,32,0,6,46,12,64,2,16,18,82
08/05/2016,MKL,TN,ASO,CE,Federal Contract Tower,0,9,12,0,21,0,2,20,4,26,0,11,32,4,47,4,8,12,59
08/06/2016,MKL,TN,ASO,CE,Federal Contract Tower,0,2,10,0,12,0,0,17,0,17,0,2,27,0,29,4,0,4,33
08/07/2016,MKL,TN,ASO,CE,Federal Contract Tower,0,3,9,0,12,0,0,21,0,21,0,3,30,0,33,4,0,4,37
08/08/2016,MKL,TN,ASO,CE,Federal Contract Tower,0,4,10,1,15,0,0,24,1,25,0,4,34,2,40,10,0,10,50
08/09/2016,MKL,TN,ASO,CE,Federal Contract Tower,0,4,23,0,27,0,1,30,2,33,0,5,53,2,60,6,0,6,66
08/10/2016,MKL,TN,ASO,CE,Federal Contract Tower,0,6,20,0,26,0,0,17,10,27,0,6,37,10,53,2,0,2,55
08/11/2016,MKL,TN,ASO,CE,Federal Contract Tower,0,5,20,2,27,0,0,34,9,43,0,5,54,11,70,8,18,26,96
08/12/2016,MKL,TN,ASO,CE,Federal Contract Tower,0,5,17,6,28,0,0,15,6,21,0,5,32,12,49,8,12,20,69
08/13/2016,MKL,TN,ASO,CE,Federal Contract Tower,0,2,18,3,23,0,0,9,2,11,0,2,27,5,34,0,0,0,34
08/14/2016,MKL,TN,ASO,CE,Federal Contract Tower,0,3,8,0,11,0,0,10,0,10,0,3,18,0,21,20,0,20,41
08/15/2016,MKL,TN,ASO,CE,Federal Contract Tower,0,5,14,2,21,0,0,13,3,16,0,5,27,5,37,2,0,2,39
08/16/2016,MKL,TN,ASO,CE,Federal Contract Tower,0,4,11,0,15,0,0,10,0,10,0,4,21,0,25,0,6,6,31
08/17/2016,MKL,TN,ASO,CE,Federal Contract Tower,0,3,12,0,15,0,0,4,18,22,0,3,16,18,37,0,0,0,37
08/18/2016,MKL,TN,ASO,CE,Federal Contract Tower,0,3,8,2,13,0,0,13,2,15,0,3,21,4,28,2,8,10,38
08/19/2016,MKL,TN,ASO,CE,Federal Contract Tower,0,4,5,0,9,0,0,3,5,8,0,4,8,5,17,0,14,14,31
08/20/2016,MKL,TN,ASO,CE,Federal Contract Tower,0,5,0,0,5,0,1,1,0,2,0,6,1,0,7,0,0,0,7
08/21/2016,MKL,TN,ASO,CE,Federal Contract Tower,0,2,21,0,23,0,0,14,0,14,0,2,35,0,37,8,0,8,45
08/22/2016,MKL,TN,ASO,CE,Federal Contract Tower,0,4,9,0,13,0,0,34,0,34,0,4,43,0,47,0,0,0,47
08/23/2016,MKL,TN,ASO,CE,Federal Contract Tower,0,4,8,2,14,0,0,14,0,14,0,4,22,2,28,4,0,4,32
08/24/2016,MKL,TN,ASO,CE,Federal Contract Tower,0,8,14,0,22,0,0,29,1,30,0,8,43,1,52,0,0,0,52
08/25/2016,MKL,TN,ASO,CE,Federal Contract Tower,0,5,12,0,17,0,2,13,5,20,0,7,25,5,37,4,0,4,41
08/26/2016,MKL,TN,ASO,CE,Federal Contract Tower,0,4,19,1,24,0,2,14,0,16,0,6,33,1,40,2,0,2,42
08/27/2016,MKL,TN,ASO,CE,Federal Contract Tower,0,1,21,0,22,0,0,12,0,12,0,1,33,0,34,2,2,4,38
08/28/2016,MKL,TN,ASO,CE,Federal Contract Tower,0,3,15,0,18,0,0,32,1,33,0,3,47,1,51,24,0,24,75
08/29/2016,MKL,TN,ASO,CE,Federal Contract Tower,0,5,12,0,17,0,0,24,4,28,0,5,36,4,45,10,0,10,55
08/30/2016,MKL,TN,ASO,CE,Federal Contract Tower,0,6,10,0,16,0,0,24,4,28,0,6,34,4,44,8,0,8,52
08/31/2016,MKL,TN,ASO,CE,Federal Contract Tower,0,4,9,0,13,0,0,17,1,18,0,4,26,1,31,0,0,0,31
09/01/2016,MKL,TN,ASO,CE,Federal Contract Tower,0,6,8,3,17,0,0,7,0,7,0,6,15,3,24,0,2,2,26
09/02/2016,MKL,TN,ASO,CE,Federal Contract Tower,0,5,12,0,17,0,0,32,2,34,0,5,44,2,51,26,0,26,77
09/03/2016,MKL,TN,ASO,CE,Federal Contract Tower,0,2,7,0,9,0,0,15,0,15,0,2,22,0,24,0,0,0,24
09/04/2016,MKL,TN,ASO,CE,Federal Contract Tower,0,3,7,0,10,0,0,4,0,4,0,3,11,0,14,4,0,4,18
09/05/2016,MKL,TN,ASO,CE,Federal Contract Tower,0,6,7,0,13,0,0,13,0,13,0,6,20,0,26,2,0,2,28
09/06/2016,MKL,TN,ASO,CE,Federal Contract Tower,0,3,14,0,17,0,0,7,4,11,0,3,21,4,28,2,0,2,30
09/07/2016,MKL,TN,ASO,CE,Federal Contract Tower,0,4,11,1,16,0,0,11,6,17,0,4,22,7,33,6,11,17,50
09/08/2016,MKL,TN,ASO,CE,Federal Contract Tower,0,4,27,0,31,0,0,22,4,26,0,4,49,4,57,2,0,2,59
09/09/2016,MKL,TN,ASO,CE,Federal Contract Tower,0,9,14,0,23,0,0,24,2,26,0,9,38,2,49,4,8,12,61
09/10/2016,MKL,TN,ASO,CE,Federal Contract Tower,0,2,8,0,10,0,0,10,2,12,0,2,18,2,22,2,0,2,24
09/11/2016,MKL,TN,ASO,CE,Federal Contract Tower,0,3,16,0,19,0,13,3,0,16,0,16,19,0,35,4,0,4,39
09/12/2016,MKL,TN,ASO,CE,Federal Contract Tower,0,5,11,1,17,0,0,8,1,9,0,5,19,2,26,0,18,18,44
09/13/2016,MKL,TN,ASO,CE,Federal Contract Tower,0,4,14,1,19,0,0,16,1,17,0,4,30,2,36,0,0,0,36
09/14/2016,MKL,TN,ASO,CE,Federal Contract Tower,0,5,8,2,15,0,0,9,3,12,0,5,17,5,27,0,0,0,27
09/15/2016,MKL,TN,ASO,CE,Federal Contract Tower,0,5,17,4,26,0,0,25,1,26,0,5,42,5,52,0,0,0,52
09/16/2016,MKL,TN,ASO,CE,Federal Contract Tower,0,6,16,0,22,0,0,17,0,17,0,6,33,0,39,2,0,2,41
09/17/2016,MKL,TN,ASO,CE,Federal Contract Tower,0,4,7,0,11,0,0,9,0,9,0,4,16,0,20,2,0,2,22
09/18/2016,MKL,TN,ASO,CE,Federal Contract Tower,0,3,14,0,17,0,0,6,0,6,0,3,20,0,23,4,0,4,27
09/19/2016,MKL,TN,ASO,CE,Federal Contract Tower,0,6,17,0,23,0,0,22,0,22,0,6,39,0,45,2,0,2,47
09/20/2016,MKL,TN,ASO,CE,Federal Contract Tower,0,4,22,0,26,0,0,16,3,19,0,4,38,3,45,6,0,6,51
09/21/2016,MKL,TN,ASO,CE,Federal Contract Tower,0,4,11,0,15,0,1,19,4,24,0,5,30,4,39,18,0,18,57
09/22/2016,MKL,TN,ASO,CE,Federal Contract Tower,0,4,22,0,26,0,0,11,2,13,0,4,33,2,39,0,4,4,43
09/23/2016,MKL,TN,ASO,CE,Federal Contract Tower,0,4,17,0,21,0,0,12,1,13,0,4,29,1,34,0,0,0,34
09/24/2016,MKL,TN,ASO,CE,Federal Contract Tower,0,2,9,0,11,0,0,15,3,18,0,2,24,3,29,2,0,2,31
09/25/2016,MKL,TN,ASO,CE,Federal Contract Tower,0,2,15,0,17,0,0,18,0,18,0,2,33,0,35,2,0,2,37
09/26/2016,MKL,TN,ASO,CE,Federal Contract Tower,0,5,10,0,15,0,0,7,7,14,0,5,17,7,29,0,0,0,29
09/27/2016,MKL,TN,ASO,CE,Federal Contract Tower,0,4,9,0,13,0,0,23,1,24,0,4,32,1,37,0,0,0,37
09/28/2016,MKL,TN,ASO,CE,Federal Contract Tower,0,4,16,0,20,0,2,16,1,19,0,6,32,1,39,0,0,0,39
09/29/2016,MKL,TN,ASO,CE,Federal Contract Tower,0,4,13,0,17,0,0,24,0,24,0,4,37,0,41,0,0,0,41
09/30/2016,MKL,TN,ASO,CE,Federal Contract Tower,0,3,10,0,13,0,0,8,0,8,0,3,18,0,21,0,0,0,21
10/01/2016,MKL,TN,ASO,CE,Federal Contract Tower,0,2,8,0,10,0,0,33,3,36,0,2,41,3,46,2,0,2,48
10/02/2016,MKL,TN,ASO,CE,Federal Contract Tower,0,3,10,0,13,0,0,11,0,11,0,3,21,0,24,0,0,0,24
10/03/2016,MKL,TN,ASO,CE,Federal Contract Tower,0,4,13,0,17,0,0,14,0,14,0,4,27,0,31,0,0,0,31
10/04/2016,MKL,TN,ASO,CE,Federal Contract Tower,0,5,9,0,14,0,0,19,0,19,0,5,28,0,33,6,0,6,39
10/05/2016,MKL,TN,ASO,CE,Federal Contract Tower,0,13,21,0,34,0,1,32,2,35,0,14,53,2,69,0,0,0,69
10/06/2016,MKL,TN,ASO,CE,Federal Contract Tower,0,5,12,0,17,0,0,14,2,16,0,5,26,2,33,8,0,8,41
10/07/2016,MKL,TN,ASO,CE,Federal Contract Tower,0,6,10,0,16,0,0,22,4,26,0,6,32,4,42,2,0,2,44
10/08/2016,MKL,TN,ASO,CE,Federal Contract Tower,0,4,11,0,15,0,0,6,3,9,0,4,17,3,24,4,0,4,28
10/09/2016,MKL,TN,ASO,CE,Federal Contract Tower,0,3,7,0,10,0,0,8,1,9,0,3,15,1,19,2,0,2,21
10/10/2016,MKL,TN,ASO,CE,Federal Contract Tower,0,6,14,0,20,0,0,15,0,15,0,6,29,0,35,0,0,0,35
10/11/2016,MKL,TN,ASO,CE,Federal Contract Tower,0,2,0,0,2,0,0,4,5,9,0,2,4,5,11,0,0,0,11
10/12/2016,MKL,TN,ASO,CE,Federal Contract Tower,0,4,15,0,19,0,0,16,0,16,0,4,31,0,35,10,0,10,45
10/13/2016,MKL,TN,ASO,CE,Federal Contract Tower,0,4,24,0,28,0,0,5,2,7,0,4,29,2,35,0,0,0,35
10/14/2016,MKL,TN,ASO,CE,Federal Contract Tower,0,4,9,0,13,0,0,0,0,0,0,4,9,0,13,0,0,0,13
10/15/2016,MKL,TN,ASO,CE,Federal Contract Tower,0,3,5,0,8,0,0,5,0,5,0,3,10,0,13,0,0,0,13
10/16/2016,MKL,TN,ASO,CE,Federal Contract Tower,0,2,10,5,17,0,0,5,1,6,0,2,15,6,23,0,2,2,25
10/17/2016,MKL,TN,ASO,CE,Federal Contract Tower,0,4,9,0,13,0,0,6,0,6,0,4,15,0,19,16,0,16,35
10/18/2016,MKL,TN,ASO,CE,Federal Contract Tower,0,4,5,3,12,0,0,10,2,12,0,4,15,5,24,6,0,6,30
10/19/2016,MKL,TN,ASO,CE,Federal Contract Tower,0,3,10,1,14,0,0,10,1,11,0,3,20,2,25,28,0,28,53
10/20/2016,MKL,TN,ASO,CE,Federal Contract Tower,0,5,11,0,16,0,0,1,2,3,0,5,12,2,19,0,0,0,19
10/21/2016,MKL,TN,ASO,CE,Federal Contract Tower,0,4,13,3,20,0,0,13,4,17,0,4,26,7,37,8,6,14,51
10/22/2016,MKL,TN,ASO,CE,Federal Contract Tower,0,5,9,0,14,0,0,19,3,22,0,5,28,3,36,2,0,2,38
10/23/2016,MKL,TN,ASO,CE,Federal Contract Tower,0,2,8,2,12,0,2,16,3,21,0,4,24,5,33,32,0,32,65
10/24/2016,MKL,TN,ASO,CE,Federal Contract Tower,0,4,5,0,9,0,0,12,0,12,0,4,17,0,21,20,0,20,41
10/25/2016,MKL,TN,ASO,CE,Federal Contract Tower,0,4,25,0,29,0,0,21,3,24,0,4,46,3,53,20,5,25,78
10/26/2016,MKL,TN,ASO,CE,Federal Contract Tower,0,4,15,0,19,0,0,13,0,13,0,4,28,0,32,4,0,4,36
10/27/2016,MKL,TN,ASO,CE,Federal Contract Tower,0,5,11,1,17,0,0,14,1,15,0,5,25,2,32,6,0,6,38
10/28/2016,MKL,TN,ASO,CE,Federal Contract Tower,0,4,14,0,18,0,0,21,1,22,0,4,35,1,40,10,0,10,50
10/29/2016,MKL,TN,ASO,CE,Federal Contract Tower,0,2,11,0,13,0,0,23,8,31,0,2,34,8,44,12,0,12,56
10/30/2016,MKL,TN,ASO,CE,Federal Contract Tower,0,3,13,0,16,0,0,9,0,9,0,3,22,0,25,6,0,6,31
10/31/2016,MKL,TN,ASO,CE,Federal Contract Tower,0,7,8,0,15,0,0,6,0,6,0,7,14,0,21,0,0,0,21
11/01/2016,MKL,TN,ASO,CE,Federal Contract Tower,0,5,11,1,17,0,0,15,4,19,0,5,26,5,36,6,18,24,60
11/02/2016,MKL,TN,ASO,CE,Federal Contract Tower,0,4,14,3,21,0,0,12,5,17,0,4,26,8,38,0,0,0,38
11/03/2016,MKL,TN,ASO,CE,Federal Contract Tower,0,4,11,0,15,0,0,11,5,16,0,4,22,5,31,0,0,0,31
11/04/2016,MKL,TN,ASO,CE,Federal Contract Tower,0,4,15,0,19,0,0,20,6,26,0,4,35,6,45,2,0,2,47
11/05/2016,MKL,TN,ASO,CE,Federal Contract Tower,0,2,8,0,10,0,0,15,9,24,0,2,23,9,34,12,4,16,50
11/06/2016,MKL,TN,ASO,CE,Federal Contract Tower,0,3,14,4,21,0,0,11,3,14,0,3,25,7,35,2,0,2,37
11/07/2016,MKL,TN,ASO,CE,Federal Contract Tower,0,4,11,0,15,0,0,5,0,5,0,4,16,0,20,0,0,0,20
11/08/2016,MKL,TN,ASO,CE,Federal Contract Tower,0,4,13,2,19,0,0,2,0,2,0,4,15,2,21,0,0,0,21
11/09/2016,MKL,TN,ASO,CE,Federal Contract Tower,0,4,20,0,24,0,0,4,4,8,0,4,24,4,32,11,0,11,43
11/10/2016,MKL,TN,ASO,CE,Federal Contract Tower,0,2,28,2,32,0,0,14,8,22,0,2,42,10,54,6,4,10,64
11/11/2016,MKL,TN,ASO,CE,Federal Contract Tower,0,5,10,0,15,0,0,21,0,21,0,5,31,0,36,8,0,8,44
11/12/2016,MKL,TN,ASO,CE,Federal Contract Tower,0,2,5,0,7,0,0,20,1,21,0,2,25,1,28,8,0,8,36
11/13/2016,MKL,TN,ASO,CE,Federal Contract Tower,0,3,9,0,12,0,0,19,0,19,0,3,28,0,31,0,0,0,31
11/14/2016,MKL,TN,ASO,CE,Federal Contract Tower,0,4,16,0,20,0,0,16,0,16,0,4,32,0,36,6,0,6,42
11/15/2016,MKL,TN,ASO,CE,Federal Contract Tower,0,4,17,0,21,0,0,7,4,11,0,4,24,4,32,0,0,0,32
11/16/2016,MKL,TN,ASO,CE,Federal Contract Tower,0,6,16,0,22,0,0,26,0,26,0,6,42,0,48,31,15,46,94
11/17/2016,MKL,TN,ASO,CE,Federal Contract Tower,0,4,18,0,22,0,0,18,8,26,0,4,36,8,48,10,8,18,66
11/18/2016,MKL,TN,ASO,CE,Federal Contract Tower,0,5,4,0,9,0,0,12,2,14,0,5,16,2,23,0,0,0,23
11/19/2016,MKL,TN,ASO,CE,Federal Contract Tower,0,2,3,0,5,0,0,6,0,6,0,2,9,0,11,10,0,10,21
11/20/2016,MKL,TN,ASO,CE,Federal Contract Tower,0,3,10,0,13,0,0,26,4,30,0,3,36,4,43,4,0,4,47
11/21/2016,MKL,TN,ASO,CE,Federal Contract Tower,0,5,10,0,15,0,0,15,0,15,0,5,25,0,30,2,0,2,32
11/22/2016,MKL,TN,ASO,CE,Federal Contract Tower,0,4,8,0,12,0,0,17,0,17,0,4,25,0,29,10,0,10,39
11/23/2016,MKL,TN,ASO,CE,Federal Contract Tower,0,4,14,0,18,0,0,0,0,0,0,4,14,0,18,0,0,0,18
11/24/2016,MKL,TN,ASO,CE,Federal Contract Tower,0,4,0,0,4,0,0,0,0,0,0,4,0,0,4,0,0,0,4
11/25/2016,MKL,TN,ASO,CE,Federal Contract Tower,0,4,9,0,13,0,0,7,0,7,0,4,16,0,20,8,0,8,28
11/26/2016,MKL,TN,ASO,CE,Federal Contract Tower,0,2,8,0,10,0,0,26,0,26,0,2,34,0,36,6,0,6,42
11/27/2016,MKL,TN,ASO,CE,Federal Contract Tower,0,3,12,0,15,0,0,8,0,8,0,3,20,0,23,4,0,4,27
11/28/2016,MKL,TN,ASO,CE,Federal Contract Tower,0,4,8,0,12,0,0,1,0,1,0,4,9,0,13,0,0,0,13
11/29/2016,MKL,TN,ASO,CE,Federal Contract Tower,0,10,13,0,23,0,0,18,2,20,0,10,31,2,43,0,7,7,50
11/30/2016,MKL,TN,ASO,CE,Federal Contract Tower,0,12,12,0,24,0,0,14,2,16,0,12,26,2,40,0,8,8,48
12/01/2016,MKL,TN,ASO,CE,Federal Contract Tower,0,5,13,3,21,0,0,16,8,24,0,5,29,11,45,2,16,18,63
12/02/2016,MKL,TN,ASO,CE,Federal Contract Tower,0,4,24,0,28,0,0,27,2,29,0,4,51,2,57,24,4,28,85
12/03/2016,MKL,TN,ASO,CE,Federal Contract Tower,0,2,21,0,23,0,0,7,0,7,0,2,28,0,30,24,0,24,54
12/04/2016,MKL,TN,ASO,CE,Federal Contract Tower,0,2,10,0,12,0,0,0,0,0,0,2,10,0,12,0,0,0,12
12/05/2016,MKL,TN,ASO,CE,Federal Contract Tower,0,10,8,0,18,0,0,2,0,2,0,10,10,0,20,0,0,0,20
12/06/2016,MKL,TN,ASO,CE,Federal Contract Tower,0,4,8,0,12,0,0,4,0,4,0,4,12,0,16,0,0,0,16
12/07/2016,MKL,TN,ASO,CE,Federal Contract Tower,0,6,25,0,31,0,0,14,0,14,0,6,39,0,45,12,0,12,57
12/08/2016,MKL,TN,ASO,CE,Federal Contract Tower,0,4,13,2,19,0,0,19,5,24,0,4,32,7,43,12,40,52,95
12/09/2016,MKL,TN,ASO,CE,Federal Contract Tower,0,4,14,2,20,0,0,21,4,25,0,4,35,6,45,18,12,30,75
12/10/2016,MKL,TN,ASO,CE,Federal Contract Tower,0,2,13,0,15,0,0,19,0,19,0,2,32,0,34,6,0,6,40
12/11/2016,MKL,TN,ASO,CE,Federal Contract Tower,0,6,5,0,11,0,0,2,0,2,0,6,7,0,13,6,0,6,19
12/12/2016,MKL,TN,ASO,CE,Federal Contract Tower,0,5,17,1,23,0,0,4,1,5,0,5,21,2,28,0,0,0,28
12/13/2016,MKL,TN,ASO,CE,Federal Contract Tower,0,4,7,0,11,0,0,1,0,1,0,4,8,0,12,0,0,0,12
12/14/2016,MKL,TN,ASO,CE,Federal Contract Tower,0,4,18,2,24,0,0,2,0,2,0,4,20,2,26,0,0,0,26
12/15/2016,MKL,TN,ASO,CE,Federal Contract Tower,0,8,7,4,19,0,2,24,18,44,0,10,31,22,63,0,20,20,83
12/16/2016,MKL,TN,ASO,CE,Federal Contract Tower,0,6,20,0,26,0,0,14,0,14,0,6,34,0,40,18,0,18,58
12/17/2016,MKL,TN,ASO,CE,Federal Contract Tower,0,2,3,0,5,0,0,0,2,2,0,2,3,2,7,0,2,2,9
12/18/2016,MKL,TN,ASO,CE,Federal Contract Tower,0,6,1,0,7,0,0,1,0,1,0,6,2,0,8,0,0,0,8
12/19/2016,MKL,TN,ASO,CE,Federal Contract Tower,0,4,11,2,17,0,16,8,2,26,0,20,19,4,43,4,0,4,47
12/20/2016,MKL,TN,ASO,CE,Federal Contract Tower,0,6,9,0,15,0,0,3,0,3,0,6,12,0,18,0,0,0,18
12/21/2016,MKL,TN,ASO,CE,Federal Contract Tower,0,4,15,0,19,0,0,20,0,20,0,4,35,0,39,8,0,8,47
12/22/2016,MKL,TN,ASO,CE,Federal Contract Tower,0,6,21,4,31,0,0,25,8,33,0,6,46,12,64,6,14,20,84
12/23/2016,MKL,TN,ASO,CE,Federal Contract Tower,0,4,10,0,14,0,0,25,0,25,0,4,35,0,39,28,0,28,67
12/24/2016,MKL,TN,ASO,CE,Federal Contract Tower,0,4,1,0,5,0,0,0,0,0,0,4,1,0,5,0,0,0,5
12/25/2016,MKL,TN,ASO,CE,Federal Contract Tower,0,5,5,0,10,0,0,1,0,1,0,5,6,0,11,0,0,0,11
12/26/2016,MKL,TN,ASO,CE,Federal Contract Tower,0,8,10,0,18,0,0,0,0,0,0,8,10,0,18,0,0,0,18
12/27/2016,MKL,TN,ASO,CE,Federal Contract Tower,0,7,3,0,10,0,0,10,0,10,0,7,13,0,20,0,0,0,20
12/28/2016,MKL,TN,ASO,CE,Federal Contract Tower,0,6,7,0,13,0,0,4,0,4,0,6,11,0,17,0,0,0,17
12/29/2016,MKL,TN,ASO,CE,Federal Contract Tower,0,5,7,0,12,0,1,3,0,4,0,6,10,0,16,2,0,2,18
12/30/2016,MKL,TN,ASO,CE,Federal Contract Tower,0,10,14,0,24,0,0,25,0,25,0,10,39,0,49,8,0,8,57
12/31/2016,MKL,TN,ASO,CE,Federal Contract Tower,0,2,4,0,6,0,0,1,0,1,0,2,5,0,7,0,0,0,7
01/01/2017,MKL,TN,ASO,CE,Federal Contract Tower,0,3,3,0,6,0,0,0,0,0,0,3,3,0,6,0,0,0,6
01/02/2017,MKL,TN,ASO,CE,Federal Contract Tower,0,2,3,0,5,0,0,1,0,1,0,2,4,0,6,0,0,0,6
01/03/2017,MKL,TN,ASO,CE,Federal Contract Tower,0,6,17,0,23,0,0,0,0,0,0,6,17,0,23,2,0,2,25
01/04/2017,MKL,TN,ASO,CE,Federal Contract Tower,0,5,18,2,25,0,0,20,6,26,0,5,38,8,51,6,14,20,71
01/05/2017,MKL,TN,ASO,CE,Federal Contract Tower,0,5,7,4,16,0,1,4,9,14,0,6,11,13,30,0,36,36,66
01/06/2017,MKL,TN,ASO,CE,Federal Contract Tower,0,4,1,0,5,0,0,2,0,2,0,4,3,0,7,0,0,0,7
01/07/2017,MKL,TN,ASO,CE,Federal Contract Tower,0,2,1,1,4,0,0,7,5,12,0,2,8,6,16,8,2,10,26
01/08/2017,MKL,TN,ASO,CE,Federal Contract Tower,0,3,13,2,18,0,0,18,3,21,0,3,31,5,39,30,2,32,71
01/09/2017,MKL,TN,ASO,CE,Federal Contract Tower,0,4,17,2,23,0,0,25,2,27,0,4,42,4,50,10,0,10,60
01/10/2017,MKL,TN,ASO,CE,Federal Contract Tower,0,6,3,2,11,0,0,2,0,2,0,6,5,2,13,0,0,0,13
01/11/2017,MKL,TN,ASO,CE,Federal Contract Tower,0,4,5,0,9,0,0,1,0,1,0,4,6,0,10,0,12,12,22
01/12/2017,MKL,TN,ASO,CE,Federal Contract Tower,0,4,14,10,28,0,0,1,6,7,0,4,15,16,35,2,64,66,101
01/13/2017,MKL,TN,ASO,CE,Federal Contract Tower,0,0,7,0,7,0,0,0,0,0,0,0,7,0,7,0,0,0,7
01/14/2017,MKL,TN,ASO,CE,Federal Contract Tower,0,0,0,0,0,0,0,0,0,0,0,0,0,0,0,0,0,0,0
01/15/2017,MKL,TN,ASO,CE,Federal Contract Tower,0,3,7,0,10,0,0,0,0,0,0,3,7,0,10,4,0,4,14
01/16/2017,MKL,TN,ASO,CE,Federal Contract Tower,0,4,9,0,13,0,0,2,0,2,0,4,11,0,15,6,0,6,21
01/17/2017,MKL,TN,ASO,CE,Federal Contract Tower,0,4,7,0,11,0,0,16,0,16,0,4,23,0,27,4,0,4,31
01/18/2017,MKL,TN,ASO,CE,Federal Contract Tower,0,4,11,1,16,0,0,12,6,18,0,4,23,7,34,4,0,4,38
01/19/2017,MKL,TN,ASO,CE,Federal Contract Tower,0,3,9,0,12,0,0,1,11,12,0,3,10,11,24,0,66,66,90
01/20/2017,MKL,TN,ASO,CE,Federal Contract Tower,0,3,10,0,13,0,0,12,2,14,0,3,22,2,27,24,0,24,51
01/21/2017,MKL,TN,ASO,CE,Federal Contract Tower,0,2,15,8,25,0,0,28,3,31,0,2,43,11,56,18,10,28,84
01/22/2017,MKL,TN,ASO,CE,Federal Contract Tower,0,3,6,0,9,0,0,1,0,1,0,3,7,0,10,0,0,0,10
01/23/2017,MKL,TN,ASO,CE,Federal Contract Tower,0,4,5,0,9,0,0,9,0,9,0,4,14,0,18,0,0,0,18
01/24/2017,MKL,TN,ASO,CE,Federal Contract Tower,0,5,8,3,16,0,0,13,7,20,0,5,21,10,36,2,8,10,46
01/25/2017,MKL,TN,ASO,CE,Federal Contract Tower,0,8,12,1,21,0,0,15,2,17,0,8,27,3,38,2,2,4,42
01/26/2017,MKL,TN,ASO,CE,Federal Contract Tower,0,4,12,1,17,0,0,12,17,29,0,4,24,18,46,0,0,0,46
01/27/2017,MKL,TN,ASO,CE,Federal Contract Tower,0,4,10,1,15,0,0,23,5,28,0,4,33,6,43,0,0,0,43
01/28/2017,MKL,TN,ASO,CE,Federal Contract Tower,0,2,10,0,12,0,0,13,0,13,0,2,23,0,25,20,0,20,45
01/29/2017,MKL,TN,ASO,CE,Federal Contract Tower,0,3,6,0,9,0,0,11,0,11,0,3,17,0,20,2,0,2,22
01/30/2017,MKL,TN,ASO,CE,Federal Contract Tower,0,4,12,0,16,0,0,17,0,17,0,4,29,0,33,0,0,0,33
01/31/2017,MKL,TN,ASO,CE,Federal Contract Tower,0,6,13,0,19,0,0,22,5,27,0,6,35,5,46,4,0,4,50
02/01/2017,MKL,TN,ASO,CE,Federal Contract Tower,0,4,6,3,13,0,0,7,4,11,0,4,13,7,24,0,6,6,30
02/02/2017,MKL,TN,ASO,CE,Federal Contract Tower,0,3,12,6,21,0,0,15,9,24,0,3,27,15,45,10,44,54,99
02/03/2017,MKL,TN,ASO,CE,Federal Contract Tower,0,7,4,0,11,0,0,15,5,20,0,7,19,5,31,6,0,6,37
02/04/2017,MKL,TN,ASO,CE,Federal Contract Tower,0,2,2,0,4,0,0,17,0,17,0,2,19,0,21,2,0,2,23
02/05/2017,MKL,TN,ASO,CE,Federal Contract Tower,0,4,14,2,20,0,0,10,0,10,0,4,24,2,30,30,0,30,60
02/06/2017,MKL,TN,ASO,CE,Federal Contract Tower,0,4,12,4,20,0,0,0,2,2,0,4,12,6,22,0,0,0,22
02/07/2017,MKL,TN,ASO,CE,Federal Contract Tower,0,3,5,0,8,0,0,2,0,2,0,3,7,0,10,0,0,0,10
02/08/2017,MKL,TN,ASO,CE,Federal Contract Tower,0,2,13,0,15,0,0,2,0,2,0,2,15,0,17,0,0,0,17
02/09/2017,MKL,TN,ASO,CE,Federal Contract Tower,0,5,29,3,37,0,0,28,20,48,0,5,57,23,85,2,36,38,123
02/10/2017,MKL,TN,ASO,CE,Federal Contract Tower,0,5,8,0,13,0,0,18,6,24,0,5,26,6,37,2,0,2,39
02/11/2017,MKL,TN,ASO,CE,Federal Contract Tower,0,2,14,2,18,0,0,3,7,10,0,2,17,9,28,0,0,0,28
02/12/2017,MKL,TN,ASO,CE,Federal Contract Tower,0,3,6,4,13,0,0,12,5,17,0,3,18,9,30,0,4,4,34
02/13/2017,MKL,TN,ASO,CE,Federal Contract Tower,0,5,11,0,16,0,0,9,0,9,0,5,20,0,25,0,0,0,25
02/14/2017,MKL,TN,ASO,CE,Federal Contract Tower,0,4,12,0,16,0,0,6,0,6,0,4,18,0,22,0,0,0,22
02/15/2017,MKL,TN,ASO,CE,Federal Contract Tower,0,5,7,0,12,0,0,11,0,11,0,5,18,0,23,6,0,6,29
02/16/2017,MKL,TN,ASO,CE,Federal Contract Tower,0,2,13,0,15,0,0,25,5,30,0,2,38,5,45,2,0,2,47
02/17/2017,MKL,TN,ASO,CE,Federal Contract Tower,0,4,15,1,20,0,0,23,1,24,0,4,38,2,44,4,0,4,48
02/18/2017,MKL,TN,ASO,CE,Federal Contract Tower,0,2,9,1,12,0,0,5,0,5,0,2,14,1,17,0,0,0,17
02/19/2017,MKL,TN,ASO,CE,Federal Contract Tower,0,3,23,0,26,0,0,35,2,37,0,3,58,2,63,8,0,8,71
02/20/2017,MKL,TN,ASO,CE,Federal Contract Tower,0,3,11,0,14,0,0,21,0,21,0,3,32,0,35,18,0,18,53
02/21/2017,MKL,TN,ASO,CE,Federal Contract Tower,0,4,7,0,11,0,0,2,0,2,0,4,9,0,13,0,0,0,13
02/22/2017,MKL,TN,ASO,CE,Federal Contract Tower,0,4,13,1,18,0,0,10,1,11,0,4,23,2,29,0,0,0,29
02/23/2017,MKL,TN,ASO,CE,Federal Contract Tower,0,4,25,1,30,0,0,17,8,25,0,4,42,9,55,14,8,22,77
02/24/2017,MKL,TN,ASO,CE,Federal Contract Tower,0,4,8,0,12,0,0,12,2,14,0,4,20,2,26,0,0,0,26
02/25/2017,MKL,TN,ASO,CE,Federal Contract Tower,0,7,14,0,21,0,0,19,0,19,0,7,33,0,40,4,0,4,44
02/26/2017,MKL,TN,ASO,CE,Federal Contract Tower,0,3,10,0,13,0,1,23,0,24,0,4,33,0,37,6,0,6,43
02/27/2017,MKL,TN,ASO,CE,Federal Contract Tower,0,6,11,0,17,0,0,7,0,7,0,6,18,0,24,0,0,0,24
02/28/2017,MKL,TN,ASO,CE,Federal Contract Tower,0,4,4,0,8,0,0,0,0,0,0,4,4,0,8,0,0,0,8
03/01/2017,MKL,TN,ASO,CE,Federal Contract Tower,0,6,7,0,13,0,0,6,2,8,0,6,13,2,21,14,0,14,35
03/02/2017,MKL,TN,ASO,CE,Federal Contract Tower,0,6,16,0,22,0,0,38,12,50,0,6,54,12,72,0,0,0,72
03/03/2017,MKL,TN,ASO,CE,Federal Contract Tower,0,5,21,0,26,0,2,21,7,30,0,7,42,7,56,24,0,24,80
03/04/2017,MKL,TN,ASO,CE,Federal Contract Tower,0,2,13,0,15,0,0,31,3,34,0,2,44,3,49,2,0,2,51
03/05/2017,MKL,TN,ASO,CE,Federal Contract Tower,0,3,6,2,11,0,0,10,4,14,0,3,16,6,25,2,6,8,33
03/06/2017,MKL,TN,ASO,CE,Federal Contract Tower,0,4,4,0,8,0,0,5,0,5,0,4,9,0,13,0,0,0,13
03/07/2017,MKL,TN,ASO,CE,Federal Contract Tower,0,5,8,0,13,0,0,9,0,9,0,5,17,0,22,2,0,2,24
03/08/2017,MKL,TN,ASO,CE,Federal Contract Tower,0,5,9,2,16,0,0,141,0,141,0,5,150,2,157,2,0,2,159
03/09/2017,MKL,TN,ASO,CE,Federal Contract Tower,0,4,13,0,17,0,0,21,20,41,0,4,34,20,58,14,18,32,90
03/10/2017,MKL,TN,ASO,CE,Federal Contract Tower,0,7,13,6,26,0,1,13,7,21,0,8,26,13,47,2,6,8,55
03/11/2017,MKL,TN,ASO,CE,Federal Contract Tower,0,0,0,0,0,0,0,1,0,1,0,0,1,0,1,0,32,32,33
03/12/2017,MKL,TN,ASO,CE,Federal Contract Tower,0,3,7,2,12,0,0,8,8,16,0,3,15,10,28,0,18,18,46
03/13/2017,MKL,TN,ASO,CE,Federal Contract Tower,0,0,10,0,10,0,0,0,0,0,0,0,10,0,10,0,0,0,10
03/14/2017,MKL,TN,ASO,CE,Federal Contract Tower,0,4,11,2,17,0,0,4,0,4,0,4,15,2,21,2,0,2,23
03/15/2017,MKL,TN,ASO,CE,Federal Contract Tower,0,4,9,2,15,0,0,10,6,16,0,4,19,8,31,4,8,12,43
03/16/2017,MKL,TN,ASO,CE,Federal Contract Tower,0,4,10,0,14,0,0,7,4,11,0,4,17,4,25,0,6,6,31
03/17/2017,MKL,TN,ASO,CE,Federal Contract Tower,0,4,4,0,8,0,0,5,2,7,0,4,9,2,15,0,0,0,15
03/18/2017,MKL,TN,ASO,CE,Federal Contract Tower,0,4,15,0,19,0,0,11,0,11,0,4,26,0,30,6,0,6,36
03/19/2017,MKL,TN,ASO,CE,Federal Contract Tower,0,5,13,0,18,0,0,13,2,15,0,5,26,2,33,6,0,6,39
03/20/2017,MKL,TN,ASO,CE,Federal Contract Tower,0,6,2,0,8,0,0,12,0,12,0,6,14,0,20,6,0,6,26
03/21/2017,MKL,TN,ASO,CE,Federal Contract Tower,0,4,8,0,12,0,0,9,0,9,0,4,17,0,21,2,0,2,23
03/22/2017,MKL,TN,ASO,CE,Federal Contract Tower,0,4,15,1,20,0,0,5,5,10,0,4,20,6,30,0,0,0,30
03/23/2017,MKL,TN,ASO,CE,Federal Contract Tower,0,4,15,1,20,0,0,21,6,27,0,4,36,7,47,12,4,16,63
03/24/2017,MKL,TN,ASO,CE,Federal Contract Tower,0,5,16,0,21,0,0,8,2,10,0,5,24,2,31,0,0,0,31
03/25/2017,MKL,TN,ASO,CE,Federal Contract Tower,0,1,1,0,2,0,0,4,0,4,0,1,5,0,6,0,0,0,6
03/26/2017,MKL,TN,ASO,CE,Federal Contract Tower,0,4,10,1,15,0,0,15,0,15,0,4,25,1,30,0,2,2,32
03/27/2017,MKL,TN,ASO,CE,Federal Contract Tower,0,5,5,0,10,0,0,2,2,4,0,5,7,2,14,0,0,0,14
03/28/2017,MKL,TN,ASO,CE,Federal Contract Tower,0,5,14,0,19,0,0,20,6,26,0,5,34,6,45,0,0,0,45
03/29/2017,MKL,TN,ASO,CE,Federal Contract Tower,0,4,10,0,14,0,0,22,4,26,0,4,32,4,40,28,8,36,76
03/30/2017,MKL,TN,ASO,CE,Federal Contract Tower,0,4,2,0,6,0,0,1,4,5,0,4,3,4,11,0,0,0,11
03/31/2017,MKL,TN,ASO,CE,Federal Contract Tower,0,5,13,0,18,0,0,14,49,63,0,5,27,49,81,8,0,8,89
04/01/2017,MKL,TN,ASO,CE,Federal Contract Tower,0,2,14,0,16,0,0,55,4,59,0,2,69,4,75,14,0,14,89
04/02/2017,MKL,TN,ASO,CE,Federal Contract Tower,0,3,8,0,11,0,0,14,5,19,0,3,22,5,30,0,6,6,36
04/03/2017,MKL,TN,ASO,CE,Federal Contract Tower,0,4,11,0,15,0,0,8,0,8,0,4,19,0,23,0,0,0,23
04/04/2017,MKL,TN,ASO,CE,Federal Contract Tower,0,4,12,0,16,0,0,21,2,23,0,4,33,2,39,4,4,8,47
04/05/2017,MKL,TN,ASO,CE,Federal Contract Tower,0,5,11,0,16,0,0,3,0,3,0,5,14,0,19,0,0,0,19
04/06/2017,MKL,TN,ASO,CE,Federal Contract Tower,0,4,5,0,9,0,0,7,8,15,0,4,12,8,24,0,64,64,88
04/07/2017,MKL,TN,ASO,CE,Federal Contract Tower,0,4,15,2,21,0,0,19,4,23,0,4,34,6,44,0,2,2,46
04/08/2017,MKL,TN,ASO,CE,Federal Contract Tower,0,1,5,4,10,0,0,26,11,37,0,1,31,15,47,4,100,104,151
04/09/2017,MKL,TN,ASO,CE,Federal Contract Tower,0,3,6,2,11,0,0,7,7,14,0,3,13,9,25,0,8,8,33
04/10/2017,MKL,TN,ASO,CE,Federal Contract Tower,0,5,9,0,14,0,0,5,4,9,0,5,14,4,23,0,0,0,23
04/11/2017,MKL,TN,ASO,CE,Federal Contract Tower,0,4,5,0,9,0,0,2,0,2,0,4,7,0,11,0,8,8,19
04/12/2017,MKL,TN,ASO,CE,Federal Contract Tower,0,9,17,0,26,0,3,9,3,15,0,12,26,3,41,2,12,14,55
04/13/2017,MKL,TN,ASO,CE,Federal Contract Tower,0,6,7,0,13,0,4,9,11,24,0,10,16,11,37,0,18,18,55
04/14/2017,MKL,TN,ASO,CE,Federal Contract Tower,0,4,9,0,13,0,0,20,0,20,0,4,29,0,33,30,0,30,63
04/15/2017,MKL,TN,ASO,CE,Federal Contract Tower,0,2,4,0,6,0,0,6,0,6,0,2,10,0,12,20,0,20,32
04/16/2017,MKL,TN,ASO,CE,Federal Contract Tower,0,3,3,0,6,0,0,4,0,4,0,3,7,0,10,0,0,0,10
04/17/2017,MKL,TN,ASO,CE,Federal Contract Tower,0,4,19,0,23,0,0,2,0,2,0,4,21,0,25,0,0,0,25
04/18/2017,MKL,TN,ASO,CE,Federal Contract Tower,0,4,7,0,11,0,0,0,0,0,0,4,7,0,11,0,0,0,11
04/19/2017,MKL,TN,ASO,CE,Federal Contract Tower,0,4,8,0,12,0,0,8,2,10,0,4,16,2,22,2,20,22,44
04/20/2017,MKL,TN,ASO,CE,Federal Contract Tower,0,4,4,0,8,0,0,7,8,15,0,4,11,8,23,0,32,32,55
04/21/2017,MKL,TN,ASO,CE,Federal Contract Tower,0,4,11,0,15,0,0,1,0,1,0,4,12,0,16,0,0,0,16
04/22/2017,MKL,TN,ASO,CE,Federal Contract Tower,0,2,6,0,8,0,0,0,0,0,0,2,6,0,8,0,0,0,8
04/23/2017,MKL,TN,ASO,CE,Federal Contract Tower,0,3,16,0,19,0,0,3,0,3,0,3,19,0,22,0,0,0,22
04/24/2017,MKL,TN,ASO,CE,Federal Contract Tower,0,6,19,0,25,0,0,7,2,9,0,6,26,2,34,10,0,10,44
04/25/2017,MKL,TN,ASO,CE,Federal Contract Tower,0,13,14,1,28,0,0,21,2,23,0,13,35,3,51,14,0,14,65
04/26/2017,MKL,TN,ASO,CE,Federal Contract Tower,0,3,8,4,15,0,0,16,0,16,0,3,24,4,31,0,0,0,31
04/27/2017,MKL,TN,ASO,CE,Federal Contract Tower,0,5,8,2,15,0,0,9,4,13,0,5,17,6,28,2,8,10,38
04/28/2017,MKL,TN,ASO,CE,Federal Contract Tower,0,4,12,0,16,0,0,10,2,12,0,4,22,2,28,8,0,8,36
04/29/2017,MKL,TN,ASO,CE,Federal Contract Tower,0,2,4,0,6,0,0,3,0,3,0,2,7,0,9,8,0,8,17
04/30/2017,MKL,TN,ASO,CE,Federal Contract Tower,0,3,2,0,5,0,0,0,0,0,0,3,2,0,5,0,0,0,5
05/01/2017,MKL,TN,ASO,CE,Federal Contract Tower,0,4,3,0,7,0,0,1,4,5,0,4,4,4,12,0,0,0,12
05/02/2017,MKL,TN,ASO,CE,Federal Contract Tower,0,4,7,0,11,0,0,19,0,19,0,4,26,0,30,6,0,6,36
05/03/2017,MKL,TN,ASO,CE,Federal Contract Tower,0,4,1,5,10,0,0,5,1,6,0,4,6,6,16,0,0,0,16
05/04/2017,MKL,TN,ASO,CE,Federal Contract Tower,0,4,8,0,12,0,0,0,0,0,0,4,8,0,12,0,0,0,12
05/05/2017,MKL,TN,ASO,CE,Federal Contract Tower,0,5,9,0,14,0,0,6,0,6,0,5,15,0,20,0,0,0,20
05/06/2017,MKL,TN,ASO,CE,Federal Contract Tower,0,2,4,0,6,0,0,8,0,8,0,2,12,0,14,2,0,2,16
05/07/2017,MKL,TN,ASO,CE,Federal Contract Tower,0,2,5,0,7,0,0,25,7,32,0,2,30,7,39,18,0,18,57
05/08/2017,MKL,TN,ASO,CE,Federal Contract Tower,0,4,7,1,12,0,0,14,8,22,0,4,21,9,34,0,2,2,36
05/09/2017,MKL,TN,ASO,CE,Federal Contract Tower,0,4,15,0,19,0,0,31,8,39,0,4,46,8,58,12,12,24,82
05/10/2017,MKL,TN,ASO,CE,Federal Contract Tower,0,5,24,0,29,0,0,23,2,25,0,5,47,2,54,18,0,18,72
05/11/2017,MKL,TN,ASO,CE,Federal Contract Tower,0,4,6,2,12,0,0,12,4,16,0,4,18,6,28,6,2,8,36
05/12/2017,MKL,TN,ASO,CE,Federal Contract Tower,0,4,11,0,15,0,0,3,2,5,0,4,14,2,20,2,0,2,22
05/13/2017,MKL,TN,ASO,CE,Federal Contract Tower,0,2,9,0,11,0,0,22,0,22,0,2,31,0,33,12,0,12,45
05/14/2017,MKL,TN,ASO,CE,Federal Contract Tower,0,3,8,0,11,0,0,24,2,26,0,3,32,2,37,6,0,6,43
05/15/2017,MKL,TN,ASO,CE,Federal Contract Tower,0,9,5,0,14,0,0,32,0,32,0,9,37,0,46,10,0,10,56
05/16/2017,MKL,TN,ASO,CE,Federal Contract Tower,0,4,32,0,36,0,0,23,0,23,0,4,55,0,59,18,0,18,77
05/17/2017,MKL,TN,ASO,CE,Federal Contract Tower,0,6,20,1,27,0,0,10,3,13,0,6,30,4,40,0,6,6,46
05/18/2017,MKL,TN,ASO,CE,Federal Contract Tower,0,7,11,2,20,0,0,23,7,30,0,7,34,9,50,12,0,12,62
05/19/2017,MKL,TN,ASO,CE,Federal Contract Tower,0,6,10,1,17,0,0,10,1,11,0,6,20,2,28,0,0,0,28
05/20/2017,MKL,TN,ASO,CE,Federal Contract Tower,0,2,8,2,12,0,0,6,8,14,0,2,14,10,26,2,20,22,48
05/21/2017,MKL,TN,ASO,CE,Federal Contract Tower,0,3,16,5,24,0,0,8,4,12,0,3,24,9,36,4,0,4,40
05/22/2017,MKL,TN,ASO,CE,Federal Contract Tower,0,4,11,0,15,0,0,15,0,15,0,4,26,0,30,2,0,2,32
05/23/2017,MKL,TN,ASO,CE,Federal Contract Tower,0,4,10,0,14,0,0,17,2,19,0,4,27,2,33,36,0,36,69
05/24/2017,MKL,TN,ASO,CE,Federal Contract Tower,0,5,4,2,11,0,0,5,2,7,0,5,9,4,18,0,2,2,20
05/25/2017,MKL,TN,ASO,CE,Federal Contract Tower,0,6,25,0,31,0,0,37,4,41,0,6,62,4,72,10,2,12,84
05/26/2017,MKL,TN,ASO,CE,Federal Contract Tower,0,6,11,0,17,0,0,23,0,23,0,6,34,0,40,4,0,4,44
05/27/2017,MKL,TN,ASO,CE,Federal Contract Tower,0,2,6,0,8,0,0,6,0,6,0,2,12,0,14,4,0,4,18
05/28/2017,MKL,TN,ASO,CE,Federal Contract Tower,0,3,6,0,9,0,2,2,0,4,0,5,8,0,13,0,0,0,13
05/29/2017,MKL,TN,ASO,CE,Federal Contract Tower,0,5,20,0,25,0,0,29,0,29,0,5,49,0,54,8,0,8,62
05/30/2017,MKL,TN,ASO,CE,Federal Contract Tower,0,4,12,0,16,0,0,6,0,6,0,4,18,0,22,0,0,0,22
05/31/2017,MKL,TN,ASO,CE,Federal Contract Tower,0,4,8,0,12,0,0,2,0,2,0,4,10,0,14,0,0,0,14
06/01/2017,MKL,TN,ASO,CE,Federal Contract Tower,0,7,11,0,18,0,0,6,4,10,0,7,17,4,28,2,10,12,40
06/02/2017,MKL,TN,ASO,CE,Federal Contract Tower,0,5,8,0,13,0,0,14,0,14,0,5,22,0,27,0,0,0,27
06/03/2017,MKL,TN,ASO,CE,Federal Contract Tower,0,2,10,0,12,0,0,16,0,16,0,2,26,0,28,4,0,4,32
06/04/2017,MKL,TN,ASO,CE,Federal Contract Tower,0,3,2,0,5,0,0,0,0,0,0,3,2,0,5,0,0,0,5
06/05/2017,MKL,TN,ASO,CE,Federal Contract Tower,0,4,7,0,11,0,0,3,0,3,0,4,10,0,14,0,0,0,14
06/06/2017,MKL,TN,ASO,CE,Federal Contract Tower,0,4,7,0,11,0,0,10,2,12,0,4,17,2,23,0,0,0,23
06/07/2017,MKL,TN,ASO,CE,Federal Contract Tower,0,4,13,1,18,0,0,17,3,20,0,4,30,4,38,0,0,0,38
06/08/2017,MKL,TN,ASO,CE,Federal Contract Tower,0,4,12,1,17,0,0,22,4,26,0,4,34,5,43,50,18,68,111
06/09/2017,MKL,TN,ASO,CE,Federal Contract Tower,0,4,6,0,10,0,0,77,3,80,0,4,83,3,90,20,0,20,110
06/10/2017,MKL,TN,ASO,CE,Federal Contract Tower,0,2,15,2,19,0,0,103,8,111,0,2,118,10,130,2,2,4,134
06/11/2017,MKL,TN,ASO,CE,Federal Contract Tower,0,3,7,0,10,0,0,25,10,35,0,3,32,10,45,10,0,10,55
06/12/2017,MKL,TN,ASO,CE,Federal Contract Tower,0,5,10,0,15,0,0,12,0,12,0,5,22,0,27,0,0,0,27
06/13/2017,MKL,TN,ASO,CE,Federal Contract Tower,0,6,7,0,13,0,0,66,10,76,0,6,73,10,89,0,0,0,89
06/14/2017,MKL,TN,ASO,CE,Federal Contract Tower,0,4,20,0,24,0,0,21,4,25,0,4,41,4,49,16,0,16,65
06/15/2017,MKL,TN,ASO,CE,Federal Contract Tower,0,4,5,0,9,0,0,12,2,14,0,4,17,2,23,6,2,8,31
06/16/2017,MKL,TN,ASO,CE,Federal Contract Tower,0,4,13,0,17,0,0,7,2,9,0,4,20,2,26,0,0,0,26
06/17/2017,MKL,TN,ASO,CE,Federal Contract Tower,0,2,11,0,13,0,0,33,0,33,0,2,44,0,46,12,0,12,58
06/18/2017,MKL,TN,ASO,CE,Federal Contract Tower,0,1,5,0,6,0,0,4,0,4,0,1,9,0,10,0,0,0,10
06/19/2017,MKL,TN,ASO,CE,Federal Contract Tower,0,5,16,0,21,0,0,61,2,63,0,5,77,2,84,0,0,0,84
06/20/2017,MKL,TN,ASO,CE,Federal Contract Tower,0,5,16,0,21,0,0,25,4,29,0,5,41,4,50,2,0,2,52
06/21/2017,MKL,TN,ASO,CE,Federal Contract Tower,0,10,18,0,28,0,0,18,2,20,0,10,36,2,48,0,0,0,48
06/22/2017,MKL,TN,ASO,CE,Federal Contract Tower,0,5,10,0,15,0,0,7,3,10,0,5,17,3,25,0,0,0,25
06/23/2017,MKL,TN,ASO,CE,Federal Contract Tower,0,6,3,0,9,0,0,0,0,0,0,6,3,0,9,0,0,0,9
06/24/2017,MKL,TN,ASO,CE,Federal Contract Tower,0,2,7,0,9,0,0,92,0,92,0,2,99,0,101,8,0,8,109
06/25/2017,MKL,TN,ASO,CE,Federal Contract Tower,0,3,14,0,17,0,0,22,0,22,0,3,36,0,39,4,0,4,43
06/26/2017,MKL,TN,ASO,CE,Federal Contract Tower,0,4,12,0,16,0,0,24,0,24,0,4,36,0,40,14,0,14,54
06/27/2017,MKL,TN,ASO,CE,Federal Contract Tower,0,5,13,1,19,0,0,17,8,25,0,5,30,9,44,32,12,44,88
06/28/2017,MKL,TN,ASO,CE,Federal Contract Tower,0,6,11,0,17,0,0,17,7,24,0,6,28,7,41,14,8,22,63
06/29/2017,MKL,TN,ASO,CE,Federal Contract Tower,0,7,21,0,28,0,0,9,5,14,0,7,30,5,42,60,14,74,116
06/30/2017,MKL,TN,ASO,CE,Federal Contract Tower,0,6,8,0,14,0,0,14,1,15,0,6,22,1,29,112,0,112,141
07/01/2017,MKL,TN,ASO,CE,Federal Contract Tower,0,2,3,0,5,0,0,7,0,7,0,2,10,0,12,0,0,0,12
07/02/2017,MKL,TN,ASO,CE,Federal Contract Tower,0,3,5,0,8,0,0,9,0,9,0,3,14,0,17,0,0,0,17
07/03/2017,MKL,TN,ASO,CE,Federal Contract Tower,0,4,3,0,7,0,0,4,0,4,0,4,7,0,11,0,0,0,11
07/04/2017,MKL,TN,ASO,CE,Federal Contract Tower,0,4,4,0,8,0,0,0,0,0,0,4,4,0,8,0,0,0,8
07/05/2017,MKL,TN,ASO,CE,Federal Contract Tower,0,4,9,1,14,0,0,3,3,6,0,4,12,4,20,2,28,30,50
07/06/2017,MKL,TN,ASO,CE,Federal Contract Tower,0,4,5,0,9,0,0,15,2,17,0,4,20,2,26,4,14,18,44
07/07/2017,MKL,TN,ASO,CE,Federal Contract Tower,0,4,18,2,24,0,0,24,0,24,0,4,42,2,48,28,0,28,76
07/08/2017,MKL,TN,ASO,CE,Federal Contract Tower,0,2,8,15,25,0,0,30,16,46,0,2,38,31,71,0,30,30,101
07/09/2017,MKL,TN,ASO,CE,Federal Contract Tower,0,4,8,0,12,0,1,21,0,22,0,5,29,0,34,0,0,0,34
07/10/2017,MKL,TN,ASO,CE,Federal Contract Tower,0,6,8,2,16,0,0,37,0,37,0,6,45,2,53,6,2,8,61
07/11/2017,MKL,TN,ASO,CE,Federal Contract Tower,0,7,8,0,15,0,0,33,2,35,0,7,41,2,50,12,0,12,62
07/12/2017,MKL,TN,ASO,CE,Federal Contract Tower,0,6,9,2,17,0,0,35,12,47,0,6,44,14,64,12,0,12,76
07/13/2017,MKL,TN,ASO,CE,Federal Contract Tower,0,4,2,0,6,0,0,16,5,21,0,4,18,5,27,34,0,34,61
07/14/2017,MKL,TN,ASO,CE,Federal Contract Tower,0,5,2,2,9,0,0,21,2,23,0,5,23,4,32,40,0,40,72
07/15/2017,MKL,TN,ASO,CE,Federal Contract Tower,0,4,9,0,13,0,0,8,0,8,0,4,17,0,21,0,0,0,21
07/16/2017,MKL,TN,ASO,CE,Federal Contract Tower,0,5,10,0,15,0,0,15,0,15,0,5,25,0,30,0,0,0,30
07/17/2017,MKL,TN,ASO,CE,Federal Contract Tower,0,4,8,0,12,0,0,20,0,20,0,4,28,0,32,28,0,28,60
07/18/2017,MKL,TN,ASO,CE,Federal Contract Tower,0,6,8,0,14,0,0,32,0,32,0,6,40,0,46,12,0,12,58
07/19/2017,MKL,TN,ASO,CE,Federal Contract Tower,0,8,11,0,19,0,0,15,3,18,0,8,26,3,37,32,0,32,69
07/20/2017,MKL,TN,ASO,CE,Federal Contract Tower,0,4,13,0,17,0,0,14,0,14,0,4,27,0,31,16,0,16,47
07/21/2017,MKL,TN,ASO,CE,Federal Contract Tower,0,4,5,0,9,0,0,8,1,9,0,4,13,1,18,10,0,10,28
07/22/2017,MKL,TN,ASO,CE,Federal Contract Tower,0,2,7,0,9,0,0,13,3,16,0,2,20,3,25,0,0,0,25
07/23/2017,MKL,TN,ASO,CE,Federal Contract Tower,0,3,9,0,12,0,0,8,3,11,0,3,17,3,23,0,0,0,23
07/24/2017,MKL,TN,ASO,CE,Federal Contract Tower,0,5,8,0,13,0,0,15,2,17,0,5,23,2,30,10,0,10,40
07/25/2017,MKL,TN,ASO,CE,Federal Contract Tower,0,4,9,0,13,0,0,15,3,18,0,4,24,3,31,40,0,40,71
07/26/2017,MKL,TN,ASO,CE,Federal Contract Tower,0,4,10,0,14,0,0,9,0,9,0,4,19,0,23,4,0,4,27
07/27/2017,MKL,TN,ASO,CE,Federal Contract Tower,0,7,16,0,23,0,0,13,0,13,0,7,29,0,36,0,0,0,36
07/28/2017,MKL,TN,ASO,CE,Federal Contract Tower,0,4,10,0,14,0,0,11,0,11,0,4,21,0,25,0,0,0,25
07/29/2017,MKL,TN,ASO,CE,Federal Contract Tower,0,2,4,0,6,0,0,17,0,17,0,2,21,0,23,14,0,14,37
07/30/2017,MKL,TN,ASO,CE,Federal Contract Tower,0,3,7,0,10,0,0,16,0,16,0,3,23,0,26,26,0,26,52
07/31/2017,MKL,TN,ASO,CE,Federal Contract Tower,0,4,16,0,20,0,0,30,12,42,0,4,46,12,62,18,8,26,88
08/01/2017,MKL,TN,ASO,CE,Federal Contract Tower,0,4,11,0,15,0,0,7,0,7,0,4,18,0,22,6,0,6,28
08/02/2017,MKL,TN,ASO,CE,Federal Contract Tower,0,8,8,0,16,0,0,20,0,20,0,8,28,0,36,11,0,11,47
08/03/2017,MKL,TN,ASO,CE,Federal Contract Tower,0,4,7,0,11,0,0,9,2,11,0,4,16,2,22,0,0,0,22
08/04/2017,MKL,TN,ASO,CE,Federal Contract Tower,0,4,7,0,11,0,0,10,0,10,0,4,17,0,21,0,0,0,21
08/05/2017,MKL,TN,ASO,CE,Federal Contract Tower,0,3,17,0,20,0,0,26,5,31,0,3,43,5,51,8,0,8,59
08/06/2017,MKL,TN,ASO,CE,Federal Contract Tower,0,3,15,0,18,0,0,17,0,17,0,3,32,0,35,6,0,6,41
08/07/2017,MKL,TN,ASO,CE,Federal Contract Tower,0,5,18,0,23,0,0,5,0,5,0,5,23,0,28,2,0,2,30
08/08/2017,MKL,TN,ASO,CE,Federal Contract Tower,0,11,8,0,19,0,0,23,0,23,0,11,31,0,42,2,0,2,44
08/09/2017,MKL,TN,ASO,CE,Federal Contract Tower,0,6,7,0,13,0,0,25,0,25,0,6,32,0,38,6,0,6,44
08/10/2017,MKL,TN,ASO,CE,Federal Contract Tower,0,4,9,0,13,0,0,15,1,16,0,4,24,1,29,4,0,4,33
08/11/2017,MKL,TN,ASO,CE,Federal Contract Tower,0,4,5,0,9,0,0,19,0,19,0,4,24,0,28,0,0,0,28
08/12/2017,MKL,TN,ASO,CE,Federal Contract Tower,0,2,9,2,13,0,0,14,0,14,0,2,23,2,27,2,2,4,31
08/13/2017,MKL,TN,ASO,CE,Federal Contract Tower,0,3,5,0,8,0,0,11,0,11,0,3,16,0,19,4,0,4,23
08/14/2017,MKL,TN,ASO,CE,Federal Contract Tower,0,6,9,0,15,0,0,1,0,1,0,6,10,0,16,0,0,0,16
08/15/2017,MKL,TN,ASO,CE,Federal Contract Tower,0,4,15,0,19,0,0,5,0,5,0,4,20,0,24,4,0,4,28
08/16/2017,MKL,TN,ASO,CE,Federal Contract Tower,0,4,21,0,25,0,0,14,0,14,0,4,35,0,39,2,0,2,41
08/17/2017,MKL,TN,ASO,CE,Federal Contract Tower,0,5,10,0,15,0,0,5,0,5,0,5,15,0,20,0,0,0,20
08/18/2017,MKL,TN,ASO,CE,Federal Contract Tower,0,5,8,2,15,0,0,16,3,19,0,5,24,5,34,0,0,0,34
08/19/2017,MKL,TN,ASO,CE,Federal Contract Tower,0,2,3,0,5,0,1,21,0,22,0,3,24,0,27,6,0,6,33
08/20/2017,MKL,TN,ASO,CE,Federal Contract Tower,0,5,16,0,21,0,2,37,0,39,0,7,53,0,60,10,0,10,70
08/21/2017,MKL,TN,ASO,CE,Federal Contract Tower,0,6,9,0,15,0,0,37,0,37,0,6,46,0,52,8,0,8,60
08/22/2017,MKL,TN,ASO,CE,Federal Contract Tower,0,5,19,0,24,0,1,20,3,24,0,6,39,3,48,4,8,12,60
08/23/2017,MKL,TN,ASO,CE,Federal Contract Tower,0,4,7,2,13,0,1,23,0,24,0,5,30,2,37,14,0,14,51
08/24/2017,MKL,TN,ASO,CE,Federal Contract Tower,0,4,10,1,15,0,2,31,6,39,0,6,41,7,54,16,2,18,72
08/25/2017,MKL,TN,ASO,CE,Federal Contract Tower,0,6,23,1,30,0,0,39,6,45,0,6,62,7,75,4,0,4,79
08/26/2017,MKL,TN,ASO,CE,Federal Contract Tower,0,2,8,2,12,0,1,17,2,20,0,3,25,4,32,0,8,8,40
08/27/2017,MKL,TN,ASO,CE,Federal Contract Tower,0,3,13,0,16,0,2,23,6,31,0,5,36,6,47,32,0,32,79
08/28/2017,MKL,TN,ASO,CE,Federal Contract Tower,0,4,10,0,14,0,0,7,0,7,0,4,17,0,21,0,0,0,21
08/29/2017,MKL,TN,ASO,CE,Federal Contract Tower,0,5,9,3,17,0,0,23,5,28,0,5,32,8,45,14,20,34,79
08/30/2017,MKL,TN,ASO,CE,Federal Contract Tower,0,4,8,2,14,0,0,6,8,14,0,4,14,10,28,0,10,10,38
08/31/2017,MKL,TN,ASO,CE,Federal Contract Tower,0,6,7,0,13,0,0,0,0,0,0,6,7,0,13,2,0,2,15
09/01/2017,MKL,TN,ASO,CE,Federal Contract Tower,0,5,6,0,11,0,0,5,0,5,0,5,11,0,16,0,0,0,16
09/02/2017,MKL,TN,ASO,CE,Federal Contract Tower,0,2,10,0,12,0,0,16,0,16,0,2,26,0,28,20,0,20,48
09/03/2017,MKL,TN,ASO,CE,Federal Contract Tower,0,3,6,0,9,0,0,19,0,19,0,3,25,0,28,18,0,18,46
09/04/2017,MKL,TN,ASO,CE,Federal Contract Tower,0,4,27,0,31,0,0,21,0,21,0,4,48,0,52,12,0,12,64
09/05/2017,MKL,TN,ASO,CE,Federal Contract Tower,0,6,2,0,8,0,0,6,8,14,0,6,8,8,22,0,0,0,22
09/06/2017,MKL,TN,ASO,CE,Federal Contract Tower,0,4,28,0,32,0,0,34,5,39,0,4,62,5,71,12,0,12,83
09/07/2017,MKL,TN,ASO,CE,Federal Contract Tower,0,6,19,0,25,0,0,52,6,58,0,6,71,6,83,14,0,14,97
09/08/2017,MKL,TN,ASO,CE,Federal Contract Tower,0,6,10,0,16,0,0,19,4,23,0,6,29,4,39,8,0,8,47
09/09/2017,MKL,TN,ASO,CE,Federal Contract Tower,0,2,11,0,13,0,0,47,2,49,0,2,58,2,62,28,0,28,90
09/10/2017,MKL,TN,ASO,CE,Federal Contract Tower,0,3,24,0,27,0,1,42,0,43,0,4,66,0,70,24,0,24,94
09/11/2017,MKL,TN,ASO,CE,Federal Contract Tower,0,4,11,2,17,0,0,25,0,25,0,4,36,2,42,2,0,2,44
09/12/2017,MKL,TN,ASO,CE,Federal Contract Tower,0,4,1,0,5,0,0,0,0,0,0,4,1,0,5,0,0,0,5
09/13/2017,MKL,TN,ASO,CE,Federal Contract Tower,0,6,9,0,15,0,0,1,0,1,0,6,10,0,16,0,0,0,16
09/14/2017,MKL,TN,ASO,CE,Federal Contract Tower,0,5,22,1,28,0,0,19,4,23,0,5,41,5,51,14,0,14,65
09/15/2017,MKL,TN,ASO,CE,Federal Contract Tower,0,5,15,3,23,0,0,44,1,45,0,5,59,4,68,10,4,14,82
09/16/2017,MKL,TN,ASO,CE,Federal Contract Tower,0,2,9,0,11,0,0,23,0,23,0,2,32,0,34,16,0,16,50
09/17/2017,MKL,TN,ASO,CE,Federal Contract Tower,0,3,17,2,22,0,0,24,2,26,0,3,41,4,48,6,0,6,54
09/18/2017,MKL,TN,ASO,CE,Federal Contract Tower,0,4,12,0,16,0,1,30,0,31,0,5,42,0,47,10,0,10,57
09/19/2017,MKL,TN,ASO,CE,Federal Contract Tower,0,8,13,0,21,0,0,17,0,17,0,8,30,0,38,2,0,2,40
09/20/2017,MKL,TN,ASO,CE,Federal Contract Tower,0,5,11,0,16,0,0,14,0,14,0,5,25,0,30,4,0,4,34
09/21/2017,MKL,TN,ASO,CE,Federal Contract Tower,0,5,15,0,20,0,0,20,8,28,0,5,35,8,48,16,0,16,64
09/22/2017,MKL,TN,ASO,CE,Federal Contract Tower,0,4,6,0,10,0,0,28,0,28,0,4,34,0,38,10,0,10,48
09/23/2017,MKL,TN,ASO,CE,Federal Contract Tower,0,3,8,0,11,0,2,17,0,19,0,5,25,0,30,2,0,2,32
09/24/2017,MKL,TN,ASO,CE,Federal Contract Tower,0,3,5,0,8,0,0,16,0,16,0,3,21,0,24,4,0,4,28
09/25/2017,MKL,TN,ASO,CE,Federal Contract Tower,0,4,19,0,23,0,0,24,0,24,0,4,43,0,47,2,0,2,49
09/26/2017,MKL,TN,ASO,CE,Federal Contract Tower,0,7,13,0,20,0,0,75,2,77,0,7,88,2,97,20,0,20,117
09/27/2017,MKL,TN,ASO,CE,Federal Contract Tower,0,4,22,0,26,0,0,30,4,34,0,4,52,4,60,14,0,14,74
09/28/2017,MKL,TN,ASO,CE,Federal Contract Tower,0,8,11,0,19,0,0,19,0,19,0,8,30,0,38,10,0,10,48
09/29/2017,MKL,TN,ASO,CE,Federal Contract Tower,0,4,24,0,28,0,0,39,0,39,0,4,63,0,67,32,0,32,99
09/30/2017,MKL,TN,ASO,CE,Federal Contract Tower,0,2,4,0,6,0,0,38,0,38,0,2,42,0,44,30,0,30,74
10/01/2017,MKL,TN,ASO,CE,Federal Contract Tower,0,3,8,0,11,0,0,20,0,20,0,3,28,0,31,24,0,24,55
10/02/2017,MKL,TN,ASO,CE,Federal Contract Tower,0,4,10,0,14,0,0,16,0,16,0,4,26,0,30,0,0,0,30
10/03/2017,MKL,TN,ASO,CE,Federal Contract Tower,0,4,8,0,12,0,0,20,1,21,0,4,28,1,33,16,0,16,49
10/04/2017,MKL,TN,ASO,CE,Federal Contract Tower,0,5,12,0,17,0,0,12,4,16,0,5,24,4,33,24,0,24,57
10/05/2017,MKL,TN,ASO,CE,Federal Contract Tower,0,6,8,0,14,0,0,28,3,31,0,6,36,3,45,8,0,8,53
10/06/2017,MKL,TN,ASO,CE,Federal Contract Tower,0,9,9,0,18,0,0,22,2,24,0,9,31,2,42,0,0,0,42
10/07/2017,MKL,TN,ASO,CE,Federal Contract Tower,0,2,8,0,10,0,0,12,0,12,0,2,20,0,22,10,0,10,32
10/08/2017,MKL,TN,ASO,CE,Federal Contract Tower,0,4,14,0,18,0,0,0,0,0,0,4,14,0,18,0,0,0,18
10/09/2017,MKL,TN,ASO,CE,Federal Contract Tower,0,5,10,0,15,0,0,1,0,1,0,5,11,0,16,0,0,0,16
10/10/2017,MKL,TN,ASO,CE,Federal Contract Tower,0,5,7,0,12,0,0,7,4,11,0,5,14,4,23,0,0,0,23
10/11/2017,MKL,TN,ASO,CE,Federal Contract Tower,0,6,4,0,10,0,0,21,0,21,0,6,25,0,31,8,0,8,39
10/12/2017,MKL,TN,ASO,CE,Federal Contract Tower,0,9,13,3,25,0,1,49,7,57,0,10,62,10,82,0,12,12,94
10/13/2017,MKL,TN,ASO,CE,Federal Contract Tower,0,4,7,0,11,0,0,79,7,86,0,4,86,7,97,26,0,26,123
10/14/2017,MKL,TN,ASO,CE,Federal Contract Tower,0,2,7,0,9,0,0,123,3,126,0,2,130,3,135,22,0,22,157
10/15/2017,MKL,TN,ASO,CE,Federal Contract Tower,0,3,3,0,6,0,0,12,0,12,0,3,15,0,18,0,0,0,18
10/16/2017,MKL,TN,ASO,CE,Federal Contract Tower,0,6,7,0,13,0,0,97,0,97,0,6,104,0,110,0,0,0,110
10/17/2017,MKL,TN,ASO,CE,Federal Contract Tower,0,7,6,0,13,0,0,27,0,27,0,7,33,0,40,2,0,2,42
10/18/2017,MKL,TN,ASO,CE,Federal Contract Tower,0,5,21,1,27,0,0,24,3,27,0,5,45,4,54,22,14,36,90
10/19/2017,MKL,TN,ASO,CE,Federal Contract Tower,0,7,24,1,32,0,0,21,13,34,0,7,45,14,66,10,14,24,90
10/20/2017,MKL,TN,ASO,CE,Federal Contract Tower,0,6,15,3,24,0,0,30,1,31,0,6,45,4,55,16,0,16,71
10/21/2017,MKL,TN,ASO,CE,Federal Contract Tower,0,1,14,0,15,0,0,24,5,29,0,1,38,5,44,14,0,14,58
10/22/2017,MKL,TN,ASO,CE,Federal Contract Tower,0,3,8,1,12,0,0,5,4,9,0,3,13,5,21,0,0,0,21
10/23/2017,MKL,TN,ASO,CE,Federal Contract Tower,0,4,17,6,27,0,0,8,0,8,0,4,25,6,35,0,0,0,35
10/24/2017,MKL,TN,ASO,CE,Federal Contract Tower,0,4,4,1,9,0,0,8,1,9,0,4,12,2,18,0,0,0,18
10/25/2017,MKL,TN,ASO,CE,Federal Contract Tower,0,8,18,2,28,0,0,24,1,25,0,8,42,3,53,8,0,8,61
10/26/2017,MKL,TN,ASO,CE,Federal Contract Tower,0,4,20,0,24,0,0,32,15,47,0,4,52,15,71,34,0,34,105
10/27/2017,MKL,TN,ASO,CE,Federal Contract Tower,0,4,7,0,11,0,0,7,0,7,0,4,14,0,18,0,0,0,18
10/28/2017,MKL,TN,ASO,CE,Federal Contract Tower,0,1,9,0,10,0,0,16,0,16,0,1,25,0,26,10,0,10,36
10/29/2017,MKL,TN,ASO,CE,Federal Contract Tower,0,3,13,0,16,0,0,23,0,23,0,3,36,0,39,18,0,18,57
10/30/2017,MKL,TN,ASO,CE,Federal Contract Tower,0,4,9,0,13,0,0,16,0,16,0,4,25,0,29,2,0,2,31
10/31/2017,MKL,TN,ASO,CE,Federal Contract Tower,0,4,9,0,13,0,0,28,4,32,0,4,37,4,45,2,0,2,47
11/01/2017,MKL,TN,ASO,CE,Federal Contract Tower,0,4,6,0,10,0,0,6,2,8,0,4,12,2,18,4,28,32,50
11/02/2017,MKL,TN,ASO,CE,Federal Contract Tower,0,4,12,0,16,0,0,1,1,2,0,4,13,1,18,0,0,0,18
11/03/2017,MKL,TN,ASO,CE,Federal Contract Tower,0,5,2,0,7,0,0,1,0,1,0,5,3,0,8,0,0,0,8
11/04/2017,MKL,TN,ASO,CE,Federal Contract Tower,0,3,11,0,14,0,0,9,6,15,0,3,20,6,29,4,0,4,33
11/05/2017,MKL,TN,ASO,CE,Federal Contract Tower,0,5,13,1,19,0,0,6,2,8,0,5,19,3,27,18,0,18,45
11/06/2017,MKL,TN,ASO,CE,Federal Contract Tower,0,6,7,0,13,0,0,0,0,0,0,6,7,0,13,0,0,0,13
11/07/2017,MKL,TN,ASO,CE,Federal Contract Tower,0,5,4,2,11,0,0,2,0,2,0,5,6,2,13,0,0,0,13
11/08/2017,MKL,TN,ASO,CE,Federal Contract Tower,0,8,10,0,18,0,1,13,2,16,0,9,23,2,34,26,0,26,60
11/09/2017,MKL,TN,ASO,CE,Federal Contract Tower,0,4,13,2,19,0,0,23,10,33,0,4,36,12,52,14,4,18,70
11/10/2017,MKL,TN,ASO,CE,Federal Contract Tower,0,4,12,0,16,0,0,21,0,21,0,4,33,0,37,12,0,12,49
11/11/2017,MKL,TN,ASO,CE,Federal Contract Tower,0,2,8,0,10,0,0,17,0,17,0,2,25,0,27,12,0,12,39
11/12/2017,MKL,TN,ASO,CE,Federal Contract Tower,0,7,7,0,14,0,0,11,0,11,0,7,18,0,25,4,0,4,29
11/13/2017,MKL,TN,ASO,CE,Federal Contract Tower,0,6,10,0,16,0,0,7,0,7,0,6,17,0,23,0,0,0,23
11/14/2017,MKL,TN,ASO,CE,Federal Contract Tower,0,4,13,0,17,0,0,29,4,33,0,4,42,4,50,10,0,10,60
11/15/2017,MKL,TN,ASO,CE,Federal Contract Tower,0,4,13,2,19,0,0,7,1,8,0,4,20,3,27,12,0,12,39
11/16/2017,MKL,TN,ASO,CE,Federal Contract Tower,0,5,20,3,28,0,0,22,7,29,0,5,42,10,57,22,12,34,91
11/17/2017,MKL,TN,ASO,CE,Federal Contract Tower,0,6,16,1,23,0,0,20,8,28,0,6,36,9,51,22,22,44,95
11/18/2017,MKL,TN,ASO,CE,Federal Contract Tower,0,2,7,0,9,0,0,0,0,0,0,2,7,0,9,2,0,2,11
11/19/2017,MKL,TN,ASO,CE,Federal Contract Tower,0,5,13,0,18,0,0,22,8,30,0,5,35,8,48,18,0,18,66
11/20/2017,MKL,TN,ASO,CE,Federal Contract Tower,0,4,17,0,21,0,0,13,6,19,0,4,30,6,40,0,22,22,62
11/21/2017,MKL,TN,ASO,CE,Federal Contract Tower,0,9,14,0,23,0,0,10,2,12,0,9,24,2,35,8,4,12,47
11/22/2017,MKL,TN,ASO,CE,Federal Contract Tower,0,5,17,0,22,0,0,27,2,29,0,5,44,2,51,0,0,0,51
11/23/2017,MKL,TN,ASO,CE,Federal Contract Tower,0,4,6,0,10,0,0,7,0,7,0,4,13,0,17,0,0,0,17
11/24/2017,MKL,TN,ASO,CE,Federal Contract Tower,0,4,5,0,9,0,0,18,0,18,0,4,23,0,27,2,0,2,29
11/25/2017,MKL,TN,ASO,CE,Federal Contract Tower,0,2,6,0,8,0,0,13,0,13,0,2,19,0,21,2,0,2,23
11/26/2017,MKL,TN,ASO,CE,Federal Contract Tower,0,2,13,0,15,0,0,35,0,35,0,2,48,0,50,20,0,20,70
11/27/2017,MKL,TN,ASO,CE,Federal Contract Tower,0,4,7,0,11,0,0,38,0,38,0,4,45,0,49,18,0,18,67
11/28/2017,MKL,TN,ASO,CE,Federal Contract Tower,0,4,16,0,20,0,0,29,3,32,0,4,45,3,52,24,0,24,76
11/29/2017,MKL,TN,ASO,CE,Federal Contract Tower,0,6,6,0,12,0,0,22,2,24,0,6,28,2,36,2,28,30,66
11/30/2017,MKL,TN,ASO,CE,Federal Contract Tower,0,3,3,4,10,0,0,18,17,35,0,3,21,21,45,8,46,54,99
12/01/2017,MKL,TN,ASO,CE,Federal Contract Tower,0,6,18,1,25,0,0,31,6,37,0,6,49,7,62,24,4,28,90
12/02/2017,MKL,TN,ASO,CE,Federal Contract Tower,0,2,5,0,7,0,0,24,0,24,0,2,29,0,31,18,0,18,49
12/03/2017,MKL,TN,ASO,CE,Federal Contract Tower,0,3,10,0,13,0,0,21,0,21,0,3,31,0,34,8,0,8,42
12/04/2017,MKL,TN,ASO,CE,Federal Contract Tower,0,4,11,0,15,0,0,8,2,10,0,4,19,2,25,4,0,4,29
12/05/2017,MKL,TN,ASO,CE,Federal Contract Tower,0,6,6,1,13,0,0,1,1,2,0,6,7,2,15,0,0,0,15
12/06/2017,MKL,TN,ASO,CE,Federal Contract Tower,0,6,10,1,17,0,0,26,4,30,0,6,36,5,47,26,0,26,73
12/07/2017,MKL,TN,ASO,CE,Federal Contract Tower,0,4,3,0,7,0,0,18,14,32,0,4,21,14,39,20,0,20,59
12/08/2017,MKL,TN,ASO,CE,Federal Contract Tower,0,8,2,2,12,0,0,25,3,28,0,8,27,5,40,6,0,6,46
12/09/2017,MKL,TN,ASO,CE,Federal Contract Tower,0,3,2,1,6,0,0,18,4,22,0,3,20,5,28,10,2,12,40
12/10/2017,MKL,TN,ASO,CE,Federal Contract Tower,0,3,6,0,9,0,0,13,0,13,0,3,19,0,22,16,0,16,38
12/11/2017,MKL,TN,ASO,CE,Federal Contract Tower,0,4,11,0,15,0,0,17,0,17,0,4,28,0,32,12,0,12,44
12/12/2017,MKL,TN,ASO,CE,Federal Contract Tower,0,4,16,0,20,0,0,19,2,21,0,4,35,2,41,8,0,8,49
12/13/2017,MKL,TN,ASO,CE,Federal Contract Tower,0,5,11,0,16,0,0,6,0,6,0,5,17,0,22,0,0,0,22
12/14/2017,MKL,TN,ASO,CE,Federal Contract Tower,0,4,23,0,27,0,0,30,4,34,0,4,53,4,61,50,34,84,145
12/15/2017,MKL,TN,ASO,CE,Federal Contract Tower,0,4,20,2,26,0,0,32,5,37,0,4,52,7,63,40,6,46,109
12/16/2017,MKL,TN,ASO,CE,Federal Contract Tower,0,3,5,0,8,0,1,27,9,37,0,4,32,9,45,20,26,46,91
12/17/2017,MKL,TN,ASO,CE,Federal Contract Tower,0,6,13,2,21,0,0,0,3,3,0,6,13,5,24,0,22,22,46
12/18/2017,MKL,TN,ASO,CE,Federal Contract Tower,0,4,11,0,15,0,0,0,0,0,0,4,11,0,15,0,0,0,15
12/19/2017,MKL,TN,ASO,CE,Federal Contract Tower,0,4,7,2,13,0,0,0,0,0,0,4,7,2,13,0,0,0,13
12/20/2017,MKL,TN,ASO,CE,Federal Contract Tower,0,4,4,0,8,0,0,0,0,0,0,4,4,0,8,0,0,0,8
12/21/2017,MKL,TN,ASO,CE,Federal Contract Tower,0,8,13,0,21,0,0,0,0,0,0,8,13,0,21,0,0,0,21
12/22/2017,MKL,TN,ASO,CE,Federal Contract Tower,0,4,2,0,6,0,0,0,0,0,0,4,2,0,6,0,0,0,6
12/23/2017,MKL,TN,ASO,CE,Federal Contract Tower,0,2,5,0,7,0,0,2,0,2,0,2,7,0,9,0,0,0,9
12/24/2017,MKL,TN,ASO,CE,Federal Contract Tower,0,3,5,0,8,0,0,1,0,1,0,3,6,0,9,0,0,0,9
12/25/2017,MKL,TN,ASO,CE,Federal Contract Tower,0,4,0,0,4,0,0,2,0,2,0,4,2,0,6,0,0,0,6
12/26/2017,MKL,TN,ASO,CE,Federal Contract Tower,0,4,11,0,15,0,0,37,0,37,0,4,48,0,52,0,0,0,52
12/27/2017,MKL,TN,ASO,CE,Federal Contract Tower,0,4,3,0,7,0,0,12,0,12,0,4,15,0,19,0,0,0,19
12/28/2017,MKL,TN,ASO,CE,Federal Contract Tower,0,4,2,0,6,0,0,17,4,21,0,4,19,4,27,0,0,0,27
12/29/2017,MKL,TN,ASO,CE,Federal Contract Tower,0,6,12,0,18,0,0,23,2,25,0,6,35,2,43,36,0,36,79
12/30/2017,MKL,TN,ASO,CE,Federal Contract Tower,0,2,2,0,4,0,0,13,0,13,0,2,15,0,17,0,0,0,17
12/31/2017,MKL,TN,ASO,CE,Federal Contract Tower,0,3,1,0,4,0,0,1,0,1,0,3,2,0,5,0,0,0,5
01/01/2018,MKL,TN,ASO,CE,Federal Contract Tower,0,4,5,0,9,0,0,1,0,1,0,4,6,0,10,0,0,0,10
01/02/2018,MKL,TN,ASO,CE,Federal Contract Tower,0,4,8,0,12,0,0,16,0,16,0,4,24,0,28,16,0,16,44
01/03/2018,MKL,TN,ASO,CE,Federal Contract Tower,0,4,10,2,16,0,0,16,5,21,0,4,26,7,37,24,16,40,77
01/04/2018,MKL,TN,ASO,CE,Federal Contract Tower,0,4,6,2,12,0,0,24,12,36,0,4,30,14,48,20,24,44,92
01/05/2018,MKL,TN,ASO,CE,Federal Contract Tower,0,4,8,1,13,0,0,21,8,29,0,4,29,9,42,42,28,70,112
01/06/2018,MKL,TN,ASO,CE,Federal Contract Tower,0,2,14,0,16,0,0,32,3,35,0,2,46,3,51,52,0,52,103
01/07/2018,MKL,TN,ASO,CE,Federal Contract Tower,0,2,3,0,5,0,0,7,9,16,0,2,10,9,21,0,0,0,21
01/08/2018,MKL,TN,ASO,CE,Federal Contract Tower,0,2,2,0,4,0,0,0,0,0,0,2,2,0,4,0,0,0,4
01/09/2018,MKL,TN,ASO,CE,Federal Contract Tower,0,4,1,0,5,0,0,0,0,0,0,4,1,0,5,0,0,0,5
01/10/2018,MKL,TN,ASO,CE,Federal Contract Tower,0,5,9,0,14,0,0,0,0,0,0,5,9,0,14,0,0,0,14
01/11/2018,MKL,TN,ASO,CE,Federal Contract Tower,0,6,7,0,13,0,0,0,0,0,0,6,7,0,13,0,0,0,13
01/12/2018,MKL,TN,ASO,CE,Federal Contract Tower,0,0,0,0,0,0,0,0,0,0,0,0,0,0,0,0,0,0,0
01/13/2018,MKL,TN,ASO,CE,Federal Contract Tower,0,0,0,0,0,0,0,0,0,0,0,0,0,0,0,0,0,0,0
01/14/2018,MKL,TN,ASO,CE,Federal Contract Tower,0,0,0,0,0,0,0,0,0,0,0,0,0,0,0,0,0,0,0
01/15/2018,MKL,TN,ASO,CE,Federal Contract Tower,0,3,4,0,7,0,0,1,0,1,0,3,5,0,8,0,0,0,8
01/16/2018,MKL,TN,ASO,CE,Federal Contract Tower,0,3,0,0,3,0,0,2,0,2,0,3,2,0,5,0,0,0,5
01/17/2018,MKL,TN,ASO,CE,Federal Contract Tower,0,4,4,1,9,0,0,9,4,13,0,4,13,5,22,0,0,0,22
01/18/2018,MKL,TN,ASO,CE,Federal Contract Tower,0,6,8,1,15,0,0,11,22,33,0,6,19,23,48,4,20,24,72
01/19/2018,MKL,TN,ASO,CE,Federal Contract Tower,0,6,18,0,24,0,0,28,2,30,0,6,46,2,54,22,22,44,98
01/20/2018,MKL,TN,ASO,CE,Federal Contract Tower,0,2,16,0,18,0,0,11,0,11,0,2,27,0,29,14,0,14,43
01/21/2018,MKL,TN,ASO,CE,Federal Contract Tower,0,3,5,0,8,0,0,2,0,2,0,3,7,0,10,10,0,10,20
01/22/2018,MKL,TN,ASO,CE,Federal Contract Tower,0,5,9,0,14,0,0,11,0,11,0,5,20,0,25,0,0,0,25
01/23/2018,MKL,TN,ASO,CE,Federal Contract Tower,0,4,12,0,16,0,0,16,2,18,0,4,28,2,34,0,30,30,64
01/24/2018,MKL,TN,ASO,CE,Federal Contract Tower,0,7,9,2,18,0,1,38,5,44,0,8,47,7,62,6,18,24,86
01/25/2018,MKL,TN,ASO,CE,Federal Contract Tower,0,6,21,0,27,0,0,33,11,44,0,6,54,11,71,30,0,30,101
01/26/2018,MKL,TN,ASO,CE,Federal Contract Tower,0,6,11,0,17,0,0,27,18,45,0,6,38,18,62,4,0,4,66
01/27/2018,MKL,TN,ASO,CE,Federal Contract Tower,0,2,3,0,5,0,0,3,0,3,0,2,6,0,8,0,0,0,8
01/28/2018,MKL,TN,ASO,CE,Federal Contract Tower,0,3,8,0,11,0,0,23,0,23,0,3,31,0,34,6,0,6,40
01/29/2018,MKL,TN,ASO,CE,Federal Contract Tower,0,5,10,0,15,0,0,10,6,16,0,5,20,6,31,0,0,0,31
01/30/2018,MKL,TN,ASO,CE,Federal Contract Tower,0,4,12,1,17,0,0,25,7,32,0,4,37,8,49,20,32,52,101
01/31/2018,MKL,TN,ASO,CE,Federal Contract Tower,0,5,8,0,13,0,0,15,0,15,0,5,23,0,28,10,0,10,38
02/01/2018,MKL,TN,ASO,CE,Federal Contract Tower,0,4,9,0,13,0,0,5,11,16,0,4,14,11,29,0,38,38,67
02/02/2018,MKL,TN,ASO,CE,Federal Contract Tower,0,4,11,0,15,0,0,32,0,32,0,4,43,0,47,16,0,16,63
02/03/2018,MKL,TN,ASO,CE,Federal Contract Tower,0,2,11,0,13,0,0,29,0,29,0,2,40,0,42,28,0,28,70
02/04/2018,MKL,TN,ASO,CE,Federal Contract Tower,0,3,6,0,9,0,0,20,0,20,0,3,26,0,29,12,0,12,41
02/05/2018,MKL,TN,ASO,CE,Federal Contract Tower,0,9,11,0,20,0,0,21,0,21,0,9,32,0,41,34,0,34,75
02/06/2018,MKL,TN,ASO,CE,Federal Contract Tower,0,3,5,0,8,0,0,4,2,6,0,3,9,2,14,14,0,14,28
02/07/2018,MKL,TN,ASO,CE,Federal Contract Tower,0,5,5,0,10,0,0,2,2,4,0,5,7,2,14,0,2,2,16
02/08/2018,MKL,TN,ASO,CE,Federal Contract Tower,0,11,12,3,26,0,3,46,12,61,0,14,58,15,87,80,0,80,167
02/09/2018,MKL,TN,ASO,CE,Federal Contract Tower,0,3,11,0,14,0,0,16,8,24,0,3,27,8,38,8,32,40,78
02/10/2018,MKL,TN,ASO,CE,Federal Contract Tower,0,4,1,0,5,0,0,0,0,0,0,4,1,0,5,0,0,0,5
02/11/2018,MKL,TN,ASO,CE,Federal Contract Tower,0,6,6,0,12,0,0,0,0,0,0,6,6,0,12,0,0,0,12
02/12/2018,MKL,TN,ASO,CE,Federal Contract Tower,0,6,13,1,20,0,0,16,4,20,0,6,29,5,40,8,10,18,58
02/13/2018,MKL,TN,ASO,CE,Federal Contract Tower,0,8,23,3,34,0,0,62,2,64,0,8,85,5,98,32,0,32,130
02/14/2018,MKL,TN,ASO,CE,Federal Contract Tower,0,4,9,2,15,0,0,0,0,0,0,4,9,2,15,0,0,0,15
02/15/2018,MKL,TN,ASO,CE,Federal Contract Tower,0,4,7,0,11,0,0,4,5,9,0,4,11,5,20,0,0,0,20
02/16/2018,MKL,TN,ASO,CE,Federal Contract Tower,0,6,5,0,11,0,0,0,0,0,0,6,5,0,11,0,0,0,11
02/17/2018,MKL,TN,ASO,CE,Federal Contract Tower,0,3,4,0,7,0,0,0,0,0,0,3,4,0,7,0,0,0,7
02/18/2018,MKL,TN,ASO,CE,Federal Contract Tower,0,4,5,0,9,0,0,14,0,14,0,4,19,0,23,0,0,0,23
02/19/2018,MKL,TN,ASO,CE,Federal Contract Tower,0,4,11,0,15,0,0,9,0,9,0,4,20,0,24,0,0,0,24
02/20/2018,MKL,TN,ASO,CE,Federal Contract Tower,0,5,8,0,13,0,0,9,0,9,0,5,17,0,22,0,0,0,22
02/21/2018,MKL,TN,ASO,CE,Federal Contract Tower,0,6,7,0,13,0,0,0,0,0,0,6,7,0,13,0,0,0,13
02/22/2018,MKL,TN,ASO,CE,Federal Contract Tower,0,5,11,0,16,0,0,0,0,0,0,5,11,0,16,0,0,0,16
02/23/2018,MKL,TN,ASO,CE,Federal Contract Tower,0,8,8,1,17,0,0,7,5,12,0,8,15,6,29,0,0,0,29
02/24/2018,MKL,TN,ASO,CE,Federal Contract Tower,0,1,1,0,2,0,0,5,0,5,0,1,6,0,7,0,0,0,7
02/25/2018,MKL,TN,ASO,CE,Federal Contract Tower,0,2,11,1,14,0,2,48,13,63,0,4,59,14,77,34,0,34,111
02/26/2018,MKL,TN,ASO,CE,Federal Contract Tower,0,3,15,0,18,0,0,44,8,52,0,3,59,8,70,54,16,70,140
02/27/2018,MKL,TN,ASO,CE,Federal Contract Tower,0,5,15,0,20,0,0,165,9,174,0,5,180,9,194,40,50,90,284
02/28/2018,MKL,TN,ASO,CE,Federal Contract Tower,0,4,6,0,10,0,0,0,0,0,0,4,6,0,10,0,0,0,10
03/01/2018,MKL,TN,ASO,CE,Federal Contract Tower,0,7,14,1,22,0,0,16,11,27,0,7,30,12,49,14,40,54,103
03/02/2018,MKL,TN,ASO,CE,Federal Contract Tower,0,6,9,1,16,0,0,37,5,42,0,6,46,6,58,28,0,28,86
03/03/2018,MKL,TN,ASO,CE,Federal Contract Tower,0,2,8,1,11,0,0,130,14,144,0,2,138,15,155,34,22,56,211
03/04/2018,MKL,TN,ASO,CE,Federal Contract Tower,0,3,7,0,10,0,0,200,4,204,0,3,207,4,214,36,0,36,250
03/05/2018,MKL,TN,ASO,CE,Federal Contract Tower,0,4,3,0,7,0,0,3,2,5,0,4,6,2,12,0,0,0,12
03/06/2018,MKL,TN,ASO,CE,Federal Contract Tower,0,6,8,2,16,0,0,40,29,69,0,6,48,31,85,16,26,42,127
03/07/2018,MKL,TN,ASO,CE,Federal Contract Tower,0,3,8,3,14,0,0,170,4,174,0,3,178,7,188,10,6,16,204
03/08/2018,MKL,TN,ASO,CE,Federal Contract Tower,0,7,10,1,18,0,0,15,16,31,0,7,25,17,49,2,2,4,53
03/09/2018,MKL,TN,ASO,CE,Federal Contract Tower,0,6,14,0,20,0,0,23,11,34,0,6,37,11,54,20,2,22,76
03/10/2018,MKL,TN,ASO,CE,Federal Contract Tower,0,2,3,0,5,0,0,113,9,122,0,2,116,9,127,6,42,48,175
03/11/2018,MKL,TN,ASO,CE,Federal Contract Tower,0,5,5,0,10,0,0,0,0,0,0,5,5,0,10,0,0,0,10
03/12/2018,MKL,TN,ASO,CE,Federal Contract Tower,0,6,10,0,16,0,0,38,0,38,0,6,48,0,54,0,0,0,54
03/13/2018,MKL,TN,ASO,CE,Federal Contract Tower,0,8,12,0,20,0,0,53,3,56,0,8,65,3,76,0,0,0,76
03/14/2018,MKL,TN,ASO,CE,Federal Contract Tower,0,4,12,3,19,0,0,29,10,39,0,4,41,13,58,12,18,30,88
03/15/2018,MKL,TN,ASO,CE,Federal Contract Tower,0,6,15,2,23,0,0,32,10,42,0,6,47,12,65,4,22,26,91
03/16/2018,MKL,TN,ASO,CE,Federal Contract Tower,0,4,5,0,9,0,0,12,0,12,0,4,17,0,21,2,0,2,23
03/17/2018,MKL,TN,ASO,CE,Federal Contract Tower,0,4,5,3,12,0,0,10,8,18,0,4,15,11,30,2,4,6,36
03/18/2018,MKL,TN,ASO,CE,Federal Contract Tower,0,3,13,2,18,0,0,28,4,32,0,3,41,6,50,16,0,16,66
03/19/2018,MKL,TN,ASO,CE,Federal Contract Tower,0,5,9,0,14,0,0,1,0,1,0,5,10,0,15,0,0,0,15
03/20/2018,MKL,TN,ASO,CE,Federal Contract Tower,0,4,11,0,15,0,0,2,0,2,0,4,13,0,17,0,0,0,17
03/21/2018,MKL,TN,ASO,CE,Federal Contract Tower,0,5,12,0,17,0,0,44,3,47,0,5,56,3,64,8,20,28,92
03/22/2018,MKL,TN,ASO,CE,Federal Contract Tower,0,4,15,1,20,0,0,44,10,54,0,4,59,11,74,14,12,26,100
03/23/2018,MKL,TN,ASO,CE,Federal Contract Tower,0,5,16,2,23,0,0,40,2,42,0,5,56,4,65,34,0,34,99
03/24/2018,MKL,TN,ASO,CE,Federal Contract Tower,0,5,10,0,15,0,0,5,2,7,0,5,15,2,22,2,0,2,24
03/25/2018,MKL,TN,ASO,CE,Federal Contract Tower,0,6,3,0,9,0,0,7,8,15,0,6,10,8,24,32,30,62,86
03/26/2018,MKL,TN,ASO,CE,Federal Contract Tower,0,6,6,0,12,0,0,8,8,16,0,6,14,8,28,0,0,0,28
03/27/2018,MKL,TN,ASO,CE,Federal Contract Tower,0,4,7,2,13,0,0,0,4,4,0,4,7,6,17,0,12,12,29
03/28/2018,MKL,TN,ASO,CE,Federal Contract Tower,0,8,9,0,17,0,0,5,0,5,0,8,14,0,22,0,0,0,22
03/29/2018,MKL,TN,ASO,CE,Federal Contract Tower,0,7,5,0,12,0,1,3,0,4,0,8,8,0,16,8,0,8,24
03/30/2018,MKL,TN,ASO,CE,Federal Contract Tower,0,5,15,0,20,0,0,26,0,26,0,5,41,0,46,28,0,28,74
03/31/2018,MKL,TN,ASO,CE,Federal Contract Tower,0,2,17,0,19,0,0,34,0,34,0,2,51,0,53,30,0,30,83
04/01/2018,MKL,TN,ASO,CE,Federal Contract Tower,0,3,6,0,9,0,0,2,0,2,0,3,8,0,11,0,0,0,11
04/02/2018,MKL,TN,ASO,CE,Federal Contract Tower,0,5,9,0,14,0,0,5,0,5,0,5,14,0,19,10,0,10,29
04/03/2018,MKL,TN,ASO,CE,Federal Contract Tower,0,5,3,0,8,0,0,4,2,6,0,5,7,2,14,0,0,0,14
04/04/2018,MKL,TN,ASO,CE,Federal Contract Tower,0,7,11,0,18,0,0,29,0,29,0,7,40,0,47,26,0,26,73
04/05/2018,MKL,TN,ASO,CE,Federal Contract Tower,0,4,19,0,23,0,0,52,4,56,0,4,71,4,79,14,0,14,93
04/06/2018,MKL,TN,ASO,CE,Federal Contract Tower,0,5,7,0,12,0,0,4,0,4,0,5,11,0,16,12,0,12,28
04/07/2018,MKL,TN,ASO,CE,Federal Contract Tower,0,2,0,0,2,0,0,4,0,4,0,2,4,0,6,0,0,0,6
04/08/2018,MKL,TN,ASO,CE,Federal Contract Tower,0,3,8,0,11,0,0,25,2,27,0,3,33,2,38,22,0,22,60
04/09/2018,MKL,TN,ASO,CE,Federal Contract Tower,0,4,9,0,13,0,0,28,4,32,0,4,37,4,45,20,0,20,65
04/10/2018,MKL,TN,ASO,CE,Federal Contract Tower,0,4,16,2,22,0,0,20,0,20,0,4,36,2,42,22,0,22,64
04/11/2018,MKL,TN,ASO,CE,Federal Contract Tower,0,4,15,0,19,0,0,46,11,57,0,4,61,11,76,24,12,36,112
04/12/2018,MKL,TN,ASO,CE,Federal Contract Tower,0,5,9,1,15,0,0,15,2,17,0,5,24,3,32,8,0,8,40
04/13/2018,MKL,TN,ASO,CE,Federal Contract Tower,0,4,10,0,14,0,0,8,12,20,0,4,18,12,34,2,4,6,40
04/14/2018,MKL,TN,ASO,CE,Federal Contract Tower,0,5,0,0,5,0,0,2,0,2,0,5,2,0,7,0,0,0,7
04/15/2018,MKL,TN,ASO,CE,Federal Contract Tower,0,3,7,0,10,0,0,1,10,11,0,3,8,10,21,0,0,0,21
04/16/2018,MKL,TN,ASO,CE,Federal Contract Tower,0,4,7,0,11,0,0,5,0,5,0,4,12,0,16,0,0,0,16
04/17/2018,MKL,TN,ASO,CE,Federal Contract Tower,0,5,7,0,12,0,0,26,0,26,0,5,33,0,38,18,0,18,56
04/18/2018,MKL,TN,ASO,CE,Federal Contract Tower,0,4,18,0,22,0,0,19,0,19,0,4,37,0,41,18,0,18,59
04/19/2018,MKL,TN,ASO,CE,Federal Contract Tower,0,4,19,1,24,0,0,31,9,40,0,4,50,10,64,20,0,20,84
04/20/2018,MKL,TN,ASO,CE,Federal Contract Tower,0,3,9,0,12,0,0,30,6,36,0,3,39,6,48,14,18,32,80
04/21/2018,MKL,TN,ASO,CE,Federal Contract Tower,0,2,16,4,22,0,0,17,13,30,0,2,33,17,52,16,14,30,82
04/22/2018,MKL,TN,ASO,CE,Federal Contract Tower,0,3,11,0,14,0,0,0,0,0,0,3,11,0,14,0,0,0,14
04/23/2018,MKL,TN,ASO,CE,Federal Contract Tower,0,5,13,0,18,0,0,3,0,3,0,5,16,0,21,0,0,0,21
04/24/2018,MKL,TN,ASO,CE,Federal Contract Tower,0,5,8,0,13,0,0,3,3,6,0,5,11,3,19,16,8,24,43
04/25/2018,MKL,TN,ASO,CE,Federal Contract Tower,0,7,19,1,27,0,0,28,3,31,0,7,47,4,58,4,4,8,66
04/26/2018,MKL,TN,ASO,CE,Federal Contract Tower,0,4,9,2,15,0,0,5,1,6,0,4,14,3,21,56,0,56,77
04/27/2018,MKL,TN,ASO,CE,Federal Contract Tower,0,6,10,0,16,0,0,60,0,60,0,6,70,0,76,100,0,100,176
04/28/2018,MKL,TN,ASO,CE,Federal Contract Tower,0,2,9,0,11,0,0,41,2,43,0,2,50,2,54,18,0,18,72
04/29/2018,MKL,TN,ASO,CE,Federal Contract Tower,0,4,15,0,19,0,0,65,0,65,0,4,80,0,84,32,0,32,116
04/30/2018,MKL,TN,ASO,CE,Federal Contract Tower,0,3,20,0,23,0,0,65,0,65,0,3,85,0,88,26,0,26,114
05/01/2018,MKL,TN,ASO,CE,Federal Contract Tower,0,4,9,0,13,0,0,50,6,56,0,4,59,6,69,46,10,56,125
05/02/2018,MKL,TN,ASO,CE,Federal Contract Tower,0,4,9,1,14,0,0,25,7,32,0,4,34,8,46,22,16,38,84
05/03/2018,MKL,TN,ASO,CE,Federal Contract Tower,0,5,13,1,19,0,0,41,4,45,0,5,54,5,64,18,4,22,86
05/04/2018,MKL,TN,ASO,CE,Federal Contract Tower,0,6,6,1,13,0,0,4,9,13,0,6,10,10,26,0,44,44,70
05/05/2018,MKL,TN,ASO,CE,Federal Contract Tower,0,1,1,4,6,0,0,1,1,2,0,1,2,5,8,0,0,0,8
05/06/2018,MKL,TN,ASO,CE,Federal Contract Tower,0,3,3,0,6,0,0,22,6,28,0,3,25,6,34,26,0,26,60
05/07/2018,MKL,TN,ASO,CE,Federal Contract Tower,0,6,8,1,15,0,0,31,7,38,0,6,39,8,53,12,0,12,65
05/08/2018,MKL,TN,ASO,CE,Federal Contract Tower,0,5,5,0,10,0,0,29,5,34,0,5,34,5,44,18,2,20,64
05/09/2018,MKL,TN,ASO,CE,Federal Contract Tower,0,4,16,0,20,0,0,33,2,35,0,4,49,2,55,26,0,26,81
05/10/2018,MKL,TN,ASO,CE,Federal Contract Tower,0,6,7,0,13,0,2,36,5,43,0,8,43,5,56,86,0,86,142
05/11/2018,MKL,TN,ASO,CE,Federal Contract Tower,0,3,14,0,17,0,0,30,4,34,0,3,44,4,51,84,0,84,135
05/12/2018,MKL,TN,ASO,CE,Federal Contract Tower,0,2,4,0,6,0,0,28,2,30,0,2,32,2,36,34,0,34,70
05/13/2018,MKL,TN,ASO,CE,Federal Contract Tower,0,3,4,0,7,0,0,10,0,10,0,3,14,0,17,0,0,0,17
05/14/2018,MKL,TN,ASO,CE,Federal Contract Tower,0,4,16,0,20,0,0,22,0,22,0,4,38,0,42,8,0,8,50
05/15/2018,MKL,TN,ASO,CE,Federal Contract Tower,0,7,10,0,17,0,0,36,5,41,0,7,46,5,58,38,0,38,96
05/16/2018,MKL,TN,ASO,CE,Federal Contract Tower,0,8,18,0,26,0,2,19,5,26,0,10,37,5,52,44,14,58,110
05/17/2018,MKL,TN,ASO,CE,Federal Contract Tower,0,8,9,0,17,0,0,12,5,17,0,8,21,5,34,6,30,36,70
05/18/2018,MKL,TN,ASO,CE,Federal Contract Tower,0,4,8,2,14,0,0,8,0,8,0,4,16,2,22,2,0,2,24
05/19/2018,MKL,TN,ASO,CE,Federal Contract Tower,0,2,9,0,11,0,1,20,6,27,0,3,29,6,38,8,0,8,46
05/20/2018,MKL,TN,ASO,CE,Federal Contract Tower,0,5,13,1,19,0,0,13,2,15,0,5,26,3,34,12,14,26,60
05/21/2018,MKL,TN,ASO,CE,Federal Contract Tower,0,4,10,0,14,0,0,17,0,17,0,4,27,0,31,20,0,20,51
05/22/2018,MKL,TN,ASO,CE,Federal Contract Tower,0,4,10,0,14,0,0,21,2,23,0,4,31,2,37,26,0,26,63
05/23/2018,MKL,TN,ASO,CE,Federal Contract Tower,0,6,14,0,20,0,0,57,3,60,0,6,71,3,80,88,2,90,170
05/24/2018,MKL,TN,ASO,CE,Federal Contract Tower,0,4,25,0,29,0,0,45,9,54,0,4,70,9,83,46,24,70,153
05/25/2018,MKL,TN,ASO,CE,Federal Contract Tower,0,6,12,0,18,0,3,10,0,13,0,9,22,0,31,0,0,0,31
05/26/2018,MKL,TN,ASO,CE,Federal Contract Tower,0,2,7,0,9,0,0,17,0,17,0,2,24,0,26,40,0,40,66
05/27/2018,MKL,TN,ASO,CE,Federal Contract Tower,0,3,2,0,5,0,0,29,0,29,0,3,31,0,34,6,0,6,40
05/28/2018,MKL,TN,ASO,CE,Federal Contract Tower,0,4,6,0,10,0,0,17,0,17,0,4,23,0,27,32,0,32,59
05/29/2018,MKL,TN,ASO,CE,Federal Contract Tower,0,3,7,0,10,0,0,1,0,1,0,3,8,0,11,0,0,0,11
05/30/2018,MKL,TN,ASO,CE,Federal Contract Tower,0,5,15,0,20,0,0,12,9,21,0,5,27,9,41,0,38,38,79
05/31/2018,MKL,TN,ASO,CE,Federal Contract Tower,0,4,12,2,18,0,0,27,18,45,0,4,39,20,63,32,36,68,131
06/01/2018,MKL,TN,ASO,CE,Federal Contract Tower,0,3,5,0,8,0,0,16,5,21,0,3,21,5,29,20,0,20,49
06/02/2018,MKL,TN,ASO,CE,Federal Contract Tower,0,2,24,5,31,0,0,35,10,45,0,2,59,15,76,42,0,42,118
06/03/2018,MKL,TN,ASO,CE,Federal Contract Tower,0,3,21,0,24,0,0,31,13,44,0,3,52,13,68,16,0,16,84
06/04/2018,MKL,TN,ASO,CE,Federal Contract Tower,0,4,11,0,15,0,0,27,4,31,0,4,38,4,46,2,0,2,48
06/05/2018,MKL,TN,ASO,CE,Federal Contract Tower,0,4,9,0,13,0,0,19,13,32,0,4,28,13,45,22,6,28,73
06/06/2018,MKL,TN,ASO,CE,Federal Contract Tower,0,4,10,1,15,0,0,26,8,34,0,4,36,9,49,0,0,0,49
06/07/2018,MKL,TN,ASO,CE,Federal Contract Tower,0,5,10,0,15,0,0,20,13,33,0,5,30,13,48,8,18,26,74
06/08/2018,MKL,TN,ASO,CE,Federal Contract Tower,0,5,13,1,19,0,0,21,6,27,0,5,34,7,46,0,0,0,46
06/09/2018,MKL,TN,ASO,CE,Federal Contract Tower,0,2,3,0,5,0,0,27,0,27,0,2,30,0,32,24,0,24,56
06/10/2018,MKL,TN,ASO,CE,Federal Contract Tower,0,3,12,0,15,0,0,21,0,21,0,3,33,0,36,18,2,20,56
06/11/2018,MKL,TN,ASO,CE,Federal Contract Tower,0,5,15,0,20,0,0,14,0,14,0,5,29,0,34,26,0,26,60
06/12/2018,MKL,TN,ASO,CE,Federal Contract Tower,0,4,13,0,17,0,0,13,0,13,0,4,26,0,30,0,0,0,30
06/13/2018,MKL,TN,ASO,CE,Federal Contract Tower,0,4,17,0,21,0,0,32,2,34,0,4,49,2,55,36,8,44,99
06/14/2018,MKL,TN,ASO,CE,Federal Contract Tower,0,4,17,4,25,0,0,16,16,32,0,4,33,20,57,16,42,58,115
06/15/2018,MKL,TN,ASO,CE,Federal Contract Tower,0,4,6,0,10,0,0,27,5,32,0,4,33,5,42,32,0,32,74
06/16/2018,MKL,TN,ASO,CE,Federal Contract Tower,0,2,6,0,8,0,0,25,0,25,0,2,31,0,33,18,0,18,51
06/17/2018,MKL,TN,ASO,CE,Federal Contract Tower,0,3,9,0,12,0,0,18,0,18,0,3,27,0,30,24,0,24,54
06/18/2018,MKL,TN,ASO,CE,Federal Contract Tower,0,6,4,0,10,0,0,134,8,142,0,6,138,8,152,46,0,46,198
06/19/2018,MKL,TN,ASO,CE,Federal Contract Tower,0,4,14,0,18,0,0,19,0,19,0,4,33,0,37,50,0,50,87
06/20/2018,MKL,TN,ASO,CE,Federal Contract Tower,0,7,15,0,22,0,0,116,2,118,0,7,131,2,140,46,4,50,190
06/21/2018,MKL,TN,ASO,CE,Federal Contract Tower,0,4,17,0,21,0,0,48,2,50,0,4,65,2,71,2,0,2,73
06/22/2018,MKL,TN,ASO,CE,Federal Contract Tower,0,6,8,0,14,0,0,18,5,23,0,6,26,5,37,0,0,0,37
06/23/2018,MKL,TN,ASO,CE,Federal Contract Tower,0,2,5,0,7,0,0,4,7,11,0,2,9,7,18,4,10,14,32
06/24/2018,MKL,TN,ASO,CE,Federal Contract Tower,0,5,3,2,10,0,0,25,6,31,0,5,28,8,41,0,8,8,49
06/25/2018,MKL,TN,ASO,CE,Federal Contract Tower,0,4,10,0,14,0,3,64,2,69,0,7,74,2,83,12,0,12,95
06/26/2018,MKL,TN,ASO,CE,Federal Contract Tower,0,4,16,0,20,0,0,69,5,74,0,4,85,5,94,6,26,32,126
06/27/2018,MKL,TN,ASO,CE,Federal Contract Tower,0,4,6,0,10,0,0,34,5,39,0,4,40,5,49,8,8,16,65
06/28/2018,MKL,TN,ASO,CE,Federal Contract Tower,0,4,4,0,8,0,0,44,8,52,0,4,48,8,60,16,0,16,76
06/29/2018,MKL,TN,ASO,CE,Federal Contract Tower,0,2,14,1,17,0,0,32,4,36,0,2,46,5,53,86,4,90,143
06/30/2018,MKL,TN,ASO,CE,Federal Contract Tower,0,2,3,0,5,0,0,38,0,38,0,2,41,0,43,2,0,2,45
07/01/2018,MKL,TN,ASO,CE,Federal Contract Tower,0,3,12,0,15,0,0,50,0,50,0,3,62,0,65,68,0,68,133
07/02/2018,MKL,TN,ASO,CE,Federal Contract Tower,0,3,8,0,11,0,0,14,0,14,0,3,22,0,25,2,0,2,27
07/03/2018,MKL,TN,ASO,CE,Federal Contract Tower,0,4,14,0,18,0,0,27,2,29,0,4,41,2,47,52,0,52,99
07/04/2018,MKL,TN,ASO,CE,Federal Contract Tower,0,4,12,0,16,0,0,60,0,60,0,4,72,0,76,46,0,46,122
07/05/2018,MKL,TN,ASO,CE,Federal Contract Tower,0,7,10,1,18,0,0,19,6,25,0,7,29,7,43,24,4,28,71
07/06/2018,MKL,TN,ASO,CE,Federal Contract Tower,0,2,7,0,9,0,0,16,4,20,0,2,23,4,29,24,0,24,53
07/07/2018,MKL,TN,ASO,CE,Federal Contract Tower,0,2,3,0,5,0,0,39,0,39,0,2,42,0,44,30,0,30,74
07/08/2018,MKL,TN,ASO,CE,Federal Contract Tower,0,3,9,0,12,0,0,30,0,30,0,3,39,0,42,22,0,22,64
07/09/2018,MKL,TN,ASO,CE,Federal Contract Tower,0,5,22,0,27,0,0,109,0,109,0,5,131,0,136,26,0,26,162
07/10/2018,MKL,TN,ASO,CE,Federal Contract Tower,0,4,15,0,19,0,0,29,8,37,0,4,44,8,56,14,0,14,70
07/11/2018,MKL,TN,ASO,CE,Federal Contract Tower,0,9,12,0,21,0,1,42,8,51,0,10,54,8,72,30,0,30,102
07/12/2018,MKL,TN,ASO,CE,Federal Contract Tower,0,4,4,0,8,0,0,40,0,40,0,4,44,0,48,24,0,24,72
07/13/2018,MKL,TN,ASO,CE,Federal Contract Tower,0,4,7,0,11,0,0,36,1,37,0,4,43,1,48,28,0,28,76
07/14/2018,MKL,TN,ASO,CE,Federal Contract Tower,0,3,8,0,11,0,0,30,2,32,0,3,38,2,43,16,0,16,59
07/15/2018,MKL,TN,ASO,CE,Federal Contract Tower,0,2,5,0,7,0,0,20,0,20,0,2,25,0,27,36,0,36,63
07/16/2018,MKL,TN,ASO,CE,Federal Contract Tower,0,4,10,0,14,0,0,20,2,22,0,4,30,2,36,30,0,30,66
07/17/2018,MKL,TN,ASO,CE,Federal Contract Tower,0,1,9,0,10,0,0,25,0,25,0,1,34,0,35,12,0,12,47
07/18/2018,MKL,TN,ASO,CE,Federal Contract Tower,0,4,21,0,25,0,0,23,0,23,0,4,44,0,48,36,0,36,84
07/19/2018,MKL,TN,ASO,CE,Federal Contract Tower,0,4,11,0,15,0,0,29,2,31,0,4,40,2,46,34,0,34,80
07/20/2018,MKL,TN,ASO,CE,Federal Contract Tower,0,4,11,0,15,0,0,43,0,43,0,4,54,0,58,48,0,48,106
07/21/2018,MKL,TN,ASO,CE,Federal Contract Tower,0,2,13,1,16,0,0,34,0,34,0,2,47,1,50,4,0,4,54
07/22/2018,MKL,TN,ASO,CE,Federal Contract Tower,0,3,14,0,17,0,0,25,0,25,0,3,39,0,42,24,0,24,66
07/23/2018,MKL,TN,ASO,CE,Federal Contract Tower,0,4,19,0,23,0,0,29,2,31,0,4,48,2,54,2,0,2,56
07/24/2018,MKL,TN,ASO,CE,Federal Contract Tower,0,4,21,0,25,0,0,40,0,40,0,4,61,0,65,46,0,46,111
07/25/2018,MKL,TN,ASO,CE,Federal Contract Tower,0,4,9,0,13,0,0,28,0,28,0,4,37,0,41,0,0,0,41
07/26/2018,MKL,TN,ASO,CE,Federal Contract Tower,0,3,10,0,13,0,0,29,2,31,0,3,39,2,44,40,0,40,84
07/27/2018,MKL,TN,ASO,CE,Federal Contract Tower,0,4,12,0,16,0,0,22,5,27,0,4,34,5,43,70,0,70,113
07/28/2018,MKL,TN,ASO,CE,Federal Contract Tower,0,1,8,0,9,0,0,37,0,37,0,1,45,0,46,18,0,18,64
07/29/2018,MKL,TN,ASO,CE,Federal Contract Tower,0,3,6,0,9,0,0,35,0,35,0,3,41,0,44,82,0,82,126
07/30/2018,MKL,TN,ASO,CE,Federal Contract Tower,0,5,17,0,22,0,0,22,0,22,0,5,39,0,44,80,0,80,124
07/31/2018,MKL,TN,ASO,CE,Federal Contract Tower,0,3,11,0,14,0,0,11,2,13,0,3,22,2,27,38,0,38,65
08/01/2018,MKL,TN,ASO,CE,Federal Contract Tower,0,4,8,0,12,0,0,25,3,28,0,4,33,3,40,28,0,28,68
08/02/2018,MKL,TN,ASO,CE,Federal Contract Tower,0,4,19,0,23,0,0,22,2,24,0,4,41,2,47,36,0,36,83
08/03/2018,MKL,TN,ASO,CE,Federal Contract Tower,0,6,3,0,9,0,0,21,2,23,0,6,24,2,32,0,0,0,32
08/04/2018,MKL,TN,ASO,CE,Federal Contract Tower,0,2,8,0,10,0,0,24,8,32,0,2,32,8,42,32,0,32,74
08/05/2018,MKL,TN,ASO,CE,Federal Contract Tower,0,3,7,2,12,0,0,20,5,25,0,3,27,7,37,40,0,40,77
08/06/2018,MKL,TN,ASO,CE,Federal Contract Tower,0,6,8,0,14,0,0,22,0,22,0,6,30,0,36,12,0,12,48
08/07/2018,MKL,TN,ASO,CE,Federal Contract Tower,0,5,22,0,27,0,0,28,0,28,0,5,50,0,55,0,0,0,55
08/08/2018,MKL,TN,ASO,CE,Federal Contract Tower,0,3,14,0,17,0,0,8,3,11,0,3,22,3,28,0,0,0,28
08/09/2018,MKL,TN,ASO,CE,Federal Contract Tower,0,4,7,0,11,0,0,8,10,18,0,4,15,10,29,6,16,22,51
08/10/2018,MKL,TN,ASO,CE,Federal Contract Tower,0,4,7,0,11,0,0,8,4,12,0,4,15,4,23,6,0,6,29
08/11/2018,MKL,TN,ASO,CE,Federal Contract Tower,0,2,13,0,15,0,0,26,0,26,0,2,39,0,41,38,0,38,79
08/12/2018,MKL,TN,ASO,CE,Federal Contract Tower,0,3,10,0,13,0,0,20,0,20,0,3,30,0,33,16,0,16,49
08/13/2018,MKL,TN,ASO,CE,Federal Contract Tower,0,4,19,0,23,0,0,23,0,23,0,4,42,0,46,28,0,28,74
08/14/2018,MKL,TN,ASO,CE,Federal Contract Tower,0,4,27,2,33,0,0,27,9,36,0,4,54,11,69,36,0,36,105
08/15/2018,MKL,TN,ASO,CE,Federal Contract Tower,0,6,15,1,22,0,0,31,4,35,0,6,46,5,57,48,0,48,105
08/16/2018,MKL,TN,ASO,CE,Federal Contract Tower,0,6,14,1,21,0,0,8,4,12,0,6,22,5,33,8,0,8,41
08/17/2018,MKL,TN,ASO,CE,Federal Contract Tower,0,5,7,1,13,0,0,15,8,23,0,5,22,9,36,0,8,8,44
08/18/2018,MKL,TN,ASO,CE,Federal Contract Tower,0,2,11,1,14,0,0,39,6,45,0,2,50,7,59,66,10,76,135
08/19/2018,MKL,TN,ASO,CE,Federal Contract Tower,0,3,5,0,8,0,0,13,2,15,0,3,18,2,23,22,0,22,45
08/20/2018,MKL,TN,ASO,CE,Federal Contract Tower,0,5,10,0,15,0,0,14,0,14,0,5,24,0,29,2,0,2,31
08/21/2018,MKL,TN,ASO,CE,Federal Contract Tower,0,4,19,0,23,0,0,15,0,15,0,4,34,0,38,10,0,10,48
08/22/2018,MKL,TN,ASO,CE,Federal Contract Tower,0,4,10,1,15,0,0,35,7,42,0,4,45,8,57,20,14,34,91
08/23/2018,MKL,TN,ASO,CE,Federal Contract Tower,0,4,24,0,28,0,0,50,8,58,0,4,74,8,86,20,0,20,106
08/24/2018,MKL,TN,ASO,CE,Federal Contract Tower,0,4,20,2,26,0,0,24,7,31,0,4,44,9,57,48,2,50,107
08/25/2018,MKL,TN,ASO,CE,Federal Contract Tower,0,2,7,0,9,0,0,21,0,21,0,2,28,0,30,42,0,42,72
08/26/2018,MKL,TN,ASO,CE,Federal Contract Tower,0,3,18,0,21,0,0,27,3,30,0,3,45,3,51,26,0,26,77
08/27/2018,MKL,TN,ASO,CE,Federal Contract Tower,0,3,16,1,20,0,0,26,4,30,0,3,42,5,50,50,14,64,114
08/28/2018,MKL,TN,ASO,CE,Federal Contract Tower,0,4,13,1,18,0,0,16,2,18,0,4,29,3,36,0,0,0,36
08/29/2018,MKL,TN,ASO,CE,Federal Contract Tower,0,6,11,4,21,0,0,21,6,27,0,6,32,10,48,18,8,26,74
08/30/2018,MKL,TN,ASO,CE,Federal Contract Tower,0,6,11,2,19,0,2,19,3,24,0,8,30,5,43,32,8,40,83
08/31/2018,MKL,TN,ASO,CE,Federal Contract Tower,0,6,11,0,17,0,0,13,0,13,0,6,24,0,30,6,0,6,36
09/01/2018,MKL,TN,ASO,CE,Federal Contract Tower,0,2,11,0,13,0,0,57,0,57,0,2,68,0,70,32,0,32,102
09/02/2018,MKL,TN,ASO,CE,Federal Contract Tower,0,3,9,0,12,0,0,21,0,21,0,3,30,0,33,14,0,14,47
09/03/2018,MKL,TN,ASO,CE,Federal Contract Tower,0,6,8,0,14,0,0,21,0,21,0,6,29,0,35,0,0,0,35
09/04/2018,MKL,TN,ASO,CE,Federal Contract Tower,0,4,9,0,13,0,0,57,0,57,0,4,66,0,70,10,0,10,80
09/05/2018,MKL,TN,ASO,CE,Federal Contract Tower,0,4,8,0,12,0,0,21,2,23,0,4,29,2,35,12,0,12,47
09/06/2018,MKL,TN,ASO,CE,Federal Contract Tower,0,4,7,0,11,0,0,4,3,7,0,4,11,3,18,2,0,2,20
09/07/2018,MKL,TN,ASO,CE,Federal Contract Tower,0,5,8,7,20,0,0,9,4,13,0,5,17,11,33,2,2,4,37
09/08/2018,MKL,TN,ASO,CE,Federal Contract Tower,0,2,7,0,9,0,0,14,9,23,0,2,21,9,32,0,0,0,32
09/09/2018,MKL,TN,ASO,CE,Federal Contract Tower,0,5,3,0,8,0,0,8,0,8,0,5,11,0,16,0,0,0,16
09/10/2018,MKL,TN,ASO,CE,Federal Contract Tower,0,6,10,0,16,0,0,37,0,37,0,6,47,0,53,0,0,0,53
09/11/2018,MKL,TN,ASO,CE,Federal Contract Tower,0,3,10,0,13,0,0,20,7,27,0,3,30,7,40,18,0,18,58
09/12/2018,MKL,TN,ASO,CE,Federal Contract Tower,0,4,13,1,18,0,0,19,8,27,0,4,32,9,45,44,12,56,101
09/13/2018,MKL,TN,ASO,CE,Federal Contract Tower,0,5,13,0,18,0,0,31,4,35,0,5,44,4,53,24,0,24,77
09/14/2018,MKL,TN,ASO,CE,Federal Contract Tower,0,4,7,4,15,0,0,21,1,22,0,4,28,5,37,28,2,30,67
09/15/2018,MKL,TN,ASO,CE,Federal Contract Tower,0,3,7,0,10,0,0,35,2,37,0,3,42,2,47,18,0,18,65
09/16/2018,MKL,TN,ASO,CE,Federal Contract Tower,0,5,7,0,12,0,0,26,0,26,0,5,33,0,38,4,0,4,42
09/17/2018,MKL,TN,ASO,CE,Federal Contract Tower,0,4,13,0,17,0,0,44,0,44,0,4,57,0,61,58,0,58,119
09/18/2018,MKL,TN,ASO,CE,Federal Contract Tower,0,4,10,0,14,0,0,34,0,34,0,4,44,0,48,32,0,32,80
09/19/2018,MKL,TN,ASO,CE,Federal Contract Tower,0,4,14,2,20,0,0,20,1,21,0,4,34,3,41,24,0,24,65
09/20/2018,MKL,TN,ASO,CE,Federal Contract Tower,0,4,7,0,11,0,0,28,3,31,0,4,35,3,42,22,4,26,68
09/21/2018,MKL,TN,ASO,CE,Federal Contract Tower,0,4,11,0,15,0,0,12,7,19,0,4,23,7,34,0,2,2,36
09/22/2018,MKL,TN,ASO,CE,Federal Contract Tower,0,2,6,0,8,0,0,0,0,0,0,2,6,0,8,0,0,0,8
09/23/2018,MKL,TN,ASO,CE,Federal Contract Tower,0,3,5,0,8,0,0,0,0,0,0,3,5,0,8,0,0,0,8
09/24/2018,MKL,TN,ASO,CE,Federal Contract Tower,0,4,11,0,15,0,0,3,0,3,0,4,14,0,18,0,0,0,18
09/25/2018,MKL,TN,ASO,CE,Federal Contract Tower,0,3,19,0,22,0,0,11,4,15,0,3,30,4,37,10,10,20,57
09/26/2018,MKL,TN,ASO,CE,Federal Contract Tower,0,10,10,1,21,0,0,0,1,1,0,10,10,2,22,0,0,0,22
09/27/2018,MKL,TN,ASO,CE,Federal Contract Tower,0,3,7,0,10,0,0,6,0,6,0,3,13,0,16,0,0,0,16
09/28/2018,MKL,TN,ASO,CE,Federal Contract Tower,0,5,6,0,11,0,0,20,4,24,0,5,26,4,35,26,0,26,61
09/29/2018,MKL,TN,ASO,CE,Federal Contract Tower,0,4,4,0,8,0,0,66,0,66,0,4,70,0,74,32,0,32,106
09/30/2018,MKL,TN,ASO,CE,Federal Contract Tower,0,3,12,0,15,0,0,51,0,51,0,3,63,0,66,14,0,14,80
10/01/2018,MKL,TN,ASO,CE,Federal Contract Tower,0,6,15,0,21,0,0,60,0,60,0,6,75,0,81,24,0,24,105
10/02/2018,MKL,TN,ASO,CE,Federal Contract Tower,0,8,9,0,17,0,0,17,0,17,0,8,26,0,34,2,0,2,36
10/03/2018,MKL,TN,ASO,CE,Federal Contract Tower,0,4,20,0,24,0,0,27,2,29,0,4,47,2,53,14,0,14,67
10/04/2018,MKL,TN,ASO,CE,Federal Contract Tower,0,4,16,0,20,0,0,50,0,50,0,4,66,0,70,16,0,16,86
10/05/2018,MKL,TN,ASO,CE,Federal Contract Tower,0,6,15,1,22,0,0,31,4,35,0,6,46,5,57,4,2,6,63
10/06/2018,MKL,TN,ASO,CE,Federal Contract Tower,0,2,8,0,10,0,0,36,0,36,0,2,44,0,46,6,0,6,52
10/07/2018,MKL,TN,ASO,CE,Federal Contract Tower,0,3,16,0,19,0,0,39,0,39,0,3,55,0,58,8,0,8,66
10/08/2018,MKL,TN,ASO,CE,Federal Contract Tower,0,4,14,0,18,0,0,55,0,55,0,4,69,0,73,0,0,0,73
10/09/2018,MKL,TN,ASO,CE,Federal Contract Tower,0,6,7,0,13,0,0,35,5,40,0,6,42,5,53,0,20,20,73
10/10/2018,MKL,TN,ASO,CE,Federal Contract Tower,0,5,5,0,10,0,0,2,0,2,0,5,7,0,12,0,0,0,12
10/11/2018,MKL,TN,ASO,CE,Federal Contract Tower,0,4,5,0,9,0,1,77,8,86,0,5,82,8,95,0,2,2,97
10/12/2018,MKL,TN,ASO,CE,Federal Contract Tower,0,6,14,2,22,0,0,22,3,25,0,6,36,5,47,12,14,26,73
10/13/2018,MKL,TN,ASO,CE,Federal Contract Tower,0,2,4,0,6,0,0,30,0,30,0,2,34,0,36,0,0,0,36
10/14/2018,MKL,TN,ASO,CE,Federal Contract Tower,0,3,12,0,15,0,0,3,0,3,0,3,15,0,18,0,0,0,18
10/15/2018,MKL,TN,ASO,CE,Federal Contract Tower,0,6,13,2,21,0,0,0,0,0,0,6,13,2,21,0,0,0,21
10/16/2018,MKL,TN,ASO,CE,Federal Contract Tower,0,4,9,0,13,0,0,26,0,26,0,4,35,0,39,0,0,0,39
10/17/2018,MKL,TN,ASO,CE,Federal Contract Tower,0,6,10,0,16,0,0,40,4,44,0,6,50,4,60,4,0,4,64
10/18/2018,MKL,TN,ASO,CE,Federal Contract Tower,0,4,21,0,25,0,0,52,1,53,0,4,73,1,78,48,0,48,126
10/19/2018,MKL,TN,ASO,CE,Federal Contract Tower,0,6,11,1,18,0,0,27,4,31,0,6,38,5,49,22,8,30,79
10/20/2018,MKL,TN,ASO,CE,Federal Contract Tower,0,2,10,0,12,0,0,16,6,22,0,2,26,6,34,4,0,4,38
10/21/2018,MKL,TN,ASO,CE,Federal Contract Tower,0,7,15,0,22,0,0,27,9,36,0,7,42,9,58,26,0,26,84
10/22/2018,MKL,TN,ASO,CE,Federal Contract Tower,0,4,6,2,12,0,0,17,6,23,0,4,23,8,35,28,0,28,63
10/23/2018,MKL,TN,ASO,CE,Federal Contract Tower,0,6,15,0,21,0,0,44,0,44,0,6,59,0,65,24,0,24,89
10/24/2018,MKL,TN,ASO,CE,Federal Contract Tower,0,3,6,0,9,0,0,29,7,36,0,3,35,7,45,32,16,48,93
10/25/2018,MKL,TN,ASO,CE,Federal Contract Tower,0,4,15,6,25,0,0,4,2,6,0,4,19,8,31,0,4,4,35
10/26/2018,MKL,TN,ASO,CE,Federal Contract Tower,0,4,15,0,19,0,0,0,4,4,0,4,15,4,23,0,18,18,41
10/27/2018,MKL,TN,ASO,CE,Federal Contract Tower,0,2,7,2,11,0,0,32,1,33,0,2,39,3,44,2,0,2,46
10/28/2018,MKL,TN,ASO,CE,Federal Contract Tower,0,3,14,0,17,0,0,25,2,27,0,3,39,2,44,18,0,18,62
10/29/2018,MKL,TN,ASO,CE,Federal Contract Tower,0,4,15,0,19,0,0,26,0,26,0,4,41,0,45,24,0,24,69
10/30/2018,MKL,TN,ASO,CE,Federal Contract Tower,0,4,14,0,18,0,0,27,0,27,0,4,41,0,45,26,0,26,71
10/31/2018,MKL,TN,ASO,CE,Federal Contract Tower,0,4,5,0,9,0,0,2,0,2,0,4,7,0,11,0,0,0,11
11/01/2018,MKL,TN,ASO,CE,Federal Contract Tower,0,6,10,0,16,0,0,0,10,10,0,6,10,10,26,2,50,52,78
11/02/2018,MKL,TN,ASO,CE,Federal Contract Tower,0,4,18,1,23,0,0,19,5,24,0,4,37,6,47,20,4,24,71
11/03/2018,MKL,TN,ASO,CE,Federal Contract Tower,0,2,12,0,14,0,0,22,5,27,0,2,34,5,41,62,0,62,103
11/04/2018,MKL,TN,ASO,CE,Federal Contract Tower,0,5,4,1,10,0,0,2,3,5,0,5,6,4,15,0,0,0,15
11/05/2018,MKL,TN,ASO,CE,Federal Contract Tower,0,5,5,0,10,0,1,4,2,7,0,6,9,2,17,0,0,0,17
11/06/2018,MKL,TN,ASO,CE,Federal Contract Tower,0,3,15,0,18,0,0,47,2,49,0,3,62,2,67,44,0,44,111
11/07/2018,MKL,TN,ASO,CE,Federal Contract Tower,0,5,9,0,14,0,0,7,4,11,0,5,16,4,25,2,0,2,27
11/08/2018,MKL,TN,ASO,CE,Federal Contract Tower,0,4,7,1,12,0,0,21,14,35,0,4,28,15,47,20,2,22,69
11/09/2018,MKL,TN,ASO,CE,Federal Contract Tower,0,4,5,0,9,0,0,12,4,16,0,4,17,4,25,0,16,16,41
11/10/2018,MKL,TN,ASO,CE,Federal Contract Tower,0,3,10,0,13,0,0,62,0,62,0,3,72,0,75,6,0,6,81
11/11/2018,MKL,TN,ASO,CE,Federal Contract Tower,0,4,18,0,22,0,0,29,0,29,0,4,47,0,51,0,0,0,51
11/12/2018,MKL,TN,ASO,CE,Federal Contract Tower,0,2,5,0,7,0,0,0,0,0,0,2,5,0,7,0,0,0,7
11/13/2018,MKL,TN,ASO,CE,Federal Contract Tower,0,4,8,0,12,0,0,6,0,6,0,4,14,0,18,0,0,0,18
11/14/2018,MKL,TN,ASO,CE,Federal Contract Tower,0,2,3,0,5,0,0,2,0,2,0,2,5,0,7,0,0,0,7
11/15/2018,MKL,TN,ASO,CE,Federal Contract Tower,0,3,5,1,9,0,0,7,4,11,0,3,12,5,20,0,10,10,30
11/16/2018,MKL,TN,ASO,CE,Federal Contract Tower,0,4,8,0,12,0,0,41,0,41,0,4,49,0,53,28,0,28,81
11/17/2018,MKL,TN,ASO,CE,Federal Contract Tower,0,2,16,2,20,0,0,45,4,49,0,2,61,6,69,66,4,70,139
11/18/2018,MKL,TN,ASO,CE,Federal Contract Tower,0,3,6,1,10,0,0,24,2,26,0,3,30,3,36,22,2,24,60
11/19/2018,MKL,TN,ASO,CE,Federal Contract Tower,0,5,14,0,19,0,0,5,0,5,0,5,19,0,24,0,0,0,24
11/20/2018,MKL,TN,ASO,CE,Federal Contract Tower,0,4,4,0,8,0,0,26,0,26,0,4,30,0,34,66,0,66,100
11/21/2018,MKL,TN,ASO,CE,Federal Contract Tower,0,5,5,0,10,0,0,19,2,21,0,5,24,2,31,0,0,0,31
11/22/2018,MKL,TN,ASO,CE,Federal Contract Tower,0,4,2,0,6,0,1,10,0,11,0,5,12,0,17,4,0,4,21
11/23/2018,MKL,TN,ASO,CE,Federal Contract Tower,0,4,4,0,8,0,0,1,0,1,0,4,5,0,9,0,0,0,9
11/24/2018,MKL,TN,ASO,CE,Federal Contract Tower,0,2,11,0,13,0,0,13,0,13,0,2,24,0,26,0,0,0,26
11/25/2018,MKL,TN,ASO,CE,Federal Contract Tower,0,3,2,0,5,0,0,5,0,5,0,3,7,0,10,0,0,0,10
11/26/2018,MKL,TN,ASO,CE,Federal Contract Tower,0,4,7,0,11,0,0,17,0,17,0,4,24,0,28,4,0,4,32
11/27/2018,MKL,TN,ASO,CE,Federal Contract Tower,0,7,9,0,16,0,0,16,0,16,0,7,25,0,32,12,0,12,44
11/28/2018,MKL,TN,ASO,CE,Federal Contract Tower,0,4,10,1,15,0,0,13,3,16,0,4,23,4,31,10,8,18,49
11/29/2018,MKL,TN,ASO,CE,Federal Contract Tower,0,6,12,1,19,0,0,7,10,17,0,6,19,11,36,0,16,16,52
11/30/2018,MKL,TN,ASO,CE,Federal Contract Tower,0,6,12,0,18,0,0,4,4,8,0,6,16,4,26,8,0,8,34
12/01/2018,MKL,TN,ASO,CE,Federal Contract Tower,0,2,4,2,8,0,0,1,0,1,0,2,5,2,9,0,0,0,9
12/02/2018,MKL,TN,ASO,CE,Federal Contract Tower,0,3,7,0,10,0,0,8,0,8,0,3,15,0,18,8,0,8,26
12/03/2018,MKL,TN,ASO,CE,Federal Contract Tower,0,6,14,0,20,0,2,22,5,29,0,8,36,5,49,4,0,4,53
12/04/2018,MKL,TN,ASO,CE,Federal Contract Tower,0,6,18,2,26,0,0,27,0,27,0,6,45,2,53,38,0,38,91
12/05/2018,MKL,TN,ASO,CE,Federal Contract Tower,0,4,16,0,20,0,0,37,0,37,0,4,53,0,57,30,0,30,87
12/06/2018,MKL,TN,ASO,CE,Federal Contract Tower,0,6,8,1,15,0,0,11,15,26,0,6,19,16,41,6,26,32,73
12/07/2018,MKL,TN,ASO,CE,Federal Contract Tower,0,4,9,1,14,0,0,2,0,2,0,4,11,1,16,0,0,0,16
12/08/2018,MKL,TN,ASO,CE,Federal Contract Tower,0,2,0,0,2,0,0,0,0,0,0,2,0,0,2,0,0,0,2
12/09/2018,MKL,TN,ASO,CE,Federal Contract Tower,0,3,1,2,6,0,0,0,0,0,0,3,1,2,6,0,0,0,6
12/10/2018,MKL,TN,ASO,CE,Federal Contract Tower,0,4,8,3,15,0,0,25,1,26,0,4,33,4,41,24,14,38,79
12/11/2018,MKL,TN,ASO,CE,Federal Contract Tower,0,6,18,0,24,0,0,24,0,24,0,6,42,0,48,44,0,44,92
12/12/2018,MKL,TN,ASO,CE,Federal Contract Tower,0,3,22,2,27,0,0,4,2,6,0,3,26,4,33,0,0,0,33
12/13/2018,MKL,TN,ASO,CE,Federal Contract Tower,0,7,6,2,15,0,5,5,0,10,0,12,11,2,25,0,0,0,25
12/14/2018,MKL,TN,ASO,CE,Federal Contract Tower,0,6,9,0,15,0,0,0,0,0,0,6,9,0,15,0,0,0,15
12/15/2018,MKL,TN,ASO,CE,Federal Contract Tower,0,2,2,2,6,0,0,0,0,0,0,2,2,2,6,0,0,0,6
12/16/2018,MKL,TN,ASO,CE,Federal Contract Tower,0,3,4,0,7,0,0,30,0,30,0,3,34,0,37,0,0,0,37
12/17/2018,MKL,TN,ASO,CE,Federal Contract Tower,0,4,14,3,21,0,0,29,1,30,0,4,43,4,51,66,6,72,123
12/18/2018,MKL,TN,ASO,CE,Federal Contract Tower,0,4,19,0,23,0,0,31,0,31,0,4,50,0,54,40,0,40,94
12/19/2018,MKL,TN,ASO,CE,Federal Contract Tower,0,4,11,1,16,0,0,23,3,26,0,4,34,4,42,12,6,18,60
12/20/2018,MKL,TN,ASO,CE,Federal Contract Tower,0,4,9,0,13,0,0,1,0,1,0,4,10,0,14,0,0,0,14
12/21/2018,MKL,TN,ASO,CE,Federal Contract Tower,0,4,10,0,14,0,0,8,0,8,0,4,18,0,22,12,0,12,34
12/22/2018,MKL,TN,ASO,CE,Federal Contract Tower,0,2,10,0,12,0,0,38,0,38,0,2,48,0,50,36,0,36,86
12/23/2018,MKL,TN,ASO,CE,Federal Contract Tower,0,3,6,0,9,0,0,3,0,3,0,3,9,0,12,0,0,0,12
12/24/2018,MKL,TN,ASO,CE,Federal Contract Tower,0,4,8,0,12,0,0,18,0,18,0,4,26,0,30,4,0,4,34
12/25/2018,MKL,TN,ASO,CE,Federal Contract Tower,0,4,3,0,7,0,0,8,0,8,0,4,11,0,15,0,0,0,15
12/26/2018,MKL,TN,ASO,CE,Federal Contract Tower,0,4,6,0,10,0,0,2,0,2,0,4,8,0,12,0,0,0,12
12/27/2018,MKL,TN,ASO,CE,Federal Contract Tower,0,4,3,0,7,0,0,1,0,1,0,4,4,0,8,0,0,0,8
12/28/2018,MKL,TN,ASO,CE,Federal Contract Tower,0,4,5,0,9,0,0,17,2,19,0,4,22,2,28,0,0,0,28
12/29/2018,MKL,TN,ASO,CE,Federal Contract Tower,0,2,6,0,8,0,0,24,0,24,0,2,30,0,32,0,0,0,32
12/30/2018,MKL,TN,ASO,CE,Federal Contract Tower,0,3,4,0,7,0,0,8,0,8,0,3,12,0,15,0,0,0,15
12/31/2018,MKL,TN,ASO,CE,Federal Contract Tower,0,3,4,0,7,0,0,1,0,1,0,3,5,0,8,0,0,0,8
01/01/2019,MKL,TN,ASO,CE,Federal Contract Tower,0,3,10,0,13,0,0,4,0,4,0,3,14,0,17,2,0,2,19
01/02/2019,MKL,TN,ASO,CE,Federal Contract Tower,0,4,4,0,8,0,0,0,0,0,0,4,4,0,8,0,0,0,8
01/03/2019,MKL,TN,ASO,CE,Federal Contract Tower,0,4,13,0,17,0,0,8,16,24,0,4,21,16,41,10,18,28,69
01/04/2019,MKL,TN,ASO,CE,Federal Contract Tower,0,8,3,0,11,0,0,0,0,0,0,8,3,0,11,0,0,0,11
01/05/2019,MKL,TN,ASO,CE,Federal Contract Tower,0,2,17,2,21,0,0,45,8,53,0,2,62,10,74,42,0,42,116
01/06/2019,MKL,TN,ASO,CE,Federal Contract Tower,0,3,7,0,10,0,0,18,6,24,0,3,25,6,34,12,0,12,46
01/07/2019,MKL,TN,ASO,CE,Federal Contract Tower,0,4,8,0,12,0,0,9,0,9,0,4,17,0,21,0,0,0,21
01/08/2019,MKL,TN,ASO,CE,Federal Contract Tower,0,7,20,0,27,0,0,28,5,33,0,7,48,5,60,10,10,20,80
01/09/2019,MKL,TN,ASO,CE,Federal Contract Tower,0,5,15,0,20,0,0,31,4,35,0,5,46,4,55,8,0,8,63
01/10/2019,MKL,TN,ASO,CE,Federal Contract Tower,0,3,8,0,11,0,1,38,6,45,0,4,46,6,56,24,10,34,90
01/11/2019,MKL,TN,ASO,CE,Federal Contract Tower,0,4,4,0,8,0,0,13,8,21,0,4,17,8,29,10,8,18,47
01/12/2019,MKL,TN,ASO,CE,Federal Contract Tower,0,1,4,0,5,0,0,0,0,0,0,1,4,0,5,0,0,0,5
01/13/2019,MKL,TN,ASO,CE,Federal Contract Tower,0,5,5,0,10,0,0,0,0,0,0,5,5,0,10,0,0,0,10
01/14/2019,MKL,TN,ASO,CE,Federal Contract Tower,0,4,11,0,15,0,0,0,0,0,0,4,11,0,15,0,0,0,15
01/15/2019,MKL,TN,ASO,CE,Federal Contract Tower,0,4,10,3,17,0,0,31,2,33,0,4,41,5,50,14,2,16,66
01/16/2019,MKL,TN,ASO,CE,Federal Contract Tower,0,6,25,1,32,0,0,27,9,36,0,6,52,10,68,30,10,40,108
01/17/2019,MKL,TN,ASO,CE,Federal Contract Tower,0,5,11,0,16,0,0,0,0,0,0,5,11,0,16,0,0,0,16
01/18/2019,MKL,TN,ASO,CE,Federal Contract Tower,0,4,12,0,16,0,0,0,0,0,0,4,12,0,16,0,0,0,16
01/19/2019,MKL,TN,ASO,CE,Federal Contract Tower,0,2,4,0,6,0,0,0,0,0,0,2,4,0,6,0,0,0,6
01/20/2019,MKL,TN,ASO,CE,Federal Contract Tower,0,5,9,0,14,0,0,8,0,8,0,5,17,0,22,20,0,20,42
01/21/2019,MKL,TN,ASO,CE,Federal Contract Tower,0,5,15,0,20,0,0,36,0,36,0,5,51,0,56,10,0,10,66
01/22/2019,MKL,TN,ASO,CE,Federal Contract Tower,0,6,9,0,15,0,0,2,0,2,0,6,11,0,17,0,0,0,17
01/23/2019,MKL,TN,ASO,CE,Federal Contract Tower,0,6,2,0,8,0,0,0,0,0,0,6,2,0,8,0,0,0,8
01/24/2019,MKL,TN,ASO,CE,Federal Contract Tower,0,4,23,1,28,0,0,81,20,101,0,4,104,21,129,10,4,14,143
01/25/2019,MKL,TN,ASO,CE,Federal Contract Tower,0,5,6,0,11,0,0,76,2,78,0,5,82,2,89,16,0,16,105
01/26/2019,MKL,TN,ASO,CE,Federal Contract Tower,0,2,5,0,7,0,0,20,0,20,0,2,25,0,27,16,0,16,43
01/27/2019,MKL,TN,ASO,CE,Federal Contract Tower,0,2,16,0,18,0,0,30,0,30,0,2,46,0,48,28,0,28,76
01/28/2019,MKL,TN,ASO,CE,Federal Contract Tower,0,4,8,0,12,0,0,17,4,21,0,4,25,4,33,4,0,4,37
01/29/2019,MKL,TN,ASO,CE,Federal Contract Tower,0,4,12,0,16,0,0,11,3,14,0,4,23,3,30,4,0,4,34
01/30/2019,MKL,TN,ASO,CE,Federal Contract Tower,0,4,7,0,11,0,0,16,0,16,0,4,23,0,27,30,0,30,57
01/31/2019,MKL,TN,ASO,CE,Federal Contract Tower,0,8,16,0,24,0,0,20,14,34,0,8,36,14,58,18,16,34,92
02/01/2019,MKL,TN,ASO,CE,Federal Contract Tower,0,4,16,0,20,0,0,16,12,28,0,4,32,12,48,20,38,58,106
02/02/2019,MKL,TN,ASO,CE,Federal Contract Tower,0,2,14,1,17,0,0,29,5,34,0,2,43,6,51,8,0,8,59
02/03/2019,MKL,TN,ASO,CE,Federal Contract Tower,0,3,9,0,12,0,0,18,2,20,0,3,27,2,32,10,0,10,42
02/04/2019,MKL,TN,ASO,CE,Federal Contract Tower,0,4,7,0,11,0,0,0,0,0,0,4,7,0,11,0,0,0,11
02/05/2019,MKL,TN,ASO,CE,Federal Contract Tower,0,5,6,0,11,0,0,2,0,2,0,5,8,0,13,0,0,0,13
02/06/2019,MKL,TN,ASO,CE,Federal Contract Tower,0,5,3,1,9,0,0,0,0,0,0,5,3,1,9,0,0,0,9
02/07/2019,MKL,TN,ASO,CE,Federal Contract Tower,0,4,2,0,6,0,0,1,0,1,0,4,3,0,7,0,0,0,7
02/08/2019,MKL,TN,ASO,CE,Federal Contract Tower,0,4,20,0,24,0,0,31,1,32,0,4,51,1,56,56,0,56,112
02/09/2019,MKL,TN,ASO,CE,Federal Contract Tower,0,2,19,0,21,0,0,39,6,45,0,2,58,6,66,48,0,48,114
02/10/2019,MKL,TN,ASO,CE,Federal Contract Tower,0,3,3,0,6,0,0,1,4,5,0,3,4,4,11,0,0,0,11
02/11/2019,MKL,TN,ASO,CE,Federal Contract Tower,0,4,15,0,19,0,0,0,0,0,0,4,15,0,19,2,0,2,21
02/12/2019,MKL,TN,ASO,CE,Federal Contract Tower,0,2,7,0,9,0,0,4,1,5,0,2,11,1,14,2,0,2,16
02/13/2019,MKL,TN,ASO,CE,Federal Contract Tower,0,4,25,0,29,0,0,25,0,25,0,4,50,0,54,6,0,6,60
02/14/2019,MKL,TN,ASO,CE,Federal Contract Tower,0,8,5,1,14,0,0,5,7,12,0,8,10,8,26,0,0,0,26
02/15/2019,MKL,TN,ASO,CE,Federal Contract Tower,0,4,2,0,6,0,0,0,0,0,0,4,2,0,6,0,0,0,6
02/16/2019,MKL,TN,ASO,CE,Federal Contract Tower,0,2,6,0,8,0,0,9,0,9,0,2,15,0,17,0,0,0,17
02/17/2019,MKL,TN,ASO,CE,Federal Contract Tower,0,5,13,0,18,0,0,1,0,1,0,5,14,0,19,0,0,0,19
02/18/2019,MKL,TN,ASO,CE,Federal Contract Tower,0,2,14,0,16,0,0,15,0,15,0,2,29,0,31,18,0,18,49
02/19/2019,MKL,TN,ASO,CE,Federal Contract Tower,0,5,12,0,17,0,0,6,0,6,0,5,18,0,23,28,0,28,51
02/20/2019,MKL,TN,ASO,CE,Federal Contract Tower,0,4,1,0,5,0,0,0,0,0,0,4,1,0,5,0,0,0,5
02/21/2019,MKL,TN,ASO,CE,Federal Contract Tower,0,8,7,0,15,0,0,0,8,8,0,8,7,8,23,0,6,6,29
02/22/2019,MKL,TN,ASO,CE,Federal Contract Tower,0,6,5,0,11,0,0,0,0,0,0,6,5,0,11,0,0,0,11
02/23/2019,MKL,TN,ASO,CE,Federal Contract Tower,0,2,3,0,5,0,0,0,0,0,0,2,3,0,5,0,0,0,5
02/24/2019,MKL,TN,ASO,CE,Federal Contract Tower,0,5,19,0,24,0,0,29,0,29,0,5,48,0,53,34,0,34,87
02/25/2019,MKL,TN,ASO,CE,Federal Contract Tower,0,3,24,0,27,0,0,44,2,46,0,3,68,2,73,56,0,56,129
02/26/2019,MKL,TN,ASO,CE,Federal Contract Tower,0,4,13,0,17,0,0,59,6,65,0,4,72,6,82,44,10,54,136
02/27/2019,MKL,TN,ASO,CE,Federal Contract Tower,0,4,13,0,17,0,0,32,7,39,0,4,45,7,56,62,0,62,118
02/28/2019,MKL,TN,ASO,CE,Federal Contract Tower,0,4,15,0,19,0,0,3,7,10,0,4,18,7,29,12,10,22,51
03/01/2019,MKL,TN,ASO,CE,Federal Contract Tower,0,4,6,0,10,0,0,0,8,8,0,4,6,8,18,0,62,62,80
03/02/2019,MKL,TN,ASO,CE,Federal Contract Tower,0,3,7,0,10,0,0,3,8,11,0,3,10,8,21,2,22,24,45
03/03/2019,MKL,TN,ASO,CE,Federal Contract Tower,0,4,4,0,8,0,0,0,0,0,0,4,4,0,8,0,0,0,8
03/04/2019,MKL,TN,ASO,CE,Federal Contract Tower,0,8,9,0,17,0,0,30,0,30,0,8,39,0,47,6,0,6,53
03/05/2019,MKL,TN,ASO,CE,Federal Contract Tower,0,5,10,0,15,0,0,103,6,109,0,5,113,6,124,8,0,8,132
03/06/2019,MKL,TN,ASO,CE,Federal Contract Tower,0,4,19,0,23,0,0,51,7,58,0,4,70,7,81,12,4,16,97
03/07/2019,MKL,TN,ASO,CE,Federal Contract Tower,0,4,23,3,30,0,0,38,11,49,0,4,61,14,79,58,6,64,143
03/08/2019,MKL,TN,ASO,CE,Federal Contract Tower,0,4,4,0,8,0,0,0,0,0,0,4,4,0,8,0,0,0,8
03/09/2019,MKL,TN,ASO,CE,Federal Contract Tower,0,4,3,0,7,0,0,1,0,1,0,4,4,0,8,0,0,0,8
03/10/2019,MKL,TN,ASO,CE,Federal Contract Tower,0,3,3,1,7,0,0,38,7,45,0,3,41,8,52,66,10,76,128
03/11/2019,MKL,TN,ASO,CE,Federal Contract Tower,0,4,13,0,17,0,0,25,0,25,0,4,38,0,42,34,0,34,76
03/12/2019,MKL,TN,ASO,CE,Federal Contract Tower,0,6,13,0,19,0,0,42,11,53,0,6,55,11,72,124,20,144,216
03/13/2019,MKL,TN,ASO,CE,Federal Contract Tower,0,6,10,1,17,0,0,10,1,11,0,6,20,2,28,0,10,10,38
03/14/2019,MKL,TN,ASO,CE,Federal Contract Tower,0,4,6,0,10,0,0,5,7,12,0,4,11,7,22,0,18,18,40
03/15/2019,MKL,TN,ASO,CE,Federal Contract Tower,0,3,16,2,21,0,0,7,8,15,0,3,23,10,36,10,2,12,48
03/16/2019,MKL,TN,ASO,CE,Federal Contract Tower,0,1,5,0,6,0,0,42,0,42,0,1,47,0,48,18,0,18,66
03/17/2019,MKL,TN,ASO,CE,Federal Contract Tower,0,4,7,0,11,0,0,20,2,22,0,4,27,2,33,10,0,10,43
03/18/2019,MKL,TN,ASO,CE,Federal Contract Tower,0,5,10,0,15,0,0,47,0,47,0,5,57,0,62,58,0,58,120
03/19/2019,MKL,TN,ASO,CE,Federal Contract Tower,0,4,14,2,20,0,0,54,5,59,0,4,68,7,79,74,20,94,173
03/20/2019,MKL,TN,ASO,CE,Federal Contract Tower,0,4,12,2,18,0,0,40,2,42,0,4,52,4,60,68,0,68,128
03/21/2019,MKL,TN,ASO,CE,Federal Contract Tower,0,4,9,1,14,0,0,30,4,34,0,4,39,5,48,42,4,46,94
03/22/2019,MKL,TN,ASO,CE,Federal Contract Tower,0,9,19,2,30,0,0,58,4,62,0,9,77,6,92,32,14,46,138
03/23/2019,MKL,TN,ASO,CE,Federal Contract Tower,0,2,12,0,14,0,0,28,0,28,0,2,40,0,42,100,0,100,142
03/24/2019,MKL,TN,ASO,CE,Federal Contract Tower,0,3,15,0,18,0,0,7,5,12,0,3,22,5,30,6,0,6,36
03/25/2019,MKL,TN,ASO,CE,Federal Contract Tower,0,6,4,0,10,0,0,7,3,10,0,6,11,3,20,0,0,0,20
03/26/2019,MKL,TN,ASO,CE,Federal Contract Tower,0,4,2,0,6,0,0,13,4,17,0,4,15,4,23,16,0,16,39
03/27/2019,MKL,TN,ASO,CE,Federal Contract Tower,0,9,8,0,17,0,0,28,4,32,0,9,36,4,49,0,0,0,49
03/28/2019,MKL,TN,ASO,CE,Federal Contract Tower,0,10,13,0,23,0,0,34,1,35,0,10,47,1,58,34,0,34,92
03/29/2019,MKL,TN,ASO,CE,Federal Contract Tower,0,7,7,2,16,0,0,12,1,13,0,7,19,3,29,2,0,2,31
03/30/2019,MKL,TN,ASO,CE,Federal Contract Tower,0,2,5,0,7,0,0,5,0,5,0,2,10,0,12,0,0,0,12
03/31/2019,MKL,TN,ASO,CE,Federal Contract Tower,0,3,18,0,21,0,0,21,2,23,0,3,39,2,44,0,0,0,44
04/01/2019,MKL,TN,ASO,CE,Federal Contract Tower,0,4,8,0,12,0,0,27,0,27,0,4,35,0,39,34,0,34,73
04/02/2019,MKL,TN,ASO,CE,Federal Contract Tower,0,4,19,1,24,0,0,38,3,41,0,4,57,4,65,94,2,96,161
04/03/2019,MKL,TN,ASO,CE,Federal Contract Tower,0,4,11,2,17,0,0,43,14,57,0,4,54,16,74,66,6,72,146
04/04/2019,MKL,TN,ASO,CE,Federal Contract Tower,0,3,7,0,10,0,0,3,0,3,0,3,10,0,13,0,0,0,13
04/05/2019,MKL,TN,ASO,CE,Federal Contract Tower,0,4,12,0,16,0,0,9,5,14,0,4,21,5,30,4,14,18,48
04/06/2019,MKL,TN,ASO,CE,Federal Contract Tower,0,2,12,0,14,0,0,50,7,57,0,2,62,7,71,34,0,34,105
04/07/2019,MKL,TN,ASO,CE,Federal Contract Tower,0,3,5,0,8,0,0,2,0,2,0,3,7,0,10,0,0,0,10
04/08/2019,MKL,TN,ASO,CE,Federal Contract Tower,0,4,5,2,11,0,0,2,0,2,0,4,7,2,13,0,0,0,13
04/09/2019,MKL,TN,ASO,CE,Federal Contract Tower,0,8,7,0,15,0,0,24,2,26,0,8,31,2,41,16,0,16,57
04/10/2019,MKL,TN,ASO,CE,Federal Contract Tower,0,5,11,2,18,0,0,29,2,31,0,5,40,4,49,114,0,114,163
04/11/2019,MKL,TN,ASO,CE,Federal Contract Tower,0,7,3,0,10,0,0,8,3,11,0,7,11,3,21,0,0,0,21
04/12/2019,MKL,TN,ASO,CE,Federal Contract Tower,0,4,5,3,12,0,0,45,3,48,0,4,50,6,60,98,4,102,162
04/13/2019,MKL,TN,ASO,CE,Federal Contract Tower,0,2,2,1,5,0,0,0,2,2,0,2,2,3,7,0,0,0,7
04/14/2019,MKL,TN,ASO,CE,Federal Contract Tower,0,3,2,0,5,0,0,4,0,4,0,3,6,0,9,2,0,2,11
04/15/2019,MKL,TN,ASO,CE,Federal Contract Tower,0,4,17,0,21,0,0,49,0,49,0,4,66,0,70,58,0,58,128
04/16/2019,MKL,TN,ASO,CE,Federal Contract Tower,0,4,13,0,17,0,0,13,6,19,0,4,26,6,36,2,16,18,54
04/17/2019,MKL,TN,ASO,CE,Federal Contract Tower,0,4,9,1,14,0,0,14,4,18,0,4,23,5,32,16,0,16,48
04/18/2019,MKL,TN,ASO,CE,Federal Contract Tower,0,4,6,0,10,0,0,0,0,0,0,4,6,0,10,0,0,0,10
04/19/2019,MKL,TN,ASO,CE,Federal Contract Tower,0,5,1,0,6,0,0,1,0,1,0,5,2,0,7,0,0,0,7
04/20/2019,MKL,TN,ASO,CE,Federal Contract Tower,0,5,11,0,16,0,0,12,0,12,0,5,23,0,28,16,0,16,44
04/21/2019,MKL,TN,ASO,CE,Federal Contract Tower,0,3,8,0,11,0,0,29,0,29,0,3,37,0,40,28,0,28,68
04/22/2019,MKL,TN,ASO,CE,Federal Contract Tower,0,4,9,0,13,0,0,43,0,43,0,4,52,0,56,58,0,58,114
04/23/2019,MKL,TN,ASO,CE,Federal Contract Tower,0,5,16,0,21,0,0,40,5,45,0,5,56,5,66,38,12,50,116
04/24/2019,MKL,TN,ASO,CE,Federal Contract Tower,0,3,13,0,16,0,0,19,2,21,0,3,32,2,37,12,0,12,49
04/25/2019,MKL,TN,ASO,CE,Federal Contract Tower,0,4,4,1,9,0,0,4,0,4,0,4,8,1,13,0,0,0,13
04/26/2019,MKL,TN,ASO,CE,Federal Contract Tower,0,7,12,1,20,0,0,18,20,38,0,7,30,21,58,4,0,4,62
04/27/2019,MKL,TN,ASO,CE,Federal Contract Tower,0,2,9,0,11,0,0,18,0,18,0,2,27,0,29,4,0,4,33
04/28/2019,MKL,TN,ASO,CE,Federal Contract Tower,0,5,5,0,10,0,0,13,0,13,0,5,18,0,23,8,0,8,31
04/29/2019,MKL,TN,ASO,CE,Federal Contract Tower,0,4,3,1,8,0,0,10,0,10,0,4,13,1,18,10,0,10,28
04/30/2019,MKL,TN,ASO,CE,Federal Contract Tower,0,4,12,1,17,0,0,26,2,28,0,4,38,3,45,46,6,52,97
05/01/2019,MKL,TN,ASO,CE,Federal Contract Tower,0,4,6,0,10,0,0,11,2,13,0,4,17,2,23,16,0,16,39
05/02/2019,MKL,TN,ASO,CE,Federal Contract Tower,0,4,11,0,15,0,0,11,0,11,0,4,22,0,26,20,0,20,46
05/03/2019,MKL,TN,ASO,CE,Federal Contract Tower,0,5,5,3,13,0,0,13,3,16,0,5,18,6,29,20,4,24,53
05/04/2019,MKL,TN,ASO,CE,Federal Contract Tower,0,3,4,0,7,0,0,2,0,2,0,3,6,0,9,2,0,2,11
05/05/2019,MKL,TN,ASO,CE,Federal Contract Tower,0,3,11,0,14,0,0,29,2,31,0,3,40,2,45,12,2,14,59
05/06/2019,MKL,TN,ASO,CE,Federal Contract Tower,0,5,9,0,14,0,1,35,2,38,0,6,44,2,52,38,0,38,90
05/07/2019,MKL,TN,ASO,CE,Federal Contract Tower,0,4,11,0,15,0,0,33,10,43,0,4,44,10,58,54,0,54,112
05/08/2019,MKL,TN,ASO,CE,Federal Contract Tower,0,4,8,0,12,0,0,9,13,22,0,4,17,13,34,12,2,14,48
05/09/2019,MKL,TN,ASO,CE,Federal Contract Tower,0,3,5,0,8,0,0,0,0,0,0,3,5,0,8,0,0,0,8
05/10/2019,MKL,TN,ASO,CE,Federal Contract Tower,0,4,10,0,14,0,0,0,0,0,0,4,10,0,14,0,0,0,14
05/11/2019,MKL,TN,ASO,CE,Federal Contract Tower,0,2,4,0,6,0,0,0,0,0,0,2,4,0,6,0,0,0,6
05/12/2019,MKL,TN,ASO,CE,Federal Contract Tower,0,3,3,0,6,0,0,4,0,4,0,3,7,0,10,0,0,0,10
05/13/2019,MKL,TN,ASO,CE,Federal Contract Tower,0,7,23,1,31,0,0,38,2,40,0,7,61,3,71,64,0,64,135
05/14/2019,MKL,TN,ASO,CE,Federal Contract Tower,0,4,21,1,26,0,0,56,5,61,0,4,77,6,87,58,0,58,145
05/15/2019,MKL,TN,ASO,CE,Federal Contract Tower,0,4,10,0,14,0,0,23,7,30,0,4,33,7,44,44,12,56,100
05/16/2019,MKL,TN,ASO,CE,Federal Contract Tower,0,6,22,0,28,0,0,55,6,61,0,6,77,6,89,104,0,104,193
05/17/2019,MKL,TN,ASO,CE,Federal Contract Tower,0,4,17,1,22,0,0,49,4,53,0,4,66,5,75,78,0,78,153
05/18/2019,MKL,TN,ASO,CE,Federal Contract Tower,0,3,10,0,13,0,0,36,6,42,0,3,46,6,55,10,0,10,65
05/19/2019,MKL,TN,ASO,CE,Federal Contract Tower,0,5,10,0,15,0,0,10,0,10,0,5,20,0,25,0,0,0,25
05/20/2019,MKL,TN,ASO,CE,Federal Contract Tower,0,4,10,0,14,0,0,36,0,36,0,4,46,0,50,50,0,50,100
05/21/2019,MKL,TN,ASO,CE,Federal Contract Tower,0,8,14,0,22,0,0,19,0,19,0,8,33,0,41,18,0,18,59
05/22/2019,MKL,TN,ASO,CE,Federal Contract Tower,0,3,14,3,20,0,0,14,8,22,0,3,28,11,42,16,44,60,102
05/23/2019,MKL,TN,ASO,CE,Federal Contract Tower,0,6,24,1,31,0,0,27,3,30,0,6,51,4,61,22,0,22,83
05/24/2019,MKL,TN,ASO,CE,Federal Contract Tower,0,4,14,2,20,0,0,33,0,33,0,4,47,2,53,18,0,18,71
05/25/2019,MKL,TN,ASO,CE,Federal Contract Tower,0,2,9,0,11,0,0,28,2,30,0,2,37,2,41,28,0,28,69
05/26/2019,MKL,TN,ASO,CE,Federal Contract Tower,0,4,3,0,7,0,0,9,0,9,0,4,12,0,16,0,0,0,16
05/27/2019,MKL,TN,ASO,CE,Federal Contract Tower,0,4,7,0,11,0,0,23,0,23,0,4,30,0,34,10,0,10,44
05/28/2019,MKL,TN,ASO,CE,Federal Contract Tower,0,5,15,0,20,0,0,20,0,20,0,5,35,0,40,4,0,4,44
05/29/2019,MKL,TN,ASO,CE,Federal Contract Tower,0,4,10,0,14,0,0,8,2,10,0,4,18,2,24,4,2,6,30
05/30/2019,MKL,TN,ASO,CE,Federal Contract Tower,0,5,14,1,20,0,0,4,0,4,0,5,18,1,24,2,0,2,26
05/31/2019,MKL,TN,ASO,CE,Federal Contract Tower,0,4,12,0,16,0,0,31,0,31,0,4,43,0,47,100,0,100,147
06/01/2019,MKL,TN,ASO,CE,Federal Contract Tower,0,3,11,0,14,0,0,30,5,35,0,3,41,5,49,24,0,24,73
06/02/2019,MKL,TN,ASO,CE,Federal Contract Tower,0,4,9,0,13,0,0,19,0,19,0,4,28,0,32,12,0,12,44
06/03/2019,MKL,TN,ASO,CE,Federal Contract Tower,0,4,11,0,15,0,0,16,0,16,0,4,27,0,31,0,0,0,31
06/04/2019,MKL,TN,ASO,CE,Federal Contract Tower,0,5,15,0,20,0,0,20,0,20,0,5,35,0,40,58,0,58,98
06/05/2019,MKL,TN,ASO,CE,Federal Contract Tower,2,4,18,0,24,0,0,31,0,31,2,4,49,0,55,8,0,8,63
06/06/2019,MKL,TN,ASO,CE,Federal Contract Tower,0,4,8,0,12,0,0,0,0,0,0,4,8,0,12,0,0,0,12
06/07/2019,MKL,TN,ASO,CE,Federal Contract Tower,0,6,6,0,12,0,0,5,0,5,0,6,11,0,17,12,0,12,29
06/08/2019,MKL,TN,ASO,CE,Federal Contract Tower,0,2,11,0,13,0,0,4,0,4,0,2,15,0,17,18,0,18,35
06/09/2019,MKL,TN,ASO,CE,Federal Contract Tower,0,5,8,0,13,0,0,2,0,2,0,5,10,0,15,0,0,0,15
06/10/2019,MKL,TN,ASO,CE,Federal Contract Tower,0,6,8,0,14,0,0,14,0,14,0,6,22,0,28,4,0,4,32
06/11/2019,MKL,TN,ASO,CE,Federal Contract Tower,0,5,11,2,18,0,1,15,1,17,0,6,26,3,35,6,0,6,41
06/12/2019,MKL,TN,ASO,CE,Federal Contract Tower,0,4,21,0,25,0,0,37,0,37,0,4,58,0,62,26,0,26,88
06/13/2019,MKL,TN,ASO,CE,Federal Contract Tower,0,8,12,0,20,0,0,26,0,26,0,8,38,0,46,16,0,16,62
06/14/2019,MKL,TN,ASO,CE,Federal Contract Tower,0,6,18,0,24,0,0,56,1,57,0,6,74,1,81,10,0,10,91
06/15/2019,MKL,TN,ASO,CE,Federal Contract Tower,0,2,10,0,12,0,0,37,0,37,0,2,47,0,49,12,0,12,61
06/16/2019,MKL,TN,ASO,CE,Federal Contract Tower,0,3,12,2,17,0,0,9,1,10,0,3,21,3,27,2,4,6,33
06/17/2019,MKL,TN,ASO,CE,Federal Contract Tower,0,6,9,0,15,0,0,17,0,17,0,6,26,0,32,10,0,10,42
06/18/2019,MKL,TN,ASO,CE,Federal Contract Tower,0,4,12,0,16,0,0,71,0,71,0,4,83,0,87,22,0,22,109
06/19/2019,MKL,TN,ASO,CE,Federal Contract Tower,0,6,7,0,13,0,0,121,6,127,0,6,128,6,140,18,4,22,162
06/20/2019,MKL,TN,ASO,CE,Federal Contract Tower,0,4,7,0,11,0,0,11,6,17,0,4,18,6,28,25,0,25,53
06/21/2019,MKL,TN,ASO,CE,Federal Contract Tower,0,3,4,5,12,0,0,9,2,11,0,3,13,7,23,4,8,12,35
06/22/2019,MKL,TN,ASO,CE,Federal Contract Tower,0,2,11,0,13,0,0,18,0,18,0,2,29,0,31,38,0,38,69
06/23/2019,MKL,TN,ASO,CE,Federal Contract Tower,0,3,2,0,5,0,0,18,0,18,0,3,20,0,23,18,0,18,41
06/24/2019,MKL,TN,ASO,CE,Federal Contract Tower,0,3,11,0,14,0,0,6,0,6,0,3,17,0,20,2,0,2,22
06/25/2019,MKL,TN,ASO,CE,Federal Contract Tower,0,5,7,0,12,0,0,29,2,31,0,5,36,2,43,32,0,32,75
06/26/2019,MKL,TN,ASO,CE,Federal Contract Tower,0,4,5,0,9,0,0,67,5,72,0,4,72,5,81,49,12,61,142
06/27/2019,MKL,TN,ASO,CE,Federal Contract Tower,0,6,7,4,17,0,0,49,10,59,0,6,56,14,76,0,0,0,76
06/28/2019,MKL,TN,ASO,CE,Federal Contract Tower,0,4,8,1,13,0,0,187,2,189,0,4,195,3,202,16,12,28,230
06/29/2019,MKL,TN,ASO,CE,Federal Contract Tower,0,2,9,0,11,0,0,191,2,193,0,2,200,2,204,8,0,8,212
06/30/2019,MKL,TN,ASO,CE,Federal Contract Tower,0,3,9,2,14,0,0,95,2,97,0,3,104,4,111,42,0,42,153
07/01/2019,MKL,TN,ASO,CE,Federal Contract Tower,0,5,6,0,11,0,0,25,4,29,0,5,31,4,40,76,0,76,116
07/02/2019,MKL,TN,ASO,CE,Federal Contract Tower,0,4,18,0,22,0,0,52,2,54,0,4,70,2,76,56,0,56,132
07/03/2019,MKL,TN,ASO,CE,Federal Contract Tower,0,4,11,0,15,0,0,62,2,64,0,4,73,2,79,4,0,4,83
07/04/2019,MKL,TN,ASO,CE,Federal Contract Tower,0,10,1,0,11,0,0,80,0,80,0,10,81,0,91,10,0,10,101
07/05/2019,MKL,TN,ASO,CE,Federal Contract Tower,0,6,4,0,10,0,0,35,0,35,0,6,39,0,45,20,0,20,65
07/06/2019,MKL,TN,ASO,CE,Federal Contract Tower,0,2,5,0,7,0,0,40,0,40,0,2,45,0,47,22,0,22,69
07/07/2019,MKL,TN,ASO,CE,Federal Contract Tower,0,7,7,0,14,0,0,13,0,13,0,7,20,0,27,0,0,0,27
07/08/2019,MKL,TN,ASO,CE,Federal Contract Tower,0,6,10,0,16,0,0,28,0,28,0,6,38,0,44,0,0,0,44
07/09/2019,MKL,TN,ASO,CE,Federal Contract Tower,0,4,5,0,9,0,0,42,2,44,0,4,47,2,53,14,0,14,67
07/10/2019,MKL,TN,ASO,CE,Federal Contract Tower,0,4,9,0,13,0,0,24,2,26,0,4,33,2,39,6,0,6,45
07/11/2019,MKL,TN,ASO,CE,Federal Contract Tower,0,4,9,2,15,0,0,11,2,13,0,4,20,4,28,18,2,20,48
07/12/2019,MKL,TN,ASO,CE,Federal Contract Tower,0,8,6,0,14,0,0,58,2,60,0,8,64,2,74,70,0,70,144
07/13/2019,MKL,TN,ASO,CE,Federal Contract Tower,0,2,9,1,12,0,0,65,6,71,0,2,74,7,83,8,0,8,91
07/14/2019,MKL,TN,ASO,CE,Federal Contract Tower,0,5,5,0,10,0,0,15,0,15,0,5,20,0,25,14,0,14,39
07/15/2019,MKL,TN,ASO,CE,Federal Contract Tower,0,8,2,0,10,0,0,2,0,2,0,8,4,0,12,2,0,2,14
07/16/2019,MKL,TN,ASO,CE,Federal Contract Tower,0,4,3,0,7,0,0,1,0,1,0,4,4,0,8,0,0,0,8
07/17/2019,MKL,TN,ASO,CE,Federal Contract Tower,0,2,27,0,29,0,0,23,0,23,0,2,50,0,52,0,0,0,52
07/18/2019,MKL,TN,ASO,CE,Federal Contract Tower,0,10,6,1,17,0,1,57,2,60,0,11,63,3,77,0,0,0,77
07/19/2019,MKL,TN,ASO,CE,Federal Contract Tower,0,8,12,0,20,0,0,56,2,58,0,8,68,2,78,0,0,0,78
07/20/2019,MKL,TN,ASO,CE,Federal Contract Tower,0,2,3,0,5,0,0,62,2,64,0,2,65,2,69,30,0,30,99
07/21/2019,MKL,TN,ASO,CE,Federal Contract Tower,0,3,3,0,6,0,0,5,0,5,0,3,8,0,11,0,0,0,11
07/22/2019,MKL,TN,ASO,CE,Federal Contract Tower,0,9,7,0,16,0,0,1,0,1,0,9,8,0,17,0,0,0,17
07/23/2019,MKL,TN,ASO,CE,Federal Contract Tower,0,5,7,0,12,0,0,22,0,22,0,5,29,0,34,18,0,18,52
07/24/2019,MKL,TN,ASO,CE,Federal Contract Tower,0,4,15,5,24,0,0,47,7,54,0,4,62,12,78,52,12,64,142
07/25/2019,MKL,TN,ASO,CE,Federal Contract Tower,0,15,10,1,26,0,0,43,8,51,0,15,53,9,77,50,0,50,127
07/26/2019,MKL,TN,ASO,CE,Federal Contract Tower,0,14,4,0,18,0,0,39,6,45,0,14,43,6,63,12,54,66,129
07/27/2019,MKL,TN,ASO,CE,Federal Contract Tower,0,2,1,0,3,0,0,47,6,53,0,2,48,6,56,56,16,72,128
07/28/2019,MKL,TN,ASO,CE,Federal Contract Tower,0,8,7,0,15,0,0,44,4,48,0,8,51,4,63,46,0,46,109
07/29/2019,MKL,TN,ASO,CE,Federal Contract Tower,0,8,8,0,16,0,0,43,5,48,0,8,51,5,64,24,0,24,88
07/30/2019,MKL,TN,ASO,CE,Federal Contract Tower,0,4,14,0,18,0,0,19,2,21,0,4,33,2,39,22,0,22,61
07/31/2019,MKL,TN,ASO,CE,Federal Contract Tower,0,6,13,0,19,0,0,70,1,71,0,6,83,1,90,26,0,26,116
08/01/2019,MKL,TN,ASO,CE,Federal Contract Tower,0,8,13,1,22,0,0,34,4,38,0,8,47,5,60,4,0,4,64
08/02/2019,MKL,TN,ASO,CE,Federal Contract Tower,0,12,6,0,18,0,1,24,4,29,0,13,30,4,47,16,0,16,63
08/03/2019,MKL,TN,ASO,CE,Federal Contract Tower,0,2,6,0,8,0,0,48,4,52,0,2,54,4,60,16,0,16,76
08/04/2019,MKL,TN,ASO,CE,Federal Contract Tower,0,9,3,1,13,0,0,13,8,21,0,9,16,9,34,50,4,54,88
08/05/2019,MKL,TN,ASO,CE,Federal Contract Tower,0,3,15,0,18,0,0,17,0,17,0,3,32,0,35,22,0,22,57
08/06/2019,MKL,TN,ASO,CE,Federal Contract Tower,0,4,14,1,19,0,0,31,7,38,0,4,45,8,57,12,12,24,81
08/07/2019,MKL,TN,ASO,CE,Federal Contract Tower,0,5,10,2,17,0,0,12,7,19,0,5,22,9,36,2,20,22,58
08/08/2019,MKL,TN,ASO,CE,Federal Contract Tower,0,8,9,2,19,0,0,14,3,17,0,8,23,5,36,22,4,26,62
08/09/2019,MKL,TN,ASO,CE,Federal Contract Tower,0,4,8,0,12,0,0,13,1,14,0,4,21,1,26,2,0,2,28
08/10/2019,MKL,TN,ASO,CE,Federal Contract Tower,0,2,5,0,7,0,0,46,0,46,0,2,51,0,53,16,0,16,69
08/11/2019,MKL,TN,ASO,CE,Federal Contract Tower,0,6,7,0,13,0,0,32,2,34,0,6,39,2,47,62,0,62,109
08/12/2019,MKL,TN,ASO,CE,Federal Contract Tower,0,10,3,0,13,0,0,24,3,27,0,10,27,3,40,72,0,72,112
08/13/2019,MKL,TN,ASO,CE,Federal Contract Tower,0,4,8,0,12,0,0,22,2,24,0,4,30,2,36,34,0,34,70
08/14/2019,MKL,TN,ASO,CE,Federal Contract Tower,0,6,11,0,17,0,0,14,6,20,0,6,25,6,37,2,0,2,39
08/15/2019,MKL,TN,ASO,CE,Federal Contract Tower,0,8,8,0,16,0,0,32,4,36,0,8,40,4,52,45,0,45,97
08/16/2019,MKL,TN,ASO,CE,Federal Contract Tower,0,8,5,0,13,0,1,27,3,31,0,9,32,3,44,40,4,44,88
08/17/2019,MKL,TN,ASO,CE,Federal Contract Tower,0,2,4,0,6,0,0,35,1,36,0,2,39,1,42,14,0,14,56
08/18/2019,MKL,TN,ASO,CE,Federal Contract Tower,0,7,7,0,14,0,0,33,0,33,0,7,40,0,47,60,0,60,107
08/19/2019,MKL,TN,ASO,CE,Federal Contract Tower,0,4,7,0,11,0,0,20,0,20,0,4,27,0,31,30,0,30,61
08/20/2019,MKL,TN,ASO,CE,Federal Contract Tower,0,3,17,0,20,0,0,22,2,24,0,3,39,2,44,56,0,56,100
08/21/2019,MKL,TN,ASO,CE,Federal Contract Tower,0,7,8,4,19,0,0,16,9,25,0,7,24,13,44,60,4,64,108
08/22/2019,MKL,TN,ASO,CE,Federal Contract Tower,0,4,21,0,25,0,0,20,4,24,0,4,41,4,49,0,8,8,57
08/23/2019,MKL,TN,ASO,CE,Federal Contract Tower,0,4,16,2,22,0,1,24,6,31,0,5,40,8,53,20,0,20,73
08/24/2019,MKL,TN,ASO,CE,Federal Contract Tower,0,2,7,0,9,0,0,4,4,8,0,2,11,4,17,0,14,14,31
08/25/2019,MKL,TN,ASO,CE,Federal Contract Tower,0,4,6,0,10,0,0,8,6,14,0,4,14,6,24,18,0,18,42
08/26/2019,MKL,TN,ASO,CE,Federal Contract Tower,0,8,11,0,19,0,0,12,0,12,0,8,23,0,31,2,0,2,33
08/27/2019,MKL,TN,ASO,CE,Federal Contract Tower,0,7,7,0,14,0,0,25,12,37,0,7,32,12,51,28,6,34,85
08/28/2019,MKL,TN,ASO,CE,Federal Contract Tower,0,4,12,2,18,0,0,36,5,41,0,4,48,7,59,6,8,14,73
08/29/2019,MKL,TN,ASO,CE,Federal Contract Tower,0,9,12,2,23,0,0,19,13,32,0,9,31,15,55,22,16,38,93
08/30/2019,MKL,TN,ASO,CE,Federal Contract Tower,0,8,12,1,21,0,0,31,4,35,0,8,43,5,56,40,6,46,102
08/31/2019,MKL,TN,ASO,CE,Federal Contract Tower,0,4,3,0,7,0,0,26,0,26,0,4,29,0,33,0,0,0,33
09/01/2019,MKL,TN,ASO,CE,Federal Contract Tower,0,4,6,0,10,0,0,14,0,14,0,4,20,0,24,14,0,14,38
09/02/2019,MKL,TN,ASO,CE,Federal Contract Tower,0,7,12,0,19,0,0,21,0,21,0,7,33,0,40,24,0,24,64
09/03/2019,MKL,TN,ASO,CE,Federal Contract Tower,0,2,4,0,6,0,1,25,0,26,0,3,29,0,32,30,0,30,62
09/04/2019,MKL,TN,ASO,CE,Federal Contract Tower,0,5,15,2,22,0,0,49,4,53,0,5,64,6,75,80,22,102,177
09/05/2019,MKL,TN,ASO,CE,Federal Contract Tower,0,8,10,1,19,0,0,44,14,58,0,8,54,15,77,90,6,96,173
09/06/2019,MKL,TN,ASO,CE,Federal Contract Tower,0,8,7,2,17,0,0,58,7,65,0,8,65,9,82,84,12,96,178
09/07/2019,MKL,TN,ASO,CE,Federal Contract Tower,0,2,2,1,5,0,0,55,28,83,0,2,57,29,88,22,12,34,122
09/08/2019,MKL,TN,ASO,CE,Federal Contract Tower,0,6,5,2,13,0,0,28,9,37,0,6,33,11,50,54,4,58,108
09/09/2019,MKL,TN,ASO,CE,Federal Contract Tower,0,8,7,0,15,0,0,23,8,31,0,8,30,8,46,80,6,86,132
09/10/2019,MKL,TN,ASO,CE,Federal Contract Tower,0,4,9,1,14,0,0,44,3,47,0,4,53,4,61,70,0,70,131
09/11/2019,MKL,TN,ASO,CE,Federal Contract Tower,0,4,14,2,20,0,0,23,5,28,0,4,37,7,48,48,0,48,96
09/12/2019,MKL,TN,ASO,CE,Federal Contract Tower,0,10,14,0,24,0,0,69,9,78,0,10,83,9,102,16,12,28,130
09/13/2019,MKL,TN,ASO,CE,Federal Contract Tower,0,4,7,1,12,0,0,81,2,83,0,4,88,3,95,26,0,26,121
09/14/2019,MKL,TN,ASO,CE,Federal Contract Tower,0,2,4,1,7,0,0,44,6,50,0,2,48,7,57,30,12,42,99
09/15/2019,MKL,TN,ASO,CE,Federal Contract Tower,0,7,3,0,10,0,0,14,3,17,0,7,17,3,27,16,10,26,53
09/16/2019,MKL,TN,ASO,CE,Federal Contract Tower,0,6,11,0,17,0,0,25,0,25,0,6,36,0,42,32,0,32,74
09/17/2019,MKL,TN,ASO,CE,Federal Contract Tower,0,3,7,0,10,0,0,33,2,35,0,3,40,2,45,44,0,44,89
09/18/2019,MKL,TN,ASO,CE,Federal Contract Tower,0,4,13,0,17,0,0,29,2,31,0,4,42,2,48,52,0,52,100
09/19/2019,MKL,TN,ASO,CE,Federal Contract Tower,0,7,25,0,32,0,0,72,4,76,0,7,97,4,108,18,0,18,126
09/20/2019,MKL,TN,ASO,CE,Federal Contract Tower,0,11,16,0,27,0,0,30,0,30,0,11,46,0,57,8,0,8,65
09/21/2019,MKL,TN,ASO,CE,Federal Contract Tower,0,3,2,0,5,0,0,19,0,19,0,3,21,0,24,16,0,16,40
09/22/2019,MKL,TN,ASO,CE,Federal Contract Tower,0,7,10,0,17,0,0,26,0,26,0,7,36,0,43,14,0,14,57
09/23/2019,MKL,TN,ASO,CE,Federal Contract Tower,0,8,8,0,16,0,0,24,1,25,0,8,32,1,41,12,0,12,53
09/24/2019,MKL,TN,ASO,CE,Federal Contract Tower,0,4,11,0,15,0,0,40,0,40,0,4,51,0,55,54,0,54,109
09/25/2019,MKL,TN,ASO,CE,Federal Contract Tower,0,4,4,0,8,0,0,27,2,29,0,4,31,2,37,30,0,30,67
09/26/2019,MKL,TN,ASO,CE,Federal Contract Tower,0,8,6,1,15,0,0,16,2,18,0,8,22,3,33,14,6,20,53
09/27/2019,MKL,TN,ASO,CE,Federal Contract Tower,0,4,16,3,23,0,0,64,2,66,0,4,80,5,89,20,0,20,109
09/28/2019,MKL,TN,ASO,CE,Federal Contract Tower,0,4,3,0,7,0,0,31,0,31,0,4,34,0,38,26,0,26,64
09/29/2019,MKL,TN,ASO,CE,Federal Contract Tower,0,3,8,0,11,0,0,43,0,43,0,3,51,0,54,30,0,30,84
09/30/2019,MKL,TN,ASO,CE,Federal Contract Tower,0,10,8,0,18,0,0,26,0,26,0,10,34,0,44,42,0,42,86
10/01/2019,MKL,TN,ASO,CE,Federal Contract Tower,0,4,6,0,10,0,0,45,0,45,0,4,51,0,55,12,0,12,67
10/02/2019,MKL,TN,ASO,CE,Federal Contract Tower,0,7,7,0,14,0,0,36,3,39,0,7,43,3,53,28,0,28,81
10/03/2019,MKL,TN,ASO,CE,Federal Contract Tower,0,6,9,0,15,0,0,22,1,23,0,6,31,1,38,8,0,8,46
10/04/2019,MKL,TN,ASO,CE,Federal Contract Tower,0,4,10,0,14,0,0,18,3,21,0,4,28,3,35,28,0,28,63
10/05/2019,MKL,TN,ASO,CE,Federal Contract Tower,0,4,6,0,10,0,0,49,0,49,0,4,55,0,59,6,0,6,65
10/06/2019,MKL,TN,ASO,CE,Federal Contract Tower,0,3,6,0,9,0,0,10,0,10,0,3,16,0,19,8,0,8,27
10/07/2019,MKL,TN,ASO,CE,Federal Contract Tower,0,6,8,1,15,0,0,14,2,16,0,6,22,3,31,6,0,6,37
10/08/2019,MKL,TN,ASO,CE,Federal Contract Tower,0,4,18,0,22,0,0,25,5,30,0,4,43,5,52,62,0,62,114
10/09/2019,MKL,TN,ASO,CE,Federal Contract Tower,0,5,6,0,11,0,0,40,4,44,0,5,46,4,55,38,0,38,93
10/10/2019,MKL,TN,ASO,CE,Federal Contract Tower,0,4,18,1,23,0,0,48,10,58,0,4,66,11,81,44,0,44,125
10/11/2019,MKL,TN,ASO,CE,Federal Contract Tower,0,4,13,0,17,0,0,0,0,0,0,4,13,0,17,0,0,0,17
10/12/2019,MKL,TN,ASO,CE,Federal Contract Tower,0,2,13,0,15,0,0,55,0,55,0,2,68,0,70,24,0,24,94
10/13/2019,MKL,TN,ASO,CE,Federal Contract Tower,0,3,16,0,19,0,0,52,0,52,0,3,68,0,71,20,0,20,91
10/14/2019,MKL,TN,ASO,CE,Federal Contract Tower,0,4,12,0,16,0,0,77,0,77,0,4,89,0,93,38,0,38,131
10/15/2019,MKL,TN,ASO,CE,Federal Contract Tower,0,3,16,0,19,0,0,5,0,5,0,3,21,0,24,0,0,0,24
10/16/2019,MKL,TN,ASO,CE,Federal Contract Tower,0,5,12,0,17,0,0,58,5,63,0,5,70,5,80,22,14,36,116
10/17/2019,MKL,TN,ASO,CE,Federal Contract Tower,0,4,12,0,16,0,0,27,6,33,0,4,39,6,49,8,0,8,57
10/18/2019,MKL,TN,ASO,CE,Federal Contract Tower,0,10,8,0,18,0,0,47,0,47,0,10,55,0,65,0,0,0,65
10/19/2019,MKL,TN,ASO,CE,Federal Contract Tower,0,2,6,0,8,0,0,40,0,40,0,2,46,0,48,24,0,24,72
10/20/2019,MKL,TN,ASO,CE,Federal Contract Tower,0,3,9,0,12,0,0,42,0,42,0,3,51,0,54,60,0,60,114
10/21/2019,MKL,TN,ASO,CE,Federal Contract Tower,0,4,5,0,9,0,0,0,3,3,0,4,5,3,12,0,8,8,20
10/22/2019,MKL,TN,ASO,CE,Federal Contract Tower,0,4,11,3,18,0,0,35,8,43,0,4,46,11,61,18,14,32,93
10/23/2019,MKL,TN,ASO,CE,Federal Contract Tower,0,5,15,5,25,0,0,29,2,31,0,5,44,7,56,14,2,16,72
10/24/2019,MKL,TN,ASO,CE,Federal Contract Tower,0,4,21,3,28,0,0,38,11,49,0,4,59,14,77,36,10,46,123
10/25/2019,MKL,TN,ASO,CE,Federal Contract Tower,0,4,11,0,15,0,0,4,0,4,0,4,15,0,19,4,0,4,23
10/26/2019,MKL,TN,ASO,CE,Federal Contract Tower,0,2,2,0,4,0,0,0,0,0,0,2,2,0,4,0,0,0,4
10/27/2019,MKL,TN,ASO,CE,Federal Contract Tower,0,3,9,0,12,0,0,2,0,2,0,3,11,0,14,0,0,0,14
10/28/2019,MKL,TN,ASO,CE,Federal Contract Tower,0,6,10,0,16,0,0,9,0,9,0,6,19,0,25,0,0,0,25
10/29/2019,MKL,TN,ASO,CE,Federal Contract Tower,0,5,13,0,18,0,0,16,7,23,0,5,29,7,41,0,4,4,45
10/30/2019,MKL,TN,ASO,CE,Federal Contract Tower,0,4,10,0,14,0,0,0,0,0,0,4,10,0,14,0,0,0,14
10/31/2019,MKL,TN,ASO,CE,Federal Contract Tower,0,5,2,0,7,0,0,4,0,4,0,5,6,0,11,0,0,0,11
11/01/2019,MKL,TN,ASO,CE,Federal Contract Tower,0,4,12,0,16,0,0,47,7,54,0,4,59,7,70,16,16,32,102
11/02/2019,MKL,TN,ASO,CE,Federal Contract Tower,0,2,8,0,10,0,0,28,5,33,0,2,36,5,43,0,0,0,43
11/03/2019,MKL,TN,ASO,CE,Federal Contract Tower,0,5,8,1,14,0,0,37,4,41,0,5,45,5,55,46,0,46,101
11/04/2019,MKL,TN,ASO,CE,Federal Contract Tower,0,5,18,0,23,0,1,25,0,26,0,6,43,0,49,38,0,38,87
11/05/2019,MKL,TN,ASO,CE,Federal Contract Tower,0,5,17,0,22,0,0,39,0,39,0,5,56,0,61,60,0,60,121
11/06/2019,MKL,TN,ASO,CE,Federal Contract Tower,0,4,13,1,18,0,0,12,4,16,0,4,25,5,34,44,8,52,86
11/07/2019,MKL,TN,ASO,CE,Federal Contract Tower,0,5,16,0,21,0,0,0,0,0,0,5,16,0,21,0,0,0,21
11/08/2019,MKL,TN,ASO,CE,Federal Contract Tower,0,3,16,0,19,0,0,26,2,28,0,3,42,2,47,16,0,16,63
11/09/2019,MKL,TN,ASO,CE,Federal Contract Tower,0,2,11,0,13,0,0,22,0,22,0,2,33,0,35,8,0,8,43
11/10/2019,MKL,TN,ASO,CE,Federal Contract Tower,0,3,8,0,11,0,0,24,0,24,0,3,32,0,35,0,0,0,35
11/11/2019,MKL,TN,ASO,CE,Federal Contract Tower,0,4,8,0,12,0,0,5,0,5,0,4,13,0,17,8,0,8,25
11/12/2019,MKL,TN,ASO,CE,Federal Contract Tower,0,7,6,0,13,0,0,8,0,8,0,7,14,0,21,2,0,2,23
11/13/2019,MKL,TN,ASO,CE,Federal Contract Tower,0,5,13,0,18,0,0,49,4,53,0,5,62,4,71,88,0,88,159
11/14/2019,MKL,TN,ASO,CE,Federal Contract Tower,0,6,11,2,19,0,0,42,12,54,0,6,53,14,73,64,14,78,151
11/15/2019,MKL,TN,ASO,CE,Federal Contract Tower,0,3,7,0,10,0,0,24,7,31,0,3,31,7,41,36,16,52,93
11/16/2019,MKL,TN,ASO,CE,Federal Contract Tower,0,2,7,0,9,0,0,17,5,22,0,2,24,5,31,8,0,8,39
11/17/2019,MKL,TN,ASO,CE,Federal Contract Tower,0,3,9,2,14,0,0,23,2,25,0,3,32,4,39,30,4,34,73
11/18/2019,MKL,TN,ASO,CE,Federal Contract Tower,0,4,15,0,19,0,0,32,2,34,0,4,47,2,53,56,0,56,109
11/19/2019,MKL,TN,ASO,CE,Federal Contract Tower,0,7,10,0,17,0,0,36,3,39,0,7,46,3,56,18,0,18,74
11/20/2019,MKL,TN,ASO,CE,Federal Contract Tower,0,4,18,3,25,0,0,26,2,28,0,4,44,5,53,24,0,24,77
11/21/2019,MKL,TN,ASO,CE,Federal Contract Tower,0,5,11,1,17,0,0,5,5,10,0,5,16,6,27,0,10,10,37
11/22/2019,MKL,TN,ASO,CE,Federal Contract Tower,0,4,6,0,10,0,0,0,0,0,0,4,6,0,10,0,0,0,10
11/23/2019,MKL,TN,ASO,CE,Federal Contract Tower,0,2,2,0,4,0,0,0,0,0,0,2,2,0,4,0,0,0,4
11/24/2019,MKL,TN,ASO,CE,Federal Contract Tower,0,2,10,0,12,0,0,25,0,25,0,2,35,0,37,22,0,22,59
11/25/2019,MKL,TN,ASO,CE,Federal Contract Tower,0,3,8,0,11,0,0,26,0,26,0,3,34,0,37,18,0,18,55
11/26/2019,MKL,TN,ASO,CE,Federal Contract Tower,0,4,10,0,14,0,0,5,0,5,0,4,15,0,19,0,0,0,19
11/27/2019,MKL,TN,ASO,CE,Federal Contract Tower,0,4,10,7,21,0,0,19,9,28,0,4,29,16,49,2,14,16,65
11/28/2019,MKL,TN,ASO,CE,Federal Contract Tower,0,3,0,0,3,0,0,6,0,6,0,3,6,0,9,0,0,0,9
11/29/2019,MKL,TN,ASO,CE,Federal Contract Tower,0,4,7,0,11,0,0,0,0,0,0,4,7,0,11,0,0,0,11
11/30/2019,MKL,TN,ASO,CE,Federal Contract Tower,0,2,2,0,4,0,0,0,0,0,0,2,2,0,4,0,0,0,4
12/01/2019,MKL,TN,ASO,CE,Federal Contract Tower,0,3,10,0,13,0,0,5,0,5,0,3,15,0,18,0,0,0,18
12/02/2019,MKL,TN,ASO,CE,Federal Contract Tower,0,5,12,0,17,0,0,8,0,8,0,5,20,0,25,22,0,22,47
12/03/2019,MKL,TN,ASO,CE,Federal Contract Tower,0,4,15,2,21,0,0,36,2,38,0,4,51,4,59,44,6,50,109
12/04/2019,MKL,TN,ASO,CE,Federal Contract Tower,0,4,32,1,37,0,0,13,4,17,0,4,45,5,54,26,0,26,80
12/05/2019,MKL,TN,ASO,CE,Federal Contract Tower,0,8,10,1,19,0,0,29,14,43,0,8,39,15,62,28,12,40,102
12/06/2019,MKL,TN,ASO,CE,Federal Contract Tower,0,0,11,34,45,0,0,0,18,18,0,0,11,52,63,4,12,16,79
12/07/2019,MKL,TN,ASO,CE,Federal Contract Tower,0,2,10,0,12,0,0,34,15,49,0,2,44,15,61,24,4,28,89
12/08/2019,MKL,TN,ASO,CE,Federal Contract Tower,0,3,9,0,12,0,0,7,0,7,0,3,16,0,19,4,0,4,23
12/09/2019,MKL,TN,ASO,CE,Federal Contract Tower,0,0,4,0,4,0,0,4,4,8,0,0,8,4,12,0,0,0,12
12/10/2019,MKL,TN,ASO,CE,Federal Contract Tower,0,5,0,1,6,0,1,0,4,5,0,6,0,5,11,0,0,0,11
12/11/2019,MKL,TN,ASO,CE,Federal Contract Tower,0,4,15,2,21,0,0,27,4,31,0,4,42,6,52,52,0,52,104
12/12/2019,MKL,TN,ASO,CE,Federal Contract Tower,0,4,10,1,15,0,0,46,9,55,0,4,56,10,70,44,12,56,126
12/13/2019,MKL,TN,ASO,CE,Federal Contract Tower,0,4,12,0,16,0,0,0,0,0,0,4,12,0,16,0,0,0,16
12/14/2019,MKL,TN,ASO,CE,Federal Contract Tower,0,2,8,0,10,0,0,6,0,6,0,2,14,0,16,4,0,4,20
12/15/2019,MKL,TN,ASO,CE,Federal Contract Tower,0,3,4,0,7,0,0,4,0,4,0,3,8,0,11,4,0,4,15
12/16/2019,MKL,TN,ASO,CE,Federal Contract Tower,0,4,4,0,8,0,0,0,0,0,0,4,4,0,8,0,0,0,8
12/17/2019,MKL,TN,ASO,CE,Federal Contract Tower,0,6,6,0,12,0,0,5,0,5,0,6,11,0,17,0,0,0,17
12/18/2019,MKL,TN,ASO,CE,Federal Contract Tower,0,6,23,1,30,0,0,43,2,45,0,6,66,3,75,28,0,28,103
12/19/2019,MKL,TN,ASO,CE,Federal Contract Tower,0,3,17,3,23,0,32,10,0,42,0,35,27,3,65,18,20,38,103
12/20/2019,MKL,TN,ASO,CE,Federal Contract Tower,0,4,12,0,16,0,0,25,0,25,0,4,37,0,41,4,0,4,45
12/21/2019,MKL,TN,ASO,CE,Federal Contract Tower,0,4,8,0,12,0,0,18,0,18,0,4,26,0,30,2,0,2,32
12/22/2019,MKL,TN,ASO,CE,Federal Contract Tower,0,3,1,0,4,0,0,0,0,0,0,3,1,0,4,0,0,0,4
12/23/2019,MKL,TN,ASO,CE,Federal Contract Tower,0,4,8,0,12,0,0,30,0,30,0,4,38,0,42,18,0,18,60
12/24/2019,MKL,TN,ASO,CE,Federal Contract Tower,0,4,3,0,7,0,0,26,0,26,0,4,29,0,33,34,0,34,67
12/25/2019,MKL,TN,ASO,CE,Federal Contract Tower,0,4,0,0,4,0,0,9,0,9,0,4,9,0,13,0,0,0,13
12/26/2019,MKL,TN,ASO,CE,Federal Contract Tower,0,7,6,0,13,0,0,20,0,20,0,7,26,0,33,50,0,50,83
12/27/2019,MKL,TN,ASO,CE,Federal Contract Tower,0,3,16,0,19,0,0,2,0,2,0,3,18,0,21,2,0,2,23
12/28/2019,MKL,TN,ASO,CE,Federal Contract Tower,0,5,2,0,7,0,0,2,0,2,0,5,4,0,9,0,0,0,9
12/29/2019,MKL,TN,ASO,CE,Federal Contract Tower,0,4,2,0,6,0,0,2,0,2,0,4,4,0,8,0,0,0,8
12/30/2019,MKL,TN,ASO,CE,Federal Contract Tower,0,4,12,0,16,0,0,14,1,15,0,4,26,1,31,8,0,8,39
12/31/2019,MKL,TN,ASO,CE,Federal Contract Tower,0,0,7,0,7,0,2,17,0,19,0,2,24,0,26,0,0,0,26
01/01/2020,MKL,TN,ASO,CE,Federal Contract Tower,0,2,4,0,6,0,0,24,0,24,0,2,28,0,30,56,0,56,86
01/02/2020,MKL,TN,ASO,CE,Federal Contract Tower,0,8,3,0,11,0,0,0,0,0,0,8,3,0,11,0,0,0,11
01/03/2020,MKL,TN,ASO,CE,Federal Contract Tower,0,7,7,0,14,0,0,0,0,0,0,7,7,0,14,0,0,0,14
01/04/2020,MKL,TN,ASO,CE,Federal Contract Tower,0,2,2,0,4,0,0,3,0,3,0,2,5,0,7,0,0,0,7
01/05/2020,MKL,TN,ASO,CE,Federal Contract Tower,0,3,6,0,9,0,0,19,0,19,0,3,25,0,28,8,0,8,36
01/06/2020,MKL,TN,ASO,CE,Federal Contract Tower,0,1,18,0,19,0,0,12,0,12,0,1,30,0,31,2,0,2,33
01/07/2020,MKL,TN,ASO,CE,Federal Contract Tower,0,5,8,0,13,0,1,25,4,30,0,6,33,4,43,38,4,42,85
01/08/2020,MKL,TN,ASO,CE,Federal Contract Tower,0,4,7,3,14,0,0,39,4,43,0,4,46,7,57,46,0,46,103
01/09/2020,MKL,TN,ASO,CE,Federal Contract Tower,0,5,14,3,22,0,0,10,20,30,0,5,24,23,52,4,12,16,68
01/10/2020,MKL,TN,ASO,CE,Federal Contract Tower,0,4,3,0,7,0,0,5,11,16,0,4,8,11,23,0,10,10,33
01/11/2020,MKL,TN,ASO,CE,Federal Contract Tower,0,1,0,0,1,0,0,0,0,0,0,1,0,0,1,0,0,0,1
01/12/2020,MKL,TN,ASO,CE,Federal Contract Tower,0,3,18,0,21,0,0,8,4,12,0,3,26,4,33,8,0,8,41
01/13/2020,MKL,TN,ASO,CE,Federal Contract Tower,0,4,11,0,15,0,0,6,0,6,0,4,17,0,21,6,0,6,27
01/14/2020,MKL,TN,ASO,CE,Federal Contract Tower,0,4,1,0,5,0,0,3,2,5,0,4,4,2,10,16,0,16,26
01/15/2020,MKL,TN,ASO,CE,Federal Contract Tower,0,3,11,0,14,0,0,0,0,0,0,3,11,0,14,0,0,0,14
01/16/2020,MKL,TN,ASO,CE,Federal Contract Tower,0,5,11,1,17,0,0,14,17,31,0,5,25,18,48,8,20,28,76
01/17/2020,MKL,TN,ASO,CE,Federal Contract Tower,0,4,7,1,12,0,0,15,2,17,0,4,22,3,29,26,0,26,55
01/18/2020,MKL,TN,ASO,CE,Federal Contract Tower,0,2,3,0,5,0,0,3,0,3,0,2,6,0,8,0,0,0,8
01/19/2020,MKL,TN,ASO,CE,Federal Contract Tower,0,3,5,0,8,0,0,8,0,8,0,3,13,0,16,0,0,0,16
01/20/2020,MKL,TN,ASO,CE,Federal Contract Tower,0,4,7,0,11,0,0,1,0,1,0,4,8,0,12,0,0,0,12
01/21/2020,MKL,TN,ASO,CE,Federal Contract Tower,0,4,18,0,22,0,0,25,0,25,0,4,43,0,47,48,0,48,95
01/22/2020,MKL,TN,ASO,CE,Federal Contract Tower,0,5,7,1,13,0,0,24,2,26,0,5,31,3,39,38,4,42,81
01/23/2020,MKL,TN,ASO,CE,Federal Contract Tower,0,3,10,0,13,0,0,1,1,2,0,3,11,1,15,0,0,0,15
01/24/2020,MKL,TN,ASO,CE,Federal Contract Tower,0,4,1,0,5,0,0,4,6,10,0,4,5,6,15,2,20,22,37
01/25/2020,MKL,TN,ASO,CE,Federal Contract Tower,0,2,9,0,11,0,0,35,21,56,0,2,44,21,67,0,4,4,71
01/26/2020,MKL,TN,ASO,CE,Federal Contract Tower,0,3,11,0,14,0,0,9,7,16,0,3,20,7,30,44,0,44,74
01/27/2020,MKL,TN,ASO,CE,Federal Contract Tower,0,3,8,0,11,0,0,20,0,20,0,3,28,0,31,48,0,48,79
01/28/2020,MKL,TN,ASO,CE,Federal Contract Tower,0,4,14,0,18,0,1,9,2,12,0,5,23,2,30,34,2,36,66
01/29/2020,MKL,TN,ASO,CE,Federal Contract Tower,0,3,11,0,14,0,0,14,0,14,0,3,25,0,28,56,0,56,84
01/30/2020,MKL,TN,ASO,CE,Federal Contract Tower,0,4,10,0,14,0,0,12,15,27,0,4,22,15,41,0,2,2,43
01/31/2020,MKL,TN,ASO,CE,Federal Contract Tower,0,8,8,0,16,0,0,0,0,0,0,8,8,0,16,0,0,0,16
02/01/2020,MKL,TN,ASO,ES,Federal Contract Tower,0,3,8,0,11,0,0,17,2,19,0,3,25,2,30,4,0,4,34
02/02/2020,MKL,TN,ASO,ES,Federal Contract Tower,0,5,15,0,20,0,0,27,0,27,0,5,42,0,47,26,0,26,73
02/03/2020,MKL,TN,ASO,ES,Federal Contract Tower,0,6,10,1,17,0,0,17,0,17,0,6,27,1,34,14,0,14,48
02/04/2020,MKL,TN,ASO,ES,Federal Contract Tower,0,8,5,0,13,0,0,0,0,0,0,8,5,0,13,0,0,0,13
02/05/2020,MKL,TN,ASO,ES,Federal Contract Tower,0,3,6,0,9,0,0,0,0,0,0,3,6,0,9,0,0,0,9
02/06/2020,MKL,TN,ASO,ES,Federal Contract Tower,0,3,7,0,10,0,0,0,0,0,0,3,7,0,10,0,0,0,10
02/07/2020,MKL,TN,ASO,ES,Federal Contract Tower,0,5,3,0,8,0,0,23,6,29,0,5,26,6,37,88,0,88,125
02/08/2020,MKL,TN,ASO,ES,Federal Contract Tower,0,2,9,1,12,0,0,30,10,40,0,2,39,11,52,16,0,16,68
02/09/2020,MKL,TN,ASO,ES,Federal Contract Tower,0,3,4,0,7,0,0,12,2,14,0,3,16,2,21,10,0,10,31
02/10/2020,MKL,TN,ASO,ES,Federal Contract Tower,0,4,7,0,11,0,0,0,0,0,0,4,7,0,11,0,0,0,11
02/11/2020,MKL,TN,ASO,ES,Federal Contract Tower,0,3,8,0,11,0,0,9,0,9,0,3,17,0,20,4,0,4,24
02/12/2020,MKL,TN,ASO,ES,Federal Contract Tower,0,4,2,0,6,0,0,0,0,0,0,4,2,0,6,0,0,0,6
02/13/2020,MKL,TN,ASO,ES,Federal Contract Tower,0,5,10,0,15,0,0,11,12,23,0,5,21,12,38,0,0,0,38
02/14/2020,MKL,TN,ASO,ES,Federal Contract Tower,0,4,13,0,17,0,0,38,0,38,0,4,51,0,55,36,0,36,91
02/15/2020,MKL,TN,ASO,ES,Federal Contract Tower,0,2,5,0,7,0,0,15,0,15,0,2,20,0,22,4,0,4,26
02/16/2020,MKL,TN,ASO,ES,Federal Contract Tower,0,4,7,0,11,0,0,30,0,30,0,4,37,0,41,86,0,86,127
02/17/2020,MKL,TN,ASO,ES,Federal Contract Tower,0,4,9,0,13,0,0,3,0,3,0,4,12,0,16,0,0,0,16
02/18/2020,MKL,TN,ASO,ES,Federal Contract Tower,0,5,2,0,7,0,0,0,0,0,0,5,2,0,7,0,0,0,7
02/19/2020,MKL,TN,ASO,ES,Federal Contract Tower,0,4,9,2,15,0,0,18,2,20,0,4,27,4,35,40,0,40,75
02/20/2020,MKL,TN,ASO,ES,Federal Contract Tower,0,7,3,0,10,0,0,1,11,12,0,7,4,11,22,0,10,10,32
02/21/2020,MKL,TN,ASO,ES,Federal Contract Tower,0,5,8,1,14,0,1,47,7,55,0,6,55,8,69,114,16,130,199
02/22/2020,MKL,TN,ASO,ES,Federal Contract Tower,0,6,12,0,18,0,0,120,7,127,0,6,132,7,145,58,6,64,209
02/23/2020,MKL,TN,ASO,ES,Federal Contract Tower,0,3,6,0,9,0,0,17,6,23,0,3,23,6,32,58,0,58,90
02/24/2020,MKL,TN,ASO,ES,Federal Contract Tower,0,4,0,0,4,0,0,0,0,0,0,4,0,0,4,0,0,0,4
02/25/2020,MKL,TN,ASO,ES,Federal Contract Tower,0,4,13,2,19,0,0,11,14,25,0,4,24,16,44,12,32,44,88
02/26/2020,MKL,TN,ASO,ES,Federal Contract Tower,0,5,10,2,17,0,0,7,4,11,0,5,17,6,28,0,0,0,28
02/27/2020,MKL,TN,ASO,ES,Federal Contract Tower,0,6,22,0,28,0,0,51,0,51,0,6,73,0,79,30,0,30,109
02/28/2020,MKL,TN,ASO,ES,Federal Contract Tower,0,5,1,0,6,0,0,11,10,21,0,5,12,10,27,10,0,10,37
02/29/2020,MKL,TN,ASO,ES,Federal Contract Tower,0,4,15,0,19,0,0,47,0,47,0,4,62,0,66,2,0,2,68
03/01/2020,MKL,TN,ASO,ES,Federal Contract Tower,0,4,3,0,7,0,0,8,0,8,0,4,11,0,15,0,0,0,15
03/02/2020,MKL,TN,ASO,ES,Federal Contract Tower,0,5,9,0,14,0,0,2,0,2,0,5,11,0,16,0,0,0,16
03/03/2020,MKL,TN,ASO,ES,Federal Contract Tower,0,4,14,0,18,0,0,14,1,15,0,4,28,1,33,38,0,38,71
03/04/2020,MKL,TN,ASO,ES,Federal Contract Tower,0,6,15,2,23,0,0,23,5,28,0,6,38,7,51,74,0,74,125
03/05/2020,MKL,TN,ASO,ES,Federal Contract Tower,0,5,11,0,16,0,0,35,7,42,0,5,46,7,58,58,6,64,122
03/06/2020,MKL,TN,ASO,ES,Federal Contract Tower,0,5,13,2,20,0,0,14,6,20,0,5,27,8,40,6,0,6,46
03/07/2020,MKL,TN,ASO,ES,Federal Contract Tower,0,2,6,0,8,0,0,64,4,68,0,2,70,4,76,54,0,54,130
03/08/2020,MKL,TN,ASO,ES,Federal Contract Tower,0,3,4,4,11,0,0,25,3,28,0,3,29,7,39,36,8,44,83
03/09/2020,MKL,TN,ASO,ES,Federal Contract Tower,0,4,2,0,6,0,0,6,2,8,0,4,8,2,14,0,0,0,14
03/10/2020,MKL,TN,ASO,ES,Federal Contract Tower,0,4,10,2,16,0,0,10,8,18,0,4,20,10,34,6,16,22,56
03/11/2020,MKL,TN,ASO,ES,Federal Contract Tower,0,4,1,0,5,0,0,6,2,8,0,4,7,2,13,22,0,22,35
03/12/2020,MKL,TN,ASO,ES,Federal Contract Tower,0,3,4,0,7,0,0,2,10,12,0,3,6,10,19,0,10,10,29
03/13/2020,MKL,TN,ASO,ES,Federal Contract Tower,0,6,17,1,24,0,0,17,5,22,0,6,34,6,46,12,0,12,58
03/14/2020,MKL,TN,ASO,ES,Federal Contract Tower,0,2,11,0,13,0,0,0,0,0,0,2,11,0,13,0,0,0,13
03/15/2020,MKL,TN,ASO,ES,Federal Contract Tower,0,4,1,0,5,0,0,2,0,2,0,4,3,0,7,0,0,0,7
03/16/2020,MKL,TN,ASO,ES,Federal Contract Tower,0,4,4,0,8,0,0,3,0,3,0,4,7,0,11,0,0,0,11
03/17/2020,MKL,TN,ASO,ES,Federal Contract Tower,0,6,4,0,10,0,0,0,0,0,0,6,4,0,10,0,0,0,10
03/18/2020,MKL,TN,ASO,ES,Federal Contract Tower,0,4,6,0,10,0,0,6,0,6,0,4,12,0,16,28,0,28,44
03/19/2020,MKL,TN,ASO,ES,Federal Contract Tower,0,4,9,0,13,0,0,6,0,6,0,4,15,0,19,8,0,8,27
03/20/2020,MKL,TN,ASO,ES,Federal Contract Tower,0,5,0,0,5,0,0,7,0,7,0,5,7,0,12,4,0,4,16
03/21/2020,MKL,TN,ASO,ES,Federal Contract Tower,0,2,11,0,13,0,0,91,0,91,0,2,102,0,104,28,0,28,132
03/22/2020,MKL,TN,ASO,ES,Federal Contract Tower,0,4,0,0,4,0,0,8,0,8,0,4,8,0,12,26,0,26,38
03/23/2020,MKL,TN,ASO,ES,Federal Contract Tower,0,5,3,0,8,0,0,19,0,19,0,5,22,0,27,36,0,36,63
03/24/2020,MKL,TN,ASO,ES,Federal Contract Tower,0,4,0,0,4,0,0,0,0,0,0,4,0,0,4,0,0,0,4
03/25/2020,MKL,TN,ASO,ES,Federal Contract Tower,0,6,11,2,19,0,0,19,1,20,0,6,30,3,39,2,0,2,41
03/26/2020,MKL,TN,ASO,ES,Federal Contract Tower,0,4,7,0,11,0,0,18,7,25,0,4,25,7,36,2,0,2,38
03/27/2020,MKL,TN,ASO,ES,Federal Contract Tower,0,5,12,0,17,0,3,92,0,95,0,8,104,0,112,52,0,52,164
03/28/2020,MKL,TN,ASO,ES,Federal Contract Tower,0,2,1,0,3,0,0,16,0,16,0,2,17,0,19,0,0,0,19
03/29/2020,MKL,TN,ASO,ES,Federal Contract Tower,0,4,2,0,6,0,0,20,0,20,0,4,22,0,26,54,0,54,80
03/30/2020,MKL,TN,ASO,ES,Federal Contract Tower,0,5,2,0,7,0,0,24,0,24,0,5,26,0,31,78,0,78,109
03/31/2020,MKL,TN,ASO,ES,Federal Contract Tower,0,5,0,0,5,0,0,6,0,6,0,5,6,0,11,0,0,0,11
04/01/2020,MKL,TN,ASO,ES,Federal Contract Tower,0,5,4,0,9,0,0,33,2,35,0,5,37,2,44,48,0,48,92
04/02/2020,MKL,TN,ASO,ES,Federal Contract Tower,0,5,11,1,17,0,0,27,1,28,0,5,38,2,45,16,0,16,61
04/03/2020,MKL,TN,ASO,ES,Federal Contract Tower,0,5,1,0,6,0,0,63,0,63,0,5,64,0,69,8,0,8,77
04/04/2020,MKL,TN,ASO,ES,Federal Contract Tower,0,2,8,0,10,0,0,28,0,28,0,2,36,0,38,70,0,70,108
04/05/2020,MKL,TN,ASO,ES,Federal Contract Tower,0,3,9,0,12,0,0,28,0,28,0,3,37,0,40,68,0,68,108
04/06/2020,MKL,TN,ASO,ES,Federal Contract Tower,0,13,3,0,16,0,0,21,0,21,0,13,24,0,37,68,0,68,105
04/07/2020,MKL,TN,ASO,ES,Federal Contract Tower,0,17,0,2,19,0,0,14,0,14,0,17,14,2,33,48,0,48,81
04/08/2020,MKL,TN,ASO,ES,Federal Contract Tower,0,4,3,0,7,0,0,0,0,0,0,4,3,0,7,0,0,0,7
04/09/2020,MKL,TN,ASO,ES,Federal Contract Tower,0,6,8,0,14,0,0,19,4,23,0,6,27,4,37,14,0,14,51
04/10/2020,MKL,TN,ASO,ES,Federal Contract Tower,0,5,13,0,18,0,0,20,2,22,0,5,33,2,40,18,0,18,58
04/11/2020,MKL,TN,ASO,ES,Federal Contract Tower,0,2,13,0,15,0,0,16,0,16,0,2,29,0,31,24,0,24,55
04/12/2020,MKL,TN,ASO,ES,Federal Contract Tower,0,4,2,0,6,0,1,0,0,1,0,5,2,0,7,0,0,0,7
04/13/2020,MKL,TN,ASO,ES,Federal Contract Tower,0,4,1,0,5,0,0,5,0,5,0,4,6,0,10,0,0,0,10
04/14/2020,MKL,TN,ASO,ES,Federal Contract Tower,0,21,6,0,27,0,0,7,0,7,0,21,13,0,34,8,0,8,42
04/15/2020,MKL,TN,ASO,ES,Federal Contract Tower,0,4,5,0,9,0,0,15,9,24,0,4,20,9,33,4,0,4,37
04/16/2020,MKL,TN,ASO,ES,Federal Contract Tower,0,5,8,1,14,0,0,27,0,27,0,5,35,1,41,0,0,0,41
04/17/2020,MKL,TN,ASO,ES,Federal Contract Tower,0,6,5,0,11,0,0,4,0,4,0,6,9,0,15,0,0,0,15
04/18/2020,MKL,TN,ASO,ES,Federal Contract Tower,0,2,16,0,18,0,0,24,0,24,0,2,40,0,42,58,0,58,100
04/19/2020,MKL,TN,ASO,ES,Federal Contract Tower,0,4,7,0,11,0,0,0,0,0,0,4,7,0,11,0,0,0,11
04/20/2020,MKL,TN,ASO,ES,Federal Contract Tower,0,4,4,0,8,0,2,35,3,40,0,6,39,3,48,96,0,96,144
04/21/2020,MKL,TN,ASO,ES,Federal Contract Tower,0,5,1,0,6,0,3,28,0,31,0,8,29,0,37,26,0,26,63
04/22/2020,MKL,TN,ASO,ES,Federal Contract Tower,0,5,5,0,10,0,0,25,4,29,0,5,30,4,39,28,0,28,67
04/23/2020,MKL,TN,ASO,ES,Federal Contract Tower,0,5,4,0,9,0,0,0,0,0,0,5,4,0,9,0,0,0,9
04/24/2020,MKL,TN,ASO,ES,Federal Contract Tower,0,6,12,0,18,0,0,26,2,28,0,6,38,2,46,46,0,46,92
04/25/2020,MKL,TN,ASO,ES,Federal Contract Tower,0,2,2,0,4,0,0,0,0,0,0,2,2,0,4,0,0,0,4
04/26/2020,MKL,TN,ASO,ES,Federal Contract Tower,0,4,3,0,7,0,0,11,0,11,0,4,14,0,18,4,0,4,22
04/27/2020,MKL,TN,ASO,ES,Federal Contract Tower,0,5,10,0,15,0,0,32,2,34,0,5,42,2,49,38,0,38,87
04/28/2020,MKL,TN,ASO,ES,Federal Contract Tower,0,2,12,0,14,0,0,27,4,31,0,2,39,4,45,12,4,16,61
04/29/2020,MKL,TN,ASO,ES,Federal Contract Tower,0,5,3,0,8,0,0,0,0,0,0,5,3,0,8,0,0,0,8
04/30/2020,MKL,TN,ASO,ES,Federal Contract Tower,0,5,11,0,16,0,0,28,7,35,0,5,39,7,51,16,10,26,77
05/01/2020,MKL,TN,ASO,ES,Federal Contract Tower,0,6,13,3,22,0,0,42,6,48,0,6,55,9,70,42,4,46,116
05/02/2020,MKL,TN,ASO,ES,Federal Contract Tower,0,2,5,0,7,0,0,15,3,18,0,2,20,3,25,16,0,16,41
05/03/2020,MKL,TN,ASO,ES,Federal Contract Tower,0,3,17,1,21,0,0,13,7,20,0,3,30,8,41,42,0,42,83
05/04/2020,MKL,TN,ASO,ES,Federal Contract Tower,0,3,6,0,9,0,0,11,0,11,0,3,17,0,20,32,0,32,52
05/05/2020,MKL,TN,ASO,ES,Federal Contract Tower,0,4,9,1,14,0,0,10,0,10,0,4,19,1,24,6,0,6,30
05/06/2020,MKL,TN,ASO,ES,Federal Contract Tower,0,4,18,0,22,0,0,10,1,11,0,4,28,1,33,4,0,4,37
05/07/2020,MKL,TN,ASO,ES,Federal Contract Tower,0,5,16,2,23,0,0,23,6,29,0,5,39,8,52,12,0,12,64
05/08/2020,MKL,TN,ASO,ES,Federal Contract Tower,0,5,5,2,12,0,0,2,4,6,0,5,7,6,18,0,0,0,18
05/09/2020,MKL,TN,ASO,ES,Federal Contract Tower,0,2,5,0,7,0,0,30,0,30,0,2,35,0,37,18,0,18,55
05/10/2020,MKL,TN,ASO,ES,Federal Contract Tower,0,6,5,0,11,0,0,22,0,22,0,6,27,0,33,10,0,10,43
05/11/2020,MKL,TN,ASO,ES,Federal Contract Tower,0,5,21,0,26,0,0,34,2,36,0,5,55,2,62,32,0,32,94
05/12/2020,MKL,TN,ASO,ES,Federal Contract Tower,0,7,17,0,24,0,0,13,3,16,0,7,30,3,40,22,0,22,62
05/13/2020,MKL,TN,ASO,ES,Federal Contract Tower,0,6,9,0,15,0,0,16,2,18,0,6,25,2,33,38,0,38,71
05/14/2020,MKL,TN,ASO,ES,Federal Contract Tower,0,7,6,0,13,0,0,20,4,24,0,7,26,4,37,14,0,14,51
05/15/2020,MKL,TN,ASO,ES,Federal Contract Tower,0,6,18,0,24,0,0,15,0,15,0,6,33,0,39,52,0,52,91
05/16/2020,MKL,TN,ASO,ES,Federal Contract Tower,0,6,7,1,14,0,0,30,0,30,0,6,37,1,44,36,0,36,80
05/17/2020,MKL,TN,ASO,ES,Federal Contract Tower,0,5,4,0,9,0,0,5,0,5,0,5,9,0,14,26,0,26,40
05/18/2020,MKL,TN,ASO,ES,Federal Contract Tower,0,6,5,0,11,0,0,32,1,33,0,6,37,1,44,66,0,66,110
05/19/2020,MKL,TN,ASO,ES,Federal Contract Tower,0,4,9,0,13,0,1,16,3,20,0,5,25,3,33,92,0,92,125
05/20/2020,MKL,TN,ASO,ES,Federal Contract Tower,0,5,17,1,23,0,0,40,6,46,0,5,57,7,69,38,0,38,107
05/21/2020,MKL,TN,ASO,ES,Federal Contract Tower,0,7,11,2,20,0,0,20,2,22,0,7,31,4,42,46,0,46,88
05/22/2020,MKL,TN,ASO,ES,Federal Contract Tower,0,7,8,0,15,0,0,7,0,7,0,7,15,0,22,0,0,0,22
05/23/2020,MKL,TN,ASO,ES,Federal Contract Tower,0,2,9,0,11,0,0,28,0,28,0,2,37,0,39,34,0,34,73
05/24/2020,MKL,TN,ASO,ES,Federal Contract Tower,0,4,13,0,17,0,0,26,0,26,0,4,39,0,43,54,0,54,97
05/25/2020,MKL,TN,ASO,ES,Federal Contract Tower,0,5,4,0,9,0,0,11,0,11,0,5,15,0,20,18,0,18,38
05/26/2020,MKL,TN,ASO,ES,Federal Contract Tower,0,7,8,0,15,0,0,13,0,13,0,7,21,0,28,16,0,16,44
05/27/2020,MKL,TN,ASO,ES,Federal Contract Tower,0,4,12,0,16,0,0,11,0,11,0,4,23,0,27,20,0,20,47
05/28/2020,MKL,TN,ASO,ES,Federal Contract Tower,0,13,11,0,24,0,0,16,2,18,0,13,27,2,42,2,0,2,44
05/29/2020,MKL,TN,ASO,ES,Federal Contract Tower,0,8,13,0,21,0,0,17,2,19,0,8,30,2,40,20,0,20,60
05/30/2020,MKL,TN,ASO,ES,Federal Contract Tower,0,2,21,0,23,0,0,65,0,65,0,2,86,0,88,44,0,44,132
05/31/2020,MKL,TN,ASO,ES,Federal Contract Tower,0,4,13,0,17,0,0,23,0,23,0,4,36,0,40,12,0,12,52
06/01/2020,MKL,TN,ASO,ES,Federal Contract Tower,0,4,16,0,20,0,0,31,3,34,0,4,47,3,54,24,0,24,78
06/02/2020,MKL,TN,ASO,ES,Federal Contract Tower,0,4,12,0,16,0,0,27,0,27,0,4,39,0,43,28,0,28,71
06/03/2020,MKL,TN,ASO,ES,Federal Contract Tower,0,4,22,2,28,0,0,31,0,31,0,4,53,2,59,54,0,54,113
06/04/2020,MKL,TN,ASO,ES,Federal Contract Tower,0,5,11,0,16,0,0,10,0,10,0,5,21,0,26,8,0,8,34
06/05/2020,MKL,TN,ASO,ES,Federal Contract Tower,0,7,9,0,16,0,0,21,0,21,0,7,30,0,37,12,0,12,49
06/06/2020,MKL,TN,ASO,ES,Federal Contract Tower,0,2,10,0,12,0,0,34,3,37,0,2,44,3,49,200,50,250,299
06/07/2020,MKL,TN,ASO,ES,Federal Contract Tower,0,3,6,0,9,0,0,21,6,27,0,3,27,6,36,30,44,74,110
06/08/2020,MKL,TN,ASO,ES,Federal Contract Tower,0,6,6,0,12,0,0,5,0,5,0,6,11,0,17,0,0,0,17
06/09/2020,MKL,TN,ASO,ES,Federal Contract Tower,0,4,7,0,11,0,0,0,0,0,0,4,7,0,11,0,0,0,11
06/10/2020,MKL,TN,ASO,ES,Federal Contract Tower,0,5,6,2,13,0,0,6,6,12,0,5,12,8,25,0,6,6,31
06/11/2020,MKL,TN,ASO,ES,Federal Contract Tower,0,5,14,0,19,0,0,33,12,45,0,5,47,12,64,26,20,46,110
06/12/2020,MKL,TN,ASO,ES,Federal Contract Tower,0,4,15,0,19,0,0,38,7,45,0,4,53,7,64,14,0,14,78
06/13/2020,MKL,TN,ASO,ES,Federal Contract Tower,0,2,7,0,9,0,0,31,0,31,0,2,38,0,40,14,0,14,54
06/14/2020,MKL,TN,ASO,ES,Federal Contract Tower,0,4,5,0,9,0,0,32,0,32,0,4,37,0,41,16,0,16,57
06/15/2020,MKL,TN,ASO,ES,Federal Contract Tower,0,4,6,1,11,0,0,36,6,42,0,4,42,7,53,42,0,42,95
06/16/2020,MKL,TN,ASO,ES,Federal Contract Tower,0,4,18,0,22,0,0,17,1,18,0,4,35,1,40,22,0,22,62
06/17/2020,MKL,TN,ASO,ES,Federal Contract Tower,0,7,9,3,19,0,0,31,5,36,0,7,40,8,55,36,4,40,95
06/18/2020,MKL,TN,ASO,ES,Federal Contract Tower,0,5,10,3,18,0,0,49,5,54,0,5,59,8,72,52,12,64,136
06/19/2020,MKL,TN,ASO,ES,Federal Contract Tower,0,4,8,3,15,0,0,46,5,51,0,4,54,8,66,16,0,16,82
06/20/2020,MKL,TN,ASO,ES,Federal Contract Tower,0,2,8,0,10,0,0,25,0,25,0,2,33,0,35,32,0,32,67
06/21/2020,MKL,TN,ASO,ES,Federal Contract Tower,0,5,3,0,8,0,0,14,0,14,0,5,17,0,22,2,0,2,24
06/22/2020,MKL,TN,ASO,ES,Federal Contract Tower,0,5,12,0,17,0,0,10,0,10,0,5,22,0,27,28,0,28,55
06/23/2020,MKL,TN,ASO,ES,Federal Contract Tower,0,9,13,0,22,0,0,11,11,22,0,9,24,11,44,14,0,14,58
06/24/2020,MKL,TN,ASO,ES,Federal Contract Tower,0,12,9,0,21,0,0,25,10,35,0,12,34,10,56,24,14,38,94
06/25/2020,MKL,TN,ASO,ES,Federal Contract Tower,0,5,8,1,14,0,0,39,5,44,0,5,47,6,58,26,10,36,94
06/26/2020,MKL,TN,ASO,ES,Federal Contract Tower,0,7,15,0,22,0,0,6,0,6,0,7,21,0,28,0,0,0,28
06/27/2020,MKL,TN,ASO,ES,Federal Contract Tower,0,2,2,0,4,0,0,2,0,2,0,2,4,0,6,0,0,0,6
06/28/2020,MKL,TN,ASO,ES,Federal Contract Tower,0,9,8,0,17,0,0,43,6,49,0,9,51,6,66,24,0,24,90
06/29/2020,MKL,TN,ASO,ES,Federal Contract Tower,0,4,12,0,16,0,0,202,0,202,0,4,214,0,218,48,0,48,266
06/30/2020,MKL,TN,ASO,ES,Federal Contract Tower,0,4,12,0,16,0,0,44,3,47,0,4,56,3,63,22,0,22,85
07/01/2020,MKL,TN,ASO,ES,Federal Contract Tower,0,3,8,0,11,0,0,43,0,43,0,3,51,0,54,16,0,16,70
07/02/2020,MKL,TN,ASO,ES,Federal Contract Tower,0,6,6,0,12,0,0,78,2,80,0,6,84,2,92,6,0,6,98
07/03/2020,MKL,TN,ASO,ES,Federal Contract Tower,0,6,5,0,11,0,0,90,0,90,0,6,95,0,101,62,0,62,163
07/04/2020,MKL,TN,ASO,ES,Federal Contract Tower,0,2,10,0,12,0,0,26,0,26,0,2,36,0,38,78,0,78,116
07/05/2020,MKL,TN,ASO,ES,Federal Contract Tower,0,3,4,0,7,0,0,22,0,22,0,3,26,0,29,56,0,56,85
07/06/2020,MKL,TN,ASO,ES,Federal Contract Tower,0,3,12,0,15,0,0,18,0,18,0,3,30,0,33,62,0,62,95
07/07/2020,MKL,TN,ASO,ES,Federal Contract Tower,0,6,12,0,18,0,0,24,4,28,0,6,36,4,46,40,0,40,86
07/08/2020,MKL,TN,ASO,ES,Federal Contract Tower,0,4,11,0,15,0,0,23,4,27,0,4,34,4,42,66,6,72,114
07/09/2020,MKL,TN,ASO,ES,Federal Contract Tower,0,4,21,1,26,0,0,40,9,49,0,4,61,10,75,12,6,18,93
07/10/2020,MKL,TN,ASO,ES,Federal Contract Tower,0,6,12,2,20,0,0,61,8,69,0,6,73,10,89,46,4,50,139
07/11/2020,MKL,TN,ASO,ES,Federal Contract Tower,0,2,15,0,17,0,0,99,16,115,0,2,114,16,132,70,42,112,244
07/12/2020,MKL,TN,ASO,ES,Federal Contract Tower,0,3,8,0,11,0,0,19,0,19,0,3,27,0,30,26,0,26,56
07/13/2020,MKL,TN,ASO,ES,Federal Contract Tower,0,4,11,0,15,0,0,119,8,127,0,4,130,8,142,30,26,56,198
07/14/2020,MKL,TN,ASO,ES,Federal Contract Tower,0,6,14,0,20,0,0,54,7,61,0,6,68,7,81,40,0,40,121
07/15/2020,MKL,TN,ASO,ES,Federal Contract Tower,0,7,13,1,21,0,0,34,10,44,0,7,47,11,65,40,6,46,111
07/16/2020,MKL,TN,ASO,ES,Federal Contract Tower,0,5,7,0,12,0,0,56,5,61,0,5,63,5,73,14,0,14,87
07/17/2020,MKL,TN,ASO,ES,Federal Contract Tower,0,3,9,0,12,0,0,77,4,81,0,3,86,4,93,16,0,16,109
07/18/2020,MKL,TN,ASO,ES,Federal Contract Tower,0,2,12,1,15,0,0,74,4,78,0,2,86,5,93,22,4,26,119
07/19/2020,MKL,TN,ASO,ES,Federal Contract Tower,0,3,4,0,7,0,0,45,0,45,0,3,49,0,52,54,0,54,106
07/20/2020,MKL,TN,ASO,ES,Federal Contract Tower,0,3,6,1,10,0,0,66,2,68,0,3,72,3,78,10,0,10,88
07/21/2020,MKL,TN,ASO,ES,Federal Contract Tower,0,4,10,0,14,0,0,59,9,68,0,4,69,9,82,214,0,214,296
07/22/2020,MKL,TN,ASO,ES,Federal Contract Tower,0,5,16,0,21,0,0,31,6,37,0,5,47,6,58,116,10,126,184
07/23/2020,MKL,TN,ASO,ES,Federal Contract Tower,0,4,11,0,15,0,0,13,0,13,0,4,24,0,28,30,0,30,58
07/24/2020,MKL,TN,ASO,ES,Federal Contract Tower,0,3,11,4,18,0,0,43,10,53,0,3,54,14,71,44,22,66,137
07/25/2020,MKL,TN,ASO,ES,Federal Contract Tower,0,2,6,0,8,0,0,28,2,30,0,2,34,2,38,56,0,56,94
07/26/2020,MKL,TN,ASO,ES,Federal Contract Tower,0,3,9,0,12,0,0,26,0,26,0,3,35,0,38,14,0,14,52
07/27/2020,MKL,TN,ASO,ES,Federal Contract Tower,0,6,16,6,28,0,0,38,3,41,0,6,54,9,69,48,0,48,117
07/28/2020,MKL,TN,ASO,ES,Federal Contract Tower,0,3,9,2,14,0,0,35,5,40,0,3,44,7,54,24,2,26,80
07/29/2020,MKL,TN,ASO,ES,Federal Contract Tower,0,5,6,0,11,0,0,12,3,15,0,5,18,3,26,36,0,36,62
07/30/2020,MKL,TN,ASO,ES,Federal Contract Tower,0,6,5,0,11,0,0,7,4,11,0,6,12,4,22,14,4,18,40
07/31/2020,MKL,TN,ASO,ES,Federal Contract Tower,0,8,8,2,18,0,0,14,0,14,0,8,22,2,32,8,0,8,40
08/01/2020,MKL,TN,ASO,ES,Federal Contract Tower,0,2,8,0,10,0,0,1,0,1,0,2,9,0,11,0,0,0,11
08/02/2020,MKL,TN,ASO,ES,Federal Contract Tower,0,5,2,0,7,0,0,17,0,17,0,5,19,0,24,8,0,8,32
08/03/2020,MKL,TN,ASO,ES,Federal Contract Tower,0,4,15,2,21,0,0,33,0,33,0,4,48,2,54,48,0,48,102
08/04/2020,MKL,TN,ASO,ES,Federal Contract Tower,0,4,12,2,18,0,0,23,0,23,0,4,35,2,41,14,0,14,55
08/05/2020,MKL,TN,ASO,ES,Federal Contract Tower,0,6,11,1,18,0,0,35,4,39,0,6,46,5,57,104,0,104,161
08/06/2020,MKL,TN,ASO,ES,Federal Contract Tower,0,4,15,1,20,0,0,35,9,44,0,4,50,10,64,108,10,118,182
08/07/2020,MKL,TN,ASO,ES,Federal Contract Tower,0,6,22,1,29,0,0,31,6,37,0,6,53,7,66,6,0,6,72
08/08/2020,MKL,TN,ASO,ES,Federal Contract Tower,0,2,8,0,10,0,0,24,9,33,0,2,32,9,43,10,0,10,53
08/09/2020,MKL,TN,ASO,ES,Federal Contract Tower,0,3,9,0,12,0,0,35,5,40,0,3,44,5,52,48,0,48,100
08/10/2020,MKL,TN,ASO,ES,Federal Contract Tower,0,3,9,0,12,0,1,8,3,12,0,4,17,3,24,10,0,10,34
08/11/2020,MKL,TN,ASO,ES,Federal Contract Tower,0,9,3,0,12,0,0,9,1,10,0,9,12,1,22,4,0,4,26
08/12/2020,MKL,TN,ASO,ES,Federal Contract Tower,0,4,11,1,16,0,0,20,3,23,0,4,31,4,39,40,0,40,79
08/13/2020,MKL,TN,ASO,ES,Federal Contract Tower,0,4,6,0,10,0,0,18,5,23,0,4,24,5,33,20,4,24,57
08/14/2020,MKL,TN,ASO,ES,Federal Contract Tower,0,4,12,0,16,0,0,4,0,4,0,4,16,0,20,20,0,20,40
08/15/2020,MKL,TN,ASO,ES,Federal Contract Tower,0,2,11,0,13,0,0,43,0,43,0,2,54,0,56,46,0,46,102
08/16/2020,MKL,TN,ASO,ES,Federal Contract Tower,0,5,9,0,14,0,0,25,0,25,0,5,34,0,39,32,0,32,71
08/17/2020,MKL,TN,ASO,ES,Federal Contract Tower,0,6,5,0,11,0,0,28,0,28,0,6,33,0,39,14,0,14,53
08/18/2020,MKL,TN,ASO,ES,Federal Contract Tower,0,4,14,0,18,0,0,26,2,28,0,4,40,2,46,24,0,24,70
08/19/2020,MKL,TN,ASO,ES,Federal Contract Tower,0,6,5,0,11,0,0,13,6,19,0,6,18,6,30,16,0,16,46
08/20/2020,MKL,TN,ASO,ES,Federal Contract Tower,0,4,17,2,23,0,0,21,13,34,0,4,38,15,57,28,2,30,87
08/21/2020,MKL,TN,ASO,ES,Federal Contract Tower,0,4,8,0,12,0,0,8,1,9,0,4,16,1,21,8,2,10,31
08/22/2020,MKL,TN,ASO,ES,Federal Contract Tower,0,2,4,0,6,0,0,12,6,18,0,2,16,6,24,0,8,8,32
08/23/2020,MKL,TN,ASO,ES,Federal Contract Tower,0,3,9,0,12,0,0,12,11,23,0,3,21,11,35,4,8,12,47
08/24/2020,MKL,TN,ASO,ES,Federal Contract Tower,0,4,13,0,17,0,0,17,2,19,0,4,30,2,36,16,0,16,52
08/25/2020,MKL,TN,ASO,ES,Federal Contract Tower,0,5,10,1,16,0,0,17,8,25,0,5,27,9,41,10,0,10,51
08/26/2020,MKL,TN,ASO,ES,Federal Contract Tower,0,4,12,0,16,0,0,10,2,12,0,4,22,2,28,42,0,42,70
08/27/2020,MKL,TN,ASO,ES,Federal Contract Tower,0,4,7,1,12,0,0,5,5,10,0,4,12,6,22,22,0,22,44
08/28/2020,MKL,TN,ASO,ES,Federal Contract Tower,0,0,0,0,0,0,0,0,0,0,0,0,0,0,0,0,0,0,0
08/29/2020,MKL,TN,ASO,ES,Federal Contract Tower,0,3,4,0,7,0,0,15,0,15,0,3,19,0,22,32,0,32,54
08/30/2020,MKL,TN,ASO,ES,Federal Contract Tower,0,5,17,0,22,0,0,3,0,3,0,5,20,0,25,8,0,8,33
08/31/2020,MKL,TN,ASO,ES,Federal Contract Tower,0,5,7,0,12,0,0,10,0,10,0,5,17,0,22,0,0,0,22
09/01/2020,MKL,TN,ASO,ES,Federal Contract Tower,0,5,6,0,11,0,0,12,0,12,0,5,18,0,23,0,0,0,23
09/02/2020,MKL,TN,ASO,ES,Federal Contract Tower,0,7,4,2,13,0,0,2,7,9,0,7,6,9,22,0,6,6,28
09/03/2020,MKL,TN,ASO,ES,Federal Contract Tower,0,4,8,0,12,0,0,10,7,17,0,4,18,7,29,12,0,12,41
09/04/2020,MKL,TN,ASO,ES,Federal Contract Tower,0,5,24,0,29,0,0,16,0,16,0,5,40,0,45,16,0,16,61
09/05/2020,MKL,TN,ASO,ES,Federal Contract Tower,0,2,9,0,11,0,0,23,0,23,0,2,32,0,34,6,0,6,40
09/06/2020,MKL,TN,ASO,ES,Federal Contract Tower,0,3,4,0,7,0,0,19,2,21,0,3,23,2,28,14,0,14,42
09/07/2020,MKL,TN,ASO,ES,Federal Contract Tower,0,4,10,0,14,0,0,28,0,28,0,4,38,0,42,52,0,52,94
09/08/2020,MKL,TN,ASO,ES,Federal Contract Tower,0,5,18,0,23,0,0,31,2,33,0,5,49,2,56,26,0,26,82
09/09/2020,MKL,TN,ASO,ES,Federal Contract Tower,0,4,4,1,9,0,0,65,3,68,0,4,69,4,77,28,0,28,105
09/10/2020,MKL,TN,ASO,ES,Federal Contract Tower,0,4,9,1,14,0,0,43,7,50,0,4,52,8,64,36,0,36,100
09/11/2020,MKL,TN,ASO,ES,Federal Contract Tower,0,4,13,4,21,0,0,21,5,26,0,4,34,9,47,22,2,24,71
09/12/2020,MKL,TN,ASO,ES,Federal Contract Tower,0,1,4,0,5,0,0,5,0,5,0,1,9,0,10,12,0,12,22
09/13/2020,MKL,TN,ASO,ES,Federal Contract Tower,0,3,7,0,10,0,0,9,6,15,0,3,16,6,25,10,2,12,37
09/14/2020,MKL,TN,ASO,ES,Federal Contract Tower,0,3,16,0,19,0,0,19,1,20,0,3,35,1,39,16,0,16,55
09/15/2020,MKL,TN,ASO,ES,Federal Contract Tower,0,10,11,1,22,0,0,16,7,23,0,10,27,8,45,26,0,26,71
09/16/2020,MKL,TN,ASO,ES,Federal Contract Tower,0,4,12,0,16,0,0,15,0,15,0,4,27,0,31,22,0,22,53
09/17/2020,MKL,TN,ASO,ES,Federal Contract Tower,0,3,5,0,8,0,0,12,10,22,0,3,17,10,30,2,0,2,32
09/18/2020,MKL,TN,ASO,ES,Federal Contract Tower,0,5,12,0,17,0,0,14,2,16,0,5,26,2,33,10,0,10,43
09/19/2020,MKL,TN,ASO,ES,Federal Contract Tower,0,2,6,0,8,0,0,29,0,29,0,2,35,0,37,66,0,66,103
09/20/2020,MKL,TN,ASO,ES,Federal Contract Tower,0,3,9,0,12,0,0,31,0,31,0,3,40,0,43,16,0,16,59
09/21/2020,MKL,TN,ASO,ES,Federal Contract Tower,0,4,6,0,10,0,0,24,0,24,0,4,30,0,34,22,0,22,56
09/22/2020,MKL,TN,ASO,ES,Federal Contract Tower,0,6,7,2,15,0,0,32,1,33,0,6,39,3,48,50,0,50,98
09/23/2020,MKL,TN,ASO,ES,Federal Contract Tower,0,6,15,0,21,0,0,8,0,8,0,6,23,0,29,2,0,2,31
09/24/2020,MKL,TN,ASO,ES,Federal Contract Tower,0,8,11,0,19,0,0,0,0,0,0,8,11,0,19,2,0,2,21
09/25/2020,MKL,TN,ASO,ES,Federal Contract Tower,0,4,12,0,16,0,0,4,3,7,0,4,16,3,23,0,4,4,27
09/26/2020,MKL,TN,ASO,ES,Federal Contract Tower,0,1,8,0,9,0,0,58,0,58,0,1,66,0,67,34,0,34,101
09/27/2020,MKL,TN,ASO,ES,Federal Contract Tower,0,3,2,0,5,0,0,39,0,39,0,3,41,0,44,132,0,132,176
09/28/2020,MKL,TN,ASO,ES,Federal Contract Tower,0,4,6,0,10,0,0,8,0,8,0,4,14,0,18,0,0,0,18
09/29/2020,MKL,TN,ASO,ES,Federal Contract Tower,0,4,15,4,23,0,0,16,0,16,0,4,31,4,39,16,0,16,55
09/30/2020,MKL,TN,ASO,ES,Federal Contract Tower,0,6,17,1,24,0,0,16,0,16,0,6,33,1,40,4,0,4,44
10/01/2020,MKL,TN,ASO,ES,Federal Contract Tower,0,5,11,0,16,0,0,17,2,19,0,5,28,2,35,18,0,18,53
10/02/2020,MKL,TN,ASO,ES,Federal Contract Tower,0,4,12,0,16,0,0,91,6,97,0,4,103,6,113,24,0,24,137
10/03/2020,MKL,TN,ASO,ES,Federal Contract Tower,0,1,23,0,24,0,0,55,2,57,0,1,78,2,81,70,0,70,151
10/04/2020,MKL,TN,ASO,ES,Federal Contract Tower,0,5,14,0,19,0,0,35,0,35,0,5,49,0,54,50,0,50,104
10/05/2020,MKL,TN,ASO,ES,Federal Contract Tower,0,3,7,0,10,0,0,48,3,51,0,3,55,3,61,38,0,38,99
10/06/2020,MKL,TN,ASO,ES,Federal Contract Tower,0,6,7,0,13,0,0,46,3,49,0,6,53,3,62,68,0,68,130
10/07/2020,MKL,TN,ASO,ES,Federal Contract Tower,0,4,13,3,20,0,0,35,3,38,0,4,48,6,58,74,2,76,134
10/08/2020,MKL,TN,ASO,ES,Federal Contract Tower,0,4,19,1,24,0,0,84,8,92,0,4,103,9,116,72,8,80,196
10/09/2020,MKL,TN,ASO,ES,Federal Contract Tower,0,4,7,0,11,0,0,29,0,29,0,4,36,0,40,0,0,0,40
10/10/2020,MKL,TN,ASO,ES,Federal Contract Tower,0,1,0,0,1,0,0,0,0,0,0,1,0,0,1,0,0,0,1
10/11/2020,MKL,TN,ASO,ES,Federal Contract Tower,0,3,14,0,17,0,0,7,0,7,0,3,21,0,24,6,0,6,30
10/12/2020,MKL,TN,ASO,ES,Federal Contract Tower,0,4,16,0,20,0,0,19,0,19,0,4,35,0,39,6,0,6,45
10/13/2020,MKL,TN,ASO,ES,Federal Contract Tower,0,4,8,0,12,0,0,62,0,62,0,4,70,0,74,22,0,22,96
10/14/2020,MKL,TN,ASO,ES,Federal Contract Tower,0,7,10,0,17,0,0,60,0,60,0,7,70,0,77,38,0,38,115
10/15/2020,MKL,TN,ASO,ES,Federal Contract Tower,0,3,17,3,23,0,0,20,4,24,0,3,37,7,47,4,10,14,61
10/16/2020,MKL,TN,ASO,ES,Federal Contract Tower,0,4,23,0,27,0,0,34,4,38,0,4,57,4,65,26,0,26,91
10/17/2020,MKL,TN,ASO,ES,Federal Contract Tower,0,1,12,1,14,0,0,18,3,21,0,1,30,4,35,36,4,40,75
10/18/2020,MKL,TN,ASO,ES,Federal Contract Tower,0,5,10,2,17,0,0,20,3,23,0,5,30,5,40,22,4,26,66
10/19/2020,MKL,TN,ASO,ES,Federal Contract Tower,0,4,6,0,10,0,0,23,0,23,0,4,29,0,33,4,0,4,37
10/20/2020,MKL,TN,ASO,ES,Federal Contract Tower,0,3,17,4,24,0,0,21,2,23,0,3,38,6,47,64,6,70,117
10/21/2020,MKL,TN,ASO,ES,Federal Contract Tower,0,4,7,0,11,0,0,19,5,24,0,4,26,5,35,40,0,40,75
10/22/2020,MKL,TN,ASO,ES,Federal Contract Tower,0,5,15,0,20,0,0,48,13,61,0,5,63,13,81,6,4,10,91
10/23/2020,MKL,TN,ASO,ES,Federal Contract Tower,0,4,6,0,10,0,0,11,0,11,0,4,17,0,21,2,0,2,23
10/24/2020,MKL,TN,ASO,ES,Federal Contract Tower,0,4,14,0,18,0,0,0,0,0,0,4,14,0,18,4,0,4,22
10/25/2020,MKL,TN,ASO,ES,Federal Contract Tower,0,5,6,0,11,0,0,0,0,0,0,5,6,0,11,0,0,0,11
10/26/2020,MKL,TN,ASO,ES,Federal Contract Tower,0,4,16,0,20,0,0,0,0,0,0,4,16,0,20,0,0,0,20
10/27/2020,MKL,TN,ASO,ES,Federal Contract Tower,0,4,16,0,20,0,0,2,0,2,0,4,18,0,22,0,0,0,22
10/28/2020,MKL,TN,ASO,ES,Federal Contract Tower,0,6,7,0,13,0,0,0,0,0,0,6,7,0,13,0,0,0,13
10/29/2020,MKL,TN,ASO,ES,Federal Contract Tower,0,5,9,0,14,0,0,0,0,0,0,5,9,0,14,0,0,0,14
10/30/2020,MKL,TN,ASO,ES,Federal Contract Tower,0,4,17,0,21,0,0,38,3,41,0,4,55,3,62,20,0,20,82
10/31/2020,MKL,TN,ASO,ES,Federal Contract Tower,0,2,25,0,27,0,0,30,0,30,0,2,55,0,57,24,0,24,81
11/01/2020,MKL,TN,ASO,ES,Federal Contract Tower,0,3,11,0,14,0,0,12,0,12,0,3,23,0,26,0,0,0,26
11/02/2020,MKL,TN,ASO,ES,Federal Contract Tower,0,4,7,0,11,0,0,42,2,44,0,4,49,2,55,52,0,52,107
11/03/2020,MKL,TN,ASO,ES,Federal Contract Tower,0,7,12,0,19,0,0,35,3,38,0,7,47,3,57,58,0,58,115
11/04/2020,MKL,TN,ASO,ES,Federal Contract Tower,0,4,10,2,16,0,0,38,6,44,0,4,48,8,60,104,0,104,164
11/05/2020,MKL,TN,ASO,ES,Federal Contract Tower,0,4,14,0,18,0,0,25,11,36,0,4,39,11,54,46,10,56,110
11/06/2020,MKL,TN,ASO,ES,Federal Contract Tower,0,4,13,1,18,0,0,36,10,46,0,4,49,11,64,52,4,56,120
11/07/2020,MKL,TN,ASO,ES,Federal Contract Tower,0,2,2,1,5,0,0,29,7,36,0,2,31,8,41,38,0,38,79
11/08/2020,MKL,TN,ASO,ES,Federal Contract Tower,0,3,9,4,16,0,0,12,3,15,0,3,21,7,31,22,4,26,57
11/09/2020,MKL,TN,ASO,ES,Federal Contract Tower,0,4,11,1,16,0,0,9,0,9,0,4,20,1,25,4,0,4,29
11/10/2020,MKL,TN,ASO,ES,Federal Contract Tower,0,4,16,2,22,0,0,1,2,3,0,4,17,4,25,4,4,8,33
11/11/2020,MKL,TN,ASO,ES,Federal Contract Tower,10,4,22,0,36,0,0,36,0,36,10,4,58,0,72,38,0,38,110
11/12/2020,MKL,TN,ASO,ES,Federal Contract Tower,0,4,20,0,24,0,1,42,5,48,0,5,62,5,72,32,0,32,104
11/13/2020,MKL,TN,ASO,ES,Federal Contract Tower,0,4,21,3,28,0,0,40,4,44,0,4,61,7,72,26,4,30,102
11/14/2020,MKL,TN,ASO,ES,Federal Contract Tower,0,1,6,0,7,0,1,14,0,15,0,2,20,0,22,30,0,30,52
11/15/2020,MKL,TN,ASO,ES,Federal Contract Tower,0,3,8,0,11,0,0,1,0,1,0,3,9,0,12,0,0,0,12
11/16/2020,MKL,TN,ASO,ES,Federal Contract Tower,0,6,8,0,14,0,0,32,0,32,0,6,40,0,46,40,0,40,86
11/17/2020,MKL,TN,ASO,ES,Federal Contract Tower,0,5,10,1,16,0,0,20,9,29,0,5,30,10,45,14,2,16,61
11/18/2020,MKL,TN,ASO,ES,Federal Contract Tower,0,4,7,0,11,0,0,36,1,37,0,4,43,1,48,16,0,16,64
11/19/2020,MKL,TN,ASO,ES,Federal Contract Tower,0,4,8,0,12,0,0,7,8,15,0,4,15,8,27,16,10,26,53
11/20/2020,MKL,TN,ASO,ES,Federal Contract Tower,0,4,22,1,27,0,0,18,6,24,0,4,40,7,51,36,0,36,87
11/21/2020,MKL,TN,ASO,ES,Federal Contract Tower,0,2,9,0,11,0,0,43,4,47,0,2,52,4,58,48,0,48,106
11/22/2020,MKL,TN,ASO,ES,Federal Contract Tower,0,3,7,0,10,0,0,0,0,0,0,3,7,0,10,0,0,0,10
11/23/2020,MKL,TN,ASO,ES,Federal Contract Tower,0,6,7,0,13,0,0,16,1,17,0,6,23,1,30,6,0,6,36
11/24/2020,MKL,TN,ASO,ES,Federal Contract Tower,0,3,14,0,17,0,0,16,5,21,0,3,30,5,38,24,0,24,62
11/25/2020,MKL,TN,ASO,ES,Federal Contract Tower,0,5,6,0,11,0,0,4,0,4,0,5,10,0,15,0,0,0,15
11/26/2020,MKL,TN,ASO,ES,Federal Contract Tower,0,4,5,0,9,0,0,12,0,12,0,4,17,0,21,0,0,0,21
11/27/2020,MKL,TN,ASO,ES,Federal Contract Tower,0,4,6,0,10,0,0,14,0,14,0,4,20,0,24,28,0,28,52
11/28/2020,MKL,TN,ASO,ES,Federal Contract Tower,0,4,6,0,10,0,0,32,0,32,0,4,38,0,42,32,0,32,74
11/29/2020,MKL,TN,ASO,ES,Federal Contract Tower,0,3,15,0,18,0,0,7,0,7,0,3,22,0,25,0,0,0,25
11/30/2020,MKL,TN,ASO,ES,Federal Contract Tower,0,5,4,0,9,0,0,5,0,5,0,5,9,0,14,0,0,0,14
12/01/2020,MKL,TN,ASO,ES,Federal Contract Tower,0,4,12,2,18,0,0,23,2,25,0,4,35,4,43,40,0,40,83
12/02/2020,MKL,TN,ASO,ES,Federal Contract Tower,0,3,10,1,14,0,0,25,7,32,0,3,35,8,46,40,18,58,104
12/03/2020,MKL,TN,ASO,ES,Federal Contract Tower,0,4,1,0,5,0,0,0,0,0,0,4,1,0,5,0,0,0,5
12/04/2020,MKL,TN,ASO,ES,Federal Contract Tower,0,4,13,0,17,0,0,2,12,14,0,4,15,12,31,0,36,36,67
12/05/2020,MKL,TN,ASO,ES,Federal Contract Tower,0,2,7,0,9,0,0,31,2,33,0,2,38,2,42,10,2,12,54
12/06/2020,MKL,TN,ASO,ES,Federal Contract Tower,0,3,4,0,7,0,0,17,0,17,0,3,21,0,24,22,0,22,46
12/07/2020,MKL,TN,ASO,ES,Federal Contract Tower,0,4,9,0,13,0,0,10,0,10,0,4,19,0,23,2,0,2,25
12/08/2020,MKL,TN,ASO,ES,Federal Contract Tower,0,4,8,1,13,0,0,24,4,28,0,4,32,5,41,28,0,28,69
12/09/2020,MKL,TN,ASO,ES,Federal Contract Tower,0,4,11,0,15,0,0,38,2,40,0,4,49,2,55,6,0,6,61
12/10/2020,MKL,TN,ASO,ES,Federal Contract Tower,0,8,3,0,11,0,0,21,4,25,0,8,24,4,36,16,4,20,56
12/11/2020,MKL,TN,ASO,ES,Federal Contract Tower,0,2,9,0,11,0,0,9,0,9,0,2,18,0,20,0,0,0,20
12/12/2020,MKL,TN,ASO,ES,Federal Contract Tower,0,2,5,0,7,0,0,19,0,19,0,2,24,0,26,10,0,10,36
12/13/2020,MKL,TN,ASO,ES,Federal Contract Tower,0,3,12,0,15,0,0,5,0,5,0,3,17,0,20,8,0,8,28
12/14/2020,MKL,TN,ASO,ES,Federal Contract Tower,0,4,9,0,13,0,0,8,0,8,0,4,17,0,21,0,0,0,21
12/15/2020,MKL,TN,ASO,ES,Federal Contract Tower,0,4,8,0,12,0,0,0,3,3,0,4,8,3,15,0,6,6,21
12/16/2020,MKL,TN,ASO,ES,Federal Contract Tower,0,1,11,0,12,0,0,1,0,1,0,1,12,0,13,0,0,0,13
12/17/2020,MKL,TN,ASO,ES,Federal Contract Tower,0,4,13,1,18,0,0,23,14,37,0,4,36,15,55,14,8,22,77
12/18/2020,MKL,TN,ASO,ES,Federal Contract Tower,0,4,14,1,19,0,0,20,9,29,0,4,34,10,48,4,20,24,72
12/19/2020,MKL,TN,ASO,ES,Federal Contract Tower,0,1,6,0,7,0,0,1,5,6,0,1,7,5,13,0,16,16,29
12/20/2020,MKL,TN,ASO,ES,Federal Contract Tower,0,5,5,0,10,0,0,1,3,4,0,5,6,3,14,0,16,16,30
12/21/2020,MKL,TN,ASO,ES,Federal Contract Tower,0,4,17,0,21,0,0,21,0,21,0,4,38,0,42,16,0,16,58
12/22/2020,MKL,TN,ASO,ES,Federal Contract Tower,0,4,12,0,16,0,0,25,0,25,0,4,37,0,41,10,0,10,51
12/23/2020,MKL,TN,ASO,ES,Federal Contract Tower,0,4,5,0,9,0,0,2,0,2,0,4,7,0,11,0,0,0,11
12/24/2020,MKL,TN,ASO,ES,Federal Contract Tower,0,4,6,0,10,0,0,8,0,8,0,4,14,0,18,8,0,8,26
12/25/2020,MKL,TN,ASO,ES,Federal Contract Tower,0,4,0,0,4,0,0,4,0,4,0,4,4,0,8,0,0,0,8
12/26/2020,MKL,TN,ASO,ES,Federal Contract Tower,0,3,8,0,11,0,0,28,0,28,0,3,36,0,39,4,0,4,43
12/27/2020,MKL,TN,ASO,ES,Federal Contract Tower,0,5,10,0,15,0,2,8,0,10,0,7,18,0,25,8,0,8,33
12/28/2020,MKL,TN,ASO,ES,Federal Contract Tower,0,4,7,0,11,0,0,32,0,32,0,4,39,0,43,82,0,82,125
12/29/2020,MKL,TN,ASO,ES,Federal Contract Tower,0,4,13,0,17,0,0,23,4,27,0,4,36,4,44,80,0,80,124
12/30/2020,MKL,TN,ASO,ES,Federal Contract Tower,0,4,2,0,6,0,0,4,0,4,0,4,6,0,10,22,0,22,32
12/31/2020,MKL,TN,ASO,ES,Federal Contract Tower,0,4,3,0,7,0,0,0,0,0,0,4,3,0,7,0,0,0,7
01/01/2021,MKL,TN,ASO,ES,Federal Contract Tower,0,5,2,0,7,0,0,4,0,4,0,5,6,0,11,0,0,0,11
01/02/2021,MKL,TN,ASO,ES,Federal Contract Tower,0,2,18,0,20,0,0,5,0,5,0,2,23,0,25,18,0,18,43
01/03/2021,MKL,TN,ASO,ES,Federal Contract Tower,0,5,8,0,13,0,0,35,0,35,0,5,43,0,48,50,0,50,98
01/04/2021,MKL,TN,ASO,ES,Federal Contract Tower,0,3,14,0,17,0,0,22,0,22,0,3,36,0,39,8,0,8,47
01/05/2021,MKL,TN,ASO,ES,Federal Contract Tower,0,5,4,3,12,0,0,30,4,34,0,5,34,7,46,44,0,44,90
01/06/2021,MKL,TN,ASO,ES,Federal Contract Tower,0,4,9,0,13,0,0,19,0,19,0,4,28,0,32,14,0,14,46
01/07/2021,MKL,TN,ASO,ES,Federal Contract Tower,0,4,7,0,11,0,0,0,0,0,0,4,7,0,11,0,0,0,11
01/08/2021,MKL,TN,ASO,ES,Federal Contract Tower,0,4,5,0,9,0,0,5,0,5,0,4,10,0,14,30,0,30,44
01/09/2021,MKL,TN,ASO,ES,Federal Contract Tower,0,1,0,0,1,0,0,9,0,9,0,1,9,0,10,40,0,40,50
01/10/2021,MKL,TN,ASO,ES,Federal Contract Tower,0,3,6,0,9,0,0,7,0,7,0,3,13,0,16,2,0,2,18
01/11/2021,MKL,TN,ASO,ES,Federal Contract Tower,0,2,6,0,8,0,0,0,0,0,0,2,6,0,8,0,0,0,8
01/12/2021,MKL,TN,ASO,ES,Federal Contract Tower,0,4,12,1,17,0,0,48,2,50,0,4,60,3,67,66,0,66,133
01/13/2021,MKL,TN,ASO,ES,Federal Contract Tower,0,4,13,0,17,0,0,17,2,19,0,4,30,2,36,50,0,50,86
01/14/2021,MKL,TN,ASO,ES,Federal Contract Tower,0,4,11,0,15,0,0,32,0,32,0,4,43,0,47,26,0,26,73
01/15/2021,MKL,TN,ASO,ES,Federal Contract Tower,0,6,9,0,15,0,0,8,0,8,0,6,17,0,23,4,0,4,27
01/16/2021,MKL,TN,ASO,ES,Federal Contract Tower,0,2,7,0,9,0,0,28,0,28,0,2,35,0,37,44,0,44,81
01/17/2021,MKL,TN,ASO,ES,Federal Contract Tower,0,3,9,0,12,0,0,18,0,18,0,3,27,0,30,16,0,16,46
01/18/2021,MKL,TN,ASO,ES,Federal Contract Tower,0,4,16,0,20,0,0,36,0,36,0,4,52,0,56,42,0,42,98
01/19/2021,MKL,TN,ASO,ES,Federal Contract Tower,0,4,17,0,21,0,0,33,0,33,0,4,50,0,54,46,0,46,100
01/20/2021,MKL,TN,ASO,ES,Federal Contract Tower,0,4,21,0,25,0,0,27,2,29,0,4,48,2,54,44,2,46,100
01/21/2021,MKL,TN,ASO,ES,Federal Contract Tower,0,4,8,2,14,0,0,9,3,12,0,4,17,5,26,22,0,22,48
01/22/2021,MKL,TN,ASO,ES,Federal Contract Tower,0,4,8,0,12,0,0,24,2,26,0,4,32,2,38,32,0,32,70
01/23/2021,MKL,TN,ASO,ES,Federal Contract Tower,0,1,8,0,9,0,0,21,6,27,0,1,29,6,36,4,0,4,40
01/24/2021,MKL,TN,ASO,ES,Federal Contract Tower,0,3,12,15,30,0,0,3,9,12,0,3,15,24,42,0,26,26,68
01/25/2021,MKL,TN,ASO,ES,Federal Contract Tower,0,4,6,0,10,0,0,3,0,3,0,4,9,0,13,0,0,0,13
01/26/2021,MKL,TN,ASO,ES,Federal Contract Tower,0,4,15,1,20,0,0,41,0,41,0,4,56,1,61,44,0,44,105
01/27/2021,MKL,TN,ASO,ES,Federal Contract Tower,0,4,11,0,15,0,0,1,0,1,0,4,12,0,16,4,0,4,20
01/28/2021,MKL,TN,ASO,ES,Federal Contract Tower,0,3,14,1,18,0,0,20,6,26,0,3,34,7,44,4,4,8,52
01/29/2021,MKL,TN,ASO,ES,Federal Contract Tower,0,8,22,2,32,0,1,29,1,31,0,9,51,3,63,54,0,54,117
01/30/2021,MKL,TN,ASO,ES,Federal Contract Tower,0,1,4,0,5,0,0,4,0,4,0,1,8,0,9,0,0,0,9
01/31/2021,MKL,TN,ASO,ES,Federal Contract Tower,0,3,3,0,6,0,0,0,0,0,0,3,3,0,6,0,0,0,6
02/01/2021,MKL,TN,ASO,ES,Federal Contract Tower,0,6,4,0,10,0,0,4,0,4,0,6,8,0,14,0,0,0,14
02/02/2021,MKL,TN,ASO,ES,Federal Contract Tower,0,4,9,0,13,0,0,24,0,24,0,4,33,0,37,34,0,34,71
02/03/2021,MKL,TN,ASO,ES,Federal Contract Tower,0,4,17,0,21,0,0,41,2,43,0,4,58,2,64,18,0,18,82
02/04/2021,MKL,TN,ASO,ES,Federal Contract Tower,0,4,9,0,13,0,0,3,0,3,0,4,12,0,16,12,0,12,28
02/05/2021,MKL,TN,ASO,ES,Federal Contract Tower,0,4,10,3,17,0,0,32,14,46,0,4,42,17,63,18,16,34,97
02/06/2021,MKL,TN,ASO,ES,Federal Contract Tower,0,2,4,0,6,0,0,21,3,24,0,2,25,3,30,52,0,52,82
02/07/2021,MKL,TN,ASO,ES,Federal Contract Tower,0,3,4,0,7,0,0,6,0,6,0,3,10,0,13,0,0,0,13
02/08/2021,MKL,TN,ASO,ES,Federal Contract Tower,0,3,12,2,17,0,0,28,0,28,0,3,40,2,45,68,0,68,113
02/09/2021,MKL,TN,ASO,ES,Federal Contract Tower,0,7,11,0,18,0,0,3,0,3,0,7,14,0,21,10,0,10,31
02/10/2021,MKL,TN,ASO,ES,Federal Contract Tower,0,0,9,0,9,0,0,2,0,2,0,0,11,0,11,0,0,0,11
02/11/2021,MKL,TN,ASO,ES,Federal Contract Tower,0,0,1,0,1,0,0,0,0,0,0,0,1,0,1,0,0,0,1
02/12/2021,MKL,TN,ASO,ES,Federal Contract Tower,0,2,13,0,15,0,0,2,0,2,0,2,15,0,17,0,0,0,17
02/13/2021,MKL,TN,ASO,ES,Federal Contract Tower,0,2,2,0,4,0,0,0,0,0,0,2,2,0,4,0,0,0,4
02/14/2021,MKL,TN,ASO,ES,Federal Contract Tower,0,2,4,0,6,0,0,0,0,0,0,2,4,0,6,0,0,0,6
02/15/2021,MKL,TN,ASO,ES,Federal Contract Tower,0,0,0,0,0,0,0,0,0,0,0,0,0,0,0,0,0,0,0
02/16/2021,MKL,TN,ASO,ES,Federal Contract Tower,0,0,0,0,0,0,0,0,0,0,0,0,0,0,0,0,0,0,0
02/17/2021,MKL,TN,ASO,ES,Federal Contract Tower,0,0,2,0,2,0,0,0,0,0,0,0,2,0,2,0,0,0,2
02/18/2021,MKL,TN,ASO,ES,Federal Contract Tower,0,0,1,0,1,0,0,3,0,3,0,0,4,0,4,0,0,0,4
02/19/2021,MKL,TN,ASO,ES,Federal Contract Tower,0,0,7,0,7,0,0,4,0,4,0,0,11,0,11,0,0,0,11
02/20/2021,MKL,TN,ASO,ES,Federal Contract Tower,0,1,5,0,6,0,0,5,0,5,0,1,10,0,11,0,0,0,11
02/21/2021,MKL,TN,ASO,ES,Federal Contract Tower,0,3,14,1,18,0,0,3,12,15,0,3,17,13,33,4,0,4,37
02/22/2021,MKL,TN,ASO,ES,Federal Contract Tower,0,6,26,0,32,0,0,34,0,34,0,6,60,0,66,44,0,44,110
02/23/2021,MKL,TN,ASO,ES,Federal Contract Tower,0,4,23,2,29,0,0,38,10,48,0,4,61,12,77,40,14,54,131
02/24/2021,MKL,TN,ASO,ES,Federal Contract Tower,0,4,19,0,23,0,0,17,2,19,0,4,36,2,42,24,0,24,66
02/25/2021,MKL,TN,ASO,ES,Federal Contract Tower,0,4,16,1,21,0,0,37,7,44,0,4,53,8,65,58,0,58,123
02/26/2021,MKL,TN,ASO,ES,Federal Contract Tower,0,3,15,0,18,0,0,0,0,0,0,3,15,0,18,0,0,0,18
02/27/2021,MKL,TN,ASO,ES,Federal Contract Tower,0,1,5,1,7,0,0,0,3,3,0,1,5,4,10,0,0,0,10
02/28/2021,MKL,TN,ASO,ES,Federal Contract Tower,0,3,8,0,11,0,0,2,0,2,0,3,10,0,13,0,0,0,13
03/01/2021,MKL,TN,ASO,ES,Federal Contract Tower,0,4,13,0,17,0,0,28,0,28,0,4,41,0,45,18,0,18,63
03/02/2021,MKL,TN,ASO,ES,Federal Contract Tower,0,5,23,0,28,0,0,26,7,33,0,5,49,7,61,18,20,38,99
03/03/2021,MKL,TN,ASO,ES,Federal Contract Tower,0,4,12,0,16,0,0,28,9,37,0,4,40,9,53,8,4,12,65
03/04/2021,MKL,TN,ASO,ES,Federal Contract Tower,0,6,18,0,24,0,0,51,6,57,0,6,69,6,81,32,16,48,129
03/05/2021,MKL,TN,ASO,ES,Federal Contract Tower,0,9,24,0,33,0,0,28,5,33,0,9,52,5,66,54,0,54,120
03/06/2021,MKL,TN,ASO,ES,Federal Contract Tower,0,2,11,0,13,0,0,42,3,45,0,2,53,3,58,26,0,26,84
03/07/2021,MKL,TN,ASO,ES,Federal Contract Tower,0,3,8,0,11,0,0,38,0,38,0,3,46,0,49,8,0,8,57
03/08/2021,MKL,TN,ASO,ES,Federal Contract Tower,0,8,13,0,21,0,0,34,0,34,0,8,47,0,55,34,0,34,89
03/09/2021,MKL,TN,ASO,ES,Federal Contract Tower,0,6,20,0,26,0,0,47,2,49,0,6,67,2,75,56,0,56,131
03/10/2021,MKL,TN,ASO,ES,Federal Contract Tower,0,4,11,0,15,0,0,18,1,19,0,4,29,1,34,0,0,0,34
03/11/2021,MKL,TN,ASO,ES,Federal Contract Tower,0,6,13,0,19,0,0,25,3,28,0,6,38,3,47,0,0,0,47
03/12/2021,MKL,TN,ASO,ES,Federal Contract Tower,0,4,20,0,24,0,0,18,0,18,0,4,38,0,42,6,0,6,48
03/13/2021,MKL,TN,ASO,ES,Federal Contract Tower,0,2,21,0,23,0,0,0,0,0,0,2,21,0,23,0,0,0,23
03/14/2021,MKL,TN,ASO,ES,Federal Contract Tower,0,3,6,0,9,0,0,17,0,17,0,3,23,0,26,12,0,12,38
03/15/2021,MKL,TN,ASO,ES,Federal Contract Tower,0,4,15,0,19,0,0,18,0,18,0,4,33,0,37,10,0,10,47
03/16/2021,MKL,TN,ASO,ES,Federal Contract Tower,0,5,22,0,27,0,0,45,1,46,0,5,67,1,73,46,0,46,119
03/17/2021,MKL,TN,ASO,ES,Federal Contract Tower,0,0,4,0,4,0,0,0,0,0,0,0,4,0,4,0,0,0,4
03/18/2021,MKL,TN,ASO,ES,Federal Contract Tower,0,7,12,0,19,0,0,8,0,8,0,7,20,0,27,0,0,0,27
03/19/2021,MKL,TN,ASO,ES,Federal Contract Tower,0,4,23,0,27,0,0,23,9,32,0,4,46,9,59,12,10,22,81
03/20/2021,MKL,TN,ASO,ES,Federal Contract Tower,0,2,7,2,11,0,1,29,8,38,0,3,36,10,49,40,2,42,91
03/21/2021,MKL,TN,ASO,ES,Federal Contract Tower,0,3,8,3,14,0,0,36,10,46,0,3,44,13,60,48,4,52,112
03/22/2021,MKL,TN,ASO,ES,Federal Contract Tower,0,4,11,0,15,0,0,33,4,37,0,4,44,4,52,86,0,86,138
03/23/2021,MKL,TN,ASO,ES,Federal Contract Tower,0,6,8,0,14,0,0,4,2,6,0,6,12,2,20,0,0,0,20
03/24/2021,MKL,TN,ASO,ES,Federal Contract Tower,0,4,15,0,19,0,0,39,0,39,0,4,54,0,58,58,0,58,116
03/25/2021,MKL,TN,ASO,ES,Federal Contract Tower,0,2,0,0,2,0,0,2,0,2,0,2,2,0,4,0,0,0,4
03/26/2021,MKL,TN,ASO,ES,Federal Contract Tower,0,4,16,0,20,0,0,43,2,45,0,4,59,2,65,62,0,62,127
03/27/2021,MKL,TN,ASO,ES,Federal Contract Tower,0,2,3,0,5,0,0,2,0,2,0,2,5,0,7,14,0,14,21
03/28/2021,MKL,TN,ASO,ES,Federal Contract Tower,0,3,10,0,13,0,0,17,0,17,0,3,27,0,30,34,0,34,64
03/29/2021,MKL,TN,ASO,ES,Federal Contract Tower,0,6,15,0,21,0,1,33,0,34,0,7,48,0,55,24,0,24,79
03/30/2021,MKL,TN,ASO,ES,Federal Contract Tower,0,4,8,0,12,0,0,8,0,8,0,4,16,0,20,4,0,4,24
03/31/2021,MKL,TN,ASO,ES,Federal Contract Tower,0,4,12,0,16,0,0,5,0,5,0,4,17,0,21,2,0,2,23
04/01/2021,MKL,TN,ASO,ES,Federal Contract Tower,0,4,13,0,17,0,0,26,2,28,0,4,39,2,45,4,0,4,49
04/02/2021,MKL,TN,ASO,ES,Federal Contract Tower,0,4,7,0,11,0,0,31,8,39,0,4,38,8,50,30,0,30,80
04/03/2021,MKL,TN,ASO,ES,Federal Contract Tower,0,2,9,0,11,0,0,40,5,45,0,2,49,5,56,36,10,46,102
04/04/2021,MKL,TN,ASO,ES,Federal Contract Tower,0,3,10,0,13,0,0,17,0,17,0,3,27,0,30,14,0,14,44
04/05/2021,MKL,TN,ASO,ES,Federal Contract Tower,0,4,7,0,11,0,0,29,2,31,0,4,36,2,42,12,0,12,54
04/06/2021,MKL,TN,ASO,ES,Federal Contract Tower,0,4,7,0,11,0,0,36,3,39,0,4,43,3,50,20,0,20,70
04/07/2021,MKL,TN,ASO,ES,Federal Contract Tower,0,10,9,1,20,0,0,27,0,27,0,10,36,1,47,32,0,32,79
04/08/2021,MKL,TN,ASO,ES,Federal Contract Tower,0,6,17,2,25,0,0,29,2,31,0,6,46,4,56,10,6,16,72
04/09/2021,MKL,TN,ASO,ES,Federal Contract Tower,0,7,12,0,19,0,0,13,0,13,0,7,25,0,32,0,0,0,32
04/10/2021,MKL,TN,ASO,ES,Federal Contract Tower,0,3,16,0,19,0,0,13,0,13,0,3,29,0,32,44,0,44,76
04/11/2021,MKL,TN,ASO,ES,Federal Contract Tower,0,3,11,0,14,0,0,8,2,10,0,3,19,2,24,2,0,2,26
04/12/2021,MKL,TN,ASO,ES,Federal Contract Tower,0,8,7,0,15,0,0,33,0,33,0,8,40,0,48,60,0,60,108
04/13/2021,MKL,TN,ASO,ES,Federal Contract Tower,0,7,13,0,20,0,0,33,0,33,0,7,46,0,53,20,0,20,73
04/14/2021,MKL,TN,ASO,ES,Federal Contract Tower,0,10,5,0,15,0,0,9,0,9,0,10,14,0,24,14,0,14,38
04/15/2021,MKL,TN,ASO,ES,Federal Contract Tower,0,4,7,1,12,0,0,38,10,48,0,4,45,11,60,22,12,34,94
04/16/2021,MKL,TN,ASO,ES,Federal Contract Tower,0,4,12,2,18,0,0,44,10,54,0,4,56,12,72,72,12,84,156
04/17/2021,MKL,TN,ASO,ES,Federal Contract Tower,0,2,9,0,11,0,0,26,0,26,0,2,35,0,37,32,0,32,69
04/18/2021,MKL,TN,ASO,ES,Federal Contract Tower,0,3,5,9,17,0,0,29,13,42,0,3,34,22,59,10,2,12,71
04/19/2021,MKL,TN,ASO,ES,Federal Contract Tower,0,4,17,0,21,0,0,29,3,32,0,4,46,3,53,24,0,24,77
04/20/2021,MKL,TN,ASO,ES,Federal Contract Tower,0,4,11,0,15,0,0,22,2,24,0,4,33,2,39,22,0,22,61
04/21/2021,MKL,TN,ASO,ES,Federal Contract Tower,0,6,12,0,18,0,0,48,5,53,0,6,60,5,71,40,0,40,111
04/22/2021,MKL,TN,ASO,ES,Federal Contract Tower,0,4,23,1,28,0,0,57,10,67,0,4,80,11,95,46,0,46,141
04/23/2021,MKL,TN,ASO,ES,Federal Contract Tower,0,4,12,0,16,0,0,14,2,16,0,4,26,2,32,0,0,0,32
04/24/2021,MKL,TN,ASO,ES,Federal Contract Tower,0,2,0,0,2,0,0,0,0,0,0,2,0,0,2,0,0,0,2
04/25/2021,MKL,TN,ASO,ES,Federal Contract Tower,0,3,19,0,22,0,0,49,11,60,0,3,68,11,82,0,10,10,92
04/26/2021,MKL,TN,ASO,ES,Federal Contract Tower,0,4,11,0,15,0,0,40,0,40,0,4,51,0,55,32,0,32,87
04/27/2021,MKL,TN,ASO,ES,Federal Contract Tower,0,2,23,4,29,0,0,23,5,28,0,2,46,9,57,28,0,28,85
04/28/2021,MKL,TN,ASO,ES,Federal Contract Tower,0,4,18,0,22,0,0,7,7,14,0,4,25,7,36,0,0,0,36
04/29/2021,MKL,TN,ASO,ES,Federal Contract Tower,0,5,11,0,16,0,0,1,0,1,0,5,12,0,17,0,0,0,17
04/30/2021,MKL,TN,ASO,ES,Federal Contract Tower,0,5,21,3,29,0,0,54,10,64,0,5,75,13,93,42,0,42,135
05/01/2021,MKL,TN,ASO,ES,Federal Contract Tower,0,1,12,0,13,0,4,47,6,57,0,5,59,6,70,14,0,14,84
05/02/2021,MKL,TN,ASO,ES,Federal Contract Tower,0,3,12,0,15,0,0,13,0,13,0,3,25,0,28,12,0,12,40
05/03/2021,MKL,TN,ASO,ES,Federal Contract Tower,0,5,17,2,24,0,0,6,0,6,0,5,23,2,30,0,0,0,30
05/04/2021,MKL,TN,ASO,ES,Federal Contract Tower,0,2,4,0,6,0,0,12,2,14,0,2,16,2,20,20,0,20,40
05/05/2021,MKL,TN,ASO,ES,Federal Contract Tower,0,5,13,5,23,0,0,33,3,36,0,5,46,8,59,38,0,38,97
05/06/2021,MKL,TN,ASO,ES,Federal Contract Tower,0,7,19,2,28,0,0,25,2,27,0,7,44,4,55,32,4,36,91
05/07/2021,MKL,TN,ASO,ES,Federal Contract Tower,0,4,19,1,24,0,0,46,4,50,0,4,65,5,74,28,2,30,104
05/08/2021,MKL,TN,ASO,ES,Federal Contract Tower,0,2,9,0,11,0,0,16,0,16,0,2,25,0,27,12,0,12,39
05/09/2021,MKL,TN,ASO,ES,Federal Contract Tower,0,3,5,0,8,0,0,0,0,0,0,3,5,0,8,0,0,0,8
05/10/2021,MKL,TN,ASO,ES,Federal Contract Tower,0,4,20,0,24,0,0,21,3,24,0,4,41,3,48,32,0,32,80
05/11/2021,MKL,TN,ASO,ES,Federal Contract Tower,0,4,23,0,27,0,0,26,10,36,0,4,49,10,63,24,8,32,95
05/12/2021,MKL,TN,ASO,ES,Federal Contract Tower,0,6,14,0,20,0,2,26,13,41,0,8,40,13,61,34,6,40,101
05/13/2021,MKL,TN,ASO,ES,Federal Contract Tower,0,7,25,0,32,0,0,51,5,56,0,7,76,5,88,52,0,52,140
05/14/2021,MKL,TN,ASO,ES,Federal Contract Tower,0,3,33,4,40,0,0,74,2,76,0,3,107,6,116,58,6,64,180
05/15/2021,MKL,TN,ASO,ES,Federal Contract Tower,0,2,14,0,16,0,0,43,0,43,0,2,57,0,59,52,0,52,111
05/16/2021,MKL,TN,ASO,ES,Federal Contract Tower,0,3,14,0,17,0,0,23,0,23,0,3,37,0,40,22,0,22,62
05/17/2021,MKL,TN,ASO,ES,Federal Contract Tower,0,4,15,0,19,0,0,27,0,27,0,4,42,0,46,20,0,20,66
05/18/2021,MKL,TN,ASO,ES,Federal Contract Tower,0,4,9,0,13,0,0,8,10,18,0,4,17,10,31,0,0,0,31
05/19/2021,MKL,TN,ASO,ES,Federal Contract Tower,0,5,7,0,12,0,0,23,6,29,0,5,30,6,41,4,4,8,49
05/20/2021,MKL,TN,ASO,ES,Federal Contract Tower,0,4,8,0,12,0,0,26,7,33,0,4,34,7,45,2,0,2,47
05/21/2021,MKL,TN,ASO,ES,Federal Contract Tower,0,5,11,3,19,0,0,38,10,48,0,5,49,13,67,18,18,36,103
05/22/2021,MKL,TN,ASO,ES,Federal Contract Tower,0,6,6,0,12,0,0,41,2,43,0,6,47,2,55,48,0,48,103
05/23/2021,MKL,TN,ASO,ES,Federal Contract Tower,0,5,11,1,17,0,0,40,5,45,0,5,51,6,62,12,0,12,74
05/24/2021,MKL,TN,ASO,ES,Federal Contract Tower,0,4,5,0,9,0,0,37,0,37,0,4,42,0,46,52,0,52,98
05/25/2021,MKL,TN,ASO,ES,Federal Contract Tower,0,4,16,0,20,0,0,33,4,37,0,4,49,4,57,10,0,10,67
05/26/2021,MKL,TN,ASO,ES,Federal Contract Tower,0,4,22,0,26,0,0,4,0,4,0,4,26,0,30,0,0,0,30
05/27/2021,MKL,TN,ASO,ES,Federal Contract Tower,0,3,13,0,16,0,0,22,1,23,0,3,35,1,39,26,0,26,65
05/28/2021,MKL,TN,ASO,ES,Federal Contract Tower,0,4,10,4,18,0,0,8,0,8,0,4,18,4,26,0,0,0,26
05/29/2021,MKL,TN,ASO,ES,Federal Contract Tower,0,3,9,0,12,0,0,5,0,5,0,3,14,0,17,0,0,0,17
05/30/2021,MKL,TN,ASO,ES,Federal Contract Tower,0,5,12,0,17,0,0,36,0,36,0,5,48,0,53,12,0,12,65
05/31/2021,MKL,TN,ASO,ES,Federal Contract Tower,0,7,13,0,20,0,0,24,0,24,0,7,37,0,44,12,0,12,56
06/01/2021,MKL,TN,ASO,ES,Federal Contract Tower,0,6,26,0,32,0,0,24,0,24,0,6,50,0,56,18,0,18,74
06/02/2021,MKL,TN,ASO,ES,Federal Contract Tower,0,4,7,0,11,0,0,3,0,3,0,4,10,0,14,4,0,4,18
06/03/2021,MKL,TN,ASO,ES,Federal Contract Tower,0,7,12,0,19,0,0,21,3,24,0,7,33,3,43,20,0,20,63
06/04/2021,MKL,TN,ASO,ES,Federal Contract Tower,0,4,16,0,20,0,0,37,6,43,0,4,53,6,63,28,0,28,91
06/05/2021,MKL,TN,ASO,ES,Federal Contract Tower,0,5,8,0,13,0,0,55,5,60,0,5,63,5,73,40,0,40,113
06/06/2021,MKL,TN,ASO,ES,Federal Contract Tower,0,4,9,0,13,0,0,0,0,0,0,4,9,0,13,0,0,0,13
06/07/2021,MKL,TN,ASO,ES,Federal Contract Tower,0,5,13,0,18,0,0,19,0,19,0,5,32,0,37,10,0,10,47
06/08/2021,MKL,TN,ASO,ES,Federal Contract Tower,0,4,13,0,17,0,0,6,3,9,0,4,19,3,26,4,8,12,38
06/09/2021,MKL,TN,ASO,ES,Federal Contract Tower,0,6,11,0,17,0,0,37,0,37,0,6,48,0,54,6,0,6,60
06/10/2021,MKL,TN,ASO,ES,Federal Contract Tower,0,12,7,0,19,0,0,2,7,9,0,12,9,7,28,8,34,42,70
06/11/2021,MKL,TN,ASO,ES,Federal Contract Tower,0,9,38,0,47,0,0,33,0,33,0,9,71,0,80,18,0,18,98
06/12/2021,MKL,TN,ASO,ES,Federal Contract Tower,0,0,9,4,13,0,0,92,0,92,0,0,101,4,105,99,0,99,204
06/13/2021,MKL,TN,ASO,ES,Federal Contract Tower,0,5,10,0,15,0,0,49,0,49,0,5,59,0,64,14,0,14,78
06/14/2021,MKL,TN,ASO,ES,Federal Contract Tower,0,10,15,0,25,0,0,52,2,54,0,10,67,2,79,46,0,46,125
06/15/2021,MKL,TN,ASO,ES,Federal Contract Tower,0,4,25,1,30,0,0,52,0,52,0,4,77,1,82,24,0,24,106
06/16/2021,MKL,TN,ASO,ES,Federal Contract Tower,0,7,14,3,24,0,0,49,0,49,0,7,63,3,73,8,0,8,81
06/17/2021,MKL,TN,ASO,ES,Federal Contract Tower,0,5,23,0,28,0,0,11,5,16,0,5,34,5,44,6,0,6,50
06/18/2021,MKL,TN,ASO,ES,Federal Contract Tower,0,4,12,4,20,0,58,14,0,72,0,62,26,4,92,18,12,30,122
06/19/2021,MKL,TN,ASO,ES,Federal Contract Tower,0,0,21,0,21,0,0,0,0,0,0,0,21,0,21,34,0,34,55
06/20/2021,MKL,TN,ASO,ES,Federal Contract Tower,0,6,14,0,20,0,0,94,0,94,0,6,108,0,114,0,0,0,114
06/21/2021,MKL,TN,ASO,ES,Federal Contract Tower,0,4,5,0,9,0,0,4,0,4,0,4,9,0,13,0,0,0,13
06/22/2021,MKL,TN,ASO,ES,Federal Contract Tower,0,4,17,0,21,0,0,89,2,91,0,4,106,2,112,18,8,26,138
06/23/2021,MKL,TN,ASO,ES,Federal Contract Tower,0,5,22,1,28,0,0,64,3,67,0,5,86,4,95,12,0,12,107
06/24/2021,MKL,TN,ASO,ES,Federal Contract Tower,0,5,26,1,32,0,0,62,8,70,0,5,88,9,102,26,0,26,128
06/25/2021,MKL,TN,ASO,ES,Federal Contract Tower,0,5,24,0,29,0,0,26,1,27,0,5,50,1,56,0,0,0,56
06/26/2021,MKL,TN,ASO,ES,Federal Contract Tower,0,1,21,0,22,0,0,32,14,46,0,1,53,14,68,38,68,106,174
06/27/2021,MKL,TN,ASO,ES,Federal Contract Tower,0,6,20,0,26,0,0,24,6,30,0,6,44,6,56,6,0,6,62
06/28/2021,MKL,TN,ASO,ES,Federal Contract Tower,0,1,14,0,15,0,0,18,0,18,0,1,32,0,33,2,0,2,35
06/29/2021,MKL,TN,ASO,ES,Federal Contract Tower,0,9,17,1,27,0,2,12,5,19,0,11,29,6,46,16,4,20,66
06/30/2021,MKL,TN,ASO,ES,Federal Contract Tower,0,4,9,0,13,0,0,4,0,4,0,4,13,0,17,0,0,0,17
07/01/2021,MKL,TN,ASO,ES,Federal Contract Tower,0,4,14,0,18,0,0,6,0,6,0,4,20,0,24,4,0,4,28
07/02/2021,MKL,TN,ASO,ES,Federal Contract Tower,0,2,21,0,23,0,0,12,0,12,0,2,33,0,35,0,0,0,35
07/03/2021,MKL,TN,ASO,ES,Federal Contract Tower,0,1,19,0,20,0,0,19,0,19,0,1,38,0,39,4,0,4,43
07/04/2021,MKL,TN,ASO,ES,Federal Contract Tower,0,8,3,0,11,0,0,10,0,10,0,8,13,0,21,20,0,20,41
07/05/2021,MKL,TN,ASO,ES,Federal Contract Tower,0,6,11,0,17,0,0,88,0,88,0,6,99,0,105,0,0,0,105
07/06/2021,MKL,TN,ASO,ES,Federal Contract Tower,0,6,22,0,28,0,0,33,0,33,0,6,55,0,61,10,0,10,71
07/07/2021,MKL,TN,ASO,ES,Federal Contract Tower,0,4,18,0,22,0,0,4,0,4,0,4,22,0,26,0,0,0,26
07/08/2021,MKL,TN,ASO,ES,Federal Contract Tower,0,8,26,0,34,0,0,19,4,23,0,8,45,4,57,6,0,6,63
07/09/2021,MKL,TN,ASO,ES,Federal Contract Tower,0,4,17,0,21,0,0,5,4,9,0,4,22,4,30,0,0,0,30
07/10/2021,MKL,TN,ASO,ES,Federal Contract Tower,0,0,10,2,12,0,0,13,0,13,0,0,23,2,25,10,0,10,35
07/11/2021,MKL,TN,ASO,ES,Federal Contract Tower,0,4,22,0,26,0,0,13,0,13,0,4,35,0,39,0,0,0,39
07/12/2021,MKL,TN,ASO,ES,Federal Contract Tower,0,5,8,0,13,0,0,39,0,39,0,5,47,0,52,0,0,0,52
07/13/2021,MKL,TN,ASO,ES,Federal Contract Tower,0,4,6,2,12,0,0,34,0,34,0,4,40,2,46,0,0,0,46
07/14/2021,MKL,TN,ASO,ES,Federal Contract Tower,0,8,14,3,25,0,0,50,5,55,0,8,64,8,80,20,4,24,104
07/15/2021,MKL,TN,ASO,ES,Federal Contract Tower,0,8,16,1,25,0,0,38,3,41,0,8,54,4,66,26,0,26,92
07/16/2021,MKL,TN,ASO,ES,Federal Contract Tower,0,4,17,0,21,0,0,18,0,18,0,4,35,0,39,4,0,4,43
07/17/2021,MKL,TN,ASO,ES,Federal Contract Tower,0,0,22,0,22,0,0,18,2,20,0,0,40,2,42,36,0,36,78
07/18/2021,MKL,TN,ASO,ES,Federal Contract Tower,0,5,11,0,16,0,0,1,0,1,0,5,12,0,17,0,0,0,17
07/19/2021,MKL,TN,ASO,ES,Federal Contract Tower,0,5,12,0,17,0,0,5,0,5,0,5,17,0,22,0,0,0,22
07/20/2021,MKL,TN,ASO,ES,Federal Contract Tower,0,6,8,0,14,0,0,38,0,38,0,6,46,0,52,34,0,34,86
07/21/2021,MKL,TN,ASO,ES,Federal Contract Tower,0,9,15,2,26,0,0,37,0,37,0,9,52,2,63,6,0,6,69
07/22/2021,MKL,TN,ASO,ES,Federal Contract Tower,0,7,15,0,22,0,0,25,0,25,0,7,40,0,47,28,0,28,75
07/23/2021,MKL,TN,ASO,ES,Federal Contract Tower,0,4,15,0,19,0,0,30,0,30,0,4,45,0,49,22,0,22,71
07/24/2021,MKL,TN,ASO,ES,Federal Contract Tower,0,4,7,0,11,0,0,25,0,25,0,4,32,0,36,4,0,4,40
07/25/2021,MKL,TN,ASO,ES,Federal Contract Tower,0,4,7,4,15,0,26,0,0,26,0,30,7,4,41,42,0,42,83
07/26/2021,MKL,TN,ASO,ES,Federal Contract Tower,0,4,11,0,15,0,0,26,3,29,0,4,37,3,44,0,0,0,44
07/27/2021,MKL,TN,ASO,ES,Federal Contract Tower,0,4,17,0,21,0,0,31,0,31,0,4,48,0,52,6,0,6,58
07/28/2021,MKL,TN,ASO,ES,Federal Contract Tower,0,5,10,1,16,0,0,36,1,37,0,5,46,2,53,28,12,40,93
07/29/2021,MKL,TN,ASO,ES,Federal Contract Tower,0,7,17,0,24,0,0,28,0,28,0,7,45,0,52,8,0,8,60
07/30/2021,MKL,TN,ASO,ES,Federal Contract Tower,0,5,8,4,17,0,0,24,4,28,0,5,32,8,45,40,0,40,85
07/31/2021,MKL,TN,ASO,ES,Federal Contract Tower,0,0,11,0,11,0,0,26,0,26,0,0,37,0,37,22,0,22,59
08/01/2021,MKL,TN,ASO,ES,Federal Contract Tower,0,5,6,0,11,0,0,5,0,5,0,5,11,0,16,16,0,16,32
08/02/2021,MKL,TN,ASO,ES,Federal Contract Tower,0,4,9,2,15,0,0,43,0,43,0,4,52,2,58,18,0,18,76
08/03/2021,MKL,TN,ASO,ES,Federal Contract Tower,0,7,21,2,30,0,0,61,0,61,0,7,82,2,91,54,2,56,147
08/04/2021,MKL,TN,ASO,ES,Federal Contract Tower,0,5,15,0,20,0,0,32,0,32,0,5,47,0,52,28,0,28,80
08/05/2021,MKL,TN,ASO,ES,Federal Contract Tower,0,5,16,2,23,0,0,42,5,47,0,5,58,7,70,28,16,44,114
08/06/2021,MKL,TN,ASO,ES,Federal Contract Tower,0,4,9,0,13,0,0,23,4,27,0,4,32,4,40,28,0,28,68
08/07/2021,MKL,TN,ASO,ES,Federal Contract Tower,0,1,17,0,18,0,0,41,6,47,0,1,58,6,65,30,0,30,95
08/08/2021,MKL,TN,ASO,ES,Federal Contract Tower,0,5,10,0,15,0,0,35,7,42,0,5,45,7,57,0,0,0,57
08/09/2021,MKL,TN,ASO,ES,Federal Contract Tower,0,5,12,0,17,0,0,39,0,39,0,5,51,0,56,28,0,28,84
08/10/2021,MKL,TN,ASO,ES,Federal Contract Tower,0,0,15,1,16,0,0,35,2,37,0,0,50,3,53,30,0,30,83
08/11/2021,MKL,TN,ASO,ES,Federal Contract Tower,0,5,28,2,35,0,0,26,7,33,0,5,54,9,68,30,2,32,100
08/12/2021,MKL,TN,ASO,ES,Federal Contract Tower,0,5,20,1,26,0,0,27,10,37,0,5,47,11,63,18,12,30,93
08/13/2021,MKL,TN,ASO,ES,Federal Contract Tower,0,2,26,0,28,0,0,27,0,27,0,2,53,0,55,26,0,26,81
08/14/2021,MKL,TN,ASO,ES,Federal Contract Tower,0,1,14,0,15,0,0,22,10,32,0,1,36,10,47,20,20,40,87
08/15/2021,MKL,TN,ASO,ES,Federal Contract Tower,0,5,8,2,15,0,2,4,0,6,0,7,12,2,21,0,0,0,21
08/16/2021,MKL,TN,ASO,ES,Federal Contract Tower,0,4,13,0,17,0,0,30,0,30,0,4,43,0,47,34,0,34,81
08/17/2021,MKL,TN,ASO,ES,Federal Contract Tower,0,4,16,2,22,0,0,17,4,21,0,4,33,6,43,16,4,20,63
08/18/2021,MKL,TN,ASO,ES,Federal Contract Tower,0,6,10,0,16,0,0,5,0,5,0,6,15,0,21,0,0,0,21
08/19/2021,MKL,TN,ASO,ES,Federal Contract Tower,0,6,14,0,20,0,0,12,1,13,0,6,26,1,33,0,0,0,33
08/20/2021,MKL,TN,ASO,ES,Federal Contract Tower,0,8,18,0,26,0,0,1,0,1,0,8,19,0,27,0,0,0,27
08/21/2021,MKL,TN,ASO,ES,Federal Contract Tower,0,2,3,0,5,0,0,6,0,6,0,2,9,0,11,20,0,20,31
08/22/2021,MKL,TN,ASO,ES,Federal Contract Tower,0,4,9,1,14,0,0,10,3,13,0,4,19,4,27,2,0,2,29
08/23/2021,MKL,TN,ASO,ES,Federal Contract Tower,0,4,11,0,15,0,0,36,0,36,0,4,47,0,51,36,0,36,87
08/24/2021,MKL,TN,ASO,ES,Federal Contract Tower,0,2,14,1,17,0,0,49,5,54,0,2,63,6,71,16,0,16,87
08/25/2021,MKL,TN,ASO,ES,Federal Contract Tower,0,6,8,1,15,0,0,24,7,31,0,6,32,8,46,30,8,38,84
08/26/2021,MKL,TN,ASO,ES,Federal Contract Tower,0,6,11,0,17,0,0,25,13,38,0,6,36,13,55,0,0,0,55
08/27/2021,MKL,TN,ASO,ES,Federal Contract Tower,0,6,11,1,18,0,0,82,12,94,0,6,93,13,112,20,0,20,132
08/28/2021,MKL,TN,ASO,ES,Federal Contract Tower,0,2,4,1,7,0,0,47,1,48,0,2,51,2,55,34,0,34,89
08/29/2021,MKL,TN,ASO,ES,Federal Contract Tower,0,5,13,0,18,0,0,21,6,27,0,5,34,6,45,8,0,8,53
08/30/2021,MKL,TN,ASO,ES,Federal Contract Tower,0,5,4,0,9,0,0,2,0,2,0,5,6,0,11,0,0,0,11
08/31/2021,MKL,TN,ASO,ES,Federal Contract Tower,0,2,4,0,6,0,0,4,0,4,0,2,8,0,10,0,0,0,10
09/01/2021,MKL,TN,ASO,ES,Federal Contract Tower,0,6,15,0,21,0,0,21,0,21,0,6,36,0,42,60,0,60,102
09/02/2021,MKL,TN,ASO,ES,Federal Contract Tower,0,8,17,0,25,0,0,37,2,39,0,8,54,2,64,4,0,4,68
09/03/2021,MKL,TN,ASO,ES,Federal Contract Tower,0,2,20,0,22,0,0,28,0,28,0,2,48,0,50,6,0,6,56
09/04/2021,MKL,TN,ASO,ES,Federal Contract Tower,0,0,7,0,7,0,0,44,0,44,0,0,51,0,51,12,0,12,63
09/05/2021,MKL,TN,ASO,ES,Federal Contract Tower,0,1,6,0,7,0,0,2,0,2,0,1,8,0,9,0,0,0,9
09/06/2021,MKL,TN,ASO,ES,Federal Contract Tower,0,5,13,0,18,0,0,30,0,30,0,5,43,0,48,0,0,0,48
09/07/2021,MKL,TN,ASO,ES,Federal Contract Tower,0,4,11,0,15,0,2,24,0,26,0,6,35,0,41,20,0,20,61
09/08/2021,MKL,TN,ASO,ES,Federal Contract Tower,0,5,18,6,29,0,0,30,10,40,0,5,48,16,69,32,0,32,101
09/09/2021,MKL,TN,ASO,ES,Federal Contract Tower,0,8,10,4,22,0,0,37,13,50,0,8,47,17,72,40,0,40,112
09/10/2021,MKL,TN,ASO,ES,Federal Contract Tower,0,5,19,2,26,0,0,26,1,27,0,5,45,3,53,0,6,6,59
09/11/2021,MKL,TN,ASO,ES,Federal Contract Tower,0,3,5,0,8,0,0,34,0,34,0,3,39,0,42,34,0,34,76
09/12/2021,MKL,TN,ASO,ES,Federal Contract Tower,0,6,8,0,14,0,0,36,0,36,0,6,44,0,50,26,0,26,76
09/13/2021,MKL,TN,ASO,ES,Federal Contract Tower,0,6,9,1,16,0,0,28,4,32,0,6,37,5,48,8,10,18,66
09/14/2021,MKL,TN,ASO,ES,Federal Contract Tower,0,6,10,0,16,0,0,20,3,23,0,6,30,3,39,6,0,6,45
09/15/2021,MKL,TN,ASO,ES,Federal Contract Tower,0,8,5,0,13,0,0,13,0,13,0,8,18,0,26,0,0,0,26
09/16/2021,MKL,TN,ASO,ES,Federal Contract Tower,0,9,17,4,30,0,0,17,0,17,0,9,34,4,47,40,0,40,87
09/17/2021,MKL,TN,ASO,ES,Federal Contract Tower,0,0,0,0,0,0,0,0,0,0,0,0,0,0,0,0,0,0,0
09/18/2021,MKL,TN,ASO,ES,Federal Contract Tower,0,1,3,0,4,0,0,4,0,4,0,1,7,0,8,0,0,0,8
09/19/2021,MKL,TN,ASO,ES,Federal Contract Tower,0,5,7,0,12,0,0,5,0,5,0,5,12,0,17,2,0,2,19
09/20/2021,MKL,TN,ASO,ES,Federal Contract Tower,0,7,7,1,15,0,0,23,0,23,0,7,30,1,38,0,0,0,38
09/21/2021,MKL,TN,ASO,ES,Federal Contract Tower,0,5,9,0,14,0,0,11,0,11,0,5,20,0,25,26,0,26,51
09/22/2021,MKL,TN,ASO,ES,Federal Contract Tower,0,7,14,2,23,0,0,43,0,43,0,7,57,2,66,28,0,28,94
09/23/2021,MKL,TN,ASO,ES,Federal Contract Tower,0,6,11,0,17,0,0,62,0,62,0,6,73,0,79,66,0,66,145
09/24/2021,MKL,TN,ASO,ES,Federal Contract Tower,0,9,9,0,18,0,0,93,0,93,0,9,102,0,111,60,0,60,171
09/25/2021,MKL,TN,ASO,ES,Federal Contract Tower,0,3,11,0,14,0,0,93,0,93,0,3,104,0,107,128,0,128,235
09/26/2021,MKL,TN,ASO,ES,Federal Contract Tower,0,8,9,0,17,0,0,29,0,29,0,8,38,0,46,6,0,6,52
09/27/2021,MKL,TN,ASO,ES,Federal Contract Tower,0,5,19,0,24,0,0,37,0,37,0,5,56,0,61,32,0,32,93
09/28/2021,MKL,TN,ASO,ES,Federal Contract Tower,0,6,30,0,36,0,0,68,3,71,0,6,98,3,107,36,0,36,143
09/29/2021,MKL,TN,ASO,ES,Federal Contract Tower,0,7,11,1,19,0,0,29,0,29,0,7,40,1,48,12,0,12,60
09/30/2021,MKL,TN,ASO,ES,Federal Contract Tower,0,7,10,0,17,0,0,3,0,3,0,7,13,0,20,2,0,2,22
10/01/2021,MKL,TN,ASO,ES,Federal Contract Tower,0,7,14,0,21,0,0,30,0,30,0,7,44,0,51,30,0,30,81
10/02/2021,MKL,TN,ASO,ES,Federal Contract Tower,0,0,11,0,11,0,0,1,0,1,0,0,12,0,12,0,0,0,12
10/03/2021,MKL,TN,ASO,ES,Federal Contract Tower,0,4,10,2,16,0,0,12,2,14,0,4,22,4,30,26,0,26,56
10/04/2021,MKL,TN,ASO,ES,Federal Contract Tower,0,2,7,0,9,0,0,20,8,28,0,2,27,8,37,34,0,34,71
10/05/2021,MKL,TN,ASO,ES,Federal Contract Tower,0,7,10,0,17,0,0,35,1,36,0,7,45,1,53,22,0,22,75
10/06/2021,MKL,TN,ASO,ES,Federal Contract Tower,0,4,14,3,21,0,0,48,0,48,0,4,62,3,69,8,0,8,77
10/07/2021,MKL,TN,ASO,ES,Federal Contract Tower,0,4,12,0,16,0,0,68,2,70,0,4,80,2,86,88,0,88,174
10/08/2021,MKL,TN,ASO,ES,Federal Contract Tower,0,7,11,0,18,0,0,51,0,51,0,7,62,0,69,86,0,86,155
10/09/2021,MKL,TN,ASO,ES,Federal Contract Tower,0,1,11,0,12,0,0,16,0,16,0,1,27,0,28,36,0,36,64
10/10/2021,MKL,TN,ASO,ES,Federal Contract Tower,0,5,9,0,14,0,0,16,0,16,0,5,25,0,30,8,0,8,38
10/11/2021,MKL,TN,ASO,ES,Federal Contract Tower,0,5,9,0,14,0,2,2,0,4,0,7,11,0,18,8,0,8,26
10/12/2021,MKL,TN,ASO,ES,Federal Contract Tower,0,4,22,1,27,0,0,32,1,33,0,4,54,2,60,14,0,14,74
10/13/2021,MKL,TN,ASO,ES,Federal Contract Tower,0,6,12,0,18,0,0,24,2,26,0,6,36,2,44,26,0,26,70
10/14/2021,MKL,TN,ASO,ES,Federal Contract Tower,0,7,13,0,20,0,0,57,16,73,0,7,70,16,93,13,8,21,114
10/15/2021,MKL,TN,ASO,ES,Federal Contract Tower,0,4,6,3,13,0,0,5,3,8,0,4,11,6,21,0,12,12,33
10/16/2021,MKL,TN,ASO,ES,Federal Contract Tower,0,3,9,0,12,0,0,53,19,72,0,3,62,19,84,38,0,38,122
10/17/2021,MKL,TN,ASO,ES,Federal Contract Tower,0,7,12,6,25,0,0,62,6,68,0,7,74,12,93,12,0,12,105
10/18/2021,MKL,TN,ASO,ES,Federal Contract Tower,0,4,17,0,21,0,0,63,0,63,0,4,80,0,84,56,0,56,140
10/19/2021,MKL,TN,ASO,ES,Federal Contract Tower,0,2,18,2,22,0,0,63,2,65,0,2,81,4,87,46,8,54,141
10/20/2021,MKL,TN,ASO,ES,Federal Contract Tower,0,2,16,0,18,0,0,42,4,46,0,2,58,4,64,64,0,64,128
10/21/2021,MKL,TN,ASO,ES,Federal Contract Tower,0,7,13,1,21,0,0,14,11,25,0,7,27,12,46,16,16,32,78
10/22/2021,MKL,TN,ASO,ES,Federal Contract Tower,0,3,10,0,13,0,1,26,3,30,0,4,36,3,43,24,0,24,67
10/23/2021,MKL,TN,ASO,ES,Federal Contract Tower,0,2,11,0,13,0,0,28,0,28,0,2,39,0,41,26,2,28,69
10/24/2021,MKL,TN,ASO,ES,Federal Contract Tower,0,10,9,0,19,0,0,6,0,6,0,10,15,0,25,0,0,0,25
10/25/2021,MKL,TN,ASO,ES,Federal Contract Tower,0,7,11,2,20,0,0,7,0,7,0,7,18,2,27,10,0,10,37
10/26/2021,MKL,TN,ASO,ES,Federal Contract Tower,0,0,6,6,12,0,5,14,5,24,0,5,20,11,36,30,0,30,66
10/27/2021,MKL,TN,ASO,ES,Federal Contract Tower,0,5,10,0,15,0,0,19,1,20,0,5,29,1,35,36,0,36,71
10/28/2021,MKL,TN,ASO,ES,Federal Contract Tower,0,5,16,0,21,0,0,4,1,5,0,5,20,1,26,0,4,4,30
10/29/2021,MKL,TN,ASO,ES,Federal Contract Tower,0,5,9,0,14,0,0,0,0,0,0,5,9,0,14,0,0,0,14
10/30/2021,MKL,TN,ASO,ES,Federal Contract Tower,0,1,9,0,10,0,2,0,0,2,0,3,9,0,12,0,0,0,12
10/31/2021,MKL,TN,ASO,ES,Federal Contract Tower,0,4,15,0,19,0,0,0,0,0,0,4,15,0,19,38,0,38,57
11/01/2021,MKL,TN,ASO,ES,Federal Contract Tower,0,5,8,0,13,0,0,56,0,56,0,5,64,0,69,34,0,34,103
11/02/2021,MKL,TN,ASO,ES,Federal Contract Tower,0,6,14,0,20,0,0,17,0,17,0,6,31,0,37,0,0,0,37
11/03/2021,MKL,TN,ASO,ES,Federal Contract Tower,0,5,13,0,18,0,0,16,0,16,0,5,29,0,34,0,0,0,34
11/04/2021,MKL,TN,ASO,ES,Federal Contract Tower,0,5,16,0,21,0,1,17,11,29,0,6,33,11,50,10,14,24,74
11/05/2021,MKL,TN,ASO,ES,Federal Contract Tower,0,5,14,0,19,0,0,27,8,35,0,5,41,8,54,10,18,28,82
11/06/2021,MKL,TN,ASO,ES,Federal Contract Tower,0,2,10,0,12,0,0,36,12,48,0,2,46,12,60,70,0,70,130
11/07/2021,MKL,TN,ASO,ES,Federal Contract Tower,0,4,5,0,9,0,0,32,5,37,0,4,37,5,46,38,0,38,84
11/08/2021,MKL,TN,ASO,ES,Federal Contract Tower,0,3,27,0,30,0,0,52,0,52,0,3,79,0,82,22,0,22,104
11/09/2021,MKL,TN,ASO,ES,Federal Contract Tower,0,5,18,0,23,0,0,28,9,37,0,5,46,9,60,58,4,62,122
11/10/2021,MKL,TN,ASO,ES,Federal Contract Tower,0,6,31,0,37,0,0,22,0,22,0,6,53,0,59,34,0,34,93
11/11/2021,MKL,TN,ASO,ES,Federal Contract Tower,0,4,8,0,12,0,0,9,0,9,0,4,17,0,21,0,0,0,21
11/12/2021,MKL,TN,ASO,ES,Federal Contract Tower,0,5,22,0,27,0,0,23,0,23,0,5,45,0,50,16,0,16,66
11/13/2021,MKL,TN,ASO,ES,Federal Contract Tower,0,1,8,0,9,0,0,43,0,43,0,1,51,0,52,52,0,52,104
11/14/2021,MKL,TN,ASO,ES,Federal Contract Tower,0,6,5,0,11,0,0,16,0,16,0,6,21,0,27,14,0,14,41
11/15/2021,MKL,TN,ASO,ES,Federal Contract Tower,0,4,16,1,21,0,0,23,4,27,0,4,39,5,48,42,0,42,90
11/16/2021,MKL,TN,ASO,ES,Federal Contract Tower,0,4,20,2,26,0,0,21,0,21,0,4,41,2,47,50,2,52,99
11/17/2021,MKL,TN,ASO,ES,Federal Contract Tower,0,4,14,0,18,0,0,16,0,16,0,4,30,0,34,8,0,8,42
11/18/2021,MKL,TN,ASO,ES,Federal Contract Tower,0,8,15,0,23,0,0,31,15,46,0,8,46,15,69,42,18,60,129
11/19/2021,MKL,TN,ASO,ES,Federal Contract Tower,0,9,12,0,21,0,0,46,18,64,0,9,58,18,85,50,30,80,165
11/20/2021,MKL,TN,ASO,ES,Federal Contract Tower,0,2,2,0,4,0,2,34,13,49,0,4,36,13,53,50,6,56,109
11/21/2021,MKL,TN,ASO,ES,Federal Contract Tower,0,5,6,0,11,0,0,1,4,5,0,5,7,4,16,0,0,0,16
11/22/2021,MKL,TN,ASO,ES,Federal Contract Tower,0,6,10,0,16,0,2,14,7,23,0,8,24,7,39,8,0,8,47
11/23/2021,MKL,TN,ASO,ES,Federal Contract Tower,0,5,13,0,18,0,0,22,0,22,0,5,35,0,40,10,0,10,50
11/24/2021,MKL,TN,ASO,ES,Federal Contract Tower,0,1,12,0,13,0,0,31,3,34,0,1,43,3,47,26,0,26,73
11/25/2021,MKL,TN,ASO,ES,Federal Contract Tower,0,0,2,0,2,0,0,0,0,0,0,0,2,0,2,0,0,0,2
11/26/2021,MKL,TN,ASO,ES,Federal Contract Tower,0,5,13,0,18,0,0,36,0,36,0,5,49,0,54,10,0,10,64
11/27/2021,MKL,TN,ASO,ES,Federal Contract Tower,0,6,9,0,15,0,0,10,0,10,0,6,19,0,25,28,0,28,53
11/28/2021,MKL,TN,ASO,ES,Federal Contract Tower,0,5,13,0,18,0,2,14,0,16,0,7,27,0,34,10,0,10,44
11/29/2021,MKL,TN,ASO,ES,Federal Contract Tower,0,4,6,0,10,0,0,23,0,23,0,4,29,0,33,40,0,40,73
11/30/2021,MKL,TN,ASO,ES,Federal Contract Tower,0,6,19,0,25,0,0,27,9,36,0,6,46,9,61,0,10,10,71
12/01/2021,MKL,TN,ASO,ES,Federal Contract Tower,0,4,14,0,18,0,0,17,9,26,0,4,31,9,44,0,0,0,44
12/02/2021,MKL,TN,ASO,ES,Federal Contract Tower,0,4,14,0,18,0,0,42,3,45,0,4,56,3,63,34,0,34,97
12/03/2021,MKL,TN,ASO,ES,Federal Contract Tower,0,5,27,1,33,0,0,22,6,28,0,5,49,7,61,10,10,20,81
12/04/2021,MKL,TN,ASO,ES,Federal Contract Tower,0,0,4,0,4,0,0,1,0,1,0,0,5,0,5,0,0,0,5
12/05/2021,MKL,TN,ASO,ES,Federal Contract Tower,0,4,3,0,7,0,0,1,0,1,0,4,4,0,8,0,0,0,8
12/06/2021,MKL,TN,ASO,ES,Federal Contract Tower,0,2,17,0,19,0,0,23,0,23,0,2,40,0,42,0,0,0,42
12/07/2021,MKL,TN,ASO,ES,Federal Contract Tower,0,0,19,1,20,0,0,29,9,38,0,0,48,10,58,10,8,18,76
12/08/2021,MKL,TN,ASO,ES,Federal Contract Tower,0,4,22,0,26,0,0,43,6,49,0,4,65,6,75,60,0,60,135
12/09/2021,MKL,TN,ASO,ES,Federal Contract Tower,0,7,14,0,21,0,0,9,15,24,0,7,23,15,45,8,48,56,101
12/10/2021,MKL,TN,ASO,ES,Federal Contract Tower,0,0,9,0,9,0,0,4,0,4,0,0,13,0,13,12,0,12,25
12/11/2021,MKL,TN,ASO,ES,Federal Contract Tower,0,0,6,0,6,0,0,13,2,15,0,0,19,2,21,2,0,2,23
12/12/2021,MKL,TN,ASO,ES,Federal Contract Tower,0,2,12,0,14,0,0,39,0,39,0,2,51,0,53,50,0,50,103
12/13/2021,MKL,TN,ASO,ES,Federal Contract Tower,0,5,19,2,26,0,2,48,0,50,0,7,67,2,76,74,0,74,150
12/14/2021,MKL,TN,ASO,ES,Federal Contract Tower,0,2,19,1,22,0,0,29,8,37,0,2,48,9,59,56,0,56,115
12/15/2021,MKL,TN,ASO,ES,Federal Contract Tower,0,0,13,0,13,0,0,9,7,16,0,0,22,7,29,18,10,28,57
12/16/2021,MKL,TN,ASO,ES,Federal Contract Tower,0,0,11,0,11,0,0,0,0,0,0,0,11,0,11,0,0,0,11
12/17/2021,MKL,TN,ASO,ES,Federal Contract Tower,0,0,9,1,10,0,2,1,11,14,0,2,10,12,24,0,20,20,44
12/18/2021,MKL,TN,ASO,ES,Federal Contract Tower,0,0,6,0,6,0,0,0,0,0,0,0,6,0,6,0,0,0,6
12/19/2021,MKL,TN,ASO,ES,Federal Contract Tower,0,0,10,0,10,0,0,13,11,24,0,0,23,11,34,0,20,20,54
12/20/2021,MKL,TN,ASO,ES,Federal Contract Tower,0,2,15,0,17,0,0,36,0,36,0,2,51,0,53,46,0,46,99
12/21/2021,MKL,TN,ASO,ES,Federal Contract Tower,0,2,16,1,19,0,0,26,1,27,0,2,42,2,46,42,0,42,88
12/22/2021,MKL,TN,ASO,ES,Federal Contract Tower,0,0,16,0,16,0,0,43,3,46,0,0,59,3,62,36,0,36,98
12/23/2021,MKL,TN,ASO,ES,Federal Contract Tower,0,2,15,0,17,0,0,15,0,15,0,2,30,0,32,42,0,42,74
12/24/2021,MKL,TN,ASO,ES,Federal Contract Tower,0,2,5,0,7,0,0,1,0,1,0,2,6,0,8,0,0,0,8
12/25/2021,MKL,TN,ASO,ES,Federal Contract Tower,0,0,0,0,0,0,0,6,0,6,0,0,6,0,6,0,0,0,6
12/26/2021,MKL,TN,ASO,ES,Federal Contract Tower,0,3,6,0,9,0,0,0,0,0,0,3,6,0,9,0,0,0,9
12/27/2021,MKL,TN,ASO,ES,Federal Contract Tower,0,2,8,0,10,0,0,5,0,5,0,2,13,0,15,0,0,0,15
12/28/2021,MKL,TN,ASO,ES,Federal Contract Tower,0,2,7,0,9,0,0,6,0,6,0,2,13,0,15,4,0,4,19
12/29/2021,MKL,TN,ASO,ES,Federal Contract Tower,0,0,3,0,3,0,0,7,0,7,0,0,10,0,10,0,0,0,10
12/30/2021,MKL,TN,ASO,ES,Federal Contract Tower,0,1,16,0,17,0,0,11,2,13,0,1,27,2,30,14,0,14,44
12/31/2021,MKL,TN,ASO,ES,Federal Contract Tower,0,2,3,0,5,0,0,3,0,3,0,2,6,0,8,0,0,0,8
01/01/2022,MKL,TN,ASO,ES,Federal Contract Tower,0,2,2,0,4,0,0,2,0,2,0,2,4,0,6,0,0,0,6
01/02/2022,MKL,TN,ASO,ES,Federal Contract Tower,0,0,2,0,2,0,0,0,0,0,0,0,2,0,2,0,0,0,2
01/03/2022,MKL,TN,ASO,ES,Federal Contract Tower,0,2,12,0,14,0,0,8,0,8,0,2,20,0,22,0,0,0,22
01/04/2022,MKL,TN,ASO,ES,Federal Contract Tower,0,0,10,0,10,0,0,8,9,17,0,0,18,9,27,20,0,20,47
01/05/2022,MKL,TN,ASO,ES,Federal Contract Tower,0,4,21,0,25,0,0,17,4,21,0,4,38,4,46,28,0,28,74
01/06/2022,MKL,TN,ASO,ES,Federal Contract Tower,0,0,0,0,0,0,0,0,0,0,0,0,0,0,0,0,0,0,0
01/07/2022,MKL,TN,ASO,ES,Federal Contract Tower,0,2,6,0,8,0,2,0,0,2,0,4,6,0,10,0,0,0,10
01/08/2022,MKL,TN,ASO,ES,Federal Contract Tower,0,2,8,2,12,0,0,20,15,35,0,2,28,17,47,12,2,14,61
01/09/2022,MKL,TN,ASO,ES,Federal Contract Tower,0,2,4,1,7,0,0,0,0,0,0,2,4,1,7,0,0,0,7
01/10/2022,MKL,TN,ASO,ES,Federal Contract Tower,0,4,16,0,20,0,0,22,0,22,0,4,38,0,42,0,0,0,42
01/11/2022,MKL,TN,ASO,ES,Federal Contract Tower,0,2,17,0,19,0,0,45,3,48,0,2,62,3,67,40,4,44,111
01/12/2022,MKL,TN,ASO,ES,Federal Contract Tower,0,2,10,1,13,0,0,31,2,33,0,2,41,3,46,42,4,46,92
01/13/2022,MKL,TN,ASO,ES,Federal Contract Tower,0,4,9,0,13,0,0,23,10,33,0,4,32,10,46,34,10,44,90
01/14/2022,MKL,TN,ASO,ES,Federal Contract Tower,0,2,16,2,20,0,0,27,2,29,0,2,43,4,49,8,0,8,57
01/15/2022,MKL,TN,ASO,ES,Federal Contract Tower,0,0,5,0,5,0,0,3,0,3,0,0,8,0,8,0,0,0,8
01/16/2022,MKL,TN,ASO,ES,Federal Contract Tower,0,2,0,0,2,0,0,0,0,0,0,2,0,0,2,0,0,0,2
01/17/2022,MKL,TN,ASO,ES,Federal Contract Tower,0,1,5,0,6,0,0,4,8,12,0,1,9,8,18,18,0,18,36
01/18/2022,MKL,TN,ASO,ES,Federal Contract Tower,0,2,16,0,18,0,0,27,2,29,0,2,43,2,47,16,0,16,63
01/19/2022,MKL,TN,ASO,ES,Federal Contract Tower,0,2,3,0,5,0,0,1,0,1,0,2,4,0,6,14,0,14,20
01/20/2022,MKL,TN,ASO,ES,Federal Contract Tower,0,2,13,1,16,0,0,13,9,22,0,2,26,10,38,0,26,26,64
01/21/2022,MKL,TN,ASO,ES,Federal Contract Tower,0,2,8,2,12,0,0,15,18,33,0,2,23,20,45,0,10,10,55
01/22/2022,MKL,TN,ASO,ES,Federal Contract Tower,0,2,5,2,9,0,2,34,8,44,0,4,39,10,53,74,12,86,139
01/23/2022,MKL,TN,ASO,ES,Federal Contract Tower,0,1,16,2,19,0,1,15,10,26,0,2,31,12,45,14,22,36,81
01/24/2022,MKL,TN,ASO,ES,Federal Contract Tower,0,2,14,0,16,0,0,24,0,24,0,2,38,0,40,10,0,10,50
01/25/2022,MKL,TN,ASO,ES,Federal Contract Tower,0,2,19,0,21,0,0,25,4,29,0,2,44,4,50,34,0,34,84
01/26/2022,MKL,TN,ASO,ES,Federal Contract Tower,0,0,15,0,15,0,0,25,2,27,0,0,40,2,42,36,0,36,78
01/27/2022,MKL,TN,ASO,ES,Federal Contract Tower,0,1,17,1,19,0,0,42,11,53,0,1,59,12,72,0,20,20,92
01/28/2022,MKL,TN,ASO,ES,Federal Contract Tower,0,9,0,0,9,0,1,16,2,19,0,10,16,2,28,12,10,22,50
01/29/2022,MKL,TN,ASO,ES,Federal Contract Tower,0,0,20,0,20,0,0,42,0,42,0,0,62,0,62,20,0,20,82
01/30/2022,MKL,TN,ASO,ES,Federal Contract Tower,0,2,13,0,15,0,0,28,0,28,0,2,41,0,43,26,0,26,69
01/31/2022,MKL,TN,ASO,ES,Federal Contract Tower,0,2,13,1,16,0,0,36,0,36,0,2,49,1,52,28,0,28,80
02/01/2022,MKL,TN,ASO,ES,Federal Contract Tower,0,4,4,0,8,0,0,10,0,10,0,4,14,0,18,0,0,0,18
02/02/2022,MKL,TN,ASO,ES,Federal Contract Tower,0,4,3,0,7,0,0,0,0,0,0,4,3,0,7,0,0,0,7
02/03/2022,MKL,TN,ASO,ES,Federal Contract Tower,0,0,0,0,0,0,0,0,0,0,0,0,0,0,0,0,0,0,0
02/04/2022,MKL,TN,ASO,ES,Federal Contract Tower,0,2,4,0,6,0,0,2,14,16,0,2,6,14,22,0,34,34,56
02/05/2022,MKL,TN,ASO,ES,Federal Contract Tower,0,2,9,0,11,0,0,27,2,29,0,2,36,2,40,28,4,32,72
02/06/2022,MKL,TN,ASO,ES,Federal Contract Tower,0,2,9,0,11,0,0,24,12,36,0,2,33,12,47,16,90,106,153
02/07/2022,MKL,TN,ASO,ES,Federal Contract Tower,0,4,14,0,18,0,0,28,30,58,0,4,42,30,76,48,0,48,124
02/08/2022,MKL,TN,ASO,ES,Federal Contract Tower,0,7,11,0,18,0,0,25,4,29,0,7,36,4,47,14,0,14,61
02/09/2022,MKL,TN,ASO,ES,Federal Contract Tower,0,4,12,0,16,0,0,24,0,24,0,4,36,0,40,4,0,4,44
02/10/2022,MKL,TN,ASO,ES,Federal Contract Tower,0,4,9,0,13,0,0,47,6,53,0,4,56,6,66,32,0,32,98
02/11/2022,MKL,TN,ASO,ES,Federal Contract Tower,0,4,8,0,12,0,0,13,4,17,0,4,21,4,29,4,0,4,33
02/12/2022,MKL,TN,ASO,ES,Federal Contract Tower,0,4,4,0,8,0,0,7,0,7,0,4,11,0,15,0,0,0,15
02/13/2022,MKL,TN,ASO,ES,Federal Contract Tower,0,4,16,0,20,0,0,26,0,26,0,4,42,0,46,26,0,26,72
02/14/2022,MKL,TN,ASO,ES,Federal Contract Tower,0,4,13,0,17,0,0,30,0,30,0,4,43,0,47,20,0,20,67
02/15/2022,MKL,TN,ASO,ES,Federal Contract Tower,0,4,23,1,28,0,0,25,10,35,0,4,48,11,63,28,0,28,91
02/16/2022,MKL,TN,ASO,ES,Federal Contract Tower,0,4,4,1,9,0,0,8,2,10,0,4,12,3,19,0,0,0,19
02/17/2022,MKL,TN,ASO,ES,Federal Contract Tower,0,5,4,0,9,0,0,0,0,0,0,5,4,0,9,0,0,0,9
02/18/2022,MKL,TN,ASO,ES,Federal Contract Tower,0,2,32,0,34,0,2,46,7,55,0,4,78,7,89,54,28,82,171
02/19/2022,MKL,TN,ASO,ES,Federal Contract Tower,0,5,24,2,31,0,0,47,9,56,0,5,71,11,87,58,0,58,145
02/20/2022,MKL,TN,ASO,ES,Federal Contract Tower,0,4,10,0,14,0,2,33,4,39,0,6,43,4,53,10,0,10,63
02/21/2022,MKL,TN,ASO,ES,Federal Contract Tower,0,8,15,0,23,0,0,4,0,4,0,8,19,0,27,0,0,0,27
02/22/2022,MKL,TN,ASO,ES,Federal Contract Tower,0,2,2,0,4,0,0,0,0,0,0,2,2,0,4,0,0,0,4
02/23/2022,MKL,TN,ASO,ES,Federal Contract Tower,0,4,6,0,10,0,0,1,5,6,0,4,7,5,16,0,16,16,32
02/24/2022,MKL,TN,ASO,ES,Federal Contract Tower,0,2,5,0,7,0,0,0,0,0,0,2,5,0,7,0,0,0,7
02/25/2022,MKL,TN,ASO,ES,Federal Contract Tower,0,2,19,2,23,0,0,10,10,20,0,2,29,12,43,34,4,38,81
02/26/2022,MKL,TN,ASO,ES,Federal Contract Tower,0,0,10,1,11,0,0,19,9,28,0,0,29,10,39,32,20,52,91
02/27/2022,MKL,TN,ASO,ES,Federal Contract Tower,0,10,11,0,21,0,0,29,6,35,0,10,40,6,56,16,0,16,72
02/28/2022,MKL,TN,ASO,ES,Federal Contract Tower,0,2,9,0,11,0,0,29,0,29,0,2,38,0,40,26,0,26,66
03/01/2022,MKL,TN,ASO,ES,Federal Contract Tower,0,7,23,0,30,0,0,30,2,32,0,7,53,2,62,38,0,38,100
03/02/2022,MKL,TN,ASO,ES,Federal Contract Tower,0,5,13,1,19,0,0,20,23,43,0,5,33,24,62,32,12,44,106
03/03/2022,MKL,TN,ASO,ES,Federal Contract Tower,0,5,15,1,21,0,0,54,29,83,0,5,69,30,104,60,8,68,172
03/04/2022,MKL,TN,ASO,ES,Federal Contract Tower,0,4,11,0,15,0,0,55,0,55,0,4,66,0,70,40,0,40,110
03/05/2022,MKL,TN,ASO,ES,Federal Contract Tower,0,5,6,0,11,0,0,19,12,31,0,5,25,12,42,8,0,8,50
03/06/2022,MKL,TN,ASO,ES,Federal Contract Tower,0,4,9,0,13,0,0,5,0,5,0,4,14,0,18,0,0,0,18
03/07/2022,MKL,TN,ASO,ES,Federal Contract Tower,0,5,8,0,13,0,0,8,0,8,0,5,16,0,21,12,0,12,33
03/08/2022,MKL,TN,ASO,ES,Federal Contract Tower,0,5,8,0,13,0,0,6,4,10,0,5,14,4,23,14,4,18,41
03/09/2022,MKL,TN,ASO,ES,Federal Contract Tower,0,9,14,0,23,0,0,31,6,37,0,9,45,6,60,0,2,2,62
03/10/2022,MKL,TN,ASO,ES,Federal Contract Tower,0,5,17,1,23,0,1,45,20,66,0,6,62,21,89,32,40,72,161
03/11/2022,MKL,TN,ASO,ES,Federal Contract Tower,0,5,17,0,22,0,0,20,5,25,0,5,37,5,47,6,20,26,73
03/12/2022,MKL,TN,ASO,ES,Federal Contract Tower,0,6,8,0,14,0,0,7,0,7,0,6,15,0,21,0,0,0,21
03/13/2022,MKL,TN,ASO,ES,Federal Contract Tower,0,7,10,0,17,0,0,16,0,16,0,7,26,0,33,0,0,0,33
03/14/2022,MKL,TN,ASO,ES,Federal Contract Tower,0,7,8,3,18,0,0,17,9,26,0,7,25,12,44,0,30,30,74
03/15/2022,MKL,TN,ASO,ES,Federal Contract Tower,0,5,18,0,23,0,0,16,10,26,0,5,34,10,49,6,40,46,95
03/16/2022,MKL,TN,ASO,ES,Federal Contract Tower,0,5,12,0,17,0,0,12,9,21,0,5,24,9,38,14,32,46,84
03/17/2022,MKL,TN,ASO,ES,Federal Contract Tower,0,5,20,1,26,0,0,39,15,54,0,5,59,16,80,26,16,42,122
03/18/2022,MKL,TN,ASO,ES,Federal Contract Tower,0,3,16,2,21,0,0,10,9,19,0,3,26,11,40,2,0,2,42
03/19/2022,MKL,TN,ASO,ES,Federal Contract Tower,0,3,17,1,21,0,0,10,7,17,0,3,27,8,38,4,0,4,42
03/20/2022,MKL,TN,ASO,ES,Federal Contract Tower,0,6,10,0,16,0,0,98,4,102,0,6,108,4,118,60,0,60,178
03/21/2022,MKL,TN,ASO,ES,Federal Contract Tower,0,7,14,0,21,0,0,29,0,29,0,7,43,0,50,16,0,16,66
03/22/2022,MKL,TN,ASO,ES,Federal Contract Tower,0,2,7,0,9,0,0,0,0,0,0,2,7,0,9,0,0,0,9
03/23/2022,MKL,TN,ASO,ES,Federal Contract Tower,0,6,19,0,25,0,2,0,9,11,0,8,19,9,36,0,18,18,54
03/24/2022,MKL,TN,ASO,ES,Federal Contract Tower,0,5,10,0,15,0,0,24,3,27,0,5,34,3,42,2,0,2,44
03/25/2022,MKL,TN,ASO,ES,Federal Contract Tower,0,5,6,0,11,0,0,8,7,15,0,5,14,7,26,0,0,0,26
03/26/2022,MKL,TN,ASO,ES,Federal Contract Tower,0,2,14,0,16,0,0,22,0,22,0,2,36,0,38,6,0,6,44
03/27/2022,MKL,TN,ASO,ES,Federal Contract Tower,0,6,6,0,12,0,1,62,0,63,0,7,68,0,75,34,0,34,109
03/28/2022,MKL,TN,ASO,ES,Federal Contract Tower,0,2,13,0,15,0,0,32,2,34,0,2,45,2,49,36,8,44,93
03/29/2022,MKL,TN,ASO,ES,Federal Contract Tower,0,8,17,5,30,0,1,12,7,20,0,9,29,12,50,0,16,16,66
03/30/2022,MKL,TN,ASO,ES,Federal Contract Tower,0,4,1,0,5,0,0,0,0,0,0,4,1,0,5,0,0,0,5
03/31/2022,MKL,TN,ASO,ES,Federal Contract Tower,0,9,8,0,17,0,0,31,2,33,0,9,39,2,50,0,0,0,50
04/01/2022,MKL,TN,ASO,ES,Federal Contract Tower,0,6,13,0,19,0,0,40,2,42,0,6,53,2,61,8,0,8,69
04/02/2022,MKL,TN,ASO,ES,Federal Contract Tower,0,3,9,0,12,0,0,15,7,22,0,3,24,7,34,8,4,12,46
04/03/2022,MKL,TN,ASO,ES,Federal Contract Tower,0,7,9,0,16,0,0,39,0,39,0,7,48,0,55,20,0,20,75
04/04/2022,MKL,TN,ASO,ES,Federal Contract Tower,0,3,8,0,11,0,0,22,0,22,0,3,30,0,33,6,0,6,39
04/05/2022,MKL,TN,ASO,ES,Federal Contract Tower,0,1,9,0,10,0,0,7,3,10,0,1,16,3,20,8,8,16,36
04/06/2022,MKL,TN,ASO,ES,Federal Contract Tower,0,5,23,0,28,0,0,8,0,8,0,5,31,0,36,0,0,0,36
04/07/2022,MKL,TN,ASO,ES,Federal Contract Tower,0,3,13,1,17,0,0,28,12,40,0,3,41,13,57,12,12,24,81
04/08/2022,MKL,TN,ASO,ES,Federal Contract Tower,0,5,11,0,16,0,0,6,9,15,0,5,17,9,31,0,4,4,35
04/09/2022,MKL,TN,ASO,ES,Federal Contract Tower,0,4,6,0,10,0,2,31,8,41,0,6,37,8,51,44,0,44,95
04/10/2022,MKL,TN,ASO,ES,Federal Contract Tower,0,5,16,0,21,0,0,25,0,25,0,5,41,0,46,8,0,8,54
04/11/2022,MKL,TN,ASO,ES,Federal Contract Tower,0,4,7,0,11,0,0,4,0,4,0,4,11,0,15,0,0,0,15
04/12/2022,MKL,TN,ASO,ES,Federal Contract Tower,0,6,18,1,25,0,0,17,0,17,0,6,35,1,42,0,0,0,42
04/13/2022,MKL,TN,ASO,ES,Federal Contract Tower,0,3,5,2,10,0,0,2,1,3,0,3,7,3,13,0,4,4,17
04/14/2022,MKL,TN,ASO,ES,Federal Contract Tower,0,4,25,1,30,0,0,41,8,49,0,4,66,9,79,8,0,8,87
04/15/2022,MKL,TN,ASO,ES,Federal Contract Tower,0,5,19,0,24,0,0,18,0,18,0,5,37,0,42,18,0,18,60
04/16/2022,MKL,TN,ASO,ES,Federal Contract Tower,0,3,8,0,11,0,0,0,0,0,0,3,8,0,11,0,0,0,11
04/17/2022,MKL,TN,ASO,ES,Federal Contract Tower,0,5,6,0,11,0,0,2,0,2,0,5,8,0,13,0,0,0,13
04/18/2022,MKL,TN,ASO,ES,Federal Contract Tower,0,6,28,0,34,0,0,13,0,13,0,6,41,0,47,0,0,0,47
04/19/2022,MKL,TN,ASO,ES,Federal Contract Tower,0,6,12,0,18,0,0,75,0,75,0,6,87,0,93,114,0,114,207
04/20/2022,MKL,TN,ASO,ES,Federal Contract Tower,0,5,14,0,19,0,0,18,0,18,0,5,32,0,37,0,0,0,37
04/21/2022,MKL,TN,ASO,ES,Federal Contract Tower,0,6,15,0,21,0,0,6,9,15,0,6,21,9,36,0,18,18,54
04/22/2022,MKL,TN,ASO,ES,Federal Contract Tower,0,7,16,0,23,0,0,37,11,48,0,7,53,11,71,64,0,64,135
04/23/2022,MKL,TN,ASO,ES,Federal Contract Tower,0,2,6,8,16,0,2,9,11,22,0,4,15,19,38,4,22,26,64
04/24/2022,MKL,TN,ASO,ES,Federal Contract Tower,0,5,9,2,16,0,0,7,11,18,0,5,16,13,34,8,12,20,54
04/25/2022,MKL,TN,ASO,ES,Federal Contract Tower,0,5,13,0,18,0,0,2,0,2,0,5,15,0,20,0,0,0,20
04/26/2022,MKL,TN,ASO,ES,Federal Contract Tower,0,5,14,0,19,0,0,23,0,23,0,5,37,0,42,26,0,26,68
04/27/2022,MKL,TN,ASO,ES,Federal Contract Tower,0,7,23,0,30,0,0,78,6,84,0,7,101,6,114,36,0,36,150
04/28/2022,MKL,TN,ASO,ES,Federal Contract Tower,0,4,20,0,24,0,0,47,1,48,0,4,67,1,72,2,0,2,74
04/29/2022,MKL,TN,ASO,ES,Federal Contract Tower,0,4,28,0,32,0,2,38,15,55,0,6,66,15,87,26,0,26,113
04/30/2022,MKL,TN,ASO,ES,Federal Contract Tower,0,3,6,0,9,0,2,7,0,9,0,5,13,0,18,0,0,0,18
05/01/2022,MKL,TN,ASO,ES,Federal Contract Tower,0,7,11,0,18,0,2,29,0,31,0,9,40,0,49,10,0,10,59
05/02/2022,MKL,TN,ASO,ES,Federal Contract Tower,0,7,8,0,15,0,0,27,0,27,0,7,35,0,42,28,0,28,70
05/03/2022,MKL,TN,ASO,ES,Federal Contract Tower,0,7,11,0,18,0,0,14,8,22,0,7,25,8,40,4,4,8,48
05/04/2022,MKL,TN,ASO,ES,Federal Contract Tower,0,5,22,0,27,0,0,46,6,52,0,5,68,6,79,8,0,8,87
05/05/2022,MKL,TN,ASO,ES,Federal Contract Tower,0,2,13,0,15,0,0,23,0,23,0,2,36,0,38,22,0,22,60
05/06/2022,MKL,TN,ASO,ES,Federal Contract Tower,0,4,9,0,13,0,0,6,10,16,0,4,15,10,29,0,14,14,43
05/07/2022,MKL,TN,ASO,ES,Federal Contract Tower,0,2,17,0,19,0,0,19,3,22,0,2,36,3,41,6,0,6,47
05/08/2022,MKL,TN,ASO,ES,Federal Contract Tower,0,6,14,0,20,0,0,16,2,18,0,6,30,2,38,0,0,0,38
05/09/2022,MKL,TN,ASO,ES,Federal Contract Tower,0,4,10,2,16,0,1,32,4,37,0,5,42,6,53,2,4,6,59
05/10/2022,MKL,TN,ASO,ES,Federal Contract Tower,0,6,9,0,15,0,1,31,4,36,0,7,40,4,51,50,4,54,105
05/11/2022,MKL,TN,ASO,ES,Federal Contract Tower,0,8,10,0,18,0,1,26,3,30,0,9,36,3,48,14,0,14,62
05/12/2022,MKL,TN,ASO,ES,Federal Contract Tower,0,7,7,0,14,0,0,16,7,23,0,7,23,7,37,36,10,46,83
05/13/2022,MKL,TN,ASO,ES,Federal Contract Tower,0,5,20,0,25,0,0,19,8,27,0,5,39,8,52,8,0,8,60
05/14/2022,MKL,TN,ASO,ES,Federal Contract Tower,0,1,6,0,7,0,0,8,0,8,0,1,14,0,15,14,0,14,29
05/15/2022,MKL,TN,ASO,ES,Federal Contract Tower,0,8,12,0,20,0,0,17,0,17,0,8,29,0,37,22,0,22,59
05/16/2022,MKL,TN,ASO,ES,Federal Contract Tower,0,7,15,0,22,0,0,35,0,35,0,7,50,0,57,42,0,42,99
05/17/2022,MKL,TN,ASO,ES,Federal Contract Tower,0,5,13,0,18,0,0,24,4,28,0,5,37,4,46,14,0,14,60
05/18/2022,MKL,TN,ASO,ES,Federal Contract Tower,0,4,14,0,18,0,0,27,0,27,0,4,41,0,45,44,0,44,89
05/19/2022,MKL,TN,ASO,ES,Federal Contract Tower,0,5,20,3,28,0,0,43,5,48,0,5,63,8,76,18,4,22,98
05/20/2022,MKL,TN,ASO,ES,Federal Contract Tower,0,5,14,2,21,0,2,13,7,22,0,7,27,9,43,0,14,14,57
05/21/2022,MKL,TN,ASO,ES,Federal Contract Tower,0,2,11,0,13,0,0,8,4,12,0,2,19,4,25,0,10,10,35
05/22/2022,MKL,TN,ASO,ES,Federal Contract Tower,0,6,12,2,20,0,0,0,0,0,0,6,12,2,20,0,0,0,20
05/23/2022,MKL,TN,ASO,ES,Federal Contract Tower,0,4,16,0,20,0,0,48,0,48,0,4,64,0,68,10,0,10,78
05/24/2022,MKL,TN,ASO,ES,Federal Contract Tower,0,5,17,4,26,0,0,23,2,25,0,5,40,6,51,6,8,14,65
05/25/2022,MKL,TN,ASO,ES,Federal Contract Tower,0,5,7,0,12,0,0,0,0,0,0,5,7,0,12,0,0,0,12
05/26/2022,MKL,TN,ASO,ES,Federal Contract Tower,0,4,15,3,22,0,0,12,5,17,0,4,27,8,39,0,0,0,39
05/27/2022,MKL,TN,ASO,ES,Federal Contract Tower,0,7,23,0,30,0,0,10,0,10,0,7,33,0,40,6,0,6,46
05/28/2022,MKL,TN,ASO,ES,Federal Contract Tower,0,5,7,0,12,0,0,30,0,30,0,5,37,0,42,52,0,52,94
05/29/2022,MKL,TN,ASO,ES,Federal Contract Tower,0,4,3,0,7,0,0,10,0,10,0,4,13,0,17,4,0,4,21
05/30/2022,MKL,TN,ASO,ES,Federal Contract Tower,0,4,16,0,20,0,0,28,6,34,0,4,44,6,54,30,0,30,84
05/31/2022,MKL,TN,ASO,ES,Federal Contract Tower,0,4,24,0,28,0,0,40,0,40,0,4,64,0,68,22,0,22,90
06/01/2022,MKL,TN,ASO,ES,Federal Contract Tower,0,3,12,0,15,0,0,39,0,39,0,3,51,0,54,28,0,28,82
06/02/2022,MKL,TN,ASO,ES,Federal Contract Tower,0,7,20,0,27,0,0,4,0,4,0,7,24,0,31,0,0,0,31
06/03/2022,MKL,TN,ASO,ES,Federal Contract Tower,0,9,14,2,25,0,1,57,5,63,0,10,71,7,88,52,0,52,140
06/04/2022,MKL,TN,ASO,ES,Federal Contract Tower,0,5,10,0,15,0,0,39,5,44,0,5,49,5,59,12,0,12,71
06/05/2022,MKL,TN,ASO,ES,Federal Contract Tower,0,7,11,0,18,0,1,24,0,25,0,8,35,0,43,26,0,26,69
06/06/2022,MKL,TN,ASO,ES,Federal Contract Tower,0,4,8,0,12,0,0,6,0,6,0,4,14,0,18,10,0,10,28
06/07/2022,MKL,TN,ASO,ES,Federal Contract Tower,0,3,8,0,11,0,0,10,0,10,0,3,18,0,21,12,0,12,33
06/08/2022,MKL,TN,ASO,ES,Federal Contract Tower,0,7,10,0,17,0,0,1,0,1,0,7,11,0,18,0,0,0,18
06/09/2022,MKL,TN,ASO,ES,Federal Contract Tower,0,4,17,0,21,0,0,44,11,55,0,4,61,11,76,38,24,62,138
06/10/2022,MKL,TN,ASO,ES,Federal Contract Tower,0,4,10,2,16,0,0,37,7,44,0,4,47,9,60,72,4,76,136
06/11/2022,MKL,TN,ASO,ES,Federal Contract Tower,0,3,11,0,14,0,0,43,32,75,0,3,54,32,89,36,0,36,125
06/12/2022,MKL,TN,ASO,ES,Federal Contract Tower,0,4,10,0,14,0,0,19,0,19,0,4,29,0,33,2,0,2,35
06/13/2022,MKL,TN,ASO,ES,Federal Contract Tower,0,2,32,0,34,0,0,28,8,36,0,2,60,8,70,52,0,52,122
06/14/2022,MKL,TN,ASO,ES,Federal Contract Tower,0,3,23,1,27,0,0,41,3,44,0,3,64,4,71,36,10,46,117
06/15/2022,MKL,TN,ASO,ES,Federal Contract Tower,0,3,20,4,27,0,0,35,5,40,0,3,55,9,67,52,6,58,125
06/16/2022,MKL,TN,ASO,ES,Federal Contract Tower,0,4,15,0,19,0,2,30,5,37,0,6,45,5,56,42,0,42,98
06/17/2022,MKL,TN,ASO,ES,Federal Contract Tower,0,4,8,2,14,0,0,18,4,22,0,4,26,6,36,46,0,46,82
06/18/2022,MKL,TN,ASO,ES,Federal Contract Tower,0,3,4,0,7,0,0,18,0,18,0,3,22,0,25,24,0,24,49
06/19/2022,MKL,TN,ASO,ES,Federal Contract Tower,0,6,3,0,9,0,0,22,0,22,0,6,25,0,31,0,4,4,35
06/20/2022,MKL,TN,ASO,ES,Federal Contract Tower,0,4,7,0,11,0,0,53,0,53,0,4,60,0,64,32,0,32,96
06/21/2022,MKL,TN,ASO,ES,Federal Contract Tower,0,3,15,0,18,0,1,57,5,63,0,4,72,5,81,104,6,110,191
06/22/2022,MKL,TN,ASO,ES,Federal Contract Tower,0,3,19,0,22,0,0,87,2,89,0,3,106,2,111,120,0,120,231
06/23/2022,MKL,TN,ASO,ES,Federal Contract Tower,0,4,17,0,21,0,0,43,5,48,0,4,60,5,69,84,10,94,163
06/24/2022,MKL,TN,ASO,ES,Federal Contract Tower,0,4,14,0,18,0,0,33,7,40,0,4,47,7,58,32,52,84,142
06/25/2022,MKL,TN,ASO,ES,Federal Contract Tower,0,3,8,0,11,0,0,19,4,23,0,3,27,4,34,32,0,32,66
06/26/2022,MKL,TN,ASO,ES,Federal Contract Tower,0,3,11,0,14,0,0,9,4,13,0,3,20,4,27,2,0,2,29
06/27/2022,MKL,TN,ASO,ES,Federal Contract Tower,0,11,15,0,26,0,0,51,0,51,0,11,66,0,77,4,0,4,81
06/28/2022,MKL,TN,ASO,ES,Federal Contract Tower,0,3,21,0,24,0,0,58,3,61,0,3,79,3,85,60,4,64,149
06/29/2022,MKL,TN,ASO,ES,Federal Contract Tower,0,5,14,0,19,0,0,49,2,51,0,5,63,2,70,38,0,38,108
06/30/2022,MKL,TN,ASO,ES,Federal Contract Tower,0,6,14,0,20,0,0,46,5,51,0,6,60,5,71,14,0,14,85
07/01/2022,MKL,TN,ASO,ES,Federal Contract Tower,0,8,14,0,22,0,0,63,0,63,0,8,77,0,85,16,0,16,101
07/02/2022,MKL,TN,ASO,ES,Federal Contract Tower,0,3,8,0,11,0,0,26,0,26,0,3,34,0,37,30,0,30,67
07/03/2022,MKL,TN,ASO,ES,Federal Contract Tower,0,7,7,0,14,0,0,13,0,13,0,7,20,0,27,6,0,6,33
07/04/2022,MKL,TN,ASO,ES,Federal Contract Tower,0,6,6,0,12,0,0,12,0,12,0,6,18,0,24,0,0,0,24
07/05/2022,MKL,TN,ASO,ES,Federal Contract Tower,0,4,13,1,18,0,1,35,6,42,0,5,48,7,60,36,0,36,96
07/06/2022,MKL,TN,ASO,ES,Federal Contract Tower,0,2,4,0,6,0,0,40,5,45,0,2,44,5,51,30,10,40,91
07/07/2022,MKL,TN,ASO,ES,Federal Contract Tower,0,6,20,0,26,0,0,35,11,46,0,6,55,11,72,10,14,24,96
07/08/2022,MKL,TN,ASO,ES,Federal Contract Tower,0,6,6,0,12,0,0,79,7,86,0,6,85,7,98,6,44,50,148
07/09/2022,MKL,TN,ASO,ES,Federal Contract Tower,0,2,3,0,5,0,0,30,0,30,0,2,33,0,35,4,0,4,39
07/10/2022,MKL,TN,ASO,ES,Federal Contract Tower,0,6,13,0,19,0,0,10,0,10,0,6,23,0,29,16,0,16,45
07/11/2022,MKL,TN,ASO,ES,Federal Contract Tower,0,4,14,1,19,0,0,55,0,55,0,4,69,1,74,74,0,74,148
07/12/2022,MKL,TN,ASO,ES,Federal Contract Tower,0,5,8,5,18,0,0,26,11,37,0,5,34,16,55,54,18,72,127
07/13/2022,MKL,TN,ASO,ES,Federal Contract Tower,0,3,14,0,17,0,0,57,10,67,0,3,71,10,84,76,0,76,160
07/14/2022,MKL,TN,ASO,ES,Federal Contract Tower,0,4,10,0,14,0,0,76,4,80,0,4,86,4,94,94,0,94,188
07/15/2022,MKL,TN,ASO,ES,Federal Contract Tower,0,4,15,0,19,0,0,67,7,74,0,4,82,7,93,44,16,60,153
07/16/2022,MKL,TN,ASO,ES,Federal Contract Tower,0,4,5,2,11,0,0,42,6,48,0,4,47,8,59,66,14,80,139
07/17/2022,MKL,TN,ASO,ES,Federal Contract Tower,0,6,8,5,19,0,0,17,6,23,0,6,25,11,42,38,8,46,88
07/18/2022,MKL,TN,ASO,ES,Federal Contract Tower,0,3,10,0,13,0,0,26,0,26,0,3,36,0,39,100,0,100,139
07/19/2022,MKL,TN,ASO,ES,Federal Contract Tower,0,3,10,1,14,0,0,30,2,32,0,3,40,3,46,74,8,82,128
07/20/2022,MKL,TN,ASO,ES,Federal Contract Tower,0,3,21,1,25,0,0,22,8,30,0,3,43,9,55,14,18,32,87
07/21/2022,MKL,TN,ASO,ES,Federal Contract Tower,0,3,10,0,13,0,0,30,9,39,0,3,40,9,52,70,14,84,136
07/22/2022,MKL,TN,ASO,ES,Federal Contract Tower,0,4,15,0,19,0,0,62,5,67,0,4,77,5,86,76,6,82,168
07/23/2022,MKL,TN,ASO,ES,Federal Contract Tower,0,3,6,0,9,0,0,43,0,43,0,3,49,0,52,20,0,20,72
07/24/2022,MKL,TN,ASO,ES,Federal Contract Tower,0,6,18,0,24,0,2,21,0,23,0,8,39,0,47,12,0,12,59
07/25/2022,MKL,TN,ASO,ES,Federal Contract Tower,0,7,11,0,18,0,0,45,6,51,0,7,56,6,69,62,0,62,131
07/26/2022,MKL,TN,ASO,ES,Federal Contract Tower,0,6,25,1,32,0,0,22,8,30,0,6,47,9,62,12,4,16,78
07/27/2022,MKL,TN,ASO,ES,Federal Contract Tower,0,6,17,0,23,0,0,35,4,39,0,6,52,4,62,62,0,62,124
07/28/2022,MKL,TN,ASO,ES,Federal Contract Tower,0,7,11,0,18,0,0,21,1,22,0,7,32,1,40,16,0,16,56
07/29/2022,MKL,TN,ASO,ES,Federal Contract Tower,0,6,21,1,28,0,0,12,0,12,0,6,33,1,40,36,0,36,76
07/30/2022,MKL,TN,ASO,ES,Federal Contract Tower,0,3,5,2,10,0,0,28,0,28,0,3,33,2,38,48,0,48,86
07/31/2022,MKL,TN,ASO,ES,Federal Contract Tower,0,7,4,0,11,0,0,0,0,0,0,7,4,0,11,0,0,0,11
08/01/2022,MKL,TN,ASO,ES,Federal Contract Tower,0,3,15,0,18,0,0,25,0,25,0,3,40,0,43,100,0,100,143
08/02/2022,MKL,TN,ASO,ES,Federal Contract Tower,0,5,19,0,24,0,0,44,7,51,0,5,63,7,75,52,0,52,127
08/03/2022,MKL,TN,ASO,ES,Federal Contract Tower,0,5,25,1,31,0,0,49,1,50,0,5,74,2,81,132,2,134,215
08/04/2022,MKL,TN,ASO,ES,Federal Contract Tower,0,6,32,0,38,0,0,27,0,27,0,6,59,0,65,70,0,70,135
08/05/2022,MKL,TN,ASO,ES,Federal Contract Tower,0,2,5,0,7,0,0,8,0,8,0,2,13,0,15,14,0,14,29
08/06/2022,MKL,TN,ASO,ES,Federal Contract Tower,0,3,13,6,22,0,1,56,8,65,0,4,69,14,87,92,0,92,179
08/07/2022,MKL,TN,ASO,ES,Federal Contract Tower,0,3,10,0,13,0,0,37,2,39,0,3,47,2,52,38,0,38,90
08/08/2022,MKL,TN,ASO,ES,Federal Contract Tower,0,5,10,0,15,0,0,15,15,30,0,5,25,15,45,12,0,12,57
08/09/2022,MKL,TN,ASO,ES,Federal Contract Tower,0,5,15,0,20,0,0,20,2,22,0,5,35,2,42,72,0,72,114
08/10/2022,MKL,TN,ASO,ES,Federal Contract Tower,0,4,18,2,24,0,0,17,0,17,0,4,35,2,41,36,0,36,77
08/11/2022,MKL,TN,ASO,ES,Federal Contract Tower,0,3,17,0,20,0,0,21,0,21,0,3,38,0,41,14,0,14,55
08/12/2022,MKL,TN,ASO,ES,Federal Contract Tower,0,6,13,4,23,0,4,39,0,43,0,10,52,4,66,46,0,46,112
08/13/2022,MKL,TN,ASO,ES,Federal Contract Tower,0,2,21,0,23,0,0,48,0,48,0,2,69,0,71,54,0,54,125
08/14/2022,MKL,TN,ASO,ES,Federal Contract Tower,0,6,12,0,18,0,0,51,0,51,0,6,63,0,69,76,0,76,145
08/15/2022,MKL,TN,ASO,ES,Federal Contract Tower,0,4,16,0,20,0,0,31,18,49,0,4,47,18,69,82,0,82,151
08/16/2022,MKL,TN,ASO,ES,Federal Contract Tower,0,6,28,3,37,0,1,9,8,18,0,7,37,11,55,28,0,28,83
08/17/2022,MKL,TN,ASO,ES,Federal Contract Tower,0,3,13,2,18,0,0,10,3,13,0,3,23,5,31,0,0,0,31
08/18/2022,MKL,TN,ASO,ES,Federal Contract Tower,0,4,17,2,23,0,0,47,12,59,0,4,64,14,82,76,14,90,172
08/19/2022,MKL,TN,ASO,ES,Federal Contract Tower,0,4,14,4,22,0,0,44,2,46,0,4,58,6,68,120,0,120,188
08/20/2022,MKL,TN,ASO,ES,Federal Contract Tower,0,5,5,0,10,0,1,9,1,11,0,6,14,1,21,12,0,12,33
08/21/2022,MKL,TN,ASO,ES,Federal Contract Tower,0,5,26,0,31,0,0,10,0,10,0,5,36,0,41,2,0,2,43
08/22/2022,MKL,TN,ASO,ES,Federal Contract Tower,0,3,12,0,15,0,0,19,0,19,0,3,31,0,34,30,0,30,64
08/23/2022,MKL,TN,ASO,ES,Federal Contract Tower,0,8,25,0,33,0,2,32,0,34,0,10,57,0,67,82,0,82,149
08/24/2022,MKL,TN,ASO,ES,Federal Contract Tower,0,4,22,4,30,0,0,36,0,36,0,4,58,4,66,100,0,100,166
08/25/2022,MKL,TN,ASO,ES,Federal Contract Tower,0,4,11,0,15,0,0,33,6,39,0,4,44,6,54,18,0,18,72
08/26/2022,MKL,TN,ASO,ES,Federal Contract Tower,0,5,12,0,17,0,0,38,9,47,0,5,50,9,64,54,0,54,118
08/27/2022,MKL,TN,ASO,ES,Federal Contract Tower,0,3,8,0,11,0,0,35,8,43,0,3,43,8,54,58,0,58,112
08/28/2022,MKL,TN,ASO,ES,Federal Contract Tower,0,6,6,0,12,0,0,8,4,12,0,6,14,4,24,0,0,0,24
08/29/2022,MKL,TN,ASO,ES,Federal Contract Tower,0,4,13,0,17,0,0,20,0,20,0,4,33,0,37,22,0,22,59
08/30/2022,MKL,TN,ASO,ES,Federal Contract Tower,0,3,15,0,18,0,0,29,22,51,0,3,44,22,69,58,0,58,127
08/31/2022,MKL,TN,ASO,ES,Federal Contract Tower,0,5,11,0,16,0,0,44,2,46,0,5,55,2,62,46,0,46,108
09/01/2022,MKL,TN,ASO,ES,Federal Contract Tower,0,6,13,0,19,0,0,34,0,34,0,6,47,0,53,70,0,70,123
09/02/2022,MKL,TN,ASO,ES,Federal Contract Tower,0,5,11,2,18,0,0,33,0,33,0,5,44,2,51,56,0,56,107
09/03/2022,MKL,TN,ASO,ES,Federal Contract Tower,0,3,5,0,8,0,0,21,0,21,0,3,26,0,29,16,0,16,45
09/04/2022,MKL,TN,ASO,ES,Federal Contract Tower,0,4,7,0,11,0,0,0,0,0,0,4,7,0,11,0,0,0,11
09/05/2022,MKL,TN,ASO,ES,Federal Contract Tower,0,5,15,0,20,0,0,13,0,13,0,5,28,0,33,16,0,16,49
09/06/2022,MKL,TN,ASO,ES,Federal Contract Tower,0,3,22,0,25,0,0,8,4,12,0,3,30,4,37,18,0,18,55
09/07/2022,MKL,TN,ASO,ES,Federal Contract Tower,0,5,17,0,22,0,0,15,2,17,0,5,32,2,39,56,0,56,95
09/08/2022,MKL,TN,ASO,ES,Federal Contract Tower,0,3,18,1,22,0,0,51,4,55,0,3,69,5,77,94,0,94,171
09/09/2022,MKL,TN,ASO,ES,Federal Contract Tower,0,5,10,1,16,0,0,35,3,38,0,5,45,4,54,72,0,72,126
09/10/2022,MKL,TN,ASO,ES,Federal Contract Tower,0,4,5,0,9,0,0,1,0,1,0,4,6,0,10,4,0,4,14
09/11/2022,MKL,TN,ASO,ES,Federal Contract Tower,0,5,7,0,12,0,0,3,6,9,0,5,10,6,21,0,0,0,21
09/12/2022,MKL,TN,ASO,ES,Federal Contract Tower,0,5,7,0,12,0,0,41,0,41,0,5,48,0,53,70,0,70,123
09/13/2022,MKL,TN,ASO,ES,Federal Contract Tower,0,3,14,0,17,0,0,57,2,59,0,3,71,2,76,70,0,70,146
09/14/2022,MKL,TN,ASO,ES,Federal Contract Tower,0,5,23,0,28,0,0,39,1,40,0,5,62,1,68,96,0,96,164
09/15/2022,MKL,TN,ASO,ES,Federal Contract Tower,0,5,14,1,20,0,0,94,9,103,0,5,108,10,123,108,0,108,231
09/16/2022,MKL,TN,ASO,ES,Federal Contract Tower,0,4,9,0,13,0,0,108,0,108,0,4,117,0,121,176,0,176,297
09/17/2022,MKL,TN,ASO,ES,Federal Contract Tower,0,4,16,0,20,0,0,41,0,41,0,4,57,0,61,66,0,66,127
09/18/2022,MKL,TN,ASO,ES,Federal Contract Tower,0,4,13,2,19,0,0,27,1,28,0,4,40,3,47,44,6,50,97
09/19/2022,MKL,TN,ASO,ES,Federal Contract Tower,0,4,12,0,16,0,0,58,0,58,0,4,70,0,74,42,0,42,116
09/20/2022,MKL,TN,ASO,ES,Federal Contract Tower,0,5,9,0,14,0,0,42,1,43,0,5,51,1,57,44,0,44,101
09/21/2022,MKL,TN,ASO,ES,Federal Contract Tower,0,10,25,0,35,0,0,36,0,36,0,10,61,0,71,58,0,58,129
09/22/2022,MKL,TN,ASO,ES,Federal Contract Tower,0,4,18,0,22,0,0,30,6,36,0,4,48,6,58,48,0,48,106
09/23/2022,MKL,TN,ASO,ES,Federal Contract Tower,0,5,22,0,27,0,0,50,0,50,0,5,72,0,77,30,0,30,107
09/24/2022,MKL,TN,ASO,ES,Federal Contract Tower,0,3,16,0,19,0,0,32,0,32,0,3,48,0,51,24,0,24,75
09/25/2022,MKL,TN,ASO,ES,Federal Contract Tower,0,4,11,5,20,0,0,8,10,18,0,4,19,15,38,12,0,12,50
09/26/2022,MKL,TN,ASO,ES,Federal Contract Tower,0,4,18,0,22,0,0,34,0,34,0,4,52,0,56,10,0,10,66
09/27/2022,MKL,TN,ASO,ES,Federal Contract Tower,0,8,16,1,25,0,1,52,0,53,0,9,68,1,78,22,0,22,100
09/28/2022,MKL,TN,ASO,ES,Federal Contract Tower,0,4,13,0,17,0,1,19,2,22,0,5,32,2,39,4,0,4,43
09/29/2022,MKL,TN,ASO,ES,Federal Contract Tower,0,4,15,0,19,0,0,49,0,49,0,4,64,0,68,46,0,46,114
09/30/2022,MKL,TN,ASO,ES,Federal Contract Tower,0,5,10,0,15,0,2,52,0,54,0,7,62,0,69,18,0,18,87
10/01/2022,MKL,TN,ASO,ES,Federal Contract Tower,0,3,10,0,13,0,0,29,0,29,0,3,39,0,42,56,0,56,98
10/02/2022,MKL,TN,ASO,ES,Federal Contract Tower,0,6,18,0,24,0,0,18,0,18,0,6,36,0,42,54,0,54,96
10/03/2022,MKL,TN,ASO,ES,Federal Contract Tower,0,3,14,0,17,0,0,41,0,41,0,3,55,0,58,70,0,70,128
10/04/2022,MKL,TN,ASO,ES,Federal Contract Tower,0,3,17,0,20,0,0,69,0,69,0,3,86,0,89,38,0,38,127
10/05/2022,MKL,TN,ASO,ES,Federal Contract Tower,0,4,12,0,16,0,1,75,0,76,0,5,87,0,92,128,0,128,220
10/06/2022,MKL,TN,ASO,ES,Federal Contract Tower,0,3,13,0,16,0,0,75,1,76,0,3,88,1,92,44,0,44,136
10/07/2022,MKL,TN,ASO,ES,Federal Contract Tower,0,4,26,2,32,0,0,44,3,47,0,4,70,5,79,28,0,28,107
10/08/2022,MKL,TN,ASO,ES,Federal Contract Tower,0,3,7,0,10,0,0,65,0,65,0,3,72,0,75,10,0,10,85
10/09/2022,MKL,TN,ASO,ES,Federal Contract Tower,0,4,13,0,17,0,0,93,0,93,0,4,106,0,110,26,0,26,136
10/10/2022,MKL,TN,ASO,ES,Federal Contract Tower,0,6,14,0,20,0,0,58,0,58,0,6,72,0,78,80,0,80,158
10/11/2022,MKL,TN,ASO,ES,Federal Contract Tower,0,4,7,1,12,0,0,34,2,36,0,4,41,3,48,72,0,72,120
10/12/2022,MKL,TN,ASO,ES,Federal Contract Tower,0,4,12,0,16,0,0,12,2,14,0,4,24,2,30,8,0,8,38
10/13/2022,MKL,TN,ASO,ES,Federal Contract Tower,0,4,18,1,23,0,0,46,3,49,0,4,64,4,72,56,10,66,138
10/14/2022,MKL,TN,ASO,ES,Federal Contract Tower,0,5,26,0,31,0,0,38,3,41,0,5,64,3,72,86,12,98,170
10/15/2022,MKL,TN,ASO,ES,Federal Contract Tower,0,4,14,0,18,0,0,20,0,20,0,4,34,0,38,54,0,54,92
10/16/2022,MKL,TN,ASO,ES,Federal Contract Tower,0,8,12,0,20,0,0,7,2,9,0,8,19,2,29,2,0,2,31
10/17/2022,MKL,TN,ASO,ES,Federal Contract Tower,0,4,18,0,22,0,0,46,1,47,0,4,64,1,69,8,0,8,77
10/18/2022,MKL,TN,ASO,ES,Federal Contract Tower,0,3,11,0,14,0,0,22,9,31,0,3,33,9,45,42,20,62,107
10/19/2022,MKL,TN,ASO,ES,Federal Contract Tower,0,7,17,1,25,0,0,48,3,51,0,7,65,4,76,94,14,108,184
10/20/2022,MKL,TN,ASO,ES,Federal Contract Tower,0,8,14,0,22,0,0,43,1,44,0,8,57,1,66,58,0,58,124
10/21/2022,MKL,TN,ASO,ES,Federal Contract Tower,0,4,9,1,14,0,0,33,4,37,0,4,42,5,51,84,0,84,135
10/22/2022,MKL,TN,ASO,ES,Federal Contract Tower,0,5,12,0,17,0,0,20,0,20,0,5,32,0,37,8,0,8,45
10/23/2022,MKL,TN,ASO,ES,Federal Contract Tower,0,3,5,0,8,0,0,12,0,12,0,3,17,0,20,10,0,10,30
10/24/2022,MKL,TN,ASO,ES,Federal Contract Tower,0,4,11,0,15,0,0,17,2,19,0,4,28,2,34,10,0,10,44
10/25/2022,MKL,TN,ASO,ES,Federal Contract Tower,0,7,10,0,17,0,4,2,0,6,0,11,12,0,23,12,0,12,35
10/26/2022,MKL,TN,ASO,ES,Federal Contract Tower,0,3,27,0,30,0,0,28,5,33,0,3,55,5,63,58,0,58,121
10/27/2022,MKL,TN,ASO,ES,Federal Contract Tower,0,7,4,0,11,0,0,23,0,23,0,7,27,0,34,28,0,28,62
10/28/2022,MKL,TN,ASO,ES,Federal Contract Tower,0,6,13,0,19,0,0,38,0,38,0,6,51,0,57,24,0,24,81
10/29/2022,MKL,TN,ASO,ES,Federal Contract Tower,0,4,8,0,12,0,0,14,0,14,0,4,22,0,26,16,0,16,42
10/30/2022,MKL,TN,ASO,ES,Federal Contract Tower,0,4,6,0,10,0,0,0,0,0,0,4,6,0,10,0,0,0,10
10/31/2022,MKL,TN,ASO,ES,Federal Contract Tower,0,2,27,0,29,0,0,8,0,8,0,2,35,0,37,8,0,8,45
11/01/2022,MKL,TN,ASO,ES,Federal Contract Tower,0,4,16,0,20,0,0,44,0,44,0,4,60,0,64,78,0,78,142
11/02/2022,MKL,TN,ASO,ES,Federal Contract Tower,0,6,10,1,17,0,0,29,2,31,0,6,39,3,48,14,0,14,62
11/03/2022,MKL,TN,ASO,ES,Federal Contract Tower,0,5,9,1,15,0,0,30,7,37,0,5,39,8,52,50,0,50,102
11/04/2022,MKL,TN,ASO,ES,Federal Contract Tower,0,5,16,2,23,0,0,14,12,26,0,5,30,14,49,6,2,8,57
11/05/2022,MKL,TN,ASO,ES,Federal Contract Tower,0,4,11,0,15,0,0,2,0,2,0,4,13,0,17,2,0,2,19
11/07/2022,MKL,TN,ASO,ES,Federal Contract Tower,0,11,24,0,35,0,0,0,0,0,0,11,24,0,35,0,0,0,35
11/08/2022,MKL,TN,ASO,ES,Federal Contract Tower,0,6,4,1,11,0,0,38,4,42,0,6,42,5,53,92,24,116,169
11/09/2022,MKL,TN,ASO,ES,Federal Contract Tower,0,2,13,1,16,0,0,38,3,41,0,2,51,4,57,32,8,40,97
11/10/2022,MKL,TN,ASO,ES,Federal Contract Tower,0,5,13,0,18,0,0,64,28,92,0,5,77,28,110,10,14,24,134
11/11/2022,MKL,TN,ASO,ES,Federal Contract Tower,0,11,13,0,24,0,1,21,1,23,0,12,34,1,47,16,0,16,63
11/12/2022,MKL,TN,ASO,ES,Federal Contract Tower,0,4,11,0,15,0,0,5,0,5,0,4,16,0,20,0,0,0,20
11/13/2022,MKL,TN,ASO,ES,Federal Contract Tower,0,5,23,0,28,0,0,20,0,20,0,5,43,0,48,86,0,86,134
11/14/2022,MKL,TN,ASO,ES,Federal Contract Tower,0,4,17,0,21,0,0,26,0,26,0,4,43,0,47,52,0,52,99
11/15/2022,MKL,TN,ASO,ES,Federal Contract Tower,0,5,5,0,10,0,0,4,0,4,0,5,9,0,14,0,0,0,14
11/16/2022,MKL,TN,ASO,ES,Federal Contract Tower,0,9,7,0,16,0,0,35,6,41,0,9,42,6,57,98,4,102,159
11/17/2022,MKL,TN,ASO,ES,Federal Contract Tower,0,6,13,1,20,0,0,29,12,41,0,6,42,13,61,64,6,70,131
11/18/2022,MKL,TN,ASO,ES,Federal Contract Tower,0,4,11,3,18,0,0,64,19,83,0,4,75,22,101,108,54,162,263
11/19/2022,MKL,TN,ASO,ES,Federal Contract Tower,0,3,6,0,9,0,0,26,12,38,0,3,32,12,47,46,12,58,105
11/20/2022,MKL,TN,ASO,ES,Federal Contract Tower,0,4,7,1,12,0,0,33,9,42,0,4,40,10,54,14,24,38,92
11/21/2022,MKL,TN,ASO,ES,Federal Contract Tower,0,4,14,0,18,0,0,36,0,36,0,4,50,0,54,52,0,52,106
11/22/2022,MKL,TN,ASO,ES,Federal Contract Tower,0,4,18,1,23,0,0,45,7,52,0,4,63,8,75,98,0,98,173
11/23/2022,MKL,TN,ASO,ES,Federal Contract Tower,0,5,8,0,13,0,0,41,0,41,0,5,49,0,54,48,0,48,102
11/24/2022,MKL,TN,ASO,ES,Federal Contract Tower,0,0,7,0,7,0,0,8,0,8,0,0,15,0,15,0,0,0,15
11/25/2022,MKL,TN,ASO,ES,Federal Contract Tower,0,3,11,0,14,0,0,9,0,9,0,3,20,0,23,2,0,2,25
11/26/2022,MKL,TN,ASO,ES,Federal Contract Tower,0,6,10,0,16,0,0,10,0,10,0,6,20,0,26,2,0,2,28
11/27/2022,MKL,TN,ASO,ES,Federal Contract Tower,0,6,11,0,17,0,0,1,0,1,0,6,12,0,18,0,0,0,18
11/28/2022,MKL,TN,ASO,ES,Federal Contract Tower,0,4,11,0,15,0,0,11,0,11,0,4,22,0,26,12,0,12,38
11/29/2022,MKL,TN,ASO,ES,Federal Contract Tower,0,2,5,0,7,0,0,2,2,4,0,2,7,2,11,0,0,0,11
11/30/2022,MKL,TN,ASO,ES,Federal Contract Tower,0,3,6,0,9,0,0,19,2,21,0,3,25,2,30,2,0,2,32
12/01/2022,MKL,TN,ASO,ES,Federal Contract Tower,0,7,16,0,23,0,0,52,14,66,0,7,68,14,89,42,26,68,157
12/02/2022,MKL,TN,ASO,ES,Federal Contract Tower,0,4,8,3,15,0,1,13,11,25,0,5,21,14,40,0,0,0,40
12/03/2022,MKL,TN,ASO,ES,Federal Contract Tower,0,3,11,0,14,0,0,16,8,24,0,3,27,8,38,2,12,14,52
12/04/2022,MKL,TN,ASO,ES,Federal Contract Tower,0,5,4,1,10,0,0,14,0,14,0,5,18,1,24,42,0,42,66
12/05/2022,MKL,TN,ASO,ES,Federal Contract Tower,0,3,12,0,15,0,0,0,0,0,0,3,12,0,15,0,0,0,15
12/06/2022,MKL,TN,ASO,ES,Federal Contract Tower,0,2,17,0,19,0,0,3,0,3,0,2,20,0,22,2,0,2,24
12/07/2022,MKL,TN,ASO,ES,Federal Contract Tower,0,1,8,0,9,0,0,0,0,0,0,1,8,0,9,0,0,0,9
12/08/2022,MKL,TN,ASO,ES,Federal Contract Tower,0,5,6,0,11,0,0,0,2,2,0,5,6,2,13,0,0,0,13
12/09/2022,MKL,TN,ASO,ES,Federal Contract Tower,0,4,13,0,17,0,0,2,0,2,0,4,15,0,19,0,0,0,19
12/10/2022,MKL,TN,ASO,ES,Federal Contract Tower,0,1,7,0,8,0,0,0,0,0,0,1,7,0,8,0,0,0,8
12/11/2022,MKL,TN,ASO,ES,Federal Contract Tower,0,6,11,0,17,0,0,2,0,2,0,6,13,0,19,0,0,0,19
12/12/2022,MKL,TN,ASO,ES,Federal Contract Tower,0,2,18,0,20,0,0,7,0,7,0,2,25,0,27,16,0,16,43
12/13/2022,MKL,TN,ASO,ES,Federal Contract Tower,0,4,12,0,16,0,0,0,0,0,0,4,12,0,16,0,0,0,16
12/14/2022,MKL,TN,ASO,ES,Federal Contract Tower,0,4,10,0,14,0,0,0,0,0,0,4,10,0,14,0,0,0,14
12/15/2022,MKL,TN,ASO,ES,Federal Contract Tower,0,3,24,0,27,0,0,57,21,78,0,3,81,21,105,80,0,80,185
12/16/2022,MKL,TN,ASO,ES,Federal Contract Tower,0,6,12,0,18,0,0,20,2,22,0,6,32,2,40,22,0,22,62
12/17/2022,MKL,TN,ASO,ES,Federal Contract Tower,0,4,14,0,18,0,0,24,2,26,0,4,38,2,44,26,0,26,70
12/18/2022,MKL,TN,ASO,ES,Federal Contract Tower,0,4,6,0,10,0,0,39,0,39,0,4,45,0,49,30,0,30,79
12/19/2022,MKL,TN,ASO,ES,Federal Contract Tower,0,8,10,0,18,0,0,23,4,27,0,8,33,4,45,52,8,60,105
12/20/2022,MKL,TN,ASO,ES,Federal Contract Tower,0,5,14,0,19,0,0,48,3,51,0,5,62,3,70,76,2,78,148
12/21/2022,MKL,TN,ASO,ES,Federal Contract Tower,0,6,17,1,24,0,0,54,5,59,0,6,71,6,83,66,0,66,149
12/22/2022,MKL,TN,ASO,ES,Federal Contract Tower,0,7,3,0,10,0,1,0,0,1,0,8,3,0,11,0,0,0,11
12/23/2022,MKL,TN,ASO,ES,Federal Contract Tower,0,5,1,0,6,0,0,3,0,3,0,5,4,0,9,0,0,0,9
12/24/2022,MKL,TN,ASO,ES,Federal Contract Tower,0,4,3,0,7,0,0,6,0,6,0,4,9,0,13,2,0,2,15
12/25/2022,MKL,TN,ASO,ES,Federal Contract Tower,0,2,1,0,3,0,0,9,0,9,0,2,10,0,12,0,0,0,12
12/26/2022,MKL,TN,ASO,ES,Federal Contract Tower,0,6,8,0,14,0,0,0,0,0,0,6,8,0,14,0,0,0,14
12/27/2022,MKL,TN,ASO,ES,Federal Contract Tower,0,9,6,0,15,0,0,12,0,12,0,9,18,0,27,38,0,38,65
12/28/2022,MKL,TN,ASO,ES,Federal Contract Tower,0,2,8,0,10,0,0,18,0,18,0,2,26,0,28,4,0,4,32
12/29/2022,MKL,TN,ASO,ES,Federal Contract Tower,0,4,4,0,8,0,0,0,0,0,0,4,4,0,8,0,0,0,8
12/30/2022,MKL,TN,ASO,ES,Federal Contract Tower,0,4,6,0,10,0,0,0,0,0,0,4,6,0,10,0,0,0,10
12/31/2022,MKL,TN,ASO,ES,Federal Contract Tower,0,4,10,0,14,0,0,4,0,4,0,4,14,0,18,14,0,14,32
01/01/2023,MKL,TN,ASO,ES,Federal Contract Tower,0,5,4,0,9,0,0,29,0,29,0,5,33,0,38,10,0,10,48
01/02/2023,MKL,TN,ASO,ES,Federal Contract Tower,0,4,9,0,13,0,0,2,0,2,0,4,11,0,15,0,0,0,15
01/03/2023,MKL,TN,ASO,ES,Federal Contract Tower,0,2,5,0,7,0,0,2,0,2,0,2,7,0,9,2,0,2,11
01/04/2023,MKL,TN,ASO,ES,Federal Contract Tower,0,6,18,0,24,0,0,51,0,51,0,6,69,0,75,26,0,26,101
01/05/2023,MKL,TN,ASO,ES,Federal Contract Tower,0,4,10,0,14,0,0,37,15,52,0,4,47,15,66,32,40,72,138
01/06/2023,MKL,TN,ASO,ES,Federal Contract Tower,0,4,9,0,13,0,0,61,12,73,0,4,70,12,86,62,22,84,170
01/07/2023,MKL,TN,ASO,ES,Federal Contract Tower,0,3,8,0,11,0,0,0,0,0,0,3,8,0,11,0,0,0,11
01/08/2023,MKL,TN,ASO,ES,Federal Contract Tower,0,4,9,0,13,0,0,2,0,2,0,4,11,0,15,0,0,0,15
01/09/2023,MKL,TN,ASO,ES,Federal Contract Tower,0,4,15,0,19,0,0,47,0,47,0,4,62,0,66,60,0,60,126
01/10/2023,MKL,TN,ASO,ES,Federal Contract Tower,0,2,16,0,18,0,1,39,1,41,0,3,55,1,59,108,0,108,167
01/11/2023,MKL,TN,ASO,ES,Federal Contract Tower,0,3,9,1,13,0,0,8,2,10,0,3,17,3,23,0,6,6,29
01/12/2023,MKL,TN,ASO,ES,Federal Contract Tower,0,1,6,2,9,0,0,4,0,4,0,1,10,2,13,0,0,0,13
01/13/2023,MKL,TN,ASO,ES,Federal Contract Tower,0,2,8,0,10,0,0,2,0,2,0,2,10,0,12,0,0,0,12
01/14/2023,MKL,TN,ASO,ES,Federal Contract Tower,0,2,6,0,8,0,0,40,0,40,0,2,46,0,48,24,0,24,72
01/15/2023,MKL,TN,ASO,ES,Federal Contract Tower,0,4,3,0,7,0,0,31,0,31,0,4,34,0,38,40,0,40,78
01/16/2023,MKL,TN,ASO,ES,Federal Contract Tower,0,4,7,0,11,0,0,7,0,7,0,4,14,0,18,0,0,0,18
01/17/2023,MKL,TN,ASO,ES,Federal Contract Tower,0,6,16,3,25,0,0,24,4,28,0,6,40,7,53,12,18,30,83
01/18/2023,MKL,TN,ASO,ES,Federal Contract Tower,0,3,8,0,11,0,0,0,0,0,0,3,8,0,11,0,0,0,11
01/19/2023,MKL,TN,ASO,ES,Federal Contract Tower,0,4,15,0,19,0,0,14,9,23,0,4,29,9,42,2,8,10,52
01/20/2023,MKL,TN,ASO,ES,Federal Contract Tower,0,5,11,2,18,0,0,41,14,55,0,5,52,16,73,44,8,52,125
01/21/2023,MKL,TN,ASO,ES,Federal Contract Tower,0,4,8,1,13,0,0,66,2,68,0,4,74,3,81,52,0,52,133
01/22/2023,MKL,TN,ASO,ES,Federal Contract Tower,0,0,6,0,6,0,0,0,0,0,0,0,6,0,6,0,0,0,6
01/23/2023,MKL,TN,ASO,ES,Federal Contract Tower,0,6,9,0,15,0,0,18,0,18,0,6,27,0,33,24,0,24,57
01/24/2023,MKL,TN,ASO,ES,Federal Contract Tower,0,3,12,0,15,0,0,17,8,25,0,3,29,8,40,4,14,18,58
01/25/2023,MKL,TN,ASO,ES,Federal Contract Tower,0,4,6,0,10,0,0,2,0,2,0,4,8,0,12,0,0,0,12
01/26/2023,MKL,TN,ASO,ES,Federal Contract Tower,0,3,17,3,23,0,0,77,25,102,0,3,94,28,125,8,32,40,165
01/27/2023,MKL,TN,ASO,ES,Federal Contract Tower,0,6,13,1,20,0,0,47,4,51,0,6,60,5,71,26,2,28,99
01/28/2023,MKL,TN,ASO,ES,Federal Contract Tower,0,3,9,0,12,0,0,79,1,80,0,3,88,1,92,24,0,24,116
01/29/2023,MKL,TN,ASO,ES,Federal Contract Tower,0,4,3,0,7,0,0,0,0,0,0,4,3,0,7,0,0,0,7
01/30/2023,MKL,TN,ASO,ES,Federal Contract Tower,0,3,3,0,6,0,0,0,0,0,0,3,3,0,6,0,0,0,6
01/31/2023,MKL,TN,ASO,ES,Federal Contract Tower,0,0,2,0,2,0,0,0,0,0,0,0,2,0,2,0,0,0,2
02/01/2023,MKL,TN,ASO,ES,Federal Contract Tower,0,0,0,0,0,0,0,0,0,0,0,0,0,0,0,0,0,0,0
02/02/2023,MKL,TN,ASO,ES,Federal Contract Tower,0,2,9,0,11,0,0,0,0,0,0,2,9,0,11,0,0,0,11
02/03/2023,MKL,TN,ASO,ES,Federal Contract Tower,0,7,19,0,26,0,0,93,13,106,0,7,112,13,132,52,2,54,186
02/04/2023,MKL,TN,ASO,ES,Federal Contract Tower,0,3,8,1,12,0,0,93,9,102,0,3,101,10,114,50,16,66,180
02/05/2023,MKL,TN,ASO,ES,Federal Contract Tower,0,4,13,2,19,0,0,72,11,83,0,4,85,13,102,22,20,42,144
02/06/2023,MKL,TN,ASO,ES,Federal Contract Tower,0,4,16,0,20,0,0,80,0,80,0,4,96,0,100,34,0,34,134
02/07/2023,MKL,TN,ASO,ES,Federal Contract Tower,0,7,20,1,28,0,0,109,8,117,0,7,129,9,145,34,0,34,179
02/08/2023,MKL,TN,ASO,ES,Federal Contract Tower,0,5,8,0,13,0,0,3,0,3,0,5,11,0,16,0,0,0,16
02/09/2023,MKL,TN,ASO,ES,Federal Contract Tower,0,10,15,0,25,0,0,1,8,9,0,10,16,8,34,0,2,2,36
02/10/2023,MKL,TN,ASO,ES,Federal Contract Tower,0,6,18,0,24,0,0,122,5,127,0,6,140,5,151,72,0,72,223
02/11/2023,MKL,TN,ASO,ES,Federal Contract Tower,0,3,6,4,13,0,0,90,0,90,0,3,96,4,103,0,4,4,107
02/12/2023,MKL,TN,ASO,ES,Federal Contract Tower,0,3,9,0,12,0,0,33,0,33,0,3,42,0,45,40,0,40,85
02/13/2023,MKL,TN,ASO,ES,Federal Contract Tower,0,4,11,1,16,0,0,101,1,102,0,4,112,2,118,76,0,76,194
02/14/2023,MKL,TN,ASO,ES,Federal Contract Tower,0,3,13,0,16,0,0,26,1,27,0,3,39,1,43,0,0,0,43
02/15/2023,MKL,TN,ASO,ES,Federal Contract Tower,0,3,23,0,26,0,0,77,2,79,0,3,100,2,105,0,0,0,105
02/16/2023,MKL,TN,ASO,ES,Federal Contract Tower,0,1,7,0,8,0,0,0,0,0,0,1,7,0,8,0,0,0,8
02/17/2023,MKL,TN,ASO,ES,Federal Contract Tower,0,6,15,0,21,0,0,86,0,86,0,6,101,0,107,6,0,6,113
02/18/2023,MKL,TN,ASO,ES,Federal Contract Tower,0,3,12,0,15,0,0,92,0,92,0,3,104,0,107,50,0,50,157
02/19/2023,MKL,TN,ASO,ES,Federal Contract Tower,0,5,5,0,10,0,0,84,0,84,0,5,89,0,94,14,0,14,108
02/20/2023,MKL,TN,ASO,ES,Federal Contract Tower,0,8,16,0,24,0,0,33,0,33,0,8,49,0,57,0,0,0,57
02/21/2023,MKL,TN,ASO,ES,Federal Contract Tower,0,6,28,0,34,0,0,40,0,40,0,6,68,0,74,56,0,56,130
02/22/2023,MKL,TN,ASO,ES,Federal Contract Tower,0,4,7,0,11,0,2,0,0,2,0,6,7,0,13,0,0,0,13
02/23/2023,MKL,TN,ASO,ES,Federal Contract Tower,0,5,10,0,15,0,0,10,0,10,0,5,20,0,25,16,0,16,41
02/24/2023,MKL,TN,ASO,ES,Federal Contract Tower,0,1,10,0,11,0,0,2,0,2,0,1,12,0,13,0,0,0,13
02/25/2023,MKL,TN,ASO,ES,Federal Contract Tower,0,3,10,1,14,0,0,1,0,1,0,3,11,1,15,0,0,0,15
02/26/2023,MKL,TN,ASO,ES,Federal Contract Tower,0,5,15,0,20,0,0,1,0,1,0,5,16,0,21,2,0,2,23
02/27/2023,MKL,TN,ASO,ES,Federal Contract Tower,0,5,1,0,6,0,0,4,0,4,0,5,5,0,10,0,0,0,10
02/28/2023,MKL,TN,ASO,ES,Federal Contract Tower,0,4,21,0,25,0,0,59,0,59,0,4,80,0,84,18,0,18,102
03/01/2023,MKL,TN,ASO,ES,Federal Contract Tower,0,3,12,0,15,0,0,16,0,16,0,3,28,0,31,0,0,0,31
03/02/2023,MKL,TN,ASO,ES,Federal Contract Tower,0,1,6,0,7,0,0,2,0,2,0,1,8,0,9,0,0,0,9
03/03/2023,MKL,TN,ASO,ES,Federal Contract Tower,0,1,3,0,4,0,0,0,0,0,0,1,3,0,4,0,0,0,4
03/04/2023,MKL,TN,ASO,ES,Federal Contract Tower,0,4,11,0,15,0,0,137,0,137,0,4,148,0,152,42,0,42,194
03/05/2023,MKL,TN,ASO,ES,Federal Contract Tower,0,4,4,0,8,0,0,63,0,63,0,4,67,0,71,30,0,30,101
03/06/2023,MKL,TN,ASO,ES,Federal Contract Tower,0,6,4,0,10,0,0,33,1,34,0,6,37,1,44,12,0,12,56
03/07/2023,MKL,TN,ASO,ES,Federal Contract Tower,0,6,4,0,10,0,0,27,0,27,0,6,31,0,37,36,0,36,73
03/08/2023,MKL,TN,ASO,ES,Federal Contract Tower,0,4,9,0,13,0,0,6,9,15,0,4,15,9,28,0,6,6,34
03/09/2023,MKL,TN,ASO,ES,Federal Contract Tower,0,4,5,0,9,0,0,3,0,3,0,4,8,0,12,0,0,0,12
03/10/2023,MKL,TN,ASO,ES,Federal Contract Tower,0,9,21,0,30,0,0,25,0,25,0,9,46,0,55,12,0,12,67
03/11/2023,MKL,TN,ASO,ES,Federal Contract Tower,0,4,6,0,10,0,0,31,8,39,0,4,37,8,49,28,0,28,77
03/12/2023,MKL,TN,ASO,ES,Federal Contract Tower,0,1,13,0,14,0,0,2,0,2,0,1,15,0,16,20,0,20,36
03/13/2023,MKL,TN,ASO,ES,Federal Contract Tower,0,1,18,0,19,0,0,27,2,29,0,1,45,2,48,28,0,28,76
03/14/2023,MKL,TN,ASO,ES,Federal Contract Tower,0,3,15,2,20,0,0,42,5,47,0,3,57,7,67,38,12,50,117
03/15/2023,MKL,TN,ASO,ES,Federal Contract Tower,0,4,18,0,22,0,0,37,2,39,0,4,55,2,61,72,0,72,133
03/16/2023,MKL,TN,ASO,ES,Federal Contract Tower,0,4,9,3,16,0,0,19,5,24,0,4,28,8,40,2,10,12,52
03/17/2023,MKL,TN,ASO,ES,Federal Contract Tower,0,4,9,0,13,0,0,4,6,10,0,4,13,6,23,2,0,2,25
03/18/2023,MKL,TN,ASO,ES,Federal Contract Tower,0,5,7,0,12,0,0,18,7,25,0,5,25,7,37,12,0,12,49
03/19/2023,MKL,TN,ASO,ES,Federal Contract Tower,0,6,13,0,19,0,0,36,0,36,0,6,49,0,55,28,0,28,83
03/20/2023,MKL,TN,ASO,ES,Federal Contract Tower,0,3,19,0,22,0,0,38,0,38,0,3,57,0,60,78,0,78,138
03/21/2023,MKL,TN,ASO,ES,Federal Contract Tower,0,4,10,0,14,0,0,9,2,11,0,4,19,2,25,10,0,10,35
03/22/2023,MKL,TN,ASO,ES,Federal Contract Tower,0,4,14,0,18,0,0,4,0,4,0,4,18,0,22,2,0,2,24
03/23/2023,MKL,TN,ASO,ES,Federal Contract Tower,0,6,20,2,28,0,0,9,8,17,0,6,29,10,45,2,10,12,57
03/24/2023,MKL,TN,ASO,ES,Federal Contract Tower,0,10,21,0,31,0,0,0,0,0,0,10,21,0,31,0,0,0,31
03/25/2023,MKL,TN,ASO,ES,Federal Contract Tower,0,3,6,0,9,0,0,17,0,17,0,3,23,0,26,12,0,12,38
03/26/2023,MKL,TN,ASO,ES,Federal Contract Tower,0,5,13,0,18,0,0,62,0,62,0,5,75,0,80,52,0,52,132
03/27/2023,MKL,TN,ASO,ES,Federal Contract Tower,0,5,12,0,17,0,0,123,1,124,0,5,135,1,141,64,0,64,205
03/28/2023,MKL,TN,ASO,ES,Federal Contract Tower,0,3,16,0,19,0,0,44,4,48,0,3,60,4,67,46,0,46,113
03/29/2023,MKL,TN,ASO,ES,Federal Contract Tower,0,5,13,0,18,0,0,58,5,63,0,5,71,5,81,66,20,86,167
03/30/2023,MKL,TN,ASO,ES,Federal Contract Tower,0,4,25,0,29,0,0,53,6,59,0,4,78,6,88,36,0,36,124
03/31/2023,MKL,TN,ASO,ES,Federal Contract Tower,0,3,3,0,6,0,0,0,0,0,0,3,3,0,6,0,0,0,6
04/01/2023,MKL,TN,ASO,ES,Federal Contract Tower,0,2,6,1,9,0,0,5,4,9,0,2,11,5,18,0,4,4,22
04/02/2023,MKL,TN,ASO,ES,Federal Contract Tower,0,2,19,0,21,0,0,51,6,57,0,2,70,6,78,68,0,68,146
04/03/2023,MKL,TN,ASO,ES,Federal Contract Tower,0,10,12,0,22,0,0,19,0,19,0,10,31,0,41,28,0,28,69
04/04/2023,MKL,TN,ASO,ES,Federal Contract Tower,0,4,22,2,28,0,21,7,0,28,0,25,29,2,56,34,0,34,90
04/05/2023,MKL,TN,ASO,ES,Federal Contract Tower,0,2,3,0,5,0,0,6,0,6,0,2,9,0,11,0,0,0,11
04/06/2023,MKL,TN,ASO,ES,Federal Contract Tower,0,2,17,0,19,0,0,1,0,1,0,2,18,0,20,0,0,0,20
04/07/2023,MKL,TN,ASO,ES,Federal Contract Tower,0,5,16,2,23,0,0,36,0,36,0,5,52,2,59,44,0,44,103
04/08/2023,MKL,TN,ASO,ES,Federal Contract Tower,0,3,12,0,15,0,0,6,0,6,0,3,18,0,21,10,0,10,31
04/09/2023,MKL,TN,ASO,ES,Federal Contract Tower,0,3,9,0,12,0,0,9,0,9,0,3,18,0,21,14,0,14,35
04/10/2023,MKL,TN,ASO,ES,Federal Contract Tower,0,4,14,0,18,0,0,54,0,54,0,4,68,0,72,24,0,24,96
04/11/2023,MKL,TN,ASO,ES,Federal Contract Tower,0,4,13,1,18,0,0,49,8,57,0,4,62,9,75,94,0,94,169
04/12/2023,MKL,TN,ASO,ES,Federal Contract Tower,0,6,18,1,25,0,0,48,6,54,0,6,66,7,79,126,0,126,205
04/13/2023,MKL,TN,ASO,ES,Federal Contract Tower,0,2,15,0,17,0,0,28,11,39,0,2,43,11,56,40,12,52,108
04/14/2023,MKL,TN,ASO,ES,Federal Contract Tower,0,5,22,0,27,0,0,22,6,28,0,5,44,6,55,74,0,74,129
04/15/2023,MKL,TN,ASO,ES,Federal Contract Tower,0,5,10,0,15,0,0,26,7,33,0,5,36,7,48,42,0,42,90
04/16/2023,MKL,TN,ASO,ES,Federal Contract Tower,0,0,11,1,12,0,0,12,13,25,0,0,23,14,37,14,6,20,57
04/17/2023,MKL,TN,ASO,ES,Federal Contract Tower,0,4,16,0,20,0,0,39,0,39,0,4,55,0,59,22,0,22,81
04/18/2023,MKL,TN,ASO,ES,Federal Contract Tower,0,6,7,1,14,0,0,32,3,35,0,6,39,4,49,28,0,28,77
04/19/2023,MKL,TN,ASO,ES,Federal Contract Tower,0,3,12,0,15,0,0,37,0,37,0,3,49,0,52,38,0,38,90
04/20/2023,MKL,TN,ASO,ES,Federal Contract Tower,0,2,18,3,23,0,0,28,8,36,0,2,46,11,59,22,8,30,89
04/21/2023,MKL,TN,ASO,ES,Federal Contract Tower,0,4,7,0,11,0,0,0,0,0,0,4,7,0,11,0,0,0,11
04/22/2023,MKL,TN,ASO,ES,Federal Contract Tower,0,3,9,0,12,0,0,29,0,29,0,3,38,0,41,30,0,30,71
04/23/2023,MKL,TN,ASO,ES,Federal Contract Tower,0,7,7,0,14,0,0,32,0,32,0,7,39,0,46,16,0,16,62
04/24/2023,MKL,TN,ASO,ES,Federal Contract Tower,0,4,11,0,15,0,0,47,2,49,0,4,58,2,64,62,0,62,126
04/25/2023,MKL,TN,ASO,ES,Federal Contract Tower,0,3,25,1,29,0,0,43,8,51,0,3,68,9,80,52,22,74,154
04/26/2023,MKL,TN,ASO,ES,Federal Contract Tower,0,3,19,0,22,0,0,34,4,38,0,3,53,4,60,38,10,48,108
04/27/2023,MKL,TN,ASO,ES,Federal Contract Tower,0,1,16,0,17,0,0,0,0,0,0,1,16,0,17,0,0,0,17
04/28/2023,MKL,TN,ASO,ES,Federal Contract Tower,0,6,27,4,37,0,0,3,1,4,0,6,30,5,41,2,4,6,47
04/29/2023,MKL,TN,ASO,ES,Federal Contract Tower,0,5,6,0,11,0,0,2,0,2,0,5,8,0,13,0,0,0,13
04/30/2023,MKL,TN,ASO,ES,Federal Contract Tower,0,6,9,0,15,0,0,29,0,29,0,6,38,0,44,0,0,0,44
05/01/2023,MKL,TN,ASO,ES,Federal Contract Tower,0,4,11,0,15,0,0,20,0,20,0,4,31,0,35,12,0,12,47
05/02/2023,MKL,TN,ASO,ES,Federal Contract Tower,0,3,16,0,19,0,0,17,0,17,0,3,33,0,36,0,0,0,36
05/03/2023,MKL,TN,ASO,ES,Federal Contract Tower,0,5,24,0,29,0,0,67,0,67,0,5,91,0,96,64,0,64,160
05/04/2023,MKL,TN,ASO,ES,Federal Contract Tower,0,3,23,0,26,0,1,59,6,66,0,4,82,6,92,84,16,100,192
05/05/2023,MKL,TN,ASO,ES,Federal Contract Tower,0,4,17,0,21,0,0,15,0,15,0,4,32,0,36,4,0,4,40
05/06/2023,MKL,TN,ASO,ES,Federal Contract Tower,0,3,12,0,15,0,0,20,0,20,0,3,32,0,35,24,0,24,59
05/07/2023,MKL,TN,ASO,ES,Federal Contract Tower,0,4,18,0,22,0,0,7,0,7,0,4,25,0,29,0,0,0,29
05/08/2023,MKL,TN,ASO,ES,Federal Contract Tower,0,5,14,0,19,0,0,14,3,17,0,5,28,3,36,20,0,20,56
05/09/2023,MKL,TN,ASO,ES,Federal Contract Tower,0,6,14,1,21,0,0,29,14,43,0,6,43,15,64,28,0,28,92
05/10/2023,MKL,TN,ASO,ES,Federal Contract Tower,0,3,12,1,16,0,0,24,17,41,0,3,36,18,57,34,22,56,113
05/11/2023,MKL,TN,ASO,ES,Federal Contract Tower,0,2,12,0,14,0,0,21,0,21,0,2,33,0,35,34,0,34,69
05/12/2023,MKL,TN,ASO,ES,Federal Contract Tower,0,5,9,0,14,0,0,6,0,6,0,5,15,0,20,8,0,8,28
05/13/2023,MKL,TN,ASO,ES,Federal Contract Tower,0,7,6,0,13,0,0,12,0,12,0,7,18,0,25,2,0,2,27
05/14/2023,MKL,TN,ASO,ES,Federal Contract Tower,0,6,9,0,15,0,0,9,0,9,0,6,18,0,24,6,0,6,30
05/15/2023,MKL,TN,ASO,ES,Federal Contract Tower,0,5,8,2,15,0,0,34,0,34,0,5,42,2,49,12,0,12,61
05/16/2023,MKL,TN,ASO,ES,Federal Contract Tower,0,1,4,0,5,0,0,18,0,18,0,1,22,0,23,26,0,26,49
05/17/2023,MKL,TN,ASO,ES,Federal Contract Tower,0,5,20,5,30,0,0,38,9,47,0,5,58,14,77,64,44,108,185
05/18/2023,MKL,TN,ASO,ES,Federal Contract Tower,0,6,11,0,17,0,0,32,22,54,0,6,43,22,71,14,18,32,103
05/19/2023,MKL,TN,ASO,ES,Federal Contract Tower,0,5,12,4,21,0,0,14,4,18,0,5,26,8,39,14,0,14,53
05/20/2023,MKL,TN,ASO,ES,Federal Contract Tower,0,4,10,0,14,0,0,4,1,5,0,4,14,1,19,28,0,28,47
05/21/2023,MKL,TN,ASO,ES,Federal Contract Tower,0,6,14,0,20,0,0,33,0,33,0,6,47,0,53,24,0,24,77
05/22/2023,MKL,TN,ASO,ES,Federal Contract Tower,0,5,13,0,18,0,0,39,5,44,0,5,52,5,62,58,0,58,120
05/23/2023,MKL,TN,ASO,ES,Federal Contract Tower,0,3,10,2,15,0,0,35,4,39,0,3,45,6,54,60,18,78,132
05/24/2023,MKL,TN,ASO,ES,Federal Contract Tower,0,5,7,1,13,0,1,30,6,37,0,6,37,7,50,66,0,66,116
05/25/2023,MKL,TN,ASO,ES,Federal Contract Tower,0,5,14,0,19,0,0,39,0,39,0,5,53,0,58,38,0,38,96
05/26/2023,MKL,TN,ASO,ES,Federal Contract Tower,0,6,23,0,29,0,0,68,4,72,0,6,91,4,101,46,0,46,147
05/27/2023,MKL,TN,ASO,ES,Federal Contract Tower,0,3,8,0,11,0,0,15,0,15,0,3,23,0,26,38,0,38,64
05/28/2023,MKL,TN,ASO,ES,Federal Contract Tower,0,6,8,0,14,0,0,21,0,21,0,6,29,0,35,12,0,12,47
05/29/2023,MKL,TN,ASO,ES,Federal Contract Tower,0,4,6,0,10,0,0,23,0,23,0,4,29,0,33,4,0,4,37
05/30/2023,MKL,TN,ASO,ES,Federal Contract Tower,0,3,12,1,16,0,0,35,1,36,0,3,47,2,52,86,0,86,138
05/31/2023,MKL,TN,ASO,ES,Federal Contract Tower,0,5,12,0,17,0,0,33,3,36,0,5,45,3,53,60,0,60,113
06/01/2023,MKL,TN,ASO,ES,Federal Contract Tower,0,4,11,0,15,0,0,43,6,49,0,4,54,6,64,134,24,158,222
06/02/2023,MKL,TN,ASO,ES,Federal Contract Tower,0,4,13,0,17,0,0,55,5,60,0,4,68,5,77,60,0,60,137
06/03/2023,MKL,TN,ASO,ES,Federal Contract Tower,0,3,8,0,11,0,0,41,10,51,0,3,49,10,62,52,0,52,114
06/04/2023,MKL,TN,ASO,ES,Federal Contract Tower,0,4,8,0,12,0,0,19,0,19,0,4,27,0,31,16,0,16,47
06/05/2023,MKL,TN,ASO,ES,Federal Contract Tower,0,4,14,1,19,0,0,47,7,54,0,4,61,8,73,36,0,36,109
06/06/2023,MKL,TN,ASO,ES,Federal Contract Tower,0,3,8,0,11,0,0,44,5,49,0,3,52,5,60,128,4,132,192
06/07/2023,MKL,TN,ASO,ES,Federal Contract Tower,0,6,13,0,19,0,0,50,0,50,0,6,63,0,69,86,0,86,155
06/08/2023,MKL,TN,ASO,ES,Federal Contract Tower,0,0,5,0,5,0,0,48,6,54,0,0,53,6,59,110,0,110,169
06/09/2023,MKL,TN,ASO,ES,Federal Contract Tower,0,4,7,0,11,0,0,46,3,49,0,4,53,3,60,50,0,50,110
06/10/2023,MKL,TN,ASO,ES,Federal Contract Tower,0,2,4,0,6,0,0,36,0,36,0,2,40,0,42,26,0,26,68
06/11/2023,MKL,TN,ASO,ES,Federal Contract Tower,0,4,12,0,16,0,0,3,0,3,0,4,15,0,19,0,0,0,19
06/12/2023,MKL,TN,ASO,ES,Federal Contract Tower,0,4,16,0,20,0,0,29,0,29,0,4,45,0,49,96,0,96,145
06/13/2023,MKL,TN,ASO,ES,Federal Contract Tower,0,5,18,3,26,0,0,68,12,80,0,5,86,15,106,34,22,56,162
06/14/2023,MKL,TN,ASO,ES,Federal Contract Tower,0,2,15,1,18,0,0,41,20,61,0,2,56,21,79,16,14,30,109
06/15/2023,MKL,TN,ASO,ES,Federal Contract Tower,0,4,13,0,17,0,0,63,7,70,0,4,76,7,87,30,0,30,117
06/16/2023,MKL,TN,ASO,ES,Federal Contract Tower,0,4,5,0,9,0,0,95,9,104,0,4,100,9,113,46,4,50,163
06/17/2023,MKL,TN,ASO,ES,Federal Contract Tower,0,7,7,0,14,0,0,56,6,62,0,7,63,6,76,62,0,62,138
06/18/2023,MKL,TN,ASO,ES,Federal Contract Tower,0,5,10,4,19,0,0,2,0,2,0,5,12,4,21,2,4,6,27
06/19/2023,MKL,TN,ASO,ES,Federal Contract Tower,0,4,9,2,15,0,0,18,0,18,0,4,27,2,33,38,2,40,73
06/20/2023,MKL,TN,ASO,ES,Federal Contract Tower,0,3,4,0,7,0,0,40,0,40,0,3,44,0,47,36,0,36,83
06/21/2023,MKL,TN,ASO,ES,Federal Contract Tower,0,3,20,0,23,0,0,2,0,2,0,3,22,0,25,0,0,0,25
06/22/2023,MKL,TN,ASO,ES,Federal Contract Tower,0,8,17,0,25,0,0,39,19,58,0,8,56,19,83,70,8,78,161
06/23/2023,MKL,TN,ASO,ES,Federal Contract Tower,0,4,19,2,25,0,0,42,7,49,0,4,61,9,74,48,22,70,144
06/24/2023,MKL,TN,ASO,ES,Federal Contract Tower,0,3,7,0,10,0,0,88,0,88,0,3,95,0,98,74,0,74,172
06/25/2023,MKL,TN,ASO,ES,Federal Contract Tower,0,4,11,0,15,0,1,21,2,24,0,5,32,2,39,0,0,0,39
06/26/2023,MKL,TN,ASO,ES,Federal Contract Tower,0,3,10,0,13,0,0,43,4,47,0,3,53,4,60,14,0,14,74
06/27/2023,MKL,TN,ASO,ES,Federal Contract Tower,0,3,15,2,20,0,0,94,11,105,0,3,109,13,125,122,0,122,247
06/28/2023,MKL,TN,ASO,ES,Federal Contract Tower,0,3,11,2,16,0,0,31,7,38,0,3,42,9,54,98,0,98,152
06/29/2023,MKL,TN,ASO,ES,Federal Contract Tower,0,4,24,0,28,0,0,28,7,35,0,4,52,7,63,48,2,50,113
06/30/2023,MKL,TN,ASO,ES,Federal Contract Tower,0,4,20,2,26,0,0,33,4,37,0,4,53,6,63,64,0,64,127
07/01/2023,MKL,TN,ASO,ES,Federal Contract Tower,0,3,7,0,10,0,0,17,0,17,0,3,24,0,27,18,0,18,45
07/02/2023,MKL,TN,ASO,ES,Federal Contract Tower,0,6,7,0,13,0,0,13,0,13,0,6,20,0,26,8,0,8,34
07/03/2023,MKL,TN,ASO,ES,Federal Contract Tower,0,9,7,0,16,0,0,56,0,56,0,9,63,0,72,80,0,80,152
07/04/2023,MKL,TN,ASO,ES,Federal Contract Tower,0,2,5,0,7,0,0,15,0,15,0,2,20,0,22,4,0,4,26
07/05/2023,MKL,TN,ASO,ES,Federal Contract Tower,0,3,9,0,12,0,0,67,0,67,0,3,76,0,79,45,0,45,124
07/06/2023,MKL,TN,ASO,ES,Federal Contract Tower,0,7,11,1,19,0,0,64,2,66,0,7,75,3,85,66,0,66,151
07/07/2023,MKL,TN,ASO,ES,Federal Contract Tower,0,8,7,0,15,0,0,26,0,26,0,8,33,0,41,36,0,36,77
07/08/2023,MKL,TN,ASO,ES,Federal Contract Tower,0,6,8,0,14,0,0,13,0,13,0,6,21,0,27,14,0,14,41
07/09/2023,MKL,TN,ASO,ES,Federal Contract Tower,0,4,4,0,8,0,0,1,0,1,0,4,5,0,9,0,0,0,9
07/10/2023,MKL,TN,ASO,ES,Federal Contract Tower,0,4,7,2,13,0,0,32,8,40,0,4,39,10,53,20,0,20,73
07/11/2023,MKL,TN,ASO,ES,Federal Contract Tower,0,3,13,0,16,0,0,46,8,54,0,3,59,8,70,108,0,108,178
07/12/2023,MKL,TN,ASO,ES,Federal Contract Tower,0,7,19,0,26,0,0,39,4,43,0,7,58,4,69,32,6,38,107
07/13/2023,MKL,TN,ASO,ES,Federal Contract Tower,0,4,10,0,14,0,0,35,6,41,0,4,45,6,55,40,10,50,105
07/14/2023,MKL,TN,ASO,ES,Federal Contract Tower,0,2,12,0,14,0,0,19,0,19,0,2,31,0,33,24,0,24,57
07/15/2023,MKL,TN,ASO,ES,Federal Contract Tower,0,5,9,0,14,0,0,83,0,83,0,5,92,0,97,8,0,8,105
07/16/2023,MKL,TN,ASO,ES,Federal Contract Tower,0,5,7,2,14,0,0,49,3,52,0,5,56,5,66,44,10,54,120
07/17/2023,MKL,TN,ASO,ES,Federal Contract Tower,0,6,13,0,19,0,0,27,6,33,0,6,40,6,52,46,0,46,98
07/18/2023,MKL,TN,ASO,ES,Federal Contract Tower,0,4,15,0,19,0,2,35,4,41,0,6,50,4,60,68,0,68,128
07/19/2023,MKL,TN,ASO,ES,Federal Contract Tower,0,3,11,0,14,0,0,20,0,20,0,3,31,0,34,10,0,10,44
07/20/2023,MKL,TN,ASO,ES,Federal Contract Tower,0,3,7,0,10,0,0,45,5,50,0,3,52,5,60,8,0,8,68
07/21/2023,MKL,TN,ASO,ES,Federal Contract Tower,0,8,7,0,15,0,0,7,2,9,0,8,14,2,24,10,0,10,34
07/22/2023,MKL,TN,ASO,ES,Federal Contract Tower,0,4,7,0,11,0,0,70,0,70,0,4,77,0,81,90,0,90,171
07/23/2023,MKL,TN,ASO,ES,Federal Contract Tower,0,5,15,0,20,0,0,44,0,44,0,5,59,0,64,28,0,28,92
07/24/2023,MKL,TN,ASO,ES,Federal Contract Tower,0,4,8,0,12,0,0,36,0,36,0,4,44,0,48,36,0,36,84
07/25/2023,MKL,TN,ASO,ES,Federal Contract Tower,0,3,12,0,15,0,0,52,5,57,0,3,64,5,72,80,0,80,152
07/26/2023,MKL,TN,ASO,ES,Federal Contract Tower,0,5,13,0,18,0,0,23,2,25,0,5,36,2,43,32,0,32,75
07/27/2023,MKL,TN,ASO,ES,Federal Contract Tower,0,4,17,0,21,0,0,36,2,38,0,4,53,2,59,38,0,38,97
07/28/2023,MKL,TN,ASO,ES,Federal Contract Tower,0,4,11,3,18,0,0,37,2,39,0,4,48,5,57,68,0,68,125
07/29/2023,MKL,TN,ASO,ES,Federal Contract Tower,0,3,2,0,5,0,0,41,1,42,0,3,43,1,47,32,0,32,79
07/30/2023,MKL,TN,ASO,ES,Federal Contract Tower,0,4,6,1,11,0,0,27,1,28,0,4,33,2,39,18,10,28,67
07/31/2023,MKL,TN,ASO,ES,Federal Contract Tower,0,3,23,0,26,0,0,49,0,49,0,3,72,0,75,44,0,44,119
08/01/2023,MKL,TN,ASO,ES,Federal Contract Tower,0,3,8,1,12,0,0,47,4,51,0,3,55,5,63,62,2,64,127
08/02/2023,MKL,TN,ASO,ES,Federal Contract Tower,0,2,20,2,24,0,0,47,3,50,0,2,67,5,74,42,4,46,120
08/03/2023,MKL,TN,ASO,ES,Federal Contract Tower,0,4,11,0,15,0,0,19,0,19,0,4,30,0,34,42,0,42,76
08/04/2023,MKL,TN,ASO,ES,Federal Contract Tower,0,5,6,0,11,0,0,12,0,12,0,5,18,0,23,18,0,18,41
08/05/2023,MKL,TN,ASO,ES,Federal Contract Tower,0,5,12,0,17,0,0,27,0,27,0,5,39,0,44,60,0,60,104
08/06/2023,MKL,TN,ASO,ES,Federal Contract Tower,0,4,3,0,7,0,0,17,0,17,0,4,20,0,24,10,0,10,34
08/07/2023,MKL,TN,ASO,ES,Federal Contract Tower,0,1,10,0,11,0,0,24,0,24,0,1,34,0,35,18,0,18,53
08/08/2023,MKL,TN,ASO,ES,Federal Contract Tower,0,2,23,0,25,0,0,93,4,97,0,2,116,4,122,46,0,46,168
08/09/2023,MKL,TN,ASO,ES,Federal Contract Tower,0,3,8,0,11,0,1,4,2,7,0,4,12,2,18,0,0,0,18
08/10/2023,MKL,TN,ASO,ES,Federal Contract Tower,0,7,16,0,23,0,0,67,0,67,0,7,83,0,90,8,0,8,98
08/11/2023,MKL,TN,ASO,ES,Federal Contract Tower,0,5,12,0,17,0,0,22,3,25,0,5,34,3,42,34,0,34,76
08/12/2023,MKL,TN,ASO,ES,Federal Contract Tower,0,5,4,0,9,0,0,21,0,21,0,5,25,0,30,56,0,56,86
08/13/2023,MKL,TN,ASO,ES,Federal Contract Tower,0,6,9,0,15,0,0,12,0,12,0,6,21,0,27,14,0,14,41
08/14/2023,MKL,TN,ASO,ES,Federal Contract Tower,0,5,13,0,18,0,0,20,1,21,0,5,33,1,39,26,0,26,65
08/15/2023,MKL,TN,ASO,ES,Federal Contract Tower,0,5,15,0,20,0,0,38,0,38,0,5,53,0,58,78,0,78,136
08/16/2023,MKL,TN,ASO,ES,Federal Contract Tower,0,4,18,0,22,0,0,77,0,77,0,4,95,0,99,58,0,58,157
08/17/2023,MKL,TN,ASO,ES,Federal Contract Tower,0,6,20,3,29,0,0,74,25,99,0,6,94,28,128,18,40,58,186
08/18/2023,MKL,TN,ASO,ES,Federal Contract Tower,0,4,14,2,20,0,0,36,3,39,0,4,50,5,59,36,18,54,113
08/19/2023,MKL,TN,ASO,ES,Federal Contract Tower,0,3,7,0,10,0,0,46,0,46,0,3,53,0,56,68,0,68,124
08/20/2023,MKL,TN,ASO,ES,Federal Contract Tower,0,4,7,0,11,0,0,32,1,33,0,4,39,1,44,44,0,44,88
08/21/2023,MKL,TN,ASO,ES,Federal Contract Tower,0,6,11,1,18,0,0,39,0,39,0,6,50,1,57,76,2,78,135
08/22/2023,MKL,TN,ASO,ES,Federal Contract Tower,0,3,26,2,31,0,0,36,0,36,0,3,62,2,67,32,0,32,99
08/23/2023,MKL,TN,ASO,ES,Federal Contract Tower,0,3,20,0,23,0,0,56,2,58,0,3,76,2,81,76,0,76,157
08/24/2023,MKL,TN,ASO,ES,Federal Contract Tower,0,4,4,2,10,0,0,23,3,26,0,4,27,5,36,34,0,34,70
08/25/2023,MKL,TN,ASO,ES,Federal Contract Tower,0,4,16,0,20,0,0,27,5,32,0,4,43,5,52,42,0,42,94
08/26/2023,MKL,TN,ASO,ES,Federal Contract Tower,0,5,9,0,14,0,0,39,0,39,0,5,48,0,53,14,0,14,67
08/27/2023,MKL,TN,ASO,ES,Federal Contract Tower,0,3,8,0,11,0,0,6,0,6,0,3,14,0,17,4,0,4,21
08/28/2023,MKL,TN,ASO,ES,Federal Contract Tower,0,4,19,0,23,0,0,28,4,32,0,4,47,4,55,36,0,36,91
08/29/2023,MKL,TN,ASO,ES,Federal Contract Tower,0,1,8,0,9,0,0,31,7,38,0,1,39,7,47,20,8,28,75
08/30/2023,MKL,TN,ASO,ES,Federal Contract Tower,0,2,17,0,19,0,0,37,0,37,0,2,54,0,56,36,0,36,92
08/31/2023,MKL,TN,ASO,ES,Federal Contract Tower,0,6,14,2,22,0,0,52,11,63,0,6,66,13,85,48,18,66,151
