01/01/2000,MLB,FL,ASO,ES,Federal Contract Tower,5,0,41,0,46,13,0,38,0,51,18,0,79,0,97,26,0,26,123
01/02/2000,MLB,FL,ASO,ES,Federal Contract Tower,14,0,95,0,109,5,0,104,0,109,19,0,199,0,218,56,0,56,274
01/03/2000,MLB,FL,ASO,ES,Federal Contract Tower,19,6,186,5,216,0,0,69,3,72,19,6,255,8,288,96,0,96,384
01/04/2000,MLB,FL,ASO,ES,Federal Contract Tower,17,3,134,0,154,0,0,96,0,96,17,3,230,0,250,172,0,172,422
01/05/2000,MLB,FL,ASO,ES,Federal Contract Tower,18,4,121,0,143,0,0,64,0,64,18,4,185,0,207,80,0,80,287
01/06/2000,MLB,FL,ASO,ES,Federal Contract Tower,20,5,147,0,172,0,1,47,0,48,20,6,194,0,220,50,0,50,270
01/07/2000,MLB,FL,ASO,ES,Federal Contract Tower,18,4,117,0,139,0,0,61,0,61,18,4,178,0,200,106,0,106,306
01/08/2000,MLB,FL,ASO,ES,Federal Contract Tower,14,1,80,2,97,3,0,11,13,27,17,1,91,15,124,50,0,50,174
01/09/2000,MLB,FL,ASO,ES,Federal Contract Tower,15,0,88,0,103,0,0,87,0,87,15,0,175,0,190,64,0,64,254
01/10/2000,MLB,FL,ASO,ES,Federal Contract Tower,14,3,82,0,99,3,2,50,0,55,17,5,132,0,154,132,0,132,286
01/11/2000,MLB,FL,ASO,ES,Federal Contract Tower,16,3,95,3,117,1,1,132,2,136,17,4,227,5,253,160,0,160,413
01/12/2000,MLB,FL,ASO,ES,Federal Contract Tower,16,3,104,3,126,0,1,105,1,107,16,4,209,4,233,198,0,198,431
01/13/2000,MLB,FL,ASO,ES,Federal Contract Tower,16,3,93,3,115,6,1,113,4,124,22,4,206,7,239,154,0,154,393
01/14/2000,MLB,FL,ASO,ES,Federal Contract Tower,12,2,67,2,83,6,3,22,8,39,18,5,89,10,122,12,0,12,134
01/15/2000,MLB,FL,ASO,ES,Federal Contract Tower,13,0,78,3,94,5,0,107,1,113,18,0,185,4,207,48,24,72,279
01/16/2000,MLB,FL,ASO,ES,Federal Contract Tower,16,0,90,0,106,5,0,147,0,152,21,0,237,0,258,76,14,90,348
01/17/2000,MLB,FL,ASO,ES,Federal Contract Tower,15,0,86,0,101,5,0,143,0,148,20,0,229,0,249,238,1,239,488
01/18/2000,MLB,FL,ASO,ES,Federal Contract Tower,14,2,84,0,100,6,3,139,0,148,20,5,223,0,248,188,0,188,436
01/19/2000,MLB,FL,ASO,ES,Federal Contract Tower,18,3,114,4,139,0,0,89,5,94,18,3,203,9,233,187,8,195,428
01/20/2000,MLB,FL,ASO,ES,Federal Contract Tower,9,1,53,0,63,6,5,78,0,89,15,6,131,0,152,118,0,118,270
01/21/2000,MLB,FL,ASO,ES,Federal Contract Tower,16,4,130,3,153,0,4,225,0,229,16,8,355,3,382,316,0,316,698
01/22/2000,MLB,FL,ASO,ES,Federal Contract Tower,14,0,81,0,95,1,0,167,0,168,15,0,248,0,263,298,0,298,561
01/23/2000,MLB,FL,ASO,ES,Federal Contract Tower,15,0,85,3,103,0,0,106,3,109,15,0,191,6,212,140,0,140,352
01/24/2000,MLB,FL,ASO,ES,Federal Contract Tower,14,2,84,0,100,7,3,4,0,14,21,5,88,0,114,10,0,10,124
01/25/2000,MLB,FL,ASO,ES,Federal Contract Tower,14,2,92,0,108,0,2,137,0,139,14,4,229,0,247,174,0,174,421
01/26/2000,MLB,FL,ASO,ES,Federal Contract Tower,17,3,127,3,150,0,2,142,7,151,17,5,269,10,301,338,10,348,649
01/27/2000,MLB,FL,ASO,ES,Federal Contract Tower,19,3,114,3,139,0,1,192,0,193,19,4,306,3,332,354,0,354,686
01/28/2000,MLB,FL,ASO,ES,Federal Contract Tower,6,2,147,2,157,0,0,138,0,138,6,2,285,2,295,280,0,280,575
01/29/2000,MLB,FL,ASO,ES,Federal Contract Tower,6,3,119,0,128,0,1,123,0,124,6,4,242,0,252,288,0,288,540
01/30/2000,MLB,FL,ASO,ES,Federal Contract Tower,13,0,79,0,92,1,0,134,0,135,14,0,213,0,227,207,22,229,456
01/31/2000,MLB,FL,ASO,ES,Federal Contract Tower,18,3,129,0,150,0,1,8,0,9,18,4,137,0,159,0,0,0,159
02/01/2000,MLB,FL,ASO,ES,Federal Contract Tower,14,3,106,1,124,5,1,175,3,184,19,4,281,4,308,310,0,310,618
02/02/2000,MLB,FL,ASO,ES,Federal Contract Tower,8,2,62,0,72,12,3,141,0,156,20,5,203,0,228,436,0,436,664
02/03/2000,MLB,FL,ASO,ES,Federal Contract Tower,19,2,161,1,183,0,0,108,5,113,19,2,269,6,296,218,0,218,514
02/04/2000,MLB,FL,ASO,ES,Federal Contract Tower,16,4,126,0,146,2,0,193,0,195,18,4,319,0,341,330,0,330,671
02/05/2000,MLB,FL,ASO,ES,Federal Contract Tower,15,0,123,0,138,3,0,147,0,150,18,0,270,0,288,184,16,200,488
02/06/2000,MLB,FL,ASO,ES,Federal Contract Tower,12,0,96,0,108,5,0,192,0,197,17,0,288,0,305,343,0,343,648
02/07/2000,MLB,FL,ASO,ES,Federal Contract Tower,21,4,180,0,205,0,0,220,0,220,21,4,400,0,425,460,0,460,885
02/08/2000,MLB,FL,ASO,ES,Federal Contract Tower,14,4,114,0,132,2,0,218,0,220,16,4,332,0,352,408,0,408,760
02/09/2000,MLB,FL,ASO,ES,Federal Contract Tower,13,3,106,1,123,6,0,152,0,158,19,3,258,1,281,173,0,173,454
02/10/2000,MLB,FL,ASO,ES,Federal Contract Tower,15,5,179,0,199,0,3,226,0,229,15,8,405,0,428,336,0,336,764
02/11/2000,MLB,FL,ASO,ES,Federal Contract Tower,19,4,154,2,179,0,0,177,1,178,19,4,331,3,357,408,0,408,765
02/12/2000,MLB,FL,ASO,ES,Federal Contract Tower,15,3,117,0,135,1,1,168,0,170,16,4,285,0,305,247,0,247,552
02/13/2000,MLB,FL,ASO,ES,Federal Contract Tower,18,3,134,0,155,0,0,148,0,148,18,3,282,0,303,204,2,206,509
02/14/2000,MLB,FL,ASO,ES,Federal Contract Tower,16,3,117,1,137,4,3,85,0,92,20,6,202,1,229,103,0,103,332
02/15/2000,MLB,FL,ASO,ES,Federal Contract Tower,20,4,153,2,179,0,1,137,8,146,20,5,290,10,325,330,0,330,655
02/16/2000,MLB,FL,ASO,ES,Federal Contract Tower,16,4,149,0,169,0,1,173,0,174,16,5,322,0,343,342,0,342,685
02/17/2000,MLB,FL,ASO,ES,Federal Contract Tower,17,4,148,0,169,0,1,217,0,218,17,5,365,0,387,352,0,352,739
02/18/2000,MLB,FL,ASO,ES,Federal Contract Tower,17,2,143,2,164,0,0,134,2,136,17,2,277,4,300,200,0,200,500
02/19/2000,MLB,FL,ASO,ES,Federal Contract Tower,21,0,218,0,239,0,0,322,0,322,21,0,540,0,561,359,0,359,920
02/20/2000,MLB,FL,ASO,ES,Federal Contract Tower,17,0,128,0,145,1,0,138,0,139,18,0,266,0,284,106,0,106,390
02/21/2000,MLB,FL,ASO,ES,Federal Contract Tower,18,3,168,0,189,0,0,190,0,190,18,3,358,0,379,366,0,366,745
02/22/2000,MLB,FL,ASO,ES,Federal Contract Tower,15,3,114,0,132,5,1,171,0,177,20,4,285,0,309,292,0,292,601
02/23/2000,MLB,FL,ASO,ES,Federal Contract Tower,19,4,181,3,207,0,1,156,6,163,19,5,337,9,370,288,22,310,680
02/24/2000,MLB,FL,ASO,ES,Federal Contract Tower,17,4,154,2,177,0,3,179,4,186,17,7,333,6,363,352,0,352,715
02/25/2000,MLB,FL,ASO,ES,Federal Contract Tower,19,4,158,0,181,0,3,201,0,204,19,7,359,0,385,574,0,574,959
02/26/2000,MLB,FL,ASO,ES,Federal Contract Tower,17,0,129,0,146,1,0,187,0,188,18,0,316,0,334,208,0,208,542
02/27/2000,MLB,FL,ASO,ES,Federal Contract Tower,10,0,76,0,86,8,0,139,0,147,18,0,215,0,233,156,0,156,389
02/28/2000,MLB,FL,ASO,ES,Federal Contract Tower,21,5,171,0,197,0,2,140,0,142,21,7,311,0,339,286,0,286,625
02/29/2000,MLB,FL,ASO,ES,Federal Contract Tower,20,4,168,1,193,0,4,237,1,242,20,8,405,2,435,528,2,530,965
03/01/2000,MLB,FL,ASO,ES,Federal Contract Tower,16,6,155,1,178,0,0,238,3,241,16,6,393,4,419,474,0,474,893
03/02/2000,MLB,FL,ASO,ES,Federal Contract Tower,13,9,110,0,132,5,0,187,1,193,18,9,297,1,325,412,0,412,737
03/03/2000,MLB,FL,ASO,ES,Federal Contract Tower,14,2,130,1,147,4,0,148,0,152,18,2,278,1,299,276,0,276,575
03/04/2000,MLB,FL,ASO,ES,Federal Contract Tower,9,1,82,0,92,8,0,141,0,149,17,1,223,0,241,180,0,180,421
03/05/2000,MLB,FL,ASO,ES,Federal Contract Tower,10,0,87,0,97,8,0,169,0,177,18,0,256,0,274,254,0,254,528
03/06/2000,MLB,FL,ASO,ES,Federal Contract Tower,12,5,113,1,131,8,0,158,0,166,20,5,271,1,297,367,0,367,664
03/07/2000,MLB,FL,ASO,ES,Federal Contract Tower,14,6,126,0,146,3,0,140,0,143,17,6,266,0,289,280,0,280,569
03/08/2000,MLB,FL,ASO,ES,Federal Contract Tower,13,10,154,0,177,0,0,199,0,199,13,10,353,0,376,280,0,280,656
03/09/2000,MLB,FL,ASO,ES,Federal Contract Tower,13,9,120,0,142,0,0,177,0,177,13,9,297,0,319,244,0,244,563
03/10/2000,MLB,FL,ASO,ES,Federal Contract Tower,10,8,93,0,111,2,3,173,0,178,12,11,266,0,289,244,0,244,533
03/11/2000,MLB,FL,ASO,ES,Federal Contract Tower,7,5,64,0,76,7,1,72,0,80,14,6,136,0,156,116,0,116,272
03/12/2000,MLB,FL,ASO,ES,Federal Contract Tower,8,5,74,0,87,4,0,77,0,81,12,5,151,0,168,60,0,60,228
03/13/2000,MLB,FL,ASO,ES,Federal Contract Tower,12,7,95,0,114,0,8,203,0,211,12,15,298,0,325,338,4,342,667
03/14/2000,MLB,FL,ASO,ES,Federal Contract Tower,12,11,149,1,173,0,1,230,0,231,12,12,379,1,404,391,0,391,795
03/15/2000,MLB,FL,ASO,ES,Federal Contract Tower,13,10,140,0,163,0,2,173,0,175,13,12,313,0,338,269,0,269,607
03/16/2000,MLB,FL,ASO,ES,Federal Contract Tower,13,7,104,1,125,2,2,88,1,93,15,9,192,2,218,136,0,136,354
03/17/2000,MLB,FL,ASO,ES,Federal Contract Tower,13,7,103,1,124,1,4,156,0,161,14,11,259,1,285,374,0,374,659
03/18/2000,MLB,FL,ASO,ES,Federal Contract Tower,11,7,106,0,124,0,0,126,0,126,11,7,232,0,250,190,0,190,440
03/19/2000,MLB,FL,ASO,ES,Federal Contract Tower,10,5,80,0,95,2,0,31,0,33,12,5,111,0,128,8,62,70,198
03/20/2000,MLB,FL,ASO,ES,Federal Contract Tower,11,8,120,2,141,0,1,186,2,189,11,9,306,4,330,244,26,270,600
03/21/2000,MLB,FL,ASO,ES,Federal Contract Tower,13,10,162,2,187,0,0,227,4,231,13,10,389,6,418,389,0,389,807
03/22/2000,MLB,FL,ASO,ES,Federal Contract Tower,15,12,174,2,203,0,4,189,1,194,15,16,363,3,397,358,0,358,755
03/23/2000,MLB,FL,ASO,ES,Federal Contract Tower,13,7,108,0,128,1,0,68,0,69,14,7,176,0,197,68,0,68,265
03/24/2000,MLB,FL,ASO,ES,Federal Contract Tower,11,9,134,1,155,0,12,172,0,184,11,21,306,1,339,273,0,273,612
03/25/2000,MLB,FL,ASO,ES,Federal Contract Tower,11,7,133,0,151,0,0,228,0,228,11,7,361,0,379,270,0,270,649
03/26/2000,MLB,FL,ASO,ES,Federal Contract Tower,11,1,85,0,97,4,0,137,0,141,15,1,222,0,238,216,0,216,454
03/27/2000,MLB,FL,ASO,ES,Federal Contract Tower,13,8,116,0,137,0,7,71,0,78,13,15,187,0,215,82,0,82,297
03/28/2000,MLB,FL,ASO,ES,Federal Contract Tower,12,8,122,1,143,0,3,230,2,235,12,11,352,3,378,404,0,404,782
03/29/2000,MLB,FL,ASO,ES,Federal Contract Tower,13,9,136,0,158,0,0,254,0,254,13,9,390,0,412,428,0,428,840
03/30/2000,MLB,FL,ASO,ES,Federal Contract Tower,16,9,135,1,161,5,1,148,4,158,21,10,283,5,319,162,0,162,481
03/31/2000,MLB,FL,ASO,ES,Federal Contract Tower,11,11,178,0,200,0,0,75,0,75,11,11,253,0,275,156,0,156,431
04/01/2000,MLB,FL,ASO,ES,Federal Contract Tower,10,8,115,0,133,0,0,156,0,156,10,8,271,0,289,174,0,174,463
04/02/2000,MLB,FL,ASO,ES,Federal Contract Tower,8,7,91,0,106,4,0,138,0,142,12,7,229,0,248,250,1,251,499
04/03/2000,MLB,FL,ASO,ES,Federal Contract Tower,15,12,176,1,204,0,0,159,7,166,15,12,335,8,370,216,2,218,588
04/04/2000,MLB,FL,ASO,ES,Federal Contract Tower,11,5,143,0,159,0,0,173,0,173,11,5,316,0,332,250,0,250,582
04/05/2000,MLB,FL,ASO,ES,Federal Contract Tower,10,9,150,0,169,0,0,211,1,212,10,9,361,1,381,300,12,312,693
04/06/2000,MLB,FL,ASO,ES,Federal Contract Tower,10,13,169,1,193,0,3,255,2,260,10,16,424,3,453,481,0,481,934
04/07/2000,MLB,FL,ASO,ES,Federal Contract Tower,12,13,208,1,234,0,0,216,1,217,12,13,424,2,451,310,2,312,763
04/08/2000,MLB,FL,ASO,ES,Federal Contract Tower,10,8,118,0,136,2,0,138,0,140,12,8,256,0,276,172,0,172,448
04/09/2000,MLB,FL,ASO,ES,Federal Contract Tower,8,7,89,0,104,5,0,140,1,146,13,7,229,1,250,154,0,154,404
04/10/2000,MLB,FL,ASO,ES,Federal Contract Tower,11,10,164,0,185,0,0,164,0,164,11,10,328,0,349,198,0,198,547
04/11/2000,MLB,FL,ASO,ES,Federal Contract Tower,10,10,131,0,151,0,1,195,0,196,10,11,326,0,347,382,1,383,730
04/12/2000,MLB,FL,ASO,ES,Federal Contract Tower,10,12,190,0,212,0,0,124,0,124,10,12,314,0,336,122,0,122,458
04/13/2000,MLB,FL,ASO,ES,Federal Contract Tower,14,11,159,0,184,0,7,138,0,145,14,18,297,0,329,226,0,226,555
04/14/2000,MLB,FL,ASO,ES,Federal Contract Tower,14,9,147,0,170,1,0,20,0,21,15,9,167,0,191,62,0,62,253
04/15/2000,MLB,FL,ASO,ES,Federal Contract Tower,9,7,97,1,114,3,0,69,1,73,12,7,166,2,187,108,10,118,305
04/16/2000,MLB,FL,ASO,ES,Federal Contract Tower,9,7,99,0,115,5,1,115,0,121,14,8,214,0,236,284,0,284,520
04/17/2000,MLB,FL,ASO,ES,Federal Contract Tower,11,8,115,1,135,5,0,145,0,150,16,8,260,1,285,328,0,328,613
04/18/2000,MLB,FL,ASO,ES,Federal Contract Tower,12,8,123,0,143,0,3,189,0,192,12,11,312,0,335,298,0,298,633
04/19/2000,MLB,FL,ASO,ES,Federal Contract Tower,11,8,164,0,183,0,0,276,0,276,11,8,440,0,459,360,0,360,819
04/20/2000,MLB,FL,ASO,ES,Federal Contract Tower,12,7,175,2,196,0,0,228,0,228,12,7,403,2,424,300,0,300,724
04/21/2000,MLB,FL,ASO,ES,Federal Contract Tower,9,7,104,0,120,0,5,161,0,166,9,12,265,0,286,182,0,182,468
04/22/2000,MLB,FL,ASO,ES,Federal Contract Tower,9,6,93,0,108,2,1,169,0,172,11,7,262,0,280,240,8,248,528
04/23/2000,MLB,FL,ASO,ES,Federal Contract Tower,4,3,47,0,54,8,2,168,0,178,12,5,215,0,232,204,0,204,436
04/24/2000,MLB,FL,ASO,ES,Federal Contract Tower,11,7,110,0,128,4,10,90,0,104,15,17,200,0,232,74,0,74,306
04/25/2000,MLB,FL,ASO,ES,Federal Contract Tower,11,11,155,2,179,0,1,76,4,81,11,12,231,6,260,110,2,112,372
04/26/2000,MLB,FL,ASO,ES,Federal Contract Tower,9,9,170,0,188,0,0,192,0,192,9,9,362,0,380,368,0,368,748
04/27/2000,MLB,FL,ASO,ES,Federal Contract Tower,15,10,184,0,209,0,0,235,0,235,15,10,419,0,444,374,0,374,818
04/28/2000,MLB,FL,ASO,ES,Federal Contract Tower,12,10,141,0,163,0,2,213,0,215,12,12,354,0,378,300,0,300,678
04/29/2000,MLB,FL,ASO,ES,Federal Contract Tower,10,6,112,0,128,5,0,137,0,142,15,6,249,0,270,222,0,222,492
04/30/2000,MLB,FL,ASO,ES,Federal Contract Tower,9,7,97,0,113,6,0,149,0,155,15,7,246,0,268,238,0,238,506
05/01/2000,MLB,FL,ASO,ES,Federal Contract Tower,13,10,186,0,209,0,0,164,0,164,13,10,350,0,373,218,0,218,591
05/02/2000,MLB,FL,ASO,ES,Federal Contract Tower,12,11,194,0,217,0,0,243,0,243,12,11,437,0,460,378,0,378,838
05/03/2000,MLB,FL,ASO,ES,Federal Contract Tower,11,10,140,0,161,0,0,130,0,130,11,10,270,0,291,344,0,344,635
05/04/2000,MLB,FL,ASO,ES,Federal Contract Tower,16,13,187,0,216,0,0,189,0,189,16,13,376,0,405,364,0,364,769
05/05/2000,MLB,FL,ASO,ES,Federal Contract Tower,10,11,147,0,168,0,0,170,0,170,10,11,317,0,338,244,0,244,582
05/06/2000,MLB,FL,ASO,ES,Federal Contract Tower,9,9,113,2,133,0,0,138,2,140,9,9,251,4,273,201,0,201,474
05/07/2000,MLB,FL,ASO,ES,Federal Contract Tower,8,4,91,2,105,3,0,113,0,116,11,4,204,2,221,158,0,158,379
05/08/2000,MLB,FL,ASO,ES,Federal Contract Tower,13,11,136,0,160,0,0,144,0,144,13,11,280,0,304,242,0,242,546
05/09/2000,MLB,FL,ASO,ES,Federal Contract Tower,12,12,151,0,175,0,4,152,0,156,12,16,303,0,331,230,1,231,562
05/10/2000,MLB,FL,ASO,ES,Federal Contract Tower,6,5,65,0,76,1,3,148,0,152,7,8,213,0,228,293,2,295,523
05/11/2000,MLB,FL,ASO,ES,Federal Contract Tower,8,10,115,0,133,0,1,136,0,137,8,11,251,0,270,174,0,174,444
05/12/2000,MLB,FL,ASO,ES,Federal Contract Tower,11,7,137,3,158,0,0,147,14,161,11,7,284,17,319,236,0,236,555
05/13/2000,MLB,FL,ASO,ES,Federal Contract Tower,9,8,104,1,122,0,0,150,0,150,9,8,254,1,272,174,0,174,446
05/14/2000,MLB,FL,ASO,ES,Federal Contract Tower,7,3,77,0,87,6,0,86,0,92,13,3,163,0,179,88,0,88,267
05/15/2000,MLB,FL,ASO,ES,Federal Contract Tower,10,9,118,0,137,0,7,90,0,97,10,16,208,0,234,150,0,150,384
05/16/2000,MLB,FL,ASO,ES,Federal Contract Tower,10,11,159,3,183,0,0,129,1,130,10,11,288,4,313,176,0,176,489
05/17/2000,MLB,FL,ASO,ES,Federal Contract Tower,10,6,169,1,186,0,0,163,0,163,10,6,332,1,349,270,0,270,619
05/18/2000,MLB,FL,ASO,ES,Federal Contract Tower,11,10,118,1,140,0,0,164,0,164,11,10,282,1,304,250,0,250,554
05/19/2000,MLB,FL,ASO,ES,Federal Contract Tower,10,11,137,2,160,0,0,124,0,124,10,11,261,2,284,238,0,238,522
05/20/2000,MLB,FL,ASO,ES,Federal Contract Tower,6,5,63,0,74,3,0,162,0,165,9,5,225,0,239,194,0,194,433
05/21/2000,MLB,FL,ASO,ES,Federal Contract Tower,6,3,61,0,70,1,0,113,0,114,7,3,174,0,184,120,0,120,304
05/22/2000,MLB,FL,ASO,ES,Federal Contract Tower,9,8,93,1,111,6,1,89,7,103,15,9,182,8,214,258,0,258,472
05/23/2000,MLB,FL,ASO,ES,Federal Contract Tower,8,6,82,1,97,1,2,122,1,126,9,8,204,2,223,329,2,331,554
05/24/2000,MLB,FL,ASO,ES,Federal Contract Tower,10,8,98,0,116,0,2,136,0,138,10,10,234,0,254,180,0,180,434
05/25/2000,MLB,FL,ASO,ES,Federal Contract Tower,10,8,99,0,117,3,13,140,0,156,13,21,239,0,273,268,0,268,541
05/26/2000,MLB,FL,ASO,ES,Federal Contract Tower,8,7,83,0,98,4,3,165,0,172,12,10,248,0,270,250,0,250,520
05/27/2000,MLB,FL,ASO,ES,Federal Contract Tower,10,8,102,0,120,1,9,131,0,141,11,17,233,0,261,160,0,160,421
05/28/2000,MLB,FL,ASO,ES,Federal Contract Tower,5,3,45,0,53,5,1,97,0,103,10,4,142,0,156,114,0,114,270
05/29/2000,MLB,FL,ASO,ES,Federal Contract Tower,6,6,62,0,74,7,0,112,0,119,13,6,174,0,193,160,0,160,353
05/30/2000,MLB,FL,ASO,ES,Federal Contract Tower,9,8,95,1,113,1,1,118,12,132,10,9,213,13,245,200,14,214,459
05/31/2000,MLB,FL,ASO,ES,Federal Contract Tower,11,8,115,1,135,1,0,163,1,165,12,8,278,2,300,384,0,384,684
06/01/2000,MLB,FL,ASO,ES,Federal Contract Tower,8,7,82,0,97,2,0,138,0,140,10,7,220,0,237,414,0,414,651
06/02/2000,MLB,FL,ASO,ES,Federal Contract Tower,8,8,89,1,106,3,4,127,3,137,11,12,216,4,243,261,0,261,504
06/03/2000,MLB,FL,ASO,ES,Federal Contract Tower,5,6,63,0,74,5,0,113,0,118,10,6,176,0,192,168,0,168,360
06/04/2000,MLB,FL,ASO,ES,Federal Contract Tower,6,6,76,0,88,10,0,107,0,117,16,6,183,0,205,150,0,150,355
06/05/2000,MLB,FL,ASO,ES,Federal Contract Tower,6,5,62,0,73,5,4,96,0,105,11,9,158,0,178,140,0,140,318
06/06/2000,MLB,FL,ASO,ES,Federal Contract Tower,11,8,111,0,130,0,0,132,0,132,11,8,243,0,262,212,0,212,474
06/07/2000,MLB,FL,ASO,ES,Federal Contract Tower,11,8,115,0,134,0,0,135,0,135,11,8,250,0,269,184,0,184,453
06/08/2000,MLB,FL,ASO,ES,Federal Contract Tower,11,14,163,0,188,0,0,214,0,214,11,14,377,0,402,236,0,236,638
06/09/2000,MLB,FL,ASO,ES,Federal Contract Tower,9,9,121,2,141,0,5,152,0,157,9,14,273,2,298,328,0,328,626
06/10/2000,MLB,FL,ASO,ES,Federal Contract Tower,8,6,75,0,89,2,2,115,0,119,10,8,190,0,208,184,0,184,392
06/11/2000,MLB,FL,ASO,ES,Federal Contract Tower,8,6,76,1,91,4,0,38,0,42,12,6,114,1,133,66,0,66,199
06/12/2000,MLB,FL,ASO,ES,Federal Contract Tower,11,12,158,0,181,0,0,100,0,100,11,12,258,0,281,228,0,228,509
06/13/2000,MLB,FL,ASO,ES,Federal Contract Tower,10,9,135,3,157,0,0,193,5,198,10,9,328,8,355,320,1,321,676
06/14/2000,MLB,FL,ASO,ES,Federal Contract Tower,13,5,155,0,173,0,0,177,0,177,13,5,332,0,350,286,0,286,636
06/15/2000,MLB,FL,ASO,ES,Federal Contract Tower,12,12,146,0,170,0,1,184,0,185,12,13,330,0,355,266,0,266,621
06/16/2000,MLB,FL,ASO,ES,Federal Contract Tower,7,5,65,0,77,2,5,116,0,123,9,10,181,0,200,204,0,204,404
06/17/2000,MLB,FL,ASO,ES,Federal Contract Tower,9,6,91,2,108,1,0,109,4,114,10,6,200,6,222,86,0,86,308
06/18/2000,MLB,FL,ASO,ES,Federal Contract Tower,8,3,80,0,91,3,0,122,0,125,11,3,202,0,216,118,0,118,334
06/19/2000,MLB,FL,ASO,ES,Federal Contract Tower,8,10,126,0,144,0,1,153,0,154,8,11,279,0,298,238,12,250,548
06/20/2000,MLB,FL,ASO,ES,Federal Contract Tower,10,9,157,3,179,0,0,166,1,167,10,9,323,4,346,364,9,373,719
06/21/2000,MLB,FL,ASO,ES,Federal Contract Tower,11,7,126,0,144,0,0,170,0,170,11,7,296,0,314,274,0,274,588
06/22/2000,MLB,FL,ASO,ES,Federal Contract Tower,10,9,118,3,140,0,0,150,1,151,10,9,268,4,291,392,5,397,688
06/23/2000,MLB,FL,ASO,ES,Federal Contract Tower,11,8,104,1,124,1,1,37,5,44,12,9,141,6,168,26,0,26,194
06/24/2000,MLB,FL,ASO,ES,Federal Contract Tower,6,5,56,0,67,4,3,84,1,92,10,8,140,1,159,110,1,111,270
06/25/2000,MLB,FL,ASO,ES,Federal Contract Tower,7,5,69,0,81,5,3,68,0,76,12,8,137,0,157,90,0,90,247
06/26/2000,MLB,FL,ASO,ES,Federal Contract Tower,13,8,194,3,218,0,0,168,7,175,13,8,362,10,393,360,2,362,755
06/27/2000,MLB,FL,ASO,ES,Federal Contract Tower,10,8,105,1,124,0,3,41,2,46,10,11,146,3,170,84,0,84,254
06/28/2000,MLB,FL,ASO,ES,Federal Contract Tower,10,8,107,1,126,0,2,162,2,166,10,10,269,3,292,342,0,342,634
06/29/2000,MLB,FL,ASO,ES,Federal Contract Tower,11,6,107,1,125,1,0,168,2,171,12,6,275,3,296,324,0,324,620
06/30/2000,MLB,FL,ASO,ES,Federal Contract Tower,11,10,130,1,152,0,2,112,0,114,11,12,242,1,266,180,0,180,446
07/01/2000,MLB,FL,ASO,ES,Federal Contract Tower,7,6,83,0,96,2,0,49,0,51,9,6,132,0,147,94,0,94,241
07/02/2000,MLB,FL,ASO,ES,Federal Contract Tower,7,4,87,0,98,6,0,77,0,83,13,4,164,0,181,74,0,74,255
07/03/2000,MLB,FL,ASO,ES,Federal Contract Tower,6,7,78,0,91,0,4,116,0,120,6,11,194,0,211,304,0,304,515
07/04/2000,MLB,FL,ASO,ES,Federal Contract Tower,5,6,62,0,73,4,2,93,8,107,9,8,155,8,180,196,0,196,376
07/05/2000,MLB,FL,ASO,ES,Federal Contract Tower,11,9,173,0,193,0,0,207,0,207,11,9,380,0,400,406,0,406,806
07/06/2000,MLB,FL,ASO,ES,Federal Contract Tower,12,7,138,0,157,0,0,159,0,159,12,7,297,0,316,364,0,364,680
07/07/2000,MLB,FL,ASO,ES,Federal Contract Tower,10,9,99,0,118,0,5,97,0,102,10,14,196,0,220,208,0,208,428
07/08/2000,MLB,FL,ASO,ES,Federal Contract Tower,7,6,64,0,77,2,1,41,0,44,9,7,105,0,121,98,0,98,219
07/09/2000,MLB,FL,ASO,ES,Federal Contract Tower,6,3,59,1,69,6,0,35,1,42,12,3,94,2,111,62,0,62,173
07/10/2000,MLB,FL,ASO,ES,Federal Contract Tower,8,11,170,3,192,0,0,171,1,172,8,11,341,4,364,318,0,318,682
07/11/2000,MLB,FL,ASO,ES,Federal Contract Tower,9,10,157,3,179,0,0,234,6,240,9,10,391,9,419,286,0,286,705
07/12/2000,MLB,FL,ASO,ES,Federal Contract Tower,8,6,98,0,112,0,0,117,0,117,8,6,215,0,229,180,0,180,409
07/13/2000,MLB,FL,ASO,ES,Federal Contract Tower,11,8,105,2,126,2,0,126,0,128,13,8,231,2,254,310,0,310,564
07/14/2000,MLB,FL,ASO,ES,Federal Contract Tower,8,8,103,0,119,0,3,54,0,57,8,11,157,0,176,88,0,88,264
07/15/2000,MLB,FL,ASO,ES,Federal Contract Tower,9,7,97,0,113,3,0,57,0,60,12,7,154,0,173,106,2,108,281
07/16/2000,MLB,FL,ASO,ES,Federal Contract Tower,8,6,79,0,93,2,0,62,0,64,10,6,141,0,157,52,0,52,209
07/17/2000,MLB,FL,ASO,ES,Federal Contract Tower,10,8,113,2,133,0,0,158,0,158,10,8,271,2,291,244,0,244,535
07/18/2000,MLB,FL,ASO,ES,Federal Contract Tower,9,10,114,2,135,0,2,121,0,123,9,12,235,2,258,228,0,228,486
07/19/2000,MLB,FL,ASO,ES,Federal Contract Tower,12,9,124,2,147,0,0,128,2,130,12,9,252,4,277,232,0,232,509
07/20/2000,MLB,FL,ASO,ES,Federal Contract Tower,11,9,116,2,138,0,4,119,3,126,11,13,235,5,264,196,1,197,461
07/21/2000,MLB,FL,ASO,ES,Federal Contract Tower,8,10,124,0,142,0,2,63,0,65,8,12,187,0,207,174,0,174,381
07/22/2000,MLB,FL,ASO,ES,Federal Contract Tower,7,5,65,0,77,4,1,111,0,116,11,6,176,0,193,200,0,200,393
07/23/2000,MLB,FL,ASO,ES,Federal Contract Tower,6,4,72,0,82,4,0,107,0,111,10,4,179,0,193,92,0,92,285
07/24/2000,MLB,FL,ASO,ES,Federal Contract Tower,10,10,124,0,144,0,10,95,0,105,10,20,219,0,249,158,0,158,407
07/25/2000,MLB,FL,ASO,ES,Federal Contract Tower,9,12,145,2,168,0,2,173,0,175,9,14,318,2,343,346,0,346,689
07/26/2000,MLB,FL,ASO,ES,Federal Contract Tower,8,7,86,0,101,3,1,130,0,134,11,8,216,0,235,278,0,278,513
07/27/2000,MLB,FL,ASO,ES,Federal Contract Tower,11,7,163,2,183,0,0,185,5,190,11,7,348,7,373,424,0,424,797
07/28/2000,MLB,FL,ASO,ES,Federal Contract Tower,10,8,115,0,133,0,0,184,0,184,10,8,299,0,317,316,0,316,633
07/29/2000,MLB,FL,ASO,ES,Federal Contract Tower,9,7,99,0,115,0,0,152,0,152,9,7,251,0,267,274,0,274,541
07/30/2000,MLB,FL,ASO,ES,Federal Contract Tower,6,3,57,0,66,6,0,63,0,69,12,3,120,0,135,148,0,148,283
07/31/2000,MLB,FL,ASO,ES,Federal Contract Tower,10,8,122,0,140,0,0,130,0,130,10,8,252,0,270,404,11,415,685
08/01/2000,MLB,FL,ASO,ES,Federal Contract Tower,11,10,121,0,142,0,0,145,2,147,11,10,266,2,289,360,1,361,650
08/02/2000,MLB,FL,ASO,ES,Federal Contract Tower,8,7,109,0,124,3,0,142,4,149,11,7,251,4,273,398,0,398,671
08/03/2000,MLB,FL,ASO,ES,Federal Contract Tower,9,6,110,0,125,4,0,145,1,150,13,6,255,1,275,318,10,328,603
08/04/2000,MLB,FL,ASO,ES,Federal Contract Tower,9,8,103,0,120,0,3,142,2,147,9,11,245,2,267,124,1,125,392
08/05/2000,MLB,FL,ASO,ES,Federal Contract Tower,10,9,111,0,130,0,0,111,0,111,10,9,222,0,241,182,26,208,449
08/06/2000,MLB,FL,ASO,ES,Federal Contract Tower,5,4,66,0,75,5,0,55,0,60,10,4,121,0,135,98,0,98,233
08/07/2000,MLB,FL,ASO,ES,Federal Contract Tower,12,8,138,1,159,0,0,117,1,118,12,8,255,2,277,302,0,302,579
08/08/2000,MLB,FL,ASO,ES,Federal Contract Tower,10,11,156,0,177,0,2,119,0,121,10,13,275,0,298,224,0,224,522
08/09/2000,MLB,FL,ASO,ES,Federal Contract Tower,13,7,160,0,180,1,0,101,0,102,14,7,261,0,282,176,1,177,459
08/10/2000,MLB,FL,ASO,ES,Federal Contract Tower,9,10,137,1,157,0,0,132,1,133,9,10,269,2,290,212,1,213,503
08/11/2000,MLB,FL,ASO,ES,Federal Contract Tower,10,9,138,0,157,0,0,109,0,109,10,9,247,0,266,100,0,100,366
08/12/2000,MLB,FL,ASO,ES,Federal Contract Tower,7,6,82,0,95,2,1,75,0,78,9,7,157,0,173,76,0,76,249
08/13/2000,MLB,FL,ASO,ES,Federal Contract Tower,7,5,72,0,84,2,1,67,0,70,9,6,139,0,154,98,0,98,252
08/14/2000,MLB,FL,ASO,ES,Federal Contract Tower,10,8,107,0,125,3,2,84,0,89,13,10,191,0,214,122,0,122,336
08/15/2000,MLB,FL,ASO,ES,Federal Contract Tower,10,13,178,2,203,0,2,123,0,125,10,15,301,2,328,224,0,224,552
08/16/2000,MLB,FL,ASO,ES,Federal Contract Tower,12,7,155,0,174,0,0,116,0,116,12,7,271,0,290,291,0,291,581
08/17/2000,MLB,FL,ASO,ES,Federal Contract Tower,9,9,119,1,138,0,1,124,2,127,9,10,243,3,265,246,0,246,511
08/18/2000,MLB,FL,ASO,ES,Federal Contract Tower,10,7,102,0,119,0,3,131,0,134,10,10,233,0,253,306,0,306,559
08/19/2000,MLB,FL,ASO,ES,Federal Contract Tower,10,7,120,0,137,0,0,157,0,157,10,7,277,0,294,126,0,126,420
08/20/2000,MLB,FL,ASO,ES,Federal Contract Tower,9,5,95,0,109,3,0,86,0,89,12,5,181,0,198,142,0,142,340
08/21/2000,MLB,FL,ASO,ES,Federal Contract Tower,10,8,109,0,127,1,2,102,0,105,11,10,211,0,232,304,0,304,536
08/22/2000,MLB,FL,ASO,ES,Federal Contract Tower,8,10,138,0,156,0,0,87,0,87,8,10,225,0,243,132,0,132,375
08/23/2000,MLB,FL,ASO,ES,Federal Contract Tower,9,7,99,0,115,0,4,95,0,99,9,11,194,0,214,202,0,202,416
08/24/2000,MLB,FL,ASO,ES,Federal Contract Tower,12,6,120,0,138,1,0,142,0,143,13,6,262,0,281,310,0,310,591
08/25/2000,MLB,FL,ASO,ES,Federal Contract Tower,10,9,119,0,138,0,1,120,0,121,10,10,239,0,259,266,0,266,525
08/26/2000,MLB,FL,ASO,ES,Federal Contract Tower,10,6,100,0,116,0,0,148,0,148,10,6,248,0,264,220,0,220,484
08/27/2000,MLB,FL,ASO,ES,Federal Contract Tower,6,3,58,1,68,5,0,61,0,66,11,3,119,1,134,82,0,82,216
08/28/2000,MLB,FL,ASO,ES,Federal Contract Tower,8,6,87,0,101,3,6,120,0,129,11,12,207,0,230,260,0,260,490
08/29/2000,MLB,FL,ASO,ES,Federal Contract Tower,9,11,140,0,160,0,5,103,0,108,9,16,243,0,268,200,0,200,468
08/30/2000,MLB,FL,ASO,ES,Federal Contract Tower,10,7,126,0,143,0,0,133,6,139,10,7,259,6,282,378,0,378,660
08/31/2000,MLB,FL,ASO,ES,Federal Contract Tower,12,9,124,0,145,1,1,199,0,201,13,10,323,0,346,268,0,268,614
09/01/2000,MLB,FL,ASO,ES,Federal Contract Tower,10,9,105,0,124,0,2,190,1,193,10,11,295,1,317,306,0,306,623
09/02/2000,MLB,FL,ASO,ES,Federal Contract Tower,2,4,39,0,45,6,2,209,0,217,8,6,248,0,262,314,0,314,576
09/03/2000,MLB,FL,ASO,ES,Federal Contract Tower,2,3,30,0,35,6,5,80,0,91,8,8,110,0,126,124,0,124,250
09/04/2000,MLB,FL,ASO,ES,Federal Contract Tower,3,3,38,0,44,5,2,160,0,167,8,5,198,0,211,200,0,200,411
09/05/2000,MLB,FL,ASO,ES,Federal Contract Tower,6,5,70,0,81,3,4,138,0,145,9,9,208,0,226,254,0,254,480
09/06/2000,MLB,FL,ASO,ES,Federal Contract Tower,9,8,138,1,156,0,0,161,0,161,9,8,299,1,317,302,0,302,619
09/07/2000,MLB,FL,ASO,ES,Federal Contract Tower,10,8,109,0,127,1,2,138,0,141,11,10,247,0,268,186,0,186,454
09/08/2000,MLB,FL,ASO,ES,Federal Contract Tower,9,10,135,0,154,0,0,186,0,186,9,10,321,0,340,254,0,254,594
09/09/2000,MLB,FL,ASO,ES,Federal Contract Tower,8,7,88,1,104,1,0,113,5,119,9,7,201,6,223,192,0,192,415
09/10/2000,MLB,FL,ASO,ES,Federal Contract Tower,6,5,68,0,79,3,4,136,0,143,9,9,204,0,222,186,0,186,408
09/11/2000,MLB,FL,ASO,ES,Federal Contract Tower,11,8,104,1,124,0,2,191,1,194,11,10,295,2,318,400,0,400,718
09/12/2000,MLB,FL,ASO,ES,Federal Contract Tower,10,11,148,2,171,0,1,286,1,288,10,12,434,3,459,386,1,387,846
09/13/2000,MLB,FL,ASO,ES,Federal Contract Tower,12,9,144,0,165,0,0,240,0,240,12,9,384,0,405,542,0,542,947
09/14/2000,MLB,FL,ASO,ES,Federal Contract Tower,14,7,164,2,187,0,0,240,0,240,14,7,404,2,427,482,8,490,917
09/15/2000,MLB,FL,ASO,ES,Federal Contract Tower,7,5,65,0,77,3,6,197,0,206,10,11,262,0,283,388,1,389,672
09/16/2000,MLB,FL,ASO,ES,Federal Contract Tower,8,5,73,0,86,2,1,116,0,119,10,6,189,0,205,244,0,244,449
09/17/2000,MLB,FL,ASO,ES,Federal Contract Tower,4,3,35,0,42,9,0,0,0,9,13,3,35,0,51,0,0,0,51
09/18/2000,MLB,FL,ASO,ES,Federal Contract Tower,7,6,76,0,89,4,7,155,0,166,11,13,231,0,255,384,0,384,639
09/19/2000,MLB,FL,ASO,ES,Federal Contract Tower,12,8,158,0,178,0,0,166,0,166,12,8,324,0,344,406,0,406,750
09/20/2000,MLB,FL,ASO,ES,Federal Contract Tower,10,8,127,0,145,0,0,119,0,119,10,8,246,0,264,436,0,436,700
09/21/2000,MLB,FL,ASO,ES,Federal Contract Tower,12,7,122,0,141,2,0,170,0,172,14,7,292,0,313,474,0,474,787
09/22/2000,MLB,FL,ASO,ES,Federal Contract Tower,8,11,141,0,160,0,0,178,1,179,8,11,319,1,339,412,0,412,751
09/23/2000,MLB,FL,ASO,ES,Federal Contract Tower,7,6,72,0,85,2,1,222,2,227,9,7,294,2,312,643,0,643,955
09/24/2000,MLB,FL,ASO,ES,Federal Contract Tower,9,2,83,0,94,4,0,152,0,156,13,2,235,0,250,284,2,286,536
09/25/2000,MLB,FL,ASO,ES,Federal Contract Tower,9,11,132,0,152,0,3,189,1,193,9,14,321,1,345,584,0,584,929
09/26/2000,MLB,FL,ASO,ES,Federal Contract Tower,10,9,132,0,151,0,0,177,0,177,10,9,309,0,328,464,2,466,794
09/27/2000,MLB,FL,ASO,ES,Federal Contract Tower,9,6,141,0,156,0,0,202,0,202,9,6,343,0,358,568,0,568,926
09/28/2000,MLB,FL,ASO,ES,Federal Contract Tower,8,7,110,0,125,0,0,120,1,121,8,7,230,1,246,294,0,294,540
09/29/2000,MLB,FL,ASO,ES,Federal Contract Tower,9,8,191,0,208,0,0,200,0,200,9,8,391,0,408,464,0,464,872
09/30/2000,MLB,FL,ASO,ES,Federal Contract Tower,8,5,73,0,86,1,2,158,1,162,9,7,231,1,248,438,0,438,686
10/01/2000,MLB,FL,ASO,ES,Federal Contract Tower,8,6,106,0,120,3,0,115,0,118,11,6,221,0,238,138,0,138,376
10/02/2000,MLB,FL,ASO,ES,Federal Contract Tower,10,7,172,0,189,0,0,192,0,192,10,7,364,0,381,434,0,434,815
10/03/2000,MLB,FL,ASO,ES,Federal Contract Tower,11,8,195,0,214,0,0,39,0,39,11,8,234,0,253,98,0,98,351
10/04/2000,MLB,FL,ASO,ES,Federal Contract Tower,10,6,215,2,233,0,0,74,5,79,10,6,289,7,312,118,0,118,430
10/05/2000,MLB,FL,ASO,ES,Federal Contract Tower,10,8,158,0,176,0,0,271,0,271,10,8,429,0,447,696,0,696,1143
10/06/2000,MLB,FL,ASO,ES,Federal Contract Tower,8,6,132,1,147,0,0,251,10,261,8,6,383,11,408,628,0,628,1036
10/07/2000,MLB,FL,ASO,ES,Federal Contract Tower,10,3,126,0,139,0,0,199,0,199,10,3,325,0,338,464,0,464,802
10/08/2000,MLB,FL,ASO,ES,Federal Contract Tower,9,6,110,0,125,1,1,65,0,67,10,7,175,0,192,176,0,176,368
10/09/2000,MLB,FL,ASO,ES,Federal Contract Tower,7,4,87,0,98,3,5,43,0,51,10,9,130,0,149,42,0,42,191
10/10/2000,MLB,FL,ASO,ES,Federal Contract Tower,10,4,175,0,189,0,0,229,0,229,10,4,404,0,418,472,1,473,891
10/11/2000,MLB,FL,ASO,ES,Federal Contract Tower,10,5,131,0,146,0,0,231,0,231,10,5,362,0,377,556,0,556,933
10/12/2000,MLB,FL,ASO,ES,Federal Contract Tower,10,6,121,0,137,0,0,259,0,259,10,6,380,0,396,486,6,492,888
10/13/2000,MLB,FL,ASO,ES,Federal Contract Tower,10,7,191,3,211,0,0,291,7,298,10,7,482,10,509,566,12,578,1087
10/14/2000,MLB,FL,ASO,ES,Federal Contract Tower,9,5,103,1,118,1,3,325,0,329,10,8,428,1,447,714,5,719,1166
10/15/2000,MLB,FL,ASO,ES,Federal Contract Tower,9,5,109,2,125,1,2,172,5,180,10,7,281,7,305,228,0,228,533
10/16/2000,MLB,FL,ASO,ES,Federal Contract Tower,10,6,124,0,140,0,1,245,0,246,10,7,369,0,386,414,0,414,800
10/17/2000,MLB,FL,ASO,ES,Federal Contract Tower,7,4,82,0,93,4,2,266,0,272,11,6,348,0,365,532,0,532,897
10/18/2000,MLB,FL,ASO,ES,Federal Contract Tower,7,5,82,0,94,4,0,222,0,226,11,5,304,0,320,488,0,488,808
10/19/2000,MLB,FL,ASO,ES,Federal Contract Tower,11,6,161,0,178,0,0,213,0,213,11,6,374,0,391,260,0,260,651
10/20/2000,MLB,FL,ASO,ES,Federal Contract Tower,10,7,164,0,181,0,0,243,0,243,10,7,407,0,424,418,0,418,842
10/21/2000,MLB,FL,ASO,ES,Federal Contract Tower,8,5,99,0,112,2,3,108,0,113,10,8,207,0,225,158,0,158,383
10/22/2000,MLB,FL,ASO,ES,Federal Contract Tower,7,5,83,0,95,5,1,181,0,187,12,6,264,0,282,315,2,317,599
10/23/2000,MLB,FL,ASO,ES,Federal Contract Tower,10,6,127,2,145,0,2,179,1,182,10,8,306,3,327,232,1,233,560
10/24/2000,MLB,FL,ASO,ES,Federal Contract Tower,12,9,171,2,194,0,9,164,4,177,12,18,335,6,371,370,0,370,741
10/25/2000,MLB,FL,ASO,ES,Federal Contract Tower,9,5,115,0,129,2,0,286,0,288,11,5,401,0,417,704,0,704,1121
10/26/2000,MLB,FL,ASO,ES,Federal Contract Tower,12,9,185,0,206,0,0,346,0,346,12,9,531,0,552,564,0,564,1116
10/27/2000,MLB,FL,ASO,ES,Federal Contract Tower,14,9,171,0,194,0,0,254,0,254,14,9,425,0,448,356,0,356,804
10/28/2000,MLB,FL,ASO,ES,Federal Contract Tower,8,4,94,0,106,9,2,284,0,295,17,6,378,0,401,494,0,494,895
10/29/2000,MLB,FL,ASO,ES,Federal Contract Tower,7,5,96,0,108,7,1,109,0,117,14,6,205,0,225,142,0,142,367
10/30/2000,MLB,FL,ASO,ES,Federal Contract Tower,10,6,121,1,138,3,2,113,2,120,13,8,234,3,258,156,0,156,414
10/31/2000,MLB,FL,ASO,ES,Federal Contract Tower,14,8,163,0,185,0,1,274,0,275,14,9,437,0,460,424,0,424,884
11/01/2000,MLB,FL,ASO,ES,Federal Contract Tower,10,5,77,0,92,4,0,231,3,238,14,5,308,3,330,362,2,364,694
11/02/2000,MLB,FL,ASO,ES,Federal Contract Tower,7,6,60,0,73,8,2,290,0,300,15,8,350,0,373,414,0,414,787
11/03/2000,MLB,FL,ASO,ES,Federal Contract Tower,11,8,91,0,110,2,3,197,2,204,13,11,288,2,314,326,0,326,640
11/04/2000,MLB,FL,ASO,ES,Federal Contract Tower,13,6,109,0,128,0,0,199,0,199,13,6,308,0,327,324,1,325,652
11/05/2000,MLB,FL,ASO,ES,Federal Contract Tower,13,7,94,0,114,0,1,107,0,108,13,8,201,0,222,156,0,156,378
11/06/2000,MLB,FL,ASO,ES,Federal Contract Tower,9,5,69,0,83,6,0,111,0,117,15,5,180,0,200,208,0,208,408
11/07/2000,MLB,FL,ASO,ES,Federal Contract Tower,7,5,55,0,67,6,2,254,0,262,13,7,309,0,329,356,0,356,685
11/08/2000,MLB,FL,ASO,ES,Federal Contract Tower,10,9,140,0,159,0,0,213,0,213,10,9,353,0,372,322,0,322,694
11/09/2000,MLB,FL,ASO,ES,Federal Contract Tower,12,6,121,0,139,0,0,196,0,196,12,6,317,0,335,148,0,148,483
11/10/2000,MLB,FL,ASO,ES,Federal Contract Tower,12,8,130,0,150,0,0,174,0,174,12,8,304,0,324,238,0,238,562
11/11/2000,MLB,FL,ASO,ES,Federal Contract Tower,15,6,109,0,130,1,0,191,0,192,16,6,300,0,322,272,0,272,594
11/12/2000,MLB,FL,ASO,ES,Federal Contract Tower,13,6,87,0,106,1,0,139,0,140,14,6,226,0,246,190,0,190,436
11/13/2000,MLB,FL,ASO,ES,Federal Contract Tower,16,5,143,0,164,0,0,198,0,198,16,5,341,0,362,262,6,268,630
11/14/2000,MLB,FL,ASO,ES,Federal Contract Tower,11,5,74,0,90,3,1,119,0,123,14,6,193,0,213,206,2,208,421
11/15/2000,MLB,FL,ASO,ES,Federal Contract Tower,8,3,51,0,62,6,3,195,0,204,14,6,246,0,266,302,0,302,568
11/16/2000,MLB,FL,ASO,ES,Federal Contract Tower,6,2,38,0,46,6,7,222,0,235,12,9,260,0,281,318,0,318,599
11/17/2000,MLB,FL,ASO,ES,Federal Contract Tower,15,4,103,0,122,0,0,156,0,156,15,4,259,0,278,186,2,188,466
11/18/2000,MLB,FL,ASO,ES,Federal Contract Tower,14,6,94,0,114,3,0,198,0,201,17,6,292,0,315,244,0,244,559
11/19/2000,MLB,FL,ASO,ES,Federal Contract Tower,11,6,77,0,94,1,2,106,0,109,12,8,183,0,203,118,0,118,321
11/20/2000,MLB,FL,ASO,ES,Federal Contract Tower,9,8,105,1,123,0,1,85,11,97,9,9,190,12,220,148,0,148,368
11/21/2000,MLB,FL,ASO,ES,Federal Contract Tower,13,6,89,0,108,0,3,165,0,168,13,9,254,0,276,174,0,174,450
11/22/2000,MLB,FL,ASO,ES,Federal Contract Tower,13,6,93,0,112,0,1,192,0,193,13,7,285,0,305,166,0,166,471
11/23/2000,MLB,FL,ASO,ES,Federal Contract Tower,4,1,23,0,28,7,5,54,0,66,11,6,77,0,94,38,0,38,132
11/24/2000,MLB,FL,ASO,ES,Federal Contract Tower,10,4,64,0,78,1,2,88,0,91,11,6,152,0,169,104,0,104,273
11/25/2000,MLB,FL,ASO,ES,Federal Contract Tower,10,5,70,0,85,4,3,15,0,22,14,8,85,0,107,6,0,6,113
11/26/2000,MLB,FL,ASO,ES,Federal Contract Tower,14,7,95,0,116,1,2,63,0,66,15,9,158,0,182,58,0,58,240
11/27/2000,MLB,FL,ASO,ES,Federal Contract Tower,12,7,108,0,127,0,1,209,0,210,12,8,317,0,337,274,2,276,613
11/28/2000,MLB,FL,ASO,ES,Federal Contract Tower,13,7,135,2,157,0,0,258,1,259,13,7,393,3,416,456,0,456,872
11/29/2000,MLB,FL,ASO,ES,Federal Contract Tower,13,6,157,2,178,0,0,180,2,182,13,6,337,4,360,324,0,324,684
11/30/2000,MLB,FL,ASO,ES,Federal Contract Tower,16,6,190,1,213,0,0,198,0,198,16,6,388,1,411,238,0,238,649
12/01/2000,MLB,FL,ASO,ES,Federal Contract Tower,10,6,62,1,79,4,2,177,0,183,14,8,239,1,262,358,0,358,620
12/02/2000,MLB,FL,ASO,ES,Federal Contract Tower,8,5,51,0,64,4,2,187,0,193,12,7,238,0,257,288,0,288,545
12/03/2000,MLB,FL,ASO,ES,Federal Contract Tower,13,7,86,0,106,0,0,40,0,40,13,7,126,0,146,46,0,46,192
12/04/2000,MLB,FL,ASO,ES,Federal Contract Tower,10,6,64,0,80,3,2,173,0,178,13,8,237,0,258,230,0,230,488
12/05/2000,MLB,FL,ASO,ES,Federal Contract Tower,17,6,111,0,134,0,0,183,0,183,17,6,294,0,317,194,0,194,511
12/06/2000,MLB,FL,ASO,ES,Federal Contract Tower,13,6,110,0,129,0,0,186,0,186,13,6,296,0,315,348,0,348,663
12/07/2000,MLB,FL,ASO,ES,Federal Contract Tower,14,7,128,2,151,0,0,202,2,204,14,7,330,4,355,344,8,352,707
12/08/2000,MLB,FL,ASO,ES,Federal Contract Tower,13,8,84,1,106,0,1,207,5,213,13,9,291,6,319,372,0,372,691
12/09/2000,MLB,FL,ASO,ES,Federal Contract Tower,13,6,76,0,95,3,0,162,0,165,16,6,238,0,260,274,0,274,534
12/10/2000,MLB,FL,ASO,ES,Federal Contract Tower,8,5,46,0,59,3,2,148,0,153,11,7,194,0,212,238,0,238,450
12/11/2000,MLB,FL,ASO,ES,Federal Contract Tower,11,6,81,0,98,0,0,113,0,113,11,6,194,0,211,194,0,194,405
12/12/2000,MLB,FL,ASO,ES,Federal Contract Tower,14,7,102,0,123,0,0,101,0,101,14,7,203,0,224,212,0,212,436
12/13/2000,MLB,FL,ASO,ES,Federal Contract Tower,9,4,51,2,66,2,3,120,3,128,11,7,171,5,194,224,10,234,428
12/14/2000,MLB,FL,ASO,ES,Federal Contract Tower,9,6,71,1,87,0,2,155,0,157,9,8,226,1,244,262,0,262,506
12/15/2000,MLB,FL,ASO,ES,Federal Contract Tower,13,10,123,3,149,0,0,121,13,134,13,10,244,16,283,174,0,174,457
12/16/2000,MLB,FL,ASO,ES,Federal Contract Tower,12,5,71,2,90,2,0,127,0,129,14,5,198,2,219,124,6,130,349
12/17/2000,MLB,FL,ASO,ES,Federal Contract Tower,11,7,78,0,96,0,0,50,0,50,11,7,128,0,146,34,0,34,180
12/18/2000,MLB,FL,ASO,ES,Federal Contract Tower,14,7,126,0,147,0,0,151,0,151,14,7,277,0,298,156,0,156,454
12/19/2000,MLB,FL,ASO,ES,Federal Contract Tower,14,5,94,2,115,0,0,68,1,69,14,5,162,3,184,18,0,18,202
12/20/2000,MLB,FL,ASO,ES,Federal Contract Tower,13,7,77,0,97,0,0,81,0,81,13,7,158,0,178,102,0,102,280
12/21/2000,MLB,FL,ASO,ES,Federal Contract Tower,9,9,102,3,123,0,2,74,0,76,9,11,176,3,199,66,0,66,265
12/22/2000,MLB,FL,ASO,ES,Federal Contract Tower,14,4,80,2,100,1,0,78,2,81,15,4,158,4,181,40,10,50,231
12/23/2000,MLB,FL,ASO,ES,Federal Contract Tower,10,5,57,0,72,3,2,43,0,48,13,7,100,0,120,18,0,18,138
12/24/2000,MLB,FL,ASO,ES,Federal Contract Tower,6,3,34,0,43,9,5,4,0,18,15,8,38,0,61,10,0,10,71
12/25/2000,MLB,FL,ASO,ES,Federal Contract Tower,4,2,25,0,31,10,4,9,0,23,14,6,34,0,54,6,0,6,60
12/26/2000,MLB,FL,ASO,ES,Federal Contract Tower,11,6,71,0,88,0,1,78,0,79,11,7,149,0,167,34,0,34,201
12/27/2000,MLB,FL,ASO,ES,Federal Contract Tower,11,6,68,1,86,0,1,92,1,94,11,7,160,2,180,72,0,72,252
12/28/2000,MLB,FL,ASO,ES,Federal Contract Tower,11,6,67,0,84,2,2,25,0,29,13,8,92,0,113,6,0,6,119
12/29/2000,MLB,FL,ASO,ES,Federal Contract Tower,15,7,86,1,109,0,0,46,0,46,15,7,132,1,155,26,0,26,181
12/30/2000,MLB,FL,ASO,ES,Federal Contract Tower,9,4,50,0,63,1,3,63,0,67,10,7,113,0,130,32,0,32,162
12/31/2000,MLB,FL,ASO,ES,Federal Contract Tower,6,3,35,0,44,7,2,59,0,68,13,5,94,0,112,12,0,12,124
01/01/2001,MLB,FL,ASO,ES,Federal Contract Tower,10,6,50,1,67,4,1,62,1,68,14,7,112,2,135,42,0,42,177
01/02/2001,MLB,FL,ASO,ES,Federal Contract Tower,14,7,72,0,93,0,0,57,0,57,14,7,129,0,150,38,0,38,188
01/03/2001,MLB,FL,ASO,ES,Federal Contract Tower,12,5,73,0,90,0,0,105,0,105,12,5,178,0,195,94,0,94,289
01/04/2001,MLB,FL,ASO,ES,Federal Contract Tower,11,6,54,0,71,0,0,72,0,72,11,6,126,0,143,38,0,38,181
01/05/2001,MLB,FL,ASO,ES,Federal Contract Tower,13,9,89,0,111,0,0,100,0,100,13,9,189,0,211,74,0,74,285
01/06/2001,MLB,FL,ASO,ES,Federal Contract Tower,12,7,67,0,86,0,0,119,0,119,12,7,186,0,205,112,0,112,317
01/07/2001,MLB,FL,ASO,ES,Federal Contract Tower,15,6,73,0,94,0,0,81,0,81,15,6,154,0,175,46,6,52,227
01/08/2001,MLB,FL,ASO,ES,Federal Contract Tower,12,9,75,0,96,0,0,88,0,88,12,9,163,0,184,84,0,84,268
01/09/2001,MLB,FL,ASO,ES,Federal Contract Tower,14,7,92,0,113,0,0,109,0,109,14,7,201,0,222,146,0,146,368
01/10/2001,MLB,FL,ASO,ES,Federal Contract Tower,13,6,56,1,76,0,1,174,0,175,13,7,230,1,251,274,0,274,525
01/11/2001,MLB,FL,ASO,ES,Federal Contract Tower,11,6,53,0,70,9,0,189,0,198,20,6,242,0,268,296,0,296,564
01/12/2001,MLB,FL,ASO,ES,Federal Contract Tower,12,5,50,2,69,3,2,182,0,187,15,7,232,2,256,330,0,330,586
01/13/2001,MLB,FL,ASO,ES,Federal Contract Tower,9,4,38,0,51,5,3,167,0,175,14,7,205,0,226,386,0,386,612
01/14/2001,MLB,FL,ASO,ES,Federal Contract Tower,9,5,39,0,53,4,5,129,0,138,13,10,168,0,191,166,0,166,357
01/15/2001,MLB,FL,ASO,ES,Federal Contract Tower,10,4,42,0,56,2,3,136,0,141,12,7,178,0,197,298,0,298,495
01/16/2001,MLB,FL,ASO,ES,Federal Contract Tower,10,5,44,2,61,6,3,171,0,180,16,8,215,2,241,367,0,367,608
01/17/2001,MLB,FL,ASO,ES,Federal Contract Tower,11,5,47,2,65,4,1,216,1,222,15,6,263,3,287,538,1,539,826
01/18/2001,MLB,FL,ASO,ES,Federal Contract Tower,13,3,58,0,74,3,0,177,0,180,16,3,235,0,254,296,0,296,550
01/19/2001,MLB,FL,ASO,ES,Federal Contract Tower,9,4,36,0,49,6,1,124,0,131,15,5,160,0,180,220,0,220,400
01/20/2001,MLB,FL,ASO,ES,Federal Contract Tower,7,4,30,0,41,7,6,16,0,29,14,10,46,0,70,36,0,36,106
01/21/2001,MLB,FL,ASO,ES,Federal Contract Tower,10,4,41,0,55,3,4,104,0,111,13,8,145,0,166,180,0,180,346
01/22/2001,MLB,FL,ASO,ES,Federal Contract Tower,12,10,110,2,134,0,0,91,2,93,12,10,201,4,227,102,0,102,329
01/23/2001,MLB,FL,ASO,ES,Federal Contract Tower,10,5,48,1,64,6,3,71,5,85,16,8,119,6,149,54,0,54,203
01/24/2001,MLB,FL,ASO,ES,Federal Contract Tower,16,7,92,2,117,0,0,280,0,280,16,7,372,2,397,474,0,474,871
01/25/2001,MLB,FL,ASO,ES,Federal Contract Tower,15,8,68,0,91,0,0,231,0,231,15,8,299,0,322,360,0,360,682
01/26/2001,MLB,FL,ASO,ES,Federal Contract Tower,14,7,87,2,110,0,0,268,1,269,14,7,355,3,379,440,0,440,819
01/27/2001,MLB,FL,ASO,ES,Federal Contract Tower,15,5,80,0,100,0,0,245,0,245,15,5,325,0,345,486,0,486,831
01/28/2001,MLB,FL,ASO,ES,Federal Contract Tower,7,4,32,0,43,6,4,141,0,151,13,8,173,0,194,192,0,192,386
01/29/2001,MLB,FL,ASO,ES,Federal Contract Tower,14,6,109,2,131,0,0,154,14,168,14,6,263,16,299,322,0,322,621
01/30/2001,MLB,FL,ASO,ES,Federal Contract Tower,15,9,77,1,102,0,1,164,7,172,15,10,241,8,274,194,2,196,470
01/31/2001,MLB,FL,ASO,ES,Federal Contract Tower,13,9,99,0,121,0,0,169,0,169,13,9,268,0,290,254,0,254,544
02/01/2001,MLB,FL,ASO,ES,Federal Contract Tower,10,7,102,1,120,4,1,84,0,89,14,8,186,1,209,118,0,118,327
02/02/2001,MLB,FL,ASO,ES,Federal Contract Tower,10,7,102,0,119,6,0,74,0,80,16,7,176,0,199,9,16,25,224
02/03/2001,MLB,FL,ASO,ES,Federal Contract Tower,12,7,111,0,130,0,0,110,0,110,12,7,221,0,240,180,0,180,420
02/04/2001,MLB,FL,ASO,ES,Federal Contract Tower,10,6,94,0,110,3,0,27,0,30,13,6,121,0,140,16,0,16,156
02/05/2001,MLB,FL,ASO,ES,Federal Contract Tower,12,7,112,1,132,0,0,235,3,238,12,7,347,4,370,438,0,438,808
02/06/2001,MLB,FL,ASO,ES,Federal Contract Tower,10,6,88,0,104,6,2,230,2,240,16,8,318,2,344,526,0,526,870
02/07/2001,MLB,FL,ASO,ES,Federal Contract Tower,12,5,113,0,130,3,0,238,0,241,15,5,351,0,371,396,6,402,773
02/08/2001,MLB,FL,ASO,ES,Federal Contract Tower,12,7,157,1,177,0,0,232,9,241,12,7,389,10,418,416,0,416,834
02/09/2001,MLB,FL,ASO,ES,Federal Contract Tower,14,7,146,0,167,0,0,245,0,245,14,7,391,0,412,378,0,378,790
02/10/2001,MLB,FL,ASO,ES,Federal Contract Tower,14,6,139,0,159,0,0,255,0,255,14,6,394,0,414,424,0,424,838
02/11/2001,MLB,FL,ASO,ES,Federal Contract Tower,11,5,90,0,106,2,2,133,0,137,13,7,223,0,243,248,0,248,491
02/12/2001,MLB,FL,ASO,ES,Federal Contract Tower,12,6,154,0,172,0,0,107,0,107,12,6,261,0,279,132,0,132,411
02/13/2001,MLB,FL,ASO,ES,Federal Contract Tower,17,8,172,0,197,0,0,112,0,112,17,8,284,0,309,191,0,191,500
02/14/2001,MLB,FL,ASO,ES,Federal Contract Tower,7,3,55,0,65,3,1,156,0,160,10,4,211,0,225,324,0,324,549
02/15/2001,MLB,FL,ASO,ES,Federal Contract Tower,15,7,188,0,210,0,0,251,0,251,15,7,439,0,461,396,2,398,859
02/16/2001,MLB,FL,ASO,ES,Federal Contract Tower,12,7,123,2,144,0,2,205,0,207,12,9,328,2,351,266,50,316,667
02/17/2001,MLB,FL,ASO,ES,Federal Contract Tower,11,5,92,0,108,1,2,116,0,119,12,7,208,0,227,146,0,146,373
02/18/2001,MLB,FL,ASO,ES,Federal Contract Tower,14,7,120,0,141,0,1,117,0,118,14,8,237,0,259,224,0,224,483
02/19/2001,MLB,FL,ASO,ES,Federal Contract Tower,12,8,177,0,197,0,0,229,0,229,12,8,406,0,426,314,0,314,740
02/20/2001,MLB,FL,ASO,ES,Federal Contract Tower,16,6,144,2,168,0,0,261,0,261,16,6,405,2,429,466,22,488,917
02/21/2001,MLB,FL,ASO,ES,Federal Contract Tower,14,6,112,0,132,1,0,228,0,229,15,6,340,0,361,468,0,468,829
02/22/2001,MLB,FL,ASO,ES,Federal Contract Tower,13,10,154,0,177,0,5,187,0,192,13,15,341,0,369,374,0,374,743
02/23/2001,MLB,FL,ASO,ES,Federal Contract Tower,13,6,113,1,133,3,1,128,0,132,16,7,241,1,265,88,0,88,353
02/24/2001,MLB,FL,ASO,ES,Federal Contract Tower,9,4,72,0,85,5,4,104,0,113,14,8,176,0,198,156,0,156,354
02/25/2001,MLB,FL,ASO,ES,Federal Contract Tower,6,2,49,0,57,8,6,128,0,142,14,8,177,0,199,140,0,140,339
02/26/2001,MLB,FL,ASO,ES,Federal Contract Tower,15,5,127,1,148,0,0,199,3,202,15,5,326,4,350,370,0,370,720
02/27/2001,MLB,FL,ASO,ES,Federal Contract Tower,14,7,133,1,155,0,0,266,3,269,14,7,399,4,424,436,0,436,860
02/28/2001,MLB,FL,ASO,ES,Federal Contract Tower,13,6,113,1,133,4,2,161,6,173,17,8,274,7,306,298,0,298,604
03/01/2001,MLB,FL,ASO,ES,Federal Contract Tower,14,6,98,1,119,0,0,192,1,193,14,6,290,2,312,336,20,356,668
03/02/2001,MLB,FL,ASO,ES,Federal Contract Tower,15,7,110,2,134,0,0,183,2,185,15,7,293,4,319,258,0,258,577
03/03/2001,MLB,FL,ASO,ES,Federal Contract Tower,12,5,90,1,108,4,0,111,1,116,16,5,201,2,224,94,0,94,318
03/04/2001,MLB,FL,ASO,ES,Federal Contract Tower,6,4,45,0,55,11,4,7,0,22,17,8,52,0,77,8,0,8,85
03/05/2001,MLB,FL,ASO,ES,Federal Contract Tower,12,4,89,0,105,2,0,77,0,79,14,4,166,0,184,48,0,48,232
03/06/2001,MLB,FL,ASO,ES,Federal Contract Tower,13,7,98,1,119,5,1,59,1,66,18,8,157,2,185,52,0,52,237
03/07/2001,MLB,FL,ASO,ES,Federal Contract Tower,12,5,86,0,103,5,0,144,0,149,17,5,230,0,252,226,0,226,478
03/08/2001,MLB,FL,ASO,ES,Federal Contract Tower,16,7,125,2,150,0,0,226,12,238,16,7,351,14,388,352,0,352,740
03/09/2001,MLB,FL,ASO,ES,Federal Contract Tower,13,6,93,0,112,5,0,211,0,216,18,6,304,0,328,218,0,218,546
03/10/2001,MLB,FL,ASO,ES,Federal Contract Tower,13,8,126,0,147,0,0,147,0,147,13,8,273,0,294,202,0,202,496
03/11/2001,MLB,FL,ASO,ES,Federal Contract Tower,14,6,101,0,121,5,0,110,0,115,19,6,211,0,236,96,0,96,332
03/12/2001,MLB,FL,ASO,ES,Federal Contract Tower,14,8,138,2,162,0,0,148,0,148,14,8,286,2,310,170,0,170,480
03/13/2001,MLB,FL,ASO,ES,Federal Contract Tower,12,5,89,0,106,7,0,30,0,37,19,5,119,0,143,54,0,54,197
03/14/2001,MLB,FL,ASO,ES,Federal Contract Tower,15,7,132,2,156,0,0,233,0,233,15,7,365,2,389,472,0,472,861
03/15/2001,MLB,FL,ASO,ES,Federal Contract Tower,17,7,141,0,165,0,0,118,0,118,17,7,259,0,283,106,0,106,389
03/16/2001,MLB,FL,ASO,ES,Federal Contract Tower,16,7,132,2,157,0,0,198,0,198,16,7,330,2,355,312,0,312,667
03/17/2001,MLB,FL,ASO,ES,Federal Contract Tower,12,4,80,0,96,4,0,198,0,202,16,4,278,0,298,411,0,411,709
03/18/2001,MLB,FL,ASO,ES,Federal Contract Tower,16,7,114,0,137,0,0,92,0,92,16,7,206,0,229,296,0,296,525
03/19/2001,MLB,FL,ASO,ES,Federal Contract Tower,15,6,96,2,119,2,5,0,0,7,17,11,96,2,126,4,0,4,130
03/20/2001,MLB,FL,ASO,ES,Federal Contract Tower,16,7,159,4,186,0,0,148,10,158,16,7,307,14,344,272,0,272,616
03/21/2001,MLB,FL,ASO,ES,Federal Contract Tower,17,5,115,2,139,0,0,160,0,160,17,5,275,2,299,224,0,224,523
03/22/2001,MLB,FL,ASO,ES,Federal Contract Tower,16,7,123,2,148,0,2,284,0,286,16,9,407,2,434,366,0,366,800
03/23/2001,MLB,FL,ASO,ES,Federal Contract Tower,18,7,183,4,212,0,0,276,2,278,18,7,459,6,490,462,0,462,952
03/24/2001,MLB,FL,ASO,ES,Federal Contract Tower,14,6,110,0,130,0,14,251,0,265,14,20,361,0,395,360,0,360,755
03/25/2001,MLB,FL,ASO,ES,Federal Contract Tower,12,4,79,0,95,3,3,208,0,214,15,7,287,0,309,260,0,260,569
03/26/2001,MLB,FL,ASO,ES,Federal Contract Tower,17,8,132,3,160,0,0,182,2,184,17,8,314,5,344,326,0,326,670
03/27/2001,MLB,FL,ASO,ES,Federal Contract Tower,18,8,164,2,192,0,0,238,0,238,18,8,402,2,430,438,0,438,868
03/28/2001,MLB,FL,ASO,ES,Federal Contract Tower,18,5,165,3,191,0,0,211,0,211,18,5,376,3,402,368,0,368,770
03/29/2001,MLB,FL,ASO,ES,Federal Contract Tower,11,4,76,0,91,5,1,19,0,25,16,5,95,0,116,40,0,40,156
03/30/2001,MLB,FL,ASO,ES,Federal Contract Tower,14,5,91,0,110,0,1,77,0,78,14,6,168,0,188,100,0,100,288
03/31/2001,MLB,FL,ASO,ES,Federal Contract Tower,14,6,98,0,118,1,1,70,0,72,15,7,168,0,190,184,0,184,374
04/01/2001,MLB,FL,ASO,ES,Federal Contract Tower,16,11,80,0,107,0,0,158,0,158,16,11,238,0,265,242,0,242,507
04/02/2001,MLB,FL,ASO,ES,Federal Contract Tower,14,4,147,0,165,0,0,207,0,207,14,4,354,0,372,350,0,350,722
04/03/2001,MLB,FL,ASO,ES,Federal Contract Tower,17,4,90,0,111,0,0,271,0,271,17,4,361,0,382,338,0,338,720
04/04/2001,MLB,FL,ASO,ES,Federal Contract Tower,14,5,69,0,88,0,0,211,0,211,14,5,280,0,299,538,0,538,837
04/05/2001,MLB,FL,ASO,ES,Federal Contract Tower,15,7,113,0,135,0,0,188,0,188,15,7,301,0,323,412,0,412,735
04/06/2001,MLB,FL,ASO,ES,Federal Contract Tower,12,6,85,2,105,0,0,233,0,233,12,6,318,2,338,384,0,384,722
04/07/2001,MLB,FL,ASO,ES,Federal Contract Tower,15,3,93,0,111,0,0,217,0,217,15,3,310,0,328,352,0,352,680
04/08/2001,MLB,FL,ASO,ES,Federal Contract Tower,14,5,47,0,66,0,0,165,0,165,14,5,212,0,231,302,0,302,533
04/09/2001,MLB,FL,ASO,ES,Federal Contract Tower,17,5,86,1,109,0,0,193,0,193,17,5,279,1,302,266,0,266,568
04/10/2001,MLB,FL,ASO,ES,Federal Contract Tower,15,7,113,0,135,0,0,258,0,258,15,7,371,0,393,362,0,362,755
04/11/2001,MLB,FL,ASO,ES,Federal Contract Tower,9,4,104,4,121,0,0,230,0,230,9,4,334,4,351,328,0,328,679
04/12/2001,MLB,FL,ASO,ES,Federal Contract Tower,12,7,108,10,137,0,0,230,0,230,12,7,338,10,367,224,0,224,591
04/13/2001,MLB,FL,ASO,ES,Federal Contract Tower,15,6,85,0,106,0,0,235,0,235,15,6,320,0,341,312,0,312,653
04/14/2001,MLB,FL,ASO,ES,Federal Contract Tower,13,6,66,0,85,0,0,161,0,161,13,6,227,0,246,186,0,186,432
04/15/2001,MLB,FL,ASO,ES,Federal Contract Tower,15,5,36,0,56,0,0,78,0,78,15,5,114,0,134,150,0,150,284
04/16/2001,MLB,FL,ASO,ES,Federal Contract Tower,15,8,75,4,102,0,0,171,0,171,15,8,246,4,273,310,0,310,583
04/17/2001,MLB,FL,ASO,ES,Federal Contract Tower,14,11,92,0,117,0,0,194,0,194,14,11,286,0,311,300,4,304,615
04/18/2001,MLB,FL,ASO,ES,Federal Contract Tower,16,8,57,3,84,0,0,167,0,167,16,8,224,3,251,210,3,213,464
04/19/2001,MLB,FL,ASO,ES,Federal Contract Tower,13,8,99,0,120,0,0,195,0,195,13,8,294,0,315,478,0,478,793
04/20/2001,MLB,FL,ASO,ES,Federal Contract Tower,16,6,87,1,110,0,0,274,0,274,16,6,361,1,384,316,2,318,702
04/21/2001,MLB,FL,ASO,ES,Federal Contract Tower,16,5,90,0,111,0,0,177,0,177,16,5,267,0,288,290,0,290,578
04/22/2001,MLB,FL,ASO,ES,Federal Contract Tower,16,6,70,0,92,0,0,182,0,182,16,6,252,0,274,234,0,234,508
04/23/2001,MLB,FL,ASO,ES,Federal Contract Tower,16,7,119,0,142,0,0,183,0,183,16,7,302,0,325,344,0,344,669
04/24/2001,MLB,FL,ASO,ES,Federal Contract Tower,13,7,112,2,134,0,0,249,0,249,13,7,361,2,383,398,0,398,781
04/25/2001,MLB,FL,ASO,ES,Federal Contract Tower,16,9,89,0,114,0,0,159,0,159,16,9,248,0,273,222,0,222,495
04/26/2001,MLB,FL,ASO,ES,Federal Contract Tower,14,8,129,2,153,0,0,83,0,83,14,8,212,2,236,30,0,30,266
04/27/2001,MLB,FL,ASO,ES,Federal Contract Tower,13,7,94,3,117,0,0,211,0,211,13,7,305,3,328,368,0,368,696
04/28/2001,MLB,FL,ASO,ES,Federal Contract Tower,17,5,54,0,76,0,0,201,0,201,17,5,255,0,277,398,0,398,675
04/29/2001,MLB,FL,ASO,ES,Federal Contract Tower,14,6,44,4,68,0,0,108,0,108,14,6,152,4,176,178,0,178,354
04/30/2001,MLB,FL,ASO,ES,Federal Contract Tower,14,6,72,0,92,0,0,25,0,25,14,6,97,0,117,86,0,86,203
05/01/2001,MLB,FL,ASO,ES,Federal Contract Tower,16,8,106,7,137,0,0,97,0,97,16,8,203,7,234,152,0,152,386
05/02/2001,MLB,FL,ASO,ES,Federal Contract Tower,12,5,104,2,123,0,0,176,0,176,12,5,280,2,299,278,0,278,577
05/03/2001,MLB,FL,ASO,ES,Federal Contract Tower,14,6,57,6,83,0,0,77,0,77,14,6,134,6,160,44,0,44,204
05/04/2001,MLB,FL,ASO,ES,Federal Contract Tower,16,8,84,0,108,0,0,186,0,186,16,8,270,0,294,252,0,252,546
05/05/2001,MLB,FL,ASO,ES,Federal Contract Tower,13,6,64,2,85,0,2,172,2,176,13,8,236,4,261,232,0,232,493
05/06/2001,MLB,FL,ASO,ES,Federal Contract Tower,15,7,30,12,64,0,0,142,0,142,15,7,172,12,206,228,0,228,434
05/07/2001,MLB,FL,ASO,ES,Federal Contract Tower,15,7,58,4,84,0,0,173,0,173,15,7,231,4,257,330,0,330,587
05/08/2001,MLB,FL,ASO,ES,Federal Contract Tower,15,8,92,0,115,0,0,157,0,157,15,8,249,0,272,468,0,468,740
05/09/2001,MLB,FL,ASO,ES,Federal Contract Tower,16,6,60,4,86,0,0,169,0,169,16,6,229,4,255,326,12,338,593
05/10/2001,MLB,FL,ASO,ES,Federal Contract Tower,17,8,80,0,105,0,0,211,0,211,17,8,291,0,316,278,0,278,594
05/11/2001,MLB,FL,ASO,ES,Federal Contract Tower,16,9,85,1,111,0,0,175,0,175,16,9,260,1,286,280,0,280,566
05/12/2001,MLB,FL,ASO,ES,Federal Contract Tower,17,7,53,1,78,0,0,189,0,189,17,7,242,1,267,256,0,256,523
05/13/2001,MLB,FL,ASO,ES,Federal Contract Tower,21,8,66,2,97,0,0,68,0,68,21,8,134,2,165,122,0,122,287
05/14/2001,MLB,FL,ASO,ES,Federal Contract Tower,13,7,53,0,73,0,0,168,0,168,13,7,221,0,241,330,0,330,571
05/15/2001,MLB,FL,ASO,ES,Federal Contract Tower,12,7,82,6,107,0,0,190,0,190,12,7,272,6,297,454,0,454,751
05/16/2001,MLB,FL,ASO,ES,Federal Contract Tower,13,7,85,2,107,0,0,174,0,174,13,7,259,2,281,358,0,358,639
05/17/2001,MLB,FL,ASO,ES,Federal Contract Tower,13,9,72,3,97,0,0,184,0,184,13,9,256,3,281,432,6,438,719
05/18/2001,MLB,FL,ASO,ES,Federal Contract Tower,14,8,71,1,94,0,0,204,0,204,14,8,275,1,298,434,0,434,732
05/19/2001,MLB,FL,ASO,ES,Federal Contract Tower,17,5,51,0,73,0,0,195,0,195,17,5,246,0,268,352,0,352,620
05/20/2001,MLB,FL,ASO,ES,Federal Contract Tower,15,7,17,0,39,0,0,162,0,162,15,7,179,0,201,224,0,224,425
05/21/2001,MLB,FL,ASO,ES,Federal Contract Tower,17,6,54,0,77,0,0,184,0,184,17,6,238,0,261,244,0,244,505
05/22/2001,MLB,FL,ASO,ES,Federal Contract Tower,12,7,77,0,96,0,0,162,0,162,12,7,239,0,258,304,0,304,562
05/23/2001,MLB,FL,ASO,ES,Federal Contract Tower,14,7,79,0,100,0,0,36,0,36,14,7,115,0,136,38,0,38,174
05/24/2001,MLB,FL,ASO,ES,Federal Contract Tower,13,6,88,2,109,0,0,206,0,206,13,6,294,2,315,416,0,416,731
05/25/2001,MLB,FL,ASO,ES,Federal Contract Tower,19,6,115,1,141,0,0,128,0,128,19,6,243,1,269,250,0,250,519
05/26/2001,MLB,FL,ASO,ES,Federal Contract Tower,15,6,92,0,113,0,0,117,0,117,15,6,209,0,230,162,0,162,392
05/27/2001,MLB,FL,ASO,ES,Federal Contract Tower,12,7,59,0,78,0,0,71,0,71,12,7,130,0,149,122,0,122,271
05/28/2001,MLB,FL,ASO,ES,Federal Contract Tower,12,9,65,1,87,0,0,127,0,127,12,9,192,1,214,210,2,212,426
05/29/2001,MLB,FL,ASO,ES,Federal Contract Tower,11,7,94,0,112,0,0,143,0,143,11,7,237,0,255,256,0,256,511
05/30/2001,MLB,FL,ASO,ES,Federal Contract Tower,15,7,122,0,144,0,0,196,0,196,15,7,318,0,340,386,0,386,726
05/31/2001,MLB,FL,ASO,ES,Federal Contract Tower,15,9,86,0,110,0,0,166,0,166,15,9,252,0,276,294,2,296,572
06/01/2001,MLB,FL,ASO,ES,Federal Contract Tower,13,10,86,2,111,1,0,94,0,95,14,10,180,2,206,140,0,140,346
06/02/2001,MLB,FL,ASO,ES,Federal Contract Tower,17,8,45,0,70,1,0,110,0,111,18,8,155,0,181,190,0,190,371
06/03/2001,MLB,FL,ASO,ES,Federal Contract Tower,11,5,32,0,48,1,0,78,0,79,12,5,110,0,127,182,0,182,309
06/04/2001,MLB,FL,ASO,ES,Federal Contract Tower,14,6,62,2,84,1,0,140,0,141,15,6,202,2,225,342,0,342,567
06/05/2001,MLB,FL,ASO,ES,Federal Contract Tower,13,7,107,1,128,1,0,134,0,135,14,7,241,1,263,314,0,314,577
06/06/2001,MLB,FL,ASO,ES,Federal Contract Tower,13,8,55,0,76,0,1,151,0,152,13,9,206,0,228,396,0,396,624
06/07/2001,MLB,FL,ASO,ES,Federal Contract Tower,15,7,68,0,90,0,1,137,0,138,15,8,205,0,228,310,0,310,538
06/08/2001,MLB,FL,ASO,ES,Federal Contract Tower,14,6,93,0,113,0,1,108,0,109,14,7,201,0,222,210,0,210,432
06/09/2001,MLB,FL,ASO,ES,Federal Contract Tower,15,9,80,0,104,0,0,135,0,135,15,9,215,0,239,250,0,250,489
06/10/2001,MLB,FL,ASO,ES,Federal Contract Tower,16,8,48,0,72,0,0,110,0,110,16,8,158,0,182,148,0,148,330
06/11/2001,MLB,FL,ASO,ES,Federal Contract Tower,14,7,69,2,92,0,0,128,0,128,14,7,197,2,220,280,0,280,500
06/12/2001,MLB,FL,ASO,ES,Federal Contract Tower,11,10,78,0,99,0,0,164,0,164,11,10,242,0,263,368,0,368,631
06/13/2001,MLB,FL,ASO,ES,Federal Contract Tower,17,5,89,0,111,0,0,130,0,130,17,5,219,0,241,318,0,318,559
06/14/2001,MLB,FL,ASO,ES,Federal Contract Tower,13,7,53,0,73,0,0,159,0,159,13,7,212,0,232,324,0,324,556
06/15/2001,MLB,FL,ASO,ES,Federal Contract Tower,12,8,53,0,73,0,0,106,0,106,12,8,159,0,179,140,0,140,319
06/16/2001,MLB,FL,ASO,ES,Federal Contract Tower,18,7,62,2,89,0,0,146,0,146,18,7,208,2,235,188,0,188,423
06/17/2001,MLB,FL,ASO,ES,Federal Contract Tower,15,7,34,3,59,0,0,97,0,97,15,7,131,3,156,122,0,122,278
06/18/2001,MLB,FL,ASO,ES,Federal Contract Tower,14,7,61,0,82,0,0,147,0,147,14,7,208,0,229,306,0,306,535
06/19/2001,MLB,FL,ASO,ES,Federal Contract Tower,14,6,61,2,83,0,0,182,0,182,14,6,243,2,265,322,0,322,587
06/20/2001,MLB,FL,ASO,ES,Federal Contract Tower,14,7,89,2,112,0,0,167,0,167,14,7,256,2,279,424,0,424,703
06/21/2001,MLB,FL,ASO,ES,Federal Contract Tower,14,7,40,2,63,0,0,138,0,138,14,7,178,2,201,374,0,374,575
06/22/2001,MLB,FL,ASO,ES,Federal Contract Tower,15,4,43,0,62,0,0,132,0,132,15,4,175,0,194,362,0,362,556
06/23/2001,MLB,FL,ASO,ES,Federal Contract Tower,17,7,45,0,69,0,0,100,0,100,17,7,145,0,169,104,0,104,273
06/24/2001,MLB,FL,ASO,ES,Federal Contract Tower,14,7,35,0,56,0,0,74,0,74,14,7,109,0,130,90,0,90,220
06/25/2001,MLB,FL,ASO,ES,Federal Contract Tower,15,6,55,1,77,0,0,211,0,211,15,6,266,1,288,416,2,418,706
06/26/2001,MLB,FL,ASO,ES,Federal Contract Tower,14,7,75,2,98,0,0,215,0,215,14,7,290,2,313,324,0,324,637
06/27/2001,MLB,FL,ASO,ES,Federal Contract Tower,15,9,74,0,98,0,0,118,0,118,15,9,192,0,216,278,0,278,494
06/28/2001,MLB,FL,ASO,ES,Federal Contract Tower,14,6,56,0,76,0,0,59,2,61,14,6,115,2,137,140,0,140,277
06/29/2001,MLB,FL,ASO,ES,Federal Contract Tower,16,7,88,1,112,0,0,212,3,215,16,7,300,4,327,500,0,500,827
06/30/2001,MLB,FL,ASO,ES,Federal Contract Tower,15,7,65,0,87,0,0,165,0,165,15,7,230,0,252,200,0,200,452
07/01/2001,MLB,FL,ASO,ES,Federal Contract Tower,11,7,54,0,72,0,0,121,0,121,11,7,175,0,193,200,0,200,393
07/02/2001,MLB,FL,ASO,ES,Federal Contract Tower,16,9,72,0,97,0,0,203,0,203,16,9,275,0,300,368,0,368,668
07/03/2001,MLB,FL,ASO,ES,Federal Contract Tower,14,7,59,1,81,0,0,229,0,229,14,7,288,1,310,520,0,520,830
07/04/2001,MLB,FL,ASO,ES,Federal Contract Tower,14,7,36,0,57,0,0,86,0,86,14,7,122,0,143,138,0,138,281
07/05/2001,MLB,FL,ASO,ES,Federal Contract Tower,13,7,58,1,79,0,0,171,0,171,13,7,229,1,250,190,0,190,440
07/06/2001,MLB,FL,ASO,ES,Federal Contract Tower,12,7,64,4,87,0,0,187,0,187,12,7,251,4,274,458,0,458,732
07/07/2001,MLB,FL,ASO,ES,Federal Contract Tower,15,9,59,0,83,0,0,147,0,147,15,9,206,0,230,216,0,216,446
07/08/2001,MLB,FL,ASO,ES,Federal Contract Tower,17,6,48,0,71,0,0,104,0,104,17,6,152,0,175,198,0,198,373
07/09/2001,MLB,FL,ASO,ES,Federal Contract Tower,17,7,38,2,64,0,0,112,0,112,17,7,150,2,176,292,6,298,474
07/10/2001,MLB,FL,ASO,ES,Federal Contract Tower,15,7,69,0,91,0,0,138,0,138,15,7,207,0,229,472,0,472,701
07/11/2001,MLB,FL,ASO,ES,Federal Contract Tower,14,7,93,0,114,0,0,171,0,171,14,7,264,0,285,444,0,444,729
07/12/2001,MLB,FL,ASO,ES,Federal Contract Tower,16,6,62,1,85,0,0,157,0,157,16,6,219,1,242,504,2,506,748
07/13/2001,MLB,FL,ASO,ES,Federal Contract Tower,14,6,83,1,104,0,0,114,0,114,14,6,197,1,218,286,1,287,505
07/14/2001,MLB,FL,ASO,ES,Federal Contract Tower,14,10,56,0,80,0,0,82,0,82,14,10,138,0,162,126,0,126,288
07/15/2001,MLB,FL,ASO,ES,Federal Contract Tower,15,8,41,0,64,0,0,44,0,44,15,8,85,0,108,96,0,96,204
07/16/2001,MLB,FL,ASO,ES,Federal Contract Tower,17,6,72,0,95,0,0,190,0,190,17,6,262,0,285,418,0,418,703
07/17/2001,MLB,FL,ASO,ES,Federal Contract Tower,15,8,77,4,104,0,0,178,0,178,15,8,255,4,282,284,12,296,578
07/18/2001,MLB,FL,ASO,ES,Federal Contract Tower,12,6,59,0,77,0,0,161,0,161,12,6,220,0,238,424,0,424,662
07/19/2001,MLB,FL,ASO,ES,Federal Contract Tower,10,7,70,1,88,0,0,187,0,187,10,7,257,1,275,376,0,376,651
07/20/2001,MLB,FL,ASO,ES,Federal Contract Tower,14,6,60,0,80,0,0,121,0,121,14,6,181,0,201,308,0,308,509
07/21/2001,MLB,FL,ASO,ES,Federal Contract Tower,14,11,34,1,60,0,0,71,0,71,14,11,105,1,131,90,0,90,221
07/22/2001,MLB,FL,ASO,ES,Federal Contract Tower,17,8,39,0,64,0,0,44,0,44,17,8,83,0,108,122,0,122,230
07/23/2001,MLB,FL,ASO,ES,Federal Contract Tower,11,7,41,0,59,0,0,46,0,46,11,7,87,0,105,56,0,56,161
07/24/2001,MLB,FL,ASO,ES,Federal Contract Tower,15,7,89,7,118,0,0,202,0,202,15,7,291,7,320,518,0,518,838
07/25/2001,MLB,FL,ASO,ES,Federal Contract Tower,13,5,84,7,109,0,0,196,0,196,13,5,280,7,305,436,0,436,741
07/26/2001,MLB,FL,ASO,ES,Federal Contract Tower,15,6,83,1,105,0,0,153,0,153,15,6,236,1,258,416,2,418,676
07/27/2001,MLB,FL,ASO,ES,Federal Contract Tower,15,5,79,2,101,0,0,153,0,153,15,5,232,2,254,306,0,306,560
07/28/2001,MLB,FL,ASO,ES,Federal Contract Tower,14,12,39,3,68,0,0,171,0,171,14,12,210,3,239,298,0,298,537
07/29/2001,MLB,FL,ASO,ES,Federal Contract Tower,16,3,38,0,57,0,0,109,0,109,16,3,147,0,166,262,0,262,428
07/30/2001,MLB,FL,ASO,ES,Federal Contract Tower,15,7,77,1,100,0,0,185,0,185,15,7,262,1,285,368,0,368,653
07/31/2001,MLB,FL,ASO,ES,Federal Contract Tower,14,12,87,6,119,0,0,64,0,64,14,12,151,6,183,234,1,235,418
08/01/2001,MLB,FL,ASO,ES,Federal Contract Tower,14,6,84,5,109,0,0,96,0,96,14,6,180,5,205,222,0,222,427
08/02/2001,MLB,FL,ASO,ES,Federal Contract Tower,14,6,47,6,73,0,0,32,0,32,14,6,79,6,105,68,0,68,173
08/03/2001,MLB,FL,ASO,ES,Federal Contract Tower,16,7,60,2,85,0,0,48,0,48,16,7,108,2,133,56,0,56,189
08/04/2001,MLB,FL,ASO,ES,Federal Contract Tower,14,12,52,0,78,0,0,122,0,122,14,12,174,0,200,112,0,112,312
08/05/2001,MLB,FL,ASO,ES,Federal Contract Tower,14,7,32,0,53,0,0,51,0,51,14,7,83,0,104,144,0,144,248
08/06/2001,MLB,FL,ASO,ES,Federal Contract Tower,15,7,85,8,115,0,0,132,0,132,15,7,217,8,247,218,0,218,465
08/07/2001,MLB,FL,ASO,ES,Federal Contract Tower,14,7,75,4,100,0,0,161,0,161,14,7,236,4,261,290,0,290,551
08/08/2001,MLB,FL,ASO,ES,Federal Contract Tower,14,5,57,1,77,0,0,152,0,152,14,5,209,1,229,308,0,308,537
08/09/2001,MLB,FL,ASO,ES,Federal Contract Tower,14,8,45,1,68,0,0,123,0,123,14,8,168,1,191,238,0,238,429
08/10/2001,MLB,FL,ASO,ES,Federal Contract Tower,15,6,81,6,108,0,0,136,0,136,15,6,217,6,244,206,0,206,450
08/11/2001,MLB,FL,ASO,ES,Federal Contract Tower,14,9,66,0,89,0,0,108,0,108,14,9,174,0,197,66,0,66,263
08/12/2001,MLB,FL,ASO,ES,Federal Contract Tower,17,7,30,0,54,0,0,131,0,131,17,7,161,0,185,94,0,94,279
08/13/2001,MLB,FL,ASO,ES,Federal Contract Tower,14,13,117,6,150,0,0,116,0,116,14,13,233,6,266,268,0,268,534
08/14/2001,MLB,FL,ASO,ES,Federal Contract Tower,15,7,104,4,130,0,0,114,0,114,15,7,218,4,244,142,0,142,386
08/15/2001,MLB,FL,ASO,ES,Federal Contract Tower,16,7,105,3,131,0,0,144,0,144,16,7,249,3,275,250,0,250,525
08/16/2001,MLB,FL,ASO,ES,Federal Contract Tower,14,7,60,3,84,0,0,101,0,101,14,7,161,3,185,222,0,222,407
08/17/2001,MLB,FL,ASO,ES,Federal Contract Tower,14,10,69,7,100,0,0,96,0,96,14,10,165,7,196,178,0,178,374
08/18/2001,MLB,FL,ASO,ES,Federal Contract Tower,19,19,46,0,84,0,0,129,0,129,19,19,175,0,213,188,0,188,401
08/19/2001,MLB,FL,ASO,ES,Federal Contract Tower,12,9,38,2,61,0,0,112,0,112,12,9,150,2,173,158,0,158,331
08/20/2001,MLB,FL,ASO,ES,Federal Contract Tower,15,7,44,0,66,0,0,56,0,56,15,7,100,0,122,136,1,137,259
08/21/2001,MLB,FL,ASO,ES,Federal Contract Tower,15,7,75,2,99,0,0,46,0,46,15,7,121,2,145,88,1,89,234
08/22/2001,MLB,FL,ASO,ES,Federal Contract Tower,15,7,77,4,103,0,0,128,0,128,15,7,205,4,231,302,0,302,533
08/23/2001,MLB,FL,ASO,ES,Federal Contract Tower,14,8,92,1,115,0,0,129,0,129,14,8,221,1,244,212,0,212,456
08/24/2001,MLB,FL,ASO,ES,Federal Contract Tower,16,5,74,0,95,0,0,128,0,128,16,5,202,0,223,228,0,228,451
08/25/2001,MLB,FL,ASO,ES,Federal Contract Tower,18,11,43,4,76,0,0,104,0,104,18,11,147,4,180,154,0,154,334
08/26/2001,MLB,FL,ASO,ES,Federal Contract Tower,16,7,26,0,49,0,0,70,0,70,16,7,96,0,119,108,0,108,227
08/27/2001,MLB,FL,ASO,ES,Federal Contract Tower,15,6,80,0,101,0,0,101,0,101,15,6,181,0,202,158,0,158,360
08/28/2001,MLB,FL,ASO,ES,Federal Contract Tower,16,6,65,1,88,0,0,127,0,127,16,6,192,1,215,236,0,236,451
08/29/2001,MLB,FL,ASO,ES,Federal Contract Tower,15,6,62,6,89,0,0,224,0,224,15,6,286,6,313,430,0,430,743
08/30/2001,MLB,FL,ASO,ES,Federal Contract Tower,18,8,40,2,68,0,0,233,0,233,18,8,273,2,301,424,0,424,725
08/31/2001,MLB,FL,ASO,ES,Federal Contract Tower,14,10,47,0,71,0,0,212,0,212,14,10,259,0,283,362,0,362,645
09/01/2001,MLB,FL,ASO,ES,Federal Contract Tower,14,10,32,0,56,0,0,237,0,237,14,10,269,0,293,256,0,256,549
09/02/2001,MLB,FL,ASO,ES,Federal Contract Tower,13,6,36,0,55,0,0,98,0,98,13,6,134,0,153,188,0,188,341
09/03/2001,MLB,FL,ASO,ES,Federal Contract Tower,15,7,33,0,55,0,0,101,0,101,15,7,134,0,156,34,0,34,190
09/04/2001,MLB,FL,ASO,ES,Federal Contract Tower,14,7,58,0,79,0,0,228,0,228,14,7,286,0,307,288,0,288,595
09/05/2001,MLB,FL,ASO,ES,Federal Contract Tower,15,6,95,0,116,0,0,185,0,185,15,6,280,0,301,384,0,384,685
09/06/2001,MLB,FL,ASO,ES,Federal Contract Tower,14,8,97,3,122,0,0,124,0,124,14,8,221,3,246,130,0,130,376
09/07/2001,MLB,FL,ASO,ES,Federal Contract Tower,15,7,121,7,150,0,0,74,0,74,15,7,195,7,224,104,0,104,328
09/08/2001,MLB,FL,ASO,ES,Federal Contract Tower,15,10,75,0,100,0,0,104,0,104,15,10,179,0,204,108,0,108,312
09/09/2001,MLB,FL,ASO,ES,Federal Contract Tower,17,6,53,0,76,0,0,43,0,43,17,6,96,0,119,90,0,90,209
09/10/2001,MLB,FL,ASO,ES,Federal Contract Tower,14,6,103,0,123,0,0,194,0,194,14,6,297,0,317,366,0,366,683
09/11/2001,MLB,FL,ASO,ES,Federal Contract Tower,2,2,12,0,16,0,0,54,0,54,2,2,66,0,70,66,0,66,136
09/12/2001,MLB,FL,ASO,ES,Federal Contract Tower,0,0,0,0,0,0,0,0,0,0,0,0,0,0,0,0,0,0,0
09/13/2001,MLB,FL,ASO,ES,Federal Contract Tower,2,10,0,0,12,0,0,4,0,4,2,10,4,0,16,0,0,0,16
09/14/2001,MLB,FL,ASO,ES,Federal Contract Tower,6,1,3,0,10,0,0,0,0,0,6,1,3,0,10,0,0,0,10
09/15/2001,MLB,FL,ASO,ES,Federal Contract Tower,9,8,21,0,38,0,0,2,0,2,9,8,23,0,40,0,0,0,40
09/16/2001,MLB,FL,ASO,ES,Federal Contract Tower,7,6,76,0,89,0,0,0,0,0,7,6,76,0,89,0,0,0,89
09/17/2001,MLB,FL,ASO,ES,Federal Contract Tower,11,5,228,0,244,0,0,0,0,0,11,5,228,0,244,0,0,0,244
09/18/2001,MLB,FL,ASO,ES,Federal Contract Tower,7,10,229,0,246,0,0,8,0,8,7,10,237,0,254,0,0,0,254
09/19/2001,MLB,FL,ASO,ES,Federal Contract Tower,9,7,211,0,227,0,0,2,0,2,9,7,213,0,229,0,0,0,229
09/20/2001,MLB,FL,ASO,ES,Federal Contract Tower,5,10,149,0,164,0,0,14,0,14,5,10,163,0,178,0,0,0,178
09/21/2001,MLB,FL,ASO,ES,Federal Contract Tower,6,7,202,1,216,0,0,28,0,28,6,7,230,1,244,24,0,24,268
09/22/2001,MLB,FL,ASO,ES,Federal Contract Tower,7,9,95,0,111,0,0,145,0,145,7,9,240,0,256,224,0,224,480
09/23/2001,MLB,FL,ASO,ES,Federal Contract Tower,7,7,92,0,106,0,0,84,0,84,7,7,176,0,190,130,0,130,320
09/24/2001,MLB,FL,ASO,ES,Federal Contract Tower,7,6,129,0,142,0,0,175,0,175,7,6,304,0,317,394,0,394,711
09/25/2001,MLB,FL,ASO,ES,Federal Contract Tower,7,7,82,6,102,0,0,150,0,150,7,7,232,6,252,364,0,364,616
09/26/2001,MLB,FL,ASO,ES,Federal Contract Tower,9,8,142,0,159,0,0,159,0,159,9,8,301,0,318,254,0,254,572
09/27/2001,MLB,FL,ASO,ES,Federal Contract Tower,7,9,177,2,195,0,0,93,0,93,7,9,270,2,288,172,0,172,460
09/28/2001,MLB,FL,ASO,ES,Federal Contract Tower,7,7,157,2,173,0,0,164,0,164,7,7,321,2,337,446,0,446,783
09/29/2001,MLB,FL,ASO,ES,Federal Contract Tower,6,13,62,0,81,0,0,86,0,86,6,13,148,0,167,144,0,144,311
09/30/2001,MLB,FL,ASO,ES,Federal Contract Tower,9,8,75,0,92,0,0,134,0,134,9,8,209,0,226,220,0,220,446
10/01/2001,MLB,FL,ASO,ES,Federal Contract Tower,7,9,111,2,129,0,0,226,0,226,7,9,337,2,355,460,0,460,815
10/02/2001,MLB,FL,ASO,ES,Federal Contract Tower,7,7,100,0,114,0,0,283,0,283,7,7,383,0,397,638,0,638,1035
10/03/2001,MLB,FL,ASO,ES,Federal Contract Tower,7,8,123,0,138,0,0,272,0,272,7,8,395,0,410,542,0,542,952
10/04/2001,MLB,FL,ASO,ES,Federal Contract Tower,7,7,109,0,123,0,0,256,0,256,7,7,365,0,379,768,0,768,1147
10/05/2001,MLB,FL,ASO,ES,Federal Contract Tower,7,9,125,5,146,0,0,235,0,235,7,9,360,5,381,574,0,574,955
10/06/2001,MLB,FL,ASO,ES,Federal Contract Tower,5,10,106,0,121,0,0,133,0,133,5,10,239,0,254,458,0,458,712
10/07/2001,MLB,FL,ASO,ES,Federal Contract Tower,8,4,73,0,85,0,0,51,0,51,8,4,124,0,136,140,0,140,276
10/08/2001,MLB,FL,ASO,ES,Federal Contract Tower,8,5,158,0,171,0,0,122,0,122,8,5,280,0,293,304,0,304,597
10/09/2001,MLB,FL,ASO,ES,Federal Contract Tower,7,6,105,0,118,0,0,91,0,91,7,6,196,0,209,184,0,184,393
10/10/2001,MLB,FL,ASO,ES,Federal Contract Tower,7,7,142,2,158,0,0,163,0,163,7,7,305,2,321,414,0,414,735
10/11/2001,MLB,FL,ASO,ES,Federal Contract Tower,8,9,120,0,137,0,0,274,0,274,8,9,394,0,411,632,0,632,1043
10/12/2001,MLB,FL,ASO,ES,Federal Contract Tower,7,7,148,0,162,0,0,241,0,241,7,7,389,0,403,564,0,564,967
10/13/2001,MLB,FL,ASO,ES,Federal Contract Tower,8,11,95,0,114,0,0,235,0,235,8,11,330,0,349,514,0,514,863
10/14/2001,MLB,FL,ASO,ES,Federal Contract Tower,7,8,55,0,70,0,0,96,0,96,7,8,151,0,166,242,0,242,408
10/15/2001,MLB,FL,ASO,ES,Federal Contract Tower,7,7,103,8,125,0,0,148,0,148,7,7,251,8,273,352,0,352,625
10/16/2001,MLB,FL,ASO,ES,Federal Contract Tower,7,8,84,2,101,0,0,218,0,218,7,8,302,2,319,538,0,538,857
10/17/2001,MLB,FL,ASO,ES,Federal Contract Tower,6,7,92,12,117,0,0,96,0,96,6,7,188,12,213,190,0,190,403
10/18/2001,MLB,FL,ASO,ES,Federal Contract Tower,8,8,112,6,134,0,0,179,0,179,8,8,291,6,313,518,0,518,831
10/19/2001,MLB,FL,ASO,ES,Federal Contract Tower,7,8,137,0,152,0,0,111,0,111,7,8,248,0,263,320,0,320,583
10/20/2001,MLB,FL,ASO,ES,Federal Contract Tower,7,11,63,2,83,0,0,171,0,171,7,11,234,2,254,578,0,578,832
10/21/2001,MLB,FL,ASO,ES,Federal Contract Tower,7,7,41,0,55,0,0,25,0,25,7,7,66,0,80,98,0,98,178
10/22/2001,MLB,FL,ASO,ES,Federal Contract Tower,6,9,148,0,163,0,0,30,0,30,6,9,178,0,193,86,0,86,279
10/23/2001,MLB,FL,ASO,ES,Federal Contract Tower,6,8,107,0,121,0,0,179,0,179,6,8,286,0,300,636,0,636,936
10/24/2001,MLB,FL,ASO,ES,Federal Contract Tower,7,7,108,6,128,0,0,102,0,102,7,7,210,6,230,142,0,142,372
10/25/2001,MLB,FL,ASO,ES,Federal Contract Tower,6,8,114,0,128,0,0,65,0,65,6,8,179,0,193,118,0,118,311
10/26/2001,MLB,FL,ASO,ES,Federal Contract Tower,10,8,142,0,160,0,0,96,0,96,10,8,238,0,256,134,0,134,390
10/27/2001,MLB,FL,ASO,ES,Federal Contract Tower,7,11,62,4,84,0,0,157,0,157,7,11,219,4,241,290,0,290,531
10/28/2001,MLB,FL,ASO,ES,Federal Contract Tower,8,7,41,0,56,0,0,111,0,111,8,7,152,0,167,96,2,98,265
10/29/2001,MLB,FL,ASO,ES,Federal Contract Tower,7,7,100,0,114,0,0,168,0,168,7,7,268,0,282,412,0,412,694
10/30/2001,MLB,FL,ASO,ES,Federal Contract Tower,8,9,130,2,149,0,0,383,0,383,8,9,513,2,532,652,0,652,1184
10/31/2001,MLB,FL,ASO,ES,Federal Contract Tower,7,8,157,2,174,0,0,286,0,286,7,8,443,2,460,468,0,468,928
11/01/2001,MLB,FL,ASO,ES,Federal Contract Tower,6,8,182,0,196,0,0,277,0,277,6,8,459,0,473,510,16,526,999
11/02/2001,MLB,FL,ASO,ES,Federal Contract Tower,9,5,138,0,152,0,0,114,0,114,9,5,252,0,266,208,0,208,474
11/03/2001,MLB,FL,ASO,ES,Federal Contract Tower,8,8,78,2,96,0,0,248,0,248,8,8,326,2,344,434,0,434,778
11/04/2001,MLB,FL,ASO,ES,Federal Contract Tower,7,6,49,0,62,0,0,57,0,57,7,6,106,0,119,202,0,202,321
11/05/2001,MLB,FL,ASO,ES,Federal Contract Tower,7,5,37,0,49,0,0,8,0,8,7,5,45,0,57,0,0,0,57
11/06/2001,MLB,FL,ASO,ES,Federal Contract Tower,6,9,120,1,136,0,0,236,0,236,6,9,356,1,372,416,0,416,788
11/07/2001,MLB,FL,ASO,ES,Federal Contract Tower,8,8,147,0,163,0,0,323,0,323,8,8,470,0,486,450,0,450,936
11/08/2001,MLB,FL,ASO,ES,Federal Contract Tower,7,9,109,0,125,0,0,353,0,353,7,9,462,0,478,578,0,578,1056
11/09/2001,MLB,FL,ASO,ES,Federal Contract Tower,7,7,154,1,169,0,0,290,0,290,7,7,444,1,459,484,2,486,945
11/10/2001,MLB,FL,ASO,ES,Federal Contract Tower,7,10,59,0,76,0,0,213,0,213,7,10,272,0,289,358,0,358,647
11/11/2001,MLB,FL,ASO,ES,Federal Contract Tower,7,7,61,4,79,0,0,141,0,141,7,7,202,4,220,212,0,212,432
11/12/2001,MLB,FL,ASO,ES,Federal Contract Tower,6,8,123,0,137,0,0,226,0,226,6,8,349,0,363,492,0,492,855
11/13/2001,MLB,FL,ASO,ES,Federal Contract Tower,7,7,83,0,97,0,0,74,0,74,7,7,157,0,171,100,0,100,271
11/14/2001,MLB,FL,ASO,ES,Federal Contract Tower,7,8,96,0,111,0,0,17,0,17,7,8,113,0,128,24,0,24,152
11/15/2001,MLB,FL,ASO,ES,Federal Contract Tower,7,7,97,0,111,0,0,4,0,4,7,7,101,0,115,2,0,2,117
11/16/2001,MLB,FL,ASO,ES,Federal Contract Tower,3,5,93,0,101,0,0,43,0,43,3,5,136,0,144,14,0,14,158
11/17/2001,MLB,FL,ASO,ES,Federal Contract Tower,8,9,135,0,152,0,0,234,0,234,8,9,369,0,386,464,4,468,854
11/18/2001,MLB,FL,ASO,ES,Federal Contract Tower,6,6,78,0,90,0,0,286,0,286,6,6,364,0,376,398,0,398,774
11/19/2001,MLB,FL,ASO,ES,Federal Contract Tower,8,7,160,0,175,0,0,56,0,56,8,7,216,0,231,140,0,140,371
11/20/2001,MLB,FL,ASO,ES,Federal Contract Tower,7,7,141,0,155,0,0,251,0,251,7,7,392,0,406,498,0,498,904
11/21/2001,MLB,FL,ASO,ES,Federal Contract Tower,6,6,87,0,99,0,0,216,0,216,6,6,303,0,315,383,0,383,698
11/22/2001,MLB,FL,ASO,ES,Federal Contract Tower,2,7,37,0,46,0,0,43,0,43,2,7,80,0,89,26,0,26,115
11/23/2001,MLB,FL,ASO,ES,Federal Contract Tower,4,8,61,0,73,0,0,63,0,63,4,8,124,0,136,168,0,168,304
11/24/2001,MLB,FL,ASO,ES,Federal Contract Tower,7,14,79,0,100,0,0,73,0,73,7,14,152,0,173,98,3,101,274
11/25/2001,MLB,FL,ASO,ES,Federal Contract Tower,7,7,67,0,81,0,0,102,0,102,7,7,169,0,183,78,0,78,261
11/26/2001,MLB,FL,ASO,ES,Federal Contract Tower,6,9,154,0,169,0,0,214,0,214,6,9,368,0,383,288,0,288,671
11/27/2001,MLB,FL,ASO,ES,Federal Contract Tower,7,7,140,8,162,0,0,283,0,283,7,7,423,8,445,552,0,552,997
11/28/2001,MLB,FL,ASO,ES,Federal Contract Tower,6,6,151,4,167,0,0,243,0,243,6,6,394,4,410,436,0,436,846
11/29/2001,MLB,FL,ASO,ES,Federal Contract Tower,7,8,43,4,62,0,0,113,0,113,7,8,156,4,175,180,0,180,355
11/30/2001,MLB,FL,ASO,ES,Federal Contract Tower,7,6,186,2,201,0,0,82,0,82,7,6,268,2,283,316,0,316,599
12/01/2001,MLB,FL,ASO,ES,Federal Contract Tower,7,11,81,0,99,0,0,266,0,266,7,11,347,0,365,502,1,503,868
12/02/2001,MLB,FL,ASO,ES,Federal Contract Tower,7,5,106,0,118,0,0,137,0,137,7,5,243,0,255,242,0,242,497
12/03/2001,MLB,FL,ASO,ES,Federal Contract Tower,7,5,138,0,150,0,0,137,0,137,7,5,275,0,287,354,0,354,641
12/04/2001,MLB,FL,ASO,ES,Federal Contract Tower,6,6,55,0,67,0,0,153,0,153,6,6,208,0,220,238,0,238,458
12/05/2001,MLB,FL,ASO,ES,Federal Contract Tower,7,7,76,0,90,0,0,159,0,159,7,7,235,0,249,266,0,266,515
12/06/2001,MLB,FL,ASO,ES,Federal Contract Tower,7,7,148,0,162,0,0,217,0,217,7,7,365,0,379,470,0,470,849
12/07/2001,MLB,FL,ASO,ES,Federal Contract Tower,6,9,174,0,189,0,0,78,0,78,6,9,252,0,267,236,0,236,503
12/08/2001,MLB,FL,ASO,ES,Federal Contract Tower,7,11,144,0,162,0,0,144,0,144,7,11,288,0,306,304,0,304,610
12/09/2001,MLB,FL,ASO,ES,Federal Contract Tower,7,8,59,0,74,0,0,137,0,137,7,8,196,0,211,280,0,280,491
12/10/2001,MLB,FL,ASO,ES,Federal Contract Tower,6,8,179,10,203,0,0,111,0,111,6,8,290,10,314,266,0,266,580
12/11/2001,MLB,FL,ASO,ES,Federal Contract Tower,7,8,99,0,114,0,0,210,0,210,7,8,309,0,324,426,0,426,750
12/12/2001,MLB,FL,ASO,ES,Federal Contract Tower,7,7,180,1,195,0,0,152,0,152,7,7,332,1,347,340,0,340,687
12/13/2001,MLB,FL,ASO,ES,Federal Contract Tower,6,7,163,0,176,0,0,191,1,192,6,7,354,1,368,434,0,434,802
12/14/2001,MLB,FL,ASO,ES,Federal Contract Tower,6,10,97,2,115,0,0,151,0,151,6,10,248,2,266,204,0,204,470
12/15/2001,MLB,FL,ASO,ES,Federal Contract Tower,6,11,64,0,81,0,0,105,0,105,6,11,169,0,186,170,0,170,356
12/16/2001,MLB,FL,ASO,ES,Federal Contract Tower,8,5,53,0,66,0,0,70,0,70,8,5,123,0,136,114,0,114,250
12/17/2001,MLB,FL,ASO,ES,Federal Contract Tower,6,7,64,0,77,0,0,73,0,73,6,7,137,0,150,198,0,198,348
12/18/2001,MLB,FL,ASO,ES,Federal Contract Tower,9,7,89,0,105,0,0,91,0,91,9,7,180,0,196,160,0,160,356
12/19/2001,MLB,FL,ASO,ES,Federal Contract Tower,8,6,60,0,74,0,0,134,0,134,8,6,194,0,208,212,0,212,420
12/20/2001,MLB,FL,ASO,ES,Federal Contract Tower,9,8,59,2,78,0,0,103,0,103,9,8,162,2,181,244,0,244,425
12/21/2001,MLB,FL,ASO,ES,Federal Contract Tower,7,9,87,0,103,0,0,122,0,122,7,9,209,0,225,110,0,110,335
12/22/2001,MLB,FL,ASO,ES,Federal Contract Tower,7,10,53,2,72,0,0,113,0,113,7,10,166,2,185,110,0,110,295
12/23/2001,MLB,FL,ASO,ES,Federal Contract Tower,6,5,21,0,32,0,0,65,0,65,6,5,86,0,97,25,0,25,122
12/24/2001,MLB,FL,ASO,ES,Federal Contract Tower,4,6,17,0,27,0,0,20,0,20,4,6,37,0,47,60,0,60,107
12/25/2001,MLB,FL,ASO,ES,Federal Contract Tower,7,6,10,0,23,0,0,11,0,11,7,6,21,0,34,0,0,0,34
12/26/2001,MLB,FL,ASO,ES,Federal Contract Tower,7,5,36,0,48,0,0,70,0,70,7,5,106,0,118,30,0,30,148
12/27/2001,MLB,FL,ASO,ES,Federal Contract Tower,7,9,79,0,95,0,0,70,0,70,7,9,149,0,165,78,0,78,243
12/28/2001,MLB,FL,ASO,ES,Federal Contract Tower,7,6,79,0,92,0,0,80,0,80,7,6,159,0,172,74,0,74,246
12/29/2001,MLB,FL,ASO,ES,Federal Contract Tower,7,9,68,0,84,0,0,62,0,62,7,9,130,0,146,48,0,48,194
12/30/2001,MLB,FL,ASO,ES,Federal Contract Tower,6,6,43,0,55,0,0,60,0,60,6,6,103,0,115,74,0,74,189
12/31/2001,MLB,FL,ASO,ES,Federal Contract Tower,8,8,31,0,47,0,0,35,0,35,8,8,66,0,82,46,0,46,128
01/01/2002,MLB,FL,ASO,ES,Federal Contract Tower,7,7,19,0,33,0,0,66,0,66,7,7,85,0,99,46,0,46,145
01/02/2002,MLB,FL,ASO,ES,Federal Contract Tower,4,5,46,0,55,0,0,28,0,28,4,5,74,0,83,0,0,0,83
01/03/2002,MLB,FL,ASO,ES,Federal Contract Tower,2,5,52,0,59,0,0,16,0,16,2,5,68,0,75,12,0,12,87
01/04/2002,MLB,FL,ASO,ES,Federal Contract Tower,7,6,47,0,60,0,0,52,0,52,7,6,99,0,112,68,0,68,180
01/05/2002,MLB,FL,ASO,ES,Federal Contract Tower,9,11,86,0,106,0,0,95,0,95,9,11,181,0,201,138,0,138,339
01/06/2002,MLB,FL,ASO,ES,Federal Contract Tower,7,11,23,0,41,0,0,30,0,30,7,11,53,0,71,46,0,46,117
01/07/2002,MLB,FL,ASO,ES,Federal Contract Tower,9,7,66,0,82,0,0,65,0,65,9,7,131,0,147,102,0,102,249
01/08/2002,MLB,FL,ASO,ES,Federal Contract Tower,6,7,54,0,67,0,0,93,0,93,6,7,147,0,160,182,0,182,342
01/09/2002,MLB,FL,ASO,ES,Federal Contract Tower,10,6,78,2,96,0,0,167,0,167,10,6,245,2,263,368,0,368,631
01/10/2002,MLB,FL,ASO,ES,Federal Contract Tower,7,9,68,0,84,0,0,169,0,169,7,9,237,0,253,320,0,320,573
01/11/2002,MLB,FL,ASO,ES,Federal Contract Tower,7,7,78,0,92,0,0,234,0,234,7,7,312,0,326,486,0,486,812
01/12/2002,MLB,FL,ASO,ES,Federal Contract Tower,7,11,61,6,85,0,0,238,0,238,7,11,299,6,323,456,0,456,779
01/13/2002,MLB,FL,ASO,ES,Federal Contract Tower,8,7,62,0,77,0,0,152,0,152,8,7,214,0,229,306,0,306,535
01/14/2002,MLB,FL,ASO,ES,Federal Contract Tower,7,11,130,0,148,0,0,82,0,82,7,11,212,0,230,122,0,122,352
01/15/2002,MLB,FL,ASO,ES,Federal Contract Tower,8,8,128,0,144,0,0,92,0,92,8,8,220,0,236,140,0,140,376
01/16/2002,MLB,FL,ASO,ES,Federal Contract Tower,8,6,117,2,133,0,0,293,0,293,8,6,410,2,426,508,0,508,934
01/17/2002,MLB,FL,ASO,ES,Federal Contract Tower,7,12,112,0,131,0,0,212,0,212,7,12,324,0,343,540,0,540,883
01/18/2002,MLB,FL,ASO,ES,Federal Contract Tower,7,8,123,0,138,0,0,188,0,188,7,8,311,0,326,324,0,324,650
01/19/2002,MLB,FL,ASO,ES,Federal Contract Tower,6,13,66,0,85,0,0,297,2,299,6,13,363,2,384,428,0,428,812
01/20/2002,MLB,FL,ASO,ES,Federal Contract Tower,9,6,101,0,116,0,0,90,0,90,9,6,191,0,206,156,4,160,366
01/21/2002,MLB,FL,ASO,ES,Federal Contract Tower,7,6,161,0,174,0,0,114,0,114,7,6,275,0,288,256,0,256,544
01/22/2002,MLB,FL,ASO,ES,Federal Contract Tower,7,8,176,5,196,0,0,85,0,85,7,8,261,5,281,398,0,398,679
01/23/2002,MLB,FL,ASO,ES,Federal Contract Tower,8,6,136,4,154,0,0,286,0,286,8,6,422,4,440,578,0,578,1018
01/24/2002,MLB,FL,ASO,ES,Federal Contract Tower,8,10,96,0,114,0,0,217,1,218,8,10,313,1,332,430,0,430,762
01/25/2002,MLB,FL,ASO,ES,Federal Contract Tower,8,7,112,4,131,0,0,264,0,264,8,7,376,4,395,548,0,548,943
01/26/2002,MLB,FL,ASO,ES,Federal Contract Tower,7,11,98,4,120,0,0,117,0,117,7,11,215,4,237,230,0,230,467
01/27/2002,MLB,FL,ASO,ES,Federal Contract Tower,7,8,68,0,83,0,0,55,2,57,7,8,123,2,140,88,0,88,228
01/28/2002,MLB,FL,ASO,ES,Federal Contract Tower,7,7,206,0,220,0,0,137,0,137,7,7,343,0,357,294,0,294,651
01/29/2002,MLB,FL,ASO,ES,Federal Contract Tower,7,7,138,0,152,0,0,224,0,224,7,7,362,0,376,470,0,470,846
01/30/2002,MLB,FL,ASO,ES,Federal Contract Tower,7,6,176,0,189,0,0,289,0,289,7,6,465,0,478,580,0,580,1058
01/31/2002,MLB,FL,ASO,ES,Federal Contract Tower,7,13,169,0,189,0,0,198,0,198,7,13,367,0,387,396,0,396,783
02/01/2002,MLB,FL,ASO,ES,Federal Contract Tower,7,9,182,0,198,0,0,205,0,205,7,9,387,0,403,409,0,409,812
02/02/2002,MLB,FL,ASO,ES,Federal Contract Tower,9,11,162,2,184,0,0,128,0,128,9,11,290,2,312,256,0,256,568
02/03/2002,MLB,FL,ASO,ES,Federal Contract Tower,7,11,87,0,105,0,0,164,0,164,7,11,251,0,269,378,0,378,647
02/04/2002,MLB,FL,ASO,ES,Federal Contract Tower,7,14,114,0,135,0,0,126,2,128,7,14,240,2,263,198,0,198,461
02/05/2002,MLB,FL,ASO,ES,Federal Contract Tower,6,11,130,6,153,0,0,181,0,181,6,11,311,6,334,534,0,534,868
02/06/2002,MLB,FL,ASO,ES,Federal Contract Tower,4,7,157,2,170,0,0,215,0,215,4,7,372,2,385,326,0,326,711
02/07/2002,MLB,FL,ASO,ES,Federal Contract Tower,10,11,99,0,120,0,0,35,0,35,10,11,134,0,155,30,0,30,185
02/08/2002,MLB,FL,ASO,ES,Federal Contract Tower,7,12,177,2,198,0,0,254,0,254,7,12,431,2,452,526,0,526,978
02/09/2002,MLB,FL,ASO,ES,Federal Contract Tower,6,8,179,0,193,0,0,370,0,370,6,8,549,0,563,613,0,613,1176
02/10/2002,MLB,FL,ASO,ES,Federal Contract Tower,6,15,119,0,140,0,0,86,0,86,6,15,205,0,226,146,0,146,372
02/11/2002,MLB,FL,ASO,ES,Federal Contract Tower,9,9,142,1,161,0,0,222,0,222,9,9,364,1,383,496,0,496,879
02/12/2002,MLB,FL,ASO,ES,Federal Contract Tower,7,11,100,2,120,0,0,250,0,250,7,11,350,2,370,528,0,528,898
02/13/2002,MLB,FL,ASO,ES,Federal Contract Tower,6,12,113,2,133,0,0,238,0,238,6,12,351,2,371,558,1,559,930
02/14/2002,MLB,FL,ASO,ES,Federal Contract Tower,10,16,152,0,178,0,0,170,0,170,10,16,322,0,348,572,0,572,920
02/15/2002,MLB,FL,ASO,ES,Federal Contract Tower,7,12,176,5,200,0,0,211,0,211,7,12,387,5,411,422,0,422,833
02/16/2002,MLB,FL,ASO,ES,Federal Contract Tower,8,15,122,0,145,0,0,186,0,186,8,15,308,0,331,446,0,446,777
02/17/2002,MLB,FL,ASO,ES,Federal Contract Tower,6,9,77,0,92,0,0,143,0,143,6,9,220,0,235,220,0,220,455
02/18/2002,MLB,FL,ASO,ES,Federal Contract Tower,7,11,161,0,179,0,0,195,0,195,7,11,356,0,374,384,0,384,758
02/19/2002,MLB,FL,ASO,ES,Federal Contract Tower,8,12,131,2,153,0,0,227,0,227,8,12,358,2,380,452,0,452,832
02/20/2002,MLB,FL,ASO,ES,Federal Contract Tower,6,9,137,0,152,0,0,202,0,202,6,9,339,0,354,346,0,346,700
02/21/2002,MLB,FL,ASO,ES,Federal Contract Tower,9,15,88,6,118,0,0,246,0,246,9,15,334,6,364,528,0,528,892
02/22/2002,MLB,FL,ASO,ES,Federal Contract Tower,7,14,73,3,97,0,0,32,0,32,7,14,105,3,129,54,4,58,187
02/23/2002,MLB,FL,ASO,ES,Federal Contract Tower,9,14,80,1,104,0,0,2,0,2,9,14,82,1,106,0,0,0,106
02/24/2002,MLB,FL,ASO,ES,Federal Contract Tower,8,10,65,3,86,0,0,193,0,193,8,10,258,3,279,366,0,366,645
02/25/2002,MLB,FL,ASO,ES,Federal Contract Tower,8,11,180,0,199,0,0,234,0,234,8,11,414,0,433,396,0,396,829
02/26/2002,MLB,FL,ASO,ES,Federal Contract Tower,6,11,86,2,105,0,0,259,0,259,6,11,345,2,364,496,0,496,860
02/27/2002,MLB,FL,ASO,ES,Federal Contract Tower,8,13,86,0,107,0,0,55,0,55,8,13,141,0,162,58,0,58,220
02/28/2002,MLB,FL,ASO,ES,Federal Contract Tower,8,16,114,2,140,0,0,199,0,199,8,16,313,2,339,492,4,496,835
03/01/2002,MLB,FL,ASO,ES,Federal Contract Tower,7,10,180,0,197,0,0,135,0,135,7,10,315,0,332,282,0,282,614
03/02/2002,MLB,FL,ASO,ES,Federal Contract Tower,8,12,54,0,74,0,0,41,0,41,8,12,95,0,115,26,0,26,141
03/03/2002,MLB,FL,ASO,ES,Federal Contract Tower,6,8,46,4,64,0,0,37,1,38,6,8,83,5,102,8,7,15,117
03/04/2002,MLB,FL,ASO,ES,Federal Contract Tower,7,13,53,2,75,0,0,180,0,180,7,13,233,2,255,46,0,46,301
03/05/2002,MLB,FL,ASO,ES,Federal Contract Tower,6,11,141,0,158,0,0,99,0,99,6,11,240,0,257,118,0,118,375
03/06/2002,MLB,FL,ASO,ES,Federal Contract Tower,7,14,180,0,201,0,0,139,0,139,7,14,319,0,340,362,0,362,702
03/07/2002,MLB,FL,ASO,ES,Federal Contract Tower,9,12,170,0,191,0,0,97,0,97,9,12,267,0,288,166,0,166,454
03/08/2002,MLB,FL,ASO,ES,Federal Contract Tower,7,11,171,0,189,0,0,95,0,95,7,11,266,0,284,128,0,128,412
03/09/2002,MLB,FL,ASO,ES,Federal Contract Tower,7,11,117,2,137,0,0,118,0,118,7,11,235,2,255,198,0,198,453
03/10/2002,MLB,FL,ASO,ES,Federal Contract Tower,7,13,93,0,113,0,0,90,0,90,7,13,183,0,203,88,0,88,291
03/11/2002,MLB,FL,ASO,ES,Federal Contract Tower,7,14,180,2,203,0,0,184,0,184,7,14,364,2,387,354,0,354,741
03/12/2002,MLB,FL,ASO,ES,Federal Contract Tower,8,8,113,8,137,0,0,119,0,119,8,8,232,8,256,288,0,288,544
03/13/2002,MLB,FL,ASO,ES,Federal Contract Tower,6,10,173,3,192,0,0,107,0,107,6,10,280,3,299,188,0,188,487
03/14/2002,MLB,FL,ASO,ES,Federal Contract Tower,7,13,138,0,158,0,0,238,0,238,7,13,376,0,396,504,0,504,900
03/15/2002,MLB,FL,ASO,ES,Federal Contract Tower,7,12,143,2,164,0,0,234,0,234,7,12,377,2,398,382,0,382,780
03/16/2002,MLB,FL,ASO,ES,Federal Contract Tower,9,17,135,0,161,0,0,264,0,264,9,17,399,0,425,510,0,510,935
03/17/2002,MLB,FL,ASO,ES,Federal Contract Tower,8,11,71,0,90,0,0,169,0,169,8,11,240,0,259,290,0,290,549
03/18/2002,MLB,FL,ASO,ES,Federal Contract Tower,6,11,129,3,149,0,0,214,0,214,6,11,343,3,363,416,0,416,779
03/19/2002,MLB,FL,ASO,ES,Federal Contract Tower,6,12,174,8,200,0,0,201,0,201,6,12,375,8,401,492,0,492,893
03/20/2002,MLB,FL,ASO,ES,Federal Contract Tower,7,12,152,2,173,0,0,246,0,246,7,12,398,2,419,500,0,500,919
03/21/2002,MLB,FL,ASO,ES,Federal Contract Tower,7,13,131,1,152,1,2,186,2,191,8,15,317,3,343,418,0,418,761
03/22/2002,MLB,FL,ASO,ES,Federal Contract Tower,8,10,153,0,171,0,0,169,0,169,8,10,322,0,340,180,2,182,522
03/23/2002,MLB,FL,ASO,ES,Federal Contract Tower,9,15,100,0,124,0,0,238,0,238,9,15,338,0,362,492,0,492,854
03/24/2002,MLB,FL,ASO,ES,Federal Contract Tower,8,12,83,0,103,0,0,149,0,149,8,12,232,0,252,368,0,368,620
03/25/2002,MLB,FL,ASO,ES,Federal Contract Tower,7,12,162,2,183,0,0,227,0,227,7,12,389,2,410,418,4,422,832
03/26/2002,MLB,FL,ASO,ES,Federal Contract Tower,7,9,139,4,159,0,0,145,0,145,7,9,284,4,304,360,10,370,674
03/27/2002,MLB,FL,ASO,ES,Federal Contract Tower,9,13,97,1,120,0,0,229,0,229,9,13,326,1,349,466,2,468,817
03/28/2002,MLB,FL,ASO,ES,Federal Contract Tower,10,13,148,4,175,0,0,219,0,219,10,13,367,4,394,324,0,324,718
03/29/2002,MLB,FL,ASO,ES,Federal Contract Tower,6,17,144,2,169,0,0,271,0,271,6,17,415,2,440,370,0,370,810
03/30/2002,MLB,FL,ASO,ES,Federal Contract Tower,7,15,79,0,101,0,0,208,0,208,7,15,287,0,309,334,0,334,643
03/31/2002,MLB,FL,ASO,ES,Federal Contract Tower,7,12,43,0,62,0,0,83,0,83,7,12,126,0,145,98,0,98,243
04/01/2002,MLB,FL,ASO,ES,Federal Contract Tower,8,8,116,6,138,0,0,118,0,118,8,8,234,6,256,208,0,208,464
04/02/2002,MLB,FL,ASO,ES,Federal Contract Tower,8,12,138,0,158,0,0,123,0,123,8,12,261,0,281,396,0,396,677
04/03/2002,MLB,FL,ASO,ES,Federal Contract Tower,7,14,95,0,116,0,0,148,0,148,7,14,243,0,264,278,0,278,542
04/04/2002,MLB,FL,ASO,ES,Federal Contract Tower,7,17,91,2,117,0,0,226,0,226,7,17,317,2,343,420,0,420,763
04/05/2002,MLB,FL,ASO,ES,Federal Contract Tower,7,13,133,0,153,0,0,145,0,145,7,13,278,0,298,162,0,162,460
04/06/2002,MLB,FL,ASO,ES,Federal Contract Tower,6,21,106,0,133,0,0,237,0,237,6,21,343,0,370,380,0,380,750
04/07/2002,MLB,FL,ASO,ES,Federal Contract Tower,7,11,47,0,65,0,0,106,0,106,7,11,153,0,171,164,0,164,335
04/08/2002,MLB,FL,ASO,ES,Federal Contract Tower,8,11,50,0,69,0,0,93,0,93,8,11,143,0,162,126,0,126,288
04/09/2002,MLB,FL,ASO,ES,Federal Contract Tower,8,11,112,2,133,0,0,145,0,145,8,11,257,2,278,146,0,146,424
04/10/2002,MLB,FL,ASO,ES,Federal Contract Tower,10,11,171,2,194,0,0,247,0,247,10,11,418,2,441,398,0,398,839
04/11/2002,MLB,FL,ASO,ES,Federal Contract Tower,7,14,112,0,133,0,0,254,0,254,7,14,366,0,387,429,0,429,816
04/12/2002,MLB,FL,ASO,ES,Federal Contract Tower,7,11,180,0,198,0,0,55,0,55,7,11,235,0,253,80,0,80,333
04/13/2002,MLB,FL,ASO,ES,Federal Contract Tower,6,15,93,25,139,0,0,221,0,221,6,15,314,25,360,356,2,358,718
04/14/2002,MLB,FL,ASO,ES,Federal Contract Tower,9,10,81,0,100,0,0,63,0,63,9,10,144,0,163,158,0,158,321
04/15/2002,MLB,FL,ASO,ES,Federal Contract Tower,7,18,144,0,169,0,0,149,0,149,7,18,293,0,318,326,0,326,644
04/16/2002,MLB,FL,ASO,ES,Federal Contract Tower,7,11,178,4,200,0,0,144,0,144,7,11,322,4,344,420,0,420,764
04/17/2002,MLB,FL,ASO,ES,Federal Contract Tower,8,11,192,6,217,0,0,239,0,239,8,11,431,6,456,466,0,466,922
04/18/2002,MLB,FL,ASO,ES,Federal Contract Tower,8,13,151,2,174,0,0,199,0,199,8,13,350,2,373,456,0,456,829
04/19/2002,MLB,FL,ASO,ES,Federal Contract Tower,7,11,145,2,165,0,0,188,0,188,7,11,333,2,353,292,0,292,645
04/20/2002,MLB,FL,ASO,ES,Federal Contract Tower,8,12,108,0,128,0,0,199,0,199,8,12,307,0,327,458,0,458,785
04/21/2002,MLB,FL,ASO,ES,Federal Contract Tower,6,10,55,0,71,0,0,178,0,178,6,10,233,0,249,234,0,234,483
04/22/2002,MLB,FL,ASO,ES,Federal Contract Tower,6,12,141,2,161,0,0,173,0,173,6,12,314,2,334,300,0,300,634
04/23/2002,MLB,FL,ASO,ES,Federal Contract Tower,7,17,190,0,214,0,0,209,0,209,7,17,399,0,423,397,0,397,820
04/24/2002,MLB,FL,ASO,ES,Federal Contract Tower,7,15,182,0,204,0,0,240,0,240,7,15,422,0,444,380,0,380,824
04/25/2002,MLB,FL,ASO,ES,Federal Contract Tower,7,18,211,3,239,0,0,231,0,231,7,18,442,3,470,434,0,434,904
04/26/2002,MLB,FL,ASO,ES,Federal Contract Tower,6,19,143,2,170,0,0,221,0,221,6,19,364,2,391,265,0,265,656
04/27/2002,MLB,FL,ASO,ES,Federal Contract Tower,7,13,79,1,100,0,0,194,0,194,7,13,273,1,294,308,0,308,602
04/28/2002,MLB,FL,ASO,ES,Federal Contract Tower,7,12,94,0,113,0,0,153,0,153,7,12,247,0,266,276,0,276,542
04/29/2002,MLB,FL,ASO,ES,Federal Contract Tower,7,12,129,2,150,0,0,148,0,148,7,12,277,2,298,296,0,296,594
04/30/2002,MLB,FL,ASO,ES,Federal Contract Tower,9,16,153,0,178,0,0,146,0,146,9,16,299,0,324,276,0,276,600
05/01/2002,MLB,FL,ASO,ES,Federal Contract Tower,6,9,94,3,112,0,0,167,0,167,6,9,261,3,279,328,2,330,609
05/02/2002,MLB,FL,ASO,ES,Federal Contract Tower,6,12,179,2,199,0,0,174,0,174,6,12,353,2,373,368,0,368,741
05/03/2002,MLB,FL,ASO,ES,Federal Contract Tower,8,9,101,2,120,0,0,155,0,155,8,9,256,2,275,256,0,256,531
05/04/2002,MLB,FL,ASO,ES,Federal Contract Tower,8,15,90,4,117,0,0,95,0,95,8,15,185,4,212,66,0,66,278
05/05/2002,MLB,FL,ASO,ES,Federal Contract Tower,8,22,52,0,82,0,0,82,0,82,8,22,134,0,164,134,0,134,298
05/06/2002,MLB,FL,ASO,ES,Federal Contract Tower,7,11,131,0,149,0,0,59,0,59,7,11,190,0,208,120,0,120,328
05/07/2002,MLB,FL,ASO,ES,Federal Contract Tower,7,11,173,0,191,0,0,142,0,142,7,11,315,0,333,252,0,252,585
05/08/2002,MLB,FL,ASO,ES,Federal Contract Tower,6,8,145,3,162,0,0,133,0,133,6,8,278,3,295,140,0,140,435
05/09/2002,MLB,FL,ASO,ES,Federal Contract Tower,8,16,193,0,217,0,0,152,0,152,8,16,345,0,369,232,0,232,601
05/10/2002,MLB,FL,ASO,ES,Federal Contract Tower,7,14,119,4,144,0,0,91,0,91,7,14,210,4,235,152,0,152,387
05/11/2002,MLB,FL,ASO,ES,Federal Contract Tower,6,11,73,2,92,0,0,101,0,101,6,11,174,2,193,122,0,122,315
05/12/2002,MLB,FL,ASO,ES,Federal Contract Tower,8,10,60,0,78,0,0,52,0,52,8,10,112,0,130,48,0,48,178
05/13/2002,MLB,FL,ASO,ES,Federal Contract Tower,7,12,111,0,130,0,0,80,0,80,7,12,191,0,210,102,0,102,312
05/14/2002,MLB,FL,ASO,ES,Federal Contract Tower,7,12,66,3,88,0,0,86,0,86,7,12,152,3,174,162,0,162,336
05/15/2002,MLB,FL,ASO,ES,Federal Contract Tower,6,8,140,1,155,0,0,169,0,169,6,8,309,1,324,286,0,286,610
05/16/2002,MLB,FL,ASO,ES,Federal Contract Tower,5,14,154,2,175,0,0,157,0,157,5,14,311,2,332,264,0,264,596
05/17/2002,MLB,FL,ASO,ES,Federal Contract Tower,8,11,90,0,109,0,0,127,0,127,8,11,217,0,236,204,0,204,440
05/18/2002,MLB,FL,ASO,ES,Federal Contract Tower,6,15,62,2,85,0,0,88,0,88,6,15,150,2,173,78,0,78,251
05/19/2002,MLB,FL,ASO,ES,Federal Contract Tower,8,11,89,0,108,0,0,11,0,11,8,11,100,0,119,2,0,2,121
05/20/2002,MLB,FL,ASO,ES,Federal Contract Tower,8,8,120,1,137,0,0,54,0,54,8,8,174,1,191,86,0,86,277
05/21/2002,MLB,FL,ASO,ES,Federal Contract Tower,7,11,130,4,152,0,0,34,0,34,7,11,164,4,186,46,0,46,232
05/22/2002,MLB,FL,ASO,ES,Federal Contract Tower,8,12,139,1,160,0,0,114,0,114,8,12,253,1,274,84,0,84,358
05/23/2002,MLB,FL,ASO,ES,Federal Contract Tower,8,15,179,0,202,0,0,172,0,172,8,15,351,0,374,366,2,368,742
05/24/2002,MLB,FL,ASO,ES,Federal Contract Tower,9,9,113,0,131,0,0,135,0,135,9,9,248,0,266,245,2,247,513
05/25/2002,MLB,FL,ASO,ES,Federal Contract Tower,7,8,87,0,102,0,0,124,0,124,7,8,211,0,226,148,0,148,374
05/26/2002,MLB,FL,ASO,ES,Federal Contract Tower,7,14,65,0,86,0,0,73,0,73,7,14,138,0,159,114,0,114,273
05/27/2002,MLB,FL,ASO,ES,Federal Contract Tower,8,8,92,0,108,0,0,70,0,70,8,8,162,0,178,70,0,70,248
05/28/2002,MLB,FL,ASO,ES,Federal Contract Tower,7,12,136,2,157,0,0,107,0,107,7,12,243,2,264,258,0,258,522
05/29/2002,MLB,FL,ASO,ES,Federal Contract Tower,8,10,146,2,166,0,0,88,0,88,8,10,234,2,254,229,0,229,483
05/30/2002,MLB,FL,ASO,ES,Federal Contract Tower,8,21,95,1,125,0,0,104,0,104,8,21,199,1,229,166,0,166,395
05/31/2002,MLB,FL,ASO,ES,Federal Contract Tower,7,18,127,0,152,0,0,71,0,71,7,18,198,0,223,66,0,66,289
06/01/2002,MLB,FL,ASO,ES,Federal Contract Tower,7,23,114,8,152,0,0,79,0,79,7,23,193,8,231,108,0,108,339
06/02/2002,MLB,FL,ASO,ES,Federal Contract Tower,7,15,71,0,93,0,0,77,0,77,7,15,148,0,170,104,0,104,274
06/03/2002,MLB,FL,ASO,ES,Federal Contract Tower,7,12,151,1,171,0,0,154,0,154,7,12,305,1,325,218,0,218,543
06/04/2002,MLB,FL,ASO,ES,Federal Contract Tower,5,9,165,12,191,0,0,182,0,182,5,9,347,12,373,454,0,454,827
06/05/2002,MLB,FL,ASO,ES,Federal Contract Tower,7,12,131,1,151,0,0,119,0,119,7,12,250,1,270,218,0,218,488
06/06/2002,MLB,FL,ASO,ES,Federal Contract Tower,6,16,211,0,233,0,0,170,0,170,6,16,381,0,403,394,0,394,797
06/07/2002,MLB,FL,ASO,ES,Federal Contract Tower,9,11,89,0,109,0,0,102,0,102,9,11,191,0,211,152,4,156,367
06/08/2002,MLB,FL,ASO,ES,Federal Contract Tower,8,11,131,0,150,0,0,58,0,58,8,11,189,0,208,64,6,70,278
06/09/2002,MLB,FL,ASO,ES,Federal Contract Tower,7,11,88,0,106,0,0,82,0,82,7,11,170,0,188,110,0,110,298
06/10/2002,MLB,FL,ASO,ES,Federal Contract Tower,8,11,136,0,155,0,0,113,0,113,8,11,249,0,268,198,0,198,466
06/11/2002,MLB,FL,ASO,ES,Federal Contract Tower,7,13,90,0,110,0,0,154,0,154,7,13,244,0,264,240,0,240,504
06/12/2002,MLB,FL,ASO,ES,Federal Contract Tower,7,18,191,0,216,0,0,167,0,167,7,18,358,0,383,312,0,312,695
06/13/2002,MLB,FL,ASO,ES,Federal Contract Tower,7,20,114,3,144,0,0,65,0,65,7,20,179,3,209,130,0,130,339
06/14/2002,MLB,FL,ASO,ES,Federal Contract Tower,8,8,85,4,105,0,0,94,0,94,8,8,179,4,199,122,8,130,329
06/15/2002,MLB,FL,ASO,ES,Federal Contract Tower,11,16,80,0,107,0,0,53,0,53,11,16,133,0,160,86,0,86,246
06/16/2002,MLB,FL,ASO,ES,Federal Contract Tower,7,11,49,0,67,0,0,44,0,44,7,11,93,0,111,72,0,72,183
06/17/2002,MLB,FL,ASO,ES,Federal Contract Tower,7,14,59,0,80,0,0,56,0,56,7,14,115,0,136,66,0,66,202
06/18/2002,MLB,FL,ASO,ES,Federal Contract Tower,8,13,112,0,133,0,0,57,0,57,8,13,169,0,190,164,0,164,354
06/19/2002,MLB,FL,ASO,ES,Federal Contract Tower,9,10,115,0,134,0,0,81,0,81,9,10,196,0,215,84,0,84,299
06/20/2002,MLB,FL,ASO,ES,Federal Contract Tower,8,14,78,0,100,0,0,65,0,65,8,14,143,0,165,106,0,106,271
06/21/2002,MLB,FL,ASO,ES,Federal Contract Tower,7,12,96,2,117,0,0,48,0,48,7,12,144,2,165,86,0,86,251
06/22/2002,MLB,FL,ASO,ES,Federal Contract Tower,7,15,43,0,65,0,0,68,0,68,7,15,111,0,133,32,0,32,165
06/23/2002,MLB,FL,ASO,ES,Federal Contract Tower,8,18,70,0,96,0,0,31,0,31,8,18,101,0,127,26,0,26,153
06/24/2002,MLB,FL,ASO,ES,Federal Contract Tower,7,17,130,3,157,0,0,58,0,58,7,17,188,3,215,126,0,126,341
06/25/2002,MLB,FL,ASO,ES,Federal Contract Tower,9,12,98,5,124,0,0,117,0,117,9,12,215,5,241,98,0,98,339
06/26/2002,MLB,FL,ASO,ES,Federal Contract Tower,8,10,152,0,170,0,0,125,0,125,8,10,277,0,295,236,0,236,531
06/27/2002,MLB,FL,ASO,ES,Federal Contract Tower,7,13,123,6,149,0,0,155,0,155,7,13,278,6,304,336,0,336,640
06/28/2002,MLB,FL,ASO,ES,Federal Contract Tower,9,15,119,0,143,0,0,166,0,166,9,15,285,0,309,338,0,338,647
06/29/2002,MLB,FL,ASO,ES,Federal Contract Tower,7,13,101,0,121,0,0,126,0,126,7,13,227,0,247,198,0,198,445
06/30/2002,MLB,FL,ASO,ES,Federal Contract Tower,7,18,48,0,73,0,0,55,0,55,7,18,103,0,128,30,0,30,158
07/01/2002,MLB,FL,ASO,ES,Federal Contract Tower,8,9,57,2,76,0,0,81,0,81,8,9,138,2,157,284,0,284,441
07/02/2002,MLB,FL,ASO,ES,Federal Contract Tower,6,16,116,0,138,0,0,118,0,118,6,16,234,0,256,314,0,314,570
07/03/2002,MLB,FL,ASO,ES,Federal Contract Tower,7,15,228,3,253,0,0,133,0,133,7,15,361,3,386,418,0,418,804
07/04/2002,MLB,FL,ASO,ES,Federal Contract Tower,5,8,39,0,52,0,0,68,0,68,5,8,107,0,120,118,0,118,238
07/05/2002,MLB,FL,ASO,ES,Federal Contract Tower,5,10,62,0,77,0,0,117,0,117,5,10,179,0,194,290,0,290,484
07/06/2002,MLB,FL,ASO,ES,Federal Contract Tower,8,15,106,0,129,0,0,116,0,116,8,15,222,0,245,154,0,154,399
07/07/2002,MLB,FL,ASO,ES,Federal Contract Tower,7,10,62,0,79,0,0,65,0,65,7,10,127,0,144,72,0,72,216
07/08/2002,MLB,FL,ASO,ES,Federal Contract Tower,9,14,72,8,103,0,0,101,0,101,9,14,173,8,204,286,0,286,490
07/09/2002,MLB,FL,ASO,ES,Federal Contract Tower,8,11,105,2,126,0,0,160,0,160,8,11,265,2,286,240,0,240,526
07/10/2002,MLB,FL,ASO,ES,Federal Contract Tower,9,14,162,0,185,0,0,87,0,87,9,14,249,0,272,222,0,222,494
07/11/2002,MLB,FL,ASO,ES,Federal Contract Tower,7,15,109,4,135,0,0,131,0,131,7,15,240,4,266,234,0,234,500
07/12/2002,MLB,FL,ASO,ES,Federal Contract Tower,7,16,99,0,122,0,0,93,0,93,7,16,192,0,215,134,0,134,349
07/13/2002,MLB,FL,ASO,ES,Federal Contract Tower,8,13,79,0,100,0,0,80,0,80,8,13,159,0,180,44,0,44,224
07/14/2002,MLB,FL,ASO,ES,Federal Contract Tower,6,10,84,0,100,0,0,97,0,97,6,10,181,0,197,54,0,54,251
07/15/2002,MLB,FL,ASO,ES,Federal Contract Tower,8,8,92,8,116,0,0,179,0,179,8,8,271,8,295,278,0,278,573
07/16/2002,MLB,FL,ASO,ES,Federal Contract Tower,9,9,70,3,91,0,0,180,0,180,9,9,250,3,271,354,0,354,625
07/17/2002,MLB,FL,ASO,ES,Federal Contract Tower,8,16,98,0,122,0,0,164,0,164,8,16,262,0,286,321,0,321,607
07/18/2002,MLB,FL,ASO,ES,Federal Contract Tower,8,13,150,2,173,0,0,131,0,131,8,13,281,2,304,288,0,288,592
07/19/2002,MLB,FL,ASO,ES,Federal Contract Tower,8,14,134,2,158,0,0,104,0,104,8,14,238,2,262,178,0,178,440
07/20/2002,MLB,FL,ASO,ES,Federal Contract Tower,9,13,94,0,116,0,0,85,0,85,9,13,179,0,201,126,0,126,327
07/21/2002,MLB,FL,ASO,ES,Federal Contract Tower,7,15,35,0,57,0,0,48,0,48,7,15,83,0,105,42,0,42,147
07/22/2002,MLB,FL,ASO,ES,Federal Contract Tower,8,10,81,0,99,0,0,122,0,122,8,10,203,0,221,232,0,232,453
07/23/2002,MLB,FL,ASO,ES,Federal Contract Tower,7,8,135,5,155,0,0,175,0,175,7,8,310,5,330,278,0,278,608
07/24/2002,MLB,FL,ASO,ES,Federal Contract Tower,7,11,120,0,138,0,0,161,0,161,7,11,281,0,299,276,0,276,575
07/25/2002,MLB,FL,ASO,ES,Federal Contract Tower,7,12,123,0,142,0,0,174,0,174,7,12,297,0,316,324,2,326,642
07/26/2002,MLB,FL,ASO,ES,Federal Contract Tower,6,13,134,0,153,0,0,126,0,126,6,13,260,0,279,300,0,300,579
07/27/2002,MLB,FL,ASO,ES,Federal Contract Tower,7,14,69,2,92,0,0,92,0,92,7,14,161,2,184,46,0,46,230
07/28/2002,MLB,FL,ASO,ES,Federal Contract Tower,10,11,63,0,84,0,0,72,0,72,10,11,135,0,156,96,0,96,252
07/29/2002,MLB,FL,ASO,ES,Federal Contract Tower,7,12,156,6,181,0,0,92,0,92,7,12,248,6,273,186,2,188,461
07/30/2002,MLB,FL,ASO,ES,Federal Contract Tower,7,11,103,0,121,0,0,117,0,117,7,11,220,0,238,200,0,200,438
07/31/2002,MLB,FL,ASO,ES,Federal Contract Tower,9,13,110,0,132,0,0,136,0,136,9,13,246,0,268,288,0,288,556
08/01/2002,MLB,FL,ASO,ES,Federal Contract Tower,7,10,136,6,159,0,0,123,0,123,7,10,259,6,282,250,0,250,532
08/02/2002,MLB,FL,ASO,ES,Federal Contract Tower,10,10,75,0,95,0,0,78,0,78,10,10,153,0,173,106,0,106,279
08/03/2002,MLB,FL,ASO,ES,Federal Contract Tower,8,13,59,0,80,0,0,99,0,99,8,13,158,0,179,88,0,88,267
08/04/2002,MLB,FL,ASO,ES,Federal Contract Tower,7,12,95,0,114,0,0,78,0,78,7,12,173,0,192,44,0,44,236
08/05/2002,MLB,FL,ASO,ES,Federal Contract Tower,7,12,129,2,150,0,0,120,0,120,7,12,249,2,270,126,0,126,396
08/06/2002,MLB,FL,ASO,ES,Federal Contract Tower,7,12,107,2,128,0,0,76,0,76,7,12,183,2,204,243,0,243,447
08/07/2002,MLB,FL,ASO,ES,Federal Contract Tower,8,11,105,4,128,0,0,57,0,57,8,11,162,4,185,168,0,168,353
08/08/2002,MLB,FL,ASO,ES,Federal Contract Tower,7,14,171,0,192,0,0,114,0,114,7,14,285,0,306,156,0,156,462
08/09/2002,MLB,FL,ASO,ES,Federal Contract Tower,8,13,145,1,167,0,0,115,0,115,8,13,260,1,282,200,0,200,482
08/10/2002,MLB,FL,ASO,ES,Federal Contract Tower,7,16,125,0,148,0,0,116,0,116,7,16,241,0,264,152,0,152,416
08/11/2002,MLB,FL,ASO,ES,Federal Contract Tower,8,13,28,0,49,0,0,39,0,39,8,13,67,0,88,12,0,12,100
08/12/2002,MLB,FL,ASO,ES,Federal Contract Tower,9,11,91,0,111,0,0,83,0,83,9,11,174,0,194,162,0,162,356
08/13/2002,MLB,FL,ASO,ES,Federal Contract Tower,10,11,108,6,135,0,0,69,0,69,10,11,177,6,204,114,0,114,318
08/14/2002,MLB,FL,ASO,ES,Federal Contract Tower,8,12,123,2,145,0,0,194,0,194,8,12,317,2,339,178,2,180,519
08/15/2002,MLB,FL,ASO,ES,Federal Contract Tower,9,11,177,1,198,0,0,98,0,98,9,11,275,1,296,196,0,196,492
08/16/2002,MLB,FL,ASO,ES,Federal Contract Tower,8,10,100,0,118,0,0,73,0,73,8,10,173,0,191,130,0,130,321
08/17/2002,MLB,FL,ASO,ES,Federal Contract Tower,6,11,96,0,113,1,5,87,0,93,7,16,183,0,206,110,10,120,326
08/18/2002,MLB,FL,ASO,ES,Federal Contract Tower,7,13,64,0,84,0,0,72,0,72,7,13,136,0,156,84,0,84,240
08/19/2002,MLB,FL,ASO,ES,Federal Contract Tower,6,9,121,1,137,0,0,84,0,84,6,9,205,1,221,116,0,116,337
08/20/2002,MLB,FL,ASO,ES,Federal Contract Tower,6,14,100,4,124,0,0,76,0,76,6,14,176,4,200,196,0,196,396
08/21/2002,MLB,FL,ASO,ES,Federal Contract Tower,9,17,133,0,159,0,0,101,0,101,9,17,234,0,260,170,0,170,430
08/22/2002,MLB,FL,ASO,ES,Federal Contract Tower,8,10,123,1,142,0,0,83,0,83,8,10,206,1,225,224,0,224,449
08/23/2002,MLB,FL,ASO,ES,Federal Contract Tower,6,14,119,4,143,0,0,91,0,91,6,14,210,4,234,182,0,182,416
08/24/2002,MLB,FL,ASO,ES,Federal Contract Tower,8,12,70,0,90,0,0,98,0,98,8,12,168,0,188,174,0,174,362
08/25/2002,MLB,FL,ASO,ES,Federal Contract Tower,9,12,98,0,119,0,0,91,0,91,9,12,189,0,210,72,0,72,282
08/26/2002,MLB,FL,ASO,ES,Federal Contract Tower,7,12,108,0,127,0,0,46,0,46,7,12,154,0,173,62,0,62,235
08/27/2002,MLB,FL,ASO,ES,Federal Contract Tower,8,16,101,0,125,0,0,65,0,65,8,16,166,0,190,64,0,64,254
08/28/2002,MLB,FL,ASO,ES,Federal Contract Tower,7,10,132,0,149,0,0,165,0,165,7,10,297,0,314,246,0,246,560
08/29/2002,MLB,FL,ASO,ES,Federal Contract Tower,8,12,212,1,233,0,0,232,0,232,8,12,444,1,465,300,2,302,767
08/30/2002,MLB,FL,ASO,ES,Federal Contract Tower,8,13,165,0,186,0,0,182,0,182,8,13,347,0,368,324,0,324,692
08/31/2002,MLB,FL,ASO,ES,Federal Contract Tower,5,16,78,0,99,0,0,183,0,183,5,16,261,0,282,244,0,244,526
09/01/2002,MLB,FL,ASO,ES,Federal Contract Tower,3,11,73,0,87,0,0,69,0,69,3,11,142,0,156,30,0,30,186
09/02/2002,MLB,FL,ASO,ES,Federal Contract Tower,5,12,89,0,106,0,0,54,0,54,5,12,143,0,160,20,0,20,180
09/03/2002,MLB,FL,ASO,ES,Federal Contract Tower,8,9,127,0,144,0,0,212,0,212,8,9,339,0,356,254,0,254,610
09/04/2002,MLB,FL,ASO,ES,Federal Contract Tower,8,12,60,0,80,0,0,153,0,153,8,12,213,0,233,192,0,192,425
09/05/2002,MLB,FL,ASO,ES,Federal Contract Tower,7,13,112,1,133,0,0,154,0,154,7,13,266,1,287,258,0,258,545
09/06/2002,MLB,FL,ASO,ES,Federal Contract Tower,8,11,111,2,132,0,0,226,0,226,8,11,337,2,358,464,0,464,822
09/07/2002,MLB,FL,ASO,ES,Federal Contract Tower,8,16,86,2,112,0,0,268,0,268,8,16,354,2,380,320,0,320,700
09/08/2002,MLB,FL,ASO,ES,Federal Contract Tower,7,11,76,0,94,0,0,108,0,108,7,11,184,0,202,180,0,180,382
09/09/2002,MLB,FL,ASO,ES,Federal Contract Tower,8,11,161,0,180,0,0,208,0,208,8,11,369,0,388,284,0,284,672
09/10/2002,MLB,FL,ASO,ES,Federal Contract Tower,4,10,85,2,101,0,0,240,0,240,4,10,325,2,341,388,0,388,729
09/11/2002,MLB,FL,ASO,ES,Federal Contract Tower,5,10,109,0,124,0,0,157,0,157,5,10,266,0,281,336,0,336,617
09/12/2002,MLB,FL,ASO,ES,Federal Contract Tower,9,12,128,1,150,0,0,233,0,233,9,12,361,1,383,360,0,360,743
09/13/2002,MLB,FL,ASO,ES,Federal Contract Tower,7,11,118,1,137,0,0,131,0,131,7,11,249,1,268,254,2,256,524
09/14/2002,MLB,FL,ASO,ES,Federal Contract Tower,7,11,102,0,120,0,0,246,0,246,7,11,348,0,366,406,0,406,772
09/15/2002,MLB,FL,ASO,ES,Federal Contract Tower,7,7,76,0,90,0,0,98,0,98,7,7,174,0,188,66,0,66,254
09/16/2002,MLB,FL,ASO,ES,Federal Contract Tower,8,15,187,3,213,0,0,245,0,245,8,15,432,3,458,464,0,464,922
09/17/2002,MLB,FL,ASO,ES,Federal Contract Tower,7,12,146,4,169,0,0,305,0,305,7,12,451,4,474,554,0,554,1028
09/18/2002,MLB,FL,ASO,ES,Federal Contract Tower,8,12,157,0,177,0,0,235,0,235,8,12,392,0,412,379,0,379,791
09/19/2002,MLB,FL,ASO,ES,Federal Contract Tower,8,11,112,0,131,0,0,239,0,239,8,11,351,0,370,586,0,586,956
09/20/2002,MLB,FL,ASO,ES,Federal Contract Tower,8,10,175,0,193,0,0,151,0,151,8,10,326,0,344,442,0,442,786
09/21/2002,MLB,FL,ASO,ES,Federal Contract Tower,7,16,104,0,127,0,0,196,0,196,7,16,300,0,323,550,0,550,873
09/22/2002,MLB,FL,ASO,ES,Federal Contract Tower,7,9,82,0,98,0,0,78,0,78,7,9,160,0,176,44,0,44,220
09/23/2002,MLB,FL,ASO,ES,Federal Contract Tower,9,12,183,0,204,0,0,164,0,164,9,12,347,0,368,430,0,430,798
09/24/2002,MLB,FL,ASO,ES,Federal Contract Tower,8,11,73,0,92,0,0,104,0,104,8,11,177,0,196,405,0,405,601
09/25/2002,MLB,FL,ASO,ES,Federal Contract Tower,4,9,121,5,139,0,0,138,0,138,4,9,259,5,277,388,0,388,665
09/26/2002,MLB,FL,ASO,ES,Federal Contract Tower,9,11,82,0,102,0,0,81,0,81,9,11,163,0,183,114,0,114,297
09/27/2002,MLB,FL,ASO,ES,Federal Contract Tower,7,9,94,0,110,0,0,97,0,97,7,9,191,0,207,238,0,238,445
09/28/2002,MLB,FL,ASO,ES,Federal Contract Tower,8,14,104,0,126,0,0,234,0,234,8,14,338,0,360,540,0,540,900
09/29/2002,MLB,FL,ASO,ES,Federal Contract Tower,9,8,62,0,79,0,0,101,0,101,9,8,163,0,180,130,0,130,310
09/30/2002,MLB,FL,ASO,ES,Federal Contract Tower,9,11,112,1,133,0,0,117,0,117,9,11,229,1,250,302,1,303,553
10/01/2002,MLB,FL,ASO,ES,Federal Contract Tower,6,11,126,1,144,0,0,187,0,187,6,11,313,1,331,378,2,380,711
10/02/2002,MLB,FL,ASO,ES,Federal Contract Tower,7,9,153,0,169,0,0,218,0,218,7,9,371,0,387,466,0,466,853
10/03/2002,MLB,FL,ASO,ES,Federal Contract Tower,7,10,116,0,133,0,0,226,0,226,7,10,342,0,359,484,0,484,843
10/04/2002,MLB,FL,ASO,ES,Federal Contract Tower,6,12,144,10,172,0,0,197,0,197,6,12,341,10,369,444,0,444,813
10/05/2002,MLB,FL,ASO,ES,Federal Contract Tower,5,13,82,0,100,0,0,205,0,205,5,13,287,0,305,454,0,454,759
10/06/2002,MLB,FL,ASO,ES,Federal Contract Tower,5,9,97,0,111,0,0,130,0,130,5,9,227,0,241,264,0,264,505
10/07/2002,MLB,FL,ASO,ES,Federal Contract Tower,5,13,130,0,148,0,0,138,0,138,5,13,268,0,286,178,0,178,464
10/08/2002,MLB,FL,ASO,ES,Federal Contract Tower,6,10,162,2,180,0,0,193,0,193,6,10,355,2,373,452,0,452,825
10/09/2002,MLB,FL,ASO,ES,Federal Contract Tower,5,12,195,0,212,0,0,217,0,217,5,12,412,0,429,472,0,472,901
10/10/2002,MLB,FL,ASO,ES,Federal Contract Tower,6,11,121,0,138,0,0,209,0,209,6,11,330,0,347,418,0,418,765
10/11/2002,MLB,FL,ASO,ES,Federal Contract Tower,6,10,137,2,155,0,0,177,0,177,6,10,314,2,332,450,0,450,782
10/12/2002,MLB,FL,ASO,ES,Federal Contract Tower,6,12,83,0,101,0,0,195,0,195,6,12,278,0,296,320,2,322,618
10/13/2002,MLB,FL,ASO,ES,Federal Contract Tower,5,10,100,0,115,0,0,114,0,114,5,10,214,0,229,126,0,126,355
10/14/2002,MLB,FL,ASO,ES,Federal Contract Tower,6,13,92,0,111,0,0,84,0,84,6,13,176,0,195,118,0,118,313
10/15/2002,MLB,FL,ASO,ES,Federal Contract Tower,7,11,69,4,91,0,0,148,0,148,7,11,217,4,239,292,0,292,531
10/16/2002,MLB,FL,ASO,ES,Federal Contract Tower,4,10,105,2,121,0,0,176,0,176,4,10,281,2,297,310,0,310,607
10/17/2002,MLB,FL,ASO,ES,Federal Contract Tower,6,10,115,6,137,0,0,207,0,207,6,10,322,6,344,364,0,364,708
10/18/2002,MLB,FL,ASO,ES,Federal Contract Tower,7,10,121,1,139,0,0,228,0,228,7,10,349,1,367,446,0,446,813
10/19/2002,MLB,FL,ASO,ES,Federal Contract Tower,7,13,99,0,119,0,0,220,0,220,7,13,319,0,339,328,0,328,667
10/20/2002,MLB,FL,ASO,ES,Federal Contract Tower,6,13,80,0,99,0,0,112,0,112,6,13,192,0,211,190,0,190,401
10/21/2002,MLB,FL,ASO,ES,Federal Contract Tower,6,11,77,0,94,0,0,169,0,169,6,11,246,0,263,396,0,396,659
10/22/2002,MLB,FL,ASO,ES,Federal Contract Tower,5,9,121,0,135,0,0,179,0,179,5,9,300,0,314,372,0,372,686
10/23/2002,MLB,FL,ASO,ES,Federal Contract Tower,6,12,186,1,205,0,0,220,0,220,6,12,406,1,425,428,0,428,853
10/24/2002,MLB,FL,ASO,ES,Federal Contract Tower,6,11,86,0,103,0,0,190,0,190,6,11,276,0,293,290,0,290,583
10/25/2002,MLB,FL,ASO,ES,Federal Contract Tower,5,12,95,0,112,0,0,172,0,172,5,12,267,0,284,246,0,246,530
10/26/2002,MLB,FL,ASO,ES,Federal Contract Tower,5,15,75,0,95,0,0,144,0,144,5,15,219,0,239,252,0,252,491
10/27/2002,MLB,FL,ASO,ES,Federal Contract Tower,6,10,72,0,88,0,0,132,0,132,6,10,204,0,220,146,0,146,366
10/28/2002,MLB,FL,ASO,ES,Federal Contract Tower,5,6,112,4,127,0,0,185,0,185,5,6,297,4,312,383,0,383,695
10/29/2002,MLB,FL,ASO,ES,Federal Contract Tower,4,7,97,4,112,0,0,229,0,229,4,7,326,4,341,340,0,340,681
10/30/2002,MLB,FL,ASO,ES,Federal Contract Tower,6,8,87,0,101,0,0,152,0,152,6,8,239,0,253,252,0,252,505
10/31/2002,MLB,FL,ASO,ES,Federal Contract Tower,6,12,123,63,204,0,0,242,0,242,6,12,365,63,446,408,0,408,854
11/01/2002,MLB,FL,ASO,ES,Federal Contract Tower,6,13,125,0,144,0,0,241,0,241,6,13,366,0,385,638,0,638,1023
11/02/2002,MLB,FL,ASO,ES,Federal Contract Tower,7,14,62,0,83,0,0,322,0,322,7,14,384,0,405,682,0,682,1087
11/03/2002,MLB,FL,ASO,ES,Federal Contract Tower,7,11,108,0,126,0,0,58,0,58,7,11,166,0,184,96,0,96,280
11/04/2002,MLB,FL,ASO,ES,Federal Contract Tower,6,11,67,3,87,0,0,208,0,208,6,11,275,3,295,360,0,360,655
11/05/2002,MLB,FL,ASO,ES,Federal Contract Tower,6,9,87,18,120,0,0,167,0,167,6,9,254,18,287,284,0,284,571
11/06/2002,MLB,FL,ASO,ES,Federal Contract Tower,5,9,68,0,82,0,0,38,0,38,5,9,106,0,120,36,0,36,156
11/07/2002,MLB,FL,ASO,ES,Federal Contract Tower,6,12,184,0,202,0,0,130,0,130,6,12,314,0,332,352,0,352,684
11/08/2002,MLB,FL,ASO,ES,Federal Contract Tower,5,12,124,4,145,0,0,237,0,237,5,12,361,4,382,432,0,432,814
11/09/2002,MLB,FL,ASO,ES,Federal Contract Tower,6,14,88,0,108,0,0,203,0,203,6,14,291,0,311,368,0,368,679
11/10/2002,MLB,FL,ASO,ES,Federal Contract Tower,6,11,55,0,72,0,0,89,0,89,6,11,144,0,161,142,0,142,303
11/11/2002,MLB,FL,ASO,ES,Federal Contract Tower,6,9,118,0,133,0,0,196,0,196,6,9,314,0,329,312,0,312,641
11/12/2002,MLB,FL,ASO,ES,Federal Contract Tower,5,9,67,0,81,0,0,108,0,108,5,9,175,0,189,230,0,230,419
11/13/2002,MLB,FL,ASO,ES,Federal Contract Tower,6,12,94,2,114,0,0,84,0,84,6,12,178,2,198,182,0,182,380
11/14/2002,MLB,FL,ASO,ES,Federal Contract Tower,7,8,96,0,111,0,0,226,0,226,7,8,322,0,337,479,0,479,816
11/15/2002,MLB,FL,ASO,ES,Federal Contract Tower,6,13,64,2,85,0,0,220,0,220,6,13,284,2,305,460,0,460,765
11/16/2002,MLB,FL,ASO,ES,Federal Contract Tower,9,15,32,0,56,0,0,25,0,25,9,15,57,0,81,12,0,12,93
11/17/2002,MLB,FL,ASO,ES,Federal Contract Tower,5,10,46,0,61,0,0,23,0,23,5,10,69,0,84,36,0,36,120
11/18/2002,MLB,FL,ASO,ES,Federal Contract Tower,6,10,136,7,159,0,0,187,0,187,6,10,323,7,346,300,0,300,646
11/19/2002,MLB,FL,ASO,ES,Federal Contract Tower,6,9,88,2,105,0,0,208,0,208,6,9,296,2,313,300,0,300,613
11/20/2002,MLB,FL,ASO,ES,Federal Contract Tower,6,10,112,0,128,0,0,200,0,200,6,10,312,0,328,426,0,426,754
11/21/2002,MLB,FL,ASO,ES,Federal Contract Tower,6,13,99,8,126,0,0,133,0,133,6,13,232,8,259,316,0,316,575
11/22/2002,MLB,FL,ASO,ES,Federal Contract Tower,5,9,53,2,69,0,0,171,0,171,5,9,224,2,240,236,0,236,476
11/23/2002,MLB,FL,ASO,ES,Federal Contract Tower,6,15,53,0,74,0,0,208,0,208,6,15,261,0,282,170,0,170,452
11/24/2002,MLB,FL,ASO,ES,Federal Contract Tower,5,12,68,1,86,0,0,178,0,178,5,12,246,1,264,408,0,408,672
11/25/2002,MLB,FL,ASO,ES,Federal Contract Tower,6,10,166,1,183,0,0,218,0,218,6,10,384,1,401,450,0,450,851
11/26/2002,MLB,FL,ASO,ES,Federal Contract Tower,6,10,107,1,124,0,0,179,0,179,6,10,286,1,303,300,0,300,603
11/27/2002,MLB,FL,ASO,ES,Federal Contract Tower,5,11,83,0,99,0,0,142,0,142,5,11,225,0,241,298,0,298,539
11/28/2002,MLB,FL,ASO,ES,Federal Contract Tower,2,9,25,0,36,0,0,53,0,53,2,9,78,0,89,18,0,18,107
11/29/2002,MLB,FL,ASO,ES,Federal Contract Tower,5,13,58,0,76,0,0,65,0,65,5,13,123,0,141,72,0,72,213
11/30/2002,MLB,FL,ASO,ES,Federal Contract Tower,6,14,69,0,89,0,0,76,0,76,6,14,145,0,165,68,0,68,233
12/01/2002,MLB,FL,ASO,ES,Federal Contract Tower,7,10,48,0,65,0,0,65,0,65,7,10,113,0,130,34,0,34,164
12/02/2002,MLB,FL,ASO,ES,Federal Contract Tower,6,11,124,2,143,0,0,170,0,170,6,11,294,2,313,296,0,296,609
12/03/2002,MLB,FL,ASO,ES,Federal Contract Tower,7,7,123,1,138,0,0,186,0,186,7,7,309,1,324,326,0,326,650
12/04/2002,MLB,FL,ASO,ES,Federal Contract Tower,6,8,100,4,118,0,0,196,0,196,6,8,296,4,314,334,0,334,648
12/05/2002,MLB,FL,ASO,ES,Federal Contract Tower,6,8,107,2,123,0,0,100,0,100,6,8,207,2,223,170,0,170,393
12/06/2002,MLB,FL,ASO,ES,Federal Contract Tower,7,15,191,1,214,0,0,1,0,1,7,15,192,1,215,0,0,0,215
12/07/2002,MLB,FL,ASO,ES,Federal Contract Tower,6,12,111,0,129,0,0,212,0,212,6,12,323,0,341,344,0,344,685
12/08/2002,MLB,FL,ASO,ES,Federal Contract Tower,6,9,80,0,95,0,0,124,0,124,6,9,204,0,219,162,0,162,381
12/09/2002,MLB,FL,ASO,ES,Federal Contract Tower,6,8,129,2,145,0,0,31,0,31,6,8,160,2,176,102,0,102,278
12/10/2002,MLB,FL,ASO,ES,Federal Contract Tower,4,10,46,0,60,0,0,117,0,117,4,10,163,0,177,90,0,90,267
12/11/2002,MLB,FL,ASO,ES,Federal Contract Tower,7,8,89,2,106,0,0,168,0,168,7,8,257,2,274,280,0,280,554
12/12/2002,MLB,FL,ASO,ES,Federal Contract Tower,6,10,190,6,212,0,0,75,0,75,6,10,265,6,287,126,0,126,413
12/13/2002,MLB,FL,ASO,ES,Federal Contract Tower,5,13,47,0,65,0,0,8,0,8,5,13,55,0,73,6,0,6,79
12/14/2002,MLB,FL,ASO,ES,Federal Contract Tower,6,8,54,13,81,0,0,96,0,96,6,8,150,13,177,128,20,148,325
12/15/2002,MLB,FL,ASO,ES,Federal Contract Tower,6,11,72,0,89,0,0,117,0,117,6,11,189,0,206,138,0,138,344
12/16/2002,MLB,FL,ASO,ES,Federal Contract Tower,5,10,93,0,108,0,0,114,0,114,5,10,207,0,222,178,0,178,400
12/17/2002,MLB,FL,ASO,ES,Federal Contract Tower,6,9,121,8,144,0,0,126,0,126,6,9,247,8,270,212,2,214,484
12/18/2002,MLB,FL,ASO,ES,Federal Contract Tower,5,9,134,0,148,0,0,121,0,121,5,9,255,0,269,150,0,150,419
12/19/2002,MLB,FL,ASO,ES,Federal Contract Tower,5,12,127,0,144,0,0,47,0,47,5,12,174,0,191,72,0,72,263
12/20/2002,MLB,FL,ASO,ES,Federal Contract Tower,6,14,60,0,80,0,0,31,0,31,6,14,91,0,111,22,0,22,133
12/21/2002,MLB,FL,ASO,ES,Federal Contract Tower,6,11,51,0,68,0,0,92,0,92,6,11,143,0,160,40,0,40,200
12/22/2002,MLB,FL,ASO,ES,Federal Contract Tower,7,8,43,0,58,0,0,91,0,91,7,8,134,0,149,44,0,44,193
12/23/2002,MLB,FL,ASO,ES,Federal Contract Tower,6,10,59,1,76,0,0,104,0,104,6,10,163,1,180,72,3,75,255
12/24/2002,MLB,FL,ASO,ES,Federal Contract Tower,7,8,44,0,59,0,0,13,0,13,7,8,57,0,72,10,0,10,82
12/25/2002,MLB,FL,ASO,ES,Federal Contract Tower,6,6,6,0,18,0,0,23,0,23,6,6,29,0,41,0,0,0,41
12/26/2002,MLB,FL,ASO,ES,Federal Contract Tower,7,11,65,4,87,0,0,64,0,64,7,11,129,4,151,54,0,54,205
12/27/2002,MLB,FL,ASO,ES,Federal Contract Tower,6,10,78,0,94,0,0,79,0,79,6,10,157,0,173,98,0,98,271
12/28/2002,MLB,FL,ASO,ES,Federal Contract Tower,5,8,43,0,56,0,0,65,0,65,5,8,108,0,121,36,0,36,157
12/29/2002,MLB,FL,ASO,ES,Federal Contract Tower,6,9,73,0,88,0,0,45,0,45,6,9,118,0,133,42,0,42,175
12/30/2002,MLB,FL,ASO,ES,Federal Contract Tower,5,11,82,0,98,0,0,66,0,66,5,11,148,0,164,18,0,18,182
12/31/2002,MLB,FL,ASO,ES,Federal Contract Tower,6,10,44,0,60,0,0,35,0,35,6,10,79,0,95,4,0,4,99
01/01/2003,MLB,FL,ASO,ES,Federal Contract Tower,6,11,8,0,25,0,0,35,0,35,6,11,43,0,60,16,0,16,76
01/02/2003,MLB,FL,ASO,ES,Federal Contract Tower,6,10,73,0,89,0,0,85,0,85,6,10,158,0,174,76,0,76,250
01/03/2003,MLB,FL,ASO,ES,Federal Contract Tower,6,9,86,0,101,0,0,41,0,41,6,9,127,0,142,26,0,26,168
01/04/2003,MLB,FL,ASO,ES,Federal Contract Tower,6,10,63,6,85,0,0,79,0,79,6,10,142,6,164,42,0,42,206
01/05/2003,MLB,FL,ASO,ES,Federal Contract Tower,5,12,79,0,96,0,0,102,0,102,5,12,181,0,198,90,0,90,288
01/06/2003,MLB,FL,ASO,ES,Federal Contract Tower,6,8,89,1,104,0,0,67,0,67,6,8,156,1,171,56,2,58,229
01/07/2003,MLB,FL,ASO,ES,Federal Contract Tower,7,6,111,4,128,0,0,91,0,91,7,6,202,4,219,76,0,76,295
01/08/2003,MLB,FL,ASO,ES,Federal Contract Tower,4,8,44,0,56,0,0,136,0,136,4,8,180,0,192,118,0,118,310
01/09/2003,MLB,FL,ASO,ES,Federal Contract Tower,6,7,105,0,118,0,0,137,0,137,6,7,242,0,255,112,0,112,367
01/10/2003,MLB,FL,ASO,ES,Federal Contract Tower,5,10,102,0,117,0,0,211,0,211,5,10,313,0,328,326,0,326,654
01/11/2003,MLB,FL,ASO,ES,Federal Contract Tower,6,12,95,0,113,0,0,177,0,177,6,12,272,0,290,212,0,212,502
01/12/2003,MLB,FL,ASO,ES,Federal Contract Tower,8,11,90,0,109,0,0,75,0,75,8,11,165,0,184,58,0,58,242
01/13/2003,MLB,FL,ASO,ES,Federal Contract Tower,6,9,133,4,152,0,0,162,0,162,6,9,295,4,314,332,0,332,646
01/14/2003,MLB,FL,ASO,ES,Federal Contract Tower,5,10,113,10,138,0,0,203,0,203,5,10,316,10,341,408,0,408,749
01/15/2003,MLB,FL,ASO,ES,Federal Contract Tower,5,10,87,0,102,0,0,251,0,251,5,10,338,0,353,316,0,316,669
01/16/2003,MLB,FL,ASO,ES,Federal Contract Tower,6,8,65,4,83,0,0,193,0,193,6,8,258,4,276,432,0,432,708
01/17/2003,MLB,FL,ASO,ES,Federal Contract Tower,6,10,125,1,142,0,0,164,0,164,6,10,289,1,306,244,0,244,550
01/18/2003,MLB,FL,ASO,ES,Federal Contract Tower,6,11,69,1,87,0,0,189,0,189,6,11,258,1,276,272,32,304,580
01/19/2003,MLB,FL,ASO,ES,Federal Contract Tower,7,8,36,0,51,0,0,115,0,115,7,8,151,0,166,68,0,68,234
01/20/2003,MLB,FL,ASO,ES,Federal Contract Tower,6,10,99,2,117,0,0,233,0,233,6,10,332,2,350,330,0,330,680
01/21/2003,MLB,FL,ASO,ES,Federal Contract Tower,6,8,97,0,111,0,0,228,0,228,6,8,325,0,339,422,0,422,761
01/22/2003,MLB,FL,ASO,ES,Federal Contract Tower,6,8,89,2,105,0,0,191,0,191,6,8,280,2,296,242,0,242,538
01/23/2003,MLB,FL,ASO,ES,Federal Contract Tower,6,12,84,0,102,0,0,57,0,57,6,12,141,0,159,52,0,52,211
01/24/2003,MLB,FL,ASO,ES,Federal Contract Tower,6,9,96,2,113,0,0,82,0,82,6,9,178,2,195,110,0,110,305
01/25/2003,MLB,FL,ASO,ES,Federal Contract Tower,6,11,92,0,109,0,0,196,0,196,6,11,288,0,305,308,0,308,613
01/26/2003,MLB,FL,ASO,ES,Federal Contract Tower,8,7,58,0,73,0,0,103,0,103,8,7,161,0,176,232,0,232,408
01/27/2003,MLB,FL,ASO,ES,Federal Contract Tower,5,10,139,0,154,0,0,217,0,217,5,10,356,0,371,346,0,346,717
01/28/2003,MLB,FL,ASO,ES,Federal Contract Tower,6,8,148,6,168,0,0,220,0,220,6,8,368,6,388,404,0,404,792
01/29/2003,MLB,FL,ASO,ES,Federal Contract Tower,5,10,152,8,175,0,0,242,0,242,5,10,394,8,417,462,0,462,879
01/30/2003,MLB,FL,ASO,ES,Federal Contract Tower,6,8,196,2,212,0,0,238,0,238,6,8,434,2,450,522,0,522,972
01/31/2003,MLB,FL,ASO,ES,Federal Contract Tower,6,9,98,0,113,0,0,253,0,253,6,9,351,0,366,398,0,398,764
02/01/2003,MLB,FL,ASO,ES,Federal Contract Tower,7,17,69,1,94,0,0,174,0,174,7,17,243,1,268,274,0,274,542
02/02/2003,MLB,FL,ASO,ES,Federal Contract Tower,6,11,57,0,74,0,0,161,0,161,6,11,218,0,235,282,0,282,517
02/03/2003,MLB,FL,ASO,ES,Federal Contract Tower,6,8,132,2,148,0,0,191,0,191,6,8,323,2,339,300,0,300,639
02/04/2003,MLB,FL,ASO,ES,Federal Contract Tower,6,11,75,0,92,0,0,161,0,161,6,11,236,0,253,242,0,242,495
02/05/2003,MLB,FL,ASO,ES,Federal Contract Tower,6,8,224,0,238,0,0,188,0,188,6,8,412,0,426,356,0,356,782
02/06/2003,MLB,FL,ASO,ES,Federal Contract Tower,4,8,169,2,183,0,0,247,0,247,4,8,416,2,430,442,0,442,872
02/07/2003,MLB,FL,ASO,ES,Federal Contract Tower,8,7,173,2,190,0,0,76,0,76,8,7,249,2,266,114,0,114,380
02/08/2003,MLB,FL,ASO,ES,Federal Contract Tower,8,15,181,4,208,0,0,225,0,225,8,15,406,4,433,258,0,258,691
02/09/2003,MLB,FL,ASO,ES,Federal Contract Tower,6,11,236,0,253,0,0,0,0,0,6,11,236,0,253,0,0,0,253
02/10/2003,MLB,FL,ASO,ES,Federal Contract Tower,7,9,113,8,137,0,0,94,0,94,7,9,207,8,231,164,0,164,395
02/11/2003,MLB,FL,ASO,ES,Federal Contract Tower,6,12,151,8,177,0,0,240,0,240,6,12,391,8,417,472,0,472,889
02/12/2003,MLB,FL,ASO,ES,Federal Contract Tower,6,14,203,0,223,0,0,289,0,289,6,14,492,0,512,376,0,376,888
02/13/2003,MLB,FL,ASO,ES,Federal Contract Tower,9,7,132,4,152,0,0,176,0,176,9,7,308,4,328,370,0,370,698
02/14/2003,MLB,FL,ASO,ES,Federal Contract Tower,6,9,158,7,180,0,0,184,0,184,6,9,342,7,364,324,0,324,688
02/15/2003,MLB,FL,ASO,ES,Federal Contract Tower,9,14,116,0,139,0,0,214,0,214,9,14,330,0,353,318,0,318,671
02/16/2003,MLB,FL,ASO,ES,Federal Contract Tower,7,9,61,0,77,0,0,51,0,51,7,9,112,0,128,94,0,94,222
02/17/2003,MLB,FL,ASO,ES,Federal Contract Tower,8,9,129,0,146,0,0,110,0,110,8,9,239,0,256,130,0,130,386
02/18/2003,MLB,FL,ASO,ES,Federal Contract Tower,7,11,68,0,86,0,0,205,0,205,7,11,273,0,291,454,0,454,745
02/19/2003,MLB,FL,ASO,ES,Federal Contract Tower,8,12,172,0,192,0,0,223,0,223,8,12,395,0,415,322,0,322,737
02/20/2003,MLB,FL,ASO,ES,Federal Contract Tower,8,12,143,2,165,0,0,133,0,133,8,12,276,2,298,314,0,314,612
02/21/2003,MLB,FL,ASO,ES,Federal Contract Tower,9,8,149,8,174,0,0,99,0,99,9,8,248,8,273,150,0,150,423
02/22/2003,MLB,FL,ASO,ES,Federal Contract Tower,9,14,48,0,71,0,0,62,0,62,9,14,110,0,133,108,0,108,241
02/23/2003,MLB,FL,ASO,ES,Federal Contract Tower,8,10,87,0,105,0,0,151,0,151,8,10,238,0,256,224,0,224,480
02/24/2003,MLB,FL,ASO,ES,Federal Contract Tower,6,10,151,0,167,0,0,212,0,212,6,10,363,0,379,332,0,332,711
02/25/2003,MLB,FL,ASO,ES,Federal Contract Tower,7,7,116,1,131,0,0,215,0,215,7,7,331,1,346,448,0,448,794
02/26/2003,MLB,FL,ASO,ES,Federal Contract Tower,8,11,133,0,152,0,0,257,0,257,8,11,390,0,409,338,0,338,747
02/27/2003,MLB,FL,ASO,ES,Federal Contract Tower,6,12,65,0,83,0,0,123,0,123,6,12,188,0,206,216,0,216,422
02/28/2003,MLB,FL,ASO,ES,Federal Contract Tower,6,10,135,0,151,0,0,14,0,14,6,10,149,0,165,0,0,0,165
03/01/2003,MLB,FL,ASO,ES,Federal Contract Tower,8,14,32,2,56,0,0,56,0,56,8,14,88,2,112,68,0,68,180
03/02/2003,MLB,FL,ASO,ES,Federal Contract Tower,10,7,32,0,49,0,1,55,0,56,10,8,87,0,105,12,0,12,117
03/03/2003,MLB,FL,ASO,ES,Federal Contract Tower,8,8,106,0,122,0,0,94,0,94,8,8,200,0,216,160,0,160,376
03/04/2003,MLB,FL,ASO,ES,Federal Contract Tower,7,8,110,0,125,0,0,75,0,75,7,8,185,0,200,44,0,44,244
03/05/2003,MLB,FL,ASO,ES,Federal Contract Tower,9,10,87,0,106,0,0,108,0,108,9,10,195,0,214,180,0,180,394
03/06/2003,MLB,FL,ASO,ES,Federal Contract Tower,4,11,99,1,115,0,0,93,0,93,4,11,192,1,208,192,0,192,400
03/07/2003,MLB,FL,ASO,ES,Federal Contract Tower,8,9,76,0,93,0,0,98,0,98,8,9,174,0,191,142,0,142,333
03/08/2003,MLB,FL,ASO,ES,Federal Contract Tower,7,14,69,0,90,0,0,62,0,62,7,14,131,0,152,92,0,92,244
03/09/2003,MLB,FL,ASO,ES,Federal Contract Tower,6,14,30,0,50,0,0,93,0,93,6,14,123,0,143,24,0,24,167
03/10/2003,MLB,FL,ASO,ES,Federal Contract Tower,6,14,120,0,140,0,0,165,0,165,6,14,285,0,305,370,0,370,675
03/11/2003,MLB,FL,ASO,ES,Federal Contract Tower,7,10,105,1,123,0,0,249,0,249,7,10,354,1,372,446,0,446,818
03/12/2003,MLB,FL,ASO,ES,Federal Contract Tower,9,11,142,0,162,0,0,227,0,227,9,11,369,0,389,438,0,438,827
03/13/2003,MLB,FL,ASO,ES,Federal Contract Tower,8,15,135,0,158,0,0,190,0,190,8,15,325,0,348,400,0,400,748
03/14/2003,MLB,FL,ASO,ES,Federal Contract Tower,8,14,120,2,144,0,0,162,0,162,8,14,282,2,306,342,0,342,648
03/15/2003,MLB,FL,ASO,ES,Federal Contract Tower,8,18,82,0,108,0,0,106,0,106,8,18,188,0,214,298,0,298,512
03/16/2003,MLB,FL,ASO,ES,Federal Contract Tower,5,15,68,1,89,0,0,28,0,28,5,15,96,1,117,36,0,36,153
03/17/2003,MLB,FL,ASO,ES,Federal Contract Tower,7,11,100,2,120,0,0,77,0,77,7,11,177,2,197,182,0,182,379
03/18/2003,MLB,FL,ASO,ES,Federal Contract Tower,8,11,95,0,114,0,0,160,0,160,8,11,255,0,274,356,0,356,630
03/19/2003,MLB,FL,ASO,ES,Federal Contract Tower,7,11,121,0,139,0,0,142,0,142,7,11,263,0,281,292,0,292,573
03/20/2003,MLB,FL,ASO,ES,Federal Contract Tower,6,12,73,0,91,0,0,76,0,76,6,12,149,0,167,162,0,162,329
03/21/2003,MLB,FL,ASO,ES,Federal Contract Tower,7,12,100,2,121,0,0,102,0,102,7,12,202,2,223,190,0,190,413
03/22/2003,MLB,FL,ASO,ES,Federal Contract Tower,8,28,62,0,98,0,0,79,0,79,8,28,141,0,177,72,0,72,249
03/23/2003,MLB,FL,ASO,ES,Federal Contract Tower,11,10,59,0,80,0,0,24,0,24,11,10,83,0,104,52,0,52,156
03/24/2003,MLB,FL,ASO,ES,Federal Contract Tower,6,11,182,3,202,0,0,189,0,189,6,11,371,3,391,314,0,314,705
03/25/2003,MLB,FL,ASO,ES,Federal Contract Tower,8,11,115,0,134,0,0,254,0,254,8,11,369,0,388,394,0,394,782
03/26/2003,MLB,FL,ASO,ES,Federal Contract Tower,9,11,157,0,177,0,0,256,0,256,9,11,413,0,433,320,0,320,753
03/27/2003,MLB,FL,ASO,ES,Federal Contract Tower,6,12,97,0,115,0,0,129,0,129,6,12,226,0,244,238,0,238,482
03/28/2003,MLB,FL,ASO,ES,Federal Contract Tower,7,10,179,0,196,0,0,282,0,282,7,10,461,0,478,376,0,376,854
03/29/2003,MLB,FL,ASO,ES,Federal Contract Tower,16,17,94,0,127,0,0,177,0,177,16,17,271,0,304,278,0,278,582
03/30/2003,MLB,FL,ASO,ES,Federal Contract Tower,10,8,52,0,70,0,0,58,0,58,10,8,110,0,128,84,0,84,212
03/31/2003,MLB,FL,ASO,ES,Federal Contract Tower,7,14,118,0,139,0,0,128,0,128,7,14,246,0,267,66,0,66,333
04/01/2003,MLB,FL,ASO,ES,Federal Contract Tower,5,10,85,0,100,0,0,188,0,188,5,10,273,0,288,336,0,336,624
04/02/2003,MLB,FL,ASO,ES,Federal Contract Tower,7,12,163,0,182,0,0,237,0,237,7,12,400,0,419,334,0,334,753
04/03/2003,MLB,FL,ASO,ES,Federal Contract Tower,8,9,146,2,165,0,0,195,0,195,8,9,341,2,360,414,0,414,774
04/04/2003,MLB,FL,ASO,ES,Federal Contract Tower,9,12,149,2,172,0,0,255,0,255,9,12,404,2,427,280,0,280,707
04/05/2003,MLB,FL,ASO,ES,Federal Contract Tower,6,16,52,0,74,0,0,173,0,173,6,16,225,0,247,264,0,264,511
04/06/2003,MLB,FL,ASO,ES,Federal Contract Tower,7,10,73,0,90,0,0,115,0,115,7,10,188,0,205,128,0,128,333
04/07/2003,MLB,FL,ASO,ES,Federal Contract Tower,6,8,169,0,183,0,0,152,0,152,6,8,321,0,335,312,0,312,647
04/08/2003,MLB,FL,ASO,ES,Federal Contract Tower,7,8,60,0,75,0,0,196,0,196,7,8,256,0,271,242,0,242,513
04/09/2003,MLB,FL,ASO,ES,Federal Contract Tower,6,9,96,2,113,0,0,102,0,102,6,9,198,2,215,198,0,198,413
04/10/2003,MLB,FL,ASO,ES,Federal Contract Tower,8,6,86,8,108,0,0,112,0,112,8,6,198,8,220,142,4,146,366
04/11/2003,MLB,FL,ASO,ES,Federal Contract Tower,5,6,88,2,101,0,0,153,0,153,5,6,241,2,254,226,0,226,480
04/12/2003,MLB,FL,ASO,ES,Federal Contract Tower,4,14,65,2,85,0,0,184,0,184,4,14,249,2,269,318,6,324,593
04/13/2003,MLB,FL,ASO,ES,Federal Contract Tower,6,7,72,0,85,0,0,143,0,143,6,7,215,0,228,148,0,148,376
04/14/2003,MLB,FL,ASO,ES,Federal Contract Tower,6,8,148,0,162,0,0,208,0,208,6,8,356,0,370,346,0,346,716
04/15/2003,MLB,FL,ASO,ES,Federal Contract Tower,5,9,134,0,148,0,0,205,0,205,5,9,339,0,353,388,0,388,741
04/16/2003,MLB,FL,ASO,ES,Federal Contract Tower,6,9,163,3,181,0,0,179,0,179,6,9,342,3,360,276,0,276,636
04/17/2003,MLB,FL,ASO,ES,Federal Contract Tower,7,11,161,5,184,0,0,204,0,204,7,11,365,5,388,468,0,468,856
04/18/2003,MLB,FL,ASO,ES,Federal Contract Tower,6,9,136,12,163,0,0,202,0,202,6,9,338,12,365,202,8,210,575
04/19/2003,MLB,FL,ASO,ES,Federal Contract Tower,4,16,73,2,95,0,0,167,0,167,4,16,240,2,262,288,0,288,550
04/20/2003,MLB,FL,ASO,ES,Federal Contract Tower,7,8,46,2,63,0,0,109,0,109,7,8,155,2,172,80,0,80,252
04/21/2003,MLB,FL,ASO,ES,Federal Contract Tower,6,7,138,1,152,0,0,221,0,221,6,7,359,1,373,332,0,332,705
04/22/2003,MLB,FL,ASO,ES,Federal Contract Tower,6,7,127,0,140,0,0,179,0,179,6,7,306,0,319,328,0,328,647
04/23/2003,MLB,FL,ASO,ES,Federal Contract Tower,6,7,159,6,178,0,0,194,0,194,6,7,353,6,372,528,0,528,900
04/24/2003,MLB,FL,ASO,ES,Federal Contract Tower,7,11,177,0,195,0,0,204,0,204,7,11,381,0,399,464,0,464,863
04/25/2003,MLB,FL,ASO,ES,Federal Contract Tower,6,6,124,2,138,0,0,73,0,73,6,6,197,2,211,136,0,136,347
04/26/2003,MLB,FL,ASO,ES,Federal Contract Tower,4,14,60,0,78,0,0,131,0,131,4,14,191,0,209,162,0,162,371
04/27/2003,MLB,FL,ASO,ES,Federal Contract Tower,7,8,52,2,69,0,0,86,0,86,7,8,138,2,155,98,4,102,257
04/28/2003,MLB,FL,ASO,ES,Federal Contract Tower,4,7,115,2,128,0,0,150,0,150,4,7,265,2,278,274,0,274,552
04/29/2003,MLB,FL,ASO,ES,Federal Contract Tower,5,10,92,3,110,0,0,152,0,152,5,10,244,3,262,412,0,412,674
04/30/2003,MLB,FL,ASO,ES,Federal Contract Tower,6,8,106,0,120,0,0,101,0,101,6,8,207,0,221,196,0,196,417
05/01/2003,MLB,FL,ASO,ES,Federal Contract Tower,6,9,82,6,103,0,0,75,0,75,6,9,157,6,178,204,0,204,382
05/02/2003,MLB,FL,ASO,ES,Federal Contract Tower,4,8,75,2,89,0,0,130,0,130,4,8,205,2,219,220,0,220,439
05/03/2003,MLB,FL,ASO,ES,Federal Contract Tower,5,11,64,0,80,0,0,152,0,152,5,11,216,0,232,137,0,137,369
05/04/2003,MLB,FL,ASO,ES,Federal Contract Tower,6,7,72,4,89,0,0,135,0,135,6,7,207,4,224,88,2,90,314
05/05/2003,MLB,FL,ASO,ES,Federal Contract Tower,6,5,133,0,144,0,0,124,0,124,6,5,257,0,268,148,0,148,416
05/06/2003,MLB,FL,ASO,ES,Federal Contract Tower,5,6,98,0,109,0,0,143,0,143,5,6,241,0,252,236,0,236,488
05/07/2003,MLB,FL,ASO,ES,Federal Contract Tower,5,6,85,0,96,0,0,134,0,134,5,6,219,0,230,142,0,142,372
05/08/2003,MLB,FL,ASO,ES,Federal Contract Tower,5,7,116,0,128,0,0,144,0,144,5,7,260,0,272,150,0,150,422
05/09/2003,MLB,FL,ASO,ES,Federal Contract Tower,6,7,126,2,141,0,0,137,0,137,6,7,263,2,278,98,0,98,376
05/10/2003,MLB,FL,ASO,ES,Federal Contract Tower,3,13,70,0,86,0,0,90,0,90,3,13,160,0,176,82,0,82,258
05/11/2003,MLB,FL,ASO,ES,Federal Contract Tower,6,8,27,0,41,0,0,64,0,64,6,8,91,0,105,20,0,20,125
05/12/2003,MLB,FL,ASO,ES,Federal Contract Tower,6,7,90,0,103,0,0,76,0,76,6,7,166,0,179,116,0,116,295
05/13/2003,MLB,FL,ASO,ES,Federal Contract Tower,4,9,83,2,98,0,0,127,0,127,4,9,210,2,225,214,0,214,439
05/14/2003,MLB,FL,ASO,ES,Federal Contract Tower,6,7,109,0,122,0,0,99,0,99,6,7,208,0,221,148,0,148,369
05/15/2003,MLB,FL,ASO,ES,Federal Contract Tower,6,8,78,0,92,0,0,110,0,110,6,8,188,0,202,156,0,156,358
05/16/2003,MLB,FL,ASO,ES,Federal Contract Tower,7,7,84,0,98,0,0,104,0,104,7,7,188,0,202,190,0,190,392
05/17/2003,MLB,FL,ASO,ES,Federal Contract Tower,5,13,65,2,85,0,0,85,0,85,5,13,150,2,170,102,0,102,272
05/18/2003,MLB,FL,ASO,ES,Federal Contract Tower,4,9,70,0,83,0,0,72,0,72,4,9,142,0,155,16,0,16,171
05/19/2003,MLB,FL,ASO,ES,Federal Contract Tower,6,8,79,0,93,0,0,77,0,77,6,8,156,0,170,134,0,134,304
05/20/2003,MLB,FL,ASO,ES,Federal Contract Tower,6,7,126,4,143,0,0,85,0,85,6,7,211,4,228,146,0,146,374
05/21/2003,MLB,FL,ASO,ES,Federal Contract Tower,6,10,88,2,106,0,0,132,0,132,6,10,220,2,238,166,2,168,406
05/22/2003,MLB,FL,ASO,ES,Federal Contract Tower,6,9,116,4,135,0,0,19,0,19,6,9,135,4,154,28,0,28,182
05/23/2003,MLB,FL,ASO,ES,Federal Contract Tower,6,9,131,4,150,0,0,60,0,60,6,9,191,4,210,102,0,102,312
05/24/2003,MLB,FL,ASO,ES,Federal Contract Tower,4,13,60,0,77,0,0,80,0,80,4,13,140,0,157,86,0,86,243
05/25/2003,MLB,FL,ASO,ES,Federal Contract Tower,6,10,47,4,67,0,0,93,0,93,6,10,140,4,160,64,0,64,224
05/26/2003,MLB,FL,ASO,ES,Federal Contract Tower,6,7,106,0,119,0,0,97,0,97,6,7,203,0,216,80,0,80,296
05/27/2003,MLB,FL,ASO,ES,Federal Contract Tower,8,6,84,2,100,0,0,109,0,109,8,6,193,2,209,156,0,156,365
05/28/2003,MLB,FL,ASO,ES,Federal Contract Tower,5,9,132,0,146,0,0,95,0,95,5,9,227,0,241,148,0,148,389
05/29/2003,MLB,FL,ASO,ES,Federal Contract Tower,8,8,103,4,123,0,0,131,0,131,8,8,234,4,254,274,0,274,528
05/30/2003,MLB,FL,ASO,ES,Federal Contract Tower,6,8,119,0,133,0,0,139,0,139,6,8,258,0,272,182,0,182,454
05/31/2003,MLB,FL,ASO,ES,Federal Contract Tower,5,16,63,0,84,0,0,80,0,80,5,16,143,0,164,42,0,42,206
06/01/2003,MLB,FL,ASO,ES,Federal Contract Tower,5,8,66,0,79,0,0,53,0,53,5,8,119,0,132,20,0,20,152
06/02/2003,MLB,FL,ASO,ES,Federal Contract Tower,6,7,93,1,107,0,0,69,0,69,6,7,162,1,176,40,0,40,216
06/03/2003,MLB,FL,ASO,ES,Federal Contract Tower,5,8,63,0,76,0,0,129,1,130,5,8,192,1,206,144,0,144,350
06/04/2003,MLB,FL,ASO,ES,Federal Contract Tower,7,6,150,1,164,0,0,51,0,51,7,6,201,1,215,96,0,96,311
06/05/2003,MLB,FL,ASO,ES,Federal Contract Tower,6,8,66,0,80,0,0,88,0,88,6,8,154,0,168,106,0,106,274
06/06/2003,MLB,FL,ASO,ES,Federal Contract Tower,6,7,152,10,175,0,0,81,0,81,6,7,233,10,256,126,4,130,386
06/07/2003,MLB,FL,ASO,ES,Federal Contract Tower,4,13,59,0,76,0,0,89,0,89,4,13,148,0,165,36,0,36,201
06/08/2003,MLB,FL,ASO,ES,Federal Contract Tower,6,6,51,0,63,0,0,71,0,71,6,6,122,0,134,104,0,104,238
06/09/2003,MLB,FL,ASO,ES,Federal Contract Tower,6,7,57,0,70,0,0,58,0,58,6,7,115,0,128,98,0,98,226
06/10/2003,MLB,FL,ASO,ES,Federal Contract Tower,6,5,65,8,84,0,0,70,0,70,6,5,135,8,154,140,0,140,294
06/11/2003,MLB,FL,ASO,ES,Federal Contract Tower,6,12,85,1,104,0,0,114,0,114,6,12,199,1,218,166,0,166,384
06/12/2003,MLB,FL,ASO,ES,Federal Contract Tower,6,9,76,38,129,0,0,96,0,96,6,9,172,38,225,188,14,202,427
06/13/2003,MLB,FL,ASO,ES,Federal Contract Tower,5,6,132,2,145,0,0,134,0,134,5,6,266,2,279,268,40,308,587
06/14/2003,MLB,FL,ASO,ES,Federal Contract Tower,4,15,56,0,75,0,0,93,0,93,4,15,149,0,168,142,0,142,310
06/15/2003,MLB,FL,ASO,ES,Federal Contract Tower,6,9,58,0,73,0,0,94,0,94,6,9,152,0,167,72,0,72,239
06/16/2003,MLB,FL,ASO,ES,Federal Contract Tower,5,5,68,0,78,0,0,105,0,105,5,5,173,0,183,162,58,220,403
06/17/2003,MLB,FL,ASO,ES,Federal Contract Tower,4,8,70,0,82,0,0,128,0,128,4,8,198,0,210,146,49,195,405
06/18/2003,MLB,FL,ASO,ES,Federal Contract Tower,7,7,65,0,79,0,0,96,0,96,7,7,161,0,175,132,62,194,369
06/19/2003,MLB,FL,ASO,ES,Federal Contract Tower,8,6,93,32,139,0,0,78,0,78,8,6,171,32,217,160,21,181,398
06/20/2003,MLB,FL,ASO,ES,Federal Contract Tower,6,7,77,10,100,0,0,63,0,63,6,7,140,10,163,52,28,80,243
06/21/2003,MLB,FL,ASO,ES,Federal Contract Tower,4,13,69,8,94,0,0,26,0,26,4,13,95,8,120,4,16,20,140
06/22/2003,MLB,FL,ASO,ES,Federal Contract Tower,7,7,72,0,86,0,0,15,0,15,7,7,87,0,101,16,0,16,117
06/23/2003,MLB,FL,ASO,ES,Federal Contract Tower,6,7,108,18,139,0,0,69,0,69,6,7,177,18,208,136,24,160,368
06/24/2003,MLB,FL,ASO,ES,Federal Contract Tower,7,10,151,7,175,0,0,163,0,163,7,10,314,7,338,368,46,414,752
06/25/2003,MLB,FL,ASO,ES,Federal Contract Tower,5,10,174,7,196,0,0,157,0,157,5,10,331,7,353,388,0,388,741
06/26/2003,MLB,FL,ASO,ES,Federal Contract Tower,6,8,78,11,103,0,0,135,0,135,6,8,213,11,238,318,0,318,556
06/27/2003,MLB,FL,ASO,ES,Federal Contract Tower,6,7,112,0,125,0,0,131,0,131,6,7,243,0,256,384,0,384,640
06/28/2003,MLB,FL,ASO,ES,Federal Contract Tower,3,13,52,0,68,0,0,86,0,86,3,13,138,0,154,106,0,106,260
06/29/2003,MLB,FL,ASO,ES,Federal Contract Tower,8,7,55,0,70,0,0,55,0,55,8,7,110,0,125,14,0,14,139
06/30/2003,MLB,FL,ASO,ES,Federal Contract Tower,6,6,148,0,160,0,0,107,0,107,6,6,255,0,267,202,4,206,473
07/01/2003,MLB,FL,ASO,ES,Federal Contract Tower,7,6,75,2,90,0,0,166,0,166,7,6,241,2,256,292,0,292,548
07/02/2003,MLB,FL,ASO,ES,Federal Contract Tower,6,11,116,0,133,0,0,92,0,92,6,11,208,0,225,254,0,254,479
07/03/2003,MLB,FL,ASO,ES,Federal Contract Tower,6,7,91,1,105,0,0,74,0,74,6,7,165,1,179,132,0,132,311
07/04/2003,MLB,FL,ASO,ES,Federal Contract Tower,5,7,76,2,90,0,0,77,0,77,5,7,153,2,167,0,6,6,173
07/05/2003,MLB,FL,ASO,ES,Federal Contract Tower,3,11,80,0,94,0,0,73,0,73,3,11,153,0,167,22,0,22,189
07/06/2003,MLB,FL,ASO,ES,Federal Contract Tower,5,7,87,0,99,0,0,89,0,89,5,7,176,0,188,40,0,40,228
07/07/2003,MLB,FL,ASO,ES,Federal Contract Tower,6,8,81,2,97,0,0,137,0,137,6,8,218,2,234,256,0,256,490
07/08/2003,MLB,FL,ASO,ES,Federal Contract Tower,6,7,65,0,78,0,0,102,0,102,6,7,167,0,180,294,0,294,474
07/09/2003,MLB,FL,ASO,ES,Federal Contract Tower,7,5,139,0,151,0,0,162,0,162,7,5,301,0,313,268,0,268,581
07/10/2003,MLB,FL,ASO,ES,Federal Contract Tower,3,7,107,3,120,0,0,161,0,161,3,7,268,3,281,394,0,394,675
07/11/2003,MLB,FL,ASO,ES,Federal Contract Tower,6,6,119,2,133,0,0,150,0,150,6,6,269,2,283,302,0,302,585
07/12/2003,MLB,FL,ASO,ES,Federal Contract Tower,5,15,39,0,59,0,0,74,0,74,5,15,113,0,133,106,0,106,239
07/13/2003,MLB,FL,ASO,ES,Federal Contract Tower,6,8,56,0,70,0,0,44,0,44,6,8,100,0,114,44,0,44,158
07/14/2003,MLB,FL,ASO,ES,Federal Contract Tower,6,6,99,0,111,0,0,124,0,124,6,6,223,0,235,200,0,200,435
07/15/2003,MLB,FL,ASO,ES,Federal Contract Tower,6,8,69,0,83,0,0,125,0,125,6,8,194,0,208,192,0,192,400
07/16/2003,MLB,FL,ASO,ES,Federal Contract Tower,5,7,103,0,115,0,0,134,0,134,5,7,237,0,249,166,2,168,417
07/17/2003,MLB,FL,ASO,ES,Federal Contract Tower,6,6,91,6,109,0,0,148,0,148,6,6,239,6,257,344,0,344,601
07/18/2003,MLB,FL,ASO,ES,Federal Contract Tower,5,7,77,0,89,0,0,149,0,149,5,7,226,0,238,278,0,278,516
07/19/2003,MLB,FL,ASO,ES,Federal Contract Tower,5,12,46,0,63,0,0,86,0,86,5,12,132,0,149,60,0,60,209
07/20/2003,MLB,FL,ASO,ES,Federal Contract Tower,6,5,28,0,39,0,0,117,0,117,6,5,145,0,156,60,0,60,216
07/21/2003,MLB,FL,ASO,ES,Federal Contract Tower,6,6,28,0,40,0,0,101,0,101,6,6,129,0,141,148,0,148,289
07/22/2003,MLB,FL,ASO,ES,Federal Contract Tower,5,5,37,1,48,0,0,143,0,143,5,5,180,1,191,180,0,180,371
07/23/2003,MLB,FL,ASO,ES,Federal Contract Tower,5,8,53,0,66,0,0,125,0,125,5,8,178,0,191,114,0,114,305
07/24/2003,MLB,FL,ASO,ES,Federal Contract Tower,5,8,62,5,80,0,0,95,0,95,5,8,157,5,175,182,0,182,357
07/25/2003,MLB,FL,ASO,ES,Federal Contract Tower,8,7,33,0,48,0,0,116,0,116,8,7,149,0,164,232,0,232,396
07/26/2003,MLB,FL,ASO,ES,Federal Contract Tower,4,11,88,0,103,0,0,37,0,37,4,11,125,0,140,98,0,98,238
07/27/2003,MLB,FL,ASO,ES,Federal Contract Tower,6,7,34,0,47,0,0,80,0,80,6,7,114,0,127,58,0,58,185
07/28/2003,MLB,FL,ASO,ES,Federal Contract Tower,6,7,53,0,66,0,0,93,0,93,6,7,146,0,159,126,0,126,285
07/29/2003,MLB,FL,ASO,ES,Federal Contract Tower,5,7,43,0,55,0,0,114,0,114,5,7,157,0,169,228,0,228,397
07/30/2003,MLB,FL,ASO,ES,Federal Contract Tower,7,6,60,2,75,0,0,125,0,125,7,6,185,2,200,250,3,253,453
07/31/2003,MLB,FL,ASO,ES,Federal Contract Tower,7,6,46,5,64,0,0,108,0,108,7,6,154,5,172,212,0,212,384
08/01/2003,MLB,FL,ASO,ES,Federal Contract Tower,4,3,51,0,58,1,0,111,0,112,5,3,162,0,170,218,0,218,388
08/02/2003,MLB,FL,ASO,ES,Federal Contract Tower,5,11,23,0,39,1,1,80,0,82,6,12,103,0,121,98,0,98,219
08/03/2003,MLB,FL,ASO,ES,Federal Contract Tower,5,7,30,0,42,1,1,66,1,69,6,8,96,1,111,64,0,64,175
08/04/2003,MLB,FL,ASO,ES,Federal Contract Tower,5,7,42,0,54,1,1,89,0,91,6,8,131,0,145,166,0,166,311
08/05/2003,MLB,FL,ASO,ES,Federal Contract Tower,4,6,25,6,41,1,1,97,0,99,5,7,122,6,140,156,0,156,296
08/06/2003,MLB,FL,ASO,ES,Federal Contract Tower,7,6,36,0,49,0,2,69,0,71,7,8,105,0,120,118,2,120,240
08/07/2003,MLB,FL,ASO,ES,Federal Contract Tower,6,5,33,0,44,0,2,57,0,59,6,7,90,0,103,140,0,140,243
08/08/2003,MLB,FL,ASO,ES,Federal Contract Tower,6,5,51,0,62,0,2,87,0,89,6,7,138,0,151,130,0,130,281
08/09/2003,MLB,FL,ASO,ES,Federal Contract Tower,4,15,31,0,50,0,1,51,0,52,4,16,82,0,102,38,0,38,140
08/10/2003,MLB,FL,ASO,ES,Federal Contract Tower,4,6,36,2,48,0,1,54,0,55,4,7,90,2,103,50,0,50,153
08/11/2003,MLB,FL,ASO,ES,Federal Contract Tower,5,9,46,3,63,0,0,123,1,124,5,9,169,4,187,118,0,118,305
08/12/2003,MLB,FL,ASO,ES,Federal Contract Tower,6,8,55,3,72,0,0,219,1,220,6,8,274,4,292,192,0,192,484
08/13/2003,MLB,FL,ASO,ES,Federal Contract Tower,6,10,61,0,77,0,0,217,4,221,6,10,278,4,298,148,0,148,446
08/14/2003,MLB,FL,ASO,ES,Federal Contract Tower,8,5,47,0,60,0,0,70,0,70,8,5,117,0,130,136,0,136,266
08/15/2003,MLB,FL,ASO,ES,Federal Contract Tower,6,7,47,5,65,0,0,143,1,144,6,7,190,6,209,168,0,168,377
08/16/2003,MLB,FL,ASO,ES,Federal Contract Tower,4,13,38,0,55,0,0,201,0,201,4,13,239,0,256,466,0,466,722
08/17/2003,MLB,FL,ASO,ES,Federal Contract Tower,8,8,107,0,123,0,0,18,0,18,8,8,125,0,141,104,0,104,245
08/18/2003,MLB,FL,ASO,ES,Federal Contract Tower,5,6,32,0,43,0,0,99,0,99,5,6,131,0,142,298,0,298,440
08/19/2003,MLB,FL,ASO,ES,Federal Contract Tower,5,7,63,0,75,0,0,115,0,115,5,7,178,0,190,238,0,238,428
08/20/2003,MLB,FL,ASO,ES,Federal Contract Tower,5,7,47,2,61,0,0,111,0,111,5,7,158,2,172,334,0,334,506
08/21/2003,MLB,FL,ASO,ES,Federal Contract Tower,7,9,98,8,122,0,0,97,0,97,7,9,195,8,219,280,0,280,499
08/22/2003,MLB,FL,ASO,ES,Federal Contract Tower,6,8,28,0,42,0,0,74,0,74,6,8,102,0,116,100,0,100,216
08/23/2003,MLB,FL,ASO,ES,Federal Contract Tower,5,13,42,0,60,0,0,84,0,84,5,13,126,0,144,88,0,88,232
08/24/2003,MLB,FL,ASO,ES,Federal Contract Tower,5,7,38,0,50,0,0,130,0,130,5,7,168,0,180,76,0,76,256
08/25/2003,MLB,FL,ASO,ES,Federal Contract Tower,5,12,48,0,65,0,0,138,0,138,5,12,186,0,203,308,0,308,511
08/26/2003,MLB,FL,ASO,ES,Federal Contract Tower,6,8,68,6,88,0,0,145,0,145,6,8,213,6,233,272,0,272,505
08/27/2003,MLB,FL,ASO,ES,Federal Contract Tower,6,6,65,2,79,0,0,203,0,203,6,6,268,2,282,346,0,346,628
08/28/2003,MLB,FL,ASO,ES,Federal Contract Tower,6,7,48,0,61,0,0,127,0,127,6,7,175,0,188,342,0,342,530
08/29/2003,MLB,FL,ASO,ES,Federal Contract Tower,6,7,57,2,72,0,0,191,0,191,6,7,248,2,263,300,0,300,563
08/30/2003,MLB,FL,ASO,ES,Federal Contract Tower,4,11,31,0,46,0,0,214,0,214,4,11,245,0,260,386,0,386,646
08/31/2003,MLB,FL,ASO,ES,Federal Contract Tower,4,6,45,0,55,0,0,84,0,84,4,6,129,0,139,94,0,94,233
09/01/2003,MLB,FL,ASO,ES,Federal Contract Tower,6,7,52,0,65,0,0,66,0,66,6,7,118,0,131,16,0,16,147
09/02/2003,MLB,FL,ASO,ES,Federal Contract Tower,6,9,21,0,36,0,0,146,0,146,6,9,167,0,182,280,0,280,462
09/03/2003,MLB,FL,ASO,ES,Federal Contract Tower,6,8,57,2,73,0,0,195,0,195,6,8,252,2,268,314,0,314,582
09/04/2003,MLB,FL,ASO,ES,Federal Contract Tower,6,8,52,0,66,0,0,172,0,172,6,8,224,0,238,304,0,304,542
09/05/2003,MLB,FL,ASO,ES,Federal Contract Tower,7,7,69,0,83,0,0,149,0,149,7,7,218,0,232,204,0,204,436
09/06/2003,MLB,FL,ASO,ES,Federal Contract Tower,3,14,40,0,57,0,0,76,0,76,3,14,116,0,133,104,0,104,237
09/07/2003,MLB,FL,ASO,ES,Federal Contract Tower,7,4,47,0,58,0,0,52,0,52,7,4,99,0,110,84,0,84,194
09/08/2003,MLB,FL,ASO,ES,Federal Contract Tower,7,10,81,0,98,0,0,129,0,129,7,10,210,0,227,228,0,228,455
09/09/2003,MLB,FL,ASO,ES,Federal Contract Tower,6,7,48,0,61,0,0,269,0,269,6,7,317,0,330,460,0,460,790
09/10/2003,MLB,FL,ASO,ES,Federal Contract Tower,8,4,22,0,34,0,0,224,0,224,8,4,246,0,258,324,0,324,582
09/11/2003,MLB,FL,ASO,ES,Federal Contract Tower,10,7,73,8,98,0,0,210,0,210,10,7,283,8,308,392,22,414,722
09/12/2003,MLB,FL,ASO,ES,Federal Contract Tower,5,7,47,0,59,0,0,244,0,244,5,7,291,0,303,322,0,322,625
09/13/2003,MLB,FL,ASO,ES,Federal Contract Tower,4,12,56,4,76,0,0,220,0,220,4,12,276,4,296,380,0,380,676
09/14/2003,MLB,FL,ASO,ES,Federal Contract Tower,8,5,49,2,64,0,0,125,0,125,8,5,174,2,189,360,0,360,549
09/15/2003,MLB,FL,ASO,ES,Federal Contract Tower,6,7,70,6,89,0,0,197,0,197,6,7,267,6,286,356,6,362,648
09/16/2003,MLB,FL,ASO,ES,Federal Contract Tower,5,9,34,3,51,0,0,112,0,112,5,9,146,3,163,166,0,166,329
09/17/2003,MLB,FL,ASO,ES,Federal Contract Tower,6,7,45,4,62,0,0,90,0,90,6,7,135,4,152,178,0,178,330
09/18/2003,MLB,FL,ASO,ES,Federal Contract Tower,5,7,59,0,71,0,0,233,0,233,5,7,292,0,304,436,0,436,740
09/19/2003,MLB,FL,ASO,ES,Federal Contract Tower,6,9,87,0,102,0,0,193,0,193,6,9,280,0,295,332,0,332,627
09/20/2003,MLB,FL,ASO,ES,Federal Contract Tower,4,12,49,0,65,0,0,175,0,175,4,12,224,0,240,380,0,380,620
09/21/2003,MLB,FL,ASO,ES,Federal Contract Tower,6,6,39,0,51,0,0,146,0,146,6,6,185,0,197,244,0,244,441
09/22/2003,MLB,FL,ASO,ES,Federal Contract Tower,6,4,59,1,70,0,0,183,0,183,6,4,242,1,253,368,0,368,621
09/23/2003,MLB,FL,ASO,ES,Federal Contract Tower,6,7,48,0,61,0,0,232,0,232,6,7,280,0,293,492,0,492,785
09/24/2003,MLB,FL,ASO,ES,Federal Contract Tower,6,6,73,0,85,0,0,193,0,193,6,6,266,0,278,372,0,372,650
09/25/2003,MLB,FL,ASO,ES,Federal Contract Tower,5,8,45,4,62,0,0,142,0,142,5,8,187,4,204,462,0,462,666
09/26/2003,MLB,FL,ASO,ES,Federal Contract Tower,6,8,81,0,95,0,0,107,0,107,6,8,188,0,202,300,0,300,502
09/27/2003,MLB,FL,ASO,ES,Federal Contract Tower,4,12,39,0,55,0,0,124,0,124,4,12,163,0,179,266,0,266,445
09/28/2003,MLB,FL,ASO,ES,Federal Contract Tower,6,7,39,0,52,0,0,73,0,73,6,7,112,0,125,216,0,216,341
09/29/2003,MLB,FL,ASO,ES,Federal Contract Tower,5,7,48,0,60,0,0,67,0,67,5,7,115,0,127,118,0,118,245
09/30/2003,MLB,FL,ASO,ES,Federal Contract Tower,5,6,43,1,55,0,0,117,0,117,5,6,160,1,172,252,0,252,424
10/01/2003,MLB,FL,ASO,ES,Federal Contract Tower,6,5,70,0,81,2,1,92,0,95,8,6,162,0,176,206,0,206,382
10/02/2003,MLB,FL,ASO,ES,Federal Contract Tower,6,4,72,1,83,0,3,201,0,204,6,7,273,1,287,366,0,366,653
10/03/2003,MLB,FL,ASO,ES,Federal Contract Tower,6,6,130,2,144,0,0,208,4,212,6,6,338,6,356,370,0,370,726
10/04/2003,MLB,FL,ASO,ES,Federal Contract Tower,5,3,53,0,61,0,10,194,0,204,5,13,247,0,265,376,0,376,641
10/05/2003,MLB,FL,ASO,ES,Federal Contract Tower,5,4,62,1,72,3,2,119,4,128,8,6,181,5,200,292,2,294,494
10/06/2003,MLB,FL,ASO,ES,Federal Contract Tower,5,10,137,1,153,0,0,220,0,220,5,10,357,1,373,424,0,424,797
10/07/2003,MLB,FL,ASO,ES,Federal Contract Tower,4,7,80,2,93,0,1,213,1,215,4,8,293,3,308,432,0,432,740
10/08/2003,MLB,FL,ASO,ES,Federal Contract Tower,8,5,123,2,138,0,0,246,0,246,8,5,369,2,384,444,0,444,828
10/09/2003,MLB,FL,ASO,ES,Federal Contract Tower,6,6,95,3,110,2,0,161,1,164,8,6,256,4,274,204,0,204,478
10/10/2003,MLB,FL,ASO,ES,Federal Contract Tower,5,7,83,0,95,0,3,198,0,201,5,10,281,0,296,354,0,354,650
10/11/2003,MLB,FL,ASO,ES,Federal Contract Tower,4,6,67,1,78,0,5,177,0,182,4,11,244,1,260,314,0,314,574
10/12/2003,MLB,FL,ASO,ES,Federal Contract Tower,3,4,51,0,58,6,2,87,0,95,9,6,138,0,153,208,0,208,361
10/13/2003,MLB,FL,ASO,ES,Federal Contract Tower,6,8,142,0,156,0,0,209,0,209,6,8,351,0,365,298,0,298,663
10/14/2003,MLB,FL,ASO,ES,Federal Contract Tower,5,5,69,2,81,1,0,139,8,148,6,5,208,10,229,188,0,188,417
10/15/2003,MLB,FL,ASO,ES,Federal Contract Tower,7,5,116,1,129,0,0,180,0,180,7,5,296,1,309,360,0,360,669
10/16/2003,MLB,FL,ASO,ES,Federal Contract Tower,6,9,100,3,118,0,0,215,0,215,6,9,315,3,333,282,0,282,615
10/17/2003,MLB,FL,ASO,ES,Federal Contract Tower,3,5,57,0,65,3,2,191,0,196,6,7,248,0,261,214,0,214,475
10/18/2003,MLB,FL,ASO,ES,Federal Contract Tower,4,5,60,0,69,0,8,124,0,132,4,13,184,0,201,144,0,144,345
10/19/2003,MLB,FL,ASO,ES,Federal Contract Tower,3,4,47,0,54,5,3,81,0,89,8,7,128,0,143,146,0,146,289
10/20/2003,MLB,FL,ASO,ES,Federal Contract Tower,5,4,75,0,84,2,0,171,0,173,7,4,246,0,257,320,0,320,577
10/21/2003,MLB,FL,ASO,ES,Federal Contract Tower,7,7,105,2,121,0,0,204,0,204,7,7,309,2,325,270,0,270,595
10/22/2003,MLB,FL,ASO,ES,Federal Contract Tower,6,5,87,0,98,1,0,209,0,210,7,5,296,0,308,284,0,284,592
10/23/2003,MLB,FL,ASO,ES,Federal Contract Tower,7,5,127,2,141,0,0,170,1,171,7,5,297,3,312,300,0,300,612
10/24/2003,MLB,FL,ASO,ES,Federal Contract Tower,6,8,125,1,140,0,0,233,0,233,6,8,358,1,373,330,2,332,705
10/25/2003,MLB,FL,ASO,ES,Federal Contract Tower,4,6,70,1,81,0,9,126,0,135,4,15,196,1,216,158,0,158,374
10/26/2003,MLB,FL,ASO,ES,Federal Contract Tower,3,4,49,0,56,3,3,104,0,110,6,7,153,0,166,244,0,244,410
10/27/2003,MLB,FL,ASO,ES,Federal Contract Tower,7,5,93,1,106,0,0,172,3,175,7,5,265,4,281,370,0,370,651
10/28/2003,MLB,FL,ASO,ES,Federal Contract Tower,6,7,83,1,97,1,2,126,1,130,7,9,209,2,227,220,0,220,447
10/29/2003,MLB,FL,ASO,ES,Federal Contract Tower,6,7,116,2,131,0,0,206,0,206,6,7,322,2,337,169,0,169,506
10/30/2003,MLB,FL,ASO,ES,Federal Contract Tower,7,7,149,3,166,0,0,179,6,185,7,7,328,9,351,330,0,330,681
10/31/2003,MLB,FL,ASO,ES,Federal Contract Tower,9,8,169,0,186,0,0,187,0,187,9,8,356,0,373,230,2,232,605
11/01/2003,MLB,FL,ASO,ES,Federal Contract Tower,3,9,98,1,111,0,5,219,3,227,3,14,317,4,338,292,0,292,630
11/02/2003,MLB,FL,ASO,ES,Federal Contract Tower,3,2,35,0,40,2,5,219,0,226,5,7,254,0,266,488,0,488,754
11/03/2003,MLB,FL,ASO,ES,Federal Contract Tower,7,9,97,1,114,1,1,61,3,66,8,10,158,4,180,74,0,74,254
11/04/2003,MLB,FL,ASO,ES,Federal Contract Tower,7,12,136,1,156,0,5,104,3,112,7,17,240,4,268,258,0,258,526
11/05/2003,MLB,FL,ASO,ES,Federal Contract Tower,6,6,85,0,97,1,0,51,0,52,7,6,136,0,149,54,0,54,203
11/06/2003,MLB,FL,ASO,ES,Federal Contract Tower,7,5,92,1,105,2,0,87,1,90,9,5,179,2,195,110,0,110,305
11/07/2003,MLB,FL,ASO,ES,Federal Contract Tower,7,8,119,0,134,0,0,169,0,169,7,8,288,0,303,232,0,232,535
11/08/2003,MLB,FL,ASO,ES,Federal Contract Tower,5,5,63,0,73,1,9,138,0,148,6,14,201,0,221,224,0,224,445
11/09/2003,MLB,FL,ASO,ES,Federal Contract Tower,5,6,61,0,72,1,2,44,1,48,6,8,105,1,120,54,0,54,174
11/10/2003,MLB,FL,ASO,ES,Federal Contract Tower,9,8,148,0,165,0,0,193,0,193,9,8,341,0,358,358,0,358,716
11/11/2003,MLB,FL,ASO,ES,Federal Contract Tower,6,7,127,0,140,0,0,246,0,246,6,7,373,0,386,702,0,702,1088
11/12/2003,MLB,FL,ASO,ES,Federal Contract Tower,8,5,143,0,156,0,0,326,0,326,8,5,469,0,482,804,0,804,1286
11/13/2003,MLB,FL,ASO,ES,Federal Contract Tower,7,5,108,0,120,0,0,345,0,345,7,5,453,0,465,432,0,432,897
11/14/2003,MLB,FL,ASO,ES,Federal Contract Tower,6,10,143,0,159,0,0,253,0,253,6,10,396,0,412,426,0,426,838
11/15/2003,MLB,FL,ASO,ES,Federal Contract Tower,4,7,69,0,80,0,7,276,0,283,4,14,345,0,363,328,0,328,691
11/16/2003,MLB,FL,ASO,ES,Federal Contract Tower,3,6,52,0,61,3,2,102,0,107,6,8,154,0,168,58,0,58,226
11/17/2003,MLB,FL,ASO,ES,Federal Contract Tower,6,6,102,2,116,1,0,175,2,178,7,6,277,4,294,380,0,380,674
11/18/2003,MLB,FL,ASO,ES,Federal Contract Tower,5,6,85,2,98,1,0,217,7,225,6,6,302,9,323,388,0,388,711
11/19/2003,MLB,FL,ASO,ES,Federal Contract Tower,3,5,51,0,59,5,0,65,0,70,8,5,116,0,129,112,0,112,241
11/20/2003,MLB,FL,ASO,ES,Federal Contract Tower,4,6,58,0,68,2,2,176,0,180,6,8,234,0,248,222,0,222,470
11/21/2003,MLB,FL,ASO,ES,Federal Contract Tower,6,7,120,0,133,0,0,255,0,255,6,7,375,0,388,410,0,410,798
11/22/2003,MLB,FL,ASO,ES,Federal Contract Tower,4,10,100,2,116,0,4,241,0,245,4,14,341,2,361,476,0,476,837
11/23/2003,MLB,FL,ASO,ES,Federal Contract Tower,5,6,91,0,102,0,0,136,0,136,5,6,227,0,238,154,0,154,392
11/24/2003,MLB,FL,ASO,ES,Federal Contract Tower,7,8,113,0,128,0,0,191,0,191,7,8,304,0,319,382,0,382,701
11/25/2003,MLB,FL,ASO,ES,Federal Contract Tower,7,8,114,0,129,0,0,166,0,166,7,8,280,0,295,226,0,226,521
11/26/2003,MLB,FL,ASO,ES,Federal Contract Tower,6,7,92,0,105,0,0,94,0,94,6,7,186,0,199,50,12,62,261
11/27/2003,MLB,FL,ASO,ES,Federal Contract Tower,2,3,31,0,36,1,7,36,0,44,3,10,67,0,80,14,0,14,94
11/28/2003,MLB,FL,ASO,ES,Federal Contract Tower,4,7,69,0,80,2,0,74,0,76,6,7,143,0,156,32,0,32,188
11/29/2003,MLB,FL,ASO,ES,Federal Contract Tower,3,5,49,0,57,2,10,33,0,45,5,15,82,0,102,34,0,34,136
11/30/2003,MLB,FL,ASO,ES,Federal Contract Tower,4,7,64,0,75,1,0,102,3,106,5,7,166,3,181,70,0,70,251
12/01/2003,MLB,FL,ASO,ES,Federal Contract Tower,6,6,128,0,140,0,0,145,0,145,6,6,273,0,285,328,0,328,613
12/02/2003,MLB,FL,ASO,ES,Federal Contract Tower,8,8,118,1,135,0,0,170,0,170,8,8,288,1,305,210,0,210,515
12/03/2003,MLB,FL,ASO,ES,Federal Contract Tower,6,7,157,2,172,0,0,191,0,191,6,7,348,2,363,410,0,410,773
12/04/2003,MLB,FL,ASO,ES,Federal Contract Tower,5,6,194,3,208,0,0,102,2,104,5,6,296,5,312,86,6,92,404
12/05/2003,MLB,FL,ASO,ES,Federal Contract Tower,6,9,95,0,110,0,0,137,0,137,6,9,232,0,247,218,0,218,465
12/06/2003,MLB,FL,ASO,ES,Federal Contract Tower,5,9,98,1,113,0,5,113,1,119,5,14,211,2,232,74,0,74,306
12/07/2003,MLB,FL,ASO,ES,Federal Contract Tower,6,5,66,0,77,0,2,106,0,108,6,7,172,0,185,118,0,118,303
12/08/2003,MLB,FL,ASO,ES,Federal Contract Tower,5,6,155,2,168,0,0,169,1,170,5,6,324,3,338,304,0,304,642
12/09/2003,MLB,FL,ASO,ES,Federal Contract Tower,6,6,131,2,145,0,0,179,0,179,6,6,310,2,324,320,1,321,645
12/10/2003,MLB,FL,ASO,ES,Federal Contract Tower,5,9,96,1,111,0,8,52,7,67,5,17,148,8,178,78,4,82,260
12/11/2003,MLB,FL,ASO,ES,Federal Contract Tower,7,4,90,1,102,0,0,135,1,136,7,4,225,2,238,244,0,244,482
12/12/2003,MLB,FL,ASO,ES,Federal Contract Tower,6,9,88,2,105,0,0,210,0,210,6,9,298,2,315,194,0,194,509
12/13/2003,MLB,FL,ASO,ES,Federal Contract Tower,6,11,111,1,129,0,1,108,0,109,6,12,219,1,238,124,0,124,362
12/14/2003,MLB,FL,ASO,ES,Federal Contract Tower,4,5,48,0,57,3,3,11,0,17,7,8,59,0,74,6,0,6,80
12/15/2003,MLB,FL,ASO,ES,Federal Contract Tower,5,7,74,1,87,1,0,109,0,110,6,7,183,1,197,194,0,194,391
12/16/2003,MLB,FL,ASO,ES,Federal Contract Tower,5,8,82,2,97,0,4,121,0,125,5,12,203,2,222,140,0,140,362
12/17/2003,MLB,FL,ASO,ES,Federal Contract Tower,6,7,93,2,108,0,0,37,0,37,6,7,130,2,145,4,0,4,149
12/18/2003,MLB,FL,ASO,ES,Federal Contract Tower,6,6,108,2,122,0,0,98,4,102,6,6,206,6,224,154,34,188,412
12/19/2003,MLB,FL,ASO,ES,Federal Contract Tower,4,6,62,1,73,2,2,73,0,77,6,8,135,1,150,125,0,125,275
12/20/2003,MLB,FL,ASO,ES,Federal Contract Tower,4,6,56,0,66,2,9,84,0,95,6,15,140,0,161,58,0,58,219
12/21/2003,MLB,FL,ASO,ES,Federal Contract Tower,3,4,36,0,43,4,2,64,0,70,7,6,100,0,113,40,0,40,153
12/22/2003,MLB,FL,ASO,ES,Federal Contract Tower,4,5,53,0,62,6,0,58,0,64,10,5,111,0,126,98,0,98,224
12/23/2003,MLB,FL,ASO,ES,Federal Contract Tower,5,6,72,2,85,5,0,81,6,92,10,6,153,8,177,108,0,108,285
12/24/2003,MLB,FL,ASO,ES,Federal Contract Tower,3,4,37,0,44,5,4,54,0,63,8,8,91,0,107,26,0,26,133
12/25/2003,MLB,FL,ASO,ES,Federal Contract Tower,1,2,19,0,22,7,5,18,0,30,8,7,37,0,52,10,0,10,62
12/26/2003,MLB,FL,ASO,ES,Federal Contract Tower,4,5,51,0,60,4,3,67,0,74,8,8,118,0,134,22,0,22,156
12/27/2003,MLB,FL,ASO,ES,Federal Contract Tower,5,7,71,0,83,1,7,67,0,75,6,14,138,0,158,12,0,12,170
12/28/2003,MLB,FL,ASO,ES,Federal Contract Tower,4,6,57,0,67,4,3,86,0,93,8,9,143,0,160,36,0,36,196
12/29/2003,MLB,FL,ASO,ES,Federal Contract Tower,5,7,68,0,80,3,2,58,0,63,8,9,126,0,143,26,0,26,169
12/30/2003,MLB,FL,ASO,ES,Federal Contract Tower,4,6,63,1,74,6,0,112,1,119,10,6,175,2,193,42,0,42,235
12/31/2003,MLB,FL,ASO,ES,Federal Contract Tower,5,5,76,0,86,3,0,83,0,86,8,5,159,0,172,44,0,44,216
01/01/2004,MLB,FL,ASO,ES,Federal Contract Tower,4,3,39,0,46,5,6,38,0,49,9,9,77,0,95,2,0,2,97
01/02/2004,MLB,FL,ASO,ES,Federal Contract Tower,7,4,54,0,65,3,1,75,0,79,10,5,129,0,144,28,0,28,172
01/03/2004,MLB,FL,ASO,ES,Federal Contract Tower,6,4,56,0,66,0,12,79,0,91,6,16,135,0,157,42,0,42,199
01/04/2004,MLB,FL,ASO,ES,Federal Contract Tower,7,4,55,0,66,0,7,60,0,67,7,11,115,0,133,10,0,10,143
01/05/2004,MLB,FL,ASO,ES,Federal Contract Tower,6,7,60,0,73,2,0,57,0,59,8,7,117,0,132,28,0,28,160
01/06/2004,MLB,FL,ASO,ES,Federal Contract Tower,8,8,103,1,120,0,0,55,0,55,8,8,158,1,175,60,0,60,235
01/07/2004,MLB,FL,ASO,ES,Federal Contract Tower,8,7,66,0,81,0,3,75,0,78,8,10,141,0,159,62,0,62,221
01/08/2004,MLB,FL,ASO,ES,Federal Contract Tower,8,10,104,2,124,0,0,141,3,144,8,10,245,5,268,222,0,222,490
01/09/2004,MLB,FL,ASO,ES,Federal Contract Tower,8,6,88,0,102,1,0,186,0,187,9,6,274,0,289,232,6,238,527
01/10/2004,MLB,FL,ASO,ES,Federal Contract Tower,5,6,52,0,63,2,10,24,0,36,7,16,76,0,99,26,0,26,125
01/11/2004,MLB,FL,ASO,ES,Federal Contract Tower,7,8,95,2,112,0,0,101,2,103,7,8,196,4,215,176,0,176,391
01/12/2004,MLB,FL,ASO,ES,Federal Contract Tower,8,8,118,2,136,0,0,232,0,232,8,8,350,2,368,436,0,436,804
01/13/2004,MLB,FL,ASO,ES,Federal Contract Tower,8,9,85,0,102,1,2,190,0,193,9,11,275,0,295,384,0,384,679
01/14/2004,MLB,FL,ASO,ES,Federal Contract Tower,8,7,116,2,133,0,0,247,0,247,8,7,363,2,380,344,0,344,724
01/15/2004,MLB,FL,ASO,ES,Federal Contract Tower,8,6,108,0,122,0,0,180,0,180,8,6,288,0,302,248,0,248,550
01/16/2004,MLB,FL,ASO,ES,Federal Contract Tower,7,8,74,1,90,1,0,236,0,237,8,8,310,1,327,312,0,312,639
01/17/2004,MLB,FL,ASO,ES,Federal Contract Tower,8,11,106,0,125,0,5,205,0,210,8,16,311,0,335,269,0,269,604
01/18/2004,MLB,FL,ASO,ES,Federal Contract Tower,5,6,55,1,67,3,3,51,0,57,8,9,106,1,124,94,0,94,218
01/19/2004,MLB,FL,ASO,ES,Federal Contract Tower,8,8,103,0,119,0,0,96,0,96,8,8,199,0,215,122,0,122,337
01/20/2004,MLB,FL,ASO,ES,Federal Contract Tower,6,8,94,0,108,0,0,204,0,204,6,8,298,0,312,342,0,342,654
01/21/2004,MLB,FL,ASO,ES,Federal Contract Tower,7,8,114,2,131,0,0,254,4,258,7,8,368,6,389,500,0,500,889
01/22/2004,MLB,FL,ASO,ES,Federal Contract Tower,8,6,81,0,95,0,0,215,0,215,8,6,296,0,310,260,0,260,570
01/23/2004,MLB,FL,ASO,ES,Federal Contract Tower,9,6,107,1,123,0,0,282,3,285,9,6,389,4,408,288,0,288,696
01/24/2004,MLB,FL,ASO,ES,Federal Contract Tower,7,9,77,0,93,2,3,206,0,211,9,12,283,0,304,186,0,186,490
01/25/2004,MLB,FL,ASO,ES,Federal Contract Tower,6,8,71,0,85,1,0,146,0,147,7,8,217,0,232,228,0,228,460
01/26/2004,MLB,FL,ASO,ES,Federal Contract Tower,5,6,56,0,67,0,1,139,0,140,5,7,195,0,207,212,0,212,419
01/27/2004,MLB,FL,ASO,ES,Federal Contract Tower,5,5,59,0,69,5,0,89,0,94,10,5,148,0,163,189,0,189,352
01/28/2004,MLB,FL,ASO,ES,Federal Contract Tower,8,6,95,0,109,0,0,215,0,215,8,6,310,0,324,294,0,294,618
01/29/2004,MLB,FL,ASO,ES,Federal Contract Tower,7,6,79,0,92,1,0,222,2,225,8,6,301,2,317,400,0,400,717
01/30/2004,MLB,FL,ASO,ES,Federal Contract Tower,9,7,129,0,145,0,0,182,0,182,9,7,311,0,327,352,0,352,679
01/31/2004,MLB,FL,ASO,ES,Federal Contract Tower,7,9,85,0,101,0,2,123,0,125,7,11,208,0,226,150,0,150,376
02/01/2004,MLB,FL,ASO,ES,Federal Contract Tower,6,6,92,1,105,2,3,30,1,36,8,9,122,2,141,40,0,40,181
02/02/2004,MLB,FL,ASO,ES,Federal Contract Tower,6,6,109,0,121,0,2,122,0,124,6,8,231,0,245,200,0,200,445
02/03/2004,MLB,FL,ASO,ES,Federal Contract Tower,6,6,115,1,128,0,1,161,1,163,6,7,276,2,291,240,0,240,531
02/04/2004,MLB,FL,ASO,ES,Federal Contract Tower,8,6,137,2,153,0,0,225,2,227,8,6,362,4,380,318,0,318,698
02/05/2004,MLB,FL,ASO,ES,Federal Contract Tower,6,7,149,0,162,0,0,173,0,173,6,7,322,0,335,220,0,220,555
02/06/2004,MLB,FL,ASO,ES,Federal Contract Tower,7,7,168,3,185,0,0,191,3,194,7,7,359,6,379,164,0,164,543
02/07/2004,MLB,FL,ASO,ES,Federal Contract Tower,8,9,142,0,159,1,3,255,0,259,9,12,397,0,418,70,0,70,488
02/08/2004,MLB,FL,ASO,ES,Federal Contract Tower,7,7,172,0,186,0,0,210,0,210,7,7,382,0,396,48,0,48,444
02/09/2004,MLB,FL,ASO,ES,Federal Contract Tower,7,7,133,2,149,0,0,222,0,222,7,7,355,2,371,400,0,400,771
02/10/2004,MLB,FL,ASO,ES,Federal Contract Tower,8,6,175,2,191,0,0,204,0,204,8,6,379,2,395,234,0,234,629
02/11/2004,MLB,FL,ASO,ES,Federal Contract Tower,7,8,217,4,236,0,0,174,0,174,7,8,391,4,410,324,0,324,734
02/12/2004,MLB,FL,ASO,ES,Federal Contract Tower,6,9,120,2,137,0,0,135,0,135,6,9,255,2,272,164,0,164,436
02/13/2004,MLB,FL,ASO,ES,Federal Contract Tower,9,10,188,0,207,0,0,37,0,37,9,10,225,0,244,6,0,6,250
02/14/2004,MLB,FL,ASO,ES,Federal Contract Tower,5,6,86,0,97,0,9,129,0,138,5,15,215,0,235,136,0,136,371
02/15/2004,MLB,FL,ASO,ES,Federal Contract Tower,5,6,84,0,95,2,1,64,0,67,7,7,148,0,162,172,0,172,334
02/16/2004,MLB,FL,ASO,ES,Federal Contract Tower,8,7,160,0,175,0,0,202,0,202,8,7,362,0,377,248,0,248,625
02/17/2004,MLB,FL,ASO,ES,Federal Contract Tower,8,8,125,2,143,3,0,87,2,92,11,8,212,4,235,140,0,140,375
02/18/2004,MLB,FL,ASO,ES,Federal Contract Tower,7,7,133,2,149,0,0,110,0,110,7,7,243,2,259,86,0,86,345
02/19/2004,MLB,FL,ASO,ES,Federal Contract Tower,7,7,115,0,129,1,0,189,0,190,8,7,304,0,319,232,0,232,551
02/20/2004,MLB,FL,ASO,ES,Federal Contract Tower,7,8,116,0,131,1,2,245,0,248,8,10,361,0,379,404,0,404,783
02/21/2004,MLB,FL,ASO,ES,Federal Contract Tower,4,5,70,0,79,3,5,198,0,206,7,10,268,0,285,264,0,264,549
02/22/2004,MLB,FL,ASO,ES,Federal Contract Tower,5,7,93,0,105,1,0,168,0,169,6,7,261,0,274,224,0,224,498
02/23/2004,MLB,FL,ASO,ES,Federal Contract Tower,7,7,165,0,179,0,0,174,0,174,7,7,339,0,353,314,0,314,667
02/24/2004,MLB,FL,ASO,ES,Federal Contract Tower,3,5,66,0,74,6,2,60,0,68,9,7,126,0,142,88,0,88,230
02/25/2004,MLB,FL,ASO,ES,Federal Contract Tower,4,5,63,0,72,7,2,0,6,15,11,7,63,6,87,6,0,6,93
02/26/2004,MLB,FL,ASO,ES,Federal Contract Tower,5,7,130,1,143,0,0,53,4,57,5,7,183,5,200,20,0,20,220
02/27/2004,MLB,FL,ASO,ES,Federal Contract Tower,6,8,108,1,123,4,4,8,4,20,10,12,116,5,143,22,0,22,165
02/28/2004,MLB,FL,ASO,ES,Federal Contract Tower,3,5,66,1,75,3,6,19,8,36,6,11,85,9,111,14,0,14,125
02/29/2004,MLB,FL,ASO,ES,Federal Contract Tower,4,4,69,0,77,3,3,99,0,105,7,7,168,0,182,100,0,100,282
03/01/2004,MLB,FL,ASO,ES,Federal Contract Tower,6,5,121,1,133,1,0,129,4,134,7,5,250,5,267,166,0,166,433
03/02/2004,MLB,FL,ASO,ES,Federal Contract Tower,8,7,156,1,172,0,0,123,1,124,8,7,279,2,296,202,0,202,498
03/03/2004,MLB,FL,ASO,ES,Federal Contract Tower,8,5,170,1,184,0,0,180,0,180,8,5,350,1,364,128,0,128,492
03/04/2004,MLB,FL,ASO,ES,Federal Contract Tower,6,8,127,0,141,0,0,121,0,121,6,8,248,0,262,236,0,236,498
03/05/2004,MLB,FL,ASO,ES,Federal Contract Tower,5,7,105,1,118,3,1,127,1,132,8,8,232,2,250,160,0,160,410
03/06/2004,MLB,FL,ASO,ES,Federal Contract Tower,4,5,94,0,103,3,7,95,0,105,7,12,189,0,208,26,0,26,234
03/07/2004,MLB,FL,ASO,ES,Federal Contract Tower,4,5,81,0,90,2,3,36,0,41,6,8,117,0,131,42,0,42,173
03/08/2004,MLB,FL,ASO,ES,Federal Contract Tower,7,5,114,0,126,1,0,186,0,187,8,5,300,0,313,262,0,262,575
03/09/2004,MLB,FL,ASO,ES,Federal Contract Tower,6,6,108,0,120,2,1,210,0,213,8,7,318,0,333,330,0,330,663
03/10/2004,MLB,FL,ASO,ES,Federal Contract Tower,7,7,132,0,146,0,0,195,0,195,7,7,327,0,341,306,0,306,647
03/11/2004,MLB,FL,ASO,ES,Federal Contract Tower,9,8,143,2,162,0,1,207,2,210,9,9,350,4,372,352,0,352,724
03/12/2004,MLB,FL,ASO,ES,Federal Contract Tower,9,4,198,0,211,0,0,230,0,230,9,4,428,0,441,442,0,442,883
03/13/2004,MLB,FL,ASO,ES,Federal Contract Tower,7,7,117,2,133,1,3,223,2,229,8,10,340,4,362,242,0,242,604
03/14/2004,MLB,FL,ASO,ES,Federal Contract Tower,5,4,77,0,86,3,3,172,0,178,8,7,249,0,264,256,0,256,520
03/15/2004,MLB,FL,ASO,ES,Federal Contract Tower,8,8,148,2,166,0,0,163,0,163,8,8,311,2,329,236,0,236,565
03/16/2004,MLB,FL,ASO,ES,Federal Contract Tower,6,5,89,1,101,6,5,38,1,50,12,10,127,2,151,60,0,60,211
03/17/2004,MLB,FL,ASO,ES,Federal Contract Tower,8,6,145,0,159,0,0,271,0,271,8,6,416,0,430,330,0,330,760
03/18/2004,MLB,FL,ASO,ES,Federal Contract Tower,8,10,168,2,188,0,0,235,3,238,8,10,403,5,426,290,0,290,716
03/19/2004,MLB,FL,ASO,ES,Federal Contract Tower,9,9,164,2,184,0,0,272,0,272,9,9,436,2,456,360,0,360,816
03/20/2004,MLB,FL,ASO,ES,Federal Contract Tower,7,6,108,2,123,1,3,181,2,187,8,9,289,4,310,342,0,342,652
03/21/2004,MLB,FL,ASO,ES,Federal Contract Tower,5,5,93,2,105,2,3,157,1,163,7,8,250,3,268,274,0,274,542
03/22/2004,MLB,FL,ASO,ES,Federal Contract Tower,6,5,163,0,174,0,0,92,0,92,6,5,255,0,266,78,0,78,344
03/23/2004,MLB,FL,ASO,ES,Federal Contract Tower,7,7,122,0,136,1,5,147,0,153,8,12,269,0,289,230,0,230,519
03/24/2004,MLB,FL,ASO,ES,Federal Contract Tower,8,6,228,2,244,0,0,211,2,213,8,6,439,4,457,232,0,232,689
03/25/2004,MLB,FL,ASO,ES,Federal Contract Tower,10,9,179,1,199,0,0,102,1,103,10,9,281,2,302,280,0,280,582
03/26/2004,MLB,FL,ASO,ES,Federal Contract Tower,8,7,168,0,183,0,0,186,0,186,8,7,354,0,369,318,0,318,687
03/27/2004,MLB,FL,ASO,ES,Federal Contract Tower,6,5,98,0,109,1,6,184,0,191,7,11,282,0,300,224,0,224,524
03/28/2004,MLB,FL,ASO,ES,Federal Contract Tower,4,3,57,0,64,2,3,120,0,125,6,6,177,0,189,162,0,162,351
03/29/2004,MLB,FL,ASO,ES,Federal Contract Tower,8,7,164,1,180,0,0,188,1,189,8,7,352,2,369,233,0,233,602
03/30/2004,MLB,FL,ASO,ES,Federal Contract Tower,7,7,156,1,171,0,0,200,1,201,7,7,356,2,372,320,0,320,692
03/31/2004,MLB,FL,ASO,ES,Federal Contract Tower,7,7,121,0,135,1,1,160,0,162,8,8,281,0,297,214,0,214,511
04/01/2004,MLB,FL,ASO,ES,Federal Contract Tower,7,6,121,0,134,3,0,143,0,146,10,6,264,0,280,244,0,244,524
04/02/2004,MLB,FL,ASO,ES,Federal Contract Tower,8,9,145,0,162,0,0,210,0,210,8,9,355,0,372,252,0,252,624
04/03/2004,MLB,FL,ASO,ES,Federal Contract Tower,7,7,109,0,123,0,13,174,0,187,7,20,283,0,310,214,0,214,524
04/04/2004,MLB,FL,ASO,ES,Federal Contract Tower,5,3,59,0,67,0,4,88,0,92,5,7,147,0,159,54,0,54,213
04/05/2004,MLB,FL,ASO,ES,Federal Contract Tower,6,7,130,1,144,0,0,216,7,223,6,7,346,8,367,398,0,398,765
04/06/2004,MLB,FL,ASO,ES,Federal Contract Tower,5,8,134,0,147,0,0,200,0,200,5,8,334,0,347,242,0,242,589
04/07/2004,MLB,FL,ASO,ES,Federal Contract Tower,7,7,109,0,123,0,0,199,0,199,7,7,308,0,322,360,0,360,682
04/08/2004,MLB,FL,ASO,ES,Federal Contract Tower,3,5,65,0,73,4,2,128,0,134,7,7,193,0,207,234,0,234,441
04/09/2004,MLB,FL,ASO,ES,Federal Contract Tower,6,6,124,0,136,0,0,153,0,153,6,6,277,0,289,218,0,218,507
04/10/2004,MLB,FL,ASO,ES,Federal Contract Tower,6,8,111,0,125,0,8,138,0,146,6,16,249,0,271,146,0,146,417
04/11/2004,MLB,FL,ASO,ES,Federal Contract Tower,2,5,53,0,60,4,4,42,0,50,6,9,95,0,110,8,0,8,118
04/12/2004,MLB,FL,ASO,ES,Federal Contract Tower,5,7,102,0,114,0,0,84,0,84,5,7,186,0,198,174,0,174,372
04/13/2004,MLB,FL,ASO,ES,Federal Contract Tower,3,6,66,1,76,4,3,58,1,66,7,9,124,2,142,110,0,110,252
04/14/2004,MLB,FL,ASO,ES,Federal Contract Tower,6,6,127,2,141,0,0,180,2,182,6,6,307,4,323,240,6,246,569
04/15/2004,MLB,FL,ASO,ES,Federal Contract Tower,6,8,114,0,128,1,0,224,0,225,7,8,338,0,353,394,0,394,747
04/16/2004,MLB,FL,ASO,ES,Federal Contract Tower,6,9,155,2,172,0,0,258,0,258,6,9,413,2,430,390,0,390,820
04/17/2004,MLB,FL,ASO,ES,Federal Contract Tower,4,7,85,0,96,2,3,185,0,190,6,10,270,0,286,204,0,204,490
04/18/2004,MLB,FL,ASO,ES,Federal Contract Tower,4,6,73,0,83,1,1,152,0,154,5,7,225,0,237,72,0,72,309
04/19/2004,MLB,FL,ASO,ES,Federal Contract Tower,6,8,140,2,156,0,0,157,2,159,6,8,297,4,315,316,0,316,631
04/20/2004,MLB,FL,ASO,ES,Federal Contract Tower,6,8,134,0,148,0,0,202,0,202,6,8,336,0,350,264,0,264,614
04/21/2004,MLB,FL,ASO,ES,Federal Contract Tower,5,8,140,1,154,0,0,230,0,230,5,8,370,1,384,326,0,326,710
04/22/2004,MLB,FL,ASO,ES,Federal Contract Tower,6,8,116,2,132,0,0,124,6,130,6,8,240,8,262,250,0,250,512
04/23/2004,MLB,FL,ASO,ES,Federal Contract Tower,7,7,129,0,143,0,0,197,0,197,7,7,326,0,340,276,0,276,616
04/24/2004,MLB,FL,ASO,ES,Federal Contract Tower,4,6,70,1,81,2,7,141,5,155,6,13,211,6,236,216,0,216,452
04/25/2004,MLB,FL,ASO,ES,Federal Contract Tower,5,7,90,0,102,1,6,103,0,110,6,13,193,0,212,82,0,82,294
04/26/2004,MLB,FL,ASO,ES,Federal Contract Tower,7,9,160,2,178,0,0,98,0,98,7,9,258,2,276,174,0,174,450
04/27/2004,MLB,FL,ASO,ES,Federal Contract Tower,6,10,119,1,136,1,0,46,1,48,7,10,165,2,184,80,0,80,264
04/28/2004,MLB,FL,ASO,ES,Federal Contract Tower,4,10,128,1,143,0,0,149,5,154,4,10,277,6,297,258,0,258,555
04/29/2004,MLB,FL,ASO,ES,Federal Contract Tower,5,9,133,0,147,0,0,93,0,93,5,9,226,0,240,238,0,238,478
04/30/2004,MLB,FL,ASO,ES,Federal Contract Tower,6,8,113,1,128,1,0,94,1,96,7,8,207,2,224,154,0,154,378
05/01/2004,MLB,FL,ASO,ES,Federal Contract Tower,5,5,81,0,91,0,4,62,0,66,5,9,143,0,157,72,0,72,229
05/02/2004,MLB,FL,ASO,ES,Federal Contract Tower,5,2,61,0,68,1,7,46,0,54,6,9,107,0,122,38,0,38,160
05/03/2004,MLB,FL,ASO,ES,Federal Contract Tower,5,3,63,0,71,1,4,34,1,40,6,7,97,1,111,70,0,70,181
05/04/2004,MLB,FL,ASO,ES,Federal Contract Tower,4,8,126,0,138,0,0,116,2,118,4,8,242,2,256,240,0,240,496
05/05/2004,MLB,FL,ASO,ES,Federal Contract Tower,6,6,148,1,161,0,0,166,1,167,6,6,314,2,328,300,0,300,628
05/06/2004,MLB,FL,ASO,ES,Federal Contract Tower,6,8,168,0,182,0,0,156,0,156,6,8,324,0,338,216,0,216,554
05/07/2004,MLB,FL,ASO,ES,Federal Contract Tower,6,8,153,0,167,0,0,167,0,167,6,8,320,0,334,264,0,264,598
05/08/2004,MLB,FL,ASO,ES,Federal Contract Tower,5,8,100,0,113,1,6,111,0,118,6,14,211,0,231,138,0,138,369
05/09/2004,MLB,FL,ASO,ES,Federal Contract Tower,4,6,83,0,93,1,0,96,0,97,5,6,179,0,190,112,0,112,302
05/10/2004,MLB,FL,ASO,ES,Federal Contract Tower,6,8,151,2,167,0,0,105,0,105,6,8,256,2,272,234,0,234,506
05/11/2004,MLB,FL,ASO,ES,Federal Contract Tower,7,9,152,0,168,0,0,176,0,176,7,9,328,0,344,288,0,288,632
05/12/2004,MLB,FL,ASO,ES,Federal Contract Tower,5,9,167,0,181,0,0,140,0,140,5,9,307,0,321,254,0,254,575
05/13/2004,MLB,FL,ASO,ES,Federal Contract Tower,5,6,136,1,148,0,0,116,3,119,5,6,252,4,267,250,0,250,517
05/14/2004,MLB,FL,ASO,ES,Federal Contract Tower,6,8,132,1,147,0,0,127,1,128,6,8,259,2,275,198,0,198,473
05/15/2004,MLB,FL,ASO,ES,Federal Contract Tower,5,7,91,0,103,2,7,98,0,107,7,14,189,0,210,80,0,80,290
05/16/2004,MLB,FL,ASO,ES,Federal Contract Tower,4,6,79,0,89,1,2,56,0,59,5,8,135,0,148,46,0,46,194
05/17/2004,MLB,FL,ASO,ES,Federal Contract Tower,5,8,142,1,156,0,0,151,1,152,5,8,293,2,308,278,0,278,586
05/18/2004,MLB,FL,ASO,ES,Federal Contract Tower,5,8,125,0,138,0,0,180,0,180,5,8,305,0,318,293,0,293,611
05/19/2004,MLB,FL,ASO,ES,Federal Contract Tower,6,9,155,0,170,0,0,174,0,174,6,9,329,0,344,308,0,308,652
05/20/2004,MLB,FL,ASO,ES,Federal Contract Tower,5,7,140,0,152,0,0,156,0,156,5,7,296,0,308,252,0,252,560
05/21/2004,MLB,FL,ASO,ES,Federal Contract Tower,6,8,149,2,165,0,0,141,0,141,6,8,290,2,306,228,0,228,534
05/22/2004,MLB,FL,ASO,ES,Federal Contract Tower,4,8,96,0,108,2,2,159,0,163,6,10,255,0,271,194,0,194,465
05/23/2004,MLB,FL,ASO,ES,Federal Contract Tower,4,6,78,0,88,1,1,91,1,94,5,7,169,1,182,116,0,116,298
05/24/2004,MLB,FL,ASO,ES,Federal Contract Tower,6,7,108,0,121,0,0,130,1,131,6,7,238,1,252,218,0,218,470
05/25/2004,MLB,FL,ASO,ES,Federal Contract Tower,4,8,98,0,110,1,0,163,1,165,5,8,261,1,275,310,0,310,585
05/26/2004,MLB,FL,ASO,ES,Federal Contract Tower,4,5,98,0,107,4,0,143,1,148,8,5,241,1,255,226,0,226,481
05/27/2004,MLB,FL,ASO,ES,Federal Contract Tower,6,8,122,0,136,0,0,155,3,158,6,8,277,3,294,328,0,328,622
05/28/2004,MLB,FL,ASO,ES,Federal Contract Tower,6,8,107,0,121,0,0,142,0,142,6,8,249,0,263,138,0,138,401
05/29/2004,MLB,FL,ASO,ES,Federal Contract Tower,3,4,60,0,67,2,9,88,0,99,5,13,148,0,166,134,0,134,300
05/30/2004,MLB,FL,ASO,ES,Federal Contract Tower,2,3,45,0,50,4,3,73,0,80,6,6,118,0,130,14,0,14,144
05/31/2004,MLB,FL,ASO,ES,Federal Contract Tower,2,4,53,0,59,3,3,98,0,104,5,7,151,0,163,108,0,108,271
06/01/2004,MLB,FL,ASO,ES,Federal Contract Tower,4,5,97,0,106,0,0,124,0,124,4,5,221,0,230,190,0,190,420
06/02/2004,MLB,FL,ASO,ES,Federal Contract Tower,4,7,82,0,93,2,0,105,0,107,6,7,187,0,200,164,0,164,364
06/03/2004,MLB,FL,ASO,ES,Federal Contract Tower,5,6,84,0,95,2,0,123,2,127,7,6,207,2,222,230,0,230,452
06/04/2004,MLB,FL,ASO,ES,Federal Contract Tower,6,6,124,0,136,0,0,89,0,89,6,6,213,0,225,246,0,246,471
06/05/2004,MLB,FL,ASO,ES,Federal Contract Tower,4,4,57,0,65,2,11,63,0,76,6,15,120,0,141,122,0,122,263
06/06/2004,MLB,FL,ASO,ES,Federal Contract Tower,3,4,51,0,58,3,4,100,0,107,6,8,151,0,165,140,0,140,305
06/07/2004,MLB,FL,ASO,ES,Federal Contract Tower,6,4,91,0,101,1,0,90,2,93,7,4,181,2,194,214,0,214,408
06/08/2004,MLB,FL,ASO,ES,Federal Contract Tower,7,5,117,0,129,0,0,108,0,108,7,5,225,0,237,284,0,284,521
06/09/2004,MLB,FL,ASO,ES,Federal Contract Tower,8,3,103,0,114,4,0,128,0,132,12,3,231,0,246,214,0,214,460
06/10/2004,MLB,FL,ASO,ES,Federal Contract Tower,7,5,89,1,102,0,2,80,3,85,7,7,169,4,187,188,0,188,375
06/11/2004,MLB,FL,ASO,ES,Federal Contract Tower,7,5,94,0,106,0,0,136,0,136,7,5,230,0,242,172,0,172,414
06/12/2004,MLB,FL,ASO,ES,Federal Contract Tower,7,6,89,1,103,1,1,103,1,106,8,7,192,2,209,114,0,114,323
06/13/2004,MLB,FL,ASO,ES,Federal Contract Tower,6,5,81,1,93,0,2,112,3,117,6,7,193,4,210,104,0,104,314
06/14/2004,MLB,FL,ASO,ES,Federal Contract Tower,8,7,131,1,147,0,0,95,0,95,8,7,226,1,242,138,0,138,380
06/15/2004,MLB,FL,ASO,ES,Federal Contract Tower,6,7,144,1,158,0,0,155,0,155,6,7,299,1,313,178,0,178,491
06/16/2004,MLB,FL,ASO,ES,Federal Contract Tower,8,4,145,0,157,0,0,176,0,176,8,4,321,0,333,230,0,230,563
06/17/2004,MLB,FL,ASO,ES,Federal Contract Tower,9,9,145,0,163,0,0,113,0,113,9,9,258,0,276,288,0,288,564
06/18/2004,MLB,FL,ASO,ES,Federal Contract Tower,8,9,143,0,160,0,3,127,0,130,8,12,270,0,290,94,0,94,384
06/19/2004,MLB,FL,ASO,ES,Federal Contract Tower,6,4,74,0,84,3,4,83,0,90,9,8,157,0,174,132,0,132,306
06/20/2004,MLB,FL,ASO,ES,Federal Contract Tower,4,2,41,0,47,1,2,82,0,85,5,4,123,0,132,96,0,96,228
06/21/2004,MLB,FL,ASO,ES,Federal Contract Tower,6,3,70,0,79,1,0,120,0,121,7,3,190,0,200,196,0,196,396
06/22/2004,MLB,FL,ASO,ES,Federal Contract Tower,5,3,61,0,69,0,5,108,0,113,5,8,169,0,182,262,0,262,444
06/23/2004,MLB,FL,ASO,ES,Federal Contract Tower,7,3,89,1,100,0,0,139,1,140,7,3,228,2,240,248,0,248,488
06/24/2004,MLB,FL,ASO,ES,Federal Contract Tower,5,6,97,0,108,0,0,167,0,167,5,6,264,0,275,278,0,278,553
06/25/2004,MLB,FL,ASO,ES,Federal Contract Tower,9,7,116,0,132,0,1,163,0,164,9,8,279,0,296,398,0,398,694
06/26/2004,MLB,FL,ASO,ES,Federal Contract Tower,6,5,84,0,95,2,2,49,0,53,8,7,133,0,148,64,0,64,212
06/27/2004,MLB,FL,ASO,ES,Federal Contract Tower,5,3,63,0,71,2,1,64,0,67,7,4,127,0,138,40,0,40,178
06/28/2004,MLB,FL,ASO,ES,Federal Contract Tower,8,4,134,1,147,0,0,144,5,149,8,4,278,6,296,366,0,366,662
06/29/2004,MLB,FL,ASO,ES,Federal Contract Tower,6,6,119,0,131,0,0,156,0,156,6,6,275,0,287,288,0,288,575
06/30/2004,MLB,FL,ASO,ES,Federal Contract Tower,9,3,131,0,143,1,0,170,0,171,10,3,301,0,314,250,0,250,564
07/01/2004,MLB,FL,ASO,ES,Federal Contract Tower,7,4,139,0,150,0,0,184,0,184,7,4,323,0,334,130,0,130,464
07/02/2004,MLB,FL,ASO,ES,Federal Contract Tower,10,4,125,0,139,1,0,142,0,143,11,4,267,0,282,148,0,148,430
07/03/2004,MLB,FL,ASO,ES,Federal Contract Tower,6,3,67,0,76,7,2,86,0,95,13,5,153,0,171,70,0,70,241
07/04/2004,MLB,FL,ASO,ES,Federal Contract Tower,2,2,36,0,40,7,2,32,0,41,9,4,68,0,81,16,0,16,97
07/05/2004,MLB,FL,ASO,ES,Federal Contract Tower,7,2,87,0,96,4,0,70,0,74,11,2,157,0,170,30,0,30,200
07/06/2004,MLB,FL,ASO,ES,Federal Contract Tower,6,3,67,0,76,1,1,140,0,142,7,4,207,0,218,150,0,150,368
07/07/2004,MLB,FL,ASO,ES,Federal Contract Tower,7,4,86,0,97,3,0,105,0,108,10,4,191,0,205,120,0,120,325
07/08/2004,MLB,FL,ASO,ES,Federal Contract Tower,10,3,123,0,136,0,0,171,0,171,10,3,294,0,307,200,0,200,507
07/09/2004,MLB,FL,ASO,ES,Federal Contract Tower,8,4,133,1,146,0,0,153,1,154,8,4,286,2,300,160,0,160,460
07/10/2004,MLB,FL,ASO,ES,Federal Contract Tower,6,4,71,0,81,5,2,146,0,153,11,6,217,0,234,76,0,76,310
07/11/2004,MLB,FL,ASO,ES,Federal Contract Tower,5,2,51,0,58,5,2,83,0,90,10,4,134,0,148,62,0,62,210
07/12/2004,MLB,FL,ASO,ES,Federal Contract Tower,9,3,112,0,124,0,0,120,0,120,9,3,232,0,244,160,0,160,404
07/13/2004,MLB,FL,ASO,ES,Federal Contract Tower,8,4,108,2,122,0,1,167,2,170,8,5,275,4,292,272,0,272,564
07/14/2004,MLB,FL,ASO,ES,Federal Contract Tower,7,3,93,1,104,0,0,168,3,171,7,3,261,4,275,164,0,164,439
07/15/2004,MLB,FL,ASO,ES,Federal Contract Tower,8,4,102,0,114,0,2,131,0,133,8,6,233,0,247,126,0,126,373
07/16/2004,MLB,FL,ASO,ES,Federal Contract Tower,9,3,104,2,118,0,0,113,0,113,9,3,217,2,231,196,0,196,427
07/17/2004,MLB,FL,ASO,ES,Federal Contract Tower,8,3,78,0,89,0,7,83,0,90,8,10,161,0,179,116,0,116,295
07/18/2004,MLB,FL,ASO,ES,Federal Contract Tower,6,2,62,0,70,3,2,44,0,49,9,4,106,0,119,60,0,60,179
07/19/2004,MLB,FL,ASO,ES,Federal Contract Tower,9,2,92,1,104,1,0,56,3,60,10,2,148,4,164,92,0,92,256
07/20/2004,MLB,FL,ASO,ES,Federal Contract Tower,11,5,136,2,154,0,1,66,10,77,11,6,202,12,231,132,0,132,363
07/21/2004,MLB,FL,ASO,ES,Federal Contract Tower,9,5,136,0,150,0,0,86,0,86,9,5,222,0,236,82,0,82,318
07/22/2004,MLB,FL,ASO,ES,Federal Contract Tower,12,6,147,0,165,0,1,107,0,108,12,7,254,0,273,162,0,162,435
07/23/2004,MLB,FL,ASO,ES,Federal Contract Tower,10,3,127,0,140,0,0,112,0,112,10,3,239,0,252,202,0,202,454
07/24/2004,MLB,FL,ASO,ES,Federal Contract Tower,9,4,107,0,120,0,3,102,0,105,9,7,209,0,225,78,0,78,303
07/25/2004,MLB,FL,ASO,ES,Federal Contract Tower,7,2,69,0,78,1,1,97,0,99,8,3,166,0,177,148,0,148,325
07/26/2004,MLB,FL,ASO,ES,Federal Contract Tower,9,3,92,0,104,2,0,106,0,108,11,3,198,0,212,194,0,194,406
07/27/2004,MLB,FL,ASO,ES,Federal Contract Tower,9,4,101,1,115,0,0,93,1,94,9,4,194,2,209,174,0,174,383
07/28/2004,MLB,FL,ASO,ES,Federal Contract Tower,6,3,169,0,178,0,0,87,0,87,6,3,256,0,265,112,0,112,377
07/29/2004,MLB,FL,ASO,ES,Federal Contract Tower,11,2,181,0,194,0,0,151,0,151,11,2,332,0,345,278,0,278,623
07/30/2004,MLB,FL,ASO,ES,Federal Contract Tower,10,4,145,0,159,0,0,116,0,116,10,4,261,0,275,202,0,202,477
07/31/2004,MLB,FL,ASO,ES,Federal Contract Tower,7,2,68,0,77,6,3,57,2,68,13,5,125,2,145,90,0,90,235
08/01/2004,MLB,FL,ASO,ES,Federal Contract Tower,6,3,59,0,68,3,1,67,0,71,9,4,126,0,139,46,0,46,185
08/02/2004,MLB,FL,ASO,ES,Federal Contract Tower,9,2,122,1,134,0,0,62,1,63,9,2,184,2,197,66,0,66,263
08/03/2004,MLB,FL,ASO,ES,Federal Contract Tower,7,4,73,0,84,2,1,62,0,65,9,5,135,0,149,56,0,56,205
08/04/2004,MLB,FL,ASO,ES,Federal Contract Tower,9,6,103,1,119,0,1,77,3,81,9,7,180,4,200,106,0,106,306
08/05/2004,MLB,FL,ASO,ES,Federal Contract Tower,10,5,133,0,148,0,0,62,0,62,10,5,195,0,210,136,0,136,346
08/06/2004,MLB,FL,ASO,ES,Federal Contract Tower,10,5,96,0,111,1,3,45,0,49,11,8,141,0,160,56,0,56,216
08/07/2004,MLB,FL,ASO,ES,Federal Contract Tower,11,6,104,0,121,0,2,30,0,32,11,8,134,0,153,54,0,54,207
08/08/2004,MLB,FL,ASO,ES,Federal Contract Tower,4,2,42,0,48,5,0,71,0,76,9,2,113,0,124,46,0,46,170
08/09/2004,MLB,FL,ASO,ES,Federal Contract Tower,9,3,87,0,99,0,0,79,0,79,9,3,166,0,178,194,0,194,372
08/10/2004,MLB,FL,ASO,ES,Federal Contract Tower,9,7,163,1,180,0,0,76,0,76,9,7,239,1,256,126,0,126,382
08/11/2004,MLB,FL,ASO,ES,Federal Contract Tower,10,4,129,2,145,0,0,103,0,103,10,4,232,2,248,106,0,106,354
08/12/2004,MLB,FL,ASO,ES,Federal Contract Tower,9,3,83,0,95,0,0,77,0,77,9,3,160,0,172,114,0,114,286
08/13/2004,MLB,FL,ASO,ES,Federal Contract Tower,2,0,16,0,18,2,0,66,0,68,4,0,82,0,86,50,0,50,136
08/14/2004,MLB,FL,ASO,ES,Federal Contract Tower,4,2,41,0,47,7,6,7,0,20,11,8,48,0,67,8,0,8,75
08/15/2004,MLB,FL,ASO,ES,Federal Contract Tower,6,3,55,0,64,2,0,46,0,48,8,3,101,0,112,10,0,10,122
08/16/2004,MLB,FL,ASO,ES,Federal Contract Tower,12,3,110,0,125,0,0,155,0,155,12,3,265,0,280,166,0,166,446
08/17/2004,MLB,FL,ASO,ES,Federal Contract Tower,11,5,124,0,140,0,0,135,0,135,11,5,259,0,275,120,0,120,395
08/18/2004,MLB,FL,ASO,ES,Federal Contract Tower,10,4,108,2,124,0,0,77,2,79,10,4,185,4,203,118,0,118,321
08/19/2004,MLB,FL,ASO,ES,Federal Contract Tower,14,7,143,0,164,0,0,123,0,123,14,7,266,0,287,240,0,240,527
08/20/2004,MLB,FL,ASO,ES,Federal Contract Tower,11,5,107,2,125,1,1,167,2,171,12,6,274,4,296,226,0,226,522
08/21/2004,MLB,FL,ASO,ES,Federal Contract Tower,9,3,78,0,90,1,4,118,0,123,10,7,196,0,213,132,0,132,345
08/22/2004,MLB,FL,ASO,ES,Federal Contract Tower,6,2,53,1,62,5,1,105,1,112,11,3,158,2,174,100,0,100,274
08/23/2004,MLB,FL,ASO,ES,Federal Contract Tower,9,2,84,0,95,4,0,113,0,117,13,2,197,0,212,134,4,138,350
08/24/2004,MLB,FL,ASO,ES,Federal Contract Tower,9,2,132,2,145,0,0,142,0,142,9,2,274,2,287,246,0,246,533
08/25/2004,MLB,FL,ASO,ES,Federal Contract Tower,11,5,139,0,155,0,0,95,0,95,11,5,234,0,250,142,0,142,392
08/26/2004,MLB,FL,ASO,ES,Federal Contract Tower,9,4,84,0,97,0,6,108,3,117,9,10,192,3,214,152,0,152,366
08/27/2004,MLB,FL,ASO,ES,Federal Contract Tower,11,3,115,1,130,0,0,145,0,145,11,3,260,1,275,156,0,156,431
08/28/2004,MLB,FL,ASO,ES,Federal Contract Tower,7,3,67,0,77,3,5,202,0,210,10,8,269,0,287,232,0,232,519
08/29/2004,MLB,FL,ASO,ES,Federal Contract Tower,7,5,85,0,97,0,0,134,0,134,7,5,219,0,231,80,0,80,311
08/30/2004,MLB,FL,ASO,ES,Federal Contract Tower,9,2,88,0,99,0,0,145,4,149,9,2,233,4,248,172,0,172,420
08/31/2004,MLB,FL,ASO,ES,Federal Contract Tower,10,4,87,0,101,1,0,205,0,206,11,4,292,0,307,258,0,258,565
09/01/2004,MLB,FL,ASO,ES,Federal Contract Tower,9,5,66,2,82,0,0,195,0,195,9,5,261,2,277,212,0,212,489
09/02/2004,MLB,FL,ASO,ES,Federal Contract Tower,9,9,87,4,109,0,9,81,9,99,9,18,168,13,208,0,0,0,208
09/03/2004,MLB,FL,ASO,ES,Federal Contract Tower,2,1,11,0,14,1,1,15,0,17,3,2,26,0,31,0,0,0,31
09/04/2004,MLB,FL,ASO,ES,Federal Contract Tower,0,0,0,0,0,0,0,0,0,0,0,0,0,0,0,0,0,0,0
09/05/2004,MLB,FL,ASO,ES,Federal Contract Tower,0,0,0,0,0,0,0,0,0,0,0,0,0,0,0,0,0,0,0
09/06/2004,MLB,FL,ASO,ES,Federal Contract Tower,0,0,0,0,0,0,0,0,0,0,0,0,0,0,0,0,0,0,0
09/07/2004,MLB,FL,ASO,ES,Federal Contract Tower,8,4,41,2,55,1,2,12,14,29,9,6,53,16,84,0,0,0,84
09/08/2004,MLB,FL,ASO,ES,Federal Contract Tower,9,2,46,2,59,2,0,80,0,82,11,2,126,2,141,4,0,4,145
09/09/2004,MLB,FL,ASO,ES,Federal Contract Tower,7,2,38,1,48,3,0,39,0,42,10,2,77,1,90,12,0,12,102
09/10/2004,MLB,FL,ASO,ES,Federal Contract Tower,8,3,43,1,55,2,0,65,0,67,10,3,108,1,122,44,0,44,166
09/11/2004,MLB,FL,ASO,ES,Federal Contract Tower,5,2,27,1,35,6,5,38,0,49,11,7,65,1,84,64,0,64,148
09/12/2004,MLB,FL,ASO,ES,Federal Contract Tower,6,3,32,0,41,3,0,43,0,46,9,3,75,0,87,16,0,16,103
09/13/2004,MLB,FL,ASO,ES,Federal Contract Tower,8,0,38,3,49,5,0,21,9,35,13,0,59,12,84,12,0,12,96
09/14/2004,MLB,FL,ASO,ES,Federal Contract Tower,6,3,28,0,37,3,3,152,0,158,9,6,180,0,195,258,0,258,453
09/15/2004,MLB,FL,ASO,ES,Federal Contract Tower,9,4,45,3,61,0,0,147,0,147,9,4,192,3,208,144,0,144,352
09/16/2004,MLB,FL,ASO,ES,Federal Contract Tower,7,1,45,0,53,0,0,196,0,196,7,1,241,0,249,314,0,314,563
09/17/2004,MLB,FL,ASO,ES,Federal Contract Tower,9,4,53,0,66,0,0,184,0,184,9,4,237,0,250,220,0,220,470
09/18/2004,MLB,FL,ASO,ES,Federal Contract Tower,11,4,50,2,67,0,1,170,0,171,11,5,220,2,238,208,0,208,446
09/19/2004,MLB,FL,ASO,ES,Federal Contract Tower,6,2,28,0,36,2,2,103,0,107,8,4,131,0,143,70,0,70,213
09/20/2004,MLB,FL,ASO,ES,Federal Contract Tower,8,1,39,0,48,3,0,35,0,38,11,1,74,0,86,44,0,44,130
09/21/2004,MLB,FL,ASO,ES,Federal Contract Tower,10,4,48,1,63,0,3,117,0,120,10,7,165,1,183,256,0,256,439
09/22/2004,MLB,FL,ASO,ES,Federal Contract Tower,11,2,51,1,65,0,0,202,0,202,11,2,253,1,267,258,0,258,525
09/23/2004,MLB,FL,ASO,ES,Federal Contract Tower,11,1,57,0,69,0,0,241,0,241,11,1,298,0,310,328,0,328,638
09/24/2004,MLB,FL,ASO,ES,Federal Contract Tower,12,4,112,3,131,0,0,166,0,166,12,4,278,3,297,200,0,200,497
09/25/2004,MLB,FL,ASO,ES,Federal Contract Tower,4,2,26,0,32,0,2,8,0,10,4,4,34,0,42,0,0,0,42
09/26/2004,MLB,FL,ASO,ES,Federal Contract Tower,0,0,0,0,0,0,0,0,0,0,0,0,0,0,0,0,0,0,0
09/27/2004,MLB,FL,ASO,ES,Federal Contract Tower,0,0,0,0,0,0,0,0,0,0,0,0,0,0,0,0,0,0,0
09/28/2004,MLB,FL,ASO,ES,Federal Contract Tower,0,0,0,0,0,0,0,0,0,0,0,0,0,0,0,0,0,0,0
09/29/2004,MLB,FL,ASO,ES,Federal Contract Tower,0,0,0,0,0,0,0,0,0,0,0,0,0,0,0,0,0,0,0
09/30/2004,MLB,FL,ASO,ES,Federal Contract Tower,0,0,0,0,0,0,0,0,0,0,0,0,0,0,0,0,0,0,0
10/01/2004,MLB,FL,ASO,ES,Federal Contract Tower,8,2,47,0,57,0,0,192,0,192,8,2,239,0,249,102,0,102,351
10/02/2004,MLB,FL,ASO,ES,Federal Contract Tower,17,2,31,0,50,0,0,215,0,215,17,2,246,0,265,272,0,272,537
10/03/2004,MLB,FL,ASO,ES,Federal Contract Tower,9,4,23,0,36,0,0,131,0,131,9,4,154,0,167,22,0,22,189
10/04/2004,MLB,FL,ASO,ES,Federal Contract Tower,12,1,51,0,64,0,0,176,0,176,12,1,227,0,240,226,0,226,466
10/05/2004,MLB,FL,ASO,ES,Federal Contract Tower,12,4,58,0,74,0,0,194,0,194,12,4,252,0,268,440,0,440,708
10/06/2004,MLB,FL,ASO,ES,Federal Contract Tower,14,2,71,0,87,0,0,107,0,107,14,2,178,0,194,214,0,214,408
10/07/2004,MLB,FL,ASO,ES,Federal Contract Tower,12,2,58,2,74,0,0,177,0,177,12,2,235,2,251,378,0,378,629
10/08/2004,MLB,FL,ASO,ES,Federal Contract Tower,12,1,70,0,83,0,0,219,0,219,12,1,289,0,302,318,0,318,620
10/09/2004,MLB,FL,ASO,ES,Federal Contract Tower,11,8,40,0,59,0,0,247,0,247,11,8,287,0,306,428,0,428,734
10/10/2004,MLB,FL,ASO,ES,Federal Contract Tower,11,4,48,0,63,0,0,134,0,134,11,4,182,0,197,224,0,224,421
10/11/2004,MLB,FL,ASO,ES,Federal Contract Tower,15,6,71,0,92,0,0,122,0,122,15,6,193,0,214,228,0,228,442
10/12/2004,MLB,FL,ASO,ES,Federal Contract Tower,7,6,53,2,68,0,0,60,0,60,7,6,113,2,128,178,0,178,306
10/13/2004,MLB,FL,ASO,ES,Federal Contract Tower,9,9,77,0,95,0,0,260,0,260,9,9,337,0,355,304,0,304,659
10/14/2004,MLB,FL,ASO,ES,Federal Contract Tower,10,3,55,6,74,0,0,274,0,274,10,3,329,6,348,556,0,556,904
10/15/2004,MLB,FL,ASO,ES,Federal Contract Tower,11,2,52,0,65,0,0,179,0,179,11,2,231,0,244,232,0,232,476
10/16/2004,MLB,FL,ASO,ES,Federal Contract Tower,11,5,23,0,39,0,0,287,0,287,11,5,310,0,326,480,0,480,806
10/17/2004,MLB,FL,ASO,ES,Federal Contract Tower,9,10,31,0,50,0,0,163,0,163,9,10,194,0,213,328,0,328,541
10/18/2004,MLB,FL,ASO,ES,Federal Contract Tower,11,2,60,0,73,0,0,195,0,195,11,2,255,0,268,318,0,318,586
10/19/2004,MLB,FL,ASO,ES,Federal Contract Tower,6,9,31,1,47,0,0,247,0,247,6,9,278,1,294,556,0,556,850
10/20/2004,MLB,FL,ASO,ES,Federal Contract Tower,8,5,72,0,85,0,0,129,0,129,8,5,201,0,214,188,0,188,402
10/21/2004,MLB,FL,ASO,ES,Federal Contract Tower,8,3,67,1,79,0,0,155,0,155,8,3,222,1,234,336,0,336,570
10/22/2004,MLB,FL,ASO,ES,Federal Contract Tower,10,10,65,0,85,0,0,215,0,215,10,10,280,0,300,342,0,342,642
10/23/2004,MLB,FL,ASO,ES,Federal Contract Tower,11,6,33,2,52,0,0,166,0,166,11,6,199,2,218,408,0,408,626
10/24/2004,MLB,FL,ASO,ES,Federal Contract Tower,9,4,31,0,44,0,0,192,0,192,9,4,223,0,236,250,0,250,486
10/25/2004,MLB,FL,ASO,ES,Federal Contract Tower,13,0,70,0,83,0,0,237,0,237,13,0,307,0,320,466,0,466,786
10/26/2004,MLB,FL,ASO,ES,Federal Contract Tower,9,3,38,0,50,0,0,260,0,260,9,3,298,0,310,426,20,446,756
10/27/2004,MLB,FL,ASO,ES,Federal Contract Tower,11,4,56,0,71,0,0,258,0,258,11,4,314,0,329,432,0,432,761
10/28/2004,MLB,FL,ASO,ES,Federal Contract Tower,11,2,49,2,64,0,0,252,0,252,11,2,301,2,316,378,0,378,694
10/29/2004,MLB,FL,ASO,ES,Federal Contract Tower,10,4,102,0,116,0,0,208,0,208,10,4,310,0,324,298,0,298,622
10/30/2004,MLB,FL,ASO,ES,Federal Contract Tower,10,9,103,0,122,0,0,251,0,251,10,9,354,0,373,316,0,316,689
10/31/2004,MLB,FL,ASO,ES,Federal Contract Tower,9,3,56,0,68,0,0,137,0,137,9,3,193,0,205,120,0,120,325
11/01/2004,MLB,FL,ASO,ES,Federal Contract Tower,12,0,165,0,177,0,0,237,0,237,12,0,402,0,414,434,0,434,848
11/02/2004,MLB,FL,ASO,ES,Federal Contract Tower,8,4,124,8,144,0,0,233,0,233,8,4,357,8,377,414,0,414,791
11/03/2004,MLB,FL,ASO,ES,Federal Contract Tower,11,6,124,0,141,0,0,234,0,234,11,6,358,0,375,436,0,436,811
11/04/2004,MLB,FL,ASO,ES,Federal Contract Tower,8,4,147,0,159,0,0,180,0,180,8,4,327,0,339,356,0,356,695
11/05/2004,MLB,FL,ASO,ES,Federal Contract Tower,9,3,197,0,209,0,0,97,0,97,9,3,294,0,306,168,0,168,474
11/06/2004,MLB,FL,ASO,ES,Federal Contract Tower,7,10,61,0,78,0,0,240,0,240,7,10,301,0,318,324,0,324,642
11/07/2004,MLB,FL,ASO,ES,Federal Contract Tower,9,5,56,0,70,0,0,115,0,115,9,5,171,0,185,116,0,116,301
11/08/2004,MLB,FL,ASO,ES,Federal Contract Tower,9,3,140,2,154,0,0,260,0,260,9,3,400,2,414,370,0,370,784
11/09/2004,MLB,FL,ASO,ES,Federal Contract Tower,9,7,85,0,101,0,0,141,0,141,9,7,226,0,242,164,0,164,406
11/10/2004,MLB,FL,ASO,ES,Federal Contract Tower,8,5,136,1,150,0,0,200,0,200,8,5,336,1,350,310,0,310,660
11/11/2004,MLB,FL,ASO,ES,Federal Contract Tower,9,2,103,0,114,0,0,248,0,248,9,2,351,0,362,344,0,344,706
11/12/2004,MLB,FL,ASO,ES,Federal Contract Tower,13,9,130,4,156,0,0,327,0,327,13,9,457,4,483,512,0,512,995
11/13/2004,MLB,FL,ASO,ES,Federal Contract Tower,13,7,102,1,123,0,0,269,0,269,13,7,371,1,392,384,0,384,776
11/14/2004,MLB,FL,ASO,ES,Federal Contract Tower,8,7,36,0,51,0,0,39,0,39,8,7,75,0,90,42,0,42,132
11/15/2004,MLB,FL,ASO,ES,Federal Contract Tower,11,14,94,0,119,0,0,152,0,152,11,14,246,0,271,346,0,346,617
11/16/2004,MLB,FL,ASO,ES,Federal Contract Tower,8,18,165,7,198,0,0,285,0,285,8,18,450,7,483,392,0,392,875
11/17/2004,MLB,FL,ASO,ES,Federal Contract Tower,7,7,143,0,157,0,0,302,0,302,7,7,445,0,459,502,0,502,961
11/18/2004,MLB,FL,ASO,ES,Federal Contract Tower,10,2,174,1,187,0,0,271,0,271,10,2,445,1,458,390,0,390,848
11/19/2004,MLB,FL,ASO,ES,Federal Contract Tower,7,7,136,0,150,0,0,322,0,322,7,7,458,0,472,330,6,336,808
11/20/2004,MLB,FL,ASO,ES,Federal Contract Tower,12,8,96,0,116,0,0,321,0,321,12,8,417,0,437,280,0,280,717
11/21/2004,MLB,FL,ASO,ES,Federal Contract Tower,9,3,97,0,109,0,0,144,0,144,9,3,241,0,253,172,0,172,425
11/22/2004,MLB,FL,ASO,ES,Federal Contract Tower,11,2,113,0,126,0,0,208,0,208,11,2,321,0,334,304,0,304,638
11/23/2004,MLB,FL,ASO,ES,Federal Contract Tower,8,1,77,0,86,0,0,250,0,250,8,1,327,0,336,370,0,370,706
11/24/2004,MLB,FL,ASO,ES,Federal Contract Tower,11,1,90,0,102,0,0,94,0,94,11,1,184,0,196,84,0,84,280
11/25/2004,MLB,FL,ASO,ES,Federal Contract Tower,9,2,27,0,38,0,0,43,0,43,9,2,70,0,81,10,0,10,91
11/26/2004,MLB,FL,ASO,ES,Federal Contract Tower,8,5,56,0,69,0,0,121,0,121,8,5,177,0,190,120,0,120,310
11/27/2004,MLB,FL,ASO,ES,Federal Contract Tower,10,6,76,0,92,0,0,69,0,69,10,6,145,0,161,94,0,94,255
11/28/2004,MLB,FL,ASO,ES,Federal Contract Tower,8,6,76,0,90,0,0,136,0,136,8,6,212,0,226,74,0,74,300
11/29/2004,MLB,FL,ASO,ES,Federal Contract Tower,11,1,162,0,174,0,0,179,0,179,11,1,341,0,353,324,0,324,677
11/30/2004,MLB,FL,ASO,ES,Federal Contract Tower,9,5,91,2,107,0,0,242,0,242,9,5,333,2,349,272,0,272,621
12/01/2004,MLB,FL,ASO,ES,Federal Contract Tower,9,3,111,0,123,0,0,208,0,208,9,3,319,0,331,308,0,308,639
12/02/2004,MLB,FL,ASO,ES,Federal Contract Tower,11,2,82,0,95,0,0,235,0,235,11,2,317,0,330,304,0,304,634
12/03/2004,MLB,FL,ASO,ES,Federal Contract Tower,10,3,136,2,151,0,0,238,0,238,10,3,374,2,389,368,0,368,757
12/04/2004,MLB,FL,ASO,ES,Federal Contract Tower,11,4,62,0,77,0,0,210,0,210,11,4,272,0,287,216,0,216,503
12/05/2004,MLB,FL,ASO,ES,Federal Contract Tower,10,7,85,2,104,0,0,142,0,142,10,7,227,2,246,156,0,156,402
12/06/2004,MLB,FL,ASO,ES,Federal Contract Tower,11,4,138,2,155,0,0,174,0,174,11,4,312,2,329,308,0,308,637
12/07/2004,MLB,FL,ASO,ES,Federal Contract Tower,9,4,116,0,129,0,0,215,0,215,9,4,331,0,344,340,0,340,684
12/08/2004,MLB,FL,ASO,ES,Federal Contract Tower,9,6,144,0,159,0,0,176,0,176,9,6,320,0,335,342,0,342,677
12/09/2004,MLB,FL,ASO,ES,Federal Contract Tower,10,2,154,1,167,0,0,173,0,173,10,2,327,1,340,286,0,286,626
12/10/2004,MLB,FL,ASO,ES,Federal Contract Tower,9,4,99,2,114,0,0,47,0,47,9,4,146,2,161,90,0,90,251
12/11/2004,MLB,FL,ASO,ES,Federal Contract Tower,10,7,57,0,74,0,0,176,0,176,10,7,233,0,250,280,0,280,530
12/12/2004,MLB,FL,ASO,ES,Federal Contract Tower,11,2,45,0,58,0,0,137,0,137,11,2,182,0,195,100,0,100,295
12/13/2004,MLB,FL,ASO,ES,Federal Contract Tower,12,1,111,0,124,0,0,165,0,165,12,1,276,0,289,296,0,296,585
12/14/2004,MLB,FL,ASO,ES,Federal Contract Tower,9,8,98,0,115,0,0,203,0,203,9,8,301,0,318,260,0,260,578
12/15/2004,MLB,FL,ASO,ES,Federal Contract Tower,10,5,74,1,90,0,0,95,0,95,10,5,169,1,185,82,0,82,267
12/16/2004,MLB,FL,ASO,ES,Federal Contract Tower,11,10,173,0,194,0,0,169,0,169,11,10,342,0,363,218,0,218,581
12/17/2004,MLB,FL,ASO,ES,Federal Contract Tower,10,4,97,4,115,0,0,168,0,168,10,4,265,4,283,232,0,232,515
12/18/2004,MLB,FL,ASO,ES,Federal Contract Tower,12,6,63,0,81,0,0,57,0,57,12,6,120,0,138,66,0,66,204
12/19/2004,MLB,FL,ASO,ES,Federal Contract Tower,10,2,45,0,57,0,0,99,0,99,10,2,144,0,156,46,0,46,202
12/20/2004,MLB,FL,ASO,ES,Federal Contract Tower,12,2,55,0,69,0,0,84,0,84,12,2,139,0,153,166,0,166,319
12/21/2004,MLB,FL,ASO,ES,Federal Contract Tower,13,3,110,1,127,0,0,103,0,103,13,3,213,1,230,98,0,98,328
12/22/2004,MLB,FL,ASO,ES,Federal Contract Tower,10,4,72,1,87,0,0,101,0,101,10,4,173,1,188,74,0,74,262
12/23/2004,MLB,FL,ASO,ES,Federal Contract Tower,12,6,43,0,61,0,0,43,0,43,12,6,86,0,104,50,0,50,154
12/24/2004,MLB,FL,ASO,ES,Federal Contract Tower,13,2,19,2,36,0,0,0,0,0,13,2,19,2,36,0,0,0,36
12/25/2004,MLB,FL,ASO,ES,Federal Contract Tower,11,4,8,0,23,0,0,0,0,0,11,4,8,0,23,0,0,0,23
12/26/2004,MLB,FL,ASO,ES,Federal Contract Tower,9,6,9,0,24,0,0,27,0,27,9,6,36,0,51,20,0,20,71
12/27/2004,MLB,FL,ASO,ES,Federal Contract Tower,13,2,42,0,57,0,0,63,0,63,13,2,105,0,120,38,0,38,158
12/28/2004,MLB,FL,ASO,ES,Federal Contract Tower,13,3,57,1,74,0,0,81,0,81,13,3,138,1,155,66,0,66,221
12/29/2004,MLB,FL,ASO,ES,Federal Contract Tower,11,4,56,0,71,0,0,81,0,81,11,4,137,0,152,48,0,48,200
12/30/2004,MLB,FL,ASO,ES,Federal Contract Tower,14,4,90,0,108,0,0,81,0,81,14,4,171,0,189,76,0,76,265
12/31/2004,MLB,FL,ASO,ES,Federal Contract Tower,16,2,52,0,70,0,0,94,0,94,16,2,146,0,164,68,0,68,232
01/01/2005,MLB,FL,ASO,ES,Federal Contract Tower,11,5,29,0,45,0,0,36,0,36,11,5,65,0,81,20,0,20,101
01/02/2005,MLB,FL,ASO,ES,Federal Contract Tower,11,4,61,0,76,0,0,67,0,67,11,4,128,0,143,32,0,32,175
01/03/2005,MLB,FL,ASO,ES,Federal Contract Tower,14,2,62,0,78,0,0,79,0,79,14,2,141,0,157,86,0,86,243
01/04/2005,MLB,FL,ASO,ES,Federal Contract Tower,15,4,52,0,71,0,0,81,0,81,15,4,133,0,152,72,0,72,224
01/05/2005,MLB,FL,ASO,ES,Federal Contract Tower,10,4,55,0,69,0,0,95,0,95,10,4,150,0,164,102,0,102,266
01/06/2005,MLB,FL,ASO,ES,Federal Contract Tower,13,2,81,4,100,0,0,87,0,87,13,2,168,4,187,104,0,104,291
01/07/2005,MLB,FL,ASO,ES,Federal Contract Tower,13,5,73,2,93,0,0,86,0,86,13,5,159,2,179,114,0,114,293
01/08/2005,MLB,FL,ASO,ES,Federal Contract Tower,13,8,58,0,79,0,0,85,0,85,13,8,143,0,164,42,0,42,206
01/09/2005,MLB,FL,ASO,ES,Federal Contract Tower,9,4,52,2,67,0,0,109,0,109,9,4,161,2,176,78,0,78,254
01/10/2005,MLB,FL,ASO,ES,Federal Contract Tower,14,2,96,2,114,0,0,117,0,117,14,2,213,2,231,152,0,152,383
01/11/2005,MLB,FL,ASO,ES,Federal Contract Tower,12,4,90,4,110,0,0,89,0,89,12,4,179,4,199,116,0,116,315
01/12/2005,MLB,FL,ASO,ES,Federal Contract Tower,11,4,106,1,122,0,0,175,0,175,11,4,281,1,297,212,0,212,509
01/13/2005,MLB,FL,ASO,ES,Federal Contract Tower,11,1,122,2,136,0,0,46,0,46,11,1,168,2,182,14,0,14,196
01/14/2005,MLB,FL,ASO,ES,Federal Contract Tower,16,3,52,0,71,0,0,5,0,5,16,3,57,0,76,10,0,10,86
01/15/2005,MLB,FL,ASO,ES,Federal Contract Tower,13,9,21,0,43,0,0,22,0,22,13,9,43,0,65,12,0,12,77
01/16/2005,MLB,FL,ASO,ES,Federal Contract Tower,9,7,39,0,55,0,0,15,0,15,9,7,54,0,70,0,0,0,70
01/17/2005,MLB,FL,ASO,ES,Federal Contract Tower,15,3,50,0,68,0,0,143,0,143,15,3,193,0,211,184,0,184,395
01/18/2005,MLB,FL,ASO,ES,Federal Contract Tower,12,2,78,2,94,0,0,39,0,39,12,2,117,2,133,78,0,78,211
01/19/2005,MLB,FL,ASO,ES,Federal Contract Tower,10,4,63,0,77,0,0,198,0,198,10,4,261,0,275,396,0,396,671
01/20/2005,MLB,FL,ASO,ES,Federal Contract Tower,11,3,65,0,79,0,0,216,0,216,11,3,281,0,295,306,0,306,601
01/21/2005,MLB,FL,ASO,ES,Federal Contract Tower,13,4,87,0,104,0,0,198,0,198,13,4,285,0,302,232,0,232,534
01/22/2005,MLB,FL,ASO,ES,Federal Contract Tower,12,9,72,0,93,0,0,132,0,132,12,9,204,0,225,124,0,124,349
01/23/2005,MLB,FL,ASO,ES,Federal Contract Tower,10,6,26,0,42,0,0,52,0,52,10,6,78,0,94,44,0,44,138
01/24/2005,MLB,FL,ASO,ES,Federal Contract Tower,12,4,48,0,64,0,0,187,0,187,12,4,235,0,251,286,0,286,537
01/25/2005,MLB,FL,ASO,ES,Federal Contract Tower,12,3,35,4,54,0,0,177,0,177,12,3,212,4,231,256,6,262,493
01/26/2005,MLB,FL,ASO,ES,Federal Contract Tower,10,2,58,2,72,0,0,221,0,221,10,2,279,2,293,282,0,282,575
01/27/2005,MLB,FL,ASO,ES,Federal Contract Tower,12,2,125,2,141,0,0,87,0,87,12,2,212,2,228,156,0,156,384
01/28/2005,MLB,FL,ASO,ES,Federal Contract Tower,13,4,115,6,138,0,0,51,0,51,13,4,166,6,189,92,0,92,281
01/29/2005,MLB,FL,ASO,ES,Federal Contract Tower,1,5,95,0,101,0,0,179,0,179,1,5,274,0,280,292,0,292,572
01/30/2005,MLB,FL,ASO,ES,Federal Contract Tower,7,1,66,0,74,0,0,119,0,119,7,1,185,0,193,90,0,90,283
01/31/2005,MLB,FL,ASO,ES,Federal Contract Tower,13,7,71,2,93,0,0,224,0,224,13,7,295,2,317,294,0,294,611
02/01/2005,MLB,FL,ASO,ES,Federal Contract Tower,14,7,108,4,133,0,0,213,0,213,14,7,321,4,346,272,0,272,618
02/02/2005,MLB,FL,ASO,ES,Federal Contract Tower,10,5,135,1,151,0,0,34,0,34,10,5,169,1,185,14,0,14,199
02/03/2005,MLB,FL,ASO,ES,Federal Contract Tower,8,8,84,2,102,0,0,126,0,126,8,8,210,2,228,212,0,212,440
02/04/2005,MLB,FL,ASO,ES,Federal Contract Tower,15,5,72,2,94,0,0,56,0,56,15,5,128,2,150,88,0,88,238
02/05/2005,MLB,FL,ASO,ES,Federal Contract Tower,12,9,109,0,130,0,0,149,0,149,12,9,258,0,279,112,0,112,391
02/06/2005,MLB,FL,ASO,ES,Federal Contract Tower,12,4,40,0,56,0,0,149,0,149,12,4,189,0,205,330,0,330,535
02/07/2005,MLB,FL,ASO,ES,Federal Contract Tower,14,5,93,0,112,0,0,194,0,194,14,5,287,0,306,312,0,312,618
02/08/2005,MLB,FL,ASO,ES,Federal Contract Tower,13,9,118,0,140,0,0,171,0,171,13,9,289,0,311,246,0,246,557
02/09/2005,MLB,FL,ASO,ES,Federal Contract Tower,13,6,94,0,113,0,0,277,0,277,13,6,371,0,390,524,0,524,914
02/10/2005,MLB,FL,ASO,ES,Federal Contract Tower,10,7,130,0,147,0,0,127,0,127,10,7,257,0,274,150,0,150,424
02/11/2005,MLB,FL,ASO,ES,Federal Contract Tower,14,5,116,0,135,0,0,213,0,213,14,5,329,0,348,274,0,274,622
02/12/2005,MLB,FL,ASO,ES,Federal Contract Tower,13,13,65,0,91,0,0,221,0,221,13,13,286,0,312,232,0,232,544
02/13/2005,MLB,FL,ASO,ES,Federal Contract Tower,11,5,74,4,94,0,0,157,0,157,11,5,231,4,251,214,0,214,465
02/14/2005,MLB,FL,ASO,ES,Federal Contract Tower,11,9,133,0,153,0,0,139,0,139,11,9,272,0,292,250,0,250,542
02/15/2005,MLB,FL,ASO,ES,Federal Contract Tower,10,6,108,2,126,0,0,250,0,250,10,6,358,2,376,238,0,238,614
02/16/2005,MLB,FL,ASO,ES,Federal Contract Tower,13,5,80,0,98,0,0,205,0,205,13,5,285,0,303,308,0,308,611
02/17/2005,MLB,FL,ASO,ES,Federal Contract Tower,11,5,103,1,120,0,0,182,0,182,11,5,285,1,302,168,0,168,470
02/18/2005,MLB,FL,ASO,ES,Federal Contract Tower,12,8,160,2,182,0,0,231,0,231,12,8,391,2,413,410,0,410,823
02/19/2005,MLB,FL,ASO,ES,Federal Contract Tower,12,10,85,0,107,0,0,199,0,199,12,10,284,0,306,282,0,282,588
02/20/2005,MLB,FL,ASO,ES,Federal Contract Tower,12,5,57,0,74,0,0,171,0,171,12,5,228,0,245,252,0,252,497
02/21/2005,MLB,FL,ASO,ES,Federal Contract Tower,11,5,109,0,125,0,0,215,0,215,11,5,324,0,340,458,0,458,798
02/22/2005,MLB,FL,ASO,ES,Federal Contract Tower,14,5,152,0,171,0,0,183,0,183,14,5,335,0,354,242,0,242,596
02/23/2005,MLB,FL,ASO,ES,Federal Contract Tower,12,6,113,0,131,0,0,136,0,136,12,6,249,0,267,230,0,230,497
02/24/2005,MLB,FL,ASO,ES,Federal Contract Tower,14,6,111,1,132,0,0,140,0,140,14,6,251,1,272,244,0,244,516
02/25/2005,MLB,FL,ASO,ES,Federal Contract Tower,14,13,102,1,130,0,0,94,0,94,14,13,196,1,224,192,0,192,416
02/26/2005,MLB,FL,ASO,ES,Federal Contract Tower,12,11,151,3,177,0,0,87,0,87,12,11,238,3,264,216,0,216,480
02/27/2005,MLB,FL,ASO,ES,Federal Contract Tower,13,5,28,0,46,0,0,7,0,7,13,5,35,0,53,10,0,10,63
02/28/2005,MLB,FL,ASO,ES,Federal Contract Tower,12,6,107,0,125,0,0,182,0,182,12,6,289,0,307,262,0,262,569
03/01/2005,MLB,FL,ASO,ES,Federal Contract Tower,14,6,71,1,92,0,0,244,0,244,14,6,315,1,336,258,0,258,594
03/02/2005,MLB,FL,ASO,ES,Federal Contract Tower,13,5,100,2,120,0,0,284,0,284,13,5,384,2,404,424,0,424,828
03/03/2005,MLB,FL,ASO,ES,Federal Contract Tower,13,5,130,3,151,0,0,100,0,100,13,5,230,3,251,198,0,198,449
03/04/2005,MLB,FL,ASO,ES,Federal Contract Tower,14,5,154,2,175,0,0,207,0,207,14,5,361,2,382,306,0,306,688
03/05/2005,MLB,FL,ASO,ES,Federal Contract Tower,12,11,63,0,86,0,0,216,0,216,12,11,279,0,302,158,0,158,460
03/06/2005,MLB,FL,ASO,ES,Federal Contract Tower,14,2,74,0,90,0,0,114,0,114,14,2,188,0,204,104,0,104,308
03/07/2005,MLB,FL,ASO,ES,Federal Contract Tower,15,6,135,6,162,0,0,143,0,143,15,6,278,6,305,170,0,170,475
03/08/2005,MLB,FL,ASO,ES,Federal Contract Tower,14,7,40,0,61,0,0,22,0,22,14,7,62,0,83,12,0,12,95
03/09/2005,MLB,FL,ASO,ES,Federal Contract Tower,10,2,102,0,114,0,0,58,0,58,10,2,160,0,172,68,0,68,240
03/10/2005,MLB,FL,ASO,ES,Federal Contract Tower,14,4,86,2,106,0,0,146,0,146,14,4,232,2,252,154,0,154,406
03/11/2005,MLB,FL,ASO,ES,Federal Contract Tower,14,3,84,0,101,0,0,108,0,108,14,3,192,0,209,98,0,98,307
03/12/2005,MLB,FL,ASO,ES,Federal Contract Tower,12,10,59,0,81,0,0,121,0,121,12,10,180,0,202,106,0,106,308
03/13/2005,MLB,FL,ASO,ES,Federal Contract Tower,14,4,57,0,75,0,0,116,0,116,14,4,173,0,191,124,0,124,315
03/14/2005,MLB,FL,ASO,ES,Federal Contract Tower,14,7,66,0,87,0,0,120,0,120,14,7,186,0,207,168,0,168,375
03/15/2005,MLB,FL,ASO,ES,Federal Contract Tower,14,7,180,2,203,0,0,100,0,100,14,7,280,2,303,176,0,176,479
03/16/2005,MLB,FL,ASO,ES,Federal Contract Tower,12,7,77,4,100,0,0,82,0,82,12,7,159,4,182,122,0,122,304
03/17/2005,MLB,FL,ASO,ES,Federal Contract Tower,10,7,82,4,103,0,0,0,0,0,10,7,82,4,103,0,0,0,103
03/18/2005,MLB,FL,ASO,ES,Federal Contract Tower,13,7,127,0,147,0,0,137,0,137,13,7,264,0,284,232,0,232,516
03/19/2005,MLB,FL,ASO,ES,Federal Contract Tower,14,8,67,0,89,0,0,220,0,220,14,8,287,0,309,350,0,350,659
03/20/2005,MLB,FL,ASO,ES,Federal Contract Tower,14,5,85,0,104,0,0,155,0,155,14,5,240,0,259,130,0,130,389
03/21/2005,MLB,FL,ASO,ES,Federal Contract Tower,9,6,141,5,161,0,0,150,0,150,9,6,291,5,311,312,0,312,623
03/22/2005,MLB,FL,ASO,ES,Federal Contract Tower,11,10,105,1,127,0,0,73,0,73,11,10,178,1,200,194,0,194,394
03/23/2005,MLB,FL,ASO,ES,Federal Contract Tower,15,3,74,1,93,0,0,95,0,95,15,3,169,1,188,156,0,156,344
03/24/2005,MLB,FL,ASO,ES,Federal Contract Tower,13,5,171,4,193,0,0,206,0,206,13,5,377,4,399,326,0,326,725
03/25/2005,MLB,FL,ASO,ES,Federal Contract Tower,16,5,114,0,135,0,0,91,0,91,16,5,205,0,226,204,0,204,430
03/26/2005,MLB,FL,ASO,ES,Federal Contract Tower,11,11,84,0,106,0,0,79,0,79,11,11,163,0,185,86,0,86,271
03/27/2005,MLB,FL,ASO,ES,Federal Contract Tower,10,4,37,0,51,0,0,49,0,49,10,4,86,0,100,50,0,50,150
03/28/2005,MLB,FL,ASO,ES,Federal Contract Tower,14,5,78,0,97,0,0,70,0,70,14,5,148,0,167,104,0,104,271
03/29/2005,MLB,FL,ASO,ES,Federal Contract Tower,13,7,119,2,141,0,0,197,0,197,13,7,316,2,338,362,0,362,700
03/30/2005,MLB,FL,ASO,ES,Federal Contract Tower,13,8,119,0,140,0,0,310,0,310,13,8,429,0,450,388,0,388,838
03/31/2005,MLB,FL,ASO,ES,Federal Contract Tower,11,4,122,8,145,0,0,235,0,235,11,4,357,8,380,332,0,332,712
04/01/2005,MLB,FL,ASO,ES,Federal Contract Tower,9,5,209,0,223,0,0,228,0,228,9,5,437,0,451,370,0,370,821
04/02/2005,MLB,FL,ASO,ES,Federal Contract Tower,14,15,39,0,68,0,0,57,0,57,14,15,96,0,125,78,0,78,203
04/03/2005,MLB,FL,ASO,ES,Federal Contract Tower,13,6,57,2,78,0,0,144,0,144,13,6,201,2,222,204,0,204,426
04/04/2005,MLB,FL,ASO,ES,Federal Contract Tower,11,5,146,0,162,0,0,208,0,208,11,5,354,0,370,412,0,412,782
04/05/2005,MLB,FL,ASO,ES,Federal Contract Tower,11,8,180,1,200,0,0,207,0,207,11,8,387,1,407,270,0,270,677
04/06/2005,MLB,FL,ASO,ES,Federal Contract Tower,12,7,212,0,231,0,0,221,0,221,12,7,433,0,452,262,0,262,714
04/07/2005,MLB,FL,ASO,ES,Federal Contract Tower,12,5,108,2,127,0,0,84,0,84,12,5,192,2,211,80,2,82,293
04/08/2005,MLB,FL,ASO,ES,Federal Contract Tower,12,16,135,0,163,0,0,160,0,160,12,16,295,0,323,294,0,294,617
04/09/2005,MLB,FL,ASO,ES,Federal Contract Tower,9,11,89,0,109,0,0,231,0,231,9,11,320,0,340,346,0,346,686
04/10/2005,MLB,FL,ASO,ES,Federal Contract Tower,11,7,66,2,86,0,0,154,0,154,11,7,220,2,240,238,0,238,478
04/11/2005,MLB,FL,ASO,ES,Federal Contract Tower,13,7,164,0,184,0,0,200,0,200,13,7,364,0,384,350,0,350,734
04/12/2005,MLB,FL,ASO,ES,Federal Contract Tower,11,7,127,0,145,0,0,181,0,181,11,7,308,0,326,258,0,258,584
04/13/2005,MLB,FL,ASO,ES,Federal Contract Tower,11,7,98,1,117,0,0,132,0,132,11,7,230,1,249,200,0,200,449
04/14/2005,MLB,FL,ASO,ES,Federal Contract Tower,11,7,140,4,162,0,0,178,0,178,11,7,318,4,340,296,0,296,636
04/15/2005,MLB,FL,ASO,ES,Federal Contract Tower,12,8,96,0,116,0,0,121,0,121,12,8,217,0,237,64,0,64,301
04/16/2005,MLB,FL,ASO,ES,Federal Contract Tower,12,9,54,0,75,0,0,104,0,104,12,9,158,0,179,108,0,108,287
04/17/2005,MLB,FL,ASO,ES,Federal Contract Tower,13,7,44,0,64,0,0,77,0,77,13,7,121,0,141,54,0,54,195
04/18/2005,MLB,FL,ASO,ES,Federal Contract Tower,13,9,158,0,180,0,0,244,0,244,13,9,402,0,424,426,0,426,850
04/19/2005,MLB,FL,ASO,ES,Federal Contract Tower,12,8,112,2,134,0,0,274,0,274,12,8,386,2,408,356,0,356,764
04/20/2005,MLB,FL,ASO,ES,Federal Contract Tower,11,7,93,3,114,0,0,234,0,234,11,7,327,3,348,390,0,390,738
04/21/2005,MLB,FL,ASO,ES,Federal Contract Tower,12,8,160,8,188,0,0,203,0,203,12,8,363,8,391,268,0,268,659
04/22/2005,MLB,FL,ASO,ES,Federal Contract Tower,11,8,163,0,182,0,0,267,0,267,11,8,430,0,449,290,0,290,739
04/23/2005,MLB,FL,ASO,ES,Federal Contract Tower,11,10,62,0,83,0,0,127,0,127,11,10,189,0,210,176,0,176,386
04/24/2005,MLB,FL,ASO,ES,Federal Contract Tower,10,7,64,0,81,0,0,103,0,103,10,7,167,0,184,80,0,80,264
04/25/2005,MLB,FL,ASO,ES,Federal Contract Tower,12,5,146,5,168,0,0,227,0,227,12,5,373,5,395,400,0,400,795
04/26/2005,MLB,FL,ASO,ES,Federal Contract Tower,11,10,101,0,122,0,0,106,0,106,11,10,207,0,228,116,0,116,344
04/27/2005,MLB,FL,ASO,ES,Federal Contract Tower,12,6,163,0,181,0,0,116,0,116,12,6,279,0,297,160,0,160,457
04/28/2005,MLB,FL,ASO,ES,Federal Contract Tower,13,7,144,4,168,0,0,199,0,199,13,7,343,4,367,406,0,406,773
04/29/2005,MLB,FL,ASO,ES,Federal Contract Tower,12,9,156,4,181,0,0,216,0,216,12,9,372,4,397,194,4,198,595
04/30/2005,MLB,FL,ASO,ES,Federal Contract Tower,11,10,93,0,114,0,0,142,0,142,11,10,235,0,256,124,0,124,380
05/01/2005,MLB,FL,ASO,ES,Federal Contract Tower,12,9,64,0,85,0,0,53,0,53,12,9,117,0,138,64,0,64,202
05/02/2005,MLB,FL,ASO,ES,Federal Contract Tower,10,7,158,2,177,0,0,96,0,96,10,7,254,2,273,112,0,112,385
05/03/2005,MLB,FL,ASO,ES,Federal Contract Tower,11,8,181,0,200,0,0,144,0,144,11,8,325,0,344,221,6,227,571
05/04/2005,MLB,FL,ASO,ES,Federal Contract Tower,12,7,81,0,100,0,0,33,0,33,12,7,114,0,133,96,0,96,229
05/05/2005,MLB,FL,ASO,ES,Federal Contract Tower,11,4,92,0,107,0,0,65,0,65,11,4,157,0,172,62,0,62,234
05/06/2005,MLB,FL,ASO,ES,Federal Contract Tower,10,5,152,0,167,0,0,68,0,68,10,5,220,0,235,72,0,72,307
05/07/2005,MLB,FL,ASO,ES,Federal Contract Tower,8,11,88,0,107,0,0,184,0,184,8,11,272,0,291,168,0,168,459
05/08/2005,MLB,FL,ASO,ES,Federal Contract Tower,12,5,58,0,75,0,0,126,0,126,12,5,184,0,201,150,0,150,351
05/09/2005,MLB,FL,ASO,ES,Federal Contract Tower,10,8,141,3,162,0,0,144,0,144,10,8,285,3,306,342,0,342,648
05/10/2005,MLB,FL,ASO,ES,Federal Contract Tower,11,6,128,9,154,0,0,202,0,202,11,6,330,9,356,296,0,296,652
05/11/2005,MLB,FL,ASO,ES,Federal Contract Tower,10,6,112,2,130,0,0,141,0,141,10,6,253,2,271,174,0,174,445
05/12/2005,MLB,FL,ASO,ES,Federal Contract Tower,10,7,123,2,142,0,0,168,0,168,10,7,291,2,310,252,0,252,562
05/13/2005,MLB,FL,ASO,ES,Federal Contract Tower,10,7,120,0,137,0,0,143,0,143,10,7,263,0,280,174,0,174,454
05/14/2005,MLB,FL,ASO,ES,Federal Contract Tower,12,10,67,0,89,0,0,113,0,113,12,10,180,0,202,114,0,114,316
05/15/2005,MLB,FL,ASO,ES,Federal Contract Tower,10,5,44,4,63,0,0,85,0,85,10,5,129,4,148,62,0,62,210
05/16/2005,MLB,FL,ASO,ES,Federal Contract Tower,11,10,112,0,133,0,0,135,0,135,11,10,247,0,268,252,0,252,520
05/17/2005,MLB,FL,ASO,ES,Federal Contract Tower,11,11,126,0,148,0,0,146,0,146,11,11,272,0,294,244,0,244,538
05/18/2005,MLB,FL,ASO,ES,Federal Contract Tower,14,9,155,4,182,0,0,150,0,150,14,9,305,4,332,314,0,314,646
05/19/2005,MLB,FL,ASO,ES,Federal Contract Tower,12,13,114,4,143,0,0,149,0,149,12,13,263,4,292,268,0,268,560
05/20/2005,MLB,FL,ASO,ES,Federal Contract Tower,9,10,147,2,168,0,0,166,0,166,9,10,313,2,334,292,0,292,626
05/21/2005,MLB,FL,ASO,ES,Federal Contract Tower,11,12,86,0,109,0,0,97,0,97,11,12,183,0,206,120,0,120,326
05/22/2005,MLB,FL,ASO,ES,Federal Contract Tower,10,8,69,0,87,0,0,62,0,62,10,8,131,0,149,118,0,118,267
05/23/2005,MLB,FL,ASO,ES,Federal Contract Tower,10,9,194,2,215,0,0,155,0,155,10,9,349,2,370,260,0,260,630
05/24/2005,MLB,FL,ASO,ES,Federal Contract Tower,12,11,127,0,150,0,0,136,0,136,12,11,263,0,286,282,0,282,568
05/25/2005,MLB,FL,ASO,ES,Federal Contract Tower,12,7,121,0,140,0,0,93,0,93,12,7,214,0,233,192,0,192,425
05/26/2005,MLB,FL,ASO,ES,Federal Contract Tower,12,8,169,10,199,0,0,133,0,133,12,8,302,10,332,218,0,218,550
05/27/2005,MLB,FL,ASO,ES,Federal Contract Tower,11,13,137,2,163,0,0,111,0,111,11,13,248,2,274,224,0,224,498
05/28/2005,MLB,FL,ASO,ES,Federal Contract Tower,12,13,62,0,87,0,0,59,0,59,12,13,121,0,146,104,0,104,250
05/29/2005,MLB,FL,ASO,ES,Federal Contract Tower,12,10,38,0,60,0,0,87,0,87,12,10,125,0,147,58,0,58,205
05/30/2005,MLB,FL,ASO,ES,Federal Contract Tower,9,11,74,0,94,0,0,77,0,77,9,11,151,0,171,60,0,60,231
05/31/2005,MLB,FL,ASO,ES,Federal Contract Tower,10,10,48,0,68,0,0,43,0,43,10,10,91,0,111,30,0,30,141
06/01/2005,MLB,FL,ASO,ES,Federal Contract Tower,10,7,41,3,61,0,0,35,0,35,10,7,76,3,96,62,0,62,158
06/02/2005,MLB,FL,ASO,ES,Federal Contract Tower,11,8,62,0,81,0,0,76,0,76,11,8,138,0,157,108,0,108,265
06/03/2005,MLB,FL,ASO,ES,Federal Contract Tower,10,8,39,0,57,0,0,46,0,46,10,8,85,0,103,108,0,108,211
06/04/2005,MLB,FL,ASO,ES,Federal Contract Tower,11,11,63,0,85,0,0,35,0,35,11,11,98,0,120,28,0,28,148
06/05/2005,MLB,FL,ASO,ES,Federal Contract Tower,11,5,38,0,54,0,0,48,0,48,11,5,86,0,102,56,0,56,158
06/06/2005,MLB,FL,ASO,ES,Federal Contract Tower,10,10,130,0,150,0,0,70,0,70,10,10,200,0,220,134,0,134,354
06/07/2005,MLB,FL,ASO,ES,Federal Contract Tower,11,10,165,0,186,0,0,146,0,146,11,10,311,0,332,302,0,302,634
06/08/2005,MLB,FL,ASO,ES,Federal Contract Tower,11,9,161,12,193,0,0,141,0,141,11,9,302,12,334,232,0,232,566
06/09/2005,MLB,FL,ASO,ES,Federal Contract Tower,10,10,54,0,74,0,0,124,0,124,10,10,178,0,198,26,0,26,224
06/10/2005,MLB,FL,ASO,ES,Federal Contract Tower,10,11,82,6,109,0,0,59,0,59,10,11,141,6,168,180,0,180,348
06/11/2005,MLB,FL,ASO,ES,Federal Contract Tower,7,12,24,0,43,0,0,11,0,11,7,12,35,0,54,14,0,14,68
06/12/2005,MLB,FL,ASO,ES,Federal Contract Tower,10,9,68,0,87,0,0,72,0,72,10,9,140,0,159,98,0,98,257
06/13/2005,MLB,FL,ASO,ES,Federal Contract Tower,11,13,114,0,138,0,0,208,0,208,11,13,322,0,346,358,0,358,704
06/14/2005,MLB,FL,ASO,ES,Federal Contract Tower,12,12,119,3,146,0,0,182,0,182,12,12,301,3,328,294,0,294,622
06/15/2005,MLB,FL,ASO,ES,Federal Contract Tower,11,10,89,2,112,0,0,110,0,110,11,10,199,2,222,166,0,166,388
06/16/2005,MLB,FL,ASO,ES,Federal Contract Tower,11,7,88,0,106,0,0,137,0,137,11,7,225,0,243,220,0,220,463
06/17/2005,MLB,FL,ASO,ES,Federal Contract Tower,11,8,64,0,83,0,0,115,0,115,11,8,179,0,198,230,0,230,428
06/18/2005,MLB,FL,ASO,ES,Federal Contract Tower,11,13,100,2,126,0,0,49,0,49,11,13,149,2,175,156,0,156,331
06/19/2005,MLB,FL,ASO,ES,Federal Contract Tower,11,9,67,0,87,0,0,105,0,105,11,9,172,0,192,64,0,64,256
06/20/2005,MLB,FL,ASO,ES,Federal Contract Tower,12,7,84,0,103,0,0,64,0,64,12,7,148,0,167,136,0,136,303
06/21/2005,MLB,FL,ASO,ES,Federal Contract Tower,12,7,135,0,154,0,0,115,0,115,12,7,250,0,269,146,0,146,415
06/22/2005,MLB,FL,ASO,ES,Federal Contract Tower,9,9,137,1,156,0,0,144,0,144,9,9,281,1,300,222,0,222,522
06/23/2005,MLB,FL,ASO,ES,Federal Contract Tower,10,9,138,6,163,0,0,71,0,71,10,9,209,6,234,142,0,142,376
06/24/2005,MLB,FL,ASO,ES,Federal Contract Tower,14,10,79,0,103,0,0,19,0,19,14,10,98,0,122,4,0,4,126
06/25/2005,MLB,FL,ASO,ES,Federal Contract Tower,11,16,78,0,105,0,0,100,0,100,11,16,178,0,205,138,0,138,343
06/26/2005,MLB,FL,ASO,ES,Federal Contract Tower,13,8,57,0,78,0,0,123,0,123,13,8,180,0,201,100,0,100,301
06/27/2005,MLB,FL,ASO,ES,Federal Contract Tower,8,7,120,0,135,0,0,106,0,106,8,7,226,0,241,120,0,120,361
06/28/2005,MLB,FL,ASO,ES,Federal Contract Tower,9,6,93,0,108,0,0,157,0,157,9,6,250,0,265,278,0,278,543
06/29/2005,MLB,FL,ASO,ES,Federal Contract Tower,14,9,107,0,130,0,0,95,0,95,14,9,202,0,225,142,0,142,367
06/30/2005,MLB,FL,ASO,ES,Federal Contract Tower,12,6,95,1,114,0,0,105,0,105,12,6,200,1,219,112,0,112,331
07/01/2005,MLB,FL,ASO,ES,Federal Contract Tower,10,15,90,2,117,0,0,60,0,60,10,15,150,2,177,50,0,50,227
07/02/2005,MLB,FL,ASO,ES,Federal Contract Tower,9,15,58,0,82,0,0,84,0,84,9,15,142,0,166,66,0,66,232
07/03/2005,MLB,FL,ASO,ES,Federal Contract Tower,10,11,44,0,65,0,0,52,0,52,10,11,96,0,117,6,0,6,123
07/04/2005,MLB,FL,ASO,ES,Federal Contract Tower,12,12,54,0,78,0,0,69,0,69,12,12,123,0,147,42,0,42,189
07/05/2005,MLB,FL,ASO,ES,Federal Contract Tower,10,18,98,0,126,0,0,131,0,131,10,18,229,0,257,273,0,273,530
07/06/2005,MLB,FL,ASO,ES,Federal Contract Tower,10,41,83,0,134,0,0,151,0,151,10,41,234,0,285,244,0,244,529
07/07/2005,MLB,FL,ASO,ES,Federal Contract Tower,8,36,69,0,113,0,0,118,0,118,8,36,187,0,231,238,0,238,469
07/08/2005,MLB,FL,ASO,ES,Federal Contract Tower,10,13,167,0,190,0,0,105,0,105,10,13,272,0,295,186,0,186,481
07/09/2005,MLB,FL,ASO,ES,Federal Contract Tower,13,15,7,0,35,0,0,10,0,10,13,15,17,0,45,8,0,8,53
07/10/2005,MLB,FL,ASO,ES,Federal Contract Tower,9,12,42,0,63,0,0,35,0,35,9,12,77,0,98,0,0,0,98
07/11/2005,MLB,FL,ASO,ES,Federal Contract Tower,10,11,142,4,167,0,0,132,0,132,10,11,274,4,299,276,0,276,575
07/12/2005,MLB,FL,ASO,ES,Federal Contract Tower,11,11,110,0,132,0,0,124,0,124,11,11,234,0,256,220,0,220,476
07/13/2005,MLB,FL,ASO,ES,Federal Contract Tower,13,11,56,0,80,0,0,81,0,81,13,11,137,0,161,116,0,116,277
07/14/2005,MLB,FL,ASO,ES,Federal Contract Tower,10,11,130,2,153,0,0,121,0,121,10,11,251,2,274,146,14,160,434
07/15/2005,MLB,FL,ASO,ES,Federal Contract Tower,11,12,128,0,151,0,0,131,0,131,11,12,259,0,282,198,0,198,480
07/16/2005,MLB,FL,ASO,ES,Federal Contract Tower,9,18,100,2,129,0,0,103,0,103,9,18,203,2,232,120,2,122,354
07/17/2005,MLB,FL,ASO,ES,Federal Contract Tower,13,11,78,4,106,0,0,59,0,59,13,11,137,4,165,38,0,38,203
07/18/2005,MLB,FL,ASO,ES,Federal Contract Tower,11,17,133,6,167,0,0,173,0,173,11,17,306,6,340,242,0,242,582
07/19/2005,MLB,FL,ASO,ES,Federal Contract Tower,13,12,156,0,181,0,0,145,0,145,13,12,301,0,326,162,0,162,488
07/20/2005,MLB,FL,ASO,ES,Federal Contract Tower,12,12,125,0,149,0,0,161,0,161,12,12,286,0,310,180,0,180,490
07/21/2005,MLB,FL,ASO,ES,Federal Contract Tower,10,13,110,4,137,0,0,138,0,138,10,13,248,4,275,226,0,226,501
07/22/2005,MLB,FL,ASO,ES,Federal Contract Tower,9,14,110,0,133,0,0,208,0,208,9,14,318,0,341,156,0,156,497
07/23/2005,MLB,FL,ASO,ES,Federal Contract Tower,9,17,73,0,99,0,0,94,0,94,9,17,167,0,193,76,0,76,269
07/24/2005,MLB,FL,ASO,ES,Federal Contract Tower,13,10,63,0,86,0,0,69,0,69,13,10,132,0,155,46,0,46,201
07/25/2005,MLB,FL,ASO,ES,Federal Contract Tower,9,15,126,0,150,0,0,167,0,167,9,15,293,0,317,232,0,232,549
07/26/2005,MLB,FL,ASO,ES,Federal Contract Tower,11,10,72,0,93,0,0,124,0,124,11,10,196,0,217,148,0,148,365
07/27/2005,MLB,FL,ASO,ES,Federal Contract Tower,11,12,116,0,139,0,0,157,0,157,11,12,273,0,296,158,0,158,454
07/28/2005,MLB,FL,ASO,ES,Federal Contract Tower,8,8,102,0,118,0,0,124,0,124,8,8,226,0,242,180,0,180,422
07/29/2005,MLB,FL,ASO,ES,Federal Contract Tower,11,22,54,0,87,0,0,96,0,96,11,22,150,0,183,92,0,92,275
07/30/2005,MLB,FL,ASO,ES,Federal Contract Tower,9,17,85,0,111,0,0,103,0,103,9,17,188,0,214,74,0,74,288
07/31/2005,MLB,FL,ASO,ES,Federal Contract Tower,13,12,28,0,53,0,0,91,0,91,13,12,119,0,144,28,0,28,172
08/01/2005,MLB,FL,ASO,ES,Federal Contract Tower,11,14,95,10,130,0,0,72,0,72,11,14,167,10,202,68,0,68,270
08/02/2005,MLB,FL,ASO,ES,Federal Contract Tower,12,10,120,4,146,0,0,82,0,82,12,10,202,4,228,162,0,162,390
08/03/2005,MLB,FL,ASO,ES,Federal Contract Tower,11,10,81,0,102,0,0,107,0,107,11,10,188,0,209,184,0,184,393
08/04/2005,MLB,FL,ASO,ES,Federal Contract Tower,9,14,115,2,140,0,0,25,0,25,9,14,140,2,165,102,0,102,267
08/05/2005,MLB,FL,ASO,ES,Federal Contract Tower,7,13,57,2,79,0,0,88,0,88,7,13,145,2,167,98,0,98,265
08/06/2005,MLB,FL,ASO,ES,Federal Contract Tower,9,17,65,0,91,0,0,85,0,85,9,17,150,0,176,90,0,90,266
08/07/2005,MLB,FL,ASO,ES,Federal Contract Tower,9,15,56,2,82,0,0,76,0,76,9,15,132,2,158,40,0,40,198
08/08/2005,MLB,FL,ASO,ES,Federal Contract Tower,8,12,85,0,105,0,0,48,0,48,8,12,133,0,153,66,0,66,219
08/09/2005,MLB,FL,ASO,ES,Federal Contract Tower,12,11,80,1,104,0,0,104,0,104,12,11,184,1,208,164,0,164,372
08/10/2005,MLB,FL,ASO,ES,Federal Contract Tower,9,11,129,0,149,0,0,111,0,111,9,11,240,0,260,98,0,98,358
08/11/2005,MLB,FL,ASO,ES,Federal Contract Tower,11,14,99,6,130,0,0,90,0,90,11,14,189,6,220,106,0,106,326
08/12/2005,MLB,FL,ASO,ES,Federal Contract Tower,11,20,98,0,129,0,0,113,0,113,11,20,211,0,242,108,0,108,350
08/13/2005,MLB,FL,ASO,ES,Federal Contract Tower,12,15,62,0,89,0,0,88,0,88,12,15,150,0,177,90,0,90,267
08/14/2005,MLB,FL,ASO,ES,Federal Contract Tower,10,11,54,0,75,0,0,80,0,80,10,11,134,0,155,62,0,62,217
08/15/2005,MLB,FL,ASO,ES,Federal Contract Tower,11,12,99,0,122,0,0,63,0,63,11,12,162,0,185,42,0,42,227
08/16/2005,MLB,FL,ASO,ES,Federal Contract Tower,10,13,94,0,117,0,0,82,0,82,10,13,176,0,199,92,0,92,291
08/17/2005,MLB,FL,ASO,ES,Federal Contract Tower,9,12,79,0,100,0,0,200,0,200,9,12,279,0,300,160,0,160,460
08/18/2005,MLB,FL,ASO,ES,Federal Contract Tower,12,18,113,0,143,0,0,101,0,101,12,18,214,0,244,116,0,116,360
08/19/2005,MLB,FL,ASO,ES,Federal Contract Tower,11,14,99,0,124,0,0,124,0,124,11,14,223,0,248,72,0,72,320
08/20/2005,MLB,FL,ASO,ES,Federal Contract Tower,11,15,37,2,65,0,0,100,0,100,11,15,137,2,165,38,0,38,203
08/21/2005,MLB,FL,ASO,ES,Federal Contract Tower,13,12,47,1,73,0,0,62,0,62,13,12,109,1,135,34,0,34,169
08/22/2005,MLB,FL,ASO,ES,Federal Contract Tower,10,11,51,2,74,0,0,85,0,85,10,11,136,2,159,98,0,98,257
08/23/2005,MLB,FL,ASO,ES,Federal Contract Tower,12,12,72,1,97,0,0,90,0,90,12,12,162,1,187,108,0,108,295
08/24/2005,MLB,FL,ASO,ES,Federal Contract Tower,13,12,83,0,108,0,0,117,0,117,13,12,200,0,225,140,0,140,365
08/25/2005,MLB,FL,ASO,ES,Federal Contract Tower,12,14,19,3,48,0,0,13,0,13,12,14,32,3,61,6,0,6,67
08/26/2005,MLB,FL,ASO,ES,Federal Contract Tower,8,12,39,2,61,0,0,95,0,95,8,12,134,2,156,164,0,164,320
08/27/2005,MLB,FL,ASO,ES,Federal Contract Tower,12,16,44,2,74,0,0,157,0,157,12,16,201,2,231,154,0,154,385
08/28/2005,MLB,FL,ASO,ES,Federal Contract Tower,10,13,65,0,88,0,0,49,0,49,10,13,114,0,137,80,0,80,217
08/29/2005,MLB,FL,ASO,ES,Federal Contract Tower,10,11,117,0,138,0,0,217,0,217,10,11,334,0,355,326,0,326,681
08/30/2005,MLB,FL,ASO,ES,Federal Contract Tower,9,12,57,0,78,0,0,206,0,206,9,12,263,0,284,256,0,256,540
08/31/2005,MLB,FL,ASO,ES,Federal Contract Tower,12,13,80,0,105,0,0,158,0,158,12,13,238,0,263,164,0,164,427
09/01/2005,MLB,FL,ASO,ES,Federal Contract Tower,6,20,52,0,78,0,0,151,0,151,6,20,203,0,229,182,0,182,411
09/02/2005,MLB,FL,ASO,ES,Federal Contract Tower,6,14,71,0,91,0,0,134,0,134,6,14,205,0,225,124,0,124,349
09/03/2005,MLB,FL,ASO,ES,Federal Contract Tower,5,19,29,1,54,0,0,133,0,133,5,19,162,1,187,120,0,120,307
09/04/2005,MLB,FL,ASO,ES,Federal Contract Tower,6,19,31,0,56,0,0,79,0,79,6,19,110,0,135,96,0,96,231
09/05/2005,MLB,FL,ASO,ES,Federal Contract Tower,8,17,45,0,70,0,0,32,0,32,8,17,77,0,102,14,0,14,116
09/06/2005,MLB,FL,ASO,ES,Federal Contract Tower,7,14,64,0,85,0,0,98,0,98,7,14,162,0,183,32,0,32,215
09/07/2005,MLB,FL,ASO,ES,Federal Contract Tower,9,15,82,0,106,0,0,32,0,32,9,15,114,0,138,28,0,28,166
09/08/2005,MLB,FL,ASO,ES,Federal Contract Tower,8,15,39,0,62,0,0,3,0,3,8,15,42,0,65,4,0,4,69
09/09/2005,MLB,FL,ASO,ES,Federal Contract Tower,7,12,69,0,88,0,0,50,0,50,7,12,119,0,138,66,0,66,204
09/10/2005,MLB,FL,ASO,ES,Federal Contract Tower,8,17,53,0,78,0,0,223,0,223,8,17,276,0,301,202,0,202,503
09/11/2005,MLB,FL,ASO,ES,Federal Contract Tower,5,15,43,0,63,0,0,176,0,176,5,15,219,0,239,240,0,240,479
09/12/2005,MLB,FL,ASO,ES,Federal Contract Tower,6,15,69,0,90,0,0,238,0,238,6,15,307,0,328,252,0,252,580
09/13/2005,MLB,FL,ASO,ES,Federal Contract Tower,7,15,74,2,98,0,0,252,0,252,7,15,326,2,350,228,0,228,578
09/14/2005,MLB,FL,ASO,ES,Federal Contract Tower,7,15,77,0,99,0,0,194,0,194,7,15,271,0,293,254,0,254,547
09/15/2005,MLB,FL,ASO,ES,Federal Contract Tower,7,12,76,0,95,0,0,217,0,217,7,12,293,0,312,266,6,272,584
09/16/2005,MLB,FL,ASO,ES,Federal Contract Tower,4,13,132,0,149,0,0,132,0,132,4,13,264,0,281,248,0,248,529
09/17/2005,MLB,FL,ASO,ES,Federal Contract Tower,6,14,75,4,99,0,0,173,0,173,6,14,248,4,272,308,0,308,580
09/18/2005,MLB,FL,ASO,ES,Federal Contract Tower,6,12,26,0,44,0,0,151,0,151,6,12,177,0,195,318,0,318,513
09/19/2005,MLB,FL,ASO,ES,Federal Contract Tower,7,13,93,0,113,0,0,220,0,220,7,13,313,0,333,236,0,236,569
09/20/2005,MLB,FL,ASO,ES,Federal Contract Tower,7,12,26,1,46,0,0,58,0,58,7,12,84,1,104,112,0,112,216
09/21/2005,MLB,FL,ASO,ES,Federal Contract Tower,4,13,39,0,56,0,0,16,0,16,4,13,55,0,72,48,0,48,120
09/22/2005,MLB,FL,ASO,ES,Federal Contract Tower,6,14,126,2,148,0,0,150,0,150,6,14,276,2,298,308,2,310,608
09/23/2005,MLB,FL,ASO,ES,Federal Contract Tower,6,15,129,0,150,0,0,255,0,255,6,15,384,0,405,298,0,298,703
09/24/2005,MLB,FL,ASO,ES,Federal Contract Tower,7,18,60,2,87,0,0,302,0,302,7,18,362,2,389,334,0,334,723
09/25/2005,MLB,FL,ASO,ES,Federal Contract Tower,6,19,47,0,72,0,0,143,0,143,6,19,190,0,215,202,0,202,417
09/26/2005,MLB,FL,ASO,ES,Federal Contract Tower,8,14,76,0,98,0,0,227,0,227,8,14,303,0,325,404,0,404,729
09/27/2005,MLB,FL,ASO,ES,Federal Contract Tower,7,14,79,1,101,0,0,276,0,276,7,14,355,1,377,382,0,382,759
09/28/2005,MLB,FL,ASO,ES,Federal Contract Tower,9,13,78,5,105,0,0,207,0,207,9,13,285,5,312,314,0,314,626
09/29/2005,MLB,FL,ASO,ES,Federal Contract Tower,8,14,99,0,121,0,0,248,0,248,8,14,347,0,369,452,0,452,821
09/30/2005,MLB,FL,ASO,ES,Federal Contract Tower,6,14,117,0,137,0,0,250,0,250,6,14,367,0,387,398,0,398,785
10/01/2005,MLB,FL,ASO,ES,Federal Contract Tower,6,19,80,0,105,0,0,194,0,194,6,19,274,0,299,414,0,414,713
10/02/2005,MLB,FL,ASO,ES,Federal Contract Tower,5,26,40,0,71,0,0,78,0,78,5,26,118,0,149,210,0,210,359
10/03/2005,MLB,FL,ASO,ES,Federal Contract Tower,7,12,109,4,132,0,0,119,0,119,7,12,228,4,251,182,0,182,433
10/04/2005,MLB,FL,ASO,ES,Federal Contract Tower,5,12,71,0,88,0,0,34,0,34,5,12,105,0,122,48,0,48,170
10/05/2005,MLB,FL,ASO,ES,Federal Contract Tower,8,14,67,0,89,0,0,78,0,78,8,14,145,0,167,132,0,132,299
10/06/2005,MLB,FL,ASO,ES,Federal Contract Tower,5,14,89,0,108,0,0,160,0,160,5,14,249,0,268,252,0,252,520
10/07/2005,MLB,FL,ASO,ES,Federal Contract Tower,7,12,122,0,141,0,0,140,0,140,7,12,262,0,281,222,0,222,503
10/08/2005,MLB,FL,ASO,ES,Federal Contract Tower,6,20,60,0,86,0,0,184,0,184,6,20,244,0,270,218,0,218,488
10/09/2005,MLB,FL,ASO,ES,Federal Contract Tower,9,14,48,0,71,0,0,52,0,52,9,14,100,0,123,82,0,82,205
10/10/2005,MLB,FL,ASO,ES,Federal Contract Tower,8,12,102,0,122,0,0,152,0,152,8,12,254,0,274,268,0,268,542
10/11/2005,MLB,FL,ASO,ES,Federal Contract Tower,7,11,66,7,91,0,0,99,0,99,7,11,165,7,190,248,0,248,438
10/12/2005,MLB,FL,ASO,ES,Federal Contract Tower,8,14,95,0,117,0,0,151,0,151,8,14,246,0,268,272,0,272,540
10/13/2005,MLB,FL,ASO,ES,Federal Contract Tower,11,15,147,11,184,0,0,140,0,140,11,15,287,11,324,372,0,372,696
10/14/2005,MLB,FL,ASO,ES,Federal Contract Tower,7,12,147,1,167,0,0,46,0,46,7,12,193,1,213,68,0,68,281
10/15/2005,MLB,FL,ASO,ES,Federal Contract Tower,10,11,65,1,87,0,0,275,0,275,10,11,340,1,362,478,0,478,840
10/16/2005,MLB,FL,ASO,ES,Federal Contract Tower,5,13,192,0,210,0,0,30,0,30,5,13,222,0,240,312,0,312,552
10/17/2005,MLB,FL,ASO,ES,Federal Contract Tower,9,12,100,0,121,0,0,275,0,275,9,12,375,0,396,516,0,516,912
10/18/2005,MLB,FL,ASO,ES,Federal Contract Tower,8,12,88,1,109,0,0,277,0,277,8,12,365,1,386,628,0,628,1014
10/19/2005,MLB,FL,ASO,ES,Federal Contract Tower,6,13,110,0,129,0,0,281,0,281,6,13,391,0,410,430,0,430,840
10/20/2005,MLB,FL,ASO,ES,Federal Contract Tower,7,13,88,0,108,0,0,249,0,249,7,13,337,0,357,426,0,426,783
10/21/2005,MLB,FL,ASO,ES,Federal Contract Tower,6,16,46,0,68,0,0,130,0,130,6,16,176,0,198,248,0,248,446
10/22/2005,MLB,FL,ASO,ES,Federal Contract Tower,9,14,33,0,56,0,0,135,0,135,9,14,168,0,191,294,0,294,485
10/23/2005,MLB,FL,ASO,ES,Federal Contract Tower,7,10,19,2,38,0,0,14,0,14,7,10,33,2,52,6,0,6,58
10/24/2005,MLB,FL,ASO,ES,Federal Contract Tower,1,5,0,0,6,0,0,9,0,9,1,5,9,0,15,0,0,0,15
10/25/2005,MLB,FL,ASO,ES,Federal Contract Tower,7,16,48,1,72,0,0,148,0,148,7,16,196,1,220,258,0,258,478
10/26/2005,MLB,FL,ASO,ES,Federal Contract Tower,9,12,89,2,112,0,0,341,0,341,9,12,430,2,453,450,0,450,903
10/27/2005,MLB,FL,ASO,ES,Federal Contract Tower,7,12,92,0,111,0,0,308,0,308,7,12,400,0,419,402,0,402,821
10/28/2005,MLB,FL,ASO,ES,Federal Contract Tower,7,14,89,1,111,0,0,253,0,253,7,14,342,1,364,308,0,308,672
10/29/2005,MLB,FL,ASO,ES,Federal Contract Tower,7,16,72,0,95,0,0,239,0,239,7,16,311,0,334,226,0,226,560
10/30/2005,MLB,FL,ASO,ES,Federal Contract Tower,7,15,37,0,59,0,0,124,0,124,7,15,161,0,183,240,0,240,423
10/31/2005,MLB,FL,ASO,ES,Federal Contract Tower,9,9,85,1,104,0,0,237,0,237,9,9,322,1,341,432,0,432,773
11/01/2005,MLB,FL,ASO,ES,Federal Contract Tower,7,16,121,0,144,0,0,168,0,168,7,16,289,0,312,278,0,278,590
11/02/2005,MLB,FL,ASO,ES,Federal Contract Tower,8,13,128,0,149,0,0,201,0,201,8,13,329,0,350,300,0,300,650
11/03/2005,MLB,FL,ASO,ES,Federal Contract Tower,8,12,150,0,170,0,0,239,0,239,8,12,389,0,409,464,4,468,877
11/04/2005,MLB,FL,ASO,ES,Federal Contract Tower,9,14,133,2,158,0,0,289,0,289,9,14,422,2,447,504,0,504,951
11/05/2005,MLB,FL,ASO,ES,Federal Contract Tower,6,20,103,0,129,0,0,361,0,361,6,20,464,0,490,289,0,289,779
11/06/2005,MLB,FL,ASO,ES,Federal Contract Tower,6,20,74,0,100,0,0,193,0,193,6,20,267,0,293,214,0,214,507
11/07/2005,MLB,FL,ASO,ES,Federal Contract Tower,8,16,102,2,128,0,0,145,0,145,8,16,247,2,273,348,0,348,621
11/08/2005,MLB,FL,ASO,ES,Federal Contract Tower,6,15,93,0,114,0,0,253,0,253,6,15,346,0,367,430,0,430,797
11/09/2005,MLB,FL,ASO,ES,Federal Contract Tower,8,17,112,1,138,0,0,317,0,317,8,17,429,1,455,478,0,478,933
11/10/2005,MLB,FL,ASO,ES,Federal Contract Tower,7,14,87,3,111,0,0,198,0,198,7,14,285,3,309,264,0,264,573
11/11/2005,MLB,FL,ASO,ES,Federal Contract Tower,7,12,134,1,154,0,0,256,0,256,7,12,390,1,410,200,0,200,610
11/12/2005,MLB,FL,ASO,ES,Federal Contract Tower,8,16,52,0,76,0,0,117,0,117,8,16,169,0,193,175,0,175,368
11/13/2005,MLB,FL,ASO,ES,Federal Contract Tower,6,12,97,0,115,0,0,26,97,123,6,12,123,97,238,146,0,146,384
11/14/2005,MLB,FL,ASO,ES,Federal Contract Tower,6,13,112,0,131,0,0,228,0,228,6,13,340,0,359,360,0,360,719
11/15/2005,MLB,FL,ASO,ES,Federal Contract Tower,8,15,107,1,131,0,0,266,0,266,8,15,373,1,397,290,0,290,687
11/16/2005,MLB,FL,ASO,ES,Federal Contract Tower,8,16,91,2,117,0,0,261,0,261,8,16,352,2,378,392,0,392,770
11/17/2005,MLB,FL,ASO,ES,Federal Contract Tower,7,17,125,2,151,0,0,78,0,78,7,17,203,2,229,106,0,106,335
11/18/2005,MLB,FL,ASO,ES,Federal Contract Tower,9,13,134,0,156,0,0,155,0,155,9,13,289,0,311,132,2,134,445
11/19/2005,MLB,FL,ASO,ES,Federal Contract Tower,9,15,78,0,102,0,0,172,0,172,9,15,250,0,274,200,0,200,474
11/20/2005,MLB,FL,ASO,ES,Federal Contract Tower,9,15,35,0,59,0,0,25,0,25,9,15,60,0,84,28,0,28,112
11/21/2005,MLB,FL,ASO,ES,Federal Contract Tower,7,12,60,0,79,0,0,45,0,45,7,12,105,0,124,56,0,56,180
11/22/2005,MLB,FL,ASO,ES,Federal Contract Tower,8,13,55,1,77,0,0,153,0,153,8,13,208,1,230,192,0,192,422
11/23/2005,MLB,FL,ASO,ES,Federal Contract Tower,9,17,50,0,76,0,0,156,0,156,9,17,206,0,232,96,0,96,328
11/24/2005,MLB,FL,ASO,ES,Federal Contract Tower,3,15,21,0,39,0,0,37,0,37,3,15,58,0,76,10,0,10,86
11/25/2005,MLB,FL,ASO,ES,Federal Contract Tower,6,15,85,0,106,0,0,123,0,123,6,15,208,0,229,90,0,90,319
11/26/2005,MLB,FL,ASO,ES,Federal Contract Tower,7,16,81,1,105,0,0,38,0,38,7,16,119,1,143,98,0,98,241
11/27/2005,MLB,FL,ASO,ES,Federal Contract Tower,8,20,103,0,131,0,0,90,0,90,8,20,193,0,221,58,0,58,279
11/28/2005,MLB,FL,ASO,ES,Federal Contract Tower,9,13,110,0,132,0,0,125,0,125,9,13,235,0,257,190,0,190,447
11/29/2005,MLB,FL,ASO,ES,Federal Contract Tower,7,18,57,2,84,0,0,99,0,99,7,18,156,2,183,114,0,114,297
11/30/2005,MLB,FL,ASO,ES,Federal Contract Tower,6,18,87,2,113,0,0,234,0,234,6,18,321,2,347,288,0,288,635
12/01/2005,MLB,FL,ASO,ES,Federal Contract Tower,10,6,65,2,83,0,0,293,0,293,10,6,358,2,376,350,0,350,726
12/02/2005,MLB,FL,ASO,ES,Federal Contract Tower,8,10,114,4,136,0,0,279,0,279,8,10,393,4,415,356,0,356,771
12/03/2005,MLB,FL,ASO,ES,Federal Contract Tower,5,5,93,6,109,0,0,205,0,205,5,5,298,6,314,342,0,342,656
12/04/2005,MLB,FL,ASO,ES,Federal Contract Tower,7,7,72,0,86,0,0,186,0,186,7,7,258,0,272,194,0,194,466
12/05/2005,MLB,FL,ASO,ES,Federal Contract Tower,10,3,109,3,125,0,0,201,0,201,10,3,310,3,326,248,0,248,574
12/06/2005,MLB,FL,ASO,ES,Federal Contract Tower,9,7,86,0,102,0,0,50,0,50,9,7,136,0,152,62,0,62,214
12/07/2005,MLB,FL,ASO,ES,Federal Contract Tower,10,5,133,4,152,0,0,111,0,111,10,5,244,4,263,292,0,292,555
12/08/2005,MLB,FL,ASO,ES,Federal Contract Tower,11,6,99,0,116,0,0,5,0,5,11,6,104,0,121,0,0,0,121
12/09/2005,MLB,FL,ASO,ES,Federal Contract Tower,7,5,122,0,134,0,0,81,0,81,7,5,203,0,215,92,0,92,307
12/10/2005,MLB,FL,ASO,ES,Federal Contract Tower,4,8,93,0,105,0,0,113,0,113,4,8,206,0,218,252,0,252,470
12/11/2005,MLB,FL,ASO,ES,Federal Contract Tower,9,8,56,2,75,0,0,93,0,93,9,8,149,2,168,118,0,118,286
12/12/2005,MLB,FL,ASO,ES,Federal Contract Tower,7,6,96,1,110,0,0,221,0,221,7,6,317,1,331,264,0,264,595
12/13/2005,MLB,FL,ASO,ES,Federal Contract Tower,7,9,115,1,132,0,0,215,0,215,7,9,330,1,347,240,0,240,587
12/14/2005,MLB,FL,ASO,ES,Federal Contract Tower,10,5,130,2,147,0,0,196,0,196,10,5,326,2,343,234,0,234,577
12/15/2005,MLB,FL,ASO,ES,Federal Contract Tower,8,3,93,7,111,0,0,136,0,136,8,3,229,7,247,157,0,157,404
12/16/2005,MLB,FL,ASO,ES,Federal Contract Tower,8,5,118,0,131,0,0,119,0,119,8,5,237,0,250,180,0,180,430
12/17/2005,MLB,FL,ASO,ES,Federal Contract Tower,6,6,85,0,97,0,0,16,0,16,6,6,101,0,113,42,0,42,155
12/18/2005,MLB,FL,ASO,ES,Federal Contract Tower,8,9,117,0,134,0,0,0,0,0,8,9,117,0,134,0,0,0,134
12/19/2005,MLB,FL,ASO,ES,Federal Contract Tower,10,3,67,0,80,0,0,10,0,10,10,3,77,0,90,2,0,2,92
12/20/2005,MLB,FL,ASO,ES,Federal Contract Tower,9,5,83,2,99,0,0,64,0,64,9,5,147,2,163,110,0,110,273
12/21/2005,MLB,FL,ASO,ES,Federal Contract Tower,10,3,79,0,92,0,0,94,0,94,10,3,173,0,186,76,0,76,262
12/22/2005,MLB,FL,ASO,ES,Federal Contract Tower,10,5,52,3,70,0,0,66,0,66,10,5,118,3,136,76,0,76,212
12/23/2005,MLB,FL,ASO,ES,Federal Contract Tower,8,16,67,0,91,0,0,92,0,92,8,16,159,0,183,70,0,70,253
12/24/2005,MLB,FL,ASO,ES,Federal Contract Tower,5,11,28,0,44,0,0,62,0,62,5,11,90,0,106,36,0,36,142
12/25/2005,MLB,FL,ASO,ES,Federal Contract Tower,5,7,6,0,18,0,0,0,6,6,5,7,6,6,24,0,0,0,24
12/26/2005,MLB,FL,ASO,ES,Federal Contract Tower,9,8,44,2,63,0,0,46,0,46,9,8,90,2,109,14,0,14,123
12/27/2005,MLB,FL,ASO,ES,Federal Contract Tower,7,6,62,0,75,0,0,89,0,89,7,6,151,0,164,62,0,62,226
12/28/2005,MLB,FL,ASO,ES,Federal Contract Tower,11,7,28,0,46,0,0,76,0,76,11,7,104,0,122,36,0,36,158
12/29/2005,MLB,FL,ASO,ES,Federal Contract Tower,10,6,52,0,68,0,0,65,0,65,10,6,117,0,133,20,0,20,153
12/30/2005,MLB,FL,ASO,ES,Federal Contract Tower,9,5,57,0,71,0,0,119,0,119,9,5,176,0,190,80,0,80,270
12/31/2005,MLB,FL,ASO,ES,Federal Contract Tower,6,8,24,0,38,0,0,75,0,75,6,8,99,0,113,22,0,22,135
01/01/2006,MLB,FL,ASO,ES,Federal Contract Tower,6,7,44,0,57,0,0,60,0,60,6,7,104,0,117,10,0,10,127
01/02/2006,MLB,FL,ASO,ES,Federal Contract Tower,8,7,57,0,72,0,0,56,0,56,8,7,113,0,128,28,0,28,156
01/03/2006,MLB,FL,ASO,ES,Federal Contract Tower,11,4,30,2,47,0,0,53,0,53,11,4,83,2,100,4,0,4,104
01/04/2006,MLB,FL,ASO,ES,Federal Contract Tower,10,4,67,0,81,0,0,149,0,149,10,4,216,0,230,160,0,160,390
01/05/2006,MLB,FL,ASO,ES,Federal Contract Tower,11,7,58,4,80,0,0,88,0,88,11,7,146,4,168,106,0,106,274
01/06/2006,MLB,FL,ASO,ES,Federal Contract Tower,10,9,52,0,71,0,0,95,0,95,10,9,147,0,166,104,0,104,270
01/07/2006,MLB,FL,ASO,ES,Federal Contract Tower,6,8,43,2,59,0,0,122,0,122,6,8,165,2,181,94,0,94,275
01/08/2006,MLB,FL,ASO,ES,Federal Contract Tower,12,8,30,0,50,0,0,131,0,131,12,8,161,0,181,66,0,66,247
01/09/2006,MLB,FL,ASO,ES,Federal Contract Tower,10,11,83,1,105,0,0,69,0,69,10,11,152,1,174,38,0,38,212
01/10/2006,MLB,FL,ASO,ES,Federal Contract Tower,8,8,101,1,118,0,0,82,0,82,8,8,183,1,200,111,0,111,311
01/11/2006,MLB,FL,ASO,ES,Federal Contract Tower,8,7,79,2,96,0,0,125,0,125,8,7,204,2,221,190,0,190,411
01/12/2006,MLB,FL,ASO,ES,Federal Contract Tower,10,12,117,1,140,0,0,179,0,179,10,12,296,1,319,272,0,272,591
01/13/2006,MLB,FL,ASO,ES,Federal Contract Tower,9,4,54,19,86,0,0,174,0,174,9,4,228,19,260,268,0,268,528
01/14/2006,MLB,FL,ASO,ES,Federal Contract Tower,11,6,23,2,42,0,0,51,0,51,11,6,74,2,93,32,0,32,125
01/15/2006,MLB,FL,ASO,ES,Federal Contract Tower,6,9,61,0,76,0,0,163,0,163,6,9,224,0,239,162,0,162,401
01/16/2006,MLB,FL,ASO,ES,Federal Contract Tower,12,5,73,0,90,0,0,198,0,198,12,5,271,0,288,254,0,254,542
01/17/2006,MLB,FL,ASO,ES,Federal Contract Tower,8,4,53,0,65,0,0,163,0,163,8,4,216,0,228,296,0,296,524
01/18/2006,MLB,FL,ASO,ES,Federal Contract Tower,10,4,97,2,113,0,0,161,0,161,10,4,258,2,274,254,0,254,528
01/19/2006,MLB,FL,ASO,ES,Federal Contract Tower,12,3,104,0,119,0,0,229,0,229,12,3,333,0,348,462,0,462,810
01/20/2006,MLB,FL,ASO,ES,Federal Contract Tower,11,10,104,2,127,0,0,157,0,157,11,10,261,2,284,276,0,276,560
01/21/2006,MLB,FL,ASO,ES,Federal Contract Tower,8,9,66,4,87,0,0,244,0,244,8,9,310,4,331,360,0,360,691
01/22/2006,MLB,FL,ASO,ES,Federal Contract Tower,8,9,86,0,103,0,0,103,0,103,8,9,189,0,206,192,0,192,398
01/23/2006,MLB,FL,ASO,ES,Federal Contract Tower,10,7,94,4,115,0,0,164,0,164,10,7,258,4,279,326,0,326,605
01/24/2006,MLB,FL,ASO,ES,Federal Contract Tower,7,4,84,2,97,0,0,165,0,165,7,4,249,2,262,380,0,380,642
01/25/2006,MLB,FL,ASO,ES,Federal Contract Tower,10,4,76,2,92,0,0,236,0,236,10,4,312,2,328,292,0,292,620
01/26/2006,MLB,FL,ASO,ES,Federal Contract Tower,13,7,98,1,119,0,1,293,0,294,13,8,391,1,413,378,0,378,791
01/27/2006,MLB,FL,ASO,ES,Federal Contract Tower,13,5,113,0,131,0,0,239,0,239,13,5,352,0,370,304,0,304,674
01/28/2006,MLB,FL,ASO,ES,Federal Contract Tower,8,7,82,0,97,0,0,223,0,223,8,7,305,0,320,292,0,292,612
01/29/2006,MLB,FL,ASO,ES,Federal Contract Tower,11,13,45,0,69,0,0,110,0,110,11,13,155,0,179,76,0,76,255
01/30/2006,MLB,FL,ASO,ES,Federal Contract Tower,14,7,79,0,100,0,0,145,0,145,14,7,224,0,245,230,0,230,475
01/31/2006,MLB,FL,ASO,ES,Federal Contract Tower,9,5,76,3,93,0,0,241,0,241,9,5,317,3,334,332,0,332,666
02/01/2006,MLB,FL,ASO,ES,Federal Contract Tower,9,5,78,0,92,0,0,339,0,339,9,5,417,0,431,350,0,350,781
02/02/2006,MLB,FL,ASO,ES,Federal Contract Tower,11,2,93,4,110,0,0,193,0,193,11,2,286,4,303,278,0,278,581
02/03/2006,MLB,FL,ASO,ES,Federal Contract Tower,12,2,32,2,48,0,0,58,0,58,12,2,90,2,106,66,0,66,172
02/04/2006,MLB,FL,ASO,ES,Federal Contract Tower,7,3,31,0,41,0,0,3,0,3,7,3,34,0,44,12,0,12,56
02/05/2006,MLB,FL,ASO,ES,Federal Contract Tower,9,2,56,0,67,0,0,131,0,131,9,2,187,0,198,92,0,92,290
02/06/2006,MLB,FL,ASO,ES,Federal Contract Tower,8,4,86,0,98,0,0,312,0,312,8,4,398,0,410,380,0,380,790
02/07/2006,MLB,FL,ASO,ES,Federal Contract Tower,9,2,70,0,81,0,0,200,0,200,9,2,270,0,281,404,0,404,685
02/08/2006,MLB,FL,ASO,ES,Federal Contract Tower,9,4,82,0,95,0,0,255,0,255,9,4,337,0,350,338,0,338,688
02/09/2006,MLB,FL,ASO,ES,Federal Contract Tower,9,6,84,2,101,0,0,234,0,234,9,6,318,2,335,383,0,383,718
02/10/2006,MLB,FL,ASO,ES,Federal Contract Tower,9,6,81,0,96,0,0,263,0,263,9,6,344,0,359,452,0,452,811
02/11/2006,MLB,FL,ASO,ES,Federal Contract Tower,7,21,59,4,91,0,0,116,0,116,7,21,175,4,207,144,0,144,351
02/12/2006,MLB,FL,ASO,ES,Federal Contract Tower,9,5,44,0,58,0,0,95,0,95,9,5,139,0,153,150,0,150,303
02/13/2006,MLB,FL,ASO,ES,Federal Contract Tower,9,4,66,2,81,0,0,239,0,239,9,4,305,2,320,218,0,218,538
02/14/2006,MLB,FL,ASO,ES,Federal Contract Tower,8,4,73,1,86,0,0,253,0,253,8,4,326,1,339,409,0,409,748
02/15/2006,MLB,FL,ASO,ES,Federal Contract Tower,8,6,86,0,100,0,0,240,0,240,8,6,326,0,340,292,0,292,632
02/16/2006,MLB,FL,ASO,ES,Federal Contract Tower,8,6,123,0,137,0,0,190,0,190,8,6,313,0,327,308,0,308,635
02/17/2006,MLB,FL,ASO,ES,Federal Contract Tower,10,7,139,4,160,0,0,223,0,223,10,7,362,4,383,416,0,416,799
02/18/2006,MLB,FL,ASO,ES,Federal Contract Tower,10,6,123,0,139,0,0,294,0,294,10,6,417,0,433,334,0,334,767
02/19/2006,MLB,FL,ASO,ES,Federal Contract Tower,7,3,126,0,136,0,0,104,0,104,7,3,230,0,240,150,0,150,390
02/20/2006,MLB,FL,ASO,ES,Federal Contract Tower,5,7,90,0,102,0,0,83,0,83,5,7,173,0,185,108,0,108,293
02/21/2006,MLB,FL,ASO,ES,Federal Contract Tower,11,4,70,0,85,0,0,152,0,152,11,4,222,0,237,366,0,366,603
02/22/2006,MLB,FL,ASO,ES,Federal Contract Tower,10,2,76,2,90,0,0,190,0,190,10,2,266,2,280,346,0,346,626
02/23/2006,MLB,FL,ASO,ES,Federal Contract Tower,11,3,79,1,94,0,0,152,0,152,11,3,231,1,246,252,0,252,498
02/24/2006,MLB,FL,ASO,ES,Federal Contract Tower,9,3,171,0,183,0,0,121,0,121,9,3,292,0,304,158,0,158,462
02/25/2006,MLB,FL,ASO,ES,Federal Contract Tower,9,6,107,8,130,0,0,99,0,99,9,6,206,8,229,138,0,138,367
02/26/2006,MLB,FL,ASO,ES,Federal Contract Tower,12,2,30,0,44,0,0,26,0,26,12,2,56,0,70,0,0,0,70
02/27/2006,MLB,FL,ASO,ES,Federal Contract Tower,9,5,113,2,129,0,0,257,0,257,9,5,370,2,386,342,0,342,728
02/28/2006,MLB,FL,ASO,ES,Federal Contract Tower,13,3,80,0,96,0,0,299,0,299,13,3,379,0,395,444,0,444,839
03/01/2006,MLB,FL,ASO,ES,Federal Contract Tower,11,6,77,0,94,0,0,245,0,245,11,6,322,0,339,320,0,320,659
03/02/2006,MLB,FL,ASO,ES,Federal Contract Tower,7,6,75,6,94,0,0,223,0,223,7,6,298,6,317,332,0,332,649
03/03/2006,MLB,FL,ASO,ES,Federal Contract Tower,10,8,89,0,107,0,0,209,0,209,10,8,298,0,316,306,0,306,622
03/04/2006,MLB,FL,ASO,ES,Federal Contract Tower,7,11,61,4,83,0,0,144,0,144,7,11,205,4,227,231,0,231,458
03/05/2006,MLB,FL,ASO,ES,Federal Contract Tower,9,5,53,0,67,0,0,169,0,169,9,5,222,0,236,90,0,90,326
03/06/2006,MLB,FL,ASO,ES,Federal Contract Tower,8,4,83,0,95,0,0,200,0,200,8,4,283,0,295,242,0,242,537
03/07/2006,MLB,FL,ASO,ES,Federal Contract Tower,10,9,68,0,87,0,0,152,0,152,10,9,220,0,239,152,0,152,391
03/08/2006,MLB,FL,ASO,ES,Federal Contract Tower,9,5,135,0,149,0,0,218,0,218,9,5,353,0,367,225,0,225,592
03/09/2006,MLB,FL,ASO,ES,Federal Contract Tower,8,7,110,0,125,0,0,151,0,151,8,7,261,0,276,90,2,92,368
03/10/2006,MLB,FL,ASO,ES,Federal Contract Tower,11,7,72,2,92,0,0,133,0,133,11,7,205,2,225,136,0,136,361
03/11/2006,MLB,FL,ASO,ES,Federal Contract Tower,7,12,80,0,99,0,0,140,0,140,7,12,220,0,239,152,0,152,391
03/12/2006,MLB,FL,ASO,ES,Federal Contract Tower,10,8,51,0,69,0,0,111,0,111,10,8,162,0,180,34,0,34,214
03/13/2006,MLB,FL,ASO,ES,Federal Contract Tower,8,4,80,2,94,0,0,209,0,209,8,4,289,2,303,230,0,230,533
03/14/2006,MLB,FL,ASO,ES,Federal Contract Tower,8,6,56,3,73,0,0,203,0,203,8,6,259,3,276,298,0,298,574
03/15/2006,MLB,FL,ASO,ES,Federal Contract Tower,8,5,110,6,129,0,0,219,0,219,8,5,329,6,348,235,0,235,583
03/16/2006,MLB,FL,ASO,ES,Federal Contract Tower,9,4,94,5,112,0,0,249,0,249,9,4,343,5,361,472,2,474,835
03/17/2006,MLB,FL,ASO,ES,Federal Contract Tower,11,4,89,8,112,0,0,244,0,244,11,4,333,8,356,330,0,330,686
03/18/2006,MLB,FL,ASO,ES,Federal Contract Tower,7,7,64,2,80,0,0,163,0,163,7,7,227,2,243,244,0,244,487
03/19/2006,MLB,FL,ASO,ES,Federal Contract Tower,8,5,58,0,71,0,0,148,0,148,8,5,206,0,219,268,0,268,487
03/20/2006,MLB,FL,ASO,ES,Federal Contract Tower,7,6,121,2,136,0,0,212,0,212,7,6,333,2,348,288,0,288,636
03/21/2006,MLB,FL,ASO,ES,Federal Contract Tower,9,6,78,0,93,0,0,108,0,108,9,6,186,0,201,98,0,98,299
03/22/2006,MLB,FL,ASO,ES,Federal Contract Tower,7,8,123,6,144,0,0,237,0,237,7,8,360,6,381,340,0,340,721
03/23/2006,MLB,FL,ASO,ES,Federal Contract Tower,10,6,130,7,153,0,0,179,0,179,10,6,309,7,332,228,0,228,560
03/24/2006,MLB,FL,ASO,ES,Federal Contract Tower,10,5,99,2,116,0,0,167,0,167,10,5,266,2,283,168,0,168,451
03/25/2006,MLB,FL,ASO,ES,Federal Contract Tower,9,7,61,2,79,0,0,161,0,161,9,7,222,2,240,180,0,180,420
03/26/2006,MLB,FL,ASO,ES,Federal Contract Tower,8,5,44,0,57,0,0,113,0,113,8,5,157,0,170,145,0,145,315
03/27/2006,MLB,FL,ASO,ES,Federal Contract Tower,10,4,113,0,127,0,0,245,0,245,10,4,358,0,372,384,0,384,756
03/28/2006,MLB,FL,ASO,ES,Federal Contract Tower,9,5,56,0,70,0,0,226,0,226,9,5,282,0,296,292,0,292,588
03/29/2006,MLB,FL,ASO,ES,Federal Contract Tower,11,5,56,0,72,0,0,202,0,202,11,5,258,0,274,240,0,240,514
03/30/2006,MLB,FL,ASO,ES,Federal Contract Tower,14,5,107,0,126,0,0,272,0,272,14,5,379,0,398,390,0,390,788
03/31/2006,MLB,FL,ASO,ES,Federal Contract Tower,10,7,70,0,87,0,0,189,0,189,10,7,259,0,276,284,0,284,560
04/01/2006,MLB,FL,ASO,ES,Federal Contract Tower,9,8,49,0,66,0,0,229,0,229,9,8,278,0,295,318,0,318,613
04/02/2006,MLB,FL,ASO,ES,Federal Contract Tower,8,11,74,0,93,0,0,179,0,179,8,11,253,0,272,252,0,252,524
04/03/2006,MLB,FL,ASO,ES,Federal Contract Tower,8,8,53,0,69,0,0,256,0,256,8,8,309,0,325,380,0,380,705
04/04/2006,MLB,FL,ASO,ES,Federal Contract Tower,7,8,93,0,108,0,0,160,0,160,7,8,253,0,268,260,0,260,528
04/05/2006,MLB,FL,ASO,ES,Federal Contract Tower,10,8,94,0,112,0,0,243,0,243,10,8,337,0,355,324,0,324,679
04/06/2006,MLB,FL,ASO,ES,Federal Contract Tower,8,11,102,11,132,0,0,293,0,293,8,11,395,11,425,354,0,354,779
04/07/2006,MLB,FL,ASO,ES,Federal Contract Tower,8,5,83,2,98,0,0,260,0,260,8,5,343,2,358,194,0,194,552
04/08/2006,MLB,FL,ASO,ES,Federal Contract Tower,11,5,36,0,52,0,0,153,0,153,11,5,189,0,205,154,0,154,359
04/09/2006,MLB,FL,ASO,ES,Federal Contract Tower,9,9,60,0,78,0,0,53,0,53,9,9,113,0,131,130,0,130,261
04/10/2006,MLB,FL,ASO,ES,Federal Contract Tower,9,7,76,2,94,0,0,202,0,202,9,7,278,2,296,266,0,266,562
04/11/2006,MLB,FL,ASO,ES,Federal Contract Tower,7,8,76,2,93,0,0,169,0,169,7,8,245,2,262,288,0,288,550
04/12/2006,MLB,FL,ASO,ES,Federal Contract Tower,10,6,83,1,100,0,0,185,0,185,10,6,268,1,285,290,0,290,575
04/13/2006,MLB,FL,ASO,ES,Federal Contract Tower,9,7,107,3,126,0,0,273,0,273,9,7,380,3,399,518,0,518,917
04/14/2006,MLB,FL,ASO,ES,Federal Contract Tower,8,7,85,0,100,0,0,291,0,291,8,7,376,0,391,372,0,372,763
04/15/2006,MLB,FL,ASO,ES,Federal Contract Tower,12,5,61,0,78,0,0,265,0,265,12,5,326,0,343,248,0,248,591
04/16/2006,MLB,FL,ASO,ES,Federal Contract Tower,8,7,32,0,47,0,0,87,0,87,8,7,119,0,134,38,0,38,172
04/17/2006,MLB,FL,ASO,ES,Federal Contract Tower,9,8,74,0,91,0,0,173,0,173,9,8,247,0,264,310,0,310,574
04/18/2006,MLB,FL,ASO,ES,Federal Contract Tower,8,5,60,1,74,0,0,136,0,136,8,5,196,1,210,358,0,358,568
04/19/2006,MLB,FL,ASO,ES,Federal Contract Tower,8,5,89,0,102,0,0,230,0,230,8,5,319,0,332,428,0,428,760
04/20/2006,MLB,FL,ASO,ES,Federal Contract Tower,6,6,117,6,135,0,0,236,0,236,6,6,353,6,371,390,0,390,761
04/21/2006,MLB,FL,ASO,ES,Federal Contract Tower,8,3,173,0,184,0,0,236,0,236,8,3,409,0,420,329,0,329,749
04/22/2006,MLB,FL,ASO,ES,Federal Contract Tower,11,9,32,0,52,0,0,122,0,122,11,9,154,0,174,178,0,178,352
04/23/2006,MLB,FL,ASO,ES,Federal Contract Tower,8,6,57,0,71,0,0,125,0,125,8,6,182,0,196,80,0,80,276
04/24/2006,MLB,FL,ASO,ES,Federal Contract Tower,7,7,103,0,117,0,0,216,0,216,7,7,319,0,333,282,0,282,615
04/25/2006,MLB,FL,ASO,ES,Federal Contract Tower,8,7,125,0,140,0,0,257,0,257,8,7,382,0,397,334,0,334,731
04/26/2006,MLB,FL,ASO,ES,Federal Contract Tower,7,5,74,0,86,0,0,225,0,225,7,5,299,0,311,226,0,226,537
04/27/2006,MLB,FL,ASO,ES,Federal Contract Tower,9,6,123,0,138,0,0,174,0,174,9,6,297,0,312,254,0,254,566
04/28/2006,MLB,FL,ASO,ES,Federal Contract Tower,10,5,161,6,182,0,0,187,0,187,10,5,348,6,369,204,0,204,573
04/29/2006,MLB,FL,ASO,ES,Federal Contract Tower,12,4,85,0,101,0,0,140,0,140,12,4,225,0,241,180,0,180,421
04/30/2006,MLB,FL,ASO,ES,Federal Contract Tower,8,6,55,0,69,0,0,89,0,89,8,6,144,0,158,84,0,84,242
05/01/2006,MLB,FL,ASO,ES,Federal Contract Tower,6,8,112,0,126,0,0,145,0,145,6,8,257,0,271,258,0,258,529
05/02/2006,MLB,FL,ASO,ES,Federal Contract Tower,7,8,88,1,104,0,0,220,0,220,7,8,308,1,324,292,0,292,616
05/03/2006,MLB,FL,ASO,ES,Federal Contract Tower,5,8,111,2,126,0,0,241,0,241,5,8,352,2,367,228,0,228,595
05/04/2006,MLB,FL,ASO,ES,Federal Contract Tower,6,9,94,0,109,0,0,194,0,194,6,9,288,0,303,218,0,218,521
05/05/2006,MLB,FL,ASO,ES,Federal Contract Tower,5,9,72,0,86,0,0,171,0,171,5,9,243,0,257,210,0,210,467
05/06/2006,MLB,FL,ASO,ES,Federal Contract Tower,6,5,46,0,57,0,0,140,0,140,6,5,186,0,197,70,0,70,267
05/07/2006,MLB,FL,ASO,ES,Federal Contract Tower,4,8,61,0,73,0,0,59,0,59,4,8,120,0,132,78,0,78,210
05/08/2006,MLB,FL,ASO,ES,Federal Contract Tower,5,8,81,0,94,0,0,141,0,141,5,8,222,0,235,270,0,270,505
05/09/2006,MLB,FL,ASO,ES,Federal Contract Tower,6,9,61,0,76,0,0,82,0,82,6,9,143,0,158,224,0,224,382
05/10/2006,MLB,FL,ASO,ES,Federal Contract Tower,6,5,125,0,136,0,0,137,0,137,6,5,262,0,273,214,0,214,487
05/11/2006,MLB,FL,ASO,ES,Federal Contract Tower,6,11,131,2,150,0,0,84,0,84,6,11,215,2,234,128,0,128,362
05/12/2006,MLB,FL,ASO,ES,Federal Contract Tower,7,9,158,0,174,0,0,169,0,169,7,9,327,0,343,192,0,192,535
05/13/2006,MLB,FL,ASO,ES,Federal Contract Tower,6,6,78,1,91,0,0,153,0,153,6,6,231,1,244,166,0,166,410
05/14/2006,MLB,FL,ASO,ES,Federal Contract Tower,6,5,37,0,48,0,0,94,0,94,6,5,131,0,142,66,0,66,208
05/15/2006,MLB,FL,ASO,ES,Federal Contract Tower,5,6,83,0,94,0,0,142,0,142,5,6,225,0,236,162,0,162,398
05/16/2006,MLB,FL,ASO,ES,Federal Contract Tower,7,6,51,0,64,0,0,96,0,96,7,6,147,0,160,38,0,38,198
05/17/2006,MLB,FL,ASO,ES,Federal Contract Tower,7,5,100,12,124,0,0,163,0,163,7,5,263,12,287,236,0,236,523
05/18/2006,MLB,FL,ASO,ES,Federal Contract Tower,6,8,93,0,107,0,0,141,0,141,6,8,234,0,248,148,0,148,396
05/19/2006,MLB,FL,ASO,ES,Federal Contract Tower,6,7,90,2,105,0,0,167,0,167,6,7,257,2,272,190,0,190,462
05/20/2006,MLB,FL,ASO,ES,Federal Contract Tower,7,7,64,0,78,0,0,146,0,146,7,7,210,0,224,88,0,88,312
05/21/2006,MLB,FL,ASO,ES,Federal Contract Tower,5,7,54,0,66,0,0,128,0,128,5,7,182,0,194,122,0,122,316
05/22/2006,MLB,FL,ASO,ES,Federal Contract Tower,3,8,63,0,74,0,0,148,0,148,3,8,211,0,222,150,0,150,372
05/23/2006,MLB,FL,ASO,ES,Federal Contract Tower,7,6,51,0,64,0,0,141,0,141,7,6,192,0,205,134,0,134,339
05/24/2006,MLB,FL,ASO,ES,Federal Contract Tower,7,6,73,2,88,0,0,174,0,174,7,6,247,2,262,232,6,238,500
05/25/2006,MLB,FL,ASO,ES,Federal Contract Tower,5,7,37,0,49,0,0,173,0,173,5,7,210,0,222,218,0,218,440
05/26/2006,MLB,FL,ASO,ES,Federal Contract Tower,5,9,36,0,50,0,0,138,0,138,5,9,174,0,188,110,0,110,298
05/27/2006,MLB,FL,ASO,ES,Federal Contract Tower,6,8,37,0,51,0,0,117,0,117,6,8,154,0,168,110,0,110,278
05/28/2006,MLB,FL,ASO,ES,Federal Contract Tower,5,4,18,0,27,0,0,90,0,90,5,4,108,0,117,58,0,58,175
05/29/2006,MLB,FL,ASO,ES,Federal Contract Tower,6,7,35,0,48,0,0,76,0,76,6,7,111,0,124,76,0,76,200
05/30/2006,MLB,FL,ASO,ES,Federal Contract Tower,6,6,43,0,55,0,0,116,0,116,6,6,159,0,171,112,0,112,283
05/31/2006,MLB,FL,ASO,ES,Federal Contract Tower,5,7,59,1,72,0,0,127,0,127,5,7,186,1,199,262,0,262,461
06/01/2006,MLB,FL,ASO,ES,Federal Contract Tower,6,7,29,0,42,0,0,97,0,97,6,7,126,0,139,116,0,116,255
06/02/2006,MLB,FL,ASO,ES,Federal Contract Tower,5,11,29,0,45,0,0,115,0,115,5,11,144,0,160,160,0,160,320
06/03/2006,MLB,FL,ASO,ES,Federal Contract Tower,5,7,31,0,43,0,0,143,0,143,5,7,174,0,186,102,0,102,288
06/04/2006,MLB,FL,ASO,ES,Federal Contract Tower,5,5,43,0,53,0,0,75,0,75,5,5,118,0,128,42,0,42,170
06/05/2006,MLB,FL,ASO,ES,Federal Contract Tower,4,10,52,0,66,0,0,120,0,120,4,10,172,0,186,114,0,114,300
06/06/2006,MLB,FL,ASO,ES,Federal Contract Tower,6,8,36,0,50,0,0,150,0,150,6,8,186,0,200,164,0,164,364
06/07/2006,MLB,FL,ASO,ES,Federal Contract Tower,6,6,40,0,52,0,0,152,0,152,6,6,192,0,204,190,0,190,394
06/08/2006,MLB,FL,ASO,ES,Federal Contract Tower,8,5,48,0,61,0,0,144,0,144,8,5,192,0,205,220,0,220,425
06/09/2006,MLB,FL,ASO,ES,Federal Contract Tower,7,5,49,0,61,0,0,175,0,175,7,5,224,0,236,194,0,194,430
06/10/2006,MLB,FL,ASO,ES,Federal Contract Tower,6,3,34,0,43,0,0,122,0,122,6,3,156,0,165,24,0,24,189
06/11/2006,MLB,FL,ASO,ES,Federal Contract Tower,6,3,47,0,56,0,0,59,0,59,6,3,106,0,115,22,0,22,137
06/12/2006,MLB,FL,ASO,ES,Federal Contract Tower,8,5,65,0,78,0,0,19,0,19,8,5,84,0,97,24,0,24,121
06/13/2006,MLB,FL,ASO,ES,Federal Contract Tower,6,5,22,0,33,0,0,33,0,33,6,5,55,0,66,34,0,34,100
06/14/2006,MLB,FL,ASO,ES,Federal Contract Tower,6,2,83,0,91,0,0,65,0,65,6,2,148,0,156,102,3,105,261
06/15/2006,MLB,FL,ASO,ES,Federal Contract Tower,6,7,105,0,118,0,0,225,0,225,6,7,330,0,343,330,0,330,673
06/16/2006,MLB,FL,ASO,ES,Federal Contract Tower,6,5,122,0,133,0,0,184,0,184,6,5,306,0,317,224,0,224,541
06/17/2006,MLB,FL,ASO,ES,Federal Contract Tower,6,3,45,0,54,0,0,92,0,92,6,3,137,0,146,92,0,92,238
06/18/2006,MLB,FL,ASO,ES,Federal Contract Tower,7,3,44,0,54,0,0,38,0,38,7,3,82,0,92,20,0,20,112
06/19/2006,MLB,FL,ASO,ES,Federal Contract Tower,6,5,159,0,170,0,0,186,0,186,6,5,345,0,356,234,0,234,590
06/20/2006,MLB,FL,ASO,ES,Federal Contract Tower,6,6,97,2,111,0,0,159,0,159,6,6,256,2,270,228,0,228,498
06/21/2006,MLB,FL,ASO,ES,Federal Contract Tower,7,8,141,0,156,0,0,170,0,170,7,8,311,0,326,274,0,274,600
06/22/2006,MLB,FL,ASO,ES,Federal Contract Tower,6,5,138,0,149,0,0,159,0,159,6,5,297,0,308,172,0,172,480
06/23/2006,MLB,FL,ASO,ES,Federal Contract Tower,5,5,117,0,127,0,0,184,0,184,5,5,301,0,311,168,0,168,479
06/24/2006,MLB,FL,ASO,ES,Federal Contract Tower,6,3,66,0,75,0,0,95,0,95,6,3,161,0,170,124,0,124,294
06/25/2006,MLB,FL,ASO,ES,Federal Contract Tower,5,5,46,0,56,0,0,45,0,45,5,5,91,0,101,106,0,106,207
06/26/2006,MLB,FL,ASO,ES,Federal Contract Tower,7,1,53,0,61,0,0,32,0,32,7,1,85,0,93,14,0,14,107
06/27/2006,MLB,FL,ASO,ES,Federal Contract Tower,6,2,80,0,88,0,0,205,0,205,6,2,285,0,293,188,0,188,481
06/28/2006,MLB,FL,ASO,ES,Federal Contract Tower,6,3,114,0,123,0,0,238,0,238,6,3,352,0,361,276,0,276,637
06/29/2006,MLB,FL,ASO,ES,Federal Contract Tower,6,3,90,1,100,0,0,182,0,182,6,3,272,1,282,184,0,184,466
06/30/2006,MLB,FL,ASO,ES,Federal Contract Tower,6,4,108,0,118,0,0,199,0,199,6,4,307,0,317,228,0,228,545
07/01/2006,MLB,FL,ASO,ES,Federal Contract Tower,7,8,47,0,62,0,0,58,0,58,7,8,105,0,120,26,0,26,146
07/02/2006,MLB,FL,ASO,ES,Federal Contract Tower,5,7,40,0,52,0,0,20,0,20,5,7,60,0,72,4,0,4,76
07/03/2006,MLB,FL,ASO,ES,Federal Contract Tower,6,6,45,0,57,0,0,197,0,197,6,6,242,0,254,294,0,294,548
07/04/2006,MLB,FL,ASO,ES,Federal Contract Tower,5,9,31,0,45,0,0,67,0,67,5,9,98,0,112,32,0,32,144
07/05/2006,MLB,FL,ASO,ES,Federal Contract Tower,6,8,72,0,86,0,0,117,0,117,6,8,189,0,203,346,0,346,549
07/06/2006,MLB,FL,ASO,ES,Federal Contract Tower,6,2,66,1,75,0,0,139,0,139,6,2,205,1,214,248,0,248,462
07/07/2006,MLB,FL,ASO,ES,Federal Contract Tower,9,7,58,0,74,0,0,94,0,94,9,7,152,0,168,174,0,174,342
07/08/2006,MLB,FL,ASO,ES,Federal Contract Tower,6,7,68,0,81,0,0,56,0,56,6,7,124,0,137,50,0,50,187
07/09/2006,MLB,FL,ASO,ES,Federal Contract Tower,6,12,35,0,53,0,0,80,0,80,6,12,115,0,133,94,0,94,227
07/10/2006,MLB,FL,ASO,ES,Federal Contract Tower,7,6,59,0,72,0,0,175,0,175,7,6,234,0,247,210,0,210,457
07/11/2006,MLB,FL,ASO,ES,Federal Contract Tower,6,8,54,0,68,0,0,108,0,108,6,8,162,0,176,156,0,156,332
07/12/2006,MLB,FL,ASO,ES,Federal Contract Tower,6,5,98,0,109,0,0,108,0,108,6,5,206,0,217,256,0,256,473
07/13/2006,MLB,FL,ASO,ES,Federal Contract Tower,6,6,79,3,94,0,0,155,0,155,6,6,234,3,249,206,0,206,455
07/14/2006,MLB,FL,ASO,ES,Federal Contract Tower,5,6,96,0,107,0,0,216,0,216,5,6,312,0,323,294,0,294,617
07/15/2006,MLB,FL,ASO,ES,Federal Contract Tower,5,3,64,0,72,0,0,204,0,204,5,3,268,0,276,152,0,152,428
07/16/2006,MLB,FL,ASO,ES,Federal Contract Tower,5,8,56,0,69,0,0,106,0,106,5,8,162,0,175,78,0,78,253
07/17/2006,MLB,FL,ASO,ES,Federal Contract Tower,4,5,57,0,66,0,0,124,0,124,4,5,181,0,190,166,0,166,356
07/18/2006,MLB,FL,ASO,ES,Federal Contract Tower,6,10,55,5,76,0,0,154,0,154,6,10,209,5,230,206,0,206,436
07/19/2006,MLB,FL,ASO,ES,Federal Contract Tower,8,7,56,0,71,0,0,134,0,134,8,7,190,0,205,252,0,252,457
07/20/2006,MLB,FL,ASO,ES,Federal Contract Tower,6,5,58,0,69,0,0,167,0,167,6,5,225,0,236,140,0,140,376
07/21/2006,MLB,FL,ASO,ES,Federal Contract Tower,5,10,77,0,92,0,0,129,0,129,5,10,206,0,221,148,0,148,369
07/22/2006,MLB,FL,ASO,ES,Federal Contract Tower,7,4,52,1,64,0,0,47,0,47,7,4,99,1,111,26,0,26,137
07/23/2006,MLB,FL,ASO,ES,Federal Contract Tower,5,2,55,0,62,0,0,89,0,89,5,2,144,0,151,146,0,146,297
07/24/2006,MLB,FL,ASO,ES,Federal Contract Tower,6,5,60,4,75,0,0,152,0,152,6,5,212,4,227,106,0,106,333
07/25/2006,MLB,FL,ASO,ES,Federal Contract Tower,6,3,110,0,119,0,0,162,0,162,6,3,272,0,281,132,0,132,413
07/26/2006,MLB,FL,ASO,ES,Federal Contract Tower,6,6,62,0,74,0,0,121,0,121,6,6,183,0,195,202,0,202,397
07/27/2006,MLB,FL,ASO,ES,Federal Contract Tower,6,4,79,0,89,0,0,162,0,162,6,4,241,0,251,160,0,160,411
07/28/2006,MLB,FL,ASO,ES,Federal Contract Tower,7,5,84,0,96,0,0,93,0,93,7,5,177,0,189,150,0,150,339
07/29/2006,MLB,FL,ASO,ES,Federal Contract Tower,6,5,63,0,74,0,0,80,0,80,6,5,143,0,154,102,0,102,256
07/30/2006,MLB,FL,ASO,ES,Federal Contract Tower,7,5,96,0,108,0,0,36,0,36,7,5,132,0,144,42,0,42,186
07/31/2006,MLB,FL,ASO,ES,Federal Contract Tower,6,6,74,1,87,0,0,84,0,84,6,6,158,1,171,118,0,118,289
08/01/2006,MLB,FL,ASO,ES,Federal Contract Tower,7,4,63,1,75,0,0,124,0,124,7,4,187,1,199,130,0,130,329
08/02/2006,MLB,FL,ASO,ES,Federal Contract Tower,4,13,47,8,72,0,0,92,0,92,4,13,139,8,164,94,0,94,258
08/03/2006,MLB,FL,ASO,ES,Federal Contract Tower,4,7,91,4,106,0,0,159,0,159,4,7,250,4,265,118,0,118,383
08/04/2006,MLB,FL,ASO,ES,Federal Contract Tower,4,7,65,1,77,0,0,139,0,139,4,7,204,1,216,116,0,116,332
08/05/2006,MLB,FL,ASO,ES,Federal Contract Tower,5,6,50,1,62,0,0,109,0,109,5,6,159,1,171,52,0,52,223
08/06/2006,MLB,FL,ASO,ES,Federal Contract Tower,4,6,47,0,57,0,0,118,0,118,4,6,165,0,175,70,0,70,245
08/07/2006,MLB,FL,ASO,ES,Federal Contract Tower,5,6,56,0,67,0,0,150,0,150,5,6,206,0,217,116,0,116,333
08/08/2006,MLB,FL,ASO,ES,Federal Contract Tower,7,9,54,1,71,0,0,147,0,147,7,9,201,1,218,108,0,108,326
08/09/2006,MLB,FL,ASO,ES,Federal Contract Tower,4,11,109,1,125,0,0,92,0,92,4,11,201,1,217,136,0,136,353
08/10/2006,MLB,FL,ASO,ES,Federal Contract Tower,3,10,58,1,72,0,0,130,0,130,3,10,188,1,202,104,0,104,306
08/11/2006,MLB,FL,ASO,ES,Federal Contract Tower,4,7,69,7,87,0,0,130,0,130,4,7,199,7,217,192,0,192,409
08/12/2006,MLB,FL,ASO,ES,Federal Contract Tower,4,5,45,0,54,0,0,146,0,146,4,5,191,0,200,113,0,113,313
08/13/2006,MLB,FL,ASO,ES,Federal Contract Tower,4,9,49,2,64,0,0,59,0,59,4,9,108,2,123,64,0,64,187
08/14/2006,MLB,FL,ASO,ES,Federal Contract Tower,4,8,82,2,96,0,0,112,0,112,4,8,194,2,208,122,0,122,330
08/15/2006,MLB,FL,ASO,ES,Federal Contract Tower,4,10,79,0,93,0,0,137,0,137,4,10,216,0,230,165,0,165,395
08/16/2006,MLB,FL,ASO,ES,Federal Contract Tower,4,8,70,6,88,0,0,67,0,67,4,8,137,6,155,62,0,62,217
08/17/2006,MLB,FL,ASO,ES,Federal Contract Tower,4,10,52,0,66,0,0,68,0,68,4,10,120,0,134,24,0,24,158
08/18/2006,MLB,FL,ASO,ES,Federal Contract Tower,4,5,79,2,90,0,0,127,0,127,4,5,206,2,217,98,0,98,315
08/19/2006,MLB,FL,ASO,ES,Federal Contract Tower,4,8,23,1,36,0,0,70,0,70,4,8,93,1,106,50,0,50,156
08/20/2006,MLB,FL,ASO,ES,Federal Contract Tower,4,6,63,0,73,0,0,83,0,83,4,6,146,0,156,38,0,38,194
08/21/2006,MLB,FL,ASO,ES,Federal Contract Tower,3,8,30,1,42,0,0,72,0,72,3,8,102,1,114,134,0,134,248
08/22/2006,MLB,FL,ASO,ES,Federal Contract Tower,5,12,52,16,85,0,0,82,0,82,5,12,134,16,167,38,0,38,205
08/23/2006,MLB,FL,ASO,ES,Federal Contract Tower,4,8,52,0,64,0,0,107,0,107,4,8,159,0,171,76,0,76,247
08/24/2006,MLB,FL,ASO,ES,Federal Contract Tower,4,11,40,2,57,0,0,60,0,60,4,11,100,2,117,70,0,70,187
08/25/2006,MLB,FL,ASO,ES,Federal Contract Tower,4,11,76,4,95,0,0,138,0,138,4,11,214,4,233,158,0,158,391
08/26/2006,MLB,FL,ASO,ES,Federal Contract Tower,4,6,42,4,56,0,0,135,0,135,4,6,177,4,191,176,0,176,367
08/27/2006,MLB,FL,ASO,ES,Federal Contract Tower,4,6,36,0,46,0,0,94,0,94,4,6,130,0,140,64,0,64,204
08/28/2006,MLB,FL,ASO,ES,Federal Contract Tower,4,12,76,0,92,0,0,235,0,235,4,12,311,0,327,194,0,194,521
08/29/2006,MLB,FL,ASO,ES,Federal Contract Tower,4,11,51,0,66,0,0,85,0,85,4,11,136,0,151,110,0,110,261
08/30/2006,MLB,FL,ASO,ES,Federal Contract Tower,4,1,2,2,9,0,0,0,0,0,4,1,2,2,9,0,0,0,9
08/31/2006,MLB,FL,ASO,ES,Federal Contract Tower,3,10,53,1,67,0,0,112,0,112,3,10,165,1,179,138,0,138,317
09/01/2006,MLB,FL,ASO,ES,Federal Contract Tower,7,4,87,0,98,0,0,169,0,169,7,4,256,0,267,166,0,166,433
09/02/2006,MLB,FL,ASO,ES,Federal Contract Tower,4,7,36,0,47,0,0,207,0,207,4,7,243,0,254,142,0,142,396
09/03/2006,MLB,FL,ASO,ES,Federal Contract Tower,4,5,38,0,47,0,0,43,0,43,4,5,81,0,90,8,0,8,98
09/04/2006,MLB,FL,ASO,ES,Federal Contract Tower,5,4,51,0,60,0,0,130,0,130,5,4,181,0,190,174,0,174,364
09/05/2006,MLB,FL,ASO,ES,Federal Contract Tower,6,10,68,8,92,0,0,166,0,166,6,10,234,8,258,218,0,218,476
09/06/2006,MLB,FL,ASO,ES,Federal Contract Tower,7,5,39,0,51,0,0,136,0,136,7,5,175,0,187,204,0,204,391
09/07/2006,MLB,FL,ASO,ES,Federal Contract Tower,7,7,44,2,60,0,0,194,0,194,7,7,238,2,254,122,0,122,376
09/08/2006,MLB,FL,ASO,ES,Federal Contract Tower,6,13,75,0,94,0,0,174,0,174,6,13,249,0,268,208,0,208,476
09/09/2006,MLB,FL,ASO,ES,Federal Contract Tower,4,5,56,0,65,0,0,151,0,151,4,5,207,0,216,138,0,138,354
09/10/2006,MLB,FL,ASO,ES,Federal Contract Tower,5,5,52,0,62,0,0,99,0,99,5,5,151,0,161,124,0,124,285
09/11/2006,MLB,FL,ASO,ES,Federal Contract Tower,4,6,86,0,96,0,0,287,0,287,4,6,373,0,383,232,0,232,615
09/12/2006,MLB,FL,ASO,ES,Federal Contract Tower,4,10,110,0,124,0,0,222,0,222,4,10,332,0,346,268,0,268,614
09/13/2006,MLB,FL,ASO,ES,Federal Contract Tower,7,6,91,10,114,0,0,205,0,205,7,6,296,10,319,302,0,302,621
09/14/2006,MLB,FL,ASO,ES,Federal Contract Tower,6,7,61,1,75,0,0,181,0,181,6,7,242,1,256,270,0,270,526
09/15/2006,MLB,FL,ASO,ES,Federal Contract Tower,6,9,97,2,114,0,0,230,0,230,6,9,327,2,344,358,0,358,702
09/16/2006,MLB,FL,ASO,ES,Federal Contract Tower,4,4,64,0,72,0,0,232,0,232,4,4,296,0,304,238,0,238,542
09/17/2006,MLB,FL,ASO,ES,Federal Contract Tower,6,6,49,0,61,0,0,141,0,141,6,6,190,0,202,164,0,164,366
09/18/2006,MLB,FL,ASO,ES,Federal Contract Tower,5,5,101,0,111,0,0,187,0,187,5,5,288,0,298,258,0,258,556
09/19/2006,MLB,FL,ASO,ES,Federal Contract Tower,6,8,62,0,76,0,0,177,0,177,6,8,239,0,253,254,0,254,507
09/20/2006,MLB,FL,ASO,ES,Federal Contract Tower,5,6,85,0,96,0,0,128,0,128,5,6,213,0,224,78,0,78,302
09/21/2006,MLB,FL,ASO,ES,Federal Contract Tower,6,8,130,0,144,0,0,285,0,285,6,8,415,0,429,376,0,376,805
09/22/2006,MLB,FL,ASO,ES,Federal Contract Tower,7,4,122,1,134,0,0,288,0,288,7,4,410,1,422,350,0,350,772
09/23/2006,MLB,FL,ASO,ES,Federal Contract Tower,4,3,86,0,93,0,0,251,0,251,4,3,337,0,344,295,0,295,639
09/24/2006,MLB,FL,ASO,ES,Federal Contract Tower,5,1,67,0,73,0,0,112,0,112,5,1,179,0,185,84,0,84,269
09/25/2006,MLB,FL,ASO,ES,Federal Contract Tower,5,4,149,0,158,0,0,267,0,267,5,4,416,0,425,250,0,250,675
09/26/2006,MLB,FL,ASO,ES,Federal Contract Tower,6,8,74,0,88,0,0,151,0,151,6,8,225,0,239,204,0,204,443
09/27/2006,MLB,FL,ASO,ES,Federal Contract Tower,5,7,112,0,124,0,0,210,0,210,5,7,322,0,334,314,0,314,648
09/28/2006,MLB,FL,ASO,ES,Federal Contract Tower,5,7,87,1,100,0,0,227,0,227,5,7,314,1,327,388,0,388,715
09/29/2006,MLB,FL,ASO,ES,Federal Contract Tower,7,5,77,0,89,0,0,331,0,331,7,5,408,0,420,359,0,359,779
09/30/2006,MLB,FL,ASO,ES,Federal Contract Tower,4,5,48,0,57,0,0,215,0,215,4,5,263,0,272,276,0,276,548
10/01/2006,MLB,FL,ASO,ES,Federal Contract Tower,7,4,57,0,68,0,0,138,0,138,7,4,195,0,206,60,0,60,266
10/02/2006,MLB,FL,ASO,ES,Federal Contract Tower,6,5,64,2,77,0,0,255,0,255,6,5,319,2,332,354,0,354,686
10/03/2006,MLB,FL,ASO,ES,Federal Contract Tower,6,6,83,2,97,0,0,239,0,239,6,6,322,2,336,398,0,398,734
10/04/2006,MLB,FL,ASO,ES,Federal Contract Tower,4,7,93,0,104,0,0,183,0,183,4,7,276,0,287,378,0,378,665
10/05/2006,MLB,FL,ASO,ES,Federal Contract Tower,6,6,99,1,112,0,0,194,0,194,6,6,293,1,306,374,0,374,680
10/06/2006,MLB,FL,ASO,ES,Federal Contract Tower,8,8,70,1,87,0,0,260,0,260,8,8,330,1,347,364,0,364,711
10/07/2006,MLB,FL,ASO,ES,Federal Contract Tower,4,3,39,0,46,0,0,163,1,164,4,3,202,1,210,118,0,118,328
10/08/2006,MLB,FL,ASO,ES,Federal Contract Tower,6,5,44,0,55,0,0,100,0,100,6,5,144,0,155,106,0,106,261
10/09/2006,MLB,FL,ASO,ES,Federal Contract Tower,5,7,67,0,79,0,0,177,0,177,5,7,244,0,256,226,0,226,482
10/10/2006,MLB,FL,ASO,ES,Federal Contract Tower,6,5,53,6,70,0,0,194,0,194,6,5,247,6,264,250,0,250,514
10/11/2006,MLB,FL,ASO,ES,Federal Contract Tower,7,6,85,0,98,0,0,229,0,229,7,6,314,0,327,318,0,318,645
10/12/2006,MLB,FL,ASO,ES,Federal Contract Tower,7,9,69,2,87,0,0,174,0,174,7,9,243,2,261,235,0,235,496
10/13/2006,MLB,FL,ASO,ES,Federal Contract Tower,5,6,69,4,84,0,0,156,0,156,5,6,225,4,240,214,0,214,454
10/14/2006,MLB,FL,ASO,ES,Federal Contract Tower,3,4,66,0,73,0,0,234,1,235,3,4,300,1,308,144,0,144,452
10/15/2006,MLB,FL,ASO,ES,Federal Contract Tower,5,4,44,0,53,0,0,149,0,149,5,4,193,0,202,110,0,110,312
10/16/2006,MLB,FL,ASO,ES,Federal Contract Tower,7,4,86,0,97,0,0,191,0,191,7,4,277,0,288,230,0,230,518
10/17/2006,MLB,FL,ASO,ES,Federal Contract Tower,7,3,92,14,116,0,0,255,0,255,7,3,347,14,371,366,0,366,737
10/18/2006,MLB,FL,ASO,ES,Federal Contract Tower,6,7,105,0,118,0,0,213,0,213,6,7,318,0,331,396,0,396,727
10/19/2006,MLB,FL,ASO,ES,Federal Contract Tower,6,5,62,3,76,0,0,223,0,223,6,5,285,3,299,358,0,358,657
10/20/2006,MLB,FL,ASO,ES,Federal Contract Tower,6,3,94,4,107,0,0,191,0,191,6,3,285,4,298,310,0,310,608
10/21/2006,MLB,FL,ASO,ES,Federal Contract Tower,5,4,107,0,116,0,0,264,0,264,5,4,371,0,380,268,0,268,648
10/22/2006,MLB,FL,ASO,ES,Federal Contract Tower,7,11,41,0,59,0,0,98,0,98,7,11,139,0,157,52,0,52,209
10/23/2006,MLB,FL,ASO,ES,Federal Contract Tower,6,7,74,0,87,0,0,129,0,129,6,7,203,0,216,120,0,120,336
10/24/2006,MLB,FL,ASO,ES,Federal Contract Tower,5,8,63,0,76,0,0,136,0,136,5,8,199,0,212,210,0,210,422
10/25/2006,MLB,FL,ASO,ES,Federal Contract Tower,4,15,113,0,132,0,0,233,0,233,4,15,346,0,365,340,0,340,705
10/26/2006,MLB,FL,ASO,ES,Federal Contract Tower,6,8,110,4,128,0,0,272,0,272,6,8,382,4,400,418,0,418,818
10/27/2006,MLB,FL,ASO,ES,Federal Contract Tower,4,14,131,1,150,0,0,153,0,153,4,14,284,1,303,188,0,188,491
10/28/2006,MLB,FL,ASO,ES,Federal Contract Tower,1,5,31,2,39,0,0,31,0,31,1,5,62,2,70,22,0,22,92
10/29/2006,MLB,FL,ASO,ES,Federal Contract Tower,5,5,46,0,56,0,0,142,0,142,5,5,188,0,198,154,0,154,352
10/30/2006,MLB,FL,ASO,ES,Federal Contract Tower,6,10,113,0,129,0,0,84,113,197,6,10,197,113,326,234,0,234,560
10/31/2006,MLB,FL,ASO,ES,Federal Contract Tower,6,7,103,0,116,0,0,274,0,274,6,7,377,0,390,392,0,392,782
11/01/2006,MLB,FL,ASO,ES,Federal Contract Tower,10,6,123,0,139,0,0,71,0,71,10,6,194,0,210,72,0,72,282
11/02/2006,MLB,FL,ASO,ES,Federal Contract Tower,6,9,127,0,142,0,0,180,0,180,6,9,307,0,322,282,0,282,604
11/03/2006,MLB,FL,ASO,ES,Federal Contract Tower,6,6,53,2,67,0,0,152,0,152,6,6,205,2,219,160,0,160,379
11/04/2006,MLB,FL,ASO,ES,Federal Contract Tower,4,2,51,0,57,0,0,133,0,133,4,2,184,0,190,160,0,160,350
11/05/2006,MLB,FL,ASO,ES,Federal Contract Tower,6,5,84,0,95,0,0,90,0,90,6,5,174,0,185,104,0,104,289
11/06/2006,MLB,FL,ASO,ES,Federal Contract Tower,6,10,97,0,113,0,0,192,0,192,6,10,289,0,305,218,0,218,523
11/07/2006,MLB,FL,ASO,ES,Federal Contract Tower,6,4,100,0,110,0,0,151,0,151,6,4,251,0,261,296,0,296,557
11/08/2006,MLB,FL,ASO,ES,Federal Contract Tower,7,5,80,0,92,0,0,200,0,200,7,5,280,0,292,262,0,262,554
11/09/2006,MLB,FL,ASO,ES,Federal Contract Tower,6,5,81,0,92,0,0,264,0,264,6,5,345,0,356,376,0,376,732
11/10/2006,MLB,FL,ASO,ES,Federal Contract Tower,8,4,61,0,73,0,0,255,0,255,8,4,316,0,328,292,0,292,620
11/11/2006,MLB,FL,ASO,ES,Federal Contract Tower,5,2,71,0,78,0,0,209,0,209,5,2,280,0,287,190,0,190,477
11/12/2006,MLB,FL,ASO,ES,Federal Contract Tower,6,5,60,0,71,0,0,106,0,106,6,5,166,0,177,78,0,78,255
11/13/2006,MLB,FL,ASO,ES,Federal Contract Tower,6,8,116,0,130,0,0,253,0,253,6,8,369,0,383,300,0,300,683
11/14/2006,MLB,FL,ASO,ES,Federal Contract Tower,8,5,108,0,121,0,0,271,0,271,8,5,379,0,392,254,0,254,646
11/15/2006,MLB,FL,ASO,ES,Federal Contract Tower,5,6,101,0,112,0,0,161,0,161,5,6,262,0,273,228,0,228,501
11/16/2006,MLB,FL,ASO,ES,Federal Contract Tower,6,11,58,0,75,0,0,61,0,61,6,11,119,0,136,68,0,68,204
11/17/2006,MLB,FL,ASO,ES,Federal Contract Tower,9,11,89,0,109,0,0,280,0,280,9,11,369,0,389,302,0,302,691
11/18/2006,MLB,FL,ASO,ES,Federal Contract Tower,6,4,45,0,55,0,0,270,0,270,6,4,315,0,325,180,0,180,505
11/19/2006,MLB,FL,ASO,ES,Federal Contract Tower,8,5,37,0,50,0,0,136,0,136,8,5,173,0,186,126,0,126,312
11/20/2006,MLB,FL,ASO,ES,Federal Contract Tower,5,5,63,4,77,0,0,178,0,178,5,5,241,4,255,216,0,216,471
11/21/2006,MLB,FL,ASO,ES,Federal Contract Tower,8,10,57,4,79,0,0,109,0,109,8,10,166,4,188,94,0,94,282
11/22/2006,MLB,FL,ASO,ES,Federal Contract Tower,6,9,51,0,66,0,0,73,0,73,6,9,124,0,139,50,0,50,189
11/23/2006,MLB,FL,ASO,ES,Federal Contract Tower,4,4,22,0,30,0,0,32,0,32,4,4,54,0,62,6,0,6,68
11/24/2006,MLB,FL,ASO,ES,Federal Contract Tower,5,3,41,0,49,0,0,114,0,114,5,3,155,0,163,86,0,86,249
11/25/2006,MLB,FL,ASO,ES,Federal Contract Tower,6,4,38,0,48,0,0,90,0,90,6,4,128,0,138,78,0,78,216
11/26/2006,MLB,FL,ASO,ES,Federal Contract Tower,8,7,41,0,56,0,0,84,0,84,8,7,125,0,140,86,0,86,226
11/27/2006,MLB,FL,ASO,ES,Federal Contract Tower,6,8,137,0,151,0,0,171,0,171,6,8,308,0,322,322,0,322,644
11/28/2006,MLB,FL,ASO,ES,Federal Contract Tower,6,8,136,1,151,0,0,187,0,187,6,8,323,1,338,322,0,322,660
11/29/2006,MLB,FL,ASO,ES,Federal Contract Tower,5,7,95,2,109,0,0,39,0,39,5,7,134,2,148,62,0,62,210
11/30/2006,MLB,FL,ASO,ES,Federal Contract Tower,6,6,110,3,125,0,0,129,0,129,6,6,239,3,254,252,0,252,506
12/01/2006,MLB,FL,ASO,ES,Federal Contract Tower,8,7,102,2,119,0,0,246,0,246,8,7,348,2,365,326,0,326,691
12/02/2006,MLB,FL,ASO,ES,Federal Contract Tower,4,5,106,0,115,0,0,239,0,239,4,5,345,0,354,305,0,305,659
12/03/2006,MLB,FL,ASO,ES,Federal Contract Tower,6,3,53,0,62,0,0,116,0,116,6,3,169,0,178,126,0,126,304
12/04/2006,MLB,FL,ASO,ES,Federal Contract Tower,6,7,137,4,154,0,0,86,0,86,6,7,223,4,240,72,0,72,312
12/05/2006,MLB,FL,ASO,ES,Federal Contract Tower,7,5,96,4,112,0,0,216,0,216,7,5,312,4,328,302,0,302,630
12/06/2006,MLB,FL,ASO,ES,Federal Contract Tower,6,6,104,0,116,0,0,208,0,208,6,6,312,0,324,330,0,330,654
12/07/2006,MLB,FL,ASO,ES,Federal Contract Tower,5,8,84,0,97,0,0,140,0,140,5,8,224,0,237,192,0,192,429
12/08/2006,MLB,FL,ASO,ES,Federal Contract Tower,7,5,53,0,65,0,0,81,4,85,7,5,134,4,150,26,0,26,176
12/09/2006,MLB,FL,ASO,ES,Federal Contract Tower,3,6,65,0,74,0,0,153,0,153,3,6,218,0,227,131,0,131,358
12/10/2006,MLB,FL,ASO,ES,Federal Contract Tower,7,2,61,0,70,0,0,155,0,155,7,2,216,0,225,210,0,210,435
12/11/2006,MLB,FL,ASO,ES,Federal Contract Tower,6,6,101,0,113,0,0,135,0,135,6,6,236,0,248,230,0,230,478
12/12/2006,MLB,FL,ASO,ES,Federal Contract Tower,6,6,115,2,129,0,0,111,0,111,6,6,226,2,240,130,0,130,370
12/13/2006,MLB,FL,ASO,ES,Federal Contract Tower,6,4,133,0,143,0,0,160,0,160,6,4,293,0,303,226,0,226,529
12/14/2006,MLB,FL,ASO,ES,Federal Contract Tower,5,3,119,0,127,0,0,60,0,60,5,3,179,0,187,52,0,52,239
12/15/2006,MLB,FL,ASO,ES,Federal Contract Tower,9,8,82,0,99,0,0,78,0,78,9,8,160,0,177,78,0,78,255
12/16/2006,MLB,FL,ASO,ES,Federal Contract Tower,4,9,49,0,62,0,0,111,1,112,4,9,160,1,174,92,0,92,266
12/17/2006,MLB,FL,ASO,ES,Federal Contract Tower,7,5,69,1,82,0,0,132,0,132,7,5,201,1,214,110,0,110,324
12/18/2006,MLB,FL,ASO,ES,Federal Contract Tower,7,8,72,1,88,0,0,138,0,138,7,8,210,1,226,94,0,94,320
12/19/2006,MLB,FL,ASO,ES,Federal Contract Tower,7,13,100,4,124,0,0,158,0,158,7,13,258,4,282,142,0,142,424
12/20/2006,MLB,FL,ASO,ES,Federal Contract Tower,7,6,60,0,73,0,0,95,0,95,7,6,155,0,168,158,0,158,326
12/21/2006,MLB,FL,ASO,ES,Federal Contract Tower,6,7,79,4,96,0,0,66,0,66,6,7,145,4,162,22,8,30,192
12/22/2006,MLB,FL,ASO,ES,Federal Contract Tower,5,6,59,0,70,0,0,37,0,37,5,6,96,0,107,30,0,30,137
12/23/2006,MLB,FL,ASO,ES,Federal Contract Tower,3,9,47,0,59,0,0,74,0,74,3,9,121,0,133,32,0,32,165
12/24/2006,MLB,FL,ASO,ES,Federal Contract Tower,5,9,15,0,29,0,0,40,0,40,5,9,55,0,69,12,0,12,81
12/25/2006,MLB,FL,ASO,ES,Federal Contract Tower,6,7,9,0,22,0,0,3,0,3,6,7,12,0,25,0,0,0,25
12/26/2006,MLB,FL,ASO,ES,Federal Contract Tower,6,9,53,0,68,0,0,37,0,37,6,9,90,0,105,8,0,8,113
12/27/2006,MLB,FL,ASO,ES,Federal Contract Tower,6,8,73,0,87,0,0,108,0,108,6,8,181,0,195,78,0,78,273
12/28/2006,MLB,FL,ASO,ES,Federal Contract Tower,5,6,60,4,75,0,0,117,0,117,5,6,177,4,192,60,0,60,252
12/29/2006,MLB,FL,ASO,ES,Federal Contract Tower,8,6,46,0,60,0,0,81,0,81,8,6,127,0,141,20,0,20,161
12/30/2006,MLB,FL,ASO,ES,Federal Contract Tower,7,9,43,0,59,0,0,110,0,110,7,9,153,0,169,40,0,40,209
12/31/2006,MLB,FL,ASO,ES,Federal Contract Tower,4,6,13,0,23,0,0,37,0,37,4,6,50,0,60,28,0,28,88
01/01/2007,MLB,FL,ASO,ES,Federal Contract Tower,6,5,20,0,31,0,0,53,0,53,6,5,73,0,84,14,0,14,98
01/02/2007,MLB,FL,ASO,ES,Federal Contract Tower,7,12,56,0,75,0,0,97,0,97,7,12,153,0,172,66,0,66,238
01/03/2007,MLB,FL,ASO,ES,Federal Contract Tower,7,5,47,0,59,0,0,78,0,78,7,5,125,0,137,50,0,50,187
01/04/2007,MLB,FL,ASO,ES,Federal Contract Tower,4,6,52,0,62,0,0,85,0,85,4,6,137,0,147,94,0,94,241
01/05/2007,MLB,FL,ASO,ES,Federal Contract Tower,5,6,61,0,72,0,0,99,0,99,5,6,160,0,171,102,0,102,273
01/06/2007,MLB,FL,ASO,ES,Federal Contract Tower,6,7,55,0,68,0,0,166,0,166,6,7,221,0,234,100,0,100,334
01/07/2007,MLB,FL,ASO,ES,Federal Contract Tower,8,2,41,0,51,0,0,96,0,96,8,2,137,0,147,64,0,64,211
01/08/2007,MLB,FL,ASO,ES,Federal Contract Tower,8,4,72,0,84,0,0,44,4,48,8,4,116,4,132,120,0,120,252
01/09/2007,MLB,FL,ASO,ES,Federal Contract Tower,8,6,65,0,79,0,0,98,0,98,8,6,163,0,177,84,0,84,261
01/10/2007,MLB,FL,ASO,ES,Federal Contract Tower,8,4,57,0,69,0,0,179,0,179,8,4,236,0,248,118,0,118,366
01/11/2007,MLB,FL,ASO,ES,Federal Contract Tower,7,7,77,2,93,0,0,163,0,163,7,7,240,2,256,138,0,138,394
01/12/2007,MLB,FL,ASO,ES,Federal Contract Tower,8,3,80,2,93,0,0,234,0,234,8,3,314,2,327,266,0,266,593
01/13/2007,MLB,FL,ASO,ES,Federal Contract Tower,4,9,49,0,62,0,0,209,0,209,4,9,258,0,271,216,0,216,487
01/14/2007,MLB,FL,ASO,ES,Federal Contract Tower,9,2,27,0,38,0,0,106,0,106,9,2,133,0,144,84,0,84,228
01/15/2007,MLB,FL,ASO,ES,Federal Contract Tower,8,6,80,0,94,0,0,217,0,217,8,6,297,0,311,232,0,232,543
01/16/2007,MLB,FL,ASO,ES,Federal Contract Tower,9,2,72,1,84,0,0,201,0,201,9,2,273,1,285,282,0,282,567
01/17/2007,MLB,FL,ASO,ES,Federal Contract Tower,7,10,123,2,142,0,0,121,0,121,7,10,244,2,263,220,0,220,483
01/18/2007,MLB,FL,ASO,ES,Federal Contract Tower,8,3,99,7,117,0,0,116,0,116,8,3,215,7,233,124,0,124,357
01/19/2007,MLB,FL,ASO,ES,Federal Contract Tower,9,4,98,15,126,0,0,198,0,198,9,4,296,15,324,328,0,328,652
01/20/2007,MLB,FL,ASO,ES,Federal Contract Tower,7,5,63,0,75,0,0,267,0,267,7,5,330,0,342,258,0,258,600
01/21/2007,MLB,FL,ASO,ES,Federal Contract Tower,8,2,59,0,69,0,0,121,0,121,8,2,180,0,190,104,0,104,294
01/22/2007,MLB,FL,ASO,ES,Federal Contract Tower,8,2,51,0,61,0,0,200,0,200,8,2,251,0,261,158,0,158,419
01/23/2007,MLB,FL,ASO,ES,Federal Contract Tower,10,3,107,8,128,0,0,245,0,245,10,3,352,8,373,314,0,314,687
01/24/2007,MLB,FL,ASO,ES,Federal Contract Tower,8,5,72,4,89,0,0,169,0,169,8,5,241,4,258,312,0,312,570
01/25/2007,MLB,FL,ASO,ES,Federal Contract Tower,8,5,61,1,75,0,0,93,0,93,8,5,154,1,168,66,0,66,234
01/26/2007,MLB,FL,ASO,ES,Federal Contract Tower,10,5,116,0,131,0,0,283,0,283,10,5,399,0,414,262,0,262,676
01/27/2007,MLB,FL,ASO,ES,Federal Contract Tower,9,4,58,0,71,0,0,316,0,316,9,4,374,0,387,168,0,168,555
01/28/2007,MLB,FL,ASO,ES,Federal Contract Tower,9,3,40,0,52,0,0,41,0,41,9,3,81,0,93,22,0,22,115
01/29/2007,MLB,FL,ASO,ES,Federal Contract Tower,9,5,92,0,106,0,0,264,0,264,9,5,356,0,370,260,0,260,630
01/30/2007,MLB,FL,ASO,ES,Federal Contract Tower,10,6,79,0,95,0,0,254,0,254,10,6,333,0,349,266,0,266,615
01/31/2007,MLB,FL,ASO,ES,Federal Contract Tower,10,2,87,0,99,0,0,218,0,218,10,2,305,0,317,314,0,314,631
02/01/2007,MLB,FL,ASO,ES,Federal Contract Tower,6,2,83,0,91,0,0,155,0,155,6,2,238,0,246,74,0,74,320
02/02/2007,MLB,FL,ASO,ES,Federal Contract Tower,10,2,51,0,63,0,0,47,0,47,10,2,98,0,110,44,0,44,154
02/03/2007,MLB,FL,ASO,ES,Federal Contract Tower,9,2,73,0,84,0,0,30,0,30,9,2,103,0,114,52,0,52,166
02/04/2007,MLB,FL,ASO,ES,Federal Contract Tower,9,3,44,0,56,0,0,45,0,45,9,3,89,0,101,40,0,40,141
02/05/2007,MLB,FL,ASO,ES,Federal Contract Tower,9,6,57,0,72,0,0,250,0,250,9,6,307,0,322,254,0,254,576
02/06/2007,MLB,FL,ASO,ES,Federal Contract Tower,10,7,91,0,108,0,0,263,0,263,10,7,354,0,371,288,0,288,659
02/07/2007,MLB,FL,ASO,ES,Federal Contract Tower,8,5,97,2,112,0,0,313,0,313,8,5,410,2,425,306,0,306,731
02/08/2007,MLB,FL,ASO,ES,Federal Contract Tower,11,4,100,2,117,0,0,277,0,277,11,4,377,2,394,324,0,324,718
02/09/2007,MLB,FL,ASO,ES,Federal Contract Tower,8,5,68,0,81,0,0,282,0,282,8,5,350,0,363,366,0,366,729
02/10/2007,MLB,FL,ASO,ES,Federal Contract Tower,8,4,59,0,71,0,0,279,0,279,8,4,338,0,350,310,0,310,660
02/11/2007,MLB,FL,ASO,ES,Federal Contract Tower,9,4,55,1,69,0,0,152,0,152,9,4,207,1,221,140,0,140,361
02/12/2007,MLB,FL,ASO,ES,Federal Contract Tower,10,2,101,0,113,0,0,101,0,101,10,2,202,0,214,136,0,136,350
02/13/2007,MLB,FL,ASO,ES,Federal Contract Tower,7,3,92,1,103,0,0,130,0,130,7,3,222,1,233,256,0,256,489
02/14/2007,MLB,FL,ASO,ES,Federal Contract Tower,10,1,83,0,94,0,0,169,0,169,10,1,252,0,263,152,0,152,415
02/15/2007,MLB,FL,ASO,ES,Federal Contract Tower,8,7,133,2,150,0,0,243,0,243,8,7,376,2,393,336,0,336,729
02/16/2007,MLB,FL,ASO,ES,Federal Contract Tower,10,2,115,0,127,0,0,226,0,226,10,2,341,0,353,220,0,220,573
02/17/2007,MLB,FL,ASO,ES,Federal Contract Tower,7,11,54,0,72,0,0,289,0,289,7,11,343,0,361,242,0,242,603
02/18/2007,MLB,FL,ASO,ES,Federal Contract Tower,10,3,31,0,44,0,0,86,0,86,10,3,117,0,130,20,0,20,150
02/19/2007,MLB,FL,ASO,ES,Federal Contract Tower,9,13,112,0,134,0,0,209,0,209,9,13,321,0,343,198,0,198,541
02/20/2007,MLB,FL,ASO,ES,Federal Contract Tower,9,2,88,0,99,0,0,261,0,261,9,2,349,0,360,258,0,258,618
02/21/2007,MLB,FL,ASO,ES,Federal Contract Tower,10,4,85,0,99,0,0,253,0,253,10,4,338,0,352,270,0,270,622
02/22/2007,MLB,FL,ASO,ES,Federal Contract Tower,10,3,77,0,90,0,0,251,0,251,10,3,328,0,341,294,0,294,635
02/23/2007,MLB,FL,ASO,ES,Federal Contract Tower,9,3,95,0,107,0,0,304,1,305,9,3,399,1,412,394,1,395,807
02/24/2007,MLB,FL,ASO,ES,Federal Contract Tower,9,9,99,0,117,0,0,350,3,353,9,9,449,3,470,334,0,334,804
02/25/2007,MLB,FL,ASO,ES,Federal Contract Tower,9,0,49,0,58,0,0,112,0,112,9,0,161,0,170,100,0,100,270
02/26/2007,MLB,FL,ASO,ES,Federal Contract Tower,8,4,85,0,97,0,0,152,0,152,8,4,237,0,249,248,0,248,497
02/27/2007,MLB,FL,ASO,ES,Federal Contract Tower,10,3,75,0,88,0,0,138,0,138,10,3,213,0,226,222,0,222,448
02/28/2007,MLB,FL,ASO,ES,Federal Contract Tower,10,3,100,0,113,0,0,293,0,293,10,3,393,0,406,284,0,284,690
03/01/2007,MLB,FL,ASO,ES,Federal Contract Tower,6,7,95,2,110,0,0,78,0,78,6,7,173,2,188,96,0,96,284
03/02/2007,MLB,FL,ASO,ES,Federal Contract Tower,10,5,69,0,84,0,0,61,0,61,10,5,130,0,145,12,0,12,157
03/03/2007,MLB,FL,ASO,ES,Federal Contract Tower,9,5,56,0,70,0,0,45,0,45,9,5,101,0,115,40,0,40,155
03/04/2007,MLB,FL,ASO,ES,Federal Contract Tower,7,5,55,0,67,0,0,136,0,136,7,5,191,0,203,46,0,46,249
03/05/2007,MLB,FL,ASO,ES,Federal Contract Tower,6,5,76,0,87,0,0,159,0,159,6,5,235,0,246,90,0,90,336
03/06/2007,MLB,FL,ASO,ES,Federal Contract Tower,10,5,133,10,158,0,0,240,0,240,10,5,373,10,398,226,0,226,624
03/07/2007,MLB,FL,ASO,ES,Federal Contract Tower,11,1,78,0,90,0,0,165,0,165,11,1,243,0,255,136,0,136,391
03/08/2007,MLB,FL,ASO,ES,Federal Contract Tower,10,6,108,0,124,0,0,180,0,180,10,6,288,0,304,182,0,182,486
03/09/2007,MLB,FL,ASO,ES,Federal Contract Tower,10,10,95,0,115,0,0,227,0,227,10,10,322,0,342,108,0,108,450
03/10/2007,MLB,FL,ASO,ES,Federal Contract Tower,9,7,67,0,83,0,0,183,0,183,9,7,250,0,266,114,0,114,380
03/11/2007,MLB,FL,ASO,ES,Federal Contract Tower,8,7,33,0,48,0,0,129,0,129,8,7,162,0,177,126,0,126,303
03/12/2007,MLB,FL,ASO,ES,Federal Contract Tower,6,9,109,0,124,0,0,218,0,218,6,9,327,0,342,238,0,238,580
03/13/2007,MLB,FL,ASO,ES,Federal Contract Tower,10,10,105,8,133,0,0,279,0,279,10,10,384,8,412,418,0,418,830
03/14/2007,MLB,FL,ASO,ES,Federal Contract Tower,10,5,86,0,101,0,0,217,0,217,10,5,303,0,318,324,0,324,642
03/15/2007,MLB,FL,ASO,ES,Federal Contract Tower,12,5,84,0,101,0,0,160,0,160,12,5,244,0,261,288,0,288,549
03/16/2007,MLB,FL,ASO,ES,Federal Contract Tower,7,9,48,0,64,0,0,89,0,89,7,9,137,0,153,135,0,135,288
03/17/2007,MLB,FL,ASO,ES,Federal Contract Tower,10,5,74,0,89,0,0,225,0,225,10,5,299,0,314,338,0,338,652
03/18/2007,MLB,FL,ASO,ES,Federal Contract Tower,8,11,33,0,52,0,0,120,0,120,8,11,153,0,172,132,0,132,304
03/19/2007,MLB,FL,ASO,ES,Federal Contract Tower,9,12,116,0,137,0,0,214,0,214,9,12,330,0,351,328,0,328,679
03/20/2007,MLB,FL,ASO,ES,Federal Contract Tower,10,4,81,0,95,0,0,152,0,152,10,4,233,0,247,410,0,410,657
03/21/2007,MLB,FL,ASO,ES,Federal Contract Tower,10,10,116,0,136,0,0,195,0,195,10,10,311,0,331,402,0,402,733
03/22/2007,MLB,FL,ASO,ES,Federal Contract Tower,10,4,137,0,151,0,0,183,0,183,10,4,320,0,334,322,0,322,656
03/23/2007,MLB,FL,ASO,ES,Federal Contract Tower,11,5,117,4,137,0,0,270,0,270,11,5,387,4,407,406,0,406,813
03/24/2007,MLB,FL,ASO,ES,Federal Contract Tower,10,6,73,0,89,0,0,215,0,215,10,6,288,0,304,215,0,215,519
03/25/2007,MLB,FL,ASO,ES,Federal Contract Tower,9,4,37,0,50,0,0,116,0,116,9,4,153,0,166,68,0,68,234
03/26/2007,MLB,FL,ASO,ES,Federal Contract Tower,7,5,87,4,103,0,0,239,0,239,7,5,326,4,342,332,0,332,674
03/27/2007,MLB,FL,ASO,ES,Federal Contract Tower,10,10,87,0,107,0,0,210,0,210,10,10,297,0,317,366,0,366,683
03/28/2007,MLB,FL,ASO,ES,Federal Contract Tower,10,18,90,0,118,0,0,225,0,225,10,18,315,0,343,334,0,334,677
03/29/2007,MLB,FL,ASO,ES,Federal Contract Tower,11,5,114,1,131,0,0,267,0,267,11,5,381,1,398,676,0,676,1074
03/30/2007,MLB,FL,ASO,ES,Federal Contract Tower,13,17,114,2,146,0,0,158,0,158,13,17,272,2,304,368,0,368,672
03/31/2007,MLB,FL,ASO,ES,Federal Contract Tower,10,11,62,0,83,0,0,239,0,239,10,11,301,0,322,364,0,364,686
04/01/2007,MLB,FL,ASO,ES,Federal Contract Tower,10,7,59,0,76,0,0,143,0,143,10,7,202,0,219,148,0,148,367
04/02/2007,MLB,FL,ASO,ES,Federal Contract Tower,8,8,80,0,96,0,0,239,0,239,8,8,319,0,335,516,0,516,851
04/03/2007,MLB,FL,ASO,ES,Federal Contract Tower,9,8,82,0,99,0,0,302,0,302,9,8,384,0,401,552,0,552,953
04/04/2007,MLB,FL,ASO,ES,Federal Contract Tower,9,4,119,0,132,0,0,221,0,221,9,4,340,0,353,548,0,548,901
04/05/2007,MLB,FL,ASO,ES,Federal Contract Tower,10,9,113,4,136,0,0,204,0,204,10,9,317,4,340,342,0,342,682
04/06/2007,MLB,FL,ASO,ES,Federal Contract Tower,10,8,69,0,87,0,0,215,0,215,10,8,284,0,302,388,0,388,690
04/07/2007,MLB,FL,ASO,ES,Federal Contract Tower,10,2,67,0,79,0,0,196,0,196,10,2,263,0,275,180,0,180,455
04/08/2007,MLB,FL,ASO,ES,Federal Contract Tower,10,12,43,0,65,0,0,135,0,135,10,12,178,0,200,120,0,120,320
04/09/2007,MLB,FL,ASO,ES,Federal Contract Tower,10,7,83,0,100,0,0,140,0,140,10,7,223,0,240,282,0,282,522
04/10/2007,MLB,FL,ASO,ES,Federal Contract Tower,10,6,86,0,102,0,0,71,0,71,10,6,157,0,173,168,0,168,341
04/11/2007,MLB,FL,ASO,ES,Federal Contract Tower,10,4,88,2,104,0,0,213,0,213,10,4,301,2,317,330,0,330,647
04/12/2007,MLB,FL,ASO,ES,Federal Contract Tower,11,6,111,10,138,0,0,179,0,179,11,6,290,10,317,264,0,264,581
04/13/2007,MLB,FL,ASO,ES,Federal Contract Tower,9,7,117,0,133,0,0,212,0,212,9,7,329,0,345,256,0,256,601
04/14/2007,MLB,FL,ASO,ES,Federal Contract Tower,10,12,106,0,128,0,0,198,0,198,10,12,304,0,326,184,0,184,510
04/15/2007,MLB,FL,ASO,ES,Federal Contract Tower,9,7,34,2,52,0,0,15,0,15,9,7,49,2,67,10,0,10,77
04/16/2007,MLB,FL,ASO,ES,Federal Contract Tower,7,5,71,0,83,0,0,183,0,183,7,5,254,0,266,182,0,182,448
04/17/2007,MLB,FL,ASO,ES,Federal Contract Tower,11,9,117,0,137,0,0,193,0,193,11,9,310,0,330,268,0,268,598
04/18/2007,MLB,FL,ASO,ES,Federal Contract Tower,10,2,90,4,106,0,0,192,0,192,10,2,282,4,298,392,0,392,690
04/19/2007,MLB,FL,ASO,ES,Federal Contract Tower,9,7,82,0,98,0,0,169,0,169,9,7,251,0,267,316,0,316,583
04/20/2007,MLB,FL,ASO,ES,Federal Contract Tower,10,3,86,2,101,0,0,220,0,220,10,3,306,2,321,274,0,274,595
04/21/2007,MLB,FL,ASO,ES,Federal Contract Tower,7,7,73,0,87,0,0,104,0,104,7,7,177,0,191,160,0,160,351
04/22/2007,MLB,FL,ASO,ES,Federal Contract Tower,10,5,34,4,53,0,0,152,0,152,10,5,186,4,205,204,0,204,409
04/23/2007,MLB,FL,ASO,ES,Federal Contract Tower,9,4,82,2,97,0,0,222,0,222,9,4,304,2,319,314,0,314,633
04/24/2007,MLB,FL,ASO,ES,Federal Contract Tower,10,9,109,0,128,0,0,232,5,237,10,9,341,5,365,324,2,326,691
04/25/2007,MLB,FL,ASO,ES,Federal Contract Tower,9,8,90,1,108,0,0,187,0,187,9,8,277,1,295,272,0,272,567
04/26/2007,MLB,FL,ASO,ES,Federal Contract Tower,10,11,79,4,104,0,0,173,0,173,10,11,252,4,277,192,0,192,469
04/27/2007,MLB,FL,ASO,ES,Federal Contract Tower,10,4,88,0,102,0,0,174,0,174,10,4,262,0,276,190,0,190,466
04/28/2007,MLB,FL,ASO,ES,Federal Contract Tower,8,9,62,0,79,0,0,159,0,159,8,9,221,0,238,264,0,264,502
04/29/2007,MLB,FL,ASO,ES,Federal Contract Tower,9,5,67,8,89,0,0,114,0,114,9,5,181,8,203,106,0,106,309
04/30/2007,MLB,FL,ASO,ES,Federal Contract Tower,9,4,85,1,99,0,0,192,0,192,9,4,277,1,291,322,0,322,613
05/01/2007,MLB,FL,ASO,ES,Federal Contract Tower,9,4,93,0,106,0,0,241,4,245,9,4,334,4,351,333,0,333,684
05/02/2007,MLB,FL,ASO,ES,Federal Contract Tower,10,3,104,3,120,0,0,193,0,193,10,3,297,3,313,334,0,334,647
05/03/2007,MLB,FL,ASO,ES,Federal Contract Tower,10,6,90,0,106,0,0,171,0,171,10,6,261,0,277,342,0,342,619
05/04/2007,MLB,FL,ASO,ES,Federal Contract Tower,9,5,83,0,97,0,0,160,0,160,9,5,243,0,257,360,0,360,617
05/05/2007,MLB,FL,ASO,ES,Federal Contract Tower,8,3,60,0,71,0,0,200,0,200,8,3,260,0,271,202,0,202,473
05/06/2007,MLB,FL,ASO,ES,Federal Contract Tower,11,3,48,0,62,0,0,84,0,84,11,3,132,0,146,74,0,74,220
05/07/2007,MLB,FL,ASO,ES,Federal Contract Tower,8,4,27,0,39,0,0,38,0,38,8,4,65,0,77,18,0,18,95
05/08/2007,MLB,FL,ASO,ES,Federal Contract Tower,9,7,98,0,114,0,0,124,0,124,9,7,222,0,238,140,0,140,378
05/09/2007,MLB,FL,ASO,ES,Federal Contract Tower,9,8,88,0,105,0,0,109,0,109,9,8,197,0,214,206,0,206,420
05/10/2007,MLB,FL,ASO,ES,Federal Contract Tower,10,4,69,4,87,0,0,110,0,110,10,4,179,4,197,236,0,236,433
05/11/2007,MLB,FL,ASO,ES,Federal Contract Tower,10,6,76,0,92,0,0,59,0,59,10,6,135,0,151,72,0,72,223
05/12/2007,MLB,FL,ASO,ES,Federal Contract Tower,6,5,50,0,61,0,0,118,0,118,6,5,168,0,179,242,0,242,421
05/13/2007,MLB,FL,ASO,ES,Federal Contract Tower,11,5,56,0,72,0,0,120,0,120,11,5,176,0,192,62,0,62,254
05/14/2007,MLB,FL,ASO,ES,Federal Contract Tower,10,4,57,0,71,0,0,49,0,49,10,4,106,0,120,128,16,144,264
05/15/2007,MLB,FL,ASO,ES,Federal Contract Tower,11,5,139,0,155,0,0,179,8,187,11,5,318,8,342,332,2,334,676
05/16/2007,MLB,FL,ASO,ES,Federal Contract Tower,8,10,92,3,113,0,0,183,0,183,8,10,275,3,296,301,0,301,597
05/17/2007,MLB,FL,ASO,ES,Federal Contract Tower,10,9,62,1,82,0,0,229,0,229,10,9,291,1,311,262,4,266,577
05/18/2007,MLB,FL,ASO,ES,Federal Contract Tower,11,4,92,0,107,0,0,153,0,153,11,4,245,0,260,256,0,256,516
05/19/2007,MLB,FL,ASO,ES,Federal Contract Tower,6,8,58,2,74,0,0,81,0,81,6,8,139,2,155,60,0,60,215
05/20/2007,MLB,FL,ASO,ES,Federal Contract Tower,9,11,39,0,59,0,0,93,0,93,9,11,132,0,152,58,0,58,210
05/21/2007,MLB,FL,ASO,ES,Federal Contract Tower,7,7,85,0,99,0,0,200,0,200,7,7,285,0,299,330,0,330,629
05/22/2007,MLB,FL,ASO,ES,Federal Contract Tower,8,10,76,5,99,0,0,168,0,168,8,10,244,5,267,180,0,180,447
05/23/2007,MLB,FL,ASO,ES,Federal Contract Tower,10,5,75,0,90,0,0,134,0,134,10,5,209,0,224,153,0,153,377
05/24/2007,MLB,FL,ASO,ES,Federal Contract Tower,9,9,144,2,164,0,0,116,0,116,9,9,260,2,280,92,0,92,372
05/25/2007,MLB,FL,ASO,ES,Federal Contract Tower,10,7,90,0,107,0,0,134,0,134,10,7,224,0,241,166,0,166,407
05/26/2007,MLB,FL,ASO,ES,Federal Contract Tower,9,6,84,0,99,0,0,33,0,33,9,6,117,0,132,90,0,90,222
05/27/2007,MLB,FL,ASO,ES,Federal Contract Tower,8,5,49,0,62,0,0,113,0,113,8,5,162,0,175,44,0,44,219
05/28/2007,MLB,FL,ASO,ES,Federal Contract Tower,10,4,60,0,74,0,0,146,0,146,10,4,206,0,220,124,0,124,344
05/29/2007,MLB,FL,ASO,ES,Federal Contract Tower,10,11,113,0,134,0,0,160,8,168,10,11,273,8,302,240,0,240,542
05/30/2007,MLB,FL,ASO,ES,Federal Contract Tower,10,9,79,0,98,0,0,139,0,139,10,9,218,0,237,230,0,230,467
05/31/2007,MLB,FL,ASO,ES,Federal Contract Tower,10,7,101,0,118,0,0,145,0,145,10,7,246,0,263,192,0,192,455
06/01/2007,MLB,FL,ASO,ES,Federal Contract Tower,9,4,88,0,101,0,0,73,0,73,9,4,161,0,174,140,0,140,314
06/02/2007,MLB,FL,ASO,ES,Federal Contract Tower,8,8,9,3,28,0,0,8,0,8,8,8,17,3,36,2,0,2,38
06/03/2007,MLB,FL,ASO,ES,Federal Contract Tower,12,1,36,2,51,0,0,84,0,84,12,1,120,2,135,28,0,28,163
06/04/2007,MLB,FL,ASO,ES,Federal Contract Tower,7,15,99,0,121,0,0,126,0,126,7,15,225,0,247,122,6,128,375
06/05/2007,MLB,FL,ASO,ES,Federal Contract Tower,8,7,77,0,92,0,0,164,3,167,8,7,241,3,259,228,0,228,487
06/06/2007,MLB,FL,ASO,ES,Federal Contract Tower,8,7,50,6,71,0,0,105,0,105,8,7,155,6,176,54,0,54,230
06/07/2007,MLB,FL,ASO,ES,Federal Contract Tower,9,2,83,0,94,0,0,154,0,154,9,2,237,0,248,208,0,208,456
06/08/2007,MLB,FL,ASO,ES,Federal Contract Tower,7,7,59,0,73,0,0,67,0,67,7,7,126,0,140,60,0,60,200
06/09/2007,MLB,FL,ASO,ES,Federal Contract Tower,7,1,104,0,112,0,0,205,0,205,7,1,309,0,317,164,0,164,481
06/10/2007,MLB,FL,ASO,ES,Federal Contract Tower,12,9,30,0,51,0,0,111,0,111,12,9,141,0,162,22,0,22,184
06/11/2007,MLB,FL,ASO,ES,Federal Contract Tower,8,9,47,3,67,0,0,149,0,149,8,9,196,3,216,140,0,140,356
06/12/2007,MLB,FL,ASO,ES,Federal Contract Tower,9,4,50,0,63,0,0,131,7,138,9,4,181,7,201,248,3,251,452
06/13/2007,MLB,FL,ASO,ES,Federal Contract Tower,9,9,102,8,128,0,0,104,0,104,9,9,206,8,232,184,2,186,418
06/14/2007,MLB,FL,ASO,ES,Federal Contract Tower,10,7,93,0,110,0,0,218,0,218,10,7,311,0,328,286,0,286,614
06/15/2007,MLB,FL,ASO,ES,Federal Contract Tower,10,8,108,0,126,0,0,209,0,209,10,8,317,0,335,178,0,178,513
06/16/2007,MLB,FL,ASO,ES,Federal Contract Tower,10,7,69,0,86,0,0,158,0,158,10,7,227,0,244,108,0,108,352
06/17/2007,MLB,FL,ASO,ES,Federal Contract Tower,9,22,51,2,84,0,0,135,0,135,9,22,186,2,219,64,0,64,283
06/18/2007,MLB,FL,ASO,ES,Federal Contract Tower,10,10,76,0,96,0,0,156,0,156,10,10,232,0,252,164,8,172,424
06/19/2007,MLB,FL,ASO,ES,Federal Contract Tower,8,14,109,0,131,1,0,172,6,179,9,14,281,6,310,172,0,172,482
06/20/2007,MLB,FL,ASO,ES,Federal Contract Tower,8,10,95,5,118,0,0,169,0,169,8,10,264,5,287,188,0,188,475
06/21/2007,MLB,FL,ASO,ES,Federal Contract Tower,9,8,68,2,87,0,0,94,0,94,9,8,162,2,181,98,0,98,279
06/22/2007,MLB,FL,ASO,ES,Federal Contract Tower,9,11,78,0,98,0,0,91,0,91,9,11,169,0,189,36,0,36,225
06/23/2007,MLB,FL,ASO,ES,Federal Contract Tower,10,5,69,0,84,0,0,205,0,205,10,5,274,0,289,122,0,122,411
06/24/2007,MLB,FL,ASO,ES,Federal Contract Tower,9,10,53,0,72,0,0,115,0,115,9,10,168,0,187,0,0,0,187
06/25/2007,MLB,FL,ASO,ES,Federal Contract Tower,6,7,82,0,95,0,0,108,0,108,6,7,190,0,203,110,0,110,313
06/26/2007,MLB,FL,ASO,ES,Federal Contract Tower,9,9,108,0,126,0,0,153,26,179,9,9,261,26,305,212,0,212,517
06/27/2007,MLB,FL,ASO,ES,Federal Contract Tower,8,13,100,6,127,0,0,153,0,153,8,13,253,6,280,226,0,226,506
06/28/2007,MLB,FL,ASO,ES,Federal Contract Tower,11,8,38,7,64,0,0,79,0,79,11,8,117,7,143,176,2,178,321
06/29/2007,MLB,FL,ASO,ES,Federal Contract Tower,9,12,82,0,103,0,0,33,0,33,9,12,115,0,136,36,0,36,172
06/30/2007,MLB,FL,ASO,ES,Federal Contract Tower,8,11,42,0,61,0,0,119,0,119,8,11,161,0,180,82,0,82,262
07/01/2007,MLB,FL,ASO,ES,Federal Contract Tower,8,6,34,0,48,0,0,87,0,87,8,6,121,0,135,24,0,24,159
07/02/2007,MLB,FL,ASO,ES,Federal Contract Tower,9,12,87,0,108,0,0,171,0,171,9,12,258,0,279,186,0,186,465
07/03/2007,MLB,FL,ASO,ES,Federal Contract Tower,8,8,79,0,95,0,0,119,0,119,8,8,198,0,214,106,0,106,320
07/04/2007,MLB,FL,ASO,ES,Federal Contract Tower,9,6,29,0,44,0,0,50,0,50,9,6,79,0,94,50,0,50,144
07/05/2007,MLB,FL,ASO,ES,Federal Contract Tower,10,15,48,1,74,0,0,58,0,58,10,15,106,1,132,82,0,82,214
07/06/2007,MLB,FL,ASO,ES,Federal Contract Tower,8,9,37,2,56,0,0,113,0,113,8,9,150,2,169,142,0,142,311
07/07/2007,MLB,FL,ASO,ES,Federal Contract Tower,9,6,42,0,57,0,0,113,0,113,9,6,155,0,170,70,0,70,240
07/08/2007,MLB,FL,ASO,ES,Federal Contract Tower,8,8,27,0,43,0,0,123,0,123,8,8,150,0,166,42,0,42,208
07/09/2007,MLB,FL,ASO,ES,Federal Contract Tower,8,10,66,1,85,0,0,165,0,165,8,10,231,1,250,238,0,238,488
07/10/2007,MLB,FL,ASO,ES,Federal Contract Tower,8,6,68,1,83,0,0,170,0,170,8,6,238,1,253,204,0,204,457
07/11/2007,MLB,FL,ASO,ES,Federal Contract Tower,7,10,85,16,118,0,0,213,0,213,7,10,298,16,331,144,2,146,477
07/12/2007,MLB,FL,ASO,ES,Federal Contract Tower,9,8,90,1,108,0,0,160,0,160,9,8,250,1,268,210,0,210,478
07/13/2007,MLB,FL,ASO,ES,Federal Contract Tower,8,5,48,2,63,0,0,116,0,116,8,5,164,2,179,150,0,150,329
07/14/2007,MLB,FL,ASO,ES,Federal Contract Tower,9,16,37,0,62,0,0,95,0,95,9,16,132,0,157,34,0,34,191
07/15/2007,MLB,FL,ASO,ES,Federal Contract Tower,9,34,31,0,74,0,0,91,0,91,9,34,122,0,165,100,0,100,265
07/16/2007,MLB,FL,ASO,ES,Federal Contract Tower,11,7,76,2,96,0,0,159,0,159,11,7,235,2,255,260,0,260,515
07/17/2007,MLB,FL,ASO,ES,Federal Contract Tower,9,6,120,0,135,0,0,192,4,196,9,6,312,4,331,368,0,368,699
07/18/2007,MLB,FL,ASO,ES,Federal Contract Tower,10,15,88,4,117,0,0,176,0,176,10,15,264,4,293,252,0,252,545
07/19/2007,MLB,FL,ASO,ES,Federal Contract Tower,9,6,62,0,77,0,0,121,0,121,9,6,183,0,198,136,0,136,334
07/20/2007,MLB,FL,ASO,ES,Federal Contract Tower,10,4,53,0,67,0,0,157,0,157,10,4,210,0,224,120,0,120,344
07/21/2007,MLB,FL,ASO,ES,Federal Contract Tower,8,6,28,0,42,0,0,92,0,92,8,6,120,0,134,62,0,62,196
07/22/2007,MLB,FL,ASO,ES,Federal Contract Tower,8,11,36,0,55,0,0,120,0,120,8,11,156,0,175,100,0,100,275
07/23/2007,MLB,FL,ASO,ES,Federal Contract Tower,10,9,40,1,60,0,0,91,0,91,10,9,131,1,151,154,8,162,313
07/24/2007,MLB,FL,ASO,ES,Federal Contract Tower,7,5,50,0,62,0,0,153,1,154,7,5,203,1,216,210,0,210,426
07/25/2007,MLB,FL,ASO,ES,Federal Contract Tower,10,6,61,2,79,0,0,156,0,156,10,6,217,2,235,128,0,128,363
07/26/2007,MLB,FL,ASO,ES,Federal Contract Tower,10,3,45,0,58,0,0,190,0,190,10,3,235,0,248,106,0,106,354
07/27/2007,MLB,FL,ASO,ES,Federal Contract Tower,8,4,68,0,80,0,0,86,0,86,8,4,154,0,166,126,0,126,292
07/28/2007,MLB,FL,ASO,ES,Federal Contract Tower,10,7,24,0,41,0,0,118,0,118,10,7,142,0,159,54,0,54,213
07/29/2007,MLB,FL,ASO,ES,Federal Contract Tower,8,6,39,0,53,0,0,117,0,117,8,6,156,0,170,74,0,74,244
07/30/2007,MLB,FL,ASO,ES,Federal Contract Tower,8,7,66,0,81,0,0,153,0,153,8,7,219,0,234,130,0,130,364
07/31/2007,MLB,FL,ASO,ES,Federal Contract Tower,10,3,63,0,76,0,0,103,2,105,10,3,166,2,181,108,0,108,289
08/01/2007,MLB,FL,ASO,ES,Federal Contract Tower,8,14,68,2,92,0,0,37,0,37,8,14,105,2,129,12,0,12,141
08/02/2007,MLB,FL,ASO,ES,Federal Contract Tower,11,7,53,10,81,0,0,82,0,82,11,7,135,10,163,148,2,150,313
08/03/2007,MLB,FL,ASO,ES,Federal Contract Tower,9,10,67,0,86,0,0,147,0,147,9,10,214,0,233,128,0,128,361
08/04/2007,MLB,FL,ASO,ES,Federal Contract Tower,9,12,35,0,56,0,0,122,35,157,9,12,157,35,213,144,0,144,357
08/05/2007,MLB,FL,ASO,ES,Federal Contract Tower,9,7,38,0,54,0,0,134,0,134,9,7,172,0,188,42,0,42,230
08/06/2007,MLB,FL,ASO,ES,Federal Contract Tower,8,10,63,0,81,0,0,142,0,142,8,10,205,0,223,12,0,12,235
08/07/2007,MLB,FL,ASO,ES,Federal Contract Tower,9,8,48,0,65,0,0,172,0,172,9,8,220,0,237,126,0,126,363
08/08/2007,MLB,FL,ASO,ES,Federal Contract Tower,9,11,52,2,74,0,0,73,0,73,9,11,125,2,147,94,0,94,241
08/09/2007,MLB,FL,ASO,ES,Federal Contract Tower,11,8,39,5,63,0,0,158,0,158,11,8,197,5,221,266,0,266,487
08/10/2007,MLB,FL,ASO,ES,Federal Contract Tower,10,6,68,0,84,0,0,158,0,158,10,6,226,0,242,230,0,230,472
08/11/2007,MLB,FL,ASO,ES,Federal Contract Tower,8,7,41,0,56,0,0,141,0,141,8,7,182,0,197,76,0,76,273
08/12/2007,MLB,FL,ASO,ES,Federal Contract Tower,10,8,42,0,60,0,0,121,0,121,10,8,163,0,181,28,0,28,209
08/13/2007,MLB,FL,ASO,ES,Federal Contract Tower,10,10,56,2,78,0,0,149,0,149,10,10,205,2,227,134,0,134,361
08/14/2007,MLB,FL,ASO,ES,Federal Contract Tower,10,11,53,2,76,0,0,169,0,169,10,11,222,2,245,162,0,162,407
08/15/2007,MLB,FL,ASO,ES,Federal Contract Tower,10,11,68,2,91,0,0,162,0,162,10,11,230,2,253,122,0,122,375
08/16/2007,MLB,FL,ASO,ES,Federal Contract Tower,9,6,96,2,113,0,0,155,0,155,9,6,251,2,268,90,0,90,358
08/17/2007,MLB,FL,ASO,ES,Federal Contract Tower,9,6,68,0,83,0,0,147,0,147,9,6,215,0,230,116,0,116,346
08/18/2007,MLB,FL,ASO,ES,Federal Contract Tower,7,10,51,0,68,0,0,146,0,146,7,10,197,0,214,154,0,154,368
08/19/2007,MLB,FL,ASO,ES,Federal Contract Tower,9,8,66,0,83,0,0,178,0,178,9,8,244,0,261,52,0,52,313
08/20/2007,MLB,FL,ASO,ES,Federal Contract Tower,6,5,66,0,77,0,0,69,0,69,6,5,135,0,146,138,0,138,284
08/21/2007,MLB,FL,ASO,ES,Federal Contract Tower,7,14,55,8,84,0,0,141,0,141,7,14,196,8,225,188,0,188,413
08/22/2007,MLB,FL,ASO,ES,Federal Contract Tower,9,5,58,6,78,0,0,150,0,150,9,5,208,6,228,242,0,242,470
08/23/2007,MLB,FL,ASO,ES,Federal Contract Tower,9,6,49,3,67,0,0,147,0,147,9,6,196,3,214,96,0,96,310
08/24/2007,MLB,FL,ASO,ES,Federal Contract Tower,8,7,61,8,84,0,0,148,0,148,8,7,209,8,232,86,0,86,318
08/25/2007,MLB,FL,ASO,ES,Federal Contract Tower,5,9,35,0,49,0,0,181,0,181,5,9,216,0,230,210,0,210,440
08/26/2007,MLB,FL,ASO,ES,Federal Contract Tower,5,5,27,0,37,0,0,140,0,140,5,5,167,0,177,62,0,62,239
08/27/2007,MLB,FL,ASO,ES,Federal Contract Tower,9,14,62,0,85,0,0,169,0,169,9,14,231,0,254,268,0,268,522
08/28/2007,MLB,FL,ASO,ES,Federal Contract Tower,7,8,42,3,60,0,0,190,0,190,7,8,232,3,250,334,0,334,584
08/29/2007,MLB,FL,ASO,ES,Federal Contract Tower,7,2,206,1,216,0,0,33,0,33,7,2,239,1,249,290,0,290,539
08/30/2007,MLB,FL,ASO,ES,Federal Contract Tower,8,12,54,0,74,0,0,242,0,242,8,12,296,0,316,332,0,332,648
08/31/2007,MLB,FL,ASO,ES,Federal Contract Tower,6,10,62,0,78,0,0,209,0,209,6,10,271,0,287,240,0,240,527
09/01/2007,MLB,FL,ASO,ES,Federal Contract Tower,5,2,27,0,34,0,0,193,0,193,5,2,220,0,227,138,0,138,365
09/02/2007,MLB,FL,ASO,ES,Federal Contract Tower,6,2,31,0,39,0,0,134,0,134,6,2,165,0,173,141,0,141,314
09/03/2007,MLB,FL,ASO,ES,Federal Contract Tower,5,10,71,0,86,0,0,157,0,157,5,10,228,0,243,154,0,154,397
09/04/2007,MLB,FL,ASO,ES,Federal Contract Tower,6,7,51,0,64,0,0,224,0,224,6,7,275,0,288,270,0,270,558
09/05/2007,MLB,FL,ASO,ES,Federal Contract Tower,7,2,55,3,67,0,0,198,0,198,7,2,253,3,265,272,0,272,537
09/06/2007,MLB,FL,ASO,ES,Federal Contract Tower,6,5,64,10,85,0,0,232,0,232,6,5,296,10,317,306,0,306,623
09/07/2007,MLB,FL,ASO,ES,Federal Contract Tower,10,5,48,1,64,0,0,156,0,156,10,5,204,1,220,144,0,144,364
09/08/2007,MLB,FL,ASO,ES,Federal Contract Tower,6,7,69,0,82,0,0,238,0,238,6,7,307,0,320,222,0,222,542
09/09/2007,MLB,FL,ASO,ES,Federal Contract Tower,8,2,40,0,50,0,0,133,0,133,8,2,173,0,183,106,0,106,289
09/10/2007,MLB,FL,ASO,ES,Federal Contract Tower,7,4,38,4,53,0,0,144,0,144,7,4,182,4,197,160,0,160,357
09/11/2007,MLB,FL,ASO,ES,Federal Contract Tower,8,5,64,0,77,0,0,145,1,146,8,5,209,1,223,291,0,291,514
09/12/2007,MLB,FL,ASO,ES,Federal Contract Tower,10,7,70,0,87,0,0,247,0,247,10,7,317,0,334,352,0,352,686
09/13/2007,MLB,FL,ASO,ES,Federal Contract Tower,9,6,47,0,62,0,0,254,0,254,9,6,301,0,316,396,0,396,712
09/14/2007,MLB,FL,ASO,ES,Federal Contract Tower,6,5,66,0,77,0,0,251,0,251,6,5,317,0,328,247,0,247,575
09/15/2007,MLB,FL,ASO,ES,Federal Contract Tower,7,3,29,0,39,0,0,225,0,225,7,3,254,0,264,230,0,230,494
09/16/2007,MLB,FL,ASO,ES,Federal Contract Tower,7,5,69,0,81,0,0,141,0,141,7,5,210,0,222,128,0,128,350
09/17/2007,MLB,FL,ASO,ES,Federal Contract Tower,8,5,75,0,88,0,0,127,0,127,8,5,202,0,215,188,0,188,403
09/18/2007,MLB,FL,ASO,ES,Federal Contract Tower,6,10,50,0,66,0,0,118,0,118,6,10,168,0,184,328,0,328,512
09/19/2007,MLB,FL,ASO,ES,Federal Contract Tower,9,4,72,0,85,0,0,17,0,17,9,4,89,0,102,14,0,14,116
09/20/2007,MLB,FL,ASO,ES,Federal Contract Tower,8,6,74,6,94,0,0,209,0,209,8,6,283,6,303,228,0,228,531
09/21/2007,MLB,FL,ASO,ES,Federal Contract Tower,9,3,75,1,88,0,0,216,0,216,9,3,291,1,304,331,0,331,635
09/22/2007,MLB,FL,ASO,ES,Federal Contract Tower,7,6,45,0,58,0,0,186,0,186,7,6,231,0,244,326,0,326,570
09/23/2007,MLB,FL,ASO,ES,Federal Contract Tower,11,6,28,0,45,0,0,104,0,104,11,6,132,0,149,186,0,186,335
09/24/2007,MLB,FL,ASO,ES,Federal Contract Tower,8,7,86,1,102,0,0,242,0,242,8,7,328,1,344,316,0,316,660
09/25/2007,MLB,FL,ASO,ES,Federal Contract Tower,6,4,116,0,126,0,0,224,0,224,6,4,340,0,350,394,0,394,744
09/26/2007,MLB,FL,ASO,ES,Federal Contract Tower,8,10,66,0,84,0,0,132,0,132,8,10,198,0,216,313,0,313,529
09/27/2007,MLB,FL,ASO,ES,Federal Contract Tower,8,8,76,0,92,0,0,232,0,232,8,8,308,0,324,356,0,356,680
09/28/2007,MLB,FL,ASO,ES,Federal Contract Tower,7,3,112,1,123,0,0,342,0,342,7,3,454,1,465,486,0,486,951
09/29/2007,MLB,FL,ASO,ES,Federal Contract Tower,5,5,76,2,88,0,0,141,0,141,5,5,217,2,229,228,0,228,457
09/30/2007,MLB,FL,ASO,ES,Federal Contract Tower,8,6,30,0,44,0,0,44,0,44,8,6,74,0,88,120,0,120,208
10/01/2007,MLB,FL,ASO,ES,Federal Contract Tower,10,4,38,0,52,0,0,51,0,51,10,4,89,0,103,126,0,126,229
10/02/2007,MLB,FL,ASO,ES,Federal Contract Tower,10,4,62,2,78,0,0,145,0,145,10,4,207,2,223,274,0,274,497
10/03/2007,MLB,FL,ASO,ES,Federal Contract Tower,9,3,82,0,94,0,0,230,0,230,9,3,312,0,324,356,0,356,680
10/04/2007,MLB,FL,ASO,ES,Federal Contract Tower,7,6,88,0,101,0,0,210,0,210,7,6,298,0,311,242,0,242,553
10/05/2007,MLB,FL,ASO,ES,Federal Contract Tower,9,5,52,0,66,0,0,102,0,102,9,5,154,0,168,246,0,246,414
10/06/2007,MLB,FL,ASO,ES,Federal Contract Tower,5,4,120,1,130,0,0,32,0,32,5,4,152,1,162,274,0,274,436
10/07/2007,MLB,FL,ASO,ES,Federal Contract Tower,6,13,35,0,54,0,0,36,0,36,6,13,71,0,90,26,0,26,116
10/08/2007,MLB,FL,ASO,ES,Federal Contract Tower,11,4,81,0,96,0,0,162,0,162,11,4,243,0,258,200,0,200,458
10/09/2007,MLB,FL,ASO,ES,Federal Contract Tower,11,10,72,6,99,0,0,202,0,202,11,10,274,6,301,349,0,349,650
10/10/2007,MLB,FL,ASO,ES,Federal Contract Tower,9,4,45,0,58,0,0,258,0,258,9,4,303,0,316,478,0,478,794
10/11/2007,MLB,FL,ASO,ES,Federal Contract Tower,8,6,90,2,106,0,0,279,0,279,8,6,369,2,385,350,0,350,735
10/12/2007,MLB,FL,ASO,ES,Federal Contract Tower,7,5,77,1,90,0,0,277,0,277,7,5,354,1,367,434,0,434,801
10/13/2007,MLB,FL,ASO,ES,Federal Contract Tower,5,5,47,0,57,0,0,231,0,231,5,5,278,0,288,298,0,298,586
10/14/2007,MLB,FL,ASO,ES,Federal Contract Tower,9,0,19,0,28,0,0,125,0,125,9,0,144,0,153,116,0,116,269
10/15/2007,MLB,FL,ASO,ES,Federal Contract Tower,7,6,74,0,87,0,0,204,0,204,7,6,278,0,291,413,12,425,716
10/16/2007,MLB,FL,ASO,ES,Federal Contract Tower,7,4,53,0,64,0,0,218,0,218,7,4,271,0,282,366,0,366,648
10/17/2007,MLB,FL,ASO,ES,Federal Contract Tower,6,5,71,0,82,0,0,221,0,221,6,5,292,0,303,387,0,387,690
10/18/2007,MLB,FL,ASO,ES,Federal Contract Tower,7,5,53,0,65,0,0,204,2,206,7,5,257,2,271,272,0,272,543
10/19/2007,MLB,FL,ASO,ES,Federal Contract Tower,9,5,57,1,72,0,0,118,0,118,9,5,175,1,190,152,8,160,350
10/20/2007,MLB,FL,ASO,ES,Federal Contract Tower,5,3,38,2,48,0,0,123,0,123,5,3,161,2,171,320,0,320,491
10/21/2007,MLB,FL,ASO,ES,Federal Contract Tower,7,5,50,0,62,0,0,109,0,109,7,5,159,0,171,86,0,86,257
10/22/2007,MLB,FL,ASO,ES,Federal Contract Tower,9,5,65,0,79,0,0,266,0,266,9,5,331,0,345,400,0,400,745
10/23/2007,MLB,FL,ASO,ES,Federal Contract Tower,9,6,63,2,80,0,0,180,0,180,9,6,243,2,260,204,0,204,464
10/24/2007,MLB,FL,ASO,ES,Federal Contract Tower,7,4,47,1,59,0,0,193,0,193,7,4,240,1,252,330,0,330,582
10/25/2007,MLB,FL,ASO,ES,Federal Contract Tower,8,5,86,2,101,0,0,166,0,166,8,5,252,2,267,354,0,354,621
10/26/2007,MLB,FL,ASO,ES,Federal Contract Tower,7,6,82,0,95,0,0,78,0,78,7,6,160,0,173,144,0,144,317
10/27/2007,MLB,FL,ASO,ES,Federal Contract Tower,6,3,37,0,46,0,0,190,0,190,6,3,227,0,236,257,0,257,493
10/28/2007,MLB,FL,ASO,ES,Federal Contract Tower,7,4,46,0,57,0,0,109,0,109,7,4,155,0,166,176,0,176,342
10/29/2007,MLB,FL,ASO,ES,Federal Contract Tower,7,6,51,0,64,0,0,56,0,56,7,6,107,0,120,106,0,106,226
10/30/2007,MLB,FL,ASO,ES,Federal Contract Tower,8,6,22,0,36,0,0,7,0,7,8,6,29,0,43,2,0,2,45
10/31/2007,MLB,FL,ASO,ES,Federal Contract Tower,7,3,30,0,40,0,0,22,0,22,7,3,52,0,62,24,0,24,86
11/01/2007,MLB,FL,ASO,ES,Federal Contract Tower,6,4,72,1,83,0,0,37,0,37,6,4,109,1,120,48,0,48,168
11/02/2007,MLB,FL,ASO,ES,Federal Contract Tower,6,7,58,2,73,0,0,61,0,61,6,7,119,2,134,82,0,82,216
11/03/2007,MLB,FL,ASO,ES,Federal Contract Tower,5,8,65,0,78,0,0,244,0,244,5,8,309,0,322,248,0,248,570
11/04/2007,MLB,FL,ASO,ES,Federal Contract Tower,6,5,264,0,275,0,0,45,0,45,6,5,309,0,320,502,0,502,822
11/05/2007,MLB,FL,ASO,ES,Federal Contract Tower,8,7,82,6,103,0,0,305,0,305,8,7,387,6,408,558,0,558,966
11/06/2007,MLB,FL,ASO,ES,Federal Contract Tower,11,6,92,1,110,0,1,332,0,333,11,7,424,1,443,880,0,880,1323
11/07/2007,MLB,FL,ASO,ES,Federal Contract Tower,1,0,68,0,69,0,0,131,0,131,1,0,199,0,200,618,0,618,818
11/08/2007,MLB,FL,ASO,ES,Federal Contract Tower,9,6,93,0,108,0,0,275,0,275,9,6,368,0,383,344,0,344,727
11/09/2007,MLB,FL,ASO,ES,Federal Contract Tower,9,8,82,4,103,0,0,340,6,346,9,8,422,10,449,454,2,456,905
11/10/2007,MLB,FL,ASO,ES,Federal Contract Tower,6,3,76,0,85,0,0,284,0,284,6,3,360,0,369,470,0,470,839
11/11/2007,MLB,FL,ASO,ES,Federal Contract Tower,10,8,49,0,67,0,0,162,0,162,10,8,211,0,229,110,0,110,339
11/12/2007,MLB,FL,ASO,ES,Federal Contract Tower,10,7,77,0,94,0,0,247,0,247,10,7,324,0,341,356,0,356,697
11/13/2007,MLB,FL,ASO,ES,Federal Contract Tower,9,5,55,11,80,0,3,279,1,283,9,8,334,12,363,308,0,308,671
11/14/2007,MLB,FL,ASO,ES,Federal Contract Tower,0,2,44,0,46,0,0,179,0,179,0,2,223,0,225,403,0,403,628
11/15/2007,MLB,FL,ASO,ES,Federal Contract Tower,8,8,84,0,100,0,0,202,0,202,8,8,286,0,302,306,0,306,608
11/16/2007,MLB,FL,ASO,ES,Federal Contract Tower,8,7,89,0,104,0,0,174,0,174,8,7,263,0,278,242,0,242,520
11/17/2007,MLB,FL,ASO,ES,Federal Contract Tower,6,10,63,0,79,0,0,264,0,264,6,10,327,0,343,202,0,202,545
11/18/2007,MLB,FL,ASO,ES,Federal Contract Tower,10,7,56,0,73,0,0,167,0,167,10,7,223,0,240,200,0,200,440
11/19/2007,MLB,FL,ASO,ES,Federal Contract Tower,10,9,76,1,96,0,0,208,0,208,10,9,284,1,304,258,0,258,562
11/20/2007,MLB,FL,ASO,ES,Federal Contract Tower,8,13,60,0,81,0,0,205,0,205,8,13,265,0,286,356,0,356,642
11/21/2007,MLB,FL,ASO,ES,Federal Contract Tower,0,2,50,0,52,0,0,110,0,110,0,2,160,0,162,180,0,180,342
11/22/2007,MLB,FL,ASO,ES,Federal Contract Tower,4,7,11,2,24,0,0,46,0,46,4,7,57,2,70,50,0,50,120
11/23/2007,MLB,FL,ASO,ES,Federal Contract Tower,4,7,81,0,92,0,8,72,0,80,4,15,153,0,172,32,0,32,204
11/24/2007,MLB,FL,ASO,ES,Federal Contract Tower,7,8,59,0,74,0,0,184,0,184,7,8,243,0,258,28,0,28,286
11/25/2007,MLB,FL,ASO,ES,Federal Contract Tower,4,9,63,0,76,0,0,118,0,118,4,9,181,0,194,102,0,102,296
11/26/2007,MLB,FL,ASO,ES,Federal Contract Tower,7,7,100,0,114,0,0,195,0,195,7,7,295,0,309,265,0,265,574
11/27/2007,MLB,FL,ASO,ES,Federal Contract Tower,6,7,62,0,75,0,3,200,0,203,6,10,262,0,278,254,0,254,532
11/28/2007,MLB,FL,ASO,ES,Federal Contract Tower,0,0,111,0,111,0,0,55,0,55,0,0,166,0,166,200,0,200,366
11/29/2007,MLB,FL,ASO,ES,Federal Contract Tower,6,15,79,0,100,0,0,188,1,189,6,15,267,1,289,210,0,210,499
11/30/2007,MLB,FL,ASO,ES,Federal Contract Tower,8,8,75,0,91,0,0,146,0,146,8,8,221,0,237,213,0,213,450
12/01/2007,MLB,FL,ASO,ES,Federal Contract Tower,6,9,69,0,84,0,0,226,2,228,6,9,295,2,312,300,0,300,612
12/02/2007,MLB,FL,ASO,ES,Federal Contract Tower,10,6,61,0,77,0,0,170,0,170,10,6,231,0,247,112,0,112,359
12/03/2007,MLB,FL,ASO,ES,Federal Contract Tower,11,10,83,4,108,0,0,213,0,213,11,10,296,4,321,268,6,274,595
12/04/2007,MLB,FL,ASO,ES,Federal Contract Tower,10,6,97,10,123,0,0,329,0,329,10,6,426,10,452,262,0,262,714
12/05/2007,MLB,FL,ASO,ES,Federal Contract Tower,0,0,81,0,81,0,0,158,4,162,0,0,239,4,243,378,0,378,621
12/06/2007,MLB,FL,ASO,ES,Federal Contract Tower,11,15,87,0,113,0,0,169,0,169,11,15,256,0,282,152,0,152,434
12/07/2007,MLB,FL,ASO,ES,Federal Contract Tower,9,8,77,0,94,0,0,262,2,264,9,8,339,2,358,212,0,212,570
12/08/2007,MLB,FL,ASO,ES,Federal Contract Tower,7,9,48,0,64,0,0,228,0,228,7,9,276,0,292,204,0,204,496
12/09/2007,MLB,FL,ASO,ES,Federal Contract Tower,9,7,51,0,67,0,0,151,0,151,9,7,202,0,218,166,0,166,384
12/10/2007,MLB,FL,ASO,ES,Federal Contract Tower,12,9,96,1,118,0,0,137,0,137,12,9,233,1,255,138,0,138,393
12/11/2007,MLB,FL,ASO,ES,Federal Contract Tower,10,4,123,0,137,0,4,201,0,205,10,8,324,0,342,132,0,132,474
12/12/2007,MLB,FL,ASO,ES,Federal Contract Tower,0,0,84,11,95,0,0,115,1,116,0,0,199,12,211,144,0,144,355
12/13/2007,MLB,FL,ASO,ES,Federal Contract Tower,10,8,128,1,147,0,0,195,0,195,10,8,323,1,342,134,0,134,476
12/14/2007,MLB,FL,ASO,ES,Federal Contract Tower,6,7,143,6,162,0,2,44,0,46,6,9,187,6,208,33,0,33,241
12/15/2007,MLB,FL,ASO,ES,Federal Contract Tower,4,11,65,0,80,0,0,71,0,71,4,11,136,0,151,66,0,66,217
12/16/2007,MLB,FL,ASO,ES,Federal Contract Tower,7,4,38,0,49,0,0,27,1,28,7,4,65,1,77,14,0,14,91
12/17/2007,MLB,FL,ASO,ES,Federal Contract Tower,8,10,112,4,134,0,0,116,0,116,8,10,228,4,250,116,0,116,366
12/18/2007,MLB,FL,ASO,ES,Federal Contract Tower,6,3,112,0,121,0,0,229,4,233,6,3,341,4,354,178,14,192,546
12/19/2007,MLB,FL,ASO,ES,Federal Contract Tower,0,1,97,0,98,0,0,108,0,108,0,1,205,0,206,224,2,226,432
12/20/2007,MLB,FL,ASO,ES,Federal Contract Tower,11,7,80,4,102,0,0,160,0,160,11,7,240,4,262,200,2,202,464
12/21/2007,MLB,FL,ASO,ES,Federal Contract Tower,5,10,65,5,85,0,0,110,0,110,5,10,175,5,195,46,0,46,241
12/22/2007,MLB,FL,ASO,ES,Federal Contract Tower,7,8,84,0,99,0,0,49,0,49,7,8,133,0,148,30,0,30,178
12/23/2007,MLB,FL,ASO,ES,Federal Contract Tower,10,8,47,1,66,0,0,97,0,97,10,8,144,1,163,96,0,96,259
12/24/2007,MLB,FL,ASO,ES,Federal Contract Tower,6,14,25,0,45,0,0,38,0,38,6,14,63,0,83,38,0,38,121
12/25/2007,MLB,FL,ASO,ES,Federal Contract Tower,5,5,16,0,26,0,3,5,0,8,5,8,21,0,34,0,0,0,34
12/26/2007,MLB,FL,ASO,ES,Federal Contract Tower,0,0,21,0,21,0,0,0,0,0,0,0,21,0,21,2,0,2,23
12/27/2007,MLB,FL,ASO,ES,Federal Contract Tower,10,12,45,0,67,0,0,159,0,159,10,12,204,0,226,130,0,130,356
12/28/2007,MLB,FL,ASO,ES,Federal Contract Tower,14,5,83,0,102,0,0,144,0,144,14,5,227,0,246,106,0,106,352
12/29/2007,MLB,FL,ASO,ES,Federal Contract Tower,7,8,59,1,75,0,0,173,0,173,7,8,232,1,248,88,0,88,336
12/30/2007,MLB,FL,ASO,ES,Federal Contract Tower,7,11,29,0,47,0,0,72,0,72,7,11,101,0,119,108,0,108,227
12/31/2007,MLB,FL,ASO,ES,Federal Contract Tower,3,8,40,1,52,0,0,83,0,83,3,8,123,1,135,98,0,98,233
01/01/2008,MLB,FL,ASO,ES,Federal Contract Tower,2,11,47,0,60,0,0,10,0,10,2,11,57,0,70,0,0,0,70
01/02/2008,MLB,FL,ASO,ES,Federal Contract Tower,5,15,50,0,70,0,6,73,0,79,5,21,123,0,149,26,0,26,175
01/03/2008,MLB,FL,ASO,ES,Federal Contract Tower,10,15,29,6,60,0,0,44,2,46,10,15,73,8,106,12,4,16,122
01/04/2008,MLB,FL,ASO,ES,Federal Contract Tower,8,9,80,0,97,0,0,127,0,127,8,9,207,0,224,60,0,60,284
01/05/2008,MLB,FL,ASO,ES,Federal Contract Tower,4,10,112,0,126,0,0,100,0,100,4,10,212,0,226,90,0,90,316
01/06/2008,MLB,FL,ASO,ES,Federal Contract Tower,9,7,67,0,83,0,0,131,0,131,9,7,198,0,214,128,0,128,342
01/07/2008,MLB,FL,ASO,ES,Federal Contract Tower,12,9,89,8,118,0,9,58,0,67,12,18,147,8,185,34,20,54,239
01/08/2008,MLB,FL,ASO,ES,Federal Contract Tower,12,8,77,4,101,0,2,212,0,214,12,10,289,4,315,176,2,178,493
01/09/2008,MLB,FL,ASO,ES,Federal Contract Tower,0,0,52,0,52,0,0,244,0,244,0,0,296,0,296,262,0,262,558
01/10/2008,MLB,FL,ASO,ES,Federal Contract Tower,13,7,83,0,103,0,0,238,4,242,13,7,321,4,345,270,0,270,615
01/11/2008,MLB,FL,ASO,ES,Federal Contract Tower,9,8,83,0,100,0,0,205,0,205,9,8,288,0,305,256,0,256,561
01/12/2008,MLB,FL,ASO,ES,Federal Contract Tower,7,7,43,0,57,0,0,237,1,238,7,7,280,1,295,174,2,176,471
01/13/2008,MLB,FL,ASO,ES,Federal Contract Tower,9,6,47,0,62,0,0,22,0,22,9,6,69,0,84,22,0,22,106
01/14/2008,MLB,FL,ASO,ES,Federal Contract Tower,10,4,81,0,95,0,0,233,0,233,10,4,314,0,328,278,0,278,606
01/15/2008,MLB,FL,ASO,ES,Federal Contract Tower,8,7,101,0,116,0,2,244,8,254,8,9,345,8,370,170,0,170,540
01/16/2008,MLB,FL,ASO,ES,Federal Contract Tower,6,11,74,0,91,0,0,218,0,218,6,11,292,0,309,230,0,230,539
01/17/2008,MLB,FL,ASO,ES,Federal Contract Tower,12,10,87,0,109,0,0,44,0,44,12,10,131,0,153,40,0,40,193
01/18/2008,MLB,FL,ASO,ES,Federal Contract Tower,12,8,154,4,178,0,0,0,0,0,12,8,154,4,178,1,0,1,179
01/19/2008,MLB,FL,ASO,ES,Federal Contract Tower,4,5,38,21,68,0,0,48,0,48,4,5,86,21,116,58,0,58,174
01/20/2008,MLB,FL,ASO,ES,Federal Contract Tower,5,7,33,0,45,0,0,55,0,55,5,7,88,0,100,56,0,56,156
01/21/2008,MLB,FL,ASO,ES,Federal Contract Tower,10,12,73,0,95,0,0,132,0,132,10,12,205,0,227,132,0,132,359
01/22/2008,MLB,FL,ASO,ES,Federal Contract Tower,5,7,83,6,101,0,6,284,0,290,5,13,367,6,391,334,2,336,727
01/23/2008,MLB,FL,ASO,ES,Federal Contract Tower,0,0,75,0,75,0,0,141,0,141,0,0,216,0,216,132,1,133,349
01/24/2008,MLB,FL,ASO,ES,Federal Contract Tower,9,5,131,4,149,0,0,112,7,119,9,5,243,11,268,183,0,183,451
01/25/2008,MLB,FL,ASO,ES,Federal Contract Tower,8,12,99,0,119,0,0,175,8,183,8,12,274,8,302,238,0,238,540
01/26/2008,MLB,FL,ASO,ES,Federal Contract Tower,5,2,102,0,109,0,0,298,1,299,5,2,400,1,408,280,0,280,688
01/27/2008,MLB,FL,ASO,ES,Federal Contract Tower,9,3,53,3,68,0,2,69,0,71,9,5,122,3,139,36,0,36,175
01/28/2008,MLB,FL,ASO,ES,Federal Contract Tower,12,4,99,0,115,0,0,287,0,287,12,4,386,0,402,300,0,300,702
01/29/2008,MLB,FL,ASO,ES,Federal Contract Tower,8,11,85,0,104,0,0,290,4,294,8,11,375,4,398,246,0,246,644
01/30/2008,MLB,FL,ASO,ES,Federal Contract Tower,0,2,58,0,60,0,0,227,0,227,0,2,285,0,287,286,0,286,573
01/31/2008,MLB,FL,ASO,ES,Federal Contract Tower,13,7,111,0,131,0,0,249,0,249,13,7,360,0,380,246,0,246,626
02/01/2008,MLB,FL,ASO,ES,Federal Contract Tower,9,8,77,10,104,0,0,202,0,202,9,8,279,10,306,218,0,218,524
02/02/2008,MLB,FL,ASO,ES,Federal Contract Tower,6,4,59,0,69,0,0,315,2,317,6,4,374,2,386,196,4,200,586
02/03/2008,MLB,FL,ASO,ES,Federal Contract Tower,10,8,23,0,41,0,0,153,0,153,10,8,176,0,194,174,0,174,368
02/04/2008,MLB,FL,ASO,ES,Federal Contract Tower,11,9,86,6,112,0,0,142,0,142,11,9,228,6,254,133,6,139,393
02/05/2008,MLB,FL,ASO,ES,Federal Contract Tower,9,6,57,6,78,0,3,159,0,162,9,9,216,6,240,150,4,154,394
02/06/2008,MLB,FL,ASO,ES,Federal Contract Tower,0,5,79,0,84,0,0,80,0,80,0,5,159,0,164,184,0,184,348
02/07/2008,MLB,FL,ASO,ES,Federal Contract Tower,13,10,62,0,85,0,0,68,0,68,13,10,130,0,153,102,0,102,255
02/08/2008,MLB,FL,ASO,ES,Federal Contract Tower,9,9,103,0,121,0,0,131,0,131,9,9,234,0,252,104,0,104,356
02/09/2008,MLB,FL,ASO,ES,Federal Contract Tower,7,11,60,0,78,0,0,117,0,117,7,11,177,0,195,50,0,50,245
02/10/2008,MLB,FL,ASO,ES,Federal Contract Tower,8,5,58,0,71,0,0,116,0,116,8,5,174,0,187,120,0,120,307
02/11/2008,MLB,FL,ASO,ES,Federal Contract Tower,12,7,142,4,165,0,0,184,0,184,12,7,326,4,349,286,8,294,643
02/12/2008,MLB,FL,ASO,ES,Federal Contract Tower,11,14,49,4,78,0,0,86,0,86,11,14,135,4,164,68,0,68,232
02/13/2008,MLB,FL,ASO,ES,Federal Contract Tower,0,0,24,0,24,0,0,0,0,0,0,0,24,0,24,30,6,36,60
02/14/2008,MLB,FL,ASO,ES,Federal Contract Tower,10,9,270,8,297,0,0,118,0,118,10,9,388,8,415,329,2,331,746
02/15/2008,MLB,FL,ASO,ES,Federal Contract Tower,9,11,88,11,119,0,6,339,0,345,9,17,427,11,464,318,0,318,782
02/16/2008,MLB,FL,ASO,ES,Federal Contract Tower,9,13,92,0,114,0,0,332,0,332,9,13,424,0,446,260,0,260,706
02/17/2008,MLB,FL,ASO,ES,Federal Contract Tower,7,11,174,0,192,0,0,72,0,72,7,11,246,0,264,44,0,44,308
02/18/2008,MLB,FL,ASO,ES,Federal Contract Tower,10,8,54,0,72,0,0,44,0,44,10,8,98,0,116,40,0,40,156
02/19/2008,MLB,FL,ASO,ES,Federal Contract Tower,8,8,87,0,103,0,0,281,0,281,8,8,368,0,384,360,0,360,744
02/20/2008,MLB,FL,ASO,ES,Federal Contract Tower,0,0,125,0,125,0,0,171,0,171,0,0,296,0,296,296,0,296,592
02/21/2008,MLB,FL,ASO,ES,Federal Contract Tower,8,9,100,0,117,0,0,192,0,192,8,9,292,0,309,254,0,254,563
02/22/2008,MLB,FL,ASO,ES,Federal Contract Tower,9,13,138,1,161,0,0,240,0,240,9,13,378,1,401,182,0,182,583
02/23/2008,MLB,FL,ASO,ES,Federal Contract Tower,6,13,42,0,61,0,0,62,0,62,6,13,104,0,123,52,0,52,175
02/24/2008,MLB,FL,ASO,ES,Federal Contract Tower,9,7,50,0,66,0,0,73,0,73,9,7,123,0,139,38,0,38,177
02/25/2008,MLB,FL,ASO,ES,Federal Contract Tower,11,11,111,0,133,0,0,217,0,217,11,11,328,0,350,242,0,242,592
02/26/2008,MLB,FL,ASO,ES,Federal Contract Tower,7,14,40,8,69,0,0,75,14,89,7,14,115,22,158,52,0,52,210
02/27/2008,MLB,FL,ASO,ES,Federal Contract Tower,0,0,67,1,68,0,0,111,5,116,0,0,178,6,184,146,0,146,330
02/28/2008,MLB,FL,ASO,ES,Federal Contract Tower,7,13,100,2,122,0,2,245,0,247,7,15,345,2,369,230,6,236,605
02/29/2008,MLB,FL,ASO,ES,Federal Contract Tower,7,12,133,0,152,0,2,274,0,276,7,14,407,0,428,296,0,296,724
03/01/2008,MLB,FL,ASO,ES,Federal Contract Tower,7,16,70,6,99,0,9,211,4,224,7,25,281,10,323,106,8,114,437
03/02/2008,MLB,FL,ASO,ES,Federal Contract Tower,13,7,43,0,63,0,0,199,0,199,13,7,242,0,262,134,0,134,396
03/03/2008,MLB,FL,ASO,ES,Federal Contract Tower,9,2,120,4,135,0,0,154,0,154,9,2,274,4,289,141,2,143,432
03/04/2008,MLB,FL,ASO,ES,Federal Contract Tower,11,5,53,6,75,0,3,88,0,91,11,8,141,6,166,76,0,76,242
03/05/2008,MLB,FL,ASO,ES,Federal Contract Tower,0,0,79,2,81,0,0,106,1,107,0,0,185,3,188,160,0,160,348
03/06/2008,MLB,FL,ASO,ES,Federal Contract Tower,12,7,80,3,102,0,1,142,1,144,12,8,222,4,246,125,0,125,371
03/07/2008,MLB,FL,ASO,ES,Federal Contract Tower,14,9,44,0,67,0,3,41,1,45,14,12,85,1,112,0,0,0,112
03/08/2008,MLB,FL,ASO,ES,Federal Contract Tower,9,8,25,0,42,0,1,12,0,13,9,9,37,0,55,6,0,6,61
03/09/2008,MLB,FL,ASO,ES,Federal Contract Tower,14,5,50,0,69,0,0,137,1,138,14,5,187,1,207,46,0,46,253
03/10/2008,MLB,FL,ASO,ES,Federal Contract Tower,10,5,67,0,82,0,0,199,0,199,10,5,266,0,281,192,0,192,473
03/11/2008,MLB,FL,ASO,ES,Federal Contract Tower,9,7,116,3,135,0,0,201,2,203,9,7,317,5,338,230,0,230,568
03/12/2008,MLB,FL,ASO,ES,Federal Contract Tower,0,2,98,0,100,0,0,82,0,82,0,2,180,0,182,362,0,362,544
03/13/2008,MLB,FL,ASO,ES,Federal Contract Tower,12,9,111,0,132,0,0,260,0,260,12,9,371,0,392,266,0,266,658
03/14/2008,MLB,FL,ASO,ES,Federal Contract Tower,14,8,90,0,112,0,1,212,0,213,14,9,302,0,325,234,0,234,559
03/15/2008,MLB,FL,ASO,ES,Federal Contract Tower,12,14,28,0,54,0,0,183,0,183,12,14,211,0,237,92,0,92,329
03/16/2008,MLB,FL,ASO,ES,Federal Contract Tower,14,3,55,0,72,0,0,89,0,89,14,3,144,0,161,58,0,58,219
03/17/2008,MLB,FL,ASO,ES,Federal Contract Tower,13,10,115,0,138,0,0,197,0,197,13,10,312,0,335,248,0,248,583
03/18/2008,MLB,FL,ASO,ES,Federal Contract Tower,12,5,96,6,119,0,3,162,4,169,12,8,258,10,288,150,2,152,440
03/19/2008,MLB,FL,ASO,ES,Federal Contract Tower,0,0,51,0,51,0,0,81,0,81,0,0,132,0,132,92,0,92,224
03/20/2008,MLB,FL,ASO,ES,Federal Contract Tower,14,8,83,0,105,0,0,110,0,110,14,8,193,0,215,78,0,78,293
03/21/2008,MLB,FL,ASO,ES,Federal Contract Tower,14,7,120,0,141,0,3,264,0,267,14,10,384,0,408,274,0,274,682
03/22/2008,MLB,FL,ASO,ES,Federal Contract Tower,12,6,82,0,100,0,0,138,0,138,12,6,220,0,238,278,0,278,516
03/23/2008,MLB,FL,ASO,ES,Federal Contract Tower,14,2,57,0,73,0,0,96,0,96,14,2,153,0,169,66,0,66,235
03/24/2008,MLB,FL,ASO,ES,Federal Contract Tower,15,13,104,6,138,0,0,94,0,94,15,13,198,6,232,78,6,84,316
03/25/2008,MLB,FL,ASO,ES,Federal Contract Tower,9,13,103,0,125,0,7,243,0,250,9,20,346,0,375,220,0,220,595
03/26/2008,MLB,FL,ASO,ES,Federal Contract Tower,0,8,114,0,122,0,0,158,1,159,0,8,272,1,281,220,0,220,501
03/27/2008,MLB,FL,ASO,ES,Federal Contract Tower,10,9,126,1,146,0,0,260,0,260,10,9,386,1,406,292,0,292,698
03/28/2008,MLB,FL,ASO,ES,Federal Contract Tower,14,11,112,2,139,0,8,250,0,258,14,19,362,2,397,280,0,280,677
03/29/2008,MLB,FL,ASO,ES,Federal Contract Tower,11,6,79,0,96,0,7,160,0,167,11,13,239,0,263,136,0,136,399
03/30/2008,MLB,FL,ASO,ES,Federal Contract Tower,12,3,48,0,63,0,0,86,0,86,12,3,134,0,149,76,0,76,225
03/31/2008,MLB,FL,ASO,ES,Federal Contract Tower,11,7,86,4,108,0,4,115,0,119,11,11,201,4,227,174,0,174,401
04/01/2008,MLB,FL,ASO,ES,Federal Contract Tower,11,13,43,4,71,0,6,117,0,123,11,19,160,4,194,90,0,90,284
04/02/2008,MLB,FL,ASO,ES,Federal Contract Tower,0,4,110,1,115,0,0,92,1,93,0,4,202,2,208,224,0,224,432
04/03/2008,MLB,FL,ASO,ES,Federal Contract Tower,13,12,75,5,105,0,0,123,0,123,13,12,198,5,228,186,2,188,416
04/04/2008,MLB,FL,ASO,ES,Federal Contract Tower,8,10,134,8,160,0,10,219,8,237,8,20,353,16,397,254,8,262,659
04/05/2008,MLB,FL,ASO,ES,Federal Contract Tower,10,12,53,2,77,0,0,119,0,119,10,12,172,2,196,96,0,96,292
04/06/2008,MLB,FL,ASO,ES,Federal Contract Tower,13,5,23,0,41,0,0,74,0,74,13,5,97,0,115,130,0,130,245
04/07/2008,MLB,FL,ASO,ES,Federal Contract Tower,12,7,115,0,134,0,0,86,0,86,12,7,201,0,220,172,0,172,392
04/08/2008,MLB,FL,ASO,ES,Federal Contract Tower,8,6,108,2,124,0,5,138,0,143,8,11,246,2,267,214,0,214,481
04/09/2008,MLB,FL,ASO,ES,Federal Contract Tower,10,9,118,8,145,0,0,264,0,264,10,9,382,8,409,364,4,368,777
04/10/2008,MLB,FL,ASO,ES,Federal Contract Tower,10,10,96,4,120,0,8,279,0,287,10,18,375,4,407,344,0,344,751
04/11/2008,MLB,FL,ASO,ES,Federal Contract Tower,9,9,87,0,105,0,9,268,0,277,9,18,355,0,382,234,0,234,616
04/12/2008,MLB,FL,ASO,ES,Federal Contract Tower,7,9,45,0,61,0,5,165,0,170,7,14,210,0,231,134,0,134,365
04/13/2008,MLB,FL,ASO,ES,Federal Contract Tower,12,7,123,0,142,0,0,5,0,5,12,7,128,0,147,62,0,62,209
04/14/2008,MLB,FL,ASO,ES,Federal Contract Tower,13,6,125,2,146,0,0,205,0,205,13,6,330,2,351,254,0,254,605
04/15/2008,MLB,FL,ASO,ES,Federal Contract Tower,10,8,72,2,92,0,4,147,15,166,10,12,219,17,258,88,8,96,354
04/16/2008,MLB,FL,ASO,ES,Federal Contract Tower,0,1,54,0,55,0,0,52,0,52,0,1,106,0,107,24,0,24,131
04/17/2008,MLB,FL,ASO,ES,Federal Contract Tower,10,8,108,0,126,0,0,278,0,278,10,8,386,0,404,308,0,308,712
04/18/2008,MLB,FL,ASO,ES,Federal Contract Tower,12,8,127,1,148,0,11,289,7,307,12,19,416,8,455,234,2,236,691
04/19/2008,MLB,FL,ASO,ES,Federal Contract Tower,7,5,2,2,16,0,3,292,0,295,7,8,294,2,311,310,0,310,621
04/20/2008,MLB,FL,ASO,ES,Federal Contract Tower,12,3,64,0,79,0,0,110,0,110,12,3,174,0,189,90,0,90,279
04/21/2008,MLB,FL,ASO,ES,Federal Contract Tower,11,7,103,1,122,0,0,226,0,226,11,7,329,1,348,304,0,304,652
04/22/2008,MLB,FL,ASO,ES,Federal Contract Tower,7,11,105,2,125,0,6,246,0,252,7,17,351,2,377,450,0,450,827
04/23/2008,MLB,FL,ASO,ES,Federal Contract Tower,0,2,50,0,52,0,0,101,0,101,0,2,151,0,153,176,0,176,329
04/24/2008,MLB,FL,ASO,ES,Federal Contract Tower,12,11,134,2,159,0,0,269,0,269,12,11,403,2,428,438,0,438,866
04/25/2008,MLB,FL,ASO,ES,Federal Contract Tower,9,12,99,2,122,0,6,268,1,275,9,18,367,3,397,372,0,372,769
04/26/2008,MLB,FL,ASO,ES,Federal Contract Tower,7,9,53,0,69,0,5,255,0,260,7,14,308,0,329,226,0,226,555
04/27/2008,MLB,FL,ASO,ES,Federal Contract Tower,11,6,44,2,63,0,0,143,0,143,11,6,187,2,206,224,0,224,430
04/28/2008,MLB,FL,ASO,ES,Federal Contract Tower,12,5,50,0,67,0,0,115,0,115,12,5,165,0,182,118,0,118,300
04/29/2008,MLB,FL,ASO,ES,Federal Contract Tower,10,15,133,4,162,0,2,151,0,153,10,17,284,4,315,167,0,167,482
04/30/2008,MLB,FL,ASO,ES,Federal Contract Tower,0,4,101,2,107,0,0,112,4,116,0,4,213,6,223,148,1,149,372
05/01/2008,MLB,FL,ASO,ES,Federal Contract Tower,8,9,101,0,118,0,0,178,0,178,8,9,279,0,296,240,0,240,536
05/02/2008,MLB,FL,ASO,ES,Federal Contract Tower,9,7,108,11,135,0,2,195,0,197,9,9,303,11,332,192,10,202,534
05/03/2008,MLB,FL,ASO,ES,Federal Contract Tower,5,8,41,0,54,0,4,95,4,103,5,12,136,4,157,92,0,92,249
05/04/2008,MLB,FL,ASO,ES,Federal Contract Tower,7,8,39,3,57,0,0,75,0,75,7,8,114,3,132,48,0,48,180
05/05/2008,MLB,FL,ASO,ES,Federal Contract Tower,10,4,81,1,96,0,0,141,0,141,10,4,222,1,237,88,0,88,325
05/06/2008,MLB,FL,ASO,ES,Federal Contract Tower,7,5,124,0,136,0,6,185,0,191,7,11,309,0,327,128,4,132,459
05/07/2008,MLB,FL,ASO,ES,Federal Contract Tower,0,0,109,0,109,0,0,41,1,42,0,0,150,1,151,214,0,214,365
05/08/2008,MLB,FL,ASO,ES,Federal Contract Tower,11,8,90,0,109,0,0,167,0,167,11,8,257,0,276,98,0,98,374
05/09/2008,MLB,FL,ASO,ES,Federal Contract Tower,10,7,123,1,141,0,1,96,0,97,10,8,219,1,238,154,0,154,392
05/10/2008,MLB,FL,ASO,ES,Federal Contract Tower,4,8,57,0,69,0,7,147,0,154,4,15,204,0,223,120,0,120,343
05/11/2008,MLB,FL,ASO,ES,Federal Contract Tower,6,6,22,0,34,0,0,30,0,30,6,6,52,0,64,10,0,10,74
05/12/2008,MLB,FL,ASO,ES,Federal Contract Tower,14,7,125,5,151,0,0,121,0,121,14,7,246,5,272,142,0,142,414
05/13/2008,MLB,FL,ASO,ES,Federal Contract Tower,10,7,88,2,107,0,7,204,10,221,10,14,292,12,328,184,0,184,512
05/14/2008,MLB,FL,ASO,ES,Federal Contract Tower,12,9,76,3,100,0,0,232,0,232,12,9,308,3,332,274,13,287,619
05/15/2008,MLB,FL,ASO,ES,Federal Contract Tower,9,9,85,6,109,0,0,209,0,209,9,9,294,6,318,210,0,210,528
05/16/2008,MLB,FL,ASO,ES,Federal Contract Tower,13,7,107,1,128,0,2,166,0,168,13,9,273,1,296,224,0,224,520
05/17/2008,MLB,FL,ASO,ES,Federal Contract Tower,6,5,44,0,55,0,6,74,0,80,6,11,118,0,135,44,0,44,179
05/18/2008,MLB,FL,ASO,ES,Federal Contract Tower,0,4,30,0,34,0,0,0,0,0,0,4,30,0,34,14,0,14,48
05/19/2008,MLB,FL,ASO,ES,Federal Contract Tower,13,6,55,0,74,0,0,62,0,62,13,6,117,0,136,98,0,98,234
05/20/2008,MLB,FL,ASO,ES,Federal Contract Tower,7,9,72,0,88,0,4,100,0,104,7,13,172,0,192,136,0,136,328
05/21/2008,MLB,FL,ASO,ES,Federal Contract Tower,0,6,78,0,84,0,0,65,0,65,0,6,143,0,149,194,0,194,343
05/22/2008,MLB,FL,ASO,ES,Federal Contract Tower,9,9,52,0,70,0,0,105,0,105,9,9,157,0,175,94,0,94,269
05/23/2008,MLB,FL,ASO,ES,Federal Contract Tower,13,8,74,2,97,0,3,183,0,186,13,11,257,2,283,220,0,220,503
05/24/2008,MLB,FL,ASO,ES,Federal Contract Tower,6,4,48,0,58,0,2,111,0,113,6,6,159,0,171,82,0,82,253
05/25/2008,MLB,FL,ASO,ES,Federal Contract Tower,7,7,46,0,60,0,5,63,0,68,7,12,109,0,128,84,0,84,212
05/26/2008,MLB,FL,ASO,ES,Federal Contract Tower,13,7,44,0,64,0,0,140,0,140,13,7,184,0,204,160,0,160,364
05/27/2008,MLB,FL,ASO,ES,Federal Contract Tower,6,15,138,4,163,0,7,174,0,181,6,22,312,4,344,238,6,244,588
05/28/2008,MLB,FL,ASO,ES,Federal Contract Tower,0,2,93,0,95,0,0,136,0,136,0,2,229,0,231,176,0,176,407
05/29/2008,MLB,FL,ASO,ES,Federal Contract Tower,10,10,115,1,136,0,0,213,0,213,10,10,328,1,349,232,0,232,581
05/30/2008,MLB,FL,ASO,ES,Federal Contract Tower,12,10,131,0,153,0,0,221,0,221,12,10,352,0,374,338,0,338,712
05/31/2008,MLB,FL,ASO,ES,Federal Contract Tower,5,14,42,0,61,0,0,47,0,47,5,14,89,0,108,0,0,0,108
06/01/2008,MLB,FL,ASO,ES,Federal Contract Tower,8,16,67,0,91,0,0,95,0,95,8,16,162,0,186,60,0,60,246
06/02/2008,MLB,FL,ASO,ES,Federal Contract Tower,10,5,74,0,89,0,0,143,0,143,10,5,217,0,232,114,0,114,346
06/03/2008,MLB,FL,ASO,ES,Federal Contract Tower,8,9,70,0,87,0,0,206,0,206,8,9,276,0,293,314,0,314,607
06/04/2008,MLB,FL,ASO,ES,Federal Contract Tower,12,6,139,4,161,0,0,190,0,190,12,6,329,4,351,228,0,228,579
06/05/2008,MLB,FL,ASO,ES,Federal Contract Tower,7,7,135,6,155,0,0,176,0,176,7,7,311,6,331,258,8,266,597
06/06/2008,MLB,FL,ASO,ES,Federal Contract Tower,7,9,126,0,142,0,0,185,0,185,7,9,311,0,327,172,0,172,499
06/07/2008,MLB,FL,ASO,ES,Federal Contract Tower,3,15,79,2,99,0,6,111,0,117,3,21,190,2,216,54,2,56,272
06/08/2008,MLB,FL,ASO,ES,Federal Contract Tower,4,14,32,0,50,0,1,98,0,99,4,15,130,0,149,62,0,62,211
06/09/2008,MLB,FL,ASO,ES,Federal Contract Tower,6,7,65,11,89,0,0,132,0,132,6,7,197,11,221,102,0,102,323
06/10/2008,MLB,FL,ASO,ES,Federal Contract Tower,5,8,71,0,84,0,5,130,0,135,5,13,201,0,219,68,0,68,287
06/11/2008,MLB,FL,ASO,ES,Federal Contract Tower,0,1,67,0,68,0,0,109,0,109,0,1,176,0,177,237,0,237,414
06/12/2008,MLB,FL,ASO,ES,Federal Contract Tower,6,11,97,0,114,0,0,154,0,154,6,11,251,0,268,168,0,168,436
06/13/2008,MLB,FL,ASO,ES,Federal Contract Tower,8,8,140,0,156,0,3,147,0,150,8,11,287,0,306,154,0,154,460
06/14/2008,MLB,FL,ASO,ES,Federal Contract Tower,6,9,64,9,88,0,0,86,0,86,6,9,150,9,174,74,0,74,248
06/15/2008,MLB,FL,ASO,ES,Federal Contract Tower,4,14,73,0,91,0,0,41,0,41,4,14,114,0,132,116,0,116,248
06/16/2008,MLB,FL,ASO,ES,Federal Contract Tower,7,11,105,0,123,0,0,92,1,93,7,11,197,1,216,81,0,81,297
06/17/2008,MLB,FL,ASO,ES,Federal Contract Tower,4,10,78,0,92,0,1,118,0,119,4,11,196,0,211,108,0,108,319
06/18/2008,MLB,FL,ASO,ES,Federal Contract Tower,0,1,85,0,86,0,0,7,28,35,0,1,92,28,121,102,0,102,223
06/19/2008,MLB,FL,ASO,ES,Federal Contract Tower,4,8,103,0,115,0,2,145,0,147,4,10,248,0,262,174,0,174,436
06/20/2008,MLB,FL,ASO,ES,Federal Contract Tower,6,11,79,0,96,0,0,152,0,152,6,11,231,0,248,188,0,188,436
06/21/2008,MLB,FL,ASO,ES,Federal Contract Tower,5,11,69,0,85,0,0,64,0,64,5,11,133,0,149,52,0,52,201
06/22/2008,MLB,FL,ASO,ES,Federal Contract Tower,4,8,38,0,50,0,0,90,0,90,4,8,128,0,140,100,0,100,240
06/23/2008,MLB,FL,ASO,ES,Federal Contract Tower,6,14,73,0,93,0,7,124,0,131,6,21,197,0,224,86,4,90,314
06/24/2008,MLB,FL,ASO,ES,Federal Contract Tower,4,11,117,0,132,0,0,195,0,195,4,11,312,0,327,196,0,196,523
06/25/2008,MLB,FL,ASO,ES,Federal Contract Tower,0,0,105,0,105,0,0,0,0,0,0,0,105,0,105,32,0,32,137
06/26/2008,MLB,FL,ASO,ES,Federal Contract Tower,5,11,94,0,110,0,0,122,0,122,5,11,216,0,232,63,0,63,295
06/27/2008,MLB,FL,ASO,ES,Federal Contract Tower,7,18,129,6,160,0,2,178,0,180,7,20,307,6,340,102,0,102,442
06/28/2008,MLB,FL,ASO,ES,Federal Contract Tower,5,10,68,0,83,0,0,105,0,105,5,10,173,0,188,105,0,105,293
06/29/2008,MLB,FL,ASO,ES,Federal Contract Tower,3,19,43,0,65,0,0,64,0,64,3,19,107,0,129,8,0,8,137
06/30/2008,MLB,FL,ASO,ES,Federal Contract Tower,10,10,91,0,111,0,7,134,0,141,10,17,225,0,252,130,0,130,382
07/01/2008,MLB,FL,ASO,ES,Federal Contract Tower,4,10,81,5,100,0,0,158,0,158,4,10,239,5,258,164,0,164,422
07/02/2008,MLB,FL,ASO,ES,Federal Contract Tower,13,10,89,0,112,0,0,130,1,131,13,10,219,1,243,128,0,128,371
07/03/2008,MLB,FL,ASO,ES,Federal Contract Tower,5,12,94,2,113,0,2,135,0,137,5,14,229,2,250,148,0,148,398
07/04/2008,MLB,FL,ASO,ES,Federal Contract Tower,5,14,54,0,73,0,3,99,0,102,5,17,153,0,175,122,0,122,297
07/05/2008,MLB,FL,ASO,ES,Federal Contract Tower,4,8,42,0,54,0,11,120,0,131,4,19,162,0,185,82,0,82,267
07/06/2008,MLB,FL,ASO,ES,Federal Contract Tower,6,8,49,0,63,0,2,83,0,85,6,10,132,0,148,32,0,32,180
07/07/2008,MLB,FL,ASO,ES,Federal Contract Tower,6,14,72,0,92,0,2,104,0,106,6,16,176,0,198,146,0,146,344
07/08/2008,MLB,FL,ASO,ES,Federal Contract Tower,4,10,80,8,102,0,1,93,0,94,4,11,173,8,196,116,10,126,322
07/09/2008,MLB,FL,ASO,ES,Federal Contract Tower,6,8,97,1,112,0,0,191,0,191,6,8,288,1,303,246,0,246,549
07/10/2008,MLB,FL,ASO,ES,Federal Contract Tower,7,14,115,6,142,0,7,173,0,180,7,21,288,6,322,240,0,240,562
07/11/2008,MLB,FL,ASO,ES,Federal Contract Tower,5,16,85,0,106,0,3,154,0,157,5,19,239,0,263,178,0,178,441
07/12/2008,MLB,FL,ASO,ES,Federal Contract Tower,5,8,67,0,80,0,0,98,2,100,5,8,165,2,180,90,0,90,270
07/13/2008,MLB,FL,ASO,ES,Federal Contract Tower,2,7,25,2,36,0,4,39,0,43,2,11,64,2,79,44,0,44,123
07/14/2008,MLB,FL,ASO,ES,Federal Contract Tower,7,12,71,4,94,0,0,99,0,99,7,12,170,4,193,196,0,196,389
07/15/2008,MLB,FL,ASO,ES,Federal Contract Tower,5,12,57,10,84,0,1,132,0,133,5,13,189,10,217,162,2,164,381
07/16/2008,MLB,FL,ASO,ES,Federal Contract Tower,6,10,50,0,66,0,0,32,1,33,6,10,82,1,99,34,0,34,133
07/17/2008,MLB,FL,ASO,ES,Federal Contract Tower,4,10,118,0,132,1,0,122,0,123,5,10,240,0,255,124,0,124,379
07/18/2008,MLB,FL,ASO,ES,Federal Contract Tower,6,11,85,2,104,0,3,177,0,180,6,14,262,2,284,164,0,164,448
07/19/2008,MLB,FL,ASO,ES,Federal Contract Tower,5,10,70,0,85,0,6,149,0,155,5,16,219,0,240,108,0,108,348
07/20/2008,MLB,FL,ASO,ES,Federal Contract Tower,4,7,43,0,54,0,3,138,0,141,4,10,181,0,195,28,0,28,223
07/21/2008,MLB,FL,ASO,ES,Federal Contract Tower,8,7,98,0,113,0,3,148,1,152,8,10,246,1,265,170,0,170,435
07/22/2008,MLB,FL,ASO,ES,Federal Contract Tower,4,5,85,2,96,0,0,175,2,177,4,5,260,4,273,180,0,180,453
07/23/2008,MLB,FL,ASO,ES,Federal Contract Tower,9,4,98,4,115,0,0,164,0,164,9,4,262,4,279,172,0,172,451
07/24/2008,MLB,FL,ASO,ES,Federal Contract Tower,3,11,89,0,103,0,3,215,0,218,3,14,304,0,321,244,0,244,565
07/25/2008,MLB,FL,ASO,ES,Federal Contract Tower,7,7,155,1,170,0,11,173,0,184,7,18,328,1,354,218,26,244,598
07/26/2008,MLB,FL,ASO,ES,Federal Contract Tower,6,5,66,0,77,0,4,122,0,126,6,9,188,0,203,54,0,54,257
07/27/2008,MLB,FL,ASO,ES,Federal Contract Tower,3,6,43,0,52,0,6,89,0,95,3,12,132,0,147,38,0,38,185
07/28/2008,MLB,FL,ASO,ES,Federal Contract Tower,5,8,75,0,88,0,4,87,0,91,5,12,162,0,179,198,0,198,377
07/29/2008,MLB,FL,ASO,ES,Federal Contract Tower,3,8,81,3,95,0,3,126,2,131,3,11,207,5,226,136,0,136,362
07/30/2008,MLB,FL,ASO,ES,Federal Contract Tower,11,12,119,0,142,0,2,133,0,135,11,14,252,0,277,173,2,175,452
07/31/2008,MLB,FL,ASO,ES,Federal Contract Tower,4,6,76,6,92,0,0,136,0,136,4,6,212,6,228,117,0,117,345
08/01/2008,MLB,FL,ASO,ES,Federal Contract Tower,3,7,108,5,123,0,4,155,3,162,3,11,263,8,285,164,14,178,463
08/02/2008,MLB,FL,ASO,ES,Federal Contract Tower,3,5,57,5,70,0,2,130,0,132,3,7,187,5,202,118,0,118,320
08/03/2008,MLB,FL,ASO,ES,Federal Contract Tower,5,5,38,0,48,0,8,66,0,74,5,13,104,0,122,60,0,60,182
08/04/2008,MLB,FL,ASO,ES,Federal Contract Tower,3,8,110,3,124,0,6,127,0,133,3,14,237,3,257,170,0,170,427
08/05/2008,MLB,FL,ASO,ES,Federal Contract Tower,3,6,130,1,140,0,5,195,1,201,3,11,325,2,341,306,0,306,647
08/06/2008,MLB,FL,ASO,ES,Federal Contract Tower,6,10,150,0,166,0,0,168,0,168,6,10,318,0,334,234,0,234,568
08/07/2008,MLB,FL,ASO,ES,Federal Contract Tower,4,12,97,9,122,0,1,144,0,145,4,13,241,9,267,164,4,168,435
08/08/2008,MLB,FL,ASO,ES,Federal Contract Tower,4,9,81,0,94,0,8,97,0,105,4,17,178,0,199,88,0,88,287
08/09/2008,MLB,FL,ASO,ES,Federal Contract Tower,4,7,54,0,65,0,0,54,0,54,4,7,108,0,119,40,0,40,159
08/10/2008,MLB,FL,ASO,ES,Federal Contract Tower,4,8,47,0,59,0,0,124,0,124,4,8,171,0,183,32,0,32,215
08/11/2008,MLB,FL,ASO,ES,Federal Contract Tower,5,15,107,0,127,0,4,127,0,131,5,19,234,0,258,132,0,132,390
08/12/2008,MLB,FL,ASO,ES,Federal Contract Tower,4,6,101,16,127,0,5,82,2,89,4,11,183,18,216,158,8,166,382
08/13/2008,MLB,FL,ASO,ES,Federal Contract Tower,8,4,114,0,126,0,1,111,0,112,8,5,225,0,238,88,0,88,326
08/14/2008,MLB,FL,ASO,ES,Federal Contract Tower,4,6,78,2,90,0,4,89,0,93,4,10,167,2,183,198,2,200,383
08/15/2008,MLB,FL,ASO,ES,Federal Contract Tower,7,11,104,0,122,0,4,92,0,96,7,15,196,0,218,96,0,96,314
08/16/2008,MLB,FL,ASO,ES,Federal Contract Tower,4,14,48,0,66,0,6,68,0,74,4,20,116,0,140,28,0,28,168
08/17/2008,MLB,FL,ASO,ES,Federal Contract Tower,4,6,32,0,42,0,0,101,0,101,4,6,133,0,143,32,0,32,175
08/18/2008,MLB,FL,ASO,ES,Federal Contract Tower,5,9,49,1,64,0,0,49,0,49,5,9,98,1,113,60,0,60,173
08/19/2008,MLB,FL,ASO,ES,Federal Contract Tower,1,3,1,0,5,0,0,0,0,0,1,3,1,0,5,0,0,0,5
08/20/2008,MLB,FL,ASO,ES,Federal Contract Tower,2,2,0,0,4,0,0,0,0,0,2,2,0,0,4,0,0,0,4
08/21/2008,MLB,FL,ASO,ES,Federal Contract Tower,1,5,3,2,11,0,0,0,0,0,1,5,3,2,11,0,0,0,11
08/22/2008,MLB,FL,ASO,ES,Federal Contract Tower,2,8,36,10,56,0,0,4,2,6,2,8,40,12,62,16,0,16,78
08/23/2008,MLB,FL,ASO,ES,Federal Contract Tower,2,9,66,0,77,0,7,75,0,82,2,16,141,0,159,134,0,134,293
08/24/2008,MLB,FL,ASO,ES,Federal Contract Tower,3,10,93,0,106,0,3,115,0,118,3,13,208,0,224,16,0,16,240
08/25/2008,MLB,FL,ASO,ES,Federal Contract Tower,3,7,164,0,174,0,0,152,0,152,3,7,316,0,326,168,0,168,494
08/26/2008,MLB,FL,ASO,ES,Federal Contract Tower,1,9,118,14,142,0,0,213,4,217,1,9,331,18,359,230,0,230,589
08/27/2008,MLB,FL,ASO,ES,Federal Contract Tower,4,13,98,0,115,0,6,174,0,180,4,19,272,0,295,146,8,154,449
08/28/2008,MLB,FL,ASO,ES,Federal Contract Tower,2,11,97,1,111,0,3,145,1,149,2,14,242,2,260,138,0,138,398
08/29/2008,MLB,FL,ASO,ES,Federal Contract Tower,2,13,108,2,125,0,1,197,0,198,2,14,305,2,323,212,0,212,535
08/30/2008,MLB,FL,ASO,ES,Federal Contract Tower,1,5,52,0,58,1,5,88,0,94,2,10,140,0,152,88,2,90,242
08/31/2008,MLB,FL,ASO,ES,Federal Contract Tower,2,3,42,0,47,0,7,43,0,50,2,10,85,0,97,92,0,92,189
09/01/2008,MLB,FL,ASO,ES,Federal Contract Tower,1,10,71,2,84,0,9,115,0,124,1,19,186,2,208,194,0,194,402
09/02/2008,MLB,FL,ASO,ES,Federal Contract Tower,4,10,99,0,113,0,5,132,2,139,4,15,231,2,252,282,6,288,540
09/03/2008,MLB,FL,ASO,ES,Federal Contract Tower,5,6,123,0,134,0,11,175,0,186,5,17,298,0,320,246,0,246,566
09/04/2008,MLB,FL,ASO,ES,Federal Contract Tower,3,10,78,2,93,0,0,158,0,158,3,10,236,2,251,188,0,188,439
09/05/2008,MLB,FL,ASO,ES,Federal Contract Tower,2,7,47,0,56,0,1,14,0,15,2,8,61,0,71,0,0,0,71
09/06/2008,MLB,FL,ASO,ES,Federal Contract Tower,2,2,80,0,84,0,9,213,0,222,2,11,293,0,306,196,0,196,502
09/07/2008,MLB,FL,ASO,ES,Federal Contract Tower,2,7,34,0,43,0,2,125,0,127,2,9,159,0,170,70,0,70,240
09/08/2008,MLB,FL,ASO,ES,Federal Contract Tower,3,12,74,0,89,0,3,141,0,144,3,15,215,0,233,122,0,122,355
09/09/2008,MLB,FL,ASO,ES,Federal Contract Tower,3,8,86,0,97,0,3,87,0,90,3,11,173,0,187,68,0,68,255
09/10/2008,MLB,FL,ASO,ES,Federal Contract Tower,6,5,78,0,89,0,3,62,4,69,6,8,140,4,158,80,2,82,240
09/11/2008,MLB,FL,ASO,ES,Federal Contract Tower,2,10,97,0,109,0,5,100,2,107,2,15,197,2,216,104,0,104,320
09/12/2008,MLB,FL,ASO,ES,Federal Contract Tower,2,9,150,0,161,0,5,302,0,307,2,14,452,0,468,296,0,296,764
09/13/2008,MLB,FL,ASO,ES,Federal Contract Tower,3,10,75,0,88,0,3,218,0,221,3,13,293,0,309,216,0,216,525
09/14/2008,MLB,FL,ASO,ES,Federal Contract Tower,1,6,39,2,48,0,3,144,0,147,1,9,183,2,195,92,0,92,287
09/15/2008,MLB,FL,ASO,ES,Federal Contract Tower,2,9,110,6,127,0,4,184,0,188,2,13,294,6,315,200,0,200,515
09/16/2008,MLB,FL,ASO,ES,Federal Contract Tower,3,7,103,10,123,0,2,231,2,235,3,9,334,12,358,268,0,268,626
09/17/2008,MLB,FL,ASO,ES,Federal Contract Tower,4,9,96,3,112,0,9,237,0,246,4,18,333,3,358,152,0,152,510
09/18/2008,MLB,FL,ASO,ES,Federal Contract Tower,4,9,129,6,148,0,0,204,0,204,4,9,333,6,352,266,4,270,622
09/19/2008,MLB,FL,ASO,ES,Federal Contract Tower,2,7,76,0,85,0,3,199,0,202,2,10,275,0,287,148,0,148,435
09/20/2008,MLB,FL,ASO,ES,Federal Contract Tower,4,11,98,0,113,0,9,206,0,215,4,20,304,0,328,170,0,170,498
09/21/2008,MLB,FL,ASO,ES,Federal Contract Tower,4,7,51,0,62,0,5,103,0,108,4,12,154,0,170,56,0,56,226
09/22/2008,MLB,FL,ASO,ES,Federal Contract Tower,3,8,113,0,124,0,6,190,0,196,3,14,303,0,320,268,0,268,588
09/23/2008,MLB,FL,ASO,ES,Federal Contract Tower,7,8,54,20,89,0,1,86,1,88,7,9,140,21,177,62,0,62,239
09/24/2008,MLB,FL,ASO,ES,Federal Contract Tower,9,8,59,0,76,0,3,18,0,21,9,11,77,0,97,30,0,30,127
09/25/2008,MLB,FL,ASO,ES,Federal Contract Tower,3,5,109,7,124,0,3,229,1,233,3,8,338,8,357,232,2,234,591
09/26/2008,MLB,FL,ASO,ES,Federal Contract Tower,3,10,101,0,114,0,7,223,0,230,3,17,324,0,344,164,0,164,508
09/27/2008,MLB,FL,ASO,ES,Federal Contract Tower,7,4,76,0,87,0,6,171,0,177,7,10,247,0,264,270,0,270,534
09/28/2008,MLB,FL,ASO,ES,Federal Contract Tower,4,7,65,0,76,0,5,60,0,65,4,12,125,0,141,32,0,32,173
09/29/2008,MLB,FL,ASO,ES,Federal Contract Tower,5,9,103,3,120,0,3,127,0,130,5,12,230,3,250,238,10,248,498
09/30/2008,MLB,FL,ASO,ES,Federal Contract Tower,6,9,76,0,91,0,6,71,0,77,6,15,147,0,168,26,0,26,194
10/01/2008,MLB,FL,ASO,ES,Federal Contract Tower,7,8,137,1,153,0,6,185,0,191,7,14,322,1,344,226,0,226,570
10/02/2008,MLB,FL,ASO,ES,Federal Contract Tower,6,7,106,1,120,0,8,229,0,237,6,15,335,1,357,347,0,347,704
10/03/2008,MLB,FL,ASO,ES,Federal Contract Tower,5,13,109,0,127,0,4,187,0,191,5,17,296,0,318,276,0,276,594
10/04/2008,MLB,FL,ASO,ES,Federal Contract Tower,8,3,54,0,65,0,0,162,0,162,8,3,216,0,227,218,0,218,445
10/05/2008,MLB,FL,ASO,ES,Federal Contract Tower,4,8,39,0,51,0,3,29,0,32,4,11,68,0,83,30,0,30,113
10/06/2008,MLB,FL,ASO,ES,Federal Contract Tower,5,6,112,0,123,0,2,97,1,100,5,8,209,1,223,187,0,187,410
10/07/2008,MLB,FL,ASO,ES,Federal Contract Tower,8,7,64,2,81,0,0,53,0,53,8,7,117,2,134,42,0,42,176
10/08/2008,MLB,FL,ASO,ES,Federal Contract Tower,11,6,83,0,100,0,2,42,0,44,11,8,125,0,144,38,0,38,182
10/09/2008,MLB,FL,ASO,ES,Federal Contract Tower,8,4,88,0,100,0,2,95,0,97,8,6,183,0,197,129,0,129,326
10/10/2008,MLB,FL,ASO,ES,Federal Contract Tower,9,6,108,0,123,0,3,177,0,180,9,9,285,0,303,268,0,268,571
10/11/2008,MLB,FL,ASO,ES,Federal Contract Tower,11,1,101,0,113,0,6,119,0,125,11,7,220,0,238,102,0,102,340
10/12/2008,MLB,FL,ASO,ES,Federal Contract Tower,10,1,48,0,59,0,10,51,0,61,10,11,99,0,120,34,0,34,154
10/13/2008,MLB,FL,ASO,ES,Federal Contract Tower,7,6,83,0,96,0,2,45,0,47,7,8,128,0,143,34,0,34,177
10/14/2008,MLB,FL,ASO,ES,Federal Contract Tower,10,4,134,8,156,0,7,136,1,144,10,11,270,9,300,170,0,170,470
10/15/2008,MLB,FL,ASO,ES,Federal Contract Tower,11,9,106,4,130,0,3,281,0,284,11,12,387,4,414,276,0,276,690
10/16/2008,MLB,FL,ASO,ES,Federal Contract Tower,6,7,118,0,131,0,12,241,0,253,6,19,359,0,384,368,0,368,752
10/17/2008,MLB,FL,ASO,ES,Federal Contract Tower,10,6,155,0,171,0,3,294,4,301,10,9,449,4,472,270,0,270,742
10/18/2008,MLB,FL,ASO,ES,Federal Contract Tower,11,4,52,0,67,0,8,276,3,287,11,12,328,3,354,162,2,164,518
10/19/2008,MLB,FL,ASO,ES,Federal Contract Tower,11,3,43,0,57,0,3,71,1,75,11,6,114,1,132,32,0,32,164
10/20/2008,MLB,FL,ASO,ES,Federal Contract Tower,10,3,105,0,118,0,3,224,4,231,10,6,329,4,349,356,0,356,705
10/21/2008,MLB,FL,ASO,ES,Federal Contract Tower,8,4,126,6,144,0,3,275,4,282,8,7,401,10,426,282,0,282,708
10/22/2008,MLB,FL,ASO,ES,Federal Contract Tower,11,4,129,0,144,0,10,187,0,197,11,14,316,0,341,295,0,295,636
10/23/2008,MLB,FL,ASO,ES,Federal Contract Tower,8,8,89,2,107,0,2,91,0,93,8,10,180,2,200,104,0,104,304
10/24/2008,MLB,FL,ASO,ES,Federal Contract Tower,8,7,105,0,120,0,3,23,0,26,8,10,128,0,146,12,0,12,158
10/25/2008,MLB,FL,ASO,ES,Federal Contract Tower,10,1,90,0,101,0,1,15,0,16,10,2,105,0,117,16,0,16,133
10/26/2008,MLB,FL,ASO,ES,Federal Contract Tower,8,7,48,0,63,0,9,172,0,181,8,16,220,0,244,96,0,96,340
10/27/2008,MLB,FL,ASO,ES,Federal Contract Tower,6,9,117,0,132,0,3,201,0,204,6,12,318,0,336,256,0,256,592
10/28/2008,MLB,FL,ASO,ES,Federal Contract Tower,11,2,124,1,138,0,0,154,1,155,11,2,278,2,293,106,0,106,399
10/29/2008,MLB,FL,ASO,ES,Federal Contract Tower,13,6,135,2,156,0,4,329,0,333,13,10,464,2,489,315,0,315,804
10/30/2008,MLB,FL,ASO,ES,Federal Contract Tower,7,6,161,17,191,0,5,235,13,253,7,11,396,30,444,268,4,272,716
10/31/2008,MLB,FL,ASO,ES,Federal Contract Tower,4,5,150,2,161,0,5,154,0,159,4,10,304,2,320,130,0,130,450
11/01/2008,MLB,FL,ASO,ES,Federal Contract Tower,7,6,93,2,108,0,1,97,0,98,7,7,190,2,206,137,0,137,343
11/02/2008,MLB,FL,ASO,ES,Federal Contract Tower,4,10,84,0,98,0,3,27,0,30,4,13,111,0,128,16,0,16,144
11/03/2008,MLB,FL,ASO,ES,Federal Contract Tower,3,8,136,0,147,0,4,145,1,150,3,12,281,1,297,134,0,134,431
11/04/2008,MLB,FL,ASO,ES,Federal Contract Tower,4,10,130,11,155,0,4,10,2,16,4,14,140,13,171,30,2,32,203
11/05/2008,MLB,FL,ASO,ES,Federal Contract Tower,7,8,132,3,150,0,0,170,9,179,7,8,302,12,329,224,0,224,553
11/06/2008,MLB,FL,ASO,ES,Federal Contract Tower,6,11,104,2,123,0,3,247,0,250,6,14,351,2,373,290,0,290,663
11/07/2008,MLB,FL,ASO,ES,Federal Contract Tower,4,10,133,0,147,0,2,225,0,227,4,12,358,0,374,299,0,299,673
11/08/2008,MLB,FL,ASO,ES,Federal Contract Tower,4,5,60,0,69,0,2,176,0,178,4,7,236,0,247,206,0,206,453
11/09/2008,MLB,FL,ASO,ES,Federal Contract Tower,4,7,52,0,63,0,2,89,17,108,4,9,141,17,171,52,0,52,223
11/10/2008,MLB,FL,ASO,ES,Federal Contract Tower,6,7,116,0,129,0,2,164,0,166,6,9,280,0,295,216,0,216,511
11/11/2008,MLB,FL,ASO,ES,Federal Contract Tower,4,9,129,1,143,0,4,159,0,163,4,13,288,1,306,215,0,215,521
11/12/2008,MLB,FL,ASO,ES,Federal Contract Tower,8,6,159,0,173,0,1,126,0,127,8,7,285,0,300,116,0,116,416
11/13/2008,MLB,FL,ASO,ES,Federal Contract Tower,5,6,140,2,153,0,8,134,2,144,5,14,274,4,297,180,0,180,477
11/14/2008,MLB,FL,ASO,ES,Federal Contract Tower,5,14,87,0,106,0,7,93,0,100,5,21,180,0,206,100,0,100,306
11/15/2008,MLB,FL,ASO,ES,Federal Contract Tower,5,13,81,1,100,0,11,35,1,47,5,24,116,2,147,18,0,18,165
11/16/2008,MLB,FL,ASO,ES,Federal Contract Tower,3,9,45,0,57,0,4,132,0,136,3,13,177,0,193,86,0,86,279
11/17/2008,MLB,FL,ASO,ES,Federal Contract Tower,6,10,119,0,135,1,1,254,0,256,7,11,373,0,391,296,0,296,687
11/18/2008,MLB,FL,ASO,ES,Federal Contract Tower,5,9,113,5,132,0,7,176,1,184,5,16,289,6,316,100,0,100,416
11/19/2008,MLB,FL,ASO,ES,Federal Contract Tower,9,13,124,2,148,0,5,140,0,145,9,18,264,2,293,138,0,138,431
11/20/2008,MLB,FL,ASO,ES,Federal Contract Tower,4,9,96,5,114,0,0,234,4,238,4,9,330,9,352,244,3,247,599
11/21/2008,MLB,FL,ASO,ES,Federal Contract Tower,5,12,127,0,144,0,3,206,0,209,5,15,333,0,353,165,0,165,518
11/22/2008,MLB,FL,ASO,ES,Federal Contract Tower,6,9,68,0,83,0,4,219,0,223,6,13,287,0,306,192,0,192,498
11/23/2008,MLB,FL,ASO,ES,Federal Contract Tower,5,10,72,0,87,0,3,140,0,143,5,13,212,0,230,32,0,32,262
11/24/2008,MLB,FL,ASO,ES,Federal Contract Tower,8,7,106,13,134,0,2,208,12,222,8,9,314,25,356,249,0,249,605
11/25/2008,MLB,FL,ASO,ES,Federal Contract Tower,7,11,108,0,126,0,13,190,2,205,7,24,298,2,331,184,6,190,521
11/26/2008,MLB,FL,ASO,ES,Federal Contract Tower,9,6,105,0,120,0,0,170,0,170,9,6,275,0,290,132,0,132,422
11/27/2008,MLB,FL,ASO,ES,Federal Contract Tower,5,3,21,0,29,0,0,46,0,46,5,3,67,0,75,50,0,50,125
11/28/2008,MLB,FL,ASO,ES,Federal Contract Tower,6,5,70,0,81,0,3,116,0,119,6,8,186,0,200,78,0,78,278
11/29/2008,MLB,FL,ASO,ES,Federal Contract Tower,7,8,48,0,63,0,1,132,0,133,7,9,180,0,196,60,0,60,256
11/30/2008,MLB,FL,ASO,ES,Federal Contract Tower,8,12,28,0,48,0,2,8,0,10,8,14,36,0,58,4,0,4,62
12/01/2008,MLB,FL,ASO,ES,Federal Contract Tower,6,11,96,1,114,0,0,146,0,146,6,11,242,1,260,141,0,141,401
12/02/2008,MLB,FL,ASO,ES,Federal Contract Tower,3,10,133,5,151,0,4,149,3,156,3,14,282,8,307,120,0,120,427
12/03/2008,MLB,FL,ASO,ES,Federal Contract Tower,6,10,117,0,133,0,0,217,0,217,6,10,334,0,350,202,0,202,552
12/04/2008,MLB,FL,ASO,ES,Federal Contract Tower,6,8,139,0,153,0,5,203,0,208,6,13,342,0,361,299,0,299,660
12/05/2008,MLB,FL,ASO,ES,Federal Contract Tower,5,9,114,2,130,0,2,212,0,214,5,11,326,2,344,206,0,206,550
12/06/2008,MLB,FL,ASO,ES,Federal Contract Tower,3,5,62,0,70,0,3,140,0,143,3,8,202,0,213,90,0,90,303
12/07/2008,MLB,FL,ASO,ES,Federal Contract Tower,5,7,48,2,62,0,2,98,0,100,5,9,146,2,162,72,0,72,234
12/08/2008,MLB,FL,ASO,ES,Federal Contract Tower,6,6,127,8,147,0,4,151,2,157,6,10,278,10,304,142,0,142,446
12/09/2008,MLB,FL,ASO,ES,Federal Contract Tower,3,12,85,1,101,0,0,101,0,101,3,12,186,1,202,85,0,85,287
12/10/2008,MLB,FL,ASO,ES,Federal Contract Tower,6,6,116,0,128,0,7,145,0,152,6,13,261,0,280,48,0,48,328
12/11/2008,MLB,FL,ASO,ES,Federal Contract Tower,9,2,41,0,52,0,1,14,0,15,9,3,55,0,67,56,0,56,123
12/12/2008,MLB,FL,ASO,ES,Federal Contract Tower,5,5,122,2,134,0,2,135,0,137,5,7,257,2,271,64,0,64,335
12/13/2008,MLB,FL,ASO,ES,Federal Contract Tower,3,6,78,0,87,0,5,123,0,128,3,11,201,0,215,60,0,60,275
12/14/2008,MLB,FL,ASO,ES,Federal Contract Tower,4,6,74,0,84,0,5,64,0,69,4,11,138,0,153,66,0,66,219
12/15/2008,MLB,FL,ASO,ES,Federal Contract Tower,8,4,96,7,115,0,2,132,1,135,8,6,228,8,250,212,4,216,466
12/16/2008,MLB,FL,ASO,ES,Federal Contract Tower,2,7,150,2,161,0,1,140,0,141,2,8,290,2,302,160,2,162,464
12/17/2008,MLB,FL,ASO,ES,Federal Contract Tower,2,10,100,12,124,0,4,131,1,136,2,14,231,13,260,152,2,154,414
12/18/2008,MLB,FL,ASO,ES,Federal Contract Tower,6,6,96,0,108,0,2,98,5,105,6,8,194,5,213,122,0,122,335
12/19/2008,MLB,FL,ASO,ES,Federal Contract Tower,5,9,77,0,91,0,3,147,0,150,5,12,224,0,241,56,0,56,297
12/20/2008,MLB,FL,ASO,ES,Federal Contract Tower,4,12,79,2,97,0,2,189,0,191,4,14,268,2,288,84,0,84,372
12/21/2008,MLB,FL,ASO,ES,Federal Contract Tower,5,8,44,1,58,0,1,73,0,74,5,9,117,1,132,36,0,36,168
12/22/2008,MLB,FL,ASO,ES,Federal Contract Tower,5,10,63,0,78,0,2,78,0,80,5,12,141,0,158,68,0,68,226
12/23/2008,MLB,FL,ASO,ES,Federal Contract Tower,4,9,53,0,66,0,6,104,0,110,4,15,157,0,176,50,0,50,226
12/24/2008,MLB,FL,ASO,ES,Federal Contract Tower,3,7,66,0,76,0,4,69,0,73,3,11,135,0,149,52,0,52,201
12/25/2008,MLB,FL,ASO,ES,Federal Contract Tower,2,6,31,0,39,0,3,5,0,8,2,9,36,0,47,0,0,0,47
12/26/2008,MLB,FL,ASO,ES,Federal Contract Tower,2,8,71,0,81,0,1,76,0,77,2,9,147,0,158,88,0,88,246
12/27/2008,MLB,FL,ASO,ES,Federal Contract Tower,2,16,61,0,79,0,5,78,0,83,2,21,139,0,162,28,0,28,190
12/28/2008,MLB,FL,ASO,ES,Federal Contract Tower,4,11,40,0,55,0,4,93,0,97,4,15,133,0,152,66,0,66,218
12/29/2008,MLB,FL,ASO,ES,Federal Contract Tower,6,11,70,2,89,0,2,118,0,120,6,13,188,2,209,112,0,112,321
12/30/2008,MLB,FL,ASO,ES,Federal Contract Tower,3,9,79,0,91,0,8,171,0,179,3,17,250,0,270,115,0,115,385
12/31/2008,MLB,FL,ASO,ES,Federal Contract Tower,1,7,41,1,50,0,2,106,0,108,1,9,147,1,158,90,0,90,248
01/01/2009,MLB,FL,ASO,ES,Federal Contract Tower,4,5,27,0,36,0,9,7,2,18,4,14,34,2,54,6,0,6,60
01/02/2009,MLB,FL,ASO,ES,Federal Contract Tower,5,12,71,1,89,0,6,110,0,116,5,18,181,1,205,119,0,119,324
01/03/2009,MLB,FL,ASO,ES,Federal Contract Tower,3,6,48,0,57,0,11,141,0,152,3,17,189,0,209,46,0,46,255
01/04/2009,MLB,FL,ASO,ES,Federal Contract Tower,5,6,36,0,47,0,2,88,0,90,5,8,124,0,137,28,0,28,165
01/05/2009,MLB,FL,ASO,ES,Federal Contract Tower,5,13,46,9,73,0,3,126,0,129,5,16,172,9,202,204,0,204,406
01/06/2009,MLB,FL,ASO,ES,Federal Contract Tower,6,4,47,10,67,0,5,112,0,117,6,9,159,10,184,176,0,176,360
01/07/2009,MLB,FL,ASO,ES,Federal Contract Tower,8,6,28,0,42,0,8,30,0,38,8,14,58,0,80,34,0,34,114
01/08/2009,MLB,FL,ASO,ES,Federal Contract Tower,7,7,77,18,109,0,0,182,2,184,7,7,259,20,293,171,0,171,464
01/09/2009,MLB,FL,ASO,ES,Federal Contract Tower,8,6,98,8,120,0,17,179,1,197,8,23,277,9,317,148,8,156,473
01/10/2009,MLB,FL,ASO,ES,Federal Contract Tower,2,8,98,0,108,0,8,142,6,156,2,16,240,6,264,94,5,99,363
01/11/2009,MLB,FL,ASO,ES,Federal Contract Tower,7,4,62,2,75,0,1,89,0,90,7,5,151,2,165,29,0,29,194
01/12/2009,MLB,FL,ASO,ES,Federal Contract Tower,5,5,107,1,118,0,2,56,0,58,5,7,163,1,176,108,0,108,284
01/13/2009,MLB,FL,ASO,ES,Federal Contract Tower,5,5,50,2,62,0,2,29,0,31,5,7,79,2,93,36,0,36,129
01/14/2009,MLB,FL,ASO,ES,Federal Contract Tower,10,2,67,1,80,0,0,176,0,176,10,2,243,1,256,214,0,214,470
01/15/2009,MLB,FL,ASO,ES,Federal Contract Tower,4,5,75,0,84,0,2,167,1,170,4,7,242,1,254,169,0,169,423
01/16/2009,MLB,FL,ASO,ES,Federal Contract Tower,6,6,94,0,106,0,5,173,0,178,6,11,267,0,284,98,0,98,382
01/17/2009,MLB,FL,ASO,ES,Federal Contract Tower,5,2,45,13,65,0,3,188,0,191,5,5,233,13,256,192,0,192,448
01/18/2009,MLB,FL,ASO,ES,Federal Contract Tower,6,2,51,0,59,0,4,146,0,150,6,6,197,0,209,114,0,114,323
01/19/2009,MLB,FL,ASO,ES,Federal Contract Tower,6,5,54,3,68,0,2,149,0,151,6,7,203,3,219,260,0,260,479
01/20/2009,MLB,FL,ASO,ES,Federal Contract Tower,6,3,65,8,82,0,3,99,0,102,6,6,164,8,184,88,0,88,272
01/21/2009,MLB,FL,ASO,ES,Federal Contract Tower,4,9,71,0,84,0,0,204,0,204,4,9,275,0,288,288,0,288,576
01/22/2009,MLB,FL,ASO,ES,Federal Contract Tower,5,6,68,0,79,0,0,237,0,237,5,6,305,0,316,370,0,370,686
01/23/2009,MLB,FL,ASO,ES,Federal Contract Tower,4,5,74,0,83,0,5,252,1,258,4,10,326,1,341,269,0,269,610
01/24/2009,MLB,FL,ASO,ES,Federal Contract Tower,3,5,61,0,69,0,3,226,0,229,3,8,287,0,298,206,0,206,504
01/25/2009,MLB,FL,ASO,ES,Federal Contract Tower,6,5,48,0,59,0,4,164,0,168,6,9,212,0,227,98,0,98,325
01/26/2009,MLB,FL,ASO,ES,Federal Contract Tower,6,4,100,3,113,0,8,240,0,248,6,12,340,3,361,282,0,282,643
01/27/2009,MLB,FL,ASO,ES,Federal Contract Tower,6,8,108,1,123,0,6,197,0,203,6,14,305,1,326,242,0,242,568
01/28/2009,MLB,FL,ASO,ES,Federal Contract Tower,6,8,102,0,116,0,3,230,2,235,6,11,332,2,351,172,0,172,523
01/29/2009,MLB,FL,ASO,ES,Federal Contract Tower,6,4,86,0,96,0,5,116,0,121,6,9,202,0,217,44,2,46,263
01/30/2009,MLB,FL,ASO,ES,Federal Contract Tower,5,4,96,0,105,0,7,58,0,65,5,11,154,0,170,62,0,62,232
01/31/2009,MLB,FL,ASO,ES,Federal Contract Tower,4,7,78,0,89,0,0,204,0,204,4,7,282,0,293,116,0,116,409
02/01/2009,MLB,FL,ASO,ES,Federal Contract Tower,6,3,36,0,45,0,11,131,0,142,6,14,167,0,187,96,0,96,283
02/02/2009,MLB,FL,ASO,ES,Federal Contract Tower,6,5,57,9,77,0,0,90,2,92,6,5,147,11,169,93,0,93,262
02/03/2009,MLB,FL,ASO,ES,Federal Contract Tower,5,2,74,17,98,0,5,176,0,181,5,7,250,17,279,208,4,212,491
02/04/2009,MLB,FL,ASO,ES,Federal Contract Tower,5,6,78,1,90,0,5,123,1,129,5,11,201,2,219,70,10,80,299
02/05/2009,MLB,FL,ASO,ES,Federal Contract Tower,6,9,67,16,98,0,1,169,0,170,6,10,236,16,268,122,0,122,390
02/06/2009,MLB,FL,ASO,ES,Federal Contract Tower,5,4,94,0,103,0,2,257,0,259,5,6,351,0,362,252,0,252,614
02/07/2009,MLB,FL,ASO,ES,Federal Contract Tower,3,4,90,8,105,0,3,215,2,220,3,7,305,10,325,202,6,208,533
02/08/2009,MLB,FL,ASO,ES,Federal Contract Tower,6,4,42,0,52,0,10,125,0,135,6,14,167,0,187,50,0,50,237
02/09/2009,MLB,FL,ASO,ES,Federal Contract Tower,5,7,84,18,114,0,3,225,0,228,5,10,309,18,342,336,12,348,690
02/10/2009,MLB,FL,ASO,ES,Federal Contract Tower,5,7,87,0,99,0,4,201,0,205,5,11,288,0,304,272,0,272,576
02/11/2009,MLB,FL,ASO,ES,Federal Contract Tower,8,4,74,2,88,0,5,216,0,221,8,9,290,2,309,232,0,232,541
02/12/2009,MLB,FL,ASO,ES,Federal Contract Tower,3,8,82,0,93,0,2,151,0,153,3,10,233,0,246,219,0,219,465
02/13/2009,MLB,FL,ASO,ES,Federal Contract Tower,6,7,81,1,95,0,4,250,0,254,6,11,331,1,349,199,0,199,548
02/14/2009,MLB,FL,ASO,ES,Federal Contract Tower,4,10,37,0,51,0,4,118,0,122,4,14,155,0,173,96,0,96,269
02/15/2009,MLB,FL,ASO,ES,Federal Contract Tower,4,9,74,0,87,0,0,38,0,38,4,9,112,0,125,2,0,2,127
02/16/2009,MLB,FL,ASO,ES,Federal Contract Tower,5,8,64,2,79,0,2,123,0,125,5,10,187,2,204,72,0,72,276
02/17/2009,MLB,FL,ASO,ES,Federal Contract Tower,4,8,112,0,124,0,3,207,0,210,4,11,319,0,334,224,0,224,558
02/18/2009,MLB,FL,ASO,ES,Federal Contract Tower,5,8,98,2,113,0,25,209,0,234,5,33,307,2,347,208,0,208,555
02/19/2009,MLB,FL,ASO,ES,Federal Contract Tower,6,9,58,0,73,0,2,77,0,79,6,11,135,0,152,78,0,78,230
02/20/2009,MLB,FL,ASO,ES,Federal Contract Tower,7,9,120,8,144,0,2,248,0,250,7,11,368,8,394,201,0,201,595
02/21/2009,MLB,FL,ASO,ES,Federal Contract Tower,4,8,71,2,85,0,6,251,0,257,4,14,322,2,342,278,0,278,620
02/22/2009,MLB,FL,ASO,ES,Federal Contract Tower,6,6,51,0,63,0,7,163,0,170,6,13,214,0,233,122,0,122,355
02/23/2009,MLB,FL,ASO,ES,Federal Contract Tower,6,4,125,5,140,0,1,208,0,209,6,5,333,5,349,254,0,254,603
02/24/2009,MLB,FL,ASO,ES,Federal Contract Tower,5,9,156,0,170,0,2,336,0,338,5,11,492,0,508,226,0,226,734
02/25/2009,MLB,FL,ASO,ES,Federal Contract Tower,6,13,98,3,120,0,9,299,0,308,6,22,397,3,428,396,4,400,828
02/26/2009,MLB,FL,ASO,ES,Federal Contract Tower,1,13,122,1,137,0,8,247,0,255,1,21,369,1,392,342,0,342,734
02/27/2009,MLB,FL,ASO,ES,Federal Contract Tower,5,12,127,1,145,0,8,244,0,252,5,20,371,1,397,275,3,278,675
02/28/2009,MLB,FL,ASO,ES,Federal Contract Tower,4,9,40,1,54,0,5,186,0,191,4,14,226,1,245,186,0,186,431
03/01/2009,MLB,FL,ASO,ES,Federal Contract Tower,1,3,18,2,24,0,7,12,0,19,1,10,30,2,43,6,0,6,49
03/02/2009,MLB,FL,ASO,ES,Federal Contract Tower,3,5,50,4,62,0,0,192,0,192,3,5,242,4,254,133,0,133,387
03/03/2009,MLB,FL,ASO,ES,Federal Contract Tower,8,10,62,0,80,0,4,158,0,162,8,14,220,0,242,135,0,135,377
03/04/2009,MLB,FL,ASO,ES,Federal Contract Tower,11,12,75,2,100,0,8,283,1,292,11,20,358,3,392,256,0,256,648
03/05/2009,MLB,FL,ASO,ES,Federal Contract Tower,6,7,86,2,101,0,4,199,0,203,6,11,285,2,304,249,0,249,553
03/06/2009,MLB,FL,ASO,ES,Federal Contract Tower,8,5,89,2,104,0,3,176,0,179,8,8,265,2,283,164,0,164,447
03/07/2009,MLB,FL,ASO,ES,Federal Contract Tower,7,7,61,0,75,0,7,197,0,204,7,14,258,0,279,88,0,88,367
03/08/2009,MLB,FL,ASO,ES,Federal Contract Tower,6,6,55,0,67,0,0,105,0,105,6,6,160,0,172,48,0,48,220
03/09/2009,MLB,FL,ASO,ES,Federal Contract Tower,7,9,112,1,129,0,7,162,2,171,7,16,274,3,300,226,2,228,528
03/10/2009,MLB,FL,ASO,ES,Federal Contract Tower,5,9,115,0,129,0,4,228,0,232,5,13,343,0,361,294,0,294,655
03/11/2009,MLB,FL,ASO,ES,Federal Contract Tower,9,9,47,0,65,0,6,128,0,134,9,15,175,0,199,134,0,134,333
03/12/2009,MLB,FL,ASO,ES,Federal Contract Tower,7,11,100,2,120,0,4,230,0,234,7,15,330,2,354,276,0,276,630
03/13/2009,MLB,FL,ASO,ES,Federal Contract Tower,5,8,99,0,112,0,9,207,0,216,5,17,306,0,328,250,0,250,578
03/14/2009,MLB,FL,ASO,ES,Federal Contract Tower,6,10,72,0,88,0,5,144,0,149,6,15,216,0,237,184,0,184,421
03/15/2009,MLB,FL,ASO,ES,Federal Contract Tower,6,6,50,0,62,0,6,80,0,86,6,12,130,0,148,50,0,50,198
03/16/2009,MLB,FL,ASO,ES,Federal Contract Tower,10,5,117,6,138,0,7,221,0,228,10,12,338,6,366,301,0,301,667
03/17/2009,MLB,FL,ASO,ES,Federal Contract Tower,8,5,88,0,101,0,12,152,0,164,8,17,240,0,265,214,0,214,479
03/18/2009,MLB,FL,ASO,ES,Federal Contract Tower,10,7,117,0,134,0,6,245,0,251,10,13,362,0,385,252,0,252,637
03/19/2009,MLB,FL,ASO,ES,Federal Contract Tower,9,7,102,3,121,0,5,155,1,161,9,12,257,4,282,277,0,277,559
03/20/2009,MLB,FL,ASO,ES,Federal Contract Tower,5,8,108,0,121,0,2,217,0,219,5,10,325,0,340,295,0,295,635
03/21/2009,MLB,FL,ASO,ES,Federal Contract Tower,5,9,76,0,90,0,6,145,0,151,5,15,221,0,241,126,0,126,367
03/22/2009,MLB,FL,ASO,ES,Federal Contract Tower,9,7,38,0,54,0,4,47,0,51,9,11,85,0,105,32,0,32,137
03/23/2009,MLB,FL,ASO,ES,Federal Contract Tower,10,5,82,1,98,0,3,128,0,131,10,8,210,1,229,148,0,148,377
03/24/2009,MLB,FL,ASO,ES,Federal Contract Tower,8,8,101,0,117,0,6,229,0,235,8,14,330,0,352,162,0,162,514
03/25/2009,MLB,FL,ASO,ES,Federal Contract Tower,11,7,84,0,102,0,6,249,0,255,11,13,333,0,357,106,0,106,463
03/26/2009,MLB,FL,ASO,ES,Federal Contract Tower,4,13,98,0,115,0,5,197,0,202,4,18,295,0,317,178,0,178,495
03/27/2009,MLB,FL,ASO,ES,Federal Contract Tower,6,11,108,0,125,0,4,182,0,186,6,15,290,0,311,87,0,87,398
03/28/2009,MLB,FL,ASO,ES,Federal Contract Tower,4,10,29,0,43,0,10,84,0,94,4,20,113,0,137,81,0,81,218
03/29/2009,MLB,FL,ASO,ES,Federal Contract Tower,6,7,53,0,66,0,2,20,0,22,6,9,73,0,88,4,0,4,92
03/30/2009,MLB,FL,ASO,ES,Federal Contract Tower,9,6,88,0,103,0,6,236,3,245,9,12,324,3,348,324,0,324,672
03/31/2009,MLB,FL,ASO,ES,Federal Contract Tower,10,4,106,0,120,0,0,62,0,62,10,4,168,0,182,135,0,135,317
04/01/2009,MLB,FL,ASO,ES,Federal Contract Tower,8,3,69,0,80,0,7,108,0,115,8,10,177,0,195,166,0,166,361
04/02/2009,MLB,FL,ASO,ES,Federal Contract Tower,6,10,101,2,119,0,3,177,0,180,6,13,278,2,299,148,4,152,451
04/03/2009,MLB,FL,ASO,ES,Federal Contract Tower,6,10,46,0,62,0,9,74,0,83,6,19,120,0,145,62,0,62,207
04/04/2009,MLB,FL,ASO,ES,Federal Contract Tower,5,5,88,2,100,0,13,342,0,355,5,18,430,2,455,148,0,148,603
04/05/2009,MLB,FL,ASO,ES,Federal Contract Tower,5,7,71,2,85,0,2,80,0,82,5,9,151,2,167,82,0,82,249
04/06/2009,MLB,FL,ASO,ES,Federal Contract Tower,6,9,69,2,86,0,11,41,0,52,6,20,110,2,138,53,0,53,191
04/07/2009,MLB,FL,ASO,ES,Federal Contract Tower,3,10,54,0,67,0,4,50,0,54,3,14,104,0,121,44,0,44,165
04/08/2009,MLB,FL,ASO,ES,Federal Contract Tower,6,10,81,0,97,0,4,284,1,289,6,14,365,1,386,326,0,326,712
04/09/2009,MLB,FL,ASO,ES,Federal Contract Tower,7,6,62,0,75,0,4,290,0,294,7,10,352,0,369,264,0,264,633
04/10/2009,MLB,FL,ASO,ES,Federal Contract Tower,5,12,73,0,90,0,7,193,0,200,5,19,266,0,290,206,0,206,496
04/11/2009,MLB,FL,ASO,ES,Federal Contract Tower,5,8,60,0,73,0,5,12,0,17,5,13,72,0,90,72,0,72,162
04/12/2009,MLB,FL,ASO,ES,Federal Contract Tower,7,10,66,0,83,0,1,111,4,116,7,11,177,4,199,90,0,90,289
04/13/2009,MLB,FL,ASO,ES,Federal Contract Tower,2,12,106,1,121,0,0,119,0,119,2,12,225,1,240,198,0,198,438
04/14/2009,MLB,FL,ASO,ES,Federal Contract Tower,4,13,53,0,70,0,0,30,0,30,4,13,83,0,100,42,0,42,142
04/15/2009,MLB,FL,ASO,ES,Federal Contract Tower,5,12,123,0,140,0,14,251,0,265,5,26,374,0,405,200,0,200,605
04/16/2009,MLB,FL,ASO,ES,Federal Contract Tower,6,11,116,0,133,0,6,259,0,265,6,17,375,0,398,212,0,212,610
04/17/2009,MLB,FL,ASO,ES,Federal Contract Tower,6,14,81,1,102,0,5,173,2,180,6,19,254,3,282,104,0,104,386
04/18/2009,MLB,FL,ASO,ES,Federal Contract Tower,8,8,69,0,85,0,6,177,0,183,8,14,246,0,268,152,0,152,420
04/19/2009,MLB,FL,ASO,ES,Federal Contract Tower,8,9,79,0,96,0,4,128,0,132,8,13,207,0,228,56,0,56,284
04/20/2009,MLB,FL,ASO,ES,Federal Contract Tower,7,8,88,0,103,0,2,130,0,132,7,10,218,0,235,193,0,193,428
04/21/2009,MLB,FL,ASO,ES,Federal Contract Tower,4,9,92,0,105,0,3,205,0,208,4,12,297,0,313,238,0,238,551
04/22/2009,MLB,FL,ASO,ES,Federal Contract Tower,6,7,99,0,112,0,5,243,0,248,6,12,342,0,360,216,0,216,576
04/23/2009,MLB,FL,ASO,ES,Federal Contract Tower,6,8,116,0,130,0,8,242,0,250,6,16,358,0,380,303,0,303,683
04/24/2009,MLB,FL,ASO,ES,Federal Contract Tower,5,18,115,0,138,0,9,257,0,266,5,27,372,0,404,318,0,318,722
04/25/2009,MLB,FL,ASO,ES,Federal Contract Tower,5,8,61,1,75,0,5,99,0,104,5,13,160,1,179,94,0,94,273
04/26/2009,MLB,FL,ASO,ES,Federal Contract Tower,8,9,55,0,72,0,6,117,0,123,8,15,172,0,195,49,0,49,244
04/27/2009,MLB,FL,ASO,ES,Federal Contract Tower,6,6,126,1,139,0,1,177,0,178,6,7,303,1,317,240,0,240,557
04/28/2009,MLB,FL,ASO,ES,Federal Contract Tower,4,8,148,0,160,0,15,244,0,259,4,23,392,0,419,250,0,250,669
04/29/2009,MLB,FL,ASO,ES,Federal Contract Tower,5,10,81,0,96,0,6,239,0,245,5,16,320,0,341,214,0,214,555
04/30/2009,MLB,FL,ASO,ES,Federal Contract Tower,7,5,63,0,75,0,5,233,0,238,7,10,296,0,313,374,0,374,687
05/01/2009,MLB,FL,ASO,ES,Federal Contract Tower,3,13,87,0,103,0,6,233,0,239,3,19,320,0,342,165,0,165,507
05/02/2009,MLB,FL,ASO,ES,Federal Contract Tower,1,8,61,0,70,0,6,208,0,214,1,14,269,0,284,238,0,238,522
05/03/2009,MLB,FL,ASO,ES,Federal Contract Tower,1,10,58,0,69,0,0,118,0,118,1,10,176,0,187,0,56,56,243
05/04/2009,MLB,FL,ASO,ES,Federal Contract Tower,2,12,118,4,136,0,2,142,0,144,2,14,260,4,280,162,0,162,442
05/05/2009,MLB,FL,ASO,ES,Federal Contract Tower,3,12,103,4,122,0,12,213,0,225,3,24,316,4,347,221,12,233,580
05/06/2009,MLB,FL,ASO,ES,Federal Contract Tower,4,12,104,4,124,0,2,198,0,200,4,14,302,4,324,236,50,286,610
05/07/2009,MLB,FL,ASO,ES,Federal Contract Tower,2,11,99,0,112,0,6,181,0,187,2,17,280,0,299,260,0,260,559
05/08/2009,MLB,FL,ASO,ES,Federal Contract Tower,3,10,121,0,134,0,4,163,0,167,3,14,284,0,301,171,0,171,472
05/09/2009,MLB,FL,ASO,ES,Federal Contract Tower,2,11,49,0,62,0,8,157,0,165,2,19,206,0,227,146,0,146,373
05/10/2009,MLB,FL,ASO,ES,Federal Contract Tower,2,13,51,1,67,0,6,70,0,76,2,19,121,1,143,52,0,52,195
05/11/2009,MLB,FL,ASO,ES,Federal Contract Tower,2,14,81,1,98,0,0,72,0,72,2,14,153,1,170,64,0,64,234
05/12/2009,MLB,FL,ASO,ES,Federal Contract Tower,2,15,105,0,122,0,4,125,0,129,2,19,230,0,251,220,0,220,471
05/13/2009,MLB,FL,ASO,ES,Federal Contract Tower,3,10,161,0,174,0,3,198,0,201,3,13,359,0,375,274,0,274,649
05/14/2009,MLB,FL,ASO,ES,Federal Contract Tower,2,9,134,0,145,0,0,203,0,203,2,9,337,0,348,445,0,445,793
05/15/2009,MLB,FL,ASO,ES,Federal Contract Tower,2,10,101,4,117,0,2,170,0,172,2,12,271,4,289,160,0,160,449
05/16/2009,MLB,FL,ASO,ES,Federal Contract Tower,2,8,64,1,75,0,0,184,0,184,2,8,248,1,259,112,0,112,371
05/17/2009,MLB,FL,ASO,ES,Federal Contract Tower,2,12,28,0,42,0,2,101,0,103,2,14,129,0,145,56,0,56,201
05/18/2009,MLB,FL,ASO,ES,Federal Contract Tower,1,12,75,2,90,0,4,59,0,63,1,16,134,2,153,89,0,89,242
05/19/2009,MLB,FL,ASO,ES,Federal Contract Tower,2,9,91,2,104,0,0,6,0,6,2,9,97,2,110,4,0,4,114
05/20/2009,MLB,FL,ASO,ES,Federal Contract Tower,3,11,43,1,58,0,0,22,0,22,3,11,65,1,80,33,0,33,113
05/21/2009,MLB,FL,ASO,ES,Federal Contract Tower,2,12,111,0,125,0,0,67,0,67,2,12,178,0,192,226,0,226,418
05/22/2009,MLB,FL,ASO,ES,Federal Contract Tower,4,14,99,0,117,0,0,108,0,108,4,14,207,0,225,214,0,214,439
05/23/2009,MLB,FL,ASO,ES,Federal Contract Tower,1,6,63,0,70,0,0,39,0,39,1,6,102,0,109,28,0,28,137
05/24/2009,MLB,FL,ASO,ES,Federal Contract Tower,2,7,45,0,54,0,2,61,0,63,2,9,106,0,117,152,0,152,269
05/25/2009,MLB,FL,ASO,ES,Federal Contract Tower,2,29,54,1,86,0,2,115,0,117,2,31,169,1,203,214,0,214,417
05/26/2009,MLB,FL,ASO,ES,Federal Contract Tower,2,9,97,1,109,0,3,150,1,154,2,12,247,2,263,170,0,170,433
05/27/2009,MLB,FL,ASO,ES,Federal Contract Tower,3,8,108,0,119,0,5,173,0,178,3,13,281,0,297,162,0,162,459
05/28/2009,MLB,FL,ASO,ES,Federal Contract Tower,2,13,122,4,141,0,5,131,0,136,2,18,253,4,277,225,0,225,502
05/29/2009,MLB,FL,ASO,ES,Federal Contract Tower,2,8,77,3,90,0,3,180,0,183,2,11,257,3,273,263,0,263,536
05/30/2009,MLB,FL,ASO,ES,Federal Contract Tower,1,10,76,0,87,0,1,114,0,115,1,11,190,0,202,124,0,124,326
05/31/2009,MLB,FL,ASO,ES,Federal Contract Tower,2,10,50,2,64,0,1,131,1,133,2,11,181,3,197,102,0,102,299
06/01/2009,MLB,FL,ASO,ES,Federal Contract Tower,2,9,82,1,94,0,5,146,0,151,2,14,228,1,245,234,0,234,479
06/02/2009,MLB,FL,ASO,ES,Federal Contract Tower,2,8,106,0,116,0,9,225,0,234,2,17,331,0,350,151,0,151,501
06/03/2009,MLB,FL,ASO,ES,Federal Contract Tower,4,8,131,0,143,0,2,139,0,141,4,10,270,0,284,207,0,207,491
06/04/2009,MLB,FL,ASO,ES,Federal Contract Tower,2,12,73,5,92,0,6,73,0,79,2,18,146,5,171,143,4,147,318
06/05/2009,MLB,FL,ASO,ES,Federal Contract Tower,2,11,52,6,71,0,5,104,11,120,2,16,156,17,191,126,0,126,317
06/06/2009,MLB,FL,ASO,ES,Federal Contract Tower,2,10,77,0,89,0,0,58,0,58,2,10,135,0,147,68,0,68,215
06/07/2009,MLB,FL,ASO,ES,Federal Contract Tower,2,14,23,0,39,0,3,68,0,71,2,17,91,0,110,48,0,48,158
06/08/2009,MLB,FL,ASO,ES,Federal Contract Tower,2,9,100,1,112,0,6,161,0,167,2,15,261,1,279,189,0,189,468
06/09/2009,MLB,FL,ASO,ES,Federal Contract Tower,2,8,113,0,123,0,2,233,2,237,2,10,346,2,360,206,6,212,572
06/10/2009,MLB,FL,ASO,ES,Federal Contract Tower,4,14,135,4,157,0,6,195,0,201,4,20,330,4,358,171,0,171,529
06/11/2009,MLB,FL,ASO,ES,Federal Contract Tower,2,7,117,0,126,0,2,196,1,199,2,9,313,1,325,179,0,179,504
06/12/2009,MLB,FL,ASO,ES,Federal Contract Tower,2,8,113,4,127,0,8,186,0,194,2,16,299,4,321,128,0,128,449
06/13/2009,MLB,FL,ASO,ES,Federal Contract Tower,2,8,56,2,68,0,3,133,0,136,2,11,189,2,204,52,0,52,256
06/14/2009,MLB,FL,ASO,ES,Federal Contract Tower,2,8,39,1,50,0,2,85,0,87,2,10,124,1,137,60,0,60,197
06/15/2009,MLB,FL,ASO,ES,Federal Contract Tower,2,6,67,3,78,0,4,133,0,137,2,10,200,3,215,133,0,133,348
06/16/2009,MLB,FL,ASO,ES,Federal Contract Tower,2,10,129,1,142,0,5,167,0,172,2,15,296,1,314,80,0,80,394
06/17/2009,MLB,FL,ASO,ES,Federal Contract Tower,3,11,66,5,85,0,6,160,0,166,3,17,226,5,251,146,0,146,397
06/18/2009,MLB,FL,ASO,ES,Federal Contract Tower,2,7,110,10,129,0,5,143,0,148,2,12,253,10,277,145,0,145,422
06/19/2009,MLB,FL,ASO,ES,Federal Contract Tower,3,8,79,0,90,0,10,213,2,225,3,18,292,2,315,216,0,216,531
06/20/2009,MLB,FL,ASO,ES,Federal Contract Tower,2,8,70,0,80,0,0,124,0,124,2,8,194,0,204,74,0,74,278
06/21/2009,MLB,FL,ASO,ES,Federal Contract Tower,2,8,48,0,58,0,8,102,0,110,2,16,150,0,168,52,0,52,220
06/22/2009,MLB,FL,ASO,ES,Federal Contract Tower,3,11,67,4,85,0,0,145,2,147,3,11,212,6,232,114,0,114,346
06/23/2009,MLB,FL,ASO,ES,Federal Contract Tower,3,9,70,4,86,0,0,126,1,127,3,9,196,5,213,121,0,121,334
06/24/2009,MLB,FL,ASO,ES,Federal Contract Tower,4,8,134,1,147,0,2,152,1,155,4,10,286,2,302,176,0,176,478
06/25/2009,MLB,FL,ASO,ES,Federal Contract Tower,2,11,76,0,89,0,0,241,0,241,2,11,317,0,330,205,0,205,535
06/26/2009,MLB,FL,ASO,ES,Federal Contract Tower,2,10,53,0,65,0,5,135,0,140,2,15,188,0,205,108,0,108,313
06/27/2009,MLB,FL,ASO,ES,Federal Contract Tower,2,9,44,0,55,0,0,138,0,138,2,9,182,0,193,116,0,116,309
06/28/2009,MLB,FL,ASO,ES,Federal Contract Tower,2,10,48,0,60,0,3,83,0,86,2,13,131,0,146,52,0,52,198
06/29/2009,MLB,FL,ASO,ES,Federal Contract Tower,3,15,65,1,84,0,2,83,0,85,3,17,148,1,169,92,0,92,261
06/30/2009,MLB,FL,ASO,ES,Federal Contract Tower,2,11,93,0,106,0,1,60,1,62,2,12,153,1,168,104,0,104,272
07/01/2009,MLB,FL,ASO,ES,Federal Contract Tower,2,15,100,9,126,0,2,33,0,35,2,17,133,9,161,96,10,106,267
07/02/2009,MLB,FL,ASO,ES,Federal Contract Tower,4,7,94,0,105,0,3,117,0,120,4,10,211,0,225,140,0,140,365
07/03/2009,MLB,FL,ASO,ES,Federal Contract Tower,1,10,70,0,81,0,2,64,0,66,1,12,134,0,147,60,0,60,207
07/04/2009,MLB,FL,ASO,ES,Federal Contract Tower,1,5,34,0,40,0,6,58,0,64,1,11,92,0,104,56,0,56,160
07/05/2009,MLB,FL,ASO,ES,Federal Contract Tower,1,10,30,0,41,0,0,62,0,62,1,10,92,0,103,70,0,70,173
07/06/2009,MLB,FL,ASO,ES,Federal Contract Tower,4,10,63,1,78,0,2,120,0,122,4,12,183,1,200,124,0,124,324
07/07/2009,MLB,FL,ASO,ES,Federal Contract Tower,2,12,54,4,72,0,4,122,0,126,2,16,176,4,198,100,0,100,298
07/08/2009,MLB,FL,ASO,ES,Federal Contract Tower,3,6,58,4,71,0,2,118,0,120,3,8,176,4,191,158,0,158,349
07/09/2009,MLB,FL,ASO,ES,Federal Contract Tower,2,9,58,0,69,0,0,130,0,130,2,9,188,0,199,198,0,198,397
07/10/2009,MLB,FL,ASO,ES,Federal Contract Tower,2,7,99,0,108,0,1,136,0,137,2,8,235,0,245,152,0,152,397
07/11/2009,MLB,FL,ASO,ES,Federal Contract Tower,2,9,30,0,41,0,4,109,0,113,2,13,139,0,154,50,0,50,204
07/12/2009,MLB,FL,ASO,ES,Federal Contract Tower,3,8,36,0,47,0,1,59,0,60,3,9,95,0,107,36,0,36,143
07/13/2009,MLB,FL,ASO,ES,Federal Contract Tower,3,8,23,15,49,0,3,89,2,94,3,11,112,17,143,175,0,175,318
07/14/2009,MLB,FL,ASO,ES,Federal Contract Tower,2,10,57,0,69,0,8,197,0,205,2,18,254,0,274,129,0,129,403
07/15/2009,MLB,FL,ASO,ES,Federal Contract Tower,5,8,46,3,62,0,8,99,1,108,5,16,145,4,170,102,0,102,272
07/16/2009,MLB,FL,ASO,ES,Federal Contract Tower,2,8,91,1,102,0,0,165,0,165,2,8,256,1,267,130,0,130,397
07/17/2009,MLB,FL,ASO,ES,Federal Contract Tower,5,9,41,6,61,0,0,201,0,201,5,9,242,6,262,110,0,110,372
07/18/2009,MLB,FL,ASO,ES,Federal Contract Tower,2,8,35,0,45,0,10,133,0,143,2,18,168,0,188,158,0,158,346
07/19/2009,MLB,FL,ASO,ES,Federal Contract Tower,2,7,16,0,25,0,3,67,0,70,2,10,83,0,95,80,0,80,175
07/20/2009,MLB,FL,ASO,ES,Federal Contract Tower,4,6,43,4,57,0,6,183,2,191,4,12,226,6,248,239,0,239,487
07/21/2009,MLB,FL,ASO,ES,Federal Contract Tower,2,10,65,1,78,0,14,319,0,333,2,24,384,1,411,108,2,110,521
07/22/2009,MLB,FL,ASO,ES,Federal Contract Tower,3,8,69,6,86,0,1,189,0,190,3,9,258,6,276,186,0,186,462
07/23/2009,MLB,FL,ASO,ES,Federal Contract Tower,4,7,54,9,74,0,4,186,0,190,4,11,240,9,264,116,0,116,380
07/24/2009,MLB,FL,ASO,ES,Federal Contract Tower,2,7,33,20,62,0,4,156,0,160,2,11,189,20,222,132,0,132,354
07/25/2009,MLB,FL,ASO,ES,Federal Contract Tower,2,6,33,0,41,0,0,171,0,171,2,6,204,0,212,84,0,84,296
07/26/2009,MLB,FL,ASO,ES,Federal Contract Tower,2,6,24,0,32,0,7,86,0,93,2,13,110,0,125,61,0,61,186
07/27/2009,MLB,FL,ASO,ES,Federal Contract Tower,2,10,50,1,63,0,0,134,0,134,2,10,184,1,197,92,0,92,289
07/28/2009,MLB,FL,ASO,ES,Federal Contract Tower,2,7,61,0,70,0,2,188,0,190,2,9,249,0,260,110,0,110,370
07/29/2009,MLB,FL,ASO,ES,Federal Contract Tower,3,7,65,4,79,0,3,138,0,141,3,10,203,4,220,70,0,70,290
07/30/2009,MLB,FL,ASO,ES,Federal Contract Tower,2,8,58,6,74,0,4,119,0,123,2,12,177,6,197,62,0,62,259
07/31/2009,MLB,FL,ASO,ES,Federal Contract Tower,1,10,66,0,77,0,4,134,0,138,1,14,200,0,215,128,0,128,343
08/01/2009,MLB,FL,ASO,ES,Federal Contract Tower,2,8,33,0,43,0,5,125,0,130,2,13,158,0,173,54,0,54,227
08/02/2009,MLB,FL,ASO,ES,Federal Contract Tower,2,8,16,1,27,0,6,55,0,61,2,14,71,1,88,56,0,56,144
08/03/2009,MLB,FL,ASO,ES,Federal Contract Tower,2,9,35,1,47,0,0,112,0,112,2,9,147,1,159,116,0,116,275
08/04/2009,MLB,FL,ASO,ES,Federal Contract Tower,2,9,65,5,81,0,0,102,0,102,2,9,167,5,183,75,0,75,258
08/05/2009,MLB,FL,ASO,ES,Federal Contract Tower,4,7,77,0,88,0,2,144,0,146,4,9,221,0,234,134,0,134,368
08/06/2009,MLB,FL,ASO,ES,Federal Contract Tower,2,13,58,0,73,0,0,82,0,82,2,13,140,0,155,110,0,110,265
08/07/2009,MLB,FL,ASO,ES,Federal Contract Tower,2,6,54,5,67,0,9,100,0,109,2,15,154,5,176,130,0,130,306
08/08/2009,MLB,FL,ASO,ES,Federal Contract Tower,2,10,17,0,29,0,1,94,0,95,2,11,111,0,124,68,0,68,192
08/09/2009,MLB,FL,ASO,ES,Federal Contract Tower,2,9,32,1,44,0,8,90,0,98,2,17,122,1,142,90,0,90,232
08/10/2009,MLB,FL,ASO,ES,Federal Contract Tower,2,10,53,0,65,0,3,128,0,131,2,13,181,0,196,102,0,102,298
08/11/2009,MLB,FL,ASO,ES,Federal Contract Tower,1,8,48,7,64,0,1,111,1,113,1,9,159,8,177,76,0,76,253
08/12/2009,MLB,FL,ASO,ES,Federal Contract Tower,2,8,89,11,110,0,4,123,0,127,2,12,212,11,237,372,0,372,609
08/13/2009,MLB,FL,ASO,ES,Federal Contract Tower,2,11,43,7,63,0,0,57,0,57,2,11,100,7,120,46,4,50,170
08/14/2009,MLB,FL,ASO,ES,Federal Contract Tower,2,9,54,6,71,0,0,82,2,84,2,9,136,8,155,55,0,55,210
08/15/2009,MLB,FL,ASO,ES,Federal Contract Tower,2,6,30,0,38,0,3,112,0,115,2,9,142,0,153,84,0,84,237
08/16/2009,MLB,FL,ASO,ES,Federal Contract Tower,2,7,35,0,44,0,10,60,0,70,2,17,95,0,114,58,0,58,172
08/17/2009,MLB,FL,ASO,ES,Federal Contract Tower,2,9,83,1,95,0,2,136,0,138,2,11,219,1,233,132,0,132,365
08/18/2009,MLB,FL,ASO,ES,Federal Contract Tower,2,10,64,1,77,0,1,98,0,99,2,11,162,1,176,150,0,150,326
08/19/2009,MLB,FL,ASO,ES,Federal Contract Tower,4,7,77,8,96,0,0,114,0,114,4,7,191,8,210,130,6,136,346
08/20/2009,MLB,FL,ASO,ES,Federal Contract Tower,2,16,85,0,103,0,0,125,2,127,2,16,210,2,230,114,0,114,344
08/21/2009,MLB,FL,ASO,ES,Federal Contract Tower,2,11,81,0,94,0,4,161,0,165,2,15,242,0,259,58,0,58,317
08/22/2009,MLB,FL,ASO,ES,Federal Contract Tower,3,7,40,1,51,0,2,184,0,186,3,9,224,1,237,144,0,144,381
08/23/2009,MLB,FL,ASO,ES,Federal Contract Tower,2,9,23,1,35,0,2,97,0,99,2,11,120,1,134,58,0,58,192
08/24/2009,MLB,FL,ASO,ES,Federal Contract Tower,2,6,47,0,55,0,0,145,1,146,2,6,192,1,201,118,0,118,319
08/25/2009,MLB,FL,ASO,ES,Federal Contract Tower,4,7,68,0,79,0,2,158,0,160,4,9,226,0,239,96,0,96,335
08/26/2009,MLB,FL,ASO,ES,Federal Contract Tower,3,8,117,4,132,0,2,174,0,176,3,10,291,4,308,242,0,242,550
08/27/2009,MLB,FL,ASO,ES,Federal Contract Tower,3,8,67,0,78,0,3,177,0,180,3,11,244,0,258,208,0,208,466
08/28/2009,MLB,FL,ASO,ES,Federal Contract Tower,5,12,69,2,88,0,1,161,0,162,5,13,230,2,250,100,0,100,350
08/29/2009,MLB,FL,ASO,ES,Federal Contract Tower,2,8,34,7,51,0,6,97,0,103,2,14,131,7,154,46,12,58,212
08/30/2009,MLB,FL,ASO,ES,Federal Contract Tower,2,8,35,2,47,0,4,107,0,111,2,12,142,2,158,38,0,38,196
08/31/2009,MLB,FL,ASO,ES,Federal Contract Tower,2,6,123,1,132,0,0,145,0,145,2,6,268,1,277,157,0,157,434
09/01/2009,MLB,FL,ASO,ES,Federal Contract Tower,2,4,42,0,48,0,0,130,0,130,2,4,172,0,178,148,0,148,326
09/02/2009,MLB,FL,ASO,ES,Federal Contract Tower,5,6,77,0,88,0,5,82,2,89,5,11,159,2,177,198,0,198,375
09/03/2009,MLB,FL,ASO,ES,Federal Contract Tower,2,4,86,2,94,0,2,175,2,179,2,6,261,4,273,242,0,242,515
09/04/2009,MLB,FL,ASO,ES,Federal Contract Tower,2,4,72,0,78,1,1,125,0,127,3,5,197,0,205,130,0,130,335
09/05/2009,MLB,FL,ASO,ES,Federal Contract Tower,2,6,39,0,47,0,2,159,0,161,2,8,198,0,208,96,0,96,304
09/06/2009,MLB,FL,ASO,ES,Federal Contract Tower,2,6,47,0,55,0,3,112,0,115,2,9,159,0,170,46,0,46,216
09/07/2009,MLB,FL,ASO,ES,Federal Contract Tower,2,8,45,0,55,0,2,132,0,134,2,10,177,0,189,128,0,128,317
09/08/2009,MLB,FL,ASO,ES,Federal Contract Tower,2,10,101,3,116,0,0,168,0,168,2,10,269,3,284,150,0,150,434
09/09/2009,MLB,FL,ASO,ES,Federal Contract Tower,5,6,96,2,109,0,7,193,0,200,5,13,289,2,309,370,0,370,679
09/10/2009,MLB,FL,ASO,ES,Federal Contract Tower,2,11,67,0,80,0,1,200,0,201,2,12,267,0,281,270,0,270,551
09/11/2009,MLB,FL,ASO,ES,Federal Contract Tower,2,8,72,2,84,0,2,157,1,160,2,10,229,3,244,354,0,354,598
09/12/2009,MLB,FL,ASO,ES,Federal Contract Tower,2,7,34,4,47,0,1,83,0,84,2,8,117,4,131,167,0,167,298
09/13/2009,MLB,FL,ASO,ES,Federal Contract Tower,2,5,16,1,24,0,1,79,1,81,2,6,95,2,105,72,0,72,177
09/14/2009,MLB,FL,ASO,ES,Federal Contract Tower,2,9,50,0,61,0,5,208,2,215,2,14,258,2,276,371,2,373,649
09/15/2009,MLB,FL,ASO,ES,Federal Contract Tower,2,8,50,4,64,0,5,220,0,225,2,13,270,4,289,380,0,380,669
09/16/2009,MLB,FL,ASO,ES,Federal Contract Tower,4,5,92,16,117,0,2,195,3,200,4,7,287,19,317,174,20,194,511
09/17/2009,MLB,FL,ASO,ES,Federal Contract Tower,3,6,85,14,108,0,2,196,0,198,3,8,281,14,306,378,4,382,688
09/18/2009,MLB,FL,ASO,ES,Federal Contract Tower,1,6,47,4,58,0,3,173,0,176,1,9,220,4,234,312,0,312,546
09/19/2009,MLB,FL,ASO,ES,Federal Contract Tower,1,5,53,0,59,0,2,160,0,162,1,7,213,0,221,350,0,350,571
09/20/2009,MLB,FL,ASO,ES,Federal Contract Tower,2,5,30,1,38,0,3,113,0,116,2,8,143,1,154,160,0,160,314
09/21/2009,MLB,FL,ASO,ES,Federal Contract Tower,2,8,115,0,125,0,0,196,6,202,2,8,311,6,327,366,4,370,697
09/22/2009,MLB,FL,ASO,ES,Federal Contract Tower,2,9,109,8,128,0,3,233,0,236,2,12,342,8,364,421,8,429,793
09/23/2009,MLB,FL,ASO,ES,Federal Contract Tower,3,6,72,8,89,0,2,155,8,165,3,8,227,16,254,304,0,304,558
09/24/2009,MLB,FL,ASO,ES,Federal Contract Tower,2,8,81,2,93,0,0,263,0,263,2,8,344,2,356,413,0,413,769
09/25/2009,MLB,FL,ASO,ES,Federal Contract Tower,2,7,81,2,92,0,1,256,0,257,2,8,337,2,349,296,0,296,645
09/26/2009,MLB,FL,ASO,ES,Federal Contract Tower,2,7,53,0,62,0,1,155,0,156,2,8,208,0,218,212,0,212,430
09/27/2009,MLB,FL,ASO,ES,Federal Contract Tower,2,4,26,1,33,0,10,119,0,129,2,14,145,1,162,142,0,142,304
09/28/2009,MLB,FL,ASO,ES,Federal Contract Tower,3,7,70,2,82,0,11,235,0,246,3,18,305,2,328,373,0,373,701
09/29/2009,MLB,FL,ASO,ES,Federal Contract Tower,2,10,51,5,68,0,5,215,2,222,2,15,266,7,290,260,0,260,550
09/30/2009,MLB,FL,ASO,ES,Federal Contract Tower,2,6,94,7,109,0,8,254,0,262,2,14,348,7,371,460,0,460,831
10/01/2009,MLB,FL,ASO,ES,Federal Contract Tower,4,6,82,0,92,0,1,222,1,224,4,7,304,1,316,324,0,324,640
10/02/2009,MLB,FL,ASO,ES,Federal Contract Tower,3,5,38,0,46,0,2,236,0,238,3,7,274,0,284,311,0,311,595
10/03/2009,MLB,FL,ASO,ES,Federal Contract Tower,2,5,24,0,31,0,0,157,0,157,2,5,181,0,188,130,0,130,318
10/04/2009,MLB,FL,ASO,ES,Federal Contract Tower,2,6,32,0,40,0,3,104,0,107,2,9,136,0,147,132,0,132,279
10/05/2009,MLB,FL,ASO,ES,Federal Contract Tower,5,6,56,0,67,0,1,186,0,187,5,7,242,0,254,311,0,311,565
10/06/2009,MLB,FL,ASO,ES,Federal Contract Tower,2,7,68,3,80,0,6,229,1,236,2,13,297,4,316,374,0,374,690
10/07/2009,MLB,FL,ASO,ES,Federal Contract Tower,4,5,80,4,93,0,5,190,0,195,4,10,270,4,288,260,0,260,548
10/08/2009,MLB,FL,ASO,ES,Federal Contract Tower,3,6,69,0,78,0,1,191,1,193,3,7,260,1,271,212,4,216,487
10/09/2009,MLB,FL,ASO,ES,Federal Contract Tower,4,12,89,0,105,0,6,179,0,185,4,18,268,0,290,278,0,278,568
10/10/2009,MLB,FL,ASO,ES,Federal Contract Tower,2,7,43,0,52,0,0,145,0,145,2,7,188,0,197,154,0,154,351
10/11/2009,MLB,FL,ASO,ES,Federal Contract Tower,2,12,20,0,34,0,5,71,0,76,2,17,91,0,110,54,0,54,164
10/12/2009,MLB,FL,ASO,ES,Federal Contract Tower,2,5,94,2,103,0,2,123,0,125,2,7,217,2,228,104,0,104,332
10/13/2009,MLB,FL,ASO,ES,Federal Contract Tower,2,7,79,0,88,0,0,123,1,124,2,7,202,1,212,218,0,218,430
10/14/2009,MLB,FL,ASO,ES,Federal Contract Tower,5,4,72,4,85,0,0,155,3,158,5,4,227,7,243,244,0,244,487
10/15/2009,MLB,FL,ASO,ES,Federal Contract Tower,3,5,79,0,87,0,0,127,2,129,3,5,206,2,216,120,0,120,336
10/16/2009,MLB,FL,ASO,ES,Federal Contract Tower,3,7,50,4,64,0,8,128,3,139,3,15,178,7,203,158,0,158,361
10/17/2009,MLB,FL,ASO,ES,Federal Contract Tower,3,5,39,3,50,0,0,128,2,130,3,5,167,5,180,88,0,88,268
10/18/2009,MLB,FL,ASO,ES,Federal Contract Tower,4,6,36,0,46,0,6,103,0,109,4,12,139,0,155,88,0,88,243
10/19/2009,MLB,FL,ASO,ES,Federal Contract Tower,2,10,57,3,72,0,0,166,11,177,2,10,223,14,249,86,0,86,335
10/20/2009,MLB,FL,ASO,ES,Federal Contract Tower,4,5,57,2,68,0,4,199,5,208,4,9,256,7,276,158,0,158,434
10/21/2009,MLB,FL,ASO,ES,Federal Contract Tower,4,7,99,1,111,0,1,134,0,135,4,8,233,1,246,194,0,194,440
10/22/2009,MLB,FL,ASO,ES,Federal Contract Tower,4,5,62,1,72,0,4,152,2,158,4,9,214,3,230,161,7,168,398
10/23/2009,MLB,FL,ASO,ES,Federal Contract Tower,4,6,50,0,60,0,0,230,0,230,4,6,280,0,290,228,0,228,518
10/24/2009,MLB,FL,ASO,ES,Federal Contract Tower,2,7,46,0,55,2,6,159,0,167,4,13,205,0,222,148,0,148,370
10/25/2009,MLB,FL,ASO,ES,Federal Contract Tower,2,6,37,4,49,0,14,119,0,133,2,20,156,4,182,92,0,92,274
10/26/2009,MLB,FL,ASO,ES,Federal Contract Tower,2,10,74,2,88,0,1,215,1,217,2,11,289,3,305,200,4,204,509
10/27/2009,MLB,FL,ASO,ES,Federal Contract Tower,2,9,105,2,118,0,3,156,1,160,2,12,261,3,278,184,0,184,462
10/28/2009,MLB,FL,ASO,ES,Federal Contract Tower,5,12,82,2,101,0,1,164,1,166,5,13,246,3,267,191,0,191,458
10/29/2009,MLB,FL,ASO,ES,Federal Contract Tower,2,6,83,3,94,0,2,180,2,184,2,8,263,5,278,224,0,224,502
10/30/2009,MLB,FL,ASO,ES,Federal Contract Tower,2,7,117,3,129,0,1,96,0,97,2,8,213,3,226,72,0,72,298
10/31/2009,MLB,FL,ASO,ES,Federal Contract Tower,4,4,29,0,37,0,2,175,0,177,4,6,204,0,214,172,0,172,386
11/01/2009,MLB,FL,ASO,ES,Federal Contract Tower,2,10,35,1,48,0,6,85,0,91,2,16,120,1,139,14,0,14,153
11/02/2009,MLB,FL,ASO,ES,Federal Contract Tower,3,10,94,12,119,0,2,142,7,151,3,12,236,19,270,226,0,226,496
11/03/2009,MLB,FL,ASO,ES,Federal Contract Tower,2,7,143,9,161,0,5,68,2,75,2,12,211,11,236,94,6,100,336
11/04/2009,MLB,FL,ASO,ES,Federal Contract Tower,4,8,113,1,126,0,2,171,0,173,4,10,284,1,299,172,0,172,471
11/05/2009,MLB,FL,ASO,ES,Federal Contract Tower,2,5,94,6,107,0,1,145,2,148,2,6,239,8,255,98,12,110,365
11/06/2009,MLB,FL,ASO,ES,Federal Contract Tower,2,10,91,2,105,0,2,181,0,183,2,12,272,2,288,158,0,158,446
11/07/2009,MLB,FL,ASO,ES,Federal Contract Tower,2,10,56,0,68,0,2,121,0,123,2,12,177,0,191,128,0,128,319
11/08/2009,MLB,FL,ASO,ES,Federal Contract Tower,2,11,52,6,71,0,0,55,0,55,2,11,107,6,126,42,0,42,168
11/09/2009,MLB,FL,ASO,ES,Federal Contract Tower,2,12,137,10,161,0,7,96,0,103,2,19,233,10,264,52,4,56,320
11/10/2009,MLB,FL,ASO,ES,Federal Contract Tower,2,10,89,0,101,0,3,133,0,136,2,13,222,0,237,94,0,94,331
11/11/2009,MLB,FL,ASO,ES,Federal Contract Tower,4,11,90,0,105,0,6,86,0,92,4,17,176,0,197,162,0,162,359
11/12/2009,MLB,FL,ASO,ES,Federal Contract Tower,1,10,89,6,106,0,1,41,0,42,1,11,130,6,148,10,0,10,158
11/13/2009,MLB,FL,ASO,ES,Federal Contract Tower,2,12,83,3,100,0,0,221,0,221,2,12,304,3,321,159,0,159,480
11/14/2009,MLB,FL,ASO,ES,Federal Contract Tower,2,12,49,0,63,0,10,242,0,252,2,22,291,0,315,219,0,219,534
11/15/2009,MLB,FL,ASO,ES,Federal Contract Tower,4,11,23,0,38,0,8,128,0,136,4,19,151,0,174,70,0,70,244
11/16/2009,MLB,FL,ASO,ES,Federal Contract Tower,2,11,26,0,39,0,0,89,1,90,2,11,115,1,129,50,0,50,179
11/17/2009,MLB,FL,ASO,ES,Federal Contract Tower,2,7,105,0,114,0,6,220,0,226,2,13,325,0,340,266,0,266,606
11/18/2009,MLB,FL,ASO,ES,Federal Contract Tower,4,10,91,2,107,0,2,236,0,238,4,12,327,2,345,196,0,196,541
11/19/2009,MLB,FL,ASO,ES,Federal Contract Tower,2,13,109,6,130,0,0,188,0,188,2,13,297,6,318,156,0,156,474
11/20/2009,MLB,FL,ASO,ES,Federal Contract Tower,1,11,109,1,122,0,3,148,0,151,1,14,257,1,273,102,0,102,375
11/21/2009,MLB,FL,ASO,ES,Federal Contract Tower,3,13,55,0,71,0,5,196,0,201,3,18,251,0,272,156,0,156,428
11/22/2009,MLB,FL,ASO,ES,Federal Contract Tower,3,9,40,0,52,0,3,86,0,89,3,12,126,0,141,92,43,135,276
11/23/2009,MLB,FL,ASO,ES,Federal Contract Tower,2,16,97,0,115,0,4,72,0,76,2,20,169,0,191,70,0,70,261
11/24/2009,MLB,FL,ASO,ES,Federal Contract Tower,3,13,61,6,83,0,4,150,0,154,3,17,211,6,237,238,2,240,477
11/25/2009,MLB,FL,ASO,ES,Federal Contract Tower,3,16,81,0,100,0,0,14,0,14,3,16,95,0,114,28,0,28,142
11/26/2009,MLB,FL,ASO,ES,Federal Contract Tower,2,7,24,0,33,0,2,41,0,43,2,9,65,0,76,44,0,44,120
11/27/2009,MLB,FL,ASO,ES,Federal Contract Tower,2,8,49,0,59,0,3,116,5,124,2,11,165,5,183,70,16,86,269
11/28/2009,MLB,FL,ASO,ES,Federal Contract Tower,2,8,25,0,35,0,2,154,1,157,2,10,179,1,192,178,0,178,370
11/29/2009,MLB,FL,ASO,ES,Federal Contract Tower,2,12,53,0,67,0,2,90,0,92,2,14,143,0,159,140,0,140,299
11/30/2009,MLB,FL,ASO,ES,Federal Contract Tower,3,16,37,2,58,0,3,223,0,226,3,19,260,2,284,264,0,264,548
12/01/2009,MLB,FL,ASO,ES,Federal Contract Tower,1,10,69,0,80,0,3,247,0,250,1,13,316,0,330,240,0,240,570
12/02/2009,MLB,FL,ASO,ES,Federal Contract Tower,2,17,39,2,60,9,0,99,2,110,11,17,138,4,170,104,4,108,278
12/03/2009,MLB,FL,ASO,ES,Federal Contract Tower,2,12,61,0,75,0,1,123,0,124,2,13,184,0,199,186,0,186,385
12/04/2009,MLB,FL,ASO,ES,Federal Contract Tower,1,9,53,0,63,0,0,0,0,0,1,9,53,0,63,0,0,0,63
12/05/2009,MLB,FL,ASO,ES,Federal Contract Tower,4,6,21,7,38,0,5,11,7,23,4,11,32,14,61,4,2,6,67
12/06/2009,MLB,FL,ASO,ES,Federal Contract Tower,2,8,46,1,57,0,10,170,2,182,2,18,216,3,239,140,0,140,379
12/07/2009,MLB,FL,ASO,ES,Federal Contract Tower,1,11,85,13,110,0,5,145,0,150,1,16,230,13,260,152,14,166,426
12/08/2009,MLB,FL,ASO,ES,Federal Contract Tower,2,7,91,12,112,0,0,115,4,119,2,7,206,16,231,146,0,146,377
12/09/2009,MLB,FL,ASO,ES,Federal Contract Tower,4,10,95,0,109,0,3,106,0,109,4,13,201,0,218,128,0,128,346
12/10/2009,MLB,FL,ASO,ES,Federal Contract Tower,2,13,65,2,82,0,0,51,7,58,2,13,116,9,140,84,0,84,224
12/11/2009,MLB,FL,ASO,ES,Federal Contract Tower,2,12,110,3,127,0,2,177,1,180,2,14,287,4,307,230,0,230,537
12/12/2009,MLB,FL,ASO,ES,Federal Contract Tower,4,8,51,0,63,0,0,56,0,56,4,8,107,0,119,36,0,36,155
12/13/2009,MLB,FL,ASO,ES,Federal Contract Tower,2,8,41,0,51,0,0,100,0,100,2,8,141,0,151,76,0,76,227
12/14/2009,MLB,FL,ASO,ES,Federal Contract Tower,2,10,100,9,121,0,0,126,2,128,2,10,226,11,249,182,2,184,433
12/15/2009,MLB,FL,ASO,ES,Federal Contract Tower,5,13,62,2,82,0,0,139,0,139,5,13,201,2,221,180,0,180,401
12/16/2009,MLB,FL,ASO,ES,Federal Contract Tower,4,10,67,13,94,0,4,65,0,69,4,14,132,13,163,121,0,121,284
12/17/2009,MLB,FL,ASO,ES,Federal Contract Tower,1,11,108,1,121,0,2,36,0,38,1,13,144,1,159,70,12,82,241
12/18/2009,MLB,FL,ASO,ES,Federal Contract Tower,2,9,44,1,56,0,2,8,0,10,2,11,52,1,66,0,0,0,66
12/19/2009,MLB,FL,ASO,ES,Federal Contract Tower,1,10,40,0,51,0,8,73,0,81,1,18,113,0,132,42,0,42,174
12/20/2009,MLB,FL,ASO,ES,Federal Contract Tower,3,13,30,1,47,0,0,78,0,78,3,13,108,1,125,34,0,34,159
12/21/2009,MLB,FL,ASO,ES,Federal Contract Tower,5,15,69,2,91,0,4,133,0,137,5,19,202,2,228,84,0,84,312
12/22/2009,MLB,FL,ASO,ES,Federal Contract Tower,2,12,59,2,75,0,2,119,0,121,2,14,178,2,196,114,0,114,310
12/23/2009,MLB,FL,ASO,ES,Federal Contract Tower,7,6,49,0,62,0,7,94,0,101,7,13,143,0,163,46,0,46,209
12/24/2009,MLB,FL,ASO,ES,Federal Contract Tower,0,8,13,0,21,0,2,40,0,42,0,10,53,0,63,24,0,24,87
12/25/2009,MLB,FL,ASO,ES,Federal Contract Tower,2,8,3,0,13,0,4,7,0,11,2,12,10,0,24,0,0,0,24
12/26/2009,MLB,FL,ASO,ES,Federal Contract Tower,2,7,20,0,29,0,0,48,2,50,2,7,68,2,79,6,0,6,85
12/27/2009,MLB,FL,ASO,ES,Federal Contract Tower,4,10,32,0,46,0,7,40,0,47,4,17,72,0,93,6,0,6,99
12/28/2009,MLB,FL,ASO,ES,Federal Contract Tower,4,10,35,0,49,0,7,53,0,60,4,17,88,0,109,24,0,24,133
12/29/2009,MLB,FL,ASO,ES,Federal Contract Tower,2,11,26,8,47,0,0,91,0,91,2,11,117,8,138,62,2,64,202
12/30/2009,MLB,FL,ASO,ES,Federal Contract Tower,5,7,33,0,45,0,0,82,0,82,5,7,115,0,127,64,0,64,191
12/31/2009,MLB,FL,ASO,ES,Federal Contract Tower,2,6,15,0,23,0,5,77,0,82,2,11,92,0,105,40,0,40,145
01/01/2010,MLB,FL,ASO,ES,Federal Contract Tower,1,10,13,0,24,0,1,5,0,6,1,11,18,0,30,0,0,0,30
01/02/2010,MLB,FL,ASO,ES,Federal Contract Tower,3,9,16,0,28,0,0,40,0,40,3,9,56,0,68,28,0,28,96
01/03/2010,MLB,FL,ASO,ES,Federal Contract Tower,4,8,42,0,54,0,2,39,0,41,4,10,81,0,95,12,0,12,107
01/04/2010,MLB,FL,ASO,ES,Federal Contract Tower,6,7,46,0,59,0,0,92,0,92,6,7,138,0,151,92,0,92,243
01/05/2010,MLB,FL,ASO,ES,Federal Contract Tower,3,10,51,0,64,0,6,81,0,87,3,16,132,0,151,58,0,58,209
01/06/2010,MLB,FL,ASO,ES,Federal Contract Tower,3,3,63,1,70,0,2,80,0,82,3,5,143,1,152,70,0,70,222
01/07/2010,MLB,FL,ASO,ES,Federal Contract Tower,1,8,54,6,69,0,2,72,2,76,1,10,126,8,145,72,0,72,217
01/08/2010,MLB,FL,ASO,ES,Federal Contract Tower,1,7,37,9,54,0,0,72,0,72,1,7,109,9,126,88,0,88,214
01/09/2010,MLB,FL,ASO,ES,Federal Contract Tower,1,9,20,0,30,0,0,3,0,3,1,9,23,0,33,0,0,0,33
01/10/2010,MLB,FL,ASO,ES,Federal Contract Tower,2,10,26,0,38,0,3,46,0,49,2,13,72,0,87,44,0,44,131
01/11/2010,MLB,FL,ASO,ES,Federal Contract Tower,3,9,35,0,47,0,2,121,0,123,3,11,156,0,170,212,0,212,382
01/12/2010,MLB,FL,ASO,ES,Federal Contract Tower,1,11,37,2,51,0,3,93,1,97,1,14,130,3,148,64,2,66,214
01/13/2010,MLB,FL,ASO,ES,Federal Contract Tower,3,8,56,0,67,0,2,118,0,120,3,10,174,0,187,170,0,170,357
01/14/2010,MLB,FL,ASO,ES,Federal Contract Tower,2,7,48,0,57,0,3,161,0,164,2,10,209,0,221,170,1,171,392
01/15/2010,MLB,FL,ASO,ES,Federal Contract Tower,2,6,61,4,73,2,0,191,0,193,4,6,252,4,266,176,0,176,442
01/16/2010,MLB,FL,ASO,ES,Federal Contract Tower,1,7,45,0,53,0,0,86,0,86,1,7,131,0,139,72,0,72,211
01/17/2010,MLB,FL,ASO,ES,Federal Contract Tower,2,6,17,0,25,0,2,34,0,36,2,8,51,0,61,30,0,30,91
01/18/2010,MLB,FL,ASO,ES,Federal Contract Tower,2,12,81,1,96,0,3,169,0,172,2,15,250,1,268,190,0,190,458
01/19/2010,MLB,FL,ASO,ES,Federal Contract Tower,3,9,89,3,104,0,3,172,1,176,3,12,261,4,280,235,6,241,521
01/20/2010,MLB,FL,ASO,ES,Federal Contract Tower,6,10,90,0,106,0,3,223,0,226,6,13,313,0,332,232,4,236,568
01/21/2010,MLB,FL,ASO,ES,Federal Contract Tower,2,8,33,2,45,0,4,68,0,72,2,12,101,2,117,75,0,75,192
01/22/2010,MLB,FL,ASO,ES,Federal Contract Tower,3,10,76,1,90,0,4,103,1,108,3,14,179,2,198,158,6,164,362
01/23/2010,MLB,FL,ASO,ES,Federal Contract Tower,1,11,50,1,63,0,4,204,0,208,1,15,254,1,271,140,0,140,411
01/24/2010,MLB,FL,ASO,ES,Federal Contract Tower,1,7,32,0,40,0,10,49,0,59,1,17,81,0,99,4,0,4,103
01/25/2010,MLB,FL,ASO,ES,Federal Contract Tower,2,9,50,0,61,0,2,116,0,118,2,11,166,0,179,130,1,131,310
01/26/2010,MLB,FL,ASO,ES,Federal Contract Tower,2,7,79,0,88,0,9,183,0,192,2,16,262,0,280,214,0,214,494
01/27/2010,MLB,FL,ASO,ES,Federal Contract Tower,2,6,76,0,84,0,2,205,0,207,2,8,281,0,291,276,0,276,567
01/28/2010,MLB,FL,ASO,ES,Federal Contract Tower,2,9,79,2,92,0,0,147,0,147,2,9,226,2,239,242,0,242,481
01/29/2010,MLB,FL,ASO,ES,Federal Contract Tower,3,10,89,1,103,0,4,269,0,273,3,14,358,1,376,177,0,177,553
01/30/2010,MLB,FL,ASO,ES,Federal Contract Tower,2,7,26,5,40,0,5,34,3,42,2,12,60,8,82,8,3,11,93
01/31/2010,MLB,FL,ASO,ES,Federal Contract Tower,2,10,41,1,54,0,5,16,0,21,2,15,57,1,75,16,0,16,91
02/01/2010,MLB,FL,ASO,ES,Federal Contract Tower,2,12,78,0,92,0,0,6,0,6,2,12,84,0,98,32,0,32,130
02/02/2010,MLB,FL,ASO,ES,Federal Contract Tower,3,10,70,3,86,0,2,34,0,36,3,12,104,3,122,56,0,56,178
02/03/2010,MLB,FL,ASO,ES,Federal Contract Tower,1,15,104,0,120,0,8,193,0,201,1,23,297,0,321,234,0,234,555
02/04/2010,MLB,FL,ASO,ES,Federal Contract Tower,8,10,100,1,119,0,5,216,0,221,8,15,316,1,340,166,0,166,506
02/05/2010,MLB,FL,ASO,ES,Federal Contract Tower,2,8,55,2,67,0,5,75,0,80,2,13,130,2,147,32,0,32,179
02/06/2010,MLB,FL,ASO,ES,Federal Contract Tower,2,6,60,2,70,0,11,102,0,113,2,17,162,2,183,32,0,32,215
02/07/2010,MLB,FL,ASO,ES,Federal Contract Tower,5,9,23,0,37,0,3,107,0,110,5,12,130,0,147,54,0,54,201
02/08/2010,MLB,FL,ASO,ES,Federal Contract Tower,3,8,84,6,101,0,4,209,4,217,3,12,293,10,318,182,0,182,500
02/09/2010,MLB,FL,ASO,ES,Federal Contract Tower,2,10,57,10,79,0,0,75,0,75,2,10,132,10,154,62,0,62,216
02/10/2010,MLB,FL,ASO,ES,Federal Contract Tower,3,8,69,0,80,0,0,145,0,145,3,8,214,0,225,92,0,92,317
02/11/2010,MLB,FL,ASO,ES,Federal Contract Tower,11,12,92,2,117,0,0,212,0,212,11,12,304,2,329,169,0,169,498
02/12/2010,MLB,FL,ASO,ES,Federal Contract Tower,5,7,77,0,89,0,0,61,0,61,5,7,138,0,150,32,0,32,182
02/13/2010,MLB,FL,ASO,ES,Federal Contract Tower,8,3,32,0,43,0,3,106,0,109,8,6,138,0,152,158,0,158,310
02/14/2010,MLB,FL,ASO,ES,Federal Contract Tower,14,7,29,0,50,0,2,103,0,105,14,9,132,0,155,90,0,90,245
02/15/2010,MLB,FL,ASO,ES,Federal Contract Tower,8,11,55,0,74,0,1,183,0,184,8,12,238,0,258,122,0,122,380
02/16/2010,MLB,FL,ASO,ES,Federal Contract Tower,10,17,92,3,122,0,4,153,2,159,10,21,245,5,281,114,26,140,421
02/17/2010,MLB,FL,ASO,ES,Federal Contract Tower,11,9,70,2,92,0,4,175,0,179,11,13,245,2,271,136,0,136,407
02/18/2010,MLB,FL,ASO,ES,Federal Contract Tower,13,8,73,0,94,0,3,194,0,197,13,11,267,0,291,150,0,150,441
02/19/2010,MLB,FL,ASO,ES,Federal Contract Tower,9,8,127,1,145,0,3,270,0,273,9,11,397,1,418,246,0,246,664
02/20/2010,MLB,FL,ASO,ES,Federal Contract Tower,12,14,98,0,124,0,5,254,0,259,12,19,352,0,383,134,0,134,517
02/21/2010,MLB,FL,ASO,ES,Federal Contract Tower,16,6,51,1,74,0,6,134,0,140,16,12,185,1,214,74,0,74,288
02/22/2010,MLB,FL,ASO,ES,Federal Contract Tower,13,6,65,0,84,0,0,144,0,144,13,6,209,0,228,182,0,182,410
02/23/2010,MLB,FL,ASO,ES,Federal Contract Tower,10,7,87,9,113,0,2,90,0,92,10,9,177,9,205,432,0,432,637
02/24/2010,MLB,FL,ASO,ES,Federal Contract Tower,15,6,65,2,88,0,0,65,0,65,15,6,130,2,153,426,0,426,579
02/25/2010,MLB,FL,ASO,ES,Federal Contract Tower,14,9,76,0,99,0,2,153,0,155,14,11,229,0,254,120,0,120,374
02/26/2010,MLB,FL,ASO,ES,Federal Contract Tower,16,12,73,0,101,0,3,259,0,262,16,15,332,0,363,262,0,262,625
02/27/2010,MLB,FL,ASO,ES,Federal Contract Tower,12,6,55,0,73,0,4,95,0,99,12,10,150,0,172,158,0,158,330
02/28/2010,MLB,FL,ASO,ES,Federal Contract Tower,15,8,43,0,66,0,1,102,0,103,15,9,145,0,169,145,0,145,314
03/01/2010,MLB,FL,ASO,ES,Federal Contract Tower,14,10,72,0,96,0,7,266,0,273,14,17,338,0,369,258,0,258,627
03/02/2010,MLB,FL,ASO,ES,Federal Contract Tower,8,3,25,2,38,0,2,16,0,18,8,5,41,2,56,18,0,18,74
03/03/2010,MLB,FL,ASO,ES,Federal Contract Tower,14,7,72,0,93,0,8,124,0,132,14,15,196,0,225,153,0,153,378
03/04/2010,MLB,FL,ASO,ES,Federal Contract Tower,18,8,77,0,103,0,7,170,0,177,18,15,247,0,280,228,0,228,508
03/05/2010,MLB,FL,ASO,ES,Federal Contract Tower,14,4,91,0,109,0,5,190,0,195,14,9,281,0,304,188,0,188,492
03/06/2010,MLB,FL,ASO,ES,Federal Contract Tower,18,6,61,0,85,0,9,113,0,122,18,15,174,0,207,170,0,170,377
03/07/2010,MLB,FL,ASO,ES,Federal Contract Tower,17,8,42,0,67,0,12,137,0,149,17,20,179,0,216,60,0,60,276
03/08/2010,MLB,FL,ASO,ES,Federal Contract Tower,17,9,49,2,77,0,4,152,0,156,17,13,201,2,233,212,0,212,445
03/09/2010,MLB,FL,ASO,ES,Federal Contract Tower,13,6,71,0,90,0,2,147,0,149,13,8,218,0,239,213,0,213,452
03/10/2010,MLB,FL,ASO,ES,Federal Contract Tower,13,6,51,0,70,0,4,172,0,176,13,10,223,0,246,226,0,226,472
03/11/2010,MLB,FL,ASO,ES,Federal Contract Tower,15,8,39,0,62,0,0,12,0,12,15,8,51,0,74,8,0,8,82
03/12/2010,MLB,FL,ASO,ES,Federal Contract Tower,16,9,29,0,54,0,1,0,0,1,16,10,29,0,55,0,0,0,55
03/13/2010,MLB,FL,ASO,ES,Federal Contract Tower,16,10,92,1,119,0,13,118,0,131,16,23,210,1,250,100,0,100,350
03/14/2010,MLB,FL,ASO,ES,Federal Contract Tower,17,10,61,0,88,0,2,99,0,101,17,12,160,0,189,78,0,78,267
03/15/2010,MLB,FL,ASO,ES,Federal Contract Tower,16,4,74,0,94,0,3,152,1,156,16,7,226,1,250,146,0,146,396
03/16/2010,MLB,FL,ASO,ES,Federal Contract Tower,13,7,88,0,108,0,7,190,0,197,13,14,278,0,305,262,0,262,567
03/17/2010,MLB,FL,ASO,ES,Federal Contract Tower,10,7,95,2,114,0,0,196,0,196,10,7,291,2,310,324,0,324,634
03/18/2010,MLB,FL,ASO,ES,Federal Contract Tower,20,11,66,1,98,0,1,182,2,185,20,12,248,3,283,154,6,160,443
03/19/2010,MLB,FL,ASO,ES,Federal Contract Tower,13,7,86,1,107,0,1,211,1,213,13,8,297,2,320,274,0,274,594
03/20/2010,MLB,FL,ASO,ES,Federal Contract Tower,16,6,47,10,79,0,4,248,1,253,16,10,295,11,332,214,0,214,546
03/21/2010,MLB,FL,ASO,ES,Federal Contract Tower,18,9,62,1,90,0,0,52,1,53,18,9,114,2,143,16,0,16,159
03/22/2010,MLB,FL,ASO,ES,Federal Contract Tower,13,10,57,5,85,0,4,137,0,141,13,14,194,5,226,210,0,210,436
03/23/2010,MLB,FL,ASO,ES,Federal Contract Tower,10,9,69,3,91,0,0,195,0,195,10,9,264,3,286,262,2,264,550
03/24/2010,MLB,FL,ASO,ES,Federal Contract Tower,12,12,64,5,93,0,5,206,1,212,12,17,270,6,305,232,1,233,538
03/25/2010,MLB,FL,ASO,ES,Federal Contract Tower,16,10,80,11,117,0,1,148,1,150,16,11,228,12,267,72,1,73,340
03/26/2010,MLB,FL,ASO,ES,Federal Contract Tower,16,8,98,1,123,0,0,103,0,103,16,8,201,1,226,98,0,98,324
03/27/2010,MLB,FL,ASO,ES,Federal Contract Tower,12,8,49,0,69,0,7,184,0,191,12,15,233,0,260,154,0,154,414
03/28/2010,MLB,FL,ASO,ES,Federal Contract Tower,15,14,53,0,82,0,2,57,0,59,15,16,110,0,141,40,0,40,181
03/29/2010,MLB,FL,ASO,ES,Federal Contract Tower,16,6,59,2,83,0,2,62,0,64,16,8,121,2,147,58,0,58,205
03/30/2010,MLB,FL,ASO,ES,Federal Contract Tower,11,4,66,0,81,0,5,163,0,168,11,9,229,0,249,304,0,304,553
03/31/2010,MLB,FL,ASO,ES,Federal Contract Tower,13,17,74,0,104,0,2,227,0,229,13,19,301,0,333,318,0,318,651
04/01/2010,MLB,FL,ASO,ES,Federal Contract Tower,15,9,76,0,100,0,3,178,0,181,15,12,254,0,281,150,0,150,431
04/02/2010,MLB,FL,ASO,ES,Federal Contract Tower,14,3,111,0,128,0,2,198,0,200,14,5,309,0,328,234,0,234,562
04/03/2010,MLB,FL,ASO,ES,Federal Contract Tower,13,8,59,0,80,0,5,168,0,173,13,13,227,0,253,210,0,210,463
04/04/2010,MLB,FL,ASO,ES,Federal Contract Tower,19,8,35,0,62,0,10,82,1,93,19,18,117,1,155,56,0,56,211
04/05/2010,MLB,FL,ASO,ES,Federal Contract Tower,18,6,92,0,116,0,6,170,0,176,18,12,262,0,292,168,0,168,460
04/06/2010,MLB,FL,ASO,ES,Federal Contract Tower,17,1,106,0,124,0,0,154,0,154,17,1,260,0,278,208,0,208,486
04/07/2010,MLB,FL,ASO,ES,Federal Contract Tower,16,4,96,8,124,0,2,187,0,189,16,6,283,8,313,192,2,194,507
04/08/2010,MLB,FL,ASO,ES,Federal Contract Tower,18,3,95,0,116,0,4,178,0,182,18,7,273,0,298,172,0,172,470
04/09/2010,MLB,FL,ASO,ES,Federal Contract Tower,17,3,71,0,91,0,4,79,0,83,17,7,150,0,174,98,0,98,272
04/10/2010,MLB,FL,ASO,ES,Federal Contract Tower,17,1,112,0,130,0,11,182,0,193,17,12,294,0,323,150,0,150,473
04/11/2010,MLB,FL,ASO,ES,Federal Contract Tower,21,6,41,0,68,0,4,62,0,66,21,10,103,0,134,44,0,44,178
04/12/2010,MLB,FL,ASO,ES,Federal Contract Tower,16,0,62,0,78,0,4,139,0,143,16,4,201,0,221,199,0,199,420
04/13/2010,MLB,FL,ASO,ES,Federal Contract Tower,17,2,100,0,119,0,2,132,0,134,17,4,232,0,253,230,0,230,483
04/14/2010,MLB,FL,ASO,ES,Federal Contract Tower,14,3,68,0,85,0,6,170,0,176,14,9,238,0,261,192,0,192,453
04/15/2010,MLB,FL,ASO,ES,Federal Contract Tower,21,1,60,1,83,0,4,124,1,129,21,5,184,2,212,170,0,170,382
04/16/2010,MLB,FL,ASO,ES,Federal Contract Tower,21,1,109,0,131,0,3,170,0,173,21,4,279,0,304,142,0,142,446
04/17/2010,MLB,FL,ASO,ES,Federal Contract Tower,14,2,46,2,64,0,2,124,0,126,14,4,170,2,190,94,0,94,284
04/18/2010,MLB,FL,ASO,ES,Federal Contract Tower,17,3,35,0,55,0,3,39,0,42,17,6,74,0,97,108,0,108,205
04/19/2010,MLB,FL,ASO,ES,Federal Contract Tower,24,1,91,4,120,0,0,173,0,173,24,1,264,4,293,209,10,219,512
04/20/2010,MLB,FL,ASO,ES,Federal Contract Tower,18,1,49,0,68,0,0,156,2,158,18,1,205,2,226,318,0,318,544
04/21/2010,MLB,FL,ASO,ES,Federal Contract Tower,17,0,62,0,79,0,6,139,0,145,17,6,201,0,224,378,0,378,602
04/22/2010,MLB,FL,ASO,ES,Federal Contract Tower,15,5,86,0,106,0,4,212,0,216,15,9,298,0,322,206,0,206,528
04/23/2010,MLB,FL,ASO,ES,Federal Contract Tower,16,3,82,2,103,0,12,197,0,209,16,15,279,2,312,232,0,232,544
04/24/2010,MLB,FL,ASO,ES,Federal Contract Tower,17,0,74,2,93,0,4,118,0,122,17,4,192,2,215,94,2,96,311
04/25/2010,MLB,FL,ASO,ES,Federal Contract Tower,15,2,39,1,57,0,2,28,0,30,15,4,67,1,87,54,0,54,141
04/26/2010,MLB,FL,ASO,ES,Federal Contract Tower,18,5,85,2,110,0,2,113,0,115,18,7,198,2,225,172,0,172,397
04/27/2010,MLB,FL,ASO,ES,Federal Contract Tower,16,1,65,0,82,0,6,177,2,185,16,7,242,2,267,235,0,235,502
04/28/2010,MLB,FL,ASO,ES,Federal Contract Tower,17,3,84,0,104,0,0,213,0,213,17,3,297,0,317,222,0,222,539
04/29/2010,MLB,FL,ASO,ES,Federal Contract Tower,11,3,107,2,123,0,4,238,0,242,11,7,345,2,365,213,0,213,578
04/30/2010,MLB,FL,ASO,ES,Federal Contract Tower,14,3,89,4,110,0,7,133,0,140,14,10,222,4,250,116,0,116,366
05/01/2010,MLB,FL,ASO,ES,Federal Contract Tower,14,0,77,0,91,0,5,137,0,142,14,5,214,0,233,168,0,168,401
05/02/2010,MLB,FL,ASO,ES,Federal Contract Tower,14,0,59,5,78,0,2,84,0,86,14,2,143,5,164,38,0,38,202
05/03/2010,MLB,FL,ASO,ES,Federal Contract Tower,20,2,85,2,109,0,2,171,0,173,20,4,256,2,282,172,0,172,454
05/04/2010,MLB,FL,ASO,ES,Federal Contract Tower,15,5,70,3,93,0,3,128,0,131,15,8,198,3,224,205,0,205,429
05/05/2010,MLB,FL,ASO,ES,Federal Contract Tower,15,2,98,0,115,0,2,44,10,56,15,4,142,10,171,60,0,60,231
05/06/2010,MLB,FL,ASO,ES,Federal Contract Tower,17,1,48,0,66,0,2,141,0,143,17,3,189,0,209,157,1,158,367
05/07/2010,MLB,FL,ASO,ES,Federal Contract Tower,17,0,97,0,114,0,2,149,0,151,17,2,246,0,265,160,0,160,425
05/08/2010,MLB,FL,ASO,ES,Federal Contract Tower,18,0,54,1,73,0,8,172,1,181,18,8,226,2,254,134,0,134,388
05/09/2010,MLB,FL,ASO,ES,Federal Contract Tower,18,1,56,0,75,0,5,97,0,102,18,6,153,0,177,186,0,186,363
05/10/2010,MLB,FL,ASO,ES,Federal Contract Tower,16,3,95,0,114,0,7,150,0,157,16,10,245,0,271,161,0,161,432
05/11/2010,MLB,FL,ASO,ES,Federal Contract Tower,13,2,101,0,116,0,2,138,0,140,13,4,239,0,256,150,0,150,406
05/12/2010,MLB,FL,ASO,ES,Federal Contract Tower,14,8,91,0,113,0,3,116,0,119,14,11,207,0,232,172,0,172,404
05/13/2010,MLB,FL,ASO,ES,Federal Contract Tower,16,4,114,4,138,0,4,186,0,190,16,8,300,4,328,194,0,194,522
05/14/2010,MLB,FL,ASO,ES,Federal Contract Tower,19,5,66,0,90,0,3,58,0,61,19,8,124,0,151,100,0,100,251
05/15/2010,MLB,FL,ASO,ES,Federal Contract Tower,10,5,48,0,63,0,6,120,0,126,10,11,168,0,189,130,0,130,319
05/16/2010,MLB,FL,ASO,ES,Federal Contract Tower,9,7,45,1,62,0,3,81,0,84,9,10,126,1,146,72,0,72,218
05/17/2010,MLB,FL,ASO,ES,Federal Contract Tower,17,5,41,8,71,0,2,41,0,43,17,7,82,8,114,54,18,72,186
05/18/2010,MLB,FL,ASO,ES,Federal Contract Tower,11,5,55,3,74,0,1,114,1,116,11,6,169,4,190,116,0,116,306
05/19/2010,MLB,FL,ASO,ES,Federal Contract Tower,11,8,56,0,75,0,4,132,0,136,11,12,188,0,211,154,0,154,365
05/20/2010,MLB,FL,ASO,ES,Federal Contract Tower,12,6,78,0,96,0,0,187,0,187,12,6,265,0,283,158,0,158,441
05/21/2010,MLB,FL,ASO,ES,Federal Contract Tower,8,5,85,1,99,0,7,118,0,125,8,12,203,1,224,108,0,108,332
05/22/2010,MLB,FL,ASO,ES,Federal Contract Tower,11,2,57,0,70,0,11,127,0,138,11,13,184,0,208,100,0,100,308
05/23/2010,MLB,FL,ASO,ES,Federal Contract Tower,13,4,38,0,55,0,4,95,0,99,13,8,133,0,154,26,0,26,180
05/24/2010,MLB,FL,ASO,ES,Federal Contract Tower,15,2,83,0,100,0,9,127,0,136,15,11,210,0,236,216,0,216,452
05/25/2010,MLB,FL,ASO,ES,Federal Contract Tower,45,5,57,0,107,0,4,89,1,94,45,9,146,1,201,152,0,152,353
05/26/2010,MLB,FL,ASO,ES,Federal Contract Tower,14,8,81,0,103,0,5,149,0,154,14,13,230,0,257,214,0,214,471
05/27/2010,MLB,FL,ASO,ES,Federal Contract Tower,12,8,92,1,113,0,5,129,1,135,12,13,221,2,248,196,0,196,444
05/28/2010,MLB,FL,ASO,ES,Federal Contract Tower,14,2,89,2,107,0,2,133,0,135,14,4,222,2,242,112,0,112,354
05/29/2010,MLB,FL,ASO,ES,Federal Contract Tower,9,6,59,0,74,0,6,76,0,82,9,12,135,0,156,78,0,78,234
05/30/2010,MLB,FL,ASO,ES,Federal Contract Tower,9,3,24,0,36,0,2,43,0,45,9,5,67,0,81,28,0,28,109
05/31/2010,MLB,FL,ASO,ES,Federal Contract Tower,12,10,59,0,81,0,0,99,0,99,12,10,158,0,180,34,0,34,214
06/01/2010,MLB,FL,ASO,ES,Federal Contract Tower,14,6,77,0,97,0,2,107,0,109,14,8,184,0,206,100,0,100,306
06/02/2010,MLB,FL,ASO,ES,Federal Contract Tower,14,5,107,1,127,0,2,93,0,95,14,7,200,1,222,108,0,108,330
06/03/2010,MLB,FL,ASO,ES,Federal Contract Tower,11,6,75,0,92,0,5,109,0,114,11,11,184,0,206,116,0,116,322
06/04/2010,MLB,FL,ASO,ES,Federal Contract Tower,12,5,27,0,44,0,1,132,0,133,12,6,159,0,177,114,0,114,291
06/05/2010,MLB,FL,ASO,ES,Federal Contract Tower,8,9,71,0,88,0,11,114,0,125,8,20,185,0,213,58,0,58,271
06/06/2010,MLB,FL,ASO,ES,Federal Contract Tower,10,4,38,0,52,0,0,82,0,82,10,4,120,0,134,72,0,72,206
06/07/2010,MLB,FL,ASO,ES,Federal Contract Tower,12,6,45,4,67,0,7,93,0,100,12,13,138,4,167,92,8,100,267
06/08/2010,MLB,FL,ASO,ES,Federal Contract Tower,11,6,101,1,119,0,4,194,0,198,11,10,295,1,317,170,0,170,487
06/09/2010,MLB,FL,ASO,ES,Federal Contract Tower,11,8,114,2,135,0,7,194,0,201,11,15,308,2,336,204,2,206,542
06/10/2010,MLB,FL,ASO,ES,Federal Contract Tower,7,8,108,0,123,0,2,110,0,112,7,10,218,0,235,144,0,144,379
06/11/2010,MLB,FL,ASO,ES,Federal Contract Tower,7,4,71,1,83,0,5,130,0,135,7,9,201,1,218,97,0,97,315
06/12/2010,MLB,FL,ASO,ES,Federal Contract Tower,7,8,50,2,67,0,8,136,0,144,7,16,186,2,211,142,0,142,353
06/13/2010,MLB,FL,ASO,ES,Federal Contract Tower,8,10,51,1,70,0,7,45,0,52,8,17,96,1,122,20,0,20,142
06/14/2010,MLB,FL,ASO,ES,Federal Contract Tower,10,6,67,1,84,0,9,136,2,147,10,15,203,3,231,128,0,128,359
06/15/2010,MLB,FL,ASO,ES,Federal Contract Tower,8,7,56,6,77,0,7,157,1,165,8,14,213,7,242,154,0,154,396
06/16/2010,MLB,FL,ASO,ES,Federal Contract Tower,9,10,83,0,102,0,0,169,0,169,9,10,252,0,271,212,0,212,483
06/17/2010,MLB,FL,ASO,ES,Federal Contract Tower,10,6,73,2,91,0,0,118,0,118,10,6,191,2,209,204,0,204,413
06/18/2010,MLB,FL,ASO,ES,Federal Contract Tower,5,5,71,0,81,0,3,93,0,96,5,8,164,0,177,52,0,52,229
06/19/2010,MLB,FL,ASO,ES,Federal Contract Tower,8,15,42,0,65,0,5,135,0,140,8,20,177,0,205,128,0,128,333
06/20/2010,MLB,FL,ASO,ES,Federal Contract Tower,8,7,31,0,46,0,3,56,0,59,8,10,87,0,105,6,0,6,111
06/21/2010,MLB,FL,ASO,ES,Federal Contract Tower,10,5,89,0,104,0,5,188,0,193,10,10,277,0,297,234,0,234,531
06/22/2010,MLB,FL,ASO,ES,Federal Contract Tower,9,10,68,1,88,0,2,188,0,190,9,12,256,1,278,133,0,133,411
06/23/2010,MLB,FL,ASO,ES,Federal Contract Tower,12,11,111,0,134,0,2,220,0,222,12,13,331,0,356,214,0,214,570
06/24/2010,MLB,FL,ASO,ES,Federal Contract Tower,10,9,123,17,159,0,0,200,3,203,10,9,323,20,362,198,2,200,562
06/25/2010,MLB,FL,ASO,ES,Federal Contract Tower,11,9,118,1,139,0,5,196,0,201,11,14,314,1,340,242,0,242,582
06/26/2010,MLB,FL,ASO,ES,Federal Contract Tower,8,8,90,0,106,0,3,140,0,143,8,11,230,0,249,160,0,160,409
06/27/2010,MLB,FL,ASO,ES,Federal Contract Tower,7,8,37,2,54,0,5,78,0,83,7,13,115,2,137,62,0,62,199
06/28/2010,MLB,FL,ASO,ES,Federal Contract Tower,10,8,83,0,101,0,4,148,0,152,10,12,231,0,253,232,0,232,485
06/29/2010,MLB,FL,ASO,ES,Federal Contract Tower,9,6,101,0,116,0,0,186,0,186,9,6,287,0,302,238,0,238,540
06/30/2010,MLB,FL,ASO,ES,Federal Contract Tower,10,10,109,0,129,0,3,173,0,176,10,13,282,0,305,262,0,262,567
07/01/2010,MLB,FL,ASO,ES,Federal Contract Tower,8,11,95,6,120,0,0,148,1,149,8,11,243,7,269,406,3,409,678
07/02/2010,MLB,FL,ASO,ES,Federal Contract Tower,8,6,75,0,89,0,0,116,0,116,8,6,191,0,205,303,0,303,508
07/03/2010,MLB,FL,ASO,ES,Federal Contract Tower,7,21,60,0,88,0,6,53,0,59,7,27,113,0,147,112,0,112,259
07/04/2010,MLB,FL,ASO,ES,Federal Contract Tower,6,10,15,0,31,0,5,55,0,60,6,15,70,0,91,54,0,54,145
07/05/2010,MLB,FL,ASO,ES,Federal Contract Tower,10,5,33,0,48,0,0,48,0,48,10,5,81,0,96,153,0,153,249
07/06/2010,MLB,FL,ASO,ES,Federal Contract Tower,10,7,89,0,106,0,5,172,0,177,10,12,261,0,283,463,0,463,746
07/07/2010,MLB,FL,ASO,ES,Federal Contract Tower,7,9,77,5,98,0,6,167,1,174,7,15,244,6,272,374,0,374,646
07/08/2010,MLB,FL,ASO,ES,Federal Contract Tower,9,6,96,1,112,0,8,207,0,215,9,14,303,1,327,646,0,646,973
07/09/2010,MLB,FL,ASO,ES,Federal Contract Tower,11,5,37,1,54,0,9,195,0,204,11,14,232,1,258,355,0,355,613
07/10/2010,MLB,FL,ASO,ES,Federal Contract Tower,7,6,42,0,55,0,12,130,0,142,7,18,172,0,197,286,0,286,483
07/11/2010,MLB,FL,ASO,ES,Federal Contract Tower,7,7,30,1,45,0,5,61,0,66,7,12,91,1,111,124,0,124,235
07/12/2010,MLB,FL,ASO,ES,Federal Contract Tower,9,7,41,0,57,0,2,129,0,131,9,9,170,0,188,264,0,264,452
07/13/2010,MLB,FL,ASO,ES,Federal Contract Tower,10,8,69,0,87,0,4,185,0,189,10,12,254,0,276,404,0,404,680
07/14/2010,MLB,FL,ASO,ES,Federal Contract Tower,9,8,75,4,96,0,3,247,0,250,9,11,322,4,346,362,0,362,708
07/15/2010,MLB,FL,ASO,ES,Federal Contract Tower,9,12,55,0,76,0,6,198,0,204,9,18,253,0,280,342,0,342,622
07/16/2010,MLB,FL,ASO,ES,Federal Contract Tower,8,10,62,1,81,0,6,177,0,183,8,16,239,1,264,342,0,342,606
07/17/2010,MLB,FL,ASO,ES,Federal Contract Tower,6,6,64,0,76,0,6,167,0,173,6,12,231,0,249,380,0,380,629
07/18/2010,MLB,FL,ASO,ES,Federal Contract Tower,9,9,72,2,92,0,4,116,0,120,9,13,188,2,212,128,0,128,340
07/19/2010,MLB,FL,ASO,ES,Federal Contract Tower,10,8,69,2,89,0,2,173,0,175,10,10,242,2,264,241,0,241,505
07/20/2010,MLB,FL,ASO,ES,Federal Contract Tower,9,8,55,2,74,0,4,141,0,145,9,12,196,2,219,315,0,315,534
07/21/2010,MLB,FL,ASO,ES,Federal Contract Tower,9,5,69,0,83,0,3,249,0,252,9,8,318,0,335,322,0,322,657
07/22/2010,MLB,FL,ASO,ES,Federal Contract Tower,10,6,75,2,93,0,8,371,0,379,10,14,446,2,472,390,0,390,862
07/23/2010,MLB,FL,ASO,ES,Federal Contract Tower,7,6,31,0,44,0,7,81,0,88,7,13,112,0,132,78,0,78,210
07/24/2010,MLB,FL,ASO,ES,Federal Contract Tower,7,9,41,1,58,0,2,95,0,97,7,11,136,1,155,194,0,194,349
07/25/2010,MLB,FL,ASO,ES,Federal Contract Tower,9,12,51,0,72,0,4,102,0,106,9,16,153,0,178,110,0,110,288
07/26/2010,MLB,FL,ASO,ES,Federal Contract Tower,9,7,73,0,89,0,2,151,0,153,9,9,224,0,242,249,0,249,491
07/27/2010,MLB,FL,ASO,ES,Federal Contract Tower,11,5,116,0,132,0,2,153,4,159,11,7,269,4,291,189,0,189,480
07/28/2010,MLB,FL,ASO,ES,Federal Contract Tower,10,6,69,0,85,0,2,215,0,217,10,8,284,0,302,218,0,218,520
07/29/2010,MLB,FL,ASO,ES,Federal Contract Tower,7,6,81,0,94,0,2,159,0,161,7,8,240,0,255,258,0,258,513
07/30/2010,MLB,FL,ASO,ES,Federal Contract Tower,7,10,78,3,98,0,8,165,0,173,7,18,243,3,271,128,0,128,399
07/31/2010,MLB,FL,ASO,ES,Federal Contract Tower,9,6,40,0,55,0,5,80,0,85,9,11,120,0,140,80,0,80,220
08/01/2010,MLB,FL,ASO,ES,Federal Contract Tower,7,10,43,4,64,0,2,75,0,77,7,12,118,4,141,68,0,68,209
08/02/2010,MLB,FL,ASO,ES,Federal Contract Tower,7,8,62,0,77,0,2,203,0,205,7,10,265,0,282,130,0,130,412
08/03/2010,MLB,FL,ASO,ES,Federal Contract Tower,9,6,85,0,100,0,8,160,0,168,9,14,245,0,268,178,0,178,446
08/04/2010,MLB,FL,ASO,ES,Federal Contract Tower,11,9,102,0,122,0,2,145,0,147,11,11,247,0,269,182,0,182,451
08/05/2010,MLB,FL,ASO,ES,Federal Contract Tower,6,7,91,6,110,0,2,140,0,142,6,9,231,6,252,182,0,182,434
08/06/2010,MLB,FL,ASO,ES,Federal Contract Tower,7,10,66,0,83,0,2,149,0,151,7,12,215,0,234,54,0,54,288
08/07/2010,MLB,FL,ASO,ES,Federal Contract Tower,6,7,10,38,61,0,2,115,0,117,6,9,125,38,178,86,0,86,264
08/08/2010,MLB,FL,ASO,ES,Federal Contract Tower,10,11,19,0,40,0,0,34,0,34,10,11,53,0,74,4,0,4,78
08/09/2010,MLB,FL,ASO,ES,Federal Contract Tower,9,7,58,2,76,0,5,82,0,87,9,12,140,2,163,64,0,64,227
08/10/2010,MLB,FL,ASO,ES,Federal Contract Tower,7,11,40,0,58,0,1,50,0,51,7,12,90,0,109,30,0,30,139
08/11/2010,MLB,FL,ASO,ES,Federal Contract Tower,7,6,38,0,51,0,0,127,1,128,7,6,165,1,179,106,0,106,285
08/12/2010,MLB,FL,ASO,ES,Federal Contract Tower,8,6,54,9,77,0,2,155,0,157,8,8,209,9,234,88,0,88,322
08/13/2010,MLB,FL,ASO,ES,Federal Contract Tower,8,8,81,2,99,0,7,168,0,175,8,15,249,2,274,60,0,60,334
08/14/2010,MLB,FL,ASO,ES,Federal Contract Tower,9,7,33,0,49,0,4,142,0,146,9,11,175,0,195,70,0,70,265
08/15/2010,MLB,FL,ASO,ES,Federal Contract Tower,8,7,33,0,48,0,7,82,0,89,8,14,115,0,137,26,0,26,163
08/16/2010,MLB,FL,ASO,ES,Federal Contract Tower,10,8,54,2,74,0,5,151,0,156,10,13,205,2,230,160,0,160,390
08/17/2010,MLB,FL,ASO,ES,Federal Contract Tower,8,10,101,0,119,0,2,172,0,174,8,12,273,0,293,134,0,134,427
08/18/2010,MLB,FL,ASO,ES,Federal Contract Tower,11,8,56,2,77,0,5,166,0,171,11,13,222,2,248,264,0,264,512
08/19/2010,MLB,FL,ASO,ES,Federal Contract Tower,9,8,59,0,76,0,0,159,0,159,9,8,218,0,235,204,0,204,439
08/20/2010,MLB,FL,ASO,ES,Federal Contract Tower,9,8,70,0,87,0,0,151,0,151,9,8,221,0,238,220,0,220,458
08/21/2010,MLB,FL,ASO,ES,Federal Contract Tower,10,6,33,1,50,0,2,113,0,115,10,8,146,1,165,164,0,164,329
08/22/2010,MLB,FL,ASO,ES,Federal Contract Tower,8,7,59,0,74,0,5,74,0,79,8,12,133,0,153,116,0,116,269
08/23/2010,MLB,FL,ASO,ES,Federal Contract Tower,10,6,65,0,81,0,1,171,0,172,10,7,236,0,253,98,0,98,351
08/24/2010,MLB,FL,ASO,ES,Federal Contract Tower,10,6,53,0,69,0,3,92,0,95,10,9,145,0,164,132,0,132,296
08/25/2010,MLB,FL,ASO,ES,Federal Contract Tower,10,9,74,0,93,0,0,193,0,193,10,9,267,0,286,240,0,240,526
08/26/2010,MLB,FL,ASO,ES,Federal Contract Tower,14,7,74,3,98,0,2,149,1,152,14,9,223,4,250,218,0,218,468
08/27/2010,MLB,FL,ASO,ES,Federal Contract Tower,7,5,80,2,94,0,1,186,0,187,7,6,266,2,281,398,0,398,679
08/28/2010,MLB,FL,ASO,ES,Federal Contract Tower,10,9,47,0,66,0,6,116,0,122,10,15,163,0,188,186,0,186,374
08/29/2010,MLB,FL,ASO,ES,Federal Contract Tower,9,10,29,1,49,0,0,37,0,37,9,10,66,1,86,90,0,90,176
08/30/2010,MLB,FL,ASO,ES,Federal Contract Tower,10,8,63,0,81,0,8,139,0,147,10,16,202,0,228,247,0,247,475
08/31/2010,MLB,FL,ASO,ES,Federal Contract Tower,10,7,104,0,121,0,0,133,0,133,10,7,237,0,254,176,0,176,430
09/01/2010,MLB,FL,ASO,ES,Federal Contract Tower,11,6,102,0,119,0,3,202,0,205,11,9,304,0,324,190,0,190,514
09/02/2010,MLB,FL,ASO,ES,Federal Contract Tower,9,6,86,3,104,0,5,168,0,173,9,11,254,3,277,228,0,228,505
09/03/2010,MLB,FL,ASO,ES,Federal Contract Tower,7,8,91,1,107,0,9,177,0,186,7,17,268,1,293,156,0,156,449
09/04/2010,MLB,FL,ASO,ES,Federal Contract Tower,9,7,55,6,77,0,5,145,0,150,9,12,200,6,227,114,0,114,341
09/05/2010,MLB,FL,ASO,ES,Federal Contract Tower,8,4,31,0,43,0,4,56,0,60,8,8,87,0,103,62,0,62,165
09/06/2010,MLB,FL,ASO,ES,Federal Contract Tower,9,7,41,0,57,0,0,63,0,63,9,7,104,0,120,58,0,58,178
09/07/2010,MLB,FL,ASO,ES,Federal Contract Tower,8,7,77,0,92,0,2,102,0,104,8,9,179,0,196,128,0,128,324
09/08/2010,MLB,FL,ASO,ES,Federal Contract Tower,6,8,84,7,105,0,7,178,0,185,6,15,262,7,290,342,10,352,642
09/09/2010,MLB,FL,ASO,ES,Federal Contract Tower,6,7,64,0,77,0,2,138,0,140,6,9,202,0,217,228,0,228,445
09/10/2010,MLB,FL,ASO,ES,Federal Contract Tower,9,8,68,4,89,0,1,186,0,187,9,9,254,4,276,243,0,243,519
09/11/2010,MLB,FL,ASO,ES,Federal Contract Tower,7,5,42,0,54,0,2,166,0,168,7,7,208,0,222,184,0,184,406
09/12/2010,MLB,FL,ASO,ES,Federal Contract Tower,8,8,27,1,44,0,7,68,0,75,8,15,95,1,119,14,0,14,133
09/13/2010,MLB,FL,ASO,ES,Federal Contract Tower,7,9,83,0,99,0,8,222,1,231,7,17,305,1,330,310,0,310,640
09/14/2010,MLB,FL,ASO,ES,Federal Contract Tower,8,6,100,0,114,8,3,183,0,194,16,9,283,0,308,317,0,317,625
09/15/2010,MLB,FL,ASO,ES,Federal Contract Tower,7,7,102,5,121,0,3,217,0,220,7,10,319,5,341,215,1,216,557
09/16/2010,MLB,FL,ASO,ES,Federal Contract Tower,9,8,130,0,147,0,6,205,0,211,9,14,335,0,358,197,0,197,555
09/17/2010,MLB,FL,ASO,ES,Federal Contract Tower,6,7,71,4,88,0,5,205,2,212,6,12,276,6,300,316,0,316,616
09/18/2010,MLB,FL,ASO,ES,Federal Contract Tower,7,7,41,4,59,0,2,149,0,151,7,9,190,4,210,176,0,176,386
09/19/2010,MLB,FL,ASO,ES,Federal Contract Tower,5,11,14,3,33,0,2,68,0,70,5,13,82,3,103,10,0,10,113
09/20/2010,MLB,FL,ASO,ES,Federal Contract Tower,8,7,93,2,110,0,3,230,0,233,8,10,323,2,343,458,0,458,801
09/21/2010,MLB,FL,ASO,ES,Federal Contract Tower,6,7,64,1,78,0,2,201,0,203,6,9,265,1,281,338,0,338,619
09/22/2010,MLB,FL,ASO,ES,Federal Contract Tower,8,9,55,1,73,0,2,195,1,198,8,11,250,2,271,350,0,350,621
09/23/2010,MLB,FL,ASO,ES,Federal Contract Tower,9,8,112,0,129,0,0,142,0,142,9,8,254,0,271,281,0,281,552
09/24/2010,MLB,FL,ASO,ES,Federal Contract Tower,9,5,72,3,89,0,1,156,0,157,9,6,228,3,246,505,0,505,751
09/25/2010,MLB,FL,ASO,ES,Federal Contract Tower,6,5,59,0,70,0,3,134,0,137,6,8,193,0,207,207,0,207,414
09/26/2010,MLB,FL,ASO,ES,Federal Contract Tower,8,7,37,0,52,0,2,86,0,88,8,9,123,0,140,86,0,86,226
09/27/2010,MLB,FL,ASO,ES,Federal Contract Tower,8,9,36,0,53,0,4,110,0,114,8,13,146,0,167,220,0,220,387
09/28/2010,MLB,FL,ASO,ES,Federal Contract Tower,7,6,59,7,79,0,0,122,0,122,7,6,181,7,201,202,0,202,403
09/29/2010,MLB,FL,ASO,ES,Federal Contract Tower,6,13,84,0,103,0,0,8,0,8,6,13,92,0,111,6,0,6,117
09/30/2010,MLB,FL,ASO,ES,Federal Contract Tower,8,6,123,4,141,0,2,231,0,233,8,8,354,4,374,395,0,395,769
10/01/2010,MLB,FL,ASO,ES,Federal Contract Tower,9,7,126,0,142,0,1,307,0,308,9,8,433,0,450,312,0,312,762
10/02/2010,MLB,FL,ASO,ES,Federal Contract Tower,7,4,110,0,121,0,3,171,0,174,7,7,281,0,295,156,0,156,451
10/03/2010,MLB,FL,ASO,ES,Federal Contract Tower,6,8,35,0,49,0,0,98,2,100,6,8,133,2,149,130,0,130,279
10/04/2010,MLB,FL,ASO,ES,Federal Contract Tower,7,6,127,0,140,0,3,229,0,232,7,9,356,0,372,232,0,232,604
10/05/2010,MLB,FL,ASO,ES,Federal Contract Tower,8,8,88,0,104,0,2,173,0,175,8,10,261,0,279,187,0,187,466
10/06/2010,MLB,FL,ASO,ES,Federal Contract Tower,5,12,96,0,113,0,0,159,0,159,5,12,255,0,272,102,0,102,374
10/07/2010,MLB,FL,ASO,ES,Federal Contract Tower,6,10,125,2,143,0,3,197,0,200,6,13,322,2,343,184,0,184,527
10/08/2010,MLB,FL,ASO,ES,Federal Contract Tower,7,12,111,1,131,0,12,220,0,232,7,24,331,1,363,272,0,272,635
10/09/2010,MLB,FL,ASO,ES,Federal Contract Tower,7,2,68,0,77,0,1,178,0,179,7,3,246,0,256,158,0,158,414
10/10/2010,MLB,FL,ASO,ES,Federal Contract Tower,7,7,45,0,59,0,0,76,0,76,7,7,121,0,135,78,0,78,213
10/11/2010,MLB,FL,ASO,ES,Federal Contract Tower,8,6,83,0,97,0,9,157,0,166,8,15,240,0,263,124,0,124,387
10/12/2010,MLB,FL,ASO,ES,Federal Contract Tower,8,7,102,2,119,0,0,159,0,159,8,7,261,2,278,78,0,78,356
10/13/2010,MLB,FL,ASO,ES,Federal Contract Tower,6,5,109,1,121,0,2,213,0,215,6,7,322,1,336,252,0,252,588
10/14/2010,MLB,FL,ASO,ES,Federal Contract Tower,8,6,95,0,109,0,3,226,0,229,8,9,321,0,338,294,0,294,632
10/15/2010,MLB,FL,ASO,ES,Federal Contract Tower,8,7,87,0,102,0,2,224,0,226,8,9,311,0,328,152,0,152,480
10/16/2010,MLB,FL,ASO,ES,Federal Contract Tower,6,4,89,0,99,0,0,159,0,159,6,4,248,0,258,132,0,132,390
10/17/2010,MLB,FL,ASO,ES,Federal Contract Tower,8,5,60,0,73,0,4,80,0,84,8,9,140,0,157,66,0,66,223
10/18/2010,MLB,FL,ASO,ES,Federal Contract Tower,8,5,162,1,176,0,3,236,1,240,8,8,398,2,416,214,0,214,630
10/19/2010,MLB,FL,ASO,ES,Federal Contract Tower,8,6,111,2,127,0,1,229,2,232,8,7,340,4,359,252,0,252,611
10/20/2010,MLB,FL,ASO,ES,Federal Contract Tower,8,7,106,1,122,0,2,211,0,213,8,9,317,1,335,228,0,228,563
10/21/2010,MLB,FL,ASO,ES,Federal Contract Tower,9,10,99,1,119,0,5,198,0,203,9,15,297,1,322,257,0,257,579
10/22/2010,MLB,FL,ASO,ES,Federal Contract Tower,6,8,114,2,130,0,4,222,0,226,6,12,336,2,356,254,0,254,610
10/23/2010,MLB,FL,ASO,ES,Federal Contract Tower,8,4,61,8,81,0,4,170,0,174,8,8,231,8,255,150,0,150,405
10/24/2010,MLB,FL,ASO,ES,Federal Contract Tower,8,7,35,2,52,0,8,104,0,112,8,15,139,2,164,48,0,48,212
10/25/2010,MLB,FL,ASO,ES,Federal Contract Tower,8,6,79,7,100,0,3,118,0,121,8,9,197,7,221,136,0,136,357
10/26/2010,MLB,FL,ASO,ES,Federal Contract Tower,6,5,121,0,132,0,3,158,0,161,6,8,279,0,293,166,0,166,459
10/27/2010,MLB,FL,ASO,ES,Federal Contract Tower,6,4,131,0,141,0,2,231,0,233,6,6,362,0,374,264,0,264,638
10/28/2010,MLB,FL,ASO,ES,Federal Contract Tower,7,8,135,6,156,0,2,163,0,165,7,10,298,6,321,236,0,236,557
10/29/2010,MLB,FL,ASO,ES,Federal Contract Tower,7,7,105,0,119,0,3,171,0,174,7,10,276,0,293,151,0,151,444
10/30/2010,MLB,FL,ASO,ES,Federal Contract Tower,7,4,63,0,74,0,15,158,0,173,7,19,221,0,247,68,0,68,315
10/31/2010,MLB,FL,ASO,ES,Federal Contract Tower,13,4,29,0,46,0,2,119,0,121,13,6,148,0,167,185,0,185,352
11/01/2010,MLB,FL,ASO,ES,Federal Contract Tower,12,5,97,0,114,0,4,211,0,215,12,9,308,0,329,222,0,222,551
11/02/2010,MLB,FL,ASO,ES,Federal Contract Tower,11,5,76,1,93,0,0,184,0,184,11,5,260,1,277,209,0,209,486
11/03/2010,MLB,FL,ASO,ES,Federal Contract Tower,12,8,94,0,114,0,2,151,0,153,12,10,245,0,267,198,0,198,465
11/04/2010,MLB,FL,ASO,ES,Federal Contract Tower,13,4,83,0,100,0,8,33,0,41,13,12,116,0,141,68,0,68,209
11/05/2010,MLB,FL,ASO,ES,Federal Contract Tower,11,10,36,0,57,0,0,140,0,140,11,10,176,0,197,64,0,64,261
11/06/2010,MLB,FL,ASO,ES,Federal Contract Tower,8,3,32,0,43,0,3,80,11,94,8,6,112,11,137,12,6,18,155
11/07/2010,MLB,FL,ASO,ES,Federal Contract Tower,13,2,30,0,45,0,2,77,0,79,13,4,107,0,124,12,0,12,136
11/08/2010,MLB,FL,ASO,ES,Federal Contract Tower,11,8,102,0,121,0,5,224,0,229,11,13,326,0,350,240,0,240,590
11/09/2010,MLB,FL,ASO,ES,Federal Contract Tower,10,3,100,2,115,0,1,240,0,241,10,4,340,2,356,228,0,228,584
11/10/2010,MLB,FL,ASO,ES,Federal Contract Tower,11,5,134,0,150,0,4,264,0,268,11,9,398,0,418,278,0,278,696
11/11/2010,MLB,FL,ASO,ES,Federal Contract Tower,11,10,73,0,94,0,0,242,0,242,11,10,315,0,336,382,0,382,718
11/12/2010,MLB,FL,ASO,ES,Federal Contract Tower,9,8,66,0,83,0,2,65,2,69,9,10,131,2,152,54,0,54,206
11/13/2010,MLB,FL,ASO,ES,Federal Contract Tower,8,2,22,0,32,0,6,71,1,78,8,8,93,1,110,18,0,18,128
11/14/2010,MLB,FL,ASO,ES,Federal Contract Tower,12,4,38,0,54,0,0,62,2,64,12,4,100,2,118,16,0,16,134
11/15/2010,MLB,FL,ASO,ES,Federal Contract Tower,10,9,48,0,67,0,0,54,0,54,10,9,102,0,121,38,0,38,159
11/16/2010,MLB,FL,ASO,ES,Federal Contract Tower,12,4,113,0,129,0,2,201,0,203,12,6,314,0,332,254,0,254,586
11/17/2010,MLB,FL,ASO,ES,Federal Contract Tower,9,11,92,0,112,0,2,245,0,247,9,13,337,0,359,470,0,470,829
11/18/2010,MLB,FL,ASO,ES,Federal Contract Tower,15,9,70,1,95,0,3,141,0,144,15,12,211,1,239,244,0,244,483
11/19/2010,MLB,FL,ASO,ES,Federal Contract Tower,12,5,112,0,129,0,1,45,0,46,12,6,157,0,175,26,0,26,201
11/20/2010,MLB,FL,ASO,ES,Federal Contract Tower,10,4,47,0,61,0,0,67,0,67,10,4,114,0,128,44,0,44,172
11/21/2010,MLB,FL,ASO,ES,Federal Contract Tower,17,5,25,0,47,0,4,17,0,21,17,9,42,0,68,0,0,0,68
11/22/2010,MLB,FL,ASO,ES,Federal Contract Tower,13,9,121,2,145,0,2,181,0,183,13,11,302,2,328,361,0,361,689
11/23/2010,MLB,FL,ASO,ES,Federal Contract Tower,12,4,116,0,132,0,0,205,0,205,12,4,321,0,337,410,0,410,747
11/24/2010,MLB,FL,ASO,ES,Federal Contract Tower,10,9,88,0,107,0,4,156,0,160,10,13,244,0,267,272,0,272,539
11/25/2010,MLB,FL,ASO,ES,Federal Contract Tower,13,0,15,0,28,0,2,30,0,32,13,2,45,0,60,7,0,7,67
11/26/2010,MLB,FL,ASO,ES,Federal Contract Tower,10,5,28,1,44,0,2,89,0,91,10,7,117,1,135,82,0,82,217
11/27/2010,MLB,FL,ASO,ES,Federal Contract Tower,16,4,74,0,94,0,6,21,0,27,16,10,95,0,121,4,0,4,125
11/28/2010,MLB,FL,ASO,ES,Federal Contract Tower,17,2,66,0,85,0,3,90,0,93,17,5,156,0,178,149,0,149,327
11/29/2010,MLB,FL,ASO,ES,Federal Contract Tower,10,7,81,0,98,0,0,37,0,37,10,7,118,0,135,94,0,94,229
11/30/2010,MLB,FL,ASO,ES,Federal Contract Tower,11,4,83,0,98,0,3,200,0,203,11,7,283,0,301,324,0,324,625
12/01/2010,MLB,FL,ASO,ES,Federal Contract Tower,12,0,50,0,62,0,2,210,0,212,12,2,260,0,274,210,0,210,484
12/02/2010,MLB,FL,ASO,ES,Federal Contract Tower,14,4,83,0,101,0,2,256,0,258,14,6,339,0,359,314,0,314,673
12/03/2010,MLB,FL,ASO,ES,Federal Contract Tower,12,3,49,0,64,0,2,254,0,256,12,5,303,0,320,248,0,248,568
12/04/2010,MLB,FL,ASO,ES,Federal Contract Tower,12,2,44,0,58,0,2,299,0,301,12,4,343,0,359,474,0,474,833
12/05/2010,MLB,FL,ASO,ES,Federal Contract Tower,17,1,50,1,69,0,3,126,0,129,17,4,176,1,198,128,0,128,326
12/06/2010,MLB,FL,ASO,ES,Federal Contract Tower,13,5,57,0,75,0,7,191,0,198,13,12,248,0,273,245,0,245,518
12/07/2010,MLB,FL,ASO,ES,Federal Contract Tower,14,4,40,0,58,0,0,217,0,217,14,4,257,0,275,268,0,268,543
12/08/2010,MLB,FL,ASO,ES,Federal Contract Tower,11,0,50,0,61,0,6,239,0,245,11,6,289,0,306,275,0,275,581
12/09/2010,MLB,FL,ASO,ES,Federal Contract Tower,15,3,56,1,75,0,1,224,0,225,15,4,280,1,300,192,0,192,492
12/10/2010,MLB,FL,ASO,ES,Federal Contract Tower,9,9,73,0,91,0,0,248,0,248,9,9,321,0,339,379,0,379,718
12/11/2010,MLB,FL,ASO,ES,Federal Contract Tower,12,0,38,0,50,0,4,130,2,136,12,4,168,2,186,82,0,82,268
12/12/2010,MLB,FL,ASO,ES,Federal Contract Tower,20,0,21,0,41,0,0,39,6,45,20,0,60,6,86,52,0,52,138
12/13/2010,MLB,FL,ASO,ES,Federal Contract Tower,15,3,47,0,65,0,2,97,0,99,15,5,144,0,164,91,0,91,255
12/14/2010,MLB,FL,ASO,ES,Federal Contract Tower,8,4,52,0,64,0,2,189,0,191,8,6,241,0,255,222,0,222,477
12/15/2010,MLB,FL,ASO,ES,Federal Contract Tower,12,2,78,0,92,0,4,279,0,283,12,6,357,0,375,388,2,390,765
12/16/2010,MLB,FL,ASO,ES,Federal Contract Tower,10,12,57,1,80,0,3,265,0,268,10,15,322,1,348,418,0,418,766
12/17/2010,MLB,FL,ASO,ES,Federal Contract Tower,16,4,54,1,75,0,5,263,0,268,16,9,317,1,343,346,0,346,689
12/18/2010,MLB,FL,ASO,ES,Federal Contract Tower,8,8,62,2,80,0,1,34,0,35,8,9,96,2,115,100,0,100,215
12/19/2010,MLB,FL,ASO,ES,Federal Contract Tower,17,2,51,0,70,0,0,0,0,0,17,2,51,0,70,0,0,0,70
12/20/2010,MLB,FL,ASO,ES,Federal Contract Tower,14,0,47,2,63,0,0,218,1,219,14,0,265,3,282,219,0,219,501
12/21/2010,MLB,FL,ASO,ES,Federal Contract Tower,13,3,59,0,75,0,3,212,0,215,13,6,271,0,290,218,0,218,508
12/22/2010,MLB,FL,ASO,ES,Federal Contract Tower,13,4,42,1,60,0,6,189,0,195,13,10,231,1,255,204,0,204,459
12/23/2010,MLB,FL,ASO,ES,Federal Contract Tower,16,0,36,0,52,0,2,132,0,134,16,2,168,0,186,86,0,86,272
12/24/2010,MLB,FL,ASO,ES,Federal Contract Tower,9,7,19,0,35,0,8,114,0,122,9,15,133,0,157,96,0,96,253
12/25/2010,MLB,FL,ASO,ES,Federal Contract Tower,1,5,2,0,8,0,0,9,0,9,1,5,11,0,17,2,0,2,19
12/26/2010,MLB,FL,ASO,ES,Federal Contract Tower,17,9,13,0,39,0,2,4,2,8,17,11,17,2,47,0,0,0,47
12/27/2010,MLB,FL,ASO,ES,Federal Contract Tower,11,6,39,0,56,0,3,67,0,70,11,9,106,0,126,94,0,94,220
12/28/2010,MLB,FL,ASO,ES,Federal Contract Tower,10,4,29,0,43,0,0,131,0,131,10,4,160,0,174,236,0,236,410
12/29/2010,MLB,FL,ASO,ES,Federal Contract Tower,12,9,41,0,62,0,1,212,0,213,12,10,253,0,275,286,0,286,561
12/30/2010,MLB,FL,ASO,ES,Federal Contract Tower,13,8,70,0,91,0,2,228,0,230,13,10,298,0,321,258,0,258,579
12/31/2010,MLB,FL,ASO,ES,Federal Contract Tower,10,7,14,0,31,0,3,158,0,161,10,10,172,0,192,158,0,158,350
01/01/2011,MLB,FL,ASO,ES,Federal Contract Tower,10,3,9,0,22,0,2,22,0,24,10,5,31,0,46,6,0,6,52
01/02/2011,MLB,FL,ASO,ES,Federal Contract Tower,12,7,46,0,65,0,6,82,0,88,12,13,128,0,153,128,0,128,281
01/03/2011,MLB,FL,ASO,ES,Federal Contract Tower,14,5,64,0,83,0,9,188,0,197,14,14,252,0,280,246,0,246,526
01/04/2011,MLB,FL,ASO,ES,Federal Contract Tower,13,1,89,0,103,0,2,225,4,231,13,3,314,4,334,358,0,358,692
01/05/2011,MLB,FL,ASO,ES,Federal Contract Tower,10,2,67,0,79,0,4,230,0,234,10,6,297,0,313,344,0,344,657
01/06/2011,MLB,FL,ASO,ES,Federal Contract Tower,18,1,55,0,74,0,1,22,0,23,18,2,77,0,97,68,0,68,165
01/07/2011,MLB,FL,ASO,ES,Federal Contract Tower,12,1,31,0,44,0,2,149,0,151,12,3,180,0,195,179,0,179,374
01/08/2011,MLB,FL,ASO,ES,Federal Contract Tower,11,5,21,0,37,0,4,140,0,144,11,9,161,0,181,158,0,158,339
01/09/2011,MLB,FL,ASO,ES,Federal Contract Tower,12,11,38,0,61,0,5,107,0,112,12,16,145,0,173,51,0,51,224
01/10/2011,MLB,FL,ASO,ES,Federal Contract Tower,5,2,60,12,79,0,7,160,0,167,5,9,220,12,246,184,0,184,430
01/11/2011,MLB,FL,ASO,ES,Federal Contract Tower,2,0,138,3,143,0,3,146,0,149,2,3,284,3,292,166,0,166,458
01/12/2011,MLB,FL,ASO,ES,Federal Contract Tower,9,5,58,1,73,0,5,238,0,243,9,10,296,1,316,220,0,220,536
01/13/2011,MLB,FL,ASO,ES,Federal Contract Tower,13,7,77,4,101,0,3,240,0,243,13,10,317,4,344,216,0,216,560
01/14/2011,MLB,FL,ASO,ES,Federal Contract Tower,12,3,51,0,66,0,2,269,0,271,12,5,320,0,337,313,0,313,650
01/15/2011,MLB,FL,ASO,ES,Federal Contract Tower,12,1,53,1,67,0,4,248,0,252,12,5,301,1,319,330,0,330,649
01/16/2011,MLB,FL,ASO,ES,Federal Contract Tower,18,3,49,0,70,0,5,157,0,162,18,8,206,0,232,184,0,184,416
01/17/2011,MLB,FL,ASO,ES,Federal Contract Tower,14,0,38,0,52,0,2,39,0,41,14,2,77,0,93,94,0,94,187
01/18/2011,MLB,FL,ASO,ES,Federal Contract Tower,13,0,92,4,109,0,2,163,0,165,13,2,255,4,274,339,0,339,613
01/19/2011,MLB,FL,ASO,ES,Federal Contract Tower,13,6,78,0,97,0,0,267,0,267,13,6,345,0,364,250,0,250,614
01/20/2011,MLB,FL,ASO,ES,Federal Contract Tower,16,2,43,0,61,0,2,270,0,272,16,4,313,0,333,360,0,360,693
01/21/2011,MLB,FL,ASO,ES,Federal Contract Tower,13,2,39,0,54,3,0,1,0,4,16,2,40,0,58,8,0,8,66
01/22/2011,MLB,FL,ASO,ES,Federal Contract Tower,15,1,47,1,64,0,0,105,0,105,15,1,152,1,169,60,0,60,229
01/23/2011,MLB,FL,ASO,ES,Federal Contract Tower,15,0,54,0,69,0,0,171,0,171,15,0,225,0,240,201,0,201,441
01/24/2011,MLB,FL,ASO,ES,Federal Contract Tower,12,1,0,64,77,0,4,273,0,277,12,5,273,64,354,388,0,388,742
01/25/2011,MLB,FL,ASO,ES,Federal Contract Tower,10,0,51,0,61,0,0,102,0,102,10,0,153,0,163,113,0,113,276
01/26/2011,MLB,FL,ASO,ES,Federal Contract Tower,13,4,72,0,89,0,4,126,0,130,13,8,198,0,219,154,0,154,373
01/27/2011,MLB,FL,ASO,ES,Federal Contract Tower,14,4,86,2,106,0,2,278,1,281,14,6,364,3,387,386,0,386,773
01/28/2011,MLB,FL,ASO,ES,Federal Contract Tower,10,4,71,0,85,0,10,293,0,303,10,14,364,0,388,361,1,362,750
01/29/2011,MLB,FL,ASO,ES,Federal Contract Tower,16,0,55,0,71,2,2,246,0,250,18,2,301,0,321,430,0,430,751
01/30/2011,MLB,FL,ASO,ES,Federal Contract Tower,16,3,42,0,61,0,4,167,0,171,16,7,209,0,232,254,0,254,486
01/31/2011,MLB,FL,ASO,ES,Federal Contract Tower,14,3,58,2,77,0,0,265,0,265,14,3,323,2,342,498,0,498,840
02/01/2011,MLB,FL,ASO,ES,Federal Contract Tower,13,0,68,0,81,0,0,180,0,180,13,0,248,0,261,291,0,291,552
02/02/2011,MLB,FL,ASO,ES,Federal Contract Tower,13,1,87,2,103,0,2,198,0,200,13,3,285,2,303,414,0,414,717
02/03/2011,MLB,FL,ASO,ES,Federal Contract Tower,17,6,83,0,106,0,0,34,0,34,17,6,117,0,140,40,0,40,180
02/04/2011,MLB,FL,ASO,ES,Federal Contract Tower,16,2,88,1,107,0,2,148,0,150,16,4,236,1,257,294,0,294,551
02/05/2011,MLB,FL,ASO,ES,Federal Contract Tower,14,1,97,1,113,0,1,88,0,89,14,2,185,1,202,116,0,116,318
02/06/2011,MLB,FL,ASO,ES,Federal Contract Tower,18,1,47,1,67,0,2,36,0,38,18,3,83,1,105,48,0,48,153
02/07/2011,MLB,FL,ASO,ES,Federal Contract Tower,13,2,84,0,99,0,2,24,0,26,13,4,108,0,125,24,0,24,149
02/08/2011,MLB,FL,ASO,ES,Federal Contract Tower,15,0,82,5,102,0,2,279,0,281,15,2,361,5,383,431,0,431,814
02/09/2011,MLB,FL,ASO,ES,Federal Contract Tower,14,0,94,10,118,0,4,197,0,201,14,4,291,10,319,278,2,280,599
02/10/2011,MLB,FL,ASO,ES,Federal Contract Tower,17,3,83,0,103,0,0,0,0,0,17,3,83,0,103,0,0,0,103
02/11/2011,MLB,FL,ASO,ES,Federal Contract Tower,14,0,73,0,87,0,0,32,0,32,14,0,105,0,119,96,0,96,215
02/12/2011,MLB,FL,ASO,ES,Federal Contract Tower,14,0,41,1,56,0,2,214,0,216,14,2,255,1,272,220,0,220,492
02/13/2011,MLB,FL,ASO,ES,Federal Contract Tower,17,1,37,0,55,0,5,190,0,195,17,6,227,0,250,254,0,254,504
02/14/2011,MLB,FL,ASO,ES,Federal Contract Tower,14,0,37,3,54,0,3,221,0,224,14,3,258,3,278,355,0,355,633
02/15/2011,MLB,FL,ASO,ES,Federal Contract Tower,13,0,49,2,64,0,5,284,0,289,13,5,333,2,353,482,0,482,835
02/16/2011,MLB,FL,ASO,ES,Federal Contract Tower,13,1,82,4,100,0,1,204,0,205,13,2,286,4,305,305,0,305,610
02/17/2011,MLB,FL,ASO,ES,Federal Contract Tower,20,5,89,0,114,0,2,254,0,256,20,7,343,0,370,346,0,346,716
02/18/2011,MLB,FL,ASO,ES,Federal Contract Tower,14,1,89,0,104,0,1,257,0,258,14,2,346,0,362,466,0,466,828
02/19/2011,MLB,FL,ASO,ES,Federal Contract Tower,13,0,73,0,86,0,2,187,0,189,13,2,260,0,275,274,0,274,549
02/20/2011,MLB,FL,ASO,ES,Federal Contract Tower,15,1,32,0,48,0,0,62,0,62,15,1,94,0,110,42,0,42,152
02/21/2011,MLB,FL,ASO,ES,Federal Contract Tower,12,2,84,0,98,0,2,122,0,124,12,4,206,0,222,100,0,100,322
02/22/2011,MLB,FL,ASO,ES,Federal Contract Tower,14,0,78,0,92,0,3,133,0,136,14,3,211,0,228,100,0,100,328
02/23/2011,MLB,FL,ASO,ES,Federal Contract Tower,11,0,106,0,117,0,2,110,0,112,11,2,216,0,229,93,0,93,322
02/24/2011,MLB,FL,ASO,ES,Federal Contract Tower,19,3,50,0,72,0,2,54,0,56,19,5,104,0,128,32,0,32,160
02/25/2011,MLB,FL,ASO,ES,Federal Contract Tower,13,3,52,0,68,0,2,268,0,270,13,5,320,0,338,310,0,310,648
02/26/2011,MLB,FL,ASO,ES,Federal Contract Tower,10,4,48,1,63,0,3,263,0,266,10,7,311,1,329,428,0,428,757
02/27/2011,MLB,FL,ASO,ES,Federal Contract Tower,13,4,65,0,82,0,3,153,0,156,13,7,218,0,238,200,0,200,438
02/28/2011,MLB,FL,ASO,ES,Federal Contract Tower,12,1,78,0,91,0,5,204,0,209,12,6,282,0,300,182,0,182,482
03/01/2011,MLB,FL,ASO,ES,Federal Contract Tower,15,1,56,0,72,0,2,24,0,26,15,3,80,0,98,8,0,8,106
03/02/2011,MLB,FL,ASO,ES,Federal Contract Tower,12,2,80,1,95,0,3,195,0,198,12,5,275,1,293,226,0,226,519
03/03/2011,MLB,FL,ASO,ES,Federal Contract Tower,19,2,83,0,104,0,6,190,0,196,19,8,273,0,300,234,0,234,534
03/04/2011,MLB,FL,ASO,ES,Federal Contract Tower,13,2,67,0,82,0,2,143,0,145,13,4,210,0,227,160,0,160,387
03/05/2011,MLB,FL,ASO,ES,Federal Contract Tower,15,2,109,0,126,0,4,172,0,176,15,6,281,0,302,270,0,270,572
03/06/2011,MLB,FL,ASO,ES,Federal Contract Tower,19,3,21,0,43,0,3,33,2,38,19,6,54,2,81,30,0,30,111
03/07/2011,MLB,FL,ASO,ES,Federal Contract Tower,15,4,108,0,127,0,5,137,0,142,15,9,245,0,269,182,0,182,451
03/08/2011,MLB,FL,ASO,ES,Federal Contract Tower,14,1,89,0,104,0,4,225,0,229,14,5,314,0,333,318,0,318,651
03/09/2011,MLB,FL,ASO,ES,Federal Contract Tower,12,4,104,0,120,0,8,129,0,137,12,12,233,0,257,136,0,136,393
03/10/2011,MLB,FL,ASO,ES,Federal Contract Tower,20,1,73,0,94,0,2,112,0,114,20,3,185,0,208,122,0,122,330
03/11/2011,MLB,FL,ASO,ES,Federal Contract Tower,16,4,129,0,149,0,4,246,0,250,16,8,375,0,399,345,0,345,744
03/12/2011,MLB,FL,ASO,ES,Federal Contract Tower,14,3,98,0,115,0,1,273,0,274,14,4,371,0,389,378,0,378,767
03/13/2011,MLB,FL,ASO,ES,Federal Contract Tower,17,9,53,2,81,0,5,221,0,226,17,14,274,2,307,314,0,314,621
03/14/2011,MLB,FL,ASO,ES,Federal Contract Tower,14,1,69,0,84,0,0,275,0,275,14,1,344,0,359,318,0,318,677
03/15/2011,MLB,FL,ASO,ES,Federal Contract Tower,13,0,100,0,113,0,1,273,0,274,13,1,373,0,387,379,0,379,766
03/16/2011,MLB,FL,ASO,ES,Federal Contract Tower,13,4,120,0,137,0,0,293,0,293,13,4,413,0,430,553,0,553,983
03/17/2011,MLB,FL,ASO,ES,Federal Contract Tower,18,9,110,2,139,0,1,315,0,316,18,10,425,2,455,500,0,500,955
03/18/2011,MLB,FL,ASO,ES,Federal Contract Tower,16,0,102,0,118,0,9,330,0,339,16,9,432,0,457,464,0,464,921
03/19/2011,MLB,FL,ASO,ES,Federal Contract Tower,15,5,57,1,78,0,7,261,0,268,15,12,318,1,346,364,0,364,710
03/20/2011,MLB,FL,ASO,ES,Federal Contract Tower,16,5,84,0,105,0,3,110,0,113,16,8,194,0,218,108,0,108,326
03/21/2011,MLB,FL,ASO,ES,Federal Contract Tower,14,6,75,4,99,0,6,259,1,266,14,12,334,5,365,458,0,458,823
03/22/2011,MLB,FL,ASO,ES,Federal Contract Tower,17,2,102,0,121,0,2,286,0,288,17,4,388,0,409,482,0,482,891
03/23/2011,MLB,FL,ASO,ES,Federal Contract Tower,15,4,137,2,158,0,0,263,0,263,15,4,400,2,421,324,0,324,745
03/24/2011,MLB,FL,ASO,ES,Federal Contract Tower,20,1,137,2,160,0,3,216,0,219,20,4,353,2,379,248,0,248,627
03/25/2011,MLB,FL,ASO,ES,Federal Contract Tower,16,4,154,1,175,0,2,307,0,309,16,6,461,1,484,404,0,404,888
03/26/2011,MLB,FL,ASO,ES,Federal Contract Tower,17,0,82,2,101,0,8,262,0,270,17,8,344,2,371,269,0,269,640
03/27/2011,MLB,FL,ASO,ES,Federal Contract Tower,19,2,84,0,105,0,9,155,0,164,19,11,239,0,269,166,0,166,435
03/28/2011,MLB,FL,ASO,ES,Federal Contract Tower,15,4,51,0,70,0,2,0,3,5,15,6,51,3,75,0,0,0,75
03/29/2011,MLB,FL,ASO,ES,Federal Contract Tower,14,2,142,3,161,0,3,258,0,261,14,5,400,3,422,301,0,301,723
03/30/2011,MLB,FL,ASO,ES,Federal Contract Tower,14,11,74,0,99,0,0,49,0,49,14,11,123,0,148,62,0,62,210
03/31/2011,MLB,FL,ASO,ES,Federal Contract Tower,22,0,14,0,36,0,0,27,0,27,22,0,41,0,63,50,0,50,113
04/01/2011,MLB,FL,ASO,ES,Federal Contract Tower,16,0,122,0,138,0,4,369,0,373,16,4,491,0,511,502,0,502,1013
04/02/2011,MLB,FL,ASO,ES,Federal Contract Tower,11,4,78,0,93,0,0,271,0,271,11,4,349,0,364,342,0,342,706
04/03/2011,MLB,FL,ASO,ES,Federal Contract Tower,20,5,79,0,104,0,1,180,0,181,20,6,259,0,285,126,0,126,411
04/04/2011,MLB,FL,ASO,ES,Federal Contract Tower,17,5,176,1,199,0,6,214,0,220,17,11,390,1,419,188,0,188,607
04/05/2011,MLB,FL,ASO,ES,Federal Contract Tower,17,2,89,0,108,0,0,72,0,72,17,2,161,0,180,114,0,114,294
04/06/2011,MLB,FL,ASO,ES,Federal Contract Tower,14,5,138,2,159,0,0,298,0,298,14,5,436,2,457,390,0,390,847
04/07/2011,MLB,FL,ASO,ES,Federal Contract Tower,18,1,146,0,165,0,6,396,0,402,18,7,542,0,567,476,0,476,1043
04/08/2011,MLB,FL,ASO,ES,Federal Contract Tower,15,6,128,3,152,0,3,336,0,339,15,9,464,3,491,438,0,438,929
04/09/2011,MLB,FL,ASO,ES,Federal Contract Tower,12,5,85,0,102,0,1,205,0,206,12,6,290,0,308,300,0,300,608
04/10/2011,MLB,FL,ASO,ES,Federal Contract Tower,20,1,82,0,103,0,3,150,0,153,20,4,232,0,256,172,0,172,428
04/11/2011,MLB,FL,ASO,ES,Federal Contract Tower,15,3,88,18,124,0,4,258,0,262,15,7,346,18,386,437,0,437,823
04/12/2011,MLB,FL,ASO,ES,Federal Contract Tower,15,2,113,2,132,0,3,132,0,135,15,5,245,2,267,168,0,168,435
04/13/2011,MLB,FL,ASO,ES,Federal Contract Tower,11,3,183,3,200,0,6,292,0,298,11,9,475,3,498,338,0,338,836
04/14/2011,MLB,FL,ASO,ES,Federal Contract Tower,17,5,127,1,150,0,9,338,0,347,17,14,465,1,497,396,0,396,893
04/15/2011,MLB,FL,ASO,ES,Federal Contract Tower,14,3,151,0,168,0,2,136,0,138,14,5,287,0,306,214,0,214,520
04/16/2011,MLB,FL,ASO,ES,Federal Contract Tower,10,14,94,0,118,0,4,225,0,229,10,18,319,0,347,204,0,204,551
04/17/2011,MLB,FL,ASO,ES,Federal Contract Tower,19,4,101,0,124,0,1,169,0,170,19,5,270,0,294,90,0,90,384
04/18/2011,MLB,FL,ASO,ES,Federal Contract Tower,16,4,81,0,101,0,6,264,0,270,16,10,345,0,371,344,0,344,715
04/19/2011,MLB,FL,ASO,ES,Federal Contract Tower,15,3,100,0,118,0,0,297,0,297,15,3,397,0,415,389,0,389,804
04/20/2011,MLB,FL,ASO,ES,Federal Contract Tower,16,3,80,0,99,0,0,278,0,278,16,3,358,0,377,494,0,494,871
04/21/2011,MLB,FL,ASO,ES,Federal Contract Tower,17,6,104,1,128,0,4,333,3,340,17,10,437,4,468,434,0,434,902
04/22/2011,MLB,FL,ASO,ES,Federal Contract Tower,14,5,103,0,122,0,1,310,0,311,14,6,413,0,433,575,0,575,1008
04/23/2011,MLB,FL,ASO,ES,Federal Contract Tower,12,1,96,0,109,0,9,199,0,208,12,10,295,0,317,352,0,352,669
04/24/2011,MLB,FL,ASO,ES,Federal Contract Tower,17,4,49,0,70,0,4,83,0,87,17,8,132,0,157,180,0,180,337
04/25/2011,MLB,FL,ASO,ES,Federal Contract Tower,14,1,162,0,177,0,6,165,0,171,14,7,327,0,348,352,0,352,700
04/26/2011,MLB,FL,ASO,ES,Federal Contract Tower,11,3,105,0,119,0,0,198,0,198,11,3,303,0,317,218,0,218,535
04/27/2011,MLB,FL,ASO,ES,Federal Contract Tower,16,3,131,0,150,0,2,163,0,165,16,5,294,0,315,272,0,272,587
04/28/2011,MLB,FL,ASO,ES,Federal Contract Tower,19,6,116,1,142,0,3,167,0,170,19,9,283,1,312,144,0,144,456
04/29/2011,MLB,FL,ASO,ES,Federal Contract Tower,15,8,56,5,84,0,2,48,0,50,15,10,104,5,134,47,0,47,181
04/30/2011,MLB,FL,ASO,ES,Federal Contract Tower,7,4,37,0,48,0,4,205,0,209,7,8,242,0,257,282,0,282,539
05/01/2011,MLB,FL,ASO,ES,Federal Contract Tower,17,6,89,3,115,0,8,133,0,141,17,14,222,3,256,156,0,156,412
05/02/2011,MLB,FL,ASO,ES,Federal Contract Tower,13,4,67,1,85,0,2,226,0,228,13,6,293,1,313,417,0,417,730
05/03/2011,MLB,FL,ASO,ES,Federal Contract Tower,11,5,0,108,124,0,0,251,0,251,11,5,251,108,375,538,0,538,913
05/04/2011,MLB,FL,ASO,ES,Federal Contract Tower,10,5,81,0,96,0,9,263,0,272,10,14,344,0,368,460,0,460,828
05/05/2011,MLB,FL,ASO,ES,Federal Contract Tower,8,11,111,0,130,0,2,317,0,319,8,13,428,0,449,465,0,465,914
05/06/2011,MLB,FL,ASO,ES,Federal Contract Tower,9,11,118,0,138,0,1,166,0,167,9,12,284,0,305,278,0,278,583
05/07/2011,MLB,FL,ASO,ES,Federal Contract Tower,5,8,91,1,105,0,4,266,0,270,5,12,357,1,375,324,0,324,699
05/08/2011,MLB,FL,ASO,ES,Federal Contract Tower,10,3,37,0,50,0,13,134,0,147,10,16,171,0,197,102,0,102,299
05/09/2011,MLB,FL,ASO,ES,Federal Contract Tower,7,6,116,0,129,0,1,282,2,285,7,7,398,2,414,229,0,229,643
05/10/2011,MLB,FL,ASO,ES,Federal Contract Tower,9,6,105,0,120,0,2,286,0,288,9,8,391,0,408,320,0,320,728
05/11/2011,MLB,FL,ASO,ES,Federal Contract Tower,9,7,56,0,72,0,3,255,0,258,9,10,311,0,330,229,0,229,559
05/12/2011,MLB,FL,ASO,ES,Federal Contract Tower,9,6,109,4,128,0,2,295,0,297,9,8,404,4,425,343,0,343,768
05/13/2011,MLB,FL,ASO,ES,Federal Contract Tower,7,9,109,0,125,0,10,243,0,253,7,19,352,0,378,248,0,248,626
05/14/2011,MLB,FL,ASO,ES,Federal Contract Tower,7,4,55,0,66,0,5,106,0,111,7,9,161,0,177,72,0,72,249
05/15/2011,MLB,FL,ASO,ES,Federal Contract Tower,8,15,62,0,85,0,5,74,0,79,8,20,136,0,164,58,0,58,222
05/16/2011,MLB,FL,ASO,ES,Federal Contract Tower,8,10,83,0,101,0,3,217,0,220,8,13,300,0,321,194,0,194,515
05/17/2011,MLB,FL,ASO,ES,Federal Contract Tower,9,6,113,0,128,0,0,153,0,153,9,6,266,0,281,147,0,147,428
05/18/2011,MLB,FL,ASO,ES,Federal Contract Tower,9,7,88,0,104,0,0,211,0,211,9,7,299,0,315,324,0,324,639
05/19/2011,MLB,FL,ASO,ES,Federal Contract Tower,8,6,72,0,86,0,3,302,0,305,8,9,374,0,391,301,0,301,692
05/20/2011,MLB,FL,ASO,ES,Federal Contract Tower,7,7,75,0,89,0,4,239,0,243,7,11,314,0,332,268,0,268,600
05/21/2011,MLB,FL,ASO,ES,Federal Contract Tower,4,5,44,0,53,0,0,222,0,222,4,5,266,0,275,290,0,290,565
05/22/2011,MLB,FL,ASO,ES,Federal Contract Tower,8,7,50,0,65,0,2,151,0,153,8,9,201,0,218,172,0,172,390
05/23/2011,MLB,FL,ASO,ES,Federal Contract Tower,8,7,106,0,121,0,6,229,4,239,8,13,335,4,360,340,0,340,700
05/24/2011,MLB,FL,ASO,ES,Federal Contract Tower,10,7,69,4,90,0,0,264,1,265,10,7,333,5,355,332,0,332,687
05/25/2011,MLB,FL,ASO,ES,Federal Contract Tower,6,4,53,0,63,0,0,266,0,266,6,4,319,0,329,274,0,274,603
05/26/2011,MLB,FL,ASO,ES,Federal Contract Tower,5,7,109,0,121,0,3,240,0,243,5,10,349,0,364,294,0,294,658
05/27/2011,MLB,FL,ASO,ES,Federal Contract Tower,8,7,71,0,86,0,0,199,0,199,8,7,270,0,285,397,0,397,682
05/28/2011,MLB,FL,ASO,ES,Federal Contract Tower,5,7,54,0,66,0,22,265,0,287,5,29,319,0,353,394,0,394,747
05/29/2011,MLB,FL,ASO,ES,Federal Contract Tower,6,3,45,0,54,0,2,176,0,178,6,5,221,0,232,114,0,114,346
05/30/2011,MLB,FL,ASO,ES,Federal Contract Tower,7,4,49,0,60,0,2,261,0,263,7,6,310,0,323,366,0,366,689
05/31/2011,MLB,FL,ASO,ES,Federal Contract Tower,8,12,69,0,89,0,2,308,2,312,8,14,377,2,401,326,0,326,727
06/01/2011,MLB,FL,ASO,ES,Federal Contract Tower,6,4,70,0,80,0,2,324,0,326,6,6,394,0,406,340,0,340,746
06/02/2011,MLB,FL,ASO,ES,Federal Contract Tower,9,4,95,3,111,0,7,341,0,348,9,11,436,3,459,366,2,368,827
06/03/2011,MLB,FL,ASO,ES,Federal Contract Tower,9,7,64,0,80,0,6,294,0,300,9,13,358,0,380,398,0,398,778
06/04/2011,MLB,FL,ASO,ES,Federal Contract Tower,4,4,50,0,58,0,5,233,0,238,4,9,283,0,296,420,0,420,716
06/05/2011,MLB,FL,ASO,ES,Federal Contract Tower,8,8,79,0,95,0,5,195,0,200,8,13,274,0,295,194,0,194,489
06/06/2011,MLB,FL,ASO,ES,Federal Contract Tower,8,5,68,0,81,0,0,306,0,306,8,5,374,0,387,365,0,365,752
06/07/2011,MLB,FL,ASO,ES,Federal Contract Tower,9,5,96,15,125,0,0,289,0,289,9,5,385,15,414,351,0,351,765
06/08/2011,MLB,FL,ASO,ES,Federal Contract Tower,8,9,65,0,82,0,0,208,0,208,8,9,273,0,290,266,0,266,556
06/09/2011,MLB,FL,ASO,ES,Federal Contract Tower,6,6,95,0,107,0,2,203,0,205,6,8,298,0,312,268,0,268,580
06/10/2011,MLB,FL,ASO,ES,Federal Contract Tower,7,9,74,0,90,0,1,257,0,258,7,10,331,0,348,347,0,347,695
06/11/2011,MLB,FL,ASO,ES,Federal Contract Tower,6,4,72,0,82,0,0,165,0,165,6,4,237,0,247,286,0,286,533
06/12/2011,MLB,FL,ASO,ES,Federal Contract Tower,7,8,59,0,74,0,4,96,0,100,7,12,155,0,174,60,0,60,234
06/13/2011,MLB,FL,ASO,ES,Federal Contract Tower,7,9,89,0,105,0,8,232,0,240,7,17,321,0,345,190,0,190,535
06/14/2011,MLB,FL,ASO,ES,Federal Contract Tower,10,4,0,0,14,0,0,4,153,157,10,4,4,153,171,172,0,172,343
06/15/2011,MLB,FL,ASO,ES,Federal Contract Tower,5,9,85,0,99,0,0,109,0,109,5,9,194,0,208,90,0,90,298
06/16/2011,MLB,FL,ASO,ES,Federal Contract Tower,6,8,72,0,86,0,2,218,0,220,6,10,290,0,306,299,0,299,605
06/17/2011,MLB,FL,ASO,ES,Federal Contract Tower,6,7,74,0,87,0,0,193,0,193,6,7,267,0,280,354,0,354,634
06/18/2011,MLB,FL,ASO,ES,Federal Contract Tower,8,3,60,0,71,0,3,140,0,143,8,6,200,0,214,194,0,194,408
06/19/2011,MLB,FL,ASO,ES,Federal Contract Tower,9,4,38,0,51,0,0,143,0,143,9,4,181,0,194,232,0,232,426
06/20/2011,MLB,FL,ASO,ES,Federal Contract Tower,9,8,91,0,108,0,2,338,0,340,9,10,429,0,448,339,0,339,787
06/21/2011,MLB,FL,ASO,ES,Federal Contract Tower,9,7,63,4,83,0,0,275,0,275,9,7,338,4,358,256,0,256,614
06/22/2011,MLB,FL,ASO,ES,Federal Contract Tower,6,5,90,0,101,0,1,322,0,323,6,6,412,0,424,288,0,288,712
06/23/2011,MLB,FL,ASO,ES,Federal Contract Tower,9,7,68,0,84,0,1,219,0,220,9,8,287,0,304,210,0,210,514
06/24/2011,MLB,FL,ASO,ES,Federal Contract Tower,5,5,41,2,53,0,1,173,0,174,5,6,214,2,227,157,0,157,384
06/25/2011,MLB,FL,ASO,ES,Federal Contract Tower,7,4,25,4,40,0,2,150,0,152,7,6,175,4,192,216,0,216,408
06/26/2011,MLB,FL,ASO,ES,Federal Contract Tower,9,7,29,0,45,0,0,127,0,127,9,7,156,0,172,156,0,156,328
06/27/2011,MLB,FL,ASO,ES,Federal Contract Tower,8,11,51,0,70,0,0,181,0,181,8,11,232,0,251,261,0,261,512
06/28/2011,MLB,FL,ASO,ES,Federal Contract Tower,9,6,72,2,89,0,3,155,0,158,9,9,227,2,247,266,0,266,513
06/29/2011,MLB,FL,ASO,ES,Federal Contract Tower,11,7,42,1,61,0,0,114,0,114,11,7,156,1,175,186,0,186,361
06/30/2011,MLB,FL,ASO,ES,Federal Contract Tower,10,11,85,2,108,0,5,154,0,159,10,16,239,2,267,188,0,188,455
07/01/2011,MLB,FL,ASO,ES,Federal Contract Tower,9,9,80,0,98,0,1,172,0,173,9,10,252,0,271,284,0,284,555
07/02/2011,MLB,FL,ASO,ES,Federal Contract Tower,9,2,60,0,71,0,2,230,0,232,9,4,290,0,303,222,0,222,525
07/03/2011,MLB,FL,ASO,ES,Federal Contract Tower,6,4,42,0,52,0,0,139,0,139,6,4,181,0,191,138,0,138,329
07/04/2011,MLB,FL,ASO,ES,Federal Contract Tower,7,8,29,0,44,0,0,148,0,148,7,8,177,0,192,198,0,198,390
07/05/2011,MLB,FL,ASO,ES,Federal Contract Tower,6,10,107,0,123,0,0,2,227,229,6,10,109,227,352,190,0,190,542
07/06/2011,MLB,FL,ASO,ES,Federal Contract Tower,9,9,131,0,149,0,1,193,0,194,9,10,324,0,343,352,0,352,695
07/07/2011,MLB,FL,ASO,ES,Federal Contract Tower,10,4,71,4,89,0,0,49,0,49,10,4,120,4,138,112,0,112,250
07/08/2011,MLB,FL,ASO,ES,Federal Contract Tower,9,9,81,6,105,0,3,94,0,97,9,12,175,6,202,84,0,84,286
07/09/2011,MLB,FL,ASO,ES,Federal Contract Tower,8,4,92,0,104,0,0,234,0,234,8,4,326,0,338,230,0,230,568
07/10/2011,MLB,FL,ASO,ES,Federal Contract Tower,10,4,43,0,57,0,0,136,0,136,10,4,179,0,193,216,0,216,409
07/11/2011,MLB,FL,ASO,ES,Federal Contract Tower,6,5,74,8,93,0,1,254,0,255,6,6,328,8,348,390,0,390,738
07/12/2011,MLB,FL,ASO,ES,Federal Contract Tower,7,4,63,2,76,0,2,306,0,308,7,6,369,2,384,320,0,320,704
07/13/2011,MLB,FL,ASO,ES,Federal Contract Tower,5,6,72,1,84,0,6,269,0,275,5,12,341,1,359,206,0,206,565
07/14/2011,MLB,FL,ASO,ES,Federal Contract Tower,8,4,81,1,94,0,5,220,0,225,8,9,301,1,319,252,0,252,571
07/15/2011,MLB,FL,ASO,ES,Federal Contract Tower,10,6,61,0,77,0,2,183,0,185,10,8,244,0,262,202,0,202,464
07/16/2011,MLB,FL,ASO,ES,Federal Contract Tower,8,3,62,0,73,0,0,242,0,242,8,3,304,0,315,253,0,253,568
07/17/2011,MLB,FL,ASO,ES,Federal Contract Tower,10,3,37,1,51,0,5,96,1,102,10,8,133,2,153,88,0,88,241
07/18/2011,MLB,FL,ASO,ES,Federal Contract Tower,8,7,51,0,66,0,2,169,0,171,8,9,220,0,237,210,0,210,447
07/19/2011,MLB,FL,ASO,ES,Federal Contract Tower,7,5,59,8,79,0,6,266,0,272,7,11,325,8,351,254,0,254,605
07/20/2011,MLB,FL,ASO,ES,Federal Contract Tower,9,9,87,6,111,0,0,219,0,219,9,9,306,6,330,237,0,237,567
07/21/2011,MLB,FL,ASO,ES,Federal Contract Tower,9,9,102,8,128,0,4,224,0,228,9,13,326,8,356,202,0,202,558
07/22/2011,MLB,FL,ASO,ES,Federal Contract Tower,8,3,73,4,88,0,2,249,0,251,8,5,322,4,339,179,0,179,518
07/23/2011,MLB,FL,ASO,ES,Federal Contract Tower,11,4,51,1,67,0,3,175,0,178,11,7,226,1,245,200,0,200,445
07/24/2011,MLB,FL,ASO,ES,Federal Contract Tower,7,7,52,1,67,0,0,135,0,135,7,7,187,1,202,88,0,88,290
07/25/2011,MLB,FL,ASO,ES,Federal Contract Tower,9,8,75,11,103,0,8,264,1,273,9,16,339,12,376,164,0,164,540
07/26/2011,MLB,FL,ASO,ES,Federal Contract Tower,10,5,66,10,91,0,2,171,0,173,10,7,237,10,264,106,0,106,370
07/27/2011,MLB,FL,ASO,ES,Federal Contract Tower,6,5,164,4,179,0,1,216,0,217,6,6,380,4,396,232,0,232,628
07/28/2011,MLB,FL,ASO,ES,Federal Contract Tower,9,8,121,2,140,0,1,272,0,273,9,9,393,2,413,124,0,124,537
07/29/2011,MLB,FL,ASO,ES,Federal Contract Tower,10,10,173,3,196,0,0,303,0,303,10,10,476,3,499,400,0,400,899
07/30/2011,MLB,FL,ASO,ES,Federal Contract Tower,7,3,92,0,102,0,0,230,0,230,7,3,322,0,332,212,0,212,544
07/31/2011,MLB,FL,ASO,ES,Federal Contract Tower,12,5,46,0,63,0,0,168,0,168,12,5,214,0,231,120,0,120,351
08/01/2011,MLB,FL,ASO,ES,Federal Contract Tower,7,6,58,0,71,0,2,222,0,224,7,8,280,0,295,190,0,190,485
08/02/2011,MLB,FL,ASO,ES,Federal Contract Tower,11,4,41,0,56,0,0,212,0,212,11,4,253,0,268,202,0,202,470
08/03/2011,MLB,FL,ASO,ES,Federal Contract Tower,10,7,66,0,83,0,8,205,0,213,10,15,271,0,296,224,0,224,520
08/04/2011,MLB,FL,ASO,ES,Federal Contract Tower,10,4,62,0,76,0,0,225,0,225,10,4,287,0,301,258,0,258,559
08/05/2011,MLB,FL,ASO,ES,Federal Contract Tower,7,5,85,0,97,0,1,263,0,264,7,6,348,0,361,225,0,225,586
08/06/2011,MLB,FL,ASO,ES,Federal Contract Tower,7,2,30,0,39,0,1,158,0,159,7,3,188,0,198,186,0,186,384
08/07/2011,MLB,FL,ASO,ES,Federal Contract Tower,8,8,25,0,41,0,9,79,0,88,8,17,104,0,129,96,0,96,225
08/08/2011,MLB,FL,ASO,ES,Federal Contract Tower,8,6,55,0,69,0,2,108,0,110,8,8,163,0,179,144,0,144,323
08/09/2011,MLB,FL,ASO,ES,Federal Contract Tower,8,6,47,1,62,0,0,108,0,108,8,6,155,1,170,174,0,174,344
08/10/2011,MLB,FL,ASO,ES,Federal Contract Tower,9,7,88,0,104,0,3,169,0,172,9,10,257,0,276,162,0,162,438
08/11/2011,MLB,FL,ASO,ES,Federal Contract Tower,7,6,64,2,79,0,0,129,0,129,7,6,193,2,208,94,0,94,302
08/12/2011,MLB,FL,ASO,ES,Federal Contract Tower,9,7,83,4,103,0,4,278,0,282,9,11,361,4,385,218,0,218,603
08/13/2011,MLB,FL,ASO,ES,Federal Contract Tower,8,5,60,0,73,0,8,129,0,137,8,13,189,0,210,158,0,158,368
08/14/2011,MLB,FL,ASO,ES,Federal Contract Tower,9,5,40,0,54,0,0,143,0,143,9,5,183,0,197,90,0,90,287
08/15/2011,MLB,FL,ASO,ES,Federal Contract Tower,10,4,41,1,56,0,4,167,2,173,10,8,208,3,229,232,4,236,465
08/16/2011,MLB,FL,ASO,ES,Federal Contract Tower,10,7,54,0,71,0,0,194,0,194,10,7,248,0,265,351,0,351,616
08/17/2011,MLB,FL,ASO,ES,Federal Contract Tower,9,6,90,1,106,0,1,185,0,186,9,7,275,1,292,240,0,240,532
08/18/2011,MLB,FL,ASO,ES,Federal Contract Tower,9,12,58,0,79,0,2,181,0,183,9,14,239,0,262,242,0,242,504
08/19/2011,MLB,FL,ASO,ES,Federal Contract Tower,10,6,50,0,66,0,3,150,0,153,10,9,200,0,219,242,0,242,461
08/20/2011,MLB,FL,ASO,ES,Federal Contract Tower,8,4,50,0,62,0,4,151,0,155,8,8,201,0,217,136,0,136,353
08/21/2011,MLB,FL,ASO,ES,Federal Contract Tower,9,4,49,0,62,0,5,101,0,106,9,9,150,0,168,96,0,96,264
08/22/2011,MLB,FL,ASO,ES,Federal Contract Tower,8,4,67,2,81,0,0,177,0,177,8,4,244,2,258,243,0,243,501
08/23/2011,MLB,FL,ASO,ES,Federal Contract Tower,8,5,41,0,54,0,0,139,0,139,8,5,180,0,193,131,0,131,324
08/24/2011,MLB,FL,ASO,ES,Federal Contract Tower,8,5,75,0,88,0,0,261,0,261,8,5,336,0,349,354,0,354,703
08/25/2011,MLB,FL,ASO,ES,Federal Contract Tower,9,5,26,0,40,0,0,48,0,48,9,5,74,0,88,86,0,86,174
08/26/2011,MLB,FL,ASO,ES,Federal Contract Tower,8,5,30,0,43,0,1,70,0,71,8,6,100,0,114,130,0,130,244
08/27/2011,MLB,FL,ASO,ES,Federal Contract Tower,8,1,35,0,44,0,0,167,0,167,8,1,202,0,211,164,0,164,375
08/28/2011,MLB,FL,ASO,ES,Federal Contract Tower,8,2,37,0,47,0,4,143,0,147,8,6,180,0,194,52,0,52,246
08/29/2011,MLB,FL,ASO,ES,Federal Contract Tower,8,3,95,0,106,0,5,200,0,205,8,8,295,0,311,229,0,229,540
08/30/2011,MLB,FL,ASO,ES,Federal Contract Tower,7,6,64,0,77,0,2,210,0,212,7,8,274,0,289,250,0,250,539
08/31/2011,MLB,FL,ASO,ES,Federal Contract Tower,7,7,58,0,72,0,2,210,0,212,7,9,268,0,284,312,2,314,598
09/01/2011,MLB,FL,ASO,ES,Federal Contract Tower,8,8,116,1,133,0,5,284,1,290,8,13,400,2,423,447,0,447,870
09/02/2011,MLB,FL,ASO,ES,Federal Contract Tower,10,7,93,0,110,0,0,290,0,290,10,7,383,0,400,410,0,410,810
09/03/2011,MLB,FL,ASO,ES,Federal Contract Tower,8,4,94,0,106,0,5,263,0,268,8,9,357,0,374,300,0,300,674
09/04/2011,MLB,FL,ASO,ES,Federal Contract Tower,7,6,20,0,33,0,5,143,0,148,7,11,163,0,181,126,0,126,307
09/05/2011,MLB,FL,ASO,ES,Federal Contract Tower,6,6,73,0,85,0,3,151,0,154,6,9,224,0,239,162,0,162,401
09/06/2011,MLB,FL,ASO,ES,Federal Contract Tower,9,3,60,0,72,0,0,2,130,132,9,3,62,130,204,174,0,174,378
09/07/2011,MLB,FL,ASO,ES,Federal Contract Tower,6,5,100,0,111,0,0,87,0,87,6,5,187,0,198,84,0,84,282
09/08/2011,MLB,FL,ASO,ES,Federal Contract Tower,10,9,93,1,113,0,3,162,0,165,10,12,255,1,278,170,0,170,448
09/09/2011,MLB,FL,ASO,ES,Federal Contract Tower,8,7,101,0,116,0,0,259,0,259,8,7,360,0,375,324,0,324,699
09/10/2011,MLB,FL,ASO,ES,Federal Contract Tower,10,4,66,0,80,0,0,243,0,243,10,4,309,0,323,328,0,328,651
09/11/2011,MLB,FL,ASO,ES,Federal Contract Tower,8,10,25,4,47,0,3,167,0,170,8,13,192,4,217,142,0,142,359
09/12/2011,MLB,FL,ASO,ES,Federal Contract Tower,8,4,114,0,126,0,0,300,0,300,8,4,414,0,426,531,0,531,957
09/13/2011,MLB,FL,ASO,ES,Federal Contract Tower,9,5,88,0,102,0,3,317,0,320,9,8,405,0,422,556,4,560,982
09/14/2011,MLB,FL,ASO,ES,Federal Contract Tower,8,5,68,0,81,0,7,315,0,322,8,12,383,0,403,542,0,542,945
09/15/2011,MLB,FL,ASO,ES,Federal Contract Tower,9,5,102,2,118,0,3,354,2,359,9,8,456,4,477,484,0,484,961
09/16/2011,MLB,FL,ASO,ES,Federal Contract Tower,8,8,123,0,139,0,0,320,0,320,8,8,443,0,459,606,0,606,1065
09/17/2011,MLB,FL,ASO,ES,Federal Contract Tower,8,4,46,0,58,0,5,267,0,272,8,9,313,0,330,366,0,366,696
09/18/2011,MLB,FL,ASO,ES,Federal Contract Tower,9,4,36,0,49,0,2,95,0,97,9,6,131,0,146,90,0,90,236
09/19/2011,MLB,FL,ASO,ES,Federal Contract Tower,8,5,68,10,91,0,0,196,1,197,8,5,264,11,288,506,10,516,804
09/20/2011,MLB,FL,ASO,ES,Federal Contract Tower,7,6,56,0,69,0,0,182,6,188,7,6,238,6,257,278,0,278,535
09/21/2011,MLB,FL,ASO,ES,Federal Contract Tower,8,5,87,0,100,0,2,315,0,317,8,7,402,0,417,487,0,487,904
09/22/2011,MLB,FL,ASO,ES,Federal Contract Tower,5,6,43,0,54,0,5,129,0,134,5,11,172,0,188,332,0,332,520
09/23/2011,MLB,FL,ASO,ES,Federal Contract Tower,8,8,75,0,91,0,3,204,1,208,8,11,279,1,299,290,0,290,589
09/24/2011,MLB,FL,ASO,ES,Federal Contract Tower,8,5,26,0,39,0,4,96,1,101,8,9,122,1,140,40,0,40,180
09/25/2011,MLB,FL,ASO,ES,Federal Contract Tower,8,7,45,0,60,0,0,116,0,116,8,7,161,0,176,133,0,133,309
09/26/2011,MLB,FL,ASO,ES,Federal Contract Tower,7,6,56,0,69,0,3,161,0,164,7,9,217,0,233,431,0,431,664
09/27/2011,MLB,FL,ASO,ES,Federal Contract Tower,8,5,67,0,80,0,5,277,0,282,8,10,344,0,362,453,0,453,815
09/28/2011,MLB,FL,ASO,ES,Federal Contract Tower,7,4,52,0,63,0,4,291,0,295,7,8,343,0,358,551,0,551,909
09/29/2011,MLB,FL,ASO,ES,Federal Contract Tower,9,4,35,0,48,0,0,317,0,317,9,4,352,0,365,272,0,272,637
09/30/2011,MLB,FL,ASO,ES,Federal Contract Tower,9,5,54,1,69,0,4,244,0,248,9,9,298,1,317,277,0,277,594
10/01/2011,MLB,FL,ASO,ES,Federal Contract Tower,10,5,56,0,71,0,10,230,0,240,10,15,286,0,311,214,0,214,525
10/02/2011,MLB,FL,ASO,ES,Federal Contract Tower,6,6,50,0,62,0,2,166,0,168,6,8,216,0,230,136,0,136,366
10/03/2011,MLB,FL,ASO,ES,Federal Contract Tower,8,7,54,2,71,0,4,332,0,336,8,11,386,2,407,414,0,414,821
10/04/2011,MLB,FL,ASO,ES,Federal Contract Tower,7,8,49,4,68,0,2,273,0,275,7,10,322,4,343,414,0,414,757
10/05/2011,MLB,FL,ASO,ES,Federal Contract Tower,7,6,59,0,72,0,3,258,0,261,7,9,317,0,333,364,0,364,697
10/06/2011,MLB,FL,ASO,ES,Federal Contract Tower,8,5,87,0,100,0,0,182,0,182,8,5,269,0,282,190,0,190,472
10/07/2011,MLB,FL,ASO,ES,Federal Contract Tower,9,7,54,0,70,0,0,56,0,56,9,7,110,0,126,132,0,132,258
10/08/2011,MLB,FL,ASO,ES,Federal Contract Tower,9,2,2,0,13,0,0,0,0,0,9,2,2,0,13,0,0,0,13
10/09/2011,MLB,FL,ASO,ES,Federal Contract Tower,8,5,12,0,25,0,0,0,0,0,8,5,12,0,25,0,0,0,25
10/10/2011,MLB,FL,ASO,ES,Federal Contract Tower,8,4,96,0,108,0,0,186,0,186,8,4,282,0,294,341,0,341,635
10/11/2011,MLB,FL,ASO,ES,Federal Contract Tower,8,3,55,0,66,0,1,215,0,216,8,4,270,0,282,324,0,324,606
10/12/2011,MLB,FL,ASO,ES,Federal Contract Tower,9,6,119,0,134,0,1,326,0,327,9,7,445,0,461,285,0,285,746
10/13/2011,MLB,FL,ASO,ES,Federal Contract Tower,6,9,86,0,101,0,4,318,0,322,6,13,404,0,423,267,0,267,690
10/14/2011,MLB,FL,ASO,ES,Federal Contract Tower,5,8,69,0,82,0,4,257,0,261,5,12,326,0,343,292,0,292,635
10/15/2011,MLB,FL,ASO,ES,Federal Contract Tower,10,4,62,0,76,0,9,213,0,222,10,13,275,0,298,171,0,171,469
10/16/2011,MLB,FL,ASO,ES,Federal Contract Tower,10,5,34,0,49,0,4,116,0,120,10,9,150,0,169,48,0,48,217
10/17/2011,MLB,FL,ASO,ES,Federal Contract Tower,7,4,69,0,80,0,4,184,0,188,7,8,253,0,268,236,0,236,504
10/18/2011,MLB,FL,ASO,ES,Federal Contract Tower,9,3,24,8,44,0,0,7,0,7,9,3,31,8,51,50,0,50,101
10/19/2011,MLB,FL,ASO,ES,Federal Contract Tower,7,9,57,4,77,0,5,45,0,50,7,14,102,4,127,50,0,50,177
10/20/2011,MLB,FL,ASO,ES,Federal Contract Tower,8,6,97,0,111,0,2,311,0,313,8,8,408,0,424,235,0,235,659
10/21/2011,MLB,FL,ASO,ES,Federal Contract Tower,7,5,65,0,77,0,4,317,1,322,7,9,382,1,399,270,0,270,669
10/22/2011,MLB,FL,ASO,ES,Federal Contract Tower,10,3,40,0,53,0,0,259,0,259,10,3,299,0,312,214,0,214,526
10/23/2011,MLB,FL,ASO,ES,Federal Contract Tower,8,6,43,0,57,0,1,247,0,248,8,7,290,0,305,110,0,110,415
10/24/2011,MLB,FL,ASO,ES,Federal Contract Tower,8,7,69,0,84,0,2,363,0,365,8,9,432,0,449,316,0,316,765
10/25/2011,MLB,FL,ASO,ES,Federal Contract Tower,8,8,83,0,99,0,2,285,0,287,8,10,368,0,386,282,0,282,668
10/26/2011,MLB,FL,ASO,ES,Federal Contract Tower,7,8,56,0,71,0,2,333,0,335,7,10,389,0,406,500,0,500,906
10/27/2011,MLB,FL,ASO,ES,Federal Contract Tower,6,5,78,3,92,0,6,365,0,371,6,11,443,3,463,422,0,422,885
10/28/2011,MLB,FL,ASO,ES,Federal Contract Tower,8,6,88,0,102,0,1,137,0,138,8,7,225,0,240,287,0,287,527
10/29/2011,MLB,FL,ASO,ES,Federal Contract Tower,6,4,34,0,44,1,5,8,0,14,7,9,42,0,58,0,0,0,58
10/30/2011,MLB,FL,ASO,ES,Federal Contract Tower,9,5,14,0,28,0,4,85,0,89,9,9,99,0,117,62,2,64,181
10/31/2011,MLB,FL,ASO,ES,Federal Contract Tower,10,5,45,0,60,0,2,13,0,15,10,7,58,0,75,23,0,23,98
11/01/2011,MLB,FL,ASO,ES,Federal Contract Tower,9,5,68,0,82,0,2,171,0,173,9,7,239,0,255,182,0,182,437
11/02/2011,MLB,FL,ASO,ES,Federal Contract Tower,7,10,81,0,98,0,4,360,0,364,7,14,441,0,462,465,0,465,927
11/03/2011,MLB,FL,ASO,ES,Federal Contract Tower,6,6,91,0,103,0,2,351,0,353,6,8,442,0,456,452,0,452,908
11/04/2011,MLB,FL,ASO,ES,Federal Contract Tower,7,6,90,4,107,0,2,263,0,265,7,8,353,4,372,308,2,310,682
11/05/2011,MLB,FL,ASO,ES,Federal Contract Tower,7,12,28,0,47,0,2,134,0,136,7,14,162,0,183,182,0,182,365
11/06/2011,MLB,FL,ASO,ES,Federal Contract Tower,8,8,14,0,30,0,0,107,0,107,8,8,121,0,137,482,0,482,619
11/07/2011,MLB,FL,ASO,ES,Federal Contract Tower,7,9,106,0,122,0,3,298,0,301,7,12,404,0,423,630,0,630,1053
11/08/2011,MLB,FL,ASO,ES,Federal Contract Tower,8,5,41,1,55,0,2,296,0,298,8,7,337,1,353,858,0,858,1211
11/09/2011,MLB,FL,ASO,ES,Federal Contract Tower,6,8,71,1,86,0,6,298,0,304,6,14,369,1,390,221,0,221,611
11/10/2011,MLB,FL,ASO,ES,Federal Contract Tower,8,4,51,0,63,0,5,368,0,373,8,9,419,0,436,556,0,556,992
11/11/2011,MLB,FL,ASO,ES,Federal Contract Tower,8,10,58,0,76,0,1,285,0,286,8,11,343,0,362,211,0,211,573
11/12/2011,MLB,FL,ASO,ES,Federal Contract Tower,8,8,57,0,73,0,1,300,0,301,8,9,357,0,374,345,0,345,719
11/13/2011,MLB,FL,ASO,ES,Federal Contract Tower,7,8,41,0,56,0,6,188,0,194,7,14,229,0,250,124,0,124,374
11/14/2011,MLB,FL,ASO,ES,Federal Contract Tower,5,9,89,1,104,0,3,285,6,294,5,12,374,7,398,381,0,381,779
11/15/2011,MLB,FL,ASO,ES,Federal Contract Tower,10,7,121,0,138,0,0,131,0,131,10,7,252,0,269,226,0,226,495
11/16/2011,MLB,FL,ASO,ES,Federal Contract Tower,8,5,107,0,120,0,1,269,0,270,8,6,376,0,390,246,0,246,636
11/17/2011,MLB,FL,ASO,ES,Federal Contract Tower,7,6,121,1,135,0,4,240,0,244,7,10,361,1,379,307,0,307,686
11/18/2011,MLB,FL,ASO,ES,Federal Contract Tower,7,7,103,0,117,0,2,210,0,212,7,9,313,0,329,242,0,242,571
11/19/2011,MLB,FL,ASO,ES,Federal Contract Tower,7,3,60,0,70,0,0,216,0,216,7,3,276,0,286,358,0,358,644
11/20/2011,MLB,FL,ASO,ES,Federal Contract Tower,8,8,41,0,57,0,4,184,0,188,8,12,225,0,245,203,0,203,448
11/21/2011,MLB,FL,ASO,ES,Federal Contract Tower,6,12,112,3,133,0,2,122,0,124,6,14,234,3,257,297,0,297,554
11/22/2011,MLB,FL,ASO,ES,Federal Contract Tower,9,11,131,0,151,0,2,289,0,291,9,13,420,0,442,373,0,373,815
11/23/2011,MLB,FL,ASO,ES,Federal Contract Tower,9,10,57,0,76,0,0,286,0,286,9,10,343,0,362,434,0,434,796
11/24/2011,MLB,FL,ASO,ES,Federal Contract Tower,5,3,14,0,22,0,8,21,0,29,5,11,35,0,51,8,0,8,59
11/25/2011,MLB,FL,ASO,ES,Federal Contract Tower,4,9,33,0,46,0,3,25,0,28,4,12,58,0,74,16,0,16,90
11/26/2011,MLB,FL,ASO,ES,Federal Contract Tower,7,7,30,0,44,0,3,196,0,199,7,10,226,0,243,195,0,195,438
11/27/2011,MLB,FL,ASO,ES,Federal Contract Tower,8,10,48,0,66,0,11,139,0,150,8,21,187,0,216,78,0,78,294
11/28/2011,MLB,FL,ASO,ES,Federal Contract Tower,8,8,55,0,71,0,0,60,0,60,8,8,115,0,131,109,0,109,240
11/29/2011,MLB,FL,ASO,ES,Federal Contract Tower,9,4,85,0,98,0,2,272,0,274,9,6,357,0,372,271,0,271,643
11/30/2011,MLB,FL,ASO,ES,Federal Contract Tower,10,2,90,6,108,0,3,343,0,346,10,5,433,6,454,306,0,306,760
12/01/2011,MLB,FL,ASO,ES,Federal Contract Tower,9,11,64,0,84,0,2,304,0,306,9,13,368,0,390,275,0,275,665
12/02/2011,MLB,FL,ASO,ES,Federal Contract Tower,9,8,99,0,116,0,2,238,0,240,9,10,337,0,356,412,0,412,768
12/03/2011,MLB,FL,ASO,ES,Federal Contract Tower,8,8,64,0,80,0,2,207,0,209,8,10,271,0,289,248,0,248,537
12/04/2011,MLB,FL,ASO,ES,Federal Contract Tower,7,8,48,0,63,0,8,150,0,158,7,16,198,0,221,113,0,113,334
12/05/2011,MLB,FL,ASO,ES,Federal Contract Tower,9,6,66,2,83,0,3,250,0,253,9,9,316,2,336,241,0,241,577
12/06/2011,MLB,FL,ASO,ES,Federal Contract Tower,9,5,83,1,98,0,2,297,0,299,9,7,380,1,397,376,0,376,773
12/07/2011,MLB,FL,ASO,ES,Federal Contract Tower,8,4,70,0,82,0,4,255,0,259,8,8,325,0,341,242,0,242,583
12/08/2011,MLB,FL,ASO,ES,Federal Contract Tower,5,7,109,2,123,0,4,230,0,234,5,11,339,2,357,265,0,265,622
12/09/2011,MLB,FL,ASO,ES,Federal Contract Tower,6,10,143,1,160,0,15,272,0,287,6,25,415,1,447,586,0,586,1033
12/10/2011,MLB,FL,ASO,ES,Federal Contract Tower,9,5,70,0,84,0,9,32,0,41,9,14,102,0,125,154,0,154,279
12/11/2011,MLB,FL,ASO,ES,Federal Contract Tower,8,6,27,0,41,0,4,61,0,65,8,10,88,0,106,80,0,80,186
12/12/2011,MLB,FL,ASO,ES,Federal Contract Tower,7,7,104,0,118,0,0,25,0,25,7,7,129,0,143,30,0,30,173
12/13/2011,MLB,FL,ASO,ES,Federal Contract Tower,8,4,95,1,108,0,0,283,0,283,8,4,378,1,391,364,0,364,755
12/14/2011,MLB,FL,ASO,ES,Federal Contract Tower,7,10,103,0,120,0,0,299,0,299,7,10,402,0,419,282,0,282,701
12/15/2011,MLB,FL,ASO,ES,Federal Contract Tower,9,7,142,8,166,0,2,288,0,290,9,9,430,8,456,372,1,373,829
12/16/2011,MLB,FL,ASO,ES,Federal Contract Tower,7,4,91,7,109,0,2,195,0,197,7,6,286,7,306,292,0,292,598
12/17/2011,MLB,FL,ASO,ES,Federal Contract Tower,10,8,57,0,75,0,0,223,0,223,10,8,280,0,298,214,0,214,512
12/18/2011,MLB,FL,ASO,ES,Federal Contract Tower,12,8,42,0,62,0,1,156,0,157,12,9,198,0,219,88,0,88,307
12/19/2011,MLB,FL,ASO,ES,Federal Contract Tower,9,13,91,0,113,0,4,248,0,252,9,17,339,0,365,246,0,246,611
12/20/2011,MLB,FL,ASO,ES,Federal Contract Tower,8,7,113,0,128,0,5,233,0,238,8,12,346,0,366,192,0,192,558
12/21/2011,MLB,FL,ASO,ES,Federal Contract Tower,8,5,85,5,103,0,0,234,0,234,8,5,319,5,337,316,0,316,653
12/22/2011,MLB,FL,ASO,ES,Federal Contract Tower,10,5,57,0,72,0,6,237,0,243,10,11,294,0,315,237,0,237,552
12/23/2011,MLB,FL,ASO,ES,Federal Contract Tower,10,6,42,1,59,0,4,178,0,182,10,10,220,1,241,221,0,221,462
12/24/2011,MLB,FL,ASO,ES,Federal Contract Tower,4,9,24,0,37,0,2,14,0,16,4,11,38,0,53,0,0,0,53
12/25/2011,MLB,FL,ASO,ES,Federal Contract Tower,5,2,6,0,13,0,4,14,0,18,5,6,20,0,31,0,0,0,31
12/26/2011,MLB,FL,ASO,ES,Federal Contract Tower,8,6,54,0,68,0,0,23,0,23,8,6,77,0,91,36,0,36,127
12/27/2011,MLB,FL,ASO,ES,Federal Contract Tower,8,5,50,0,63,0,0,22,1,23,8,5,72,1,86,6,0,6,92
12/28/2011,MLB,FL,ASO,ES,Federal Contract Tower,7,8,45,0,60,0,0,166,0,166,7,8,211,0,226,168,0,168,394
12/29/2011,MLB,FL,ASO,ES,Federal Contract Tower,7,8,33,2,50,0,0,229,0,229,7,8,262,2,279,336,0,336,615
12/30/2011,MLB,FL,ASO,ES,Federal Contract Tower,11,3,33,0,47,0,3,155,0,158,11,6,188,0,205,289,0,289,494
12/31/2011,MLB,FL,ASO,ES,Federal Contract Tower,4,10,7,7,28,0,4,46,0,50,4,14,53,7,78,34,0,34,112
01/01/2012,MLB,FL,ASO,ES,Federal Contract Tower,4,6,14,0,24,0,2,34,0,36,4,8,48,0,60,30,0,30,90
01/02/2012,MLB,FL,ASO,ES,Federal Contract Tower,9,5,74,0,88,0,2,82,0,84,9,7,156,0,172,49,0,49,221
01/03/2012,MLB,FL,ASO,ES,Federal Contract Tower,12,5,27,6,50,0,3,53,0,56,12,8,80,6,106,88,0,88,194
01/04/2012,MLB,FL,ASO,ES,Federal Contract Tower,9,5,25,0,39,0,2,144,0,146,9,7,169,0,185,178,0,178,363
01/05/2012,MLB,FL,ASO,ES,Federal Contract Tower,8,5,57,0,70,0,4,149,0,153,8,9,206,0,223,201,0,201,424
01/06/2012,MLB,FL,ASO,ES,Federal Contract Tower,10,2,46,0,58,0,3,119,0,122,10,5,165,0,180,132,0,132,312
01/07/2012,MLB,FL,ASO,ES,Federal Contract Tower,10,2,37,6,55,0,3,248,0,251,10,5,285,6,306,162,0,162,468
01/08/2012,MLB,FL,ASO,ES,Federal Contract Tower,13,0,40,0,53,0,3,166,0,169,13,3,206,0,222,192,0,192,414
01/09/2012,MLB,FL,ASO,ES,Federal Contract Tower,9,5,50,0,64,0,2,200,0,202,9,7,250,0,266,156,0,156,422
01/10/2012,MLB,FL,ASO,ES,Federal Contract Tower,12,1,72,0,85,0,4,212,0,216,12,5,284,0,301,228,0,228,529
01/11/2012,MLB,FL,ASO,ES,Federal Contract Tower,10,6,44,1,61,0,4,77,0,81,10,10,121,1,142,110,0,110,252
01/12/2012,MLB,FL,ASO,ES,Federal Contract Tower,12,4,53,0,69,0,1,196,0,197,12,5,249,0,266,213,0,213,479
01/13/2012,MLB,FL,ASO,ES,Federal Contract Tower,12,0,87,0,99,0,6,224,0,230,12,6,311,0,329,339,0,339,668
01/14/2012,MLB,FL,ASO,ES,Federal Contract Tower,8,3,50,0,61,0,1,221,0,222,8,4,271,0,283,268,0,268,551
01/15/2012,MLB,FL,ASO,ES,Federal Contract Tower,13,0,58,0,71,0,4,109,0,113,13,4,167,0,184,170,0,170,354
01/16/2012,MLB,FL,ASO,ES,Federal Contract Tower,10,5,99,0,114,0,2,215,0,217,10,7,314,0,331,197,0,197,528
01/17/2012,MLB,FL,ASO,ES,Federal Contract Tower,10,0,86,2,98,0,2,254,0,256,10,2,340,2,354,280,0,280,634
01/18/2012,MLB,FL,ASO,ES,Federal Contract Tower,13,8,68,1,90,0,1,251,2,254,13,9,319,3,344,176,0,176,520
01/19/2012,MLB,FL,ASO,ES,Federal Contract Tower,13,4,75,1,93,0,0,300,0,300,13,4,375,1,393,271,0,271,664
01/20/2012,MLB,FL,ASO,ES,Federal Contract Tower,12,3,127,1,143,0,0,262,0,262,12,3,389,1,405,206,0,206,611
01/21/2012,MLB,FL,ASO,ES,Federal Contract Tower,11,1,71,0,83,0,6,236,0,242,11,7,307,0,325,202,0,202,527
01/22/2012,MLB,FL,ASO,ES,Federal Contract Tower,11,2,26,0,39,0,8,160,1,169,11,10,186,1,208,160,0,160,368
01/23/2012,MLB,FL,ASO,ES,Federal Contract Tower,10,2,95,0,107,0,0,248,0,248,10,2,343,0,355,242,0,242,597
01/24/2012,MLB,FL,ASO,ES,Federal Contract Tower,10,1,64,0,75,0,3,274,0,277,10,4,338,0,352,286,0,286,638
01/25/2012,MLB,FL,ASO,ES,Federal Contract Tower,13,2,65,0,80,0,2,304,0,306,13,4,369,0,386,209,0,209,595
01/26/2012,MLB,FL,ASO,ES,Federal Contract Tower,11,5,113,1,130,0,0,151,2,153,11,5,264,3,283,231,0,231,514
01/27/2012,MLB,FL,ASO,ES,Federal Contract Tower,10,5,73,1,89,0,0,62,0,62,10,5,135,1,151,69,0,69,220
01/28/2012,MLB,FL,ASO,ES,Federal Contract Tower,12,1,80,2,95,0,4,226,0,230,12,5,306,2,325,266,0,266,591
01/29/2012,MLB,FL,ASO,ES,Federal Contract Tower,10,1,30,0,41,0,1,149,2,152,10,2,179,2,193,158,0,158,351
01/30/2012,MLB,FL,ASO,ES,Federal Contract Tower,10,0,82,0,92,0,4,212,0,216,10,4,294,0,308,197,0,197,505
01/31/2012,MLB,FL,ASO,ES,Federal Contract Tower,11,1,103,0,115,0,4,231,0,235,11,5,334,0,350,316,0,316,666
02/01/2012,MLB,FL,ASO,ES,Federal Contract Tower,15,1,95,0,111,0,0,241,0,241,15,1,336,0,352,245,0,245,597
02/02/2012,MLB,FL,ASO,ES,Federal Contract Tower,10,3,91,1,105,0,0,231,0,231,10,3,322,1,336,335,1,336,672
02/03/2012,MLB,FL,ASO,ES,Federal Contract Tower,12,3,66,2,83,0,1,212,0,213,12,4,278,2,296,233,0,233,529
02/04/2012,MLB,FL,ASO,ES,Federal Contract Tower,8,3,69,0,80,0,0,231,0,231,8,3,300,0,311,231,0,231,542
02/05/2012,MLB,FL,ASO,ES,Federal Contract Tower,14,3,49,3,69,0,0,111,1,112,14,3,160,4,181,180,0,180,361
02/06/2012,MLB,FL,ASO,ES,Federal Contract Tower,10,2,117,0,129,0,0,167,0,167,10,2,284,0,296,230,0,230,526
02/07/2012,MLB,FL,ASO,ES,Federal Contract Tower,12,2,127,0,141,0,0,4,0,4,12,2,131,0,145,0,0,0,145
02/08/2012,MLB,FL,ASO,ES,Federal Contract Tower,14,1,116,0,131,0,3,152,0,155,14,4,268,0,286,220,0,220,506
02/09/2012,MLB,FL,ASO,ES,Federal Contract Tower,13,5,93,0,111,0,5,254,2,261,13,10,347,2,372,482,0,482,854
02/10/2012,MLB,FL,ASO,ES,Federal Contract Tower,9,5,103,0,117,0,0,76,0,76,9,5,179,0,193,116,0,116,309
02/11/2012,MLB,FL,ASO,ES,Federal Contract Tower,10,2,51,0,63,0,6,161,0,167,10,8,212,0,230,45,5,50,280
02/12/2012,MLB,FL,ASO,ES,Federal Contract Tower,14,1,55,0,70,0,0,78,0,78,14,1,133,0,148,50,0,50,198
02/13/2012,MLB,FL,ASO,ES,Federal Contract Tower,12,1,112,2,127,0,2,286,3,291,12,3,398,5,418,309,0,309,727
02/14/2012,MLB,FL,ASO,ES,Federal Contract Tower,13,4,105,2,124,0,4,281,0,285,13,8,386,2,409,281,0,281,690
02/15/2012,MLB,FL,ASO,ES,Federal Contract Tower,12,0,118,1,131,0,0,343,2,345,12,0,461,3,476,318,0,318,794
02/16/2012,MLB,FL,ASO,ES,Federal Contract Tower,13,4,100,0,117,0,2,275,0,277,13,6,375,0,394,479,0,479,873
02/17/2012,MLB,FL,ASO,ES,Federal Contract Tower,12,3,127,2,144,0,0,191,0,191,12,3,318,2,335,498,0,498,833
02/18/2012,MLB,FL,ASO,ES,Federal Contract Tower,10,4,136,0,150,0,5,172,0,177,10,9,308,0,327,310,0,310,637
02/19/2012,MLB,FL,ASO,ES,Federal Contract Tower,14,2,50,4,70,0,0,11,0,11,14,2,61,4,81,0,0,0,81
02/20/2012,MLB,FL,ASO,ES,Federal Contract Tower,14,1,63,0,78,0,2,139,0,141,14,3,202,0,219,99,0,99,318
02/21/2012,MLB,FL,ASO,ES,Federal Contract Tower,12,0,115,0,127,0,0,296,0,296,12,0,411,0,423,398,0,398,821
02/22/2012,MLB,FL,ASO,ES,Federal Contract Tower,12,0,106,9,127,0,2,258,0,260,12,2,364,9,387,210,0,210,597
02/23/2012,MLB,FL,ASO,ES,Federal Contract Tower,10,3,127,8,148,0,1,166,0,167,10,4,293,8,315,175,0,175,490
02/24/2012,MLB,FL,ASO,ES,Federal Contract Tower,12,2,58,8,80,0,2,168,0,170,12,4,226,8,250,137,0,137,387
02/25/2012,MLB,FL,ASO,ES,Federal Contract Tower,12,1,66,0,79,0,7,97,0,104,12,8,163,0,183,48,0,48,231
02/26/2012,MLB,FL,ASO,ES,Federal Contract Tower,13,1,52,0,66,0,1,61,0,62,13,2,113,0,128,152,0,152,280
02/27/2012,MLB,FL,ASO,ES,Federal Contract Tower,12,0,112,0,124,0,4,90,0,94,12,4,202,0,218,180,0,180,398
02/28/2012,MLB,FL,ASO,ES,Federal Contract Tower,11,0,143,0,154,0,2,273,0,275,11,2,416,0,429,300,0,300,729
02/29/2012,MLB,FL,ASO,ES,Federal Contract Tower,11,1,94,0,106,0,6,222,0,228,11,7,316,0,334,277,0,277,611
03/01/2012,MLB,FL,ASO,ES,Federal Contract Tower,13,2,93,0,108,0,1,241,0,242,13,3,334,0,350,336,0,336,686
03/02/2012,MLB,FL,ASO,ES,Federal Contract Tower,11,0,72,0,83,0,0,180,0,180,11,0,252,0,263,199,0,199,462
03/03/2012,MLB,FL,ASO,ES,Federal Contract Tower,11,1,33,0,45,0,4,110,0,114,11,5,143,0,159,40,0,40,199
03/04/2012,MLB,FL,ASO,ES,Federal Contract Tower,13,3,41,0,57,0,2,16,0,18,13,5,57,0,75,2,0,2,77
03/05/2012,MLB,FL,ASO,ES,Federal Contract Tower,14,2,112,0,128,0,1,317,0,318,14,3,429,0,446,386,0,386,832
03/06/2012,MLB,FL,ASO,ES,Federal Contract Tower,12,3,88,1,104,0,3,171,0,174,12,6,259,1,278,180,0,180,458
03/07/2012,MLB,FL,ASO,ES,Federal Contract Tower,13,3,103,1,120,0,5,176,0,181,13,8,279,1,301,243,0,243,544
03/08/2012,MLB,FL,ASO,ES,Federal Contract Tower,12,4,121,2,139,0,0,247,0,247,12,4,368,2,386,486,0,486,872
03/09/2012,MLB,FL,ASO,ES,Federal Contract Tower,15,1,111,0,127,0,0,237,0,237,15,1,348,0,364,388,0,388,752
03/10/2012,MLB,FL,ASO,ES,Federal Contract Tower,16,0,143,2,161,0,0,186,0,186,16,0,329,2,347,129,0,129,476
03/11/2012,MLB,FL,ASO,ES,Federal Contract Tower,15,2,34,0,51,0,2,1,0,3,15,4,35,0,54,6,0,6,60
03/12/2012,MLB,FL,ASO,ES,Federal Contract Tower,14,0,119,0,133,0,3,261,0,264,14,3,380,0,397,241,0,241,638
03/13/2012,MLB,FL,ASO,ES,Federal Contract Tower,12,2,118,3,135,0,3,285,0,288,12,5,403,3,423,472,0,472,895
03/14/2012,MLB,FL,ASO,ES,Federal Contract Tower,13,5,160,0,178,0,4,320,0,324,13,9,480,0,502,378,0,378,880
03/15/2012,MLB,FL,ASO,ES,Federal Contract Tower,15,9,115,0,139,0,6,257,0,263,15,15,372,0,402,366,0,366,768
03/16/2012,MLB,FL,ASO,ES,Federal Contract Tower,15,3,123,0,141,0,0,323,0,323,15,3,446,0,464,289,0,289,753
03/17/2012,MLB,FL,ASO,ES,Federal Contract Tower,13,3,77,1,94,0,5,226,0,231,13,8,303,1,325,200,0,200,525
03/18/2012,MLB,FL,ASO,ES,Federal Contract Tower,13,5,66,0,84,0,2,179,1,182,13,7,245,1,266,99,0,99,365
03/19/2012,MLB,FL,ASO,ES,Federal Contract Tower,14,2,111,0,127,0,0,306,1,307,14,2,417,1,434,365,0,365,799
03/20/2012,MLB,FL,ASO,ES,Federal Contract Tower,12,3,106,1,122,0,2,234,0,236,12,5,340,1,358,374,0,374,732
03/21/2012,MLB,FL,ASO,ES,Federal Contract Tower,13,1,99,0,113,0,4,138,0,142,13,5,237,0,255,166,0,166,421
03/22/2012,MLB,FL,ASO,ES,Federal Contract Tower,14,5,111,6,136,0,1,269,0,270,14,6,380,6,406,250,0,250,656
03/23/2012,MLB,FL,ASO,ES,Federal Contract Tower,13,2,162,0,177,0,0,283,0,283,13,2,445,0,460,301,0,301,761
03/24/2012,MLB,FL,ASO,ES,Federal Contract Tower,11,3,63,0,77,0,1,191,0,192,11,4,254,0,269,156,0,156,425
03/25/2012,MLB,FL,ASO,ES,Federal Contract Tower,16,3,41,0,60,0,0,106,0,106,16,3,147,0,166,80,0,80,246
03/26/2012,MLB,FL,ASO,ES,Federal Contract Tower,12,0,95,0,107,0,2,258,0,260,12,2,353,0,367,266,0,266,633
03/27/2012,MLB,FL,ASO,ES,Federal Contract Tower,13,4,106,2,125,0,4,298,0,302,13,8,404,2,427,353,0,353,780
03/28/2012,MLB,FL,ASO,ES,Federal Contract Tower,13,6,139,0,158,0,0,254,0,254,13,6,393,0,412,259,0,259,671
03/29/2012,MLB,FL,ASO,ES,Federal Contract Tower,7,0,138,2,147,0,1,269,0,270,7,1,407,2,417,346,0,346,763
03/30/2012,MLB,FL,ASO,ES,Federal Contract Tower,12,3,129,2,146,0,2,282,0,284,12,5,411,2,430,343,0,343,773
03/31/2012,MLB,FL,ASO,ES,Federal Contract Tower,12,3,45,0,60,0,6,172,0,178,12,9,217,0,238,91,0,91,329
04/01/2012,MLB,FL,ASO,ES,Federal Contract Tower,17,0,65,0,82,0,0,157,0,157,17,0,222,0,239,67,0,67,306
04/02/2012,MLB,FL,ASO,ES,Federal Contract Tower,12,2,102,0,116,0,7,237,0,244,12,9,339,0,360,241,0,241,601
04/03/2012,MLB,FL,ASO,ES,Federal Contract Tower,12,0,96,0,108,0,5,280,0,285,12,5,376,0,393,382,0,382,775
04/04/2012,MLB,FL,ASO,ES,Federal Contract Tower,11,2,97,0,110,0,4,279,0,283,11,6,376,0,393,225,0,225,618
04/05/2012,MLB,FL,ASO,ES,Federal Contract Tower,10,7,136,0,153,0,4,226,0,230,10,11,362,0,383,136,0,136,519
04/06/2012,MLB,FL,ASO,ES,Federal Contract Tower,8,4,80,0,92,0,3,130,0,133,8,7,210,0,225,84,2,86,311
04/07/2012,MLB,FL,ASO,ES,Federal Contract Tower,10,1,89,0,100,0,11,140,0,151,10,12,229,0,251,48,0,48,299
04/08/2012,MLB,FL,ASO,ES,Federal Contract Tower,13,2,36,0,51,0,6,115,1,122,13,8,151,1,173,173,0,173,346
04/09/2012,MLB,FL,ASO,ES,Federal Contract Tower,15,3,114,6,138,0,4,224,0,228,15,7,338,6,366,302,0,302,668
04/10/2012,MLB,FL,ASO,ES,Federal Contract Tower,10,2,158,0,170,0,2,328,0,330,10,4,486,0,500,352,0,352,852
04/11/2012,MLB,FL,ASO,ES,Federal Contract Tower,10,4,94,0,108,0,2,309,0,311,10,6,403,0,419,206,0,206,625
04/12/2012,MLB,FL,ASO,ES,Federal Contract Tower,13,2,107,0,122,0,2,265,0,267,13,4,372,0,389,272,0,272,661
04/13/2012,MLB,FL,ASO,ES,Federal Contract Tower,13,5,91,0,109,0,3,270,1,274,13,8,361,1,383,246,0,246,629
04/14/2012,MLB,FL,ASO,ES,Federal Contract Tower,15,0,78,0,93,0,4,80,0,84,15,4,158,0,177,36,0,36,213
04/15/2012,MLB,FL,ASO,ES,Federal Contract Tower,12,0,25,0,37,0,4,94,0,98,12,4,119,0,135,36,0,36,171
04/16/2012,MLB,FL,ASO,ES,Federal Contract Tower,13,2,59,0,74,0,3,153,0,156,13,5,212,0,230,239,0,239,469
04/17/2012,MLB,FL,ASO,ES,Federal Contract Tower,13,4,58,4,79,0,1,256,0,257,13,5,314,4,336,342,0,342,678
04/18/2012,MLB,FL,ASO,ES,Federal Contract Tower,13,3,86,4,106,0,3,256,0,259,13,6,342,4,365,294,0,294,659
04/19/2012,MLB,FL,ASO,ES,Federal Contract Tower,7,12,102,0,121,0,5,189,0,194,7,17,291,0,315,110,0,110,425
04/20/2012,MLB,FL,ASO,ES,Federal Contract Tower,13,2,54,0,69,0,2,177,1,180,13,4,231,1,249,182,0,182,431
04/21/2012,MLB,FL,ASO,ES,Federal Contract Tower,9,2,62,0,73,0,2,115,0,117,9,4,177,0,190,233,0,233,423
04/22/2012,MLB,FL,ASO,ES,Federal Contract Tower,13,0,35,0,48,0,4,59,1,64,13,4,94,1,112,26,0,26,138
04/23/2012,MLB,FL,ASO,ES,Federal Contract Tower,13,6,42,0,61,0,6,134,0,140,13,12,176,0,201,203,0,203,404
04/24/2012,MLB,FL,ASO,ES,Federal Contract Tower,8,4,73,0,85,0,4,235,0,239,8,8,308,0,324,351,0,351,675
04/25/2012,MLB,FL,ASO,ES,Federal Contract Tower,9,5,91,0,105,10,1,308,0,319,19,6,399,0,424,442,0,442,866
04/26/2012,MLB,FL,ASO,ES,Federal Contract Tower,12,8,106,0,126,0,0,326,0,326,12,8,432,0,452,342,0,342,794
04/27/2012,MLB,FL,ASO,ES,Federal Contract Tower,11,7,108,0,126,0,3,308,0,311,11,10,416,0,437,275,0,275,712
04/28/2012,MLB,FL,ASO,ES,Federal Contract Tower,7,2,69,0,78,0,3,154,0,157,7,5,223,0,235,141,0,141,376
04/29/2012,MLB,FL,ASO,ES,Federal Contract Tower,13,6,70,0,89,0,30,109,0,139,13,36,179,0,228,85,0,85,313
04/30/2012,MLB,FL,ASO,ES,Federal Contract Tower,12,11,100,2,125,0,2,267,3,272,12,13,367,5,397,353,0,353,750
05/01/2012,MLB,FL,ASO,ES,Federal Contract Tower,10,3,183,0,196,0,7,246,2,255,10,10,429,2,451,245,0,245,696
05/02/2012,MLB,FL,ASO,ES,Federal Contract Tower,10,1,119,0,130,0,3,262,0,265,10,4,381,0,395,254,0,254,649
05/03/2012,MLB,FL,ASO,ES,Federal Contract Tower,10,2,170,2,184,0,6,297,1,304,10,8,467,3,488,392,0,392,880
05/04/2012,MLB,FL,ASO,ES,Federal Contract Tower,9,8,130,1,148,0,5,306,2,313,9,13,436,3,461,321,0,321,782
05/05/2012,MLB,FL,ASO,ES,Federal Contract Tower,6,2,60,0,68,0,10,262,0,272,6,12,322,0,340,238,0,238,578
05/06/2012,MLB,FL,ASO,ES,Federal Contract Tower,12,3,72,0,87,0,2,205,0,207,12,5,277,0,294,144,0,144,438
05/07/2012,MLB,FL,ASO,ES,Federal Contract Tower,12,4,88,0,104,0,4,186,0,190,12,8,274,0,294,227,0,227,521
05/08/2012,MLB,FL,ASO,ES,Federal Contract Tower,10,2,93,0,105,0,0,198,0,198,10,2,291,0,303,368,0,368,671
05/09/2012,MLB,FL,ASO,ES,Federal Contract Tower,13,1,85,0,99,0,0,221,0,221,13,1,306,0,320,220,0,220,540
05/10/2012,MLB,FL,ASO,ES,Federal Contract Tower,20,3,86,0,109,0,3,271,0,274,20,6,357,0,383,480,0,480,863
05/11/2012,MLB,FL,ASO,ES,Federal Contract Tower,9,4,79,0,92,0,4,298,0,302,9,8,377,0,394,256,0,256,650
05/12/2012,MLB,FL,ASO,ES,Federal Contract Tower,10,6,57,0,73,0,2,221,0,223,10,8,278,0,296,209,0,209,505
05/13/2012,MLB,FL,ASO,ES,Federal Contract Tower,12,5,50,0,67,0,2,116,0,118,12,7,166,0,185,73,0,73,258
05/14/2012,MLB,FL,ASO,ES,Federal Contract Tower,12,8,92,0,112,0,0,257,0,257,12,8,349,0,369,324,0,324,693
05/15/2012,MLB,FL,ASO,ES,Federal Contract Tower,11,7,65,0,83,0,4,208,1,213,11,11,273,1,296,200,0,200,496
05/16/2012,MLB,FL,ASO,ES,Federal Contract Tower,11,2,119,0,132,0,0,180,1,181,11,2,299,1,313,236,0,236,549
05/17/2012,MLB,FL,ASO,ES,Federal Contract Tower,12,1,95,4,112,0,0,157,0,157,12,1,252,4,269,251,0,251,520
05/18/2012,MLB,FL,ASO,ES,Federal Contract Tower,10,3,94,2,109,0,5,230,0,235,10,8,324,2,344,291,0,291,635
05/19/2012,MLB,FL,ASO,ES,Federal Contract Tower,8,2,54,0,64,0,0,140,0,140,8,2,194,0,204,141,0,141,345
05/20/2012,MLB,FL,ASO,ES,Federal Contract Tower,12,0,55,0,67,0,0,130,0,130,12,0,185,0,197,122,0,122,319
05/21/2012,MLB,FL,ASO,ES,Federal Contract Tower,13,3,118,0,134,0,1,243,0,244,13,4,361,0,378,205,0,205,583
05/22/2012,MLB,FL,ASO,ES,Federal Contract Tower,11,0,148,0,159,0,1,266,0,267,11,1,414,0,426,216,0,216,642
05/23/2012,MLB,FL,ASO,ES,Federal Contract Tower,12,5,67,0,84,0,8,249,0,257,12,13,316,0,341,215,0,215,556
05/24/2012,MLB,FL,ASO,ES,Federal Contract Tower,11,7,109,0,127,0,2,213,0,215,11,9,322,0,342,374,0,374,716
05/25/2012,MLB,FL,ASO,ES,Federal Contract Tower,10,3,136,0,149,0,6,287,0,293,10,9,423,0,442,458,0,458,900
05/26/2012,MLB,FL,ASO,ES,Federal Contract Tower,6,7,38,0,51,0,7,206,0,213,6,14,244,0,264,178,0,178,442
05/27/2012,MLB,FL,ASO,ES,Federal Contract Tower,6,5,25,0,36,0,0,57,0,57,6,5,82,0,93,66,0,66,159
05/28/2012,MLB,FL,ASO,ES,Federal Contract Tower,9,4,43,0,56,0,1,56,0,57,9,5,99,0,113,84,0,84,197
05/29/2012,MLB,FL,ASO,ES,Federal Contract Tower,8,6,63,0,77,0,0,165,0,165,8,6,228,0,242,389,0,389,631
05/30/2012,MLB,FL,ASO,ES,Federal Contract Tower,10,8,59,0,77,0,0,204,0,204,10,8,263,0,281,228,0,228,509
05/31/2012,MLB,FL,ASO,ES,Federal Contract Tower,8,4,52,10,74,0,0,172,0,172,8,4,224,10,246,204,0,204,450
06/01/2012,MLB,FL,ASO,ES,Federal Contract Tower,7,7,63,2,79,0,0,97,0,97,7,7,160,2,176,106,0,106,282
06/02/2012,MLB,FL,ASO,ES,Federal Contract Tower,8,6,98,0,112,0,3,177,0,180,8,9,275,0,292,71,1,72,364
06/03/2012,MLB,FL,ASO,ES,Federal Contract Tower,9,6,64,0,79,0,2,189,0,191,9,8,253,0,270,144,0,144,414
06/04/2012,MLB,FL,ASO,ES,Federal Contract Tower,9,6,72,0,87,0,0,294,0,294,9,6,366,0,381,226,0,226,607
06/05/2012,MLB,FL,ASO,ES,Federal Contract Tower,9,3,85,1,98,0,9,194,0,203,9,12,279,1,301,233,0,233,534
06/06/2012,MLB,FL,ASO,ES,Federal Contract Tower,8,6,51,0,65,0,0,128,0,128,8,6,179,0,193,188,0,188,381
06/07/2012,MLB,FL,ASO,ES,Federal Contract Tower,10,4,45,8,67,0,2,97,0,99,10,6,142,8,166,140,0,140,306
06/08/2012,MLB,FL,ASO,ES,Federal Contract Tower,11,5,50,0,66,0,0,206,0,206,11,5,256,0,272,208,0,208,480
06/09/2012,MLB,FL,ASO,ES,Federal Contract Tower,11,6,41,2,60,0,7,117,0,124,11,13,158,2,184,91,0,91,275
06/10/2012,MLB,FL,ASO,ES,Federal Contract Tower,6,7,52,0,65,0,7,77,0,84,6,14,129,0,149,70,0,70,219
06/11/2012,MLB,FL,ASO,ES,Federal Contract Tower,10,4,142,0,156,0,6,280,0,286,10,10,422,0,442,316,0,316,758
06/12/2012,MLB,FL,ASO,ES,Federal Contract Tower,11,2,90,2,105,4,8,225,0,237,15,10,315,2,342,273,0,273,615
06/13/2012,MLB,FL,ASO,ES,Federal Contract Tower,10,3,79,0,92,0,1,233,0,234,10,4,312,0,326,211,0,211,537
06/14/2012,MLB,FL,ASO,ES,Federal Contract Tower,8,4,49,3,64,0,3,182,0,185,8,7,231,3,249,238,0,238,487
06/15/2012,MLB,FL,ASO,ES,Federal Contract Tower,7,4,144,0,155,0,6,187,0,193,7,10,331,0,348,262,0,262,610
06/16/2012,MLB,FL,ASO,ES,Federal Contract Tower,13,7,68,2,90,0,7,163,0,170,13,14,231,2,260,162,0,162,422
06/17/2012,MLB,FL,ASO,ES,Federal Contract Tower,11,7,45,0,63,0,3,111,0,114,11,10,156,0,177,49,0,49,226
06/18/2012,MLB,FL,ASO,ES,Federal Contract Tower,8,9,84,1,102,0,2,283,0,285,8,11,367,1,387,415,0,415,802
06/19/2012,MLB,FL,ASO,ES,Federal Contract Tower,12,4,84,0,100,0,1,211,0,212,12,5,295,0,312,351,0,351,663
06/20/2012,MLB,FL,ASO,ES,Federal Contract Tower,10,7,94,0,111,0,1,62,0,63,10,8,156,0,174,63,0,63,237
06/21/2012,MLB,FL,ASO,ES,Federal Contract Tower,9,14,100,1,124,0,6,199,1,206,9,20,299,2,330,379,0,379,709
06/22/2012,MLB,FL,ASO,ES,Federal Contract Tower,8,6,48,3,65,0,0,203,0,203,8,6,251,3,268,252,0,252,520
06/23/2012,MLB,FL,ASO,ES,Federal Contract Tower,8,4,69,3,84,0,0,206,0,206,8,4,275,3,290,217,0,217,507
06/24/2012,MLB,FL,ASO,ES,Federal Contract Tower,8,10,36,2,56,0,0,21,0,21,8,10,57,2,77,30,0,30,107
06/25/2012,MLB,FL,ASO,ES,Federal Contract Tower,10,5,14,0,29,0,0,5,1,6,10,5,19,1,35,20,0,20,55
06/26/2012,MLB,FL,ASO,ES,Federal Contract Tower,13,2,2,0,17,0,2,3,2,7,13,4,5,2,24,0,0,0,24
06/27/2012,MLB,FL,ASO,ES,Federal Contract Tower,8,8,65,10,91,0,2,15,0,17,8,10,80,10,108,12,0,12,120
06/28/2012,MLB,FL,ASO,ES,Federal Contract Tower,10,5,115,0,130,0,1,247,0,248,10,6,362,0,378,334,0,334,712
06/29/2012,MLB,FL,ASO,ES,Federal Contract Tower,7,7,81,0,95,0,2,255,0,257,7,9,336,0,352,347,0,347,699
06/30/2012,MLB,FL,ASO,ES,Federal Contract Tower,10,3,56,0,69,0,5,157,0,162,10,8,213,0,231,198,0,198,429
07/01/2012,MLB,FL,ASO,ES,Federal Contract Tower,6,4,60,0,70,0,2,110,0,112,6,6,170,0,182,91,0,91,273
07/02/2012,MLB,FL,ASO,ES,Federal Contract Tower,9,6,109,2,126,0,0,176,0,176,9,6,285,2,302,152,0,152,454
07/03/2012,MLB,FL,ASO,ES,Federal Contract Tower,8,3,61,0,72,0,2,196,0,198,8,5,257,0,270,127,0,127,397
07/04/2012,MLB,FL,ASO,ES,Federal Contract Tower,3,3,17,0,23,0,0,115,0,115,3,3,132,0,138,65,0,65,203
07/05/2012,MLB,FL,ASO,ES,Federal Contract Tower,6,6,61,0,73,0,6,169,0,175,6,12,230,0,248,174,0,174,422
07/06/2012,MLB,FL,ASO,ES,Federal Contract Tower,9,6,82,0,97,0,2,201,1,204,9,8,283,1,301,200,0,200,501
07/07/2012,MLB,FL,ASO,ES,Federal Contract Tower,10,6,81,0,97,0,0,154,0,154,10,6,235,0,251,166,0,166,417
07/08/2012,MLB,FL,ASO,ES,Federal Contract Tower,9,2,35,1,47,0,2,115,0,117,9,4,150,1,164,137,0,137,301
07/09/2012,MLB,FL,ASO,ES,Federal Contract Tower,6,7,71,0,84,0,3,203,0,206,6,10,274,0,290,192,0,192,482
07/10/2012,MLB,FL,ASO,ES,Federal Contract Tower,10,4,67,0,81,0,0,161,0,161,10,4,228,0,242,234,0,234,476
07/11/2012,MLB,FL,ASO,ES,Federal Contract Tower,9,2,75,0,86,0,1,115,8,124,9,3,190,8,210,166,0,166,376
07/12/2012,MLB,FL,ASO,ES,Federal Contract Tower,11,6,73,0,90,0,2,228,0,230,11,8,301,0,320,361,0,361,681
07/13/2012,MLB,FL,ASO,ES,Federal Contract Tower,11,12,88,0,111,0,4,172,0,176,11,16,260,0,287,141,0,141,428
07/14/2012,MLB,FL,ASO,ES,Federal Contract Tower,8,5,62,2,77,0,2,151,0,153,8,7,213,2,230,159,0,159,389
07/15/2012,MLB,FL,ASO,ES,Federal Contract Tower,11,4,66,0,81,0,2,111,0,113,11,6,177,0,194,100,0,100,294
07/16/2012,MLB,FL,ASO,ES,Federal Contract Tower,7,5,53,0,65,0,2,134,0,136,7,7,187,0,201,140,0,140,341
07/17/2012,MLB,FL,ASO,ES,Federal Contract Tower,9,5,38,8,60,0,0,104,0,104,9,5,142,8,164,112,0,112,276
07/18/2012,MLB,FL,ASO,ES,Federal Contract Tower,7,7,85,1,100,0,4,194,1,199,7,11,279,2,299,215,0,215,514
07/19/2012,MLB,FL,ASO,ES,Federal Contract Tower,9,5,85,0,99,0,0,198,0,198,9,5,283,0,297,194,0,194,491
07/20/2012,MLB,FL,ASO,ES,Federal Contract Tower,9,4,75,9,97,1,0,248,1,250,10,4,323,10,347,249,0,249,596
07/21/2012,MLB,FL,ASO,ES,Federal Contract Tower,9,7,47,1,64,0,3,187,1,191,9,10,234,2,255,194,0,194,449
07/22/2012,MLB,FL,ASO,ES,Federal Contract Tower,11,6,26,0,43,0,4,67,0,71,11,10,93,0,114,61,0,61,175
07/23/2012,MLB,FL,ASO,ES,Federal Contract Tower,10,2,38,0,50,0,1,77,0,78,10,3,115,0,128,108,24,132,260
07/24/2012,MLB,FL,ASO,ES,Federal Contract Tower,8,2,86,0,96,0,0,161,1,162,8,2,247,1,258,250,0,250,508
07/25/2012,MLB,FL,ASO,ES,Federal Contract Tower,9,6,66,3,84,0,3,244,0,247,9,9,310,3,331,228,0,228,559
07/26/2012,MLB,FL,ASO,ES,Federal Contract Tower,9,8,90,0,107,0,0,235,0,235,9,8,325,0,342,220,0,220,562
07/27/2012,MLB,FL,ASO,ES,Federal Contract Tower,9,7,70,1,87,0,1,258,0,259,9,8,328,1,346,257,0,257,603
07/28/2012,MLB,FL,ASO,ES,Federal Contract Tower,9,4,30,0,43,0,1,166,0,167,9,5,196,0,210,161,0,161,371
07/29/2012,MLB,FL,ASO,ES,Federal Contract Tower,10,4,53,0,67,0,2,166,0,168,10,6,219,0,235,229,0,229,464
07/30/2012,MLB,FL,ASO,ES,Federal Contract Tower,12,4,67,0,83,0,0,232,0,232,12,4,299,0,315,245,0,245,560
07/31/2012,MLB,FL,ASO,ES,Federal Contract Tower,9,3,53,0,65,0,0,165,0,165,9,3,218,0,230,171,0,171,401
08/01/2012,MLB,FL,ASO,ES,Federal Contract Tower,7,3,48,1,59,0,1,138,2,141,7,4,186,3,200,272,0,272,472
08/02/2012,MLB,FL,ASO,ES,Federal Contract Tower,8,3,43,18,72,0,2,121,0,123,8,5,164,18,195,164,0,164,359
08/03/2012,MLB,FL,ASO,ES,Federal Contract Tower,13,0,49,0,62,0,1,120,0,121,13,1,169,0,183,177,0,177,360
08/04/2012,MLB,FL,ASO,ES,Federal Contract Tower,9,5,77,0,91,0,1,84,0,85,9,6,161,0,176,110,0,110,286
08/05/2012,MLB,FL,ASO,ES,Federal Contract Tower,10,5,46,0,61,0,0,61,0,61,10,5,107,0,122,65,0,65,187
08/06/2012,MLB,FL,ASO,ES,Federal Contract Tower,8,6,91,0,105,0,2,164,0,166,8,8,255,0,271,185,0,185,456
08/07/2012,MLB,FL,ASO,ES,Federal Contract Tower,10,4,76,0,90,0,2,124,0,126,10,6,200,0,216,175,0,175,391
08/08/2012,MLB,FL,ASO,ES,Federal Contract Tower,9,19,95,0,123,0,4,172,4,180,9,23,267,4,303,261,0,261,564
08/09/2012,MLB,FL,ASO,ES,Federal Contract Tower,9,5,79,0,93,0,2,170,8,180,9,7,249,8,273,169,0,169,442
08/10/2012,MLB,FL,ASO,ES,Federal Contract Tower,11,5,98,2,116,0,0,156,0,156,11,5,254,2,272,252,0,252,524
08/11/2012,MLB,FL,ASO,ES,Federal Contract Tower,7,8,57,0,72,0,1,137,0,138,7,9,194,0,210,207,0,207,417
08/12/2012,MLB,FL,ASO,ES,Federal Contract Tower,8,6,41,0,55,0,0,91,0,91,8,6,132,0,146,39,0,39,185
08/13/2012,MLB,FL,ASO,ES,Federal Contract Tower,7,6,69,4,86,0,0,126,0,126,7,6,195,4,212,218,0,218,430
08/14/2012,MLB,FL,ASO,ES,Federal Contract Tower,10,5,62,1,78,0,2,129,0,131,10,7,191,1,209,136,1,137,346
08/15/2012,MLB,FL,ASO,ES,Federal Contract Tower,8,5,73,0,86,0,0,197,0,197,8,5,270,0,283,233,0,233,516
08/16/2012,MLB,FL,ASO,ES,Federal Contract Tower,5,17,116,6,144,0,0,150,0,150,5,17,266,6,294,237,0,237,531
08/17/2012,MLB,FL,ASO,ES,Federal Contract Tower,9,13,67,2,91,0,12,119,0,131,9,25,186,2,222,242,0,242,464
08/18/2012,MLB,FL,ASO,ES,Federal Contract Tower,11,3,34,0,48,0,0,100,0,100,11,3,134,0,148,100,0,100,248
08/19/2012,MLB,FL,ASO,ES,Federal Contract Tower,8,6,56,0,70,0,1,91,0,92,8,7,147,0,162,96,0,96,258
08/20/2012,MLB,FL,ASO,ES,Federal Contract Tower,9,7,67,4,87,0,5,172,0,177,9,12,239,4,264,116,0,116,380
08/21/2012,MLB,FL,ASO,ES,Federal Contract Tower,12,2,35,6,55,0,0,153,0,153,12,2,188,6,208,120,0,120,328
08/22/2012,MLB,FL,ASO,ES,Federal Contract Tower,9,4,62,0,75,0,0,175,0,175,9,4,237,0,250,234,0,234,484
08/23/2012,MLB,FL,ASO,ES,Federal Contract Tower,9,5,78,0,92,0,1,214,0,215,9,6,292,0,307,244,0,244,551
08/24/2012,MLB,FL,ASO,ES,Federal Contract Tower,10,6,105,5,126,0,0,198,0,198,10,6,303,5,324,162,0,162,486
08/25/2012,MLB,FL,ASO,ES,Federal Contract Tower,10,8,22,2,42,0,3,60,5,68,10,11,82,7,110,170,11,181,291
08/26/2012,MLB,FL,ASO,ES,Federal Contract Tower,11,6,24,0,41,0,0,4,0,4,11,6,28,0,45,0,0,0,45
08/27/2012,MLB,FL,ASO,ES,Federal Contract Tower,11,5,7,0,23,0,0,0,0,0,11,5,7,0,23,0,0,0,23
08/28/2012,MLB,FL,ASO,ES,Federal Contract Tower,10,5,63,0,78,0,1,23,0,24,10,6,86,0,102,26,0,26,128
08/29/2012,MLB,FL,ASO,ES,Federal Contract Tower,9,5,100,0,114,0,3,200,0,203,9,8,300,0,317,296,0,296,613
08/30/2012,MLB,FL,ASO,ES,Federal Contract Tower,8,6,73,1,88,0,0,245,0,245,8,6,318,1,333,240,0,240,573
08/31/2012,MLB,FL,ASO,ES,Federal Contract Tower,12,3,64,0,79,0,0,194,0,194,12,3,258,0,273,220,0,220,493
09/01/2012,MLB,FL,ASO,ES,Federal Contract Tower,11,6,37,0,54,0,3,175,0,178,11,9,212,0,232,124,52,176,408
09/02/2012,MLB,FL,ASO,ES,Federal Contract Tower,9,3,25,0,37,0,1,107,0,108,9,4,132,0,145,64,0,64,209
09/03/2012,MLB,FL,ASO,ES,Federal Contract Tower,6,4,38,0,48,0,0,143,0,143,6,4,181,0,191,153,0,153,344
09/04/2012,MLB,FL,ASO,ES,Federal Contract Tower,8,5,54,5,72,0,1,117,4,122,8,6,171,9,194,196,0,196,390
09/05/2012,MLB,FL,ASO,ES,Federal Contract Tower,9,3,31,2,45,0,0,144,4,148,9,3,175,6,193,94,0,94,287
09/06/2012,MLB,FL,ASO,ES,Federal Contract Tower,12,5,61,0,78,0,1,232,0,233,12,6,293,0,311,207,0,207,518
09/07/2012,MLB,FL,ASO,ES,Federal Contract Tower,12,4,63,6,85,0,1,206,2,209,12,5,269,8,294,166,0,166,460
09/08/2012,MLB,FL,ASO,ES,Federal Contract Tower,10,2,40,0,52,0,1,138,0,139,10,3,178,0,191,106,0,106,297
09/09/2012,MLB,FL,ASO,ES,Federal Contract Tower,11,5,13,0,29,0,0,16,4,20,11,5,29,4,49,12,0,12,61
09/10/2012,MLB,FL,ASO,ES,Federal Contract Tower,9,5,52,1,67,0,0,134,0,134,9,5,186,1,201,230,0,230,431
09/11/2012,MLB,FL,ASO,ES,Federal Contract Tower,9,3,60,0,72,0,0,218,0,218,9,3,278,0,290,316,4,320,610
09/12/2012,MLB,FL,ASO,ES,Federal Contract Tower,7,7,111,0,125,0,1,132,1,134,7,8,243,1,259,117,0,117,376
09/13/2012,MLB,FL,ASO,ES,Federal Contract Tower,5,4,68,0,77,0,0,206,0,206,5,4,274,0,283,262,0,262,545
09/14/2012,MLB,FL,ASO,ES,Federal Contract Tower,13,4,89,0,106,0,8,229,2,239,13,12,318,2,345,200,0,200,545
09/15/2012,MLB,FL,ASO,ES,Federal Contract Tower,11,2,62,0,75,0,2,224,0,226,11,4,286,0,301,300,0,300,601
09/16/2012,MLB,FL,ASO,ES,Federal Contract Tower,9,8,33,0,50,0,3,175,0,178,9,11,208,0,228,152,0,152,380
09/17/2012,MLB,FL,ASO,ES,Federal Contract Tower,8,3,72,3,86,0,0,223,5,228,8,3,295,8,314,144,0,144,458
09/18/2012,MLB,FL,ASO,ES,Federal Contract Tower,5,7,66,0,78,0,0,124,0,124,5,7,190,0,202,158,0,158,360
09/19/2012,MLB,FL,ASO,ES,Federal Contract Tower,10,7,58,1,76,0,0,158,0,158,10,7,216,1,234,142,0,142,376
09/20/2012,MLB,FL,ASO,ES,Federal Contract Tower,7,8,61,0,76,0,0,209,0,209,7,8,270,0,285,329,0,329,614
09/21/2012,MLB,FL,ASO,ES,Federal Contract Tower,12,3,72,6,93,0,2,148,0,150,12,5,220,6,243,182,0,182,425
09/22/2012,MLB,FL,ASO,ES,Federal Contract Tower,10,12,89,1,112,0,6,154,0,160,10,18,243,1,272,289,0,289,561
09/23/2012,MLB,FL,ASO,ES,Federal Contract Tower,12,5,52,0,69,0,2,186,0,188,12,7,238,0,257,184,0,184,441
09/24/2012,MLB,FL,ASO,ES,Federal Contract Tower,9,5,107,1,122,0,2,272,1,275,9,7,379,2,397,347,0,347,744
09/25/2012,MLB,FL,ASO,ES,Federal Contract Tower,8,3,127,6,144,0,3,254,0,257,8,6,381,6,401,416,0,416,817
09/26/2012,MLB,FL,ASO,ES,Federal Contract Tower,10,5,157,0,172,0,4,218,0,222,10,9,375,0,394,348,0,348,742
09/27/2012,MLB,FL,ASO,ES,Federal Contract Tower,9,8,125,0,142,0,2,235,0,237,9,10,360,0,379,458,0,458,837
09/28/2012,MLB,FL,ASO,ES,Federal Contract Tower,7,6,95,0,108,0,8,229,1,238,7,14,324,1,346,303,0,303,649
09/29/2012,MLB,FL,ASO,ES,Federal Contract Tower,7,1,29,0,37,0,2,150,0,152,7,3,179,0,189,185,0,185,374
09/30/2012,MLB,FL,ASO,ES,Federal Contract Tower,11,5,42,0,58,0,1,140,0,141,11,6,182,0,199,87,0,87,286
10/01/2012,MLB,FL,ASO,ES,Federal Contract Tower,10,2,54,0,66,0,2,126,3,131,10,4,180,3,197,259,0,259,456
10/02/2012,MLB,FL,ASO,ES,Federal Contract Tower,11,6,37,1,55,0,0,79,0,79,11,6,116,1,134,92,0,92,226
10/03/2012,MLB,FL,ASO,ES,Federal Contract Tower,9,5,65,0,79,0,0,220,0,220,9,5,285,0,299,187,0,187,486
10/04/2012,MLB,FL,ASO,ES,Federal Contract Tower,8,6,72,0,86,0,1,221,0,222,8,7,293,0,308,326,0,326,634
10/05/2012,MLB,FL,ASO,ES,Federal Contract Tower,8,6,124,0,138,0,3,168,0,171,8,9,292,0,309,206,0,206,515
10/06/2012,MLB,FL,ASO,ES,Federal Contract Tower,10,3,40,0,53,0,0,117,0,117,10,3,157,0,170,146,0,146,316
10/07/2012,MLB,FL,ASO,ES,Federal Contract Tower,8,9,55,0,72,0,0,132,0,132,8,9,187,0,204,241,0,241,445
10/08/2012,MLB,FL,ASO,ES,Federal Contract Tower,8,12,95,0,115,0,2,183,0,185,8,14,278,0,300,328,0,328,628
10/09/2012,MLB,FL,ASO,ES,Federal Contract Tower,13,2,65,0,80,0,0,181,0,181,13,2,246,0,261,170,0,170,431
10/10/2012,MLB,FL,ASO,ES,Federal Contract Tower,9,2,67,0,78,0,2,266,4,272,9,4,333,4,350,281,0,281,631
10/11/2012,MLB,FL,ASO,ES,Federal Contract Tower,7,5,75,0,87,0,1,245,0,246,7,6,320,0,333,346,0,346,679
10/12/2012,MLB,FL,ASO,ES,Federal Contract Tower,9,7,67,0,83,0,8,172,1,181,9,15,239,1,264,172,0,172,436
10/13/2012,MLB,FL,ASO,ES,Federal Contract Tower,9,3,29,0,41,0,5,110,0,115,9,8,139,0,156,79,0,79,235
10/14/2012,MLB,FL,ASO,ES,Federal Contract Tower,6,10,49,0,65,0,6,107,0,113,6,16,156,0,178,152,0,152,330
10/15/2012,MLB,FL,ASO,ES,Federal Contract Tower,8,9,87,0,104,0,0,233,0,233,8,9,320,0,337,344,0,344,681
10/16/2012,MLB,FL,ASO,ES,Federal Contract Tower,10,4,83,0,97,0,1,251,0,252,10,5,334,0,349,298,0,298,647
10/17/2012,MLB,FL,ASO,ES,Federal Contract Tower,9,9,127,1,146,0,3,231,0,234,9,12,358,1,380,178,0,178,558
10/18/2012,MLB,FL,ASO,ES,Federal Contract Tower,10,6,102,9,127,0,4,274,3,281,10,10,376,12,408,390,0,390,798
10/19/2012,MLB,FL,ASO,ES,Federal Contract Tower,8,3,92,1,104,0,3,215,0,218,8,6,307,1,322,417,0,417,739
10/20/2012,MLB,FL,ASO,ES,Federal Contract Tower,9,1,33,0,43,0,2,138,1,141,9,3,171,1,184,44,0,44,228
10/21/2012,MLB,FL,ASO,ES,Federal Contract Tower,10,5,50,1,66,0,1,185,0,186,10,6,235,1,252,180,2,182,434
10/22/2012,MLB,FL,ASO,ES,Federal Contract Tower,8,6,138,0,152,0,1,153,0,154,8,7,291,0,306,320,0,320,626
10/23/2012,MLB,FL,ASO,ES,Federal Contract Tower,10,2,84,1,97,0,5,153,0,158,10,7,237,1,255,156,0,156,411
10/24/2012,MLB,FL,ASO,ES,Federal Contract Tower,9,8,49,0,66,0,0,138,0,138,9,8,187,0,204,216,0,216,420
10/25/2012,MLB,FL,ASO,ES,Federal Contract Tower,9,15,42,0,66,0,0,40,0,40,9,15,82,0,106,8,0,8,114
10/26/2012,MLB,FL,ASO,ES,Federal Contract Tower,14,4,8,0,26,0,0,0,0,0,14,4,8,0,26,0,0,0,26
10/27/2012,MLB,FL,ASO,ES,Federal Contract Tower,10,1,14,1,26,0,0,6,0,6,10,1,20,1,32,6,0,6,38
10/28/2012,MLB,FL,ASO,ES,Federal Contract Tower,8,5,19,0,32,0,6,70,0,76,8,11,89,0,108,49,0,49,157
10/29/2012,MLB,FL,ASO,ES,Federal Contract Tower,9,3,70,0,82,0,3,168,0,171,9,6,238,0,253,154,0,154,407
10/30/2012,MLB,FL,ASO,ES,Federal Contract Tower,8,6,66,0,80,0,3,181,0,184,8,9,247,0,264,173,0,173,437
10/31/2012,MLB,FL,ASO,ES,Federal Contract Tower,8,3,110,1,122,0,0,235,0,235,8,3,345,1,357,247,0,247,604
11/01/2012,MLB,FL,ASO,ES,Federal Contract Tower,12,5,96,0,113,0,5,224,0,229,12,10,320,0,342,206,0,206,548
11/02/2012,MLB,FL,ASO,ES,Federal Contract Tower,10,7,56,1,74,0,3,70,0,73,10,10,126,1,147,45,0,45,192
11/03/2012,MLB,FL,ASO,ES,Federal Contract Tower,8,5,83,0,96,0,0,252,0,252,8,5,335,0,348,177,0,177,525
11/04/2012,MLB,FL,ASO,ES,Federal Contract Tower,9,6,78,0,93,0,2,160,0,162,9,8,238,0,255,198,0,198,453
11/05/2012,MLB,FL,ASO,ES,Federal Contract Tower,8,6,87,1,102,0,5,196,0,201,8,11,283,1,303,180,0,180,483
11/06/2012,MLB,FL,ASO,ES,Federal Contract Tower,9,4,48,10,71,0,3,203,0,206,9,7,251,10,277,265,4,269,546
11/07/2012,MLB,FL,ASO,ES,Federal Contract Tower,9,8,81,3,101,0,6,125,0,131,9,14,206,3,232,168,0,168,400
11/08/2012,MLB,FL,ASO,ES,Federal Contract Tower,9,4,60,3,76,0,1,179,0,180,9,5,239,3,256,122,0,122,378
11/09/2012,MLB,FL,ASO,ES,Federal Contract Tower,9,5,85,7,106,0,5,187,2,194,9,10,272,9,300,172,0,172,472
11/10/2012,MLB,FL,ASO,ES,Federal Contract Tower,9,2,43,1,55,0,3,215,0,218,9,5,258,1,273,212,0,212,485
11/11/2012,MLB,FL,ASO,ES,Federal Contract Tower,8,6,30,0,44,0,0,111,0,111,8,6,141,0,155,84,0,84,239
11/12/2012,MLB,FL,ASO,ES,Federal Contract Tower,8,6,80,0,94,0,2,179,0,181,8,8,259,0,275,278,0,278,553
11/13/2012,MLB,FL,ASO,ES,Federal Contract Tower,9,4,81,5,99,0,1,239,0,240,9,5,320,5,339,288,0,288,627
11/14/2012,MLB,FL,ASO,ES,Federal Contract Tower,9,6,75,7,97,0,4,117,0,121,9,10,192,7,218,258,0,258,476
11/15/2012,MLB,FL,ASO,ES,Federal Contract Tower,8,10,73,4,95,0,0,12,0,12,8,10,85,4,107,0,2,2,109
11/16/2012,MLB,FL,ASO,ES,Federal Contract Tower,9,5,106,0,120,0,2,100,0,102,9,7,206,0,222,44,0,44,266
11/17/2012,MLB,FL,ASO,ES,Federal Contract Tower,9,5,89,0,103,0,2,161,0,163,9,7,250,0,266,202,0,202,468
11/18/2012,MLB,FL,ASO,ES,Federal Contract Tower,11,7,36,0,54,0,0,9,0,9,11,7,45,0,63,2,0,2,65
11/19/2012,MLB,FL,ASO,ES,Federal Contract Tower,12,4,125,10,151,0,0,0,0,0,12,4,125,10,151,0,0,0,151
11/20/2012,MLB,FL,ASO,ES,Federal Contract Tower,11,4,82,3,100,0,0,48,0,48,11,4,130,3,148,22,0,22,170
11/21/2012,MLB,FL,ASO,ES,Federal Contract Tower,11,4,60,0,75,0,0,112,0,112,11,4,172,0,187,89,0,89,276
11/22/2012,MLB,FL,ASO,ES,Federal Contract Tower,5,3,5,0,13,0,1,20,0,21,5,4,25,0,34,4,0,4,38
11/23/2012,MLB,FL,ASO,ES,Federal Contract Tower,7,8,27,0,42,0,6,53,0,59,7,14,80,0,101,14,0,14,115
11/24/2012,MLB,FL,ASO,ES,Federal Contract Tower,7,11,32,0,50,0,8,170,0,178,7,19,202,0,228,174,0,174,402
11/25/2012,MLB,FL,ASO,ES,Federal Contract Tower,8,7,75,0,90,0,5,114,0,119,8,12,189,0,209,108,0,108,317
11/26/2012,MLB,FL,ASO,ES,Federal Contract Tower,9,6,87,2,104,0,8,259,0,267,9,14,346,2,371,130,0,130,501
11/27/2012,MLB,FL,ASO,ES,Federal Contract Tower,9,2,71,10,92,0,0,230,0,230,9,2,301,10,322,139,0,139,461
11/28/2012,MLB,FL,ASO,ES,Federal Contract Tower,9,4,47,4,64,0,5,129,0,134,9,9,176,4,198,161,4,165,363
11/29/2012,MLB,FL,ASO,ES,Federal Contract Tower,9,8,65,0,82,0,4,173,0,177,9,12,238,0,259,166,0,166,425
11/30/2012,MLB,FL,ASO,ES,Federal Contract Tower,8,5,139,0,152,0,4,210,0,214,8,9,349,0,366,178,0,178,544
12/01/2012,MLB,FL,ASO,ES,Federal Contract Tower,8,2,41,0,51,0,5,126,0,131,8,7,167,0,182,107,0,107,289
12/02/2012,MLB,FL,ASO,ES,Federal Contract Tower,7,7,56,0,70,0,4,83,0,87,7,11,139,0,157,169,0,169,326
12/03/2012,MLB,FL,ASO,ES,Federal Contract Tower,8,7,92,2,109,0,2,183,0,185,8,9,275,2,294,227,0,227,521
12/04/2012,MLB,FL,ASO,ES,Federal Contract Tower,9,5,80,0,94,0,6,184,0,190,9,11,264,0,284,112,0,112,396
12/05/2012,MLB,FL,ASO,ES,Federal Contract Tower,8,4,79,0,91,0,1,166,0,167,8,5,245,0,258,216,0,216,474
12/06/2012,MLB,FL,ASO,ES,Federal Contract Tower,9,6,89,0,104,0,1,205,0,206,9,7,294,0,310,237,0,237,547
12/07/2012,MLB,FL,ASO,ES,Federal Contract Tower,8,6,106,0,120,0,2,167,0,169,8,8,273,0,289,182,0,182,471
12/08/2012,MLB,FL,ASO,ES,Federal Contract Tower,7,0,65,0,72,0,2,144,0,146,7,2,209,0,218,150,0,150,368
12/09/2012,MLB,FL,ASO,ES,Federal Contract Tower,8,7,24,0,39,0,3,143,0,146,8,10,167,0,185,126,0,126,311
12/10/2012,MLB,FL,ASO,ES,Federal Contract Tower,8,5,83,0,96,0,2,61,0,63,8,7,144,0,159,83,0,83,242
12/11/2012,MLB,FL,ASO,ES,Federal Contract Tower,7,4,72,2,85,0,0,90,0,90,7,4,162,2,175,90,0,90,265
12/12/2012,MLB,FL,ASO,ES,Federal Contract Tower,8,3,69,0,80,0,4,89,0,93,8,7,158,0,173,128,0,128,301
12/13/2012,MLB,FL,ASO,ES,Federal Contract Tower,7,4,79,1,91,0,3,13,0,16,7,7,92,1,107,30,0,30,137
12/14/2012,MLB,FL,ASO,ES,Federal Contract Tower,9,9,130,1,149,0,3,125,0,128,9,12,255,1,277,113,0,113,390
12/15/2012,MLB,FL,ASO,ES,Federal Contract Tower,10,0,46,0,56,0,2,149,0,151,10,2,195,0,207,185,0,185,392
12/16/2012,MLB,FL,ASO,ES,Federal Contract Tower,11,6,46,2,65,0,6,90,0,96,11,12,136,2,161,109,0,109,270
12/17/2012,MLB,FL,ASO,ES,Federal Contract Tower,8,8,84,2,102,0,4,210,0,214,8,12,294,2,316,150,0,150,466
12/18/2012,MLB,FL,ASO,ES,Federal Contract Tower,7,5,61,0,73,0,2,73,0,75,7,7,134,0,148,106,0,106,254
12/19/2012,MLB,FL,ASO,ES,Federal Contract Tower,8,6,81,2,97,0,2,144,3,149,8,8,225,5,246,166,0,166,412
12/20/2012,MLB,FL,ASO,ES,Federal Contract Tower,6,6,65,1,78,0,2,128,0,130,6,8,193,1,208,110,0,110,318
12/21/2012,MLB,FL,ASO,ES,Federal Contract Tower,10,6,21,1,38,0,4,27,0,31,10,10,48,1,69,6,0,6,75
12/22/2012,MLB,FL,ASO,ES,Federal Contract Tower,9,7,34,0,50,0,6,67,0,73,9,13,101,0,123,26,0,26,149
12/23/2012,MLB,FL,ASO,ES,Federal Contract Tower,7,5,21,0,33,0,8,72,0,80,7,13,93,0,113,38,0,38,151
12/24/2012,MLB,FL,ASO,ES,Federal Contract Tower,6,5,18,1,30,0,6,39,0,45,6,11,57,1,75,25,0,25,100
12/25/2012,MLB,FL,ASO,ES,Federal Contract Tower,4,7,3,0,14,0,1,12,0,13,4,8,15,0,27,10,0,10,37
12/26/2012,MLB,FL,ASO,ES,Federal Contract Tower,12,10,23,0,45,0,4,21,0,25,12,14,44,0,70,6,0,6,76
12/27/2012,MLB,FL,ASO,ES,Federal Contract Tower,7,10,33,0,50,0,4,93,0,97,7,14,126,0,147,56,0,56,203
12/28/2012,MLB,FL,ASO,ES,Federal Contract Tower,8,10,71,0,89,0,3,102,0,105,8,13,173,0,194,50,0,50,244
12/29/2012,MLB,FL,ASO,ES,Federal Contract Tower,8,5,28,3,44,0,3,7,0,10,8,8,35,3,54,8,0,8,62
12/30/2012,MLB,FL,ASO,ES,Federal Contract Tower,9,6,34,0,49,0,3,36,0,39,9,9,70,0,88,8,0,8,96
12/31/2012,MLB,FL,ASO,ES,Federal Contract Tower,6,9,38,0,53,0,7,44,0,51,6,16,82,0,104,13,0,13,117
01/01/2013,MLB,FL,ASO,ES,Federal Contract Tower,4,6,12,0,22,0,6,18,0,24,4,12,30,0,46,22,0,22,68
01/02/2013,MLB,FL,ASO,ES,Federal Contract Tower,8,6,40,0,54,0,1,85,0,86,8,7,125,0,140,65,0,65,205
01/03/2013,MLB,FL,ASO,ES,Federal Contract Tower,7,14,39,0,60,0,1,10,0,11,7,15,49,0,71,2,0,2,73
01/04/2013,MLB,FL,ASO,ES,Federal Contract Tower,10,6,39,0,55,0,0,0,0,0,10,6,39,0,55,0,0,0,55
01/05/2013,MLB,FL,ASO,ES,Federal Contract Tower,12,2,46,15,75,0,1,77,0,78,12,3,123,15,153,65,0,65,218
01/06/2013,MLB,FL,ASO,ES,Federal Contract Tower,9,9,37,0,55,0,4,47,1,52,9,13,84,1,107,79,0,79,186
01/07/2013,MLB,FL,ASO,ES,Federal Contract Tower,8,6,29,0,43,0,3,46,1,50,8,9,75,1,93,17,10,27,120
01/08/2013,MLB,FL,ASO,ES,Federal Contract Tower,7,4,68,0,79,0,12,84,2,98,7,16,152,2,177,171,0,171,348
01/09/2013,MLB,FL,ASO,ES,Federal Contract Tower,8,8,64,0,80,0,4,141,0,145,8,12,205,0,225,164,0,164,389
01/10/2013,MLB,FL,ASO,ES,Federal Contract Tower,8,9,60,0,77,0,3,167,0,170,8,12,227,0,247,200,0,200,447
01/11/2013,MLB,FL,ASO,ES,Federal Contract Tower,10,9,51,8,78,0,0,125,0,125,10,9,176,8,203,96,0,96,299
01/12/2013,MLB,FL,ASO,ES,Federal Contract Tower,8,7,47,0,62,0,1,168,0,169,8,8,215,0,231,75,0,75,306
01/13/2013,MLB,FL,ASO,ES,Federal Contract Tower,9,9,36,0,54,0,2,69,0,71,9,11,105,0,125,30,0,30,155
01/14/2013,MLB,FL,ASO,ES,Federal Contract Tower,8,4,71,0,83,0,0,133,0,133,8,4,204,0,216,70,0,70,286
01/15/2013,MLB,FL,ASO,ES,Federal Contract Tower,8,7,72,0,87,0,1,135,0,136,8,8,207,0,223,195,0,195,418
01/16/2013,MLB,FL,ASO,ES,Federal Contract Tower,7,13,77,0,97,0,3,137,0,140,7,16,214,0,237,154,0,154,391
01/17/2013,MLB,FL,ASO,ES,Federal Contract Tower,9,5,63,1,78,0,1,54,4,59,9,6,117,5,137,40,4,44,181
01/18/2013,MLB,FL,ASO,ES,Federal Contract Tower,9,6,38,0,53,0,2,49,0,51,9,8,87,0,104,28,0,28,132
01/19/2013,MLB,FL,ASO,ES,Federal Contract Tower,7,9,46,0,62,6,3,36,0,45,13,12,82,0,107,54,0,54,161
01/20/2013,MLB,FL,ASO,ES,Federal Contract Tower,8,6,54,0,68,0,0,11,0,11,8,6,65,0,79,4,0,4,83
01/21/2013,MLB,FL,ASO,ES,Federal Contract Tower,7,8,86,0,101,0,5,99,0,104,7,13,185,0,205,154,0,154,359
01/22/2013,MLB,FL,ASO,ES,Federal Contract Tower,8,6,60,0,74,0,2,72,0,74,8,8,132,0,148,61,0,61,209
01/23/2013,MLB,FL,ASO,ES,Federal Contract Tower,9,6,78,0,93,0,2,161,0,163,9,8,239,0,256,116,0,116,372
01/24/2013,MLB,FL,ASO,ES,Federal Contract Tower,8,11,70,0,89,0,0,173,0,173,8,11,243,0,262,132,0,132,394
01/25/2013,MLB,FL,ASO,ES,Federal Contract Tower,12,4,83,0,99,0,0,182,0,182,12,4,265,0,281,240,0,240,521
01/26/2013,MLB,FL,ASO,ES,Federal Contract Tower,9,4,62,0,75,0,6,191,0,197,9,10,253,0,272,196,0,196,468
01/27/2013,MLB,FL,ASO,ES,Federal Contract Tower,11,8,65,0,84,0,4,103,0,107,11,12,168,0,191,61,0,61,252
01/28/2013,MLB,FL,ASO,ES,Federal Contract Tower,9,5,57,0,71,0,0,100,0,100,9,5,157,0,171,171,0,171,342
01/29/2013,MLB,FL,ASO,ES,Federal Contract Tower,6,3,67,0,76,0,5,126,2,133,6,8,193,2,209,73,0,73,282
01/30/2013,MLB,FL,ASO,ES,Federal Contract Tower,5,12,30,0,47,0,3,66,0,69,5,15,96,0,116,21,0,21,137
01/31/2013,MLB,FL,ASO,ES,Federal Contract Tower,6,9,64,0,79,0,1,99,0,100,6,10,163,0,179,140,0,140,319
02/01/2013,MLB,FL,ASO,ES,Federal Contract Tower,9,6,76,0,91,0,2,123,0,125,9,8,199,0,216,127,0,127,343
02/02/2013,MLB,FL,ASO,ES,Federal Contract Tower,8,2,56,0,66,0,6,140,0,146,8,8,196,0,212,204,0,204,416
02/03/2013,MLB,FL,ASO,ES,Federal Contract Tower,7,7,23,0,37,0,2,75,0,77,7,9,98,0,114,22,5,27,141
02/04/2013,MLB,FL,ASO,ES,Federal Contract Tower,7,4,105,2,118,0,0,168,4,172,7,4,273,6,290,0,214,214,504
02/05/2013,MLB,FL,ASO,ES,Federal Contract Tower,9,4,51,0,64,0,0,195,0,195,9,4,246,0,259,232,0,232,491
02/06/2013,MLB,FL,ASO,ES,Federal Contract Tower,9,2,84,2,97,0,2,140,0,142,9,4,224,2,239,128,0,128,367
02/07/2013,MLB,FL,ASO,ES,Federal Contract Tower,9,6,72,0,87,0,0,108,0,108,9,6,180,0,195,136,0,136,331
02/08/2013,MLB,FL,ASO,ES,Federal Contract Tower,8,5,54,0,67,0,1,177,1,179,8,6,231,1,246,168,0,168,414
02/09/2013,MLB,FL,ASO,ES,Federal Contract Tower,7,4,47,1,59,0,4,127,0,131,7,8,174,1,190,80,0,80,270
02/10/2013,MLB,FL,ASO,ES,Federal Contract Tower,8,7,34,0,49,1,2,62,0,65,9,9,96,0,114,38,0,38,152
02/11/2013,MLB,FL,ASO,ES,Federal Contract Tower,8,6,72,0,86,0,2,145,0,147,8,8,217,0,233,93,0,93,326
02/12/2013,MLB,FL,ASO,ES,Federal Contract Tower,8,3,77,0,88,0,2,189,0,191,8,5,266,0,279,125,0,125,404
02/13/2013,MLB,FL,ASO,ES,Federal Contract Tower,6,7,76,0,89,0,1,21,0,22,6,8,97,0,111,4,0,4,115
02/14/2013,MLB,FL,ASO,ES,Federal Contract Tower,9,8,79,0,96,0,0,86,3,89,9,8,165,3,185,22,0,22,207
02/15/2013,MLB,FL,ASO,ES,Federal Contract Tower,11,8,102,0,121,0,0,56,3,59,11,8,158,3,180,64,0,64,244
02/16/2013,MLB,FL,ASO,ES,Federal Contract Tower,10,15,46,0,71,0,7,90,0,97,10,22,136,0,168,80,0,80,248
02/17/2013,MLB,FL,ASO,ES,Federal Contract Tower,11,5,38,0,54,0,3,62,0,65,11,8,100,0,119,42,0,42,161
02/18/2013,MLB,FL,ASO,ES,Federal Contract Tower,11,10,87,0,108,0,2,142,0,144,11,12,229,0,252,92,0,92,344
02/19/2013,MLB,FL,ASO,ES,Federal Contract Tower,6,5,112,2,125,0,4,149,1,154,6,9,261,3,279,167,0,167,446
02/20/2013,MLB,FL,ASO,ES,Federal Contract Tower,8,3,129,9,149,0,8,149,0,157,8,11,278,9,306,222,0,222,528
02/21/2013,MLB,FL,ASO,ES,Federal Contract Tower,8,11,87,14,120,0,3,183,16,202,8,14,270,30,322,176,0,176,498
02/22/2013,MLB,FL,ASO,ES,Federal Contract Tower,14,3,92,0,109,0,2,138,0,140,14,5,230,0,249,110,0,110,359
02/23/2013,MLB,FL,ASO,ES,Federal Contract Tower,10,2,32,0,44,0,3,73,0,76,10,5,105,0,120,4,0,4,124
02/24/2013,MLB,FL,ASO,ES,Federal Contract Tower,8,11,37,0,56,0,2,21,0,23,8,13,58,0,79,36,0,36,115
02/25/2013,MLB,FL,ASO,ES,Federal Contract Tower,8,7,125,8,148,0,9,85,0,94,8,16,210,8,242,121,6,127,369
02/26/2013,MLB,FL,ASO,ES,Federal Contract Tower,9,3,31,0,43,0,2,24,0,26,9,5,55,0,69,22,0,22,91
02/27/2013,MLB,FL,ASO,ES,Federal Contract Tower,9,5,110,0,124,0,3,172,0,175,9,8,282,0,299,191,0,191,490
02/28/2013,MLB,FL,ASO,ES,Federal Contract Tower,8,5,61,4,78,0,6,174,0,180,8,11,235,4,258,146,0,146,404
03/01/2013,MLB,FL,ASO,ES,Federal Contract Tower,11,6,70,2,89,0,0,122,0,122,11,6,192,2,211,123,0,123,334
03/02/2013,MLB,FL,ASO,ES,Federal Contract Tower,12,3,33,0,48,0,1,71,0,72,12,4,104,0,120,68,0,68,188
03/03/2013,MLB,FL,ASO,ES,Federal Contract Tower,8,8,41,1,58,0,0,41,0,41,8,8,82,1,99,24,0,24,123
03/04/2013,MLB,FL,ASO,ES,Federal Contract Tower,9,6,78,0,93,0,4,180,0,184,9,10,258,0,277,214,0,214,491
03/05/2013,MLB,FL,ASO,ES,Federal Contract Tower,10,8,61,0,79,0,2,159,0,161,10,10,220,0,240,136,0,136,376
03/06/2013,MLB,FL,ASO,ES,Federal Contract Tower,7,10,45,0,62,0,2,38,0,40,7,12,83,0,102,48,0,48,150
03/07/2013,MLB,FL,ASO,ES,Federal Contract Tower,10,6,100,0,116,0,5,155,0,160,10,11,255,0,276,102,0,102,378
03/08/2013,MLB,FL,ASO,ES,Federal Contract Tower,12,2,66,0,80,0,11,180,0,191,12,13,246,0,271,257,0,257,528
03/09/2013,MLB,FL,ASO,ES,Federal Contract Tower,13,1,64,0,78,0,3,109,0,112,13,4,173,0,190,109,0,109,299
03/10/2013,MLB,FL,ASO,ES,Federal Contract Tower,9,6,50,0,65,0,3,74,0,77,9,9,124,0,142,31,0,31,173
03/11/2013,MLB,FL,ASO,ES,Federal Contract Tower,10,6,103,0,119,0,2,91,2,95,10,8,194,2,214,82,0,82,296
03/12/2013,MLB,FL,ASO,ES,Federal Contract Tower,11,9,71,0,91,0,0,28,0,28,11,9,99,0,119,55,0,55,174
03/13/2013,MLB,FL,ASO,ES,Federal Contract Tower,9,5,82,0,96,0,4,80,0,84,9,9,162,0,180,68,0,68,248
03/14/2013,MLB,FL,ASO,ES,Federal Contract Tower,8,8,64,1,81,0,4,59,0,63,8,12,123,1,144,36,0,36,180
03/15/2013,MLB,FL,ASO,ES,Federal Contract Tower,9,8,83,0,100,0,3,177,0,180,9,11,260,0,280,138,0,138,418
03/16/2013,MLB,FL,ASO,ES,Federal Contract Tower,10,4,62,0,76,0,10,167,0,177,10,14,229,0,253,157,0,157,410
03/17/2013,MLB,FL,ASO,ES,Federal Contract Tower,7,9,46,0,62,0,9,89,0,98,7,18,135,0,160,28,0,28,188
03/18/2013,MLB,FL,ASO,ES,Federal Contract Tower,8,7,50,0,65,0,1,94,0,95,8,8,144,0,160,40,0,40,200
03/19/2013,MLB,FL,ASO,ES,Federal Contract Tower,9,9,95,2,115,0,9,115,1,125,9,18,210,3,240,110,0,110,350
03/20/2013,MLB,FL,ASO,ES,Federal Contract Tower,11,5,48,0,64,0,5,80,0,85,11,10,128,0,149,90,0,90,239
03/21/2013,MLB,FL,ASO,ES,Federal Contract Tower,7,16,101,0,124,0,10,186,0,196,7,26,287,0,320,160,0,160,480
03/22/2013,MLB,FL,ASO,ES,Federal Contract Tower,8,9,97,0,114,0,0,150,0,150,8,9,247,0,264,67,0,67,331
03/23/2013,MLB,FL,ASO,ES,Federal Contract Tower,10,5,48,1,64,0,1,35,0,36,10,6,83,1,100,28,0,28,128
03/24/2013,MLB,FL,ASO,ES,Federal Contract Tower,9,7,30,0,46,0,5,12,0,17,9,12,42,0,63,0,0,0,63
03/25/2013,MLB,FL,ASO,ES,Federal Contract Tower,9,8,74,1,92,0,2,96,0,98,9,10,170,1,190,95,0,95,285
03/26/2013,MLB,FL,ASO,ES,Federal Contract Tower,8,7,64,0,79,0,3,83,0,86,8,10,147,0,165,32,0,32,197
03/27/2013,MLB,FL,ASO,ES,Federal Contract Tower,11,3,61,4,79,0,5,192,0,197,11,8,253,4,276,202,4,206,482
03/28/2013,MLB,FL,ASO,ES,Federal Contract Tower,12,4,69,0,85,0,1,204,2,207,12,5,273,2,292,130,0,130,422
03/29/2013,MLB,FL,ASO,ES,Federal Contract Tower,10,8,76,2,96,0,3,214,2,219,10,11,290,4,315,263,0,263,578
03/30/2013,MLB,FL,ASO,ES,Federal Contract Tower,12,7,75,0,94,0,10,111,0,121,12,17,186,0,215,115,0,115,330
03/31/2013,MLB,FL,ASO,ES,Federal Contract Tower,6,6,36,0,48,0,4,62,0,66,6,10,98,0,114,26,0,26,140
04/01/2013,MLB,FL,ASO,ES,Federal Contract Tower,7,7,58,0,72,0,0,69,0,69,7,7,127,0,141,98,0,98,239
04/02/2013,MLB,FL,ASO,ES,Federal Contract Tower,8,7,67,0,82,0,0,208,0,208,8,7,275,0,290,254,0,254,544
04/03/2013,MLB,FL,ASO,ES,Federal Contract Tower,10,5,50,0,65,0,2,120,0,122,10,7,170,0,187,88,0,88,275
04/04/2013,MLB,FL,ASO,ES,Federal Contract Tower,15,4,36,0,55,0,2,24,0,26,15,6,60,0,81,34,0,34,115
04/05/2013,MLB,FL,ASO,ES,Federal Contract Tower,9,13,45,0,67,0,3,62,0,65,9,16,107,0,132,72,0,72,204
04/06/2013,MLB,FL,ASO,ES,Federal Contract Tower,12,6,45,0,63,0,2,72,0,74,12,8,117,0,137,37,0,37,174
04/07/2013,MLB,FL,ASO,ES,Federal Contract Tower,8,10,49,0,67,0,0,144,0,144,8,10,193,0,211,182,0,182,393
04/08/2013,MLB,FL,ASO,ES,Federal Contract Tower,9,8,85,3,105,0,7,218,0,225,9,15,303,3,330,171,0,171,501
04/09/2013,MLB,FL,ASO,ES,Federal Contract Tower,10,7,87,0,104,0,7,180,1,188,10,14,267,1,292,202,0,202,494
04/10/2013,MLB,FL,ASO,ES,Federal Contract Tower,9,10,73,0,92,0,3,139,0,142,9,13,212,0,234,143,0,143,377
04/11/2013,MLB,FL,ASO,ES,Federal Contract Tower,9,7,102,0,118,0,5,68,0,73,9,12,170,0,191,44,0,44,235
04/12/2013,MLB,FL,ASO,ES,Federal Contract Tower,9,9,40,29,87,0,0,82,0,82,9,9,122,29,169,87,0,87,256
04/13/2013,MLB,FL,ASO,ES,Federal Contract Tower,8,8,48,0,64,0,6,110,0,116,8,14,158,0,180,208,0,208,388
04/14/2013,MLB,FL,ASO,ES,Federal Contract Tower,9,17,42,0,68,0,4,45,0,49,9,21,87,0,117,77,0,77,194
04/15/2013,MLB,FL,ASO,ES,Federal Contract Tower,7,10,44,0,61,0,4,194,0,198,7,14,238,0,259,207,0,207,466
04/16/2013,MLB,FL,ASO,ES,Federal Contract Tower,8,9,76,0,93,0,0,174,2,176,8,9,250,2,269,245,0,245,514
04/17/2013,MLB,FL,ASO,ES,Federal Contract Tower,7,6,104,6,123,0,0,159,0,159,7,6,263,6,282,306,0,306,588
04/18/2013,MLB,FL,ASO,ES,Federal Contract Tower,6,6,70,0,82,0,3,156,0,159,6,9,226,0,241,290,0,290,531
04/19/2013,MLB,FL,ASO,ES,Federal Contract Tower,6,11,97,1,115,0,2,94,0,96,6,13,191,1,211,116,0,116,327
04/20/2013,MLB,FL,ASO,ES,Federal Contract Tower,6,8,54,1,69,0,1,19,0,20,6,9,73,1,89,13,0,13,102
04/21/2013,MLB,FL,ASO,ES,Federal Contract Tower,7,8,36,0,51,0,0,15,0,15,7,8,51,0,66,24,0,24,90
04/22/2013,MLB,FL,ASO,ES,Federal Contract Tower,7,5,62,0,74,0,3,31,0,34,7,8,93,0,108,20,0,20,128
04/23/2013,MLB,FL,ASO,ES,Federal Contract Tower,9,5,46,0,60,0,7,103,0,110,9,12,149,0,170,137,0,137,307
04/24/2013,MLB,FL,ASO,ES,Federal Contract Tower,9,9,73,0,91,0,4,222,0,226,9,13,295,0,317,492,0,492,809
04/25/2013,MLB,FL,ASO,ES,Federal Contract Tower,9,16,76,0,101,0,1,248,0,249,9,17,324,0,350,442,0,442,792
04/26/2013,MLB,FL,ASO,ES,Federal Contract Tower,7,12,67,0,86,0,10,206,0,216,7,22,273,0,302,342,0,342,644
04/27/2013,MLB,FL,ASO,ES,Federal Contract Tower,7,4,52,0,63,0,3,91,0,94,7,7,143,0,157,172,0,172,329
04/28/2013,MLB,FL,ASO,ES,Federal Contract Tower,7,7,63,0,77,0,0,63,0,63,7,7,126,0,140,76,0,76,216
04/29/2013,MLB,FL,ASO,ES,Federal Contract Tower,6,9,43,0,58,0,0,112,1,113,6,9,155,1,171,149,0,149,320
04/30/2013,MLB,FL,ASO,ES,Federal Contract Tower,9,7,39,0,55,0,0,117,0,117,9,7,156,0,172,192,0,192,364
05/01/2013,MLB,FL,ASO,ES,Federal Contract Tower,9,7,57,0,73,0,2,89,0,91,9,9,146,0,164,116,0,116,280
05/02/2013,MLB,FL,ASO,ES,Federal Contract Tower,9,8,48,0,65,0,2,21,0,23,9,10,69,0,88,38,0,38,126
05/03/2013,MLB,FL,ASO,ES,Federal Contract Tower,11,5,46,0,62,0,3,35,0,38,11,8,81,0,100,107,0,107,207
05/04/2013,MLB,FL,ASO,ES,Federal Contract Tower,9,3,71,0,83,0,1,76,0,77,9,4,147,0,160,93,0,93,253
05/05/2013,MLB,FL,ASO,ES,Federal Contract Tower,8,7,40,0,55,0,1,90,0,91,8,8,130,0,146,107,0,107,253
05/06/2013,MLB,FL,ASO,ES,Federal Contract Tower,8,9,70,0,87,0,4,186,0,190,8,13,256,0,277,181,0,181,458
05/07/2013,MLB,FL,ASO,ES,Federal Contract Tower,10,6,71,1,88,0,2,136,0,138,10,8,207,1,226,294,0,294,520
05/08/2013,MLB,FL,ASO,ES,Federal Contract Tower,9,8,91,0,108,0,3,173,0,176,9,11,264,0,284,270,0,270,554
05/09/2013,MLB,FL,ASO,ES,Federal Contract Tower,8,7,108,0,123,0,0,233,0,233,8,7,341,0,356,286,0,286,642
05/10/2013,MLB,FL,ASO,ES,Federal Contract Tower,10,6,71,0,87,0,3,120,0,123,10,9,191,0,210,142,0,142,352
05/11/2013,MLB,FL,ASO,ES,Federal Contract Tower,8,8,39,0,55,0,3,103,0,106,8,11,142,0,161,70,0,70,231
05/12/2013,MLB,FL,ASO,ES,Federal Contract Tower,8,6,34,0,48,0,3,18,0,21,8,9,52,0,69,80,0,80,149
05/13/2013,MLB,FL,ASO,ES,Federal Contract Tower,8,11,90,0,109,0,3,156,0,159,8,14,246,0,268,160,0,160,428
05/14/2013,MLB,FL,ASO,ES,Federal Contract Tower,10,10,64,0,84,0,3,219,0,222,10,13,283,0,306,205,0,205,511
05/15/2013,MLB,FL,ASO,ES,Federal Contract Tower,7,13,70,1,91,0,0,206,0,206,7,13,276,1,297,286,0,286,583
05/16/2013,MLB,FL,ASO,ES,Federal Contract Tower,8,8,101,1,118,0,2,204,0,206,8,10,305,1,324,216,0,216,540
05/17/2013,MLB,FL,ASO,ES,Federal Contract Tower,9,6,111,0,126,0,9,214,2,225,9,15,325,2,351,250,0,250,601
05/18/2013,MLB,FL,ASO,ES,Federal Contract Tower,8,2,58,0,68,0,1,88,0,89,8,3,146,0,157,57,0,57,214
05/19/2013,MLB,FL,ASO,ES,Federal Contract Tower,8,8,44,0,60,0,5,30,0,35,8,13,74,0,95,83,0,83,178
05/20/2013,MLB,FL,ASO,ES,Federal Contract Tower,8,8,87,0,103,0,10,88,4,102,8,18,175,4,205,121,0,121,326
05/21/2013,MLB,FL,ASO,ES,Federal Contract Tower,8,6,85,3,102,0,2,107,0,109,8,8,192,3,211,131,6,137,348
05/22/2013,MLB,FL,ASO,ES,Federal Contract Tower,10,11,70,0,91,0,0,126,0,126,10,11,196,0,217,173,0,173,390
05/23/2013,MLB,FL,ASO,ES,Federal Contract Tower,8,8,65,0,81,0,3,147,0,150,8,11,212,0,231,132,0,132,363
05/24/2013,MLB,FL,ASO,ES,Federal Contract Tower,9,4,60,0,73,0,1,228,0,229,9,5,288,0,302,281,0,281,583
05/25/2013,MLB,FL,ASO,ES,Federal Contract Tower,8,4,48,1,61,0,3,128,0,131,8,7,176,1,192,143,0,143,335
05/26/2013,MLB,FL,ASO,ES,Federal Contract Tower,6,8,36,0,50,0,3,99,0,102,6,11,135,0,152,107,0,107,259
05/27/2013,MLB,FL,ASO,ES,Federal Contract Tower,6,6,64,0,76,0,2,147,0,149,6,8,211,0,225,245,0,245,470
05/28/2013,MLB,FL,ASO,ES,Federal Contract Tower,8,5,48,0,61,0,2,93,0,95,8,7,141,0,156,236,0,236,392
05/29/2013,MLB,FL,ASO,ES,Federal Contract Tower,9,4,55,1,69,0,1,22,0,23,9,5,77,1,92,74,0,74,166
05/30/2013,MLB,FL,ASO,ES,Federal Contract Tower,8,11,77,2,98,0,3,107,3,113,8,14,184,5,211,188,0,188,399
05/31/2013,MLB,FL,ASO,ES,Federal Contract Tower,9,6,59,1,75,0,1,101,0,102,9,7,160,1,177,173,0,173,350
06/01/2013,MLB,FL,ASO,ES,Federal Contract Tower,6,7,66,0,79,0,0,60,0,60,6,7,126,0,139,160,0,160,299
06/02/2013,MLB,FL,ASO,ES,Federal Contract Tower,8,7,42,1,58,0,4,37,0,41,8,11,79,1,99,115,0,115,214
06/03/2013,MLB,FL,ASO,ES,Federal Contract Tower,8,9,72,0,89,0,2,92,0,94,8,11,164,0,183,281,0,281,464
06/04/2013,MLB,FL,ASO,ES,Federal Contract Tower,7,7,107,0,121,0,4,151,0,155,7,11,258,0,276,348,0,348,624
06/05/2013,MLB,FL,ASO,ES,Federal Contract Tower,8,5,81,0,94,0,4,199,0,203,8,9,280,0,297,177,0,177,474
06/06/2013,MLB,FL,ASO,ES,Federal Contract Tower,7,7,7,0,21,0,0,3,0,3,7,7,10,0,24,0,0,0,24
06/07/2013,MLB,FL,ASO,ES,Federal Contract Tower,9,8,66,0,83,0,0,85,0,85,9,8,151,0,168,91,0,91,259
06/08/2013,MLB,FL,ASO,ES,Federal Contract Tower,8,4,43,0,55,0,2,135,0,137,8,6,178,0,192,173,0,173,365
06/09/2013,MLB,FL,ASO,ES,Federal Contract Tower,9,13,55,0,77,0,3,122,0,125,9,16,177,0,202,111,0,111,313
06/10/2013,MLB,FL,ASO,ES,Federal Contract Tower,7,6,136,6,155,0,5,131,0,136,7,11,267,6,291,164,0,164,455
06/11/2013,MLB,FL,ASO,ES,Federal Contract Tower,10,10,71,1,92,0,2,103,2,107,10,12,174,3,199,214,4,218,417
06/12/2013,MLB,FL,ASO,ES,Federal Contract Tower,10,10,112,0,132,0,0,201,0,201,10,10,313,0,333,310,0,310,643
06/13/2013,MLB,FL,ASO,ES,Federal Contract Tower,6,9,43,0,58,0,3,190,0,193,6,12,233,0,251,281,0,281,532
06/14/2013,MLB,FL,ASO,ES,Federal Contract Tower,9,9,80,0,98,0,5,138,0,143,9,14,218,0,241,244,0,244,485
06/15/2013,MLB,FL,ASO,ES,Federal Contract Tower,6,4,59,0,69,0,3,73,0,76,6,7,132,0,145,108,0,108,253
06/16/2013,MLB,FL,ASO,ES,Federal Contract Tower,9,6,44,0,59,0,0,54,0,54,9,6,98,0,113,116,0,116,229
06/17/2013,MLB,FL,ASO,ES,Federal Contract Tower,7,9,72,0,88,0,0,169,0,169,7,9,241,0,257,118,0,118,375
06/18/2013,MLB,FL,ASO,ES,Federal Contract Tower,8,6,48,2,64,0,0,225,0,225,8,6,273,2,289,192,2,194,483
06/19/2013,MLB,FL,ASO,ES,Federal Contract Tower,8,9,79,0,96,0,1,164,0,165,8,10,243,0,261,178,0,178,439
06/20/2013,MLB,FL,ASO,ES,Federal Contract Tower,8,10,42,4,64,0,0,112,0,112,8,10,154,4,176,236,0,236,412
06/21/2013,MLB,FL,ASO,ES,Federal Contract Tower,8,5,41,2,56,0,0,123,0,123,8,5,164,2,179,214,2,216,395
06/22/2013,MLB,FL,ASO,ES,Federal Contract Tower,7,5,57,0,69,0,2,152,0,154,7,7,209,0,223,244,0,244,467
06/23/2013,MLB,FL,ASO,ES,Federal Contract Tower,12,6,54,2,74,0,8,61,0,69,12,14,115,2,143,61,0,61,204
06/24/2013,MLB,FL,ASO,ES,Federal Contract Tower,8,11,83,0,102,0,7,179,0,186,8,18,262,0,288,207,0,207,495
06/25/2013,MLB,FL,ASO,ES,Federal Contract Tower,9,7,56,0,72,0,8,122,0,130,9,15,178,0,202,215,0,215,417
06/26/2013,MLB,FL,ASO,ES,Federal Contract Tower,10,6,36,0,52,0,0,113,0,113,10,6,149,0,165,206,0,206,371
06/27/2013,MLB,FL,ASO,ES,Federal Contract Tower,7,7,93,0,107,0,6,167,0,173,7,13,260,0,280,187,0,187,467
06/28/2013,MLB,FL,ASO,ES,Federal Contract Tower,7,7,52,0,66,0,6,131,0,137,7,13,183,0,203,155,0,155,358
06/29/2013,MLB,FL,ASO,ES,Federal Contract Tower,6,4,50,0,60,0,0,105,0,105,6,4,155,0,165,144,0,144,309
06/30/2013,MLB,FL,ASO,ES,Federal Contract Tower,7,10,24,0,41,0,3,66,0,69,7,13,90,0,110,44,0,44,154
07/01/2013,MLB,FL,ASO,ES,Federal Contract Tower,8,10,32,0,50,0,3,23,0,26,8,13,55,0,76,14,0,14,90
07/02/2013,MLB,FL,ASO,ES,Federal Contract Tower,11,5,45,0,61,0,2,115,0,117,11,7,160,0,178,219,0,219,397
07/03/2013,MLB,FL,ASO,ES,Federal Contract Tower,8,10,76,0,94,0,4,122,0,126,8,14,198,0,220,154,0,154,374
07/04/2013,MLB,FL,ASO,ES,Federal Contract Tower,8,4,39,0,51,0,5,70,0,75,8,9,109,0,126,96,0,96,222
07/05/2013,MLB,FL,ASO,ES,Federal Contract Tower,7,8,49,0,64,0,4,124,1,129,7,12,173,1,193,129,0,129,322
07/06/2013,MLB,FL,ASO,ES,Federal Contract Tower,6,4,47,0,57,0,0,132,0,132,6,4,179,0,189,139,0,139,328
07/07/2013,MLB,FL,ASO,ES,Federal Contract Tower,8,9,33,0,50,0,4,100,0,104,8,13,133,0,154,99,0,99,253
07/08/2013,MLB,FL,ASO,ES,Federal Contract Tower,5,7,88,0,100,0,5,144,1,150,5,12,232,1,250,90,0,90,340
07/09/2013,MLB,FL,ASO,ES,Federal Contract Tower,10,4,70,2,86,0,0,119,0,119,10,4,189,2,205,141,0,141,346
07/10/2013,MLB,FL,ASO,ES,Federal Contract Tower,7,7,72,1,87,0,1,158,0,159,7,8,230,1,246,170,0,170,416
07/11/2013,MLB,FL,ASO,ES,Federal Contract Tower,9,5,67,3,84,0,0,160,1,161,9,5,227,4,245,238,0,238,483
07/12/2013,MLB,FL,ASO,ES,Federal Contract Tower,8,6,78,0,92,0,0,188,0,188,8,6,266,0,280,294,0,294,574
07/13/2013,MLB,FL,ASO,ES,Federal Contract Tower,8,4,56,0,68,0,0,120,0,120,8,4,176,0,188,139,0,139,327
07/14/2013,MLB,FL,ASO,ES,Federal Contract Tower,8,8,41,0,57,0,4,75,0,79,8,12,116,0,136,81,0,81,217
07/15/2013,MLB,FL,ASO,ES,Federal Contract Tower,8,6,77,0,91,0,2,96,0,98,8,8,173,0,189,200,0,200,389
07/16/2013,MLB,FL,ASO,ES,Federal Contract Tower,9,4,92,0,105,0,1,159,0,160,9,5,251,0,265,151,0,151,416
07/17/2013,MLB,FL,ASO,ES,Federal Contract Tower,6,3,84,0,93,0,4,130,0,134,6,7,214,0,227,275,0,275,502
07/18/2013,MLB,FL,ASO,ES,Federal Contract Tower,9,3,65,1,78,0,0,106,0,106,9,3,171,1,184,152,0,152,336
07/19/2013,MLB,FL,ASO,ES,Federal Contract Tower,8,6,69,1,84,0,3,159,0,162,8,9,228,1,246,175,0,175,421
07/20/2013,MLB,FL,ASO,ES,Federal Contract Tower,7,4,61,2,74,0,2,56,0,58,7,6,117,2,132,64,9,73,205
07/21/2013,MLB,FL,ASO,ES,Federal Contract Tower,9,9,39,0,57,0,4,82,0,86,9,13,121,0,143,65,0,65,208
07/22/2013,MLB,FL,ASO,ES,Federal Contract Tower,9,10,25,1,45,0,1,155,4,160,9,11,180,5,205,305,0,305,510
07/23/2013,MLB,FL,ASO,ES,Federal Contract Tower,10,12,59,4,85,0,1,119,4,124,10,13,178,8,209,244,0,244,453
07/24/2013,MLB,FL,ASO,ES,Federal Contract Tower,9,6,87,1,103,0,4,153,1,158,9,10,240,2,261,132,0,132,393
07/25/2013,MLB,FL,ASO,ES,Federal Contract Tower,10,5,68,2,85,0,4,147,2,153,10,9,215,4,238,212,0,212,450
07/26/2013,MLB,FL,ASO,ES,Federal Contract Tower,5,6,111,1,123,0,3,100,0,103,5,9,211,1,226,74,0,74,300
07/27/2013,MLB,FL,ASO,ES,Federal Contract Tower,9,4,78,1,92,0,3,157,0,160,9,7,235,1,252,199,0,199,451
07/28/2013,MLB,FL,ASO,ES,Federal Contract Tower,8,6,74,0,88,0,4,90,0,94,8,10,164,0,182,38,0,38,220
07/29/2013,MLB,FL,ASO,ES,Federal Contract Tower,8,8,127,0,143,0,4,162,0,166,8,12,289,0,309,124,0,124,433
07/30/2013,MLB,FL,ASO,ES,Federal Contract Tower,8,6,121,0,135,0,0,159,0,159,8,6,280,0,294,206,0,206,500
07/31/2013,MLB,FL,ASO,ES,Federal Contract Tower,8,11,107,2,128,0,5,170,0,175,8,16,277,2,303,171,0,171,474
08/01/2013,MLB,FL,ASO,ES,Federal Contract Tower,6,3,66,0,75,0,3,152,0,155,6,6,218,0,230,184,0,184,414
08/02/2013,MLB,FL,ASO,ES,Federal Contract Tower,7,10,97,0,114,0,3,148,0,151,7,13,245,0,265,216,0,216,481
08/03/2013,MLB,FL,ASO,ES,Federal Contract Tower,8,4,49,0,61,0,0,72,0,72,8,4,121,0,133,58,0,58,191
08/04/2013,MLB,FL,ASO,ES,Federal Contract Tower,10,10,47,8,75,0,3,88,0,91,10,13,135,8,166,67,0,67,233
08/05/2013,MLB,FL,ASO,ES,Federal Contract Tower,9,5,77,0,91,0,1,134,0,135,9,6,211,0,226,175,0,175,401
08/06/2013,MLB,FL,ASO,ES,Federal Contract Tower,7,10,112,0,129,0,5,179,0,184,7,15,291,0,313,237,0,237,550
08/07/2013,MLB,FL,ASO,ES,Federal Contract Tower,7,8,100,0,115,0,3,138,0,141,7,11,238,0,256,178,0,178,434
08/08/2013,MLB,FL,ASO,ES,Federal Contract Tower,8,9,126,0,143,0,0,149,0,149,8,9,275,0,292,140,0,140,432
08/09/2013,MLB,FL,ASO,ES,Federal Contract Tower,7,4,140,1,152,0,4,162,0,166,7,8,302,1,318,221,0,221,539
08/10/2013,MLB,FL,ASO,ES,Federal Contract Tower,7,6,73,0,86,0,7,124,0,131,7,13,197,0,217,183,0,183,400
08/11/2013,MLB,FL,ASO,ES,Federal Contract Tower,9,8,85,0,102,0,7,86,0,93,9,15,171,0,195,45,0,45,240
08/12/2013,MLB,FL,ASO,ES,Federal Contract Tower,7,6,142,0,155,0,2,162,0,164,7,8,304,0,319,196,0,196,515
08/13/2013,MLB,FL,ASO,ES,Federal Contract Tower,9,4,113,0,126,0,6,163,0,169,9,10,276,0,295,226,0,226,521
08/14/2013,MLB,FL,ASO,ES,Federal Contract Tower,18,9,100,1,128,0,5,172,0,177,18,14,272,1,305,223,0,223,528
08/15/2013,MLB,FL,ASO,ES,Federal Contract Tower,8,4,54,1,67,0,1,75,0,76,8,5,129,1,143,66,0,66,209
08/16/2013,MLB,FL,ASO,ES,Federal Contract Tower,8,5,85,0,98,0,1,106,0,107,8,6,191,0,205,85,0,85,290
08/17/2013,MLB,FL,ASO,ES,Federal Contract Tower,8,4,55,0,67,0,2,88,0,90,8,6,143,0,157,60,0,60,217
08/18/2013,MLB,FL,ASO,ES,Federal Contract Tower,8,13,45,0,66,0,0,76,0,76,8,13,121,0,142,67,0,67,209
08/19/2013,MLB,FL,ASO,ES,Federal Contract Tower,9,8,90,2,109,0,2,134,0,136,9,10,224,2,245,163,0,163,408
08/20/2013,MLB,FL,ASO,ES,Federal Contract Tower,9,6,140,0,155,0,3,167,0,170,9,9,307,0,325,213,0,213,538
08/21/2013,MLB,FL,ASO,ES,Federal Contract Tower,7,8,59,0,74,0,3,98,0,101,7,11,157,0,175,66,0,66,241
08/22/2013,MLB,FL,ASO,ES,Federal Contract Tower,7,10,67,0,84,0,4,153,0,157,7,14,220,0,241,189,0,189,430
08/23/2013,MLB,FL,ASO,ES,Federal Contract Tower,6,7,91,0,104,0,9,172,0,181,6,16,263,0,285,320,0,320,605
08/24/2013,MLB,FL,ASO,ES,Federal Contract Tower,7,3,46,0,56,0,3,127,0,130,7,6,173,0,186,84,0,84,270
08/25/2013,MLB,FL,ASO,ES,Federal Contract Tower,9,6,33,0,48,0,2,49,0,51,9,8,82,0,99,32,0,32,131
08/26/2013,MLB,FL,ASO,ES,Federal Contract Tower,7,4,75,0,86,0,2,151,0,153,7,6,226,0,239,243,0,243,482
08/27/2013,MLB,FL,ASO,ES,Federal Contract Tower,8,10,95,0,113,0,0,184,0,184,8,10,279,0,297,210,0,210,507
08/28/2013,MLB,FL,ASO,ES,Federal Contract Tower,8,5,121,9,143,0,5,205,0,210,8,10,326,9,353,253,0,253,606
08/29/2013,MLB,FL,ASO,ES,Federal Contract Tower,8,6,86,3,103,0,4,260,1,265,8,10,346,4,368,256,6,262,630
08/30/2013,MLB,FL,ASO,ES,Federal Contract Tower,7,10,61,0,78,0,5,236,0,241,7,15,297,0,319,193,0,193,512
08/31/2013,MLB,FL,ASO,ES,Federal Contract Tower,8,5,73,0,86,0,2,178,0,180,8,7,251,0,266,175,0,175,441
09/01/2013,MLB,FL,ASO,ES,Federal Contract Tower,6,7,38,0,51,0,0,116,0,116,6,7,154,0,167,51,0,51,218
09/02/2013,MLB,FL,ASO,ES,Federal Contract Tower,7,8,52,1,68,0,6,150,0,156,7,14,202,1,224,33,1,34,258
09/03/2013,MLB,FL,ASO,ES,Federal Contract Tower,9,4,67,0,80,0,2,197,0,199,9,6,264,0,279,184,0,184,463
09/04/2013,MLB,FL,ASO,ES,Federal Contract Tower,15,6,85,0,106,0,3,213,0,216,15,9,298,0,322,142,0,142,464
09/05/2013,MLB,FL,ASO,ES,Federal Contract Tower,8,12,90,5,115,0,5,263,1,269,8,17,353,6,384,245,0,245,629
09/06/2013,MLB,FL,ASO,ES,Federal Contract Tower,6,10,36,14,66,0,1,133,0,134,6,11,169,14,200,84,0,84,284
09/07/2013,MLB,FL,ASO,ES,Federal Contract Tower,7,5,50,0,62,0,2,102,0,104,7,7,152,0,166,86,0,86,252
09/08/2013,MLB,FL,ASO,ES,Federal Contract Tower,8,6,62,0,76,0,6,152,0,158,8,12,214,0,234,82,0,82,316
09/09/2013,MLB,FL,ASO,ES,Federal Contract Tower,7,8,96,0,111,0,6,200,0,206,7,14,296,0,317,242,2,244,561
09/10/2013,MLB,FL,ASO,ES,Federal Contract Tower,7,8,146,0,161,0,9,188,0,197,7,17,334,0,358,145,0,145,503
09/11/2013,MLB,FL,ASO,ES,Federal Contract Tower,10,5,90,0,105,0,2,201,0,203,10,7,291,0,308,228,0,228,536
09/12/2013,MLB,FL,ASO,ES,Federal Contract Tower,7,6,98,2,113,0,4,195,0,199,7,10,293,2,312,210,0,210,522
09/13/2013,MLB,FL,ASO,ES,Federal Contract Tower,9,6,72,1,88,0,3,191,0,194,9,9,263,1,282,281,0,281,563
09/14/2013,MLB,FL,ASO,ES,Federal Contract Tower,4,7,48,0,59,0,0,198,0,198,4,7,246,0,257,132,0,132,389
09/15/2013,MLB,FL,ASO,ES,Federal Contract Tower,6,6,28,0,40,0,4,66,0,70,6,10,94,0,110,66,0,66,176
09/16/2013,MLB,FL,ASO,ES,Federal Contract Tower,8,7,81,0,96,0,2,193,0,195,8,9,274,0,291,252,0,252,543
09/17/2013,MLB,FL,ASO,ES,Federal Contract Tower,7,9,58,2,76,0,7,115,0,122,7,16,173,2,198,169,0,169,367
09/18/2013,MLB,FL,ASO,ES,Federal Contract Tower,9,10,115,0,134,0,3,118,0,121,9,13,233,0,255,90,0,90,345
09/19/2013,MLB,FL,ASO,ES,Federal Contract Tower,7,11,86,0,104,0,4,191,0,195,7,15,277,0,299,274,0,274,573
09/20/2013,MLB,FL,ASO,ES,Federal Contract Tower,6,7,104,0,117,0,6,254,0,260,6,13,358,0,377,290,0,290,667
09/21/2013,MLB,FL,ASO,ES,Federal Contract Tower,6,7,35,0,48,0,0,203,0,203,6,7,238,0,251,200,0,200,451
09/22/2013,MLB,FL,ASO,ES,Federal Contract Tower,7,7,48,0,62,0,7,141,0,148,7,14,189,0,210,50,0,50,260
09/23/2013,MLB,FL,ASO,ES,Federal Contract Tower,8,9,59,0,76,0,4,86,0,90,8,13,145,0,166,144,0,144,310
09/24/2013,MLB,FL,ASO,ES,Federal Contract Tower,5,6,81,0,92,0,4,144,0,148,5,10,225,0,240,255,0,255,495
09/25/2013,MLB,FL,ASO,ES,Federal Contract Tower,10,4,77,0,91,0,4,171,0,175,10,8,248,0,266,235,4,239,505
09/26/2013,MLB,FL,ASO,ES,Federal Contract Tower,8,7,136,0,151,0,6,186,0,192,8,13,322,0,343,214,0,214,557
09/27/2013,MLB,FL,ASO,ES,Federal Contract Tower,7,7,98,0,112,0,2,83,0,85,7,9,181,0,197,113,0,113,310
09/28/2013,MLB,FL,ASO,ES,Federal Contract Tower,7,3,56,0,66,0,0,90,0,90,7,3,146,0,156,151,0,151,307
09/29/2013,MLB,FL,ASO,ES,Federal Contract Tower,7,6,53,0,66,0,2,177,0,179,7,8,230,0,245,82,0,82,327
09/30/2013,MLB,FL,ASO,ES,Federal Contract Tower,7,4,67,0,78,0,1,247,0,248,7,5,314,0,326,280,0,280,606
10/01/2013,MLB,FL,ASO,ES,Federal Contract Tower,7,5,130,0,142,0,3,208,0,211,7,8,338,0,353,217,0,217,570
10/02/2013,MLB,FL,ASO,ES,Federal Contract Tower,9,5,122,0,136,0,5,222,0,227,9,10,344,0,363,188,0,188,551
10/03/2013,MLB,FL,ASO,ES,Federal Contract Tower,7,7,119,0,133,0,1,212,0,213,7,8,331,0,346,216,0,216,562
10/04/2013,MLB,FL,ASO,ES,Federal Contract Tower,5,7,103,0,115,0,5,183,0,188,5,12,286,0,303,307,0,307,610
10/05/2013,MLB,FL,ASO,ES,Federal Contract Tower,5,4,89,0,98,0,4,159,0,163,5,8,248,0,261,337,0,337,598
10/06/2013,MLB,FL,ASO,ES,Federal Contract Tower,7,6,69,0,82,0,0,102,0,102,7,6,171,0,184,74,0,74,258
10/07/2013,MLB,FL,ASO,ES,Federal Contract Tower,8,10,68,4,90,0,2,131,0,133,8,12,199,4,223,106,0,106,329
10/08/2013,MLB,FL,ASO,ES,Federal Contract Tower,10,8,99,0,117,0,3,114,0,117,10,11,213,0,234,190,2,192,426
10/09/2013,MLB,FL,ASO,ES,Federal Contract Tower,9,6,63,1,79,0,5,50,0,55,9,11,113,1,134,52,0,52,186
10/10/2013,MLB,FL,ASO,ES,Federal Contract Tower,6,8,88,0,102,0,1,238,0,239,6,9,326,0,341,337,0,337,678
10/11/2013,MLB,FL,ASO,ES,Federal Contract Tower,5,5,65,0,75,0,2,193,0,195,5,7,258,0,270,270,0,270,540
10/12/2013,MLB,FL,ASO,ES,Federal Contract Tower,7,4,49,0,60,0,7,78,0,85,7,11,127,0,145,39,0,39,184
10/13/2013,MLB,FL,ASO,ES,Federal Contract Tower,8,9,73,0,90,0,2,155,0,157,8,11,228,0,247,95,0,95,342
10/14/2013,MLB,FL,ASO,ES,Federal Contract Tower,7,7,135,0,149,0,5,255,0,260,7,12,390,0,409,157,0,157,566
10/15/2013,MLB,FL,ASO,ES,Federal Contract Tower,9,8,73,0,90,0,0,133,2,135,9,8,206,2,225,169,0,169,394
10/16/2013,MLB,FL,ASO,ES,Federal Contract Tower,10,12,89,0,111,0,11,165,0,176,10,23,254,0,287,262,0,262,549
10/17/2013,MLB,FL,ASO,ES,Federal Contract Tower,10,10,98,2,120,0,0,267,0,267,10,10,365,2,387,386,0,386,773
10/18/2013,MLB,FL,ASO,ES,Federal Contract Tower,7,5,83,0,95,0,3,214,0,217,7,8,297,0,312,243,0,243,555
10/19/2013,MLB,FL,ASO,ES,Federal Contract Tower,5,4,81,0,90,0,2,168,0,170,5,6,249,0,260,197,0,197,457
10/20/2013,MLB,FL,ASO,ES,Federal Contract Tower,7,6,83,0,96,0,3,99,0,102,7,9,182,0,198,177,0,177,375
10/21/2013,MLB,FL,ASO,ES,Federal Contract Tower,7,6,99,1,113,0,3,200,0,203,7,9,299,1,316,187,0,187,503
10/22/2013,MLB,FL,ASO,ES,Federal Contract Tower,8,10,97,0,115,0,0,96,0,96,8,10,193,0,211,171,0,171,382
10/23/2013,MLB,FL,ASO,ES,Federal Contract Tower,6,6,78,7,97,0,4,109,0,113,6,10,187,7,210,166,0,166,376
10/24/2013,MLB,FL,ASO,ES,Federal Contract Tower,7,12,117,1,137,0,6,206,0,212,7,18,323,1,349,194,0,194,543
10/25/2013,MLB,FL,ASO,ES,Federal Contract Tower,10,10,114,0,134,0,8,68,0,76,10,18,182,0,210,91,0,91,301
10/26/2013,MLB,FL,ASO,ES,Federal Contract Tower,6,4,80,0,90,0,0,186,0,186,6,4,266,0,276,209,0,209,485
10/27/2013,MLB,FL,ASO,ES,Federal Contract Tower,8,8,79,0,95,0,5,134,0,139,8,13,213,0,234,184,0,184,418
10/28/2013,MLB,FL,ASO,ES,Federal Contract Tower,10,10,125,2,147,0,4,153,4,161,10,14,278,6,308,259,0,259,567
10/29/2013,MLB,FL,ASO,ES,Federal Contract Tower,8,4,91,0,103,0,4,189,1,194,8,8,280,1,297,190,0,190,487
10/30/2013,MLB,FL,ASO,ES,Federal Contract Tower,8,10,138,0,156,0,3,168,0,171,8,13,306,0,327,216,0,216,543
10/31/2013,MLB,FL,ASO,ES,Federal Contract Tower,7,7,161,0,175,0,0,182,0,182,7,7,343,0,357,160,3,163,520
11/01/2013,MLB,FL,ASO,ES,Federal Contract Tower,7,10,71,2,90,0,8,110,0,118,7,18,181,2,208,134,0,134,342
11/02/2013,MLB,FL,ASO,ES,Federal Contract Tower,5,10,24,0,39,0,6,52,1,59,5,16,76,1,98,76,0,76,174
11/03/2013,MLB,FL,ASO,ES,Federal Contract Tower,8,8,58,0,74,0,0,96,0,96,8,8,154,0,170,20,0,20,190
11/04/2013,MLB,FL,ASO,ES,Federal Contract Tower,7,5,105,1,118,0,6,50,0,56,7,11,155,1,174,13,0,13,187
11/05/2013,MLB,FL,ASO,ES,Federal Contract Tower,7,5,117,0,129,0,0,56,0,56,7,5,173,0,185,47,0,47,232
11/06/2013,MLB,FL,ASO,ES,Federal Contract Tower,8,14,157,0,179,0,0,234,0,234,8,14,391,0,413,310,0,310,723
11/07/2013,MLB,FL,ASO,ES,Federal Contract Tower,8,8,158,2,176,0,2,169,0,171,8,10,327,2,347,140,0,140,487
11/08/2013,MLB,FL,ASO,ES,Federal Contract Tower,9,7,106,0,122,0,2,34,0,36,9,9,140,0,158,19,0,19,177
11/09/2013,MLB,FL,ASO,ES,Federal Contract Tower,7,7,129,0,143,0,4,137,0,141,7,11,266,0,284,169,0,169,453
11/10/2013,MLB,FL,ASO,ES,Federal Contract Tower,8,11,66,0,85,0,8,127,0,135,8,19,193,0,220,109,1,110,330
11/11/2013,MLB,FL,ASO,ES,Federal Contract Tower,8,16,149,0,173,0,2,198,0,200,8,18,347,0,373,190,0,190,563
11/12/2013,MLB,FL,ASO,ES,Federal Contract Tower,6,6,111,0,123,0,0,171,1,172,6,6,282,1,295,197,0,197,492
11/13/2013,MLB,FL,ASO,ES,Federal Contract Tower,11,7,12,0,30,0,2,15,0,17,11,9,27,0,47,0,0,0,47
11/14/2013,MLB,FL,ASO,ES,Federal Contract Tower,7,12,152,0,171,0,2,176,0,178,7,14,328,0,349,180,0,180,529
11/15/2013,MLB,FL,ASO,ES,Federal Contract Tower,9,9,132,11,161,0,4,208,0,212,9,13,340,11,373,276,0,276,649
11/16/2013,MLB,FL,ASO,ES,Federal Contract Tower,6,6,115,0,127,0,4,124,0,128,6,10,239,0,255,209,0,209,464
11/17/2013,MLB,FL,ASO,ES,Federal Contract Tower,9,4,85,0,98,0,8,151,0,159,9,12,236,0,257,72,0,72,329
11/18/2013,MLB,FL,ASO,ES,Federal Contract Tower,9,8,79,8,104,0,4,188,0,192,9,12,267,8,296,235,0,235,531
11/19/2013,MLB,FL,ASO,ES,Federal Contract Tower,9,7,123,0,139,0,3,104,0,107,9,10,227,0,246,97,0,97,343
11/20/2013,MLB,FL,ASO,ES,Federal Contract Tower,8,7,94,0,109,0,0,51,0,51,8,7,145,0,160,56,0,56,216
11/21/2013,MLB,FL,ASO,ES,Federal Contract Tower,7,7,110,0,124,0,0,57,0,57,7,7,167,0,181,56,0,56,237
11/22/2013,MLB,FL,ASO,ES,Federal Contract Tower,8,6,199,0,213,0,5,170,0,175,8,11,369,0,388,177,0,177,565
11/23/2013,MLB,FL,ASO,ES,Federal Contract Tower,7,8,136,0,151,0,2,236,0,238,7,10,372,0,389,144,0,144,533
11/24/2013,MLB,FL,ASO,ES,Federal Contract Tower,6,10,22,0,38,0,5,11,0,16,6,15,33,0,54,12,0,12,66
11/25/2013,MLB,FL,ASO,ES,Federal Contract Tower,8,6,95,1,110,0,8,77,0,85,8,14,172,1,195,86,0,86,281
11/26/2013,MLB,FL,ASO,ES,Federal Contract Tower,7,6,79,0,92,0,0,29,0,29,7,6,108,0,121,39,0,39,160
11/27/2013,MLB,FL,ASO,ES,Federal Contract Tower,9,5,55,0,69,0,5,75,0,80,9,10,130,0,149,26,0,26,175
11/28/2013,MLB,FL,ASO,ES,Federal Contract Tower,7,5,4,0,16,0,1,18,0,19,7,6,22,0,35,0,0,0,35
11/29/2013,MLB,FL,ASO,ES,Federal Contract Tower,5,6,65,0,76,0,6,121,0,127,5,12,186,0,203,122,0,122,325
11/30/2013,MLB,FL,ASO,ES,Federal Contract Tower,8,10,90,0,108,0,3,68,0,71,8,13,158,0,179,52,0,52,231
12/01/2013,MLB,FL,ASO,ES,Federal Contract Tower,9,9,67,0,85,0,2,14,0,16,9,11,81,0,101,24,0,24,125
12/02/2013,MLB,FL,ASO,ES,Federal Contract Tower,8,14,84,0,106,0,5,165,0,170,8,19,249,0,276,123,0,123,399
12/03/2013,MLB,FL,ASO,ES,Federal Contract Tower,7,3,107,0,117,0,3,207,0,210,7,6,314,0,327,123,0,123,450
12/04/2013,MLB,FL,ASO,ES,Federal Contract Tower,7,6,95,0,108,0,4,238,0,242,7,10,333,0,350,164,0,164,514
12/05/2013,MLB,FL,ASO,ES,Federal Contract Tower,5,5,125,0,135,0,4,208,0,212,5,9,333,0,347,160,0,160,507
12/06/2013,MLB,FL,ASO,ES,Federal Contract Tower,8,10,163,5,186,0,4,180,0,184,8,14,343,5,370,158,0,158,528
12/07/2013,MLB,FL,ASO,ES,Federal Contract Tower,6,6,115,1,128,0,4,188,0,192,6,10,303,1,320,137,0,137,457
12/08/2013,MLB,FL,ASO,ES,Federal Contract Tower,8,9,67,1,85,0,4,92,0,96,8,13,159,1,181,97,0,97,278
12/09/2013,MLB,FL,ASO,ES,Federal Contract Tower,7,8,147,2,164,0,3,144,4,151,7,11,291,6,315,172,0,172,487
12/10/2013,MLB,FL,ASO,ES,Federal Contract Tower,7,3,119,0,129,0,3,161,0,164,7,6,280,0,293,129,0,129,422
12/11/2013,MLB,FL,ASO,ES,Federal Contract Tower,7,8,150,0,165,0,6,152,0,158,7,14,302,0,323,116,0,116,439
12/12/2013,MLB,FL,ASO,ES,Federal Contract Tower,9,11,40,2,62,0,4,34,0,38,9,15,74,2,100,22,0,22,122
12/13/2013,MLB,FL,ASO,ES,Federal Contract Tower,9,4,191,1,205,0,3,174,0,177,9,7,365,1,382,119,0,119,501
12/14/2013,MLB,FL,ASO,ES,Federal Contract Tower,6,10,136,0,152,0,2,92,0,94,6,12,228,0,246,52,0,52,298
12/15/2013,MLB,FL,ASO,ES,Federal Contract Tower,8,7,70,0,85,0,2,34,0,36,8,9,104,0,121,29,0,29,150
12/16/2013,MLB,FL,ASO,ES,Federal Contract Tower,8,11,137,0,156,0,5,207,0,212,8,16,344,0,368,135,0,135,503
12/17/2013,MLB,FL,ASO,ES,Federal Contract Tower,8,3,109,0,120,0,3,145,0,148,8,6,254,0,268,169,0,169,437
12/18/2013,MLB,FL,ASO,ES,Federal Contract Tower,7,7,105,0,119,0,1,162,0,163,7,8,267,0,282,188,0,188,470
12/19/2013,MLB,FL,ASO,ES,Federal Contract Tower,10,9,105,0,124,0,3,178,0,181,10,12,283,0,305,202,0,202,507
12/20/2013,MLB,FL,ASO,ES,Federal Contract Tower,9,7,130,0,146,0,2,119,0,121,9,9,249,0,267,141,0,141,408
12/21/2013,MLB,FL,ASO,ES,Federal Contract Tower,9,9,79,0,97,0,1,104,0,105,9,10,183,0,202,120,0,120,322
12/22/2013,MLB,FL,ASO,ES,Federal Contract Tower,8,9,58,0,75,0,5,64,0,69,8,14,122,0,144,45,0,45,189
12/23/2013,MLB,FL,ASO,ES,Federal Contract Tower,5,13,69,0,87,0,5,66,0,71,5,18,135,0,158,52,0,52,210
12/24/2013,MLB,FL,ASO,ES,Federal Contract Tower,6,5,13,0,24,0,0,15,0,15,6,5,28,0,39,8,0,8,47
12/25/2013,MLB,FL,ASO,ES,Federal Contract Tower,3,8,8,0,19,0,2,20,0,22,3,10,28,0,41,0,0,0,41
12/26/2013,MLB,FL,ASO,ES,Federal Contract Tower,10,10,49,0,69,0,4,76,0,80,10,14,125,0,149,8,0,8,157
12/27/2013,MLB,FL,ASO,ES,Federal Contract Tower,9,11,61,0,81,0,0,56,0,56,9,11,117,0,137,58,0,58,195
12/28/2013,MLB,FL,ASO,ES,Federal Contract Tower,8,8,61,0,77,0,3,48,0,51,8,11,109,0,128,6,0,6,134
12/29/2013,MLB,FL,ASO,ES,Federal Contract Tower,8,8,40,0,56,0,0,6,0,6,8,8,46,0,62,0,0,0,62
12/30/2013,MLB,FL,ASO,ES,Federal Contract Tower,7,6,89,2,104,0,0,10,0,10,7,6,99,2,114,20,0,20,134
12/31/2013,MLB,FL,ASO,ES,Federal Contract Tower,7,6,40,0,53,0,5,70,0,75,7,11,110,0,128,54,0,54,182
01/01/2014,MLB,FL,ASO,ES,Federal Contract Tower,5,7,24,0,36,0,0,1,0,1,5,7,25,0,37,0,0,0,37
01/02/2014,MLB,FL,ASO,ES,Federal Contract Tower,7,8,44,0,59,0,5,26,0,31,7,13,70,0,90,4,0,4,94
01/03/2014,MLB,FL,ASO,ES,Federal Contract Tower,9,5,32,0,46,0,2,31,0,33,9,7,63,0,79,7,0,7,86
01/04/2014,MLB,FL,ASO,ES,Federal Contract Tower,8,9,90,0,107,0,7,80,0,87,8,16,170,0,194,51,0,51,245
01/05/2014,MLB,FL,ASO,ES,Federal Contract Tower,9,7,51,0,67,0,6,40,0,46,9,13,91,0,113,48,5,53,166
01/06/2014,MLB,FL,ASO,ES,Federal Contract Tower,7,9,76,0,92,0,3,41,0,44,7,12,117,0,136,40,0,40,176
01/07/2014,MLB,FL,ASO,ES,Federal Contract Tower,8,4,32,0,44,0,0,27,0,27,8,4,59,0,71,18,0,18,89
01/08/2014,MLB,FL,ASO,ES,Federal Contract Tower,7,9,130,0,146,0,3,123,0,126,7,12,253,0,272,140,0,140,412
01/09/2014,MLB,FL,ASO,ES,Federal Contract Tower,9,6,106,0,121,0,0,43,0,43,9,6,149,0,164,94,0,94,258
01/10/2014,MLB,FL,ASO,ES,Federal Contract Tower,10,7,148,4,169,0,1,76,0,77,10,8,224,4,246,90,0,90,336
01/11/2014,MLB,FL,ASO,ES,Federal Contract Tower,6,6,50,0,62,0,2,39,0,41,6,8,89,0,103,22,0,22,125
01/12/2014,MLB,FL,ASO,ES,Federal Contract Tower,8,10,84,0,102,0,2,175,0,177,8,12,259,0,279,98,0,98,377
01/13/2014,MLB,FL,ASO,ES,Federal Contract Tower,7,5,126,0,138,0,6,218,0,224,7,11,344,0,362,134,0,134,496
01/14/2014,MLB,FL,ASO,ES,Federal Contract Tower,8,8,144,0,160,0,1,112,0,113,8,9,256,0,273,137,2,139,412
01/15/2014,MLB,FL,ASO,ES,Federal Contract Tower,7,9,147,0,163,0,4,139,0,143,7,13,286,0,306,150,0,150,456
01/16/2014,MLB,FL,ASO,ES,Federal Contract Tower,7,6,114,0,127,0,8,124,0,132,7,14,238,0,259,114,0,114,373
01/17/2014,MLB,FL,ASO,ES,Federal Contract Tower,9,6,102,9,126,0,0,189,0,189,9,6,291,9,315,158,0,158,473
01/18/2014,MLB,FL,ASO,ES,Federal Contract Tower,7,6,70,28,111,0,3,194,0,197,7,9,264,28,308,97,0,97,405
01/19/2014,MLB,FL,ASO,ES,Federal Contract Tower,7,13,53,1,74,0,6,107,0,113,7,19,160,1,187,39,0,39,226
01/20/2014,MLB,FL,ASO,ES,Federal Contract Tower,7,5,113,0,125,0,1,186,0,187,7,6,299,0,312,124,0,124,436
01/21/2014,MLB,FL,ASO,ES,Federal Contract Tower,8,5,49,1,63,0,0,105,0,105,8,5,154,1,168,76,0,76,244
01/22/2014,MLB,FL,ASO,ES,Federal Contract Tower,6,4,97,1,108,0,2,180,0,182,6,6,277,1,290,162,0,162,452
01/23/2014,MLB,FL,ASO,ES,Federal Contract Tower,9,4,91,0,104,0,0,138,0,138,9,4,229,0,242,240,0,240,482
01/24/2014,MLB,FL,ASO,ES,Federal Contract Tower,10,4,75,0,89,0,3,100,0,103,10,7,175,0,192,93,0,93,285
01/25/2014,MLB,FL,ASO,ES,Federal Contract Tower,6,8,52,0,66,0,5,202,0,207,6,13,254,0,273,114,0,114,387
01/26/2014,MLB,FL,ASO,ES,Federal Contract Tower,8,5,46,0,59,0,2,75,0,77,8,7,121,0,136,111,0,111,247
01/27/2014,MLB,FL,ASO,ES,Federal Contract Tower,8,7,145,0,160,0,7,157,0,164,8,14,302,0,324,179,2,181,505
01/28/2014,MLB,FL,ASO,ES,Federal Contract Tower,5,7,128,2,142,0,3,150,0,153,5,10,278,2,295,121,0,121,416
01/29/2014,MLB,FL,ASO,ES,Federal Contract Tower,3,8,88,0,99,0,0,0,0,0,3,8,88,0,99,0,0,0,99
01/30/2014,MLB,FL,ASO,ES,Federal Contract Tower,9,6,46,0,61,0,0,0,0,0,9,6,46,0,61,0,0,0,61
01/31/2014,MLB,FL,ASO,ES,Federal Contract Tower,4,10,15,0,29,0,0,0,0,0,4,10,15,0,29,0,0,0,29
02/01/2014,MLB,FL,ASO,ES,Federal Contract Tower,4,10,111,0,125,0,1,98,0,99,4,11,209,0,224,100,0,100,324
02/02/2014,MLB,FL,ASO,ES,Federal Contract Tower,5,7,59,0,71,0,5,78,0,83,5,12,137,0,154,57,0,57,211
02/03/2014,MLB,FL,ASO,ES,Federal Contract Tower,8,5,133,0,146,0,3,228,0,231,8,8,361,0,377,167,0,167,544
02/04/2014,MLB,FL,ASO,ES,Federal Contract Tower,8,4,138,0,150,0,6,150,0,156,8,10,288,0,306,197,0,197,503
02/05/2014,MLB,FL,ASO,ES,Federal Contract Tower,8,5,117,1,131,0,0,143,0,143,8,5,260,1,274,130,0,130,404
02/06/2014,MLB,FL,ASO,ES,Federal Contract Tower,6,8,148,0,162,0,6,37,0,43,6,14,185,0,205,18,0,18,223
02/07/2014,MLB,FL,ASO,ES,Federal Contract Tower,8,11,137,0,156,0,2,35,0,37,8,13,172,0,193,0,0,0,193
02/08/2014,MLB,FL,ASO,ES,Federal Contract Tower,5,7,86,0,98,0,0,4,0,4,5,7,90,0,102,2,0,2,104
02/09/2014,MLB,FL,ASO,ES,Federal Contract Tower,7,7,74,0,88,0,2,218,0,220,7,9,292,0,308,233,0,233,541
02/10/2014,MLB,FL,ASO,ES,Federal Contract Tower,7,12,136,0,155,0,3,321,0,324,7,15,457,0,479,333,0,333,812
02/11/2014,MLB,FL,ASO,ES,Federal Contract Tower,7,10,123,0,140,0,3,255,0,258,7,13,378,0,398,324,0,324,722
02/12/2014,MLB,FL,ASO,ES,Federal Contract Tower,1,0,108,0,109,0,2,130,0,132,1,2,238,0,241,176,0,176,417
02/13/2014,MLB,FL,ASO,ES,Federal Contract Tower,5,3,125,0,133,0,0,115,0,115,5,3,240,0,248,118,0,118,366
02/14/2014,MLB,FL,ASO,ES,Federal Contract Tower,8,9,139,0,156,0,0,298,0,298,8,9,437,0,454,331,0,331,785
02/15/2014,MLB,FL,ASO,ES,Federal Contract Tower,4,9,98,0,111,0,2,174,0,176,4,11,272,0,287,130,0,130,417
02/16/2014,MLB,FL,ASO,ES,Federal Contract Tower,9,5,87,0,101,0,3,315,0,318,9,8,402,0,419,256,0,256,675
02/17/2014,MLB,FL,ASO,ES,Federal Contract Tower,8,8,103,0,119,0,6,296,0,302,8,14,399,0,421,375,0,375,796
02/18/2014,MLB,FL,ASO,ES,Federal Contract Tower,8,11,75,0,94,0,2,213,0,215,8,13,288,0,309,223,0,223,532
02/19/2014,MLB,FL,ASO,ES,Federal Contract Tower,7,10,114,0,131,0,4,233,1,238,7,14,347,1,369,215,0,215,584
02/20/2014,MLB,FL,ASO,ES,Federal Contract Tower,9,9,106,2,126,0,2,173,0,175,9,11,279,2,301,234,0,234,535
02/21/2014,MLB,FL,ASO,ES,Federal Contract Tower,10,5,56,0,71,0,1,98,1,100,10,6,154,1,171,72,0,72,243
02/22/2014,MLB,FL,ASO,ES,Federal Contract Tower,5,10,59,0,74,0,0,21,0,21,5,10,80,0,95,23,0,23,118
02/23/2014,MLB,FL,ASO,ES,Federal Contract Tower,8,9,39,1,57,0,3,126,0,129,8,12,165,1,186,123,0,123,309
02/24/2014,MLB,FL,ASO,ES,Federal Contract Tower,8,6,121,0,135,0,4,151,0,155,8,10,272,0,290,195,0,195,485
02/25/2014,MLB,FL,ASO,ES,Federal Contract Tower,9,9,92,3,113,0,1,194,0,195,9,10,286,3,308,314,0,314,622
02/26/2014,MLB,FL,ASO,ES,Federal Contract Tower,7,10,76,1,94,0,3,127,0,130,7,13,203,1,224,199,0,199,423
02/27/2014,MLB,FL,ASO,ES,Federal Contract Tower,10,21,94,0,125,0,5,24,0,29,10,26,118,0,154,20,0,20,174
02/28/2014,MLB,FL,ASO,ES,Federal Contract Tower,8,12,96,1,117,0,6,222,0,228,8,18,318,1,345,226,16,242,587
03/01/2014,MLB,FL,ASO,ES,Federal Contract Tower,7,4,52,0,63,0,4,151,0,155,7,8,203,0,218,189,0,189,407
03/02/2014,MLB,FL,ASO,ES,Federal Contract Tower,7,8,57,0,72,0,1,211,0,212,7,9,268,0,284,149,0,149,433
03/03/2014,MLB,FL,ASO,ES,Federal Contract Tower,10,8,83,2,103,0,1,194,0,195,10,9,277,2,298,323,0,323,621
03/04/2014,MLB,FL,ASO,ES,Federal Contract Tower,6,11,100,0,117,0,3,154,0,157,6,14,254,0,274,256,0,256,530
03/05/2014,MLB,FL,ASO,ES,Federal Contract Tower,8,9,101,0,118,0,0,54,0,54,8,9,155,0,172,100,0,100,272
03/06/2014,MLB,FL,ASO,ES,Federal Contract Tower,8,12,70,0,90,0,3,71,0,74,8,15,141,0,164,219,0,219,383
03/07/2014,MLB,FL,ASO,ES,Federal Contract Tower,9,6,114,2,131,0,4,143,0,147,9,10,257,2,278,98,0,98,376
03/08/2014,MLB,FL,ASO,ES,Federal Contract Tower,10,5,100,2,117,0,4,236,0,240,10,9,336,2,357,160,0,160,517
03/09/2014,MLB,FL,ASO,ES,Federal Contract Tower,7,10,42,0,59,0,8,216,0,224,7,18,258,0,283,150,0,150,433
03/10/2014,MLB,FL,ASO,ES,Federal Contract Tower,7,5,122,1,135,0,2,255,1,258,7,7,377,2,393,268,0,268,661
03/11/2014,MLB,FL,ASO,ES,Federal Contract Tower,8,13,128,4,153,0,3,200,0,203,8,16,328,4,356,309,0,309,665
03/12/2014,MLB,FL,ASO,ES,Federal Contract Tower,6,6,64,0,76,0,6,135,0,141,6,12,199,0,217,124,0,124,341
03/13/2014,MLB,FL,ASO,ES,Federal Contract Tower,7,13,82,0,102,0,4,133,0,137,7,17,215,0,239,80,0,80,319
03/14/2014,MLB,FL,ASO,ES,Federal Contract Tower,8,12,113,0,133,0,7,274,0,281,8,19,387,0,414,180,0,180,594
03/15/2014,MLB,FL,ASO,ES,Federal Contract Tower,9,5,80,0,94,0,0,222,0,222,9,5,302,0,316,252,0,252,568
03/16/2014,MLB,FL,ASO,ES,Federal Contract Tower,8,13,29,0,50,0,6,81,0,87,8,19,110,0,137,6,0,6,143
03/17/2014,MLB,FL,ASO,ES,Federal Contract Tower,4,6,25,0,35,0,2,17,0,19,4,8,42,0,54,16,0,16,70
03/18/2014,MLB,FL,ASO,ES,Federal Contract Tower,9,4,102,0,115,0,8,98,0,106,9,12,200,0,221,140,0,140,361
03/19/2014,MLB,FL,ASO,ES,Federal Contract Tower,9,13,139,0,161,0,5,281,0,286,9,18,420,0,447,261,0,261,708
03/20/2014,MLB,FL,ASO,ES,Federal Contract Tower,14,19,95,2,130,0,0,260,0,260,14,19,355,2,390,335,0,335,725
03/21/2014,MLB,FL,ASO,ES,Federal Contract Tower,8,9,114,0,131,0,2,266,3,271,8,11,380,3,402,217,0,217,619
03/22/2014,MLB,FL,ASO,ES,Federal Contract Tower,6,8,62,0,76,0,3,129,0,132,6,11,191,0,208,190,0,190,398
03/23/2014,MLB,FL,ASO,ES,Federal Contract Tower,8,11,43,0,62,0,11,151,1,163,8,22,194,1,225,105,0,105,330
03/24/2014,MLB,FL,ASO,ES,Federal Contract Tower,7,7,63,0,77,0,4,116,1,121,7,11,179,1,198,118,0,118,316
03/25/2014,MLB,FL,ASO,ES,Federal Contract Tower,9,6,63,0,78,0,4,74,0,78,9,10,137,0,156,82,0,82,238
03/26/2014,MLB,FL,ASO,ES,Federal Contract Tower,9,10,116,1,136,0,10,179,3,192,9,20,295,4,328,106,0,106,434
03/27/2014,MLB,FL,ASO,ES,Federal Contract Tower,10,9,96,2,117,0,5,198,0,203,10,14,294,2,320,313,0,313,633
03/28/2014,MLB,FL,ASO,ES,Federal Contract Tower,8,12,69,0,89,0,4,112,0,116,8,16,181,0,205,169,0,169,374
03/29/2014,MLB,FL,ASO,ES,Federal Contract Tower,13,10,30,0,53,0,0,14,0,14,13,10,44,0,67,2,0,2,69
03/30/2014,MLB,FL,ASO,ES,Federal Contract Tower,8,8,58,0,74,0,2,132,0,134,8,10,190,0,208,104,0,104,312
03/31/2014,MLB,FL,ASO,ES,Federal Contract Tower,8,9,144,0,161,0,1,253,0,254,8,10,397,0,415,339,0,339,754
04/01/2014,MLB,FL,ASO,ES,Federal Contract Tower,17,6,91,0,114,0,6,277,0,283,17,12,368,0,397,288,0,288,685
04/02/2014,MLB,FL,ASO,ES,Federal Contract Tower,7,7,128,1,143,0,5,248,0,253,7,12,376,1,396,269,0,269,665
04/03/2014,MLB,FL,ASO,ES,Federal Contract Tower,7,6,82,0,95,0,4,241,1,246,7,10,323,1,341,211,0,211,552
04/04/2014,MLB,FL,ASO,ES,Federal Contract Tower,7,4,90,1,102,0,2,337,0,339,7,6,427,1,441,194,0,194,635
04/05/2014,MLB,FL,ASO,ES,Federal Contract Tower,6,6,53,2,67,0,3,181,0,184,6,9,234,2,251,171,0,171,422
04/06/2014,MLB,FL,ASO,ES,Federal Contract Tower,7,4,44,1,56,0,1,92,0,93,7,5,136,1,149,103,0,103,252
04/07/2014,MLB,FL,ASO,ES,Federal Contract Tower,8,9,32,0,49,0,1,88,0,89,8,10,120,0,138,72,0,72,210
04/08/2014,MLB,FL,ASO,ES,Federal Contract Tower,9,5,28,0,42,0,1,5,9,15,9,6,33,9,57,4,0,4,61
04/09/2014,MLB,FL,ASO,ES,Federal Contract Tower,9,6,84,0,99,0,8,228,0,236,9,14,312,0,335,268,0,268,603
04/10/2014,MLB,FL,ASO,ES,Federal Contract Tower,8,10,96,0,114,0,0,237,0,237,8,10,333,0,351,312,0,312,663
04/11/2014,MLB,FL,ASO,ES,Federal Contract Tower,8,13,117,0,138,0,2,205,0,207,8,15,322,0,345,155,0,155,500
04/12/2014,MLB,FL,ASO,ES,Federal Contract Tower,4,5,88,13,110,0,7,211,0,218,4,12,299,13,328,197,0,197,525
04/13/2014,MLB,FL,ASO,ES,Federal Contract Tower,7,5,36,0,48,0,4,97,0,101,7,9,133,0,149,82,0,82,231
04/14/2014,MLB,FL,ASO,ES,Federal Contract Tower,8,9,92,0,109,0,5,172,2,179,8,14,264,2,288,174,0,174,462
04/15/2014,MLB,FL,ASO,ES,Federal Contract Tower,9,8,32,0,49,0,4,53,0,57,9,12,85,0,106,83,0,83,189
04/16/2014,MLB,FL,ASO,ES,Federal Contract Tower,7,14,92,0,113,0,3,84,0,87,7,17,176,0,200,92,0,92,292
04/17/2014,MLB,FL,ASO,ES,Federal Contract Tower,9,6,105,0,120,0,6,39,0,45,9,12,144,0,165,56,0,56,221
04/18/2014,MLB,FL,ASO,ES,Federal Contract Tower,9,5,60,0,74,0,2,20,0,22,9,7,80,0,96,39,0,39,135
04/19/2014,MLB,FL,ASO,ES,Federal Contract Tower,6,6,64,0,76,0,5,67,0,72,6,11,131,0,148,66,0,66,214
04/20/2014,MLB,FL,ASO,ES,Federal Contract Tower,10,6,38,0,54,0,0,12,0,12,10,6,50,0,66,44,0,44,110
04/21/2014,MLB,FL,ASO,ES,Federal Contract Tower,8,8,99,3,118,0,6,153,0,159,8,14,252,3,277,93,0,93,370
04/22/2014,MLB,FL,ASO,ES,Federal Contract Tower,10,4,63,0,77,0,2,219,0,221,10,6,282,0,298,289,0,289,587
04/23/2014,MLB,FL,ASO,ES,Federal Contract Tower,9,4,105,0,118,0,7,216,0,223,9,11,321,0,341,208,0,208,549
04/24/2014,MLB,FL,ASO,ES,Federal Contract Tower,8,13,81,0,102,0,5,188,2,195,8,18,269,2,297,179,0,179,476
04/25/2014,MLB,FL,ASO,ES,Federal Contract Tower,7,13,110,0,130,0,3,255,0,258,7,16,365,0,388,237,0,237,625
04/26/2014,MLB,FL,ASO,ES,Federal Contract Tower,8,4,81,2,95,0,2,180,0,182,8,6,261,2,277,207,0,207,484
04/27/2014,MLB,FL,ASO,ES,Federal Contract Tower,8,8,56,0,72,0,7,112,0,119,8,15,168,0,191,73,0,73,264
04/28/2014,MLB,FL,ASO,ES,Federal Contract Tower,8,9,128,0,145,0,2,248,0,250,8,11,376,0,395,164,0,164,559
04/29/2014,MLB,FL,ASO,ES,Federal Contract Tower,9,8,75,0,92,0,3,126,0,129,9,11,201,0,221,85,0,85,306
04/30/2014,MLB,FL,ASO,ES,Federal Contract Tower,9,5,52,0,66,0,4,130,0,134,9,9,182,0,200,124,0,124,324
05/01/2014,MLB,FL,ASO,ES,Federal Contract Tower,9,12,124,0,145,0,3,185,4,192,9,15,309,4,337,132,0,132,469
05/02/2014,MLB,FL,ASO,ES,Federal Contract Tower,8,10,65,0,83,0,3,92,0,95,8,13,157,0,178,58,0,58,236
05/03/2014,MLB,FL,ASO,ES,Federal Contract Tower,9,8,59,0,76,0,0,35,0,35,9,8,94,0,111,36,0,36,147
05/04/2014,MLB,FL,ASO,ES,Federal Contract Tower,8,11,64,2,85,0,0,156,0,156,8,11,220,2,241,68,0,68,309
05/05/2014,MLB,FL,ASO,ES,Federal Contract Tower,7,5,149,0,161,0,1,307,0,308,7,6,456,0,469,237,0,237,706
05/06/2014,MLB,FL,ASO,ES,Federal Contract Tower,9,10,125,0,144,0,3,242,0,245,9,13,367,0,389,265,0,265,654
05/07/2014,MLB,FL,ASO,ES,Federal Contract Tower,7,20,162,0,189,0,4,197,0,201,7,24,359,0,390,222,0,222,612
05/08/2014,MLB,FL,ASO,ES,Federal Contract Tower,12,8,94,4,118,0,2,236,0,238,12,10,330,4,356,179,0,179,535
05/09/2014,MLB,FL,ASO,ES,Federal Contract Tower,8,11,107,0,126,0,4,220,1,225,8,15,327,1,351,123,0,123,474
05/10/2014,MLB,FL,ASO,ES,Federal Contract Tower,6,6,56,7,75,0,3,148,0,151,6,9,204,7,226,33,0,33,259
05/11/2014,MLB,FL,ASO,ES,Federal Contract Tower,11,9,48,2,70,0,4,95,0,99,11,13,143,2,169,43,0,43,212
05/12/2014,MLB,FL,ASO,ES,Federal Contract Tower,8,7,71,0,86,0,4,197,0,201,8,11,268,0,287,125,0,125,412
05/13/2014,MLB,FL,ASO,ES,Federal Contract Tower,10,7,114,0,131,0,4,154,1,159,10,11,268,1,290,156,5,161,451
05/14/2014,MLB,FL,ASO,ES,Federal Contract Tower,7,11,78,0,96,0,6,107,0,113,7,17,185,0,209,85,0,85,294
05/15/2014,MLB,FL,ASO,ES,Federal Contract Tower,8,5,80,1,94,0,0,47,0,47,8,5,127,1,141,62,0,62,203
05/16/2014,MLB,FL,ASO,ES,Federal Contract Tower,8,12,115,2,137,0,3,127,0,130,8,15,242,2,267,121,0,121,388
05/17/2014,MLB,FL,ASO,ES,Federal Contract Tower,6,6,75,0,87,0,5,153,0,158,6,11,228,0,245,73,0,73,318
05/18/2014,MLB,FL,ASO,ES,Federal Contract Tower,10,5,48,8,71,0,6,116,0,122,10,11,164,8,193,94,0,94,287
05/19/2014,MLB,FL,ASO,ES,Federal Contract Tower,8,10,90,1,109,0,8,184,0,192,8,18,274,1,301,210,0,210,511
05/20/2014,MLB,FL,ASO,ES,Federal Contract Tower,8,10,47,7,72,0,3,179,1,183,8,13,226,8,255,160,0,160,415
05/21/2014,MLB,FL,ASO,ES,Federal Contract Tower,8,9,109,4,130,0,6,172,0,178,8,15,281,4,308,290,0,290,598
05/22/2014,MLB,FL,ASO,ES,Federal Contract Tower,9,7,112,0,128,0,1,158,3,162,9,8,270,3,290,130,0,130,420
05/23/2014,MLB,FL,ASO,ES,Federal Contract Tower,11,11,120,0,142,0,4,198,0,202,11,15,318,0,344,197,0,197,541
05/24/2014,MLB,FL,ASO,ES,Federal Contract Tower,5,4,117,1,127,0,4,176,1,181,5,8,293,2,308,87,0,87,395
05/25/2014,MLB,FL,ASO,ES,Federal Contract Tower,5,6,40,0,51,0,6,74,0,80,5,12,114,0,131,105,0,105,236
05/26/2014,MLB,FL,ASO,ES,Federal Contract Tower,5,4,57,0,66,0,2,86,0,88,5,6,143,0,154,60,0,60,214
05/27/2014,MLB,FL,ASO,ES,Federal Contract Tower,8,10,133,0,151,0,1,116,0,117,8,11,249,0,268,79,0,79,347
05/28/2014,MLB,FL,ASO,ES,Federal Contract Tower,8,6,67,0,81,0,5,162,2,169,8,11,229,2,250,130,0,130,380
05/29/2014,MLB,FL,ASO,ES,Federal Contract Tower,7,8,51,2,68,0,2,42,0,44,7,10,93,2,112,46,6,52,164
05/30/2014,MLB,FL,ASO,ES,Federal Contract Tower,8,9,55,0,72,0,3,69,0,72,8,12,124,0,144,140,0,140,284
05/31/2014,MLB,FL,ASO,ES,Federal Contract Tower,5,5,45,0,55,0,4,64,0,68,5,9,109,0,123,49,0,49,172
06/01/2014,MLB,FL,ASO,ES,Federal Contract Tower,8,6,31,0,45,0,8,18,0,26,8,14,49,0,71,12,0,12,83
06/02/2014,MLB,FL,ASO,ES,Federal Contract Tower,8,11,192,0,211,0,4,144,1,149,8,15,336,1,360,91,0,91,451
06/03/2014,MLB,FL,ASO,ES,Federal Contract Tower,9,10,81,0,100,0,3,157,0,160,9,13,238,0,260,184,0,184,444
06/04/2014,MLB,FL,ASO,ES,Federal Contract Tower,8,4,101,0,113,0,3,183,0,186,8,7,284,0,299,197,0,197,496
06/05/2014,MLB,FL,ASO,ES,Federal Contract Tower,7,9,108,1,125,0,2,163,1,166,7,11,271,2,291,182,0,182,473
06/06/2014,MLB,FL,ASO,ES,Federal Contract Tower,8,9,70,1,88,0,3,221,0,224,8,12,291,1,312,177,0,177,489
06/07/2014,MLB,FL,ASO,ES,Federal Contract Tower,5,6,58,1,70,0,2,101,0,103,5,8,159,1,173,39,0,39,212
06/08/2014,MLB,FL,ASO,ES,Federal Contract Tower,9,5,32,0,46,0,7,62,0,69,9,12,94,0,115,56,0,56,171
06/09/2014,MLB,FL,ASO,ES,Federal Contract Tower,8,9,94,0,111,0,10,122,0,132,8,19,216,0,243,165,0,165,408
06/10/2014,MLB,FL,ASO,ES,Federal Contract Tower,7,7,61,0,75,0,4,118,0,122,7,11,179,0,197,117,0,117,314
06/11/2014,MLB,FL,ASO,ES,Federal Contract Tower,9,11,60,0,80,0,2,67,0,69,9,13,127,0,149,108,0,108,257
06/12/2014,MLB,FL,ASO,ES,Federal Contract Tower,7,9,100,0,116,0,2,110,0,112,7,11,210,0,228,80,0,80,308
06/13/2014,MLB,FL,ASO,ES,Federal Contract Tower,9,10,69,0,88,0,4,124,0,128,9,14,193,0,216,122,0,122,338
06/14/2014,MLB,FL,ASO,ES,Federal Contract Tower,6,8,30,0,44,0,2,86,0,88,6,10,116,0,132,75,0,75,207
06/15/2014,MLB,FL,ASO,ES,Federal Contract Tower,8,6,36,0,50,0,1,55,0,56,8,7,91,0,106,66,0,66,172
06/16/2014,MLB,FL,ASO,ES,Federal Contract Tower,8,11,83,1,103,0,2,178,1,181,8,13,261,2,284,224,0,224,508
06/17/2014,MLB,FL,ASO,ES,Federal Contract Tower,7,8,66,0,81,0,8,108,0,116,7,16,174,0,197,284,0,284,481
06/18/2014,MLB,FL,ASO,ES,Federal Contract Tower,8,8,76,0,92,0,3,91,0,94,8,11,167,0,186,164,0,164,350
06/19/2014,MLB,FL,ASO,ES,Federal Contract Tower,7,6,117,0,130,0,3,124,0,127,7,9,241,0,257,144,0,144,401
06/20/2014,MLB,FL,ASO,ES,Federal Contract Tower,8,7,38,0,53,0,8,111,0,119,8,15,149,0,172,169,0,169,341
06/21/2014,MLB,FL,ASO,ES,Federal Contract Tower,6,7,65,0,78,0,2,102,0,104,6,9,167,0,182,89,0,89,271
06/22/2014,MLB,FL,ASO,ES,Federal Contract Tower,7,8,57,0,72,0,4,121,0,125,7,12,178,0,197,44,0,44,241
06/23/2014,MLB,FL,ASO,ES,Federal Contract Tower,8,9,46,0,63,0,4,162,0,166,8,13,208,0,229,86,0,86,315
06/24/2014,MLB,FL,ASO,ES,Federal Contract Tower,9,6,82,2,99,0,4,171,2,177,9,10,253,4,276,232,0,232,508
06/25/2014,MLB,FL,ASO,ES,Federal Contract Tower,9,11,24,0,44,0,2,211,0,213,9,13,235,0,257,258,0,258,515
06/26/2014,MLB,FL,ASO,ES,Federal Contract Tower,7,8,70,0,85,0,2,179,0,181,7,10,249,0,266,180,0,180,446
06/27/2014,MLB,FL,ASO,ES,Federal Contract Tower,7,11,69,0,87,0,4,174,0,178,7,15,243,0,265,117,0,117,382
06/28/2014,MLB,FL,ASO,ES,Federal Contract Tower,6,4,52,1,63,0,8,184,1,193,6,12,236,2,256,118,0,118,374
06/29/2014,MLB,FL,ASO,ES,Federal Contract Tower,8,7,13,0,28,0,0,96,0,96,8,7,109,0,124,41,0,41,165
06/30/2014,MLB,FL,ASO,ES,Federal Contract Tower,9,12,33,9,63,0,4,44,0,48,9,16,77,9,111,2,0,2,113
07/01/2014,MLB,FL,ASO,ES,Federal Contract Tower,8,8,39,0,55,0,2,36,0,38,8,10,75,0,93,27,0,27,120
07/02/2014,MLB,FL,ASO,ES,Federal Contract Tower,8,11,44,0,63,0,4,113,0,117,8,15,157,0,180,49,0,49,229
07/03/2014,MLB,FL,ASO,ES,Federal Contract Tower,11,5,52,0,68,0,1,185,0,186,11,6,237,0,254,98,0,98,352
07/04/2014,MLB,FL,ASO,ES,Federal Contract Tower,9,4,39,0,52,0,4,144,0,148,9,8,183,0,200,26,0,26,226
07/05/2014,MLB,FL,ASO,ES,Federal Contract Tower,6,5,28,1,40,0,2,122,0,124,6,7,150,1,164,86,0,86,250
07/06/2014,MLB,FL,ASO,ES,Federal Contract Tower,10,12,29,0,51,0,2,121,0,123,10,14,150,0,174,42,0,42,216
07/07/2014,MLB,FL,ASO,ES,Federal Contract Tower,8,9,59,0,76,0,1,146,0,147,8,10,205,0,223,133,0,133,356
07/08/2014,MLB,FL,ASO,ES,Federal Contract Tower,7,7,32,0,46,0,7,127,0,134,7,14,159,0,180,95,0,95,275
07/09/2014,MLB,FL,ASO,ES,Federal Contract Tower,9,7,36,0,52,0,3,156,0,159,9,10,192,0,211,136,0,136,347
07/10/2014,MLB,FL,ASO,ES,Federal Contract Tower,8,13,35,2,58,0,0,179,0,179,8,13,214,2,237,179,0,179,416
07/11/2014,MLB,FL,ASO,ES,Federal Contract Tower,10,8,73,0,91,0,8,172,0,180,10,16,245,0,271,1710,0,1710,1981
07/12/2014,MLB,FL,ASO,ES,Federal Contract Tower,5,3,65,0,73,0,2,163,0,165,5,5,228,0,238,128,0,128,366
07/13/2014,MLB,FL,ASO,ES,Federal Contract Tower,7,10,34,0,51,0,4,81,0,85,7,14,115,0,136,70,0,70,206
07/14/2014,MLB,FL,ASO,ES,Federal Contract Tower,9,6,62,0,77,0,6,161,0,167,9,12,223,0,244,101,0,101,345
07/15/2014,MLB,FL,ASO,ES,Federal Contract Tower,9,6,51,0,66,0,6,168,0,174,9,12,219,0,240,186,0,186,426
07/16/2014,MLB,FL,ASO,ES,Federal Contract Tower,8,12,50,0,70,0,0,135,0,135,8,12,185,0,205,170,0,170,375
07/17/2014,MLB,FL,ASO,ES,Federal Contract Tower,9,10,58,2,79,0,4,157,0,161,9,14,215,2,240,162,12,174,414
07/18/2014,MLB,FL,ASO,ES,Federal Contract Tower,9,7,80,1,97,0,2,168,0,170,9,9,248,1,267,141,0,141,408
07/19/2014,MLB,FL,ASO,ES,Federal Contract Tower,6,6,72,0,84,0,4,120,0,124,6,10,192,0,208,114,0,114,322
07/20/2014,MLB,FL,ASO,ES,Federal Contract Tower,8,8,34,1,51,0,5,80,1,86,8,13,114,2,137,22,0,22,159
07/21/2014,MLB,FL,ASO,ES,Federal Contract Tower,9,5,77,0,91,0,8,124,0,132,9,13,201,0,223,148,0,148,371
07/22/2014,MLB,FL,ASO,ES,Federal Contract Tower,6,8,55,0,69,0,5,113,0,118,6,13,168,0,187,164,0,164,351
07/23/2014,MLB,FL,ASO,ES,Federal Contract Tower,9,11,40,2,62,0,5,207,0,212,9,16,247,2,274,170,0,170,444
07/24/2014,MLB,FL,ASO,ES,Federal Contract Tower,6,7,47,0,60,0,0,163,0,163,6,7,210,0,223,118,0,118,341
07/25/2014,MLB,FL,ASO,ES,Federal Contract Tower,7,8,52,0,67,0,0,164,0,164,7,8,216,0,231,126,0,126,357
07/26/2014,MLB,FL,ASO,ES,Federal Contract Tower,6,4,34,0,44,0,2,155,0,157,6,6,189,0,201,91,0,91,292
07/27/2014,MLB,FL,ASO,ES,Federal Contract Tower,9,7,13,0,29,0,0,73,0,73,9,7,86,0,102,10,0,10,112
07/28/2014,MLB,FL,ASO,ES,Federal Contract Tower,6,11,58,0,75,0,11,154,0,165,6,22,212,0,240,107,0,107,347
07/29/2014,MLB,FL,ASO,ES,Federal Contract Tower,8,6,39,2,55,0,2,15,0,17,8,8,54,2,72,160,0,160,232
07/30/2014,MLB,FL,ASO,ES,Federal Contract Tower,8,6,76,0,90,0,2,208,0,210,8,8,284,0,300,190,0,190,490
07/31/2014,MLB,FL,ASO,ES,Federal Contract Tower,9,4,49,0,62,0,8,172,3,183,9,12,221,3,245,143,0,143,388
08/01/2014,MLB,FL,ASO,ES,Federal Contract Tower,8,4,39,0,51,0,3,77,0,80,8,7,116,0,131,105,0,105,236
08/02/2014,MLB,FL,ASO,ES,Federal Contract Tower,6,4,33,2,45,0,4,111,0,115,6,8,144,2,160,105,0,105,265
08/03/2014,MLB,FL,ASO,ES,Federal Contract Tower,10,5,28,0,43,0,0,54,0,54,10,5,82,0,97,38,0,38,135
08/04/2014,MLB,FL,ASO,ES,Federal Contract Tower,9,4,39,0,52,0,0,48,0,48,9,4,87,0,100,60,0,60,160
08/05/2014,MLB,FL,ASO,ES,Federal Contract Tower,8,9,56,0,73,0,8,67,0,75,8,17,123,0,148,87,0,87,235
08/06/2014,MLB,FL,ASO,ES,Federal Contract Tower,8,11,37,0,56,0,4,114,0,118,8,15,151,0,174,193,0,193,367
08/07/2014,MLB,FL,ASO,ES,Federal Contract Tower,10,9,73,0,92,0,2,128,0,130,10,11,201,0,222,148,0,148,370
08/08/2014,MLB,FL,ASO,ES,Federal Contract Tower,5,6,46,0,57,0,4,120,0,124,5,10,166,0,181,115,3,118,299
08/09/2014,MLB,FL,ASO,ES,Federal Contract Tower,4,3,41,0,48,0,3,86,0,89,4,6,127,0,137,77,0,77,214
08/10/2014,MLB,FL,ASO,ES,Federal Contract Tower,9,4,31,1,45,0,2,54,0,56,9,6,85,1,101,14,0,14,115
08/11/2014,MLB,FL,ASO,ES,Federal Contract Tower,8,5,66,1,80,0,3,116,0,119,8,8,182,1,199,82,0,82,281
08/12/2014,MLB,FL,ASO,ES,Federal Contract Tower,11,5,88,2,106,0,2,107,0,109,11,7,195,2,215,163,0,163,378
08/13/2014,MLB,FL,ASO,ES,Federal Contract Tower,10,5,77,1,93,0,3,118,0,121,10,8,195,1,214,124,0,124,338
08/14/2014,MLB,FL,ASO,ES,Federal Contract Tower,7,8,70,0,85,0,0,87,0,87,7,8,157,0,172,106,0,106,278
08/15/2014,MLB,FL,ASO,ES,Federal Contract Tower,7,17,19,0,43,0,2,62,2,66,7,19,81,2,109,38,0,38,147
08/16/2014,MLB,FL,ASO,ES,Federal Contract Tower,4,5,22,1,32,0,2,94,0,96,4,7,116,1,128,107,0,107,235
08/17/2014,MLB,FL,ASO,ES,Federal Contract Tower,6,6,26,0,38,0,2,82,0,84,6,8,108,0,122,51,0,51,173
08/18/2014,MLB,FL,ASO,ES,Federal Contract Tower,8,7,80,0,95,0,3,114,0,117,8,10,194,0,212,96,0,96,308
08/19/2014,MLB,FL,ASO,ES,Federal Contract Tower,8,8,54,0,70,0,7,138,0,145,8,15,192,0,215,127,0,127,342
08/20/2014,MLB,FL,ASO,ES,Federal Contract Tower,7,4,80,2,93,0,9,185,0,194,7,13,265,2,287,136,0,136,423
08/21/2014,MLB,FL,ASO,ES,Federal Contract Tower,9,11,61,1,82,0,6,125,0,131,9,17,186,1,213,110,0,110,323
08/22/2014,MLB,FL,ASO,ES,Federal Contract Tower,9,12,43,0,64,0,2,133,0,135,9,14,176,0,199,74,0,74,273
08/23/2014,MLB,FL,ASO,ES,Federal Contract Tower,5,4,26,0,35,0,2,118,0,120,5,6,144,0,155,98,0,98,253
08/24/2014,MLB,FL,ASO,ES,Federal Contract Tower,8,6,29,0,43,0,0,90,0,90,8,6,119,0,133,24,0,24,157
08/25/2014,MLB,FL,ASO,ES,Federal Contract Tower,9,9,63,1,82,0,3,58,0,61,9,12,121,1,143,104,0,104,247
08/26/2014,MLB,FL,ASO,ES,Federal Contract Tower,9,5,17,1,32,0,4,142,0,146,9,9,159,1,178,129,0,129,307
08/27/2014,MLB,FL,ASO,ES,Federal Contract Tower,10,12,56,0,78,0,3,173,0,176,10,15,229,0,254,137,0,137,391
08/28/2014,MLB,FL,ASO,ES,Federal Contract Tower,8,5,68,1,82,0,3,157,0,160,8,8,225,1,242,146,0,146,388
08/29/2014,MLB,FL,ASO,ES,Federal Contract Tower,11,6,53,0,70,0,3,100,0,103,11,9,153,0,173,94,0,94,267
08/30/2014,MLB,FL,ASO,ES,Federal Contract Tower,5,4,52,0,61,0,3,132,3,138,5,7,184,3,199,168,0,168,367
08/31/2014,MLB,FL,ASO,ES,Federal Contract Tower,7,8,12,0,27,0,5,78,2,85,7,13,90,2,112,22,0,22,134
09/01/2014,MLB,FL,ASO,ES,Federal Contract Tower,10,5,42,3,60,0,4,137,0,141,10,9,179,3,201,174,0,174,375
09/02/2014,MLB,FL,ASO,ES,Federal Contract Tower,6,6,49,0,61,0,0,138,0,138,6,6,187,0,199,105,0,105,304
09/03/2014,MLB,FL,ASO,ES,Federal Contract Tower,8,3,74,0,85,0,2,149,0,151,8,5,223,0,236,134,0,134,370
09/04/2014,MLB,FL,ASO,ES,Federal Contract Tower,8,4,72,0,84,0,3,136,0,139,8,7,208,0,223,84,0,84,307
09/05/2014,MLB,FL,ASO,ES,Federal Contract Tower,8,7,106,0,121,0,1,116,0,117,8,8,222,0,238,80,0,80,318
09/06/2014,MLB,FL,ASO,ES,Federal Contract Tower,6,9,37,0,52,0,1,98,0,99,6,10,135,0,151,54,0,54,205
09/07/2014,MLB,FL,ASO,ES,Federal Contract Tower,8,6,46,0,60,0,0,40,1,41,8,6,86,1,101,13,0,13,114
09/08/2014,MLB,FL,ASO,ES,Federal Contract Tower,9,12,70,2,93,0,7,164,0,171,9,19,234,2,264,101,0,101,365
09/09/2014,MLB,FL,ASO,ES,Federal Contract Tower,5,12,61,0,78,0,7,163,0,170,5,19,224,0,248,147,0,147,395
09/10/2014,MLB,FL,ASO,ES,Federal Contract Tower,7,10,95,0,112,0,4,166,0,170,7,14,261,0,282,201,0,201,483
09/11/2014,MLB,FL,ASO,ES,Federal Contract Tower,8,14,50,2,74,0,4,137,0,141,8,18,187,2,215,154,0,154,369
09/12/2014,MLB,FL,ASO,ES,Federal Contract Tower,9,5,72,1,87,0,4,111,0,115,9,9,183,1,202,188,0,188,390
09/13/2014,MLB,FL,ASO,ES,Federal Contract Tower,8,3,60,0,71,0,4,129,0,133,8,7,189,0,204,71,0,71,275
09/14/2014,MLB,FL,ASO,ES,Federal Contract Tower,7,11,38,0,56,0,6,91,0,97,7,17,129,0,153,64,0,64,217
09/15/2014,MLB,FL,ASO,ES,Federal Contract Tower,8,12,68,0,88,0,18,166,0,184,8,30,234,0,272,102,0,102,374
09/16/2014,MLB,FL,ASO,ES,Federal Contract Tower,7,5,34,0,46,0,4,116,0,120,7,9,150,0,166,90,0,90,256
09/17/2014,MLB,FL,ASO,ES,Federal Contract Tower,9,5,84,0,98,0,2,143,0,145,9,7,227,0,243,121,0,121,364
09/18/2014,MLB,FL,ASO,ES,Federal Contract Tower,9,12,64,0,85,0,4,112,0,116,9,16,176,0,201,118,0,118,319
09/19/2014,MLB,FL,ASO,ES,Federal Contract Tower,10,8,57,0,75,0,4,83,0,87,10,12,140,0,162,141,0,141,303
09/20/2014,MLB,FL,ASO,ES,Federal Contract Tower,3,7,45,0,55,0,0,18,0,18,3,7,63,0,73,16,0,16,89
09/21/2014,MLB,FL,ASO,ES,Federal Contract Tower,8,8,38,0,54,0,4,72,0,76,8,12,110,0,130,51,0,51,181
09/22/2014,MLB,FL,ASO,ES,Federal Contract Tower,8,11,63,0,82,0,3,117,0,120,8,14,180,0,202,138,0,138,340
09/23/2014,MLB,FL,ASO,ES,Federal Contract Tower,7,4,85,0,96,0,2,89,0,91,7,6,174,0,187,125,0,125,312
09/24/2014,MLB,FL,ASO,ES,Federal Contract Tower,5,4,71,0,80,0,4,81,0,85,5,8,152,0,165,111,0,111,276
09/25/2014,MLB,FL,ASO,ES,Federal Contract Tower,9,10,73,1,93,0,1,84,0,85,9,11,157,1,178,132,0,132,310
09/26/2014,MLB,FL,ASO,ES,Federal Contract Tower,8,13,55,0,76,0,3,81,0,84,8,16,136,0,160,143,0,143,303
09/27/2014,MLB,FL,ASO,ES,Federal Contract Tower,6,5,49,2,62,0,3,108,0,111,6,8,157,2,173,79,0,79,252
09/28/2014,MLB,FL,ASO,ES,Federal Contract Tower,8,4,43,0,55,0,1,64,0,65,8,5,107,0,120,56,0,56,176
09/29/2014,MLB,FL,ASO,ES,Federal Contract Tower,7,12,38,2,59,0,4,74,0,78,7,16,112,2,137,127,0,127,264
09/30/2014,MLB,FL,ASO,ES,Federal Contract Tower,6,6,74,2,88,0,1,81,0,82,6,7,155,2,170,65,0,65,235
10/01/2014,MLB,FL,ASO,ES,Federal Contract Tower,8,8,70,0,86,0,3,77,0,80,8,11,147,0,166,118,0,118,284
10/02/2014,MLB,FL,ASO,ES,Federal Contract Tower,7,14,48,3,72,0,3,135,1,139,7,17,183,4,211,116,0,116,327
10/03/2014,MLB,FL,ASO,ES,Federal Contract Tower,9,13,31,1,54,0,1,17,3,21,9,14,48,4,75,2,0,2,77
10/04/2014,MLB,FL,ASO,ES,Federal Contract Tower,8,5,11,1,25,0,0,26,0,26,8,5,37,1,51,1,0,1,52
10/05/2014,MLB,FL,ASO,ES,Federal Contract Tower,9,8,15,0,32,0,6,39,0,45,9,14,54,0,77,12,0,12,89
10/06/2014,MLB,FL,ASO,ES,Federal Contract Tower,6,13,52,12,83,0,9,212,2,223,6,22,264,14,306,111,0,111,417
10/07/2014,MLB,FL,ASO,ES,Federal Contract Tower,9,6,71,8,94,0,0,178,0,178,9,6,249,8,272,124,0,124,396
10/08/2014,MLB,FL,ASO,ES,Federal Contract Tower,8,10,87,2,107,0,10,166,0,176,8,20,253,2,283,197,0,197,480
10/09/2014,MLB,FL,ASO,ES,Federal Contract Tower,8,8,88,0,104,0,8,141,0,149,8,16,229,0,253,104,0,104,357
10/10/2014,MLB,FL,ASO,ES,Federal Contract Tower,9,14,69,1,93,0,3,142,0,145,9,17,211,1,238,134,0,134,372
10/11/2014,MLB,FL,ASO,ES,Federal Contract Tower,5,4,30,0,39,0,6,121,0,127,5,10,151,0,166,141,0,141,307
10/12/2014,MLB,FL,ASO,ES,Federal Contract Tower,8,8,18,0,34,0,7,82,0,89,8,15,100,0,123,39,0,39,162
10/13/2014,MLB,FL,ASO,ES,Federal Contract Tower,10,8,68,0,86,0,6,99,0,105,10,14,167,0,191,128,0,128,319
10/14/2014,MLB,FL,ASO,ES,Federal Contract Tower,9,13,38,0,60,0,3,69,0,72,9,16,107,0,132,147,0,147,279
10/15/2014,MLB,FL,ASO,ES,Federal Contract Tower,10,8,66,0,84,0,5,106,0,111,10,13,172,0,195,163,0,163,358
10/16/2014,MLB,FL,ASO,ES,Federal Contract Tower,8,17,69,0,94,0,1,147,2,150,8,18,216,2,244,174,0,174,418
10/17/2014,MLB,FL,ASO,ES,Federal Contract Tower,9,9,71,0,89,0,0,168,0,168,9,9,239,0,257,265,0,265,522
10/18/2014,MLB,FL,ASO,ES,Federal Contract Tower,5,7,46,0,58,0,10,131,0,141,5,17,177,0,199,149,0,149,348
10/19/2014,MLB,FL,ASO,ES,Federal Contract Tower,10,7,51,0,68,0,3,74,0,77,10,10,125,0,145,31,0,31,176
10/20/2014,MLB,FL,ASO,ES,Federal Contract Tower,8,12,73,12,105,0,13,188,0,201,8,25,261,12,306,221,0,221,527
10/21/2014,MLB,FL,ASO,ES,Federal Contract Tower,12,11,52,0,75,0,1,130,0,131,12,12,182,0,206,273,0,273,479
10/22/2014,MLB,FL,ASO,ES,Federal Contract Tower,7,10,70,0,87,0,2,113,0,115,7,12,183,0,202,136,0,136,338
10/23/2014,MLB,FL,ASO,ES,Federal Contract Tower,7,10,101,0,118,0,2,122,0,124,7,12,223,0,242,230,0,230,472
10/24/2014,MLB,FL,ASO,ES,Federal Contract Tower,7,14,81,0,102,0,0,145,0,145,7,14,226,0,247,164,0,164,411
10/25/2014,MLB,FL,ASO,ES,Federal Contract Tower,6,7,76,0,89,0,4,152,0,156,6,11,228,0,245,95,0,95,340
10/26/2014,MLB,FL,ASO,ES,Federal Contract Tower,10,6,38,2,56,0,0,89,0,89,10,6,127,2,145,10,0,10,155
10/27/2014,MLB,FL,ASO,ES,Federal Contract Tower,8,15,79,0,102,0,8,197,0,205,8,23,276,0,307,207,0,207,514
10/28/2014,MLB,FL,ASO,ES,Federal Contract Tower,7,8,84,0,99,0,0,180,0,180,7,8,264,0,279,158,0,158,437
10/29/2014,MLB,FL,ASO,ES,Federal Contract Tower,5,13,83,0,101,0,7,171,0,178,5,20,254,0,279,223,0,223,502
10/30/2014,MLB,FL,ASO,ES,Federal Contract Tower,5,10,105,13,133,0,8,168,0,176,5,18,273,13,309,138,0,138,447
10/31/2014,MLB,FL,ASO,ES,Federal Contract Tower,6,10,77,0,93,0,2,146,0,148,6,12,223,0,241,59,0,59,300
11/01/2014,MLB,FL,ASO,ES,Federal Contract Tower,4,7,23,0,34,0,2,36,0,38,4,9,59,0,72,6,0,6,78
11/02/2014,MLB,FL,ASO,ES,Federal Contract Tower,7,5,56,0,68,0,2,90,0,92,7,7,146,0,160,50,0,50,210
11/03/2014,MLB,FL,ASO,ES,Federal Contract Tower,8,7,75,0,90,0,2,111,0,113,8,9,186,0,203,104,0,104,307
11/04/2014,MLB,FL,ASO,ES,Federal Contract Tower,4,6,75,0,85,0,11,123,0,134,4,17,198,0,219,111,0,111,330
11/05/2014,MLB,FL,ASO,ES,Federal Contract Tower,9,7,91,0,107,0,1,150,0,151,9,8,241,0,258,190,0,190,448
11/06/2014,MLB,FL,ASO,ES,Federal Contract Tower,8,11,109,0,128,0,3,167,0,170,8,14,276,0,298,213,0,213,511
11/07/2014,MLB,FL,ASO,ES,Federal Contract Tower,8,8,75,0,91,0,3,140,0,143,8,11,215,0,234,82,0,82,316
11/08/2014,MLB,FL,ASO,ES,Federal Contract Tower,5,11,65,0,81,0,1,135,0,136,5,12,200,0,217,132,0,132,349
11/09/2014,MLB,FL,ASO,ES,Federal Contract Tower,8,12,36,0,56,0,0,0,0,0,8,12,36,0,56,0,0,0,56
11/10/2014,MLB,FL,ASO,ES,Federal Contract Tower,8,10,59,0,77,0,3,23,0,26,8,13,82,0,103,14,0,14,117
11/11/2014,MLB,FL,ASO,ES,Federal Contract Tower,10,11,96,0,117,0,9,196,0,205,10,20,292,0,322,102,0,102,424
11/12/2014,MLB,FL,ASO,ES,Federal Contract Tower,7,10,117,2,136,0,2,202,0,204,7,12,319,2,340,184,0,184,524
11/13/2014,MLB,FL,ASO,ES,Federal Contract Tower,8,11,92,0,111,0,3,122,0,125,8,14,214,0,236,124,0,124,360
11/14/2014,MLB,FL,ASO,ES,Federal Contract Tower,7,14,87,1,109,0,2,10,0,12,7,16,97,1,121,0,0,0,121
11/15/2014,MLB,FL,ASO,ES,Federal Contract Tower,7,6,83,1,97,0,1,154,0,155,7,7,237,1,252,152,0,152,404
11/16/2014,MLB,FL,ASO,ES,Federal Contract Tower,10,9,55,0,74,0,5,111,0,116,10,14,166,0,190,60,0,60,250
11/17/2014,MLB,FL,ASO,ES,Federal Contract Tower,7,6,76,1,90,0,2,38,2,42,7,8,114,3,132,16,0,16,148
11/18/2014,MLB,FL,ASO,ES,Federal Contract Tower,8,9,81,2,100,0,1,31,0,32,8,10,112,2,132,54,0,54,186
11/19/2014,MLB,FL,ASO,ES,Federal Contract Tower,8,11,79,0,98,0,5,106,2,113,8,16,185,2,211,26,0,26,237
11/20/2014,MLB,FL,ASO,ES,Federal Contract Tower,8,8,146,0,162,0,6,185,0,191,8,14,331,0,353,58,0,58,411
11/21/2014,MLB,FL,ASO,ES,Federal Contract Tower,9,8,125,0,142,0,1,156,0,157,9,9,281,0,299,109,0,109,408
11/22/2014,MLB,FL,ASO,ES,Federal Contract Tower,6,7,96,1,110,0,0,22,0,22,6,7,118,1,132,12,0,12,144
11/23/2014,MLB,FL,ASO,ES,Federal Contract Tower,5,11,46,0,62,0,0,19,0,19,5,11,65,0,81,30,0,30,111
11/24/2014,MLB,FL,ASO,ES,Federal Contract Tower,5,10,64,0,79,0,4,89,0,93,5,14,153,0,172,116,0,116,288
11/25/2014,MLB,FL,ASO,ES,Federal Contract Tower,9,33,33,0,75,0,1,19,0,20,9,34,52,0,95,4,0,4,99
11/26/2014,MLB,FL,ASO,ES,Federal Contract Tower,11,13,40,0,64,0,0,6,0,6,11,13,46,0,70,0,0,0,70
11/27/2014,MLB,FL,ASO,ES,Federal Contract Tower,7,6,13,0,26,0,2,25,0,27,7,8,38,0,53,0,0,0,53
11/28/2014,MLB,FL,ASO,ES,Federal Contract Tower,4,11,23,1,39,0,8,62,0,70,4,19,85,1,109,22,0,22,131
11/29/2014,MLB,FL,ASO,ES,Federal Contract Tower,9,9,40,0,58,0,9,72,0,81,9,18,112,0,139,30,0,30,169
11/30/2014,MLB,FL,ASO,ES,Federal Contract Tower,11,14,50,0,75,0,2,48,0,50,11,16,98,0,125,8,0,8,133
12/01/2014,MLB,FL,ASO,ES,Federal Contract Tower,8,13,114,0,135,0,0,135,0,135,8,13,249,0,270,79,0,79,349
12/02/2014,MLB,FL,ASO,ES,Federal Contract Tower,8,11,86,0,105,0,6,82,0,88,8,17,168,0,193,108,0,108,301
12/03/2014,MLB,FL,ASO,ES,Federal Contract Tower,7,8,88,0,103,0,3,134,0,137,7,11,222,0,240,162,0,162,402
12/04/2014,MLB,FL,ASO,ES,Federal Contract Tower,11,16,105,12,144,0,4,119,0,123,11,20,224,12,267,106,0,106,373
12/05/2014,MLB,FL,ASO,ES,Federal Contract Tower,8,10,102,0,120,0,8,96,0,104,8,18,198,0,224,76,0,76,300
12/06/2014,MLB,FL,ASO,ES,Federal Contract Tower,6,5,73,0,84,0,13,159,0,172,6,18,232,0,256,103,0,103,359
12/07/2014,MLB,FL,ASO,ES,Federal Contract Tower,8,8,72,0,88,0,2,53,0,55,8,10,125,0,143,22,0,22,165
12/08/2014,MLB,FL,ASO,ES,Federal Contract Tower,9,11,80,0,100,0,0,1,0,1,9,11,81,0,101,0,0,0,101
12/09/2014,MLB,FL,ASO,ES,Federal Contract Tower,7,5,91,0,103,0,5,94,0,99,7,10,185,0,202,56,0,56,258
12/10/2014,MLB,FL,ASO,ES,Federal Contract Tower,7,6,67,1,81,0,3,115,0,118,7,9,182,1,199,47,0,47,246
12/11/2014,MLB,FL,ASO,ES,Federal Contract Tower,7,10,112,0,129,0,2,127,0,129,7,12,239,0,258,94,0,94,352
12/12/2014,MLB,FL,ASO,ES,Federal Contract Tower,8,5,86,3,102,0,6,11,0,17,8,11,97,3,119,71,0,71,190
12/13/2014,MLB,FL,ASO,ES,Federal Contract Tower,6,4,101,0,111,0,4,115,0,119,6,8,216,0,230,48,0,48,278
12/14/2014,MLB,FL,ASO,ES,Federal Contract Tower,7,11,19,0,37,0,2,93,0,95,7,13,112,0,132,43,0,43,175
12/15/2014,MLB,FL,ASO,ES,Federal Contract Tower,6,8,98,0,112,0,9,114,0,123,6,17,212,0,235,36,0,36,271
12/16/2014,MLB,FL,ASO,ES,Federal Contract Tower,7,6,101,0,114,0,3,107,0,110,7,9,208,0,224,64,0,64,288
12/17/2014,MLB,FL,ASO,ES,Federal Contract Tower,9,18,78,0,105,0,6,150,0,156,9,24,228,0,261,96,0,96,357
12/18/2014,MLB,FL,ASO,ES,Federal Contract Tower,9,19,97,0,125,0,4,111,0,115,9,23,208,0,240,40,0,40,280
12/19/2014,MLB,FL,ASO,ES,Federal Contract Tower,8,7,45,0,60,0,5,86,0,91,8,12,131,0,151,70,0,70,221
12/20/2014,MLB,FL,ASO,ES,Federal Contract Tower,9,7,52,0,68,0,3,85,0,88,9,10,137,0,156,51,0,51,207
12/21/2014,MLB,FL,ASO,ES,Federal Contract Tower,8,8,22,0,38,0,0,61,0,61,8,8,83,0,99,51,0,51,150
12/22/2014,MLB,FL,ASO,ES,Federal Contract Tower,8,9,52,0,69,0,6,56,0,62,8,15,108,0,131,58,0,58,189
12/23/2014,MLB,FL,ASO,ES,Federal Contract Tower,8,10,40,0,58,0,4,45,0,49,8,14,85,0,107,20,0,20,127
12/24/2014,MLB,FL,ASO,ES,Federal Contract Tower,6,4,8,0,18,0,0,9,0,9,6,4,17,0,27,0,0,0,27
12/25/2014,MLB,FL,ASO,ES,Federal Contract Tower,10,8,14,0,32,0,3,11,0,14,10,11,25,0,46,0,0,0,46
12/26/2014,MLB,FL,ASO,ES,Federal Contract Tower,9,10,44,0,63,0,5,47,0,52,9,15,91,0,115,6,0,6,121
12/27/2014,MLB,FL,ASO,ES,Federal Contract Tower,8,10,21,0,39,0,3,47,2,52,8,13,68,2,91,6,0,6,97
12/28/2014,MLB,FL,ASO,ES,Federal Contract Tower,8,7,35,0,50,0,3,27,1,31,8,10,62,1,81,38,0,38,119
12/29/2014,MLB,FL,ASO,ES,Federal Contract Tower,9,15,27,0,51,0,3,57,0,60,9,18,84,0,111,23,0,23,134
12/30/2014,MLB,FL,ASO,ES,Federal Contract Tower,7,10,50,0,67,0,0,33,0,33,7,10,83,0,100,16,0,16,116
12/31/2014,MLB,FL,ASO,ES,Federal Contract Tower,6,5,41,0,52,0,2,0,0,2,6,7,41,0,54,0,0,0,54
01/01/2015,MLB,FL,ASO,ES,Federal Contract Tower,7,11,23,0,41,0,0,10,0,10,7,11,33,0,51,2,0,2,53
01/02/2015,MLB,FL,ASO,ES,Federal Contract Tower,8,8,59,0,75,0,4,11,0,15,8,12,70,0,90,0,0,0,90
01/03/2015,MLB,FL,ASO,ES,Federal Contract Tower,8,7,44,0,59,0,4,45,0,49,8,11,89,0,108,32,0,32,140
01/04/2015,MLB,FL,ASO,ES,Federal Contract Tower,5,9,38,0,52,0,9,40,0,49,5,18,78,0,101,24,0,24,125
01/05/2015,MLB,FL,ASO,ES,Federal Contract Tower,8,14,44,0,66,0,3,14,0,17,8,17,58,0,83,12,0,12,95
01/06/2015,MLB,FL,ASO,ES,Federal Contract Tower,8,4,60,0,72,0,1,70,0,71,8,5,130,0,143,48,0,48,191
01/07/2015,MLB,FL,ASO,ES,Federal Contract Tower,6,9,69,0,84,0,0,89,0,89,6,9,158,0,173,38,0,38,211
01/08/2015,MLB,FL,ASO,ES,Federal Contract Tower,8,7,33,0,48,0,7,35,2,44,8,14,68,2,92,13,0,13,105
01/09/2015,MLB,FL,ASO,ES,Federal Contract Tower,8,4,63,11,86,0,2,66,0,68,8,6,129,11,154,36,0,36,190
01/10/2015,MLB,FL,ASO,ES,Federal Contract Tower,4,9,44,2,59,0,3,81,0,84,4,12,125,2,143,34,2,36,179
01/11/2015,MLB,FL,ASO,ES,Federal Contract Tower,7,8,30,4,49,0,3,25,0,28,7,11,55,4,77,52,0,52,129
01/12/2015,MLB,FL,ASO,ES,Federal Contract Tower,8,6,51,0,65,0,2,29,0,31,8,8,80,0,96,16,0,16,112
01/13/2015,MLB,FL,ASO,ES,Federal Contract Tower,8,24,87,2,121,0,2,59,0,61,8,26,146,2,182,30,0,30,212
01/14/2015,MLB,FL,ASO,ES,Federal Contract Tower,9,5,70,0,84,0,5,6,0,11,9,10,76,0,95,2,0,2,97
01/15/2015,MLB,FL,ASO,ES,Federal Contract Tower,8,5,96,0,109,0,0,62,0,62,8,5,158,0,171,100,0,100,271
01/16/2015,MLB,FL,ASO,ES,Federal Contract Tower,8,3,91,0,102,2,8,85,2,97,10,11,176,2,199,48,0,48,247
01/17/2015,MLB,FL,ASO,ES,Federal Contract Tower,6,4,46,0,56,0,0,124,0,124,6,4,170,0,180,88,0,88,268
01/18/2015,MLB,FL,ASO,ES,Federal Contract Tower,5,7,28,0,40,0,4,66,0,70,5,11,94,0,110,52,0,52,162
01/19/2015,MLB,FL,ASO,ES,Federal Contract Tower,10,4,72,0,86,0,5,120,0,125,10,9,192,0,211,60,0,60,271
01/20/2015,MLB,FL,ASO,ES,Federal Contract Tower,7,6,52,0,65,0,7,93,0,100,7,13,145,0,165,100,0,100,265
01/21/2015,MLB,FL,ASO,ES,Federal Contract Tower,9,6,89,5,109,0,6,128,0,134,9,12,217,5,243,176,2,178,421
01/22/2015,MLB,FL,ASO,ES,Federal Contract Tower,8,5,103,1,117,0,6,109,0,115,8,11,212,1,232,128,0,128,360
01/23/2015,MLB,FL,ASO,ES,Federal Contract Tower,8,6,65,0,79,0,3,55,0,58,8,9,120,0,137,29,0,29,166
01/24/2015,MLB,FL,ASO,ES,Federal Contract Tower,7,7,29,1,44,0,3,28,0,31,7,10,57,1,75,14,0,14,89
01/25/2015,MLB,FL,ASO,ES,Federal Contract Tower,9,3,47,0,59,0,6,117,0,123,9,9,164,0,182,60,0,60,242
01/26/2015,MLB,FL,ASO,ES,Federal Contract Tower,9,9,81,0,99,0,1,34,0,35,9,10,115,0,134,44,0,44,178
01/27/2015,MLB,FL,ASO,ES,Federal Contract Tower,9,3,55,0,67,0,2,77,0,79,9,5,132,0,146,72,0,72,218
01/28/2015,MLB,FL,ASO,ES,Federal Contract Tower,9,10,67,0,86,0,6,153,0,159,9,16,220,0,245,68,0,68,313
01/29/2015,MLB,FL,ASO,ES,Federal Contract Tower,8,7,97,0,112,0,3,189,0,192,8,10,286,0,304,184,0,184,488
01/30/2015,MLB,FL,ASO,ES,Federal Contract Tower,8,9,78,2,97,0,9,136,4,149,8,18,214,6,246,161,2,163,409
01/31/2015,MLB,FL,ASO,ES,Federal Contract Tower,6,4,101,0,111,0,3,150,0,153,6,7,251,0,264,179,0,179,443
02/01/2015,MLB,FL,ASO,ES,Federal Contract Tower,6,3,49,1,59,0,3,70,0,73,6,6,119,1,132,25,0,25,157
02/02/2015,MLB,FL,ASO,ES,Federal Contract Tower,11,5,66,0,82,0,7,84,0,91,11,12,150,0,173,60,0,60,233
02/03/2015,MLB,FL,ASO,ES,Federal Contract Tower,9,9,91,0,109,0,6,125,0,131,9,15,216,0,240,134,14,148,388
02/04/2015,MLB,FL,ASO,ES,Federal Contract Tower,9,8,102,0,119,0,1,131,0,132,9,9,233,0,251,92,0,92,343
02/05/2015,MLB,FL,ASO,ES,Federal Contract Tower,9,4,30,0,43,0,0,5,0,5,9,4,35,0,48,0,0,0,48
02/06/2015,MLB,FL,ASO,ES,Federal Contract Tower,9,9,70,1,89,0,2,67,0,69,9,11,137,1,158,86,0,86,244
02/07/2015,MLB,FL,ASO,ES,Federal Contract Tower,6,7,44,6,63,0,5,190,0,195,6,12,234,6,258,321,0,321,579
02/08/2015,MLB,FL,ASO,ES,Federal Contract Tower,7,14,33,0,54,0,2,145,0,147,7,16,178,0,201,158,0,158,359
02/09/2015,MLB,FL,ASO,ES,Federal Contract Tower,8,4,49,0,61,0,2,78,0,80,8,6,127,0,141,109,0,109,250
02/10/2015,MLB,FL,ASO,ES,Federal Contract Tower,10,6,78,1,95,0,1,63,3,67,10,7,141,4,162,64,0,64,226
02/11/2015,MLB,FL,ASO,ES,Federal Contract Tower,11,5,76,0,92,0,1,146,0,147,11,6,222,0,239,144,0,144,383
02/12/2015,MLB,FL,ASO,ES,Federal Contract Tower,8,10,109,0,127,0,3,154,0,157,8,13,263,0,284,68,0,68,352
02/13/2015,MLB,FL,ASO,ES,Federal Contract Tower,8,11,100,0,119,0,6,167,0,173,8,17,267,0,292,92,0,92,384
02/14/2015,MLB,FL,ASO,ES,Federal Contract Tower,6,13,39,0,58,0,4,153,0,157,6,17,192,0,215,140,0,140,355
02/15/2015,MLB,FL,ASO,ES,Federal Contract Tower,7,6,34,1,48,0,10,58,0,68,7,16,92,1,116,18,0,18,134
02/16/2015,MLB,FL,ASO,ES,Federal Contract Tower,7,3,75,0,85,0,9,128,0,137,7,12,203,0,222,183,0,183,405
02/17/2015,MLB,FL,ASO,ES,Federal Contract Tower,9,4,25,0,38,0,2,46,0,48,9,6,71,0,86,40,0,40,126
02/18/2015,MLB,FL,ASO,ES,Federal Contract Tower,9,12,60,0,81,0,4,137,0,141,9,16,197,0,222,92,0,92,314
02/19/2015,MLB,FL,ASO,ES,Federal Contract Tower,8,8,45,0,61,0,7,64,1,72,8,15,109,1,133,47,0,47,180
02/20/2015,MLB,FL,ASO,ES,Federal Contract Tower,8,9,85,2,104,0,2,149,3,154,8,11,234,5,258,88,0,88,346
02/21/2015,MLB,FL,ASO,ES,Federal Contract Tower,5,5,41,0,51,0,10,83,0,93,5,15,124,0,144,50,0,50,194
02/22/2015,MLB,FL,ASO,ES,Federal Contract Tower,8,11,33,1,53,0,3,65,0,68,8,14,98,1,121,62,0,62,183
02/23/2015,MLB,FL,ASO,ES,Federal Contract Tower,6,12,70,2,90,0,2,82,0,84,6,14,152,2,174,138,0,138,312
02/24/2015,MLB,FL,ASO,ES,Federal Contract Tower,9,7,112,0,128,0,0,95,0,95,9,7,207,0,223,112,0,112,335
02/25/2015,MLB,FL,ASO,ES,Federal Contract Tower,8,6,134,0,148,0,1,14,0,15,8,7,148,0,163,6,0,6,169
02/26/2015,MLB,FL,ASO,ES,Federal Contract Tower,15,9,73,0,97,0,4,25,0,29,15,13,98,0,126,31,0,31,157
02/27/2015,MLB,FL,ASO,ES,Federal Contract Tower,9,10,94,0,113,0,2,11,0,13,9,12,105,0,126,28,0,28,154
02/28/2015,MLB,FL,ASO,ES,Federal Contract Tower,9,7,33,0,49,0,0,4,0,4,9,7,37,0,53,0,0,0,53
03/01/2015,MLB,FL,ASO,ES,Federal Contract Tower,9,2,48,0,59,0,6,27,0,33,9,8,75,0,92,12,0,12,104
03/02/2015,MLB,FL,ASO,ES,Federal Contract Tower,8,15,59,0,82,0,7,88,0,95,8,22,147,0,177,110,0,110,287
03/03/2015,MLB,FL,ASO,ES,Federal Contract Tower,10,10,78,0,98,0,2,115,0,117,10,12,193,0,215,134,0,134,349
03/04/2015,MLB,FL,ASO,ES,Federal Contract Tower,10,13,79,0,102,0,4,109,3,116,10,17,188,3,218,93,0,93,311
03/05/2015,MLB,FL,ASO,ES,Federal Contract Tower,11,10,110,0,131,0,3,113,0,116,11,13,223,0,247,108,0,108,355
03/06/2015,MLB,FL,ASO,ES,Federal Contract Tower,9,7,67,4,87,0,0,24,0,24,9,7,91,4,111,27,0,27,138
03/07/2015,MLB,FL,ASO,ES,Federal Contract Tower,10,5,24,0,39,0,6,18,0,24,10,11,42,0,63,0,0,0,63
03/08/2015,MLB,FL,ASO,ES,Federal Contract Tower,9,10,28,0,47,0,11,111,0,122,9,21,139,0,169,75,0,75,244
03/09/2015,MLB,FL,ASO,ES,Federal Contract Tower,9,9,81,0,99,0,6,202,1,209,9,15,283,1,308,203,0,203,511
03/10/2015,MLB,FL,ASO,ES,Federal Contract Tower,10,8,95,2,115,0,7,101,0,108,10,15,196,2,223,68,0,68,291
03/11/2015,MLB,FL,ASO,ES,Federal Contract Tower,12,9,65,4,90,0,10,124,0,134,12,19,189,4,224,155,0,155,379
03/12/2015,MLB,FL,ASO,ES,Federal Contract Tower,9,8,86,1,104,0,4,84,0,88,9,12,170,1,192,29,0,29,221
03/13/2015,MLB,FL,ASO,ES,Federal Contract Tower,9,10,70,0,89,0,1,69,2,72,9,11,139,2,161,91,0,91,252
03/14/2015,MLB,FL,ASO,ES,Federal Contract Tower,10,5,34,0,49,0,3,98,0,101,10,8,132,0,150,76,0,76,226
03/15/2015,MLB,FL,ASO,ES,Federal Contract Tower,9,10,42,1,62,0,6,76,0,82,9,16,118,1,144,125,0,125,269
03/16/2015,MLB,FL,ASO,ES,Federal Contract Tower,8,9,66,0,83,0,6,170,7,183,8,15,236,7,266,216,0,216,482
03/17/2015,MLB,FL,ASO,ES,Federal Contract Tower,9,9,75,0,93,0,7,129,0,136,9,16,204,0,229,82,0,82,311
03/18/2015,MLB,FL,ASO,ES,Federal Contract Tower,12,7,87,5,111,0,2,163,2,167,12,9,250,7,278,222,0,222,500
03/19/2015,MLB,FL,ASO,ES,Federal Contract Tower,8,6,63,4,81,0,2,56,11,69,8,8,119,15,150,129,0,129,279
03/20/2015,MLB,FL,ASO,ES,Federal Contract Tower,11,11,25,5,52,0,4,25,2,31,11,15,50,7,83,0,0,0,83
03/21/2015,MLB,FL,ASO,ES,Federal Contract Tower,12,9,21,0,42,0,0,56,0,56,12,9,77,0,98,8,2,10,108
03/22/2015,MLB,FL,ASO,ES,Federal Contract Tower,10,8,18,2,38,0,2,46,0,48,10,10,64,2,86,1,2,3,89
03/23/2015,MLB,FL,ASO,ES,Federal Contract Tower,9,6,71,6,92,0,4,52,1,57,9,10,123,7,149,39,0,39,188
03/24/2015,MLB,FL,ASO,ES,Federal Contract Tower,11,13,73,0,97,0,1,60,0,61,11,14,133,0,158,160,0,160,318
03/25/2015,MLB,FL,ASO,ES,Federal Contract Tower,11,7,110,0,128,0,5,99,2,106,11,12,209,2,234,158,6,164,398
03/26/2015,MLB,FL,ASO,ES,Federal Contract Tower,12,6,65,1,84,0,1,102,9,112,12,7,167,10,196,106,0,106,302
03/27/2015,MLB,FL,ASO,ES,Federal Contract Tower,11,5,63,6,85,0,1,56,0,57,11,6,119,6,142,142,0,142,284
03/28/2015,MLB,FL,ASO,ES,Federal Contract Tower,10,8,49,0,67,0,6,131,0,137,10,14,180,0,204,212,0,212,416
03/29/2015,MLB,FL,ASO,ES,Federal Contract Tower,10,6,53,4,73,0,5,88,1,94,10,11,141,5,167,142,0,142,309
03/30/2015,MLB,FL,ASO,ES,Federal Contract Tower,8,15,76,0,99,0,2,201,0,203,8,17,277,0,302,232,0,232,534
03/31/2015,MLB,FL,ASO,ES,Federal Contract Tower,11,7,100,1,119,0,2,190,0,192,11,9,290,1,311,285,0,285,596
04/01/2015,MLB,FL,ASO,ES,Federal Contract Tower,10,9,121,0,140,0,6,154,0,160,10,15,275,0,300,128,0,128,428
04/02/2015,MLB,FL,ASO,ES,Federal Contract Tower,10,10,105,2,127,0,5,214,0,219,10,15,319,2,346,250,0,250,596
04/03/2015,MLB,FL,ASO,ES,Federal Contract Tower,10,10,93,0,113,0,7,140,0,147,10,17,233,0,260,146,0,146,406
04/04/2015,MLB,FL,ASO,ES,Federal Contract Tower,9,6,65,3,83,0,9,153,0,162,9,15,218,3,245,104,2,106,351
04/05/2015,MLB,FL,ASO,ES,Federal Contract Tower,11,8,13,0,32,0,6,32,0,38,11,14,45,0,70,16,0,16,86
04/06/2015,MLB,FL,ASO,ES,Federal Contract Tower,8,5,83,4,100,0,8,159,0,167,8,13,242,4,267,226,0,226,493
04/07/2015,MLB,FL,ASO,ES,Federal Contract Tower,13,6,91,2,112,0,2,169,2,173,13,8,260,4,285,148,0,148,433
04/08/2015,MLB,FL,ASO,ES,Federal Contract Tower,9,5,84,4,102,0,3,197,0,200,9,8,281,4,302,158,0,158,460
04/09/2015,MLB,FL,ASO,ES,Federal Contract Tower,6,9,71,6,92,0,2,140,0,142,6,11,211,6,234,124,0,124,358
04/10/2015,MLB,FL,ASO,ES,Federal Contract Tower,13,0,81,2,96,0,3,133,0,136,13,3,214,2,232,64,0,64,296
04/11/2015,MLB,FL,ASO,ES,Federal Contract Tower,14,1,39,0,54,0,6,90,0,96,14,7,129,0,150,181,0,181,331
04/12/2015,MLB,FL,ASO,ES,Federal Contract Tower,9,4,36,0,49,0,3,41,0,44,9,7,77,0,93,59,0,59,152
04/13/2015,MLB,FL,ASO,ES,Federal Contract Tower,7,8,43,2,60,0,4,102,0,106,7,12,145,2,166,106,0,106,272
04/14/2015,MLB,FL,ASO,ES,Federal Contract Tower,8,12,88,8,116,0,19,114,0,133,8,31,202,8,249,155,0,155,404
04/15/2015,MLB,FL,ASO,ES,Federal Contract Tower,14,14,59,0,87,0,7,137,0,144,14,21,196,0,231,114,0,114,345
04/16/2015,MLB,FL,ASO,ES,Federal Contract Tower,11,11,62,3,87,0,2,78,2,82,11,13,140,5,169,30,0,30,199
04/17/2015,MLB,FL,ASO,ES,Federal Contract Tower,11,5,63,1,80,0,2,96,0,98,11,7,159,1,178,69,0,69,247
04/18/2015,MLB,FL,ASO,ES,Federal Contract Tower,11,3,55,0,69,0,3,87,3,93,11,6,142,3,162,196,0,196,358
04/19/2015,MLB,FL,ASO,ES,Federal Contract Tower,11,6,23,0,40,0,0,83,0,83,11,6,106,0,123,46,0,46,169
04/20/2015,MLB,FL,ASO,ES,Federal Contract Tower,11,5,43,0,59,0,0,90,0,90,11,5,133,0,149,144,0,144,293
04/21/2015,MLB,FL,ASO,ES,Federal Contract Tower,8,6,79,0,93,0,8,152,0,160,8,14,231,0,253,182,0,182,435
04/22/2015,MLB,FL,ASO,ES,Federal Contract Tower,12,7,81,2,102,0,2,175,0,177,12,9,256,2,279,138,0,138,417
04/23/2015,MLB,FL,ASO,ES,Federal Contract Tower,16,9,55,0,80,0,5,86,0,91,16,14,141,0,171,70,0,70,241
04/24/2015,MLB,FL,ASO,ES,Federal Contract Tower,12,12,66,0,90,0,0,118,0,118,12,12,184,0,208,45,0,45,253
04/25/2015,MLB,FL,ASO,ES,Federal Contract Tower,10,3,63,0,76,0,4,109,0,113,10,7,172,0,189,80,0,80,269
04/26/2015,MLB,FL,ASO,ES,Federal Contract Tower,12,10,26,0,48,0,2,46,0,48,12,12,72,0,96,0,0,0,96
04/27/2015,MLB,FL,ASO,ES,Federal Contract Tower,9,7,52,0,68,0,5,91,0,96,9,12,143,0,164,120,0,120,284
04/28/2015,MLB,FL,ASO,ES,Federal Contract Tower,9,8,28,0,45,0,0,37,0,37,9,8,65,0,82,54,0,54,136
04/29/2015,MLB,FL,ASO,ES,Federal Contract Tower,12,4,67,2,85,0,8,102,0,110,12,12,169,2,195,94,0,94,289
04/30/2015,MLB,FL,ASO,ES,Federal Contract Tower,13,13,55,0,81,0,1,122,2,125,13,14,177,2,206,113,0,113,319
05/01/2015,MLB,FL,ASO,ES,Federal Contract Tower,12,8,80,0,100,0,3,147,0,150,12,11,227,0,250,90,0,90,340
05/02/2015,MLB,FL,ASO,ES,Federal Contract Tower,8,3,72,0,83,0,3,135,0,138,8,6,207,0,221,125,0,125,346
05/03/2015,MLB,FL,ASO,ES,Federal Contract Tower,9,5,38,0,52,0,2,90,0,92,9,7,128,0,144,24,0,24,168
05/04/2015,MLB,FL,ASO,ES,Federal Contract Tower,9,6,43,0,58,0,6,119,0,125,9,12,162,0,183,59,0,59,242
05/05/2015,MLB,FL,ASO,ES,Federal Contract Tower,10,7,69,0,86,0,0,55,0,55,10,7,124,0,141,86,0,86,227
05/06/2015,MLB,FL,ASO,ES,Federal Contract Tower,10,6,63,0,79,0,7,55,0,62,10,13,118,0,141,72,0,72,213
05/07/2015,MLB,FL,ASO,ES,Federal Contract Tower,9,5,63,0,77,0,1,190,0,191,9,6,253,0,268,130,0,130,398
05/08/2015,MLB,FL,ASO,ES,Federal Contract Tower,8,4,55,0,67,0,2,186,0,188,8,6,241,0,255,176,0,176,431
05/09/2015,MLB,FL,ASO,ES,Federal Contract Tower,6,3,62,0,71,0,6,147,0,153,6,9,209,0,224,136,0,136,360
05/10/2015,MLB,FL,ASO,ES,Federal Contract Tower,7,4,21,0,32,0,9,88,0,97,7,13,109,0,129,52,0,52,181
05/11/2015,MLB,FL,ASO,ES,Federal Contract Tower,9,5,57,0,71,0,2,107,2,111,9,7,164,2,182,60,0,60,242
05/12/2015,MLB,FL,ASO,ES,Federal Contract Tower,11,4,60,0,75,0,3,81,0,84,11,7,141,0,159,88,0,88,247
05/13/2015,MLB,FL,ASO,ES,Federal Contract Tower,10,5,34,2,51,0,5,93,0,98,10,10,127,2,149,130,0,130,279
05/14/2015,MLB,FL,ASO,ES,Federal Contract Tower,9,9,74,2,94,0,5,97,0,102,9,14,171,2,196,108,0,108,304
05/15/2015,MLB,FL,ASO,ES,Federal Contract Tower,9,12,82,0,103,0,3,64,0,67,9,15,146,0,170,47,0,47,217
05/16/2015,MLB,FL,ASO,ES,Federal Contract Tower,8,3,69,0,80,0,7,93,0,100,8,10,162,0,180,49,0,49,229
05/17/2015,MLB,FL,ASO,ES,Federal Contract Tower,7,8,28,7,50,0,5,63,3,71,7,13,91,10,121,67,4,71,192
05/18/2015,MLB,FL,ASO,ES,Federal Contract Tower,7,8,71,0,86,0,6,149,0,155,7,14,220,0,241,124,0,124,365
05/19/2015,MLB,FL,ASO,ES,Federal Contract Tower,8,9,66,6,89,0,2,130,0,132,8,11,196,6,221,120,8,128,349
05/20/2015,MLB,FL,ASO,ES,Federal Contract Tower,9,7,120,0,136,0,0,131,0,131,9,7,251,0,267,82,0,82,349
05/21/2015,MLB,FL,ASO,ES,Federal Contract Tower,11,11,118,0,140,0,4,140,0,144,11,15,258,0,284,129,0,129,413
05/22/2015,MLB,FL,ASO,ES,Federal Contract Tower,9,4,106,0,119,0,2,167,0,169,9,6,273,0,288,116,0,116,404
05/23/2015,MLB,FL,ASO,ES,Federal Contract Tower,7,4,39,0,50,0,6,112,0,118,7,10,151,0,168,61,0,61,229
05/24/2015,MLB,FL,ASO,ES,Federal Contract Tower,9,9,17,11,46,0,4,41,0,45,9,13,58,11,91,36,0,36,127
05/25/2015,MLB,FL,ASO,ES,Federal Contract Tower,8,8,36,0,52,0,1,46,0,47,8,9,82,0,99,38,0,38,137
05/26/2015,MLB,FL,ASO,ES,Federal Contract Tower,7,6,119,2,134,0,6,129,0,135,7,12,248,2,269,59,0,59,328
05/27/2015,MLB,FL,ASO,ES,Federal Contract Tower,9,8,81,1,99,0,6,143,0,149,9,14,224,1,248,102,2,104,352
05/28/2015,MLB,FL,ASO,ES,Federal Contract Tower,8,7,94,0,109,0,5,134,2,141,8,12,228,2,250,57,0,57,307
05/29/2015,MLB,FL,ASO,ES,Federal Contract Tower,11,7,98,3,119,0,0,113,1,114,11,7,211,4,233,137,2,139,372
05/30/2015,MLB,FL,ASO,ES,Federal Contract Tower,9,2,38,0,49,0,7,90,0,97,9,9,128,0,146,112,0,112,258
05/31/2015,MLB,FL,ASO,ES,Federal Contract Tower,9,6,32,0,47,0,2,74,0,76,9,8,106,0,123,70,0,70,193
06/01/2015,MLB,FL,ASO,ES,Federal Contract Tower,11,6,77,0,94,0,3,90,0,93,11,9,167,0,187,196,0,196,383
06/02/2015,MLB,FL,ASO,ES,Federal Contract Tower,10,9,59,0,78,0,5,78,0,83,10,14,137,0,161,90,0,90,251
06/03/2015,MLB,FL,ASO,ES,Federal Contract Tower,11,3,66,0,80,0,3,108,0,111,11,6,174,0,191,170,0,170,361
06/04/2015,MLB,FL,ASO,ES,Federal Contract Tower,9,16,98,0,123,0,5,124,2,131,9,21,222,2,254,177,0,177,431
06/05/2015,MLB,FL,ASO,ES,Federal Contract Tower,7,11,78,0,96,0,3,108,0,111,7,14,186,0,207,59,0,59,266
06/06/2015,MLB,FL,ASO,ES,Federal Contract Tower,5,3,54,0,62,0,4,77,0,81,5,7,131,0,143,130,0,130,273
06/07/2015,MLB,FL,ASO,ES,Federal Contract Tower,6,8,33,0,47,0,11,51,0,62,6,19,84,0,109,28,0,28,137
06/08/2015,MLB,FL,ASO,ES,Federal Contract Tower,8,9,66,2,85,0,7,146,0,153,8,16,212,2,238,44,6,50,288
06/09/2015,MLB,FL,ASO,ES,Federal Contract Tower,6,10,51,0,67,0,1,56,0,57,6,11,107,0,124,33,0,33,157
06/10/2015,MLB,FL,ASO,ES,Federal Contract Tower,9,12,48,0,69,0,0,68,0,68,9,12,116,0,137,34,0,34,171
06/11/2015,MLB,FL,ASO,ES,Federal Contract Tower,9,12,69,0,90,0,8,127,0,135,9,20,196,0,225,103,0,103,328
06/12/2015,MLB,FL,ASO,ES,Federal Contract Tower,7,11,80,0,98,0,6,100,0,106,7,17,180,0,204,112,0,112,316
06/13/2015,MLB,FL,ASO,ES,Federal Contract Tower,7,8,44,0,59,0,6,74,0,80,7,14,118,0,139,135,0,135,274
06/14/2015,MLB,FL,ASO,ES,Federal Contract Tower,8,8,31,4,51,0,7,118,0,125,8,15,149,4,176,22,0,22,198
06/15/2015,MLB,FL,ASO,ES,Federal Contract Tower,7,11,63,2,83,0,2,152,0,154,7,13,215,2,237,27,0,27,264
06/16/2015,MLB,FL,ASO,ES,Federal Contract Tower,10,10,73,0,93,0,3,115,0,118,10,13,188,0,211,103,0,103,314
06/17/2015,MLB,FL,ASO,ES,Federal Contract Tower,10,13,57,0,80,0,5,114,2,121,10,18,171,2,201,94,0,94,295
06/18/2015,MLB,FL,ASO,ES,Federal Contract Tower,9,10,86,1,106,0,2,112,0,114,9,12,198,1,220,89,0,89,309
06/19/2015,MLB,FL,ASO,ES,Federal Contract Tower,16,11,73,1,101,0,6,111,0,117,16,17,184,1,218,64,0,64,282
06/20/2015,MLB,FL,ASO,ES,Federal Contract Tower,6,3,55,0,64,0,8,102,0,110,6,11,157,0,174,58,0,58,232
06/21/2015,MLB,FL,ASO,ES,Federal Contract Tower,8,9,35,1,53,0,4,43,0,47,8,13,78,1,100,24,0,24,124
06/22/2015,MLB,FL,ASO,ES,Federal Contract Tower,8,8,92,0,108,0,7,112,0,119,8,15,204,0,227,42,0,42,269
06/23/2015,MLB,FL,ASO,ES,Federal Contract Tower,8,13,61,0,82,0,3,84,0,87,8,16,145,0,169,72,0,72,241
06/24/2015,MLB,FL,ASO,ES,Federal Contract Tower,7,9,48,0,64,0,0,93,0,93,7,9,141,0,157,65,0,65,222
06/25/2015,MLB,FL,ASO,ES,Federal Contract Tower,8,10,66,0,84,0,1,55,0,56,8,11,121,0,140,24,0,24,164
06/26/2015,MLB,FL,ASO,ES,Federal Contract Tower,11,11,73,0,95,0,2,121,0,123,11,13,194,0,218,53,0,53,271
06/27/2015,MLB,FL,ASO,ES,Federal Contract Tower,7,6,60,0,73,0,3,77,0,80,7,9,137,0,153,110,0,110,263
06/28/2015,MLB,FL,ASO,ES,Federal Contract Tower,8,7,48,0,63,0,5,69,0,74,8,12,117,0,137,22,0,22,159
06/29/2015,MLB,FL,ASO,ES,Federal Contract Tower,7,10,50,0,67,0,2,76,0,78,7,12,126,0,145,74,0,74,219
06/30/2015,MLB,FL,ASO,ES,Federal Contract Tower,9,7,78,0,94,0,2,90,0,92,9,9,168,0,186,58,0,58,244
07/01/2015,MLB,FL,ASO,ES,Federal Contract Tower,7,4,71,0,82,0,1,72,0,73,7,5,143,0,155,110,0,110,265
07/02/2015,MLB,FL,ASO,ES,Federal Contract Tower,8,20,99,0,127,0,1,83,0,84,8,21,182,0,211,72,0,72,283
07/03/2015,MLB,FL,ASO,ES,Federal Contract Tower,8,6,33,0,47,0,4,62,0,66,8,10,95,0,113,40,0,40,153
07/04/2015,MLB,FL,ASO,ES,Federal Contract Tower,6,4,8,0,18,0,2,46,0,48,6,6,54,0,66,12,0,12,78
07/05/2015,MLB,FL,ASO,ES,Federal Contract Tower,9,8,38,0,55,0,0,51,0,51,9,8,89,0,106,26,0,26,132
07/06/2015,MLB,FL,ASO,ES,Federal Contract Tower,8,10,51,0,69,0,8,71,1,80,8,18,122,1,149,38,0,38,187
07/07/2015,MLB,FL,ASO,ES,Federal Contract Tower,7,13,86,0,106,0,5,82,0,87,7,18,168,0,193,36,0,36,229
07/08/2015,MLB,FL,ASO,ES,Federal Contract Tower,8,8,83,0,99,0,3,98,0,101,8,11,181,0,200,80,0,80,280
07/09/2015,MLB,FL,ASO,ES,Federal Contract Tower,7,12,80,0,99,0,4,113,0,117,7,16,193,0,216,53,0,53,269
07/10/2015,MLB,FL,ASO,ES,Federal Contract Tower,9,13,68,1,91,0,8,91,0,99,9,21,159,1,190,41,0,41,231
07/11/2015,MLB,FL,ASO,ES,Federal Contract Tower,6,3,49,0,58,0,3,92,0,95,6,6,141,0,153,83,0,83,236
07/12/2015,MLB,FL,ASO,ES,Federal Contract Tower,9,7,37,0,53,0,3,62,0,65,9,10,99,0,118,34,0,34,152
07/13/2015,MLB,FL,ASO,ES,Federal Contract Tower,9,6,100,0,115,0,5,74,0,79,9,11,174,0,194,52,0,52,246
07/14/2015,MLB,FL,ASO,ES,Federal Contract Tower,8,7,50,1,66,0,0,52,0,52,8,7,102,1,118,49,0,49,167
07/15/2015,MLB,FL,ASO,ES,Federal Contract Tower,7,7,48,1,63,0,2,81,4,87,7,9,129,5,150,88,0,88,238
07/16/2015,MLB,FL,ASO,ES,Federal Contract Tower,8,12,58,8,86,0,3,72,0,75,8,15,130,8,161,34,12,46,207
07/17/2015,MLB,FL,ASO,ES,Federal Contract Tower,8,10,55,0,73,0,0,86,0,86,8,10,141,0,159,12,0,12,171
07/18/2015,MLB,FL,ASO,ES,Federal Contract Tower,6,5,52,0,63,0,6,60,0,66,6,11,112,0,129,25,0,25,154
07/19/2015,MLB,FL,ASO,ES,Federal Contract Tower,8,6,16,3,33,0,7,48,0,55,8,13,64,3,88,19,0,19,107
07/20/2015,MLB,FL,ASO,ES,Federal Contract Tower,8,9,57,0,74,0,4,72,0,76,8,13,129,0,150,57,0,57,207
07/21/2015,MLB,FL,ASO,ES,Federal Contract Tower,8,10,58,0,76,0,3,78,2,83,8,13,136,2,159,75,0,75,234
07/22/2015,MLB,FL,ASO,ES,Federal Contract Tower,8,9,59,0,76,0,4,81,0,85,8,13,140,0,161,58,0,58,219
07/23/2015,MLB,FL,ASO,ES,Federal Contract Tower,8,11,62,2,83,0,4,70,1,75,8,15,132,3,158,112,0,112,270
07/24/2015,MLB,FL,ASO,ES,Federal Contract Tower,7,11,41,0,59,0,6,55,0,61,7,17,96,0,120,48,0,48,168
07/25/2015,MLB,FL,ASO,ES,Federal Contract Tower,6,6,44,0,56,0,3,31,1,35,6,9,75,1,91,46,0,46,137
07/26/2015,MLB,FL,ASO,ES,Federal Contract Tower,7,10,38,0,55,0,2,27,0,29,7,12,65,0,84,8,0,8,92
07/27/2015,MLB,FL,ASO,ES,Federal Contract Tower,7,9,60,0,76,0,1,88,0,89,7,10,148,0,165,40,0,40,205
07/28/2015,MLB,FL,ASO,ES,Federal Contract Tower,8,10,66,0,84,0,0,61,0,61,8,10,127,0,145,62,0,62,207
07/29/2015,MLB,FL,ASO,ES,Federal Contract Tower,7,6,72,0,85,0,6,45,0,51,7,12,117,0,136,82,0,82,218
07/30/2015,MLB,FL,ASO,ES,Federal Contract Tower,9,12,64,0,85,0,3,39,1,43,9,15,103,1,128,62,0,62,190
07/31/2015,MLB,FL,ASO,ES,Federal Contract Tower,9,16,51,6,82,0,4,75,0,79,9,20,126,6,161,84,0,84,245
08/01/2015,MLB,FL,ASO,ES,Federal Contract Tower,8,4,25,0,37,0,0,63,0,63,8,4,88,0,100,57,0,57,157
08/02/2015,MLB,FL,ASO,ES,Federal Contract Tower,9,6,24,0,39,0,0,42,0,42,9,6,66,0,81,13,0,13,94
08/03/2015,MLB,FL,ASO,ES,Federal Contract Tower,6,9,78,0,93,0,0,92,0,92,6,9,170,0,185,74,0,74,259
08/04/2015,MLB,FL,ASO,ES,Federal Contract Tower,6,18,71,0,95,0,2,129,0,131,6,20,200,0,226,166,0,166,392
08/05/2015,MLB,FL,ASO,ES,Federal Contract Tower,11,4,61,2,78,0,3,93,0,96,11,7,154,2,174,108,0,108,282
08/06/2015,MLB,FL,ASO,ES,Federal Contract Tower,9,12,49,0,70,0,5,92,0,97,9,17,141,0,167,69,0,69,236
08/07/2015,MLB,FL,ASO,ES,Federal Contract Tower,8,11,34,5,58,0,2,62,0,64,8,13,96,5,122,40,0,40,162
08/08/2015,MLB,FL,ASO,ES,Federal Contract Tower,6,5,21,0,32,0,0,52,0,52,6,5,73,0,84,43,0,43,127
08/09/2015,MLB,FL,ASO,ES,Federal Contract Tower,7,13,21,6,47,0,5,42,1,48,7,18,63,7,95,36,0,36,131
08/10/2015,MLB,FL,ASO,ES,Federal Contract Tower,8,9,41,0,58,0,8,95,1,104,8,17,136,1,162,122,8,130,292
08/11/2015,MLB,FL,ASO,ES,Federal Contract Tower,10,7,52,0,69,0,6,100,0,106,10,13,152,0,175,118,0,118,293
08/12/2015,MLB,FL,ASO,ES,Federal Contract Tower,9,11,74,0,94,0,5,89,0,94,9,16,163,0,188,126,0,126,314
08/13/2015,MLB,FL,ASO,ES,Federal Contract Tower,7,13,63,0,83,0,0,66,0,66,7,13,129,0,149,90,0,90,239
08/14/2015,MLB,FL,ASO,ES,Federal Contract Tower,9,13,81,3,106,0,5,75,0,80,9,18,156,3,186,47,0,47,233
08/15/2015,MLB,FL,ASO,ES,Federal Contract Tower,6,5,29,1,41,0,1,52,0,53,6,6,81,1,94,57,0,57,151
08/16/2015,MLB,FL,ASO,ES,Federal Contract Tower,10,5,60,1,76,0,0,34,0,34,10,5,94,1,110,24,0,24,134
08/17/2015,MLB,FL,ASO,ES,Federal Contract Tower,8,7,40,0,55,0,7,106,0,113,8,14,146,0,168,138,0,138,306
08/18/2015,MLB,FL,ASO,ES,Federal Contract Tower,7,9,64,0,80,0,8,83,0,91,7,17,147,0,171,52,0,52,223
08/19/2015,MLB,FL,ASO,ES,Federal Contract Tower,7,6,69,0,82,0,2,73,2,77,7,8,142,2,159,110,0,110,269
08/20/2015,MLB,FL,ASO,ES,Federal Contract Tower,6,13,64,0,83,0,0,76,0,76,6,13,140,0,159,62,0,62,221
08/21/2015,MLB,FL,ASO,ES,Federal Contract Tower,8,12,45,0,65,0,6,77,0,83,8,18,122,0,148,40,0,40,188
08/22/2015,MLB,FL,ASO,ES,Federal Contract Tower,6,6,51,0,63,0,6,82,0,88,6,12,133,0,151,37,0,37,188
08/23/2015,MLB,FL,ASO,ES,Federal Contract Tower,7,6,20,0,33,0,9,55,0,64,7,15,75,0,97,6,0,6,103
08/24/2015,MLB,FL,ASO,ES,Federal Contract Tower,7,10,44,0,61,0,2,81,0,83,7,12,125,0,144,38,0,38,182
08/25/2015,MLB,FL,ASO,ES,Federal Contract Tower,9,4,79,0,92,0,3,101,0,104,9,7,180,0,196,104,0,104,300
08/26/2015,MLB,FL,ASO,ES,Federal Contract Tower,12,7,63,0,82,0,8,89,0,97,12,15,152,0,179,50,0,50,229
08/27/2015,MLB,FL,ASO,ES,Federal Contract Tower,9,14,65,0,88,0,4,52,0,56,9,18,117,0,144,50,0,50,194
08/28/2015,MLB,FL,ASO,ES,Federal Contract Tower,9,6,36,0,51,0,7,80,2,89,9,13,116,2,140,38,0,38,178
08/29/2015,MLB,FL,ASO,ES,Federal Contract Tower,8,6,60,0,74,0,4,36,0,40,8,10,96,0,114,10,0,10,124
08/30/2015,MLB,FL,ASO,ES,Federal Contract Tower,9,6,9,0,24,0,2,2,0,4,9,8,11,0,28,0,0,0,28
08/31/2015,MLB,FL,ASO,ES,Federal Contract Tower,8,5,21,0,34,0,4,27,0,31,8,9,48,0,65,17,0,17,82
09/01/2015,MLB,FL,ASO,ES,Federal Contract Tower,8,11,103,2,124,1,0,150,2,153,9,11,253,4,277,132,4,136,413
09/02/2015,MLB,FL,ASO,ES,Federal Contract Tower,8,11,139,0,158,0,9,139,0,148,8,20,278,0,306,154,0,154,460
09/03/2015,MLB,FL,ASO,ES,Federal Contract Tower,8,9,101,0,118,0,7,82,0,89,8,16,183,0,207,34,0,34,241
09/04/2015,MLB,FL,ASO,ES,Federal Contract Tower,8,9,52,0,69,0,2,72,0,74,8,11,124,0,143,42,0,42,185
09/05/2015,MLB,FL,ASO,ES,Federal Contract Tower,4,4,37,0,45,0,3,103,1,107,4,7,140,1,152,18,0,18,170
09/06/2015,MLB,FL,ASO,ES,Federal Contract Tower,5,6,17,0,28,0,2,52,0,54,5,8,69,0,82,16,0,16,98
09/07/2015,MLB,FL,ASO,ES,Federal Contract Tower,9,7,29,0,45,0,0,53,0,53,9,7,82,0,98,49,0,49,147
09/08/2015,MLB,FL,ASO,ES,Federal Contract Tower,5,11,65,4,85,0,6,84,0,90,5,17,149,4,175,50,0,50,225
09/09/2015,MLB,FL,ASO,ES,Federal Contract Tower,3,9,46,0,58,0,2,139,2,143,3,11,185,2,201,50,0,50,251
09/10/2015,MLB,FL,ASO,ES,Federal Contract Tower,4,9,104,0,117,0,2,112,0,114,4,11,216,0,231,48,0,48,279
09/11/2015,MLB,FL,ASO,ES,Federal Contract Tower,5,11,90,3,109,0,5,122,1,128,5,16,212,4,237,67,0,67,304
09/12/2015,MLB,FL,ASO,ES,Federal Contract Tower,4,7,59,0,70,0,0,82,0,82,4,7,141,0,152,29,0,29,181
09/13/2015,MLB,FL,ASO,ES,Federal Contract Tower,7,9,29,0,45,0,3,43,0,46,7,12,72,0,91,54,0,54,145
09/14/2015,MLB,FL,ASO,ES,Federal Contract Tower,10,6,66,0,82,0,2,80,0,82,10,8,146,0,164,24,0,24,188
09/15/2015,MLB,FL,ASO,ES,Federal Contract Tower,12,8,25,4,49,0,3,42,1,46,12,11,67,5,95,31,0,31,126
09/16/2015,MLB,FL,ASO,ES,Federal Contract Tower,8,9,31,0,48,0,2,11,1,14,8,11,42,1,62,18,0,18,80
09/17/2015,MLB,FL,ASO,ES,Federal Contract Tower,10,8,46,0,64,0,2,28,0,30,10,10,74,0,94,20,0,20,114
09/18/2015,MLB,FL,ASO,ES,Federal Contract Tower,8,3,61,0,72,0,4,74,0,78,8,7,135,0,150,39,0,39,189
09/19/2015,MLB,FL,ASO,ES,Federal Contract Tower,7,7,38,0,52,0,5,81,0,86,7,12,119,0,138,16,0,16,154
09/20/2015,MLB,FL,ASO,ES,Federal Contract Tower,8,5,58,0,71,0,5,91,0,96,8,10,149,0,167,32,0,32,199
09/21/2015,MLB,FL,ASO,ES,Federal Contract Tower,10,9,72,2,93,0,5,158,6,169,10,14,230,8,262,114,0,114,376
09/22/2015,MLB,FL,ASO,ES,Federal Contract Tower,13,5,73,2,93,4,4,109,0,117,17,9,182,2,210,118,0,118,328
09/23/2015,MLB,FL,ASO,ES,Federal Contract Tower,9,10,63,3,85,0,5,81,0,86,9,15,144,3,171,118,0,118,289
09/24/2015,MLB,FL,ASO,ES,Federal Contract Tower,10,7,63,7,87,0,6,78,2,86,10,13,141,9,173,54,0,54,227
09/25/2015,MLB,FL,ASO,ES,Federal Contract Tower,8,11,92,0,111,0,11,111,0,122,8,22,203,0,233,65,0,65,298
09/26/2015,MLB,FL,ASO,ES,Federal Contract Tower,4,7,42,0,53,0,9,104,0,113,4,16,146,0,166,97,0,97,263
09/27/2015,MLB,FL,ASO,ES,Federal Contract Tower,8,10,22,0,40,0,1,59,0,60,8,11,81,0,100,46,0,46,146
09/28/2015,MLB,FL,ASO,ES,Federal Contract Tower,8,4,72,0,84,0,4,78,0,82,8,8,150,0,166,81,0,81,247
09/29/2015,MLB,FL,ASO,ES,Federal Contract Tower,7,15,81,0,103,0,1,32,0,33,7,16,113,0,136,27,0,27,163
09/30/2015,MLB,FL,ASO,ES,Federal Contract Tower,7,6,80,0,93,0,5,84,0,89,7,11,164,0,182,84,0,84,266
10/01/2015,MLB,FL,ASO,ES,Federal Contract Tower,8,9,88,0,105,0,6,82,0,88,8,15,170,0,193,66,0,66,259
10/02/2015,MLB,FL,ASO,ES,Federal Contract Tower,8,8,69,0,85,0,4,63,4,71,8,12,132,4,156,41,0,41,197
10/03/2015,MLB,FL,ASO,ES,Federal Contract Tower,8,4,48,0,60,0,0,61,0,61,8,4,109,0,121,64,0,64,185
10/04/2015,MLB,FL,ASO,ES,Federal Contract Tower,9,6,36,2,53,0,2,74,0,76,9,8,110,2,129,27,0,27,156
10/05/2015,MLB,FL,ASO,ES,Federal Contract Tower,8,8,69,0,85,0,2,138,0,140,8,10,207,0,225,217,0,217,442
10/06/2015,MLB,FL,ASO,ES,Federal Contract Tower,10,9,73,2,94,0,4,137,0,141,10,13,210,2,235,120,2,122,357
10/07/2015,MLB,FL,ASO,ES,Federal Contract Tower,7,7,82,2,98,0,7,137,2,146,7,14,219,4,244,86,0,86,330
10/08/2015,MLB,FL,ASO,ES,Federal Contract Tower,10,6,69,0,85,0,8,91,0,99,10,14,160,0,184,41,0,41,225
10/09/2015,MLB,FL,ASO,ES,Federal Contract Tower,9,7,105,0,121,0,3,62,0,65,9,10,167,0,186,32,0,32,218
10/10/2015,MLB,FL,ASO,ES,Federal Contract Tower,7,12,34,0,53,0,2,64,0,66,7,14,98,0,119,33,0,33,152
10/11/2015,MLB,FL,ASO,ES,Federal Contract Tower,9,13,29,0,51,0,2,21,0,23,9,15,50,0,74,30,0,30,104
10/12/2015,MLB,FL,ASO,ES,Federal Contract Tower,8,7,62,0,77,0,4,132,0,136,8,11,194,0,213,182,0,182,395
10/13/2015,MLB,FL,ASO,ES,Federal Contract Tower,8,8,66,2,84,0,1,113,1,115,8,9,179,3,199,134,0,134,333
10/14/2015,MLB,FL,ASO,ES,Federal Contract Tower,9,10,67,0,86,0,11,130,0,141,9,21,197,0,227,138,0,138,365
10/15/2015,MLB,FL,ASO,ES,Federal Contract Tower,8,6,72,8,94,0,1,105,0,106,8,7,177,8,200,92,0,92,292
10/16/2015,MLB,FL,ASO,ES,Federal Contract Tower,7,7,74,0,88,0,11,136,0,147,7,18,210,0,235,189,0,189,424
10/17/2015,MLB,FL,ASO,ES,Federal Contract Tower,6,6,45,0,57,0,2,130,0,132,6,8,175,0,189,430,0,430,619
10/18/2015,MLB,FL,ASO,ES,Federal Contract Tower,7,8,30,0,45,0,3,43,0,46,7,11,73,0,91,48,0,48,139
10/19/2015,MLB,FL,ASO,ES,Federal Contract Tower,9,9,52,8,78,0,4,78,0,82,9,13,130,8,160,340,0,340,500
10/20/2015,MLB,FL,ASO,ES,Federal Contract Tower,8,4,53,0,65,0,2,107,0,109,8,6,160,0,174,430,0,430,604
10/21/2015,MLB,FL,ASO,ES,Federal Contract Tower,9,11,76,2,98,0,2,135,0,137,9,13,211,2,235,66,0,66,301
10/22/2015,MLB,FL,ASO,ES,Federal Contract Tower,8,9,75,0,92,0,3,145,0,148,8,12,220,0,240,332,0,332,572
10/23/2015,MLB,FL,ASO,ES,Federal Contract Tower,8,9,46,0,63,0,6,128,0,134,8,15,174,0,197,202,0,202,399
10/24/2015,MLB,FL,ASO,ES,Federal Contract Tower,10,4,61,0,75,0,5,86,0,91,10,9,147,0,166,154,0,154,320
10/25/2015,MLB,FL,ASO,ES,Federal Contract Tower,9,7,55,0,71,0,2,50,0,52,9,9,105,0,123,50,0,50,173
10/26/2015,MLB,FL,ASO,ES,Federal Contract Tower,9,12,73,0,94,0,3,115,0,118,9,15,188,0,212,104,0,104,316
10/27/2015,MLB,FL,ASO,ES,Federal Contract Tower,7,19,74,1,101,0,4,90,4,98,7,23,164,5,199,100,6,106,305
10/28/2015,MLB,FL,ASO,ES,Federal Contract Tower,7,13,45,0,65,0,2,50,0,52,7,15,95,0,117,26,0,26,143
10/29/2015,MLB,FL,ASO,ES,Federal Contract Tower,8,7,104,0,119,0,4,102,0,106,8,11,206,0,225,149,0,149,374
10/30/2015,MLB,FL,ASO,ES,Federal Contract Tower,8,15,88,0,111,0,5,140,2,147,8,20,228,2,258,150,0,150,408
10/31/2015,MLB,FL,ASO,ES,Federal Contract Tower,4,2,48,0,54,0,4,105,0,109,4,6,153,0,163,89,0,89,252
11/01/2015,MLB,FL,ASO,ES,Federal Contract Tower,7,9,28,0,44,0,7,36,0,43,7,16,64,0,87,54,0,54,141
11/02/2015,MLB,FL,ASO,ES,Federal Contract Tower,8,7,83,0,98,0,2,137,0,139,8,9,220,0,237,115,0,115,352
11/03/2015,MLB,FL,ASO,ES,Federal Contract Tower,8,11,83,0,102,0,4,102,0,106,8,15,185,0,208,130,0,130,338
11/04/2015,MLB,FL,ASO,ES,Federal Contract Tower,8,10,68,0,86,0,3,66,0,69,8,13,134,0,155,80,0,80,235
11/05/2015,MLB,FL,ASO,ES,Federal Contract Tower,8,11,51,0,70,0,3,116,0,119,8,14,167,0,189,123,0,123,312
11/06/2015,MLB,FL,ASO,ES,Federal Contract Tower,8,9,102,2,121,0,9,94,2,105,8,18,196,4,226,112,14,126,352
11/07/2015,MLB,FL,ASO,ES,Federal Contract Tower,7,7,34,0,48,0,6,50,0,56,7,13,84,0,104,117,0,117,221
11/08/2015,MLB,FL,ASO,ES,Federal Contract Tower,7,7,27,0,41,0,0,58,1,59,7,7,85,1,100,15,0,15,115
11/09/2015,MLB,FL,ASO,ES,Federal Contract Tower,9,4,84,0,97,0,2,98,0,100,9,6,182,0,197,52,0,52,249
11/10/2015,MLB,FL,ASO,ES,Federal Contract Tower,9,9,108,0,126,0,1,88,0,89,9,10,196,0,215,82,0,82,297
11/11/2015,MLB,FL,ASO,ES,Federal Contract Tower,8,8,129,0,145,0,5,130,0,135,8,13,259,0,280,150,0,150,430
11/12/2015,MLB,FL,ASO,ES,Federal Contract Tower,8,14,110,1,133,0,2,164,0,166,8,16,274,1,299,191,0,191,490
11/13/2015,MLB,FL,ASO,ES,Federal Contract Tower,10,12,89,0,111,0,2,112,0,114,10,14,201,0,225,147,0,147,372
11/14/2015,MLB,FL,ASO,ES,Federal Contract Tower,10,5,51,0,66,0,7,72,0,79,10,12,123,0,145,86,0,86,231
11/15/2015,MLB,FL,ASO,ES,Federal Contract Tower,8,5,28,0,41,0,6,34,0,40,8,11,62,0,81,8,0,8,89
11/16/2015,MLB,FL,ASO,ES,Federal Contract Tower,7,8,59,1,75,0,4,93,0,97,7,12,152,1,172,98,12,110,282
11/17/2015,MLB,FL,ASO,ES,Federal Contract Tower,10,10,73,1,94,0,1,78,0,79,10,11,151,1,173,101,0,101,274
11/18/2015,MLB,FL,ASO,ES,Federal Contract Tower,9,8,84,0,101,0,4,23,0,27,9,12,107,0,128,12,0,12,140
11/19/2015,MLB,FL,ASO,ES,Federal Contract Tower,11,6,81,6,104,0,5,32,1,38,11,11,113,7,142,60,1,61,203
11/20/2015,MLB,FL,ASO,ES,Federal Contract Tower,7,5,104,0,116,0,7,64,0,71,7,12,168,0,187,81,0,81,268
11/21/2015,MLB,FL,ASO,ES,Federal Contract Tower,5,6,32,0,43,0,0,41,0,41,5,6,73,0,84,34,0,34,118
11/22/2015,MLB,FL,ASO,ES,Federal Contract Tower,5,9,35,0,49,0,0,6,0,6,5,9,41,0,55,0,0,0,55
11/23/2015,MLB,FL,ASO,ES,Federal Contract Tower,8,6,83,0,97,0,8,103,0,111,8,14,186,0,208,102,0,102,310
11/24/2015,MLB,FL,ASO,ES,Federal Contract Tower,7,12,108,0,127,0,5,144,0,149,7,17,252,0,276,132,0,132,408
11/25/2015,MLB,FL,ASO,ES,Federal Contract Tower,9,14,75,0,98,0,4,33,0,37,9,18,108,0,135,4,0,4,139
11/26/2015,MLB,FL,ASO,ES,Federal Contract Tower,4,8,8,0,20,0,6,11,0,17,4,14,19,0,37,0,0,0,37
11/27/2015,MLB,FL,ASO,ES,Federal Contract Tower,4,10,34,0,48,0,3,37,0,40,4,13,71,0,88,16,0,16,104
11/28/2015,MLB,FL,ASO,ES,Federal Contract Tower,10,8,50,0,68,0,16,80,0,96,10,24,130,0,164,87,0,87,251
11/29/2015,MLB,FL,ASO,ES,Federal Contract Tower,11,7,56,0,74,0,6,57,0,63,11,13,113,0,137,28,0,28,165
11/30/2015,MLB,FL,ASO,ES,Federal Contract Tower,7,9,86,0,102,0,6,68,0,74,7,15,154,0,176,164,0,164,340
12/01/2015,MLB,FL,ASO,ES,Federal Contract Tower,6,6,69,0,81,0,4,100,0,104,6,10,169,0,185,100,0,100,285
12/02/2015,MLB,FL,ASO,ES,Federal Contract Tower,10,7,84,0,101,0,2,97,1,100,10,9,181,1,201,102,0,102,303
12/03/2015,MLB,FL,ASO,ES,Federal Contract Tower,11,10,124,1,146,0,2,9,0,11,11,12,133,1,157,18,0,18,175
12/04/2015,MLB,FL,ASO,ES,Federal Contract Tower,12,10,99,0,121,0,3,15,0,18,12,13,114,0,139,0,0,0,139
12/05/2015,MLB,FL,ASO,ES,Federal Contract Tower,8,5,42,0,55,0,4,49,0,53,8,9,91,0,108,34,0,34,142
12/06/2015,MLB,FL,ASO,ES,Federal Contract Tower,9,7,48,2,66,0,2,70,0,72,9,9,118,2,138,18,0,18,156
12/07/2015,MLB,FL,ASO,ES,Federal Contract Tower,8,8,78,0,94,0,2,4,0,6,8,10,82,0,100,2,0,2,102
12/08/2015,MLB,FL,ASO,ES,Federal Contract Tower,10,7,99,0,116,0,3,111,0,114,10,10,210,0,230,162,0,162,392
12/09/2015,MLB,FL,ASO,ES,Federal Contract Tower,12,7,85,0,104,0,9,141,0,150,12,16,226,0,254,224,0,224,478
12/10/2015,MLB,FL,ASO,ES,Federal Contract Tower,10,13,97,0,120,0,4,123,0,127,10,17,220,0,247,86,0,86,333
12/11/2015,MLB,FL,ASO,ES,Federal Contract Tower,10,8,128,0,146,0,4,113,0,117,10,12,241,0,263,58,0,58,321
12/12/2015,MLB,FL,ASO,ES,Federal Contract Tower,8,11,77,0,96,0,3,106,1,110,8,14,183,1,206,74,0,74,280
12/13/2015,MLB,FL,ASO,ES,Federal Contract Tower,13,4,57,0,74,0,2,53,0,55,13,6,110,0,129,35,0,35,164
12/14/2015,MLB,FL,ASO,ES,Federal Contract Tower,10,5,58,2,75,0,4,64,2,70,10,9,122,4,145,58,0,58,203
12/15/2015,MLB,FL,ASO,ES,Federal Contract Tower,10,9,73,1,93,0,8,82,0,90,10,17,155,1,183,106,18,124,307
12/16/2015,MLB,FL,ASO,ES,Federal Contract Tower,10,5,63,8,86,0,5,103,0,108,10,10,166,8,194,78,40,118,312
12/17/2015,MLB,FL,ASO,ES,Federal Contract Tower,9,10,64,0,83,0,4,44,0,48,9,14,108,0,131,8,0,8,139
12/18/2015,MLB,FL,ASO,ES,Federal Contract Tower,10,8,74,0,92,0,2,11,0,13,10,10,85,0,105,0,0,0,105
12/19/2015,MLB,FL,ASO,ES,Federal Contract Tower,4,14,31,9,58,0,7,44,1,52,4,21,75,10,110,27,0,27,137
12/20/2015,MLB,FL,ASO,ES,Federal Contract Tower,7,14,42,0,63,0,3,34,0,37,7,17,76,0,100,31,0,31,131
12/21/2015,MLB,FL,ASO,ES,Federal Contract Tower,9,13,75,0,97,0,2,68,0,70,9,15,143,0,167,77,0,77,244
12/22/2015,MLB,FL,ASO,ES,Federal Contract Tower,12,19,51,0,82,0,2,66,0,68,12,21,117,0,150,94,0,94,244
12/23/2015,MLB,FL,ASO,ES,Federal Contract Tower,10,9,49,0,68,0,0,25,0,25,10,9,74,0,93,5,0,5,98
12/24/2015,MLB,FL,ASO,ES,Federal Contract Tower,8,7,21,0,36,0,2,42,0,44,8,9,63,0,80,5,0,5,85
12/25/2015,MLB,FL,ASO,ES,Federal Contract Tower,5,8,2,0,15,0,4,11,0,15,5,12,13,0,30,4,0,4,34
12/26/2015,MLB,FL,ASO,ES,Federal Contract Tower,4,18,26,2,50,0,2,26,0,28,4,20,52,2,78,0,0,0,78
12/27/2015,MLB,FL,ASO,ES,Federal Contract Tower,9,16,40,0,65,0,0,22,0,22,9,16,62,0,87,12,0,12,99
12/28/2015,MLB,FL,ASO,ES,Federal Contract Tower,15,7,70,0,92,0,7,43,0,50,15,14,113,0,142,54,0,54,196
12/29/2015,MLB,FL,ASO,ES,Federal Contract Tower,13,20,39,0,72,0,2,79,0,81,13,22,118,0,153,32,0,32,185
12/30/2015,MLB,FL,ASO,ES,Federal Contract Tower,14,16,64,0,94,0,8,67,0,75,14,24,131,0,169,50,0,50,219
12/31/2015,MLB,FL,ASO,ES,Federal Contract Tower,8,8,39,0,55,0,10,49,0,59,8,18,88,0,114,22,0,22,136
01/01/2016,MLB,FL,ASO,ES,Federal Contract Tower,8,3,10,0,21,0,4,23,0,27,8,7,33,0,48,2,0,2,50
01/02/2016,MLB,FL,ASO,ES,Federal Contract Tower,11,9,28,2,50,0,5,5,0,10,11,14,33,2,60,26,0,26,86
01/03/2016,MLB,FL,ASO,ES,Federal Contract Tower,12,13,57,0,82,0,0,2,0,2,12,13,59,0,84,0,0,0,84
01/04/2016,MLB,FL,ASO,ES,Federal Contract Tower,9,10,50,2,71,0,2,52,0,54,9,12,102,2,125,36,0,36,161
01/05/2016,MLB,FL,ASO,ES,Federal Contract Tower,11,2,57,0,70,0,9,25,0,34,11,11,82,0,104,50,0,50,154
01/06/2016,MLB,FL,ASO,ES,Federal Contract Tower,15,4,41,0,60,0,5,8,0,13,15,9,49,0,73,6,0,6,79
01/07/2016,MLB,FL,ASO,ES,Federal Contract Tower,11,6,101,2,120,0,0,61,0,61,11,6,162,2,181,32,0,32,213
01/08/2016,MLB,FL,ASO,ES,Federal Contract Tower,11,6,55,0,72,0,6,32,0,38,11,12,87,0,110,59,0,59,169
01/09/2016,MLB,FL,ASO,ES,Federal Contract Tower,6,7,42,2,57,0,1,40,0,41,6,8,82,2,98,88,0,88,186
01/10/2016,MLB,FL,ASO,ES,Federal Contract Tower,9,5,46,0,60,0,2,42,0,44,9,7,88,0,104,32,0,32,136
01/11/2016,MLB,FL,ASO,ES,Federal Contract Tower,13,9,68,0,90,0,4,89,0,93,13,13,157,0,183,142,0,142,325
01/12/2016,MLB,FL,ASO,ES,Federal Contract Tower,11,5,73,0,89,0,4,91,0,95,11,9,164,0,184,162,0,162,346
01/13/2016,MLB,FL,ASO,ES,Federal Contract Tower,10,3,96,0,109,0,6,106,0,112,10,9,202,0,221,178,0,178,399
01/14/2016,MLB,FL,ASO,ES,Federal Contract Tower,9,3,74,0,86,0,8,112,0,120,9,11,186,0,206,154,0,154,360
01/15/2016,MLB,FL,ASO,ES,Federal Contract Tower,11,7,31,0,49,0,2,33,0,35,11,9,64,0,84,23,0,23,107
01/16/2016,MLB,FL,ASO,ES,Federal Contract Tower,6,8,98,0,112,0,28,121,0,149,6,36,219,0,261,204,0,204,465
01/17/2016,MLB,FL,ASO,ES,Federal Contract Tower,7,5,19,0,31,0,2,6,0,8,7,7,25,0,39,6,0,6,45
01/18/2016,MLB,FL,ASO,ES,Federal Contract Tower,10,7,56,0,73,10,8,94,0,112,20,15,150,0,185,66,0,66,251
01/19/2016,MLB,FL,ASO,ES,Federal Contract Tower,9,7,78,0,94,0,4,74,4,82,9,11,152,4,176,71,4,75,251
01/20/2016,MLB,FL,ASO,ES,Federal Contract Tower,11,2,87,0,100,0,4,157,2,163,11,6,244,2,263,69,0,69,332
01/21/2016,MLB,FL,ASO,ES,Federal Contract Tower,11,4,67,0,82,0,0,148,0,148,11,4,215,0,230,168,0,168,398
01/22/2016,MLB,FL,ASO,ES,Federal Contract Tower,8,11,23,0,42,0,3,28,2,33,8,14,51,2,75,20,0,20,95
01/23/2016,MLB,FL,ASO,ES,Federal Contract Tower,7,4,24,1,36,0,3,34,0,37,7,7,58,1,73,16,0,16,89
01/24/2016,MLB,FL,ASO,ES,Federal Contract Tower,17,3,29,0,49,0,2,116,0,118,17,5,145,0,167,91,0,91,258
01/25/2016,MLB,FL,ASO,ES,Federal Contract Tower,10,6,71,1,88,0,4,131,0,135,10,10,202,1,223,130,0,130,353
01/26/2016,MLB,FL,ASO,ES,Federal Contract Tower,10,7,62,0,79,0,6,78,0,84,10,13,140,0,163,124,0,124,287
01/27/2016,MLB,FL,ASO,ES,Federal Contract Tower,10,12,36,0,58,0,0,5,0,5,10,12,41,0,63,0,0,0,63
01/28/2016,MLB,FL,ASO,ES,Federal Contract Tower,10,11,46,2,69,0,0,0,0,0,10,11,46,2,69,0,0,0,69
01/29/2016,MLB,FL,ASO,ES,Federal Contract Tower,10,5,110,5,130,0,4,123,4,131,10,9,233,9,261,108,0,108,369
01/30/2016,MLB,FL,ASO,ES,Federal Contract Tower,6,10,55,4,75,0,4,283,0,287,6,14,338,4,362,109,0,109,471
01/31/2016,MLB,FL,ASO,ES,Federal Contract Tower,11,5,35,1,52,0,12,59,0,71,11,17,94,1,123,62,0,62,185
02/01/2016,MLB,FL,ASO,ES,Federal Contract Tower,10,5,62,1,78,0,4,113,0,117,10,9,175,1,195,171,0,171,366
02/02/2016,MLB,FL,ASO,ES,Federal Contract Tower,11,4,58,1,74,0,4,69,0,73,11,8,127,1,147,80,0,80,227
02/03/2016,MLB,FL,ASO,ES,Federal Contract Tower,10,9,109,2,130,0,3,73,0,76,10,12,182,2,206,48,0,48,254
02/04/2016,MLB,FL,ASO,ES,Federal Contract Tower,12,8,82,0,102,0,4,64,0,68,12,12,146,0,170,28,0,28,198
02/05/2016,MLB,FL,ASO,ES,Federal Contract Tower,9,9,47,8,73,0,5,48,9,62,9,14,95,17,135,38,0,38,173
02/06/2016,MLB,FL,ASO,ES,Federal Contract Tower,6,10,76,0,92,0,6,102,1,109,6,16,178,1,201,121,0,121,322
02/07/2016,MLB,FL,ASO,ES,Federal Contract Tower,8,10,12,3,33,0,0,9,7,16,8,10,21,10,49,0,0,0,49
02/08/2016,MLB,FL,ASO,ES,Federal Contract Tower,10,14,73,0,97,0,4,138,2,144,10,18,211,2,241,146,0,146,387
02/09/2016,MLB,FL,ASO,ES,Federal Contract Tower,10,6,54,5,75,0,0,67,0,67,10,6,121,5,142,12,6,18,160
02/10/2016,MLB,FL,ASO,ES,Federal Contract Tower,13,6,69,0,88,0,6,149,2,157,13,12,218,2,245,122,0,122,367
02/11/2016,MLB,FL,ASO,ES,Federal Contract Tower,11,9,115,12,147,0,5,205,4,214,11,14,320,16,361,142,0,142,503
02/12/2016,MLB,FL,ASO,ES,Federal Contract Tower,11,12,127,3,153,0,6,170,4,180,11,18,297,7,333,126,0,126,459
02/13/2016,MLB,FL,ASO,ES,Federal Contract Tower,8,9,89,0,106,0,7,149,0,156,8,16,238,0,262,75,0,75,337
02/14/2016,MLB,FL,ASO,ES,Federal Contract Tower,12,4,68,0,84,0,5,123,0,128,12,9,191,0,212,40,0,40,252
02/15/2016,MLB,FL,ASO,ES,Federal Contract Tower,10,4,76,2,92,0,0,101,2,103,10,4,177,4,195,61,0,61,256
02/16/2016,MLB,FL,ASO,ES,Federal Contract Tower,11,7,85,0,103,0,5,118,0,123,11,12,203,0,226,132,0,132,358
02/17/2016,MLB,FL,ASO,ES,Federal Contract Tower,14,8,84,4,110,0,9,152,0,161,14,17,236,4,271,168,0,168,439
02/18/2016,MLB,FL,ASO,ES,Federal Contract Tower,13,4,78,0,95,0,4,97,2,103,13,8,175,2,198,118,0,118,316
02/19/2016,MLB,FL,ASO,ES,Federal Contract Tower,8,14,91,0,113,0,5,160,0,165,8,19,251,0,278,116,0,116,394
02/20/2016,MLB,FL,ASO,ES,Federal Contract Tower,7,10,53,2,72,0,9,127,0,136,7,19,180,2,208,110,0,110,318
02/21/2016,MLB,FL,ASO,ES,Federal Contract Tower,12,3,39,4,58,0,6,70,0,76,12,9,109,4,134,28,2,30,164
02/22/2016,MLB,FL,ASO,ES,Federal Contract Tower,11,11,94,0,116,0,3,125,0,128,11,14,219,0,244,144,0,144,388
02/23/2016,MLB,FL,ASO,ES,Federal Contract Tower,9,7,50,0,66,0,4,67,0,71,9,11,117,0,137,52,0,52,189
02/24/2016,MLB,FL,ASO,ES,Federal Contract Tower,12,3,45,0,60,0,2,12,0,14,12,5,57,0,74,0,0,0,74
02/25/2016,MLB,FL,ASO,ES,Federal Contract Tower,11,4,115,2,132,0,7,99,0,106,11,11,214,2,238,70,0,70,308
02/26/2016,MLB,FL,ASO,ES,Federal Contract Tower,12,6,85,0,103,0,2,170,0,172,12,8,255,0,275,153,0,153,428
02/27/2016,MLB,FL,ASO,ES,Federal Contract Tower,6,6,58,0,70,0,5,138,0,143,6,11,196,0,213,147,0,147,360
02/28/2016,MLB,FL,ASO,ES,Federal Contract Tower,11,3,45,0,59,0,8,105,0,113,11,11,150,0,172,53,0,53,225
02/29/2016,MLB,FL,ASO,ES,Federal Contract Tower,10,9,57,0,76,0,5,190,0,195,10,14,247,0,271,133,0,133,404
03/01/2016,MLB,FL,ASO,ES,Federal Contract Tower,13,13,80,3,109,0,4,175,0,179,13,17,255,3,288,92,0,92,380
03/02/2016,MLB,FL,ASO,ES,Federal Contract Tower,14,6,80,2,102,0,5,126,1,132,14,11,206,3,234,74,0,74,308
03/03/2016,MLB,FL,ASO,ES,Federal Contract Tower,9,10,75,3,97,0,8,145,0,153,9,18,220,3,250,154,0,154,404
03/04/2016,MLB,FL,ASO,ES,Federal Contract Tower,12,11,78,1,102,0,0,92,0,92,12,11,170,1,194,54,0,54,248
03/05/2016,MLB,FL,ASO,ES,Federal Contract Tower,8,9,57,0,74,0,1,135,0,136,8,10,192,0,210,190,0,190,400
03/06/2016,MLB,FL,ASO,ES,Federal Contract Tower,16,4,59,7,86,0,2,71,2,75,16,6,130,9,161,24,0,24,185
03/07/2016,MLB,FL,ASO,ES,Federal Contract Tower,15,7,61,0,83,0,9,104,0,113,15,16,165,0,196,228,0,228,424
03/08/2016,MLB,FL,ASO,ES,Federal Contract Tower,15,9,53,0,77,0,6,118,0,124,15,15,171,0,201,156,0,156,357
03/09/2016,MLB,FL,ASO,ES,Federal Contract Tower,17,7,68,6,98,0,9,82,0,91,17,16,150,6,189,96,0,96,285
03/10/2016,MLB,FL,ASO,ES,Federal Contract Tower,13,7,71,0,91,0,9,40,0,49,13,16,111,0,140,51,4,55,195
03/11/2016,MLB,FL,ASO,ES,Federal Contract Tower,13,14,47,0,74,0,5,76,0,81,13,19,123,0,155,77,0,77,232
03/12/2016,MLB,FL,ASO,ES,Federal Contract Tower,10,12,69,1,92,0,4,58,0,62,10,16,127,1,154,17,0,17,171
03/13/2016,MLB,FL,ASO,ES,Federal Contract Tower,14,3,37,2,56,0,0,39,1,40,14,3,76,3,96,34,0,34,130
03/14/2016,MLB,FL,ASO,ES,Federal Contract Tower,15,13,74,0,102,0,6,127,0,133,15,19,201,0,235,36,0,36,271
03/15/2016,MLB,FL,ASO,ES,Federal Contract Tower,13,4,83,0,100,0,4,95,0,99,13,8,178,0,199,62,0,62,261
03/16/2016,MLB,FL,ASO,ES,Federal Contract Tower,18,6,97,0,121,0,3,114,1,118,18,9,211,1,239,124,0,124,363
03/17/2016,MLB,FL,ASO,ES,Federal Contract Tower,15,11,112,0,138,0,6,102,0,108,15,17,214,0,246,106,0,106,352
03/18/2016,MLB,FL,ASO,ES,Federal Contract Tower,15,9,86,0,110,0,6,166,0,172,15,15,252,0,282,145,0,145,427
03/19/2016,MLB,FL,ASO,ES,Federal Contract Tower,11,11,42,0,64,0,4,38,0,42,11,15,80,0,106,56,0,56,162
03/20/2016,MLB,FL,ASO,ES,Federal Contract Tower,16,3,44,0,63,0,2,42,0,44,16,5,86,0,107,26,0,26,133
03/21/2016,MLB,FL,ASO,ES,Federal Contract Tower,17,6,44,1,68,0,2,54,0,56,17,8,98,1,124,42,0,42,166
03/22/2016,MLB,FL,ASO,ES,Federal Contract Tower,16,4,95,1,116,0,3,239,0,242,16,7,334,1,358,80,0,80,438
03/23/2016,MLB,FL,ASO,ES,Federal Contract Tower,13,5,93,0,111,0,9,166,4,179,13,14,259,4,290,148,0,148,438
03/24/2016,MLB,FL,ASO,ES,Federal Contract Tower,12,14,77,0,103,0,1,76,0,77,12,15,153,0,180,82,0,82,262
03/25/2016,MLB,FL,ASO,ES,Federal Contract Tower,13,10,59,0,82,0,4,67,0,71,13,14,126,0,153,38,0,38,191
03/26/2016,MLB,FL,ASO,ES,Federal Contract Tower,10,11,74,0,95,0,0,79,0,79,10,11,153,0,174,115,0,115,289
03/27/2016,MLB,FL,ASO,ES,Federal Contract Tower,11,9,44,0,64,0,2,26,0,28,11,11,70,0,92,18,0,18,110
03/28/2016,MLB,FL,ASO,ES,Federal Contract Tower,17,9,64,0,90,0,4,37,0,41,17,13,101,0,131,38,0,38,169
03/29/2016,MLB,FL,ASO,ES,Federal Contract Tower,20,8,61,2,91,0,2,25,0,27,20,10,86,2,118,10,0,10,128
03/30/2016,MLB,FL,ASO,ES,Federal Contract Tower,15,7,139,0,161,0,8,132,0,140,15,15,271,0,301,102,0,102,403
03/31/2016,MLB,FL,ASO,ES,Federal Contract Tower,11,18,76,4,109,0,0,101,2,103,11,18,177,6,212,113,0,113,325
04/01/2016,MLB,FL,ASO,ES,Federal Contract Tower,9,14,32,1,56,0,2,18,1,21,9,16,50,2,77,0,0,0,77
04/02/2016,MLB,FL,ASO,ES,Federal Contract Tower,11,5,11,0,27,0,2,18,1,21,11,7,29,1,48,3,0,3,51
04/03/2016,MLB,FL,ASO,ES,Federal Contract Tower,11,3,19,2,35,0,4,46,0,50,11,7,65,2,85,12,0,12,97
04/04/2016,MLB,FL,ASO,ES,Federal Contract Tower,16,8,74,2,100,0,3,142,1,146,16,11,216,3,246,151,0,151,397
04/05/2016,MLB,FL,ASO,ES,Federal Contract Tower,16,4,100,2,122,0,4,160,3,167,16,8,260,5,289,152,0,152,441
04/06/2016,MLB,FL,ASO,ES,Federal Contract Tower,13,10,115,0,138,9,13,142,0,164,22,23,257,0,302,112,0,112,414
04/07/2016,MLB,FL,ASO,ES,Federal Contract Tower,13,8,59,0,80,0,7,157,0,164,13,15,216,0,244,148,0,148,392
04/08/2016,MLB,FL,ASO,ES,Federal Contract Tower,11,17,81,0,109,0,8,158,0,166,11,25,239,0,275,109,0,109,384
04/09/2016,MLB,FL,ASO,ES,Federal Contract Tower,14,7,52,0,73,0,5,103,0,108,14,12,155,0,181,58,0,58,239
04/10/2016,MLB,FL,ASO,ES,Federal Contract Tower,15,9,38,0,62,0,7,78,0,85,15,16,116,0,147,48,0,48,195
04/11/2016,MLB,FL,ASO,ES,Federal Contract Tower,13,4,58,0,75,0,9,83,0,92,13,13,141,0,167,114,0,114,281
04/12/2016,MLB,FL,ASO,ES,Federal Contract Tower,13,3,64,0,80,0,0,144,0,144,13,3,208,0,224,134,0,134,358
04/13/2016,MLB,FL,ASO,ES,Federal Contract Tower,13,8,81,0,102,0,2,134,0,136,13,10,215,0,238,114,0,114,352
04/14/2016,MLB,FL,ASO,ES,Federal Contract Tower,16,5,70,0,91,0,0,79,1,80,16,5,149,1,171,84,0,84,255
04/15/2016,MLB,FL,ASO,ES,Federal Contract Tower,14,12,51,0,77,0,3,25,0,28,14,15,76,0,105,6,14,20,125
04/16/2016,MLB,FL,ASO,ES,Federal Contract Tower,15,13,34,3,65,0,1,10,0,11,15,14,44,3,76,0,0,0,76
04/17/2016,MLB,FL,ASO,ES,Federal Contract Tower,13,8,32,0,53,0,4,70,0,74,13,12,102,0,127,32,0,32,159
04/18/2016,MLB,FL,ASO,ES,Federal Contract Tower,17,6,53,0,76,0,0,107,8,115,17,6,160,8,191,96,0,96,287
04/19/2016,MLB,FL,ASO,ES,Federal Contract Tower,13,6,89,0,108,0,5,138,0,143,13,11,227,0,251,156,0,156,407
04/20/2016,MLB,FL,ASO,ES,Federal Contract Tower,16,6,109,0,131,0,5,157,0,162,16,11,266,0,293,104,0,104,397
04/21/2016,MLB,FL,ASO,ES,Federal Contract Tower,11,11,76,0,98,0,6,104,0,110,11,17,180,0,208,105,0,105,313
04/22/2016,MLB,FL,ASO,ES,Federal Contract Tower,17,18,47,0,82,0,7,99,0,106,17,25,146,0,188,37,0,37,225
04/23/2016,MLB,FL,ASO,ES,Federal Contract Tower,14,11,52,0,77,0,4,55,0,59,14,15,107,0,136,50,0,50,186
04/24/2016,MLB,FL,ASO,ES,Federal Contract Tower,16,11,51,1,79,0,7,123,0,130,16,18,174,1,209,64,0,64,273
04/25/2016,MLB,FL,ASO,ES,Federal Contract Tower,19,15,50,0,84,0,1,113,0,114,19,16,163,0,198,49,0,49,247
04/26/2016,MLB,FL,ASO,ES,Federal Contract Tower,15,5,78,1,99,0,2,126,0,128,15,7,204,1,227,64,0,64,291
04/27/2016,MLB,FL,ASO,ES,Federal Contract Tower,14,6,79,0,99,0,9,132,0,141,14,15,211,0,240,102,0,102,342
04/28/2016,MLB,FL,ASO,ES,Federal Contract Tower,12,6,92,0,110,0,8,129,0,137,12,14,221,0,247,125,0,125,372
04/29/2016,MLB,FL,ASO,ES,Federal Contract Tower,10,18,79,1,108,0,4,122,4,130,10,22,201,5,238,36,0,36,274
04/30/2016,MLB,FL,ASO,ES,Federal Contract Tower,11,6,55,3,75,0,0,106,0,106,11,6,161,3,181,74,0,74,255
05/01/2016,MLB,FL,ASO,ES,Federal Contract Tower,9,6,52,5,72,0,3,89,2,94,9,9,141,7,166,56,6,62,228
05/02/2016,MLB,FL,ASO,ES,Federal Contract Tower,12,18,64,1,95,0,19,67,0,86,12,37,131,1,181,91,0,91,272
05/03/2016,MLB,FL,ASO,ES,Federal Contract Tower,15,7,80,0,102,0,4,76,1,81,15,11,156,1,183,92,0,92,275
05/04/2016,MLB,FL,ASO,ES,Federal Contract Tower,11,5,22,0,38,0,0,5,0,5,11,5,27,0,43,24,0,24,67
05/05/2016,MLB,FL,ASO,ES,Federal Contract Tower,11,11,93,0,115,0,1,122,0,123,11,12,215,0,238,67,0,67,305
05/06/2016,MLB,FL,ASO,ES,Federal Contract Tower,11,18,49,0,78,0,7,74,0,81,11,25,123,0,159,28,0,28,187
05/07/2016,MLB,FL,ASO,ES,Federal Contract Tower,8,3,41,0,52,0,0,81,0,81,8,3,122,0,133,57,0,57,190
05/08/2016,MLB,FL,ASO,ES,Federal Contract Tower,9,7,40,0,56,0,2,72,0,74,9,9,112,0,130,23,0,23,153
05/09/2016,MLB,FL,ASO,ES,Federal Contract Tower,10,12,59,0,81,0,2,109,0,111,10,14,168,0,192,178,0,178,370
05/10/2016,MLB,FL,ASO,ES,Federal Contract Tower,14,14,67,0,95,0,4,122,0,126,14,18,189,0,221,126,0,126,347
05/11/2016,MLB,FL,ASO,ES,Federal Contract Tower,10,12,69,0,91,0,5,110,1,116,10,17,179,1,207,88,0,88,295
05/12/2016,MLB,FL,ASO,ES,Federal Contract Tower,14,10,80,0,104,0,4,125,1,130,14,14,205,1,234,184,0,184,418
05/13/2016,MLB,FL,ASO,ES,Federal Contract Tower,9,14,55,1,79,0,2,101,1,104,9,16,156,2,183,88,0,88,271
05/14/2016,MLB,FL,ASO,ES,Federal Contract Tower,9,4,56,0,69,0,10,93,0,103,9,14,149,0,172,67,0,67,239
05/15/2016,MLB,FL,ASO,ES,Federal Contract Tower,12,5,35,2,54,0,2,60,5,67,12,7,95,7,121,47,0,47,168
05/16/2016,MLB,FL,ASO,ES,Federal Contract Tower,11,9,50,0,70,0,6,87,1,94,11,15,137,1,164,74,0,74,238
05/17/2016,MLB,FL,ASO,ES,Federal Contract Tower,10,10,50,0,70,0,0,34,0,34,10,10,84,0,104,56,0,56,160
05/18/2016,MLB,FL,ASO,ES,Federal Contract Tower,8,7,37,0,52,0,7,65,0,72,8,14,102,0,124,44,22,66,190
05/19/2016,MLB,FL,ASO,ES,Federal Contract Tower,9,14,75,4,102,0,4,68,0,72,9,18,143,4,174,118,2,120,294
05/20/2016,MLB,FL,ASO,ES,Federal Contract Tower,11,14,61,2,88,0,3,81,0,84,11,17,142,2,172,54,2,56,228
05/21/2016,MLB,FL,ASO,ES,Federal Contract Tower,8,4,57,4,73,0,4,74,1,79,8,8,131,5,152,78,0,78,230
05/22/2016,MLB,FL,ASO,ES,Federal Contract Tower,11,7,25,0,43,0,2,41,0,43,11,9,66,0,86,6,0,6,92
05/23/2016,MLB,FL,ASO,ES,Federal Contract Tower,9,9,48,0,66,0,5,109,0,114,9,14,157,0,180,72,0,72,252
05/24/2016,MLB,FL,ASO,ES,Federal Contract Tower,9,8,56,0,73,0,0,74,0,74,9,8,130,0,147,154,0,154,301
05/25/2016,MLB,FL,ASO,ES,Federal Contract Tower,10,10,86,0,106,0,21,93,0,114,10,31,179,0,220,97,0,97,317
05/26/2016,MLB,FL,ASO,ES,Federal Contract Tower,9,15,86,0,110,0,7,134,0,141,9,22,220,0,251,162,0,162,413
05/27/2016,MLB,FL,ASO,ES,Federal Contract Tower,12,13,61,0,86,0,9,61,0,70,12,22,122,0,156,74,0,74,230
05/28/2016,MLB,FL,ASO,ES,Federal Contract Tower,13,1,41,0,55,0,6,87,0,93,13,7,128,0,148,31,0,31,179
05/29/2016,MLB,FL,ASO,ES,Federal Contract Tower,11,2,22,0,35,0,1,40,0,41,11,3,62,0,76,16,0,16,92
05/30/2016,MLB,FL,ASO,ES,Federal Contract Tower,15,10,25,0,50,0,4,71,0,75,15,14,96,0,125,52,0,52,177
05/31/2016,MLB,FL,ASO,ES,Federal Contract Tower,7,8,43,1,59,0,7,77,0,84,7,15,120,1,143,104,0,104,247
06/01/2016,MLB,FL,ASO,ES,Federal Contract Tower,10,13,63,2,88,0,3,134,1,138,10,16,197,3,226,132,0,132,358
06/02/2016,MLB,FL,ASO,ES,Federal Contract Tower,7,11,63,0,81,0,7,108,1,116,7,18,171,1,197,120,0,120,317
06/03/2016,MLB,FL,ASO,ES,Federal Contract Tower,12,14,70,0,96,0,5,107,0,112,12,19,177,0,208,104,0,104,312
06/04/2016,MLB,FL,ASO,ES,Federal Contract Tower,8,14,65,0,87,0,7,53,0,60,8,21,118,0,147,89,0,89,236
06/05/2016,MLB,FL,ASO,ES,Federal Contract Tower,8,8,33,4,53,0,2,35,0,37,8,10,68,4,90,0,0,0,90
06/06/2016,MLB,FL,ASO,ES,Federal Contract Tower,11,11,26,4,52,0,1,8,1,10,11,12,34,5,62,15,0,15,77
06/07/2016,MLB,FL,ASO,ES,Federal Contract Tower,11,9,6,0,26,0,4,4,0,8,11,13,10,0,34,0,0,0,34
06/08/2016,MLB,FL,ASO,ES,Federal Contract Tower,11,7,78,0,96,0,2,18,0,20,11,9,96,0,116,12,0,12,128
06/09/2016,MLB,FL,ASO,ES,Federal Contract Tower,9,10,30,0,49,0,0,29,0,29,9,10,59,0,78,16,0,16,94
06/10/2016,MLB,FL,ASO,ES,Federal Contract Tower,9,14,114,0,137,0,6,24,0,30,9,20,138,0,167,14,0,14,181
06/11/2016,MLB,FL,ASO,ES,Federal Contract Tower,8,9,52,1,70,0,8,101,1,110,8,17,153,2,180,50,0,50,230
06/12/2016,MLB,FL,ASO,ES,Federal Contract Tower,10,9,32,0,51,0,6,61,0,67,10,15,93,0,118,64,0,64,182
06/13/2016,MLB,FL,ASO,ES,Federal Contract Tower,9,12,57,0,78,0,7,117,0,124,9,19,174,0,202,79,0,79,281
06/14/2016,MLB,FL,ASO,ES,Federal Contract Tower,9,6,50,0,65,0,1,70,0,71,9,7,120,0,136,30,0,30,166
06/15/2016,MLB,FL,ASO,ES,Federal Contract Tower,10,7,48,0,65,0,4,108,0,112,10,11,156,0,177,58,0,58,235
06/16/2016,MLB,FL,ASO,ES,Federal Contract Tower,10,12,50,0,72,0,0,86,0,86,10,12,136,0,158,66,0,66,224
06/17/2016,MLB,FL,ASO,ES,Federal Contract Tower,7,19,67,0,93,0,2,69,0,71,7,21,136,0,164,90,0,90,254
06/18/2016,MLB,FL,ASO,ES,Federal Contract Tower,9,10,72,0,91,0,2,70,0,72,9,12,142,0,163,32,0,32,195
06/19/2016,MLB,FL,ASO,ES,Federal Contract Tower,5,9,16,0,30,0,2,17,0,19,5,11,33,0,49,0,0,0,49
06/20/2016,MLB,FL,ASO,ES,Federal Contract Tower,12,8,81,0,101,0,2,65,0,67,12,10,146,0,168,64,0,64,232
06/21/2016,MLB,FL,ASO,ES,Federal Contract Tower,9,7,55,0,71,0,4,119,0,123,9,11,174,0,194,140,0,140,334
06/22/2016,MLB,FL,ASO,ES,Federal Contract Tower,9,14,51,0,74,0,4,127,0,131,9,18,178,0,205,110,0,110,315
06/23/2016,MLB,FL,ASO,ES,Federal Contract Tower,10,10,94,0,114,0,3,129,0,132,10,13,223,0,246,99,0,99,345
06/24/2016,MLB,FL,ASO,ES,Federal Contract Tower,9,14,69,0,92,0,3,108,0,111,9,17,177,0,203,18,0,18,221
06/25/2016,MLB,FL,ASO,ES,Federal Contract Tower,9,5,28,0,42,0,2,93,0,95,9,7,121,0,137,78,0,78,215
06/26/2016,MLB,FL,ASO,ES,Federal Contract Tower,12,9,24,1,46,0,4,30,0,34,12,13,54,1,80,2,0,2,82
06/27/2016,MLB,FL,ASO,ES,Federal Contract Tower,9,11,50,0,70,0,4,88,1,93,9,15,138,1,163,54,0,54,217
06/28/2016,MLB,FL,ASO,ES,Federal Contract Tower,12,4,78,4,98,0,3,117,0,120,12,7,195,4,218,118,0,118,336
06/29/2016,MLB,FL,ASO,ES,Federal Contract Tower,10,12,73,0,95,0,1,66,0,67,10,13,139,0,162,120,0,120,282
06/30/2016,MLB,FL,ASO,ES,Federal Contract Tower,9,8,74,0,91,0,7,59,0,66,9,15,133,0,157,26,0,26,183
07/01/2016,MLB,FL,ASO,ES,Federal Contract Tower,13,11,100,0,124,0,5,85,0,90,13,16,185,0,214,49,0,49,263
07/02/2016,MLB,FL,ASO,ES,Federal Contract Tower,7,3,41,0,51,0,4,102,0,106,7,7,143,0,157,72,0,72,229
07/03/2016,MLB,FL,ASO,ES,Federal Contract Tower,7,3,23,0,33,0,4,57,0,61,7,7,80,0,94,36,0,36,130
07/04/2016,MLB,FL,ASO,ES,Federal Contract Tower,8,4,11,0,23,0,11,39,0,50,8,15,50,0,73,46,0,46,119
07/05/2016,MLB,FL,ASO,ES,Federal Contract Tower,7,6,64,4,81,0,5,71,0,76,7,11,135,4,157,54,0,54,211
07/06/2016,MLB,FL,ASO,ES,Federal Contract Tower,9,3,73,0,85,0,2,107,0,109,9,5,180,0,194,106,0,106,300
07/07/2016,MLB,FL,ASO,ES,Federal Contract Tower,11,8,75,0,94,0,7,136,0,143,11,15,211,0,237,44,0,44,281
07/08/2016,MLB,FL,ASO,ES,Federal Contract Tower,9,14,76,6,105,0,6,124,1,131,9,20,200,7,236,54,0,54,290
07/09/2016,MLB,FL,ASO,ES,Federal Contract Tower,7,9,57,0,73,0,6,77,0,83,7,15,134,0,156,46,0,46,202
07/10/2016,MLB,FL,ASO,ES,Federal Contract Tower,8,10,35,0,53,0,2,48,0,50,8,12,83,0,103,35,0,35,138
07/11/2016,MLB,FL,ASO,ES,Federal Contract Tower,13,8,64,0,85,0,8,105,2,115,13,16,169,2,200,162,0,162,362
07/12/2016,MLB,FL,ASO,ES,Federal Contract Tower,9,5,36,0,50,0,2,84,0,86,9,7,120,0,136,70,0,70,206
07/13/2016,MLB,FL,ASO,ES,Federal Contract Tower,9,5,20,0,34,0,2,94,0,96,9,7,114,0,130,140,0,140,270
07/14/2016,MLB,FL,ASO,ES,Federal Contract Tower,9,13,102,0,124,0,0,116,0,116,9,13,218,0,240,124,0,124,364
07/15/2016,MLB,FL,ASO,ES,Federal Contract Tower,11,13,80,0,104,0,6,95,0,101,11,19,175,0,205,150,0,150,355
07/16/2016,MLB,FL,ASO,ES,Federal Contract Tower,8,6,32,0,46,0,0,79,0,79,8,6,111,0,125,0,114,114,239
07/17/2016,MLB,FL,ASO,ES,Federal Contract Tower,9,9,29,0,47,0,3,54,0,57,9,12,83,0,104,16,0,16,120
07/18/2016,MLB,FL,ASO,ES,Federal Contract Tower,12,6,48,0,66,0,5,116,0,121,12,11,164,0,187,77,0,77,264
07/19/2016,MLB,FL,ASO,ES,Federal Contract Tower,11,6,67,0,84,0,5,69,0,74,11,11,136,0,158,140,0,140,298
07/20/2016,MLB,FL,ASO,ES,Federal Contract Tower,10,3,71,0,84,0,8,136,0,144,10,11,207,0,228,110,0,110,338
07/21/2016,MLB,FL,ASO,ES,Federal Contract Tower,8,9,64,0,81,0,6,77,0,83,8,15,141,0,164,138,0,138,302
07/22/2016,MLB,FL,ASO,ES,Federal Contract Tower,13,6,61,0,80,0,3,64,0,67,13,9,125,0,147,82,0,82,229
07/23/2016,MLB,FL,ASO,ES,Federal Contract Tower,11,5,44,0,60,0,4,115,0,119,11,9,159,0,179,62,0,62,241
07/24/2016,MLB,FL,ASO,ES,Federal Contract Tower,9,8,27,0,44,0,2,95,0,97,9,10,122,0,141,14,0,14,155
07/25/2016,MLB,FL,ASO,ES,Federal Contract Tower,13,6,71,4,94,0,4,84,0,88,13,10,155,4,182,44,0,44,226
07/26/2016,MLB,FL,ASO,ES,Federal Contract Tower,8,11,82,0,101,0,5,68,10,83,8,16,150,10,184,122,0,122,306
07/27/2016,MLB,FL,ASO,ES,Federal Contract Tower,12,4,56,0,72,2,4,113,0,119,14,8,169,0,191,120,0,120,311
07/28/2016,MLB,FL,ASO,ES,Federal Contract Tower,6,12,65,0,83,0,5,111,0,116,6,17,176,0,199,94,0,94,293
07/29/2016,MLB,FL,ASO,ES,Federal Contract Tower,13,11,63,3,90,0,5,85,7,97,13,16,148,10,187,69,0,69,256
07/30/2016,MLB,FL,ASO,ES,Federal Contract Tower,6,6,30,0,42,0,7,89,0,96,6,13,119,0,138,53,0,53,191
07/31/2016,MLB,FL,ASO,ES,Federal Contract Tower,9,13,38,0,60,0,10,41,0,51,9,23,79,0,111,10,0,10,121
08/01/2016,MLB,FL,ASO,ES,Federal Contract Tower,10,12,49,6,77,0,1,113,0,114,10,13,162,6,191,96,0,96,287
08/02/2016,MLB,FL,ASO,ES,Federal Contract Tower,9,7,71,0,87,0,6,47,0,53,9,13,118,0,140,53,0,53,193
08/03/2016,MLB,FL,ASO,ES,Federal Contract Tower,8,14,70,10,102,0,2,86,0,88,8,16,156,10,190,85,0,85,275
08/04/2016,MLB,FL,ASO,ES,Federal Contract Tower,10,9,56,0,75,0,7,46,0,53,10,16,102,0,128,42,0,42,170
08/05/2016,MLB,FL,ASO,ES,Federal Contract Tower,9,12,58,0,79,0,2,78,0,80,9,14,136,0,159,72,0,72,231
08/06/2016,MLB,FL,ASO,ES,Federal Contract Tower,7,6,60,0,73,0,3,61,0,64,7,9,121,0,137,110,0,110,247
08/07/2016,MLB,FL,ASO,ES,Federal Contract Tower,11,8,22,0,41,0,0,28,0,28,11,8,50,0,69,22,0,22,91
08/08/2016,MLB,FL,ASO,ES,Federal Contract Tower,9,10,56,0,75,0,4,35,0,39,9,14,91,0,114,82,0,82,196
08/09/2016,MLB,FL,ASO,ES,Federal Contract Tower,7,10,79,0,96,0,3,84,0,87,7,13,163,0,183,92,0,92,275
08/10/2016,MLB,FL,ASO,ES,Federal Contract Tower,12,8,73,1,94,0,4,81,1,86,12,12,154,2,180,130,0,130,310
08/11/2016,MLB,FL,ASO,ES,Federal Contract Tower,7,16,70,0,93,0,12,73,0,85,7,28,143,0,178,67,1,68,246
08/12/2016,MLB,FL,ASO,ES,Federal Contract Tower,8,10,87,0,105,0,6,91,0,97,8,16,178,0,202,110,0,110,312
08/14/2016,MLB,FL,ASO,ES,Federal Contract Tower,10,8,22,0,40,0,1,32,0,33,10,9,54,0,73,47,0,47,120
08/15/2016,MLB,FL,ASO,ES,Federal Contract Tower,9,10,49,0,68,0,5,76,0,81,9,15,125,0,149,22,0,22,171
08/16/2016,MLB,FL,ASO,ES,Federal Contract Tower,8,8,57,0,73,0,1,76,0,77,8,9,133,0,150,70,0,70,220
08/17/2016,MLB,FL,ASO,ES,Federal Contract Tower,10,8,78,0,96,0,8,68,0,76,10,16,146,0,172,51,0,51,223
08/18/2016,MLB,FL,ASO,ES,Federal Contract Tower,9,11,66,0,86,0,1,82,0,83,9,12,148,0,169,109,0,109,278
08/19/2016,MLB,FL,ASO,ES,Federal Contract Tower,12,12,56,0,80,0,3,88,0,91,12,15,144,0,171,114,0,114,285
08/20/2016,MLB,FL,ASO,ES,Federal Contract Tower,7,5,58,0,70,0,2,93,0,95,7,7,151,0,165,76,0,76,241
08/21/2016,MLB,FL,ASO,ES,Federal Contract Tower,10,5,27,1,43,0,2,75,0,77,10,7,102,1,120,32,0,32,152
08/22/2016,MLB,FL,ASO,ES,Federal Contract Tower,9,16,98,2,125,0,2,141,0,143,9,18,239,2,268,85,0,85,353
08/23/2016,MLB,FL,ASO,ES,Federal Contract Tower,14,8,69,14,105,0,2,84,0,86,14,10,153,14,191,80,8,88,279
08/24/2016,MLB,FL,ASO,ES,Federal Contract Tower,7,8,66,2,83,0,4,27,0,31,7,12,93,2,114,40,0,40,154
08/25/2016,MLB,FL,ASO,ES,Federal Contract Tower,9,8,100,8,125,0,6,95,3,104,9,14,195,11,229,82,0,82,311
08/26/2016,MLB,FL,ASO,ES,Federal Contract Tower,13,18,64,2,97,0,0,48,0,48,13,18,112,2,145,22,0,22,167
08/27/2016,MLB,FL,ASO,ES,Federal Contract Tower,11,9,43,2,65,0,1,59,0,60,11,10,102,2,125,120,0,120,245
08/28/2016,MLB,FL,ASO,ES,Federal Contract Tower,9,7,30,0,46,0,4,51,0,55,9,11,81,0,101,32,0,32,133
08/29/2016,MLB,FL,ASO,ES,Federal Contract Tower,12,4,27,0,43,0,0,40,0,40,12,4,67,0,83,58,0,58,141
08/30/2016,MLB,FL,ASO,ES,Federal Contract Tower,11,9,60,0,80,0,2,16,0,18,11,11,76,0,98,28,0,28,126
08/31/2016,MLB,FL,ASO,ES,Federal Contract Tower,8,10,109,0,127,0,0,75,0,75,8,10,184,0,202,68,0,68,270
09/01/2016,MLB,FL,ASO,ES,Federal Contract Tower,10,10,57,0,77,0,5,69,0,74,10,15,126,0,151,62,0,62,213
09/02/2016,MLB,FL,ASO,ES,Federal Contract Tower,12,7,44,0,63,0,2,32,0,34,12,9,76,0,97,27,0,27,124
09/03/2016,MLB,FL,ASO,ES,Federal Contract Tower,7,5,70,1,83,0,7,123,0,130,7,12,193,1,213,122,0,122,335
09/04/2016,MLB,FL,ASO,ES,Federal Contract Tower,9,5,61,0,75,0,4,105,0,109,9,9,166,0,184,114,0,114,298
09/05/2016,MLB,FL,ASO,ES,Federal Contract Tower,18,2,53,0,73,0,2,80,0,82,18,4,133,0,155,76,0,76,231
09/06/2016,MLB,FL,ASO,ES,Federal Contract Tower,10,4,50,4,68,0,7,122,0,129,10,11,172,4,197,168,0,168,365
09/07/2016,MLB,FL,ASO,ES,Federal Contract Tower,8,7,101,0,116,0,6,160,0,166,8,13,261,0,282,222,0,222,504
09/08/2016,MLB,FL,ASO,ES,Federal Contract Tower,8,6,93,0,107,0,7,157,0,164,8,13,250,0,271,184,0,184,455
09/09/2016,MLB,FL,ASO,ES,Federal Contract Tower,9,11,91,1,112,0,2,161,0,163,9,13,252,1,275,199,4,203,478
09/10/2016,MLB,FL,ASO,ES,Federal Contract Tower,5,8,62,0,75,0,7,110,0,117,5,15,172,0,192,160,0,160,352
09/11/2016,MLB,FL,ASO,ES,Federal Contract Tower,11,2,27,0,40,0,3,43,0,46,11,5,70,0,86,6,0,6,92
09/12/2016,MLB,FL,ASO,ES,Federal Contract Tower,14,7,75,0,96,0,2,97,0,99,14,9,172,0,195,237,0,237,432
09/13/2016,MLB,FL,ASO,ES,Federal Contract Tower,11,6,14,0,31,0,0,1,0,1,11,6,15,0,32,0,0,0,32
09/14/2016,MLB,FL,ASO,ES,Federal Contract Tower,10,6,63,0,79,0,0,106,0,106,10,6,169,0,185,74,2,76,261
09/15/2016,MLB,FL,ASO,ES,Federal Contract Tower,11,6,100,0,117,0,5,128,0,133,11,11,228,0,250,158,0,158,408
09/16/2016,MLB,FL,ASO,ES,Federal Contract Tower,16,12,107,0,135,0,7,164,0,171,16,19,271,0,306,175,0,175,481
09/17/2016,MLB,FL,ASO,ES,Federal Contract Tower,11,1,53,0,65,0,2,89,0,91,11,3,142,0,156,76,0,76,232
09/18/2016,MLB,FL,ASO,ES,Federal Contract Tower,13,2,37,0,52,0,0,37,0,37,13,2,74,0,89,16,0,16,105
09/19/2016,MLB,FL,ASO,ES,Federal Contract Tower,14,7,56,0,77,0,3,111,0,114,14,10,167,0,191,174,0,174,365
09/20/2016,MLB,FL,ASO,ES,Federal Contract Tower,15,2,71,0,88,0,7,109,0,116,15,9,180,0,204,141,0,141,345
09/21/2016,MLB,FL,ASO,ES,Federal Contract Tower,11,7,106,0,124,0,3,139,0,142,11,10,245,0,266,205,0,205,471
09/22/2016,MLB,FL,ASO,ES,Federal Contract Tower,9,6,92,0,107,0,2,135,0,137,9,8,227,0,244,234,0,234,478
09/23/2016,MLB,FL,ASO,ES,Federal Contract Tower,13,11,82,0,106,0,4,106,0,110,13,15,188,0,216,92,0,92,308
09/24/2016,MLB,FL,ASO,ES,Federal Contract Tower,9,1,49,0,59,0,0,102,0,102,9,1,151,0,161,98,0,98,259
09/25/2016,MLB,FL,ASO,ES,Federal Contract Tower,9,9,34,0,52,0,3,60,0,63,9,12,94,0,115,20,0,20,135
09/26/2016,MLB,FL,ASO,ES,Federal Contract Tower,15,11,56,0,82,0,3,110,0,113,15,14,166,0,195,58,0,58,253
09/27/2016,MLB,FL,ASO,ES,Federal Contract Tower,13,3,75,0,91,0,2,134,0,136,13,5,209,0,227,148,0,148,375
09/28/2016,MLB,FL,ASO,ES,Federal Contract Tower,14,6,80,0,100,0,2,110,0,112,14,8,190,0,212,110,0,110,322
09/29/2016,MLB,FL,ASO,ES,Federal Contract Tower,11,6,87,0,104,0,4,175,0,179,11,10,262,0,283,176,0,176,459
09/30/2016,MLB,FL,ASO,ES,Federal Contract Tower,14,12,86,0,112,0,8,132,0,140,14,20,218,0,252,204,4,208,460
10/01/2016,MLB,FL,ASO,ES,Federal Contract Tower,7,7,59,0,73,0,1,168,0,169,7,8,227,0,242,206,0,206,448
10/02/2016,MLB,FL,ASO,ES,Federal Contract Tower,13,10,24,0,47,0,0,60,0,60,13,10,84,0,107,42,0,42,149
10/03/2016,MLB,FL,ASO,ES,Federal Contract Tower,14,5,59,0,78,0,0,33,0,33,14,5,92,0,111,54,0,54,165
10/04/2016,MLB,FL,ASO,ES,Federal Contract Tower,11,8,65,0,84,0,3,77,1,81,11,11,142,1,165,132,0,132,297
10/05/2016,MLB,FL,ASO,ES,Federal Contract Tower,13,7,61,1,82,0,1,28,1,30,13,8,89,2,112,12,6,18,130
10/06/2016,MLB,FL,ASO,ES,Federal Contract Tower,7,4,15,0,26,0,0,2,0,2,7,4,17,0,28,0,0,0,28
10/08/2016,MLB,FL,ASO,ES,Federal Contract Tower,5,5,54,0,64,0,6,36,0,42,5,11,90,0,106,16,0,16,122
10/09/2016,MLB,FL,ASO,ES,Federal Contract Tower,13,8,50,0,71,0,7,34,0,41,13,15,84,0,112,10,0,10,122
10/10/2016,MLB,FL,ASO,ES,Federal Contract Tower,13,10,59,1,83,0,2,24,0,26,13,12,83,1,109,12,0,12,121
10/11/2016,MLB,FL,ASO,ES,Federal Contract Tower,8,6,89,0,103,0,6,80,2,88,8,12,169,2,191,68,0,68,259
10/12/2016,MLB,FL,ASO,ES,Federal Contract Tower,7,8,75,0,90,0,5,102,0,107,7,13,177,0,197,76,0,76,273
10/13/2016,MLB,FL,ASO,ES,Federal Contract Tower,13,7,80,0,100,0,6,145,0,151,13,13,225,0,251,166,0,166,417
10/14/2016,MLB,FL,ASO,ES,Federal Contract Tower,16,10,151,0,177,0,0,140,0,140,16,10,291,0,317,118,0,118,435
10/15/2016,MLB,FL,ASO,ES,Federal Contract Tower,9,10,47,1,67,0,12,118,1,131,9,22,165,2,198,102,0,102,300
10/16/2016,MLB,FL,ASO,ES,Federal Contract Tower,13,14,49,1,77,0,4,54,0,58,13,18,103,1,135,40,0,40,175
10/17/2016,MLB,FL,ASO,ES,Federal Contract Tower,13,13,73,0,99,0,9,176,0,185,13,22,249,0,284,191,0,191,475
10/18/2016,MLB,FL,ASO,ES,Federal Contract Tower,8,8,73,0,89,0,5,195,0,200,8,13,268,0,289,211,0,211,500
10/19/2016,MLB,FL,ASO,ES,Federal Contract Tower,14,9,94,0,117,0,1,143,0,144,14,10,237,0,261,124,0,124,385
10/20/2016,MLB,FL,ASO,ES,Federal Contract Tower,10,6,98,0,114,0,4,165,0,169,10,10,263,0,283,204,0,204,487
10/21/2016,MLB,FL,ASO,ES,Federal Contract Tower,16,8,119,0,143,0,4,128,0,132,16,12,247,0,275,100,0,100,375
10/22/2016,MLB,FL,ASO,ES,Federal Contract Tower,9,4,76,0,89,0,3,157,0,160,9,7,233,0,249,182,0,182,431
10/23/2016,MLB,FL,ASO,ES,Federal Contract Tower,11,10,30,0,51,0,6,76,0,82,11,16,106,0,133,20,0,20,153
10/24/2016,MLB,FL,ASO,ES,Federal Contract Tower,13,6,100,0,119,0,4,131,0,135,13,10,231,0,254,194,0,194,448
10/26/2016,MLB,FL,ASO,ES,Federal Contract Tower,8,7,81,0,96,0,5,119,0,124,8,12,200,0,220,110,0,110,330
10/27/2016,MLB,FL,ASO,ES,Federal Contract Tower,11,11,74,6,102,0,2,69,0,71,11,13,143,6,173,92,0,92,265
10/28/2016,MLB,FL,ASO,ES,Federal Contract Tower,12,9,56,2,79,0,12,82,1,95,12,21,138,3,174,102,0,102,276
10/29/2016,MLB,FL,ASO,ES,Federal Contract Tower,11,4,31,0,46,0,11,67,0,78,11,15,98,0,124,20,0,20,144
10/30/2016,MLB,FL,ASO,ES,Federal Contract Tower,9,13,40,0,62,0,5,77,0,82,9,18,117,0,144,74,0,74,218
10/31/2016,MLB,FL,ASO,ES,Federal Contract Tower,13,10,56,1,80,0,10,151,0,161,13,20,207,1,241,166,2,168,409
11/01/2016,MLB,FL,ASO,ES,Federal Contract Tower,8,7,74,0,89,0,4,115,5,124,8,11,189,5,213,187,0,187,400
11/02/2016,MLB,FL,ASO,ES,Federal Contract Tower,8,6,54,0,68,0,0,121,0,121,8,6,175,0,189,108,0,108,297
11/03/2016,MLB,FL,ASO,ES,Federal Contract Tower,6,11,84,0,101,0,2,167,0,169,6,13,251,0,270,198,0,198,468
11/04/2016,MLB,FL,ASO,ES,Federal Contract Tower,12,17,66,0,95,0,7,162,2,171,12,24,228,2,266,204,0,204,470
11/05/2016,MLB,FL,ASO,ES,Federal Contract Tower,7,3,72,0,82,0,6,93,3,102,7,9,165,3,184,146,0,146,330
11/06/2016,MLB,FL,ASO,ES,Federal Contract Tower,7,4,27,0,38,0,2,30,2,34,7,6,57,2,72,12,0,12,84
11/07/2016,MLB,FL,ASO,ES,Federal Contract Tower,10,8,96,0,114,0,6,140,0,146,10,14,236,0,260,100,0,100,360
11/08/2016,MLB,FL,ASO,ES,Federal Contract Tower,9,7,73,0,89,0,4,142,0,146,9,11,215,0,235,191,0,191,426
11/09/2016,MLB,FL,ASO,ES,Federal Contract Tower,11,8,77,0,96,0,4,187,0,191,11,12,264,0,287,208,0,208,495
11/10/2016,MLB,FL,ASO,ES,Federal Contract Tower,11,8,58,0,77,0,5,194,0,199,11,13,252,0,276,266,0,266,542
11/11/2016,MLB,FL,ASO,ES,Federal Contract Tower,15,10,85,0,110,0,4,195,0,199,15,14,280,0,309,206,0,206,515
11/12/2016,MLB,FL,ASO,ES,Federal Contract Tower,8,6,35,0,49,0,2,174,0,176,8,8,209,0,225,160,0,160,385
11/13/2016,MLB,FL,ASO,ES,Federal Contract Tower,10,9,47,0,66,0,0,73,0,73,10,9,120,0,139,24,0,24,163
11/14/2016,MLB,FL,ASO,ES,Federal Contract Tower,17,6,86,0,109,0,2,107,0,109,17,8,193,0,218,179,2,181,399
11/15/2016,MLB,FL,ASO,ES,Federal Contract Tower,11,13,67,0,91,0,9,167,0,176,11,22,234,0,267,112,0,112,379
11/16/2016,MLB,FL,ASO,ES,Federal Contract Tower,14,9,69,0,92,0,10,126,0,136,14,19,195,0,228,116,0,116,344
11/17/2016,MLB,FL,ASO,ES,Federal Contract Tower,10,15,87,0,112,0,4,236,0,240,10,19,323,0,352,178,0,178,530
11/18/2016,MLB,FL,ASO,ES,Federal Contract Tower,13,13,106,0,132,0,0,182,0,182,13,13,288,0,314,162,0,162,476
11/19/2016,MLB,FL,ASO,ES,Federal Contract Tower,5,8,58,0,71,0,2,151,0,153,5,10,209,0,224,186,0,186,410
11/20/2016,MLB,FL,ASO,ES,Federal Contract Tower,9,11,34,0,54,0,6,52,0,58,9,17,86,0,112,34,0,34,146
11/21/2016,MLB,FL,ASO,ES,Federal Contract Tower,16,6,61,0,83,0,2,170,0,172,16,8,231,0,255,170,2,172,427
11/22/2016,MLB,FL,ASO,ES,Federal Contract Tower,10,17,63,0,90,0,2,131,2,135,10,19,194,2,225,175,0,175,400
11/23/2016,MLB,FL,ASO,ES,Federal Contract Tower,12,11,74,0,97,0,5,107,0,112,12,16,181,0,209,134,0,134,343
11/24/2016,MLB,FL,ASO,ES,Federal Contract Tower,4,5,4,0,13,0,2,24,0,26,4,7,28,0,39,0,0,0,39
11/25/2016,MLB,FL,ASO,ES,Federal Contract Tower,10,9,20,0,39,0,4,74,0,78,10,13,94,0,117,54,0,54,171
11/26/2016,MLB,FL,ASO,ES,Federal Contract Tower,8,10,35,23,76,0,4,63,0,67,8,14,98,23,143,46,0,46,189
11/27/2016,MLB,FL,ASO,ES,Federal Contract Tower,13,16,49,0,78,0,4,42,0,46,13,20,91,0,124,22,0,22,146
11/28/2016,MLB,FL,ASO,ES,Federal Contract Tower,17,13,34,1,65,0,0,108,1,109,17,13,142,2,174,106,0,106,280
11/29/2016,MLB,FL,ASO,ES,Federal Contract Tower,11,6,73,0,90,0,6,117,0,123,11,12,190,0,213,56,0,56,269
11/30/2016,MLB,FL,ASO,ES,Federal Contract Tower,11,9,96,2,118,0,6,91,0,97,11,15,187,2,215,60,0,60,275
12/01/2016,MLB,FL,ASO,ES,Federal Contract Tower,12,12,87,0,111,0,3,88,1,92,12,15,175,1,203,48,0,48,251
12/02/2016,MLB,FL,ASO,ES,Federal Contract Tower,10,10,106,0,126,0,5,157,1,163,10,15,263,1,289,68,0,68,357
12/03/2016,MLB,FL,ASO,ES,Federal Contract Tower,4,7,52,0,63,0,10,127,0,137,4,17,179,0,200,132,0,132,332
12/04/2016,MLB,FL,ASO,ES,Federal Contract Tower,7,10,21,0,38,0,2,69,0,71,7,12,90,0,109,24,0,24,133
12/05/2016,MLB,FL,ASO,ES,Federal Contract Tower,14,8,57,2,81,0,7,116,0,123,14,15,173,2,204,140,0,140,344
12/06/2016,MLB,FL,ASO,ES,Federal Contract Tower,9,13,38,0,60,0,6,8,0,14,9,19,46,0,74,6,0,6,80
12/07/2016,MLB,FL,ASO,ES,Federal Contract Tower,10,20,116,0,146,0,3,185,0,188,10,23,301,0,334,192,0,192,526
12/08/2016,MLB,FL,ASO,ES,Federal Contract Tower,9,17,115,0,141,0,7,124,1,132,9,24,239,1,273,172,0,172,445
12/09/2016,MLB,FL,ASO,ES,Federal Contract Tower,8,22,61,2,93,0,8,84,1,93,8,30,145,3,186,34,0,34,220
12/10/2016,MLB,FL,ASO,ES,Federal Contract Tower,8,13,33,1,55,0,5,81,0,86,8,18,114,1,141,44,0,44,185
12/11/2016,MLB,FL,ASO,ES,Federal Contract Tower,9,7,28,4,48,0,5,55,1,61,9,12,83,5,109,62,0,62,171
12/12/2016,MLB,FL,ASO,ES,Federal Contract Tower,8,7,65,0,80,0,3,136,9,148,8,10,201,9,228,180,0,180,408
12/13/2016,MLB,FL,ASO,ES,Federal Contract Tower,10,7,75,7,99,0,0,117,0,117,10,7,192,7,216,162,8,170,386
12/14/2016,MLB,FL,ASO,ES,Federal Contract Tower,10,11,68,0,89,0,10,157,0,167,10,21,225,0,256,186,0,186,442
12/15/2016,MLB,FL,ASO,ES,Federal Contract Tower,14,2,91,0,107,0,2,52,0,54,14,4,143,0,161,26,0,26,187
12/16/2016,MLB,FL,ASO,ES,Federal Contract Tower,11,21,60,0,92,0,8,126,0,134,11,29,186,0,226,142,0,142,368
12/17/2016,MLB,FL,ASO,ES,Federal Contract Tower,8,10,44,0,62,0,2,58,0,60,8,12,102,0,122,84,0,84,206
12/18/2016,MLB,FL,ASO,ES,Federal Contract Tower,11,3,39,0,53,0,7,50,0,57,11,10,89,0,110,18,0,18,128
12/19/2016,MLB,FL,ASO,ES,Federal Contract Tower,18,12,59,0,89,0,6,84,0,90,18,18,143,0,179,102,0,102,281
12/20/2016,MLB,FL,ASO,ES,Federal Contract Tower,15,13,60,0,88,0,2,8,8,18,15,15,68,8,106,0,0,0,106
12/21/2016,MLB,FL,ASO,ES,Federal Contract Tower,17,14,67,0,98,0,6,19,0,25,17,20,86,0,123,2,0,2,125
12/22/2016,MLB,FL,ASO,ES,Federal Contract Tower,15,6,41,0,62,0,4,67,0,71,15,10,108,0,133,158,0,158,291
12/23/2016,MLB,FL,ASO,ES,Federal Contract Tower,18,7,60,0,85,0,5,78,0,83,18,12,138,0,168,50,0,50,218
12/24/2016,MLB,FL,ASO,ES,Federal Contract Tower,9,9,31,0,49,0,1,25,0,26,9,10,56,0,75,10,0,10,85
12/25/2016,MLB,FL,ASO,ES,Federal Contract Tower,15,8,3,0,26,0,1,16,0,17,15,9,19,0,43,8,0,8,51
12/26/2016,MLB,FL,ASO,ES,Federal Contract Tower,13,9,37,0,59,0,5,31,0,36,13,14,68,0,95,70,0,70,165
12/27/2016,MLB,FL,ASO,ES,Federal Contract Tower,14,6,62,1,83,0,9,58,0,67,14,15,120,1,150,122,14,136,286
12/28/2016,MLB,FL,ASO,ES,Federal Contract Tower,16,9,42,0,67,0,11,97,0,108,16,20,139,0,175,104,0,104,279
12/29/2016,MLB,FL,ASO,ES,Federal Contract Tower,12,6,28,0,46,0,4,80,0,84,12,10,108,0,130,72,0,72,202
12/30/2016,MLB,FL,ASO,ES,Federal Contract Tower,21,9,29,0,59,0,3,39,0,42,21,12,68,0,101,26,0,26,127
12/31/2016,MLB,FL,ASO,ES,Federal Contract Tower,13,8,19,0,40,0,6,63,0,69,13,14,82,0,109,26,0,26,135
01/01/2017,MLB,FL,ASO,ES,Federal Contract Tower,12,9,8,0,29,0,0,27,0,27,12,9,35,0,56,10,0,10,66
01/02/2017,MLB,FL,ASO,ES,Federal Contract Tower,15,5,32,0,52,0,2,41,0,43,15,7,73,0,95,64,0,64,159
01/03/2017,MLB,FL,ASO,ES,Federal Contract Tower,10,4,46,0,60,0,7,61,0,68,10,11,107,0,128,38,0,38,166
01/04/2017,MLB,FL,ASO,ES,Federal Contract Tower,15,5,65,0,85,0,2,54,6,62,15,7,119,6,147,58,0,58,205
01/05/2017,MLB,FL,ASO,ES,Federal Contract Tower,18,3,62,0,83,0,2,102,0,104,18,5,164,0,187,120,0,120,307
01/06/2017,MLB,FL,ASO,ES,Federal Contract Tower,13,8,43,3,67,0,2,90,0,92,13,10,133,3,159,98,8,106,265
01/07/2017,MLB,FL,ASO,ES,Federal Contract Tower,7,5,5,0,17,0,0,0,0,0,7,5,5,0,17,0,0,0,17
01/08/2017,MLB,FL,ASO,ES,Federal Contract Tower,14,2,14,0,30,0,8,29,0,37,14,10,43,0,67,12,0,12,79
01/09/2017,MLB,FL,ASO,ES,Federal Contract Tower,11,8,30,0,49,0,7,100,1,108,11,15,130,1,157,122,0,122,279
01/10/2017,MLB,FL,ASO,ES,Federal Contract Tower,10,8,40,0,58,0,6,105,7,118,10,14,145,7,176,132,0,132,308
01/11/2017,MLB,FL,ASO,ES,Federal Contract Tower,8,7,55,0,70,0,6,145,0,151,8,13,200,0,221,170,0,170,391
01/12/2017,MLB,FL,ASO,ES,Federal Contract Tower,16,13,66,0,95,0,11,129,0,140,16,24,195,0,235,158,0,158,393
01/13/2017,MLB,FL,ASO,ES,Federal Contract Tower,8,5,88,3,104,0,5,32,0,37,8,10,120,3,141,6,0,6,147
01/14/2017,MLB,FL,ASO,ES,Federal Contract Tower,10,1,60,1,72,0,1,114,0,115,10,2,174,1,187,112,0,112,299
01/15/2017,MLB,FL,ASO,ES,Federal Contract Tower,15,3,26,0,44,0,8,88,0,96,15,11,114,0,140,64,0,64,204
01/16/2017,MLB,FL,ASO,ES,Federal Contract Tower,12,8,52,0,72,0,7,158,0,165,12,15,210,0,237,171,0,171,408
01/17/2017,MLB,FL,ASO,ES,Federal Contract Tower,11,4,69,0,84,0,6,144,0,150,11,10,213,0,234,174,0,174,408
01/18/2017,MLB,FL,ASO,ES,Federal Contract Tower,9,5,82,0,96,0,2,150,0,152,9,7,232,0,248,146,0,146,394
01/19/2017,MLB,FL,ASO,ES,Federal Contract Tower,12,4,76,0,92,0,5,136,0,141,12,9,212,0,233,331,0,331,564
01/20/2017,MLB,FL,ASO,ES,Federal Contract Tower,10,4,85,0,99,0,4,148,0,152,10,8,233,0,251,170,0,170,421
01/21/2017,MLB,FL,ASO,ES,Federal Contract Tower,10,3,46,1,60,0,2,101,2,105,10,5,147,3,165,112,0,112,277
01/22/2017,MLB,FL,ASO,ES,Federal Contract Tower,10,0,8,0,18,0,4,7,0,11,10,4,15,0,29,2,0,2,31
01/23/2017,MLB,FL,ASO,ES,Federal Contract Tower,13,5,15,0,33,0,2,23,0,25,13,7,38,0,58,0,0,0,58
01/24/2017,MLB,FL,ASO,ES,Federal Contract Tower,14,4,62,0,80,0,1,152,0,153,14,5,214,0,233,100,0,100,333
01/25/2017,MLB,FL,ASO,ES,Federal Contract Tower,8,6,123,0,137,0,2,139,0,141,8,8,262,0,278,106,0,106,384
01/26/2017,MLB,FL,ASO,ES,Federal Contract Tower,13,7,65,0,85,0,4,125,0,129,13,11,190,0,214,50,0,50,264
01/27/2017,MLB,FL,ASO,ES,Federal Contract Tower,7,9,80,0,96,0,4,163,0,167,7,13,243,0,263,152,0,152,415
01/28/2017,MLB,FL,ASO,ES,Federal Contract Tower,9,9,64,0,82,0,0,119,0,119,9,9,183,0,201,78,0,78,279
01/29/2017,MLB,FL,ASO,ES,Federal Contract Tower,10,5,31,0,46,0,0,12,0,12,10,5,43,0,58,18,0,18,76
01/30/2017,MLB,FL,ASO,ES,Federal Contract Tower,12,5,33,0,50,0,7,105,0,112,12,12,138,0,162,104,0,104,266
01/31/2017,MLB,FL,ASO,ES,Federal Contract Tower,7,5,84,0,96,0,4,158,0,162,7,9,242,0,258,118,0,118,376
02/01/2017,MLB,FL,ASO,ES,Federal Contract Tower,12,3,63,0,78,0,6,198,0,204,12,9,261,0,282,117,0,117,399
02/02/2017,MLB,FL,ASO,ES,Federal Contract Tower,13,2,35,0,50,0,3,171,0,174,13,5,206,0,224,186,0,186,410
02/03/2017,MLB,FL,ASO,ES,Federal Contract Tower,13,9,44,0,66,0,0,125,0,125,13,9,169,0,191,154,0,154,345
02/04/2017,MLB,FL,ASO,ES,Federal Contract Tower,10,3,52,0,65,0,4,105,0,109,10,7,157,0,174,110,0,110,284
02/05/2017,MLB,FL,ASO,ES,Federal Contract Tower,10,1,25,0,36,0,5,47,0,52,10,6,72,0,88,14,0,14,102
02/06/2017,MLB,FL,ASO,ES,Federal Contract Tower,13,3,70,2,88,0,4,147,1,152,13,7,217,3,240,200,0,200,440
02/07/2017,MLB,FL,ASO,ES,Federal Contract Tower,11,2,45,0,58,0,2,77,1,80,11,4,122,1,138,120,0,120,258
02/08/2017,MLB,FL,ASO,ES,Federal Contract Tower,9,8,78,0,95,0,1,106,0,107,9,9,184,0,202,152,0,152,354
02/09/2017,MLB,FL,ASO,ES,Federal Contract Tower,12,4,58,0,74,0,6,48,1,55,12,10,106,1,129,48,0,48,177
02/10/2017,MLB,FL,ASO,ES,Federal Contract Tower,12,3,113,0,128,0,2,151,3,156,12,5,264,3,284,86,0,86,370
02/11/2017,MLB,FL,ASO,ES,Federal Contract Tower,7,6,42,0,55,0,2,151,0,153,7,8,193,0,208,152,0,152,360
02/12/2017,MLB,FL,ASO,ES,Federal Contract Tower,14,1,30,0,45,0,8,91,0,99,14,9,121,0,144,46,0,46,190
02/13/2017,MLB,FL,ASO,ES,Federal Contract Tower,12,1,47,0,60,0,0,79,0,79,12,1,126,0,139,79,0,79,218
02/14/2017,MLB,FL,ASO,ES,Federal Contract Tower,22,2,86,1,111,0,3,110,0,113,22,5,196,1,224,136,0,136,360
02/15/2017,MLB,FL,ASO,ES,Federal Contract Tower,14,9,38,2,63,0,2,17,0,19,14,11,55,2,82,4,0,4,86
02/16/2017,MLB,FL,ASO,ES,Federal Contract Tower,10,7,95,0,112,0,3,146,2,151,10,10,241,2,263,99,0,99,362
02/17/2017,MLB,FL,ASO,ES,Federal Contract Tower,19,14,102,1,136,0,5,145,4,154,19,19,247,5,290,214,0,214,504
02/18/2017,MLB,FL,ASO,ES,Federal Contract Tower,8,6,43,3,60,0,8,61,0,69,8,14,104,3,129,34,0,34,163
02/19/2017,MLB,FL,ASO,ES,Federal Contract Tower,13,6,23,0,42,0,0,47,0,47,13,6,70,0,89,60,0,60,149
02/20/2017,MLB,FL,ASO,ES,Federal Contract Tower,16,3,71,0,90,0,16,146,0,162,16,19,217,0,252,116,0,116,368
02/21/2017,MLB,FL,ASO,ES,Federal Contract Tower,11,7,59,0,77,0,4,112,0,116,11,11,171,0,193,110,0,110,303
02/22/2017,MLB,FL,ASO,ES,Federal Contract Tower,16,4,32,0,52,0,0,1,0,1,16,4,33,0,53,4,0,4,57
02/23/2017,MLB,FL,ASO,ES,Federal Contract Tower,14,6,62,0,82,0,0,73,0,73,14,6,135,0,155,108,0,108,263
02/24/2017,MLB,FL,ASO,ES,Federal Contract Tower,13,10,102,8,133,0,8,148,3,159,13,18,250,11,292,176,0,176,468
02/25/2017,MLB,FL,ASO,ES,Federal Contract Tower,9,6,30,0,45,0,2,109,0,111,9,8,139,0,156,134,0,134,290
02/26/2017,MLB,FL,ASO,ES,Federal Contract Tower,12,6,33,0,51,0,4,67,0,71,12,10,100,0,122,12,0,12,134
02/27/2017,MLB,FL,ASO,ES,Federal Contract Tower,13,10,35,0,58,0,10,67,0,77,13,20,102,0,135,60,0,60,195
02/28/2017,MLB,FL,ASO,ES,Federal Contract Tower,11,6,54,2,73,0,3,102,0,105,11,9,156,2,178,104,0,104,282
03/01/2017,MLB,FL,ASO,ES,Federal Contract Tower,9,13,77,0,99,0,7,132,0,139,9,20,209,0,238,140,0,140,378
03/02/2017,MLB,FL,ASO,ES,Federal Contract Tower,12,4,71,0,87,0,6,117,0,123,12,10,188,0,210,146,0,146,356
03/03/2017,MLB,FL,ASO,ES,Federal Contract Tower,16,13,40,0,69,0,2,58,0,60,16,15,98,0,129,36,0,36,165
03/04/2017,MLB,FL,ASO,ES,Federal Contract Tower,9,3,33,0,45,0,6,46,0,52,9,9,79,0,97,36,0,36,133
03/05/2017,MLB,FL,ASO,ES,Federal Contract Tower,14,4,19,0,37,0,3,26,1,30,14,7,45,1,67,16,0,16,83
03/06/2017,MLB,FL,ASO,ES,Federal Contract Tower,14,4,29,0,47,0,8,49,0,57,14,12,78,0,104,8,0,8,112
03/07/2017,MLB,FL,ASO,ES,Federal Contract Tower,13,4,80,0,97,0,4,113,0,117,13,8,193,0,214,68,0,68,282
03/08/2017,MLB,FL,ASO,ES,Federal Contract Tower,15,10,73,0,98,0,2,184,0,186,15,12,257,0,284,130,0,130,414
03/09/2017,MLB,FL,ASO,ES,Federal Contract Tower,18,1,53,1,73,0,7,161,0,168,18,8,214,1,241,162,0,162,403
03/10/2017,MLB,FL,ASO,ES,Federal Contract Tower,22,3,68,3,96,0,2,133,3,138,22,5,201,6,234,68,0,68,302
03/11/2017,MLB,FL,ASO,ES,Federal Contract Tower,12,11,52,0,75,0,4,129,0,133,12,15,181,0,208,138,0,138,346
03/12/2017,MLB,FL,ASO,ES,Federal Contract Tower,12,4,24,4,44,0,5,40,1,46,12,9,64,5,90,6,0,6,96
03/13/2017,MLB,FL,ASO,ES,Federal Contract Tower,16,5,48,0,69,0,3,47,0,50,16,8,95,0,119,106,0,106,225
03/14/2017,MLB,FL,ASO,ES,Federal Contract Tower,14,2,62,0,78,0,5,65,0,70,14,7,127,0,148,44,0,44,192
03/15/2017,MLB,FL,ASO,ES,Federal Contract Tower,15,6,91,0,112,0,3,110,0,113,15,9,201,0,225,106,0,106,331
03/16/2017,MLB,FL,ASO,ES,Federal Contract Tower,18,6,62,0,86,0,2,135,0,137,18,8,197,0,223,94,0,94,317
03/17/2017,MLB,FL,ASO,ES,Federal Contract Tower,17,5,63,4,89,0,4,139,0,143,17,9,202,4,232,122,18,140,372
03/18/2017,MLB,FL,ASO,ES,Federal Contract Tower,12,9,54,0,75,0,8,139,0,147,12,17,193,0,222,164,0,164,386
03/19/2017,MLB,FL,ASO,ES,Federal Contract Tower,17,3,24,0,44,0,4,29,0,33,17,7,53,0,77,2,0,2,79
03/20/2017,MLB,FL,ASO,ES,Federal Contract Tower,15,5,72,0,92,0,7,170,0,177,15,12,242,0,269,152,0,152,421
03/21/2017,MLB,FL,ASO,ES,Federal Contract Tower,13,11,83,1,108,0,9,144,0,153,13,20,227,1,261,172,0,172,433
03/22/2017,MLB,FL,ASO,ES,Federal Contract Tower,16,10,77,0,103,0,2,133,0,135,16,12,210,0,238,100,0,100,338
03/23/2017,MLB,FL,ASO,ES,Federal Contract Tower,18,5,21,0,44,0,5,5,0,10,18,10,26,0,54,0,0,0,54
03/24/2017,MLB,FL,ASO,ES,Federal Contract Tower,19,11,179,0,209,0,2,83,0,85,19,13,262,0,294,48,0,48,342
03/25/2017,MLB,FL,ASO,ES,Federal Contract Tower,14,9,52,0,75,0,4,103,0,107,14,13,155,0,182,88,0,88,270
03/26/2017,MLB,FL,ASO,ES,Federal Contract Tower,14,6,41,1,62,0,6,86,1,93,14,12,127,2,155,56,0,56,211
03/27/2017,MLB,FL,ASO,ES,Federal Contract Tower,14,5,51,1,71,0,8,152,0,160,14,13,203,1,231,146,0,146,377
03/28/2017,MLB,FL,ASO,ES,Federal Contract Tower,15,11,101,24,151,0,7,170,10,187,15,18,271,34,338,140,0,140,478
03/29/2017,MLB,FL,ASO,ES,Federal Contract Tower,15,1,44,2,62,0,6,111,20,137,15,7,155,22,199,66,32,98,297
03/30/2017,MLB,FL,ASO,ES,Federal Contract Tower,21,6,47,3,77,0,4,83,8,95,21,10,130,11,172,98,0,98,270
03/31/2017,MLB,FL,ASO,ES,Federal Contract Tower,24,1,27,2,54,0,11,30,5,46,24,12,57,7,100,34,0,34,134
04/01/2017,MLB,FL,ASO,ES,Federal Contract Tower,12,8,18,0,38,0,2,32,0,34,12,10,50,0,72,2,0,2,74
04/02/2017,MLB,FL,ASO,ES,Federal Contract Tower,10,2,9,0,21,0,6,19,13,38,10,8,28,13,59,0,4,4,63
04/03/2017,MLB,FL,ASO,ES,Federal Contract Tower,11,3,55,2,71,0,3,51,1,55,11,6,106,3,126,32,0,32,158
04/04/2017,MLB,FL,ASO,ES,Federal Contract Tower,16,1,37,3,57,0,2,95,0,97,16,3,132,3,154,42,0,42,196
04/05/2017,MLB,FL,ASO,ES,Federal Contract Tower,5,4,87,10,106,0,3,124,0,127,5,7,211,10,233,94,0,94,327
04/06/2017,MLB,FL,ASO,ES,Federal Contract Tower,11,8,78,0,97,0,4,65,10,79,11,12,143,10,176,96,0,96,272
04/07/2017,MLB,FL,ASO,ES,Federal Contract Tower,15,9,107,4,135,0,3,113,0,116,15,12,220,4,251,40,0,40,291
04/08/2017,MLB,FL,ASO,ES,Federal Contract Tower,13,3,37,0,53,0,3,129,0,132,13,6,166,0,185,144,0,144,329
04/09/2017,MLB,FL,ASO,ES,Federal Contract Tower,20,7,48,0,75,0,5,61,0,66,20,12,109,0,141,36,0,36,177
04/10/2017,MLB,FL,ASO,ES,Federal Contract Tower,18,5,71,10,104,0,11,156,0,167,18,16,227,10,271,176,0,176,447
04/11/2017,MLB,FL,ASO,ES,Federal Contract Tower,15,5,75,8,103,0,4,145,0,149,15,9,220,8,252,146,0,146,398
04/12/2017,MLB,FL,ASO,ES,Federal Contract Tower,15,6,73,0,94,0,8,124,0,132,15,14,197,0,226,170,0,170,396
04/13/2017,MLB,FL,ASO,ES,Federal Contract Tower,18,3,68,0,89,0,2,98,0,100,18,5,166,0,189,172,0,172,361
04/14/2017,MLB,FL,ASO,ES,Federal Contract Tower,18,4,60,0,82,0,6,91,6,103,18,10,151,6,185,36,0,36,221
04/15/2017,MLB,FL,ASO,ES,Federal Contract Tower,13,2,46,0,61,0,0,81,0,81,13,2,127,0,142,52,0,52,194
04/16/2017,MLB,FL,ASO,ES,Federal Contract Tower,14,1,14,0,29,0,5,39,0,44,14,6,53,0,73,14,0,14,87
04/17/2017,MLB,FL,ASO,ES,Federal Contract Tower,15,7,60,0,82,0,5,166,1,172,15,12,226,1,254,160,0,160,414
04/18/2017,MLB,FL,ASO,ES,Federal Contract Tower,15,3,79,1,98,0,7,171,1,179,15,10,250,2,277,198,0,198,475
04/19/2017,MLB,FL,ASO,ES,Federal Contract Tower,17,2,110,2,131,0,6,153,2,161,17,8,263,4,292,148,0,148,440
04/20/2017,MLB,FL,ASO,ES,Federal Contract Tower,17,9,102,5,133,0,4,96,8,108,17,13,198,13,241,192,0,192,433
04/21/2017,MLB,FL,ASO,ES,Federal Contract Tower,18,3,75,0,96,0,5,129,1,135,18,8,204,1,231,78,0,78,309
04/22/2017,MLB,FL,ASO,ES,Federal Contract Tower,18,1,69,0,88,0,1,82,1,84,18,2,151,1,172,78,0,78,250
04/23/2017,MLB,FL,ASO,ES,Federal Contract Tower,19,1,44,0,64,0,6,44,0,50,19,7,88,0,114,20,0,20,134
04/24/2017,MLB,FL,ASO,ES,Federal Contract Tower,15,15,47,1,78,0,3,74,0,77,15,18,121,1,155,132,0,132,287
04/25/2017,MLB,FL,ASO,ES,Federal Contract Tower,16,3,64,0,83,0,2,141,0,143,16,5,205,0,226,116,0,116,342
04/26/2017,MLB,FL,ASO,ES,Federal Contract Tower,16,2,87,2,107,0,3,140,0,143,16,5,227,2,250,168,0,168,418
04/27/2017,MLB,FL,ASO,ES,Federal Contract Tower,22,10,76,0,108,0,7,141,0,148,22,17,217,0,256,76,0,76,332
04/28/2017,MLB,FL,ASO,ES,Federal Contract Tower,17,8,71,0,96,0,0,113,0,113,17,8,184,0,209,56,0,56,265
04/29/2017,MLB,FL,ASO,ES,Federal Contract Tower,15,2,66,0,83,0,6,62,0,68,15,8,128,0,151,36,0,36,187
04/30/2017,MLB,FL,ASO,ES,Federal Contract Tower,15,2,26,0,43,0,2,26,0,28,15,4,52,0,71,10,0,10,81
05/01/2017,MLB,FL,ASO,ES,Federal Contract Tower,20,9,61,0,90,0,4,56,0,60,20,13,117,0,150,2,4,6,156
05/02/2017,MLB,FL,ASO,ES,Federal Contract Tower,17,2,20,0,39,0,5,36,0,41,17,7,56,0,80,50,0,50,130
05/03/2017,MLB,FL,ASO,ES,Federal Contract Tower,18,9,119,0,146,0,2,153,0,155,18,11,272,0,301,138,0,138,439
05/04/2017,MLB,FL,ASO,ES,Federal Contract Tower,15,8,65,8,96,0,4,119,0,123,15,12,184,8,219,80,10,90,309
05/05/2017,MLB,FL,ASO,ES,Federal Contract Tower,15,6,64,0,85,0,1,44,0,45,15,7,108,0,130,32,0,32,162
05/06/2017,MLB,FL,ASO,ES,Federal Contract Tower,12,2,35,4,53,0,2,47,1,50,12,4,82,5,103,8,0,8,111
05/07/2017,MLB,FL,ASO,ES,Federal Contract Tower,13,9,32,0,54,0,8,77,0,85,13,17,109,0,139,74,0,74,213
05/08/2017,MLB,FL,ASO,ES,Federal Contract Tower,13,3,45,0,61,0,2,152,0,154,13,5,197,0,215,158,0,158,373
05/09/2017,MLB,FL,ASO,ES,Federal Contract Tower,17,7,79,0,103,0,8,144,0,152,17,15,223,0,255,82,0,82,337
05/10/2017,MLB,FL,ASO,ES,Federal Contract Tower,18,0,103,0,121,0,5,147,0,152,18,5,250,0,273,160,0,160,433
05/11/2017,MLB,FL,ASO,ES,Federal Contract Tower,17,7,50,0,74,0,2,140,0,142,17,9,190,0,216,98,0,98,314
05/12/2017,MLB,FL,ASO,ES,Federal Contract Tower,13,2,54,2,71,0,2,126,5,133,13,4,180,7,204,92,0,92,296
05/13/2017,MLB,FL,ASO,ES,Federal Contract Tower,11,2,41,0,54,0,4,69,0,73,11,6,110,0,127,54,0,54,181
05/14/2017,MLB,FL,ASO,ES,Federal Contract Tower,16,3,31,0,50,0,0,62,0,62,16,3,93,0,112,36,0,36,148
05/15/2017,MLB,FL,ASO,ES,Federal Contract Tower,18,6,49,0,73,0,7,101,0,108,18,13,150,0,181,204,0,204,385
05/16/2017,MLB,FL,ASO,ES,Federal Contract Tower,17,2,76,0,95,0,7,104,0,111,17,9,180,0,206,226,0,226,432
05/17/2017,MLB,FL,ASO,ES,Federal Contract Tower,18,24,80,0,122,0,6,102,0,108,18,30,182,0,230,116,0,116,346
05/18/2017,MLB,FL,ASO,ES,Federal Contract Tower,21,8,67,0,96,0,3,94,0,97,21,11,161,0,193,92,0,92,285
05/19/2017,MLB,FL,ASO,ES,Federal Contract Tower,16,3,76,5,100,0,4,80,4,88,16,7,156,9,188,62,0,62,250
05/20/2017,MLB,FL,ASO,ES,Federal Contract Tower,12,4,72,0,88,0,2,84,0,86,12,6,156,0,174,66,0,66,240
05/21/2017,MLB,FL,ASO,ES,Federal Contract Tower,15,8,44,0,67,0,0,37,0,37,15,8,81,0,104,14,0,14,118
05/22/2017,MLB,FL,ASO,ES,Federal Contract Tower,15,6,59,0,80,0,7,116,0,123,15,13,175,0,203,104,0,104,307
05/23/2017,MLB,FL,ASO,ES,Federal Contract Tower,20,2,57,0,79,0,6,107,0,113,20,8,164,0,192,118,0,118,310
05/24/2017,MLB,FL,ASO,ES,Federal Contract Tower,17,2,27,0,46,0,4,16,0,20,17,6,43,0,66,8,0,8,74
05/25/2017,MLB,FL,ASO,ES,Federal Contract Tower,18,5,103,0,126,0,3,91,0,94,18,8,194,0,220,103,0,103,323
05/26/2017,MLB,FL,ASO,ES,Federal Contract Tower,15,3,98,0,116,0,2,166,0,168,15,5,264,0,284,158,0,158,442
05/27/2017,MLB,FL,ASO,ES,Federal Contract Tower,9,4,65,0,78,0,5,87,0,92,9,9,152,0,170,48,0,48,218
05/28/2017,MLB,FL,ASO,ES,Federal Contract Tower,15,3,17,0,35,0,7,66,0,73,15,10,83,0,108,16,0,16,124
05/29/2017,MLB,FL,ASO,ES,Federal Contract Tower,17,0,45,0,62,0,6,71,0,77,17,6,116,0,139,166,0,166,305
05/30/2017,MLB,FL,ASO,ES,Federal Contract Tower,18,8,57,0,83,0,1,94,0,95,18,9,151,0,178,78,0,78,256
05/31/2017,MLB,FL,ASO,ES,Federal Contract Tower,16,10,58,0,84,0,2,62,0,64,16,12,120,0,148,50,0,50,198
06/01/2017,MLB,FL,ASO,ES,Federal Contract Tower,18,5,90,0,113,0,4,81,0,85,18,9,171,0,198,98,0,98,296
06/02/2017,MLB,FL,ASO,ES,Federal Contract Tower,13,6,73,0,92,0,0,69,0,69,13,6,142,0,161,58,0,58,219
06/03/2017,MLB,FL,ASO,ES,Federal Contract Tower,8,14,59,0,81,0,2,35,0,37,8,16,94,0,118,16,0,16,134
06/04/2017,MLB,FL,ASO,ES,Federal Contract Tower,15,14,33,0,62,0,4,51,0,55,15,18,84,0,117,76,0,76,193
06/05/2017,MLB,FL,ASO,ES,Federal Contract Tower,11,5,47,0,63,0,1,34,0,35,11,6,81,0,98,78,0,78,176
06/06/2017,MLB,FL,ASO,ES,Federal Contract Tower,16,4,47,0,67,0,1,25,0,26,16,5,72,0,93,54,0,54,147
06/07/2017,MLB,FL,ASO,ES,Federal Contract Tower,13,7,51,0,71,0,0,13,0,13,13,7,64,0,84,0,0,0,84
06/08/2017,MLB,FL,ASO,ES,Federal Contract Tower,12,13,72,0,97,0,0,13,0,13,12,13,85,0,110,0,0,0,110
06/09/2017,MLB,FL,ASO,ES,Federal Contract Tower,11,7,103,0,121,0,7,157,0,164,11,14,260,0,285,154,0,154,439
06/10/2017,MLB,FL,ASO,ES,Federal Contract Tower,8,11,36,0,55,0,0,51,0,51,8,11,87,0,106,90,0,90,196
06/11/2017,MLB,FL,ASO,ES,Federal Contract Tower,14,10,36,10,70,0,0,62,0,62,14,10,98,10,132,12,0,12,144
06/12/2017,MLB,FL,ASO,ES,Federal Contract Tower,12,7,86,0,105,0,11,80,0,91,12,18,166,0,196,142,0,142,338
06/13/2017,MLB,FL,ASO,ES,Federal Contract Tower,13,8,66,0,87,0,7,72,0,79,13,15,138,0,166,70,0,70,236
06/14/2017,MLB,FL,ASO,ES,Federal Contract Tower,12,13,96,0,121,0,0,67,0,67,12,13,163,0,188,88,0,88,276
06/15/2017,MLB,FL,ASO,ES,Federal Contract Tower,12,12,69,0,93,0,3,101,0,104,12,15,170,0,197,76,0,76,273
06/16/2017,MLB,FL,ASO,ES,Federal Contract Tower,11,5,108,0,124,0,3,125,0,128,11,8,233,0,252,72,0,72,324
06/17/2017,MLB,FL,ASO,ES,Federal Contract Tower,13,4,72,4,93,0,5,101,0,106,13,9,173,4,199,88,0,88,287
06/18/2017,MLB,FL,ASO,ES,Federal Contract Tower,14,10,22,0,46,0,0,54,0,54,14,10,76,0,100,48,0,48,148
06/19/2017,MLB,FL,ASO,ES,Federal Contract Tower,11,11,89,0,111,0,4,79,0,83,11,15,168,0,194,62,0,62,256
06/20/2017,MLB,FL,ASO,ES,Federal Contract Tower,12,6,102,1,121,0,4,109,1,114,12,10,211,2,235,42,0,42,277
06/21/2017,MLB,FL,ASO,ES,Federal Contract Tower,12,7,83,0,102,0,7,107,0,114,12,14,190,0,216,72,0,72,288
06/22/2017,MLB,FL,ASO,ES,Federal Contract Tower,15,8,131,0,154,0,6,155,0,161,15,14,286,0,315,168,0,168,483
06/23/2017,MLB,FL,ASO,ES,Federal Contract Tower,11,7,98,0,116,0,8,140,0,148,11,15,238,0,264,133,0,133,397
06/24/2017,MLB,FL,ASO,ES,Federal Contract Tower,6,7,64,0,77,0,2,91,0,93,6,9,155,0,170,72,0,72,242
06/25/2017,MLB,FL,ASO,ES,Federal Contract Tower,11,18,33,0,62,0,7,59,0,66,11,25,92,0,128,40,0,40,168
06/26/2017,MLB,FL,ASO,ES,Federal Contract Tower,14,9,48,0,71,0,7,121,0,128,14,16,169,0,199,76,0,76,275
06/27/2017,MLB,FL,ASO,ES,Federal Contract Tower,11,8,60,0,79,0,3,109,0,112,11,11,169,0,191,70,0,70,261
06/28/2017,MLB,FL,ASO,ES,Federal Contract Tower,12,12,54,0,78,0,4,74,0,78,12,16,128,0,156,90,4,94,250
06/29/2017,MLB,FL,ASO,ES,Federal Contract Tower,14,14,97,1,126,0,4,150,0,154,14,18,247,1,280,100,0,100,380
06/30/2017,MLB,FL,ASO,ES,Federal Contract Tower,10,10,111,0,131,0,5,128,0,133,10,15,239,0,264,112,0,112,376
07/01/2017,MLB,FL,ASO,ES,Federal Contract Tower,10,4,57,0,71,0,1,97,0,98,10,5,154,0,169,67,0,67,236
07/02/2017,MLB,FL,ASO,ES,Federal Contract Tower,13,8,40,1,62,0,8,50,0,58,13,16,90,1,120,68,0,68,188
07/03/2017,MLB,FL,ASO,ES,Federal Contract Tower,10,4,49,0,63,0,4,130,0,134,10,8,179,0,197,64,2,66,263
07/04/2017,MLB,FL,ASO,ES,Federal Contract Tower,9,7,24,0,40,0,6,37,0,43,9,13,61,0,83,2,0,2,85
07/05/2017,MLB,FL,ASO,ES,Federal Contract Tower,13,4,101,0,118,0,0,157,0,157,13,4,258,0,275,130,0,130,405
07/06/2017,MLB,FL,ASO,ES,Federal Contract Tower,16,11,85,2,114,0,4,131,1,136,16,15,216,3,250,176,0,176,426
07/07/2017,MLB,FL,ASO,ES,Federal Contract Tower,11,7,71,6,95,0,0,140,0,140,11,7,211,6,235,102,0,102,337
07/08/2017,MLB,FL,ASO,ES,Federal Contract Tower,9,5,78,2,94,0,2,114,0,116,9,7,192,2,210,60,0,60,270
07/09/2017,MLB,FL,ASO,ES,Federal Contract Tower,18,4,23,0,45,0,1,58,0,59,18,5,81,0,104,40,0,40,144
07/10/2017,MLB,FL,ASO,ES,Federal Contract Tower,13,6,62,0,81,0,2,102,0,104,13,8,164,0,185,68,0,68,253
07/11/2017,MLB,FL,ASO,ES,Federal Contract Tower,9,12,80,1,102,0,2,141,0,143,9,14,221,1,245,162,0,162,407
07/12/2017,MLB,FL,ASO,ES,Federal Contract Tower,11,3,69,0,83,0,0,81,0,81,11,3,150,0,164,90,0,90,254
07/13/2017,MLB,FL,ASO,ES,Federal Contract Tower,12,10,111,1,134,0,6,115,0,121,12,16,226,1,255,136,0,136,391
07/14/2017,MLB,FL,ASO,ES,Federal Contract Tower,9,7,87,0,103,0,6,151,0,157,9,13,238,0,260,102,0,102,362
07/15/2017,MLB,FL,ASO,ES,Federal Contract Tower,7,2,49,0,58,0,4,119,0,123,7,6,168,0,181,120,0,120,301
07/16/2017,MLB,FL,ASO,ES,Federal Contract Tower,13,7,26,0,46,0,2,64,0,66,13,9,90,0,112,54,0,54,166
07/17/2017,MLB,FL,ASO,ES,Federal Contract Tower,17,8,71,0,96,0,2,103,0,105,17,10,174,0,201,112,0,112,313
07/18/2017,MLB,FL,ASO,ES,Federal Contract Tower,11,1,81,4,97,0,4,159,0,163,11,5,240,4,260,176,0,176,436
07/19/2017,MLB,FL,ASO,ES,Federal Contract Tower,13,15,65,0,93,0,3,94,0,97,13,18,159,0,190,78,0,78,268
07/20/2017,MLB,FL,ASO,ES,Federal Contract Tower,9,13,55,0,77,0,3,108,0,111,9,16,163,0,188,120,0,120,308
07/21/2017,MLB,FL,ASO,ES,Federal Contract Tower,7,11,45,0,63,0,0,89,0,89,7,11,134,0,152,111,0,111,263
07/22/2017,MLB,FL,ASO,ES,Federal Contract Tower,8,6,30,0,44,0,5,146,0,151,8,11,176,0,195,114,0,114,309
07/23/2017,MLB,FL,ASO,ES,Federal Contract Tower,13,5,43,0,61,0,3,37,0,40,13,8,80,0,101,22,0,22,123
07/24/2017,MLB,FL,ASO,ES,Federal Contract Tower,10,9,27,0,46,0,4,122,0,126,10,13,149,0,172,144,0,144,316
07/25/2017,MLB,FL,ASO,ES,Federal Contract Tower,9,10,70,0,89,0,0,136,0,136,9,10,206,0,225,114,0,114,339
07/26/2017,MLB,FL,ASO,ES,Federal Contract Tower,9,8,55,0,72,0,3,127,0,130,9,11,182,0,202,114,0,114,316
07/27/2017,MLB,FL,ASO,ES,Federal Contract Tower,12,12,76,2,102,0,0,134,0,134,12,12,210,2,236,174,0,174,410
07/28/2017,MLB,FL,ASO,ES,Federal Contract Tower,10,16,67,0,93,0,3,202,0,205,10,19,269,0,298,98,0,98,396
07/29/2017,MLB,FL,ASO,ES,Federal Contract Tower,8,7,45,0,60,0,2,79,0,81,8,9,124,0,141,36,0,36,177
07/30/2017,MLB,FL,ASO,ES,Federal Contract Tower,13,4,37,0,54,0,1,38,0,39,13,5,75,0,93,24,0,24,117
07/31/2017,MLB,FL,ASO,ES,Federal Contract Tower,10,8,31,0,49,0,0,5,0,5,10,8,36,0,54,8,0,8,62
08/01/2017,MLB,FL,ASO,ES,Federal Contract Tower,9,17,43,3,72,0,1,75,1,77,9,18,118,4,149,80,0,80,229
08/02/2017,MLB,FL,ASO,ES,Federal Contract Tower,10,13,51,0,74,0,3,129,0,132,10,16,180,0,206,119,0,119,325
08/03/2017,MLB,FL,ASO,ES,Federal Contract Tower,14,12,66,1,93,0,3,135,0,138,14,15,201,1,231,76,0,76,307
08/04/2017,MLB,FL,ASO,ES,Federal Contract Tower,11,7,99,0,117,0,4,194,0,198,11,11,293,0,315,55,0,55,370
08/05/2017,MLB,FL,ASO,ES,Federal Contract Tower,7,7,32,0,46,0,0,77,0,77,7,7,109,0,123,20,0,20,143
08/06/2017,MLB,FL,ASO,ES,Federal Contract Tower,13,7,29,0,49,0,4,61,0,65,13,11,90,0,114,30,0,30,144
08/07/2017,MLB,FL,ASO,ES,Federal Contract Tower,13,6,80,0,99,0,3,107,0,110,13,9,187,0,209,98,0,98,307
08/08/2017,MLB,FL,ASO,ES,Federal Contract Tower,8,7,68,2,85,0,8,99,2,109,8,15,167,4,194,87,6,93,287
08/09/2017,MLB,FL,ASO,ES,Federal Contract Tower,9,13,101,10,133,0,1,126,0,127,9,14,227,10,260,60,0,60,320
08/10/2017,MLB,FL,ASO,ES,Federal Contract Tower,14,7,62,7,90,0,3,87,1,91,14,10,149,8,181,47,4,51,232
08/11/2017,MLB,FL,ASO,ES,Federal Contract Tower,12,12,32,0,56,0,12,14,0,26,12,24,46,0,82,0,0,0,82
08/12/2017,MLB,FL,ASO,ES,Federal Contract Tower,8,5,42,0,55,0,4,91,0,95,8,9,133,0,150,46,0,46,196
08/13/2017,MLB,FL,ASO,ES,Federal Contract Tower,10,15,39,0,64,0,4,28,0,32,10,19,67,0,96,30,0,30,126
08/14/2017,MLB,FL,ASO,ES,Federal Contract Tower,8,9,76,1,94,0,8,87,1,96,8,17,163,2,190,36,2,38,228
08/15/2017,MLB,FL,ASO,ES,Federal Contract Tower,8,6,62,0,76,0,0,75,0,75,8,6,137,0,151,12,0,12,163
08/16/2017,MLB,FL,ASO,ES,Federal Contract Tower,9,11,76,13,109,0,7,89,0,96,9,18,165,13,205,50,10,60,265
08/17/2017,MLB,FL,ASO,ES,Federal Contract Tower,13,13,62,1,89,0,2,98,1,101,13,15,160,2,190,20,0,20,210
08/18/2017,MLB,FL,ASO,ES,Federal Contract Tower,9,12,56,0,77,0,1,104,0,105,9,13,160,0,182,24,0,24,206
08/20/2017,MLB,FL,ASO,ES,Federal Contract Tower,15,5,32,0,52,0,0,21,0,21,15,5,53,0,73,16,0,16,89
08/21/2017,MLB,FL,ASO,ES,Federal Contract Tower,9,6,98,2,115,0,4,108,1,113,9,10,206,3,228,28,0,28,256
08/22/2017,MLB,FL,ASO,ES,Federal Contract Tower,10,9,68,0,87,0,1,117,0,118,10,10,185,0,205,12,0,12,217
08/23/2017,MLB,FL,ASO,ES,Federal Contract Tower,10,15,58,4,87,0,4,58,0,62,10,19,116,4,149,6,0,6,155
08/24/2017,MLB,FL,ASO,ES,Federal Contract Tower,15,10,54,3,82,0,3,72,1,76,15,13,126,4,158,70,2,72,230
08/25/2017,MLB,FL,ASO,ES,Federal Contract Tower,18,10,60,0,88,0,5,77,0,82,18,15,137,0,170,45,0,45,215
08/26/2017,MLB,FL,ASO,ES,Federal Contract Tower,6,8,29,0,43,0,0,34,0,34,6,8,63,0,77,2,0,2,79
08/27/2017,MLB,FL,ASO,ES,Federal Contract Tower,13,12,35,0,60,0,6,19,0,25,13,18,54,0,85,12,0,12,97
08/28/2017,MLB,FL,ASO,ES,Federal Contract Tower,8,9,17,0,34,0,2,50,0,52,8,11,67,0,86,16,0,16,102
08/29/2017,MLB,FL,ASO,ES,Federal Contract Tower,12,8,84,2,106,0,1,145,0,146,12,9,229,2,252,30,0,30,282
08/30/2017,MLB,FL,ASO,ES,Federal Contract Tower,9,10,119,0,138,0,2,171,0,173,9,12,290,0,311,66,0,66,377
08/31/2017,MLB,FL,ASO,ES,Federal Contract Tower,9,9,113,4,135,0,6,117,0,123,9,15,230,4,258,70,0,70,328
09/01/2017,MLB,FL,ASO,ES,Federal Contract Tower,8,11,103,0,122,0,5,125,4,134,8,16,228,4,256,56,0,56,312
09/02/2017,MLB,FL,ASO,ES,Federal Contract Tower,5,6,52,0,63,0,3,96,0,99,5,9,148,0,162,60,0,60,222
09/03/2017,MLB,FL,ASO,ES,Federal Contract Tower,6,8,27,0,41,0,4,44,0,48,6,12,71,0,89,4,0,4,93
09/04/2017,MLB,FL,ASO,ES,Federal Contract Tower,10,5,40,0,55,0,4,86,0,90,10,9,126,0,145,17,0,17,162
09/05/2017,MLB,FL,ASO,ES,Federal Contract Tower,6,10,62,0,78,0,5,88,0,93,6,15,150,0,171,47,0,47,218
09/06/2017,MLB,FL,ASO,ES,Federal Contract Tower,5,7,36,0,48,0,2,79,0,81,5,9,115,0,129,26,0,26,155
09/07/2017,MLB,FL,ASO,ES,Federal Contract Tower,8,22,53,0,83,0,2,53,0,55,8,24,106,0,138,8,0,8,146
09/08/2017,MLB,FL,ASO,ES,Federal Contract Tower,8,15,80,0,103,0,0,19,0,19,8,15,99,0,122,4,0,4,126
09/09/2017,MLB,FL,ASO,ES,Federal Contract Tower,2,0,10,0,12,0,0,0,0,0,2,0,10,0,12,0,0,0,12
09/10/2017,MLB,FL,ASO,ES,Federal Contract Tower,0,0,0,0,0,0,0,0,0,0,0,0,0,0,0,0,0,0,0
09/11/2017,MLB,FL,ASO,ES,Federal Contract Tower,0,0,0,0,0,0,0,0,0,0,0,0,0,0,0,0,0,0,0
09/12/2017,MLB,FL,ASO,ES,Federal Contract Tower,5,1,25,0,31,0,1,20,10,31,5,2,45,10,62,4,0,4,66
09/13/2017,MLB,FL,ASO,ES,Federal Contract Tower,14,8,53,0,75,0,0,73,2,75,14,8,126,2,150,0,0,0,150
09/14/2017,MLB,FL,ASO,ES,Federal Contract Tower,9,7,42,0,58,0,0,32,1,33,9,7,74,1,91,10,2,12,103
09/15/2017,MLB,FL,ASO,ES,Federal Contract Tower,11,4,56,0,71,0,1,80,0,81,11,5,136,0,152,20,0,20,172
09/16/2017,MLB,FL,ASO,ES,Federal Contract Tower,5,8,49,0,62,0,3,107,4,114,5,11,156,4,176,8,0,8,184
09/17/2017,MLB,FL,ASO,ES,Federal Contract Tower,8,8,18,0,34,0,2,42,7,51,8,10,60,7,85,14,0,14,99
09/18/2017,MLB,FL,ASO,ES,Federal Contract Tower,13,5,59,1,78,0,3,23,1,27,13,8,82,2,105,8,0,8,113
09/19/2017,MLB,FL,ASO,ES,Federal Contract Tower,7,8,74,0,89,0,2,64,0,66,7,10,138,0,155,18,0,18,173
09/20/2017,MLB,FL,ASO,ES,Federal Contract Tower,11,8,101,1,121,0,0,153,0,153,11,8,254,1,274,46,0,46,320
09/21/2017,MLB,FL,ASO,ES,Federal Contract Tower,9,6,139,1,155,0,8,120,0,128,9,14,259,1,283,34,0,34,317
09/22/2017,MLB,FL,ASO,ES,Federal Contract Tower,10,12,46,0,68,0,6,88,0,94,10,18,134,0,162,56,0,56,218
09/23/2017,MLB,FL,ASO,ES,Federal Contract Tower,7,15,39,0,61,0,2,41,0,43,7,17,80,0,104,24,0,24,128
09/24/2017,MLB,FL,ASO,ES,Federal Contract Tower,8,7,40,0,55,0,0,55,0,55,8,7,95,0,110,30,0,30,140
09/25/2017,MLB,FL,ASO,ES,Federal Contract Tower,12,19,85,0,116,0,10,159,0,169,12,29,244,0,285,64,0,64,349
09/26/2017,MLB,FL,ASO,ES,Federal Contract Tower,10,12,80,10,112,0,5,115,0,120,10,17,195,10,232,76,0,76,308
09/27/2017,MLB,FL,ASO,ES,Federal Contract Tower,8,13,96,0,117,0,7,144,0,151,8,20,240,0,268,46,0,46,314
09/28/2017,MLB,FL,ASO,ES,Federal Contract Tower,11,12,61,0,84,0,7,138,2,147,11,19,199,2,231,70,12,82,313
09/29/2017,MLB,FL,ASO,ES,Federal Contract Tower,10,3,64,0,77,0,0,78,1,79,10,3,142,1,156,72,0,72,228
09/30/2017,MLB,FL,ASO,ES,Federal Contract Tower,9,7,45,0,61,0,0,47,0,47,9,7,92,0,108,6,0,6,114
10/01/2017,MLB,FL,ASO,ES,Federal Contract Tower,12,6,9,0,27,0,0,3,0,3,12,6,12,0,30,0,0,0,30
10/02/2017,MLB,FL,ASO,ES,Federal Contract Tower,8,14,82,0,104,0,4,43,0,47,8,18,125,0,151,36,0,36,187
10/03/2017,MLB,FL,ASO,ES,Federal Contract Tower,8,6,41,6,61,0,1,3,0,4,8,7,44,6,65,6,0,6,71
10/04/2017,MLB,FL,ASO,ES,Federal Contract Tower,11,11,37,0,59,0,0,18,0,18,11,11,55,0,77,0,0,0,77
10/05/2017,MLB,FL,ASO,ES,Federal Contract Tower,10,7,40,0,57,0,0,19,0,19,10,7,59,0,76,32,0,32,108
10/06/2017,MLB,FL,ASO,ES,Federal Contract Tower,11,11,74,0,96,0,6,142,0,148,11,17,216,0,244,66,0,66,310
10/07/2017,MLB,FL,ASO,ES,Federal Contract Tower,6,6,77,0,89,0,4,120,0,124,6,10,197,0,213,26,0,26,239
10/08/2017,MLB,FL,ASO,ES,Federal Contract Tower,11,5,41,0,57,0,3,53,0,56,11,8,94,0,113,12,0,12,125
10/09/2017,MLB,FL,ASO,ES,Federal Contract Tower,8,8,72,0,88,0,5,112,0,117,8,13,184,0,205,60,0,60,265
10/10/2017,MLB,FL,ASO,ES,Federal Contract Tower,8,8,93,0,109,0,4,138,0,142,8,12,231,0,251,98,0,98,349
10/11/2017,MLB,FL,ASO,ES,Federal Contract Tower,7,13,84,0,104,0,0,177,0,177,7,13,261,0,281,66,0,66,347
10/12/2017,MLB,FL,ASO,ES,Federal Contract Tower,10,12,78,0,100,0,2,98,0,100,10,14,176,0,200,40,0,40,240
10/13/2017,MLB,FL,ASO,ES,Federal Contract Tower,8,8,61,2,79,0,3,42,0,45,8,11,103,2,124,0,0,0,124
10/14/2017,MLB,FL,ASO,ES,Federal Contract Tower,6,6,45,0,57,0,3,76,0,79,6,9,121,0,136,28,0,28,164
10/15/2017,MLB,FL,ASO,ES,Federal Contract Tower,9,10,46,0,65,0,6,54,0,60,9,16,100,0,125,38,0,38,163
10/16/2017,MLB,FL,ASO,ES,Federal Contract Tower,14,8,58,0,80,0,3,145,0,148,14,11,203,0,228,64,0,64,292
10/17/2017,MLB,FL,ASO,ES,Federal Contract Tower,12,9,74,2,97,0,4,55,0,59,12,13,129,2,156,51,0,51,207
10/18/2017,MLB,FL,ASO,ES,Federal Contract Tower,12,11,50,0,73,0,2,33,0,35,12,13,83,0,108,6,0,6,114
10/19/2017,MLB,FL,ASO,ES,Federal Contract Tower,6,9,115,1,131,0,7,121,0,128,6,16,236,1,259,32,8,40,299
10/20/2017,MLB,FL,ASO,ES,Federal Contract Tower,8,8,90,3,109,0,5,155,0,160,8,13,245,3,269,84,0,84,353
10/21/2017,MLB,FL,ASO,ES,Federal Contract Tower,5,9,54,0,68,0,5,109,0,114,5,14,163,0,182,44,0,44,226
10/22/2017,MLB,FL,ASO,ES,Federal Contract Tower,9,8,64,0,81,0,3,43,0,46,9,11,107,0,127,19,0,19,146
10/23/2017,MLB,FL,ASO,ES,Federal Contract Tower,7,10,96,1,114,0,5,61,1,67,7,15,157,2,181,48,28,76,257
10/24/2017,MLB,FL,ASO,ES,Federal Contract Tower,7,10,58,0,75,0,2,69,0,71,7,12,127,0,146,10,0,10,156
10/25/2017,MLB,FL,ASO,ES,Federal Contract Tower,7,6,96,4,113,0,2,147,2,151,7,8,243,6,264,42,38,80,344
10/26/2017,MLB,FL,ASO,ES,Federal Contract Tower,11,8,92,0,111,0,1,186,0,187,11,9,278,0,298,68,0,68,366
10/27/2017,MLB,FL,ASO,ES,Federal Contract Tower,13,21,144,0,178,0,4,186,4,194,13,25,330,4,372,48,0,48,420
10/28/2017,MLB,FL,ASO,ES,Federal Contract Tower,4,12,84,0,100,0,2,129,0,131,4,14,213,0,231,34,0,34,265
10/29/2017,MLB,FL,ASO,ES,Federal Contract Tower,12,14,28,0,54,0,4,6,0,10,12,18,34,0,64,2,0,2,66
10/30/2017,MLB,FL,ASO,ES,Federal Contract Tower,8,9,96,0,113,0,8,168,1,177,8,17,264,1,290,96,0,96,386
10/31/2017,MLB,FL,ASO,ES,Federal Contract Tower,7,10,82,0,99,0,2,148,0,150,7,12,230,0,249,64,0,64,313
11/01/2017,MLB,FL,ASO,ES,Federal Contract Tower,10,6,90,4,110,0,2,134,0,136,10,8,224,4,246,105,0,105,351
11/02/2017,MLB,FL,ASO,ES,Federal Contract Tower,5,13,80,7,105,0,4,142,2,148,5,17,222,9,253,72,2,74,327
11/03/2017,MLB,FL,ASO,ES,Federal Contract Tower,6,12,74,3,95,0,4,88,1,93,6,16,162,4,188,54,1,55,243
11/04/2017,MLB,FL,ASO,ES,Federal Contract Tower,6,8,58,2,74,0,10,121,0,131,6,18,179,2,205,42,0,42,247
11/05/2017,MLB,FL,ASO,ES,Federal Contract Tower,9,16,71,1,97,0,4,24,0,28,9,20,95,1,125,10,0,10,135
11/06/2017,MLB,FL,ASO,ES,Federal Contract Tower,9,9,96,0,114,0,2,101,0,103,9,11,197,0,217,52,2,54,271
11/07/2017,MLB,FL,ASO,ES,Federal Contract Tower,8,5,85,0,98,0,3,125,0,128,8,8,210,0,226,98,0,98,324
11/08/2017,MLB,FL,ASO,ES,Federal Contract Tower,11,21,85,12,129,0,2,136,0,138,11,23,221,12,267,56,0,56,323
11/09/2017,MLB,FL,ASO,ES,Federal Contract Tower,8,19,101,4,132,0,8,130,0,138,8,27,231,4,270,84,2,86,356
11/10/2017,MLB,FL,ASO,ES,Federal Contract Tower,10,17,78,0,105,0,2,22,0,24,10,19,100,0,129,20,0,20,149
11/11/2017,MLB,FL,ASO,ES,Federal Contract Tower,7,9,54,0,70,0,1,32,0,33,7,10,86,0,103,4,0,4,107
11/12/2017,MLB,FL,ASO,ES,Federal Contract Tower,8,15,45,0,68,0,4,11,0,15,8,19,56,0,83,0,0,0,83
11/13/2017,MLB,FL,ASO,ES,Federal Contract Tower,8,9,97,0,114,0,0,84,0,84,8,9,181,0,198,59,0,59,257
11/14/2017,MLB,FL,ASO,ES,Federal Contract Tower,8,8,71,12,99,0,0,5,0,5,8,8,76,12,104,32,10,42,146
11/15/2017,MLB,FL,ASO,ES,Federal Contract Tower,10,10,60,0,80,0,9,57,0,66,10,19,117,0,146,32,0,32,178
11/16/2017,MLB,FL,ASO,ES,Federal Contract Tower,10,12,66,3,91,0,4,63,0,67,10,16,129,3,158,38,4,42,200
11/17/2017,MLB,FL,ASO,ES,Federal Contract Tower,12,9,105,0,126,0,3,157,1,161,12,12,262,1,287,92,0,92,379
11/18/2017,MLB,FL,ASO,ES,Federal Contract Tower,7,12,87,0,106,0,3,184,0,187,7,15,271,0,293,102,0,102,395
11/19/2017,MLB,FL,ASO,ES,Federal Contract Tower,8,14,53,0,75,0,7,98,0,105,8,21,151,0,180,44,0,44,224
11/20/2017,MLB,FL,ASO,ES,Federal Contract Tower,9,9,79,0,97,0,2,134,0,136,9,11,213,0,233,133,0,133,366
11/21/2017,MLB,FL,ASO,ES,Federal Contract Tower,9,17,78,0,104,0,4,44,0,48,9,21,122,0,152,90,0,90,242
11/22/2017,MLB,FL,ASO,ES,Federal Contract Tower,10,20,115,0,145,0,4,110,0,114,10,24,225,0,259,48,0,48,307
11/23/2017,MLB,FL,ASO,ES,Federal Contract Tower,10,12,15,0,37,0,2,13,0,15,10,14,28,0,52,6,0,6,58
11/24/2017,MLB,FL,ASO,ES,Federal Contract Tower,7,5,33,0,45,0,3,13,0,16,7,8,46,0,61,0,0,0,61
11/25/2017,MLB,FL,ASO,ES,Federal Contract Tower,7,9,63,0,79,0,3,95,0,98,7,12,158,0,177,22,22,44,221
11/26/2017,MLB,FL,ASO,ES,Federal Contract Tower,10,16,44,0,70,0,3,101,0,104,10,19,145,0,174,30,0,30,204
11/27/2017,MLB,FL,ASO,ES,Federal Contract Tower,10,9,75,0,94,0,8,146,0,154,10,17,221,0,248,65,0,65,313
11/28/2017,MLB,FL,ASO,ES,Federal Contract Tower,10,10,85,6,111,0,4,114,3,121,10,14,199,9,232,34,0,34,266
11/29/2017,MLB,FL,ASO,ES,Federal Contract Tower,11,10,146,1,168,0,2,158,0,160,11,12,304,1,328,42,0,42,370
11/30/2017,MLB,FL,ASO,ES,Federal Contract Tower,10,13,106,0,129,0,2,126,0,128,10,15,232,0,257,76,0,76,333
12/01/2017,MLB,FL,ASO,ES,Federal Contract Tower,10,14,121,2,147,0,5,136,0,141,10,19,257,2,288,151,0,151,439
12/02/2017,MLB,FL,ASO,ES,Federal Contract Tower,4,7,73,0,84,0,0,119,0,119,4,7,192,0,203,120,0,120,323
12/03/2017,MLB,FL,ASO,ES,Federal Contract Tower,10,16,52,0,78,0,3,103,0,106,10,19,155,0,184,44,0,44,228
12/04/2017,MLB,FL,ASO,ES,Federal Contract Tower,7,14,78,0,99,0,4,102,0,106,7,18,180,0,205,154,0,154,359
12/05/2017,MLB,FL,ASO,ES,Federal Contract Tower,8,8,103,10,129,0,5,129,0,134,8,13,232,10,263,82,2,84,347
12/06/2017,MLB,FL,ASO,ES,Federal Contract Tower,7,13,109,2,131,0,5,180,0,185,7,18,289,2,316,186,0,186,502
12/07/2017,MLB,FL,ASO,ES,Federal Contract Tower,8,12,98,1,119,1,2,45,1,49,9,14,143,2,168,72,2,74,242
12/08/2017,MLB,FL,ASO,ES,Federal Contract Tower,6,8,85,0,99,0,8,41,0,49,6,16,126,0,148,42,0,42,190
12/09/2017,MLB,FL,ASO,ES,Federal Contract Tower,4,12,22,0,38,0,2,5,0,7,4,14,27,0,45,0,0,0,45
12/10/2017,MLB,FL,ASO,ES,Federal Contract Tower,8,14,79,5,106,0,7,93,6,106,8,21,172,11,212,106,0,106,318
12/11/2017,MLB,FL,ASO,ES,Federal Contract Tower,11,10,94,1,116,0,4,164,0,168,11,14,258,1,284,96,0,96,380
12/12/2017,MLB,FL,ASO,ES,Federal Contract Tower,7,12,94,3,116,0,3,96,1,100,7,15,190,4,216,128,0,128,344
12/13/2017,MLB,FL,ASO,ES,Federal Contract Tower,9,15,83,0,107,0,6,141,0,147,9,21,224,0,254,114,0,114,368
12/14/2017,MLB,FL,ASO,ES,Federal Contract Tower,10,13,82,0,105,0,4,146,0,150,10,17,228,0,255,200,0,200,455
12/15/2017,MLB,FL,ASO,ES,Federal Contract Tower,9,12,80,0,101,0,8,121,1,130,9,20,201,1,231,94,0,94,325
12/16/2017,MLB,FL,ASO,ES,Federal Contract Tower,4,22,59,2,87,0,4,94,1,99,4,26,153,3,186,82,0,82,268
12/17/2017,MLB,FL,ASO,ES,Federal Contract Tower,3,14,51,0,68,0,10,66,0,76,3,24,117,0,144,54,0,54,198
12/18/2017,MLB,FL,ASO,ES,Federal Contract Tower,7,6,61,0,74,0,6,94,0,100,7,12,155,0,174,232,0,232,406
12/19/2017,MLB,FL,ASO,ES,Federal Contract Tower,8,11,64,4,87,0,3,120,1,124,8,14,184,5,211,123,6,129,340
12/20/2017,MLB,FL,ASO,ES,Federal Contract Tower,9,19,80,0,108,0,6,90,0,96,9,25,170,0,204,110,0,110,314
12/21/2017,MLB,FL,ASO,ES,Federal Contract Tower,15,12,68,1,96,0,6,41,0,47,15,18,109,1,143,110,0,110,253
12/22/2017,MLB,FL,ASO,ES,Federal Contract Tower,8,14,71,0,93,0,2,74,0,76,8,16,145,0,169,110,0,110,279
12/23/2017,MLB,FL,ASO,ES,Federal Contract Tower,10,12,48,0,70,0,4,34,0,38,10,16,82,0,108,52,0,52,160
12/24/2017,MLB,FL,ASO,ES,Federal Contract Tower,9,14,8,0,31,0,1,64,0,65,9,15,72,0,96,27,0,27,123
12/25/2017,MLB,FL,ASO,ES,Federal Contract Tower,7,19,13,0,39,0,1,16,0,17,7,20,29,0,56,0,0,0,56
12/26/2017,MLB,FL,ASO,ES,Federal Contract Tower,13,22,23,0,58,0,7,19,0,26,13,29,42,0,84,47,0,47,131
12/27/2017,MLB,FL,ASO,ES,Federal Contract Tower,14,16,61,0,91,0,5,52,0,57,14,21,113,0,148,96,0,96,244
12/28/2017,MLB,FL,ASO,ES,Federal Contract Tower,14,15,69,0,98,0,1,49,0,50,14,16,118,0,148,48,0,48,196
12/29/2017,MLB,FL,ASO,ES,Federal Contract Tower,14,16,36,0,66,0,0,0,0,0,14,16,36,0,66,0,0,0,66
12/30/2017,MLB,FL,ASO,ES,Federal Contract Tower,11,5,19,0,35,0,3,43,0,46,11,8,62,0,81,32,0,32,113
12/31/2017,MLB,FL,ASO,ES,Federal Contract Tower,8,15,18,0,41,0,4,59,0,63,8,19,77,0,104,48,0,48,152
01/01/2018,MLB,FL,ASO,ES,Federal Contract Tower,6,6,12,0,24,0,0,8,0,8,6,6,20,0,32,4,0,4,36
01/02/2018,MLB,FL,ASO,ES,Federal Contract Tower,10,5,43,8,66,0,0,4,0,4,10,5,47,8,70,8,0,8,78
01/03/2018,MLB,FL,ASO,ES,Federal Contract Tower,10,10,26,0,46,0,2,2,0,4,10,12,28,0,50,0,0,0,50
01/04/2018,MLB,FL,ASO,ES,Federal Contract Tower,11,14,49,0,74,0,1,81,2,84,11,15,130,2,158,82,0,82,240
01/05/2018,MLB,FL,ASO,ES,Federal Contract Tower,12,19,92,5,128,0,7,86,5,98,12,26,178,10,226,64,2,66,292
01/06/2018,MLB,FL,ASO,ES,Federal Contract Tower,6,10,42,2,60,0,1,69,0,70,6,11,111,2,130,62,0,62,192
01/07/2018,MLB,FL,ASO,ES,Federal Contract Tower,13,8,66,5,92,0,6,55,8,69,13,14,121,13,161,26,0,26,187
01/08/2018,MLB,FL,ASO,ES,Federal Contract Tower,10,6,78,0,94,0,1,57,0,58,10,7,135,0,152,92,0,92,244
01/09/2018,MLB,FL,ASO,ES,Federal Contract Tower,10,10,38,4,62,0,3,32,0,35,10,13,70,4,97,0,0,0,97
01/10/2018,MLB,FL,ASO,ES,Federal Contract Tower,11,7,110,6,134,0,1,84,2,87,11,8,194,8,221,174,10,184,405
01/11/2018,MLB,FL,ASO,ES,Federal Contract Tower,12,7,113,15,147,0,1,148,0,149,12,8,261,15,296,153,0,153,449
01/12/2018,MLB,FL,ASO,ES,Federal Contract Tower,10,11,46,10,77,0,2,38,0,40,10,13,84,10,117,28,0,28,145
01/13/2018,MLB,FL,ASO,ES,Federal Contract Tower,6,10,104,0,120,0,13,94,0,107,6,23,198,0,227,76,0,76,303
01/14/2018,MLB,FL,ASO,ES,Federal Contract Tower,7,11,30,0,48,0,2,44,0,46,7,13,74,0,94,12,0,12,106
01/15/2018,MLB,FL,ASO,ES,Federal Contract Tower,11,6,46,5,68,0,0,49,0,49,11,6,95,5,117,10,0,10,127
01/16/2018,MLB,FL,ASO,ES,Federal Contract Tower,10,9,79,2,100,0,2,132,2,136,10,11,211,4,236,111,0,111,347
01/17/2018,MLB,FL,ASO,ES,Federal Contract Tower,5,6,138,0,149,0,1,138,0,139,5,7,276,0,288,118,0,118,406
01/18/2018,MLB,FL,ASO,ES,Federal Contract Tower,11,5,76,0,92,0,6,73,0,79,11,11,149,0,171,118,0,118,289
01/19/2018,MLB,FL,ASO,ES,Federal Contract Tower,11,10,79,6,106,0,3,165,1,169,11,13,244,7,275,229,0,229,504
01/20/2018,MLB,FL,ASO,ES,Federal Contract Tower,8,6,105,0,119,0,4,156,0,160,8,10,261,0,279,148,0,148,427
01/21/2018,MLB,FL,ASO,ES,Federal Contract Tower,11,7,68,3,89,0,3,64,0,67,11,10,132,3,156,68,0,68,224
01/22/2018,MLB,FL,ASO,ES,Federal Contract Tower,16,9,83,5,113,0,4,119,1,124,16,13,202,6,237,174,0,174,411
01/23/2018,MLB,FL,ASO,ES,Federal Contract Tower,8,8,70,2,88,0,2,64,0,66,8,10,134,2,154,144,0,144,298
01/24/2018,MLB,FL,ASO,ES,Federal Contract Tower,10,9,87,3,109,0,5,155,0,160,10,14,242,3,269,202,0,202,471
01/25/2018,MLB,FL,ASO,ES,Federal Contract Tower,10,14,75,10,109,0,6,53,2,61,10,20,128,12,170,32,0,32,202
01/26/2018,MLB,FL,ASO,ES,Federal Contract Tower,14,15,94,2,125,0,5,74,0,79,14,20,168,2,204,56,0,56,260
01/27/2018,MLB,FL,ASO,ES,Federal Contract Tower,8,7,78,0,93,0,1,76,0,77,8,8,154,0,170,34,0,34,204
01/28/2018,MLB,FL,ASO,ES,Federal Contract Tower,9,7,58,3,77,0,6,44,0,50,9,13,102,3,127,10,0,10,137
01/29/2018,MLB,FL,ASO,ES,Federal Contract Tower,9,6,61,5,81,0,0,20,0,20,9,6,81,5,101,24,0,24,125
01/30/2018,MLB,FL,ASO,ES,Federal Contract Tower,9,13,47,10,79,0,2,46,0,48,9,15,93,10,127,8,4,12,139
01/31/2018,MLB,FL,ASO,ES,Federal Contract Tower,11,9,137,1,158,0,4,182,0,186,11,13,319,1,344,192,0,192,536
02/01/2018,MLB,FL,ASO,ES,Federal Contract Tower,11,11,96,4,122,0,5,180,4,189,11,16,276,8,311,138,0,138,449
02/02/2018,MLB,FL,ASO,ES,Federal Contract Tower,16,8,97,4,125,0,4,160,0,164,16,12,257,4,289,150,0,150,439
02/03/2018,MLB,FL,ASO,ES,Federal Contract Tower,7,12,58,0,77,0,5,113,0,118,7,17,171,0,195,74,0,74,269
02/04/2018,MLB,FL,ASO,ES,Federal Contract Tower,7,9,25,0,41,0,3,30,0,33,7,12,55,0,74,4,0,4,78
02/05/2018,MLB,FL,ASO,ES,Federal Contract Tower,10,10,114,0,134,0,1,116,0,117,10,11,230,0,251,104,0,104,355
02/06/2018,MLB,FL,ASO,ES,Federal Contract Tower,12,8,93,0,113,0,5,186,0,191,12,13,279,0,304,162,0,162,466
02/07/2018,MLB,FL,ASO,ES,Federal Contract Tower,10,10,128,8,156,0,2,160,0,162,10,12,288,8,318,114,0,114,432
02/08/2018,MLB,FL,ASO,ES,Federal Contract Tower,11,8,98,2,119,0,2,136,0,138,11,10,234,2,257,128,0,128,385
02/09/2018,MLB,FL,ASO,ES,Federal Contract Tower,9,11,104,3,127,0,2,134,5,141,9,13,238,8,268,74,0,74,342
02/10/2018,MLB,FL,ASO,ES,Federal Contract Tower,8,14,87,1,110,0,5,131,0,136,8,19,218,1,246,82,0,82,328
02/11/2018,MLB,FL,ASO,ES,Federal Contract Tower,13,9,68,0,90,0,2,44,0,46,13,11,112,0,136,13,0,13,149
02/12/2018,MLB,FL,ASO,ES,Federal Contract Tower,10,5,72,0,87,0,1,138,0,139,10,6,210,0,226,167,0,167,393
02/13/2018,MLB,FL,ASO,ES,Federal Contract Tower,14,2,75,0,91,0,4,150,0,154,14,6,225,0,245,54,0,54,299
02/14/2018,MLB,FL,ASO,ES,Federal Contract Tower,9,11,99,5,124,0,3,55,0,58,9,14,154,5,182,74,0,74,256
02/15/2018,MLB,FL,ASO,ES,Federal Contract Tower,15,16,80,2,113,0,4,135,0,139,15,20,215,2,252,150,8,158,410
02/16/2018,MLB,FL,ASO,ES,Federal Contract Tower,14,9,115,0,138,0,2,186,0,188,14,11,301,0,326,166,0,166,492
02/17/2018,MLB,FL,ASO,ES,Federal Contract Tower,10,19,68,0,97,0,3,137,0,140,10,22,205,0,237,92,0,92,329
02/18/2018,MLB,FL,ASO,ES,Federal Contract Tower,13,13,53,2,81,0,4,83,0,87,13,17,136,2,168,42,0,42,210
02/19/2018,MLB,FL,ASO,ES,Federal Contract Tower,17,9,110,0,136,0,2,122,0,124,17,11,232,0,260,124,0,124,384
02/20/2018,MLB,FL,ASO,ES,Federal Contract Tower,9,7,146,8,170,0,5,98,1,104,9,12,244,9,274,54,22,76,350
02/21/2018,MLB,FL,ASO,ES,Federal Contract Tower,12,18,154,1,185,0,5,187,0,192,12,23,341,1,377,191,0,191,568
02/22/2018,MLB,FL,ASO,ES,Federal Contract Tower,12,15,175,0,202,0,5,163,5,173,12,20,338,5,375,182,0,182,557
02/23/2018,MLB,FL,ASO,ES,Federal Contract Tower,15,7,139,2,163,0,2,150,1,153,15,9,289,3,316,90,0,90,406
02/24/2018,MLB,FL,ASO,ES,Federal Contract Tower,13,13,76,0,102,0,4,125,0,129,13,17,201,0,231,78,0,78,309
02/25/2018,MLB,FL,ASO,ES,Federal Contract Tower,15,7,62,4,88,0,6,77,0,83,15,13,139,4,171,80,0,80,251
02/26/2018,MLB,FL,ASO,ES,Federal Contract Tower,8,18,144,0,170,0,6,134,0,140,8,24,278,0,310,183,0,183,493
02/27/2018,MLB,FL,ASO,ES,Federal Contract Tower,16,8,106,8,138,0,4,70,4,78,16,12,176,12,216,70,8,78,294
02/28/2018,MLB,FL,ASO,ES,Federal Contract Tower,23,15,118,6,162,0,4,156,0,160,23,19,274,6,322,180,4,184,506
03/01/2018,MLB,FL,ASO,ES,Federal Contract Tower,13,12,123,1,149,0,1,171,0,172,13,13,294,1,321,72,0,72,393
03/02/2018,MLB,FL,ASO,ES,Federal Contract Tower,16,10,95,0,121,0,9,116,3,128,16,19,211,3,249,98,0,98,347
03/03/2018,MLB,FL,ASO,ES,Federal Contract Tower,14,9,42,0,65,0,5,49,0,54,14,14,91,0,119,56,0,56,175
03/04/2018,MLB,FL,ASO,ES,Federal Contract Tower,11,9,28,0,48,0,1,33,0,34,11,10,61,0,82,45,0,45,127
03/05/2018,MLB,FL,ASO,ES,Federal Contract Tower,17,10,78,3,108,0,4,157,4,165,17,14,235,7,273,200,0,200,473
03/06/2018,MLB,FL,ASO,ES,Federal Contract Tower,11,13,69,0,93,0,5,90,0,95,11,18,159,0,188,44,0,44,232
03/07/2018,MLB,FL,ASO,ES,Federal Contract Tower,14,17,71,0,102,0,4,63,0,67,14,21,134,0,169,68,0,68,237
03/08/2018,MLB,FL,ASO,ES,Federal Contract Tower,14,15,89,0,118,0,0,126,0,126,14,15,215,0,244,68,0,68,312
03/09/2018,MLB,FL,ASO,ES,Federal Contract Tower,21,10,126,0,157,0,3,178,0,181,21,13,304,0,338,218,0,218,556
03/10/2018,MLB,FL,ASO,ES,Federal Contract Tower,16,12,66,0,94,0,10,119,0,129,16,22,185,0,223,114,0,114,337
03/11/2018,MLB,FL,ASO,ES,Federal Contract Tower,12,11,50,0,73,0,4,33,0,37,12,15,83,0,110,44,0,44,154
03/12/2018,MLB,FL,ASO,ES,Federal Contract Tower,13,10,47,0,70,0,2,31,0,33,13,12,78,0,103,28,0,28,131
03/13/2018,MLB,FL,ASO,ES,Federal Contract Tower,10,12,94,0,116,0,10,183,0,193,10,22,277,0,309,169,0,169,478
03/14/2018,MLB,FL,ASO,ES,Federal Contract Tower,20,17,103,2,142,0,3,167,0,170,20,20,270,2,312,164,0,164,476
03/15/2018,MLB,FL,ASO,ES,Federal Contract Tower,12,17,120,4,153,0,6,181,4,191,12,23,301,8,344,251,2,253,597
03/16/2018,MLB,FL,ASO,ES,Federal Contract Tower,14,12,115,0,141,0,0,171,0,171,14,12,286,0,312,250,0,250,562
03/17/2018,MLB,FL,ASO,ES,Federal Contract Tower,17,17,60,1,95,0,2,136,0,138,17,19,196,1,233,114,0,114,347
03/18/2018,MLB,FL,ASO,ES,Federal Contract Tower,12,21,68,0,101,0,4,96,0,100,12,25,164,0,201,35,0,35,236
03/19/2018,MLB,FL,ASO,ES,Federal Contract Tower,14,10,65,0,89,0,4,91,2,97,14,14,156,2,186,238,0,238,424
03/20/2018,MLB,FL,ASO,ES,Federal Contract Tower,11,7,35,0,53,0,5,2,0,7,11,12,37,0,60,2,0,2,62
03/21/2018,MLB,FL,ASO,ES,Federal Contract Tower,14,12,57,2,85,0,1,67,0,68,14,13,124,2,153,58,0,58,211
03/22/2018,MLB,FL,ASO,ES,Federal Contract Tower,19,12,65,6,102,0,13,107,6,126,19,25,172,12,228,87,0,87,315
03/23/2018,MLB,FL,ASO,ES,Federal Contract Tower,18,11,37,2,68,0,0,76,5,81,18,11,113,7,149,98,0,98,247
03/24/2018,MLB,FL,ASO,ES,Federal Contract Tower,8,15,13,0,36,0,7,77,0,84,8,22,90,0,120,66,0,66,186
03/25/2018,MLB,FL,ASO,ES,Federal Contract Tower,16,16,11,2,45,0,39,24,0,63,16,55,35,2,108,0,0,0,108
03/26/2018,MLB,FL,ASO,ES,Federal Contract Tower,18,10,99,3,130,0,4,101,0,105,18,14,200,3,235,84,1,85,320
03/27/2018,MLB,FL,ASO,ES,Federal Contract Tower,9,11,85,1,106,0,2,125,0,127,9,13,210,1,233,82,0,82,315
03/28/2018,MLB,FL,ASO,ES,Federal Contract Tower,14,6,136,0,156,0,12,142,1,155,14,18,278,1,311,200,0,200,511
03/29/2018,MLB,FL,ASO,ES,Federal Contract Tower,18,13,147,10,188,0,1,85,7,93,18,14,232,17,281,48,0,48,329
03/30/2018,MLB,FL,ASO,ES,Federal Contract Tower,18,11,89,0,118,0,5,134,0,139,18,16,223,0,257,90,0,90,347
03/31/2018,MLB,FL,ASO,ES,Federal Contract Tower,12,10,72,0,94,0,2,20,0,22,12,12,92,0,116,18,0,18,134
04/01/2018,MLB,FL,ASO,ES,Federal Contract Tower,12,11,43,0,66,0,1,30,0,31,12,12,73,0,97,34,0,34,131
04/02/2018,MLB,FL,ASO,ES,Federal Contract Tower,15,10,116,0,141,0,2,158,0,160,15,12,274,0,301,266,0,266,567
04/03/2018,MLB,FL,ASO,ES,Federal Contract Tower,14,10,136,1,161,0,7,109,0,116,14,17,245,1,277,122,0,122,399
04/04/2018,MLB,FL,ASO,ES,Federal Contract Tower,16,8,127,2,153,0,8,202,0,210,16,16,329,2,363,230,0,230,593
04/05/2018,MLB,FL,ASO,ES,Federal Contract Tower,14,6,118,3,141,0,2,112,0,114,14,8,230,3,255,116,0,116,371
04/06/2018,MLB,FL,ASO,ES,Federal Contract Tower,13,6,126,0,145,0,8,119,0,127,13,14,245,0,272,150,0,150,422
04/07/2018,MLB,FL,ASO,ES,Federal Contract Tower,14,4,39,0,57,0,0,62,0,62,14,4,101,0,119,26,0,26,145
04/08/2018,MLB,FL,ASO,ES,Federal Contract Tower,14,12,38,0,64,0,11,24,0,35,14,23,62,0,99,12,0,12,111
04/09/2018,MLB,FL,ASO,ES,Federal Contract Tower,18,18,51,0,87,0,3,49,0,52,18,21,100,0,139,52,0,52,191
04/10/2018,MLB,FL,ASO,ES,Federal Contract Tower,20,2,31,0,53,0,2,29,0,31,20,4,60,0,84,76,0,76,160
04/11/2018,MLB,FL,ASO,ES,Federal Contract Tower,15,11,78,1,105,0,3,52,0,55,15,14,130,1,160,64,0,64,224
04/12/2018,MLB,FL,ASO,ES,Federal Contract Tower,16,10,85,0,111,0,4,161,0,165,16,14,246,0,276,180,0,180,456
04/13/2018,MLB,FL,ASO,ES,Federal Contract Tower,19,16,104,0,139,0,6,185,0,191,19,22,289,0,330,136,0,136,466
04/14/2018,MLB,FL,ASO,ES,Federal Contract Tower,19,5,44,0,68,0,0,72,0,72,19,5,116,0,140,60,0,60,200
04/15/2018,MLB,FL,ASO,ES,Federal Contract Tower,12,10,20,0,42,0,2,22,0,24,12,12,42,0,66,6,0,6,72
04/16/2018,MLB,FL,ASO,ES,Federal Contract Tower,12,6,57,0,75,0,8,129,0,137,12,14,186,0,212,142,0,142,354
04/17/2018,MLB,FL,ASO,ES,Federal Contract Tower,16,2,68,0,86,0,12,166,1,179,16,14,234,1,265,68,0,68,333
04/18/2018,MLB,FL,ASO,ES,Federal Contract Tower,16,6,84,0,106,0,4,185,2,191,16,10,269,2,297,266,0,266,563
04/19/2018,MLB,FL,ASO,ES,Federal Contract Tower,18,8,56,0,82,0,1,142,0,143,18,9,198,0,225,108,0,108,333
04/20/2018,MLB,FL,ASO,ES,Federal Contract Tower,16,9,84,0,109,0,5,179,0,184,16,14,263,0,293,106,0,106,399
04/21/2018,MLB,FL,ASO,ES,Federal Contract Tower,13,9,37,0,59,0,4,22,0,26,13,13,59,0,85,28,0,28,113
04/22/2018,MLB,FL,ASO,ES,Federal Contract Tower,19,12,27,0,58,0,4,4,0,8,19,16,31,0,66,0,0,0,66
04/23/2018,MLB,FL,ASO,ES,Federal Contract Tower,15,2,40,0,57,0,0,35,0,35,15,2,75,0,92,22,0,22,114
04/24/2018,MLB,FL,ASO,ES,Federal Contract Tower,17,11,85,0,113,0,3,89,0,92,17,14,174,0,205,130,0,130,335
04/25/2018,MLB,FL,ASO,ES,Federal Contract Tower,21,8,69,0,98,0,5,221,0,226,21,13,290,0,324,220,0,220,544
04/26/2018,MLB,FL,ASO,ES,Federal Contract Tower,18,12,70,0,100,0,7,191,0,198,18,19,261,0,298,175,0,175,473
04/27/2018,MLB,FL,ASO,ES,Federal Contract Tower,14,7,70,0,91,0,1,195,0,196,14,8,265,0,287,66,0,66,353
04/28/2018,MLB,FL,ASO,ES,Federal Contract Tower,15,4,40,0,59,0,5,89,0,94,15,9,129,0,153,60,0,60,213
04/29/2018,MLB,FL,ASO,ES,Federal Contract Tower,19,9,49,0,77,0,3,70,2,75,19,12,119,2,152,51,0,51,203
04/30/2018,MLB,FL,ASO,ES,Federal Contract Tower,17,5,65,0,87,0,3,135,0,138,17,8,200,0,225,164,0,164,389
05/01/2018,MLB,FL,ASO,ES,Federal Contract Tower,20,7,44,0,71,0,4,96,0,100,20,11,140,0,171,140,0,140,311
05/02/2018,MLB,FL,ASO,ES,Federal Contract Tower,15,6,59,1,81,0,2,122,0,124,15,8,181,1,205,48,0,48,253
05/03/2018,MLB,FL,ASO,ES,Federal Contract Tower,15,9,75,0,99,0,2,153,2,157,15,11,228,2,256,156,0,156,412
05/04/2018,MLB,FL,ASO,ES,Federal Contract Tower,15,8,76,0,99,0,2,134,0,136,15,10,210,0,235,126,0,126,361
05/05/2018,MLB,FL,ASO,ES,Federal Contract Tower,15,2,35,0,52,0,0,55,0,55,15,2,90,0,107,118,0,118,225
05/06/2018,MLB,FL,ASO,ES,Federal Contract Tower,16,6,13,0,35,0,0,35,0,35,16,6,48,0,70,18,0,18,88
05/07/2018,MLB,FL,ASO,ES,Federal Contract Tower,18,1,51,0,70,0,5,115,0,120,18,6,166,0,190,104,0,104,294
05/08/2018,MLB,FL,ASO,ES,Federal Contract Tower,14,1,46,0,61,0,0,133,0,133,14,1,179,0,194,114,0,114,308
05/09/2018,MLB,FL,ASO,ES,Federal Contract Tower,14,5,41,0,60,0,4,123,0,127,14,9,164,0,187,164,0,164,351
05/10/2018,MLB,FL,ASO,ES,Federal Contract Tower,18,16,55,0,89,0,4,142,0,146,18,20,197,0,235,80,0,80,315
05/11/2018,MLB,FL,ASO,ES,Federal Contract Tower,17,4,57,4,82,0,3,157,0,160,17,7,214,4,242,133,0,133,375
05/12/2018,MLB,FL,ASO,ES,Federal Contract Tower,12,5,21,0,38,0,2,98,1,101,12,7,119,1,139,148,0,148,287
05/14/2018,MLB,FL,ASO,ES,Federal Contract Tower,17,4,13,0,34,0,0,11,0,11,17,4,24,0,45,0,0,0,45
05/15/2018,MLB,FL,ASO,ES,Federal Contract Tower,15,1,36,0,52,0,2,36,0,38,15,3,72,0,90,38,0,38,128
05/16/2018,MLB,FL,ASO,ES,Federal Contract Tower,15,8,49,0,72,0,2,63,0,65,15,10,112,0,137,24,0,24,161
05/17/2018,MLB,FL,ASO,ES,Federal Contract Tower,15,4,58,0,77,0,0,16,0,16,15,4,74,0,93,6,0,6,99
05/18/2018,MLB,FL,ASO,ES,Federal Contract Tower,21,8,63,0,92,0,5,97,0,102,21,13,160,0,194,40,0,40,234
05/19/2018,MLB,FL,ASO,ES,Federal Contract Tower,11,11,18,0,40,0,1,34,0,35,11,12,52,0,75,32,0,32,107
05/20/2018,MLB,FL,ASO,ES,Federal Contract Tower,19,5,21,0,45,0,4,6,0,10,19,9,27,0,55,0,0,0,55
05/21/2018,MLB,FL,ASO,ES,Federal Contract Tower,19,10,35,0,64,0,0,41,0,41,19,10,76,0,105,24,0,24,129
05/22/2018,MLB,FL,ASO,ES,Federal Contract Tower,15,5,51,0,71,0,1,37,0,38,15,6,88,0,109,58,0,58,167
05/23/2018,MLB,FL,ASO,ES,Federal Contract Tower,22,6,73,0,101,0,0,183,0,183,22,6,256,0,284,166,0,166,450
05/24/2018,MLB,FL,ASO,ES,Federal Contract Tower,18,8,75,0,101,0,4,116,0,120,18,12,191,0,221,98,0,98,319
05/25/2018,MLB,FL,ASO,ES,Federal Contract Tower,17,4,102,0,123,0,4,107,0,111,17,8,209,0,234,90,0,90,324
05/26/2018,MLB,FL,ASO,ES,Federal Contract Tower,13,6,30,0,49,0,1,50,0,51,13,7,80,0,100,35,0,35,135
05/27/2018,MLB,FL,ASO,ES,Federal Contract Tower,14,5,5,0,24,0,0,0,0,0,14,5,5,0,24,0,0,0,24
05/28/2018,MLB,FL,ASO,ES,Federal Contract Tower,16,0,40,0,56,0,0,22,0,22,16,0,62,0,78,10,0,10,88
05/29/2018,MLB,FL,ASO,ES,Federal Contract Tower,15,5,52,0,72,0,2,73,0,75,15,7,125,0,147,136,0,136,283
05/30/2018,MLB,FL,ASO,ES,Federal Contract Tower,17,3,39,0,59,0,2,55,4,61,17,5,94,4,120,70,0,70,190
05/31/2018,MLB,FL,ASO,ES,Federal Contract Tower,19,4,54,0,77,0,0,125,0,125,19,4,179,0,202,92,0,92,294
06/01/2018,MLB,FL,ASO,ES,Federal Contract Tower,17,6,83,0,106,0,9,105,0,114,17,15,188,0,220,123,0,123,343
06/02/2018,MLB,FL,ASO,ES,Federal Contract Tower,13,3,49,2,67,0,3,151,0,154,13,6,200,2,221,64,0,64,285
06/03/2018,MLB,FL,ASO,ES,Federal Contract Tower,16,3,33,1,53,0,0,67,1,68,16,3,100,2,121,68,0,68,189
06/04/2018,MLB,FL,ASO,ES,Federal Contract Tower,14,7,34,0,55,0,2,114,8,124,14,9,148,8,179,90,0,90,269
06/05/2018,MLB,FL,ASO,ES,Federal Contract Tower,18,2,54,0,74,0,2,101,5,108,18,4,155,5,182,48,0,48,230
06/06/2018,MLB,FL,ASO,ES,Federal Contract Tower,14,5,48,0,67,0,3,96,1,100,14,8,144,1,167,78,0,78,245
06/07/2018,MLB,FL,ASO,ES,Federal Contract Tower,19,13,49,0,81,0,4,141,0,145,19,17,190,0,226,48,0,48,274
06/08/2018,MLB,FL,ASO,ES,Federal Contract Tower,15,5,33,0,53,0,0,149,0,149,15,5,182,0,202,97,0,97,299
06/09/2018,MLB,FL,ASO,ES,Federal Contract Tower,14,12,44,0,70,0,4,124,0,128,14,16,168,0,198,138,0,138,336
06/10/2018,MLB,FL,ASO,ES,Federal Contract Tower,15,7,35,1,58,0,2,58,1,61,15,9,93,2,119,28,10,38,157
06/11/2018,MLB,FL,ASO,ES,Federal Contract Tower,17,4,53,0,74,0,4,124,0,128,17,8,177,0,202,52,0,52,254
06/12/2018,MLB,FL,ASO,ES,Federal Contract Tower,15,4,73,0,92,0,9,158,1,168,15,13,231,1,260,176,0,176,436
06/13/2018,MLB,FL,ASO,ES,Federal Contract Tower,11,10,65,0,86,0,2,106,4,112,11,12,171,4,198,92,0,92,290
06/14/2018,MLB,FL,ASO,ES,Federal Contract Tower,13,9,73,0,95,0,1,148,0,149,13,10,221,0,244,114,0,114,358
06/15/2018,MLB,FL,ASO,ES,Federal Contract Tower,12,5,55,0,72,0,3,125,3,131,12,8,180,3,203,43,0,43,246
06/16/2018,MLB,FL,ASO,ES,Federal Contract Tower,13,2,45,0,60,0,6,97,0,103,13,8,142,0,163,62,0,62,225
06/17/2018,MLB,FL,ASO,ES,Federal Contract Tower,12,4,34,0,50,0,0,44,0,44,12,4,78,0,94,56,0,56,150
06/18/2018,MLB,FL,ASO,ES,Federal Contract Tower,10,2,63,0,75,0,6,137,0,143,10,8,200,0,218,106,0,106,324
06/19/2018,MLB,FL,ASO,ES,Federal Contract Tower,11,5,45,0,61,0,2,149,0,151,11,7,194,0,212,150,0,150,362
06/20/2018,MLB,FL,ASO,ES,Federal Contract Tower,12,1,72,0,85,0,2,141,1,144,12,3,213,1,229,134,0,134,363
06/21/2018,MLB,FL,ASO,ES,Federal Contract Tower,17,8,62,0,87,0,2,117,0,119,17,10,179,0,206,92,0,92,298
06/22/2018,MLB,FL,ASO,ES,Federal Contract Tower,13,4,55,0,72,0,0,154,11,165,13,4,209,11,237,64,0,64,301
06/23/2018,MLB,FL,ASO,ES,Federal Contract Tower,10,5,25,0,40,0,6,90,0,96,10,11,115,0,136,68,0,68,204
06/24/2018,MLB,FL,ASO,ES,Federal Contract Tower,19,5,33,0,57,0,5,73,0,78,19,10,106,0,135,110,0,110,245
06/25/2018,MLB,FL,ASO,ES,Federal Contract Tower,10,0,66,0,76,0,7,166,0,173,10,7,232,0,249,90,0,90,339
06/26/2018,MLB,FL,ASO,ES,Federal Contract Tower,14,2,63,0,79,0,5,154,0,159,14,7,217,0,238,72,0,72,310
06/27/2018,MLB,FL,ASO,ES,Federal Contract Tower,13,3,27,0,43,0,0,145,1,146,13,3,172,1,189,118,0,118,307
06/28/2018,MLB,FL,ASO,ES,Federal Contract Tower,7,5,46,0,58,0,2,119,0,121,7,7,165,0,179,140,0,140,319
06/29/2018,MLB,FL,ASO,ES,Federal Contract Tower,13,4,61,0,78,0,0,139,0,139,13,4,200,0,217,120,0,120,337
06/30/2018,MLB,FL,ASO,ES,Federal Contract Tower,8,7,56,0,71,0,5,108,0,113,8,12,164,0,184,100,0,100,284
07/01/2018,MLB,FL,ASO,ES,Federal Contract Tower,10,3,13,0,26,0,2,85,0,87,10,5,98,0,113,86,0,86,199
07/02/2018,MLB,FL,ASO,ES,Federal Contract Tower,14,8,52,0,74,0,5,158,0,163,14,13,210,0,237,80,0,80,317
07/03/2018,MLB,FL,ASO,ES,Federal Contract Tower,14,1,67,0,82,0,3,133,0,136,14,4,200,0,218,128,0,128,346
07/04/2018,MLB,FL,ASO,ES,Federal Contract Tower,15,0,14,0,29,0,2,27,0,29,15,2,41,0,58,30,0,30,88
07/05/2018,MLB,FL,ASO,ES,Federal Contract Tower,16,4,43,0,63,0,4,126,0,130,16,8,169,0,193,161,0,161,354
07/06/2018,MLB,FL,ASO,ES,Federal Contract Tower,14,3,53,0,70,0,2,130,0,132,14,5,183,0,202,70,0,70,272
07/07/2018,MLB,FL,ASO,ES,Federal Contract Tower,7,5,35,0,47,0,5,123,0,128,7,10,158,0,175,70,0,70,245
07/08/2018,MLB,FL,ASO,ES,Federal Contract Tower,12,6,47,0,65,0,2,106,0,108,12,8,153,0,173,22,0,22,195
07/09/2018,MLB,FL,ASO,ES,Federal Contract Tower,11,4,30,0,45,0,2,110,0,112,11,6,140,0,157,184,0,184,341
07/10/2018,MLB,FL,ASO,ES,Federal Contract Tower,13,3,67,0,83,0,5,125,0,130,13,8,192,0,213,242,0,242,455
07/11/2018,MLB,FL,ASO,ES,Federal Contract Tower,12,4,60,0,76,0,2,193,0,195,12,6,253,0,271,192,0,192,463
07/12/2018,MLB,FL,ASO,ES,Federal Contract Tower,15,7,70,0,92,0,3,165,0,168,15,10,235,0,260,166,0,166,426
07/13/2018,MLB,FL,ASO,ES,Federal Contract Tower,11,3,39,0,53,0,5,149,0,154,11,8,188,0,207,220,0,220,427
07/14/2018,MLB,FL,ASO,ES,Federal Contract Tower,10,7,48,3,68,0,9,129,0,138,10,16,177,3,206,122,6,128,334
07/15/2018,MLB,FL,ASO,ES,Federal Contract Tower,12,4,17,0,33,0,2,60,0,62,12,6,77,0,95,34,0,34,129
07/16/2018,MLB,FL,ASO,ES,Federal Contract Tower,13,4,44,1,62,0,2,101,0,103,13,6,145,1,165,104,0,104,269
07/17/2018,MLB,FL,ASO,ES,Federal Contract Tower,14,4,50,0,68,0,0,99,0,99,14,4,149,0,167,96,0,96,263
07/18/2018,MLB,FL,ASO,ES,Federal Contract Tower,10,7,53,0,70,0,9,127,0,136,10,16,180,0,206,175,0,175,381
07/19/2018,MLB,FL,ASO,ES,Federal Contract Tower,12,11,69,0,92,0,7,108,0,115,12,18,177,0,207,110,0,110,317
07/20/2018,MLB,FL,ASO,ES,Federal Contract Tower,13,5,62,2,82,0,5,118,1,124,13,10,180,3,206,183,0,183,389
07/21/2018,MLB,FL,ASO,ES,Federal Contract Tower,9,5,24,0,38,0,2,87,0,89,9,7,111,0,127,83,0,83,210
07/22/2018,MLB,FL,ASO,ES,Federal Contract Tower,13,8,22,0,43,0,0,27,0,27,13,8,49,0,70,10,0,10,80
07/23/2018,MLB,FL,ASO,ES,Federal Contract Tower,13,7,38,0,58,0,2,86,1,89,13,9,124,1,147,70,0,70,217
07/24/2018,MLB,FL,ASO,ES,Federal Contract Tower,10,9,51,0,70,0,6,94,0,100,10,15,145,0,170,73,0,73,243
07/25/2018,MLB,FL,ASO,ES,Federal Contract Tower,12,7,92,0,111,0,4,123,0,127,12,11,215,0,238,234,0,234,472
07/26/2018,MLB,FL,ASO,ES,Federal Contract Tower,15,4,83,2,104,0,8,157,0,165,15,12,240,2,269,140,0,140,409
07/27/2018,MLB,FL,ASO,ES,Federal Contract Tower,14,8,30,0,52,0,4,104,0,108,14,12,134,0,160,120,0,120,280
07/28/2018,MLB,FL,ASO,ES,Federal Contract Tower,10,1,47,0,58,0,2,109,0,111,10,3,156,0,169,80,0,80,249
07/29/2018,MLB,FL,ASO,ES,Federal Contract Tower,16,5,23,0,44,0,4,56,0,60,16,9,79,0,104,50,0,50,154
07/30/2018,MLB,FL,ASO,ES,Federal Contract Tower,12,8,53,0,73,0,5,102,0,107,12,13,155,0,180,97,0,97,277
07/31/2018,MLB,FL,ASO,ES,Federal Contract Tower,12,3,69,0,84,0,1,104,0,105,12,4,173,0,189,92,0,92,281
08/01/2018,MLB,FL,ASO,ES,Federal Contract Tower,11,2,66,0,79,0,4,108,0,112,11,6,174,0,191,99,0,99,290
08/02/2018,MLB,FL,ASO,ES,Federal Contract Tower,16,5,126,0,147,0,4,144,0,148,16,9,270,0,295,108,0,108,403
08/03/2018,MLB,FL,ASO,ES,Federal Contract Tower,13,5,87,0,105,0,5,212,0,217,13,10,299,0,322,138,0,138,460
08/04/2018,MLB,FL,ASO,ES,Federal Contract Tower,9,7,77,0,93,0,4,133,0,137,9,11,210,0,230,142,0,142,372
08/05/2018,MLB,FL,ASO,ES,Federal Contract Tower,16,2,24,1,43,0,2,61,0,63,16,4,85,1,106,28,0,28,134
08/06/2018,MLB,FL,ASO,ES,Federal Contract Tower,13,3,65,1,82,0,2,156,0,158,13,5,221,1,240,177,0,177,417
08/07/2018,MLB,FL,ASO,ES,Federal Contract Tower,12,3,78,0,93,0,4,111,0,115,12,7,189,0,208,144,0,144,352
08/08/2018,MLB,FL,ASO,ES,Federal Contract Tower,11,2,78,4,95,0,7,139,0,146,11,9,217,4,241,118,0,118,359
08/09/2018,MLB,FL,ASO,ES,Federal Contract Tower,12,2,116,0,130,0,2,138,0,140,12,4,254,0,270,76,0,76,346
08/10/2018,MLB,FL,ASO,ES,Federal Contract Tower,14,4,60,0,78,0,1,127,0,128,14,5,187,0,206,61,0,61,267
08/11/2018,MLB,FL,ASO,ES,Federal Contract Tower,9,9,41,1,60,0,3,126,0,129,9,12,167,1,189,136,0,136,325
08/12/2018,MLB,FL,ASO,ES,Federal Contract Tower,17,4,17,0,38,0,0,76,0,76,17,4,93,0,114,60,0,60,174
08/13/2018,MLB,FL,ASO,ES,Federal Contract Tower,10,5,59,0,74,0,2,100,0,102,10,7,159,0,176,94,0,94,270
08/14/2018,MLB,FL,ASO,ES,Federal Contract Tower,10,3,58,0,71,0,0,141,2,143,10,3,199,2,214,158,0,158,372
08/15/2018,MLB,FL,ASO,ES,Federal Contract Tower,10,5,88,20,123,0,0,129,0,129,10,5,217,20,252,108,0,108,360
08/16/2018,MLB,FL,ASO,ES,Federal Contract Tower,15,2,94,0,111,0,2,181,0,183,15,4,275,0,294,154,0,154,448
08/17/2018,MLB,FL,ASO,ES,Federal Contract Tower,14,11,67,6,98,0,1,120,0,121,14,12,187,6,219,66,0,66,285
08/18/2018,MLB,FL,ASO,ES,Federal Contract Tower,11,6,20,0,37,0,5,111,0,116,11,11,131,0,153,74,0,74,227
08/19/2018,MLB,FL,ASO,ES,Federal Contract Tower,15,2,34,0,51,0,2,53,0,55,15,4,87,0,106,22,0,22,128
08/20/2018,MLB,FL,ASO,ES,Federal Contract Tower,17,5,66,0,88,0,4,115,0,119,17,9,181,0,207,132,0,132,339
08/21/2018,MLB,FL,ASO,ES,Federal Contract Tower,15,4,94,0,113,0,1,121,0,122,15,5,215,0,235,147,0,147,382
08/22/2018,MLB,FL,ASO,ES,Federal Contract Tower,19,8,70,0,97,0,2,113,2,117,19,10,183,2,214,130,0,130,344
08/23/2018,MLB,FL,ASO,ES,Federal Contract Tower,14,5,86,2,107,0,3,155,0,158,14,8,241,2,265,138,0,138,403
08/24/2018,MLB,FL,ASO,ES,Federal Contract Tower,14,5,93,0,112,0,2,163,0,165,14,7,256,0,277,128,0,128,405
08/25/2018,MLB,FL,ASO,ES,Federal Contract Tower,11,1,42,0,54,0,0,65,0,65,11,1,107,0,119,120,0,120,239
08/26/2018,MLB,FL,ASO,ES,Federal Contract Tower,14,1,53,0,68,0,2,71,0,73,14,3,124,0,141,34,0,34,175
08/27/2018,MLB,FL,ASO,ES,Federal Contract Tower,16,5,62,0,83,0,3,84,0,87,16,8,146,0,170,98,0,98,268
08/28/2018,MLB,FL,ASO,ES,Federal Contract Tower,15,1,103,0,119,0,1,98,0,99,15,2,201,0,218,174,0,174,392
08/29/2018,MLB,FL,ASO,ES,Federal Contract Tower,15,6,97,2,120,0,2,152,0,154,15,8,249,2,274,194,0,194,468
08/30/2018,MLB,FL,ASO,ES,Federal Contract Tower,13,5,98,5,121,0,5,113,0,118,13,10,211,5,239,126,6,132,371
08/31/2018,MLB,FL,ASO,ES,Federal Contract Tower,13,6,115,0,134,0,5,177,0,182,13,11,292,0,316,124,0,124,440
09/01/2018,MLB,FL,ASO,ES,Federal Contract Tower,11,2,53,9,75,0,8,88,0,96,11,10,141,9,171,130,0,130,301
09/02/2018,MLB,FL,ASO,ES,Federal Contract Tower,10,2,20,0,32,0,0,53,0,53,10,2,73,0,85,49,0,49,134
09/03/2018,MLB,FL,ASO,ES,Federal Contract Tower,12,4,23,0,39,0,4,21,0,25,12,8,44,0,64,26,0,26,90
09/04/2018,MLB,FL,ASO,ES,Federal Contract Tower,13,0,104,2,119,0,4,142,0,146,13,4,246,2,265,158,0,158,423
09/05/2018,MLB,FL,ASO,ES,Federal Contract Tower,16,5,106,0,127,0,3,213,0,216,16,8,319,0,343,219,0,219,562
09/06/2018,MLB,FL,ASO,ES,Federal Contract Tower,15,11,81,1,108,0,2,170,0,172,15,13,251,1,280,178,0,178,458
09/07/2018,MLB,FL,ASO,ES,Federal Contract Tower,11,12,115,0,138,0,2,176,5,183,11,14,291,5,321,160,0,160,481
09/08/2018,MLB,FL,ASO,ES,Federal Contract Tower,8,3,68,0,79,0,0,136,0,136,8,3,204,0,215,90,0,90,305
09/09/2018,MLB,FL,ASO,ES,Federal Contract Tower,14,7,37,0,58,0,2,92,0,94,14,9,129,0,152,38,0,38,190
09/10/2018,MLB,FL,ASO,ES,Federal Contract Tower,10,10,70,0,90,0,2,121,0,123,10,12,191,0,213,73,0,73,286
09/11/2018,MLB,FL,ASO,ES,Federal Contract Tower,12,6,78,0,96,0,1,184,1,186,12,7,262,1,282,106,0,106,388
09/12/2018,MLB,FL,ASO,ES,Federal Contract Tower,17,4,74,2,97,0,4,139,2,145,17,8,213,4,242,134,0,134,376
09/13/2018,MLB,FL,ASO,ES,Federal Contract Tower,14,6,75,0,95,0,10,119,0,129,14,16,194,0,224,180,0,180,404
09/14/2018,MLB,FL,ASO,ES,Federal Contract Tower,14,5,82,0,101,0,2,185,0,187,14,7,267,0,288,114,0,114,402
09/15/2018,MLB,FL,ASO,ES,Federal Contract Tower,9,7,39,0,55,0,5,161,0,166,9,12,200,0,221,108,0,108,329
09/16/2018,MLB,FL,ASO,ES,Federal Contract Tower,15,6,40,0,61,0,4,73,0,77,15,10,113,0,138,46,0,46,184
09/17/2018,MLB,FL,ASO,ES,Federal Contract Tower,13,2,90,0,105,0,5,198,0,203,13,7,288,0,308,142,0,142,450
09/18/2018,MLB,FL,ASO,ES,Federal Contract Tower,9,4,90,0,103,0,3,182,0,185,9,7,272,0,288,168,0,168,456
09/19/2018,MLB,FL,ASO,ES,Federal Contract Tower,15,3,70,0,88,0,4,171,0,175,15,7,241,0,263,202,0,202,465
09/20/2018,MLB,FL,ASO,ES,Federal Contract Tower,21,6,102,1,130,0,2,193,1,196,21,8,295,2,326,162,0,162,488
09/21/2018,MLB,FL,ASO,ES,Federal Contract Tower,17,2,95,0,114,0,3,124,0,127,17,5,219,0,241,110,0,110,351
09/22/2018,MLB,FL,ASO,ES,Federal Contract Tower,12,6,39,0,57,0,2,83,0,85,12,8,122,0,142,131,0,131,273
09/23/2018,MLB,FL,ASO,ES,Federal Contract Tower,16,5,32,0,53,0,2,77,0,79,16,7,109,0,132,51,0,51,183
09/24/2018,MLB,FL,ASO,ES,Federal Contract Tower,15,3,76,0,94,0,2,119,0,121,15,5,195,0,215,132,0,132,347
09/25/2018,MLB,FL,ASO,ES,Federal Contract Tower,13,9,70,0,92,0,4,158,0,162,13,13,228,0,254,171,0,171,425
09/26/2018,MLB,FL,ASO,ES,Federal Contract Tower,14,5,92,6,117,0,2,202,0,204,14,7,294,6,321,266,0,266,587
09/27/2018,MLB,FL,ASO,ES,Federal Contract Tower,12,10,95,0,117,0,8,182,0,190,12,18,277,0,307,182,0,182,489
09/28/2018,MLB,FL,ASO,ES,Federal Contract Tower,16,7,97,0,120,0,0,164,0,164,16,7,261,0,284,232,0,232,516
09/30/2018,MLB,FL,ASO,ES,Federal Contract Tower,14,7,49,0,70,0,9,92,0,101,14,16,141,0,171,50,0,50,221
10/01/2018,MLB,FL,ASO,ES,Federal Contract Tower,15,6,91,0,112,0,2,119,0,121,15,8,210,0,233,151,2,153,386
10/02/2018,MLB,FL,ASO,ES,Federal Contract Tower,17,3,90,0,110,0,4,92,0,96,17,7,182,0,206,182,0,182,388
10/03/2018,MLB,FL,ASO,ES,Federal Contract Tower,11,5,113,0,129,0,6,189,1,196,11,11,302,1,325,189,0,189,514
10/04/2018,MLB,FL,ASO,ES,Federal Contract Tower,18,6,94,0,118,0,2,152,0,154,18,8,246,0,272,140,0,140,412
10/05/2018,MLB,FL,ASO,ES,Federal Contract Tower,14,4,82,6,106,0,2,187,0,189,14,6,269,6,295,216,0,216,511
10/06/2018,MLB,FL,ASO,ES,Federal Contract Tower,14,5,64,0,83,0,5,146,0,151,14,10,210,0,234,192,0,192,426
10/07/2018,MLB,FL,ASO,ES,Federal Contract Tower,22,6,28,0,56,0,3,75,0,78,22,9,103,0,134,124,0,124,258
10/08/2018,MLB,FL,ASO,ES,Federal Contract Tower,13,2,45,0,60,0,0,52,0,52,13,2,97,0,112,82,0,82,194
10/09/2018,MLB,FL,ASO,ES,Federal Contract Tower,16,7,70,0,93,0,4,67,0,71,16,11,137,0,164,98,0,98,262
10/10/2018,MLB,FL,ASO,ES,Federal Contract Tower,17,4,44,0,65,0,4,66,0,70,17,8,110,0,135,108,0,108,243
10/11/2018,MLB,FL,ASO,ES,Federal Contract Tower,16,13,83,0,112,0,8,100,0,108,16,21,183,0,220,116,0,116,336
10/12/2018,MLB,FL,ASO,ES,Federal Contract Tower,14,1,106,0,121,0,8,165,0,173,14,9,271,0,294,182,0,182,476
10/13/2018,MLB,FL,ASO,ES,Federal Contract Tower,13,4,77,0,94,0,4,205,0,209,13,8,282,0,303,92,0,92,395
10/14/2018,MLB,FL,ASO,ES,Federal Contract Tower,17,5,54,0,76,0,6,109,0,115,17,11,163,0,191,106,0,106,297
10/15/2018,MLB,FL,ASO,ES,Federal Contract Tower,18,4,72,0,94,0,4,222,0,226,18,8,294,0,320,284,0,284,604
10/16/2018,MLB,FL,ASO,ES,Federal Contract Tower,15,1,85,16,117,0,3,190,0,193,15,4,275,16,310,180,0,180,490
10/17/2018,MLB,FL,ASO,ES,Federal Contract Tower,16,3,112,1,132,0,3,229,0,232,16,6,341,1,364,182,0,182,546
10/18/2018,MLB,FL,ASO,ES,Federal Contract Tower,22,4,103,0,129,0,8,217,0,225,22,12,320,0,354,318,0,318,672
10/19/2018,MLB,FL,ASO,ES,Federal Contract Tower,14,9,75,0,98,0,8,148,0,156,14,17,223,0,254,148,0,148,402
10/20/2018,MLB,FL,ASO,ES,Federal Contract Tower,11,6,58,0,75,0,0,177,0,177,11,6,235,0,252,184,0,184,436
10/21/2018,MLB,FL,ASO,ES,Federal Contract Tower,17,5,41,0,63,0,80,0,0,80,17,85,41,0,143,2,0,2,145
10/22/2018,MLB,FL,ASO,ES,Federal Contract Tower,20,4,92,0,116,0,6,177,0,183,20,10,269,0,299,148,0,148,447
10/23/2018,MLB,FL,ASO,ES,Federal Contract Tower,14,0,98,0,112,0,7,217,0,224,14,7,315,0,336,236,0,236,572
10/24/2018,MLB,FL,ASO,ES,Federal Contract Tower,18,3,92,2,115,0,4,151,0,155,18,7,243,2,270,126,0,126,396
10/25/2018,MLB,FL,ASO,ES,Federal Contract Tower,19,2,117,1,139,0,5,106,0,111,19,7,223,1,250,132,0,132,382
10/26/2018,MLB,FL,ASO,ES,Federal Contract Tower,15,9,109,0,133,0,4,147,0,151,15,13,256,0,284,84,0,84,368
10/27/2018,MLB,FL,ASO,ES,Federal Contract Tower,10,4,86,0,100,0,1,180,0,181,10,5,266,0,281,104,0,104,385
10/28/2018,MLB,FL,ASO,ES,Federal Contract Tower,20,5,45,2,72,0,5,104,0,109,20,10,149,2,181,42,0,42,223
10/29/2018,MLB,FL,ASO,ES,Federal Contract Tower,11,3,93,9,116,0,5,240,0,245,11,8,333,9,361,246,0,246,607
10/30/2018,MLB,FL,ASO,ES,Federal Contract Tower,14,2,72,0,88,0,8,190,0,198,14,10,262,0,286,176,0,176,462
10/31/2018,MLB,FL,ASO,ES,Federal Contract Tower,13,5,82,0,100,0,6,159,6,171,13,11,241,6,271,192,0,192,463
11/01/2018,MLB,FL,ASO,ES,Federal Contract Tower,20,6,89,0,115,0,4,151,0,155,20,10,240,0,270,182,0,182,452
11/02/2018,MLB,FL,ASO,ES,Federal Contract Tower,15,6,74,2,97,0,0,131,4,135,15,6,205,6,232,106,0,106,338
11/03/2018,MLB,FL,ASO,ES,Federal Contract Tower,14,1,66,0,81,0,6,123,0,129,14,7,189,0,210,58,0,58,268
11/04/2018,MLB,FL,ASO,ES,Federal Contract Tower,17,11,31,0,59,0,6,40,0,46,17,17,71,0,105,68,0,68,173
11/05/2018,MLB,FL,ASO,ES,Federal Contract Tower,17,4,106,0,127,0,7,228,0,235,17,11,334,0,362,258,0,258,620
11/06/2018,MLB,FL,ASO,ES,Federal Contract Tower,17,1,94,0,112,0,4,202,0,206,17,5,296,0,318,328,0,328,646
11/07/2018,MLB,FL,ASO,ES,Federal Contract Tower,14,5,84,0,103,0,5,136,0,141,14,10,220,0,244,108,12,120,364
11/08/2018,MLB,FL,ASO,ES,Federal Contract Tower,13,8,123,0,144,0,7,165,0,172,13,15,288,0,316,183,0,183,499
11/09/2018,MLB,FL,ASO,ES,Federal Contract Tower,13,26,85,12,136,0,6,168,0,174,13,32,253,12,310,216,0,216,526
11/10/2018,MLB,FL,ASO,ES,Federal Contract Tower,18,8,56,0,82,0,9,92,0,101,18,17,148,0,183,80,0,80,263
11/11/2018,MLB,FL,ASO,ES,Federal Contract Tower,13,11,55,0,79,0,5,77,0,82,13,16,132,0,161,70,0,70,231
11/12/2018,MLB,FL,ASO,ES,Federal Contract Tower,15,4,86,0,105,0,7,65,0,72,15,11,151,0,177,89,0,89,266
11/13/2018,MLB,FL,ASO,ES,Federal Contract Tower,18,14,104,11,147,0,4,116,0,120,18,18,220,11,267,64,14,78,345
11/14/2018,MLB,FL,ASO,ES,Federal Contract Tower,12,9,160,0,181,0,3,186,0,189,12,12,346,0,370,297,12,309,679
11/15/2018,MLB,FL,ASO,ES,Federal Contract Tower,24,6,100,0,130,0,1,72,0,73,24,7,172,0,203,198,0,198,401
11/16/2018,MLB,FL,ASO,ES,Federal Contract Tower,28,11,98,2,139,0,2,182,4,188,28,13,280,6,327,151,0,151,478
11/17/2018,MLB,FL,ASO,ES,Federal Contract Tower,10,9,75,0,94,0,4,217,33,254,10,13,292,33,348,175,0,175,523
11/18/2018,MLB,FL,ASO,ES,Federal Contract Tower,14,10,77,0,101,0,9,121,0,130,14,19,198,0,231,141,0,141,372
11/19/2018,MLB,FL,ASO,ES,Federal Contract Tower,22,12,89,0,123,0,1,153,0,154,22,13,242,0,277,256,0,256,533
11/20/2018,MLB,FL,ASO,ES,Federal Contract Tower,19,11,127,0,157,0,5,110,0,115,19,16,237,0,272,158,0,158,430
11/21/2018,MLB,FL,ASO,ES,Federal Contract Tower,17,5,102,0,124,0,4,180,1,185,17,9,282,1,309,142,0,142,451
11/22/2018,MLB,FL,ASO,ES,Federal Contract Tower,10,7,12,0,29,0,10,20,0,30,10,17,32,0,59,18,0,18,77
11/23/2018,MLB,FL,ASO,ES,Federal Contract Tower,16,7,30,0,53,0,6,79,0,85,16,13,109,0,138,89,0,89,227
11/24/2018,MLB,FL,ASO,ES,Federal Contract Tower,25,8,51,0,84,0,6,110,0,116,25,14,161,0,200,100,0,100,300
11/25/2018,MLB,FL,ASO,ES,Federal Contract Tower,15,10,70,0,95,0,4,52,0,56,15,14,122,0,151,82,0,82,233
11/26/2018,MLB,FL,ASO,ES,Federal Contract Tower,20,12,112,2,146,0,3,135,7,145,20,15,247,9,291,112,0,112,403
11/27/2018,MLB,FL,ASO,ES,Federal Contract Tower,12,10,88,0,110,0,3,156,1,160,12,13,244,1,270,164,0,164,434
11/28/2018,MLB,FL,ASO,ES,Federal Contract Tower,17,7,114,0,138,0,6,213,0,219,17,13,327,0,357,196,0,196,553
11/29/2018,MLB,FL,ASO,ES,Federal Contract Tower,19,10,83,0,112,0,6,227,0,233,19,16,310,0,345,258,0,258,603
11/30/2018,MLB,FL,ASO,ES,Federal Contract Tower,21,13,116,0,150,0,3,220,0,223,21,16,336,0,373,319,0,319,692
12/01/2018,MLB,FL,ASO,ES,Federal Contract Tower,9,7,67,0,83,0,4,68,0,72,9,11,135,0,155,118,0,118,273
12/02/2018,MLB,FL,ASO,ES,Federal Contract Tower,17,9,63,0,89,0,6,70,0,76,17,15,133,0,165,86,0,86,251
12/03/2018,MLB,FL,ASO,ES,Federal Contract Tower,17,6,59,0,82,0,3,44,0,47,17,9,103,0,129,58,0,58,187
12/04/2018,MLB,FL,ASO,ES,Federal Contract Tower,14,8,126,0,148,0,5,82,0,87,14,13,208,0,235,110,0,110,345
12/05/2018,MLB,FL,ASO,ES,Federal Contract Tower,14,7,104,0,125,0,10,159,0,169,14,17,263,0,294,118,0,118,412
12/06/2018,MLB,FL,ASO,ES,Federal Contract Tower,19,6,125,1,151,0,4,241,1,246,19,10,366,2,397,204,0,204,601
12/07/2018,MLB,FL,ASO,ES,Federal Contract Tower,16,11,70,0,97,0,6,215,0,221,16,17,285,0,318,228,0,228,546
12/08/2018,MLB,FL,ASO,ES,Federal Contract Tower,15,7,100,0,122,0,0,215,2,217,15,7,315,2,339,277,0,277,616
12/09/2018,MLB,FL,ASO,ES,Federal Contract Tower,11,2,24,0,37,0,0,20,0,20,11,2,44,0,57,26,0,26,83
12/10/2018,MLB,FL,ASO,ES,Federal Contract Tower,15,6,103,0,124,0,2,95,0,97,15,8,198,0,221,166,0,166,387
12/11/2018,MLB,FL,ASO,ES,Federal Contract Tower,16,12,101,0,129,0,5,131,0,136,16,17,232,0,265,80,0,80,345
12/12/2018,MLB,FL,ASO,ES,Federal Contract Tower,20,5,123,6,154,0,5,205,4,214,20,10,328,10,368,220,0,220,588
12/13/2018,MLB,FL,ASO,ES,Federal Contract Tower,21,11,117,0,149,0,4,168,0,172,21,15,285,0,321,192,0,192,513
12/14/2018,MLB,FL,ASO,ES,Federal Contract Tower,13,6,69,22,110,0,2,71,1,74,13,8,140,23,184,34,0,34,218
12/15/2018,MLB,FL,ASO,ES,Federal Contract Tower,18,6,49,0,73,0,4,69,0,73,18,10,118,0,146,76,0,76,222
12/16/2018,MLB,FL,ASO,ES,Federal Contract Tower,11,7,31,0,49,0,4,86,0,90,11,11,117,0,139,52,0,52,191
12/17/2018,MLB,FL,ASO,ES,Federal Contract Tower,8,6,113,0,127,0,8,143,0,151,8,14,256,0,278,174,0,174,452
12/18/2018,MLB,FL,ASO,ES,Federal Contract Tower,19,4,128,0,151,0,5,183,0,188,19,9,311,0,339,182,0,182,521
12/19/2018,MLB,FL,ASO,ES,Federal Contract Tower,19,4,122,3,148,0,8,141,0,149,19,12,263,3,297,148,0,148,445
12/20/2018,MLB,FL,ASO,ES,Federal Contract Tower,16,5,30,0,51,0,0,3,1,4,16,5,33,1,55,0,0,0,55
12/21/2018,MLB,FL,ASO,ES,Federal Contract Tower,16,6,43,0,65,0,5,8,0,13,16,11,51,0,78,2,0,2,80
12/22/2018,MLB,FL,ASO,ES,Federal Contract Tower,14,6,61,0,81,0,4,90,2,96,14,10,151,2,177,32,0,32,209
12/23/2018,MLB,FL,ASO,ES,Federal Contract Tower,22,4,52,0,78,0,2,81,0,83,22,6,133,0,161,30,0,30,191
12/24/2018,MLB,FL,ASO,ES,Federal Contract Tower,8,3,10,0,21,0,4,72,0,76,8,7,82,0,97,40,0,40,137
12/25/2018,MLB,FL,ASO,ES,Federal Contract Tower,8,7,6,0,21,0,6,12,0,18,8,13,18,0,39,0,0,0,39
12/26/2018,MLB,FL,ASO,ES,Federal Contract Tower,15,3,52,0,70,0,5,81,0,86,15,8,133,0,156,66,0,66,222
12/27/2018,MLB,FL,ASO,ES,Federal Contract Tower,14,6,50,2,72,0,7,57,0,64,14,13,107,2,136,66,0,66,202
12/28/2018,MLB,FL,ASO,ES,Federal Contract Tower,16,17,60,0,93,0,4,55,0,59,16,21,115,0,152,16,0,16,168
12/29/2018,MLB,FL,ASO,ES,Federal Contract Tower,18,6,55,0,79,0,2,48,1,51,18,8,103,1,130,34,0,34,164
12/30/2018,MLB,FL,ASO,ES,Federal Contract Tower,17,5,58,0,80,0,3,73,0,76,17,8,131,0,156,72,0,72,228
12/31/2018,MLB,FL,ASO,ES,Federal Contract Tower,13,8,28,0,49,0,6,76,0,82,13,14,104,0,131,14,0,14,145
01/01/2019,MLB,FL,ASO,ES,Federal Contract Tower,9,4,19,0,32,0,7,29,0,36,9,11,48,0,68,0,0,0,68
01/02/2019,MLB,FL,ASO,ES,Federal Contract Tower,18,4,84,1,107,0,3,71,5,79,18,7,155,6,186,54,7,61,247
01/03/2019,MLB,FL,ASO,ES,Federal Contract Tower,16,12,77,0,105,0,7,110,1,118,16,19,187,1,223,109,25,134,357
01/04/2019,MLB,FL,ASO,ES,Federal Contract Tower,18,12,39,16,85,0,2,33,1,36,18,14,72,17,121,58,8,66,187
01/05/2019,MLB,FL,ASO,ES,Federal Contract Tower,14,11,76,13,114,0,4,109,1,114,14,15,185,14,228,121,47,168,396
01/06/2019,MLB,FL,ASO,ES,Federal Contract Tower,20,4,47,0,71,0,0,141,0,141,20,4,188,0,212,170,0,170,382
01/07/2019,MLB,FL,ASO,ES,Federal Contract Tower,22,4,104,0,130,0,5,161,3,169,22,9,265,3,299,126,14,140,439
01/08/2019,MLB,FL,ASO,ES,Federal Contract Tower,21,2,99,6,128,0,5,195,1,201,21,7,294,7,329,150,12,162,491
01/09/2019,MLB,FL,ASO,ES,Federal Contract Tower,18,2,87,7,114,0,7,128,0,135,18,9,215,7,249,100,4,104,353
01/10/2019,MLB,FL,ASO,ES,Federal Contract Tower,23,9,117,0,149,0,6,153,1,160,23,15,270,1,309,142,4,146,455
01/11/2019,MLB,FL,ASO,ES,Federal Contract Tower,15,4,105,2,126,0,1,144,1,146,15,5,249,3,272,174,2,176,448
01/12/2019,MLB,FL,ASO,ES,Federal Contract Tower,22,9,60,0,91,0,8,173,1,182,22,17,233,1,273,160,8,168,441
01/13/2019,MLB,FL,ASO,ES,Federal Contract Tower,18,23,53,0,94,0,0,115,0,115,18,23,168,0,209,110,0,110,319
01/14/2019,MLB,FL,ASO,ES,Federal Contract Tower,18,9,95,0,122,0,4,133,0,137,18,13,228,0,259,86,0,86,345
01/15/2019,MLB,FL,ASO,ES,Federal Contract Tower,17,4,70,0,91,0,6,173,1,180,17,10,243,1,271,120,4,124,395
01/16/2019,MLB,FL,ASO,ES,Federal Contract Tower,17,6,112,0,135,0,6,171,2,179,17,12,283,2,314,158,0,158,472
01/17/2019,MLB,FL,ASO,ES,Federal Contract Tower,17,4,77,2,100,0,4,161,3,168,17,8,238,5,268,209,0,209,477
01/18/2019,MLB,FL,ASO,ES,Federal Contract Tower,17,6,79,0,102,0,3,166,0,169,17,9,245,0,271,180,0,180,451
01/19/2019,MLB,FL,ASO,ES,Federal Contract Tower,13,3,64,0,80,0,2,120,4,126,13,5,184,4,206,94,6,100,306
01/20/2019,MLB,FL,ASO,ES,Federal Contract Tower,15,4,26,3,48,0,2,10,1,13,15,6,36,4,61,16,0,16,77
01/21/2019,MLB,FL,ASO,ES,Federal Contract Tower,18,3,69,0,90,0,4,140,0,144,18,7,209,0,234,94,0,94,328
01/22/2019,MLB,FL,ASO,ES,Federal Contract Tower,23,6,65,0,94,0,8,102,0,110,23,14,167,0,204,42,0,42,246
01/23/2019,MLB,FL,ASO,ES,Federal Contract Tower,15,3,65,8,91,0,5,92,7,104,15,8,157,15,195,24,6,30,225
01/24/2019,MLB,FL,ASO,ES,Federal Contract Tower,28,4,35,0,67,0,0,62,0,62,28,4,97,0,129,48,0,48,177
01/25/2019,MLB,FL,ASO,ES,Federal Contract Tower,23,7,62,0,92,0,1,155,0,156,23,8,217,0,248,151,0,151,399
01/26/2019,MLB,FL,ASO,ES,Federal Contract Tower,16,1,37,1,55,0,2,101,0,103,16,3,138,1,158,28,0,28,186
01/27/2019,MLB,FL,ASO,ES,Federal Contract Tower,20,3,7,1,31,0,0,0,0,0,20,3,7,1,31,0,0,0,31
01/28/2019,MLB,FL,ASO,ES,Federal Contract Tower,19,2,91,0,112,0,2,43,2,47,19,4,134,2,159,8,0,8,167
01/29/2019,MLB,FL,ASO,ES,Federal Contract Tower,18,2,58,1,79,0,7,260,0,267,18,9,318,1,346,214,0,214,560
01/30/2019,MLB,FL,ASO,ES,Federal Contract Tower,14,0,96,0,110,0,4,127,0,131,14,4,223,0,241,40,0,40,281
01/31/2019,MLB,FL,ASO,ES,Federal Contract Tower,17,4,92,0,113,0,6,163,0,169,17,10,255,0,282,170,0,170,452
02/01/2019,MLB,FL,ASO,ES,Federal Contract Tower,20,0,94,0,114,0,2,78,0,80,20,2,172,0,194,104,0,104,298
02/02/2019,MLB,FL,ASO,ES,Federal Contract Tower,19,9,74,0,102,0,6,120,0,126,19,15,194,0,228,143,0,143,371
02/03/2019,MLB,FL,ASO,ES,Federal Contract Tower,17,2,35,0,54,0,4,38,0,42,17,6,73,0,96,26,0,26,122
02/04/2019,MLB,FL,ASO,ES,Federal Contract Tower,17,5,107,1,130,0,4,202,1,207,17,9,309,2,337,114,0,114,451
02/05/2019,MLB,FL,ASO,ES,Federal Contract Tower,19,0,77,2,98,0,20,178,0,198,19,20,255,2,296,202,12,214,510
02/06/2019,MLB,FL,ASO,ES,Federal Contract Tower,18,5,81,5,109,0,9,269,0,278,18,14,350,5,387,292,4,296,683
02/07/2019,MLB,FL,ASO,ES,Federal Contract Tower,15,1,111,1,128,0,9,218,0,227,15,10,329,1,355,156,0,156,511
02/08/2019,MLB,FL,ASO,ES,Federal Contract Tower,17,5,95,2,119,0,2,274,1,277,17,7,369,3,396,258,2,260,656
02/09/2019,MLB,FL,ASO,ES,Federal Contract Tower,18,3,58,0,79,0,2,56,0,58,18,5,114,0,137,20,0,20,157
02/10/2019,MLB,FL,ASO,ES,Federal Contract Tower,23,5,75,0,103,0,3,16,0,19,23,8,91,0,122,16,0,16,138
02/11/2019,MLB,FL,ASO,ES,Federal Contract Tower,22,3,88,0,113,0,4,241,0,245,22,7,329,0,358,180,0,180,538
02/12/2019,MLB,FL,ASO,ES,Federal Contract Tower,21,6,104,2,133,0,2,90,0,92,21,8,194,2,225,54,0,54,279
02/13/2019,MLB,FL,ASO,ES,Federal Contract Tower,15,11,71,0,97,0,2,23,1,26,15,13,94,1,123,0,0,0,123
02/14/2019,MLB,FL,ASO,ES,Federal Contract Tower,15,5,88,0,108,0,5,222,0,227,15,10,310,0,335,248,0,248,583
02/15/2019,MLB,FL,ASO,ES,Federal Contract Tower,22,10,81,0,113,0,4,258,0,262,22,14,339,0,375,312,0,312,687
02/16/2019,MLB,FL,ASO,ES,Federal Contract Tower,20,17,117,0,154,0,9,170,0,179,20,26,287,0,333,120,0,120,453
02/17/2019,MLB,FL,ASO,ES,Federal Contract Tower,15,2,61,0,78,0,5,87,0,92,15,7,148,0,170,104,0,104,274
02/18/2019,MLB,FL,ASO,ES,Federal Contract Tower,17,3,109,0,129,0,4,142,0,146,17,7,251,0,275,218,0,218,493
02/19/2019,MLB,FL,ASO,ES,Federal Contract Tower,18,5,82,2,107,0,4,101,0,105,18,9,183,2,212,96,0,96,308
02/20/2019,MLB,FL,ASO,ES,Federal Contract Tower,14,4,108,6,132,0,2,129,0,131,14,6,237,6,263,98,0,98,361
02/21/2019,MLB,FL,ASO,ES,Federal Contract Tower,15,9,109,2,135,0,6,216,1,223,15,15,325,3,358,196,0,196,554
02/22/2019,MLB,FL,ASO,ES,Federal Contract Tower,17,1,113,13,144,0,0,196,4,200,17,1,309,17,344,268,0,268,612
02/23/2019,MLB,FL,ASO,ES,Federal Contract Tower,29,4,106,2,141,0,12,117,9,138,29,16,223,11,279,142,16,158,437
02/24/2019,MLB,FL,ASO,ES,Federal Contract Tower,18,9,60,3,90,0,3,83,3,89,18,12,143,6,179,54,6,60,239
02/25/2019,MLB,FL,ASO,ES,Federal Contract Tower,14,10,61,0,85,0,2,86,0,88,14,12,147,0,173,68,0,68,241
02/26/2019,MLB,FL,ASO,ES,Federal Contract Tower,18,3,98,0,119,0,6,127,0,133,18,9,225,0,252,152,0,152,404
02/27/2019,MLB,FL,ASO,ES,Federal Contract Tower,18,6,72,0,96,0,2,106,0,108,18,8,178,0,204,172,0,172,376
02/28/2019,MLB,FL,ASO,ES,Federal Contract Tower,20,9,99,3,131,0,10,142,0,152,20,19,241,3,283,127,0,127,410
03/01/2019,MLB,FL,ASO,ES,Federal Contract Tower,21,4,87,2,114,0,8,237,2,247,21,12,324,4,361,142,0,142,503
03/02/2019,MLB,FL,ASO,ES,Federal Contract Tower,28,5,52,2,87,0,5,204,0,209,28,10,256,2,296,84,0,84,380
03/03/2019,MLB,FL,ASO,ES,Federal Contract Tower,19,2,48,0,69,0,2,98,1,101,19,4,146,1,170,91,0,91,261
03/05/2019,MLB,FL,ASO,ES,Federal Contract Tower,24,8,63,0,95,0,1,6,2,9,24,9,69,2,104,0,0,0,104
03/06/2019,MLB,FL,ASO,ES,Federal Contract Tower,17,5,56,0,78,0,5,137,0,142,17,10,193,0,220,66,0,66,286
03/07/2019,MLB,FL,ASO,ES,Federal Contract Tower,22,6,108,3,139,0,3,182,0,185,22,9,290,3,324,138,2,140,464
03/08/2019,MLB,FL,ASO,ES,Federal Contract Tower,17,1,84,2,104,0,6,193,0,199,17,7,277,2,303,242,0,242,545
03/09/2019,MLB,FL,ASO,ES,Federal Contract Tower,24,14,69,0,107,0,4,139,1,144,24,18,208,1,251,136,0,136,387
03/10/2019,MLB,FL,ASO,ES,Federal Contract Tower,23,3,54,4,84,0,0,105,0,105,23,3,159,4,189,90,0,90,279
03/11/2019,MLB,FL,ASO,ES,Federal Contract Tower,21,9,89,12,131,0,6,215,2,223,21,15,304,14,354,162,0,162,516
03/12/2019,MLB,FL,ASO,ES,Federal Contract Tower,17,5,115,1,138,0,38,2,0,40,17,43,117,1,178,20,0,20,198
03/13/2019,MLB,FL,ASO,ES,Federal Contract Tower,18,9,94,0,121,0,4,170,2,176,18,13,264,2,297,164,0,164,461
03/14/2019,MLB,FL,ASO,ES,Federal Contract Tower,22,13,149,7,191,0,7,235,2,244,22,20,384,9,435,164,2,166,601
03/15/2019,MLB,FL,ASO,ES,Federal Contract Tower,23,19,123,2,167,0,6,206,0,212,23,25,329,2,379,156,0,156,535
03/16/2019,MLB,FL,ASO,ES,Federal Contract Tower,26,8,83,0,117,0,3,60,0,63,26,11,143,0,180,124,0,124,304
03/17/2019,MLB,FL,ASO,ES,Federal Contract Tower,21,3,28,0,52,0,0,10,0,10,21,3,38,0,62,0,0,0,62
03/18/2019,MLB,FL,ASO,ES,Federal Contract Tower,22,5,54,3,84,0,4,23,2,29,22,9,77,5,113,0,0,0,113
03/19/2019,MLB,FL,ASO,ES,Federal Contract Tower,19,2,61,0,82,0,4,13,0,17,19,6,74,0,99,6,0,6,105
03/20/2019,MLB,FL,ASO,ES,Federal Contract Tower,18,12,78,0,108,0,12,78,3,93,18,24,156,3,201,94,0,94,295
03/21/2019,MLB,FL,ASO,ES,Federal Contract Tower,22,8,115,1,146,0,2,271,0,273,22,10,386,1,419,284,0,284,703
03/22/2019,MLB,FL,ASO,ES,Federal Contract Tower,19,18,88,1,126,0,3,233,2,238,19,21,321,3,364,230,0,230,594
03/23/2019,MLB,FL,ASO,ES,Federal Contract Tower,25,8,133,4,170,0,9,205,5,219,25,17,338,9,389,174,0,174,563
03/24/2019,MLB,FL,ASO,ES,Federal Contract Tower,20,4,95,0,119,0,27,133,0,160,20,31,228,0,279,66,0,66,345
03/25/2019,MLB,FL,ASO,ES,Federal Contract Tower,23,8,131,4,166,0,4,278,0,282,23,12,409,4,448,206,10,216,664
03/26/2019,MLB,FL,ASO,ES,Federal Contract Tower,20,3,96,5,124,0,3,127,0,130,20,6,223,5,254,70,0,70,324
03/27/2019,MLB,FL,ASO,ES,Federal Contract Tower,20,3,43,0,66,0,1,4,0,5,20,4,47,0,71,6,0,6,77
03/28/2019,MLB,FL,ASO,ES,Federal Contract Tower,25,6,60,7,98,0,7,53,3,63,25,13,113,10,161,12,1,13,174
03/29/2019,MLB,FL,ASO,ES,Federal Contract Tower,19,6,71,1,97,0,7,102,8,117,19,13,173,9,214,110,0,110,324
03/30/2019,MLB,FL,ASO,ES,Federal Contract Tower,25,5,33,0,63,0,18,55,16,89,25,23,88,16,152,26,6,32,184
03/31/2019,MLB,FL,ASO,ES,Federal Contract Tower,24,7,33,2,66,0,23,47,5,75,24,30,80,7,141,0,0,0,141
04/01/2019,MLB,FL,ASO,ES,Federal Contract Tower,19,1,117,7,144,0,1,109,4,114,19,2,226,11,258,54,0,54,312
04/02/2019,MLB,FL,ASO,ES,Federal Contract Tower,14,7,107,0,128,0,2,86,0,88,14,9,193,0,216,68,0,68,284
04/03/2019,MLB,FL,ASO,ES,Federal Contract Tower,14,4,91,1,110,0,2,208,0,210,14,6,299,1,320,226,0,226,546
04/04/2019,MLB,FL,ASO,ES,Federal Contract Tower,16,10,150,0,176,0,4,242,0,246,16,14,392,0,422,208,0,208,630
04/05/2019,MLB,FL,ASO,ES,Federal Contract Tower,19,17,73,0,109,0,2,69,0,71,19,19,142,0,180,132,0,132,312
04/06/2019,MLB,FL,ASO,ES,Federal Contract Tower,27,4,83,1,115,0,8,151,0,159,27,12,234,1,274,138,0,138,412
04/07/2019,MLB,FL,ASO,ES,Federal Contract Tower,18,1,82,4,105,0,6,131,1,138,18,7,213,5,243,114,4,118,361
04/08/2019,MLB,FL,ASO,ES,Federal Contract Tower,14,1,55,20,90,0,6,129,0,135,14,7,184,20,225,128,0,128,353
04/09/2019,MLB,FL,ASO,ES,Federal Contract Tower,13,5,72,0,90,0,4,60,0,64,13,9,132,0,154,24,0,24,178
04/10/2019,MLB,FL,ASO,ES,Federal Contract Tower,13,7,117,0,137,0,1,181,3,185,13,8,298,3,322,299,0,299,621
04/11/2019,MLB,FL,ASO,ES,Federal Contract Tower,17,6,102,0,125,0,0,247,0,247,17,6,349,0,372,312,0,312,684
04/12/2019,MLB,FL,ASO,ES,Federal Contract Tower,18,10,119,11,158,0,5,179,1,185,18,15,298,12,343,96,0,96,439
04/13/2019,MLB,FL,ASO,ES,Federal Contract Tower,21,6,93,0,120,0,11,160,0,171,21,17,253,0,291,94,0,94,385
04/14/2019,MLB,FL,ASO,ES,Federal Contract Tower,16,2,47,0,65,0,7,29,0,36,16,9,76,0,101,2,0,2,103
04/15/2019,MLB,FL,ASO,ES,Federal Contract Tower,18,5,104,0,127,0,4,180,0,184,18,9,284,0,311,166,0,166,477
04/16/2019,MLB,FL,ASO,ES,Federal Contract Tower,16,6,119,1,142,0,10,241,0,251,16,16,360,1,393,274,0,274,667
04/17/2019,MLB,FL,ASO,ES,Federal Contract Tower,15,6,123,5,149,0,4,235,0,239,15,10,358,5,388,274,0,274,662
04/18/2019,MLB,FL,ASO,ES,Federal Contract Tower,17,5,103,5,130,0,10,108,0,118,17,15,211,5,248,120,0,120,368
04/19/2019,MLB,FL,ASO,ES,Federal Contract Tower,15,0,23,0,38,0,5,20,0,25,15,5,43,0,63,2,0,2,65
04/20/2019,MLB,FL,ASO,ES,Federal Contract Tower,19,8,76,0,103,0,10,120,0,130,19,18,196,0,233,84,18,102,335
04/21/2019,MLB,FL,ASO,ES,Federal Contract Tower,18,2,35,0,55,0,10,99,0,109,18,12,134,0,164,48,0,48,212
04/22/2019,MLB,FL,ASO,ES,Federal Contract Tower,17,6,140,0,163,0,3,218,0,221,17,9,358,0,384,252,0,252,636
04/23/2019,MLB,FL,ASO,ES,Federal Contract Tower,16,2,94,0,112,0,5,251,1,257,16,7,345,1,369,296,0,296,665
04/24/2019,MLB,FL,ASO,ES,Federal Contract Tower,14,2,144,0,160,0,4,215,0,219,14,6,359,0,379,200,0,200,579
04/25/2019,MLB,FL,ASO,ES,Federal Contract Tower,19,7,148,0,174,0,11,201,0,212,19,18,349,0,386,190,0,190,576
04/26/2019,MLB,FL,ASO,ES,Federal Contract Tower,17,2,83,0,102,0,1,42,0,43,17,3,125,0,145,36,0,36,181
04/27/2019,MLB,FL,ASO,ES,Federal Contract Tower,20,5,77,0,102,0,8,126,0,134,20,13,203,0,236,118,0,118,354
04/28/2019,MLB,FL,ASO,ES,Federal Contract Tower,16,8,81,3,108,0,2,154,0,156,16,10,235,3,264,111,0,111,375
04/29/2019,MLB,FL,ASO,ES,Federal Contract Tower,17,0,114,2,133,0,11,196,0,207,17,11,310,2,340,174,0,174,514
04/30/2019,MLB,FL,ASO,ES,Federal Contract Tower,18,8,124,0,150,0,3,146,0,149,18,11,270,0,299,140,0,140,439
05/01/2019,MLB,FL,ASO,ES,Federal Contract Tower,18,4,66,0,88,0,1,86,2,89,18,5,152,2,177,106,0,106,283
05/02/2019,MLB,FL,ASO,ES,Federal Contract Tower,15,8,81,3,107,0,4,41,0,45,15,12,122,3,152,38,0,38,190
05/03/2019,MLB,FL,ASO,ES,Federal Contract Tower,24,2,52,0,78,0,3,40,0,43,24,5,92,0,121,16,0,16,137
05/04/2019,MLB,FL,ASO,ES,Federal Contract Tower,15,4,64,0,83,0,2,53,0,55,15,6,117,0,138,64,0,64,202
05/05/2019,MLB,FL,ASO,ES,Federal Contract Tower,19,8,55,1,83,0,2,46,0,48,19,10,101,1,131,50,0,50,181
05/06/2019,MLB,FL,ASO,ES,Federal Contract Tower,18,5,97,7,127,0,2,102,1,105,18,7,199,8,232,122,0,122,354
05/07/2019,MLB,FL,ASO,ES,Federal Contract Tower,16,4,136,0,156,0,2,203,0,205,16,6,339,0,361,276,0,276,637
05/08/2019,MLB,FL,ASO,ES,Federal Contract Tower,17,11,158,2,188,0,2,203,0,205,17,13,361,2,393,187,0,187,580
05/09/2019,MLB,FL,ASO,ES,Federal Contract Tower,31,8,106,0,145,0,2,161,0,163,31,10,267,0,308,242,0,242,550
05/10/2019,MLB,FL,ASO,ES,Federal Contract Tower,13,6,115,18,152,0,4,195,1,200,13,10,310,19,352,210,0,210,562
05/11/2019,MLB,FL,ASO,ES,Federal Contract Tower,21,3,82,9,115,0,3,139,1,143,21,6,221,10,258,158,0,158,416
05/12/2019,MLB,FL,ASO,ES,Federal Contract Tower,19,2,63,0,84,0,1,55,0,56,19,3,118,0,140,8,0,8,148
05/13/2019,MLB,FL,ASO,ES,Federal Contract Tower,13,4,83,0,100,0,3,46,0,49,13,7,129,0,149,24,0,24,173
05/14/2019,MLB,FL,ASO,ES,Federal Contract Tower,15,13,77,0,105,0,4,140,0,144,15,17,217,0,249,118,0,118,367
05/15/2019,MLB,FL,ASO,ES,Federal Contract Tower,18,0,98,0,116,0,9,132,0,141,18,9,230,0,257,208,0,208,465
05/16/2019,MLB,FL,ASO,ES,Federal Contract Tower,18,2,151,0,171,0,4,245,1,250,18,6,396,1,421,182,0,182,603
05/17/2019,MLB,FL,ASO,ES,Federal Contract Tower,18,5,117,2,142,0,4,245,4,253,18,9,362,6,395,198,0,198,593
05/18/2019,MLB,FL,ASO,ES,Federal Contract Tower,19,1,109,1,130,0,3,165,1,169,19,4,274,2,299,226,0,226,525
05/19/2019,MLB,FL,ASO,ES,Federal Contract Tower,20,0,63,0,83,0,4,108,0,112,20,4,171,0,195,88,0,88,283
05/20/2019,MLB,FL,ASO,ES,Federal Contract Tower,20,4,116,3,143,0,5,229,0,234,20,9,345,3,377,136,0,136,513
05/21/2019,MLB,FL,ASO,ES,Federal Contract Tower,18,5,108,6,137,0,2,167,0,169,18,7,275,6,306,190,0,190,496
05/22/2019,MLB,FL,ASO,ES,Federal Contract Tower,15,9,117,0,141,0,4,185,0,189,15,13,302,0,330,178,0,178,508
05/23/2019,MLB,FL,ASO,ES,Federal Contract Tower,16,9,94,0,119,0,5,169,0,174,16,14,263,0,293,202,0,202,495
05/24/2019,MLB,FL,ASO,ES,Federal Contract Tower,17,7,104,0,128,0,4,166,0,170,17,11,270,0,298,118,0,118,416
05/25/2019,MLB,FL,ASO,ES,Federal Contract Tower,17,8,82,0,107,0,10,146,0,156,17,18,228,0,263,114,0,114,377
05/26/2019,MLB,FL,ASO,ES,Federal Contract Tower,9,5,62,0,76,0,7,120,0,127,9,12,182,0,203,34,0,34,237
05/27/2019,MLB,FL,ASO,ES,Federal Contract Tower,14,3,77,0,94,0,7,114,0,121,14,10,191,0,215,59,0,59,274
05/28/2019,MLB,FL,ASO,ES,Federal Contract Tower,12,6,100,0,118,0,3,150,0,153,12,9,250,0,271,82,0,82,353
05/29/2019,MLB,FL,ASO,ES,Federal Contract Tower,17,1,145,0,163,0,3,168,0,171,17,4,313,0,334,98,0,98,432
05/30/2019,MLB,FL,ASO,ES,Federal Contract Tower,16,15,135,2,168,0,12,156,0,168,16,27,291,2,336,168,0,168,504
05/31/2019,MLB,FL,ASO,ES,Federal Contract Tower,15,4,135,0,154,0,5,158,1,164,15,9,293,1,318,154,0,154,472
06/01/2019,MLB,FL,ASO,ES,Federal Contract Tower,17,4,51,0,72,0,0,88,0,88,17,4,139,0,160,64,0,64,224
06/02/2019,MLB,FL,ASO,ES,Federal Contract Tower,18,3,45,0,66,0,4,46,0,50,18,7,91,0,116,48,0,48,164
06/03/2019,MLB,FL,ASO,ES,Federal Contract Tower,14,11,91,0,116,0,4,170,0,174,14,15,261,0,290,116,0,116,406
06/04/2019,MLB,FL,ASO,ES,Federal Contract Tower,14,7,113,1,135,0,4,166,1,171,14,11,279,2,306,138,0,138,444
06/05/2019,MLB,FL,ASO,ES,Federal Contract Tower,14,8,109,0,131,0,2,158,0,160,14,10,267,0,291,98,0,98,389
06/06/2019,MLB,FL,ASO,ES,Federal Contract Tower,16,11,119,0,146,0,3,149,0,152,16,14,268,0,298,148,0,148,446
06/07/2019,MLB,FL,ASO,ES,Federal Contract Tower,13,6,92,0,111,0,4,104,0,108,13,10,196,0,219,110,0,110,329
06/08/2019,MLB,FL,ASO,ES,Federal Contract Tower,17,6,61,0,84,0,4,70,0,74,17,10,131,0,158,110,0,110,268
06/09/2019,MLB,FL,ASO,ES,Federal Contract Tower,19,6,42,3,70,0,2,47,1,50,19,8,89,4,120,30,0,30,150
06/10/2019,MLB,FL,ASO,ES,Federal Contract Tower,17,5,113,0,135,0,2,117,0,119,17,7,230,0,254,132,0,132,386
06/11/2019,MLB,FL,ASO,ES,Federal Contract Tower,15,5,115,0,135,0,2,148,0,150,15,7,263,0,285,98,0,98,383
06/12/2019,MLB,FL,ASO,ES,Federal Contract Tower,15,3,104,0,122,0,2,159,0,161,15,5,263,0,283,196,0,196,479
06/13/2019,MLB,FL,ASO,ES,Federal Contract Tower,18,5,71,0,94,0,6,114,0,120,18,11,185,0,214,74,0,74,288
06/14/2019,MLB,FL,ASO,ES,Federal Contract Tower,15,7,120,0,142,0,3,149,0,152,15,10,269,0,294,199,0,199,493
06/15/2019,MLB,FL,ASO,ES,Federal Contract Tower,17,0,95,0,112,0,6,144,0,150,17,6,239,0,262,146,0,146,408
06/16/2019,MLB,FL,ASO,ES,Federal Contract Tower,23,4,46,0,73,0,0,33,0,33,23,4,79,0,106,54,0,54,160
06/17/2019,MLB,FL,ASO,ES,Federal Contract Tower,14,5,83,0,102,0,4,55,0,59,14,9,138,0,161,80,0,80,241
06/18/2019,MLB,FL,ASO,ES,Federal Contract Tower,15,5,83,2,105,0,1,122,0,123,15,6,205,2,228,56,0,56,284
06/19/2019,MLB,FL,ASO,ES,Federal Contract Tower,14,6,82,0,102,0,4,127,0,131,14,10,209,0,233,72,0,72,305
06/20/2019,MLB,FL,ASO,ES,Federal Contract Tower,21,5,140,0,166,0,3,166,8,177,21,8,306,8,343,116,0,116,459
06/21/2019,MLB,FL,ASO,ES,Federal Contract Tower,12,7,137,0,156,0,3,182,0,185,12,10,319,0,341,138,0,138,479
06/22/2019,MLB,FL,ASO,ES,Federal Contract Tower,20,6,91,0,117,0,4,140,0,144,20,10,231,0,261,112,0,112,373
06/23/2019,MLB,FL,ASO,ES,Federal Contract Tower,17,1,87,1,106,0,4,107,0,111,17,5,194,1,217,88,0,88,305
06/24/2019,MLB,FL,ASO,ES,Federal Contract Tower,12,3,128,1,144,0,12,209,2,223,12,15,337,3,367,94,0,94,461
06/25/2019,MLB,FL,ASO,ES,Federal Contract Tower,19,1,116,0,136,0,9,170,3,182,19,10,286,3,318,130,0,130,448
06/26/2019,MLB,FL,ASO,ES,Federal Contract Tower,15,3,113,0,131,0,13,213,0,226,15,16,326,0,357,291,0,291,648
06/27/2019,MLB,FL,ASO,ES,Federal Contract Tower,16,11,146,0,173,0,3,211,0,214,16,14,357,0,387,78,0,78,465
06/28/2019,MLB,FL,ASO,ES,Federal Contract Tower,13,3,113,0,129,0,2,93,0,95,13,5,206,0,224,166,0,166,390
06/29/2019,MLB,FL,ASO,ES,Federal Contract Tower,23,8,83,0,114,0,1,58,0,59,23,9,141,0,173,60,0,60,233
06/30/2019,MLB,FL,ASO,ES,Federal Contract Tower,14,5,86,0,105,0,0,100,0,100,14,5,186,0,205,98,0,98,303
07/01/2019,MLB,FL,ASO,ES,Federal Contract Tower,14,12,125,0,151,0,4,180,0,184,14,16,305,0,335,58,0,58,393
07/02/2019,MLB,FL,ASO,ES,Federal Contract Tower,11,3,93,4,111,0,7,194,0,201,11,10,287,4,312,151,4,155,467
07/03/2019,MLB,FL,ASO,ES,Federal Contract Tower,12,3,112,1,128,0,3,132,0,135,12,6,244,1,263,198,0,198,461
07/04/2019,MLB,FL,ASO,ES,Federal Contract Tower,10,2,65,0,77,0,3,85,0,88,10,5,150,0,165,57,0,57,222
07/05/2019,MLB,FL,ASO,ES,Federal Contract Tower,9,1,46,0,56,0,2,110,0,112,9,3,156,0,168,77,0,77,245
07/06/2019,MLB,FL,ASO,ES,Federal Contract Tower,16,3,76,0,95,0,0,58,0,58,16,3,134,0,153,70,0,70,223
07/07/2019,MLB,FL,ASO,ES,Federal Contract Tower,15,6,64,0,85,0,0,58,0,58,15,6,122,0,143,58,0,58,201
07/08/2019,MLB,FL,ASO,ES,Federal Contract Tower,14,3,104,1,122,0,1,112,0,113,14,4,216,1,235,98,0,98,333
07/09/2019,MLB,FL,ASO,ES,Federal Contract Tower,13,7,71,0,91,0,6,65,0,71,13,13,136,0,162,60,0,60,222
07/10/2019,MLB,FL,ASO,ES,Federal Contract Tower,14,4,123,0,141,0,1,171,0,172,14,5,294,0,313,106,0,106,419
07/11/2019,MLB,FL,ASO,ES,Federal Contract Tower,12,9,109,0,130,0,1,182,0,183,12,10,291,0,313,134,0,134,447
07/12/2019,MLB,FL,ASO,ES,Federal Contract Tower,16,1,138,2,157,0,2,169,0,171,16,3,307,2,328,150,0,150,478
07/13/2019,MLB,FL,ASO,ES,Federal Contract Tower,15,8,93,0,116,0,1,171,0,172,15,9,264,0,288,68,0,68,356
07/14/2019,MLB,FL,ASO,ES,Federal Contract Tower,18,1,84,0,103,0,3,117,0,120,18,4,201,0,223,74,0,74,297
07/15/2019,MLB,FL,ASO,ES,Federal Contract Tower,18,0,151,0,169,0,2,227,0,229,18,2,378,0,398,114,0,114,512
07/16/2019,MLB,FL,ASO,ES,Federal Contract Tower,16,6,129,0,151,0,4,168,0,172,16,10,297,0,323,174,0,174,497
07/17/2019,MLB,FL,ASO,ES,Federal Contract Tower,13,10,85,0,108,0,3,150,0,153,13,13,235,0,261,196,0,196,457
07/18/2019,MLB,FL,ASO,ES,Federal Contract Tower,17,6,113,3,139,0,2,138,0,140,17,8,251,3,279,164,0,164,443
07/19/2019,MLB,FL,ASO,ES,Federal Contract Tower,15,1,109,12,137,0,2,202,0,204,15,3,311,12,341,244,0,244,585
07/20/2019,MLB,FL,ASO,ES,Federal Contract Tower,17,0,86,0,103,0,2,61,0,63,17,2,147,0,166,126,0,126,292
07/21/2019,MLB,FL,ASO,ES,Federal Contract Tower,15,0,76,0,91,0,6,129,0,135,15,6,205,0,226,62,0,62,288
07/22/2019,MLB,FL,ASO,ES,Federal Contract Tower,15,3,94,0,112,0,2,135,0,137,15,5,229,0,249,140,0,140,389
07/23/2019,MLB,FL,ASO,ES,Federal Contract Tower,15,1,75,0,91,0,1,143,0,144,15,2,218,0,235,88,0,88,323
07/24/2019,MLB,FL,ASO,ES,Federal Contract Tower,12,4,81,0,97,0,2,107,0,109,12,6,188,0,206,92,0,92,298
07/25/2019,MLB,FL,ASO,ES,Federal Contract Tower,14,4,74,0,92,0,0,108,0,108,14,4,182,0,200,178,0,178,378
07/26/2019,MLB,FL,ASO,ES,Federal Contract Tower,16,0,81,0,97,0,4,125,0,129,16,4,206,0,226,154,0,154,380
07/27/2019,MLB,FL,ASO,ES,Federal Contract Tower,21,3,101,0,125,0,5,139,0,144,21,8,240,0,269,122,0,122,391
07/28/2019,MLB,FL,ASO,ES,Federal Contract Tower,17,1,82,0,100,0,3,163,0,166,17,4,245,0,266,36,0,36,302
07/29/2019,MLB,FL,ASO,ES,Federal Contract Tower,14,4,99,0,117,0,2,159,2,163,14,6,258,2,280,96,0,96,376
07/30/2019,MLB,FL,ASO,ES,Federal Contract Tower,12,7,73,0,92,0,5,151,2,158,12,12,224,2,250,150,0,150,400
07/31/2019,MLB,FL,ASO,ES,Federal Contract Tower,14,1,75,0,90,0,2,171,0,173,14,3,246,0,263,130,0,130,393
08/01/2019,MLB,FL,ASO,ES,Federal Contract Tower,17,8,49,0,74,0,4,65,0,69,17,12,114,0,143,54,0,54,197
08/02/2019,MLB,FL,ASO,ES,Federal Contract Tower,15,2,114,0,131,0,0,69,0,69,15,2,183,0,200,70,0,70,270
08/03/2019,MLB,FL,ASO,ES,Federal Contract Tower,17,3,83,0,103,0,2,111,0,113,17,5,194,0,216,144,0,144,360
08/04/2019,MLB,FL,ASO,ES,Federal Contract Tower,21,1,52,0,74,0,6,76,0,82,21,7,128,0,156,28,0,28,184
08/05/2019,MLB,FL,ASO,ES,Federal Contract Tower,11,7,70,0,88,0,1,108,1,110,11,8,178,1,198,92,1,93,291
08/06/2019,MLB,FL,ASO,ES,Federal Contract Tower,15,3,85,0,103,0,6,116,8,130,15,9,201,8,233,66,0,66,299
08/07/2019,MLB,FL,ASO,ES,Federal Contract Tower,17,7,100,0,124,0,1,117,0,118,17,8,217,0,242,102,0,102,344
08/08/2019,MLB,FL,ASO,ES,Federal Contract Tower,11,4,92,0,107,0,4,159,0,163,11,8,251,0,270,126,0,126,396
08/09/2019,MLB,FL,ASO,ES,Federal Contract Tower,14,5,107,0,126,0,5,184,0,189,14,10,291,0,315,204,0,204,519
08/10/2019,MLB,FL,ASO,ES,Federal Contract Tower,13,0,90,0,103,0,4,164,0,168,13,4,254,0,271,134,0,134,405
08/11/2019,MLB,FL,ASO,ES,Federal Contract Tower,18,2,85,0,105,0,2,99,0,101,18,4,184,0,206,70,0,70,276
08/12/2019,MLB,FL,ASO,ES,Federal Contract Tower,14,4,80,0,98,0,0,39,0,39,14,4,119,0,137,20,0,20,157
08/13/2019,MLB,FL,ASO,ES,Federal Contract Tower,15,1,86,0,102,0,0,45,0,45,15,1,131,0,147,36,0,36,183
08/14/2019,MLB,FL,ASO,ES,Federal Contract Tower,16,2,81,12,111,0,5,161,0,166,16,7,242,12,277,138,0,138,415
08/15/2019,MLB,FL,ASO,ES,Federal Contract Tower,14,7,127,0,148,0,6,125,0,131,14,13,252,0,279,104,0,104,383
08/16/2019,MLB,FL,ASO,ES,Federal Contract Tower,16,3,128,0,147,0,7,134,0,141,16,10,262,0,288,120,0,120,408
08/17/2019,MLB,FL,ASO,ES,Federal Contract Tower,20,2,84,0,106,0,6,113,0,119,20,8,197,0,225,100,0,100,325
08/18/2019,MLB,FL,ASO,ES,Federal Contract Tower,15,2,96,0,113,0,5,155,0,160,15,7,251,0,273,62,0,62,335
08/19/2019,MLB,FL,ASO,ES,Federal Contract Tower,12,13,152,0,177,0,3,167,0,170,12,16,319,0,347,150,0,150,497
08/20/2019,MLB,FL,ASO,ES,Federal Contract Tower,16,1,64,0,81,0,2,146,3,151,16,3,210,3,232,123,0,123,355
08/21/2019,MLB,FL,ASO,ES,Federal Contract Tower,14,5,90,1,110,0,5,166,0,171,14,10,256,1,281,132,0,132,413
08/22/2019,MLB,FL,ASO,ES,Federal Contract Tower,14,2,136,0,152,0,3,134,0,137,14,5,270,0,289,152,0,152,441
08/23/2019,MLB,FL,ASO,ES,Federal Contract Tower,16,7,123,1,147,0,8,124,0,132,16,15,247,1,279,108,0,108,387
08/24/2019,MLB,FL,ASO,ES,Federal Contract Tower,20,1,109,0,130,0,4,90,0,94,20,5,199,0,224,82,0,82,306
08/25/2019,MLB,FL,ASO,ES,Federal Contract Tower,20,0,68,0,88,0,2,101,0,103,20,2,169,0,191,37,0,37,228
08/26/2019,MLB,FL,ASO,ES,Federal Contract Tower,21,0,80,0,101,0,3,131,0,134,21,3,211,0,235,28,0,28,263
08/27/2019,MLB,FL,ASO,ES,Federal Contract Tower,17,9,105,0,131,0,5,141,1,147,17,14,246,1,278,119,0,119,397
08/28/2019,MLB,FL,ASO,ES,Federal Contract Tower,16,0,89,0,105,0,2,89,0,91,16,2,178,0,196,77,0,77,273
08/29/2019,MLB,FL,ASO,ES,Federal Contract Tower,16,9,90,0,115,0,3,105,0,108,16,12,195,0,223,96,0,96,319
08/30/2019,MLB,FL,ASO,ES,Federal Contract Tower,15,1,93,1,110,0,4,62,0,66,15,5,155,1,176,50,0,50,226
08/31/2019,MLB,FL,ASO,ES,Federal Contract Tower,18,8,36,0,62,10,2,50,0,62,28,10,86,0,124,27,0,27,151
09/01/2019,MLB,FL,ASO,ES,Federal Contract Tower,12,0,17,0,29,0,0,31,3,34,12,0,48,3,63,6,0,6,69
09/02/2019,MLB,FL,ASO,ES,Federal Contract Tower,2,0,2,0,4,2,0,0,0,2,4,0,2,0,6,0,0,0,6
09/03/2019,MLB,FL,ASO,ES,Federal Contract Tower,0,0,0,0,0,0,0,0,0,0,0,0,0,0,0,0,0,0,0
09/04/2019,MLB,FL,ASO,ES,Federal Contract Tower,0,3,15,0,18,0,2,14,12,28,0,5,29,12,46,0,0,0,46
09/05/2019,MLB,FL,ASO,ES,Federal Contract Tower,10,6,45,0,61,0,7,48,1,56,10,13,93,1,117,6,0,6,123
09/06/2019,MLB,FL,ASO,ES,Federal Contract Tower,13,2,55,0,70,0,8,54,0,62,13,10,109,0,132,58,0,58,190
09/07/2019,MLB,FL,ASO,ES,Federal Contract Tower,14,3,117,0,134,0,2,126,0,128,14,5,243,0,262,128,0,128,390
09/08/2019,MLB,FL,ASO,ES,Federal Contract Tower,13,0,60,0,73,0,4,116,0,120,13,4,176,0,193,64,0,64,257
09/09/2019,MLB,FL,ASO,ES,Federal Contract Tower,15,3,120,0,138,0,5,204,0,209,15,8,324,0,347,138,0,138,485
09/10/2019,MLB,FL,ASO,ES,Federal Contract Tower,16,11,159,2,188,0,4,199,0,203,16,15,358,2,391,138,0,138,529
09/11/2019,MLB,FL,ASO,ES,Federal Contract Tower,14,3,143,4,164,0,7,167,0,174,14,10,310,4,338,144,0,144,482
09/12/2019,MLB,FL,ASO,ES,Federal Contract Tower,14,7,83,0,104,0,4,75,0,79,14,11,158,0,183,112,0,112,295
09/13/2019,MLB,FL,ASO,ES,Federal Contract Tower,14,7,55,0,76,0,2,25,0,27,14,9,80,0,103,36,0,36,139
09/14/2019,MLB,FL,ASO,ES,Federal Contract Tower,14,0,33,0,47,0,1,14,0,15,14,1,47,0,62,0,0,0,62
09/15/2019,MLB,FL,ASO,ES,Federal Contract Tower,16,3,42,2,63,0,4,38,0,42,16,7,80,2,105,12,0,12,117
09/16/2019,MLB,FL,ASO,ES,Federal Contract Tower,13,1,118,0,132,0,5,107,0,112,13,6,225,0,244,46,0,46,290
09/17/2019,MLB,FL,ASO,ES,Federal Contract Tower,15,4,147,4,170,0,0,243,0,243,15,4,390,4,413,184,0,184,597
09/18/2019,MLB,FL,ASO,ES,Federal Contract Tower,18,9,122,0,149,0,9,215,8,232,18,18,337,8,381,228,0,228,609
09/19/2019,MLB,FL,ASO,ES,Federal Contract Tower,14,7,88,0,109,0,4,142,0,146,14,11,230,0,255,62,0,62,317
09/20/2019,MLB,FL,ASO,ES,Federal Contract Tower,14,2,96,0,112,0,2,86,0,88,14,4,182,0,200,64,0,64,264
09/21/2019,MLB,FL,ASO,ES,Federal Contract Tower,14,7,68,0,89,0,2,115,0,117,14,9,183,0,206,112,0,112,318
09/22/2019,MLB,FL,ASO,ES,Federal Contract Tower,14,1,57,0,72,0,2,91,0,93,14,3,148,0,165,36,0,36,201
09/23/2019,MLB,FL,ASO,ES,Federal Contract Tower,15,4,117,0,136,0,6,222,0,228,15,10,339,0,364,192,0,192,556
09/24/2019,MLB,FL,ASO,ES,Federal Contract Tower,15,3,118,1,137,0,0,212,0,212,15,3,330,1,349,204,0,204,553
09/25/2019,MLB,FL,ASO,ES,Federal Contract Tower,14,1,122,0,137,0,2,246,0,248,14,3,368,0,385,270,0,270,655
09/26/2019,MLB,FL,ASO,ES,Federal Contract Tower,15,0,118,1,134,0,7,217,0,224,15,7,335,1,358,232,0,232,590
09/27/2019,MLB,FL,ASO,ES,Federal Contract Tower,11,2,127,0,140,0,9,229,0,238,11,11,356,0,378,298,0,298,676
09/28/2019,MLB,FL,ASO,ES,Federal Contract Tower,12,2,88,0,102,0,5,186,0,191,12,7,274,0,293,192,0,192,485
09/29/2019,MLB,FL,ASO,ES,Federal Contract Tower,13,3,74,0,90,0,0,124,0,124,13,3,198,0,214,82,0,82,296
09/30/2019,MLB,FL,ASO,ES,Federal Contract Tower,11,6,75,0,92,0,4,118,0,122,11,10,193,0,214,112,0,112,326
10/01/2019,MLB,FL,ASO,ES,Federal Contract Tower,15,2,84,0,101,0,5,101,0,106,15,7,185,0,207,166,0,166,373
10/02/2019,MLB,FL,ASO,ES,Federal Contract Tower,13,10,113,0,136,0,9,221,0,230,13,19,334,0,366,281,0,281,647
10/03/2019,MLB,FL,ASO,ES,Federal Contract Tower,17,4,179,2,202,0,8,258,0,266,17,12,437,2,468,244,0,244,712
10/04/2019,MLB,FL,ASO,ES,Federal Contract Tower,14,1,124,0,139,0,2,227,0,229,14,3,351,0,368,324,0,324,692
10/05/2019,MLB,FL,ASO,ES,Federal Contract Tower,16,2,67,0,85,0,10,80,0,90,16,12,147,0,175,176,0,176,351
10/06/2019,MLB,FL,ASO,ES,Federal Contract Tower,14,1,48,0,63,0,0,25,0,25,14,1,73,0,88,0,0,0,88
10/07/2019,MLB,FL,ASO,ES,Federal Contract Tower,15,2,64,1,82,0,2,13,0,15,15,4,77,1,97,16,0,16,113
10/08/2019,MLB,FL,ASO,ES,Federal Contract Tower,16,4,89,4,113,0,0,73,1,74,16,4,162,5,187,90,0,90,277
10/09/2019,MLB,FL,ASO,ES,Federal Contract Tower,14,4,53,0,71,0,0,37,0,37,14,4,90,0,108,22,0,22,130
10/10/2019,MLB,FL,ASO,ES,Federal Contract Tower,15,11,123,4,153,0,0,78,8,86,15,11,201,12,239,68,0,68,307
10/11/2019,MLB,FL,ASO,ES,Federal Contract Tower,15,3,149,0,167,0,1,238,0,239,15,4,387,0,406,204,0,204,610
10/12/2019,MLB,FL,ASO,ES,Federal Contract Tower,15,1,131,0,147,0,8,176,0,184,15,9,307,0,331,210,0,210,541
10/13/2019,MLB,FL,ASO,ES,Federal Contract Tower,16,2,78,0,96,0,6,150,0,156,16,8,228,0,252,87,0,87,339
10/14/2019,MLB,FL,ASO,ES,Federal Contract Tower,19,7,122,0,148,0,9,221,0,230,19,16,343,0,378,135,0,135,513
10/15/2019,MLB,FL,ASO,ES,Federal Contract Tower,18,1,66,0,85,0,6,206,0,212,18,7,272,0,297,134,0,134,431
10/16/2019,MLB,FL,ASO,ES,Federal Contract Tower,14,5,86,0,105,0,4,159,0,163,14,9,245,0,268,135,0,135,403
10/17/2019,MLB,FL,ASO,ES,Federal Contract Tower,17,4,92,3,116,0,2,209,0,211,17,6,301,3,327,232,0,232,559
10/18/2019,MLB,FL,ASO,ES,Federal Contract Tower,16,12,111,0,139,0,11,189,2,202,16,23,300,2,341,204,0,204,545
10/19/2019,MLB,FL,ASO,ES,Federal Contract Tower,15,4,15,0,34,0,0,6,0,6,15,4,21,0,40,0,0,0,40
10/20/2019,MLB,FL,ASO,ES,Federal Contract Tower,18,1,84,0,103,0,2,88,0,90,18,3,172,0,193,38,0,38,231
10/21/2019,MLB,FL,ASO,ES,Federal Contract Tower,14,6,100,0,120,0,5,228,0,233,14,11,328,0,353,198,0,198,551
10/22/2019,MLB,FL,ASO,ES,Federal Contract Tower,12,7,152,0,171,0,5,189,0,194,12,12,341,0,365,160,0,160,525
10/23/2019,MLB,FL,ASO,ES,Federal Contract Tower,22,10,82,0,114,0,3,149,0,152,22,13,231,0,266,134,0,134,400
10/24/2019,MLB,FL,ASO,ES,Federal Contract Tower,17,3,116,1,137,0,7,122,4,133,17,10,238,5,270,150,0,150,420
10/25/2019,MLB,FL,ASO,ES,Federal Contract Tower,18,0,80,0,98,0,0,30,0,30,18,0,110,0,128,32,0,32,160
10/26/2019,MLB,FL,ASO,ES,Federal Contract Tower,12,0,46,0,58,0,3,42,0,45,12,3,88,0,103,34,0,34,137
10/27/2019,MLB,FL,ASO,ES,Federal Contract Tower,9,4,86,1,100,0,3,102,0,105,9,7,188,1,205,86,0,86,291
10/28/2019,MLB,FL,ASO,ES,Federal Contract Tower,15,3,151,1,170,0,5,293,1,299,15,8,444,2,469,266,0,266,735
10/29/2019,MLB,FL,ASO,ES,Federal Contract Tower,14,2,124,2,142,0,5,205,0,210,14,7,329,2,352,154,14,168,520
10/30/2019,MLB,FL,ASO,ES,Federal Contract Tower,13,4,137,16,170,0,4,250,1,255,13,8,387,17,425,202,0,202,627
10/31/2019,MLB,FL,ASO,ES,Federal Contract Tower,7,3,117,0,127,0,3,232,0,235,7,6,349,0,362,230,0,230,592
11/01/2019,MLB,FL,ASO,ES,Federal Contract Tower,12,9,100,0,121,0,2,26,0,28,12,11,126,0,149,22,0,22,171
11/02/2019,MLB,FL,ASO,ES,Federal Contract Tower,18,5,90,2,115,0,2,140,0,142,18,7,230,2,257,140,0,140,397
11/03/2019,MLB,FL,ASO,ES,Federal Contract Tower,15,2,54,0,71,0,6,51,3,60,15,8,105,3,131,22,0,22,153
11/04/2019,MLB,FL,ASO,ES,Federal Contract Tower,17,4,74,1,96,0,0,110,0,110,17,4,184,1,206,110,0,110,316
11/05/2019,MLB,FL,ASO,ES,Federal Contract Tower,25,4,108,2,139,0,12,172,0,184,25,16,280,2,323,184,4,188,511
11/06/2019,MLB,FL,ASO,ES,Federal Contract Tower,13,7,74,10,104,0,3,52,0,55,13,10,126,10,159,38,0,38,197
11/07/2019,MLB,FL,ASO,ES,Federal Contract Tower,15,9,144,2,170,0,4,251,3,258,15,13,395,5,428,206,2,208,636
11/08/2019,MLB,FL,ASO,ES,Federal Contract Tower,12,2,86,0,100,0,3,121,0,124,12,5,207,0,224,138,0,138,362
11/09/2019,MLB,FL,ASO,ES,Federal Contract Tower,18,2,92,0,112,0,4,45,0,49,18,6,137,0,161,32,0,32,193
11/10/2019,MLB,FL,ASO,ES,Federal Contract Tower,23,10,51,1,85,0,5,156,0,161,23,15,207,1,246,82,0,82,328
11/11/2019,MLB,FL,ASO,ES,Federal Contract Tower,11,4,103,0,118,0,0,229,2,231,11,4,332,2,349,196,0,196,545
11/12/2019,MLB,FL,ASO,ES,Federal Contract Tower,12,0,99,1,112,0,2,231,0,233,12,2,330,1,345,232,2,234,579
11/13/2019,MLB,FL,ASO,ES,Federal Contract Tower,14,2,87,2,105,0,0,9,0,9,14,2,96,2,114,20,0,20,134
11/14/2019,MLB,FL,ASO,ES,Federal Contract Tower,15,3,187,0,205,0,3,128,0,131,15,6,315,0,336,140,0,140,476
11/15/2019,MLB,FL,ASO,ES,Federal Contract Tower,16,6,156,0,178,0,2,90,0,92,16,8,246,0,270,164,0,164,434
11/16/2019,MLB,FL,ASO,ES,Federal Contract Tower,22,5,122,0,149,0,3,109,0,112,22,8,231,0,261,79,0,79,340
11/17/2019,MLB,FL,ASO,ES,Federal Contract Tower,13,1,92,1,107,0,0,0,0,0,13,1,92,1,107,0,0,0,107
11/18/2019,MLB,FL,ASO,ES,Federal Contract Tower,16,2,118,4,140,0,4,223,1,228,16,6,341,5,368,160,0,160,528
11/19/2019,MLB,FL,ASO,ES,Federal Contract Tower,13,3,77,1,94,0,3,251,0,254,13,6,328,1,348,226,0,226,574
11/20/2019,MLB,FL,ASO,ES,Federal Contract Tower,17,4,104,1,126,0,5,284,0,289,17,9,388,1,415,228,0,228,643
11/21/2019,MLB,FL,ASO,ES,Federal Contract Tower,14,2,147,0,163,0,27,255,2,284,14,29,402,2,447,364,0,364,811
11/22/2019,MLB,FL,ASO,ES,Federal Contract Tower,16,1,141,0,158,0,5,291,0,296,16,6,432,0,454,316,0,316,770
11/23/2019,MLB,FL,ASO,ES,Federal Contract Tower,15,3,96,0,114,0,5,234,0,239,15,8,330,0,353,240,0,240,593
11/24/2019,MLB,FL,ASO,ES,Federal Contract Tower,14,3,90,0,107,0,8,88,0,96,14,11,178,0,203,142,0,142,345
11/25/2019,MLB,FL,ASO,ES,Federal Contract Tower,17,8,93,0,118,0,5,277,0,282,17,13,370,0,400,278,0,278,678
11/26/2019,MLB,FL,ASO,ES,Federal Contract Tower,15,5,120,0,140,0,0,267,0,267,15,5,387,0,407,296,0,296,703
11/27/2019,MLB,FL,ASO,ES,Federal Contract Tower,17,6,106,0,129,0,1,201,0,202,17,7,307,0,331,112,0,112,443
11/28/2019,MLB,FL,ASO,ES,Federal Contract Tower,7,1,25,0,33,0,1,12,0,13,7,2,37,0,46,20,0,20,66
11/29/2019,MLB,FL,ASO,ES,Federal Contract Tower,11,4,65,4,84,0,8,69,2,79,11,12,134,6,163,56,0,56,219
11/30/2019,MLB,FL,ASO,ES,Federal Contract Tower,13,0,86,0,99,0,1,112,0,113,13,1,198,0,212,102,0,102,314
12/01/2019,MLB,FL,ASO,ES,Federal Contract Tower,17,4,105,0,126,0,6,73,0,79,17,10,178,0,205,62,0,62,267
12/02/2019,MLB,FL,ASO,ES,Federal Contract Tower,17,3,94,0,114,0,9,89,0,98,17,12,183,0,212,66,0,66,278
12/03/2019,MLB,FL,ASO,ES,Federal Contract Tower,17,12,147,0,176,0,6,193,0,199,17,18,340,0,375,150,0,150,525
12/04/2019,MLB,FL,ASO,ES,Federal Contract Tower,24,11,91,0,126,0,4,146,0,150,24,15,237,0,276,148,0,148,424
12/05/2019,MLB,FL,ASO,ES,Federal Contract Tower,13,8,95,0,116,0,2,212,0,214,13,10,307,0,330,260,0,260,590
12/06/2019,MLB,FL,ASO,ES,Federal Contract Tower,17,5,135,2,159,0,6,268,0,274,17,11,403,2,433,276,0,276,709
12/07/2019,MLB,FL,ASO,ES,Federal Contract Tower,15,1,114,0,130,0,0,195,0,195,15,1,309,0,325,251,0,251,576
12/08/2019,MLB,FL,ASO,ES,Federal Contract Tower,12,4,68,2,86,0,6,114,2,122,12,10,182,4,208,72,0,72,280
12/09/2019,MLB,FL,ASO,ES,Federal Contract Tower,13,8,157,0,178,0,10,194,1,205,13,18,351,1,383,100,0,100,483
12/10/2019,MLB,FL,ASO,ES,Federal Contract Tower,12,1,85,0,98,0,4,183,1,188,12,5,268,1,286,202,0,202,488
12/11/2019,MLB,FL,ASO,ES,Federal Contract Tower,17,4,94,1,116,0,1,27,0,28,17,5,121,1,144,18,0,18,162
12/12/2019,MLB,FL,ASO,ES,Federal Contract Tower,20,3,55,3,81,0,0,10,0,10,20,3,65,3,91,4,0,4,95
12/13/2019,MLB,FL,ASO,ES,Federal Contract Tower,18,3,114,2,137,0,4,130,4,138,18,7,244,6,275,138,0,138,413
12/14/2019,MLB,FL,ASO,ES,Federal Contract Tower,15,6,68,6,95,0,1,90,4,95,15,7,158,10,190,24,0,24,214
12/15/2019,MLB,FL,ASO,ES,Federal Contract Tower,12,6,84,2,104,0,4,166,16,186,12,10,250,18,290,104,0,104,394
12/16/2019,MLB,FL,ASO,ES,Federal Contract Tower,15,0,131,2,148,0,2,224,0,226,15,2,355,2,374,202,0,202,576
12/17/2019,MLB,FL,ASO,ES,Federal Contract Tower,22,1,69,6,98,0,4,81,1,86,22,5,150,7,184,88,0,88,272
12/18/2019,MLB,FL,ASO,ES,Federal Contract Tower,16,4,68,2,90,0,1,5,0,6,16,5,73,2,96,0,0,0,96
12/19/2019,MLB,FL,ASO,ES,Federal Contract Tower,15,8,92,0,115,0,5,114,0,119,15,13,206,0,234,76,0,76,310
12/20/2019,MLB,FL,ASO,ES,Federal Contract Tower,17,2,132,0,151,0,3,69,0,72,17,5,201,0,223,102,0,102,325
12/21/2019,MLB,FL,ASO,ES,Federal Contract Tower,16,1,102,0,119,0,7,54,0,61,16,8,156,0,180,58,0,58,238
12/22/2019,MLB,FL,ASO,ES,Federal Contract Tower,23,7,36,0,66,0,0,11,0,11,23,7,47,0,77,6,0,6,83
12/23/2019,MLB,FL,ASO,ES,Federal Contract Tower,21,1,58,0,80,0,3,52,0,55,21,4,110,0,135,80,0,80,215
12/24/2019,MLB,FL,ASO,ES,Federal Contract Tower,6,4,15,2,27,0,0,16,0,16,6,4,31,2,43,7,0,7,50
12/25/2019,MLB,FL,ASO,ES,Federal Contract Tower,13,3,7,1,24,0,6,10,1,17,13,9,17,2,41,2,0,2,43
12/26/2019,MLB,FL,ASO,ES,Federal Contract Tower,20,10,82,0,112,0,8,81,0,89,20,18,163,0,201,64,0,64,265
12/27/2019,MLB,FL,ASO,ES,Federal Contract Tower,20,6,108,1,135,0,0,27,0,27,20,6,135,1,162,46,0,46,208
12/28/2019,MLB,FL,ASO,ES,Federal Contract Tower,22,6,87,0,115,0,4,54,0,58,22,10,141,0,173,50,0,50,223
12/29/2019,MLB,FL,ASO,ES,Federal Contract Tower,17,3,101,0,121,0,0,38,0,38,17,3,139,0,159,38,0,38,197
12/30/2019,MLB,FL,ASO,ES,Federal Contract Tower,21,1,83,1,106,0,16,92,0,108,21,17,175,1,214,86,0,86,300
12/31/2019,MLB,FL,ASO,ES,Federal Contract Tower,13,6,38,2,59,0,10,84,0,94,13,16,122,2,153,20,0,20,173
01/01/2020,MLB,FL,ASO,ES,Federal Contract Tower,12,4,41,0,57,0,4,41,0,45,12,8,82,0,102,16,0,16,118
01/02/2020,MLB,FL,ASO,ES,Federal Contract Tower,17,5,104,0,126,0,9,112,0,121,17,14,216,0,247,82,0,82,329
01/03/2020,MLB,FL,ASO,ES,Federal Contract Tower,16,16,98,1,131,0,5,93,2,100,16,21,191,3,231,108,0,108,339
01/04/2020,MLB,FL,ASO,ES,Federal Contract Tower,18,5,57,0,80,0,2,6,0,8,18,7,63,0,88,4,0,4,92
01/05/2020,MLB,FL,ASO,ES,Federal Contract Tower,20,5,60,0,85,0,3,99,0,102,20,8,159,0,187,60,0,60,247
01/06/2020,MLB,FL,ASO,ES,Federal Contract Tower,21,0,99,0,120,0,1,204,0,205,21,1,303,0,325,106,0,106,431
01/07/2020,MLB,FL,ASO,ES,Federal Contract Tower,20,1,103,2,126,0,6,172,4,182,20,7,275,6,308,138,0,138,446
01/08/2020,MLB,FL,ASO,ES,Federal Contract Tower,19,3,115,0,137,0,9,173,0,182,19,12,288,0,319,130,0,130,449
01/09/2020,MLB,FL,ASO,ES,Federal Contract Tower,23,7,75,0,105,0,9,102,0,111,23,16,177,0,216,83,0,83,299
01/10/2020,MLB,FL,ASO,ES,Federal Contract Tower,17,7,64,4,92,0,0,92,0,92,17,7,156,4,184,92,14,106,290
01/11/2020,MLB,FL,ASO,ES,Federal Contract Tower,16,0,60,0,76,0,2,32,2,36,16,2,92,2,112,26,2,28,140
01/12/2020,MLB,FL,ASO,ES,Federal Contract Tower,22,5,64,14,105,0,4,58,2,64,22,9,122,16,169,38,0,38,207
01/13/2020,MLB,FL,ASO,ES,Federal Contract Tower,20,3,99,5,127,0,7,194,0,201,20,10,293,5,328,110,0,110,438
01/14/2020,MLB,FL,ASO,ES,Federal Contract Tower,16,5,92,2,115,0,1,112,0,113,16,6,204,2,228,84,0,84,312
01/15/2020,MLB,FL,ASO,ES,Federal Contract Tower,19,1,87,0,107,0,6,215,1,222,19,7,302,1,329,200,0,200,529
01/16/2020,MLB,FL,ASO,ES,Federal Contract Tower,19,4,123,1,147,0,2,215,0,217,19,6,338,1,364,164,0,164,528
01/17/2020,MLB,FL,ASO,ES,Federal Contract Tower,22,4,133,1,160,0,3,86,0,89,22,7,219,1,249,88,0,88,337
01/18/2020,MLB,FL,ASO,ES,Federal Contract Tower,17,3,84,0,104,0,6,101,0,107,17,9,185,0,211,32,0,32,243
01/19/2020,MLB,FL,ASO,ES,Federal Contract Tower,20,4,107,2,133,0,7,134,0,141,20,11,241,2,274,94,0,94,368
01/20/2020,MLB,FL,ASO,ES,Federal Contract Tower,23,2,89,0,114,0,7,169,0,176,23,9,258,0,290,54,0,54,344
01/21/2020,MLB,FL,ASO,ES,Federal Contract Tower,18,11,80,0,109,0,2,92,1,95,18,13,172,1,204,56,0,56,260
01/22/2020,MLB,FL,ASO,ES,Federal Contract Tower,30,5,37,0,72,1,3,11,0,15,31,8,48,0,87,0,0,0,87
01/23/2020,MLB,FL,ASO,ES,Federal Contract Tower,21,11,99,0,131,0,0,28,0,28,21,11,127,0,159,34,0,34,193
01/24/2020,MLB,FL,ASO,ES,Federal Contract Tower,24,2,151,1,178,0,0,187,0,187,24,2,338,1,365,286,0,286,651
01/25/2020,MLB,FL,ASO,ES,Federal Contract Tower,19,4,131,0,154,0,1,247,0,248,19,5,378,0,402,160,0,160,562
01/26/2020,MLB,FL,ASO,ES,Federal Contract Tower,19,6,85,0,110,0,5,176,0,181,19,11,261,0,291,104,0,104,395
01/27/2020,MLB,FL,ASO,ES,Federal Contract Tower,20,3,142,0,165,0,8,226,0,234,20,11,368,0,399,318,0,318,717
01/28/2020,MLB,FL,ASO,ES,Federal Contract Tower,17,5,101,1,124,0,3,178,0,181,17,8,279,1,305,100,0,100,405
01/29/2020,MLB,FL,ASO,ES,Federal Contract Tower,17,7,94,1,119,0,2,258,0,260,17,9,352,1,379,130,0,130,509
01/30/2020,MLB,FL,ASO,ES,Federal Contract Tower,21,4,106,0,131,0,1,51,0,52,21,5,157,0,183,0,0,0,183
01/31/2020,MLB,FL,ASO,ES,Federal Contract Tower,23,8,143,0,174,0,2,199,0,201,23,10,342,0,375,196,0,196,571
02/01/2020,MLB,FL,ASO,ES,Federal Contract Tower,18,3,65,0,86,0,2,26,0,28,18,5,91,0,114,12,0,12,126
02/02/2020,MLB,FL,ASO,ES,Federal Contract Tower,16,7,74,0,97,0,3,113,0,116,16,10,187,0,213,60,0,60,273
02/03/2020,MLB,FL,ASO,ES,Federal Contract Tower,22,13,102,0,137,0,6,291,0,297,22,19,393,0,434,186,0,186,620
02/04/2020,MLB,FL,ASO,ES,Federal Contract Tower,18,2,107,0,127,0,4,190,0,194,18,6,297,0,321,182,0,182,503
02/05/2020,MLB,FL,ASO,ES,Federal Contract Tower,15,15,98,0,128,0,4,207,0,211,15,19,305,0,339,188,0,188,527
02/06/2020,MLB,FL,ASO,ES,Federal Contract Tower,13,5,50,4,72,0,3,22,0,25,13,8,72,4,97,8,0,8,105
02/07/2020,MLB,FL,ASO,ES,Federal Contract Tower,16,8,113,1,138,0,9,110,0,119,16,17,223,1,257,56,0,56,313
02/08/2020,MLB,FL,ASO,ES,Federal Contract Tower,18,1,100,2,121,0,6,222,0,228,18,7,322,2,349,188,0,188,537
02/09/2020,MLB,FL,ASO,ES,Federal Contract Tower,19,3,66,0,88,0,10,128,2,140,19,13,194,2,228,97,0,97,325
02/10/2020,MLB,FL,ASO,ES,Federal Contract Tower,19,2,176,4,201,0,5,217,2,224,19,7,393,6,425,250,0,250,675
02/11/2020,MLB,FL,ASO,ES,Federal Contract Tower,16,6,128,0,150,0,6,175,0,181,16,12,303,0,331,238,0,238,569
02/12/2020,MLB,FL,ASO,ES,Federal Contract Tower,22,8,114,1,145,0,3,143,0,146,22,11,257,1,291,244,0,244,535
02/13/2020,MLB,FL,ASO,ES,Federal Contract Tower,15,6,121,1,143,0,3,137,0,140,15,9,258,1,283,86,6,92,375
02/14/2020,MLB,FL,ASO,ES,Federal Contract Tower,27,2,70,1,100,0,0,16,0,16,27,2,86,1,116,0,0,0,116
02/15/2020,MLB,FL,ASO,ES,Federal Contract Tower,11,2,79,2,94,0,7,57,0,64,11,9,136,2,158,96,0,96,254
02/16/2020,MLB,FL,ASO,ES,Federal Contract Tower,14,4,57,1,76,0,2,106,0,108,14,6,163,1,184,79,0,79,263
02/17/2020,MLB,FL,ASO,ES,Federal Contract Tower,23,2,104,0,129,0,1,208,0,209,23,3,312,0,338,200,0,200,538
02/18/2020,MLB,FL,ASO,ES,Federal Contract Tower,19,0,115,2,136,0,5,197,0,202,19,5,312,2,338,156,0,156,494
02/19/2020,MLB,FL,ASO,ES,Federal Contract Tower,21,4,88,1,114,0,5,182,1,188,21,9,270,2,302,168,0,168,470
02/20/2020,MLB,FL,ASO,ES,Federal Contract Tower,20,3,184,4,211,0,3,87,0,90,20,6,271,4,301,80,0,80,381
02/21/2020,MLB,FL,ASO,ES,Federal Contract Tower,20,4,35,0,59,0,5,5,10,20,20,9,40,10,79,0,0,0,79
02/22/2020,MLB,FL,ASO,ES,Federal Contract Tower,17,6,86,0,109,0,6,81,0,87,17,12,167,0,196,18,0,18,214
02/23/2020,MLB,FL,ASO,ES,Federal Contract Tower,20,4,73,0,97,0,4,190,3,197,20,8,263,3,294,130,0,130,424
02/24/2020,MLB,FL,ASO,ES,Federal Contract Tower,18,8,100,0,126,0,3,171,0,174,18,11,271,0,300,156,0,156,456
02/25/2020,MLB,FL,ASO,ES,Federal Contract Tower,25,0,104,0,129,0,7,157,0,164,25,7,261,0,293,100,0,100,393
02/26/2020,MLB,FL,ASO,ES,Federal Contract Tower,20,5,94,2,121,0,4,68,0,72,20,9,162,2,193,58,0,58,251
02/27/2020,MLB,FL,ASO,ES,Federal Contract Tower,17,10,122,0,149,0,3,171,0,174,17,13,293,0,323,114,0,114,437
02/28/2020,MLB,FL,ASO,ES,Federal Contract Tower,18,1,145,2,166,0,6,223,0,229,18,7,368,2,395,236,0,236,631
02/29/2020,MLB,FL,ASO,ES,Federal Contract Tower,17,8,77,0,102,0,5,104,1,110,17,13,181,1,212,48,0,48,260
03/01/2020,MLB,FL,ASO,ES,Federal Contract Tower,23,5,74,0,102,0,7,200,0,207,23,12,274,0,309,134,0,134,443
03/02/2020,MLB,FL,ASO,ES,Federal Contract Tower,18,3,101,1,123,0,6,169,0,175,18,9,270,1,298,100,0,100,398
03/03/2020,MLB,FL,ASO,ES,Federal Contract Tower,21,6,92,2,121,0,2,190,0,192,21,8,282,2,313,184,0,184,497
03/04/2020,MLB,FL,ASO,ES,Federal Contract Tower,21,17,98,0,136,0,4,163,0,167,21,21,261,0,303,150,0,150,453
03/05/2020,MLB,FL,ASO,ES,Federal Contract Tower,20,3,117,5,145,0,3,76,0,79,20,6,193,5,224,62,0,62,286
03/06/2020,MLB,FL,ASO,ES,Federal Contract Tower,18,10,125,0,153,0,6,162,0,168,18,16,287,0,321,178,0,178,499
03/07/2020,MLB,FL,ASO,ES,Federal Contract Tower,20,4,56,1,81,0,0,53,0,53,20,4,109,1,134,26,0,26,160
03/08/2020,MLB,FL,ASO,ES,Federal Contract Tower,16,3,104,5,128,0,5,117,0,122,16,8,221,5,250,40,0,40,290
03/09/2020,MLB,FL,ASO,ES,Federal Contract Tower,16,6,131,0,153,0,4,138,1,143,16,10,269,1,296,66,0,66,362
03/10/2020,MLB,FL,ASO,ES,Federal Contract Tower,19,2,103,8,132,0,8,217,0,225,19,10,320,8,357,242,0,242,599
03/11/2020,MLB,FL,ASO,ES,Federal Contract Tower,19,8,106,2,135,0,7,212,0,219,19,15,318,2,354,186,0,186,540
03/12/2020,MLB,FL,ASO,ES,Federal Contract Tower,24,7,98,0,129,0,5,186,0,191,24,12,284,0,320,206,0,206,526
03/13/2020,MLB,FL,ASO,ES,Federal Contract Tower,21,2,78,0,101,0,6,181,6,193,21,8,259,6,294,232,0,232,526
03/14/2020,MLB,FL,ASO,ES,Federal Contract Tower,21,1,35,0,57,0,4,97,0,101,21,5,132,0,158,24,0,24,182
03/15/2020,MLB,FL,ASO,ES,Federal Contract Tower,23,2,65,5,95,0,4,71,3,78,23,6,136,8,173,126,2,128,301
03/16/2020,MLB,FL,ASO,ES,Federal Contract Tower,21,1,70,1,93,0,6,69,2,77,21,7,139,3,170,66,0,66,236
03/17/2020,MLB,FL,ASO,ES,Federal Contract Tower,19,5,78,0,102,0,9,82,0,91,19,14,160,0,193,24,0,24,217
03/18/2020,MLB,FL,ASO,ES,Federal Contract Tower,18,5,58,0,81,0,4,125,0,129,18,9,183,0,210,52,0,52,262
03/19/2020,MLB,FL,ASO,ES,Federal Contract Tower,11,3,92,0,106,0,5,101,0,106,11,8,193,0,212,77,0,77,289
03/20/2020,MLB,FL,ASO,ES,Federal Contract Tower,10,4,56,1,71,0,13,99,1,113,10,17,155,2,184,72,0,72,256
03/21/2020,MLB,FL,ASO,ES,Federal Contract Tower,16,7,84,0,107,0,5,83,0,88,16,12,167,0,195,32,0,32,227
03/22/2020,MLB,FL,ASO,ES,Federal Contract Tower,12,0,72,0,84,0,3,76,0,79,12,3,148,0,163,32,0,32,195
03/23/2020,MLB,FL,ASO,ES,Federal Contract Tower,11,0,66,0,77,0,4,99,0,103,11,4,165,0,180,68,0,68,248
03/24/2020,MLB,FL,ASO,ES,Federal Contract Tower,8,3,50,0,61,0,4,80,0,84,8,7,130,0,145,58,0,58,203
03/25/2020,MLB,FL,ASO,ES,Federal Contract Tower,5,2,77,1,85,0,3,63,0,66,5,5,140,1,151,94,0,94,245
03/26/2020,MLB,FL,ASO,ES,Federal Contract Tower,13,0,49,0,62,0,3,67,0,70,13,3,116,0,132,84,0,84,216
03/27/2020,MLB,FL,ASO,ES,Federal Contract Tower,14,1,50,0,65,0,2,92,0,94,14,3,142,0,159,28,0,28,187
03/28/2020,MLB,FL,ASO,ES,Federal Contract Tower,11,1,73,0,85,0,0,69,0,69,11,1,142,0,154,102,0,102,256
03/29/2020,MLB,FL,ASO,ES,Federal Contract Tower,10,2,53,0,65,0,2,102,0,104,10,4,155,0,169,16,0,16,185
03/30/2020,MLB,FL,ASO,ES,Federal Contract Tower,8,1,65,0,74,0,2,96,0,98,8,3,161,0,172,18,0,18,190
03/31/2020,MLB,FL,ASO,ES,Federal Contract Tower,5,3,35,0,43,0,2,58,1,61,5,5,93,1,104,30,0,30,134
04/01/2020,MLB,FL,ASO,ES,Federal Contract Tower,7,0,42,0,49,0,0,58,0,58,7,0,100,0,107,50,0,50,157
04/02/2020,MLB,FL,ASO,ES,Federal Contract Tower,12,0,73,0,85,0,1,79,0,80,12,1,152,0,165,32,0,32,197
04/03/2020,MLB,FL,ASO,ES,Federal Contract Tower,12,2,31,0,45,0,1,96,0,97,12,3,127,0,142,50,0,50,192
04/04/2020,MLB,FL,ASO,ES,Federal Contract Tower,5,1,67,0,73,0,3,70,0,73,5,4,137,0,146,60,0,60,206
04/05/2020,MLB,FL,ASO,ES,Federal Contract Tower,8,1,39,0,48,0,0,0,0,0,8,1,39,0,48,0,0,0,48
04/06/2020,MLB,FL,ASO,ES,Federal Contract Tower,9,1,55,0,65,0,4,40,1,45,9,5,95,1,110,36,0,36,146
04/07/2020,MLB,FL,ASO,ES,Federal Contract Tower,9,6,52,1,68,0,2,99,2,103,9,8,151,3,171,88,0,88,259
04/08/2020,MLB,FL,ASO,ES,Federal Contract Tower,8,1,53,0,62,0,1,95,0,96,8,2,148,0,158,62,0,62,220
04/09/2020,MLB,FL,ASO,ES,Federal Contract Tower,21,2,57,0,80,0,2,31,0,33,21,4,88,0,113,2,0,2,115
04/10/2020,MLB,FL,ASO,ES,Federal Contract Tower,9,1,38,0,48,0,2,24,0,26,9,3,62,0,74,38,0,38,112
04/11/2020,MLB,FL,ASO,ES,Federal Contract Tower,10,0,50,0,60,0,3,96,0,99,10,3,146,0,159,61,0,61,220
04/12/2020,MLB,FL,ASO,ES,Federal Contract Tower,7,2,28,0,37,0,4,10,0,14,7,6,38,0,51,0,0,0,51
04/13/2020,MLB,FL,ASO,ES,Federal Contract Tower,10,0,59,0,69,0,4,24,0,28,10,4,83,0,97,8,0,8,105
04/14/2020,MLB,FL,ASO,ES,Federal Contract Tower,18,2,76,0,96,0,6,34,0,40,18,8,110,0,136,0,0,0,136
04/15/2020,MLB,FL,ASO,ES,Federal Contract Tower,9,0,51,0,60,0,0,36,0,36,9,0,87,0,96,0,0,0,96
04/16/2020,MLB,FL,ASO,ES,Federal Contract Tower,6,1,35,0,42,0,2,0,0,2,6,3,35,0,44,0,0,0,44
04/17/2020,MLB,FL,ASO,ES,Federal Contract Tower,9,3,64,0,76,0,2,20,0,22,9,5,84,0,98,8,0,8,106
04/18/2020,MLB,FL,ASO,ES,Federal Contract Tower,9,3,54,0,66,0,2,20,0,22,9,5,74,0,88,0,0,0,88
04/19/2020,MLB,FL,ASO,ES,Federal Contract Tower,7,1,59,0,67,0,6,90,0,96,7,7,149,0,163,24,0,24,187
04/20/2020,MLB,FL,ASO,ES,Federal Contract Tower,8,4,16,0,28,0,0,21,0,21,8,4,37,0,49,4,0,4,53
04/21/2020,MLB,FL,ASO,ES,Federal Contract Tower,10,6,56,0,72,0,1,111,0,112,10,7,167,0,184,16,0,16,200
04/22/2020,MLB,FL,ASO,ES,Federal Contract Tower,8,1,81,0,90,0,6,135,0,141,8,7,216,0,231,22,0,22,253
04/23/2020,MLB,FL,ASO,ES,Federal Contract Tower,7,10,34,0,51,0,4,48,0,52,7,14,82,0,103,10,0,10,113
04/24/2020,MLB,FL,ASO,ES,Federal Contract Tower,9,0,10,0,19,0,0,1,0,1,9,0,11,0,20,0,0,0,20
04/25/2020,MLB,FL,ASO,ES,Federal Contract Tower,5,0,46,6,57,0,5,47,0,52,5,5,93,6,109,16,0,16,125
04/26/2020,MLB,FL,ASO,ES,Federal Contract Tower,8,3,33,0,44,0,1,27,0,28,8,4,60,0,72,12,0,12,84
04/27/2020,MLB,FL,ASO,ES,Federal Contract Tower,6,5,37,0,48,0,4,102,0,106,6,9,139,0,154,4,0,4,158
04/28/2020,MLB,FL,ASO,ES,Federal Contract Tower,8,1,59,1,69,0,6,108,2,116,8,7,167,3,185,4,0,4,189
04/29/2020,MLB,FL,ASO,ES,Federal Contract Tower,8,6,51,0,65,0,6,77,0,83,8,12,128,0,148,14,0,14,162
04/30/2020,MLB,FL,ASO,ES,Federal Contract Tower,13,3,52,0,68,0,0,37,0,37,13,3,89,0,105,4,0,4,109
05/01/2020,MLB,FL,ASO,ES,Federal Contract Tower,5,2,80,0,87,0,5,103,0,108,5,7,183,0,195,38,0,38,233
05/02/2020,MLB,FL,ASO,ES,Federal Contract Tower,5,1,42,3,51,0,1,87,0,88,5,2,129,3,139,4,0,4,143
05/03/2020,MLB,FL,ASO,ES,Federal Contract Tower,5,2,33,0,40,0,3,87,0,90,5,5,120,0,130,35,0,35,165
05/04/2020,MLB,FL,ASO,ES,Federal Contract Tower,5,0,41,0,46,0,4,54,0,58,5,4,95,0,104,4,0,4,108
05/05/2020,MLB,FL,ASO,ES,Federal Contract Tower,5,3,61,0,69,0,4,73,3,80,5,7,134,3,149,24,0,24,173
05/06/2020,MLB,FL,ASO,ES,Federal Contract Tower,7,3,68,2,80,0,4,54,0,58,7,7,122,2,138,8,0,8,146
05/07/2020,MLB,FL,ASO,ES,Federal Contract Tower,4,5,50,0,59,0,2,63,0,65,4,7,113,0,124,16,0,16,140
05/08/2020,MLB,FL,ASO,ES,Federal Contract Tower,4,2,61,8,75,0,2,52,0,54,4,4,113,8,129,22,0,22,151
05/09/2020,MLB,FL,ASO,ES,Federal Contract Tower,8,0,40,0,48,0,4,78,0,82,8,4,118,0,130,10,0,10,140
05/10/2020,MLB,FL,ASO,ES,Federal Contract Tower,7,0,19,0,26,0,1,6,0,7,7,1,25,0,33,2,0,2,35
05/11/2020,MLB,FL,ASO,ES,Federal Contract Tower,6,7,41,0,54,0,6,91,0,97,6,13,132,0,151,18,0,18,169
05/12/2020,MLB,FL,ASO,ES,Federal Contract Tower,6,2,61,0,69,0,12,82,0,94,6,14,143,0,163,19,0,19,182
05/13/2020,MLB,FL,ASO,ES,Federal Contract Tower,6,1,60,0,67,0,1,78,2,81,6,2,138,2,148,34,0,34,182
05/14/2020,MLB,FL,ASO,ES,Federal Contract Tower,6,2,53,0,61,0,6,80,0,86,6,8,133,0,147,38,0,38,185
05/15/2020,MLB,FL,ASO,ES,Federal Contract Tower,6,2,62,0,70,0,2,33,0,35,6,4,95,0,105,42,0,42,147
05/16/2020,MLB,FL,ASO,ES,Federal Contract Tower,5,5,51,0,61,0,2,14,0,16,5,7,65,0,77,0,0,0,77
05/17/2020,MLB,FL,ASO,ES,Federal Contract Tower,6,0,94,0,100,0,2,68,0,70,6,2,162,0,170,4,0,4,174
05/18/2020,MLB,FL,ASO,ES,Federal Contract Tower,6,0,84,0,90,0,4,81,0,85,6,4,165,0,175,30,0,30,205
05/19/2020,MLB,FL,ASO,ES,Federal Contract Tower,6,1,95,0,102,0,5,86,0,91,6,6,181,0,193,32,0,32,225
05/20/2020,MLB,FL,ASO,ES,Federal Contract Tower,7,1,83,0,91,0,2,165,0,167,7,3,248,0,258,94,0,94,352
05/21/2020,MLB,FL,ASO,ES,Federal Contract Tower,5,6,45,0,56,0,2,127,0,129,5,8,172,0,185,64,0,64,249
05/22/2020,MLB,FL,ASO,ES,Federal Contract Tower,8,0,84,0,92,0,4,167,0,171,8,4,251,0,263,62,0,62,325
05/23/2020,MLB,FL,ASO,ES,Federal Contract Tower,7,2,61,1,71,0,3,86,0,89,7,5,147,1,160,70,0,70,230
05/24/2020,MLB,FL,ASO,ES,Federal Contract Tower,6,1,29,4,40,0,3,30,0,33,6,4,59,4,73,60,0,60,133
05/25/2020,MLB,FL,ASO,ES,Federal Contract Tower,8,3,33,0,44,0,0,2,0,2,8,3,35,0,46,0,0,0,46
05/26/2020,MLB,FL,ASO,ES,Federal Contract Tower,5,9,73,0,87,0,0,29,0,29,5,9,102,0,116,16,0,16,132
05/27/2020,MLB,FL,ASO,ES,Federal Contract Tower,6,7,47,0,60,0,0,19,0,19,6,7,66,0,79,2,0,2,81
05/28/2020,MLB,FL,ASO,ES,Federal Contract Tower,5,10,85,2,102,0,2,62,0,64,5,12,147,2,166,32,0,32,198
05/29/2020,MLB,FL,ASO,ES,Federal Contract Tower,7,6,133,0,146,0,1,110,0,111,7,7,243,0,257,58,0,58,315
05/30/2020,MLB,FL,ASO,ES,Federal Contract Tower,5,6,46,1,58,0,0,40,0,40,5,6,86,1,98,8,0,8,106
05/31/2020,MLB,FL,ASO,ES,Federal Contract Tower,6,4,66,0,76,6,4,77,0,87,12,8,143,0,163,2,0,2,165
06/01/2020,MLB,FL,ASO,ES,Federal Contract Tower,6,5,97,0,108,0,6,79,0,85,6,11,176,0,193,34,0,34,227
06/02/2020,MLB,FL,ASO,ES,Federal Contract Tower,7,0,57,2,66,0,1,7,0,8,7,1,64,2,74,0,0,0,74
06/03/2020,MLB,FL,ASO,ES,Federal Contract Tower,6,0,91,0,97,0,0,23,0,23,6,0,114,0,120,0,0,0,120
06/04/2020,MLB,FL,ASO,ES,Federal Contract Tower,9,3,43,12,67,0,0,26,0,26,9,3,69,12,93,14,0,14,107
06/05/2020,MLB,FL,ASO,ES,Federal Contract Tower,6,3,87,0,96,0,1,70,0,71,6,4,157,0,167,48,0,48,215
06/06/2020,MLB,FL,ASO,ES,Federal Contract Tower,4,4,91,0,99,0,2,27,0,29,4,6,118,0,128,18,0,18,146
06/07/2020,MLB,FL,ASO,ES,Federal Contract Tower,6,3,100,0,109,0,1,58,0,59,6,4,158,0,168,2,0,2,170
06/08/2020,MLB,FL,ASO,ES,Federal Contract Tower,5,1,77,0,83,0,3,123,0,126,5,4,200,0,209,34,0,34,243
06/09/2020,MLB,FL,ASO,ES,Federal Contract Tower,3,3,89,0,95,0,4,80,0,84,3,7,169,0,179,60,0,60,239
06/10/2020,MLB,FL,ASO,ES,Federal Contract Tower,5,3,79,0,87,0,6,138,0,144,5,9,217,0,231,56,1,57,288
06/11/2020,MLB,FL,ASO,ES,Federal Contract Tower,3,1,112,1,117,0,4,114,0,118,3,5,226,1,235,44,0,44,279
06/12/2020,MLB,FL,ASO,ES,Federal Contract Tower,8,2,122,0,132,0,7,177,0,184,8,9,299,0,316,67,0,67,383
06/13/2020,MLB,FL,ASO,ES,Federal Contract Tower,4,1,83,0,88,0,4,91,0,95,4,5,174,0,183,30,0,30,213
06/14/2020,MLB,FL,ASO,ES,Federal Contract Tower,8,1,40,0,49,0,3,67,0,70,8,4,107,0,119,44,0,44,163
06/15/2020,MLB,FL,ASO,ES,Federal Contract Tower,5,2,92,0,99,0,5,125,0,130,5,7,217,0,229,88,0,88,317
06/16/2020,MLB,FL,ASO,ES,Federal Contract Tower,6,1,117,6,130,0,3,158,0,161,6,4,275,6,291,82,16,98,389
06/17/2020,MLB,FL,ASO,ES,Federal Contract Tower,5,9,108,0,122,0,1,151,0,152,5,10,259,0,274,150,0,150,424
06/18/2020,MLB,FL,ASO,ES,Federal Contract Tower,6,0,74,0,80,0,0,83,0,83,6,0,157,0,163,110,0,110,273
06/19/2020,MLB,FL,ASO,ES,Federal Contract Tower,4,2,56,4,66,0,2,75,0,77,4,4,131,4,143,48,0,48,191
06/21/2020,MLB,FL,ASO,ES,Federal Contract Tower,4,1,17,0,22,0,4,49,0,53,4,5,66,0,75,16,0,16,91
06/22/2020,MLB,FL,ASO,ES,Federal Contract Tower,5,3,83,0,91,0,5,156,0,161,5,8,239,0,252,110,0,110,362
06/23/2020,MLB,FL,ASO,ES,Federal Contract Tower,6,8,78,0,92,0,4,117,0,121,6,12,195,0,213,74,0,74,287
06/24/2020,MLB,FL,ASO,ES,Federal Contract Tower,8,0,99,0,107,0,0,105,0,105,8,0,204,0,212,102,0,102,314
06/25/2020,MLB,FL,ASO,ES,Federal Contract Tower,7,0,65,0,72,0,0,122,0,122,7,0,187,0,194,40,0,40,234
06/26/2020,MLB,FL,ASO,ES,Federal Contract Tower,6,6,94,0,106,0,5,134,0,139,6,11,228,0,245,91,0,91,336
06/27/2020,MLB,FL,ASO,ES,Federal Contract Tower,5,1,63,0,69,0,2,77,0,79,5,3,140,0,148,50,0,50,198
06/28/2020,MLB,FL,ASO,ES,Federal Contract Tower,7,0,32,0,39,0,0,83,0,83,7,0,115,0,122,22,0,22,144
06/29/2020,MLB,FL,ASO,ES,Federal Contract Tower,5,2,93,0,100,0,7,114,0,121,5,9,207,0,221,48,0,48,269
06/30/2020,MLB,FL,ASO,ES,Federal Contract Tower,4,5,75,0,84,0,7,146,3,156,4,12,221,3,240,120,0,120,360
07/01/2020,MLB,FL,ASO,ES,Federal Contract Tower,4,1,61,0,66,0,2,106,0,108,4,3,167,0,174,32,0,32,206
07/02/2020,MLB,FL,ASO,ES,Federal Contract Tower,8,0,94,0,102,0,0,152,0,152,8,0,246,0,254,60,0,60,314
07/03/2020,MLB,FL,ASO,ES,Federal Contract Tower,6,1,94,0,101,0,5,104,0,109,6,6,198,0,210,61,0,61,271
07/04/2020,MLB,FL,ASO,ES,Federal Contract Tower,6,0,27,0,33,0,3,42,0,45,6,3,69,0,78,25,0,25,103
07/05/2020,MLB,FL,ASO,ES,Federal Contract Tower,7,7,34,0,48,0,2,39,0,41,7,9,73,0,89,20,0,20,109
07/06/2020,MLB,FL,ASO,ES,Federal Contract Tower,7,6,78,0,91,0,1,112,0,113,7,7,190,0,204,10,0,10,214
07/07/2020,MLB,FL,ASO,ES,Federal Contract Tower,8,10,95,0,113,0,2,131,0,133,8,12,226,0,246,158,0,158,404
07/08/2020,MLB,FL,ASO,ES,Federal Contract Tower,7,11,73,0,91,0,1,120,2,123,7,12,193,2,214,120,0,120,334
07/09/2020,MLB,FL,ASO,ES,Federal Contract Tower,10,1,97,0,108,0,2,149,0,151,10,3,246,0,259,104,0,104,363
07/10/2020,MLB,FL,ASO,ES,Federal Contract Tower,11,4,96,0,111,0,2,80,0,82,11,6,176,0,193,56,0,56,249
07/11/2020,MLB,FL,ASO,ES,Federal Contract Tower,11,9,79,0,99,0,0,38,3,41,11,9,117,3,140,48,0,48,188
07/12/2020,MLB,FL,ASO,ES,Federal Contract Tower,11,0,47,0,58,0,5,62,0,67,11,5,109,0,125,47,0,47,172
07/13/2020,MLB,FL,ASO,ES,Federal Contract Tower,10,2,104,1,117,0,3,150,0,153,10,5,254,1,270,26,0,26,296
07/14/2020,MLB,FL,ASO,ES,Federal Contract Tower,7,0,68,0,75,0,2,99,0,101,7,2,167,0,176,66,0,66,242
07/15/2020,MLB,FL,ASO,ES,Federal Contract Tower,8,7,102,1,118,0,4,145,0,149,8,11,247,1,267,102,0,102,369
07/16/2020,MLB,FL,ASO,ES,Federal Contract Tower,10,0,90,0,100,0,1,132,0,133,10,1,222,0,233,50,0,50,283
07/17/2020,MLB,FL,ASO,ES,Federal Contract Tower,8,0,94,0,102,0,3,114,0,117,8,3,208,0,219,72,0,72,291
07/18/2020,MLB,FL,ASO,ES,Federal Contract Tower,13,4,55,0,72,0,2,75,2,79,13,6,130,2,151,48,0,48,199
07/19/2020,MLB,FL,ASO,ES,Federal Contract Tower,9,3,46,0,58,0,6,99,0,105,9,9,145,0,163,42,0,42,205
07/20/2020,MLB,FL,ASO,ES,Federal Contract Tower,11,3,99,0,113,0,4,103,0,107,11,7,202,0,220,78,0,78,298
07/21/2020,MLB,FL,ASO,ES,Federal Contract Tower,7,2,108,6,123,0,2,108,0,110,7,4,216,6,233,61,4,65,298
07/22/2020,MLB,FL,ASO,ES,Federal Contract Tower,7,1,85,3,96,0,0,53,0,53,7,1,138,3,149,16,0,16,165
07/23/2020,MLB,FL,ASO,ES,Federal Contract Tower,14,6,70,0,90,0,0,72,3,75,14,6,142,3,165,50,0,50,215
07/24/2020,MLB,FL,ASO,ES,Federal Contract Tower,12,0,87,2,101,0,3,141,2,146,12,3,228,4,247,36,0,36,283
07/25/2020,MLB,FL,ASO,ES,Federal Contract Tower,10,3,54,0,67,0,2,94,0,96,10,5,148,0,163,44,0,44,207
07/26/2020,MLB,FL,ASO,ES,Federal Contract Tower,10,5,37,0,52,0,2,62,0,64,10,7,99,0,116,52,0,52,168
07/27/2020,MLB,FL,ASO,ES,Federal Contract Tower,12,12,75,0,99,0,4,100,0,104,12,16,175,0,203,62,0,62,265
07/28/2020,MLB,FL,ASO,ES,Federal Contract Tower,8,3,68,0,79,0,2,85,0,87,8,5,153,0,166,38,0,38,204
07/29/2020,MLB,FL,ASO,ES,Federal Contract Tower,8,0,91,2,101,0,1,116,0,117,8,1,207,2,218,74,0,74,292
07/30/2020,MLB,FL,ASO,ES,Federal Contract Tower,7,6,83,5,101,0,1,159,0,160,7,7,242,5,261,80,0,80,341
07/31/2020,MLB,FL,ASO,ES,Federal Contract Tower,11,3,137,0,151,0,4,171,0,175,11,7,308,0,326,104,0,104,430
08/01/2020,MLB,FL,ASO,ES,Federal Contract Tower,10,5,25,0,40,0,0,55,0,55,10,5,80,0,95,38,0,38,133
08/02/2020,MLB,FL,ASO,ES,Federal Contract Tower,12,0,3,0,15,0,0,0,0,0,12,0,3,0,15,0,0,0,15
08/03/2020,MLB,FL,ASO,ES,Federal Contract Tower,11,1,60,0,72,0,3,45,0,48,11,4,105,0,120,12,0,12,132
08/04/2020,MLB,FL,ASO,ES,Federal Contract Tower,8,1,81,0,90,0,7,121,0,128,8,8,202,0,218,67,0,67,285
08/05/2020,MLB,FL,ASO,ES,Federal Contract Tower,6,4,47,0,57,0,1,57,0,58,6,5,104,0,115,36,0,36,151
08/06/2020,MLB,FL,ASO,ES,Federal Contract Tower,11,5,96,0,112,0,4,132,0,136,11,9,228,0,248,92,0,92,340
08/07/2020,MLB,FL,ASO,ES,Federal Contract Tower,10,1,117,0,128,0,0,137,0,137,10,1,254,0,265,58,0,58,323
08/08/2020,MLB,FL,ASO,ES,Federal Contract Tower,8,4,78,1,91,0,4,135,0,139,8,8,213,1,230,88,0,88,318
08/09/2020,MLB,FL,ASO,ES,Federal Contract Tower,12,1,56,0,69,0,4,103,0,107,12,5,159,0,176,26,0,26,202
08/10/2020,MLB,FL,ASO,ES,Federal Contract Tower,7,7,103,2,119,0,4,179,4,187,7,11,282,6,306,78,0,78,384
08/11/2020,MLB,FL,ASO,ES,Federal Contract Tower,6,1,74,0,81,0,0,127,0,127,6,1,201,0,208,58,4,62,270
08/12/2020,MLB,FL,ASO,ES,Federal Contract Tower,8,2,103,0,113,0,3,108,0,111,8,5,211,0,224,72,0,72,296
08/13/2020,MLB,FL,ASO,ES,Federal Contract Tower,11,5,114,2,132,0,5,115,0,120,11,10,229,2,252,118,2,120,372
08/14/2020,MLB,FL,ASO,ES,Federal Contract Tower,10,1,123,0,134,0,3,142,0,145,10,4,265,0,279,76,0,76,355
08/15/2020,MLB,FL,ASO,ES,Federal Contract Tower,10,2,53,0,65,0,4,116,0,120,10,6,169,0,185,78,0,78,263
08/16/2020,MLB,FL,ASO,ES,Federal Contract Tower,9,1,59,0,69,0,2,88,0,90,9,3,147,0,159,26,0,26,185
08/17/2020,MLB,FL,ASO,ES,Federal Contract Tower,12,2,60,1,75,0,1,118,1,120,12,3,178,2,195,46,0,46,241
08/18/2020,MLB,FL,ASO,ES,Federal Contract Tower,4,2,88,0,94,0,3,129,2,134,4,5,217,2,228,116,0,116,344
08/19/2020,MLB,FL,ASO,ES,Federal Contract Tower,5,1,106,0,112,0,6,89,2,97,5,7,195,2,209,114,10,124,333
08/20/2020,MLB,FL,ASO,ES,Federal Contract Tower,12,5,99,1,117,0,2,106,2,110,12,7,205,3,227,68,0,68,295
08/21/2020,MLB,FL,ASO,ES,Federal Contract Tower,11,6,107,1,125,0,4,127,0,131,11,10,234,1,256,52,0,52,308
08/22/2020,MLB,FL,ASO,ES,Federal Contract Tower,10,0,96,0,106,0,4,158,0,162,10,4,254,0,268,88,0,88,356
08/23/2020,MLB,FL,ASO,ES,Federal Contract Tower,10,2,37,4,53,0,2,66,0,68,10,4,103,4,121,34,0,34,155
08/24/2020,MLB,FL,ASO,ES,Federal Contract Tower,10,7,98,4,119,0,10,57,0,67,10,17,155,4,186,42,0,42,228
08/25/2020,MLB,FL,ASO,ES,Federal Contract Tower,6,1,106,8,121,0,1,73,0,74,6,2,179,8,195,58,0,58,253
08/26/2020,MLB,FL,ASO,ES,Federal Contract Tower,11,1,134,0,146,0,1,142,0,143,11,2,276,0,289,80,0,80,369
08/27/2020,MLB,FL,ASO,ES,Federal Contract Tower,8,6,123,1,138,0,2,130,0,132,8,8,253,1,270,68,0,68,338
08/28/2020,MLB,FL,ASO,ES,Federal Contract Tower,9,10,148,1,168,0,4,167,0,171,9,14,315,1,339,94,0,94,433
08/29/2020,MLB,FL,ASO,ES,Federal Contract Tower,10,1,68,0,79,0,0,112,0,112,10,1,180,0,191,104,0,104,295
08/30/2020,MLB,FL,ASO,ES,Federal Contract Tower,10,3,30,0,43,0,0,37,0,37,10,3,67,0,80,8,0,8,88
08/31/2020,MLB,FL,ASO,ES,Federal Contract Tower,10,2,92,0,104,0,2,121,0,123,10,4,213,0,227,54,0,54,281
09/01/2020,MLB,FL,ASO,ES,Federal Contract Tower,5,6,126,0,137,0,2,165,0,167,5,8,291,0,304,126,0,126,430
09/02/2020,MLB,FL,ASO,ES,Federal Contract Tower,6,7,121,1,135,0,3,194,0,197,6,10,315,1,332,109,0,109,441
09/03/2020,MLB,FL,ASO,ES,Federal Contract Tower,9,4,106,1,120,0,1,207,0,208,9,5,313,1,328,72,0,72,400
09/04/2020,MLB,FL,ASO,ES,Federal Contract Tower,11,1,136,0,148,0,10,218,0,228,11,11,354,0,376,156,0,156,532
09/05/2020,MLB,FL,ASO,ES,Federal Contract Tower,10,1,60,0,71,0,1,146,0,147,10,2,206,0,218,68,0,68,286
09/06/2020,MLB,FL,ASO,ES,Federal Contract Tower,9,2,22,0,33,0,5,28,0,33,9,7,50,0,66,78,0,78,144
09/07/2020,MLB,FL,ASO,ES,Federal Contract Tower,9,2,39,0,50,0,7,65,0,72,9,9,104,0,122,138,0,138,260
09/08/2020,MLB,FL,ASO,ES,Federal Contract Tower,7,12,86,0,105,0,5,113,0,118,7,17,199,0,223,48,0,48,271
09/09/2020,MLB,FL,ASO,ES,Federal Contract Tower,10,2,129,0,141,0,2,170,4,176,10,4,299,4,317,132,0,132,449
09/10/2020,MLB,FL,ASO,ES,Federal Contract Tower,8,1,133,4,146,0,3,153,0,156,8,4,286,4,302,126,0,126,428
09/11/2020,MLB,FL,ASO,ES,Federal Contract Tower,10,1,124,0,135,0,3,65,0,68,10,4,189,0,203,2,0,2,205
09/12/2020,MLB,FL,ASO,ES,Federal Contract Tower,9,1,23,0,33,0,3,12,0,15,9,4,35,0,48,28,0,28,76
09/13/2020,MLB,FL,ASO,ES,Federal Contract Tower,8,0,29,0,37,0,4,35,0,39,8,4,64,0,76,32,0,32,108
09/14/2020,MLB,FL,ASO,ES,Federal Contract Tower,8,4,147,0,159,0,6,184,0,190,8,10,331,0,349,120,0,120,469
09/15/2020,MLB,FL,ASO,ES,Federal Contract Tower,9,5,124,0,138,0,9,185,1,195,9,14,309,1,333,48,0,48,381
09/16/2020,MLB,FL,ASO,ES,Federal Contract Tower,13,6,88,0,107,0,4,150,0,154,13,10,238,0,261,76,0,76,337
09/17/2020,MLB,FL,ASO,ES,Federal Contract Tower,10,6,96,0,112,0,0,170,0,170,10,6,266,0,282,88,0,88,370
09/18/2020,MLB,FL,ASO,ES,Federal Contract Tower,10,2,87,0,99,0,3,89,0,92,10,5,176,0,191,70,0,70,261
09/19/2020,MLB,FL,ASO,ES,Federal Contract Tower,8,2,72,0,82,0,5,191,0,196,8,7,263,0,278,109,6,115,393
09/20/2020,MLB,FL,ASO,ES,Federal Contract Tower,8,1,33,0,42,0,2,11,0,13,8,3,44,0,55,20,0,20,75
09/21/2020,MLB,FL,ASO,ES,Federal Contract Tower,9,0,33,0,42,0,5,16,4,25,9,5,49,4,67,26,0,26,93
09/22/2020,MLB,FL,ASO,ES,Federal Contract Tower,9,3,104,0,116,0,3,127,0,130,9,6,231,0,246,102,0,102,348
09/23/2020,MLB,FL,ASO,ES,Federal Contract Tower,9,0,119,2,130,0,4,280,0,284,9,4,399,2,414,180,2,182,596
09/24/2020,MLB,FL,ASO,ES,Federal Contract Tower,9,4,151,18,182,0,4,205,0,209,9,8,356,18,391,129,0,129,520
09/25/2020,MLB,FL,ASO,ES,Federal Contract Tower,11,7,75,0,93,0,0,100,0,100,11,7,175,0,193,62,0,62,255
09/26/2020,MLB,FL,ASO,ES,Federal Contract Tower,5,3,52,0,60,0,6,196,0,202,5,9,248,0,262,180,0,180,442
09/27/2020,MLB,FL,ASO,ES,Federal Contract Tower,10,5,32,0,47,0,0,87,0,87,10,5,119,0,134,56,0,56,190
09/28/2020,MLB,FL,ASO,ES,Federal Contract Tower,8,6,86,0,100,0,0,107,0,107,8,6,193,0,207,168,0,168,375
09/29/2020,MLB,FL,ASO,ES,Federal Contract Tower,9,1,113,0,123,0,2,122,3,127,9,3,235,3,250,66,0,66,316
09/30/2020,MLB,FL,ASO,ES,Federal Contract Tower,5,2,130,0,137,0,0,84,1,85,5,2,214,1,222,14,0,14,236
10/01/2020,MLB,FL,ASO,ES,Federal Contract Tower,10,2,113,0,125,0,5,173,0,178,10,7,286,0,303,160,0,160,463
10/02/2020,MLB,FL,ASO,ES,Federal Contract Tower,9,1,75,2,87,0,3,98,0,101,9,4,173,2,188,48,0,48,236
10/03/2020,MLB,FL,ASO,ES,Federal Contract Tower,11,2,34,0,47,0,0,13,0,13,11,2,47,0,60,8,0,8,68
10/04/2020,MLB,FL,ASO,ES,Federal Contract Tower,11,2,56,0,69,0,4,51,0,55,11,6,107,0,124,22,0,22,146
10/05/2020,MLB,FL,ASO,ES,Federal Contract Tower,10,4,98,1,113,0,6,89,0,95,10,10,187,1,208,102,0,102,310
10/06/2020,MLB,FL,ASO,ES,Federal Contract Tower,10,3,139,1,153,0,3,166,0,169,10,6,305,1,322,179,16,195,517
10/07/2020,MLB,FL,ASO,ES,Federal Contract Tower,10,1,135,2,148,0,2,241,0,243,10,3,376,2,391,198,0,198,589
10/08/2020,MLB,FL,ASO,ES,Federal Contract Tower,14,2,166,0,182,0,1,265,0,266,14,3,431,0,448,280,0,280,728
10/09/2020,MLB,FL,ASO,ES,Federal Contract Tower,11,2,113,0,126,0,8,190,0,198,11,10,303,0,324,80,0,80,404
10/10/2020,MLB,FL,ASO,ES,Federal Contract Tower,14,4,42,0,60,0,2,62,0,64,14,6,104,0,124,32,0,32,156
10/11/2020,MLB,FL,ASO,ES,Federal Contract Tower,11,1,38,0,50,0,6,85,0,91,11,7,123,0,141,30,0,30,171
10/12/2020,MLB,FL,ASO,ES,Federal Contract Tower,16,5,80,0,101,0,5,99,0,104,16,10,179,0,205,120,0,120,325
10/13/2020,MLB,FL,ASO,ES,Federal Contract Tower,11,2,135,0,148,0,1,269,0,270,11,3,404,0,418,186,0,186,604
10/14/2020,MLB,FL,ASO,ES,Federal Contract Tower,8,2,113,2,125,0,5,265,0,270,8,7,378,2,395,137,0,137,532
10/15/2020,MLB,FL,ASO,ES,Federal Contract Tower,12,2,121,3,138,0,6,294,0,300,12,8,415,3,438,224,0,224,662
10/16/2020,MLB,FL,ASO,ES,Federal Contract Tower,12,3,106,6,127,0,2,171,0,173,12,5,277,6,300,172,0,172,472
10/17/2020,MLB,FL,ASO,ES,Federal Contract Tower,11,3,53,1,68,0,5,121,4,130,11,8,174,5,198,88,0,88,286
10/18/2020,MLB,FL,ASO,ES,Federal Contract Tower,13,2,47,0,62,0,2,56,0,58,13,4,103,0,120,2,0,2,122
10/19/2020,MLB,FL,ASO,ES,Federal Contract Tower,11,0,68,0,79,0,2,33,0,35,11,2,101,0,114,54,0,54,168
10/20/2020,MLB,FL,ASO,ES,Federal Contract Tower,10,3,122,0,135,0,2,72,2,76,10,5,194,2,211,138,0,138,349
10/21/2020,MLB,FL,ASO,ES,Federal Contract Tower,10,1,90,0,101,0,5,53,0,58,10,6,143,0,159,92,0,92,251
10/22/2020,MLB,FL,ASO,ES,Federal Contract Tower,9,6,139,8,162,0,1,136,2,139,9,7,275,10,301,128,0,128,429
10/23/2020,MLB,FL,ASO,ES,Federal Contract Tower,12,5,148,7,172,0,3,100,0,103,12,8,248,7,275,90,0,90,365
10/24/2020,MLB,FL,ASO,ES,Federal Contract Tower,14,4,71,4,93,0,8,186,1,195,14,12,257,5,288,138,0,138,426
10/25/2020,MLB,FL,ASO,ES,Federal Contract Tower,13,2,20,1,36,0,0,40,0,40,13,2,60,1,76,8,0,8,84
10/26/2020,MLB,FL,ASO,ES,Federal Contract Tower,12,2,125,1,140,0,8,192,0,200,12,10,317,1,340,196,0,196,536
10/27/2020,MLB,FL,ASO,ES,Federal Contract Tower,10,9,102,4,125,0,4,211,0,215,10,13,313,4,340,273,0,273,613
10/28/2020,MLB,FL,ASO,ES,Federal Contract Tower,9,8,138,3,158,0,0,200,0,200,9,8,338,3,358,175,0,175,533
10/29/2020,MLB,FL,ASO,ES,Federal Contract Tower,11,1,119,4,135,0,4,198,3,205,11,5,317,7,340,83,7,90,430
10/30/2020,MLB,FL,ASO,ES,Federal Contract Tower,11,0,91,2,104,0,6,207,0,213,11,6,298,2,317,139,2,141,458
10/31/2020,MLB,FL,ASO,ES,Federal Contract Tower,12,9,48,0,69,0,2,145,3,150,12,11,193,3,219,138,0,138,357
11/01/2020,MLB,FL,ASO,ES,Federal Contract Tower,12,8,40,0,60,0,2,25,0,27,12,10,65,0,87,36,0,36,123
11/02/2020,MLB,FL,ASO,ES,Federal Contract Tower,10,2,44,0,56,0,5,19,0,24,10,7,63,0,80,6,0,6,86
11/03/2020,MLB,FL,ASO,ES,Federal Contract Tower,10,1,115,0,126,0,2,169,0,171,10,3,284,0,297,156,0,156,453
11/04/2020,MLB,FL,ASO,ES,Federal Contract Tower,7,3,99,0,109,0,5,111,0,116,7,8,210,0,225,62,0,62,287
11/05/2020,MLB,FL,ASO,ES,Federal Contract Tower,12,5,58,1,76,0,2,65,1,68,12,7,123,2,144,48,0,48,192
11/06/2020,MLB,FL,ASO,ES,Federal Contract Tower,13,9,55,0,77,0,2,93,0,95,13,11,148,0,172,90,0,90,262
11/07/2020,MLB,FL,ASO,ES,Federal Contract Tower,15,5,46,4,70,0,2,44,0,46,15,7,90,4,116,26,8,34,150
11/08/2020,MLB,FL,ASO,ES,Federal Contract Tower,15,16,13,0,44,0,0,9,0,9,15,16,22,0,53,12,16,28,81
11/09/2020,MLB,FL,ASO,ES,Federal Contract Tower,16,13,11,0,40,0,0,0,0,0,16,13,11,0,40,0,0,0,40
11/10/2020,MLB,FL,ASO,ES,Federal Contract Tower,9,6,58,0,73,0,0,29,0,29,9,6,87,0,102,52,0,52,154
11/11/2020,MLB,FL,ASO,ES,Federal Contract Tower,13,6,50,0,69,0,2,62,0,64,13,8,112,0,133,74,0,74,207
11/12/2020,MLB,FL,ASO,ES,Federal Contract Tower,15,14,62,0,91,0,7,43,0,50,15,21,105,0,141,46,0,46,187
11/13/2020,MLB,FL,ASO,ES,Federal Contract Tower,11,1,86,2,100,0,9,130,0,139,11,10,216,2,239,210,0,210,449
11/14/2020,MLB,FL,ASO,ES,Federal Contract Tower,14,4,68,0,86,0,6,108,0,114,14,10,176,0,200,32,0,32,232
11/15/2020,MLB,FL,ASO,ES,Federal Contract Tower,15,4,41,0,60,0,2,43,0,45,15,6,84,0,105,24,0,24,129
11/16/2020,MLB,FL,ASO,ES,Federal Contract Tower,14,3,120,0,137,0,6,204,0,210,14,9,324,0,347,138,0,138,485
11/17/2020,MLB,FL,ASO,ES,Federal Contract Tower,9,8,73,0,90,0,4,173,0,177,9,12,246,0,267,102,0,102,369
11/18/2020,MLB,FL,ASO,ES,Federal Contract Tower,10,2,84,2,98,0,7,83,1,91,10,9,167,3,189,52,0,52,241
11/19/2020,MLB,FL,ASO,ES,Federal Contract Tower,14,3,69,10,96,0,3,88,0,91,14,6,157,10,187,94,0,94,281
11/20/2020,MLB,FL,ASO,ES,Federal Contract Tower,12,7,106,0,125,0,4,181,0,185,12,11,287,0,310,4,0,4,314
11/21/2020,MLB,FL,ASO,ES,Federal Contract Tower,16,7,65,0,88,0,2,34,0,36,16,9,99,0,124,18,0,18,142
11/22/2020,MLB,FL,ASO,ES,Federal Contract Tower,13,9,32,2,56,0,1,11,0,12,13,10,43,2,68,16,0,16,84
11/23/2020,MLB,FL,ASO,ES,Federal Contract Tower,8,4,96,1,109,0,7,84,2,93,8,11,180,3,202,72,0,72,274
11/24/2020,MLB,FL,ASO,ES,Federal Contract Tower,14,6,86,3,109,0,1,267,0,268,14,7,353,3,377,218,2,220,597
11/25/2020,MLB,FL,ASO,ES,Federal Contract Tower,14,10,131,0,155,0,6,212,0,218,14,16,343,0,373,160,0,160,533
11/26/2020,MLB,FL,ASO,ES,Federal Contract Tower,5,3,11,0,19,0,7,37,0,44,5,10,48,0,63,8,0,8,71
11/27/2020,MLB,FL,ASO,ES,Federal Contract Tower,14,1,49,0,64,0,7,75,0,82,14,8,124,0,146,56,0,56,202
11/28/2020,MLB,FL,ASO,ES,Federal Contract Tower,12,1,53,0,66,0,6,211,0,217,12,7,264,0,283,154,0,154,437
11/29/2020,MLB,FL,ASO,ES,Federal Contract Tower,15,11,59,0,85,0,4,95,0,99,15,15,154,0,184,48,0,48,232
11/30/2020,MLB,FL,ASO,ES,Federal Contract Tower,12,4,57,0,73,0,3,51,0,54,12,7,108,0,127,40,0,40,167
12/01/2020,MLB,FL,ASO,ES,Federal Contract Tower,18,3,76,2,99,0,6,190,0,196,18,9,266,2,295,142,0,142,437
12/02/2020,MLB,FL,ASO,ES,Federal Contract Tower,11,2,99,0,112,0,10,201,0,211,11,12,300,0,323,258,0,258,581
12/03/2020,MLB,FL,ASO,ES,Federal Contract Tower,15,4,105,0,124,0,5,250,0,255,15,9,355,0,379,234,0,234,613
12/04/2020,MLB,FL,ASO,ES,Federal Contract Tower,16,4,131,1,152,0,6,214,16,236,16,10,345,17,388,284,0,284,672
12/05/2020,MLB,FL,ASO,ES,Federal Contract Tower,10,2,76,0,88,0,3,89,0,92,10,5,165,0,180,50,0,50,230
12/06/2020,MLB,FL,ASO,ES,Federal Contract Tower,13,5,57,0,75,0,6,84,0,90,13,11,141,0,165,14,0,14,179
12/07/2020,MLB,FL,ASO,ES,Federal Contract Tower,11,5,76,2,94,0,3,37,0,40,11,8,113,2,134,6,0,6,140
12/08/2020,MLB,FL,ASO,ES,Federal Contract Tower,9,2,133,1,145,0,6,229,4,239,9,8,362,5,384,162,1,163,547
12/09/2020,MLB,FL,ASO,ES,Federal Contract Tower,13,7,104,0,124,0,6,203,0,209,13,13,307,0,333,178,0,178,511
12/10/2020,MLB,FL,ASO,ES,Federal Contract Tower,15,3,97,1,116,0,4,232,0,236,15,7,329,1,352,186,0,186,538
12/11/2020,MLB,FL,ASO,ES,Federal Contract Tower,20,4,105,9,138,0,16,218,0,234,20,20,323,9,372,204,0,204,576
12/12/2020,MLB,FL,ASO,ES,Federal Contract Tower,14,5,72,2,93,0,0,118,2,120,14,5,190,4,213,106,1,107,320
12/13/2020,MLB,FL,ASO,ES,Federal Contract Tower,12,0,40,0,52,0,4,97,1,102,12,4,137,1,154,40,0,40,194
12/14/2020,MLB,FL,ASO,ES,Federal Contract Tower,13,3,77,2,95,0,7,112,0,119,13,10,189,2,214,76,4,80,294
12/15/2020,MLB,FL,ASO,ES,Federal Contract Tower,11,1,105,0,117,0,1,50,0,51,11,2,155,0,168,56,0,56,224
12/16/2020,MLB,FL,ASO,ES,Federal Contract Tower,11,0,105,0,116,0,0,102,0,102,11,0,207,0,218,38,0,38,256
12/17/2020,MLB,FL,ASO,ES,Federal Contract Tower,15,4,104,0,123,0,1,97,0,98,15,5,201,0,221,60,14,74,295
12/18/2020,MLB,FL,ASO,ES,Federal Contract Tower,13,0,89,0,102,0,9,191,0,200,13,9,280,0,302,184,0,184,486
12/19/2020,MLB,FL,ASO,ES,Federal Contract Tower,13,4,80,0,97,0,2,141,0,143,13,6,221,0,240,76,0,76,316
12/20/2020,MLB,FL,ASO,ES,Federal Contract Tower,14,1,57,0,72,0,0,75,0,75,14,1,132,0,147,22,0,22,169
12/21/2020,MLB,FL,ASO,ES,Federal Contract Tower,15,5,86,0,106,0,5,113,0,118,15,10,199,0,224,84,0,84,308
12/22/2020,MLB,FL,ASO,ES,Federal Contract Tower,12,4,67,0,83,0,4,154,0,158,12,8,221,0,241,68,0,68,309
12/23/2020,MLB,FL,ASO,ES,Federal Contract Tower,15,0,73,0,88,0,2,153,0,155,15,2,226,0,243,148,0,148,391
12/24/2020,MLB,FL,ASO,ES,Federal Contract Tower,5,2,18,0,25,0,3,32,0,35,5,5,50,0,60,7,0,7,67
12/25/2020,MLB,FL,ASO,ES,Federal Contract Tower,9,1,6,0,16,0,1,1,0,2,9,2,7,0,18,0,0,0,18
12/26/2020,MLB,FL,ASO,ES,Federal Contract Tower,16,6,28,0,50,0,4,63,0,67,16,10,91,0,117,24,0,24,141
12/27/2020,MLB,FL,ASO,ES,Federal Contract Tower,13,2,33,0,48,0,7,84,0,91,13,9,117,0,139,68,0,68,207
12/28/2020,MLB,FL,ASO,ES,Federal Contract Tower,14,8,78,0,100,0,6,96,0,102,14,14,174,0,202,56,0,56,258
12/29/2020,MLB,FL,ASO,ES,Federal Contract Tower,16,10,74,0,100,0,2,147,0,149,16,12,221,0,249,116,0,116,365
12/30/2020,MLB,FL,ASO,ES,Federal Contract Tower,15,12,43,3,73,0,5,121,1,127,15,17,164,4,200,108,0,108,308
12/31/2020,MLB,FL,ASO,ES,Federal Contract Tower,10,1,55,0,66,0,5,67,0,72,10,6,122,0,138,25,0,25,163
01/01/2021,MLB,FL,ASO,ES,Federal Contract Tower,13,0,32,0,45,0,4,33,0,37,13,4,65,0,82,2,0,2,84
01/02/2021,MLB,FL,ASO,ES,Federal Contract Tower,11,3,28,0,42,0,2,46,0,48,11,5,74,0,90,0,0,0,90
01/03/2021,MLB,FL,ASO,ES,Federal Contract Tower,14,2,43,0,59,0,0,57,0,57,14,2,100,0,116,18,0,18,134
01/04/2021,MLB,FL,ASO,ES,Federal Contract Tower,12,0,62,0,74,0,5,133,0,138,12,5,195,0,212,94,0,94,306
01/05/2021,MLB,FL,ASO,ES,Federal Contract Tower,13,2,96,0,111,0,6,140,0,146,13,8,236,0,257,66,0,66,323
01/06/2021,MLB,FL,ASO,ES,Federal Contract Tower,12,1,93,2,108,0,1,145,1,147,12,2,238,3,255,130,0,130,385
01/07/2021,MLB,FL,ASO,ES,Federal Contract Tower,16,10,72,0,98,0,0,123,0,123,16,10,195,0,221,54,0,54,275
01/08/2021,MLB,FL,ASO,ES,Federal Contract Tower,15,4,65,13,97,0,1,82,3,86,15,5,147,16,183,61,0,61,244
01/09/2021,MLB,FL,ASO,ES,Federal Contract Tower,10,5,51,0,66,0,2,93,0,95,10,7,144,0,161,92,0,92,253
01/10/2021,MLB,FL,ASO,ES,Federal Contract Tower,14,6,40,0,60,0,2,97,0,99,14,8,137,0,159,42,0,42,201
01/11/2021,MLB,FL,ASO,ES,Federal Contract Tower,17,4,89,8,118,0,5,124,0,129,17,9,213,8,247,60,0,60,307
01/12/2021,MLB,FL,ASO,ES,Federal Contract Tower,12,8,87,0,107,0,3,75,0,78,12,11,162,0,185,48,4,52,237
01/13/2021,MLB,FL,ASO,ES,Federal Contract Tower,14,4,95,0,113,0,7,87,0,94,14,11,182,0,207,65,0,65,272
01/14/2021,MLB,FL,ASO,ES,Federal Contract Tower,16,5,75,1,97,0,1,149,0,150,16,6,224,1,247,170,0,170,417
01/15/2021,MLB,FL,ASO,ES,Federal Contract Tower,17,13,96,0,126,0,5,149,0,154,17,18,245,0,280,126,0,126,406
01/16/2021,MLB,FL,ASO,ES,Federal Contract Tower,10,1,40,0,51,0,6,76,0,82,10,7,116,0,133,116,0,116,249
01/17/2021,MLB,FL,ASO,ES,Federal Contract Tower,13,7,48,0,68,0,2,88,0,90,13,9,136,0,158,20,0,20,178
01/18/2021,MLB,FL,ASO,ES,Federal Contract Tower,14,6,77,0,97,0,3,157,0,160,14,9,234,0,257,82,0,82,339
01/19/2021,MLB,FL,ASO,ES,Federal Contract Tower,10,4,98,1,113,0,7,173,2,182,10,11,271,3,295,70,0,70,365
01/20/2021,MLB,FL,ASO,ES,Federal Contract Tower,15,6,95,0,116,0,12,201,0,213,15,18,296,0,329,176,0,176,505
01/21/2021,MLB,FL,ASO,ES,Federal Contract Tower,13,5,77,12,107,0,2,190,0,192,13,7,267,12,299,99,14,113,412
01/22/2021,MLB,FL,ASO,ES,Federal Contract Tower,15,5,79,8,107,0,10,215,0,225,15,15,294,8,332,148,0,148,480
01/23/2021,MLB,FL,ASO,ES,Federal Contract Tower,9,7,46,0,62,0,2,56,0,58,9,9,102,0,120,38,0,38,158
01/24/2021,MLB,FL,ASO,ES,Federal Contract Tower,13,6,54,0,73,0,2,73,0,75,13,8,127,0,148,106,0,106,254
01/25/2021,MLB,FL,ASO,ES,Federal Contract Tower,12,7,102,1,122,0,3,162,0,165,12,10,264,1,287,110,0,110,397
01/26/2021,MLB,FL,ASO,ES,Federal Contract Tower,11,10,84,12,117,0,0,89,0,89,11,10,173,12,206,63,8,71,277
01/27/2021,MLB,FL,ASO,ES,Federal Contract Tower,12,9,107,0,128,0,3,117,1,121,12,12,224,1,249,154,0,154,403
01/28/2021,MLB,FL,ASO,ES,Federal Contract Tower,9,13,81,0,103,0,5,81,0,86,9,18,162,0,189,45,0,45,234
01/29/2021,MLB,FL,ASO,ES,Federal Contract Tower,25,12,113,0,150,0,7,250,0,257,25,19,363,0,407,170,0,170,577
01/30/2021,MLB,FL,ASO,ES,Federal Contract Tower,8,9,86,0,103,0,0,210,0,210,8,9,296,0,313,234,0,234,547
01/31/2021,MLB,FL,ASO,ES,Federal Contract Tower,12,8,50,0,70,0,0,90,0,90,12,8,140,0,160,42,0,42,202
02/01/2021,MLB,FL,ASO,ES,Federal Contract Tower,12,9,48,0,69,0,4,51,0,55,12,13,99,0,124,52,2,54,178
02/02/2021,MLB,FL,ASO,ES,Federal Contract Tower,15,10,46,0,71,0,4,51,0,55,15,14,97,0,126,50,0,50,176
02/03/2021,MLB,FL,ASO,ES,Federal Contract Tower,14,10,113,0,137,0,6,282,0,288,14,16,395,0,425,150,0,150,575
02/04/2021,MLB,FL,ASO,ES,Federal Contract Tower,16,11,130,1,158,0,0,275,0,275,16,11,405,1,433,204,0,204,637
02/05/2021,MLB,FL,ASO,ES,Federal Contract Tower,15,22,100,7,144,0,1,227,0,228,15,23,327,7,372,72,0,72,444
02/06/2021,MLB,FL,ASO,ES,Federal Contract Tower,10,4,47,0,61,0,0,3,0,3,10,4,50,0,64,0,0,0,64
02/07/2021,MLB,FL,ASO,ES,Federal Contract Tower,9,8,27,1,45,0,0,35,0,35,9,8,62,1,80,38,0,38,118
02/08/2021,MLB,FL,ASO,ES,Federal Contract Tower,16,11,78,0,105,0,0,4,0,4,16,11,82,0,109,14,0,14,123
02/09/2021,MLB,FL,ASO,ES,Federal Contract Tower,15,5,108,0,128,0,1,111,0,112,15,6,219,0,240,72,0,72,312
02/10/2021,MLB,FL,ASO,ES,Federal Contract Tower,15,6,153,1,175,0,6,239,0,245,15,12,392,1,420,224,0,224,644
02/11/2021,MLB,FL,ASO,ES,Federal Contract Tower,16,11,80,0,107,0,0,182,0,182,16,11,262,0,289,162,0,162,451
02/12/2021,MLB,FL,ASO,ES,Federal Contract Tower,15,10,116,28,169,0,3,184,0,187,15,13,300,28,356,150,0,150,506
02/13/2021,MLB,FL,ASO,ES,Federal Contract Tower,13,9,40,0,62,0,0,55,0,55,13,9,95,0,117,12,0,12,129
02/14/2021,MLB,FL,ASO,ES,Federal Contract Tower,12,1,21,0,34,0,0,43,0,43,12,1,64,0,77,32,0,32,109
02/15/2021,MLB,FL,ASO,ES,Federal Contract Tower,12,4,80,0,96,0,0,80,0,80,12,4,160,0,176,46,0,46,222
02/16/2021,MLB,FL,ASO,ES,Federal Contract Tower,10,9,107,7,133,0,1,104,2,107,10,10,211,9,240,77,0,77,317
02/17/2021,MLB,FL,ASO,ES,Federal Contract Tower,12,11,79,1,103,0,0,1,0,1,12,11,80,1,104,0,0,0,104
02/18/2021,MLB,FL,ASO,ES,Federal Contract Tower,17,8,94,1,120,0,2,224,0,226,17,10,318,1,346,88,0,88,434
02/19/2021,MLB,FL,ASO,ES,Federal Contract Tower,16,11,45,2,74,0,5,28,0,33,16,16,73,2,107,36,0,36,143
02/20/2021,MLB,FL,ASO,ES,Federal Contract Tower,13,5,39,0,57,0,12,125,1,138,13,17,164,1,195,36,0,36,231
02/21/2021,MLB,FL,ASO,ES,Federal Contract Tower,18,7,58,0,83,0,0,87,0,87,18,7,145,0,170,54,0,54,224
02/22/2021,MLB,FL,ASO,ES,Federal Contract Tower,16,11,113,2,142,0,6,189,0,195,16,17,302,2,337,170,0,170,507
02/23/2021,MLB,FL,ASO,ES,Federal Contract Tower,10,13,85,0,108,0,4,213,1,218,10,17,298,1,326,206,0,206,532
02/24/2021,MLB,FL,ASO,ES,Federal Contract Tower,13,4,123,5,145,0,4,284,2,290,13,8,407,7,435,280,0,280,715
02/25/2021,MLB,FL,ASO,ES,Federal Contract Tower,15,3,70,0,88,0,4,283,0,287,15,7,353,0,375,192,0,192,567
02/26/2021,MLB,FL,ASO,ES,Federal Contract Tower,17,2,78,0,97,0,6,263,0,269,17,8,341,0,366,320,0,320,686
02/27/2021,MLB,FL,ASO,ES,Federal Contract Tower,14,4,39,0,57,0,3,194,0,197,14,7,233,0,254,156,0,156,410
02/28/2021,MLB,FL,ASO,ES,Federal Contract Tower,16,3,38,2,59,0,7,99,9,115,16,10,137,11,174,30,0,30,204
03/01/2021,MLB,FL,ASO,ES,Federal Contract Tower,14,7,53,0,74,0,2,177,0,179,14,9,230,0,253,158,8,166,419
03/02/2021,MLB,FL,ASO,ES,Federal Contract Tower,9,9,53,0,71,0,0,156,0,156,9,9,209,0,227,184,0,184,411
03/03/2021,MLB,FL,ASO,ES,Federal Contract Tower,10,6,52,0,68,0,2,76,0,78,10,8,128,0,146,24,0,24,170
03/04/2021,MLB,FL,ASO,ES,Federal Contract Tower,15,5,71,3,94,0,5,164,0,169,15,10,235,3,263,136,4,140,403
03/05/2021,MLB,FL,ASO,ES,Federal Contract Tower,20,1,93,1,115,0,1,296,1,298,20,2,389,2,413,274,0,274,687
03/06/2021,MLB,FL,ASO,ES,Federal Contract Tower,20,3,34,0,57,0,14,79,0,93,20,17,113,0,150,22,0,22,172
03/07/2021,MLB,FL,ASO,ES,Federal Contract Tower,19,2,20,1,42,0,2,26,0,28,19,4,46,1,70,0,0,0,70
03/08/2021,MLB,FL,ASO,ES,Federal Contract Tower,18,3,42,0,63,0,7,79,0,86,18,10,121,0,149,34,0,34,183
03/09/2021,MLB,FL,ASO,ES,Federal Contract Tower,12,0,80,0,92,0,2,221,0,223,12,2,301,0,315,162,0,162,477
03/10/2021,MLB,FL,ASO,ES,Federal Contract Tower,13,8,108,1,130,0,4,238,3,245,13,12,346,4,375,208,0,208,583
03/11/2021,MLB,FL,ASO,ES,Federal Contract Tower,16,6,101,0,123,0,3,272,1,276,16,9,373,1,399,230,0,230,629
03/12/2021,MLB,FL,ASO,ES,Federal Contract Tower,15,9,95,1,120,0,2,282,0,284,15,11,377,1,404,260,0,260,664
03/13/2021,MLB,FL,ASO,ES,Federal Contract Tower,22,7,72,2,103,0,2,237,0,239,22,9,309,2,342,286,0,286,628
03/14/2021,MLB,FL,ASO,ES,Federal Contract Tower,16,5,44,0,65,0,3,172,0,175,16,8,216,0,240,108,0,108,348
03/15/2021,MLB,FL,ASO,ES,Federal Contract Tower,19,7,77,0,103,0,4,202,0,206,19,11,279,0,309,292,0,292,601
03/16/2021,MLB,FL,ASO,ES,Federal Contract Tower,17,6,110,0,133,0,6,160,1,167,17,12,270,1,300,204,0,204,504
03/17/2021,MLB,FL,ASO,ES,Federal Contract Tower,17,13,125,0,155,0,3,152,0,155,17,16,277,0,310,132,0,132,442
03/18/2021,MLB,FL,ASO,ES,Federal Contract Tower,15,5,60,10,90,0,2,105,0,107,15,7,165,10,197,58,0,58,255
03/19/2021,MLB,FL,ASO,ES,Federal Contract Tower,19,6,94,1,120,0,5,203,0,208,19,11,297,1,328,178,0,178,506
03/20/2021,MLB,FL,ASO,ES,Federal Contract Tower,19,6,43,1,69,0,6,99,0,105,19,12,142,1,174,18,4,22,196
03/21/2021,MLB,FL,ASO,ES,Federal Contract Tower,15,3,55,0,73,0,2,57,0,59,15,5,112,0,132,39,0,39,171
03/22/2021,MLB,FL,ASO,ES,Federal Contract Tower,16,5,109,0,130,0,3,86,0,89,16,8,195,0,219,106,0,106,325
03/23/2021,MLB,FL,ASO,ES,Federal Contract Tower,16,11,87,0,114,0,2,296,0,298,16,13,383,0,412,334,0,334,746
03/24/2021,MLB,FL,ASO,ES,Federal Contract Tower,10,16,120,0,146,0,4,260,1,265,10,20,380,1,411,260,0,260,671
03/25/2021,MLB,FL,ASO,ES,Federal Contract Tower,19,18,116,7,160,0,2,148,0,150,19,20,264,7,310,90,8,98,408
03/26/2021,MLB,FL,ASO,ES,Federal Contract Tower,21,10,133,0,164,0,5,196,0,201,21,15,329,0,365,138,0,138,503
03/27/2021,MLB,FL,ASO,ES,Federal Contract Tower,19,6,85,2,112,0,9,195,1,205,19,15,280,3,317,150,0,150,467
03/28/2021,MLB,FL,ASO,ES,Federal Contract Tower,16,12,69,0,97,0,4,89,0,93,16,16,158,0,190,68,0,68,258
03/29/2021,MLB,FL,ASO,ES,Federal Contract Tower,23,5,114,0,142,0,5,133,1,139,23,10,247,1,281,80,0,80,361
03/30/2021,MLB,FL,ASO,ES,Federal Contract Tower,15,5,110,0,130,0,5,178,0,183,15,10,288,0,313,207,0,207,520
03/31/2021,MLB,FL,ASO,ES,Federal Contract Tower,8,5,76,0,89,0,7,125,0,132,8,12,201,0,221,177,0,177,398
04/01/2021,MLB,FL,ASO,ES,Federal Contract Tower,14,6,72,1,93,0,9,65,1,75,14,15,137,2,168,20,4,24,192
04/02/2021,MLB,FL,ASO,ES,Federal Contract Tower,16,9,40,0,65,0,10,60,0,70,16,19,100,0,135,16,0,16,151
04/03/2021,MLB,FL,ASO,ES,Federal Contract Tower,18,4,74,0,96,0,4,104,0,108,18,8,178,0,204,84,0,84,288
04/04/2021,MLB,FL,ASO,ES,Federal Contract Tower,21,1,35,0,57,0,5,129,0,134,21,6,164,0,191,116,0,116,307
04/05/2021,MLB,FL,ASO,ES,Federal Contract Tower,16,3,124,0,143,0,6,325,0,331,16,9,449,0,474,242,0,242,716
04/06/2021,MLB,FL,ASO,ES,Federal Contract Tower,9,2,84,0,95,0,5,255,2,262,9,7,339,2,357,262,0,262,619
04/07/2021,MLB,FL,ASO,ES,Federal Contract Tower,14,5,115,0,134,0,7,244,0,251,14,12,359,0,385,298,0,298,683
04/08/2021,MLB,FL,ASO,ES,Federal Contract Tower,17,0,93,2,112,0,7,234,0,241,17,7,327,2,353,265,0,265,618
04/09/2021,MLB,FL,ASO,ES,Federal Contract Tower,17,4,74,0,95,0,5,276,0,281,17,9,350,0,376,214,4,218,594
04/10/2021,MLB,FL,ASO,ES,Federal Contract Tower,15,3,24,1,43,0,6,103,0,109,15,9,127,1,152,46,0,46,198
04/11/2021,MLB,FL,ASO,ES,Federal Contract Tower,14,7,21,0,42,0,0,38,0,38,14,7,59,0,80,16,0,16,96
04/12/2021,MLB,FL,ASO,ES,Federal Contract Tower,20,3,91,0,114,0,3,226,0,229,20,6,317,0,343,232,0,232,575
04/13/2021,MLB,FL,ASO,ES,Federal Contract Tower,11,11,81,3,106,0,4,236,0,240,11,15,317,3,346,364,0,364,710
04/14/2021,MLB,FL,ASO,ES,Federal Contract Tower,12,9,115,1,137,0,4,206,0,210,12,13,321,1,347,296,0,296,643
04/16/2021,MLB,FL,ASO,ES,Federal Contract Tower,18,9,77,8,112,0,2,173,0,175,18,11,250,8,287,190,0,190,477
04/18/2021,MLB,FL,ASO,ES,Federal Contract Tower,18,1,37,6,62,0,5,90,0,95,18,6,127,6,157,78,0,78,235
04/19/2021,MLB,FL,ASO,ES,Federal Contract Tower,13,15,38,4,70,0,5,28,0,33,13,20,66,4,103,26,0,26,129
04/20/2021,MLB,FL,ASO,ES,Federal Contract Tower,11,5,48,0,64,0,0,19,0,19,11,5,67,0,83,18,0,18,101
04/21/2021,MLB,FL,ASO,ES,Federal Contract Tower,15,6,141,2,164,0,7,179,0,186,15,13,320,2,350,178,0,178,528
04/22/2021,MLB,FL,ASO,ES,Federal Contract Tower,19,8,133,2,162,0,4,206,0,210,19,12,339,2,372,97,15,112,484
04/23/2021,MLB,FL,ASO,ES,Federal Contract Tower,18,6,105,0,129,0,8,232,0,240,18,14,337,0,369,190,0,190,559
04/24/2021,MLB,FL,ASO,ES,Federal Contract Tower,19,7,45,1,72,0,0,70,0,70,19,7,115,1,142,24,0,24,166
04/25/2021,MLB,FL,ASO,ES,Federal Contract Tower,15,7,37,0,59,0,4,54,0,58,15,11,91,0,117,9,0,9,126
04/26/2021,MLB,FL,ASO,ES,Federal Contract Tower,13,8,94,3,118,0,8,196,0,204,13,16,290,3,322,162,0,162,484
04/27/2021,MLB,FL,ASO,ES,Federal Contract Tower,11,10,113,0,134,0,4,208,0,212,11,14,321,0,346,200,0,200,546
04/28/2021,MLB,FL,ASO,ES,Federal Contract Tower,15,5,143,0,163,0,2,245,0,247,15,7,388,0,410,258,0,258,668
04/29/2021,MLB,FL,ASO,ES,Federal Contract Tower,16,12,148,0,176,0,5,190,0,195,16,17,338,0,371,142,0,142,513
04/30/2021,MLB,FL,ASO,ES,Federal Contract Tower,15,4,80,1,100,0,6,191,5,202,15,10,271,6,302,118,0,118,420
05/01/2021,MLB,FL,ASO,ES,Federal Contract Tower,20,4,75,0,99,0,7,142,0,149,20,11,217,0,248,216,0,216,464
05/02/2021,MLB,FL,ASO,ES,Federal Contract Tower,17,9,68,4,98,0,4,98,4,106,17,13,166,8,204,78,0,78,282
05/03/2021,MLB,FL,ASO,ES,Federal Contract Tower,19,10,53,12,94,0,8,119,0,127,19,18,172,12,221,70,0,70,291
05/04/2021,MLB,FL,ASO,ES,Federal Contract Tower,10,9,76,0,95,0,4,131,0,135,10,13,207,0,230,126,0,126,356
05/05/2021,MLB,FL,ASO,ES,Federal Contract Tower,16,6,118,0,140,0,4,212,0,216,16,10,330,0,356,162,0,162,518
05/06/2021,MLB,FL,ASO,ES,Federal Contract Tower,12,5,64,0,81,0,7,117,0,124,12,12,181,0,205,124,0,124,329
05/07/2021,MLB,FL,ASO,ES,Federal Contract Tower,15,13,137,3,168,0,2,198,6,206,15,15,335,9,374,150,0,150,524
05/08/2021,MLB,FL,ASO,ES,Federal Contract Tower,14,16,79,0,109,0,5,170,0,175,14,21,249,0,284,84,0,84,368
05/09/2021,MLB,FL,ASO,ES,Federal Contract Tower,14,1,41,2,58,0,4,96,8,108,14,5,137,10,166,68,0,68,234
05/10/2021,MLB,FL,ASO,ES,Federal Contract Tower,12,3,86,0,101,0,2,130,0,132,12,5,216,0,233,120,0,120,353
05/11/2021,MLB,FL,ASO,ES,Federal Contract Tower,15,6,112,0,133,0,4,189,0,193,15,10,301,0,326,270,0,270,596
05/12/2021,MLB,FL,ASO,ES,Federal Contract Tower,15,2,94,2,113,0,8,143,3,154,15,10,237,5,267,112,0,112,379
05/13/2021,MLB,FL,ASO,ES,Federal Contract Tower,17,13,79,3,112,0,2,75,0,77,17,15,154,3,189,50,0,50,239
05/14/2021,MLB,FL,ASO,ES,Federal Contract Tower,24,8,29,6,67,0,10,77,0,87,24,18,106,6,154,10,0,10,164
05/15/2021,MLB,FL,ASO,ES,Federal Contract Tower,11,0,45,3,59,0,3,44,0,47,11,3,89,3,106,16,0,16,122
05/16/2021,MLB,FL,ASO,ES,Federal Contract Tower,14,7,30,6,57,0,4,33,0,37,14,11,63,6,94,8,0,8,102
05/17/2021,MLB,FL,ASO,ES,Federal Contract Tower,17,9,51,3,80,0,9,163,0,172,17,18,214,3,252,100,0,100,352
05/18/2021,MLB,FL,ASO,ES,Federal Contract Tower,13,3,74,0,90,0,4,140,0,144,13,7,214,0,234,164,0,164,398
05/19/2021,MLB,FL,ASO,ES,Federal Contract Tower,20,8,90,0,118,0,2,106,0,108,20,10,196,0,226,86,0,86,312
05/20/2021,MLB,FL,ASO,ES,Federal Contract Tower,14,7,67,5,93,0,6,88,1,95,14,13,155,6,188,60,0,60,248
05/21/2021,MLB,FL,ASO,ES,Federal Contract Tower,19,3,87,10,119,0,9,119,0,128,19,12,206,10,247,42,0,42,289
05/22/2021,MLB,FL,ASO,ES,Federal Contract Tower,15,3,81,0,99,0,2,119,0,121,15,5,200,0,220,106,0,106,326
05/23/2021,MLB,FL,ASO,ES,Federal Contract Tower,18,2,75,6,101,0,3,199,0,202,18,5,274,6,303,110,0,110,413
05/24/2021,MLB,FL,ASO,ES,Federal Contract Tower,16,6,119,3,144,0,4,278,0,282,16,10,397,3,426,354,0,354,780
05/25/2021,MLB,FL,ASO,ES,Federal Contract Tower,15,2,88,0,105,0,2,276,2,280,15,4,364,2,385,288,0,288,673
05/26/2021,MLB,FL,ASO,ES,Federal Contract Tower,15,13,89,0,117,0,5,275,1,281,15,18,364,1,398,282,0,282,680
05/27/2021,MLB,FL,ASO,ES,Federal Contract Tower,20,4,116,0,140,0,2,249,0,251,20,6,365,0,391,286,0,286,677
05/28/2021,MLB,FL,ASO,ES,Federal Contract Tower,21,1,113,3,138,0,6,227,0,233,21,7,340,3,371,160,0,160,531
05/29/2021,MLB,FL,ASO,ES,Federal Contract Tower,16,1,60,1,78,0,0,153,0,153,16,1,213,1,231,122,0,122,353
05/30/2021,MLB,FL,ASO,ES,Federal Contract Tower,17,4,36,0,57,0,1,95,0,96,17,5,131,0,153,48,0,48,201
05/31/2021,MLB,FL,ASO,ES,Federal Contract Tower,15,7,0,0,22,0,4,106,0,110,15,11,106,0,132,151,0,151,283
06/01/2021,MLB,FL,ASO,ES,Federal Contract Tower,19,2,61,4,86,0,3,163,0,166,19,5,224,4,252,378,2,380,632
06/02/2021,MLB,FL,ASO,ES,Federal Contract Tower,13,2,71,0,86,0,4,84,0,88,13,6,155,0,174,108,0,108,282
06/03/2021,MLB,FL,ASO,ES,Federal Contract Tower,14,3,79,0,96,0,6,122,0,128,14,9,201,0,224,176,0,176,400
06/04/2021,MLB,FL,ASO,ES,Federal Contract Tower,14,4,78,2,98,0,2,115,1,118,14,6,193,3,216,114,0,114,330
06/05/2021,MLB,FL,ASO,ES,Federal Contract Tower,16,5,70,0,91,0,3,130,0,133,16,8,200,0,224,126,0,126,350
06/06/2021,MLB,FL,ASO,ES,Federal Contract Tower,15,5,81,2,103,0,4,88,0,92,15,9,169,2,195,56,0,56,251
06/07/2021,MLB,FL,ASO,ES,Federal Contract Tower,11,6,91,0,108,0,2,258,0,260,11,8,349,0,368,202,0,202,570
06/08/2021,MLB,FL,ASO,ES,Federal Contract Tower,11,6,102,10,129,0,2,169,1,172,11,8,271,11,301,118,0,118,419
06/09/2021,MLB,FL,ASO,ES,Federal Contract Tower,19,6,86,0,111,0,2,239,0,241,19,8,325,0,352,256,0,256,608
06/10/2021,MLB,FL,ASO,ES,Federal Contract Tower,13,11,99,0,123,0,5,260,0,265,13,16,359,0,388,310,0,310,698
06/11/2021,MLB,FL,ASO,ES,Federal Contract Tower,16,2,91,0,109,0,6,262,2,270,16,8,353,2,379,247,0,247,626
06/12/2021,MLB,FL,ASO,ES,Federal Contract Tower,16,6,77,0,99,0,2,162,0,164,16,8,239,0,263,104,0,104,367
06/13/2021,MLB,FL,ASO,ES,Federal Contract Tower,14,4,42,1,61,0,0,119,0,119,14,4,161,1,180,66,0,66,246
06/14/2021,MLB,FL,ASO,ES,Federal Contract Tower,14,3,57,0,74,0,1,125,0,126,14,4,182,0,200,114,0,114,314
06/15/2021,MLB,FL,ASO,ES,Federal Contract Tower,15,8,54,0,77,0,1,71,0,72,15,9,125,0,149,80,0,80,229
06/16/2021,MLB,FL,ASO,ES,Federal Contract Tower,12,5,60,0,77,0,0,137,0,137,12,5,197,0,214,208,0,208,422
06/17/2021,MLB,FL,ASO,ES,Federal Contract Tower,8,2,69,1,80,0,17,195,0,212,8,19,264,1,292,253,0,253,545
06/18/2021,MLB,FL,ASO,ES,Federal Contract Tower,19,3,60,0,82,0,1,336,0,337,19,4,396,0,419,214,0,214,633
06/19/2021,MLB,FL,ASO,ES,Federal Contract Tower,14,3,68,0,85,0,0,145,10,155,14,3,213,10,240,0,0,0,240
06/20/2021,MLB,FL,ASO,ES,Federal Contract Tower,15,2,46,0,63,0,4,66,0,70,15,6,112,0,133,60,0,60,193
06/21/2021,MLB,FL,ASO,ES,Federal Contract Tower,14,2,55,0,71,0,0,128,0,128,14,2,183,0,199,191,0,191,390
06/22/2021,MLB,FL,ASO,ES,Federal Contract Tower,14,3,51,1,69,0,4,98,0,102,14,7,149,1,171,89,4,93,264
06/23/2021,MLB,FL,ASO,ES,Federal Contract Tower,12,7,60,0,79,0,7,145,0,152,12,14,205,0,231,158,0,158,389
06/24/2021,MLB,FL,ASO,ES,Federal Contract Tower,18,8,88,0,114,0,1,264,1,266,18,9,352,1,380,248,0,248,628
06/25/2021,MLB,FL,ASO,ES,Federal Contract Tower,19,3,74,0,96,0,2,117,0,119,19,5,191,0,215,76,0,76,291
06/26/2021,MLB,FL,ASO,ES,Federal Contract Tower,14,3,36,0,53,0,4,124,0,128,14,7,160,0,181,136,0,136,317
06/27/2021,MLB,FL,ASO,ES,Federal Contract Tower,11,0,64,0,75,0,6,122,0,128,11,6,186,0,203,134,0,134,337
06/28/2021,MLB,FL,ASO,ES,Federal Contract Tower,12,5,85,0,102,0,3,252,0,255,12,8,337,0,357,184,0,184,541
06/29/2021,MLB,FL,ASO,ES,Federal Contract Tower,17,5,46,0,68,0,2,99,0,101,17,7,145,0,169,170,0,170,339
06/30/2021,MLB,FL,ASO,ES,Federal Contract Tower,11,13,53,1,78,0,4,116,0,120,11,17,169,1,198,80,0,80,278
07/01/2021,MLB,FL,ASO,ES,Federal Contract Tower,16,4,54,0,74,0,0,146,0,146,16,4,200,0,220,100,0,100,320
07/02/2021,MLB,FL,ASO,ES,Federal Contract Tower,18,5,105,2,130,0,5,219,0,224,18,10,324,2,354,226,0,226,580
07/03/2021,MLB,FL,ASO,ES,Federal Contract Tower,20,2,52,0,74,0,3,66,0,69,20,5,118,0,143,34,0,34,177
07/04/2021,MLB,FL,ASO,ES,Federal Contract Tower,15,1,25,0,41,0,0,79,0,79,15,1,104,0,120,44,0,44,164
07/05/2021,MLB,FL,ASO,ES,Federal Contract Tower,15,0,72,0,87,0,16,137,0,153,15,16,209,0,240,100,0,100,340
07/06/2021,MLB,FL,ASO,ES,Federal Contract Tower,16,0,51,0,67,0,1,52,0,53,16,1,103,0,120,58,0,58,178
07/07/2021,MLB,FL,ASO,ES,Federal Contract Tower,13,6,21,0,40,0,0,46,0,46,13,6,67,0,86,60,0,60,146
07/08/2021,MLB,FL,ASO,ES,Federal Contract Tower,16,5,58,0,79,0,0,176,0,176,16,5,234,0,255,174,0,174,429
07/09/2021,MLB,FL,ASO,ES,Federal Contract Tower,16,1,69,0,86,0,3,204,0,207,16,4,273,0,293,240,0,240,533
07/10/2021,MLB,FL,ASO,ES,Federal Contract Tower,16,3,64,0,83,0,1,155,0,156,16,4,219,0,239,120,0,120,359
07/11/2021,MLB,FL,ASO,ES,Federal Contract Tower,13,3,39,0,55,0,3,105,0,108,13,6,144,0,163,55,0,55,218
07/12/2021,MLB,FL,ASO,ES,Federal Contract Tower,15,5,59,0,79,0,7,141,0,148,15,12,200,0,227,126,0,126,353
07/13/2021,MLB,FL,ASO,ES,Federal Contract Tower,13,5,58,0,76,0,6,120,3,129,13,11,178,3,205,170,0,170,375
07/14/2021,MLB,FL,ASO,ES,Federal Contract Tower,14,4,101,7,126,0,3,200,4,207,14,7,301,11,333,291,14,305,638
07/15/2021,MLB,FL,ASO,ES,Federal Contract Tower,16,4,100,0,120,0,6,271,0,277,16,10,371,0,397,276,0,276,673
07/16/2021,MLB,FL,ASO,ES,Federal Contract Tower,14,3,87,3,107,0,9,321,2,332,14,12,408,5,439,252,0,252,691
07/17/2021,MLB,FL,ASO,ES,Federal Contract Tower,16,5,67,0,88,0,10,196,0,206,16,15,263,0,294,168,0,168,462
07/18/2021,MLB,FL,ASO,ES,Federal Contract Tower,14,0,49,0,63,0,7,127,1,135,14,7,176,1,198,72,0,72,270
07/19/2021,MLB,FL,ASO,ES,Federal Contract Tower,13,0,56,0,69,0,2,181,4,187,13,2,237,4,256,150,0,150,406
07/20/2021,MLB,FL,ASO,ES,Federal Contract Tower,21,6,49,18,94,0,2,192,2,196,21,8,241,20,290,196,0,196,486
07/21/2021,MLB,FL,ASO,ES,Federal Contract Tower,18,5,80,0,103,0,7,166,0,173,18,12,246,0,276,220,0,220,496
07/22/2021,MLB,FL,ASO,ES,Federal Contract Tower,17,6,53,0,76,0,1,215,0,216,17,7,268,0,292,212,0,212,504
07/23/2021,MLB,FL,ASO,ES,Federal Contract Tower,12,7,66,0,85,0,3,212,0,215,12,10,278,0,300,170,0,170,470
07/24/2021,MLB,FL,ASO,ES,Federal Contract Tower,17,8,96,11,132,0,9,174,0,183,17,17,270,11,315,86,0,86,401
07/25/2021,MLB,FL,ASO,ES,Federal Contract Tower,19,6,30,0,55,0,3,121,0,124,19,9,151,0,179,94,0,94,273
07/26/2021,MLB,FL,ASO,ES,Federal Contract Tower,18,1,43,0,62,0,1,151,0,152,18,2,194,0,214,244,0,244,458
07/27/2021,MLB,FL,ASO,ES,Federal Contract Tower,17,4,45,0,66,0,1,144,0,145,17,5,189,0,211,306,0,306,517
07/28/2021,MLB,FL,ASO,ES,Federal Contract Tower,15,4,53,0,72,0,2,187,3,192,15,6,240,3,264,150,0,150,414
07/29/2021,MLB,FL,ASO,ES,Federal Contract Tower,17,4,41,0,62,0,3,203,0,206,17,7,244,0,268,126,0,126,394
07/30/2021,MLB,FL,ASO,ES,Federal Contract Tower,20,4,59,1,84,0,2,208,1,211,20,6,267,2,295,182,0,182,477
07/31/2021,MLB,FL,ASO,ES,Federal Contract Tower,13,2,39,0,54,0,6,186,0,192,13,8,225,0,246,152,6,158,404
08/01/2021,MLB,FL,ASO,ES,Federal Contract Tower,11,2,53,2,68,0,5,97,0,102,11,7,150,2,170,86,0,86,256
08/02/2021,MLB,FL,ASO,ES,Federal Contract Tower,15,1,32,0,48,0,0,126,0,126,15,1,158,0,174,168,0,168,342
08/03/2021,MLB,FL,ASO,ES,Federal Contract Tower,13,5,54,0,72,0,0,114,0,114,13,5,168,0,186,154,0,154,340
08/04/2021,MLB,FL,ASO,ES,Federal Contract Tower,16,4,58,2,80,0,0,87,1,88,16,4,145,3,168,88,2,90,258
08/05/2021,MLB,FL,ASO,ES,Federal Contract Tower,18,2,75,1,96,0,4,226,0,230,18,6,301,1,326,226,0,226,552
08/06/2021,MLB,FL,ASO,ES,Federal Contract Tower,13,1,34,2,50,0,2,258,6,266,13,3,292,8,316,160,0,160,476
08/07/2021,MLB,FL,ASO,ES,Federal Contract Tower,14,4,24,0,42,0,6,143,0,149,14,10,167,0,191,165,0,165,356
08/08/2021,MLB,FL,ASO,ES,Federal Contract Tower,16,2,35,0,53,0,4,101,7,112,16,6,136,7,165,96,0,96,261
08/09/2021,MLB,FL,ASO,ES,Federal Contract Tower,14,5,52,10,81,0,5,180,0,185,14,10,232,10,266,230,0,230,496
08/10/2021,MLB,FL,ASO,ES,Federal Contract Tower,11,5,43,12,71,2,6,148,0,156,13,11,191,12,227,226,0,226,453
08/11/2021,MLB,FL,ASO,ES,Federal Contract Tower,14,6,80,0,100,0,6,170,0,176,14,12,250,0,276,271,0,271,547
08/12/2021,MLB,FL,ASO,ES,Federal Contract Tower,18,1,70,4,93,0,0,186,0,186,18,1,256,4,279,168,0,168,447
08/13/2021,MLB,FL,ASO,ES,Federal Contract Tower,13,1,62,0,76,0,2,118,0,120,13,3,180,0,196,160,0,160,356
08/14/2021,MLB,FL,ASO,ES,Federal Contract Tower,11,6,29,0,46,0,2,56,0,58,11,8,85,0,104,102,0,102,206
08/15/2021,MLB,FL,ASO,ES,Federal Contract Tower,12,1,20,0,33,0,10,65,0,75,12,11,85,0,108,41,0,41,149
08/16/2021,MLB,FL,ASO,ES,Federal Contract Tower,13,5,60,1,79,0,2,123,0,125,13,7,183,1,204,162,0,162,366
08/17/2021,MLB,FL,ASO,ES,Federal Contract Tower,13,3,82,8,106,0,3,235,0,238,13,6,317,8,344,203,0,203,547
08/18/2021,MLB,FL,ASO,ES,Federal Contract Tower,15,10,123,0,148,0,5,250,2,257,15,15,373,2,405,189,0,189,594
08/19/2021,MLB,FL,ASO,ES,Federal Contract Tower,22,7,84,0,113,0,2,222,0,224,22,9,306,0,337,170,0,170,507
08/20/2021,MLB,FL,ASO,ES,Federal Contract Tower,16,7,87,0,110,0,1,165,0,166,16,8,252,0,276,112,0,112,388
08/21/2021,MLB,FL,ASO,ES,Federal Contract Tower,12,3,52,0,67,0,6,168,0,174,12,9,220,0,241,148,0,148,389
08/22/2021,MLB,FL,ASO,ES,Federal Contract Tower,14,1,40,0,55,0,8,87,0,95,14,9,127,0,150,69,0,69,219
08/23/2021,MLB,FL,ASO,ES,Federal Contract Tower,13,3,49,0,65,0,2,119,2,123,13,5,168,2,188,208,0,208,396
08/24/2021,MLB,FL,ASO,ES,Federal Contract Tower,12,2,95,2,111,0,3,159,28,190,12,5,254,30,301,152,16,168,469
08/25/2021,MLB,FL,ASO,ES,Federal Contract Tower,10,2,87,0,99,0,2,196,0,198,10,4,283,0,297,210,0,210,507
08/26/2021,MLB,FL,ASO,ES,Federal Contract Tower,17,2,66,0,85,0,1,112,0,113,17,3,178,0,198,106,0,106,304
08/27/2021,MLB,FL,ASO,ES,Federal Contract Tower,14,3,32,0,49,0,1,35,0,36,14,4,67,0,85,54,0,54,139
08/28/2021,MLB,FL,ASO,ES,Federal Contract Tower,16,0,61,0,77,0,2,113,0,115,16,2,174,0,192,46,0,46,238
08/29/2021,MLB,FL,ASO,ES,Federal Contract Tower,17,8,60,0,85,0,5,86,0,91,17,13,146,0,176,58,0,58,234
08/30/2021,MLB,FL,ASO,ES,Federal Contract Tower,14,6,64,0,84,0,10,286,0,296,14,16,350,0,380,220,0,220,600
08/31/2021,MLB,FL,ASO,ES,Federal Contract Tower,12,2,79,0,93,0,0,188,0,188,12,2,267,0,281,176,0,176,457
09/01/2021,MLB,FL,ASO,ES,Federal Contract Tower,13,4,55,0,72,0,1,179,0,180,13,5,234,0,252,94,0,94,346
09/02/2021,MLB,FL,ASO,ES,Federal Contract Tower,17,5,58,0,80,0,4,134,2,140,17,9,192,2,220,162,0,162,382
09/03/2021,MLB,FL,ASO,ES,Federal Contract Tower,14,5,102,0,121,0,0,212,0,212,14,5,314,0,333,257,0,257,590
09/04/2021,MLB,FL,ASO,ES,Federal Contract Tower,14,4,58,0,76,0,8,116,0,124,14,12,174,0,200,130,0,130,330
09/05/2021,MLB,FL,ASO,ES,Federal Contract Tower,14,4,33,0,51,0,2,75,0,77,14,6,108,0,128,61,0,61,189
09/06/2021,MLB,FL,ASO,ES,Federal Contract Tower,12,6,60,0,78,0,4,170,0,174,12,10,230,0,252,94,0,94,346
09/07/2021,MLB,FL,ASO,ES,Federal Contract Tower,11,4,47,2,64,0,5,205,0,210,11,9,252,2,274,208,6,214,488
09/08/2021,MLB,FL,ASO,ES,Federal Contract Tower,10,0,69,0,79,0,5,193,0,198,10,5,262,0,277,152,0,152,429
09/09/2021,MLB,FL,ASO,ES,Federal Contract Tower,23,2,94,0,119,0,4,225,0,229,23,6,319,0,348,158,0,158,506
09/10/2021,MLB,FL,ASO,ES,Federal Contract Tower,12,3,56,0,71,0,2,216,0,218,12,5,272,0,289,116,0,116,405
09/11/2021,MLB,FL,ASO,ES,Federal Contract Tower,13,6,87,0,106,0,5,213,0,218,13,11,300,0,324,154,0,154,478
09/12/2021,MLB,FL,ASO,ES,Federal Contract Tower,16,3,46,1,66,0,7,78,0,85,16,10,124,1,151,50,3,53,204
09/13/2021,MLB,FL,ASO,ES,Federal Contract Tower,21,5,76,0,102,0,2,180,0,182,21,7,256,0,284,168,0,168,452
09/14/2021,MLB,FL,ASO,ES,Federal Contract Tower,10,3,121,0,134,0,5,282,0,287,10,8,403,0,421,204,0,204,625
09/15/2021,MLB,FL,ASO,ES,Federal Contract Tower,13,4,81,1,99,0,5,260,0,265,13,9,341,1,364,307,1,308,672
09/16/2021,MLB,FL,ASO,ES,Federal Contract Tower,14,4,59,0,77,0,1,136,0,137,14,5,195,0,214,109,0,109,323
09/17/2021,MLB,FL,ASO,ES,Federal Contract Tower,17,5,75,1,98,0,8,134,0,142,17,13,209,1,240,161,0,161,401
09/18/2021,MLB,FL,ASO,ES,Federal Contract Tower,11,5,36,0,52,0,2,98,0,100,11,7,134,0,152,76,0,76,228
09/19/2021,MLB,FL,ASO,ES,Federal Contract Tower,17,4,58,0,79,0,3,69,0,72,17,7,127,0,151,31,0,31,182
09/20/2021,MLB,FL,ASO,ES,Federal Contract Tower,16,5,36,0,57,15,1,73,2,91,31,6,109,2,148,146,0,146,294
09/21/2021,MLB,FL,ASO,ES,Federal Contract Tower,16,3,43,0,62,0,1,121,0,122,16,4,164,0,184,123,0,123,307
09/22/2021,MLB,FL,ASO,ES,Federal Contract Tower,15,9,67,0,91,0,4,161,0,165,15,13,228,0,256,332,0,332,588
09/23/2021,MLB,FL,ASO,ES,Federal Contract Tower,14,5,83,0,102,0,0,109,0,109,14,5,192,0,211,104,0,104,315
09/24/2021,MLB,FL,ASO,ES,Federal Contract Tower,20,12,100,0,132,0,5,303,4,312,20,17,403,4,444,266,0,266,710
09/25/2021,MLB,FL,ASO,ES,Federal Contract Tower,14,2,64,0,80,0,2,226,0,228,14,4,290,0,308,218,0,218,526
09/26/2021,MLB,FL,ASO,ES,Federal Contract Tower,13,0,46,0,59,0,0,100,0,100,13,0,146,0,159,75,0,75,234
09/27/2021,MLB,FL,ASO,ES,Federal Contract Tower,16,3,103,1,123,0,0,267,1,268,16,3,370,2,391,284,0,284,675
09/28/2021,MLB,FL,ASO,ES,Federal Contract Tower,10,6,94,0,110,0,3,216,0,219,10,9,310,0,329,368,0,368,697
09/29/2021,MLB,FL,ASO,ES,Federal Contract Tower,16,1,78,14,109,0,2,251,0,253,16,3,329,14,362,255,0,255,617
09/30/2021,MLB,FL,ASO,ES,Federal Contract Tower,16,1,94,0,111,0,4,213,0,217,16,5,307,0,328,376,0,376,704
10/01/2021,MLB,FL,ASO,ES,Federal Contract Tower,16,5,115,0,136,0,2,173,0,175,16,7,288,0,311,232,0,232,543
10/02/2021,MLB,FL,ASO,ES,Federal Contract Tower,15,2,75,0,92,0,8,170,0,178,15,10,245,0,270,176,0,176,446
10/03/2021,MLB,FL,ASO,ES,Federal Contract Tower,17,1,61,1,80,0,0,108,0,108,17,1,169,1,188,119,0,119,307
10/04/2021,MLB,FL,ASO,ES,Federal Contract Tower,16,2,61,0,79,0,6,231,0,237,16,8,292,0,316,286,0,286,602
10/05/2021,MLB,FL,ASO,ES,Federal Contract Tower,11,6,98,0,115,0,2,220,0,222,11,8,318,0,337,240,0,240,577
10/06/2021,MLB,FL,ASO,ES,Federal Contract Tower,8,1,136,6,151,0,4,258,0,262,8,5,394,6,413,316,0,316,729
10/07/2021,MLB,FL,ASO,ES,Federal Contract Tower,14,0,54,2,70,0,2,165,0,167,14,2,219,2,237,189,0,189,426
10/08/2021,MLB,FL,ASO,ES,Federal Contract Tower,15,2,78,0,95,0,1,128,0,129,15,3,206,0,224,98,1,99,323
10/09/2021,MLB,FL,ASO,ES,Federal Contract Tower,9,3,75,0,87,0,0,110,0,110,9,3,185,0,197,52,0,52,249
10/10/2021,MLB,FL,ASO,ES,Federal Contract Tower,17,0,41,0,58,0,4,81,1,86,17,4,122,1,144,29,0,29,173
10/11/2021,MLB,FL,ASO,ES,Federal Contract Tower,17,4,51,6,78,0,0,167,2,169,17,4,218,8,247,120,0,120,367
10/12/2021,MLB,FL,ASO,ES,Federal Contract Tower,12,5,100,0,117,0,5,208,2,215,12,10,308,2,332,229,0,229,561
10/13/2021,MLB,FL,ASO,ES,Federal Contract Tower,20,2,101,0,123,0,7,247,1,255,20,9,348,1,378,243,0,243,621
10/14/2021,MLB,FL,ASO,ES,Federal Contract Tower,13,19,79,0,111,0,1,298,0,299,13,20,377,0,410,264,0,264,674
10/15/2021,MLB,FL,ASO,ES,Federal Contract Tower,17,7,115,0,139,0,6,234,0,240,17,13,349,0,379,277,0,277,656
10/16/2021,MLB,FL,ASO,ES,Federal Contract Tower,10,8,46,0,64,0,4,195,0,199,10,12,241,0,263,294,0,294,557
10/17/2021,MLB,FL,ASO,ES,Federal Contract Tower,17,5,29,0,51,0,4,66,0,70,17,9,95,0,121,47,0,47,168
10/18/2021,MLB,FL,ASO,ES,Federal Contract Tower,17,1,66,0,84,0,7,164,0,171,17,8,230,0,255,202,0,202,457
10/19/2021,MLB,FL,ASO,ES,Federal Contract Tower,12,9,90,0,111,0,7,221,0,228,12,16,311,0,339,345,0,345,684
10/20/2021,MLB,FL,ASO,ES,Federal Contract Tower,10,5,90,0,105,0,2,223,0,225,10,7,313,0,330,284,0,284,614
10/21/2021,MLB,FL,ASO,ES,Federal Contract Tower,15,8,108,1,132,0,1,244,0,245,15,9,352,1,377,274,0,274,651
10/22/2021,MLB,FL,ASO,ES,Federal Contract Tower,15,4,87,0,106,0,2,228,0,230,15,6,315,0,336,245,0,245,581
10/23/2021,MLB,FL,ASO,ES,Federal Contract Tower,12,2,71,0,85,0,2,167,0,169,12,4,238,0,254,159,0,159,413
10/24/2021,MLB,FL,ASO,ES,Federal Contract Tower,14,1,38,0,53,0,2,43,0,45,14,3,81,0,98,115,0,115,213
10/25/2021,MLB,FL,ASO,ES,Federal Contract Tower,15,5,48,0,68,0,4,62,2,68,15,9,110,2,136,76,14,90,226
10/26/2021,MLB,FL,ASO,ES,Federal Contract Tower,13,4,86,0,103,0,2,126,0,128,13,6,212,0,231,134,0,134,365
10/27/2021,MLB,FL,ASO,ES,Federal Contract Tower,11,5,92,0,108,0,3,314,0,317,11,8,406,0,425,261,0,261,686
10/28/2021,MLB,FL,ASO,ES,Federal Contract Tower,18,9,49,0,76,0,0,67,0,67,18,9,116,0,143,76,0,76,219
10/29/2021,MLB,FL,ASO,ES,Federal Contract Tower,17,10,56,15,98,0,3,113,1,117,17,13,169,16,215,136,2,138,353
10/30/2021,MLB,FL,ASO,ES,Federal Contract Tower,13,5,84,0,102,0,5,131,0,136,13,10,215,0,238,122,0,122,360
10/31/2021,MLB,FL,ASO,ES,Federal Contract Tower,12,0,43,0,55,0,4,84,0,88,12,4,127,0,143,45,0,45,188
11/01/2021,MLB,FL,ASO,ES,Federal Contract Tower,15,1,116,0,132,0,4,241,0,245,15,5,357,0,377,212,0,212,589
11/02/2021,MLB,FL,ASO,ES,Federal Contract Tower,8,10,85,0,103,0,5,232,0,237,8,15,317,0,340,228,0,228,568
11/03/2021,MLB,FL,ASO,ES,Federal Contract Tower,13,8,124,0,145,0,3,267,0,270,13,11,391,0,415,296,0,296,711
11/04/2021,MLB,FL,ASO,ES,Federal Contract Tower,12,5,92,12,121,0,3,197,0,200,12,8,289,12,321,212,0,212,533
11/05/2021,MLB,FL,ASO,ES,Federal Contract Tower,15,3,33,0,51,0,0,3,0,3,15,3,36,0,54,10,0,10,64
11/06/2021,MLB,FL,ASO,ES,Federal Contract Tower,10,2,35,0,47,0,3,27,0,30,10,5,62,0,77,31,0,31,108
11/07/2021,MLB,FL,ASO,ES,Federal Contract Tower,20,1,57,0,78,0,8,80,0,88,20,9,137,0,166,31,0,31,197
11/08/2021,MLB,FL,ASO,ES,Federal Contract Tower,17,2,80,0,99,0,2,173,0,175,17,4,253,0,274,88,0,88,362
11/09/2021,MLB,FL,ASO,ES,Federal Contract Tower,13,1,105,4,123,0,4,245,0,249,13,5,350,4,372,254,0,254,626
11/10/2021,MLB,FL,ASO,ES,Federal Contract Tower,16,1,101,1,119,0,2,51,0,53,16,3,152,1,172,58,0,58,230
11/11/2021,MLB,FL,ASO,ES,Federal Contract Tower,21,3,95,0,119,0,1,185,0,186,21,4,280,0,305,157,0,157,462
11/12/2021,MLB,FL,ASO,ES,Federal Contract Tower,28,3,97,10,138,0,8,157,0,165,28,11,254,10,303,265,0,265,568
11/13/2021,MLB,FL,ASO,ES,Federal Contract Tower,10,5,61,0,76,0,0,149,0,149,10,5,210,0,225,232,0,232,457
11/14/2021,MLB,FL,ASO,ES,Federal Contract Tower,18,4,55,0,77,0,7,139,0,146,18,11,194,0,223,56,0,56,279
11/15/2021,MLB,FL,ASO,ES,Federal Contract Tower,17,8,77,0,102,0,0,226,0,226,17,8,303,0,328,224,0,224,552
11/16/2021,MLB,FL,ASO,ES,Federal Contract Tower,12,6,113,0,131,0,3,254,0,257,12,9,367,0,388,238,0,238,626
11/17/2021,MLB,FL,ASO,ES,Federal Contract Tower,19,6,88,8,121,0,3,244,0,247,19,9,332,8,368,316,0,316,684
11/18/2021,MLB,FL,ASO,ES,Federal Contract Tower,23,7,89,1,120,0,0,164,0,164,23,7,253,1,284,271,0,271,555
11/19/2021,MLB,FL,ASO,ES,Federal Contract Tower,19,14,93,1,127,0,1,148,2,151,19,15,241,3,278,100,0,100,378
11/20/2021,MLB,FL,ASO,ES,Federal Contract Tower,11,6,55,0,72,0,0,37,0,37,11,6,92,0,109,0,0,0,109
11/21/2021,MLB,FL,ASO,ES,Federal Contract Tower,20,8,45,0,73,0,0,58,0,58,20,8,103,0,131,95,0,95,226
11/22/2021,MLB,FL,ASO,ES,Federal Contract Tower,19,11,74,1,105,0,0,77,0,77,19,11,151,1,182,94,0,94,276
11/23/2021,MLB,FL,ASO,ES,Federal Contract Tower,32,5,61,0,98,0,4,123,0,127,32,9,184,0,225,70,0,70,295
11/24/2021,MLB,FL,ASO,ES,Federal Contract Tower,19,5,77,0,101,0,1,172,0,173,19,6,249,0,274,172,0,172,446
11/25/2021,MLB,FL,ASO,ES,Federal Contract Tower,6,33,23,0,62,0,4,49,0,53,6,37,72,0,115,78,0,78,193
11/26/2021,MLB,FL,ASO,ES,Federal Contract Tower,22,3,44,0,69,0,3,95,0,98,22,6,139,0,167,67,0,67,234
11/27/2021,MLB,FL,ASO,ES,Federal Contract Tower,15,4,70,0,89,0,0,168,0,168,15,4,238,0,257,134,0,134,391
11/28/2021,MLB,FL,ASO,ES,Federal Contract Tower,24,6,62,0,92,0,2,153,0,155,24,8,215,0,247,94,0,94,341
11/29/2021,MLB,FL,ASO,ES,Federal Contract Tower,13,5,55,0,73,0,2,204,0,206,13,7,259,0,279,182,0,182,461
11/30/2021,MLB,FL,ASO,ES,Federal Contract Tower,14,3,72,0,89,0,4,245,0,249,14,7,317,0,338,285,0,285,623
12/01/2021,MLB,FL,ASO,ES,Federal Contract Tower,12,2,86,3,103,0,5,236,0,241,12,7,322,3,344,288,0,288,632
12/02/2021,MLB,FL,ASO,ES,Federal Contract Tower,19,3,104,1,127,0,2,235,0,237,19,5,339,1,364,258,0,258,622
12/03/2021,MLB,FL,ASO,ES,Federal Contract Tower,17,10,90,0,117,0,2,260,0,262,17,12,350,0,379,232,0,232,611
12/04/2021,MLB,FL,ASO,ES,Federal Contract Tower,14,11,36,0,61,0,1,140,0,141,14,12,176,0,202,112,2,114,316
12/05/2021,MLB,FL,ASO,ES,Federal Contract Tower,27,3,56,0,86,0,3,163,0,166,27,6,219,0,252,105,0,105,357
12/06/2021,MLB,FL,ASO,ES,Federal Contract Tower,12,7,80,0,99,0,4,171,0,175,12,11,251,0,274,256,0,256,530
12/07/2021,MLB,FL,ASO,ES,Federal Contract Tower,18,7,114,0,139,0,0,111,0,111,18,7,225,0,250,80,0,80,330
12/08/2021,MLB,FL,ASO,ES,Federal Contract Tower,13,9,85,0,107,0,4,187,0,191,13,13,272,0,298,242,0,242,540
12/09/2021,MLB,FL,ASO,ES,Federal Contract Tower,21,11,106,0,138,0,4,198,0,202,21,15,304,0,340,257,2,259,599
12/10/2021,MLB,FL,ASO,ES,Federal Contract Tower,18,16,100,0,134,0,2,184,0,186,18,18,284,0,320,196,0,196,516
12/11/2021,MLB,FL,ASO,ES,Federal Contract Tower,14,3,85,0,102,0,7,204,0,211,14,10,289,0,313,216,0,216,529
12/12/2021,MLB,FL,ASO,ES,Federal Contract Tower,20,8,47,0,75,0,2,105,0,107,20,10,152,0,182,155,0,155,337
12/13/2021,MLB,FL,ASO,ES,Federal Contract Tower,15,2,100,0,117,0,2,198,0,200,15,4,298,0,317,184,0,184,501
12/14/2021,MLB,FL,ASO,ES,Federal Contract Tower,10,4,59,0,73,0,2,72,0,74,10,6,131,0,147,98,0,98,245
12/15/2021,MLB,FL,ASO,ES,Federal Contract Tower,13,6,75,0,94,0,9,78,0,87,13,15,153,0,181,138,8,146,327
12/16/2021,MLB,FL,ASO,ES,Federal Contract Tower,22,13,149,0,184,0,3,233,0,236,22,16,382,0,420,241,0,241,661
12/17/2021,MLB,FL,ASO,ES,Federal Contract Tower,20,4,99,0,123,0,7,244,3,254,20,11,343,3,377,144,0,144,521
12/18/2021,MLB,FL,ASO,ES,Federal Contract Tower,20,7,72,0,99,0,2,138,0,140,20,9,210,0,239,139,0,139,378
12/19/2021,MLB,FL,ASO,ES,Federal Contract Tower,17,3,36,0,56,0,1,47,0,48,17,4,83,0,104,40,0,40,144
12/20/2021,MLB,FL,ASO,ES,Federal Contract Tower,18,4,34,6,62,0,0,23,0,23,18,4,57,6,85,6,0,6,91
12/21/2021,MLB,FL,ASO,ES,Federal Contract Tower,20,5,28,0,53,0,0,3,0,3,20,5,31,0,56,2,0,2,58
12/22/2021,MLB,FL,ASO,ES,Federal Contract Tower,20,6,66,1,93,0,2,89,0,91,20,8,155,1,184,92,0,92,276
12/23/2021,MLB,FL,ASO,ES,Federal Contract Tower,21,1,37,0,59,0,5,146,0,151,21,6,183,0,210,171,0,171,381
12/24/2021,MLB,FL,ASO,ES,Federal Contract Tower,14,1,15,0,30,0,3,75,0,78,14,4,90,0,108,8,0,8,116
12/25/2021,MLB,FL,ASO,ES,Federal Contract Tower,14,5,3,0,22,0,2,18,0,20,14,7,21,0,42,4,0,4,46
12/26/2021,MLB,FL,ASO,ES,Federal Contract Tower,21,6,25,0,52,0,2,109,0,111,21,8,134,0,163,0,0,0,163
12/27/2021,MLB,FL,ASO,ES,Federal Contract Tower,19,8,47,0,74,0,4,85,0,89,19,12,132,0,163,145,0,145,308
12/28/2021,MLB,FL,ASO,ES,Federal Contract Tower,16,5,73,0,94,0,4,86,0,90,16,9,159,0,184,72,0,72,256
12/29/2021,MLB,FL,ASO,ES,Federal Contract Tower,18,7,25,0,50,0,4,80,0,84,18,11,105,0,134,86,0,86,220
12/30/2021,MLB,FL,ASO,ES,Federal Contract Tower,22,10,41,0,73,0,0,103,0,103,22,10,144,0,176,47,0,47,223
12/31/2021,MLB,FL,ASO,ES,Federal Contract Tower,14,3,31,0,48,0,5,74,0,79,14,8,105,0,127,46,0,46,173
01/01/2022,MLB,FL,ASO,ES,Federal Contract Tower,17,5,29,0,51,0,5,73,0,78,17,10,102,0,129,30,0,30,159
01/02/2022,MLB,FL,ASO,ES,Federal Contract Tower,16,5,39,0,60,0,2,67,0,69,16,7,106,0,129,28,0,28,157
01/03/2022,MLB,FL,ASO,ES,Federal Contract Tower,12,8,39,0,59,0,1,50,0,51,12,9,89,0,110,44,0,44,154
01/04/2022,MLB,FL,ASO,ES,Federal Contract Tower,10,5,34,0,49,0,3,132,0,135,10,8,166,0,184,134,0,134,318
01/05/2022,MLB,FL,ASO,ES,Federal Contract Tower,15,6,69,2,92,0,3,156,0,159,15,9,225,2,251,11,0,11,262
01/06/2022,MLB,FL,ASO,ES,Federal Contract Tower,20,1,75,8,104,0,4,166,0,170,20,5,241,8,274,8,2,10,284
01/07/2022,MLB,FL,ASO,ES,Federal Contract Tower,15,2,71,2,90,0,1,114,2,117,15,3,185,4,207,6,0,6,213
01/08/2022,MLB,FL,ASO,ES,Federal Contract Tower,14,1,77,0,92,0,2,133,0,135,14,3,210,0,227,65,0,65,292
01/09/2022,MLB,FL,ASO,ES,Federal Contract Tower,25,6,51,1,83,0,2,73,0,75,25,8,124,1,158,42,0,42,200
01/10/2022,MLB,FL,ASO,ES,Federal Contract Tower,15,2,43,0,60,0,0,66,0,66,15,2,109,0,126,24,0,24,150
01/11/2022,MLB,FL,ASO,ES,Federal Contract Tower,8,6,57,0,71,0,4,128,0,132,8,10,185,0,203,68,1,69,272
01/12/2022,MLB,FL,ASO,ES,Federal Contract Tower,9,20,68,0,97,0,3,145,0,148,9,23,213,0,245,218,0,218,463
01/13/2022,MLB,FL,ASO,ES,Federal Contract Tower,21,6,64,0,91,0,2,201,1,204,21,8,265,1,295,139,0,139,434
01/14/2022,MLB,FL,ASO,ES,Federal Contract Tower,13,6,79,1,99,0,3,166,0,169,13,9,245,1,268,106,0,106,374
01/15/2022,MLB,FL,ASO,ES,Federal Contract Tower,13,6,58,0,77,0,3,196,0,199,13,9,254,0,276,119,1,120,396
01/16/2022,MLB,FL,ASO,ES,Federal Contract Tower,10,5,13,0,28,0,0,0,0,0,10,5,13,0,28,0,0,0,28
01/17/2022,MLB,FL,ASO,ES,Federal Contract Tower,14,6,61,0,81,0,3,103,0,106,14,9,164,0,187,108,0,108,295
01/18/2022,MLB,FL,ASO,ES,Federal Contract Tower,15,4,87,0,106,0,2,196,0,198,15,6,283,0,304,200,0,200,504
01/19/2022,MLB,FL,ASO,ES,Federal Contract Tower,14,10,56,0,80,0,1,176,0,177,14,11,232,0,257,181,0,181,438
01/20/2022,MLB,FL,ASO,ES,Federal Contract Tower,20,8,107,1,136,0,6,189,2,197,20,14,296,3,333,205,0,205,538
01/21/2022,MLB,FL,ASO,ES,Federal Contract Tower,24,5,87,5,121,0,4,187,0,191,24,9,274,5,312,238,0,238,550
01/22/2022,MLB,FL,ASO,ES,Federal Contract Tower,11,9,48,0,68,0,0,0,0,0,11,9,48,0,68,0,0,0,68
01/23/2022,MLB,FL,ASO,ES,Federal Contract Tower,24,8,40,0,72,0,2,49,0,51,24,10,89,0,123,56,0,56,179
01/24/2022,MLB,FL,ASO,ES,Federal Contract Tower,9,1,98,2,110,0,3,273,0,276,9,4,371,2,386,266,0,266,652
01/25/2022,MLB,FL,ASO,ES,Federal Contract Tower,11,6,87,1,105,0,3,144,0,147,11,9,231,1,252,162,0,162,414
01/26/2022,MLB,FL,ASO,ES,Federal Contract Tower,12,10,56,0,78,0,0,3,0,3,12,10,59,0,81,0,0,0,81
01/27/2022,MLB,FL,ASO,ES,Federal Contract Tower,25,4,97,0,126,0,0,79,0,79,25,4,176,0,205,33,0,33,238
01/28/2022,MLB,FL,ASO,ES,Federal Contract Tower,19,2,71,1,93,0,1,39,0,40,19,3,110,1,133,42,4,46,179
01/29/2022,MLB,FL,ASO,ES,Federal Contract Tower,5,6,41,1,53,0,2,84,2,88,5,8,125,3,141,26,0,26,167
01/30/2022,MLB,FL,ASO,ES,Federal Contract Tower,19,5,62,0,86,0,2,177,2,181,19,7,239,2,267,100,2,102,369
01/31/2022,MLB,FL,ASO,ES,Federal Contract Tower,11,2,73,0,86,0,5,249,0,254,11,7,322,0,340,259,0,259,599
02/01/2022,MLB,FL,ASO,ES,Federal Contract Tower,14,6,102,0,122,0,3,250,0,253,14,9,352,0,375,228,0,228,603
02/02/2022,MLB,FL,ASO,ES,Federal Contract Tower,13,0,75,0,88,0,2,227,0,229,13,2,302,0,317,127,0,127,444
02/03/2022,MLB,FL,ASO,ES,Federal Contract Tower,21,5,80,2,108,0,8,161,0,169,21,13,241,2,277,176,0,176,453
02/04/2022,MLB,FL,ASO,ES,Federal Contract Tower,14,1,93,0,108,0,2,236,0,238,14,3,329,0,346,231,0,231,577
02/05/2022,MLB,FL,ASO,ES,Federal Contract Tower,10,4,80,31,125,0,0,6,0,6,10,4,86,31,131,1,0,1,132
02/06/2022,MLB,FL,ASO,ES,Federal Contract Tower,25,1,92,0,118,0,4,18,0,22,25,5,110,0,140,8,0,8,148
02/07/2022,MLB,FL,ASO,ES,Federal Contract Tower,16,0,66,10,92,0,0,66,0,66,16,0,132,10,158,64,18,82,240
02/08/2022,MLB,FL,ASO,ES,Federal Contract Tower,13,3,62,0,78,0,1,107,0,108,13,4,169,0,186,112,0,112,298
02/09/2022,MLB,FL,ASO,ES,Federal Contract Tower,19,6,97,4,126,0,1,195,0,196,19,7,292,4,322,150,0,150,472
02/10/2022,MLB,FL,ASO,ES,Federal Contract Tower,24,9,89,0,122,0,3,288,0,291,24,12,377,0,413,213,0,213,626
02/11/2022,MLB,FL,ASO,ES,Federal Contract Tower,15,9,67,2,93,0,4,210,4,218,15,13,277,6,311,240,0,240,551
02/12/2022,MLB,FL,ASO,ES,Federal Contract Tower,17,6,45,0,68,0,2,191,0,193,17,8,236,0,261,172,0,172,433
02/13/2022,MLB,FL,ASO,ES,Federal Contract Tower,21,2,39,0,62,0,0,23,0,23,21,2,62,0,85,16,0,16,101
02/14/2022,MLB,FL,ASO,ES,Federal Contract Tower,14,4,51,0,69,0,5,116,1,122,14,9,167,1,191,24,0,24,215
02/15/2022,MLB,FL,ASO,ES,Federal Contract Tower,10,7,78,0,95,0,3,191,0,194,10,10,269,0,289,303,0,303,592
02/16/2022,MLB,FL,ASO,ES,Federal Contract Tower,23,5,96,0,124,0,2,113,0,115,23,7,209,0,239,53,0,53,292
02/17/2022,MLB,FL,ASO,ES,Federal Contract Tower,23,2,91,0,116,0,1,123,1,125,23,3,214,1,241,83,13,96,337
02/18/2022,MLB,FL,ASO,ES,Federal Contract Tower,21,3,71,1,96,0,4,131,0,135,21,7,202,1,231,172,0,172,403
02/19/2022,MLB,FL,ASO,ES,Federal Contract Tower,20,7,57,0,84,0,2,39,0,41,20,9,96,0,125,50,0,50,175
02/20/2022,MLB,FL,ASO,ES,Federal Contract Tower,18,6,65,0,89,0,4,115,0,119,18,10,180,0,208,84,0,84,292
02/21/2022,MLB,FL,ASO,ES,Federal Contract Tower,19,6,95,0,120,0,0,295,0,295,19,6,390,0,415,228,0,228,643
02/22/2022,MLB,FL,ASO,ES,Federal Contract Tower,11,2,95,1,109,0,1,186,0,187,11,3,281,1,296,302,0,302,598
02/23/2022,MLB,FL,ASO,ES,Federal Contract Tower,13,3,96,7,119,0,7,246,0,253,13,10,342,7,372,220,0,220,592
02/24/2022,MLB,FL,ASO,ES,Federal Contract Tower,16,7,107,6,136,0,5,221,0,226,16,12,328,6,362,222,0,222,584
02/25/2022,MLB,FL,ASO,ES,Federal Contract Tower,13,6,76,31,126,0,1,243,6,250,13,7,319,37,376,271,6,277,653
02/26/2022,MLB,FL,ASO,ES,Federal Contract Tower,15,3,66,2,86,0,0,201,0,201,15,3,267,2,287,176,0,176,463
02/27/2022,MLB,FL,ASO,ES,Federal Contract Tower,19,2,63,0,84,0,2,138,1,141,19,4,201,1,225,148,4,152,377
02/28/2022,MLB,FL,ASO,ES,Federal Contract Tower,14,4,66,10,94,0,0,159,0,159,14,4,225,10,253,262,0,262,515
03/01/2022,MLB,FL,ASO,ES,Federal Contract Tower,11,10,84,0,105,0,2,114,0,116,11,12,198,0,221,108,0,108,329
03/02/2022,MLB,FL,ASO,ES,Federal Contract Tower,22,6,112,2,142,0,5,234,0,239,22,11,346,2,381,214,0,214,595
03/03/2022,MLB,FL,ASO,ES,Federal Contract Tower,17,9,92,1,119,0,2,253,0,255,17,11,345,1,374,261,0,261,635
03/04/2022,MLB,FL,ASO,ES,Federal Contract Tower,15,4,83,4,106,0,0,212,2,214,15,4,295,6,320,193,2,195,515
03/05/2022,MLB,FL,ASO,ES,Federal Contract Tower,18,8,72,0,98,0,0,135,2,137,18,8,207,2,235,128,0,128,363
03/06/2022,MLB,FL,ASO,ES,Federal Contract Tower,22,3,79,0,104,0,4,80,0,84,22,7,159,0,188,70,8,78,266
03/07/2022,MLB,FL,ASO,ES,Federal Contract Tower,12,4,78,2,96,0,0,120,1,121,12,4,198,3,217,74,0,74,291
03/08/2022,MLB,FL,ASO,ES,Federal Contract Tower,14,3,77,0,94,0,1,75,0,76,14,4,152,0,170,79,0,79,249
03/09/2022,MLB,FL,ASO,ES,Federal Contract Tower,16,1,35,0,52,0,0,66,0,66,16,1,101,0,118,52,22,74,192
03/10/2022,MLB,FL,ASO,ES,Federal Contract Tower,13,3,79,0,95,0,2,16,1,19,13,5,95,1,114,0,0,0,114
03/11/2022,MLB,FL,ASO,ES,Federal Contract Tower,9,3,40,0,52,0,1,141,0,142,9,4,181,0,194,118,0,118,312
03/12/2022,MLB,FL,ASO,ES,Federal Contract Tower,26,3,28,0,57,0,2,13,0,15,26,5,41,0,72,0,0,0,72
03/13/2022,MLB,FL,ASO,ES,Federal Contract Tower,19,13,58,0,90,0,3,86,0,89,19,16,144,0,179,73,0,73,252
03/14/2022,MLB,FL,ASO,ES,Federal Contract Tower,11,7,73,0,91,0,4,171,2,177,11,11,244,2,268,278,0,278,546
03/15/2022,MLB,FL,ASO,ES,Federal Contract Tower,14,10,135,0,159,0,3,130,2,135,14,13,265,2,294,202,0,202,496
03/16/2022,MLB,FL,ASO,ES,Federal Contract Tower,10,4,69,0,83,0,1,53,0,54,10,5,122,0,137,16,0,16,153
03/17/2022,MLB,FL,ASO,ES,Federal Contract Tower,13,2,110,0,125,0,0,222,0,222,13,2,332,0,347,274,0,274,621
03/18/2022,MLB,FL,ASO,ES,Federal Contract Tower,11,8,82,0,101,0,0,108,6,114,11,8,190,6,215,86,13,99,314
03/19/2022,MLB,FL,ASO,ES,Federal Contract Tower,21,5,95,0,121,0,2,142,3,147,21,7,237,3,268,127,2,129,397
03/20/2022,MLB,FL,ASO,ES,Federal Contract Tower,23,4,51,0,78,0,0,90,0,90,23,4,141,0,168,132,0,132,300
03/21/2022,MLB,FL,ASO,ES,Federal Contract Tower,12,1,109,0,122,0,5,188,0,193,12,6,297,0,315,163,0,163,478
03/22/2022,MLB,FL,ASO,ES,Federal Contract Tower,16,0,81,1,98,0,4,134,2,140,16,4,215,3,238,146,0,146,384
03/23/2022,MLB,FL,ASO,ES,Federal Contract Tower,11,3,48,0,62,0,4,118,0,122,11,7,166,0,184,180,0,180,364
03/24/2022,MLB,FL,ASO,ES,Federal Contract Tower,13,2,56,0,71,0,0,54,0,54,13,2,110,0,125,28,0,28,153
03/25/2022,MLB,FL,ASO,ES,Federal Contract Tower,15,6,158,1,180,0,3,259,0,262,15,9,417,1,442,189,0,189,631
03/26/2022,MLB,FL,ASO,ES,Federal Contract Tower,22,5,68,0,95,0,5,183,0,188,22,10,251,0,283,0,0,0,283
03/27/2022,MLB,FL,ASO,ES,Federal Contract Tower,21,6,71,0,98,0,2,151,0,153,21,8,222,0,251,90,0,90,341
03/28/2022,MLB,FL,ASO,ES,Federal Contract Tower,15,1,93,2,111,0,0,293,0,293,15,1,386,2,404,290,0,290,694
03/29/2022,MLB,FL,ASO,ES,Federal Contract Tower,14,4,151,43,212,0,5,299,0,304,14,9,450,43,516,338,2,340,856
03/30/2022,MLB,FL,ASO,ES,Federal Contract Tower,26,1,89,11,127,0,0,156,0,156,26,1,245,11,283,78,0,78,361
03/31/2022,MLB,FL,ASO,ES,Federal Contract Tower,20,5,51,10,86,0,0,49,0,49,20,5,100,10,135,10,0,10,145
04/01/2022,MLB,FL,ASO,ES,Federal Contract Tower,20,6,32,13,71,0,0,20,0,20,20,6,52,13,91,31,0,31,122
04/02/2022,MLB,FL,ASO,ES,Federal Contract Tower,14,6,57,0,77,0,2,22,0,24,14,8,79,0,101,19,0,19,120
04/03/2022,MLB,FL,ASO,ES,Federal Contract Tower,21,11,38,1,71,0,6,74,0,80,21,17,112,1,151,54,0,54,205
04/04/2022,MLB,FL,ASO,ES,Federal Contract Tower,17,0,109,0,126,0,5,253,1,259,17,5,362,1,385,426,0,426,811
04/05/2022,MLB,FL,ASO,ES,Federal Contract Tower,25,6,69,0,100,0,0,125,0,125,25,6,194,0,225,54,0,54,279
04/06/2022,MLB,FL,ASO,ES,Federal Contract Tower,19,2,75,0,96,1,2,201,0,204,20,4,276,0,300,65,0,65,365
04/07/2022,MLB,FL,ASO,ES,Federal Contract Tower,19,5,75,0,99,0,2,46,0,48,19,7,121,0,147,58,0,58,205
04/08/2022,MLB,FL,ASO,ES,Federal Contract Tower,21,2,72,0,95,0,3,282,1,286,21,5,354,1,381,101,1,102,483
04/09/2022,MLB,FL,ASO,ES,Federal Contract Tower,20,1,52,1,74,0,0,152,1,153,20,1,204,2,227,65,0,65,292
04/10/2022,MLB,FL,ASO,ES,Federal Contract Tower,21,1,73,1,96,0,0,183,1,184,21,1,256,2,280,58,0,58,338
04/11/2022,MLB,FL,ASO,ES,Federal Contract Tower,19,3,146,0,168,0,1,264,0,265,19,4,410,0,433,298,0,298,731
04/12/2022,MLB,FL,ASO,ES,Federal Contract Tower,11,2,151,0,164,0,1,187,0,188,11,3,338,0,352,276,0,276,628
04/13/2022,MLB,FL,ASO,ES,Federal Contract Tower,20,3,120,0,143,0,1,182,0,183,20,4,302,0,326,104,0,104,430
04/14/2022,MLB,FL,ASO,ES,Federal Contract Tower,21,10,87,0,118,0,0,211,0,211,21,10,298,0,329,208,6,214,543
04/15/2022,MLB,FL,ASO,ES,Federal Contract Tower,21,2,82,0,105,0,5,143,0,148,21,7,225,0,253,146,0,146,399
04/16/2022,MLB,FL,ASO,ES,Federal Contract Tower,23,6,64,0,93,0,3,185,0,188,23,9,249,0,281,179,0,179,460
04/17/2022,MLB,FL,ASO,ES,Federal Contract Tower,22,2,36,0,60,0,0,111,0,111,22,2,147,0,171,70,0,70,241
04/18/2022,MLB,FL,ASO,ES,Federal Contract Tower,21,8,100,0,129,0,2,197,1,200,21,10,297,1,329,279,0,279,608
04/19/2022,MLB,FL,ASO,ES,Federal Contract Tower,14,5,61,0,80,0,1,118,0,119,14,6,179,0,199,96,0,96,295
04/20/2022,MLB,FL,ASO,ES,Federal Contract Tower,10,5,80,0,95,0,0,118,0,118,10,5,198,0,213,52,0,52,265
04/21/2022,MLB,FL,ASO,ES,Federal Contract Tower,22,4,106,0,132,0,2,129,1,132,22,6,235,1,264,114,2,116,380
04/22/2022,MLB,FL,ASO,ES,Federal Contract Tower,20,12,68,0,100,0,1,124,0,125,20,13,192,0,225,112,0,112,337
04/23/2022,MLB,FL,ASO,ES,Federal Contract Tower,23,1,73,0,97,0,3,118,0,121,23,4,191,0,218,78,0,78,296
04/24/2022,MLB,FL,ASO,ES,Federal Contract Tower,17,3,47,0,67,0,0,103,0,103,17,3,150,0,170,77,0,77,247
04/25/2022,MLB,FL,ASO,ES,Federal Contract Tower,17,6,109,0,132,0,0,278,0,278,17,6,387,0,410,332,0,332,742
04/26/2022,MLB,FL,ASO,ES,Federal Contract Tower,17,0,128,3,148,0,2,280,0,282,17,2,408,3,430,344,0,344,774
04/27/2022,MLB,FL,ASO,ES,Federal Contract Tower,18,5,92,0,115,0,1,234,1,236,18,6,326,1,351,262,0,262,613
04/28/2022,MLB,FL,ASO,ES,Federal Contract Tower,20,6,98,0,124,0,1,139,0,140,20,7,237,0,264,177,0,177,441
04/29/2022,MLB,FL,ASO,ES,Federal Contract Tower,16,6,95,21,138,0,2,157,5,164,16,8,252,26,302,107,0,107,409
04/30/2022,MLB,FL,ASO,ES,Federal Contract Tower,23,7,91,0,121,0,3,125,0,128,23,10,216,0,249,171,0,171,420
05/01/2022,MLB,FL,ASO,ES,Federal Contract Tower,23,3,89,0,115,0,2,115,0,117,23,5,204,0,232,102,0,102,334
05/02/2022,MLB,FL,ASO,ES,Federal Contract Tower,22,2,122,0,146,0,1,209,0,210,22,3,331,0,356,317,0,317,673
05/03/2022,MLB,FL,ASO,ES,Federal Contract Tower,14,4,115,1,134,0,1,192,0,193,14,5,307,1,327,298,0,298,625
05/04/2022,MLB,FL,ASO,ES,Federal Contract Tower,18,5,131,0,154,0,0,221,6,227,18,5,352,6,381,204,0,204,585
05/05/2022,MLB,FL,ASO,ES,Federal Contract Tower,16,3,111,0,130,0,0,253,4,257,16,3,364,4,387,228,0,228,615
05/06/2022,MLB,FL,ASO,ES,Federal Contract Tower,13,1,89,0,103,0,1,224,1,226,13,2,313,1,329,168,2,170,499
05/07/2022,MLB,FL,ASO,ES,Federal Contract Tower,28,3,35,1,67,0,2,37,1,40,28,5,72,2,107,25,0,25,132
05/08/2022,MLB,FL,ASO,ES,Federal Contract Tower,23,1,65,3,92,0,3,115,2,120,23,4,180,5,212,40,2,42,254
05/09/2022,MLB,FL,ASO,ES,Federal Contract Tower,13,1,99,0,113,0,5,168,0,173,13,6,267,0,286,135,0,135,421
05/10/2022,MLB,FL,ASO,ES,Federal Contract Tower,21,8,74,0,103,0,0,146,0,146,21,8,220,0,249,132,0,132,381
05/11/2022,MLB,FL,ASO,ES,Federal Contract Tower,19,0,33,0,52,0,0,98,1,99,19,0,131,1,151,78,0,78,229
05/12/2022,MLB,FL,ASO,ES,Federal Contract Tower,19,8,52,0,79,0,3,217,0,220,19,11,269,0,299,127,0,127,426
05/13/2022,MLB,FL,ASO,ES,Federal Contract Tower,16,2,93,0,111,0,4,242,0,246,16,6,335,0,357,244,2,246,603
05/14/2022,MLB,FL,ASO,ES,Federal Contract Tower,16,1,65,0,82,0,1,226,4,231,16,2,291,4,313,188,0,188,501
05/15/2022,MLB,FL,ASO,ES,Federal Contract Tower,14,4,71,0,89,0,1,140,2,143,14,5,211,2,232,70,0,70,302
05/16/2022,MLB,FL,ASO,ES,Federal Contract Tower,17,4,109,1,131,0,3,241,0,244,17,7,350,1,375,228,0,228,603
05/17/2022,MLB,FL,ASO,ES,Federal Contract Tower,18,1,136,0,155,0,3,328,0,331,18,4,464,0,486,292,0,292,778
05/18/2022,MLB,FL,ASO,ES,Federal Contract Tower,18,5,140,0,163,0,0,252,0,252,18,5,392,0,415,177,0,177,592
05/19/2022,MLB,FL,ASO,ES,Federal Contract Tower,20,5,113,3,141,0,2,284,0,286,20,7,397,3,427,123,6,129,556
05/20/2022,MLB,FL,ASO,ES,Federal Contract Tower,14,3,63,0,80,0,0,105,2,107,14,3,168,2,187,98,0,98,285
05/21/2022,MLB,FL,ASO,ES,Federal Contract Tower,18,4,57,0,79,0,5,78,0,83,18,9,135,0,162,113,0,113,275
05/22/2022,MLB,FL,ASO,ES,Federal Contract Tower,22,5,100,0,127,0,4,132,1,137,22,9,232,1,264,102,1,103,367
05/23/2022,MLB,FL,ASO,ES,Federal Contract Tower,14,14,110,0,138,0,0,184,3,187,14,14,294,3,325,148,0,148,473
05/24/2022,MLB,FL,ASO,ES,Federal Contract Tower,15,5,123,2,145,0,3,250,0,253,15,8,373,2,398,80,0,80,478
05/25/2022,MLB,FL,ASO,ES,Federal Contract Tower,23,2,103,0,128,0,4,276,0,280,23,6,379,0,408,114,0,114,522
05/26/2022,MLB,FL,ASO,ES,Federal Contract Tower,24,7,127,2,160,0,4,201,2,207,24,11,328,4,367,146,0,146,513
05/27/2022,MLB,FL,ASO,ES,Federal Contract Tower,17,7,49,4,77,0,0,160,0,160,17,7,209,4,237,119,8,127,364
05/28/2022,MLB,FL,ASO,ES,Federal Contract Tower,16,1,38,1,56,0,2,91,0,93,16,3,129,1,149,152,0,152,301
05/29/2022,MLB,FL,ASO,ES,Federal Contract Tower,17,0,44,0,61,0,2,120,3,125,17,2,164,3,186,68,3,71,257
05/30/2022,MLB,FL,ASO,ES,Federal Contract Tower,11,0,56,0,67,0,6,133,0,139,11,6,189,0,206,138,0,138,344
05/31/2022,MLB,FL,ASO,ES,Federal Contract Tower,20,3,86,1,110,0,5,270,0,275,20,8,356,1,385,332,0,332,717
06/01/2022,MLB,FL,ASO,ES,Federal Contract Tower,18,4,107,0,129,0,1,95,1,97,18,5,202,1,226,113,0,113,339
06/02/2022,MLB,FL,ASO,ES,Federal Contract Tower,19,4,116,0,139,0,1,275,0,276,19,5,391,0,415,226,0,226,641
06/03/2022,MLB,FL,ASO,ES,Federal Contract Tower,16,3,54,0,73,0,0,144,0,144,16,3,198,0,217,149,0,149,366
06/04/2022,MLB,FL,ASO,ES,Federal Contract Tower,24,0,11,0,35,0,0,2,0,2,24,0,13,0,37,0,0,0,37
06/05/2022,MLB,FL,ASO,ES,Federal Contract Tower,22,5,75,0,102,0,0,109,0,109,22,5,184,0,211,58,0,58,269
06/06/2022,MLB,FL,ASO,ES,Federal Contract Tower,15,2,90,0,107,0,1,129,0,130,15,3,219,0,237,206,0,206,443
06/07/2022,MLB,FL,ASO,ES,Federal Contract Tower,15,3,107,0,125,0,2,228,0,230,15,5,335,0,355,176,0,176,531
06/08/2022,MLB,FL,ASO,ES,Federal Contract Tower,19,1,79,0,99,0,0,144,0,144,19,1,223,0,243,92,0,92,335
06/09/2022,MLB,FL,ASO,ES,Federal Contract Tower,18,4,67,0,89,0,4,115,0,119,18,8,182,0,208,92,0,92,300
06/10/2022,MLB,FL,ASO,ES,Federal Contract Tower,14,7,75,1,97,0,0,157,0,157,14,7,232,1,254,147,0,147,401
06/11/2022,MLB,FL,ASO,ES,Federal Contract Tower,21,1,66,0,88,0,0,143,0,143,21,1,209,0,231,118,0,118,349
06/12/2022,MLB,FL,ASO,ES,Federal Contract Tower,16,2,73,0,91,0,2,118,0,120,16,4,191,0,211,82,0,82,293
06/13/2022,MLB,FL,ASO,ES,Federal Contract Tower,14,7,109,0,130,0,3,236,0,239,14,10,345,0,369,187,0,187,556
06/14/2022,MLB,FL,ASO,ES,Federal Contract Tower,16,8,93,2,119,0,1,193,0,194,16,9,286,2,313,198,0,198,511
06/15/2022,MLB,FL,ASO,ES,Federal Contract Tower,20,2,89,2,113,0,3,206,0,209,20,5,295,2,322,240,0,240,562
06/16/2022,MLB,FL,ASO,ES,Federal Contract Tower,16,5,102,0,123,0,3,237,0,240,16,8,339,0,363,196,0,196,559
06/17/2022,MLB,FL,ASO,ES,Federal Contract Tower,16,5,78,0,99,0,1,216,0,217,16,6,294,0,316,128,0,128,444
06/18/2022,MLB,FL,ASO,ES,Federal Contract Tower,21,3,57,0,81,0,5,131,1,137,21,8,188,1,218,72,14,86,304
06/19/2022,MLB,FL,ASO,ES,Federal Contract Tower,20,2,43,0,65,0,4,79,0,83,20,6,122,0,148,70,0,70,218
06/20/2022,MLB,FL,ASO,ES,Federal Contract Tower,17,3,104,0,124,0,0,170,1,171,17,3,274,1,295,224,0,224,519
06/21/2022,MLB,FL,ASO,ES,Federal Contract Tower,23,11,121,1,156,0,0,215,0,215,23,11,336,1,371,236,0,236,607
06/22/2022,MLB,FL,ASO,ES,Federal Contract Tower,23,2,87,0,112,0,0,274,0,274,23,2,361,0,386,203,0,203,589
06/23/2022,MLB,FL,ASO,ES,Federal Contract Tower,16,4,40,0,60,0,1,287,0,288,16,5,327,0,348,303,0,303,651
06/24/2022,MLB,FL,ASO,ES,Federal Contract Tower,10,1,60,0,71,0,0,161,0,161,10,1,221,0,232,126,0,126,358
06/25/2022,MLB,FL,ASO,ES,Federal Contract Tower,19,4,46,0,69,0,2,99,0,101,19,6,145,0,170,154,0,154,324
06/26/2022,MLB,FL,ASO,ES,Federal Contract Tower,16,0,39,0,55,0,1,37,0,38,16,1,76,0,93,64,0,64,157
06/27/2022,MLB,FL,ASO,ES,Federal Contract Tower,13,1,84,0,98,0,2,192,0,194,13,3,276,0,292,133,0,133,425
06/28/2022,MLB,FL,ASO,ES,Federal Contract Tower,13,4,87,0,104,0,0,233,0,233,13,4,320,0,337,142,0,142,479
06/29/2022,MLB,FL,ASO,ES,Federal Contract Tower,17,4,63,18,102,0,0,157,0,157,17,4,220,18,259,242,0,242,501
06/30/2022,MLB,FL,ASO,ES,Federal Contract Tower,15,5,74,0,94,0,0,154,2,156,15,5,228,2,250,131,0,131,381
07/01/2022,MLB,FL,ASO,ES,Federal Contract Tower,17,0,75,0,92,0,3,126,0,129,17,3,201,0,221,133,0,133,354
07/02/2022,MLB,FL,ASO,ES,Federal Contract Tower,13,5,51,0,69,0,0,150,0,150,13,5,201,0,219,157,0,157,376
07/03/2022,MLB,FL,ASO,ES,Federal Contract Tower,19,1,43,0,63,0,1,96,0,97,19,2,139,0,160,102,0,102,262
07/04/2022,MLB,FL,ASO,ES,Federal Contract Tower,16,1,34,0,51,0,2,74,0,76,16,3,108,0,127,4,0,4,131
07/05/2022,MLB,FL,ASO,ES,Federal Contract Tower,16,2,107,1,126,0,1,169,1,171,16,3,276,2,297,90,0,90,387
07/06/2022,MLB,FL,ASO,ES,Federal Contract Tower,21,0,47,0,68,0,3,79,0,82,21,3,126,0,150,30,0,30,180
07/07/2022,MLB,FL,ASO,ES,Federal Contract Tower,20,1,86,4,111,0,0,238,1,239,20,1,324,5,350,242,0,242,592
07/08/2022,MLB,FL,ASO,ES,Federal Contract Tower,17,5,58,0,80,0,0,236,10,246,17,5,294,10,326,207,0,207,533
07/09/2022,MLB,FL,ASO,ES,Federal Contract Tower,15,0,58,1,74,0,1,160,0,161,15,1,218,1,235,152,0,152,387
07/10/2022,MLB,FL,ASO,ES,Federal Contract Tower,19,2,40,0,61,0,0,92,0,92,19,2,132,0,153,74,0,74,227
07/11/2022,MLB,FL,ASO,ES,Federal Contract Tower,19,0,74,0,93,0,1,152,0,153,19,1,226,0,246,182,0,182,428
07/12/2022,MLB,FL,ASO,ES,Federal Contract Tower,17,0,87,0,104,0,0,254,0,254,17,0,341,0,358,356,0,356,714
07/13/2022,MLB,FL,ASO,ES,Federal Contract Tower,20,2,65,0,87,0,1,193,0,194,20,3,258,0,281,287,0,287,568
07/14/2022,MLB,FL,ASO,ES,Federal Contract Tower,19,1,62,0,82,0,2,225,2,229,19,3,287,2,311,177,0,177,488
07/15/2022,MLB,FL,ASO,ES,Federal Contract Tower,16,7,76,3,102,0,1,240,1,242,16,8,316,4,344,242,0,242,586
07/16/2022,MLB,FL,ASO,ES,Federal Contract Tower,20,1,65,0,86,0,0,101,0,101,20,1,166,0,187,110,0,110,297
07/17/2022,MLB,FL,ASO,ES,Federal Contract Tower,16,4,47,0,67,0,4,79,0,83,16,8,126,0,150,42,0,42,192
07/18/2022,MLB,FL,ASO,ES,Federal Contract Tower,17,11,81,1,110,0,4,144,7,155,17,15,225,8,265,75,0,75,340
07/19/2022,MLB,FL,ASO,ES,Federal Contract Tower,14,0,63,1,78,0,2,257,0,259,14,2,320,1,337,164,0,164,501
07/20/2022,MLB,FL,ASO,ES,Federal Contract Tower,19,3,90,2,114,0,0,225,2,227,19,3,315,4,341,174,0,174,515
07/21/2022,MLB,FL,ASO,ES,Federal Contract Tower,15,4,81,11,111,0,3,214,5,222,15,7,295,16,333,221,1,222,555
07/22/2022,MLB,FL,ASO,ES,Federal Contract Tower,16,0,61,2,79,0,0,170,0,170,16,0,231,2,249,235,0,235,484
07/23/2022,MLB,FL,ASO,ES,Federal Contract Tower,18,1,51,3,73,0,2,163,0,165,18,3,214,3,238,81,0,81,319
07/24/2022,MLB,FL,ASO,ES,Federal Contract Tower,17,1,38,1,57,0,2,112,0,114,17,3,150,1,171,84,0,84,255
07/25/2022,MLB,FL,ASO,ES,Federal Contract Tower,18,1,80,0,99,0,3,161,0,164,18,4,241,0,263,148,0,148,411
07/26/2022,MLB,FL,ASO,ES,Federal Contract Tower,18,4,39,0,61,0,1,77,1,79,18,5,116,1,140,100,0,100,240
07/27/2022,MLB,FL,ASO,ES,Federal Contract Tower,15,1,108,0,124,0,0,217,0,217,15,1,325,0,341,276,0,276,617
07/28/2022,MLB,FL,ASO,ES,Federal Contract Tower,14,5,89,3,111,0,1,244,1,246,14,6,333,4,357,265,0,265,622
07/29/2022,MLB,FL,ASO,ES,Federal Contract Tower,13,1,85,2,101,0,3,226,0,229,13,4,311,2,330,240,0,240,570
07/30/2022,MLB,FL,ASO,ES,Federal Contract Tower,18,3,50,0,71,0,3,160,0,163,18,6,210,0,234,190,0,190,424
07/31/2022,MLB,FL,ASO,ES,Federal Contract Tower,19,0,65,4,88,0,2,106,0,108,19,2,171,4,196,39,0,39,235
08/01/2022,MLB,FL,ASO,ES,Federal Contract Tower,17,2,77,2,98,0,5,163,2,170,17,7,240,4,268,186,0,186,454
08/02/2022,MLB,FL,ASO,ES,Federal Contract Tower,15,1,81,0,97,0,2,167,0,169,15,3,248,0,266,300,12,312,578
08/03/2022,MLB,FL,ASO,ES,Federal Contract Tower,14,3,90,0,107,0,2,274,0,276,14,5,364,0,383,204,0,204,587
08/04/2022,MLB,FL,ASO,ES,Federal Contract Tower,18,1,93,2,114,0,2,236,1,239,18,3,329,3,353,282,0,282,635
08/05/2022,MLB,FL,ASO,ES,Federal Contract Tower,11,1,94,3,109,0,2,185,0,187,11,3,279,3,296,208,0,208,504
08/06/2022,MLB,FL,ASO,ES,Federal Contract Tower,20,0,33,0,53,0,3,144,4,151,20,3,177,4,204,160,9,169,373
08/07/2022,MLB,FL,ASO,ES,Federal Contract Tower,20,0,51,0,71,0,2,92,0,94,20,2,143,0,165,68,0,68,233
08/08/2022,MLB,FL,ASO,ES,Federal Contract Tower,16,4,70,0,90,0,6,159,1,166,16,10,229,1,256,246,0,246,502
08/09/2022,MLB,FL,ASO,ES,Federal Contract Tower,15,0,59,0,74,0,1,192,0,193,15,1,251,0,267,128,0,128,395
08/10/2022,MLB,FL,ASO,ES,Federal Contract Tower,17,0,81,0,98,0,1,203,0,204,17,1,284,0,302,269,0,269,571
08/11/2022,MLB,FL,ASO,ES,Federal Contract Tower,16,1,86,0,103,0,1,179,0,180,16,2,265,0,283,260,0,260,543
08/12/2022,MLB,FL,ASO,ES,Federal Contract Tower,15,2,57,2,76,0,0,194,1,195,15,2,251,3,271,219,3,222,493
08/13/2022,MLB,FL,ASO,ES,Federal Contract Tower,20,4,38,0,62,0,2,125,0,127,20,6,163,0,189,124,0,124,313
08/14/2022,MLB,FL,ASO,ES,Federal Contract Tower,19,3,42,0,64,0,4,119,0,123,19,7,161,0,187,72,0,72,259
08/15/2022,MLB,FL,ASO,ES,Federal Contract Tower,12,3,52,0,67,0,5,174,0,179,12,8,226,0,246,137,0,137,383
08/16/2022,MLB,FL,ASO,ES,Federal Contract Tower,15,1,80,1,97,0,1,259,2,262,15,2,339,3,359,226,0,226,585
08/17/2022,MLB,FL,ASO,ES,Federal Contract Tower,16,2,86,0,104,0,3,147,0,150,16,5,233,0,254,197,0,197,451
08/18/2022,MLB,FL,ASO,ES,Federal Contract Tower,23,7,68,0,98,0,2,149,0,151,23,9,217,0,249,128,0,128,377
08/19/2022,MLB,FL,ASO,ES,Federal Contract Tower,17,7,71,0,95,0,2,168,0,170,17,9,239,0,265,136,0,136,401
08/20/2022,MLB,FL,ASO,ES,Federal Contract Tower,18,4,48,2,72,0,1,147,0,148,18,5,195,2,220,100,0,100,320
08/21/2022,MLB,FL,ASO,ES,Federal Contract Tower,18,0,59,0,77,0,4,72,2,78,18,4,131,2,155,54,0,54,209
08/22/2022,MLB,FL,ASO,ES,Federal Contract Tower,16,1,71,0,88,0,2,159,0,161,16,3,230,0,249,120,0,120,369
08/23/2022,MLB,FL,ASO,ES,Federal Contract Tower,15,0,91,0,106,0,1,198,0,199,15,1,289,0,305,258,0,258,563
08/24/2022,MLB,FL,ASO,ES,Federal Contract Tower,15,0,89,0,104,0,0,158,0,158,15,0,247,0,262,175,0,175,437
08/25/2022,MLB,FL,ASO,ES,Federal Contract Tower,17,8,82,0,107,0,2,163,0,165,17,10,245,0,272,122,0,122,394
08/26/2022,MLB,FL,ASO,ES,Federal Contract Tower,16,2,59,0,77,0,0,160,0,160,16,2,219,0,237,120,0,120,357
08/27/2022,MLB,FL,ASO,ES,Federal Contract Tower,16,9,44,1,70,0,2,121,0,123,16,11,165,1,193,92,0,92,285
08/28/2022,MLB,FL,ASO,ES,Federal Contract Tower,20,1,71,0,92,0,0,77,0,77,20,1,148,0,169,68,0,68,237
08/29/2022,MLB,FL,ASO,ES,Federal Contract Tower,16,8,103,1,128,0,5,174,0,179,16,13,277,1,307,196,0,196,503
08/30/2022,MLB,FL,ASO,ES,Federal Contract Tower,15,5,76,2,98,0,4,171,0,175,15,9,247,2,273,138,0,138,411
08/31/2022,MLB,FL,ASO,ES,Federal Contract Tower,18,0,90,0,108,0,0,210,0,210,18,0,300,0,318,223,0,223,541
09/01/2022,MLB,FL,ASO,ES,Federal Contract Tower,18,1,63,1,83,0,2,174,0,176,18,3,237,1,259,157,0,157,416
09/02/2022,MLB,FL,ASO,ES,Federal Contract Tower,18,3,67,0,88,0,4,223,0,227,18,7,290,0,315,4,0,4,319
09/03/2022,MLB,FL,ASO,ES,Federal Contract Tower,21,5,83,0,109,0,3,177,0,180,21,8,260,0,289,62,0,62,351
09/04/2022,MLB,FL,ASO,ES,Federal Contract Tower,18,5,51,0,74,0,2,121,0,123,18,7,172,0,197,34,0,34,231
09/05/2022,MLB,FL,ASO,ES,Federal Contract Tower,12,1,77,0,90,0,1,172,0,173,12,2,249,0,263,0,0,0,263
09/06/2022,MLB,FL,ASO,ES,Federal Contract Tower,11,2,95,0,108,0,2,226,0,228,11,4,321,0,336,185,0,185,521
09/07/2022,MLB,FL,ASO,ES,Federal Contract Tower,18,4,79,0,101,0,4,202,0,206,18,8,281,0,307,168,0,168,475
09/08/2022,MLB,FL,ASO,ES,Federal Contract Tower,19,4,65,0,88,0,2,205,0,207,19,6,270,0,295,134,0,134,429
09/09/2022,MLB,FL,ASO,ES,Federal Contract Tower,17,2,86,0,105,0,2,201,0,203,17,4,287,0,308,162,0,162,470
09/10/2022,MLB,FL,ASO,ES,Federal Contract Tower,14,4,60,0,78,0,0,155,0,155,14,4,215,0,233,91,0,91,324
09/11/2022,MLB,FL,ASO,ES,Federal Contract Tower,19,3,37,0,59,0,2,173,0,175,19,5,210,0,234,56,0,56,290
09/12/2022,MLB,FL,ASO,ES,Federal Contract Tower,19,4,51,0,74,0,0,158,0,158,19,4,209,0,232,158,0,158,390
09/13/2022,MLB,FL,ASO,ES,Federal Contract Tower,15,0,101,1,117,0,0,192,0,192,15,0,293,1,309,132,2,134,443
09/14/2022,MLB,FL,ASO,ES,Federal Contract Tower,19,2,68,0,89,0,0,183,0,183,19,2,251,0,272,196,0,196,468
09/15/2022,MLB,FL,ASO,ES,Federal Contract Tower,19,4,72,0,95,0,0,221,0,221,19,4,293,0,316,195,0,195,511
09/16/2022,MLB,FL,ASO,ES,Federal Contract Tower,16,0,41,8,65,0,2,178,0,180,16,2,219,8,245,120,0,120,365
09/17/2022,MLB,FL,ASO,ES,Federal Contract Tower,20,5,47,0,72,0,1,200,3,204,20,6,247,3,276,184,4,188,464
09/18/2022,MLB,FL,ASO,ES,Federal Contract Tower,16,4,52,0,72,0,2,95,0,97,16,6,147,0,169,26,0,26,195
09/19/2022,MLB,FL,ASO,ES,Federal Contract Tower,16,4,70,0,90,0,0,219,0,219,16,4,289,0,309,194,0,194,503
09/20/2022,MLB,FL,ASO,ES,Federal Contract Tower,15,2,74,0,91,0,2,226,0,228,15,4,300,0,319,210,0,210,529
09/21/2022,MLB,FL,ASO,ES,Federal Contract Tower,23,5,82,0,110,0,0,187,0,187,23,5,269,0,297,128,0,128,425
09/22/2022,MLB,FL,ASO,ES,Federal Contract Tower,22,19,148,0,189,0,0,273,1,274,22,19,421,1,463,153,0,153,616
09/23/2022,MLB,FL,ASO,ES,Federal Contract Tower,15,3,73,2,93,0,0,254,2,256,15,3,327,4,349,230,0,230,579
09/24/2022,MLB,FL,ASO,ES,Federal Contract Tower,14,0,74,0,88,0,2,194,0,196,14,2,268,0,284,121,0,121,405
09/25/2022,MLB,FL,ASO,ES,Federal Contract Tower,21,2,44,0,67,0,1,76,0,77,21,3,120,0,144,44,0,44,188
09/26/2022,MLB,FL,ASO,ES,Federal Contract Tower,16,4,85,0,105,0,2,177,0,179,16,6,262,0,284,172,0,172,456
09/27/2022,MLB,FL,ASO,ES,Federal Contract Tower,19,9,70,1,99,0,2,95,0,97,19,11,165,1,196,180,0,180,376
09/28/2022,MLB,FL,ASO,ES,Federal Contract Tower,3,0,0,0,3,0,0,0,0,0,3,0,0,0,3,0,0,0,3
09/29/2022,MLB,FL,ASO,ES,Federal Contract Tower,0,0,0,0,0,0,0,0,0,0,0,0,0,0,0,0,0,0,0
09/30/2022,MLB,FL,ASO,ES,Federal Contract Tower,8,1,57,0,66,0,0,121,0,121,8,1,178,0,187,135,0,135,322
10/01/2022,MLB,FL,ASO,ES,Federal Contract Tower,26,4,71,1,102,0,0,245,0,245,26,4,316,1,347,201,0,201,548
10/02/2022,MLB,FL,ASO,ES,Federal Contract Tower,21,5,36,0,62,0,2,161,0,163,21,7,197,0,225,74,0,74,299
10/03/2022,MLB,FL,ASO,ES,Federal Contract Tower,17,3,86,0,106,0,0,265,0,265,17,3,351,0,371,132,0,132,503
10/04/2022,MLB,FL,ASO,ES,Federal Contract Tower,19,2,73,4,98,0,1,205,0,206,19,3,278,4,304,189,0,189,493
10/05/2022,MLB,FL,ASO,ES,Federal Contract Tower,19,5,96,0,120,0,1,225,0,226,19,6,321,0,346,178,0,178,524
10/06/2022,MLB,FL,ASO,ES,Federal Contract Tower,18,1,116,3,138,0,0,323,0,323,18,1,439,3,461,364,0,364,825
10/07/2022,MLB,FL,ASO,ES,Federal Contract Tower,13,2,108,1,124,0,1,302,6,309,13,3,410,7,433,217,0,217,650
10/08/2022,MLB,FL,ASO,ES,Federal Contract Tower,17,2,60,0,79,0,3,243,0,246,17,5,303,0,325,160,0,160,485
10/09/2022,MLB,FL,ASO,ES,Federal Contract Tower,22,3,60,5,90,0,3,126,0,129,22,6,186,5,219,72,0,72,291
10/10/2022,MLB,FL,ASO,ES,Federal Contract Tower,17,4,77,0,98,0,4,89,0,93,17,8,166,0,191,81,0,81,272
10/11/2022,MLB,FL,ASO,ES,Federal Contract Tower,17,4,125,0,146,0,0,217,0,217,17,4,342,0,363,235,0,235,598
10/12/2022,MLB,FL,ASO,ES,Federal Contract Tower,14,0,3,120,137,0,1,235,0,236,14,1,238,120,373,200,0,200,573
10/13/2022,MLB,FL,ASO,ES,Federal Contract Tower,19,11,113,1,144,0,1,228,2,231,19,12,341,3,375,160,1,161,536
10/14/2022,MLB,FL,ASO,ES,Federal Contract Tower,22,7,73,1,103,0,7,241,0,248,22,14,314,1,351,214,0,214,565
10/15/2022,MLB,FL,ASO,ES,Federal Contract Tower,19,4,61,0,84,0,0,115,0,115,19,4,176,0,199,117,0,117,316
10/16/2022,MLB,FL,ASO,ES,Federal Contract Tower,19,1,58,2,80,0,0,96,2,98,19,1,154,4,178,38,0,38,216
10/17/2022,MLB,FL,ASO,ES,Federal Contract Tower,18,2,52,1,73,0,1,188,0,189,18,3,240,1,262,196,0,196,458
10/18/2022,MLB,FL,ASO,ES,Federal Contract Tower,19,1,86,2,108,0,2,120,0,122,19,3,206,2,230,146,0,146,376
10/19/2022,MLB,FL,ASO,ES,Federal Contract Tower,28,5,76,0,109,0,1,220,0,221,28,6,296,0,330,142,0,142,472
10/20/2022,MLB,FL,ASO,ES,Federal Contract Tower,24,9,109,6,148,0,3,213,0,216,24,12,322,6,364,171,0,171,535
10/21/2022,MLB,FL,ASO,ES,Federal Contract Tower,21,1,69,5,96,0,0,194,0,194,21,1,263,5,290,93,0,93,383
10/22/2022,MLB,FL,ASO,ES,Federal Contract Tower,22,7,70,7,106,0,2,217,0,219,22,9,287,7,325,122,0,122,447
10/23/2022,MLB,FL,ASO,ES,Federal Contract Tower,21,5,51,1,78,0,1,107,0,108,21,6,158,1,186,36,0,36,222
10/24/2022,MLB,FL,ASO,ES,Federal Contract Tower,16,0,74,0,90,0,0,221,0,221,16,0,295,0,311,370,0,370,681
10/25/2022,MLB,FL,ASO,ES,Federal Contract Tower,19,9,130,1,159,0,4,270,0,274,19,13,400,1,433,286,0,286,719
10/26/2022,MLB,FL,ASO,ES,Federal Contract Tower,19,0,79,3,101,0,1,314,1,316,19,1,393,4,417,298,0,298,715
10/27/2022,MLB,FL,ASO,ES,Federal Contract Tower,17,1,90,0,108,0,2,329,0,331,17,3,419,0,439,299,0,299,738
10/28/2022,MLB,FL,ASO,ES,Federal Contract Tower,18,1,101,0,120,0,0,250,0,250,18,1,351,0,370,230,0,230,600
10/29/2022,MLB,FL,ASO,ES,Federal Contract Tower,17,25,39,0,81,0,1,161,0,162,17,26,200,0,243,191,0,191,434
10/30/2022,MLB,FL,ASO,ES,Federal Contract Tower,23,1,73,0,97,0,2,167,0,169,23,3,240,0,266,26,0,26,292
10/31/2022,MLB,FL,ASO,ES,Federal Contract Tower,17,0,86,0,103,0,3,243,0,246,17,3,329,0,349,232,0,232,581
11/01/2022,MLB,FL,ASO,ES,Federal Contract Tower,12,4,114,0,130,0,3,181,0,184,12,7,295,0,314,119,0,119,433
11/02/2022,MLB,FL,ASO,ES,Federal Contract Tower,13,3,92,0,108,0,0,234,0,234,13,3,326,0,342,221,0,221,563
11/03/2022,MLB,FL,ASO,ES,Federal Contract Tower,13,3,95,2,113,0,0,208,0,208,13,3,303,2,321,129,0,129,450
11/04/2022,MLB,FL,ASO,ES,Federal Contract Tower,16,3,93,1,113,0,2,182,0,184,16,5,275,1,297,134,0,134,431
11/05/2022,MLB,FL,ASO,ES,Federal Contract Tower,18,4,49,1,72,0,3,148,3,154,18,7,197,4,226,110,0,110,336
11/06/2022,MLB,FL,ASO,ES,Federal Contract Tower,15,2,50,1,68,0,1,90,8,99,15,3,140,9,167,94,0,94,261
11/07/2022,MLB,FL,ASO,ES,Federal Contract Tower,12,5,75,0,92,0,7,129,0,136,12,12,204,0,228,70,0,70,298
11/08/2022,MLB,FL,ASO,ES,Federal Contract Tower,15,7,43,0,65,0,6,28,0,34,15,13,71,0,99,31,0,31,130
11/09/2022,MLB,FL,ASO,ES,Federal Contract Tower,6,2,4,0,12,0,0,0,0,0,6,2,4,0,12,0,0,0,12
11/10/2022,MLB,FL,ASO,ES,Federal Contract Tower,4,1,10,0,15,0,0,6,0,6,4,1,16,0,21,0,0,0,21
11/11/2022,MLB,FL,ASO,ES,Federal Contract Tower,17,2,68,0,87,0,0,124,1,125,17,2,192,1,212,24,0,24,236
11/12/2022,MLB,FL,ASO,ES,Federal Contract Tower,16,1,63,0,80,0,2,165,0,167,16,3,228,0,247,108,0,108,355
11/13/2022,MLB,FL,ASO,ES,Federal Contract Tower,14,2,63,0,79,0,3,104,0,107,14,5,167,0,186,72,0,72,258
11/14/2022,MLB,FL,ASO,ES,Federal Contract Tower,20,2,94,0,116,0,6,220,0,226,20,8,314,0,342,205,0,205,547
11/15/2022,MLB,FL,ASO,ES,Federal Contract Tower,14,2,147,0,163,0,1,358,0,359,14,3,505,0,522,358,0,358,880
11/16/2022,MLB,FL,ASO,ES,Federal Contract Tower,16,4,108,0,128,0,0,264,0,264,16,4,372,0,392,130,0,130,522
11/17/2022,MLB,FL,ASO,ES,Federal Contract Tower,19,2,115,0,136,0,1,208,1,210,19,3,323,1,346,147,0,147,493
11/18/2022,MLB,FL,ASO,ES,Federal Contract Tower,20,5,90,0,115,0,1,277,0,278,20,6,367,0,393,239,0,239,632
11/19/2022,MLB,FL,ASO,ES,Federal Contract Tower,22,4,54,0,80,0,3,213,0,216,22,7,267,0,296,174,0,174,470
11/20/2022,MLB,FL,ASO,ES,Federal Contract Tower,16,9,40,2,67,0,0,27,0,27,16,9,67,2,94,16,0,16,110
11/21/2022,MLB,FL,ASO,ES,Federal Contract Tower,15,5,87,0,107,0,1,96,0,97,15,6,183,0,204,220,0,220,424
11/22/2022,MLB,FL,ASO,ES,Federal Contract Tower,17,6,63,0,86,0,0,4,0,4,17,6,67,0,90,0,0,0,90
11/23/2022,MLB,FL,ASO,ES,Federal Contract Tower,19,6,105,0,130,0,0,0,0,0,19,6,105,0,130,0,0,0,130
11/24/2022,MLB,FL,ASO,ES,Federal Contract Tower,8,0,48,0,56,0,0,46,0,46,8,0,94,0,102,0,0,0,102
11/25/2022,MLB,FL,ASO,ES,Federal Contract Tower,18,8,60,0,86,0,0,124,0,124,18,8,184,0,210,37,2,39,249
11/26/2022,MLB,FL,ASO,ES,Federal Contract Tower,12,2,102,0,116,0,7,103,0,110,12,9,205,0,226,78,0,78,304
11/27/2022,MLB,FL,ASO,ES,Federal Contract Tower,13,2,86,0,101,0,5,78,0,83,13,7,164,0,184,56,0,56,240
11/28/2022,MLB,FL,ASO,ES,Federal Contract Tower,13,8,101,0,122,0,6,275,0,281,13,14,376,0,403,309,0,309,712
11/29/2022,MLB,FL,ASO,ES,Federal Contract Tower,14,4,123,1,142,0,0,327,1,328,14,4,450,2,470,316,0,316,786
11/30/2022,MLB,FL,ASO,ES,Federal Contract Tower,16,3,125,8,152,0,0,301,0,301,16,3,426,8,453,276,0,276,729
12/01/2022,MLB,FL,ASO,ES,Federal Contract Tower,22,2,79,0,103,0,1,140,1,142,22,3,219,1,245,96,0,96,341
12/02/2022,MLB,FL,ASO,ES,Federal Contract Tower,13,3,112,1,129,0,0,276,3,279,13,3,388,4,408,246,0,246,654
12/03/2022,MLB,FL,ASO,ES,Federal Contract Tower,16,3,99,0,118,0,1,223,0,224,16,4,322,0,342,246,0,246,588
12/04/2022,MLB,FL,ASO,ES,Federal Contract Tower,14,5,37,3,59,0,2,133,4,139,14,7,170,7,198,118,0,118,316
12/05/2022,MLB,FL,ASO,ES,Federal Contract Tower,13,3,127,0,143,0,2,219,0,221,13,5,346,0,364,234,0,234,598
12/06/2022,MLB,FL,ASO,ES,Federal Contract Tower,19,4,106,0,129,0,2,281,0,283,19,6,387,0,412,300,0,300,712
12/07/2022,MLB,FL,ASO,ES,Federal Contract Tower,13,0,102,0,115,0,0,280,1,281,13,0,382,1,396,176,0,176,572
12/08/2022,MLB,FL,ASO,ES,Federal Contract Tower,17,6,112,0,135,0,0,283,1,284,17,6,395,1,419,271,2,273,692
12/09/2022,MLB,FL,ASO,ES,Federal Contract Tower,10,11,93,5,119,0,4,283,0,287,10,15,376,5,406,279,0,279,685
12/10/2022,MLB,FL,ASO,ES,Federal Contract Tower,15,3,71,6,95,0,3,169,0,172,15,6,240,6,267,187,0,187,454
12/11/2022,MLB,FL,ASO,ES,Federal Contract Tower,13,5,55,0,73,0,2,114,0,116,13,7,169,0,189,144,0,144,333
12/12/2022,MLB,FL,ASO,ES,Federal Contract Tower,19,6,108,0,133,0,0,134,0,134,19,6,242,0,267,135,0,135,402
12/13/2022,MLB,FL,ASO,ES,Federal Contract Tower,18,8,86,0,112,0,0,81,1,82,18,8,167,1,194,12,0,12,206
12/14/2022,MLB,FL,ASO,ES,Federal Contract Tower,19,4,100,0,123,0,1,169,0,170,19,5,269,0,293,96,2,98,391
12/15/2022,MLB,FL,ASO,ES,Federal Contract Tower,15,7,57,0,79,0,0,58,0,58,15,7,115,0,137,42,0,42,179
12/16/2022,MLB,FL,ASO,ES,Federal Contract Tower,14,9,99,10,132,0,0,205,2,207,14,9,304,12,339,231,0,231,570
12/17/2022,MLB,FL,ASO,ES,Federal Contract Tower,19,5,63,0,87,0,1,190,0,191,19,6,253,0,278,174,0,174,452
12/18/2022,MLB,FL,ASO,ES,Federal Contract Tower,13,2,49,0,64,0,0,108,0,108,13,2,157,0,172,64,0,64,236
12/19/2022,MLB,FL,ASO,ES,Federal Contract Tower,16,5,76,0,97,0,3,174,0,177,16,8,250,0,274,232,0,232,506
12/20/2022,MLB,FL,ASO,ES,Federal Contract Tower,13,2,85,0,100,0,1,161,0,162,13,3,246,0,262,78,0,78,340
12/21/2022,MLB,FL,ASO,ES,Federal Contract Tower,14,0,126,1,141,0,0,66,0,66,14,0,192,1,207,14,0,14,221
12/22/2022,MLB,FL,ASO,ES,Federal Contract Tower,15,9,70,0,94,0,0,18,0,18,15,9,88,0,112,17,0,17,129
12/23/2022,MLB,FL,ASO,ES,Federal Contract Tower,9,6,46,0,61,0,0,126,0,126,9,6,172,0,187,122,0,122,309
12/24/2022,MLB,FL,ASO,ES,Federal Contract Tower,12,2,7,0,21,0,0,42,0,42,12,2,49,0,63,32,0,32,95
12/25/2022,MLB,FL,ASO,ES,Federal Contract Tower,12,6,7,0,25,0,0,6,0,6,12,6,13,0,31,2,0,2,33
12/26/2022,MLB,FL,ASO,ES,Federal Contract Tower,15,5,68,0,88,0,0,55,0,55,15,5,123,0,143,44,0,44,187
12/27/2022,MLB,FL,ASO,ES,Federal Contract Tower,19,6,79,0,104,0,0,95,0,95,19,6,174,0,199,44,0,44,243
12/28/2022,MLB,FL,ASO,ES,Federal Contract Tower,13,6,44,0,63,0,1,152,0,153,13,7,196,0,216,40,0,40,256
12/29/2022,MLB,FL,ASO,ES,Federal Contract Tower,16,9,77,1,103,0,2,165,0,167,16,11,242,1,270,136,0,136,406
12/30/2022,MLB,FL,ASO,ES,Federal Contract Tower,20,8,80,0,108,0,0,150,0,150,20,8,230,0,258,62,0,62,320
12/31/2022,MLB,FL,ASO,ES,Federal Contract Tower,12,9,35,0,56,0,0,64,0,64,12,9,99,0,120,14,0,14,134
01/01/2023,MLB,FL,ASO,ES,Federal Contract Tower,8,7,29,0,44,0,0,36,0,36,8,7,65,0,80,0,0,0,80
01/02/2023,MLB,FL,ASO,ES,Federal Contract Tower,12,2,90,0,104,0,0,181,0,181,12,2,271,0,285,169,0,169,454
01/03/2023,MLB,FL,ASO,ES,Federal Contract Tower,13,7,76,3,99,0,1,156,0,157,13,8,232,3,256,165,0,165,421
01/04/2023,MLB,FL,ASO,ES,Federal Contract Tower,10,7,48,1,66,0,1,164,0,165,10,8,212,1,231,72,1,73,304
01/05/2023,MLB,FL,ASO,ES,Federal Contract Tower,15,9,64,8,96,0,2,106,0,108,15,11,170,8,204,86,0,86,290
01/06/2023,MLB,FL,ASO,ES,Federal Contract Tower,14,3,84,0,101,0,0,265,2,267,14,3,349,2,368,180,0,180,548
01/07/2023,MLB,FL,ASO,ES,Federal Contract Tower,21,4,65,0,90,0,2,227,4,233,21,6,292,4,323,83,0,83,406
01/08/2023,MLB,FL,ASO,ES,Federal Contract Tower,17,2,64,0,83,0,0,181,2,183,17,2,245,2,266,156,0,156,422
01/09/2023,MLB,FL,ASO,ES,Federal Contract Tower,13,0,67,1,81,0,2,201,0,203,13,2,268,1,284,270,0,270,554
01/10/2023,MLB,FL,ASO,ES,Federal Contract Tower,16,8,56,1,81,0,0,207,0,207,16,8,263,1,288,188,0,188,476
01/11/2023,MLB,FL,ASO,ES,Federal Contract Tower,16,3,75,2,96,0,7,271,0,278,16,10,346,2,374,280,0,280,654
01/12/2023,MLB,FL,ASO,ES,Federal Contract Tower,19,2,81,4,106,0,1,253,2,256,19,3,334,6,362,202,0,202,564
01/13/2023,MLB,FL,ASO,ES,Federal Contract Tower,21,7,76,0,104,0,0,75,0,75,21,7,151,0,179,50,0,50,229
01/14/2023,MLB,FL,ASO,ES,Federal Contract Tower,20,0,54,4,78,0,1,122,0,123,20,1,176,4,201,126,0,126,327
01/15/2023,MLB,FL,ASO,ES,Federal Contract Tower,14,1,59,0,74,0,3,132,0,135,14,4,191,0,209,160,0,160,369
01/16/2023,MLB,FL,ASO,ES,Federal Contract Tower,21,1,79,0,101,0,2,218,0,220,21,3,297,0,321,208,0,208,529
01/17/2023,MLB,FL,ASO,ES,Federal Contract Tower,12,6,44,0,62,0,0,236,0,236,12,6,280,0,298,202,4,206,504
01/18/2023,MLB,FL,ASO,ES,Federal Contract Tower,15,4,116,1,136,0,4,261,0,265,15,8,377,1,401,323,0,323,724
01/19/2023,MLB,FL,ASO,ES,Federal Contract Tower,17,3,83,1,104,0,1,266,0,267,17,4,349,1,371,252,0,252,623
01/20/2023,MLB,FL,ASO,ES,Federal Contract Tower,15,3,85,1,104,0,3,230,0,233,15,6,315,1,337,326,0,326,663
01/21/2023,MLB,FL,ASO,ES,Federal Contract Tower,13,2,85,0,100,0,0,209,0,209,13,2,294,0,309,230,0,230,539
01/22/2023,MLB,FL,ASO,ES,Federal Contract Tower,15,2,79,0,96,0,2,113,0,115,15,4,192,0,211,64,0,64,275
01/23/2023,MLB,FL,ASO,ES,Federal Contract Tower,14,3,84,0,101,0,1,178,1,180,14,4,262,1,281,311,0,311,592
01/24/2023,MLB,FL,ASO,ES,Federal Contract Tower,12,1,56,0,69,0,4,188,0,192,12,5,244,0,261,298,0,298,559
01/25/2023,MLB,FL,ASO,ES,Federal Contract Tower,15,5,69,4,93,0,0,159,0,159,15,5,228,4,252,154,0,154,406
01/26/2023,MLB,FL,ASO,ES,Federal Contract Tower,19,3,91,10,123,0,0,237,0,237,19,3,328,10,360,216,0,216,576
01/27/2023,MLB,FL,ASO,ES,Federal Contract Tower,22,2,65,10,99,0,3,193,0,196,22,5,258,10,295,150,2,152,447
01/28/2023,MLB,FL,ASO,ES,Federal Contract Tower,18,5,91,4,118,0,4,189,0,193,18,9,280,4,311,261,0,261,572
01/29/2023,MLB,FL,ASO,ES,Federal Contract Tower,17,0,70,3,90,0,0,164,0,164,17,0,234,3,254,146,0,146,400
01/30/2023,MLB,FL,ASO,ES,Federal Contract Tower,17,7,114,9,147,0,1,294,13,308,17,8,408,22,455,260,0,260,715
01/31/2023,MLB,FL,ASO,ES,Federal Contract Tower,14,2,114,3,133,0,3,250,2,255,14,5,364,5,388,252,0,252,640
02/01/2023,MLB,FL,ASO,ES,Federal Contract Tower,16,2,126,0,144,0,3,223,1,227,16,5,349,1,371,232,0,232,603
02/02/2023,MLB,FL,ASO,ES,Federal Contract Tower,16,3,71,0,90,0,0,222,0,222,16,3,293,0,312,62,0,62,374
02/03/2023,MLB,FL,ASO,ES,Federal Contract Tower,17,1,42,2,62,0,0,31,6,37,17,1,73,8,99,10,0,10,109
02/04/2023,MLB,FL,ASO,ES,Federal Contract Tower,15,1,67,0,83,0,0,95,0,95,15,1,162,0,178,85,8,93,271
02/05/2023,MLB,FL,ASO,ES,Federal Contract Tower,14,4,29,3,50,0,2,8,0,10,14,6,37,3,60,2,0,2,62
02/06/2023,MLB,FL,ASO,ES,Federal Contract Tower,20,3,97,0,120,0,0,298,0,298,20,3,395,0,418,258,0,258,676
02/07/2023,MLB,FL,ASO,ES,Federal Contract Tower,12,3,97,0,112,0,0,306,0,306,12,3,403,0,418,262,0,262,680
02/08/2023,MLB,FL,ASO,ES,Federal Contract Tower,17,9,154,0,180,0,0,318,0,318,17,9,472,0,498,410,0,410,908
02/09/2023,MLB,FL,ASO,ES,Federal Contract Tower,16,4,127,7,154,0,2,331,3,336,16,6,458,10,490,210,0,210,700
02/10/2023,MLB,FL,ASO,ES,Federal Contract Tower,27,0,156,12,195,0,4,276,3,283,27,4,432,15,478,233,10,243,721
02/11/2023,MLB,FL,ASO,ES,Federal Contract Tower,15,4,95,2,116,0,1,211,0,212,15,5,306,2,328,128,0,128,456
02/12/2023,MLB,FL,ASO,ES,Federal Contract Tower,17,6,15,0,38,0,0,24,0,24,17,6,39,0,62,42,0,42,104
02/13/2023,MLB,FL,ASO,ES,Federal Contract Tower,19,2,120,0,141,0,2,281,0,283,19,4,401,0,424,229,0,229,653
02/14/2023,MLB,FL,ASO,ES,Federal Contract Tower,10,6,86,3,105,0,0,288,0,288,10,6,374,3,393,242,0,242,635
02/15/2023,MLB,FL,ASO,ES,Federal Contract Tower,16,4,97,2,119,0,2,267,0,269,16,6,364,2,388,327,0,327,715
02/16/2023,MLB,FL,ASO,ES,Federal Contract Tower,13,3,114,1,131,0,0,255,2,257,13,3,369,3,388,288,0,288,676
02/17/2023,MLB,FL,ASO,ES,Federal Contract Tower,21,7,97,1,126,0,0,194,1,195,21,7,291,2,321,94,0,94,415
02/18/2023,MLB,FL,ASO,ES,Federal Contract Tower,22,3,58,0,83,0,6,127,1,134,22,9,185,1,217,33,0,33,250
02/19/2023,MLB,FL,ASO,ES,Federal Contract Tower,16,2,81,0,99,0,2,206,0,208,16,4,287,0,307,124,0,124,431
02/20/2023,MLB,FL,ASO,ES,Federal Contract Tower,21,3,77,0,101,0,4,267,0,271,21,7,344,0,372,116,0,116,488
02/21/2023,MLB,FL,ASO,ES,Federal Contract Tower,15,4,118,0,137,0,1,255,7,263,15,5,373,7,400,180,2,182,582
02/22/2023,MLB,FL,ASO,ES,Federal Contract Tower,17,7,110,2,136,0,3,257,6,266,17,10,367,8,402,214,0,214,616
02/23/2023,MLB,FL,ASO,ES,Federal Contract Tower,21,5,102,1,129,0,0,327,0,327,21,5,429,1,456,154,0,154,610
02/24/2023,MLB,FL,ASO,ES,Federal Contract Tower,18,1,89,13,121,0,2,329,2,333,18,3,418,15,454,86,0,86,540
02/25/2023,MLB,FL,ASO,ES,Federal Contract Tower,18,3,104,1,126,0,1,280,0,281,18,4,384,1,407,138,0,138,545
02/26/2023,MLB,FL,ASO,ES,Federal Contract Tower,20,4,88,7,119,0,2,187,0,189,20,6,275,7,308,100,0,100,408
02/27/2023,MLB,FL,ASO,ES,Federal Contract Tower,20,4,71,2,97,0,0,182,0,182,20,4,253,2,279,159,0,159,438
02/28/2023,MLB,FL,ASO,ES,Federal Contract Tower,14,2,86,2,104,0,0,145,0,145,14,2,231,2,249,103,0,103,352
03/01/2023,MLB,FL,ASO,ES,Federal Contract Tower,23,3,100,0,126,0,2,217,0,219,23,5,317,0,345,226,0,226,571
03/02/2023,MLB,FL,ASO,ES,Federal Contract Tower,14,3,155,2,174,0,3,321,0,324,14,6,476,2,498,158,0,158,656
03/03/2023,MLB,FL,ASO,ES,Federal Contract Tower,14,5,80,0,99,0,3,113,0,116,14,8,193,0,215,98,0,98,313
03/04/2023,MLB,FL,ASO,ES,Federal Contract Tower,18,1,111,2,132,0,3,157,6,166,18,4,268,8,298,38,0,38,336
03/05/2023,MLB,FL,ASO,ES,Federal Contract Tower,19,4,72,5,100,0,4,138,0,142,19,8,210,5,242,62,0,62,304
03/06/2023,MLB,FL,ASO,ES,Federal Contract Tower,18,2,92,0,112,0,2,233,2,237,18,4,325,2,349,225,0,225,574
03/07/2023,MLB,FL,ASO,ES,Federal Contract Tower,13,4,120,0,137,0,2,291,0,293,13,6,411,0,430,254,0,254,684
03/08/2023,MLB,FL,ASO,ES,Federal Contract Tower,21,2,125,2,150,0,2,248,0,250,21,4,373,2,400,175,0,175,575
03/09/2023,MLB,FL,ASO,ES,Federal Contract Tower,16,3,139,1,159,0,0,323,1,324,16,3,462,2,483,286,4,290,773
03/10/2023,MLB,FL,ASO,ES,Federal Contract Tower,15,7,109,1,132,0,4,257,4,265,15,11,366,5,397,108,0,108,505
03/11/2023,MLB,FL,ASO,ES,Federal Contract Tower,18,2,117,0,137,0,2,141,0,143,18,4,258,0,280,63,0,63,343
03/12/2023,MLB,FL,ASO,ES,Federal Contract Tower,14,11,134,0,159,0,0,187,0,187,14,11,321,0,346,82,0,82,428
03/13/2023,MLB,FL,ASO,ES,Federal Contract Tower,16,5,39,0,60,0,2,20,0,22,16,7,59,0,82,24,0,24,106
03/14/2023,MLB,FL,ASO,ES,Federal Contract Tower,14,5,143,0,162,0,0,226,4,230,14,5,369,4,392,77,2,79,471
03/15/2023,MLB,FL,ASO,ES,Federal Contract Tower,18,3,96,0,117,0,0,128,0,128,18,3,224,0,245,164,0,164,409
03/16/2023,MLB,FL,ASO,ES,Federal Contract Tower,13,5,102,0,120,0,0,283,0,283,13,5,385,0,403,238,2,240,643
03/17/2023,MLB,FL,ASO,ES,Federal Contract Tower,13,6,73,1,93,0,1,174,0,175,13,7,247,1,268,105,0,105,373
03/18/2023,MLB,FL,ASO,ES,Federal Contract Tower,19,2,72,0,93,0,3,140,0,143,19,5,212,0,236,74,0,74,310
03/19/2023,MLB,FL,ASO,ES,Federal Contract Tower,13,5,91,0,109,0,0,117,3,120,13,5,208,3,229,44,0,44,273
03/20/2023,MLB,FL,ASO,ES,Federal Contract Tower,19,5,55,0,79,0,2,176,0,178,19,7,231,0,257,137,0,137,394
03/21/2023,MLB,FL,ASO,ES,Federal Contract Tower,15,7,157,0,179,0,1,307,0,308,15,8,464,0,487,306,0,306,793
03/22/2023,MLB,FL,ASO,ES,Federal Contract Tower,16,8,129,0,153,0,0,259,0,259,16,8,388,0,412,224,0,224,636
03/23/2023,MLB,FL,ASO,ES,Federal Contract Tower,18,2,125,0,145,0,0,358,0,358,18,2,483,0,503,244,0,244,747
03/24/2023,MLB,FL,ASO,ES,Federal Contract Tower,17,3,78,3,101,0,1,271,4,276,17,4,349,7,377,120,0,120,497
03/25/2023,MLB,FL,ASO,ES,Federal Contract Tower,17,0,129,1,147,0,0,238,0,238,17,0,367,1,385,58,0,58,443
03/26/2023,MLB,FL,ASO,ES,Federal Contract Tower,15,3,78,2,98,0,0,135,0,135,15,3,213,2,233,78,0,78,311
03/27/2023,MLB,FL,ASO,ES,Federal Contract Tower,17,3,142,0,162,0,0,225,0,225,17,3,367,0,387,186,0,186,573
03/28/2023,MLB,FL,ASO,ES,Federal Contract Tower,20,1,118,0,139,0,2,275,1,278,20,3,393,1,417,278,0,278,695
03/29/2023,MLB,FL,ASO,ES,Federal Contract Tower,15,4,137,0,156,0,1,188,0,189,15,5,325,0,345,143,0,143,488
03/30/2023,MLB,FL,ASO,ES,Federal Contract Tower,21,2,151,0,174,0,1,289,0,290,21,3,440,0,464,360,0,360,824
03/31/2023,MLB,FL,ASO,ES,Federal Contract Tower,17,3,95,0,115,0,0,186,0,186,17,3,281,0,301,42,0,42,343
04/01/2023,MLB,FL,ASO,ES,Federal Contract Tower,21,9,88,0,118,0,1,242,0,243,21,10,330,0,361,125,0,125,486
04/02/2023,MLB,FL,ASO,ES,Federal Contract Tower,20,4,103,0,127,0,1,109,0,110,20,5,212,0,237,70,0,70,307
04/03/2023,MLB,FL,ASO,ES,Federal Contract Tower,19,3,104,2,128,0,0,149,0,149,19,3,253,2,277,103,0,103,380
04/04/2023,MLB,FL,ASO,ES,Federal Contract Tower,20,4,102,0,126,0,1,322,0,323,20,5,424,0,449,252,0,252,701
04/05/2023,MLB,FL,ASO,ES,Federal Contract Tower,15,5,128,1,149,0,5,269,0,274,15,10,397,1,423,236,0,236,659
04/06/2023,MLB,FL,ASO,ES,Federal Contract Tower,18,2,109,3,132,0,0,273,0,273,18,2,382,3,405,254,6,260,665
04/07/2023,MLB,FL,ASO,ES,Federal Contract Tower,23,4,134,5,166,0,2,247,0,249,23,6,381,5,415,156,0,156,571
04/08/2023,MLB,FL,ASO,ES,Federal Contract Tower,19,2,92,3,116,0,0,283,0,283,19,2,375,3,399,188,0,188,587
04/09/2023,MLB,FL,ASO,ES,Federal Contract Tower,17,5,58,1,81,0,0,11,0,11,17,5,69,1,92,4,0,4,96
04/10/2023,MLB,FL,ASO,ES,Federal Contract Tower,17,2,51,0,70,0,0,44,2,46,17,2,95,2,116,28,0,28,144
04/11/2023,MLB,FL,ASO,ES,Federal Contract Tower,17,1,67,0,85,0,1,132,0,133,17,2,199,0,218,70,0,70,288
04/12/2023,MLB,FL,ASO,ES,Federal Contract Tower,20,1,66,4,91,0,1,54,0,55,20,2,120,4,146,36,0,36,182
04/13/2023,MLB,FL,ASO,ES,Federal Contract Tower,16,8,39,0,63,0,0,108,0,108,16,8,147,0,171,20,0,20,191
04/14/2023,MLB,FL,ASO,ES,Federal Contract Tower,17,5,83,3,108,0,1,308,0,309,17,6,391,3,417,252,0,252,669
04/15/2023,MLB,FL,ASO,ES,Federal Contract Tower,26,1,110,2,139,0,0,325,0,325,26,1,435,2,464,193,0,193,657
04/16/2023,MLB,FL,ASO,ES,Federal Contract Tower,25,3,52,0,80,0,2,130,0,132,25,5,182,0,212,89,0,89,301
04/17/2023,MLB,FL,ASO,ES,Federal Contract Tower,18,9,66,0,93,0,0,84,0,84,18,9,150,0,177,104,0,104,281
04/18/2023,MLB,FL,ASO,ES,Federal Contract Tower,18,4,143,0,165,0,1,293,0,294,18,5,436,0,459,204,0,204,663
04/19/2023,MLB,FL,ASO,ES,Federal Contract Tower,17,10,157,0,184,0,3,275,1,279,17,13,432,1,463,308,0,308,771
04/20/2023,MLB,FL,ASO,ES,Federal Contract Tower,16,13,69,0,98,0,1,365,0,366,16,14,434,0,464,260,0,260,724
04/21/2023,MLB,FL,ASO,ES,Federal Contract Tower,21,5,163,0,189,0,4,340,2,346,21,9,503,2,535,372,0,372,907
04/22/2023,MLB,FL,ASO,ES,Federal Contract Tower,27,1,88,0,116,0,1,246,0,247,27,2,334,0,363,150,0,150,513
04/23/2023,MLB,FL,ASO,ES,Federal Contract Tower,17,3,51,0,71,0,1,134,4,139,17,4,185,4,210,86,0,86,296
04/24/2023,MLB,FL,ASO,ES,Federal Contract Tower,21,5,54,2,82,0,2,74,0,76,21,7,128,2,158,107,0,107,265
04/25/2023,MLB,FL,ASO,ES,Federal Contract Tower,15,4,63,0,82,0,0,176,0,176,15,4,239,0,258,90,0,90,348
04/26/2023,MLB,FL,ASO,ES,Federal Contract Tower,15,6,130,8,159,0,2,214,0,216,15,8,344,8,375,174,0,174,549
04/27/2023,MLB,FL,ASO,ES,Federal Contract Tower,15,4,113,0,132,0,1,218,0,219,15,5,331,0,351,120,0,120,471
04/28/2023,MLB,FL,ASO,ES,Federal Contract Tower,21,7,91,5,124,0,0,169,0,169,21,7,260,5,293,158,0,158,451
04/29/2023,MLB,FL,ASO,ES,Federal Contract Tower,21,7,49,0,77,0,0,206,0,206,21,7,255,0,283,138,0,138,421
04/30/2023,MLB,FL,ASO,ES,Federal Contract Tower,22,5,22,0,49,0,0,43,0,43,22,5,65,0,92,4,0,4,96
05/01/2023,MLB,FL,ASO,ES,Federal Contract Tower,18,3,141,0,162,0,0,305,0,305,18,3,446,0,467,196,0,196,663
05/02/2023,MLB,FL,ASO,ES,Federal Contract Tower,17,2,185,0,204,0,2,323,0,325,17,4,508,0,529,218,0,218,747
05/03/2023,MLB,FL,ASO,ES,Federal Contract Tower,19,5,114,0,138,0,1,316,0,317,19,6,430,0,455,189,0,189,644
05/04/2023,MLB,FL,ASO,ES,Federal Contract Tower,22,2,129,0,153,0,4,327,2,333,22,6,456,2,486,276,2,278,764
05/05/2023,MLB,FL,ASO,ES,Federal Contract Tower,24,5,162,0,191,0,4,254,2,260,24,9,416,2,451,188,0,188,639
05/06/2023,MLB,FL,ASO,ES,Federal Contract Tower,21,6,52,0,79,0,0,125,0,125,21,6,177,0,204,45,0,45,249
05/07/2023,MLB,FL,ASO,ES,Federal Contract Tower,23,4,65,0,92,0,3,151,0,154,23,7,216,0,246,144,0,144,390
05/08/2023,MLB,FL,ASO,ES,Federal Contract Tower,18,3,99,1,121,0,0,310,0,310,18,3,409,1,431,239,0,239,670
05/09/2023,MLB,FL,ASO,ES,Federal Contract Tower,16,4,123,0,143,0,0,302,0,302,16,4,425,0,445,108,0,108,553
05/10/2023,MLB,FL,ASO,ES,Federal Contract Tower,18,2,129,0,149,0,2,335,0,337,18,4,464,0,486,286,0,286,772
05/11/2023,MLB,FL,ASO,ES,Federal Contract Tower,20,2,136,0,158,0,2,254,0,256,20,4,390,0,414,224,0,224,638
05/12/2023,MLB,FL,ASO,ES,Federal Contract Tower,15,4,139,2,160,0,5,254,0,259,15,9,393,2,419,132,0,132,551
05/13/2023,MLB,FL,ASO,ES,Federal Contract Tower,18,4,153,0,175,0,2,209,0,211,18,6,362,0,386,111,0,111,497
05/14/2023,MLB,FL,ASO,ES,Federal Contract Tower,29,3,52,0,84,0,0,137,0,137,29,3,189,0,221,116,0,116,337
05/15/2023,MLB,FL,ASO,ES,Federal Contract Tower,19,4,107,0,130,0,1,299,0,300,19,5,406,0,430,196,0,196,626
05/16/2023,MLB,FL,ASO,ES,Federal Contract Tower,19,9,140,0,168,0,0,372,0,372,19,9,512,0,540,225,0,225,765
05/17/2023,MLB,FL,ASO,ES,Federal Contract Tower,18,7,112,2,139,0,0,239,0,239,18,7,351,2,378,223,0,223,601
05/18/2023,MLB,FL,ASO,ES,Federal Contract Tower,19,7,99,0,125,0,0,274,0,274,19,7,373,0,399,273,0,273,672
05/19/2023,MLB,FL,ASO,ES,Federal Contract Tower,16,3,142,3,164,0,3,324,6,333,16,6,466,9,497,270,0,270,767
05/20/2023,MLB,FL,ASO,ES,Federal Contract Tower,26,5,67,0,98,0,1,222,0,223,26,6,289,0,321,142,0,142,463
05/21/2023,MLB,FL,ASO,ES,Federal Contract Tower,21,1,93,0,115,0,3,150,0,153,21,4,243,0,268,128,0,128,396
05/22/2023,MLB,FL,ASO,ES,Federal Contract Tower,15,10,80,0,105,0,0,173,0,173,15,10,253,0,278,152,0,152,430
05/23/2023,MLB,FL,ASO,ES,Federal Contract Tower,21,7,138,2,168,0,0,119,0,119,21,7,257,2,287,196,0,196,483
05/24/2023,MLB,FL,ASO,ES,Federal Contract Tower,14,2,110,0,126,0,0,161,0,161,14,2,271,0,287,125,0,125,412
05/25/2023,MLB,FL,ASO,ES,Federal Contract Tower,17,7,120,2,146,0,2,127,0,129,17,9,247,2,275,80,0,80,355
05/26/2023,MLB,FL,ASO,ES,Federal Contract Tower,23,3,67,0,93,0,1,181,0,182,23,4,248,0,275,138,0,138,413
05/27/2023,MLB,FL,ASO,ES,Federal Contract Tower,22,5,166,0,193,0,2,220,0,222,22,7,386,0,415,175,0,175,590
05/28/2023,MLB,FL,ASO,ES,Federal Contract Tower,23,2,72,0,97,0,4,151,0,155,23,6,223,0,252,196,0,196,448
05/29/2023,MLB,FL,ASO,ES,Federal Contract Tower,15,5,99,0,119,0,1,194,0,195,15,6,293,0,314,170,0,170,484
05/30/2023,MLB,FL,ASO,ES,Federal Contract Tower,19,5,160,0,184,0,1,387,0,388,19,6,547,0,572,243,0,243,815
05/31/2023,MLB,FL,ASO,ES,Federal Contract Tower,22,2,131,0,155,0,0,190,0,190,22,2,321,0,345,174,0,174,519
06/01/2023,MLB,FL,ASO,ES,Federal Contract Tower,16,2,85,0,103,0,0,115,0,115,16,2,200,0,218,32,0,32,250
06/02/2023,MLB,FL,ASO,ES,Federal Contract Tower,17,3,108,1,129,0,1,179,0,180,17,4,287,1,309,193,0,193,502
06/03/2023,MLB,FL,ASO,ES,Federal Contract Tower,23,3,88,0,114,0,4,143,0,147,23,7,231,0,261,83,0,83,344
06/04/2023,MLB,FL,ASO,ES,Federal Contract Tower,18,2,68,1,89,0,2,140,2,144,18,4,208,3,233,108,0,108,341
06/05/2023,MLB,FL,ASO,ES,Federal Contract Tower,19,7,115,0,141,0,1,270,0,271,19,8,385,0,412,85,0,85,497
06/06/2023,MLB,FL,ASO,ES,Federal Contract Tower,19,20,118,0,157,0,2,356,0,358,19,22,474,0,515,236,0,236,751
06/07/2023,MLB,FL,ASO,ES,Federal Contract Tower,21,1,120,1,143,0,0,232,0,232,21,1,352,1,375,160,0,160,535
06/08/2023,MLB,FL,ASO,ES,Federal Contract Tower,18,0,109,2,129,0,1,215,0,216,18,1,324,2,345,102,0,102,447
06/09/2023,MLB,FL,ASO,ES,Federal Contract Tower,13,4,75,2,94,0,0,247,0,247,13,4,322,2,341,216,0,216,557
06/10/2023,MLB,FL,ASO,ES,Federal Contract Tower,19,4,55,0,78,0,5,224,1,230,19,9,279,1,308,106,0,106,414
06/11/2023,MLB,FL,ASO,ES,Federal Contract Tower,20,5,81,0,106,0,1,160,0,161,20,6,241,0,267,92,0,92,359
06/12/2023,MLB,FL,ASO,ES,Federal Contract Tower,14,4,78,0,96,0,2,246,0,248,14,6,324,0,344,60,0,60,404
06/13/2023,MLB,FL,ASO,ES,Federal Contract Tower,19,5,145,1,170,0,0,257,0,257,19,5,402,1,427,185,0,185,612
06/14/2023,MLB,FL,ASO,ES,Federal Contract Tower,16,0,115,2,133,0,0,261,0,261,16,0,376,2,394,146,0,146,540
06/15/2023,MLB,FL,ASO,ES,Federal Contract Tower,16,16,99,0,131,0,0,244,0,244,16,16,343,0,375,85,0,85,460
06/16/2023,MLB,FL,ASO,ES,Federal Contract Tower,12,5,97,0,114,0,1,141,0,142,12,6,238,0,256,88,0,88,344
06/17/2023,MLB,FL,ASO,ES,Federal Contract Tower,25,5,56,0,86,0,0,112,0,112,25,5,168,0,198,45,0,45,243
06/18/2023,MLB,FL,ASO,ES,Federal Contract Tower,25,3,63,0,91,0,0,126,0,126,25,3,189,0,217,72,0,72,289
06/19/2023,MLB,FL,ASO,ES,Federal Contract Tower,10,2,79,0,91,0,0,151,0,151,10,2,230,0,242,126,0,126,368
06/20/2023,MLB,FL,ASO,ES,Federal Contract Tower,22,3,112,0,137,0,0,135,0,135,22,3,247,0,272,126,0,126,398
06/21/2023,MLB,FL,ASO,ES,Federal Contract Tower,15,4,97,0,116,0,1,135,0,136,15,5,232,0,252,99,0,99,351
06/22/2023,MLB,FL,ASO,ES,Federal Contract Tower,20,3,118,0,141,0,3,222,0,225,20,6,340,0,366,234,0,234,600
06/23/2023,MLB,FL,ASO,ES,Federal Contract Tower,15,3,130,0,148,0,3,125,0,128,15,6,255,0,276,136,0,136,412
06/24/2023,MLB,FL,ASO,ES,Federal Contract Tower,22,1,65,0,88,0,0,234,0,234,22,1,299,0,322,96,0,96,418
06/25/2023,MLB,FL,ASO,ES,Federal Contract Tower,19,2,58,0,79,0,1,181,0,182,19,3,239,0,261,56,0,56,317
06/26/2023,MLB,FL,ASO,ES,Federal Contract Tower,19,6,185,0,210,0,4,266,2,272,19,10,451,2,482,134,0,134,616
06/27/2023,MLB,FL,ASO,ES,Federal Contract Tower,16,6,145,1,168,0,1,338,0,339,16,7,483,1,507,195,0,195,702
06/28/2023,MLB,FL,ASO,ES,Federal Contract Tower,22,2,120,0,144,0,1,201,0,202,22,3,321,0,346,172,0,172,518
06/29/2023,MLB,FL,ASO,ES,Federal Contract Tower,17,2,103,1,123,0,2,277,1,280,17,4,380,2,403,198,0,198,601
06/30/2023,MLB,FL,ASO,ES,Federal Contract Tower,12,3,132,0,147,0,4,228,0,232,12,7,360,0,379,206,0,206,585
07/01/2023,MLB,FL,ASO,ES,Federal Contract Tower,19,3,118,0,140,0,3,158,0,161,19,6,276,0,301,124,0,124,425
07/02/2023,MLB,FL,ASO,ES,Federal Contract Tower,24,5,77,0,106,0,2,165,0,167,24,7,242,0,273,108,0,108,381
07/03/2023,MLB,FL,ASO,ES,Federal Contract Tower,15,3,74,0,92,0,0,221,0,221,15,3,295,0,313,298,0,298,611
07/04/2023,MLB,FL,ASO,ES,Federal Contract Tower,16,1,49,0,66,0,1,134,0,135,16,2,183,0,201,48,0,48,249
07/05/2023,MLB,FL,ASO,ES,Federal Contract Tower,16,1,88,0,105,0,2,230,0,232,16,3,318,0,337,236,0,236,573
07/06/2023,MLB,FL,ASO,ES,Federal Contract Tower,15,1,96,2,114,0,0,188,0,188,15,1,284,2,302,133,0,133,435
07/07/2023,MLB,FL,ASO,ES,Federal Contract Tower,19,2,83,0,104,0,0,174,3,177,19,2,257,3,281,209,0,209,490
07/08/2023,MLB,FL,ASO,ES,Federal Contract Tower,21,3,62,0,86,0,0,144,0,144,21,3,206,0,230,99,0,99,329
07/09/2023,MLB,FL,ASO,ES,Federal Contract Tower,21,3,54,0,78,0,5,119,0,124,21,8,173,0,202,44,0,44,246
07/10/2023,MLB,FL,ASO,ES,Federal Contract Tower,22,1,78,0,101,0,0,245,0,245,22,1,323,0,346,120,0,120,466
07/11/2023,MLB,FL,ASO,ES,Federal Contract Tower,18,2,132,0,152,0,0,241,0,241,18,2,373,0,393,285,0,285,678
07/12/2023,MLB,FL,ASO,ES,Federal Contract Tower,17,6,120,0,143,0,0,279,0,279,17,6,399,0,422,230,0,230,652
07/13/2023,MLB,FL,ASO,ES,Federal Contract Tower,20,1,76,0,97,0,0,228,1,229,20,1,304,1,326,160,0,160,486
07/14/2023,MLB,FL,ASO,ES,Federal Contract Tower,16,1,63,0,80,0,0,208,0,208,16,1,271,0,288,126,0,126,414
07/15/2023,MLB,FL,ASO,ES,Federal Contract Tower,23,3,87,0,113,0,0,192,0,192,23,3,279,0,305,128,0,128,433
07/16/2023,MLB,FL,ASO,ES,Federal Contract Tower,21,1,49,0,71,0,2,132,0,134,21,3,181,0,205,46,0,46,251
07/17/2023,MLB,FL,ASO,ES,Federal Contract Tower,18,1,119,0,138,0,0,223,0,223,18,1,342,0,361,237,0,237,598
07/18/2023,MLB,FL,ASO,ES,Federal Contract Tower,17,3,106,0,126,0,2,232,0,234,17,5,338,0,360,122,0,122,482
07/19/2023,MLB,FL,ASO,ES,Federal Contract Tower,16,3,113,1,133,0,0,211,0,211,16,3,324,1,344,218,0,218,562
07/20/2023,MLB,FL,ASO,ES,Federal Contract Tower,15,2,137,0,154,0,0,275,0,275,15,2,412,0,429,170,0,170,599
07/21/2023,MLB,FL,ASO,ES,Federal Contract Tower,16,3,117,0,136,0,1,251,0,252,16,4,368,0,388,171,0,171,559
07/22/2023,MLB,FL,ASO,ES,Federal Contract Tower,17,0,51,0,68,0,0,159,0,159,17,0,210,0,227,60,0,60,287
07/23/2023,MLB,FL,ASO,ES,Federal Contract Tower,19,2,45,0,66,0,0,121,0,121,19,2,166,0,187,30,0,30,217
07/24/2023,MLB,FL,ASO,ES,Federal Contract Tower,12,0,84,0,96,0,1,245,0,246,12,1,329,0,342,286,0,286,628
07/25/2023,MLB,FL,ASO,ES,Federal Contract Tower,19,1,75,0,95,0,0,180,0,180,19,1,255,0,275,198,0,198,473
07/26/2023,MLB,FL,ASO,ES,Federal Contract Tower,17,2,114,0,133,0,0,205,0,205,17,2,319,0,338,203,0,203,541
07/27/2023,MLB,FL,ASO,ES,Federal Contract Tower,18,2,58,0,78,0,0,63,0,63,18,2,121,0,141,54,0,54,195
07/28/2023,MLB,FL,ASO,ES,Federal Contract Tower,15,3,37,1,56,0,1,118,1,120,15,4,155,2,176,54,0,54,230
07/29/2023,MLB,FL,ASO,ES,Federal Contract Tower,25,3,113,1,142,0,0,162,0,162,25,3,275,1,304,103,0,103,407
07/30/2023,MLB,FL,ASO,ES,Federal Contract Tower,19,1,66,0,86,0,2,191,0,193,19,3,257,0,279,52,0,52,331
07/31/2023,MLB,FL,ASO,ES,Federal Contract Tower,19,2,61,0,82,0,0,193,0,193,19,2,254,0,275,163,0,163,438
08/01/2023,MLB,FL,ASO,ES,Federal Contract Tower,15,13,86,1,115,0,2,198,0,200,15,15,284,1,315,171,0,171,486
08/02/2023,MLB,FL,ASO,ES,Federal Contract Tower,20,2,107,0,129,0,0,225,0,225,20,2,332,0,354,168,0,168,522
08/03/2023,MLB,FL,ASO,ES,Federal Contract Tower,18,4,102,0,124,0,2,198,0,200,18,6,300,0,324,165,0,165,489
08/04/2023,MLB,FL,ASO,ES,Federal Contract Tower,16,2,108,0,126,0,0,186,0,186,16,2,294,0,312,128,0,128,440
08/05/2023,MLB,FL,ASO,ES,Federal Contract Tower,27,2,66,0,95,0,1,189,0,190,27,3,255,0,285,108,0,108,393
08/06/2023,MLB,FL,ASO,ES,Federal Contract Tower,22,3,51,0,76,0,0,141,0,141,22,3,192,0,217,66,0,66,283
08/07/2023,MLB,FL,ASO,ES,Federal Contract Tower,15,1,108,0,124,0,1,200,0,201,15,2,308,0,325,79,10,89,414
08/08/2023,MLB,FL,ASO,ES,Federal Contract Tower,17,1,110,0,128,0,0,207,0,207,17,1,317,0,335,113,0,113,448
08/09/2023,MLB,FL,ASO,ES,Federal Contract Tower,21,15,135,0,171,0,0,205,0,205,21,15,340,0,376,163,0,163,539
08/10/2023,MLB,FL,ASO,ES,Federal Contract Tower,15,3,95,0,113,0,1,208,0,209,15,4,303,0,322,176,0,176,498
08/11/2023,MLB,FL,ASO,ES,Federal Contract Tower,22,3,107,1,133,0,2,208,1,211,22,5,315,2,344,188,0,188,532
08/12/2023,MLB,FL,ASO,ES,Federal Contract Tower,19,3,93,0,115,0,2,214,0,216,19,5,307,0,331,123,0,123,454
08/13/2023,MLB,FL,ASO,ES,Federal Contract Tower,19,9,69,0,97,0,0,100,0,100,19,9,169,0,197,66,0,66,263
08/14/2023,MLB,FL,ASO,ES,Federal Contract Tower,15,3,99,0,117,0,0,179,0,179,15,3,278,0,296,126,0,126,422
08/15/2023,MLB,FL,ASO,ES,Federal Contract Tower,20,3,108,0,131,0,0,233,0,233,20,3,341,0,364,247,0,247,611
08/16/2023,MLB,FL,ASO,ES,Federal Contract Tower,20,0,92,0,112,0,0,173,0,173,20,0,265,0,285,144,0,144,429
08/17/2023,MLB,FL,ASO,ES,Federal Contract Tower,15,2,127,0,144,0,0,140,0,140,15,2,267,0,284,100,0,100,384
08/18/2023,MLB,FL,ASO,ES,Federal Contract Tower,15,2,73,0,90,0,1,129,0,130,15,3,202,0,220,93,0,93,313
08/19/2023,MLB,FL,ASO,ES,Federal Contract Tower,23,7,84,1,115,0,0,158,0,158,23,7,242,1,273,134,2,136,409
08/20/2023,MLB,FL,ASO,ES,Federal Contract Tower,20,6,68,3,97,0,2,112,2,116,20,8,180,5,213,60,0,60,273
08/21/2023,MLB,FL,ASO,ES,Federal Contract Tower,13,9,128,2,152,0,1,179,0,180,13,10,307,2,332,179,0,179,511
08/22/2023,MLB,FL,ASO,ES,Federal Contract Tower,23,6,150,0,179,0,0,220,3,223,23,6,370,3,402,195,0,195,597
08/23/2023,MLB,FL,ASO,ES,Federal Contract Tower,18,1,129,1,149,0,0,224,1,225,18,1,353,2,374,150,0,150,524
08/24/2023,MLB,FL,ASO,ES,Federal Contract Tower,17,2,93,1,113,0,2,150,1,153,17,4,243,2,266,133,0,133,399
08/25/2023,MLB,FL,ASO,ES,Federal Contract Tower,17,2,86,2,107,0,3,197,0,200,17,5,283,2,307,94,0,94,401
08/26/2023,MLB,FL,ASO,ES,Federal Contract Tower,25,0,138,0,163,0,2,215,0,217,25,2,353,0,380,100,0,100,480
08/27/2023,MLB,FL,ASO,ES,Federal Contract Tower,19,2,64,6,91,0,4,127,0,131,19,6,191,6,222,36,10,46,268
08/28/2023,MLB,FL,ASO,ES,Federal Contract Tower,19,4,112,0,135,0,0,131,0,131,19,4,243,0,266,196,0,196,462
08/29/2023,MLB,FL,ASO,ES,Federal Contract Tower,24,14,105,6,149,0,0,123,6,129,24,14,228,12,278,59,0,59,337
08/30/2023,MLB,FL,ASO,ES,Federal Contract Tower,16,0,3,0,19,0,0,0,1,1,16,0,3,1,20,0,0,0,20
08/31/2023,MLB,FL,ASO,ES,Federal Contract Tower,17,5,106,4,132,0,2,151,4,157,17,7,257,8,289,38,6,44,333
