01/01/2000,MLI,IL,AGL,CE,Towers with Radar,10,9,11,0,30,8,3,1,0,12,18,12,12,0,42,34,0,34,76
01/02/2000,MLI,IL,AGL,CE,Towers with Radar,20,20,21,1,62,5,3,10,0,18,25,23,31,1,80,28,0,28,108
01/03/2000,MLI,IL,AGL,CE,Towers with Radar,25,25,17,0,67,4,10,0,2,16,29,35,17,2,83,0,0,0,83
01/04/2000,MLI,IL,AGL,CE,Towers with Radar,38,34,37,1,110,1,2,6,0,9,39,36,43,1,119,0,0,0,119
01/05/2000,MLI,IL,AGL,CE,Towers with Radar,35,35,38,0,108,0,2,18,0,20,35,37,56,0,128,0,0,0,128
01/06/2000,MLI,IL,AGL,CE,Towers with Radar,36,33,37,0,106,0,0,19,0,19,36,33,56,0,125,34,0,34,159
01/07/2000,MLI,IL,AGL,CE,Towers with Radar,35,31,35,1,102,3,0,37,0,40,38,31,72,1,142,46,0,46,188
01/08/2000,MLI,IL,AGL,CE,Towers with Radar,21,19,22,0,62,7,8,34,2,51,28,27,56,2,113,76,0,76,189
01/09/2000,MLI,IL,AGL,CE,Towers with Radar,19,18,18,0,55,11,0,3,2,16,30,18,21,2,71,0,0,0,71
01/10/2000,MLI,IL,AGL,CE,Towers with Radar,35,37,38,2,112,0,0,24,0,24,35,37,62,2,136,26,0,26,162
01/11/2000,MLI,IL,AGL,CE,Towers with Radar,34,45,47,2,128,0,2,22,1,25,34,47,69,3,153,30,0,30,183
01/12/2000,MLI,IL,AGL,CE,Towers with Radar,33,35,46,1,115,0,0,40,0,40,33,35,86,1,155,80,0,80,235
01/13/2000,MLI,IL,AGL,CE,Towers with Radar,33,35,37,0,105,0,6,51,0,57,33,41,88,0,162,6,0,6,168
01/14/2000,MLI,IL,AGL,CE,Towers with Radar,38,35,41,2,116,0,0,32,0,32,38,35,73,2,148,34,0,34,182
01/15/2000,MLI,IL,AGL,CE,Towers with Radar,25,22,24,0,71,2,5,38,0,45,27,27,62,0,116,52,0,52,168
01/16/2000,MLI,IL,AGL,CE,Towers with Radar,22,16,22,0,60,10,0,24,0,34,32,16,46,0,94,22,0,22,116
01/17/2000,MLI,IL,AGL,CE,Towers with Radar,23,20,23,0,66,11,4,4,0,19,34,24,27,0,85,0,0,0,85
01/18/2000,MLI,IL,AGL,CE,Towers with Radar,34,34,43,0,111,0,0,25,0,25,34,34,68,0,136,0,0,0,136
01/19/2000,MLI,IL,AGL,CE,Towers with Radar,30,24,30,0,84,0,0,17,0,17,30,24,47,0,101,0,0,0,101
01/20/2000,MLI,IL,AGL,CE,Towers with Radar,31,35,39,0,105,0,0,21,0,21,31,35,60,0,126,2,0,2,128
01/21/2000,MLI,IL,AGL,CE,Towers with Radar,35,29,38,1,103,0,0,23,0,23,35,29,61,1,126,2,0,2,128
01/22/2000,MLI,IL,AGL,CE,Towers with Radar,22,20,8,0,50,7,5,0,11,23,29,25,8,11,73,4,10,14,87
01/23/2000,MLI,IL,AGL,CE,Towers with Radar,20,18,19,0,57,8,2,12,3,25,28,20,31,3,82,0,0,0,82
01/24/2000,MLI,IL,AGL,CE,Towers with Radar,35,30,32,1,98,1,0,26,1,28,36,30,58,2,126,62,0,62,188
01/25/2000,MLI,IL,AGL,CE,Towers with Radar,40,38,39,0,117,0,0,0,0,0,40,38,39,0,117,0,0,0,117
01/26/2000,MLI,IL,AGL,CE,Towers with Radar,39,37,39,1,116,0,4,40,3,47,39,41,79,4,163,38,0,38,201
01/27/2000,MLI,IL,AGL,CE,Towers with Radar,34,38,41,0,113,0,0,45,0,45,34,38,86,0,158,46,0,46,204
01/28/2000,MLI,IL,AGL,CE,Towers with Radar,33,29,35,0,97,0,0,25,0,25,33,29,60,0,122,24,0,24,146
01/29/2000,MLI,IL,AGL,CE,Towers with Radar,20,18,18,0,56,5,4,8,0,17,25,22,26,0,73,22,0,22,95
01/30/2000,MLI,IL,AGL,CE,Towers with Radar,15,13,10,0,38,13,0,0,0,13,28,13,10,0,51,0,0,0,51
01/31/2000,MLI,IL,AGL,CE,Towers with Radar,35,30,36,0,101,0,0,32,0,32,35,30,68,0,133,12,0,12,145
02/01/2000,MLI,IL,AGL,CE,Towers with Radar,37,34,45,3,119,0,8,10,0,18,37,42,55,3,137,42,0,42,179
02/02/2000,MLI,IL,AGL,CE,Towers with Radar,35,37,55,1,128,0,0,29,0,29,35,37,84,1,157,2,0,2,159
02/03/2000,MLI,IL,AGL,CE,Towers with Radar,37,37,50,0,124,0,0,20,0,20,37,37,70,0,144,14,0,14,158
02/04/2000,MLI,IL,AGL,CE,Towers with Radar,38,36,45,1,120,0,0,12,0,12,38,36,57,1,132,0,0,0,132
02/05/2000,MLI,IL,AGL,CE,Towers with Radar,23,21,26,0,70,6,2,35,0,43,29,23,61,0,113,28,0,28,141
02/06/2000,MLI,IL,AGL,CE,Towers with Radar,23,18,26,1,68,6,0,22,0,28,29,18,48,1,96,10,0,10,106
02/07/2000,MLI,IL,AGL,CE,Towers with Radar,31,24,36,0,91,8,0,3,0,11,39,24,39,0,102,78,0,78,180
02/08/2000,MLI,IL,AGL,CE,Towers with Radar,33,32,35,0,100,0,0,0,0,0,33,32,35,0,100,0,0,0,100
02/09/2000,MLI,IL,AGL,CE,Towers with Radar,39,38,47,0,124,0,3,37,0,40,39,41,84,0,164,84,0,84,248
02/10/2000,MLI,IL,AGL,CE,Towers with Radar,36,40,45,3,124,0,3,0,15,18,36,43,45,18,142,2,22,24,166
02/11/2000,MLI,IL,AGL,CE,Towers with Radar,35,33,41,2,111,1,1,19,0,21,36,34,60,2,132,72,0,72,204
02/12/2000,MLI,IL,AGL,CE,Towers with Radar,23,21,26,2,72,7,0,51,0,58,30,21,77,2,130,108,0,108,238
02/13/2000,MLI,IL,AGL,CE,Towers with Radar,11,11,2,0,24,17,9,0,0,26,28,20,2,0,50,0,0,0,50
02/14/2000,MLI,IL,AGL,CE,Towers with Radar,34,31,39,1,105,1,0,33,0,34,35,31,72,1,139,92,0,92,231
02/15/2000,MLI,IL,AGL,CE,Towers with Radar,38,36,48,2,124,0,0,30,2,32,38,36,78,4,156,16,0,16,172
02/16/2000,MLI,IL,AGL,CE,Towers with Radar,39,35,57,2,133,0,0,47,9,56,39,35,104,11,189,80,14,94,283
02/17/2000,MLI,IL,AGL,CE,Towers with Radar,36,30,44,0,110,0,0,18,0,18,36,30,62,0,128,88,0,88,216
02/18/2000,MLI,IL,AGL,CE,Towers with Radar,15,12,10,0,37,5,9,0,0,14,20,21,10,0,51,0,0,0,51
02/19/2000,MLI,IL,AGL,CE,Towers with Radar,27,24,31,1,83,0,2,0,2,4,27,26,31,3,87,16,0,16,103
02/20/2000,MLI,IL,AGL,CE,Towers with Radar,21,18,24,1,64,9,1,40,1,51,30,19,64,2,115,42,0,42,157
02/21/2000,MLI,IL,AGL,CE,Towers with Radar,37,23,45,0,105,0,0,45,0,45,37,23,90,0,150,40,0,40,190
02/22/2000,MLI,IL,AGL,CE,Towers with Radar,35,39,51,0,125,0,5,23,0,28,35,44,74,0,153,32,0,32,185
02/23/2000,MLI,IL,AGL,CE,Towers with Radar,36,36,48,2,122,0,0,13,4,17,36,36,61,6,139,4,0,4,143
02/24/2000,MLI,IL,AGL,CE,Towers with Radar,37,32,51,2,122,0,0,4,0,4,37,32,55,2,126,12,0,12,138
02/25/2000,MLI,IL,AGL,CE,Towers with Radar,35,28,41,0,104,4,0,16,0,20,39,28,57,0,124,16,0,16,140
02/26/2000,MLI,IL,AGL,CE,Towers with Radar,26,23,19,0,68,2,5,0,0,7,28,28,19,0,75,2,0,2,77
02/27/2000,MLI,IL,AGL,CE,Towers with Radar,22,19,25,0,66,5,6,41,0,52,27,25,66,0,118,64,0,64,182
02/28/2000,MLI,IL,AGL,CE,Towers with Radar,33,29,38,0,100,1,8,57,0,66,34,37,95,0,166,52,0,52,218
02/29/2000,MLI,IL,AGL,CE,Towers with Radar,38,36,47,2,123,0,3,10,4,17,38,39,57,6,140,18,0,18,158
03/01/2000,MLI,IL,AGL,CE,Towers with Radar,33,40,47,3,123,0,0,28,7,35,33,40,75,10,158,78,10,88,246
03/02/2000,MLI,IL,AGL,CE,Towers with Radar,35,31,42,0,108,0,0,53,0,53,35,31,95,0,161,62,0,62,223
03/03/2000,MLI,IL,AGL,CE,Towers with Radar,36,34,40,0,110,3,1,50,0,54,39,35,90,0,164,68,0,68,232
03/04/2000,MLI,IL,AGL,CE,Towers with Radar,24,23,27,0,74,5,4,6,0,15,29,27,33,0,89,40,0,40,129
03/05/2000,MLI,IL,AGL,CE,Towers with Radar,21,18,23,0,62,8,0,59,0,67,29,18,82,0,129,84,0,84,213
03/06/2000,MLI,IL,AGL,CE,Towers with Radar,33,32,37,2,104,2,2,45,2,51,35,34,82,4,155,28,0,28,183
03/07/2000,MLI,IL,AGL,CE,Towers with Radar,33,32,38,0,103,0,4,29,0,33,33,36,67,0,136,104,0,104,240
03/08/2000,MLI,IL,AGL,CE,Towers with Radar,35,33,39,2,109,2,2,12,0,16,37,35,51,2,125,20,0,20,145
03/09/2000,MLI,IL,AGL,CE,Towers with Radar,35,37,44,2,118,0,6,14,0,20,35,43,58,2,138,6,0,6,144
03/10/2000,MLI,IL,AGL,CE,Towers with Radar,34,34,42,1,111,0,0,21,0,21,34,34,63,1,132,24,0,24,156
03/11/2000,MLI,IL,AGL,CE,Towers with Radar,22,21,24,0,67,3,3,30,0,36,25,24,54,0,103,10,0,10,113
03/12/2000,MLI,IL,AGL,CE,Towers with Radar,21,20,24,2,67,9,0,42,0,51,30,20,66,2,118,62,0,62,180
03/13/2000,MLI,IL,AGL,CE,Towers with Radar,33,31,40,2,106,0,0,19,0,19,33,31,59,2,125,66,0,66,191
03/14/2000,MLI,IL,AGL,CE,Towers with Radar,37,36,43,3,119,0,2,14,1,17,37,38,57,4,136,48,0,48,184
03/15/2000,MLI,IL,AGL,CE,Towers with Radar,32,38,46,0,116,0,0,11,0,11,32,38,57,0,127,6,0,6,133
03/16/2000,MLI,IL,AGL,CE,Towers with Radar,35,34,41,0,110,0,1,35,0,36,35,35,76,0,146,30,0,30,176
03/17/2000,MLI,IL,AGL,CE,Towers with Radar,34,32,40,1,107,0,8,57,6,71,34,40,97,7,178,54,0,54,232
03/18/2000,MLI,IL,AGL,CE,Towers with Radar,22,19,24,0,65,6,7,4,0,17,28,26,28,0,82,20,0,20,102
03/19/2000,MLI,IL,AGL,CE,Towers with Radar,18,15,16,0,49,11,0,0,0,11,29,15,16,0,60,0,0,0,60
03/20/2000,MLI,IL,AGL,CE,Towers with Radar,36,25,41,1,103,0,0,2,3,5,36,25,43,4,108,0,0,0,108
03/21/2000,MLI,IL,AGL,CE,Towers with Radar,42,39,48,0,129,0,3,12,0,15,42,42,60,0,144,76,2,78,222
03/22/2000,MLI,IL,AGL,CE,Towers with Radar,40,33,57,1,131,0,0,22,0,22,40,33,79,1,153,68,0,68,221
03/23/2000,MLI,IL,AGL,CE,Towers with Radar,39,36,44,2,121,0,2,21,3,26,39,38,65,5,147,36,0,36,183
03/24/2000,MLI,IL,AGL,CE,Towers with Radar,39,38,46,2,125,0,0,8,1,9,39,38,54,3,134,18,2,20,154
03/25/2000,MLI,IL,AGL,CE,Towers with Radar,22,20,25,0,67,6,6,34,0,46,28,26,59,0,113,38,0,38,151
03/26/2000,MLI,IL,AGL,CE,Towers with Radar,19,16,21,0,56,10,0,22,0,32,29,16,43,0,88,76,0,76,164
03/27/2000,MLI,IL,AGL,CE,Towers with Radar,33,29,36,0,98,1,1,23,0,25,34,30,59,0,123,2,0,2,125
03/28/2000,MLI,IL,AGL,CE,Towers with Radar,37,37,45,0,119,0,5,12,0,17,37,42,57,0,136,26,0,26,162
03/29/2000,MLI,IL,AGL,CE,Towers with Radar,40,33,48,2,123,0,0,51,8,59,40,33,99,10,182,66,0,66,248
03/30/2000,MLI,IL,AGL,CE,Towers with Radar,40,35,49,2,126,0,0,40,0,40,40,35,89,2,166,80,0,80,246
03/31/2000,MLI,IL,AGL,CE,Towers with Radar,38,34,42,0,114,0,0,55,0,55,38,34,97,0,169,76,0,76,245
04/01/2000,MLI,IL,AGL,CE,Towers with Radar,27,24,32,1,84,0,0,24,1,25,27,24,56,2,109,38,0,38,147
04/02/2000,MLI,IL,AGL,CE,Towers with Radar,25,22,30,0,77,0,0,35,0,35,25,22,65,0,112,26,0,26,138
04/03/2000,MLI,IL,AGL,CE,Towers with Radar,32,28,34,0,94,5,17,31,0,53,37,45,65,0,147,44,0,44,191
04/04/2000,MLI,IL,AGL,CE,Towers with Radar,38,33,41,1,113,0,3,16,1,20,38,36,57,2,133,4,0,4,137
04/05/2000,MLI,IL,AGL,CE,Towers with Radar,40,35,43,1,119,0,1,7,1,9,40,36,50,2,128,0,0,0,128
04/06/2000,MLI,IL,AGL,CE,Towers with Radar,38,30,41,1,110,1,0,30,3,34,39,30,71,4,144,36,0,36,180
04/07/2000,MLI,IL,AGL,CE,Towers with Radar,31,27,33,0,91,5,3,9,0,17,36,30,42,0,108,0,0,0,108
04/08/2000,MLI,IL,AGL,CE,Towers with Radar,26,23,28,0,77,11,20,41,0,72,37,43,69,0,149,0,0,0,149
04/09/2000,MLI,IL,AGL,CE,Towers with Radar,26,17,28,0,71,8,0,31,0,39,34,17,59,0,110,60,0,60,170
04/10/2000,MLI,IL,AGL,CE,Towers with Radar,38,34,42,0,114,0,0,2,0,2,38,34,44,0,116,6,0,6,122
04/11/2000,MLI,IL,AGL,CE,Towers with Radar,4,34,42,1,81,0,4,26,0,30,4,38,68,1,111,28,0,28,139
04/12/2000,MLI,IL,AGL,CE,Towers with Radar,41,34,47,0,122,0,0,83,0,83,41,34,130,0,205,66,2,68,273
04/13/2000,MLI,IL,AGL,CE,Towers with Radar,36,31,39,0,106,5,0,36,0,41,41,31,75,0,147,74,0,74,221
04/14/2000,MLI,IL,AGL,CE,Towers with Radar,36,31,39,0,106,4,0,40,0,44,40,31,79,0,150,36,0,36,186
04/15/2000,MLI,IL,AGL,CE,Towers with Radar,24,21,26,0,71,7,5,37,0,49,31,26,63,0,120,26,0,26,146
04/16/2000,MLI,IL,AGL,CE,Towers with Radar,20,13,22,0,55,12,0,7,0,19,32,13,29,0,74,20,0,20,94
04/17/2000,MLI,IL,AGL,CE,Towers with Radar,39,32,41,1,113,3,0,4,1,8,42,32,45,2,121,0,0,0,121
04/18/2000,MLI,IL,AGL,CE,Towers with Radar,41,37,49,0,127,0,0,33,0,33,41,37,82,0,160,76,0,76,236
04/19/2000,MLI,IL,AGL,CE,Towers with Radar,37,28,39,0,104,0,0,6,0,6,37,28,45,0,110,0,0,0,110
04/20/2000,MLI,IL,AGL,CE,Towers with Radar,35,29,38,0,102,1,6,1,0,8,36,35,39,0,110,0,0,0,110
04/21/2000,MLI,IL,AGL,CE,Towers with Radar,36,31,40,0,107,0,1,40,0,41,36,32,80,0,148,24,0,24,172
04/22/2000,MLI,IL,AGL,CE,Towers with Radar,22,18,24,0,64,9,5,74,0,88,31,23,98,0,152,90,0,90,242
04/23/2000,MLI,IL,AGL,CE,Towers with Radar,22,18,24,0,64,11,1,17,2,31,33,19,41,2,95,34,0,34,129
04/24/2000,MLI,IL,AGL,CE,Towers with Radar,35,32,42,0,109,0,8,30,0,38,35,40,72,0,147,52,0,52,199
04/25/2000,MLI,IL,AGL,CE,Towers with Radar,39,34,47,0,120,0,0,71,2,73,39,34,118,2,193,0,0,0,193
04/26/2000,MLI,IL,AGL,CE,Towers with Radar,41,36,52,1,130,0,0,75,2,77,41,36,127,3,207,64,0,64,271
04/27/2000,MLI,IL,AGL,CE,Towers with Radar,39,37,53,0,129,0,0,76,0,76,39,37,129,0,205,42,0,42,247
04/28/2000,MLI,IL,AGL,CE,Towers with Radar,41,32,44,0,117,0,0,41,2,43,41,32,85,2,160,22,0,22,182
04/29/2000,MLI,IL,AGL,CE,Towers with Radar,30,24,32,0,86,1,2,8,0,11,31,26,40,0,97,84,0,84,181
04/30/2000,MLI,IL,AGL,CE,Towers with Radar,27,22,29,0,78,1,3,39,0,43,28,25,68,0,121,64,0,64,185
05/01/2000,MLI,IL,AGL,CE,Towers with Radar,34,30,40,0,104,2,4,24,0,30,36,34,64,0,134,76,0,76,210
05/02/2000,MLI,IL,AGL,CE,Towers with Radar,40,36,47,0,123,2,5,42,0,49,42,41,89,0,172,19,0,19,191
05/03/2000,MLI,IL,AGL,CE,Towers with Radar,44,44,57,2,147,0,0,30,3,33,44,44,87,5,180,20,0,20,200
05/04/2000,MLI,IL,AGL,CE,Towers with Radar,39,34,45,2,120,2,1,33,2,38,41,35,78,4,158,66,0,66,224
05/05/2000,MLI,IL,AGL,CE,Towers with Radar,38,33,43,2,116,2,0,50,0,52,40,33,93,2,168,96,0,96,264
05/06/2000,MLI,IL,AGL,CE,Towers with Radar,23,20,26,1,70,6,11,16,1,34,29,31,42,2,104,12,0,12,116
05/07/2000,MLI,IL,AGL,CE,Towers with Radar,26,19,30,0,75,6,0,32,0,38,32,19,62,0,113,30,0,30,143
05/08/2000,MLI,IL,AGL,CE,Towers with Radar,36,27,40,2,105,0,0,13,0,13,36,27,53,2,118,42,0,42,160
05/09/2000,MLI,IL,AGL,CE,Towers with Radar,38,34,42,0,114,4,6,0,0,10,42,40,42,0,124,0,0,0,124
05/10/2000,MLI,IL,AGL,CE,Towers with Radar,44,37,51,2,134,0,0,68,0,68,44,37,119,2,202,0,0,0,202
05/11/2000,MLI,IL,AGL,CE,Towers with Radar,38,45,39,2,124,0,3,8,0,11,38,48,47,2,135,72,0,72,207
05/12/2000,MLI,IL,AGL,CE,Towers with Radar,36,33,41,2,112,0,0,0,2,2,36,33,41,4,114,2,0,2,116
05/13/2000,MLI,IL,AGL,CE,Towers with Radar,27,25,31,2,85,5,1,15,2,23,32,26,46,4,108,68,4,72,180
05/14/2000,MLI,IL,AGL,CE,Towers with Radar,25,20,28,0,73,10,0,27,0,37,35,20,55,0,110,26,0,26,136
05/15/2000,MLI,IL,AGL,CE,Towers with Radar,38,32,41,1,112,1,3,52,5,61,39,35,93,6,173,76,0,76,249
05/16/2000,MLI,IL,AGL,CE,Towers with Radar,43,38,52,0,133,0,0,59,0,59,43,38,111,0,192,10,0,10,202
05/17/2000,MLI,IL,AGL,CE,Towers with Radar,36,29,39,1,105,0,0,9,1,10,36,29,48,2,115,0,0,0,115
05/18/2000,MLI,IL,AGL,CE,Towers with Radar,37,34,54,0,125,0,0,24,0,24,37,34,78,0,149,0,0,0,149
05/19/2000,MLI,IL,AGL,CE,Towers with Radar,38,34,52,1,125,0,0,27,1,28,38,34,79,2,153,0,0,0,153
05/20/2000,MLI,IL,AGL,CE,Towers with Radar,29,24,31,0,84,3,2,84,0,89,32,26,115,0,173,46,0,46,219
05/21/2000,MLI,IL,AGL,CE,Towers with Radar,28,20,31,0,79,4,0,17,0,21,32,20,48,0,100,12,0,12,112
05/22/2000,MLI,IL,AGL,CE,Towers with Radar,36,31,41,0,108,1,0,33,0,34,37,31,74,0,142,106,0,106,248
05/23/2000,MLI,IL,AGL,CE,Towers with Radar,24,35,46,1,106,0,3,73,1,77,24,38,119,2,183,40,0,40,223
05/24/2000,MLI,IL,AGL,CE,Towers with Radar,39,33,44,0,116,5,6,68,0,79,44,39,112,0,195,72,0,72,267
05/25/2000,MLI,IL,AGL,CE,Towers with Radar,40,36,47,0,123,0,3,74,0,77,40,39,121,0,200,92,2,94,294
05/26/2000,MLI,IL,AGL,CE,Towers with Radar,31,28,38,0,97,0,9,4,0,13,31,37,42,0,110,46,0,46,156
05/27/2000,MLI,IL,AGL,CE,Towers with Radar,26,25,33,0,84,0,4,0,0,4,26,29,33,0,88,2,0,2,90
05/28/2000,MLI,IL,AGL,CE,Towers with Radar,18,15,20,0,53,8,5,7,0,20,26,20,27,0,73,40,0,40,113
05/29/2000,MLI,IL,AGL,CE,Towers with Radar,29,20,32,0,81,4,0,33,0,37,33,20,65,0,118,26,0,26,144
05/30/2000,MLI,IL,AGL,CE,Towers with Radar,40,38,50,0,128,0,1,22,0,23,40,39,72,0,151,104,0,104,255
05/31/2000,MLI,IL,AGL,CE,Towers with Radar,33,28,37,1,99,3,3,10,0,16,36,31,47,1,115,62,0,62,177
06/01/2000,MLI,IL,AGL,CE,Towers with Radar,41,35,48,2,126,0,0,13,4,17,41,35,61,6,143,91,0,91,234
06/02/2000,MLI,IL,AGL,CE,Towers with Radar,40,35,52,1,128,0,0,45,0,45,40,35,97,1,173,78,0,78,251
06/03/2000,MLI,IL,AGL,CE,Towers with Radar,33,23,15,14,85,2,1,66,4,73,35,24,81,18,158,70,0,70,228
06/04/2000,MLI,IL,AGL,CE,Towers with Radar,24,19,25,0,68,14,0,14,0,28,38,19,39,0,96,0,0,0,96
06/05/2000,MLI,IL,AGL,CE,Towers with Radar,37,33,52,4,126,0,0,41,4,45,37,33,93,8,171,0,0,0,171
06/06/2000,MLI,IL,AGL,CE,Towers with Radar,41,36,47,0,124,0,1,97,0,98,41,37,144,0,222,80,0,80,302
06/07/2000,MLI,IL,AGL,CE,Towers with Radar,42,36,48,0,126,0,1,22,0,23,42,37,70,0,149,58,0,58,207
06/08/2000,MLI,IL,AGL,CE,Towers with Radar,41,37,50,0,128,0,2,52,0,54,41,39,102,0,182,60,0,60,242
06/09/2000,MLI,IL,AGL,CE,Towers with Radar,39,33,43,2,117,4,0,32,1,37,43,33,75,3,154,24,0,24,178
06/10/2000,MLI,IL,AGL,CE,Towers with Radar,23,19,25,0,67,12,7,19,0,38,35,26,44,0,105,56,0,56,161
06/11/2000,MLI,IL,AGL,CE,Towers with Radar,28,18,31,1,78,6,0,16,0,22,34,18,47,1,100,40,0,40,140
06/12/2000,MLI,IL,AGL,CE,Towers with Radar,39,30,49,0,118,0,0,23,0,23,39,30,72,0,141,12,0,12,153
06/13/2000,MLI,IL,AGL,CE,Towers with Radar,33,28,37,0,98,5,4,7,0,16,38,32,44,0,114,0,0,0,114
06/14/2000,MLI,IL,AGL,CE,Towers with Radar,39,36,47,2,124,0,0,14,0,14,39,36,61,2,138,0,0,0,138
06/15/2000,MLI,IL,AGL,CE,Towers with Radar,44,35,52,0,131,0,0,46,0,46,44,35,98,0,177,10,0,10,187
06/16/2000,MLI,IL,AGL,CE,Towers with Radar,36,30,40,2,108,0,7,25,5,37,36,37,65,7,145,36,0,36,181
06/17/2000,MLI,IL,AGL,CE,Towers with Radar,26,22,29,1,78,7,8,80,0,95,33,30,109,1,173,108,2,110,283
06/18/2000,MLI,IL,AGL,CE,Towers with Radar,21,18,24,0,63,10,4,57,0,71,31,22,81,0,134,32,0,32,166
06/19/2000,MLI,IL,AGL,CE,Towers with Radar,33,29,38,2,102,0,5,41,7,53,33,34,79,9,155,42,4,46,201
06/20/2000,MLI,IL,AGL,CE,Towers with Radar,36,34,45,0,115,0,0,12,0,12,36,34,57,0,127,2,0,2,129
06/21/2000,MLI,IL,AGL,CE,Towers with Radar,40,36,52,3,131,0,0,25,18,43,40,36,77,21,174,12,16,28,202
06/22/2000,MLI,IL,AGL,CE,Towers with Radar,41,34,45,0,120,3,1,52,0,56,44,35,97,0,176,72,0,72,248
06/23/2000,MLI,IL,AGL,CE,Towers with Radar,41,34,48,2,125,0,0,20,0,20,41,34,68,2,145,16,0,16,161
06/24/2000,MLI,IL,AGL,CE,Towers with Radar,24,19,26,0,69,10,7,4,0,21,34,26,30,0,90,14,0,14,104
06/25/2000,MLI,IL,AGL,CE,Towers with Radar,27,17,29,0,73,8,0,48,0,56,35,17,77,0,129,116,0,116,245
06/26/2000,MLI,IL,AGL,CE,Towers with Radar,40,34,47,2,123,0,4,44,1,49,40,38,91,3,172,94,0,94,266
06/27/2000,MLI,IL,AGL,CE,Towers with Radar,48,38,52,2,140,25,3,74,0,102,73,41,126,2,242,70,0,70,312
06/28/2000,MLI,IL,AGL,CE,Towers with Radar,43,34,52,3,132,0,0,23,0,23,43,34,75,3,155,44,0,44,199
06/29/2000,MLI,IL,AGL,CE,Towers with Radar,44,37,52,0,133,0,0,80,0,80,44,37,132,0,213,60,0,60,273
06/30/2000,MLI,IL,AGL,CE,Towers with Radar,43,36,49,2,130,0,1,45,0,46,43,37,94,2,176,50,0,50,226
07/01/2000,MLI,IL,AGL,CE,Towers with Radar,26,25,34,2,87,8,1,41,0,50,34,26,75,2,137,78,0,78,215
07/02/2000,MLI,IL,AGL,CE,Towers with Radar,18,17,22,0,57,14,0,4,0,18,32,17,26,0,75,0,0,0,75
07/03/2000,MLI,IL,AGL,CE,Towers with Radar,28,28,38,0,94,0,3,13,0,16,28,31,51,0,110,30,0,30,140
07/04/2000,MLI,IL,AGL,CE,Towers with Radar,22,21,14,0,57,13,4,0,0,17,35,25,14,0,74,4,0,4,78
07/05/2000,MLI,IL,AGL,CE,Towers with Radar,39,27,58,5,129,0,0,20,2,22,39,27,78,7,151,26,6,32,183
07/06/2000,MLI,IL,AGL,CE,Towers with Radar,32,35,49,5,121,0,2,36,8,46,32,37,85,13,167,106,10,116,283
07/07/2000,MLI,IL,AGL,CE,Towers with Radar,37,29,56,5,127,0,0,68,6,74,37,29,124,11,201,68,12,80,281
07/08/2000,MLI,IL,AGL,CE,Towers with Radar,25,23,32,0,80,10,0,67,0,77,35,23,99,0,157,108,0,108,265
07/09/2000,MLI,IL,AGL,CE,Towers with Radar,22,18,27,2,69,13,0,35,0,48,35,18,62,2,117,34,0,34,151
07/10/2000,MLI,IL,AGL,CE,Towers with Radar,34,32,44,4,114,2,5,23,0,30,36,37,67,4,144,98,0,98,242
07/11/2000,MLI,IL,AGL,CE,Towers with Radar,39,42,62,6,149,0,0,36,0,36,39,42,98,6,185,64,0,64,249
07/12/2000,MLI,IL,AGL,CE,Towers with Radar,39,37,55,3,134,0,0,24,0,24,39,37,79,3,158,30,2,32,190
07/13/2000,MLI,IL,AGL,CE,Towers with Radar,37,41,57,5,140,0,2,75,12,89,37,43,132,17,229,92,40,132,361
07/14/2000,MLI,IL,AGL,CE,Towers with Radar,37,32,47,4,120,2,11,68,2,83,39,43,115,6,203,88,30,118,321
07/15/2000,MLI,IL,AGL,CE,Towers with Radar,27,24,35,3,89,5,2,78,23,108,32,26,113,26,197,36,38,74,271
07/16/2000,MLI,IL,AGL,CE,Towers with Radar,25,21,31,3,80,6,1,44,7,58,31,22,75,10,138,56,0,56,194
07/17/2000,MLI,IL,AGL,CE,Towers with Radar,36,34,49,4,123,0,5,46,1,52,36,39,95,5,175,52,0,52,227
07/18/2000,MLI,IL,AGL,CE,Towers with Radar,42,37,54,0,133,0,0,43,0,43,42,37,97,0,176,44,0,44,220
07/19/2000,MLI,IL,AGL,CE,Towers with Radar,35,33,48,0,116,0,4,28,0,32,35,37,76,0,148,58,0,58,206
07/20/2000,MLI,IL,AGL,CE,Towers with Radar,41,38,55,0,134,0,4,43,0,47,41,42,98,0,181,46,0,46,227
07/21/2000,MLI,IL,AGL,CE,Towers with Radar,32,28,40,3,103,8,7,12,7,34,40,35,52,10,137,52,0,52,189
07/22/2000,MLI,IL,AGL,CE,Towers with Radar,25,22,32,0,79,9,3,79,0,91,34,25,111,0,170,66,0,66,236
07/23/2000,MLI,IL,AGL,CE,Towers with Radar,27,22,34,0,83,6,0,35,0,41,33,22,69,0,124,46,0,46,170
07/24/2000,MLI,IL,AGL,CE,Towers with Radar,35,31,44,2,112,3,13,78,0,94,38,44,122,2,206,92,0,92,298
07/25/2000,MLI,IL,AGL,CE,Towers with Radar,40,36,52,0,128,0,6,37,0,43,40,42,89,0,171,54,0,54,225
07/26/2000,MLI,IL,AGL,CE,Towers with Radar,41,40,57,0,138,0,0,25,0,25,41,40,82,0,163,20,0,20,183
07/27/2000,MLI,IL,AGL,CE,Towers with Radar,38,38,52,4,132,0,3,17,0,20,38,41,69,4,152,44,0,44,196
07/28/2000,MLI,IL,AGL,CE,Towers with Radar,29,34,54,0,117,0,0,37,0,37,29,34,91,0,154,24,0,24,178
07/29/2000,MLI,IL,AGL,CE,Towers with Radar,33,34,52,2,121,0,0,5,0,5,33,34,57,2,126,0,0,0,126
07/30/2000,MLI,IL,AGL,CE,Towers with Radar,30,24,49,4,107,0,0,14,1,15,30,24,63,5,122,34,0,34,156
07/31/2000,MLI,IL,AGL,CE,Towers with Radar,37,35,53,4,129,0,0,7,7,14,37,35,60,11,143,26,8,34,177
08/01/2000,MLI,IL,AGL,CE,Towers with Radar,41,33,53,2,129,0,0,38,6,44,41,33,91,8,173,44,0,44,217
08/02/2000,MLI,IL,AGL,CE,Towers with Radar,36,32,48,6,122,3,0,40,0,43,39,32,88,6,165,34,0,34,199
08/03/2000,MLI,IL,AGL,CE,Towers with Radar,35,30,43,0,108,1,0,55,0,56,36,30,98,0,164,90,0,90,254
08/04/2000,MLI,IL,AGL,CE,Towers with Radar,35,35,38,0,108,1,0,66,0,67,36,35,104,0,175,0,0,0,175
08/05/2000,MLI,IL,AGL,CE,Towers with Radar,23,22,29,0,74,11,10,0,0,21,34,32,29,0,95,0,0,0,95
08/06/2000,MLI,IL,AGL,CE,Towers with Radar,32,18,26,4,80,2,0,28,1,31,34,18,54,5,111,48,2,50,161
08/07/2000,MLI,IL,AGL,CE,Towers with Radar,33,31,41,1,106,1,2,42,0,45,34,33,83,1,151,52,0,52,203
08/08/2000,MLI,IL,AGL,CE,Towers with Radar,40,36,50,0,126,2,0,33,0,35,42,36,83,0,161,64,0,64,225
08/09/2000,MLI,IL,AGL,CE,Towers with Radar,35,33,46,1,115,0,0,42,3,45,35,33,88,4,160,46,0,46,206
08/10/2000,MLI,IL,AGL,CE,Towers with Radar,43,35,51,1,130,2,0,72,1,75,45,35,123,2,205,140,0,140,345
08/11/2000,MLI,IL,AGL,CE,Towers with Radar,37,33,43,0,113,4,5,69,0,78,41,38,112,0,191,116,0,116,307
08/12/2000,MLI,IL,AGL,CE,Towers with Radar,24,21,28,0,73,6,4,73,0,83,30,25,101,0,156,130,0,130,286
08/13/2000,MLI,IL,AGL,CE,Towers with Radar,27,19,31,2,79,5,0,26,1,32,32,19,57,3,111,34,0,34,145
08/14/2000,MLI,IL,AGL,CE,Towers with Radar,38,34,45,1,118,0,4,32,0,36,38,38,77,1,154,78,0,78,232
08/15/2000,MLI,IL,AGL,CE,Towers with Radar,36,33,43,2,114,4,9,31,0,44,40,42,74,2,158,86,0,86,244
08/16/2000,MLI,IL,AGL,CE,Towers with Radar,37,37,48,0,122,0,1,41,0,42,37,38,89,0,164,89,0,89,253
08/17/2000,MLI,IL,AGL,CE,Towers with Radar,34,39,53,0,126,0,0,32,0,32,34,39,85,0,158,56,0,56,214
08/18/2000,MLI,IL,AGL,CE,Towers with Radar,39,35,45,2,121,2,4,43,0,49,41,39,88,2,170,96,0,96,266
08/19/2000,MLI,IL,AGL,CE,Towers with Radar,29,25,34,2,90,5,0,45,0,50,34,25,79,2,140,52,0,52,192
08/20/2000,MLI,IL,AGL,CE,Towers with Radar,28,24,33,2,87,8,0,48,2,58,36,24,81,4,145,66,0,66,211
08/21/2000,MLI,IL,AGL,CE,Towers with Radar,36,32,42,2,112,0,4,44,0,48,36,36,86,2,160,20,0,20,180
08/22/2000,MLI,IL,AGL,CE,Towers with Radar,36,37,48,2,123,0,2,15,0,17,36,39,63,2,140,48,0,48,188
08/23/2000,MLI,IL,AGL,CE,Towers with Radar,36,32,43,0,111,0,1,24,0,25,36,33,67,0,136,44,0,44,180
08/24/2000,MLI,IL,AGL,CE,Towers with Radar,32,37,49,0,118,0,5,42,0,47,32,42,91,0,165,120,0,120,285
08/25/2000,MLI,IL,AGL,CE,Towers with Radar,43,38,50,0,131,5,2,37,0,44,48,40,87,0,175,144,0,144,319
08/26/2000,MLI,IL,AGL,CE,Towers with Radar,28,25,31,0,84,5,1,0,0,6,33,26,31,0,90,42,0,42,132
08/27/2000,MLI,IL,AGL,CE,Towers with Radar,30,16,36,0,82,4,0,12,0,16,34,16,48,0,98,46,0,46,144
08/28/2000,MLI,IL,AGL,CE,Towers with Radar,37,33,45,1,116,0,0,1,3,4,37,33,46,4,120,28,0,28,148
08/29/2000,MLI,IL,AGL,CE,Towers with Radar,34,41,58,2,135,0,0,31,6,37,34,41,89,8,172,46,6,52,224
08/30/2000,MLI,IL,AGL,CE,Towers with Radar,39,42,63,0,144,0,0,20,0,20,39,42,83,0,164,24,0,24,188
08/31/2000,MLI,IL,AGL,CE,Towers with Radar,36,34,45,0,115,0,7,36,0,43,36,41,81,0,158,12,0,12,170
09/01/2000,MLI,IL,AGL,CE,Towers with Radar,33,36,41,0,110,3,0,27,0,30,36,36,68,0,140,68,0,68,208
09/02/2000,MLI,IL,AGL,CE,Towers with Radar,26,30,33,0,89,7,4,52,0,63,33,34,85,0,152,88,0,88,240
09/03/2000,MLI,IL,AGL,CE,Towers with Radar,18,12,22,0,52,9,0,12,0,21,27,12,34,0,73,42,0,42,115
09/04/2000,MLI,IL,AGL,CE,Towers with Radar,24,21,30,0,75,5,0,33,0,38,29,21,63,0,113,42,0,42,155
09/05/2000,MLI,IL,AGL,CE,Towers with Radar,31,36,40,0,107,5,1,35,0,41,36,37,75,0,148,96,0,96,244
09/06/2000,MLI,IL,AGL,CE,Towers with Radar,36,44,50,1,131,0,0,67,1,68,36,44,117,2,199,83,4,87,286
09/07/2000,MLI,IL,AGL,CE,Towers with Radar,35,36,47,1,119,0,0,58,1,59,35,36,105,2,178,75,1,76,254
09/08/2000,MLI,IL,AGL,CE,Towers with Radar,37,39,51,1,128,0,0,47,0,47,37,39,98,1,175,120,0,120,295
09/09/2000,MLI,IL,AGL,CE,Towers with Radar,32,25,40,0,97,0,0,12,0,12,32,25,52,0,109,26,0,26,135
09/10/2000,MLI,IL,AGL,CE,Towers with Radar,24,19,29,0,72,4,0,39,0,43,28,19,68,0,115,6,0,6,121
09/11/2000,MLI,IL,AGL,CE,Towers with Radar,27,29,44,0,100,0,0,22,0,22,27,29,66,0,122,44,0,44,166
09/12/2000,MLI,IL,AGL,CE,Towers with Radar,37,37,50,1,125,0,0,44,1,45,37,37,94,2,170,70,0,70,240
09/13/2000,MLI,IL,AGL,CE,Towers with Radar,37,44,49,0,130,0,7,1,0,8,37,51,50,0,138,76,0,76,214
09/14/2000,MLI,IL,AGL,CE,Towers with Radar,32,42,47,1,122,0,0,27,4,31,32,42,74,5,153,82,0,82,235
09/15/2000,MLI,IL,AGL,CE,Towers with Radar,33,41,46,0,120,0,9,59,0,68,33,50,105,0,188,20,20,40,228
09/16/2000,MLI,IL,AGL,CE,Towers with Radar,25,27,30,0,82,7,6,45,0,58,32,33,75,0,140,16,0,16,156
09/17/2000,MLI,IL,AGL,CE,Towers with Radar,25,27,31,0,83,8,3,36,0,47,33,30,67,0,130,12,0,12,142
09/18/2000,MLI,IL,AGL,CE,Towers with Radar,34,37,41,1,113,2,4,73,1,80,36,41,114,2,193,88,0,88,281
09/19/2000,MLI,IL,AGL,CE,Towers with Radar,37,42,47,1,127,0,5,0,3,8,37,47,47,4,135,10,6,16,151
09/20/2000,MLI,IL,AGL,CE,Towers with Radar,33,42,52,1,128,0,0,16,3,19,33,42,68,4,147,30,0,30,177
09/21/2000,MLI,IL,AGL,CE,Towers with Radar,33,47,52,0,132,0,0,55,0,55,33,47,107,0,187,66,0,66,253
09/22/2000,MLI,IL,AGL,CE,Towers with Radar,34,40,45,0,119,0,8,28,0,36,34,48,73,0,155,12,0,12,167
09/23/2000,MLI,IL,AGL,CE,Towers with Radar,29,31,34,0,94,3,0,5,0,8,32,31,39,0,102,22,0,22,124
09/24/2000,MLI,IL,AGL,CE,Towers with Radar,28,27,33,0,88,4,0,23,0,27,32,27,56,0,115,30,0,30,145
09/25/2000,MLI,IL,AGL,CE,Towers with Radar,33,37,39,1,110,1,1,46,1,49,34,38,85,2,159,132,0,132,291
09/26/2000,MLI,IL,AGL,CE,Towers with Radar,34,49,38,12,133,1,0,73,0,74,35,49,111,12,207,86,0,86,293
09/27/2000,MLI,IL,AGL,CE,Towers with Radar,35,43,46,1,125,0,10,63,1,74,35,53,109,2,199,90,0,90,289
09/28/2000,MLI,IL,AGL,CE,Towers with Radar,31,35,37,0,103,6,9,73,0,88,37,44,110,0,191,48,0,48,239
09/29/2000,MLI,IL,AGL,CE,Towers with Radar,35,40,42,0,117,2,4,50,0,56,37,44,92,0,173,76,0,76,249
09/30/2000,MLI,IL,AGL,CE,Towers with Radar,22,24,26,0,72,11,12,28,0,51,33,36,54,0,123,92,0,92,215
10/01/2000,MLI,IL,AGL,CE,Towers with Radar,22,26,25,0,73,10,4,28,0,42,32,30,53,0,115,30,0,30,145
10/02/2000,MLI,IL,AGL,CE,Towers with Radar,32,36,35,3,106,4,0,41,3,48,36,36,76,6,154,62,0,62,216
10/03/2000,MLI,IL,AGL,CE,Towers with Radar,35,45,43,2,125,0,10,46,0,56,35,55,89,2,181,28,0,28,209
10/04/2000,MLI,IL,AGL,CE,Towers with Radar,40,44,47,2,133,0,0,26,0,26,40,44,73,2,159,72,0,72,231
10/05/2000,MLI,IL,AGL,CE,Towers with Radar,33,41,46,2,122,0,0,19,0,19,33,41,65,2,141,62,0,62,203
10/06/2000,MLI,IL,AGL,CE,Towers with Radar,30,45,46,0,121,0,0,31,0,31,30,45,77,0,152,14,0,14,166
10/07/2000,MLI,IL,AGL,CE,Towers with Radar,25,29,27,0,81,8,1,43,0,52,33,30,70,0,133,60,0,60,193
10/08/2000,MLI,IL,AGL,CE,Towers with Radar,22,26,25,0,73,9,1,40,0,50,31,27,65,0,123,26,0,26,149
10/09/2000,MLI,IL,AGL,CE,Towers with Radar,27,32,30,0,89,6,2,41,0,49,33,34,71,0,138,40,0,40,178
10/10/2000,MLI,IL,AGL,CE,Towers with Radar,37,39,41,3,120,2,0,60,2,64,39,39,101,5,184,46,0,46,230
10/11/2000,MLI,IL,AGL,CE,Towers with Radar,37,38,43,3,121,0,0,68,1,69,37,38,111,4,190,52,0,52,242
10/12/2000,MLI,IL,AGL,CE,Towers with Radar,36,37,39,3,115,2,0,41,0,43,38,37,80,3,158,66,0,66,224
10/13/2000,MLI,IL,AGL,CE,Towers with Radar,37,46,48,0,131,0,0,61,0,61,37,46,109,0,192,68,0,68,260
10/14/2000,MLI,IL,AGL,CE,Towers with Radar,23,27,26,0,76,9,3,29,0,41,32,30,55,0,117,58,0,58,175
10/15/2000,MLI,IL,AGL,CE,Towers with Radar,29,27,31,0,87,3,0,52,0,55,32,27,83,0,142,80,0,80,222
10/16/2000,MLI,IL,AGL,CE,Towers with Radar,36,39,44,3,122,0,0,4,10,14,36,39,48,13,136,0,12,12,148
10/17/2000,MLI,IL,AGL,CE,Towers with Radar,34,43,43,0,120,0,3,20,0,23,34,46,63,0,143,48,0,48,191
10/18/2000,MLI,IL,AGL,CE,Towers with Radar,37,43,48,0,128,0,0,52,0,52,37,43,100,0,180,64,0,64,244
10/19/2000,MLI,IL,AGL,CE,Towers with Radar,34,40,42,0,116,0,0,69,0,69,34,40,111,0,185,44,0,44,229
10/20/2000,MLI,IL,AGL,CE,Towers with Radar,39,43,44,1,127,0,0,55,0,55,39,43,99,1,182,40,0,40,222
10/21/2000,MLI,IL,AGL,CE,Towers with Radar,26,28,28,1,83,7,4,48,1,60,33,32,76,2,143,66,0,66,209
10/22/2000,MLI,IL,AGL,CE,Towers with Radar,25,27,27,1,80,8,0,15,2,25,33,27,42,3,105,40,4,44,149
10/23/2000,MLI,IL,AGL,CE,Towers with Radar,36,38,43,0,117,0,0,13,0,13,36,38,56,0,130,20,0,20,150
10/24/2000,MLI,IL,AGL,CE,Towers with Radar,32,40,36,1,109,0,4,0,0,4,32,44,36,1,113,0,0,0,113
10/25/2000,MLI,IL,AGL,CE,Towers with Radar,33,42,42,1,118,0,13,12,0,25,33,55,54,1,143,22,0,22,165
10/26/2000,MLI,IL,AGL,CE,Towers with Radar,37,43,43,2,125,0,8,25,1,34,37,51,68,3,159,82,0,82,241
10/27/2000,MLI,IL,AGL,CE,Towers with Radar,36,39,44,2,121,0,0,31,2,33,36,39,75,4,154,104,0,104,258
10/28/2000,MLI,IL,AGL,CE,Towers with Radar,30,32,33,0,95,5,0,0,0,5,35,32,33,0,100,94,0,94,194
10/29/2000,MLI,IL,AGL,CE,Towers with Radar,24,27,27,1,79,4,7,32,1,44,28,34,59,2,123,80,0,80,203
10/30/2000,MLI,IL,AGL,CE,Towers with Radar,36,39,38,2,115,1,0,29,6,36,37,39,67,8,151,96,0,96,247
10/31/2000,MLI,IL,AGL,CE,Towers with Radar,37,44,42,2,125,0,5,48,4,57,37,49,90,6,182,150,0,150,332
11/01/2000,MLI,IL,AGL,CE,Towers with Radar,37,56,47,1,141,0,8,10,0,18,37,64,57,1,159,76,0,76,235
11/02/2000,MLI,IL,AGL,CE,Towers with Radar,36,41,42,3,122,0,0,41,3,44,36,41,83,6,166,110,0,110,276
11/03/2000,MLI,IL,AGL,CE,Towers with Radar,39,49,41,2,131,0,5,37,0,42,39,54,78,2,173,160,0,160,333
11/04/2000,MLI,IL,AGL,CE,Towers with Radar,28,32,28,0,88,5,0,38,0,43,33,32,66,0,131,110,0,110,241
11/05/2000,MLI,IL,AGL,CE,Towers with Radar,25,28,25,0,78,8,0,32,0,40,33,28,57,0,118,12,0,12,130
11/06/2000,MLI,IL,AGL,CE,Towers with Radar,29,42,34,2,107,0,5,0,4,9,29,47,34,6,116,0,0,0,116
11/07/2000,MLI,IL,AGL,CE,Towers with Radar,34,44,37,0,115,0,1,28,0,29,34,45,65,0,144,34,0,34,178
11/08/2000,MLI,IL,AGL,CE,Towers with Radar,40,46,42,3,131,0,0,1,0,1,40,46,43,3,132,46,0,46,178
11/09/2000,MLI,IL,AGL,CE,Towers with Radar,34,40,34,1,109,3,4,4,0,11,37,44,38,1,120,2,0,2,122
11/10/2000,MLI,IL,AGL,CE,Towers with Radar,38,48,42,2,130,0,0,19,0,19,38,48,61,2,149,40,0,40,189
11/11/2000,MLI,IL,AGL,CE,Towers with Radar,23,26,23,0,72,11,2,5,0,18,34,28,28,0,90,2,0,2,92
11/12/2000,MLI,IL,AGL,CE,Towers with Radar,24,27,24,0,75,8,0,1,0,9,32,27,25,0,84,24,0,24,108
11/13/2000,MLI,IL,AGL,CE,Towers with Radar,28,33,22,2,85,6,4,0,0,10,34,37,22,2,95,0,0,0,95
11/14/2000,MLI,IL,AGL,CE,Towers with Radar,38,46,39,2,125,0,4,18,2,24,38,50,57,4,149,24,0,24,173
11/15/2000,MLI,IL,AGL,CE,Towers with Radar,37,46,39,1,123,0,4,61,3,68,37,50,100,4,191,32,0,32,223
11/16/2000,MLI,IL,AGL,CE,Towers with Radar,35,40,32,1,108,1,3,0,1,5,36,43,32,2,113,2,0,2,115
11/17/2000,MLI,IL,AGL,CE,Towers with Radar,37,40,40,0,117,0,0,38,0,38,37,40,78,0,155,56,0,56,211
11/18/2000,MLI,IL,AGL,CE,Towers with Radar,23,27,22,0,72,10,4,7,0,21,33,31,29,0,93,56,0,56,149
11/19/2000,MLI,IL,AGL,CE,Towers with Radar,29,29,6,0,64,10,1,14,0,25,39,30,20,0,89,22,0,22,111
11/20/2000,MLI,IL,AGL,CE,Towers with Radar,34,40,32,0,106,1,1,9,0,11,35,41,41,0,117,14,0,14,131
11/21/2000,MLI,IL,AGL,CE,Towers with Radar,36,47,39,1,123,0,4,39,3,46,36,51,78,4,169,42,0,42,211
11/22/2000,MLI,IL,AGL,CE,Towers with Radar,34,50,43,0,127,0,1,51,0,52,34,51,94,0,179,48,0,48,227
11/23/2000,MLI,IL,AGL,CE,Towers with Radar,14,16,13,0,43,14,1,25,0,40,28,17,38,0,83,34,0,34,117
11/24/2000,MLI,IL,AGL,CE,Towers with Radar,22,23,20,0,65,6,0,44,0,50,28,23,64,0,115,50,0,50,165
11/25/2000,MLI,IL,AGL,CE,Towers with Radar,24,27,22,0,73,6,3,17,0,26,30,30,39,0,99,62,0,62,161
11/26/2000,MLI,IL,AGL,CE,Towers with Radar,33,29,33,0,95,0,0,30,0,30,33,29,63,0,125,14,0,14,139
11/27/2000,MLI,IL,AGL,CE,Towers with Radar,37,34,36,0,107,0,0,17,0,17,37,34,53,0,124,24,0,24,148
11/28/2000,MLI,IL,AGL,CE,Towers with Radar,34,43,38,1,116,0,0,38,3,41,34,43,76,4,157,28,0,28,185
11/29/2000,MLI,IL,AGL,CE,Towers with Radar,37,42,35,0,114,1,1,10,0,12,38,43,45,0,126,0,0,0,126
11/30/2000,MLI,IL,AGL,CE,Towers with Radar,31,45,44,2,122,0,0,10,4,14,31,45,54,6,136,74,0,74,210
12/01/2000,MLI,IL,AGL,CE,Towers with Radar,37,38,35,0,110,0,0,4,0,4,37,38,39,0,114,0,0,0,114
12/02/2000,MLI,IL,AGL,CE,Towers with Radar,30,31,27,0,88,3,0,36,0,39,33,31,63,0,127,100,0,100,227
12/03/2000,MLI,IL,AGL,CE,Towers with Radar,29,28,14,2,73,4,0,45,0,49,33,28,59,2,122,52,0,52,174
12/04/2000,MLI,IL,AGL,CE,Towers with Radar,38,35,40,2,115,0,0,34,0,34,38,35,74,2,149,68,0,68,217
12/05/2000,MLI,IL,AGL,CE,Towers with Radar,34,50,47,2,133,0,0,54,2,56,34,50,101,4,189,108,0,108,297
12/06/2000,MLI,IL,AGL,CE,Towers with Radar,44,52,55,2,153,0,0,36,5,41,44,52,91,7,194,10,0,10,204
12/07/2000,MLI,IL,AGL,CE,Towers with Radar,31,39,30,1,101,0,8,0,5,13,31,47,30,6,114,24,0,24,138
12/08/2000,MLI,IL,AGL,CE,Towers with Radar,36,48,41,0,125,0,0,46,0,46,36,48,87,0,171,10,0,10,181
12/09/2000,MLI,IL,AGL,CE,Towers with Radar,32,31,29,0,92,3,0,61,0,64,35,31,90,0,156,62,0,62,218
12/10/2000,MLI,IL,AGL,CE,Towers with Radar,26,30,23,0,79,5,0,12,0,17,31,30,35,0,96,10,0,10,106
12/11/2000,MLI,IL,AGL,CE,Towers with Radar,8,10,4,0,22,6,8,0,0,14,14,18,4,0,36,0,0,0,36
12/12/2000,MLI,IL,AGL,CE,Towers with Radar,35,41,33,0,109,0,9,25,0,34,35,50,58,0,143,0,0,0,143
12/13/2000,MLI,IL,AGL,CE,Towers with Radar,20,39,24,0,83,0,1,0,0,1,20,40,24,0,84,0,0,0,84
12/14/2000,MLI,IL,AGL,CE,Towers with Radar,40,38,44,2,124,0,0,12,1,13,40,38,56,3,137,24,0,24,161
12/15/2000,MLI,IL,AGL,CE,Towers with Radar,25,38,26,0,89,0,8,0,3,11,25,46,26,3,100,2,0,2,102
12/16/2000,MLI,IL,AGL,CE,Towers with Radar,15,18,9,0,42,11,11,0,0,22,26,29,9,0,64,0,0,0,64
12/17/2000,MLI,IL,AGL,CE,Towers with Radar,20,23,12,0,55,9,9,0,0,18,29,32,12,0,73,6,0,6,79
12/18/2000,MLI,IL,AGL,CE,Towers with Radar,26,24,24,0,74,2,0,5,0,7,28,24,29,0,81,20,0,20,101
12/19/2000,MLI,IL,AGL,CE,Towers with Radar,38,42,40,0,120,0,0,17,0,17,38,42,57,0,137,8,0,8,145
12/20/2000,MLI,IL,AGL,CE,Towers with Radar,32,41,46,0,119,2,0,0,0,2,34,41,46,0,121,4,0,4,125
12/21/2000,MLI,IL,AGL,CE,Towers with Radar,38,39,35,0,112,1,0,3,0,4,39,39,38,0,116,36,0,36,152
12/22/2000,MLI,IL,AGL,CE,Towers with Radar,37,41,34,0,112,0,0,2,0,2,37,41,36,0,114,28,0,28,142
12/23/2000,MLI,IL,AGL,CE,Towers with Radar,22,23,20,0,65,7,6,7,0,20,29,29,27,0,85,4,0,4,89
12/24/2000,MLI,IL,AGL,CE,Towers with Radar,14,15,6,0,35,11,2,0,0,13,25,17,6,0,48,0,0,0,48
12/25/2000,MLI,IL,AGL,CE,Towers with Radar,15,16,5,0,36,14,9,0,0,23,29,25,5,0,59,6,0,6,65
12/26/2000,MLI,IL,AGL,CE,Towers with Radar,33,33,30,0,96,0,0,5,0,5,33,33,35,0,101,42,0,42,143
12/27/2000,MLI,IL,AGL,CE,Towers with Radar,39,42,37,0,118,0,0,40,0,40,39,42,77,0,158,70,0,70,228
12/28/2000,MLI,IL,AGL,CE,Towers with Radar,29,32,23,0,84,5,2,0,0,7,34,34,23,0,91,18,0,18,109
12/29/2000,MLI,IL,AGL,CE,Towers with Radar,28,30,14,0,72,3,11,0,0,14,31,41,14,0,86,0,0,0,86
12/30/2000,MLI,IL,AGL,CE,Towers with Radar,24,26,18,0,68,2,5,0,0,7,26,31,18,0,75,24,0,24,99
12/31/2000,MLI,IL,AGL,CE,Towers with Radar,16,16,7,0,39,10,3,0,0,13,26,19,7,0,52,12,0,12,64
01/01/2001,MLI,IL,AGL,CE,Towers with Radar,16,20,15,0,51,13,4,21,0,38,29,24,36,0,89,24,0,24,113
01/02/2001,MLI,IL,AGL,CE,Towers with Radar,29,35,28,0,92,5,0,22,0,27,34,35,50,0,119,36,0,36,155
01/03/2001,MLI,IL,AGL,CE,Towers with Radar,38,43,34,2,117,1,0,7,0,8,39,43,41,2,125,20,0,20,145
01/04/2001,MLI,IL,AGL,CE,Towers with Radar,29,44,32,0,105,0,0,0,0,0,29,44,32,0,105,28,0,28,133
01/05/2001,MLI,IL,AGL,CE,Towers with Radar,34,46,33,0,113,0,2,23,0,25,34,48,56,0,138,2,0,2,140
01/06/2001,MLI,IL,AGL,CE,Towers with Radar,26,31,24,0,81,8,0,50,0,58,34,31,74,0,139,96,0,96,235
01/07/2001,MLI,IL,AGL,CE,Towers with Radar,29,24,5,0,58,0,0,7,0,7,29,24,12,0,65,4,0,4,69
01/08/2001,MLI,IL,AGL,CE,Towers with Radar,35,45,30,0,110,0,1,9,0,10,35,46,39,0,120,10,0,10,130
01/09/2001,MLI,IL,AGL,CE,Towers with Radar,39,47,34,0,120,0,0,33,0,33,39,47,67,0,153,108,0,108,261
01/10/2001,MLI,IL,AGL,CE,Towers with Radar,38,44,39,0,121,0,0,30,0,30,38,44,69,0,151,76,0,76,227
01/11/2001,MLI,IL,AGL,CE,Towers with Radar,31,44,43,0,118,2,0,14,0,16,33,44,57,0,134,30,0,30,164
01/12/2001,MLI,IL,AGL,CE,Towers with Radar,32,47,32,0,111,0,9,3,0,12,32,56,35,0,123,0,0,0,123
01/13/2001,MLI,IL,AGL,CE,Towers with Radar,26,31,23,0,80,9,0,11,0,20,35,31,34,0,100,16,0,16,116
01/14/2001,MLI,IL,AGL,CE,Towers with Radar,15,21,13,0,49,18,19,10,0,47,33,40,23,0,96,0,0,0,96
01/15/2001,MLI,IL,AGL,CE,Towers with Radar,32,41,28,0,101,2,7,16,0,25,34,48,44,0,126,32,0,32,158
01/16/2001,MLI,IL,AGL,CE,Towers with Radar,33,51,35,1,120,0,2,47,1,50,33,53,82,2,170,16,0,16,186
01/17/2001,MLI,IL,AGL,CE,Towers with Radar,24,23,11,0,58,0,0,0,0,0,24,23,11,0,58,0,0,0,58
01/18/2001,MLI,IL,AGL,CE,Towers with Radar,35,57,43,1,136,0,0,31,2,33,35,57,74,3,169,60,0,60,229
01/19/2001,MLI,IL,AGL,CE,Towers with Radar,37,52,37,0,126,0,0,0,0,0,37,52,37,0,126,0,0,0,126
01/20/2001,MLI,IL,AGL,CE,Towers with Radar,21,25,19,0,65,10,7,43,0,60,31,32,62,0,125,52,0,52,177
01/21/2001,MLI,IL,AGL,CE,Towers with Radar,24,29,21,0,74,5,5,38,0,48,29,34,59,0,122,66,0,66,188
01/22/2001,MLI,IL,AGL,CE,Towers with Radar,35,43,36,0,114,0,0,15,0,15,35,43,51,0,129,28,0,28,157
01/23/2001,MLI,IL,AGL,CE,Towers with Radar,35,48,35,0,118,0,2,31,0,33,35,50,66,0,151,22,0,22,173
01/24/2001,MLI,IL,AGL,CE,Towers with Radar,35,51,37,0,123,0,0,25,0,25,35,51,62,0,148,50,0,50,198
01/25/2001,MLI,IL,AGL,CE,Towers with Radar,34,49,36,0,119,0,0,36,0,36,34,49,72,0,155,16,0,16,171
01/26/2001,MLI,IL,AGL,CE,Towers with Radar,29,37,21,0,87,0,15,0,0,15,29,52,21,0,102,0,0,0,102
01/27/2001,MLI,IL,AGL,CE,Towers with Radar,27,31,23,0,81,5,0,35,0,40,32,31,58,0,121,26,0,26,147
01/28/2001,MLI,IL,AGL,CE,Towers with Radar,16,19,15,0,50,10,10,9,0,29,26,29,24,0,79,12,0,12,91
01/29/2001,MLI,IL,AGL,CE,Towers with Radar,23,28,20,0,71,5,8,0,0,13,28,36,20,0,84,0,0,0,84
01/30/2001,MLI,IL,AGL,CE,Towers with Radar,30,36,24,0,90,2,8,0,0,10,32,44,24,0,100,24,0,24,124
01/31/2001,MLI,IL,AGL,CE,Towers with Radar,36,44,36,1,117,0,0,5,19,24,36,44,41,20,141,98,24,122,263
02/01/2001,MLI,IL,AGL,CE,Towers with Radar,38,48,41,0,127,0,0,2,0,2,38,48,43,0,129,0,0,0,129
02/02/2001,MLI,IL,AGL,CE,Towers with Radar,39,46,36,0,121,0,4,4,0,8,39,50,40,0,129,0,0,0,129
02/03/2001,MLI,IL,AGL,CE,Towers with Radar,25,30,23,2,80,2,1,21,4,28,27,31,44,6,108,74,10,84,192
02/04/2001,MLI,IL,AGL,CE,Towers with Radar,23,27,11,2,63,3,0,0,0,3,26,27,11,2,66,0,0,0,66
02/05/2001,MLI,IL,AGL,CE,Towers with Radar,36,45,36,0,117,0,0,0,0,0,36,45,36,0,117,38,0,38,155
02/06/2001,MLI,IL,AGL,CE,Towers with Radar,38,50,43,3,134,0,0,26,4,30,38,50,69,7,164,40,0,40,204
02/07/2001,MLI,IL,AGL,CE,Towers with Radar,37,36,35,0,108,0,0,6,0,6,37,36,41,0,114,0,0,0,114
02/08/2001,MLI,IL,AGL,CE,Towers with Radar,29,28,27,0,84,3,0,15,0,18,32,28,42,0,102,0,0,0,102
02/09/2001,MLI,IL,AGL,CE,Towers with Radar,24,28,21,0,73,11,8,0,0,19,35,36,21,0,92,0,0,0,92
02/10/2001,MLI,IL,AGL,CE,Towers with Radar,27,32,25,0,84,5,2,45,0,52,32,34,70,0,136,90,0,90,226
02/11/2001,MLI,IL,AGL,CE,Towers with Radar,21,25,19,0,65,9,8,37,0,54,30,33,56,0,119,24,0,24,143
02/12/2001,MLI,IL,AGL,CE,Towers with Radar,38,42,35,2,117,0,0,37,4,41,38,42,72,6,158,46,0,46,204
02/13/2001,MLI,IL,AGL,CE,Towers with Radar,36,44,38,0,118,0,0,7,0,7,36,44,45,0,125,0,0,0,125
02/14/2001,MLI,IL,AGL,CE,Towers with Radar,33,40,22,0,95,0,8,0,0,8,33,48,22,0,103,0,0,0,103
02/15/2001,MLI,IL,AGL,CE,Towers with Radar,37,41,39,2,119,0,0,7,0,7,37,41,46,2,126,8,0,8,134
02/16/2001,MLI,IL,AGL,CE,Towers with Radar,39,45,39,0,123,0,0,8,0,8,39,45,47,0,131,10,0,10,141
02/17/2001,MLI,IL,AGL,CE,Towers with Radar,28,31,26,0,85,7,5,21,0,33,35,36,47,0,118,72,0,72,190
02/18/2001,MLI,IL,AGL,CE,Towers with Radar,24,27,23,0,74,5,2,35,0,42,29,29,58,0,116,104,0,104,220
02/19/2001,MLI,IL,AGL,CE,Towers with Radar,34,38,31,0,103,1,1,24,0,26,35,39,55,0,129,20,0,20,149
02/20/2001,MLI,IL,AGL,CE,Towers with Radar,34,38,37,1,110,0,0,37,1,38,34,38,74,2,148,74,0,74,222
02/21/2001,MLI,IL,AGL,CE,Towers with Radar,36,46,39,0,121,0,0,12,0,12,36,46,51,0,133,132,0,132,265
02/22/2001,MLI,IL,AGL,CE,Towers with Radar,40,45,39,0,124,0,0,23,0,23,40,45,62,0,147,28,0,28,175
02/23/2001,MLI,IL,AGL,CE,Towers with Radar,38,44,40,0,122,0,0,9,0,9,38,44,49,0,131,4,0,4,135
02/24/2001,MLI,IL,AGL,CE,Towers with Radar,16,17,2,0,35,15,8,0,0,23,31,25,2,0,58,0,0,0,58
02/25/2001,MLI,IL,AGL,CE,Towers with Radar,16,18,15,0,49,8,9,2,0,19,24,27,17,0,68,0,0,0,68
02/26/2001,MLI,IL,AGL,CE,Towers with Radar,40,41,38,0,119,0,0,33,0,33,40,41,71,0,152,36,0,36,188
02/27/2001,MLI,IL,AGL,CE,Towers with Radar,41,48,40,0,129,0,3,26,0,29,41,51,66,0,158,0,0,0,158
02/28/2001,MLI,IL,AGL,CE,Towers with Radar,33,55,47,2,137,0,0,42,18,60,33,55,89,20,197,114,12,126,323
03/01/2001,MLI,IL,AGL,CE,Towers with Radar,41,46,40,1,128,0,0,36,3,39,41,46,76,4,167,10,0,10,177
03/02/2001,MLI,IL,AGL,CE,Towers with Radar,39,42,36,0,117,2,3,8,0,13,41,45,44,0,130,74,0,74,204
03/03/2001,MLI,IL,AGL,CE,Towers with Radar,33,33,28,0,94,2,0,0,0,2,35,33,28,0,96,44,0,44,140
03/04/2001,MLI,IL,AGL,CE,Towers with Radar,25,27,23,0,75,9,4,5,0,18,34,31,28,0,93,70,0,70,163
03/05/2001,MLI,IL,AGL,CE,Towers with Radar,36,39,33,0,108,4,3,28,0,35,40,42,61,0,143,36,0,36,179
03/06/2001,MLI,IL,AGL,CE,Towers with Radar,41,49,42,0,132,0,0,21,0,21,41,49,63,0,153,38,0,38,191
03/07/2001,MLI,IL,AGL,CE,Towers with Radar,35,44,37,2,118,0,10,23,6,39,35,54,60,8,157,54,0,54,211
03/08/2001,MLI,IL,AGL,CE,Towers with Radar,40,46,41,2,129,0,0,8,2,10,40,46,49,4,139,16,0,16,155
03/09/2001,MLI,IL,AGL,CE,Towers with Radar,40,45,38,2,125,1,2,41,4,48,41,47,79,6,173,96,0,96,269
03/10/2001,MLI,IL,AGL,CE,Towers with Radar,26,28,24,0,78,5,6,27,0,38,31,34,51,0,116,32,0,32,148
03/11/2001,MLI,IL,AGL,CE,Towers with Radar,27,28,25,0,80,5,0,40,0,45,32,28,65,0,125,56,0,56,181
03/12/2001,MLI,IL,AGL,CE,Towers with Radar,35,39,31,0,105,3,1,0,0,4,38,40,31,0,109,18,0,18,127
03/13/2001,MLI,IL,AGL,CE,Towers with Radar,30,49,51,0,130,4,0,7,0,11,34,49,58,0,141,6,0,6,147
03/14/2001,MLI,IL,AGL,CE,Towers with Radar,48,46,46,2,142,1,0,42,0,43,49,46,88,2,185,80,0,80,265
03/15/2001,MLI,IL,AGL,CE,Towers with Radar,34,41,36,0,111,0,3,0,0,3,34,44,36,0,114,8,0,8,122
03/16/2001,MLI,IL,AGL,CE,Towers with Radar,30,33,27,0,90,7,10,0,0,17,37,43,27,0,107,0,0,0,107
03/17/2001,MLI,IL,AGL,CE,Towers with Radar,25,29,23,0,77,7,2,38,0,47,32,31,61,0,124,0,72,72,196
03/18/2001,MLI,IL,AGL,CE,Towers with Radar,25,29,24,0,78,6,7,66,0,79,31,36,90,0,157,72,0,72,229
03/19/2001,MLI,IL,AGL,CE,Towers with Radar,34,44,38,2,118,0,0,47,0,47,34,44,85,2,165,32,0,32,197
03/20/2001,MLI,IL,AGL,CE,Towers with Radar,38,45,37,0,120,0,0,56,0,56,38,45,93,0,176,52,0,52,228
03/21/2001,MLI,IL,AGL,CE,Towers with Radar,42,45,46,0,133,0,0,37,0,37,42,45,83,0,170,52,0,52,222
03/22/2001,MLI,IL,AGL,CE,Towers with Radar,36,50,48,0,134,0,0,42,0,42,36,50,90,0,176,22,0,22,198
03/23/2001,MLI,IL,AGL,CE,Towers with Radar,37,50,42,1,130,0,1,7,1,9,37,51,49,2,139,44,0,44,183
03/24/2001,MLI,IL,AGL,CE,Towers with Radar,28,31,26,0,85,3,1,21,0,25,31,32,47,0,110,30,0,30,140
03/25/2001,MLI,IL,AGL,CE,Towers with Radar,27,23,24,0,74,1,0,0,0,1,28,23,24,0,75,0,0,0,75
03/26/2001,MLI,IL,AGL,CE,Towers with Radar,33,38,31,0,102,0,0,42,2,44,33,38,73,2,146,70,0,70,216
03/27/2001,MLI,IL,AGL,CE,Towers with Radar,39,49,40,1,129,0,1,54,1,56,39,50,94,2,185,50,0,50,235
03/28/2001,MLI,IL,AGL,CE,Towers with Radar,36,42,42,1,121,3,0,27,1,31,39,42,69,2,152,112,0,112,264
03/29/2001,MLI,IL,AGL,CE,Towers with Radar,35,50,46,1,132,0,0,13,5,18,35,50,59,6,150,26,0,26,176
03/30/2001,MLI,IL,AGL,CE,Towers with Radar,37,41,38,1,117,0,0,22,3,25,37,41,60,4,142,64,0,64,206
03/31/2001,MLI,IL,AGL,CE,Towers with Radar,26,29,24,0,79,7,3,6,0,16,33,32,30,0,95,22,0,22,117
04/01/2001,MLI,IL,AGL,CE,Towers with Radar,25,28,25,1,79,6,0,35,2,43,31,28,60,3,122,30,0,30,152
04/02/2001,MLI,IL,AGL,CE,Towers with Radar,28,33,27,2,90,9,8,46,2,65,37,41,73,4,155,70,0,70,225
04/03/2001,MLI,IL,AGL,CE,Towers with Radar,33,44,37,2,116,0,2,28,12,42,33,46,65,14,158,38,12,50,208
04/04/2001,MLI,IL,AGL,CE,Towers with Radar,36,41,34,0,111,3,3,25,0,31,39,44,59,0,142,52,0,52,194
04/05/2001,MLI,IL,AGL,CE,Towers with Radar,36,41,34,2,113,2,15,7,0,24,38,56,41,2,137,2,0,2,139
04/06/2001,MLI,IL,AGL,CE,Towers with Radar,30,38,31,2,101,0,6,10,0,16,30,44,41,2,117,0,0,0,117
04/07/2001,MLI,IL,AGL,CE,Towers with Radar,30,30,10,0,70,0,2,5,0,7,30,32,15,0,77,14,0,14,91
04/08/2001,MLI,IL,AGL,CE,Towers with Radar,25,23,23,0,71,5,0,92,0,97,30,23,115,0,168,82,0,82,250
04/09/2001,MLI,IL,AGL,CE,Towers with Radar,34,34,32,0,100,2,0,27,0,29,36,34,59,0,129,72,0,72,201
04/10/2001,MLI,IL,AGL,CE,Towers with Radar,43,55,40,0,138,0,0,0,0,0,43,55,40,0,138,4,0,4,142
04/11/2001,MLI,IL,AGL,CE,Towers with Radar,32,34,31,0,97,1,0,4,0,5,33,34,35,0,102,14,0,14,116
04/12/2001,MLI,IL,AGL,CE,Towers with Radar,34,42,35,0,111,0,0,16,0,16,34,42,51,0,127,0,0,0,127
04/13/2001,MLI,IL,AGL,CE,Towers with Radar,34,39,33,0,106,0,0,86,0,86,34,39,119,0,192,52,0,52,244
04/14/2001,MLI,IL,AGL,CE,Towers with Radar,23,27,22,0,72,2,7,56,0,65,25,34,78,0,137,80,0,80,217
04/15/2001,MLI,IL,AGL,CE,Towers with Radar,23,24,22,0,69,10,0,11,0,21,33,24,33,0,90,54,0,54,144
04/16/2001,MLI,IL,AGL,CE,Towers with Radar,33,40,34,0,107,0,4,10,0,14,33,44,44,0,121,10,0,10,131
04/17/2001,MLI,IL,AGL,CE,Towers with Radar,37,43,36,1,117,0,2,50,1,53,37,45,86,2,170,38,0,38,208
04/18/2001,MLI,IL,AGL,CE,Towers with Radar,39,44,39,2,124,0,0,54,0,54,39,44,93,2,178,60,0,60,238
04/19/2001,MLI,IL,AGL,CE,Towers with Radar,37,45,44,2,128,0,0,41,0,41,37,45,85,2,169,54,0,54,223
04/20/2001,MLI,IL,AGL,CE,Towers with Radar,37,45,42,1,125,0,0,16,0,16,37,45,58,1,141,82,0,82,223
04/21/2001,MLI,IL,AGL,CE,Towers with Radar,21,25,20,0,66,7,5,5,0,17,28,30,25,0,83,24,0,24,107
04/22/2001,MLI,IL,AGL,CE,Towers with Radar,26,22,21,1,70,6,0,0,0,6,32,22,21,1,76,98,0,98,174
04/23/2001,MLI,IL,AGL,CE,Towers with Radar,34,38,31,0,103,0,1,10,0,11,34,39,41,0,114,0,0,0,114
04/24/2001,MLI,IL,AGL,CE,Towers with Radar,37,48,40,2,127,0,2,105,10,117,37,50,145,12,244,52,0,52,296
04/25/2001,MLI,IL,AGL,CE,Towers with Radar,39,41,40,2,122,0,0,59,2,61,39,41,99,4,183,14,0,14,197
04/26/2001,MLI,IL,AGL,CE,Towers with Radar,36,43,38,2,119,0,0,85,4,89,36,43,123,6,208,46,0,46,254
04/27/2001,MLI,IL,AGL,CE,Towers with Radar,36,47,39,0,122,0,1,48,0,49,36,48,87,0,171,26,0,26,197
04/28/2001,MLI,IL,AGL,CE,Towers with Radar,25,27,22,0,74,3,1,50,0,54,28,28,72,0,128,36,0,36,164
04/29/2001,MLI,IL,AGL,CE,Towers with Radar,26,28,23,1,78,4,0,35,0,39,30,28,58,1,117,32,0,32,149
04/30/2001,MLI,IL,AGL,CE,Towers with Radar,27,29,24,0,80,7,10,18,0,35,34,39,42,0,115,10,0,10,125
05/01/2001,MLI,IL,AGL,CE,Towers with Radar,33,37,34,2,106,1,6,24,2,33,34,43,58,4,139,40,0,40,179
05/02/2001,MLI,IL,AGL,CE,Towers with Radar,33,43,40,2,118,0,0,32,0,32,33,43,72,2,150,58,0,58,208
05/03/2001,MLI,IL,AGL,CE,Towers with Radar,35,43,43,2,123,0,0,14,12,26,35,43,57,14,149,72,14,86,235
05/04/2001,MLI,IL,AGL,CE,Towers with Radar,39,49,47,0,135,0,0,18,0,18,39,49,65,0,153,8,0,8,161
05/05/2001,MLI,IL,AGL,CE,Towers with Radar,28,28,29,0,85,2,0,75,0,77,30,28,104,0,162,40,0,40,202
05/06/2001,MLI,IL,AGL,CE,Towers with Radar,20,22,21,0,63,11,0,0,0,11,31,22,21,0,74,42,0,42,116
05/07/2001,MLI,IL,AGL,CE,Towers with Radar,38,42,39,0,119,1,0,6,0,7,39,42,45,0,126,32,0,32,158
05/08/2001,MLI,IL,AGL,CE,Towers with Radar,36,41,37,2,116,2,8,43,0,53,38,49,80,2,169,58,0,58,227
05/09/2001,MLI,IL,AGL,CE,Towers with Radar,40,41,42,0,123,0,0,58,0,58,40,41,100,0,181,22,0,22,203
05/10/2001,MLI,IL,AGL,CE,Towers with Radar,34,39,36,0,109,0,1,22,0,23,34,40,58,0,132,36,0,36,168
05/11/2001,MLI,IL,AGL,CE,Towers with Radar,36,48,43,0,127,0,0,37,0,37,36,48,80,0,164,20,0,20,184
05/12/2001,MLI,IL,AGL,CE,Towers with Radar,27,27,28,0,82,6,0,272,0,278,33,27,300,0,360,8,0,8,368
05/13/2001,MLI,IL,AGL,CE,Towers with Radar,21,22,21,0,64,13,2,21,0,36,34,24,42,0,100,32,0,32,132
05/14/2001,MLI,IL,AGL,CE,Towers with Radar,34,40,38,0,112,0,0,29,0,29,34,40,67,0,141,16,0,16,157
05/15/2001,MLI,IL,AGL,CE,Towers with Radar,36,45,32,4,117,2,1,24,0,27,38,46,56,4,144,62,0,62,206
05/16/2001,MLI,IL,AGL,CE,Towers with Radar,37,42,42,0,121,0,0,29,0,29,37,42,71,0,150,88,0,88,238
05/17/2001,MLI,IL,AGL,CE,Towers with Radar,37,43,40,0,120,0,3,24,0,27,37,46,64,0,147,22,0,22,169
05/18/2001,MLI,IL,AGL,CE,Towers with Radar,39,42,39,1,121,0,5,46,6,57,39,47,85,7,178,70,6,76,254
05/19/2001,MLI,IL,AGL,CE,Towers with Radar,23,24,23,0,70,9,3,54,0,66,32,27,77,0,136,16,0,16,152
05/20/2001,MLI,IL,AGL,CE,Towers with Radar,28,25,30,1,84,0,0,34,1,35,28,25,64,2,119,8,0,8,127
05/21/2001,MLI,IL,AGL,CE,Towers with Radar,32,36,32,0,100,2,2,11,0,15,34,38,43,0,115,28,0,28,143
05/22/2001,MLI,IL,AGL,CE,Towers with Radar,38,41,38,1,118,0,4,8,1,13,38,45,46,2,131,34,0,34,165
05/23/2001,MLI,IL,AGL,CE,Towers with Radar,37,48,46,2,133,0,0,9,4,13,37,48,55,6,146,6,0,6,152
05/24/2001,MLI,IL,AGL,CE,Towers with Radar,39,44,41,1,125,0,8,14,3,25,39,52,55,4,150,10,0,10,160
05/25/2001,MLI,IL,AGL,CE,Towers with Radar,35,40,41,1,117,0,0,25,5,30,35,40,66,6,147,10,0,10,157
05/26/2001,MLI,IL,AGL,CE,Towers with Radar,19,20,11,0,50,6,3,0,0,9,25,23,11,0,59,0,0,0,59
05/27/2001,MLI,IL,AGL,CE,Towers with Radar,18,18,18,0,54,6,0,33,0,39,24,18,51,0,93,56,0,56,149
05/28/2001,MLI,IL,AGL,CE,Towers with Radar,21,22,21,0,64,7,1,31,1,40,28,23,52,1,104,22,0,22,126
05/29/2001,MLI,IL,AGL,CE,Towers with Radar,36,41,38,0,115,0,5,43,0,48,36,46,81,0,163,134,0,134,297
05/30/2001,MLI,IL,AGL,CE,Towers with Radar,38,46,41,1,126,0,7,45,1,53,38,53,86,2,179,70,2,72,251
05/31/2001,MLI,IL,AGL,CE,Towers with Radar,33,42,36,0,111,0,0,0,0,0,33,42,36,0,111,2,0,2,113
06/01/2001,MLI,IL,AGL,CE,Towers with Radar,34,38,42,1,115,4,3,21,0,28,38,41,63,1,143,30,0,30,173
06/02/2001,MLI,IL,AGL,CE,Towers with Radar,27,24,33,3,87,2,0,27,5,34,29,24,60,8,121,22,20,42,163
06/03/2001,MLI,IL,AGL,CE,Towers with Radar,25,25,30,2,82,4,0,38,0,42,29,25,68,2,124,128,0,128,252
06/04/2001,MLI,IL,AGL,CE,Towers with Radar,30,33,37,0,100,0,0,15,0,15,30,33,52,0,115,78,0,78,193
06/05/2001,MLI,IL,AGL,CE,Towers with Radar,31,34,29,0,94,4,10,0,0,14,35,44,29,0,108,0,6,6,114
06/06/2001,MLI,IL,AGL,CE,Towers with Radar,33,45,62,2,142,0,0,18,0,18,33,45,80,2,160,16,0,16,176
06/07/2001,MLI,IL,AGL,CE,Towers with Radar,34,48,60,4,146,0,0,38,2,40,34,48,98,6,186,52,0,52,238
06/08/2001,MLI,IL,AGL,CE,Towers with Radar,41,43,47,0,131,1,3,44,0,48,42,46,91,0,179,54,0,54,233
06/09/2001,MLI,IL,AGL,CE,Towers with Radar,26,23,29,0,78,6,0,52,0,58,32,23,81,0,136,94,0,94,230
06/10/2001,MLI,IL,AGL,CE,Towers with Radar,25,24,29,0,78,8,0,17,0,25,33,24,46,0,103,34,0,34,137
06/11/2001,MLI,IL,AGL,CE,Towers with Radar,30,31,35,0,96,6,1,52,0,59,36,32,87,0,155,42,0,42,197
06/12/2001,MLI,IL,AGL,CE,Towers with Radar,36,38,42,1,117,2,14,20,0,36,38,52,62,1,153,40,0,40,193
06/13/2001,MLI,IL,AGL,CE,Towers with Radar,34,41,47,1,123,0,0,44,0,44,34,41,91,1,167,28,0,28,195
06/14/2001,MLI,IL,AGL,CE,Towers with Radar,35,36,40,0,111,1,1,22,0,24,36,37,62,0,135,12,0,12,147
06/15/2001,MLI,IL,AGL,CE,Towers with Radar,40,42,48,3,133,0,0,6,2,8,40,42,54,5,141,60,10,70,211
06/16/2001,MLI,IL,AGL,CE,Towers with Radar,23,24,27,2,76,7,0,45,1,53,30,24,72,3,129,52,0,52,181
06/17/2001,MLI,IL,AGL,CE,Towers with Radar,22,23,26,0,71,14,0,54,0,68,36,23,80,0,139,24,0,24,163
06/18/2001,MLI,IL,AGL,CE,Towers with Radar,31,33,37,2,103,6,10,24,2,42,37,43,61,4,145,8,0,8,153
06/19/2001,MLI,IL,AGL,CE,Towers with Radar,39,41,46,3,129,1,1,46,11,59,40,42,92,14,188,84,6,90,278
06/20/2001,MLI,IL,AGL,CE,Towers with Radar,36,49,59,8,152,0,2,36,5,43,36,51,95,13,195,86,0,86,281
06/21/2001,MLI,IL,AGL,CE,Towers with Radar,29,40,55,4,128,0,0,39,4,43,29,40,94,8,171,64,22,86,257
06/22/2001,MLI,IL,AGL,CE,Towers with Radar,32,39,53,2,126,0,0,67,0,67,32,39,120,2,193,76,0,76,269
06/23/2001,MLI,IL,AGL,CE,Towers with Radar,24,25,28,3,80,6,1,64,0,71,30,26,92,3,151,96,2,98,249
06/24/2001,MLI,IL,AGL,CE,Towers with Radar,23,23,27,2,75,13,0,49,4,66,36,23,76,6,141,24,0,24,165
06/25/2001,MLI,IL,AGL,CE,Towers with Radar,32,35,39,3,109,0,7,35,1,43,32,42,74,4,152,72,2,74,226
06/26/2001,MLI,IL,AGL,CE,Towers with Radar,35,39,44,0,118,0,5,64,0,69,35,44,108,0,187,60,0,60,247
06/27/2001,MLI,IL,AGL,CE,Towers with Radar,46,50,56,5,157,0,6,45,12,63,46,56,101,17,220,140,20,160,380
06/28/2001,MLI,IL,AGL,CE,Towers with Radar,38,40,27,4,109,3,0,42,0,45,41,40,69,4,154,118,0,118,272
06/29/2001,MLI,IL,AGL,CE,Towers with Radar,37,42,47,3,129,0,0,49,1,50,37,42,96,4,179,34,0,34,213
06/30/2001,MLI,IL,AGL,CE,Towers with Radar,27,26,32,0,85,2,0,53,0,55,29,26,85,0,140,80,0,80,220
07/01/2001,MLI,IL,AGL,CE,Towers with Radar,23,24,22,2,71,7,0,39,4,50,30,24,61,6,121,50,0,50,171
07/02/2001,MLI,IL,AGL,CE,Towers with Radar,33,34,32,2,101,2,3,31,3,39,35,37,63,5,140,48,0,48,188
07/03/2001,MLI,IL,AGL,CE,Towers with Radar,28,42,37,4,111,2,0,15,0,17,30,42,52,4,128,38,0,38,166
07/04/2001,MLI,IL,AGL,CE,Towers with Radar,18,18,18,0,54,16,6,35,0,57,34,24,53,0,111,76,0,76,187
07/05/2001,MLI,IL,AGL,CE,Towers with Radar,32,28,30,0,90,4,0,31,0,35,36,28,61,0,125,70,0,70,195
07/06/2001,MLI,IL,AGL,CE,Towers with Radar,31,31,29,2,93,4,4,42,0,50,35,35,71,2,143,72,0,72,215
07/07/2001,MLI,IL,AGL,CE,Towers with Radar,18,18,17,0,53,11,5,24,0,40,29,23,41,0,93,54,0,54,147
07/08/2001,MLI,IL,AGL,CE,Towers with Radar,27,24,24,1,76,3,0,13,0,16,30,24,37,1,92,22,0,22,114
07/09/2001,MLI,IL,AGL,CE,Towers with Radar,34,33,32,2,101,0,0,28,4,32,34,33,60,6,133,6,14,20,153
07/10/2001,MLI,IL,AGL,CE,Towers with Radar,33,43,38,0,114,0,1,59,0,60,33,44,97,0,174,34,0,34,208
07/11/2001,MLI,IL,AGL,CE,Towers with Radar,33,34,30,2,99,4,5,48,2,59,37,39,78,4,158,104,0,104,262
07/12/2001,MLI,IL,AGL,CE,Towers with Radar,35,35,32,2,104,3,0,50,4,57,38,35,82,6,161,60,0,60,221
07/13/2001,MLI,IL,AGL,CE,Towers with Radar,38,39,35,2,114,2,2,50,2,56,40,41,85,4,170,46,0,46,216
07/14/2001,MLI,IL,AGL,CE,Towers with Radar,22,21,20,1,64,12,1,54,2,69,34,22,74,3,133,80,0,80,213
07/15/2001,MLI,IL,AGL,CE,Towers with Radar,22,21,20,1,64,11,3,50,1,65,33,24,70,2,129,72,0,72,201
07/16/2001,MLI,IL,AGL,CE,Towers with Radar,33,33,30,2,98,0,6,59,0,65,33,39,89,2,163,80,0,80,243
07/17/2001,MLI,IL,AGL,CE,Towers with Radar,36,36,41,1,114,0,0,36,3,39,36,36,77,4,153,154,0,154,307
07/18/2001,MLI,IL,AGL,CE,Towers with Radar,28,27,25,1,81,0,4,22,7,33,28,31,47,8,114,6,0,6,120
07/19/2001,MLI,IL,AGL,CE,Towers with Radar,43,47,44,0,134,0,5,21,0,26,43,52,65,0,160,28,0,28,188
07/20/2001,MLI,IL,AGL,CE,Towers with Radar,39,40,37,1,117,0,3,49,5,57,39,43,86,6,174,24,4,28,202
07/21/2001,MLI,IL,AGL,CE,Towers with Radar,33,20,13,0,66,1,0,23,0,24,34,20,36,0,90,6,0,6,96
07/22/2001,MLI,IL,AGL,CE,Towers with Radar,31,23,28,1,83,9,0,23,1,33,40,23,51,2,116,30,0,30,146
07/23/2001,MLI,IL,AGL,CE,Towers with Radar,32,37,35,0,104,0,0,38,0,38,32,37,73,0,142,18,0,18,160
07/24/2001,MLI,IL,AGL,CE,Towers with Radar,33,44,41,0,118,0,7,55,0,62,33,51,96,0,180,32,0,32,212
07/25/2001,MLI,IL,AGL,CE,Towers with Radar,31,49,45,1,126,0,5,8,0,13,31,54,53,1,139,28,0,28,167
07/26/2001,MLI,IL,AGL,CE,Towers with Radar,35,43,44,0,122,0,0,42,0,42,35,43,86,0,164,14,0,14,178
07/27/2001,MLI,IL,AGL,CE,Towers with Radar,36,39,32,0,107,5,0,46,0,51,41,39,78,0,158,58,2,60,218
07/28/2001,MLI,IL,AGL,CE,Towers with Radar,28,22,31,0,81,0,0,27,0,27,28,22,58,0,108,10,0,10,118
07/29/2001,MLI,IL,AGL,CE,Towers with Radar,33,30,35,0,98,0,0,47,0,47,33,30,82,0,145,56,0,56,201
07/30/2001,MLI,IL,AGL,CE,Towers with Radar,37,38,35,0,110,0,0,50,0,50,37,38,85,0,160,22,0,22,182
07/31/2001,MLI,IL,AGL,CE,Towers with Radar,33,37,34,0,104,0,7,23,0,30,33,44,57,0,134,16,0,16,150
08/01/2001,MLI,IL,AGL,CE,Towers with Radar,38,39,40,2,119,3,1,16,0,20,41,40,56,2,139,70,6,76,215
08/02/2001,MLI,IL,AGL,CE,Towers with Radar,33,34,34,0,101,1,3,2,0,6,34,37,36,0,107,0,0,0,107
08/03/2001,MLI,IL,AGL,CE,Towers with Radar,32,34,34,0,100,0,13,41,0,54,32,47,75,0,154,46,0,46,200
08/04/2001,MLI,IL,AGL,CE,Towers with Radar,24,24,25,1,74,7,0,40,1,48,31,24,65,2,122,50,0,50,172
08/05/2001,MLI,IL,AGL,CE,Towers with Radar,20,22,22,0,64,10,4,34,0,48,30,26,56,0,112,26,0,26,138
08/06/2001,MLI,IL,AGL,CE,Towers with Radar,35,36,37,0,108,10,3,14,0,27,45,39,51,0,135,24,0,24,159
08/07/2001,MLI,IL,AGL,CE,Towers with Radar,34,38,39,0,111,0,2,45,0,47,34,40,84,0,158,40,0,40,198
08/08/2001,MLI,IL,AGL,CE,Towers with Radar,41,44,46,2,133,0,3,35,13,51,41,47,81,15,184,8,18,26,210
08/09/2001,MLI,IL,AGL,CE,Towers with Radar,31,5,36,1,73,0,0,28,0,28,31,5,64,1,101,46,0,46,147
08/10/2001,MLI,IL,AGL,CE,Towers with Radar,31,34,35,0,100,0,6,71,0,77,31,40,106,0,177,60,0,60,237
08/11/2001,MLI,IL,AGL,CE,Towers with Radar,31,32,35,0,98,0,0,41,0,41,31,32,76,0,139,80,0,80,219
08/12/2001,MLI,IL,AGL,CE,Towers with Radar,24,20,25,0,69,16,0,73,0,89,40,20,98,0,158,74,0,74,232
08/13/2001,MLI,IL,AGL,CE,Towers with Radar,32,30,32,0,94,3,4,36,0,43,35,34,68,0,137,40,0,40,177
08/14/2001,MLI,IL,AGL,CE,Towers with Radar,36,35,37,0,108,2,10,46,0,58,38,45,83,0,166,72,0,72,238
08/15/2001,MLI,IL,AGL,CE,Towers with Radar,35,36,38,0,109,0,6,24,0,30,35,42,62,0,139,54,0,54,193
08/16/2001,MLI,IL,AGL,CE,Towers with Radar,36,42,44,0,122,0,0,10,0,10,36,42,54,0,132,38,0,38,170
08/17/2001,MLI,IL,AGL,CE,Towers with Radar,38,35,35,0,108,0,0,40,0,40,38,35,75,0,148,68,0,68,216
08/18/2001,MLI,IL,AGL,CE,Towers with Radar,33,23,25,3,84,0,1,10,0,11,33,24,35,3,95,12,0,12,107
08/19/2001,MLI,IL,AGL,CE,Towers with Radar,27,27,29,1,84,0,0,23,0,23,27,27,52,1,107,52,0,52,159
08/20/2001,MLI,IL,AGL,CE,Towers with Radar,33,29,33,1,96,4,0,59,1,64,37,29,92,2,160,72,0,72,232
08/21/2001,MLI,IL,AGL,CE,Towers with Radar,38,37,42,0,117,0,0,40,0,40,38,37,82,0,157,58,0,58,215
08/22/2001,MLI,IL,AGL,CE,Towers with Radar,34,36,40,1,111,0,0,20,8,28,34,36,60,9,139,60,16,76,215
08/23/2001,MLI,IL,AGL,CE,Towers with Radar,31,39,42,0,112,0,0,30,0,30,31,39,72,0,142,26,0,26,168
08/24/2001,MLI,IL,AGL,CE,Towers with Radar,30,40,42,0,112,0,5,8,0,13,30,45,50,0,125,2,0,2,127
08/25/2001,MLI,IL,AGL,CE,Towers with Radar,23,22,23,0,68,7,6,4,0,17,30,28,27,0,85,8,0,8,93
08/26/2001,MLI,IL,AGL,CE,Towers with Radar,24,23,24,0,71,7,3,79,0,89,31,26,103,0,160,44,0,44,204
08/27/2001,MLI,IL,AGL,CE,Towers with Radar,30,30,30,0,90,7,1,32,0,40,37,31,62,0,130,54,0,54,184
08/28/2001,MLI,IL,AGL,CE,Towers with Radar,38,38,39,0,115,0,0,44,0,44,38,38,83,0,159,128,0,128,287
08/29/2001,MLI,IL,AGL,CE,Towers with Radar,39,47,47,1,134,0,0,44,3,47,39,47,91,4,181,74,0,74,255
08/30/2001,MLI,IL,AGL,CE,Towers with Radar,35,34,39,1,109,0,0,30,1,31,35,34,69,2,140,46,0,46,186
08/31/2001,MLI,IL,AGL,CE,Towers with Radar,38,38,45,1,122,0,0,63,1,64,38,38,108,2,186,30,0,30,216
09/01/2001,MLI,IL,AGL,CE,Towers with Radar,23,17,21,0,61,8,0,47,0,55,31,17,68,0,116,34,0,34,150
09/02/2001,MLI,IL,AGL,CE,Towers with Radar,14,15,15,0,44,12,0,53,0,65,26,15,68,0,109,68,0,68,177
09/03/2001,MLI,IL,AGL,CE,Towers with Radar,28,22,30,0,80,0,0,34,0,34,28,22,64,0,114,34,0,34,148
09/04/2001,MLI,IL,AGL,CE,Towers with Radar,33,33,34,0,100,0,1,49,0,50,33,34,83,0,150,50,0,50,200
09/05/2001,MLI,IL,AGL,CE,Towers with Radar,34,35,36,0,105,0,7,43,0,50,34,42,79,0,155,66,0,66,221
09/06/2001,MLI,IL,AGL,CE,Towers with Radar,39,36,38,0,113,2,6,20,0,28,41,42,58,0,141,75,0,75,216
09/07/2001,MLI,IL,AGL,CE,Towers with Radar,27,28,30,0,85,0,10,15,0,25,27,38,45,0,110,28,0,28,138
09/08/2001,MLI,IL,AGL,CE,Towers with Radar,22,15,22,0,59,14,0,19,0,33,36,15,41,0,92,19,0,19,111
09/09/2001,MLI,IL,AGL,CE,Towers with Radar,25,17,20,0,62,0,8,7,0,15,25,25,27,0,77,4,0,4,81
09/10/2001,MLI,IL,AGL,CE,Towers with Radar,35,32,34,3,104,3,0,34,3,40,38,32,68,6,144,65,4,69,213
09/11/2001,MLI,IL,AGL,CE,Towers with Radar,9,6,10,0,25,7,0,10,0,17,16,6,20,0,42,7,0,7,49
09/12/2001,MLI,IL,AGL,CE,Towers with Radar,0,0,0,0,0,0,0,0,0,0,0,0,0,0,0,0,0,0,0
09/13/2001,MLI,IL,AGL,CE,Towers with Radar,8,8,0,0,16,1,8,0,0,9,9,16,0,0,25,0,0,0,25
09/14/2001,MLI,IL,AGL,CE,Towers with Radar,23,22,3,2,50,9,16,0,2,27,32,38,3,4,77,13,0,13,90
09/15/2001,MLI,IL,AGL,CE,Towers with Radar,30,24,29,2,85,229,0,0,0,229,259,24,29,2,314,0,2,2,316
09/16/2001,MLI,IL,AGL,CE,Towers with Radar,31,30,31,3,95,5,2,0,1,8,36,32,31,4,103,0,4,4,107
09/17/2001,MLI,IL,AGL,CE,Towers with Radar,29,40,35,2,106,0,1,0,8,9,29,41,35,10,115,12,0,12,127
09/18/2001,MLI,IL,AGL,CE,Towers with Radar,35,24,35,0,94,2,0,3,0,5,37,24,38,0,99,0,0,0,99
09/19/2001,MLI,IL,AGL,CE,Towers with Radar,33,39,41,2,115,0,15,4,0,19,33,54,45,2,134,4,0,4,138
09/20/2001,MLI,IL,AGL,CE,Towers with Radar,29,32,34,2,97,0,1,2,1,4,29,33,36,3,101,12,0,12,113
09/21/2001,MLI,IL,AGL,CE,Towers with Radar,34,28,40,2,104,0,0,4,4,8,34,28,44,6,112,0,0,0,112
09/22/2001,MLI,IL,AGL,CE,Towers with Radar,33,31,33,0,97,14,3,77,0,94,47,34,110,0,191,56,0,56,247
09/23/2001,MLI,IL,AGL,CE,Towers with Radar,32,29,33,2,96,7,0,13,2,22,39,29,46,4,118,6,0,6,124
09/24/2001,MLI,IL,AGL,CE,Towers with Radar,39,42,45,3,129,0,11,37,13,61,39,53,82,16,190,20,0,20,210
09/25/2001,MLI,IL,AGL,CE,Towers with Radar,40,38,40,2,120,3,3,32,2,40,43,41,72,4,160,64,0,64,224
09/26/2001,MLI,IL,AGL,CE,Towers with Radar,24,35,38,1,98,0,6,57,0,63,24,41,95,1,161,50,0,50,211
09/27/2001,MLI,IL,AGL,CE,Towers with Radar,37,35,42,2,116,0,0,56,0,56,37,35,98,2,172,175,0,175,347
09/28/2001,MLI,IL,AGL,CE,Towers with Radar,32,32,41,2,107,0,0,45,0,45,32,32,86,2,152,63,0,63,215
09/29/2001,MLI,IL,AGL,CE,Towers with Radar,23,17,23,0,63,4,0,35,0,39,27,17,58,0,102,26,0,26,128
09/30/2001,MLI,IL,AGL,CE,Towers with Radar,25,27,30,0,82,0,4,25,0,29,25,31,55,0,111,30,0,30,141
10/01/2001,MLI,IL,AGL,CE,Towers with Radar,29,38,34,0,101,7,0,20,0,27,36,38,54,0,128,40,0,40,168
10/02/2001,MLI,IL,AGL,CE,Towers with Radar,32,39,38,2,111,6,0,22,0,28,38,39,60,2,139,62,0,62,201
10/03/2001,MLI,IL,AGL,CE,Towers with Radar,31,36,38,1,106,9,0,19,0,28,40,36,57,1,134,24,0,24,158
10/04/2001,MLI,IL,AGL,CE,Towers with Radar,33,35,40,1,109,3,0,11,0,14,36,35,51,1,123,26,0,26,149
10/05/2001,MLI,IL,AGL,CE,Towers with Radar,28,41,36,0,105,0,3,16,0,19,28,44,52,0,124,14,0,14,138
10/06/2001,MLI,IL,AGL,CE,Towers with Radar,20,28,26,0,74,7,0,41,0,48,27,28,67,0,122,68,0,68,190
10/07/2001,MLI,IL,AGL,CE,Towers with Radar,25,41,40,3,109,0,0,83,2,85,25,41,123,5,194,68,0,68,262
10/08/2001,MLI,IL,AGL,CE,Towers with Radar,26,35,21,0,82,0,8,21,0,29,26,43,42,0,111,40,0,40,151
10/09/2001,MLI,IL,AGL,CE,Towers with Radar,33,46,41,0,120,1,7,13,0,21,34,53,54,0,141,34,0,34,175
10/10/2001,MLI,IL,AGL,CE,Towers with Radar,25,35,30,0,90,5,6,0,0,11,30,41,30,0,101,14,0,14,115
10/11/2001,MLI,IL,AGL,CE,Towers with Radar,31,51,49,0,131,0,0,21,0,21,31,51,70,0,152,86,0,86,238
10/12/2001,MLI,IL,AGL,CE,Towers with Radar,26,46,39,3,114,0,0,35,5,40,26,46,74,8,154,20,22,42,196
10/13/2001,MLI,IL,AGL,CE,Towers with Radar,23,23,25,0,71,10,0,0,0,10,33,23,25,0,81,8,0,8,89
10/14/2001,MLI,IL,AGL,CE,Towers with Radar,33,44,48,3,128,0,0,84,6,90,33,44,132,9,218,65,10,75,293
10/15/2001,MLI,IL,AGL,CE,Towers with Radar,20,23,25,0,68,8,0,9,0,17,28,23,34,0,85,45,0,45,130
10/16/2001,MLI,IL,AGL,CE,Towers with Radar,29,36,35,2,102,4,0,24,0,28,33,36,59,2,130,44,0,44,174
10/17/2001,MLI,IL,AGL,CE,Towers with Radar,33,41,39,0,113,1,0,23,0,24,34,41,62,0,137,119,0,119,256
10/18/2001,MLI,IL,AGL,CE,Towers with Radar,33,47,40,0,120,1,0,36,0,37,34,47,76,0,157,55,0,55,212
10/19/2001,MLI,IL,AGL,CE,Towers with Radar,19,46,39,2,106,0,6,41,8,55,19,52,80,10,161,40,0,40,201
10/20/2001,MLI,IL,AGL,CE,Towers with Radar,23,44,38,0,105,0,24,55,0,79,23,68,93,0,184,52,0,52,236
10/21/2001,MLI,IL,AGL,CE,Towers with Radar,19,25,25,0,69,7,0,42,0,49,26,25,67,0,118,52,0,52,170
10/22/2001,MLI,IL,AGL,CE,Towers with Radar,31,34,38,2,105,2,0,16,7,25,33,34,54,9,130,81,10,91,221
10/23/2001,MLI,IL,AGL,CE,Towers with Radar,32,38,43,2,115,0,0,8,2,10,32,38,51,4,125,55,0,55,180
10/24/2001,MLI,IL,AGL,CE,Towers with Radar,20,41,36,0,97,0,8,6,0,14,20,49,42,0,111,14,0,14,125
10/25/2001,MLI,IL,AGL,CE,Towers with Radar,19,37,33,1,90,0,18,4,3,25,19,55,37,4,115,4,0,4,119
10/26/2001,MLI,IL,AGL,CE,Towers with Radar,21,47,41,0,109,0,22,36,0,58,21,69,77,0,167,6,0,6,173
10/27/2001,MLI,IL,AGL,CE,Towers with Radar,18,21,22,0,61,13,0,59,0,72,31,21,81,0,133,55,4,59,192
10/28/2001,MLI,IL,AGL,CE,Towers with Radar,19,27,25,0,71,8,0,45,0,53,27,27,70,0,124,74,0,74,198
10/29/2001,MLI,IL,AGL,CE,Towers with Radar,29,39,35,1,104,3,9,28,0,40,32,48,63,1,144,67,0,67,211
10/30/2001,MLI,IL,AGL,CE,Towers with Radar,33,45,42,0,120,0,0,30,0,30,33,45,72,0,150,57,0,57,207
10/31/2001,MLI,IL,AGL,CE,Towers with Radar,25,38,33,1,97,0,13,17,7,37,25,51,50,8,134,28,0,28,162
11/01/2001,MLI,IL,AGL,CE,Towers with Radar,29,52,37,1,119,0,12,24,1,37,29,64,61,2,156,26,0,26,182
11/02/2001,MLI,IL,AGL,CE,Towers with Radar,18,48,34,0,100,0,4,45,0,49,18,52,79,0,149,48,0,48,197
11/03/2001,MLI,IL,AGL,CE,Towers with Radar,15,30,21,1,67,0,5,71,2,78,15,35,92,3,145,54,0,54,199
11/04/2001,MLI,IL,AGL,CE,Towers with Radar,20,34,24,1,79,1,0,71,1,73,21,34,95,2,152,54,0,54,206
11/05/2001,MLI,IL,AGL,CE,Towers with Radar,23,50,36,1,110,0,1,31,1,33,23,51,67,2,143,62,0,62,205
11/06/2001,MLI,IL,AGL,CE,Towers with Radar,23,39,50,2,114,0,6,22,0,28,23,45,72,2,142,40,0,40,182
11/07/2001,MLI,IL,AGL,CE,Towers with Radar,18,52,37,1,108,0,7,53,2,62,18,59,90,3,170,36,0,36,206
11/08/2001,MLI,IL,AGL,CE,Towers with Radar,21,49,36,1,107,0,3,19,0,22,21,52,55,1,129,16,0,16,145
11/09/2001,MLI,IL,AGL,CE,Towers with Radar,26,37,27,3,93,0,10,39,0,49,26,47,66,3,142,76,0,76,218
11/10/2001,MLI,IL,AGL,CE,Towers with Radar,15,30,21,2,68,0,4,50,0,54,15,34,71,2,122,28,0,28,150
11/11/2001,MLI,IL,AGL,CE,Towers with Radar,20,40,29,0,89,0,0,36,0,36,20,40,65,0,125,80,0,80,205
11/12/2001,MLI,IL,AGL,CE,Towers with Radar,20,34,25,0,79,3,10,35,0,48,23,44,60,0,127,54,0,54,181
11/13/2001,MLI,IL,AGL,CE,Towers with Radar,21,47,34,2,104,0,1,9,2,12,21,48,43,4,116,6,0,6,122
11/14/2001,MLI,IL,AGL,CE,Towers with Radar,20,45,33,0,98,0,2,21,0,23,20,47,54,0,121,38,0,38,159
11/15/2001,MLI,IL,AGL,CE,Towers with Radar,23,47,34,2,106,0,1,26,0,27,23,48,60,2,133,32,0,32,165
11/16/2001,MLI,IL,AGL,CE,Towers with Radar,20,35,28,0,83,0,0,23,0,23,20,35,51,0,106,13,0,13,119
11/17/2001,MLI,IL,AGL,CE,Towers with Radar,17,11,22,0,50,12,0,32,0,44,29,11,54,0,94,48,0,48,142
11/18/2001,MLI,IL,AGL,CE,Towers with Radar,15,24,19,0,58,9,0,9,0,18,24,24,28,0,76,65,0,65,141
11/19/2001,MLI,IL,AGL,CE,Towers with Radar,21,37,27,2,87,4,7,14,2,27,25,44,41,4,114,40,2,42,156
11/20/2001,MLI,IL,AGL,CE,Towers with Radar,24,45,33,0,102,0,3,38,0,41,24,48,71,0,143,38,0,38,181
11/21/2001,MLI,IL,AGL,CE,Towers with Radar,30,27,38,2,97,10,0,63,11,84,40,27,101,13,181,54,14,68,249
11/22/2001,MLI,IL,AGL,CE,Towers with Radar,10,20,14,0,44,22,0,17,0,39,32,20,31,0,83,18,0,18,101
11/23/2001,MLI,IL,AGL,CE,Towers with Radar,18,28,22,0,68,5,0,19,0,24,23,28,41,0,92,54,0,54,146
11/24/2001,MLI,IL,AGL,CE,Towers with Radar,13,23,16,0,52,8,2,2,0,12,21,25,18,0,64,0,0,0,64
11/25/2001,MLI,IL,AGL,CE,Towers with Radar,23,29,31,0,83,0,0,0,0,0,23,29,31,0,83,52,0,52,135
11/26/2001,MLI,IL,AGL,CE,Towers with Radar,22,39,29,0,90,0,3,9,0,12,22,42,38,0,102,4,0,4,106
11/27/2001,MLI,IL,AGL,CE,Towers with Radar,23,42,31,1,97,0,9,25,1,35,23,51,56,2,132,18,0,18,150
11/28/2001,MLI,IL,AGL,CE,Towers with Radar,22,55,40,0,117,0,12,12,0,24,22,67,52,0,141,62,0,62,203
11/29/2001,MLI,IL,AGL,CE,Towers with Radar,28,31,34,2,95,9,0,16,0,25,37,31,50,2,120,28,0,28,148
11/30/2001,MLI,IL,AGL,CE,Towers with Radar,24,29,29,1,83,9,0,1,1,11,33,29,30,2,94,6,0,6,100
12/01/2001,MLI,IL,AGL,CE,Towers with Radar,26,21,24,1,72,3,0,11,1,15,29,21,35,2,87,31,0,31,118
12/02/2001,MLI,IL,AGL,CE,Towers with Radar,21,26,20,0,67,0,16,39,0,55,21,42,59,0,122,36,0,36,158
12/03/2001,MLI,IL,AGL,CE,Towers with Radar,33,32,31,0,96,5,0,27,0,32,38,32,58,0,128,53,0,53,181
12/04/2001,MLI,IL,AGL,CE,Towers with Radar,37,34,34,1,106,5,0,19,0,24,42,34,53,1,130,86,0,86,216
12/05/2001,MLI,IL,AGL,CE,Towers with Radar,35,33,32,0,100,8,0,10,0,18,43,33,42,0,118,31,0,31,149
12/06/2001,MLI,IL,AGL,CE,Towers with Radar,35,32,33,2,102,7,0,38,4,49,42,32,71,6,151,39,2,41,192
12/07/2001,MLI,IL,AGL,CE,Towers with Radar,34,30,32,2,98,6,0,30,6,42,40,30,62,8,140,45,8,53,193
12/08/2001,MLI,IL,AGL,CE,Towers with Radar,22,25,23,1,71,0,0,20,0,20,22,25,43,1,91,94,0,94,185
12/09/2001,MLI,IL,AGL,CE,Towers with Radar,23,17,20,0,60,12,0,40,0,52,35,17,60,0,112,83,0,83,195
12/10/2001,MLI,IL,AGL,CE,Towers with Radar,29,29,27,1,86,10,0,27,1,38,39,29,54,2,124,94,0,94,218
12/11/2001,MLI,IL,AGL,CE,Towers with Radar,37,39,35,2,113,3,0,14,4,21,40,39,49,6,134,92,10,102,236
12/12/2001,MLI,IL,AGL,CE,Towers with Radar,36,33,34,2,105,4,0,1,0,5,40,33,35,2,110,5,0,5,115
12/13/2001,MLI,IL,AGL,CE,Towers with Radar,28,46,39,0,113,0,0,21,0,21,28,46,60,0,134,18,0,18,152
12/14/2001,MLI,IL,AGL,CE,Towers with Radar,28,40,31,0,99,0,12,11,0,23,28,52,42,0,122,42,0,42,164
12/15/2001,MLI,IL,AGL,CE,Towers with Radar,20,28,25,0,73,0,0,16,0,16,20,28,41,0,89,24,0,24,113
12/16/2001,MLI,IL,AGL,CE,Towers with Radar,21,19,11,0,51,13,0,0,2,15,34,19,11,2,66,6,0,6,72
12/17/2001,MLI,IL,AGL,CE,Towers with Radar,20,43,35,0,98,0,20,19,0,39,20,63,54,0,137,4,0,4,141
12/18/2001,MLI,IL,AGL,CE,Towers with Radar,22,50,41,1,114,0,1,17,6,24,22,51,58,7,138,19,6,25,163
12/19/2001,MLI,IL,AGL,CE,Towers with Radar,27,47,43,1,118,0,0,51,1,52,27,47,94,2,170,36,0,36,206
12/20/2001,MLI,IL,AGL,CE,Towers with Radar,28,45,37,0,110,0,13,31,0,44,28,58,68,0,154,46,0,46,200
12/21/2001,MLI,IL,AGL,CE,Towers with Radar,30,38,34,0,102,0,0,50,0,50,30,38,84,0,152,56,0,56,208
12/22/2001,MLI,IL,AGL,CE,Towers with Radar,20,22,16,0,58,6,5,0,0,11,26,27,16,0,69,0,0,0,69
12/23/2001,MLI,IL,AGL,CE,Towers with Radar,18,21,18,0,57,0,25,18,0,43,18,46,36,0,100,0,0,0,100
12/24/2001,MLI,IL,AGL,CE,Towers with Radar,18,19,13,0,50,1,12,0,0,13,19,31,13,0,63,24,0,24,87
12/25/2001,MLI,IL,AGL,CE,Towers with Radar,15,17,9,0,41,11,12,0,0,23,26,29,9,0,64,0,0,0,64
12/26/2001,MLI,IL,AGL,CE,Towers with Radar,25,32,22,0,79,0,6,0,0,6,25,38,22,0,85,0,0,0,85
12/27/2001,MLI,IL,AGL,CE,Towers with Radar,25,37,31,0,93,0,6,29,0,35,25,43,60,0,128,32,0,32,160
12/28/2001,MLI,IL,AGL,CE,Towers with Radar,28,25,26,0,79,12,0,0,55,67,40,25,26,55,146,0,0,0,146
12/29/2001,MLI,IL,AGL,CE,Towers with Radar,22,26,23,0,71,0,0,12,0,12,22,26,35,0,83,44,0,44,127
12/30/2001,MLI,IL,AGL,CE,Towers with Radar,18,20,17,0,55,8,9,19,0,36,26,29,36,0,91,29,0,29,120
12/31/2001,MLI,IL,AGL,CE,Towers with Radar,18,20,17,0,55,6,10,16,0,32,24,30,33,0,87,33,0,33,120
01/01/2002,MLI,IL,AGL,CE,Towers with Radar,13,22,14,0,49,12,0,13,0,25,25,22,27,0,74,0,0,0,74
01/02/2002,MLI,IL,AGL,CE,Towers with Radar,23,34,21,2,80,3,5,17,2,27,26,39,38,4,107,29,0,29,136
01/03/2002,MLI,IL,AGL,CE,Towers with Radar,27,43,28,3,101,0,0,36,5,41,27,43,64,8,142,105,12,117,259
01/04/2002,MLI,IL,AGL,CE,Towers with Radar,26,39,26,2,93,0,2,42,0,44,26,41,68,2,137,68,0,68,205
01/05/2002,MLI,IL,AGL,CE,Towers with Radar,19,28,18,0,65,3,2,19,0,24,22,30,37,0,89,72,0,72,161
01/06/2002,MLI,IL,AGL,CE,Towers with Radar,17,28,18,2,65,8,0,25,0,33,25,28,43,2,98,19,0,19,117
01/07/2002,MLI,IL,AGL,CE,Towers with Radar,27,53,35,0,115,0,5,29,0,34,27,58,64,0,149,50,0,50,199
01/08/2002,MLI,IL,AGL,CE,Towers with Radar,43,67,45,0,155,0,1,50,0,51,43,68,95,0,206,46,0,46,252
01/09/2002,MLI,IL,AGL,CE,Towers with Radar,30,46,34,3,113,0,0,43,4,47,30,46,77,7,160,62,8,70,230
01/10/2002,MLI,IL,AGL,CE,Towers with Radar,31,48,32,3,114,1,3,35,1,40,32,51,67,4,154,32,0,32,186
01/11/2002,MLI,IL,AGL,CE,Towers with Radar,30,45,30,0,105,3,0,31,0,34,33,45,61,0,139,52,0,52,191
01/12/2002,MLI,IL,AGL,CE,Towers with Radar,21,30,21,0,72,2,0,23,0,25,23,30,44,0,97,52,0,52,149
01/13/2002,MLI,IL,AGL,CE,Towers with Radar,16,25,16,2,59,7,2,25,1,35,23,27,41,3,94,28,0,28,122
01/14/2002,MLI,IL,AGL,CE,Towers with Radar,27,42,28,3,100,5,1,5,4,15,32,43,33,7,115,0,0,0,115
01/15/2002,MLI,IL,AGL,CE,Towers with Radar,31,48,41,4,124,0,0,17,10,27,31,48,58,14,151,24,38,62,213
01/16/2002,MLI,IL,AGL,CE,Towers with Radar,26,48,34,2,110,0,3,5,0,8,26,51,39,2,118,4,0,4,122
01/17/2002,MLI,IL,AGL,CE,Towers with Radar,31,49,34,0,114,0,6,17,0,23,31,55,51,0,137,30,0,30,167
01/18/2002,MLI,IL,AGL,CE,Towers with Radar,32,49,38,2,121,0,0,33,0,33,32,49,71,2,154,57,0,57,211
01/19/2002,MLI,IL,AGL,CE,Towers with Radar,21,32,23,0,76,0,3,33,0,36,21,35,56,0,112,56,0,56,168
01/20/2002,MLI,IL,AGL,CE,Towers with Radar,22,32,23,0,77,2,0,32,0,34,24,32,55,0,111,34,0,34,145
01/21/2002,MLI,IL,AGL,CE,Towers with Radar,26,39,27,0,92,2,0,64,0,66,28,39,91,0,158,78,0,78,236
01/22/2002,MLI,IL,AGL,CE,Towers with Radar,32,44,34,2,112,0,0,20,0,20,32,44,54,2,132,16,0,16,148
01/23/2002,MLI,IL,AGL,CE,Towers with Radar,29,48,39,0,116,0,0,23,0,23,29,48,62,0,139,22,0,22,161
01/24/2002,MLI,IL,AGL,CE,Towers with Radar,26,48,34,2,110,0,1,38,0,39,26,49,72,2,149,120,1,121,270
01/25/2002,MLI,IL,AGL,CE,Towers with Radar,24,44,33,2,103,0,0,40,5,45,24,44,73,7,148,49,0,49,197
01/26/2002,MLI,IL,AGL,CE,Towers with Radar,20,28,20,0,68,1,1,53,0,55,21,29,73,0,123,54,0,54,177
01/27/2002,MLI,IL,AGL,CE,Towers with Radar,18,27,19,1,65,5,5,27,1,38,23,32,46,2,103,90,0,90,193
01/28/2002,MLI,IL,AGL,CE,Towers with Radar,28,36,30,2,96,0,0,16,0,16,28,36,46,2,112,62,0,62,174
01/29/2002,MLI,IL,AGL,CE,Towers with Radar,25,37,15,1,78,3,6,0,1,10,28,43,15,2,88,0,0,0,88
01/30/2002,MLI,IL,AGL,CE,Towers with Radar,25,37,26,0,88,0,3,2,0,5,25,40,28,0,93,0,0,0,93
01/31/2002,MLI,IL,AGL,CE,Towers with Radar,18,27,12,0,57,4,7,0,0,11,22,34,12,0,68,0,0,0,68
02/01/2002,MLI,IL,AGL,CE,Towers with Radar,28,39,31,3,101,0,0,23,1,24,28,39,54,4,125,44,4,48,173
02/02/2002,MLI,IL,AGL,CE,Towers with Radar,19,25,20,2,66,4,0,44,2,50,23,25,64,4,116,70,0,70,186
02/03/2002,MLI,IL,AGL,CE,Towers with Radar,19,32,20,2,73,3,2,33,0,38,22,34,53,2,111,84,0,84,195
02/04/2002,MLI,IL,AGL,CE,Towers with Radar,26,43,28,3,100,0,1,21,17,39,26,44,49,20,139,36,14,50,189
02/05/2002,MLI,IL,AGL,CE,Towers with Radar,29,46,30,0,105,0,0,42,0,42,29,46,72,0,147,72,0,72,219
02/06/2002,MLI,IL,AGL,CE,Towers with Radar,29,46,37,5,117,0,8,29,0,37,29,54,66,5,154,54,6,60,214
02/07/2002,MLI,IL,AGL,CE,Towers with Radar,30,51,36,3,120,0,0,21,1,22,30,51,57,4,142,50,0,50,192
02/08/2002,MLI,IL,AGL,CE,Towers with Radar,29,48,32,2,111,0,4,36,0,40,29,52,68,2,151,42,0,42,193
02/09/2002,MLI,IL,AGL,CE,Towers with Radar,19,30,20,0,69,3,2,21,0,26,22,32,41,0,95,68,0,68,163
02/10/2002,MLI,IL,AGL,CE,Towers with Radar,25,41,21,1,88,1,2,0,4,7,26,43,21,5,95,10,8,18,113
02/11/2002,MLI,IL,AGL,CE,Towers with Radar,27,38,30,0,95,0,0,13,0,13,27,38,43,0,108,24,0,24,132
02/12/2002,MLI,IL,AGL,CE,Towers with Radar,27,38,38,0,103,0,0,5,0,5,27,38,43,0,108,24,0,24,132
02/13/2002,MLI,IL,AGL,CE,Towers with Radar,28,42,31,2,103,0,0,60,8,68,28,42,91,10,171,104,26,130,301
02/14/2002,MLI,IL,AGL,CE,Towers with Radar,28,46,33,2,109,0,0,7,0,7,28,46,40,2,116,14,0,14,130
02/15/2002,MLI,IL,AGL,CE,Towers with Radar,18,26,18,0,62,10,21,34,0,65,28,47,52,0,127,8,0,8,135
02/16/2002,MLI,IL,AGL,CE,Towers with Radar,20,27,21,0,68,2,0,32,0,34,22,27,53,0,102,78,0,78,180
02/17/2002,MLI,IL,AGL,CE,Towers with Radar,20,29,21,0,70,5,0,43,0,48,25,29,64,0,118,90,0,90,208
02/18/2002,MLI,IL,AGL,CE,Towers with Radar,28,42,29,0,99,7,7,8,0,22,35,49,37,0,121,26,0,26,147
02/19/2002,MLI,IL,AGL,CE,Towers with Radar,27,42,28,0,97,0,3,2,0,5,27,45,30,0,102,2,0,2,104
02/20/2002,MLI,IL,AGL,CE,Towers with Radar,31,46,31,1,109,1,1,9,0,11,32,47,40,1,120,3,0,3,123
02/21/2002,MLI,IL,AGL,CE,Towers with Radar,29,53,37,2,121,0,0,28,1,29,29,53,65,3,150,24,0,24,174
02/22/2002,MLI,IL,AGL,CE,Towers with Radar,25,39,27,0,91,0,5,71,0,76,25,44,98,0,167,82,0,82,249
02/23/2002,MLI,IL,AGL,CE,Towers with Radar,19,29,20,0,68,3,0,35,0,38,22,29,55,0,106,78,0,78,184
02/24/2002,MLI,IL,AGL,CE,Towers with Radar,23,31,9,2,65,0,8,32,0,40,23,39,41,2,105,52,0,52,157
02/25/2002,MLI,IL,AGL,CE,Towers with Radar,27,40,15,0,82,2,12,0,0,14,29,52,15,0,96,0,0,0,96
02/26/2002,MLI,IL,AGL,CE,Towers with Radar,29,43,24,0,96,2,10,0,0,12,31,53,24,0,108,0,0,0,108
02/27/2002,MLI,IL,AGL,CE,Towers with Radar,30,49,31,0,110,0,5,31,0,36,30,54,62,0,146,44,0,44,190
02/28/2002,MLI,IL,AGL,CE,Towers with Radar,36,49,39,0,124,0,0,38,0,38,36,49,77,0,162,40,0,40,202
03/01/2002,MLI,IL,AGL,CE,Towers with Radar,22,32,24,0,78,4,6,0,0,10,26,38,24,0,88,36,0,36,124
03/02/2002,MLI,IL,AGL,CE,Towers with Radar,8,12,5,0,25,10,4,0,0,14,18,16,5,0,39,0,0,0,39
03/03/2002,MLI,IL,AGL,CE,Towers with Radar,15,22,14,0,51,9,6,0,0,15,24,28,14,0,66,0,0,0,66
03/04/2002,MLI,IL,AGL,CE,Towers with Radar,28,40,26,2,96,0,9,0,0,9,28,49,26,2,105,2,0,2,107
03/05/2002,MLI,IL,AGL,CE,Towers with Radar,30,43,30,2,105,0,3,26,0,29,30,46,56,2,134,76,0,76,210
03/06/2002,MLI,IL,AGL,CE,Towers with Radar,37,50,37,0,124,1,0,73,0,74,38,50,110,0,198,70,0,70,268
03/07/2002,MLI,IL,AGL,CE,Towers with Radar,29,36,29,0,94,8,0,11,0,19,37,36,40,0,113,28,0,28,141
03/08/2002,MLI,IL,AGL,CE,Towers with Radar,24,34,24,0,82,6,0,10,0,16,30,34,34,0,98,7,0,7,105
03/09/2002,MLI,IL,AGL,CE,Towers with Radar,10,15,9,0,34,10,3,2,0,15,20,18,11,0,49,0,0,0,49
03/10/2002,MLI,IL,AGL,CE,Towers with Radar,20,26,19,3,68,3,0,47,0,50,23,26,66,3,118,58,0,58,176
03/11/2002,MLI,IL,AGL,CE,Towers with Radar,30,39,29,4,102,1,0,49,8,58,31,39,78,12,160,36,10,46,206
03/12/2002,MLI,IL,AGL,CE,Towers with Radar,32,43,34,4,113,0,0,37,0,37,32,43,71,4,150,112,8,120,270
03/13/2002,MLI,IL,AGL,CE,Towers with Radar,30,40,37,5,112,0,0,35,7,42,30,40,72,12,154,54,7,61,215
03/14/2002,MLI,IL,AGL,CE,Towers with Radar,30,41,29,0,100,1,0,10,0,11,31,41,39,0,111,22,0,22,133
03/15/2002,MLI,IL,AGL,CE,Towers with Radar,29,42,31,2,104,0,0,30,0,30,29,42,61,2,134,38,0,38,172
03/16/2002,MLI,IL,AGL,CE,Towers with Radar,22,27,23,0,72,0,2,56,0,58,22,29,79,0,130,58,0,58,188
03/17/2002,MLI,IL,AGL,CE,Towers with Radar,20,29,19,0,68,4,1,0,0,5,24,30,19,0,73,28,0,28,101
03/18/2002,MLI,IL,AGL,CE,Towers with Radar,29,42,31,3,105,0,0,35,9,44,29,42,66,12,149,46,10,56,205
03/19/2002,MLI,IL,AGL,CE,Towers with Radar,32,43,31,0,106,0,14,20,0,34,32,57,51,0,140,86,0,86,226
03/20/2002,MLI,IL,AGL,CE,Towers with Radar,31,46,43,4,124,0,0,41,21,62,31,46,84,25,186,58,36,94,280
03/21/2002,MLI,IL,AGL,CE,Towers with Radar,22,46,34,1,103,0,17,9,0,26,22,63,43,1,129,16,0,16,145
03/22/2002,MLI,IL,AGL,CE,Towers with Radar,27,46,34,3,110,0,3,30,5,38,27,49,64,8,148,0,14,14,162
03/23/2002,MLI,IL,AGL,CE,Towers with Radar,25,21,25,0,71,0,0,70,0,70,25,21,95,0,141,46,0,46,187
03/24/2002,MLI,IL,AGL,CE,Towers with Radar,16,21,15,0,52,8,9,4,0,21,24,30,19,0,73,28,0,28,101
03/25/2002,MLI,IL,AGL,CE,Towers with Radar,25,33,24,0,82,5,23,58,0,86,30,56,82,0,168,4,0,4,172
03/26/2002,MLI,IL,AGL,CE,Towers with Radar,25,43,31,3,102,0,8,17,5,30,25,51,48,8,132,88,6,94,226
03/27/2002,MLI,IL,AGL,CE,Towers with Radar,29,41,33,0,103,0,0,48,0,48,29,41,81,0,151,26,0,26,177
03/28/2002,MLI,IL,AGL,CE,Towers with Radar,30,42,30,3,105,0,2,26,6,34,30,44,56,9,139,120,12,132,271
03/29/2002,MLI,IL,AGL,CE,Towers with Radar,27,33,27,1,88,2,0,30,0,32,29,33,57,1,120,40,0,40,160
03/30/2002,MLI,IL,AGL,CE,Towers with Radar,21,26,21,0,68,0,0,33,0,33,21,26,54,0,101,48,0,48,149
03/31/2002,MLI,IL,AGL,CE,Towers with Radar,18,23,17,0,58,5,3,5,0,13,23,26,22,0,71,18,0,18,89
04/01/2002,MLI,IL,AGL,CE,Towers with Radar,25,44,32,2,103,5,12,88,0,105,30,56,120,2,208,0,0,0,208
04/02/2002,MLI,IL,AGL,CE,Towers with Radar,25,44,32,2,103,9,15,79,0,103,34,59,111,2,206,14,0,14,220
04/03/2002,MLI,IL,AGL,CE,Towers with Radar,29,48,35,1,113,4,3,155,0,162,33,51,190,1,275,26,0,26,301
04/04/2002,MLI,IL,AGL,CE,Towers with Radar,26,44,32,1,103,4,25,135,0,164,30,69,167,1,267,20,0,20,287
04/05/2002,MLI,IL,AGL,CE,Towers with Radar,28,47,34,0,109,1,1,50,0,52,29,48,84,0,161,58,0,58,219
04/06/2002,MLI,IL,AGL,CE,Towers with Radar,16,24,20,0,60,7,0,47,0,54,23,24,67,0,114,18,0,18,132
04/07/2002,MLI,IL,AGL,CE,Towers with Radar,19,32,23,0,74,6,1,1,0,8,25,33,24,0,82,0,0,0,82
04/08/2002,MLI,IL,AGL,CE,Towers with Radar,24,41,30,1,96,1,15,77,0,93,25,56,107,1,189,2,0,2,191
04/09/2002,MLI,IL,AGL,CE,Towers with Radar,29,63,46,4,142,0,37,203,3,243,29,100,249,7,385,94,0,94,479
04/10/2002,MLI,IL,AGL,CE,Towers with Radar,26,49,35,3,113,0,6,35,3,44,26,55,70,6,157,90,14,104,261
04/11/2002,MLI,IL,AGL,CE,Towers with Radar,27,51,37,2,117,0,4,33,0,37,27,55,70,2,154,46,0,46,200
04/12/2002,MLI,IL,AGL,CE,Towers with Radar,29,47,46,2,124,0,0,10,0,10,29,47,56,2,134,26,4,30,164
04/13/2002,MLI,IL,AGL,CE,Towers with Radar,21,27,26,0,74,4,0,50,0,54,25,27,76,0,128,162,0,162,290
04/14/2002,MLI,IL,AGL,CE,Towers with Radar,22,30,28,1,81,0,0,36,3,39,22,30,64,4,120,26,0,26,146
04/15/2002,MLI,IL,AGL,CE,Towers with Radar,28,45,34,2,109,0,24,137,0,161,28,69,171,2,270,34,0,34,304
04/16/2002,MLI,IL,AGL,CE,Towers with Radar,25,40,31,0,96,2,9,9,0,20,27,49,40,0,116,22,0,22,138
04/17/2002,MLI,IL,AGL,CE,Towers with Radar,27,48,37,2,114,0,1,38,15,54,27,49,75,17,168,98,28,126,294
04/18/2002,MLI,IL,AGL,CE,Towers with Radar,24,47,24,0,95,0,4,0,0,4,24,51,24,0,99,20,0,20,119
04/19/2002,MLI,IL,AGL,CE,Towers with Radar,28,50,39,2,119,0,2,21,0,23,28,52,60,2,142,82,0,82,224
04/20/2002,MLI,IL,AGL,CE,Towers with Radar,16,25,20,0,61,6,2,24,0,32,22,27,44,0,93,56,0,56,149
04/21/2002,MLI,IL,AGL,CE,Towers with Radar,17,27,18,0,62,9,1,0,0,10,26,28,18,0,72,2,0,2,74
04/22/2002,MLI,IL,AGL,CE,Towers with Radar,23,42,38,2,105,0,0,22,24,46,23,42,60,26,151,62,22,84,235
04/23/2002,MLI,IL,AGL,CE,Towers with Radar,28,52,40,2,122,0,1,29,0,30,28,53,69,2,152,102,0,102,254
04/24/2002,MLI,IL,AGL,CE,Towers with Radar,27,46,35,2,110,0,3,9,0,12,27,49,44,2,122,8,0,8,130
04/25/2002,MLI,IL,AGL,CE,Towers with Radar,27,47,36,0,110,0,5,29,0,34,27,52,65,0,144,16,0,16,160
04/26/2002,MLI,IL,AGL,CE,Towers with Radar,26,45,36,2,109,0,0,49,0,49,26,45,85,2,158,26,0,26,184
04/27/2002,MLI,IL,AGL,CE,Towers with Radar,14,22,17,0,53,8,5,0,0,13,22,27,17,0,66,8,0,8,74
04/28/2002,MLI,IL,AGL,CE,Towers with Radar,19,31,9,0,59,2,2,0,0,4,21,33,9,0,63,18,0,18,81
04/29/2002,MLI,IL,AGL,CE,Towers with Radar,25,43,31,0,99,0,3,37,0,40,25,46,68,0,139,88,0,88,227
04/30/2002,MLI,IL,AGL,CE,Towers with Radar,29,51,37,0,117,0,3,34,0,37,29,54,71,0,154,92,0,92,246
05/01/2002,MLI,IL,AGL,CE,Towers with Radar,29,49,35,4,117,0,0,13,0,13,29,49,48,4,130,34,0,34,164
05/02/2002,MLI,IL,AGL,CE,Towers with Radar,27,51,37,0,115,0,0,25,0,25,27,51,62,0,140,64,0,64,204
05/03/2002,MLI,IL,AGL,CE,Towers with Radar,26,47,33,2,108,0,0,69,0,69,26,47,102,2,177,48,0,48,225
05/04/2002,MLI,IL,AGL,CE,Towers with Radar,19,23,19,7,68,0,4,44,0,48,19,27,63,7,116,78,14,92,208
05/05/2002,MLI,IL,AGL,CE,Towers with Radar,13,18,16,0,47,6,0,18,0,24,19,18,34,0,71,74,0,74,145
05/06/2002,MLI,IL,AGL,CE,Towers with Radar,34,56,41,4,135,0,0,21,0,21,34,56,62,4,156,22,6,28,184
05/07/2002,MLI,IL,AGL,CE,Towers with Radar,24,48,39,0,111,0,0,24,0,24,24,48,63,0,135,62,0,62,197
05/08/2002,MLI,IL,AGL,CE,Towers with Radar,30,47,44,0,121,0,0,29,0,29,30,47,73,0,150,16,0,16,166
05/09/2002,MLI,IL,AGL,CE,Towers with Radar,28,53,37,0,118,0,0,28,0,28,28,53,65,0,146,44,0,44,190
05/10/2002,MLI,IL,AGL,CE,Towers with Radar,28,51,37,0,116,0,0,70,0,70,28,51,107,0,186,76,0,76,262
05/11/2002,MLI,IL,AGL,CE,Towers with Radar,11,19,11,0,41,13,12,0,0,25,24,31,11,0,66,0,0,0,66
05/12/2002,MLI,IL,AGL,CE,Towers with Radar,17,27,22,0,66,8,0,3,0,11,25,27,25,0,77,18,0,18,95
05/13/2002,MLI,IL,AGL,CE,Towers with Radar,26,50,46,4,126,0,0,14,23,37,26,50,60,27,163,48,38,86,249
05/14/2002,MLI,IL,AGL,CE,Towers with Radar,28,54,44,5,131,0,7,66,0,73,28,61,110,5,204,120,6,126,330
05/15/2002,MLI,IL,AGL,CE,Towers with Radar,26,47,33,2,108,2,3,17,0,22,28,50,50,2,130,44,0,44,174
05/16/2002,MLI,IL,AGL,CE,Towers with Radar,24,53,36,0,113,2,0,4,0,6,26,53,40,0,119,0,0,0,119
05/17/2002,MLI,IL,AGL,CE,Towers with Radar,26,52,39,3,120,0,0,26,2,28,26,52,65,5,148,15,6,21,169
05/18/2002,MLI,IL,AGL,CE,Towers with Radar,20,35,26,2,83,3,0,58,2,63,23,35,84,4,146,50,2,52,198
05/19/2002,MLI,IL,AGL,CE,Towers with Radar,20,30,26,0,76,6,0,45,0,51,26,30,71,0,127,88,0,88,215
05/20/2002,MLI,IL,AGL,CE,Towers with Radar,26,47,33,2,108,1,1,50,10,62,27,48,83,12,170,88,14,102,272
05/21/2002,MLI,IL,AGL,CE,Towers with Radar,24,45,31,2,102,3,7,80,0,90,27,52,111,2,192,68,6,74,266
05/22/2002,MLI,IL,AGL,CE,Towers with Radar,27,49,29,3,108,0,5,20,0,25,27,54,49,3,133,36,2,38,171
05/23/2002,MLI,IL,AGL,CE,Towers with Radar,28,52,36,0,116,0,4,0,0,4,28,56,36,0,120,32,0,32,152
05/24/2002,MLI,IL,AGL,CE,Towers with Radar,26,45,35,2,108,2,0,36,0,38,28,45,71,2,146,154,0,154,300
05/25/2002,MLI,IL,AGL,CE,Towers with Radar,17,28,22,2,69,5,0,0,2,7,22,28,22,4,76,30,0,30,106
05/26/2002,MLI,IL,AGL,CE,Towers with Radar,14,23,18,0,55,5,0,47,0,52,19,23,65,0,107,80,0,80,187
05/27/2002,MLI,IL,AGL,CE,Towers with Radar,20,35,26,2,83,2,1,42,0,45,22,36,68,2,128,166,0,166,294
05/28/2002,MLI,IL,AGL,CE,Towers with Radar,26,46,33,0,105,1,15,28,0,44,27,61,61,0,149,38,0,38,187
05/29/2002,MLI,IL,AGL,CE,Towers with Radar,27,52,35,1,115,0,29,29,0,58,27,81,64,1,173,74,0,74,247
05/30/2002,MLI,IL,AGL,CE,Towers with Radar,25,55,34,3,117,0,8,0,0,8,25,63,34,3,125,96,0,96,221
05/31/2002,MLI,IL,AGL,CE,Towers with Radar,26,46,32,2,106,0,9,29,0,38,26,55,61,2,144,60,0,60,204
06/01/2002,MLI,IL,AGL,CE,Towers with Radar,16,29,23,0,68,8,0,66,0,74,24,29,89,0,142,60,0,60,202
06/02/2002,MLI,IL,AGL,CE,Towers with Radar,14,29,23,0,66,10,0,3,0,13,24,29,26,0,79,30,0,30,109
06/03/2002,MLI,IL,AGL,CE,Towers with Radar,20,56,32,0,108,5,0,21,0,26,25,56,53,0,134,30,0,30,164
06/04/2002,MLI,IL,AGL,CE,Towers with Radar,17,52,30,0,99,6,0,5,0,11,23,52,35,0,110,0,0,0,110
06/05/2002,MLI,IL,AGL,CE,Towers with Radar,27,64,44,5,140,3,0,18,5,26,30,64,62,10,166,44,0,44,210
06/06/2002,MLI,IL,AGL,CE,Towers with Radar,26,62,44,5,137,1,0,67,9,77,27,62,111,14,214,168,0,168,382
06/07/2002,MLI,IL,AGL,CE,Towers with Radar,23,58,56,2,139,0,5,55,4,64,23,63,111,6,203,158,0,158,361
06/08/2002,MLI,IL,AGL,CE,Towers with Radar,17,53,30,4,104,8,14,36,12,70,25,67,66,16,174,74,3,77,251
06/09/2002,MLI,IL,AGL,CE,Towers with Radar,16,49,27,3,95,1,7,47,1,56,17,56,74,4,151,118,0,118,269
06/10/2002,MLI,IL,AGL,CE,Towers with Radar,19,52,32,4,107,6,0,12,14,32,25,52,44,18,139,20,0,20,159
06/11/2002,MLI,IL,AGL,CE,Towers with Radar,19,62,36,0,117,0,0,3,0,3,19,62,39,0,120,24,0,24,144
06/12/2002,MLI,IL,AGL,CE,Towers with Radar,18,75,41,0,134,0,0,10,0,10,18,75,51,0,144,14,0,14,158
06/13/2002,MLI,IL,AGL,CE,Towers with Radar,18,68,42,2,130,0,0,34,0,34,18,68,76,2,164,54,0,54,218
06/14/2002,MLI,IL,AGL,CE,Towers with Radar,20,59,33,0,112,0,0,29,0,29,20,59,62,0,141,24,0,24,165
06/15/2002,MLI,IL,AGL,CE,Towers with Radar,12,36,18,2,68,6,2,47,0,55,18,38,65,2,123,76,0,76,199
06/16/2002,MLI,IL,AGL,CE,Towers with Radar,15,46,24,2,87,1,8,58,0,67,16,54,82,2,154,44,0,44,198
06/17/2002,MLI,IL,AGL,CE,Towers with Radar,17,58,32,4,111,0,5,46,13,64,17,63,78,17,175,42,0,42,217
06/18/2002,MLI,IL,AGL,CE,Towers with Radar,19,55,30,1,105,0,12,43,0,55,19,67,73,1,160,78,0,78,238
06/19/2002,MLI,IL,AGL,CE,Towers with Radar,20,71,39,1,131,0,6,33,0,39,20,77,72,1,170,26,0,26,196
06/20/2002,MLI,IL,AGL,CE,Towers with Radar,20,69,40,0,129,0,0,44,0,44,20,69,84,0,173,98,0,98,271
06/21/2002,MLI,IL,AGL,CE,Towers with Radar,23,61,35,2,121,1,0,57,0,58,24,61,92,2,179,70,0,70,249
06/22/2002,MLI,IL,AGL,CE,Towers with Radar,18,44,17,0,79,0,0,55,0,55,18,44,72,0,134,74,0,74,208
06/23/2002,MLI,IL,AGL,CE,Towers with Radar,17,46,25,0,88,0,5,15,0,20,17,51,40,0,108,26,0,26,134
06/24/2002,MLI,IL,AGL,CE,Towers with Radar,24,66,36,3,129,1,5,29,9,44,25,71,65,12,173,28,8,36,209
06/25/2002,MLI,IL,AGL,CE,Towers with Radar,21,67,37,2,127,0,4,30,0,34,21,71,67,2,161,84,0,84,245
06/26/2002,MLI,IL,AGL,CE,Towers with Radar,16,58,32,0,106,0,10,31,0,41,16,68,63,0,147,46,0,46,193
06/27/2002,MLI,IL,AGL,CE,Towers with Radar,18,62,34,0,114,0,7,75,0,82,18,69,109,0,196,114,0,114,310
06/28/2002,MLI,IL,AGL,CE,Towers with Radar,20,59,34,3,116,0,0,54,4,58,20,59,88,7,174,62,0,62,236
06/29/2002,MLI,IL,AGL,CE,Towers with Radar,14,40,22,2,78,4,4,55,0,63,18,44,77,2,141,112,12,124,265
06/30/2002,MLI,IL,AGL,CE,Towers with Radar,14,37,20,2,73,1,12,30,1,44,15,49,50,3,117,22,0,22,139
07/01/2002,MLI,IL,AGL,CE,Towers with Radar,19,57,30,0,106,0,8,53,0,61,19,65,83,0,167,26,0,26,193
07/02/2002,MLI,IL,AGL,CE,Towers with Radar,17,55,29,0,101,4,10,55,0,69,21,65,84,0,170,52,0,52,222
07/03/2002,MLI,IL,AGL,CE,Towers with Radar,20,62,32,0,114,4,2,34,0,40,24,64,66,0,154,34,0,34,188
07/04/2002,MLI,IL,AGL,CE,Towers with Radar,10,33,17,0,60,7,4,38,0,49,17,37,55,0,109,34,0,34,143
07/05/2002,MLI,IL,AGL,CE,Towers with Radar,13,39,20,0,72,5,4,31,0,40,18,43,51,0,112,74,0,74,186
07/06/2002,MLI,IL,AGL,CE,Towers with Radar,9,28,14,0,51,9,8,3,0,20,18,36,17,0,71,14,0,14,85
07/07/2002,MLI,IL,AGL,CE,Towers with Radar,17,53,29,0,99,0,0,27,0,27,17,53,56,0,126,134,0,134,260
07/08/2002,MLI,IL,AGL,CE,Towers with Radar,21,73,38,0,132,0,3,33,0,36,21,76,71,0,168,28,0,28,196
07/09/2002,MLI,IL,AGL,CE,Towers with Radar,21,64,33,2,120,1,1,45,9,56,22,65,78,11,176,56,10,66,242
07/10/2002,MLI,IL,AGL,CE,Towers with Radar,18,64,33,2,117,0,4,27,0,31,18,68,60,2,148,96,0,96,244
07/11/2002,MLI,IL,AGL,CE,Towers with Radar,22,71,37,2,132,0,3,31,0,34,22,74,68,2,166,68,0,68,234
07/12/2002,MLI,IL,AGL,CE,Towers with Radar,20,68,36,0,124,0,2,33,0,35,20,70,69,0,159,54,0,54,213
07/13/2002,MLI,IL,AGL,CE,Towers with Radar,12,33,17,0,62,3,45,65,0,113,15,78,82,0,175,50,0,50,225
07/14/2002,MLI,IL,AGL,CE,Towers with Radar,17,48,27,0,92,0,8,30,0,38,17,56,57,0,130,24,0,24,154
07/15/2002,MLI,IL,AGL,CE,Towers with Radar,20,58,32,2,112,1,20,32,0,53,21,78,64,2,165,78,0,78,243
07/16/2002,MLI,IL,AGL,CE,Towers with Radar,20,52,31,2,105,6,0,15,10,31,26,52,46,12,136,104,0,104,240
07/17/2002,MLI,IL,AGL,CE,Towers with Radar,22,69,35,1,127,0,2,24,0,26,22,71,59,1,153,56,0,56,209
07/18/2002,MLI,IL,AGL,CE,Towers with Radar,21,55,33,0,109,2,0,29,0,31,23,55,62,0,140,48,0,48,188
07/19/2002,MLI,IL,AGL,CE,Towers with Radar,21,44,33,2,100,7,0,17,3,27,28,44,50,5,127,42,0,42,169
07/20/2002,MLI,IL,AGL,CE,Towers with Radar,17,44,27,1,89,1,0,34,0,35,18,44,61,1,124,76,0,76,200
07/21/2002,MLI,IL,AGL,CE,Towers with Radar,16,47,26,0,89,0,5,37,0,42,16,52,63,0,131,42,0,42,173
07/22/2002,MLI,IL,AGL,CE,Towers with Radar,20,67,37,1,125,0,11,17,11,39,20,78,54,12,164,62,0,62,226
07/23/2002,MLI,IL,AGL,CE,Towers with Radar,18,70,38,0,126,0,10,55,0,65,18,80,93,0,191,26,0,26,217
07/24/2002,MLI,IL,AGL,CE,Towers with Radar,19,46,31,0,96,5,0,32,0,37,24,46,63,0,133,56,0,56,189
07/25/2002,MLI,IL,AGL,CE,Towers with Radar,21,40,48,2,111,0,0,39,5,44,21,40,87,7,155,18,10,28,183
07/26/2002,MLI,IL,AGL,CE,Towers with Radar,21,72,41,0,134,0,0,46,0,46,21,72,87,0,180,68,0,68,248
07/27/2002,MLI,IL,AGL,CE,Towers with Radar,17,47,26,1,91,0,2,27,2,31,17,49,53,3,122,12,0,12,134
07/28/2002,MLI,IL,AGL,CE,Towers with Radar,17,65,41,0,123,0,0,37,0,37,17,65,78,0,160,78,0,78,238
07/29/2002,MLI,IL,AGL,CE,Towers with Radar,20,68,41,0,129,0,0,35,0,35,20,68,76,0,164,51,0,51,215
07/30/2002,MLI,IL,AGL,CE,Towers with Radar,23,69,38,1,131,0,12,46,1,59,23,81,84,2,190,76,0,76,266
07/31/2002,MLI,IL,AGL,CE,Towers with Radar,22,68,37,1,128,0,5,50,1,56,22,73,87,2,184,117,0,117,301
08/01/2002,MLI,IL,AGL,CE,Towers with Radar,19,34,33,2,88,0,0,76,0,76,19,34,109,2,164,66,0,66,230
08/02/2002,MLI,IL,AGL,CE,Towers with Radar,18,60,30,0,108,1,12,43,0,56,19,72,73,0,164,90,0,90,254
08/03/2002,MLI,IL,AGL,CE,Towers with Radar,10,38,19,0,67,8,4,37,0,49,18,42,56,0,116,102,0,102,218
08/04/2002,MLI,IL,AGL,CE,Towers with Radar,15,52,26,0,93,2,1,19,0,22,17,53,45,0,115,76,0,76,191
08/05/2002,MLI,IL,AGL,CE,Towers with Radar,19,75,38,2,134,0,0,11,0,11,19,75,49,2,145,30,0,30,175
08/06/2002,MLI,IL,AGL,CE,Towers with Radar,18,66,33,0,117,2,9,44,0,55,20,75,77,0,172,90,0,90,262
08/07/2002,MLI,IL,AGL,CE,Towers with Radar,18,61,31,0,110,2,7,15,0,24,20,68,46,0,134,80,0,80,214
08/08/2002,MLI,IL,AGL,CE,Towers with Radar,19,71,38,2,130,0,0,70,0,70,19,71,108,2,200,114,0,114,314
08/09/2002,MLI,IL,AGL,CE,Towers with Radar,17,59,30,0,106,0,6,40,0,46,17,65,70,0,152,92,0,92,244
08/10/2002,MLI,IL,AGL,CE,Towers with Radar,13,39,22,0,74,6,0,65,0,71,19,39,87,0,145,54,0,54,199
08/11/2002,MLI,IL,AGL,CE,Towers with Radar,17,53,29,0,99,11,0,27,0,38,28,53,56,0,137,60,0,60,197
08/12/2002,MLI,IL,AGL,CE,Towers with Radar,18,64,33,2,117,0,3,4,0,7,18,67,37,2,124,22,0,22,146
08/13/2002,MLI,IL,AGL,CE,Towers with Radar,19,62,32,0,113,1,0,10,0,11,20,62,42,0,124,58,0,58,182
08/14/2002,MLI,IL,AGL,CE,Towers with Radar,19,83,44,2,148,0,0,39,2,41,19,83,83,4,189,80,0,80,269
08/15/2002,MLI,IL,AGL,CE,Towers with Radar,20,67,32,0,119,0,5,37,0,42,20,72,69,0,161,68,0,68,229
08/16/2002,MLI,IL,AGL,CE,Towers with Radar,21,62,37,0,120,1,0,16,0,17,22,62,53,0,137,58,0,58,195
08/17/2002,MLI,IL,AGL,CE,Towers with Radar,11,39,21,0,71,7,2,21,0,30,18,41,42,0,101,56,0,56,157
08/18/2002,MLI,IL,AGL,CE,Towers with Radar,14,49,26,0,89,3,7,32,0,42,17,56,58,0,131,96,0,96,227
08/19/2002,MLI,IL,AGL,CE,Towers with Radar,18,60,32,1,111,2,1,18,3,24,20,61,50,4,135,38,0,38,173
08/20/2002,MLI,IL,AGL,CE,Towers with Radar,20,74,41,1,136,0,0,43,0,43,20,74,84,1,179,42,0,42,221
08/21/2002,MLI,IL,AGL,CE,Towers with Radar,17,66,40,1,124,0,0,16,2,18,17,66,56,3,142,8,0,8,150
08/22/2002,MLI,IL,AGL,CE,Towers with Radar,20,66,34,0,120,0,9,10,0,19,20,75,44,0,139,80,0,80,219
08/23/2002,MLI,IL,AGL,CE,Towers with Radar,20,70,36,0,126,0,1,20,0,21,20,71,56,0,147,40,0,40,187
08/24/2002,MLI,IL,AGL,CE,Towers with Radar,17,43,25,0,85,0,1,37,0,38,17,44,62,0,123,32,0,32,155
08/25/2002,MLI,IL,AGL,CE,Towers with Radar,15,49,25,0,89,2,6,42,0,50,17,55,67,0,139,99,0,99,238
08/26/2002,MLI,IL,AGL,CE,Towers with Radar,18,60,31,1,110,0,11,36,5,52,18,71,67,6,162,44,10,54,216
08/27/2002,MLI,IL,AGL,CE,Towers with Radar,20,66,34,1,121,0,9,34,4,47,20,75,68,5,168,34,2,36,204
08/28/2002,MLI,IL,AGL,CE,Towers with Radar,20,76,44,0,140,0,0,49,0,49,20,76,93,0,189,52,0,52,241
08/29/2002,MLI,IL,AGL,CE,Towers with Radar,20,76,43,1,140,0,0,62,3,65,20,76,105,4,205,48,0,48,253
08/30/2002,MLI,IL,AGL,CE,Towers with Radar,21,65,52,0,138,0,5,44,0,49,21,70,96,0,187,80,0,80,267
08/31/2002,MLI,IL,AGL,CE,Towers with Radar,15,39,25,0,79,1,0,42,0,43,16,39,67,0,122,28,0,28,150
09/01/2002,MLI,IL,AGL,CE,Towers with Radar,9,35,16,0,60,5,3,16,0,24,14,38,32,0,84,8,0,8,92
09/02/2002,MLI,IL,AGL,CE,Towers with Radar,12,44,19,0,75,3,2,14,0,19,15,46,33,0,94,14,0,14,108
09/03/2002,MLI,IL,AGL,CE,Towers with Radar,19,66,30,3,118,0,9,50,1,60,19,75,80,4,178,40,4,44,222
09/04/2002,MLI,IL,AGL,CE,Towers with Radar,19,59,29,0,107,11,0,51,0,62,30,59,80,0,169,38,0,38,207
09/05/2002,MLI,IL,AGL,CE,Towers with Radar,20,67,31,2,120,2,12,85,0,99,22,79,116,2,219,100,0,100,319
09/06/2002,MLI,IL,AGL,CE,Towers with Radar,20,65,30,0,115,0,2,43,0,45,20,67,73,0,160,122,0,122,282
09/07/2002,MLI,IL,AGL,CE,Towers with Radar,0,0,0,0,0,18,45,102,0,165,18,45,102,0,165,90,0,90,255
09/08/2002,MLI,IL,AGL,CE,Towers with Radar,13,43,20,2,78,6,10,40,2,58,19,53,60,4,136,102,6,108,244
09/09/2002,MLI,IL,AGL,CE,Towers with Radar,19,62,28,0,109,2,6,47,0,55,21,68,75,0,164,22,0,22,186
09/10/2002,MLI,IL,AGL,CE,Towers with Radar,19,62,31,2,114,0,0,15,0,15,19,62,46,2,129,16,14,30,159
09/11/2002,MLI,IL,AGL,CE,Towers with Radar,17,56,28,0,101,0,0,57,0,57,17,56,85,0,158,114,0,114,272
09/12/2002,MLI,IL,AGL,CE,Towers with Radar,20,61,28,0,109,1,5,37,0,43,21,66,65,0,152,52,0,52,204
09/13/2002,MLI,IL,AGL,CE,Towers with Radar,21,64,30,2,117,1,3,48,0,52,22,67,78,2,169,14,0,14,183
09/14/2002,MLI,IL,AGL,CE,Towers with Radar,13,43,19,0,75,5,5,6,0,16,18,48,25,0,91,34,0,34,125
09/15/2002,MLI,IL,AGL,CE,Towers with Radar,17,56,27,1,101,0,0,39,0,39,17,56,66,1,140,42,0,42,182
09/16/2002,MLI,IL,AGL,CE,Towers with Radar,20,65,31,2,118,0,6,31,7,44,20,71,62,9,162,68,4,72,234
09/17/2002,MLI,IL,AGL,CE,Towers with Radar,21,71,35,2,129,0,0,45,3,48,21,71,80,5,177,60,0,60,237
09/18/2002,MLI,IL,AGL,CE,Towers with Radar,20,64,39,2,125,0,0,7,13,20,20,64,46,15,145,70,16,86,231
09/19/2002,MLI,IL,AGL,CE,Towers with Radar,19,66,32,2,119,0,5,8,2,15,19,71,40,4,134,40,0,40,174
09/20/2002,MLI,IL,AGL,CE,Towers with Radar,20,58,37,2,117,0,0,3,8,11,20,58,40,10,128,6,0,6,134
09/21/2002,MLI,IL,AGL,CE,Towers with Radar,18,51,26,0,95,0,0,43,0,43,18,51,69,0,138,96,0,96,234
09/22/2002,MLI,IL,AGL,CE,Towers with Radar,16,47,23,0,86,1,2,28,0,31,17,49,51,0,117,52,0,52,169
09/23/2002,MLI,IL,AGL,CE,Towers with Radar,21,63,30,2,116,0,4,44,0,48,21,67,74,2,164,52,0,52,216
09/24/2002,MLI,IL,AGL,CE,Towers with Radar,22,66,35,0,123,0,0,59,0,59,22,66,94,0,182,136,0,136,318
09/25/2002,MLI,IL,AGL,CE,Towers with Radar,20,68,33,0,121,0,0,57,0,57,20,68,90,0,178,100,0,100,278
09/26/2002,MLI,IL,AGL,CE,Towers with Radar,22,70,37,2,131,0,0,47,0,47,22,70,84,2,178,50,0,50,228
09/27/2002,MLI,IL,AGL,CE,Towers with Radar,22,63,36,0,121,0,0,13,0,13,22,63,49,0,134,40,0,40,174
09/28/2002,MLI,IL,AGL,CE,Towers with Radar,18,44,26,0,88,0,0,47,0,47,18,44,73,0,135,120,0,120,255
09/29/2002,MLI,IL,AGL,CE,Towers with Radar,16,50,24,0,90,1,4,41,0,46,17,54,65,0,136,32,0,32,168
09/30/2002,MLI,IL,AGL,CE,Towers with Radar,17,54,24,0,95,2,11,29,0,42,19,65,53,0,137,10,0,10,147
10/01/2002,MLI,IL,AGL,CE,Towers with Radar,24,62,25,8,119,0,0,18,0,18,24,62,43,8,137,88,0,88,225
10/02/2002,MLI,IL,AGL,CE,Towers with Radar,23,68,41,2,134,0,0,2,0,2,23,68,43,2,136,0,0,0,136
10/03/2002,MLI,IL,AGL,CE,Towers with Radar,25,67,50,2,144,0,17,34,0,51,25,84,84,2,195,9,1,10,205
10/04/2002,MLI,IL,AGL,CE,Towers with Radar,20,61,31,0,112,0,0,4,0,4,20,61,35,0,116,0,0,0,116
10/05/2002,MLI,IL,AGL,CE,Towers with Radar,21,43,30,0,94,0,0,64,0,64,21,43,94,0,158,96,0,96,254
10/06/2002,MLI,IL,AGL,CE,Towers with Radar,20,51,14,9,94,0,1,30,0,31,20,52,44,9,125,44,12,56,181
10/07/2002,MLI,IL,AGL,CE,Towers with Radar,19,70,22,0,111,0,0,46,4,50,19,70,68,4,161,80,0,80,241
10/08/2002,MLI,IL,AGL,CE,Towers with Radar,21,73,31,2,127,0,0,32,0,32,21,73,63,2,159,0,0,0,159
10/09/2002,MLI,IL,AGL,CE,Towers with Radar,21,60,49,2,132,0,3,45,1,49,21,63,94,3,181,58,0,58,239
10/10/2002,MLI,IL,AGL,CE,Towers with Radar,17,70,38,0,125,0,0,59,0,59,17,70,97,0,184,54,0,54,238
10/11/2002,MLI,IL,AGL,CE,Towers with Radar,24,68,34,0,126,0,0,59,0,59,24,68,93,0,185,84,0,84,269
10/12/2002,MLI,IL,AGL,CE,Towers with Radar,19,44,24,0,87,0,0,8,0,8,19,44,32,0,95,2,0,2,97
10/13/2002,MLI,IL,AGL,CE,Towers with Radar,19,45,16,0,80,0,0,46,0,46,19,45,62,0,126,100,0,100,226
10/14/2002,MLI,IL,AGL,CE,Towers with Radar,23,64,15,0,102,0,0,35,0,35,23,64,50,0,137,40,0,40,177
10/15/2002,MLI,IL,AGL,CE,Towers with Radar,20,74,29,0,123,0,0,27,0,27,20,74,56,0,150,30,0,30,180
10/16/2002,MLI,IL,AGL,CE,Towers with Radar,23,65,31,6,125,0,0,48,4,52,23,65,79,10,177,104,6,110,287
10/17/2002,MLI,IL,AGL,CE,Towers with Radar,23,66,34,3,126,0,0,5,0,5,23,66,39,3,131,16,0,16,147
10/18/2002,MLI,IL,AGL,CE,Towers with Radar,24,70,27,4,125,0,0,23,0,23,24,70,50,4,148,36,0,36,184
10/19/2002,MLI,IL,AGL,CE,Towers with Radar,21,43,20,0,84,0,0,47,0,47,21,43,67,0,131,44,0,44,175
10/20/2002,MLI,IL,AGL,CE,Towers with Radar,24,49,23,10,106,0,1,53,0,54,24,50,76,10,160,106,22,128,288
10/21/2002,MLI,IL,AGL,CE,Towers with Radar,21,62,26,1,110,0,0,21,0,21,21,62,47,1,131,0,0,0,131
10/22/2002,MLI,IL,AGL,CE,Towers with Radar,21,67,39,2,129,0,0,25,0,25,21,67,64,2,154,72,0,72,226
10/23/2002,MLI,IL,AGL,CE,Towers with Radar,24,68,35,3,130,0,0,10,1,11,24,68,45,4,141,4,4,8,149
10/24/2002,MLI,IL,AGL,CE,Towers with Radar,30,58,34,3,125,0,0,2,0,2,30,58,36,3,127,0,0,0,127
10/25/2002,MLI,IL,AGL,CE,Towers with Radar,28,59,46,2,135,0,0,0,0,0,28,59,46,2,135,8,0,8,143
10/26/2002,MLI,IL,AGL,CE,Towers with Radar,18,50,28,2,98,0,0,14,0,14,18,50,42,2,112,34,0,34,146
10/27/2002,MLI,IL,AGL,CE,Towers with Radar,18,49,24,0,91,0,0,29,1,30,18,49,53,1,121,0,0,0,121
10/28/2002,MLI,IL,AGL,CE,Towers with Radar,24,58,20,23,125,0,0,8,0,8,24,58,28,23,133,24,18,42,175
10/29/2002,MLI,IL,AGL,CE,Towers with Radar,27,61,42,6,136,0,0,8,0,8,27,61,50,6,144,10,10,20,164
10/30/2002,MLI,IL,AGL,CE,Towers with Radar,31,58,41,0,130,0,3,5,0,8,31,61,46,0,138,30,0,30,168
10/31/2002,MLI,IL,AGL,CE,Towers with Radar,21,76,27,2,126,0,0,9,0,9,21,76,36,2,135,84,0,84,219
11/01/2002,MLI,IL,AGL,CE,Towers with Radar,9,73,28,2,112,3,9,32,6,50,12,82,60,8,162,92,10,102,264
11/02/2002,MLI,IL,AGL,CE,Towers with Radar,7,53,21,0,81,0,6,28,0,34,7,59,49,0,115,36,0,36,151
11/03/2002,MLI,IL,AGL,CE,Towers with Radar,10,58,24,0,92,1,0,5,0,6,11,58,29,0,98,90,0,90,188
11/04/2002,MLI,IL,AGL,CE,Towers with Radar,7,72,28,3,110,0,9,22,2,33,7,81,50,5,143,20,0,20,163
11/05/2002,MLI,IL,AGL,CE,Towers with Radar,9,67,21,2,99,3,4,0,0,7,12,71,21,2,106,18,0,18,124
11/06/2002,MLI,IL,AGL,CE,Towers with Radar,11,75,34,1,121,0,0,38,0,38,11,75,72,1,159,54,0,54,213
11/07/2002,MLI,IL,AGL,CE,Towers with Radar,10,81,31,3,125,0,1,26,3,30,10,82,57,6,155,54,0,54,209
11/08/2002,MLI,IL,AGL,CE,Towers with Radar,11,78,30,0,119,3,4,32,0,39,14,82,62,0,158,12,0,12,170
11/09/2002,MLI,IL,AGL,CE,Towers with Radar,7,56,22,1,86,0,4,28,0,32,7,60,50,1,118,27,2,29,147
11/10/2002,MLI,IL,AGL,CE,Towers with Radar,7,54,20,0,81,2,1,20,0,23,9,55,40,0,104,28,0,28,132
11/11/2002,MLI,IL,AGL,CE,Towers with Radar,7,66,24,0,97,0,6,8,0,14,7,72,32,0,111,0,0,0,111
11/12/2002,MLI,IL,AGL,CE,Towers with Radar,8,84,31,3,126,0,0,24,1,25,8,84,55,4,151,6,12,18,169
11/13/2002,MLI,IL,AGL,CE,Towers with Radar,10,76,29,0,115,2,0,32,0,34,12,76,61,0,149,28,0,28,177
11/14/2002,MLI,IL,AGL,CE,Towers with Radar,12,70,33,3,118,0,0,15,1,16,12,70,48,4,134,20,0,20,154
11/15/2002,MLI,IL,AGL,CE,Towers with Radar,8,67,18,0,93,0,5,10,0,15,8,72,28,0,108,0,0,0,108
11/16/2002,MLI,IL,AGL,CE,Towers with Radar,7,55,21,0,83,0,0,17,0,17,7,55,38,0,100,116,0,116,216
11/17/2002,MLI,IL,AGL,CE,Towers with Radar,6,49,18,2,75,2,11,33,0,46,8,60,51,2,121,92,2,94,215
11/18/2002,MLI,IL,AGL,CE,Towers with Radar,11,72,29,3,115,2,0,14,1,17,13,72,43,4,132,40,0,40,172
11/19/2002,MLI,IL,AGL,CE,Towers with Radar,8,73,28,0,109,0,11,29,0,40,8,84,57,0,149,14,0,14,163
11/20/2002,MLI,IL,AGL,CE,Towers with Radar,12,75,33,3,123,1,0,47,23,71,13,75,80,26,194,66,19,85,279
11/21/2002,MLI,IL,AGL,CE,Towers with Radar,9,71,28,2,110,4,0,11,1,16,13,71,39,3,126,4,0,4,130
11/22/2002,MLI,IL,AGL,CE,Towers with Radar,11,77,31,2,121,3,0,43,0,46,14,77,74,2,167,54,0,54,221
11/23/2002,MLI,IL,AGL,CE,Towers with Radar,7,52,20,1,80,1,4,61,1,67,8,56,81,2,147,170,0,170,317
11/24/2002,MLI,IL,AGL,CE,Towers with Radar,7,66,25,0,98,0,3,30,0,33,7,69,55,0,131,38,0,38,169
11/25/2002,MLI,IL,AGL,CE,Towers with Radar,9,90,42,0,141,0,0,45,0,45,9,90,87,0,186,38,6,44,230
11/26/2002,MLI,IL,AGL,CE,Towers with Radar,8,65,25,0,98,0,1,20,0,21,8,66,45,0,119,0,0,0,119
11/27/2002,MLI,IL,AGL,CE,Towers with Radar,9,79,33,0,121,0,0,66,0,66,9,79,99,0,187,35,0,35,222
11/28/2002,MLI,IL,AGL,CE,Towers with Radar,5,40,15,0,60,3,11,9,0,23,8,51,24,0,83,20,0,20,103
11/29/2002,MLI,IL,AGL,CE,Towers with Radar,7,51,20,0,78,0,3,21,0,24,7,54,41,0,102,60,0,60,162
11/30/2002,MLI,IL,AGL,CE,Towers with Radar,7,53,20,0,80,0,6,3,0,9,7,59,23,0,89,10,0,10,99
12/01/2002,MLI,IL,AGL,CE,Towers with Radar,8,64,29,0,101,0,0,18,0,18,8,64,47,0,119,22,0,22,141
12/02/2002,MLI,IL,AGL,CE,Towers with Radar,10,65,27,0,102,10,0,15,0,25,20,65,42,0,127,0,0,0,127
12/03/2002,MLI,IL,AGL,CE,Towers with Radar,8,79,32,3,122,0,0,29,1,30,8,79,61,4,152,138,0,138,290
12/04/2002,MLI,IL,AGL,CE,Towers with Radar,7,75,29,2,113,0,5,13,0,18,7,80,42,2,131,4,0,4,135
12/05/2002,MLI,IL,AGL,CE,Towers with Radar,10,72,33,0,115,0,0,7,0,7,10,72,40,0,122,4,0,4,126
12/06/2002,MLI,IL,AGL,CE,Towers with Radar,10,74,29,2,115,0,11,12,0,23,10,85,41,2,138,66,0,66,204
12/07/2002,MLI,IL,AGL,CE,Towers with Radar,7,60,17,0,84,0,7,47,0,54,7,67,64,0,138,36,0,36,174
12/08/2002,MLI,IL,AGL,CE,Towers with Radar,7,58,23,0,88,1,6,41,0,48,8,64,64,0,136,68,0,68,204
12/09/2002,MLI,IL,AGL,CE,Towers with Radar,10,70,27,0,107,3,6,36,0,45,13,76,63,0,152,26,0,26,178
12/10/2002,MLI,IL,AGL,CE,Towers with Radar,10,76,30,3,119,2,0,40,3,45,12,76,70,6,164,8,2,10,174
12/11/2002,MLI,IL,AGL,CE,Towers with Radar,10,76,29,0,115,0,4,45,0,49,10,80,74,0,164,62,0,62,226
12/12/2002,MLI,IL,AGL,CE,Towers with Radar,10,80,33,3,126,0,0,15,0,15,10,80,48,3,141,24,0,24,165
12/13/2002,MLI,IL,AGL,CE,Towers with Radar,12,92,37,3,144,0,0,24,12,36,12,92,61,15,180,74,14,88,268
12/14/2002,MLI,IL,AGL,CE,Towers with Radar,8,63,27,2,100,0,0,34,0,34,8,63,61,2,134,72,2,74,208
12/15/2002,MLI,IL,AGL,CE,Towers with Radar,8,54,21,1,84,1,3,52,0,56,9,57,73,1,140,38,2,40,180
12/16/2002,MLI,IL,AGL,CE,Towers with Radar,9,69,26,0,104,0,2,24,0,26,9,71,50,0,130,30,0,30,160
12/17/2002,MLI,IL,AGL,CE,Towers with Radar,7,80,31,2,120,0,0,1,0,1,7,80,32,2,121,0,0,0,121
12/18/2002,MLI,IL,AGL,CE,Towers with Radar,9,71,27,0,107,0,0,10,0,10,9,71,37,0,117,0,0,0,117
12/19/2002,MLI,IL,AGL,CE,Towers with Radar,13,72,36,2,123,0,0,30,21,51,13,72,66,23,174,102,0,102,276
12/20/2002,MLI,IL,AGL,CE,Towers with Radar,11,57,31,2,101,2,0,32,2,36,13,57,63,4,137,8,2,10,147
12/21/2002,MLI,IL,AGL,CE,Towers with Radar,6,49,18,0,73,1,7,31,0,39,7,56,49,0,112,116,0,116,228
12/22/2002,MLI,IL,AGL,CE,Towers with Radar,10,51,12,0,73,0,3,19,0,22,10,54,31,0,95,30,0,30,125
12/23/2002,MLI,IL,AGL,CE,Towers with Radar,7,58,23,0,88,6,2,26,0,34,13,60,49,0,122,94,0,94,216
12/24/2002,MLI,IL,AGL,CE,Towers with Radar,5,37,15,0,57,7,8,17,0,32,12,45,32,0,89,28,0,28,117
12/25/2002,MLI,IL,AGL,CE,Towers with Radar,6,40,15,0,61,1,15,0,0,16,7,55,15,0,77,28,0,28,105
12/26/2002,MLI,IL,AGL,CE,Towers with Radar,10,62,24,0,96,2,1,42,0,45,12,63,66,0,141,148,0,148,289
12/27/2002,MLI,IL,AGL,CE,Towers with Radar,11,64,29,0,104,2,0,24,0,26,13,64,53,0,130,68,0,68,198
12/28/2002,MLI,IL,AGL,CE,Towers with Radar,7,51,20,0,78,0,4,47,0,51,7,55,67,0,129,114,0,114,243
12/29/2002,MLI,IL,AGL,CE,Towers with Radar,8,51,21,0,80,0,0,42,0,42,8,51,63,0,122,64,0,64,186
12/30/2002,MLI,IL,AGL,CE,Towers with Radar,19,43,22,0,84,0,11,19,0,30,19,54,41,0,114,16,0,16,130
12/31/2002,MLI,IL,AGL,CE,Towers with Radar,6,44,17,1,68,3,12,29,0,44,9,56,46,1,112,114,0,114,226
01/01/2003,MLI,IL,AGL,CE,Towers with Radar,6,43,15,0,64,0,17,13,0,30,6,60,28,0,94,46,0,46,140
01/02/2003,MLI,IL,AGL,CE,Towers with Radar,10,54,19,3,86,0,9,8,1,18,10,63,27,4,104,0,0,0,104
01/03/2003,MLI,IL,AGL,CE,Towers with Radar,14,67,29,5,115,0,0,30,17,47,14,67,59,22,162,108,12,120,282
01/04/2003,MLI,IL,AGL,CE,Towers with Radar,11,57,16,0,84,0,3,19,0,22,11,60,35,0,106,10,0,10,116
01/05/2003,MLI,IL,AGL,CE,Towers with Radar,7,41,5,0,53,3,23,0,0,26,10,64,5,0,79,0,2,2,81
01/06/2003,MLI,IL,AGL,CE,Towers with Radar,12,61,22,0,95,1,6,22,0,29,13,67,44,0,124,30,0,30,154
01/07/2003,MLI,IL,AGL,CE,Towers with Radar,15,64,29,5,113,5,0,21,1,27,20,64,50,6,140,26,6,32,172
01/08/2003,MLI,IL,AGL,CE,Towers with Radar,11,71,29,5,116,0,0,29,2,31,11,71,58,7,147,10,8,18,165
01/09/2003,MLI,IL,AGL,CE,Towers with Radar,13,73,30,2,118,0,0,19,0,19,13,73,49,2,137,48,0,48,185
01/10/2003,MLI,IL,AGL,CE,Towers with Radar,12,67,25,0,104,0,1,2,0,3,12,68,27,0,107,24,0,24,131
01/11/2003,MLI,IL,AGL,CE,Towers with Radar,8,46,17,0,71,0,6,16,0,22,8,52,33,0,93,48,0,48,141
01/12/2003,MLI,IL,AGL,CE,Towers with Radar,8,48,18,0,74,3,8,10,0,21,11,56,28,0,95,76,0,76,171
01/13/2003,MLI,IL,AGL,CE,Towers with Radar,12,67,25,4,108,0,7,25,6,38,12,74,50,10,146,2,12,14,160
01/14/2003,MLI,IL,AGL,CE,Towers with Radar,8,49,27,4,88,0,0,9,2,11,8,49,36,6,99,22,8,30,129
01/15/2003,MLI,IL,AGL,CE,Towers with Radar,14,76,25,2,117,0,0,0,0,0,14,76,25,2,117,46,0,46,163
01/16/2003,MLI,IL,AGL,CE,Towers with Radar,13,65,27,0,105,3,0,16,0,19,16,65,43,0,124,52,0,52,176
01/17/2003,MLI,IL,AGL,CE,Towers with Radar,11,64,24,0,99,3,8,42,0,53,14,72,66,0,152,74,2,76,228
01/18/2003,MLI,IL,AGL,CE,Towers with Radar,7,42,16,0,65,1,11,6,0,18,8,53,22,0,83,38,0,38,121
01/19/2003,MLI,IL,AGL,CE,Towers with Radar,8,46,17,0,71,3,8,16,0,27,11,54,33,0,98,16,0,16,114
01/20/2003,MLI,IL,AGL,CE,Towers with Radar,9,67,25,0,101,0,6,51,0,57,9,73,76,0,158,60,0,60,218
01/21/2003,MLI,IL,AGL,CE,Towers with Radar,13,68,28,0,109,0,0,33,0,33,13,68,61,0,142,34,0,34,176
01/22/2003,MLI,IL,AGL,CE,Towers with Radar,15,70,32,4,121,1,0,23,13,37,16,70,55,17,158,2,32,34,192
01/23/2003,MLI,IL,AGL,CE,Towers with Radar,13,81,35,4,133,0,0,12,2,14,13,81,47,6,147,10,18,28,175
01/24/2003,MLI,IL,AGL,CE,Towers with Radar,14,77,32,4,127,0,0,14,2,16,14,77,46,6,143,34,10,44,187
01/25/2003,MLI,IL,AGL,CE,Towers with Radar,10,52,18,2,82,0,7,31,2,40,10,59,49,4,122,112,24,136,258
01/26/2003,MLI,IL,AGL,CE,Towers with Radar,8,45,16,2,71,4,12,1,2,19,12,57,17,4,90,22,2,24,114
01/27/2003,MLI,IL,AGL,CE,Towers with Radar,12,64,25,2,103,3,0,22,0,25,15,64,47,2,128,4,0,4,132
01/28/2003,MLI,IL,AGL,CE,Towers with Radar,11,65,19,2,97,5,4,0,0,9,16,69,19,2,106,0,0,0,106
01/29/2003,MLI,IL,AGL,CE,Towers with Radar,14,75,28,3,120,0,0,4,0,4,14,75,32,3,124,0,0,0,124
01/30/2003,MLI,IL,AGL,CE,Towers with Radar,11,73,36,5,125,0,0,35,6,41,11,73,71,11,166,48,12,60,226
01/31/2003,MLI,IL,AGL,CE,Towers with Radar,8,68,24,0,100,0,2,12,0,14,8,70,36,0,114,12,0,12,126
02/01/2003,MLI,IL,AGL,CE,Towers with Radar,7,51,19,1,78,0,5,6,1,12,7,56,25,2,90,106,0,106,196
02/02/2003,MLI,IL,AGL,CE,Towers with Radar,7,47,10,0,64,2,9,0,0,11,9,56,10,0,75,0,0,0,75
02/03/2003,MLI,IL,AGL,CE,Towers with Radar,8,51,19,0,78,4,7,3,0,14,12,58,22,0,92,0,0,0,92
02/04/2003,MLI,IL,AGL,CE,Towers with Radar,11,72,27,0,110,1,0,10,0,11,12,72,37,0,121,24,0,24,145
02/05/2003,MLI,IL,AGL,CE,Towers with Radar,11,71,28,0,110,1,0,13,0,14,12,71,41,0,124,50,0,50,174
02/06/2003,MLI,IL,AGL,CE,Towers with Radar,10,70,27,1,108,1,3,14,6,24,11,73,41,7,132,26,19,45,177
02/07/2003,MLI,IL,AGL,CE,Towers with Radar,11,68,28,1,108,0,0,24,1,25,11,68,52,2,133,56,0,56,189
02/08/2003,MLI,IL,AGL,CE,Towers with Radar,8,57,22,0,87,0,2,21,0,23,8,59,43,0,110,38,0,38,148
02/09/2003,MLI,IL,AGL,CE,Towers with Radar,7,57,23,1,88,4,0,30,1,35,11,57,53,2,123,48,0,48,171
02/10/2003,MLI,IL,AGL,CE,Towers with Radar,10,68,26,1,105,1,2,15,1,19,11,70,41,2,124,42,0,42,166
02/11/2003,MLI,IL,AGL,CE,Towers with Radar,10,68,26,0,104,2,3,5,0,10,12,71,31,0,114,0,0,0,114
02/12/2003,MLI,IL,AGL,CE,Towers with Radar,12,78,32,0,122,0,0,23,0,23,12,78,55,0,145,28,0,28,173
02/13/2003,MLI,IL,AGL,CE,Towers with Radar,10,91,35,1,137,0,0,67,1,68,10,91,102,2,205,104,0,104,309
02/14/2003,MLI,IL,AGL,CE,Towers with Radar,7,46,10,1,64,4,22,0,0,26,11,68,10,1,90,0,0,0,90
02/15/2003,MLI,IL,AGL,CE,Towers with Radar,5,36,6,0,47,0,22,0,0,22,5,58,6,0,69,0,0,0,69
02/16/2003,MLI,IL,AGL,CE,Towers with Radar,6,42,16,0,64,1,13,21,0,35,7,55,37,0,99,34,0,34,133
02/17/2003,MLI,IL,AGL,CE,Towers with Radar,11,64,28,0,103,0,0,6,0,6,11,64,34,0,109,2,0,2,111
02/18/2003,MLI,IL,AGL,CE,Towers with Radar,8,66,30,0,104,0,0,28,0,28,8,66,58,0,132,12,0,12,144
02/19/2003,MLI,IL,AGL,CE,Towers with Radar,9,77,32,0,118,0,0,55,0,55,9,77,87,0,173,46,0,46,219
02/20/2003,MLI,IL,AGL,CE,Towers with Radar,11,74,30,0,115,0,0,46,0,46,11,74,76,0,161,48,0,48,209
02/21/2003,MLI,IL,AGL,CE,Towers with Radar,11,63,34,0,108,0,0,67,0,67,11,63,101,0,175,44,0,44,219
02/22/2003,MLI,IL,AGL,CE,Towers with Radar,6,40,11,0,57,1,13,0,0,14,7,53,11,0,71,0,0,0,71
02/23/2003,MLI,IL,AGL,CE,Towers with Radar,2,60,9,0,71,0,6,37,0,43,2,66,46,0,114,86,0,86,200
02/24/2003,MLI,IL,AGL,CE,Towers with Radar,11,67,27,0,105,0,0,20,2,22,11,67,47,2,127,28,0,28,155
02/25/2003,MLI,IL,AGL,CE,Towers with Radar,11,74,30,0,115,1,0,16,0,17,12,74,46,0,132,32,0,32,164
02/26/2003,MLI,IL,AGL,CE,Towers with Radar,11,71,31,0,113,0,0,60,2,62,11,71,91,2,175,70,0,70,245
02/27/2003,MLI,IL,AGL,CE,Towers with Radar,11,70,30,0,111,0,9,18,0,27,11,79,48,0,138,22,0,22,160
02/28/2003,MLI,IL,AGL,CE,Towers with Radar,12,67,28,0,107,0,0,47,0,47,12,67,75,0,154,86,2,88,242
03/01/2003,MLI,IL,AGL,CE,Towers with Radar,5,47,17,0,69,0,10,11,2,23,5,57,28,2,92,52,0,52,144
03/02/2003,MLI,IL,AGL,CE,Towers with Radar,11,58,21,0,90,5,0,43,0,48,16,58,64,0,138,58,0,58,196
03/03/2003,MLI,IL,AGL,CE,Towers with Radar,11,64,18,0,93,5,1,0,2,8,16,65,18,2,101,4,0,4,105
03/04/2003,MLI,IL,AGL,CE,Towers with Radar,9,54,20,0,83,8,0,10,0,18,17,54,30,0,101,4,0,4,105
03/05/2003,MLI,IL,AGL,CE,Towers with Radar,8,62,22,0,92,0,0,21,2,23,8,62,43,2,115,36,0,36,151
03/06/2003,MLI,IL,AGL,CE,Towers with Radar,8,69,24,0,101,0,6,12,0,18,8,75,36,0,119,58,0,58,177
03/07/2003,MLI,IL,AGL,CE,Towers with Radar,6,82,29,0,117,0,0,1,0,1,6,82,30,0,118,90,0,90,208
03/08/2003,MLI,IL,AGL,CE,Towers with Radar,5,51,17,0,73,0,5,5,0,10,5,56,22,0,83,0,0,0,83
03/09/2003,MLI,IL,AGL,CE,Towers with Radar,4,51,18,1,74,0,11,35,1,47,4,62,53,2,121,28,0,28,149
03/10/2003,MLI,IL,AGL,CE,Towers with Radar,7,60,22,0,89,0,11,19,0,30,7,71,41,0,119,22,0,22,141
03/11/2003,MLI,IL,AGL,CE,Towers with Radar,8,69,25,0,102,0,0,30,0,30,8,69,55,0,132,10,0,10,142
03/12/2003,MLI,IL,AGL,CE,Towers with Radar,8,71,29,1,109,0,0,9,0,9,8,71,38,1,118,46,0,46,164
03/13/2003,MLI,IL,AGL,CE,Towers with Radar,11,70,30,1,112,2,0,44,0,46,13,70,74,1,158,58,0,58,216
03/14/2003,MLI,IL,AGL,CE,Towers with Radar,12,66,33,0,111,5,0,38,0,43,17,66,71,0,154,76,0,76,230
03/15/2003,MLI,IL,AGL,CE,Towers with Radar,8,57,21,0,86,0,0,60,0,60,8,57,81,0,146,52,0,52,198
03/16/2003,MLI,IL,AGL,CE,Towers with Radar,7,53,19,0,79,1,13,33,0,47,8,66,52,0,126,36,0,36,162
03/17/2003,MLI,IL,AGL,CE,Towers with Radar,10,70,25,1,106,3,1,38,0,42,13,71,63,1,148,18,0,18,166
03/18/2003,MLI,IL,AGL,CE,Towers with Radar,10,64,26,1,101,1,0,5,0,6,11,64,31,1,107,0,0,0,107
03/19/2003,MLI,IL,AGL,CE,Towers with Radar,12,62,42,0,116,1,0,0,0,1,13,62,42,0,117,0,0,0,117
03/20/2003,MLI,IL,AGL,CE,Towers with Radar,10,73,32,0,115,0,0,16,0,16,10,73,48,0,131,6,0,6,137
03/21/2003,MLI,IL,AGL,CE,Towers with Radar,9,68,26,0,103,6,6,16,2,30,15,74,42,2,133,0,0,0,133
03/22/2003,MLI,IL,AGL,CE,Towers with Radar,6,56,23,0,85,0,0,48,0,48,6,56,71,0,133,86,0,86,219
03/23/2003,MLI,IL,AGL,CE,Towers with Radar,5,60,23,0,88,0,0,76,0,76,5,60,99,0,164,136,0,136,300
03/24/2003,MLI,IL,AGL,CE,Towers with Radar,9,67,25,0,101,0,4,29,0,33,9,71,54,0,134,22,0,22,156
03/25/2003,MLI,IL,AGL,CE,Towers with Radar,8,68,26,0,102,0,8,28,0,36,8,76,54,0,138,72,0,72,210
03/26/2003,MLI,IL,AGL,CE,Towers with Radar,8,76,32,0,116,0,0,44,0,44,8,76,76,0,160,60,0,60,220
03/27/2003,MLI,IL,AGL,CE,Towers with Radar,9,65,23,0,97,1,6,22,0,29,10,71,45,0,126,60,0,60,186
03/28/2003,MLI,IL,AGL,CE,Towers with Radar,9,66,25,0,100,4,9,0,0,13,13,75,25,0,113,4,0,4,117
03/29/2003,MLI,IL,AGL,CE,Towers with Radar,6,56,21,0,83,0,5,4,0,9,6,61,25,0,92,68,0,68,160
03/30/2003,MLI,IL,AGL,CE,Towers with Radar,7,58,22,0,87,0,1,55,0,56,7,59,77,0,143,92,0,92,235
03/31/2003,MLI,IL,AGL,CE,Towers with Radar,7,69,27,0,103,0,0,36,0,36,7,69,63,0,139,48,0,48,187
04/01/2003,MLI,IL,AGL,CE,Towers with Radar,9,63,23,0,95,0,18,26,0,44,9,81,49,0,139,16,0,16,155
04/02/2003,MLI,IL,AGL,CE,Towers with Radar,10,72,30,0,112,0,0,46,0,46,10,72,76,0,158,22,0,22,180
04/03/2003,MLI,IL,AGL,CE,Towers with Radar,10,68,15,1,94,0,3,0,1,4,10,71,15,2,98,8,0,8,106
04/04/2003,MLI,IL,AGL,CE,Towers with Radar,7,58,22,1,88,0,6,7,3,16,7,64,29,4,104,0,0,0,104
04/05/2003,MLI,IL,AGL,CE,Towers with Radar,6,50,19,0,75,0,1,36,0,37,6,51,55,0,112,100,0,100,212
04/06/2003,MLI,IL,AGL,CE,Towers with Radar,9,48,17,0,74,0,10,15,0,25,9,58,32,0,99,20,0,20,119
04/07/2003,MLI,IL,AGL,CE,Towers with Radar,14,62,11,5,92,0,1,1,0,2,14,63,12,5,94,0,0,0,94
04/08/2003,MLI,IL,AGL,CE,Towers with Radar,13,67,24,1,105,1,1,8,4,14,14,68,32,5,119,2,0,2,121
04/09/2003,MLI,IL,AGL,CE,Towers with Radar,15,67,24,0,106,1,0,59,0,60,16,67,83,0,166,28,0,28,194
04/10/2003,MLI,IL,AGL,CE,Towers with Radar,15,70,27,0,112,0,0,72,0,72,15,70,99,0,184,104,0,104,288
04/11/2003,MLI,IL,AGL,CE,Towers with Radar,12,61,22,0,95,1,0,47,0,48,13,61,69,0,143,18,0,18,161
04/12/2003,MLI,IL,AGL,CE,Towers with Radar,7,38,13,0,58,0,18,82,0,100,7,56,95,0,158,70,0,70,228
04/13/2003,MLI,IL,AGL,CE,Towers with Radar,10,48,17,0,75,2,11,52,0,65,12,59,69,0,140,118,0,118,258
04/14/2003,MLI,IL,AGL,CE,Towers with Radar,13,57,23,1,94,4,0,25,1,30,17,57,48,2,124,26,0,26,150
04/15/2003,MLI,IL,AGL,CE,Towers with Radar,13,64,22,0,99,1,1,31,0,33,14,65,53,0,132,16,0,16,148
04/16/2003,MLI,IL,AGL,CE,Towers with Radar,13,62,25,0,100,10,0,4,0,14,23,62,29,0,114,18,0,18,132
04/17/2003,MLI,IL,AGL,CE,Towers with Radar,17,61,31,1,110,0,0,16,3,19,17,61,47,4,129,18,0,18,147
04/18/2003,MLI,IL,AGL,CE,Towers with Radar,13,66,30,1,110,0,0,13,1,14,13,66,43,2,124,34,0,34,158
04/19/2003,MLI,IL,AGL,CE,Towers with Radar,8,41,16,0,65,0,9,11,0,20,8,50,27,0,85,8,0,8,93
04/20/2003,MLI,IL,AGL,CE,Towers with Radar,7,36,5,0,48,4,17,0,0,21,11,53,5,0,69,0,0,0,69
04/21/2003,MLI,IL,AGL,CE,Towers with Radar,15,58,28,0,101,0,0,16,0,16,15,58,44,0,117,34,0,34,151
04/22/2003,MLI,IL,AGL,CE,Towers with Radar,15,65,27,0,107,1,0,60,4,65,16,65,87,4,172,52,10,62,234
04/23/2003,MLI,IL,AGL,CE,Towers with Radar,16,65,27,0,108,0,0,36,0,36,16,65,63,0,144,24,0,24,168
04/24/2003,MLI,IL,AGL,CE,Towers with Radar,14,69,26,0,109,0,0,19,0,19,14,69,45,0,128,12,0,12,140
04/25/2003,MLI,IL,AGL,CE,Towers with Radar,14,64,27,0,105,0,0,31,0,31,14,64,58,0,136,44,0,44,180
04/26/2003,MLI,IL,AGL,CE,Towers with Radar,8,52,21,0,81,0,0,72,0,72,8,52,93,0,153,132,0,132,285
04/27/2003,MLI,IL,AGL,CE,Towers with Radar,9,47,18,0,74,3,6,35,2,46,12,53,53,2,120,22,12,34,154
04/28/2003,MLI,IL,AGL,CE,Towers with Radar,13,64,24,0,101,0,1,17,0,18,13,65,41,0,119,12,0,12,131
04/29/2003,MLI,IL,AGL,CE,Towers with Radar,16,70,30,0,116,2,0,4,0,6,18,70,34,0,122,0,0,0,122
04/30/2003,MLI,IL,AGL,CE,Towers with Radar,10,48,18,0,76,3,9,5,0,17,13,57,23,0,93,72,0,72,165
05/01/2003,MLI,IL,AGL,CE,Towers with Radar,13,56,33,0,102,1,0,4,0,5,14,56,37,0,107,0,0,0,107
05/02/2003,MLI,IL,AGL,CE,Towers with Radar,9,71,34,0,114,0,0,47,2,49,9,71,81,2,163,52,0,52,215
05/03/2003,MLI,IL,AGL,CE,Towers with Radar,9,47,22,0,78,0,2,59,1,62,9,49,81,1,140,4,0,4,144
05/04/2003,MLI,IL,AGL,CE,Towers with Radar,9,41,19,0,69,3,11,6,0,20,12,52,25,0,89,0,0,0,89
05/05/2003,MLI,IL,AGL,CE,Towers with Radar,10,65,30,0,105,0,10,0,0,10,10,75,30,0,115,26,0,26,141
05/06/2003,MLI,IL,AGL,CE,Towers with Radar,13,65,31,0,109,1,2,59,2,64,14,67,90,2,173,54,0,54,227
05/07/2003,MLI,IL,AGL,CE,Towers with Radar,14,62,40,0,116,0,0,15,0,15,14,62,55,0,131,0,0,0,131
05/08/2003,MLI,IL,AGL,CE,Towers with Radar,10,51,24,0,85,2,15,13,0,30,12,66,37,0,115,20,0,20,135
05/09/2003,MLI,IL,AGL,CE,Towers with Radar,13,58,32,0,103,0,0,51,0,51,13,58,83,0,154,22,0,22,176
05/10/2003,MLI,IL,AGL,CE,Towers with Radar,7,37,18,0,62,3,10,21,0,34,10,47,39,0,96,44,0,44,140
05/11/2003,MLI,IL,AGL,CE,Towers with Radar,7,35,1,0,43,4,21,0,0,25,11,56,1,0,68,0,0,0,68
05/12/2003,MLI,IL,AGL,CE,Towers with Radar,10,58,28,0,96,0,14,26,0,40,10,72,54,0,136,68,0,68,204
05/13/2003,MLI,IL,AGL,CE,Towers with Radar,12,69,33,0,114,0,0,46,0,46,12,69,79,0,160,60,0,60,220
05/14/2003,MLI,IL,AGL,CE,Towers with Radar,12,65,31,0,108,1,2,13,0,16,13,67,44,0,124,44,0,44,168
05/15/2003,MLI,IL,AGL,CE,Towers with Radar,10,81,42,1,134,0,0,13,1,14,10,81,55,2,148,24,0,24,172
05/16/2003,MLI,IL,AGL,CE,Towers with Radar,12,68,33,1,114,0,0,53,1,54,12,68,86,2,168,120,0,120,288
05/17/2003,MLI,IL,AGL,CE,Towers with Radar,9,47,23,0,79,0,5,236,0,241,9,52,259,0,320,22,0,22,342
05/18/2003,MLI,IL,AGL,CE,Towers with Radar,11,52,29,1,93,1,0,28,1,30,12,52,57,2,123,50,0,50,173
05/19/2003,MLI,IL,AGL,CE,Towers with Radar,9,62,28,0,99,0,0,16,0,16,9,62,44,0,115,24,0,24,139
05/20/2003,MLI,IL,AGL,CE,Towers with Radar,12,69,32,0,113,0,0,69,0,69,12,69,101,0,182,130,0,130,312
05/21/2003,MLI,IL,AGL,CE,Towers with Radar,13,67,33,0,113,1,0,54,1,56,14,67,87,1,169,74,0,74,243
05/22/2003,MLI,IL,AGL,CE,Towers with Radar,12,72,33,0,117,0,2,65,0,67,12,74,98,0,184,58,0,58,242
05/23/2003,MLI,IL,AGL,CE,Towers with Radar,12,63,35,0,110,0,0,36,2,38,12,63,71,2,148,14,0,14,162
05/24/2003,MLI,IL,AGL,CE,Towers with Radar,8,44,20,0,72,2,4,49,0,55,10,48,69,0,127,30,0,30,157
05/25/2003,MLI,IL,AGL,CE,Towers with Radar,8,41,20,0,69,2,0,33,0,35,10,41,53,0,104,78,0,78,182
05/26/2003,MLI,IL,AGL,CE,Towers with Radar,8,47,21,0,76,2,9,51,0,62,10,56,72,0,138,18,0,18,156
05/27/2003,MLI,IL,AGL,CE,Towers with Radar,13,62,27,0,102,0,0,53,0,53,13,62,80,0,155,84,0,84,239
05/28/2003,MLI,IL,AGL,CE,Towers with Radar,12,66,30,0,108,7,0,19,0,26,19,66,49,0,134,26,0,26,160
05/29/2003,MLI,IL,AGL,CE,Towers with Radar,15,68,38,0,121,0,0,56,0,56,15,68,94,0,177,44,0,44,221
05/30/2003,MLI,IL,AGL,CE,Towers with Radar,12,59,28,0,99,5,0,15,0,20,17,59,43,0,119,28,0,28,147
05/31/2003,MLI,IL,AGL,CE,Towers with Radar,8,45,20,0,73,3,6,20,0,29,11,51,40,0,102,28,0,28,130
06/01/2003,MLI,IL,AGL,CE,Towers with Radar,10,47,23,0,80,6,2,54,0,62,16,49,77,0,142,64,0,64,206
06/02/2003,MLI,IL,AGL,CE,Towers with Radar,13,60,29,2,104,0,4,27,4,35,13,64,56,6,139,86,0,86,225
06/03/2003,MLI,IL,AGL,CE,Towers with Radar,11,72,35,3,121,0,7,5,5,17,11,79,40,8,138,96,0,96,234
06/04/2003,MLI,IL,AGL,CE,Towers with Radar,13,64,34,3,114,3,0,48,5,56,16,64,82,8,170,52,4,56,226
06/05/2003,MLI,IL,AGL,CE,Towers with Radar,13,72,38,3,126,0,0,69,8,77,13,72,107,11,203,102,24,126,329
06/06/2003,MLI,IL,AGL,CE,Towers with Radar,12,67,41,3,123,0,0,15,1,16,12,67,56,4,139,0,0,0,139
06/07/2003,MLI,IL,AGL,CE,Towers with Radar,9,47,23,2,81,2,5,46,6,59,11,52,69,8,140,60,20,80,220
06/08/2003,MLI,IL,AGL,CE,Towers with Radar,10,53,26,2,91,4,0,9,11,24,14,53,35,13,115,0,22,22,137
06/09/2003,MLI,IL,AGL,CE,Towers with Radar,12,62,30,3,107,1,2,61,6,70,13,64,91,9,177,102,16,118,295
06/10/2003,MLI,IL,AGL,CE,Towers with Radar,13,70,34,0,117,1,0,40,0,41,14,70,74,0,158,114,0,114,272
06/11/2003,MLI,IL,AGL,CE,Towers with Radar,14,63,42,0,119,0,0,15,0,15,14,63,57,0,134,54,0,54,188
06/12/2003,MLI,IL,AGL,CE,Towers with Radar,11,72,37,3,123,0,0,31,0,31,11,72,68,3,154,124,0,124,278
06/13/2003,MLI,IL,AGL,CE,Towers with Radar,12,59,34,0,105,0,0,6,0,6,12,59,40,0,111,110,0,110,221
06/14/2003,MLI,IL,AGL,CE,Towers with Radar,7,40,20,0,67,2,7,48,0,57,9,47,68,0,124,68,0,68,192
06/15/2003,MLI,IL,AGL,CE,Towers with Radar,10,54,26,0,90,0,5,79,0,84,10,59,105,0,174,40,0,40,214
06/16/2003,MLI,IL,AGL,CE,Towers with Radar,12,63,31,1,107,0,9,83,0,92,12,72,114,1,199,108,0,108,307
06/17/2003,MLI,IL,AGL,CE,Towers with Radar,10,63,25,1,99,0,1,81,0,82,10,64,106,1,181,142,0,142,323
06/18/2003,MLI,IL,AGL,CE,Towers with Radar,10,61,35,0,106,0,0,38,0,38,10,61,73,0,144,72,0,72,216
06/19/2003,MLI,IL,AGL,CE,Towers with Radar,12,60,33,0,105,6,0,76,0,82,18,60,109,0,187,80,0,80,267
06/20/2003,MLI,IL,AGL,CE,Towers with Radar,15,63,26,2,106,0,1,59,0,60,15,64,85,2,166,58,0,58,224
06/21/2003,MLI,IL,AGL,CE,Towers with Radar,8,48,23,1,80,0,4,76,1,81,8,52,99,2,161,58,0,58,219
06/22/2003,MLI,IL,AGL,CE,Towers with Radar,9,47,23,0,79,6,14,49,0,69,15,61,72,0,148,40,0,40,188
06/23/2003,MLI,IL,AGL,CE,Towers with Radar,12,60,28,1,101,5,0,21,1,27,17,60,49,2,128,42,0,42,170
06/24/2003,MLI,IL,AGL,CE,Towers with Radar,9,64,30,2,105,0,19,19,3,41,9,83,49,5,146,78,0,78,224
06/25/2003,MLI,IL,AGL,CE,Towers with Radar,10,58,27,0,95,0,1,1,0,2,10,59,28,0,97,20,0,20,117
06/26/2003,MLI,IL,AGL,CE,Towers with Radar,11,77,38,2,128,0,0,54,2,56,11,77,92,4,184,48,0,48,232
06/27/2003,MLI,IL,AGL,CE,Towers with Radar,12,61,38,2,113,0,0,57,0,57,12,61,95,2,170,148,0,148,318
06/28/2003,MLI,IL,AGL,CE,Towers with Radar,7,36,17,0,60,0,13,12,0,25,7,49,29,0,85,150,0,150,235
06/29/2003,MLI,IL,AGL,CE,Towers with Radar,6,59,25,0,90,0,2,73,0,75,6,61,98,0,165,122,0,122,287
06/30/2003,MLI,IL,AGL,CE,Towers with Radar,7,55,27,1,90,0,13,38,1,52,7,68,65,2,142,112,0,112,254
07/01/2003,MLI,IL,AGL,CE,Towers with Radar,12,62,33,0,107,0,0,76,0,76,12,62,109,0,183,100,0,100,283
07/02/2003,MLI,IL,AGL,CE,Towers with Radar,13,61,35,2,111,0,0,45,1,46,13,61,80,3,157,32,0,32,189
07/03/2003,MLI,IL,AGL,CE,Towers with Radar,12,56,30,0,98,1,0,34,0,35,13,56,64,0,133,32,0,32,165
07/04/2003,MLI,IL,AGL,CE,Towers with Radar,7,27,14,0,48,0,17,22,0,39,7,44,36,0,87,8,0,8,95
07/05/2003,MLI,IL,AGL,CE,Towers with Radar,7,32,17,0,56,1,9,32,0,42,8,41,49,0,98,46,0,46,144
07/06/2003,MLI,IL,AGL,CE,Towers with Radar,10,46,24,0,80,0,7,28,0,35,10,53,52,0,115,22,0,22,137
07/07/2003,MLI,IL,AGL,CE,Towers with Radar,11,61,32,2,106,0,0,10,7,17,11,61,42,9,123,38,8,46,169
07/08/2003,MLI,IL,AGL,CE,Towers with Radar,11,56,29,0,96,1,7,7,0,15,12,63,36,0,111,12,0,12,123
07/09/2003,MLI,IL,AGL,CE,Towers with Radar,11,55,28,0,94,2,3,15,0,20,13,58,43,0,114,16,0,16,130
07/10/2003,MLI,IL,AGL,CE,Towers with Radar,11,73,41,3,128,0,0,10,0,10,11,73,51,3,138,32,0,32,170
07/11/2003,MLI,IL,AGL,CE,Towers with Radar,10,53,27,1,91,1,9,46,0,56,11,62,73,1,147,50,0,50,197
07/12/2003,MLI,IL,AGL,CE,Towers with Radar,7,37,19,0,63,0,17,66,0,83,7,54,85,0,146,68,0,68,214
07/13/2003,MLI,IL,AGL,CE,Towers with Radar,9,52,27,2,90,1,2,57,0,60,10,54,84,2,150,72,0,72,222
07/14/2003,MLI,IL,AGL,CE,Towers with Radar,10,54,28,2,94,2,7,46,0,55,12,61,74,2,149,44,18,62,211
07/15/2003,MLI,IL,AGL,CE,Towers with Radar,13,62,34,3,112,0,0,41,10,51,13,62,75,13,163,0,0,0,163
07/16/2003,MLI,IL,AGL,CE,Towers with Radar,13,63,35,3,114,2,0,68,5,75,15,63,103,8,189,124,0,124,313
07/17/2003,MLI,IL,AGL,CE,Towers with Radar,11,62,34,0,107,0,0,34,0,34,11,62,68,0,141,128,0,128,269
07/18/2003,MLI,IL,AGL,CE,Towers with Radar,15,59,39,0,113,0,0,29,0,29,15,59,68,0,142,82,0,82,224
07/19/2003,MLI,IL,AGL,CE,Towers with Radar,7,39,19,2,67,2,13,55,0,70,9,52,74,2,137,58,6,64,201
07/20/2003,MLI,IL,AGL,CE,Towers with Radar,9,48,23,2,82,0,7,29,4,40,9,55,52,6,122,72,0,72,194
07/21/2003,MLI,IL,AGL,CE,Towers with Radar,10,58,29,2,99,3,0,34,3,40,13,58,63,5,139,12,0,12,151
07/22/2003,MLI,IL,AGL,CE,Towers with Radar,11,60,30,0,101,1,3,17,0,21,12,63,47,0,122,20,0,20,142
07/23/2003,MLI,IL,AGL,CE,Towers with Radar,13,65,35,0,113,1,0,83,0,84,14,65,118,0,197,110,0,110,307
07/24/2003,MLI,IL,AGL,CE,Towers with Radar,10,64,31,0,105,0,9,78,0,87,10,73,109,0,192,90,0,90,282
07/25/2003,MLI,IL,AGL,CE,Towers with Radar,11,63,31,0,105,1,0,60,0,61,12,63,91,0,166,62,0,62,228
07/26/2003,MLI,IL,AGL,CE,Towers with Radar,7,42,20,0,69,0,16,22,0,38,7,58,42,0,107,30,0,30,137
07/27/2003,MLI,IL,AGL,CE,Towers with Radar,8,42,22,0,72,4,0,20,0,24,12,42,42,0,96,54,0,54,150
07/28/2003,MLI,IL,AGL,CE,Towers with Radar,9,62,38,2,111,0,0,35,1,36,9,62,73,3,147,26,0,26,173
07/29/2003,MLI,IL,AGL,CE,Towers with Radar,13,65,36,0,114,0,0,30,0,30,13,65,66,0,144,76,0,76,220
07/30/2003,MLI,IL,AGL,CE,Towers with Radar,12,67,40,2,121,0,0,54,3,57,12,67,94,5,178,86,4,90,268
07/31/2003,MLI,IL,AGL,CE,Towers with Radar,10,66,41,2,119,0,0,43,0,43,10,66,84,2,162,60,0,60,222
08/01/2003,MLI,IL,AGL,CE,Towers with Radar,12,57,42,0,111,0,0,32,0,32,12,57,74,0,143,44,0,44,187
08/02/2003,MLI,IL,AGL,CE,Towers with Radar,7,41,21,0,69,2,5,36,0,43,9,46,57,0,112,70,0,70,182
08/03/2003,MLI,IL,AGL,CE,Towers with Radar,12,49,33,0,94,2,0,24,0,26,14,49,57,0,120,36,0,36,156
08/04/2003,MLI,IL,AGL,CE,Towers with Radar,9,60,33,0,102,2,0,34,0,36,11,60,67,0,138,68,0,68,206
08/05/2003,MLI,IL,AGL,CE,Towers with Radar,9,60,33,0,102,0,0,28,0,28,9,60,61,0,130,36,0,36,166
08/06/2003,MLI,IL,AGL,CE,Towers with Radar,13,67,39,0,119,0,0,36,0,36,13,67,75,0,155,44,0,44,199
08/07/2003,MLI,IL,AGL,CE,Towers with Radar,10,65,35,0,110,0,0,55,0,55,10,65,90,0,165,46,0,46,211
08/08/2003,MLI,IL,AGL,CE,Towers with Radar,10,65,34,0,109,1,0,40,0,41,11,65,74,0,150,74,0,74,224
08/09/2003,MLI,IL,AGL,CE,Towers with Radar,6,45,22,0,73,2,9,32,0,43,8,54,54,0,116,42,0,42,158
08/10/2003,MLI,IL,AGL,CE,Towers with Radar,8,51,26,0,85,6,9,35,0,50,14,60,61,0,135,68,0,68,203
08/11/2003,MLI,IL,AGL,CE,Towers with Radar,9,57,29,0,95,1,9,26,0,36,10,66,55,0,131,50,0,50,181
08/12/2003,MLI,IL,AGL,CE,Towers with Radar,10,65,34,0,109,8,0,28,0,36,18,65,62,0,145,66,0,66,211
08/13/2003,MLI,IL,AGL,CE,Towers with Radar,12,64,38,1,115,1,0,33,3,37,13,64,71,4,152,46,0,46,198
08/14/2003,MLI,IL,AGL,CE,Towers with Radar,10,61,33,0,104,0,0,25,0,25,10,61,58,0,129,70,0,70,199
08/15/2003,MLI,IL,AGL,CE,Towers with Radar,12,70,38,0,120,0,0,43,0,43,12,70,81,0,163,46,0,46,209
08/16/2003,MLI,IL,AGL,CE,Towers with Radar,7,46,16,0,69,0,6,26,0,32,7,52,42,0,101,50,0,50,151
08/17/2003,MLI,IL,AGL,CE,Towers with Radar,10,48,26,0,84,0,6,46,0,52,10,54,72,0,136,86,0,86,222
08/18/2003,MLI,IL,AGL,CE,Towers with Radar,9,62,33,0,104,0,0,47,2,49,9,62,80,2,153,62,0,62,215
08/19/2003,MLI,IL,AGL,CE,Towers with Radar,11,59,35,0,105,1,0,59,0,60,12,59,94,0,165,44,0,44,209
08/20/2003,MLI,IL,AGL,CE,Towers with Radar,10,65,34,0,109,0,5,19,0,24,10,70,53,0,133,32,0,32,165
08/21/2003,MLI,IL,AGL,CE,Towers with Radar,12,65,34,0,111,0,2,48,2,52,12,67,82,2,163,28,0,28,191
08/22/2003,MLI,IL,AGL,CE,Towers with Radar,10,66,35,0,111,0,6,60,0,66,10,72,95,0,177,56,0,56,233
08/23/2003,MLI,IL,AGL,CE,Towers with Radar,6,39,19,0,64,1,13,67,0,81,7,52,86,0,145,16,0,16,161
08/24/2003,MLI,IL,AGL,CE,Towers with Radar,8,48,24,0,80,2,10,38,2,52,10,58,62,2,132,40,0,40,172
08/25/2003,MLI,IL,AGL,CE,Towers with Radar,8,55,28,0,91,0,13,43,2,58,8,68,71,2,149,82,0,82,231
08/26/2003,MLI,IL,AGL,CE,Towers with Radar,11,62,31,0,104,1,3,43,0,47,12,65,74,0,151,38,0,38,189
08/27/2003,MLI,IL,AGL,CE,Towers with Radar,9,68,53,0,130,0,6,60,0,66,9,74,113,0,196,62,0,62,258
08/28/2003,MLI,IL,AGL,CE,Towers with Radar,10,66,2,0,78,0,8,0,34,42,10,74,2,34,120,0,0,0,120
08/29/2003,MLI,IL,AGL,CE,Towers with Radar,13,72,39,0,124,1,0,47,0,48,14,72,86,0,172,46,0,46,218
08/30/2003,MLI,IL,AGL,CE,Towers with Radar,8,44,22,0,74,0,3,34,0,37,8,47,56,0,111,46,0,46,157
08/31/2003,MLI,IL,AGL,CE,Towers with Radar,6,39,22,0,67,0,0,26,0,26,6,39,48,0,93,32,0,32,125
09/01/2003,MLI,IL,AGL,CE,Towers with Radar,6,49,28,0,83,0,0,43,0,43,6,49,71,0,126,10,0,10,136
09/02/2003,MLI,IL,AGL,CE,Towers with Radar,9,65,31,0,105,0,0,51,6,57,9,65,82,6,162,32,0,32,194
09/03/2003,MLI,IL,AGL,CE,Towers with Radar,11,66,34,1,112,0,0,46,7,53,11,66,80,8,165,68,4,72,237
09/04/2003,MLI,IL,AGL,CE,Towers with Radar,12,66,30,0,108,0,7,59,2,68,12,73,89,2,176,136,0,136,312
09/05/2003,MLI,IL,AGL,CE,Towers with Radar,10,67,31,0,108,0,4,54,0,58,10,71,85,0,166,58,0,58,224
09/06/2003,MLI,IL,AGL,CE,Towers with Radar,7,44,21,0,72,1,4,68,0,73,8,48,89,0,145,34,0,34,179
09/07/2003,MLI,IL,AGL,CE,Towers with Radar,8,51,25,0,84,2,8,63,0,73,10,59,88,0,157,72,0,72,229
09/08/2003,MLI,IL,AGL,CE,Towers with Radar,9,58,28,0,95,4,5,48,0,57,13,63,76,0,152,20,0,20,172
09/09/2003,MLI,IL,AGL,CE,Towers with Radar,12,76,31,0,119,0,15,0,0,15,12,91,31,0,134,60,0,60,194
09/10/2003,MLI,IL,AGL,CE,Towers with Radar,11,66,33,0,110,0,0,46,0,46,11,66,79,0,156,64,0,64,220
09/11/2003,MLI,IL,AGL,CE,Towers with Radar,11,67,32,0,110,0,0,57,0,57,11,67,89,0,167,78,0,78,245
09/12/2003,MLI,IL,AGL,CE,Towers with Radar,9,63,35,1,108,0,0,26,0,26,9,63,61,1,134,0,0,0,134
09/13/2003,MLI,IL,AGL,CE,Towers with Radar,9,52,29,1,91,0,0,1,71,72,9,52,30,72,163,0,0,0,163
09/14/2003,MLI,IL,AGL,CE,Towers with Radar,9,56,27,0,92,3,7,23,0,33,12,63,50,0,125,28,0,28,153
09/15/2003,MLI,IL,AGL,CE,Towers with Radar,12,66,31,0,109,0,20,51,0,71,12,86,82,0,180,100,0,100,280
09/16/2003,MLI,IL,AGL,CE,Towers with Radar,11,66,32,1,110,1,3,63,0,67,12,69,95,1,177,18,0,18,195
09/17/2003,MLI,IL,AGL,CE,Towers with Radar,12,63,35,1,111,1,0,30,0,31,13,63,65,1,142,40,0,40,182
09/18/2003,MLI,IL,AGL,CE,Towers with Radar,12,69,33,0,114,2,2,34,0,38,14,71,67,0,152,102,0,102,254
09/19/2003,MLI,IL,AGL,CE,Towers with Radar,13,64,32,1,110,3,0,35,3,41,16,64,67,4,151,52,0,52,203
09/20/2003,MLI,IL,AGL,CE,Towers with Radar,8,51,24,0,83,1,0,64,0,65,9,51,88,0,148,30,0,30,178
09/21/2003,MLI,IL,AGL,CE,Towers with Radar,8,47,21,0,76,0,11,25,0,36,8,58,46,0,112,6,0,6,118
09/22/2003,MLI,IL,AGL,CE,Towers with Radar,11,63,29,0,103,1,9,18,0,28,12,72,47,0,131,42,0,42,173
09/23/2003,MLI,IL,AGL,CE,Towers with Radar,12,60,34,0,106,0,0,63,0,63,12,60,97,0,169,150,0,150,319
09/24/2003,MLI,IL,AGL,CE,Towers with Radar,12,63,35,0,110,0,0,20,0,20,12,63,55,0,130,46,0,46,176
09/25/2003,MLI,IL,AGL,CE,Towers with Radar,12,73,34,2,121,0,0,57,3,60,12,73,91,5,181,42,0,42,223
09/26/2003,MLI,IL,AGL,CE,Towers with Radar,11,64,33,0,108,0,0,9,0,9,11,64,42,0,117,26,0,26,143
09/27/2003,MLI,IL,AGL,CE,Towers with Radar,7,44,20,0,71,1,2,10,0,13,8,46,30,0,84,34,0,34,118
09/28/2003,MLI,IL,AGL,CE,Towers with Radar,10,65,30,0,105,3,1,30,0,34,13,66,60,0,139,72,0,72,211
09/29/2003,MLI,IL,AGL,CE,Towers with Radar,11,63,30,0,104,0,0,22,2,24,11,63,52,2,128,10,0,10,138
09/30/2003,MLI,IL,AGL,CE,Towers with Radar,9,57,26,0,92,1,9,26,2,38,10,66,52,2,130,56,0,56,186
10/01/2003,MLI,IL,AGL,CE,Towers with Radar,11,66,31,0,108,0,5,38,0,43,11,71,69,0,151,46,0,46,197
10/02/2003,MLI,IL,AGL,CE,Towers with Radar,12,59,30,2,103,0,0,38,0,38,12,59,68,2,141,34,0,34,175
10/03/2003,MLI,IL,AGL,CE,Towers with Radar,13,80,36,2,131,0,0,0,6,6,13,80,36,8,137,32,10,42,179
10/04/2003,MLI,IL,AGL,CE,Towers with Radar,9,47,22,1,79,0,1,41,5,47,9,48,63,6,126,40,0,40,166
10/05/2003,MLI,IL,AGL,CE,Towers with Radar,10,50,23,1,84,2,2,41,5,50,12,52,64,6,134,28,0,28,162
10/06/2003,MLI,IL,AGL,CE,Towers with Radar,11,64,29,2,106,0,5,48,0,53,11,69,77,2,159,36,0,36,195
10/07/2003,MLI,IL,AGL,CE,Towers with Radar,11,61,29,0,101,1,4,40,0,45,12,65,69,0,146,22,0,22,168
10/08/2003,MLI,IL,AGL,CE,Towers with Radar,11,65,30,3,109,0,0,26,3,29,11,65,56,6,138,60,0,60,198
10/09/2003,MLI,IL,AGL,CE,Towers with Radar,12,62,34,0,108,0,0,32,0,32,12,62,66,0,140,48,0,48,188
10/10/2003,MLI,IL,AGL,CE,Towers with Radar,13,59,37,2,111,1,0,50,0,51,14,59,87,2,162,62,0,62,224
10/11/2003,MLI,IL,AGL,CE,Towers with Radar,8,45,21,0,74,0,6,20,0,26,8,51,41,0,100,18,0,18,118
10/12/2003,MLI,IL,AGL,CE,Towers with Radar,7,58,27,0,92,0,4,48,0,52,7,62,75,0,144,62,0,62,206
10/13/2003,MLI,IL,AGL,CE,Towers with Radar,10,56,27,0,93,1,8,16,0,25,11,64,43,0,118,44,0,44,162
10/14/2003,MLI,IL,AGL,CE,Towers with Radar,11,68,32,0,111,2,3,6,0,11,13,71,38,0,122,18,0,18,140
10/15/2003,MLI,IL,AGL,CE,Towers with Radar,14,76,38,3,131,0,0,42,20,62,14,76,80,23,193,64,8,72,265
10/16/2003,MLI,IL,AGL,CE,Towers with Radar,11,70,32,0,113,0,0,49,0,49,11,70,81,0,162,38,0,38,200
10/17/2003,MLI,IL,AGL,CE,Towers with Radar,11,63,28,2,104,1,0,58,0,59,12,63,86,2,163,52,0,52,215
10/18/2003,MLI,IL,AGL,CE,Towers with Radar,8,46,21,0,75,0,12,46,0,58,8,58,67,0,133,8,0,8,141
10/19/2003,MLI,IL,AGL,CE,Towers with Radar,11,59,27,0,97,3,0,45,0,48,14,59,72,0,145,60,0,60,205
10/20/2003,MLI,IL,AGL,CE,Towers with Radar,9,50,22,2,83,2,11,14,0,27,11,61,36,2,110,30,0,30,140
10/21/2003,MLI,IL,AGL,CE,Towers with Radar,11,65,30,2,108,0,0,37,0,37,11,65,67,2,145,74,0,74,219
10/22/2003,MLI,IL,AGL,CE,Towers with Radar,11,69,35,2,117,0,0,59,5,64,11,69,94,7,181,56,6,62,243
10/23/2003,MLI,IL,AGL,CE,Towers with Radar,12,65,31,0,108,0,0,56,0,56,12,65,87,0,164,36,0,36,200
10/24/2003,MLI,IL,AGL,CE,Towers with Radar,11,68,35,1,115,0,0,32,0,32,11,68,67,1,147,42,0,42,189
10/25/2003,MLI,IL,AGL,CE,Towers with Radar,9,50,23,0,82,0,0,30,0,30,9,50,53,0,112,86,0,86,198
10/26/2003,MLI,IL,AGL,CE,Towers with Radar,11,64,28,1,104,0,0,10,0,10,11,64,38,1,114,44,0,44,158
10/27/2003,MLI,IL,AGL,CE,Towers with Radar,9,61,27,0,97,0,15,34,0,49,9,76,61,0,146,32,0,32,178
10/28/2003,MLI,IL,AGL,CE,Towers with Radar,10,61,28,0,99,3,11,9,0,23,13,72,37,0,122,10,0,10,132
10/29/2003,MLI,IL,AGL,CE,Towers with Radar,12,74,36,0,122,0,0,17,0,17,12,74,53,0,139,42,0,42,181
10/30/2003,MLI,IL,AGL,CE,Towers with Radar,13,74,34,2,123,1,14,10,1,26,14,88,44,3,149,58,0,58,207
10/31/2003,MLI,IL,AGL,CE,Towers with Radar,14,68,36,1,119,1,0,20,0,21,15,68,56,1,140,37,0,37,177
11/01/2003,MLI,IL,AGL,CE,Towers with Radar,7,54,25,0,86,0,0,36,0,36,7,54,61,0,122,16,0,16,138
11/02/2003,MLI,IL,AGL,CE,Towers with Radar,8,47,27,0,82,0,0,2,0,2,8,47,29,0,84,0,0,0,84
11/03/2003,MLI,IL,AGL,CE,Towers with Radar,13,48,29,1,91,0,0,12,1,13,13,48,41,2,104,0,0,0,104
11/04/2003,MLI,IL,AGL,CE,Towers with Radar,12,66,32,1,111,0,0,5,7,12,12,66,37,8,123,6,34,40,163
11/05/2003,MLI,IL,AGL,CE,Towers with Radar,12,67,30,2,111,0,3,10,0,13,12,70,40,2,124,62,0,62,186
11/06/2003,MLI,IL,AGL,CE,Towers with Radar,11,64,32,0,107,0,0,58,0,58,11,64,90,0,165,26,0,26,191
11/07/2003,MLI,IL,AGL,CE,Towers with Radar,11,57,28,2,98,1,0,43,5,49,12,57,71,7,147,54,14,68,215
11/08/2003,MLI,IL,AGL,CE,Towers with Radar,7,42,19,0,68,1,9,49,0,59,8,51,68,0,127,50,2,52,179
11/09/2003,MLI,IL,AGL,CE,Towers with Radar,7,46,21,0,74,0,14,47,0,61,7,60,68,0,135,44,0,44,179
11/10/2003,MLI,IL,AGL,CE,Towers with Radar,11,62,32,0,105,0,0,13,0,13,11,62,45,0,118,20,0,20,138
11/11/2003,MLI,IL,AGL,CE,Towers with Radar,10,70,32,0,112,0,0,11,0,11,10,70,43,0,123,46,0,46,169
11/12/2003,MLI,IL,AGL,CE,Towers with Radar,9,52,24,0,85,3,0,1,0,4,12,52,25,0,89,6,0,6,95
11/13/2003,MLI,IL,AGL,CE,Towers with Radar,11,63,28,2,104,1,1,60,0,62,12,64,88,2,166,80,0,80,246
11/14/2003,MLI,IL,AGL,CE,Towers with Radar,9,53,24,2,88,5,10,18,0,33,14,63,42,2,121,64,0,64,185
11/15/2003,MLI,IL,AGL,CE,Towers with Radar,8,47,16,0,71,0,11,0,0,11,8,58,16,0,82,0,0,0,82
11/16/2003,MLI,IL,AGL,CE,Towers with Radar,6,46,19,0,71,0,16,6,0,22,6,62,25,0,93,0,0,0,93
11/17/2003,MLI,IL,AGL,CE,Towers with Radar,10,53,23,0,86,0,0,9,0,9,10,53,32,0,95,0,0,0,95
11/18/2003,MLI,IL,AGL,CE,Towers with Radar,11,61,27,0,99,1,0,32,0,33,12,61,59,0,132,12,0,12,144
11/19/2003,MLI,IL,AGL,CE,Towers with Radar,12,69,32,1,114,0,0,55,5,60,12,69,87,6,174,40,0,40,214
11/20/2003,MLI,IL,AGL,CE,Towers with Radar,12,70,30,0,112,0,2,29,0,31,12,72,59,0,143,54,0,54,197
11/21/2003,MLI,IL,AGL,CE,Towers with Radar,12,65,30,1,108,0,0,31,1,32,12,65,61,2,140,90,0,90,230
11/22/2003,MLI,IL,AGL,CE,Towers with Radar,7,47,20,0,74,0,1,3,0,4,7,48,23,0,78,0,0,0,78
11/23/2003,MLI,IL,AGL,CE,Towers with Radar,5,33,11,0,49,4,13,0,0,17,9,46,11,0,66,12,0,12,78
11/24/2003,MLI,IL,AGL,CE,Towers with Radar,10,56,23,0,89,2,6,9,0,17,12,62,32,0,106,6,0,6,112
11/25/2003,MLI,IL,AGL,CE,Towers with Radar,11,75,33,1,120,0,0,35,1,36,11,75,68,2,156,8,0,8,164
11/26/2003,MLI,IL,AGL,CE,Towers with Radar,12,66,30,0,108,0,0,60,0,60,12,66,90,0,168,44,0,44,212
11/27/2003,MLI,IL,AGL,CE,Towers with Radar,5,32,6,0,43,7,8,0,0,15,12,40,6,0,58,0,0,0,58
11/28/2003,MLI,IL,AGL,CE,Towers with Radar,7,40,14,0,61,5,7,0,0,12,12,47,14,0,73,4,0,4,77
11/29/2003,MLI,IL,AGL,CE,Towers with Radar,9,51,23,0,83,4,6,35,0,45,13,57,58,0,128,44,0,44,172
11/30/2003,MLI,IL,AGL,CE,Towers with Radar,10,58,26,0,94,0,0,56,0,56,10,58,82,0,150,112,0,112,262
12/01/2003,MLI,IL,AGL,CE,Towers with Radar,11,61,26,0,98,0,0,40,2,42,11,61,66,2,140,102,0,102,242
12/02/2003,MLI,IL,AGL,CE,Towers with Radar,13,60,29,0,102,0,0,35,2,37,13,60,64,2,139,90,0,90,229
12/03/2003,MLI,IL,AGL,CE,Towers with Radar,9,61,24,0,94,0,3,1,0,4,9,64,25,0,98,16,0,16,114
12/04/2003,MLI,IL,AGL,CE,Towers with Radar,11,68,25,0,104,0,4,0,2,6,11,72,25,2,110,32,0,32,142
12/05/2003,MLI,IL,AGL,CE,Towers with Radar,12,64,28,0,104,1,0,8,2,11,13,64,36,2,115,0,0,0,115
12/06/2003,MLI,IL,AGL,CE,Towers with Radar,10,56,23,0,89,2,0,35,0,37,12,56,58,0,126,124,0,124,250
12/07/2003,MLI,IL,AGL,CE,Towers with Radar,7,52,21,0,80,0,6,22,0,28,7,58,43,0,108,102,0,102,210
12/08/2003,MLI,IL,AGL,CE,Towers with Radar,8,50,20,1,79,3,10,34,5,52,11,60,54,6,131,10,0,10,141
12/09/2003,MLI,IL,AGL,CE,Towers with Radar,10,58,19,1,88,0,0,0,1,1,10,58,19,2,89,0,0,0,89
12/10/2003,MLI,IL,AGL,CE,Towers with Radar,7,46,18,0,71,4,3,1,0,8,11,49,19,0,79,0,0,0,79
12/11/2003,MLI,IL,AGL,CE,Towers with Radar,8,69,32,0,109,0,0,25,0,25,8,69,57,0,134,60,0,60,194
12/12/2003,MLI,IL,AGL,CE,Towers with Radar,11,66,28,1,106,1,0,19,1,21,12,66,47,2,127,64,0,64,191
12/13/2003,MLI,IL,AGL,CE,Towers with Radar,5,35,14,0,54,2,16,6,0,24,7,51,20,0,78,18,0,18,96
12/14/2003,MLI,IL,AGL,CE,Towers with Radar,6,46,17,0,69,0,6,16,0,22,6,52,33,0,91,2,0,2,93
12/15/2003,MLI,IL,AGL,CE,Towers with Radar,10,58,22,0,90,1,0,2,0,3,11,58,24,0,93,112,0,112,205
12/16/2003,MLI,IL,AGL,CE,Towers with Radar,8,64,24,0,96,0,0,7,0,7,8,64,31,0,103,6,0,6,109
12/17/2003,MLI,IL,AGL,CE,Towers with Radar,10,61,29,0,100,0,0,55,0,55,10,61,84,0,155,68,0,68,223
12/18/2003,MLI,IL,AGL,CE,Towers with Radar,9,64,29,0,102,0,0,1,0,1,9,64,30,0,103,36,0,36,139
12/19/2003,MLI,IL,AGL,CE,Towers with Radar,10,63,27,0,100,0,0,36,0,36,10,63,63,0,136,50,0,50,186
12/20/2003,MLI,IL,AGL,CE,Towers with Radar,9,57,22,0,88,0,4,43,0,47,9,61,65,0,135,62,0,62,197
12/21/2003,MLI,IL,AGL,CE,Towers with Radar,6,43,16,0,65,0,9,46,0,55,6,52,62,0,120,16,0,16,136
12/22/2003,MLI,IL,AGL,CE,Towers with Radar,9,59,24,0,92,0,0,15,0,15,9,59,39,0,107,64,0,64,171
12/23/2003,MLI,IL,AGL,CE,Towers with Radar,9,59,22,0,90,0,0,3,0,3,9,59,25,0,93,36,0,36,129
12/24/2003,MLI,IL,AGL,CE,Towers with Radar,8,48,18,0,74,1,1,17,0,19,9,49,35,0,93,90,0,90,183
12/25/2003,MLI,IL,AGL,CE,Towers with Radar,5,28,10,0,43,3,16,11,0,30,8,44,21,0,73,14,0,14,87
12/26/2003,MLI,IL,AGL,CE,Towers with Radar,9,63,24,0,96,0,1,38,0,39,9,64,62,0,135,88,0,88,223
12/27/2003,MLI,IL,AGL,CE,Towers with Radar,8,51,20,0,79,3,2,21,0,26,11,53,41,0,105,18,0,18,123
12/28/2003,MLI,IL,AGL,CE,Towers with Radar,8,52,20,0,80,1,2,17,0,20,9,54,37,0,100,66,0,66,166
12/29/2003,MLI,IL,AGL,CE,Towers with Radar,9,54,21,0,84,0,0,34,0,34,9,54,55,0,118,66,0,66,184
12/30/2003,MLI,IL,AGL,CE,Towers with Radar,9,59,24,0,92,0,0,46,0,46,9,59,70,0,138,49,0,49,187
12/31/2003,MLI,IL,AGL,CE,Towers with Radar,7,43,17,0,67,3,6,42,0,51,10,49,59,0,118,66,0,66,184
01/01/2004,MLI,IL,AGL,CE,Towers with Radar,7,36,14,0,57,1,8,14,0,23,8,44,28,0,80,44,0,44,124
01/02/2004,MLI,IL,AGL,CE,Towers with Radar,10,56,21,0,87,0,0,15,0,15,10,56,36,0,102,40,0,40,142
01/03/2004,MLI,IL,AGL,CE,Towers with Radar,10,52,20,0,82,1,2,19,0,22,11,54,39,0,104,52,0,52,156
01/04/2004,MLI,IL,AGL,CE,Towers with Radar,5,25,7,0,37,3,8,0,0,11,8,33,7,0,48,0,0,0,48
01/05/2004,MLI,IL,AGL,CE,Towers with Radar,8,50,23,0,81,0,0,6,0,6,8,50,29,0,87,0,0,0,87
01/06/2004,MLI,IL,AGL,CE,Towers with Radar,11,55,25,0,91,0,0,11,0,11,11,55,36,0,102,0,0,0,102
01/07/2004,MLI,IL,AGL,CE,Towers with Radar,11,60,26,2,99,0,0,22,0,22,11,60,48,2,121,4,0,4,125
01/08/2004,MLI,IL,AGL,CE,Towers with Radar,11,61,24,0,96,0,0,14,0,14,11,61,38,0,110,70,0,70,180
01/09/2004,MLI,IL,AGL,CE,Towers with Radar,11,64,26,0,101,1,0,33,0,34,12,64,59,0,135,128,0,128,263
01/10/2004,MLI,IL,AGL,CE,Towers with Radar,7,43,17,0,67,3,4,26,0,33,10,47,43,0,100,84,0,84,184
01/11/2004,MLI,IL,AGL,CE,Towers with Radar,8,49,20,2,79,0,6,44,4,54,8,55,64,6,133,78,0,78,211
01/12/2004,MLI,IL,AGL,CE,Towers with Radar,9,68,30,2,109,0,0,43,0,43,9,68,73,2,152,52,0,52,204
01/13/2004,MLI,IL,AGL,CE,Towers with Radar,9,64,29,3,105,0,0,41,3,44,9,64,70,6,149,90,0,90,239
01/14/2004,MLI,IL,AGL,CE,Towers with Radar,9,56,23,0,88,0,0,4,0,4,9,56,27,0,92,0,0,0,92
01/15/2004,MLI,IL,AGL,CE,Towers with Radar,9,68,32,3,112,0,0,33,1,34,9,68,65,4,146,42,0,42,188
01/16/2004,MLI,IL,AGL,CE,Towers with Radar,10,65,26,0,101,0,4,12,0,16,10,69,38,0,117,32,0,32,149
01/17/2004,MLI,IL,AGL,CE,Towers with Radar,7,43,13,0,63,8,0,0,0,8,15,43,13,0,71,2,0,2,73
01/18/2004,MLI,IL,AGL,CE,Towers with Radar,7,43,18,0,68,0,16,18,0,34,7,59,36,0,102,12,0,12,114
01/19/2004,MLI,IL,AGL,CE,Towers with Radar,9,54,20,0,83,0,13,32,0,45,9,67,52,0,128,70,0,70,198
01/20/2004,MLI,IL,AGL,CE,Towers with Radar,12,71,29,2,114,0,0,29,0,29,12,71,58,2,143,46,0,46,189
01/21/2004,MLI,IL,AGL,CE,Towers with Radar,10,64,27,1,102,0,0,18,3,21,10,64,45,4,123,20,0,20,143
01/22/2004,MLI,IL,AGL,CE,Towers with Radar,10,64,28,2,104,0,0,6,10,16,10,64,34,12,120,4,18,22,142
01/23/2004,MLI,IL,AGL,CE,Towers with Radar,8,68,28,1,105,0,0,21,7,28,8,68,49,8,133,80,6,86,219
01/24/2004,MLI,IL,AGL,CE,Towers with Radar,8,48,18,0,74,3,2,57,0,62,11,50,75,0,136,106,0,106,242
01/25/2004,MLI,IL,AGL,CE,Towers with Radar,6,38,14,0,58,3,19,4,0,26,9,57,18,0,84,80,0,80,164
01/26/2004,MLI,IL,AGL,CE,Towers with Radar,8,51,13,0,72,1,3,0,0,4,9,54,13,0,76,0,0,0,76
01/27/2004,MLI,IL,AGL,CE,Towers with Radar,10,59,23,0,92,0,0,3,0,3,10,59,26,0,95,0,0,0,95
01/28/2004,MLI,IL,AGL,CE,Towers with Radar,11,68,31,2,112,0,0,31,2,33,11,68,62,4,145,16,0,16,161
01/29/2004,MLI,IL,AGL,CE,Towers with Radar,11,59,24,1,95,0,0,4,1,5,11,59,28,2,100,0,0,0,100
01/30/2004,MLI,IL,AGL,CE,Towers with Radar,10,62,24,0,96,0,0,6,0,6,10,62,30,0,102,6,0,6,108
01/31/2004,MLI,IL,AGL,CE,Towers with Radar,6,35,13,0,54,5,16,24,0,45,11,51,37,0,99,118,0,118,217
02/01/2004,MLI,IL,AGL,CE,Towers with Radar,6,40,16,0,62,4,14,15,0,33,10,54,31,0,95,38,0,38,133
02/02/2004,MLI,IL,AGL,CE,Towers with Radar,5,30,6,0,41,1,8,0,2,11,6,38,6,2,52,0,0,0,52
02/03/2004,MLI,IL,AGL,CE,Towers with Radar,10,68,29,0,107,2,0,8,4,14,12,68,37,4,121,16,0,16,137
02/04/2004,MLI,IL,AGL,CE,Towers with Radar,10,68,29,0,107,0,0,42,2,44,10,68,71,2,151,27,0,27,178
02/05/2004,MLI,IL,AGL,CE,Towers with Radar,8,57,19,0,84,1,18,0,0,19,9,75,19,0,103,2,0,2,105
02/06/2004,MLI,IL,AGL,CE,Towers with Radar,8,55,22,0,85,0,5,7,0,12,8,60,29,0,97,26,0,26,123
02/07/2004,MLI,IL,AGL,CE,Towers with Radar,6,40,17,0,63,3,11,0,0,14,9,51,17,0,77,48,0,48,125
02/08/2004,MLI,IL,AGL,CE,Towers with Radar,7,47,19,0,73,3,5,5,0,13,10,52,24,0,86,70,0,70,156
02/09/2004,MLI,IL,AGL,CE,Towers with Radar,8,62,26,1,97,1,0,34,3,38,9,62,60,4,135,64,0,64,199
02/10/2004,MLI,IL,AGL,CE,Towers with Radar,9,61,32,0,102,0,0,35,0,35,9,61,67,0,137,26,0,26,163
02/11/2004,MLI,IL,AGL,CE,Towers with Radar,8,66,27,1,102,2,0,29,7,38,10,66,56,8,140,36,8,44,184
02/12/2004,MLI,IL,AGL,CE,Towers with Radar,7,67,30,0,104,0,0,18,0,18,7,67,48,0,122,2,0,2,124
02/13/2004,MLI,IL,AGL,CE,Towers with Radar,8,69,30,1,108,0,0,45,1,46,8,69,75,2,154,84,0,84,238
02/14/2004,MLI,IL,AGL,CE,Towers with Radar,6,47,19,0,72,1,10,53,0,64,7,57,72,0,136,105,0,105,241
02/15/2004,MLI,IL,AGL,CE,Towers with Radar,5,48,20,0,73,0,8,41,0,49,5,56,61,0,122,56,0,56,178
02/16/2004,MLI,IL,AGL,CE,Towers with Radar,5,66,30,0,101,0,0,36,0,36,5,66,66,0,137,58,0,58,195
02/17/2004,MLI,IL,AGL,CE,Towers with Radar,9,72,28,0,109,0,2,18,0,20,9,74,46,0,129,34,0,34,163
02/18/2004,MLI,IL,AGL,CE,Towers with Radar,8,64,31,0,103,0,0,25,0,25,8,64,56,0,128,30,0,30,158
02/19/2004,MLI,IL,AGL,CE,Towers with Radar,10,68,34,0,112,0,0,25,0,25,10,68,59,0,137,50,0,50,187
02/20/2004,MLI,IL,AGL,CE,Towers with Radar,8,64,20,0,92,0,13,0,0,13,8,77,20,0,105,0,0,0,105
02/21/2004,MLI,IL,AGL,CE,Towers with Radar,6,48,19,0,73,1,10,20,0,31,7,58,39,0,104,56,0,56,160
02/22/2004,MLI,IL,AGL,CE,Towers with Radar,7,57,23,0,87,1,0,26,0,27,8,57,49,0,114,12,0,12,126
02/23/2004,MLI,IL,AGL,CE,Towers with Radar,7,69,28,0,104,0,0,1,0,1,7,69,29,0,105,20,0,20,125
02/24/2004,MLI,IL,AGL,CE,Towers with Radar,8,84,34,0,126,0,0,3,0,3,8,84,37,0,129,60,0,60,189
02/25/2004,MLI,IL,AGL,CE,Towers with Radar,7,67,33,2,109,0,0,35,2,37,7,67,68,4,146,78,16,94,240
02/26/2004,MLI,IL,AGL,CE,Towers with Radar,7,69,31,1,108,0,0,40,0,40,7,69,71,1,148,36,0,36,184
02/27/2004,MLI,IL,AGL,CE,Towers with Radar,8,64,25,0,97,0,3,48,0,51,8,67,73,0,148,68,0,68,216
02/28/2004,MLI,IL,AGL,CE,Towers with Radar,6,51,20,0,77,2,18,68,1,89,8,69,88,1,166,120,0,120,286
02/29/2004,MLI,IL,AGL,CE,Towers with Radar,6,49,19,0,74,0,10,27,0,37,6,59,46,0,111,114,0,114,225
03/01/2004,MLI,IL,AGL,CE,Towers with Radar,7,54,24,0,85,0,9,8,0,17,7,63,32,0,102,0,0,0,102
03/02/2004,MLI,IL,AGL,CE,Towers with Radar,8,71,31,1,111,0,1,7,3,11,8,72,38,4,122,38,0,38,160
03/03/2004,MLI,IL,AGL,CE,Towers with Radar,8,71,35,1,115,0,0,19,5,24,8,71,54,6,139,82,0,82,221
03/04/2004,MLI,IL,AGL,CE,Towers with Radar,8,62,27,0,97,0,1,2,0,3,8,63,29,0,100,2,0,2,102
03/05/2004,MLI,IL,AGL,CE,Towers with Radar,7,55,25,0,87,0,0,12,0,12,7,55,37,0,99,4,0,4,103
03/06/2004,MLI,IL,AGL,CE,Towers with Radar,6,54,24,0,84,0,6,21,0,27,6,60,45,0,111,52,0,52,163
03/07/2004,MLI,IL,AGL,CE,Towers with Radar,5,38,16,0,59,1,17,0,0,18,6,55,16,0,77,22,0,22,99
03/08/2004,MLI,IL,AGL,CE,Towers with Radar,7,61,28,0,96,0,1,20,0,21,7,62,48,0,117,20,0,20,137
03/09/2004,MLI,IL,AGL,CE,Towers with Radar,8,65,34,1,108,0,0,42,1,43,8,65,76,2,151,28,0,28,179
03/10/2004,MLI,IL,AGL,CE,Towers with Radar,8,69,32,0,109,0,0,30,0,30,8,69,62,0,139,60,0,60,199
03/11/2004,MLI,IL,AGL,CE,Towers with Radar,8,65,30,0,103,0,1,4,0,5,8,66,34,0,108,8,0,8,116
03/12/2004,MLI,IL,AGL,CE,Towers with Radar,9,69,34,1,113,0,0,61,1,62,9,69,95,2,175,46,0,46,221
03/13/2004,MLI,IL,AGL,CE,Towers with Radar,6,47,22,0,75,1,7,40,0,48,7,54,62,0,123,40,0,40,163
03/14/2004,MLI,IL,AGL,CE,Towers with Radar,5,40,18,0,63,1,11,5,0,17,6,51,23,0,80,8,0,8,88
03/15/2004,MLI,IL,AGL,CE,Towers with Radar,5,49,20,1,75,2,13,0,1,16,7,62,20,2,91,0,0,0,91
03/16/2004,MLI,IL,AGL,CE,Towers with Radar,7,65,29,2,103,3,6,15,0,24,10,71,44,2,127,62,0,62,189
03/17/2004,MLI,IL,AGL,CE,Towers with Radar,8,59,31,0,98,0,0,27,0,27,8,59,58,0,125,26,0,26,151
03/18/2004,MLI,IL,AGL,CE,Towers with Radar,6,71,32,0,109,0,4,32,0,36,6,75,64,0,145,26,0,26,171
03/19/2004,MLI,IL,AGL,CE,Towers with Radar,8,70,38,0,116,0,0,61,0,61,8,70,99,0,177,88,0,88,265
03/20/2004,MLI,IL,AGL,CE,Towers with Radar,5,47,22,0,74,2,12,20,0,34,7,59,42,0,108,28,0,28,136
03/21/2004,MLI,IL,AGL,CE,Towers with Radar,4,53,23,0,80,0,12,35,0,47,4,65,58,0,127,90,0,90,217
03/22/2004,MLI,IL,AGL,CE,Towers with Radar,7,64,28,0,99,0,0,44,0,44,7,64,72,0,143,106,0,106,249
03/23/2004,MLI,IL,AGL,CE,Towers with Radar,8,68,31,0,107,2,0,37,0,39,10,68,68,0,146,64,0,64,210
03/24/2004,MLI,IL,AGL,CE,Towers with Radar,7,64,28,1,100,1,4,10,0,15,8,68,38,1,115,18,0,18,133
03/25/2004,MLI,IL,AGL,CE,Towers with Radar,9,67,37,1,114,1,0,4,0,5,10,67,41,1,119,18,0,18,137
03/26/2004,MLI,IL,AGL,CE,Towers with Radar,7,63,35,0,105,0,0,11,0,11,7,63,46,0,116,98,0,98,214
03/27/2004,MLI,IL,AGL,CE,Towers with Radar,5,49,21,0,75,2,12,7,0,21,7,61,28,0,96,16,0,16,112
03/28/2004,MLI,IL,AGL,CE,Towers with Radar,5,52,21,0,78,0,6,0,0,6,5,58,21,0,84,8,0,8,92
03/29/2004,MLI,IL,AGL,CE,Towers with Radar,7,65,32,1,105,0,0,26,17,43,7,65,58,18,148,34,6,40,188
03/30/2004,MLI,IL,AGL,CE,Towers with Radar,9,71,34,0,114,0,0,3,0,3,9,71,37,0,117,18,0,18,135
03/31/2004,MLI,IL,AGL,CE,Towers with Radar,8,67,33,0,108,0,0,24,0,24,8,67,57,0,132,36,0,36,168
04/01/2004,MLI,IL,AGL,CE,Towers with Radar,11,64,27,2,104,0,0,52,0,52,11,64,79,2,156,44,0,44,200
04/02/2004,MLI,IL,AGL,CE,Towers with Radar,10,65,28,2,105,0,5,77,16,98,10,70,105,18,203,50,6,56,259
04/03/2004,MLI,IL,AGL,CE,Towers with Radar,8,37,16,0,61,1,18,32,0,51,9,55,48,0,112,42,0,42,154
04/04/2004,MLI,IL,AGL,CE,Towers with Radar,10,50,22,0,82,0,7,75,0,82,10,57,97,0,164,64,0,64,228
04/05/2004,MLI,IL,AGL,CE,Towers with Radar,10,59,26,2,97,0,4,47,0,51,10,63,73,2,148,54,0,54,202
04/06/2004,MLI,IL,AGL,CE,Towers with Radar,11,61,27,2,101,0,0,34,0,34,11,61,61,2,135,28,0,28,163
04/07/2004,MLI,IL,AGL,CE,Towers with Radar,10,65,30,2,107,0,0,51,10,61,10,65,81,12,168,64,12,76,244
04/08/2004,MLI,IL,AGL,CE,Towers with Radar,13,67,30,0,110,1,0,28,0,29,14,67,58,0,139,14,0,14,153
04/09/2004,MLI,IL,AGL,CE,Towers with Radar,11,62,28,0,101,0,0,54,0,54,11,62,82,0,155,64,0,64,219
04/10/2004,MLI,IL,AGL,CE,Towers with Radar,8,39,17,0,64,3,9,56,0,68,11,48,73,0,132,88,0,88,220
04/11/2004,MLI,IL,AGL,CE,Towers with Radar,8,44,20,0,72,1,7,39,0,47,9,51,59,0,119,58,0,58,177
04/12/2004,MLI,IL,AGL,CE,Towers with Radar,10,54,24,3,91,1,3,19,2,25,11,57,43,5,116,56,0,56,172
04/13/2004,MLI,IL,AGL,CE,Towers with Radar,12,64,28,3,107,0,13,17,9,39,12,77,45,12,146,40,24,64,210
04/14/2004,MLI,IL,AGL,CE,Towers with Radar,13,59,32,3,107,4,0,36,20,60,17,59,68,23,167,106,24,130,297
04/15/2004,MLI,IL,AGL,CE,Towers with Radar,13,69,41,0,123,0,0,7,0,7,13,69,48,0,130,18,0,18,148
04/16/2004,MLI,IL,AGL,CE,Towers with Radar,8,42,19,2,71,4,21,54,2,81,12,63,73,4,152,28,0,28,180
04/17/2004,MLI,IL,AGL,CE,Towers with Radar,8,43,19,0,70,3,3,54,0,60,11,46,73,0,130,124,0,124,254
04/18/2004,MLI,IL,AGL,CE,Towers with Radar,8,44,20,0,72,2,0,5,0,7,10,44,25,0,79,0,0,0,79
04/19/2004,MLI,IL,AGL,CE,Towers with Radar,10,58,25,2,95,1,0,7,0,8,11,58,32,2,103,82,0,82,185
04/20/2004,MLI,IL,AGL,CE,Towers with Radar,11,69,29,0,109,0,1,5,0,6,11,70,34,0,115,0,0,0,115
04/21/2004,MLI,IL,AGL,CE,Towers with Radar,11,65,31,2,109,0,0,27,0,27,11,65,58,2,136,10,0,10,146
04/22/2004,MLI,IL,AGL,CE,Towers with Radar,10,63,30,0,103,0,0,16,0,16,10,63,46,0,119,18,0,18,137
04/23/2004,MLI,IL,AGL,CE,Towers with Radar,12,63,28,0,103,0,0,46,0,46,12,63,74,0,149,22,0,22,171
04/24/2004,MLI,IL,AGL,CE,Towers with Radar,9,46,20,0,75,1,0,18,0,19,10,46,38,0,94,44,0,44,138
04/25/2004,MLI,IL,AGL,CE,Towers with Radar,9,53,22,0,84,1,0,3,0,4,10,53,25,0,88,4,0,4,92
04/26/2004,MLI,IL,AGL,CE,Towers with Radar,10,55,23,0,88,1,3,18,0,22,11,58,41,0,110,32,0,32,142
04/27/2004,MLI,IL,AGL,CE,Towers with Radar,11,59,25,0,95,1,0,50,0,51,12,59,75,0,146,48,0,48,194
04/28/2004,MLI,IL,AGL,CE,Towers with Radar,11,61,27,0,99,0,0,13,0,13,11,61,40,0,112,8,0,8,120
04/29/2004,MLI,IL,AGL,CE,Towers with Radar,12,65,27,0,104,0,0,10,0,10,12,65,37,0,114,4,0,4,118
04/30/2004,MLI,IL,AGL,CE,Towers with Radar,11,61,21,0,93,0,1,0,0,1,11,62,21,0,94,0,0,0,94
05/01/2004,MLI,IL,AGL,CE,Towers with Radar,11,48,22,2,83,0,0,17,6,23,11,48,39,8,106,85,0,85,191
05/02/2004,MLI,IL,AGL,CE,Towers with Radar,9,40,18,1,68,0,10,25,0,35,9,50,43,1,103,128,0,128,231
05/03/2004,MLI,IL,AGL,CE,Towers with Radar,12,56,26,2,96,0,9,23,5,37,12,65,49,7,133,78,0,78,211
05/04/2004,MLI,IL,AGL,CE,Towers with Radar,13,69,34,3,119,0,0,26,10,36,13,69,60,13,155,50,8,58,213
05/05/2004,MLI,IL,AGL,CE,Towers with Radar,11,57,30,2,100,0,0,48,0,48,11,57,78,2,148,11,6,17,165
05/06/2004,MLI,IL,AGL,CE,Towers with Radar,14,61,31,2,108,0,0,32,7,39,14,61,63,9,147,112,6,118,265
05/07/2004,MLI,IL,AGL,CE,Towers with Radar,12,52,17,0,81,0,13,0,0,13,12,65,17,0,94,0,0,0,94
05/08/2004,MLI,IL,AGL,CE,Towers with Radar,10,44,21,0,75,2,3,37,0,42,12,47,58,0,117,38,0,38,155
05/09/2004,MLI,IL,AGL,CE,Towers with Radar,10,38,18,1,67,2,9,24,1,36,12,47,42,2,103,24,0,24,127
05/10/2004,MLI,IL,AGL,CE,Towers with Radar,11,53,25,2,91,0,11,1,0,12,11,64,26,2,103,24,0,24,127
05/11/2004,MLI,IL,AGL,CE,Towers with Radar,15,69,34,2,120,0,0,25,0,25,15,69,59,2,145,46,0,46,191
05/12/2004,MLI,IL,AGL,CE,Towers with Radar,12,61,30,0,103,0,0,19,0,19,12,61,49,0,122,22,0,22,144
05/13/2004,MLI,IL,AGL,CE,Towers with Radar,13,61,21,0,95,0,3,0,0,3,13,64,21,0,98,32,0,32,130
05/14/2004,MLI,IL,AGL,CE,Towers with Radar,14,67,31,2,114,0,0,17,0,17,14,67,48,2,131,36,0,36,167
05/15/2004,MLI,IL,AGL,CE,Towers with Radar,9,45,21,1,76,3,8,76,0,87,12,53,97,1,163,86,0,86,249
05/16/2004,MLI,IL,AGL,CE,Towers with Radar,11,50,24,0,85,0,0,66,0,66,11,50,90,0,151,36,0,36,187
05/17/2004,MLI,IL,AGL,CE,Towers with Radar,11,56,25,3,95,2,1,11,1,15,13,57,36,4,110,62,0,62,172
05/18/2004,MLI,IL,AGL,CE,Towers with Radar,15,64,33,0,112,1,0,4,0,5,16,64,37,0,117,0,0,0,117
05/19/2004,MLI,IL,AGL,CE,Towers with Radar,14,67,32,0,113,0,0,49,0,49,14,67,81,0,162,176,0,176,338
05/20/2004,MLI,IL,AGL,CE,Towers with Radar,13,66,34,3,116,0,0,17,0,17,13,66,51,3,133,26,0,26,159
05/21/2004,MLI,IL,AGL,CE,Towers with Radar,13,58,32,4,107,0,0,30,7,37,13,58,62,11,144,28,0,28,172
05/22/2004,MLI,IL,AGL,CE,Towers with Radar,10,48,22,0,80,1,0,5,0,6,11,48,27,0,86,20,0,20,106
05/23/2004,MLI,IL,AGL,CE,Towers with Radar,9,40,18,0,67,1,5,5,0,11,10,45,23,0,78,0,0,0,78
05/24/2004,MLI,IL,AGL,CE,Towers with Radar,13,59,28,0,100,0,0,48,0,48,13,59,76,0,148,108,0,108,256
05/25/2004,MLI,IL,AGL,CE,Towers with Radar,14,66,30,0,110,0,2,24,0,26,14,68,54,0,136,14,0,14,150
05/26/2004,MLI,IL,AGL,CE,Towers with Radar,14,67,32,0,113,0,0,68,0,68,14,67,100,0,181,102,0,102,283
05/27/2004,MLI,IL,AGL,CE,Towers with Radar,14,63,32,3,112,0,0,31,10,41,14,63,63,13,153,70,22,92,245
05/28/2004,MLI,IL,AGL,CE,Towers with Radar,16,66,35,2,119,0,0,34,0,34,16,66,69,2,153,116,0,116,269
05/29/2004,MLI,IL,AGL,CE,Towers with Radar,8,41,18,0,67,3,4,32,0,39,11,45,50,0,106,46,0,46,152
05/30/2004,MLI,IL,AGL,CE,Towers with Radar,4,23,10,0,37,7,13,4,0,24,11,36,14,0,61,30,0,30,91
05/31/2004,MLI,IL,AGL,CE,Towers with Radar,9,45,20,0,74,2,1,7,0,10,11,46,27,0,84,14,0,14,98
06/01/2004,MLI,IL,AGL,CE,Towers with Radar,9,63,24,2,98,4,6,25,0,35,13,69,49,2,133,50,0,50,183
06/02/2004,MLI,IL,AGL,CE,Towers with Radar,12,61,31,0,104,1,0,24,0,25,13,61,55,0,129,2,0,2,131
06/03/2004,MLI,IL,AGL,CE,Towers with Radar,12,76,32,0,120,0,0,60,0,60,12,76,92,0,180,74,0,74,254
06/04/2004,MLI,IL,AGL,CE,Towers with Radar,11,67,27,3,108,1,0,40,1,42,12,67,67,4,150,24,0,24,174
06/05/2004,MLI,IL,AGL,CE,Towers with Radar,8,49,19,0,76,4,6,261,0,271,12,55,280,0,347,2,0,2,349
06/06/2004,MLI,IL,AGL,CE,Towers with Radar,9,53,22,0,84,1,0,17,0,18,10,53,39,0,102,34,0,34,136
06/07/2004,MLI,IL,AGL,CE,Towers with Radar,9,63,25,3,100,1,7,16,1,25,10,70,41,4,125,36,0,36,161
06/08/2004,MLI,IL,AGL,CE,Towers with Radar,12,69,33,0,114,0,0,35,0,35,12,69,68,0,149,78,0,78,227
06/09/2004,MLI,IL,AGL,CE,Towers with Radar,11,69,27,0,107,0,3,13,0,16,11,72,40,0,123,86,0,86,209
06/10/2004,MLI,IL,AGL,CE,Towers with Radar,11,67,26,3,107,0,6,1,3,10,11,73,27,6,117,0,0,0,117
06/11/2004,MLI,IL,AGL,CE,Towers with Radar,9,66,30,3,108,0,0,29,4,33,9,66,59,7,141,118,0,118,259
06/12/2004,MLI,IL,AGL,CE,Towers with Radar,10,57,24,3,94,1,2,29,7,39,11,59,53,10,133,78,10,88,221
06/13/2004,MLI,IL,AGL,CE,Towers with Radar,8,45,19,0,72,1,19,22,0,42,9,64,41,0,114,24,2,26,140
06/14/2004,MLI,IL,AGL,CE,Towers with Radar,9,56,23,1,89,0,10,52,0,62,9,66,75,1,151,4,0,4,155
06/15/2004,MLI,IL,AGL,CE,Towers with Radar,10,65,27,2,104,0,3,67,0,70,10,68,94,2,174,142,0,142,316
06/16/2004,MLI,IL,AGL,CE,Towers with Radar,10,72,30,3,115,0,0,22,2,24,10,72,52,5,139,130,4,134,273
06/17/2004,MLI,IL,AGL,CE,Towers with Radar,13,70,35,3,121,0,0,49,5,54,13,70,84,8,175,122,0,122,297
06/18/2004,MLI,IL,AGL,CE,Towers with Radar,13,72,30,2,117,1,6,42,0,49,14,78,72,2,166,132,0,132,298
06/19/2004,MLI,IL,AGL,CE,Towers with Radar,9,50,21,0,80,6,9,45,0,60,15,59,66,0,140,130,0,130,270
06/20/2004,MLI,IL,AGL,CE,Towers with Radar,12,64,27,2,105,0,4,60,0,64,12,68,87,2,169,60,0,60,229
06/21/2004,MLI,IL,AGL,CE,Towers with Radar,9,69,29,0,107,0,4,22,0,26,9,73,51,0,133,60,0,60,193
06/22/2004,MLI,IL,AGL,CE,Towers with Radar,12,74,31,2,119,0,2,44,6,52,12,76,75,8,171,6,10,16,187
06/23/2004,MLI,IL,AGL,CE,Towers with Radar,11,73,31,2,117,0,0,14,1,15,11,73,45,3,132,60,0,60,192
06/24/2004,MLI,IL,AGL,CE,Towers with Radar,13,69,35,0,117,0,0,18,0,18,13,69,53,0,135,52,0,52,187
06/25/2004,MLI,IL,AGL,CE,Towers with Radar,14,79,31,2,126,0,2,62,3,67,14,81,93,5,193,88,4,92,285
06/26/2004,MLI,IL,AGL,CE,Towers with Radar,9,52,20,1,82,6,14,45,1,66,15,66,65,2,148,32,0,32,180
06/27/2004,MLI,IL,AGL,CE,Towers with Radar,9,51,20,0,80,2,9,45,0,56,11,60,65,0,136,54,0,54,190
06/28/2004,MLI,IL,AGL,CE,Towers with Radar,10,64,31,2,107,0,0,38,0,38,10,64,69,2,145,78,6,84,229
06/29/2004,MLI,IL,AGL,CE,Towers with Radar,13,78,32,0,123,0,0,70,0,70,13,78,102,0,193,88,0,88,281
06/30/2004,MLI,IL,AGL,CE,Towers with Radar,13,74,33,2,122,0,0,90,4,94,13,74,123,6,216,136,6,142,358
07/01/2004,MLI,IL,AGL,CE,Towers with Radar,11,68,34,2,115,2,0,63,0,65,13,68,97,2,180,68,0,68,248
07/02/2004,MLI,IL,AGL,CE,Towers with Radar,12,62,35,0,109,4,0,29,0,33,16,62,64,0,142,94,0,94,236
07/03/2004,MLI,IL,AGL,CE,Towers with Radar,10,54,27,0,91,3,0,11,0,14,13,54,38,0,105,18,0,18,123
07/04/2004,MLI,IL,AGL,CE,Towers with Radar,7,37,18,0,62,3,5,32,0,40,10,42,50,0,102,72,0,72,174
07/05/2004,MLI,IL,AGL,CE,Towers with Radar,10,57,29,0,96,2,0,21,0,23,12,57,50,0,119,86,0,86,205
07/06/2004,MLI,IL,AGL,CE,Towers with Radar,11,68,35,2,116,0,8,29,0,37,11,76,64,2,153,10,0,10,163
07/07/2004,MLI,IL,AGL,CE,Towers with Radar,12,77,43,0,132,0,0,53,0,53,12,77,96,0,185,160,0,160,345
07/08/2004,MLI,IL,AGL,CE,Towers with Radar,12,72,36,0,120,0,5,59,0,64,12,77,95,0,184,106,0,106,290
07/09/2004,MLI,IL,AGL,CE,Towers with Radar,12,63,32,2,109,1,1,4,0,6,13,64,36,2,115,68,0,68,183
07/10/2004,MLI,IL,AGL,CE,Towers with Radar,12,64,34,0,110,0,0,28,0,28,12,64,62,0,138,24,0,24,162
07/11/2004,MLI,IL,AGL,CE,Towers with Radar,10,53,27,0,90,1,28,9,0,38,11,81,36,0,128,14,0,14,142
07/12/2004,MLI,IL,AGL,CE,Towers with Radar,10,76,39,3,128,0,3,49,4,56,10,79,88,7,184,80,0,80,264
07/13/2004,MLI,IL,AGL,CE,Towers with Radar,10,63,32,2,107,0,14,23,3,40,10,77,55,5,147,70,0,70,217
07/14/2004,MLI,IL,AGL,CE,Towers with Radar,12,65,38,3,118,0,0,78,12,90,12,65,116,15,208,180,0,180,388
07/15/2004,MLI,IL,AGL,CE,Towers with Radar,13,69,35,2,119,0,0,63,2,65,13,69,98,4,184,84,0,84,268
07/16/2004,MLI,IL,AGL,CE,Towers with Radar,13,65,33,0,111,1,0,32,0,33,14,65,65,0,144,76,0,76,220
07/17/2004,MLI,IL,AGL,CE,Towers with Radar,12,63,32,0,107,2,4,32,0,38,14,67,64,0,145,62,0,62,207
07/18/2004,MLI,IL,AGL,CE,Towers with Radar,9,48,25,0,82,3,15,58,0,76,12,63,83,0,158,52,0,52,210
07/19/2004,MLI,IL,AGL,CE,Towers with Radar,11,60,30,0,101,3,7,44,0,54,14,67,74,0,155,112,0,112,267
07/20/2004,MLI,IL,AGL,CE,Towers with Radar,11,60,29,0,100,1,15,28,0,44,12,75,57,0,144,76,0,76,220
07/21/2004,MLI,IL,AGL,CE,Towers with Radar,11,63,30,0,104,1,12,14,0,27,12,75,44,0,131,24,0,24,155
07/22/2004,MLI,IL,AGL,CE,Towers with Radar,11,59,33,0,103,0,0,28,0,28,11,59,61,0,131,26,0,26,157
07/23/2004,MLI,IL,AGL,CE,Towers with Radar,14,69,35,0,118,0,0,61,0,61,14,69,96,0,179,134,0,134,313
07/24/2004,MLI,IL,AGL,CE,Towers with Radar,11,57,27,0,95,4,1,25,0,30,15,58,52,0,125,110,0,110,235
07/25/2004,MLI,IL,AGL,CE,Towers with Radar,9,56,27,0,92,0,4,48,0,52,9,60,75,0,144,72,0,72,216
07/26/2004,MLI,IL,AGL,CE,Towers with Radar,12,63,34,1,110,0,0,42,8,50,12,63,76,9,160,74,0,74,234
07/27/2004,MLI,IL,AGL,CE,Towers with Radar,11,62,35,1,109,0,0,39,3,42,11,62,74,4,151,26,0,26,177
07/28/2004,MLI,IL,AGL,CE,Towers with Radar,10,69,36,0,115,0,0,21,0,21,10,69,57,0,136,12,0,12,148
07/29/2004,MLI,IL,AGL,CE,Towers with Radar,13,71,42,2,128,0,0,23,1,24,13,71,65,3,152,78,0,78,230
07/30/2004,MLI,IL,AGL,CE,Towers with Radar,13,50,40,2,105,0,0,12,0,12,13,50,52,2,117,66,0,66,183
07/31/2004,MLI,IL,AGL,CE,Towers with Radar,10,56,29,0,95,1,0,43,0,44,11,56,72,0,139,42,0,42,181
08/01/2004,MLI,IL,AGL,CE,Towers with Radar,11,55,28,2,96,0,0,37,0,37,11,55,65,2,133,88,0,88,221
08/02/2004,MLI,IL,AGL,CE,Towers with Radar,11,65,28,3,107,0,1,32,5,38,11,66,60,8,145,36,42,78,223
08/03/2004,MLI,IL,AGL,CE,Towers with Radar,13,63,27,3,106,0,5,8,3,16,13,68,35,6,122,38,0,38,160
08/04/2004,MLI,IL,AGL,CE,Towers with Radar,15,62,31,3,111,1,0,3,8,12,16,62,34,11,123,0,0,0,123
08/05/2004,MLI,IL,AGL,CE,Towers with Radar,14,65,29,3,111,0,0,48,1,49,14,65,77,4,160,80,0,80,240
08/06/2004,MLI,IL,AGL,CE,Towers with Radar,13,60,27,2,102,3,0,42,0,45,16,60,69,2,147,76,0,76,223
08/07/2004,MLI,IL,AGL,CE,Towers with Radar,11,49,21,0,81,3,5,49,0,57,14,54,70,0,138,72,0,72,210
08/08/2004,MLI,IL,AGL,CE,Towers with Radar,11,57,25,3,96,3,3,54,3,63,14,60,79,6,159,48,0,48,207
08/09/2004,MLI,IL,AGL,CE,Towers with Radar,14,65,28,3,110,1,1,37,1,40,15,66,65,4,150,150,0,150,300
08/10/2004,MLI,IL,AGL,CE,Towers with Radar,13,59,26,0,98,1,17,25,0,43,14,76,51,0,141,76,0,76,217
08/11/2004,MLI,IL,AGL,CE,Towers with Radar,13,68,32,0,113,0,0,27,0,27,13,68,59,0,140,82,0,82,222
08/12/2004,MLI,IL,AGL,CE,Towers with Radar,14,63,32,2,111,0,0,26,0,26,14,63,58,2,137,36,0,36,173
08/13/2004,MLI,IL,AGL,CE,Towers with Radar,14,62,28,0,104,2,5,62,0,69,16,67,90,0,173,46,0,46,219
08/14/2004,MLI,IL,AGL,CE,Towers with Radar,10,42,20,0,72,4,11,40,0,55,14,53,60,0,127,50,0,50,177
08/15/2004,MLI,IL,AGL,CE,Towers with Radar,11,46,21,0,78,1,15,66,0,82,12,61,87,0,160,96,0,96,256
08/16/2004,MLI,IL,AGL,CE,Towers with Radar,14,63,29,0,106,0,3,16,0,19,14,66,45,0,125,36,0,36,161
08/17/2004,MLI,IL,AGL,CE,Towers with Radar,13,57,26,0,96,1,5,18,0,24,14,62,44,0,120,116,0,116,236
08/18/2004,MLI,IL,AGL,CE,Towers with Radar,15,68,29,0,112,0,0,0,0,0,15,68,29,0,112,4,0,4,116
08/19/2004,MLI,IL,AGL,CE,Towers with Radar,14,71,34,0,119,0,0,55,0,55,14,71,89,0,174,24,0,24,198
08/20/2004,MLI,IL,AGL,CE,Towers with Radar,16,59,31,2,108,0,0,53,2,55,16,59,84,4,163,64,0,64,227
08/21/2004,MLI,IL,AGL,CE,Towers with Radar,11,45,21,1,78,3,7,63,1,74,14,52,84,2,152,44,0,44,196
08/22/2004,MLI,IL,AGL,CE,Towers with Radar,12,51,24,2,89,1,5,49,2,57,13,56,73,4,146,34,0,34,180
08/23/2004,MLI,IL,AGL,CE,Towers with Radar,14,62,29,2,107,0,9,30,5,44,14,71,59,7,151,48,0,48,199
08/24/2004,MLI,IL,AGL,CE,Towers with Radar,15,66,32,3,116,0,0,32,5,37,15,66,64,8,153,4,0,4,157
08/25/2004,MLI,IL,AGL,CE,Towers with Radar,15,64,30,2,111,2,0,11,1,14,17,64,41,3,125,66,0,66,191
08/26/2004,MLI,IL,AGL,CE,Towers with Radar,15,77,35,1,128,0,0,33,0,33,15,77,68,1,161,26,0,26,187
08/27/2004,MLI,IL,AGL,CE,Towers with Radar,15,59,31,2,107,0,0,31,0,31,15,59,62,2,138,52,0,52,190
08/28/2004,MLI,IL,AGL,CE,Towers with Radar,11,47,17,1,76,3,8,0,3,14,14,55,17,4,90,12,0,12,102
08/29/2004,MLI,IL,AGL,CE,Towers with Radar,10,54,25,0,89,0,0,63,0,63,10,54,88,0,152,56,0,56,208
08/30/2004,MLI,IL,AGL,CE,Towers with Radar,13,62,28,2,105,0,0,46,15,61,13,62,74,17,166,61,10,71,237
08/31/2004,MLI,IL,AGL,CE,Towers with Radar,14,64,33,3,114,0,0,72,5,77,14,64,105,8,191,88,0,88,279
09/01/2004,MLI,IL,AGL,CE,Towers with Radar,13,68,32,0,113,1,7,45,0,53,14,75,77,0,166,106,0,106,272
09/02/2004,MLI,IL,AGL,CE,Towers with Radar,14,66,38,2,120,0,0,45,3,48,14,66,83,5,168,78,0,78,246
09/03/2004,MLI,IL,AGL,CE,Towers with Radar,9,51,24,0,84,6,11,57,0,74,15,62,81,0,158,126,0,126,284
09/04/2004,MLI,IL,AGL,CE,Towers with Radar,9,43,21,0,73,3,0,27,0,30,12,43,48,0,103,76,0,76,179
09/05/2004,MLI,IL,AGL,CE,Towers with Radar,6,38,18,1,63,7,0,6,0,13,13,38,24,1,76,12,0,12,88
09/06/2004,MLI,IL,AGL,CE,Towers with Radar,12,53,30,0,95,1,0,25,0,26,13,53,55,0,121,10,0,10,131
09/07/2004,MLI,IL,AGL,CE,Towers with Radar,13,67,31,2,113,0,0,45,0,45,13,67,76,2,158,82,0,82,240
09/08/2004,MLI,IL,AGL,CE,Towers with Radar,11,67,33,2,113,0,0,50,5,55,11,67,83,7,168,52,0,52,220
09/09/2004,MLI,IL,AGL,CE,Towers with Radar,14,72,38,2,126,0,0,45,0,45,14,72,83,2,171,94,0,94,265
09/10/2004,MLI,IL,AGL,CE,Towers with Radar,14,64,37,2,117,0,0,65,0,65,14,64,102,2,182,38,0,38,220
09/11/2004,MLI,IL,AGL,CE,Towers with Radar,10,51,25,0,86,0,3,65,0,68,10,54,90,0,154,38,0,38,192
09/12/2004,MLI,IL,AGL,CE,Towers with Radar,9,45,22,0,76,0,12,91,0,103,9,57,113,0,179,28,0,28,207
09/13/2004,MLI,IL,AGL,CE,Towers with Radar,12,56,27,1,96,1,8,22,4,35,13,64,49,5,131,8,4,12,143
09/14/2004,MLI,IL,AGL,CE,Towers with Radar,13,56,31,0,100,0,0,38,0,38,13,56,69,0,138,12,0,12,150
09/15/2004,MLI,IL,AGL,CE,Towers with Radar,13,63,33,0,109,0,0,7,0,7,13,63,40,0,116,0,0,0,116
09/16/2004,MLI,IL,AGL,CE,Towers with Radar,11,62,34,1,108,0,0,44,1,45,11,62,78,2,153,36,0,36,189
09/17/2004,MLI,IL,AGL,CE,Towers with Radar,13,63,31,0,107,1,2,35,4,42,14,65,66,4,149,62,0,62,211
09/18/2004,MLI,IL,AGL,CE,Towers with Radar,10,49,24,0,83,0,5,55,1,61,10,54,79,1,144,4,0,4,148
09/19/2004,MLI,IL,AGL,CE,Towers with Radar,11,51,25,0,87,0,6,33,2,41,11,57,58,2,128,50,0,50,178
09/20/2004,MLI,IL,AGL,CE,Towers with Radar,12,59,29,0,100,0,11,21,0,32,12,70,50,0,132,26,0,26,158
09/21/2004,MLI,IL,AGL,CE,Towers with Radar,14,71,35,0,120,0,0,40,0,40,14,71,75,0,160,30,0,30,190
09/22/2004,MLI,IL,AGL,CE,Towers with Radar,13,63,31,0,107,2,5,58,0,65,15,68,89,0,172,44,0,44,216
09/23/2004,MLI,IL,AGL,CE,Towers with Radar,15,64,35,0,114,0,0,37,0,37,15,64,72,0,151,10,0,10,161
09/24/2004,MLI,IL,AGL,CE,Towers with Radar,15,67,34,0,116,1,0,47,0,48,16,67,81,0,164,34,0,34,198
09/25/2004,MLI,IL,AGL,CE,Towers with Radar,10,47,22,0,79,0,15,85,0,100,10,62,107,0,179,22,0,22,201
09/26/2004,MLI,IL,AGL,CE,Towers with Radar,9,54,25,0,88,0,9,48,0,57,9,63,73,0,145,68,0,68,213
09/27/2004,MLI,IL,AGL,CE,Towers with Radar,10,62,29,0,101,0,9,45,0,54,10,71,74,0,155,82,0,82,237
09/28/2004,MLI,IL,AGL,CE,Towers with Radar,13,70,34,1,118,0,0,29,1,30,13,70,63,2,148,34,0,34,182
09/29/2004,MLI,IL,AGL,CE,Towers with Radar,14,60,32,1,107,0,0,55,1,56,14,60,87,2,163,60,0,60,223
09/30/2004,MLI,IL,AGL,CE,Towers with Radar,14,66,33,0,113,0,0,40,0,40,14,66,73,0,153,20,0,20,173
10/01/2004,MLI,IL,AGL,CE,Combined TRACON& Tower with Radar,13,70,18,0,101,0,0,9,0,9,13,70,27,0,110,6,0,6,116
10/02/2004,MLI,IL,AGL,CE,Combined TRACON& Tower with Radar,11,53,20,0,84,0,0,55,0,55,11,53,75,0,139,48,0,48,187
10/03/2004,MLI,IL,AGL,CE,Combined TRACON& Tower with Radar,9,55,24,0,88,0,0,52,0,52,9,55,76,0,140,36,0,36,176
10/04/2004,MLI,IL,AGL,CE,Combined TRACON& Tower with Radar,17,53,31,0,101,0,0,30,0,30,17,53,61,0,131,68,0,68,199
10/05/2004,MLI,IL,AGL,CE,Combined TRACON& Tower with Radar,14,71,30,2,117,0,0,30,0,30,14,71,60,2,147,34,10,44,191
10/06/2004,MLI,IL,AGL,CE,Combined TRACON& Tower with Radar,16,70,39,0,125,0,0,41,0,41,16,70,80,0,166,44,0,44,210
10/07/2004,MLI,IL,AGL,CE,Combined TRACON& Tower with Radar,22,60,31,0,113,0,0,9,0,9,22,60,40,0,122,22,0,22,144
10/08/2004,MLI,IL,AGL,CE,Combined TRACON& Tower with Radar,23,59,39,0,121,0,0,7,0,7,23,59,46,0,128,16,0,16,144
10/09/2004,MLI,IL,AGL,CE,Combined TRACON& Tower with Radar,20,43,13,0,76,0,0,47,0,47,20,43,60,0,123,52,0,52,175
10/10/2004,MLI,IL,AGL,CE,Combined TRACON& Tower with Radar,15,59,20,2,96,0,0,58,0,58,15,59,78,2,154,30,0,30,184
10/11/2004,MLI,IL,AGL,CE,Combined TRACON& Tower with Radar,15,53,32,2,102,0,0,28,1,29,15,53,60,3,131,8,0,8,139
10/12/2004,MLI,IL,AGL,CE,Combined TRACON& Tower with Radar,15,70,36,9,130,0,0,20,5,25,15,70,56,14,155,22,12,34,189
10/13/2004,MLI,IL,AGL,CE,Combined TRACON& Tower with Radar,6,65,40,13,124,10,3,25,0,38,16,68,65,13,162,36,0,36,198
10/14/2004,MLI,IL,AGL,CE,Combined TRACON& Tower with Radar,21,67,35,0,123,0,0,2,0,2,21,67,37,0,125,50,0,50,175
10/15/2004,MLI,IL,AGL,CE,Combined TRACON& Tower with Radar,24,73,35,8,140,0,0,22,0,22,24,73,57,8,162,0,0,0,162
10/16/2004,MLI,IL,AGL,CE,Combined TRACON& Tower with Radar,16,48,9,2,75,0,0,6,0,6,16,48,15,2,81,0,0,0,81
10/17/2004,MLI,IL,AGL,CE,Combined TRACON& Tower with Radar,17,54,9,3,83,0,0,63,0,63,17,54,72,3,146,78,0,78,224
10/18/2004,MLI,IL,AGL,CE,Combined TRACON& Tower with Radar,14,56,32,0,102,0,0,7,0,7,14,56,39,0,109,20,0,20,129
10/19/2004,MLI,IL,AGL,CE,Combined TRACON& Tower with Radar,18,67,61,3,149,0,0,2,0,2,18,67,63,3,151,8,0,8,159
10/20/2004,MLI,IL,AGL,CE,Combined TRACON& Tower with Radar,23,58,53,3,137,0,0,7,0,7,23,58,60,3,144,30,0,30,174
10/21/2004,MLI,IL,AGL,CE,Combined TRACON& Tower with Radar,20,61,28,2,111,0,0,15,0,15,20,61,43,2,126,34,0,34,160
10/22/2004,MLI,IL,AGL,CE,Combined TRACON& Tower with Radar,24,61,26,3,114,0,0,0,0,0,24,61,26,3,114,2,0,2,116
10/23/2004,MLI,IL,AGL,CE,Combined TRACON& Tower with Radar,15,49,12,2,78,0,0,6,0,6,15,49,18,2,84,0,0,0,84
10/24/2004,MLI,IL,AGL,CE,Combined TRACON& Tower with Radar,16,53,35,0,104,0,0,60,0,60,16,53,95,0,164,48,0,48,212
10/25/2004,MLI,IL,AGL,CE,Combined TRACON& Tower with Radar,19,63,45,4,131,0,0,22,3,25,19,63,67,7,156,0,0,0,156
10/26/2004,MLI,IL,AGL,CE,Combined TRACON& Tower with Radar,18,61,30,11,120,0,0,0,0,0,18,61,30,11,120,0,0,0,120
10/27/2004,MLI,IL,AGL,CE,Combined TRACON& Tower with Radar,20,60,52,4,136,0,0,2,0,2,20,60,54,4,138,0,0,0,138
10/28/2004,MLI,IL,AGL,CE,Combined TRACON& Tower with Radar,16,66,42,0,124,0,0,0,0,0,16,66,42,0,124,0,0,0,124
10/29/2004,MLI,IL,AGL,CE,Combined TRACON& Tower with Radar,18,51,40,5,114,0,0,8,0,8,18,51,48,5,122,14,2,16,138
10/30/2004,MLI,IL,AGL,CE,Combined TRACON& Tower with Radar,15,50,8,3,76,0,0,6,2,8,15,50,14,5,84,0,0,0,84
10/31/2004,MLI,IL,AGL,CE,Combined TRACON& Tower with Radar,14,59,30,0,103,0,0,68,0,68,14,59,98,0,171,66,0,66,237
11/01/2004,MLI,IL,AGL,CE,Combined TRACON& Tower with Radar,17,65,23,0,105,0,0,0,0,0,17,65,23,0,105,0,0,0,105
11/02/2004,MLI,IL,AGL,CE,Combined TRACON& Tower with Radar,10,75,23,2,110,0,0,10,1,11,10,75,33,3,121,34,0,34,155
11/03/2004,MLI,IL,AGL,CE,Combined TRACON& Tower with Radar,15,61,35,0,111,0,0,32,0,32,15,61,67,0,143,42,0,42,185
11/04/2004,MLI,IL,AGL,CE,Combined TRACON& Tower with Radar,11,59,28,0,98,0,0,17,0,17,11,59,45,0,115,12,0,12,127
11/05/2004,MLI,IL,AGL,CE,Combined TRACON& Tower with Radar,13,67,31,0,111,0,0,50,0,50,13,67,81,0,161,56,0,56,217
11/06/2004,MLI,IL,AGL,CE,Combined TRACON& Tower with Radar,11,53,11,0,75,0,1,69,0,70,11,54,80,0,145,116,0,116,261
11/07/2004,MLI,IL,AGL,CE,Combined TRACON& Tower with Radar,10,52,13,2,77,0,1,56,0,57,10,53,69,2,134,88,0,88,222
11/08/2004,MLI,IL,AGL,CE,Combined TRACON& Tower with Radar,13,75,32,0,120,0,0,41,0,41,13,75,73,0,161,34,0,34,195
11/09/2004,MLI,IL,AGL,CE,Combined TRACON& Tower with Radar,12,65,37,0,114,0,0,26,0,26,12,65,63,0,140,380,0,380,520
11/10/2004,MLI,IL,AGL,CE,Combined TRACON& Tower with Radar,12,74,28,10,124,0,0,39,1,40,12,74,67,11,164,26,0,26,190
11/11/2004,MLI,IL,AGL,CE,Combined TRACON& Tower with Radar,13,71,31,4,119,0,0,24,0,24,13,71,55,4,143,16,0,16,159
11/12/2004,MLI,IL,AGL,CE,Combined TRACON& Tower with Radar,12,59,30,0,101,0,0,0,0,0,12,59,30,0,101,62,0,62,163
11/13/2004,MLI,IL,AGL,CE,Combined TRACON& Tower with Radar,14,54,18,1,87,0,0,47,1,48,14,54,65,2,135,88,0,88,223
11/14/2004,MLI,IL,AGL,CE,Combined TRACON& Tower with Radar,17,45,23,0,85,0,0,37,0,37,17,45,60,0,122,66,0,66,188
11/15/2004,MLI,IL,AGL,CE,Combined TRACON& Tower with Radar,9,61,25,0,95,0,0,12,0,12,9,61,37,0,107,38,0,38,145
11/16/2004,MLI,IL,AGL,CE,Combined TRACON& Tower with Radar,13,60,38,0,111,0,0,4,0,4,13,60,42,0,115,68,0,68,183
11/17/2004,MLI,IL,AGL,CE,Combined TRACON& Tower with Radar,16,72,43,4,135,0,0,2,0,2,16,72,45,4,137,0,0,0,137
11/18/2004,MLI,IL,AGL,CE,Combined TRACON& Tower with Radar,11,72,32,0,115,0,0,0,0,0,11,72,32,0,115,0,0,0,115
11/19/2004,MLI,IL,AGL,CE,Combined TRACON& Tower with Radar,12,70,30,0,112,0,0,5,0,5,12,70,35,0,117,0,0,0,117
11/20/2004,MLI,IL,AGL,CE,Combined TRACON& Tower with Radar,13,58,56,0,127,0,0,12,0,12,13,58,68,0,139,46,0,46,185
11/21/2004,MLI,IL,AGL,CE,Combined TRACON& Tower with Radar,9,51,12,0,72,0,4,59,0,63,9,55,71,0,135,94,0,94,229
11/22/2004,MLI,IL,AGL,CE,Combined TRACON& Tower with Radar,11,70,42,0,123,0,0,25,0,25,11,70,67,0,148,32,0,32,180
11/23/2004,MLI,IL,AGL,CE,Combined TRACON& Tower with Radar,14,69,34,0,117,0,0,24,0,24,14,69,58,0,141,48,0,48,189
11/24/2004,MLI,IL,AGL,CE,Combined TRACON& Tower with Radar,14,63,20,0,97,0,0,1,0,1,14,63,21,0,98,0,0,0,98
11/25/2004,MLI,IL,AGL,CE,Combined TRACON& Tower with Radar,15,43,5,0,63,0,0,16,0,16,15,43,21,0,79,8,0,8,87
11/26/2004,MLI,IL,AGL,CE,Combined TRACON& Tower with Radar,18,45,6,0,69,0,0,23,0,23,18,45,29,0,92,74,0,74,166
11/27/2004,MLI,IL,AGL,CE,Combined TRACON& Tower with Radar,11,52,14,0,77,0,0,0,0,0,11,52,14,0,77,0,0,0,77
11/28/2004,MLI,IL,AGL,CE,Combined TRACON& Tower with Radar,9,56,31,0,96,0,0,61,0,61,9,56,92,0,157,106,0,106,263
11/29/2004,MLI,IL,AGL,CE,Combined TRACON& Tower with Radar,13,70,25,0,108,0,0,0,0,0,13,70,25,0,108,0,0,0,108
11/30/2004,MLI,IL,AGL,CE,Combined TRACON& Tower with Radar,16,65,21,4,106,0,0,0,0,0,16,65,21,4,106,0,0,0,106
12/01/2004,MLI,IL,AGL,CE,Combined TRACON& Tower with Radar,15,57,32,0,104,0,0,18,0,18,15,57,50,0,122,36,0,36,158
12/02/2004,MLI,IL,AGL,CE,Combined TRACON& Tower with Radar,16,67,19,6,108,0,0,22,0,22,16,67,41,6,130,32,0,32,162
12/03/2004,MLI,IL,AGL,CE,Combined TRACON& Tower with Radar,14,68,24,4,110,0,0,24,0,24,14,68,48,4,134,28,0,28,162
12/04/2004,MLI,IL,AGL,CE,Combined TRACON& Tower with Radar,11,52,29,0,92,0,0,47,0,47,11,52,76,0,139,83,0,83,222
12/05/2004,MLI,IL,AGL,CE,Combined TRACON& Tower with Radar,19,47,32,0,98,0,0,38,0,38,19,47,70,0,136,96,0,96,232
12/06/2004,MLI,IL,AGL,CE,Combined TRACON& Tower with Radar,14,66,40,0,120,0,0,0,0,0,14,66,40,0,120,0,0,0,120
12/07/2004,MLI,IL,AGL,CE,Combined TRACON& Tower with Radar,11,69,30,7,117,0,0,0,0,0,11,69,30,7,117,0,0,0,117
12/08/2004,MLI,IL,AGL,CE,Combined TRACON& Tower with Radar,16,72,31,3,122,0,0,16,2,18,16,72,47,5,140,70,0,70,210
12/09/2004,MLI,IL,AGL,CE,Combined TRACON& Tower with Radar,8,69,46,0,123,0,0,6,0,6,8,69,52,0,129,12,0,12,141
12/10/2004,MLI,IL,AGL,CE,Combined TRACON& Tower with Radar,12,72,32,0,116,0,0,0,0,0,12,72,32,0,116,0,0,0,116
12/11/2004,MLI,IL,AGL,CE,Combined TRACON& Tower with Radar,23,46,2,0,71,0,0,18,0,18,23,46,20,0,89,18,0,18,107
12/12/2004,MLI,IL,AGL,CE,Combined TRACON& Tower with Radar,14,44,8,0,66,0,0,5,0,5,14,44,13,0,71,0,0,0,71
12/13/2004,MLI,IL,AGL,CE,Combined TRACON& Tower with Radar,22,48,18,2,90,0,0,9,0,9,22,48,27,2,99,8,0,8,107
12/14/2004,MLI,IL,AGL,CE,Combined TRACON& Tower with Radar,15,65,36,0,116,0,1,29,0,30,15,66,65,0,146,48,0,48,194
12/15/2004,MLI,IL,AGL,CE,Combined TRACON& Tower with Radar,15,58,25,0,98,0,0,26,0,26,15,58,51,0,124,46,0,46,170
12/16/2004,MLI,IL,AGL,CE,Combined TRACON& Tower with Radar,12,73,31,6,122,0,0,43,4,47,12,73,74,10,169,46,0,46,215
12/17/2004,MLI,IL,AGL,CE,Combined TRACON& Tower with Radar,11,64,38,2,115,0,0,44,0,44,11,64,82,2,159,44,0,44,203
12/18/2004,MLI,IL,AGL,CE,Combined TRACON& Tower with Radar,12,55,9,0,76,0,0,17,0,17,12,55,26,0,93,0,0,0,93
12/19/2004,MLI,IL,AGL,CE,Combined TRACON& Tower with Radar,17,50,10,0,77,0,0,12,0,12,17,50,22,0,89,14,0,14,103
12/20/2004,MLI,IL,AGL,CE,Combined TRACON& Tower with Radar,15,53,28,0,96,0,0,9,0,9,15,53,37,0,105,26,0,26,131
12/21/2004,MLI,IL,AGL,CE,Combined TRACON& Tower with Radar,12,64,22,0,98,0,0,12,0,12,12,64,34,0,110,26,0,26,136
12/22/2004,MLI,IL,AGL,CE,Combined TRACON& Tower with Radar,11,54,18,0,83,0,0,16,0,16,11,54,34,0,99,44,0,44,143
12/23/2004,MLI,IL,AGL,CE,Combined TRACON& Tower with Radar,12,48,12,0,72,0,0,25,0,25,12,48,37,0,97,48,0,48,145
12/24/2004,MLI,IL,AGL,CE,Combined TRACON& Tower with Radar,13,46,13,0,72,0,0,14,0,14,13,46,27,0,86,140,0,140,226
12/25/2004,MLI,IL,AGL,CE,Combined TRACON& Tower with Radar,16,31,0,0,47,0,0,2,0,2,16,31,2,0,49,10,0,10,59
12/26/2004,MLI,IL,AGL,CE,Combined TRACON& Tower with Radar,11,49,13,0,73,0,0,20,0,20,11,49,33,0,93,0,0,0,93
12/27/2004,MLI,IL,AGL,CE,Combined TRACON& Tower with Radar,12,57,21,0,90,0,0,23,0,23,12,57,44,0,113,20,0,20,133
12/28/2004,MLI,IL,AGL,CE,Combined TRACON& Tower with Radar,12,62,24,0,98,0,0,28,0,28,12,62,52,0,126,4,0,4,130
12/29/2004,MLI,IL,AGL,CE,Combined TRACON& Tower with Radar,12,64,34,0,110,0,0,10,0,10,12,64,44,0,120,66,0,66,186
12/30/2004,MLI,IL,AGL,CE,Combined TRACON& Tower with Radar,11,57,23,0,91,0,0,0,0,0,11,57,23,0,91,6,0,6,97
12/31/2004,MLI,IL,AGL,CE,Combined TRACON& Tower with Radar,18,54,16,0,88,0,0,47,0,47,18,54,63,0,135,18,0,18,153
01/01/2005,MLI,IL,AGL,CE,Combined TRACON& Tower with Radar,16,44,3,0,63,0,0,0,0,0,16,44,3,0,63,0,0,0,63
01/02/2005,MLI,IL,AGL,CE,Combined TRACON& Tower with Radar,11,52,17,0,80,0,0,2,0,2,11,52,19,0,82,20,0,20,102
01/03/2005,MLI,IL,AGL,CE,Combined TRACON& Tower with Radar,10,55,9,0,74,0,0,0,0,0,10,55,9,0,74,0,0,0,74
01/04/2005,MLI,IL,AGL,CE,Combined TRACON& Tower with Radar,19,50,6,0,75,0,0,0,0,0,19,50,6,0,75,0,0,0,75
01/05/2005,MLI,IL,AGL,CE,Combined TRACON& Tower with Radar,26,36,6,0,68,0,0,0,0,0,26,36,6,0,68,0,0,0,68
01/06/2005,MLI,IL,AGL,CE,Combined TRACON& Tower with Radar,19,54,27,0,100,0,0,2,0,2,19,54,29,0,102,0,0,0,102
01/07/2005,MLI,IL,AGL,CE,Combined TRACON& Tower with Radar,10,76,31,0,117,0,0,1,0,1,10,76,32,0,118,0,0,0,118
01/08/2005,MLI,IL,AGL,CE,Combined TRACON& Tower with Radar,13,52,15,0,80,0,0,1,0,1,13,52,16,0,81,0,0,0,81
01/09/2005,MLI,IL,AGL,CE,Combined TRACON& Tower with Radar,11,53,24,2,90,0,0,0,0,0,11,53,24,2,90,4,0,4,94
01/10/2005,MLI,IL,AGL,CE,Combined TRACON& Tower with Radar,9,62,34,1,106,0,0,3,0,3,9,62,37,1,109,18,0,18,127
01/11/2005,MLI,IL,AGL,CE,Combined TRACON& Tower with Radar,10,61,7,0,78,0,0,0,0,0,10,61,7,0,78,0,0,0,78
01/12/2005,MLI,IL,AGL,CE,Combined TRACON& Tower with Radar,13,52,6,0,71,0,0,0,0,0,13,52,6,0,71,0,0,0,71
01/13/2005,MLI,IL,AGL,CE,Combined TRACON& Tower with Radar,9,61,23,0,93,0,0,4,0,4,9,61,27,0,97,14,0,14,111
01/14/2005,MLI,IL,AGL,CE,Combined TRACON& Tower with Radar,9,69,24,3,105,0,0,25,0,25,9,69,49,3,130,54,0,54,184
01/15/2005,MLI,IL,AGL,CE,Combined TRACON& Tower with Radar,10,47,5,0,62,0,0,21,0,21,10,47,26,0,83,4,0,4,87
01/16/2005,MLI,IL,AGL,CE,Combined TRACON& Tower with Radar,11,37,14,0,62,3,6,30,0,39,14,43,44,0,101,30,0,30,131
01/17/2005,MLI,IL,AGL,CE,Combined TRACON& Tower with Radar,10,53,33,0,96,0,0,0,0,0,10,53,33,0,96,28,0,28,124
01/18/2005,MLI,IL,AGL,CE,Combined TRACON& Tower with Radar,11,55,24,2,92,0,0,10,0,10,11,55,34,2,102,0,0,0,102
01/19/2005,MLI,IL,AGL,CE,Combined TRACON& Tower with Radar,9,56,34,0,99,0,0,12,0,12,9,56,46,0,111,10,0,10,121
01/20/2005,MLI,IL,AGL,CE,Combined TRACON& Tower with Radar,10,55,34,0,99,0,0,4,0,4,10,55,38,0,103,0,0,0,103
01/21/2005,MLI,IL,AGL,CE,Combined TRACON& Tower with Radar,10,52,18,6,86,0,0,3,0,3,10,52,21,6,89,0,0,0,89
01/22/2005,MLI,IL,AGL,CE,Combined TRACON& Tower with Radar,15,22,7,0,44,0,0,0,0,0,15,22,7,0,44,0,0,0,44
01/23/2005,MLI,IL,AGL,CE,Combined TRACON& Tower with Radar,9,43,17,0,69,0,0,24,0,24,9,43,41,0,93,8,0,8,101
01/24/2005,MLI,IL,AGL,CE,Combined TRACON& Tower with Radar,14,52,37,2,105,0,0,15,0,15,14,52,52,2,120,34,0,34,154
01/25/2005,MLI,IL,AGL,CE,Combined TRACON& Tower with Radar,13,59,35,2,109,0,1,38,0,39,13,60,73,2,148,88,0,88,236
01/26/2005,MLI,IL,AGL,CE,Combined TRACON& Tower with Radar,15,62,18,6,101,0,0,9,0,9,15,62,27,6,110,8,0,8,118
01/27/2005,MLI,IL,AGL,CE,Combined TRACON& Tower with Radar,10,67,18,2,97,0,0,28,0,28,10,67,46,2,125,56,0,56,181
01/28/2005,MLI,IL,AGL,CE,Combined TRACON& Tower with Radar,9,65,18,3,95,0,2,25,0,27,9,67,43,3,122,16,0,16,138
01/29/2005,MLI,IL,AGL,CE,Combined TRACON& Tower with Radar,9,44,4,0,57,0,0,2,0,2,9,44,6,0,59,0,0,0,59
01/30/2005,MLI,IL,AGL,CE,Combined TRACON& Tower with Radar,18,34,15,2,69,0,0,12,0,12,18,34,27,2,81,4,0,4,85
01/31/2005,MLI,IL,AGL,CE,Combined TRACON& Tower with Radar,12,54,28,0,94,0,0,6,0,6,12,54,34,0,100,10,0,10,110
02/01/2005,MLI,IL,AGL,CE,Combined TRACON& Tower with Radar,10,58,25,0,93,0,2,16,0,18,10,60,41,0,111,27,0,27,138
02/02/2005,MLI,IL,AGL,CE,Combined TRACON& Tower with Radar,9,63,43,0,115,0,0,28,0,28,9,63,71,0,143,36,0,36,179
02/03/2005,MLI,IL,AGL,CE,Combined TRACON& Tower with Radar,10,62,27,4,103,0,2,31,0,33,10,64,58,4,136,36,0,36,172
02/04/2005,MLI,IL,AGL,CE,Combined TRACON& Tower with Radar,14,58,24,2,98,0,1,40,0,41,14,59,64,2,139,0,0,0,139
02/05/2005,MLI,IL,AGL,CE,Combined TRACON& Tower with Radar,19,36,11,0,66,0,0,63,0,63,19,36,74,0,129,56,0,56,185
02/06/2005,MLI,IL,AGL,CE,Combined TRACON& Tower with Radar,18,27,15,0,60,0,0,0,0,0,18,27,15,0,60,12,0,12,72
02/07/2005,MLI,IL,AGL,CE,Combined TRACON& Tower with Radar,13,60,21,2,96,0,0,0,0,0,13,60,21,2,96,0,0,0,96
02/08/2005,MLI,IL,AGL,CE,Combined TRACON& Tower with Radar,10,57,27,4,98,0,0,0,0,0,10,57,27,4,98,0,12,12,110
02/09/2005,MLI,IL,AGL,CE,Combined TRACON& Tower with Radar,16,46,29,4,95,0,0,1,0,1,16,46,30,4,96,0,0,0,96
02/10/2005,MLI,IL,AGL,CE,Combined TRACON& Tower with Radar,12,62,31,6,111,0,0,0,0,0,12,62,31,6,111,14,0,14,125
02/11/2005,MLI,IL,AGL,CE,Combined TRACON& Tower with Radar,10,62,29,1,102,0,0,36,0,36,10,62,65,1,138,14,0,14,152
02/12/2005,MLI,IL,AGL,CE,Combined TRACON& Tower with Radar,12,45,14,0,71,0,0,72,1,73,12,45,86,1,144,18,0,18,162
02/13/2005,MLI,IL,AGL,CE,Combined TRACON& Tower with Radar,9,45,26,0,80,0,0,0,0,0,9,45,26,0,80,4,0,4,84
02/14/2005,MLI,IL,AGL,CE,Combined TRACON& Tower with Radar,8,49,20,0,77,0,0,4,0,4,8,49,24,0,81,26,0,26,107
02/15/2005,MLI,IL,AGL,CE,Combined TRACON& Tower with Radar,6,62,28,0,96,0,0,6,0,6,6,62,34,0,102,0,0,0,102
02/16/2005,MLI,IL,AGL,CE,Combined TRACON& Tower with Radar,8,62,37,0,107,0,0,11,0,11,8,62,48,0,118,26,2,28,146
02/17/2005,MLI,IL,AGL,CE,Combined TRACON& Tower with Radar,7,66,30,5,108,0,1,32,0,33,7,67,62,5,141,0,0,0,141
02/18/2005,MLI,IL,AGL,CE,Combined TRACON& Tower with Radar,11,66,31,0,108,0,0,47,0,47,11,66,78,0,155,42,0,42,197
02/19/2005,MLI,IL,AGL,CE,Combined TRACON& Tower with Radar,10,49,18,0,77,0,0,23,4,27,10,49,41,4,104,38,0,38,142
02/20/2005,MLI,IL,AGL,CE,Combined TRACON& Tower with Radar,7,43,8,0,58,0,0,0,0,0,7,43,8,0,58,0,0,0,58
02/21/2005,MLI,IL,AGL,CE,Combined TRACON& Tower with Radar,14,49,38,0,101,0,0,5,0,5,14,49,43,0,106,6,0,6,112
02/22/2005,MLI,IL,AGL,CE,Combined TRACON& Tower with Radar,8,63,34,0,105,0,0,4,0,4,8,63,38,0,109,32,0,32,141
02/23/2005,MLI,IL,AGL,CE,Combined TRACON& Tower with Radar,11,56,28,0,95,0,0,24,0,24,11,56,52,0,119,40,0,40,159
02/24/2005,MLI,IL,AGL,CE,Combined TRACON& Tower with Radar,10,60,21,0,91,0,0,13,0,13,10,60,34,0,104,44,0,44,148
02/25/2005,MLI,IL,AGL,CE,Combined TRACON& Tower with Radar,7,54,45,0,106,0,0,39,0,39,7,54,84,0,145,50,0,50,195
02/26/2005,MLI,IL,AGL,CE,Combined TRACON& Tower with Radar,9,51,30,0,90,0,0,47,0,47,9,51,77,0,137,86,0,86,223
02/27/2005,MLI,IL,AGL,CE,Combined TRACON& Tower with Radar,15,37,9,0,61,0,0,14,0,14,15,37,23,0,75,16,0,16,91
02/28/2005,MLI,IL,AGL,CE,Combined TRACON& Tower with Radar,6,55,13,2,76,0,0,0,0,0,6,55,13,2,76,0,0,0,76
03/01/2005,MLI,IL,AGL,CE,Combined TRACON& Tower with Radar,10,60,41,0,111,0,0,16,0,16,10,60,57,0,127,20,0,20,147
03/02/2005,MLI,IL,AGL,CE,Combined TRACON& Tower with Radar,8,60,28,0,96,0,0,34,0,34,8,60,62,0,130,28,0,28,158
03/03/2005,MLI,IL,AGL,CE,Combined TRACON& Tower with Radar,8,63,37,2,110,0,0,41,0,41,8,63,78,2,151,56,8,64,215
03/04/2005,MLI,IL,AGL,CE,Combined TRACON& Tower with Radar,8,55,21,2,86,0,0,30,0,30,8,55,51,2,116,52,0,52,168
03/05/2005,MLI,IL,AGL,CE,Combined TRACON& Tower with Radar,9,45,18,0,72,0,0,33,0,33,9,45,51,0,105,36,0,36,141
03/06/2005,MLI,IL,AGL,CE,Combined TRACON& Tower with Radar,6,51,16,0,73,0,0,49,0,49,6,51,65,0,122,10,0,10,132
03/07/2005,MLI,IL,AGL,CE,Combined TRACON& Tower with Radar,7,55,37,0,99,0,0,11,0,11,7,55,48,0,110,0,0,0,110
03/08/2005,MLI,IL,AGL,CE,Combined TRACON& Tower with Radar,12,49,28,0,89,0,3,15,0,18,12,52,43,0,107,8,0,8,115
03/09/2005,MLI,IL,AGL,CE,Combined TRACON& Tower with Radar,21,51,51,0,123,0,0,33,0,33,21,51,84,0,156,8,0,8,164
03/10/2005,MLI,IL,AGL,CE,Combined TRACON& Tower with Radar,8,63,31,8,110,0,0,3,0,3,8,63,34,8,113,0,6,6,119
03/11/2005,MLI,IL,AGL,CE,Combined TRACON& Tower with Radar,13,52,29,0,94,0,0,11,0,11,13,52,40,0,105,16,0,16,121
03/12/2005,MLI,IL,AGL,CE,Combined TRACON& Tower with Radar,19,38,8,0,65,0,0,25,0,25,19,38,33,0,90,4,0,4,94
03/13/2005,MLI,IL,AGL,CE,Combined TRACON& Tower with Radar,7,48,17,1,73,0,0,54,2,56,7,48,71,3,129,90,0,90,219
03/14/2005,MLI,IL,AGL,CE,Combined TRACON& Tower with Radar,8,62,32,0,102,0,0,19,1,20,8,62,51,1,122,50,0,50,172
03/15/2005,MLI,IL,AGL,CE,Combined TRACON& Tower with Radar,7,58,37,4,106,0,0,27,0,27,7,58,64,4,133,78,4,82,215
03/16/2005,MLI,IL,AGL,CE,Combined TRACON& Tower with Radar,9,60,28,10,107,0,0,26,0,26,9,60,54,10,133,96,2,98,231
03/17/2005,MLI,IL,AGL,CE,Combined TRACON& Tower with Radar,7,62,69,6,144,0,0,44,0,44,7,62,113,6,188,54,0,54,242
03/18/2005,MLI,IL,AGL,CE,Combined TRACON& Tower with Radar,10,51,30,6,97,0,0,31,0,31,10,51,61,6,128,370,4,374,502
03/19/2005,MLI,IL,AGL,CE,Combined TRACON& Tower with Radar,10,49,10,0,69,0,0,0,0,0,10,49,10,0,69,0,0,0,69
03/20/2005,MLI,IL,AGL,CE,Combined TRACON& Tower with Radar,16,44,20,0,80,0,0,47,0,47,16,44,67,0,127,64,0,64,191
03/21/2005,MLI,IL,AGL,CE,Combined TRACON& Tower with Radar,9,57,42,0,108,0,0,31,0,31,9,57,73,0,139,52,0,52,191
03/22/2005,MLI,IL,AGL,CE,Combined TRACON& Tower with Radar,6,64,33,0,103,0,0,18,0,18,6,64,51,0,121,16,0,16,137
03/23/2005,MLI,IL,AGL,CE,Combined TRACON& Tower with Radar,15,56,40,0,111,6,0,18,0,24,21,56,58,0,135,40,0,40,175
03/24/2005,MLI,IL,AGL,CE,Combined TRACON& Tower with Radar,7,58,34,2,101,0,0,8,0,8,7,58,42,2,109,0,8,8,117
03/25/2005,MLI,IL,AGL,CE,Combined TRACON& Tower with Radar,11,56,15,0,82,0,0,0,0,0,11,56,15,0,82,0,0,0,82
03/26/2005,MLI,IL,AGL,CE,Combined TRACON& Tower with Radar,9,44,19,0,72,0,0,38,0,38,9,44,57,0,110,42,0,42,152
03/27/2005,MLI,IL,AGL,CE,Combined TRACON& Tower with Radar,5,47,12,0,64,0,0,53,0,53,5,47,65,0,117,36,0,36,153
03/28/2005,MLI,IL,AGL,CE,Combined TRACON& Tower with Radar,12,57,43,0,112,0,0,57,0,57,12,57,100,0,169,122,0,122,291
03/29/2005,MLI,IL,AGL,CE,Combined TRACON& Tower with Radar,7,59,57,4,127,0,0,0,0,0,7,59,57,4,127,14,0,14,141
03/30/2005,MLI,IL,AGL,CE,Combined TRACON& Tower with Radar,15,53,17,0,85,1,2,15,0,18,16,55,32,0,103,28,0,28,131
03/31/2005,MLI,IL,AGL,CE,Combined TRACON& Tower with Radar,7,54,30,0,91,0,0,19,0,19,7,54,49,0,110,0,0,0,110
04/01/2005,MLI,IL,AGL,CE,Combined TRACON& Tower with Radar,13,56,41,0,110,0,0,45,0,45,13,56,86,0,155,120,0,120,275
04/02/2005,MLI,IL,AGL,CE,Combined TRACON& Tower with Radar,10,46,26,0,82,0,0,50,0,50,10,46,76,0,132,42,0,42,174
04/03/2005,MLI,IL,AGL,CE,Combined TRACON& Tower with Radar,14,43,32,0,89,0,0,57,0,57,14,43,89,0,146,82,0,82,228
04/04/2005,MLI,IL,AGL,CE,Combined TRACON& Tower with Radar,16,47,29,1,93,0,0,36,0,36,16,47,65,1,129,6,0,6,135
04/05/2005,MLI,IL,AGL,CE,Combined TRACON& Tower with Radar,17,58,33,0,108,0,0,26,0,26,17,58,59,0,134,44,0,44,178
04/06/2005,MLI,IL,AGL,CE,Combined TRACON& Tower with Radar,19,54,37,0,110,1,1,22,0,24,20,55,59,0,134,32,0,32,166
04/07/2005,MLI,IL,AGL,CE,Combined TRACON& Tower with Radar,18,54,28,1,101,0,0,24,5,29,18,54,52,6,130,16,0,16,146
04/08/2005,MLI,IL,AGL,CE,Combined TRACON& Tower with Radar,18,49,24,1,92,0,0,62,1,63,18,49,86,2,155,152,2,154,309
04/09/2005,MLI,IL,AGL,CE,Combined TRACON& Tower with Radar,15,44,21,0,80,0,0,57,0,57,15,44,78,0,137,94,0,94,231
04/10/2005,MLI,IL,AGL,CE,Combined TRACON& Tower with Radar,23,33,16,0,72,0,0,25,0,25,23,33,41,0,97,66,0,66,163
04/11/2005,MLI,IL,AGL,CE,Combined TRACON& Tower with Radar,22,45,25,0,92,0,0,5,0,5,22,45,30,0,97,0,0,0,97
04/12/2005,MLI,IL,AGL,CE,Combined TRACON& Tower with Radar,22,51,19,0,92,0,0,0,0,0,22,51,19,0,92,0,0,0,92
04/13/2005,MLI,IL,AGL,CE,Combined TRACON& Tower with Radar,18,56,18,0,92,0,0,20,0,20,18,56,38,0,112,36,0,36,148
04/14/2005,MLI,IL,AGL,CE,Combined TRACON& Tower with Radar,16,55,34,2,107,0,0,44,0,44,16,55,78,2,151,26,0,26,177
04/15/2005,MLI,IL,AGL,CE,Combined TRACON& Tower with Radar,30,44,20,4,98,0,8,42,0,50,30,52,62,4,148,82,0,82,230
04/16/2005,MLI,IL,AGL,CE,Combined TRACON& Tower with Radar,14,38,19,0,71,2,0,55,0,57,16,38,74,0,128,80,0,80,208
04/17/2005,MLI,IL,AGL,CE,Combined TRACON& Tower with Radar,25,33,15,0,73,0,0,30,3,33,25,33,45,3,106,72,0,72,178
04/18/2005,MLI,IL,AGL,CE,Combined TRACON& Tower with Radar,17,50,12,0,79,0,0,20,0,20,17,50,32,0,99,18,0,18,117
04/19/2005,MLI,IL,AGL,CE,Combined TRACON& Tower with Radar,22,48,38,4,112,0,1,23,0,24,22,49,61,4,136,10,4,14,150
04/20/2005,MLI,IL,AGL,CE,Combined TRACON& Tower with Radar,18,61,28,0,107,0,0,13,0,13,18,61,41,0,120,10,0,10,130
04/21/2005,MLI,IL,AGL,CE,Combined TRACON& Tower with Radar,14,57,35,4,110,0,0,5,0,5,14,57,40,4,115,24,0,24,139
04/22/2005,MLI,IL,AGL,CE,Combined TRACON& Tower with Radar,16,60,28,2,106,0,0,0,0,0,16,60,28,2,106,0,0,0,106
04/23/2005,MLI,IL,AGL,CE,Combined TRACON& Tower with Radar,20,35,12,0,67,0,0,25,0,25,20,35,37,0,92,4,0,4,96
04/24/2005,MLI,IL,AGL,CE,Combined TRACON& Tower with Radar,12,42,17,0,71,1,2,19,0,22,13,44,36,0,93,44,0,44,137
04/25/2005,MLI,IL,AGL,CE,Combined TRACON& Tower with Radar,16,55,40,13,124,0,0,19,1,20,16,55,59,14,144,56,6,62,206
04/26/2005,MLI,IL,AGL,CE,Combined TRACON& Tower with Radar,16,56,45,7,124,0,0,20,0,20,16,56,65,7,144,34,14,48,192
04/27/2005,MLI,IL,AGL,CE,Combined TRACON& Tower with Radar,15,63,39,2,119,0,0,26,0,26,15,63,65,2,145,32,0,32,177
04/28/2005,MLI,IL,AGL,CE,Combined TRACON& Tower with Radar,16,57,34,6,113,0,0,43,0,43,16,57,77,6,156,24,4,28,184
04/29/2005,MLI,IL,AGL,CE,Combined TRACON& Tower with Radar,26,47,40,0,113,0,0,30,0,30,26,47,70,0,143,56,0,56,199
04/30/2005,MLI,IL,AGL,CE,Combined TRACON& Tower with Radar,16,39,16,0,71,0,3,36,0,39,16,42,52,0,110,52,0,52,162
05/01/2005,MLI,IL,AGL,CE,Combined TRACON& Tower with Radar,17,43,19,1,80,0,0,25,0,25,17,43,44,1,105,38,0,38,143
05/02/2005,MLI,IL,AGL,CE,Combined TRACON& Tower with Radar,18,45,28,2,93,0,0,18,0,18,18,45,46,2,111,38,0,38,149
05/03/2005,MLI,IL,AGL,CE,Combined TRACON& Tower with Radar,16,62,52,8,138,0,0,43,1,44,16,62,95,9,182,80,14,94,276
05/04/2005,MLI,IL,AGL,CE,Combined TRACON& Tower with Radar,19,58,38,2,117,0,0,55,0,55,19,58,93,2,172,76,0,76,248
05/05/2005,MLI,IL,AGL,CE,Combined TRACON& Tower with Radar,11,55,39,2,107,0,0,47,0,47,11,55,86,2,154,98,0,98,252
05/06/2005,MLI,IL,AGL,CE,Combined TRACON& Tower with Radar,20,57,35,4,116,0,0,28,0,28,20,57,63,4,144,44,4,48,192
05/07/2005,MLI,IL,AGL,CE,Combined TRACON& Tower with Radar,17,42,10,0,69,0,0,32,0,32,17,42,42,0,101,34,0,34,135
05/08/2005,MLI,IL,AGL,CE,Combined TRACON& Tower with Radar,12,41,14,0,67,0,0,26,0,26,12,41,40,0,93,18,0,18,111
05/09/2005,MLI,IL,AGL,CE,Combined TRACON& Tower with Radar,16,50,44,0,110,0,0,0,0,0,16,50,44,0,110,40,0,40,150
05/10/2005,MLI,IL,AGL,CE,Combined TRACON& Tower with Radar,22,65,26,0,113,0,0,48,0,48,22,65,74,0,161,60,0,60,221
05/11/2005,MLI,IL,AGL,CE,Combined TRACON& Tower with Radar,26,41,24,2,93,2,0,8,0,10,28,41,32,2,103,0,0,0,103
05/12/2005,MLI,IL,AGL,CE,Combined TRACON& Tower with Radar,19,54,37,0,110,0,0,7,0,7,19,54,44,0,117,0,0,0,117
05/13/2005,MLI,IL,AGL,CE,Combined TRACON& Tower with Radar,18,52,36,0,106,0,0,5,0,5,18,52,41,0,111,18,0,18,129
05/14/2005,MLI,IL,AGL,CE,Combined TRACON& Tower with Radar,13,40,4,2,59,1,3,25,0,29,14,43,29,2,88,12,0,12,100
05/15/2005,MLI,IL,AGL,CE,Combined TRACON& Tower with Radar,16,39,25,0,80,0,0,33,0,33,16,39,58,0,113,28,0,28,141
05/16/2005,MLI,IL,AGL,CE,Combined TRACON& Tower with Radar,15,53,37,0,105,0,0,38,5,43,15,53,75,5,148,116,0,116,264
05/17/2005,MLI,IL,AGL,CE,Combined TRACON& Tower with Radar,18,55,30,11,114,0,0,39,0,39,18,55,69,11,153,24,10,34,187
05/18/2005,MLI,IL,AGL,CE,Combined TRACON& Tower with Radar,19,55,33,0,107,0,0,27,0,27,19,55,60,0,134,44,0,44,178
05/19/2005,MLI,IL,AGL,CE,Combined TRACON& Tower with Radar,18,54,32,4,108,0,0,18,2,20,18,54,50,6,128,38,26,64,192
05/20/2005,MLI,IL,AGL,CE,Combined TRACON& Tower with Radar,15,54,38,0,107,0,0,24,0,24,15,54,62,0,131,36,0,36,167
05/21/2005,MLI,IL,AGL,CE,Combined TRACON& Tower with Radar,16,49,21,0,86,0,0,62,0,62,16,49,83,0,148,102,0,102,250
05/22/2005,MLI,IL,AGL,CE,Combined TRACON& Tower with Radar,11,50,25,0,86,0,0,25,0,25,11,50,50,0,111,22,0,22,133
05/23/2005,MLI,IL,AGL,CE,Combined TRACON& Tower with Radar,18,51,26,0,95,0,0,22,2,24,18,51,48,2,119,6,0,6,125
05/24/2005,MLI,IL,AGL,CE,Combined TRACON& Tower with Radar,21,46,30,2,99,0,0,60,1,61,21,46,90,3,160,40,0,40,200
05/25/2005,MLI,IL,AGL,CE,Combined TRACON& Tower with Radar,15,58,24,0,97,0,3,48,0,51,15,61,72,0,148,16,0,16,164
05/26/2005,MLI,IL,AGL,CE,Combined TRACON& Tower with Radar,16,51,46,0,113,0,3,44,0,47,16,54,90,0,160,28,0,28,188
05/27/2005,MLI,IL,AGL,CE,Combined TRACON& Tower with Radar,18,57,29,0,104,0,0,6,0,6,18,57,35,0,110,1,0,1,111
05/28/2005,MLI,IL,AGL,CE,Combined TRACON& Tower with Radar,14,45,14,0,73,0,0,48,0,48,14,45,62,0,121,120,0,120,241
05/29/2005,MLI,IL,AGL,CE,Combined TRACON& Tower with Radar,17,29,6,0,52,0,0,11,0,11,17,29,17,0,63,16,0,16,79
05/30/2005,MLI,IL,AGL,CE,Combined TRACON& Tower with Radar,16,41,20,0,77,0,1,38,0,39,16,42,58,0,116,32,0,32,148
05/31/2005,MLI,IL,AGL,CE,Combined TRACON& Tower with Radar,16,52,28,0,96,0,0,42,0,42,16,52,70,0,138,60,0,60,198
06/01/2005,MLI,IL,AGL,CE,Combined TRACON& Tower with Radar,17,50,45,0,112,0,0,36,0,36,17,50,81,0,148,70,0,70,218
06/02/2005,MLI,IL,AGL,CE,Combined TRACON& Tower with Radar,19,51,24,0,94,0,0,40,0,40,19,51,64,0,134,36,0,36,170
06/03/2005,MLI,IL,AGL,CE,Combined TRACON& Tower with Radar,19,55,43,4,121,0,0,26,0,26,19,55,69,4,147,20,0,20,167
06/04/2005,MLI,IL,AGL,CE,Combined TRACON& Tower with Radar,13,39,16,0,68,0,0,14,0,14,13,39,30,0,82,18,0,18,100
06/05/2005,MLI,IL,AGL,CE,Combined TRACON& Tower with Radar,15,43,16,0,74,0,0,22,0,22,15,43,38,0,96,10,0,10,106
06/06/2005,MLI,IL,AGL,CE,Combined TRACON& Tower with Radar,16,58,24,0,98,0,0,40,0,40,16,58,64,0,138,34,0,34,172
06/07/2005,MLI,IL,AGL,CE,Combined TRACON& Tower with Radar,10,60,22,0,92,0,0,43,0,43,10,60,65,0,135,52,0,52,187
06/08/2005,MLI,IL,AGL,CE,Combined TRACON& Tower with Radar,11,61,17,2,91,0,0,13,0,13,11,61,30,2,104,12,0,12,116
06/09/2005,MLI,IL,AGL,CE,Combined TRACON& Tower with Radar,18,54,23,1,96,0,0,31,1,32,18,54,54,2,128,132,0,132,260
06/10/2005,MLI,IL,AGL,CE,Combined TRACON& Tower with Radar,22,41,25,0,88,0,1,44,0,45,22,42,69,0,133,42,0,42,175
06/11/2005,MLI,IL,AGL,CE,Combined TRACON& Tower with Radar,14,50,9,0,73,0,0,205,0,205,14,50,214,0,278,58,2,60,338
06/12/2005,MLI,IL,AGL,CE,Combined TRACON& Tower with Radar,12,46,17,0,75,0,0,0,0,0,12,46,17,0,75,28,0,28,103
06/13/2005,MLI,IL,AGL,CE,Combined TRACON& Tower with Radar,10,58,14,1,83,0,0,16,0,16,10,58,30,1,99,12,0,12,111
06/14/2005,MLI,IL,AGL,CE,Combined TRACON& Tower with Radar,10,61,37,0,108,0,0,17,0,17,10,61,54,0,125,46,0,46,171
06/15/2005,MLI,IL,AGL,CE,Combined TRACON& Tower with Radar,2,59,51,2,114,20,0,31,0,51,22,59,82,2,165,38,0,38,203
06/16/2005,MLI,IL,AGL,CE,Combined TRACON& Tower with Radar,13,62,28,5,108,0,1,70,22,93,13,63,98,27,201,88,0,88,289
06/17/2005,MLI,IL,AGL,CE,Combined TRACON& Tower with Radar,10,70,29,4,113,0,0,67,0,67,10,70,96,4,180,108,0,108,288
06/18/2005,MLI,IL,AGL,CE,Combined TRACON& Tower with Radar,13,48,18,0,79,0,0,53,0,53,13,48,71,0,132,38,0,38,170
06/19/2005,MLI,IL,AGL,CE,Combined TRACON& Tower with Radar,6,53,10,0,69,0,0,73,0,73,6,53,83,0,142,28,0,28,170
06/20/2005,MLI,IL,AGL,CE,Combined TRACON& Tower with Radar,13,64,23,2,102,0,0,47,0,47,13,64,70,2,149,74,0,74,223
06/21/2005,MLI,IL,AGL,CE,Combined TRACON& Tower with Radar,11,63,36,13,123,0,0,48,0,48,11,63,84,13,171,70,0,70,241
06/22/2005,MLI,IL,AGL,CE,Combined TRACON& Tower with Radar,20,47,60,5,132,0,0,33,0,33,20,47,93,5,165,54,0,54,219
06/23/2005,MLI,IL,AGL,CE,Combined TRACON& Tower with Radar,20,60,41,19,140,0,0,45,2,47,20,60,86,21,187,40,4,44,231
06/24/2005,MLI,IL,AGL,CE,Combined TRACON& Tower with Radar,23,55,37,6,121,0,0,42,10,52,23,55,79,16,173,40,10,50,223
06/25/2005,MLI,IL,AGL,CE,Combined TRACON& Tower with Radar,11,58,19,0,88,0,4,40,2,46,11,62,59,2,134,16,0,16,150
06/26/2005,MLI,IL,AGL,CE,Combined TRACON& Tower with Radar,7,57,20,10,94,0,0,34,4,38,7,57,54,14,132,18,4,22,154
06/27/2005,MLI,IL,AGL,CE,Combined TRACON& Tower with Radar,17,58,38,3,116,0,0,13,1,14,17,58,51,4,130,30,0,30,160
06/28/2005,MLI,IL,AGL,CE,Combined TRACON& Tower with Radar,10,63,34,0,107,0,0,46,0,46,10,63,80,0,153,46,0,46,199
06/29/2005,MLI,IL,AGL,CE,Combined TRACON& Tower with Radar,16,57,47,1,121,0,1,28,0,29,16,58,75,1,150,8,0,8,158
06/30/2005,MLI,IL,AGL,CE,Combined TRACON& Tower with Radar,19,49,33,2,103,0,0,45,0,45,19,49,78,2,148,32,0,32,180
07/01/2005,MLI,IL,AGL,CE,Combined TRACON& Tower with Radar,10,64,33,0,107,0,3,45,0,48,10,67,78,0,155,56,0,56,211
07/02/2005,MLI,IL,AGL,CE,Combined TRACON& Tower with Radar,14,45,15,0,74,0,0,46,0,46,14,45,61,0,120,114,0,114,234
07/03/2005,MLI,IL,AGL,CE,Combined TRACON& Tower with Radar,19,39,11,0,69,0,0,39,0,39,19,39,50,0,108,74,0,74,182
07/04/2005,MLI,IL,AGL,CE,Combined TRACON& Tower with Radar,13,43,24,2,82,0,0,9,0,9,13,43,33,2,91,18,0,18,109
07/05/2005,MLI,IL,AGL,CE,Combined TRACON& Tower with Radar,18,61,49,1,129,0,0,50,0,50,18,61,99,1,179,77,0,77,256
07/06/2005,MLI,IL,AGL,CE,Combined TRACON& Tower with Radar,11,62,51,0,124,0,0,59,0,59,11,62,110,0,183,68,0,68,251
07/07/2005,MLI,IL,AGL,CE,Combined TRACON& Tower with Radar,10,72,49,1,132,0,0,49,0,49,10,72,98,1,181,27,0,27,208
07/08/2005,MLI,IL,AGL,CE,Combined TRACON& Tower with Radar,10,70,55,0,135,0,6,57,0,63,10,76,112,0,198,20,0,20,218
07/09/2005,MLI,IL,AGL,CE,Combined TRACON& Tower with Radar,20,44,25,0,89,0,0,41,0,41,20,44,66,0,130,68,2,70,200
07/10/2005,MLI,IL,AGL,CE,Combined TRACON& Tower with Radar,6,72,26,0,104,0,0,38,0,38,6,72,64,0,142,36,0,36,178
07/11/2005,MLI,IL,AGL,CE,Combined TRACON& Tower with Radar,13,71,20,4,108,0,2,36,0,38,13,73,56,4,146,40,0,40,186
07/12/2005,MLI,IL,AGL,CE,Combined TRACON& Tower with Radar,12,62,24,0,98,1,6,11,0,18,13,68,35,0,116,64,0,64,180
07/13/2005,MLI,IL,AGL,CE,Combined TRACON& Tower with Radar,18,67,44,0,129,1,0,25,0,26,19,67,69,0,155,22,0,22,177
07/14/2005,MLI,IL,AGL,CE,Combined TRACON& Tower with Radar,9,66,20,0,95,0,4,34,0,38,9,70,54,0,133,56,0,56,189
07/15/2005,MLI,IL,AGL,CE,Combined TRACON& Tower with Radar,10,62,26,0,98,0,0,29,0,29,10,62,55,0,127,34,0,34,161
07/16/2005,MLI,IL,AGL,CE,Combined TRACON& Tower with Radar,10,41,19,4,74,2,1,44,0,47,12,42,63,4,121,64,0,64,185
07/17/2005,MLI,IL,AGL,CE,Combined TRACON& Tower with Radar,19,45,15,0,79,0,0,35,0,35,19,45,50,0,114,8,0,8,122
07/18/2005,MLI,IL,AGL,CE,Combined TRACON& Tower with Radar,14,60,34,2,110,0,0,30,0,30,14,60,64,2,140,26,0,26,166
07/19/2005,MLI,IL,AGL,CE,Combined TRACON& Tower with Radar,10,63,42,0,115,0,0,36,0,36,10,63,78,0,151,460,0,460,611
07/20/2005,MLI,IL,AGL,CE,Combined TRACON& Tower with Radar,12,62,26,0,100,0,0,47,0,47,12,62,73,0,147,24,0,24,171
07/21/2005,MLI,IL,AGL,CE,Combined TRACON& Tower with Radar,10,63,37,0,110,0,0,32,0,32,10,63,69,0,142,36,0,36,178
07/22/2005,MLI,IL,AGL,CE,Combined TRACON& Tower with Radar,18,54,33,2,107,0,0,60,0,60,18,54,93,2,167,6,0,6,173
07/23/2005,MLI,IL,AGL,CE,Combined TRACON& Tower with Radar,12,49,25,0,86,0,0,39,0,39,12,49,64,0,125,10,0,10,135
07/24/2005,MLI,IL,AGL,CE,Combined TRACON& Tower with Radar,15,44,16,0,75,0,0,22,0,22,15,44,38,0,97,0,0,0,97
07/25/2005,MLI,IL,AGL,CE,Combined TRACON& Tower with Radar,11,56,21,0,88,0,0,12,0,12,11,56,33,0,100,16,0,16,116
07/26/2005,MLI,IL,AGL,CE,Combined TRACON& Tower with Radar,10,56,19,0,85,7,2,8,0,17,17,58,27,0,102,8,0,8,110
07/27/2005,MLI,IL,AGL,CE,Combined TRACON& Tower with Radar,10,62,27,3,102,0,4,45,0,49,10,66,72,3,151,42,6,48,199
07/28/2005,MLI,IL,AGL,CE,Combined TRACON& Tower with Radar,12,67,27,1,107,0,3,55,1,59,12,70,82,2,166,112,0,112,278
07/29/2005,MLI,IL,AGL,CE,Combined TRACON& Tower with Radar,18,57,41,2,118,3,0,45,0,48,21,57,86,2,166,52,0,52,218
07/30/2005,MLI,IL,AGL,CE,Combined TRACON& Tower with Radar,10,52,31,0,93,0,0,36,0,36,10,52,67,0,129,46,0,46,175
07/31/2005,MLI,IL,AGL,CE,Combined TRACON& Tower with Radar,5,54,15,0,74,0,0,38,0,38,5,54,53,0,112,20,0,20,132
08/01/2005,MLI,IL,AGL,CE,Combined TRACON& Tower with Radar,13,58,37,5,113,0,0,20,2,22,13,58,57,7,135,16,0,16,151
08/02/2005,MLI,IL,AGL,CE,Combined TRACON& Tower with Radar,15,56,28,1,100,0,0,34,0,34,15,56,62,1,134,26,0,26,160
08/03/2005,MLI,IL,AGL,CE,Combined TRACON& Tower with Radar,22,55,38,2,117,0,0,34,1,35,22,55,72,3,152,36,0,36,188
08/04/2005,MLI,IL,AGL,CE,Combined TRACON& Tower with Radar,14,64,39,1,118,0,0,32,0,32,14,64,71,1,150,56,0,56,206
08/05/2005,MLI,IL,AGL,CE,Combined TRACON& Tower with Radar,21,55,23,2,101,0,8,43,0,51,21,63,66,2,152,96,0,96,248
08/06/2005,MLI,IL,AGL,CE,Combined TRACON& Tower with Radar,9,52,36,0,97,0,0,68,0,68,9,52,104,0,165,79,0,79,244
08/07/2005,MLI,IL,AGL,CE,Combined TRACON& Tower with Radar,8,56,29,0,93,0,0,51,0,51,8,56,80,0,144,40,0,40,184
08/08/2005,MLI,IL,AGL,CE,Combined TRACON& Tower with Radar,12,56,41,2,111,0,0,22,0,22,12,56,63,2,133,22,0,22,155
08/09/2005,MLI,IL,AGL,CE,Combined TRACON& Tower with Radar,20,61,34,2,117,0,0,35,0,35,20,61,69,2,152,34,0,34,186
08/10/2005,MLI,IL,AGL,CE,Combined TRACON& Tower with Radar,13,71,33,0,117,0,0,34,2,36,13,71,67,2,153,58,0,58,211
08/11/2005,MLI,IL,AGL,CE,Combined TRACON& Tower with Radar,15,57,22,4,98,0,0,10,0,10,15,57,32,4,108,0,0,0,108
08/12/2005,MLI,IL,AGL,CE,Combined TRACON& Tower with Radar,9,59,49,4,121,0,0,16,0,16,9,59,65,4,137,34,0,34,171
08/13/2005,MLI,IL,AGL,CE,Combined TRACON& Tower with Radar,9,57,10,0,76,0,0,20,0,20,9,57,30,0,96,8,0,8,104
08/14/2005,MLI,IL,AGL,CE,Combined TRACON& Tower with Radar,13,48,19,0,80,0,0,34,0,34,13,48,53,0,114,64,0,64,178
08/15/2005,MLI,IL,AGL,CE,Combined TRACON& Tower with Radar,20,45,31,3,99,0,3,35,0,38,20,48,66,3,137,8,0,8,145
08/16/2005,MLI,IL,AGL,CE,Combined TRACON& Tower with Radar,18,58,32,4,112,1,0,50,3,54,19,58,82,7,166,36,0,36,202
08/17/2005,MLI,IL,AGL,CE,Combined TRACON& Tower with Radar,9,62,47,2,120,0,0,55,2,57,9,62,102,4,177,42,0,42,219
08/18/2005,MLI,IL,AGL,CE,Combined TRACON& Tower with Radar,8,62,22,6,98,0,0,28,0,28,8,62,50,6,126,34,4,38,164
08/19/2005,MLI,IL,AGL,CE,Combined TRACON& Tower with Radar,8,59,33,2,102,0,1,40,0,41,8,60,73,2,143,86,2,88,231
08/20/2005,MLI,IL,AGL,CE,Combined TRACON& Tower with Radar,18,41,24,0,83,0,1,26,0,27,18,42,50,0,110,22,0,22,132
08/21/2005,MLI,IL,AGL,CE,Combined TRACON& Tower with Radar,17,43,22,0,82,0,3,35,0,38,17,46,57,0,120,44,0,44,164
08/22/2005,MLI,IL,AGL,CE,Combined TRACON& Tower with Radar,12,58,21,4,95,0,0,37,0,37,12,58,58,4,132,52,0,52,184
08/23/2005,MLI,IL,AGL,CE,Combined TRACON& Tower with Radar,11,63,30,2,106,0,0,28,0,28,11,63,58,2,134,40,0,40,174
08/24/2005,MLI,IL,AGL,CE,Combined TRACON& Tower with Radar,9,66,19,2,96,0,1,0,2,3,9,67,19,4,99,46,0,46,145
08/25/2005,MLI,IL,AGL,CE,Combined TRACON& Tower with Radar,10,64,27,0,101,0,0,10,0,10,10,64,37,0,111,0,0,0,111
08/26/2005,MLI,IL,AGL,CE,Combined TRACON& Tower with Radar,8,66,33,1,108,0,0,27,0,27,8,66,60,1,135,54,0,54,189
08/27/2005,MLI,IL,AGL,CE,Combined TRACON& Tower with Radar,9,43,16,0,68,0,0,46,0,46,9,43,62,0,114,78,0,78,192
08/28/2005,MLI,IL,AGL,CE,Combined TRACON& Tower with Radar,6,55,6,1,68,0,0,51,0,51,6,55,57,1,119,36,0,36,155
08/29/2005,MLI,IL,AGL,CE,Combined TRACON& Tower with Radar,5,70,27,0,102,0,2,31,0,33,5,72,58,0,135,20,0,20,155
08/30/2005,MLI,IL,AGL,CE,Combined TRACON& Tower with Radar,9,65,18,2,94,0,0,26,0,26,9,65,44,2,120,48,8,56,176
08/31/2005,MLI,IL,AGL,CE,Combined TRACON& Tower with Radar,10,70,45,2,127,0,0,40,0,40,10,70,85,2,167,52,10,62,229
09/01/2005,MLI,IL,AGL,CE,Combined TRACON& Tower with Radar,11,70,41,0,122,0,0,39,0,39,11,70,80,0,161,38,0,38,199
09/02/2005,MLI,IL,AGL,CE,Combined TRACON& Tower with Radar,11,65,32,0,108,0,0,33,0,33,11,65,65,0,141,34,0,34,175
09/03/2005,MLI,IL,AGL,CE,Combined TRACON& Tower with Radar,18,41,19,0,78,0,1,36,0,37,18,42,55,0,115,68,0,68,183
09/04/2005,MLI,IL,AGL,CE,Combined TRACON& Tower with Radar,7,50,8,0,65,0,0,11,0,11,7,50,19,0,76,4,0,4,80
09/05/2005,MLI,IL,AGL,CE,Combined TRACON& Tower with Radar,6,50,9,0,65,0,0,38,0,38,6,50,47,0,103,6,0,6,109
09/06/2005,MLI,IL,AGL,CE,Combined TRACON& Tower with Radar,16,55,34,2,107,0,0,30,0,30,16,55,64,2,137,44,0,44,181
09/07/2005,MLI,IL,AGL,CE,Combined TRACON& Tower with Radar,25,53,26,0,104,0,0,25,0,25,25,53,51,0,129,48,0,48,177
09/08/2005,MLI,IL,AGL,CE,Combined TRACON& Tower with Radar,18,63,25,0,106,0,0,14,0,14,18,63,39,0,120,15,0,15,135
09/09/2005,MLI,IL,AGL,CE,Combined TRACON& Tower with Radar,9,69,20,0,98,0,0,34,0,34,9,69,54,0,132,48,0,48,180
09/10/2005,MLI,IL,AGL,CE,Combined TRACON& Tower with Radar,11,46,10,0,67,0,0,25,0,25,11,46,35,0,92,90,0,90,182
09/11/2005,MLI,IL,AGL,CE,Combined TRACON& Tower with Radar,8,54,20,0,82,0,0,24,0,24,8,54,44,0,106,40,0,40,146
09/12/2005,MLI,IL,AGL,CE,Combined TRACON& Tower with Radar,20,51,23,0,94,0,0,23,0,23,20,51,46,0,117,20,0,20,137
09/13/2005,MLI,IL,AGL,CE,Combined TRACON& Tower with Radar,18,57,25,2,102,0,0,25,0,25,18,57,50,2,127,20,0,20,147
09/14/2005,MLI,IL,AGL,CE,Combined TRACON& Tower with Radar,17,64,26,0,107,0,0,30,0,30,17,64,56,0,137,12,0,12,149
09/15/2005,MLI,IL,AGL,CE,Combined TRACON& Tower with Radar,8,67,46,14,135,0,2,11,2,15,8,69,57,16,150,6,0,6,156
09/16/2005,MLI,IL,AGL,CE,Combined TRACON& Tower with Radar,10,71,24,3,108,0,0,36,0,36,10,71,60,3,144,44,0,44,188
09/17/2005,MLI,IL,AGL,CE,Combined TRACON& Tower with Radar,17,44,17,1,79,0,0,45,2,47,17,44,62,3,126,44,0,44,170
09/18/2005,MLI,IL,AGL,CE,Combined TRACON& Tower with Radar,6,54,19,0,79,0,0,36,0,36,6,54,55,0,115,16,0,16,131
09/19/2005,MLI,IL,AGL,CE,Combined TRACON& Tower with Radar,9,59,25,2,95,0,0,15,0,15,9,59,40,2,110,24,0,24,134
09/20/2005,MLI,IL,AGL,CE,Combined TRACON& Tower with Radar,13,65,24,0,102,0,0,33,0,33,13,65,57,0,135,52,0,52,187
09/21/2005,MLI,IL,AGL,CE,Combined TRACON& Tower with Radar,8,67,33,2,110,0,0,31,0,31,8,67,64,2,141,42,0,42,183
09/22/2005,MLI,IL,AGL,CE,Combined TRACON& Tower with Radar,8,63,38,0,109,0,0,16,0,16,8,63,54,0,125,24,0,24,149
09/23/2005,MLI,IL,AGL,CE,Combined TRACON& Tower with Radar,21,54,46,0,121,0,0,29,0,29,21,54,75,0,150,240,0,240,390
09/24/2005,MLI,IL,AGL,CE,Combined TRACON& Tower with Radar,13,46,24,0,83,0,0,1,0,1,13,46,25,0,84,18,0,18,102
09/25/2005,MLI,IL,AGL,CE,Combined TRACON& Tower with Radar,15,47,33,0,95,0,0,7,0,7,15,47,40,0,102,10,0,10,112
09/26/2005,MLI,IL,AGL,CE,Combined TRACON& Tower with Radar,7,66,53,2,128,0,0,23,0,23,7,66,76,2,151,40,0,40,191
09/27/2005,MLI,IL,AGL,CE,Combined TRACON& Tower with Radar,8,71,39,0,118,0,5,49,0,54,8,76,88,0,172,68,0,68,240
09/28/2005,MLI,IL,AGL,CE,Combined TRACON& Tower with Radar,9,67,41,0,117,0,0,9,0,9,9,67,50,0,126,20,0,20,146
09/29/2005,MLI,IL,AGL,CE,Combined TRACON& Tower with Radar,13,65,37,2,117,0,1,44,0,45,13,66,81,2,162,28,0,28,190
09/30/2005,MLI,IL,AGL,CE,Combined TRACON& Tower with Radar,13,62,28,0,103,0,0,36,0,36,13,62,64,0,139,36,0,36,175
10/01/2005,MLI,IL,AGL,CE,Combined TRACON& Tower with Radar,12,52,18,0,82,0,0,41,0,41,12,52,59,0,123,84,0,84,207
10/02/2005,MLI,IL,AGL,CE,Combined TRACON& Tower with Radar,15,41,25,0,81,0,0,13,0,13,15,41,38,0,94,0,0,0,94
10/03/2005,MLI,IL,AGL,CE,Combined TRACON& Tower with Radar,9,63,18,0,90,0,1,25,0,26,9,64,43,0,116,40,0,40,156
10/04/2005,MLI,IL,AGL,CE,Combined TRACON& Tower with Radar,10,69,25,0,104,0,0,30,0,30,10,69,55,0,134,26,0,26,160
10/05/2005,MLI,IL,AGL,CE,Combined TRACON& Tower with Radar,11,64,28,0,103,0,0,16,1,17,11,64,44,1,120,48,0,48,168
10/06/2005,MLI,IL,AGL,CE,Combined TRACON& Tower with Radar,14,51,29,0,94,0,3,18,0,21,14,54,47,0,115,0,0,0,115
10/07/2005,MLI,IL,AGL,CE,Combined TRACON& Tower with Radar,11,63,32,0,106,0,0,19,0,19,11,63,51,0,125,42,0,42,167
10/08/2005,MLI,IL,AGL,CE,Combined TRACON& Tower with Radar,20,41,16,0,77,0,0,53,0,53,20,41,69,0,130,14,0,14,144
10/09/2005,MLI,IL,AGL,CE,Combined TRACON& Tower with Radar,9,51,20,0,80,0,0,44,0,44,9,51,64,0,124,8,0,8,132
10/10/2005,MLI,IL,AGL,CE,Combined TRACON& Tower with Radar,17,49,26,0,92,0,0,17,0,17,17,49,43,0,109,22,0,22,131
10/11/2005,MLI,IL,AGL,CE,Combined TRACON& Tower with Radar,12,58,23,2,95,0,0,13,0,13,12,58,36,2,108,28,0,28,136
10/12/2005,MLI,IL,AGL,CE,Combined TRACON& Tower with Radar,12,60,30,2,104,0,0,6,0,6,12,60,36,2,110,48,0,48,158
10/13/2005,MLI,IL,AGL,CE,Combined TRACON& Tower with Radar,30,46,38,4,118,0,0,3,0,3,30,46,41,4,121,32,0,32,153
10/14/2005,MLI,IL,AGL,CE,Combined TRACON& Tower with Radar,23,50,35,5,113,0,2,21,0,23,23,52,56,5,136,28,0,28,164
10/15/2005,MLI,IL,AGL,CE,Combined TRACON& Tower with Radar,10,51,11,1,73,0,0,22,0,22,10,51,33,1,95,44,0,44,139
10/16/2005,MLI,IL,AGL,CE,Combined TRACON& Tower with Radar,8,59,23,2,92,0,0,40,0,40,8,59,63,2,132,12,0,12,144
10/17/2005,MLI,IL,AGL,CE,Combined TRACON& Tower with Radar,9,63,26,0,98,0,0,15,0,15,9,63,41,0,113,62,0,62,175
10/18/2005,MLI,IL,AGL,CE,Combined TRACON& Tower with Radar,13,63,36,2,114,0,0,31,0,31,13,63,67,2,145,50,12,62,207
10/19/2005,MLI,IL,AGL,CE,Combined TRACON& Tower with Radar,21,55,31,0,107,0,1,29,0,30,21,56,60,0,137,66,0,66,203
10/20/2005,MLI,IL,AGL,CE,Combined TRACON& Tower with Radar,9,65,35,0,109,0,0,1,0,1,9,65,36,0,110,40,0,40,150
10/21/2005,MLI,IL,AGL,CE,Combined TRACON& Tower with Radar,9,66,26,0,101,0,2,21,0,23,9,68,47,0,124,46,0,46,170
10/22/2005,MLI,IL,AGL,CE,Combined TRACON& Tower with Radar,6,48,27,0,81,0,1,27,0,28,6,49,54,0,109,34,0,34,143
10/23/2005,MLI,IL,AGL,CE,Combined TRACON& Tower with Radar,16,51,18,0,85,0,0,13,0,13,16,51,31,0,98,58,0,58,156
10/24/2005,MLI,IL,AGL,CE,Combined TRACON& Tower with Radar,12,53,22,2,89,0,0,20,0,20,12,53,42,2,109,20,0,20,129
10/25/2005,MLI,IL,AGL,CE,Combined TRACON& Tower with Radar,14,58,27,0,99,0,0,16,0,16,14,58,43,0,115,46,0,46,161
10/26/2005,MLI,IL,AGL,CE,Combined TRACON& Tower with Radar,12,63,44,0,119,0,0,44,0,44,12,63,88,0,163,92,0,92,255
10/27/2005,MLI,IL,AGL,CE,Combined TRACON& Tower with Radar,9,60,37,2,108,0,0,34,0,34,9,60,71,2,142,46,0,46,188
10/28/2005,MLI,IL,AGL,CE,Combined TRACON& Tower with Radar,8,67,25,0,100,0,0,55,0,55,8,67,80,0,155,92,0,92,247
10/29/2005,MLI,IL,AGL,CE,Combined TRACON& Tower with Radar,10,77,11,0,98,0,0,35,0,35,10,77,46,0,133,24,0,24,157
10/30/2005,MLI,IL,AGL,CE,Combined TRACON& Tower with Radar,8,48,29,1,86,0,0,16,0,16,8,48,45,1,102,14,0,14,116
10/31/2005,MLI,IL,AGL,CE,Combined TRACON& Tower with Radar,15,53,22,1,91,0,0,3,0,3,15,53,25,1,94,26,0,26,120
11/01/2005,MLI,IL,AGL,CE,Combined TRACON& Tower with Radar,15,64,22,0,101,0,0,49,0,49,15,64,71,0,150,20,0,20,170
11/02/2005,MLI,IL,AGL,CE,Combined TRACON& Tower with Radar,9,65,30,0,104,0,1,32,0,33,9,66,62,0,137,24,0,24,161
11/03/2005,MLI,IL,AGL,CE,Combined TRACON& Tower with Radar,9,66,38,0,113,0,0,35,0,35,9,66,73,0,148,16,0,16,164
11/04/2005,MLI,IL,AGL,CE,Combined TRACON& Tower with Radar,13,49,36,2,100,0,2,36,0,38,13,51,72,2,138,66,0,66,204
11/05/2005,MLI,IL,AGL,CE,Combined TRACON& Tower with Radar,12,49,29,0,90,0,0,4,0,4,12,49,33,0,94,74,0,74,168
11/06/2005,MLI,IL,AGL,CE,Combined TRACON& Tower with Radar,11,50,20,0,81,0,0,9,0,9,11,50,29,0,90,12,0,12,102
11/07/2005,MLI,IL,AGL,CE,Combined TRACON& Tower with Radar,7,65,44,2,118,0,0,33,0,33,7,65,77,2,151,36,0,36,187
11/08/2005,MLI,IL,AGL,CE,Combined TRACON& Tower with Radar,8,63,33,0,104,0,0,22,0,22,8,63,55,0,126,46,0,46,172
11/09/2005,MLI,IL,AGL,CE,Combined TRACON& Tower with Radar,11,68,24,0,103,0,0,8,0,8,11,68,32,0,111,0,0,0,111
11/10/2005,MLI,IL,AGL,CE,Combined TRACON& Tower with Radar,8,64,33,2,107,0,0,39,0,39,8,64,72,2,146,58,0,58,204
11/11/2005,MLI,IL,AGL,CE,Combined TRACON& Tower with Radar,11,58,26,0,95,0,3,34,0,37,11,61,60,0,132,56,0,56,188
11/12/2005,MLI,IL,AGL,CE,Combined TRACON& Tower with Radar,18,43,10,0,71,0,0,22,0,22,18,43,32,0,93,18,0,18,111
11/13/2005,MLI,IL,AGL,CE,Combined TRACON& Tower with Radar,17,45,11,0,73,0,0,7,0,7,17,45,18,0,80,0,0,0,80
11/14/2005,MLI,IL,AGL,CE,Combined TRACON& Tower with Radar,9,57,38,2,106,0,0,5,0,5,9,57,43,2,111,4,0,4,115
11/15/2005,MLI,IL,AGL,CE,Combined TRACON& Tower with Radar,9,52,9,1,71,0,0,0,0,0,9,52,9,1,71,0,0,0,71
11/16/2005,MLI,IL,AGL,CE,Combined TRACON& Tower with Radar,11,68,22,7,108,0,0,1,0,1,11,68,23,7,109,0,1,1,110
11/17/2005,MLI,IL,AGL,CE,Combined TRACON& Tower with Radar,15,54,33,0,102,0,0,22,0,22,15,54,55,0,124,42,0,42,166
11/18/2005,MLI,IL,AGL,CE,Combined TRACON& Tower with Radar,16,62,50,0,128,0,0,47,0,47,16,62,97,0,175,0,0,0,175
11/19/2005,MLI,IL,AGL,CE,Combined TRACON& Tower with Radar,18,44,12,0,74,0,0,36,0,36,18,44,48,0,110,42,4,46,156
11/20/2005,MLI,IL,AGL,CE,Combined TRACON& Tower with Radar,8,51,26,0,85,0,0,19,0,19,8,51,45,0,104,100,0,100,204
11/21/2005,MLI,IL,AGL,CE,Combined TRACON& Tower with Radar,9,63,35,2,109,0,0,39,0,39,9,63,74,2,148,48,0,48,196
11/22/2005,MLI,IL,AGL,CE,Combined TRACON& Tower with Radar,22,55,42,1,120,0,1,36,1,38,22,56,78,2,158,56,0,56,214
11/23/2005,MLI,IL,AGL,CE,Combined TRACON& Tower with Radar,20,54,32,0,106,0,0,17,0,17,20,54,49,0,123,44,0,44,167
11/24/2005,MLI,IL,AGL,CE,Combined TRACON& Tower with Radar,22,31,4,0,57,0,0,4,0,4,22,31,8,0,61,0,0,0,61
11/25/2005,MLI,IL,AGL,CE,Combined TRACON& Tower with Radar,18,42,9,0,69,0,0,11,0,11,18,42,20,0,80,32,0,32,112
11/26/2005,MLI,IL,AGL,CE,Combined TRACON& Tower with Radar,11,52,16,0,79,0,0,60,0,60,11,52,76,0,139,132,0,132,271
11/27/2005,MLI,IL,AGL,CE,Combined TRACON& Tower with Radar,5,58,28,0,91,0,0,0,0,0,5,58,28,0,91,0,0,0,91
11/28/2005,MLI,IL,AGL,CE,Combined TRACON& Tower with Radar,16,58,10,0,84,0,0,1,0,1,16,58,11,0,85,6,0,6,91
11/29/2005,MLI,IL,AGL,CE,Combined TRACON& Tower with Radar,8,60,32,0,100,0,541,6,0,547,8,601,38,0,647,40,0,40,687
11/30/2005,MLI,IL,AGL,CE,Combined TRACON& Tower with Radar,15,56,21,0,92,0,0,23,0,23,15,56,44,0,115,24,0,24,139
12/01/2005,MLI,IL,AGL,CE,Combined TRACON& Tower with Radar,9,62,17,4,92,0,0,4,0,4,9,62,21,4,96,0,0,0,96
12/02/2005,MLI,IL,AGL,CE,Combined TRACON& Tower with Radar,11,70,16,0,97,0,0,23,0,23,11,70,39,0,120,38,0,38,158
12/03/2005,MLI,IL,AGL,CE,Combined TRACON& Tower with Radar,12,53,9,2,76,0,0,5,0,5,12,53,14,2,81,0,0,0,81
12/04/2005,MLI,IL,AGL,CE,Combined TRACON& Tower with Radar,19,39,22,0,80,0,0,29,0,29,19,39,51,0,109,24,0,24,133
12/05/2005,MLI,IL,AGL,CE,Combined TRACON& Tower with Radar,13,53,31,4,101,0,0,6,0,6,13,53,37,4,107,4,0,4,111
12/06/2005,MLI,IL,AGL,CE,Combined TRACON& Tower with Radar,6,42,25,2,75,0,0,10,0,10,6,42,35,2,85,0,0,0,85
12/07/2005,MLI,IL,AGL,CE,Combined TRACON& Tower with Radar,12,68,30,3,113,0,0,16,0,16,12,68,46,3,129,16,0,16,145
12/08/2005,MLI,IL,AGL,CE,Combined TRACON& Tower with Radar,7,59,17,0,83,0,0,0,0,0,7,59,17,0,83,0,0,0,83
12/09/2005,MLI,IL,AGL,CE,Combined TRACON& Tower with Radar,9,61,28,0,98,0,0,19,0,19,9,61,47,0,117,16,0,16,133
12/10/2005,MLI,IL,AGL,CE,Combined TRACON& Tower with Radar,15,44,2,0,61,0,0,3,0,3,15,44,5,0,64,6,0,6,70
12/11/2005,MLI,IL,AGL,CE,Combined TRACON& Tower with Radar,7,50,12,0,69,0,0,17,0,17,7,50,29,0,86,36,1,37,123
12/12/2005,MLI,IL,AGL,CE,Combined TRACON& Tower with Radar,11,61,29,2,103,0,0,6,0,6,11,61,35,2,109,14,0,14,123
12/13/2005,MLI,IL,AGL,CE,Combined TRACON& Tower with Radar,11,63,34,2,110,0,0,15,18,33,11,63,49,20,143,70,0,70,213
12/14/2005,MLI,IL,AGL,CE,Combined TRACON& Tower with Radar,15,48,9,0,72,0,0,2,0,2,15,48,11,0,74,0,0,0,74
12/15/2005,MLI,IL,AGL,CE,Combined TRACON& Tower with Radar,9,53,38,0,100,0,0,0,0,0,9,53,38,0,100,8,0,8,108
12/16/2005,MLI,IL,AGL,CE,Combined TRACON& Tower with Radar,13,59,27,0,99,0,0,7,0,7,13,59,34,0,106,0,0,0,106
12/17/2005,MLI,IL,AGL,CE,Combined TRACON& Tower with Radar,12,42,10,0,64,0,0,30,0,30,12,42,40,0,94,16,0,16,110
12/18/2005,MLI,IL,AGL,CE,Combined TRACON& Tower with Radar,16,48,12,0,76,0,0,17,0,17,16,48,29,0,93,14,0,14,107
12/19/2005,MLI,IL,AGL,CE,Combined TRACON& Tower with Radar,10,63,43,2,118,0,3,14,0,17,10,66,57,2,135,10,0,10,145
12/20/2005,MLI,IL,AGL,CE,Combined TRACON& Tower with Radar,9,64,40,1,114,0,0,0,9,9,9,64,40,10,123,16,0,16,139
12/21/2005,MLI,IL,AGL,CE,Combined TRACON& Tower with Radar,14,62,36,1,113,0,0,16,0,16,14,62,52,1,129,20,0,20,149
12/22/2005,MLI,IL,AGL,CE,Combined TRACON& Tower with Radar,15,51,24,2,92,0,0,0,0,0,15,51,24,2,92,16,24,40,132
12/23/2005,MLI,IL,AGL,CE,Combined TRACON& Tower with Radar,23,47,18,0,88,0,0,28,0,28,23,47,46,0,116,60,0,60,176
12/24/2005,MLI,IL,AGL,CE,Combined TRACON& Tower with Radar,23,35,3,0,61,0,0,0,0,0,23,35,3,0,61,0,0,0,61
12/25/2005,MLI,IL,AGL,CE,Combined TRACON& Tower with Radar,13,37,2,0,52,0,0,0,0,0,13,37,2,0,52,0,0,0,52
12/26/2005,MLI,IL,AGL,CE,Combined TRACON& Tower with Radar,8,57,22,0,87,0,0,0,0,0,8,57,22,0,87,0,0,0,87
12/27/2005,MLI,IL,AGL,CE,Combined TRACON& Tower with Radar,10,85,20,0,115,0,0,12,3,15,10,85,32,3,130,46,0,46,176
12/28/2005,MLI,IL,AGL,CE,Combined TRACON& Tower with Radar,13,63,19,0,95,0,0,0,0,0,13,63,19,0,95,0,0,0,95
12/29/2005,MLI,IL,AGL,CE,Combined TRACON& Tower with Radar,8,67,26,0,101,0,0,3,0,3,8,67,29,0,104,22,0,22,126
12/30/2005,MLI,IL,AGL,CE,Combined TRACON& Tower with Radar,15,52,29,0,96,0,0,0,0,0,15,52,29,0,96,2,0,2,98
12/31/2005,MLI,IL,AGL,CE,Combined TRACON& Tower with Radar,17,45,12,0,74,0,0,5,0,5,17,45,17,0,79,30,0,30,109
01/01/2006,MLI,IL,AGL,CE,Combined TRACON& Tower with Radar,6,52,20,0,78,0,0,15,0,15,6,52,35,0,93,12,4,16,109
01/02/2006,MLI,IL,AGL,CE,Combined TRACON& Tower with Radar,9,54,23,0,86,0,0,0,0,0,9,54,23,0,86,8,0,8,94
01/03/2006,MLI,IL,AGL,CE,Combined TRACON& Tower with Radar,14,35,32,5,86,0,0,0,0,0,14,35,32,5,86,0,0,0,86
01/04/2006,MLI,IL,AGL,CE,Combined TRACON& Tower with Radar,17,52,33,2,104,0,0,2,0,2,17,52,35,2,106,0,0,0,106
01/05/2006,MLI,IL,AGL,CE,Combined TRACON& Tower with Radar,13,57,29,0,99,0,0,3,0,3,13,57,32,0,102,0,0,0,102
01/06/2006,MLI,IL,AGL,CE,Combined TRACON& Tower with Radar,18,53,48,0,119,0,0,8,0,8,18,53,56,0,127,30,0,30,157
01/07/2006,MLI,IL,AGL,CE,Combined TRACON& Tower with Radar,14,45,16,0,75,0,0,58,0,58,14,45,74,0,133,76,17,93,226
01/08/2006,MLI,IL,AGL,CE,Combined TRACON& Tower with Radar,9,51,21,0,81,0,2,32,0,34,9,53,53,0,115,40,0,40,155
01/09/2006,MLI,IL,AGL,CE,Combined TRACON& Tower with Radar,12,56,26,2,96,0,0,12,0,12,12,56,38,2,108,38,0,38,146
01/10/2006,MLI,IL,AGL,CE,Combined TRACON& Tower with Radar,29,37,23,0,89,0,0,17,0,17,29,37,40,0,106,62,0,62,168
01/11/2006,MLI,IL,AGL,CE,Combined TRACON& Tower with Radar,14,64,26,2,106,0,0,18,0,18,14,64,44,2,124,44,0,44,168
01/12/2006,MLI,IL,AGL,CE,Combined TRACON& Tower with Radar,14,60,22,8,104,0,0,31,3,34,14,60,53,11,138,26,0,26,164
01/13/2006,MLI,IL,AGL,CE,Combined TRACON& Tower with Radar,11,64,17,2,94,0,0,1,0,1,11,64,18,2,95,0,0,0,95
01/14/2006,MLI,IL,AGL,CE,Combined TRACON& Tower with Radar,25,29,15,0,69,0,3,56,0,59,25,32,71,0,128,134,0,134,262
01/15/2006,MLI,IL,AGL,CE,Combined TRACON& Tower with Radar,7,51,12,0,70,0,0,25,0,25,7,51,37,0,95,240,0,240,335
01/16/2006,MLI,IL,AGL,CE,Combined TRACON& Tower with Radar,11,57,22,0,90,1,1,31,0,33,12,58,53,0,123,80,0,80,203
01/17/2006,MLI,IL,AGL,CE,Combined TRACON& Tower with Radar,19,58,31,0,108,0,0,5,2,7,19,58,36,2,115,0,0,0,115
01/18/2006,MLI,IL,AGL,CE,Combined TRACON& Tower with Radar,12,65,29,0,106,0,0,26,0,26,12,65,55,0,132,30,0,30,162
01/19/2006,MLI,IL,AGL,CE,Combined TRACON& Tower with Radar,10,59,33,1,103,0,0,34,1,35,10,59,67,2,138,70,0,70,208
01/20/2006,MLI,IL,AGL,CE,Combined TRACON& Tower with Radar,19,55,37,0,111,0,0,2,0,2,19,55,39,0,113,0,0,0,113
01/21/2006,MLI,IL,AGL,CE,Combined TRACON& Tower with Radar,9,46,22,0,77,0,0,0,0,0,9,46,22,0,77,4,0,4,81
01/22/2006,MLI,IL,AGL,CE,Combined TRACON& Tower with Radar,10,43,21,0,74,0,0,0,0,0,10,43,21,0,74,0,0,0,74
01/23/2006,MLI,IL,AGL,CE,Combined TRACON& Tower with Radar,11,58,38,14,121,0,0,4,0,4,11,58,42,14,125,16,0,16,141
01/24/2006,MLI,IL,AGL,CE,Combined TRACON& Tower with Radar,26,47,20,2,95,0,0,3,0,3,26,47,23,2,98,0,0,0,98
01/25/2006,MLI,IL,AGL,CE,Combined TRACON& Tower with Radar,18,59,29,2,108,0,0,19,0,19,18,59,48,2,127,38,0,38,165
01/26/2006,MLI,IL,AGL,CE,Combined TRACON& Tower with Radar,11,57,30,1,99,0,0,35,0,35,11,57,65,1,134,32,0,32,166
01/27/2006,MLI,IL,AGL,CE,Combined TRACON& Tower with Radar,27,53,27,0,107,0,0,17,0,17,27,53,44,0,124,16,0,16,140
01/28/2006,MLI,IL,AGL,CE,Combined TRACON& Tower with Radar,10,44,5,0,59,0,0,0,0,0,10,44,5,0,59,0,0,0,59
01/29/2006,MLI,IL,AGL,CE,Combined TRACON& Tower with Radar,9,49,19,0,77,0,0,0,0,0,9,49,19,0,77,8,0,8,85
01/30/2006,MLI,IL,AGL,CE,Combined TRACON& Tower with Radar,17,50,28,1,96,0,0,6,0,6,17,50,34,1,102,120,0,120,222
01/31/2006,MLI,IL,AGL,CE,Combined TRACON& Tower with Radar,12,62,46,1,121,0,0,22,0,22,12,62,68,1,143,22,0,22,165
02/01/2006,MLI,IL,AGL,CE,Combined TRACON& Tower with Radar,12,64,23,0,99,0,0,5,0,5,12,64,28,0,104,14,0,14,118
02/02/2006,MLI,IL,AGL,CE,Combined TRACON& Tower with Radar,15,59,26,0,100,0,0,29,0,29,15,59,55,0,129,40,0,40,169
02/03/2006,MLI,IL,AGL,CE,Combined TRACON& Tower with Radar,12,56,27,0,95,0,0,3,0,3,12,56,30,0,98,4,0,4,102
02/04/2006,MLI,IL,AGL,CE,Combined TRACON& Tower with Radar,9,42,17,0,68,0,0,17,0,17,9,42,34,0,85,24,0,24,109
02/05/2006,MLI,IL,AGL,CE,Combined TRACON& Tower with Radar,7,49,6,0,62,0,0,23,0,23,7,49,29,0,85,58,0,58,143
02/06/2006,MLI,IL,AGL,CE,Combined TRACON& Tower with Radar,13,57,32,0,102,0,0,21,0,21,13,57,53,0,123,40,0,40,163
02/07/2006,MLI,IL,AGL,CE,Combined TRACON& Tower with Radar,10,61,30,0,101,0,0,26,1,27,10,61,56,1,128,8,0,8,136
02/08/2006,MLI,IL,AGL,CE,Combined TRACON& Tower with Radar,9,66,29,1,105,0,0,16,1,17,9,66,45,2,122,8,0,8,130
02/09/2006,MLI,IL,AGL,CE,Combined TRACON& Tower with Radar,8,65,28,0,101,0,0,9,2,11,8,65,37,2,112,0,0,0,112
02/10/2006,MLI,IL,AGL,CE,Combined TRACON& Tower with Radar,9,60,24,0,93,1,0,6,0,7,10,60,30,0,100,0,0,0,100
02/11/2006,MLI,IL,AGL,CE,Combined TRACON& Tower with Radar,9,44,14,0,67,0,0,3,0,3,9,44,17,0,70,6,0,6,76
02/12/2006,MLI,IL,AGL,CE,Combined TRACON& Tower with Radar,16,41,11,0,68,0,0,15,0,15,16,41,26,0,83,2,0,2,85
02/13/2006,MLI,IL,AGL,CE,Combined TRACON& Tower with Radar,14,55,23,5,97,0,0,5,1,6,14,55,28,6,103,6,0,6,109
02/14/2006,MLI,IL,AGL,CE,Combined TRACON& Tower with Radar,12,57,23,2,94,0,0,22,0,22,12,57,45,2,116,0,0,0,116
02/15/2006,MLI,IL,AGL,CE,Combined TRACON& Tower with Radar,21,46,28,0,95,0,0,15,0,15,21,46,43,0,110,0,0,0,110
02/16/2006,MLI,IL,AGL,CE,Combined TRACON& Tower with Radar,15,47,8,0,70,0,0,0,0,0,15,47,8,0,70,0,0,0,70
02/17/2006,MLI,IL,AGL,CE,Combined TRACON& Tower with Radar,11,57,36,0,104,0,0,12,0,12,11,57,48,0,116,0,0,0,116
02/18/2006,MLI,IL,AGL,CE,Combined TRACON& Tower with Radar,10,45,3,0,58,0,0,23,0,23,10,45,26,0,81,6,0,6,87
02/19/2006,MLI,IL,AGL,CE,Combined TRACON& Tower with Radar,12,50,10,0,72,0,0,13,0,13,12,50,23,0,85,0,0,0,85
02/20/2006,MLI,IL,AGL,CE,Combined TRACON& Tower with Radar,18,54,26,0,98,0,0,32,0,32,18,54,58,0,130,26,0,26,156
02/21/2006,MLI,IL,AGL,CE,Combined TRACON& Tower with Radar,14,53,36,0,103,0,0,36,0,36,14,53,72,0,139,16,0,16,155
02/22/2006,MLI,IL,AGL,CE,Combined TRACON& Tower with Radar,9,65,32,2,108,0,0,27,0,27,9,65,59,2,135,0,0,0,135
02/23/2006,MLI,IL,AGL,CE,Combined TRACON& Tower with Radar,9,64,28,0,101,0,0,21,2,23,9,64,49,2,124,28,0,28,152
02/24/2006,MLI,IL,AGL,CE,Combined TRACON& Tower with Radar,9,70,22,0,101,0,0,14,0,14,9,70,36,0,115,8,0,8,123
02/25/2006,MLI,IL,AGL,CE,Combined TRACON& Tower with Radar,11,46,13,0,70,0,0,22,0,22,11,46,35,0,92,10,0,10,102
02/26/2006,MLI,IL,AGL,CE,Combined TRACON& Tower with Radar,11,51,25,0,87,0,1,36,0,37,11,52,61,0,124,46,0,46,170
02/27/2006,MLI,IL,AGL,CE,Combined TRACON& Tower with Radar,10,63,22,1,96,0,0,30,1,31,10,63,52,2,127,20,0,20,147
02/28/2006,MLI,IL,AGL,CE,Combined TRACON& Tower with Radar,12,62,34,0,108,0,0,33,0,33,12,62,67,0,141,0,0,0,141
03/01/2006,MLI,IL,AGL,CE,Combined TRACON& Tower with Radar,16,57,28,0,101,0,0,11,0,11,16,57,39,0,112,28,0,28,140
03/02/2006,MLI,IL,AGL,CE,Combined TRACON& Tower with Radar,10,56,27,4,97,0,0,4,0,4,10,56,31,4,101,14,2,16,117
03/03/2006,MLI,IL,AGL,CE,Combined TRACON& Tower with Radar,9,57,32,2,100,1,3,29,0,33,10,60,61,2,133,26,0,26,159
03/04/2006,MLI,IL,AGL,CE,Combined TRACON& Tower with Radar,14,45,25,2,86,0,0,47,0,47,14,45,72,2,133,54,0,54,187
03/05/2006,MLI,IL,AGL,CE,Combined TRACON& Tower with Radar,1,45,7,2,55,0,0,0,0,0,1,45,7,2,55,0,0,0,55
03/06/2006,MLI,IL,AGL,CE,Combined TRACON& Tower with Radar,19,52,25,6,102,0,0,0,0,0,19,52,25,6,102,12,0,12,114
03/07/2006,MLI,IL,AGL,CE,Combined TRACON& Tower with Radar,11,64,14,2,91,0,0,16,0,16,11,64,30,2,107,52,0,52,159
03/08/2006,MLI,IL,AGL,CE,Combined TRACON& Tower with Radar,11,68,32,0,111,0,0,1,0,1,11,68,33,0,112,0,0,0,112
03/09/2006,MLI,IL,AGL,CE,Combined TRACON& Tower with Radar,24,74,26,0,124,0,0,0,0,0,24,74,26,0,124,2,0,2,126
03/10/2006,MLI,IL,AGL,CE,Combined TRACON& Tower with Radar,22,55,37,0,114,0,0,29,0,29,22,55,66,0,143,32,0,32,175
03/11/2006,MLI,IL,AGL,CE,Combined TRACON& Tower with Radar,21,38,17,1,77,0,0,15,0,15,21,38,32,1,92,4,0,4,96
03/12/2006,MLI,IL,AGL,CE,Combined TRACON& Tower with Radar,5,48,7,0,60,0,0,11,0,11,5,48,18,0,71,0,0,0,71
03/13/2006,MLI,IL,AGL,CE,Combined TRACON& Tower with Radar,13,54,15,2,84,0,0,2,0,2,13,54,17,2,86,0,0,0,86
03/14/2006,MLI,IL,AGL,CE,Combined TRACON& Tower with Radar,8,65,31,1,105,0,0,14,0,14,8,65,45,1,119,0,0,0,119
03/15/2006,MLI,IL,AGL,CE,Combined TRACON& Tower with Radar,11,67,35,0,113,0,0,44,1,45,11,67,79,1,158,0,0,0,158
03/16/2006,MLI,IL,AGL,CE,Combined TRACON& Tower with Radar,7,64,16,1,88,0,0,0,0,0,7,64,16,1,88,0,0,0,88
03/17/2006,MLI,IL,AGL,CE,Combined TRACON& Tower with Radar,9,64,33,0,106,0,0,33,0,33,9,64,66,0,139,6,0,6,145
03/18/2006,MLI,IL,AGL,CE,Combined TRACON& Tower with Radar,9,42,25,0,76,0,0,61,0,61,9,42,86,0,137,96,0,96,233
03/19/2006,MLI,IL,AGL,CE,Combined TRACON& Tower with Radar,5,54,25,0,84,0,0,46,0,46,5,54,71,0,130,28,0,28,158
03/20/2006,MLI,IL,AGL,CE,Combined TRACON& Tower with Radar,8,60,37,5,110,0,0,14,0,14,8,60,51,5,124,46,0,46,170
03/21/2006,MLI,IL,AGL,CE,Combined TRACON& Tower with Radar,9,72,5,1,87,0,0,8,0,8,9,72,13,1,95,14,0,14,109
03/22/2006,MLI,IL,AGL,CE,Combined TRACON& Tower with Radar,10,65,24,0,99,0,0,38,0,38,10,65,62,0,137,22,0,22,159
03/23/2006,MLI,IL,AGL,CE,Combined TRACON& Tower with Radar,6,67,20,0,93,0,0,31,0,31,6,67,51,0,124,26,0,26,150
03/24/2006,MLI,IL,AGL,CE,Combined TRACON& Tower with Radar,9,62,24,0,95,0,0,4,0,4,9,62,28,0,99,2,0,2,101
03/25/2006,MLI,IL,AGL,CE,Combined TRACON& Tower with Radar,10,46,16,4,76,0,3,47,0,50,10,49,63,4,126,52,0,52,178
03/26/2006,MLI,IL,AGL,CE,Combined TRACON& Tower with Radar,9,60,22,0,91,0,1,68,0,69,9,61,90,0,160,52,0,52,212
03/27/2006,MLI,IL,AGL,CE,Combined TRACON& Tower with Radar,25,45,21,0,91,0,0,4,0,4,25,45,25,0,95,0,0,0,95
03/28/2006,MLI,IL,AGL,CE,Combined TRACON& Tower with Radar,8,60,31,7,106,0,0,3,0,3,8,60,34,7,109,22,14,36,145
03/29/2006,MLI,IL,AGL,CE,Combined TRACON& Tower with Radar,22,61,36,1,120,0,0,28,0,28,22,61,64,1,148,36,0,36,184
03/30/2006,MLI,IL,AGL,CE,Combined TRACON& Tower with Radar,15,59,35,1,110,0,0,5,1,6,15,59,40,2,116,34,0,34,150
03/31/2006,MLI,IL,AGL,CE,Combined TRACON& Tower with Radar,12,58,28,2,100,0,0,4,0,4,12,58,32,2,104,6,0,6,110
04/01/2006,MLI,IL,AGL,CE,Combined TRACON& Tower with Radar,8,45,24,0,77,0,0,11,0,11,8,45,35,0,88,2,0,2,90
04/02/2006,MLI,IL,AGL,CE,Combined TRACON& Tower with Radar,7,49,11,0,67,0,0,0,0,0,7,49,11,0,67,18,0,18,85
04/03/2006,MLI,IL,AGL,CE,Combined TRACON& Tower with Radar,10,59,15,0,84,0,1,8,0,9,10,60,23,0,93,8,0,8,101
04/04/2006,MLI,IL,AGL,CE,Combined TRACON& Tower with Radar,8,68,23,2,101,0,0,32,0,32,8,68,55,2,133,30,1,31,164
04/05/2006,MLI,IL,AGL,CE,Combined TRACON& Tower with Radar,19,59,47,0,125,0,1,23,0,24,19,60,70,0,149,44,0,44,193
04/06/2006,MLI,IL,AGL,CE,Combined TRACON& Tower with Radar,16,49,8,2,75,0,0,0,0,0,16,49,8,2,75,0,0,0,75
04/07/2006,MLI,IL,AGL,CE,Combined TRACON& Tower with Radar,26,47,37,0,110,0,0,3,0,3,26,47,40,0,113,0,0,0,113
04/08/2006,MLI,IL,AGL,CE,Combined TRACON& Tower with Radar,12,45,23,0,80,0,0,44,0,44,12,45,67,0,124,20,0,20,144
04/09/2006,MLI,IL,AGL,CE,Combined TRACON& Tower with Radar,15,47,8,2,72,0,0,53,0,53,15,47,61,2,125,88,0,88,213
04/10/2006,MLI,IL,AGL,CE,Combined TRACON& Tower with Radar,10,57,27,0,94,0,0,24,0,24,10,57,51,0,118,0,0,0,118
04/11/2006,MLI,IL,AGL,CE,Combined TRACON& Tower with Radar,10,65,32,1,108,0,0,12,4,16,10,65,44,5,124,24,0,24,148
04/12/2006,MLI,IL,AGL,CE,Combined TRACON& Tower with Radar,17,64,36,0,117,0,9,40,0,49,17,73,76,0,166,58,0,58,224
04/13/2006,MLI,IL,AGL,CE,Combined TRACON& Tower with Radar,15,59,19,7,100,0,1,27,0,28,15,60,46,7,128,22,6,28,156
04/14/2006,MLI,IL,AGL,CE,Combined TRACON& Tower with Radar,12,52,25,0,89,0,0,21,0,21,12,52,46,0,110,38,0,38,148
04/15/2006,MLI,IL,AGL,CE,Combined TRACON& Tower with Radar,11,42,9,4,66,0,0,35,0,35,11,42,44,4,101,28,0,28,129
04/16/2006,MLI,IL,AGL,CE,Combined TRACON& Tower with Radar,9,43,14,0,66,0,0,4,0,4,9,43,18,0,70,0,0,0,70
04/17/2006,MLI,IL,AGL,CE,Combined TRACON& Tower with Radar,11,65,31,0,107,0,0,24,0,24,11,65,55,0,131,24,0,24,155
04/18/2006,MLI,IL,AGL,CE,Combined TRACON& Tower with Radar,12,66,38,0,116,0,1,19,0,20,12,67,57,0,136,2,0,2,138
04/19/2006,MLI,IL,AGL,CE,Combined TRACON& Tower with Radar,14,59,26,3,102,0,0,31,0,31,14,59,57,3,133,28,0,28,161
04/20/2006,MLI,IL,AGL,CE,Combined TRACON& Tower with Radar,9,61,18,4,92,0,0,37,0,37,9,61,55,4,129,42,0,42,171
04/21/2006,MLI,IL,AGL,CE,Combined TRACON& Tower with Radar,9,60,32,0,101,0,0,20,0,20,9,60,52,0,121,56,0,56,177
04/22/2006,MLI,IL,AGL,CE,Combined TRACON& Tower with Radar,12,47,17,2,78,0,0,55,2,57,12,47,72,4,135,12,4,16,151
04/23/2006,MLI,IL,AGL,CE,Combined TRACON& Tower with Radar,8,59,27,0,94,0,1,45,0,46,8,60,72,0,140,62,0,62,202
04/24/2006,MLI,IL,AGL,CE,Combined TRACON& Tower with Radar,10,57,31,3,101,0,0,23,1,24,10,57,54,4,125,20,0,20,145
04/25/2006,MLI,IL,AGL,CE,Combined TRACON& Tower with Radar,9,70,28,0,107,0,0,16,0,16,9,70,44,0,123,28,0,28,151
04/26/2006,MLI,IL,AGL,CE,Combined TRACON& Tower with Radar,8,64,38,0,110,0,0,26,0,26,8,64,64,0,136,30,0,30,166
04/27/2006,MLI,IL,AGL,CE,Combined TRACON& Tower with Radar,0,0,0,0,0,9,54,80,0,143,9,54,80,0,143,62,0,62,205
04/28/2006,MLI,IL,AGL,CE,Combined TRACON& Tower with Radar,0,0,0,0,0,9,46,19,0,74,9,46,19,0,74,4,0,4,78
04/29/2006,MLI,IL,AGL,CE,Combined TRACON& Tower with Radar,9,46,12,0,67,0,0,7,0,7,9,46,19,0,74,4,0,4,78
04/30/2006,MLI,IL,AGL,CE,Combined TRACON& Tower with Radar,0,0,0,0,0,6,49,12,0,67,6,49,12,0,67,0,0,0,67
05/01/2006,MLI,IL,AGL,CE,Combined TRACON& Tower with Radar,20,49,43,6,118,0,0,10,0,10,20,49,53,6,128,40,26,66,194
05/02/2006,MLI,IL,AGL,CE,Combined TRACON& Tower with Radar,18,54,38,6,116,0,0,31,0,31,18,54,69,6,147,52,8,60,207
05/03/2006,MLI,IL,AGL,CE,Combined TRACON& Tower with Radar,17,56,36,0,109,0,0,10,0,10,17,56,46,0,119,76,0,76,195
05/04/2006,MLI,IL,AGL,CE,Combined TRACON& Tower with Radar,12,91,27,0,130,0,0,36,0,36,12,91,63,0,166,34,0,34,200
05/05/2006,MLI,IL,AGL,CE,Combined TRACON& Tower with Radar,25,53,34,3,115,0,0,18,1,19,25,53,52,4,134,42,6,48,182
05/06/2006,MLI,IL,AGL,CE,Combined TRACON& Tower with Radar,15,45,12,0,72,0,1,46,1,48,15,46,58,1,120,60,0,60,180
05/07/2006,MLI,IL,AGL,CE,Combined TRACON& Tower with Radar,80,52,16,0,148,0,0,0,0,0,80,52,16,0,148,90,0,90,238
05/08/2006,MLI,IL,AGL,CE,Combined TRACON& Tower with Radar,13,54,20,0,87,0,0,12,0,12,13,54,32,0,99,22,0,22,121
05/09/2006,MLI,IL,AGL,CE,Combined TRACON& Tower with Radar,19,54,24,0,97,0,0,10,0,10,19,54,34,0,107,20,0,20,127
05/10/2006,MLI,IL,AGL,CE,Combined TRACON& Tower with Radar,12,58,33,2,105,0,0,12,0,12,12,58,45,2,117,14,0,14,131
05/11/2006,MLI,IL,AGL,CE,Combined TRACON& Tower with Radar,16,52,22,2,92,0,0,5,0,5,16,52,27,2,97,14,0,14,111
05/12/2006,MLI,IL,AGL,CE,Combined TRACON& Tower with Radar,13,60,14,0,87,0,0,2,0,2,13,60,16,0,89,34,0,34,123
05/13/2006,MLI,IL,AGL,CE,Combined TRACON& Tower with Radar,10,45,26,2,83,0,0,0,0,0,10,45,26,2,83,0,0,0,83
05/14/2006,MLI,IL,AGL,CE,Combined TRACON& Tower with Radar,10,51,20,0,81,0,0,2,0,2,10,51,22,0,83,4,8,12,95
05/15/2006,MLI,IL,AGL,CE,Combined TRACON& Tower with Radar,20,54,53,4,131,0,0,8,0,8,20,54,61,4,139,6,0,6,145
05/16/2006,MLI,IL,AGL,CE,Combined TRACON& Tower with Radar,12,57,47,0,116,0,0,14,0,14,12,57,61,0,130,0,0,0,130
05/17/2006,MLI,IL,AGL,CE,Combined TRACON& Tower with Radar,16,68,43,1,128,0,1,20,3,24,16,69,63,4,152,18,0,18,170
05/18/2006,MLI,IL,AGL,CE,Combined TRACON& Tower with Radar,17,59,38,2,116,0,0,23,1,24,17,59,61,3,140,12,0,12,152
05/19/2006,MLI,IL,AGL,CE,Combined TRACON& Tower with Radar,14,62,33,0,109,0,1,47,0,48,14,63,80,0,157,74,0,74,231
05/20/2006,MLI,IL,AGL,CE,Combined TRACON& Tower with Radar,14,48,14,4,80,0,2,44,0,46,14,50,58,4,126,60,0,60,186
05/21/2006,MLI,IL,AGL,CE,Combined TRACON& Tower with Radar,8,48,22,0,78,0,0,47,0,47,8,48,69,0,125,68,0,68,193
05/22/2006,MLI,IL,AGL,CE,Combined TRACON& Tower with Radar,15,54,25,2,96,0,0,30,0,30,15,54,55,2,126,34,0,34,160
05/23/2006,MLI,IL,AGL,CE,Combined TRACON& Tower with Radar,11,59,24,14,108,0,0,31,0,31,11,59,55,14,139,14,16,30,169
05/24/2006,MLI,IL,AGL,CE,Combined TRACON& Tower with Radar,15,51,26,5,97,0,1,13,0,14,15,52,39,5,111,32,0,32,143
05/25/2006,MLI,IL,AGL,CE,Combined TRACON& Tower with Radar,15,51,33,0,99,0,1,10,0,11,15,52,43,0,110,4,0,4,114
05/26/2006,MLI,IL,AGL,CE,Combined TRACON& Tower with Radar,12,63,29,0,104,0,0,43,0,43,12,63,72,0,147,52,0,52,199
05/27/2006,MLI,IL,AGL,CE,Combined TRACON& Tower with Radar,14,46,26,0,86,0,0,27,0,27,14,46,53,0,113,16,0,16,129
05/28/2006,MLI,IL,AGL,CE,Combined TRACON& Tower with Radar,13,45,13,0,71,0,0,32,0,32,13,45,45,0,103,30,0,30,133
05/29/2006,MLI,IL,AGL,CE,Combined TRACON& Tower with Radar,13,54,16,1,84,0,1,24,0,25,13,55,40,1,109,25,0,25,134
05/30/2006,MLI,IL,AGL,CE,Combined TRACON& Tower with Radar,21,51,16,0,88,0,0,12,0,12,21,51,28,0,100,28,0,28,128
05/31/2006,MLI,IL,AGL,CE,Combined TRACON& Tower with Radar,18,50,29,10,107,0,1,26,5,32,18,51,55,15,139,24,2,26,165
06/01/2006,MLI,IL,AGL,CE,Combined TRACON& Tower with Radar,7,66,33,6,112,0,1,23,11,35,7,67,56,17,147,48,20,68,215
06/02/2006,MLI,IL,AGL,CE,Combined TRACON& Tower with Radar,12,66,32,4,114,0,0,37,2,39,12,66,69,6,153,30,8,38,191
06/03/2006,MLI,IL,AGL,CE,Combined TRACON& Tower with Radar,18,50,28,0,96,0,1,48,8,57,18,51,76,8,153,40,4,44,197
06/04/2006,MLI,IL,AGL,CE,Combined TRACON& Tower with Radar,14,49,28,7,98,0,0,52,11,63,14,49,80,18,161,14,26,40,201
06/05/2006,MLI,IL,AGL,CE,Combined TRACON& Tower with Radar,21,50,22,7,100,0,2,30,0,32,21,52,52,7,132,36,12,48,180
06/06/2006,MLI,IL,AGL,CE,Combined TRACON& Tower with Radar,12,59,24,0,95,0,0,9,0,9,12,59,33,0,104,6,0,6,110
06/07/2006,MLI,IL,AGL,CE,Combined TRACON& Tower with Radar,25,50,41,0,116,0,2,45,0,47,25,52,86,0,163,38,0,38,201
06/08/2006,MLI,IL,AGL,CE,Combined TRACON& Tower with Radar,11,60,0,0,71,0,3,0,99,102,11,63,0,99,173,54,0,54,227
06/09/2006,MLI,IL,AGL,CE,Combined TRACON& Tower with Radar,10,62,32,2,106,0,1,20,0,21,10,63,52,2,127,12,0,12,139
06/10/2006,MLI,IL,AGL,CE,Combined TRACON& Tower with Radar,10,53,9,0,72,0,0,2,0,2,10,53,11,0,74,2,0,2,76
06/11/2006,MLI,IL,AGL,CE,Combined TRACON& Tower with Radar,6,50,31,0,87,0,0,21,0,21,6,50,52,0,108,36,0,36,144
06/12/2006,MLI,IL,AGL,CE,Combined TRACON& Tower with Radar,8,61,28,0,97,0,0,35,0,35,8,61,63,0,132,20,0,20,152
06/13/2006,MLI,IL,AGL,CE,Combined TRACON& Tower with Radar,8,60,28,0,96,0,0,34,0,34,8,60,62,0,130,26,0,26,156
06/14/2006,MLI,IL,AGL,CE,Combined TRACON& Tower with Radar,8,67,25,0,100,0,0,18,0,18,8,67,43,0,118,26,0,26,144
06/15/2006,MLI,IL,AGL,CE,Combined TRACON& Tower with Radar,8,67,36,2,113,0,0,34,0,34,8,67,70,2,147,30,0,30,177
06/16/2006,MLI,IL,AGL,CE,Combined TRACON& Tower with Radar,12,59,33,0,104,0,0,37,0,37,12,59,70,0,141,4,0,4,145
06/17/2006,MLI,IL,AGL,CE,Combined TRACON& Tower with Radar,21,40,13,0,74,0,0,15,0,15,21,40,28,0,89,24,0,24,113
06/18/2006,MLI,IL,AGL,CE,Combined TRACON& Tower with Radar,9,57,23,0,89,0,0,15,0,15,9,57,38,0,104,12,0,12,116
06/19/2006,MLI,IL,AGL,CE,Combined TRACON& Tower with Radar,15,50,20,2,87,0,0,25,0,25,15,50,45,2,112,20,0,20,132
06/20/2006,MLI,IL,AGL,CE,Combined TRACON& Tower with Radar,6,63,36,0,105,0,0,14,0,14,6,63,50,0,119,30,0,30,149
06/21/2006,MLI,IL,AGL,CE,Combined TRACON& Tower with Radar,9,58,22,0,89,0,0,12,0,12,9,58,34,0,101,0,0,0,101
06/22/2006,MLI,IL,AGL,CE,Combined TRACON& Tower with Radar,8,59,28,4,99,0,0,8,0,8,8,59,36,4,107,34,16,50,157
06/23/2006,MLI,IL,AGL,CE,Combined TRACON& Tower with Radar,20,57,44,1,122,1,2,42,1,46,21,59,86,2,168,32,0,32,200
06/24/2006,MLI,IL,AGL,CE,Combined TRACON& Tower with Radar,15,41,21,0,77,0,0,31,0,31,15,41,52,0,108,0,0,0,108
06/25/2006,MLI,IL,AGL,CE,Combined TRACON& Tower with Radar,6,49,22,0,77,0,0,16,0,16,6,49,38,0,93,6,0,6,99
06/26/2006,MLI,IL,AGL,CE,Combined TRACON& Tower with Radar,18,45,24,2,89,0,0,8,0,8,18,45,32,2,97,12,0,12,109
06/27/2006,MLI,IL,AGL,CE,Combined TRACON& Tower with Radar,7,57,46,0,110,0,0,17,0,17,7,57,63,0,127,64,0,64,191
06/28/2006,MLI,IL,AGL,CE,Combined TRACON& Tower with Radar,11,60,27,2,100,0,0,28,2,30,11,60,55,4,130,8,0,8,138
06/29/2006,MLI,IL,AGL,CE,Combined TRACON& Tower with Radar,10,69,49,4,132,0,7,57,0,64,10,76,106,4,196,30,0,30,226
06/30/2006,MLI,IL,AGL,CE,Combined TRACON& Tower with Radar,20,54,39,0,113,0,0,47,0,47,20,54,86,0,160,12,0,12,172
07/01/2006,MLI,IL,AGL,CE,Combined TRACON& Tower with Radar,15,48,21,1,85,0,0,30,0,30,15,48,51,1,115,32,0,32,147
07/02/2006,MLI,IL,AGL,CE,Combined TRACON& Tower with Radar,9,52,8,0,69,0,0,21,0,21,9,52,29,0,90,18,0,18,108
07/03/2006,MLI,IL,AGL,CE,Combined TRACON& Tower with Radar,16,47,21,0,84,0,0,5,0,5,16,47,26,0,89,0,0,0,89
07/04/2006,MLI,IL,AGL,CE,Combined TRACON& Tower with Radar,5,53,4,0,62,0,0,31,0,31,5,53,35,0,93,20,0,20,113
07/05/2006,MLI,IL,AGL,CE,Combined TRACON& Tower with Radar,9,62,24,0,95,0,0,42,0,42,9,62,66,0,137,33,0,33,170
07/06/2006,MLI,IL,AGL,CE,Combined TRACON& Tower with Radar,23,49,23,0,95,0,7,37,0,44,23,56,60,0,139,104,0,104,243
07/07/2006,MLI,IL,AGL,CE,Combined TRACON& Tower with Radar,13,60,31,0,104,0,1,31,0,32,13,61,62,0,136,16,0,16,152
07/08/2006,MLI,IL,AGL,CE,Combined TRACON& Tower with Radar,18,49,23,1,91,0,0,51,0,51,18,49,74,1,142,18,24,42,184
07/09/2006,MLI,IL,AGL,CE,Combined TRACON& Tower with Radar,14,46,13,1,74,0,0,17,1,18,14,46,30,2,92,6,4,10,102
07/10/2006,MLI,IL,AGL,CE,Combined TRACON& Tower with Radar,9,69,43,7,128,0,0,13,0,13,9,69,56,7,141,18,0,18,159
07/11/2006,MLI,IL,AGL,CE,Combined TRACON& Tower with Radar,9,67,27,0,103,0,0,0,0,0,9,67,27,0,103,18,0,18,121
07/12/2006,MLI,IL,AGL,CE,Combined TRACON& Tower with Radar,20,60,43,5,128,0,1,8,0,9,20,61,51,5,137,0,0,0,137
07/13/2006,MLI,IL,AGL,CE,Combined TRACON& Tower with Radar,12,68,55,0,135,0,0,11,0,11,12,68,66,0,146,24,0,24,170
07/14/2006,MLI,IL,AGL,CE,Combined TRACON& Tower with Radar,10,71,48,1,130,0,0,22,0,22,10,71,70,1,152,6,0,6,158
07/15/2006,MLI,IL,AGL,CE,Combined TRACON& Tower with Radar,21,46,14,0,81,0,0,24,0,24,21,46,38,0,105,44,0,44,149
07/16/2006,MLI,IL,AGL,CE,Combined TRACON& Tower with Radar,10,66,36,1,113,0,6,29,0,35,10,72,65,1,148,8,0,8,156
07/17/2006,MLI,IL,AGL,CE,Combined TRACON& Tower with Radar,10,61,17,5,93,0,0,14,0,14,10,61,31,5,107,0,0,0,107
07/18/2006,MLI,IL,AGL,CE,Combined TRACON& Tower with Radar,10,71,22,0,103,0,0,29,0,29,10,71,51,0,132,28,0,28,160
07/19/2006,MLI,IL,AGL,CE,Combined TRACON& Tower with Radar,10,67,27,6,110,0,1,11,1,13,10,68,38,7,123,8,0,8,131
07/20/2006,MLI,IL,AGL,CE,Combined TRACON& Tower with Radar,13,55,31,10,109,0,0,21,2,23,13,55,52,12,132,8,8,16,148
07/21/2006,MLI,IL,AGL,CE,Combined TRACON& Tower with Radar,10,65,39,2,116,0,0,4,2,6,10,65,43,4,122,0,0,0,122
07/22/2006,MLI,IL,AGL,CE,Combined TRACON& Tower with Radar,26,42,24,0,92,0,2,42,0,44,26,44,66,0,136,38,0,38,174
07/23/2006,MLI,IL,AGL,CE,Combined TRACON& Tower with Radar,8,58,29,0,95,0,0,43,0,43,8,58,72,0,138,40,0,40,178
07/24/2006,MLI,IL,AGL,CE,Combined TRACON& Tower with Radar,10,56,40,0,106,0,0,17,0,17,10,56,57,0,123,0,0,0,123
07/25/2006,MLI,IL,AGL,CE,Combined TRACON& Tower with Radar,14,55,27,0,96,0,0,24,0,24,14,55,51,0,120,8,0,8,128
07/26/2006,MLI,IL,AGL,CE,Combined TRACON& Tower with Radar,13,64,30,0,107,0,0,26,0,26,13,64,56,0,133,18,0,18,151
07/27/2006,MLI,IL,AGL,CE,Combined TRACON& Tower with Radar,9,66,35,0,110,0,0,21,0,21,9,66,56,0,131,30,0,30,161
07/28/2006,MLI,IL,AGL,CE,Combined TRACON& Tower with Radar,10,61,24,2,97,0,0,28,0,28,10,61,52,2,125,6,0,6,131
07/29/2006,MLI,IL,AGL,CE,Combined TRACON& Tower with Radar,13,47,20,0,80,0,2,35,0,37,13,49,55,0,117,26,0,26,143
07/30/2006,MLI,IL,AGL,CE,Combined TRACON& Tower with Radar,8,55,18,1,82,0,0,26,0,26,8,55,44,1,108,8,0,8,116
07/31/2006,MLI,IL,AGL,CE,Combined TRACON& Tower with Radar,11,64,28,1,104,0,0,18,0,18,11,64,46,1,122,22,0,22,144
08/01/2006,MLI,IL,AGL,CE,Combined TRACON& Tower with Radar,15,59,26,0,100,0,0,22,0,22,15,59,48,0,122,18,0,18,140
08/02/2006,MLI,IL,AGL,CE,Combined TRACON& Tower with Radar,21,48,27,2,98,0,0,15,0,15,21,48,42,2,113,4,0,4,117
08/03/2006,MLI,IL,AGL,CE,Combined TRACON& Tower with Radar,11,59,32,1,103,0,2,18,0,20,11,61,50,1,123,38,0,38,161
08/04/2006,MLI,IL,AGL,CE,Combined TRACON& Tower with Radar,14,61,29,0,104,0,3,45,0,48,14,64,74,0,152,14,0,14,166
08/05/2006,MLI,IL,AGL,CE,Combined TRACON& Tower with Radar,9,49,10,2,70,0,0,47,0,47,9,49,57,2,117,34,0,34,151
08/06/2006,MLI,IL,AGL,CE,Combined TRACON& Tower with Radar,5,54,27,0,86,0,0,20,0,20,5,54,47,0,106,8,0,8,114
08/07/2006,MLI,IL,AGL,CE,Combined TRACON& Tower with Radar,8,64,21,2,95,0,1,17,1,19,8,65,38,3,114,50,0,50,164
08/08/2006,MLI,IL,AGL,CE,Combined TRACON& Tower with Radar,7,65,23,1,96,0,0,21,1,22,7,65,44,2,118,20,2,22,140
08/09/2006,MLI,IL,AGL,CE,Combined TRACON& Tower with Radar,11,61,34,0,106,0,0,15,0,15,11,61,49,0,121,34,0,34,155
08/10/2006,MLI,IL,AGL,CE,Combined TRACON& Tower with Radar,11,54,33,0,98,0,0,9,0,9,11,54,42,0,107,0,4,4,111
08/11/2006,MLI,IL,AGL,CE,Combined TRACON& Tower with Radar,8,60,31,0,99,0,0,11,0,11,8,60,42,0,110,34,0,34,144
08/12/2006,MLI,IL,AGL,CE,Combined TRACON& Tower with Radar,9,55,9,0,73,0,0,24,0,24,9,55,33,0,97,8,0,8,105
08/13/2006,MLI,IL,AGL,CE,Combined TRACON& Tower with Radar,7,56,24,0,87,0,0,24,2,26,7,56,48,2,113,56,0,56,169
08/14/2006,MLI,IL,AGL,CE,Combined TRACON& Tower with Radar,9,59,36,2,106,0,0,15,0,15,9,59,51,2,121,46,0,46,167
08/15/2006,MLI,IL,AGL,CE,Combined TRACON& Tower with Radar,15,57,38,1,111,0,1,54,0,55,15,58,92,1,166,34,0,34,200
08/16/2006,MLI,IL,AGL,CE,Combined TRACON& Tower with Radar,8,69,37,3,117,0,0,37,0,37,8,69,74,3,154,76,0,76,230
08/17/2006,MLI,IL,AGL,CE,Combined TRACON& Tower with Radar,9,68,29,0,106,0,0,0,0,0,9,68,29,0,106,0,0,0,106
08/18/2006,MLI,IL,AGL,CE,Combined TRACON& Tower with Radar,20,50,19,2,91,0,0,0,0,0,20,50,19,2,91,8,0,8,99
08/19/2006,MLI,IL,AGL,CE,Combined TRACON& Tower with Radar,9,50,38,0,97,0,0,4,0,4,9,50,42,0,101,12,0,12,113
08/20/2006,MLI,IL,AGL,CE,Combined TRACON& Tower with Radar,12,45,10,4,71,0,0,41,0,41,12,45,51,4,112,12,0,12,124
08/21/2006,MLI,IL,AGL,CE,Combined TRACON& Tower with Radar,10,60,14,0,84,0,0,31,0,31,10,60,45,0,115,18,0,18,133
08/22/2006,MLI,IL,AGL,CE,Combined TRACON& Tower with Radar,13,53,44,1,111,1,4,32,0,37,14,57,76,1,148,47,0,47,195
08/23/2006,MLI,IL,AGL,CE,Combined TRACON& Tower with Radar,8,78,38,0,124,0,0,18,0,18,8,78,56,0,142,40,0,40,182
08/24/2006,MLI,IL,AGL,CE,Combined TRACON& Tower with Radar,16,55,33,2,106,0,0,0,0,0,16,55,33,2,106,14,0,14,120
08/25/2006,MLI,IL,AGL,CE,Combined TRACON& Tower with Radar,9,59,28,2,98,0,0,23,0,23,9,59,51,2,121,20,0,20,141
08/26/2006,MLI,IL,AGL,CE,Combined TRACON& Tower with Radar,9,47,16,0,72,0,0,0,0,0,9,47,16,0,72,8,0,8,80
08/27/2006,MLI,IL,AGL,CE,Combined TRACON& Tower with Radar,10,48,32,0,90,0,0,2,0,2,10,48,34,0,92,10,0,10,102
08/28/2006,MLI,IL,AGL,CE,Combined TRACON& Tower with Radar,13,50,26,0,89,0,0,0,0,0,13,50,26,0,89,0,0,0,89
08/29/2006,MLI,IL,AGL,CE,Combined TRACON& Tower with Radar,8,73,18,0,99,0,0,9,0,9,8,73,27,0,108,26,0,26,134
08/30/2006,MLI,IL,AGL,CE,Combined TRACON& Tower with Radar,20,55,50,1,126,0,0,29,1,30,20,55,79,2,156,34,0,34,190
08/31/2006,MLI,IL,AGL,CE,Combined TRACON& Tower with Radar,21,50,42,1,114,0,4,27,0,31,21,54,69,1,145,14,2,16,161
09/01/2006,MLI,IL,AGL,CE,Combined TRACON& Tower with Radar,8,63,35,2,108,0,0,28,0,28,8,63,63,2,136,24,0,24,160
09/02/2006,MLI,IL,AGL,CE,Combined TRACON& Tower with Radar,9,49,13,0,71,0,0,27,0,27,9,49,40,0,98,56,0,56,154
09/03/2006,MLI,IL,AGL,CE,Combined TRACON& Tower with Radar,16,38,11,0,65,0,0,3,0,3,16,38,14,0,68,0,0,0,68
09/04/2006,MLI,IL,AGL,CE,Combined TRACON& Tower with Radar,16,49,26,0,91,0,0,12,0,12,16,49,38,0,103,28,0,28,131
09/05/2006,MLI,IL,AGL,CE,Combined TRACON& Tower with Radar,8,59,25,3,95,0,0,23,0,23,8,59,48,3,118,16,10,26,144
09/06/2006,MLI,IL,AGL,CE,Combined TRACON& Tower with Radar,9,69,24,0,102,0,0,44,0,44,9,69,68,0,146,44,0,44,190
09/07/2006,MLI,IL,AGL,CE,Combined TRACON& Tower with Radar,10,73,48,0,131,0,0,41,0,41,10,73,89,0,172,72,0,72,244
09/08/2006,MLI,IL,AGL,CE,Combined TRACON& Tower with Radar,12,64,33,0,109,0,4,50,0,54,12,68,83,0,163,58,0,58,221
09/09/2006,MLI,IL,AGL,CE,Combined TRACON& Tower with Radar,26,52,19,0,97,0,5,13,0,18,26,57,32,0,115,32,0,32,147
09/10/2006,MLI,IL,AGL,CE,Combined TRACON& Tower with Radar,9,60,43,0,112,0,0,0,0,0,9,60,43,0,112,22,0,22,134
09/11/2006,MLI,IL,AGL,CE,Combined TRACON& Tower with Radar,18,45,25,2,90,0,0,3,0,3,18,45,28,2,93,0,0,0,93
09/12/2006,MLI,IL,AGL,CE,Combined TRACON& Tower with Radar,10,53,42,0,105,0,0,1,0,1,10,53,43,0,106,0,0,0,106
09/13/2006,MLI,IL,AGL,CE,Combined TRACON& Tower with Radar,18,54,35,3,110,0,0,11,2,13,18,54,46,5,123,14,0,14,137
09/14/2006,MLI,IL,AGL,CE,Combined TRACON& Tower with Radar,13,68,36,0,117,0,0,24,0,24,13,68,60,0,141,26,0,26,167
09/15/2006,MLI,IL,AGL,CE,Combined TRACON& Tower with Radar,13,87,33,1,134,0,0,21,0,21,13,87,54,1,155,24,0,24,179
09/16/2006,MLI,IL,AGL,CE,Combined TRACON& Tower with Radar,25,36,7,0,68,0,0,26,0,26,25,36,33,0,94,4,0,4,98
09/17/2006,MLI,IL,AGL,CE,Combined TRACON& Tower with Radar,17,41,10,0,68,0,0,6,0,6,17,41,16,0,74,28,0,28,102
09/18/2006,MLI,IL,AGL,CE,Combined TRACON& Tower with Radar,14,59,32,2,107,0,0,25,0,25,14,59,57,2,132,20,0,20,152
09/19/2006,MLI,IL,AGL,CE,Combined TRACON& Tower with Radar,22,48,39,2,111,0,0,11,0,11,22,48,50,2,122,14,0,14,136
09/20/2006,MLI,IL,AGL,CE,Combined TRACON& Tower with Radar,11,67,23,6,107,0,2,30,0,32,11,69,53,6,139,48,0,48,187
09/21/2006,MLI,IL,AGL,CE,Combined TRACON& Tower with Radar,10,69,32,1,112,0,0,18,0,18,10,69,50,1,130,20,0,20,150
09/22/2006,MLI,IL,AGL,CE,Combined TRACON& Tower with Radar,15,53,23,5,96,0,0,5,0,5,15,53,28,5,101,16,0,16,117
09/23/2006,MLI,IL,AGL,CE,Combined TRACON& Tower with Radar,26,33,14,0,73,0,0,11,0,11,26,33,25,0,84,48,0,48,132
09/24/2006,MLI,IL,AGL,CE,Combined TRACON& Tower with Radar,13,50,16,0,79,0,0,16,0,16,13,50,32,0,95,10,0,10,105
09/25/2006,MLI,IL,AGL,CE,Combined TRACON& Tower with Radar,11,59,33,4,107,0,0,25,0,25,11,59,58,4,132,24,0,24,156
09/26/2006,MLI,IL,AGL,CE,Combined TRACON& Tower with Radar,18,59,26,2,105,0,0,52,0,52,18,59,78,2,157,44,0,44,201
09/27/2006,MLI,IL,AGL,CE,Combined TRACON& Tower with Radar,12,62,26,6,106,0,0,21,0,21,12,62,47,6,127,32,0,32,159
09/28/2006,MLI,IL,AGL,CE,Combined TRACON& Tower with Radar,9,63,33,1,106,0,0,25,0,25,9,63,58,1,131,26,0,26,157
09/29/2006,MLI,IL,AGL,CE,Combined TRACON& Tower with Radar,18,56,35,1,110,0,0,37,0,37,18,56,72,1,147,28,0,28,175
09/30/2006,MLI,IL,AGL,CE,Combined TRACON& Tower with Radar,27,36,18,1,82,0,0,45,2,47,27,36,63,3,129,26,0,26,155
10/01/2006,MLI,IL,AGL,CE,Combined TRACON& Tower with Radar,22,42,21,0,85,0,0,33,0,33,22,42,54,0,118,16,0,16,134
10/02/2006,MLI,IL,AGL,CE,Combined TRACON& Tower with Radar,14,50,19,2,85,0,0,25,0,25,14,50,44,2,110,92,0,92,202
10/03/2006,MLI,IL,AGL,CE,Combined TRACON& Tower with Radar,22,51,23,0,96,0,0,29,0,29,22,51,52,0,125,12,14,26,151
10/04/2006,MLI,IL,AGL,CE,Combined TRACON& Tower with Radar,13,48,17,0,78,0,0,5,0,5,13,48,22,0,83,0,0,0,83
10/05/2006,MLI,IL,AGL,CE,Combined TRACON& Tower with Radar,11,53,24,0,88,0,0,27,0,27,11,53,51,0,115,68,0,68,183
10/06/2006,MLI,IL,AGL,CE,Combined TRACON& Tower with Radar,9,52,27,0,88,1,9,28,0,38,10,61,55,0,126,22,0,22,148
10/07/2006,MLI,IL,AGL,CE,Combined TRACON& Tower with Radar,21,41,20,0,82,0,0,42,0,42,21,41,62,0,124,22,0,22,146
10/08/2006,MLI,IL,AGL,CE,Combined TRACON& Tower with Radar,15,43,16,0,74,0,0,36,0,36,15,43,52,0,110,28,0,28,138
10/09/2006,MLI,IL,AGL,CE,Combined TRACON& Tower with Radar,19,50,50,0,119,0,0,0,0,0,19,50,50,0,119,22,0,22,141
10/10/2006,MLI,IL,AGL,CE,Combined TRACON& Tower with Radar,13,61,28,0,102,0,0,12,0,12,13,61,40,0,114,26,0,26,140
10/11/2006,MLI,IL,AGL,CE,Combined TRACON& Tower with Radar,12,62,37,0,111,0,0,6,0,6,12,62,43,0,117,0,0,0,117
10/12/2006,MLI,IL,AGL,CE,Combined TRACON& Tower with Radar,21,42,20,0,83,0,0,7,0,7,21,42,27,0,90,0,0,0,90
10/13/2006,MLI,IL,AGL,CE,Combined TRACON& Tower with Radar,16,53,34,0,103,0,0,16,0,16,16,53,50,0,119,12,0,12,131
10/14/2006,MLI,IL,AGL,CE,Combined TRACON& Tower with Radar,12,59,22,0,93,0,0,111,0,111,12,59,133,0,204,16,0,16,220
10/15/2006,MLI,IL,AGL,CE,Combined TRACON& Tower with Radar,18,43,29,0,90,0,0,22,0,22,18,43,51,0,112,28,0,28,140
10/16/2006,MLI,IL,AGL,CE,Combined TRACON& Tower with Radar,10,50,32,9,101,0,0,12,0,12,10,50,44,9,113,0,0,0,113
10/17/2006,MLI,IL,AGL,CE,Combined TRACON& Tower with Radar,10,62,38,0,110,0,0,0,0,0,10,62,38,0,110,2,0,2,112
10/18/2006,MLI,IL,AGL,CE,Combined TRACON& Tower with Radar,19,51,28,4,102,0,0,3,0,3,19,51,31,4,105,0,0,0,105
10/19/2006,MLI,IL,AGL,CE,Combined TRACON& Tower with Radar,15,65,42,2,124,0,0,24,0,24,15,65,66,2,148,26,2,28,176
10/20/2006,MLI,IL,AGL,CE,Combined TRACON& Tower with Radar,24,48,42,0,114,0,2,44,0,46,24,50,86,0,160,14,0,14,174
10/21/2006,MLI,IL,AGL,CE,Combined TRACON& Tower with Radar,17,48,23,0,88,0,1,11,0,12,17,49,34,0,100,16,0,16,116
10/22/2006,MLI,IL,AGL,CE,Combined TRACON& Tower with Radar,23,39,16,0,78,0,0,6,0,6,23,39,22,0,84,10,0,10,94
10/23/2006,MLI,IL,AGL,CE,Combined TRACON& Tower with Radar,10,58,28,0,96,0,0,20,1,21,10,58,48,1,117,8,0,8,125
10/24/2006,MLI,IL,AGL,CE,Combined TRACON& Tower with Radar,13,56,31,0,100,0,0,45,1,46,13,56,76,1,146,38,0,38,184
10/25/2006,MLI,IL,AGL,CE,Combined TRACON& Tower with Radar,21,51,27,0,99,0,0,22,0,22,21,51,49,0,121,84,0,84,205
10/26/2006,MLI,IL,AGL,CE,Combined TRACON& Tower with Radar,18,48,27,3,96,0,0,0,0,0,18,48,27,3,96,8,0,8,104
10/27/2006,MLI,IL,AGL,CE,Combined TRACON& Tower with Radar,7,59,26,0,92,0,0,2,0,2,7,59,28,0,94,0,0,0,94
10/28/2006,MLI,IL,AGL,CE,Combined TRACON& Tower with Radar,21,36,5,0,62,0,0,14,0,14,21,36,19,0,76,44,0,44,120
10/29/2006,MLI,IL,AGL,CE,Combined TRACON& Tower with Radar,21,43,28,0,92,0,0,60,0,60,21,43,88,0,152,64,0,64,216
10/30/2006,MLI,IL,AGL,CE,Combined TRACON& Tower with Radar,11,56,21,0,88,0,1,18,0,19,11,57,39,0,107,8,0,8,115
10/31/2006,MLI,IL,AGL,CE,Combined TRACON& Tower with Radar,19,55,28,0,102,0,1,27,0,28,19,56,55,0,130,2,0,2,132
11/01/2006,MLI,IL,AGL,CE,Combined TRACON& Tower with Radar,23,46,31,0,100,0,0,33,0,33,23,46,64,0,133,16,0,16,149
11/02/2006,MLI,IL,AGL,CE,Combined TRACON& Tower with Radar,17,49,31,0,97,0,1,29,0,30,17,50,60,0,127,41,0,41,168
11/03/2006,MLI,IL,AGL,CE,Combined TRACON& Tower with Radar,18,51,43,0,112,0,0,44,0,44,18,51,87,0,156,12,0,12,168
11/04/2006,MLI,IL,AGL,CE,Combined TRACON& Tower with Radar,21,39,15,0,75,0,0,19,0,19,21,39,34,0,94,0,0,0,94
11/05/2006,MLI,IL,AGL,CE,Combined TRACON& Tower with Radar,0,0,0,0,0,12,52,57,0,121,12,52,57,0,121,98,0,98,219
11/06/2006,MLI,IL,AGL,CE,Combined TRACON& Tower with Radar,17,59,29,0,105,0,2,13,0,15,17,61,42,0,120,12,0,12,132
11/07/2006,MLI,IL,AGL,CE,Combined TRACON& Tower with Radar,16,55,29,3,103,0,3,6,0,9,16,58,35,3,112,10,0,10,122
11/08/2006,MLI,IL,AGL,CE,Combined TRACON& Tower with Radar,20,60,29,0,109,0,0,33,0,33,20,60,62,0,142,10,1,11,153
11/09/2006,MLI,IL,AGL,CE,Combined TRACON& Tower with Radar,16,62,31,7,116,0,3,36,0,39,16,65,67,7,155,8,10,18,173
11/10/2006,MLI,IL,AGL,CE,Combined TRACON& Tower with Radar,24,59,34,1,118,0,0,2,2,4,24,59,36,3,122,0,0,0,122
11/11/2006,MLI,IL,AGL,CE,Combined TRACON& Tower with Radar,18,41,11,0,70,0,1,33,0,34,18,42,44,0,104,74,0,74,178
11/12/2006,MLI,IL,AGL,CE,Combined TRACON& Tower with Radar,12,51,19,0,82,0,0,31,0,31,12,51,50,0,113,92,0,92,205
11/13/2006,MLI,IL,AGL,CE,Combined TRACON& Tower with Radar,18,52,31,0,101,0,0,1,0,1,18,52,32,0,102,14,0,14,116
11/14/2006,MLI,IL,AGL,CE,Combined TRACON& Tower with Radar,18,71,43,4,136,0,0,1,0,1,18,71,44,4,137,0,0,0,137
11/15/2006,MLI,IL,AGL,CE,Combined TRACON& Tower with Radar,16,58,27,0,101,0,0,2,0,2,16,58,29,0,103,30,0,30,133
11/16/2006,MLI,IL,AGL,CE,Combined TRACON& Tower with Radar,18,54,19,0,91,0,0,5,0,5,18,54,24,0,96,6,0,6,102
11/17/2006,MLI,IL,AGL,CE,Combined TRACON& Tower with Radar,18,58,30,1,107,0,0,31,0,31,18,58,61,1,138,40,0,40,178
11/18/2006,MLI,IL,AGL,CE,Combined TRACON& Tower with Radar,18,42,25,0,85,0,0,9,0,9,18,42,34,0,94,36,0,36,130
11/19/2006,MLI,IL,AGL,CE,Combined TRACON& Tower with Radar,16,50,23,2,91,0,0,29,0,29,16,50,52,2,120,74,0,74,194
11/20/2006,MLI,IL,AGL,CE,Combined TRACON& Tower with Radar,18,52,32,0,102,0,1,28,0,29,18,53,60,0,131,38,0,38,169
11/21/2006,MLI,IL,AGL,CE,Combined TRACON& Tower with Radar,24,42,34,0,100,0,0,35,0,35,24,42,69,0,135,14,0,14,149
11/22/2006,MLI,IL,AGL,CE,Combined TRACON& Tower with Radar,26,45,31,0,102,0,0,28,0,28,26,45,59,0,130,38,2,40,170
11/23/2006,MLI,IL,AGL,CE,Combined TRACON& Tower with Radar,12,44,4,0,60,0,3,31,0,34,12,47,35,0,94,56,0,56,150
11/24/2006,MLI,IL,AGL,CE,Combined TRACON& Tower with Radar,18,39,12,0,69,0,0,38,0,38,18,39,50,0,107,48,0,48,155
11/25/2006,MLI,IL,AGL,CE,Combined TRACON& Tower with Radar,18,41,36,0,95,0,0,33,0,33,18,41,69,0,128,86,0,86,214
11/26/2006,MLI,IL,AGL,CE,Combined TRACON& Tower with Radar,14,48,23,0,85,0,0,23,0,23,14,48,46,0,108,0,0,0,108
11/27/2006,MLI,IL,AGL,CE,Combined TRACON& Tower with Radar,18,50,19,2,89,0,1,5,0,6,18,51,24,2,95,0,0,0,95
11/28/2006,MLI,IL,AGL,CE,Combined TRACON& Tower with Radar,23,41,31,2,97,0,1,11,0,12,23,42,42,2,109,8,0,8,117
11/29/2006,MLI,IL,AGL,CE,Combined TRACON& Tower with Radar,19,46,18,2,85,0,0,0,0,0,19,46,18,2,85,0,0,0,85
11/30/2006,MLI,IL,AGL,CE,Combined TRACON& Tower with Radar,17,59,25,2,103,0,0,10,0,10,17,59,35,2,113,0,0,0,113
12/01/2006,MLI,IL,AGL,CE,Combined TRACON& Tower with Radar,18,40,15,0,73,0,0,0,0,0,18,40,15,0,73,0,0,0,73
12/02/2006,MLI,IL,AGL,CE,Combined TRACON& Tower with Radar,19,34,15,0,68,0,0,28,0,28,19,34,43,0,96,20,0,20,116
12/03/2006,MLI,IL,AGL,CE,Combined TRACON& Tower with Radar,26,39,14,0,79,0,0,7,0,7,26,39,21,0,86,36,0,36,122
12/04/2006,MLI,IL,AGL,CE,Combined TRACON& Tower with Radar,23,51,27,1,102,0,0,15,1,16,23,51,42,2,118,2,0,2,120
12/05/2006,MLI,IL,AGL,CE,Combined TRACON& Tower with Radar,17,60,14,0,91,0,0,7,0,7,17,60,21,0,98,12,0,12,110
12/06/2006,MLI,IL,AGL,CE,Combined TRACON& Tower with Radar,21,56,32,0,109,0,0,9,1,10,21,56,41,1,119,14,0,14,133
12/07/2006,MLI,IL,AGL,CE,Combined TRACON& Tower with Radar,22,54,26,2,104,0,0,10,0,10,22,54,36,2,114,14,0,14,128
12/08/2006,MLI,IL,AGL,CE,Combined TRACON& Tower with Radar,19,56,27,2,104,0,0,18,0,18,19,56,45,2,122,6,0,6,128
12/09/2006,MLI,IL,AGL,CE,Combined TRACON& Tower with Radar,17,44,20,0,81,0,2,21,0,23,17,46,41,0,104,6,0,6,110
12/10/2006,MLI,IL,AGL,CE,Combined TRACON& Tower with Radar,28,38,10,0,76,0,0,19,0,19,28,38,29,0,95,28,0,28,123
12/11/2006,MLI,IL,AGL,CE,Combined TRACON& Tower with Radar,29,42,15,0,86,0,1,1,0,2,29,43,16,0,88,14,0,14,102
12/12/2006,MLI,IL,AGL,CE,Combined TRACON& Tower with Radar,16,56,38,0,110,0,0,1,0,1,16,56,39,0,111,0,0,0,111
12/13/2006,MLI,IL,AGL,CE,Combined TRACON& Tower with Radar,22,55,37,4,118,0,0,33,0,33,22,55,70,4,151,4,0,4,155
12/14/2006,MLI,IL,AGL,CE,Combined TRACON& Tower with Radar,17,56,27,0,100,1,0,25,0,26,18,56,52,0,126,16,0,16,142
12/15/2006,MLI,IL,AGL,CE,Combined TRACON& Tower with Radar,18,55,31,4,108,0,2,34,0,36,18,57,65,4,144,16,0,16,160
12/16/2006,MLI,IL,AGL,CE,Combined TRACON& Tower with Radar,17,52,18,0,87,0,0,9,0,9,17,52,27,0,96,80,0,80,176
12/17/2006,MLI,IL,AGL,CE,Combined TRACON& Tower with Radar,15,48,17,0,80,0,0,27,0,27,15,48,44,0,107,86,0,86,193
12/18/2006,MLI,IL,AGL,CE,Combined TRACON& Tower with Radar,23,53,30,2,108,0,0,25,0,25,23,53,55,2,133,40,0,40,173
12/19/2006,MLI,IL,AGL,CE,Combined TRACON& Tower with Radar,16,56,21,0,93,0,1,32,0,33,16,57,53,0,126,18,0,18,144
12/20/2006,MLI,IL,AGL,CE,Combined TRACON& Tower with Radar,24,56,25,0,105,0,3,0,0,3,24,59,25,0,108,6,0,6,114
12/21/2006,MLI,IL,AGL,CE,Combined TRACON& Tower with Radar,14,42,25,0,81,0,0,0,0,0,14,42,25,0,81,0,0,0,81
12/22/2006,MLI,IL,AGL,CE,Combined TRACON& Tower with Radar,19,53,24,0,96,0,0,1,0,1,19,53,25,0,97,0,0,0,97
12/23/2006,MLI,IL,AGL,CE,Combined TRACON& Tower with Radar,29,43,27,0,99,0,1,18,0,19,29,44,45,0,118,38,0,38,156
12/24/2006,MLI,IL,AGL,CE,Combined TRACON& Tower with Radar,19,37,6,0,62,0,0,6,0,6,19,37,12,0,68,0,0,0,68
12/25/2006,MLI,IL,AGL,CE,Combined TRACON& Tower with Radar,16,44,4,0,64,0,0,3,0,3,16,44,7,0,67,0,0,0,67
12/26/2006,MLI,IL,AGL,CE,Combined TRACON& Tower with Radar,14,42,23,0,79,0,0,25,0,25,14,42,48,0,104,0,0,0,104
12/27/2006,MLI,IL,AGL,CE,Combined TRACON& Tower with Radar,20,59,28,0,107,0,0,33,0,33,20,59,61,0,140,18,0,18,158
12/28/2006,MLI,IL,AGL,CE,Combined TRACON& Tower with Radar,17,54,19,0,90,0,0,23,0,23,17,54,42,0,113,40,0,40,153
12/29/2006,MLI,IL,AGL,CE,Combined TRACON& Tower with Radar,29,40,16,0,85,0,0,16,0,16,29,40,32,0,101,12,0,12,113
12/30/2006,MLI,IL,AGL,CE,Combined TRACON& Tower with Radar,18,44,14,0,76,0,0,10,0,10,18,44,24,0,86,18,0,18,104
12/31/2006,MLI,IL,AGL,CE,Combined TRACON& Tower with Radar,16,37,8,0,61,0,0,2,0,2,16,37,10,0,63,16,0,16,79
01/01/2007,MLI,IL,AGL,CE,Combined TRACON& Tower with Radar,17,46,9,0,72,0,0,16,0,16,17,46,25,0,88,14,0,14,102
01/02/2007,MLI,IL,AGL,CE,Combined TRACON& Tower with Radar,23,45,29,0,97,0,0,29,2,31,23,45,58,2,128,0,0,0,128
01/03/2007,MLI,IL,AGL,CE,Combined TRACON& Tower with Radar,18,58,34,2,112,0,0,25,0,25,18,58,59,2,137,0,0,0,137
01/04/2007,MLI,IL,AGL,CE,Combined TRACON& Tower with Radar,15,56,27,3,101,0,0,12,0,12,15,56,39,3,113,8,4,12,125
01/05/2007,MLI,IL,AGL,CE,Combined TRACON& Tower with Radar,24,47,25,4,100,0,0,9,0,9,24,47,34,4,109,26,2,28,137
01/06/2007,MLI,IL,AGL,CE,Combined TRACON& Tower with Radar,28,33,22,0,83,0,2,40,0,42,28,35,62,0,125,58,0,58,183
01/07/2007,MLI,IL,AGL,CE,Combined TRACON& Tower with Radar,19,37,15,4,75,0,0,20,2,22,19,37,35,6,97,90,0,90,187
01/08/2007,MLI,IL,AGL,CE,Combined TRACON& Tower with Radar,17,59,19,2,97,0,0,20,0,20,17,59,39,2,117,28,0,28,145
01/09/2007,MLI,IL,AGL,CE,Combined TRACON& Tower with Radar,20,53,23,0,96,0,0,13,0,13,20,53,36,0,109,16,0,16,125
01/10/2007,MLI,IL,AGL,CE,Combined TRACON& Tower with Radar,25,51,11,2,89,0,0,7,1,8,25,51,18,3,97,22,0,22,119
01/11/2007,MLI,IL,AGL,CE,Combined TRACON& Tower with Radar,17,61,30,4,112,0,0,9,0,9,17,61,39,4,121,10,0,10,131
01/12/2007,MLI,IL,AGL,CE,Combined TRACON& Tower with Radar,21,48,16,1,86,0,0,1,0,1,21,48,17,1,87,0,0,0,87
01/13/2007,MLI,IL,AGL,CE,Combined TRACON& Tower with Radar,20,35,3,0,58,0,0,0,0,0,20,35,3,0,58,0,0,0,58
01/14/2007,MLI,IL,AGL,CE,Combined TRACON& Tower with Radar,19,35,6,0,60,0,0,0,0,0,19,35,6,0,60,0,0,0,60
01/15/2007,MLI,IL,AGL,CE,Combined TRACON& Tower with Radar,18,51,10,1,80,0,0,0,0,0,18,51,10,1,80,0,0,0,80
01/16/2007,MLI,IL,AGL,CE,Combined TRACON& Tower with Radar,22,48,24,0,94,0,0,9,0,9,22,48,33,0,103,34,0,34,137
01/17/2007,MLI,IL,AGL,CE,Combined TRACON& Tower with Radar,21,47,40,2,110,0,0,6,0,6,21,47,46,2,116,6,0,6,122
01/18/2007,MLI,IL,AGL,CE,Combined TRACON& Tower with Radar,19,47,15,5,86,0,0,0,0,0,19,47,15,5,86,0,0,0,86
01/19/2007,MLI,IL,AGL,CE,Combined TRACON& Tower with Radar,21,48,20,2,91,0,0,19,0,19,21,48,39,2,110,46,0,46,156
01/20/2007,MLI,IL,AGL,CE,Combined TRACON& Tower with Radar,19,35,14,3,71,0,0,26,1,27,19,35,40,4,98,46,2,48,146
01/21/2007,MLI,IL,AGL,CE,Combined TRACON& Tower with Radar,21,25,4,0,50,0,0,0,0,0,21,25,4,0,50,0,0,0,50
01/22/2007,MLI,IL,AGL,CE,Combined TRACON& Tower with Radar,18,41,29,0,88,0,0,3,0,3,18,41,32,0,91,12,0,12,103
01/23/2007,MLI,IL,AGL,CE,Combined TRACON& Tower with Radar,26,41,27,0,94,0,0,10,0,10,26,41,37,0,104,19,0,19,123
01/24/2007,MLI,IL,AGL,CE,Combined TRACON& Tower with Radar,21,49,30,0,100,0,0,6,0,6,21,49,36,0,106,0,0,0,106
01/25/2007,MLI,IL,AGL,CE,Combined TRACON& Tower with Radar,24,48,50,3,125,0,0,12,0,12,24,48,62,3,137,10,0,10,147
01/26/2007,MLI,IL,AGL,CE,Combined TRACON& Tower with Radar,22,55,22,2,101,0,0,26,0,26,22,55,48,2,127,22,0,22,149
01/27/2007,MLI,IL,AGL,CE,Combined TRACON& Tower with Radar,18,43,17,0,78,0,0,21,0,21,18,43,38,0,99,16,0,16,115
01/28/2007,MLI,IL,AGL,CE,Combined TRACON& Tower with Radar,15,51,17,0,83,0,3,8,0,11,15,54,25,0,94,0,0,0,94
01/29/2007,MLI,IL,AGL,CE,Combined TRACON& Tower with Radar,19,46,19,2,86,0,0,6,0,6,19,46,25,2,92,0,0,0,92
01/30/2007,MLI,IL,AGL,CE,Combined TRACON& Tower with Radar,24,49,9,0,82,0,0,11,0,11,24,49,20,0,93,14,0,14,107
01/31/2007,MLI,IL,AGL,CE,Combined TRACON& Tower with Radar,24,53,38,0,115,0,0,9,0,9,24,53,47,0,124,10,0,10,134
02/01/2007,MLI,IL,AGL,CE,Combined TRACON& Tower with Radar,17,53,24,2,96,0,0,10,0,10,17,53,34,2,106,22,12,34,140
02/02/2007,MLI,IL,AGL,CE,Combined TRACON& Tower with Radar,21,52,14,1,88,0,0,4,0,4,21,52,18,1,92,8,0,8,100
02/03/2007,MLI,IL,AGL,CE,Combined TRACON& Tower with Radar,21,43,5,0,69,0,0,0,0,0,21,43,5,0,69,0,0,0,69
02/04/2007,MLI,IL,AGL,CE,Combined TRACON& Tower with Radar,25,33,5,2,65,0,0,5,0,5,25,33,10,2,70,0,0,0,70
02/05/2007,MLI,IL,AGL,CE,Combined TRACON& Tower with Radar,28,44,15,2,89,0,0,6,1,7,28,44,21,3,96,10,0,10,106
02/06/2007,MLI,IL,AGL,CE,Combined TRACON& Tower with Radar,22,39,16,4,81,0,0,0,0,0,22,39,16,4,81,8,0,8,89
02/07/2007,MLI,IL,AGL,CE,Combined TRACON& Tower with Radar,23,56,26,0,105,0,0,6,0,6,23,56,32,0,111,0,11,11,122
02/08/2007,MLI,IL,AGL,CE,Combined TRACON& Tower with Radar,15,49,34,0,98,0,0,16,0,16,15,49,50,0,114,14,0,14,128
02/09/2007,MLI,IL,AGL,CE,Combined TRACON& Tower with Radar,20,52,22,6,100,0,0,13,0,13,20,52,35,6,113,20,0,20,133
02/10/2007,MLI,IL,AGL,CE,Combined TRACON& Tower with Radar,15,40,11,0,66,0,0,12,0,12,15,40,23,0,78,4,0,4,82
02/11/2007,MLI,IL,AGL,CE,Combined TRACON& Tower with Radar,16,46,46,2,110,0,0,0,0,0,16,46,46,2,110,58,0,58,168
02/12/2007,MLI,IL,AGL,CE,Combined TRACON& Tower with Radar,32,34,19,2,87,0,0,0,0,0,32,34,19,2,87,0,0,0,87
02/13/2007,MLI,IL,AGL,CE,Combined TRACON& Tower with Radar,21,36,7,0,64,0,0,0,0,0,21,36,7,0,64,0,0,0,64
02/14/2007,MLI,IL,AGL,CE,Combined TRACON& Tower with Radar,19,42,23,0,84,0,0,8,0,8,19,42,31,0,92,0,0,0,92
02/15/2007,MLI,IL,AGL,CE,Combined TRACON& Tower with Radar,22,38,33,3,96,0,0,13,0,13,22,38,46,3,109,18,0,18,127
02/16/2007,MLI,IL,AGL,CE,Combined TRACON& Tower with Radar,13,53,36,0,102,0,0,21,0,21,13,53,57,0,123,0,0,0,123
02/17/2007,MLI,IL,AGL,CE,Combined TRACON& Tower with Radar,10,43,7,0,60,0,0,3,0,3,10,43,10,0,63,0,0,0,63
02/18/2007,MLI,IL,AGL,CE,Combined TRACON& Tower with Radar,10,48,11,0,69,0,0,32,0,32,10,48,43,0,101,8,0,8,109
02/19/2007,MLI,IL,AGL,CE,Combined TRACON& Tower with Radar,18,56,23,0,97,0,6,26,0,32,18,62,49,0,129,32,0,32,161
02/20/2007,MLI,IL,AGL,CE,Combined TRACON& Tower with Radar,12,72,41,2,127,0,3,24,0,27,12,75,65,2,154,80,0,80,234
02/21/2007,MLI,IL,AGL,CE,Combined TRACON& Tower with Radar,23,56,43,6,128,0,0,28,0,28,23,56,71,6,156,12,0,12,168
02/22/2007,MLI,IL,AGL,CE,Combined TRACON& Tower with Radar,20,62,25,0,107,0,2,20,0,22,20,64,45,0,129,20,0,20,149
02/23/2007,MLI,IL,AGL,CE,Combined TRACON& Tower with Radar,12,62,35,0,109,1,3,12,0,16,13,65,47,0,125,16,0,16,141
02/24/2007,MLI,IL,AGL,CE,Combined TRACON& Tower with Radar,6,17,0,0,23,0,0,0,0,0,6,17,0,0,23,0,0,0,23
02/25/2007,MLI,IL,AGL,CE,Combined TRACON& Tower with Radar,17,25,11,0,53,0,0,0,0,0,17,25,11,0,53,0,0,0,53
02/26/2007,MLI,IL,AGL,CE,Combined TRACON& Tower with Radar,23,40,16,0,79,0,0,5,0,5,23,40,21,0,84,14,0,14,98
02/27/2007,MLI,IL,AGL,CE,Combined TRACON& Tower with Radar,17,62,31,4,114,0,0,18,0,18,17,62,49,4,132,42,4,46,178
02/28/2007,MLI,IL,AGL,CE,Combined TRACON& Tower with Radar,16,51,29,0,96,0,0,6,0,6,16,51,35,0,102,28,0,28,130
03/01/2007,MLI,IL,AGL,CE,Combined TRACON& Tower with Radar,12,45,12,0,69,0,0,0,0,0,12,45,12,0,69,0,0,0,69
03/02/2007,MLI,IL,AGL,CE,Combined TRACON& Tower with Radar,12,49,21,0,82,0,0,0,0,0,12,49,21,0,82,0,0,0,82
03/03/2007,MLI,IL,AGL,CE,Combined TRACON& Tower with Radar,15,41,13,0,69,0,0,6,0,6,15,41,19,0,75,10,0,10,85
03/04/2007,MLI,IL,AGL,CE,Combined TRACON& Tower with Radar,10,42,11,0,63,0,1,25,0,26,10,43,36,0,89,52,0,52,141
03/05/2007,MLI,IL,AGL,CE,Combined TRACON& Tower with Radar,14,55,29,0,98,0,0,29,0,29,14,55,58,0,127,60,0,60,187
03/06/2007,MLI,IL,AGL,CE,Combined TRACON& Tower with Radar,12,61,28,2,103,0,1,20,0,21,12,62,48,2,124,12,2,14,138
03/07/2007,MLI,IL,AGL,CE,Combined TRACON& Tower with Radar,22,52,29,2,105,0,0,17,0,17,22,52,46,2,122,39,0,39,161
03/08/2007,MLI,IL,AGL,CE,Combined TRACON& Tower with Radar,10,60,31,0,101,0,0,15,0,15,10,60,46,0,116,70,0,70,186
03/09/2007,MLI,IL,AGL,CE,Combined TRACON& Tower with Radar,14,58,20,0,92,0,0,17,0,17,14,58,37,0,109,20,0,20,129
03/10/2007,MLI,IL,AGL,CE,Combined TRACON& Tower with Radar,20,43,23,0,86,0,0,48,0,48,20,43,71,0,134,42,0,42,176
03/11/2007,MLI,IL,AGL,CE,Combined TRACON& Tower with Radar,24,33,14,0,71,0,1,62,0,63,24,34,76,0,134,58,0,58,192
03/12/2007,MLI,IL,AGL,CE,Combined TRACON& Tower with Radar,23,43,7,2,75,0,0,18,0,18,23,43,25,2,93,62,0,62,155
03/13/2007,MLI,IL,AGL,CE,Combined TRACON& Tower with Radar,0,0,0,0,0,17,55,34,0,106,17,55,34,0,106,62,0,62,168
03/14/2007,MLI,IL,AGL,CE,Combined TRACON& Tower with Radar,14,57,36,6,113,0,0,0,0,0,14,57,36,6,113,0,0,0,113
03/15/2007,MLI,IL,AGL,CE,Combined TRACON& Tower with Radar,12,59,26,1,98,0,2,21,0,23,12,61,47,1,121,0,0,0,121
03/16/2007,MLI,IL,AGL,CE,Combined TRACON& Tower with Radar,15,58,23,0,96,0,0,18,0,18,15,58,41,0,114,38,0,38,152
03/17/2007,MLI,IL,AGL,CE,Combined TRACON& Tower with Radar,15,49,37,0,101,0,0,57,0,57,15,49,94,0,158,78,0,78,236
03/18/2007,MLI,IL,AGL,CE,Combined TRACON& Tower with Radar,11,49,19,0,79,0,0,21,0,21,11,49,40,0,100,140,0,140,240
03/19/2007,MLI,IL,AGL,CE,Combined TRACON& Tower with Radar,13,52,20,0,85,0,0,15,0,15,13,52,35,0,100,36,0,36,136
03/20/2007,MLI,IL,AGL,CE,Combined TRACON& Tower with Radar,20,53,25,0,98,0,0,27,0,27,20,53,52,0,125,22,0,22,147
03/21/2007,MLI,IL,AGL,CE,Combined TRACON& Tower with Radar,15,54,20,0,89,0,0,0,0,0,15,54,20,0,89,0,0,0,89
03/22/2007,MLI,IL,AGL,CE,Combined TRACON& Tower with Radar,11,65,21,3,100,0,0,30,0,30,11,65,51,3,130,12,0,12,142
03/23/2007,MLI,IL,AGL,CE,Combined TRACON& Tower with Radar,19,63,25,2,109,0,0,2,0,2,19,63,27,2,111,20,0,20,131
03/24/2007,MLI,IL,AGL,CE,Combined TRACON& Tower with Radar,17,49,15,0,81,0,0,3,0,3,17,49,18,0,84,0,0,0,84
03/25/2007,MLI,IL,AGL,CE,Combined TRACON& Tower with Radar,12,43,16,0,71,0,1,15,0,16,12,44,31,0,87,28,0,28,115
03/26/2007,MLI,IL,AGL,CE,Combined TRACON& Tower with Radar,11,61,27,0,99,0,0,24,0,24,11,61,51,0,123,50,0,50,173
03/27/2007,MLI,IL,AGL,CE,Combined TRACON& Tower with Radar,18,53,22,0,93,0,0,16,0,16,18,53,38,0,109,26,0,26,135
03/28/2007,MLI,IL,AGL,CE,Combined TRACON& Tower with Radar,13,56,32,0,101,0,0,0,0,0,13,56,32,0,101,0,0,0,101
03/29/2007,MLI,IL,AGL,CE,Combined TRACON& Tower with Radar,13,52,54,2,121,0,0,3,0,3,13,52,57,2,124,32,0,32,156
03/30/2007,MLI,IL,AGL,CE,Combined TRACON& Tower with Radar,16,47,19,0,82,0,0,0,0,0,16,47,19,0,82,0,0,0,82
03/31/2007,MLI,IL,AGL,CE,Combined TRACON& Tower with Radar,13,49,10,0,72,0,1,4,0,5,13,50,14,0,77,29,0,29,106
04/01/2007,MLI,IL,AGL,CE,Combined TRACON& Tower with Radar,9,48,12,0,69,0,0,2,0,2,9,48,14,0,71,2,0,2,73
04/02/2007,MLI,IL,AGL,CE,Combined TRACON& Tower with Radar,12,61,35,2,110,0,0,36,0,36,12,61,71,2,146,86,0,86,232
04/03/2007,MLI,IL,AGL,CE,Combined TRACON& Tower with Radar,9,59,27,0,95,0,0,2,0,2,9,59,29,0,97,0,0,0,97
04/04/2007,MLI,IL,AGL,CE,Combined TRACON& Tower with Radar,14,58,30,0,102,0,0,4,0,4,14,58,34,0,106,0,0,0,106
04/05/2007,MLI,IL,AGL,CE,Combined TRACON& Tower with Radar,11,60,27,1,99,0,1,19,0,20,11,61,46,1,119,38,0,38,157
04/06/2007,MLI,IL,AGL,CE,Combined TRACON& Tower with Radar,16,56,26,1,99,0,0,17,1,18,16,56,43,2,117,60,0,60,177
04/07/2007,MLI,IL,AGL,CE,Combined TRACON& Tower with Radar,21,35,9,0,65,0,0,16,0,16,21,35,25,0,81,48,0,48,129
04/08/2007,MLI,IL,AGL,CE,Combined TRACON& Tower with Radar,12,42,9,0,63,0,0,16,0,16,12,42,25,0,79,28,0,28,107
04/09/2007,MLI,IL,AGL,CE,Combined TRACON& Tower with Radar,11,62,36,3,112,0,3,25,1,29,11,65,61,4,141,100,0,100,241
04/10/2007,MLI,IL,AGL,CE,Combined TRACON& Tower with Radar,16,56,43,2,117,0,0,17,0,17,16,56,60,2,134,28,0,28,162
04/11/2007,MLI,IL,AGL,CE,Combined TRACON& Tower with Radar,12,56,14,3,85,0,0,0,0,0,12,56,14,3,85,0,0,0,85
04/12/2007,MLI,IL,AGL,CE,Combined TRACON& Tower with Radar,17,51,29,2,99,0,0,6,0,6,17,51,35,2,105,28,0,28,133
04/13/2007,MLI,IL,AGL,CE,Combined TRACON& Tower with Radar,16,61,23,1,101,0,0,34,1,35,16,61,57,2,136,58,0,58,194
04/14/2007,MLI,IL,AGL,CE,Combined TRACON& Tower with Radar,17,45,7,0,69,0,0,19,0,19,17,45,26,0,88,52,0,52,140
04/15/2007,MLI,IL,AGL,CE,Combined TRACON& Tower with Radar,15,45,19,0,79,0,0,41,0,41,15,45,60,0,120,40,0,40,160
04/16/2007,MLI,IL,AGL,CE,Combined TRACON& Tower with Radar,14,51,26,0,91,0,0,29,0,29,14,51,55,0,120,74,0,74,194
04/17/2007,MLI,IL,AGL,CE,Combined TRACON& Tower with Radar,13,61,22,0,96,0,0,31,0,31,13,61,53,0,127,58,0,58,185
04/18/2007,MLI,IL,AGL,CE,Combined TRACON& Tower with Radar,13,68,41,0,122,0,0,26,0,26,13,68,67,0,148,90,0,90,238
04/19/2007,MLI,IL,AGL,CE,Combined TRACON& Tower with Radar,17,54,31,0,102,0,0,22,0,22,17,54,53,0,124,18,0,18,142
04/20/2007,MLI,IL,AGL,CE,Combined TRACON& Tower with Radar,18,55,22,0,95,0,0,17,0,17,18,55,39,0,112,42,0,42,154
04/21/2007,MLI,IL,AGL,CE,Combined TRACON& Tower with Radar,20,41,17,0,78,0,0,24,0,24,20,41,41,0,102,22,0,22,124
04/22/2007,MLI,IL,AGL,CE,Combined TRACON& Tower with Radar,9,44,19,1,73,0,0,8,0,8,9,44,27,1,81,6,0,6,87
04/23/2007,MLI,IL,AGL,CE,Combined TRACON& Tower with Radar,13,56,28,0,97,0,0,8,0,8,13,56,36,0,105,56,0,56,161
04/24/2007,MLI,IL,AGL,CE,Combined TRACON& Tower with Radar,9,53,27,1,90,0,0,17,2,19,9,53,44,3,109,26,0,26,135
04/25/2007,MLI,IL,AGL,CE,Combined TRACON& Tower with Radar,17,45,15,1,78,0,0,0,0,0,17,45,15,1,78,0,0,0,78
04/26/2007,MLI,IL,AGL,CE,Combined TRACON& Tower with Radar,8,53,26,1,88,0,0,0,0,0,8,53,26,1,88,0,0,0,88
04/27/2007,MLI,IL,AGL,CE,Combined TRACON& Tower with Radar,10,56,30,2,98,0,0,39,0,39,10,56,69,2,137,60,0,60,197
04/28/2007,MLI,IL,AGL,CE,Combined TRACON& Tower with Radar,10,44,22,0,76,9,0,23,0,32,19,44,45,0,108,18,0,18,126
04/29/2007,MLI,IL,AGL,CE,Combined TRACON& Tower with Radar,9,50,19,0,78,0,0,53,0,53,9,50,72,0,131,24,0,24,155
04/30/2007,MLI,IL,AGL,CE,Combined TRACON& Tower with Radar,12,56,35,0,103,0,0,26,0,26,12,56,61,0,129,54,0,54,183
05/01/2007,MLI,IL,AGL,CE,Combined TRACON& Tower with Radar,10,55,23,0,88,0,0,12,0,12,10,55,35,0,100,12,0,12,112
05/02/2007,MLI,IL,AGL,CE,Combined TRACON& Tower with Radar,14,59,37,1,111,1,2,23,5,31,15,61,60,6,142,16,0,16,158
05/03/2007,MLI,IL,AGL,CE,Combined TRACON& Tower with Radar,9,67,31,2,109,0,1,7,0,8,9,68,38,2,117,14,0,14,131
05/04/2007,MLI,IL,AGL,CE,Combined TRACON& Tower with Radar,15,58,23,0,96,0,1,8,0,9,15,59,31,0,105,14,0,14,119
05/05/2007,MLI,IL,AGL,CE,Combined TRACON& Tower with Radar,15,35,16,0,66,0,0,4,0,4,15,35,20,0,70,0,0,0,70
05/06/2007,MLI,IL,AGL,CE,Combined TRACON& Tower with Radar,8,50,10,0,68,0,0,18,0,18,8,50,28,0,86,20,0,20,106
05/07/2007,MLI,IL,AGL,CE,Combined TRACON& Tower with Radar,10,60,21,3,94,0,1,19,0,20,10,61,40,3,114,32,0,32,146
05/08/2007,MLI,IL,AGL,CE,Combined TRACON& Tower with Radar,12,62,26,2,102,0,1,33,0,34,12,63,59,2,136,56,0,56,192
05/09/2007,MLI,IL,AGL,CE,Combined TRACON& Tower with Radar,17,64,49,0,130,0,0,35,1,36,17,64,84,1,166,44,0,44,210
05/10/2007,MLI,IL,AGL,CE,Combined TRACON& Tower with Radar,10,63,30,2,105,0,0,38,0,38,10,63,68,2,143,36,0,36,179
05/11/2007,MLI,IL,AGL,CE,Combined TRACON& Tower with Radar,9,62,45,0,116,0,0,33,0,33,9,62,78,0,149,16,0,16,165
05/12/2007,MLI,IL,AGL,CE,Combined TRACON& Tower with Radar,13,41,20,0,74,0,0,37,0,37,13,41,57,0,111,82,0,82,193
05/13/2007,MLI,IL,AGL,CE,Combined TRACON& Tower with Radar,9,51,15,0,75,0,0,0,0,0,9,51,15,0,75,26,0,26,101
05/14/2007,MLI,IL,AGL,CE,Combined TRACON& Tower with Radar,10,61,18,0,89,0,0,14,0,14,10,61,32,0,103,6,0,6,109
05/15/2007,MLI,IL,AGL,CE,Combined TRACON& Tower with Radar,14,51,28,0,93,0,0,6,0,6,14,51,34,0,99,0,0,0,99
05/16/2007,MLI,IL,AGL,CE,Combined TRACON& Tower with Radar,19,46,38,0,103,0,0,34,0,34,19,46,72,0,137,102,0,102,239
05/17/2007,MLI,IL,AGL,CE,Combined TRACON& Tower with Radar,7,67,49,2,125,1,22,31,0,54,8,89,80,2,179,78,0,78,257
05/18/2007,MLI,IL,AGL,CE,Combined TRACON& Tower with Radar,20,46,27,0,93,0,2,40,0,42,20,48,67,0,135,38,0,38,173
05/19/2007,MLI,IL,AGL,CE,Combined TRACON& Tower with Radar,10,45,18,0,73,0,1,37,0,38,10,46,55,0,111,28,3,31,142
05/20/2007,MLI,IL,AGL,CE,Combined TRACON& Tower with Radar,8,49,18,0,75,0,5,27,0,32,8,54,45,0,107,32,0,32,139
05/21/2007,MLI,IL,AGL,CE,Combined TRACON& Tower with Radar,17,57,16,0,90,0,1,39,0,40,17,58,55,0,130,68,0,68,198
05/22/2007,MLI,IL,AGL,CE,Combined TRACON& Tower with Radar,24,41,22,2,89,0,0,30,0,30,24,41,52,2,119,20,0,20,139
05/23/2007,MLI,IL,AGL,CE,Combined TRACON& Tower with Radar,9,62,27,3,101,0,0,13,0,13,9,62,40,3,114,0,0,0,114
05/24/2007,MLI,IL,AGL,CE,Combined TRACON& Tower with Radar,13,56,17,0,86,0,0,4,0,4,13,56,21,0,90,8,0,8,98
05/25/2007,MLI,IL,AGL,CE,Combined TRACON& Tower with Radar,17,59,38,0,114,0,0,42,0,42,17,59,80,0,156,122,0,122,278
05/26/2007,MLI,IL,AGL,CE,Combined TRACON& Tower with Radar,9,37,12,0,58,0,0,0,0,0,9,37,12,0,58,0,0,0,58
05/27/2007,MLI,IL,AGL,CE,Combined TRACON& Tower with Radar,12,40,7,0,59,0,0,35,0,35,12,40,42,0,94,76,0,76,170
05/28/2007,MLI,IL,AGL,CE,Combined TRACON& Tower with Radar,10,57,22,0,89,0,0,8,0,8,10,57,30,0,97,12,0,12,109
05/29/2007,MLI,IL,AGL,CE,Combined TRACON& Tower with Radar,8,57,32,5,102,0,0,34,0,34,8,57,66,5,136,70,0,70,206
05/30/2007,MLI,IL,AGL,CE,Combined TRACON& Tower with Radar,17,49,36,3,105,0,1,25,1,27,17,50,61,4,132,24,8,32,164
05/31/2007,MLI,IL,AGL,CE,Combined TRACON& Tower with Radar,12,59,36,6,113,0,0,14,3,17,12,59,50,9,130,104,4,108,238
06/01/2007,MLI,IL,AGL,CE,Combined TRACON& Tower with Radar,11,68,40,2,121,0,0,6,0,6,11,68,46,2,127,0,4,4,131
06/02/2007,MLI,IL,AGL,CE,Combined TRACON& Tower with Radar,9,56,23,0,88,1,4,39,1,45,10,60,62,1,133,22,12,34,167
06/03/2007,MLI,IL,AGL,CE,Combined TRACON& Tower with Radar,16,39,15,3,73,0,0,24,0,24,16,39,39,3,97,52,2,54,151
06/04/2007,MLI,IL,AGL,CE,Combined TRACON& Tower with Radar,12,49,39,3,103,0,0,10,0,10,12,49,49,3,113,48,0,48,161
06/05/2007,MLI,IL,AGL,CE,Combined TRACON& Tower with Radar,18,56,31,3,108,0,1,24,0,25,18,57,55,3,133,50,0,50,183
06/06/2007,MLI,IL,AGL,CE,Combined TRACON& Tower with Radar,23,54,40,4,121,0,1,23,0,24,23,55,63,4,145,14,0,14,159
06/07/2007,MLI,IL,AGL,CE,Combined TRACON& Tower with Radar,11,48,14,2,75,0,0,7,0,7,11,48,21,2,82,0,4,4,86
06/08/2007,MLI,IL,AGL,CE,Combined TRACON& Tower with Radar,13,52,39,2,106,0,0,33,0,33,13,52,72,2,139,28,0,28,167
06/09/2007,MLI,IL,AGL,CE,Combined TRACON& Tower with Radar,11,51,28,0,90,0,0,71,0,71,11,51,99,0,161,22,0,22,183
06/10/2007,MLI,IL,AGL,CE,Combined TRACON& Tower with Radar,17,48,17,0,82,0,1,26,0,27,17,49,43,0,109,32,0,32,141
06/11/2007,MLI,IL,AGL,CE,Combined TRACON& Tower with Radar,12,50,23,2,87,0,0,20,0,20,12,50,43,2,107,0,0,0,107
06/12/2007,MLI,IL,AGL,CE,Combined TRACON& Tower with Radar,14,51,23,0,88,0,1,37,0,38,14,52,60,0,126,46,0,46,172
06/13/2007,MLI,IL,AGL,CE,Combined TRACON& Tower with Radar,23,50,32,0,105,0,2,28,0,30,23,52,60,0,135,36,0,36,171
06/14/2007,MLI,IL,AGL,CE,Combined TRACON& Tower with Radar,12,54,34,0,100,0,0,35,0,35,12,54,69,0,135,16,0,16,151
06/15/2007,MLI,IL,AGL,CE,Combined TRACON& Tower with Radar,12,56,31,0,99,0,3,46,0,49,12,59,77,0,148,52,0,52,200
06/16/2007,MLI,IL,AGL,CE,Combined TRACON& Tower with Radar,25,36,16,0,77,0,0,35,0,35,25,36,51,0,112,44,0,44,156
06/17/2007,MLI,IL,AGL,CE,Combined TRACON& Tower with Radar,10,49,19,0,78,0,0,48,0,48,10,49,67,0,126,48,0,48,174
06/18/2007,MLI,IL,AGL,CE,Combined TRACON& Tower with Radar,18,52,24,0,94,0,0,11,0,11,18,52,35,0,105,28,0,28,133
06/19/2007,MLI,IL,AGL,CE,Combined TRACON& Tower with Radar,9,59,21,2,91,0,0,43,0,43,9,59,64,2,134,42,0,42,176
06/20/2007,MLI,IL,AGL,CE,Combined TRACON& Tower with Radar,18,58,37,0,113,0,0,41,0,41,18,58,78,0,154,58,0,58,212
06/21/2007,MLI,IL,AGL,CE,Combined TRACON& Tower with Radar,14,66,37,0,117,0,0,17,0,17,14,66,54,0,134,58,0,58,192
06/22/2007,MLI,IL,AGL,CE,Combined TRACON& Tower with Radar,15,58,29,0,102,0,0,8,0,8,15,58,37,0,110,30,0,30,140
06/23/2007,MLI,IL,AGL,CE,Combined TRACON& Tower with Radar,15,45,11,0,71,0,0,0,0,0,15,45,11,0,71,8,0,8,79
06/24/2007,MLI,IL,AGL,CE,Combined TRACON& Tower with Radar,12,53,35,0,100,0,1,11,0,12,12,54,46,0,112,8,0,8,120
06/25/2007,MLI,IL,AGL,CE,Combined TRACON& Tower with Radar,10,56,31,2,99,0,0,18,0,18,10,56,49,2,117,24,0,24,141
06/26/2007,MLI,IL,AGL,CE,Combined TRACON& Tower with Radar,16,49,31,1,97,0,0,29,0,29,16,49,60,1,126,62,0,62,188
06/27/2007,MLI,IL,AGL,CE,Combined TRACON& Tower with Radar,18,46,44,1,109,0,0,16,0,16,18,46,60,1,125,14,0,14,139
06/28/2007,MLI,IL,AGL,CE,Combined TRACON& Tower with Radar,16,56,28,0,100,0,1,43,0,44,16,57,71,0,144,24,0,24,168
06/29/2007,MLI,IL,AGL,CE,Combined TRACON& Tower with Radar,10,61,30,7,108,0,1,36,0,37,10,62,66,7,145,36,0,36,181
06/30/2007,MLI,IL,AGL,CE,Combined TRACON& Tower with Radar,17,41,26,1,85,0,1,36,0,37,17,42,62,1,122,52,0,52,174
07/01/2007,MLI,IL,AGL,CE,Combined TRACON& Tower with Radar,10,44,25,0,79,0,1,32,0,33,10,45,57,0,112,26,0,26,138
07/02/2007,MLI,IL,AGL,CE,Combined TRACON& Tower with Radar,15,47,28,0,90,0,1,31,0,32,15,48,59,0,122,30,0,30,152
07/03/2007,MLI,IL,AGL,CE,Combined TRACON& Tower with Radar,13,48,20,0,81,0,0,23,0,23,13,48,43,0,104,38,2,40,144
07/04/2007,MLI,IL,AGL,CE,Combined TRACON& Tower with Radar,15,40,7,0,62,0,0,24,0,24,15,40,31,0,86,8,0,8,94
07/05/2007,MLI,IL,AGL,CE,Combined TRACON& Tower with Radar,14,47,14,2,77,0,0,31,0,31,14,47,45,2,108,30,0,30,138
07/06/2007,MLI,IL,AGL,CE,Combined TRACON& Tower with Radar,25,45,25,5,100,0,0,36,2,38,25,45,61,7,138,0,0,0,138
07/07/2007,MLI,IL,AGL,CE,Combined TRACON& Tower with Radar,27,35,24,1,87,0,0,60,1,61,27,35,84,2,148,32,0,32,180
07/08/2007,MLI,IL,AGL,CE,Combined TRACON& Tower with Radar,9,57,14,0,80,0,0,37,0,37,9,57,51,0,117,28,0,28,145
07/09/2007,MLI,IL,AGL,CE,Combined TRACON& Tower with Radar,16,71,32,0,119,0,0,16,0,16,16,71,48,0,135,0,0,0,135
07/10/2007,MLI,IL,AGL,CE,Combined TRACON& Tower with Radar,15,51,24,0,90,0,0,11,0,11,15,51,35,0,101,0,0,0,101
07/11/2007,MLI,IL,AGL,CE,Combined TRACON& Tower with Radar,27,55,41,0,123,0,2,36,0,38,27,57,77,0,161,38,0,38,199
07/12/2007,MLI,IL,AGL,CE,Combined TRACON& Tower with Radar,18,55,41,1,115,0,5,37,1,43,18,60,78,2,158,24,0,24,182
07/13/2007,MLI,IL,AGL,CE,Combined TRACON& Tower with Radar,11,68,35,0,114,0,0,49,0,49,11,68,84,0,163,96,0,96,259
07/14/2007,MLI,IL,AGL,CE,Combined TRACON& Tower with Radar,11,52,29,0,92,0,0,48,0,48,11,52,77,0,140,24,6,30,170
07/15/2007,MLI,IL,AGL,CE,Combined TRACON& Tower with Radar,15,57,27,0,99,0,0,46,0,46,15,57,73,0,145,32,0,32,177
07/16/2007,MLI,IL,AGL,CE,Combined TRACON& Tower with Radar,15,49,16,0,80,0,0,10,0,10,15,49,26,0,90,16,0,16,106
07/17/2007,MLI,IL,AGL,CE,Combined TRACON& Tower with Radar,10,55,23,0,88,0,0,6,0,6,10,55,29,0,94,0,0,0,94
07/18/2007,MLI,IL,AGL,CE,Combined TRACON& Tower with Radar,22,47,41,0,110,0,0,18,0,18,22,47,59,0,128,10,0,10,138
07/19/2007,MLI,IL,AGL,CE,Combined TRACON& Tower with Radar,10,52,49,2,113,0,0,24,0,24,10,52,73,2,137,50,0,50,187
07/20/2007,MLI,IL,AGL,CE,Combined TRACON& Tower with Radar,13,57,32,0,102,0,1,44,0,45,13,58,76,0,147,54,0,54,201
07/21/2007,MLI,IL,AGL,CE,Combined TRACON& Tower with Radar,19,38,20,0,77,0,0,28,0,28,19,38,48,0,105,28,0,28,133
07/22/2007,MLI,IL,AGL,CE,Combined TRACON& Tower with Radar,12,56,17,0,85,0,2,51,0,53,12,58,68,0,138,22,0,22,160
07/23/2007,MLI,IL,AGL,CE,Combined TRACON& Tower with Radar,20,49,47,0,116,0,0,29,0,29,20,49,76,0,145,62,0,62,207
07/24/2007,MLI,IL,AGL,CE,Combined TRACON& Tower with Radar,10,64,42,1,117,0,1,37,0,38,10,65,79,1,155,34,0,34,189
07/25/2007,MLI,IL,AGL,CE,Combined TRACON& Tower with Radar,12,57,35,3,107,0,0,28,17,45,12,57,63,20,152,52,0,52,204
07/26/2007,MLI,IL,AGL,CE,Combined TRACON& Tower with Radar,17,42,31,2,92,0,0,36,0,36,17,42,67,2,128,6,0,6,134
07/27/2007,MLI,IL,AGL,CE,Combined TRACON& Tower with Radar,24,49,36,0,109,0,0,18,0,18,24,49,54,0,127,0,0,0,127
07/28/2007,MLI,IL,AGL,CE,Combined TRACON& Tower with Radar,12,53,27,1,93,0,0,31,0,31,12,53,58,1,124,40,0,40,164
07/29/2007,MLI,IL,AGL,CE,Combined TRACON& Tower with Radar,9,56,21,2,88,0,1,42,0,43,9,57,63,2,131,56,0,56,187
07/30/2007,MLI,IL,AGL,CE,Combined TRACON& Tower with Radar,18,54,30,2,104,0,0,26,0,26,18,54,56,2,130,22,0,22,152
07/31/2007,MLI,IL,AGL,CE,Combined TRACON& Tower with Radar,15,57,29,1,102,0,0,45,0,45,15,57,74,1,147,40,0,40,187
08/01/2007,MLI,IL,AGL,CE,Combined TRACON& Tower with Radar,20,49,18,0,87,0,0,27,0,27,20,49,45,0,114,62,0,62,176
08/02/2007,MLI,IL,AGL,CE,Combined TRACON& Tower with Radar,13,60,25,0,98,0,0,29,0,29,13,60,54,0,127,50,0,50,177
08/03/2007,MLI,IL,AGL,CE,Combined TRACON& Tower with Radar,11,62,40,3,116,0,0,50,2,52,11,62,90,5,168,62,0,62,230
08/04/2007,MLI,IL,AGL,CE,Combined TRACON& Tower with Radar,16,40,10,0,66,0,0,30,0,30,16,40,40,0,96,40,0,40,136
08/05/2007,MLI,IL,AGL,CE,Combined TRACON& Tower with Radar,12,52,18,1,83,0,0,20,0,20,12,52,38,1,103,38,0,38,141
08/06/2007,MLI,IL,AGL,CE,Combined TRACON& Tower with Radar,21,34,29,1,85,0,0,14,0,14,21,34,43,1,99,2,0,2,101
08/07/2007,MLI,IL,AGL,CE,Combined TRACON& Tower with Radar,15,52,38,0,105,0,0,34,0,34,15,52,72,0,139,42,0,42,181
08/08/2007,MLI,IL,AGL,CE,Combined TRACON& Tower with Radar,23,51,33,0,107,0,3,22,0,25,23,54,55,0,132,30,0,30,162
08/09/2007,MLI,IL,AGL,CE,Combined TRACON& Tower with Radar,25,48,56,3,132,0,1,20,0,21,25,49,76,3,153,28,0,28,181
08/10/2007,MLI,IL,AGL,CE,Combined TRACON& Tower with Radar,17,52,26,0,95,0,0,28,0,28,17,52,54,0,123,24,0,24,147
08/11/2007,MLI,IL,AGL,CE,Combined TRACON& Tower with Radar,11,54,12,0,77,0,1,25,0,26,11,55,37,0,103,12,0,12,115
08/12/2007,MLI,IL,AGL,CE,Combined TRACON& Tower with Radar,23,42,21,7,93,0,0,27,0,27,23,42,48,7,120,44,4,48,168
08/13/2007,MLI,IL,AGL,CE,Combined TRACON& Tower with Radar,16,49,21,4,90,0,0,19,0,19,16,49,40,4,109,26,0,26,135
08/14/2007,MLI,IL,AGL,CE,Combined TRACON& Tower with Radar,24,45,34,6,109,0,0,30,0,30,24,45,64,6,139,44,0,44,183
08/15/2007,MLI,IL,AGL,CE,Combined TRACON& Tower with Radar,13,58,42,1,114,0,0,11,0,11,13,58,53,1,125,36,0,36,161
08/16/2007,MLI,IL,AGL,CE,Combined TRACON& Tower with Radar,17,60,35,2,114,0,0,12,0,12,17,60,47,2,126,50,0,50,176
08/17/2007,MLI,IL,AGL,CE,Combined TRACON& Tower with Radar,20,53,29,8,110,0,1,37,0,38,20,54,66,8,148,40,0,40,188
08/18/2007,MLI,IL,AGL,CE,Combined TRACON& Tower with Radar,9,41,10,0,60,0,0,15,0,15,9,41,25,0,75,50,0,50,125
08/19/2007,MLI,IL,AGL,CE,Combined TRACON& Tower with Radar,16,36,14,0,66,0,0,6,0,6,16,36,20,0,72,4,0,4,76
08/20/2007,MLI,IL,AGL,CE,Combined TRACON& Tower with Radar,15,50,21,4,90,0,0,4,0,4,15,50,25,4,94,6,0,6,100
08/21/2007,MLI,IL,AGL,CE,Combined TRACON& Tower with Radar,20,45,20,0,85,0,0,20,0,20,20,45,40,0,105,46,0,46,151
08/22/2007,MLI,IL,AGL,CE,Combined TRACON& Tower with Radar,19,56,36,0,111,0,0,12,0,12,19,56,48,0,123,46,0,46,169
08/23/2007,MLI,IL,AGL,CE,Combined TRACON& Tower with Radar,9,46,33,3,91,0,0,10,0,10,9,46,43,3,101,8,0,8,109
08/24/2007,MLI,IL,AGL,CE,Combined TRACON& Tower with Radar,16,56,29,0,101,0,0,8,0,8,16,56,37,0,109,0,0,0,109
08/25/2007,MLI,IL,AGL,CE,Combined TRACON& Tower with Radar,14,39,13,0,66,0,0,0,0,0,14,39,13,0,66,14,0,14,80
08/26/2007,MLI,IL,AGL,CE,Combined TRACON& Tower with Radar,16,45,6,2,69,0,0,42,0,42,16,45,48,2,111,20,0,20,131
08/27/2007,MLI,IL,AGL,CE,Combined TRACON& Tower with Radar,25,57,29,0,111,0,0,20,0,20,25,57,49,0,131,18,0,18,149
08/28/2007,MLI,IL,AGL,CE,Combined TRACON& Tower with Radar,18,56,31,0,105,0,1,30,0,31,18,57,61,0,136,30,0,30,166
08/29/2007,MLI,IL,AGL,CE,Combined TRACON& Tower with Radar,22,63,35,0,120,0,0,20,0,20,22,63,55,0,140,28,0,28,168
08/30/2007,MLI,IL,AGL,CE,Combined TRACON& Tower with Radar,10,59,53,0,122,0,0,38,1,39,10,59,91,1,161,28,0,28,189
08/31/2007,MLI,IL,AGL,CE,Combined TRACON& Tower with Radar,18,60,30,0,108,0,4,33,1,38,18,64,63,1,146,0,0,0,146
09/01/2007,MLI,IL,AGL,CE,Combined TRACON& Tower with Radar,26,29,14,0,69,0,0,52,0,52,26,29,66,0,121,38,0,38,159
09/02/2007,MLI,IL,AGL,CE,Combined TRACON& Tower with Radar,18,34,9,0,61,0,0,42,0,42,18,34,51,0,103,4,0,4,107
09/03/2007,MLI,IL,AGL,CE,Combined TRACON& Tower with Radar,32,38,20,0,90,0,0,39,0,39,32,38,59,0,129,12,0,12,141
09/04/2007,MLI,IL,AGL,CE,Combined TRACON& Tower with Radar,19,54,30,0,103,0,0,20,0,20,19,54,50,0,123,0,0,0,123
09/05/2007,MLI,IL,AGL,CE,Combined TRACON& Tower with Radar,25,51,26,6,108,0,0,18,0,18,25,51,44,6,126,0,0,0,126
09/06/2007,MLI,IL,AGL,CE,Combined TRACON& Tower with Radar,21,54,23,0,98,0,0,10,0,10,21,54,33,0,108,26,0,26,134
09/07/2007,MLI,IL,AGL,CE,Combined TRACON& Tower with Radar,18,63,22,2,105,0,0,14,0,14,18,63,36,2,119,16,0,16,135
09/08/2007,MLI,IL,AGL,CE,Combined TRACON& Tower with Radar,20,42,6,0,68,0,0,51,0,51,20,42,57,0,119,74,0,74,193
09/09/2007,MLI,IL,AGL,CE,Combined TRACON& Tower with Radar,21,41,7,0,69,0,0,54,0,54,21,41,61,0,123,20,0,20,143
09/10/2007,MLI,IL,AGL,CE,Combined TRACON& Tower with Radar,19,52,32,0,103,0,0,0,0,0,19,52,32,0,103,20,0,20,123
09/11/2007,MLI,IL,AGL,CE,Combined TRACON& Tower with Radar,17,68,27,3,115,0,0,26,0,26,17,68,53,3,141,50,0,50,191
09/12/2007,MLI,IL,AGL,CE,Combined TRACON& Tower with Radar,14,62,23,0,99,0,0,42,0,42,14,62,65,0,141,26,0,26,167
09/13/2007,MLI,IL,AGL,CE,Combined TRACON& Tower with Radar,13,58,29,0,100,0,2,29,0,31,13,60,58,0,131,24,0,24,155
09/14/2007,MLI,IL,AGL,CE,Combined TRACON& Tower with Radar,21,46,22,0,89,0,0,22,0,22,21,46,44,0,111,6,0,6,117
09/15/2007,MLI,IL,AGL,CE,Combined TRACON& Tower with Radar,20,38,16,0,74,0,1,60,0,61,20,39,76,0,135,36,0,36,171
09/16/2007,MLI,IL,AGL,CE,Combined TRACON& Tower with Radar,25,41,20,0,86,0,0,29,0,29,25,41,49,0,115,24,0,24,139
09/17/2007,MLI,IL,AGL,CE,Combined TRACON& Tower with Radar,17,62,15,2,96,0,0,22,1,23,17,62,37,3,119,48,0,48,167
09/18/2007,MLI,IL,AGL,CE,Combined TRACON& Tower with Radar,22,51,37,0,110,0,0,12,0,12,22,51,49,0,122,22,0,22,144
09/19/2007,MLI,IL,AGL,CE,Combined TRACON& Tower with Radar,16,64,41,0,121,0,0,30,0,30,16,64,71,0,151,32,0,32,183
09/20/2007,MLI,IL,AGL,CE,Combined TRACON& Tower with Radar,20,53,41,2,116,0,2,25,2,29,20,55,66,4,145,112,0,112,257
09/21/2007,MLI,IL,AGL,CE,Combined TRACON& Tower with Radar,28,64,30,3,125,0,0,21,0,21,28,64,51,3,146,0,0,0,146
09/22/2007,MLI,IL,AGL,CE,Combined TRACON& Tower with Radar,23,36,19,0,78,0,0,64,0,64,23,36,83,0,142,76,0,76,218
09/23/2007,MLI,IL,AGL,CE,Combined TRACON& Tower with Radar,17,48,17,2,84,0,0,49,0,49,17,48,66,2,133,22,0,22,155
09/24/2007,MLI,IL,AGL,CE,Combined TRACON& Tower with Radar,17,52,23,0,92,0,0,16,0,16,17,52,39,0,108,12,0,12,120
09/25/2007,MLI,IL,AGL,CE,Combined TRACON& Tower with Radar,14,53,21,0,88,0,0,6,0,6,14,53,27,0,94,28,0,28,122
09/26/2007,MLI,IL,AGL,CE,Combined TRACON& Tower with Radar,19,52,56,0,127,0,1,43,0,44,19,53,99,0,171,0,0,0,171
09/27/2007,MLI,IL,AGL,CE,Combined TRACON& Tower with Radar,16,57,25,3,101,0,1,51,0,52,16,58,76,3,153,74,24,98,251
09/28/2007,MLI,IL,AGL,CE,Combined TRACON& Tower with Radar,24,51,27,0,102,0,3,51,0,54,24,54,78,0,156,66,0,66,222
09/29/2007,MLI,IL,AGL,CE,Combined TRACON& Tower with Radar,19,43,19,0,81,0,0,32,0,32,19,43,51,0,113,14,0,14,127
09/30/2007,MLI,IL,AGL,CE,Combined TRACON& Tower with Radar,17,40,36,0,93,0,0,33,0,33,17,40,69,0,126,26,0,26,152
10/01/2007,MLI,IL,AGL,CE,Combined TRACON& Tower with Radar,25,45,22,2,94,0,0,11,0,11,25,45,33,2,105,10,0,10,115
10/02/2007,MLI,IL,AGL,CE,Combined TRACON& Tower with Radar,15,55,20,1,91,0,0,12,0,12,15,55,32,1,103,22,0,22,125
10/03/2007,MLI,IL,AGL,CE,Combined TRACON& Tower with Radar,17,55,21,1,94,0,0,35,1,36,17,55,56,2,130,18,0,18,148
10/04/2007,MLI,IL,AGL,CE,Combined TRACON& Tower with Radar,19,53,33,1,106,0,0,23,0,23,19,53,56,1,129,32,0,32,161
10/05/2007,MLI,IL,AGL,CE,Combined TRACON& Tower with Radar,27,53,32,0,112,0,0,33,0,33,27,53,65,0,145,10,0,10,155
10/06/2007,MLI,IL,AGL,CE,Combined TRACON& Tower with Radar,25,37,7,0,69,0,5,34,0,39,25,42,41,0,108,14,0,14,122
10/07/2007,MLI,IL,AGL,CE,Combined TRACON& Tower with Radar,13,48,17,0,78,0,0,13,0,13,13,48,30,0,91,18,0,18,109
10/08/2007,MLI,IL,AGL,CE,Combined TRACON& Tower with Radar,27,47,33,0,107,0,0,12,0,12,27,47,45,0,119,20,0,20,139
10/09/2007,MLI,IL,AGL,CE,Combined TRACON& Tower with Radar,17,52,26,0,95,0,2,22,0,24,17,54,48,0,119,24,0,24,143
10/10/2007,MLI,IL,AGL,CE,Combined TRACON& Tower with Radar,18,56,25,6,105,0,0,19,0,19,18,56,44,6,124,12,4,16,140
10/11/2007,MLI,IL,AGL,CE,Combined TRACON& Tower with Radar,19,45,30,3,97,0,0,26,0,26,19,45,56,3,123,52,0,52,175
10/12/2007,MLI,IL,AGL,CE,Combined TRACON& Tower with Radar,20,49,40,0,109,0,1,35,0,36,20,50,75,0,145,30,0,30,175
10/13/2007,MLI,IL,AGL,CE,Combined TRACON& Tower with Radar,22,38,12,0,72,0,2,25,0,27,22,40,37,0,99,48,0,48,147
10/14/2007,MLI,IL,AGL,CE,Combined TRACON& Tower with Radar,13,47,5,0,65,0,2,36,0,38,13,49,41,0,103,50,0,50,153
10/15/2007,MLI,IL,AGL,CE,Combined TRACON& Tower with Radar,23,57,13,1,94,0,0,14,0,14,23,57,27,1,108,34,0,34,142
10/16/2007,MLI,IL,AGL,CE,Combined TRACON& Tower with Radar,16,52,44,8,120,0,0,7,0,7,16,52,51,8,127,42,0,42,169
10/17/2007,MLI,IL,AGL,CE,Combined TRACON& Tower with Radar,20,60,30,0,110,0,0,11,0,11,20,60,41,0,121,0,0,0,121
10/18/2007,MLI,IL,AGL,CE,Combined TRACON& Tower with Radar,19,46,26,2,93,0,0,9,0,9,19,46,35,2,102,14,2,16,118
10/19/2007,MLI,IL,AGL,CE,Combined TRACON& Tower with Radar,18,56,31,0,105,0,6,7,0,13,18,62,38,0,118,4,0,4,122
10/20/2007,MLI,IL,AGL,CE,Combined TRACON& Tower with Radar,18,42,14,0,74,0,1,50,0,51,18,43,64,0,125,22,0,22,147
10/21/2007,MLI,IL,AGL,CE,Combined TRACON& Tower with Radar,15,43,14,2,74,0,1,15,0,16,15,44,29,2,90,4,0,4,94
10/22/2007,MLI,IL,AGL,CE,Combined TRACON& Tower with Radar,18,61,30,6,115,0,0,8,0,8,18,61,38,6,123,22,16,38,161
10/23/2007,MLI,IL,AGL,CE,Combined TRACON& Tower with Radar,15,51,34,8,108,0,3,38,0,41,15,54,72,8,149,42,6,48,197
10/24/2007,MLI,IL,AGL,CE,Combined TRACON& Tower with Radar,27,46,29,2,104,0,0,30,0,30,27,46,59,2,134,74,0,74,208
10/25/2007,MLI,IL,AGL,CE,Combined TRACON& Tower with Radar,21,51,19,7,98,1,1,36,1,39,22,52,55,8,137,86,0,86,223
10/26/2007,MLI,IL,AGL,CE,Combined TRACON& Tower with Radar,27,52,23,0,102,0,0,11,0,11,27,52,34,0,113,24,0,24,137
10/27/2007,MLI,IL,AGL,CE,Combined TRACON& Tower with Radar,20,41,10,0,71,0,0,25,0,25,20,41,35,0,96,46,0,46,142
10/28/2007,MLI,IL,AGL,CE,Combined TRACON& Tower with Radar,16,51,13,0,80,0,0,39,0,39,16,51,52,0,119,44,0,44,163
10/29/2007,MLI,IL,AGL,CE,Combined TRACON& Tower with Radar,12,64,14,1,91,0,0,35,0,35,12,64,49,1,126,0,0,0,126
10/30/2007,MLI,IL,AGL,CE,Combined TRACON& Tower with Radar,13,63,24,0,100,0,0,30,0,30,13,63,54,0,130,10,0,10,140
10/31/2007,MLI,IL,AGL,CE,Combined TRACON& Tower with Radar,19,63,26,0,108,0,0,13,0,13,19,63,39,0,121,20,0,20,141
11/01/2007,MLI,IL,AGL,CE,Combined TRACON& Tower with Radar,18,50,27,0,95,0,6,40,0,46,18,56,67,0,141,50,0,50,191
11/02/2007,MLI,IL,AGL,CE,Combined TRACON& Tower with Radar,9,63,23,2,97,0,0,26,0,26,9,63,49,2,123,58,0,58,181
11/03/2007,MLI,IL,AGL,CE,Combined TRACON& Tower with Radar,11,46,20,4,81,0,0,51,0,51,11,46,71,4,132,58,8,66,198
11/04/2007,MLI,IL,AGL,CE,Combined TRACON& Tower with Radar,7,54,6,0,67,0,0,35,0,35,7,54,41,0,102,44,0,44,146
11/05/2007,MLI,IL,AGL,CE,Combined TRACON& Tower with Radar,15,58,39,2,114,0,0,11,0,11,15,58,50,2,125,0,0,0,125
11/06/2007,MLI,IL,AGL,CE,Combined TRACON& Tower with Radar,26,50,33,0,109,0,0,15,0,15,26,50,48,0,124,42,0,42,166
11/07/2007,MLI,IL,AGL,CE,Combined TRACON& Tower with Radar,19,58,24,3,104,0,0,39,0,39,19,58,63,3,143,10,0,10,153
11/08/2007,MLI,IL,AGL,CE,Combined TRACON& Tower with Radar,17,56,32,2,107,0,0,33,0,33,17,56,65,2,140,56,0,56,196
11/09/2007,MLI,IL,AGL,CE,Combined TRACON& Tower with Radar,13,62,27,2,104,0,0,40,0,40,13,62,67,2,144,6,0,6,150
11/10/2007,MLI,IL,AGL,CE,Combined TRACON& Tower with Radar,15,47,15,0,77,0,0,54,0,54,15,47,69,0,131,54,0,54,185
11/11/2007,MLI,IL,AGL,CE,Combined TRACON& Tower with Radar,15,50,18,0,83,0,0,2,0,2,15,50,20,0,85,0,0,0,85
11/12/2007,MLI,IL,AGL,CE,Combined TRACON& Tower with Radar,29,46,21,0,96,0,0,21,0,21,29,46,42,0,117,44,0,44,161
11/13/2007,MLI,IL,AGL,CE,Combined TRACON& Tower with Radar,20,51,27,2,100,0,0,29,0,29,20,51,56,2,129,24,0,24,153
11/14/2007,MLI,IL,AGL,CE,Combined TRACON& Tower with Radar,25,50,45,4,124,0,0,19,0,19,25,50,64,4,143,36,0,36,179
11/15/2007,MLI,IL,AGL,CE,Combined TRACON& Tower with Radar,18,52,19,0,89,0,0,7,0,7,18,52,26,0,96,20,0,20,116
11/16/2007,MLI,IL,AGL,CE,Combined TRACON& Tower with Radar,16,62,30,0,108,0,0,25,2,27,16,62,55,2,135,20,0,20,155
11/17/2007,MLI,IL,AGL,CE,Combined TRACON& Tower with Radar,15,46,13,0,74,0,3,35,1,39,15,49,48,1,113,38,0,38,151
11/18/2007,MLI,IL,AGL,CE,Combined TRACON& Tower with Radar,9,52,12,0,73,0,0,15,0,15,9,52,27,0,88,34,0,34,122
11/19/2007,MLI,IL,AGL,CE,Combined TRACON& Tower with Radar,15,65,29,0,109,0,0,7,0,7,15,65,36,0,116,12,0,12,128
11/20/2007,MLI,IL,AGL,CE,Combined TRACON& Tower with Radar,53,53,40,4,150,0,0,4,0,4,53,53,44,4,154,0,0,0,154
11/21/2007,MLI,IL,AGL,CE,Combined TRACON& Tower with Radar,15,58,19,0,92,0,0,1,0,1,15,58,20,0,93,0,0,0,93
11/22/2007,MLI,IL,AGL,CE,Combined TRACON& Tower with Radar,13,31,7,0,51,0,0,5,0,5,13,31,12,0,56,0,0,0,56
11/23/2007,MLI,IL,AGL,CE,Combined TRACON& Tower with Radar,14,41,8,0,63,0,0,25,0,25,14,41,33,0,88,22,0,22,110
11/25/2007,MLI,IL,AGL,CE,Combined TRACON& Tower with Radar,14,57,26,0,97,0,0,13,0,13,14,57,39,0,110,40,0,40,150
11/26/2007,MLI,IL,AGL,CE,Combined TRACON& Tower with Radar,30,36,27,2,95,0,0,5,0,5,30,36,32,2,100,0,2,2,102
11/27/2007,MLI,IL,AGL,CE,Combined TRACON& Tower with Radar,21,48,23,0,92,0,0,20,2,22,21,48,43,2,114,18,0,18,132
11/28/2007,MLI,IL,AGL,CE,Combined TRACON& Tower with Radar,14,52,20,0,86,0,0,9,0,9,14,52,29,0,95,10,0,10,105
11/29/2007,MLI,IL,AGL,CE,Combined TRACON& Tower with Radar,11,57,32,0,100,0,2,33,0,35,11,59,65,0,135,80,0,80,215
11/30/2007,MLI,IL,AGL,CE,Combined TRACON& Tower with Radar,19,51,33,0,103,0,0,33,0,33,19,51,66,0,136,0,0,0,136
12/01/2007,MLI,IL,AGL,CE,Combined TRACON& Tower with Radar,6,20,6,0,32,0,0,0,0,0,6,20,6,0,32,0,0,0,32
12/02/2007,MLI,IL,AGL,CE,Combined TRACON& Tower with Radar,17,37,14,0,68,0,0,0,0,0,17,37,14,0,68,6,0,6,74
12/03/2007,MLI,IL,AGL,CE,Combined TRACON& Tower with Radar,18,47,24,0,89,0,0,22,0,22,18,47,46,0,111,20,0,20,131
12/04/2007,MLI,IL,AGL,CE,Combined TRACON& Tower with Radar,13,45,35,0,93,0,0,12,0,12,13,45,47,0,105,2,0,2,107
12/05/2007,MLI,IL,AGL,CE,Combined TRACON& Tower with Radar,14,54,25,1,94,0,1,10,1,12,14,55,35,2,106,48,0,48,154
12/06/2007,MLI,IL,AGL,CE,Combined TRACON& Tower with Radar,8,55,24,0,87,0,0,7,0,7,8,55,31,0,94,0,0,0,94
12/07/2007,MLI,IL,AGL,CE,Combined TRACON& Tower with Radar,16,51,30,0,97,0,0,2,0,2,16,51,32,0,99,0,0,0,99
12/08/2007,MLI,IL,AGL,CE,Combined TRACON& Tower with Radar,18,35,11,0,64,0,0,8,0,8,18,35,19,0,72,50,0,50,122
12/09/2007,MLI,IL,AGL,CE,Combined TRACON& Tower with Radar,5,38,9,0,52,0,0,0,0,0,5,38,9,0,52,0,0,0,52
12/10/2007,MLI,IL,AGL,CE,Combined TRACON& Tower with Radar,9,57,24,0,90,0,0,0,0,0,9,57,24,0,90,0,0,0,90
12/11/2007,MLI,IL,AGL,CE,Combined TRACON& Tower with Radar,2,21,6,0,29,0,0,0,0,0,2,21,6,0,29,0,0,0,29
12/12/2007,MLI,IL,AGL,CE,Combined TRACON& Tower with Radar,9,54,20,0,83,0,0,5,0,5,9,54,25,0,88,12,0,12,100
12/13/2007,MLI,IL,AGL,CE,Combined TRACON& Tower with Radar,16,50,26,0,92,0,0,9,0,9,16,50,35,0,101,0,0,0,101
12/14/2007,MLI,IL,AGL,CE,Combined TRACON& Tower with Radar,11,60,23,0,94,0,0,24,0,24,11,60,47,0,118,30,0,30,148
12/16/2007,MLI,IL,AGL,CE,Combined TRACON& Tower with Radar,24,27,19,1,71,0,0,3,1,4,24,27,22,2,75,20,0,20,95
12/17/2007,MLI,IL,AGL,CE,Combined TRACON& Tower with Radar,24,49,23,0,96,0,0,17,0,17,24,49,40,0,113,24,0,24,137
12/18/2007,MLI,IL,AGL,CE,Combined TRACON& Tower with Radar,12,62,38,0,112,0,0,23,0,23,12,62,61,0,135,62,0,62,197
12/19/2007,MLI,IL,AGL,CE,Combined TRACON& Tower with Radar,11,62,45,0,118,0,0,10,0,10,11,62,55,0,128,2,0,2,130
12/20/2007,MLI,IL,AGL,CE,Combined TRACON& Tower with Radar,12,52,41,0,105,0,0,0,0,0,12,52,41,0,105,16,0,16,121
12/21/2007,MLI,IL,AGL,CE,Combined TRACON& Tower with Radar,4,12,19,0,35,0,0,0,0,0,4,12,19,0,35,0,0,0,35
12/22/2007,MLI,IL,AGL,CE,Combined TRACON& Tower with Radar,20,37,11,0,68,0,0,0,0,0,20,37,11,0,68,0,0,0,68
12/23/2007,MLI,IL,AGL,CE,Combined TRACON& Tower with Radar,11,33,12,0,56,0,0,0,0,0,11,33,12,0,56,0,0,0,56
12/24/2007,MLI,IL,AGL,CE,Combined TRACON& Tower with Radar,22,37,9,0,68,0,0,5,0,5,22,37,14,0,73,32,0,32,105
12/25/2007,MLI,IL,AGL,CE,Combined TRACON& Tower with Radar,13,39,3,0,55,0,0,13,0,13,13,39,16,0,68,0,0,0,68
12/26/2007,MLI,IL,AGL,CE,Combined TRACON& Tower with Radar,13,51,19,0,83,0,0,38,0,38,13,51,57,0,121,66,0,66,187
12/28/2007,MLI,IL,AGL,CE,Combined TRACON& Tower with Radar,24,30,13,0,67,0,0,0,0,0,24,30,13,0,67,0,0,0,67
12/29/2007,MLI,IL,AGL,CE,Combined TRACON& Tower with Radar,28,37,14,0,79,0,0,11,0,11,28,37,25,0,90,44,0,44,134
12/30/2007,MLI,IL,AGL,CE,Combined TRACON& Tower with Radar,19,34,4,0,57,0,0,1,0,1,19,34,5,0,58,0,0,0,58
12/31/2007,MLI,IL,AGL,CE,Combined TRACON& Tower with Radar,18,32,0,0,50,0,0,0,0,0,18,32,0,0,50,0,0,0,50
01/01/2008,MLI,IL,AGL,CE,Combined TRACON& Tower with Radar,10,37,2,0,49,0,0,0,0,0,10,37,2,0,49,0,0,0,49
01/02/2008,MLI,IL,AGL,CE,Combined TRACON& Tower with Radar,18,52,23,0,93,0,1,19,0,20,18,53,42,0,113,0,0,0,113
01/03/2008,MLI,IL,AGL,CE,Combined TRACON& Tower with Radar,15,49,7,2,73,0,0,0,0,0,15,49,7,2,73,34,0,34,107
01/04/2008,MLI,IL,AGL,CE,Combined TRACON& Tower with Radar,40,30,26,1,97,0,2,26,2,30,40,32,52,3,127,22,0,22,149
01/05/2008,MLI,IL,AGL,CE,Combined TRACON& Tower with Radar,26,36,16,0,78,0,1,8,0,9,26,37,24,0,87,14,0,14,101
01/06/2008,MLI,IL,AGL,CE,Combined TRACON& Tower with Radar,25,45,21,0,91,0,0,16,0,16,25,45,37,0,107,52,0,52,159
01/08/2008,MLI,IL,AGL,CE,Combined TRACON& Tower with Radar,15,46,18,0,79,0,0,1,0,1,15,46,19,0,80,0,0,0,80
01/09/2008,MLI,IL,AGL,CE,Combined TRACON& Tower with Radar,14,55,29,0,98,0,2,32,0,34,14,57,61,0,132,20,0,20,152
01/10/2008,MLI,IL,AGL,CE,Combined TRACON& Tower with Radar,16,54,18,0,88,0,1,4,0,5,16,55,22,0,93,34,0,34,127
01/11/2008,MLI,IL,AGL,CE,Combined TRACON& Tower with Radar,17,66,16,0,99,0,0,6,0,6,17,66,22,0,105,0,0,0,105
01/12/2008,MLI,IL,AGL,CE,Combined TRACON& Tower with Radar,31,26,14,0,71,0,2,36,0,38,31,28,50,0,109,118,0,118,227
01/13/2008,MLI,IL,AGL,CE,Combined TRACON& Tower with Radar,19,37,7,0,63,0,0,5,0,5,19,37,12,0,68,68,0,68,136
01/14/2008,MLI,IL,AGL,CE,Combined TRACON& Tower with Radar,19,44,26,0,89,0,0,9,20,29,19,44,35,20,118,22,0,22,140
01/15/2008,MLI,IL,AGL,CE,Combined TRACON& Tower with Radar,16,50,22,0,88,0,0,27,0,27,16,50,49,0,115,32,0,32,147
01/16/2008,MLI,IL,AGL,CE,Combined TRACON& Tower with Radar,15,58,21,3,97,0,10,16,0,26,15,68,37,3,123,32,0,32,155
01/17/2008,MLI,IL,AGL,CE,Combined TRACON& Tower with Radar,25,41,26,4,96,0,0,2,0,2,25,41,28,4,98,0,4,4,102
01/18/2008,MLI,IL,AGL,CE,Combined TRACON& Tower with Radar,31,37,22,2,92,0,1,7,0,8,31,38,29,2,100,14,0,14,114
01/19/2008,MLI,IL,AGL,CE,Combined TRACON& Tower with Radar,15,31,12,0,58,0,0,8,0,8,15,31,20,0,66,4,0,4,70
01/20/2008,MLI,IL,AGL,CE,Combined TRACON& Tower with Radar,17,34,12,0,63,0,0,16,0,16,17,34,28,0,79,40,0,40,119
01/21/2008,MLI,IL,AGL,CE,Combined TRACON& Tower with Radar,16,56,12,0,84,0,0,0,0,0,16,56,12,0,84,0,0,0,84
01/22/2008,MLI,IL,AGL,CE,Combined TRACON& Tower with Radar,12,43,23,1,79,0,0,16,0,16,12,43,39,1,95,6,0,6,101
01/23/2008,MLI,IL,AGL,CE,Combined TRACON& Tower with Radar,13,49,8,1,71,0,0,0,0,0,13,49,8,1,71,0,0,0,71
01/24/2008,MLI,IL,AGL,CE,Combined TRACON& Tower with Radar,20,47,16,1,84,0,0,8,0,8,20,47,24,1,92,0,2,2,94
01/25/2008,MLI,IL,AGL,CE,Combined TRACON& Tower with Radar,18,50,21,0,89,0,0,10,0,10,18,50,31,0,99,24,0,24,123
01/26/2008,MLI,IL,AGL,CE,Combined TRACON& Tower with Radar,18,37,19,8,82,0,2,25,1,28,18,39,44,9,110,58,0,58,168
01/27/2008,MLI,IL,AGL,CE,Combined TRACON& Tower with Radar,22,35,17,0,74,0,2,36,0,38,22,37,53,0,112,86,0,86,198
01/28/2008,MLI,IL,AGL,CE,Combined TRACON& Tower with Radar,15,52,14,1,82,0,2,6,2,10,15,54,20,3,92,0,0,0,92
01/29/2008,MLI,IL,AGL,CE,Combined TRACON& Tower with Radar,11,48,13,0,72,0,0,0,0,0,11,48,13,0,72,0,0,0,72
01/30/2008,MLI,IL,AGL,CE,Combined TRACON& Tower with Radar,22,51,29,1,103,0,0,23,0,23,22,51,52,1,126,12,0,12,138
01/31/2008,MLI,IL,AGL,CE,Combined TRACON& Tower with Radar,16,41,18,4,79,0,0,1,0,1,16,41,19,4,80,4,0,4,84
02/01/2008,MLI,IL,AGL,CE,Combined TRACON& Tower with Radar,15,51,26,0,92,0,0,3,0,3,15,51,29,0,95,6,0,6,101
02/02/2008,MLI,IL,AGL,CE,Combined TRACON& Tower with Radar,20,41,18,0,79,0,0,0,0,0,20,41,18,0,79,6,0,6,85
02/03/2008,MLI,IL,AGL,CE,Combined TRACON& Tower with Radar,13,37,24,0,74,0,0,0,0,0,13,37,24,0,74,2,0,2,76
02/04/2008,MLI,IL,AGL,CE,Combined TRACON& Tower with Radar,5,21,9,0,35,0,0,0,0,0,5,21,9,0,35,0,0,0,35
02/05/2008,MLI,IL,AGL,CE,Combined TRACON& Tower with Radar,20,39,17,0,76,0,1,0,0,1,20,40,17,0,77,0,0,0,77
02/06/2008,MLI,IL,AGL,CE,Combined TRACON& Tower with Radar,12,31,7,0,50,0,0,0,0,0,12,31,7,0,50,0,0,0,50
02/07/2008,MLI,IL,AGL,CE,Combined TRACON& Tower with Radar,21,48,35,0,104,0,0,0,0,0,21,48,35,0,104,0,0,0,104
02/08/2008,MLI,IL,AGL,CE,Combined TRACON& Tower with Radar,27,39,20,1,87,0,0,6,0,6,27,39,26,1,93,0,0,0,93
02/09/2008,MLI,IL,AGL,CE,Combined TRACON& Tower with Radar,21,35,10,0,66,0,0,0,0,0,21,35,10,0,66,0,0,0,66
02/10/2008,MLI,IL,AGL,CE,Combined TRACON& Tower with Radar,13,44,12,1,70,0,0,4,0,4,13,44,16,1,74,0,0,0,74
02/11/2008,MLI,IL,AGL,CE,Combined TRACON& Tower with Radar,16,49,15,0,80,0,0,3,0,3,16,49,18,0,83,0,0,0,83
02/12/2008,MLI,IL,AGL,CE,Combined TRACON& Tower with Radar,12,51,19,0,82,0,0,0,0,0,12,51,19,0,82,0,0,0,82
02/13/2008,MLI,IL,AGL,CE,Combined TRACON& Tower with Radar,19,47,37,1,104,0,1,28,1,30,19,48,65,2,134,2,0,2,136
02/14/2008,MLI,IL,AGL,CE,Combined TRACON& Tower with Radar,20,48,25,0,93,0,0,6,0,6,20,48,31,0,99,0,0,0,99
02/15/2008,MLI,IL,AGL,CE,Combined TRACON& Tower with Radar,32,33,15,0,80,0,0,12,0,12,32,33,27,0,92,2,0,2,94
02/16/2008,MLI,IL,AGL,CE,Combined TRACON& Tower with Radar,19,32,10,0,61,0,0,37,0,37,19,32,47,0,98,28,0,28,126
02/17/2008,MLI,IL,AGL,CE,Combined TRACON& Tower with Radar,11,34,3,0,48,0,0,0,0,0,11,34,3,0,48,0,0,0,48
02/18/2008,MLI,IL,AGL,CE,Combined TRACON& Tower with Radar,15,46,21,0,82,0,0,2,0,2,15,46,23,0,84,0,0,0,84
02/19/2008,MLI,IL,AGL,CE,Combined TRACON& Tower with Radar,21,53,41,0,115,0,0,3,0,3,21,53,44,0,118,0,0,0,118
02/20/2008,MLI,IL,AGL,CE,Combined TRACON& Tower with Radar,22,55,46,2,125,0,1,12,0,13,22,56,58,2,138,0,0,0,138
02/21/2008,MLI,IL,AGL,CE,Combined TRACON& Tower with Radar,18,55,28,0,101,0,0,7,0,7,18,55,35,0,108,0,0,0,108
02/22/2008,MLI,IL,AGL,CE,Combined TRACON& Tower with Radar,22,46,11,0,79,0,0,9,0,9,22,46,20,0,88,22,0,22,110
02/23/2008,MLI,IL,AGL,CE,Combined TRACON& Tower with Radar,11,47,9,0,67,0,1,14,0,15,11,48,23,0,82,0,0,0,82
02/24/2008,MLI,IL,AGL,CE,Combined TRACON& Tower with Radar,9,45,19,2,75,0,1,31,2,34,9,46,50,4,109,22,0,22,131
02/25/2008,MLI,IL,AGL,CE,Combined TRACON& Tower with Radar,15,47,13,0,75,0,0,0,0,0,15,47,13,0,75,0,0,0,75
02/26/2008,MLI,IL,AGL,CE,Combined TRACON& Tower with Radar,16,47,20,0,83,0,0,1,0,1,16,47,21,0,84,0,0,0,84
02/27/2008,MLI,IL,AGL,CE,Combined TRACON& Tower with Radar,18,55,24,0,97,0,0,15,0,15,18,55,39,0,112,16,0,16,128
02/28/2008,MLI,IL,AGL,CE,Combined TRACON& Tower with Radar,16,64,21,2,103,0,0,1,0,1,16,64,22,2,104,0,0,0,104
02/29/2008,MLI,IL,AGL,CE,Combined TRACON& Tower with Radar,19,46,11,0,76,0,0,11,0,11,19,46,22,0,87,16,0,16,103
03/01/2008,MLI,IL,AGL,CE,Combined TRACON& Tower with Radar,14,39,19,0,72,0,1,36,4,41,14,40,55,4,113,26,0,26,139
03/02/2008,MLI,IL,AGL,CE,Combined TRACON& Tower with Radar,10,49,7,0,66,0,0,7,0,7,10,49,14,0,73,30,0,30,103
03/03/2008,MLI,IL,AGL,CE,Combined TRACON& Tower with Radar,14,46,24,0,84,0,0,3,0,3,14,46,27,0,87,0,0,0,87
03/04/2008,MLI,IL,AGL,CE,Combined TRACON& Tower with Radar,17,51,21,0,89,0,0,21,0,21,17,51,42,0,110,40,0,40,150
03/05/2008,MLI,IL,AGL,CE,Combined TRACON& Tower with Radar,17,53,24,0,94,0,0,8,1,9,17,53,32,1,103,26,0,26,129
03/06/2008,MLI,IL,AGL,CE,Combined TRACON& Tower with Radar,19,48,20,0,87,0,0,34,0,34,19,48,54,0,121,40,0,40,161
03/07/2008,MLI,IL,AGL,CE,Combined TRACON& Tower with Radar,24,42,22,0,88,0,3,12,0,15,24,45,34,0,103,0,0,0,103
03/08/2008,MLI,IL,AGL,CE,Combined TRACON& Tower with Radar,11,50,14,0,75,0,1,44,0,45,11,51,58,0,120,56,0,56,176
03/09/2008,MLI,IL,AGL,CE,Combined TRACON& Tower with Radar,21,44,16,0,81,0,0,16,0,16,21,44,32,0,97,22,0,22,119
03/10/2008,MLI,IL,AGL,CE,Combined TRACON& Tower with Radar,20,53,21,0,94,0,0,15,0,15,20,53,36,0,109,16,0,16,125
03/11/2008,MLI,IL,AGL,CE,Combined TRACON& Tower with Radar,16,50,19,0,85,0,3,37,0,40,16,53,56,0,125,32,0,32,157
03/12/2008,MLI,IL,AGL,CE,Combined TRACON& Tower with Radar,17,52,25,0,94,0,1,0,0,1,17,53,25,0,95,28,0,28,123
03/13/2008,MLI,IL,AGL,CE,Combined TRACON& Tower with Radar,20,51,13,4,88,0,3,19,0,22,20,54,32,4,110,40,0,40,150
03/14/2008,MLI,IL,AGL,CE,Combined TRACON& Tower with Radar,17,56,18,0,91,0,0,25,0,25,17,56,43,0,116,18,0,18,134
03/15/2008,MLI,IL,AGL,CE,Combined TRACON& Tower with Radar,19,42,9,0,70,0,0,18,0,18,19,42,27,0,88,28,0,28,116
03/16/2008,MLI,IL,AGL,CE,Combined TRACON& Tower with Radar,24,41,10,0,75,0,0,25,0,25,24,41,35,0,100,100,0,100,200
03/17/2008,MLI,IL,AGL,CE,Combined TRACON& Tower with Radar,21,42,14,0,77,0,0,4,0,4,21,42,18,0,81,4,0,4,85
03/18/2008,MLI,IL,AGL,CE,Combined TRACON& Tower with Radar,18,30,24,1,73,0,0,1,0,1,18,30,25,1,74,0,0,0,74
03/19/2008,MLI,IL,AGL,CE,Combined TRACON& Tower with Radar,21,52,25,2,100,0,3,29,0,32,21,55,54,2,132,64,0,64,196
03/20/2008,MLI,IL,AGL,CE,Combined TRACON& Tower with Radar,16,55,25,2,98,0,0,24,0,24,16,55,49,2,122,46,0,46,168
03/21/2008,MLI,IL,AGL,CE,Combined TRACON& Tower with Radar,12,44,15,0,71,0,1,11,0,12,12,45,26,0,83,20,0,20,103
03/22/2008,MLI,IL,AGL,CE,Combined TRACON& Tower with Radar,25,32,16,0,73,0,0,17,0,17,25,32,33,0,90,74,0,74,164
03/23/2008,MLI,IL,AGL,CE,Combined TRACON& Tower with Radar,15,42,4,0,61,0,0,2,0,2,15,42,6,0,63,0,0,0,63
03/24/2008,MLI,IL,AGL,CE,Combined TRACON& Tower with Radar,27,46,23,0,96,0,0,22,0,22,27,46,45,0,118,40,0,40,158
03/25/2008,MLI,IL,AGL,CE,Combined TRACON& Tower with Radar,19,54,27,0,100,0,0,17,0,17,19,54,44,0,117,26,0,26,143
03/26/2008,MLI,IL,AGL,CE,Combined TRACON& Tower with Radar,19,51,31,0,101,0,1,36,0,37,19,52,67,0,138,58,0,58,196
03/27/2008,MLI,IL,AGL,CE,Combined TRACON& Tower with Radar,15,49,15,0,79,0,0,0,0,0,15,49,15,0,79,0,0,0,79
03/28/2008,MLI,IL,AGL,CE,Combined TRACON& Tower with Radar,16,52,28,0,96,0,0,39,0,39,16,52,67,0,135,36,0,36,171
03/29/2008,MLI,IL,AGL,CE,Combined TRACON& Tower with Radar,19,38,25,0,82,0,0,44,0,44,19,38,69,0,126,36,0,36,162
03/30/2008,MLI,IL,AGL,CE,Combined TRACON& Tower with Radar,13,44,8,0,65,0,0,13,0,13,13,44,21,0,78,50,0,50,128
03/31/2008,MLI,IL,AGL,CE,Combined TRACON& Tower with Radar,21,47,17,0,85,0,0,1,0,1,21,47,18,0,86,0,0,0,86
04/01/2008,MLI,IL,AGL,CE,Combined TRACON& Tower with Radar,15,51,21,0,87,0,0,16,0,16,15,51,37,0,103,36,0,36,139
04/02/2008,MLI,IL,AGL,CE,Combined TRACON& Tower with Radar,20,55,22,5,102,0,0,47,0,47,20,55,69,5,149,36,2,38,187
04/03/2008,MLI,IL,AGL,CE,Combined TRACON& Tower with Radar,14,55,22,0,91,0,1,8,0,9,14,56,30,0,100,0,0,0,100
04/04/2008,MLI,IL,AGL,CE,Combined TRACON& Tower with Radar,22,44,20,6,92,0,1,28,0,29,22,45,48,6,121,64,0,64,185
04/05/2008,MLI,IL,AGL,CE,Combined TRACON& Tower with Radar,21,35,14,0,70,0,0,68,0,68,21,35,82,0,138,74,0,74,212
04/06/2008,MLI,IL,AGL,CE,Combined TRACON& Tower with Radar,16,49,13,0,78,0,0,20,0,20,16,49,33,0,98,26,0,26,124
04/07/2008,MLI,IL,AGL,CE,Combined TRACON& Tower with Radar,17,55,26,3,101,0,0,13,0,13,17,55,39,3,114,24,0,24,138
04/08/2008,MLI,IL,AGL,CE,Combined TRACON& Tower with Radar,19,52,28,0,99,0,0,3,0,3,19,52,31,0,102,0,0,0,102
04/09/2008,MLI,IL,AGL,CE,Combined TRACON& Tower with Radar,18,54,31,2,105,0,0,22,0,22,18,54,53,2,127,76,0,76,203
04/10/2008,MLI,IL,AGL,CE,Combined TRACON& Tower with Radar,11,52,10,0,73,0,0,0,0,0,11,52,10,0,73,2,0,2,75
04/11/2008,MLI,IL,AGL,CE,Combined TRACON& Tower with Radar,19,54,33,0,106,0,0,4,0,4,19,54,37,0,110,0,0,0,110
04/12/2008,MLI,IL,AGL,CE,Combined TRACON& Tower with Radar,17,39,7,0,63,0,2,0,0,2,17,41,7,0,65,0,0,0,65
04/13/2008,MLI,IL,AGL,CE,Combined TRACON& Tower with Radar,10,54,20,0,84,0,0,11,0,11,10,54,31,0,95,26,0,26,121
04/14/2008,MLI,IL,AGL,CE,Combined TRACON& Tower with Radar,14,55,28,0,97,0,0,64,0,64,14,55,92,0,161,42,0,42,203
04/15/2008,MLI,IL,AGL,CE,Combined TRACON& Tower with Radar,14,55,31,0,100,0,1,13,0,14,14,56,44,0,114,6,0,6,120
04/16/2008,MLI,IL,AGL,CE,Combined TRACON& Tower with Radar,24,45,29,0,98,0,0,17,2,19,24,45,46,2,117,6,0,6,123
04/17/2008,MLI,IL,AGL,CE,Combined TRACON& Tower with Radar,18,56,30,0,104,0,2,15,0,17,18,58,45,0,121,22,0,22,143
04/18/2008,MLI,IL,AGL,CE,Combined TRACON& Tower with Radar,22,49,28,0,99,0,0,6,0,6,22,49,34,0,105,26,0,26,131
04/19/2008,MLI,IL,AGL,CE,Combined TRACON& Tower with Radar,17,42,29,0,88,0,0,3,0,3,17,42,32,0,91,54,0,54,145
04/20/2008,MLI,IL,AGL,CE,Combined TRACON& Tower with Radar,10,53,22,0,85,0,0,34,0,34,10,53,56,0,119,40,0,40,159
04/21/2008,MLI,IL,AGL,CE,Combined TRACON& Tower with Radar,24,53,22,0,99,0,0,29,1,30,24,53,51,1,129,14,0,14,143
04/22/2008,MLI,IL,AGL,CE,Combined TRACON& Tower with Radar,12,60,9,0,81,0,0,28,0,28,12,60,37,0,109,40,0,40,149
04/23/2008,MLI,IL,AGL,CE,Combined TRACON& Tower with Radar,20,52,29,2,103,0,2,45,0,47,20,54,74,2,150,70,0,70,220
04/24/2008,MLI,IL,AGL,CE,Combined TRACON& Tower with Radar,17,51,22,0,90,0,1,7,0,8,17,52,29,0,98,14,0,14,112
04/25/2008,MLI,IL,AGL,CE,Combined TRACON& Tower with Radar,33,56,21,0,110,0,0,3,0,3,33,56,24,0,113,0,0,0,113
04/26/2008,MLI,IL,AGL,CE,Combined TRACON& Tower with Radar,28,31,13,0,72,0,0,15,0,15,28,31,28,0,87,14,0,14,101
04/27/2008,MLI,IL,AGL,CE,Combined TRACON& Tower with Radar,12,47,24,0,83,0,0,32,0,32,12,47,56,0,115,38,0,38,153
04/28/2008,MLI,IL,AGL,CE,Combined TRACON& Tower with Radar,36,39,31,0,106,0,0,7,0,7,36,39,38,0,113,18,0,18,131
04/29/2008,MLI,IL,AGL,CE,Combined TRACON& Tower with Radar,14,55,38,0,107,0,0,33,0,33,14,55,71,0,140,10,0,10,150
04/30/2008,MLI,IL,AGL,CE,Combined TRACON& Tower with Radar,17,60,30,10,117,0,0,29,0,29,17,60,59,10,146,64,20,84,230
05/01/2008,MLI,IL,AGL,CE,Combined TRACON& Tower with Radar,17,53,16,2,88,0,2,20,0,22,17,55,36,2,110,30,0,30,140
05/02/2008,MLI,IL,AGL,CE,Combined TRACON& Tower with Radar,22,46,20,0,88,0,0,3,0,3,22,46,23,0,91,0,0,0,91
05/03/2008,MLI,IL,AGL,CE,Combined TRACON& Tower with Radar,20,41,19,0,80,0,0,3,0,3,20,41,22,0,83,0,0,0,83
05/04/2008,MLI,IL,AGL,CE,Combined TRACON& Tower with Radar,16,50,13,0,79,0,1,49,0,50,16,51,62,0,129,54,0,54,183
05/05/2008,MLI,IL,AGL,CE,Combined TRACON& Tower with Radar,27,45,41,0,113,0,2,40,0,42,27,47,81,0,155,58,0,58,213
05/06/2008,MLI,IL,AGL,CE,Combined TRACON& Tower with Radar,25,58,30,0,113,0,0,14,0,14,25,58,44,0,127,14,0,14,141
05/07/2008,MLI,IL,AGL,CE,Combined TRACON& Tower with Radar,21,52,31,0,104,0,0,4,0,4,21,52,35,0,108,16,0,16,124
05/08/2008,MLI,IL,AGL,CE,Combined TRACON& Tower with Radar,16,55,30,6,107,0,2,19,0,21,16,57,49,6,128,28,14,42,170
05/09/2008,MLI,IL,AGL,CE,Combined TRACON& Tower with Radar,21,52,19,0,92,0,0,27,1,28,21,52,46,1,120,40,0,40,160
05/10/2008,MLI,IL,AGL,CE,Combined TRACON& Tower with Radar,14,45,11,0,70,0,0,52,0,52,14,45,63,0,122,30,0,30,152
05/11/2008,MLI,IL,AGL,CE,Combined TRACON& Tower with Radar,22,42,5,0,69,0,0,0,0,0,22,42,5,0,69,0,0,0,69
05/12/2008,MLI,IL,AGL,CE,Combined TRACON& Tower with Radar,17,56,26,5,104,0,0,28,0,28,17,56,54,5,132,80,0,80,212
05/13/2008,MLI,IL,AGL,CE,Combined TRACON& Tower with Radar,17,64,25,3,109,0,0,11,0,11,17,64,36,3,120,2,0,2,122
05/14/2008,MLI,IL,AGL,CE,Combined TRACON& Tower with Radar,29,51,34,0,114,0,0,23,0,23,29,51,57,0,137,46,0,46,183
05/15/2008,MLI,IL,AGL,CE,Combined TRACON& Tower with Radar,25,45,38,3,111,0,3,30,1,34,25,48,68,4,145,32,0,32,177
05/16/2008,MLI,IL,AGL,CE,Combined TRACON& Tower with Radar,18,65,20,0,103,0,0,40,1,41,18,65,60,1,144,34,0,34,178
05/17/2008,MLI,IL,AGL,CE,Combined TRACON& Tower with Radar,16,42,8,0,66,0,0,26,0,26,16,42,34,0,92,38,0,38,130
05/18/2008,MLI,IL,AGL,CE,Combined TRACON& Tower with Radar,9,54,13,0,76,0,0,22,0,22,9,54,35,0,98,34,0,34,132
05/19/2008,MLI,IL,AGL,CE,Combined TRACON& Tower with Radar,14,61,25,1,101,0,0,23,3,26,14,61,48,4,127,74,0,74,201
05/20/2008,MLI,IL,AGL,CE,Combined TRACON& Tower with Radar,19,55,27,4,105,0,1,16,1,18,19,56,43,5,123,32,0,32,155
05/21/2008,MLI,IL,AGL,CE,Combined TRACON& Tower with Radar,20,52,38,0,110,0,0,38,0,38,20,52,76,0,148,58,0,58,206
05/22/2008,MLI,IL,AGL,CE,Combined TRACON& Tower with Radar,19,51,22,0,92,0,1,29,0,30,19,52,51,0,122,24,0,24,146
05/23/2008,MLI,IL,AGL,CE,Combined TRACON& Tower with Radar,25,50,23,2,100,0,0,5,0,5,25,50,28,2,105,14,0,14,119
05/24/2008,MLI,IL,AGL,CE,Combined TRACON& Tower with Radar,16,43,20,0,79,0,0,34,0,34,16,43,54,0,113,38,0,38,151
05/25/2008,MLI,IL,AGL,CE,Combined TRACON& Tower with Radar,22,31,8,0,61,0,0,9,0,9,22,31,17,0,70,18,0,18,88
05/26/2008,MLI,IL,AGL,CE,Combined TRACON& Tower with Radar,16,48,10,0,74,0,1,10,0,11,16,49,20,0,85,28,0,28,113
05/27/2008,MLI,IL,AGL,CE,Combined TRACON& Tower with Radar,17,53,26,6,102,0,0,4,0,4,17,53,30,6,106,18,0,18,124
05/28/2008,MLI,IL,AGL,CE,Combined TRACON& Tower with Radar,25,46,14,3,88,0,2,33,0,35,25,48,47,3,123,76,0,76,199
05/29/2008,MLI,IL,AGL,CE,Combined TRACON& Tower with Radar,18,55,23,0,96,0,0,11,0,11,18,55,34,0,107,40,0,40,147
05/30/2008,MLI,IL,AGL,CE,Combined TRACON& Tower with Radar,31,38,18,2,89,0,0,8,0,8,31,38,26,2,97,16,0,16,113
05/31/2008,MLI,IL,AGL,CE,Combined TRACON& Tower with Radar,20,37,13,0,70,0,0,32,3,35,20,37,45,3,105,40,0,40,145
06/01/2008,MLI,IL,AGL,CE,Combined TRACON& Tower with Radar,31,42,17,0,90,0,0,32,0,32,31,42,49,0,122,26,0,26,148
06/02/2008,MLI,IL,AGL,CE,Combined TRACON& Tower with Radar,23,48,27,0,98,0,0,16,0,16,23,48,43,0,114,22,0,22,136
06/03/2008,MLI,IL,AGL,CE,Combined TRACON& Tower with Radar,16,52,41,0,109,0,0,7,0,7,16,52,48,0,116,20,0,20,136
06/04/2008,MLI,IL,AGL,CE,Combined TRACON& Tower with Radar,25,47,43,0,115,0,0,10,0,10,25,47,53,0,125,40,0,40,165
06/05/2008,MLI,IL,AGL,CE,Combined TRACON& Tower with Radar,12,57,19,3,91,0,2,13,0,15,12,59,32,3,106,2,2,4,110
06/06/2008,MLI,IL,AGL,CE,Combined TRACON& Tower with Radar,16,55,15,0,86,0,0,2,0,2,16,55,17,0,88,2,0,2,90
06/07/2008,MLI,IL,AGL,CE,Combined TRACON& Tower with Radar,33,31,8,0,72,0,0,4,0,4,33,31,12,0,76,0,0,0,76
06/08/2008,MLI,IL,AGL,CE,Combined TRACON& Tower with Radar,24,31,7,0,62,0,0,7,0,7,24,31,14,0,69,20,0,20,89
06/09/2008,MLI,IL,AGL,CE,Combined TRACON& Tower with Radar,20,39,27,0,86,0,0,13,0,13,20,39,40,0,99,42,0,42,141
06/10/2008,MLI,IL,AGL,CE,Combined TRACON& Tower with Radar,25,49,27,0,101,0,0,0,0,0,25,49,27,0,101,106,0,106,207
06/11/2008,MLI,IL,AGL,CE,Combined TRACON& Tower with Radar,15,55,25,0,95,0,1,16,10,27,15,56,41,10,122,38,0,38,160
06/12/2008,MLI,IL,AGL,CE,Combined TRACON& Tower with Radar,11,54,22,0,87,0,1,5,0,6,11,55,27,0,93,0,0,0,93
06/13/2008,MLI,IL,AGL,CE,Combined TRACON& Tower with Radar,17,56,38,0,111,0,1,28,0,29,17,57,66,0,140,52,0,52,192
06/14/2008,MLI,IL,AGL,CE,Combined TRACON& Tower with Radar,22,36,23,0,81,0,0,54,0,54,22,36,77,0,135,130,0,130,265
06/15/2008,MLI,IL,AGL,CE,Combined TRACON& Tower with Radar,29,33,22,0,84,0,0,24,0,24,29,33,46,0,108,38,0,38,146
06/16/2008,MLI,IL,AGL,CE,Combined TRACON& Tower with Radar,16,50,21,5,92,0,0,50,3,53,16,50,71,8,145,70,6,76,221
06/17/2008,MLI,IL,AGL,CE,Combined TRACON& Tower with Radar,19,54,28,0,101,0,0,47,0,47,19,54,75,0,148,130,0,130,278
06/18/2008,MLI,IL,AGL,CE,Combined TRACON& Tower with Radar,19,56,27,7,109,0,0,52,1,53,19,56,79,8,162,72,0,72,234
06/19/2008,MLI,IL,AGL,CE,Combined TRACON& Tower with Radar,11,54,40,4,109,0,1,43,11,55,11,55,83,15,164,110,4,114,278
06/20/2008,MLI,IL,AGL,CE,Combined TRACON& Tower with Radar,28,48,26,1,103,0,0,38,2,40,28,48,64,3,143,14,0,14,157
06/21/2008,MLI,IL,AGL,CE,Combined TRACON& Tower with Radar,20,39,8,1,68,0,0,52,7,59,20,39,60,8,127,32,0,32,159
06/22/2008,MLI,IL,AGL,CE,Combined TRACON& Tower with Radar,15,46,10,2,73,0,0,29,10,39,15,46,39,12,112,30,4,34,146
06/23/2008,MLI,IL,AGL,CE,Combined TRACON& Tower with Radar,18,60,24,3,105,0,0,40,0,40,18,60,64,3,145,122,0,122,267
06/24/2008,MLI,IL,AGL,CE,Combined TRACON& Tower with Radar,14,56,11,0,81,0,0,23,0,23,14,56,34,0,104,46,0,46,150
06/25/2008,MLI,IL,AGL,CE,Combined TRACON& Tower with Radar,22,60,22,4,108,0,1,11,0,12,22,61,33,4,120,44,0,44,164
06/26/2008,MLI,IL,AGL,CE,Combined TRACON& Tower with Radar,19,52,42,2,115,0,2,28,1,31,19,54,70,3,146,84,0,84,230
06/27/2008,MLI,IL,AGL,CE,Combined TRACON& Tower with Radar,14,60,40,1,115,0,0,11,0,11,14,60,51,1,126,12,0,12,138
06/28/2008,MLI,IL,AGL,CE,Combined TRACON& Tower with Radar,29,33,10,0,72,0,0,37,0,37,29,33,47,0,109,2,0,2,111
06/29/2008,MLI,IL,AGL,CE,Combined TRACON& Tower with Radar,18,40,14,2,74,0,0,9,0,9,18,40,23,2,83,48,0,48,131
06/30/2008,MLI,IL,AGL,CE,Combined TRACON& Tower with Radar,16,52,37,0,105,0,1,57,0,58,16,53,94,0,163,150,0,150,313
07/01/2008,MLI,IL,AGL,CE,Combined TRACON& Tower with Radar,16,52,28,0,96,0,0,53,0,53,16,52,81,0,149,96,0,96,245
07/02/2008,MLI,IL,AGL,CE,Combined TRACON& Tower with Radar,15,55,21,0,91,0,1,7,0,8,15,56,28,0,99,34,0,34,133
07/03/2008,MLI,IL,AGL,CE,Combined TRACON& Tower with Radar,15,48,13,0,76,0,0,43,0,43,15,48,56,0,119,84,0,84,203
07/04/2008,MLI,IL,AGL,CE,Combined TRACON& Tower with Radar,18,27,7,0,52,0,0,58,0,58,18,27,65,0,110,50,0,50,160
07/05/2008,MLI,IL,AGL,CE,Combined TRACON& Tower with Radar,23,34,9,0,66,0,0,37,0,37,23,34,46,0,103,44,0,44,147
07/06/2008,MLI,IL,AGL,CE,Combined TRACON& Tower with Radar,31,32,22,0,85,0,0,25,0,25,31,32,47,0,110,36,0,36,146
07/07/2008,MLI,IL,AGL,CE,Combined TRACON& Tower with Radar,18,61,32,2,113,0,0,21,0,21,18,61,53,2,134,60,0,60,194
07/08/2008,MLI,IL,AGL,CE,Combined TRACON& Tower with Radar,13,65,36,0,114,0,0,3,0,3,13,65,39,0,117,20,0,20,137
07/09/2008,MLI,IL,AGL,CE,Combined TRACON& Tower with Radar,12,61,33,4,110,0,0,53,0,53,12,61,86,4,163,96,16,112,275
07/10/2008,MLI,IL,AGL,CE,Combined TRACON& Tower with Radar,9,61,15,0,85,0,5,28,0,33,9,66,43,0,118,118,0,118,236
07/11/2008,MLI,IL,AGL,CE,Combined TRACON& Tower with Radar,12,53,33,2,100,0,0,21,0,21,12,53,54,2,121,12,0,12,133
07/12/2008,MLI,IL,AGL,CE,Combined TRACON& Tower with Radar,16,40,10,0,66,0,0,26,0,26,16,40,36,0,92,56,0,56,148
07/13/2008,MLI,IL,AGL,CE,Combined TRACON& Tower with Radar,14,49,28,0,91,0,0,50,0,50,14,49,78,0,141,30,0,30,171
07/14/2008,MLI,IL,AGL,CE,Combined TRACON& Tower with Radar,15,49,32,3,99,0,2,41,1,44,15,51,73,4,143,54,0,54,197
07/15/2008,MLI,IL,AGL,CE,Combined TRACON& Tower with Radar,16,52,36,0,104,0,0,45,0,45,16,52,81,0,149,44,0,44,193
07/16/2008,MLI,IL,AGL,CE,Combined TRACON& Tower with Radar,14,56,19,0,89,0,1,39,0,40,14,57,58,0,129,76,0,76,205
07/17/2008,MLI,IL,AGL,CE,Combined TRACON& Tower with Radar,23,56,21,3,103,0,0,27,0,27,23,56,48,3,130,26,0,26,156
07/18/2008,MLI,IL,AGL,CE,Combined TRACON& Tower with Radar,11,55,24,0,90,0,0,8,0,8,11,55,32,0,98,14,0,14,112
07/19/2008,MLI,IL,AGL,CE,Combined TRACON& Tower with Radar,21,38,15,0,74,0,0,20,0,20,21,38,35,0,94,52,0,52,146
07/20/2008,MLI,IL,AGL,CE,Combined TRACON& Tower with Radar,16,50,12,0,78,0,0,45,0,45,16,50,57,0,123,24,0,24,147
07/21/2008,MLI,IL,AGL,CE,Combined TRACON& Tower with Radar,10,31,36,0,77,0,0,3,0,3,10,31,39,0,80,0,0,0,80
07/22/2008,MLI,IL,AGL,CE,Combined TRACON& Tower with Radar,22,38,22,0,82,0,1,11,0,12,22,39,33,0,94,0,0,0,94
07/23/2008,MLI,IL,AGL,CE,Combined TRACON& Tower with Radar,10,54,28,0,92,0,0,29,0,29,10,54,57,0,121,24,0,24,145
07/24/2008,MLI,IL,AGL,CE,Combined TRACON& Tower with Radar,14,52,29,0,95,0,0,18,0,18,14,52,47,0,113,66,0,66,179
07/25/2008,MLI,IL,AGL,CE,Combined TRACON& Tower with Radar,14,52,57,5,128,0,0,18,0,18,14,52,75,5,146,76,0,76,222
07/26/2008,MLI,IL,AGL,CE,Combined TRACON& Tower with Radar,28,33,19,0,80,0,2,31,0,33,28,35,50,0,113,46,0,46,159
07/27/2008,MLI,IL,AGL,CE,Combined TRACON& Tower with Radar,18,48,16,2,84,0,0,44,0,44,18,48,60,2,128,66,0,66,194
07/28/2008,MLI,IL,AGL,CE,Combined TRACON& Tower with Radar,11,59,20,2,92,0,0,34,0,34,11,59,54,2,126,50,0,50,176
07/29/2008,MLI,IL,AGL,CE,Combined TRACON& Tower with Radar,14,56,38,0,108,0,0,16,0,16,14,56,54,0,124,16,0,16,140
07/30/2008,MLI,IL,AGL,CE,Combined TRACON& Tower with Radar,15,51,28,0,94,0,0,35,0,35,15,51,63,0,129,62,0,62,191
07/31/2008,MLI,IL,AGL,CE,Combined TRACON& Tower with Radar,23,49,19,2,93,0,0,14,1,15,23,49,33,3,108,40,0,40,148
08/01/2008,MLI,IL,AGL,CE,Combined TRACON& Tower with Radar,11,57,27,14,109,0,0,19,0,19,11,57,46,14,128,28,0,28,156
08/02/2008,MLI,IL,AGL,CE,Combined TRACON& Tower with Radar,25,34,12,0,71,0,0,29,0,29,25,34,41,0,100,22,0,22,122
08/03/2008,MLI,IL,AGL,CE,Combined TRACON& Tower with Radar,14,46,9,1,70,0,0,23,0,23,14,46,32,1,93,28,0,28,121
08/04/2008,MLI,IL,AGL,CE,Combined TRACON& Tower with Radar,24,41,24,0,89,0,0,4,0,4,24,41,28,0,93,10,0,10,103
08/05/2008,MLI,IL,AGL,CE,Combined TRACON& Tower with Radar,34,33,25,0,92,0,1,22,0,23,34,34,47,0,115,66,0,66,181
08/06/2008,MLI,IL,AGL,CE,Combined TRACON& Tower with Radar,16,52,17,0,85,0,0,42,0,42,16,52,59,0,127,28,0,28,155
08/07/2008,MLI,IL,AGL,CE,Combined TRACON& Tower with Radar,11,58,27,0,96,0,1,22,0,23,11,59,49,0,119,54,0,54,173
08/08/2008,MLI,IL,AGL,CE,Combined TRACON& Tower with Radar,15,47,26,3,91,0,0,38,1,39,15,47,64,4,130,44,0,44,174
08/09/2008,MLI,IL,AGL,CE,Combined TRACON& Tower with Radar,19,34,16,4,73,0,1,19,0,20,19,35,35,4,93,26,0,26,119
08/10/2008,MLI,IL,AGL,CE,Combined TRACON& Tower with Radar,16,46,14,0,76,0,0,35,0,35,16,46,49,0,111,38,0,38,149
08/11/2008,MLI,IL,AGL,CE,Combined TRACON& Tower with Radar,13,54,16,2,85,0,1,25,0,26,13,55,41,2,111,56,0,56,167
08/12/2008,MLI,IL,AGL,CE,Combined TRACON& Tower with Radar,18,60,23,0,101,0,0,15,0,15,18,60,38,0,116,84,0,84,200
08/13/2008,MLI,IL,AGL,CE,Combined TRACON& Tower with Radar,18,49,32,2,101,0,0,22,0,22,18,49,54,2,123,24,0,24,147
08/14/2008,MLI,IL,AGL,CE,Combined TRACON& Tower with Radar,15,51,28,0,94,0,0,26,0,26,15,51,54,0,120,26,0,26,146
08/15/2008,MLI,IL,AGL,CE,Combined TRACON& Tower with Radar,19,43,27,0,89,0,2,24,0,26,19,45,51,0,115,18,0,18,133
08/16/2008,MLI,IL,AGL,CE,Combined TRACON& Tower with Radar,20,38,10,0,68,0,2,45,2,49,20,40,55,2,117,82,0,82,199
08/17/2008,MLI,IL,AGL,CE,Combined TRACON& Tower with Radar,32,30,10,0,72,0,0,29,0,29,32,30,39,0,101,54,0,54,155
08/18/2008,MLI,IL,AGL,CE,Combined TRACON& Tower with Radar,19,46,18,4,87,0,0,28,0,28,19,46,46,4,115,26,0,26,141
08/19/2008,MLI,IL,AGL,CE,Combined TRACON& Tower with Radar,20,44,23,0,87,0,0,17,0,17,20,44,40,0,104,0,0,0,104
08/20/2008,MLI,IL,AGL,CE,Combined TRACON& Tower with Radar,27,39,31,1,98,0,0,13,0,13,27,39,44,1,111,34,0,34,145
08/21/2008,MLI,IL,AGL,CE,Combined TRACON& Tower with Radar,18,52,22,0,92,0,0,4,0,4,18,52,26,0,96,26,0,26,122
08/22/2008,MLI,IL,AGL,CE,Combined TRACON& Tower with Radar,16,56,22,0,94,0,7,11,0,18,16,63,33,0,112,24,0,24,136
08/23/2008,MLI,IL,AGL,CE,Combined TRACON& Tower with Radar,18,39,17,0,74,0,0,13,0,13,18,39,30,0,87,44,0,44,131
08/24/2008,MLI,IL,AGL,CE,Combined TRACON& Tower with Radar,20,46,15,1,82,0,0,35,0,35,20,46,50,1,117,36,0,36,153
08/25/2008,MLI,IL,AGL,CE,Combined TRACON& Tower with Radar,18,55,22,3,98,0,0,25,0,25,18,55,47,3,123,34,0,34,157
08/26/2008,MLI,IL,AGL,CE,Combined TRACON& Tower with Radar,23,35,25,0,83,0,0,23,1,24,23,35,48,1,107,40,0,40,147
08/27/2008,MLI,IL,AGL,CE,Combined TRACON& Tower with Radar,27,37,35,0,99,0,2,14,0,16,27,39,49,0,115,66,0,66,181
08/28/2008,MLI,IL,AGL,CE,Combined TRACON& Tower with Radar,23,57,25,0,105,0,0,11,0,11,23,57,36,0,116,56,0,56,172
08/29/2008,MLI,IL,AGL,CE,Combined TRACON& Tower with Radar,17,48,30,4,99,0,0,35,0,35,17,48,65,4,134,42,0,42,176
08/30/2008,MLI,IL,AGL,CE,Combined TRACON& Tower with Radar,15,30,11,0,56,0,0,37,0,37,15,30,48,0,93,44,0,44,137
08/31/2008,MLI,IL,AGL,CE,Combined TRACON& Tower with Radar,16,27,4,0,47,0,0,44,0,44,16,27,48,0,91,48,0,48,139
09/01/2008,MLI,IL,AGL,CE,Combined TRACON& Tower with Radar,19,40,13,0,72,0,0,38,0,38,19,40,51,0,110,14,0,14,124
09/02/2008,MLI,IL,AGL,CE,Combined TRACON& Tower with Radar,15,55,16,0,86,0,1,25,0,26,15,56,41,0,112,72,0,72,184
09/03/2008,MLI,IL,AGL,CE,Combined TRACON& Tower with Radar,11,62,39,0,112,0,3,18,0,21,11,65,57,0,133,0,0,0,133
09/04/2008,MLI,IL,AGL,CE,Combined TRACON& Tower with Radar,13,55,47,0,115,0,0,0,0,0,13,55,47,0,115,0,0,0,115
09/05/2008,MLI,IL,AGL,CE,Combined TRACON& Tower with Radar,14,54,40,0,108,0,0,26,0,26,14,54,66,0,134,34,0,34,168
09/06/2008,MLI,IL,AGL,CE,Combined TRACON& Tower with Radar,19,32,12,0,63,0,1,27,0,28,19,33,39,0,91,42,0,42,133
09/07/2008,MLI,IL,AGL,CE,Combined TRACON& Tower with Radar,19,57,9,0,85,0,0,26,0,26,19,57,35,0,111,40,0,40,151
09/08/2008,MLI,IL,AGL,CE,Combined TRACON& Tower with Radar,20,38,26,2,86,0,0,2,0,2,20,38,28,2,88,0,0,0,88
09/09/2008,MLI,IL,AGL,CE,Combined TRACON& Tower with Radar,13,50,23,0,86,0,0,42,0,42,13,50,65,0,128,54,0,54,182
09/10/2008,MLI,IL,AGL,CE,Combined TRACON& Tower with Radar,13,62,21,0,96,0,0,18,0,18,13,62,39,0,114,50,0,50,164
09/11/2008,MLI,IL,AGL,CE,Combined TRACON& Tower with Radar,12,55,25,0,92,0,0,10,0,10,12,55,35,0,102,4,0,4,106
09/12/2008,MLI,IL,AGL,CE,Combined TRACON& Tower with Radar,15,55,15,2,87,0,0,0,0,0,15,55,15,2,87,0,0,0,87
09/13/2008,MLI,IL,AGL,CE,Combined TRACON& Tower with Radar,15,40,5,0,60,0,0,0,0,0,15,40,5,0,60,0,0,0,60
09/14/2008,MLI,IL,AGL,CE,Combined TRACON& Tower with Radar,27,31,14,0,72,0,0,6,0,6,27,31,20,0,78,8,0,8,86
09/15/2008,MLI,IL,AGL,CE,Combined TRACON& Tower with Radar,15,53,38,4,110,0,0,11,0,11,15,53,49,4,121,38,0,38,159
09/16/2008,MLI,IL,AGL,CE,Combined TRACON& Tower with Radar,20,50,28,0,98,0,0,20,0,20,20,50,48,0,118,24,0,24,142
09/17/2008,MLI,IL,AGL,CE,Combined TRACON& Tower with Radar,9,61,26,3,99,0,0,25,0,25,9,61,51,3,124,24,0,24,148
09/18/2008,MLI,IL,AGL,CE,Combined TRACON& Tower with Radar,12,64,24,0,100,0,3,33,0,36,12,67,57,0,136,34,0,34,170
09/19/2008,MLI,IL,AGL,CE,Combined TRACON& Tower with Radar,21,54,18,1,94,0,1,38,1,40,21,55,56,2,134,62,0,62,196
09/20/2008,MLI,IL,AGL,CE,Combined TRACON& Tower with Radar,19,31,15,0,65,0,0,51,0,51,19,31,66,0,116,76,0,76,192
09/21/2008,MLI,IL,AGL,CE,Combined TRACON& Tower with Radar,21,45,21,0,87,0,0,28,0,28,21,45,49,0,115,55,0,55,170
09/22/2008,MLI,IL,AGL,CE,Combined TRACON& Tower with Radar,18,47,7,2,74,0,0,15,0,15,18,47,22,2,89,46,0,46,135
09/23/2008,MLI,IL,AGL,CE,Combined TRACON& Tower with Radar,15,47,17,0,79,0,3,32,0,35,15,50,49,0,114,18,0,18,132
09/24/2008,MLI,IL,AGL,CE,Combined TRACON& Tower with Radar,11,58,16,0,85,0,0,17,0,17,11,58,33,0,102,88,0,88,190
09/25/2008,MLI,IL,AGL,CE,Combined TRACON& Tower with Radar,9,59,30,0,98,0,0,16,0,16,9,59,46,0,114,72,0,72,186
09/26/2008,MLI,IL,AGL,CE,Combined TRACON& Tower with Radar,17,49,24,0,90,0,0,32,2,34,17,49,56,2,124,22,0,22,146
09/27/2008,MLI,IL,AGL,CE,Combined TRACON& Tower with Radar,20,32,12,0,64,0,0,53,0,53,20,32,65,0,117,34,0,34,151
09/28/2008,MLI,IL,AGL,CE,Combined TRACON& Tower with Radar,11,49,25,0,85,0,0,11,0,11,11,49,36,0,96,6,0,6,102
09/29/2008,MLI,IL,AGL,CE,Combined TRACON& Tower with Radar,12,56,9,0,77,0,0,12,0,12,12,56,21,0,89,28,0,28,117
09/30/2008,MLI,IL,AGL,CE,Combined TRACON& Tower with Radar,29,33,33,0,95,0,0,17,0,17,29,33,50,0,112,12,0,12,124
10/01/2008,MLI,IL,AGL,CE,Combined TRACON& Tower with Radar,25,40,35,0,100,0,2,30,0,32,25,42,65,0,132,66,0,66,198
10/02/2008,MLI,IL,AGL,CE,Combined TRACON& Tower with Radar,18,56,16,4,94,0,0,32,0,32,18,56,48,4,126,74,0,74,200
10/03/2008,MLI,IL,AGL,CE,Combined TRACON& Tower with Radar,17,44,38,0,99,0,0,16,0,16,17,44,54,0,115,16,0,16,131
10/04/2008,MLI,IL,AGL,CE,Combined TRACON& Tower with Radar,24,38,16,0,78,0,0,52,0,52,24,38,68,0,130,6,0,6,136
10/05/2008,MLI,IL,AGL,CE,Combined TRACON& Tower with Radar,17,43,13,4,77,0,0,21,0,21,17,43,34,4,98,10,0,10,108
10/06/2008,MLI,IL,AGL,CE,Combined TRACON& Tower with Radar,8,64,20,2,94,0,1,26,0,27,8,65,46,2,121,58,0,58,179
10/07/2008,MLI,IL,AGL,CE,Combined TRACON& Tower with Radar,16,47,27,0,90,0,0,0,0,0,16,47,27,0,90,0,0,0,90
10/08/2008,MLI,IL,AGL,CE,Combined TRACON& Tower with Radar,24,47,14,0,85,0,0,18,0,18,24,47,32,0,103,60,0,60,163
10/09/2008,MLI,IL,AGL,CE,Combined TRACON& Tower with Radar,20,51,16,0,87,0,0,22,0,22,20,51,38,0,109,4,0,4,113
10/10/2008,MLI,IL,AGL,CE,Combined TRACON& Tower with Radar,19,54,17,0,90,0,0,26,0,26,19,54,43,0,116,26,0,26,142
10/11/2008,MLI,IL,AGL,CE,Combined TRACON& Tower with Radar,27,33,13,0,73,0,0,36,0,36,27,33,49,0,109,64,0,64,173
10/12/2008,MLI,IL,AGL,CE,Combined TRACON& Tower with Radar,12,49,15,0,76,0,0,19,0,19,12,49,34,0,95,40,0,40,135
10/13/2008,MLI,IL,AGL,CE,Combined TRACON& Tower with Radar,23,46,22,2,93,0,0,15,0,15,23,46,37,2,108,38,0,38,146
10/14/2008,MLI,IL,AGL,CE,Combined TRACON& Tower with Radar,18,44,24,0,86,0,0,19,0,19,18,44,43,0,105,56,0,56,161
10/15/2008,MLI,IL,AGL,CE,Combined TRACON& Tower with Radar,16,60,48,2,126,0,6,6,0,12,16,66,54,2,138,0,0,0,138
10/16/2008,MLI,IL,AGL,CE,Combined TRACON& Tower with Radar,11,67,22,0,100,0,0,36,0,36,11,67,58,0,136,46,0,46,182
10/17/2008,MLI,IL,AGL,CE,Combined TRACON& Tower with Radar,22,48,19,3,92,0,1,19,0,20,22,49,38,3,112,12,0,12,124
10/18/2008,MLI,IL,AGL,CE,Combined TRACON& Tower with Radar,14,43,11,0,68,0,0,35,0,35,14,43,46,0,103,96,0,96,199
10/19/2008,MLI,IL,AGL,CE,Combined TRACON& Tower with Radar,15,46,16,4,81,0,0,26,1,27,15,46,42,5,108,32,2,34,142
10/20/2008,MLI,IL,AGL,CE,Combined TRACON& Tower with Radar,22,50,9,0,81,0,0,12,0,12,22,50,21,0,93,6,0,6,99
10/21/2008,MLI,IL,AGL,CE,Combined TRACON& Tower with Radar,22,51,22,0,95,0,0,31,0,31,22,51,53,0,126,48,0,48,174
10/22/2008,MLI,IL,AGL,CE,Combined TRACON& Tower with Radar,19,55,17,0,91,0,0,8,0,8,19,55,25,0,99,48,0,48,147
10/23/2008,MLI,IL,AGL,CE,Combined TRACON& Tower with Radar,15,54,23,0,92,0,0,4,0,4,15,54,27,0,96,0,0,0,96
10/24/2008,MLI,IL,AGL,CE,Combined TRACON& Tower with Radar,18,57,22,0,97,0,0,2,0,2,18,57,24,0,99,0,0,0,99
10/25/2008,MLI,IL,AGL,CE,Combined TRACON& Tower with Radar,11,45,19,0,75,0,0,12,0,12,11,45,31,0,87,14,0,14,101
10/26/2008,MLI,IL,AGL,CE,Combined TRACON& Tower with Radar,18,43,2,2,65,0,0,3,0,3,18,43,5,2,68,0,0,0,68
10/27/2008,MLI,IL,AGL,CE,Combined TRACON& Tower with Radar,16,57,33,0,106,0,0,19,0,19,16,57,52,0,125,0,0,0,125
10/28/2008,MLI,IL,AGL,CE,Combined TRACON& Tower with Radar,14,53,36,0,103,0,2,32,0,34,14,55,68,0,137,46,0,46,183
10/29/2008,MLI,IL,AGL,CE,Combined TRACON& Tower with Radar,17,58,36,0,111,0,0,30,0,30,17,58,66,0,141,34,0,34,175
10/30/2008,MLI,IL,AGL,CE,Combined TRACON& Tower with Radar,22,54,30,0,106,0,0,23,1,24,22,54,53,1,130,41,0,41,171
10/31/2008,MLI,IL,AGL,CE,Combined TRACON& Tower with Radar,13,60,19,2,94,0,2,36,1,39,13,62,55,3,133,40,0,40,173
11/01/2008,MLI,IL,AGL,CE,Combined TRACON& Tower with Radar,19,36,16,0,71,0,1,24,0,25,19,37,40,0,96,8,0,8,104
11/02/2008,MLI,IL,AGL,CE,Combined TRACON& Tower with Radar,13,49,14,3,79,0,0,31,0,31,13,49,45,3,110,42,0,42,152
11/03/2008,MLI,IL,AGL,CE,Combined TRACON& Tower with Radar,18,47,10,0,75,0,2,19,0,21,18,49,29,0,96,14,0,14,110
11/04/2008,MLI,IL,AGL,CE,Combined TRACON& Tower with Radar,11,50,11,2,74,0,0,18,0,18,11,50,29,2,92,18,0,18,110
11/05/2008,MLI,IL,AGL,CE,Combined TRACON& Tower with Radar,17,49,38,0,104,0,0,13,0,13,17,49,51,0,117,4,0,4,121
11/06/2008,MLI,IL,AGL,CE,Combined TRACON& Tower with Radar,23,44,20,3,90,0,0,6,1,7,23,44,26,4,97,22,0,22,119
11/07/2008,MLI,IL,AGL,CE,Combined TRACON& Tower with Radar,13,61,8,1,83,0,0,8,0,8,13,61,16,1,91,0,0,0,91
11/08/2008,MLI,IL,AGL,CE,Combined TRACON& Tower with Radar,10,48,12,3,73,0,0,1,0,1,10,48,13,3,74,18,0,18,92
11/09/2008,MLI,IL,AGL,CE,Combined TRACON& Tower with Radar,21,37,12,0,70,0,0,9,0,9,21,37,21,0,79,0,0,0,79
11/10/2008,MLI,IL,AGL,CE,Combined TRACON& Tower with Radar,21,50,21,1,93,0,1,39,0,40,21,51,60,1,133,40,0,40,173
11/11/2008,MLI,IL,AGL,CE,Combined TRACON& Tower with Radar,19,43,19,0,81,0,0,0,0,0,19,43,19,0,81,0,0,0,81
11/12/2008,MLI,IL,AGL,CE,Combined TRACON& Tower with Radar,15,53,26,1,95,0,0,1,0,1,15,53,27,1,96,0,0,0,96
11/13/2008,MLI,IL,AGL,CE,Combined TRACON& Tower with Radar,10,55,14,1,80,0,0,7,1,8,10,55,21,2,88,28,0,28,116
11/14/2008,MLI,IL,AGL,CE,Combined TRACON& Tower with Radar,13,55,21,0,89,0,0,5,0,5,13,55,26,0,94,22,0,22,116
11/15/2008,MLI,IL,AGL,CE,Combined TRACON& Tower with Radar,20,32,10,0,62,0,0,5,0,5,20,32,15,0,67,14,0,14,81
11/16/2008,MLI,IL,AGL,CE,Combined TRACON& Tower with Radar,12,51,27,0,90,0,0,29,0,29,12,51,56,0,119,42,0,42,161
11/17/2008,MLI,IL,AGL,CE,Combined TRACON& Tower with Radar,17,48,16,12,93,0,0,13,0,13,17,48,29,12,106,14,0,14,120
11/18/2008,MLI,IL,AGL,CE,Combined TRACON& Tower with Radar,9,48,21,0,78,0,0,30,0,30,9,48,51,0,108,20,0,20,128
11/19/2008,MLI,IL,AGL,CE,Combined TRACON& Tower with Radar,21,47,23,0,91,0,0,22,0,22,21,47,45,0,113,12,0,12,125
11/20/2008,MLI,IL,AGL,CE,Combined TRACON& Tower with Radar,11,52,14,0,77,0,0,7,0,7,11,52,21,0,84,18,0,18,102
11/21/2008,MLI,IL,AGL,CE,Combined TRACON& Tower with Radar,21,46,13,0,80,0,0,34,0,34,21,46,47,0,114,28,0,28,142
11/22/2008,MLI,IL,AGL,CE,Combined TRACON& Tower with Radar,17,38,12,0,67,0,6,18,0,24,17,44,30,0,91,12,0,12,103
11/23/2008,MLI,IL,AGL,CE,Combined TRACON& Tower with Radar,13,44,15,0,72,0,2,31,0,33,13,46,46,0,105,26,0,26,131
11/24/2008,MLI,IL,AGL,CE,Combined TRACON& Tower with Radar,12,50,30,0,92,0,0,6,0,6,12,50,36,0,98,34,0,34,132
11/25/2008,MLI,IL,AGL,CE,Combined TRACON& Tower with Radar,13,50,24,1,88,0,3,49,0,52,13,53,73,1,140,62,0,62,202
11/26/2008,MLI,IL,AGL,CE,Combined TRACON& Tower with Radar,10,54,28,0,92,0,0,36,0,36,10,54,64,0,128,36,0,36,164
11/27/2008,MLI,IL,AGL,CE,Combined TRACON& Tower with Radar,8,28,5,0,41,0,0,6,0,6,8,28,11,0,47,10,0,10,57
11/28/2008,MLI,IL,AGL,CE,Combined TRACON& Tower with Radar,9,27,20,0,56,0,1,41,0,42,9,28,61,0,98,38,0,38,136
11/29/2008,MLI,IL,AGL,CE,Combined TRACON& Tower with Radar,11,44,18,0,73,0,1,28,0,29,11,45,46,0,102,44,0,44,146
11/30/2008,MLI,IL,AGL,CE,Combined TRACON& Tower with Radar,11,44,7,0,62,0,0,0,0,0,11,44,7,0,62,0,0,0,62
12/01/2008,MLI,IL,AGL,CE,Combined TRACON& Tower with Radar,16,50,26,0,92,0,0,0,0,0,16,50,26,0,92,30,0,30,122
12/02/2008,MLI,IL,AGL,CE,Combined TRACON& Tower with Radar,16,51,20,2,89,0,0,16,0,16,16,51,36,2,105,18,0,18,123
12/03/2008,MLI,IL,AGL,CE,Combined TRACON& Tower with Radar,11,51,15,2,79,0,0,0,2,2,11,51,15,4,81,0,0,0,81
12/04/2008,MLI,IL,AGL,CE,Combined TRACON& Tower with Radar,7,52,16,2,77,0,0,1,0,1,7,52,17,2,78,0,0,0,78
12/05/2008,MLI,IL,AGL,CE,Combined TRACON& Tower with Radar,9,56,23,2,90,0,0,18,0,18,9,56,41,2,108,10,0,10,118
12/06/2008,MLI,IL,AGL,CE,Combined TRACON& Tower with Radar,13,33,6,0,52,0,0,8,0,8,13,33,14,0,60,6,0,6,66
12/07/2008,MLI,IL,AGL,CE,Combined TRACON& Tower with Radar,12,46,9,0,67,0,0,4,0,4,12,46,13,0,71,12,0,12,83
12/08/2008,MLI,IL,AGL,CE,Combined TRACON& Tower with Radar,14,52,25,2,93,0,0,5,0,5,14,52,30,2,98,26,0,26,124
12/09/2008,MLI,IL,AGL,CE,Combined TRACON& Tower with Radar,14,45,16,2,77,0,0,0,0,0,14,45,16,2,77,0,0,0,77
12/10/2008,MLI,IL,AGL,CE,Combined TRACON& Tower with Radar,12,58,35,3,108,0,0,17,0,17,12,58,52,3,125,54,0,54,179
12/11/2008,MLI,IL,AGL,CE,Combined TRACON& Tower with Radar,36,34,24,0,94,0,3,15,0,18,36,37,39,0,112,56,0,56,168
12/12/2008,MLI,IL,AGL,CE,Combined TRACON& Tower with Radar,20,49,16,0,85,0,0,15,0,15,20,49,31,0,100,12,0,12,112
12/13/2008,MLI,IL,AGL,CE,Combined TRACON& Tower with Radar,15,38,4,0,57,0,2,0,0,2,15,40,4,0,59,2,0,2,61
12/14/2008,MLI,IL,AGL,CE,Combined TRACON& Tower with Radar,18,37,6,0,61,0,0,0,0,0,18,37,6,0,61,6,0,6,67
12/15/2008,MLI,IL,AGL,CE,Combined TRACON& Tower with Radar,17,47,8,0,72,0,0,4,0,4,17,47,12,0,76,0,0,0,76
12/16/2008,MLI,IL,AGL,CE,Combined TRACON& Tower with Radar,12,39,16,0,67,0,0,0,0,0,12,39,16,0,67,0,0,0,67
12/17/2008,MLI,IL,AGL,CE,Combined TRACON& Tower with Radar,12,59,29,0,100,0,0,9,0,9,12,59,38,0,109,16,0,16,125
12/18/2008,MLI,IL,AGL,CE,Combined TRACON& Tower with Radar,30,33,17,0,80,0,0,7,1,8,30,33,24,1,88,0,0,0,88
12/19/2008,MLI,IL,AGL,CE,Combined TRACON& Tower with Radar,26,20,16,0,62,0,0,0,0,0,26,20,16,0,62,0,0,0,62
12/20/2008,MLI,IL,AGL,CE,Combined TRACON& Tower with Radar,18,42,14,0,74,0,0,0,0,0,18,42,14,0,74,0,0,0,74
12/21/2008,MLI,IL,AGL,CE,Combined TRACON& Tower with Radar,20,23,4,0,47,0,0,0,0,0,20,23,4,0,47,0,0,0,47
12/22/2008,MLI,IL,AGL,CE,Combined TRACON& Tower with Radar,14,57,14,0,85,0,0,7,0,7,14,57,21,0,92,10,0,10,102
12/23/2008,MLI,IL,AGL,CE,Combined TRACON& Tower with Radar,12,40,18,0,70,0,0,1,0,1,12,40,19,0,71,0,0,0,71
12/24/2008,MLI,IL,AGL,CE,Combined TRACON& Tower with Radar,22,23,9,0,54,0,0,2,0,2,22,23,11,0,56,0,0,0,56
12/25/2008,MLI,IL,AGL,CE,Combined TRACON& Tower with Radar,18,29,2,0,49,0,0,4,0,4,18,29,6,0,53,6,0,6,59
12/26/2008,MLI,IL,AGL,CE,Combined TRACON& Tower with Radar,20,40,16,0,76,0,0,0,0,0,20,40,16,0,76,0,0,0,76
12/27/2008,MLI,IL,AGL,CE,Combined TRACON& Tower with Radar,11,41,7,0,59,0,0,0,0,0,11,41,7,0,59,0,0,0,59
12/28/2008,MLI,IL,AGL,CE,Combined TRACON& Tower with Radar,15,47,9,0,71,0,0,23,0,23,15,47,32,0,94,36,0,36,130
12/29/2008,MLI,IL,AGL,CE,Combined TRACON& Tower with Radar,12,51,23,0,86,0,0,23,0,23,12,51,46,0,109,26,0,26,135
12/30/2008,MLI,IL,AGL,CE,Combined TRACON& Tower with Radar,12,55,26,0,93,0,0,16,0,16,12,55,42,0,109,6,0,6,115
12/31/2008,MLI,IL,AGL,CE,Combined TRACON& Tower with Radar,18,35,13,0,66,0,0,24,0,24,18,35,37,0,90,34,0,34,124
01/01/2009,MLI,IL,AGL,CE,Combined TRACON& Tower with Radar,14,36,11,0,61,0,1,4,0,5,14,37,15,0,66,10,0,10,76
01/02/2009,MLI,IL,AGL,CE,Combined TRACON& Tower with Radar,14,51,9,0,74,0,3,29,0,32,14,54,38,0,106,36,0,36,142
01/03/2009,MLI,IL,AGL,CE,Combined TRACON& Tower with Radar,10,48,6,0,64,0,0,2,0,2,10,48,8,0,66,0,0,0,66
01/04/2009,MLI,IL,AGL,CE,Combined TRACON& Tower with Radar,19,46,19,0,84,0,0,11,0,11,19,46,30,0,95,12,0,12,107
01/05/2009,MLI,IL,AGL,CE,Combined TRACON& Tower with Radar,19,44,17,0,80,0,0,22,0,22,19,44,39,0,102,32,0,32,134
01/06/2009,MLI,IL,AGL,CE,Combined TRACON& Tower with Radar,14,46,23,0,83,0,0,7,0,7,14,46,30,0,90,0,0,0,90
01/07/2009,MLI,IL,AGL,CE,Combined TRACON& Tower with Radar,13,51,27,0,91,0,2,3,0,5,13,53,30,0,96,6,0,6,102
01/08/2009,MLI,IL,AGL,CE,Combined TRACON& Tower with Radar,16,46,13,1,76,0,1,30,1,32,16,47,43,2,108,32,0,32,140
01/09/2009,MLI,IL,AGL,CE,Combined TRACON& Tower with Radar,16,47,14,0,77,0,0,13,0,13,16,47,27,0,90,58,0,58,148
01/10/2009,MLI,IL,AGL,CE,Combined TRACON& Tower with Radar,18,21,11,1,51,0,0,4,0,4,18,21,15,1,55,4,0,4,59
01/11/2009,MLI,IL,AGL,CE,Combined TRACON& Tower with Radar,19,41,9,0,69,0,3,4,0,7,19,44,13,0,76,8,0,8,84
01/12/2009,MLI,IL,AGL,CE,Combined TRACON& Tower with Radar,21,43,12,0,76,0,0,0,0,0,21,43,12,0,76,0,0,0,76
01/13/2009,MLI,IL,AGL,CE,Combined TRACON& Tower with Radar,11,48,16,0,75,0,0,2,0,2,11,48,18,0,77,8,0,8,85
01/14/2009,MLI,IL,AGL,CE,Combined TRACON& Tower with Radar,10,45,16,0,71,0,0,1,0,1,10,45,17,0,72,0,0,0,72
01/15/2009,MLI,IL,AGL,CE,Combined TRACON& Tower with Radar,12,56,11,0,79,0,0,4,0,4,12,56,15,0,83,0,0,0,83
01/16/2009,MLI,IL,AGL,CE,Combined TRACON& Tower with Radar,22,53,15,0,90,0,0,11,0,11,22,53,26,0,101,0,0,0,101
01/17/2009,MLI,IL,AGL,CE,Combined TRACON& Tower with Radar,15,36,0,0,51,0,0,4,0,4,15,36,4,0,55,24,0,24,79
01/18/2009,MLI,IL,AGL,CE,Combined TRACON& Tower with Radar,18,34,7,0,59,0,0,4,0,4,18,34,11,0,63,0,0,0,63
01/19/2009,MLI,IL,AGL,CE,Combined TRACON& Tower with Radar,13,54,26,0,93,0,0,0,0,0,13,54,26,0,93,18,0,18,111
01/20/2009,MLI,IL,AGL,CE,Combined TRACON& Tower with Radar,10,54,31,1,96,0,0,15,0,15,10,54,46,1,111,36,0,36,147
01/21/2009,MLI,IL,AGL,CE,Combined TRACON& Tower with Radar,13,49,36,1,99,0,0,38,1,39,13,49,74,2,138,68,0,68,206
01/22/2009,MLI,IL,AGL,CE,Combined TRACON& Tower with Radar,13,55,13,0,81,0,0,22,0,22,13,55,35,0,103,54,0,54,157
01/23/2009,MLI,IL,AGL,CE,Combined TRACON& Tower with Radar,21,47,20,0,88,0,0,11,0,11,21,47,31,0,99,34,0,34,133
01/24/2009,MLI,IL,AGL,CE,Combined TRACON& Tower with Radar,22,26,13,0,61,0,0,12,0,12,22,26,25,0,73,12,0,12,85
01/25/2009,MLI,IL,AGL,CE,Combined TRACON& Tower with Radar,18,38,16,2,74,0,0,8,0,8,18,38,24,2,82,0,12,12,94
01/26/2009,MLI,IL,AGL,CE,Combined TRACON& Tower with Radar,13,53,10,0,76,0,0,10,0,10,13,53,20,0,86,8,0,8,94
01/27/2009,MLI,IL,AGL,CE,Combined TRACON& Tower with Radar,12,44,20,6,82,0,0,0,2,2,12,44,20,8,84,0,4,4,88
01/28/2009,MLI,IL,AGL,CE,Combined TRACON& Tower with Radar,17,41,16,7,81,0,0,10,2,12,17,41,26,9,93,20,0,20,113
01/29/2009,MLI,IL,AGL,CE,Combined TRACON& Tower with Radar,23,45,27,0,95,0,0,10,0,10,23,45,37,0,105,12,0,12,117
01/30/2009,MLI,IL,AGL,CE,Combined TRACON& Tower with Radar,11,60,18,0,89,0,3,23,0,26,11,63,41,0,115,48,0,48,163
01/31/2009,MLI,IL,AGL,CE,Combined TRACON& Tower with Radar,19,26,14,0,59,0,0,38,0,38,19,26,52,0,97,36,0,36,133
02/01/2009,MLI,IL,AGL,CE,Combined TRACON& Tower with Radar,11,47,9,0,67,0,1,40,0,41,11,48,49,0,108,78,0,78,186
02/02/2009,MLI,IL,AGL,CE,Combined TRACON& Tower with Radar,15,52,15,2,84,0,0,6,0,6,15,52,21,2,90,16,0,16,106
02/03/2009,MLI,IL,AGL,CE,Combined TRACON& Tower with Radar,18,37,19,4,78,0,0,7,0,7,18,37,26,4,85,16,8,24,109
02/04/2009,MLI,IL,AGL,CE,Combined TRACON& Tower with Radar,23,44,26,0,93,0,0,27,0,27,23,44,53,0,120,28,0,28,148
02/05/2009,MLI,IL,AGL,CE,Combined TRACON& Tower with Radar,19,45,12,0,76,0,1,19,0,20,19,46,31,0,96,6,0,6,102
02/06/2009,MLI,IL,AGL,CE,Combined TRACON& Tower with Radar,27,40,17,0,84,0,1,29,0,30,27,41,46,0,114,14,0,14,128
02/07/2009,MLI,IL,AGL,CE,Combined TRACON& Tower with Radar,16,33,21,0,70,0,0,32,0,32,16,33,53,0,102,68,0,68,170
02/08/2009,MLI,IL,AGL,CE,Combined TRACON& Tower with Radar,17,39,7,0,63,0,0,3,0,3,17,39,10,0,66,218,0,218,284
02/09/2009,MLI,IL,AGL,CE,Combined TRACON& Tower with Radar,15,54,6,2,77,0,0,10,0,10,15,54,16,2,87,16,0,16,103
02/10/2009,MLI,IL,AGL,CE,Combined TRACON& Tower with Radar,24,36,30,0,90,0,1,15,0,16,24,37,45,0,106,58,0,58,164
02/11/2009,MLI,IL,AGL,CE,Combined TRACON& Tower with Radar,15,45,4,0,64,0,1,0,0,1,15,46,4,0,65,0,0,0,65
02/12/2009,MLI,IL,AGL,CE,Combined TRACON& Tower with Radar,11,55,22,1,89,0,0,22,0,22,11,55,44,1,111,40,0,40,151
02/13/2009,MLI,IL,AGL,CE,Combined TRACON& Tower with Radar,18,44,25,2,89,0,0,5,1,6,18,44,30,3,95,16,0,16,111
02/14/2009,MLI,IL,AGL,CE,Combined TRACON& Tower with Radar,20,37,8,0,65,0,0,9,0,9,20,37,17,0,74,26,0,26,100
02/15/2009,MLI,IL,AGL,CE,Combined TRACON& Tower with Radar,12,41,10,0,63,0,0,26,0,26,12,41,36,0,89,48,0,48,137
02/16/2009,MLI,IL,AGL,CE,Combined TRACON& Tower with Radar,24,44,11,0,79,0,1,31,0,32,24,45,42,0,111,36,0,36,147
02/17/2009,MLI,IL,AGL,CE,Combined TRACON& Tower with Radar,17,41,35,0,93,0,0,9,0,9,17,41,44,0,102,4,0,4,106
02/18/2009,MLI,IL,AGL,CE,Combined TRACON& Tower with Radar,20,59,21,0,100,0,0,1,0,1,20,59,22,0,101,4,0,4,105
02/19/2009,MLI,IL,AGL,CE,Combined TRACON& Tower with Radar,8,57,24,0,89,0,0,10,1,11,8,57,34,1,100,10,0,10,110
02/20/2009,MLI,IL,AGL,CE,Combined TRACON& Tower with Radar,12,51,22,0,85,0,0,7,0,7,12,51,29,0,92,32,0,32,124
02/21/2009,MLI,IL,AGL,CE,Combined TRACON& Tower with Radar,13,33,3,0,49,0,0,0,0,0,13,33,3,0,49,0,0,0,49
02/22/2009,MLI,IL,AGL,CE,Combined TRACON& Tower with Radar,10,47,15,0,72,0,0,13,0,13,10,47,28,0,85,38,0,38,123
02/23/2009,MLI,IL,AGL,CE,Combined TRACON& Tower with Radar,23,45,21,0,89,0,0,29,0,29,23,45,50,0,118,16,0,16,134
02/24/2009,MLI,IL,AGL,CE,Combined TRACON& Tower with Radar,14,57,24,0,95,0,0,19,0,19,14,57,43,0,114,38,0,38,152
02/25/2009,MLI,IL,AGL,CE,Combined TRACON& Tower with Radar,23,50,26,0,99,0,0,21,0,21,23,50,47,0,120,40,0,40,160
02/26/2009,MLI,IL,AGL,CE,Combined TRACON& Tower with Radar,19,50,17,0,86,0,0,0,0,0,19,50,17,0,86,0,0,0,86
02/27/2009,MLI,IL,AGL,CE,Combined TRACON& Tower with Radar,17,50,19,0,86,0,0,9,0,9,17,50,28,0,95,30,0,30,125
02/28/2009,MLI,IL,AGL,CE,Combined TRACON& Tower with Radar,10,42,15,0,67,0,0,12,0,12,10,42,27,0,79,20,0,20,99
03/01/2009,MLI,IL,AGL,CE,Combined TRACON& Tower with Radar,8,38,7,0,53,0,0,27,0,27,8,38,34,0,80,32,0,32,112
03/02/2009,MLI,IL,AGL,CE,Combined TRACON& Tower with Radar,26,37,8,0,71,0,0,15,0,15,26,37,23,0,86,22,0,22,108
03/03/2009,MLI,IL,AGL,CE,Combined TRACON& Tower with Radar,18,44,19,0,81,0,0,17,0,17,18,44,36,0,98,14,0,14,112
03/04/2009,MLI,IL,AGL,CE,Combined TRACON& Tower with Radar,14,53,27,0,94,0,4,17,0,21,14,57,44,0,115,40,0,40,155
03/05/2009,MLI,IL,AGL,CE,Combined TRACON& Tower with Radar,7,64,11,0,82,0,0,8,0,8,7,64,19,0,90,12,0,12,102
03/06/2009,MLI,IL,AGL,CE,Combined TRACON& Tower with Radar,9,59,24,2,94,0,1,23,0,24,9,60,47,2,118,64,12,76,194
03/07/2009,MLI,IL,AGL,CE,Combined TRACON& Tower with Radar,22,31,9,0,62,0,0,0,0,0,22,31,9,0,62,0,0,0,62
03/08/2009,MLI,IL,AGL,CE,Combined TRACON& Tower with Radar,17,31,8,0,56,0,0,1,0,1,17,31,9,0,57,0,0,0,57
03/09/2009,MLI,IL,AGL,CE,Combined TRACON& Tower with Radar,20,53,16,2,91,0,0,1,0,1,20,53,17,2,92,0,0,0,92
03/10/2009,MLI,IL,AGL,CE,Combined TRACON& Tower with Radar,17,42,13,0,72,0,0,0,0,0,17,42,13,0,72,0,0,0,72
03/11/2009,MLI,IL,AGL,CE,Combined TRACON& Tower with Radar,19,49,14,2,84,0,0,15,2,17,19,49,29,4,101,20,0,20,121
03/12/2009,MLI,IL,AGL,CE,Combined TRACON& Tower with Radar,9,60,15,0,84,0,1,18,0,19,9,61,33,0,103,40,0,40,143
03/13/2009,MLI,IL,AGL,CE,Combined TRACON& Tower with Radar,11,61,18,2,92,0,0,24,0,24,11,61,42,2,116,38,0,38,154
03/14/2009,MLI,IL,AGL,CE,Combined TRACON& Tower with Radar,24,36,16,1,77,0,4,29,0,33,24,40,45,1,110,60,0,60,170
03/15/2009,MLI,IL,AGL,CE,Combined TRACON& Tower with Radar,24,35,10,0,69,0,0,24,0,24,24,35,34,0,93,22,0,22,115
03/16/2009,MLI,IL,AGL,CE,Combined TRACON& Tower with Radar,17,50,12,3,82,0,2,21,0,23,17,52,33,3,105,54,0,54,159
03/17/2009,MLI,IL,AGL,CE,Combined TRACON& Tower with Radar,11,54,18,2,85,0,0,19,0,19,11,54,37,2,104,12,0,12,116
03/18/2009,MLI,IL,AGL,CE,Combined TRACON& Tower with Radar,11,59,23,0,93,0,0,14,2,16,11,59,37,2,109,6,0,6,115
03/19/2009,MLI,IL,AGL,CE,Combined TRACON& Tower with Radar,34,41,12,3,90,0,0,23,1,24,34,41,35,4,114,14,2,16,130
03/20/2009,MLI,IL,AGL,CE,Combined TRACON& Tower with Radar,18,48,20,0,86,0,0,36,0,36,18,48,56,0,122,24,0,24,146
03/21/2009,MLI,IL,AGL,CE,Combined TRACON& Tower with Radar,14,37,14,0,65,0,0,38,0,38,14,37,52,0,103,92,0,92,195
03/22/2009,MLI,IL,AGL,CE,Combined TRACON& Tower with Radar,11,51,17,0,79,0,1,15,0,16,11,52,32,0,95,22,0,22,117
03/23/2009,MLI,IL,AGL,CE,Combined TRACON& Tower with Radar,21,46,9,1,77,0,0,4,0,4,21,46,13,1,81,10,0,10,91
03/24/2009,MLI,IL,AGL,CE,Combined TRACON& Tower with Radar,11,50,7,0,68,0,0,0,0,0,11,50,7,0,68,0,0,0,68
03/25/2009,MLI,IL,AGL,CE,Combined TRACON& Tower with Radar,13,54,16,0,83,0,0,8,0,8,13,54,24,0,91,38,0,38,129
03/26/2009,MLI,IL,AGL,CE,Combined TRACON& Tower with Radar,8,57,15,0,80,0,0,18,0,18,8,57,33,0,98,14,0,14,112
03/27/2009,MLI,IL,AGL,CE,Combined TRACON& Tower with Radar,16,48,15,8,87,0,0,12,0,12,16,48,27,8,99,28,0,28,127
03/28/2009,MLI,IL,AGL,CE,Combined TRACON& Tower with Radar,12,45,3,0,60,0,0,4,0,4,12,45,7,0,64,22,0,22,86
03/29/2009,MLI,IL,AGL,CE,Combined TRACON& Tower with Radar,8,49,22,0,79,0,0,14,0,14,8,49,36,0,93,8,0,8,101
03/30/2009,MLI,IL,AGL,CE,Combined TRACON& Tower with Radar,13,49,26,0,88,0,0,18,0,18,13,49,44,0,106,58,0,58,164
03/31/2009,MLI,IL,AGL,CE,Combined TRACON& Tower with Radar,19,37,7,0,63,0,0,3,0,3,19,37,10,0,66,8,0,8,74
04/01/2009,MLI,IL,AGL,CE,Combined TRACON& Tower with Radar,24,46,13,0,83,0,0,18,0,18,24,46,31,0,101,24,0,24,125
04/02/2009,MLI,IL,AGL,CE,Combined TRACON& Tower with Radar,21,46,17,0,84,0,0,7,0,7,21,46,24,0,91,12,0,12,103
04/03/2009,MLI,IL,AGL,CE,Combined TRACON& Tower with Radar,14,53,19,0,86,0,0,28,0,28,14,53,47,0,114,66,0,66,180
04/04/2009,MLI,IL,AGL,CE,Combined TRACON& Tower with Radar,15,34,8,2,59,0,2,39,0,41,15,36,47,2,100,44,0,44,144
04/05/2009,MLI,IL,AGL,CE,Combined TRACON& Tower with Radar,6,54,5,0,65,0,0,0,0,0,6,54,5,0,65,0,0,0,65
04/06/2009,MLI,IL,AGL,CE,Combined TRACON& Tower with Radar,15,55,14,0,84,0,0,12,0,12,15,55,26,0,96,26,0,26,122
04/07/2009,MLI,IL,AGL,CE,Combined TRACON& Tower with Radar,8,55,15,2,80,0,0,22,0,22,8,55,37,2,102,10,0,10,112
04/08/2009,MLI,IL,AGL,CE,Combined TRACON& Tower with Radar,29,44,36,0,109,0,0,32,0,32,29,44,68,0,141,32,0,32,173
04/09/2009,MLI,IL,AGL,CE,Combined TRACON& Tower with Radar,19,49,13,0,81,0,3,25,0,28,19,52,38,0,109,34,0,34,143
04/10/2009,MLI,IL,AGL,CE,Combined TRACON& Tower with Radar,28,34,13,0,75,0,0,18,1,19,28,34,31,1,94,28,0,28,122
04/11/2009,MLI,IL,AGL,CE,Combined TRACON& Tower with Radar,15,35,8,0,58,0,0,54,0,54,15,35,62,0,112,32,0,32,144
04/12/2009,MLI,IL,AGL,CE,Combined TRACON& Tower with Radar,6,59,10,0,75,0,0,12,0,12,6,59,22,0,87,10,0,10,97
04/13/2009,MLI,IL,AGL,CE,Combined TRACON& Tower with Radar,13,55,9,3,80,0,0,0,0,0,13,55,9,3,80,0,0,0,80
04/14/2009,MLI,IL,AGL,CE,Combined TRACON& Tower with Radar,20,51,12,0,83,0,0,12,0,12,20,51,24,0,95,26,0,26,121
04/15/2009,MLI,IL,AGL,CE,Combined TRACON& Tower with Radar,19,59,17,0,95,0,0,26,0,26,19,59,43,0,121,58,0,58,179
04/16/2009,MLI,IL,AGL,CE,Combined TRACON& Tower with Radar,15,64,33,3,115,0,1,43,0,44,15,65,76,3,159,46,0,46,205
04/17/2009,MLI,IL,AGL,CE,Combined TRACON& Tower with Radar,24,50,17,0,91,0,0,46,1,47,24,50,63,1,138,48,0,48,186
04/18/2009,MLI,IL,AGL,CE,Combined TRACON& Tower with Radar,13,40,8,0,61,0,0,36,0,36,13,40,44,0,97,38,0,38,135
04/19/2009,MLI,IL,AGL,CE,Combined TRACON& Tower with Radar,21,37,6,0,64,0,0,0,0,0,21,37,6,0,64,0,0,0,64
04/20/2009,MLI,IL,AGL,CE,Combined TRACON& Tower with Radar,17,48,11,0,76,0,0,8,0,8,17,48,19,0,84,0,0,0,84
04/21/2009,MLI,IL,AGL,CE,Combined TRACON& Tower with Radar,6,59,17,0,82,0,0,11,0,11,6,59,28,0,93,8,0,8,101
04/22/2009,MLI,IL,AGL,CE,Combined TRACON& Tower with Radar,21,52,28,1,102,0,0,22,0,22,21,52,50,1,124,22,0,22,146
04/23/2009,MLI,IL,AGL,CE,Combined TRACON& Tower with Radar,11,63,18,2,94,0,0,17,2,19,11,63,35,4,113,20,12,32,145
04/24/2009,MLI,IL,AGL,CE,Combined TRACON& Tower with Radar,23,49,19,0,91,0,2,11,0,13,23,51,30,0,104,14,0,14,118
04/25/2009,MLI,IL,AGL,CE,Combined TRACON& Tower with Radar,15,43,5,0,63,0,0,5,0,5,15,43,10,0,68,20,0,20,88
04/26/2009,MLI,IL,AGL,CE,Combined TRACON& Tower with Radar,20,37,8,0,65,0,0,3,0,3,20,37,11,0,68,0,0,0,68
04/27/2009,MLI,IL,AGL,CE,Combined TRACON& Tower with Radar,18,50,14,4,86,0,0,3,0,3,18,50,17,4,89,34,0,34,123
04/28/2009,MLI,IL,AGL,CE,Combined TRACON& Tower with Radar,13,61,17,2,93,0,1,5,0,6,13,62,22,2,99,20,0,20,119
04/29/2009,MLI,IL,AGL,CE,Combined TRACON& Tower with Radar,26,43,28,1,98,0,0,0,0,0,26,43,28,1,98,44,0,44,142
04/30/2009,MLI,IL,AGL,CE,Combined TRACON& Tower with Radar,13,51,25,6,95,0,1,10,0,11,13,52,35,6,106,22,0,22,128
05/01/2009,MLI,IL,AGL,CE,Combined TRACON& Tower with Radar,15,57,18,0,90,0,0,12,0,12,15,57,30,0,102,40,0,40,142
05/02/2009,MLI,IL,AGL,CE,Combined TRACON& Tower with Radar,18,35,23,0,76,0,2,28,0,30,18,37,51,0,106,24,0,24,130
05/03/2009,MLI,IL,AGL,CE,Combined TRACON& Tower with Radar,19,44,21,0,84,0,0,34,0,34,19,44,55,0,118,14,0,14,132
05/04/2009,MLI,IL,AGL,CE,Combined TRACON& Tower with Radar,30,48,27,0,105,0,1,25,0,26,30,49,52,0,131,44,0,44,175
05/05/2009,MLI,IL,AGL,CE,Combined TRACON& Tower with Radar,21,37,12,2,72,0,0,23,0,23,21,37,35,2,95,48,0,48,143
05/06/2009,MLI,IL,AGL,CE,Combined TRACON& Tower with Radar,26,42,22,0,90,0,0,7,0,7,26,42,29,0,97,12,0,12,109
05/07/2009,MLI,IL,AGL,CE,Combined TRACON& Tower with Radar,17,59,15,0,91,0,1,7,0,8,17,60,22,0,99,60,0,60,159
05/08/2009,MLI,IL,AGL,CE,Combined TRACON& Tower with Radar,18,58,17,0,93,0,0,12,2,14,18,58,29,2,107,20,0,20,127
05/09/2009,MLI,IL,AGL,CE,Combined TRACON& Tower with Radar,15,38,15,0,68,0,0,14,0,14,15,38,29,0,82,20,0,20,102
05/10/2009,MLI,IL,AGL,CE,Combined TRACON& Tower with Radar,24,40,11,0,75,0,0,17,0,17,24,40,28,0,92,48,0,48,140
05/11/2009,MLI,IL,AGL,CE,Combined TRACON& Tower with Radar,25,42,13,0,80,0,0,27,0,27,25,42,40,0,107,82,0,82,189
05/12/2009,MLI,IL,AGL,CE,Combined TRACON& Tower with Radar,17,56,15,2,90,0,0,28,0,28,17,56,43,2,118,24,0,24,142
05/13/2009,MLI,IL,AGL,CE,Combined TRACON& Tower with Radar,29,46,16,0,91,0,0,1,0,1,29,46,17,0,92,10,0,10,102
05/14/2009,MLI,IL,AGL,CE,Combined TRACON& Tower with Radar,20,50,27,0,97,0,0,49,4,53,20,50,76,4,150,76,0,76,226
05/15/2009,MLI,IL,AGL,CE,Combined TRACON& Tower with Radar,16,49,8,1,74,0,0,0,0,0,16,49,8,1,74,0,0,0,74
05/16/2009,MLI,IL,AGL,CE,Combined TRACON& Tower with Radar,17,34,7,0,58,0,0,22,0,22,17,34,29,0,80,22,0,22,102
05/17/2009,MLI,IL,AGL,CE,Combined TRACON& Tower with Radar,18,42,9,0,69,0,0,39,0,39,18,42,48,0,108,36,0,36,144
05/18/2009,MLI,IL,AGL,CE,Combined TRACON& Tower with Radar,30,42,20,0,92,0,16,0,0,16,30,58,20,0,108,10,0,10,118
05/19/2009,MLI,IL,AGL,CE,Combined TRACON& Tower with Radar,24,41,23,2,90,0,0,36,0,36,24,41,59,2,126,56,0,56,182
05/20/2009,MLI,IL,AGL,CE,Combined TRACON& Tower with Radar,21,49,31,2,103,0,0,20,2,22,21,49,51,4,125,28,0,28,153
05/21/2009,MLI,IL,AGL,CE,Combined TRACON& Tower with Radar,19,50,19,0,88,0,0,30,0,30,19,50,49,0,118,14,0,14,132
05/22/2009,MLI,IL,AGL,CE,Combined TRACON& Tower with Radar,18,49,28,0,95,0,0,32,0,32,18,49,60,0,127,20,0,20,147
05/23/2009,MLI,IL,AGL,CE,Combined TRACON& Tower with Radar,16,41,11,0,68,0,0,39,0,39,16,41,50,0,107,54,0,54,161
05/24/2009,MLI,IL,AGL,CE,Combined TRACON& Tower with Radar,17,32,16,0,65,0,0,18,0,18,17,32,34,0,83,34,0,34,117
05/25/2009,MLI,IL,AGL,CE,Combined TRACON& Tower with Radar,19,47,8,0,74,0,0,15,2,17,19,47,23,2,91,16,2,18,109
05/26/2009,MLI,IL,AGL,CE,Combined TRACON& Tower with Radar,20,52,32,0,104,0,0,1,0,1,20,52,33,0,105,0,0,0,105
05/27/2009,MLI,IL,AGL,CE,Combined TRACON& Tower with Radar,21,51,47,2,121,0,0,0,0,0,21,51,47,2,121,16,0,16,137
05/28/2009,MLI,IL,AGL,CE,Combined TRACON& Tower with Radar,21,55,26,0,102,0,0,17,0,17,21,55,43,0,119,40,0,40,159
05/29/2009,MLI,IL,AGL,CE,Combined TRACON& Tower with Radar,35,35,28,1,99,0,1,43,1,45,35,36,71,2,144,64,0,64,208
05/30/2009,MLI,IL,AGL,CE,Combined TRACON& Tower with Radar,19,32,18,0,69,0,0,47,10,57,19,32,65,10,126,68,0,68,194
05/31/2009,MLI,IL,AGL,CE,Combined TRACON& Tower with Radar,16,46,7,0,69,0,2,32,0,34,16,48,39,0,103,94,0,94,197
06/01/2009,MLI,IL,AGL,CE,Combined TRACON& Tower with Radar,24,41,27,0,92,0,0,5,0,5,24,41,32,0,97,14,0,14,111
06/02/2009,MLI,IL,AGL,CE,Combined TRACON& Tower with Radar,25,45,21,0,91,0,0,5,0,5,25,45,26,0,96,0,0,0,96
06/03/2009,MLI,IL,AGL,CE,Combined TRACON& Tower with Radar,21,53,27,0,101,0,0,32,1,33,21,53,59,1,134,48,0,48,182
06/04/2009,MLI,IL,AGL,CE,Combined TRACON& Tower with Radar,30,42,22,1,95,0,0,47,0,47,30,42,69,1,142,22,0,22,164
06/05/2009,MLI,IL,AGL,CE,Combined TRACON& Tower with Radar,29,37,18,0,84,0,0,43,0,43,29,37,61,0,127,38,0,38,165
06/06/2009,MLI,IL,AGL,CE,Combined TRACON& Tower with Radar,39,20,17,0,76,0,0,12,0,12,39,20,29,0,88,12,0,12,100
06/07/2009,MLI,IL,AGL,CE,Combined TRACON& Tower with Radar,25,37,18,1,81,0,0,8,0,8,25,37,26,1,89,24,0,24,113
06/08/2009,MLI,IL,AGL,CE,Combined TRACON& Tower with Radar,32,37,14,0,83,0,0,10,0,10,32,37,24,0,93,8,0,8,101
06/09/2009,MLI,IL,AGL,CE,Combined TRACON& Tower with Radar,26,41,24,0,91,0,2,21,0,23,26,43,45,0,114,38,0,38,152
06/10/2009,MLI,IL,AGL,CE,Combined TRACON& Tower with Radar,31,40,23,0,94,0,4,25,0,29,31,44,48,0,123,70,0,70,193
06/11/2009,MLI,IL,AGL,CE,Combined TRACON& Tower with Radar,31,40,28,1,100,0,0,15,4,19,31,40,43,5,119,66,0,66,185
06/12/2009,MLI,IL,AGL,CE,Combined TRACON& Tower with Radar,33,40,19,0,92,0,0,35,3,38,33,40,54,3,130,38,0,38,168
06/13/2009,MLI,IL,AGL,CE,Combined TRACON& Tower with Radar,30,23,20,0,73,0,0,10,2,12,30,23,30,2,85,72,0,72,157
06/14/2009,MLI,IL,AGL,CE,Combined TRACON& Tower with Radar,30,31,14,0,75,0,0,27,0,27,30,31,41,0,102,26,0,26,128
06/15/2009,MLI,IL,AGL,CE,Combined TRACON& Tower with Radar,29,29,19,0,77,0,0,16,2,18,29,29,35,2,95,16,0,16,111
06/16/2009,MLI,IL,AGL,CE,Combined TRACON& Tower with Radar,28,38,7,0,73,0,1,0,0,1,28,39,7,0,74,41,0,41,115
06/17/2009,MLI,IL,AGL,CE,Combined TRACON& Tower with Radar,27,36,30,1,94,0,0,23,6,29,27,36,53,7,123,38,4,42,165
06/18/2009,MLI,IL,AGL,CE,Combined TRACON& Tower with Radar,29,36,34,0,99,0,0,7,2,9,29,36,41,2,108,24,0,24,132
06/19/2009,MLI,IL,AGL,CE,Combined TRACON& Tower with Radar,43,28,24,1,96,0,0,12,5,17,43,28,36,6,113,6,0,6,119
06/20/2009,MLI,IL,AGL,CE,Combined TRACON& Tower with Radar,30,31,4,0,65,0,1,44,6,51,30,32,48,6,116,26,0,26,142
06/21/2009,MLI,IL,AGL,CE,Combined TRACON& Tower with Radar,27,34,12,4,77,0,0,9,14,23,27,34,21,18,100,0,0,0,100
06/22/2009,MLI,IL,AGL,CE,Combined TRACON& Tower with Radar,34,33,16,0,83,0,1,18,0,19,34,34,34,0,102,18,0,18,120
06/23/2009,MLI,IL,AGL,CE,Combined TRACON& Tower with Radar,26,44,14,0,84,0,0,21,0,21,26,44,35,0,105,24,0,24,129
06/24/2009,MLI,IL,AGL,CE,Combined TRACON& Tower with Radar,33,40,21,2,96,0,0,36,0,36,33,40,57,2,132,52,0,52,184
06/25/2009,MLI,IL,AGL,CE,Combined TRACON& Tower with Radar,33,42,30,0,105,0,0,15,1,16,33,42,45,1,121,74,0,74,195
06/26/2009,MLI,IL,AGL,CE,Combined TRACON& Tower with Radar,30,42,15,0,87,0,1,34,0,35,30,43,49,0,122,2,0,2,124
06/27/2009,MLI,IL,AGL,CE,Combined TRACON& Tower with Radar,29,27,4,0,60,0,10,39,0,49,29,37,43,0,109,24,0,24,133
06/28/2009,MLI,IL,AGL,CE,Combined TRACON& Tower with Radar,24,32,14,0,70,0,0,30,0,30,24,32,44,0,100,0,0,0,100
06/29/2009,MLI,IL,AGL,CE,Combined TRACON& Tower with Radar,32,34,15,4,85,0,0,18,0,18,32,34,33,4,103,36,0,36,139
06/30/2009,MLI,IL,AGL,CE,Combined TRACON& Tower with Radar,34,45,20,1,100,1,9,12,0,22,35,54,32,1,122,8,0,8,130
07/01/2009,MLI,IL,AGL,CE,Combined TRACON& Tower with Radar,39,32,23,4,98,0,0,23,0,23,39,32,46,4,121,40,0,40,161
07/02/2009,MLI,IL,AGL,CE,Combined TRACON& Tower with Radar,29,36,23,3,91,0,0,28,0,28,29,36,51,3,119,18,0,18,137
07/03/2009,MLI,IL,AGL,CE,Combined TRACON& Tower with Radar,22,34,14,1,71,0,0,24,0,24,22,34,38,1,95,36,0,36,131
07/04/2009,MLI,IL,AGL,CE,Combined TRACON& Tower with Radar,20,21,19,0,60,0,0,0,0,0,20,21,19,0,60,0,0,0,60
07/05/2009,MLI,IL,AGL,CE,Combined TRACON& Tower with Radar,33,35,18,0,86,0,0,31,0,31,33,35,49,0,117,6,0,6,123
07/06/2009,MLI,IL,AGL,CE,Combined TRACON& Tower with Radar,32,45,33,1,111,0,0,13,0,13,32,45,46,1,124,16,0,16,140
07/07/2009,MLI,IL,AGL,CE,Combined TRACON& Tower with Radar,33,44,30,3,110,0,3,18,0,21,33,47,48,3,131,42,0,42,173
07/08/2009,MLI,IL,AGL,CE,Combined TRACON& Tower with Radar,33,44,19,2,98,0,0,2,0,2,33,44,21,2,100,0,0,0,100
07/09/2009,MLI,IL,AGL,CE,Combined TRACON& Tower with Radar,29,38,24,0,91,0,1,19,0,20,29,39,43,0,111,44,0,44,155
07/10/2009,MLI,IL,AGL,CE,Combined TRACON& Tower with Radar,30,44,25,0,99,0,1,16,0,17,30,45,41,0,116,6,0,6,122
07/11/2009,MLI,IL,AGL,CE,Combined TRACON& Tower with Radar,24,35,11,0,70,0,1,31,1,33,24,36,42,1,103,24,0,24,127
07/12/2009,MLI,IL,AGL,CE,Combined TRACON& Tower with Radar,38,34,15,4,91,0,0,32,0,32,38,34,47,4,123,22,0,22,145
07/13/2009,MLI,IL,AGL,CE,Combined TRACON& Tower with Radar,30,42,14,0,86,0,0,26,0,26,30,42,40,0,112,34,0,34,146
07/14/2009,MLI,IL,AGL,CE,Combined TRACON& Tower with Radar,31,41,18,4,94,0,4,27,0,31,31,45,45,4,125,19,2,21,146
07/15/2009,MLI,IL,AGL,CE,Combined TRACON& Tower with Radar,33,44,31,4,112,0,1,37,0,38,33,45,68,4,150,30,0,30,180
07/16/2009,MLI,IL,AGL,CE,Combined TRACON& Tower with Radar,23,42,37,4,106,0,1,28,0,29,23,43,65,4,135,22,0,22,157
07/17/2009,MLI,IL,AGL,CE,Combined TRACON& Tower with Radar,29,38,31,3,101,0,0,25,0,25,29,38,56,3,126,78,0,78,204
07/18/2009,MLI,IL,AGL,CE,Combined TRACON& Tower with Radar,21,33,21,0,75,0,0,24,0,24,21,33,45,0,99,74,0,74,173
07/19/2009,MLI,IL,AGL,CE,Combined TRACON& Tower with Radar,27,29,15,1,72,0,0,27,0,27,27,29,42,1,99,18,0,18,117
07/20/2009,MLI,IL,AGL,CE,Combined TRACON& Tower with Radar,37,36,31,2,106,0,0,48,4,52,37,36,79,6,158,26,0,26,184
07/21/2009,MLI,IL,AGL,CE,Combined TRACON& Tower with Radar,30,36,26,0,92,0,0,1,0,1,30,36,27,0,93,0,0,0,93
07/22/2009,MLI,IL,AGL,CE,Combined TRACON& Tower with Radar,34,31,22,0,87,0,0,18,0,18,34,31,40,0,105,40,0,40,145
07/23/2009,MLI,IL,AGL,CE,Combined TRACON& Tower with Radar,31,39,32,0,102,0,8,35,0,43,31,47,67,0,145,42,2,44,189
07/24/2009,MLI,IL,AGL,CE,Combined TRACON& Tower with Radar,31,36,19,1,87,0,0,26,0,26,31,36,45,1,113,6,0,6,119
07/25/2009,MLI,IL,AGL,CE,Combined TRACON& Tower with Radar,22,33,20,0,75,0,0,24,0,24,22,33,44,0,99,54,0,54,153
07/26/2009,MLI,IL,AGL,CE,Combined TRACON& Tower with Radar,32,30,21,0,83,0,0,21,0,21,32,30,42,0,104,72,0,72,176
07/27/2009,MLI,IL,AGL,CE,Combined TRACON& Tower with Radar,33,33,25,3,94,0,0,32,0,32,33,33,57,3,126,16,0,16,142
07/28/2009,MLI,IL,AGL,CE,Combined TRACON& Tower with Radar,33,38,31,0,102,0,1,28,0,29,33,39,59,0,131,24,0,24,155
07/29/2009,MLI,IL,AGL,CE,Combined TRACON& Tower with Radar,35,38,22,0,95,0,0,42,0,42,35,38,64,0,137,0,0,0,137
07/30/2009,MLI,IL,AGL,CE,Combined TRACON& Tower with Radar,28,36,35,2,101,0,2,20,2,24,28,38,55,4,125,26,0,26,151
07/31/2009,MLI,IL,AGL,CE,Combined TRACON& Tower with Radar,36,33,28,2,99,0,0,28,0,28,36,33,56,2,127,24,0,24,151
08/01/2009,MLI,IL,AGL,CE,Combined TRACON& Tower with Radar,18,34,24,0,76,0,0,10,0,10,18,34,34,0,86,28,0,28,114
08/02/2009,MLI,IL,AGL,CE,Combined TRACON& Tower with Radar,32,27,11,0,70,0,0,52,0,52,32,27,63,0,122,48,0,48,170
08/03/2009,MLI,IL,AGL,CE,Combined TRACON& Tower with Radar,33,38,22,2,95,0,0,21,0,21,33,38,43,2,116,8,0,8,124
08/04/2009,MLI,IL,AGL,CE,Combined TRACON& Tower with Radar,37,33,20,3,93,0,0,19,1,20,37,33,39,4,113,40,2,42,155
08/05/2009,MLI,IL,AGL,CE,Combined TRACON& Tower with Radar,35,38,31,0,104,0,0,36,0,36,35,38,67,0,140,12,0,12,152
08/06/2009,MLI,IL,AGL,CE,Combined TRACON& Tower with Radar,29,41,19,2,91,0,0,38,0,38,29,41,57,2,129,74,0,74,203
08/07/2009,MLI,IL,AGL,CE,Combined TRACON& Tower with Radar,31,40,16,0,87,0,0,2,0,2,31,40,18,0,89,0,0,0,89
08/08/2009,MLI,IL,AGL,CE,Combined TRACON& Tower with Radar,30,34,16,0,80,0,0,7,0,7,30,34,23,0,87,30,0,30,117
08/09/2009,MLI,IL,AGL,CE,Combined TRACON& Tower with Radar,32,30,14,0,76,0,0,8,0,8,32,30,22,0,84,6,0,6,90
08/10/2009,MLI,IL,AGL,CE,Combined TRACON& Tower with Radar,40,37,26,0,103,0,0,22,0,22,40,37,48,0,125,8,0,8,133
08/11/2009,MLI,IL,AGL,CE,Combined TRACON& Tower with Radar,35,35,19,0,89,0,0,34,0,34,35,35,53,0,123,24,0,24,147
08/12/2009,MLI,IL,AGL,CE,Combined TRACON& Tower with Radar,35,43,15,2,95,0,2,37,0,39,35,45,52,2,134,48,0,48,182
08/13/2009,MLI,IL,AGL,CE,Combined TRACON& Tower with Radar,29,38,24,0,91,0,0,28,0,28,29,38,52,0,119,24,0,24,143
08/14/2009,MLI,IL,AGL,CE,Combined TRACON& Tower with Radar,31,39,12,0,82,0,0,35,1,36,31,39,47,1,118,14,0,14,132
08/15/2009,MLI,IL,AGL,CE,Combined TRACON& Tower with Radar,25,31,7,0,63,0,0,23,0,23,25,31,30,0,86,32,0,32,118
08/16/2009,MLI,IL,AGL,CE,Combined TRACON& Tower with Radar,19,38,7,0,64,0,0,4,0,4,19,38,11,0,68,0,0,0,68
08/17/2009,MLI,IL,AGL,CE,Combined TRACON& Tower with Radar,30,35,23,0,88,0,0,8,0,8,30,35,31,0,96,0,0,0,96
08/18/2009,MLI,IL,AGL,CE,Combined TRACON& Tower with Radar,31,39,22,4,96,0,0,34,0,34,31,39,56,4,130,50,0,50,180
08/19/2009,MLI,IL,AGL,CE,Combined TRACON& Tower with Radar,37,28,29,0,94,0,0,5,0,5,37,28,34,0,99,0,0,0,99
08/20/2009,MLI,IL,AGL,CE,Combined TRACON& Tower with Radar,25,38,22,0,85,0,0,7,0,7,25,38,29,0,92,26,0,26,118
08/21/2009,MLI,IL,AGL,CE,Combined TRACON& Tower with Radar,33,34,14,0,81,0,0,5,0,5,33,34,19,0,86,8,0,8,94
08/22/2009,MLI,IL,AGL,CE,Combined TRACON& Tower with Radar,32,22,9,0,63,0,0,37,0,37,32,22,46,0,100,63,0,63,163
08/23/2009,MLI,IL,AGL,CE,Combined TRACON& Tower with Radar,29,29,9,1,68,0,0,0,0,0,29,29,9,1,68,70,0,70,138
08/24/2009,MLI,IL,AGL,CE,Combined TRACON& Tower with Radar,37,34,18,1,90,0,0,31,0,31,37,34,49,1,121,44,0,44,165
08/25/2009,MLI,IL,AGL,CE,Combined TRACON& Tower with Radar,30,36,25,1,92,0,0,29,0,29,30,36,54,1,121,72,0,72,193
08/26/2009,MLI,IL,AGL,CE,Combined TRACON& Tower with Radar,30,36,19,0,85,0,0,0,0,0,30,36,19,0,85,0,0,0,85
08/27/2009,MLI,IL,AGL,CE,Combined TRACON& Tower with Radar,35,34,21,2,92,0,0,0,0,0,35,34,21,2,92,0,0,0,92
08/28/2009,MLI,IL,AGL,CE,Combined TRACON& Tower with Radar,40,32,21,0,93,0,0,13,0,13,40,32,34,0,106,10,0,10,116
08/29/2009,MLI,IL,AGL,CE,Combined TRACON& Tower with Radar,23,29,13,0,65,0,1,28,0,29,23,30,41,0,94,22,0,22,116
08/30/2009,MLI,IL,AGL,CE,Combined TRACON& Tower with Radar,26,33,15,0,74,0,1,24,0,25,26,34,39,0,99,36,0,36,135
08/31/2009,MLI,IL,AGL,CE,Combined TRACON& Tower with Radar,34,30,10,2,76,0,0,36,0,36,34,30,46,2,112,50,0,50,162
09/01/2009,MLI,IL,AGL,CE,Combined TRACON& Tower with Radar,35,27,20,2,84,0,0,23,0,23,35,27,43,2,107,52,0,52,159
09/02/2009,MLI,IL,AGL,CE,Combined TRACON& Tower with Radar,30,35,13,6,84,0,0,24,0,24,30,35,37,6,108,50,0,50,158
09/03/2009,MLI,IL,AGL,CE,Combined TRACON& Tower with Radar,28,38,38,0,104,0,0,31,0,31,28,38,69,0,135,22,0,22,157
09/04/2009,MLI,IL,AGL,CE,Combined TRACON& Tower with Radar,23,39,25,0,87,0,0,42,0,42,23,39,67,0,129,42,0,42,171
09/05/2009,MLI,IL,AGL,CE,Combined TRACON& Tower with Radar,25,20,7,0,52,0,0,18,0,18,25,20,25,0,70,52,0,52,122
09/06/2009,MLI,IL,AGL,CE,Combined TRACON& Tower with Radar,15,23,13,0,51,0,0,13,0,13,15,23,26,0,64,16,0,16,80
09/07/2009,MLI,IL,AGL,CE,Combined TRACON& Tower with Radar,15,39,15,1,70,0,0,23,0,23,15,39,38,1,93,20,0,20,113
09/08/2009,MLI,IL,AGL,CE,Combined TRACON& Tower with Radar,23,45,19,1,88,0,0,21,0,21,23,45,40,1,109,20,0,20,129
09/09/2009,MLI,IL,AGL,CE,Combined TRACON& Tower with Radar,28,42,25,0,95,4,1,7,1,13,32,43,32,1,108,54,0,54,162
09/10/2009,MLI,IL,AGL,CE,Combined TRACON& Tower with Radar,25,40,19,0,84,0,0,17,0,17,25,40,36,0,101,18,0,18,119
09/11/2009,MLI,IL,AGL,CE,Combined TRACON& Tower with Radar,18,46,14,6,84,0,0,29,0,29,18,46,43,6,113,34,0,34,147
09/12/2009,MLI,IL,AGL,CE,Combined TRACON& Tower with Radar,17,32,14,0,63,0,1,20,0,21,17,33,34,0,84,10,0,10,94
09/13/2009,MLI,IL,AGL,CE,Combined TRACON& Tower with Radar,17,35,17,4,73,0,2,29,0,31,17,37,46,4,104,6,0,6,110
09/14/2009,MLI,IL,AGL,CE,Combined TRACON& Tower with Radar,22,47,16,0,85,0,0,25,0,25,22,47,41,0,110,30,0,30,140
09/15/2009,MLI,IL,AGL,CE,Combined TRACON& Tower with Radar,25,42,19,0,86,0,0,19,0,19,25,42,38,0,105,34,0,34,139
09/16/2009,MLI,IL,AGL,CE,Combined TRACON& Tower with Radar,24,43,35,0,102,0,0,25,0,25,24,43,60,0,127,26,0,26,153
09/17/2009,MLI,IL,AGL,CE,Combined TRACON& Tower with Radar,23,43,27,0,93,0,0,30,0,30,23,43,57,0,123,38,0,38,161
09/18/2009,MLI,IL,AGL,CE,Combined TRACON& Tower with Radar,25,40,19,0,84,0,0,26,0,26,25,40,45,0,110,4,0,4,114
09/19/2009,MLI,IL,AGL,CE,Combined TRACON& Tower with Radar,16,33,13,0,62,0,0,23,0,23,16,33,36,0,85,24,0,24,109
09/20/2009,MLI,IL,AGL,CE,Combined TRACON& Tower with Radar,19,41,15,0,75,0,0,16,0,16,19,41,31,0,91,4,0,4,95
09/21/2009,MLI,IL,AGL,CE,Combined TRACON& Tower with Radar,17,47,21,0,85,0,0,2,0,2,17,47,23,0,87,8,0,8,95
09/22/2009,MLI,IL,AGL,CE,Combined TRACON& Tower with Radar,24,41,25,7,97,0,1,6,0,7,24,42,31,7,104,7,11,18,122
09/23/2009,MLI,IL,AGL,CE,Combined TRACON& Tower with Radar,20,50,39,2,111,0,0,16,1,17,20,50,55,3,128,54,0,54,182
09/24/2009,MLI,IL,AGL,CE,Combined TRACON& Tower with Radar,27,42,22,0,91,0,0,10,0,10,27,42,32,0,101,28,0,28,129
09/25/2009,MLI,IL,AGL,CE,Combined TRACON& Tower with Radar,25,40,14,0,79,0,0,10,0,10,25,40,24,0,89,6,0,6,95
09/26/2009,MLI,IL,AGL,CE,Combined TRACON& Tower with Radar,18,35,10,0,63,0,0,3,0,3,18,35,13,0,66,0,0,0,66
09/27/2009,MLI,IL,AGL,CE,Combined TRACON& Tower with Radar,29,33,11,0,73,0,0,25,0,25,29,33,36,0,98,10,0,10,108
09/28/2009,MLI,IL,AGL,CE,Combined TRACON& Tower with Radar,22,40,15,0,77,0,0,6,0,6,22,40,21,0,83,0,0,0,83
09/29/2009,MLI,IL,AGL,CE,Combined TRACON& Tower with Radar,18,47,13,0,78,0,0,41,0,41,18,47,54,0,119,66,0,66,185
09/30/2009,MLI,IL,AGL,CE,Combined TRACON& Tower with Radar,20,47,27,0,94,0,0,52,3,55,20,47,79,3,149,38,0,38,187
10/01/2009,MLI,IL,AGL,CE,Combined TRACON& Tower with Radar,21,35,23,0,79,0,0,1,0,1,21,35,24,0,80,0,0,0,80
10/02/2009,MLI,IL,AGL,CE,Combined TRACON& Tower with Radar,20,41,15,0,76,0,0,3,0,3,20,41,18,0,79,6,0,6,85
10/03/2009,MLI,IL,AGL,CE,Combined TRACON& Tower with Radar,15,28,10,0,53,0,0,2,0,2,15,28,12,0,55,16,0,16,71
10/04/2009,MLI,IL,AGL,CE,Combined TRACON& Tower with Radar,19,33,10,0,62,0,0,25,0,25,19,33,35,0,87,26,0,26,113
10/05/2009,MLI,IL,AGL,CE,Combined TRACON& Tower with Radar,32,26,30,1,89,0,0,32,0,32,32,26,62,1,121,36,0,36,157
10/06/2009,MLI,IL,AGL,CE,Combined TRACON& Tower with Radar,18,38,21,0,77,0,0,3,0,3,18,38,24,0,80,0,0,0,80
10/07/2009,MLI,IL,AGL,CE,Combined TRACON& Tower with Radar,24,39,16,0,79,0,0,34,0,34,24,39,50,0,113,38,0,38,151
10/08/2009,MLI,IL,AGL,CE,Combined TRACON& Tower with Radar,23,49,28,0,100,0,0,4,0,4,23,49,32,0,104,0,0,0,104
10/09/2009,MLI,IL,AGL,CE,Combined TRACON& Tower with Radar,25,48,20,2,95,0,0,19,0,19,25,48,39,2,114,22,0,22,136
10/10/2009,MLI,IL,AGL,CE,Combined TRACON& Tower with Radar,17,23,9,0,49,0,2,15,0,17,17,25,24,0,66,22,0,22,88
10/11/2009,MLI,IL,AGL,CE,Combined TRACON& Tower with Radar,17,39,13,1,70,0,2,27,1,30,17,41,40,2,100,40,0,40,140
10/12/2009,MLI,IL,AGL,CE,Combined TRACON& Tower with Radar,25,40,20,0,85,0,0,8,0,8,25,40,28,0,93,26,0,26,119
10/13/2009,MLI,IL,AGL,CE,Combined TRACON& Tower with Radar,16,42,25,2,85,0,0,41,2,43,16,42,66,4,128,28,0,28,156
10/14/2009,MLI,IL,AGL,CE,Combined TRACON& Tower with Radar,16,46,31,0,93,0,0,3,0,3,16,46,34,0,96,34,0,34,130
10/15/2009,MLI,IL,AGL,CE,Combined TRACON& Tower with Radar,14,43,20,0,77,0,0,0,0,0,14,43,20,0,77,14,0,14,91
10/16/2009,MLI,IL,AGL,CE,Combined TRACON& Tower with Radar,19,40,29,0,88,0,0,16,0,16,19,40,45,0,104,36,0,36,140
10/17/2009,MLI,IL,AGL,CE,Combined TRACON& Tower with Radar,21,21,12,0,54,0,2,23,0,25,21,23,35,0,79,24,0,24,103
10/18/2009,MLI,IL,AGL,CE,Combined TRACON& Tower with Radar,15,36,14,0,65,0,0,25,0,25,15,36,39,0,90,46,0,46,136
10/19/2009,MLI,IL,AGL,CE,Combined TRACON& Tower with Radar,18,43,27,4,92,0,0,41,0,41,18,43,68,4,133,40,0,40,173
10/20/2009,MLI,IL,AGL,CE,Combined TRACON& Tower with Radar,17,39,19,0,75,0,0,20,0,20,17,39,39,0,95,28,0,28,123
10/21/2009,MLI,IL,AGL,CE,Combined TRACON& Tower with Radar,19,46,14,0,79,0,1,17,0,18,19,47,31,0,97,22,0,22,119
10/22/2009,MLI,IL,AGL,CE,Combined TRACON& Tower with Radar,19,40,22,0,81,0,0,0,0,0,19,40,22,0,81,0,0,0,81
10/23/2009,MLI,IL,AGL,CE,Combined TRACON& Tower with Radar,15,38,7,0,60,0,0,0,0,0,15,38,7,0,60,0,0,0,60
10/24/2009,MLI,IL,AGL,CE,Combined TRACON& Tower with Radar,12,32,11,0,55,0,0,21,0,21,12,32,32,0,76,32,0,32,108
10/25/2009,MLI,IL,AGL,CE,Combined TRACON& Tower with Radar,20,38,16,2,76,0,4,25,0,29,20,42,41,2,105,16,0,16,121
10/26/2009,MLI,IL,AGL,CE,Combined TRACON& Tower with Radar,15,46,32,0,93,0,0,3,0,3,15,46,35,0,96,18,0,18,114
10/27/2009,MLI,IL,AGL,CE,Combined TRACON& Tower with Radar,16,45,33,2,96,0,2,18,2,22,16,47,51,4,118,56,0,56,174
10/28/2009,MLI,IL,AGL,CE,Combined TRACON& Tower with Radar,15,47,31,0,93,0,2,2,0,4,15,49,33,0,97,18,0,18,115
10/29/2009,MLI,IL,AGL,CE,Combined TRACON& Tower with Radar,17,40,25,2,84,0,0,2,0,2,17,40,27,2,86,0,0,0,86
10/30/2009,MLI,IL,AGL,CE,Combined TRACON& Tower with Radar,19,43,13,0,75,0,0,0,2,2,19,43,13,2,77,6,0,6,83
10/31/2009,MLI,IL,AGL,CE,Combined TRACON& Tower with Radar,20,28,10,0,58,0,0,14,0,14,20,28,24,0,72,16,2,18,90
11/01/2009,MLI,IL,AGL,CE,Combined TRACON& Tower with Radar,24,29,15,0,68,0,0,31,0,31,24,29,46,0,99,16,0,16,115
11/02/2009,MLI,IL,AGL,CE,Combined TRACON& Tower with Radar,25,36,23,0,84,0,0,14,0,14,25,36,37,0,98,24,0,24,122
11/03/2009,MLI,IL,AGL,CE,Combined TRACON& Tower with Radar,14,46,31,0,91,0,0,32,0,32,14,46,63,0,123,18,0,18,141
11/04/2009,MLI,IL,AGL,CE,Combined TRACON& Tower with Radar,14,46,13,0,73,1,11,0,0,12,15,57,13,0,85,8,0,8,93
11/05/2009,MLI,IL,AGL,CE,Combined TRACON& Tower with Radar,16,41,21,0,78,0,0,34,0,34,16,41,55,0,112,34,0,34,146
11/06/2009,MLI,IL,AGL,CE,Combined TRACON& Tower with Radar,15,46,16,1,78,0,0,9,0,9,15,46,25,1,87,0,0,0,87
11/07/2009,MLI,IL,AGL,CE,Combined TRACON& Tower with Radar,19,27,20,0,66,0,1,34,0,35,19,28,54,0,101,4,0,4,105
11/08/2009,MLI,IL,AGL,CE,Combined TRACON& Tower with Radar,22,33,5,0,60,0,0,34,1,35,22,33,39,1,95,22,0,22,117
11/09/2009,MLI,IL,AGL,CE,Combined TRACON& Tower with Radar,20,44,5,0,69,0,2,11,1,14,20,46,16,1,83,0,0,0,83
11/10/2009,MLI,IL,AGL,CE,Combined TRACON& Tower with Radar,16,41,15,0,72,0,0,24,0,24,16,41,39,0,96,16,0,16,112
11/11/2009,MLI,IL,AGL,CE,Combined TRACON& Tower with Radar,17,42,25,0,84,0,2,30,0,32,17,44,55,0,116,66,0,66,182
11/12/2009,MLI,IL,AGL,CE,Combined TRACON& Tower with Radar,22,35,14,0,71,0,1,14,0,15,22,36,28,0,86,20,0,20,106
11/13/2009,MLI,IL,AGL,CE,Combined TRACON& Tower with Radar,21,42,17,0,80,0,0,18,0,18,21,42,35,0,98,6,0,6,104
11/14/2009,MLI,IL,AGL,CE,Combined TRACON& Tower with Radar,23,19,5,0,47,0,0,9,0,9,23,19,14,0,56,12,0,12,68
11/15/2009,MLI,IL,AGL,CE,Combined TRACON& Tower with Radar,17,42,12,0,71,0,0,13,0,13,17,42,25,0,84,42,0,42,126
11/16/2009,MLI,IL,AGL,CE,Combined TRACON& Tower with Radar,16,43,13,0,72,0,0,9,0,9,16,43,22,0,81,0,0,0,81
11/17/2009,MLI,IL,AGL,CE,Combined TRACON& Tower with Radar,15,49,20,0,84,0,0,5,0,5,15,49,25,0,89,0,0,0,89
11/18/2009,MLI,IL,AGL,CE,Combined TRACON& Tower with Radar,18,48,34,1,101,0,0,1,0,1,18,48,35,1,102,2,0,2,104
11/19/2009,MLI,IL,AGL,CE,Combined TRACON& Tower with Radar,23,43,21,2,89,0,0,5,3,8,23,43,26,5,97,18,14,32,129
11/20/2009,MLI,IL,AGL,CE,Combined TRACON& Tower with Radar,31,31,29,0,91,0,1,25,0,26,31,32,54,0,117,32,0,32,149
11/21/2009,MLI,IL,AGL,CE,Combined TRACON& Tower with Radar,20,23,22,1,66,0,0,35,0,35,20,23,57,1,101,60,0,60,161
11/22/2009,MLI,IL,AGL,CE,Combined TRACON& Tower with Radar,22,28,12,0,62,0,0,35,0,35,22,28,47,0,97,80,0,80,177
11/23/2009,MLI,IL,AGL,CE,Combined TRACON& Tower with Radar,17,38,46,0,101,0,0,4,0,4,17,38,50,0,105,38,0,38,143
11/24/2009,MLI,IL,AGL,CE,Combined TRACON& Tower with Radar,16,36,21,0,73,0,0,0,0,0,16,36,21,0,73,0,0,0,73
11/25/2009,MLI,IL,AGL,CE,Combined TRACON& Tower with Radar,26,33,22,0,81,0,0,4,0,4,26,33,26,0,85,0,0,0,85
11/26/2009,MLI,IL,AGL,CE,Combined TRACON& Tower with Radar,14,20,2,0,36,0,0,0,0,0,14,20,2,0,36,0,0,0,36
11/27/2009,MLI,IL,AGL,CE,Combined TRACON& Tower with Radar,23,14,9,0,46,0,0,36,0,36,23,14,45,0,82,26,0,26,108
11/28/2009,MLI,IL,AGL,CE,Combined TRACON& Tower with Radar,19,35,7,0,61,0,0,29,0,29,19,35,36,0,90,38,0,38,128
11/29/2009,MLI,IL,AGL,CE,Combined TRACON& Tower with Radar,16,35,13,0,64,0,0,10,0,10,16,35,23,0,74,4,0,4,78
11/30/2009,MLI,IL,AGL,CE,Combined TRACON& Tower with Radar,19,42,15,0,76,0,0,24,0,24,19,42,39,0,100,18,0,18,118
12/01/2009,MLI,IL,AGL,CE,Combined TRACON& Tower with Radar,18,50,18,1,87,0,0,34,0,34,18,50,52,1,121,20,0,20,141
12/02/2009,MLI,IL,AGL,CE,Combined TRACON& Tower with Radar,23,46,21,4,94,0,0,9,0,9,23,46,30,4,103,34,0,34,137
12/03/2009,MLI,IL,AGL,CE,Combined TRACON& Tower with Radar,14,42,12,0,68,0,0,10,0,10,14,42,22,0,78,24,0,24,102
12/04/2009,MLI,IL,AGL,CE,Combined TRACON& Tower with Radar,19,40,19,2,80,0,0,22,0,22,19,40,41,2,102,42,0,42,144
12/05/2009,MLI,IL,AGL,CE,Combined TRACON& Tower with Radar,21,26,10,0,57,0,0,23,0,23,21,26,33,0,80,30,0,30,110
12/06/2009,MLI,IL,AGL,CE,Combined TRACON& Tower with Radar,17,35,8,0,60,0,6,17,0,23,17,41,25,0,83,50,0,50,133
12/07/2009,MLI,IL,AGL,CE,Combined TRACON& Tower with Radar,18,40,5,2,65,0,0,0,0,0,18,40,5,2,65,0,0,0,65
12/08/2009,MLI,IL,AGL,CE,Combined TRACON& Tower with Radar,15,19,10,0,44,0,0,0,0,0,15,19,10,0,44,0,0,0,44
12/09/2009,MLI,IL,AGL,CE,Combined TRACON& Tower with Radar,21,25,6,0,52,0,0,0,0,0,21,25,6,0,52,0,0,0,52
12/10/2009,MLI,IL,AGL,CE,Combined TRACON& Tower with Radar,21,42,15,0,78,0,0,5,0,5,21,42,20,0,83,0,0,0,83
12/11/2009,MLI,IL,AGL,CE,Combined TRACON& Tower with Radar,21,49,21,1,92,0,0,10,0,10,21,49,31,1,102,8,0,8,110
12/12/2009,MLI,IL,AGL,CE,Combined TRACON& Tower with Radar,17,29,10,0,56,0,0,13,0,13,17,29,23,0,69,14,0,14,83
12/13/2009,MLI,IL,AGL,CE,Combined TRACON& Tower with Radar,20,35,9,0,64,0,0,0,0,0,20,35,9,0,64,4,0,4,68
12/14/2009,MLI,IL,AGL,CE,Combined TRACON& Tower with Radar,15,42,12,0,69,0,0,0,0,0,15,42,12,0,69,0,0,0,69
12/15/2009,MLI,IL,AGL,CE,Combined TRACON& Tower with Radar,26,39,37,2,104,0,0,20,0,20,26,39,57,2,124,16,0,16,140
12/16/2009,MLI,IL,AGL,CE,Combined TRACON& Tower with Radar,20,44,24,0,88,0,0,23,0,23,20,44,47,0,111,22,0,22,133
12/17/2009,MLI,IL,AGL,CE,Combined TRACON& Tower with Radar,29,31,15,0,75,0,0,18,0,18,29,31,33,0,93,58,0,58,151
12/18/2009,MLI,IL,AGL,CE,Combined TRACON& Tower with Radar,20,37,21,0,78,0,0,1,0,1,20,37,22,0,79,0,0,0,79
12/19/2009,MLI,IL,AGL,CE,Combined TRACON& Tower with Radar,14,31,13,0,58,0,0,2,0,2,14,31,15,0,60,16,0,16,76
12/20/2009,MLI,IL,AGL,CE,Combined TRACON& Tower with Radar,18,31,7,0,56,0,0,0,0,0,18,31,7,0,56,0,0,0,56
12/21/2009,MLI,IL,AGL,CE,Combined TRACON& Tower with Radar,20,36,28,0,84,0,0,0,0,0,20,36,28,0,84,0,0,0,84
12/22/2009,MLI,IL,AGL,CE,Combined TRACON& Tower with Radar,23,31,19,0,73,0,0,1,0,1,23,31,20,0,74,0,0,0,74
12/23/2009,MLI,IL,AGL,CE,Combined TRACON& Tower with Radar,26,27,6,0,59,0,0,0,0,0,26,27,6,0,59,0,0,0,59
12/24/2009,MLI,IL,AGL,CE,Combined TRACON& Tower with Radar,19,23,4,0,46,0,0,0,0,0,19,23,4,0,46,0,0,0,46
12/25/2009,MLI,IL,AGL,CE,Combined TRACON& Tower with Radar,15,27,2,0,44,0,0,0,0,0,15,27,2,0,44,0,0,0,44
12/26/2009,MLI,IL,AGL,CE,Combined TRACON& Tower with Radar,14,32,11,0,57,0,0,0,0,0,14,32,11,0,57,0,0,0,57
12/27/2009,MLI,IL,AGL,CE,Combined TRACON& Tower with Radar,18,34,11,0,63,0,0,0,0,0,18,34,11,0,63,0,0,0,63
12/28/2009,MLI,IL,AGL,CE,Combined TRACON& Tower with Radar,21,35,24,0,80,0,0,9,0,9,21,35,33,0,89,18,0,18,107
12/29/2009,MLI,IL,AGL,CE,Combined TRACON& Tower with Radar,27,28,11,0,66,0,1,20,0,21,27,29,31,0,87,8,0,8,95
12/30/2009,MLI,IL,AGL,CE,Combined TRACON& Tower with Radar,27,32,5,0,64,0,0,0,0,0,27,32,5,0,64,0,0,0,64
12/31/2009,MLI,IL,AGL,CE,Combined TRACON& Tower with Radar,16,33,6,0,55,0,0,5,0,5,16,33,11,0,60,0,0,0,60
01/01/2010,MLI,IL,AGL,CE,Combined TRACON& Tower with Radar,14,32,2,0,48,0,1,4,0,5,14,33,6,0,53,20,0,20,73
01/02/2010,MLI,IL,AGL,CE,Combined TRACON& Tower with Radar,15,28,9,0,52,0,0,11,0,11,15,28,20,0,63,6,0,6,69
01/03/2010,MLI,IL,AGL,CE,Combined TRACON& Tower with Radar,20,33,16,0,69,0,0,19,0,19,20,33,35,0,88,10,0,10,98
01/04/2010,MLI,IL,AGL,CE,Combined TRACON& Tower with Radar,25,38,13,0,76,0,2,9,0,11,25,40,22,0,87,0,0,0,87
01/05/2010,MLI,IL,AGL,CE,Combined TRACON& Tower with Radar,17,44,21,0,82,0,0,18,0,18,17,44,39,0,100,6,0,6,106
01/06/2010,MLI,IL,AGL,CE,Combined TRACON& Tower with Radar,20,49,12,0,81,0,9,0,0,9,20,58,12,0,90,0,0,0,90
01/07/2010,MLI,IL,AGL,CE,Combined TRACON& Tower with Radar,18,40,8,0,66,0,0,0,0,0,18,40,8,0,66,0,0,0,66
01/08/2010,MLI,IL,AGL,CE,Combined TRACON& Tower with Radar,24,40,20,0,84,0,0,2,0,2,24,40,22,0,86,0,0,0,86
01/09/2010,MLI,IL,AGL,CE,Combined TRACON& Tower with Radar,19,22,11,0,52,0,0,8,0,8,19,22,19,0,60,0,0,0,60
01/10/2010,MLI,IL,AGL,CE,Combined TRACON& Tower with Radar,20,31,12,0,63,0,0,1,0,1,20,31,13,0,64,0,0,0,64
01/11/2010,MLI,IL,AGL,CE,Combined TRACON& Tower with Radar,25,32,11,0,68,0,0,7,0,7,25,32,18,0,75,0,0,0,75
01/12/2010,MLI,IL,AGL,CE,Combined TRACON& Tower with Radar,19,33,15,2,69,0,0,6,0,6,19,33,21,2,75,0,0,0,75
01/13/2010,MLI,IL,AGL,CE,Combined TRACON& Tower with Radar,19,43,26,0,88,0,0,8,0,8,19,43,34,0,96,0,0,0,96
01/14/2010,MLI,IL,AGL,CE,Combined TRACON& Tower with Radar,20,38,18,0,76,0,0,3,0,3,20,38,21,0,79,0,0,0,79
01/15/2010,MLI,IL,AGL,CE,Combined TRACON& Tower with Radar,21,40,24,2,87,0,0,0,0,0,21,40,24,2,87,0,0,0,87
01/16/2010,MLI,IL,AGL,CE,Combined TRACON& Tower with Radar,17,27,8,0,52,0,0,0,0,0,17,27,8,0,52,0,0,0,52
01/17/2010,MLI,IL,AGL,CE,Combined TRACON& Tower with Radar,19,27,11,0,57,0,0,0,0,0,19,27,11,0,57,0,0,0,57
01/18/2010,MLI,IL,AGL,CE,Combined TRACON& Tower with Radar,21,35,19,0,75,0,0,0,0,0,21,35,19,0,75,0,0,0,75
01/19/2010,MLI,IL,AGL,CE,Combined TRACON& Tower with Radar,17,42,23,0,82,0,0,0,0,0,17,42,23,0,82,0,0,0,82
01/20/2010,MLI,IL,AGL,CE,Combined TRACON& Tower with Radar,24,31,13,0,68,0,0,0,0,0,24,31,13,0,68,0,0,0,68
01/21/2010,MLI,IL,AGL,CE,Combined TRACON& Tower with Radar,20,40,12,0,72,0,0,0,0,0,20,40,12,0,72,0,0,0,72
01/22/2010,MLI,IL,AGL,CE,Combined TRACON& Tower with Radar,24,39,19,0,82,0,0,0,0,0,24,39,19,0,82,0,0,0,82
01/23/2010,MLI,IL,AGL,CE,Combined TRACON& Tower with Radar,17,31,11,0,59,0,0,0,0,0,17,31,11,0,59,0,0,0,59
01/24/2010,MLI,IL,AGL,CE,Combined TRACON& Tower with Radar,20,25,5,0,50,0,0,0,0,0,20,25,5,0,50,0,0,0,50
01/25/2010,MLI,IL,AGL,CE,Combined TRACON& Tower with Radar,21,44,7,0,72,0,0,0,0,0,21,44,7,0,72,0,0,0,72
01/26/2010,MLI,IL,AGL,CE,Combined TRACON& Tower with Radar,16,39,13,2,70,0,0,6,0,6,16,39,19,2,76,4,0,4,80
01/27/2010,MLI,IL,AGL,CE,Combined TRACON& Tower with Radar,19,47,28,2,96,0,0,0,0,0,19,47,28,2,96,0,0,0,96
01/28/2010,MLI,IL,AGL,CE,Combined TRACON& Tower with Radar,19,40,27,4,90,0,0,8,0,8,19,40,35,4,98,14,0,14,112
01/29/2010,MLI,IL,AGL,CE,Combined TRACON& Tower with Radar,22,38,19,0,79,0,0,17,0,17,22,38,36,0,96,22,0,22,118
01/30/2010,MLI,IL,AGL,CE,Combined TRACON& Tower with Radar,21,21,13,0,55,0,0,16,0,16,21,21,29,0,71,46,0,46,117
01/31/2010,MLI,IL,AGL,CE,Combined TRACON& Tower with Radar,23,27,29,0,79,0,0,33,0,33,23,27,62,0,112,48,0,48,160
02/01/2010,MLI,IL,AGL,CE,Combined TRACON& Tower with Radar,26,39,19,0,84,0,0,7,0,7,26,39,26,0,91,14,0,14,105
02/02/2010,MLI,IL,AGL,CE,Combined TRACON& Tower with Radar,17,39,31,0,87,0,0,0,0,0,17,39,31,0,87,0,0,0,87
02/03/2010,MLI,IL,AGL,CE,Combined TRACON& Tower with Radar,23,38,36,0,97,0,0,27,0,27,23,38,63,0,124,22,0,22,146
02/04/2010,MLI,IL,AGL,CE,Combined TRACON& Tower with Radar,20,37,23,0,80,0,0,8,0,8,20,37,31,0,88,24,0,24,112
02/05/2010,MLI,IL,AGL,CE,Combined TRACON& Tower with Radar,19,39,12,0,70,0,0,0,0,0,19,39,12,0,70,0,0,0,70
02/06/2010,MLI,IL,AGL,CE,Combined TRACON& Tower with Radar,19,18,15,0,52,0,0,13,0,13,19,18,28,0,65,6,0,6,71
02/07/2010,MLI,IL,AGL,CE,Combined TRACON& Tower with Radar,25,26,10,3,64,0,0,7,0,7,25,26,17,3,71,24,0,24,95
02/08/2010,MLI,IL,AGL,CE,Combined TRACON& Tower with Radar,30,34,9,0,73,0,0,0,0,0,30,34,9,0,73,0,0,0,73
02/09/2010,MLI,IL,AGL,CE,Combined TRACON& Tower with Radar,12,36,12,0,60,0,0,0,0,0,12,36,12,0,60,0,0,0,60
02/10/2010,MLI,IL,AGL,CE,Combined TRACON& Tower with Radar,18,44,29,0,91,0,0,35,0,35,18,44,64,0,126,28,0,28,154
02/11/2010,MLI,IL,AGL,CE,Combined TRACON& Tower with Radar,17,37,37,0,91,0,0,23,0,23,17,37,60,0,114,46,0,46,160
02/12/2010,MLI,IL,AGL,CE,Combined TRACON& Tower with Radar,71,0,0,0,71,0,0,5,0,5,71,0,5,0,76,8,0,8,84
02/13/2010,MLI,IL,AGL,CE,Combined TRACON& Tower with Radar,17,30,11,0,58,0,0,24,0,24,17,30,35,0,82,28,0,28,110
02/14/2010,MLI,IL,AGL,CE,Combined TRACON& Tower with Radar,17,31,9,0,57,0,0,17,0,17,17,31,26,0,74,44,0,44,118
02/15/2010,MLI,IL,AGL,CE,Combined TRACON& Tower with Radar,17,35,9,0,61,0,0,0,0,0,17,35,9,0,61,0,0,0,61
02/16/2010,MLI,IL,AGL,CE,Combined TRACON& Tower with Radar,21,43,53,0,117,0,0,18,0,18,21,43,71,0,135,26,0,26,161
02/17/2010,MLI,IL,AGL,CE,Combined TRACON& Tower with Radar,21,45,29,0,95,0,0,17,0,17,21,45,46,0,112,32,0,32,144
02/18/2010,MLI,IL,AGL,CE,Combined TRACON& Tower with Radar,18,41,16,2,77,0,1,28,0,29,18,42,44,2,106,14,0,14,120
02/19/2010,MLI,IL,AGL,CE,Combined TRACON& Tower with Radar,30,36,23,0,89,0,0,17,0,17,30,36,40,0,106,6,0,6,112
02/20/2010,MLI,IL,AGL,CE,Combined TRACON& Tower with Radar,25,29,13,0,67,0,0,0,0,0,25,29,13,0,67,0,0,0,67
02/21/2010,MLI,IL,AGL,CE,Combined TRACON& Tower with Radar,17,23,12,0,52,0,0,2,0,2,17,23,14,0,54,0,0,0,54
02/22/2010,MLI,IL,AGL,CE,Combined TRACON& Tower with Radar,20,37,15,0,72,0,0,2,0,2,20,37,17,0,74,0,0,0,74
02/23/2010,MLI,IL,AGL,CE,Combined TRACON& Tower with Radar,19,41,18,0,78,0,0,9,0,9,19,41,27,0,87,14,0,14,101
02/24/2010,MLI,IL,AGL,CE,Combined TRACON& Tower with Radar,20,48,13,0,81,0,0,0,0,0,20,48,13,0,81,22,0,22,103
02/25/2010,MLI,IL,AGL,CE,Combined TRACON& Tower with Radar,28,33,27,0,88,0,0,39,0,39,28,33,66,0,127,40,0,40,167
02/26/2010,MLI,IL,AGL,CE,Combined TRACON& Tower with Radar,21,50,17,0,88,0,0,23,0,23,21,50,40,0,111,34,0,34,145
02/27/2010,MLI,IL,AGL,CE,Combined TRACON& Tower with Radar,18,26,12,0,56,0,0,18,2,20,18,26,30,2,76,38,0,38,114
02/28/2010,MLI,IL,AGL,CE,Combined TRACON& Tower with Radar,14,35,10,0,59,0,0,37,0,37,14,35,47,0,96,38,0,38,134
03/01/2010,MLI,IL,AGL,CE,Combined TRACON& Tower with Radar,19,38,14,2,73,0,0,4,0,4,19,38,18,2,77,0,0,0,77
03/02/2010,MLI,IL,AGL,CE,Combined TRACON& Tower with Radar,13,43,15,0,71,0,1,10,0,11,13,44,25,0,82,14,0,14,96
03/03/2010,MLI,IL,AGL,CE,Combined TRACON& Tower with Radar,18,42,28,2,90,0,0,27,0,27,18,42,55,2,117,32,0,32,149
03/04/2010,MLI,IL,AGL,CE,Combined TRACON& Tower with Radar,17,36,37,1,91,0,0,36,1,37,17,36,73,2,128,24,0,24,152
03/05/2010,MLI,IL,AGL,CE,Combined TRACON& Tower with Radar,22,35,36,1,94,0,0,39,0,39,22,35,75,1,133,5,0,5,138
03/06/2010,MLI,IL,AGL,CE,Combined TRACON& Tower with Radar,19,27,20,0,66,0,2,47,0,49,19,29,67,0,115,70,0,70,185
03/07/2010,MLI,IL,AGL,CE,Combined TRACON& Tower with Radar,13,37,13,0,63,0,0,1,0,1,13,37,14,0,64,0,0,0,64
03/08/2010,MLI,IL,AGL,CE,Combined TRACON& Tower with Radar,18,45,18,6,87,0,0,0,0,0,18,45,18,6,87,0,12,12,99
03/09/2010,MLI,IL,AGL,CE,Combined TRACON& Tower with Radar,20,39,9,0,68,0,0,4,0,4,20,39,13,0,72,0,0,0,72
03/10/2010,MLI,IL,AGL,CE,Combined TRACON& Tower with Radar,23,43,29,0,95,0,0,10,0,10,23,43,39,0,105,0,0,0,105
03/11/2010,MLI,IL,AGL,CE,Combined TRACON& Tower with Radar,25,37,26,0,88,0,0,12,0,12,25,37,38,0,100,6,0,6,106
03/12/2010,MLI,IL,AGL,CE,Combined TRACON& Tower with Radar,19,45,14,0,78,0,0,18,0,18,19,45,32,0,96,38,0,38,134
03/13/2010,MLI,IL,AGL,CE,Combined TRACON& Tower with Radar,17,26,8,0,51,0,0,0,0,0,17,26,8,0,51,0,0,0,51
03/14/2010,MLI,IL,AGL,CE,Combined TRACON& Tower with Radar,15,36,9,0,60,0,0,8,0,8,15,36,17,0,68,0,0,0,68
03/15/2010,MLI,IL,AGL,CE,Combined TRACON& Tower with Radar,26,35,14,0,75,0,0,28,0,28,26,35,42,0,103,14,0,14,117
03/16/2010,MLI,IL,AGL,CE,Combined TRACON& Tower with Radar,21,40,25,2,88,0,0,2,0,2,21,40,27,2,90,0,0,0,90
03/17/2010,MLI,IL,AGL,CE,Combined TRACON& Tower with Radar,19,38,39,0,96,0,0,17,0,17,19,38,56,0,113,20,0,20,133
03/18/2010,MLI,IL,AGL,CE,Combined TRACON& Tower with Radar,20,36,21,0,77,0,0,28,0,28,20,36,49,0,105,40,0,40,145
03/19/2010,MLI,IL,AGL,CE,Combined TRACON& Tower with Radar,20,44,29,0,93,0,0,18,3,21,20,44,47,3,114,12,0,12,126
03/20/2010,MLI,IL,AGL,CE,Combined TRACON& Tower with Radar,16,25,5,0,46,0,0,2,0,2,16,25,7,0,48,6,0,6,54
03/21/2010,MLI,IL,AGL,CE,Combined TRACON& Tower with Radar,14,36,15,0,65,0,0,13,0,13,14,36,28,0,78,4,0,4,82
03/22/2010,MLI,IL,AGL,CE,Combined TRACON& Tower with Radar,22,46,18,0,86,0,1,34,0,35,22,47,52,0,121,36,0,36,157
03/23/2010,MLI,IL,AGL,CE,Combined TRACON& Tower with Radar,19,42,24,0,85,0,2,37,0,39,19,44,61,0,124,24,0,24,148
03/24/2010,MLI,IL,AGL,CE,Combined TRACON& Tower with Radar,24,35,18,1,78,0,0,25,0,25,24,35,43,1,103,20,0,20,123
03/25/2010,MLI,IL,AGL,CE,Combined TRACON& Tower with Radar,21,44,22,14,101,0,2,2,0,4,21,46,24,14,105,14,16,30,135
03/26/2010,MLI,IL,AGL,CE,Combined TRACON& Tower with Radar,25,37,16,0,78,0,0,34,0,34,25,37,50,0,112,14,0,14,126
03/27/2010,MLI,IL,AGL,CE,Combined TRACON& Tower with Radar,25,23,13,0,61,0,0,22,0,22,25,23,35,0,83,0,0,0,83
03/28/2010,MLI,IL,AGL,CE,Combined TRACON& Tower with Radar,19,31,3,0,53,0,0,9,0,9,19,31,12,0,62,18,0,18,80
03/29/2010,MLI,IL,AGL,CE,Combined TRACON& Tower with Radar,22,40,20,0,82,0,0,22,0,22,22,40,42,0,104,8,0,8,112
03/30/2010,MLI,IL,AGL,CE,Combined TRACON& Tower with Radar,26,34,20,0,80,0,0,8,0,8,26,34,28,0,88,20,0,20,108
03/31/2010,MLI,IL,AGL,CE,Combined TRACON& Tower with Radar,34,40,37,0,111,0,0,10,0,10,34,40,47,0,121,8,0,8,129
04/01/2010,MLI,IL,AGL,CE,Combined TRACON& Tower with Radar,25,38,23,0,86,0,0,22,0,22,25,38,45,0,108,30,0,30,138
04/02/2010,MLI,IL,AGL,CE,Combined TRACON& Tower with Radar,17,37,15,0,69,0,5,8,0,13,17,42,23,0,82,6,0,6,88
04/03/2010,MLI,IL,AGL,CE,Combined TRACON& Tower with Radar,18,28,7,0,53,0,0,15,0,15,18,28,22,0,68,0,0,0,68
04/04/2010,MLI,IL,AGL,CE,Combined TRACON& Tower with Radar,12,37,15,0,64,0,0,12,0,12,12,37,27,0,76,8,0,8,84
04/05/2010,MLI,IL,AGL,CE,Combined TRACON& Tower with Radar,28,40,24,0,92,0,0,20,0,20,28,40,44,0,112,0,0,0,112
04/06/2010,MLI,IL,AGL,CE,Combined TRACON& Tower with Radar,23,39,21,0,83,0,5,3,0,8,23,44,24,0,91,4,0,4,95
04/07/2010,MLI,IL,AGL,CE,Combined TRACON& Tower with Radar,21,48,16,0,85,0,0,0,0,0,21,48,16,0,85,0,0,0,85
04/08/2010,MLI,IL,AGL,CE,Combined TRACON& Tower with Radar,30,36,22,2,90,0,0,15,0,15,30,36,37,2,105,48,0,48,153
04/09/2010,MLI,IL,AGL,CE,Combined TRACON& Tower with Radar,36,31,9,0,76,0,0,51,0,51,36,31,60,0,127,48,0,48,175
04/10/2010,MLI,IL,AGL,CE,Combined TRACON& Tower with Radar,12,33,9,0,54,0,0,28,0,28,12,33,37,0,82,8,0,8,90
04/11/2010,MLI,IL,AGL,CE,Combined TRACON& Tower with Radar,23,35,6,0,64,0,0,34,0,34,23,35,40,0,98,26,0,26,124
04/12/2010,MLI,IL,AGL,CE,Combined TRACON& Tower with Radar,23,42,25,0,90,0,0,18,0,18,23,42,43,0,108,38,0,38,146
04/13/2010,MLI,IL,AGL,CE,Combined TRACON& Tower with Radar,19,46,14,0,79,0,0,38,0,38,19,46,52,0,117,50,0,50,167
04/14/2010,MLI,IL,AGL,CE,Combined TRACON& Tower with Radar,25,44,23,0,92,0,0,21,0,21,25,44,44,0,113,6,0,6,119
04/15/2010,MLI,IL,AGL,CE,Combined TRACON& Tower with Radar,21,77,24,0,122,0,0,11,0,11,21,77,35,0,133,16,0,16,149
04/16/2010,MLI,IL,AGL,CE,Combined TRACON& Tower with Radar,22,35,21,0,78,0,0,11,0,11,22,35,32,0,89,2,0,2,91
04/17/2010,MLI,IL,AGL,CE,Combined TRACON& Tower with Radar,15,36,6,0,57,0,3,23,0,26,15,39,29,0,83,10,0,10,93
04/18/2010,MLI,IL,AGL,CE,Combined TRACON& Tower with Radar,21,32,12,0,65,0,0,39,0,39,21,32,51,0,104,38,0,38,142
04/19/2010,MLI,IL,AGL,CE,Combined TRACON& Tower with Radar,23,41,21,0,85,0,0,18,2,20,23,41,39,2,105,12,0,12,117
04/20/2010,MLI,IL,AGL,CE,Combined TRACON& Tower with Radar,21,41,21,0,83,0,0,28,0,28,21,41,49,0,111,34,0,34,145
04/21/2010,MLI,IL,AGL,CE,Combined TRACON& Tower with Radar,30,38,20,0,88,0,0,0,0,0,30,38,20,0,88,4,0,4,92
04/22/2010,MLI,IL,AGL,CE,Combined TRACON& Tower with Radar,21,36,24,0,81,0,0,13,0,13,21,36,37,0,94,10,0,10,104
04/23/2010,MLI,IL,AGL,CE,Combined TRACON& Tower with Radar,28,41,25,0,94,0,2,0,0,2,28,43,25,0,96,0,0,0,96
04/24/2010,MLI,IL,AGL,CE,Combined TRACON& Tower with Radar,12,32,6,0,50,0,0,1,0,1,12,32,7,0,51,0,0,0,51
04/25/2010,MLI,IL,AGL,CE,Combined TRACON& Tower with Radar,20,35,21,0,76,0,0,2,0,2,20,35,23,0,78,4,0,4,82
04/26/2010,MLI,IL,AGL,CE,Combined TRACON& Tower with Radar,30,30,29,4,93,0,0,16,0,16,30,30,45,4,109,38,0,38,147
04/27/2010,MLI,IL,AGL,CE,Combined TRACON& Tower with Radar,22,41,20,1,84,0,0,24,0,24,22,41,44,1,108,14,0,14,122
04/28/2010,MLI,IL,AGL,CE,Combined TRACON& Tower with Radar,24,43,33,0,100,0,1,27,0,28,24,44,60,0,128,32,0,32,160
04/29/2010,MLI,IL,AGL,CE,Combined TRACON& Tower with Radar,21,39,21,2,83,0,2,4,0,6,21,41,25,2,89,0,0,0,89
04/30/2010,MLI,IL,AGL,CE,Combined TRACON& Tower with Radar,25,36,9,0,70,0,0,6,0,6,25,36,15,0,76,0,0,0,76
05/01/2010,MLI,IL,AGL,CE,Combined TRACON& Tower with Radar,13,33,13,0,59,0,5,12,0,17,13,38,25,0,76,12,0,12,88
05/02/2010,MLI,IL,AGL,CE,Combined TRACON& Tower with Radar,17,38,21,0,76,0,0,20,0,20,17,38,41,0,96,42,0,42,138
05/03/2010,MLI,IL,AGL,CE,Combined TRACON& Tower with Radar,25,44,21,0,90,0,0,21,0,21,25,44,42,0,111,38,0,38,149
05/04/2010,MLI,IL,AGL,CE,Combined TRACON& Tower with Radar,19,42,18,0,79,0,0,14,0,14,19,42,32,0,93,16,0,16,109
05/05/2010,MLI,IL,AGL,CE,Combined TRACON& Tower with Radar,23,44,23,0,90,0,2,18,0,20,23,46,41,0,110,12,0,12,122
05/06/2010,MLI,IL,AGL,CE,Combined TRACON& Tower with Radar,21,38,25,0,84,4,5,28,0,37,25,43,53,0,121,14,0,14,135
05/07/2010,MLI,IL,AGL,CE,Combined TRACON& Tower with Radar,19,48,19,0,86,0,0,0,0,0,19,48,19,0,86,0,0,0,86
05/08/2010,MLI,IL,AGL,CE,Combined TRACON& Tower with Radar,13,34,12,0,59,0,0,3,0,3,13,34,15,0,62,0,0,0,62
05/09/2010,MLI,IL,AGL,CE,Combined TRACON& Tower with Radar,20,38,17,0,75,0,0,32,0,32,20,38,49,0,107,24,0,24,131
05/10/2010,MLI,IL,AGL,CE,Combined TRACON& Tower with Radar,26,38,14,1,79,0,0,4,0,4,26,38,18,1,83,0,0,0,83
05/11/2010,MLI,IL,AGL,CE,Combined TRACON& Tower with Radar,25,36,24,2,87,0,0,0,0,0,25,36,24,2,87,6,0,6,93
05/12/2010,MLI,IL,AGL,CE,Combined TRACON& Tower with Radar,26,38,27,2,93,0,0,0,0,0,26,38,27,2,93,0,0,0,93
05/13/2010,MLI,IL,AGL,CE,Combined TRACON& Tower with Radar,18,40,19,2,79,0,0,4,0,4,18,40,23,2,83,22,0,22,105
05/14/2010,MLI,IL,AGL,CE,Combined TRACON& Tower with Radar,23,40,30,2,95,0,4,26,1,31,23,44,56,3,126,4,0,4,130
05/15/2010,MLI,IL,AGL,CE,Combined TRACON& Tower with Radar,12,35,14,0,61,0,0,33,0,33,12,35,47,0,94,70,0,70,164
05/16/2010,MLI,IL,AGL,CE,Combined TRACON& Tower with Radar,20,35,19,0,74,0,0,18,0,18,20,35,37,0,92,20,0,20,112
05/17/2010,MLI,IL,AGL,CE,Combined TRACON& Tower with Radar,26,36,25,0,87,0,0,9,0,9,26,36,34,0,96,42,0,42,138
05/18/2010,MLI,IL,AGL,CE,Combined TRACON& Tower with Radar,22,39,21,0,82,0,0,24,0,24,22,39,45,0,106,24,0,24,130
05/19/2010,MLI,IL,AGL,CE,Combined TRACON& Tower with Radar,20,50,23,1,94,0,0,28,0,28,20,50,51,1,122,16,0,16,138
05/20/2010,MLI,IL,AGL,CE,Combined TRACON& Tower with Radar,20,45,19,0,84,0,0,2,2,4,20,45,21,2,88,0,0,0,88
05/21/2010,MLI,IL,AGL,CE,Combined TRACON& Tower with Radar,17,44,12,0,73,0,0,1,0,1,17,44,13,0,74,0,0,0,74
05/22/2010,MLI,IL,AGL,CE,Combined TRACON& Tower with Radar,16,31,10,0,57,0,0,16,0,16,16,31,26,0,73,0,0,0,73
05/23/2010,MLI,IL,AGL,CE,Combined TRACON& Tower with Radar,30,27,11,0,68,0,0,16,0,16,30,27,27,0,84,8,0,8,92
05/24/2010,MLI,IL,AGL,CE,Combined TRACON& Tower with Radar,22,52,15,0,89,0,0,23,0,23,22,52,38,0,112,10,0,10,122
05/25/2010,MLI,IL,AGL,CE,Combined TRACON& Tower with Radar,21,43,14,1,79,0,0,6,0,6,21,43,20,1,85,6,0,6,91
05/26/2010,MLI,IL,AGL,CE,Combined TRACON& Tower with Radar,29,52,33,0,114,0,0,9,0,9,29,52,42,0,123,8,0,8,131
05/27/2010,MLI,IL,AGL,CE,Combined TRACON& Tower with Radar,20,48,16,0,84,0,0,29,0,29,20,48,45,0,113,0,0,0,113
05/28/2010,MLI,IL,AGL,CE,Combined TRACON& Tower with Radar,24,41,16,0,81,0,1,31,0,32,24,42,47,0,113,34,0,34,147
05/29/2010,MLI,IL,AGL,CE,Combined TRACON& Tower with Radar,21,26,10,0,57,0,2,25,0,27,21,28,35,0,84,24,0,24,108
05/30/2010,MLI,IL,AGL,CE,Combined TRACON& Tower with Radar,19,20,15,0,54,0,0,20,0,20,19,20,35,0,74,2,0,2,76
05/31/2010,MLI,IL,AGL,CE,Combined TRACON& Tower with Radar,31,21,6,4,62,0,0,9,0,9,31,21,15,4,71,20,12,32,103
06/01/2010,MLI,IL,AGL,CE,Combined TRACON& Tower with Radar,18,41,29,0,88,0,1,28,0,29,18,42,57,0,117,50,0,50,167
06/02/2010,MLI,IL,AGL,CE,Combined TRACON& Tower with Radar,18,45,20,0,83,0,1,6,0,7,18,46,26,0,90,24,0,24,114
06/03/2010,MLI,IL,AGL,CE,Combined TRACON& Tower with Radar,18,48,30,0,96,0,0,20,0,20,18,48,50,0,116,42,0,42,158
06/04/2010,MLI,IL,AGL,CE,Combined TRACON& Tower with Radar,20,46,14,0,80,0,0,12,0,12,20,46,26,0,92,34,0,34,126
06/05/2010,MLI,IL,AGL,CE,Combined TRACON& Tower with Radar,17,34,12,0,63,0,0,8,0,8,17,34,20,0,71,18,0,18,89
06/06/2010,MLI,IL,AGL,CE,Combined TRACON& Tower with Radar,22,39,13,0,74,0,0,25,0,25,22,39,38,0,99,16,0,16,115
06/07/2010,MLI,IL,AGL,CE,Combined TRACON& Tower with Radar,21,45,17,0,83,0,0,29,0,29,21,45,46,0,112,24,0,24,136
06/08/2010,MLI,IL,AGL,CE,Combined TRACON& Tower with Radar,21,43,14,1,79,0,0,4,1,5,21,43,18,2,84,24,0,24,108
06/09/2010,MLI,IL,AGL,CE,Combined TRACON& Tower with Radar,21,49,28,0,98,0,0,23,0,23,21,49,51,0,121,32,0,32,153
06/10/2010,MLI,IL,AGL,CE,Combined TRACON& Tower with Radar,22,50,25,1,98,0,0,15,1,16,22,50,40,2,114,24,0,24,138
06/11/2010,MLI,IL,AGL,CE,Combined TRACON& Tower with Radar,25,48,25,2,100,0,0,13,0,13,25,48,38,2,113,6,0,6,119
06/12/2010,MLI,IL,AGL,CE,Combined TRACON& Tower with Radar,21,28,3,0,52,0,0,7,0,7,21,28,10,0,59,24,0,24,83
06/13/2010,MLI,IL,AGL,CE,Combined TRACON& Tower with Radar,23,40,16,0,79,0,0,4,0,4,23,40,20,0,83,36,0,36,119
06/14/2010,MLI,IL,AGL,CE,Combined TRACON& Tower with Radar,21,44,27,2,94,0,0,2,0,2,21,44,29,2,96,4,0,4,100
06/15/2010,MLI,IL,AGL,CE,Combined TRACON& Tower with Radar,20,46,16,1,83,0,0,5,1,6,20,46,21,2,89,24,0,24,113
06/16/2010,MLI,IL,AGL,CE,Combined TRACON& Tower with Radar,19,41,45,2,107,0,1,28,5,34,19,42,73,7,141,20,2,22,163
06/17/2010,MLI,IL,AGL,CE,Combined TRACON& Tower with Radar,18,45,21,0,84,0,0,21,0,21,18,45,42,0,105,18,0,18,123
06/18/2010,MLI,IL,AGL,CE,Combined TRACON& Tower with Radar,22,43,25,0,90,0,0,15,0,15,22,43,40,0,105,10,0,10,115
06/19/2010,MLI,IL,AGL,CE,Combined TRACON& Tower with Radar,18,40,12,0,70,0,0,31,0,31,18,40,43,0,101,8,0,8,109
06/20/2010,MLI,IL,AGL,CE,Combined TRACON& Tower with Radar,23,35,21,0,79,0,0,15,0,15,23,35,36,0,94,0,0,0,94
06/21/2010,MLI,IL,AGL,CE,Combined TRACON& Tower with Radar,19,47,22,0,88,0,0,6,0,6,19,47,28,0,94,10,0,10,104
06/22/2010,MLI,IL,AGL,CE,Combined TRACON& Tower with Radar,20,46,28,0,94,0,0,17,0,17,20,46,45,0,111,38,0,38,149
06/23/2010,MLI,IL,AGL,CE,Combined TRACON& Tower with Radar,23,45,19,0,87,0,0,4,0,4,23,45,23,0,91,0,0,0,91
06/24/2010,MLI,IL,AGL,CE,Combined TRACON& Tower with Radar,19,46,24,0,89,0,0,28,4,32,19,46,52,4,121,15,1,16,137
06/25/2010,MLI,IL,AGL,CE,Combined TRACON& Tower with Radar,20,50,26,3,99,0,0,28,3,31,20,50,54,6,130,8,8,16,146
06/26/2010,MLI,IL,AGL,CE,Combined TRACON& Tower with Radar,19,42,11,1,73,0,0,22,3,25,19,42,33,4,98,16,0,16,114
06/27/2010,MLI,IL,AGL,CE,Combined TRACON& Tower with Radar,24,36,11,3,74,0,0,15,4,19,24,36,26,7,93,12,0,12,105
06/28/2010,MLI,IL,AGL,CE,Combined TRACON& Tower with Radar,23,48,16,4,91,0,2,24,3,29,23,50,40,7,120,48,0,48,168
06/29/2010,MLI,IL,AGL,CE,Combined TRACON& Tower with Radar,20,46,20,2,88,0,1,29,0,30,20,47,49,2,118,32,0,32,150
06/30/2010,MLI,IL,AGL,CE,Combined TRACON& Tower with Radar,20,56,32,1,109,0,0,39,1,40,20,56,71,2,149,14,0,14,163
07/01/2010,MLI,IL,AGL,CE,Combined TRACON& Tower with Radar,19,51,26,0,96,0,0,34,2,36,19,51,60,2,132,26,0,26,158
07/02/2010,MLI,IL,AGL,CE,Combined TRACON& Tower with Radar,22,45,21,0,88,0,1,47,1,49,22,46,68,1,137,0,0,0,137
07/03/2010,MLI,IL,AGL,CE,Combined TRACON& Tower with Radar,22,32,10,0,64,0,0,33,0,33,22,32,43,0,97,24,0,24,121
07/04/2010,MLI,IL,AGL,CE,Combined TRACON& Tower with Radar,12,33,14,0,59,0,0,10,0,10,12,33,24,0,69,20,0,20,89
07/05/2010,MLI,IL,AGL,CE,Combined TRACON& Tower with Radar,19,59,26,0,104,0,0,13,0,13,19,59,39,0,117,14,0,14,131
07/06/2010,MLI,IL,AGL,CE,Combined TRACON& Tower with Radar,21,50,30,0,101,0,0,7,0,7,21,50,37,0,108,16,0,16,124
07/07/2010,MLI,IL,AGL,CE,Combined TRACON& Tower with Radar,18,48,31,0,97,0,0,6,0,6,18,48,37,0,103,0,0,0,103
07/08/2010,MLI,IL,AGL,CE,Combined TRACON& Tower with Radar,19,47,36,0,102,0,0,18,2,20,19,47,54,2,122,30,0,30,152
07/09/2010,MLI,IL,AGL,CE,Combined TRACON& Tower with Radar,21,44,17,0,82,0,1,37,2,40,21,45,54,2,122,72,0,72,194
07/10/2010,MLI,IL,AGL,CE,Combined TRACON& Tower with Radar,19,35,12,0,66,0,0,118,4,122,19,35,130,4,188,32,0,32,220
07/11/2010,MLI,IL,AGL,CE,Combined TRACON& Tower with Radar,23,61,17,0,101,0,0,15,2,17,23,61,32,2,118,34,0,34,152
07/12/2010,MLI,IL,AGL,CE,Combined TRACON& Tower with Radar,16,46,15,2,79,0,0,3,0,3,16,46,18,2,82,0,0,0,82
07/13/2010,MLI,IL,AGL,CE,Combined TRACON& Tower with Radar,18,47,29,0,94,0,2,27,0,29,18,49,56,0,123,50,0,50,173
07/14/2010,MLI,IL,AGL,CE,Combined TRACON& Tower with Radar,19,46,17,0,82,0,0,26,0,26,19,46,43,0,108,10,0,10,118
07/15/2010,MLI,IL,AGL,CE,Combined TRACON& Tower with Radar,18,47,21,3,89,0,2,9,1,12,18,49,30,4,101,0,0,0,101
07/16/2010,MLI,IL,AGL,CE,Combined TRACON& Tower with Radar,22,51,23,0,96,0,0,46,0,46,22,51,69,0,142,14,0,14,156
07/17/2010,MLI,IL,AGL,CE,Combined TRACON& Tower with Radar,17,34,5,0,56,0,0,27,0,27,17,34,32,0,83,26,0,26,109
07/18/2010,MLI,IL,AGL,CE,Combined TRACON& Tower with Radar,21,36,11,0,68,0,1,14,0,15,21,37,25,0,83,32,0,32,115
07/19/2010,MLI,IL,AGL,CE,Combined TRACON& Tower with Radar,21,44,12,0,77,0,0,14,0,14,21,44,26,0,91,12,0,12,103
07/20/2010,MLI,IL,AGL,CE,Combined TRACON& Tower with Radar,19,47,23,0,89,0,0,16,0,16,19,47,39,0,105,34,0,34,139
07/21/2010,MLI,IL,AGL,CE,Combined TRACON& Tower with Radar,21,53,17,0,91,0,1,28,0,29,21,54,45,0,120,80,0,80,200
07/22/2010,MLI,IL,AGL,CE,Combined TRACON& Tower with Radar,18,47,20,4,89,0,0,20,0,20,18,47,40,4,109,14,0,14,123
07/23/2010,MLI,IL,AGL,CE,Combined TRACON& Tower with Radar,21,45,23,0,89,0,0,15,0,15,21,45,38,0,104,0,0,0,104
07/24/2010,MLI,IL,AGL,CE,Combined TRACON& Tower with Radar,19,32,7,0,58,0,0,15,0,15,19,32,22,0,73,0,0,0,73
07/25/2010,MLI,IL,AGL,CE,Combined TRACON& Tower with Radar,21,35,17,0,73,0,0,28,0,28,21,35,45,0,101,16,0,16,117
07/26/2010,MLI,IL,AGL,CE,Combined TRACON& Tower with Radar,20,46,25,0,91,0,0,32,0,32,20,46,57,0,123,20,0,20,143
07/27/2010,MLI,IL,AGL,CE,Combined TRACON& Tower with Radar,21,47,21,0,89,0,0,20,0,20,21,47,41,0,109,36,0,36,145
07/28/2010,MLI,IL,AGL,CE,Combined TRACON& Tower with Radar,21,48,27,0,96,0,0,11,0,11,21,48,38,0,107,14,0,14,121
07/29/2010,MLI,IL,AGL,CE,Combined TRACON& Tower with Radar,8,17,14,1,40,0,0,10,0,10,8,17,24,1,50,0,0,0,50
07/30/2010,MLI,IL,AGL,CE,Combined TRACON& Tower with Radar,18,38,17,2,75,0,0,2,0,2,18,38,19,2,77,0,0,0,77
07/31/2010,MLI,IL,AGL,CE,Combined TRACON& Tower with Radar,20,36,19,1,76,0,0,20,0,20,20,36,39,1,96,40,0,40,136
08/01/2010,MLI,IL,AGL,CE,Combined TRACON& Tower with Radar,23,36,15,0,74,0,0,36,0,36,23,36,51,0,110,10,0,10,120
08/02/2010,MLI,IL,AGL,CE,Combined TRACON& Tower with Radar,21,47,20,2,90,0,0,16,0,16,21,47,36,2,106,12,0,12,118
08/03/2010,MLI,IL,AGL,CE,Combined TRACON& Tower with Radar,17,44,17,0,78,0,1,23,0,24,17,45,40,0,102,30,0,30,132
08/04/2010,MLI,IL,AGL,CE,Combined TRACON& Tower with Radar,22,49,31,0,102,0,0,6,0,6,22,49,37,0,108,24,0,24,132
08/05/2010,MLI,IL,AGL,CE,Combined TRACON& Tower with Radar,19,47,21,2,89,0,0,28,0,28,19,47,49,2,117,36,0,36,153
08/06/2010,MLI,IL,AGL,CE,Combined TRACON& Tower with Radar,20,51,31,0,102,0,1,42,0,43,20,52,73,0,145,24,0,24,169
08/07/2010,MLI,IL,AGL,CE,Combined TRACON& Tower with Radar,19,34,6,0,59,0,0,17,0,17,19,34,23,0,76,18,0,18,94
08/08/2010,MLI,IL,AGL,CE,Combined TRACON& Tower with Radar,22,38,20,0,80,0,0,22,0,22,22,38,42,0,102,0,0,0,102
08/09/2010,MLI,IL,AGL,CE,Combined TRACON& Tower with Radar,22,46,19,2,89,0,0,10,0,10,22,46,29,2,99,56,0,56,155
08/10/2010,MLI,IL,AGL,CE,Combined TRACON& Tower with Radar,18,44,16,0,78,0,0,23,0,23,18,44,39,0,101,28,0,28,129
08/11/2010,MLI,IL,AGL,CE,Combined TRACON& Tower with Radar,21,50,26,2,99,0,0,17,0,17,21,50,43,2,116,84,0,84,200
08/12/2010,MLI,IL,AGL,CE,Combined TRACON& Tower with Radar,17,49,35,4,105,0,0,24,0,24,17,49,59,4,129,40,0,40,169
08/13/2010,MLI,IL,AGL,CE,Combined TRACON& Tower with Radar,18,47,16,0,81,0,0,6,0,6,18,47,22,0,87,0,0,0,87
08/14/2010,MLI,IL,AGL,CE,Combined TRACON& Tower with Radar,17,40,8,0,65,0,0,22,0,22,17,40,30,0,87,0,0,0,87
08/15/2010,MLI,IL,AGL,CE,Combined TRACON& Tower with Radar,22,35,19,0,76,0,0,31,0,31,22,35,50,0,107,28,0,28,135
08/16/2010,MLI,IL,AGL,CE,Combined TRACON& Tower with Radar,23,53,22,2,100,0,0,39,4,43,23,53,61,6,143,18,0,18,161
08/17/2010,MLI,IL,AGL,CE,Combined TRACON& Tower with Radar,18,52,29,0,99,0,0,10,0,10,18,52,39,0,109,38,0,38,147
08/18/2010,MLI,IL,AGL,CE,Combined TRACON& Tower with Radar,17,48,31,1,97,0,0,20,1,21,17,48,51,2,118,28,0,28,146
08/19/2010,MLI,IL,AGL,CE,Combined TRACON& Tower with Radar,20,51,27,0,98,0,0,32,0,32,20,51,59,0,130,12,0,12,142
08/20/2010,MLI,IL,AGL,CE,Combined TRACON& Tower with Radar,15,52,27,2,96,0,0,5,1,6,15,52,32,3,102,0,14,14,116
08/21/2010,MLI,IL,AGL,CE,Combined TRACON& Tower with Radar,19,40,13,0,72,0,0,3,0,3,19,40,16,0,75,8,0,8,83
08/22/2010,MLI,IL,AGL,CE,Combined TRACON& Tower with Radar,23,33,15,0,71,0,0,11,0,11,23,33,26,0,82,0,0,0,82
08/23/2010,MLI,IL,AGL,CE,Combined TRACON& Tower with Radar,20,55,12,0,87,0,0,18,0,18,20,55,30,0,105,12,0,12,117
08/24/2010,MLI,IL,AGL,CE,Combined TRACON& Tower with Radar,24,46,19,0,89,0,2,15,0,17,24,48,34,0,106,4,0,4,110
08/25/2010,MLI,IL,AGL,CE,Combined TRACON& Tower with Radar,21,47,14,2,84,0,0,27,0,27,21,47,41,2,111,14,0,14,125
08/26/2010,MLI,IL,AGL,CE,Combined TRACON& Tower with Radar,22,49,27,2,100,0,0,40,0,40,22,49,67,2,140,8,0,8,148
08/27/2010,MLI,IL,AGL,CE,Combined TRACON& Tower with Radar,17,48,16,0,81,0,0,54,0,54,17,48,70,0,135,66,0,66,201
08/28/2010,MLI,IL,AGL,CE,Combined TRACON& Tower with Radar,20,29,11,0,60,0,1,34,0,35,20,30,45,0,95,24,0,24,119
08/29/2010,MLI,IL,AGL,CE,Combined TRACON& Tower with Radar,20,42,9,0,71,0,0,27,0,27,20,42,36,0,98,0,0,0,98
08/30/2010,MLI,IL,AGL,CE,Combined TRACON& Tower with Radar,21,46,30,0,97,0,0,6,0,6,21,46,36,0,103,4,0,4,107
08/31/2010,MLI,IL,AGL,CE,Combined TRACON& Tower with Radar,21,48,26,2,97,0,0,10,4,14,21,48,36,6,111,6,4,10,121
09/01/2010,MLI,IL,AGL,CE,Combined TRACON& Tower with Radar,21,50,17,0,88,0,0,8,0,8,21,50,25,0,96,16,0,16,112
09/02/2010,MLI,IL,AGL,CE,Combined TRACON& Tower with Radar,25,43,20,0,88,0,0,9,0,9,25,43,29,0,97,20,0,20,117
09/03/2010,MLI,IL,AGL,CE,Combined TRACON& Tower with Radar,22,44,25,0,91,0,0,11,0,11,22,44,36,0,102,0,0,0,102
09/04/2010,MLI,IL,AGL,CE,Combined TRACON& Tower with Radar,16,33,8,0,57,0,0,28,0,28,16,33,36,0,85,53,0,53,138
09/05/2010,MLI,IL,AGL,CE,Combined TRACON& Tower with Radar,17,21,3,0,41,0,0,24,0,24,17,21,27,0,65,36,0,36,101
09/06/2010,MLI,IL,AGL,CE,Combined TRACON& Tower with Radar,13,43,7,0,63,0,0,1,0,1,13,43,8,0,64,0,0,0,64
09/07/2010,MLI,IL,AGL,CE,Combined TRACON& Tower with Radar,22,46,16,0,84,0,0,18,0,18,22,46,34,0,102,18,0,18,120
09/08/2010,MLI,IL,AGL,CE,Combined TRACON& Tower with Radar,23,55,26,5,109,0,0,31,1,32,23,55,57,6,141,48,0,48,189
09/09/2010,MLI,IL,AGL,CE,Combined TRACON& Tower with Radar,25,49,22,0,96,0,0,17,0,17,25,49,39,0,113,70,0,70,183
09/10/2010,MLI,IL,AGL,CE,Combined TRACON& Tower with Radar,23,51,19,2,95,0,0,29,0,29,23,51,48,2,124,0,0,0,124
09/11/2010,MLI,IL,AGL,CE,Combined TRACON& Tower with Radar,23,28,20,0,71,0,0,14,0,14,23,28,34,0,85,44,0,44,129
09/12/2010,MLI,IL,AGL,CE,Combined TRACON& Tower with Radar,24,43,10,0,77,0,0,36,0,36,24,43,46,0,113,26,0,26,139
09/13/2010,MLI,IL,AGL,CE,Combined TRACON& Tower with Radar,25,46,22,2,95,0,0,26,0,26,25,46,48,2,121,80,0,80,201
09/14/2010,MLI,IL,AGL,CE,Combined TRACON& Tower with Radar,19,44,22,0,85,0,0,19,0,19,19,44,41,0,104,16,0,16,120
09/15/2010,MLI,IL,AGL,CE,Combined TRACON& Tower with Radar,18,53,23,0,94,0,0,19,0,19,18,53,42,0,113,54,0,54,167
09/16/2010,MLI,IL,AGL,CE,Combined TRACON& Tower with Radar,25,41,26,1,93,0,0,11,2,13,25,41,37,3,106,40,12,52,158
09/17/2010,MLI,IL,AGL,CE,Combined TRACON& Tower with Radar,23,50,11,0,84,0,0,28,2,30,23,50,39,2,114,24,0,24,138
09/18/2010,MLI,IL,AGL,CE,Combined TRACON& Tower with Radar,27,27,14,2,70,0,0,0,0,0,27,27,14,2,70,28,14,42,112
09/19/2010,MLI,IL,AGL,CE,Combined TRACON& Tower with Radar,25,37,44,0,106,0,0,0,0,0,25,37,44,0,106,0,0,0,106
09/20/2010,MLI,IL,AGL,CE,Combined TRACON& Tower with Radar,22,41,8,3,74,0,0,20,0,20,22,41,28,3,94,14,0,14,108
09/21/2010,MLI,IL,AGL,CE,Combined TRACON& Tower with Radar,16,39,4,0,59,0,0,5,0,5,16,39,9,0,64,6,0,6,70
09/22/2010,MLI,IL,AGL,CE,Combined TRACON& Tower with Radar,18,45,20,8,91,0,0,12,0,12,18,45,32,8,103,18,0,18,121
09/23/2010,MLI,IL,AGL,CE,Combined TRACON& Tower with Radar,23,43,22,4,92,0,0,3,0,3,23,43,25,4,95,22,0,22,117
09/24/2010,MLI,IL,AGL,CE,Combined TRACON& Tower with Radar,23,39,28,0,90,0,0,15,0,15,23,39,43,0,105,18,0,18,123
09/25/2010,MLI,IL,AGL,CE,Combined TRACON& Tower with Radar,23,29,7,0,59,0,0,7,0,7,23,29,14,0,66,50,0,50,116
09/26/2010,MLI,IL,AGL,CE,Combined TRACON& Tower with Radar,22,36,10,0,68,0,0,34,0,34,22,36,44,0,102,52,0,52,154
09/27/2010,MLI,IL,AGL,CE,Combined TRACON& Tower with Radar,21,41,27,0,89,0,0,28,0,28,21,41,55,0,117,20,0,20,137
09/28/2010,MLI,IL,AGL,CE,Combined TRACON& Tower with Radar,21,45,21,0,87,0,0,26,0,26,21,45,47,0,113,34,0,34,147
09/29/2010,MLI,IL,AGL,CE,Combined TRACON& Tower with Radar,19,47,28,0,94,0,0,41,0,41,19,47,69,0,135,42,0,42,177
09/30/2010,MLI,IL,AGL,CE,Combined TRACON& Tower with Radar,23,45,19,0,87,0,0,30,0,30,23,45,49,0,117,12,0,12,129
10/01/2010,MLI,IL,AGL,CE,Combined TRACON& Tower with Radar,25,46,27,8,106,0,0,36,1,37,25,46,63,9,143,52,10,62,205
10/02/2010,MLI,IL,AGL,CE,Combined TRACON& Tower with Radar,22,27,17,0,66,0,0,15,0,15,22,27,32,0,81,0,0,0,81
10/03/2010,MLI,IL,AGL,CE,Combined TRACON& Tower with Radar,22,36,19,1,78,0,0,17,0,17,22,36,36,1,95,22,0,22,117
10/04/2010,MLI,IL,AGL,CE,Combined TRACON& Tower with Radar,23,41,18,3,85,0,0,24,0,24,23,41,42,3,109,18,0,18,127
10/05/2010,MLI,IL,AGL,CE,Combined TRACON& Tower with Radar,22,41,18,1,82,0,1,21,0,22,22,42,39,1,104,28,0,28,132
10/06/2010,MLI,IL,AGL,CE,Combined TRACON& Tower with Radar,22,42,39,0,103,0,0,34,0,34,22,42,73,0,137,4,0,4,141
10/07/2010,MLI,IL,AGL,CE,Combined TRACON& Tower with Radar,22,41,25,4,92,0,0,32,0,32,22,41,57,4,124,54,0,54,178
10/08/2010,MLI,IL,AGL,CE,Combined TRACON& Tower with Radar,26,42,23,6,97,0,0,37,0,37,26,42,60,6,134,18,0,18,152
10/09/2010,MLI,IL,AGL,CE,Combined TRACON& Tower with Radar,21,27,15,0,63,0,0,45,0,45,21,27,60,0,108,42,0,42,150
10/10/2010,MLI,IL,AGL,CE,Combined TRACON& Tower with Radar,19,36,15,1,71,0,0,44,0,44,19,36,59,1,115,14,0,14,129
10/11/2010,MLI,IL,AGL,CE,Combined TRACON& Tower with Radar,25,39,22,0,86,0,0,25,0,25,25,39,47,0,111,46,0,46,157
10/12/2010,MLI,IL,AGL,CE,Combined TRACON& Tower with Radar,23,40,25,0,88,0,0,29,0,29,23,40,54,0,117,8,0,8,125
10/13/2010,MLI,IL,AGL,CE,Combined TRACON& Tower with Radar,25,44,29,0,98,0,0,15,0,15,25,44,44,0,113,8,0,8,121
10/14/2010,MLI,IL,AGL,CE,Combined TRACON& Tower with Radar,19,28,11,0,58,0,0,16,0,16,19,28,27,0,74,72,0,72,146
10/15/2010,MLI,IL,AGL,CE,Combined TRACON& Tower with Radar,24,44,22,2,92,0,0,42,0,42,24,44,64,2,134,20,0,20,154
10/16/2010,MLI,IL,AGL,CE,Combined TRACON& Tower with Radar,21,29,8,0,58,0,0,35,0,35,21,29,43,0,93,32,0,32,125
10/17/2010,MLI,IL,AGL,CE,Combined TRACON& Tower with Radar,22,36,13,0,71,0,0,29,0,29,22,36,42,0,100,0,0,0,100
10/18/2010,MLI,IL,AGL,CE,Combined TRACON& Tower with Radar,25,40,22,2,89,0,0,22,2,24,25,40,44,4,113,64,0,64,177
10/19/2010,MLI,IL,AGL,CE,Combined TRACON& Tower with Radar,22,39,27,0,88,0,0,19,0,19,22,39,46,0,107,46,0,46,153
10/20/2010,MLI,IL,AGL,CE,Combined TRACON& Tower with Radar,24,40,29,2,95,0,0,23,0,23,24,40,52,2,118,26,0,26,144
10/21/2010,MLI,IL,AGL,CE,Combined TRACON& Tower with Radar,25,43,24,2,94,0,0,24,0,24,25,43,48,2,118,46,0,46,164
10/22/2010,MLI,IL,AGL,CE,Combined TRACON& Tower with Radar,25,48,19,2,94,0,0,34,0,34,25,48,53,2,128,0,0,0,128
10/23/2010,MLI,IL,AGL,CE,Combined TRACON& Tower with Radar,21,31,4,0,56,0,0,3,0,3,21,31,7,0,59,0,0,0,59
10/24/2010,MLI,IL,AGL,CE,Combined TRACON& Tower with Radar,22,39,19,0,80,0,0,3,0,3,22,39,22,0,83,32,0,32,115
10/25/2010,MLI,IL,AGL,CE,Combined TRACON& Tower with Radar,24,43,17,2,86,0,0,14,0,14,24,43,31,2,100,24,0,24,124
10/26/2010,MLI,IL,AGL,CE,Combined TRACON& Tower with Radar,22,34,18,2,76,0,0,0,0,0,22,34,18,2,76,0,0,0,76
10/27/2010,MLI,IL,AGL,CE,Combined TRACON& Tower with Radar,19,40,18,0,77,0,0,5,0,5,19,40,23,0,82,0,0,0,82
10/28/2010,MLI,IL,AGL,CE,Combined TRACON& Tower with Radar,25,44,21,4,94,0,0,3,0,3,25,44,24,4,97,0,0,0,97
10/29/2010,MLI,IL,AGL,CE,Combined TRACON& Tower with Radar,24,45,27,2,98,0,0,42,0,42,24,45,69,2,140,12,0,12,152
10/30/2010,MLI,IL,AGL,CE,Combined TRACON& Tower with Radar,21,28,17,0,66,0,0,15,0,15,21,28,32,0,81,36,0,36,117
10/31/2010,MLI,IL,AGL,CE,Combined TRACON& Tower with Radar,20,35,12,0,67,0,0,24,0,24,20,35,36,0,91,46,0,46,137
11/01/2010,MLI,IL,AGL,CE,Combined TRACON& Tower with Radar,23,38,17,2,80,0,0,13,2,15,23,38,30,4,95,36,0,36,131
11/02/2010,MLI,IL,AGL,CE,Combined TRACON& Tower with Radar,21,38,17,1,77,0,0,20,0,20,21,38,37,1,97,84,0,84,181
11/03/2010,MLI,IL,AGL,CE,Combined TRACON& Tower with Radar,23,40,16,0,79,0,1,18,0,19,23,41,34,0,98,38,0,38,136
11/04/2010,MLI,IL,AGL,CE,Combined TRACON& Tower with Radar,16,46,23,0,85,0,0,8,0,8,16,46,31,0,93,0,0,0,93
11/05/2010,MLI,IL,AGL,CE,Combined TRACON& Tower with Radar,20,40,33,0,93,0,0,10,0,10,20,40,43,0,103,16,0,16,119
11/06/2010,MLI,IL,AGL,CE,Combined TRACON& Tower with Radar,22,31,6,0,59,0,0,26,0,26,22,31,32,0,85,36,0,36,121
11/07/2010,MLI,IL,AGL,CE,Combined TRACON& Tower with Radar,17,40,17,0,74,0,0,19,0,19,17,40,36,0,93,20,0,20,113
11/08/2010,MLI,IL,AGL,CE,Combined TRACON& Tower with Radar,25,39,5,0,69,0,0,11,0,11,25,39,16,0,80,28,0,28,108
11/09/2010,MLI,IL,AGL,CE,Combined TRACON& Tower with Radar,25,42,19,0,86,0,0,12,0,12,25,42,31,0,98,38,0,38,136
11/10/2010,MLI,IL,AGL,CE,Combined TRACON& Tower with Radar,23,43,30,0,96,0,0,23,0,23,23,43,53,0,119,4,0,4,123
11/11/2010,MLI,IL,AGL,CE,Combined TRACON& Tower with Radar,22,42,36,0,100,0,0,17,0,17,22,42,53,0,117,2,0,2,119
11/12/2010,MLI,IL,AGL,CE,Combined TRACON& Tower with Radar,25,42,18,0,85,0,0,4,0,4,25,42,22,0,89,18,0,18,107
11/13/2010,MLI,IL,AGL,CE,Combined TRACON& Tower with Radar,19,28,9,0,56,0,0,0,0,0,19,28,9,0,56,12,0,12,68
11/14/2010,MLI,IL,AGL,CE,Combined TRACON& Tower with Radar,20,39,13,2,74,0,0,18,0,18,20,39,31,2,92,26,0,26,118
11/15/2010,MLI,IL,AGL,CE,Combined TRACON& Tower with Radar,24,37,16,2,79,0,0,20,0,20,24,37,36,2,99,8,0,8,107
11/16/2010,MLI,IL,AGL,CE,Combined TRACON& Tower with Radar,20,39,19,2,80,0,0,19,0,19,20,39,38,2,99,16,0,16,115
11/17/2010,MLI,IL,AGL,CE,Combined TRACON& Tower with Radar,23,42,26,0,91,0,0,4,0,4,23,42,30,0,95,6,0,6,101
11/18/2010,MLI,IL,AGL,CE,Combined TRACON& Tower with Radar,28,44,28,0,100,0,0,9,0,9,28,44,37,0,109,0,0,0,109
11/19/2010,MLI,IL,AGL,CE,Combined TRACON& Tower with Radar,25,43,20,0,88,0,2,11,0,13,25,45,31,0,101,8,0,8,109
11/20/2010,MLI,IL,AGL,CE,Combined TRACON& Tower with Radar,20,27,5,0,52,0,0,21,0,21,20,27,26,0,73,46,0,46,119
11/21/2010,MLI,IL,AGL,CE,Combined TRACON& Tower with Radar,19,37,13,0,69,0,0,1,0,1,19,37,14,0,70,6,0,6,76
11/22/2010,MLI,IL,AGL,CE,Combined TRACON& Tower with Radar,26,47,24,0,97,0,0,0,0,0,26,47,24,0,97,0,0,0,97
11/23/2010,MLI,IL,AGL,CE,Combined TRACON& Tower with Radar,22,40,22,0,84,0,0,31,0,31,22,40,53,0,115,28,0,28,143
11/24/2010,MLI,IL,AGL,CE,Combined TRACON& Tower with Radar,21,43,10,0,74,0,0,0,0,0,21,43,10,0,74,0,0,0,74
11/25/2010,MLI,IL,AGL,CE,Combined TRACON& Tower with Radar,24,22,3,0,49,0,0,2,0,2,24,22,5,0,51,0,0,0,51
11/26/2010,MLI,IL,AGL,CE,Combined TRACON& Tower with Radar,19,25,8,0,52,0,0,14,0,14,19,25,22,0,66,14,0,14,80
11/27/2010,MLI,IL,AGL,CE,Combined TRACON& Tower with Radar,18,37,13,0,68,0,0,41,0,41,18,37,54,0,109,2,0,2,111
11/28/2010,MLI,IL,AGL,CE,Combined TRACON& Tower with Radar,27,33,21,0,81,0,0,7,0,7,27,33,28,0,88,18,0,18,106
11/29/2010,MLI,IL,AGL,CE,Combined TRACON& Tower with Radar,21,41,11,1,74,0,0,5,0,5,21,41,16,1,79,0,0,0,79
11/30/2010,MLI,IL,AGL,CE,Combined TRACON& Tower with Radar,20,43,6,1,70,0,0,0,0,0,20,43,6,1,70,0,0,0,70
12/01/2010,MLI,IL,AGL,CE,Combined TRACON& Tower with Radar,22,37,35,0,94,0,0,7,0,7,22,37,42,0,101,0,0,0,101
12/02/2010,MLI,IL,AGL,CE,Combined TRACON& Tower with Radar,17,43,17,0,77,0,0,9,0,9,17,43,26,0,86,18,0,18,104
12/03/2010,MLI,IL,AGL,CE,Combined TRACON& Tower with Radar,21,32,17,0,70,0,1,9,2,12,21,33,26,2,82,0,0,0,82
12/04/2010,MLI,IL,AGL,CE,Combined TRACON& Tower with Radar,17,26,4,0,47,0,0,0,0,0,17,26,4,0,47,0,0,0,47
12/05/2010,MLI,IL,AGL,CE,Combined TRACON& Tower with Radar,15,35,11,2,63,0,0,16,0,16,15,35,27,2,79,20,0,20,99
12/06/2010,MLI,IL,AGL,CE,Combined TRACON& Tower with Radar,18,36,24,0,78,0,0,2,0,2,18,36,26,0,80,0,0,0,80
12/07/2010,MLI,IL,AGL,CE,Combined TRACON& Tower with Radar,7,10,11,0,28,0,0,0,0,0,7,10,11,0,28,10,0,10,38
12/08/2010,MLI,IL,AGL,CE,Combined TRACON& Tower with Radar,10,23,14,0,47,0,0,10,0,10,10,23,24,0,57,40,0,40,97
12/09/2010,MLI,IL,AGL,CE,Combined TRACON& Tower with Radar,23,35,16,0,74,0,0,5,0,5,23,35,21,0,79,0,0,0,79
12/10/2010,MLI,IL,AGL,CE,Combined TRACON& Tower with Radar,20,36,22,2,80,0,0,28,0,28,20,36,50,2,108,56,0,56,164
12/11/2010,MLI,IL,AGL,CE,Combined TRACON& Tower with Radar,15,22,4,0,41,0,0,0,0,0,15,22,4,0,41,0,0,0,41
12/12/2010,MLI,IL,AGL,CE,Combined TRACON& Tower with Radar,12,19,16,0,47,0,0,1,0,1,12,19,17,0,48,0,0,0,48
12/13/2010,MLI,IL,AGL,CE,Combined TRACON& Tower with Radar,18,33,22,2,75,0,0,5,0,5,18,33,27,2,80,0,0,0,80
12/14/2010,MLI,IL,AGL,CE,Combined TRACON& Tower with Radar,15,36,31,0,82,0,0,5,0,5,15,36,36,0,87,6,0,6,93
12/15/2010,MLI,IL,AGL,CE,Combined TRACON& Tower with Radar,18,35,21,0,74,0,0,8,0,8,18,35,29,0,82,0,0,0,82
12/16/2010,MLI,IL,AGL,CE,Combined TRACON& Tower with Radar,22,32,30,0,84,0,0,0,0,0,22,32,30,0,84,18,0,18,102
12/17/2010,MLI,IL,AGL,CE,Combined TRACON& Tower with Radar,19,41,22,1,83,0,0,15,1,16,19,41,37,2,99,6,0,6,105
12/18/2010,MLI,IL,AGL,CE,Combined TRACON& Tower with Radar,15,32,8,0,55,0,0,25,0,25,15,32,33,0,80,16,0,16,96
12/19/2010,MLI,IL,AGL,CE,Combined TRACON& Tower with Radar,22,27,13,0,62,0,0,18,0,18,22,27,31,0,80,50,0,50,130
12/20/2010,MLI,IL,AGL,CE,Combined TRACON& Tower with Radar,23,39,19,0,81,0,0,0,0,0,23,39,19,0,81,0,0,0,81
12/21/2010,MLI,IL,AGL,CE,Combined TRACON& Tower with Radar,17,30,22,0,69,0,0,2,0,2,17,30,24,0,71,0,0,0,71
12/22/2010,MLI,IL,AGL,CE,Combined TRACON& Tower with Radar,21,31,12,0,64,0,0,3,0,3,21,31,15,0,67,0,0,0,67
12/23/2010,MLI,IL,AGL,CE,Combined TRACON& Tower with Radar,23,33,17,0,73,0,0,13,0,13,23,33,30,0,86,0,0,0,86
12/24/2010,MLI,IL,AGL,CE,Combined TRACON& Tower with Radar,17,19,4,0,40,0,0,0,0,0,17,19,4,0,40,0,0,0,40
12/25/2010,MLI,IL,AGL,CE,Combined TRACON& Tower with Radar,12,24,3,0,39,0,0,0,0,0,12,24,3,0,39,0,0,0,39
12/26/2010,MLI,IL,AGL,CE,Combined TRACON& Tower with Radar,22,30,21,0,73,0,0,5,0,5,22,30,26,0,78,0,0,0,78
12/27/2010,MLI,IL,AGL,CE,Combined TRACON& Tower with Radar,20,37,15,0,72,0,0,4,0,4,20,37,19,0,76,6,0,6,82
12/28/2010,MLI,IL,AGL,CE,Combined TRACON& Tower with Radar,18,34,20,2,74,0,0,20,0,20,18,34,40,2,94,32,0,32,126
12/29/2010,MLI,IL,AGL,CE,Combined TRACON& Tower with Radar,20,36,15,2,73,0,0,5,0,5,20,36,20,2,78,6,0,6,84
12/30/2010,MLI,IL,AGL,CE,Combined TRACON& Tower with Radar,19,34,3,0,56,0,0,0,0,0,19,34,3,0,56,0,0,0,56
12/31/2010,MLI,IL,AGL,CE,Combined TRACON& Tower with Radar,23,22,12,0,57,0,0,0,0,0,23,22,12,0,57,0,0,0,57
01/01/2011,MLI,IL,AGL,CE,Combined TRACON& Tower with Radar,18,30,7,0,55,0,0,0,0,0,18,30,7,0,55,0,0,0,55
01/02/2011,MLI,IL,AGL,CE,Combined TRACON& Tower with Radar,23,31,15,0,69,0,0,21,0,21,23,31,36,0,90,42,0,42,132
01/03/2011,MLI,IL,AGL,CE,Combined TRACON& Tower with Radar,23,30,21,0,74,0,0,24,0,24,23,30,45,0,98,22,0,22,120
01/04/2011,MLI,IL,AGL,CE,Combined TRACON& Tower with Radar,14,42,28,0,84,0,0,13,0,13,14,42,41,0,97,26,0,26,123
01/05/2011,MLI,IL,AGL,CE,Combined TRACON& Tower with Radar,15,34,30,0,79,0,0,20,0,20,15,34,50,0,99,30,0,30,129
01/06/2011,MLI,IL,AGL,CE,Combined TRACON& Tower with Radar,21,39,23,0,83,0,0,19,0,19,21,39,42,0,102,32,0,32,134
01/07/2011,MLI,IL,AGL,CE,Combined TRACON& Tower with Radar,18,35,11,0,64,0,0,0,0,0,18,35,11,0,64,0,0,0,64
01/08/2011,MLI,IL,AGL,CE,Combined TRACON& Tower with Radar,17,19,16,0,52,0,0,14,0,14,17,19,30,0,66,0,0,0,66
01/09/2011,MLI,IL,AGL,CE,Combined TRACON& Tower with Radar,16,32,16,0,64,0,0,13,0,13,16,32,29,0,77,0,0,0,77
01/10/2011,MLI,IL,AGL,CE,Combined TRACON& Tower with Radar,17,32,9,0,58,0,0,4,0,4,17,32,13,0,62,20,0,20,82
01/11/2011,MLI,IL,AGL,CE,Combined TRACON& Tower with Radar,12,24,10,0,46,0,0,0,0,0,12,24,10,0,46,4,0,4,50
01/12/2011,MLI,IL,AGL,CE,Combined TRACON& Tower with Radar,15,37,23,0,75,0,0,9,0,9,15,37,32,0,84,12,0,12,96
01/13/2011,MLI,IL,AGL,CE,Combined TRACON& Tower with Radar,16,37,18,0,71,0,0,5,0,5,16,37,23,0,76,0,0,0,76
01/14/2011,MLI,IL,AGL,CE,Combined TRACON& Tower with Radar,18,32,19,0,69,0,0,8,0,8,18,32,27,0,77,22,0,22,99
01/15/2011,MLI,IL,AGL,CE,Combined TRACON& Tower with Radar,17,25,5,0,47,0,2,11,0,13,17,27,16,0,60,0,0,0,60
01/16/2011,MLI,IL,AGL,CE,Combined TRACON& Tower with Radar,19,27,12,0,58,0,0,16,1,17,19,27,28,1,75,30,0,30,105
01/17/2011,MLI,IL,AGL,CE,Combined TRACON& Tower with Radar,13,27,12,0,52,0,0,0,0,0,13,27,12,0,52,0,0,0,52
01/18/2011,MLI,IL,AGL,CE,Combined TRACON& Tower with Radar,18,28,27,2,75,0,0,0,0,0,18,28,27,2,75,0,0,0,75
01/19/2011,MLI,IL,AGL,CE,Combined TRACON& Tower with Radar,18,42,28,0,88,0,0,8,0,8,18,42,36,0,96,0,0,0,96
01/20/2011,MLI,IL,AGL,CE,Combined TRACON& Tower with Radar,20,37,22,0,79,0,0,7,0,7,20,37,29,0,86,0,0,0,86
01/21/2011,MLI,IL,AGL,CE,Combined TRACON& Tower with Radar,18,38,23,0,79,0,0,6,0,6,18,38,29,0,85,0,0,0,85
01/22/2011,MLI,IL,AGL,CE,Combined TRACON& Tower with Radar,17,21,5,0,43,0,0,4,0,4,17,21,9,0,47,0,0,0,47
01/23/2011,MLI,IL,AGL,CE,Combined TRACON& Tower with Radar,16,36,9,4,65,0,0,13,0,13,16,36,22,4,78,90,0,90,168
01/24/2011,MLI,IL,AGL,CE,Combined TRACON& Tower with Radar,18,34,21,1,74,0,0,0,0,0,18,34,21,1,74,0,0,0,74
01/25/2011,MLI,IL,AGL,CE,Combined TRACON& Tower with Radar,22,36,21,9,88,0,0,0,0,0,22,36,21,9,88,32,8,40,128
01/26/2011,MLI,IL,AGL,CE,Combined TRACON& Tower with Radar,19,35,15,0,69,0,0,0,0,0,19,35,15,0,69,0,0,0,69
01/27/2011,MLI,IL,AGL,CE,Combined TRACON& Tower with Radar,22,43,13,0,78,0,0,1,0,1,22,43,14,0,79,0,0,0,79
01/28/2011,MLI,IL,AGL,CE,Combined TRACON& Tower with Radar,18,38,19,1,76,0,0,0,0,0,18,38,19,1,76,0,0,0,76
01/29/2011,MLI,IL,AGL,CE,Combined TRACON& Tower with Radar,17,22,19,0,58,0,2,23,0,25,17,24,42,0,83,92,0,92,175
01/30/2011,MLI,IL,AGL,CE,Combined TRACON& Tower with Radar,18,31,13,3,65,0,0,0,0,0,18,31,13,3,65,0,0,0,65
01/31/2011,MLI,IL,AGL,CE,Combined TRACON& Tower with Radar,16,35,9,0,60,0,0,2,0,2,16,35,11,0,62,0,0,0,62
02/01/2011,MLI,IL,AGL,CE,Combined TRACON& Tower with Radar,13,15,8,0,36,0,0,1,0,1,13,15,9,0,37,0,0,0,37
02/02/2011,MLI,IL,AGL,CE,Combined TRACON& Tower with Radar,6,11,3,0,20,0,0,0,0,0,6,11,3,0,20,0,0,0,20
02/03/2011,MLI,IL,AGL,CE,Combined TRACON& Tower with Radar,16,31,13,0,60,0,0,8,0,8,16,31,21,0,68,0,0,0,68
02/04/2011,MLI,IL,AGL,CE,Combined TRACON& Tower with Radar,18,33,25,0,76,0,0,18,0,18,18,33,43,0,94,26,0,26,120
02/05/2011,MLI,IL,AGL,CE,Combined TRACON& Tower with Radar,19,20,9,0,48,0,0,26,0,26,19,20,35,0,74,41,0,41,115
02/06/2011,MLI,IL,AGL,CE,Combined TRACON& Tower with Radar,17,39,9,0,65,0,0,0,0,0,17,39,9,0,65,0,0,0,65
02/07/2011,MLI,IL,AGL,CE,Combined TRACON& Tower with Radar,16,32,24,2,74,0,0,5,0,5,16,32,29,2,79,0,0,0,79
02/08/2011,MLI,IL,AGL,CE,Combined TRACON& Tower with Radar,21,26,9,0,56,0,0,8,0,8,21,26,17,0,64,18,0,18,82
02/09/2011,MLI,IL,AGL,CE,Combined TRACON& Tower with Radar,19,32,19,0,70,0,0,13,0,13,19,32,32,0,83,16,0,16,99
02/10/2011,MLI,IL,AGL,CE,Combined TRACON& Tower with Radar,20,32,22,0,74,0,0,46,0,46,20,32,68,0,120,32,0,32,152
02/11/2011,MLI,IL,AGL,CE,Combined TRACON& Tower with Radar,18,32,31,0,81,0,0,25,0,25,18,32,56,0,106,48,0,48,154
02/12/2011,MLI,IL,AGL,CE,Combined TRACON& Tower with Radar,17,20,14,0,51,0,0,16,0,16,17,20,30,0,67,6,0,6,73
02/13/2011,MLI,IL,AGL,CE,Combined TRACON& Tower with Radar,17,36,12,0,65,0,0,13,0,13,17,36,25,0,78,20,0,20,98
02/14/2011,MLI,IL,AGL,CE,Combined TRACON& Tower with Radar,18,38,7,0,63,0,0,13,0,13,18,38,20,0,76,44,0,44,120
02/15/2011,MLI,IL,AGL,CE,Combined TRACON& Tower with Radar,22,29,16,2,69,0,0,7,0,7,22,29,23,2,76,8,0,8,84
02/16/2011,MLI,IL,AGL,CE,Combined TRACON& Tower with Radar,23,42,52,0,117,0,1,6,0,7,23,43,58,0,124,24,0,24,148
02/17/2011,MLI,IL,AGL,CE,Combined TRACON& Tower with Radar,24,34,24,2,84,0,0,5,0,5,24,34,29,2,89,12,0,12,101
02/18/2011,MLI,IL,AGL,CE,Combined TRACON& Tower with Radar,22,32,38,2,94,0,0,25,0,25,22,32,63,2,119,40,0,40,159
02/19/2011,MLI,IL,AGL,CE,Combined TRACON& Tower with Radar,17,29,10,0,56,0,0,33,0,33,17,29,43,0,89,16,0,16,105
02/20/2011,MLI,IL,AGL,CE,Combined TRACON& Tower with Radar,20,27,5,0,52,0,0,3,0,3,20,27,8,0,55,6,0,6,61
02/21/2011,MLI,IL,AGL,CE,Combined TRACON& Tower with Radar,20,29,14,2,65,0,0,0,0,0,20,29,14,2,65,0,0,0,65
02/22/2011,MLI,IL,AGL,CE,Combined TRACON& Tower with Radar,21,37,19,0,77,0,0,0,0,0,21,37,19,0,77,0,0,0,77
02/23/2011,MLI,IL,AGL,CE,Combined TRACON& Tower with Radar,18,36,26,0,80,0,0,6,0,6,18,36,32,0,86,30,0,30,116
02/24/2011,MLI,IL,AGL,CE,Combined TRACON& Tower with Radar,24,29,15,0,68,0,0,0,0,0,24,29,15,0,68,0,0,0,68
02/25/2011,MLI,IL,AGL,CE,Combined TRACON& Tower with Radar,23,32,14,3,72,0,0,15,1,16,23,32,29,4,88,14,8,22,110
02/26/2011,MLI,IL,AGL,CE,Combined TRACON& Tower with Radar,15,27,7,0,49,0,0,2,0,2,15,27,9,0,51,52,0,52,103
02/27/2011,MLI,IL,AGL,CE,Combined TRACON& Tower with Radar,19,32,13,0,64,0,0,0,0,0,19,32,13,0,64,0,0,0,64
02/28/2011,MLI,IL,AGL,CE,Combined TRACON& Tower with Radar,23,35,23,0,81,0,0,5,0,5,23,35,28,0,86,22,0,22,108
03/01/2011,MLI,IL,AGL,CE,Combined TRACON& Tower with Radar,15,28,24,2,69,0,0,11,0,11,15,28,35,2,80,14,0,14,94
03/02/2011,MLI,IL,AGL,CE,Combined TRACON& Tower with Radar,22,34,39,0,95,0,0,36,0,36,22,34,75,0,131,24,0,24,155
03/03/2011,MLI,IL,AGL,CE,Combined TRACON& Tower with Radar,24,44,37,1,106,0,0,19,0,19,24,44,56,1,125,18,0,18,143
03/04/2011,MLI,IL,AGL,CE,Combined TRACON& Tower with Radar,21,35,12,1,69,0,0,4,0,4,21,35,16,1,73,22,0,22,95
03/05/2011,MLI,IL,AGL,CE,Combined TRACON& Tower with Radar,19,28,6,1,54,0,0,0,0,0,19,28,6,1,54,18,0,18,72
03/06/2011,MLI,IL,AGL,CE,Combined TRACON& Tower with Radar,12,42,17,1,72,0,0,34,0,34,12,42,51,1,106,36,0,36,142
03/07/2011,MLI,IL,AGL,CE,Combined TRACON& Tower with Radar,12,45,10,0,67,0,0,7,0,7,12,45,17,0,74,22,0,22,96
03/08/2011,MLI,IL,AGL,CE,Combined TRACON& Tower with Radar,8,54,12,0,74,0,0,8,0,8,8,54,20,0,82,12,0,12,94
03/09/2011,MLI,IL,AGL,CE,Combined TRACON& Tower with Radar,21,35,12,1,69,0,0,4,0,4,21,35,16,1,73,6,0,6,79
03/10/2011,MLI,IL,AGL,CE,Combined TRACON& Tower with Radar,12,42,17,1,72,0,0,34,0,34,12,42,51,1,106,22,0,22,128
03/11/2011,MLI,IL,AGL,CE,Combined TRACON& Tower with Radar,23,73,43,2,141,0,2,25,0,27,23,75,68,2,168,18,0,18,186
03/12/2011,MLI,IL,AGL,CE,Combined TRACON& Tower with Radar,31,63,13,1,108,0,0,6,0,6,31,63,19,1,114,10,0,10,124
03/13/2011,MLI,IL,AGL,CE,Combined TRACON& Tower with Radar,30,76,26,0,132,0,0,19,0,19,30,76,45,0,151,66,0,66,217
03/14/2011,MLI,IL,AGL,CE,Combined TRACON& Tower with Radar,8,30,11,0,49,0,0,13,0,13,8,30,24,0,62,30,0,30,92
03/15/2011,MLI,IL,AGL,CE,Combined TRACON& Tower with Radar,8,45,24,2,79,0,0,22,0,22,8,45,46,2,101,26,0,26,127
03/16/2011,MLI,IL,AGL,CE,Combined TRACON& Tower with Radar,8,59,11,0,78,0,0,14,0,14,8,59,25,0,92,16,0,16,108
03/17/2011,MLI,IL,AGL,CE,Combined TRACON& Tower with Radar,15,44,34,0,93,0,0,3,0,3,15,44,37,0,96,2,0,2,98
03/18/2011,MLI,IL,AGL,CE,Combined TRACON& Tower with Radar,13,40,27,0,80,0,0,14,3,17,13,40,41,3,97,0,0,0,97
03/19/2011,MLI,IL,AGL,CE,Combined TRACON& Tower with Radar,9,37,9,0,55,0,1,43,0,44,9,38,52,0,99,22,0,22,121
03/20/2011,MLI,IL,AGL,CE,Combined TRACON& Tower with Radar,18,40,15,0,73,0,0,8,0,8,18,40,23,0,81,0,0,0,81
03/21/2011,MLI,IL,AGL,CE,Combined TRACON& Tower with Radar,13,50,26,0,89,0,0,7,0,7,13,50,33,0,96,0,0,0,96
03/22/2011,MLI,IL,AGL,CE,Combined TRACON& Tower with Radar,10,42,28,0,80,0,0,0,0,0,10,42,28,0,80,0,0,0,80
03/23/2011,MLI,IL,AGL,CE,Combined TRACON& Tower with Radar,7,44,26,0,77,0,0,1,0,1,7,44,27,0,78,14,0,14,92
03/24/2011,MLI,IL,AGL,CE,Combined TRACON& Tower with Radar,16,46,28,0,90,0,0,26,0,26,16,46,54,0,116,14,0,14,130
03/25/2011,MLI,IL,AGL,CE,Combined TRACON& Tower with Radar,11,47,22,2,82,0,0,16,0,16,11,47,38,2,98,44,0,44,142
03/26/2011,MLI,IL,AGL,CE,Combined TRACON& Tower with Radar,9,43,7,2,61,0,0,9,0,9,9,43,16,2,70,46,0,46,116
03/27/2011,MLI,IL,AGL,CE,Combined TRACON& Tower with Radar,13,39,20,0,72,0,0,25,0,25,13,39,45,0,97,0,0,0,97
03/28/2011,MLI,IL,AGL,CE,Combined TRACON& Tower with Radar,13,44,18,0,75,0,0,24,0,24,13,44,42,0,99,20,0,20,119
03/29/2011,MLI,IL,AGL,CE,Combined TRACON& Tower with Radar,10,45,16,0,71,0,0,13,0,13,10,45,29,0,84,4,0,4,88
03/30/2011,MLI,IL,AGL,CE,Combined TRACON& Tower with Radar,7,55,17,4,83,0,0,15,0,15,7,55,32,4,98,12,0,12,110
03/31/2011,MLI,IL,AGL,CE,Combined TRACON& Tower with Radar,17,53,18,0,88,0,0,19,0,19,17,53,37,0,107,24,0,24,131
04/01/2011,MLI,IL,AGL,CE,Combined TRACON& Tower with Radar,11,41,15,6,73,0,0,4,0,4,11,41,19,6,77,0,0,0,77
04/02/2011,MLI,IL,AGL,CE,Combined TRACON& Tower with Radar,7,40,12,0,59,0,1,37,0,38,7,41,49,0,97,20,0,20,117
04/03/2011,MLI,IL,AGL,CE,Combined TRACON& Tower with Radar,8,40,10,0,58,0,0,3,0,3,8,40,13,0,61,8,0,8,69
04/04/2011,MLI,IL,AGL,CE,Combined TRACON& Tower with Radar,14,46,19,0,79,0,0,2,0,2,14,46,21,0,81,2,0,2,83
04/05/2011,MLI,IL,AGL,CE,Combined TRACON& Tower with Radar,10,46,19,2,77,0,0,15,0,15,10,46,34,2,92,30,0,30,122
04/06/2011,MLI,IL,AGL,CE,Combined TRACON& Tower with Radar,11,46,17,2,76,0,0,15,0,15,11,46,32,2,91,34,0,34,125
04/07/2011,MLI,IL,AGL,CE,Combined TRACON& Tower with Radar,17,45,28,3,93,0,0,3,0,3,17,45,31,3,96,8,0,8,104
04/08/2011,MLI,IL,AGL,CE,Combined TRACON& Tower with Radar,12,41,22,2,77,0,0,2,0,2,12,41,24,2,79,0,0,0,79
04/09/2011,MLI,IL,AGL,CE,Combined TRACON& Tower with Radar,12,34,10,0,56,0,0,6,0,6,12,34,16,0,62,0,0,0,62
04/10/2011,MLI,IL,AGL,CE,Combined TRACON& Tower with Radar,16,31,6,0,53,0,2,3,0,5,16,33,9,0,58,6,0,6,64
04/11/2011,MLI,IL,AGL,CE,Combined TRACON& Tower with Radar,19,37,8,2,66,0,0,10,0,10,19,37,18,2,76,30,2,32,108
04/12/2011,MLI,IL,AGL,CE,Combined TRACON& Tower with Radar,13,43,26,2,84,0,0,37,0,37,13,43,63,2,121,14,0,14,135
04/13/2011,MLI,IL,AGL,CE,Combined TRACON& Tower with Radar,13,47,29,2,91,0,0,18,0,18,13,47,47,2,109,36,0,36,145
04/14/2011,MLI,IL,AGL,CE,Combined TRACON& Tower with Radar,20,41,20,2,83,0,0,9,0,9,20,41,29,2,92,12,0,12,104
04/15/2011,MLI,IL,AGL,CE,Combined TRACON& Tower with Radar,17,38,15,2,72,0,0,0,0,0,17,38,15,2,72,0,0,0,72
04/16/2011,MLI,IL,AGL,CE,Combined TRACON& Tower with Radar,14,32,15,0,61,0,0,1,0,1,14,32,16,0,62,0,0,0,62
04/17/2011,MLI,IL,AGL,CE,Combined TRACON& Tower with Radar,16,37,10,2,65,0,2,14,0,16,16,39,24,2,81,20,0,20,101
04/18/2011,MLI,IL,AGL,CE,Combined TRACON& Tower with Radar,14,43,18,0,75,0,0,4,0,4,14,43,22,0,79,4,0,4,83
04/19/2011,MLI,IL,AGL,CE,Combined TRACON& Tower with Radar,15,34,23,1,73,0,0,0,0,0,15,34,23,1,73,0,0,0,73
04/20/2011,MLI,IL,AGL,CE,Combined TRACON& Tower with Radar,12,39,33,0,84,0,0,9,0,9,12,39,42,0,93,0,0,0,93
04/21/2011,MLI,IL,AGL,CE,Combined TRACON& Tower with Radar,18,45,31,0,94,0,0,19,0,19,18,45,50,0,113,16,0,16,129
04/22/2011,MLI,IL,AGL,CE,Combined TRACON& Tower with Radar,15,30,14,4,63,0,0,0,0,0,15,30,14,4,63,0,0,0,63
04/23/2011,MLI,IL,AGL,CE,Combined TRACON& Tower with Radar,13,28,15,0,56,0,0,19,0,19,13,28,34,0,75,20,0,20,95
04/24/2011,MLI,IL,AGL,CE,Combined TRACON& Tower with Radar,14,35,4,0,53,0,0,20,0,20,14,35,24,0,73,36,0,36,109
04/25/2011,MLI,IL,AGL,CE,Combined TRACON& Tower with Radar,17,42,22,2,83,0,0,3,0,3,17,42,25,2,86,0,0,0,86
04/26/2011,MLI,IL,AGL,CE,Combined TRACON& Tower with Radar,12,37,15,0,64,0,0,8,0,8,12,37,23,0,72,6,0,6,78
04/27/2011,MLI,IL,AGL,CE,Combined TRACON& Tower with Radar,11,41,25,0,77,0,0,4,0,4,11,41,29,0,81,22,0,22,103
04/28/2011,MLI,IL,AGL,CE,Combined TRACON& Tower with Radar,20,45,21,2,88,0,0,5,0,5,20,45,26,2,93,12,0,12,105
04/29/2011,MLI,IL,AGL,CE,Combined TRACON& Tower with Radar,15,42,23,0,80,0,0,32,0,32,15,42,55,0,112,10,0,10,122
04/30/2011,MLI,IL,AGL,CE,Combined TRACON& Tower with Radar,11,32,9,0,52,0,0,3,0,3,11,32,12,0,55,0,0,0,55
05/01/2011,MLI,IL,AGL,CE,Combined TRACON& Tower with Radar,15,37,9,0,61,0,0,9,0,9,15,37,18,0,70,4,0,4,74
05/02/2011,MLI,IL,AGL,CE,Combined TRACON& Tower with Radar,17,41,14,1,73,0,0,18,0,18,17,41,32,1,91,8,0,8,99
05/03/2011,MLI,IL,AGL,CE,Combined TRACON& Tower with Radar,14,46,24,0,84,0,0,18,0,18,14,46,42,0,102,12,0,12,114
05/04/2011,MLI,IL,AGL,CE,Combined TRACON& Tower with Radar,12,49,19,3,83,0,0,36,0,36,12,49,55,3,119,64,18,82,201
05/05/2011,MLI,IL,AGL,CE,Combined TRACON& Tower with Radar,16,47,22,0,85,0,0,2,0,2,16,47,24,0,87,0,0,0,87
05/06/2011,MLI,IL,AGL,CE,Combined TRACON& Tower with Radar,18,46,27,0,91,0,0,24,0,24,18,46,51,0,115,24,0,24,139
05/07/2011,MLI,IL,AGL,CE,Combined TRACON& Tower with Radar,11,31,6,0,48,0,0,13,0,13,11,31,19,0,61,40,0,40,101
05/08/2011,MLI,IL,AGL,CE,Combined TRACON& Tower with Radar,15,37,2,2,56,0,0,15,0,15,15,37,17,2,71,24,0,24,95
05/09/2011,MLI,IL,AGL,CE,Combined TRACON& Tower with Radar,17,48,11,2,78,0,0,6,2,8,17,48,17,4,86,0,0,0,86
05/10/2011,MLI,IL,AGL,CE,Combined TRACON& Tower with Radar,13,47,13,0,73,0,0,17,0,17,13,47,30,0,90,6,0,6,96
05/11/2011,MLI,IL,AGL,CE,Combined TRACON& Tower with Radar,14,46,14,0,74,0,0,8,0,8,14,46,22,0,82,24,0,24,106
05/12/2011,MLI,IL,AGL,CE,Combined TRACON& Tower with Radar,17,43,16,0,76,0,0,4,0,4,17,43,20,0,80,16,0,16,96
05/13/2011,MLI,IL,AGL,CE,Combined TRACON& Tower with Radar,16,38,21,0,75,0,0,1,0,1,16,38,22,0,76,0,0,0,76
05/14/2011,MLI,IL,AGL,CE,Combined TRACON& Tower with Radar,12,24,14,2,52,0,0,0,0,0,12,24,14,2,52,0,0,0,52
05/15/2011,MLI,IL,AGL,CE,Combined TRACON& Tower with Radar,14,34,15,0,63,0,0,11,0,11,14,34,26,0,74,10,0,10,84
05/16/2011,MLI,IL,AGL,CE,Combined TRACON& Tower with Radar,18,46,23,2,89,0,0,14,0,14,18,46,37,2,103,20,0,20,123
05/17/2011,MLI,IL,AGL,CE,Combined TRACON& Tower with Radar,14,44,26,0,84,0,0,26,0,26,14,44,52,0,110,32,0,32,142
05/18/2011,MLI,IL,AGL,CE,Combined TRACON& Tower with Radar,14,38,26,2,80,0,0,25,0,25,14,38,51,2,105,32,0,32,137
05/19/2011,MLI,IL,AGL,CE,Combined TRACON& Tower with Radar,22,43,27,1,93,0,0,20,0,20,22,43,47,1,113,16,0,16,129
05/20/2011,MLI,IL,AGL,CE,Combined TRACON& Tower with Radar,15,42,21,3,81,0,0,11,0,11,15,42,32,3,92,18,0,18,110
05/21/2011,MLI,IL,AGL,CE,Combined TRACON& Tower with Radar,11,30,10,0,51,0,0,17,0,17,11,30,27,0,68,12,0,12,80
05/22/2011,MLI,IL,AGL,CE,Combined TRACON& Tower with Radar,13,35,8,0,56,0,2,4,0,6,13,37,12,0,62,0,0,0,62
05/23/2011,MLI,IL,AGL,CE,Combined TRACON& Tower with Radar,15,40,10,2,67,0,0,9,0,9,15,40,19,2,76,0,0,0,76
05/24/2011,MLI,IL,AGL,CE,Combined TRACON& Tower with Radar,13,45,15,0,73,0,4,9,0,13,13,49,24,0,86,30,0,30,116
05/25/2011,MLI,IL,AGL,CE,Combined TRACON& Tower with Radar,12,30,16,0,58,0,0,1,0,1,12,30,17,0,59,0,0,0,59
05/26/2011,MLI,IL,AGL,CE,Combined TRACON& Tower with Radar,17,45,30,4,96,0,0,7,1,8,17,45,37,5,104,0,0,0,104
05/27/2011,MLI,IL,AGL,CE,Combined TRACON& Tower with Radar,15,40,21,0,76,0,0,31,0,31,15,40,52,0,107,24,0,24,131
05/28/2011,MLI,IL,AGL,CE,Combined TRACON& Tower with Radar,10,33,14,0,57,0,0,0,0,0,10,33,14,0,57,0,0,0,57
05/29/2011,MLI,IL,AGL,CE,Combined TRACON& Tower with Radar,9,22,8,0,39,0,0,2,0,2,9,22,10,0,41,0,0,0,41
05/30/2011,MLI,IL,AGL,CE,Combined TRACON& Tower with Radar,13,41,14,0,68,0,0,8,0,8,13,41,22,0,76,2,0,2,78
05/31/2011,MLI,IL,AGL,CE,Combined TRACON& Tower with Radar,13,42,18,0,73,0,0,8,0,8,13,42,26,0,81,6,0,6,87
06/01/2011,MLI,IL,AGL,CE,Combined TRACON& Tower with Radar,13,45,18,0,76,0,0,18,0,18,13,45,36,0,94,0,0,0,94
06/02/2011,MLI,IL,AGL,CE,Combined TRACON& Tower with Radar,17,46,29,0,92,0,0,0,0,0,17,46,29,0,92,0,0,0,92
06/03/2011,MLI,IL,AGL,CE,Combined TRACON& Tower with Radar,14,42,19,0,75,0,0,12,0,12,14,42,31,0,87,0,0,0,87
06/04/2011,MLI,IL,AGL,CE,Combined TRACON& Tower with Radar,12,28,11,0,51,0,0,6,0,6,12,28,17,0,57,16,0,16,73
06/05/2011,MLI,IL,AGL,CE,Combined TRACON& Tower with Radar,15,38,9,0,62,0,4,13,0,17,15,42,22,0,79,10,0,10,89
06/06/2011,MLI,IL,AGL,CE,Combined TRACON& Tower with Radar,17,41,22,0,80,0,0,11,0,11,17,41,33,0,91,0,0,0,91
06/07/2011,MLI,IL,AGL,CE,Combined TRACON& Tower with Radar,13,44,22,2,81,0,0,16,0,16,13,44,38,2,97,12,0,12,109
06/08/2011,MLI,IL,AGL,CE,Combined TRACON& Tower with Radar,11,45,32,8,96,0,0,9,2,11,11,45,41,10,107,8,0,8,115
06/09/2011,MLI,IL,AGL,CE,Combined TRACON& Tower with Radar,16,36,15,3,70,0,0,0,0,0,16,36,15,3,70,0,0,0,70
06/10/2011,MLI,IL,AGL,CE,Combined TRACON& Tower with Radar,15,44,25,0,84,0,0,11,2,13,15,44,36,2,97,22,0,22,119
06/11/2011,MLI,IL,AGL,CE,Combined TRACON& Tower with Radar,13,37,10,0,60,0,0,4,0,4,13,37,14,0,64,62,0,62,126
06/12/2011,MLI,IL,AGL,CE,Combined TRACON& Tower with Radar,16,45,16,0,77,0,0,31,0,31,16,45,47,0,108,10,0,10,118
06/13/2011,MLI,IL,AGL,CE,Combined TRACON& Tower with Radar,17,54,15,4,90,0,0,18,4,22,17,54,33,8,112,16,0,16,128
06/14/2011,MLI,IL,AGL,CE,Combined TRACON& Tower with Radar,13,53,23,1,90,0,0,5,0,5,13,53,28,1,95,6,0,6,101
06/15/2011,MLI,IL,AGL,CE,Combined TRACON& Tower with Radar,12,46,8,5,71,0,0,2,0,2,12,46,10,5,73,18,0,18,91
06/16/2011,MLI,IL,AGL,CE,Combined TRACON& Tower with Radar,16,49,36,2,103,0,3,29,0,32,16,52,65,2,135,0,0,0,135
06/17/2011,MLI,IL,AGL,CE,Combined TRACON& Tower with Radar,15,48,26,2,91,0,0,18,1,19,15,48,44,3,110,4,0,4,114
06/18/2011,MLI,IL,AGL,CE,Combined TRACON& Tower with Radar,10,35,15,0,60,0,4,16,0,20,10,39,31,0,80,0,0,0,80
06/19/2011,MLI,IL,AGL,CE,Combined TRACON& Tower with Radar,14,42,19,3,78,0,1,20,0,21,14,43,39,3,99,0,0,0,99
06/20/2011,MLI,IL,AGL,CE,Combined TRACON& Tower with Radar,15,46,28,0,89,0,0,8,0,8,15,46,36,0,97,0,0,0,97
06/21/2011,MLI,IL,AGL,CE,Combined TRACON& Tower with Radar,12,43,19,2,76,0,0,4,0,4,12,43,23,2,80,8,0,8,88
06/22/2011,MLI,IL,AGL,CE,Combined TRACON& Tower with Radar,12,42,34,0,88,0,0,1,0,1,12,42,35,0,89,0,0,0,89
06/23/2011,MLI,IL,AGL,CE,Combined TRACON& Tower with Radar,17,51,26,0,94,0,0,4,0,4,17,51,30,0,98,0,0,0,98
06/24/2011,MLI,IL,AGL,CE,Combined TRACON& Tower with Radar,15,51,18,0,84,0,0,25,2,27,15,51,43,2,111,26,0,26,137
06/25/2011,MLI,IL,AGL,CE,Combined TRACON& Tower with Radar,12,36,4,2,54,0,1,12,1,14,12,37,16,3,68,0,0,0,68
06/26/2011,MLI,IL,AGL,CE,Combined TRACON& Tower with Radar,17,39,15,0,71,0,0,18,0,18,17,39,33,0,89,0,0,0,89
06/27/2011,MLI,IL,AGL,CE,Combined TRACON& Tower with Radar,14,44,11,1,70,0,0,6,2,8,14,44,17,3,78,0,0,0,78
06/28/2011,MLI,IL,AGL,CE,Combined TRACON& Tower with Radar,13,49,31,5,98,0,0,10,3,13,13,49,41,8,111,6,0,6,117
06/29/2011,MLI,IL,AGL,CE,Combined TRACON& Tower with Radar,14,51,21,0,86,0,0,27,0,27,14,51,48,0,113,20,0,20,133
06/30/2011,MLI,IL,AGL,CE,Combined TRACON& Tower with Radar,19,49,18,0,86,0,0,15,0,15,19,49,33,0,101,8,0,8,109
07/01/2011,MLI,IL,AGL,CE,Combined TRACON& Tower with Radar,14,39,19,0,72,0,0,13,0,13,14,39,32,0,85,0,0,0,85
07/02/2011,MLI,IL,AGL,CE,Combined TRACON& Tower with Radar,7,34,10,0,51,0,0,12,0,12,7,34,22,0,63,0,0,0,63
07/03/2011,MLI,IL,AGL,CE,Combined TRACON& Tower with Radar,13,34,6,0,53,0,0,16,0,16,13,34,22,0,69,0,0,0,69
07/04/2011,MLI,IL,AGL,CE,Combined TRACON& Tower with Radar,9,45,7,0,61,0,0,23,0,23,9,45,30,0,84,0,0,0,84
07/05/2011,MLI,IL,AGL,CE,Combined TRACON& Tower with Radar,14,60,27,1,102,0,0,17,0,17,14,60,44,1,119,0,0,0,119
07/06/2011,MLI,IL,AGL,CE,Combined TRACON& Tower with Radar,13,54,29,1,97,0,0,18,0,18,13,54,47,1,115,0,0,0,115
07/07/2011,MLI,IL,AGL,CE,Combined TRACON& Tower with Radar,16,59,21,0,96,0,0,26,0,26,16,59,47,0,122,24,0,24,146
07/08/2011,MLI,IL,AGL,CE,Combined TRACON& Tower with Radar,14,53,24,0,91,0,0,24,0,24,14,53,48,0,115,0,0,0,115
07/09/2011,MLI,IL,AGL,CE,Combined TRACON& Tower with Radar,4,51,8,0,63,0,0,17,0,17,4,51,25,0,80,14,0,14,94
07/10/2011,MLI,IL,AGL,CE,Combined TRACON& Tower with Radar,16,50,24,0,90,0,0,9,0,9,16,50,33,0,99,0,0,0,99
07/11/2011,MLI,IL,AGL,CE,Combined TRACON& Tower with Radar,15,49,22,0,86,0,0,7,0,7,15,49,29,0,93,12,0,12,105
07/12/2011,MLI,IL,AGL,CE,Combined TRACON& Tower with Radar,13,47,27,1,88,0,0,10,0,10,13,47,37,1,98,18,0,18,116
07/13/2011,MLI,IL,AGL,CE,Combined TRACON& Tower with Radar,12,52,21,0,85,0,0,11,0,11,12,52,32,0,96,16,0,16,112
07/14/2011,MLI,IL,AGL,CE,Combined TRACON& Tower with Radar,15,49,20,0,84,0,0,29,0,29,15,49,49,0,113,0,0,0,113
07/15/2011,MLI,IL,AGL,CE,Combined TRACON& Tower with Radar,14,50,26,0,90,0,0,28,0,28,14,50,54,0,118,38,0,38,156
07/16/2011,MLI,IL,AGL,CE,Combined TRACON& Tower with Radar,7,42,16,0,65,0,0,32,0,32,7,42,48,0,97,37,0,37,134
07/17/2011,MLI,IL,AGL,CE,Combined TRACON& Tower with Radar,15,42,13,0,70,0,0,20,0,20,15,42,33,0,90,20,0,20,110
07/18/2011,MLI,IL,AGL,CE,Combined TRACON& Tower with Radar,15,55,18,2,90,0,0,23,0,23,15,55,41,2,113,0,0,0,113
07/19/2011,MLI,IL,AGL,CE,Combined TRACON& Tower with Radar,12,53,33,2,100,0,0,18,0,18,12,53,51,2,118,14,0,14,132
07/20/2011,MLI,IL,AGL,CE,Combined TRACON& Tower with Radar,13,57,20,2,92,0,0,23,0,23,13,57,43,2,115,6,0,6,121
07/21/2011,MLI,IL,AGL,CE,Combined TRACON& Tower with Radar,17,56,27,0,100,0,0,12,0,12,17,56,39,0,112,6,0,6,118
07/22/2011,MLI,IL,AGL,CE,Combined TRACON& Tower with Radar,19,45,18,0,82,0,0,18,0,18,19,45,36,0,100,18,0,18,118
07/23/2011,MLI,IL,AGL,CE,Combined TRACON& Tower with Radar,7,40,10,0,57,0,0,20,3,23,7,40,30,3,80,0,0,0,80
07/24/2011,MLI,IL,AGL,CE,Combined TRACON& Tower with Radar,16,41,14,2,73,0,0,12,0,12,16,41,26,2,85,0,0,0,85
07/25/2011,MLI,IL,AGL,CE,Combined TRACON& Tower with Radar,14,46,18,0,78,0,0,24,0,24,14,46,42,0,102,18,0,18,120
07/26/2011,MLI,IL,AGL,CE,Combined TRACON& Tower with Radar,11,52,14,2,79,0,0,14,2,16,11,52,28,4,95,0,0,0,95
07/27/2011,MLI,IL,AGL,CE,Combined TRACON& Tower with Radar,13,50,26,0,89,0,0,16,0,16,13,50,42,0,105,26,0,26,131
07/28/2011,MLI,IL,AGL,CE,Combined TRACON& Tower with Radar,17,41,41,0,99,0,0,17,2,19,17,41,58,2,118,0,0,0,118
07/29/2011,MLI,IL,AGL,CE,Combined TRACON& Tower with Radar,15,50,21,0,86,0,0,21,1,22,15,50,42,1,108,12,0,12,120
07/30/2011,MLI,IL,AGL,CE,Combined TRACON& Tower with Radar,6,41,18,1,66,0,0,34,0,34,6,41,52,1,100,0,0,0,100
07/31/2011,MLI,IL,AGL,CE,Combined TRACON& Tower with Radar,17,39,12,2,70,0,0,29,1,30,17,39,41,3,100,6,0,6,106
08/01/2011,MLI,IL,AGL,CE,Combined TRACON& Tower with Radar,14,46,21,0,81,0,0,11,0,11,14,46,32,0,92,8,0,8,100
08/02/2011,MLI,IL,AGL,CE,Combined TRACON& Tower with Radar,13,51,25,0,89,0,0,18,0,18,13,51,43,0,107,10,0,10,117
08/03/2011,MLI,IL,AGL,CE,Combined TRACON& Tower with Radar,13,49,26,2,90,0,0,20,0,20,13,49,46,2,110,22,0,22,132
08/04/2011,MLI,IL,AGL,CE,Combined TRACON& Tower with Radar,17,48,32,2,99,0,0,32,0,32,17,48,64,2,131,38,0,38,169
08/05/2011,MLI,IL,AGL,CE,Combined TRACON& Tower with Radar,12,54,21,0,87,0,0,14,0,14,12,54,35,0,101,4,0,4,105
08/06/2011,MLI,IL,AGL,CE,Combined TRACON& Tower with Radar,9,42,22,2,75,0,0,21,0,21,9,42,43,2,96,6,0,6,102
08/07/2011,MLI,IL,AGL,CE,Combined TRACON& Tower with Radar,17,44,9,0,70,0,0,28,2,30,17,44,37,2,100,10,0,10,110
08/08/2011,MLI,IL,AGL,CE,Combined TRACON& Tower with Radar,17,47,19,0,83,0,0,15,0,15,17,47,34,0,98,8,0,8,106
08/09/2011,MLI,IL,AGL,CE,Combined TRACON& Tower with Radar,13,51,20,0,84,0,0,18,0,18,13,51,38,0,102,8,0,8,110
08/10/2011,MLI,IL,AGL,CE,Combined TRACON& Tower with Radar,13,48,24,2,87,0,0,15,0,15,13,48,39,2,102,30,0,30,132
08/11/2011,MLI,IL,AGL,CE,Combined TRACON& Tower with Radar,17,51,21,0,89,0,1,21,0,22,17,52,42,0,111,0,0,0,111
08/12/2011,MLI,IL,AGL,CE,Combined TRACON& Tower with Radar,15,49,18,0,82,0,0,14,0,14,15,49,32,0,96,28,0,28,124
08/13/2011,MLI,IL,AGL,CE,Combined TRACON& Tower with Radar,10,39,5,1,55,0,0,23,0,23,10,39,28,1,78,0,0,0,78
08/14/2011,MLI,IL,AGL,CE,Combined TRACON& Tower with Radar,15,43,14,0,72,0,0,23,0,23,15,43,37,0,95,0,0,0,95
08/15/2011,MLI,IL,AGL,CE,Combined TRACON& Tower with Radar,16,51,19,0,86,0,0,23,3,26,16,51,42,3,112,12,0,12,124
08/16/2011,MLI,IL,AGL,CE,Combined TRACON& Tower with Radar,13,52,10,0,75,0,0,4,0,4,13,52,14,0,79,0,0,0,79
08/17/2011,MLI,IL,AGL,CE,Combined TRACON& Tower with Radar,13,47,5,10,75,0,0,1,1,2,13,47,6,11,77,0,0,0,77
08/18/2011,MLI,IL,AGL,CE,Combined TRACON& Tower with Radar,16,54,30,0,100,0,0,31,0,31,16,54,61,0,131,8,0,8,139
08/19/2011,MLI,IL,AGL,CE,Combined TRACON& Tower with Radar,13,45,22,0,80,0,0,19,0,19,13,45,41,0,99,14,0,14,113
08/20/2011,MLI,IL,AGL,CE,Combined TRACON& Tower with Radar,11,32,6,0,49,0,0,5,0,5,11,32,11,0,54,0,0,0,54
08/21/2011,MLI,IL,AGL,CE,Combined TRACON& Tower with Radar,17,38,9,2,66,0,0,33,0,33,17,38,42,2,99,0,0,0,99
08/22/2011,MLI,IL,AGL,CE,Combined TRACON& Tower with Radar,13,50,21,0,84,0,0,39,0,39,13,50,60,0,123,42,0,42,165
08/23/2011,MLI,IL,AGL,CE,Combined TRACON& Tower with Radar,11,45,37,0,93,0,0,2,0,2,11,45,39,0,95,6,0,6,101
08/24/2011,MLI,IL,AGL,CE,Combined TRACON& Tower with Radar,15,50,18,2,85,0,0,26,0,26,15,50,44,2,111,10,0,10,121
08/25/2011,MLI,IL,AGL,CE,Combined TRACON& Tower with Radar,17,55,17,0,89,0,0,27,0,27,17,55,44,0,116,32,0,32,148
08/26/2011,MLI,IL,AGL,CE,Combined TRACON& Tower with Radar,13,52,22,0,87,0,0,27,0,27,13,52,49,0,114,24,0,24,138
08/27/2011,MLI,IL,AGL,CE,Combined TRACON& Tower with Radar,12,33,13,0,58,0,0,30,0,30,12,33,43,0,88,4,0,4,92
08/28/2011,MLI,IL,AGL,CE,Combined TRACON& Tower with Radar,17,36,14,0,67,0,0,47,0,47,17,36,61,0,114,0,0,0,114
08/29/2011,MLI,IL,AGL,CE,Combined TRACON& Tower with Radar,15,55,12,0,82,0,0,10,0,10,15,55,22,0,92,8,0,8,100
08/30/2011,MLI,IL,AGL,CE,Combined TRACON& Tower with Radar,10,52,21,0,83,0,0,13,0,13,10,52,34,0,96,0,0,0,96
08/31/2011,MLI,IL,AGL,CE,Combined TRACON& Tower with Radar,14,51,24,2,91,0,0,27,8,35,14,51,51,10,126,22,0,22,148
09/01/2011,MLI,IL,AGL,CE,Combined TRACON& Tower with Radar,16,49,22,0,87,0,0,18,0,18,16,49,40,0,105,20,0,20,125
09/02/2011,MLI,IL,AGL,CE,Combined TRACON& Tower with Radar,14,50,17,0,81,0,0,11,0,11,14,50,28,0,92,14,0,14,106
09/03/2011,MLI,IL,AGL,CE,Combined TRACON& Tower with Radar,10,28,7,0,45,0,0,4,0,4,10,28,11,0,49,14,0,14,63
09/04/2011,MLI,IL,AGL,CE,Combined TRACON& Tower with Radar,18,22,6,0,46,0,0,7,0,7,18,22,13,0,53,0,0,0,53
09/05/2011,MLI,IL,AGL,CE,Combined TRACON& Tower with Radar,11,39,15,0,65,0,0,31,0,31,11,39,46,0,96,0,0,0,96
09/06/2011,MLI,IL,AGL,CE,Combined TRACON& Tower with Radar,8,49,26,0,83,0,0,28,0,28,8,49,54,0,111,48,0,48,159
09/07/2011,MLI,IL,AGL,CE,Combined TRACON& Tower with Radar,9,51,20,0,80,0,1,25,0,26,9,52,45,0,106,0,0,0,106
09/08/2011,MLI,IL,AGL,CE,Combined TRACON& Tower with Radar,17,47,15,0,79,0,0,20,0,20,17,47,35,0,99,12,6,18,117
09/09/2011,MLI,IL,AGL,CE,Combined TRACON& Tower with Radar,13,49,27,0,89,0,0,9,0,9,13,49,36,0,98,12,0,12,110
09/10/2011,MLI,IL,AGL,CE,Combined TRACON& Tower with Radar,10,33,16,0,59,0,0,21,0,21,10,33,37,0,80,2,0,2,82
09/11/2011,MLI,IL,AGL,CE,Combined TRACON& Tower with Radar,14,39,14,0,67,0,0,35,0,35,14,39,49,0,102,28,0,28,130
09/12/2011,MLI,IL,AGL,CE,Combined TRACON& Tower with Radar,14,44,13,0,71,0,0,28,0,28,14,44,41,0,99,0,0,0,99
09/13/2011,MLI,IL,AGL,CE,Combined TRACON& Tower with Radar,8,46,22,0,76,0,0,30,0,30,8,46,52,0,106,0,0,0,106
09/14/2011,MLI,IL,AGL,CE,Combined TRACON& Tower with Radar,9,48,18,0,75,0,0,15,0,15,9,48,33,0,90,0,0,0,90
09/15/2011,MLI,IL,AGL,CE,Combined TRACON& Tower with Radar,18,48,26,0,92,0,0,21,0,21,18,48,47,0,113,0,0,0,113
09/16/2011,MLI,IL,AGL,CE,Combined TRACON& Tower with Radar,14,45,29,2,90,0,0,10,0,10,14,45,39,2,100,50,0,50,150
09/17/2011,MLI,IL,AGL,CE,Combined TRACON& Tower with Radar,9,31,10,0,50,0,0,13,1,14,9,31,23,1,64,10,0,10,74
09/18/2011,MLI,IL,AGL,CE,Combined TRACON& Tower with Radar,14,37,9,0,60,0,0,0,0,0,14,37,9,0,60,0,0,0,60
09/19/2011,MLI,IL,AGL,CE,Combined TRACON& Tower with Radar,14,45,22,2,83,0,0,5,1,6,14,45,27,3,89,36,0,36,125
09/20/2011,MLI,IL,AGL,CE,Combined TRACON& Tower with Radar,8,49,21,0,78,0,0,20,0,20,8,49,41,0,98,16,0,16,114
09/21/2011,MLI,IL,AGL,CE,Combined TRACON& Tower with Radar,11,54,16,0,81,0,0,10,0,10,11,54,26,0,91,12,0,12,103
09/22/2011,MLI,IL,AGL,CE,Combined TRACON& Tower with Radar,20,46,18,3,87,0,0,19,4,23,20,46,37,7,110,0,0,0,110
09/23/2011,MLI,IL,AGL,CE,Combined TRACON& Tower with Radar,14,50,25,0,89,0,0,24,1,25,14,50,49,1,114,30,0,30,144
09/24/2011,MLI,IL,AGL,CE,Combined TRACON& Tower with Radar,10,38,13,0,61,0,0,16,0,16,10,38,29,0,77,0,0,0,77
09/25/2011,MLI,IL,AGL,CE,Combined TRACON& Tower with Radar,16,46,17,2,81,0,0,0,0,0,16,46,17,2,81,12,0,12,93
09/26/2011,MLI,IL,AGL,CE,Combined TRACON& Tower with Radar,16,45,9,1,71,0,0,1,0,1,16,45,10,1,72,0,0,0,72
09/27/2011,MLI,IL,AGL,CE,Combined TRACON& Tower with Radar,9,40,18,1,68,0,0,5,0,5,9,40,23,1,73,0,0,0,73
09/28/2011,MLI,IL,AGL,CE,Combined TRACON& Tower with Radar,11,44,32,1,88,0,0,13,0,13,11,44,45,1,101,0,0,0,101
09/29/2011,MLI,IL,AGL,CE,Combined TRACON& Tower with Radar,16,45,18,0,79,0,0,9,0,9,16,45,27,0,88,0,0,0,88
09/30/2011,MLI,IL,AGL,CE,Combined TRACON& Tower with Radar,14,44,24,1,83,0,0,14,1,15,14,44,38,2,98,16,0,16,114
10/01/2011,MLI,IL,AGL,CE,Combined TRACON& Tower with Radar,7,35,15,0,57,0,0,34,0,34,7,35,49,0,91,22,0,22,113
10/02/2011,MLI,IL,AGL,CE,Combined TRACON& Tower with Radar,11,42,19,0,72,0,0,23,0,23,11,42,42,0,95,6,0,6,101
10/03/2011,MLI,IL,AGL,CE,Combined TRACON& Tower with Radar,17,46,16,2,81,0,0,16,0,16,17,46,32,2,97,32,0,32,129
10/04/2011,MLI,IL,AGL,CE,Combined TRACON& Tower with Radar,10,45,24,0,79,0,0,21,0,21,10,45,45,0,100,10,0,10,110
10/05/2011,MLI,IL,AGL,CE,Combined TRACON& Tower with Radar,18,43,25,0,86,0,0,15,0,15,18,43,40,0,101,18,0,18,119
10/06/2011,MLI,IL,AGL,CE,Combined TRACON& Tower with Radar,22,47,34,0,103,0,0,9,0,9,22,47,43,0,112,40,0,40,152
10/07/2011,MLI,IL,AGL,CE,Combined TRACON& Tower with Radar,18,50,26,4,98,0,0,6,0,6,18,50,32,4,104,0,0,0,104
10/08/2011,MLI,IL,AGL,CE,Combined TRACON& Tower with Radar,11,29,20,0,60,0,0,8,0,8,11,29,28,0,68,0,0,0,68
10/09/2011,MLI,IL,AGL,CE,Combined TRACON& Tower with Radar,13,45,14,0,72,0,0,21,0,21,13,45,35,0,93,0,0,0,93
10/10/2011,MLI,IL,AGL,CE,Combined TRACON& Tower with Radar,18,41,14,0,73,0,0,13,0,13,18,41,27,0,86,16,0,16,102
10/11/2011,MLI,IL,AGL,CE,Combined TRACON& Tower with Radar,9,42,24,0,75,0,0,8,0,8,9,42,32,0,83,6,0,6,89
10/12/2011,MLI,IL,AGL,CE,Combined TRACON& Tower with Radar,18,41,18,0,77,0,0,4,0,4,18,41,22,0,81,8,0,8,89
10/13/2011,MLI,IL,AGL,CE,Combined TRACON& Tower with Radar,22,42,20,0,84,0,0,6,0,6,22,42,26,0,90,0,0,0,90
10/14/2011,MLI,IL,AGL,CE,Combined TRACON& Tower with Radar,14,47,18,0,79,0,0,12,0,12,14,47,30,0,91,0,0,0,91
10/15/2011,MLI,IL,AGL,CE,Combined TRACON& Tower with Radar,11,28,6,0,45,0,0,14,0,14,11,28,20,0,59,6,0,6,65
10/16/2011,MLI,IL,AGL,CE,Combined TRACON& Tower with Radar,14,46,13,0,73,0,0,19,0,19,14,46,32,0,92,14,0,14,106
10/17/2011,MLI,IL,AGL,CE,Combined TRACON& Tower with Radar,17,44,19,0,80,0,0,5,2,7,17,44,24,2,87,0,0,0,87
10/18/2011,MLI,IL,AGL,CE,Combined TRACON& Tower with Radar,9,43,25,0,77,0,0,17,0,17,9,43,42,0,94,16,0,16,110
10/19/2011,MLI,IL,AGL,CE,Combined TRACON& Tower with Radar,16,42,24,0,82,0,0,6,0,6,16,42,30,0,88,0,0,0,88
10/20/2011,MLI,IL,AGL,CE,Combined TRACON& Tower with Radar,20,47,15,2,84,0,0,6,0,6,20,47,21,2,90,0,0,0,90
10/21/2011,MLI,IL,AGL,CE,Combined TRACON& Tower with Radar,18,41,25,2,86,0,0,37,0,37,18,41,62,2,123,62,0,62,185
10/22/2011,MLI,IL,AGL,CE,Combined TRACON& Tower with Radar,11,35,15,0,61,0,0,29,0,29,11,35,44,0,90,12,0,12,102
10/23/2011,MLI,IL,AGL,CE,Combined TRACON& Tower with Radar,15,41,21,0,77,0,0,21,0,21,15,41,42,0,98,38,0,38,136
10/24/2011,MLI,IL,AGL,CE,Combined TRACON& Tower with Radar,16,47,18,0,81,0,0,18,0,18,16,47,36,0,99,22,0,22,121
10/25/2011,MLI,IL,AGL,CE,Combined TRACON& Tower with Radar,10,42,21,0,73,0,0,7,0,7,10,42,28,0,80,0,0,0,80
10/26/2011,MLI,IL,AGL,CE,Combined TRACON& Tower with Radar,16,46,31,0,93,0,0,5,0,5,16,46,36,0,98,2,0,2,100
10/27/2011,MLI,IL,AGL,CE,Combined TRACON& Tower with Radar,20,47,23,1,91,0,0,22,0,22,20,47,45,1,113,2,0,2,115
10/28/2011,MLI,IL,AGL,CE,Combined TRACON& Tower with Radar,15,47,19,1,82,0,0,21,0,21,15,47,40,1,103,16,0,16,119
10/29/2011,MLI,IL,AGL,CE,Combined TRACON& Tower with Radar,12,35,13,2,62,0,0,21,0,21,12,35,34,2,83,48,0,48,131
10/30/2011,MLI,IL,AGL,CE,Combined TRACON& Tower with Radar,13,40,13,0,66,0,0,12,0,12,13,40,25,0,78,8,0,8,86
10/31/2011,MLI,IL,AGL,CE,Combined TRACON& Tower with Radar,15,42,17,0,74,0,0,14,0,14,15,42,31,0,88,8,0,8,96
11/01/2011,MLI,IL,AGL,CE,Combined TRACON& Tower with Radar,6,52,23,0,81,0,0,9,0,9,6,52,32,0,90,16,0,16,106
11/02/2011,MLI,IL,AGL,CE,Combined TRACON& Tower with Radar,12,48,20,0,80,0,0,7,0,7,12,48,27,0,87,2,0,2,89
11/03/2011,MLI,IL,AGL,CE,Combined TRACON& Tower with Radar,20,47,24,0,91,0,0,2,0,2,20,47,26,0,93,2,0,2,95
11/04/2011,MLI,IL,AGL,CE,Combined TRACON& Tower with Radar,13,45,17,0,75,0,0,30,0,30,13,45,47,0,105,8,0,8,113
11/05/2011,MLI,IL,AGL,CE,Combined TRACON& Tower with Radar,7,34,3,1,45,0,0,6,5,11,7,34,9,6,56,0,0,0,56
11/06/2011,MLI,IL,AGL,CE,Combined TRACON& Tower with Radar,10,46,15,0,71,0,0,3,0,3,10,46,18,0,74,0,0,0,74
11/07/2011,MLI,IL,AGL,CE,Combined TRACON& Tower with Radar,14,47,19,0,80,0,0,8,0,8,14,47,27,0,88,12,0,12,100
11/08/2011,MLI,IL,AGL,CE,Combined TRACON& Tower with Radar,11,45,15,0,71,0,0,0,0,0,11,45,15,0,71,0,0,0,71
11/09/2011,MLI,IL,AGL,CE,Combined TRACON& Tower with Radar,13,49,21,0,83,0,0,2,0,2,13,49,23,0,85,12,0,12,97
11/10/2011,MLI,IL,AGL,CE,Combined TRACON& Tower with Radar,18,46,47,0,111,0,0,12,0,12,18,46,59,0,123,32,0,32,155
11/11/2011,MLI,IL,AGL,CE,Combined TRACON& Tower with Radar,14,46,23,0,83,0,0,32,0,32,14,46,55,0,115,32,0,32,147
11/12/2011,MLI,IL,AGL,CE,Combined TRACON& Tower with Radar,13,31,12,0,56,0,0,14,0,14,13,31,26,0,70,10,0,10,80
11/13/2011,MLI,IL,AGL,CE,Combined TRACON& Tower with Radar,13,47,17,0,77,0,0,5,0,5,13,47,22,0,82,8,0,8,90
11/14/2011,MLI,IL,AGL,CE,Combined TRACON& Tower with Radar,13,44,18,0,75,0,0,12,0,12,13,44,30,0,87,8,0,8,95
11/15/2011,MLI,IL,AGL,CE,Combined TRACON& Tower with Radar,10,45,13,0,68,0,0,20,0,20,10,45,33,0,88,48,0,48,136
11/16/2011,MLI,IL,AGL,CE,Combined TRACON& Tower with Radar,10,56,29,0,95,0,1,10,0,11,10,57,39,0,106,22,0,22,128
11/17/2011,MLI,IL,AGL,CE,Combined TRACON& Tower with Radar,14,49,28,0,91,0,1,19,0,20,14,50,47,0,111,14,0,14,125
11/18/2011,MLI,IL,AGL,CE,Combined TRACON& Tower with Radar,19,46,31,0,96,0,0,7,0,7,19,46,38,0,103,0,0,0,103
11/19/2011,MLI,IL,AGL,CE,Combined TRACON& Tower with Radar,12,30,6,0,48,0,0,3,0,3,12,30,9,0,51,4,0,4,55
11/20/2011,MLI,IL,AGL,CE,Combined TRACON& Tower with Radar,10,43,15,0,68,0,0,5,0,5,10,43,20,0,73,6,0,6,79
11/21/2011,MLI,IL,AGL,CE,Combined TRACON& Tower with Radar,18,38,15,6,77,0,0,12,0,12,18,38,27,6,89,6,18,24,113
11/22/2011,MLI,IL,AGL,CE,Combined TRACON& Tower with Radar,10,44,21,0,75,0,0,0,0,0,10,44,21,0,75,0,0,0,75
11/23/2011,MLI,IL,AGL,CE,Combined TRACON& Tower with Radar,20,41,23,0,84,0,0,18,0,18,20,41,41,0,102,22,0,22,124
11/24/2011,MLI,IL,AGL,CE,Combined TRACON& Tower with Radar,8,22,4,0,34,0,0,3,0,3,8,22,7,0,37,0,0,0,37
11/25/2011,MLI,IL,AGL,CE,Combined TRACON& Tower with Radar,10,31,6,0,47,0,0,11,0,11,10,31,17,0,58,8,0,8,66
11/26/2011,MLI,IL,AGL,CE,Combined TRACON& Tower with Radar,15,43,5,0,63,0,0,0,0,0,15,43,5,0,63,0,0,0,63
11/27/2011,MLI,IL,AGL,CE,Combined TRACON& Tower with Radar,6,58,12,0,76,0,0,2,0,2,6,58,14,0,78,0,0,0,78
11/28/2011,MLI,IL,AGL,CE,Combined TRACON& Tower with Radar,15,46,22,0,83,0,0,5,0,5,15,46,27,0,88,10,0,10,98
11/29/2011,MLI,IL,AGL,CE,Combined TRACON& Tower with Radar,8,36,19,0,63,0,0,4,0,4,8,36,23,0,67,0,0,0,67
11/30/2011,MLI,IL,AGL,CE,Combined TRACON& Tower with Radar,10,44,23,0,77,0,0,17,0,17,10,44,40,0,94,0,0,0,94
12/01/2011,MLI,IL,AGL,CE,Combined TRACON& Tower with Radar,12,43,19,0,74,0,0,10,0,10,12,43,29,0,84,0,0,0,84
12/02/2011,MLI,IL,AGL,CE,Combined TRACON& Tower with Radar,16,47,14,0,77,0,0,16,2,18,16,47,30,2,95,12,0,12,107
12/03/2011,MLI,IL,AGL,CE,Combined TRACON& Tower with Radar,10,28,4,0,42,0,0,2,0,2,10,28,6,0,44,0,0,0,44
12/04/2011,MLI,IL,AGL,CE,Combined TRACON& Tower with Radar,8,40,12,2,62,0,0,0,0,0,8,40,12,2,62,2,0,2,64
12/05/2011,MLI,IL,AGL,CE,Combined TRACON& Tower with Radar,16,52,21,0,89,0,0,0,0,0,16,52,21,0,89,0,0,0,89
12/06/2011,MLI,IL,AGL,CE,Combined TRACON& Tower with Radar,7,53,9,0,69,0,0,3,0,3,7,53,12,0,72,0,0,0,72
12/07/2011,MLI,IL,AGL,CE,Combined TRACON& Tower with Radar,11,45,14,0,70,0,0,12,0,12,11,45,26,0,82,18,0,18,100
12/08/2011,MLI,IL,AGL,CE,Combined TRACON& Tower with Radar,10,46,16,0,72,0,0,6,0,6,10,46,22,0,78,18,0,18,96
12/09/2011,MLI,IL,AGL,CE,Combined TRACON& Tower with Radar,16,50,6,2,74,0,0,18,0,18,16,50,24,2,92,8,0,8,100
12/10/2011,MLI,IL,AGL,CE,Combined TRACON& Tower with Radar,10,27,9,0,46,0,0,11,0,11,10,27,20,0,57,0,0,0,57
12/11/2011,MLI,IL,AGL,CE,Combined TRACON& Tower with Radar,10,44,14,0,68,0,0,10,0,10,10,44,24,0,78,8,0,8,86
12/12/2011,MLI,IL,AGL,CE,Combined TRACON& Tower with Radar,16,48,34,0,98,0,0,10,0,10,16,48,44,0,108,14,0,14,122
12/13/2011,MLI,IL,AGL,CE,Combined TRACON& Tower with Radar,4,42,20,0,66,0,0,2,0,2,4,42,22,0,68,14,0,14,82
12/14/2011,MLI,IL,AGL,CE,Combined TRACON& Tower with Radar,11,46,30,0,87,0,0,0,0,0,11,46,30,0,87,8,0,8,95
12/15/2011,MLI,IL,AGL,CE,Combined TRACON& Tower with Radar,10,44,21,0,75,0,0,3,0,3,10,44,24,0,78,0,0,0,78
12/16/2011,MLI,IL,AGL,CE,Combined TRACON& Tower with Radar,17,47,41,0,105,0,0,24,0,24,17,47,65,0,129,26,0,26,155
12/17/2011,MLI,IL,AGL,CE,Combined TRACON& Tower with Radar,10,36,9,0,55,0,0,18,0,18,10,36,27,0,73,45,0,45,118
12/18/2011,MLI,IL,AGL,CE,Combined TRACON& Tower with Radar,7,43,13,0,63,0,0,15,0,15,7,43,28,0,78,10,0,10,88
12/19/2011,MLI,IL,AGL,CE,Combined TRACON& Tower with Radar,11,54,30,0,95,0,2,17,0,19,11,56,47,0,114,0,0,0,114
12/20/2011,MLI,IL,AGL,CE,Combined TRACON& Tower with Radar,7,46,14,0,67,0,0,2,0,2,7,46,16,0,69,0,0,0,69
12/21/2011,MLI,IL,AGL,CE,Combined TRACON& Tower with Radar,7,46,12,0,65,0,0,2,0,2,7,46,14,0,67,0,0,0,67
12/22/2011,MLI,IL,AGL,CE,Combined TRACON& Tower with Radar,9,51,20,0,80,0,0,0,0,0,9,51,20,0,80,0,0,0,80
12/23/2011,MLI,IL,AGL,CE,Combined TRACON& Tower with Radar,13,47,13,0,73,0,0,14,0,14,13,47,27,0,87,4,0,4,91
12/24/2011,MLI,IL,AGL,CE,Combined TRACON& Tower with Radar,8,30,10,0,48,0,0,21,0,21,8,30,31,0,69,0,0,0,69
12/25/2011,MLI,IL,AGL,CE,Combined TRACON& Tower with Radar,5,28,8,1,42,0,0,2,0,2,5,28,10,1,44,0,0,0,44
12/26/2011,MLI,IL,AGL,CE,Combined TRACON& Tower with Radar,13,49,9,0,71,0,0,10,0,10,13,49,19,0,81,4,0,4,85
12/27/2011,MLI,IL,AGL,CE,Combined TRACON& Tower with Radar,9,47,14,0,70,0,0,3,0,3,9,47,17,0,73,6,0,6,79
12/28/2011,MLI,IL,AGL,CE,Combined TRACON& Tower with Radar,11,44,8,0,63,0,0,17,0,17,11,44,25,0,80,20,0,20,100
12/29/2011,MLI,IL,AGL,CE,Combined TRACON& Tower with Radar,9,46,3,0,58,0,0,14,0,14,9,46,17,0,72,24,0,24,96
12/30/2011,MLI,IL,AGL,CE,Combined TRACON& Tower with Radar,13,48,5,0,66,0,0,0,0,0,13,48,5,0,66,0,0,0,66
12/31/2011,MLI,IL,AGL,CE,Combined TRACON& Tower with Radar,8,34,8,0,50,0,0,4,0,4,8,34,12,0,54,0,0,0,54
01/01/2012,MLI,IL,AGL,CE,Combined TRACON& Tower with Radar,5,36,4,0,45,0,0,2,0,2,5,36,6,0,47,0,0,0,47
01/02/2012,MLI,IL,AGL,CE,Combined TRACON& Tower with Radar,13,51,10,0,74,0,0,3,0,3,13,51,13,0,77,0,0,0,77
01/03/2012,MLI,IL,AGL,CE,Combined TRACON& Tower with Radar,8,44,17,0,69,0,0,10,0,10,8,44,27,0,79,20,0,20,99
01/04/2012,MLI,IL,AGL,CE,Combined TRACON& Tower with Radar,11,41,13,0,65,0,0,19,0,19,11,41,32,0,84,32,0,32,116
01/05/2012,MLI,IL,AGL,CE,Combined TRACON& Tower with Radar,14,41,24,0,79,0,0,14,0,14,14,41,38,0,93,20,0,20,113
01/06/2012,MLI,IL,AGL,CE,Combined TRACON& Tower with Radar,18,44,20,0,82,0,0,26,0,26,18,44,46,0,108,36,0,36,144
01/07/2012,MLI,IL,AGL,CE,Combined TRACON& Tower with Radar,8,30,6,0,44,0,0,32,0,32,8,30,38,0,76,30,0,30,106
01/08/2012,MLI,IL,AGL,CE,Combined TRACON& Tower with Radar,10,34,16,2,62,0,0,23,2,25,10,34,39,4,87,26,0,26,113
01/09/2012,MLI,IL,AGL,CE,Combined TRACON& Tower with Radar,16,40,12,0,68,0,2,6,0,8,16,42,18,0,76,6,0,6,82
01/10/2012,MLI,IL,AGL,CE,Combined TRACON& Tower with Radar,12,36,10,0,58,0,0,16,0,16,12,36,26,0,74,16,0,16,90
01/11/2012,MLI,IL,AGL,CE,Combined TRACON& Tower with Radar,10,42,16,0,68,0,0,15,12,27,10,42,31,12,95,26,0,26,121
01/12/2012,MLI,IL,AGL,CE,Combined TRACON& Tower with Radar,14,36,15,0,65,0,0,0,0,0,14,36,15,0,65,0,0,0,65
01/13/2012,MLI,IL,AGL,CE,Combined TRACON& Tower with Radar,16,39,16,0,71,0,0,1,0,1,16,39,17,0,72,0,0,0,72
01/14/2012,MLI,IL,AGL,CE,Combined TRACON& Tower with Radar,8,30,7,0,45,0,0,5,0,5,8,30,12,0,50,22,0,22,72
01/15/2012,MLI,IL,AGL,CE,Combined TRACON& Tower with Radar,8,39,19,0,66,0,0,15,0,15,8,39,34,0,81,12,0,12,93
01/16/2012,MLI,IL,AGL,CE,Combined TRACON& Tower with Radar,16,42,11,0,69,0,0,5,0,5,16,42,16,0,74,12,0,12,86
01/17/2012,MLI,IL,AGL,CE,Combined TRACON& Tower with Radar,8,42,16,0,66,0,0,0,0,0,8,42,16,0,66,0,0,0,66
01/18/2012,MLI,IL,AGL,CE,Combined TRACON& Tower with Radar,8,44,26,1,79,0,0,7,1,8,8,44,33,2,87,0,0,0,87
01/19/2012,MLI,IL,AGL,CE,Combined TRACON& Tower with Radar,15,49,15,0,79,0,0,13,0,13,15,49,28,0,92,30,0,30,122
01/20/2012,MLI,IL,AGL,CE,Combined TRACON& Tower with Radar,14,36,7,0,57,0,0,0,0,0,14,36,7,0,57,0,0,0,57
01/21/2012,MLI,IL,AGL,CE,Combined TRACON& Tower with Radar,9,30,2,0,41,0,0,4,0,4,9,30,6,0,45,26,0,26,71
01/22/2012,MLI,IL,AGL,CE,Combined TRACON& Tower with Radar,8,29,8,0,45,0,0,0,0,0,8,29,8,0,45,0,0,0,45
01/23/2012,MLI,IL,AGL,CE,Combined TRACON& Tower with Radar,16,38,14,0,68,0,0,0,0,0,16,38,14,0,68,14,0,14,82
01/24/2012,MLI,IL,AGL,CE,Combined TRACON& Tower with Radar,10,42,19,0,71,0,0,14,0,14,10,42,33,0,85,0,0,0,85
01/25/2012,MLI,IL,AGL,CE,Combined TRACON& Tower with Radar,12,42,23,0,77,0,0,7,0,7,12,42,30,0,84,2,0,2,86
01/26/2012,MLI,IL,AGL,CE,Combined TRACON& Tower with Radar,14,42,34,0,90,0,0,0,0,0,14,42,34,0,90,4,0,4,94
01/27/2012,MLI,IL,AGL,CE,Combined TRACON& Tower with Radar,16,39,25,0,80,0,0,11,0,11,16,39,36,0,91,4,0,4,95
01/28/2012,MLI,IL,AGL,CE,Combined TRACON& Tower with Radar,8,30,3,2,43,0,0,19,0,19,8,30,22,2,62,8,0,8,70
01/29/2012,MLI,IL,AGL,CE,Combined TRACON& Tower with Radar,10,37,9,0,56,0,0,13,0,13,10,37,22,0,69,52,0,52,121
01/30/2012,MLI,IL,AGL,CE,Combined TRACON& Tower with Radar,20,40,16,2,78,0,0,15,0,15,20,40,31,2,93,18,0,18,111
01/31/2012,MLI,IL,AGL,CE,Combined TRACON& Tower with Radar,12,37,35,0,84,0,0,12,0,12,12,37,47,0,96,32,0,32,128
02/01/2012,MLI,IL,AGL,CE,Combined TRACON& Tower with Radar,9,44,15,0,68,0,0,5,0,5,9,44,20,0,73,22,0,22,95
02/02/2012,MLI,IL,AGL,CE,Combined TRACON& Tower with Radar,14,28,41,0,83,0,0,18,0,18,14,28,59,0,101,26,0,26,127
02/03/2012,MLI,IL,AGL,CE,Combined TRACON& Tower with Radar,16,34,19,0,69,0,0,0,0,0,16,34,19,0,69,0,0,0,69
02/04/2012,MLI,IL,AGL,CE,Combined TRACON& Tower with Radar,8,30,3,0,41,0,0,0,0,0,8,30,3,0,41,0,0,0,41
02/05/2012,MLI,IL,AGL,CE,Combined TRACON& Tower with Radar,10,42,23,0,75,0,0,25,0,25,10,42,48,0,100,0,0,0,100
02/06/2012,MLI,IL,AGL,CE,Combined TRACON& Tower with Radar,14,45,15,14,88,0,0,0,0,0,14,45,15,14,88,18,0,18,106
02/07/2012,MLI,IL,AGL,CE,Combined TRACON& Tower with Radar,8,39,17,0,64,0,0,0,0,0,8,39,17,0,64,0,0,0,64
02/08/2012,MLI,IL,AGL,CE,Combined TRACON& Tower with Radar,10,42,27,0,79,0,0,22,0,22,10,42,49,0,101,34,0,34,135
02/09/2012,MLI,IL,AGL,CE,Combined TRACON& Tower with Radar,12,45,35,0,92,0,0,19,0,19,12,45,54,0,111,0,0,0,111
02/10/2012,MLI,IL,AGL,CE,Combined TRACON& Tower with Radar,13,42,16,0,71,0,0,5,0,5,13,42,21,0,76,0,0,0,76
02/11/2012,MLI,IL,AGL,CE,Combined TRACON& Tower with Radar,8,32,10,0,50,0,0,10,0,10,8,32,20,0,60,6,0,6,66
02/12/2012,MLI,IL,AGL,CE,Combined TRACON& Tower with Radar,9,36,16,0,61,0,0,14,0,14,9,36,30,0,75,16,0,16,91
02/13/2012,MLI,IL,AGL,CE,Combined TRACON& Tower with Radar,16,42,14,0,72,0,0,0,0,0,16,42,14,0,72,0,0,0,72
02/14/2012,MLI,IL,AGL,CE,Combined TRACON& Tower with Radar,12,40,29,0,81,0,0,2,0,2,12,40,31,0,83,0,0,0,83
02/15/2012,MLI,IL,AGL,CE,Combined TRACON& Tower with Radar,17,49,43,0,109,0,0,7,0,7,17,49,50,0,116,0,0,0,116
02/16/2012,MLI,IL,AGL,CE,Combined TRACON& Tower with Radar,14,45,20,1,80,0,0,16,1,17,14,45,36,2,97,8,0,8,105
02/17/2012,MLI,IL,AGL,CE,Combined TRACON& Tower with Radar,12,45,28,0,85,0,0,22,0,22,12,45,50,0,107,36,0,36,143
02/18/2012,MLI,IL,AGL,CE,Combined TRACON& Tower with Radar,11,31,10,0,52,0,0,22,0,22,11,31,32,0,74,64,0,64,138
02/19/2012,MLI,IL,AGL,CE,Combined TRACON& Tower with Radar,15,36,9,0,60,0,0,36,0,36,15,36,45,0,96,50,0,50,146
02/20/2012,MLI,IL,AGL,CE,Combined TRACON& Tower with Radar,13,41,15,0,69,0,0,9,0,9,13,41,24,0,78,46,0,46,124
02/21/2012,MLI,IL,AGL,CE,Combined TRACON& Tower with Radar,8,36,18,0,62,0,0,4,0,4,8,36,22,0,66,4,0,4,70
02/22/2012,MLI,IL,AGL,CE,Combined TRACON& Tower with Radar,13,49,20,0,82,0,0,9,0,9,13,49,29,0,91,34,0,34,125
02/23/2012,MLI,IL,AGL,CE,Combined TRACON& Tower with Radar,13,48,21,0,82,0,0,0,0,0,13,48,21,0,82,0,0,0,82
02/24/2012,MLI,IL,AGL,CE,Combined TRACON& Tower with Radar,13,34,15,0,62,0,0,3,0,3,13,34,18,0,65,0,0,0,65
02/25/2012,MLI,IL,AGL,CE,Combined TRACON& Tower with Radar,14,29,11,0,54,0,0,16,0,16,14,29,27,0,70,36,0,36,106
02/26/2012,MLI,IL,AGL,CE,Combined TRACON& Tower with Radar,10,39,4,2,55,0,0,6,0,6,10,39,10,2,61,10,0,10,71
02/27/2012,MLI,IL,AGL,CE,Combined TRACON& Tower with Radar,13,42,19,0,74,0,0,27,0,27,13,42,46,0,101,22,0,22,123
02/28/2012,MLI,IL,AGL,CE,Combined TRACON& Tower with Radar,11,51,20,14,96,0,0,17,0,17,11,51,37,14,113,20,8,28,141
02/29/2012,MLI,IL,AGL,CE,Combined TRACON& Tower with Radar,11,47,14,0,72,0,0,3,0,3,11,47,17,0,75,0,0,0,75
03/01/2012,MLI,IL,AGL,CE,Combined TRACON& Tower with Radar,14,50,26,14,104,0,0,15,0,15,14,50,41,14,119,16,4,20,139
03/02/2012,MLI,IL,AGL,CE,Combined TRACON& Tower with Radar,9,35,19,0,63,0,0,0,0,0,9,35,19,0,63,0,0,0,63
03/03/2012,MLI,IL,AGL,CE,Combined TRACON& Tower with Radar,12,29,6,0,47,0,0,4,0,4,12,29,10,0,51,0,0,0,51
03/04/2012,MLI,IL,AGL,CE,Combined TRACON& Tower with Radar,13,37,5,0,55,0,0,12,0,12,13,37,17,0,67,38,0,38,105
03/05/2012,MLI,IL,AGL,CE,Combined TRACON& Tower with Radar,13,39,23,0,75,0,0,34,0,34,13,39,57,0,109,50,0,50,159
03/06/2012,MLI,IL,AGL,CE,Combined TRACON& Tower with Radar,13,38,10,0,61,0,0,12,0,12,13,38,22,0,73,6,0,6,79
03/07/2012,MLI,IL,AGL,CE,Combined TRACON& Tower with Radar,22,33,7,0,62,0,0,3,0,3,22,33,10,0,65,0,0,0,65
03/08/2012,MLI,IL,AGL,CE,Combined TRACON& Tower with Radar,15,45,19,0,79,0,0,11,0,11,15,45,30,0,90,18,0,18,108
03/09/2012,MLI,IL,AGL,CE,Combined TRACON& Tower with Radar,18,39,27,0,84,0,0,33,0,33,18,39,60,0,117,0,0,0,117
03/10/2012,MLI,IL,AGL,CE,Combined TRACON& Tower with Radar,16,30,3,2,51,0,0,6,0,6,16,30,9,2,57,0,0,0,57
03/11/2012,MLI,IL,AGL,CE,Combined TRACON& Tower with Radar,13,35,13,0,61,0,0,15,0,15,13,35,28,0,76,14,0,14,90
03/12/2012,MLI,IL,AGL,CE,Combined TRACON& Tower with Radar,15,41,4,0,60,0,0,6,0,6,15,41,10,0,66,12,0,12,78
03/13/2012,MLI,IL,AGL,CE,Combined TRACON& Tower with Radar,15,38,25,0,78,0,1,30,0,31,15,39,55,0,109,58,0,58,167
03/14/2012,MLI,IL,AGL,CE,Combined TRACON& Tower with Radar,20,32,20,0,72,0,0,26,0,26,20,32,46,0,98,38,0,38,136
03/15/2012,MLI,IL,AGL,CE,Combined TRACON& Tower with Radar,17,43,10,2,72,0,0,15,1,16,17,43,25,3,88,30,0,30,118
03/16/2012,MLI,IL,AGL,CE,Combined TRACON& Tower with Radar,15,41,20,0,76,0,0,17,0,17,15,41,37,0,93,52,0,52,145
03/17/2012,MLI,IL,AGL,CE,Combined TRACON& Tower with Radar,16,30,16,0,62,0,0,35,0,35,16,30,51,0,97,46,0,46,143
03/18/2012,MLI,IL,AGL,CE,Combined TRACON& Tower with Radar,11,41,24,0,76,0,0,11,0,11,11,41,35,0,87,14,0,14,101
03/19/2012,MLI,IL,AGL,CE,Combined TRACON& Tower with Radar,15,34,32,0,81,0,0,1,1,2,15,34,33,1,83,10,0,10,93
03/20/2012,MLI,IL,AGL,CE,Combined TRACON& Tower with Radar,16,35,17,0,68,0,0,4,0,4,16,35,21,0,72,12,0,12,84
03/21/2012,MLI,IL,AGL,CE,Combined TRACON& Tower with Radar,21,34,17,0,72,0,0,8,0,8,21,34,25,0,80,14,0,14,94
03/22/2012,MLI,IL,AGL,CE,Combined TRACON& Tower with Radar,15,39,16,0,70,0,0,3,0,3,15,39,19,0,73,0,0,0,73
03/23/2012,MLI,IL,AGL,CE,Combined TRACON& Tower with Radar,18,44,22,0,84,0,0,2,0,2,18,44,24,0,86,0,0,0,86
03/24/2012,MLI,IL,AGL,CE,Combined TRACON& Tower with Radar,16,31,22,0,69,0,0,4,0,4,16,31,26,0,73,16,0,16,89
03/25/2012,MLI,IL,AGL,CE,Combined TRACON& Tower with Radar,13,39,10,0,62,0,0,31,2,33,13,39,41,2,95,60,0,60,155
03/26/2012,MLI,IL,AGL,CE,Combined TRACON& Tower with Radar,15,41,13,0,69,0,0,3,0,3,15,41,16,0,72,0,0,0,72
03/27/2012,MLI,IL,AGL,CE,Combined TRACON& Tower with Radar,15,41,27,1,84,0,0,5,0,5,15,41,32,1,89,8,0,8,97
03/28/2012,MLI,IL,AGL,CE,Combined TRACON& Tower with Radar,23,31,22,3,79,0,5,10,1,16,23,36,32,4,95,14,0,14,109
03/29/2012,MLI,IL,AGL,CE,Combined TRACON& Tower with Radar,21,40,20,0,81,0,0,13,0,13,21,40,33,0,94,26,0,26,120
03/30/2012,MLI,IL,AGL,CE,Combined TRACON& Tower with Radar,15,39,16,2,72,0,0,10,0,10,15,39,26,2,82,4,0,4,86
03/31/2012,MLI,IL,AGL,CE,Combined TRACON& Tower with Radar,17,33,38,0,88,0,0,15,0,15,17,33,53,0,103,32,0,32,135
04/01/2012,MLI,IL,AGL,CE,Combined TRACON& Tower with Radar,13,46,11,2,72,0,0,39,0,39,13,46,50,2,111,50,0,50,161
04/02/2012,MLI,IL,AGL,CE,Combined TRACON& Tower with Radar,6,51,21,0,78,0,0,2,0,2,6,51,23,0,80,4,0,4,84
04/03/2012,MLI,IL,AGL,CE,Combined TRACON& Tower with Radar,12,46,7,1,66,0,0,7,1,8,12,46,14,2,74,4,0,4,78
04/04/2012,MLI,IL,AGL,CE,Combined TRACON& Tower with Radar,12,47,15,1,75,0,0,9,0,9,12,47,24,1,84,0,0,0,84
04/05/2012,MLI,IL,AGL,CE,Combined TRACON& Tower with Radar,21,40,20,0,81,0,0,13,0,13,21,40,33,0,94,0,0,0,94
04/06/2012,MLI,IL,AGL,CE,Combined TRACON& Tower with Radar,9,46,10,0,65,0,0,27,1,28,9,46,37,1,93,30,0,30,123
04/07/2012,MLI,IL,AGL,CE,Combined TRACON& Tower with Radar,8,35,6,0,49,0,1,18,0,19,8,36,24,0,68,2,0,2,70
04/08/2012,MLI,IL,AGL,CE,Combined TRACON& Tower with Radar,9,40,14,0,63,0,0,17,0,17,9,40,31,0,80,6,0,6,86
04/09/2012,MLI,IL,AGL,CE,Combined TRACON& Tower with Radar,8,56,24,0,88,0,0,11,0,11,8,56,35,0,99,0,0,0,99
04/10/2012,MLI,IL,AGL,CE,Combined TRACON& Tower with Radar,13,50,33,0,96,0,0,8,0,8,13,50,41,0,104,3,0,3,107
04/11/2012,MLI,IL,AGL,CE,Combined TRACON& Tower with Radar,10,46,26,0,82,0,0,28,0,28,10,46,54,0,110,0,0,0,110
04/12/2012,MLI,IL,AGL,CE,Combined TRACON& Tower with Radar,14,45,30,0,89,0,0,21,0,21,14,45,51,0,110,68,0,68,178
04/13/2012,MLI,IL,AGL,CE,Combined TRACON& Tower with Radar,12,49,18,0,79,0,0,0,0,0,12,49,18,0,79,0,0,0,79
04/14/2012,MLI,IL,AGL,CE,Combined TRACON& Tower with Radar,7,32,20,0,59,0,1,0,0,1,7,33,20,0,60,20,0,20,80
04/15/2012,MLI,IL,AGL,CE,Combined TRACON& Tower with Radar,10,44,2,0,56,0,0,2,0,2,10,44,4,0,58,0,0,0,58
04/16/2012,MLI,IL,AGL,CE,Combined TRACON& Tower with Radar,12,47,17,0,76,0,0,5,0,5,12,47,22,0,81,0,0,0,81
04/17/2012,MLI,IL,AGL,CE,Combined TRACON& Tower with Radar,9,46,22,0,77,0,0,40,0,40,9,46,62,0,117,60,0,60,177
04/18/2012,MLI,IL,AGL,CE,Combined TRACON& Tower with Radar,10,51,26,0,87,0,0,12,0,12,10,51,38,0,99,66,0,66,165
04/19/2012,MLI,IL,AGL,CE,Combined TRACON& Tower with Radar,14,53,13,0,80,0,0,4,0,4,14,53,17,0,84,0,0,0,84
04/20/2012,MLI,IL,AGL,CE,Combined TRACON& Tower with Radar,12,48,24,0,84,0,0,3,0,3,12,48,27,0,87,0,0,0,87
04/21/2012,MLI,IL,AGL,CE,Combined TRACON& Tower with Radar,7,34,9,0,50,0,0,19,0,19,7,34,28,0,69,30,0,30,99
04/22/2012,MLI,IL,AGL,CE,Combined TRACON& Tower with Radar,11,47,20,0,78,0,0,13,0,13,11,47,33,0,91,0,0,0,91
04/23/2012,MLI,IL,AGL,CE,Combined TRACON& Tower with Radar,14,46,21,0,81,0,0,16,0,16,14,46,37,0,97,17,0,17,114
04/24/2012,MLI,IL,AGL,CE,Combined TRACON& Tower with Radar,13,46,34,0,93,0,0,27,0,27,13,46,61,0,120,2,0,2,122
04/25/2012,MLI,IL,AGL,CE,Combined TRACON& Tower with Radar,10,46,13,0,69,0,0,13,0,13,10,46,26,0,82,0,0,0,82
04/26/2012,MLI,IL,AGL,CE,Combined TRACON& Tower with Radar,14,46,35,0,95,0,0,23,0,23,14,46,58,0,118,0,0,0,118
04/27/2012,MLI,IL,AGL,CE,Combined TRACON& Tower with Radar,14,50,13,1,78,0,0,9,0,9,14,50,22,1,87,24,0,24,111
04/28/2012,MLI,IL,AGL,CE,Combined TRACON& Tower with Radar,7,32,14,0,53,0,0,0,0,0,7,32,14,0,53,6,0,6,59
04/29/2012,MLI,IL,AGL,CE,Combined TRACON& Tower with Radar,10,49,23,0,82,0,0,0,0,0,10,49,23,0,82,0,0,0,82
04/30/2012,MLI,IL,AGL,CE,Combined TRACON& Tower with Radar,12,47,16,0,75,0,0,5,0,5,12,47,21,0,80,4,0,4,84
05/01/2012,MLI,IL,AGL,CE,Combined TRACON& Tower with Radar,9,43,24,0,76,0,0,0,0,0,9,43,24,0,76,4,0,4,80
05/02/2012,MLI,IL,AGL,CE,Combined TRACON& Tower with Radar,11,45,12,0,68,0,0,11,0,11,11,45,23,0,79,22,0,22,101
05/03/2012,MLI,IL,AGL,CE,Combined TRACON& Tower with Radar,14,49,19,2,84,0,0,5,0,5,14,49,24,2,89,14,0,14,103
05/04/2012,MLI,IL,AGL,CE,Combined TRACON& Tower with Radar,12,43,22,0,77,0,0,16,0,16,12,43,38,0,93,12,0,12,105
05/05/2012,MLI,IL,AGL,CE,Combined TRACON& Tower with Radar,12,29,10,0,51,0,0,13,0,13,12,29,23,0,64,68,0,68,132
05/06/2012,MLI,IL,AGL,CE,Combined TRACON& Tower with Radar,11,40,8,0,59,0,0,3,0,3,11,40,11,0,62,0,0,0,62
05/07/2012,MLI,IL,AGL,CE,Combined TRACON& Tower with Radar,11,46,28,0,85,0,0,15,0,15,11,46,43,0,100,70,0,70,170
05/08/2012,MLI,IL,AGL,CE,Combined TRACON& Tower with Radar,10,55,18,0,83,0,0,16,0,16,10,55,34,0,99,22,0,22,121
05/09/2012,MLI,IL,AGL,CE,Combined TRACON& Tower with Radar,12,47,20,2,81,0,0,20,2,22,12,47,40,4,103,44,4,48,151
05/10/2012,MLI,IL,AGL,CE,Combined TRACON& Tower with Radar,13,46,30,2,91,0,0,36,0,36,13,46,66,2,127,12,0,12,139
05/11/2012,MLI,IL,AGL,CE,Combined TRACON& Tower with Radar,11,45,22,2,80,0,0,30,0,30,11,45,52,2,110,0,0,0,110
05/12/2012,MLI,IL,AGL,CE,Combined TRACON& Tower with Radar,11,30,8,0,49,0,0,17,0,17,11,30,25,0,66,0,0,0,66
05/13/2012,MLI,IL,AGL,CE,Combined TRACON& Tower with Radar,15,39,7,0,61,0,0,17,0,17,15,39,24,0,78,44,0,44,122
05/14/2012,MLI,IL,AGL,CE,Combined TRACON& Tower with Radar,10,45,18,0,73,0,0,33,0,33,10,45,51,0,106,56,0,56,162
05/15/2012,MLI,IL,AGL,CE,Combined TRACON& Tower with Radar,10,49,27,1,87,0,0,11,0,11,10,49,38,1,98,22,0,22,120
05/16/2012,MLI,IL,AGL,CE,Combined TRACON& Tower with Radar,10,43,25,0,78,0,0,25,0,25,10,43,50,0,103,8,0,8,111
05/17/2012,MLI,IL,AGL,CE,Combined TRACON& Tower with Radar,17,44,28,0,89,0,0,11,2,13,17,44,39,2,102,36,0,36,138
05/18/2012,MLI,IL,AGL,CE,Combined TRACON& Tower with Radar,11,43,13,0,67,0,0,26,0,26,11,43,39,0,93,46,0,46,139
05/19/2012,MLI,IL,AGL,CE,Combined TRACON& Tower with Radar,11,27,7,0,45,0,0,23,0,23,11,27,30,0,68,8,0,8,76
05/20/2012,MLI,IL,AGL,CE,Combined TRACON& Tower with Radar,19,40,15,0,74,0,0,10,0,10,19,40,25,0,84,0,0,0,84
05/21/2012,MLI,IL,AGL,CE,Combined TRACON& Tower with Radar,11,40,21,0,72,0,1,19,0,20,11,41,40,0,92,8,0,8,100
05/22/2012,MLI,IL,AGL,CE,Combined TRACON& Tower with Radar,12,44,29,2,87,0,0,46,0,46,12,44,75,2,133,108,0,108,241
05/23/2012,MLI,IL,AGL,CE,Combined TRACON& Tower with Radar,12,44,16,5,77,0,0,8,3,11,12,44,24,8,88,0,10,10,98
05/24/2012,MLI,IL,AGL,CE,Combined TRACON& Tower with Radar,19,51,21,0,91,0,0,0,0,0,19,51,21,0,91,0,0,0,91
05/25/2012,MLI,IL,AGL,CE,Combined TRACON& Tower with Radar,11,43,11,0,65,0,0,24,0,24,11,43,35,0,89,34,0,34,123
05/26/2012,MLI,IL,AGL,CE,Combined TRACON& Tower with Radar,9,30,6,0,45,0,0,11,0,11,9,30,17,0,56,0,0,0,56
05/27/2012,MLI,IL,AGL,CE,Combined TRACON& Tower with Radar,17,22,6,0,45,0,0,9,0,9,17,22,15,0,54,18,0,18,72
05/28/2012,MLI,IL,AGL,CE,Combined TRACON& Tower with Radar,13,39,1,0,53,0,0,4,0,4,13,39,5,0,57,0,0,0,57
05/29/2012,MLI,IL,AGL,CE,Combined TRACON& Tower with Radar,8,56,21,1,86,0,0,9,1,10,8,56,30,2,96,0,0,0,96
05/30/2012,MLI,IL,AGL,CE,Combined TRACON& Tower with Radar,13,41,37,0,91,0,0,17,0,17,13,41,54,0,108,8,0,8,116
05/31/2012,MLI,IL,AGL,CE,Combined TRACON& Tower with Radar,18,40,26,0,84,0,0,2,0,2,18,40,28,0,86,0,0,0,86
06/01/2012,MLI,IL,AGL,CE,Combined TRACON& Tower with Radar,12,50,23,0,85,0,0,18,0,18,12,50,41,0,103,30,0,30,133
06/02/2012,MLI,IL,AGL,CE,Combined TRACON& Tower with Radar,12,27,16,0,55,0,1,20,0,21,12,28,36,0,76,0,0,0,76
06/03/2012,MLI,IL,AGL,CE,Combined TRACON& Tower with Radar,18,42,21,0,81,0,0,26,0,26,18,42,47,0,107,50,0,50,157
06/04/2012,MLI,IL,AGL,CE,Combined TRACON& Tower with Radar,11,42,12,2,67,0,0,12,0,12,11,42,24,2,79,2,0,2,81
06/05/2012,MLI,IL,AGL,CE,Combined TRACON& Tower with Radar,10,45,23,3,81,0,0,32,1,33,10,45,55,4,114,18,0,18,132
06/06/2012,MLI,IL,AGL,CE,Combined TRACON& Tower with Radar,12,43,27,4,86,0,0,32,6,38,12,43,59,10,124,18,0,18,142
06/07/2012,MLI,IL,AGL,CE,Combined TRACON& Tower with Radar,19,39,34,0,92,1,1,20,0,22,20,40,54,0,114,12,0,12,126
06/08/2012,MLI,IL,AGL,CE,Combined TRACON& Tower with Radar,10,47,16,5,78,0,0,23,3,26,10,47,39,8,104,30,0,30,134
06/09/2012,MLI,IL,AGL,CE,Combined TRACON& Tower with Radar,7,41,10,0,58,0,0,16,2,18,7,41,26,2,76,18,0,18,94
06/10/2012,MLI,IL,AGL,CE,Combined TRACON& Tower with Radar,14,45,4,0,63,0,0,15,0,15,14,45,19,0,78,12,0,12,90
06/11/2012,MLI,IL,AGL,CE,Combined TRACON& Tower with Radar,9,52,19,0,80,0,0,20,0,20,9,52,39,0,100,16,0,16,116
06/12/2012,MLI,IL,AGL,CE,Combined TRACON& Tower with Radar,5,53,15,1,74,0,0,19,1,20,5,53,34,2,94,10,0,10,104
06/13/2012,MLI,IL,AGL,CE,Combined TRACON& Tower with Radar,9,47,12,2,70,0,0,17,4,21,9,47,29,6,91,30,0,30,121
06/14/2012,MLI,IL,AGL,CE,Combined TRACON& Tower with Radar,18,46,26,0,90,0,0,17,0,17,18,46,43,0,107,30,0,30,137
06/15/2012,MLI,IL,AGL,CE,Combined TRACON& Tower with Radar,10,49,35,0,94,0,0,26,0,26,10,49,61,0,120,10,0,10,130
06/16/2012,MLI,IL,AGL,CE,Combined TRACON& Tower with Radar,9,45,6,0,60,0,0,13,0,13,9,45,19,0,73,18,0,18,91
06/17/2012,MLI,IL,AGL,CE,Combined TRACON& Tower with Radar,16,52,13,0,81,0,0,20,0,20,16,52,33,0,101,44,0,44,145
06/18/2012,MLI,IL,AGL,CE,Combined TRACON& Tower with Radar,11,43,21,0,75,0,0,8,0,8,11,43,29,0,83,2,0,2,85
06/19/2012,MLI,IL,AGL,CE,Combined TRACON& Tower with Radar,7,56,29,0,92,0,0,7,2,9,7,56,36,2,101,4,0,4,105
06/20/2012,MLI,IL,AGL,CE,Combined TRACON& Tower with Radar,10,46,19,0,75,0,0,7,0,7,10,46,26,0,82,2,0,2,84
06/21/2012,MLI,IL,AGL,CE,Combined TRACON& Tower with Radar,18,50,36,2,106,0,0,20,0,20,18,50,56,2,126,20,0,20,146
06/22/2012,MLI,IL,AGL,CE,Combined TRACON& Tower with Radar,9,46,11,1,67,0,0,31,3,34,9,46,42,4,101,20,0,20,121
06/23/2012,MLI,IL,AGL,CE,Combined TRACON& Tower with Radar,7,42,13,0,62,0,0,24,0,24,7,42,37,0,86,24,0,24,110
06/24/2012,MLI,IL,AGL,CE,Combined TRACON& Tower with Radar,17,43,3,0,63,0,0,16,0,16,17,43,19,0,79,0,0,0,79
06/25/2012,MLI,IL,AGL,CE,Combined TRACON& Tower with Radar,9,46,17,0,72,0,0,10,0,10,9,46,27,0,82,22,0,22,104
06/26/2012,MLI,IL,AGL,CE,Combined TRACON& Tower with Radar,8,46,16,3,73,0,0,36,0,36,8,46,52,3,109,46,0,46,155
06/27/2012,MLI,IL,AGL,CE,Combined TRACON& Tower with Radar,7,49,16,2,74,0,0,1,5,6,7,49,17,7,80,0,0,0,80
06/28/2012,MLI,IL,AGL,CE,Combined TRACON& Tower with Radar,19,47,16,2,84,0,0,3,0,3,19,47,19,2,87,0,0,0,87
06/29/2012,MLI,IL,AGL,CE,Combined TRACON& Tower with Radar,9,48,20,2,79,0,0,11,0,11,9,48,31,2,90,0,0,0,90
06/30/2012,MLI,IL,AGL,CE,Combined TRACON& Tower with Radar,9,40,11,0,60,0,0,14,0,14,9,40,25,0,74,0,0,0,74
07/01/2012,MLI,IL,AGL,CE,Combined TRACON& Tower with Radar,18,40,13,0,71,0,0,14,0,14,18,40,27,0,85,16,0,16,101
07/02/2012,MLI,IL,AGL,CE,Combined TRACON& Tower with Radar,11,43,16,0,70,0,0,29,0,29,11,43,45,0,99,18,0,18,117
07/03/2012,MLI,IL,AGL,CE,Combined TRACON& Tower with Radar,14,34,16,0,64,0,0,36,0,36,14,34,52,0,100,30,0,30,130
07/04/2012,MLI,IL,AGL,CE,Combined TRACON& Tower with Radar,10,24,7,0,41,0,0,10,0,10,10,24,17,0,51,8,0,8,59
07/05/2012,MLI,IL,AGL,CE,Combined TRACON& Tower with Radar,18,34,6,0,58,0,0,10,0,10,18,34,16,0,68,6,0,6,74
07/06/2012,MLI,IL,AGL,CE,Combined TRACON& Tower with Radar,10,39,8,6,63,0,0,20,0,20,10,39,28,6,83,3,3,6,89
07/07/2012,MLI,IL,AGL,CE,Combined TRACON& Tower with Radar,9,40,6,0,55,0,1,32,0,33,9,41,38,0,88,32,0,32,120
07/08/2012,MLI,IL,AGL,CE,Combined TRACON& Tower with Radar,18,50,20,0,88,0,0,14,0,14,18,50,34,0,102,4,0,4,106
07/09/2012,MLI,IL,AGL,CE,Combined TRACON& Tower with Radar,6,44,33,2,85,0,0,13,1,14,6,44,46,3,99,12,0,12,111
07/10/2012,MLI,IL,AGL,CE,Combined TRACON& Tower with Radar,6,38,27,2,73,0,0,6,0,6,6,38,33,2,79,0,12,12,91
07/11/2012,MLI,IL,AGL,CE,Combined TRACON& Tower with Radar,10,48,19,0,77,0,0,24,0,24,10,48,43,0,101,8,0,8,109
07/12/2012,MLI,IL,AGL,CE,Combined TRACON& Tower with Radar,18,49,42,0,109,0,0,54,0,54,18,49,96,0,163,26,0,26,189
07/13/2012,MLI,IL,AGL,CE,Combined TRACON& Tower with Radar,9,43,17,3,72,0,0,10,0,10,9,43,27,3,82,0,0,0,82
07/14/2012,MLI,IL,AGL,CE,Combined TRACON& Tower with Radar,10,42,14,0,66,0,2,32,1,35,10,44,46,1,101,18,0,18,119
07/15/2012,MLI,IL,AGL,CE,Combined TRACON& Tower with Radar,19,59,14,0,92,0,0,20,0,20,19,59,34,0,112,14,0,14,126
07/16/2012,MLI,IL,AGL,CE,Combined TRACON& Tower with Radar,9,48,26,0,83,0,0,25,2,27,9,48,51,2,110,8,0,8,118
07/17/2012,MLI,IL,AGL,CE,Combined TRACON& Tower with Radar,10,51,25,1,87,0,0,23,2,25,10,51,48,3,112,20,0,20,132
07/18/2012,MLI,IL,AGL,CE,Combined TRACON& Tower with Radar,9,48,26,7,90,0,0,17,0,17,9,48,43,7,107,16,8,24,131
07/19/2012,MLI,IL,AGL,CE,Combined TRACON& Tower with Radar,16,50,18,0,84,0,0,15,2,17,16,50,33,2,101,24,0,24,125
07/20/2012,MLI,IL,AGL,CE,Combined TRACON& Tower with Radar,12,42,19,0,73,0,0,10,0,10,12,42,29,0,83,18,0,18,101
07/21/2012,MLI,IL,AGL,CE,Combined TRACON& Tower with Radar,9,40,6,0,55,0,1,32,0,33,9,41,38,0,88,24,0,24,112
07/22/2012,MLI,IL,AGL,CE,Combined TRACON& Tower with Radar,18,45,16,0,79,0,0,15,0,15,18,45,31,0,94,0,0,0,94
07/23/2012,MLI,IL,AGL,CE,Combined TRACON& Tower with Radar,8,49,26,2,85,0,0,7,0,7,8,49,33,2,92,24,0,24,116
07/24/2012,MLI,IL,AGL,CE,Combined TRACON& Tower with Radar,8,52,30,0,90,0,0,16,0,16,8,52,46,0,106,22,0,22,128
07/25/2012,MLI,IL,AGL,CE,Combined TRACON& Tower with Radar,11,47,8,0,66,0,0,12,0,12,11,47,20,0,78,2,0,2,80
07/26/2012,MLI,IL,AGL,CE,Combined TRACON& Tower with Radar,17,45,18,0,80,0,0,7,0,7,17,45,25,0,87,0,0,0,87
07/27/2012,MLI,IL,AGL,CE,Combined TRACON& Tower with Radar,11,43,22,2,78,0,0,18,2,20,11,43,40,4,98,34,0,34,132
07/28/2012,MLI,IL,AGL,CE,Combined TRACON& Tower with Radar,9,40,10,0,59,0,0,30,0,30,9,40,40,0,89,20,0,20,109
07/29/2012,MLI,IL,AGL,CE,Combined TRACON& Tower with Radar,18,43,6,0,67,0,0,18,0,18,18,43,24,0,85,34,0,34,119
07/30/2012,MLI,IL,AGL,CE,Combined TRACON& Tower with Radar,12,43,26,4,85,0,0,26,0,26,12,43,52,4,111,32,0,32,143
07/31/2012,MLI,IL,AGL,CE,Combined TRACON& Tower with Radar,10,50,31,0,91,0,0,18,3,21,10,50,49,3,112,42,0,42,154
08/01/2012,MLI,IL,AGL,CE,Combined TRACON& Tower with Radar,7,46,13,4,70,0,0,21,0,21,7,46,34,4,91,28,0,28,119
08/02/2012,MLI,IL,AGL,CE,Combined TRACON& Tower with Radar,20,44,39,2,105,0,0,22,0,22,20,44,61,2,127,14,0,14,141
08/03/2012,MLI,IL,AGL,CE,Combined TRACON& Tower with Radar,12,40,32,2,86,0,0,10,0,10,12,40,42,2,96,8,0,8,104
08/04/2012,MLI,IL,AGL,CE,Combined TRACON& Tower with Radar,13,40,4,1,58,0,0,26,0,26,13,40,30,1,84,14,0,14,98
08/05/2012,MLI,IL,AGL,CE,Combined TRACON& Tower with Radar,16,41,26,1,84,0,0,14,0,14,16,41,40,1,98,52,0,52,150
08/06/2012,MLI,IL,AGL,CE,Combined TRACON& Tower with Radar,10,44,22,0,76,0,0,25,0,25,10,44,47,0,101,6,0,6,107
08/07/2012,MLI,IL,AGL,CE,Combined TRACON& Tower with Radar,10,43,24,1,78,0,0,11,3,14,10,43,35,4,92,32,0,32,124
08/08/2012,MLI,IL,AGL,CE,Combined TRACON& Tower with Radar,8,45,21,0,74,0,0,10,0,10,8,45,31,0,84,0,0,0,84
08/09/2012,MLI,IL,AGL,CE,Combined TRACON& Tower with Radar,16,43,18,0,77,0,0,13,0,13,16,43,31,0,90,28,0,28,118
08/10/2012,MLI,IL,AGL,CE,Combined TRACON& Tower with Radar,12,43,31,0,86,0,0,21,1,22,12,43,52,1,108,16,0,16,124
08/11/2012,MLI,IL,AGL,CE,Combined TRACON& Tower with Radar,10,38,9,0,57,0,0,26,2,28,10,38,35,2,85,20,0,20,105
08/12/2012,MLI,IL,AGL,CE,Combined TRACON& Tower with Radar,16,44,21,2,83,0,0,6,0,6,16,44,27,2,89,0,0,0,89
08/13/2012,MLI,IL,AGL,CE,Combined TRACON& Tower with Radar,14,44,30,0,88,0,0,4,0,4,14,44,34,0,92,34,0,34,126
08/14/2012,MLI,IL,AGL,CE,Combined TRACON& Tower with Radar,7,48,23,1,79,0,0,24,0,24,7,48,47,1,103,42,0,42,145
08/15/2012,MLI,IL,AGL,CE,Combined TRACON& Tower with Radar,6,53,23,6,88,0,0,3,6,9,6,53,26,12,97,0,0,0,97
08/16/2012,MLI,IL,AGL,CE,Combined TRACON& Tower with Radar,13,50,30,2,95,0,0,5,0,5,13,50,35,2,100,28,0,28,128
08/17/2012,MLI,IL,AGL,CE,Combined TRACON& Tower with Radar,5,47,32,0,84,0,0,22,0,22,5,47,54,0,106,4,0,4,110
08/18/2012,MLI,IL,AGL,CE,Combined TRACON& Tower with Radar,8,32,12,0,52,0,0,38,0,38,8,32,50,0,90,0,0,0,90
08/19/2012,MLI,IL,AGL,CE,Combined TRACON& Tower with Radar,14,46,12,0,72,0,0,18,0,18,14,46,30,0,90,16,0,16,106
08/20/2012,MLI,IL,AGL,CE,Combined TRACON& Tower with Radar,5,51,17,0,73,0,0,22,0,22,5,51,39,0,95,38,0,38,133
08/21/2012,MLI,IL,AGL,CE,Combined TRACON& Tower with Radar,7,50,21,0,78,0,0,25,0,25,7,50,46,0,103,26,0,26,129
08/22/2012,MLI,IL,AGL,CE,Combined TRACON& Tower with Radar,6,55,24,0,85,0,0,20,0,20,6,55,44,0,105,12,0,12,117
08/23/2012,MLI,IL,AGL,CE,Combined TRACON& Tower with Radar,12,53,19,3,87,0,0,29,1,30,12,53,48,4,117,0,0,0,117
08/24/2012,MLI,IL,AGL,CE,Combined TRACON& Tower with Radar,4,53,17,0,74,0,0,15,0,15,4,53,32,0,89,0,0,0,89
08/25/2012,MLI,IL,AGL,CE,Combined TRACON& Tower with Radar,9,27,8,1,45,0,0,16,1,17,9,27,24,2,62,6,0,6,68
08/26/2012,MLI,IL,AGL,CE,Combined TRACON& Tower with Radar,11,50,10,0,71,0,0,1,0,1,11,50,11,0,72,0,0,0,72
08/27/2012,MLI,IL,AGL,CE,Combined TRACON& Tower with Radar,6,56,15,0,77,0,1,8,0,9,6,57,23,0,86,0,0,0,86
08/28/2012,MLI,IL,AGL,CE,Combined TRACON& Tower with Radar,9,53,22,0,84,0,0,33,0,33,9,53,55,0,117,24,0,24,141
08/29/2012,MLI,IL,AGL,CE,Combined TRACON& Tower with Radar,8,53,16,1,78,0,0,32,0,32,8,53,48,1,110,20,0,20,130
08/30/2012,MLI,IL,AGL,CE,Combined TRACON& Tower with Radar,18,46,24,4,92,0,0,23,4,27,18,46,47,8,119,28,14,42,161
08/31/2012,MLI,IL,AGL,CE,Combined TRACON& Tower with Radar,10,52,26,3,91,0,0,17,4,21,10,52,43,7,112,22,20,42,154
09/01/2012,MLI,IL,AGL,CE,Combined TRACON& Tower with Radar,6,31,9,1,47,0,0,1,0,1,6,31,10,1,48,0,0,0,48
09/02/2012,MLI,IL,AGL,CE,Combined TRACON& Tower with Radar,14,23,9,2,48,0,0,11,2,13,14,23,20,4,61,0,0,0,61
09/03/2012,MLI,IL,AGL,CE,Combined TRACON& Tower with Radar,5,38,16,3,62,0,0,29,0,29,5,38,45,3,91,14,0,14,105
09/04/2012,MLI,IL,AGL,CE,Combined TRACON& Tower with Radar,7,52,19,0,78,0,0,16,0,16,7,52,35,0,94,20,0,20,114
09/05/2012,MLI,IL,AGL,CE,Combined TRACON& Tower with Radar,12,47,14,1,74,0,0,11,0,11,12,47,25,1,85,0,0,0,85
09/06/2012,MLI,IL,AGL,CE,Combined TRACON& Tower with Radar,20,47,28,2,97,0,0,30,0,30,20,47,58,2,127,22,0,22,149
09/07/2012,MLI,IL,AGL,CE,Combined TRACON& Tower with Radar,9,43,25,2,79,0,0,9,0,9,9,43,34,2,88,40,0,40,128
09/08/2012,MLI,IL,AGL,CE,Combined TRACON& Tower with Radar,11,28,9,2,50,0,0,28,0,28,11,28,37,2,78,16,0,16,94
09/09/2012,MLI,IL,AGL,CE,Combined TRACON& Tower with Radar,18,45,12,0,75,0,1,25,0,26,18,46,37,0,101,36,0,36,137
09/10/2012,MLI,IL,AGL,CE,Combined TRACON& Tower with Radar,11,39,19,2,71,0,0,22,0,22,11,39,41,2,93,28,0,28,121
09/11/2012,MLI,IL,AGL,CE,Combined TRACON& Tower with Radar,10,44,13,1,68,0,0,21,0,21,10,44,34,1,89,0,0,0,89
09/12/2012,MLI,IL,AGL,CE,Combined TRACON& Tower with Radar,10,43,22,9,84,0,0,24,0,24,10,43,46,9,108,50,12,62,170
09/13/2012,MLI,IL,AGL,CE,Combined TRACON& Tower with Radar,19,41,35,4,99,0,0,13,0,13,19,41,48,4,112,0,0,0,112
09/14/2012,MLI,IL,AGL,CE,Combined TRACON& Tower with Radar,11,52,24,2,89,0,0,27,2,29,11,52,51,4,118,16,0,16,134
09/15/2012,MLI,IL,AGL,CE,Combined TRACON& Tower with Radar,11,31,10,0,52,0,0,17,0,17,11,31,27,0,69,20,0,20,89
09/16/2012,MLI,IL,AGL,CE,Combined TRACON& Tower with Radar,16,40,21,2,79,0,0,17,0,17,16,40,38,2,96,48,0,48,144
09/17/2012,MLI,IL,AGL,CE,Combined TRACON& Tower with Radar,13,42,36,2,93,0,0,1,2,3,13,42,37,4,96,0,0,0,96
09/18/2012,MLI,IL,AGL,CE,Combined TRACON& Tower with Radar,10,42,21,1,74,0,0,17,0,17,10,42,38,1,91,10,0,10,101
09/19/2012,MLI,IL,AGL,CE,Combined TRACON& Tower with Radar,14,49,21,0,84,0,0,7,0,7,14,49,28,0,91,2,0,2,93
09/20/2012,MLI,IL,AGL,CE,Combined TRACON& Tower with Radar,23,45,26,0,94,0,0,32,0,32,23,45,58,0,126,22,0,22,148
09/21/2012,MLI,IL,AGL,CE,Combined TRACON& Tower with Radar,10,41,41,4,96,0,1,13,0,14,10,42,54,4,110,24,0,24,134
09/22/2012,MLI,IL,AGL,CE,Combined TRACON& Tower with Radar,11,28,9,0,48,0,0,16,0,16,11,28,25,0,64,16,0,16,80
09/23/2012,MLI,IL,AGL,CE,Combined TRACON& Tower with Radar,16,41,18,0,75,0,0,33,0,33,16,41,51,0,108,24,0,24,132
09/24/2012,MLI,IL,AGL,CE,Combined TRACON& Tower with Radar,10,43,26,0,79,0,0,11,0,11,10,43,37,0,90,34,0,34,124
09/25/2012,MLI,IL,AGL,CE,Combined TRACON& Tower with Radar,9,48,24,8,89,0,0,17,0,17,9,48,41,8,106,46,4,50,156
09/26/2012,MLI,IL,AGL,CE,Combined TRACON& Tower with Radar,12,42,33,0,87,0,0,17,0,17,12,42,50,0,104,22,0,22,126
09/27/2012,MLI,IL,AGL,CE,Combined TRACON& Tower with Radar,20,51,31,0,102,0,0,17,0,17,20,51,48,0,119,54,0,54,173
09/28/2012,MLI,IL,AGL,CE,Combined TRACON& Tower with Radar,10,46,10,2,68,0,0,13,0,13,10,46,23,2,81,0,0,0,81
09/29/2012,MLI,IL,AGL,CE,Combined TRACON& Tower with Radar,10,27,5,0,42,0,0,11,0,11,10,27,16,0,53,0,0,0,53
09/30/2012,MLI,IL,AGL,CE,Combined TRACON& Tower with Radar,20,37,22,0,79,0,0,18,0,18,20,37,40,0,97,0,0,0,97
10/01/2012,MLI,IL,AGL,CE,Combined TRACON& Tower with Radar,12,40,27,0,79,0,0,14,2,16,12,40,41,2,95,54,0,54,149
10/02/2012,MLI,IL,AGL,CE,Combined TRACON& Tower with Radar,11,41,28,0,80,0,0,24,0,24,11,41,52,0,104,48,0,48,152
10/03/2012,MLI,IL,AGL,CE,Combined TRACON& Tower with Radar,10,42,14,0,66,0,0,16,0,16,10,42,30,0,82,22,0,22,104
10/04/2012,MLI,IL,AGL,CE,Combined TRACON& Tower with Radar,16,48,18,2,84,0,0,8,0,8,16,48,26,2,92,16,0,16,108
10/05/2012,MLI,IL,AGL,CE,Combined TRACON& Tower with Radar,11,46,29,0,86,0,0,20,0,20,11,46,49,0,106,0,0,0,106
10/06/2012,MLI,IL,AGL,CE,Combined TRACON& Tower with Radar,12,29,13,0,54,0,0,4,0,4,12,29,17,0,58,12,0,12,70
10/07/2012,MLI,IL,AGL,CE,Combined TRACON& Tower with Radar,18,40,16,0,74,0,0,28,0,28,18,40,44,0,102,0,0,0,102
10/08/2012,MLI,IL,AGL,CE,Combined TRACON& Tower with Radar,10,40,13,0,63,0,0,13,0,13,10,40,26,0,76,18,0,18,94
10/09/2012,MLI,IL,AGL,CE,Combined TRACON& Tower with Radar,12,42,14,0,68,0,0,7,0,7,12,42,21,0,75,0,0,0,75
10/10/2012,MLI,IL,AGL,CE,Combined TRACON& Tower with Radar,10,47,26,4,87,0,0,28,2,30,10,47,54,6,117,58,0,58,175
10/11/2012,MLI,IL,AGL,CE,Combined TRACON& Tower with Radar,18,46,22,0,86,0,0,16,0,16,18,46,38,0,102,44,0,44,146
10/12/2012,MLI,IL,AGL,CE,Combined TRACON& Tower with Radar,9,47,21,1,78,0,0,20,1,21,9,47,41,2,99,14,0,14,113
10/13/2012,MLI,IL,AGL,CE,Combined TRACON& Tower with Radar,10,31,6,0,47,0,0,0,0,0,10,31,6,0,47,0,0,0,47
10/14/2012,MLI,IL,AGL,CE,Combined TRACON& Tower with Radar,20,44,13,1,78,0,0,0,0,0,20,44,13,1,78,0,0,0,78
10/15/2012,MLI,IL,AGL,CE,Combined TRACON& Tower with Radar,11,42,26,2,81,0,0,24,0,24,11,42,50,2,105,72,0,72,177
10/16/2012,MLI,IL,AGL,CE,Combined TRACON& Tower with Radar,12,43,16,0,71,0,0,17,0,17,12,43,33,0,88,20,0,20,108
10/17/2012,MLI,IL,AGL,CE,Combined TRACON& Tower with Radar,9,48,8,1,66,0,0,3,0,3,9,48,11,1,69,20,0,20,89
10/18/2012,MLI,IL,AGL,CE,Combined TRACON& Tower with Radar,18,46,26,4,94,0,0,1,0,1,18,46,27,4,95,4,0,4,99
10/19/2012,MLI,IL,AGL,CE,Combined TRACON& Tower with Radar,8,45,26,0,79,0,0,1,0,1,8,45,27,0,80,0,0,0,80
10/20/2012,MLI,IL,AGL,CE,Combined TRACON& Tower with Radar,7,34,33,0,74,0,0,3,0,3,7,34,36,0,77,0,0,0,77
10/21/2012,MLI,IL,AGL,CE,Combined TRACON& Tower with Radar,16,42,21,4,83,0,0,23,2,25,16,42,44,6,108,8,22,30,138
10/22/2012,MLI,IL,AGL,CE,Combined TRACON& Tower with Radar,10,42,25,1,78,0,0,2,1,3,10,42,27,2,81,0,0,0,81
10/23/2012,MLI,IL,AGL,CE,Combined TRACON& Tower with Radar,13,46,26,1,86,0,0,9,0,9,13,46,35,1,95,42,0,42,137
10/24/2012,MLI,IL,AGL,CE,Combined TRACON& Tower with Radar,11,44,10,5,70,0,0,3,4,7,11,44,13,9,77,8,0,8,85
10/25/2012,MLI,IL,AGL,CE,Combined TRACON& Tower with Radar,18,44,11,0,73,0,0,4,0,4,18,44,15,0,77,0,0,0,77
10/26/2012,MLI,IL,AGL,CE,Combined TRACON& Tower with Radar,10,49,29,1,89,0,0,15,1,16,10,49,44,2,105,68,0,68,173
10/27/2012,MLI,IL,AGL,CE,Combined TRACON& Tower with Radar,8,31,7,0,46,0,0,23,0,23,8,31,30,0,69,42,0,42,111
10/28/2012,MLI,IL,AGL,CE,Combined TRACON& Tower with Radar,16,44,16,2,78,0,0,21,0,21,16,44,37,2,99,40,0,40,139
10/29/2012,MLI,IL,AGL,CE,Combined TRACON& Tower with Radar,9,47,17,2,75,0,1,33,0,34,9,48,50,2,109,66,0,66,175
10/30/2012,MLI,IL,AGL,CE,Combined TRACON& Tower with Radar,12,33,19,2,66,0,0,14,2,16,12,33,33,4,82,22,0,22,104
10/31/2012,MLI,IL,AGL,CE,Combined TRACON& Tower with Radar,8,38,22,4,72,0,0,13,2,15,8,38,35,6,87,6,0,6,93
11/01/2012,MLI,IL,AGL,CE,Combined TRACON& Tower with Radar,13,33,18,6,70,0,3,8,0,11,13,36,26,6,81,38,0,38,119
11/02/2012,MLI,IL,AGL,CE,Combined TRACON& Tower with Radar,11,42,11,2,66,0,0,21,0,21,11,42,32,2,87,70,0,70,157
11/03/2012,MLI,IL,AGL,CE,Combined TRACON& Tower with Radar,9,30,8,0,47,0,0,25,0,25,9,30,33,0,72,0,0,0,72
11/04/2012,MLI,IL,AGL,CE,Combined TRACON& Tower with Radar,16,39,11,0,66,0,0,13,0,13,16,39,24,0,79,22,0,22,101
11/05/2012,MLI,IL,AGL,CE,Combined TRACON& Tower with Radar,11,40,14,0,65,0,0,13,0,13,11,40,27,0,78,14,0,14,92
11/06/2012,MLI,IL,AGL,CE,Combined TRACON& Tower with Radar,9,40,15,0,64,0,0,0,0,0,9,40,15,0,64,0,0,0,64
11/07/2012,MLI,IL,AGL,CE,Combined TRACON& Tower with Radar,12,42,24,0,78,0,0,7,0,7,12,42,31,0,85,70,0,70,155
11/08/2012,MLI,IL,AGL,CE,Combined TRACON& Tower with Radar,22,40,32,8,102,0,0,19,0,19,22,40,51,8,121,0,0,0,121
11/09/2012,MLI,IL,AGL,CE,Combined TRACON& Tower with Radar,12,41,23,0,76,0,0,25,0,25,12,41,48,0,101,10,0,10,111
11/10/2012,MLI,IL,AGL,CE,Combined TRACON& Tower with Radar,13,31,6,0,50,0,0,6,0,6,13,31,12,0,56,14,0,14,70
11/11/2012,MLI,IL,AGL,CE,Combined TRACON& Tower with Radar,14,43,2,0,59,0,0,2,0,2,14,43,4,0,61,0,0,0,61
11/12/2012,MLI,IL,AGL,CE,Combined TRACON& Tower with Radar,11,39,22,0,72,0,0,12,0,12,11,39,34,0,84,16,0,16,100
11/13/2012,MLI,IL,AGL,CE,Combined TRACON& Tower with Radar,8,40,27,1,76,0,0,11,1,12,8,40,38,2,88,30,0,30,118
11/14/2012,MLI,IL,AGL,CE,Combined TRACON& Tower with Radar,10,42,34,0,86,0,0,29,0,29,10,42,63,0,115,28,0,28,143
11/15/2012,MLI,IL,AGL,CE,Combined TRACON& Tower with Radar,17,41,24,0,82,0,0,16,0,16,17,41,40,0,98,6,0,6,104
11/16/2012,MLI,IL,AGL,CE,Combined TRACON& Tower with Radar,10,46,15,0,71,0,0,26,0,26,10,46,41,0,97,20,0,20,117
11/17/2012,MLI,IL,AGL,CE,Combined TRACON& Tower with Radar,12,27,7,0,46,0,0,36,0,36,12,27,43,0,82,12,0,12,94
11/18/2012,MLI,IL,AGL,CE,Combined TRACON& Tower with Radar,17,32,11,0,60,0,2,21,0,23,17,34,32,0,83,8,0,8,91
11/19/2012,MLI,IL,AGL,CE,Combined TRACON& Tower with Radar,10,32,9,0,51,0,0,7,0,7,10,32,16,0,58,0,0,0,58
11/20/2012,MLI,IL,AGL,CE,Combined TRACON& Tower with Radar,10,33,13,4,60,0,0,15,0,15,10,33,28,4,75,32,0,32,107
11/21/2012,MLI,IL,AGL,CE,Combined TRACON& Tower with Radar,15,35,25,0,75,0,0,9,0,9,15,35,34,0,84,24,0,24,108
11/22/2012,MLI,IL,AGL,CE,Combined TRACON& Tower with Radar,11,21,6,0,38,0,0,4,0,4,11,21,10,0,42,0,0,0,42
11/23/2012,MLI,IL,AGL,CE,Combined TRACON& Tower with Radar,8,24,8,1,41,0,0,2,0,2,8,24,10,1,43,0,0,0,43
11/24/2012,MLI,IL,AGL,CE,Combined TRACON& Tower with Radar,11,30,22,0,63,0,0,17,0,17,11,30,39,0,80,10,0,10,90
11/25/2012,MLI,IL,AGL,CE,Combined TRACON& Tower with Radar,16,37,28,0,81,0,0,20,0,20,16,37,48,0,101,0,0,0,101
11/26/2012,MLI,IL,AGL,CE,Combined TRACON& Tower with Radar,9,42,6,0,57,0,0,9,0,9,9,42,15,0,66,6,0,6,72
11/27/2012,MLI,IL,AGL,CE,Combined TRACON& Tower with Radar,13,38,34,0,85,0,0,10,0,10,13,38,44,0,95,0,0,0,95
11/28/2012,MLI,IL,AGL,CE,Combined TRACON& Tower with Radar,14,36,13,0,63,0,0,20,0,20,14,36,33,0,83,18,0,18,101
11/29/2012,MLI,IL,AGL,CE,Combined TRACON& Tower with Radar,20,35,25,2,82,0,0,15,0,15,20,35,40,2,97,12,0,12,109
11/30/2012,MLI,IL,AGL,CE,Combined TRACON& Tower with Radar,14,37,17,0,68,0,0,18,0,18,14,37,35,0,86,20,0,20,106
12/01/2012,MLI,IL,AGL,CE,Combined TRACON& Tower with Radar,12,25,27,3,67,0,2,5,0,7,12,27,32,3,74,6,14,20,94
12/02/2012,MLI,IL,AGL,CE,Combined TRACON& Tower with Radar,23,36,25,2,86,0,0,1,0,1,23,36,26,2,87,0,0,0,87
12/03/2012,MLI,IL,AGL,CE,Combined TRACON& Tower with Radar,15,36,16,4,71,0,0,5,0,5,15,36,21,4,76,0,4,4,80
12/04/2012,MLI,IL,AGL,CE,Combined TRACON& Tower with Radar,14,43,23,2,82,0,0,16,0,16,14,43,39,2,98,54,0,54,152
12/05/2012,MLI,IL,AGL,CE,Combined TRACON& Tower with Radar,14,39,14,1,68,0,0,30,1,31,14,39,44,2,99,42,0,42,141
12/06/2012,MLI,IL,AGL,CE,Combined TRACON& Tower with Radar,22,35,31,2,90,0,0,17,0,17,22,35,48,2,107,24,0,24,131
12/07/2012,MLI,IL,AGL,CE,Combined TRACON& Tower with Radar,11,39,27,0,77,0,0,4,0,4,11,39,31,0,81,0,0,0,81
12/08/2012,MLI,IL,AGL,CE,Combined TRACON& Tower with Radar,12,25,12,0,49,0,0,2,0,2,12,25,14,0,51,8,0,8,59
12/09/2012,MLI,IL,AGL,CE,Combined TRACON& Tower with Radar,22,32,10,1,65,0,0,0,0,0,22,32,10,1,65,0,0,0,65
12/10/2012,MLI,IL,AGL,CE,Combined TRACON& Tower with Radar,10,34,15,0,59,0,0,1,0,1,10,34,16,0,60,0,0,0,60
12/11/2012,MLI,IL,AGL,CE,Combined TRACON& Tower with Radar,14,34,34,0,82,0,0,16,0,16,14,34,50,0,98,8,0,8,106
12/12/2012,MLI,IL,AGL,CE,Combined TRACON& Tower with Radar,12,35,23,0,70,0,0,10,0,10,12,35,33,0,80,44,0,44,124
12/13/2012,MLI,IL,AGL,CE,Combined TRACON& Tower with Radar,21,41,15,2,79,0,0,14,0,14,21,41,29,2,93,10,0,10,103
12/14/2012,MLI,IL,AGL,CE,Combined TRACON& Tower with Radar,12,39,14,2,67,0,0,17,0,17,12,39,31,2,84,4,0,4,88
12/15/2012,MLI,IL,AGL,CE,Combined TRACON& Tower with Radar,10,23,7,0,40,0,0,1,0,1,10,23,8,0,41,0,0,0,41
12/16/2012,MLI,IL,AGL,CE,Combined TRACON& Tower with Radar,22,30,5,0,57,0,0,4,0,4,22,30,9,0,61,0,0,0,61
12/17/2012,MLI,IL,AGL,CE,Combined TRACON& Tower with Radar,12,36,22,0,70,0,0,0,0,0,12,36,22,0,70,0,0,0,70
12/18/2012,MLI,IL,AGL,CE,Combined TRACON& Tower with Radar,14,32,29,0,75,0,0,2,0,2,14,32,31,0,77,12,0,12,89
12/19/2012,MLI,IL,AGL,CE,Combined TRACON& Tower with Radar,6,39,19,0,64,0,0,0,0,0,6,39,19,0,64,0,0,0,64
12/20/2012,MLI,IL,AGL,CE,Combined TRACON& Tower with Radar,2,7,2,0,11,0,0,0,0,0,2,7,2,0,11,0,0,0,11
12/21/2012,MLI,IL,AGL,CE,Combined TRACON& Tower with Radar,16,42,28,0,86,0,0,15,0,15,16,42,43,0,101,4,0,4,105
12/22/2012,MLI,IL,AGL,CE,Combined TRACON& Tower with Radar,10,28,10,0,48,0,0,23,0,23,10,28,33,0,71,26,0,26,97
12/23/2012,MLI,IL,AGL,CE,Combined TRACON& Tower with Radar,17,28,5,0,50,0,0,6,0,6,17,28,11,0,56,0,0,0,56
12/24/2012,MLI,IL,AGL,CE,Combined TRACON& Tower with Radar,14,26,2,0,42,0,0,0,0,0,14,26,2,0,42,0,0,0,42
12/25/2012,MLI,IL,AGL,CE,Combined TRACON& Tower with Radar,7,25,0,0,32,0,0,2,0,2,7,25,2,0,34,0,0,0,34
12/26/2012,MLI,IL,AGL,CE,Combined TRACON& Tower with Radar,9,30,10,0,49,0,0,2,0,2,9,30,12,0,51,0,0,0,51
12/27/2012,MLI,IL,AGL,CE,Combined TRACON& Tower with Radar,18,33,10,0,61,0,0,6,0,6,18,33,16,0,67,0,0,0,67
12/28/2012,MLI,IL,AGL,CE,Combined TRACON& Tower with Radar,12,34,21,0,67,0,0,1,0,1,12,34,22,0,68,0,0,0,68
12/29/2012,MLI,IL,AGL,CE,Combined TRACON& Tower with Radar,10,25,9,0,44,0,0,1,0,1,10,25,10,0,45,0,0,0,45
12/30/2012,MLI,IL,AGL,CE,Combined TRACON& Tower with Radar,18,28,7,0,53,0,0,8,0,8,18,28,15,0,61,0,0,0,61
12/31/2012,MLI,IL,AGL,CE,Combined TRACON& Tower with Radar,12,26,18,0,56,0,0,8,0,8,12,26,26,0,64,12,0,12,76
01/01/2013,MLI,IL,AGL,CE,Combined TRACON& Tower with Radar,9,29,7,0,45,0,0,9,0,9,9,29,16,0,54,12,0,12,66
01/02/2013,MLI,IL,AGL,CE,Combined TRACON& Tower with Radar,10,36,14,0,60,0,0,6,0,6,10,36,20,0,66,24,0,24,90
01/03/2013,MLI,IL,AGL,CE,Combined TRACON& Tower with Radar,20,35,10,2,67,0,0,6,0,6,20,35,16,2,73,26,4,30,103
01/04/2013,MLI,IL,AGL,CE,Combined TRACON& Tower with Radar,8,41,16,10,75,0,0,11,0,11,8,41,27,10,86,10,18,28,114
01/05/2013,MLI,IL,AGL,CE,Combined TRACON& Tower with Radar,11,22,25,2,60,0,0,4,0,4,11,22,29,2,64,2,2,4,68
01/06/2013,MLI,IL,AGL,CE,Combined TRACON& Tower with Radar,19,32,17,0,68,0,0,10,0,10,19,32,27,0,78,22,0,22,100
01/07/2013,MLI,IL,AGL,CE,Combined TRACON& Tower with Radar,11,33,17,0,61,0,0,8,0,8,11,33,25,0,69,0,0,0,69
01/08/2013,MLI,IL,AGL,CE,Combined TRACON& Tower with Radar,14,35,14,10,73,0,0,15,0,15,14,35,29,10,88,0,10,10,98
01/09/2013,MLI,IL,AGL,CE,Combined TRACON& Tower with Radar,16,28,25,0,69,0,0,24,0,24,16,28,49,0,93,38,0,38,131
01/10/2013,MLI,IL,AGL,CE,Combined TRACON& Tower with Radar,17,37,26,2,82,0,0,3,0,3,17,37,29,2,85,0,0,0,85
01/11/2013,MLI,IL,AGL,CE,Combined TRACON& Tower with Radar,12,42,30,2,86,0,0,0,0,0,12,42,30,2,86,0,0,0,86
01/12/2013,MLI,IL,AGL,CE,Combined TRACON& Tower with Radar,8,26,9,0,43,0,0,6,0,6,8,26,15,0,49,18,0,18,67
01/13/2013,MLI,IL,AGL,CE,Combined TRACON& Tower with Radar,22,32,10,0,64,0,0,0,0,0,22,32,10,0,64,0,0,0,64
01/14/2013,MLI,IL,AGL,CE,Combined TRACON& Tower with Radar,11,31,26,0,68,0,0,17,0,17,11,31,43,0,85,20,0,20,105
01/15/2013,MLI,IL,AGL,CE,Combined TRACON& Tower with Radar,14,28,24,2,68,0,0,7,0,7,14,28,31,2,75,2,0,2,77
01/16/2013,MLI,IL,AGL,CE,Combined TRACON& Tower with Radar,15,26,16,0,57,0,0,17,0,17,15,26,33,0,74,18,0,18,92
01/17/2013,MLI,IL,AGL,CE,Combined TRACON& Tower with Radar,20,27,24,0,71,0,0,6,0,6,20,27,30,0,77,20,0,20,97
01/18/2013,MLI,IL,AGL,CE,Combined TRACON& Tower with Radar,10,38,19,0,67,0,0,9,0,9,10,38,28,0,76,0,0,0,76
01/19/2013,MLI,IL,AGL,CE,Combined TRACON& Tower with Radar,9,26,9,0,44,0,0,16,0,16,9,26,25,0,60,8,0,8,68
01/20/2013,MLI,IL,AGL,CE,Combined TRACON& Tower with Radar,20,27,9,0,56,0,0,0,0,0,20,27,9,0,56,0,0,0,56
01/21/2013,MLI,IL,AGL,CE,Combined TRACON& Tower with Radar,11,29,13,0,53,0,0,0,0,0,11,29,13,0,53,0,0,0,53
01/22/2013,MLI,IL,AGL,CE,Combined TRACON& Tower with Radar,12,36,12,0,60,0,0,8,0,8,12,36,20,0,68,0,0,0,68
01/23/2013,MLI,IL,AGL,CE,Combined TRACON& Tower with Radar,11,34,10,0,55,0,0,8,0,8,11,34,18,0,63,12,0,12,75
01/24/2013,MLI,IL,AGL,CE,Combined TRACON& Tower with Radar,17,39,33,1,90,0,0,6,0,6,17,39,39,1,96,0,0,0,96
01/25/2013,MLI,IL,AGL,CE,Combined TRACON& Tower with Radar,11,29,15,0,55,0,0,5,0,5,11,29,20,0,60,8,0,8,68
01/26/2013,MLI,IL,AGL,CE,Combined TRACON& Tower with Radar,8,24,11,0,43,0,0,31,0,31,8,24,42,0,74,74,0,74,148
01/27/2013,MLI,IL,AGL,CE,Combined TRACON& Tower with Radar,17,30,6,0,53,0,0,0,0,0,17,30,6,0,53,0,0,0,53
01/28/2013,MLI,IL,AGL,CE,Combined TRACON& Tower with Radar,9,28,22,0,59,0,0,0,0,0,9,28,22,0,59,0,0,0,59
01/29/2013,MLI,IL,AGL,CE,Combined TRACON& Tower with Radar,10,30,10,0,50,0,0,1,0,1,10,30,11,0,51,0,0,0,51
01/30/2013,MLI,IL,AGL,CE,Combined TRACON& Tower with Radar,13,27,14,0,54,0,0,0,0,0,13,27,14,0,54,0,0,0,54
01/31/2013,MLI,IL,AGL,CE,Combined TRACON& Tower with Radar,18,33,25,0,76,0,0,0,0,0,18,33,25,0,76,0,0,0,76
02/01/2013,MLI,IL,AGL,CE,Combined TRACON& Tower with Radar,15,36,22,0,73,0,0,6,0,6,15,36,28,0,79,0,0,0,79
02/02/2013,MLI,IL,AGL,CE,Combined TRACON& Tower with Radar,10,23,2,2,37,0,0,3,3,6,10,23,5,5,43,0,0,0,43
02/03/2013,MLI,IL,AGL,CE,Combined TRACON& Tower with Radar,21,26,16,1,64,0,0,4,0,4,21,26,20,1,68,0,0,0,68
02/04/2013,MLI,IL,AGL,CE,Combined TRACON& Tower with Radar,13,34,19,0,66,0,0,3,0,3,13,34,22,0,69,0,0,0,69
02/05/2013,MLI,IL,AGL,CE,Combined TRACON& Tower with Radar,14,31,17,0,62,0,0,3,0,3,14,31,20,0,65,9,0,9,74
02/06/2013,MLI,IL,AGL,CE,Combined TRACON& Tower with Radar,16,35,26,0,77,0,0,20,0,20,16,35,46,0,97,30,0,30,127
02/07/2013,MLI,IL,AGL,CE,Combined TRACON& Tower with Radar,20,34,27,0,81,0,0,0,0,0,20,34,27,0,81,0,0,0,81
02/08/2013,MLI,IL,AGL,CE,Combined TRACON& Tower with Radar,13,35,23,0,71,0,0,5,0,5,13,35,28,0,76,3,0,3,79
02/09/2013,MLI,IL,AGL,CE,Combined TRACON& Tower with Radar,10,23,14,0,47,0,0,8,2,10,10,23,22,2,57,62,0,62,119
02/10/2013,MLI,IL,AGL,CE,Combined TRACON& Tower with Radar,18,33,5,0,56,0,0,0,0,0,18,33,5,0,56,0,0,0,56
02/11/2013,MLI,IL,AGL,CE,Combined TRACON& Tower with Radar,15,34,15,0,64,0,0,0,0,0,15,34,15,0,64,0,0,0,64
02/12/2013,MLI,IL,AGL,CE,Combined TRACON& Tower with Radar,11,40,19,0,70,0,0,10,0,10,11,40,29,0,80,28,0,28,108
02/13/2013,MLI,IL,AGL,CE,Combined TRACON& Tower with Radar,13,35,27,0,75,0,0,13,0,13,13,35,40,0,88,26,0,26,114
02/14/2013,MLI,IL,AGL,CE,Combined TRACON& Tower with Radar,17,39,15,0,71,0,0,4,0,4,17,39,19,0,75,0,0,0,75
02/15/2013,MLI,IL,AGL,CE,Combined TRACON& Tower with Radar,9,38,21,0,68,0,0,16,0,16,9,38,37,0,84,6,0,6,90
02/16/2013,MLI,IL,AGL,CE,Combined TRACON& Tower with Radar,10,26,8,1,45,0,0,20,1,21,10,26,28,2,66,26,0,26,92
02/17/2013,MLI,IL,AGL,CE,Combined TRACON& Tower with Radar,18,31,21,0,70,0,0,11,0,11,18,31,32,0,81,10,0,10,91
02/18/2013,MLI,IL,AGL,CE,Combined TRACON& Tower with Radar,11,35,17,0,63,0,0,0,0,0,11,35,17,0,63,0,0,0,63
02/19/2013,MLI,IL,AGL,CE,Combined TRACON& Tower with Radar,12,36,18,0,66,0,0,1,0,1,12,36,19,0,67,0,0,0,67
02/20/2013,MLI,IL,AGL,CE,Combined TRACON& Tower with Radar,11,37,17,0,65,0,0,5,0,5,11,37,22,0,70,12,0,12,82
02/21/2013,MLI,IL,AGL,CE,Combined TRACON& Tower with Radar,15,41,9,4,69,0,0,3,1,4,15,41,12,5,73,0,4,4,77
02/22/2013,MLI,IL,AGL,CE,Combined TRACON& Tower with Radar,7,36,9,0,52,0,0,2,0,2,7,36,11,0,54,0,0,0,54
02/23/2013,MLI,IL,AGL,CE,Combined TRACON& Tower with Radar,9,27,14,0,50,0,0,8,0,8,9,27,22,0,58,6,0,6,64
02/24/2013,MLI,IL,AGL,CE,Combined TRACON& Tower with Radar,19,35,28,1,83,0,0,13,0,13,19,35,41,1,96,30,8,38,134
02/25/2013,MLI,IL,AGL,CE,Combined TRACON& Tower with Radar,13,36,21,0,70,0,0,18,0,18,13,36,39,0,88,12,0,12,100
02/26/2013,MLI,IL,AGL,CE,Combined TRACON& Tower with Radar,6,31,19,0,56,0,0,0,0,0,6,31,19,0,56,0,0,0,56
02/27/2013,MLI,IL,AGL,CE,Combined TRACON& Tower with Radar,11,45,22,0,78,0,0,0,0,0,11,45,22,0,78,0,0,0,78
02/28/2013,MLI,IL,AGL,CE,Combined TRACON& Tower with Radar,19,48,15,0,82,0,0,3,1,4,19,48,18,1,86,0,0,0,86
03/01/2013,MLI,IL,AGL,CE,Combined TRACON& Tower with Radar,8,37,19,13,77,0,0,7,3,10,8,37,26,16,87,14,18,32,119
03/02/2013,MLI,IL,AGL,CE,Combined TRACON& Tower with Radar,10,23,11,0,44,0,0,23,0,23,10,23,34,0,67,28,0,28,95
03/03/2013,MLI,IL,AGL,CE,Combined TRACON& Tower with Radar,19,33,25,0,77,0,0,26,3,29,19,33,51,3,106,36,0,36,142
03/04/2013,MLI,IL,AGL,CE,Combined TRACON& Tower with Radar,13,39,11,0,63,0,0,1,0,1,13,39,12,0,64,0,0,0,64
03/05/2013,MLI,IL,AGL,CE,Combined TRACON& Tower with Radar,11,22,5,0,38,0,0,0,0,0,11,22,5,0,38,0,0,0,38
03/06/2013,MLI,IL,AGL,CE,Combined TRACON& Tower with Radar,11,37,16,0,64,0,0,7,0,7,11,37,23,0,71,21,0,21,92
03/07/2013,MLI,IL,AGL,CE,Combined TRACON& Tower with Radar,19,35,27,0,81,0,0,13,0,13,19,35,40,0,94,0,0,0,94
03/08/2013,MLI,IL,AGL,CE,Combined TRACON& Tower with Radar,10,40,30,0,80,0,0,22,0,22,10,40,52,0,102,52,0,52,154
03/09/2013,MLI,IL,AGL,CE,Combined TRACON& Tower with Radar,13,25,16,0,54,0,0,0,0,0,13,25,16,0,54,22,0,22,76
03/10/2013,MLI,IL,AGL,CE,Combined TRACON& Tower with Radar,17,33,10,0,60,0,0,0,0,0,17,33,10,0,60,0,0,0,60
03/11/2013,MLI,IL,AGL,CE,Combined TRACON& Tower with Radar,10,33,10,0,53,0,0,0,0,0,10,33,10,0,53,0,0,0,53
03/12/2013,MLI,IL,AGL,CE,Combined TRACON& Tower with Radar,14,32,14,0,60,0,0,1,0,1,14,32,15,0,61,0,0,0,61
03/13/2013,MLI,IL,AGL,CE,Combined TRACON& Tower with Radar,12,39,38,4,93,0,0,18,2,20,12,39,56,6,113,8,0,8,121
03/14/2013,MLI,IL,AGL,CE,Combined TRACON& Tower with Radar,18,34,27,4,83,0,0,10,2,12,18,34,37,6,95,2,0,2,97
03/15/2013,MLI,IL,AGL,CE,Combined TRACON& Tower with Radar,11,41,34,7,93,0,0,20,1,21,11,41,54,8,114,10,8,18,132
03/16/2013,MLI,IL,AGL,CE,Combined TRACON& Tower with Radar,14,27,8,0,49,0,0,6,0,6,14,27,14,0,55,2,0,2,57
03/17/2013,MLI,IL,AGL,CE,Combined TRACON& Tower with Radar,19,33,7,0,59,0,0,7,0,7,19,33,14,0,66,8,0,8,74
03/18/2013,MLI,IL,AGL,CE,Combined TRACON& Tower with Radar,9,32,13,2,56,0,1,0,0,1,9,33,13,2,57,0,0,0,57
03/19/2013,MLI,IL,AGL,CE,Combined TRACON& Tower with Radar,12,40,13,0,65,1,0,10,0,11,13,40,23,0,76,4,0,4,80
03/20/2013,MLI,IL,AGL,CE,Combined TRACON& Tower with Radar,12,38,14,2,66,0,0,9,0,9,12,38,23,2,75,0,0,0,75
03/21/2013,MLI,IL,AGL,CE,Combined TRACON& Tower with Radar,19,35,18,0,72,0,0,22,0,22,19,35,40,0,94,26,0,26,120
03/22/2013,MLI,IL,AGL,CE,Combined TRACON& Tower with Radar,10,38,30,5,83,0,0,39,1,40,10,38,69,6,123,72,0,72,195
03/23/2013,MLI,IL,AGL,CE,Combined TRACON& Tower with Radar,12,29,15,0,56,0,0,30,0,30,12,29,45,0,86,53,0,53,139
03/24/2013,MLI,IL,AGL,CE,Combined TRACON& Tower with Radar,19,32,12,0,63,0,0,0,0,0,19,32,12,0,63,0,0,0,63
03/25/2013,MLI,IL,AGL,CE,Combined TRACON& Tower with Radar,12,37,8,0,57,0,0,4,0,4,12,37,12,0,61,0,0,0,61
03/26/2013,MLI,IL,AGL,CE,Combined TRACON& Tower with Radar,13,41,19,0,73,0,0,17,0,17,13,41,36,0,90,16,0,16,106
03/27/2013,MLI,IL,AGL,CE,Combined TRACON& Tower with Radar,14,43,20,0,77,0,0,31,0,31,14,43,51,0,108,19,0,19,127
03/28/2013,MLI,IL,AGL,CE,Combined TRACON& Tower with Radar,17,39,22,1,79,0,0,22,1,23,17,39,44,2,102,31,0,31,133
03/29/2013,MLI,IL,AGL,CE,Combined TRACON& Tower with Radar,14,35,20,0,69,0,0,21,0,21,14,35,41,0,90,50,0,50,140
03/30/2013,MLI,IL,AGL,CE,Combined TRACON& Tower with Radar,14,26,10,0,50,0,0,12,0,12,14,26,22,0,62,27,0,27,89
03/31/2013,MLI,IL,AGL,CE,Combined TRACON& Tower with Radar,18,37,10,0,65,0,0,5,0,5,18,37,15,0,70,0,0,0,70
04/01/2013,MLI,IL,AGL,CE,Combined TRACON& Tower with Radar,13,34,23,4,74,0,0,8,0,8,13,34,31,4,82,24,0,24,106
04/02/2013,MLI,IL,AGL,CE,Combined TRACON& Tower with Radar,13,39,30,0,82,0,0,28,0,28,13,39,58,0,110,8,0,8,118
04/03/2013,MLI,IL,AGL,CE,Combined TRACON& Tower with Radar,12,40,28,0,80,0,0,11,0,11,12,40,39,0,91,0,0,0,91
04/04/2013,MLI,IL,AGL,CE,Combined TRACON& Tower with Radar,20,36,16,0,72,0,0,24,0,24,20,36,40,0,96,30,0,30,126
04/05/2013,MLI,IL,AGL,CE,Combined TRACON& Tower with Radar,11,39,20,0,70,0,0,14,0,14,11,39,34,0,84,34,0,34,118
04/06/2013,MLI,IL,AGL,CE,Combined TRACON& Tower with Radar,17,31,3,0,51,0,0,4,0,4,17,31,7,0,55,0,0,0,55
04/07/2013,MLI,IL,AGL,CE,Combined TRACON& Tower with Radar,19,41,13,0,73,0,0,29,0,29,19,41,42,0,102,32,0,32,134
04/08/2013,MLI,IL,AGL,CE,Combined TRACON& Tower with Radar,8,38,20,1,67,0,0,8,0,8,8,38,28,1,75,18,0,18,93
04/09/2013,MLI,IL,AGL,CE,Combined TRACON& Tower with Radar,11,33,26,3,73,0,0,6,0,6,11,33,32,3,79,8,0,8,87
04/10/2013,MLI,IL,AGL,CE,Combined TRACON& Tower with Radar,7,28,22,0,57,0,0,1,0,1,7,28,23,0,58,0,0,0,58
04/11/2013,MLI,IL,AGL,CE,Combined TRACON& Tower with Radar,19,32,26,0,77,0,0,2,0,2,19,32,28,0,79,0,0,0,79
04/12/2013,MLI,IL,AGL,CE,Combined TRACON& Tower with Radar,9,42,28,0,79,0,0,3,0,3,9,42,31,0,82,0,0,0,82
04/13/2013,MLI,IL,AGL,CE,Combined TRACON& Tower with Radar,9,28,10,0,47,0,0,18,0,18,9,28,28,0,65,0,0,0,65
04/14/2013,MLI,IL,AGL,CE,Combined TRACON& Tower with Radar,16,37,7,0,60,0,0,7,0,7,16,37,14,0,67,0,0,0,67
04/15/2013,MLI,IL,AGL,CE,Combined TRACON& Tower with Radar,10,35,23,4,72,0,0,3,2,5,10,35,26,6,77,22,0,22,99
04/16/2013,MLI,IL,AGL,CE,Combined TRACON& Tower with Radar,10,34,20,0,64,0,0,13,0,13,10,34,33,0,77,34,0,34,111
04/17/2013,MLI,IL,AGL,CE,Combined TRACON& Tower with Radar,7,32,27,0,66,0,0,0,0,0,7,32,27,0,66,0,0,0,66
04/18/2013,MLI,IL,AGL,CE,Combined TRACON& Tower with Radar,13,25,15,0,53,0,0,0,0,0,13,25,15,0,53,0,0,0,53
04/19/2013,MLI,IL,AGL,CE,Combined TRACON& Tower with Radar,11,33,20,0,64,0,0,2,0,2,11,33,22,0,66,0,0,0,66
04/20/2013,MLI,IL,AGL,CE,Combined TRACON& Tower with Radar,10,26,6,0,42,0,0,35,0,35,10,26,41,0,77,30,0,30,107
04/21/2013,MLI,IL,AGL,CE,Combined TRACON& Tower with Radar,12,36,12,0,60,0,0,4,0,4,12,36,16,0,64,0,0,0,64
04/22/2013,MLI,IL,AGL,CE,Combined TRACON& Tower with Radar,12,40,16,0,68,0,0,14,0,14,12,40,30,0,82,22,0,22,104
04/23/2013,MLI,IL,AGL,CE,Combined TRACON& Tower with Radar,10,40,21,0,71,0,0,1,0,1,10,40,22,0,72,0,0,0,72
04/24/2013,MLI,IL,AGL,CE,Combined TRACON& Tower with Radar,10,43,22,0,75,0,0,19,0,19,10,43,41,0,94,24,0,24,118
04/25/2013,MLI,IL,AGL,CE,Combined TRACON& Tower with Radar,19,42,21,1,83,0,0,14,1,15,19,42,35,2,98,0,0,0,98
04/26/2013,MLI,IL,AGL,CE,Combined TRACON& Tower with Radar,11,40,16,0,67,0,0,10,0,10,11,40,26,0,77,4,0,4,81
04/27/2013,MLI,IL,AGL,CE,Combined TRACON& Tower with Radar,12,28,10,0,50,0,0,32,2,34,12,28,42,2,84,0,0,0,84
04/28/2013,MLI,IL,AGL,CE,Combined TRACON& Tower with Radar,12,37,16,0,65,0,0,24,0,24,12,37,40,0,89,34,0,34,123
04/29/2013,MLI,IL,AGL,CE,Combined TRACON& Tower with Radar,12,40,23,0,75,0,0,15,0,15,12,40,38,0,90,0,0,0,90
04/30/2013,MLI,IL,AGL,CE,Combined TRACON& Tower with Radar,10,39,22,0,71,0,0,17,0,17,10,39,39,0,88,6,0,6,94
05/01/2013,MLI,IL,AGL,CE,Combined TRACON& Tower with Radar,10,41,19,0,70,0,0,18,0,18,10,41,37,0,88,10,0,10,98
05/02/2013,MLI,IL,AGL,CE,Combined TRACON& Tower with Radar,14,38,19,4,75,0,0,1,0,1,14,38,20,4,76,8,0,8,84
05/03/2013,MLI,IL,AGL,CE,Combined TRACON& Tower with Radar,10,35,12,0,57,0,0,0,0,0,10,35,12,0,57,0,0,0,57
05/04/2013,MLI,IL,AGL,CE,Combined TRACON& Tower with Radar,10,27,13,1,51,0,0,0,1,1,10,27,13,2,52,8,0,8,60
05/05/2013,MLI,IL,AGL,CE,Combined TRACON& Tower with Radar,16,32,30,3,81,0,0,8,1,9,16,32,38,4,90,22,0,22,112
05/06/2013,MLI,IL,AGL,CE,Combined TRACON& Tower with Radar,13,42,13,2,70,0,0,16,0,16,13,42,29,2,86,14,0,14,100
05/07/2013,MLI,IL,AGL,CE,Combined TRACON& Tower with Radar,9,38,24,2,73,0,0,24,3,27,9,38,48,5,100,10,0,10,110
05/08/2013,MLI,IL,AGL,CE,Combined TRACON& Tower with Radar,10,42,22,1,75,0,0,7,1,8,10,42,29,2,83,6,0,6,89
05/09/2013,MLI,IL,AGL,CE,Combined TRACON& Tower with Radar,14,45,18,2,79,0,0,3,1,4,14,45,21,3,83,2,0,2,85
05/10/2013,MLI,IL,AGL,CE,Combined TRACON& Tower with Radar,11,43,32,6,92,0,0,5,0,5,11,43,37,6,97,8,4,12,109
05/11/2013,MLI,IL,AGL,CE,Combined TRACON& Tower with Radar,10,29,5,0,44,0,0,9,0,9,10,29,14,0,53,0,0,0,53
05/12/2013,MLI,IL,AGL,CE,Combined TRACON& Tower with Radar,12,35,13,0,60,0,0,21,0,21,12,35,34,0,81,10,0,10,91
05/13/2013,MLI,IL,AGL,CE,Combined TRACON& Tower with Radar,12,37,22,0,71,0,0,26,0,26,12,37,48,0,97,14,0,14,111
05/14/2013,MLI,IL,AGL,CE,Combined TRACON& Tower with Radar,8,40,16,0,64,0,0,18,0,18,8,40,34,0,82,8,0,8,90
05/15/2013,MLI,IL,AGL,CE,Combined TRACON& Tower with Radar,9,38,31,1,79,0,0,27,1,28,9,38,58,2,107,0,0,0,107
05/16/2013,MLI,IL,AGL,CE,Combined TRACON& Tower with Radar,14,41,37,1,93,0,0,25,3,28,14,41,62,4,121,16,0,16,137
05/17/2013,MLI,IL,AGL,CE,Combined TRACON& Tower with Radar,10,41,27,0,78,0,0,13,0,13,10,41,40,0,91,26,0,26,117
05/18/2013,MLI,IL,AGL,CE,Combined TRACON& Tower with Radar,10,28,7,0,45,0,0,18,0,18,10,28,25,0,63,32,0,32,95
05/19/2013,MLI,IL,AGL,CE,Combined TRACON& Tower with Radar,12,35,14,0,61,0,0,5,0,5,12,35,19,0,66,0,0,0,66
05/20/2013,MLI,IL,AGL,CE,Combined TRACON& Tower with Radar,10,37,16,0,63,0,0,6,0,6,10,37,22,0,69,0,0,0,69
05/21/2013,MLI,IL,AGL,CE,Combined TRACON& Tower with Radar,11,36,23,0,70,0,0,16,0,16,11,36,39,0,86,4,0,4,90
05/22/2013,MLI,IL,AGL,CE,Combined TRACON& Tower with Radar,9,38,30,2,79,0,0,9,0,9,9,38,39,2,88,0,0,0,88
05/23/2013,MLI,IL,AGL,CE,Combined TRACON& Tower with Radar,15,50,30,0,95,0,0,4,0,4,15,50,34,0,99,0,0,0,99
05/24/2013,MLI,IL,AGL,CE,Combined TRACON& Tower with Radar,10,37,16,0,63,0,0,37,0,37,10,37,53,0,100,30,0,30,130
05/25/2013,MLI,IL,AGL,CE,Combined TRACON& Tower with Radar,8,25,8,0,41,0,0,3,0,3,8,25,11,0,44,0,0,0,44
05/26/2013,MLI,IL,AGL,CE,Combined TRACON& Tower with Radar,13,24,2,0,39,0,0,0,0,0,13,24,2,0,39,0,0,0,39
05/27/2013,MLI,IL,AGL,CE,Combined TRACON& Tower with Radar,10,38,9,0,57,0,0,0,0,0,10,38,9,0,57,0,0,0,57
05/28/2013,MLI,IL,AGL,CE,Combined TRACON& Tower with Radar,9,44,17,0,70,0,1,4,0,5,9,45,21,0,75,8,0,8,83
05/29/2013,MLI,IL,AGL,CE,Combined TRACON& Tower with Radar,10,32,18,2,62,0,0,10,3,13,10,32,28,5,75,2,14,16,91
05/30/2013,MLI,IL,AGL,CE,Combined TRACON& Tower with Radar,13,32,28,1,74,0,0,4,0,4,13,32,32,1,78,4,0,4,82
05/31/2013,MLI,IL,AGL,CE,Combined TRACON& Tower with Radar,11,37,16,0,64,0,0,1,0,1,11,37,17,0,65,0,0,0,65
06/01/2013,MLI,IL,AGL,CE,Combined TRACON& Tower with Radar,11,29,17,0,57,0,0,6,0,6,11,29,23,0,63,0,0,0,63
06/02/2013,MLI,IL,AGL,CE,Combined TRACON& Tower with Radar,12,37,13,0,62,0,0,12,0,12,12,37,25,0,74,18,0,18,92
06/03/2013,MLI,IL,AGL,CE,Combined TRACON& Tower with Radar,12,40,8,0,60,0,0,31,0,31,12,40,39,0,91,40,0,40,131
06/04/2013,MLI,IL,AGL,CE,Combined TRACON& Tower with Radar,10,43,21,0,74,0,2,7,0,9,10,45,28,0,83,14,0,14,97
06/05/2013,MLI,IL,AGL,CE,Combined TRACON& Tower with Radar,11,39,31,1,82,0,0,8,1,9,11,39,39,2,91,24,0,24,115
06/06/2013,MLI,IL,AGL,CE,Combined TRACON& Tower with Radar,9,40,18,0,67,0,0,1,0,1,9,40,19,0,68,0,0,0,68
06/07/2013,MLI,IL,AGL,CE,Combined TRACON& Tower with Radar,11,51,15,0,77,0,0,17,0,17,11,51,32,0,94,14,0,14,108
06/08/2013,MLI,IL,AGL,CE,Combined TRACON& Tower with Radar,11,34,8,0,53,0,1,28,0,29,11,35,36,0,82,30,0,30,112
06/09/2013,MLI,IL,AGL,CE,Combined TRACON& Tower with Radar,9,33,8,0,50,0,0,5,0,5,9,33,13,0,55,2,0,2,57
06/10/2013,MLI,IL,AGL,CE,Combined TRACON& Tower with Radar,15,38,16,0,69,0,0,15,2,17,15,38,31,2,86,26,0,26,112
06/11/2013,MLI,IL,AGL,CE,Combined TRACON& Tower with Radar,12,45,19,0,76,0,3,18,0,21,12,48,37,0,97,0,0,0,97
06/12/2013,MLI,IL,AGL,CE,Combined TRACON& Tower with Radar,16,41,15,1,73,0,0,9,1,10,16,41,24,2,83,0,0,0,83
06/13/2013,MLI,IL,AGL,CE,Combined TRACON& Tower with Radar,9,49,27,3,88,0,0,18,1,19,9,49,45,4,107,24,0,24,131
06/14/2013,MLI,IL,AGL,CE,Combined TRACON& Tower with Radar,15,41,21,0,77,0,1,31,0,32,15,42,52,0,109,20,0,20,129
06/15/2013,MLI,IL,AGL,CE,Combined TRACON& Tower with Radar,12,34,6,0,52,0,0,6,0,6,12,34,12,0,58,0,0,0,58
06/16/2013,MLI,IL,AGL,CE,Combined TRACON& Tower with Radar,10,42,12,0,64,0,1,18,0,19,10,43,30,0,83,8,0,8,91
06/17/2013,MLI,IL,AGL,CE,Combined TRACON& Tower with Radar,11,45,23,3,82,0,0,22,0,22,11,45,45,3,104,24,0,24,128
06/18/2013,MLI,IL,AGL,CE,Combined TRACON& Tower with Radar,6,46,25,7,84,0,0,29,1,30,6,46,54,8,114,18,0,18,132
06/19/2013,MLI,IL,AGL,CE,Combined TRACON& Tower with Radar,10,51,30,0,91,0,0,32,0,32,10,51,62,0,123,26,0,26,149
06/20/2013,MLI,IL,AGL,CE,Combined TRACON& Tower with Radar,10,48,17,0,75,0,2,22,0,24,10,50,39,0,99,52,0,52,151
06/21/2013,MLI,IL,AGL,CE,Combined TRACON& Tower with Radar,13,39,20,0,72,0,0,6,0,6,13,39,26,0,78,18,0,18,96
06/22/2013,MLI,IL,AGL,CE,Combined TRACON& Tower with Radar,12,32,10,0,54,0,0,17,0,17,12,32,27,0,71,14,0,14,85
06/23/2013,MLI,IL,AGL,CE,Combined TRACON& Tower with Radar,9,43,10,0,62,0,0,15,0,15,9,43,25,0,77,14,0,14,91
06/24/2013,MLI,IL,AGL,CE,Combined TRACON& Tower with Radar,12,42,11,0,65,0,0,1,0,1,12,42,12,0,66,0,0,0,66
06/25/2013,MLI,IL,AGL,CE,Combined TRACON& Tower with Radar,8,46,30,0,84,0,0,15,0,15,8,46,45,0,99,14,0,14,113
06/26/2013,MLI,IL,AGL,CE,Combined TRACON& Tower with Radar,9,37,27,1,74,0,0,6,1,7,9,37,33,2,81,0,0,0,81
06/27/2013,MLI,IL,AGL,CE,Combined TRACON& Tower with Radar,9,51,43,3,106,0,0,20,1,21,9,51,63,4,127,12,0,12,139
06/28/2013,MLI,IL,AGL,CE,Combined TRACON& Tower with Radar,12,44,21,0,77,0,0,8,0,8,12,44,29,0,85,12,0,12,97
06/29/2013,MLI,IL,AGL,CE,Combined TRACON& Tower with Radar,11,33,13,0,57,0,0,4,0,4,11,33,17,0,61,14,0,14,75
06/30/2013,MLI,IL,AGL,CE,Combined TRACON& Tower with Radar,10,35,16,1,62,0,2,40,0,42,10,37,56,1,104,24,0,24,128
07/01/2013,MLI,IL,AGL,CE,Combined TRACON& Tower with Radar,9,41,26,0,76,0,3,21,0,24,9,44,47,0,100,34,0,34,134
07/02/2013,MLI,IL,AGL,CE,Combined TRACON& Tower with Radar,9,33,31,2,75,0,2,19,1,22,9,35,50,3,97,24,0,24,121
07/03/2013,MLI,IL,AGL,CE,Combined TRACON& Tower with Radar,11,43,24,0,78,0,0,17,0,17,11,43,41,0,95,12,0,12,107
07/04/2013,MLI,IL,AGL,CE,Combined TRACON& Tower with Radar,7,26,0,0,33,0,0,24,0,24,7,26,24,0,57,30,0,30,87
07/05/2013,MLI,IL,AGL,CE,Combined TRACON& Tower with Radar,12,36,11,0,59,0,1,29,0,30,12,37,40,0,89,18,0,18,107
07/06/2013,MLI,IL,AGL,CE,Combined TRACON& Tower with Radar,9,36,2,0,47,0,1,16,0,17,9,37,18,0,64,38,0,38,102
07/07/2013,MLI,IL,AGL,CE,Combined TRACON& Tower with Radar,10,51,17,0,78,0,2,11,0,13,10,53,28,0,91,20,0,20,111
07/08/2013,MLI,IL,AGL,CE,Combined TRACON& Tower with Radar,14,49,43,0,106,0,0,6,0,6,14,49,49,0,112,8,0,8,120
07/09/2013,MLI,IL,AGL,CE,Combined TRACON& Tower with Radar,10,45,23,0,78,0,0,4,0,4,10,45,27,0,82,0,0,0,82
07/10/2013,MLI,IL,AGL,CE,Combined TRACON& Tower with Radar,11,42,32,0,85,0,0,9,0,9,11,42,41,0,94,6,0,6,100
07/11/2013,MLI,IL,AGL,CE,Combined TRACON& Tower with Radar,12,41,35,1,89,0,0,18,1,19,12,41,53,2,108,26,0,26,134
07/12/2013,MLI,IL,AGL,CE,Combined TRACON& Tower with Radar,12,46,17,1,76,0,0,27,1,28,12,46,44,2,104,34,0,34,138
07/13/2013,MLI,IL,AGL,CE,Combined TRACON& Tower with Radar,9,37,28,0,74,0,0,25,0,25,9,37,53,0,99,26,0,26,125
07/14/2013,MLI,IL,AGL,CE,Combined TRACON& Tower with Radar,14,49,22,0,85,0,1,13,0,14,14,50,35,0,99,0,0,0,99
07/15/2013,MLI,IL,AGL,CE,Combined TRACON& Tower with Radar,14,43,19,0,76,0,0,11,0,11,14,43,30,0,87,4,0,4,91
07/16/2013,MLI,IL,AGL,CE,Combined TRACON& Tower with Radar,10,41,21,1,73,0,0,16,1,17,10,41,37,2,90,6,0,6,96
07/17/2013,MLI,IL,AGL,CE,Combined TRACON& Tower with Radar,11,39,21,0,71,0,0,19,0,19,11,39,40,0,90,14,0,14,104
07/18/2013,MLI,IL,AGL,CE,Combined TRACON& Tower with Radar,8,45,20,0,73,0,0,10,0,10,8,45,30,0,83,12,0,12,95
07/19/2013,MLI,IL,AGL,CE,Combined TRACON& Tower with Radar,12,44,25,3,84,0,0,9,0,9,12,44,34,3,93,0,12,12,105
07/20/2013,MLI,IL,AGL,CE,Combined TRACON& Tower with Radar,9,33,10,2,54,0,0,29,2,31,9,33,39,4,85,4,2,6,91
07/21/2013,MLI,IL,AGL,CE,Combined TRACON& Tower with Radar,5,25,4,2,36,0,0,19,1,20,5,25,23,3,56,18,0,18,74
07/22/2013,MLI,IL,AGL,CE,Combined TRACON& Tower with Radar,14,41,20,0,75,0,0,10,0,10,14,41,30,0,85,8,0,8,93
07/23/2013,MLI,IL,AGL,CE,Combined TRACON& Tower with Radar,9,43,19,1,72,0,0,12,0,12,9,43,31,1,84,14,0,14,98
07/24/2013,MLI,IL,AGL,CE,Combined TRACON& Tower with Radar,14,45,19,4,82,0,0,18,6,24,14,45,37,10,106,16,0,16,122
07/25/2013,MLI,IL,AGL,CE,Combined TRACON& Tower with Radar,11,50,25,1,87,0,0,15,1,16,11,50,40,2,103,22,0,22,125
07/26/2013,MLI,IL,AGL,CE,Combined TRACON& Tower with Radar,12,44,11,0,67,0,0,9,0,9,12,44,20,0,76,14,0,14,90
07/27/2013,MLI,IL,AGL,CE,Combined TRACON& Tower with Radar,9,37,8,0,54,0,0,14,0,14,9,37,22,0,68,22,0,22,90
07/28/2013,MLI,IL,AGL,CE,Combined TRACON& Tower with Radar,14,35,16,0,65,0,0,9,0,9,14,35,25,0,74,6,0,6,80
07/29/2013,MLI,IL,AGL,CE,Combined TRACON& Tower with Radar,14,45,17,0,76,0,0,18,0,18,14,45,35,0,94,16,0,16,110
07/30/2013,MLI,IL,AGL,CE,Combined TRACON& Tower with Radar,12,46,28,0,86,0,0,0,0,0,12,46,28,0,86,0,0,0,86
07/31/2013,MLI,IL,AGL,CE,Combined TRACON& Tower with Radar,12,44,24,1,81,0,0,8,0,8,12,44,32,1,89,0,0,0,89
08/01/2013,MLI,IL,AGL,CE,Combined TRACON& Tower with Radar,15,33,50,0,98,0,0,37,0,37,15,33,87,0,135,44,0,44,179
08/02/2013,MLI,IL,AGL,CE,Combined TRACON& Tower with Radar,14,37,5,0,56,0,0,15,0,15,14,37,20,0,71,14,0,14,85
08/03/2013,MLI,IL,AGL,CE,Combined TRACON& Tower with Radar,8,34,14,0,56,0,3,22,0,25,8,37,36,0,81,0,0,0,81
08/04/2013,MLI,IL,AGL,CE,Combined TRACON& Tower with Radar,10,47,15,0,72,0,0,35,1,36,10,47,50,1,108,0,0,0,108
08/05/2013,MLI,IL,AGL,CE,Combined TRACON& Tower with Radar,12,44,19,0,75,0,0,5,0,5,12,44,24,0,80,26,0,26,106
08/06/2013,MLI,IL,AGL,CE,Combined TRACON& Tower with Radar,12,44,18,0,74,0,1,6,0,7,12,45,24,0,81,16,0,16,97
08/07/2013,MLI,IL,AGL,CE,Combined TRACON& Tower with Radar,9,42,17,0,68,0,1,11,0,12,9,43,28,0,80,70,0,70,150
08/08/2013,MLI,IL,AGL,CE,Combined TRACON& Tower with Radar,12,45,23,0,80,0,0,22,0,22,12,45,45,0,102,42,0,42,144
08/09/2013,MLI,IL,AGL,CE,Combined TRACON& Tower with Radar,0,0,0,0,0,0,0,0,0,0,0,0,0,0,0,8,0,8,8
08/10/2013,MLI,IL,AGL,CE,Combined TRACON& Tower with Radar,0,0,0,0,0,0,0,0,0,0,0,0,0,0,0,28,0,28,28
08/11/2013,MLI,IL,AGL,CE,Combined TRACON& Tower with Radar,0,0,0,0,0,0,0,0,0,0,0,0,0,0,0,16,0,16,16
08/12/2013,MLI,IL,AGL,CE,Combined TRACON& Tower with Radar,19,63,25,0,107,0,1,20,0,21,19,64,45,0,128,0,0,0,128
08/13/2013,MLI,IL,AGL,CE,Combined TRACON& Tower with Radar,6,50,21,0,77,0,0,23,0,23,6,50,44,0,100,30,0,30,130
08/14/2013,MLI,IL,AGL,CE,Combined TRACON& Tower with Radar,6,47,15,0,68,0,0,25,0,25,6,47,40,0,93,48,0,48,141
08/15/2013,MLI,IL,AGL,CE,Combined TRACON& Tower with Radar,8,53,24,0,85,0,0,31,0,31,8,53,55,0,116,26,0,26,142
08/16/2013,MLI,IL,AGL,CE,Combined TRACON& Tower with Radar,10,49,35,0,94,0,0,36,0,36,10,49,71,0,130,0,0,0,130
08/17/2013,MLI,IL,AGL,CE,Combined TRACON& Tower with Radar,3,35,8,0,46,0,0,33,0,33,3,35,41,0,79,6,0,6,85
08/18/2013,MLI,IL,AGL,CE,Combined TRACON& Tower with Radar,7,42,8,0,57,0,0,25,0,25,7,42,33,0,82,30,0,30,112
08/19/2013,MLI,IL,AGL,CE,Combined TRACON& Tower with Radar,10,46,24,2,82,0,0,6,2,8,10,46,30,4,90,0,0,0,90
08/20/2013,MLI,IL,AGL,CE,Combined TRACON& Tower with Radar,6,48,23,4,81,0,0,26,0,26,6,48,49,4,107,24,0,24,131
08/21/2013,MLI,IL,AGL,CE,Combined TRACON& Tower with Radar,6,49,16,0,71,0,0,18,0,18,6,49,34,0,89,30,0,30,119
08/22/2013,MLI,IL,AGL,CE,Combined TRACON& Tower with Radar,8,41,22,2,73,0,0,6,0,6,8,41,28,2,79,30,0,30,109
08/23/2013,MLI,IL,AGL,CE,Combined TRACON& Tower with Radar,8,46,34,6,94,0,0,13,0,13,8,46,47,6,107,4,0,4,111
08/24/2013,MLI,IL,AGL,CE,Combined TRACON& Tower with Radar,6,31,7,0,44,0,0,12,0,12,6,31,19,0,56,0,0,0,56
08/25/2013,MLI,IL,AGL,CE,Combined TRACON& Tower with Radar,8,41,6,2,57,0,0,17,0,17,8,41,23,2,74,10,0,10,84
08/26/2013,MLI,IL,AGL,CE,Combined TRACON& Tower with Radar,8,55,22,0,85,0,0,8,0,8,8,55,30,0,93,6,0,6,99
08/27/2013,MLI,IL,AGL,CE,Combined TRACON& Tower with Radar,6,57,16,0,79,0,0,15,0,15,6,57,31,0,94,4,0,4,98
08/28/2013,MLI,IL,AGL,CE,Combined TRACON& Tower with Radar,6,48,20,0,74,0,0,22,0,22,6,48,42,0,96,4,0,4,100
08/29/2013,MLI,IL,AGL,CE,Combined TRACON& Tower with Radar,12,48,18,0,78,0,0,16,0,16,12,48,34,0,94,2,0,2,96
08/30/2013,MLI,IL,AGL,CE,Combined TRACON& Tower with Radar,10,48,22,0,80,0,0,10,4,14,10,48,32,4,94,6,0,6,100
08/31/2013,MLI,IL,AGL,CE,Combined TRACON& Tower with Radar,6,26,7,2,41,0,0,15,0,15,6,26,22,2,56,0,0,0,56
09/01/2013,MLI,IL,AGL,CE,Combined TRACON& Tower with Radar,6,21,3,0,30,0,0,22,0,22,6,21,25,0,52,38,0,38,90
09/02/2013,MLI,IL,AGL,CE,Combined TRACON& Tower with Radar,8,34,5,0,47,0,0,36,0,36,8,34,41,0,83,16,0,16,99
09/03/2013,MLI,IL,AGL,CE,Combined TRACON& Tower with Radar,4,46,22,0,72,0,0,11,0,11,4,46,33,0,83,12,0,12,95
09/04/2013,MLI,IL,AGL,CE,Combined TRACON& Tower with Radar,6,44,27,1,78,0,0,11,0,11,6,44,38,1,89,10,0,10,99
09/05/2013,MLI,IL,AGL,CE,Combined TRACON& Tower with Radar,8,47,27,1,83,0,0,18,0,18,8,47,45,1,101,8,0,8,109
09/06/2013,MLI,IL,AGL,CE,Combined TRACON& Tower with Radar,8,42,22,0,72,0,0,21,0,21,8,42,43,0,93,18,0,18,111
09/07/2013,MLI,IL,AGL,CE,Combined TRACON& Tower with Radar,4,36,5,0,45,0,0,17,0,17,4,36,22,0,62,18,0,18,80
09/08/2013,MLI,IL,AGL,CE,Combined TRACON& Tower with Radar,10,40,11,1,62,0,1,16,0,17,10,41,27,1,79,14,0,14,93
09/09/2013,MLI,IL,AGL,CE,Combined TRACON& Tower with Radar,8,43,22,0,73,0,0,8,0,8,8,43,30,0,81,6,0,6,87
09/10/2013,MLI,IL,AGL,CE,Combined TRACON& Tower with Radar,6,46,38,0,90,0,0,10,0,10,6,46,48,0,100,12,0,12,112
09/11/2013,MLI,IL,AGL,CE,Combined TRACON& Tower with Radar,6,43,17,0,66,0,0,10,2,12,6,43,27,2,78,14,0,14,92
09/12/2013,MLI,IL,AGL,CE,Combined TRACON& Tower with Radar,8,49,15,2,74,0,0,7,0,7,8,49,22,2,81,56,0,56,137
09/13/2013,MLI,IL,AGL,CE,Combined TRACON& Tower with Radar,8,42,17,8,75,0,0,23,0,23,8,42,40,8,98,32,10,42,140
09/14/2013,MLI,IL,AGL,CE,Combined TRACON& Tower with Radar,4,34,7,15,60,0,0,33,3,36,4,34,40,18,96,16,30,46,142
09/15/2013,MLI,IL,AGL,CE,Combined TRACON& Tower with Radar,7,43,20,0,70,0,0,2,0,2,7,43,22,0,72,52,0,52,124
09/16/2013,MLI,IL,AGL,CE,Combined TRACON& Tower with Radar,8,46,29,2,85,0,0,10,0,10,8,46,39,2,95,8,4,12,107
09/17/2013,MLI,IL,AGL,CE,Combined TRACON& Tower with Radar,6,50,18,0,74,0,0,15,0,15,6,50,33,0,89,20,0,20,109
09/18/2013,MLI,IL,AGL,CE,Combined TRACON& Tower with Radar,6,45,27,0,78,0,0,12,2,14,6,45,39,2,92,24,0,24,116
09/19/2013,MLI,IL,AGL,CE,Combined TRACON& Tower with Radar,11,37,15,0,63,0,0,8,0,8,11,37,23,0,71,0,0,0,71
09/20/2013,MLI,IL,AGL,CE,Combined TRACON& Tower with Radar,9,45,18,12,84,0,0,15,0,15,9,45,33,12,99,26,14,40,139
09/21/2013,MLI,IL,AGL,CE,Combined TRACON& Tower with Radar,4,31,11,0,46,0,0,23,0,23,4,31,34,0,69,26,0,26,95
09/22/2013,MLI,IL,AGL,CE,Combined TRACON& Tower with Radar,9,42,12,0,63,0,0,17,0,17,9,42,29,0,80,16,0,16,96
09/23/2013,MLI,IL,AGL,CE,Combined TRACON& Tower with Radar,6,51,18,0,75,0,0,17,0,17,6,51,35,0,92,20,0,20,112
09/24/2013,MLI,IL,AGL,CE,Combined TRACON& Tower with Radar,8,47,22,0,77,0,1,21,0,22,8,48,43,0,99,28,0,28,127
09/25/2013,MLI,IL,AGL,CE,Combined TRACON& Tower with Radar,9,42,15,0,66,0,0,14,0,14,9,42,29,0,80,22,0,22,102
09/26/2013,MLI,IL,AGL,CE,Combined TRACON& Tower with Radar,12,46,23,0,81,0,1,26,0,27,12,47,49,0,108,6,0,6,114
09/27/2013,MLI,IL,AGL,CE,Combined TRACON& Tower with Radar,12,39,17,0,68,0,0,13,0,13,12,39,30,0,81,16,0,16,97
09/28/2013,MLI,IL,AGL,CE,Combined TRACON& Tower with Radar,8,29,4,0,41,0,0,0,0,0,8,29,4,0,41,0,0,0,41
09/29/2013,MLI,IL,AGL,CE,Combined TRACON& Tower with Radar,8,39,15,0,62,0,0,14,0,14,8,39,29,0,76,12,0,12,88
09/30/2013,MLI,IL,AGL,CE,Combined TRACON& Tower with Radar,12,39,30,0,81,0,0,16,0,16,12,39,46,0,97,40,0,40,137
10/01/2013,MLI,IL,AGL,CE,Combined TRACON& Tower with Radar,10,40,17,0,67,0,0,13,0,13,10,40,30,0,80,0,0,0,80
10/02/2013,MLI,IL,AGL,CE,Combined TRACON& Tower with Radar,10,43,21,0,74,0,0,20,0,20,10,43,41,0,94,40,0,40,134
10/03/2013,MLI,IL,AGL,CE,Combined TRACON& Tower with Radar,16,43,26,0,85,0,0,6,0,6,16,43,32,0,91,20,0,20,111
10/04/2013,MLI,IL,AGL,CE,Combined TRACON& Tower with Radar,14,45,17,0,76,0,0,3,0,3,14,45,20,0,79,4,0,4,83
10/05/2013,MLI,IL,AGL,CE,Combined TRACON& Tower with Radar,8,33,9,0,50,0,0,4,0,4,8,33,13,0,54,0,0,0,54
10/06/2013,MLI,IL,AGL,CE,Combined TRACON& Tower with Radar,9,42,12,0,63,0,0,8,0,8,9,42,20,0,71,18,0,18,89
10/07/2013,MLI,IL,AGL,CE,Combined TRACON& Tower with Radar,13,43,25,0,81,0,0,11,0,11,13,43,36,0,92,34,0,34,126
10/08/2013,MLI,IL,AGL,CE,Combined TRACON& Tower with Radar,10,42,8,0,60,0,0,27,0,27,10,42,35,0,87,20,0,20,107
10/09/2013,MLI,IL,AGL,CE,Combined TRACON& Tower with Radar,10,40,21,0,71,0,0,25,0,25,10,40,46,0,96,56,0,56,152
10/10/2013,MLI,IL,AGL,CE,Combined TRACON& Tower with Radar,14,46,20,0,80,0,0,23,0,23,14,46,43,0,103,24,0,24,127
10/11/2013,MLI,IL,AGL,CE,Combined TRACON& Tower with Radar,12,46,17,0,75,0,0,15,0,15,12,46,32,0,90,0,0,0,90
10/12/2013,MLI,IL,AGL,CE,Combined TRACON& Tower with Radar,8,27,15,0,50,0,0,11,0,11,8,27,26,0,61,4,0,4,65
10/13/2013,MLI,IL,AGL,CE,Combined TRACON& Tower with Radar,10,43,21,0,74,0,0,38,0,38,10,43,59,0,112,34,0,34,146
10/14/2013,MLI,IL,AGL,CE,Combined TRACON& Tower with Radar,14,41,15,0,70,0,0,4,0,4,14,41,19,0,74,8,0,8,82
10/15/2013,MLI,IL,AGL,CE,Combined TRACON& Tower with Radar,9,42,10,0,61,0,0,2,0,2,9,42,12,0,63,34,0,34,97
10/16/2013,MLI,IL,AGL,CE,Combined TRACON& Tower with Radar,10,42,25,0,77,0,0,8,0,8,10,42,33,0,85,0,0,0,85
10/17/2013,MLI,IL,AGL,CE,Combined TRACON& Tower with Radar,16,42,20,0,78,0,0,17,0,17,16,42,37,0,95,0,0,0,95
10/18/2013,MLI,IL,AGL,CE,Combined TRACON& Tower with Radar,16,51,39,0,106,0,0,15,0,15,16,51,54,0,121,10,0,10,131
10/19/2013,MLI,IL,AGL,CE,Combined TRACON& Tower with Radar,8,35,13,0,56,0,0,23,0,23,8,35,36,0,79,42,0,42,121
10/20/2013,MLI,IL,AGL,CE,Combined TRACON& Tower with Radar,10,50,18,0,78,0,0,18,0,18,10,50,36,0,96,62,0,62,158
10/21/2013,MLI,IL,AGL,CE,Combined TRACON& Tower with Radar,14,49,16,0,79,0,0,10,0,10,14,49,26,0,89,14,0,14,103
10/22/2013,MLI,IL,AGL,CE,Combined TRACON& Tower with Radar,10,44,6,0,60,0,0,0,0,0,10,44,6,0,60,0,0,0,60
10/23/2013,MLI,IL,AGL,CE,Combined TRACON& Tower with Radar,10,43,8,1,62,0,0,14,1,15,10,43,22,2,77,16,0,16,93
10/24/2013,MLI,IL,AGL,CE,Combined TRACON& Tower with Radar,14,46,17,1,78,0,0,19,1,20,14,46,36,2,98,20,0,20,118
10/25/2013,MLI,IL,AGL,CE,Combined TRACON& Tower with Radar,14,44,24,2,84,0,0,16,0,16,14,44,40,2,100,28,0,28,128
10/26/2013,MLI,IL,AGL,CE,Combined TRACON& Tower with Radar,8,32,12,0,52,0,0,12,0,12,8,32,24,0,64,8,0,8,72
10/27/2013,MLI,IL,AGL,CE,Combined TRACON& Tower with Radar,9,43,21,2,75,0,0,24,0,24,9,43,45,2,99,0,0,0,99
10/28/2013,MLI,IL,AGL,CE,Combined TRACON& Tower with Radar,13,44,23,2,82,0,0,19,0,19,13,44,42,2,101,0,0,0,101
10/29/2013,MLI,IL,AGL,CE,Combined TRACON& Tower with Radar,10,44,17,0,71,0,0,14,0,14,10,44,31,0,85,32,0,32,117
10/30/2013,MLI,IL,AGL,CE,Combined TRACON& Tower with Radar,15,45,23,0,83,0,0,0,0,0,15,45,23,0,83,0,0,0,83
10/31/2013,MLI,IL,AGL,CE,Combined TRACON& Tower with Radar,17,40,21,0,78,0,0,2,0,2,17,40,23,0,80,0,0,0,80
11/01/2013,MLI,IL,AGL,CE,Combined TRACON& Tower with Radar,16,49,23,4,92,0,0,6,0,6,16,49,29,4,98,30,0,30,128
11/02/2013,MLI,IL,AGL,CE,Combined TRACON& Tower with Radar,10,34,11,0,55,0,0,10,0,10,10,34,21,0,65,34,0,34,99
11/03/2013,MLI,IL,AGL,CE,Combined TRACON& Tower with Radar,14,40,18,0,72,0,0,25,0,25,14,40,43,0,97,36,0,36,133
11/04/2013,MLI,IL,AGL,CE,Combined TRACON& Tower with Radar,16,35,20,0,71,0,0,5,0,5,16,35,25,0,76,0,0,0,76
11/05/2013,MLI,IL,AGL,CE,Combined TRACON& Tower with Radar,10,43,20,0,73,0,0,1,0,1,10,43,21,0,74,0,0,0,74
11/06/2013,MLI,IL,AGL,CE,Combined TRACON& Tower with Radar,7,40,30,0,77,0,0,9,0,9,7,40,39,0,86,10,0,10,96
11/07/2013,MLI,IL,AGL,CE,Combined TRACON& Tower with Radar,13,41,30,0,84,0,0,12,0,12,13,41,42,0,96,12,0,12,108
11/08/2013,MLI,IL,AGL,CE,Combined TRACON& Tower with Radar,15,45,7,2,69,0,0,8,4,12,15,45,15,6,81,34,0,34,115
11/09/2013,MLI,IL,AGL,CE,Combined TRACON& Tower with Radar,8,28,14,0,50,0,0,6,0,6,8,28,20,0,56,0,0,0,56
11/10/2013,MLI,IL,AGL,CE,Combined TRACON& Tower with Radar,14,40,20,0,74,0,2,19,0,21,14,42,39,0,95,0,0,0,95
11/11/2013,MLI,IL,AGL,CE,Combined TRACON& Tower with Radar,17,42,16,0,75,0,0,3,0,3,17,42,19,0,78,0,0,0,78
11/12/2013,MLI,IL,AGL,CE,Combined TRACON& Tower with Radar,10,42,16,0,68,0,0,13,4,17,10,42,29,4,85,22,0,22,107
11/13/2013,MLI,IL,AGL,CE,Combined TRACON& Tower with Radar,7,51,17,1,76,0,0,14,1,15,7,51,31,2,91,42,0,42,133
11/14/2013,MLI,IL,AGL,CE,Combined TRACON& Tower with Radar,13,43,18,0,74,0,0,18,0,18,13,43,36,0,92,20,0,20,112
11/15/2013,MLI,IL,AGL,CE,Combined TRACON& Tower with Radar,15,44,20,9,88,0,0,9,1,10,15,44,29,10,98,4,16,20,118
11/16/2013,MLI,IL,AGL,CE,Combined TRACON& Tower with Radar,8,28,9,0,45,0,0,1,0,1,8,28,10,0,46,0,0,0,46
11/17/2013,MLI,IL,AGL,CE,Combined TRACON& Tower with Radar,15,32,1,2,50,0,0,0,0,0,15,32,1,2,50,0,0,0,50
11/18/2013,MLI,IL,AGL,CE,Combined TRACON& Tower with Radar,15,41,7,0,63,0,0,8,0,8,15,41,15,0,71,16,0,16,87
11/19/2013,MLI,IL,AGL,CE,Combined TRACON& Tower with Radar,10,39,26,0,75,0,0,29,0,29,10,39,55,0,104,48,0,48,152
11/20/2013,MLI,IL,AGL,CE,Combined TRACON& Tower with Radar,7,43,24,0,74,0,0,4,0,4,7,43,28,0,78,0,0,0,78
11/21/2013,MLI,IL,AGL,CE,Combined TRACON& Tower with Radar,13,38,20,0,71,0,0,2,0,2,13,38,22,0,73,0,0,0,73
11/22/2013,MLI,IL,AGL,CE,Combined TRACON& Tower with Radar,15,43,18,3,79,0,0,7,2,9,15,43,25,5,88,0,14,14,102
11/23/2013,MLI,IL,AGL,CE,Combined TRACON& Tower with Radar,8,27,7,0,42,0,0,2,0,2,8,27,9,0,44,0,0,0,44
11/24/2013,MLI,IL,AGL,CE,Combined TRACON& Tower with Radar,13,28,8,2,51,0,0,15,0,15,13,28,23,2,66,10,0,10,76
11/25/2013,MLI,IL,AGL,CE,Combined TRACON& Tower with Radar,14,31,15,2,62,0,0,8,0,8,14,31,23,2,70,24,0,24,94
11/26/2013,MLI,IL,AGL,CE,Combined TRACON& Tower with Radar,13,30,14,2,59,0,0,14,0,14,13,30,28,2,73,66,0,66,139
11/27/2013,MLI,IL,AGL,CE,Combined TRACON& Tower with Radar,13,39,8,0,60,0,0,18,0,18,13,39,26,0,78,52,0,52,130
11/28/2013,MLI,IL,AGL,CE,Combined TRACON& Tower with Radar,6,22,2,0,30,0,0,8,0,8,6,22,10,0,38,6,0,6,44
11/29/2013,MLI,IL,AGL,CE,Combined TRACON& Tower with Radar,13,25,9,0,47,0,0,19,0,19,13,25,28,0,66,12,0,12,78
11/30/2013,MLI,IL,AGL,CE,Combined TRACON& Tower with Radar,12,35,9,0,56,0,0,18,0,18,12,35,27,0,74,0,0,0,74
12/01/2013,MLI,IL,AGL,CE,Combined TRACON& Tower with Radar,11,40,15,0,66,0,0,14,0,14,11,40,29,0,80,12,0,12,92
12/02/2013,MLI,IL,AGL,CE,Combined TRACON& Tower with Radar,13,45,26,0,84,0,0,1,0,1,13,45,27,0,85,0,0,0,85
12/03/2013,MLI,IL,AGL,CE,Combined TRACON& Tower with Radar,10,43,21,0,74,0,0,0,0,0,10,43,21,0,74,0,0,0,74
12/04/2013,MLI,IL,AGL,CE,Combined TRACON& Tower with Radar,7,40,19,0,66,0,0,0,0,0,7,40,19,0,66,0,0,0,66
12/05/2013,MLI,IL,AGL,CE,Combined TRACON& Tower with Radar,10,45,25,0,80,0,2,4,0,6,10,47,29,0,86,0,0,0,86
12/06/2013,MLI,IL,AGL,CE,Combined TRACON& Tower with Radar,12,33,16,0,61,0,0,6,0,6,12,33,22,0,67,0,0,0,67
12/07/2013,MLI,IL,AGL,CE,Combined TRACON& Tower with Radar,8,23,13,0,44,0,0,16,0,16,8,23,29,0,60,0,0,0,60
12/08/2013,MLI,IL,AGL,CE,Combined TRACON& Tower with Radar,10,23,6,0,39,0,0,0,0,0,10,23,6,0,39,0,0,0,39
12/09/2013,MLI,IL,AGL,CE,Combined TRACON& Tower with Radar,11,27,15,0,53,0,0,1,0,1,11,27,16,0,54,0,0,0,54
12/10/2013,MLI,IL,AGL,CE,Combined TRACON& Tower with Radar,5,32,29,0,66,0,0,8,0,8,5,32,37,0,74,0,0,0,74
12/11/2013,MLI,IL,AGL,CE,Combined TRACON& Tower with Radar,7,44,10,0,61,0,0,6,0,6,7,44,16,0,67,0,0,0,67
12/12/2013,MLI,IL,AGL,CE,Combined TRACON& Tower with Radar,10,46,19,0,75,0,0,10,0,10,10,46,29,0,85,0,0,0,85
12/13/2013,MLI,IL,AGL,CE,Combined TRACON& Tower with Radar,12,44,9,0,65,0,0,6,0,6,12,44,15,0,71,28,0,28,99
12/14/2013,MLI,IL,AGL,CE,Combined TRACON& Tower with Radar,7,26,5,0,38,0,0,0,0,0,7,26,5,0,38,0,0,0,38
12/15/2013,MLI,IL,AGL,CE,Combined TRACON& Tower with Radar,9,32,12,0,53,0,0,13,0,13,9,32,25,0,66,24,0,24,90
12/16/2013,MLI,IL,AGL,CE,Combined TRACON& Tower with Radar,10,39,20,0,69,0,0,0,0,0,10,39,20,0,69,0,0,0,69
12/17/2013,MLI,IL,AGL,CE,Combined TRACON& Tower with Radar,5,39,18,0,62,0,0,2,0,2,5,39,20,0,64,0,0,0,64
12/18/2013,MLI,IL,AGL,CE,Combined TRACON& Tower with Radar,6,40,22,0,68,0,0,8,0,8,6,40,30,0,76,0,0,0,76
12/19/2013,MLI,IL,AGL,CE,Combined TRACON& Tower with Radar,10,43,21,0,74,0,0,8,0,8,10,43,29,0,82,12,0,12,94
12/20/2013,MLI,IL,AGL,CE,Combined TRACON& Tower with Radar,12,35,5,0,52,0,0,0,0,0,12,35,5,0,52,0,0,0,52
12/21/2013,MLI,IL,AGL,CE,Combined TRACON& Tower with Radar,7,29,2,0,38,0,0,0,0,0,7,29,2,0,38,0,0,0,38
12/22/2013,MLI,IL,AGL,CE,Combined TRACON& Tower with Radar,8,28,4,0,40,0,0,0,0,0,8,28,4,0,40,0,0,0,40
12/23/2013,MLI,IL,AGL,CE,Combined TRACON& Tower with Radar,10,29,4,0,43,0,0,0,0,0,10,29,4,0,43,4,0,4,47
12/24/2013,MLI,IL,AGL,CE,Combined TRACON& Tower with Radar,7,28,0,0,35,0,0,2,0,2,7,28,2,0,37,0,0,0,37
12/25/2013,MLI,IL,AGL,CE,Combined TRACON& Tower with Radar,7,27,2,0,36,0,0,0,0,0,7,27,2,0,36,0,0,0,36
12/26/2013,MLI,IL,AGL,CE,Combined TRACON& Tower with Radar,10,34,5,0,49,0,0,4,0,4,10,34,9,0,53,0,0,0,53
12/27/2013,MLI,IL,AGL,CE,Combined TRACON& Tower with Radar,8,36,14,0,58,0,0,11,0,11,8,36,25,0,69,34,0,34,103
12/28/2013,MLI,IL,AGL,CE,Combined TRACON& Tower with Radar,7,35,10,0,52,0,0,18,0,18,7,35,28,0,70,22,0,22,92
12/29/2013,MLI,IL,AGL,CE,Combined TRACON& Tower with Radar,11,32,6,0,49,0,0,2,0,2,11,32,8,0,51,0,0,0,51
12/30/2013,MLI,IL,AGL,CE,Combined TRACON& Tower with Radar,12,33,18,0,63,0,0,1,0,1,12,33,19,0,64,0,0,0,64
12/31/2013,MLI,IL,AGL,CE,Combined TRACON& Tower with Radar,7,28,6,0,41,0,0,6,0,6,7,28,12,0,47,2,0,2,49
01/01/2014,MLI,IL,AGL,CE,Combined TRACON& Tower with Radar,2,10,0,0,12,0,0,0,0,0,2,10,0,0,12,0,0,0,12
01/02/2014,MLI,IL,AGL,CE,Combined TRACON& Tower with Radar,9,17,5,0,31,0,0,5,0,5,9,17,10,0,36,0,0,0,36
01/03/2014,MLI,IL,AGL,CE,Combined TRACON& Tower with Radar,12,33,10,0,55,0,0,12,0,12,12,33,22,0,67,0,0,0,67
01/04/2014,MLI,IL,AGL,CE,Combined TRACON& Tower with Radar,6,32,8,0,46,0,0,2,0,2,6,32,10,0,48,0,0,0,48
01/05/2014,MLI,IL,AGL,CE,Combined TRACON& Tower with Radar,12,14,6,2,34,0,0,0,0,0,12,14,6,2,34,0,0,0,34
01/06/2014,MLI,IL,AGL,CE,Combined TRACON& Tower with Radar,11,17,6,0,34,0,0,1,0,1,11,17,7,0,35,0,0,0,35
01/07/2014,MLI,IL,AGL,CE,Combined TRACON& Tower with Radar,8,18,4,0,30,0,0,2,0,2,8,18,6,0,32,16,0,16,48
01/08/2014,MLI,IL,AGL,CE,Combined TRACON& Tower with Radar,6,27,10,0,43,0,0,5,0,5,6,27,15,0,48,0,0,0,48
01/09/2014,MLI,IL,AGL,CE,Combined TRACON& Tower with Radar,11,27,13,0,51,0,0,2,0,2,11,27,15,0,53,0,0,0,53
01/10/2014,MLI,IL,AGL,CE,Combined TRACON& Tower with Radar,14,22,15,0,51,0,0,0,0,0,14,22,15,0,51,0,0,0,51
01/11/2014,MLI,IL,AGL,CE,Combined TRACON& Tower with Radar,7,27,4,0,38,0,0,0,0,0,7,27,4,0,38,6,0,6,44
01/12/2014,MLI,IL,AGL,CE,Combined TRACON& Tower with Radar,14,27,10,1,52,0,0,6,1,7,14,27,16,2,59,10,0,10,69
01/13/2014,MLI,IL,AGL,CE,Combined TRACON& Tower with Radar,15,29,21,0,65,0,0,19,0,19,15,29,40,0,84,24,0,24,108
01/14/2014,MLI,IL,AGL,CE,Combined TRACON& Tower with Radar,10,30,11,0,51,0,0,0,0,0,10,30,11,0,51,0,0,0,51
01/15/2014,MLI,IL,AGL,CE,Combined TRACON& Tower with Radar,8,36,22,0,66,0,0,11,0,11,8,36,33,0,77,34,0,34,111
01/16/2014,MLI,IL,AGL,CE,Combined TRACON& Tower with Radar,14,31,16,0,61,0,0,6,0,6,14,31,22,0,67,0,0,0,67
01/17/2014,MLI,IL,AGL,CE,Combined TRACON& Tower with Radar,13,35,18,2,68,0,0,2,0,2,13,35,20,2,70,0,0,0,70
01/18/2014,MLI,IL,AGL,CE,Combined TRACON& Tower with Radar,8,21,1,0,30,0,0,0,0,0,8,21,1,0,30,0,0,0,30
01/19/2014,MLI,IL,AGL,CE,Combined TRACON& Tower with Radar,12,25,9,0,46,0,0,20,0,20,12,25,29,0,66,26,0,26,92
01/20/2014,MLI,IL,AGL,CE,Combined TRACON& Tower with Radar,16,30,21,0,67,0,0,8,0,8,16,30,29,0,75,20,0,20,95
01/21/2014,MLI,IL,AGL,CE,Combined TRACON& Tower with Radar,10,29,20,0,59,0,0,8,0,8,10,29,28,0,67,0,0,0,67
01/22/2014,MLI,IL,AGL,CE,Combined TRACON& Tower with Radar,8,36,26,0,70,0,0,11,0,11,8,36,37,0,81,2,0,2,83
01/23/2014,MLI,IL,AGL,CE,Combined TRACON& Tower with Radar,10,23,13,0,46,0,0,6,0,6,10,23,19,0,52,0,0,0,52
01/24/2014,MLI,IL,AGL,CE,Combined TRACON& Tower with Radar,20,23,11,0,54,0,0,1,0,1,20,23,12,0,55,0,0,0,55
01/25/2014,MLI,IL,AGL,CE,Combined TRACON& Tower with Radar,6,21,3,0,30,0,0,2,0,2,6,21,5,0,32,6,0,6,38
01/26/2014,MLI,IL,AGL,CE,Combined TRACON& Tower with Radar,13,24,21,0,58,0,0,0,0,0,13,24,21,0,58,12,0,12,70
01/27/2014,MLI,IL,AGL,CE,Combined TRACON& Tower with Radar,16,26,14,0,56,0,0,4,0,4,16,26,18,0,60,0,0,0,60
01/28/2014,MLI,IL,AGL,CE,Combined TRACON& Tower with Radar,4,29,13,0,46,0,0,2,0,2,4,29,15,0,48,0,0,0,48
01/29/2014,MLI,IL,AGL,CE,Combined TRACON& Tower with Radar,2,33,27,1,63,0,0,11,1,12,2,33,38,2,75,0,0,0,75
01/30/2014,MLI,IL,AGL,CE,Combined TRACON& Tower with Radar,10,31,23,0,64,0,0,2,0,2,10,31,25,0,66,0,0,0,66
01/31/2014,MLI,IL,AGL,CE,Combined TRACON& Tower with Radar,13,34,18,0,65,0,0,4,0,4,13,34,22,0,69,0,0,0,69
02/01/2014,MLI,IL,AGL,CE,Combined TRACON& Tower with Radar,9,16,4,0,29,0,0,0,0,0,9,16,4,0,29,0,0,0,29
02/02/2014,MLI,IL,AGL,CE,Combined TRACON& Tower with Radar,14,24,9,0,47,0,1,14,0,15,14,25,23,0,62,52,0,52,114
02/03/2014,MLI,IL,AGL,CE,Combined TRACON& Tower with Radar,16,31,20,0,67,0,0,12,0,12,16,31,32,0,79,12,0,12,91
02/04/2014,MLI,IL,AGL,CE,Combined TRACON& Tower with Radar,10,30,11,0,51,0,0,1,0,1,10,30,12,0,52,0,0,0,52
02/05/2014,MLI,IL,AGL,CE,Combined TRACON& Tower with Radar,7,33,12,0,52,0,0,0,0,0,7,33,12,0,52,0,0,0,52
02/06/2014,MLI,IL,AGL,CE,Combined TRACON& Tower with Radar,14,30,17,0,61,0,0,7,0,7,14,30,24,0,68,0,0,0,68
02/07/2014,MLI,IL,AGL,CE,Combined TRACON& Tower with Radar,17,29,24,1,71,0,0,8,1,9,17,29,32,2,80,6,0,6,86
02/08/2014,MLI,IL,AGL,CE,Combined TRACON& Tower with Radar,7,21,1,0,29,0,0,0,0,0,7,21,1,0,29,0,0,0,29
02/09/2014,MLI,IL,AGL,CE,Combined TRACON& Tower with Radar,13,32,8,0,53,0,0,17,0,17,13,32,25,0,70,40,0,40,110
02/10/2014,MLI,IL,AGL,CE,Combined TRACON& Tower with Radar,14,29,15,0,58,0,0,12,0,12,14,29,27,0,70,30,0,30,100
02/11/2014,MLI,IL,AGL,CE,Combined TRACON& Tower with Radar,8,29,16,0,53,0,0,13,0,13,8,29,29,0,66,4,0,4,70
02/12/2014,MLI,IL,AGL,CE,Combined TRACON& Tower with Radar,2,36,22,2,62,0,0,6,0,6,2,36,28,2,68,0,0,0,68
02/13/2014,MLI,IL,AGL,CE,Combined TRACON& Tower with Radar,8,41,25,0,74,0,0,13,0,13,8,41,38,0,87,14,0,14,101
02/14/2014,MLI,IL,AGL,CE,Combined TRACON& Tower with Radar,8,32,20,1,61,0,0,3,1,4,8,32,23,2,65,0,0,0,65
02/15/2014,MLI,IL,AGL,CE,Combined TRACON& Tower with Radar,2,29,2,0,33,0,0,4,0,4,2,29,6,0,37,10,0,10,47
02/16/2014,MLI,IL,AGL,CE,Combined TRACON& Tower with Radar,13,31,7,0,51,0,0,8,0,8,13,31,15,0,59,4,0,4,63
02/17/2014,MLI,IL,AGL,CE,Combined TRACON& Tower with Radar,9,32,15,0,56,0,0,0,0,0,9,32,15,0,56,0,0,0,56
02/18/2014,MLI,IL,AGL,CE,Combined TRACON& Tower with Radar,6,35,39,0,80,0,0,11,0,11,6,35,50,0,91,0,0,0,91
02/19/2014,MLI,IL,AGL,CE,Combined TRACON& Tower with Radar,6,37,15,2,60,0,0,11,0,11,6,37,26,2,71,22,0,22,93
02/20/2014,MLI,IL,AGL,CE,Combined TRACON& Tower with Radar,19,34,16,0,69,0,0,0,0,0,19,34,16,0,69,0,0,0,69
02/21/2014,MLI,IL,AGL,CE,Combined TRACON& Tower with Radar,10,36,20,0,66,0,1,6,0,7,10,37,26,0,73,0,0,0,73
02/22/2014,MLI,IL,AGL,CE,Combined TRACON& Tower with Radar,4,30,10,0,44,0,0,13,0,13,4,30,23,0,57,16,0,16,73
02/23/2014,MLI,IL,AGL,CE,Combined TRACON& Tower with Radar,14,28,5,0,47,0,0,10,0,10,14,28,15,0,57,8,0,8,65
02/24/2014,MLI,IL,AGL,CE,Combined TRACON& Tower with Radar,9,36,18,0,63,0,0,9,0,9,9,36,27,0,72,16,0,16,88
02/25/2014,MLI,IL,AGL,CE,Combined TRACON& Tower with Radar,8,43,14,0,65,0,0,5,3,8,8,43,19,3,73,8,0,8,81
02/26/2014,MLI,IL,AGL,CE,Combined TRACON& Tower with Radar,6,39,14,0,59,0,1,6,0,7,6,40,20,0,66,0,0,0,66
02/27/2014,MLI,IL,AGL,CE,Combined TRACON& Tower with Radar,11,34,18,2,65,0,0,14,0,14,11,34,32,2,79,30,0,30,109
02/28/2014,MLI,IL,AGL,CE,Combined TRACON& Tower with Radar,10,41,10,10,71,0,0,13,0,13,10,41,23,10,84,40,0,40,124
03/01/2014,MLI,IL,AGL,CE,Combined TRACON& Tower with Radar,3,28,2,0,33,0,0,0,0,0,3,28,2,0,33,0,0,0,33
03/02/2014,MLI,IL,AGL,CE,Combined TRACON& Tower with Radar,12,32,5,0,49,0,0,2,0,2,12,32,7,0,51,18,0,18,69
03/03/2014,MLI,IL,AGL,CE,Combined TRACON& Tower with Radar,6,35,12,0,53,0,0,12,0,12,6,35,24,0,65,6,0,6,71
03/04/2014,MLI,IL,AGL,CE,Combined TRACON& Tower with Radar,6,36,22,0,64,0,0,21,0,21,6,36,43,0,85,16,0,16,101
03/05/2014,MLI,IL,AGL,CE,Combined TRACON& Tower with Radar,7,32,19,0,58,0,0,0,0,0,7,32,19,0,58,0,0,0,58
03/06/2014,MLI,IL,AGL,CE,Combined TRACON& Tower with Radar,11,38,18,0,67,0,0,19,0,19,11,38,37,0,86,0,0,0,86
03/07/2014,MLI,IL,AGL,CE,Combined TRACON& Tower with Radar,10,43,24,1,78,0,0,13,0,13,10,43,37,1,91,0,0,0,91
03/08/2014,MLI,IL,AGL,CE,Combined TRACON& Tower with Radar,8,28,9,1,46,0,0,3,2,5,8,28,12,3,51,24,0,24,75
03/09/2014,MLI,IL,AGL,CE,Combined TRACON& Tower with Radar,12,34,15,0,61,0,0,14,0,14,12,34,29,0,75,0,0,0,75
03/10/2014,MLI,IL,AGL,CE,Combined TRACON& Tower with Radar,10,40,14,0,64,0,0,8,4,12,10,40,22,4,76,2,0,2,78
03/11/2014,MLI,IL,AGL,CE,Combined TRACON& Tower with Radar,8,43,22,0,73,0,0,9,0,9,8,43,31,0,82,4,0,4,86
03/12/2014,MLI,IL,AGL,CE,Combined TRACON& Tower with Radar,5,35,4,0,44,0,0,3,0,3,5,35,7,0,47,0,0,0,47
03/13/2014,MLI,IL,AGL,CE,Combined TRACON& Tower with Radar,12,41,25,0,78,0,0,18,0,18,12,41,43,0,96,10,0,10,106
03/14/2014,MLI,IL,AGL,CE,Combined TRACON& Tower with Radar,9,38,17,0,64,0,0,19,0,19,9,38,36,0,83,22,0,22,105
03/15/2014,MLI,IL,AGL,CE,Combined TRACON& Tower with Radar,8,35,11,0,54,0,0,16,0,16,8,35,27,0,70,44,0,44,114
03/16/2014,MLI,IL,AGL,CE,Combined TRACON& Tower with Radar,12,36,7,0,55,0,0,5,0,5,12,36,12,0,60,0,0,0,60
03/17/2014,MLI,IL,AGL,CE,Combined TRACON& Tower with Radar,9,33,34,0,76,0,0,17,0,17,9,33,51,0,93,10,0,10,103
03/18/2014,MLI,IL,AGL,CE,Combined TRACON& Tower with Radar,8,40,17,0,65,0,0,10,0,10,8,40,27,0,75,8,0,8,83
03/19/2014,MLI,IL,AGL,CE,Combined TRACON& Tower with Radar,6,37,13,0,56,0,0,2,0,2,6,37,15,0,58,0,0,0,58
03/20/2014,MLI,IL,AGL,CE,Combined TRACON& Tower with Radar,12,35,23,1,71,0,0,36,1,37,12,35,59,2,108,58,0,58,166
03/21/2014,MLI,IL,AGL,CE,Combined TRACON& Tower with Radar,9,39,22,0,70,0,1,17,0,18,9,40,39,0,88,0,0,0,88
03/22/2014,MLI,IL,AGL,CE,Combined TRACON& Tower with Radar,10,31,12,0,53,0,0,7,0,7,10,31,19,0,60,0,0,0,60
03/23/2014,MLI,IL,AGL,CE,Combined TRACON& Tower with Radar,11,36,11,0,58,0,0,18,0,18,11,36,29,0,76,0,0,0,76
03/24/2014,MLI,IL,AGL,CE,Combined TRACON& Tower with Radar,11,39,25,0,75,0,0,7,0,7,11,39,32,0,82,6,0,6,88
03/25/2014,MLI,IL,AGL,CE,Combined TRACON& Tower with Radar,7,44,25,0,76,0,0,13,0,13,7,44,38,0,89,2,0,2,91
03/26/2014,MLI,IL,AGL,CE,Combined TRACON& Tower with Radar,6,42,25,3,76,0,0,8,3,11,6,42,33,6,87,4,0,4,91
03/27/2014,MLI,IL,AGL,CE,Combined TRACON& Tower with Radar,13,39,20,0,72,0,0,7,0,7,13,39,27,0,79,0,0,0,79
03/28/2014,MLI,IL,AGL,CE,Combined TRACON& Tower with Radar,8,42,15,0,65,0,0,2,0,2,8,42,17,0,67,0,0,0,67
03/29/2014,MLI,IL,AGL,CE,Combined TRACON& Tower with Radar,8,28,17,0,53,0,0,13,0,13,8,28,30,0,66,18,0,18,84
03/30/2014,MLI,IL,AGL,CE,Combined TRACON& Tower with Radar,12,38,6,4,60,0,0,17,0,17,12,38,23,4,77,8,0,8,85
03/31/2014,MLI,IL,AGL,CE,Combined TRACON& Tower with Radar,12,42,18,2,74,0,0,4,0,4,12,42,22,2,78,0,0,0,78
04/01/2014,MLI,IL,AGL,CE,Combined TRACON& Tower with Radar,6,42,22,4,74,0,1,17,0,18,6,43,39,4,92,30,0,30,122
04/02/2014,MLI,IL,AGL,CE,Combined TRACON& Tower with Radar,6,38,14,0,58,0,0,2,0,2,6,38,16,0,60,0,0,0,60
04/03/2014,MLI,IL,AGL,CE,Combined TRACON& Tower with Radar,11,31,8,0,50,0,0,0,0,0,11,31,8,0,50,0,0,0,50
04/04/2014,MLI,IL,AGL,CE,Combined TRACON& Tower with Radar,9,38,18,0,65,0,0,2,0,2,9,38,20,0,67,0,0,0,67
04/05/2014,MLI,IL,AGL,CE,Combined TRACON& Tower with Radar,8,27,7,0,42,0,0,34,0,34,8,27,41,0,76,0,0,0,76
04/06/2014,MLI,IL,AGL,CE,Combined TRACON& Tower with Radar,12,33,9,0,54,0,0,19,0,19,12,33,28,0,73,52,0,52,125
04/07/2014,MLI,IL,AGL,CE,Combined TRACON& Tower with Radar,9,34,6,0,49,0,0,3,0,3,9,34,9,0,52,0,0,0,52
04/08/2014,MLI,IL,AGL,CE,Combined TRACON& Tower with Radar,6,41,23,0,70,0,0,26,0,26,6,41,49,0,96,8,0,8,104
04/09/2014,MLI,IL,AGL,CE,Combined TRACON& Tower with Radar,6,37,20,0,63,0,0,27,0,27,6,37,47,0,90,32,0,32,122
04/10/2014,MLI,IL,AGL,CE,Combined TRACON& Tower with Radar,11,41,23,0,75,0,0,6,0,6,11,41,29,0,81,16,0,16,97
04/11/2014,MLI,IL,AGL,CE,Combined TRACON& Tower with Radar,10,40,16,14,80,0,0,28,0,28,10,40,44,14,108,4,18,22,130
04/12/2014,MLI,IL,AGL,CE,Combined TRACON& Tower with Radar,8,32,18,0,58,0,0,11,3,14,8,32,29,3,72,0,0,0,72
04/13/2014,MLI,IL,AGL,CE,Combined TRACON& Tower with Radar,12,31,9,0,52,0,0,0,0,0,12,31,9,0,52,16,0,16,68
04/14/2014,MLI,IL,AGL,CE,Combined TRACON& Tower with Radar,10,35,23,0,68,0,0,0,0,0,10,35,23,0,68,4,0,4,72
04/15/2014,MLI,IL,AGL,CE,Combined TRACON& Tower with Radar,6,38,24,2,70,0,0,31,0,31,6,38,55,2,101,0,0,0,101
04/16/2014,MLI,IL,AGL,CE,Combined TRACON& Tower with Radar,8,41,14,0,63,0,0,12,0,12,8,41,26,0,75,10,0,10,85
04/17/2014,MLI,IL,AGL,CE,Combined TRACON& Tower with Radar,12,37,24,0,73,0,0,13,0,13,12,37,37,0,86,12,0,12,98
04/18/2014,MLI,IL,AGL,CE,Combined TRACON& Tower with Radar,8,39,24,0,71,0,0,41,0,41,8,39,65,0,112,30,0,30,142
04/19/2014,MLI,IL,AGL,CE,Combined TRACON& Tower with Radar,6,27,13,0,46,0,0,35,0,35,6,27,48,0,81,14,0,14,95
04/20/2014,MLI,IL,AGL,CE,Combined TRACON& Tower with Radar,12,32,3,0,47,0,0,9,0,9,12,32,12,0,56,6,0,6,62
04/21/2014,MLI,IL,AGL,CE,Combined TRACON& Tower with Radar,10,42,23,0,75,0,0,4,0,4,10,42,27,0,79,12,0,12,91
04/22/2014,MLI,IL,AGL,CE,Combined TRACON& Tower with Radar,6,42,23,0,71,0,2,16,0,18,6,44,39,0,89,20,0,20,109
04/23/2014,MLI,IL,AGL,CE,Combined TRACON& Tower with Radar,5,47,28,0,80,0,0,14,0,14,5,47,42,0,94,26,0,26,120
04/24/2014,MLI,IL,AGL,CE,Combined TRACON& Tower with Radar,12,39,21,0,72,0,0,6,0,6,12,39,27,0,78,12,0,12,90
04/25/2014,MLI,IL,AGL,CE,Combined TRACON& Tower with Radar,12,46,19,0,77,0,0,16,0,16,12,46,35,0,93,54,0,54,147
04/26/2014,MLI,IL,AGL,CE,Combined TRACON& Tower with Radar,6,34,12,0,52,0,0,16,0,16,6,34,28,0,68,0,0,0,68
04/27/2014,MLI,IL,AGL,CE,Combined TRACON& Tower with Radar,11,32,14,2,59,0,0,1,2,3,11,32,15,4,62,6,0,6,68
04/28/2014,MLI,IL,AGL,CE,Combined TRACON& Tower with Radar,10,37,16,0,63,0,0,1,0,1,10,37,17,0,64,0,0,0,64
04/29/2014,MLI,IL,AGL,CE,Combined TRACON& Tower with Radar,13,45,26,0,84,0,0,3,0,3,13,45,29,0,87,16,0,16,103
04/30/2014,MLI,IL,AGL,CE,Combined TRACON& Tower with Radar,6,37,18,1,62,0,0,3,1,4,6,37,21,2,66,0,0,0,66
05/01/2014,MLI,IL,AGL,CE,Combined TRACON& Tower with Radar,8,41,22,0,71,0,0,2,1,3,8,41,24,1,74,12,0,12,86
05/02/2014,MLI,IL,AGL,CE,Combined TRACON& Tower with Radar,10,39,26,3,78,0,0,10,0,10,10,39,36,3,88,0,0,0,88
05/03/2014,MLI,IL,AGL,CE,Combined TRACON& Tower with Radar,9,30,9,2,50,0,0,32,0,32,9,30,41,2,82,46,0,46,128
05/04/2014,MLI,IL,AGL,CE,Combined TRACON& Tower with Radar,7,36,3,0,46,0,0,17,0,17,7,36,20,0,63,10,0,10,73
05/05/2014,MLI,IL,AGL,CE,Combined TRACON& Tower with Radar,10,37,13,0,60,0,0,12,1,13,10,37,25,1,73,28,0,28,101
05/06/2014,MLI,IL,AGL,CE,Combined TRACON& Tower with Radar,6,40,24,2,72,0,0,12,1,13,6,40,36,3,85,6,0,6,91
05/07/2014,MLI,IL,AGL,CE,Combined TRACON& Tower with Radar,13,38,17,0,68,0,0,12,0,12,13,38,29,0,80,36,0,36,116
05/08/2014,MLI,IL,AGL,CE,Combined TRACON& Tower with Radar,6,34,9,0,49,0,0,0,0,0,6,34,9,0,49,0,0,0,49
05/09/2014,MLI,IL,AGL,CE,Combined TRACON& Tower with Radar,13,34,20,0,67,0,0,6,0,6,13,34,26,0,73,14,0,14,87
05/10/2014,MLI,IL,AGL,CE,Combined TRACON& Tower with Radar,7,25,16,0,48,0,1,31,0,32,7,26,47,0,80,32,0,32,112
05/11/2014,MLI,IL,AGL,CE,Combined TRACON& Tower with Radar,10,32,5,0,47,0,0,2,0,2,10,32,7,0,49,34,0,34,83
05/12/2014,MLI,IL,AGL,CE,Combined TRACON& Tower with Radar,10,25,9,0,44,0,0,1,0,1,10,25,10,0,45,0,0,0,45
05/13/2014,MLI,IL,AGL,CE,Combined TRACON& Tower with Radar,12,28,27,0,67,0,0,3,0,3,12,28,30,0,70,4,0,4,74
05/14/2014,MLI,IL,AGL,CE,Combined TRACON& Tower with Radar,9,33,17,4,63,0,0,15,3,18,9,33,32,7,81,40,0,40,121
05/15/2014,MLI,IL,AGL,CE,Combined TRACON& Tower with Radar,8,36,34,2,80,0,0,11,0,11,8,36,45,2,91,0,0,0,91
05/16/2014,MLI,IL,AGL,CE,Combined TRACON& Tower with Radar,9,38,21,0,68,0,0,7,0,7,9,38,28,0,75,6,0,6,81
05/17/2014,MLI,IL,AGL,CE,Combined TRACON& Tower with Radar,7,29,6,0,42,0,0,12,1,13,7,29,18,1,55,30,0,30,85
05/18/2014,MLI,IL,AGL,CE,Combined TRACON& Tower with Radar,7,38,11,0,56,0,0,18,2,20,7,38,29,2,76,30,0,30,106
05/19/2014,MLI,IL,AGL,CE,Combined TRACON& Tower with Radar,10,48,17,2,77,0,0,8,0,8,10,48,25,2,85,0,0,0,85
05/20/2014,MLI,IL,AGL,CE,Combined TRACON& Tower with Radar,6,40,33,2,81,0,0,14,0,14,6,40,47,2,95,16,0,16,111
05/21/2014,MLI,IL,AGL,CE,Combined TRACON& Tower with Radar,9,38,34,1,82,0,0,31,1,32,9,38,65,2,114,28,0,28,142
05/22/2014,MLI,IL,AGL,CE,Combined TRACON& Tower with Radar,8,40,23,0,71,0,0,16,2,18,8,40,39,2,89,7,0,7,96
05/23/2014,MLI,IL,AGL,CE,Combined TRACON& Tower with Radar,9,39,15,0,63,0,0,27,0,27,9,39,42,0,90,42,0,42,132
05/24/2014,MLI,IL,AGL,CE,Combined TRACON& Tower with Radar,5,31,12,0,48,0,1,28,0,29,5,32,40,0,77,2,0,2,79
05/25/2014,MLI,IL,AGL,CE,Combined TRACON& Tower with Radar,8,25,3,0,36,0,0,15,0,15,8,25,18,0,51,22,0,22,73
05/26/2014,MLI,IL,AGL,CE,Combined TRACON& Tower with Radar,8,38,18,0,64,0,0,6,0,6,8,38,24,0,70,18,0,18,88
05/27/2014,MLI,IL,AGL,CE,Combined TRACON& Tower with Radar,10,49,37,1,97,0,1,13,0,14,10,50,50,1,111,30,0,30,141
05/28/2014,MLI,IL,AGL,CE,Combined TRACON& Tower with Radar,6,42,22,1,71,0,0,4,0,4,6,42,26,1,75,2,0,2,77
05/29/2014,MLI,IL,AGL,CE,Combined TRACON& Tower with Radar,11,52,23,1,87,0,0,17,1,18,11,52,40,2,105,42,0,42,147
05/30/2014,MLI,IL,AGL,CE,Combined TRACON& Tower with Radar,9,46,16,0,71,0,1,28,0,29,9,47,44,0,100,80,0,80,180
05/31/2014,MLI,IL,AGL,CE,Combined TRACON& Tower with Radar,7,33,11,2,53,0,0,20,0,20,7,33,31,2,73,40,12,52,125
06/01/2014,MLI,IL,AGL,CE,Combined TRACON& Tower with Radar,5,42,16,0,63,0,0,18,0,18,5,42,34,0,81,28,0,28,109
06/02/2014,MLI,IL,AGL,CE,Combined TRACON& Tower with Radar,10,43,28,0,81,0,0,9,0,9,10,43,37,0,90,36,0,36,126
06/03/2014,MLI,IL,AGL,CE,Combined TRACON& Tower with Radar,6,41,35,0,82,0,0,16,0,16,6,41,51,0,98,22,0,22,120
06/04/2014,MLI,IL,AGL,CE,Combined TRACON& Tower with Radar,9,35,36,0,80,0,0,4,0,4,9,35,40,0,84,12,0,12,96
06/05/2014,MLI,IL,AGL,CE,Combined TRACON& Tower with Radar,10,42,21,0,73,0,0,26,0,26,10,42,47,0,99,56,0,56,155
06/06/2014,MLI,IL,AGL,CE,Combined TRACON& Tower with Radar,10,38,22,0,70,0,0,31,2,33,10,38,53,2,103,10,0,10,113
06/07/2014,MLI,IL,AGL,CE,Combined TRACON& Tower with Radar,6,33,6,2,47,0,0,7,1,8,6,33,13,3,55,6,0,6,61
06/08/2014,MLI,IL,AGL,CE,Combined TRACON& Tower with Radar,10,38,11,0,59,0,0,13,0,13,10,38,24,0,72,36,0,36,108
06/09/2014,MLI,IL,AGL,CE,Combined TRACON& Tower with Radar,11,35,37,0,83,0,0,21,0,21,11,35,58,0,104,34,2,36,140
06/10/2014,MLI,IL,AGL,CE,Combined TRACON& Tower with Radar,6,40,32,0,78,0,0,5,0,5,6,40,37,0,83,24,0,24,107
06/11/2014,MLI,IL,AGL,CE,Combined TRACON& Tower with Radar,6,41,31,0,78,0,0,10,0,10,6,41,41,0,88,0,0,0,88
06/12/2014,MLI,IL,AGL,CE,Combined TRACON& Tower with Radar,10,44,45,3,102,0,0,12,0,12,10,44,57,3,114,20,0,20,134
06/13/2014,MLI,IL,AGL,CE,Combined TRACON& Tower with Radar,11,41,36,1,89,0,0,22,0,22,11,41,58,1,111,88,0,88,199
06/14/2014,MLI,IL,AGL,CE,Combined TRACON& Tower with Radar,3,29,10,0,42,0,0,20,0,20,3,29,30,0,62,10,0,10,72
06/15/2014,MLI,IL,AGL,CE,Combined TRACON& Tower with Radar,10,37,13,0,60,0,0,6,0,6,10,37,19,0,66,2,0,2,68
06/16/2014,MLI,IL,AGL,CE,Combined TRACON& Tower with Radar,10,42,18,0,70,0,0,14,0,14,10,42,32,0,84,10,0,10,94
06/17/2014,MLI,IL,AGL,CE,Combined TRACON& Tower with Radar,5,39,34,5,83,0,0,18,1,19,5,39,52,6,102,6,6,12,114
06/18/2014,MLI,IL,AGL,CE,Combined TRACON& Tower with Radar,8,35,21,0,64,0,0,11,4,15,8,35,32,4,79,42,0,42,121
06/19/2014,MLI,IL,AGL,CE,Combined TRACON& Tower with Radar,9,35,32,0,76,0,0,2,0,2,9,35,34,0,78,0,0,0,78
06/20/2014,MLI,IL,AGL,CE,Combined TRACON& Tower with Radar,8,44,32,0,84,0,0,15,0,15,8,44,47,0,99,24,0,24,123
06/21/2014,MLI,IL,AGL,CE,Combined TRACON& Tower with Radar,8,36,15,1,60,0,0,12,0,12,8,36,27,1,72,46,0,46,118
06/22/2014,MLI,IL,AGL,CE,Combined TRACON& Tower with Radar,10,38,20,0,68,0,0,10,0,10,10,38,30,0,78,22,0,22,100
06/23/2014,MLI,IL,AGL,CE,Combined TRACON& Tower with Radar,10,49,42,0,101,0,0,4,0,4,10,49,46,0,105,20,0,20,125
06/24/2014,MLI,IL,AGL,CE,Combined TRACON& Tower with Radar,6,40,44,0,90,0,0,29,0,29,6,40,73,0,119,52,0,52,171
06/25/2014,MLI,IL,AGL,CE,Combined TRACON& Tower with Radar,6,40,40,0,86,0,0,24,0,24,6,40,64,0,110,36,0,36,146
06/26/2014,MLI,IL,AGL,CE,Combined TRACON& Tower with Radar,10,49,40,0,99,0,0,13,0,13,10,49,53,0,112,0,0,0,112
06/27/2014,MLI,IL,AGL,CE,Combined TRACON& Tower with Radar,12,37,35,0,84,0,0,17,0,17,12,37,52,0,101,16,0,16,117
06/28/2014,MLI,IL,AGL,CE,Combined TRACON& Tower with Radar,6,30,19,0,55,0,0,5,0,5,6,30,24,0,60,24,0,24,84
06/29/2014,MLI,IL,AGL,CE,Combined TRACON& Tower with Radar,10,31,20,0,61,0,0,6,0,6,10,31,26,0,67,30,0,30,97
06/30/2014,MLI,IL,AGL,CE,Combined TRACON& Tower with Radar,9,29,30,0,68,0,0,0,0,0,9,29,30,0,68,0,0,0,68
07/01/2014,MLI,IL,AGL,CE,Combined TRACON& Tower with Radar,8,36,38,0,82,0,0,15,0,15,8,36,53,0,97,6,0,6,103
07/02/2014,MLI,IL,AGL,CE,Combined TRACON& Tower with Radar,9,36,28,0,73,0,0,16,0,16,9,36,44,0,89,44,0,44,133
07/03/2014,MLI,IL,AGL,CE,Combined TRACON& Tower with Radar,13,33,46,0,92,0,0,71,0,71,13,33,117,0,163,78,2,80,243
07/04/2014,MLI,IL,AGL,CE,Combined TRACON& Tower with Radar,10,15,3,0,28,0,0,38,0,38,10,15,41,0,66,0,0,0,66
07/05/2014,MLI,IL,AGL,CE,Combined TRACON& Tower with Radar,10,22,8,0,40,0,0,9,0,9,10,22,17,0,49,28,0,28,77
07/06/2014,MLI,IL,AGL,CE,Combined TRACON& Tower with Radar,14,45,27,0,86,0,0,7,0,7,14,45,34,0,93,14,0,14,107
07/07/2014,MLI,IL,AGL,CE,Combined TRACON& Tower with Radar,14,46,38,0,98,0,0,23,0,23,14,46,61,0,121,58,0,58,179
07/08/2014,MLI,IL,AGL,CE,Combined TRACON& Tower with Radar,10,40,32,0,82,0,1,9,0,10,10,41,41,0,92,10,0,10,102
07/09/2014,MLI,IL,AGL,CE,Combined TRACON& Tower with Radar,10,43,54,0,107,0,0,27,0,27,10,43,81,0,134,8,0,8,142
07/10/2014,MLI,IL,AGL,CE,Combined TRACON& Tower with Radar,16,50,41,2,109,0,0,30,0,30,16,50,71,2,139,0,0,0,139
07/11/2014,MLI,IL,AGL,CE,Combined TRACON& Tower with Radar,14,40,34,6,94,0,0,19,0,19,14,40,53,6,113,0,0,0,113
07/12/2014,MLI,IL,AGL,CE,Combined TRACON& Tower with Radar,8,35,15,11,69,0,0,3,0,3,8,35,18,11,72,0,16,16,88
07/13/2014,MLI,IL,AGL,CE,Combined TRACON& Tower with Radar,19,46,33,2,100,0,0,18,0,18,19,46,51,2,118,32,0,32,150
07/14/2014,MLI,IL,AGL,CE,Combined TRACON& Tower with Radar,14,42,31,0,87,0,0,21,0,21,14,42,52,0,108,6,0,6,114
07/15/2014,MLI,IL,AGL,CE,Combined TRACON& Tower with Radar,10,41,36,0,87,0,0,14,2,16,10,41,50,2,103,22,20,42,145
07/16/2014,MLI,IL,AGL,CE,Combined TRACON& Tower with Radar,10,36,32,0,78,0,0,33,2,35,10,36,65,2,113,50,8,58,171
07/17/2014,MLI,IL,AGL,CE,Combined TRACON& Tower with Radar,14,38,27,0,79,0,0,34,0,34,14,38,61,0,113,44,0,44,157
07/18/2014,MLI,IL,AGL,CE,Combined TRACON& Tower with Radar,12,39,32,0,83,0,1,37,0,38,12,40,69,0,121,12,0,12,133
07/19/2014,MLI,IL,AGL,CE,Combined TRACON& Tower with Radar,8,28,17,0,53,0,0,25,0,25,8,28,42,0,78,0,0,0,78
07/20/2014,MLI,IL,AGL,CE,Combined TRACON& Tower with Radar,15,36,16,0,67,0,0,35,0,35,15,36,51,0,102,2,0,2,104
07/21/2014,MLI,IL,AGL,CE,Combined TRACON& Tower with Radar,14,35,16,0,65,0,0,17,0,17,14,35,33,0,82,16,0,16,98
07/22/2014,MLI,IL,AGL,CE,Combined TRACON& Tower with Radar,10,37,32,1,80,0,0,7,1,8,10,37,39,2,88,0,0,0,88
07/23/2014,MLI,IL,AGL,CE,Combined TRACON& Tower with Radar,6,39,20,0,65,0,0,28,0,28,6,39,48,0,93,26,0,26,119
07/24/2014,MLI,IL,AGL,CE,Combined TRACON& Tower with Radar,12,36,21,3,72,0,0,24,3,27,12,36,45,6,99,62,0,62,161
07/25/2014,MLI,IL,AGL,CE,Combined TRACON& Tower with Radar,14,39,28,0,81,0,1,8,0,9,14,40,36,0,90,28,0,28,118
07/26/2014,MLI,IL,AGL,CE,Combined TRACON& Tower with Radar,8,28,16,0,52,0,0,14,1,15,8,28,30,1,67,0,0,0,67
07/27/2014,MLI,IL,AGL,CE,Combined TRACON& Tower with Radar,15,29,7,0,51,0,0,11,0,11,15,29,18,0,62,0,0,0,62
07/28/2014,MLI,IL,AGL,CE,Combined TRACON& Tower with Radar,14,40,10,2,66,0,0,14,2,16,14,40,24,4,82,10,0,10,92
07/29/2014,MLI,IL,AGL,CE,Combined TRACON& Tower with Radar,10,38,35,0,83,0,0,11,0,11,10,38,46,0,94,14,0,14,108
07/30/2014,MLI,IL,AGL,CE,Combined TRACON& Tower with Radar,10,39,19,0,68,0,2,21,0,23,10,41,40,0,91,14,0,14,105
07/31/2014,MLI,IL,AGL,CE,Combined TRACON& Tower with Radar,13,37,31,1,82,0,0,25,1,26,13,37,56,2,108,42,0,42,150
08/01/2014,MLI,IL,AGL,CE,Combined TRACON& Tower with Radar,14,34,32,0,80,0,0,13,0,13,14,34,45,0,93,4,0,4,97
08/02/2014,MLI,IL,AGL,CE,Combined TRACON& Tower with Radar,8,30,12,0,50,0,0,33,0,33,8,30,45,0,83,22,0,22,105
08/03/2014,MLI,IL,AGL,CE,Combined TRACON& Tower with Radar,17,33,16,0,66,0,0,26,0,26,17,33,42,0,92,48,0,48,140
08/04/2014,MLI,IL,AGL,CE,Combined TRACON& Tower with Radar,14,28,18,0,60,0,0,21,0,21,14,28,39,0,81,10,0,10,91
08/05/2014,MLI,IL,AGL,CE,Combined TRACON& Tower with Radar,14,31,44,0,89,0,0,13,0,13,14,31,57,0,102,50,0,50,152
08/06/2014,MLI,IL,AGL,CE,Combined TRACON& Tower with Radar,12,30,22,0,64,0,0,10,0,10,12,30,32,0,74,32,0,32,106
08/07/2014,MLI,IL,AGL,CE,Combined TRACON& Tower with Radar,15,34,38,0,87,0,0,15,0,15,15,34,53,0,102,10,0,10,112
08/08/2014,MLI,IL,AGL,CE,Combined TRACON& Tower with Radar,17,39,32,0,88,0,0,20,3,23,17,39,52,3,111,0,10,10,121
08/09/2014,MLI,IL,AGL,CE,Combined TRACON& Tower with Radar,9,34,9,3,55,0,0,29,1,30,9,34,38,4,85,12,6,18,103
08/10/2014,MLI,IL,AGL,CE,Combined TRACON& Tower with Radar,17,33,13,0,63,0,0,18,2,20,17,33,31,2,83,6,10,16,99
08/11/2014,MLI,IL,AGL,CE,Combined TRACON& Tower with Radar,17,39,25,1,82,0,0,15,0,15,17,39,40,1,97,18,0,18,115
08/12/2014,MLI,IL,AGL,CE,Combined TRACON& Tower with Radar,12,35,27,0,74,0,0,21,0,21,12,35,48,0,95,30,0,30,125
08/13/2014,MLI,IL,AGL,CE,Combined TRACON& Tower with Radar,11,34,30,0,75,0,0,43,0,43,11,34,73,0,118,22,0,22,140
08/14/2014,MLI,IL,AGL,CE,Combined TRACON& Tower with Radar,12,33,25,0,70,0,0,25,0,25,12,33,50,0,95,46,0,46,141
08/15/2014,MLI,IL,AGL,CE,Combined TRACON& Tower with Radar,18,36,12,0,66,0,0,16,0,16,18,36,28,0,82,6,0,6,88
08/16/2014,MLI,IL,AGL,CE,Combined TRACON& Tower with Radar,8,27,6,0,41,0,0,9,0,9,8,27,15,0,50,14,0,14,64
08/17/2014,MLI,IL,AGL,CE,Combined TRACON& Tower with Radar,16,31,6,0,53,0,0,8,0,8,16,31,14,0,61,42,0,42,103
08/18/2014,MLI,IL,AGL,CE,Combined TRACON& Tower with Radar,16,39,18,0,73,0,0,6,0,6,16,39,24,0,79,8,0,8,87
08/19/2014,MLI,IL,AGL,CE,Combined TRACON& Tower with Radar,8,36,29,0,73,0,0,27,0,27,8,36,56,0,100,16,0,16,116
08/20/2014,MLI,IL,AGL,CE,Combined TRACON& Tower with Radar,7,39,26,1,73,0,0,12,0,12,7,39,38,1,85,14,0,14,99
08/21/2014,MLI,IL,AGL,CE,Combined TRACON& Tower with Radar,10,36,24,1,71,0,0,11,0,11,10,36,35,1,82,10,0,10,92
08/22/2014,MLI,IL,AGL,CE,Combined TRACON& Tower with Radar,12,38,25,2,77,0,0,6,0,6,12,38,31,2,83,32,0,32,115
08/23/2014,MLI,IL,AGL,CE,Combined TRACON& Tower with Radar,10,23,13,2,48,0,0,6,0,6,10,23,19,2,54,38,6,44,98
08/24/2014,MLI,IL,AGL,CE,Combined TRACON& Tower with Radar,12,36,5,0,53,0,0,15,0,15,12,36,20,0,68,8,0,8,76
08/25/2014,MLI,IL,AGL,CE,Combined TRACON& Tower with Radar,13,37,12,0,62,0,0,9,0,9,13,37,21,0,71,20,0,20,91
08/26/2014,MLI,IL,AGL,CE,Combined TRACON& Tower with Radar,9,38,34,0,81,0,0,16,0,16,9,38,50,0,97,4,0,4,101
08/27/2014,MLI,IL,AGL,CE,Combined TRACON& Tower with Radar,10,45,19,0,74,0,0,26,0,26,10,45,45,0,100,14,0,14,114
08/28/2014,MLI,IL,AGL,CE,Combined TRACON& Tower with Radar,15,37,25,0,77,0,0,9,0,9,15,37,34,0,86,0,0,0,86
08/29/2014,MLI,IL,AGL,CE,Combined TRACON& Tower with Radar,11,47,24,0,82,0,0,12,0,12,11,47,36,0,94,40,0,40,134
08/30/2014,MLI,IL,AGL,CE,Combined TRACON& Tower with Radar,6,26,12,0,44,0,0,8,0,8,6,26,20,0,52,42,0,42,94
08/31/2014,MLI,IL,AGL,CE,Combined TRACON& Tower with Radar,8,21,11,0,40,0,0,27,0,27,8,21,38,0,67,14,0,14,81
09/01/2014,MLI,IL,AGL,CE,Combined TRACON& Tower with Radar,16,30,6,0,52,0,0,12,0,12,16,30,18,0,64,0,0,0,64
09/02/2014,MLI,IL,AGL,CE,Combined TRACON& Tower with Radar,9,47,25,0,81,0,0,18,0,18,9,47,43,0,99,6,0,6,105
09/03/2014,MLI,IL,AGL,CE,Combined TRACON& Tower with Radar,12,33,28,0,73,0,0,31,0,31,12,33,59,0,104,28,0,28,132
09/04/2014,MLI,IL,AGL,CE,Combined TRACON& Tower with Radar,15,28,24,0,67,0,0,11,0,11,15,28,35,0,78,24,0,24,102
09/05/2014,MLI,IL,AGL,CE,Combined TRACON& Tower with Radar,12,35,16,0,63,0,0,6,0,6,12,35,22,0,69,26,0,26,95
09/06/2014,MLI,IL,AGL,CE,Combined TRACON& Tower with Radar,8,25,7,0,40,0,0,24,0,24,8,25,31,0,64,0,0,0,64
09/07/2014,MLI,IL,AGL,CE,Combined TRACON& Tower with Radar,12,41,11,0,64,0,0,25,0,25,12,41,36,0,89,42,0,42,131
09/08/2014,MLI,IL,AGL,CE,Combined TRACON& Tower with Radar,11,34,20,0,65,0,0,5,0,5,11,34,25,0,70,12,0,12,82
09/09/2014,MLI,IL,AGL,CE,Combined TRACON& Tower with Radar,10,34,26,0,70,0,0,9,0,9,10,34,35,0,79,4,0,4,83
09/10/2014,MLI,IL,AGL,CE,Combined TRACON& Tower with Radar,7,39,26,1,73,0,0,12,0,12,7,39,38,1,85,0,0,0,85
09/11/2014,MLI,IL,AGL,CE,Combined TRACON& Tower with Radar,10,36,24,1,71,0,0,11,0,11,10,36,35,1,82,58,0,58,140
09/12/2014,MLI,IL,AGL,CE,Combined TRACON& Tower with Radar,12,38,25,2,77,0,0,6,0,6,12,38,31,2,83,0,0,0,83
09/13/2014,MLI,IL,AGL,CE,Combined TRACON& Tower with Radar,10,23,13,2,48,0,0,6,0,6,10,23,19,2,54,8,0,8,62
09/14/2014,MLI,IL,AGL,CE,Combined TRACON& Tower with Radar,12,36,5,0,53,0,0,15,0,15,12,36,20,0,68,24,0,24,92
09/15/2014,MLI,IL,AGL,CE,Combined TRACON& Tower with Radar,13,37,12,0,62,0,0,9,0,9,13,37,21,0,71,42,0,42,113
09/16/2014,MLI,IL,AGL,CE,Combined TRACON& Tower with Radar,9,38,34,0,81,0,0,16,0,16,9,38,50,0,97,32,0,32,129
09/17/2014,MLI,IL,AGL,CE,Combined TRACON& Tower with Radar,10,45,19,0,74,0,0,26,0,26,10,45,45,0,100,20,0,20,120
09/18/2014,MLI,IL,AGL,CE,Combined TRACON& Tower with Radar,15,37,25,0,77,0,0,9,0,9,15,37,34,0,86,72,0,72,158
09/19/2014,MLI,IL,AGL,CE,Combined TRACON& Tower with Radar,21,63,30,2,116,0,0,35,0,35,21,63,65,2,151,4,0,4,155
09/20/2014,MLI,IL,AGL,CE,Combined TRACON& Tower with Radar,8,22,16,0,46,0,0,5,0,5,8,22,21,0,51,10,0,10,61
09/21/2014,MLI,IL,AGL,CE,Combined TRACON& Tower with Radar,13,33,12,0,58,0,0,6,0,6,13,33,18,0,64,0,0,0,64
09/22/2014,MLI,IL,AGL,CE,Combined TRACON& Tower with Radar,9,29,10,0,48,0,0,18,0,18,9,29,28,0,66,52,22,74,140
09/23/2014,MLI,IL,AGL,CE,Combined TRACON& Tower with Radar,11,36,21,0,68,0,2,19,0,21,11,38,40,0,89,30,0,30,119
09/24/2014,MLI,IL,AGL,CE,Combined TRACON& Tower with Radar,12,40,24,0,76,0,0,22,0,22,12,40,46,0,98,14,0,14,112
09/25/2014,MLI,IL,AGL,CE,Combined TRACON& Tower with Radar,12,37,23,0,72,0,0,29,0,29,12,37,52,0,101,8,0,8,109
09/26/2014,MLI,IL,AGL,CE,Combined TRACON& Tower with Radar,4,13,14,1,32,0,1,21,0,22,4,14,35,1,54,0,0,0,54
09/27/2014,MLI,IL,AGL,CE,Combined TRACON& Tower with Radar,8,13,3,0,24,0,1,11,1,13,8,14,14,1,37,64,0,64,101
09/28/2014,MLI,IL,AGL,CE,Combined TRACON& Tower with Radar,12,23,7,0,42,0,5,44,0,49,12,28,51,0,91,30,0,30,121
09/29/2014,MLI,IL,AGL,CE,Combined TRACON& Tower with Radar,10,31,11,0,52,1,8,10,0,19,11,39,21,0,71,40,0,40,111
09/30/2014,MLI,IL,AGL,CE,Combined TRACON& Tower with Radar,10,36,21,0,67,0,4,2,0,6,10,40,23,0,73,8,0,8,81
10/01/2014,MLI,IL,AGL,CE,Combined TRACON& Tower with Radar,10,36,21,0,67,0,4,32,0,36,10,40,53,0,103,48,0,48,151
10/02/2014,MLI,IL,AGL,CE,Combined TRACON& Tower with Radar,11,29,14,0,54,0,2,4,0,6,11,31,18,0,60,22,0,22,82
10/03/2014,MLI,IL,AGL,CE,Combined TRACON& Tower with Radar,15,29,13,1,58,0,6,4,0,10,15,35,17,1,68,0,0,0,68
10/04/2014,MLI,IL,AGL,CE,Combined TRACON& Tower with Radar,9,21,6,0,36,1,2,7,0,10,10,23,13,0,46,8,0,8,54
10/05/2014,MLI,IL,AGL,CE,Combined TRACON& Tower with Radar,13,33,14,2,62,1,3,39,0,43,14,36,53,2,105,29,0,29,134
10/06/2014,MLI,IL,AGL,CE,Combined TRACON& Tower with Radar,12,44,14,4,74,0,3,32,1,36,12,47,46,5,110,22,0,22,132
10/07/2014,MLI,IL,AGL,CE,Combined TRACON& Tower with Radar,9,39,12,15,75,0,0,32,1,33,9,39,44,16,108,18,16,34,142
10/08/2014,MLI,IL,AGL,CE,Combined TRACON& Tower with Radar,9,39,9,4,61,0,1,37,1,39,9,40,46,5,100,30,0,30,130
10/09/2014,MLI,IL,AGL,CE,Combined TRACON& Tower with Radar,12,43,15,1,71,0,0,32,0,32,12,43,47,1,103,88,0,88,191
10/10/2014,MLI,IL,AGL,CE,Combined TRACON& Tower with Radar,16,41,8,0,65,0,0,32,3,35,16,41,40,3,100,14,0,14,114
10/11/2014,MLI,IL,AGL,CE,Combined TRACON& Tower with Radar,8,21,5,0,34,0,1,21,0,22,8,22,26,0,56,20,0,20,76
10/12/2014,MLI,IL,AGL,CE,Combined TRACON& Tower with Radar,15,38,15,0,68,0,0,11,0,11,15,38,26,0,79,2,0,2,81
10/13/2014,MLI,IL,AGL,CE,Combined TRACON& Tower with Radar,13,35,17,0,65,0,0,0,0,0,13,35,17,0,65,0,0,0,65
10/14/2014,MLI,IL,AGL,CE,Combined TRACON& Tower with Radar,8,38,28,0,74,0,0,2,0,2,8,38,30,0,76,0,0,0,76
10/15/2014,MLI,IL,AGL,CE,Combined TRACON& Tower with Radar,10,45,31,8,94,0,0,5,0,5,10,45,36,8,99,28,0,28,127
10/16/2014,MLI,IL,AGL,CE,Combined TRACON& Tower with Radar,14,41,15,3,73,0,0,18,1,19,14,41,33,4,92,12,8,20,112
10/17/2014,MLI,IL,AGL,CE,Combined TRACON& Tower with Radar,14,38,29,4,85,0,0,10,0,10,14,38,39,4,95,6,0,6,101
10/18/2014,MLI,IL,AGL,CE,Combined TRACON& Tower with Radar,8,30,8,1,47,0,0,14,2,16,8,30,22,3,63,26,0,26,89
10/19/2014,MLI,IL,AGL,CE,Combined TRACON& Tower with Radar,14,33,18,0,65,0,0,15,0,15,14,33,33,0,80,20,0,20,100
10/20/2014,MLI,IL,AGL,CE,Combined TRACON& Tower with Radar,14,38,21,0,73,0,0,13,0,13,14,38,34,0,86,12,0,12,98
10/21/2014,MLI,IL,AGL,CE,Combined TRACON& Tower with Radar,8,46,14,3,71,0,0,28,1,29,8,46,42,4,100,46,0,46,146
10/22/2014,MLI,IL,AGL,CE,Combined TRACON& Tower with Radar,10,39,13,0,62,0,0,23,4,27,10,39,36,4,89,6,0,6,95
10/23/2014,MLI,IL,AGL,CE,Combined TRACON& Tower with Radar,13,40,26,0,79,0,0,12,1,13,13,40,38,1,92,24,0,24,116
10/24/2014,MLI,IL,AGL,CE,Combined TRACON& Tower with Radar,14,40,17,0,71,0,0,9,2,11,14,40,26,2,82,2,0,2,84
10/25/2014,MLI,IL,AGL,CE,Combined TRACON& Tower with Radar,10,22,9,0,41,0,0,20,1,21,10,22,29,1,62,38,0,38,100
10/26/2014,MLI,IL,AGL,CE,Combined TRACON& Tower with Radar,11,37,10,3,61,0,0,32,0,32,11,37,42,3,93,56,0,56,149
10/27/2014,MLI,IL,AGL,CE,Combined TRACON& Tower with Radar,10,41,12,3,66,0,0,7,6,13,10,41,19,9,79,0,0,0,79
10/28/2014,MLI,IL,AGL,CE,Combined TRACON& Tower with Radar,10,33,22,0,65,0,0,11,0,11,10,33,33,0,76,32,0,32,108
10/29/2014,MLI,IL,AGL,CE,Combined TRACON& Tower with Radar,6,45,13,0,64,0,0,8,1,9,6,45,21,1,73,17,0,17,90
10/30/2014,MLI,IL,AGL,CE,Combined TRACON& Tower with Radar,15,38,37,1,91,0,0,18,0,18,15,38,55,1,109,4,0,4,113
10/31/2014,MLI,IL,AGL,CE,Combined TRACON& Tower with Radar,9,29,18,2,58,0,0,6,0,6,9,29,24,2,64,6,0,6,70
11/01/2014,MLI,IL,AGL,CE,Combined TRACON& Tower with Radar,7,26,11,2,46,0,1,25,0,26,7,27,36,2,72,8,0,8,80
11/02/2014,MLI,IL,AGL,CE,Combined TRACON& Tower with Radar,10,35,10,0,55,0,0,19,0,19,10,35,29,0,74,0,0,0,74
11/03/2014,MLI,IL,AGL,CE,Combined TRACON& Tower with Radar,10,45,23,2,80,0,0,5,0,5,10,45,28,2,85,2,0,2,87
11/04/2014,MLI,IL,AGL,CE,Combined TRACON& Tower with Radar,8,39,6,0,53,0,0,11,0,11,8,39,17,0,64,6,0,6,70
11/05/2014,MLI,IL,AGL,CE,Combined TRACON& Tower with Radar,6,42,9,0,57,0,0,12,2,14,6,42,21,2,71,10,0,10,81
11/06/2014,MLI,IL,AGL,CE,Combined TRACON& Tower with Radar,12,37,25,0,74,0,0,6,0,6,12,37,31,0,80,0,0,0,80
11/07/2014,MLI,IL,AGL,CE,Combined TRACON& Tower with Radar,10,45,19,6,80,0,0,11,0,11,10,45,30,6,91,10,6,16,107
11/08/2014,MLI,IL,AGL,CE,Combined TRACON& Tower with Radar,6,26,7,0,39,0,0,3,0,3,6,26,10,0,42,0,0,0,42
11/09/2014,MLI,IL,AGL,CE,Combined TRACON& Tower with Radar,12,40,6,0,58,0,0,10,0,10,12,40,16,0,68,42,0,42,110
11/10/2014,MLI,IL,AGL,CE,Combined TRACON& Tower with Radar,8,35,19,0,62,0,0,16,0,16,8,35,35,0,78,0,0,0,78
11/11/2014,MLI,IL,AGL,CE,Combined TRACON& Tower with Radar,8,42,14,0,64,0,0,2,0,2,8,42,16,0,66,0,0,0,66
11/12/2014,MLI,IL,AGL,CE,Combined TRACON& Tower with Radar,8,36,21,0,65,0,0,10,0,10,8,36,31,0,75,6,0,6,81
11/13/2014,MLI,IL,AGL,CE,Combined TRACON& Tower with Radar,11,38,20,0,69,0,0,5,0,5,11,38,25,0,74,10,0,10,84
11/14/2014,MLI,IL,AGL,CE,Combined TRACON& Tower with Radar,12,38,18,0,68,0,0,23,2,25,12,38,41,2,93,12,0,12,105
11/15/2014,MLI,IL,AGL,CE,Combined TRACON& Tower with Radar,6,27,3,0,36,0,0,11,0,11,6,27,14,0,47,6,0,6,53
11/16/2014,MLI,IL,AGL,CE,Combined TRACON& Tower with Radar,12,31,10,2,55,0,0,2,0,2,12,31,12,2,57,0,0,0,57
11/17/2014,MLI,IL,AGL,CE,Combined TRACON& Tower with Radar,9,37,8,3,57,0,0,2,0,2,9,37,10,3,59,0,0,0,59
11/18/2014,MLI,IL,AGL,CE,Combined TRACON& Tower with Radar,10,38,32,1,81,0,0,6,2,8,10,38,38,3,89,26,0,26,115
11/19/2014,MLI,IL,AGL,CE,Combined TRACON& Tower with Radar,6,40,13,0,59,0,0,4,0,4,6,40,17,0,63,42,0,42,105
11/20/2014,MLI,IL,AGL,CE,Combined TRACON& Tower with Radar,10,43,33,0,86,0,0,17,2,19,10,43,50,2,105,0,0,0,105
11/21/2014,MLI,IL,AGL,CE,Combined TRACON& Tower with Radar,10,40,20,4,74,0,0,21,6,27,10,40,41,10,101,22,6,28,129
11/22/2014,MLI,IL,AGL,CE,Combined TRACON& Tower with Radar,5,26,9,0,40,0,0,0,0,0,5,26,9,0,40,6,0,6,46
11/23/2014,MLI,IL,AGL,CE,Combined TRACON& Tower with Radar,12,29,3,0,44,0,1,0,0,1,12,30,3,0,45,0,0,0,45
11/24/2014,MLI,IL,AGL,CE,Combined TRACON& Tower with Radar,12,30,15,0,57,0,0,1,0,1,12,30,16,0,58,0,0,0,58
11/25/2014,MLI,IL,AGL,CE,Combined TRACON& Tower with Radar,6,41,40,0,87,0,0,4,0,4,6,41,44,0,91,10,0,10,101
11/26/2014,MLI,IL,AGL,CE,Combined TRACON& Tower with Radar,10,38,12,0,60,0,0,0,0,0,10,38,12,0,60,0,0,0,60
11/27/2014,MLI,IL,AGL,CE,Combined TRACON& Tower with Radar,8,18,2,0,28,0,0,0,0,0,8,18,2,0,28,0,0,0,28
11/28/2014,MLI,IL,AGL,CE,Combined TRACON& Tower with Radar,11,25,6,0,42,0,0,12,0,12,11,25,18,0,54,12,0,12,66
11/29/2014,MLI,IL,AGL,CE,Combined TRACON& Tower with Radar,6,36,6,0,48,0,0,13,0,13,6,36,19,0,61,22,0,22,83
11/30/2014,MLI,IL,AGL,CE,Combined TRACON& Tower with Radar,12,38,9,0,59,0,0,3,0,3,12,38,12,0,62,0,0,0,62
12/01/2014,MLI,IL,AGL,CE,Combined TRACON& Tower with Radar,8,49,12,1,70,0,0,9,0,9,8,49,21,1,79,20,0,20,99
12/02/2014,MLI,IL,AGL,CE,Combined TRACON& Tower with Radar,8,37,26,0,71,0,0,4,0,4,8,37,30,0,75,4,0,4,79
12/03/2014,MLI,IL,AGL,CE,Combined TRACON& Tower with Radar,6,38,17,0,61,0,0,14,0,14,6,38,31,0,75,20,0,20,95
12/04/2014,MLI,IL,AGL,CE,Combined TRACON& Tower with Radar,10,33,18,0,61,0,0,4,2,6,10,33,22,2,67,22,2,24,91
12/05/2014,MLI,IL,AGL,CE,Combined TRACON& Tower with Radar,10,36,11,0,57,0,0,0,0,0,10,36,11,0,57,0,0,0,57
12/06/2014,MLI,IL,AGL,CE,Combined TRACON& Tower with Radar,9,23,6,0,38,0,1,12,0,13,9,24,18,0,51,36,0,36,87
12/07/2014,MLI,IL,AGL,CE,Combined TRACON& Tower with Radar,12,28,4,2,46,0,0,5,0,5,12,28,9,2,51,2,0,2,53
12/08/2014,MLI,IL,AGL,CE,Combined TRACON& Tower with Radar,8,35,17,0,60,0,0,0,0,0,8,35,17,0,60,0,0,0,60
12/09/2014,MLI,IL,AGL,CE,Combined TRACON& Tower with Radar,6,30,20,2,58,0,0,5,0,5,6,30,25,2,63,28,0,28,91
12/10/2014,MLI,IL,AGL,CE,Combined TRACON& Tower with Radar,8,36,16,0,60,0,0,2,0,2,8,36,18,0,62,38,0,38,100
12/11/2014,MLI,IL,AGL,CE,Combined TRACON& Tower with Radar,12,29,31,0,72,0,0,5,0,5,12,29,36,0,77,0,0,0,77
12/12/2014,MLI,IL,AGL,CE,Combined TRACON& Tower with Radar,8,31,16,2,57,0,0,1,0,1,8,31,17,2,58,6,0,6,64
12/13/2014,MLI,IL,AGL,CE,Combined TRACON& Tower with Radar,11,25,14,2,52,0,0,2,0,2,11,25,16,2,54,32,0,32,86
12/14/2014,MLI,IL,AGL,CE,Combined TRACON& Tower with Radar,13,31,13,0,57,0,0,0,0,0,13,31,13,0,57,0,0,0,57
12/15/2014,MLI,IL,AGL,CE,Combined TRACON& Tower with Radar,8,36,14,2,60,0,0,0,0,0,8,36,14,2,60,0,0,0,60
12/16/2014,MLI,IL,AGL,CE,Combined TRACON& Tower with Radar,6,32,27,1,66,0,0,0,0,0,6,32,27,1,66,0,0,0,66
12/17/2014,MLI,IL,AGL,CE,Combined TRACON& Tower with Radar,6,33,22,0,61,0,0,15,0,15,6,33,37,0,76,20,0,20,96
12/18/2014,MLI,IL,AGL,CE,Combined TRACON& Tower with Radar,13,37,22,2,74,0,0,19,0,19,13,37,41,2,93,10,0,10,103
12/19/2014,MLI,IL,AGL,CE,Combined TRACON& Tower with Radar,11,40,23,0,74,0,0,12,0,12,11,40,35,0,86,37,0,37,123
12/20/2014,MLI,IL,AGL,CE,Combined TRACON& Tower with Radar,9,29,10,0,48,0,0,4,0,4,9,29,14,0,52,0,0,0,52
12/21/2014,MLI,IL,AGL,CE,Combined TRACON& Tower with Radar,15,26,1,0,42,0,0,4,0,4,15,26,5,0,46,0,0,0,46
12/22/2014,MLI,IL,AGL,CE,Combined TRACON& Tower with Radar,10,31,10,4,55,0,0,2,0,2,10,31,12,4,57,0,0,0,57
12/23/2014,MLI,IL,AGL,CE,Combined TRACON& Tower with Radar,13,29,15,2,59,0,0,7,0,7,13,29,22,2,66,4,2,6,72
12/24/2014,MLI,IL,AGL,CE,Combined TRACON& Tower with Radar,8,20,8,0,36,0,0,0,0,0,8,20,8,0,36,0,0,0,36
12/25/2014,MLI,IL,AGL,CE,Combined TRACON& Tower with Radar,8,23,2,0,33,0,0,1,0,1,8,23,3,0,34,0,0,0,34
12/26/2014,MLI,IL,AGL,CE,Combined TRACON& Tower with Radar,13,30,9,0,52,0,0,17,0,17,13,30,26,0,69,6,0,6,75
12/27/2014,MLI,IL,AGL,CE,Combined TRACON& Tower with Radar,11,33,7,0,51,0,0,2,0,2,11,33,9,0,53,0,0,0,53
12/28/2014,MLI,IL,AGL,CE,Combined TRACON& Tower with Radar,14,30,11,0,55,0,0,21,0,21,14,30,32,0,76,40,0,40,116
12/29/2014,MLI,IL,AGL,CE,Combined TRACON& Tower with Radar,11,29,15,0,55,0,0,15,0,15,11,29,30,0,70,0,0,0,70
12/30/2014,MLI,IL,AGL,CE,Combined TRACON& Tower with Radar,11,33,10,0,54,0,0,6,0,6,11,33,16,0,60,0,0,0,60
12/31/2014,MLI,IL,AGL,CE,Combined TRACON& Tower with Radar,8,25,6,0,39,0,0,4,0,4,8,25,10,0,43,24,0,24,67
01/01/2015,MLI,IL,AGL,CE,Combined TRACON& Tower with Radar,7,21,0,0,28,0,0,4,0,4,7,21,4,0,32,0,0,0,32
01/02/2015,MLI,IL,AGL,CE,Combined TRACON& Tower with Radar,13,24,9,0,46,0,0,23,0,23,13,24,32,0,69,6,0,6,75
01/03/2015,MLI,IL,AGL,CE,Combined TRACON& Tower with Radar,11,31,7,0,49,0,0,0,0,0,11,31,7,0,49,0,0,0,49
01/04/2015,MLI,IL,AGL,CE,Combined TRACON& Tower with Radar,17,24,8,0,49,0,0,2,0,2,17,24,10,0,51,0,0,0,51
01/05/2015,MLI,IL,AGL,CE,Combined TRACON& Tower with Radar,14,23,21,0,58,0,0,5,0,5,14,23,26,0,63,24,0,24,87
01/06/2015,MLI,IL,AGL,CE,Combined TRACON& Tower with Radar,7,24,17,0,48,0,0,1,0,1,7,24,18,0,49,0,0,0,49
01/07/2015,MLI,IL,AGL,CE,Combined TRACON& Tower with Radar,8,28,11,0,47,0,0,1,0,1,8,28,12,0,48,0,0,0,48
01/08/2015,MLI,IL,AGL,CE,Combined TRACON& Tower with Radar,15,26,16,0,57,0,0,0,0,0,15,26,16,0,57,0,0,0,57
01/09/2015,MLI,IL,AGL,CE,Combined TRACON& Tower with Radar,15,31,14,0,60,0,0,1,0,1,15,31,15,0,61,0,0,0,61
01/10/2015,MLI,IL,AGL,CE,Combined TRACON& Tower with Radar,5,21,3,0,29,0,0,10,0,10,5,21,13,0,39,14,0,14,53
01/11/2015,MLI,IL,AGL,CE,Combined TRACON& Tower with Radar,17,21,11,0,49,0,0,8,0,8,17,21,19,0,57,22,0,22,79
01/12/2015,MLI,IL,AGL,CE,Combined TRACON& Tower with Radar,11,33,11,0,55,0,1,7,0,8,11,34,18,0,63,0,0,0,63
01/13/2015,MLI,IL,AGL,CE,Combined TRACON& Tower with Radar,8,35,19,0,62,0,0,3,0,3,8,35,22,0,65,14,0,14,79
01/14/2015,MLI,IL,AGL,CE,Combined TRACON& Tower with Radar,8,31,17,0,56,0,0,6,0,6,8,31,23,0,62,8,0,8,70
01/15/2015,MLI,IL,AGL,CE,Combined TRACON& Tower with Radar,15,39,19,2,75,0,2,14,2,18,15,41,33,4,93,18,0,18,111
01/16/2015,MLI,IL,AGL,CE,Combined TRACON& Tower with Radar,13,34,16,0,63,0,0,11,0,11,13,34,27,0,74,16,0,16,90
01/17/2015,MLI,IL,AGL,CE,Combined TRACON& Tower with Radar,4,27,16,0,47,0,0,28,0,28,4,27,44,0,75,6,0,6,81
01/18/2015,MLI,IL,AGL,CE,Combined TRACON& Tower with Radar,16,24,8,0,48,0,0,19,0,19,16,24,27,0,67,24,0,24,91
01/19/2015,MLI,IL,AGL,CE,Combined TRACON& Tower with Radar,14,30,13,0,57,0,0,13,0,13,14,30,26,0,70,0,0,0,70
01/20/2015,MLI,IL,AGL,CE,Combined TRACON& Tower with Radar,10,27,18,0,55,0,0,0,0,0,10,27,18,0,55,0,0,0,55
01/21/2015,MLI,IL,AGL,CE,Combined TRACON& Tower with Radar,9,26,13,0,48,0,0,0,0,0,9,26,13,0,48,0,0,0,48
01/22/2015,MLI,IL,AGL,CE,Combined TRACON& Tower with Radar,15,34,34,0,83,0,0,3,0,3,15,34,37,0,86,22,0,22,108
01/23/2015,MLI,IL,AGL,CE,Combined TRACON& Tower with Radar,12,36,18,0,66,0,0,8,0,8,12,36,26,0,74,34,0,34,108
01/24/2015,MLI,IL,AGL,CE,Combined TRACON& Tower with Radar,4,23,15,0,42,0,0,24,0,24,4,23,39,0,66,52,0,52,118
01/25/2015,MLI,IL,AGL,CE,Combined TRACON& Tower with Radar,16,26,4,0,46,0,0,0,0,0,16,26,4,0,46,0,0,0,46
01/26/2015,MLI,IL,AGL,CE,Combined TRACON& Tower with Radar,12,33,15,0,60,0,0,0,0,0,12,33,15,0,60,0,0,0,60
01/27/2015,MLI,IL,AGL,CE,Combined TRACON& Tower with Radar,8,30,20,0,58,0,0,2,0,2,8,30,22,0,60,0,0,0,60
01/28/2015,MLI,IL,AGL,CE,Combined TRACON& Tower with Radar,8,29,12,0,49,0,0,6,0,6,8,29,18,0,55,42,0,42,97
01/29/2015,MLI,IL,AGL,CE,Combined TRACON& Tower with Radar,14,30,14,0,58,0,0,2,0,2,14,30,16,0,60,10,0,10,70
01/30/2015,MLI,IL,AGL,CE,Combined TRACON& Tower with Radar,12,38,13,2,65,0,0,21,0,21,12,38,34,2,86,12,0,12,98
01/31/2015,MLI,IL,AGL,CE,Combined TRACON& Tower with Radar,4,24,11,2,41,0,0,5,0,5,4,24,16,2,46,24,0,24,70
02/01/2015,MLI,IL,AGL,CE,Combined TRACON& Tower with Radar,5,5,0,0,10,0,0,0,0,0,5,5,0,0,10,0,0,0,10
02/02/2015,MLI,IL,AGL,CE,Combined TRACON& Tower with Radar,15,20,12,0,47,0,0,8,0,8,15,20,20,0,55,0,0,0,55
02/03/2015,MLI,IL,AGL,CE,Combined TRACON& Tower with Radar,6,32,26,2,66,0,0,6,0,6,6,32,32,2,72,4,0,4,76
02/04/2015,MLI,IL,AGL,CE,Combined TRACON& Tower with Radar,8,30,14,0,52,0,0,2,0,2,8,30,16,0,54,4,0,4,58
02/05/2015,MLI,IL,AGL,CE,Combined TRACON& Tower with Radar,14,38,25,0,77,0,0,3,0,3,14,38,28,0,80,4,0,4,84
02/06/2015,MLI,IL,AGL,CE,Combined TRACON& Tower with Radar,12,34,17,0,63,0,0,10,0,10,12,34,27,0,73,0,0,0,73
02/07/2015,MLI,IL,AGL,CE,Combined TRACON& Tower with Radar,4,25,9,0,38,0,0,8,0,8,4,25,17,0,46,26,0,26,72
02/08/2015,MLI,IL,AGL,CE,Combined TRACON& Tower with Radar,15,26,6,0,47,0,0,2,0,2,15,26,8,0,49,0,0,0,49
02/09/2015,MLI,IL,AGL,CE,Combined TRACON& Tower with Radar,15,29,20,1,65,0,0,4,0,4,15,29,24,1,69,16,0,16,85
02/10/2015,MLI,IL,AGL,CE,Combined TRACON& Tower with Radar,7,29,26,0,62,0,0,5,0,5,7,29,31,0,67,8,0,8,75
02/11/2015,MLI,IL,AGL,CE,Combined TRACON& Tower with Radar,8,34,16,0,58,0,0,0,0,0,8,34,16,0,58,0,0,0,58
02/12/2015,MLI,IL,AGL,CE,Combined TRACON& Tower with Radar,15,38,13,2,68,0,0,5,4,9,15,38,18,6,77,4,2,6,83
02/13/2015,MLI,IL,AGL,CE,Combined TRACON& Tower with Radar,16,37,12,0,65,0,0,11,0,11,16,37,23,0,76,12,0,12,88
02/14/2015,MLI,IL,AGL,CE,Combined TRACON& Tower with Radar,8,23,7,0,38,0,0,1,0,1,8,23,8,0,39,0,0,0,39
02/15/2015,MLI,IL,AGL,CE,Combined TRACON& Tower with Radar,16,23,7,0,46,0,0,8,0,8,16,23,15,0,54,4,0,4,58
02/16/2015,MLI,IL,AGL,CE,Combined TRACON& Tower with Radar,12,36,13,2,63,0,0,18,0,18,12,36,31,2,81,10,0,10,91
02/17/2015,MLI,IL,AGL,CE,Combined TRACON& Tower with Radar,8,32,29,0,69,0,0,5,2,7,8,32,34,2,76,14,0,14,90
02/18/2015,MLI,IL,AGL,CE,Combined TRACON& Tower with Radar,8,33,27,0,68,0,0,1,0,1,8,33,28,0,69,0,0,0,69
02/19/2015,MLI,IL,AGL,CE,Combined TRACON& Tower with Radar,16,37,29,3,85,0,0,12,1,13,16,37,41,4,98,0,2,2,100
02/20/2015,MLI,IL,AGL,CE,Combined TRACON& Tower with Radar,14,32,10,2,58,0,0,2,0,2,14,32,12,2,60,0,4,4,64
02/21/2015,MLI,IL,AGL,CE,Combined TRACON& Tower with Radar,8,21,3,0,32,0,0,1,0,1,8,21,4,0,33,0,0,0,33
02/22/2015,MLI,IL,AGL,CE,Combined TRACON& Tower with Radar,15,25,10,0,50,0,0,4,0,4,15,25,14,0,54,0,0,0,54
02/23/2015,MLI,IL,AGL,CE,Combined TRACON& Tower with Radar,14,33,14,0,61,0,0,7,0,7,14,33,21,0,68,0,0,0,68
02/24/2015,MLI,IL,AGL,CE,Combined TRACON& Tower with Radar,9,33,3,0,45,0,0,10,0,10,9,33,13,0,55,14,0,14,69
02/25/2015,MLI,IL,AGL,CE,Combined TRACON& Tower with Radar,7,36,9,2,54,0,0,3,0,3,7,36,12,2,57,0,0,0,57
02/26/2015,MLI,IL,AGL,CE,Combined TRACON& Tower with Radar,15,34,30,3,82,0,0,4,0,4,15,34,34,3,86,0,0,0,86
02/27/2015,MLI,IL,AGL,CE,Combined TRACON& Tower with Radar,12,32,17,2,63,0,0,5,0,5,12,32,22,2,68,0,0,0,68
02/28/2015,MLI,IL,AGL,CE,Combined TRACON& Tower with Radar,8,19,16,0,43,0,0,15,0,15,8,19,31,0,58,28,0,28,86
03/01/2015,MLI,IL,AGL,CE,Combined TRACON& Tower with Radar,16,28,5,0,49,0,0,3,0,3,16,28,8,0,52,0,0,0,52
03/02/2015,MLI,IL,AGL,CE,Combined TRACON& Tower with Radar,14,37,21,4,76,0,0,11,0,11,14,37,32,4,87,18,0,18,105
03/03/2015,MLI,IL,AGL,CE,Combined TRACON& Tower with Radar,9,29,10,0,48,0,0,0,0,0,9,29,10,0,48,0,0,0,48
03/04/2015,MLI,IL,AGL,CE,Combined TRACON& Tower with Radar,10,25,12,0,47,0,0,9,0,9,10,25,21,0,56,20,0,20,76
03/05/2015,MLI,IL,AGL,CE,Combined TRACON& Tower with Radar,17,24,24,1,66,0,0,3,1,4,17,24,27,2,70,24,0,24,94
03/06/2015,MLI,IL,AGL,CE,Combined TRACON& Tower with Radar,16,31,22,2,71,0,1,17,0,18,16,32,39,2,89,12,0,12,101
03/07/2015,MLI,IL,AGL,CE,Combined TRACON& Tower with Radar,14,27,16,0,57,0,0,42,0,42,14,27,58,0,99,24,0,24,123
03/08/2015,MLI,IL,AGL,CE,Combined TRACON& Tower with Radar,18,26,26,2,72,0,0,42,0,42,18,26,68,2,114,36,0,36,150
03/09/2015,MLI,IL,AGL,CE,Combined TRACON& Tower with Radar,17,43,20,0,80,0,0,19,0,19,17,43,39,0,99,42,0,42,141
03/10/2015,MLI,IL,AGL,CE,Combined TRACON& Tower with Radar,17,29,17,15,78,0,0,12,1,13,17,29,29,16,91,24,24,48,139
03/11/2015,MLI,IL,AGL,CE,Combined TRACON& Tower with Radar,19,28,26,0,73,0,0,30,0,30,19,28,56,0,103,0,0,0,103
03/12/2015,MLI,IL,AGL,CE,Combined TRACON& Tower with Radar,16,41,9,0,66,0,0,12,0,12,16,41,21,0,78,20,0,20,98
03/13/2015,MLI,IL,AGL,CE,Combined TRACON& Tower with Radar,16,30,10,4,60,0,0,15,0,15,16,30,25,4,75,36,0,36,111
03/14/2015,MLI,IL,AGL,CE,Combined TRACON& Tower with Radar,15,24,11,0,50,0,0,22,0,22,15,24,33,0,72,12,0,12,84
03/15/2015,MLI,IL,AGL,CE,Combined TRACON& Tower with Radar,16,30,5,0,51,0,0,13,0,13,16,30,18,0,64,0,0,0,64
03/16/2015,MLI,IL,AGL,CE,Combined TRACON& Tower with Radar,17,28,10,0,55,0,0,7,0,7,17,28,17,0,62,0,0,0,62
03/17/2015,MLI,IL,AGL,CE,Combined TRACON& Tower with Radar,12,34,20,0,66,0,0,15,0,15,12,34,35,0,81,0,0,0,81
03/18/2015,MLI,IL,AGL,CE,Combined TRACON& Tower with Radar,15,33,20,0,68,0,0,15,0,15,15,33,35,0,83,40,0,40,123
03/19/2015,MLI,IL,AGL,CE,Combined TRACON& Tower with Radar,17,34,15,0,66,0,0,7,0,7,17,34,22,0,73,8,0,8,81
03/20/2015,MLI,IL,AGL,CE,Combined TRACON& Tower with Radar,16,28,19,0,63,0,0,10,0,10,16,28,29,0,73,8,0,8,81
03/21/2015,MLI,IL,AGL,CE,Combined TRACON& Tower with Radar,14,33,10,0,57,0,0,34,1,35,14,33,44,1,92,44,0,44,136
03/22/2015,MLI,IL,AGL,CE,Combined TRACON& Tower with Radar,16,29,5,0,50,0,0,12,0,12,16,29,17,0,62,0,0,0,62
03/23/2015,MLI,IL,AGL,CE,Combined TRACON& Tower with Radar,15,26,7,0,48,0,0,0,0,0,15,26,7,0,48,0,0,0,48
03/24/2015,MLI,IL,AGL,CE,Combined TRACON& Tower with Radar,16,32,19,0,67,0,0,4,0,4,16,32,23,0,71,0,0,0,71
03/25/2015,MLI,IL,AGL,CE,Combined TRACON& Tower with Radar,14,32,29,3,78,0,0,2,0,2,14,32,31,3,80,6,0,6,86
03/26/2015,MLI,IL,AGL,CE,Combined TRACON& Tower with Radar,18,35,19,0,72,0,4,5,0,9,18,39,24,0,81,6,0,6,87
03/27/2015,MLI,IL,AGL,CE,Combined TRACON& Tower with Radar,16,34,13,2,65,0,0,13,0,13,16,34,26,2,78,10,0,10,88
03/28/2015,MLI,IL,AGL,CE,Combined TRACON& Tower with Radar,10,24,12,0,46,0,0,30,0,30,10,24,42,0,76,77,0,77,153
03/29/2015,MLI,IL,AGL,CE,Combined TRACON& Tower with Radar,15,29,8,0,52,0,0,3,0,3,15,29,11,0,55,0,0,0,55
03/30/2015,MLI,IL,AGL,CE,Combined TRACON& Tower with Radar,16,36,13,0,65,0,0,13,0,13,16,36,26,0,78,26,0,26,104
03/31/2015,MLI,IL,AGL,CE,Combined TRACON& Tower with Radar,10,30,26,0,66,0,0,9,0,9,10,30,35,0,75,36,0,36,111
04/01/2015,MLI,IL,AGL,CE,Combined TRACON& Tower with Radar,13,30,5,0,48,0,0,12,0,12,13,30,17,0,60,18,0,18,78
04/02/2015,MLI,IL,AGL,CE,Combined TRACON& Tower with Radar,16,33,14,2,65,0,0,7,0,7,16,33,21,2,72,8,0,8,80
04/03/2015,MLI,IL,AGL,CE,Combined TRACON& Tower with Radar,17,31,15,0,63,0,0,9,0,9,17,31,24,0,72,8,0,8,80
04/04/2015,MLI,IL,AGL,CE,Combined TRACON& Tower with Radar,10,19,10,0,39,0,0,14,0,14,10,19,24,0,53,18,0,18,71
04/05/2015,MLI,IL,AGL,CE,Combined TRACON& Tower with Radar,14,28,4,0,46,0,0,10,0,10,14,28,14,0,56,0,0,0,56
04/06/2015,MLI,IL,AGL,CE,Combined TRACON& Tower with Radar,16,39,20,2,77,0,0,14,0,14,16,39,34,2,91,52,0,52,143
04/07/2015,MLI,IL,AGL,CE,Combined TRACON& Tower with Radar,12,37,23,0,72,0,0,0,0,0,12,37,23,0,72,0,0,0,72
04/08/2015,MLI,IL,AGL,CE,Combined TRACON& Tower with Radar,12,33,19,0,64,0,0,0,0,0,12,33,19,0,64,0,0,0,64
04/09/2015,MLI,IL,AGL,CE,Combined TRACON& Tower with Radar,30,44,17,0,91,0,0,3,0,3,30,44,20,0,94,0,0,0,94
04/10/2015,MLI,IL,AGL,CE,Combined TRACON& Tower with Radar,15,35,17,0,67,0,0,3,0,3,15,35,20,0,70,0,0,0,70
04/11/2015,MLI,IL,AGL,CE,Combined TRACON& Tower with Radar,6,23,20,0,49,0,0,16,2,18,6,23,36,2,67,10,0,10,77
04/12/2015,MLI,IL,AGL,CE,Combined TRACON& Tower with Radar,18,29,8,0,55,0,0,11,0,11,18,29,19,0,66,10,0,10,76
04/13/2015,MLI,IL,AGL,CE,Combined TRACON& Tower with Radar,14,31,15,1,61,0,0,15,0,15,14,31,30,1,76,16,0,16,92
04/14/2015,MLI,IL,AGL,CE,Combined TRACON& Tower with Radar,8,32,27,0,67,0,0,29,0,29,8,32,56,0,96,40,0,40,136
04/15/2015,MLI,IL,AGL,CE,Combined TRACON& Tower with Radar,8,39,21,0,68,0,0,14,0,14,8,39,35,0,82,0,0,0,82
04/16/2015,MLI,IL,AGL,CE,Combined TRACON& Tower with Radar,14,36,19,1,70,0,0,15,0,15,14,36,34,1,85,34,0,34,119
04/17/2015,MLI,IL,AGL,CE,Combined TRACON& Tower with Radar,14,34,21,2,71,0,0,22,0,22,14,34,43,2,93,26,0,26,119
04/18/2015,MLI,IL,AGL,CE,Combined TRACON& Tower with Radar,6,20,10,0,36,0,0,13,0,13,6,20,23,0,49,14,0,14,63
04/19/2015,MLI,IL,AGL,CE,Combined TRACON& Tower with Radar,16,30,7,0,53,0,0,4,0,4,16,30,11,0,57,0,0,0,57
04/20/2015,MLI,IL,AGL,CE,Combined TRACON& Tower with Radar,14,37,18,0,69,0,0,2,0,2,14,37,20,0,71,0,0,0,71
04/21/2015,MLI,IL,AGL,CE,Combined TRACON& Tower with Radar,10,30,21,2,63,0,0,4,0,4,10,30,25,2,67,0,0,0,67
04/22/2015,MLI,IL,AGL,CE,Combined TRACON& Tower with Radar,12,36,11,2,61,0,3,12,0,15,12,39,23,2,76,0,0,0,76
04/23/2015,MLI,IL,AGL,CE,Combined TRACON& Tower with Radar,12,40,17,2,71,0,0,30,0,30,12,40,47,2,101,16,8,24,125
04/24/2015,MLI,IL,AGL,CE,Combined TRACON& Tower with Radar,12,32,17,2,63,0,0,11,2,13,12,32,28,4,76,0,0,0,76
04/25/2015,MLI,IL,AGL,CE,Combined TRACON& Tower with Radar,6,22,4,0,32,0,0,2,0,2,6,22,6,0,34,0,0,0,34
04/26/2015,MLI,IL,AGL,CE,Combined TRACON& Tower with Radar,16,32,8,0,56,0,0,14,0,14,16,32,22,0,70,20,0,20,90
04/27/2015,MLI,IL,AGL,CE,Combined TRACON& Tower with Radar,14,31,25,4,74,0,0,25,0,25,14,31,50,4,99,6,0,6,105
04/28/2015,MLI,IL,AGL,CE,Combined TRACON& Tower with Radar,9,32,32,3,76,0,0,14,1,15,9,32,46,4,91,26,2,28,119
04/29/2015,MLI,IL,AGL,CE,Combined TRACON& Tower with Radar,12,28,25,0,65,0,0,26,0,26,12,28,51,0,91,82,0,82,173
04/30/2015,MLI,IL,AGL,CE,Combined TRACON& Tower with Radar,18,36,18,0,72,0,0,18,0,18,18,36,36,0,90,56,0,56,146
05/01/2015,MLI,IL,AGL,CE,Combined TRACON& Tower with Radar,19,30,13,0,62,0,0,18,0,18,19,30,31,0,80,34,0,34,114
05/02/2015,MLI,IL,AGL,CE,Combined TRACON& Tower with Radar,9,20,10,0,39,0,0,21,0,21,9,20,31,0,60,28,0,28,88
05/03/2015,MLI,IL,AGL,CE,Combined TRACON& Tower with Radar,18,28,6,2,54,0,0,6,0,6,18,28,12,2,60,2,0,2,62
05/04/2015,MLI,IL,AGL,CE,Combined TRACON& Tower with Radar,19,34,14,0,67,0,0,9,0,9,19,34,23,0,76,8,0,8,84
05/05/2015,MLI,IL,AGL,CE,Combined TRACON& Tower with Radar,14,32,32,0,78,0,0,2,0,2,14,32,34,0,80,38,0,38,118
05/06/2015,MLI,IL,AGL,CE,Combined TRACON& Tower with Radar,16,29,16,1,62,0,0,10,4,14,16,29,26,5,76,20,0,20,96
05/07/2015,MLI,IL,AGL,CE,Combined TRACON& Tower with Radar,19,31,31,4,85,0,0,15,7,22,19,31,46,11,107,28,0,28,135
05/08/2015,MLI,IL,AGL,CE,Combined TRACON& Tower with Radar,26,28,20,4,78,0,3,4,1,8,26,31,24,5,86,0,0,0,86
05/09/2015,MLI,IL,AGL,CE,Combined TRACON& Tower with Radar,10,16,5,1,32,0,0,12,2,14,10,16,17,3,46,0,0,0,46
05/10/2015,MLI,IL,AGL,CE,Combined TRACON& Tower with Radar,17,17,6,2,42,0,1,0,2,3,17,18,6,4,45,0,0,0,45
05/11/2015,MLI,IL,AGL,CE,Combined TRACON& Tower with Radar,18,34,23,0,75,0,0,11,0,11,18,34,34,0,86,20,0,20,106
05/12/2015,MLI,IL,AGL,CE,Combined TRACON& Tower with Radar,17,29,20,0,66,0,0,9,0,9,17,29,29,0,75,0,0,0,75
05/13/2015,MLI,IL,AGL,CE,Combined TRACON& Tower with Radar,19,31,30,1,81,0,0,32,1,33,19,31,62,2,114,24,0,24,138
05/14/2015,MLI,IL,AGL,CE,Combined TRACON& Tower with Radar,22,28,25,0,75,0,0,7,0,7,22,28,32,0,82,0,0,0,82
05/15/2015,MLI,IL,AGL,CE,Combined TRACON& Tower with Radar,20,27,11,0,58,0,0,8,0,8,20,27,19,0,66,0,0,0,66
05/16/2015,MLI,IL,AGL,CE,Combined TRACON& Tower with Radar,14,16,8,0,38,0,1,13,0,14,14,17,21,0,52,0,0,0,52
05/17/2015,MLI,IL,AGL,CE,Combined TRACON& Tower with Radar,22,23,8,0,53,0,0,1,0,1,22,23,9,0,54,50,0,50,104
05/18/2015,MLI,IL,AGL,CE,Combined TRACON& Tower with Radar,21,29,19,0,69,0,0,10,0,10,21,29,29,0,79,32,0,32,111
05/19/2015,MLI,IL,AGL,CE,Combined TRACON& Tower with Radar,16,25,36,0,77,0,0,25,0,25,16,25,61,0,102,60,0,60,162
05/20/2015,MLI,IL,AGL,CE,Combined TRACON& Tower with Radar,18,24,12,0,54,0,0,8,0,8,18,24,20,0,62,0,0,0,62
05/21/2015,MLI,IL,AGL,CE,Combined TRACON& Tower with Radar,23,37,25,0,85,0,0,34,1,35,23,37,59,1,120,4,0,4,124
05/22/2015,MLI,IL,AGL,CE,Combined TRACON& Tower with Radar,22,29,27,0,78,0,0,22,1,23,22,29,49,1,101,24,0,24,125
05/23/2015,MLI,IL,AGL,CE,Combined TRACON& Tower with Radar,10,17,9,0,36,0,0,15,0,15,10,17,24,0,51,10,0,10,61
05/24/2015,MLI,IL,AGL,CE,Combined TRACON& Tower with Radar,17,18,4,0,39,0,0,0,0,0,17,18,4,0,39,0,0,0,39
05/25/2015,MLI,IL,AGL,CE,Combined TRACON& Tower with Radar,19,24,17,0,60,0,0,12,0,12,19,24,29,0,72,0,0,0,72
05/26/2015,MLI,IL,AGL,CE,Combined TRACON& Tower with Radar,16,29,20,0,65,0,0,2,0,2,16,29,22,0,67,22,0,22,89
05/27/2015,MLI,IL,AGL,CE,Combined TRACON& Tower with Radar,19,18,27,0,64,0,0,19,0,19,19,18,46,0,83,0,0,0,83
05/28/2015,MLI,IL,AGL,CE,Combined TRACON& Tower with Radar,24,26,16,0,66,0,0,17,0,17,24,26,33,0,83,6,0,6,89
05/29/2015,MLI,IL,AGL,CE,Combined TRACON& Tower with Radar,22,30,24,0,76,0,2,7,0,9,22,32,31,0,85,0,0,0,85
05/30/2015,MLI,IL,AGL,CE,Combined TRACON& Tower with Radar,13,17,14,8,52,0,0,0,0,0,13,17,14,8,52,0,0,0,52
05/31/2015,MLI,IL,AGL,CE,Combined TRACON& Tower with Radar,21,20,11,0,52,0,0,20,0,20,21,20,31,0,72,28,0,28,100
06/01/2015,MLI,IL,AGL,CE,Combined TRACON& Tower with Radar,20,28,11,1,60,0,0,19,3,22,20,28,30,4,82,34,0,34,116
06/02/2015,MLI,IL,AGL,CE,Combined TRACON& Tower with Radar,22,20,22,1,65,0,0,15,0,15,22,20,37,1,80,4,0,4,84
06/03/2015,MLI,IL,AGL,CE,Combined TRACON& Tower with Radar,15,26,20,1,62,0,0,24,0,24,15,26,44,1,86,10,0,10,96
06/04/2015,MLI,IL,AGL,CE,Combined TRACON& Tower with Radar,22,29,10,3,64,0,0,9,0,9,22,29,19,3,73,80,0,80,153
06/05/2015,MLI,IL,AGL,CE,Combined TRACON& Tower with Radar,20,32,22,1,75,0,1,7,2,10,20,33,29,3,85,30,0,30,115
06/06/2015,MLI,IL,AGL,CE,Combined TRACON& Tower with Radar,15,20,5,0,40,0,0,21,3,24,15,20,26,3,64,8,0,8,72
06/07/2015,MLI,IL,AGL,CE,Combined TRACON& Tower with Radar,19,22,3,0,44,0,0,1,0,1,19,22,4,0,45,0,0,0,45
06/08/2015,MLI,IL,AGL,CE,Combined TRACON& Tower with Radar,32,34,8,0,74,0,0,15,0,15,32,34,23,0,89,6,0,6,95
06/09/2015,MLI,IL,AGL,CE,Combined TRACON& Tower with Radar,13,31,21,2,67,0,0,22,0,22,13,31,43,2,89,32,0,32,121
06/10/2015,MLI,IL,AGL,CE,Combined TRACON& Tower with Radar,14,30,13,0,57,0,0,17,0,17,14,30,30,0,74,40,0,40,114
06/11/2015,MLI,IL,AGL,CE,Combined TRACON& Tower with Radar,18,36,8,0,62,0,0,4,0,4,18,36,12,0,66,0,0,0,66
06/12/2015,MLI,IL,AGL,CE,Combined TRACON& Tower with Radar,18,31,25,6,80,0,0,0,0,0,18,31,25,6,80,6,0,6,86
06/13/2015,MLI,IL,AGL,CE,Combined TRACON& Tower with Radar,13,21,3,0,37,0,0,3,0,3,13,21,6,0,40,0,0,0,40
06/14/2015,MLI,IL,AGL,CE,Combined TRACON& Tower with Radar,21,23,10,0,54,0,0,6,0,6,21,23,16,0,60,0,0,0,60
06/15/2015,MLI,IL,AGL,CE,Combined TRACON& Tower with Radar,16,30,12,1,59,0,0,1,2,3,16,30,13,3,62,0,0,0,62
06/16/2015,MLI,IL,AGL,CE,Combined TRACON& Tower with Radar,14,28,20,0,62,0,0,21,0,21,14,28,41,0,83,16,0,16,99
06/17/2015,MLI,IL,AGL,CE,Combined TRACON& Tower with Radar,13,25,14,4,56,0,0,0,0,0,13,25,14,4,56,72,0,72,128
06/18/2015,MLI,IL,AGL,CE,Combined TRACON& Tower with Radar,17,30,3,7,57,0,0,15,4,19,17,30,18,11,76,2,0,2,78
06/19/2015,MLI,IL,AGL,CE,Combined TRACON& Tower with Radar,19,34,13,0,66,0,0,19,0,19,19,34,32,0,85,16,0,16,101
06/20/2015,MLI,IL,AGL,CE,Combined TRACON& Tower with Radar,11,22,10,0,43,0,0,11,0,11,11,22,21,0,54,12,0,12,66
06/21/2015,MLI,IL,AGL,CE,Combined TRACON& Tower with Radar,21,24,9,0,54,0,0,12,0,12,21,24,21,0,66,30,0,30,96
06/22/2015,MLI,IL,AGL,CE,Combined TRACON& Tower with Radar,17,23,18,0,58,0,1,4,1,6,17,24,22,1,64,0,0,0,64
06/23/2015,MLI,IL,AGL,CE,Combined TRACON& Tower with Radar,17,28,20,2,67,0,0,27,0,27,17,28,47,2,94,66,0,66,160
06/24/2015,MLI,IL,AGL,CE,Combined TRACON& Tower with Radar,13,28,19,0,60,0,0,1,0,1,13,28,20,0,61,0,0,0,61
06/25/2015,MLI,IL,AGL,CE,Combined TRACON& Tower with Radar,19,26,29,0,74,0,0,5,0,5,19,26,34,0,79,0,0,0,79
06/26/2015,MLI,IL,AGL,CE,Combined TRACON& Tower with Radar,17,30,22,0,69,0,0,12,0,12,17,30,34,0,81,46,0,46,127
06/27/2015,MLI,IL,AGL,CE,Combined TRACON& Tower with Radar,11,21,18,0,50,0,0,28,0,28,11,21,46,0,78,28,0,28,106
06/28/2015,MLI,IL,AGL,CE,Combined TRACON& Tower with Radar,25,23,19,0,67,0,0,6,0,6,25,23,25,0,73,0,0,0,73
06/29/2015,MLI,IL,AGL,CE,Combined TRACON& Tower with Radar,20,31,16,0,67,0,0,10,0,10,20,31,26,0,77,16,0,16,93
06/30/2015,MLI,IL,AGL,CE,Combined TRACON& Tower with Radar,15,27,19,0,61,0,0,19,0,19,15,27,38,0,80,0,0,0,80
07/01/2015,MLI,IL,AGL,CE,Combined TRACON& Tower with Radar,14,27,20,0,61,0,0,10,0,10,14,27,30,0,71,88,0,88,159
07/02/2015,MLI,IL,AGL,CE,Combined TRACON& Tower with Radar,21,28,23,0,72,0,0,19,0,19,21,28,42,0,91,38,0,38,129
07/03/2015,MLI,IL,AGL,CE,Combined TRACON& Tower with Radar,14,21,12,0,47,0,0,23,0,23,14,21,35,0,70,21,0,21,91
07/04/2015,MLI,IL,AGL,CE,Combined TRACON& Tower with Radar,11,15,7,0,33,0,0,32,0,32,11,15,39,0,65,0,0,0,65
07/05/2015,MLI,IL,AGL,CE,Combined TRACON& Tower with Radar,20,34,15,0,69,0,0,5,0,5,20,34,20,0,74,0,0,0,74
07/06/2015,MLI,IL,AGL,CE,Combined TRACON& Tower with Radar,16,26,17,0,59,0,0,6,0,6,16,26,23,0,65,0,0,0,65
07/07/2015,MLI,IL,AGL,CE,Combined TRACON& Tower with Radar,16,31,25,1,73,0,0,17,0,17,16,31,42,1,90,0,0,0,90
07/08/2015,MLI,IL,AGL,CE,Combined TRACON& Tower with Radar,19,23,23,14,79,0,0,18,0,18,19,23,41,14,97,5,8,13,110
07/09/2015,MLI,IL,AGL,CE,Combined TRACON& Tower with Radar,19,38,33,1,91,0,0,17,0,17,19,38,50,1,108,0,0,0,108
07/10/2015,MLI,IL,AGL,CE,Combined TRACON& Tower with Radar,18,30,18,0,66,0,0,26,0,26,18,30,44,0,92,46,0,46,138
07/11/2015,MLI,IL,AGL,CE,Combined TRACON& Tower with Radar,12,23,6,0,41,0,0,1,0,1,12,23,7,0,42,0,0,0,42
07/12/2015,MLI,IL,AGL,CE,Combined TRACON& Tower with Radar,20,46,12,0,78,0,0,6,0,6,20,46,18,0,84,4,0,4,88
07/13/2015,MLI,IL,AGL,CE,Combined TRACON& Tower with Radar,14,30,11,0,55,0,0,10,1,11,14,30,21,1,66,0,0,0,66
07/14/2015,MLI,IL,AGL,CE,Combined TRACON& Tower with Radar,16,26,12,0,54,0,0,30,0,30,16,26,42,0,84,32,0,32,116
07/15/2015,MLI,IL,AGL,CE,Combined TRACON& Tower with Radar,16,28,19,4,67,0,0,28,0,28,16,28,47,4,95,64,0,64,159
07/16/2015,MLI,IL,AGL,CE,Combined TRACON& Tower with Radar,20,28,16,0,64,0,0,4,0,4,20,28,20,0,68,0,0,0,68
07/17/2015,MLI,IL,AGL,CE,Combined TRACON& Tower with Radar,19,34,17,0,70,0,0,19,0,19,19,34,36,0,89,6,0,6,95
07/18/2015,MLI,IL,AGL,CE,Combined TRACON& Tower with Radar,12,21,6,0,39,0,0,25,0,25,12,21,31,0,64,0,0,0,64
07/19/2015,MLI,IL,AGL,CE,Combined TRACON& Tower with Radar,19,26,13,0,58,0,0,21,0,21,19,26,34,0,79,18,0,18,97
07/20/2015,MLI,IL,AGL,CE,Combined TRACON& Tower with Radar,17,31,14,0,62,0,0,15,0,15,17,31,29,0,77,38,0,38,115
07/21/2015,MLI,IL,AGL,CE,Combined TRACON& Tower with Radar,15,30,21,0,66,0,0,19,0,19,15,30,40,0,85,14,0,14,99
07/22/2015,MLI,IL,AGL,CE,Combined TRACON& Tower with Radar,18,33,8,2,61,0,0,13,0,13,18,33,21,2,74,58,0,58,132
07/23/2015,MLI,IL,AGL,CE,Combined TRACON& Tower with Radar,18,38,27,0,83,0,0,24,0,24,18,38,51,0,107,16,0,16,123
07/24/2015,MLI,IL,AGL,CE,Combined TRACON& Tower with Radar,20,41,17,0,78,0,1,25,0,26,20,42,42,0,104,34,0,34,138
07/25/2015,MLI,IL,AGL,CE,Combined TRACON& Tower with Radar,13,18,15,0,46,0,0,17,0,17,13,18,32,0,63,0,0,0,63
07/26/2015,MLI,IL,AGL,CE,Combined TRACON& Tower with Radar,21,28,14,2,65,0,0,9,0,9,21,28,23,2,74,0,0,0,74
07/27/2015,MLI,IL,AGL,CE,Combined TRACON& Tower with Radar,17,33,12,2,64,0,0,16,2,18,17,33,28,4,82,6,0,6,88
07/28/2015,MLI,IL,AGL,CE,Combined TRACON& Tower with Radar,17,27,31,0,75,0,0,12,0,12,17,27,43,0,87,16,0,16,103
07/29/2015,MLI,IL,AGL,CE,Combined TRACON& Tower with Radar,17,34,19,0,70,0,3,16,2,21,17,37,35,2,91,6,4,10,101
07/30/2015,MLI,IL,AGL,CE,Combined TRACON& Tower with Radar,17,34,26,0,77,0,0,23,2,25,17,34,49,2,102,70,0,70,172
07/31/2015,MLI,IL,AGL,CE,Combined TRACON& Tower with Radar,19,39,14,0,72,0,1,22,0,23,19,40,36,0,95,8,0,8,103
08/01/2015,MLI,IL,AGL,CE,Combined TRACON& Tower with Radar,11,23,2,0,36,0,0,20,0,20,11,23,22,0,56,12,0,12,68
08/02/2015,MLI,IL,AGL,CE,Combined TRACON& Tower with Radar,22,22,9,0,53,0,0,14,0,14,22,22,23,0,67,23,0,23,90
08/03/2015,MLI,IL,AGL,CE,Combined TRACON& Tower with Radar,16,31,11,0,58,0,0,25,0,25,16,31,36,0,83,10,0,10,93
08/04/2015,MLI,IL,AGL,CE,Combined TRACON& Tower with Radar,14,30,29,0,73,0,0,28,0,28,14,30,57,0,101,32,0,32,133
08/05/2015,MLI,IL,AGL,CE,Combined TRACON& Tower with Radar,18,28,12,0,58,0,0,15,0,15,18,28,27,0,73,78,0,78,151
08/06/2015,MLI,IL,AGL,CE,Combined TRACON& Tower with Radar,18,29,16,0,63,0,0,28,0,28,18,29,44,0,91,44,0,44,135
08/07/2015,MLI,IL,AGL,CE,Combined TRACON& Tower with Radar,18,32,25,0,75,0,0,12,0,12,18,32,37,0,87,10,0,10,97
08/08/2015,MLI,IL,AGL,CE,Combined TRACON& Tower with Radar,11,21,8,2,42,0,0,14,0,14,11,21,22,2,56,38,0,38,94
08/09/2015,MLI,IL,AGL,CE,Combined TRACON& Tower with Radar,19,28,14,0,61,0,0,0,0,0,19,28,14,0,61,0,0,0,61
08/10/2015,MLI,IL,AGL,CE,Combined TRACON& Tower with Radar,15,21,14,2,52,0,0,9,0,9,15,21,23,2,61,34,0,34,95
08/11/2015,MLI,IL,AGL,CE,Combined TRACON& Tower with Radar,15,33,23,4,75,0,0,22,0,22,15,33,45,4,97,22,0,22,119
08/12/2015,MLI,IL,AGL,CE,Combined TRACON& Tower with Radar,16,27,15,0,58,0,1,29,0,30,16,28,44,0,88,6,0,6,94
08/13/2015,MLI,IL,AGL,CE,Combined TRACON& Tower with Radar,16,30,27,2,75,0,0,30,0,30,16,30,57,2,105,22,2,24,129
08/14/2015,MLI,IL,AGL,CE,Combined TRACON& Tower with Radar,16,30,13,0,59,0,0,19,0,19,16,30,32,0,78,18,0,18,96
08/15/2015,MLI,IL,AGL,CE,Combined TRACON& Tower with Radar,13,23,7,0,43,0,0,14,0,14,13,23,21,0,57,22,0,22,79
08/16/2015,MLI,IL,AGL,CE,Combined TRACON& Tower with Radar,20,24,8,0,52,0,0,8,0,8,20,24,16,0,60,22,0,22,82
08/17/2015,MLI,IL,AGL,CE,Combined TRACON& Tower with Radar,14,30,28,0,72,0,0,11,0,11,14,30,39,0,83,16,0,16,99
08/18/2015,MLI,IL,AGL,CE,Combined TRACON& Tower with Radar,9,36,14,0,59,0,0,1,0,1,9,36,15,0,60,20,0,20,80
08/19/2015,MLI,IL,AGL,CE,Combined TRACON& Tower with Radar,10,35,18,0,63,0,0,10,0,10,10,35,28,0,73,54,0,54,127
08/20/2015,MLI,IL,AGL,CE,Combined TRACON& Tower with Radar,12,37,25,0,74,0,0,22,0,22,12,37,47,0,96,30,0,30,126
08/21/2015,MLI,IL,AGL,CE,Combined TRACON& Tower with Radar,12,34,22,6,74,0,0,16,0,16,12,34,38,6,90,12,8,20,110
08/22/2015,MLI,IL,AGL,CE,Combined TRACON& Tower with Radar,9,20,16,0,45,0,0,28,0,28,9,20,44,0,73,20,0,20,93
08/23/2015,MLI,IL,AGL,CE,Combined TRACON& Tower with Radar,16,29,12,2,59,0,0,13,2,15,16,29,25,4,74,0,4,4,78
08/24/2015,MLI,IL,AGL,CE,Combined TRACON& Tower with Radar,13,43,15,0,71,0,0,11,0,11,13,43,26,0,82,0,0,0,82
08/25/2015,MLI,IL,AGL,CE,Combined TRACON& Tower with Radar,13,32,13,0,58,0,1,19,0,20,13,33,32,0,78,80,0,80,158
08/26/2015,MLI,IL,AGL,CE,Combined TRACON& Tower with Radar,13,41,17,0,71,0,0,20,0,20,13,41,37,0,91,10,0,10,101
08/27/2015,MLI,IL,AGL,CE,Combined TRACON& Tower with Radar,12,36,27,0,75,0,0,30,2,32,12,36,57,2,107,0,0,0,107
08/28/2015,MLI,IL,AGL,CE,Combined TRACON& Tower with Radar,12,38,18,0,68,0,0,19,2,21,12,38,37,2,89,8,0,8,97
08/29/2015,MLI,IL,AGL,CE,Combined TRACON& Tower with Radar,11,16,11,0,38,0,0,2,0,2,11,16,13,0,40,14,0,14,54
08/30/2015,MLI,IL,AGL,CE,Combined TRACON& Tower with Radar,17,28,14,0,59,0,0,5,0,5,17,28,19,0,64,14,0,14,78
08/31/2015,MLI,IL,AGL,CE,Combined TRACON& Tower with Radar,12,31,14,0,57,0,0,29,0,29,12,31,43,0,86,48,0,48,134
09/01/2015,MLI,IL,AGL,CE,Combined TRACON& Tower with Radar,12,33,26,1,72,0,0,22,0,22,12,33,48,1,94,34,0,34,128
09/02/2015,MLI,IL,AGL,CE,Combined TRACON& Tower with Radar,10,35,9,1,55,0,0,15,0,15,10,35,24,1,70,4,0,4,74
09/03/2015,MLI,IL,AGL,CE,Combined TRACON& Tower with Radar,11,34,30,0,75,0,1,23,0,24,11,35,53,0,99,70,0,70,169
09/04/2015,MLI,IL,AGL,CE,Combined TRACON& Tower with Radar,12,35,13,0,60,0,0,18,0,18,12,35,31,0,78,6,0,6,84
09/05/2015,MLI,IL,AGL,CE,Combined TRACON& Tower with Radar,8,17,10,0,35,0,0,12,0,12,8,17,22,0,47,12,0,12,59
09/06/2015,MLI,IL,AGL,CE,Combined TRACON& Tower with Radar,10,13,4,0,27,0,0,12,0,12,10,13,16,0,39,6,0,6,45
09/07/2015,MLI,IL,AGL,CE,Combined TRACON& Tower with Radar,14,24,12,0,50,0,0,8,0,8,14,24,20,0,58,22,0,22,80
09/08/2015,MLI,IL,AGL,CE,Combined TRACON& Tower with Radar,8,30,22,0,60,0,0,5,0,5,8,30,27,0,65,0,0,0,65
09/09/2015,MLI,IL,AGL,CE,Combined TRACON& Tower with Radar,10,26,20,0,56,0,0,17,0,17,10,26,37,0,73,78,0,78,151
09/10/2015,MLI,IL,AGL,CE,Combined TRACON& Tower with Radar,10,33,19,0,62,0,0,7,0,7,10,33,26,0,69,0,0,0,69
09/11/2015,MLI,IL,AGL,CE,Combined TRACON& Tower with Radar,13,37,25,0,75,0,0,10,0,10,13,37,35,0,85,0,0,0,85
09/12/2015,MLI,IL,AGL,CE,Combined TRACON& Tower with Radar,9,21,12,6,48,0,0,26,0,26,9,21,38,6,74,12,2,14,88
09/13/2015,MLI,IL,AGL,CE,Combined TRACON& Tower with Radar,13,35,20,0,68,0,2,34,0,36,13,37,54,0,104,20,0,20,124
09/14/2015,MLI,IL,AGL,CE,Combined TRACON& Tower with Radar,12,36,12,0,60,0,0,22,0,22,12,36,34,0,82,27,0,27,109
09/15/2015,MLI,IL,AGL,CE,Combined TRACON& Tower with Radar,12,31,19,0,62,0,0,23,0,23,12,31,42,0,85,20,0,20,105
09/16/2015,MLI,IL,AGL,CE,Combined TRACON& Tower with Radar,12,35,11,0,58,0,0,18,0,18,12,35,29,0,76,0,0,0,76
09/17/2015,MLI,IL,AGL,CE,Combined TRACON& Tower with Radar,11,30,15,0,56,0,0,17,0,17,11,30,32,0,73,18,0,18,91
09/18/2015,MLI,IL,AGL,CE,Combined TRACON& Tower with Radar,14,37,17,0,68,0,0,0,0,0,14,37,17,0,68,0,0,0,68
09/19/2015,MLI,IL,AGL,CE,Combined TRACON& Tower with Radar,12,16,8,0,36,0,0,22,0,22,12,16,30,0,58,22,0,22,80
09/20/2015,MLI,IL,AGL,CE,Combined TRACON& Tower with Radar,12,33,14,0,59,0,0,21,0,21,12,33,35,0,80,0,0,0,80
09/21/2015,MLI,IL,AGL,CE,Combined TRACON& Tower with Radar,12,37,19,0,68,0,0,23,0,23,12,37,42,0,91,36,0,36,127
09/22/2015,MLI,IL,AGL,CE,Combined TRACON& Tower with Radar,9,38,18,1,66,0,0,15,1,16,9,38,33,2,82,56,0,56,138
09/23/2015,MLI,IL,AGL,CE,Combined TRACON& Tower with Radar,11,29,16,0,56,0,0,10,0,10,11,29,26,0,66,20,0,20,86
09/24/2015,MLI,IL,AGL,CE,Combined TRACON& Tower with Radar,22,35,28,0,85,0,0,15,0,15,22,35,43,0,100,10,0,10,110
09/25/2015,MLI,IL,AGL,CE,Combined TRACON& Tower with Radar,21,33,21,0,75,0,0,16,0,16,21,33,37,0,91,14,0,14,105
09/26/2015,MLI,IL,AGL,CE,Combined TRACON& Tower with Radar,13,16,9,0,38,0,0,15,0,15,13,16,24,0,53,46,0,46,99
09/27/2015,MLI,IL,AGL,CE,Combined TRACON& Tower with Radar,19,25,13,0,57,0,0,15,0,15,19,25,28,0,72,0,0,0,72
09/28/2015,MLI,IL,AGL,CE,Combined TRACON& Tower with Radar,18,36,22,13,89,0,0,12,0,12,18,36,34,13,101,28,0,28,129
09/29/2015,MLI,IL,AGL,CE,Combined TRACON& Tower with Radar,16,37,18,9,80,0,0,3,0,3,16,37,21,9,83,20,0,20,103
09/30/2015,MLI,IL,AGL,CE,Combined TRACON& Tower with Radar,16,26,20,0,62,0,0,11,0,11,16,26,31,0,73,26,0,26,99
10/01/2015,MLI,IL,AGL,CE,Combined TRACON& Tower with Radar,17,34,39,0,90,0,0,10,0,10,17,34,49,0,100,44,0,44,144
10/02/2015,MLI,IL,AGL,CE,Combined TRACON& Tower with Radar,18,32,21,0,71,0,0,10,0,10,18,32,31,0,81,28,0,28,109
10/03/2015,MLI,IL,AGL,CE,Combined TRACON& Tower with Radar,12,20,5,0,37,0,2,7,0,9,12,22,12,0,46,46,0,46,92
10/04/2015,MLI,IL,AGL,CE,Combined TRACON& Tower with Radar,17,28,19,0,64,0,0,0,0,0,17,28,19,0,64,24,0,24,88
10/05/2015,MLI,IL,AGL,CE,Combined TRACON& Tower with Radar,15,28,18,0,61,0,0,6,0,6,15,28,24,0,67,30,0,30,97
10/06/2015,MLI,IL,AGL,CE,Combined TRACON& Tower with Radar,13,29,37,2,81,0,0,19,0,19,13,29,56,2,100,36,0,36,136
10/07/2015,MLI,IL,AGL,CE,Combined TRACON& Tower with Radar,16,28,19,2,65,0,0,41,1,42,16,28,60,3,107,66,0,66,173
10/08/2015,MLI,IL,AGL,CE,Combined TRACON& Tower with Radar,18,32,21,0,71,0,0,9,0,9,18,32,30,0,80,0,0,0,80
10/09/2015,MLI,IL,AGL,CE,Combined TRACON& Tower with Radar,17,30,15,0,62,0,0,15,0,15,17,30,30,0,77,22,0,22,99
10/10/2015,MLI,IL,AGL,CE,Combined TRACON& Tower with Radar,12,16,7,0,35,0,0,51,0,51,12,16,58,0,86,0,0,0,86
10/11/2015,MLI,IL,AGL,CE,Combined TRACON& Tower with Radar,17,29,12,0,58,0,0,15,0,15,17,29,27,0,73,22,0,22,95
10/12/2015,MLI,IL,AGL,CE,Combined TRACON& Tower with Radar,18,34,24,0,76,0,0,8,0,8,18,34,32,0,84,0,0,0,84
10/13/2015,MLI,IL,AGL,CE,Combined TRACON& Tower with Radar,14,30,16,0,60,0,0,13,0,13,14,30,29,0,73,16,0,16,89
10/14/2015,MLI,IL,AGL,CE,Combined TRACON& Tower with Radar,14,30,21,0,65,0,0,21,0,21,14,30,42,0,86,42,0,42,128
10/15/2015,MLI,IL,AGL,CE,Combined TRACON& Tower with Radar,18,35,16,0,69,0,0,7,0,7,18,35,23,0,76,0,0,0,76
10/16/2015,MLI,IL,AGL,CE,Combined TRACON& Tower with Radar,18,30,10,0,58,0,2,16,0,18,18,32,26,0,76,14,0,14,90
10/17/2015,MLI,IL,AGL,CE,Combined TRACON& Tower with Radar,12,17,13,0,42,0,0,24,0,24,12,17,37,0,66,40,0,40,106
10/18/2015,MLI,IL,AGL,CE,Combined TRACON& Tower with Radar,18,29,12,2,61,0,0,24,2,26,18,29,36,4,87,64,0,64,151
10/19/2015,MLI,IL,AGL,CE,Combined TRACON& Tower with Radar,18,28,9,0,55,0,0,5,0,5,18,28,14,0,60,28,0,28,88
10/20/2015,MLI,IL,AGL,CE,Combined TRACON& Tower with Radar,13,33,15,0,61,0,0,6,0,6,13,33,21,0,67,16,0,16,83
10/21/2015,MLI,IL,AGL,CE,Combined TRACON& Tower with Radar,14,31,24,4,73,0,0,10,4,14,14,31,34,8,87,42,4,46,133
10/22/2015,MLI,IL,AGL,CE,Combined TRACON& Tower with Radar,18,30,28,0,76,0,0,21,0,21,18,30,49,0,97,56,0,56,153
10/23/2015,MLI,IL,AGL,CE,Combined TRACON& Tower with Radar,18,26,12,0,56,0,0,8,0,8,18,26,20,0,64,0,0,0,64
10/24/2015,MLI,IL,AGL,CE,Combined TRACON& Tower with Radar,12,17,6,0,35,0,0,4,0,4,12,17,10,0,39,0,0,0,39
10/25/2015,MLI,IL,AGL,CE,Combined TRACON& Tower with Radar,15,35,7,0,57,0,0,25,0,25,15,35,32,0,82,72,0,72,154
10/26/2015,MLI,IL,AGL,CE,Combined TRACON& Tower with Radar,16,32,24,4,76,0,2,17,0,19,16,34,41,4,95,58,0,58,153
10/27/2015,MLI,IL,AGL,CE,Combined TRACON& Tower with Radar,11,37,27,0,75,0,0,2,0,2,11,37,29,0,77,20,0,20,97
10/28/2015,MLI,IL,AGL,CE,Combined TRACON& Tower with Radar,12,34,12,5,63,0,0,0,0,0,12,34,12,5,63,0,0,0,63
10/29/2015,MLI,IL,AGL,CE,Combined TRACON& Tower with Radar,16,32,25,4,77,0,0,2,0,2,16,32,27,4,79,0,0,0,79
10/30/2015,MLI,IL,AGL,CE,Combined TRACON& Tower with Radar,14,34,10,2,60,0,0,6,0,6,14,34,16,2,66,6,0,6,72
10/31/2015,MLI,IL,AGL,CE,Combined TRACON& Tower with Radar,11,20,8,0,39,0,0,0,0,0,11,20,8,0,39,0,0,0,39
11/01/2015,MLI,IL,AGL,CE,Combined TRACON& Tower with Radar,14,34,14,0,62,0,0,27,0,27,14,34,41,0,89,48,0,48,137
11/02/2015,MLI,IL,AGL,CE,Combined TRACON& Tower with Radar,14,34,21,0,69,0,0,18,0,18,14,34,39,0,87,2,0,2,89
11/03/2015,MLI,IL,AGL,CE,Combined TRACON& Tower with Radar,12,33,28,0,73,0,1,11,0,12,12,34,39,0,85,0,0,0,85
11/04/2015,MLI,IL,AGL,CE,Combined TRACON& Tower with Radar,11,35,17,0,63,0,1,12,0,13,11,36,29,0,76,4,0,4,80
11/05/2015,MLI,IL,AGL,CE,Combined TRACON& Tower with Radar,14,35,24,0,73,0,0,9,0,9,14,35,33,0,82,0,0,0,82
11/06/2015,MLI,IL,AGL,CE,Combined TRACON& Tower with Radar,15,37,18,0,70,0,2,7,0,9,15,39,25,0,79,0,0,0,79
11/07/2015,MLI,IL,AGL,CE,Combined TRACON& Tower with Radar,14,17,9,0,40,0,0,26,0,26,14,17,35,0,66,24,0,24,90
11/08/2015,MLI,IL,AGL,CE,Combined TRACON& Tower with Radar,16,35,13,0,64,0,0,24,0,24,16,35,37,0,88,16,0,16,104
11/09/2015,MLI,IL,AGL,CE,Combined TRACON& Tower with Radar,17,34,19,0,70,0,0,15,0,15,17,34,34,0,85,8,0,8,93
11/10/2015,MLI,IL,AGL,CE,Combined TRACON& Tower with Radar,13,32,18,8,71,0,0,13,0,13,13,32,31,8,84,0,0,0,84
11/11/2015,MLI,IL,AGL,CE,Combined TRACON& Tower with Radar,15,25,18,0,58,0,0,3,0,3,15,25,21,0,61,0,0,0,61
11/12/2015,MLI,IL,AGL,CE,Combined TRACON& Tower with Radar,20,31,21,0,72,0,0,2,0,2,20,31,23,0,74,0,0,0,74
11/13/2015,MLI,IL,AGL,CE,Combined TRACON& Tower with Radar,21,31,17,0,69,0,0,9,0,9,21,31,26,0,78,38,0,38,116
11/14/2015,MLI,IL,AGL,CE,Combined TRACON& Tower with Radar,12,17,4,0,33,0,0,23,0,23,12,17,27,0,56,15,0,15,71
11/15/2015,MLI,IL,AGL,CE,Combined TRACON& Tower with Radar,15,30,19,0,64,0,0,14,0,14,15,30,33,0,78,14,0,14,92
11/16/2015,MLI,IL,AGL,CE,Combined TRACON& Tower with Radar,17,33,7,0,57,0,0,4,0,4,17,33,11,0,61,0,0,0,61
11/17/2015,MLI,IL,AGL,CE,Combined TRACON& Tower with Radar,11,33,14,0,58,0,0,0,0,0,11,33,14,0,58,0,0,0,58
11/18/2015,MLI,IL,AGL,CE,Combined TRACON& Tower with Radar,8,23,5,0,36,0,0,4,0,4,8,23,9,0,40,0,0,0,40
11/19/2015,MLI,IL,AGL,CE,Combined TRACON& Tower with Radar,17,34,17,0,68,0,0,10,0,10,17,34,27,0,78,0,0,0,78
11/20/2015,MLI,IL,AGL,CE,Combined TRACON& Tower with Radar,18,28,19,0,65,0,0,15,0,15,18,28,34,0,80,38,0,38,118
11/21/2015,MLI,IL,AGL,CE,Combined TRACON& Tower with Radar,10,17,2,0,29,0,0,1,0,1,10,17,3,0,30,0,0,0,30
11/22/2015,MLI,IL,AGL,CE,Combined TRACON& Tower with Radar,13,30,12,2,57,0,0,4,0,4,13,30,16,2,61,10,0,10,71
11/23/2015,MLI,IL,AGL,CE,Combined TRACON& Tower with Radar,19,22,16,0,57,0,0,4,0,4,19,22,20,0,61,30,0,30,91
11/24/2015,MLI,IL,AGL,CE,Combined TRACON& Tower with Radar,19,24,30,0,73,0,0,10,0,10,19,24,40,0,83,38,0,38,121
11/25/2015,MLI,IL,AGL,CE,Combined TRACON& Tower with Radar,14,42,13,0,69,0,0,4,0,4,14,42,17,0,73,0,0,0,73
11/26/2015,MLI,IL,AGL,CE,Combined TRACON& Tower with Radar,6,15,1,0,22,0,0,1,0,1,6,15,2,0,23,0,0,0,23
11/27/2015,MLI,IL,AGL,CE,Combined TRACON& Tower with Radar,9,27,5,0,41,0,0,7,0,7,9,27,12,0,48,0,0,0,48
11/28/2015,MLI,IL,AGL,CE,Combined TRACON& Tower with Radar,11,32,2,0,45,0,0,18,0,18,11,32,20,0,63,20,0,20,83
11/29/2015,MLI,IL,AGL,CE,Combined TRACON& Tower with Radar,13,31,17,0,61,0,0,8,0,8,13,31,25,0,69,12,0,12,81
11/30/2015,MLI,IL,AGL,CE,Combined TRACON& Tower with Radar,18,31,10,0,59,0,0,0,0,0,18,31,10,0,59,0,0,0,59
12/01/2015,MLI,IL,AGL,CE,Combined TRACON& Tower with Radar,12,25,9,0,46,0,0,1,0,1,12,25,10,0,47,0,0,0,47
12/02/2015,MLI,IL,AGL,CE,Combined TRACON& Tower with Radar,9,31,12,0,52,0,0,1,0,1,9,31,13,0,53,0,0,0,53
12/03/2015,MLI,IL,AGL,CE,Combined TRACON& Tower with Radar,14,26,18,0,58,0,0,2,0,2,14,26,20,0,60,0,0,0,60
12/04/2015,MLI,IL,AGL,CE,Combined TRACON& Tower with Radar,13,26,15,0,54,0,0,19,0,19,13,26,34,0,73,16,0,16,89
12/05/2015,MLI,IL,AGL,CE,Combined TRACON& Tower with Radar,15,14,10,0,39,0,0,24,2,26,15,14,34,2,65,12,0,12,77
12/06/2015,MLI,IL,AGL,CE,Combined TRACON& Tower with Radar,20,24,12,0,56,0,0,8,0,8,20,24,20,0,64,14,0,14,78
12/07/2015,MLI,IL,AGL,CE,Combined TRACON& Tower with Radar,14,31,16,0,61,0,0,0,0,0,14,31,16,0,61,0,0,0,61
12/08/2015,MLI,IL,AGL,CE,Combined TRACON& Tower with Radar,11,24,25,0,60,0,0,10,0,10,11,24,35,0,70,24,0,24,94
12/09/2015,MLI,IL,AGL,CE,Combined TRACON& Tower with Radar,12,29,25,0,66,0,0,20,0,20,12,29,45,0,86,36,0,36,122
12/10/2015,MLI,IL,AGL,CE,Combined TRACON& Tower with Radar,17,28,8,0,53,0,0,2,0,2,17,28,10,0,55,0,0,0,55
12/11/2015,MLI,IL,AGL,CE,Combined TRACON& Tower with Radar,14,33,8,0,55,0,0,21,0,21,14,33,29,0,76,12,0,12,88
12/12/2015,MLI,IL,AGL,CE,Combined TRACON& Tower with Radar,19,15,4,0,38,0,0,2,0,2,19,15,6,0,40,0,0,0,40
12/13/2015,MLI,IL,AGL,CE,Combined TRACON& Tower with Radar,18,25,11,0,54,0,0,1,0,1,18,25,12,0,55,6,0,6,61
12/14/2015,MLI,IL,AGL,CE,Combined TRACON& Tower with Radar,13,31,14,1,59,0,0,0,0,0,13,31,14,1,59,0,0,0,59
12/15/2015,MLI,IL,AGL,CE,Combined TRACON& Tower with Radar,11,30,30,1,72,0,0,0,0,0,11,30,30,1,72,16,0,16,88
12/16/2015,MLI,IL,AGL,CE,Combined TRACON& Tower with Radar,10,30,28,0,68,0,0,5,0,5,10,30,33,0,73,2,0,2,75
12/17/2015,MLI,IL,AGL,CE,Combined TRACON& Tower with Radar,11,33,27,5,76,0,0,15,1,16,11,33,42,6,92,12,2,14,106
12/18/2015,MLI,IL,AGL,CE,Combined TRACON& Tower with Radar,10,34,17,0,61,0,0,5,0,5,10,34,22,0,66,6,0,6,72
12/19/2015,MLI,IL,AGL,CE,Combined TRACON& Tower with Radar,8,26,10,0,44,0,0,29,0,29,8,26,39,0,73,46,0,46,119
12/20/2015,MLI,IL,AGL,CE,Combined TRACON& Tower with Radar,12,23,7,0,42,0,0,12,0,12,12,23,19,0,54,0,0,0,54
12/21/2015,MLI,IL,AGL,CE,Combined TRACON& Tower with Radar,13,23,19,0,55,0,0,0,0,0,13,23,19,0,55,0,0,0,55
12/22/2015,MLI,IL,AGL,CE,Combined TRACON& Tower with Radar,12,26,25,0,63,0,0,2,0,2,12,26,27,0,65,0,0,0,65
12/23/2015,MLI,IL,AGL,CE,Combined TRACON& Tower with Radar,7,27,10,0,44,0,0,2,0,2,7,27,12,0,46,0,0,0,46
12/24/2015,MLI,IL,AGL,CE,Combined TRACON& Tower with Radar,14,23,3,0,40,0,0,13,0,13,14,23,16,0,53,30,0,30,83
12/25/2015,MLI,IL,AGL,CE,Combined TRACON& Tower with Radar,5,21,2,0,28,0,0,0,0,0,5,21,2,0,28,16,0,16,44
12/26/2015,MLI,IL,AGL,CE,Combined TRACON& Tower with Radar,13,18,5,0,36,0,0,0,0,0,13,18,5,0,36,0,0,0,36
12/27/2015,MLI,IL,AGL,CE,Combined TRACON& Tower with Radar,11,24,10,0,45,0,0,3,0,3,11,24,13,0,48,6,0,6,54
12/28/2015,MLI,IL,AGL,CE,Combined TRACON& Tower with Radar,9,13,3,0,25,0,0,0,0,0,9,13,3,0,25,0,0,0,25
12/29/2015,MLI,IL,AGL,CE,Combined TRACON& Tower with Radar,16,32,32,0,80,0,0,0,0,0,16,32,32,0,80,0,0,0,80
12/30/2015,MLI,IL,AGL,CE,Combined TRACON& Tower with Radar,12,24,11,0,47,0,0,2,0,2,12,24,13,0,49,0,0,0,49
12/31/2015,MLI,IL,AGL,CE,Combined TRACON& Tower with Radar,10,20,8,0,38,0,0,9,0,9,10,20,17,0,47,12,0,12,59
01/01/2016,MLI,IL,AGL,CE,Combined TRACON& Tower with Radar,6,22,1,0,29,0,0,6,0,6,6,22,7,0,35,22,0,22,57
01/02/2016,MLI,IL,AGL,CE,Combined TRACON& Tower with Radar,16,24,14,0,54,0,0,25,0,25,16,24,39,0,79,54,0,54,133
01/03/2016,MLI,IL,AGL,CE,Combined TRACON& Tower with Radar,11,24,20,0,55,0,0,6,0,6,11,24,26,0,61,18,0,18,79
01/04/2016,MLI,IL,AGL,CE,Combined TRACON& Tower with Radar,16,26,7,0,49,0,0,12,0,12,16,26,19,0,61,30,0,30,91
01/05/2016,MLI,IL,AGL,CE,Combined TRACON& Tower with Radar,10,24,20,2,56,0,0,5,0,5,10,24,25,2,61,6,0,6,67
01/06/2016,MLI,IL,AGL,CE,Combined TRACON& Tower with Radar,10,28,22,2,62,0,0,13,2,15,10,28,35,4,77,0,0,0,77
01/07/2016,MLI,IL,AGL,CE,Combined TRACON& Tower with Radar,13,33,19,1,66,0,0,0,1,1,13,33,19,2,67,0,0,0,67
01/08/2016,MLI,IL,AGL,CE,Combined TRACON& Tower with Radar,12,24,3,0,39,0,0,0,0,0,12,24,3,0,39,0,0,0,39
01/09/2016,MLI,IL,AGL,CE,Combined TRACON& Tower with Radar,8,16,3,0,27,0,0,0,0,0,8,16,3,0,27,8,0,8,35
01/10/2016,MLI,IL,AGL,CE,Combined TRACON& Tower with Radar,14,23,11,0,48,0,0,4,0,4,14,23,15,0,52,8,0,8,60
01/11/2016,MLI,IL,AGL,CE,Combined TRACON& Tower with Radar,14,26,19,0,59,0,0,1,0,1,14,26,20,0,60,0,0,0,60
01/12/2016,MLI,IL,AGL,CE,Combined TRACON& Tower with Radar,10,29,25,0,64,0,0,14,0,14,10,29,39,0,78,10,0,10,88
01/13/2016,MLI,IL,AGL,CE,Combined TRACON& Tower with Radar,10,28,8,1,47,0,0,15,1,16,10,28,23,2,63,0,0,0,63
01/14/2016,MLI,IL,AGL,CE,Combined TRACON& Tower with Radar,14,30,21,0,65,0,0,7,2,9,14,30,28,2,74,42,6,48,122
01/15/2016,MLI,IL,AGL,CE,Combined TRACON& Tower with Radar,14,28,10,0,52,0,0,1,0,1,14,28,11,0,53,0,0,0,53
01/16/2016,MLI,IL,AGL,CE,Combined TRACON& Tower with Radar,7,19,7,0,33,0,0,12,0,12,7,19,19,0,45,18,0,18,63
01/17/2016,MLI,IL,AGL,CE,Combined TRACON& Tower with Radar,11,20,5,0,36,0,0,2,0,2,11,20,7,0,38,0,0,0,38
01/18/2016,MLI,IL,AGL,CE,Combined TRACON& Tower with Radar,13,30,7,0,50,0,0,2,0,2,13,30,9,0,52,0,0,0,52
01/19/2016,MLI,IL,AGL,CE,Combined TRACON& Tower with Radar,10,28,17,0,55,0,0,9,0,9,10,28,26,0,64,16,0,16,80
01/20/2016,MLI,IL,AGL,CE,Combined TRACON& Tower with Radar,9,28,26,0,63,0,0,9,1,10,9,28,35,1,73,10,10,20,93
01/21/2016,MLI,IL,AGL,CE,Combined TRACON& Tower with Radar,13,30,29,1,73,0,0,13,1,14,13,30,42,2,87,14,2,16,103
01/22/2016,MLI,IL,AGL,CE,Combined TRACON& Tower with Radar,13,29,12,0,54,0,0,0,0,0,13,29,12,0,54,20,0,20,74
01/23/2016,MLI,IL,AGL,CE,Combined TRACON& Tower with Radar,7,17,12,0,36,0,0,17,0,17,7,17,29,0,53,34,0,34,87
01/24/2016,MLI,IL,AGL,CE,Combined TRACON& Tower with Radar,13,23,8,0,44,0,0,6,0,6,13,23,14,0,50,28,0,28,78
01/25/2016,MLI,IL,AGL,CE,Combined TRACON& Tower with Radar,14,29,19,1,63,0,0,1,0,1,14,29,20,1,64,0,0,0,64
01/26/2016,MLI,IL,AGL,CE,Combined TRACON& Tower with Radar,10,28,18,0,56,0,0,1,1,2,10,28,19,1,58,0,0,0,58
01/27/2016,MLI,IL,AGL,CE,Combined TRACON& Tower with Radar,10,35,15,2,62,0,0,11,0,11,10,35,26,2,73,12,0,12,85
01/28/2016,MLI,IL,AGL,CE,Combined TRACON& Tower with Radar,14,32,13,0,59,0,0,17,0,17,14,32,30,0,76,36,0,36,112
01/29/2016,MLI,IL,AGL,CE,Combined TRACON& Tower with Radar,15,32,30,0,77,0,4,15,0,19,15,36,45,0,96,36,0,36,132
01/30/2016,MLI,IL,AGL,CE,Combined TRACON& Tower with Radar,6,20,14,0,40,0,0,33,0,33,6,20,47,0,73,132,0,132,205
01/31/2016,MLI,IL,AGL,CE,Combined TRACON& Tower with Radar,13,21,6,0,40,0,0,2,0,2,13,21,8,0,42,0,0,0,42
02/01/2016,MLI,IL,AGL,CE,Combined TRACON& Tower with Radar,14,32,18,1,65,0,0,3,0,3,14,32,21,1,68,10,0,10,78
02/02/2016,MLI,IL,AGL,CE,Combined TRACON& Tower with Radar,6,23,12,0,41,0,0,0,0,0,6,23,12,0,41,0,0,0,41
02/03/2016,MLI,IL,AGL,CE,Combined TRACON& Tower with Radar,10,33,16,0,59,0,0,0,0,0,10,33,16,0,59,0,0,0,59
02/04/2016,MLI,IL,AGL,CE,Combined TRACON& Tower with Radar,14,29,24,2,69,0,0,20,0,20,14,29,44,2,89,28,0,28,117
02/05/2016,MLI,IL,AGL,CE,Combined TRACON& Tower with Radar,14,34,19,2,69,0,0,10,0,10,14,34,29,2,79,14,18,32,111
02/06/2016,MLI,IL,AGL,CE,Combined TRACON& Tower with Radar,6,18,8,0,32,0,0,35,0,35,6,18,43,0,67,22,0,22,89
02/07/2016,MLI,IL,AGL,CE,Combined TRACON& Tower with Radar,11,23,4,0,38,0,0,11,0,11,11,23,15,0,49,0,0,0,49
02/08/2016,MLI,IL,AGL,CE,Combined TRACON& Tower with Radar,13,28,17,0,58,0,0,0,0,0,13,28,17,0,58,0,0,0,58
02/09/2016,MLI,IL,AGL,CE,Combined TRACON& Tower with Radar,10,30,20,2,62,0,0,3,0,3,10,30,23,2,65,2,0,2,67
02/10/2016,MLI,IL,AGL,CE,Combined TRACON& Tower with Radar,10,29,19,1,59,0,0,4,1,5,10,29,23,2,64,0,2,2,66
02/11/2016,MLI,IL,AGL,CE,Combined TRACON& Tower with Radar,14,32,22,0,68,0,0,16,0,16,14,32,38,0,84,18,0,18,102
02/12/2016,MLI,IL,AGL,CE,Combined TRACON& Tower with Radar,13,30,18,0,61,0,0,5,0,5,13,30,23,0,66,0,0,0,66
02/13/2016,MLI,IL,AGL,CE,Combined TRACON& Tower with Radar,7,22,10,0,39,0,0,12,0,12,7,22,22,0,51,14,0,14,65
02/14/2016,MLI,IL,AGL,CE,Combined TRACON& Tower with Radar,14,17,7,0,38,0,0,0,0,0,14,17,7,0,38,0,0,0,38
02/15/2016,MLI,IL,AGL,CE,Combined TRACON& Tower with Radar,15,36,25,0,76,0,0,0,0,0,15,36,25,0,76,0,0,0,76
02/16/2016,MLI,IL,AGL,CE,Combined TRACON& Tower with Radar,12,26,18,0,56,0,0,0,0,0,12,26,18,0,56,0,0,0,56
02/17/2016,MLI,IL,AGL,CE,Combined TRACON& Tower with Radar,13,29,12,1,55,0,0,2,1,3,13,29,14,2,58,0,0,0,58
02/18/2016,MLI,IL,AGL,CE,Combined TRACON& Tower with Radar,14,28,14,1,57,0,0,4,1,5,14,28,18,2,62,0,0,0,62
02/19/2016,MLI,IL,AGL,CE,Combined TRACON& Tower with Radar,13,36,23,0,72,0,0,9,0,9,13,36,32,0,81,0,0,0,81
02/20/2016,MLI,IL,AGL,CE,Combined TRACON& Tower with Radar,12,19,9,1,41,0,0,21,0,21,12,19,30,1,62,38,0,38,100
02/21/2016,MLI,IL,AGL,CE,Combined TRACON& Tower with Radar,12,25,4,1,42,0,0,10,0,10,12,25,14,1,52,30,0,30,82
02/22/2016,MLI,IL,AGL,CE,Combined TRACON& Tower with Radar,14,29,24,0,67,0,0,22,0,22,14,29,46,0,89,6,0,6,95
02/23/2016,MLI,IL,AGL,CE,Combined TRACON& Tower with Radar,9,30,13,0,52,0,0,22,0,22,9,30,35,0,74,58,0,58,132
02/24/2016,MLI,IL,AGL,CE,Combined TRACON& Tower with Radar,10,31,30,0,71,0,0,2,0,2,10,31,32,0,73,0,0,0,73
02/25/2016,MLI,IL,AGL,CE,Combined TRACON& Tower with Radar,10,31,14,0,55,0,0,1,2,3,10,31,15,2,58,0,0,0,58
02/26/2016,MLI,IL,AGL,CE,Combined TRACON& Tower with Radar,15,32,10,2,59,0,0,17,0,17,15,32,27,2,76,12,0,12,88
02/27/2016,MLI,IL,AGL,CE,Combined TRACON& Tower with Radar,15,21,13,0,49,0,0,27,0,27,15,21,40,0,76,34,0,34,110
02/28/2016,MLI,IL,AGL,CE,Combined TRACON& Tower with Radar,12,26,3,0,41,0,1,2,0,3,12,27,5,0,44,2,0,2,46
02/29/2016,MLI,IL,AGL,CE,Combined TRACON& Tower with Radar,14,29,28,0,71,0,0,12,0,12,14,29,40,0,83,0,0,0,83
03/01/2016,MLI,IL,AGL,CE,Combined TRACON& Tower with Radar,13,28,4,0,45,0,0,1,0,1,13,28,5,0,46,16,0,16,62
03/02/2016,MLI,IL,AGL,CE,Combined TRACON& Tower with Radar,15,35,23,0,73,0,0,23,0,23,15,35,46,0,96,4,14,18,114
03/03/2016,MLI,IL,AGL,CE,Combined TRACON& Tower with Radar,12,33,13,0,58,0,0,1,0,1,12,33,14,0,59,0,0,0,59
03/04/2016,MLI,IL,AGL,CE,Combined TRACON& Tower with Radar,17,32,19,0,68,0,0,23,0,23,17,32,42,0,91,24,0,24,115
03/05/2016,MLI,IL,AGL,CE,Combined TRACON& Tower with Radar,10,24,4,2,40,0,0,7,0,7,10,24,11,2,47,0,0,0,47
03/06/2016,MLI,IL,AGL,CE,Combined TRACON& Tower with Radar,10,30,8,0,48,0,0,23,0,23,10,30,31,0,71,20,0,20,91
03/07/2016,MLI,IL,AGL,CE,Combined TRACON& Tower with Radar,16,31,21,0,68,0,0,6,0,6,16,31,27,0,74,0,0,0,74
03/08/2016,MLI,IL,AGL,CE,Combined TRACON& Tower with Radar,12,28,17,0,57,0,0,8,0,8,12,28,25,0,65,12,0,12,77
03/09/2016,MLI,IL,AGL,CE,Combined TRACON& Tower with Radar,16,26,26,0,68,0,0,12,0,12,16,26,38,0,80,16,0,16,96
03/10/2016,MLI,IL,AGL,CE,Combined TRACON& Tower with Radar,13,30,8,1,52,0,1,33,0,34,13,31,41,1,86,44,6,50,136
03/11/2016,MLI,IL,AGL,CE,Combined TRACON& Tower with Radar,21,33,22,0,76,0,0,27,0,27,21,33,49,0,103,36,0,36,139
03/12/2016,MLI,IL,AGL,CE,Combined TRACON& Tower with Radar,12,27,4,0,43,0,0,16,0,16,12,27,20,0,59,58,0,58,117
03/13/2016,MLI,IL,AGL,CE,Combined TRACON& Tower with Radar,11,32,17,0,60,0,0,0,0,0,11,32,17,0,60,0,0,0,60
03/14/2016,MLI,IL,AGL,CE,Combined TRACON& Tower with Radar,17,30,23,0,70,0,0,2,0,2,17,30,25,0,72,46,0,46,118
03/15/2016,MLI,IL,AGL,CE,Combined TRACON& Tower with Radar,10,29,18,0,57,0,0,3,0,3,10,29,21,0,60,8,0,8,68
03/16/2016,MLI,IL,AGL,CE,Combined TRACON& Tower with Radar,16,33,20,2,71,0,0,5,0,5,16,33,25,2,76,0,0,0,76
03/17/2016,MLI,IL,AGL,CE,Combined TRACON& Tower with Radar,11,29,19,0,59,0,0,8,0,8,11,29,27,0,67,12,6,18,85
03/18/2016,MLI,IL,AGL,CE,Combined TRACON& Tower with Radar,23,29,21,0,73,0,0,18,0,18,23,29,39,0,91,28,0,28,119
03/19/2016,MLI,IL,AGL,CE,Combined TRACON& Tower with Radar,16,20,6,0,42,0,0,12,0,12,16,20,18,0,54,38,0,38,92
03/20/2016,MLI,IL,AGL,CE,Combined TRACON& Tower with Radar,11,27,11,0,49,0,0,5,0,5,11,27,16,0,54,0,0,0,54
03/21/2016,MLI,IL,AGL,CE,Combined TRACON& Tower with Radar,18,37,8,0,63,0,0,21,0,21,18,37,29,0,84,14,0,14,98
03/22/2016,MLI,IL,AGL,CE,Combined TRACON& Tower with Radar,10,30,21,0,61,0,1,22,0,23,10,31,43,0,84,82,0,82,166
03/23/2016,MLI,IL,AGL,CE,Combined TRACON& Tower with Radar,15,34,24,0,73,0,0,6,0,6,15,34,30,0,79,38,0,38,117
03/24/2016,MLI,IL,AGL,CE,Combined TRACON& Tower with Radar,11,30,18,0,59,0,0,1,0,1,11,30,19,0,60,0,0,0,60
03/25/2016,MLI,IL,AGL,CE,Combined TRACON& Tower with Radar,15,28,17,0,60,0,0,46,0,46,15,28,63,0,106,30,0,30,136
03/26/2016,MLI,IL,AGL,CE,Combined TRACON& Tower with Radar,14,23,9,0,46,0,0,13,0,13,14,23,22,0,59,24,0,24,83
03/27/2016,MLI,IL,AGL,CE,Combined TRACON& Tower with Radar,12,26,13,0,51,0,0,0,0,0,12,26,13,0,51,0,0,0,51
03/28/2016,MLI,IL,AGL,CE,Combined TRACON& Tower with Radar,12,31,23,0,66,0,0,22,0,22,12,31,45,0,88,38,0,38,126
03/29/2016,MLI,IL,AGL,CE,Combined TRACON& Tower with Radar,10,26,15,0,51,0,0,13,0,13,10,26,28,0,64,14,0,14,78
03/30/2016,MLI,IL,AGL,CE,Combined TRACON& Tower with Radar,18,26,35,0,79,0,0,6,0,6,18,26,41,0,85,12,14,26,111
03/31/2016,MLI,IL,AGL,CE,Combined TRACON& Tower with Radar,10,32,20,2,64,0,0,1,0,1,10,32,21,2,65,0,0,0,65
04/01/2016,MLI,IL,AGL,CE,Combined TRACON& Tower with Radar,14,37,19,0,70,0,0,5,0,5,14,37,24,0,75,20,0,20,95
04/02/2016,MLI,IL,AGL,CE,Combined TRACON& Tower with Radar,13,21,5,0,39,0,0,2,0,2,13,21,7,0,41,0,0,0,41
04/03/2016,MLI,IL,AGL,CE,Combined TRACON& Tower with Radar,12,27,6,0,45,0,0,6,0,6,12,27,12,0,51,0,0,0,51
04/04/2016,MLI,IL,AGL,CE,Combined TRACON& Tower with Radar,12,33,23,1,69,0,0,12,0,12,12,33,35,1,81,36,0,36,117
04/05/2016,MLI,IL,AGL,CE,Combined TRACON& Tower with Radar,11,33,18,1,63,0,0,5,1,6,11,33,23,2,69,48,0,48,117
04/06/2016,MLI,IL,AGL,CE,Combined TRACON& Tower with Radar,13,38,23,0,74,0,0,3,0,3,13,38,26,0,77,0,0,0,77
04/07/2016,MLI,IL,AGL,CE,Combined TRACON& Tower with Radar,13,29,20,0,62,0,0,13,0,13,13,29,33,0,75,6,0,6,81
04/08/2016,MLI,IL,AGL,CE,Combined TRACON& Tower with Radar,14,34,20,2,70,0,0,0,0,0,14,34,20,2,70,0,0,0,70
04/09/2016,MLI,IL,AGL,CE,Combined TRACON& Tower with Radar,13,20,8,0,41,0,0,24,0,24,13,20,32,0,65,40,0,40,105
04/10/2016,MLI,IL,AGL,CE,Combined TRACON& Tower with Radar,11,32,6,2,51,0,0,1,0,1,11,32,7,2,52,20,0,20,72
04/11/2016,MLI,IL,AGL,CE,Combined TRACON& Tower with Radar,14,31,26,0,71,0,0,16,0,16,14,31,42,0,87,0,0,0,87
04/12/2016,MLI,IL,AGL,CE,Combined TRACON& Tower with Radar,10,30,13,0,53,0,0,35,0,35,10,30,48,0,88,104,0,104,192
04/13/2016,MLI,IL,AGL,CE,Combined TRACON& Tower with Radar,15,29,17,0,61,0,0,21,0,21,15,29,38,0,82,0,0,0,82
04/14/2016,MLI,IL,AGL,CE,Combined TRACON& Tower with Radar,12,36,30,0,78,0,0,30,0,30,12,36,60,0,108,58,0,58,166
04/15/2016,MLI,IL,AGL,CE,Combined TRACON& Tower with Radar,14,35,35,0,84,0,0,28,0,28,14,35,63,0,112,28,0,28,140
04/16/2016,MLI,IL,AGL,CE,Combined TRACON& Tower with Radar,13,18,12,0,43,0,1,36,0,37,13,19,48,0,80,60,0,60,140
04/17/2016,MLI,IL,AGL,CE,Combined TRACON& Tower with Radar,11,25,13,0,49,0,0,29,0,29,11,25,42,0,78,110,0,110,188
04/18/2016,MLI,IL,AGL,CE,Combined TRACON& Tower with Radar,14,31,23,0,68,0,0,16,0,16,14,31,39,0,84,20,0,20,104
04/19/2016,MLI,IL,AGL,CE,Combined TRACON& Tower with Radar,10,38,15,0,63,0,0,13,0,13,10,38,28,0,76,26,0,26,102
04/20/2016,MLI,IL,AGL,CE,Combined TRACON& Tower with Radar,15,35,30,4,84,0,0,10,0,10,15,35,40,4,94,0,4,4,98
04/21/2016,MLI,IL,AGL,CE,Combined TRACON& Tower with Radar,15,37,27,0,79,0,0,5,0,5,15,37,32,0,84,0,0,0,84
04/22/2016,MLI,IL,AGL,CE,Combined TRACON& Tower with Radar,13,33,23,0,69,0,0,1,0,1,13,33,24,0,70,2,0,2,72
04/23/2016,MLI,IL,AGL,CE,Combined TRACON& Tower with Radar,13,20,9,2,44,0,0,21,0,21,13,20,30,2,65,32,0,32,97
04/24/2016,MLI,IL,AGL,CE,Combined TRACON& Tower with Radar,11,28,16,0,55,0,0,14,0,14,11,28,30,0,69,60,0,60,129
04/25/2016,MLI,IL,AGL,CE,Combined TRACON& Tower with Radar,12,35,22,0,69,0,0,6,0,6,12,35,28,0,75,10,0,10,85
04/26/2016,MLI,IL,AGL,CE,Combined TRACON& Tower with Radar,9,29,16,0,54,0,0,16,0,16,9,29,32,0,70,20,0,20,90
04/27/2016,MLI,IL,AGL,CE,Combined TRACON& Tower with Radar,14,29,18,0,61,0,0,0,0,0,14,29,18,0,61,0,0,0,61
04/28/2016,MLI,IL,AGL,CE,Combined TRACON& Tower with Radar,10,35,31,0,76,0,0,1,0,1,10,35,32,0,77,0,0,0,77
04/29/2016,MLI,IL,AGL,CE,Combined TRACON& Tower with Radar,12,35,32,0,79,0,0,8,0,8,12,35,40,0,87,32,0,32,119
04/30/2016,MLI,IL,AGL,CE,Combined TRACON& Tower with Radar,15,20,7,0,42,0,0,0,0,0,15,20,7,0,42,0,0,0,42
05/01/2016,MLI,IL,AGL,CE,Combined TRACON& Tower with Radar,9,31,18,0,58,0,0,1,0,1,9,31,19,0,59,0,0,0,59
05/02/2016,MLI,IL,AGL,CE,Combined TRACON& Tower with Radar,14,31,22,1,68,0,0,13,1,14,14,31,35,2,82,44,0,44,126
05/03/2016,MLI,IL,AGL,CE,Combined TRACON& Tower with Radar,11,33,24,2,70,0,0,24,0,24,11,33,48,2,94,30,0,30,124
05/04/2016,MLI,IL,AGL,CE,Combined TRACON& Tower with Radar,15,32,24,0,71,0,0,13,0,13,15,32,37,0,84,14,0,14,98
05/05/2016,MLI,IL,AGL,CE,Combined TRACON& Tower with Radar,9,34,21,0,64,0,0,29,0,29,9,34,50,0,93,16,0,16,109
05/06/2016,MLI,IL,AGL,CE,Combined TRACON& Tower with Radar,17,31,33,3,84,0,0,32,1,33,17,31,65,4,117,8,0,8,125
05/07/2016,MLI,IL,AGL,CE,Combined TRACON& Tower with Radar,16,16,6,0,38,0,0,12,0,12,16,16,18,0,50,8,0,8,58
05/08/2016,MLI,IL,AGL,CE,Combined TRACON& Tower with Radar,14,22,12,0,48,0,0,18,0,18,14,22,30,0,66,30,0,30,96
05/09/2016,MLI,IL,AGL,CE,Combined TRACON& Tower with Radar,18,35,14,0,67,0,0,1,0,1,18,35,15,0,68,21,0,21,89
05/10/2016,MLI,IL,AGL,CE,Combined TRACON& Tower with Radar,13,35,20,0,68,0,0,1,0,1,13,35,21,0,69,0,0,0,69
05/11/2016,MLI,IL,AGL,CE,Combined TRACON& Tower with Radar,17,35,32,0,84,0,0,6,0,6,17,35,38,0,90,32,0,32,122
05/12/2016,MLI,IL,AGL,CE,Combined TRACON& Tower with Radar,16,36,15,0,67,0,2,12,0,14,16,38,27,0,81,2,0,2,83
05/13/2016,MLI,IL,AGL,CE,Combined TRACON& Tower with Radar,17,32,16,0,65,0,0,16,0,16,17,32,32,0,81,44,0,44,125
05/14/2016,MLI,IL,AGL,CE,Combined TRACON& Tower with Radar,18,17,7,0,42,0,0,15,2,17,18,17,22,2,59,16,0,16,75
05/15/2016,MLI,IL,AGL,CE,Combined TRACON& Tower with Radar,14,30,6,0,50,0,0,16,3,19,14,30,22,3,69,60,12,72,141
05/16/2016,MLI,IL,AGL,CE,Combined TRACON& Tower with Radar,17,36,19,0,72,0,0,16,0,16,17,36,35,0,88,28,0,28,116
05/17/2016,MLI,IL,AGL,CE,Combined TRACON& Tower with Radar,14,37,21,0,72,0,0,20,0,20,14,37,41,0,92,76,0,76,168
05/18/2016,MLI,IL,AGL,CE,Combined TRACON& Tower with Radar,17,33,27,3,80,0,0,18,1,19,17,33,45,4,99,34,6,40,139
05/19/2016,MLI,IL,AGL,CE,Combined TRACON& Tower with Radar,15,31,19,0,65,0,0,29,0,29,15,31,48,0,94,22,0,22,116
05/20/2016,MLI,IL,AGL,CE,Combined TRACON& Tower with Radar,18,30,17,8,73,0,0,12,0,12,18,30,29,8,85,34,12,46,131
05/21/2016,MLI,IL,AGL,CE,Combined TRACON& Tower with Radar,18,18,7,0,43,0,0,21,0,21,18,18,28,0,64,38,12,50,114
05/22/2016,MLI,IL,AGL,CE,Combined TRACON& Tower with Radar,12,31,15,0,58,0,0,30,0,30,12,31,45,0,88,0,0,0,88
05/23/2016,MLI,IL,AGL,CE,Combined TRACON& Tower with Radar,18,41,23,2,84,0,0,12,0,12,18,41,35,2,96,36,0,36,132
05/24/2016,MLI,IL,AGL,CE,Combined TRACON& Tower with Radar,12,35,18,5,70,0,0,9,12,21,12,35,27,17,91,24,4,28,119
05/25/2016,MLI,IL,AGL,CE,Combined TRACON& Tower with Radar,24,31,21,3,79,0,0,17,1,18,24,31,38,4,97,52,10,62,159
05/26/2016,MLI,IL,AGL,CE,Combined TRACON& Tower with Radar,16,31,16,1,64,0,0,6,0,6,16,31,22,1,70,68,0,68,138
05/27/2016,MLI,IL,AGL,CE,Combined TRACON& Tower with Radar,15,30,27,1,73,0,0,4,0,4,15,30,31,1,77,0,0,0,77
05/28/2016,MLI,IL,AGL,CE,Combined TRACON& Tower with Radar,14,19,10,0,43,0,0,5,0,5,14,19,15,0,48,24,0,24,72
05/29/2016,MLI,IL,AGL,CE,Combined TRACON& Tower with Radar,11,15,11,0,37,0,0,20,0,20,11,15,31,0,57,30,0,30,87
05/30/2016,MLI,IL,AGL,CE,Combined TRACON& Tower with Radar,14,28,12,0,54,0,0,22,0,22,14,28,34,0,76,48,0,48,124
05/31/2016,MLI,IL,AGL,CE,Combined TRACON& Tower with Radar,12,29,17,0,58,0,0,14,0,14,12,29,31,0,72,8,0,8,80
06/01/2016,MLI,IL,AGL,CE,Combined TRACON& Tower with Radar,18,31,20,2,71,0,0,17,0,17,18,31,37,2,88,36,2,38,126
06/02/2016,MLI,IL,AGL,CE,Combined TRACON& Tower with Radar,14,31,23,0,68,0,0,15,0,15,14,31,38,0,83,28,0,28,111
06/03/2016,MLI,IL,AGL,CE,Combined TRACON& Tower with Radar,17,27,15,0,59,0,0,25,0,25,17,27,40,0,84,10,6,16,100
06/04/2016,MLI,IL,AGL,CE,Combined TRACON& Tower with Radar,16,21,3,0,40,0,0,9,0,9,16,21,12,0,49,0,0,0,49
06/05/2016,MLI,IL,AGL,CE,Combined TRACON& Tower with Radar,13,31,12,1,57,0,0,12,0,12,13,31,24,1,69,20,0,20,89
06/06/2016,MLI,IL,AGL,CE,Combined TRACON& Tower with Radar,16,28,28,2,74,0,0,12,2,14,16,28,40,4,88,0,0,0,88
06/07/2016,MLI,IL,AGL,CE,Combined TRACON& Tower with Radar,14,28,10,2,54,0,0,17,0,17,14,28,27,2,71,0,0,0,71
06/08/2016,MLI,IL,AGL,CE,Combined TRACON& Tower with Radar,18,30,27,0,75,0,0,25,1,26,18,30,52,1,101,60,0,60,161
06/09/2016,MLI,IL,AGL,CE,Combined TRACON& Tower with Radar,14,32,23,0,69,0,0,18,0,18,14,32,41,0,87,42,0,42,129
06/10/2016,MLI,IL,AGL,CE,Combined TRACON& Tower with Radar,17,32,18,0,67,0,0,6,1,7,17,32,24,1,74,2,0,2,76
06/11/2016,MLI,IL,AGL,CE,Combined TRACON& Tower with Radar,10,27,7,0,44,0,0,13,1,14,10,27,20,1,58,4,0,4,62
06/12/2016,MLI,IL,AGL,CE,Combined TRACON& Tower with Radar,14,25,8,0,47,0,0,13,0,13,14,25,21,0,60,40,0,40,100
06/13/2016,MLI,IL,AGL,CE,Combined TRACON& Tower with Radar,17,35,22,0,74,0,0,15,0,15,17,35,37,0,89,0,0,0,89
06/14/2016,MLI,IL,AGL,CE,Combined TRACON& Tower with Radar,12,33,14,0,59,0,0,3,0,3,12,33,17,0,62,0,0,0,62
06/15/2016,MLI,IL,AGL,CE,Combined TRACON& Tower with Radar,16,34,26,2,78,0,0,15,0,15,16,34,41,2,93,14,2,16,109
06/16/2016,MLI,IL,AGL,CE,Combined TRACON& Tower with Radar,13,34,18,1,66,0,0,17,1,18,13,34,35,2,84,34,0,34,118
06/17/2016,MLI,IL,AGL,CE,Combined TRACON& Tower with Radar,16,35,21,3,75,0,0,20,0,20,16,35,41,3,95,44,14,58,153
06/18/2016,MLI,IL,AGL,CE,Combined TRACON& Tower with Radar,12,21,14,0,47,0,0,22,0,22,12,21,36,0,69,4,0,4,73
06/19/2016,MLI,IL,AGL,CE,Combined TRACON& Tower with Radar,13,26,11,0,50,0,0,27,0,27,13,26,38,0,77,14,0,14,91
06/20/2016,MLI,IL,AGL,CE,Combined TRACON& Tower with Radar,18,35,20,4,77,0,1,19,2,22,18,36,39,6,99,20,0,20,119
06/21/2016,MLI,IL,AGL,CE,Combined TRACON& Tower with Radar,12,29,33,0,74,0,0,17,0,17,12,29,50,0,91,44,0,44,135
06/22/2016,MLI,IL,AGL,CE,Combined TRACON& Tower with Radar,17,27,16,0,60,0,0,5,3,8,17,27,21,3,68,0,4,4,72
06/23/2016,MLI,IL,AGL,CE,Combined TRACON& Tower with Radar,13,29,44,4,90,0,0,31,2,33,13,29,75,6,123,40,4,44,167
06/24/2016,MLI,IL,AGL,CE,Combined TRACON& Tower with Radar,19,31,21,0,71,0,0,26,0,26,19,31,47,0,97,20,4,24,121
06/25/2016,MLI,IL,AGL,CE,Combined TRACON& Tower with Radar,13,21,11,7,52,0,0,16,3,19,13,21,27,10,71,0,4,4,75
06/26/2016,MLI,IL,AGL,CE,Combined TRACON& Tower with Radar,10,29,10,1,50,0,0,13,1,14,10,29,23,2,64,16,4,20,84
06/27/2016,MLI,IL,AGL,CE,Combined TRACON& Tower with Radar,19,28,12,2,61,0,0,13,1,14,19,28,25,3,75,28,2,30,105
06/28/2016,MLI,IL,AGL,CE,Combined TRACON& Tower with Radar,13,36,31,2,82,0,0,27,0,27,13,36,58,2,109,2,0,2,111
06/29/2016,MLI,IL,AGL,CE,Combined TRACON& Tower with Radar,16,29,35,1,81,0,0,26,1,27,16,29,61,2,108,12,2,14,122
06/30/2016,MLI,IL,AGL,CE,Combined TRACON& Tower with Radar,13,30,19,0,62,0,0,7,0,7,13,30,26,0,69,56,0,56,125
07/01/2016,MLI,IL,AGL,CE,Combined TRACON& Tower with Radar,21,28,25,0,74,0,0,19,0,19,21,28,44,0,93,0,0,0,93
07/02/2016,MLI,IL,AGL,CE,Combined TRACON& Tower with Radar,19,11,16,0,46,0,0,16,0,16,19,11,32,0,62,36,0,36,98
07/03/2016,MLI,IL,AGL,CE,Combined TRACON& Tower with Radar,16,13,7,0,36,0,0,6,0,6,16,13,13,0,42,26,0,26,68
07/04/2016,MLI,IL,AGL,CE,Combined TRACON& Tower with Radar,17,18,15,0,50,0,0,4,0,4,17,18,19,0,54,0,0,0,54
07/05/2016,MLI,IL,AGL,CE,Combined TRACON& Tower with Radar,13,27,16,0,56,0,0,15,0,15,13,27,31,0,71,14,0,14,85
07/06/2016,MLI,IL,AGL,CE,Combined TRACON& Tower with Radar,21,28,19,0,68,0,0,14,0,14,21,28,33,0,82,28,0,28,110
07/07/2016,MLI,IL,AGL,CE,Combined TRACON& Tower with Radar,16,26,15,0,57,0,0,4,0,4,16,26,19,0,61,12,0,12,73
07/08/2016,MLI,IL,AGL,CE,Combined TRACON& Tower with Radar,19,24,11,0,54,0,0,20,0,20,19,24,31,0,74,0,0,0,74
07/09/2016,MLI,IL,AGL,CE,Combined TRACON& Tower with Radar,16,16,6,0,38,0,0,13,0,13,16,16,19,0,51,34,0,34,85
07/10/2016,MLI,IL,AGL,CE,Combined TRACON& Tower with Radar,12,24,4,6,46,0,0,8,0,8,12,24,12,6,54,0,0,0,54
07/11/2016,MLI,IL,AGL,CE,Combined TRACON& Tower with Radar,19,31,24,0,74,0,0,21,0,21,19,31,45,0,95,26,0,26,121
07/12/2016,MLI,IL,AGL,CE,Combined TRACON& Tower with Radar,16,29,21,0,66,0,0,28,0,28,16,29,49,0,94,62,0,62,156
07/13/2016,MLI,IL,AGL,CE,Combined TRACON& Tower with Radar,16,28,16,0,60,0,2,3,0,5,16,30,19,0,65,4,0,4,69
07/14/2016,MLI,IL,AGL,CE,Combined TRACON& Tower with Radar,17,27,23,1,68,0,0,26,0,26,17,27,49,1,94,38,0,38,132
07/15/2016,MLI,IL,AGL,CE,Combined TRACON& Tower with Radar,19,27,21,1,68,0,0,14,0,14,19,27,35,1,82,12,0,12,94
07/16/2016,MLI,IL,AGL,CE,Combined TRACON& Tower with Radar,17,17,5,0,39,0,0,24,0,24,17,17,29,0,63,18,0,18,81
07/17/2016,MLI,IL,AGL,CE,Combined TRACON& Tower with Radar,14,23,1,0,38,0,0,5,0,5,14,23,6,0,43,8,0,8,51
07/18/2016,MLI,IL,AGL,CE,Combined TRACON& Tower with Radar,20,28,8,2,58,0,0,14,0,14,20,28,22,2,72,18,0,18,90
07/19/2016,MLI,IL,AGL,CE,Combined TRACON& Tower with Radar,15,29,16,0,60,0,2,11,2,15,15,31,27,2,75,30,0,30,105
07/20/2016,MLI,IL,AGL,CE,Combined TRACON& Tower with Radar,19,30,24,0,73,0,0,9,0,9,19,30,33,0,82,9,0,9,91
07/21/2016,MLI,IL,AGL,CE,Combined TRACON& Tower with Radar,19,31,24,14,88,0,0,15,0,15,19,31,39,14,103,20,32,52,155
07/22/2016,MLI,IL,AGL,CE,Combined TRACON& Tower with Radar,20,29,20,0,69,0,0,19,0,19,20,29,39,0,88,30,0,30,118
07/23/2016,MLI,IL,AGL,CE,Combined TRACON& Tower with Radar,18,16,19,4,57,0,0,20,0,20,18,16,39,4,77,24,4,28,105
07/24/2016,MLI,IL,AGL,CE,Combined TRACON& Tower with Radar,16,21,21,0,58,0,1,23,0,24,16,22,44,0,82,26,0,26,108
07/25/2016,MLI,IL,AGL,CE,Combined TRACON& Tower with Radar,18,32,29,0,79,0,0,24,0,24,18,32,53,0,103,18,0,18,121
07/26/2016,MLI,IL,AGL,CE,Combined TRACON& Tower with Radar,16,36,20,1,73,0,0,38,0,38,16,36,58,1,111,32,0,32,143
07/27/2016,MLI,IL,AGL,CE,Combined TRACON& Tower with Radar,20,33,29,1,83,0,0,19,0,19,20,33,48,1,102,34,0,34,136
07/28/2016,MLI,IL,AGL,CE,Combined TRACON& Tower with Radar,16,30,26,0,72,0,0,15,0,15,16,30,41,0,87,30,0,30,117
07/29/2016,MLI,IL,AGL,CE,Combined TRACON& Tower with Radar,20,25,20,2,67,0,0,6,0,6,20,25,26,2,73,6,0,6,79
07/30/2016,MLI,IL,AGL,CE,Combined TRACON& Tower with Radar,21,17,11,0,49,0,0,10,0,10,21,17,21,0,59,22,0,22,81
07/31/2016,MLI,IL,AGL,CE,Combined TRACON& Tower with Radar,12,28,11,0,51,0,0,25,0,25,12,28,36,0,76,10,0,10,86
08/01/2016,MLI,IL,AGL,CE,Combined TRACON& Tower with Radar,18,27,16,0,61,0,0,13,0,13,18,27,29,0,74,30,0,30,104
08/02/2016,MLI,IL,AGL,CE,Combined TRACON& Tower with Radar,15,29,27,0,71,0,0,9,0,9,15,29,36,0,80,52,0,52,132
08/03/2016,MLI,IL,AGL,CE,Combined TRACON& Tower with Radar,20,31,22,1,74,0,0,14,3,17,20,31,36,4,91,42,0,42,133
08/04/2016,MLI,IL,AGL,CE,Combined TRACON& Tower with Radar,14,28,11,0,53,0,0,28,0,28,14,28,39,0,81,20,0,20,101
08/05/2016,MLI,IL,AGL,CE,Combined TRACON& Tower with Radar,21,28,25,0,74,0,0,19,0,19,21,28,44,0,93,62,0,62,155
08/06/2016,MLI,IL,AGL,CE,Combined TRACON& Tower with Radar,19,11,16,0,46,0,0,16,0,16,19,11,32,0,62,50,0,50,112
08/07/2016,MLI,IL,AGL,CE,Combined TRACON& Tower with Radar,16,13,7,0,36,0,0,6,0,6,16,13,13,0,42,68,0,68,110
08/08/2016,MLI,IL,AGL,CE,Combined TRACON& Tower with Radar,17,18,15,0,50,0,0,4,0,4,17,18,19,0,54,50,0,50,104
08/09/2016,MLI,IL,AGL,CE,Combined TRACON& Tower with Radar,13,27,16,0,56,0,0,15,0,15,13,27,31,0,71,58,0,58,129
08/10/2016,MLI,IL,AGL,CE,Combined TRACON& Tower with Radar,21,28,19,0,68,0,0,13,0,13,21,28,32,0,81,60,0,60,141
08/11/2016,MLI,IL,AGL,CE,Combined TRACON& Tower with Radar,16,26,15,0,57,0,0,4,0,4,16,26,19,0,61,18,0,18,79
08/12/2016,MLI,IL,AGL,CE,Combined TRACON& Tower with Radar,19,24,11,0,54,0,0,20,0,20,19,24,31,0,74,0,0,0,74
08/13/2016,MLI,IL,AGL,CE,Combined TRACON& Tower with Radar,16,16,6,0,38,0,0,13,0,13,16,16,19,0,51,16,0,16,67
08/14/2016,MLI,IL,AGL,CE,Combined TRACON& Tower with Radar,12,24,4,6,46,0,0,8,0,8,12,24,12,6,54,0,0,0,54
08/15/2016,MLI,IL,AGL,CE,Combined TRACON& Tower with Radar,19,31,24,0,74,0,0,21,0,21,19,31,45,0,95,0,0,0,95
08/16/2016,MLI,IL,AGL,CE,Combined TRACON& Tower with Radar,16,29,21,0,66,0,0,28,0,28,16,29,49,0,94,64,0,64,158
08/17/2016,MLI,IL,AGL,CE,Combined TRACON& Tower with Radar,16,28,16,0,60,0,2,3,0,5,16,30,19,0,65,22,0,22,87
08/18/2016,MLI,IL,AGL,CE,Combined TRACON& Tower with Radar,17,27,23,1,68,0,0,26,0,26,17,27,49,1,94,6,0,6,100
08/19/2016,MLI,IL,AGL,CE,Combined TRACON& Tower with Radar,19,27,21,1,68,0,0,14,0,14,19,27,35,1,82,24,0,24,106
08/20/2016,MLI,IL,AGL,CE,Combined TRACON& Tower with Radar,17,17,5,0,39,0,0,24,0,24,17,17,29,0,63,4,0,4,67
08/21/2016,MLI,IL,AGL,CE,Combined TRACON& Tower with Radar,14,23,1,0,38,0,0,5,0,5,14,23,6,0,43,40,0,40,83
08/22/2016,MLI,IL,AGL,CE,Combined TRACON& Tower with Radar,20,28,8,2,58,0,0,14,0,14,20,28,22,2,72,0,0,0,72
08/23/2016,MLI,IL,AGL,CE,Combined TRACON& Tower with Radar,15,29,16,0,60,0,2,11,2,15,15,31,27,2,75,0,0,0,75
08/24/2016,MLI,IL,AGL,CE,Combined TRACON& Tower with Radar,19,30,24,0,73,0,0,9,0,9,19,30,33,0,82,24,0,24,106
08/25/2016,MLI,IL,AGL,CE,Combined TRACON& Tower with Radar,19,31,24,14,88,0,0,15,0,15,19,31,39,14,103,14,0,14,117
08/26/2016,MLI,IL,AGL,CE,Combined TRACON& Tower with Radar,20,29,20,0,69,0,0,19,0,19,20,29,39,0,88,10,0,10,98
08/27/2016,MLI,IL,AGL,CE,Combined TRACON& Tower with Radar,18,16,19,4,57,0,0,20,0,20,18,16,39,4,77,20,0,20,97
08/28/2016,MLI,IL,AGL,CE,Combined TRACON& Tower with Radar,16,21,21,0,58,0,1,23,0,24,16,22,44,0,82,26,0,26,108
08/29/2016,MLI,IL,AGL,CE,Combined TRACON& Tower with Radar,18,32,29,0,79,0,0,24,0,24,18,32,53,0,103,12,0,12,115
08/30/2016,MLI,IL,AGL,CE,Combined TRACON& Tower with Radar,16,36,20,1,73,0,0,38,0,38,16,36,58,1,111,0,0,0,111
08/31/2016,MLI,IL,AGL,CE,Combined TRACON& Tower with Radar,20,33,29,1,83,0,0,19,0,19,20,33,48,1,102,34,2,36,138
09/01/2016,MLI,IL,AGL,CE,Combined TRACON& Tower with Radar,11,21,12,0,44,0,1,19,0,20,11,22,31,0,64,2,14,16,80
09/02/2016,MLI,IL,AGL,CE,Combined TRACON& Tower with Radar,10,30,24,0,64,0,0,30,0,30,10,30,54,0,94,10,0,10,104
09/03/2016,MLI,IL,AGL,CE,Combined TRACON& Tower with Radar,10,19,12,0,41,0,0,25,0,25,10,19,37,0,66,16,0,16,82
09/04/2016,MLI,IL,AGL,CE,Combined TRACON& Tower with Radar,10,16,8,0,34,0,0,20,0,20,10,16,28,0,54,0,0,0,54
09/05/2016,MLI,IL,AGL,CE,Combined TRACON& Tower with Radar,16,26,9,0,51,0,0,24,0,24,16,26,33,0,75,32,0,32,107
09/06/2016,MLI,IL,AGL,CE,Combined TRACON& Tower with Radar,9,33,13,7,62,0,2,11,0,13,9,35,24,7,75,20,8,28,103
09/07/2016,MLI,IL,AGL,CE,Combined TRACON& Tower with Radar,16,32,28,0,76,0,0,4,0,4,16,32,32,0,80,20,0,20,100
09/08/2016,MLI,IL,AGL,CE,Combined TRACON& Tower with Radar,16,30,28,0,74,0,0,13,0,13,16,30,41,0,87,58,0,58,145
09/09/2016,MLI,IL,AGL,CE,Combined TRACON& Tower with Radar,16,29,18,0,63,0,0,8,0,8,16,29,26,0,71,10,0,10,81
09/10/2016,MLI,IL,AGL,CE,Combined TRACON& Tower with Radar,11,20,14,0,45,0,0,8,0,8,11,20,22,0,53,18,0,18,71
09/11/2016,MLI,IL,AGL,CE,Combined TRACON& Tower with Radar,18,27,15,0,60,0,0,30,0,30,18,27,45,0,90,16,0,16,106
09/12/2016,MLI,IL,AGL,CE,Combined TRACON& Tower with Radar,15,28,19,0,62,0,2,15,0,17,15,30,34,0,79,0,0,0,79
09/13/2016,MLI,IL,AGL,CE,Combined TRACON& Tower with Radar,15,29,13,2,59,0,0,9,0,9,15,29,22,2,68,40,0,40,108
09/14/2016,MLI,IL,AGL,CE,Combined TRACON& Tower with Radar,14,32,18,0,64,0,0,10,0,10,14,32,28,0,74,26,0,26,100
09/15/2016,MLI,IL,AGL,CE,Combined TRACON& Tower with Radar,18,35,25,2,80,0,0,15,0,15,18,35,40,2,95,12,0,12,107
09/16/2016,MLI,IL,AGL,CE,Combined TRACON& Tower with Radar,16,28,17,0,61,0,0,7,0,7,16,28,24,0,68,4,0,4,72
09/17/2016,MLI,IL,AGL,CE,Combined TRACON& Tower with Radar,12,19,10,0,41,0,0,23,0,23,12,19,33,0,64,32,0,32,96
09/18/2016,MLI,IL,AGL,CE,Combined TRACON& Tower with Radar,18,23,11,0,52,0,0,19,0,19,18,23,30,0,71,0,0,0,71
09/19/2016,MLI,IL,AGL,CE,Combined TRACON& Tower with Radar,16,31,17,1,65,0,0,12,0,12,16,31,29,1,77,30,4,34,111
09/20/2016,MLI,IL,AGL,CE,Combined TRACON& Tower with Radar,13,33,11,2,59,0,0,21,3,24,13,33,32,5,83,58,0,58,141
09/21/2016,MLI,IL,AGL,CE,Combined TRACON& Tower with Radar,15,32,26,0,73,0,0,4,0,4,15,32,30,0,77,14,0,14,91
09/22/2016,MLI,IL,AGL,CE,Combined TRACON& Tower with Radar,14,32,16,0,62,0,0,14,0,14,14,32,30,0,76,14,0,14,90
09/23/2016,MLI,IL,AGL,CE,Combined TRACON& Tower with Radar,16,33,32,0,81,0,0,2,0,2,16,33,34,0,83,26,0,26,109
09/24/2016,MLI,IL,AGL,CE,Combined TRACON& Tower with Radar,14,18,16,0,48,0,1,1,0,2,14,19,17,0,50,14,0,14,64
09/25/2016,MLI,IL,AGL,CE,Combined TRACON& Tower with Radar,16,22,12,0,50,0,0,14,0,14,16,22,26,0,64,0,0,0,64
09/26/2016,MLI,IL,AGL,CE,Combined TRACON& Tower with Radar,15,27,24,2,68,0,1,6,0,7,15,28,30,2,75,0,0,0,75
09/27/2016,MLI,IL,AGL,CE,Combined TRACON& Tower with Radar,13,30,11,1,55,0,0,24,0,24,13,30,35,1,79,24,0,24,103
09/28/2016,MLI,IL,AGL,CE,Combined TRACON& Tower with Radar,16,29,24,0,69,0,0,5,0,5,16,29,29,0,74,40,0,40,114
09/29/2016,MLI,IL,AGL,CE,Combined TRACON& Tower with Radar,14,31,23,0,68,0,0,6,0,6,14,31,29,0,74,0,0,0,74
09/30/2016,MLI,IL,AGL,CE,Combined TRACON& Tower with Radar,20,30,14,0,64,0,0,1,0,1,20,30,15,0,65,20,0,20,85
10/01/2016,MLI,IL,AGL,CE,Combined TRACON& Tower with Radar,16,19,9,0,44,0,0,0,0,0,16,19,9,0,44,0,0,0,44
10/02/2016,MLI,IL,AGL,CE,Combined TRACON& Tower with Radar,14,27,13,0,54,0,0,7,0,7,14,27,20,0,61,34,0,34,95
10/03/2016,MLI,IL,AGL,CE,Combined TRACON& Tower with Radar,18,30,20,0,68,0,0,13,0,13,18,30,33,0,81,0,0,0,81
10/04/2016,MLI,IL,AGL,CE,Combined TRACON& Tower with Radar,13,31,18,0,62,0,0,13,0,13,13,31,31,0,75,0,0,0,75
10/05/2016,MLI,IL,AGL,CE,Combined TRACON& Tower with Radar,15,36,21,0,72,0,0,18,0,18,15,36,39,0,90,74,0,74,164
10/06/2016,MLI,IL,AGL,CE,Combined TRACON& Tower with Radar,13,37,11,2,63,0,0,5,0,5,13,37,16,2,68,60,0,60,128
10/07/2016,MLI,IL,AGL,CE,Combined TRACON& Tower with Radar,13,30,8,0,51,0,0,10,0,10,13,30,18,0,61,40,0,40,101
10/08/2016,MLI,IL,AGL,CE,Combined TRACON& Tower with Radar,9,24,17,0,50,0,0,34,0,34,9,24,51,0,84,56,0,56,140
10/09/2016,MLI,IL,AGL,CE,Combined TRACON& Tower with Radar,13,30,21,0,64,0,0,28,0,28,13,30,49,0,92,40,0,40,132
10/10/2016,MLI,IL,AGL,CE,Combined TRACON& Tower with Radar,16,32,20,0,68,0,0,18,0,18,16,32,38,0,86,0,0,0,86
10/11/2016,MLI,IL,AGL,CE,Combined TRACON& Tower with Radar,12,35,9,3,59,0,0,30,1,31,12,35,39,4,90,0,0,0,90
10/12/2016,MLI,IL,AGL,CE,Combined TRACON& Tower with Radar,13,32,23,5,73,0,0,1,0,1,13,32,24,5,74,0,24,24,98
10/13/2016,MLI,IL,AGL,CE,Combined TRACON& Tower with Radar,13,35,31,3,82,0,0,27,0,27,13,35,58,3,109,88,0,88,197
10/14/2016,MLI,IL,AGL,CE,Combined TRACON& Tower with Radar,17,36,36,3,92,0,0,24,1,25,17,36,60,4,117,42,2,44,161
10/15/2016,MLI,IL,AGL,CE,Combined TRACON& Tower with Radar,9,22,6,0,37,0,0,0,0,0,9,22,6,0,37,0,0,0,37
10/16/2016,MLI,IL,AGL,CE,Combined TRACON& Tower with Radar,13,30,20,0,63,0,0,12,0,12,13,30,32,0,75,80,0,80,155
10/17/2016,MLI,IL,AGL,CE,Combined TRACON& Tower with Radar,16,35,26,0,77,0,0,2,0,2,16,35,28,0,79,0,0,0,79
10/18/2016,MLI,IL,AGL,CE,Combined TRACON& Tower with Radar,11,35,11,0,57,0,2,26,0,28,11,37,37,0,85,32,0,32,117
10/19/2016,MLI,IL,AGL,CE,Combined TRACON& Tower with Radar,12,35,28,2,77,0,0,23,0,23,12,35,51,2,100,56,0,56,156
10/20/2016,MLI,IL,AGL,CE,Combined TRACON& Tower with Radar,14,36,16,0,66,0,2,7,0,9,14,38,23,0,75,10,0,10,85
10/21/2016,MLI,IL,AGL,CE,Combined TRACON& Tower with Radar,17,35,19,2,73,0,0,19,0,19,17,35,38,2,92,12,0,12,104
10/22/2016,MLI,IL,AGL,CE,Combined TRACON& Tower with Radar,10,22,5,0,37,0,0,29,0,29,10,22,34,0,66,22,0,22,88
10/23/2016,MLI,IL,AGL,CE,Combined TRACON& Tower with Radar,13,27,11,0,51,0,0,19,0,19,13,27,30,0,70,8,0,8,78
10/24/2016,MLI,IL,AGL,CE,Combined TRACON& Tower with Radar,16,33,14,0,63,0,0,21,0,21,16,33,35,0,84,10,0,10,94
10/25/2016,MLI,IL,AGL,CE,Combined TRACON& Tower with Radar,12,30,12,2,56,0,0,9,0,9,12,30,21,2,65,60,0,60,125
10/26/2016,MLI,IL,AGL,CE,Combined TRACON& Tower with Radar,13,33,15,2,63,0,0,0,0,0,13,33,15,2,63,0,0,0,63
10/27/2016,MLI,IL,AGL,CE,Combined TRACON& Tower with Radar,17,34,29,0,80,0,0,6,0,6,17,34,35,0,86,2,0,2,88
10/28/2016,MLI,IL,AGL,CE,Combined TRACON& Tower with Radar,16,41,32,0,89,0,0,7,0,7,16,41,39,0,96,12,0,12,108
10/29/2016,MLI,IL,AGL,CE,Combined TRACON& Tower with Radar,10,20,8,0,38,0,0,22,0,22,10,20,30,0,60,58,0,58,118
10/30/2016,MLI,IL,AGL,CE,Combined TRACON& Tower with Radar,9,30,9,0,48,0,0,3,0,3,9,30,12,0,51,0,0,0,51
10/31/2016,MLI,IL,AGL,CE,Combined TRACON& Tower with Radar,10,30,22,3,65,0,0,16,0,16,10,30,38,3,81,8,0,8,89
11/01/2016,MLI,IL,AGL,CE,Combined TRACON& Tower with Radar,6,36,22,4,68,0,0,32,0,32,6,36,54,4,100,66,0,66,166
11/02/2016,MLI,IL,AGL,CE,Combined TRACON& Tower with Radar,8,34,21,0,63,0,0,3,0,3,8,34,24,0,66,0,0,0,66
11/03/2016,MLI,IL,AGL,CE,Combined TRACON& Tower with Radar,8,34,13,5,60,0,0,9,0,9,8,34,22,5,69,4,12,16,85
11/04/2016,MLI,IL,AGL,CE,Combined TRACON& Tower with Radar,9,37,12,3,61,0,0,19,0,19,9,37,31,3,80,10,0,10,90
11/05/2016,MLI,IL,AGL,CE,Combined TRACON& Tower with Radar,11,18,7,0,36,0,0,34,2,36,11,18,41,2,72,0,0,0,72
11/06/2016,MLI,IL,AGL,CE,Combined TRACON& Tower with Radar,11,32,11,0,54,0,2,16,4,22,11,34,27,4,76,8,0,8,84
11/07/2016,MLI,IL,AGL,CE,Combined TRACON& Tower with Radar,10,38,29,0,77,0,0,18,0,18,10,38,47,0,95,0,0,0,95
11/08/2016,MLI,IL,AGL,CE,Combined TRACON& Tower with Radar,6,36,6,4,52,0,0,10,0,10,6,36,16,4,62,20,0,20,82
11/09/2016,MLI,IL,AGL,CE,Combined TRACON& Tower with Radar,8,34,12,0,54,0,0,17,0,17,8,34,29,0,71,20,0,20,91
11/10/2016,MLI,IL,AGL,CE,Combined TRACON& Tower with Radar,8,41,23,0,72,0,1,10,0,11,8,42,33,0,83,8,0,8,91
11/11/2016,MLI,IL,AGL,CE,Combined TRACON& Tower with Radar,10,40,19,0,69,0,0,22,0,22,10,40,41,0,91,28,0,28,119
11/12/2016,MLI,IL,AGL,CE,Combined TRACON& Tower with Radar,10,20,7,0,37,0,0,22,0,22,10,20,29,0,59,10,0,10,69
11/13/2016,MLI,IL,AGL,CE,Combined TRACON& Tower with Radar,12,27,5,0,44,0,0,21,0,21,12,27,26,0,65,10,0,10,75
11/14/2016,MLI,IL,AGL,CE,Combined TRACON& Tower with Radar,10,35,40,0,85,0,0,24,0,24,10,35,64,0,109,0,0,0,109
11/15/2016,MLI,IL,AGL,CE,Combined TRACON& Tower with Radar,6,42,25,0,73,0,0,25,0,25,6,42,50,0,98,38,0,38,136
11/16/2016,MLI,IL,AGL,CE,Combined TRACON& Tower with Radar,8,39,21,0,68,0,0,27,0,27,8,39,48,0,95,24,0,24,119
11/17/2016,MLI,IL,AGL,CE,Combined TRACON& Tower with Radar,8,37,14,1,60,0,0,11,1,12,8,37,25,2,72,0,0,0,72
11/18/2016,MLI,IL,AGL,CE,Combined TRACON& Tower with Radar,10,37,13,1,61,0,0,0,0,0,10,37,13,1,61,0,0,0,61
11/19/2016,MLI,IL,AGL,CE,Combined TRACON& Tower with Radar,10,19,3,0,32,0,0,2,0,2,10,19,5,0,34,0,0,0,34
11/20/2016,MLI,IL,AGL,CE,Combined TRACON& Tower with Radar,12,26,8,0,46,0,0,41,0,41,12,26,49,0,87,18,0,18,105
11/21/2016,MLI,IL,AGL,CE,Combined TRACON& Tower with Radar,12,28,18,0,58,0,0,27,0,27,12,28,45,0,85,0,0,0,85
11/22/2016,MLI,IL,AGL,CE,Combined TRACON& Tower with Radar,10,35,26,2,73,0,0,9,0,9,10,35,35,2,82,10,0,10,92
11/23/2016,MLI,IL,AGL,CE,Combined TRACON& Tower with Radar,12,35,33,0,80,0,0,0,0,0,12,35,33,0,80,0,0,0,80
11/24/2016,MLI,IL,AGL,CE,Combined TRACON& Tower with Radar,13,11,2,0,26,0,0,0,0,0,13,11,2,0,26,0,0,0,26
11/25/2016,MLI,IL,AGL,CE,Combined TRACON& Tower with Radar,12,19,12,0,43,0,0,7,0,7,12,19,19,0,50,24,0,24,74
11/26/2016,MLI,IL,AGL,CE,Combined TRACON& Tower with Radar,11,33,4,0,48,0,0,17,0,17,11,33,21,0,65,20,0,20,85
11/27/2016,MLI,IL,AGL,CE,Combined TRACON& Tower with Radar,10,36,28,0,74,0,0,2,0,2,10,36,30,0,76,0,0,0,76
11/28/2016,MLI,IL,AGL,CE,Combined TRACON& Tower with Radar,10,37,22,0,69,0,0,0,0,0,10,37,22,0,69,0,0,0,69
11/29/2016,MLI,IL,AGL,CE,Combined TRACON& Tower with Radar,6,28,14,0,48,0,2,14,0,16,6,30,28,0,64,28,0,28,92
11/30/2016,MLI,IL,AGL,CE,Combined TRACON& Tower with Radar,8,31,12,10,61,0,0,11,0,11,8,31,23,10,72,14,18,32,104
12/01/2016,MLI,IL,AGL,CE,Combined TRACON& Tower with Radar,6,37,23,0,66,0,0,3,0,3,6,37,26,0,69,0,0,0,69
12/02/2016,MLI,IL,AGL,CE,Combined TRACON& Tower with Radar,10,35,14,0,59,0,0,8,0,8,10,35,22,0,67,0,0,0,67
12/03/2016,MLI,IL,AGL,CE,Combined TRACON& Tower with Radar,8,22,13,0,43,0,0,16,2,18,8,22,29,2,61,52,0,52,113
12/04/2016,MLI,IL,AGL,CE,Combined TRACON& Tower with Radar,6,25,8,0,39,0,0,0,0,0,6,25,8,0,39,0,0,0,39
12/05/2016,MLI,IL,AGL,CE,Combined TRACON& Tower with Radar,10,34,7,0,51,0,0,0,0,0,10,34,7,0,51,0,0,0,51
12/06/2016,MLI,IL,AGL,CE,Combined TRACON& Tower with Radar,6,30,19,0,55,0,0,12,0,12,6,30,31,0,67,0,0,0,67
12/07/2016,MLI,IL,AGL,CE,Combined TRACON& Tower with Radar,7,32,18,0,57,0,0,13,2,15,7,32,31,2,72,26,0,26,98
12/08/2016,MLI,IL,AGL,CE,Combined TRACON& Tower with Radar,4,37,14,1,56,0,0,3,1,4,4,37,17,2,60,6,2,8,68
12/09/2016,MLI,IL,AGL,CE,Combined TRACON& Tower with Radar,10,36,21,2,69,0,0,12,0,12,10,36,33,2,81,36,0,36,117
12/10/2016,MLI,IL,AGL,CE,Combined TRACON& Tower with Radar,7,19,9,0,35,0,0,8,0,8,7,19,17,0,43,42,0,42,85
12/11/2016,MLI,IL,AGL,CE,Combined TRACON& Tower with Radar,6,17,3,0,26,0,0,0,0,0,6,17,3,0,26,0,0,0,26
12/12/2016,MLI,IL,AGL,CE,Combined TRACON& Tower with Radar,10,35,17,0,62,0,0,18,0,18,10,35,35,0,80,0,0,0,80
12/13/2016,MLI,IL,AGL,CE,Combined TRACON& Tower with Radar,5,32,24,0,61,0,0,2,0,2,5,32,26,0,63,16,0,16,79
12/14/2016,MLI,IL,AGL,CE,Combined TRACON& Tower with Radar,8,36,34,0,78,0,0,7,0,7,8,36,41,0,85,0,0,0,85
12/15/2016,MLI,IL,AGL,CE,Combined TRACON& Tower with Radar,8,34,16,0,58,0,0,15,0,15,8,34,31,0,73,0,0,0,73
12/16/2016,MLI,IL,AGL,CE,Combined TRACON& Tower with Radar,9,34,12,0,55,0,0,0,0,0,9,34,12,0,55,0,0,0,55
12/17/2016,MLI,IL,AGL,CE,Combined TRACON& Tower with Radar,8,23,9,0,40,0,0,2,0,2,8,23,11,0,42,4,0,4,46
12/18/2016,MLI,IL,AGL,CE,Combined TRACON& Tower with Radar,9,17,4,0,30,0,0,1,0,1,9,17,5,0,31,12,0,12,43
12/19/2016,MLI,IL,AGL,CE,Combined TRACON& Tower with Radar,10,33,29,2,74,0,0,6,0,6,10,33,35,2,80,36,0,36,116
12/20/2016,MLI,IL,AGL,CE,Combined TRACON& Tower with Radar,6,41,13,0,60,0,0,8,0,8,6,41,21,0,68,8,0,8,76
12/21/2016,MLI,IL,AGL,CE,Combined TRACON& Tower with Radar,10,29,23,0,62,0,0,13,0,13,10,29,36,0,75,8,0,8,83
12/22/2016,MLI,IL,AGL,CE,Combined TRACON& Tower with Radar,8,35,17,0,60,0,0,35,0,35,8,35,52,0,95,44,0,44,139
12/23/2016,MLI,IL,AGL,CE,Combined TRACON& Tower with Radar,14,28,8,0,50,0,0,1,0,1,14,28,9,0,51,0,0,0,51
12/24/2016,MLI,IL,AGL,CE,Combined TRACON& Tower with Radar,7,16,2,0,25,0,0,0,0,0,7,16,2,0,25,0,0,0,25
12/25/2016,MLI,IL,AGL,CE,Combined TRACON& Tower with Radar,5,22,1,0,28,0,0,0,0,0,5,22,1,0,28,0,0,0,28
12/26/2016,MLI,IL,AGL,CE,Combined TRACON& Tower with Radar,13,27,10,0,50,0,0,6,0,6,13,27,16,0,56,0,0,0,56
12/27/2016,MLI,IL,AGL,CE,Combined TRACON& Tower with Radar,7,32,20,0,59,0,0,12,0,12,7,32,32,0,71,0,0,0,71
12/28/2016,MLI,IL,AGL,CE,Combined TRACON& Tower with Radar,10,27,27,0,64,0,0,12,0,12,10,27,39,0,76,20,0,20,96
12/29/2016,MLI,IL,AGL,CE,Combined TRACON& Tower with Radar,8,31,4,0,43,0,0,0,0,0,8,31,4,0,43,0,0,0,43
12/30/2016,MLI,IL,AGL,CE,Combined TRACON& Tower with Radar,14,29,24,0,67,0,0,20,0,20,14,29,44,0,87,10,0,10,97
12/31/2016,MLI,IL,AGL,CE,Combined TRACON& Tower with Radar,7,16,6,0,29,0,0,11,0,11,7,16,17,0,40,40,0,40,80
01/01/2017,MLI,IL,AGL,CE,Combined TRACON& Tower with Radar,5,20,6,0,31,0,0,17,0,17,5,20,23,0,48,42,0,42,90
01/02/2017,MLI,IL,AGL,CE,Combined TRACON& Tower with Radar,14,26,19,0,59,0,0,0,0,0,14,26,19,0,59,0,0,0,59
01/03/2017,MLI,IL,AGL,CE,Combined TRACON& Tower with Radar,6,34,17,0,57,0,0,0,0,0,6,34,17,0,57,0,0,0,57
01/04/2017,MLI,IL,AGL,CE,Combined TRACON& Tower with Radar,11,32,17,0,60,0,0,8,0,8,11,32,25,0,68,6,0,6,74
01/05/2017,MLI,IL,AGL,CE,Combined TRACON& Tower with Radar,12,31,13,0,56,0,0,3,0,3,12,31,16,0,59,4,0,4,63
01/06/2017,MLI,IL,AGL,CE,Combined TRACON& Tower with Radar,13,27,12,0,52,0,0,10,0,10,13,27,22,0,62,4,0,4,66
01/07/2017,MLI,IL,AGL,CE,Combined TRACON& Tower with Radar,8,19,10,4,41,0,0,16,0,16,8,19,26,4,57,42,0,42,99
01/08/2017,MLI,IL,AGL,CE,Combined TRACON& Tower with Radar,13,21,8,0,42,0,0,22,0,22,13,21,30,0,64,56,0,56,120
01/09/2017,MLI,IL,AGL,CE,Combined TRACON& Tower with Radar,20,21,18,0,59,0,0,15,0,15,20,21,33,0,74,16,0,16,90
01/10/2017,MLI,IL,AGL,CE,Combined TRACON& Tower with Radar,14,21,9,0,44,0,0,0,0,0,14,21,9,0,44,0,0,0,44
01/11/2017,MLI,IL,AGL,CE,Combined TRACON& Tower with Radar,18,30,21,0,69,0,0,0,0,0,18,30,21,0,69,0,0,0,69
01/12/2017,MLI,IL,AGL,CE,Combined TRACON& Tower with Radar,20,29,13,0,62,0,0,7,0,7,20,29,20,0,69,36,0,36,105
01/13/2017,MLI,IL,AGL,CE,Combined TRACON& Tower with Radar,20,25,26,0,71,0,1,9,0,10,20,26,35,0,81,2,0,2,83
01/14/2017,MLI,IL,AGL,CE,Combined TRACON& Tower with Radar,13,13,3,1,30,0,0,6,0,6,13,13,9,1,36,12,2,14,50
01/15/2017,MLI,IL,AGL,CE,Combined TRACON& Tower with Radar,18,15,4,1,38,0,0,14,0,14,18,15,18,1,52,0,0,0,52
01/16/2017,MLI,IL,AGL,CE,Combined TRACON& Tower with Radar,17,17,8,0,42,0,0,0,0,0,17,17,8,0,42,0,0,0,42
01/17/2017,MLI,IL,AGL,CE,Combined TRACON& Tower with Radar,16,26,9,0,51,0,0,0,0,0,16,26,9,0,51,0,0,0,51
01/18/2017,MLI,IL,AGL,CE,Combined TRACON& Tower with Radar,18,23,29,0,70,0,0,6,0,6,18,23,35,0,76,28,0,28,104
01/19/2017,MLI,IL,AGL,CE,Combined TRACON& Tower with Radar,17,23,15,0,55,0,0,0,0,0,17,23,15,0,55,0,0,0,55
01/20/2017,MLI,IL,AGL,CE,Combined TRACON& Tower with Radar,17,25,16,0,58,0,0,0,0,0,17,25,16,0,58,0,0,0,58
01/21/2017,MLI,IL,AGL,CE,Combined TRACON& Tower with Radar,15,14,14,0,43,0,0,4,0,4,15,14,18,0,47,44,0,44,91
01/22/2017,MLI,IL,AGL,CE,Combined TRACON& Tower with Radar,16,23,8,0,47,0,0,10,0,10,16,23,18,0,57,52,0,52,109
01/23/2017,MLI,IL,AGL,CE,Combined TRACON& Tower with Radar,19,22,17,0,58,0,0,0,0,0,19,22,17,0,58,0,0,0,58
01/24/2017,MLI,IL,AGL,CE,Combined TRACON& Tower with Radar,16,22,12,0,50,0,0,0,0,0,16,22,12,0,50,0,0,0,50
01/25/2017,MLI,IL,AGL,CE,Combined TRACON& Tower with Radar,18,25,17,0,60,0,0,0,0,0,18,25,17,0,60,0,0,0,60
01/26/2017,MLI,IL,AGL,CE,Combined TRACON& Tower with Radar,18,22,8,0,48,0,0,2,0,2,18,22,10,0,50,18,0,18,68
01/27/2017,MLI,IL,AGL,CE,Combined TRACON& Tower with Radar,19,25,17,0,61,0,0,10,0,10,19,25,27,0,71,12,0,12,83
01/28/2017,MLI,IL,AGL,CE,Combined TRACON& Tower with Radar,14,14,9,0,37,0,0,3,0,3,14,14,12,0,40,26,0,26,66
01/29/2017,MLI,IL,AGL,CE,Combined TRACON& Tower with Radar,15,16,10,0,41,0,0,3,0,3,15,16,13,0,44,26,0,26,70
01/30/2017,MLI,IL,AGL,CE,Combined TRACON& Tower with Radar,18,27,12,0,57,0,0,14,0,14,18,27,26,0,71,0,0,0,71
01/31/2017,MLI,IL,AGL,CE,Combined TRACON& Tower with Radar,14,24,16,0,54,0,1,6,0,7,14,25,22,0,61,10,0,10,71
02/01/2017,MLI,IL,AGL,CE,Combined TRACON& Tower with Radar,16,26,18,0,60,0,0,15,0,15,16,26,33,0,75,16,0,16,91
02/02/2017,MLI,IL,AGL,CE,Combined TRACON& Tower with Radar,17,24,9,0,50,0,0,19,0,19,17,24,28,0,69,10,0,10,79
02/03/2017,MLI,IL,AGL,CE,Combined TRACON& Tower with Radar,19,26,14,4,63,0,0,37,0,37,19,26,51,4,100,40,0,40,140
02/04/2017,MLI,IL,AGL,CE,Combined TRACON& Tower with Radar,15,15,4,0,34,0,0,12,0,12,15,15,16,0,46,18,0,18,64
02/05/2017,MLI,IL,AGL,CE,Combined TRACON& Tower with Radar,12,14,5,0,31,0,0,12,0,12,12,14,17,0,43,10,0,10,53
02/06/2017,MLI,IL,AGL,CE,Combined TRACON& Tower with Radar,19,22,12,0,53,0,0,18,0,18,19,22,30,0,71,38,0,38,109
02/07/2017,MLI,IL,AGL,CE,Combined TRACON& Tower with Radar,16,27,4,1,48,0,0,0,0,0,16,27,4,1,48,0,0,0,48
02/08/2017,MLI,IL,AGL,CE,Combined TRACON& Tower with Radar,18,25,15,2,60,0,0,0,0,0,18,25,15,2,60,0,0,0,60
02/09/2017,MLI,IL,AGL,CE,Combined TRACON& Tower with Radar,17,20,22,2,61,0,0,20,1,21,17,20,42,3,82,10,0,10,92
02/10/2017,MLI,IL,AGL,CE,Combined TRACON& Tower with Radar,18,25,17,0,60,0,0,23,0,23,18,25,40,0,83,10,0,10,93
02/11/2017,MLI,IL,AGL,CE,Combined TRACON& Tower with Radar,15,14,13,0,42,0,0,18,0,18,15,14,31,0,60,18,0,18,78
02/12/2017,MLI,IL,AGL,CE,Combined TRACON& Tower with Radar,15,17,10,0,42,0,0,4,0,4,15,17,14,0,46,0,0,0,46
02/13/2017,MLI,IL,AGL,CE,Combined TRACON& Tower with Radar,20,20,14,0,54,0,1,26,0,27,20,21,40,0,81,6,0,6,87
02/14/2017,MLI,IL,AGL,CE,Combined TRACON& Tower with Radar,15,21,16,0,52,0,0,15,0,15,15,21,31,0,67,4,0,4,71
02/15/2017,MLI,IL,AGL,CE,Combined TRACON& Tower with Radar,20,26,25,0,71,0,0,36,0,36,20,26,61,0,107,50,0,50,157
02/16/2017,MLI,IL,AGL,CE,Combined TRACON& Tower with Radar,18,18,24,0,60,0,0,11,0,11,18,18,35,0,71,24,0,24,95
02/17/2017,MLI,IL,AGL,CE,Combined TRACON& Tower with Radar,17,28,5,0,50,0,0,21,0,21,17,28,26,0,71,28,0,28,99
02/18/2017,MLI,IL,AGL,CE,Combined TRACON& Tower with Radar,16,14,7,0,37,0,0,29,0,29,16,14,36,0,66,80,0,80,146
02/19/2017,MLI,IL,AGL,CE,Combined TRACON& Tower with Radar,17,15,7,0,39,0,0,25,0,25,17,15,32,0,64,16,0,16,80
02/20/2017,MLI,IL,AGL,CE,Combined TRACON& Tower with Radar,18,28,18,0,64,0,0,1,0,1,18,28,19,0,65,0,0,0,65
02/21/2017,MLI,IL,AGL,CE,Combined TRACON& Tower with Radar,14,28,15,2,59,0,0,27,0,27,14,28,42,2,86,34,0,34,120
02/22/2017,MLI,IL,AGL,CE,Combined TRACON& Tower with Radar,18,30,24,0,72,0,0,16,0,16,18,30,40,0,88,0,0,0,88
02/23/2017,MLI,IL,AGL,CE,Combined TRACON& Tower with Radar,16,27,22,0,65,0,0,7,0,7,16,27,29,0,72,14,0,14,86
02/24/2017,MLI,IL,AGL,CE,Combined TRACON& Tower with Radar,15,23,19,0,57,0,0,0,0,0,15,23,19,0,57,0,0,0,57
02/25/2017,MLI,IL,AGL,CE,Combined TRACON& Tower with Radar,14,19,11,0,44,0,0,4,0,4,14,19,15,0,48,8,0,8,56
02/26/2017,MLI,IL,AGL,CE,Combined TRACON& Tower with Radar,15,20,6,0,41,0,0,7,0,7,15,20,13,0,48,12,0,12,60
02/27/2017,MLI,IL,AGL,CE,Combined TRACON& Tower with Radar,16,24,28,2,70,0,0,17,0,17,16,24,45,2,87,46,0,46,133
02/28/2017,MLI,IL,AGL,CE,Combined TRACON& Tower with Radar,13,20,18,2,53,0,0,1,0,1,13,20,19,2,54,14,0,14,68
03/01/2017,MLI,IL,AGL,CE,Combined TRACON& Tower with Radar,16,26,11,2,55,0,0,0,1,1,16,26,11,3,56,0,0,0,56
03/02/2017,MLI,IL,AGL,CE,Combined TRACON& Tower with Radar,15,24,14,0,53,0,0,2,0,2,15,24,16,0,55,0,0,0,55
03/03/2017,MLI,IL,AGL,CE,Combined TRACON& Tower with Radar,14,21,19,0,54,0,0,10,0,10,14,21,29,0,64,10,0,10,74
03/04/2017,MLI,IL,AGL,CE,Combined TRACON& Tower with Radar,15,17,17,0,49,0,0,16,0,16,15,17,33,0,65,24,0,24,89
03/05/2017,MLI,IL,AGL,CE,Combined TRACON& Tower with Radar,19,15,7,0,41,0,0,7,0,7,19,15,14,0,48,0,0,0,48
03/06/2017,MLI,IL,AGL,CE,Combined TRACON& Tower with Radar,16,18,20,0,54,0,0,0,0,0,16,18,20,0,54,0,0,0,54
03/07/2017,MLI,IL,AGL,CE,Combined TRACON& Tower with Radar,16,25,6,0,47,0,0,3,0,3,16,25,9,0,50,8,0,8,58
03/08/2017,MLI,IL,AGL,CE,Combined TRACON& Tower with Radar,18,28,14,0,60,0,0,3,0,3,18,28,17,0,63,0,0,0,63
03/09/2017,MLI,IL,AGL,CE,Combined TRACON& Tower with Radar,15,22,24,0,61,0,0,10,0,10,15,22,34,0,71,22,0,22,93
03/10/2017,MLI,IL,AGL,CE,Combined TRACON& Tower with Radar,18,33,27,1,79,0,0,13,1,14,18,33,40,2,93,34,0,34,127
03/11/2017,MLI,IL,AGL,CE,Combined TRACON& Tower with Radar,18,14,12,0,44,0,0,15,0,15,18,14,27,0,59,12,0,12,71
03/12/2017,MLI,IL,AGL,CE,Combined TRACON& Tower with Radar,14,19,4,0,37,0,0,12,0,12,14,19,16,0,49,10,0,10,59
03/13/2017,MLI,IL,AGL,CE,Combined TRACON& Tower with Radar,15,17,12,0,44,0,0,0,0,0,15,17,12,0,44,0,0,0,44
03/14/2017,MLI,IL,AGL,CE,Combined TRACON& Tower with Radar,17,19,7,0,43,0,0,9,0,9,17,19,16,0,52,0,0,0,52
03/15/2017,MLI,IL,AGL,CE,Combined TRACON& Tower with Radar,18,22,25,2,67,0,0,11,0,11,18,22,36,2,78,2,0,2,80
03/16/2017,MLI,IL,AGL,CE,Combined TRACON& Tower with Radar,14,24,14,0,52,0,0,9,0,9,14,24,23,0,61,0,0,0,61
03/17/2017,MLI,IL,AGL,CE,Combined TRACON& Tower with Radar,14,26,12,2,54,0,0,7,0,7,14,26,19,2,61,24,0,24,85
03/18/2017,MLI,IL,AGL,CE,Combined TRACON& Tower with Radar,18,17,6,0,41,0,0,10,0,10,18,17,16,0,51,0,0,0,51
03/19/2017,MLI,IL,AGL,CE,Combined TRACON& Tower with Radar,14,21,9,0,44,0,0,15,0,15,14,21,24,0,59,14,0,14,73
03/20/2017,MLI,IL,AGL,CE,Combined TRACON& Tower with Radar,15,27,12,0,54,0,0,20,0,20,15,27,32,0,74,13,0,13,87
03/21/2017,MLI,IL,AGL,CE,Combined TRACON& Tower with Radar,15,25,8,0,48,0,0,15,0,15,15,25,23,0,63,0,0,0,63
03/22/2017,MLI,IL,AGL,CE,Combined TRACON& Tower with Radar,18,26,27,10,81,0,0,17,0,17,18,26,44,10,98,26,24,50,148
03/23/2017,MLI,IL,AGL,CE,Combined TRACON& Tower with Radar,16,26,18,0,60,0,0,5,0,5,16,26,23,0,65,0,0,0,65
03/24/2017,MLI,IL,AGL,CE,Combined TRACON& Tower with Radar,15,35,15,0,65,0,0,4,0,4,15,35,19,0,69,0,0,0,69
03/25/2017,MLI,IL,AGL,CE,Combined TRACON& Tower with Radar,16,17,7,0,40,0,0,0,0,0,16,17,7,0,40,0,0,0,40
03/26/2017,MLI,IL,AGL,CE,Combined TRACON& Tower with Radar,15,21,16,0,52,0,0,0,0,0,15,21,16,0,52,0,0,0,52
03/27/2017,MLI,IL,AGL,CE,Combined TRACON& Tower with Radar,15,27,24,0,66,0,0,0,0,0,15,27,24,0,66,6,0,6,72
03/28/2017,MLI,IL,AGL,CE,Combined TRACON& Tower with Radar,16,24,16,1,57,0,0,4,0,4,16,24,20,1,61,18,16,34,95
03/29/2017,MLI,IL,AGL,CE,Combined TRACON& Tower with Radar,18,25,31,0,74,0,0,2,0,2,18,25,33,0,76,0,0,0,76
03/30/2017,MLI,IL,AGL,CE,Combined TRACON& Tower with Radar,16,25,23,1,65,0,0,0,0,0,16,25,23,1,65,0,0,0,65
03/31/2017,MLI,IL,AGL,CE,Combined TRACON& Tower with Radar,17,26,19,0,62,0,0,5,0,5,17,26,24,0,67,66,0,66,133
04/01/2017,MLI,IL,AGL,CE,Combined TRACON& Tower with Radar,19,12,17,0,48,0,1,39,0,40,19,13,56,0,88,54,0,54,142
04/02/2017,MLI,IL,AGL,CE,Combined TRACON& Tower with Radar,19,17,13,0,49,0,1,13,0,14,19,18,26,0,63,26,0,26,89
04/03/2017,MLI,IL,AGL,CE,Combined TRACON& Tower with Radar,19,23,20,0,62,0,0,1,0,1,19,23,21,0,63,0,0,0,63
04/04/2017,MLI,IL,AGL,CE,Combined TRACON& Tower with Radar,18,24,21,0,63,0,0,6,0,6,18,24,27,0,69,6,0,6,75
04/05/2017,MLI,IL,AGL,CE,Combined TRACON& Tower with Radar,16,26,6,0,48,0,0,0,0,0,16,26,6,0,48,0,0,0,48
04/06/2017,MLI,IL,AGL,CE,Combined TRACON& Tower with Radar,14,26,10,0,50,0,0,11,0,11,14,26,21,0,61,0,0,0,61
04/07/2017,MLI,IL,AGL,CE,Combined TRACON& Tower with Radar,17,25,24,2,68,0,0,49,0,49,17,25,73,2,117,54,0,54,171
04/08/2017,MLI,IL,AGL,CE,Combined TRACON& Tower with Radar,16,13,7,0,36,0,0,17,0,17,16,13,24,0,53,20,0,20,73
04/09/2017,MLI,IL,AGL,CE,Combined TRACON& Tower with Radar,21,22,15,0,58,0,0,9,0,9,21,22,24,0,67,2,0,2,69
04/10/2017,MLI,IL,AGL,CE,Combined TRACON& Tower with Radar,24,24,35,5,88,0,0,12,0,12,24,24,47,5,100,12,0,12,112
04/11/2017,MLI,IL,AGL,CE,Combined TRACON& Tower with Radar,16,26,22,3,67,0,0,10,0,10,16,26,32,3,77,6,0,6,83
04/12/2017,MLI,IL,AGL,CE,Combined TRACON& Tower with Radar,20,24,34,2,80,0,0,23,0,23,20,24,57,2,103,0,0,0,103
04/13/2017,MLI,IL,AGL,CE,Combined TRACON& Tower with Radar,19,23,17,0,59,0,0,21,0,21,19,23,38,0,80,32,0,32,112
04/14/2017,MLI,IL,AGL,CE,Combined TRACON& Tower with Radar,18,25,10,0,53,0,0,10,0,10,18,25,20,0,63,0,0,0,63
04/15/2017,MLI,IL,AGL,CE,Combined TRACON& Tower with Radar,14,10,3,0,27,0,0,7,0,7,14,10,10,0,34,10,0,10,44
04/16/2017,MLI,IL,AGL,CE,Combined TRACON& Tower with Radar,17,12,2,0,31,0,0,9,0,9,17,12,11,0,40,2,0,2,42
04/17/2017,MLI,IL,AGL,CE,Combined TRACON& Tower with Radar,16,26,26,0,68,0,0,35,0,35,16,26,61,0,103,74,0,74,177
04/18/2017,MLI,IL,AGL,CE,Combined TRACON& Tower with Radar,16,28,27,4,75,0,0,15,0,15,16,28,42,4,90,6,0,6,96
04/19/2017,MLI,IL,AGL,CE,Combined TRACON& Tower with Radar,20,26,28,0,74,0,0,0,0,0,20,26,28,0,74,0,0,0,74
04/20/2017,MLI,IL,AGL,CE,Combined TRACON& Tower with Radar,17,29,21,0,67,0,0,5,0,5,17,29,26,0,72,0,0,0,72
04/21/2017,MLI,IL,AGL,CE,Combined TRACON& Tower with Radar,17,31,15,0,63,0,0,22,0,22,17,31,37,0,85,16,0,16,101
04/22/2017,MLI,IL,AGL,CE,Combined TRACON& Tower with Radar,17,17,10,0,44,0,0,22,0,22,17,17,32,0,66,44,0,44,110
04/23/2017,MLI,IL,AGL,CE,Combined TRACON& Tower with Radar,19,21,16,0,56,0,0,28,0,28,19,21,44,0,84,14,0,14,98
04/24/2017,MLI,IL,AGL,CE,Combined TRACON& Tower with Radar,19,23,22,0,64,0,0,20,0,20,19,23,42,0,84,40,0,40,124
04/25/2017,MLI,IL,AGL,CE,Combined TRACON& Tower with Radar,16,25,13,0,54,0,0,9,0,9,16,25,22,0,63,10,0,10,73
04/26/2017,MLI,IL,AGL,CE,Combined TRACON& Tower with Radar,19,25,27,0,71,0,0,2,0,2,19,25,29,0,73,10,0,10,83
04/27/2017,MLI,IL,AGL,CE,Combined TRACON& Tower with Radar,17,26,16,0,59,0,0,9,0,9,17,26,25,0,68,6,0,6,74
04/28/2017,MLI,IL,AGL,CE,Combined TRACON& Tower with Radar,18,27,14,0,59,0,0,4,0,4,18,27,18,0,63,6,0,6,69
04/29/2017,MLI,IL,AGL,CE,Combined TRACON& Tower with Radar,18,13,5,0,36,0,0,0,0,0,18,13,5,0,36,0,0,0,36
04/30/2017,MLI,IL,AGL,CE,Combined TRACON& Tower with Radar,21,14,10,0,45,0,0,0,0,0,21,14,10,0,45,0,0,0,45
05/01/2017,MLI,IL,AGL,CE,Combined TRACON& Tower with Radar,16,25,20,0,61,0,0,5,0,5,16,25,25,0,66,0,0,0,66
05/02/2017,MLI,IL,AGL,CE,Combined TRACON& Tower with Radar,15,28,8,0,51,0,0,11,0,11,15,28,19,0,62,0,0,0,62
05/03/2017,MLI,IL,AGL,CE,Combined TRACON& Tower with Radar,18,37,14,8,77,0,0,31,0,31,18,37,45,8,108,40,16,56,164
05/04/2017,MLI,IL,AGL,CE,Combined TRACON& Tower with Radar,23,30,19,0,72,0,0,11,0,11,23,30,30,0,83,8,0,8,91
05/05/2017,MLI,IL,AGL,CE,Combined TRACON& Tower with Radar,19,30,17,3,69,0,0,10,1,11,19,30,27,4,80,22,0,22,102
05/06/2017,MLI,IL,AGL,CE,Combined TRACON& Tower with Radar,12,19,6,0,37,0,0,17,0,17,12,19,23,0,54,20,0,20,74
05/07/2017,MLI,IL,AGL,CE,Combined TRACON& Tower with Radar,14,21,16,0,51,0,0,33,0,33,14,21,49,0,84,22,0,22,106
05/08/2017,MLI,IL,AGL,CE,Combined TRACON& Tower with Radar,16,28,12,0,56,0,0,23,0,23,16,28,35,0,79,14,0,14,93
05/09/2017,MLI,IL,AGL,CE,Combined TRACON& Tower with Radar,13,34,30,2,79,0,0,18,0,18,13,34,48,2,97,12,0,12,109
05/10/2017,MLI,IL,AGL,CE,Combined TRACON& Tower with Radar,18,32,16,4,70,0,0,5,0,5,18,32,21,4,75,0,0,0,75
05/11/2017,MLI,IL,AGL,CE,Combined TRACON& Tower with Radar,16,28,7,0,51,0,0,13,0,13,16,28,20,0,64,34,0,34,98
05/12/2017,MLI,IL,AGL,CE,Combined TRACON& Tower with Radar,14,28,29,0,71,0,0,31,0,31,14,28,60,0,102,18,0,18,120
05/13/2017,MLI,IL,AGL,CE,Combined TRACON& Tower with Radar,12,19,13,0,44,0,2,30,0,32,12,21,43,0,76,16,0,16,92
05/14/2017,MLI,IL,AGL,CE,Combined TRACON& Tower with Radar,14,19,9,0,42,0,0,20,0,20,14,19,29,0,62,0,0,0,62
05/15/2017,MLI,IL,AGL,CE,Combined TRACON& Tower with Radar,18,23,14,4,59,0,0,10,0,10,18,23,24,4,69,10,0,10,79
05/16/2017,MLI,IL,AGL,CE,Combined TRACON& Tower with Radar,14,33,20,2,69,0,0,13,4,17,14,33,33,6,86,0,0,0,86
05/17/2017,MLI,IL,AGL,CE,Combined TRACON& Tower with Radar,17,31,18,1,67,0,0,3,2,5,17,31,21,3,72,4,0,4,76
05/18/2017,MLI,IL,AGL,CE,Combined TRACON& Tower with Radar,14,37,12,3,66,0,0,16,1,17,14,37,28,4,83,20,0,20,103
05/19/2017,MLI,IL,AGL,CE,Combined TRACON& Tower with Radar,17,34,16,2,69,0,0,5,0,5,17,34,21,2,74,0,0,0,74
05/20/2017,MLI,IL,AGL,CE,Combined TRACON& Tower with Radar,10,18,17,0,45,0,0,1,0,1,10,18,18,0,46,0,0,0,46
05/21/2017,MLI,IL,AGL,CE,Combined TRACON& Tower with Radar,15,23,14,0,52,0,0,9,0,9,15,23,23,0,61,10,0,10,71
05/22/2017,MLI,IL,AGL,CE,Combined TRACON& Tower with Radar,16,29,17,0,62,0,0,10,0,10,16,29,27,0,72,0,0,0,72
05/23/2017,MLI,IL,AGL,CE,Combined TRACON& Tower with Radar,17,28,22,1,68,0,0,13,0,13,17,28,35,1,81,0,0,0,81
05/24/2017,MLI,IL,AGL,CE,Combined TRACON& Tower with Radar,15,28,32,0,75,0,0,12,0,12,15,28,44,0,87,14,0,14,101
05/25/2017,MLI,IL,AGL,CE,Combined TRACON& Tower with Radar,15,31,32,2,80,0,0,29,0,29,15,31,61,2,109,58,0,58,167
05/26/2017,MLI,IL,AGL,CE,Combined TRACON& Tower with Radar,17,30,16,0,63,0,0,7,0,7,17,30,23,0,70,10,0,10,80
05/27/2017,MLI,IL,AGL,CE,Combined TRACON& Tower with Radar,12,16,8,0,36,0,0,15,0,15,12,16,23,0,51,30,0,30,81
05/28/2017,MLI,IL,AGL,CE,Combined TRACON& Tower with Radar,11,16,2,0,29,0,0,16,0,16,11,16,18,0,45,12,0,12,57
05/29/2017,MLI,IL,AGL,CE,Combined TRACON& Tower with Radar,14,28,4,0,46,0,0,18,0,18,14,28,22,0,64,6,0,6,70
05/30/2017,MLI,IL,AGL,CE,Combined TRACON& Tower with Radar,14,32,15,0,61,0,0,10,0,10,14,32,25,0,71,26,0,26,97
05/31/2017,MLI,IL,AGL,CE,Combined TRACON& Tower with Radar,15,31,23,0,69,0,0,27,0,27,15,31,50,0,96,20,0,20,116
06/01/2017,MLI,IL,AGL,CE,Combined TRACON& Tower with Radar,15,33,26,0,74,0,0,30,0,30,15,33,56,0,104,32,0,32,136
06/02/2017,MLI,IL,AGL,CE,Combined TRACON& Tower with Radar,16,27,12,0,55,0,0,26,0,26,16,27,38,0,81,22,0,22,103
06/03/2017,MLI,IL,AGL,CE,Combined TRACON& Tower with Radar,12,21,2,0,35,0,0,28,0,28,12,21,30,0,63,36,0,36,99
06/04/2017,MLI,IL,AGL,CE,Combined TRACON& Tower with Radar,15,22,10,0,47,0,0,22,0,22,15,22,32,0,69,42,0,42,111
06/05/2017,MLI,IL,AGL,CE,Combined TRACON& Tower with Radar,16,24,22,0,62,0,0,26,0,26,16,24,48,0,88,22,0,22,110
06/06/2017,MLI,IL,AGL,CE,Combined TRACON& Tower with Radar,14,25,20,0,59,0,0,23,0,23,14,25,43,0,82,30,0,30,112
06/07/2017,MLI,IL,AGL,CE,Combined TRACON& Tower with Radar,16,36,27,0,79,0,0,20,0,20,16,36,47,0,99,50,0,50,149
06/08/2017,MLI,IL,AGL,CE,Combined TRACON& Tower with Radar,23,27,12,2,64,0,0,16,0,16,23,27,28,2,80,0,0,0,80
06/09/2017,MLI,IL,AGL,CE,Combined TRACON& Tower with Radar,22,30,25,2,79,0,0,20,0,20,22,30,45,2,99,6,0,6,105
06/10/2017,MLI,IL,AGL,CE,Combined TRACON& Tower with Radar,16,23,8,0,47,0,0,7,0,7,16,23,15,0,54,0,0,0,54
06/11/2017,MLI,IL,AGL,CE,Combined TRACON& Tower with Radar,20,22,13,0,55,0,0,11,0,11,20,22,24,0,66,0,0,0,66
06/12/2017,MLI,IL,AGL,CE,Combined TRACON& Tower with Radar,20,28,34,0,82,0,0,25,0,25,20,28,59,0,107,94,0,94,201
06/13/2017,MLI,IL,AGL,CE,Combined TRACON& Tower with Radar,14,26,5,1,46,0,0,15,1,16,14,26,20,2,62,0,0,0,62
06/14/2017,MLI,IL,AGL,CE,Combined TRACON& Tower with Radar,15,24,22,3,64,0,0,4,0,4,15,24,26,3,68,0,0,0,68
06/15/2017,MLI,IL,AGL,CE,Combined TRACON& Tower with Radar,16,31,16,0,63,0,0,16,0,16,16,31,32,0,79,10,0,10,89
06/16/2017,MLI,IL,AGL,CE,Combined TRACON& Tower with Radar,18,28,21,30,97,0,0,11,0,11,18,28,32,30,108,0,40,40,148
06/17/2017,MLI,IL,AGL,CE,Combined TRACON& Tower with Radar,14,17,9,0,40,0,0,6,0,6,14,17,15,0,46,30,0,30,76
06/18/2017,MLI,IL,AGL,CE,Combined TRACON& Tower with Radar,15,22,9,0,46,0,0,16,0,16,15,22,25,0,62,0,0,0,62
06/19/2017,MLI,IL,AGL,CE,Combined TRACON& Tower with Radar,16,25,11,0,52,0,0,3,2,5,16,25,14,2,57,0,0,0,57
06/20/2017,MLI,IL,AGL,CE,Combined TRACON& Tower with Radar,14,28,25,0,67,0,0,25,0,25,14,28,50,0,92,0,0,0,92
06/21/2017,MLI,IL,AGL,CE,Combined TRACON& Tower with Radar,17,31,23,0,71,0,0,14,0,14,17,31,37,0,85,16,0,16,101
06/22/2017,MLI,IL,AGL,CE,Combined TRACON& Tower with Radar,17,31,20,1,69,0,0,12,0,12,17,31,32,1,81,6,0,6,87
06/23/2017,MLI,IL,AGL,CE,Combined TRACON& Tower with Radar,22,28,19,0,69,0,0,22,1,23,22,28,41,1,92,0,0,0,92
06/24/2017,MLI,IL,AGL,CE,Combined TRACON& Tower with Radar,16,17,15,0,48,0,0,16,1,17,16,17,31,1,65,6,0,6,71
06/25/2017,MLI,IL,AGL,CE,Combined TRACON& Tower with Radar,16,26,13,1,56,0,0,19,0,19,16,26,32,1,75,20,4,24,99
06/26/2017,MLI,IL,AGL,CE,Combined TRACON& Tower with Radar,20,29,19,0,68,0,0,9,0,9,20,29,28,0,77,24,0,24,101
06/27/2017,MLI,IL,AGL,CE,Combined TRACON& Tower with Radar,15,31,20,0,66,0,0,29,2,31,15,31,49,2,97,22,0,22,119
06/28/2017,MLI,IL,AGL,CE,Combined TRACON& Tower with Radar,17,31,15,0,63,0,0,3,0,3,17,31,18,0,66,0,0,0,66
06/29/2017,MLI,IL,AGL,CE,Combined TRACON& Tower with Radar,16,32,16,0,64,0,0,11,0,11,16,32,27,0,75,18,0,18,93
06/30/2017,MLI,IL,AGL,CE,Combined TRACON& Tower with Radar,20,30,24,0,74,0,0,8,0,8,20,30,32,0,82,0,0,0,82
07/01/2017,MLI,IL,AGL,CE,Combined TRACON& Tower with Radar,14,20,10,0,44,0,0,29,0,29,14,20,39,0,73,26,0,26,99
07/02/2017,MLI,IL,AGL,CE,Combined TRACON& Tower with Radar,15,11,10,0,36,0,0,25,0,25,15,11,35,0,61,18,0,18,79
07/03/2017,MLI,IL,AGL,CE,Combined TRACON& Tower with Radar,19,12,6,0,37,0,0,16,0,16,19,12,22,0,53,0,0,0,53
07/04/2017,MLI,IL,AGL,CE,Combined TRACON& Tower with Radar,14,14,3,0,31,0,0,25,0,25,14,14,28,0,56,14,0,14,70
07/05/2017,MLI,IL,AGL,CE,Combined TRACON& Tower with Radar,15,29,10,0,54,0,0,11,0,11,15,29,21,0,65,52,0,52,117
07/06/2017,MLI,IL,AGL,CE,Combined TRACON& Tower with Radar,13,26,11,0,50,0,0,16,0,16,13,26,27,0,66,32,0,32,98
07/07/2017,MLI,IL,AGL,CE,Combined TRACON& Tower with Radar,16,23,23,2,64,0,0,15,0,15,16,23,38,2,79,14,0,14,93
07/08/2017,MLI,IL,AGL,CE,Combined TRACON& Tower with Radar,15,16,13,0,44,0,0,26,0,26,15,16,39,0,70,24,0,24,94
07/09/2017,MLI,IL,AGL,CE,Combined TRACON& Tower with Radar,16,36,11,0,63,0,0,17,0,17,16,36,28,0,80,0,0,0,80
07/10/2017,MLI,IL,AGL,CE,Combined TRACON& Tower with Radar,16,45,31,2,94,0,0,5,0,5,16,45,36,2,99,6,0,6,105
07/11/2017,MLI,IL,AGL,CE,Combined TRACON& Tower with Radar,13,33,21,0,67,0,0,7,1,8,13,33,28,1,75,32,0,32,107
07/12/2017,MLI,IL,AGL,CE,Combined TRACON& Tower with Radar,13,38,26,0,77,0,0,13,0,13,13,38,39,0,90,22,0,22,112
07/13/2017,MLI,IL,AGL,CE,Combined TRACON& Tower with Radar,14,36,24,0,74,0,0,22,0,22,14,36,46,0,96,20,0,20,116
07/14/2017,MLI,IL,AGL,CE,Combined TRACON& Tower with Radar,16,33,33,2,84,0,0,21,0,21,16,33,54,2,105,24,10,34,139
07/15/2017,MLI,IL,AGL,CE,Combined TRACON& Tower with Radar,17,20,10,0,47,0,0,33,0,33,17,20,43,0,80,40,0,40,120
07/16/2017,MLI,IL,AGL,CE,Combined TRACON& Tower with Radar,15,33,25,0,73,0,0,11,0,11,15,33,36,0,84,0,0,0,84
07/17/2017,MLI,IL,AGL,CE,Combined TRACON& Tower with Radar,17,31,23,0,71,0,0,23,0,23,17,31,46,0,94,8,0,8,102
07/18/2017,MLI,IL,AGL,CE,Combined TRACON& Tower with Radar,12,24,8,3,47,0,0,13,0,13,12,24,21,3,60,14,0,14,74
07/19/2017,MLI,IL,AGL,CE,Combined TRACON& Tower with Radar,18,29,31,1,79,0,0,14,0,14,18,29,45,1,93,0,0,0,93
07/20/2017,MLI,IL,AGL,CE,Combined TRACON& Tower with Radar,13,29,25,1,68,0,0,15,1,16,13,29,40,2,84,4,0,4,88
07/21/2017,MLI,IL,AGL,CE,Combined TRACON& Tower with Radar,23,24,29,0,76,0,0,15,0,15,23,24,44,0,91,6,0,6,97
07/22/2017,MLI,IL,AGL,CE,Combined TRACON& Tower with Radar,14,14,5,0,33,0,0,20,0,20,14,14,25,0,53,12,0,12,65
07/23/2017,MLI,IL,AGL,CE,Combined TRACON& Tower with Radar,20,28,17,0,65,0,0,18,0,18,20,28,35,0,83,26,0,26,109
07/24/2017,MLI,IL,AGL,CE,Combined TRACON& Tower with Radar,21,30,19,0,70,0,0,6,0,6,21,30,25,0,76,2,0,2,78
07/25/2017,MLI,IL,AGL,CE,Combined TRACON& Tower with Radar,12,28,18,4,62,0,0,29,0,29,12,28,47,4,91,0,0,0,91
07/26/2017,MLI,IL,AGL,CE,Combined TRACON& Tower with Radar,16,30,24,10,80,0,0,13,0,13,16,30,37,10,93,10,16,26,119
07/27/2017,MLI,IL,AGL,CE,Combined TRACON& Tower with Radar,14,30,23,0,67,0,0,13,0,13,14,30,36,0,80,0,0,0,80
07/28/2017,MLI,IL,AGL,CE,Combined TRACON& Tower with Radar,14,28,11,2,55,0,0,25,4,29,14,28,36,6,84,12,0,12,96
07/29/2017,MLI,IL,AGL,CE,Combined TRACON& Tower with Radar,17,19,3,6,45,0,0,21,6,27,17,19,24,12,72,0,34,34,106
07/30/2017,MLI,IL,AGL,CE,Combined TRACON& Tower with Radar,17,28,12,0,57,0,0,20,0,20,17,28,32,0,77,26,0,26,103
07/31/2017,MLI,IL,AGL,CE,Combined TRACON& Tower with Radar,16,32,7,0,55,0,0,26,0,26,16,32,33,0,81,12,0,12,93
08/01/2017,MLI,IL,AGL,CE,Combined TRACON& Tower with Radar,13,31,16,0,60,0,0,15,0,15,13,31,31,0,75,28,0,28,103
08/02/2017,MLI,IL,AGL,CE,Combined TRACON& Tower with Radar,14,37,18,0,69,0,0,9,0,9,14,37,27,0,78,0,0,0,78
08/03/2017,MLI,IL,AGL,CE,Combined TRACON& Tower with Radar,16,30,20,5,71,0,0,8,0,8,16,30,28,5,79,10,8,18,97
08/04/2017,MLI,IL,AGL,CE,Combined TRACON& Tower with Radar,17,31,20,2,70,0,0,8,0,8,17,31,28,2,78,0,0,0,78
08/05/2017,MLI,IL,AGL,CE,Combined TRACON& Tower with Radar,15,18,6,0,39,0,0,29,0,29,15,18,35,0,68,20,0,20,88
08/06/2017,MLI,IL,AGL,CE,Combined TRACON& Tower with Radar,14,26,15,0,55,0,0,5,0,5,14,26,20,0,60,6,0,6,66
08/07/2017,MLI,IL,AGL,CE,Combined TRACON& Tower with Radar,17,29,27,3,76,0,0,7,0,7,17,29,34,3,83,0,0,0,83
08/08/2017,MLI,IL,AGL,CE,Combined TRACON& Tower with Radar,14,28,23,2,67,0,0,34,6,40,14,28,57,8,107,44,0,44,151
08/09/2017,MLI,IL,AGL,CE,Combined TRACON& Tower with Radar,15,31,24,1,71,0,0,37,0,37,15,31,61,1,108,0,0,0,108
08/10/2017,MLI,IL,AGL,CE,Combined TRACON& Tower with Radar,14,28,31,0,73,0,0,12,0,12,14,28,43,0,85,36,0,36,121
08/11/2017,MLI,IL,AGL,CE,Combined TRACON& Tower with Radar,18,30,13,0,61,0,0,21,0,21,18,30,34,0,82,24,0,24,106
08/12/2017,MLI,IL,AGL,CE,Combined TRACON& Tower with Radar,14,17,7,1,39,0,0,26,2,28,14,17,33,3,67,8,0,8,75
08/13/2017,MLI,IL,AGL,CE,Combined TRACON& Tower with Radar,14,26,15,0,55,0,0,20,0,20,14,26,35,0,75,10,0,10,85
08/14/2017,MLI,IL,AGL,CE,Combined TRACON& Tower with Radar,17,32,14,0,63,0,0,12,0,12,17,32,26,0,75,14,0,14,89
08/15/2017,MLI,IL,AGL,CE,Combined TRACON& Tower with Radar,14,31,21,4,70,0,0,20,0,20,14,31,41,4,90,18,0,18,108
08/16/2017,MLI,IL,AGL,CE,Combined TRACON& Tower with Radar,16,26,26,0,68,0,0,13,2,15,16,26,39,2,83,14,0,14,97
08/17/2017,MLI,IL,AGL,CE,Combined TRACON& Tower with Radar,13,26,31,0,70,0,0,4,0,4,13,26,35,0,74,14,0,14,88
08/18/2017,MLI,IL,AGL,CE,Combined TRACON& Tower with Radar,19,33,19,0,71,0,0,16,0,16,19,33,35,0,87,14,0,14,101
08/19/2017,MLI,IL,AGL,CE,Combined TRACON& Tower with Radar,15,18,5,0,38,0,1,20,0,21,15,19,25,0,59,26,0,26,85
08/20/2017,MLI,IL,AGL,CE,Combined TRACON& Tower with Radar,16,22,6,0,44,0,0,14,1,15,16,22,20,1,59,12,0,12,71
08/21/2017,MLI,IL,AGL,CE,Combined TRACON& Tower with Radar,20,26,19,2,67,0,0,9,1,10,20,26,28,3,77,20,0,20,97
08/22/2017,MLI,IL,AGL,CE,Combined TRACON& Tower with Radar,15,30,20,2,67,0,0,11,0,11,15,30,31,2,78,10,0,10,88
08/23/2017,MLI,IL,AGL,CE,Combined TRACON& Tower with Radar,18,27,24,0,69,0,0,14,1,15,18,27,38,1,84,0,0,0,84
08/24/2017,MLI,IL,AGL,CE,Combined TRACON& Tower with Radar,15,31,22,2,70,0,2,20,0,22,15,33,42,2,92,38,0,38,130
08/25/2017,MLI,IL,AGL,CE,Combined TRACON& Tower with Radar,20,32,29,0,81,0,0,27,0,27,20,32,56,0,108,4,0,4,112
08/26/2017,MLI,IL,AGL,CE,Combined TRACON& Tower with Radar,18,18,15,0,51,0,0,34,0,34,18,18,49,0,85,18,0,18,103
08/27/2017,MLI,IL,AGL,CE,Combined TRACON& Tower with Radar,16,21,6,0,43,0,0,12,0,12,16,21,18,0,55,12,0,12,67
08/28/2017,MLI,IL,AGL,CE,Combined TRACON& Tower with Radar,18,30,13,0,61,0,0,2,0,2,18,30,15,0,63,10,0,10,73
08/29/2017,MLI,IL,AGL,CE,Combined TRACON& Tower with Radar,15,42,33,0,90,0,0,6,0,6,15,42,39,0,96,44,0,44,140
08/30/2017,MLI,IL,AGL,CE,Combined TRACON& Tower with Radar,16,34,9,0,59,0,0,12,0,12,16,34,21,0,71,12,0,12,83
08/31/2017,MLI,IL,AGL,CE,Combined TRACON& Tower with Radar,20,35,15,0,70,0,0,15,0,15,20,35,30,0,85,38,0,38,123
09/01/2017,MLI,IL,AGL,CE,Combined TRACON& Tower with Radar,20,34,24,0,78,0,0,23,0,23,20,34,47,0,101,0,0,0,101
09/02/2017,MLI,IL,AGL,CE,Combined TRACON& Tower with Radar,14,15,1,0,30,0,0,18,0,18,14,15,19,0,48,0,0,0,48
09/03/2017,MLI,IL,AGL,CE,Combined TRACON& Tower with Radar,12,10,4,0,26,0,0,15,0,15,12,10,19,0,41,0,0,0,41
09/04/2017,MLI,IL,AGL,CE,Combined TRACON& Tower with Radar,20,21,14,0,55,0,0,10,0,10,20,21,24,0,65,8,0,8,73
09/05/2017,MLI,IL,AGL,CE,Combined TRACON& Tower with Radar,15,32,21,1,69,0,0,11,0,11,15,32,32,1,80,22,0,22,102
09/06/2017,MLI,IL,AGL,CE,Combined TRACON& Tower with Radar,14,35,28,1,78,0,0,24,0,24,14,35,52,1,102,26,0,26,128
09/07/2017,MLI,IL,AGL,CE,Combined TRACON& Tower with Radar,12,27,26,2,67,0,0,24,0,24,12,27,50,2,91,42,0,42,133
09/08/2017,MLI,IL,AGL,CE,Combined TRACON& Tower with Radar,17,29,23,0,69,0,0,30,0,30,17,29,53,0,99,22,0,22,121
09/09/2017,MLI,IL,AGL,CE,Combined TRACON& Tower with Radar,11,20,18,0,49,0,0,33,0,33,11,20,51,0,82,16,0,16,98
09/10/2017,MLI,IL,AGL,CE,Combined TRACON& Tower with Radar,13,27,14,0,54,0,0,20,0,20,13,27,34,0,74,20,0,20,94
09/11/2017,MLI,IL,AGL,CE,Combined TRACON& Tower with Radar,13,33,26,5,77,0,0,16,2,18,13,33,42,7,95,0,0,0,95
09/12/2017,MLI,IL,AGL,CE,Combined TRACON& Tower with Radar,14,34,32,0,80,0,0,24,2,26,14,34,56,2,106,0,0,0,106
09/13/2017,MLI,IL,AGL,CE,Combined TRACON& Tower with Radar,13,30,17,0,60,0,0,21,1,22,13,30,38,1,82,28,0,28,110
09/14/2017,MLI,IL,AGL,CE,Combined TRACON& Tower with Radar,13,34,27,0,74,0,0,22,0,22,13,34,49,0,96,0,0,0,96
09/15/2017,MLI,IL,AGL,CE,Combined TRACON& Tower with Radar,17,30,16,0,63,0,1,20,1,22,17,31,36,1,85,12,0,12,97
09/16/2017,MLI,IL,AGL,CE,Combined TRACON& Tower with Radar,13,19,10,7,49,0,0,21,1,22,13,19,31,8,71,12,0,12,83
09/17/2017,MLI,IL,AGL,CE,Combined TRACON& Tower with Radar,19,22,12,0,53,0,0,14,0,14,19,22,26,0,67,6,0,6,73
09/18/2017,MLI,IL,AGL,CE,Combined TRACON& Tower with Radar,17,29,19,3,68,0,0,9,0,9,17,29,28,3,77,20,0,20,97
09/19/2017,MLI,IL,AGL,CE,Combined TRACON& Tower with Radar,14,31,21,0,66,0,0,14,0,14,14,31,35,0,80,40,0,40,120
09/20/2017,MLI,IL,AGL,CE,Combined TRACON& Tower with Radar,13,26,25,0,64,0,0,7,0,7,13,26,32,0,71,0,0,0,71
09/21/2017,MLI,IL,AGL,CE,Combined TRACON& Tower with Radar,15,29,9,0,53,0,0,9,0,9,15,29,18,0,62,4,2,6,68
09/22/2017,MLI,IL,AGL,CE,Combined TRACON& Tower with Radar,20,28,37,0,85,0,0,20,2,22,20,28,57,2,107,8,0,8,115
09/23/2017,MLI,IL,AGL,CE,Combined TRACON& Tower with Radar,14,16,13,2,45,0,0,34,0,34,14,16,47,2,79,54,0,54,133
09/24/2017,MLI,IL,AGL,CE,Combined TRACON& Tower with Radar,14,24,18,0,56,0,1,17,0,18,14,25,35,0,74,34,0,34,108
09/25/2017,MLI,IL,AGL,CE,Combined TRACON& Tower with Radar,18,30,16,0,64,0,1,13,0,14,18,31,29,0,78,20,0,20,98
09/26/2017,MLI,IL,AGL,CE,Combined TRACON& Tower with Radar,14,30,18,0,62,0,0,11,0,11,14,30,29,0,73,0,0,0,73
09/27/2017,MLI,IL,AGL,CE,Combined TRACON& Tower with Radar,13,30,25,0,68,0,0,21,0,21,13,30,46,0,89,52,0,52,141
09/28/2017,MLI,IL,AGL,CE,Combined TRACON& Tower with Radar,16,32,19,0,67,0,0,27,0,27,16,32,46,0,94,28,0,28,122
09/29/2017,MLI,IL,AGL,CE,Combined TRACON& Tower with Radar,17,30,17,0,64,0,0,24,0,24,17,30,41,0,88,4,0,4,92
09/30/2017,MLI,IL,AGL,CE,Combined TRACON& Tower with Radar,14,15,11,0,40,0,0,20,0,20,14,15,31,0,60,12,0,12,72
10/01/2017,MLI,IL,AGL,CE,Combined TRACON& Tower with Radar,16,25,8,1,50,0,0,14,0,14,16,25,22,1,64,14,0,14,78
10/02/2017,MLI,IL,AGL,CE,Combined TRACON& Tower with Radar,17,27,10,5,59,0,0,10,0,10,17,27,20,5,69,12,6,18,87
10/03/2017,MLI,IL,AGL,CE,Combined TRACON& Tower with Radar,14,30,26,0,70,0,0,9,0,9,14,30,35,0,79,0,0,0,79
10/04/2017,MLI,IL,AGL,CE,Combined TRACON& Tower with Radar,15,31,20,0,66,0,0,17,1,18,15,31,37,1,84,0,0,0,84
10/05/2017,MLI,IL,AGL,CE,Combined TRACON& Tower with Radar,17,33,34,2,86,0,0,12,0,12,17,33,46,2,98,26,0,26,124
10/06/2017,MLI,IL,AGL,CE,Combined TRACON& Tower with Radar,18,29,28,0,75,0,0,1,0,1,18,29,29,0,76,0,0,0,76
10/07/2017,MLI,IL,AGL,CE,Combined TRACON& Tower with Radar,16,18,5,0,39,0,0,0,0,0,16,18,5,0,39,0,0,0,39
10/08/2017,MLI,IL,AGL,CE,Combined TRACON& Tower with Radar,17,23,9,0,49,0,0,18,0,18,17,23,27,0,67,34,0,34,101
10/09/2017,MLI,IL,AGL,CE,Combined TRACON& Tower with Radar,20,31,14,0,65,0,0,11,0,11,20,31,25,0,76,26,0,26,102
10/10/2017,MLI,IL,AGL,CE,Combined TRACON& Tower with Radar,14,32,23,0,69,0,0,5,0,5,14,32,28,0,74,0,0,0,74
10/11/2017,MLI,IL,AGL,CE,Combined TRACON& Tower with Radar,16,30,17,4,67,0,0,3,0,3,16,30,20,4,70,0,8,8,78
10/12/2017,MLI,IL,AGL,CE,Combined TRACON& Tower with Radar,15,29,18,0,62,0,0,0,0,0,15,29,18,0,62,0,0,0,62
10/13/2017,MLI,IL,AGL,CE,Combined TRACON& Tower with Radar,17,29,12,2,60,0,0,11,0,11,17,29,23,2,71,8,10,18,89
10/14/2017,MLI,IL,AGL,CE,Combined TRACON& Tower with Radar,19,9,6,0,34,0,0,0,0,0,19,9,6,0,34,2,0,2,36
10/15/2017,MLI,IL,AGL,CE,Combined TRACON& Tower with Radar,16,22,17,0,55,0,0,2,0,2,16,22,19,0,57,0,0,0,57
10/16/2017,MLI,IL,AGL,CE,Combined TRACON& Tower with Radar,17,30,20,2,69,0,0,16,0,16,17,30,36,2,85,22,0,22,107
10/17/2017,MLI,IL,AGL,CE,Combined TRACON& Tower with Radar,13,36,21,2,72,0,0,22,2,24,13,36,43,4,96,0,4,4,100
10/18/2017,MLI,IL,AGL,CE,Combined TRACON& Tower with Radar,16,33,19,0,68,0,0,30,4,34,16,33,49,4,102,36,0,36,138
10/19/2017,MLI,IL,AGL,CE,Combined TRACON& Tower with Radar,16,38,31,0,85,0,0,31,0,31,16,38,62,0,116,12,0,12,128
10/20/2017,MLI,IL,AGL,CE,Combined TRACON& Tower with Radar,20,31,21,0,72,0,0,18,0,18,20,31,39,0,90,36,0,36,126
10/21/2017,MLI,IL,AGL,CE,Combined TRACON& Tower with Radar,17,16,4,0,37,0,0,6,0,6,17,16,10,0,43,0,0,0,43
10/22/2017,MLI,IL,AGL,CE,Combined TRACON& Tower with Radar,16,31,13,0,60,0,1,2,0,3,16,32,15,0,63,0,0,0,63
10/23/2017,MLI,IL,AGL,CE,Combined TRACON& Tower with Radar,16,27,16,0,59,0,0,6,2,8,16,27,22,2,67,14,0,14,81
10/24/2017,MLI,IL,AGL,CE,Combined TRACON& Tower with Radar,13,32,27,0,72,0,0,3,0,3,13,32,30,0,75,10,0,10,85
10/25/2017,MLI,IL,AGL,CE,Combined TRACON& Tower with Radar,16,35,23,2,76,0,0,13,0,13,16,35,36,2,89,12,0,12,101
10/26/2017,MLI,IL,AGL,CE,Combined TRACON& Tower with Radar,16,38,23,0,77,0,0,7,0,7,16,38,30,0,84,24,0,24,108
10/27/2017,MLI,IL,AGL,CE,Combined TRACON& Tower with Radar,20,30,17,2,69,0,0,4,0,4,20,30,21,2,73,0,0,0,73
10/28/2017,MLI,IL,AGL,CE,Combined TRACON& Tower with Radar,17,14,15,0,46,0,0,5,0,5,17,14,20,0,51,8,0,8,59
10/29/2017,MLI,IL,AGL,CE,Combined TRACON& Tower with Radar,15,27,13,0,55,0,0,12,0,12,15,27,25,0,67,10,0,10,77
10/30/2017,MLI,IL,AGL,CE,Combined TRACON& Tower with Radar,17,31,12,0,60,0,0,9,0,9,17,31,21,0,69,0,0,0,69
10/31/2017,MLI,IL,AGL,CE,Combined TRACON& Tower with Radar,12,27,18,2,59,0,0,25,0,25,12,27,43,2,84,36,0,36,120
11/01/2017,MLI,IL,AGL,CE,Combined TRACON& Tower with Radar,21,25,20,0,66,0,0,6,0,6,21,25,26,0,72,0,0,0,72
11/02/2017,MLI,IL,AGL,CE,Combined TRACON& Tower with Radar,15,30,25,0,70,0,0,0,0,0,15,30,25,0,70,0,0,0,70
11/03/2017,MLI,IL,AGL,CE,Combined TRACON& Tower with Radar,16,29,20,0,65,0,0,17,0,17,16,29,37,0,82,34,0,34,116
11/04/2017,MLI,IL,AGL,CE,Combined TRACON& Tower with Radar,14,14,11,0,39,0,0,0,0,0,14,14,11,0,39,4,0,4,43
11/05/2017,MLI,IL,AGL,CE,Combined TRACON& Tower with Radar,15,20,9,1,45,0,0,1,0,1,15,20,10,1,46,0,0,0,46
11/06/2017,MLI,IL,AGL,CE,Combined TRACON& Tower with Radar,18,27,13,0,58,0,0,13,0,13,18,27,26,0,71,6,0,6,77
11/07/2017,MLI,IL,AGL,CE,Combined TRACON& Tower with Radar,16,24,22,2,64,0,0,21,0,21,16,24,43,2,85,50,0,50,135
11/08/2017,MLI,IL,AGL,CE,Combined TRACON& Tower with Radar,15,24,17,2,58,0,0,34,4,38,15,24,51,6,96,12,0,12,108
11/09/2017,MLI,IL,AGL,CE,Combined TRACON& Tower with Radar,16,29,17,1,63,0,0,5,0,5,16,29,22,1,68,4,0,4,72
11/10/2017,MLI,IL,AGL,CE,Combined TRACON& Tower with Radar,16,26,23,0,65,0,0,26,0,26,16,26,49,0,91,6,18,24,115
11/11/2017,MLI,IL,AGL,CE,Combined TRACON& Tower with Radar,15,14,7,0,36,0,0,16,0,16,15,14,23,0,52,14,0,14,66
11/12/2017,MLI,IL,AGL,CE,Combined TRACON& Tower with Radar,17,18,7,0,42,0,0,0,0,0,17,18,7,0,42,0,0,0,42
11/13/2017,MLI,IL,AGL,CE,Combined TRACON& Tower with Radar,19,23,7,2,51,0,0,1,0,1,19,23,8,2,52,0,0,0,52
11/14/2017,MLI,IL,AGL,CE,Combined TRACON& Tower with Radar,13,27,22,0,62,0,0,8,2,10,13,27,30,2,72,0,0,0,72
11/15/2017,MLI,IL,AGL,CE,Combined TRACON& Tower with Radar,17,34,13,6,70,0,0,3,2,5,17,34,16,8,75,20,12,32,107
11/16/2017,MLI,IL,AGL,CE,Combined TRACON& Tower with Radar,17,28,33,1,79,0,0,9,0,9,17,28,42,1,88,30,0,30,118
11/17/2017,MLI,IL,AGL,CE,Combined TRACON& Tower with Radar,13,27,24,2,66,0,0,1,0,1,13,27,25,2,67,0,0,0,67
11/18/2017,MLI,IL,AGL,CE,Combined TRACON& Tower with Radar,17,14,2,0,33,0,0,1,0,1,17,14,3,0,34,0,0,0,34
11/19/2017,MLI,IL,AGL,CE,Combined TRACON& Tower with Radar,18,20,12,0,50,0,0,17,0,17,18,20,29,0,67,0,0,0,67
11/20/2017,MLI,IL,AGL,CE,Combined TRACON& Tower with Radar,11,28,11,0,50,0,0,6,0,6,11,28,17,0,56,28,0,28,84
11/21/2017,MLI,IL,AGL,CE,Combined TRACON& Tower with Radar,21,28,22,0,71,0,0,16,0,16,21,28,38,0,87,32,0,32,119
11/22/2017,MLI,IL,AGL,CE,Combined TRACON& Tower with Radar,15,30,20,0,65,0,0,23,0,23,15,30,43,0,88,26,0,26,114
11/23/2017,MLI,IL,AGL,CE,Combined TRACON& Tower with Radar,10,11,3,0,24,0,0,7,0,7,10,11,10,0,31,12,0,12,43
11/24/2017,MLI,IL,AGL,CE,Combined TRACON& Tower with Radar,19,19,2,0,40,0,0,5,0,5,19,19,7,0,45,0,0,0,45
11/25/2017,MLI,IL,AGL,CE,Combined TRACON& Tower with Radar,16,24,3,0,43,0,0,15,0,15,16,24,18,0,58,10,0,10,68
11/26/2017,MLI,IL,AGL,CE,Combined TRACON& Tower with Radar,18,24,6,0,48,0,0,32,0,32,18,24,38,0,80,26,0,26,106
11/27/2017,MLI,IL,AGL,CE,Combined TRACON& Tower with Radar,18,26,19,0,63,0,0,7,0,7,18,26,26,0,70,20,0,20,90
11/28/2017,MLI,IL,AGL,CE,Combined TRACON& Tower with Radar,12,25,20,0,57,0,0,19,0,19,12,25,39,0,76,28,0,28,104
11/29/2017,MLI,IL,AGL,CE,Combined TRACON& Tower with Radar,14,23,11,1,49,0,0,28,0,28,14,23,39,1,77,36,0,36,113
11/30/2017,MLI,IL,AGL,CE,Combined TRACON& Tower with Radar,16,25,20,1,62,0,0,17,0,17,16,25,37,1,79,30,0,30,109
12/01/2017,MLI,IL,AGL,CE,Combined TRACON& Tower with Radar,13,25,19,0,57,0,0,30,2,32,13,25,49,2,89,12,0,12,101
12/02/2017,MLI,IL,AGL,CE,Combined TRACON& Tower with Radar,16,11,9,1,37,0,0,16,1,17,16,11,25,2,54,42,0,42,96
12/03/2017,MLI,IL,AGL,CE,Combined TRACON& Tower with Radar,18,20,19,0,57,0,0,21,0,21,18,20,40,0,78,56,0,56,134
12/04/2017,MLI,IL,AGL,CE,Combined TRACON& Tower with Radar,14,19,10,0,43,0,0,1,0,1,14,19,11,0,44,0,0,0,44
12/05/2017,MLI,IL,AGL,CE,Combined TRACON& Tower with Radar,14,24,24,0,62,0,0,4,0,4,14,24,28,0,66,10,0,10,76
12/06/2017,MLI,IL,AGL,CE,Combined TRACON& Tower with Radar,16,24,17,0,57,0,0,7,0,7,16,24,24,0,64,14,0,14,78
12/07/2017,MLI,IL,AGL,CE,Combined TRACON& Tower with Radar,15,19,24,0,58,0,0,16,0,16,15,19,40,0,74,20,0,20,94
12/08/2017,MLI,IL,AGL,CE,Combined TRACON& Tower with Radar,11,22,21,0,54,0,0,17,0,17,11,22,38,0,71,0,30,30,101
12/09/2017,MLI,IL,AGL,CE,Combined TRACON& Tower with Radar,15,11,3,0,29,0,0,9,0,9,15,11,12,0,38,8,0,8,46
12/10/2017,MLI,IL,AGL,CE,Combined TRACON& Tower with Radar,17,17,9,0,43,0,0,16,0,16,17,17,25,0,59,24,0,24,83
12/11/2017,MLI,IL,AGL,CE,Combined TRACON& Tower with Radar,14,21,23,0,58,0,0,6,0,6,14,21,29,0,64,8,0,8,72
12/12/2017,MLI,IL,AGL,CE,Combined TRACON& Tower with Radar,14,26,15,0,55,0,0,13,0,13,14,26,28,0,68,30,0,30,98
12/13/2017,MLI,IL,AGL,CE,Combined TRACON& Tower with Radar,18,33,20,0,71,0,0,2,0,2,18,33,22,0,73,0,0,0,73
12/14/2017,MLI,IL,AGL,CE,Combined TRACON& Tower with Radar,18,26,44,0,88,0,2,16,6,24,18,28,60,6,112,22,0,22,134
12/15/2017,MLI,IL,AGL,CE,Combined TRACON& Tower with Radar,16,22,11,0,49,0,0,8,0,8,16,22,19,0,57,16,0,16,73
12/16/2017,MLI,IL,AGL,CE,Combined TRACON& Tower with Radar,16,15,5,0,36,0,0,24,0,24,16,15,29,0,60,36,0,36,96
12/17/2017,MLI,IL,AGL,CE,Combined TRACON& Tower with Radar,15,17,12,0,44,0,0,5,0,5,15,17,17,0,49,20,0,20,69
12/18/2017,MLI,IL,AGL,CE,Combined TRACON& Tower with Radar,15,23,13,3,54,0,0,15,3,18,15,23,28,6,72,14,0,14,86
12/19/2017,MLI,IL,AGL,CE,Combined TRACON& Tower with Radar,13,29,21,0,63,0,0,31,0,31,13,29,52,0,94,42,0,42,136
12/20/2017,MLI,IL,AGL,CE,Combined TRACON& Tower with Radar,16,31,21,0,68,0,0,20,0,20,16,31,41,0,88,30,0,30,118
12/21/2017,MLI,IL,AGL,CE,Combined TRACON& Tower with Radar,15,25,20,0,60,0,0,8,0,8,15,25,28,0,68,0,0,0,68
12/22/2017,MLI,IL,AGL,CE,Combined TRACON& Tower with Radar,12,30,17,0,59,0,0,0,0,0,12,30,17,0,59,0,0,0,59
12/23/2017,MLI,IL,AGL,CE,Combined TRACON& Tower with Radar,16,16,3,0,35,0,0,8,0,8,16,16,11,0,43,12,0,12,55
12/24/2017,MLI,IL,AGL,CE,Combined TRACON& Tower with Radar,13,12,5,0,30,0,0,0,0,0,13,12,5,0,30,0,0,0,30
12/25/2017,MLI,IL,AGL,CE,Combined TRACON& Tower with Radar,11,15,0,0,26,0,0,0,0,0,11,15,0,0,26,0,0,0,26
12/26/2017,MLI,IL,AGL,CE,Combined TRACON& Tower with Radar,11,19,15,0,45,0,0,4,0,4,11,19,19,0,49,0,0,0,49
12/27/2017,MLI,IL,AGL,CE,Combined TRACON& Tower with Radar,14,21,9,0,44,0,0,7,0,7,14,21,16,0,51,0,0,0,51
12/28/2017,MLI,IL,AGL,CE,Combined TRACON& Tower with Radar,14,19,12,0,45,0,0,3,0,3,14,19,15,0,48,0,0,0,48
12/29/2017,MLI,IL,AGL,CE,Combined TRACON& Tower with Radar,12,17,19,0,48,0,0,0,0,0,12,17,19,0,48,0,0,0,48
12/30/2017,MLI,IL,AGL,CE,Combined TRACON& Tower with Radar,15,17,1,0,33,0,1,0,0,1,15,18,1,0,34,0,0,0,34
12/31/2017,MLI,IL,AGL,CE,Combined TRACON& Tower with Radar,11,15,5,0,31,0,0,4,0,4,11,15,9,0,35,0,0,0,35
01/01/2018,MLI,IL,AGL,CE,Combined TRACON& Tower with Radar,15,14,0,0,29,0,0,2,0,2,15,14,2,0,31,0,0,0,31
01/02/2018,MLI,IL,AGL,CE,Combined TRACON& Tower with Radar,8,22,20,0,50,0,0,3,0,3,8,22,23,0,53,0,0,0,53
01/03/2018,MLI,IL,AGL,CE,Combined TRACON& Tower with Radar,13,16,8,0,37,0,0,2,1,3,13,16,10,1,40,8,0,8,48
01/04/2018,MLI,IL,AGL,CE,Combined TRACON& Tower with Radar,13,22,13,0,48,0,0,7,0,7,13,22,20,0,55,4,0,4,59
01/05/2018,MLI,IL,AGL,CE,Combined TRACON& Tower with Radar,12,23,10,0,45,0,0,7,0,7,12,23,17,0,52,14,0,14,66
01/06/2018,MLI,IL,AGL,CE,Combined TRACON& Tower with Radar,11,22,3,0,36,0,0,4,0,4,11,22,7,0,40,0,0,0,40
01/07/2018,MLI,IL,AGL,CE,Combined TRACON& Tower with Radar,5,10,4,0,19,0,0,0,0,0,5,10,4,0,19,0,0,0,19
01/08/2018,MLI,IL,AGL,CE,Combined TRACON& Tower with Radar,12,18,12,0,42,0,0,11,0,11,12,18,23,0,53,42,0,42,95
01/09/2018,MLI,IL,AGL,CE,Combined TRACON& Tower with Radar,12,23,27,0,62,0,0,3,0,3,12,23,30,0,65,20,0,20,85
01/10/2018,MLI,IL,AGL,CE,Combined TRACON& Tower with Radar,18,27,30,2,77,0,0,0,0,0,18,27,30,2,77,0,0,0,77
01/11/2018,MLI,IL,AGL,CE,Combined TRACON& Tower with Radar,18,31,12,2,63,0,0,1,0,1,18,31,13,2,64,0,0,0,64
01/12/2018,MLI,IL,AGL,CE,Combined TRACON& Tower with Radar,15,35,15,0,65,0,0,3,0,3,15,35,18,0,68,46,0,46,114
01/13/2018,MLI,IL,AGL,CE,Combined TRACON& Tower with Radar,16,13,12,0,41,0,0,11,0,11,16,13,23,0,52,6,0,6,58
01/14/2018,MLI,IL,AGL,CE,Combined TRACON& Tower with Radar,16,17,8,0,41,0,0,4,0,4,16,17,12,0,45,0,0,0,45
01/15/2018,MLI,IL,AGL,CE,Combined TRACON& Tower with Radar,18,22,1,0,41,0,0,1,0,1,18,22,2,0,42,0,0,0,42
01/16/2018,MLI,IL,AGL,CE,Combined TRACON& Tower with Radar,10,30,21,0,61,0,0,4,0,4,10,30,25,0,65,0,0,0,65
01/17/2018,MLI,IL,AGL,CE,Combined TRACON& Tower with Radar,16,24,12,8,60,0,0,4,0,4,16,24,16,8,64,2,18,20,84
01/18/2018,MLI,IL,AGL,CE,Combined TRACON& Tower with Radar,17,33,17,0,67,0,0,9,0,9,17,33,26,0,76,0,12,12,88
01/19/2018,MLI,IL,AGL,CE,Combined TRACON& Tower with Radar,16,30,16,2,64,0,0,15,2,17,16,30,31,4,81,26,4,30,111
01/20/2018,MLI,IL,AGL,CE,Combined TRACON& Tower with Radar,16,16,10,0,42,0,0,8,0,8,16,16,18,0,50,66,0,66,116
01/21/2018,MLI,IL,AGL,CE,Combined TRACON& Tower with Radar,15,18,6,0,39,0,0,0,0,0,15,18,6,0,39,0,0,0,39
01/22/2018,MLI,IL,AGL,CE,Combined TRACON& Tower with Radar,14,25,8,0,47,0,0,0,0,0,14,25,8,0,47,0,0,0,47
01/23/2018,MLI,IL,AGL,CE,Combined TRACON& Tower with Radar,12,23,15,0,50,0,0,2,0,2,12,23,17,0,52,0,0,0,52
01/24/2018,MLI,IL,AGL,CE,Combined TRACON& Tower with Radar,17,29,8,2,56,0,0,8,0,8,17,29,16,2,64,54,0,54,118
01/25/2018,MLI,IL,AGL,CE,Combined TRACON& Tower with Radar,17,27,28,0,72,0,0,26,4,30,17,27,54,4,102,0,48,48,150
01/26/2018,MLI,IL,AGL,CE,Combined TRACON& Tower with Radar,15,26,23,0,64,0,0,6,1,7,15,26,29,1,71,0,0,0,71
01/27/2018,MLI,IL,AGL,CE,Combined TRACON& Tower with Radar,16,13,7,2,38,0,1,28,0,29,16,14,35,2,67,32,0,32,99
01/28/2018,MLI,IL,AGL,CE,Combined TRACON& Tower with Radar,18,20,4,0,42,0,0,6,0,6,18,20,10,0,48,4,0,4,52
01/29/2018,MLI,IL,AGL,CE,Combined TRACON& Tower with Radar,14,20,17,0,51,0,0,17,0,17,14,20,34,0,68,30,0,30,98
01/30/2018,MLI,IL,AGL,CE,Combined TRACON& Tower with Radar,12,25,20,0,57,0,0,11,2,13,12,25,31,2,70,0,0,0,70
01/31/2018,MLI,IL,AGL,CE,Combined TRACON& Tower with Radar,18,21,20,1,60,0,0,8,4,12,18,21,28,5,72,36,0,36,108
02/01/2018,MLI,IL,AGL,CE,Combined TRACON& Tower with Radar,18,22,17,0,57,0,0,11,0,11,18,22,28,0,68,0,0,0,68
02/02/2018,MLI,IL,AGL,CE,Combined TRACON& Tower with Radar,16,23,11,2,52,0,0,10,0,10,16,23,21,2,62,4,0,4,66
02/03/2018,MLI,IL,AGL,CE,Combined TRACON& Tower with Radar,15,14,4,0,33,0,0,3,0,3,15,14,7,0,36,10,0,10,46
02/04/2018,MLI,IL,AGL,CE,Combined TRACON& Tower with Radar,14,13,5,0,32,0,0,0,0,0,14,13,5,0,32,0,0,0,32
02/05/2018,MLI,IL,AGL,CE,Combined TRACON& Tower with Radar,16,18,7,0,41,0,0,0,0,0,16,18,7,0,41,0,0,0,41
02/06/2018,MLI,IL,AGL,CE,Combined TRACON& Tower with Radar,12,24,14,5,55,0,0,9,0,9,12,24,23,5,64,16,10,26,90
02/07/2018,MLI,IL,AGL,CE,Combined TRACON& Tower with Radar,18,23,11,2,54,0,0,1,0,1,18,23,12,2,55,0,4,4,59
02/08/2018,MLI,IL,AGL,CE,Combined TRACON& Tower with Radar,16,27,17,0,60,0,0,3,0,3,16,27,20,0,63,32,0,32,95
02/09/2018,MLI,IL,AGL,CE,Combined TRACON& Tower with Radar,16,16,5,0,37,0,0,0,0,0,16,16,5,0,37,0,0,0,37
02/10/2018,MLI,IL,AGL,CE,Combined TRACON& Tower with Radar,14,15,7,0,36,0,0,0,0,0,14,15,7,0,36,4,0,4,40
02/11/2018,MLI,IL,AGL,CE,Combined TRACON& Tower with Radar,18,19,5,0,42,0,0,0,0,0,18,19,5,0,42,0,0,0,42
02/12/2018,MLI,IL,AGL,CE,Combined TRACON& Tower with Radar,16,24,12,0,52,0,0,16,0,16,16,24,28,0,68,14,0,14,82
02/13/2018,MLI,IL,AGL,CE,Combined TRACON& Tower with Radar,14,22,14,0,50,0,0,21,0,21,14,22,35,0,71,0,40,40,111
02/14/2018,MLI,IL,AGL,CE,Combined TRACON& Tower with Radar,17,24,16,0,57,0,0,3,0,3,17,24,19,0,60,6,0,6,66
02/15/2018,MLI,IL,AGL,CE,Combined TRACON& Tower with Radar,21,21,16,2,60,0,0,2,0,2,21,21,18,2,62,48,0,48,110
02/16/2018,MLI,IL,AGL,CE,Combined TRACON& Tower with Radar,16,23,20,0,59,0,0,19,0,19,16,23,39,0,78,14,0,14,92
02/17/2018,MLI,IL,AGL,CE,Combined TRACON& Tower with Radar,18,16,7,0,41,0,0,6,0,6,18,16,13,0,47,0,0,0,47
02/18/2018,MLI,IL,AGL,CE,Combined TRACON& Tower with Radar,20,16,7,0,43,0,0,4,0,4,20,16,11,0,47,0,0,0,47
02/19/2018,MLI,IL,AGL,CE,Combined TRACON& Tower with Radar,16,22,9,0,47,0,0,0,0,0,16,22,9,0,47,0,0,0,47
02/20/2018,MLI,IL,AGL,CE,Combined TRACON& Tower with Radar,14,21,10,0,45,0,0,0,0,0,14,21,10,0,45,0,0,0,45
02/21/2018,MLI,IL,AGL,CE,Combined TRACON& Tower with Radar,20,22,16,0,58,0,0,18,0,18,20,22,34,0,76,26,0,26,102
02/22/2018,MLI,IL,AGL,CE,Combined TRACON& Tower with Radar,20,23,24,6,73,0,0,4,0,4,20,23,28,6,77,26,8,34,111
02/23/2018,MLI,IL,AGL,CE,Combined TRACON& Tower with Radar,16,30,15,0,61,0,0,4,0,4,16,30,19,0,65,56,0,56,121
02/24/2018,MLI,IL,AGL,CE,Combined TRACON& Tower with Radar,18,13,2,0,33,0,0,0,0,0,18,13,2,0,33,0,0,0,33
02/25/2018,MLI,IL,AGL,CE,Combined TRACON& Tower with Radar,20,20,23,0,63,0,0,5,0,5,20,20,28,0,68,26,0,26,94
02/26/2018,MLI,IL,AGL,CE,Combined TRACON& Tower with Radar,16,21,12,0,49,0,0,27,0,27,16,21,39,0,76,0,0,0,76
02/27/2018,MLI,IL,AGL,CE,Combined TRACON& Tower with Radar,15,29,21,17,82,0,0,17,0,17,15,29,38,17,99,18,16,34,133
02/28/2018,MLI,IL,AGL,CE,Combined TRACON& Tower with Radar,20,27,21,0,68,0,0,8,0,8,20,27,29,0,76,10,0,10,86
03/01/2018,MLI,IL,AGL,CE,Combined TRACON& Tower with Radar,22,25,17,0,64,0,0,16,0,16,22,25,33,0,80,34,0,34,114
03/02/2018,MLI,IL,AGL,CE,Combined TRACON& Tower with Radar,16,23,9,0,48,0,0,33,0,33,16,23,42,0,81,40,0,40,121
03/03/2018,MLI,IL,AGL,CE,Combined TRACON& Tower with Radar,18,12,7,2,39,0,0,31,0,31,18,12,38,2,70,8,2,10,80
03/04/2018,MLI,IL,AGL,CE,Combined TRACON& Tower with Radar,20,21,6,0,47,0,0,14,0,14,20,21,20,0,61,14,0,14,75
03/05/2018,MLI,IL,AGL,CE,Combined TRACON& Tower with Radar,15,19,9,2,45,0,0,0,0,0,15,19,9,2,45,0,0,0,45
03/06/2018,MLI,IL,AGL,CE,Combined TRACON& Tower with Radar,16,25,17,0,58,0,0,0,0,0,16,25,17,0,58,0,0,0,58
03/07/2018,MLI,IL,AGL,CE,Combined TRACON& Tower with Radar,22,27,26,0,75,0,0,11,2,13,22,27,37,2,88,24,4,28,116
03/08/2018,MLI,IL,AGL,CE,Combined TRACON& Tower with Radar,22,27,19,0,68,0,0,24,5,29,22,27,43,5,97,28,0,28,125
03/09/2018,MLI,IL,AGL,CE,Combined TRACON& Tower with Radar,14,26,11,0,51,0,0,27,0,27,14,26,38,0,78,48,0,48,126
03/10/2018,MLI,IL,AGL,CE,Combined TRACON& Tower with Radar,16,18,8,0,42,0,0,31,0,31,16,18,39,0,73,52,0,52,125
03/11/2018,MLI,IL,AGL,CE,Combined TRACON& Tower with Radar,17,22,5,0,44,0,0,10,0,10,17,22,15,0,54,6,0,6,60
03/12/2018,MLI,IL,AGL,CE,Combined TRACON& Tower with Radar,14,25,10,4,53,0,0,3,1,4,14,25,13,5,57,0,14,14,71
03/13/2018,MLI,IL,AGL,CE,Combined TRACON& Tower with Radar,16,22,23,0,61,0,1,7,0,8,16,23,30,0,69,8,0,8,77
03/14/2018,MLI,IL,AGL,CE,Combined TRACON& Tower with Radar,18,23,13,13,67,0,0,7,0,7,18,23,20,13,74,8,16,24,98
03/15/2018,MLI,IL,AGL,CE,Combined TRACON& Tower with Radar,20,27,29,0,76,0,0,24,1,25,20,27,53,1,101,30,0,30,131
03/16/2018,MLI,IL,AGL,CE,Combined TRACON& Tower with Radar,14,23,12,4,53,0,0,12,0,12,14,23,24,4,65,10,6,16,81
03/17/2018,MLI,IL,AGL,CE,Combined TRACON& Tower with Radar,16,19,8,0,43,0,0,5,0,5,16,19,13,0,48,10,0,10,58
03/18/2018,MLI,IL,AGL,CE,Combined TRACON& Tower with Radar,18,25,24,0,67,0,0,19,0,19,18,25,43,0,86,28,0,28,114
03/19/2018,MLI,IL,AGL,CE,Combined TRACON& Tower with Radar,13,23,12,0,48,0,0,8,0,8,13,23,20,0,56,4,0,4,60
03/20/2018,MLI,IL,AGL,CE,Combined TRACON& Tower with Radar,15,30,14,0,59,0,0,10,0,10,15,30,24,0,69,18,0,18,87
03/21/2018,MLI,IL,AGL,CE,Combined TRACON& Tower with Radar,18,26,28,1,73,0,0,20,0,20,18,26,48,1,93,16,0,16,109
03/22/2018,MLI,IL,AGL,CE,Combined TRACON& Tower with Radar,20,30,28,1,79,0,0,31,0,31,20,30,59,1,110,46,0,46,156
03/23/2018,MLI,IL,AGL,CE,Combined TRACON& Tower with Radar,14,26,19,0,59,0,0,10,0,10,14,26,29,0,69,24,0,24,93
03/24/2018,MLI,IL,AGL,CE,Combined TRACON& Tower with Radar,15,15,4,0,34,0,0,0,0,0,15,15,4,0,34,0,0,0,34
03/25/2018,MLI,IL,AGL,CE,Combined TRACON& Tower with Radar,18,22,8,0,48,0,0,8,0,8,18,22,16,0,56,0,0,0,56
03/26/2018,MLI,IL,AGL,CE,Combined TRACON& Tower with Radar,13,27,13,0,53,0,0,3,0,3,13,27,16,0,56,10,0,10,66
03/27/2018,MLI,IL,AGL,CE,Combined TRACON& Tower with Radar,16,25,39,3,83,0,0,0,0,0,16,25,39,3,83,20,0,20,103
03/28/2018,MLI,IL,AGL,CE,Combined TRACON& Tower with Radar,19,26,25,0,70,0,0,8,0,8,19,26,33,0,78,48,0,48,126
03/29/2018,MLI,IL,AGL,CE,Combined TRACON& Tower with Radar,19,24,16,0,59,0,0,24,1,25,19,24,40,1,84,48,0,48,132
03/30/2018,MLI,IL,AGL,CE,Combined TRACON& Tower with Radar,14,23,19,0,56,0,0,21,0,21,14,23,40,0,77,34,0,34,111
03/31/2018,MLI,IL,AGL,CE,Combined TRACON& Tower with Radar,16,15,6,0,37,0,0,2,0,2,16,15,8,0,39,0,0,0,39
04/01/2018,MLI,IL,AGL,CE,Combined TRACON& Tower with Radar,17,20,11,0,48,0,0,8,0,8,17,20,19,0,56,0,0,0,56
04/02/2018,MLI,IL,AGL,CE,Combined TRACON& Tower with Radar,14,24,22,2,62,0,0,12,0,12,14,24,34,2,74,0,0,0,74
04/03/2018,MLI,IL,AGL,CE,Combined TRACON& Tower with Radar,13,27,17,0,57,0,0,0,0,0,13,27,17,0,57,0,0,0,57
04/04/2018,MLI,IL,AGL,CE,Combined TRACON& Tower with Radar,18,26,25,2,71,0,0,11,0,11,18,26,36,2,82,28,24,52,134
04/05/2018,MLI,IL,AGL,CE,Combined TRACON& Tower with Radar,19,25,23,6,73,0,0,10,2,12,19,25,33,8,85,30,0,30,115
04/06/2018,MLI,IL,AGL,CE,Combined TRACON& Tower with Radar,19,28,18,0,65,0,0,2,0,2,19,28,20,0,67,4,0,4,71
04/07/2018,MLI,IL,AGL,CE,Combined TRACON& Tower with Radar,14,16,12,0,42,0,1,44,0,45,14,17,56,0,87,42,0,42,129
04/08/2018,MLI,IL,AGL,CE,Combined TRACON& Tower with Radar,18,27,3,0,48,0,0,6,0,6,18,27,9,0,54,26,0,26,80
04/09/2018,MLI,IL,AGL,CE,Combined TRACON& Tower with Radar,10,31,16,0,57,0,0,0,0,0,10,31,16,0,57,0,0,0,57
04/10/2018,MLI,IL,AGL,CE,Combined TRACON& Tower with Radar,9,33,27,0,69,0,0,19,1,20,9,33,46,1,89,18,0,18,107
04/11/2018,MLI,IL,AGL,CE,Combined TRACON& Tower with Radar,16,28,21,0,65,0,0,14,2,16,16,28,35,2,81,26,0,26,107
04/12/2018,MLI,IL,AGL,CE,Combined TRACON& Tower with Radar,16,27,27,3,73,0,0,17,0,17,16,27,44,3,90,10,0,10,100
04/13/2018,MLI,IL,AGL,CE,Combined TRACON& Tower with Radar,9,29,19,5,62,0,0,9,0,9,9,29,28,5,71,18,0,18,89
04/14/2018,MLI,IL,AGL,CE,Combined TRACON& Tower with Radar,11,18,1,0,30,0,0,0,0,0,11,18,1,0,30,0,0,0,30
04/15/2018,MLI,IL,AGL,CE,Combined TRACON& Tower with Radar,16,35,11,0,62,0,0,0,0,0,16,35,11,0,62,0,0,0,62
04/16/2018,MLI,IL,AGL,CE,Combined TRACON& Tower with Radar,9,38,13,2,62,0,0,0,0,0,9,38,13,2,62,0,0,0,62
04/17/2018,MLI,IL,AGL,CE,Combined TRACON& Tower with Radar,10,34,14,2,60,0,0,27,0,27,10,34,41,2,87,20,0,20,107
04/18/2018,MLI,IL,AGL,CE,Combined TRACON& Tower with Radar,14,33,6,0,53,0,0,1,0,1,14,33,7,0,54,0,0,0,54
04/19/2018,MLI,IL,AGL,CE,Combined TRACON& Tower with Radar,16,34,13,0,63,0,0,25,0,25,16,34,38,0,88,40,0,40,128
04/20/2018,MLI,IL,AGL,CE,Combined TRACON& Tower with Radar,12,25,24,5,66,0,0,33,0,33,12,25,57,5,99,50,2,52,151
04/21/2018,MLI,IL,AGL,CE,Combined TRACON& Tower with Radar,11,21,4,0,36,0,0,20,0,20,11,21,24,0,56,40,0,40,96
04/22/2018,MLI,IL,AGL,CE,Combined TRACON& Tower with Radar,17,28,14,0,59,0,0,17,2,19,17,28,31,2,78,34,0,34,112
04/23/2018,MLI,IL,AGL,CE,Combined TRACON& Tower with Radar,10,32,10,0,52,0,0,33,1,34,10,32,43,1,86,58,6,64,150
04/24/2018,MLI,IL,AGL,CE,Combined TRACON& Tower with Radar,12,29,21,0,62,0,0,18,0,18,12,29,39,0,80,0,0,0,80
04/25/2018,MLI,IL,AGL,CE,Combined TRACON& Tower with Radar,17,32,18,0,67,0,1,17,8,26,17,33,35,8,93,30,0,30,123
04/26/2018,MLI,IL,AGL,CE,Combined TRACON& Tower with Radar,19,31,19,2,71,0,0,32,2,34,19,31,51,4,105,28,0,28,133
04/27/2018,MLI,IL,AGL,CE,Combined TRACON& Tower with Radar,12,43,21,0,76,0,0,10,0,10,12,43,31,0,86,12,0,12,98
04/28/2018,MLI,IL,AGL,CE,Combined TRACON& Tower with Radar,13,16,6,0,35,0,0,24,0,24,13,16,30,0,59,16,0,16,75
04/29/2018,MLI,IL,AGL,CE,Combined TRACON& Tower with Radar,18,32,7,0,57,0,0,16,0,16,18,32,23,0,73,12,0,12,85
04/30/2018,MLI,IL,AGL,CE,Combined TRACON& Tower with Radar,11,33,17,1,62,0,0,7,3,10,11,33,24,4,72,0,14,14,86
05/01/2018,MLI,IL,AGL,CE,Combined TRACON& Tower with Radar,13,30,15,0,58,0,0,0,0,0,13,30,15,0,58,0,0,0,58
05/02/2018,MLI,IL,AGL,CE,Combined TRACON& Tower with Radar,15,27,22,6,70,0,0,3,0,3,15,27,25,6,73,0,0,0,73
05/03/2018,MLI,IL,AGL,CE,Combined TRACON& Tower with Radar,16,32,15,3,66,0,0,0,0,0,16,32,15,3,66,0,4,4,70
05/04/2018,MLI,IL,AGL,CE,Combined TRACON& Tower with Radar,11,34,14,3,62,0,0,21,0,21,11,34,35,3,83,38,0,38,121
05/05/2018,MLI,IL,AGL,CE,Combined TRACON& Tower with Radar,15,17,6,0,38,0,0,40,0,40,15,17,46,0,78,78,0,78,156
05/06/2018,MLI,IL,AGL,CE,Combined TRACON& Tower with Radar,19,21,8,2,50,0,0,22,0,22,19,21,30,2,72,30,0,30,102
05/07/2018,MLI,IL,AGL,CE,Combined TRACON& Tower with Radar,12,23,9,3,47,0,0,20,1,21,12,23,29,4,68,0,0,0,68
05/08/2018,MLI,IL,AGL,CE,Combined TRACON& Tower with Radar,12,30,13,1,56,0,0,13,1,14,12,30,26,2,70,0,0,0,70
05/09/2018,MLI,IL,AGL,CE,Combined TRACON& Tower with Radar,21,27,29,0,77,0,0,9,2,11,21,27,38,2,88,4,8,12,100
05/10/2018,MLI,IL,AGL,CE,Combined TRACON& Tower with Radar,19,24,21,0,64,0,0,29,0,29,19,24,50,0,93,20,0,20,113
05/11/2018,MLI,IL,AGL,CE,Combined TRACON& Tower with Radar,14,32,22,5,73,0,0,5,0,5,14,32,27,5,78,14,2,16,94
05/12/2018,MLI,IL,AGL,CE,Combined TRACON& Tower with Radar,14,16,3,0,33,0,0,0,0,0,14,16,3,0,33,0,0,0,33
05/13/2018,MLI,IL,AGL,CE,Combined TRACON& Tower with Radar,21,20,11,0,52,0,0,3,0,3,21,20,14,0,55,0,0,0,55
05/14/2018,MLI,IL,AGL,CE,Combined TRACON& Tower with Radar,12,27,11,0,50,0,0,3,0,3,12,27,14,0,53,24,0,24,77
05/15/2018,MLI,IL,AGL,CE,Combined TRACON& Tower with Radar,13,27,12,0,52,0,0,15,2,17,13,27,27,2,69,0,14,14,83
05/16/2018,MLI,IL,AGL,CE,Combined TRACON& Tower with Radar,17,30,14,0,61,0,0,34,0,34,17,30,48,0,95,14,0,14,109
05/17/2018,MLI,IL,AGL,CE,Combined TRACON& Tower with Radar,17,29,23,0,69,0,0,22,0,22,17,29,45,0,91,30,0,30,121
05/18/2018,MLI,IL,AGL,CE,Combined TRACON& Tower with Radar,17,26,27,1,71,0,0,22,0,22,17,26,49,1,93,16,0,16,109
05/19/2018,MLI,IL,AGL,CE,Combined TRACON& Tower with Radar,18,16,15,5,54,0,2,9,5,16,18,18,24,10,70,44,8,52,122
05/20/2018,MLI,IL,AGL,CE,Combined TRACON& Tower with Radar,17,21,11,0,49,0,0,2,0,2,17,21,13,0,51,0,0,0,51
05/21/2018,MLI,IL,AGL,CE,Combined TRACON& Tower with Radar,15,29,18,0,62,0,0,4,0,4,15,29,22,0,66,12,0,12,78
05/22/2018,MLI,IL,AGL,CE,Combined TRACON& Tower with Radar,14,27,22,0,63,0,0,16,0,16,14,27,38,0,79,14,0,14,93
05/23/2018,MLI,IL,AGL,CE,Combined TRACON& Tower with Radar,17,26,20,0,63,0,0,27,2,29,17,26,47,2,92,6,0,6,98
05/24/2018,MLI,IL,AGL,CE,Combined TRACON& Tower with Radar,18,28,24,2,72,0,0,29,0,29,18,28,53,2,101,38,0,38,139
05/25/2018,MLI,IL,AGL,CE,Combined TRACON& Tower with Radar,12,26,8,0,46,0,0,18,0,18,12,26,26,0,64,10,0,10,74
05/26/2018,MLI,IL,AGL,CE,Combined TRACON& Tower with Radar,10,17,4,0,31,0,0,26,0,26,10,17,30,0,57,12,0,12,69
05/27/2018,MLI,IL,AGL,CE,Combined TRACON& Tower with Radar,12,20,10,0,42,0,0,11,0,11,12,20,21,0,53,8,0,8,61
05/28/2018,MLI,IL,AGL,CE,Combined TRACON& Tower with Radar,11,25,13,0,49,0,0,8,0,8,11,25,21,0,57,6,0,6,63
05/29/2018,MLI,IL,AGL,CE,Combined TRACON& Tower with Radar,13,30,20,0,63,0,0,14,0,14,13,30,34,0,77,24,0,24,101
05/30/2018,MLI,IL,AGL,CE,Combined TRACON& Tower with Radar,17,28,15,2,62,0,1,17,0,18,17,29,32,2,80,24,0,24,104
05/31/2018,MLI,IL,AGL,CE,Combined TRACON& Tower with Radar,17,26,17,0,60,0,0,20,0,20,17,26,37,0,80,24,0,24,104
06/01/2018,MLI,IL,AGL,CE,Combined TRACON& Tower with Radar,16,31,26,0,73,0,0,30,0,30,16,31,56,0,103,44,0,44,147
06/02/2018,MLI,IL,AGL,CE,Combined TRACON& Tower with Radar,15,15,8,0,38,0,0,14,0,14,15,15,22,0,52,16,0,16,68
06/03/2018,MLI,IL,AGL,CE,Combined TRACON& Tower with Radar,17,18,10,0,45,0,0,3,0,3,17,18,13,0,48,0,0,0,48
06/04/2018,MLI,IL,AGL,CE,Combined TRACON& Tower with Radar,17,28,18,2,65,0,0,26,0,26,17,28,44,2,91,30,0,30,121
06/05/2018,MLI,IL,AGL,CE,Combined TRACON& Tower with Radar,11,27,16,4,58,0,0,26,0,26,11,27,42,4,84,26,0,26,110
06/06/2018,MLI,IL,AGL,CE,Combined TRACON& Tower with Radar,12,27,14,8,61,0,0,11,0,11,12,27,25,8,72,8,14,22,94
06/07/2018,MLI,IL,AGL,CE,Combined TRACON& Tower with Radar,20,29,27,0,76,0,2,37,0,39,20,31,64,0,115,40,0,40,155
06/08/2018,MLI,IL,AGL,CE,Combined TRACON& Tower with Radar,14,19,14,0,47,0,0,15,0,15,14,19,29,0,62,14,0,14,76
06/09/2018,MLI,IL,AGL,CE,Combined TRACON& Tower with Radar,16,13,11,0,40,0,0,15,0,15,16,13,26,0,55,20,0,20,75
06/10/2018,MLI,IL,AGL,CE,Combined TRACON& Tower with Radar,16,21,19,0,56,0,0,4,0,4,16,21,23,0,60,38,0,38,98
06/11/2018,MLI,IL,AGL,CE,Combined TRACON& Tower with Radar,15,26,17,0,58,0,0,8,0,8,15,26,25,0,66,50,0,50,116
06/12/2018,MLI,IL,AGL,CE,Combined TRACON& Tower with Radar,15,27,25,0,67,0,0,3,0,3,15,27,28,0,70,4,0,4,74
06/13/2018,MLI,IL,AGL,CE,Combined TRACON& Tower with Radar,17,23,20,7,67,0,0,33,0,33,17,23,53,7,100,34,10,44,144
06/14/2018,MLI,IL,AGL,CE,Combined TRACON& Tower with Radar,17,24,19,2,62,0,0,11,1,12,17,24,30,3,74,26,0,26,100
06/15/2018,MLI,IL,AGL,CE,Combined TRACON& Tower with Radar,15,25,16,0,56,0,0,12,0,12,15,25,28,0,68,12,0,12,80
06/16/2018,MLI,IL,AGL,CE,Combined TRACON& Tower with Radar,15,15,6,0,36,0,1,11,0,12,15,16,17,0,48,42,0,42,90
06/17/2018,MLI,IL,AGL,CE,Combined TRACON& Tower with Radar,17,18,12,2,49,0,0,17,0,17,17,18,29,2,66,24,0,24,90
06/18/2018,MLI,IL,AGL,CE,Combined TRACON& Tower with Radar,15,30,11,0,56,0,1,13,0,14,15,31,24,0,70,20,0,20,90
06/19/2018,MLI,IL,AGL,CE,Combined TRACON& Tower with Radar,14,19,11,0,44,0,0,1,0,1,14,19,12,0,45,0,0,0,45
06/20/2018,MLI,IL,AGL,CE,Combined TRACON& Tower with Radar,17,25,10,0,52,0,0,2,0,2,17,25,12,0,54,2,0,2,56
06/21/2018,MLI,IL,AGL,CE,Combined TRACON& Tower with Radar,16,27,23,0,66,0,0,0,0,0,16,27,23,0,66,14,0,14,80
06/22/2018,MLI,IL,AGL,CE,Combined TRACON& Tower with Radar,16,31,24,0,71,0,0,3,0,3,16,31,27,0,74,0,0,0,74
06/23/2018,MLI,IL,AGL,CE,Combined TRACON& Tower with Radar,16,15,4,0,35,0,0,15,0,15,16,15,19,0,50,34,0,34,84
06/24/2018,MLI,IL,AGL,CE,Combined TRACON& Tower with Radar,18,21,17,0,56,0,0,23,0,23,18,21,40,0,79,48,0,48,127
06/25/2018,MLI,IL,AGL,CE,Combined TRACON& Tower with Radar,14,28,8,0,50,0,0,9,0,9,14,28,17,0,59,12,0,12,71
06/26/2018,MLI,IL,AGL,CE,Combined TRACON& Tower with Radar,14,18,18,0,50,0,0,2,0,2,14,18,20,0,52,22,0,22,74
06/27/2018,MLI,IL,AGL,CE,Combined TRACON& Tower with Radar,20,28,33,2,83,0,0,19,0,19,20,28,52,2,102,44,0,44,146
06/28/2018,MLI,IL,AGL,CE,Combined TRACON& Tower with Radar,17,24,23,2,66,0,0,16,0,16,17,24,39,2,82,0,10,10,92
06/29/2018,MLI,IL,AGL,CE,Combined TRACON& Tower with Radar,16,27,12,0,55,0,0,21,0,21,16,27,33,0,76,12,0,12,88
06/30/2018,MLI,IL,AGL,CE,Combined TRACON& Tower with Radar,16,15,11,0,42,0,0,17,0,17,16,15,28,0,59,22,0,22,81
07/01/2018,MLI,IL,AGL,CE,Combined TRACON& Tower with Radar,21,12,5,0,38,0,0,8,0,8,21,12,13,0,46,0,0,0,46
07/02/2018,MLI,IL,AGL,CE,Combined TRACON& Tower with Radar,16,14,20,0,50,0,0,31,0,31,16,14,51,0,81,64,0,64,145
07/03/2018,MLI,IL,AGL,CE,Combined TRACON& Tower with Radar,11,16,27,0,54,0,0,17,0,17,11,16,44,0,71,18,0,18,89
07/04/2018,MLI,IL,AGL,CE,Combined TRACON& Tower with Radar,13,13,1,0,27,0,0,21,1,22,13,13,22,1,49,0,0,0,49
07/05/2018,MLI,IL,AGL,CE,Combined TRACON& Tower with Radar,16,19,17,0,52,0,0,17,0,17,16,19,34,0,69,36,0,36,105
07/06/2018,MLI,IL,AGL,CE,Combined TRACON& Tower with Radar,14,18,11,0,43,0,0,18,0,18,14,18,29,0,61,44,0,44,105
07/07/2018,MLI,IL,AGL,CE,Combined TRACON& Tower with Radar,17,17,2,0,36,0,0,45,0,45,17,17,47,0,81,26,0,26,107
07/08/2018,MLI,IL,AGL,CE,Combined TRACON& Tower with Radar,19,27,11,0,57,0,0,35,0,35,19,27,46,0,92,20,0,20,112
07/09/2018,MLI,IL,AGL,CE,Combined TRACON& Tower with Radar,18,35,39,0,92,0,0,16,0,16,18,35,55,0,108,44,0,44,152
07/10/2018,MLI,IL,AGL,CE,Combined TRACON& Tower with Radar,16,30,29,5,80,0,0,21,0,21,16,30,50,5,101,12,8,20,121
07/11/2018,MLI,IL,AGL,CE,Combined TRACON& Tower with Radar,20,31,30,0,81,0,0,28,1,29,20,31,58,1,110,44,0,44,154
07/12/2018,MLI,IL,AGL,CE,Combined TRACON& Tower with Radar,19,34,39,0,92,0,0,24,0,24,19,34,63,0,116,16,0,16,132
07/13/2018,MLI,IL,AGL,CE,Combined TRACON& Tower with Radar,17,26,22,0,65,0,0,23,0,23,17,26,45,0,88,12,0,12,100
07/14/2018,MLI,IL,AGL,CE,Combined TRACON& Tower with Radar,18,20,10,0,48,0,0,14,0,14,18,20,24,0,62,4,0,4,66
07/15/2018,MLI,IL,AGL,CE,Combined TRACON& Tower with Radar,20,36,24,0,80,0,0,1,0,1,20,36,25,0,81,12,0,12,93
07/16/2018,MLI,IL,AGL,CE,Combined TRACON& Tower with Radar,16,26,16,2,60,0,0,21,0,21,16,26,37,2,81,13,17,30,111
07/17/2018,MLI,IL,AGL,CE,Combined TRACON& Tower with Radar,16,25,25,1,67,0,0,39,0,39,16,25,64,1,106,26,0,26,132
07/18/2018,MLI,IL,AGL,CE,Combined TRACON& Tower with Radar,19,29,27,14,89,0,0,17,0,17,19,29,44,14,106,44,24,68,174
07/19/2018,MLI,IL,AGL,CE,Combined TRACON& Tower with Radar,17,24,19,1,61,0,0,2,0,2,17,24,21,1,63,0,0,0,63
07/20/2018,MLI,IL,AGL,CE,Combined TRACON& Tower with Radar,17,23,19,0,59,0,0,10,0,10,17,23,29,0,69,0,0,0,69
07/21/2018,MLI,IL,AGL,CE,Combined TRACON& Tower with Radar,16,15,16,0,47,0,0,13,0,13,16,15,29,0,60,6,0,6,66
07/22/2018,MLI,IL,AGL,CE,Combined TRACON& Tower with Radar,17,22,15,0,54,0,0,11,0,11,17,22,26,0,65,12,0,12,77
07/23/2018,MLI,IL,AGL,CE,Combined TRACON& Tower with Radar,16,23,21,0,60,0,0,23,0,23,16,23,44,0,83,38,0,38,121
07/24/2018,MLI,IL,AGL,CE,Combined TRACON& Tower with Radar,15,24,17,0,56,0,0,26,0,26,15,24,43,0,82,0,0,0,82
07/25/2018,MLI,IL,AGL,CE,Combined TRACON& Tower with Radar,19,29,26,6,80,0,0,21,0,21,19,29,47,6,101,24,10,34,135
07/26/2018,MLI,IL,AGL,CE,Combined TRACON& Tower with Radar,20,23,25,0,68,0,0,29,0,29,20,23,54,0,97,10,0,10,107
07/27/2018,MLI,IL,AGL,CE,Combined TRACON& Tower with Radar,17,23,16,0,56,0,0,25,0,25,17,23,41,0,81,8,0,8,89
07/28/2018,MLI,IL,AGL,CE,Combined TRACON& Tower with Radar,17,19,6,0,42,0,0,25,3,28,17,19,31,3,70,28,0,28,98
07/29/2018,MLI,IL,AGL,CE,Combined TRACON& Tower with Radar,18,19,8,0,45,0,1,16,0,17,18,20,24,0,62,6,0,6,68
07/30/2018,MLI,IL,AGL,CE,Combined TRACON& Tower with Radar,19,25,16,0,60,0,0,33,2,35,19,25,49,2,95,80,0,80,175
07/31/2018,MLI,IL,AGL,CE,Combined TRACON& Tower with Radar,15,24,12,0,51,0,0,33,0,33,15,24,45,0,84,38,0,38,122
08/01/2018,MLI,IL,AGL,CE,Combined TRACON& Tower with Radar,19,22,19,0,60,0,2,17,1,20,19,24,36,1,80,12,0,12,92
08/02/2018,MLI,IL,AGL,CE,Combined TRACON& Tower with Radar,20,22,21,1,64,0,0,13,1,14,20,22,34,2,78,24,0,24,102
08/03/2018,MLI,IL,AGL,CE,Combined TRACON& Tower with Radar,16,28,14,13,71,0,0,31,0,31,16,28,45,13,102,22,12,34,136
08/04/2018,MLI,IL,AGL,CE,Combined TRACON& Tower with Radar,17,17,11,0,45,0,0,23,2,25,17,17,34,2,70,12,0,12,82
08/05/2018,MLI,IL,AGL,CE,Combined TRACON& Tower with Radar,19,19,12,1,51,0,0,11,0,11,19,19,23,1,62,14,0,14,76
08/06/2018,MLI,IL,AGL,CE,Combined TRACON& Tower with Radar,17,22,12,0,51,0,0,7,2,9,17,22,19,2,60,0,0,0,60
08/07/2018,MLI,IL,AGL,CE,Combined TRACON& Tower with Radar,15,25,17,0,57,0,0,1,0,1,15,25,18,0,58,0,0,0,58
08/08/2018,MLI,IL,AGL,CE,Combined TRACON& Tower with Radar,18,26,20,1,65,0,0,20,0,20,18,26,40,1,85,58,0,58,143
08/09/2018,MLI,IL,AGL,CE,Combined TRACON& Tower with Radar,18,25,24,1,68,0,0,22,0,22,18,25,46,1,90,2,0,2,92
08/10/2018,MLI,IL,AGL,CE,Combined TRACON& Tower with Radar,16,28,16,0,60,0,0,9,0,9,16,28,25,0,69,7,0,7,76
08/11/2018,MLI,IL,AGL,CE,Combined TRACON& Tower with Radar,17,16,9,0,42,0,0,17,0,17,17,16,26,0,59,6,0,6,65
08/12/2018,MLI,IL,AGL,CE,Combined TRACON& Tower with Radar,19,23,13,0,55,0,0,24,0,24,19,23,37,0,79,12,0,12,91
08/13/2018,MLI,IL,AGL,CE,Combined TRACON& Tower with Radar,17,24,12,2,55,0,0,25,0,25,17,24,37,2,80,16,0,16,96
08/14/2018,MLI,IL,AGL,CE,Combined TRACON& Tower with Radar,15,23,18,0,56,0,0,21,0,21,15,23,39,0,77,10,0,10,87
08/15/2018,MLI,IL,AGL,CE,Combined TRACON& Tower with Radar,15,29,15,2,61,0,0,3,0,3,15,29,18,2,64,32,0,32,96
08/16/2018,MLI,IL,AGL,CE,Combined TRACON& Tower with Radar,16,28,25,2,71,0,0,5,0,5,16,28,30,2,76,14,0,14,90
08/17/2018,MLI,IL,AGL,CE,Combined TRACON& Tower with Radar,15,25,17,0,57,0,1,4,0,5,15,26,21,0,62,0,0,0,62
08/18/2018,MLI,IL,AGL,CE,Combined TRACON& Tower with Radar,13,13,7,0,33,0,0,17,0,17,13,13,24,0,50,30,0,30,80
08/19/2018,MLI,IL,AGL,CE,Combined TRACON& Tower with Radar,15,18,11,0,44,0,0,20,0,20,15,18,31,0,64,36,0,36,100
08/20/2018,MLI,IL,AGL,CE,Combined TRACON& Tower with Radar,18,23,14,0,55,0,0,5,0,5,18,23,19,0,60,0,0,0,60
08/21/2018,MLI,IL,AGL,CE,Combined TRACON& Tower with Radar,15,28,17,0,60,0,0,3,0,3,15,28,20,0,63,50,0,50,113
08/22/2018,MLI,IL,AGL,CE,Combined TRACON& Tower with Radar,15,40,24,0,79,0,0,23,0,23,15,40,47,0,102,38,0,38,140
08/23/2018,MLI,IL,AGL,CE,Combined TRACON& Tower with Radar,16,26,23,0,65,0,0,17,0,17,16,26,40,0,82,20,0,20,102
08/24/2018,MLI,IL,AGL,CE,Combined TRACON& Tower with Radar,12,29,16,0,57,0,0,0,0,0,12,29,16,0,57,0,0,0,57
08/25/2018,MLI,IL,AGL,CE,Combined TRACON& Tower with Radar,14,17,8,0,39,0,0,8,0,8,14,17,16,0,47,0,0,0,47
08/26/2018,MLI,IL,AGL,CE,Combined TRACON& Tower with Radar,15,23,7,0,45,0,0,14,0,14,15,23,21,0,59,32,0,32,91
08/27/2018,MLI,IL,AGL,CE,Combined TRACON& Tower with Radar,15,33,12,0,60,0,0,14,0,14,15,33,26,0,74,14,0,14,88
08/28/2018,MLI,IL,AGL,CE,Combined TRACON& Tower with Radar,15,26,13,0,54,0,0,2,0,2,15,26,15,0,56,0,0,0,56
08/29/2018,MLI,IL,AGL,CE,Combined TRACON& Tower with Radar,19,37,35,1,92,0,0,22,1,23,19,37,57,2,115,42,0,42,157
08/30/2018,MLI,IL,AGL,CE,Combined TRACON& Tower with Radar,17,24,21,0,62,0,0,28,0,28,17,24,49,0,90,6,0,6,96
08/31/2018,MLI,IL,AGL,CE,Combined TRACON& Tower with Radar,13,27,15,0,55,0,0,17,0,17,13,27,32,0,72,2,0,2,74
09/01/2018,MLI,IL,AGL,CE,Combined TRACON& Tower with Radar,13,11,5,0,29,0,0,2,0,2,13,11,7,0,31,0,0,0,31
09/02/2018,MLI,IL,AGL,CE,Combined TRACON& Tower with Radar,11,16,9,0,36,0,0,6,0,6,11,16,15,0,42,4,0,4,46
09/03/2018,MLI,IL,AGL,CE,Combined TRACON& Tower with Radar,12,21,11,0,44,0,0,15,0,15,12,21,26,0,59,26,0,26,85
09/04/2018,MLI,IL,AGL,CE,Combined TRACON& Tower with Radar,14,24,21,0,59,0,0,22,0,22,14,24,43,0,81,14,0,14,95
09/05/2018,MLI,IL,AGL,CE,Combined TRACON& Tower with Radar,13,28,20,0,61,0,0,3,0,3,13,28,23,0,64,6,0,6,70
09/06/2018,MLI,IL,AGL,CE,Combined TRACON& Tower with Radar,14,28,24,0,66,0,1,2,0,3,14,29,26,0,69,0,0,0,69
09/07/2018,MLI,IL,AGL,CE,Combined TRACON& Tower with Radar,11,30,29,0,70,0,0,2,0,2,11,30,31,0,72,0,0,0,72
09/08/2018,MLI,IL,AGL,CE,Combined TRACON& Tower with Radar,14,18,7,19,58,0,0,22,6,28,14,18,29,25,86,42,20,62,148
09/09/2018,MLI,IL,AGL,CE,Combined TRACON& Tower with Radar,15,31,12,0,58,0,0,24,0,24,15,31,36,0,82,22,0,22,104
09/10/2018,MLI,IL,AGL,CE,Combined TRACON& Tower with Radar,13,29,8,0,50,0,0,30,0,30,13,29,38,0,80,74,0,74,154
09/11/2018,MLI,IL,AGL,CE,Combined TRACON& Tower with Radar,14,25,28,0,67,0,0,26,0,26,14,25,54,0,93,28,0,28,121
09/12/2018,MLI,IL,AGL,CE,Combined TRACON& Tower with Radar,14,32,27,2,75,0,1,24,2,27,14,33,51,4,102,38,8,46,148
09/13/2018,MLI,IL,AGL,CE,Combined TRACON& Tower with Radar,15,30,10,1,56,0,0,33,0,33,15,30,43,1,89,28,0,28,117
09/14/2018,MLI,IL,AGL,CE,Combined TRACON& Tower with Radar,14,28,11,0,53,0,1,25,0,26,14,29,36,0,79,24,0,24,103
09/15/2018,MLI,IL,AGL,CE,Combined TRACON& Tower with Radar,14,20,6,0,40,0,0,37,0,37,14,20,43,0,77,26,0,26,103
09/16/2018,MLI,IL,AGL,CE,Combined TRACON& Tower with Radar,18,22,12,0,52,0,0,15,0,15,18,22,27,0,67,10,0,10,77
09/17/2018,MLI,IL,AGL,CE,Combined TRACON& Tower with Radar,13,25,16,0,54,0,0,23,1,24,13,25,39,1,78,72,0,72,150
09/18/2018,MLI,IL,AGL,CE,Combined TRACON& Tower with Radar,13,22,16,0,51,0,1,4,1,6,13,23,20,1,57,0,0,0,57
09/19/2018,MLI,IL,AGL,CE,Combined TRACON& Tower with Radar,13,31,16,0,60,0,0,8,0,8,13,31,24,0,68,4,0,4,72
09/20/2018,MLI,IL,AGL,CE,Combined TRACON& Tower with Radar,15,35,23,6,79,0,0,8,0,8,15,35,31,6,87,0,0,0,87
09/21/2018,MLI,IL,AGL,CE,Combined TRACON& Tower with Radar,14,33,20,7,74,0,0,5,0,5,14,33,25,7,79,6,0,6,85
09/22/2018,MLI,IL,AGL,CE,Combined TRACON& Tower with Radar,13,21,14,0,48,0,0,33,0,33,13,21,47,0,81,47,0,47,128
09/23/2018,MLI,IL,AGL,CE,Combined TRACON& Tower with Radar,16,27,6,0,49,0,0,26,0,26,16,27,32,0,75,54,0,54,129
09/24/2018,MLI,IL,AGL,CE,Combined TRACON& Tower with Radar,14,34,25,0,73,0,0,18,0,18,14,34,43,0,91,34,0,34,125
09/25/2018,MLI,IL,AGL,CE,Combined TRACON& Tower with Radar,13,24,16,4,57,0,0,8,0,8,13,24,24,4,65,0,34,34,99
09/26/2018,MLI,IL,AGL,CE,Combined TRACON& Tower with Radar,14,26,20,0,60,0,0,26,0,26,14,26,46,0,86,46,0,46,132
09/27/2018,MLI,IL,AGL,CE,Combined TRACON& Tower with Radar,16,33,26,0,75,0,1,43,1,45,16,34,69,1,120,20,0,20,140
09/28/2018,MLI,IL,AGL,CE,Combined TRACON& Tower with Radar,16,37,15,0,68,0,0,8,0,8,16,37,23,0,76,0,0,0,76
09/29/2018,MLI,IL,AGL,CE,Combined TRACON& Tower with Radar,16,20,8,0,44,0,0,28,0,28,16,20,36,0,72,8,0,8,80
09/30/2018,MLI,IL,AGL,CE,Combined TRACON& Tower with Radar,16,24,22,0,62,0,0,0,0,0,16,24,22,0,62,0,0,0,62
10/01/2018,MLI,IL,AGL,CE,Combined TRACON& Tower with Radar,14,34,21,2,71,0,0,4,0,4,14,34,25,2,75,0,0,0,75
10/02/2018,MLI,IL,AGL,CE,Combined TRACON& Tower with Radar,14,38,23,2,77,0,0,2,0,2,14,38,25,2,79,32,0,32,111
10/03/2018,MLI,IL,AGL,CE,Combined TRACON& Tower with Radar,20,27,13,0,60,0,1,1,3,5,20,28,14,3,65,0,0,0,65
10/04/2018,MLI,IL,AGL,CE,Combined TRACON& Tower with Radar,22,23,25,0,70,0,0,49,4,53,22,23,74,4,123,92,0,92,215
10/05/2018,MLI,IL,AGL,CE,Combined TRACON& Tower with Radar,15,23,11,0,49,0,0,1,0,1,15,23,12,0,50,0,0,0,50
10/06/2018,MLI,IL,AGL,CE,Combined TRACON& Tower with Radar,16,15,8,0,39,0,0,0,0,0,16,15,8,0,39,0,0,0,39
10/07/2018,MLI,IL,AGL,CE,Combined TRACON& Tower with Radar,19,25,15,0,59,0,0,0,0,0,19,25,15,0,59,0,0,0,59
10/08/2018,MLI,IL,AGL,CE,Combined TRACON& Tower with Radar,16,22,34,0,72,0,0,22,0,22,16,22,56,0,94,0,0,0,94
10/09/2018,MLI,IL,AGL,CE,Combined TRACON& Tower with Radar,16,22,28,0,66,0,0,17,0,17,16,22,45,0,83,0,0,0,83
10/10/2018,MLI,IL,AGL,CE,Combined TRACON& Tower with Radar,20,29,20,2,71,0,0,8,0,8,20,29,28,2,79,0,0,0,79
10/11/2018,MLI,IL,AGL,CE,Combined TRACON& Tower with Radar,21,27,24,2,74,0,0,17,0,17,21,27,41,2,91,18,0,18,109
10/12/2018,MLI,IL,AGL,CE,Combined TRACON& Tower with Radar,16,34,19,2,71,0,0,9,0,9,16,34,28,2,80,0,0,0,80
10/13/2018,MLI,IL,AGL,CE,Combined TRACON& Tower with Radar,15,17,11,1,44,0,0,25,0,25,15,17,36,1,69,0,0,0,69
10/14/2018,MLI,IL,AGL,CE,Combined TRACON& Tower with Radar,19,26,15,1,61,0,0,8,0,8,19,26,23,1,69,32,0,32,101
10/15/2018,MLI,IL,AGL,CE,Combined TRACON& Tower with Radar,15,32,19,1,67,0,0,14,0,14,15,32,33,1,81,18,0,18,99
10/16/2018,MLI,IL,AGL,CE,Combined TRACON& Tower with Radar,14,32,24,5,75,0,0,12,0,12,14,32,36,5,87,32,0,32,119
10/17/2018,MLI,IL,AGL,CE,Combined TRACON& Tower with Radar,19,29,16,0,64,0,0,23,0,23,19,29,39,0,87,20,0,20,107
10/18/2018,MLI,IL,AGL,CE,Combined TRACON& Tower with Radar,22,24,19,2,67,0,0,34,0,34,22,24,53,2,101,0,0,0,101
10/19/2018,MLI,IL,AGL,CE,Combined TRACON& Tower with Radar,15,28,17,7,67,0,0,2,0,2,15,28,19,7,69,0,0,0,69
10/20/2018,MLI,IL,AGL,CE,Combined TRACON& Tower with Radar,16,13,8,0,37,0,0,3,0,3,16,13,11,0,40,0,0,0,40
10/21/2018,MLI,IL,AGL,CE,Combined TRACON& Tower with Radar,20,26,8,1,55,0,0,29,0,29,20,26,37,1,84,0,0,0,84
10/22/2018,MLI,IL,AGL,CE,Combined TRACON& Tower with Radar,14,25,20,0,59,0,0,16,0,16,14,25,36,0,75,34,0,34,109
10/23/2018,MLI,IL,AGL,CE,Combined TRACON& Tower with Radar,17,23,24,6,70,0,0,26,2,28,17,23,50,8,98,38,0,38,136
10/24/2018,MLI,IL,AGL,CE,Combined TRACON& Tower with Radar,20,27,33,1,81,0,0,22,1,23,20,27,55,2,104,30,0,30,134
10/25/2018,MLI,IL,AGL,CE,Combined TRACON& Tower with Radar,25,27,16,0,68,0,0,12,0,12,25,27,28,0,80,0,0,0,80
10/26/2018,MLI,IL,AGL,CE,Combined TRACON& Tower with Radar,18,27,7,4,56,0,0,16,0,16,18,27,23,4,72,0,0,0,72
10/27/2018,MLI,IL,AGL,CE,Combined TRACON& Tower with Radar,16,15,15,0,46,0,0,20,0,20,16,15,35,0,66,34,0,34,100
10/28/2018,MLI,IL,AGL,CE,Combined TRACON& Tower with Radar,17,27,13,2,59,0,0,0,0,0,17,27,13,2,59,0,0,0,59
10/29/2018,MLI,IL,AGL,CE,Combined TRACON& Tower with Radar,8,37,18,2,65,0,0,26,0,26,8,37,44,2,91,18,0,18,109
10/30/2018,MLI,IL,AGL,CE,Combined TRACON& Tower with Radar,8,27,34,2,71,0,0,16,0,16,8,27,50,2,87,24,0,24,111
10/31/2018,MLI,IL,AGL,CE,Combined TRACON& Tower with Radar,11,26,26,2,65,0,0,32,0,32,11,26,58,2,97,30,0,30,127
11/01/2018,MLI,IL,AGL,CE,Combined TRACON& Tower with Radar,16,33,25,2,76,0,0,15,0,15,16,33,40,2,91,14,0,14,105
11/02/2018,MLI,IL,AGL,CE,Combined TRACON& Tower with Radar,10,30,18,0,58,0,0,27,0,27,10,30,45,0,85,42,0,42,127
11/03/2018,MLI,IL,AGL,CE,Combined TRACON& Tower with Radar,12,23,7,0,42,0,0,15,0,15,12,23,22,0,57,38,0,38,95
11/04/2018,MLI,IL,AGL,CE,Combined TRACON& Tower with Radar,16,29,13,0,58,0,0,2,0,2,16,29,15,0,60,0,0,0,60
11/05/2018,MLI,IL,AGL,CE,Combined TRACON& Tower with Radar,10,38,22,0,70,0,0,3,0,3,10,38,25,0,73,0,0,0,73
11/06/2018,MLI,IL,AGL,CE,Combined TRACON& Tower with Radar,8,31,19,0,58,0,0,1,0,1,8,31,20,0,59,0,0,0,59
11/07/2018,MLI,IL,AGL,CE,Combined TRACON& Tower with Radar,14,28,24,2,68,0,1,7,0,8,14,29,31,2,76,12,0,12,88
11/08/2018,MLI,IL,AGL,CE,Combined TRACON& Tower with Radar,13,33,35,0,81,0,0,13,0,13,13,33,48,0,94,74,0,74,168
11/09/2018,MLI,IL,AGL,CE,Combined TRACON& Tower with Radar,11,33,15,2,61,0,0,3,0,3,11,33,18,2,64,0,0,0,64
11/10/2018,MLI,IL,AGL,CE,Combined TRACON& Tower with Radar,12,25,11,2,50,0,0,27,0,27,12,25,38,2,77,56,0,56,133
11/11/2018,MLI,IL,AGL,CE,Combined TRACON& Tower with Radar,15,25,13,0,53,0,0,18,0,18,15,25,31,0,71,18,0,18,89
11/12/2018,MLI,IL,AGL,CE,Combined TRACON& Tower with Radar,12,27,13,2,54,0,0,12,0,12,12,27,25,2,66,32,0,32,98
11/13/2018,MLI,IL,AGL,CE,Combined TRACON& Tower with Radar,11,29,29,0,69,0,0,19,0,19,11,29,48,0,88,0,0,0,88
11/14/2018,MLI,IL,AGL,CE,Combined TRACON& Tower with Radar,14,31,10,0,55,0,1,24,0,25,14,32,34,0,80,24,0,24,104
11/15/2018,MLI,IL,AGL,CE,Combined TRACON& Tower with Radar,14,29,14,2,59,0,0,23,0,23,14,29,37,2,82,12,0,12,94
11/16/2018,MLI,IL,AGL,CE,Combined TRACON& Tower with Radar,12,30,15,0,57,0,0,3,0,3,12,30,18,0,60,36,0,36,96
11/17/2018,MLI,IL,AGL,CE,Combined TRACON& Tower with Radar,12,17,4,0,33,0,0,0,0,0,12,17,4,0,33,0,0,0,33
11/18/2018,MLI,IL,AGL,CE,Combined TRACON& Tower with Radar,14,27,12,0,53,0,0,18,0,18,14,27,30,0,71,12,0,12,83
11/19/2018,MLI,IL,AGL,CE,Combined TRACON& Tower with Radar,10,36,21,0,67,0,0,19,0,19,10,36,40,0,86,22,0,22,108
11/20/2018,MLI,IL,AGL,CE,Combined TRACON& Tower with Radar,20,28,11,2,61,0,0,29,0,29,20,28,40,2,90,56,0,56,146
11/21/2018,MLI,IL,AGL,CE,Combined TRACON& Tower with Radar,12,28,31,0,71,0,0,14,1,15,12,28,45,1,86,42,8,50,136
11/22/2018,MLI,IL,AGL,CE,Combined TRACON& Tower with Radar,6,15,2,0,23,0,0,13,0,13,6,15,15,0,36,24,0,24,60
11/23/2018,MLI,IL,AGL,CE,Combined TRACON& Tower with Radar,10,18,4,1,33,0,0,7,0,7,10,18,11,1,40,10,0,10,50
11/24/2018,MLI,IL,AGL,CE,Combined TRACON& Tower with Radar,15,25,7,0,47,0,0,18,0,18,15,25,25,0,65,12,0,12,77
11/25/2018,MLI,IL,AGL,CE,Combined TRACON& Tower with Radar,9,10,5,0,24,0,0,0,0,0,9,10,5,0,24,0,0,0,24
11/26/2018,MLI,IL,AGL,CE,Combined TRACON& Tower with Radar,17,21,8,0,46,0,0,0,0,0,17,21,8,0,46,0,0,0,46
11/27/2018,MLI,IL,AGL,CE,Combined TRACON& Tower with Radar,10,30,12,9,61,0,0,0,0,0,10,30,12,9,61,0,0,0,61
11/28/2018,MLI,IL,AGL,CE,Combined TRACON& Tower with Radar,14,24,23,0,61,0,0,12,2,14,14,24,35,2,75,14,0,14,89
11/29/2018,MLI,IL,AGL,CE,Combined TRACON& Tower with Radar,16,29,16,1,62,0,0,5,0,5,16,29,21,1,67,0,0,0,67
11/30/2018,MLI,IL,AGL,CE,Combined TRACON& Tower with Radar,14,27,19,0,60,0,0,9,0,9,14,27,28,0,69,20,0,20,89
12/01/2018,MLI,IL,AGL,CE,Combined TRACON& Tower with Radar,18,16,2,0,36,0,0,0,0,0,18,16,2,0,36,0,0,0,36
12/02/2018,MLI,IL,AGL,CE,Combined TRACON& Tower with Radar,14,23,9,0,46,0,0,0,0,0,14,23,9,0,46,0,0,0,46
12/03/2018,MLI,IL,AGL,CE,Combined TRACON& Tower with Radar,13,27,13,0,53,0,0,2,0,2,13,27,15,0,55,38,0,38,93
12/04/2018,MLI,IL,AGL,CE,Combined TRACON& Tower with Radar,11,29,15,0,55,0,0,2,0,2,11,29,17,0,57,0,0,0,57
12/05/2018,MLI,IL,AGL,CE,Combined TRACON& Tower with Radar,15,26,26,0,67,0,0,17,0,17,15,26,43,0,84,42,0,42,126
12/06/2018,MLI,IL,AGL,CE,Combined TRACON& Tower with Radar,16,28,23,1,68,0,0,6,0,6,16,28,29,1,74,0,0,0,74
12/07/2018,MLI,IL,AGL,CE,Combined TRACON& Tower with Radar,14,27,18,0,59,0,0,32,0,32,14,27,50,0,91,22,0,22,113
12/08/2018,MLI,IL,AGL,CE,Combined TRACON& Tower with Radar,13,19,16,0,48,0,0,21,2,23,13,19,37,2,71,36,0,36,107
12/09/2018,MLI,IL,AGL,CE,Combined TRACON& Tower with Radar,15,24,17,2,58,0,0,20,0,20,15,24,37,2,78,32,0,32,110
12/10/2018,MLI,IL,AGL,CE,Combined TRACON& Tower with Radar,14,30,15,0,59,0,0,24,0,24,14,30,39,0,83,24,0,24,107
12/11/2018,MLI,IL,AGL,CE,Combined TRACON& Tower with Radar,12,25,21,0,58,0,0,21,0,21,12,25,42,0,79,18,0,18,97
12/12/2018,MLI,IL,AGL,CE,Combined TRACON& Tower with Radar,14,27,17,0,58,0,0,4,1,5,14,27,21,1,63,0,0,0,63
12/13/2018,MLI,IL,AGL,CE,Combined TRACON& Tower with Radar,16,31,16,2,65,0,0,0,0,0,16,31,16,2,65,0,0,0,65
12/14/2018,MLI,IL,AGL,CE,Combined TRACON& Tower with Radar,15,23,22,6,66,0,0,1,0,1,15,23,23,6,67,0,0,0,67
12/15/2018,MLI,IL,AGL,CE,Combined TRACON& Tower with Radar,17,21,12,0,50,0,0,35,0,35,17,21,47,0,85,20,0,20,105
12/16/2018,MLI,IL,AGL,CE,Combined TRACON& Tower with Radar,13,23,4,0,40,0,0,28,0,28,13,23,32,0,68,34,0,34,102
12/17/2018,MLI,IL,AGL,CE,Combined TRACON& Tower with Radar,14,26,11,0,51,0,0,19,0,19,14,26,30,0,70,30,0,30,100
12/18/2018,MLI,IL,AGL,CE,Combined TRACON& Tower with Radar,13,26,24,2,65,0,0,25,2,27,13,26,49,4,92,34,0,34,126
12/19/2018,MLI,IL,AGL,CE,Combined TRACON& Tower with Radar,17,32,18,0,67,0,0,12,2,14,17,32,30,2,81,0,0,0,81
12/20/2018,MLI,IL,AGL,CE,Combined TRACON& Tower with Radar,14,31,20,0,65,0,0,0,0,0,14,31,20,0,65,0,0,0,65
12/21/2018,MLI,IL,AGL,CE,Combined TRACON& Tower with Radar,12,35,13,0,60,0,0,0,0,0,12,35,13,0,60,14,0,14,74
12/22/2018,MLI,IL,AGL,CE,Combined TRACON& Tower with Radar,16,21,10,0,47,0,0,11,0,11,16,21,21,0,58,40,0,40,98
12/23/2018,MLI,IL,AGL,CE,Combined TRACON& Tower with Radar,14,25,9,0,48,0,0,12,0,12,14,25,21,0,60,20,0,20,80
12/24/2018,MLI,IL,AGL,CE,Combined TRACON& Tower with Radar,9,22,6,0,37,0,0,13,0,13,9,22,19,0,50,0,0,0,50
12/25/2018,MLI,IL,AGL,CE,Combined TRACON& Tower with Radar,9,18,0,0,27,0,1,6,0,7,9,19,6,0,34,0,0,0,34
12/26/2018,MLI,IL,AGL,CE,Combined TRACON& Tower with Radar,15,27,10,0,52,0,0,10,0,10,15,27,20,0,62,20,0,20,82
12/27/2018,MLI,IL,AGL,CE,Combined TRACON& Tower with Radar,15,28,6,0,49,0,1,0,0,1,15,29,6,0,50,0,0,0,50
12/28/2018,MLI,IL,AGL,CE,Combined TRACON& Tower with Radar,11,29,6,0,46,0,0,1,0,1,11,29,7,0,47,0,0,0,47
12/29/2018,MLI,IL,AGL,CE,Combined TRACON& Tower with Radar,15,23,8,0,46,0,1,1,0,2,15,24,9,0,48,0,0,0,48
12/30/2018,MLI,IL,AGL,CE,Combined TRACON& Tower with Radar,14,28,9,0,51,0,0,23,0,23,14,28,32,0,74,66,0,66,140
12/31/2018,MLI,IL,AGL,CE,Combined TRACON& Tower with Radar,12,24,2,0,38,0,0,0,0,0,12,24,2,0,38,0,0,0,38
01/01/2019,MLI,IL,AGL,CE,Combined TRACON& Tower with Radar,11,21,2,0,34,0,0,0,0,0,11,21,2,0,34,0,0,0,34
01/02/2019,MLI,IL,AGL,CE,Combined TRACON& Tower with Radar,15,26,5,0,46,0,0,2,0,2,15,26,7,0,48,16,0,16,64
01/03/2019,MLI,IL,AGL,CE,Combined TRACON& Tower with Radar,15,28,25,0,68,0,1,29,0,30,15,29,54,0,98,24,0,24,122
01/04/2019,MLI,IL,AGL,CE,Combined TRACON& Tower with Radar,12,26,6,0,44,0,1,29,0,30,12,27,35,0,74,58,0,58,132
01/05/2019,MLI,IL,AGL,CE,Combined TRACON& Tower with Radar,12,22,13,0,47,0,0,30,0,30,12,22,43,0,77,32,0,32,109
01/06/2019,MLI,IL,AGL,CE,Combined TRACON& Tower with Radar,14,25,13,0,52,0,0,10,0,10,14,25,23,0,62,14,0,14,76
01/07/2019,MLI,IL,AGL,CE,Combined TRACON& Tower with Radar,12,26,14,0,52,0,0,0,0,0,12,26,14,0,52,0,0,0,52
01/08/2019,MLI,IL,AGL,CE,Combined TRACON& Tower with Radar,10,29,14,2,55,0,0,7,2,9,10,29,21,4,64,0,0,0,64
01/09/2019,MLI,IL,AGL,CE,Combined TRACON& Tower with Radar,11,31,9,0,51,0,0,11,0,11,11,31,20,0,62,22,0,22,84
01/10/2019,MLI,IL,AGL,CE,Combined TRACON& Tower with Radar,16,30,21,0,67,0,0,24,0,24,16,30,45,0,91,6,0,6,97
01/11/2019,MLI,IL,AGL,CE,Combined TRACON& Tower with Radar,14,32,15,11,72,0,0,10,1,11,14,32,25,12,83,38,10,48,131
01/12/2019,MLI,IL,AGL,CE,Combined TRACON& Tower with Radar,10,13,2,0,25,0,0,0,0,0,10,13,2,0,25,0,0,0,25
01/13/2019,MLI,IL,AGL,CE,Combined TRACON& Tower with Radar,14,25,9,0,48,0,0,4,0,4,14,25,13,0,52,8,0,8,60
01/14/2019,MLI,IL,AGL,CE,Combined TRACON& Tower with Radar,12,29,4,0,45,0,0,0,0,0,12,29,4,0,45,0,0,0,45
01/15/2019,MLI,IL,AGL,CE,Combined TRACON& Tower with Radar,10,31,16,0,57,0,0,0,0,0,10,31,16,0,57,0,0,0,57
01/16/2019,MLI,IL,AGL,CE,Combined TRACON& Tower with Radar,12,29,29,0,70,0,0,3,2,5,12,29,32,2,75,40,2,42,117
01/17/2019,MLI,IL,AGL,CE,Combined TRACON& Tower with Radar,14,28,16,0,58,0,0,0,0,0,14,28,16,0,58,0,0,0,58
01/18/2019,MLI,IL,AGL,CE,Combined TRACON& Tower with Radar,11,28,17,0,56,0,0,2,0,2,11,28,19,0,58,12,0,12,70
01/19/2019,MLI,IL,AGL,CE,Combined TRACON& Tower with Radar,11,15,1,0,27,0,0,0,0,0,11,15,1,0,27,0,0,0,27
01/20/2019,MLI,IL,AGL,CE,Combined TRACON& Tower with Radar,12,23,14,0,49,0,0,8,0,8,12,23,22,0,57,36,0,36,93
01/21/2019,MLI,IL,AGL,CE,Combined TRACON& Tower with Radar,12,30,12,0,54,0,0,7,0,7,12,30,19,0,61,60,0,60,121
01/22/2019,MLI,IL,AGL,CE,Combined TRACON& Tower with Radar,5,23,5,0,33,0,0,0,0,0,5,23,5,0,33,0,0,0,33
01/23/2019,MLI,IL,AGL,CE,Combined TRACON& Tower with Radar,7,19,7,1,34,0,0,2,0,2,7,19,9,1,36,0,0,0,36
01/24/2019,MLI,IL,AGL,CE,Combined TRACON& Tower with Radar,13,42,18,1,74,0,0,0,0,0,13,42,18,1,74,0,0,0,74
01/25/2019,MLI,IL,AGL,CE,Combined TRACON& Tower with Radar,14,29,15,0,58,0,0,0,0,0,14,29,15,0,58,0,0,0,58
01/26/2019,MLI,IL,AGL,CE,Combined TRACON& Tower with Radar,14,19,3,0,36,0,0,0,0,0,14,19,3,0,36,0,0,0,36
01/27/2019,MLI,IL,AGL,CE,Combined TRACON& Tower with Radar,14,30,7,0,51,0,0,9,0,9,14,30,16,0,60,38,0,38,98
01/28/2019,MLI,IL,AGL,CE,Combined TRACON& Tower with Radar,12,20,9,0,41,0,0,0,0,0,12,20,9,0,41,0,0,0,41
01/29/2019,MLI,IL,AGL,CE,Combined TRACON& Tower with Radar,9,26,20,0,55,0,2,0,0,2,9,28,20,0,57,0,0,0,57
01/30/2019,MLI,IL,AGL,CE,Combined TRACON& Tower with Radar,15,9,11,0,35,0,0,1,0,1,15,9,12,0,36,0,0,0,36
01/31/2019,MLI,IL,AGL,CE,Combined TRACON& Tower with Radar,14,20,14,0,48,0,0,0,0,0,14,20,14,0,48,0,0,0,48
02/01/2019,MLI,IL,AGL,CE,Combined TRACON& Tower with Radar,12,28,13,0,53,0,0,5,0,5,12,28,18,0,58,2,0,2,60
02/02/2019,MLI,IL,AGL,CE,Combined TRACON& Tower with Radar,11,17,4,2,34,0,0,2,0,2,11,17,6,2,36,20,0,20,56
02/03/2019,MLI,IL,AGL,CE,Combined TRACON& Tower with Radar,11,36,6,0,53,0,0,1,0,1,11,36,7,0,54,0,0,0,54
02/04/2019,MLI,IL,AGL,CE,Combined TRACON& Tower with Radar,12,28,15,4,59,0,0,4,0,4,12,28,19,4,63,30,0,30,93
02/05/2019,MLI,IL,AGL,CE,Combined TRACON& Tower with Radar,6,22,10,0,38,0,1,2,2,5,6,23,12,2,43,18,0,18,61
02/06/2019,MLI,IL,AGL,CE,Combined TRACON& Tower with Radar,12,22,14,2,50,0,0,0,0,0,12,22,14,2,50,0,0,0,50
02/07/2019,MLI,IL,AGL,CE,Combined TRACON& Tower with Radar,14,30,5,0,49,0,0,0,0,0,14,30,5,0,49,0,0,0,49
02/08/2019,MLI,IL,AGL,CE,Combined TRACON& Tower with Radar,12,29,24,2,67,0,1,17,0,18,12,30,41,2,85,20,14,34,119
02/09/2019,MLI,IL,AGL,CE,Combined TRACON& Tower with Radar,12,21,26,0,59,0,0,24,0,24,12,21,50,0,83,76,0,76,159
02/10/2019,MLI,IL,AGL,CE,Combined TRACON& Tower with Radar,13,25,5,2,45,0,0,0,0,0,13,25,5,2,45,0,0,0,45
02/11/2019,MLI,IL,AGL,CE,Combined TRACON& Tower with Radar,8,26,13,0,47,0,0,0,0,0,8,26,13,0,47,0,0,0,47
02/12/2019,MLI,IL,AGL,CE,Combined TRACON& Tower with Radar,9,24,14,0,47,0,0,0,0,0,9,24,14,0,47,0,0,0,47
02/13/2019,MLI,IL,AGL,CE,Combined TRACON& Tower with Radar,14,40,17,0,71,0,2,13,6,21,14,42,30,6,92,30,0,30,122
02/14/2019,MLI,IL,AGL,CE,Combined TRACON& Tower with Radar,14,34,14,0,62,0,0,6,0,6,14,34,20,0,68,8,0,8,76
02/15/2019,MLI,IL,AGL,CE,Combined TRACON& Tower with Radar,11,29,4,0,44,0,0,8,0,8,11,29,12,0,52,34,0,34,86
02/16/2019,MLI,IL,AGL,CE,Combined TRACON& Tower with Radar,12,20,8,0,40,0,0,14,0,14,12,20,22,0,54,30,0,30,84
02/17/2019,MLI,IL,AGL,CE,Combined TRACON& Tower with Radar,12,24,1,2,39,0,0,0,0,0,12,24,1,2,39,0,0,0,39
02/18/2019,MLI,IL,AGL,CE,Combined TRACON& Tower with Radar,12,28,11,0,51,0,0,10,0,10,12,28,21,0,61,0,0,0,61
02/19/2019,MLI,IL,AGL,CE,Combined TRACON& Tower with Radar,9,33,19,0,61,0,0,20,0,20,9,33,39,0,81,18,0,18,99
02/20/2019,MLI,IL,AGL,CE,Combined TRACON& Tower with Radar,5,20,11,0,36,0,0,0,0,0,5,20,11,0,36,0,0,0,36
02/21/2019,MLI,IL,AGL,CE,Combined TRACON& Tower with Radar,12,30,18,0,60,0,0,13,0,13,12,30,31,0,73,22,0,22,95
02/22/2019,MLI,IL,AGL,CE,Combined TRACON& Tower with Radar,14,23,17,2,56,0,0,36,0,36,14,23,53,2,92,46,0,46,138
02/23/2019,MLI,IL,AGL,CE,Combined TRACON& Tower with Radar,11,26,4,0,41,0,0,0,0,0,11,26,4,0,41,0,0,0,41
02/24/2019,MLI,IL,AGL,CE,Combined TRACON& Tower with Radar,11,24,3,2,40,0,0,1,0,1,11,24,4,2,41,0,0,0,41
02/25/2019,MLI,IL,AGL,CE,Combined TRACON& Tower with Radar,12,28,24,1,65,0,0,18,0,18,12,28,42,1,83,0,0,0,83
02/26/2019,MLI,IL,AGL,CE,Combined TRACON& Tower with Radar,10,30,22,0,62,0,1,7,0,8,10,31,29,0,70,18,0,18,88
02/27/2019,MLI,IL,AGL,CE,Combined TRACON& Tower with Radar,14,31,27,3,75,0,0,10,0,10,14,31,37,3,85,24,0,24,109
02/28/2019,MLI,IL,AGL,CE,Combined TRACON& Tower with Radar,14,28,11,2,55,0,0,12,0,12,14,28,23,2,67,28,0,28,95
03/01/2019,MLI,IL,AGL,CE,Combined TRACON& Tower with Radar,12,27,21,2,62,0,0,26,1,27,12,27,47,3,89,4,0,4,93
03/02/2019,MLI,IL,AGL,CE,Combined TRACON& Tower with Radar,14,19,5,0,38,0,0,11,0,11,14,19,16,0,49,30,0,30,79
03/03/2019,MLI,IL,AGL,CE,Combined TRACON& Tower with Radar,13,25,15,0,53,0,0,5,0,5,13,25,20,0,58,8,0,8,66
03/04/2019,MLI,IL,AGL,CE,Combined TRACON& Tower with Radar,12,36,11,0,59,0,0,2,0,2,12,36,13,0,61,0,0,0,61
03/05/2019,MLI,IL,AGL,CE,Combined TRACON& Tower with Radar,10,26,20,0,56,0,0,9,0,9,10,26,29,0,65,12,0,12,77
03/06/2019,MLI,IL,AGL,CE,Combined TRACON& Tower with Radar,16,28,19,0,63,0,0,11,1,12,16,28,30,1,75,10,0,10,85
03/07/2019,MLI,IL,AGL,CE,Combined TRACON& Tower with Radar,14,30,18,2,64,0,1,6,0,7,14,31,24,2,71,0,6,6,77
03/08/2019,MLI,IL,AGL,CE,Combined TRACON& Tower with Radar,12,30,18,0,60,0,0,6,0,6,12,30,24,0,66,12,0,12,78
03/09/2019,MLI,IL,AGL,CE,Combined TRACON& Tower with Radar,16,22,1,0,39,0,0,0,0,0,16,22,1,0,39,0,0,0,39
03/10/2019,MLI,IL,AGL,CE,Combined TRACON& Tower with Radar,14,31,8,0,53,0,1,2,0,3,14,32,10,0,56,12,0,12,68
03/11/2019,MLI,IL,AGL,CE,Combined TRACON& Tower with Radar,11,30,13,0,54,0,0,46,0,46,11,30,59,0,100,90,0,90,190
03/12/2019,MLI,IL,AGL,CE,Combined TRACON& Tower with Radar,11,32,10,4,57,0,0,14,0,14,11,32,24,4,71,14,0,14,85
03/13/2019,MLI,IL,AGL,CE,Combined TRACON& Tower with Radar,18,27,7,1,53,0,0,0,1,1,18,27,7,2,54,0,0,0,54
03/14/2019,MLI,IL,AGL,CE,Combined TRACON& Tower with Radar,17,26,14,0,57,0,0,2,0,2,17,26,16,0,59,6,0,6,65
03/15/2019,MLI,IL,AGL,CE,Combined TRACON& Tower with Radar,12,31,10,0,53,0,0,5,0,5,12,31,15,0,58,0,0,0,58
03/16/2019,MLI,IL,AGL,CE,Combined TRACON& Tower with Radar,14,20,13,0,47,0,0,39,0,39,14,20,52,0,86,10,0,10,96
03/17/2019,MLI,IL,AGL,CE,Combined TRACON& Tower with Radar,14,30,5,0,49,0,0,23,0,23,14,30,28,0,72,28,0,28,100
03/18/2019,MLI,IL,AGL,CE,Combined TRACON& Tower with Radar,12,28,15,0,55,0,0,11,0,11,12,28,26,0,66,34,0,34,100
03/19/2019,MLI,IL,AGL,CE,Combined TRACON& Tower with Radar,12,30,22,2,66,0,0,21,0,21,12,30,43,2,87,44,0,44,131
03/20/2019,MLI,IL,AGL,CE,Combined TRACON& Tower with Radar,16,27,13,0,56,0,0,2,0,2,16,27,15,0,58,36,0,36,94
03/21/2019,MLI,IL,AGL,CE,Combined TRACON& Tower with Radar,14,27,25,2,68,0,0,17,0,17,14,27,42,2,85,38,0,38,123
03/22/2019,MLI,IL,AGL,CE,Combined TRACON& Tower with Radar,12,27,20,7,66,0,0,32,1,33,12,27,52,8,99,26,0,26,125
03/23/2019,MLI,IL,AGL,CE,Combined TRACON& Tower with Radar,14,20,8,0,42,0,0,26,0,26,14,20,34,0,68,24,0,24,92
03/24/2019,MLI,IL,AGL,CE,Combined TRACON& Tower with Radar,14,30,9,0,53,0,0,1,0,1,14,30,10,0,54,0,0,0,54
03/25/2019,MLI,IL,AGL,CE,Combined TRACON& Tower with Radar,12,28,20,0,60,0,0,19,0,19,12,28,39,0,79,0,0,0,79
03/26/2019,MLI,IL,AGL,CE,Combined TRACON& Tower with Radar,12,30,21,0,63,0,0,25,0,25,12,30,46,0,88,60,0,60,148
03/27/2019,MLI,IL,AGL,CE,Combined TRACON& Tower with Radar,16,29,14,0,59,0,0,4,0,4,16,29,18,0,63,36,0,36,99
03/28/2019,MLI,IL,AGL,CE,Combined TRACON& Tower with Radar,14,27,20,0,61,0,0,24,0,24,14,27,44,0,85,52,0,52,137
03/29/2019,MLI,IL,AGL,CE,Combined TRACON& Tower with Radar,12,29,15,0,56,0,0,17,0,17,12,29,32,0,73,20,0,20,93
03/30/2019,MLI,IL,AGL,CE,Combined TRACON& Tower with Radar,14,20,9,0,43,0,0,10,0,10,14,20,19,0,53,8,0,8,61
03/31/2019,MLI,IL,AGL,CE,Combined TRACON& Tower with Radar,14,28,14,0,56,0,0,35,0,35,14,28,49,0,91,60,0,60,151
04/01/2019,MLI,IL,AGL,CE,Combined TRACON& Tower with Radar,12,28,20,0,60,0,0,9,0,9,12,28,29,0,69,8,0,8,77
04/02/2019,MLI,IL,AGL,CE,Combined TRACON& Tower with Radar,12,33,33,0,78,0,2,14,0,16,12,35,47,0,94,56,0,56,150
04/03/2019,MLI,IL,AGL,CE,Combined TRACON& Tower with Radar,14,32,12,0,58,0,0,16,1,17,14,32,28,1,75,34,0,34,109
04/04/2019,MLI,IL,AGL,CE,Combined TRACON& Tower with Radar,14,34,23,4,75,0,0,1,0,1,14,34,24,4,76,0,0,0,76
04/05/2019,MLI,IL,AGL,CE,Combined TRACON& Tower with Radar,12,30,23,6,71,0,0,6,0,6,12,30,29,6,77,36,6,42,119
04/06/2019,MLI,IL,AGL,CE,Combined TRACON& Tower with Radar,12,24,16,0,52,0,0,34,0,34,12,24,50,0,86,60,2,62,148
04/07/2019,MLI,IL,AGL,CE,Combined TRACON& Tower with Radar,14,30,11,0,55,0,0,4,0,4,14,30,15,0,59,12,0,12,71
04/08/2019,MLI,IL,AGL,CE,Combined TRACON& Tower with Radar,12,34,13,0,59,0,1,21,1,23,12,35,34,1,82,0,0,0,82
04/09/2019,MLI,IL,AGL,CE,Combined TRACON& Tower with Radar,12,34,10,2,58,0,0,16,0,16,12,34,26,2,74,16,0,16,90
04/10/2019,MLI,IL,AGL,CE,Combined TRACON& Tower with Radar,14,37,17,0,68,0,0,0,0,0,14,37,17,0,68,0,0,0,68
04/11/2019,MLI,IL,AGL,CE,Combined TRACON& Tower with Radar,14,30,10,0,54,0,0,0,0,0,14,30,10,0,54,0,0,0,54
04/12/2019,MLI,IL,AGL,CE,Combined TRACON& Tower with Radar,12,30,20,0,62,0,0,3,0,3,12,30,23,0,65,0,0,0,65
04/13/2019,MLI,IL,AGL,CE,Combined TRACON& Tower with Radar,12,24,17,0,53,0,0,34,0,34,12,24,51,0,87,18,0,18,105
04/14/2019,MLI,IL,AGL,CE,Combined TRACON& Tower with Radar,17,16,7,0,40,0,0,2,2,4,17,16,9,2,44,0,0,0,44
04/15/2019,MLI,IL,AGL,CE,Combined TRACON& Tower with Radar,12,32,12,0,56,0,0,24,0,24,12,32,36,0,80,34,0,34,114
04/16/2019,MLI,IL,AGL,CE,Combined TRACON& Tower with Radar,10,33,26,0,69,0,0,26,0,26,10,33,52,0,95,52,0,52,147
04/17/2019,MLI,IL,AGL,CE,Combined TRACON& Tower with Radar,14,28,16,0,58,0,0,10,2,12,14,28,26,2,70,22,0,22,92
04/18/2019,MLI,IL,AGL,CE,Combined TRACON& Tower with Radar,14,34,18,4,70,0,0,0,2,2,14,34,18,6,72,0,6,6,78
04/19/2019,MLI,IL,AGL,CE,Combined TRACON& Tower with Radar,12,30,15,2,59,0,0,18,0,18,12,30,33,2,77,0,0,0,77
04/20/2019,MLI,IL,AGL,CE,Combined TRACON& Tower with Radar,10,23,6,1,40,0,1,39,0,40,10,24,45,1,80,44,0,44,124
04/21/2019,MLI,IL,AGL,CE,Combined TRACON& Tower with Radar,17,26,5,0,48,0,4,17,0,21,17,30,22,0,69,10,0,10,79
04/22/2019,MLI,IL,AGL,CE,Combined TRACON& Tower with Radar,12,30,23,0,65,0,0,6,0,6,12,30,29,0,71,10,0,10,81
04/23/2019,MLI,IL,AGL,CE,Combined TRACON& Tower with Radar,10,28,26,0,64,0,0,11,0,11,10,28,37,0,75,22,0,22,97
04/24/2019,MLI,IL,AGL,CE,Combined TRACON& Tower with Radar,14,35,25,0,74,0,0,24,0,24,14,35,49,0,98,48,0,48,146
04/25/2019,MLI,IL,AGL,CE,Combined TRACON& Tower with Radar,16,30,39,0,85,0,1,5,0,6,16,31,44,0,91,38,0,38,129
04/26/2019,MLI,IL,AGL,CE,Combined TRACON& Tower with Radar,10,29,14,0,53,0,0,23,0,23,10,29,37,0,76,24,0,24,100
04/27/2019,MLI,IL,AGL,CE,Combined TRACON& Tower with Radar,14,17,1,0,32,0,0,0,0,0,14,17,1,0,32,0,0,0,32
04/28/2019,MLI,IL,AGL,CE,Combined TRACON& Tower with Radar,14,30,8,0,52,0,0,27,0,27,14,30,35,0,79,66,0,66,145
04/29/2019,MLI,IL,AGL,CE,Combined TRACON& Tower with Radar,10,24,15,2,51,0,0,3,0,3,10,24,18,2,54,0,0,0,54
04/30/2019,MLI,IL,AGL,CE,Combined TRACON& Tower with Radar,11,26,15,0,52,0,0,0,0,0,11,26,15,0,52,0,0,0,52
05/01/2019,MLI,IL,AGL,CE,Combined TRACON& Tower with Radar,14,31,22,0,67,0,0,4,0,4,14,31,26,0,71,36,0,36,107
05/02/2019,MLI,IL,AGL,CE,Combined TRACON& Tower with Radar,14,30,36,3,83,0,0,3,0,3,14,30,39,3,86,8,0,8,94
05/03/2019,MLI,IL,AGL,CE,Combined TRACON& Tower with Radar,12,34,27,0,73,0,0,19,0,19,12,34,46,0,92,22,0,22,114
05/04/2019,MLI,IL,AGL,CE,Combined TRACON& Tower with Radar,20,18,4,0,42,0,0,42,0,42,20,18,46,0,84,64,0,64,148
05/05/2019,MLI,IL,AGL,CE,Combined TRACON& Tower with Radar,18,24,16,0,58,0,0,24,0,24,18,24,40,0,82,72,0,72,154
05/06/2019,MLI,IL,AGL,CE,Combined TRACON& Tower with Radar,13,28,22,14,77,0,0,6,0,6,13,28,28,14,83,0,0,0,83
05/07/2019,MLI,IL,AGL,CE,Combined TRACON& Tower with Radar,14,37,25,0,76,0,0,8,0,8,14,37,33,0,84,50,0,50,134
05/08/2019,MLI,IL,AGL,CE,Combined TRACON& Tower with Radar,19,32,19,0,70,0,0,0,6,6,19,32,19,6,76,4,2,6,82
05/09/2019,MLI,IL,AGL,CE,Combined TRACON& Tower with Radar,17,35,38,8,98,0,0,0,0,0,17,35,38,8,98,0,0,0,98
05/10/2019,MLI,IL,AGL,CE,Combined TRACON& Tower with Radar,14,29,13,2,58,0,0,23,2,25,14,29,36,4,83,72,0,72,155
05/11/2019,MLI,IL,AGL,CE,Combined TRACON& Tower with Radar,16,18,17,0,51,0,0,10,0,10,16,18,27,0,61,72,0,72,133
05/12/2019,MLI,IL,AGL,CE,Combined TRACON& Tower with Radar,18,23,6,0,47,0,0,12,0,12,18,23,18,0,59,40,0,40,99
05/13/2019,MLI,IL,AGL,CE,Combined TRACON& Tower with Radar,14,34,26,4,78,0,0,39,1,40,14,34,65,5,118,34,4,38,156
05/14/2019,MLI,IL,AGL,CE,Combined TRACON& Tower with Radar,14,33,13,0,60,0,0,12,0,12,14,33,25,0,72,0,0,0,72
05/15/2019,MLI,IL,AGL,CE,Combined TRACON& Tower with Radar,20,28,25,6,79,0,0,39,2,41,20,28,64,8,120,90,16,106,226
05/16/2019,MLI,IL,AGL,CE,Combined TRACON& Tower with Radar,16,27,15,0,58,0,0,14,0,14,16,27,29,0,72,34,0,34,106
05/17/2019,MLI,IL,AGL,CE,Combined TRACON& Tower with Radar,11,27,17,8,63,0,0,2,0,2,11,27,19,8,65,0,0,0,65
05/18/2019,MLI,IL,AGL,CE,Combined TRACON& Tower with Radar,15,19,5,0,39,0,0,1,0,1,15,19,6,0,40,0,0,0,40
05/19/2019,MLI,IL,AGL,CE,Combined TRACON& Tower with Radar,16,27,16,0,59,0,0,0,0,0,16,27,16,0,59,0,0,0,59
05/20/2019,MLI,IL,AGL,CE,Combined TRACON& Tower with Radar,13,24,25,1,63,0,0,8,0,8,13,24,33,1,71,8,0,8,79
05/21/2019,MLI,IL,AGL,CE,Combined TRACON& Tower with Radar,13,33,16,2,64,0,0,0,0,0,13,33,16,2,64,0,8,8,72
05/22/2019,MLI,IL,AGL,CE,Combined TRACON& Tower with Radar,17,31,24,1,73,0,0,15,1,16,17,31,39,2,89,6,0,6,95
05/23/2019,MLI,IL,AGL,CE,Combined TRACON& Tower with Radar,18,37,28,0,83,0,0,44,2,46,18,37,72,2,129,22,0,22,151
05/24/2019,MLI,IL,AGL,CE,Combined TRACON& Tower with Radar,15,30,17,1,63,0,0,1,1,2,15,30,18,2,65,0,0,0,65
05/25/2019,MLI,IL,AGL,CE,Combined TRACON& Tower with Radar,15,19,7,0,41,0,0,6,0,6,15,19,13,0,47,42,0,42,89
05/26/2019,MLI,IL,AGL,CE,Combined TRACON& Tower with Radar,16,23,7,0,46,0,0,13,0,13,16,23,20,0,59,22,0,22,81
05/27/2019,MLI,IL,AGL,CE,Combined TRACON& Tower with Radar,10,27,9,0,46,0,0,3,0,3,10,27,12,0,49,0,0,0,49
05/28/2019,MLI,IL,AGL,CE,Combined TRACON& Tower with Radar,11,26,15,0,52,0,0,2,0,2,11,26,17,0,54,58,0,58,112
05/29/2019,MLI,IL,AGL,CE,Combined TRACON& Tower with Radar,16,36,31,7,90,0,0,10,0,10,16,36,41,7,100,36,0,36,136
05/30/2019,MLI,IL,AGL,CE,Combined TRACON& Tower with Radar,22,34,19,1,76,0,0,25,0,25,22,34,44,1,101,112,0,112,213
05/31/2019,MLI,IL,AGL,CE,Combined TRACON& Tower with Radar,14,26,14,0,54,0,0,42,2,44,14,26,56,2,98,60,0,60,158
06/01/2019,MLI,IL,AGL,CE,Combined TRACON& Tower with Radar,16,17,5,0,38,0,0,38,0,38,16,17,43,0,76,26,0,26,102
06/02/2019,MLI,IL,AGL,CE,Combined TRACON& Tower with Radar,17,27,13,0,57,0,0,26,0,26,17,27,39,0,83,32,0,32,115
06/03/2019,MLI,IL,AGL,CE,Combined TRACON& Tower with Radar,16,23,26,0,65,0,2,27,0,29,16,25,53,0,94,74,0,74,168
06/04/2019,MLI,IL,AGL,CE,Combined TRACON& Tower with Radar,14,29,18,0,61,0,0,10,0,10,14,29,28,0,71,22,0,22,93
06/05/2019,MLI,IL,AGL,CE,Combined TRACON& Tower with Radar,18,31,18,1,68,0,0,16,3,19,18,31,34,4,87,20,8,28,115
06/06/2019,MLI,IL,AGL,CE,Combined TRACON& Tower with Radar,15,30,23,0,68,0,1,30,0,31,15,31,53,0,99,118,0,118,217
06/07/2019,MLI,IL,AGL,CE,Combined TRACON& Tower with Radar,10,32,22,0,64,0,0,25,0,25,10,32,47,0,89,32,0,32,121
06/08/2019,MLI,IL,AGL,CE,Combined TRACON& Tower with Radar,11,21,14,0,46,0,0,38,0,38,11,21,52,0,84,28,0,28,112
06/09/2019,MLI,IL,AGL,CE,Combined TRACON& Tower with Radar,12,32,21,0,65,0,0,9,0,9,12,32,30,0,74,0,0,0,74
06/10/2019,MLI,IL,AGL,CE,Combined TRACON& Tower with Radar,9,34,20,0,63,0,0,16,0,16,9,34,36,0,79,30,0,30,109
06/11/2019,MLI,IL,AGL,CE,Combined TRACON& Tower with Radar,8,34,27,4,73,0,0,29,0,29,8,34,56,4,102,18,0,18,120
06/12/2019,MLI,IL,AGL,CE,Combined TRACON& Tower with Radar,15,32,14,1,62,0,0,2,1,3,15,32,16,2,65,12,0,12,77
06/13/2019,MLI,IL,AGL,CE,Combined TRACON& Tower with Radar,15,31,25,2,73,0,0,30,0,30,15,31,55,2,103,28,0,28,131
06/14/2019,MLI,IL,AGL,CE,Combined TRACON& Tower with Radar,11,37,18,2,68,0,0,12,0,12,11,37,30,2,80,22,0,22,102
06/15/2019,MLI,IL,AGL,CE,Combined TRACON& Tower with Radar,11,20,3,0,34,0,0,0,0,0,11,20,3,0,34,4,0,4,38
06/16/2019,MLI,IL,AGL,CE,Combined TRACON& Tower with Radar,15,31,8,0,54,0,0,0,0,0,15,31,8,0,54,0,0,0,54
06/17/2019,MLI,IL,AGL,CE,Combined TRACON& Tower with Radar,10,34,35,0,79,0,0,11,0,11,10,34,46,0,90,68,0,68,158
06/18/2019,MLI,IL,AGL,CE,Combined TRACON& Tower with Radar,10,29,30,0,69,0,0,36,1,37,10,29,66,1,106,64,14,78,184
06/19/2019,MLI,IL,AGL,CE,Combined TRACON& Tower with Radar,14,41,31,0,86,0,0,3,0,3,14,41,34,0,89,28,0,28,117
06/20/2019,MLI,IL,AGL,CE,Combined TRACON& Tower with Radar,16,39,21,0,76,0,0,21,0,21,16,39,42,0,97,22,0,22,119
06/21/2019,MLI,IL,AGL,CE,Combined TRACON& Tower with Radar,9,31,10,2,52,0,0,6,0,6,9,31,16,2,58,14,0,14,72
06/22/2019,MLI,IL,AGL,CE,Combined TRACON& Tower with Radar,13,22,6,0,41,0,0,11,0,11,13,22,17,0,52,0,0,0,52
06/23/2019,MLI,IL,AGL,CE,Combined TRACON& Tower with Radar,13,26,12,0,51,0,0,4,0,4,13,26,16,0,55,0,0,0,55
06/24/2019,MLI,IL,AGL,CE,Combined TRACON& Tower with Radar,9,26,26,1,62,0,0,5,0,5,9,26,31,1,67,4,0,4,71
06/25/2019,MLI,IL,AGL,CE,Combined TRACON& Tower with Radar,9,38,24,1,72,0,2,31,0,33,9,40,55,1,105,34,0,34,139
06/26/2019,MLI,IL,AGL,CE,Combined TRACON& Tower with Radar,18,38,19,1,76,0,0,31,3,34,18,38,50,4,110,68,0,68,178
06/27/2019,MLI,IL,AGL,CE,Combined TRACON& Tower with Radar,14,28,9,2,53,0,0,17,9,26,14,28,26,11,79,12,0,12,91
06/28/2019,MLI,IL,AGL,CE,Combined TRACON& Tower with Radar,10,28,26,0,64,0,0,14,4,18,10,28,40,4,82,20,6,26,108
06/29/2019,MLI,IL,AGL,CE,Combined TRACON& Tower with Radar,13,22,15,2,52,0,0,37,7,44,13,22,52,9,96,14,0,14,110
06/30/2019,MLI,IL,AGL,CE,Combined TRACON& Tower with Radar,15,24,11,4,54,0,0,20,9,29,15,24,31,13,83,0,0,0,83
07/01/2019,MLI,IL,AGL,CE,Combined TRACON& Tower with Radar,8,32,15,1,56,0,0,25,1,26,8,32,40,2,82,20,0,20,102
07/02/2019,MLI,IL,AGL,CE,Combined TRACON& Tower with Radar,10,36,20,0,66,0,0,19,0,19,10,36,39,0,85,12,0,12,97
07/03/2019,MLI,IL,AGL,CE,Combined TRACON& Tower with Radar,14,27,6,0,47,0,0,3,2,5,14,27,9,2,52,0,0,0,52
07/04/2019,MLI,IL,AGL,CE,Combined TRACON& Tower with Radar,10,25,1,0,36,0,0,18,0,18,10,25,19,0,54,34,0,34,88
07/05/2019,MLI,IL,AGL,CE,Combined TRACON& Tower with Radar,8,27,7,0,42,0,0,19,0,19,8,27,26,0,61,42,0,42,103
07/06/2019,MLI,IL,AGL,CE,Combined TRACON& Tower with Radar,13,24,5,0,42,0,0,17,0,17,13,24,22,0,59,16,0,16,75
07/07/2019,MLI,IL,AGL,CE,Combined TRACON& Tower with Radar,13,34,17,0,64,0,0,29,0,29,13,34,46,0,93,60,0,60,153
07/08/2019,MLI,IL,AGL,CE,Combined TRACON& Tower with Radar,9,42,51,0,102,0,0,23,0,23,9,42,74,0,125,50,0,50,175
07/09/2019,MLI,IL,AGL,CE,Combined TRACON& Tower with Radar,9,38,20,0,67,0,0,28,0,28,9,38,48,0,95,40,0,40,135
07/10/2019,MLI,IL,AGL,CE,Combined TRACON& Tower with Radar,13,46,32,0,91,0,0,16,0,16,13,46,48,0,107,34,0,34,141
07/11/2019,MLI,IL,AGL,CE,Combined TRACON& Tower with Radar,14,35,66,1,116,0,0,36,0,36,14,35,102,1,152,88,0,88,240
07/12/2019,MLI,IL,AGL,CE,Combined TRACON& Tower with Radar,9,32,19,1,61,0,0,36,0,36,9,32,55,1,97,48,0,48,145
07/13/2019,MLI,IL,AGL,CE,Combined TRACON& Tower with Radar,15,27,22,0,64,0,0,29,0,29,15,27,51,0,93,76,0,76,169
07/14/2019,MLI,IL,AGL,CE,Combined TRACON& Tower with Radar,23,34,25,0,82,0,0,24,0,24,23,34,49,0,106,56,0,56,162
07/15/2019,MLI,IL,AGL,CE,Combined TRACON& Tower with Radar,12,42,31,0,85,0,0,20,0,20,12,42,51,0,105,22,0,22,127
07/16/2019,MLI,IL,AGL,CE,Combined TRACON& Tower with Radar,12,33,37,3,85,0,1,8,0,9,12,34,45,3,94,42,0,42,136
07/17/2019,MLI,IL,AGL,CE,Combined TRACON& Tower with Radar,14,28,29,0,71,0,0,13,1,14,14,28,42,1,85,10,0,10,95
07/18/2019,MLI,IL,AGL,CE,Combined TRACON& Tower with Radar,14,28,34,4,80,0,0,22,2,24,14,28,56,6,104,12,0,12,116
07/19/2019,MLI,IL,AGL,CE,Combined TRACON& Tower with Radar,9,32,18,0,59,0,0,27,1,28,9,32,45,1,87,24,0,24,111
07/20/2019,MLI,IL,AGL,CE,Combined TRACON& Tower with Radar,13,23,18,0,54,0,0,31,1,32,13,23,49,1,86,32,0,32,118
07/21/2019,MLI,IL,AGL,CE,Combined TRACON& Tower with Radar,16,30,18,4,68,0,0,26,0,26,16,30,44,4,94,8,18,26,120
07/22/2019,MLI,IL,AGL,CE,Combined TRACON& Tower with Radar,9,30,15,0,54,0,0,21,0,21,9,30,36,0,75,36,0,36,111
07/23/2019,MLI,IL,AGL,CE,Combined TRACON& Tower with Radar,10,32,23,0,65,0,0,30,0,30,10,32,53,0,95,52,0,52,147
07/24/2019,MLI,IL,AGL,CE,Combined TRACON& Tower with Radar,14,32,23,0,69,0,0,33,0,33,14,32,56,0,102,24,0,24,126
07/25/2019,MLI,IL,AGL,CE,Combined TRACON& Tower with Radar,14,37,15,1,67,0,0,41,0,41,14,37,56,1,108,30,0,30,138
07/26/2019,MLI,IL,AGL,CE,Combined TRACON& Tower with Radar,10,31,25,0,66,0,0,30,1,31,10,31,55,1,97,28,0,28,125
07/27/2019,MLI,IL,AGL,CE,Combined TRACON& Tower with Radar,13,23,7,0,43,0,0,25,1,26,13,23,32,1,69,0,0,0,69
07/28/2019,MLI,IL,AGL,CE,Combined TRACON& Tower with Radar,14,36,13,0,63,0,0,25,0,25,14,36,38,0,88,6,0,6,94
07/29/2019,MLI,IL,AGL,CE,Combined TRACON& Tower with Radar,9,28,7,0,44,0,0,11,0,11,9,28,18,0,55,6,0,6,61
07/30/2019,MLI,IL,AGL,CE,Combined TRACON& Tower with Radar,10,33,17,0,60,0,1,33,0,34,10,34,50,0,94,56,0,56,150
07/31/2019,MLI,IL,AGL,CE,Combined TRACON& Tower with Radar,14,34,22,0,70,0,0,30,0,30,14,34,52,0,100,22,0,22,122
08/01/2019,MLI,IL,AGL,CE,Combined TRACON& Tower with Radar,15,35,28,0,78,0,0,37,0,37,15,35,65,0,115,22,0,22,137
08/02/2019,MLI,IL,AGL,CE,Combined TRACON& Tower with Radar,9,33,24,2,68,0,0,47,0,47,9,33,71,2,115,64,0,64,179
08/03/2019,MLI,IL,AGL,CE,Combined TRACON& Tower with Radar,13,20,6,0,39,0,0,44,0,44,13,20,50,0,83,20,0,20,103
08/04/2019,MLI,IL,AGL,CE,Combined TRACON& Tower with Radar,16,34,20,2,72,0,0,23,0,23,16,34,43,2,95,44,0,44,139
08/05/2019,MLI,IL,AGL,CE,Combined TRACON& Tower with Radar,10,31,17,0,58,0,0,19,0,19,10,31,36,0,77,40,0,40,117
08/06/2019,MLI,IL,AGL,CE,Combined TRACON& Tower with Radar,7,36,12,2,57,0,0,11,0,11,7,36,23,2,68,12,0,12,80
08/07/2019,MLI,IL,AGL,CE,Combined TRACON& Tower with Radar,14,31,18,1,64,0,0,47,0,47,14,31,65,1,111,62,0,62,173
08/08/2019,MLI,IL,AGL,CE,Combined TRACON& Tower with Radar,13,34,20,5,72,0,0,20,0,20,13,34,40,5,92,16,0,16,108
08/09/2019,MLI,IL,AGL,CE,Combined TRACON& Tower with Radar,9,34,17,2,62,0,0,28,0,28,9,34,45,2,90,18,0,18,108
08/10/2019,MLI,IL,AGL,CE,Combined TRACON& Tower with Radar,14,26,10,0,50,0,0,18,0,18,14,26,28,0,68,20,0,20,88
08/11/2019,MLI,IL,AGL,CE,Combined TRACON& Tower with Radar,13,29,14,0,56,0,1,0,0,1,13,30,14,0,57,0,0,0,57
08/12/2019,MLI,IL,AGL,CE,Combined TRACON& Tower with Radar,9,29,10,0,48,0,0,0,0,0,9,29,10,0,48,0,0,0,48
08/13/2019,MLI,IL,AGL,CE,Combined TRACON& Tower with Radar,9,38,28,2,77,0,0,8,0,8,9,38,36,2,85,0,0,0,85
08/14/2019,MLI,IL,AGL,CE,Combined TRACON& Tower with Radar,11,43,16,4,74,0,0,19,0,19,11,43,35,4,93,28,0,28,121
08/15/2019,MLI,IL,AGL,CE,Combined TRACON& Tower with Radar,12,34,19,0,65,0,0,34,0,34,12,34,53,0,99,8,0,8,107
08/16/2019,MLI,IL,AGL,CE,Combined TRACON& Tower with Radar,11,36,21,0,68,0,0,17,0,17,11,36,38,0,85,24,0,24,109
08/17/2019,MLI,IL,AGL,CE,Combined TRACON& Tower with Radar,10,23,1,0,34,0,0,16,0,16,10,23,17,0,50,0,0,0,50
08/18/2019,MLI,IL,AGL,CE,Combined TRACON& Tower with Radar,13,25,12,0,50,0,0,17,0,17,13,25,29,0,67,74,0,74,141
08/19/2019,MLI,IL,AGL,CE,Combined TRACON& Tower with Radar,12,38,24,0,74,0,0,36,0,36,12,38,60,0,110,14,0,14,124
08/20/2019,MLI,IL,AGL,CE,Combined TRACON& Tower with Radar,14,25,14,1,54,0,0,10,1,11,14,25,24,2,65,48,0,48,113
08/21/2019,MLI,IL,AGL,CE,Combined TRACON& Tower with Radar,14,35,24,2,75,0,2,11,0,13,14,37,35,2,88,52,0,52,140
08/22/2019,MLI,IL,AGL,CE,Combined TRACON& Tower with Radar,15,33,22,0,70,0,1,33,0,34,15,34,55,0,104,65,0,65,169
08/23/2019,MLI,IL,AGL,CE,Combined TRACON& Tower with Radar,13,31,9,6,59,0,0,32,1,33,13,31,41,7,92,12,0,12,104
08/24/2019,MLI,IL,AGL,CE,Combined TRACON& Tower with Radar,12,19,8,1,40,0,0,34,0,34,12,19,42,1,74,14,0,14,88
08/25/2019,MLI,IL,AGL,CE,Combined TRACON& Tower with Radar,16,32,8,0,56,0,0,15,0,15,16,32,23,0,71,10,0,10,81
08/26/2019,MLI,IL,AGL,CE,Combined TRACON& Tower with Radar,13,33,18,2,66,0,0,1,1,2,13,33,19,3,68,10,0,10,78
08/27/2019,MLI,IL,AGL,CE,Combined TRACON& Tower with Radar,13,31,21,7,72,0,0,20,4,24,13,31,41,11,96,48,6,54,150
08/28/2019,MLI,IL,AGL,CE,Combined TRACON& Tower with Radar,14,30,22,2,68,0,0,27,0,27,14,30,49,2,95,40,0,40,135
08/29/2019,MLI,IL,AGL,CE,Combined TRACON& Tower with Radar,16,39,26,1,82,0,0,16,1,17,16,39,42,2,99,14,0,14,113
08/30/2019,MLI,IL,AGL,CE,Combined TRACON& Tower with Radar,12,37,12,0,61,0,0,32,0,32,12,37,44,0,93,28,0,28,121
08/31/2019,MLI,IL,AGL,CE,Combined TRACON& Tower with Radar,11,15,18,0,44,0,0,20,0,20,11,15,38,0,64,0,0,0,64
09/01/2019,MLI,IL,AGL,CE,Combined TRACON& Tower with Radar,14,20,6,0,40,0,1,4,0,5,14,21,10,0,45,0,0,0,45
09/02/2019,MLI,IL,AGL,CE,Combined TRACON& Tower with Radar,14,24,14,1,53,0,0,32,0,32,14,24,46,1,85,56,0,56,141
09/03/2019,MLI,IL,AGL,CE,Combined TRACON& Tower with Radar,14,32,22,0,68,0,0,8,0,8,14,32,30,0,76,20,0,20,96
09/04/2019,MLI,IL,AGL,CE,Combined TRACON& Tower with Radar,13,29,25,0,67,0,0,22,0,22,13,29,47,0,89,46,0,46,135
09/05/2019,MLI,IL,AGL,CE,Combined TRACON& Tower with Radar,14,36,24,0,74,0,0,24,0,24,14,36,48,0,98,14,0,14,112
09/06/2019,MLI,IL,AGL,CE,Combined TRACON& Tower with Radar,13,38,11,0,62,0,0,21,0,21,13,38,32,0,83,24,0,24,107
09/07/2019,MLI,IL,AGL,CE,Combined TRACON& Tower with Radar,7,21,6,0,34,0,0,23,0,23,7,21,29,0,57,44,0,44,101
09/08/2019,MLI,IL,AGL,CE,Combined TRACON& Tower with Radar,14,31,12,0,57,0,0,0,0,0,14,31,12,0,57,14,0,14,71
09/09/2019,MLI,IL,AGL,CE,Combined TRACON& Tower with Radar,14,32,25,0,71,0,0,7,0,7,14,32,32,0,78,12,0,12,90
09/10/2019,MLI,IL,AGL,CE,Combined TRACON& Tower with Radar,11,38,13,2,64,0,0,27,0,27,11,38,40,2,91,10,0,10,101
09/11/2019,MLI,IL,AGL,CE,Combined TRACON& Tower with Radar,10,34,27,0,71,0,0,10,4,14,10,34,37,4,85,12,0,12,97
09/12/2019,MLI,IL,AGL,CE,Combined TRACON& Tower with Radar,16,23,21,0,60,0,0,4,0,4,16,23,25,0,64,0,0,0,64
09/13/2019,MLI,IL,AGL,CE,Combined TRACON& Tower with Radar,15,30,12,2,59,0,0,17,0,17,15,30,29,2,76,0,0,0,76
09/14/2019,MLI,IL,AGL,CE,Combined TRACON& Tower with Radar,6,21,10,0,37,0,0,20,0,20,6,21,30,0,57,0,0,0,57
09/15/2019,MLI,IL,AGL,CE,Combined TRACON& Tower with Radar,16,27,19,0,62,0,0,8,0,8,16,27,27,0,70,12,0,12,82
09/16/2019,MLI,IL,AGL,CE,Combined TRACON& Tower with Radar,12,33,23,2,70,0,0,22,0,22,12,33,45,2,92,44,0,44,136
09/17/2019,MLI,IL,AGL,CE,Combined TRACON& Tower with Radar,12,35,25,1,73,0,0,8,1,9,12,35,33,2,82,26,0,26,108
09/18/2019,MLI,IL,AGL,CE,Combined TRACON& Tower with Radar,10,33,13,5,61,0,0,26,2,28,10,33,39,7,89,42,0,42,131
09/19/2019,MLI,IL,AGL,CE,Combined TRACON& Tower with Radar,14,32,27,3,76,0,0,13,2,15,14,32,40,5,91,30,2,32,123
09/20/2019,MLI,IL,AGL,CE,Combined TRACON& Tower with Radar,11,33,33,1,78,0,0,19,1,20,11,33,52,2,98,10,0,10,108
09/21/2019,MLI,IL,AGL,CE,Combined TRACON& Tower with Radar,6,21,10,2,39,0,0,10,0,10,6,21,20,2,49,0,0,0,49
09/22/2019,MLI,IL,AGL,CE,Combined TRACON& Tower with Radar,14,28,20,0,62,0,0,0,0,0,14,28,20,0,62,0,0,0,62
09/23/2019,MLI,IL,AGL,CE,Combined TRACON& Tower with Radar,11,30,10,0,51,0,0,25,0,25,11,30,35,0,76,0,0,0,76
09/24/2019,MLI,IL,AGL,CE,Combined TRACON& Tower with Radar,12,31,24,3,70,0,0,11,2,13,12,31,35,5,83,0,0,0,83
09/25/2019,MLI,IL,AGL,CE,Combined TRACON& Tower with Radar,11,39,22,2,74,0,0,27,1,28,11,39,49,3,102,56,0,56,158
09/26/2019,MLI,IL,AGL,CE,Combined TRACON& Tower with Radar,13,31,17,0,61,0,0,23,0,23,13,31,40,0,84,0,0,0,84
09/27/2019,MLI,IL,AGL,CE,Combined TRACON& Tower with Radar,9,25,7,0,41,0,0,1,0,1,9,25,8,0,42,0,0,0,42
09/28/2019,MLI,IL,AGL,CE,Combined TRACON& Tower with Radar,7,22,14,0,43,0,0,0,0,0,7,22,14,0,43,4,0,4,47
09/29/2019,MLI,IL,AGL,CE,Combined TRACON& Tower with Radar,16,21,13,0,50,0,0,0,0,0,16,21,13,0,50,0,0,0,50
09/30/2019,MLI,IL,AGL,CE,Combined TRACON& Tower with Radar,12,31,16,0,59,0,0,12,0,12,12,31,28,0,71,16,0,16,87
10/01/2019,MLI,IL,AGL,CE,Combined TRACON& Tower with Radar,11,35,31,2,79,0,0,10,2,12,11,35,41,4,91,40,0,40,131
10/02/2019,MLI,IL,AGL,CE,Combined TRACON& Tower with Radar,16,36,14,0,66,0,0,1,0,1,16,36,15,0,67,0,0,0,67
10/03/2019,MLI,IL,AGL,CE,Combined TRACON& Tower with Radar,16,35,16,0,67,0,0,8,0,8,16,35,24,0,75,24,0,24,99
10/04/2019,MLI,IL,AGL,CE,Combined TRACON& Tower with Radar,12,32,18,0,62,0,2,19,0,21,12,34,37,0,83,16,0,16,99
10/05/2019,MLI,IL,AGL,CE,Combined TRACON& Tower with Radar,12,24,10,0,46,0,0,5,0,5,12,24,15,0,51,0,0,0,51
10/06/2019,MLI,IL,AGL,CE,Combined TRACON& Tower with Radar,16,31,7,0,54,0,0,30,0,30,16,31,37,0,84,26,0,26,110
10/07/2019,MLI,IL,AGL,CE,Combined TRACON& Tower with Radar,12,34,23,2,71,0,0,39,0,39,12,34,62,2,110,48,0,48,158
10/08/2019,MLI,IL,AGL,CE,Combined TRACON& Tower with Radar,12,36,21,1,70,0,0,22,1,23,12,36,43,2,93,34,0,34,127
10/09/2019,MLI,IL,AGL,CE,Combined TRACON& Tower with Radar,16,29,30,1,76,0,0,38,2,40,16,29,68,3,116,18,0,18,134
10/10/2019,MLI,IL,AGL,CE,Combined TRACON& Tower with Radar,15,36,26,0,77,0,0,9,0,9,15,36,35,0,86,6,0,6,92
10/11/2019,MLI,IL,AGL,CE,Combined TRACON& Tower with Radar,11,30,12,0,53,0,0,0,0,0,11,30,12,0,53,0,0,0,53
10/12/2019,MLI,IL,AGL,CE,Combined TRACON& Tower with Radar,13,26,17,2,58,0,0,5,0,5,13,26,22,2,63,6,0,6,69
10/13/2019,MLI,IL,AGL,CE,Combined TRACON& Tower with Radar,16,27,15,0,58,0,0,12,0,12,16,27,27,0,70,8,0,8,78
10/14/2019,MLI,IL,AGL,CE,Combined TRACON& Tower with Radar,12,32,15,0,59,0,0,43,0,43,12,32,58,0,102,44,0,44,146
10/15/2019,MLI,IL,AGL,CE,Combined TRACON& Tower with Radar,12,30,16,2,60,0,0,5,0,5,12,30,21,2,65,10,0,10,75
10/16/2019,MLI,IL,AGL,CE,Combined TRACON& Tower with Radar,16,32,14,0,62,0,0,4,0,4,16,32,18,0,66,0,0,0,66
10/17/2019,MLI,IL,AGL,CE,Combined TRACON& Tower with Radar,16,33,17,1,67,0,0,27,0,27,16,33,44,1,94,30,0,30,124
10/18/2019,MLI,IL,AGL,CE,Combined TRACON& Tower with Radar,12,36,16,6,70,0,0,27,3,30,12,36,43,9,100,36,20,56,156
10/19/2019,MLI,IL,AGL,CE,Combined TRACON& Tower with Radar,13,21,8,0,42,0,0,13,1,14,13,21,21,1,56,10,0,10,66
10/20/2019,MLI,IL,AGL,CE,Combined TRACON& Tower with Radar,15,26,8,0,49,0,0,13,0,13,15,26,21,0,62,12,0,12,74
10/21/2019,MLI,IL,AGL,CE,Combined TRACON& Tower with Radar,12,33,11,0,56,0,0,0,0,0,12,33,11,0,56,0,0,0,56
10/22/2019,MLI,IL,AGL,CE,Combined TRACON& Tower with Radar,12,35,18,0,65,0,0,2,0,2,12,35,20,0,67,4,0,4,71
10/23/2019,MLI,IL,AGL,CE,Combined TRACON& Tower with Radar,16,30,19,0,65,0,1,5,0,6,16,31,24,0,71,0,0,0,71
10/24/2019,MLI,IL,AGL,CE,Combined TRACON& Tower with Radar,16,33,17,0,66,0,0,25,2,27,16,33,42,2,93,30,0,30,123
10/25/2019,MLI,IL,AGL,CE,Combined TRACON& Tower with Radar,14,33,6,2,55,0,0,18,2,20,14,33,24,4,75,0,0,0,75
10/26/2019,MLI,IL,AGL,CE,Combined TRACON& Tower with Radar,18,21,10,0,49,0,0,10,0,10,18,21,20,0,59,10,0,10,69
10/27/2019,MLI,IL,AGL,CE,Combined TRACON& Tower with Radar,16,30,8,0,54,0,0,21,0,21,16,30,29,0,75,36,0,36,111
10/28/2019,MLI,IL,AGL,CE,Combined TRACON& Tower with Radar,10,30,17,0,57,0,0,6,0,6,10,30,23,0,63,8,0,8,71
10/29/2019,MLI,IL,AGL,CE,Combined TRACON& Tower with Radar,9,27,21,2,59,0,0,7,0,7,9,27,28,2,66,36,0,36,102
10/30/2019,MLI,IL,AGL,CE,Combined TRACON& Tower with Radar,16,28,7,0,51,0,0,2,0,2,16,28,9,0,53,0,0,0,53
10/31/2019,MLI,IL,AGL,CE,Combined TRACON& Tower with Radar,15,29,14,0,58,0,0,0,0,0,15,29,14,0,58,0,0,0,58
11/01/2019,MLI,IL,AGL,CE,Combined TRACON& Tower with Radar,10,31,7,1,49,0,0,6,0,6,10,31,13,1,55,8,0,8,63
11/02/2019,MLI,IL,AGL,CE,Combined TRACON& Tower with Radar,15,23,6,0,44,0,0,17,0,17,15,23,23,0,61,34,0,34,95
11/03/2019,MLI,IL,AGL,CE,Combined TRACON& Tower with Radar,15,24,11,0,50,0,0,28,0,28,15,24,39,0,78,22,0,22,100
11/04/2019,MLI,IL,AGL,CE,Combined TRACON& Tower with Radar,11,33,15,0,59,0,2,12,0,14,11,35,27,0,73,16,0,16,89
11/05/2019,MLI,IL,AGL,CE,Combined TRACON& Tower with Radar,8,34,17,0,59,0,0,12,0,12,8,34,29,0,71,8,0,8,79
11/06/2019,MLI,IL,AGL,CE,Combined TRACON& Tower with Radar,14,28,11,0,53,0,0,3,0,3,14,28,14,0,56,10,0,10,66
11/07/2019,MLI,IL,AGL,CE,Combined TRACON& Tower with Radar,15,31,15,0,61,0,0,24,1,25,15,31,39,1,86,0,0,0,86
11/08/2019,MLI,IL,AGL,CE,Combined TRACON& Tower with Radar,11,29,17,0,57,0,0,13,0,13,11,29,30,0,70,10,0,10,80
11/09/2019,MLI,IL,AGL,CE,Combined TRACON& Tower with Radar,15,24,7,0,46,0,0,24,0,24,15,24,31,0,70,30,0,30,100
11/10/2019,MLI,IL,AGL,CE,Combined TRACON& Tower with Radar,15,29,12,0,56,0,0,7,0,7,15,29,19,0,63,18,0,18,81
11/11/2019,MLI,IL,AGL,CE,Combined TRACON& Tower with Radar,9,16,10,0,35,0,0,1,0,1,9,16,11,0,36,0,0,0,36
11/12/2019,MLI,IL,AGL,CE,Combined TRACON& Tower with Radar,10,28,30,0,68,0,0,13,0,13,10,28,43,0,81,6,0,6,87
11/13/2019,MLI,IL,AGL,CE,Combined TRACON& Tower with Radar,12,30,25,0,67,0,0,5,0,5,12,30,30,0,72,0,0,0,72
11/14/2019,MLI,IL,AGL,CE,Combined TRACON& Tower with Radar,14,34,29,0,77,0,0,9,0,9,14,34,38,0,86,0,0,0,86
11/15/2019,MLI,IL,AGL,CE,Combined TRACON& Tower with Radar,11,32,16,1,60,0,0,21,1,22,11,32,37,2,82,0,0,0,82
11/16/2019,MLI,IL,AGL,CE,Combined TRACON& Tower with Radar,12,23,12,0,47,0,0,17,0,17,12,23,29,0,64,26,0,26,90
11/17/2019,MLI,IL,AGL,CE,Combined TRACON& Tower with Radar,15,26,9,0,50,0,0,2,0,2,15,26,11,0,52,0,0,0,52
11/18/2019,MLI,IL,AGL,CE,Combined TRACON& Tower with Radar,11,29,20,0,60,0,0,2,0,2,11,29,22,0,62,18,0,18,80
11/19/2019,MLI,IL,AGL,CE,Combined TRACON& Tower with Radar,12,30,13,5,60,0,0,0,0,0,12,30,13,5,60,0,0,0,60
11/20/2019,MLI,IL,AGL,CE,Combined TRACON& Tower with Radar,12,27,22,1,62,0,0,7,0,7,12,27,29,1,69,0,0,0,69
11/21/2019,MLI,IL,AGL,CE,Combined TRACON& Tower with Radar,16,26,18,0,60,0,0,2,0,2,16,26,20,0,62,0,0,0,62
11/22/2019,MLI,IL,AGL,CE,Combined TRACON& Tower with Radar,14,25,10,0,49,0,0,33,0,33,14,25,43,0,82,20,0,20,102
11/23/2019,MLI,IL,AGL,CE,Combined TRACON& Tower with Radar,14,17,5,0,36,0,0,21,0,21,14,17,26,0,57,0,0,0,57
11/24/2019,MLI,IL,AGL,CE,Combined TRACON& Tower with Radar,19,20,7,0,46,0,0,16,0,16,19,20,23,0,62,0,0,0,62
11/25/2019,MLI,IL,AGL,CE,Combined TRACON& Tower with Radar,11,22,11,4,48,0,0,39,1,40,11,22,50,5,88,14,0,14,102
11/26/2019,MLI,IL,AGL,CE,Combined TRACON& Tower with Radar,22,28,14,0,64,0,0,11,6,17,22,28,25,6,81,0,0,0,81
11/27/2019,MLI,IL,AGL,CE,Combined TRACON& Tower with Radar,14,26,6,0,46,0,0,0,0,0,14,26,6,0,46,0,0,0,46
11/28/2019,MLI,IL,AGL,CE,Combined TRACON& Tower with Radar,5,12,0,0,17,0,0,0,0,0,5,12,0,0,17,50,0,50,67
11/29/2019,MLI,IL,AGL,CE,Combined TRACON& Tower with Radar,11,15,10,0,36,0,0,0,0,0,11,15,10,0,36,51,0,51,87
11/30/2019,MLI,IL,AGL,CE,Combined TRACON& Tower with Radar,19,19,2,0,40,0,0,0,0,0,19,19,2,0,40,0,0,0,40
12/01/2019,MLI,IL,AGL,CE,Combined TRACON& Tower with Radar,12,17,9,0,38,0,0,0,0,0,12,17,9,0,38,0,0,0,38
12/02/2019,MLI,IL,AGL,CE,Combined TRACON& Tower with Radar,20,26,20,0,66,0,0,4,0,4,20,26,24,0,70,0,0,0,70
12/03/2019,MLI,IL,AGL,CE,Combined TRACON& Tower with Radar,13,32,24,2,71,0,0,26,0,26,13,32,50,2,97,44,0,44,141
12/04/2019,MLI,IL,AGL,CE,Combined TRACON& Tower with Radar,15,29,24,2,70,0,0,37,2,39,15,29,61,4,109,0,0,0,109
12/05/2019,MLI,IL,AGL,CE,Combined TRACON& Tower with Radar,18,33,18,0,69,0,0,41,0,41,18,33,59,0,110,0,0,0,110
12/06/2019,MLI,IL,AGL,CE,Combined TRACON& Tower with Radar,12,28,25,0,65,0,0,11,0,11,12,28,36,0,76,8,0,8,84
12/07/2019,MLI,IL,AGL,CE,Combined TRACON& Tower with Radar,12,19,8,0,39,0,1,25,0,26,12,20,33,0,65,10,0,10,75
12/08/2019,MLI,IL,AGL,CE,Combined TRACON& Tower with Radar,18,27,8,0,53,0,0,7,0,7,18,27,15,0,60,0,0,0,60
12/09/2019,MLI,IL,AGL,CE,Combined TRACON& Tower with Radar,12,29,10,0,51,0,0,0,0,0,12,29,10,0,51,0,0,0,51
12/10/2019,MLI,IL,AGL,CE,Combined TRACON& Tower with Radar,11,29,28,0,68,0,0,13,0,13,11,29,41,0,81,10,0,10,91
12/11/2019,MLI,IL,AGL,CE,Combined TRACON& Tower with Radar,14,30,24,0,68,0,0,8,0,8,14,30,32,0,76,34,0,34,110
12/12/2019,MLI,IL,AGL,CE,Combined TRACON& Tower with Radar,16,31,19,0,66,0,0,7,0,7,16,31,26,0,73,0,0,0,73
12/13/2019,MLI,IL,AGL,CE,Combined TRACON& Tower with Radar,11,35,10,0,56,0,0,4,0,4,11,35,14,0,60,28,0,28,88
12/14/2019,MLI,IL,AGL,CE,Combined TRACON& Tower with Radar,16,20,10,0,46,0,0,0,0,0,16,20,10,0,46,14,0,14,60
12/15/2019,MLI,IL,AGL,CE,Combined TRACON& Tower with Radar,18,23,14,2,57,0,0,10,0,10,18,23,24,2,67,14,0,14,81
12/16/2019,MLI,IL,AGL,CE,Combined TRACON& Tower with Radar,11,33,14,0,58,0,0,9,0,9,11,33,23,0,67,0,0,0,67
12/17/2019,MLI,IL,AGL,CE,Combined TRACON& Tower with Radar,10,31,16,0,57,0,0,2,0,2,10,31,18,0,59,0,0,0,59
12/18/2019,MLI,IL,AGL,CE,Combined TRACON& Tower with Radar,10,31,13,2,56,0,0,24,0,24,10,31,37,2,80,46,2,48,128
12/19/2019,MLI,IL,AGL,CE,Combined TRACON& Tower with Radar,18,30,22,1,71,0,0,8,0,8,18,30,30,1,79,10,0,10,89
12/20/2019,MLI,IL,AGL,CE,Combined TRACON& Tower with Radar,10,25,18,0,53,0,0,15,0,15,10,25,33,0,68,16,0,16,84
12/21/2019,MLI,IL,AGL,CE,Combined TRACON& Tower with Radar,14,19,10,0,43,0,0,20,0,20,14,19,30,0,63,0,0,0,63
12/22/2019,MLI,IL,AGL,CE,Combined TRACON& Tower with Radar,17,26,5,0,48,0,1,22,0,23,17,27,27,0,71,54,0,54,125
12/23/2019,MLI,IL,AGL,CE,Combined TRACON& Tower with Radar,10,27,16,0,53,0,0,26,0,26,10,27,42,0,79,0,0,0,79
12/24/2019,MLI,IL,AGL,CE,Combined TRACON& Tower with Radar,16,23,3,0,42,0,0,9,0,9,16,23,12,0,51,14,0,14,65
12/25/2019,MLI,IL,AGL,CE,Combined TRACON& Tower with Radar,8,18,0,0,26,0,0,17,0,17,8,18,17,0,43,0,0,0,43
12/26/2019,MLI,IL,AGL,CE,Combined TRACON& Tower with Radar,17,29,6,0,52,0,0,2,0,2,17,29,8,0,54,0,0,0,54
12/27/2019,MLI,IL,AGL,CE,Combined TRACON& Tower with Radar,9,30,17,0,56,0,0,16,0,16,9,30,33,0,72,0,0,0,72
12/28/2019,MLI,IL,AGL,CE,Combined TRACON& Tower with Radar,14,24,6,0,44,0,0,0,0,0,14,24,6,0,44,0,0,0,44
12/29/2019,MLI,IL,AGL,CE,Combined TRACON& Tower with Radar,18,23,6,0,47,0,0,3,0,3,18,23,9,0,50,0,0,0,50
12/30/2019,MLI,IL,AGL,CE,Combined TRACON& Tower with Radar,10,22,16,0,48,0,0,3,0,3,10,22,19,0,51,8,0,8,59
12/31/2019,MLI,IL,AGL,CE,Combined TRACON& Tower with Radar,16,20,10,0,46,0,0,2,0,2,16,20,12,0,48,0,0,0,48
01/01/2020,MLI,IL,AGL,CE,Combined TRACON& Tower with Radar,7,24,9,0,40,0,0,11,0,11,7,24,20,0,51,38,0,38,89
01/02/2020,MLI,IL,AGL,CE,Combined TRACON& Tower with Radar,18,24,6,1,49,0,1,12,1,14,18,25,18,2,63,0,0,0,63
01/03/2020,MLI,IL,AGL,CE,Combined TRACON& Tower with Radar,10,30,9,2,51,0,0,3,0,3,10,30,12,2,54,0,0,0,54
01/04/2020,MLI,IL,AGL,CE,Combined TRACON& Tower with Radar,12,22,6,0,40,0,0,1,0,1,12,22,7,0,41,10,0,10,51
01/05/2020,MLI,IL,AGL,CE,Combined TRACON& Tower with Radar,21,23,3,0,47,0,0,6,0,6,21,23,9,0,53,0,0,0,53
01/06/2020,MLI,IL,AGL,CE,Combined TRACON& Tower with Radar,12,29,18,0,59,0,0,5,0,5,12,29,23,0,64,10,0,10,74
01/07/2020,MLI,IL,AGL,CE,Combined TRACON& Tower with Radar,12,29,24,1,66,0,0,8,1,9,12,29,32,2,75,22,2,24,99
01/08/2020,MLI,IL,AGL,CE,Combined TRACON& Tower with Radar,14,31,14,0,59,0,1,13,0,14,14,32,27,0,73,6,0,6,79
01/09/2020,MLI,IL,AGL,CE,Combined TRACON& Tower with Radar,18,28,15,0,61,0,0,2,0,2,18,28,17,0,63,0,0,0,63
01/10/2020,MLI,IL,AGL,CE,Combined TRACON& Tower with Radar,10,26,9,0,45,0,0,1,0,1,10,26,10,0,46,0,0,0,46
01/11/2020,MLI,IL,AGL,CE,Combined TRACON& Tower with Radar,9,9,1,0,19,0,0,0,0,0,9,9,1,0,19,0,0,0,19
01/12/2020,MLI,IL,AGL,CE,Combined TRACON& Tower with Radar,17,24,7,0,48,0,0,2,0,2,17,24,9,0,50,40,0,40,90
01/13/2020,MLI,IL,AGL,CE,Combined TRACON& Tower with Radar,12,30,4,0,46,0,0,1,0,1,12,30,5,0,47,0,0,0,47
01/14/2020,MLI,IL,AGL,CE,Combined TRACON& Tower with Radar,12,29,26,0,67,0,0,5,0,5,12,29,31,0,72,18,0,18,90
01/15/2020,MLI,IL,AGL,CE,Combined TRACON& Tower with Radar,14,25,15,0,54,0,0,0,0,0,14,25,15,0,54,0,0,0,54
01/16/2020,MLI,IL,AGL,CE,Combined TRACON& Tower with Radar,17,28,13,0,58,0,0,6,0,6,17,28,19,0,64,16,0,16,80
01/17/2020,MLI,IL,AGL,CE,Combined TRACON& Tower with Radar,7,9,7,0,23,0,0,0,0,0,7,9,7,0,23,0,0,0,23
01/18/2020,MLI,IL,AGL,CE,Combined TRACON& Tower with Radar,4,5,3,0,12,0,0,0,0,0,4,5,3,0,12,0,0,0,12
01/19/2020,MLI,IL,AGL,CE,Combined TRACON& Tower with Radar,15,21,6,0,42,0,0,0,0,0,15,21,6,0,42,0,0,0,42
01/20/2020,MLI,IL,AGL,CE,Combined TRACON& Tower with Radar,11,32,6,0,49,0,0,8,0,8,11,32,14,0,57,0,0,0,57
01/21/2020,MLI,IL,AGL,CE,Combined TRACON& Tower with Radar,11,30,15,0,56,0,0,9,0,9,11,30,24,0,65,8,0,8,73
01/22/2020,MLI,IL,AGL,CE,Combined TRACON& Tower with Radar,13,27,9,0,49,0,0,5,0,5,13,27,14,0,54,0,0,0,54
01/23/2020,MLI,IL,AGL,CE,Combined TRACON& Tower with Radar,17,36,8,0,61,0,0,0,0,0,17,36,8,0,61,0,0,0,61
01/24/2020,MLI,IL,AGL,CE,Combined TRACON& Tower with Radar,12,28,3,0,43,0,0,0,0,0,12,28,3,0,43,0,0,0,43
01/25/2020,MLI,IL,AGL,CE,Combined TRACON& Tower with Radar,13,28,2,0,43,0,0,0,0,0,13,28,2,0,43,0,0,0,43
01/26/2020,MLI,IL,AGL,CE,Combined TRACON& Tower with Radar,17,23,10,0,50,0,0,1,0,1,17,23,11,0,51,20,0,20,71
01/27/2020,MLI,IL,AGL,CE,Combined TRACON& Tower with Radar,11,27,9,0,47,0,0,0,0,0,11,27,9,0,47,0,0,0,47
01/28/2020,MLI,IL,AGL,CE,Combined TRACON& Tower with Radar,11,31,18,0,60,0,0,0,0,0,11,31,18,0,60,0,0,0,60
01/29/2020,MLI,IL,AGL,CE,Combined TRACON& Tower with Radar,17,29,14,0,60,0,0,1,0,1,17,29,15,0,61,0,0,0,61
01/30/2020,MLI,IL,AGL,CE,Combined TRACON& Tower with Radar,19,29,14,0,62,0,0,0,0,0,19,29,14,0,62,0,0,0,62
01/31/2020,MLI,IL,AGL,CE,Combined TRACON& Tower with Radar,12,29,15,0,56,0,0,0,0,0,12,29,15,0,56,0,0,0,56
02/01/2020,MLI,IL,AGL,CE,Combined TRACON& Tower with Radar,11,21,18,0,50,0,0,9,0,9,11,21,27,0,59,26,0,26,85
02/02/2020,MLI,IL,AGL,CE,Combined TRACON& Tower with Radar,15,26,11,0,52,0,0,22,0,22,15,26,33,0,74,88,0,88,162
02/03/2020,MLI,IL,AGL,CE,Combined TRACON& Tower with Radar,12,32,13,0,57,0,0,14,0,14,12,32,27,0,71,0,0,0,71
02/04/2020,MLI,IL,AGL,CE,Combined TRACON& Tower with Radar,12,30,15,1,58,0,0,4,1,5,12,30,19,2,63,0,0,0,63
02/05/2020,MLI,IL,AGL,CE,Combined TRACON& Tower with Radar,15,28,6,3,52,0,0,7,5,12,15,28,13,8,64,20,44,64,128
02/06/2020,MLI,IL,AGL,CE,Combined TRACON& Tower with Radar,14,30,23,1,68,1,0,20,2,23,15,30,43,3,91,40,4,44,135
02/07/2020,MLI,IL,AGL,CE,Combined TRACON& Tower with Radar,12,27,7,0,46,0,0,9,0,9,12,27,16,0,55,20,0,20,75
02/08/2020,MLI,IL,AGL,CE,Combined TRACON& Tower with Radar,10,21,1,0,32,0,0,17,0,17,10,21,18,0,49,88,0,88,137
02/09/2020,MLI,IL,AGL,CE,Combined TRACON& Tower with Radar,15,19,2,0,36,0,0,0,0,0,15,19,2,0,36,0,0,0,36
02/10/2020,MLI,IL,AGL,CE,Combined TRACON& Tower with Radar,12,29,9,0,50,0,0,15,0,15,12,29,24,0,65,36,0,36,101
02/11/2020,MLI,IL,AGL,CE,Combined TRACON& Tower with Radar,12,28,30,0,70,0,0,19,0,19,12,28,49,0,89,44,0,44,133
02/12/2020,MLI,IL,AGL,CE,Combined TRACON& Tower with Radar,15,28,5,0,48,0,0,0,0,0,15,28,5,0,48,0,0,0,48
02/13/2020,MLI,IL,AGL,CE,Combined TRACON& Tower with Radar,16,24,11,0,51,0,0,0,0,0,16,24,11,0,51,0,0,0,51
02/14/2020,MLI,IL,AGL,CE,Combined TRACON& Tower with Radar,12,30,11,0,53,0,0,6,0,6,12,30,17,0,59,12,0,12,71
02/15/2020,MLI,IL,AGL,CE,Combined TRACON& Tower with Radar,13,22,0,0,35,0,0,6,0,6,13,22,6,0,41,10,0,10,51
02/16/2020,MLI,IL,AGL,CE,Combined TRACON& Tower with Radar,16,25,4,0,45,0,0,23,0,23,16,25,27,0,68,56,0,56,124
02/17/2020,MLI,IL,AGL,CE,Combined TRACON& Tower with Radar,12,28,13,0,53,0,0,0,0,0,12,28,13,0,53,0,0,0,53
02/18/2020,MLI,IL,AGL,CE,Combined TRACON& Tower with Radar,14,31,16,0,61,0,0,11,0,11,14,31,27,0,72,18,0,18,90
02/19/2020,MLI,IL,AGL,CE,Combined TRACON& Tower with Radar,16,30,25,3,74,0,0,13,2,15,16,30,38,5,89,0,0,0,89
02/20/2020,MLI,IL,AGL,CE,Combined TRACON& Tower with Radar,17,27,17,1,62,0,0,12,0,12,17,27,29,1,74,32,6,38,112
02/21/2020,MLI,IL,AGL,CE,Combined TRACON& Tower with Radar,12,28,7,0,47,0,1,18,0,19,12,29,25,0,66,12,0,12,78
02/22/2020,MLI,IL,AGL,CE,Combined TRACON& Tower with Radar,13,20,10,0,43,0,0,25,0,25,13,20,35,0,68,64,0,64,132
02/23/2020,MLI,IL,AGL,CE,Combined TRACON& Tower with Radar,17,28,4,0,49,0,0,40,0,40,17,28,44,0,89,108,0,108,197
02/24/2020,MLI,IL,AGL,CE,Combined TRACON& Tower with Radar,12,26,21,0,59,0,0,2,0,2,12,26,23,0,61,6,0,6,67
02/25/2020,MLI,IL,AGL,CE,Combined TRACON& Tower with Radar,10,32,16,6,64,0,0,1,4,5,10,32,17,10,69,4,30,34,103
02/26/2020,MLI,IL,AGL,CE,Combined TRACON& Tower with Radar,16,28,20,0,64,0,0,4,0,4,16,28,24,0,68,0,0,0,68
02/27/2020,MLI,IL,AGL,CE,Combined TRACON& Tower with Radar,18,29,18,0,65,0,0,21,0,21,18,29,39,0,86,6,2,8,94
02/28/2020,MLI,IL,AGL,CE,Combined TRACON& Tower with Radar,11,32,12,0,55,0,0,5,0,5,11,32,17,0,60,36,0,36,96
02/29/2020,MLI,IL,AGL,CE,Combined TRACON& Tower with Radar,13,21,13,0,47,0,0,40,0,40,13,21,53,0,87,22,0,22,109
03/01/2020,MLI,IL,AGL,CE,Combined TRACON& Tower with Radar,17,27,14,0,58,0,0,5,0,5,17,27,19,0,63,24,0,24,87
03/02/2020,MLI,IL,AGL,CE,Combined TRACON& Tower with Radar,12,26,8,0,46,0,0,2,0,2,12,26,10,0,48,24,0,24,72
03/03/2020,MLI,IL,AGL,CE,Combined TRACON& Tower with Radar,12,25,20,0,57,0,0,6,0,6,12,25,26,0,63,30,0,30,93
03/04/2020,MLI,IL,AGL,CE,Combined TRACON& Tower with Radar,16,27,18,3,64,0,0,28,0,28,16,27,46,3,92,54,2,56,148
03/05/2020,MLI,IL,AGL,CE,Combined TRACON& Tower with Radar,17,26,12,0,55,0,0,0,0,0,17,26,12,0,55,4,0,4,59
03/06/2020,MLI,IL,AGL,CE,Combined TRACON& Tower with Radar,13,26,9,0,48,0,0,9,4,13,13,26,18,4,61,34,0,34,95
03/07/2020,MLI,IL,AGL,CE,Combined TRACON& Tower with Radar,13,22,4,0,39,0,0,16,0,16,13,22,20,0,55,27,0,27,82
03/08/2020,MLI,IL,AGL,CE,Combined TRACON& Tower with Radar,15,25,6,2,48,0,0,2,0,2,15,25,8,2,50,0,0,0,50
03/09/2020,MLI,IL,AGL,CE,Combined TRACON& Tower with Radar,17,25,18,0,60,0,0,0,0,0,17,25,18,0,60,0,0,0,60
03/10/2020,MLI,IL,AGL,CE,Combined TRACON& Tower with Radar,14,25,27,0,66,0,0,15,0,15,14,25,42,0,81,12,0,12,93
03/11/2020,MLI,IL,AGL,CE,Combined TRACON& Tower with Radar,18,28,9,0,55,0,0,2,0,2,18,28,11,0,57,56,0,56,113
03/12/2020,MLI,IL,AGL,CE,Combined TRACON& Tower with Radar,18,34,14,0,66,0,0,1,0,1,18,34,15,0,67,0,0,0,67
03/13/2020,MLI,IL,AGL,CE,Combined TRACON& Tower with Radar,12,31,14,2,59,0,0,10,0,10,12,31,24,2,69,22,0,22,91
03/14/2020,MLI,IL,AGL,CE,Combined TRACON& Tower with Radar,17,20,1,0,38,0,0,0,0,0,17,20,1,0,38,0,0,0,38
03/15/2020,MLI,IL,AGL,CE,Combined TRACON& Tower with Radar,16,27,7,0,50,0,0,7,0,7,16,27,14,0,57,30,0,30,87
03/16/2020,MLI,IL,AGL,CE,Combined TRACON& Tower with Radar,14,31,9,0,54,0,0,0,0,0,14,31,9,0,54,0,0,0,54
03/17/2020,MLI,IL,AGL,CE,Combined TRACON& Tower with Radar,13,31,14,0,58,0,0,23,0,23,13,31,37,0,81,38,0,38,119
03/18/2020,MLI,IL,AGL,CE,Combined TRACON& Tower with Radar,19,24,8,2,53,0,0,0,0,0,19,24,8,2,53,0,0,0,53
03/19/2020,MLI,IL,AGL,CE,Combined TRACON& Tower with Radar,15,24,15,0,54,0,0,0,0,0,15,24,15,0,54,0,0,0,54
03/20/2020,MLI,IL,AGL,CE,Combined TRACON& Tower with Radar,13,22,28,0,63,0,0,2,2,4,13,22,30,2,67,36,0,36,103
03/21/2020,MLI,IL,AGL,CE,Combined TRACON& Tower with Radar,16,13,18,0,47,0,0,21,0,21,16,13,39,0,68,108,0,108,176
03/22/2020,MLI,IL,AGL,CE,Combined TRACON& Tower with Radar,14,19,0,0,33,0,0,8,0,8,14,19,8,0,41,18,0,18,59
03/23/2020,MLI,IL,AGL,CE,Combined TRACON& Tower with Radar,11,21,3,0,35,0,0,0,0,0,11,21,3,0,35,0,0,0,35
03/24/2020,MLI,IL,AGL,CE,Combined TRACON& Tower with Radar,13,23,15,0,51,0,0,8,0,8,13,23,23,0,59,50,0,50,109
03/25/2020,MLI,IL,AGL,CE,Combined TRACON& Tower with Radar,12,13,21,0,46,0,0,8,0,8,12,13,29,0,54,0,0,0,54
03/26/2020,MLI,IL,AGL,CE,Combined TRACON& Tower with Radar,8,13,14,0,35,0,0,1,0,1,8,13,15,0,36,0,0,0,36
03/27/2020,MLI,IL,AGL,CE,Combined TRACON& Tower with Radar,8,25,4,0,37,0,0,2,0,2,8,25,6,0,39,0,0,0,39
03/28/2020,MLI,IL,AGL,CE,Combined TRACON& Tower with Radar,8,14,1,0,23,0,0,0,0,0,8,14,1,0,23,0,0,0,23
03/29/2020,MLI,IL,AGL,CE,Combined TRACON& Tower with Radar,4,16,4,0,24,0,0,0,0,0,4,16,4,0,24,0,0,0,24
03/30/2020,MLI,IL,AGL,CE,Combined TRACON& Tower with Radar,2,16,13,0,31,0,0,22,0,22,2,16,35,0,53,58,0,58,111
03/31/2020,MLI,IL,AGL,CE,Combined TRACON& Tower with Radar,3,16,9,0,28,0,0,1,0,1,3,16,10,0,29,28,0,28,57
04/01/2020,MLI,IL,AGL,CE,Combined TRACON& Tower with Radar,12,9,12,2,35,0,0,25,2,27,12,9,37,4,62,26,6,32,94
04/02/2020,MLI,IL,AGL,CE,Combined TRACON& Tower with Radar,4,14,5,1,24,0,0,10,1,11,4,14,15,2,35,24,0,24,59
04/03/2020,MLI,IL,AGL,CE,Combined TRACON& Tower with Radar,6,13,8,0,27,0,0,3,0,3,6,13,11,0,30,18,0,18,48
04/04/2020,MLI,IL,AGL,CE,Combined TRACON& Tower with Radar,7,9,3,0,19,0,0,12,0,12,7,9,15,0,31,14,0,14,45
04/05/2020,MLI,IL,AGL,CE,Combined TRACON& Tower with Radar,7,7,2,0,16,0,0,29,0,29,7,7,31,0,45,80,0,80,125
04/06/2020,MLI,IL,AGL,CE,Combined TRACON& Tower with Radar,7,11,4,8,30,0,0,6,1,7,7,11,10,9,37,24,20,44,81
04/07/2020,MLI,IL,AGL,CE,Combined TRACON& Tower with Radar,5,9,7,0,21,0,0,2,0,2,5,9,9,0,23,10,0,10,33
04/08/2020,MLI,IL,AGL,CE,Combined TRACON& Tower with Radar,5,11,11,0,27,0,0,8,2,10,5,11,19,2,37,0,0,0,37
04/09/2020,MLI,IL,AGL,CE,Combined TRACON& Tower with Radar,6,15,8,0,29,0,0,1,0,1,6,15,9,0,30,0,0,0,30
04/10/2020,MLI,IL,AGL,CE,Combined TRACON& Tower with Radar,6,10,12,0,28,0,0,17,0,17,6,10,29,0,45,0,0,0,45
04/11/2020,MLI,IL,AGL,CE,Combined TRACON& Tower with Radar,6,8,3,0,17,0,0,10,0,10,6,8,13,0,27,0,0,0,27
04/12/2020,MLI,IL,AGL,CE,Combined TRACON& Tower with Radar,4,6,4,0,14,0,0,2,0,2,4,6,6,0,16,0,0,0,16
04/13/2020,MLI,IL,AGL,CE,Combined TRACON& Tower with Radar,5,13,4,0,22,0,0,4,0,4,5,13,8,0,26,52,0,52,78
04/14/2020,MLI,IL,AGL,CE,Combined TRACON& Tower with Radar,6,11,5,0,22,0,0,2,2,4,6,11,7,2,26,0,0,0,26
04/15/2020,MLI,IL,AGL,CE,Combined TRACON& Tower with Radar,6,13,16,0,35,0,0,3,4,7,6,13,19,4,42,18,12,30,72
04/16/2020,MLI,IL,AGL,CE,Combined TRACON& Tower with Radar,5,11,11,0,27,0,0,20,0,20,5,11,31,0,47,54,0,54,101
04/17/2020,MLI,IL,AGL,CE,Combined TRACON& Tower with Radar,2,14,5,2,23,0,0,7,0,7,2,14,12,2,30,28,0,28,58
04/18/2020,MLI,IL,AGL,CE,Combined TRACON& Tower with Radar,5,6,11,0,22,0,0,9,0,9,5,6,20,0,31,26,0,26,57
04/19/2020,MLI,IL,AGL,CE,Combined TRACON& Tower with Radar,3,8,7,0,18,0,0,21,0,21,3,8,28,0,39,26,0,26,65
04/20/2020,MLI,IL,AGL,CE,Combined TRACON& Tower with Radar,2,11,7,0,20,0,0,4,0,4,2,11,11,0,24,0,0,0,24
04/21/2020,MLI,IL,AGL,CE,Combined TRACON& Tower with Radar,1,10,8,0,19,0,0,17,0,17,1,10,25,0,36,8,0,8,44
04/22/2020,MLI,IL,AGL,CE,Combined TRACON& Tower with Radar,1,10,5,2,18,0,0,12,0,12,1,10,17,2,30,6,0,6,36
04/23/2020,MLI,IL,AGL,CE,Combined TRACON& Tower with Radar,0,11,14,1,26,0,0,1,0,1,0,11,15,1,27,32,0,32,59
04/24/2020,MLI,IL,AGL,CE,Combined TRACON& Tower with Radar,1,10,9,2,22,0,0,0,0,0,1,10,9,2,22,0,0,0,22
04/25/2020,MLI,IL,AGL,CE,Combined TRACON& Tower with Radar,5,6,3,0,14,0,0,3,0,3,5,6,6,0,17,0,0,0,17
04/26/2020,MLI,IL,AGL,CE,Combined TRACON& Tower with Radar,3,5,3,0,11,0,0,46,0,46,3,5,49,0,57,44,0,44,101
04/27/2020,MLI,IL,AGL,CE,Combined TRACON& Tower with Radar,2,9,10,2,23,0,0,11,0,11,2,9,21,2,34,0,0,0,34
04/28/2020,MLI,IL,AGL,CE,Combined TRACON& Tower with Radar,3,10,4,1,18,0,0,6,0,6,3,10,10,1,24,16,0,16,40
04/29/2020,MLI,IL,AGL,CE,Combined TRACON& Tower with Radar,2,15,21,3,41,0,0,0,0,0,2,15,21,3,41,0,0,0,41
04/30/2020,MLI,IL,AGL,CE,Combined TRACON& Tower with Radar,2,13,14,0,29,0,0,26,3,29,2,13,40,3,58,12,24,36,94
05/01/2020,MLI,IL,AGL,CE,Combined TRACON& Tower with Radar,2,9,11,2,24,0,0,26,0,26,2,9,37,2,50,50,0,50,100
05/02/2020,MLI,IL,AGL,CE,Combined TRACON& Tower with Radar,10,3,2,0,15,0,0,20,0,20,10,3,22,0,35,20,0,20,55
05/03/2020,MLI,IL,AGL,CE,Combined TRACON& Tower with Radar,5,3,2,0,10,0,0,31,0,31,5,3,33,0,41,44,0,44,85
05/04/2020,MLI,IL,AGL,CE,Combined TRACON& Tower with Radar,3,9,14,2,28,0,0,6,0,6,3,9,20,2,34,22,0,22,56
05/05/2020,MLI,IL,AGL,CE,Combined TRACON& Tower with Radar,5,7,9,0,21,0,0,0,0,0,5,7,9,0,21,0,0,0,21
05/06/2020,MLI,IL,AGL,CE,Combined TRACON& Tower with Radar,5,6,5,0,16,0,0,17,1,18,5,6,22,1,34,54,4,58,92
05/07/2020,MLI,IL,AGL,CE,Combined TRACON& Tower with Radar,4,10,17,2,33,0,0,20,0,20,4,10,37,2,53,40,0,40,93
05/08/2020,MLI,IL,AGL,CE,Combined TRACON& Tower with Radar,4,11,6,2,23,0,0,9,0,9,4,11,15,2,32,0,0,0,32
05/09/2020,MLI,IL,AGL,CE,Combined TRACON& Tower with Radar,8,5,14,0,27,0,0,23,0,23,8,5,37,0,50,32,0,32,82
05/10/2020,MLI,IL,AGL,CE,Combined TRACON& Tower with Radar,4,6,4,0,14,0,0,2,0,2,4,6,6,0,16,0,0,0,16
05/11/2020,MLI,IL,AGL,CE,Combined TRACON& Tower with Radar,4,9,7,8,28,0,0,12,0,12,4,9,19,8,40,6,0,6,46
05/12/2020,MLI,IL,AGL,CE,Combined TRACON& Tower with Radar,3,5,28,1,37,0,2,26,0,28,3,7,54,1,65,64,0,64,129
05/13/2020,MLI,IL,AGL,CE,Combined TRACON& Tower with Radar,3,7,8,0,18,0,0,11,2,13,3,7,19,2,31,16,6,22,53
05/14/2020,MLI,IL,AGL,CE,Combined TRACON& Tower with Radar,4,7,10,7,28,0,0,0,0,0,4,7,10,7,28,0,0,0,28
05/15/2020,MLI,IL,AGL,CE,Combined TRACON& Tower with Radar,4,7,9,4,24,0,1,29,0,30,4,8,38,4,54,46,0,46,100
05/16/2020,MLI,IL,AGL,CE,Combined TRACON& Tower with Radar,7,5,1,0,13,0,0,16,0,16,7,5,17,0,29,68,0,68,97
05/17/2020,MLI,IL,AGL,CE,Combined TRACON& Tower with Radar,3,6,8,0,17,0,0,2,0,2,3,6,10,0,19,0,0,0,19
05/18/2020,MLI,IL,AGL,CE,Combined TRACON& Tower with Radar,6,7,10,0,23,0,0,2,0,2,6,7,12,0,25,0,0,0,25
05/19/2020,MLI,IL,AGL,CE,Combined TRACON& Tower with Radar,4,5,16,4,29,0,0,1,0,1,4,5,17,4,30,0,4,4,34
05/20/2020,MLI,IL,AGL,CE,Combined TRACON& Tower with Radar,6,8,9,2,25,0,0,5,0,5,6,8,14,2,30,24,0,24,54
05/21/2020,MLI,IL,AGL,CE,Combined TRACON& Tower with Radar,6,8,15,0,29,0,0,5,0,5,6,8,20,0,34,126,0,126,160
05/22/2020,MLI,IL,AGL,CE,Combined TRACON& Tower with Radar,4,11,16,0,31,0,0,20,0,20,4,11,36,0,51,68,0,68,119
05/23/2020,MLI,IL,AGL,CE,Combined TRACON& Tower with Radar,8,5,9,0,22,0,0,4,0,4,8,5,13,0,26,6,0,6,32
05/24/2020,MLI,IL,AGL,CE,Combined TRACON& Tower with Radar,6,6,8,0,20,0,0,21,0,21,6,6,29,0,41,12,0,12,53
05/25/2020,MLI,IL,AGL,CE,Combined TRACON& Tower with Radar,4,7,3,0,14,0,0,15,0,15,4,7,18,0,29,28,0,28,57
05/26/2020,MLI,IL,AGL,CE,Combined TRACON& Tower with Radar,4,9,11,0,24,0,0,5,0,5,4,9,16,0,29,2,0,2,31
05/27/2020,MLI,IL,AGL,CE,Combined TRACON& Tower with Radar,4,19,7,0,30,0,0,24,0,24,4,19,31,0,54,16,0,16,70
05/28/2020,MLI,IL,AGL,CE,Combined TRACON& Tower with Radar,8,9,8,0,25,0,0,3,0,3,8,9,11,0,28,0,0,0,28
05/29/2020,MLI,IL,AGL,CE,Combined TRACON& Tower with Radar,4,10,14,0,28,0,0,19,0,19,4,10,33,0,47,6,0,6,53
05/30/2020,MLI,IL,AGL,CE,Combined TRACON& Tower with Radar,8,6,4,0,18,0,0,44,0,44,8,6,48,0,62,42,0,42,104
05/31/2020,MLI,IL,AGL,CE,Combined TRACON& Tower with Radar,7,6,9,0,22,0,0,43,0,43,7,6,52,0,65,38,0,38,103
06/01/2020,MLI,IL,AGL,CE,Combined TRACON& Tower with Radar,4,9,8,0,21,0,0,8,0,8,4,9,16,0,29,8,0,8,37
06/02/2020,MLI,IL,AGL,CE,Combined TRACON& Tower with Radar,3,9,13,2,27,0,1,13,0,14,3,10,26,2,41,0,0,0,41
06/03/2020,MLI,IL,AGL,CE,Combined TRACON& Tower with Radar,6,11,18,0,35,0,0,4,0,4,6,11,22,0,39,28,0,28,67
06/04/2020,MLI,IL,AGL,CE,Combined TRACON& Tower with Radar,7,22,23,2,54,0,0,15,0,15,7,22,38,2,69,42,0,42,111
06/05/2020,MLI,IL,AGL,CE,Combined TRACON& Tower with Radar,4,11,11,2,28,0,0,20,0,20,4,11,31,2,48,62,0,62,110
06/06/2020,MLI,IL,AGL,CE,Combined TRACON& Tower with Radar,8,3,12,0,23,0,0,27,0,27,8,3,39,0,50,18,0,18,68
06/07/2020,MLI,IL,AGL,CE,Combined TRACON& Tower with Radar,8,6,12,0,26,0,0,24,0,24,8,6,36,0,50,34,0,34,84
06/08/2020,MLI,IL,AGL,CE,Combined TRACON& Tower with Radar,4,8,20,5,37,0,0,20,0,20,4,8,40,5,57,22,0,22,79
06/09/2020,MLI,IL,AGL,CE,Combined TRACON& Tower with Radar,4,10,2,0,16,0,0,2,0,2,4,10,4,0,18,0,0,0,18
06/10/2020,MLI,IL,AGL,CE,Combined TRACON& Tower with Radar,8,9,11,2,30,0,0,1,2,3,8,9,12,4,33,6,4,10,43
06/11/2020,MLI,IL,AGL,CE,Combined TRACON& Tower with Radar,8,9,15,2,34,0,0,16,0,16,8,9,31,2,50,8,0,8,58
06/12/2020,MLI,IL,AGL,CE,Combined TRACON& Tower with Radar,4,11,17,0,32,0,0,43,0,43,4,11,60,0,75,70,0,70,145
06/13/2020,MLI,IL,AGL,CE,Combined TRACON& Tower with Radar,8,3,11,1,23,0,0,21,3,24,8,3,32,4,47,30,8,38,85
06/14/2020,MLI,IL,AGL,CE,Combined TRACON& Tower with Radar,8,4,11,0,23,0,3,25,0,28,8,7,36,0,51,10,0,10,61
06/15/2020,MLI,IL,AGL,CE,Combined TRACON& Tower with Radar,4,7,12,2,25,0,0,26,2,28,4,7,38,4,53,28,18,46,99
06/16/2020,MLI,IL,AGL,CE,Combined TRACON& Tower with Radar,4,9,21,0,34,0,0,15,1,16,4,9,36,1,50,26,2,28,78
06/17/2020,MLI,IL,AGL,CE,Combined TRACON& Tower with Radar,8,6,12,0,26,0,0,23,1,24,8,6,35,1,50,28,14,42,92
06/18/2020,MLI,IL,AGL,CE,Combined TRACON& Tower with Radar,8,12,15,0,35,0,0,24,0,24,8,12,39,0,59,12,0,12,71
06/19/2020,MLI,IL,AGL,CE,Combined TRACON& Tower with Radar,4,9,14,0,27,0,0,23,0,23,4,9,37,0,50,10,0,10,60
06/20/2020,MLI,IL,AGL,CE,Combined TRACON& Tower with Radar,8,3,7,0,18,0,0,3,0,3,8,3,10,0,21,6,0,6,27
06/21/2020,MLI,IL,AGL,CE,Combined TRACON& Tower with Radar,8,8,6,0,22,0,0,7,0,7,8,8,13,0,29,16,0,16,45
06/22/2020,MLI,IL,AGL,CE,Combined TRACON& Tower with Radar,4,9,9,0,22,0,0,4,0,4,4,9,13,0,26,10,0,10,36
06/23/2020,MLI,IL,AGL,CE,Combined TRACON& Tower with Radar,4,10,15,0,29,0,0,25,0,25,4,10,40,0,54,24,0,24,78
06/24/2020,MLI,IL,AGL,CE,Combined TRACON& Tower with Radar,8,6,18,0,32,0,0,25,0,25,8,6,43,0,57,10,0,10,67
06/25/2020,MLI,IL,AGL,CE,Combined TRACON& Tower with Radar,7,11,15,0,33,0,0,22,0,22,7,11,37,0,55,42,0,42,97
06/26/2020,MLI,IL,AGL,CE,Combined TRACON& Tower with Radar,4,9,8,0,21,0,0,9,0,9,4,9,17,0,30,8,0,8,38
06/27/2020,MLI,IL,AGL,CE,Combined TRACON& Tower with Radar,7,3,10,0,20,0,0,15,0,15,7,3,25,0,35,0,0,0,35
06/28/2020,MLI,IL,AGL,CE,Combined TRACON& Tower with Radar,7,4,11,0,22,0,0,9,0,9,7,4,20,0,31,0,0,0,31
06/29/2020,MLI,IL,AGL,CE,Combined TRACON& Tower with Radar,4,11,14,0,29,0,0,23,2,25,4,11,37,2,54,28,0,28,82
06/30/2020,MLI,IL,AGL,CE,Combined TRACON& Tower with Radar,4,11,17,0,32,0,0,5,0,5,4,11,22,0,37,0,0,0,37
07/01/2020,MLI,IL,AGL,CE,Combined TRACON& Tower with Radar,8,8,9,3,28,0,0,11,0,11,8,8,20,3,39,34,0,34,73
07/02/2020,MLI,IL,AGL,CE,Combined TRACON& Tower with Radar,9,12,18,0,39,0,0,12,0,12,9,12,30,0,51,28,0,28,79
07/03/2020,MLI,IL,AGL,CE,Combined TRACON& Tower with Radar,6,9,16,0,31,0,0,17,0,17,6,9,33,0,48,0,0,0,48
07/04/2020,MLI,IL,AGL,CE,Combined TRACON& Tower with Radar,10,2,4,0,16,0,0,7,2,9,10,2,11,2,25,8,0,8,33
07/05/2020,MLI,IL,AGL,CE,Combined TRACON& Tower with Radar,10,6,12,0,28,0,0,22,0,22,10,6,34,0,50,20,0,20,70
07/06/2020,MLI,IL,AGL,CE,Combined TRACON& Tower with Radar,8,8,5,0,21,0,0,27,0,27,8,8,32,0,48,0,0,0,48
07/07/2020,MLI,IL,AGL,CE,Combined TRACON& Tower with Radar,11,11,24,0,46,0,0,18,0,18,11,11,42,0,64,16,0,16,80
07/08/2020,MLI,IL,AGL,CE,Combined TRACON& Tower with Radar,16,8,24,0,48,0,0,26,0,26,16,8,50,0,74,72,0,72,146
07/09/2020,MLI,IL,AGL,CE,Combined TRACON& Tower with Radar,16,28,8,0,52,0,0,8,0,8,16,28,16,0,60,16,0,16,76
07/10/2020,MLI,IL,AGL,CE,Combined TRACON& Tower with Radar,11,10,8,0,29,0,0,32,2,34,11,10,40,2,63,46,0,46,109
07/11/2020,MLI,IL,AGL,CE,Combined TRACON& Tower with Radar,14,7,9,0,30,0,0,18,0,18,14,7,27,0,48,0,0,0,48
07/12/2020,MLI,IL,AGL,CE,Combined TRACON& Tower with Radar,16,8,8,0,32,0,0,32,0,32,16,8,40,0,64,12,0,12,76
07/13/2020,MLI,IL,AGL,CE,Combined TRACON& Tower with Radar,12,10,12,0,34,0,0,26,0,26,12,10,38,0,60,38,0,38,98
07/14/2020,MLI,IL,AGL,CE,Combined TRACON& Tower with Radar,12,9,15,0,36,0,0,26,0,26,12,9,41,0,62,50,0,50,112
07/15/2020,MLI,IL,AGL,CE,Combined TRACON& Tower with Radar,18,8,5,0,31,0,0,0,0,0,18,8,5,0,31,0,0,0,31
07/16/2020,MLI,IL,AGL,CE,Combined TRACON& Tower with Radar,16,14,15,0,45,0,0,12,0,12,16,14,27,0,57,44,0,44,101
07/17/2020,MLI,IL,AGL,CE,Combined TRACON& Tower with Radar,11,12,14,0,37,0,0,22,0,22,11,12,36,0,59,0,0,0,59
07/18/2020,MLI,IL,AGL,CE,Combined TRACON& Tower with Radar,16,9,13,2,40,0,0,35,0,35,16,9,48,2,75,64,0,64,139
07/19/2020,MLI,IL,AGL,CE,Combined TRACON& Tower with Radar,15,8,6,0,29,0,0,3,0,3,15,8,9,0,32,6,0,6,38
07/20/2020,MLI,IL,AGL,CE,Combined TRACON& Tower with Radar,12,9,10,0,31,0,0,13,0,13,12,9,23,0,44,52,0,52,96
07/21/2020,MLI,IL,AGL,CE,Combined TRACON& Tower with Radar,12,12,24,0,48,0,0,0,0,0,12,12,24,0,48,10,0,10,58
07/22/2020,MLI,IL,AGL,CE,Combined TRACON& Tower with Radar,16,8,25,0,49,0,1,28,1,30,16,9,53,1,79,108,0,108,187
07/23/2020,MLI,IL,AGL,CE,Combined TRACON& Tower with Radar,16,16,11,2,45,0,0,29,0,29,16,16,40,2,74,60,0,60,134
07/24/2020,MLI,IL,AGL,CE,Combined TRACON& Tower with Radar,12,9,16,0,37,0,0,29,0,29,12,9,45,0,66,0,0,0,66
07/25/2020,MLI,IL,AGL,CE,Combined TRACON& Tower with Radar,16,11,12,0,39,0,0,37,0,37,16,11,49,0,76,22,0,22,98
07/26/2020,MLI,IL,AGL,CE,Combined TRACON& Tower with Radar,16,10,11,0,37,0,0,26,0,26,16,10,37,0,63,12,0,12,75
07/27/2020,MLI,IL,AGL,CE,Combined TRACON& Tower with Radar,12,11,5,0,28,0,0,15,0,15,12,11,20,0,43,64,0,64,107
07/28/2020,MLI,IL,AGL,CE,Combined TRACON& Tower with Radar,12,8,13,4,37,0,0,17,2,19,12,8,30,6,56,8,4,12,68
07/29/2020,MLI,IL,AGL,CE,Combined TRACON& Tower with Radar,16,8,5,2,31,0,0,20,0,20,16,8,25,2,51,14,0,14,65
07/30/2020,MLI,IL,AGL,CE,Combined TRACON& Tower with Radar,15,10,16,2,43,0,0,15,3,18,15,10,31,5,61,6,0,6,67
07/31/2020,MLI,IL,AGL,CE,Combined TRACON& Tower with Radar,11,10,19,0,40,0,0,39,0,39,11,10,58,0,79,40,0,40,119
08/01/2020,MLI,IL,AGL,CE,Combined TRACON& Tower with Radar,15,7,5,0,27,0,0,21,0,21,15,7,26,0,48,18,0,18,66
08/02/2020,MLI,IL,AGL,CE,Combined TRACON& Tower with Radar,16,8,13,0,37,0,0,17,0,17,16,8,30,0,54,16,0,16,70
08/03/2020,MLI,IL,AGL,CE,Combined TRACON& Tower with Radar,10,11,21,5,47,0,0,11,0,11,10,11,32,5,58,64,16,80,138
08/04/2020,MLI,IL,AGL,CE,Combined TRACON& Tower with Radar,12,6,21,1,40,0,0,24,2,26,12,6,45,3,66,16,0,16,82
08/05/2020,MLI,IL,AGL,CE,Combined TRACON& Tower with Radar,16,8,9,1,34,0,0,25,0,25,16,8,34,1,59,12,0,12,71
08/06/2020,MLI,IL,AGL,CE,Combined TRACON& Tower with Radar,16,13,19,0,48,0,0,27,0,27,16,13,46,0,75,28,0,28,103
08/07/2020,MLI,IL,AGL,CE,Combined TRACON& Tower with Radar,12,10,8,2,32,0,1,31,0,32,12,11,39,2,64,52,0,52,116
08/08/2020,MLI,IL,AGL,CE,Combined TRACON& Tower with Radar,16,7,13,0,36,0,0,20,0,20,16,7,33,0,56,22,0,22,78
08/09/2020,MLI,IL,AGL,CE,Combined TRACON& Tower with Radar,15,10,14,0,39,0,0,10,0,10,15,10,24,0,49,16,0,16,65
08/10/2020,MLI,IL,AGL,CE,Combined TRACON& Tower with Radar,12,9,11,0,32,0,2,4,0,6,12,11,15,0,38,0,0,0,38
08/11/2020,MLI,IL,AGL,CE,Combined TRACON& Tower with Radar,7,8,13,1,29,0,0,7,0,7,7,8,20,1,36,28,0,28,64
08/12/2020,MLI,IL,AGL,CE,Combined TRACON& Tower with Radar,16,6,12,0,34,0,0,18,0,18,16,6,30,0,52,12,0,12,64
08/13/2020,MLI,IL,AGL,CE,Combined TRACON& Tower with Radar,16,11,23,2,52,0,0,34,1,35,16,11,57,3,87,26,0,26,113
08/14/2020,MLI,IL,AGL,CE,Combined TRACON& Tower with Radar,12,11,15,0,38,0,0,30,1,31,12,11,45,1,69,56,0,56,125
08/15/2020,MLI,IL,AGL,CE,Combined TRACON& Tower with Radar,16,7,7,0,30,0,0,12,0,12,16,7,19,0,42,54,0,54,96
08/16/2020,MLI,IL,AGL,CE,Combined TRACON& Tower with Radar,15,8,10,0,33,0,0,16,0,16,15,8,26,0,49,0,0,0,49
08/17/2020,MLI,IL,AGL,CE,Combined TRACON& Tower with Radar,10,19,22,0,51,0,0,15,0,15,10,19,37,0,66,34,0,34,100
08/18/2020,MLI,IL,AGL,CE,Combined TRACON& Tower with Radar,12,7,14,2,35,0,0,15,0,15,12,7,29,2,50,12,0,12,62
08/19/2020,MLI,IL,AGL,CE,Combined TRACON& Tower with Radar,12,21,12,0,45,0,0,26,1,27,12,21,38,1,72,28,0,28,100
08/20/2020,MLI,IL,AGL,CE,Combined TRACON& Tower with Radar,14,20,10,0,44,0,0,32,0,32,14,20,42,0,76,30,0,30,106
08/21/2020,MLI,IL,AGL,CE,Combined TRACON& Tower with Radar,12,11,13,0,36,0,0,32,0,32,12,11,45,0,68,58,0,58,126
08/22/2020,MLI,IL,AGL,CE,Combined TRACON& Tower with Radar,12,5,6,0,23,0,0,23,0,23,12,5,29,0,46,22,0,22,68
08/23/2020,MLI,IL,AGL,CE,Combined TRACON& Tower with Radar,14,8,5,0,27,0,0,11,0,11,14,8,16,0,38,36,0,36,74
08/24/2020,MLI,IL,AGL,CE,Combined TRACON& Tower with Radar,12,11,9,2,34,0,0,9,0,9,12,11,18,2,43,30,0,30,73
08/25/2020,MLI,IL,AGL,CE,Combined TRACON& Tower with Radar,12,8,9,4,33,0,0,22,0,22,12,8,31,4,55,0,0,0,55
08/26/2020,MLI,IL,AGL,CE,Combined TRACON& Tower with Radar,12,8,17,0,37,0,0,17,2,19,12,8,34,2,56,38,0,38,94
08/27/2020,MLI,IL,AGL,CE,Combined TRACON& Tower with Radar,14,10,16,4,44,0,0,24,1,25,14,10,40,5,69,28,10,38,107
08/28/2020,MLI,IL,AGL,CE,Combined TRACON& Tower with Radar,12,12,17,4,45,0,2,16,0,18,12,14,33,4,63,6,4,10,73
08/29/2020,MLI,IL,AGL,CE,Combined TRACON& Tower with Radar,11,7,5,0,23,0,0,13,2,15,11,7,18,2,38,44,0,44,82
08/30/2020,MLI,IL,AGL,CE,Combined TRACON& Tower with Radar,14,8,7,0,29,0,0,27,0,27,14,8,34,0,56,30,0,30,86
08/31/2020,MLI,IL,AGL,CE,Combined TRACON& Tower with Radar,12,13,10,0,35,0,0,1,0,1,12,13,11,0,36,0,0,0,36
09/01/2020,MLI,IL,AGL,CE,Combined TRACON& Tower with Radar,9,9,16,0,34,0,0,3,0,3,9,9,19,0,37,0,0,0,37
09/02/2020,MLI,IL,AGL,CE,Combined TRACON& Tower with Radar,8,10,18,0,36,0,0,17,9,26,8,10,35,9,62,20,4,24,86
09/03/2020,MLI,IL,AGL,CE,Combined TRACON& Tower with Radar,10,14,17,0,41,0,1,9,0,10,10,15,26,0,51,22,0,22,73
09/04/2020,MLI,IL,AGL,CE,Combined TRACON& Tower with Radar,8,14,23,0,45,0,1,40,0,41,8,15,63,0,86,20,0,20,106
09/05/2020,MLI,IL,AGL,CE,Combined TRACON& Tower with Radar,8,9,5,0,22,0,0,28,0,28,8,9,33,0,50,22,0,22,72
09/06/2020,MLI,IL,AGL,CE,Combined TRACON& Tower with Radar,10,8,3,0,21,0,0,1,0,1,10,8,4,0,22,0,0,0,22
09/07/2020,MLI,IL,AGL,CE,Combined TRACON& Tower with Radar,8,13,14,0,35,0,1,30,0,31,8,14,44,0,66,48,0,48,114
09/08/2020,MLI,IL,AGL,CE,Combined TRACON& Tower with Radar,8,15,5,2,30,0,0,0,0,0,8,15,5,2,30,0,0,0,30
09/09/2020,MLI,IL,AGL,CE,Combined TRACON& Tower with Radar,8,23,13,0,44,0,0,0,0,0,8,23,13,0,44,0,0,0,44
09/10/2020,MLI,IL,AGL,CE,Combined TRACON& Tower with Radar,10,20,13,2,45,0,0,0,0,0,10,20,13,2,45,0,0,0,45
09/11/2020,MLI,IL,AGL,CE,Combined TRACON& Tower with Radar,10,12,10,0,32,0,0,0,0,0,10,12,10,0,32,0,0,0,32
09/12/2020,MLI,IL,AGL,CE,Combined TRACON& Tower with Radar,8,17,14,2,41,0,0,2,0,2,8,17,16,2,43,0,0,0,43
09/13/2020,MLI,IL,AGL,CE,Combined TRACON& Tower with Radar,10,14,8,4,36,0,0,31,0,31,10,14,39,4,67,78,0,78,145
09/14/2020,MLI,IL,AGL,CE,Combined TRACON& Tower with Radar,8,12,16,2,38,0,0,18,0,18,8,12,34,2,56,76,0,76,132
09/15/2020,MLI,IL,AGL,CE,Combined TRACON& Tower with Radar,8,18,11,0,37,0,0,13,4,17,8,18,24,4,54,26,2,28,82
09/16/2020,MLI,IL,AGL,CE,Combined TRACON& Tower with Radar,8,12,22,8,50,0,0,18,2,20,8,12,40,10,70,22,2,24,94
09/17/2020,MLI,IL,AGL,CE,Combined TRACON& Tower with Radar,10,12,14,0,36,0,0,16,3,19,10,12,30,3,55,12,12,24,79
09/18/2020,MLI,IL,AGL,CE,Combined TRACON& Tower with Radar,8,18,34,8,68,0,0,22,0,22,8,18,56,8,90,50,0,50,140
09/19/2020,MLI,IL,AGL,CE,Combined TRACON& Tower with Radar,8,11,12,1,32,0,0,25,0,25,8,11,37,1,57,26,0,26,83
09/20/2020,MLI,IL,AGL,CE,Combined TRACON& Tower with Radar,10,14,5,2,31,0,0,24,0,24,10,14,29,2,55,24,0,24,79
09/21/2020,MLI,IL,AGL,CE,Combined TRACON& Tower with Radar,8,12,5,2,27,0,2,18,0,20,8,14,23,2,47,0,0,0,47
09/22/2020,MLI,IL,AGL,CE,Combined TRACON& Tower with Radar,8,16,18,4,46,0,0,16,1,17,8,16,34,5,63,22,0,22,85
09/23/2020,MLI,IL,AGL,CE,Combined TRACON& Tower with Radar,8,11,23,0,42,0,0,24,8,32,8,11,47,8,74,40,14,54,128
09/24/2020,MLI,IL,AGL,CE,Combined TRACON& Tower with Radar,10,12,13,2,37,0,0,23,0,23,10,12,36,2,60,24,0,24,84
09/25/2020,MLI,IL,AGL,CE,Combined TRACON& Tower with Radar,8,14,25,4,51,0,0,18,0,18,8,14,43,4,69,4,0,4,73
09/26/2020,MLI,IL,AGL,CE,Combined TRACON& Tower with Radar,8,15,4,0,27,0,0,13,0,13,8,15,17,0,40,12,0,12,52
09/27/2020,MLI,IL,AGL,CE,Combined TRACON& Tower with Radar,10,12,17,0,39,0,0,12,0,12,10,12,29,0,51,0,0,0,51
09/28/2020,MLI,IL,AGL,CE,Combined TRACON& Tower with Radar,8,11,10,3,32,0,0,8,1,9,8,11,18,4,41,12,0,12,53
09/29/2020,MLI,IL,AGL,CE,Combined TRACON& Tower with Radar,8,12,23,2,45,0,0,18,0,18,8,12,41,2,63,12,0,12,75
09/30/2020,MLI,IL,AGL,CE,Combined TRACON& Tower with Radar,10,16,8,0,34,0,0,3,0,3,10,16,11,0,37,2,0,2,39
10/01/2020,MLI,IL,AGL,CE,Combined TRACON& Tower with Radar,11,13,16,2,42,0,0,16,0,16,11,13,32,2,58,32,0,32,90
10/02/2020,MLI,IL,AGL,CE,Combined TRACON& Tower with Radar,8,14,21,2,45,0,0,34,0,34,8,14,55,2,79,0,0,0,79
10/03/2020,MLI,IL,AGL,CE,Combined TRACON& Tower with Radar,12,11,6,0,29,0,0,15,2,17,12,11,21,2,46,24,0,24,70
10/04/2020,MLI,IL,AGL,CE,Combined TRACON& Tower with Radar,11,12,16,0,39,0,0,18,0,18,11,12,34,0,57,46,0,46,103
10/05/2020,MLI,IL,AGL,CE,Combined TRACON& Tower with Radar,8,14,5,0,27,0,1,13,0,14,8,15,18,0,41,0,0,0,41
10/06/2020,MLI,IL,AGL,CE,Combined TRACON& Tower with Radar,8,11,26,2,47,0,0,20,0,20,8,11,46,2,67,24,0,24,91
10/07/2020,MLI,IL,AGL,CE,Combined TRACON& Tower with Radar,12,8,12,0,32,0,0,17,0,17,12,8,29,0,49,20,0,20,69
10/08/2020,MLI,IL,AGL,CE,Combined TRACON& Tower with Radar,12,9,21,2,44,0,0,22,0,22,12,9,43,2,66,56,0,56,122
10/09/2020,MLI,IL,AGL,CE,Combined TRACON& Tower with Radar,8,15,4,0,27,0,0,10,0,10,8,15,14,0,37,4,0,4,41
10/10/2020,MLI,IL,AGL,CE,Combined TRACON& Tower with Radar,12,7,6,0,25,0,1,33,0,34,12,8,39,0,59,60,0,60,119
10/11/2020,MLI,IL,AGL,CE,Combined TRACON& Tower with Radar,12,13,9,0,34,0,0,26,0,26,12,13,35,0,60,38,0,38,98
10/12/2020,MLI,IL,AGL,CE,Combined TRACON& Tower with Radar,8,9,14,2,33,0,0,6,0,6,8,9,20,2,39,0,0,0,39
10/13/2020,MLI,IL,AGL,CE,Combined TRACON& Tower with Radar,8,9,15,0,32,0,0,16,0,16,8,9,31,0,48,22,0,22,70
10/14/2020,MLI,IL,AGL,CE,Combined TRACON& Tower with Radar,12,29,16,0,57,0,0,1,2,3,12,29,17,2,60,22,0,22,82
10/15/2020,MLI,IL,AGL,CE,Combined TRACON& Tower with Radar,12,10,23,0,45,0,0,16,0,16,12,10,39,0,61,50,0,50,111
10/16/2020,MLI,IL,AGL,CE,Combined TRACON& Tower with Radar,8,17,21,0,46,0,0,21,2,23,8,17,42,2,69,0,0,0,69
10/17/2020,MLI,IL,AGL,CE,Combined TRACON& Tower with Radar,12,12,4,0,28,0,0,1,0,1,12,12,5,0,29,0,0,0,29
10/18/2020,MLI,IL,AGL,CE,Combined TRACON& Tower with Radar,11,11,8,0,30,0,0,5,0,5,11,11,13,0,35,0,0,0,35
10/19/2020,MLI,IL,AGL,CE,Combined TRACON& Tower with Radar,8,11,10,4,33,0,0,2,0,2,8,11,12,4,35,0,0,0,35
10/20/2020,MLI,IL,AGL,CE,Combined TRACON& Tower with Radar,8,11,15,0,34,0,0,2,0,2,8,11,17,0,36,4,0,4,40
10/21/2020,MLI,IL,AGL,CE,Combined TRACON& Tower with Radar,12,11,17,6,46,0,0,8,0,8,12,11,25,6,54,14,14,28,82
10/22/2020,MLI,IL,AGL,CE,Combined TRACON& Tower with Radar,12,10,15,0,37,0,0,2,2,4,12,10,17,2,41,0,0,0,41
10/23/2020,MLI,IL,AGL,CE,Combined TRACON& Tower with Radar,7,19,11,2,39,0,0,0,0,0,7,19,11,2,39,6,0,6,45
10/24/2020,MLI,IL,AGL,CE,Combined TRACON& Tower with Radar,12,12,8,2,34,0,0,21,0,21,12,12,29,2,55,18,0,18,73
10/25/2020,MLI,IL,AGL,CE,Combined TRACON& Tower with Radar,11,13,4,0,28,0,0,10,0,10,11,13,14,0,38,24,0,24,62
10/26/2020,MLI,IL,AGL,CE,Combined TRACON& Tower with Radar,8,10,11,0,29,0,0,2,0,2,8,10,13,0,31,0,0,0,31
10/27/2020,MLI,IL,AGL,CE,Combined TRACON& Tower with Radar,8,8,27,3,46,0,0,21,1,22,8,8,48,4,68,38,0,38,106
10/28/2020,MLI,IL,AGL,CE,Combined TRACON& Tower with Radar,12,8,23,0,43,0,0,23,0,23,12,8,46,0,66,28,0,28,94
10/29/2020,MLI,IL,AGL,CE,Combined TRACON& Tower with Radar,12,15,11,0,38,0,0,9,0,9,12,15,20,0,47,10,0,10,57
10/30/2020,MLI,IL,AGL,CE,Combined TRACON& Tower with Radar,8,17,17,0,42,0,0,27,0,27,8,17,44,0,69,0,0,0,69
10/31/2020,MLI,IL,AGL,CE,Combined TRACON& Tower with Radar,8,5,7,0,20,0,0,3,0,3,8,5,10,0,23,0,0,0,23
11/01/2020,MLI,IL,AGL,CE,Combined TRACON& Tower with Radar,12,8,5,2,27,0,0,0,0,0,12,8,5,2,27,0,0,0,27
11/02/2020,MLI,IL,AGL,CE,Combined TRACON& Tower with Radar,10,8,17,2,37,0,0,7,0,7,10,8,24,2,44,0,0,0,44
11/03/2020,MLI,IL,AGL,CE,Combined TRACON& Tower with Radar,7,6,12,0,25,0,0,24,0,24,7,6,36,0,49,80,0,80,129
11/04/2020,MLI,IL,AGL,CE,Combined TRACON& Tower with Radar,11,9,17,0,37,0,0,15,0,15,11,9,32,0,52,0,0,0,52
11/05/2020,MLI,IL,AGL,CE,Combined TRACON& Tower with Radar,12,10,14,0,36,0,0,25,5,30,12,10,39,5,66,14,4,18,84
11/06/2020,MLI,IL,AGL,CE,Combined TRACON& Tower with Radar,10,8,13,0,31,0,2,31,2,35,10,10,44,2,66,12,4,16,82
11/07/2020,MLI,IL,AGL,CE,Combined TRACON& Tower with Radar,11,7,9,0,27,0,0,30,0,30,11,7,39,0,57,42,0,42,99
11/08/2020,MLI,IL,AGL,CE,Combined TRACON& Tower with Radar,12,6,19,0,37,0,0,8,0,8,12,6,27,0,45,0,0,0,45
11/09/2020,MLI,IL,AGL,CE,Combined TRACON& Tower with Radar,8,9,23,0,40,0,0,4,0,4,8,9,27,0,44,6,0,6,50
11/10/2020,MLI,IL,AGL,CE,Combined TRACON& Tower with Radar,8,7,9,2,26,0,0,3,0,3,8,7,12,2,29,0,0,0,29
11/11/2020,MLI,IL,AGL,CE,Combined TRACON& Tower with Radar,10,16,11,0,37,0,0,17,0,17,10,16,28,0,54,16,0,16,70
11/12/2020,MLI,IL,AGL,CE,Combined TRACON& Tower with Radar,12,8,23,0,43,0,0,13,3,16,12,8,36,3,59,0,0,0,59
11/13/2020,MLI,IL,AGL,CE,Combined TRACON& Tower with Radar,8,9,19,0,36,0,0,20,0,20,8,9,39,0,56,16,0,16,72
11/14/2020,MLI,IL,AGL,CE,Combined TRACON& Tower with Radar,12,9,4,0,25,0,0,0,0,0,12,9,4,0,25,0,0,0,25
11/15/2020,MLI,IL,AGL,CE,Combined TRACON& Tower with Radar,12,7,2,0,21,0,0,0,0,0,12,7,2,0,21,0,0,0,21
11/16/2020,MLI,IL,AGL,CE,Combined TRACON& Tower with Radar,8,7,20,6,41,0,0,15,2,17,8,7,35,8,58,20,10,30,88
11/17/2020,MLI,IL,AGL,CE,Combined TRACON& Tower with Radar,8,6,19,2,35,0,0,17,0,17,8,6,36,2,52,70,0,70,122
11/18/2020,MLI,IL,AGL,CE,Combined TRACON& Tower with Radar,14,12,20,2,48,0,0,12,0,12,14,12,32,2,60,0,0,0,60
11/19/2020,MLI,IL,AGL,CE,Combined TRACON& Tower with Radar,12,10,16,2,40,0,0,7,0,7,12,10,23,2,47,10,0,10,57
11/20/2020,MLI,IL,AGL,CE,Combined TRACON& Tower with Radar,10,9,15,2,36,0,0,26,0,26,10,9,41,2,62,0,0,0,62
11/21/2020,MLI,IL,AGL,CE,Combined TRACON& Tower with Radar,15,8,12,2,37,0,0,24,0,24,15,8,36,2,61,36,0,36,97
11/22/2020,MLI,IL,AGL,CE,Combined TRACON& Tower with Radar,15,5,13,0,33,0,0,14,0,14,15,5,27,0,47,32,0,32,79
11/23/2020,MLI,IL,AGL,CE,Combined TRACON& Tower with Radar,10,5,23,0,38,0,0,15,0,15,10,5,38,0,53,28,0,28,81
11/24/2020,MLI,IL,AGL,CE,Combined TRACON& Tower with Radar,17,8,7,0,32,0,0,0,0,0,17,8,7,0,32,0,0,0,32
11/25/2020,MLI,IL,AGL,CE,Combined TRACON& Tower with Radar,10,7,5,0,22,0,0,0,0,0,10,7,5,0,22,0,0,0,22
11/26/2020,MLI,IL,AGL,CE,Combined TRACON& Tower with Radar,4,4,4,0,12,0,0,6,0,6,4,4,10,0,18,16,0,16,34
11/27/2020,MLI,IL,AGL,CE,Combined TRACON& Tower with Radar,8,5,10,0,23,0,0,8,0,8,8,5,18,0,31,23,0,23,54
11/28/2020,MLI,IL,AGL,CE,Combined TRACON& Tower with Radar,16,12,9,0,37,0,0,25,0,25,16,12,34,0,62,18,0,18,80
11/29/2020,MLI,IL,AGL,CE,Combined TRACON& Tower with Radar,13,9,11,0,33,0,0,13,0,13,13,9,24,0,46,44,0,44,90
11/30/2020,MLI,IL,AGL,CE,Combined TRACON& Tower with Radar,16,11,20,2,49,0,0,9,0,9,16,11,29,2,58,26,0,26,84
12/01/2020,MLI,IL,AGL,CE,Combined TRACON& Tower with Radar,10,7,25,0,42,0,0,17,0,17,10,7,42,0,59,32,0,32,91
12/02/2020,MLI,IL,AGL,CE,Combined TRACON& Tower with Radar,12,11,18,6,47,0,1,13,0,14,12,12,31,6,61,38,14,52,113
12/03/2020,MLI,IL,AGL,CE,Combined TRACON& Tower with Radar,12,9,14,0,35,0,0,21,0,21,12,9,35,0,56,20,0,20,76
12/04/2020,MLI,IL,AGL,CE,Combined TRACON& Tower with Radar,10,12,12,0,34,0,0,30,0,30,10,12,42,0,64,0,0,0,64
12/05/2020,MLI,IL,AGL,CE,Combined TRACON& Tower with Radar,12,7,9,0,28,0,0,31,0,31,12,7,40,0,59,52,0,52,111
12/06/2020,MLI,IL,AGL,CE,Combined TRACON& Tower with Radar,14,9,9,0,32,0,0,15,0,15,14,9,24,0,47,56,0,56,103
12/07/2020,MLI,IL,AGL,CE,Combined TRACON& Tower with Radar,10,6,8,2,26,0,0,0,0,0,10,6,8,2,26,20,0,20,46
12/08/2020,MLI,IL,AGL,CE,Combined TRACON& Tower with Radar,8,6,17,8,39,0,0,0,0,0,8,6,17,8,39,0,8,8,47
12/09/2020,MLI,IL,AGL,CE,Combined TRACON& Tower with Radar,12,9,21,0,42,0,0,36,0,36,12,9,57,0,78,20,0,20,98
12/10/2020,MLI,IL,AGL,CE,Combined TRACON& Tower with Radar,11,8,15,0,34,0,0,22,6,28,11,8,37,6,62,60,0,60,122
12/11/2020,MLI,IL,AGL,CE,Combined TRACON& Tower with Radar,10,5,9,3,27,0,0,0,0,0,10,5,9,3,27,0,0,0,27
12/12/2020,MLI,IL,AGL,CE,Combined TRACON& Tower with Radar,12,7,0,0,19,0,0,0,0,0,12,7,0,0,19,0,0,0,19
12/13/2020,MLI,IL,AGL,CE,Combined TRACON& Tower with Radar,14,4,5,2,25,0,0,14,0,14,14,4,19,2,39,22,0,22,61
12/14/2020,MLI,IL,AGL,CE,Combined TRACON& Tower with Radar,9,5,28,3,45,0,0,3,0,3,9,5,31,3,48,0,0,0,48
12/15/2020,MLI,IL,AGL,CE,Combined TRACON& Tower with Radar,8,6,6,0,20,0,0,14,0,14,8,6,20,0,34,30,0,30,64
12/16/2020,MLI,IL,AGL,CE,Combined TRACON& Tower with Radar,12,9,13,2,36,0,0,5,2,7,12,9,18,4,43,30,4,34,77
12/17/2020,MLI,IL,AGL,CE,Combined TRACON& Tower with Radar,11,8,13,0,32,0,0,8,2,10,11,8,21,2,42,2,4,6,48
12/18/2020,MLI,IL,AGL,CE,Combined TRACON& Tower with Radar,10,7,10,2,29,0,0,11,0,11,10,7,21,2,40,16,0,16,56
12/19/2020,MLI,IL,AGL,CE,Combined TRACON& Tower with Radar,18,7,4,0,29,0,0,0,0,0,18,7,4,0,29,0,0,0,29
12/20/2020,MLI,IL,AGL,CE,Combined TRACON& Tower with Radar,12,8,3,0,23,0,0,15,0,15,12,8,18,0,38,20,0,20,58
12/21/2020,MLI,IL,AGL,CE,Combined TRACON& Tower with Radar,15,7,18,2,42,0,0,2,1,3,15,7,20,3,45,14,14,28,73
12/22/2020,MLI,IL,AGL,CE,Combined TRACON& Tower with Radar,12,8,22,0,42,0,0,27,0,27,12,8,49,0,69,28,0,28,97
12/23/2020,MLI,IL,AGL,CE,Combined TRACON& Tower with Radar,15,13,3,0,31,0,0,0,0,0,15,13,3,0,31,0,0,0,31
12/24/2020,MLI,IL,AGL,CE,Combined TRACON& Tower with Radar,8,5,0,0,13,0,0,2,0,2,8,5,2,0,15,4,0,4,19
12/25/2020,MLI,IL,AGL,CE,Combined TRACON& Tower with Radar,7,2,2,0,11,0,0,6,0,6,7,2,8,0,17,0,0,0,17
12/26/2020,MLI,IL,AGL,CE,Combined TRACON& Tower with Radar,20,6,4,0,30,0,0,32,0,32,20,6,36,0,62,0,0,0,62
12/27/2020,MLI,IL,AGL,CE,Combined TRACON& Tower with Radar,10,7,9,0,26,0,0,9,0,9,10,7,18,0,35,0,0,0,35
12/28/2020,MLI,IL,AGL,CE,Combined TRACON& Tower with Radar,16,6,12,0,34,0,0,9,0,9,16,6,21,0,43,0,0,0,43
12/29/2020,MLI,IL,AGL,CE,Combined TRACON& Tower with Radar,5,4,3,0,12,0,0,2,0,2,5,4,5,0,14,0,0,0,14
12/30/2020,MLI,IL,AGL,CE,Combined TRACON& Tower with Radar,14,6,4,0,24,0,0,4,0,4,14,6,8,0,28,0,0,0,28
12/31/2020,MLI,IL,AGL,CE,Combined TRACON& Tower with Radar,10,6,11,0,27,0,0,0,0,0,10,6,11,0,27,2,0,2,29
01/01/2021,MLI,IL,AGL,CE,Combined TRACON& Tower with Radar,4,1,0,0,5,0,0,0,0,0,4,1,0,0,5,0,0,0,5
01/02/2021,MLI,IL,AGL,CE,Combined TRACON& Tower with Radar,20,5,7,0,32,0,0,0,0,0,20,5,7,0,32,0,0,0,32
01/03/2021,MLI,IL,AGL,CE,Combined TRACON& Tower with Radar,8,8,8,0,24,0,0,0,0,0,8,8,8,0,24,0,0,0,24
01/04/2021,MLI,IL,AGL,CE,Combined TRACON& Tower with Radar,13,9,11,0,33,0,0,1,0,1,13,9,12,0,34,0,0,0,34
01/05/2021,MLI,IL,AGL,CE,Combined TRACON& Tower with Radar,8,4,23,0,35,0,0,5,0,5,8,4,28,0,40,6,0,6,46
01/06/2021,MLI,IL,AGL,CE,Combined TRACON& Tower with Radar,15,4,3,0,22,0,0,0,0,0,15,4,3,0,22,0,0,0,22
01/07/2021,MLI,IL,AGL,CE,Combined TRACON& Tower with Radar,16,6,10,0,32,0,0,1,0,1,16,6,11,0,33,0,0,0,33
01/08/2021,MLI,IL,AGL,CE,Combined TRACON& Tower with Radar,9,7,11,0,27,0,0,5,0,5,9,7,16,0,32,0,0,0,32
01/09/2021,MLI,IL,AGL,CE,Combined TRACON& Tower with Radar,12,7,16,0,35,0,0,3,0,3,12,7,19,0,38,30,0,30,68
01/10/2021,MLI,IL,AGL,CE,Combined TRACON& Tower with Radar,16,2,6,0,24,0,0,0,0,0,16,2,6,0,24,0,0,0,24
01/11/2021,MLI,IL,AGL,CE,Combined TRACON& Tower with Radar,10,5,20,0,35,0,0,9,0,9,10,5,29,0,44,28,0,28,72
01/12/2021,MLI,IL,AGL,CE,Combined TRACON& Tower with Radar,10,5,12,0,27,0,0,18,0,18,10,5,30,0,45,56,0,56,101
01/13/2021,MLI,IL,AGL,CE,Combined TRACON& Tower with Radar,12,11,14,0,37,0,0,7,0,7,12,11,21,0,44,40,0,40,84
01/14/2021,MLI,IL,AGL,CE,Combined TRACON& Tower with Radar,16,7,2,0,25,0,0,3,1,4,16,7,5,1,29,0,4,4,33
01/15/2021,MLI,IL,AGL,CE,Combined TRACON& Tower with Radar,9,8,15,0,32,0,0,1,0,1,9,8,16,0,33,0,0,0,33
01/16/2021,MLI,IL,AGL,CE,Combined TRACON& Tower with Radar,11,5,1,0,17,0,0,0,0,0,11,5,1,0,17,0,0,0,17
01/17/2021,MLI,IL,AGL,CE,Combined TRACON& Tower with Radar,17,3,9,0,29,0,0,0,0,0,17,3,9,0,29,0,0,0,29
01/18/2021,MLI,IL,AGL,CE,Combined TRACON& Tower with Radar,10,4,9,0,23,0,0,9,0,9,10,4,18,0,32,64,0,64,96
01/19/2021,MLI,IL,AGL,CE,Combined TRACON& Tower with Radar,10,5,4,2,21,0,0,0,0,0,10,5,4,2,21,0,0,0,21
01/20/2021,MLI,IL,AGL,CE,Combined TRACON& Tower with Radar,12,6,10,2,30,0,0,15,2,17,12,6,25,4,47,14,2,16,63
01/21/2021,MLI,IL,AGL,CE,Combined TRACON& Tower with Radar,16,7,15,0,38,0,0,18,0,18,16,7,33,0,56,32,0,32,88
01/22/2021,MLI,IL,AGL,CE,Combined TRACON& Tower with Radar,10,5,13,4,32,0,0,13,0,13,10,5,26,4,45,10,0,10,55
01/23/2021,MLI,IL,AGL,CE,Combined TRACON& Tower with Radar,12,3,9,0,24,0,2,16,0,18,12,5,25,0,42,36,0,36,78
01/24/2021,MLI,IL,AGL,CE,Combined TRACON& Tower with Radar,16,2,1,0,19,0,0,6,0,6,16,2,7,0,25,0,0,0,25
01/25/2021,MLI,IL,AGL,CE,Combined TRACON& Tower with Radar,7,4,11,0,22,0,0,0,0,0,7,4,11,0,22,0,0,0,22
01/26/2021,MLI,IL,AGL,CE,Combined TRACON& Tower with Radar,9,5,7,0,21,0,0,0,0,0,9,5,7,0,21,0,0,0,21
01/27/2021,MLI,IL,AGL,CE,Combined TRACON& Tower with Radar,12,6,27,2,47,0,0,11,1,12,12,6,38,3,59,34,20,54,113
01/28/2021,MLI,IL,AGL,CE,Combined TRACON& Tower with Radar,16,6,16,4,42,0,0,21,1,22,16,6,37,5,64,56,0,56,120
01/29/2021,MLI,IL,AGL,CE,Combined TRACON& Tower with Radar,9,10,20,0,39,0,0,9,0,9,9,10,29,0,48,0,0,0,48
01/30/2021,MLI,IL,AGL,CE,Combined TRACON& Tower with Radar,12,4,4,0,20,0,0,2,0,2,12,4,6,0,22,6,0,6,28
01/31/2021,MLI,IL,AGL,CE,Combined TRACON& Tower with Radar,15,2,4,0,21,0,0,0,0,0,15,2,4,0,21,0,0,0,21
02/01/2021,MLI,IL,AGL,CE,Combined TRACON& Tower with Radar,9,7,12,0,28,0,0,5,0,5,9,7,17,0,33,40,0,40,73
02/02/2021,MLI,IL,AGL,CE,Combined TRACON& Tower with Radar,10,8,13,3,34,0,0,0,0,0,10,8,13,3,34,0,0,0,34
02/03/2021,MLI,IL,AGL,CE,Combined TRACON& Tower with Radar,12,5,15,1,33,0,0,12,0,12,12,5,27,1,45,16,0,16,61
02/04/2021,MLI,IL,AGL,CE,Combined TRACON& Tower with Radar,12,5,8,0,25,0,0,0,0,0,12,5,8,0,25,0,0,0,25
02/05/2021,MLI,IL,AGL,CE,Combined TRACON& Tower with Radar,12,12,13,0,37,0,0,4,0,4,12,12,17,0,41,0,0,0,41
02/06/2021,MLI,IL,AGL,CE,Combined TRACON& Tower with Radar,12,3,11,0,26,0,0,0,0,0,12,3,11,0,26,0,0,0,26
02/07/2021,MLI,IL,AGL,CE,Combined TRACON& Tower with Radar,13,5,7,0,25,0,0,6,0,6,13,5,13,0,31,0,0,0,31
02/08/2021,MLI,IL,AGL,CE,Combined TRACON& Tower with Radar,10,4,18,0,32,0,0,0,0,0,10,4,18,0,32,0,0,0,32
02/09/2021,MLI,IL,AGL,CE,Combined TRACON& Tower with Radar,10,8,15,0,33,0,0,9,1,10,10,8,24,1,43,24,0,24,67
02/10/2021,MLI,IL,AGL,CE,Combined TRACON& Tower with Radar,14,4,12,3,33,0,0,2,1,3,14,4,14,4,36,0,0,0,36
02/11/2021,MLI,IL,AGL,CE,Combined TRACON& Tower with Radar,16,11,10,0,37,0,0,3,0,3,16,11,13,0,40,0,0,0,40
02/12/2021,MLI,IL,AGL,CE,Combined TRACON& Tower with Radar,10,11,11,0,32,0,0,3,0,3,10,11,14,0,35,6,0,6,41
02/13/2021,MLI,IL,AGL,CE,Combined TRACON& Tower with Radar,12,11,6,0,29,0,0,0,0,0,12,11,6,0,29,0,0,0,29
02/14/2021,MLI,IL,AGL,CE,Combined TRACON& Tower with Radar,11,8,3,0,22,0,2,0,0,2,11,10,3,0,24,0,0,0,24
02/15/2021,MLI,IL,AGL,CE,Combined TRACON& Tower with Radar,8,10,15,0,33,0,0,1,0,1,8,10,16,0,34,0,0,0,34
02/16/2021,MLI,IL,AGL,CE,Combined TRACON& Tower with Radar,7,15,19,0,41,0,0,6,0,6,7,15,25,0,47,6,0,6,53
02/17/2021,MLI,IL,AGL,CE,Combined TRACON& Tower with Radar,10,7,24,0,41,0,0,6,0,6,10,7,30,0,47,10,0,10,57
02/18/2021,MLI,IL,AGL,CE,Combined TRACON& Tower with Radar,14,11,22,0,47,0,0,4,0,4,14,11,26,0,51,6,0,6,57
02/19/2021,MLI,IL,AGL,CE,Combined TRACON& Tower with Radar,10,15,20,1,46,0,0,9,0,9,10,15,29,1,55,6,0,6,61
02/20/2021,MLI,IL,AGL,CE,Combined TRACON& Tower with Radar,12,10,3,0,25,0,0,8,0,8,12,10,11,0,33,8,0,8,41
02/21/2021,MLI,IL,AGL,CE,Combined TRACON& Tower with Radar,16,10,1,0,27,0,0,0,0,0,16,10,1,0,27,0,0,0,27
02/22/2021,MLI,IL,AGL,CE,Combined TRACON& Tower with Radar,10,13,15,2,40,0,0,5,0,5,10,13,20,2,45,0,0,0,45
02/23/2021,MLI,IL,AGL,CE,Combined TRACON& Tower with Radar,10,10,20,0,40,0,0,20,0,20,10,10,40,0,60,44,0,44,104
02/24/2021,MLI,IL,AGL,CE,Combined TRACON& Tower with Radar,14,9,19,1,43,0,0,11,1,12,14,9,30,2,55,24,0,24,79
02/25/2021,MLI,IL,AGL,CE,Combined TRACON& Tower with Radar,16,12,30,2,60,0,0,18,0,18,16,12,48,2,78,58,0,58,136
02/26/2021,MLI,IL,AGL,CE,Combined TRACON& Tower with Radar,9,15,11,0,35,0,0,26,0,26,9,15,37,0,61,22,0,22,83
02/27/2021,MLI,IL,AGL,CE,Combined TRACON& Tower with Radar,12,12,10,0,34,0,0,23,0,23,12,12,33,0,57,48,0,48,105
02/28/2021,MLI,IL,AGL,CE,Combined TRACON& Tower with Radar,15,9,3,0,27,0,0,0,0,0,15,9,3,0,27,0,0,0,27
03/01/2021,MLI,IL,AGL,CE,Combined TRACON& Tower with Radar,10,11,14,4,39,0,2,21,0,23,10,13,35,4,62,18,0,18,80
03/02/2021,MLI,IL,AGL,CE,Combined TRACON& Tower with Radar,10,7,10,2,29,0,0,17,0,17,10,7,27,2,46,8,0,8,54
03/03/2021,MLI,IL,AGL,CE,Combined TRACON& Tower with Radar,14,10,27,0,51,0,2,27,0,29,14,12,54,0,80,52,0,52,132
03/04/2021,MLI,IL,AGL,CE,Combined TRACON& Tower with Radar,16,15,20,0,51,0,0,19,0,19,16,15,39,0,70,16,0,16,86
03/05/2021,MLI,IL,AGL,CE,Combined TRACON& Tower with Radar,10,10,15,0,35,0,0,34,2,36,10,10,49,2,71,22,0,22,93
03/06/2021,MLI,IL,AGL,CE,Combined TRACON& Tower with Radar,16,9,7,2,34,0,0,29,0,29,16,9,36,2,63,76,8,84,147
03/07/2021,MLI,IL,AGL,CE,Combined TRACON& Tower with Radar,18,16,11,0,45,0,2,23,0,25,18,18,34,0,70,0,0,0,70
03/08/2021,MLI,IL,AGL,CE,Combined TRACON& Tower with Radar,10,13,23,2,48,0,0,23,0,23,10,13,46,2,71,20,0,20,91
03/09/2021,MLI,IL,AGL,CE,Combined TRACON& Tower with Radar,12,14,4,2,32,0,0,13,2,15,12,14,17,4,47,0,0,0,47
03/10/2021,MLI,IL,AGL,CE,Combined TRACON& Tower with Radar,14,10,17,0,41,0,0,1,1,2,14,10,18,1,43,0,0,0,43
03/11/2021,MLI,IL,AGL,CE,Combined TRACON& Tower with Radar,16,16,12,11,55,0,0,13,3,16,16,16,25,14,71,18,16,34,105
03/12/2021,MLI,IL,AGL,CE,Combined TRACON& Tower with Radar,12,15,16,0,43,0,0,23,0,23,12,15,39,0,66,16,0,16,82
03/13/2021,MLI,IL,AGL,CE,Combined TRACON& Tower with Radar,18,9,7,0,34,0,0,36,0,36,18,9,43,0,70,34,0,34,104
03/14/2021,MLI,IL,AGL,CE,Combined TRACON& Tower with Radar,16,4,12,0,32,0,0,10,0,10,16,4,22,0,42,0,0,0,42
03/15/2021,MLI,IL,AGL,CE,Combined TRACON& Tower with Radar,7,11,14,0,32,0,0,0,0,0,7,11,14,0,32,42,0,42,74
03/16/2021,MLI,IL,AGL,CE,Combined TRACON& Tower with Radar,12,12,17,7,48,0,0,0,0,0,12,12,17,7,48,0,6,6,54
03/17/2021,MLI,IL,AGL,CE,Combined TRACON& Tower with Radar,13,10,9,0,32,0,0,0,0,0,13,10,9,0,32,0,0,0,32
03/18/2021,MLI,IL,AGL,CE,Combined TRACON& Tower with Radar,16,11,11,0,38,0,0,4,0,4,16,11,15,0,42,0,0,0,42
03/19/2021,MLI,IL,AGL,CE,Combined TRACON& Tower with Radar,9,16,10,3,38,0,3,24,0,27,9,19,34,3,65,34,18,52,117
03/20/2021,MLI,IL,AGL,CE,Combined TRACON& Tower with Radar,16,14,7,0,37,0,0,27,0,27,16,14,34,0,64,14,0,14,78
03/21/2021,MLI,IL,AGL,CE,Combined TRACON& Tower with Radar,15,11,8,0,34,0,0,13,0,13,15,11,21,0,47,0,0,0,47
03/22/2021,MLI,IL,AGL,CE,Combined TRACON& Tower with Radar,9,14,20,0,43,0,0,26,0,26,9,14,46,0,69,92,0,92,161
03/23/2021,MLI,IL,AGL,CE,Combined TRACON& Tower with Radar,12,9,6,0,27,0,0,0,0,0,12,9,6,0,27,0,0,0,27
03/24/2021,MLI,IL,AGL,CE,Combined TRACON& Tower with Radar,13,15,22,0,50,0,0,0,0,0,13,15,22,0,50,0,0,0,50
03/25/2021,MLI,IL,AGL,CE,Combined TRACON& Tower with Radar,15,10,25,1,51,0,0,2,0,2,15,10,27,1,53,20,0,20,73
03/26/2021,MLI,IL,AGL,CE,Combined TRACON& Tower with Radar,9,15,49,2,75,0,0,5,0,5,9,15,54,2,80,40,0,40,120
03/27/2021,MLI,IL,AGL,CE,Combined TRACON& Tower with Radar,14,10,19,0,43,0,0,9,0,9,14,10,28,0,52,68,0,68,120
03/28/2021,MLI,IL,AGL,CE,Combined TRACON& Tower with Radar,14,9,12,0,35,0,2,10,0,12,14,11,22,0,47,0,0,0,47
03/29/2021,MLI,IL,AGL,CE,Combined TRACON& Tower with Radar,10,10,19,0,39,0,0,5,0,5,10,10,24,0,44,0,0,0,44
03/30/2021,MLI,IL,AGL,CE,Combined TRACON& Tower with Radar,11,12,15,0,38,0,0,18,0,18,11,12,33,0,56,16,0,16,72
03/31/2021,MLI,IL,AGL,CE,Combined TRACON& Tower with Radar,14,9,18,2,43,0,0,19,0,19,14,9,37,2,62,30,0,30,92
04/01/2021,MLI,IL,AGL,CE,Combined TRACON& Tower with Radar,16,12,21,0,49,0,1,30,0,31,16,13,51,0,80,42,0,42,122
04/02/2021,MLI,IL,AGL,CE,Combined TRACON& Tower with Radar,12,12,10,0,34,0,0,15,0,15,12,12,25,0,49,0,0,0,49
04/03/2021,MLI,IL,AGL,CE,Combined TRACON& Tower with Radar,15,9,1,0,25,0,0,13,0,13,15,9,14,0,38,0,0,0,38
04/04/2021,MLI,IL,AGL,CE,Combined TRACON& Tower with Radar,16,10,5,0,31,0,0,18,0,18,16,10,23,0,49,10,0,10,59
04/05/2021,MLI,IL,AGL,CE,Combined TRACON& Tower with Radar,10,17,10,1,38,0,0,11,0,11,10,17,21,1,49,74,0,74,123
04/06/2021,MLI,IL,AGL,CE,Combined TRACON& Tower with Radar,10,8,16,0,34,0,0,10,0,10,10,8,26,0,44,2,0,2,46
04/07/2021,MLI,IL,AGL,CE,Combined TRACON& Tower with Radar,14,8,17,2,41,0,0,4,0,4,14,8,21,2,45,0,0,0,45
04/08/2021,MLI,IL,AGL,CE,Combined TRACON& Tower with Radar,14,12,13,0,39,0,0,2,4,6,14,12,15,4,45,0,0,0,45
04/09/2021,MLI,IL,AGL,CE,Combined TRACON& Tower with Radar,12,16,7,1,36,0,0,5,0,5,12,16,12,1,41,40,0,40,81
04/10/2021,MLI,IL,AGL,CE,Combined TRACON& Tower with Radar,14,10,6,0,30,0,0,0,0,0,14,10,6,0,30,0,0,0,30
04/11/2021,MLI,IL,AGL,CE,Combined TRACON& Tower with Radar,14,10,14,0,38,0,0,6,0,6,14,10,20,0,44,18,0,18,62
04/12/2021,MLI,IL,AGL,CE,Combined TRACON& Tower with Radar,10,10,19,3,42,0,0,10,0,10,10,10,29,3,52,0,0,0,52
04/13/2021,MLI,IL,AGL,CE,Combined TRACON& Tower with Radar,10,8,15,0,33,0,0,15,0,15,10,8,30,0,48,10,0,10,58
04/14/2021,MLI,IL,AGL,CE,Combined TRACON& Tower with Radar,14,10,22,11,57,0,0,15,1,16,14,10,37,12,73,0,0,0,73
04/15/2021,MLI,IL,AGL,CE,Combined TRACON& Tower with Radar,14,12,16,13,55,0,0,14,0,14,14,12,30,13,69,16,0,16,85
04/16/2021,MLI,IL,AGL,CE,Combined TRACON& Tower with Radar,10,17,10,1,38,0,0,42,0,42,10,17,52,1,80,6,0,6,86
04/17/2021,MLI,IL,AGL,CE,Combined TRACON& Tower with Radar,14,9,10,0,33,0,0,16,0,16,14,9,26,0,49,58,0,58,107
04/18/2021,MLI,IL,AGL,CE,Combined TRACON& Tower with Radar,14,11,4,0,29,0,0,22,0,22,14,11,26,0,51,0,0,0,51
04/19/2021,MLI,IL,AGL,CE,Combined TRACON& Tower with Radar,12,11,11,2,36,0,0,0,0,0,12,11,11,2,36,0,0,0,36
04/20/2021,MLI,IL,AGL,CE,Combined TRACON& Tower with Radar,11,9,13,4,37,0,0,6,0,6,11,9,19,4,43,36,8,44,87
04/21/2021,MLI,IL,AGL,CE,Combined TRACON& Tower with Radar,15,12,14,4,45,0,0,18,0,18,15,12,32,4,63,46,4,50,113
04/22/2021,MLI,IL,AGL,CE,Combined TRACON& Tower with Radar,14,12,18,6,50,0,0,16,0,16,14,12,34,6,66,26,12,38,104
04/23/2021,MLI,IL,AGL,CE,Combined TRACON& Tower with Radar,10,13,13,13,49,0,0,13,8,21,10,13,26,21,70,14,26,40,110
04/24/2021,MLI,IL,AGL,CE,Combined TRACON& Tower with Radar,14,9,13,0,36,0,0,19,0,19,14,9,32,0,55,32,0,32,87
04/25/2021,MLI,IL,AGL,CE,Combined TRACON& Tower with Radar,13,11,4,0,28,0,0,16,0,16,13,11,20,0,44,0,0,0,44
04/26/2021,MLI,IL,AGL,CE,Combined TRACON& Tower with Radar,10,11,19,1,41,0,0,6,0,6,10,11,25,1,47,0,0,0,47
04/27/2021,MLI,IL,AGL,CE,Combined TRACON& Tower with Radar,10,10,23,0,43,0,1,15,0,16,10,11,38,0,59,22,0,22,81
04/28/2021,MLI,IL,AGL,CE,Combined TRACON& Tower with Radar,13,8,28,0,49,0,0,5,0,5,13,8,33,0,54,10,0,10,64
04/29/2021,MLI,IL,AGL,CE,Combined TRACON& Tower with Radar,14,21,24,0,59,0,0,11,0,11,14,21,35,0,70,18,0,18,88
04/30/2021,MLI,IL,AGL,CE,Combined TRACON& Tower with Radar,10,17,12,0,39,0,1,20,0,21,10,18,32,0,60,40,0,40,100
05/01/2021,MLI,IL,AGL,CE,Combined TRACON& Tower with Radar,14,13,2,0,29,0,0,4,0,4,14,13,6,0,33,0,0,0,33
05/02/2021,MLI,IL,AGL,CE,Combined TRACON& Tower with Radar,14,11,10,0,35,0,0,7,0,7,14,11,17,0,42,4,0,4,46
05/03/2021,MLI,IL,AGL,CE,Combined TRACON& Tower with Radar,12,14,14,0,40,0,0,0,0,0,12,14,14,0,40,9,0,9,49
05/04/2021,MLI,IL,AGL,CE,Combined TRACON& Tower with Radar,10,10,12,0,32,0,0,8,0,8,10,10,20,0,40,4,0,4,44
05/05/2021,MLI,IL,AGL,CE,Combined TRACON& Tower with Radar,13,8,15,0,36,0,0,26,0,26,13,8,41,0,62,26,0,26,88
05/06/2021,MLI,IL,AGL,CE,Combined TRACON& Tower with Radar,14,14,12,0,40,0,0,17,0,17,14,14,29,0,57,26,0,26,83
05/07/2021,MLI,IL,AGL,CE,Combined TRACON& Tower with Radar,9,18,14,0,41,0,0,24,0,24,9,18,38,0,65,0,0,0,65
05/08/2021,MLI,IL,AGL,CE,Combined TRACON& Tower with Radar,14,13,12,0,39,0,0,22,0,22,14,13,34,0,61,10,0,10,71
05/09/2021,MLI,IL,AGL,CE,Combined TRACON& Tower with Radar,14,12,9,0,35,0,0,2,0,2,14,12,11,0,37,0,0,0,37
05/10/2021,MLI,IL,AGL,CE,Combined TRACON& Tower with Radar,9,17,25,14,65,0,0,7,0,7,9,17,32,14,72,34,48,82,154
05/11/2021,MLI,IL,AGL,CE,Combined TRACON& Tower with Radar,10,14,13,0,37,0,0,19,0,19,10,14,32,0,56,68,0,68,124
05/12/2021,MLI,IL,AGL,CE,Combined TRACON& Tower with Radar,14,12,24,0,50,0,0,22,2,24,14,12,46,2,74,8,0,8,82
05/13/2021,MLI,IL,AGL,CE,Combined TRACON& Tower with Radar,17,19,25,0,61,0,0,20,2,22,17,19,45,2,83,50,6,56,139
05/14/2021,MLI,IL,AGL,CE,Combined TRACON& Tower with Radar,10,15,14,0,39,0,0,24,0,24,10,15,38,0,63,26,0,26,89
05/15/2021,MLI,IL,AGL,CE,Combined TRACON& Tower with Radar,15,18,8,0,41,0,0,0,0,0,15,18,8,0,41,0,0,0,41
05/16/2021,MLI,IL,AGL,CE,Combined TRACON& Tower with Radar,12,12,11,0,35,0,0,13,0,13,12,12,24,0,48,50,0,50,98
05/17/2021,MLI,IL,AGL,CE,Combined TRACON& Tower with Radar,12,13,48,2,75,0,0,1,0,1,12,13,49,2,76,0,0,0,76
05/18/2021,MLI,IL,AGL,CE,Combined TRACON& Tower with Radar,10,14,38,2,64,0,0,0,0,0,10,14,38,2,64,16,0,16,80
05/19/2021,MLI,IL,AGL,CE,Combined TRACON& Tower with Radar,13,18,23,2,56,0,0,0,0,0,13,18,23,2,56,0,0,0,56
05/20/2021,MLI,IL,AGL,CE,Combined TRACON& Tower with Radar,14,16,18,0,48,0,0,13,0,13,14,16,31,0,61,10,0,10,71
05/21/2021,MLI,IL,AGL,CE,Combined TRACON& Tower with Radar,10,15,16,0,41,0,0,6,0,6,10,15,22,0,47,0,0,0,47
05/22/2021,MLI,IL,AGL,CE,Combined TRACON& Tower with Radar,14,10,6,0,30,0,2,14,0,16,14,12,20,0,46,46,0,46,92
05/23/2021,MLI,IL,AGL,CE,Combined TRACON& Tower with Radar,14,15,13,0,42,0,0,13,0,13,14,15,26,0,55,62,0,62,117
05/24/2021,MLI,IL,AGL,CE,Combined TRACON& Tower with Radar,9,14,12,4,39,0,0,9,0,9,9,14,21,4,48,18,0,18,66
05/25/2021,MLI,IL,AGL,CE,Combined TRACON& Tower with Radar,10,15,17,1,43,0,0,5,0,5,10,15,22,1,48,10,0,10,58
05/26/2021,MLI,IL,AGL,CE,Combined TRACON& Tower with Radar,14,14,19,0,47,0,0,17,0,17,14,14,36,0,64,28,0,28,92
05/27/2021,MLI,IL,AGL,CE,Combined TRACON& Tower with Radar,14,14,7,1,36,0,0,0,0,0,14,14,7,1,36,16,0,16,52
05/28/2021,MLI,IL,AGL,CE,Combined TRACON& Tower with Radar,8,14,8,0,30,0,0,1,0,1,8,14,9,0,31,0,0,0,31
05/29/2021,MLI,IL,AGL,CE,Combined TRACON& Tower with Radar,11,10,12,0,33,0,0,29,0,29,11,10,41,0,62,56,0,56,118
05/30/2021,MLI,IL,AGL,CE,Combined TRACON& Tower with Radar,14,10,5,0,29,0,0,22,0,22,14,10,27,0,51,0,0,0,51
05/31/2021,MLI,IL,AGL,CE,Combined TRACON& Tower with Radar,7,16,5,0,28,0,0,25,0,25,7,16,30,0,53,0,0,0,53
06/01/2021,MLI,IL,AGL,CE,Combined TRACON& Tower with Radar,10,17,23,2,52,0,0,11,0,11,10,17,34,2,63,12,2,14,77
06/02/2021,MLI,IL,AGL,CE,Combined TRACON& Tower with Radar,10,19,23,1,53,1,1,40,14,56,11,20,63,15,109,36,0,36,145
06/03/2021,MLI,IL,AGL,CE,Combined TRACON& Tower with Radar,13,14,18,0,45,0,0,24,2,26,13,14,42,2,71,16,0,16,87
06/04/2021,MLI,IL,AGL,CE,Combined TRACON& Tower with Radar,9,16,26,0,51,0,0,19,0,19,9,16,45,0,70,16,0,16,86
06/05/2021,MLI,IL,AGL,CE,Combined TRACON& Tower with Radar,13,15,19,0,47,0,2,32,0,34,13,17,51,0,81,46,0,46,127
06/06/2021,MLI,IL,AGL,CE,Combined TRACON& Tower with Radar,13,21,7,0,41,0,1,15,0,16,13,22,22,0,57,0,0,0,57
06/07/2021,MLI,IL,AGL,CE,Combined TRACON& Tower with Radar,9,20,24,4,57,0,0,13,0,13,9,20,37,4,70,46,12,58,128
06/08/2021,MLI,IL,AGL,CE,Combined TRACON& Tower with Radar,8,20,9,2,39,0,0,15,0,15,8,20,24,2,54,6,8,14,68
06/09/2021,MLI,IL,AGL,CE,Combined TRACON& Tower with Radar,14,20,24,4,62,0,0,23,0,23,14,20,47,4,85,24,14,38,123
06/10/2021,MLI,IL,AGL,CE,Combined TRACON& Tower with Radar,13,22,22,2,59,0,0,17,0,17,13,22,39,2,76,28,0,28,104
06/11/2021,MLI,IL,AGL,CE,Combined TRACON& Tower with Radar,11,22,11,2,46,0,0,17,2,19,11,22,28,4,65,10,0,10,75
06/12/2021,MLI,IL,AGL,CE,Combined TRACON& Tower with Radar,15,16,6,0,37,0,0,21,0,21,15,16,27,0,58,18,0,18,76
06/13/2021,MLI,IL,AGL,CE,Combined TRACON& Tower with Radar,14,17,8,0,39,0,1,24,0,25,14,18,32,0,64,14,0,14,78
06/14/2021,MLI,IL,AGL,CE,Combined TRACON& Tower with Radar,9,18,15,1,43,0,0,20,0,20,9,18,35,1,63,40,0,40,103
06/15/2021,MLI,IL,AGL,CE,Combined TRACON& Tower with Radar,8,18,28,10,64,0,0,16,0,16,8,18,44,10,80,48,10,58,138
06/16/2021,MLI,IL,AGL,CE,Combined TRACON& Tower with Radar,12,20,23,0,55,0,0,34,0,34,12,20,57,0,89,42,0,42,131
06/17/2021,MLI,IL,AGL,CE,Combined TRACON& Tower with Radar,13,19,19,0,51,0,3,19,0,22,13,22,38,0,73,34,0,34,107
06/18/2021,MLI,IL,AGL,CE,Combined TRACON& Tower with Radar,10,24,10,0,44,0,0,6,0,6,10,24,16,0,50,0,0,0,50
06/19/2021,MLI,IL,AGL,CE,Combined TRACON& Tower with Radar,13,19,17,0,49,0,0,16,0,16,13,19,33,0,65,10,0,10,75
06/20/2021,MLI,IL,AGL,CE,Combined TRACON& Tower with Radar,14,16,8,0,38,0,0,4,0,4,14,16,12,0,42,0,0,0,42
06/21/2021,MLI,IL,AGL,CE,Combined TRACON& Tower with Radar,9,27,15,0,51,0,0,2,0,2,9,27,17,0,53,0,0,0,53
06/22/2021,MLI,IL,AGL,CE,Combined TRACON& Tower with Radar,9,22,7,0,38,0,0,19,0,19,9,22,26,0,57,52,0,52,109
06/23/2021,MLI,IL,AGL,CE,Combined TRACON& Tower with Radar,12,24,23,0,59,0,0,12,0,12,12,24,35,0,71,22,0,22,93
06/24/2021,MLI,IL,AGL,CE,Combined TRACON& Tower with Radar,14,22,11,0,47,0,0,2,0,2,14,22,13,0,49,18,0,18,67
06/25/2021,MLI,IL,AGL,CE,Combined TRACON& Tower with Radar,9,23,14,0,46,0,0,5,0,5,9,23,19,0,51,0,0,0,51
06/26/2021,MLI,IL,AGL,CE,Combined TRACON& Tower with Radar,16,13,17,0,46,0,0,3,0,3,16,13,20,0,49,14,0,14,63
06/27/2021,MLI,IL,AGL,CE,Combined TRACON& Tower with Radar,12,16,19,0,47,0,0,8,0,8,12,16,27,0,55,0,0,0,55
06/28/2021,MLI,IL,AGL,CE,Combined TRACON& Tower with Radar,7,25,18,0,50,0,0,0,0,0,7,25,18,0,50,0,0,0,50
06/29/2021,MLI,IL,AGL,CE,Combined TRACON& Tower with Radar,9,20,27,0,56,0,0,3,0,3,9,20,30,0,59,30,0,30,89
06/30/2021,MLI,IL,AGL,CE,Combined TRACON& Tower with Radar,11,20,28,5,64,0,0,7,3,10,11,20,35,8,74,10,12,22,96
07/01/2021,MLI,IL,AGL,CE,Combined TRACON& Tower with Radar,11,19,31,10,71,0,0,24,2,26,11,19,55,12,97,38,14,52,149
07/02/2021,MLI,IL,AGL,CE,Combined TRACON& Tower with Radar,8,21,7,0,36,0,4,20,0,24,8,25,27,0,60,32,0,32,92
07/03/2021,MLI,IL,AGL,CE,Combined TRACON& Tower with Radar,11,19,8,0,38,0,1,24,0,25,11,20,32,0,63,0,0,0,63
07/04/2021,MLI,IL,AGL,CE,Combined TRACON& Tower with Radar,12,19,8,0,39,0,0,12,0,12,12,19,20,0,51,10,0,10,61
07/05/2021,MLI,IL,AGL,CE,Combined TRACON& Tower with Radar,8,24,32,0,64,0,0,29,0,29,8,24,61,0,93,46,0,46,139
07/06/2021,MLI,IL,AGL,CE,Combined TRACON& Tower with Radar,7,28,24,0,59,0,0,16,2,18,7,28,40,2,77,14,0,14,91
07/07/2021,MLI,IL,AGL,CE,Combined TRACON& Tower with Radar,11,21,26,4,62,0,0,11,0,11,11,21,37,4,73,6,0,6,79
07/08/2021,MLI,IL,AGL,CE,Combined TRACON& Tower with Radar,11,21,37,2,71,0,1,14,0,15,11,22,51,2,86,38,0,38,124
07/09/2021,MLI,IL,AGL,CE,Combined TRACON& Tower with Radar,7,19,14,3,43,0,0,9,0,9,7,19,23,3,52,8,0,8,60
07/10/2021,MLI,IL,AGL,CE,Combined TRACON& Tower with Radar,12,18,11,0,41,0,0,2,0,2,12,18,13,0,43,0,0,0,43
07/11/2021,MLI,IL,AGL,CE,Combined TRACON& Tower with Radar,12,33,18,0,63,0,0,3,0,3,12,33,21,0,66,0,0,0,66
07/12/2021,MLI,IL,AGL,CE,Combined TRACON& Tower with Radar,7,23,20,0,50,0,0,0,0,0,7,23,20,0,50,0,0,0,50
07/13/2021,MLI,IL,AGL,CE,Combined TRACON& Tower with Radar,8,21,14,0,43,0,0,10,0,10,8,21,24,0,53,8,0,8,61
07/14/2021,MLI,IL,AGL,CE,Combined TRACON& Tower with Radar,14,20,23,0,57,0,0,12,0,12,14,20,35,0,69,0,0,0,69
07/15/2021,MLI,IL,AGL,CE,Combined TRACON& Tower with Radar,12,19,30,0,61,0,0,6,0,6,12,19,36,0,67,42,0,42,109
07/16/2021,MLI,IL,AGL,CE,Combined TRACON& Tower with Radar,8,19,18,0,45,0,1,10,0,11,8,20,28,0,56,0,0,0,56
07/17/2021,MLI,IL,AGL,CE,Combined TRACON& Tower with Radar,11,17,10,0,38,0,0,15,0,15,11,17,25,0,53,20,0,20,73
07/18/2021,MLI,IL,AGL,CE,Combined TRACON& Tower with Radar,14,17,18,0,49,0,0,22,0,22,14,17,40,0,71,6,0,6,77
07/19/2021,MLI,IL,AGL,CE,Combined TRACON& Tower with Radar,5,22,18,3,48,0,2,21,0,23,5,24,39,3,71,38,0,38,109
07/20/2021,MLI,IL,AGL,CE,Combined TRACON& Tower with Radar,6,22,23,6,57,0,0,21,0,21,6,22,44,6,78,10,2,12,90
07/21/2021,MLI,IL,AGL,CE,Combined TRACON& Tower with Radar,15,23,27,0,65,0,0,5,0,5,15,23,32,0,70,0,0,0,70
07/22/2021,MLI,IL,AGL,CE,Combined TRACON& Tower with Radar,12,22,18,10,62,0,2,17,0,19,12,24,35,10,81,76,10,86,167
07/23/2021,MLI,IL,AGL,CE,Combined TRACON& Tower with Radar,8,21,15,8,52,0,1,28,1,30,8,22,43,9,82,10,6,16,98
07/24/2021,MLI,IL,AGL,CE,Combined TRACON& Tower with Radar,12,17,14,0,43,0,2,31,0,33,12,19,45,0,76,54,0,54,130
07/25/2021,MLI,IL,AGL,CE,Combined TRACON& Tower with Radar,12,23,14,0,49,0,0,34,0,34,12,23,48,0,83,38,0,38,121
07/26/2021,MLI,IL,AGL,CE,Combined TRACON& Tower with Radar,8,19,33,3,63,0,0,21,0,21,8,19,54,3,84,6,0,6,90
07/27/2021,MLI,IL,AGL,CE,Combined TRACON& Tower with Radar,8,18,13,0,39,0,0,13,0,13,8,18,26,0,52,8,0,8,60
07/28/2021,MLI,IL,AGL,CE,Combined TRACON& Tower with Radar,12,24,30,0,66,0,0,31,0,31,12,24,61,0,97,16,0,16,113
07/29/2021,MLI,IL,AGL,CE,Combined TRACON& Tower with Radar,11,26,31,1,69,0,0,22,1,23,11,26,53,2,92,20,2,22,114
07/30/2021,MLI,IL,AGL,CE,Combined TRACON& Tower with Radar,8,23,17,0,48,0,0,19,0,19,8,23,36,0,67,20,0,20,87
07/31/2021,MLI,IL,AGL,CE,Combined TRACON& Tower with Radar,13,17,15,0,45,0,0,10,0,10,13,17,25,0,55,0,0,0,55
08/01/2021,MLI,IL,AGL,CE,Combined TRACON& Tower with Radar,12,16,18,0,46,0,2,25,0,27,12,18,43,0,73,32,0,32,105
08/02/2021,MLI,IL,AGL,CE,Combined TRACON& Tower with Radar,9,18,26,0,53,0,1,14,0,15,9,19,40,0,68,0,0,0,68
08/03/2021,MLI,IL,AGL,CE,Combined TRACON& Tower with Radar,9,23,5,0,37,0,0,19,0,19,9,23,24,0,56,24,0,24,80
08/04/2021,MLI,IL,AGL,CE,Combined TRACON& Tower with Radar,16,19,15,2,52,0,0,16,0,16,16,19,31,2,68,26,0,26,94
08/05/2021,MLI,IL,AGL,CE,Combined TRACON& Tower with Radar,19,20,12,1,52,0,0,14,1,15,19,20,26,2,67,4,2,6,73
08/06/2021,MLI,IL,AGL,CE,Combined TRACON& Tower with Radar,10,22,16,0,48,0,0,7,0,7,10,22,23,0,55,26,0,26,81
08/07/2021,MLI,IL,AGL,CE,Combined TRACON& Tower with Radar,12,19,21,0,52,0,1,21,0,22,12,20,42,0,74,33,0,33,107
08/08/2021,MLI,IL,AGL,CE,Combined TRACON& Tower with Radar,13,18,16,0,47,0,0,6,0,6,13,18,22,0,53,0,0,0,53
08/09/2021,MLI,IL,AGL,CE,Combined TRACON& Tower with Radar,10,19,29,0,58,0,0,10,0,10,10,19,39,0,68,0,0,0,68
08/10/2021,MLI,IL,AGL,CE,Combined TRACON& Tower with Radar,8,22,20,2,52,0,0,10,0,10,8,22,30,2,62,12,0,12,74
08/11/2021,MLI,IL,AGL,CE,Combined TRACON& Tower with Radar,12,18,11,0,41,0,2,10,0,12,12,20,21,0,53,0,0,0,53
08/12/2021,MLI,IL,AGL,CE,Combined TRACON& Tower with Radar,14,24,11,0,49,0,1,9,0,10,14,25,20,0,59,0,0,0,59
08/13/2021,MLI,IL,AGL,CE,Combined TRACON& Tower with Radar,10,23,17,0,50,0,1,28,0,29,10,24,45,0,79,40,0,40,119
08/14/2021,MLI,IL,AGL,CE,Combined TRACON& Tower with Radar,10,20,11,4,45,0,0,33,0,33,10,20,44,4,78,14,0,14,92
08/15/2021,MLI,IL,AGL,CE,Combined TRACON& Tower with Radar,14,21,11,0,46,0,0,28,2,30,14,21,39,2,76,40,0,40,116
08/16/2021,MLI,IL,AGL,CE,Combined TRACON& Tower with Radar,10,24,24,2,60,0,0,23,0,23,10,24,47,2,83,20,0,20,103
08/17/2021,MLI,IL,AGL,CE,Combined TRACON& Tower with Radar,10,21,21,0,52,0,0,20,0,20,10,21,41,0,72,44,0,44,116
08/18/2021,MLI,IL,AGL,CE,Combined TRACON& Tower with Radar,9,21,18,2,50,0,0,16,2,18,9,21,34,4,68,54,2,56,124
08/19/2021,MLI,IL,AGL,CE,Combined TRACON& Tower with Radar,12,20,34,0,66,0,0,14,0,14,12,20,48,0,80,38,0,38,118
08/20/2021,MLI,IL,AGL,CE,Combined TRACON& Tower with Radar,9,22,25,0,56,0,0,21,0,21,9,22,46,0,77,54,0,54,131
08/21/2021,MLI,IL,AGL,CE,Combined TRACON& Tower with Radar,9,17,26,0,52,0,0,2,0,2,9,17,28,0,54,16,0,16,70
08/22/2021,MLI,IL,AGL,CE,Combined TRACON& Tower with Radar,13,20,7,0,40,0,1,30,0,31,13,21,37,0,71,20,0,20,91
08/23/2021,MLI,IL,AGL,CE,Combined TRACON& Tower with Radar,10,18,19,8,55,0,0,8,0,8,10,18,27,8,63,8,4,12,75
08/24/2021,MLI,IL,AGL,CE,Combined TRACON& Tower with Radar,9,22,11,2,44,0,2,18,0,20,9,24,29,2,64,42,0,42,106
08/25/2021,MLI,IL,AGL,CE,Combined TRACON& Tower with Radar,8,23,30,3,64,0,0,17,6,23,8,23,47,9,87,28,0,28,115
08/26/2021,MLI,IL,AGL,CE,Combined TRACON& Tower with Radar,12,22,12,1,47,0,0,28,0,28,12,22,40,1,75,56,0,56,131
08/27/2021,MLI,IL,AGL,CE,Combined TRACON& Tower with Radar,9,24,18,1,52,0,0,20,1,21,9,24,38,2,73,30,10,40,113
08/28/2021,MLI,IL,AGL,CE,Combined TRACON& Tower with Radar,10,20,12,0,42,0,0,37,0,37,10,20,49,0,79,50,0,50,129
08/29/2021,MLI,IL,AGL,CE,Combined TRACON& Tower with Radar,11,19,9,0,39,0,0,14,0,14,11,19,23,0,53,34,0,34,87
08/30/2021,MLI,IL,AGL,CE,Combined TRACON& Tower with Radar,9,18,22,2,51,0,0,32,0,32,9,18,54,2,83,10,0,10,93
08/31/2021,MLI,IL,AGL,CE,Combined TRACON& Tower with Radar,10,19,23,0,52,0,0,4,0,4,10,19,27,0,56,6,0,6,62
09/01/2021,MLI,IL,AGL,CE,Combined TRACON& Tower with Radar,10,24,10,9,53,0,0,27,5,32,10,24,37,14,85,48,20,68,153
09/02/2021,MLI,IL,AGL,CE,Combined TRACON& Tower with Radar,12,22,16,6,56,0,0,30,0,30,12,22,46,6,86,30,10,40,126
09/03/2021,MLI,IL,AGL,CE,Combined TRACON& Tower with Radar,10,20,15,0,45,0,0,6,0,6,10,20,21,0,51,0,0,0,51
09/04/2021,MLI,IL,AGL,CE,Combined TRACON& Tower with Radar,10,15,7,0,32,0,0,0,0,0,10,15,7,0,32,2,0,2,34
09/05/2021,MLI,IL,AGL,CE,Combined TRACON& Tower with Radar,12,14,7,0,33,0,0,34,0,34,12,14,41,0,67,50,0,50,117
09/06/2021,MLI,IL,AGL,CE,Combined TRACON& Tower with Radar,10,15,12,0,37,0,0,42,0,42,10,15,54,0,79,44,0,44,123
09/07/2021,MLI,IL,AGL,CE,Combined TRACON& Tower with Radar,9,20,15,0,44,0,0,18,2,20,9,20,33,2,64,40,0,40,104
09/08/2021,MLI,IL,AGL,CE,Combined TRACON& Tower with Radar,10,21,23,0,54,0,0,26,0,26,10,21,49,0,80,0,0,0,80
09/09/2021,MLI,IL,AGL,CE,Combined TRACON& Tower with Radar,13,22,22,0,57,0,0,36,0,36,13,22,58,0,93,42,0,42,135
09/10/2021,MLI,IL,AGL,CE,Combined TRACON& Tower with Radar,11,24,13,0,48,0,0,39,0,39,11,24,52,0,87,22,0,22,109
09/11/2021,MLI,IL,AGL,CE,Combined TRACON& Tower with Radar,10,13,13,0,36,0,0,35,0,35,10,13,48,0,71,32,0,32,103
09/12/2021,MLI,IL,AGL,CE,Combined TRACON& Tower with Radar,13,18,15,0,46,0,0,18,1,19,13,18,33,1,65,0,0,0,65
09/13/2021,MLI,IL,AGL,CE,Combined TRACON& Tower with Radar,10,23,8,7,48,0,0,16,0,16,10,23,24,7,64,22,0,22,86
09/14/2021,MLI,IL,AGL,CE,Combined TRACON& Tower with Radar,10,18,14,0,42,0,0,11,0,11,10,18,25,0,53,34,0,34,87
09/15/2021,MLI,IL,AGL,CE,Combined TRACON& Tower with Radar,10,20,18,0,48,0,0,25,0,25,10,20,43,0,73,26,0,26,99
09/16/2021,MLI,IL,AGL,CE,Combined TRACON& Tower with Radar,12,20,17,2,51,0,0,27,0,27,12,20,44,2,78,16,0,16,94
09/17/2021,MLI,IL,AGL,CE,Combined TRACON& Tower with Radar,12,18,23,0,53,0,0,19,0,19,12,18,42,0,72,24,0,24,96
09/18/2021,MLI,IL,AGL,CE,Combined TRACON& Tower with Radar,12,15,4,0,31,0,0,16,0,16,12,15,20,0,47,10,0,10,57
09/19/2021,MLI,IL,AGL,CE,Combined TRACON& Tower with Radar,12,16,10,0,38,0,0,22,0,22,12,16,32,0,60,0,0,0,60
09/20/2021,MLI,IL,AGL,CE,Combined TRACON& Tower with Radar,10,16,12,2,40,0,1,4,0,5,10,17,16,2,45,8,0,8,53
09/21/2021,MLI,IL,AGL,CE,Combined TRACON& Tower with Radar,10,23,18,2,53,0,0,9,0,9,10,23,27,2,62,22,0,22,84
09/22/2021,MLI,IL,AGL,CE,Combined TRACON& Tower with Radar,10,22,30,2,64,0,0,20,0,20,10,22,50,2,84,6,0,6,90
09/23/2021,MLI,IL,AGL,CE,Combined TRACON& Tower with Radar,13,20,19,2,54,0,0,26,0,26,13,20,45,2,80,18,0,18,98
09/24/2021,MLI,IL,AGL,CE,Combined TRACON& Tower with Radar,11,24,22,0,57,0,0,12,0,12,11,24,34,0,69,22,0,22,91
09/25/2021,MLI,IL,AGL,CE,Combined TRACON& Tower with Radar,10,15,12,0,37,0,0,22,0,22,10,15,34,0,59,10,0,10,69
09/26/2021,MLI,IL,AGL,CE,Combined TRACON& Tower with Radar,12,18,10,0,40,0,0,18,0,18,12,18,28,0,58,0,0,0,58
09/27/2021,MLI,IL,AGL,CE,Combined TRACON& Tower with Radar,10,21,26,2,59,0,0,30,0,30,10,21,56,2,89,24,0,24,113
09/28/2021,MLI,IL,AGL,CE,Combined TRACON& Tower with Radar,10,22,14,0,46,0,0,18,0,18,10,22,32,0,64,20,0,20,84
09/29/2021,MLI,IL,AGL,CE,Combined TRACON& Tower with Radar,12,20,26,0,58,0,0,19,0,19,12,20,45,0,77,26,0,26,103
09/30/2021,MLI,IL,AGL,CE,Combined TRACON& Tower with Radar,11,25,31,0,67,0,0,32,0,32,11,25,63,0,99,58,0,58,157
10/01/2021,MLI,IL,AGL,CE,Combined TRACON& Tower with Radar,11,22,21,0,54,0,0,17,0,17,11,22,38,0,71,14,0,14,85
10/02/2021,MLI,IL,AGL,CE,Combined TRACON& Tower with Radar,12,17,13,0,42,0,0,5,0,5,12,17,18,0,47,44,0,44,91
10/03/2021,MLI,IL,AGL,CE,Combined TRACON& Tower with Radar,12,18,9,0,39,0,0,9,0,9,12,18,18,0,48,78,0,78,126
10/04/2021,MLI,IL,AGL,CE,Combined TRACON& Tower with Radar,10,21,19,0,50,0,0,9,0,9,10,21,28,0,59,54,0,54,113
10/05/2021,MLI,IL,AGL,CE,Combined TRACON& Tower with Radar,10,22,31,0,63,0,0,5,0,5,10,22,36,0,68,74,0,74,142
10/06/2021,MLI,IL,AGL,CE,Combined TRACON& Tower with Radar,13,29,22,0,64,0,0,1,0,1,13,29,23,0,65,0,0,0,65
10/07/2021,MLI,IL,AGL,CE,Combined TRACON& Tower with Radar,12,26,14,0,52,0,0,3,1,4,12,26,17,1,56,12,0,12,68
10/08/2021,MLI,IL,AGL,CE,Combined TRACON& Tower with Radar,10,24,16,2,52,0,0,2,0,2,10,24,18,2,54,0,0,0,54
10/09/2021,MLI,IL,AGL,CE,Combined TRACON& Tower with Radar,12,19,5,0,36,0,0,17,0,17,12,19,22,0,53,18,0,18,71
10/10/2021,MLI,IL,AGL,CE,Combined TRACON& Tower with Radar,9,24,9,0,42,0,0,15,0,15,9,24,24,0,57,24,0,24,81
10/11/2021,MLI,IL,AGL,CE,Combined TRACON& Tower with Radar,6,21,12,0,39,0,0,0,0,0,6,21,12,0,39,0,0,0,39
10/12/2021,MLI,IL,AGL,CE,Combined TRACON& Tower with Radar,4,30,13,0,47,0,0,16,0,16,4,30,29,0,63,30,0,30,93
10/13/2021,MLI,IL,AGL,CE,Combined TRACON& Tower with Radar,7,30,20,0,57,0,0,1,0,1,7,30,21,0,58,0,0,0,58
10/14/2021,MLI,IL,AGL,CE,Combined TRACON& Tower with Radar,8,31,12,0,51,0,0,34,0,34,8,31,46,0,85,6,0,6,91
10/15/2021,MLI,IL,AGL,CE,Combined TRACON& Tower with Radar,6,31,9,2,48,0,0,28,0,28,6,31,37,2,76,36,0,36,112
10/16/2021,MLI,IL,AGL,CE,Combined TRACON& Tower with Radar,8,23,5,0,36,0,0,18,0,18,8,23,23,0,54,8,0,8,62
10/17/2021,MLI,IL,AGL,CE,Combined TRACON& Tower with Radar,8,24,13,0,45,0,0,31,0,31,8,24,44,0,76,62,0,62,138
10/18/2021,MLI,IL,AGL,CE,Combined TRACON& Tower with Radar,6,25,12,2,45,0,0,25,0,25,6,25,37,2,70,2,0,2,72
10/19/2021,MLI,IL,AGL,CE,Combined TRACON& Tower with Radar,4,26,10,0,40,0,1,29,0,30,4,27,39,0,70,48,0,48,118
10/20/2021,MLI,IL,AGL,CE,Combined TRACON& Tower with Radar,8,26,14,0,48,0,0,20,0,20,8,26,34,0,68,42,0,42,110
10/21/2021,MLI,IL,AGL,CE,Combined TRACON& Tower with Radar,8,28,30,0,66,0,0,1,0,1,8,28,31,0,67,0,0,0,67
10/22/2021,MLI,IL,AGL,CE,Combined TRACON& Tower with Radar,8,25,15,0,48,0,1,23,0,24,8,26,38,0,72,20,0,20,92
10/23/2021,MLI,IL,AGL,CE,Combined TRACON& Tower with Radar,10,26,21,0,57,0,2,25,0,27,10,28,46,0,84,34,0,34,118
10/24/2021,MLI,IL,AGL,CE,Combined TRACON& Tower with Radar,8,25,15,0,48,0,0,0,0,0,8,25,15,0,48,0,0,0,48
10/25/2021,MLI,IL,AGL,CE,Combined TRACON& Tower with Radar,6,25,11,2,44,0,0,6,0,6,6,25,17,2,50,44,0,44,94
10/26/2021,MLI,IL,AGL,CE,Combined TRACON& Tower with Radar,6,26,12,3,47,0,0,20,2,22,6,26,32,5,69,30,6,36,105
10/27/2021,MLI,IL,AGL,CE,Combined TRACON& Tower with Radar,8,30,17,15,70,0,0,16,0,16,8,30,33,15,86,32,0,32,118
10/28/2021,MLI,IL,AGL,CE,Combined TRACON& Tower with Radar,7,31,16,0,54,0,0,0,0,0,7,31,16,0,54,0,0,0,54
10/29/2021,MLI,IL,AGL,CE,Combined TRACON& Tower with Radar,6,27,19,0,52,0,0,2,3,5,6,27,21,3,57,0,6,6,63
10/30/2021,MLI,IL,AGL,CE,Combined TRACON& Tower with Radar,7,26,13,0,46,0,0,13,1,14,7,26,26,1,60,32,0,32,92
10/31/2021,MLI,IL,AGL,CE,Combined TRACON& Tower with Radar,9,29,11,0,49,0,0,15,0,15,9,29,26,0,64,49,0,49,113
11/01/2021,MLI,IL,AGL,CE,Combined TRACON& Tower with Radar,7,30,12,0,49,0,0,9,0,9,7,30,21,0,58,18,0,18,76
11/02/2021,MLI,IL,AGL,CE,Combined TRACON& Tower with Radar,4,26,18,4,52,0,0,23,0,23,4,26,41,4,75,23,0,23,98
11/03/2021,MLI,IL,AGL,CE,Combined TRACON& Tower with Radar,8,26,37,10,81,0,0,26,0,26,8,26,63,10,107,42,14,56,163
11/04/2021,MLI,IL,AGL,CE,Combined TRACON& Tower with Radar,12,21,18,2,53,0,0,23,1,24,12,21,41,3,77,14,0,14,91
11/05/2021,MLI,IL,AGL,CE,Combined TRACON& Tower with Radar,6,22,19,2,49,0,0,21,0,21,6,22,40,2,70,30,0,30,100
11/06/2021,MLI,IL,AGL,CE,Combined TRACON& Tower with Radar,9,23,3,0,35,0,0,19,0,19,9,23,22,0,54,26,0,26,80
11/07/2021,MLI,IL,AGL,CE,Combined TRACON& Tower with Radar,11,20,6,0,37,0,2,14,0,16,11,22,20,0,53,28,0,28,81
11/08/2021,MLI,IL,AGL,CE,Combined TRACON& Tower with Radar,9,15,22,0,46,0,0,32,0,32,9,15,54,0,78,38,0,38,116
11/09/2021,MLI,IL,AGL,CE,Combined TRACON& Tower with Radar,8,22,8,0,38,0,0,16,0,16,8,22,24,0,54,56,0,56,110
11/10/2021,MLI,IL,AGL,CE,Combined TRACON& Tower with Radar,11,18,15,2,46,0,0,6,0,6,11,18,21,2,52,36,0,36,88
11/11/2021,MLI,IL,AGL,CE,Combined TRACON& Tower with Radar,12,18,9,0,39,0,0,2,0,2,12,18,11,0,41,6,0,6,47
11/12/2021,MLI,IL,AGL,CE,Combined TRACON& Tower with Radar,9,20,5,0,34,0,0,2,0,2,9,20,7,0,36,0,0,0,36
11/13/2021,MLI,IL,AGL,CE,Combined TRACON& Tower with Radar,12,18,7,0,37,0,0,8,0,8,12,18,15,0,45,44,0,44,89
11/14/2021,MLI,IL,AGL,CE,Combined TRACON& Tower with Radar,12,19,7,0,38,0,0,2,0,2,12,19,9,0,40,0,0,0,40
11/15/2021,MLI,IL,AGL,CE,Combined TRACON& Tower with Radar,10,20,20,0,50,0,0,13,0,13,10,20,33,0,63,6,0,6,69
11/16/2021,MLI,IL,AGL,CE,Combined TRACON& Tower with Radar,7,18,19,0,44,0,0,24,0,24,7,18,43,0,68,24,0,24,92
11/17/2021,MLI,IL,AGL,CE,Combined TRACON& Tower with Radar,11,20,11,0,42,0,0,7,0,7,11,20,18,0,49,8,0,8,57
11/18/2021,MLI,IL,AGL,CE,Combined TRACON& Tower with Radar,13,20,33,0,66,0,0,7,0,7,13,20,40,0,73,0,0,0,73
11/19/2021,MLI,IL,AGL,CE,Combined TRACON& Tower with Radar,9,19,15,0,43,0,0,24,0,24,9,19,39,0,67,48,0,48,115
11/20/2021,MLI,IL,AGL,CE,Combined TRACON& Tower with Radar,12,16,6,0,34,0,0,16,0,16,12,16,22,0,50,6,0,6,56
11/21/2021,MLI,IL,AGL,CE,Combined TRACON& Tower with Radar,12,17,8,0,37,0,0,8,0,8,12,17,16,0,45,8,0,8,53
11/22/2021,MLI,IL,AGL,CE,Combined TRACON& Tower with Radar,9,15,9,3,36,0,0,14,0,14,9,15,23,3,50,60,0,60,110
11/23/2021,MLI,IL,AGL,CE,Combined TRACON& Tower with Radar,11,23,26,0,60,0,0,37,0,37,11,23,63,0,97,26,0,26,123
11/24/2021,MLI,IL,AGL,CE,Combined TRACON& Tower with Radar,14,19,15,0,48,0,0,9,0,9,14,19,24,0,57,18,0,18,75
11/25/2021,MLI,IL,AGL,CE,Combined TRACON& Tower with Radar,4,10,2,0,16,0,0,0,0,0,4,10,2,0,16,0,0,0,16
11/26/2021,MLI,IL,AGL,CE,Combined TRACON& Tower with Radar,6,15,10,0,31,0,0,27,0,27,6,15,37,0,58,0,0,0,58
11/27/2021,MLI,IL,AGL,CE,Combined TRACON& Tower with Radar,12,19,4,0,35,0,0,11,0,11,12,19,15,0,46,34,0,34,80
11/28/2021,MLI,IL,AGL,CE,Combined TRACON& Tower with Radar,12,18,14,0,44,0,0,15,0,15,12,18,29,0,59,16,0,16,75
11/29/2021,MLI,IL,AGL,CE,Combined TRACON& Tower with Radar,12,19,25,0,56,0,0,3,0,3,12,19,28,0,59,0,0,0,59
11/30/2021,MLI,IL,AGL,CE,Combined TRACON& Tower with Radar,8,23,21,4,56,0,2,30,0,32,8,25,51,4,88,32,0,32,120
12/01/2021,MLI,IL,AGL,CE,Combined TRACON& Tower with Radar,9,21,21,0,51,0,0,15,0,15,9,21,36,0,66,14,0,14,80
12/02/2021,MLI,IL,AGL,CE,Combined TRACON& Tower with Radar,11,22,15,0,48,0,0,15,0,15,11,22,30,0,63,20,0,20,83
12/03/2021,MLI,IL,AGL,CE,Combined TRACON& Tower with Radar,10,18,12,0,40,0,0,27,0,27,10,18,39,0,67,56,0,56,123
12/04/2021,MLI,IL,AGL,CE,Combined TRACON& Tower with Radar,12,13,5,0,30,0,0,24,0,24,12,13,29,0,54,22,0,22,76
12/05/2021,MLI,IL,AGL,CE,Combined TRACON& Tower with Radar,11,15,7,0,33,0,0,0,0,0,11,15,7,0,33,0,0,0,33
12/06/2021,MLI,IL,AGL,CE,Combined TRACON& Tower with Radar,9,19,19,2,49,0,1,4,0,5,9,20,23,2,54,0,0,0,54
12/07/2021,MLI,IL,AGL,CE,Combined TRACON& Tower with Radar,10,16,14,7,47,0,0,10,5,15,10,16,24,12,62,26,6,32,94
12/08/2021,MLI,IL,AGL,CE,Combined TRACON& Tower with Radar,10,18,27,4,59,0,0,19,0,19,10,18,46,4,78,14,0,14,92
12/09/2021,MLI,IL,AGL,CE,Combined TRACON& Tower with Radar,11,18,12,0,41,0,0,21,0,21,11,18,33,0,62,16,0,16,78
12/10/2021,MLI,IL,AGL,CE,Combined TRACON& Tower with Radar,10,15,13,0,38,0,0,3,0,3,10,15,16,0,41,18,0,18,59
12/11/2021,MLI,IL,AGL,CE,Combined TRACON& Tower with Radar,12,15,2,0,29,0,0,0,0,0,12,15,2,0,29,0,0,0,29
12/12/2021,MLI,IL,AGL,CE,Combined TRACON& Tower with Radar,14,13,12,0,39,0,0,13,0,13,14,13,25,0,52,0,0,0,52
12/13/2021,MLI,IL,AGL,CE,Combined TRACON& Tower with Radar,10,15,26,0,51,0,0,27,0,27,10,15,53,0,78,38,0,38,116
12/14/2021,MLI,IL,AGL,CE,Combined TRACON& Tower with Radar,8,15,30,2,55,0,0,12,1,13,8,15,42,3,68,14,0,14,82
12/15/2021,MLI,IL,AGL,CE,Combined TRACON& Tower with Radar,10,13,4,0,27,0,0,1,1,2,10,13,5,1,29,0,0,0,29
12/16/2021,MLI,IL,AGL,CE,Combined TRACON& Tower with Radar,10,20,22,2,54,0,0,4,0,4,10,20,26,2,58,0,0,0,58
12/17/2021,MLI,IL,AGL,CE,Combined TRACON& Tower with Radar,8,20,26,4,58,0,0,32,0,32,8,20,58,4,90,40,0,40,130
12/18/2021,MLI,IL,AGL,CE,Combined TRACON& Tower with Radar,10,15,16,0,41,0,0,7,0,7,10,15,23,0,48,0,0,0,48
12/19/2021,MLI,IL,AGL,CE,Combined TRACON& Tower with Radar,14,16,9,0,39,0,0,28,0,28,14,16,37,0,67,32,0,32,99
12/20/2021,MLI,IL,AGL,CE,Combined TRACON& Tower with Radar,13,16,16,2,47,0,0,17,0,17,13,16,33,2,64,0,0,0,64
12/21/2021,MLI,IL,AGL,CE,Combined TRACON& Tower with Radar,9,18,12,2,41,0,0,11,0,11,9,18,23,2,52,8,0,8,60
12/22/2021,MLI,IL,AGL,CE,Combined TRACON& Tower with Radar,16,16,8,2,42,0,0,22,0,22,16,16,30,2,64,24,0,24,88
12/23/2021,MLI,IL,AGL,CE,Combined TRACON& Tower with Radar,12,20,9,0,41,0,0,16,0,16,12,20,25,0,57,48,0,48,105
12/24/2021,MLI,IL,AGL,CE,Combined TRACON& Tower with Radar,12,11,6,0,29,0,0,2,0,2,12,11,8,0,31,0,0,0,31
12/25/2021,MLI,IL,AGL,CE,Combined TRACON& Tower with Radar,8,16,0,0,24,0,0,6,0,6,8,16,6,0,30,0,0,0,30
12/26/2021,MLI,IL,AGL,CE,Combined TRACON& Tower with Radar,11,15,7,0,33,0,0,12,0,12,11,15,19,0,45,0,0,0,45
12/27/2021,MLI,IL,AGL,CE,Combined TRACON& Tower with Radar,11,19,15,0,45,0,0,3,0,3,11,19,18,0,48,8,0,8,56
12/28/2021,MLI,IL,AGL,CE,Combined TRACON& Tower with Radar,8,19,0,0,27,0,0,0,0,0,8,19,0,0,27,0,0,0,27
12/29/2021,MLI,IL,AGL,CE,Combined TRACON& Tower with Radar,13,25,10,2,50,0,0,8,0,8,13,25,18,2,58,10,0,10,68
12/30/2021,MLI,IL,AGL,CE,Combined TRACON& Tower with Radar,10,22,18,0,50,0,0,0,0,0,10,22,18,0,50,0,0,0,50
12/31/2021,MLI,IL,AGL,CE,Combined TRACON& Tower with Radar,12,17,1,0,30,0,0,0,0,0,12,17,1,0,30,0,0,0,30
01/01/2022,MLI,IL,AGL,CE,Combined TRACON& Tower with Radar,3,8,3,0,14,0,0,0,0,0,3,8,3,0,14,0,0,0,14
01/02/2022,MLI,IL,AGL,CE,Combined TRACON& Tower with Radar,12,8,9,0,29,0,0,1,0,1,12,8,10,0,30,0,0,0,30
01/03/2022,MLI,IL,AGL,CE,Combined TRACON& Tower with Radar,12,16,26,0,54,0,0,17,0,17,12,16,43,0,71,34,0,34,105
01/04/2022,MLI,IL,AGL,CE,Combined TRACON& Tower with Radar,8,19,17,2,46,0,0,1,2,3,8,19,18,4,49,0,0,0,49
01/05/2022,MLI,IL,AGL,CE,Combined TRACON& Tower with Radar,12,19,12,0,43,0,0,1,0,1,12,19,13,0,44,0,0,0,44
01/06/2022,MLI,IL,AGL,CE,Combined TRACON& Tower with Radar,12,21,12,0,45,0,0,4,0,4,12,21,16,0,49,6,0,6,55
01/07/2022,MLI,IL,AGL,CE,Combined TRACON& Tower with Radar,9,20,7,2,38,0,0,6,0,6,9,20,13,2,44,32,0,32,76
01/08/2022,MLI,IL,AGL,CE,Combined TRACON& Tower with Radar,7,17,3,0,27,0,0,2,0,2,7,17,5,0,29,0,0,0,29
01/09/2022,MLI,IL,AGL,CE,Combined TRACON& Tower with Radar,9,16,8,0,33,0,0,3,0,3,9,16,11,0,36,0,0,0,36
01/10/2022,MLI,IL,AGL,CE,Combined TRACON& Tower with Radar,10,15,28,0,53,0,0,17,4,21,10,15,45,4,74,12,0,12,86
01/11/2022,MLI,IL,AGL,CE,Combined TRACON& Tower with Radar,8,19,6,0,33,0,0,9,0,9,8,19,15,0,42,0,0,0,42
01/12/2022,MLI,IL,AGL,CE,Combined TRACON& Tower with Radar,10,17,13,3,43,0,0,22,3,25,10,17,35,6,68,10,0,10,78
01/13/2022,MLI,IL,AGL,CE,Combined TRACON& Tower with Radar,12,26,26,0,64,0,0,12,0,12,12,26,38,0,76,0,0,0,76
01/14/2022,MLI,IL,AGL,CE,Combined TRACON& Tower with Radar,10,15,3,0,28,0,0,0,0,0,10,15,3,0,28,0,0,0,28
01/15/2022,MLI,IL,AGL,CE,Combined TRACON& Tower with Radar,9,12,7,0,28,0,0,2,0,2,9,12,9,0,30,0,0,0,30
01/16/2022,MLI,IL,AGL,CE,Combined TRACON& Tower with Radar,8,14,5,0,27,0,0,12,0,12,8,14,17,0,39,30,0,30,69
01/17/2022,MLI,IL,AGL,CE,Combined TRACON& Tower with Radar,9,19,14,0,42,0,0,9,0,9,9,19,23,0,51,34,0,34,85
01/18/2022,MLI,IL,AGL,CE,Combined TRACON& Tower with Radar,8,19,17,0,44,0,0,17,0,17,8,19,34,0,61,6,0,6,67
01/19/2022,MLI,IL,AGL,CE,Combined TRACON& Tower with Radar,10,18,11,0,39,0,0,2,0,2,10,18,13,0,41,10,0,10,51
01/20/2022,MLI,IL,AGL,CE,Combined TRACON& Tower with Radar,11,22,10,0,43,0,0,13,0,13,11,22,23,0,56,14,0,14,70
01/21/2022,MLI,IL,AGL,CE,Combined TRACON& Tower with Radar,9,23,17,0,49,0,0,20,0,20,9,23,37,0,69,22,0,22,91
01/22/2022,MLI,IL,AGL,CE,Combined TRACON& Tower with Radar,12,14,8,0,34,0,0,15,0,15,12,14,23,0,49,12,0,12,61
01/23/2022,MLI,IL,AGL,CE,Combined TRACON& Tower with Radar,11,20,7,0,38,0,0,6,0,6,11,20,13,0,44,0,0,0,44
01/24/2022,MLI,IL,AGL,CE,Combined TRACON& Tower with Radar,10,19,17,0,46,0,0,1,0,1,10,19,18,0,47,0,0,0,47
01/25/2022,MLI,IL,AGL,CE,Combined TRACON& Tower with Radar,9,16,14,2,41,0,0,12,2,14,9,16,26,4,55,4,0,4,59
01/26/2022,MLI,IL,AGL,CE,Combined TRACON& Tower with Radar,11,18,19,0,48,0,0,14,0,14,11,18,33,0,62,24,0,24,86
01/27/2022,MLI,IL,AGL,CE,Combined TRACON& Tower with Radar,13,19,19,0,51,0,0,20,0,20,13,19,39,0,71,30,0,30,101
01/28/2022,MLI,IL,AGL,CE,Combined TRACON& Tower with Radar,10,17,22,0,49,0,0,2,0,2,10,17,24,0,51,0,0,0,51
01/29/2022,MLI,IL,AGL,CE,Combined TRACON& Tower with Radar,13,13,4,0,30,0,0,23,0,23,13,13,27,0,53,8,0,8,61
01/30/2022,MLI,IL,AGL,CE,Combined TRACON& Tower with Radar,13,18,9,0,40,0,0,7,0,7,13,18,16,0,47,0,0,0,47
01/31/2022,MLI,IL,AGL,CE,Combined TRACON& Tower with Radar,12,19,14,2,47,0,0,12,0,12,12,19,26,2,59,8,0,8,67
02/01/2022,MLI,IL,AGL,CE,Combined TRACON& Tower with Radar,6,22,21,2,51,0,0,12,0,12,6,22,33,2,63,10,0,10,73
02/02/2022,MLI,IL,AGL,CE,Combined TRACON& Tower with Radar,6,17,8,2,33,0,0,5,0,5,6,17,13,2,38,4,0,4,42
02/03/2022,MLI,IL,AGL,CE,Combined TRACON& Tower with Radar,9,24,6,0,39,0,0,10,0,10,9,24,16,0,49,0,0,0,49
02/04/2022,MLI,IL,AGL,CE,Combined TRACON& Tower with Radar,7,24,10,18,59,0,0,10,0,10,7,24,20,18,69,0,16,16,85
02/05/2022,MLI,IL,AGL,CE,Combined TRACON& Tower with Radar,8,18,10,0,36,0,0,18,0,18,8,18,28,0,54,18,0,18,72
02/06/2022,MLI,IL,AGL,CE,Combined TRACON& Tower with Radar,10,19,5,1,35,0,0,16,0,16,10,19,21,1,51,30,0,30,81
02/07/2022,MLI,IL,AGL,CE,Combined TRACON& Tower with Radar,8,21,18,2,49,0,0,21,0,21,8,21,39,2,70,0,0,0,70
02/08/2022,MLI,IL,AGL,CE,Combined TRACON& Tower with Radar,7,19,27,0,53,0,0,19,0,19,7,19,46,0,72,28,0,28,100
02/09/2022,MLI,IL,AGL,CE,Combined TRACON& Tower with Radar,7,19,23,2,51,0,0,11,0,11,7,19,34,2,62,0,0,0,62
02/10/2022,MLI,IL,AGL,CE,Combined TRACON& Tower with Radar,9,21,5,0,35,0,0,11,0,11,9,21,16,0,46,30,0,30,76
02/11/2022,MLI,IL,AGL,CE,Combined TRACON& Tower with Radar,10,26,6,1,43,0,0,2,1,3,10,26,8,2,46,0,2,2,48
02/12/2022,MLI,IL,AGL,CE,Combined TRACON& Tower with Radar,12,15,16,0,43,0,0,20,0,20,12,15,36,0,63,48,0,48,111
02/13/2022,MLI,IL,AGL,CE,Combined TRACON& Tower with Radar,13,15,6,0,34,0,0,8,0,8,13,15,14,0,42,0,0,0,42
02/14/2022,MLI,IL,AGL,CE,Combined TRACON& Tower with Radar,14,19,23,0,56,0,0,17,0,17,14,19,40,0,73,32,0,32,105
02/15/2022,MLI,IL,AGL,CE,Combined TRACON& Tower with Radar,8,17,9,0,34,0,0,17,0,17,8,17,26,0,51,18,0,18,69
02/16/2022,MLI,IL,AGL,CE,Combined TRACON& Tower with Radar,10,19,9,0,38,0,0,0,2,2,10,19,9,2,40,0,0,0,40
02/17/2022,MLI,IL,AGL,CE,Combined TRACON& Tower with Radar,11,18,13,0,42,0,0,2,0,2,11,18,15,0,44,0,0,0,44
02/18/2022,MLI,IL,AGL,CE,Combined TRACON& Tower with Radar,13,23,16,0,52,0,0,9,0,9,13,23,25,0,61,0,0,0,61
02/19/2022,MLI,IL,AGL,CE,Combined TRACON& Tower with Radar,11,16,8,2,37,0,0,30,2,32,11,16,38,4,69,0,0,0,69
02/20/2022,MLI,IL,AGL,CE,Combined TRACON& Tower with Radar,12,20,9,0,41,0,0,4,0,4,12,20,13,0,45,0,0,0,45
02/21/2022,MLI,IL,AGL,CE,Combined TRACON& Tower with Radar,14,17,15,2,48,0,0,12,0,12,14,17,27,2,60,0,0,0,60
02/22/2022,MLI,IL,AGL,CE,Combined TRACON& Tower with Radar,10,18,18,0,46,0,0,0,0,0,10,18,18,0,46,4,0,4,50
02/23/2022,MLI,IL,AGL,CE,Combined TRACON& Tower with Radar,11,25,22,2,60,0,0,21,0,21,11,25,43,2,81,40,0,40,121
02/24/2022,MLI,IL,AGL,CE,Combined TRACON& Tower with Radar,6,17,10,12,45,0,0,2,0,2,6,17,12,12,47,2,8,10,57
02/25/2022,MLI,IL,AGL,CE,Combined TRACON& Tower with Radar,11,19,26,7,63,0,0,13,11,24,11,19,39,18,87,0,0,0,87
02/26/2022,MLI,IL,AGL,CE,Combined TRACON& Tower with Radar,14,16,13,4,47,0,2,30,2,34,14,18,43,6,81,48,0,48,129
02/27/2022,MLI,IL,AGL,CE,Combined TRACON& Tower with Radar,13,16,12,0,41,0,0,28,0,28,13,16,40,0,69,58,0,58,127
02/28/2022,MLI,IL,AGL,CE,Combined TRACON& Tower with Radar,11,18,12,2,43,0,0,35,0,35,11,18,47,2,78,54,0,54,132
03/01/2022,MLI,IL,AGL,CE,Combined TRACON& Tower with Radar,8,18,17,0,43,0,0,34,0,34,8,18,51,0,77,54,0,54,131
03/02/2022,MLI,IL,AGL,CE,Combined TRACON& Tower with Radar,14,18,6,2,40,0,2,24,0,26,14,20,30,2,66,62,0,62,128
03/03/2022,MLI,IL,AGL,CE,Combined TRACON& Tower with Radar,14,23,18,5,60,0,0,6,4,10,14,23,24,9,70,16,0,16,86
03/04/2022,MLI,IL,AGL,CE,Combined TRACON& Tower with Radar,12,20,10,3,45,0,0,13,0,13,12,20,23,3,58,0,0,0,58
03/05/2022,MLI,IL,AGL,CE,Combined TRACON& Tower with Radar,14,16,6,0,36,0,0,5,4,9,14,16,11,4,45,0,0,0,45
03/06/2022,MLI,IL,AGL,CE,Combined TRACON& Tower with Radar,15,16,14,0,45,0,0,4,0,4,15,16,18,0,49,8,0,8,57
03/07/2022,MLI,IL,AGL,CE,Combined TRACON& Tower with Radar,10,20,13,0,43,0,0,4,0,4,10,20,17,0,47,0,0,0,47
03/08/2022,MLI,IL,AGL,CE,Combined TRACON& Tower with Radar,9,19,21,2,51,0,0,26,1,27,9,19,47,3,78,38,0,38,116
03/09/2022,MLI,IL,AGL,CE,Combined TRACON& Tower with Radar,15,22,14,0,51,0,0,23,2,25,15,22,37,2,76,32,0,32,108
03/10/2022,MLI,IL,AGL,CE,Combined TRACON& Tower with Radar,12,21,14,5,52,0,0,5,0,5,12,21,19,5,57,0,0,0,57
03/11/2022,MLI,IL,AGL,CE,Combined TRACON& Tower with Radar,11,21,16,0,48,0,0,7,0,7,11,21,23,0,55,0,0,0,55
03/12/2022,MLI,IL,AGL,CE,Combined TRACON& Tower with Radar,11,22,8,0,41,0,0,19,0,19,11,22,27,0,60,19,0,19,79
03/13/2022,MLI,IL,AGL,CE,Combined TRACON& Tower with Radar,10,16,19,2,47,0,0,22,1,23,10,16,41,3,70,0,0,0,70
03/14/2022,MLI,IL,AGL,CE,Combined TRACON& Tower with Radar,10,21,16,0,47,0,0,23,0,23,10,21,39,0,70,0,0,0,70
03/15/2022,MLI,IL,AGL,CE,Combined TRACON& Tower with Radar,10,20,13,0,43,0,0,31,0,31,10,20,44,0,74,118,0,118,192
03/16/2022,MLI,IL,AGL,CE,Combined TRACON& Tower with Radar,14,20,28,2,64,0,0,14,0,14,14,20,42,2,78,34,0,34,112
03/17/2022,MLI,IL,AGL,CE,Combined TRACON& Tower with Radar,12,23,32,2,69,0,0,14,1,15,12,23,46,3,84,12,0,12,96
03/18/2022,MLI,IL,AGL,CE,Combined TRACON& Tower with Radar,9,18,12,0,39,0,0,0,0,0,9,18,12,0,39,0,0,0,39
03/19/2022,MLI,IL,AGL,CE,Combined TRACON& Tower with Radar,13,16,14,0,43,0,0,4,0,4,13,16,18,0,47,0,0,0,47
03/20/2022,MLI,IL,AGL,CE,Combined TRACON& Tower with Radar,14,16,18,0,48,0,0,52,0,52,14,16,70,0,100,50,0,50,150
03/21/2022,MLI,IL,AGL,CE,Combined TRACON& Tower with Radar,8,20,34,0,62,0,0,24,0,24,8,20,58,0,86,0,0,0,86
03/22/2022,MLI,IL,AGL,CE,Combined TRACON& Tower with Radar,10,21,6,4,41,0,0,0,0,0,10,21,6,4,41,0,0,0,41
03/23/2022,MLI,IL,AGL,CE,Combined TRACON& Tower with Radar,12,17,17,0,46,0,0,0,0,0,12,17,17,0,46,0,0,0,46
03/24/2022,MLI,IL,AGL,CE,Combined TRACON& Tower with Radar,12,24,17,8,61,0,0,1,0,1,12,24,18,8,62,0,0,0,62
03/25/2022,MLI,IL,AGL,CE,Combined TRACON& Tower with Radar,12,27,15,0,54,0,0,14,0,14,12,27,29,0,68,0,0,0,68
03/26/2022,MLI,IL,AGL,CE,Combined TRACON& Tower with Radar,10,15,16,0,41,0,0,13,0,13,10,15,29,0,54,0,0,0,54
03/27/2022,MLI,IL,AGL,CE,Combined TRACON& Tower with Radar,13,17,16,0,46,0,0,45,0,45,13,17,61,0,91,34,0,34,125
03/28/2022,MLI,IL,AGL,CE,Combined TRACON& Tower with Radar,13,20,30,0,63,0,0,28,0,28,13,20,58,0,91,42,0,42,133
03/29/2022,MLI,IL,AGL,CE,Combined TRACON& Tower with Radar,10,16,9,4,39,0,0,5,0,5,10,16,14,4,44,0,20,20,64
03/30/2022,MLI,IL,AGL,CE,Combined TRACON& Tower with Radar,12,21,18,0,51,0,0,0,0,0,12,21,18,0,51,4,0,4,55
03/31/2022,MLI,IL,AGL,CE,Combined TRACON& Tower with Radar,12,24,14,0,50,0,0,1,0,1,12,24,15,0,51,0,0,0,51
04/01/2022,MLI,IL,AGL,CE,Combined TRACON& Tower with Radar,13,18,20,0,51,0,0,38,0,38,13,18,58,0,89,34,0,34,123
04/02/2022,MLI,IL,AGL,CE,Combined TRACON& Tower with Radar,12,12,2,0,26,0,0,3,0,3,12,12,5,0,29,0,0,0,29
04/03/2022,MLI,IL,AGL,CE,Combined TRACON& Tower with Radar,14,15,18,0,47,0,0,18,0,18,14,15,36,0,65,20,0,20,85
04/04/2022,MLI,IL,AGL,CE,Combined TRACON& Tower with Radar,12,25,15,0,52,0,0,9,0,9,12,25,24,0,61,26,0,26,87
04/05/2022,MLI,IL,AGL,CE,Combined TRACON& Tower with Radar,10,23,23,2,58,0,0,3,0,3,10,23,26,2,61,18,0,18,79
04/06/2022,MLI,IL,AGL,CE,Combined TRACON& Tower with Radar,13,23,9,0,45,0,0,14,1,15,13,23,23,1,60,0,0,0,60
04/07/2022,MLI,IL,AGL,CE,Combined TRACON& Tower with Radar,14,19,14,0,47,0,0,0,0,0,14,19,14,0,47,0,0,0,47
04/08/2022,MLI,IL,AGL,CE,Combined TRACON& Tower with Radar,12,18,4,0,34,0,0,0,0,0,12,18,4,0,34,0,0,0,34
04/09/2022,MLI,IL,AGL,CE,Combined TRACON& Tower with Radar,14,16,11,0,41,0,0,27,0,27,14,16,38,0,68,19,0,19,87
04/10/2022,MLI,IL,AGL,CE,Combined TRACON& Tower with Radar,14,17,8,0,39,0,0,4,0,4,14,17,12,0,43,0,0,0,43
04/11/2022,MLI,IL,AGL,CE,Combined TRACON& Tower with Radar,12,17,24,0,53,0,1,22,0,23,12,18,46,0,76,8,0,8,84
04/12/2022,MLI,IL,AGL,CE,Combined TRACON& Tower with Radar,13,20,8,0,41,0,0,7,0,7,13,20,15,0,48,0,0,0,48
04/13/2022,MLI,IL,AGL,CE,Combined TRACON& Tower with Radar,15,14,13,0,42,0,1,0,0,1,15,15,13,0,43,0,0,0,43
04/14/2022,MLI,IL,AGL,CE,Combined TRACON& Tower with Radar,14,24,6,0,44,0,0,3,0,3,14,24,9,0,47,0,0,0,47
04/15/2022,MLI,IL,AGL,CE,Combined TRACON& Tower with Radar,12,21,25,12,70,0,0,14,0,14,12,21,39,12,84,24,0,24,108
04/16/2022,MLI,IL,AGL,CE,Combined TRACON& Tower with Radar,12,13,3,0,28,0,0,17,0,17,12,13,20,0,45,22,0,22,67
04/17/2022,MLI,IL,AGL,CE,Combined TRACON& Tower with Radar,14,14,8,0,36,0,0,9,0,9,14,14,17,0,45,0,0,0,45
04/18/2022,MLI,IL,AGL,CE,Combined TRACON& Tower with Radar,14,17,18,0,49,0,1,3,1,5,14,18,21,1,54,0,0,0,54
04/19/2022,MLI,IL,AGL,CE,Combined TRACON& Tower with Radar,11,25,41,2,79,0,0,37,0,37,11,25,78,2,116,58,0,58,174
04/20/2022,MLI,IL,AGL,CE,Combined TRACON& Tower with Radar,14,17,8,0,39,0,0,2,0,2,14,17,10,0,41,0,0,0,41
04/21/2022,MLI,IL,AGL,CE,Combined TRACON& Tower with Radar,14,24,18,2,58,0,0,26,1,27,14,24,44,3,85,40,0,40,125
04/22/2022,MLI,IL,AGL,CE,Combined TRACON& Tower with Radar,12,17,13,0,42,0,0,5,0,5,12,17,18,0,47,0,0,0,47
04/23/2022,MLI,IL,AGL,CE,Combined TRACON& Tower with Radar,13,11,3,0,27,0,0,2,0,2,13,11,5,0,29,0,0,0,29
04/24/2022,MLI,IL,AGL,CE,Combined TRACON& Tower with Radar,14,16,10,0,40,0,0,3,0,3,14,16,13,0,43,6,0,6,49
04/25/2022,MLI,IL,AGL,CE,Combined TRACON& Tower with Radar,12,19,21,8,60,0,0,13,0,13,12,19,34,8,73,0,0,0,73
04/26/2022,MLI,IL,AGL,CE,Combined TRACON& Tower with Radar,10,24,12,4,50,0,0,33,2,35,10,24,45,6,85,32,0,32,117
04/27/2022,MLI,IL,AGL,CE,Combined TRACON& Tower with Radar,14,19,20,2,55,0,0,21,0,21,14,19,41,2,76,8,0,8,84
04/28/2022,MLI,IL,AGL,CE,Combined TRACON& Tower with Radar,16,16,21,4,57,0,0,16,0,16,16,16,37,4,73,0,0,0,73
04/29/2022,MLI,IL,AGL,CE,Combined TRACON& Tower with Radar,12,15,13,2,42,0,0,2,0,2,12,15,15,2,44,0,0,0,44
04/30/2022,MLI,IL,AGL,CE,Combined TRACON& Tower with Radar,14,12,9,0,35,0,0,0,0,0,14,12,9,0,35,0,0,0,35
05/01/2022,MLI,IL,AGL,CE,Combined TRACON& Tower with Radar,11,17,9,0,37,0,0,4,0,4,11,17,13,0,41,0,0,0,41
05/02/2022,MLI,IL,AGL,CE,Combined TRACON& Tower with Radar,10,24,31,4,69,0,0,34,0,34,10,24,65,4,103,14,0,14,117
05/03/2022,MLI,IL,AGL,CE,Combined TRACON& Tower with Radar,9,25,27,0,61,0,0,1,0,1,9,25,28,0,62,0,0,0,62
05/04/2022,MLI,IL,AGL,CE,Combined TRACON& Tower with Radar,11,20,25,0,56,0,0,22,0,22,11,20,47,0,78,64,0,64,142
05/05/2022,MLI,IL,AGL,CE,Combined TRACON& Tower with Radar,11,25,18,10,64,0,0,0,0,0,11,25,18,10,64,10,0,10,74
05/06/2022,MLI,IL,AGL,CE,Combined TRACON& Tower with Radar,10,18,19,0,47,0,0,2,0,2,10,18,21,0,49,6,0,6,55
05/07/2022,MLI,IL,AGL,CE,Combined TRACON& Tower with Radar,10,15,3,0,28,0,0,54,0,54,10,15,57,0,82,38,0,38,120
05/08/2022,MLI,IL,AGL,CE,Combined TRACON& Tower with Radar,13,14,6,0,33,0,0,4,0,4,13,14,10,0,37,0,0,0,37
05/09/2022,MLI,IL,AGL,CE,Combined TRACON& Tower with Radar,11,16,14,0,41,0,0,3,0,3,11,16,17,0,44,6,0,6,50
05/10/2022,MLI,IL,AGL,CE,Combined TRACON& Tower with Radar,7,15,24,0,46,0,0,7,1,8,7,15,31,1,54,44,0,44,98
05/11/2022,MLI,IL,AGL,CE,Combined TRACON& Tower with Radar,11,16,10,0,37,0,0,17,0,17,11,16,27,0,54,12,0,12,66
05/12/2022,MLI,IL,AGL,CE,Combined TRACON& Tower with Radar,15,18,17,0,50,0,0,24,0,24,15,18,41,0,74,28,0,28,102
05/13/2022,MLI,IL,AGL,CE,Combined TRACON& Tower with Radar,11,19,12,0,42,0,0,14,2,16,11,19,26,2,58,16,0,16,74
05/14/2022,MLI,IL,AGL,CE,Combined TRACON& Tower with Radar,13,15,4,0,32,0,0,33,0,33,13,15,37,0,65,26,0,26,91
05/15/2022,MLI,IL,AGL,CE,Combined TRACON& Tower with Radar,14,16,15,1,46,0,0,12,0,12,14,16,27,1,58,66,0,66,124
05/16/2022,MLI,IL,AGL,CE,Combined TRACON& Tower with Radar,11,19,21,0,51,0,0,13,0,13,11,19,34,0,64,26,0,26,90
05/17/2022,MLI,IL,AGL,CE,Combined TRACON& Tower with Radar,6,20,16,0,42,0,0,18,0,18,6,20,34,0,60,0,0,0,60
05/18/2022,MLI,IL,AGL,CE,Combined TRACON& Tower with Radar,13,19,11,2,45,0,0,7,0,7,13,19,18,2,52,100,0,100,152
05/19/2022,MLI,IL,AGL,CE,Combined TRACON& Tower with Radar,15,21,19,0,55,0,0,23,0,23,15,21,42,0,78,68,0,68,146
05/20/2022,MLI,IL,AGL,CE,Combined TRACON& Tower with Radar,10,24,10,0,44,0,0,3,0,3,10,24,13,0,47,14,0,14,61
05/21/2022,MLI,IL,AGL,CE,Combined TRACON& Tower with Radar,10,18,7,2,37,0,0,12,0,12,10,18,19,2,49,0,0,0,49
05/22/2022,MLI,IL,AGL,CE,Combined TRACON& Tower with Radar,13,16,7,0,36,0,0,20,0,20,13,16,27,0,56,10,0,10,66
05/23/2022,MLI,IL,AGL,CE,Combined TRACON& Tower with Radar,11,14,18,0,43,0,0,25,0,25,11,14,43,0,68,0,0,0,68
05/24/2022,MLI,IL,AGL,CE,Combined TRACON& Tower with Radar,9,21,13,8,51,0,0,14,10,24,9,21,27,18,75,42,26,68,143
05/25/2022,MLI,IL,AGL,CE,Combined TRACON& Tower with Radar,10,25,8,2,45,0,0,1,0,1,10,25,9,2,46,0,0,0,46
05/26/2022,MLI,IL,AGL,CE,Combined TRACON& Tower with Radar,13,19,14,2,48,0,0,2,0,2,13,19,16,2,50,0,0,0,50
05/27/2022,MLI,IL,AGL,CE,Combined TRACON& Tower with Radar,11,20,27,0,58,0,0,3,0,3,11,20,30,0,61,8,0,8,69
05/28/2022,MLI,IL,AGL,CE,Combined TRACON& Tower with Radar,10,13,7,0,30,0,0,24,0,24,10,13,31,0,54,38,0,38,92
05/29/2022,MLI,IL,AGL,CE,Combined TRACON& Tower with Radar,15,18,5,0,38,0,0,6,0,6,15,18,11,0,44,0,0,0,44
05/30/2022,MLI,IL,AGL,CE,Combined TRACON& Tower with Radar,10,16,2,0,28,0,0,3,0,3,10,16,5,0,31,0,0,0,31
05/31/2022,MLI,IL,AGL,CE,Combined TRACON& Tower with Radar,9,16,14,2,41,0,0,8,0,8,9,16,22,2,49,0,0,0,49
06/01/2022,MLI,IL,AGL,CE,Combined TRACON& Tower with Radar,10,22,14,0,46,0,0,39,0,39,10,22,53,0,85,0,72,72,157
06/02/2022,MLI,IL,AGL,CE,Combined TRACON& Tower with Radar,15,16,15,0,46,0,0,37,0,37,15,16,52,0,83,56,0,56,139
06/03/2022,MLI,IL,AGL,CE,Combined TRACON& Tower with Radar,12,17,15,0,44,0,0,30,2,32,12,17,45,2,76,58,0,58,134
06/04/2022,MLI,IL,AGL,CE,Combined TRACON& Tower with Radar,14,16,6,0,36,0,0,26,0,26,14,16,32,0,62,24,0,24,86
06/05/2022,MLI,IL,AGL,CE,Combined TRACON& Tower with Radar,13,18,18,0,49,0,0,27,0,27,13,18,45,0,76,8,0,8,84
06/06/2022,MLI,IL,AGL,CE,Combined TRACON& Tower with Radar,13,15,12,13,53,0,0,4,0,4,13,15,16,13,57,8,0,8,65
06/07/2022,MLI,IL,AGL,CE,Combined TRACON& Tower with Radar,13,14,24,4,55,0,0,26,5,31,13,14,50,9,86,42,0,42,128
06/08/2022,MLI,IL,AGL,CE,Combined TRACON& Tower with Radar,12,16,19,0,47,0,0,9,2,11,12,16,28,2,58,24,6,30,88
06/09/2022,MLI,IL,AGL,CE,Combined TRACON& Tower with Radar,11,18,13,1,43,0,0,37,2,39,11,18,50,3,82,38,0,38,120
06/10/2022,MLI,IL,AGL,CE,Combined TRACON& Tower with Radar,13,18,12,2,45,0,0,1,2,3,13,18,13,4,48,10,0,10,58
06/11/2022,MLI,IL,AGL,CE,Combined TRACON& Tower with Radar,13,11,3,0,27,0,0,23,0,23,13,11,26,0,50,86,0,86,136
06/12/2022,MLI,IL,AGL,CE,Combined TRACON& Tower with Radar,15,12,9,0,36,0,0,8,0,8,15,12,17,0,44,8,0,8,52
06/13/2022,MLI,IL,AGL,CE,Combined TRACON& Tower with Radar,14,15,16,2,47,0,0,10,0,10,14,15,26,2,57,6,0,6,63
06/14/2022,MLI,IL,AGL,CE,Combined TRACON& Tower with Radar,13,13,20,0,46,0,0,15,0,15,13,13,35,0,61,10,0,10,71
06/15/2022,MLI,IL,AGL,CE,Combined TRACON& Tower with Radar,13,14,18,2,47,0,0,14,0,14,13,14,32,2,61,0,0,0,61
06/16/2022,MLI,IL,AGL,CE,Combined TRACON& Tower with Radar,15,17,18,0,50,0,0,42,0,42,15,17,60,0,92,28,0,28,120
06/17/2022,MLI,IL,AGL,CE,Combined TRACON& Tower with Radar,15,12,14,0,41,0,0,55,0,55,15,12,69,0,96,32,0,32,128
06/18/2022,MLI,IL,AGL,CE,Combined TRACON& Tower with Radar,11,10,5,0,26,0,0,46,1,47,11,10,51,1,73,38,0,38,111
06/19/2022,MLI,IL,AGL,CE,Combined TRACON& Tower with Radar,14,10,13,0,37,0,0,27,0,27,14,10,40,0,64,30,0,30,94
06/20/2022,MLI,IL,AGL,CE,Combined TRACON& Tower with Radar,13,16,15,0,44,0,0,27,0,27,13,16,42,0,71,0,0,0,71
06/21/2022,MLI,IL,AGL,CE,Combined TRACON& Tower with Radar,11,15,8,0,34,0,0,14,2,16,11,15,22,2,50,8,0,8,58
06/22/2022,MLI,IL,AGL,CE,Combined TRACON& Tower with Radar,13,18,16,2,49,0,0,31,0,31,13,18,47,2,80,52,0,52,132
06/23/2022,MLI,IL,AGL,CE,Combined TRACON& Tower with Radar,15,21,12,2,50,0,1,27,3,31,15,22,39,5,81,50,0,50,131
06/24/2022,MLI,IL,AGL,CE,Combined TRACON& Tower with Radar,13,14,16,0,43,0,1,17,0,18,13,15,33,0,61,32,0,32,93
06/25/2022,MLI,IL,AGL,CE,Combined TRACON& Tower with Radar,13,12,11,0,36,0,0,2,0,2,13,12,13,0,38,0,0,0,38
06/26/2022,MLI,IL,AGL,CE,Combined TRACON& Tower with Radar,13,19,11,0,43,0,0,29,0,29,13,19,40,0,72,0,0,0,72
06/27/2022,MLI,IL,AGL,CE,Combined TRACON& Tower with Radar,12,26,64,2,104,0,0,30,0,30,12,26,94,2,134,130,0,130,264
06/28/2022,MLI,IL,AGL,CE,Combined TRACON& Tower with Radar,11,18,14,0,43,0,0,28,0,28,11,18,42,0,71,66,0,66,137
06/29/2022,MLI,IL,AGL,CE,Combined TRACON& Tower with Radar,13,22,37,2,74,0,0,21,0,21,13,22,58,2,95,34,0,34,129
06/30/2022,MLI,IL,AGL,CE,Combined TRACON& Tower with Radar,14,25,23,1,63,0,0,23,0,23,14,25,46,1,86,54,0,54,140
07/01/2022,MLI,IL,AGL,CE,Combined TRACON& Tower with Radar,12,27,25,2,66,0,0,11,0,11,12,27,36,2,77,0,0,0,77
07/02/2022,MLI,IL,AGL,CE,Combined TRACON& Tower with Radar,14,14,8,0,36,0,0,36,0,36,14,14,44,0,72,72,0,72,144
07/03/2022,MLI,IL,AGL,CE,Combined TRACON& Tower with Radar,13,25,18,0,56,0,0,27,2,29,13,25,45,2,85,0,0,0,85
07/04/2022,MLI,IL,AGL,CE,Combined TRACON& Tower with Radar,17,14,7,0,38,0,0,10,0,10,17,14,17,0,48,8,0,8,56
07/05/2022,MLI,IL,AGL,CE,Combined TRACON& Tower with Radar,15,18,7,0,40,0,0,7,0,7,15,18,14,0,47,6,0,6,53
07/06/2022,MLI,IL,AGL,CE,Combined TRACON& Tower with Radar,13,14,13,2,42,0,0,7,0,7,13,14,20,2,49,8,0,8,57
07/07/2022,MLI,IL,AGL,CE,Combined TRACON& Tower with Radar,17,25,11,5,58,0,0,3,1,4,17,25,14,6,62,0,0,0,62
07/08/2022,MLI,IL,AGL,CE,Combined TRACON& Tower with Radar,13,18,10,3,44,0,0,0,0,0,13,18,10,3,44,0,0,0,44
07/09/2022,MLI,IL,AGL,CE,Combined TRACON& Tower with Radar,13,12,13,0,38,0,0,29,0,29,13,12,42,0,67,24,0,24,91
07/10/2022,MLI,IL,AGL,CE,Combined TRACON& Tower with Radar,15,14,5,0,34,0,0,26,0,26,15,14,31,0,60,54,0,54,114
07/11/2022,MLI,IL,AGL,CE,Combined TRACON& Tower with Radar,14,15,24,0,53,0,0,8,0,8,14,15,32,0,61,22,0,22,83
07/12/2022,MLI,IL,AGL,CE,Combined TRACON& Tower with Radar,9,20,18,0,47,0,3,33,0,36,9,23,51,0,83,32,0,32,115
07/13/2022,MLI,IL,AGL,CE,Combined TRACON& Tower with Radar,11,18,13,0,42,0,0,25,4,29,11,18,38,4,71,30,0,30,101
07/14/2022,MLI,IL,AGL,CE,Combined TRACON& Tower with Radar,12,15,16,0,43,0,0,32,1,33,12,15,48,1,76,10,0,10,86
07/15/2022,MLI,IL,AGL,CE,Combined TRACON& Tower with Radar,10,17,11,0,38,0,0,1,1,2,10,17,12,1,40,22,0,22,62
07/16/2022,MLI,IL,AGL,CE,Combined TRACON& Tower with Radar,10,16,4,0,30,0,0,0,0,0,10,16,4,0,30,0,0,0,30
07/17/2022,MLI,IL,AGL,CE,Combined TRACON& Tower with Radar,13,15,14,0,42,0,0,15,0,15,13,15,29,0,57,32,0,32,89
07/18/2022,MLI,IL,AGL,CE,Combined TRACON& Tower with Radar,13,16,19,0,48,0,0,22,0,22,13,16,41,0,70,22,0,22,92
07/19/2022,MLI,IL,AGL,CE,Combined TRACON& Tower with Radar,9,19,6,3,37,0,0,19,0,19,9,19,25,3,56,0,0,0,56
07/20/2022,MLI,IL,AGL,CE,Combined TRACON& Tower with Radar,11,19,5,1,36,0,0,24,0,24,11,19,29,1,60,26,0,26,86
07/21/2022,MLI,IL,AGL,CE,Combined TRACON& Tower with Radar,12,18,20,2,52,0,0,15,0,15,12,18,35,2,67,32,0,32,99
07/22/2022,MLI,IL,AGL,CE,Combined TRACON& Tower with Radar,10,15,10,0,35,0,1,40,0,41,10,16,50,0,76,86,0,86,162
07/23/2022,MLI,IL,AGL,CE,Combined TRACON& Tower with Radar,10,11,7,0,28,0,0,32,0,32,10,11,39,0,60,54,0,54,114
07/24/2022,MLI,IL,AGL,CE,Combined TRACON& Tower with Radar,13,12,9,0,34,0,0,27,0,27,13,12,36,0,61,0,0,0,61
07/25/2022,MLI,IL,AGL,CE,Combined TRACON& Tower with Radar,10,16,20,0,46,0,0,27,0,27,10,16,47,0,73,0,0,0,73
07/26/2022,MLI,IL,AGL,CE,Combined TRACON& Tower with Radar,9,17,22,2,50,0,0,25,0,25,9,17,47,2,75,16,0,16,91
07/27/2022,MLI,IL,AGL,CE,Combined TRACON& Tower with Radar,11,15,13,2,41,0,0,12,0,12,11,15,25,2,53,74,0,74,127
07/28/2022,MLI,IL,AGL,CE,Combined TRACON& Tower with Radar,12,20,19,2,53,0,0,25,0,25,12,20,44,2,78,38,0,38,116
07/29/2022,MLI,IL,AGL,CE,Combined TRACON& Tower with Radar,11,19,16,2,48,0,0,28,1,29,11,19,44,3,77,0,0,0,77
07/30/2022,MLI,IL,AGL,CE,Combined TRACON& Tower with Radar,11,17,15,0,43,0,0,18,0,18,11,17,33,0,61,20,0,20,81
07/31/2022,MLI,IL,AGL,CE,Combined TRACON& Tower with Radar,13,17,20,0,50,0,0,27,0,27,13,17,47,0,77,59,0,59,136
08/01/2022,MLI,IL,AGL,CE,Combined TRACON& Tower with Radar,13,17,27,0,57,0,0,11,0,11,13,17,38,0,68,48,0,48,116
08/02/2022,MLI,IL,AGL,CE,Combined TRACON& Tower with Radar,9,13,26,0,48,0,0,11,0,11,9,13,37,0,59,20,0,20,79
08/03/2022,MLI,IL,AGL,CE,Combined TRACON& Tower with Radar,10,18,15,2,45,0,0,3,0,3,10,18,18,2,48,16,0,16,64
08/04/2022,MLI,IL,AGL,CE,Combined TRACON& Tower with Radar,14,14,16,0,44,0,0,21,0,21,14,14,37,0,65,30,0,30,95
08/05/2022,MLI,IL,AGL,CE,Combined TRACON& Tower with Radar,10,20,24,0,54,0,0,9,0,9,10,20,33,0,63,32,12,44,107
08/06/2022,MLI,IL,AGL,CE,Combined TRACON& Tower with Radar,10,15,9,0,34,0,1,21,0,22,10,16,30,0,56,72,0,72,128
08/07/2022,MLI,IL,AGL,CE,Combined TRACON& Tower with Radar,13,10,11,0,34,0,0,15,2,17,13,10,26,2,51,0,0,0,51
08/08/2022,MLI,IL,AGL,CE,Combined TRACON& Tower with Radar,11,14,16,0,41,0,1,9,0,10,11,15,25,0,51,52,0,52,103
08/09/2022,MLI,IL,AGL,CE,Combined TRACON& Tower with Radar,9,16,35,0,60,0,0,15,2,17,9,16,50,2,77,42,14,56,133
08/10/2022,MLI,IL,AGL,CE,Combined TRACON& Tower with Radar,11,21,23,0,55,0,0,28,0,28,11,21,51,0,83,44,0,44,127
08/11/2022,MLI,IL,AGL,CE,Combined TRACON& Tower with Radar,13,17,13,2,45,0,0,21,0,21,13,17,34,2,66,54,0,54,120
08/12/2022,MLI,IL,AGL,CE,Combined TRACON& Tower with Radar,11,17,13,0,41,0,0,12,0,12,11,17,25,0,53,10,0,10,63
08/13/2022,MLI,IL,AGL,CE,Combined TRACON& Tower with Radar,11,14,12,0,37,0,0,23,0,23,11,14,35,0,60,20,0,20,80
08/14/2022,MLI,IL,AGL,CE,Combined TRACON& Tower with Radar,11,12,18,0,41,0,0,5,0,5,11,12,23,0,46,0,0,0,46
08/15/2022,MLI,IL,AGL,CE,Combined TRACON& Tower with Radar,13,16,25,0,54,0,0,18,0,18,13,16,43,0,72,44,0,44,116
08/16/2022,MLI,IL,AGL,CE,Combined TRACON& Tower with Radar,9,17,19,0,45,0,0,30,0,30,9,17,49,0,75,0,0,0,75
08/17/2022,MLI,IL,AGL,CE,Combined TRACON& Tower with Radar,10,18,19,0,47,0,0,35,1,36,10,18,54,1,83,20,6,26,109
08/18/2022,MLI,IL,AGL,CE,Combined TRACON& Tower with Radar,12,15,25,3,55,0,0,24,0,24,12,15,49,3,79,0,0,0,79
08/19/2022,MLI,IL,AGL,CE,Combined TRACON& Tower with Radar,9,16,15,0,40,0,1,15,0,16,9,17,30,0,56,20,0,20,76
08/20/2022,MLI,IL,AGL,CE,Combined TRACON& Tower with Radar,9,15,16,0,40,0,0,0,0,0,9,15,16,0,40,0,0,0,40
08/21/2022,MLI,IL,AGL,CE,Combined TRACON& Tower with Radar,11,10,14,0,35,0,0,6,0,6,11,10,20,0,41,0,0,0,41
08/22/2022,MLI,IL,AGL,CE,Combined TRACON& Tower with Radar,10,17,15,0,42,0,0,29,0,29,10,17,44,0,71,26,0,26,97
08/23/2022,MLI,IL,AGL,CE,Combined TRACON& Tower with Radar,10,17,22,0,49,0,0,18,0,18,10,17,40,0,67,20,0,20,87
08/24/2022,MLI,IL,AGL,CE,Combined TRACON& Tower with Radar,7,21,16,6,50,0,0,36,2,38,7,21,52,8,88,56,10,66,154
08/25/2022,MLI,IL,AGL,CE,Combined TRACON& Tower with Radar,12,18,26,2,58,0,0,9,0,9,12,18,35,2,67,12,0,12,79
08/26/2022,MLI,IL,AGL,CE,Combined TRACON& Tower with Radar,14,12,16,0,42,0,0,9,0,9,14,12,25,0,51,96,0,96,147
08/27/2022,MLI,IL,AGL,CE,Combined TRACON& Tower with Radar,9,14,8,0,31,0,0,34,0,34,9,14,42,0,65,0,0,0,65
08/28/2022,MLI,IL,AGL,CE,Combined TRACON& Tower with Radar,8,14,9,0,31,0,0,15,0,15,8,14,24,0,46,8,0,8,54
08/29/2022,MLI,IL,AGL,CE,Combined TRACON& Tower with Radar,11,14,24,2,51,0,0,5,0,5,11,14,29,2,56,34,0,34,90
08/30/2022,MLI,IL,AGL,CE,Combined TRACON& Tower with Radar,9,16,12,6,43,0,0,33,0,33,9,16,45,6,76,62,0,62,138
08/31/2022,MLI,IL,AGL,CE,Combined TRACON& Tower with Radar,8,19,21,5,53,0,0,27,0,27,8,19,48,5,80,42,4,46,126
09/01/2022,MLI,IL,AGL,CE,Combined TRACON& Tower with Radar,12,19,24,4,59,0,1,41,4,46,12,20,65,8,105,20,0,20,125
09/02/2022,MLI,IL,AGL,CE,Combined TRACON& Tower with Radar,9,16,23,0,48,0,0,21,0,21,9,16,44,0,69,8,0,8,77
09/03/2022,MLI,IL,AGL,CE,Combined TRACON& Tower with Radar,12,11,5,0,28,0,0,20,2,22,12,11,25,2,50,28,0,28,78
09/04/2022,MLI,IL,AGL,CE,Combined TRACON& Tower with Radar,14,12,18,0,44,0,0,1,0,1,14,12,19,0,45,0,0,0,45
09/05/2022,MLI,IL,AGL,CE,Combined TRACON& Tower with Radar,10,18,17,0,45,0,0,7,0,7,10,18,24,0,52,0,0,0,52
09/06/2022,MLI,IL,AGL,CE,Combined TRACON& Tower with Radar,11,17,21,0,49,0,0,20,0,20,11,17,41,0,69,18,0,18,87
09/07/2022,MLI,IL,AGL,CE,Combined TRACON& Tower with Radar,12,15,18,2,47,0,0,27,0,27,12,15,45,2,74,38,0,38,112
09/08/2022,MLI,IL,AGL,CE,Combined TRACON& Tower with Radar,13,16,16,0,45,0,0,22,0,22,13,16,38,0,67,14,0,14,81
09/09/2022,MLI,IL,AGL,CE,Combined TRACON& Tower with Radar,11,16,17,7,51,0,0,52,0,52,11,16,69,7,103,28,6,34,137
09/10/2022,MLI,IL,AGL,CE,Combined TRACON& Tower with Radar,13,16,5,0,34,0,0,26,1,27,13,16,31,1,61,54,0,54,115
09/11/2022,MLI,IL,AGL,CE,Combined TRACON& Tower with Radar,13,13,11,0,37,0,0,0,0,0,13,13,11,0,37,0,0,0,37
09/12/2022,MLI,IL,AGL,CE,Combined TRACON& Tower with Radar,11,15,12,0,38,0,0,4,0,4,11,15,16,0,42,0,0,0,42
09/13/2022,MLI,IL,AGL,CE,Combined TRACON& Tower with Radar,14,20,16,0,50,0,0,29,0,29,14,20,45,0,79,76,0,76,155
09/14/2022,MLI,IL,AGL,CE,Combined TRACON& Tower with Radar,12,18,28,3,61,0,0,19,2,21,12,18,47,5,82,62,0,62,144
09/15/2022,MLI,IL,AGL,CE,Combined TRACON& Tower with Radar,14,20,14,0,48,0,0,20,0,20,14,20,34,0,68,58,0,58,126
09/16/2022,MLI,IL,AGL,CE,Combined TRACON& Tower with Radar,12,17,24,2,55,0,0,25,0,25,12,17,49,2,80,12,0,12,92
09/17/2022,MLI,IL,AGL,CE,Combined TRACON& Tower with Radar,14,14,4,0,32,0,0,6,0,6,14,14,10,0,38,14,0,14,52
09/18/2022,MLI,IL,AGL,CE,Combined TRACON& Tower with Radar,14,16,8,0,38,0,0,17,0,17,14,16,25,0,55,0,0,0,55
09/19/2022,MLI,IL,AGL,CE,Combined TRACON& Tower with Radar,12,18,20,4,54,0,0,19,0,19,12,18,39,4,73,34,0,34,107
09/20/2022,MLI,IL,AGL,CE,Combined TRACON& Tower with Radar,12,17,13,2,44,0,1,10,0,11,12,18,23,2,55,18,0,18,73
09/21/2022,MLI,IL,AGL,CE,Combined TRACON& Tower with Radar,12,19,10,0,41,0,0,7,0,7,12,19,17,0,48,10,0,10,58
09/22/2022,MLI,IL,AGL,CE,Combined TRACON& Tower with Radar,11,16,17,2,46,0,0,17,0,17,11,16,34,2,63,44,0,44,107
09/23/2022,MLI,IL,AGL,CE,Combined TRACON& Tower with Radar,14,21,11,0,46,0,0,12,0,12,14,21,23,0,58,28,0,28,86
09/24/2022,MLI,IL,AGL,CE,Combined TRACON& Tower with Radar,12,17,13,0,42,0,0,15,1,16,12,17,28,1,58,26,0,26,84
09/25/2022,MLI,IL,AGL,CE,Combined TRACON& Tower with Radar,13,13,5,0,31,0,0,18,0,18,13,13,23,0,49,12,0,12,61
09/26/2022,MLI,IL,AGL,CE,Combined TRACON& Tower with Radar,12,16,20,0,48,0,0,8,0,8,12,16,28,0,56,8,0,8,64
09/27/2022,MLI,IL,AGL,CE,Combined TRACON& Tower with Radar,12,17,9,12,50,0,0,28,2,30,12,17,37,14,80,28,2,30,110
09/28/2022,MLI,IL,AGL,CE,Combined TRACON& Tower with Radar,12,17,10,0,39,0,0,29,0,29,12,17,39,0,68,68,0,68,136
09/29/2022,MLI,IL,AGL,CE,Combined TRACON& Tower with Radar,10,19,18,0,47,0,0,34,0,34,10,19,52,0,81,108,0,108,189
09/30/2022,MLI,IL,AGL,CE,Combined TRACON& Tower with Radar,15,17,15,0,47,0,0,44,0,44,15,17,59,0,91,50,0,50,141
10/01/2022,MLI,IL,AGL,CE,Combined TRACON& Tower with Radar,12,12,9,0,33,0,4,28,0,32,12,16,37,0,65,28,0,28,93
10/02/2022,MLI,IL,AGL,CE,Combined TRACON& Tower with Radar,11,14,9,0,34,0,0,21,0,21,11,14,30,0,55,0,0,0,55
10/03/2022,MLI,IL,AGL,CE,Combined TRACON& Tower with Radar,7,22,14,2,45,0,0,15,0,15,7,22,29,2,60,10,0,10,70
10/04/2022,MLI,IL,AGL,CE,Combined TRACON& Tower with Radar,12,22,12,0,46,0,2,35,0,37,12,24,47,0,83,82,0,82,165
10/05/2022,MLI,IL,AGL,CE,Combined TRACON& Tower with Radar,15,21,10,2,48,0,0,22,0,22,15,21,32,2,70,74,0,74,144
10/06/2022,MLI,IL,AGL,CE,Combined TRACON& Tower with Radar,10,20,14,1,45,0,0,6,2,8,10,20,20,3,53,0,0,0,53
10/07/2022,MLI,IL,AGL,CE,Combined TRACON& Tower with Radar,9,19,16,2,46,0,0,21,0,21,9,19,37,2,67,46,0,46,113
10/08/2022,MLI,IL,AGL,CE,Combined TRACON& Tower with Radar,14,16,6,0,36,0,0,14,0,14,14,16,20,0,50,50,0,50,100
10/09/2022,MLI,IL,AGL,CE,Combined TRACON& Tower with Radar,12,15,9,0,36,0,0,32,0,32,12,15,41,0,68,38,0,38,106
10/10/2022,MLI,IL,AGL,CE,Combined TRACON& Tower with Radar,9,19,14,0,42,0,0,21,0,21,9,19,35,0,63,28,0,28,91
10/11/2022,MLI,IL,AGL,CE,Combined TRACON& Tower with Radar,8,17,14,0,39,0,0,0,0,0,8,17,14,0,39,0,0,0,39
10/12/2022,MLI,IL,AGL,CE,Combined TRACON& Tower with Radar,13,18,9,2,42,0,0,17,0,17,13,18,26,2,59,22,0,22,81
10/13/2022,MLI,IL,AGL,CE,Combined TRACON& Tower with Radar,10,18,7,2,37,0,0,10,0,10,10,18,17,2,47,0,0,0,47
10/14/2022,MLI,IL,AGL,CE,Combined TRACON& Tower with Radar,9,21,7,0,37,0,1,19,0,20,9,22,26,0,57,0,0,0,57
10/15/2022,MLI,IL,AGL,CE,Combined TRACON& Tower with Radar,14,14,6,0,34,0,0,23,0,23,14,14,29,0,57,28,0,28,85
10/16/2022,MLI,IL,AGL,CE,Combined TRACON& Tower with Radar,8,14,6,0,28,0,2,20,0,22,8,16,26,0,50,20,0,20,70
10/17/2022,MLI,IL,AGL,CE,Combined TRACON& Tower with Radar,11,19,11,0,41,0,0,4,0,4,11,19,15,0,45,4,0,4,49
10/18/2022,MLI,IL,AGL,CE,Combined TRACON& Tower with Radar,8,21,11,4,44,0,0,12,0,12,8,21,23,4,56,6,0,6,62
10/19/2022,MLI,IL,AGL,CE,Combined TRACON& Tower with Radar,13,25,14,0,52,0,0,34,1,35,13,25,48,1,87,54,2,56,143
10/20/2022,MLI,IL,AGL,CE,Combined TRACON& Tower with Radar,9,21,29,2,61,0,0,26,2,28,9,21,55,4,89,54,0,54,143
10/21/2022,MLI,IL,AGL,CE,Combined TRACON& Tower with Radar,10,17,16,0,43,0,0,19,0,19,10,17,35,0,62,24,0,24,86
10/22/2022,MLI,IL,AGL,CE,Combined TRACON& Tower with Radar,16,14,8,0,38,0,0,15,0,15,16,14,23,0,53,22,0,22,75
10/23/2022,MLI,IL,AGL,CE,Combined TRACON& Tower with Radar,10,14,11,0,35,0,0,2,0,2,10,14,13,0,37,0,0,0,37
10/24/2022,MLI,IL,AGL,CE,Combined TRACON& Tower with Radar,9,20,12,6,47,0,0,6,0,6,9,20,18,6,53,4,0,4,57
10/25/2022,MLI,IL,AGL,CE,Combined TRACON& Tower with Radar,7,18,7,0,32,0,0,0,0,0,7,18,7,0,32,0,0,0,32
10/26/2022,MLI,IL,AGL,CE,Combined TRACON& Tower with Radar,14,20,11,5,50,0,0,32,0,32,14,20,43,5,82,62,0,62,144
10/27/2022,MLI,IL,AGL,CE,Combined TRACON& Tower with Radar,10,19,17,1,47,0,0,40,2,42,10,19,57,3,89,104,2,106,195
10/28/2022,MLI,IL,AGL,CE,Combined TRACON& Tower with Radar,7,21,11,0,39,0,0,34,0,34,7,21,45,0,73,54,0,54,127
10/29/2022,MLI,IL,AGL,CE,Combined TRACON& Tower with Radar,13,13,5,0,31,0,0,39,0,39,13,13,44,0,70,48,0,48,118
10/30/2022,MLI,IL,AGL,CE,Combined TRACON& Tower with Radar,11,10,6,0,27,0,0,26,0,26,11,10,32,0,53,28,0,28,81
10/31/2022,MLI,IL,AGL,CE,Combined TRACON& Tower with Radar,6,20,8,8,42,0,0,33,0,33,6,20,41,8,75,72,10,82,157
11/01/2022,MLI,IL,AGL,CE,Combined TRACON& Tower with Radar,9,20,12,0,41,0,0,30,0,30,9,20,42,0,71,38,0,38,109
11/02/2022,MLI,IL,AGL,CE,Combined TRACON& Tower with Radar,14,18,15,0,47,0,0,46,0,46,14,18,61,0,93,38,0,38,131
11/03/2022,MLI,IL,AGL,CE,Combined TRACON& Tower with Radar,10,19,13,0,42,0,0,23,0,23,10,19,36,0,65,38,0,38,103
11/04/2022,MLI,IL,AGL,CE,Combined TRACON& Tower with Radar,8,17,14,2,41,0,0,0,0,0,8,17,14,2,41,0,0,0,41
11/05/2022,MLI,IL,AGL,CE,Combined TRACON& Tower with Radar,16,9,5,0,30,0,0,1,0,1,16,9,6,0,31,0,0,0,31
11/06/2022,MLI,IL,AGL,CE,Combined TRACON& Tower with Radar,9,13,7,0,29,0,0,29,0,29,9,13,36,0,58,26,0,26,84
11/07/2022,MLI,IL,AGL,CE,Combined TRACON& Tower with Radar,8,16,18,2,44,0,0,24,0,24,8,16,42,2,68,42,0,42,110
11/08/2022,MLI,IL,AGL,CE,Combined TRACON& Tower with Radar,11,16,8,7,42,0,0,38,3,41,11,16,46,10,83,44,8,52,135
11/09/2022,MLI,IL,AGL,CE,Combined TRACON& Tower with Radar,12,18,11,3,44,0,0,32,1,33,12,18,43,4,77,52,0,52,129
11/10/2022,MLI,IL,AGL,CE,Combined TRACON& Tower with Radar,10,21,10,2,43,0,0,3,0,3,10,21,13,2,46,14,0,14,60
11/11/2022,MLI,IL,AGL,CE,Combined TRACON& Tower with Radar,8,19,14,0,41,0,0,3,0,3,8,19,17,0,44,0,0,0,44
11/12/2022,MLI,IL,AGL,CE,Combined TRACON& Tower with Radar,14,12,2,0,28,0,0,1,0,1,14,12,3,0,29,0,0,0,29
11/13/2022,MLI,IL,AGL,CE,Combined TRACON& Tower with Radar,10,12,8,0,30,0,0,38,0,38,10,12,46,0,68,112,0,112,180
11/14/2022,MLI,IL,AGL,CE,Combined TRACON& Tower with Radar,8,18,25,0,51,0,0,22,0,22,8,18,47,0,73,30,0,30,103
11/15/2022,MLI,IL,AGL,CE,Combined TRACON& Tower with Radar,8,18,8,0,34,0,0,0,0,0,8,18,8,0,34,0,0,0,34
11/16/2022,MLI,IL,AGL,CE,Combined TRACON& Tower with Radar,10,17,11,2,40,0,0,0,0,0,10,17,11,2,40,0,0,0,40
11/17/2022,MLI,IL,AGL,CE,Combined TRACON& Tower with Radar,9,16,11,0,36,0,0,4,0,4,9,16,15,0,40,0,0,0,40
11/18/2022,MLI,IL,AGL,CE,Combined TRACON& Tower with Radar,9,17,16,2,44,0,0,4,0,4,9,17,20,2,48,0,0,0,48
11/19/2022,MLI,IL,AGL,CE,Combined TRACON& Tower with Radar,16,12,9,0,37,0,0,2,0,2,16,12,11,0,39,4,0,4,43
11/20/2022,MLI,IL,AGL,CE,Combined TRACON& Tower with Radar,11,11,4,0,26,0,0,28,0,28,11,11,32,0,54,36,0,36,90
11/21/2022,MLI,IL,AGL,CE,Combined TRACON& Tower with Radar,12,17,14,0,43,0,0,34,1,35,12,17,48,1,78,36,6,42,120
11/22/2022,MLI,IL,AGL,CE,Combined TRACON& Tower with Radar,14,18,12,0,44,0,0,35,1,36,14,18,47,1,80,56,8,64,144
11/23/2022,MLI,IL,AGL,CE,Combined TRACON& Tower with Radar,12,17,6,0,35,0,0,39,0,39,12,17,45,0,74,36,0,36,110
11/24/2022,MLI,IL,AGL,CE,Combined TRACON& Tower with Radar,4,8,0,0,12,0,0,6,0,6,4,8,6,0,18,6,0,6,24
11/25/2022,MLI,IL,AGL,CE,Combined TRACON& Tower with Radar,8,17,1,0,26,0,1,29,0,30,8,18,30,0,56,88,0,88,144
11/26/2022,MLI,IL,AGL,CE,Combined TRACON& Tower with Radar,14,12,11,0,37,0,0,23,0,23,14,12,34,0,60,40,0,40,100
11/27/2022,MLI,IL,AGL,CE,Combined TRACON& Tower with Radar,14,13,7,0,34,0,0,1,0,1,14,13,8,0,35,10,0,10,45
11/28/2022,MLI,IL,AGL,CE,Combined TRACON& Tower with Radar,12,17,10,0,39,0,0,24,0,24,12,17,34,0,63,60,0,60,123
11/29/2022,MLI,IL,AGL,CE,Combined TRACON& Tower with Radar,10,30,7,8,55,0,0,0,0,0,10,30,7,8,55,0,0,0,55
11/30/2022,MLI,IL,AGL,CE,Combined TRACON& Tower with Radar,12,15,11,0,38,0,0,5,0,5,12,15,16,0,43,0,0,0,43
12/01/2022,MLI,IL,AGL,CE,Combined TRACON& Tower with Radar,16,20,17,1,54,0,0,17,0,17,16,20,34,1,71,42,0,42,113
12/02/2022,MLI,IL,AGL,CE,Combined TRACON& Tower with Radar,10,22,13,2,47,0,0,21,0,21,10,22,34,2,68,0,0,0,68
12/03/2022,MLI,IL,AGL,CE,Combined TRACON& Tower with Radar,16,10,3,0,29,0,0,22,2,24,16,10,25,2,53,76,4,80,133
12/04/2022,MLI,IL,AGL,CE,Combined TRACON& Tower with Radar,12,10,0,0,22,0,0,26,0,26,12,10,26,0,48,54,0,54,102
12/05/2022,MLI,IL,AGL,CE,Combined TRACON& Tower with Radar,10,16,19,0,45,0,0,11,0,11,10,16,30,0,56,32,0,32,88
12/06/2022,MLI,IL,AGL,CE,Combined TRACON& Tower with Radar,10,14,19,0,43,0,0,7,0,7,10,14,26,0,50,22,0,22,72
12/07/2022,MLI,IL,AGL,CE,Combined TRACON& Tower with Radar,14,14,21,0,49,0,0,5,0,5,14,14,26,0,54,46,0,46,100
12/08/2022,MLI,IL,AGL,CE,Combined TRACON& Tower with Radar,12,17,15,0,44,0,0,4,0,4,12,17,19,0,48,36,0,36,84
12/09/2022,MLI,IL,AGL,CE,Combined TRACON& Tower with Radar,10,15,9,0,34,0,0,2,0,2,10,15,11,0,36,4,0,4,40
12/10/2022,MLI,IL,AGL,CE,Combined TRACON& Tower with Radar,15,11,1,0,27,0,0,0,0,0,15,11,1,0,27,0,0,0,27
12/11/2022,MLI,IL,AGL,CE,Combined TRACON& Tower with Radar,10,13,11,0,34,0,0,4,0,4,10,13,15,0,38,41,0,41,79
12/12/2022,MLI,IL,AGL,CE,Combined TRACON& Tower with Radar,10,18,13,0,41,0,0,2,0,2,10,18,15,0,43,42,0,42,85
12/13/2022,MLI,IL,AGL,CE,Combined TRACON& Tower with Radar,10,13,15,2,40,0,0,0,0,0,10,13,15,2,40,0,0,0,40
12/14/2022,MLI,IL,AGL,CE,Combined TRACON& Tower with Radar,10,15,12,2,39,0,0,3,0,3,10,15,15,2,42,0,0,0,42
12/15/2022,MLI,IL,AGL,CE,Combined TRACON& Tower with Radar,17,14,18,2,51,0,0,1,1,2,17,14,19,3,53,0,0,0,53
12/16/2022,MLI,IL,AGL,CE,Combined TRACON& Tower with Radar,14,14,7,0,35,0,0,0,0,0,14,14,7,0,35,4,0,4,39
12/17/2022,MLI,IL,AGL,CE,Combined TRACON& Tower with Radar,14,8,3,0,25,0,0,0,0,0,14,8,3,0,25,0,0,0,25
12/18/2022,MLI,IL,AGL,CE,Combined TRACON& Tower with Radar,18,9,2,0,29,0,0,21,0,21,18,9,23,0,50,34,0,34,84
12/19/2022,MLI,IL,AGL,CE,Combined TRACON& Tower with Radar,13,11,13,0,37,0,0,21,0,21,13,11,34,0,58,74,0,74,132
12/20/2022,MLI,IL,AGL,CE,Combined TRACON& Tower with Radar,16,11,6,0,33,0,0,7,0,7,16,11,13,0,40,76,0,76,116
12/21/2022,MLI,IL,AGL,CE,Combined TRACON& Tower with Radar,19,15,14,0,48,0,0,3,3,6,19,15,17,3,54,56,8,64,118
12/22/2022,MLI,IL,AGL,CE,Combined TRACON& Tower with Radar,15,6,2,0,23,0,0,0,0,0,15,6,2,0,23,0,0,0,23
12/23/2022,MLI,IL,AGL,CE,Combined TRACON& Tower with Radar,12,7,0,0,19,0,0,0,0,0,12,7,0,0,19,0,0,0,19
12/24/2022,MLI,IL,AGL,CE,Combined TRACON& Tower with Radar,19,10,2,0,31,0,0,0,0,0,19,10,2,0,31,0,0,0,31
12/25/2022,MLI,IL,AGL,CE,Combined TRACON& Tower with Radar,11,8,0,0,19,0,0,0,0,0,11,8,0,0,19,0,0,0,19
12/26/2022,MLI,IL,AGL,CE,Combined TRACON& Tower with Radar,15,8,8,0,31,0,0,2,0,2,15,8,10,0,33,6,0,6,39
12/27/2022,MLI,IL,AGL,CE,Combined TRACON& Tower with Radar,16,13,7,0,36,0,0,5,0,5,16,13,12,0,41,8,0,8,49
12/28/2022,MLI,IL,AGL,CE,Combined TRACON& Tower with Radar,17,12,11,0,40,0,0,6,0,6,17,12,17,0,46,12,0,12,58
12/29/2022,MLI,IL,AGL,CE,Combined TRACON& Tower with Radar,16,16,8,0,40,0,0,5,0,5,16,16,13,0,45,0,0,0,45
12/30/2022,MLI,IL,AGL,CE,Combined TRACON& Tower with Radar,12,13,9,0,34,0,0,18,0,18,12,13,27,0,52,56,0,56,108
12/31/2022,MLI,IL,AGL,CE,Combined TRACON& Tower with Radar,20,8,2,0,30,0,0,22,0,22,20,8,24,0,52,60,0,60,112
01/01/2023,MLI,IL,AGL,CE,Combined TRACON& Tower with Radar,10,9,10,0,29,0,0,21,0,21,10,9,31,0,50,40,0,40,90
01/02/2023,MLI,IL,AGL,CE,Combined TRACON& Tower with Radar,12,11,12,0,35,0,0,9,0,9,12,11,21,0,44,82,0,82,126
01/03/2023,MLI,IL,AGL,CE,Combined TRACON& Tower with Radar,14,14,14,0,42,0,0,1,0,1,14,14,15,0,43,0,0,0,43
01/04/2023,MLI,IL,AGL,CE,Combined TRACON& Tower with Radar,16,13,14,0,43,0,0,0,0,0,16,13,14,0,43,0,0,0,43
01/05/2023,MLI,IL,AGL,CE,Combined TRACON& Tower with Radar,13,13,8,0,34,0,0,0,0,0,13,13,8,0,34,0,0,0,34
01/06/2023,MLI,IL,AGL,CE,Combined TRACON& Tower with Radar,14,16,13,0,43,0,0,16,0,16,14,16,29,0,59,30,0,30,89
01/07/2023,MLI,IL,AGL,CE,Combined TRACON& Tower with Radar,17,12,8,0,37,0,0,0,0,0,17,12,8,0,37,0,0,0,37
01/08/2023,MLI,IL,AGL,CE,Combined TRACON& Tower with Radar,13,14,7,0,34,0,0,0,0,0,13,14,7,0,34,24,0,24,58
01/09/2023,MLI,IL,AGL,CE,Combined TRACON& Tower with Radar,14,12,24,0,50,0,0,20,0,20,14,12,44,0,70,12,0,12,82
01/10/2023,MLI,IL,AGL,CE,Combined TRACON& Tower with Radar,12,12,16,0,40,0,0,24,0,24,12,12,40,0,64,46,0,46,110
01/11/2023,MLI,IL,AGL,CE,Combined TRACON& Tower with Radar,18,8,28,2,56,0,0,14,0,14,18,8,42,2,70,26,0,26,96
01/12/2023,MLI,IL,AGL,CE,Combined TRACON& Tower with Radar,14,11,15,0,40,0,0,0,0,0,14,11,15,0,40,0,0,0,40
01/13/2023,MLI,IL,AGL,CE,Combined TRACON& Tower with Radar,14,10,5,10,39,0,0,2,0,2,14,10,7,10,41,30,0,30,71
01/14/2023,MLI,IL,AGL,CE,Combined TRACON& Tower with Radar,18,6,11,0,35,0,0,23,0,23,18,6,34,0,58,18,0,18,76
01/15/2023,MLI,IL,AGL,CE,Combined TRACON& Tower with Radar,14,8,4,0,26,0,0,14,0,14,14,8,18,0,40,12,0,12,52
01/16/2023,MLI,IL,AGL,CE,Combined TRACON& Tower with Radar,14,9,7,0,30,0,0,0,0,0,14,9,7,0,30,10,0,10,40
01/17/2023,MLI,IL,AGL,CE,Combined TRACON& Tower with Radar,12,15,14,2,43,0,0,3,2,5,12,15,17,4,48,0,0,0,48
01/18/2023,MLI,IL,AGL,CE,Combined TRACON& Tower with Radar,15,6,4,0,25,0,0,0,0,0,15,6,4,0,25,0,0,0,25
01/19/2023,MLI,IL,AGL,CE,Combined TRACON& Tower with Radar,14,14,7,2,37,0,0,1,0,1,14,14,8,2,38,0,0,0,38
01/20/2023,MLI,IL,AGL,CE,Combined TRACON& Tower with Radar,14,9,9,0,32,0,0,7,2,9,14,9,16,2,41,46,0,46,87
01/21/2023,MLI,IL,AGL,CE,Combined TRACON& Tower with Radar,17,6,2,0,25,0,0,0,0,0,17,6,2,0,25,0,0,0,25
01/22/2023,MLI,IL,AGL,CE,Combined TRACON& Tower with Radar,15,10,2,0,27,0,0,0,0,0,15,10,2,0,27,0,0,0,27
01/23/2023,MLI,IL,AGL,CE,Combined TRACON& Tower with Radar,14,11,12,0,37,0,0,5,0,5,14,11,17,0,42,14,0,14,56
01/24/2023,MLI,IL,AGL,CE,Combined TRACON& Tower with Radar,12,14,5,1,32,0,0,7,0,7,12,14,12,1,39,36,0,36,75
01/25/2023,MLI,IL,AGL,CE,Combined TRACON& Tower with Radar,16,14,7,1,38,0,0,0,0,0,16,14,7,1,38,0,0,0,38
01/26/2023,MLI,IL,AGL,CE,Combined TRACON& Tower with Radar,14,16,14,0,44,0,0,5,0,5,14,16,19,0,49,32,0,32,81
01/27/2023,MLI,IL,AGL,CE,Combined TRACON& Tower with Radar,14,13,11,0,38,0,0,1,0,1,14,13,12,0,39,4,0,4,43
01/28/2023,MLI,IL,AGL,CE,Combined TRACON& Tower with Radar,21,6,3,0,30,0,0,0,0,0,21,6,3,0,30,0,0,0,30
01/29/2023,MLI,IL,AGL,CE,Combined TRACON& Tower with Radar,14,8,2,0,24,0,0,6,0,6,14,8,8,0,30,50,0,50,80
01/30/2023,MLI,IL,AGL,CE,Combined TRACON& Tower with Radar,12,9,23,0,44,0,0,21,0,21,12,9,44,0,65,60,0,60,125
01/31/2023,MLI,IL,AGL,CE,Combined TRACON& Tower with Radar,9,7,15,1,32,0,0,24,1,25,9,7,39,2,57,69,0,69,126
02/01/2023,MLI,IL,AGL,CE,Combined TRACON& Tower with Radar,11,10,16,0,37,0,0,35,0,35,11,10,51,0,72,28,0,28,100
02/02/2023,MLI,IL,AGL,CE,Combined TRACON& Tower with Radar,12,13,18,2,45,0,0,15,0,15,12,13,33,2,60,36,0,36,96
02/03/2023,MLI,IL,AGL,CE,Combined TRACON& Tower with Radar,14,12,21,0,47,0,0,14,0,14,14,12,35,0,61,38,0,38,99
02/04/2023,MLI,IL,AGL,CE,Combined TRACON& Tower with Radar,18,8,5,1,32,0,0,103,0,103,18,8,108,1,135,94,0,94,229
02/05/2023,MLI,IL,AGL,CE,Combined TRACON& Tower with Radar,14,9,11,0,34,0,0,33,0,33,14,9,44,0,67,78,0,78,145
02/06/2023,MLI,IL,AGL,CE,Combined TRACON& Tower with Radar,14,13,9,0,36,0,0,17,0,17,14,13,26,0,53,14,0,14,67
02/07/2023,MLI,IL,AGL,CE,Combined TRACON& Tower with Radar,12,11,11,4,38,0,0,14,2,16,12,11,25,6,54,40,0,40,94
02/08/2023,MLI,IL,AGL,CE,Combined TRACON& Tower with Radar,16,10,14,0,40,0,0,18,0,18,16,10,32,0,58,26,0,26,84
02/09/2023,MLI,IL,AGL,CE,Combined TRACON& Tower with Radar,13,14,5,0,32,0,0,1,0,1,13,14,6,0,33,0,0,0,33
02/10/2023,MLI,IL,AGL,CE,Combined TRACON& Tower with Radar,14,21,11,0,46,0,0,31,0,31,14,21,42,0,77,62,0,62,139
02/11/2023,MLI,IL,AGL,CE,Combined TRACON& Tower with Radar,18,12,6,0,36,0,2,34,0,36,18,14,40,0,72,92,0,92,164
02/12/2023,MLI,IL,AGL,CE,Combined TRACON& Tower with Radar,12,13,7,0,32,0,0,30,0,30,12,13,37,0,62,50,0,50,112
02/13/2023,MLI,IL,AGL,CE,Combined TRACON& Tower with Radar,14,16,21,0,51,0,0,29,0,29,14,16,50,0,80,78,0,78,158
02/14/2023,MLI,IL,AGL,CE,Combined TRACON& Tower with Radar,10,13,8,2,33,0,0,0,0,0,10,13,8,2,33,0,0,0,33
02/15/2023,MLI,IL,AGL,CE,Combined TRACON& Tower with Radar,12,24,7,18,61,0,0,0,0,0,12,24,7,18,61,4,28,32,93
02/16/2023,MLI,IL,AGL,CE,Combined TRACON& Tower with Radar,11,9,10,2,32,0,0,0,0,0,11,9,10,2,32,0,0,0,32
02/17/2023,MLI,IL,AGL,CE,Combined TRACON& Tower with Radar,16,14,11,0,41,0,0,13,0,13,16,14,24,0,54,28,0,28,82
02/18/2023,MLI,IL,AGL,CE,Combined TRACON& Tower with Radar,12,14,11,0,37,0,0,28,0,28,12,14,39,0,65,32,0,32,97
02/19/2023,MLI,IL,AGL,CE,Combined TRACON& Tower with Radar,12,12,13,0,37,0,0,25,0,25,12,12,38,0,62,44,0,44,106
02/20/2023,MLI,IL,AGL,CE,Combined TRACON& Tower with Radar,16,16,32,0,64,0,0,27,0,27,16,16,59,0,91,24,0,24,115
02/21/2023,MLI,IL,AGL,CE,Combined TRACON& Tower with Radar,10,24,14,8,56,0,0,16,0,16,10,24,30,8,72,52,0,52,124
02/22/2023,MLI,IL,AGL,CE,Combined TRACON& Tower with Radar,11,17,9,0,37,0,0,0,0,0,11,17,9,0,37,0,0,0,37
02/23/2023,MLI,IL,AGL,CE,Combined TRACON& Tower with Radar,12,16,6,0,34,0,0,0,0,0,12,16,6,0,34,0,0,0,34
02/24/2023,MLI,IL,AGL,CE,Combined TRACON& Tower with Radar,16,19,6,0,41,0,0,26,0,26,16,19,32,0,67,48,0,48,115
02/25/2023,MLI,IL,AGL,CE,Combined TRACON& Tower with Radar,12,12,6,0,30,0,0,44,0,44,12,12,50,0,74,112,0,112,186
02/26/2023,MLI,IL,AGL,CE,Combined TRACON& Tower with Radar,12,10,13,0,35,0,0,33,0,33,12,10,46,0,68,92,0,92,160
02/27/2023,MLI,IL,AGL,CE,Combined TRACON& Tower with Radar,16,13,6,1,36,0,0,1,0,1,16,13,7,1,37,0,0,0,37
02/28/2023,MLI,IL,AGL,CE,Combined TRACON& Tower with Radar,10,16,17,9,52,0,2,22,7,31,10,18,39,16,83,44,20,64,147
03/01/2023,MLI,IL,AGL,CE,Combined TRACON& Tower with Radar,11,13,11,0,35,0,0,13,2,15,11,13,24,2,50,8,0,8,58
03/02/2023,MLI,IL,AGL,CE,Combined TRACON& Tower with Radar,10,14,9,3,36,0,0,10,0,10,10,14,19,3,46,30,0,30,76
03/03/2023,MLI,IL,AGL,CE,Combined TRACON& Tower with Radar,19,17,7,0,43,0,0,7,2,9,19,17,14,2,52,10,0,10,62
03/04/2023,MLI,IL,AGL,CE,Combined TRACON& Tower with Radar,15,10,6,0,31,0,0,16,0,16,15,10,22,0,47,102,0,102,149
03/05/2023,MLI,IL,AGL,CE,Combined TRACON& Tower with Radar,13,8,13,0,34,0,0,12,0,12,13,8,25,0,46,100,0,100,146
03/06/2023,MLI,IL,AGL,CE,Combined TRACON& Tower with Radar,18,12,9,0,39,0,0,4,0,4,18,12,13,0,43,0,0,0,43
03/07/2023,MLI,IL,AGL,CE,Combined TRACON& Tower with Radar,12,10,22,2,46,0,0,16,0,16,12,10,38,2,62,30,0,30,92
03/08/2023,MLI,IL,AGL,CE,Combined TRACON& Tower with Radar,13,26,24,0,63,0,0,17,0,17,13,26,41,0,80,56,0,56,136
03/09/2023,MLI,IL,AGL,CE,Combined TRACON& Tower with Radar,13,15,9,2,39,0,0,2,0,2,13,15,11,2,41,8,0,8,49
03/10/2023,MLI,IL,AGL,CE,Combined TRACON& Tower with Radar,17,14,10,0,41,0,0,8,0,8,17,14,18,0,49,16,0,16,65
03/11/2023,MLI,IL,AGL,CE,Combined TRACON& Tower with Radar,14,11,4,0,29,0,0,8,0,8,14,11,12,0,37,18,0,18,55
03/12/2023,MLI,IL,AGL,CE,Combined TRACON& Tower with Radar,12,12,3,0,27,0,0,1,0,1,12,12,4,0,28,0,0,0,28
03/13/2023,MLI,IL,AGL,CE,Combined TRACON& Tower with Radar,21,22,16,0,59,0,0,4,0,4,21,22,20,0,63,10,0,10,73
03/14/2023,MLI,IL,AGL,CE,Combined TRACON& Tower with Radar,11,11,18,0,40,0,0,49,0,49,11,11,67,0,89,34,0,34,123
03/15/2023,MLI,IL,AGL,CE,Combined TRACON& Tower with Radar,16,9,11,0,36,0,2,9,0,11,16,11,20,0,47,32,0,32,79
03/16/2023,MLI,IL,AGL,CE,Combined TRACON& Tower with Radar,12,13,10,0,35,0,0,1,0,1,12,13,11,0,36,0,0,0,36
03/17/2023,MLI,IL,AGL,CE,Combined TRACON& Tower with Radar,19,13,10,0,42,0,0,2,0,2,19,13,12,0,44,4,0,4,48
03/18/2023,MLI,IL,AGL,CE,Combined TRACON& Tower with Radar,14,11,6,0,31,0,0,1,0,1,14,11,7,0,32,0,0,0,32
03/19/2023,MLI,IL,AGL,CE,Combined TRACON& Tower with Radar,14,15,18,0,47,0,0,51,0,51,14,15,69,0,98,126,0,126,224
03/20/2023,MLI,IL,AGL,CE,Combined TRACON& Tower with Radar,17,16,11,2,46,0,0,8,0,8,17,16,19,2,54,64,0,64,118
03/21/2023,MLI,IL,AGL,CE,Combined TRACON& Tower with Radar,12,19,10,6,47,0,0,20,1,21,12,19,30,7,68,36,4,40,108
03/22/2023,MLI,IL,AGL,CE,Combined TRACON& Tower with Radar,14,11,25,3,53,0,0,4,0,4,14,11,29,3,57,0,0,0,57
03/23/2023,MLI,IL,AGL,CE,Combined TRACON& Tower with Radar,14,11,17,0,42,0,0,7,4,11,14,11,24,4,53,112,0,112,165
03/24/2023,MLI,IL,AGL,CE,Combined TRACON& Tower with Radar,18,9,20,0,47,0,0,31,3,34,18,9,51,3,81,32,0,32,113
03/25/2023,MLI,IL,AGL,CE,Combined TRACON& Tower with Radar,14,7,9,0,30,0,0,10,2,12,14,7,19,2,42,0,0,0,42
03/26/2023,MLI,IL,AGL,CE,Combined TRACON& Tower with Radar,13,7,8,0,28,0,0,14,2,16,13,7,22,2,44,62,0,62,106
03/27/2023,MLI,IL,AGL,CE,Combined TRACON& Tower with Radar,21,11,18,4,54,0,0,33,0,33,21,11,51,4,87,48,4,52,139
03/28/2023,MLI,IL,AGL,CE,Combined TRACON& Tower with Radar,14,8,8,1,31,0,0,29,0,29,14,8,37,1,60,132,2,134,194
03/29/2023,MLI,IL,AGL,CE,Combined TRACON& Tower with Radar,16,11,17,1,45,0,0,27,1,28,16,11,44,2,73,112,2,114,187
03/30/2023,MLI,IL,AGL,CE,Combined TRACON& Tower with Radar,16,12,17,2,47,0,0,17,0,17,16,12,34,2,64,34,0,34,98
03/31/2023,MLI,IL,AGL,CE,Combined TRACON& Tower with Radar,19,10,3,0,32,0,0,0,0,0,19,10,3,0,32,0,0,0,32
04/01/2023,MLI,IL,AGL,CE,Combined TRACON& Tower with Radar,15,7,11,0,33,0,0,5,0,5,15,7,16,0,38,28,0,28,66
04/02/2023,MLI,IL,AGL,CE,Combined TRACON& Tower with Radar,14,8,3,0,25,0,0,10,2,12,14,8,13,2,37,32,0,32,69
04/03/2023,MLI,IL,AGL,CE,Combined TRACON& Tower with Radar,19,8,19,2,48,0,0,17,0,17,19,8,36,2,65,12,0,12,77
04/04/2023,MLI,IL,AGL,CE,Combined TRACON& Tower with Radar,16,6,5,0,27,0,0,0,0,0,16,6,5,0,27,0,0,0,27
04/05/2023,MLI,IL,AGL,CE,Combined TRACON& Tower with Radar,11,16,15,0,42,0,0,2,0,2,11,16,17,0,44,0,0,0,44
04/06/2023,MLI,IL,AGL,CE,Combined TRACON& Tower with Radar,17,10,28,0,55,0,0,34,0,34,17,10,62,0,89,56,0,56,145
04/07/2023,MLI,IL,AGL,CE,Combined TRACON& Tower with Radar,20,8,13,0,41,0,0,38,0,38,20,8,51,0,79,98,0,98,177
04/08/2023,MLI,IL,AGL,CE,Combined TRACON& Tower with Radar,18,8,4,0,30,0,0,29,0,29,18,8,33,0,59,80,0,80,139
04/09/2023,MLI,IL,AGL,CE,Combined TRACON& Tower with Radar,16,7,8,0,31,0,0,14,0,14,16,7,22,0,45,40,0,40,85
04/10/2023,MLI,IL,AGL,CE,Combined TRACON& Tower with Radar,20,13,17,2,52,0,0,22,0,22,20,13,39,2,74,62,0,62,136
04/11/2023,MLI,IL,AGL,CE,Combined TRACON& Tower with Radar,16,13,30,1,60,0,0,35,0,35,16,13,65,1,95,56,0,56,151
04/12/2023,MLI,IL,AGL,CE,Combined TRACON& Tower with Radar,16,8,21,4,49,0,0,16,1,17,16,8,37,5,66,30,2,32,98
04/13/2023,MLI,IL,AGL,CE,Combined TRACON& Tower with Radar,18,11,22,0,51,0,0,26,0,26,18,11,48,0,77,62,0,62,139
04/14/2023,MLI,IL,AGL,CE,Combined TRACON& Tower with Radar,20,8,25,0,53,0,0,45,0,45,20,8,70,0,98,94,0,94,192
04/15/2023,MLI,IL,AGL,CE,Combined TRACON& Tower with Radar,18,7,5,2,32,0,0,13,0,13,18,7,18,2,45,64,0,64,109
04/16/2023,MLI,IL,AGL,CE,Combined TRACON& Tower with Radar,16,11,6,0,33,0,0,0,0,0,16,11,6,0,33,0,0,0,33
04/17/2023,MLI,IL,AGL,CE,Combined TRACON& Tower with Radar,20,10,5,0,35,0,1,1,0,2,20,11,6,0,37,0,0,0,37
04/18/2023,MLI,IL,AGL,CE,Combined TRACON& Tower with Radar,14,9,13,0,36,0,0,29,0,29,14,9,42,0,65,110,0,110,175
04/19/2023,MLI,IL,AGL,CE,Combined TRACON& Tower with Radar,15,8,28,0,51,0,0,16,2,18,15,8,44,2,69,78,4,82,151
04/20/2023,MLI,IL,AGL,CE,Combined TRACON& Tower with Radar,15,11,12,0,38,0,0,2,1,3,15,11,14,1,41,4,0,4,45
04/21/2023,MLI,IL,AGL,CE,Combined TRACON& Tower with Radar,20,10,14,16,60,0,0,17,0,17,20,10,31,16,77,12,20,32,109
04/22/2023,MLI,IL,AGL,CE,Combined TRACON& Tower with Radar,16,8,2,0,26,0,0,1,0,1,16,8,3,0,27,0,0,0,27
04/23/2023,MLI,IL,AGL,CE,Combined TRACON& Tower with Radar,13,6,10,0,29,0,0,21,0,21,13,6,31,0,50,96,0,96,146
04/24/2023,MLI,IL,AGL,CE,Combined TRACON& Tower with Radar,21,12,14,0,47,0,0,39,0,39,21,12,53,0,86,50,0,50,136
04/25/2023,MLI,IL,AGL,CE,Combined TRACON& Tower with Radar,14,9,13,0,36,0,0,18,0,18,14,9,31,0,54,88,0,88,142
04/26/2023,MLI,IL,AGL,CE,Combined TRACON& Tower with Radar,14,14,11,4,43,0,0,25,0,25,14,14,36,4,68,16,0,16,84
04/27/2023,MLI,IL,AGL,CE,Combined TRACON& Tower with Radar,16,8,16,2,42,0,0,38,0,38,16,8,54,2,80,18,0,18,98
04/28/2023,MLI,IL,AGL,CE,Combined TRACON& Tower with Radar,18,14,13,0,45,0,5,32,0,37,18,19,45,0,82,32,0,32,114
04/29/2023,MLI,IL,AGL,CE,Combined TRACON& Tower with Radar,16,7,6,0,29,0,0,4,0,4,16,7,10,0,33,12,0,12,45
04/30/2023,MLI,IL,AGL,CE,Combined TRACON& Tower with Radar,16,7,4,0,27,0,0,1,0,1,16,7,5,0,28,0,0,0,28
05/01/2023,MLI,IL,AGL,CE,Combined TRACON& Tower with Radar,22,14,14,0,50,0,0,0,0,0,22,14,14,0,50,8,0,8,58
05/02/2023,MLI,IL,AGL,CE,Combined TRACON& Tower with Radar,16,9,16,0,41,0,1,5,0,6,16,10,21,0,47,0,0,0,47
05/03/2023,MLI,IL,AGL,CE,Combined TRACON& Tower with Radar,16,8,31,0,55,0,0,41,0,41,16,8,72,0,96,144,0,144,240
05/04/2023,MLI,IL,AGL,CE,Combined TRACON& Tower with Radar,15,11,18,0,44,0,0,47,0,47,15,11,65,0,91,58,0,58,149
05/05/2023,MLI,IL,AGL,CE,Combined TRACON& Tower with Radar,15,11,13,0,39,0,0,19,0,19,15,11,32,0,58,52,0,52,110
05/06/2023,MLI,IL,AGL,CE,Combined TRACON& Tower with Radar,12,14,16,0,42,0,0,13,0,13,12,14,29,0,55,20,0,20,75
05/07/2023,MLI,IL,AGL,CE,Combined TRACON& Tower with Radar,13,10,5,0,28,0,0,24,0,24,13,10,29,0,52,108,0,108,160
05/08/2023,MLI,IL,AGL,CE,Combined TRACON& Tower with Radar,16,14,23,0,53,0,0,7,0,7,16,14,30,0,60,8,0,8,68
05/09/2023,MLI,IL,AGL,CE,Combined TRACON& Tower with Radar,10,19,21,0,50,0,0,30,0,30,10,19,51,0,80,76,0,76,156
05/10/2023,MLI,IL,AGL,CE,Combined TRACON& Tower with Radar,13,19,18,0,50,0,1,48,0,49,13,20,66,0,99,88,4,92,191
05/11/2023,MLI,IL,AGL,CE,Combined TRACON& Tower with Radar,10,14,20,0,44,0,0,31,0,31,10,14,51,0,75,88,0,88,163
05/12/2023,MLI,IL,AGL,CE,Combined TRACON& Tower with Radar,16,16,22,0,54,0,0,9,0,9,16,16,31,0,63,28,0,28,91
05/13/2023,MLI,IL,AGL,CE,Combined TRACON& Tower with Radar,12,10,11,0,33,0,0,4,0,4,12,10,15,0,37,40,0,40,77
05/14/2023,MLI,IL,AGL,CE,Combined TRACON& Tower with Radar,12,10,2,0,24,0,0,3,0,3,12,10,5,0,27,32,0,32,59
05/15/2023,MLI,IL,AGL,CE,Combined TRACON& Tower with Radar,15,15,14,13,57,0,0,26,1,27,15,15,40,14,84,76,12,88,172
05/16/2023,MLI,IL,AGL,CE,Combined TRACON& Tower with Radar,10,11,19,0,40,0,0,39,1,40,10,11,58,1,80,122,0,122,202
05/17/2023,MLI,IL,AGL,CE,Combined TRACON& Tower with Radar,13,14,15,0,42,0,0,33,2,35,13,14,48,2,77,86,4,90,167
05/18/2023,MLI,IL,AGL,CE,Combined TRACON& Tower with Radar,13,16,23,0,52,0,0,24,0,24,13,16,47,0,76,64,0,64,140
05/19/2023,MLI,IL,AGL,CE,Combined TRACON& Tower with Radar,12,14,24,0,50,0,0,25,0,25,12,14,49,0,75,28,0,28,103
05/20/2023,MLI,IL,AGL,CE,Combined TRACON& Tower with Radar,13,10,5,0,28,0,0,30,0,30,13,10,35,0,58,62,0,62,120
05/21/2023,MLI,IL,AGL,CE,Combined TRACON& Tower with Radar,12,12,10,0,34,0,0,28,0,28,12,12,38,0,62,66,0,66,128
05/22/2023,MLI,IL,AGL,CE,Combined TRACON& Tower with Radar,12,17,25,2,56,0,0,34,0,34,12,17,59,2,90,38,0,38,128
05/23/2023,MLI,IL,AGL,CE,Combined TRACON& Tower with Radar,10,12,18,2,42,0,0,24,0,24,10,12,42,2,66,94,0,94,160
05/24/2023,MLI,IL,AGL,CE,Combined TRACON& Tower with Radar,12,13,20,5,50,0,0,47,2,49,12,13,67,7,99,66,0,66,165
05/25/2023,MLI,IL,AGL,CE,Combined TRACON& Tower with Radar,11,12,8,0,31,0,0,15,0,15,11,12,23,0,46,68,0,68,114
05/26/2023,MLI,IL,AGL,CE,Combined TRACON& Tower with Radar,11,17,14,0,42,0,3,29,0,32,11,20,43,0,74,70,0,70,144
05/27/2023,MLI,IL,AGL,CE,Combined TRACON& Tower with Radar,13,12,3,0,28,0,0,28,0,28,13,12,31,0,56,64,0,64,120
05/28/2023,MLI,IL,AGL,CE,Combined TRACON& Tower with Radar,12,10,5,0,27,0,0,31,0,31,12,10,36,0,58,54,0,54,112
05/29/2023,MLI,IL,AGL,CE,Combined TRACON& Tower with Radar,11,10,8,0,29,0,0,29,0,29,11,10,37,0,58,58,0,58,116
05/30/2023,MLI,IL,AGL,CE,Combined TRACON& Tower with Radar,10,14,17,0,41,0,0,30,0,30,10,14,47,0,71,70,0,70,141
05/31/2023,MLI,IL,AGL,CE,Combined TRACON& Tower with Radar,15,12,11,1,39,0,0,30,0,30,15,12,41,1,69,32,0,32,101
06/01/2023,MLI,IL,AGL,CE,Combined TRACON& Tower with Radar,11,19,18,1,49,0,5,29,0,34,11,24,47,1,83,90,10,100,183
06/02/2023,MLI,IL,AGL,CE,Combined TRACON& Tower with Radar,11,14,20,0,45,0,0,16,0,16,11,14,36,0,61,4,0,4,65
06/03/2023,MLI,IL,AGL,CE,Combined TRACON& Tower with Radar,15,11,4,2,32,0,0,38,0,38,15,11,42,2,70,66,2,68,138
06/04/2023,MLI,IL,AGL,CE,Combined TRACON& Tower with Radar,13,12,6,0,31,0,0,29,0,29,13,12,35,0,60,46,2,48,108
06/05/2023,MLI,IL,AGL,CE,Combined TRACON& Tower with Radar,14,13,19,0,46,0,0,41,0,41,14,13,60,0,87,146,10,156,243
06/06/2023,MLI,IL,AGL,CE,Combined TRACON& Tower with Radar,11,18,19,1,49,0,0,23,2,25,11,18,42,3,74,34,6,40,114
06/07/2023,MLI,IL,AGL,CE,Combined TRACON& Tower with Radar,14,12,10,7,43,0,0,31,3,34,14,12,41,10,77,92,4,96,173
06/08/2023,MLI,IL,AGL,CE,Combined TRACON& Tower with Radar,13,20,14,2,49,0,2,31,0,33,13,22,45,2,82,134,0,134,216
06/09/2023,MLI,IL,AGL,CE,Combined TRACON& Tower with Radar,13,19,22,11,65,0,0,39,0,39,13,19,61,11,104,82,10,92,196
06/10/2023,MLI,IL,AGL,CE,Combined TRACON& Tower with Radar,15,9,5,0,29,0,0,47,0,47,15,9,52,0,76,56,0,56,132
06/11/2023,MLI,IL,AGL,CE,Combined TRACON& Tower with Radar,13,13,16,0,42,0,0,4,0,4,13,13,20,0,46,0,0,0,46
06/12/2023,MLI,IL,AGL,CE,Combined TRACON& Tower with Radar,12,15,9,0,36,0,0,20,0,20,12,15,29,0,56,30,0,30,86
06/13/2023,MLI,IL,AGL,CE,Combined TRACON& Tower with Radar,12,21,16,0,49,0,0,22,0,22,12,21,38,0,71,184,6,190,261
06/14/2023,MLI,IL,AGL,CE,Combined TRACON& Tower with Radar,20,22,23,0,65,0,0,31,2,33,20,22,54,2,98,74,4,78,176
06/15/2023,MLI,IL,AGL,CE,Combined TRACON& Tower with Radar,13,13,39,0,65,0,0,17,2,19,13,13,56,2,84,46,0,46,130
06/16/2023,MLI,IL,AGL,CE,Combined TRACON& Tower with Radar,13,13,16,0,42,0,0,28,0,28,13,13,44,0,70,102,0,102,172
06/17/2023,MLI,IL,AGL,CE,Combined TRACON& Tower with Radar,16,6,6,0,28,0,0,31,0,31,16,6,37,0,59,78,0,78,137
06/18/2023,MLI,IL,AGL,CE,Combined TRACON& Tower with Radar,13,9,12,0,34,0,0,7,0,7,13,9,19,0,41,20,0,20,61
06/19/2023,MLI,IL,AGL,CE,Combined TRACON& Tower with Radar,14,16,21,3,54,0,2,34,1,37,14,18,55,4,91,70,28,98,189
06/20/2023,MLI,IL,AGL,CE,Combined TRACON& Tower with Radar,13,13,18,0,44,0,0,43,1,44,13,13,61,1,88,80,14,94,182
06/21/2023,MLI,IL,AGL,CE,Combined TRACON& Tower with Radar,16,15,19,1,51,0,2,33,1,36,16,17,52,2,87,50,2,52,139
06/22/2023,MLI,IL,AGL,CE,Combined TRACON& Tower with Radar,13,13,37,1,64,0,0,40,10,50,13,13,77,11,114,110,32,142,256
06/23/2023,MLI,IL,AGL,CE,Combined TRACON& Tower with Radar,11,12,16,3,42,0,0,35,11,46,11,12,51,14,88,46,18,64,152
06/24/2023,MLI,IL,AGL,CE,Combined TRACON& Tower with Radar,18,7,9,0,34,0,0,19,13,32,18,7,28,13,66,16,4,20,86
06/25/2023,MLI,IL,AGL,CE,Combined TRACON& Tower with Radar,12,13,8,1,34,0,0,7,8,15,12,13,15,9,49,0,16,16,65
06/26/2023,MLI,IL,AGL,CE,Combined TRACON& Tower with Radar,13,16,20,9,58,0,0,14,1,15,13,16,34,10,73,68,10,78,151
06/27/2023,MLI,IL,AGL,CE,Combined TRACON& Tower with Radar,12,15,31,0,58,0,0,4,0,4,12,15,35,0,62,94,0,94,156
06/28/2023,MLI,IL,AGL,CE,Combined TRACON& Tower with Radar,16,14,30,1,61,0,0,5,0,5,16,14,35,1,66,36,0,36,102
06/29/2023,MLI,IL,AGL,CE,Combined TRACON& Tower with Radar,13,18,38,0,69,0,0,3,0,3,13,18,41,0,72,76,2,78,150
06/30/2023,MLI,IL,AGL,CE,Combined TRACON& Tower with Radar,16,10,11,0,37,0,0,14,0,14,16,10,25,0,51,22,0,22,73
07/01/2023,MLI,IL,AGL,CE,Combined TRACON& Tower with Radar,16,6,1,0,23,0,0,7,0,7,16,6,8,0,30,20,0,20,50
07/02/2023,MLI,IL,AGL,CE,Combined TRACON& Tower with Radar,12,11,7,0,30,0,0,6,2,8,12,11,13,2,38,32,0,32,70
07/03/2023,MLI,IL,AGL,CE,Combined TRACON& Tower with Radar,15,11,16,0,42,0,0,39,0,39,15,11,55,0,81,62,0,62,143
07/04/2023,MLI,IL,AGL,CE,Combined TRACON& Tower with Radar,14,16,12,0,42,0,0,27,0,27,14,16,39,0,69,98,0,98,167
07/05/2023,MLI,IL,AGL,CE,Combined TRACON& Tower with Radar,15,13,25,0,53,0,0,15,0,15,15,13,40,0,68,30,2,32,100
07/06/2023,MLI,IL,AGL,CE,Combined TRACON& Tower with Radar,11,13,48,0,72,0,0,34,0,34,11,13,82,0,106,94,2,96,202
07/07/2023,MLI,IL,AGL,CE,Combined TRACON& Tower with Radar,13,12,22,0,47,0,0,29,0,29,13,12,51,0,76,86,0,86,162
07/08/2023,MLI,IL,AGL,CE,Combined TRACON& Tower with Radar,18,11,14,0,43,0,0,32,0,32,18,11,46,0,75,154,0,154,229
07/09/2023,MLI,IL,AGL,CE,Combined TRACON& Tower with Radar,17,19,22,3,61,0,0,36,1,37,17,19,58,4,98,66,6,72,170
07/10/2023,MLI,IL,AGL,CE,Combined TRACON& Tower with Radar,16,15,17,2,50,0,0,39,0,39,16,15,56,2,89,110,0,110,199
07/11/2023,MLI,IL,AGL,CE,Combined TRACON& Tower with Radar,13,13,32,0,58,0,0,52,2,54,13,13,84,2,112,236,10,246,358
07/12/2023,MLI,IL,AGL,CE,Combined TRACON& Tower with Radar,15,9,14,0,38,0,0,11,0,11,15,9,25,0,49,28,0,28,77
07/13/2023,MLI,IL,AGL,CE,Combined TRACON& Tower with Radar,15,14,16,1,46,0,1,28,0,29,15,15,44,1,75,136,0,136,211
07/14/2023,MLI,IL,AGL,CE,Combined TRACON& Tower with Radar,14,13,25,0,52,0,0,33,0,33,14,13,58,0,85,128,0,128,213
07/15/2023,MLI,IL,AGL,CE,Combined TRACON& Tower with Radar,15,6,5,0,26,0,0,18,0,18,15,6,23,0,44,32,0,32,76
07/16/2023,MLI,IL,AGL,CE,Combined TRACON& Tower with Radar,15,10,14,0,39,0,0,15,2,17,15,10,29,2,56,30,2,32,88
07/17/2023,MLI,IL,AGL,CE,Combined TRACON& Tower with Radar,15,10,23,2,50,0,0,42,0,42,15,10,65,2,92,134,4,138,230
07/18/2023,MLI,IL,AGL,CE,Combined TRACON& Tower with Radar,12,11,11,0,34,0,2,25,0,27,12,13,36,0,61,70,0,70,131
07/19/2023,MLI,IL,AGL,CE,Combined TRACON& Tower with Radar,17,10,11,4,42,0,0,27,6,33,17,10,38,10,75,100,20,120,195
07/20/2023,MLI,IL,AGL,CE,Combined TRACON& Tower with Radar,14,10,25,1,50,0,0,23,1,24,14,10,48,2,74,23,4,27,101
07/21/2023,MLI,IL,AGL,CE,Combined TRACON& Tower with Radar,14,11,23,2,50,0,0,40,0,40,14,11,63,2,90,63,2,65,155
07/22/2023,MLI,IL,AGL,CE,Combined TRACON& Tower with Radar,15,6,18,0,39,0,0,41,0,41,15,6,59,0,80,139,0,139,219
07/23/2023,MLI,IL,AGL,CE,Combined TRACON& Tower with Radar,14,9,8,0,31,0,0,41,0,41,14,9,49,0,72,136,0,136,208
07/24/2023,MLI,IL,AGL,CE,Combined TRACON& Tower with Radar,15,18,12,0,45,0,0,39,0,39,15,18,51,0,84,81,2,83,167
07/25/2023,MLI,IL,AGL,CE,Combined TRACON& Tower with Radar,12,13,14,4,43,0,0,32,0,32,12,13,46,4,75,22,0,22,97
07/26/2023,MLI,IL,AGL,CE,Combined TRACON& Tower with Radar,20,10,23,0,53,0,0,36,0,36,20,10,59,0,89,114,0,114,203
07/27/2023,MLI,IL,AGL,CE,Combined TRACON& Tower with Radar,15,10,24,2,51,0,0,31,0,31,15,10,55,2,82,86,0,86,168
07/28/2023,MLI,IL,AGL,CE,Combined TRACON& Tower with Radar,12,8,17,0,37,0,0,33,0,33,12,8,50,0,70,48,0,48,118
07/29/2023,MLI,IL,AGL,CE,Combined TRACON& Tower with Radar,13,5,17,0,35,0,0,24,2,26,13,5,41,2,61,38,4,42,103
07/30/2023,MLI,IL,AGL,CE,Combined TRACON& Tower with Radar,17,8,11,1,37,0,0,25,0,25,17,8,36,1,62,92,0,92,154
07/31/2023,MLI,IL,AGL,CE,Combined TRACON& Tower with Radar,17,12,11,1,41,0,0,27,0,27,17,12,38,1,68,130,0,130,198
08/01/2023,MLI,IL,AGL,CE,Combined TRACON& Tower with Radar,14,12,13,0,39,0,0,33,0,33,14,12,46,0,72,120,4,124,196
08/02/2023,MLI,IL,AGL,CE,Combined TRACON& Tower with Radar,20,11,22,0,53,0,0,15,0,15,20,11,37,0,68,92,0,92,160
08/03/2023,MLI,IL,AGL,CE,Combined TRACON& Tower with Radar,17,15,23,16,71,0,0,10,0,10,17,15,33,16,81,0,20,20,101
08/04/2023,MLI,IL,AGL,CE,Combined TRACON& Tower with Radar,15,15,31,0,61,0,0,25,0,25,15,15,56,0,86,146,0,146,232
08/05/2023,MLI,IL,AGL,CE,Combined TRACON& Tower with Radar,17,8,21,0,46,0,0,24,2,26,17,8,45,2,72,66,34,100,172
08/06/2023,MLI,IL,AGL,CE,Combined TRACON& Tower with Radar,16,12,9,0,37,0,0,10,8,18,16,12,19,8,55,56,12,68,123
08/07/2023,MLI,IL,AGL,CE,Combined TRACON& Tower with Radar,12,13,14,0,39,0,0,25,0,25,12,13,39,0,64,80,0,80,144
08/08/2023,MLI,IL,AGL,CE,Combined TRACON& Tower with Radar,13,16,13,0,42,0,1,26,0,27,13,17,39,0,69,80,0,80,149
08/09/2023,MLI,IL,AGL,CE,Combined TRACON& Tower with Radar,17,14,14,6,51,0,0,1,0,1,17,14,15,6,52,28,14,42,94
08/10/2023,MLI,IL,AGL,CE,Combined TRACON& Tower with Radar,15,21,23,0,59,0,0,33,0,33,15,21,56,0,92,144,0,144,236
08/11/2023,MLI,IL,AGL,CE,Combined TRACON& Tower with Radar,15,14,12,0,41,0,0,10,0,10,15,14,22,0,51,16,0,16,67
08/12/2023,MLI,IL,AGL,CE,Combined TRACON& Tower with Radar,16,6,14,0,36,0,0,46,0,46,16,6,60,0,82,87,0,87,169
08/13/2023,MLI,IL,AGL,CE,Combined TRACON& Tower with Radar,14,10,2,0,26,0,0,22,0,22,14,10,24,0,48,14,0,14,62
08/14/2023,MLI,IL,AGL,CE,Combined TRACON& Tower with Radar,13,8,17,0,38,0,0,3,0,3,13,8,20,0,41,28,0,28,69
08/15/2023,MLI,IL,AGL,CE,Combined TRACON& Tower with Radar,14,16,8,10,48,0,0,32,2,34,14,16,40,12,82,32,10,42,124
08/16/2023,MLI,IL,AGL,CE,Combined TRACON& Tower with Radar,14,13,19,0,46,0,0,33,0,33,14,13,52,0,79,92,0,92,171
08/17/2023,MLI,IL,AGL,CE,Combined TRACON& Tower with Radar,16,13,21,0,50,0,2,18,2,22,16,15,39,2,72,42,0,42,114
08/18/2023,MLI,IL,AGL,CE,Combined TRACON& Tower with Radar,13,17,17,4,51,0,0,33,4,37,13,17,50,8,88,50,12,62,150
08/19/2023,MLI,IL,AGL,CE,Combined TRACON& Tower with Radar,14,11,6,0,31,0,0,19,0,19,14,11,25,0,50,56,0,56,106
08/20/2023,MLI,IL,AGL,CE,Combined TRACON& Tower with Radar,16,12,10,0,38,0,0,23,0,23,16,12,33,0,61,22,0,22,83
08/21/2023,MLI,IL,AGL,CE,Combined TRACON& Tower with Radar,14,16,18,3,51,0,0,19,0,19,14,16,37,3,70,0,2,2,72
08/22/2023,MLI,IL,AGL,CE,Combined TRACON& Tower with Radar,14,16,27,0,57,0,0,23,0,23,14,16,50,0,80,42,0,42,122
08/23/2023,MLI,IL,AGL,CE,Combined TRACON& Tower with Radar,14,15,16,0,45,0,0,10,0,10,14,15,26,0,55,20,0,20,75
08/24/2023,MLI,IL,AGL,CE,Combined TRACON& Tower with Radar,16,19,13,0,48,0,1,14,0,15,16,20,27,0,63,12,2,14,77
08/25/2023,MLI,IL,AGL,CE,Combined TRACON& Tower with Radar,14,16,15,0,45,0,0,22,2,24,14,16,37,2,69,64,0,64,133
08/26/2023,MLI,IL,AGL,CE,Combined TRACON& Tower with Radar,14,8,5,0,27,0,0,8,0,8,14,8,13,0,35,52,0,52,87
08/27/2023,MLI,IL,AGL,CE,Combined TRACON& Tower with Radar,15,13,16,0,44,0,0,20,0,20,15,13,36,0,64,72,0,72,136
08/28/2023,MLI,IL,AGL,CE,Combined TRACON& Tower with Radar,13,17,24,4,58,0,0,27,0,27,13,17,51,4,85,84,6,90,175
08/29/2023,MLI,IL,AGL,CE,Combined TRACON& Tower with Radar,13,15,17,0,45,0,0,26,0,26,13,15,43,0,71,40,0,40,111
08/30/2023,MLI,IL,AGL,CE,Combined TRACON& Tower with Radar,14,15,30,0,59,0,0,32,0,32,14,15,62,0,91,102,2,104,195
08/31/2023,MLI,IL,AGL,CE,Combined TRACON& Tower with Radar,16,12,16,0,44,0,0,28,4,32,16,12,44,4,76,90,36,126,202
