01/01/2000,MLU,LA,ASW,CE,Towers with Radar,11,7,3,0,21,1,0,21,0,22,12,7,24,0,43,38,0,38,81
01/02/2000,MLU,LA,ASW,CE,Towers with Radar,11,15,25,0,51,0,0,7,0,7,11,15,32,0,58,0,0,0,58
01/03/2000,MLU,LA,ASW,CE,Towers with Radar,12,23,13,0,48,0,0,5,0,5,12,23,18,0,53,4,0,4,57
01/04/2000,MLU,LA,ASW,CE,Towers with Radar,11,27,18,5,61,1,0,19,0,20,12,27,37,5,81,0,0,0,81
01/05/2000,MLU,LA,ASW,CE,Towers with Radar,11,26,19,16,72,1,0,51,0,52,12,26,70,16,124,88,16,104,228
01/06/2000,MLU,LA,ASW,CE,Towers with Radar,12,24,31,16,83,0,1,165,1,167,12,25,196,17,250,142,6,148,398
01/07/2000,MLU,LA,ASW,CE,Towers with Radar,11,26,40,16,93,0,0,134,15,149,11,26,174,31,242,48,44,92,334
01/08/2000,MLU,LA,ASW,CE,Towers with Radar,11,12,16,2,41,1,0,19,0,20,12,12,35,2,61,0,0,0,61
01/09/2000,MLU,LA,ASW,CE,Towers with Radar,10,14,22,0,46,1,0,25,0,26,11,14,47,0,72,36,0,36,108
01/10/2000,MLU,LA,ASW,CE,Towers with Radar,11,28,34,37,110,1,0,51,0,52,12,28,85,37,162,60,52,112,274
01/11/2000,MLU,LA,ASW,CE,Towers with Radar,12,27,60,15,114,0,1,53,7,61,12,28,113,22,175,14,22,36,211
01/12/2000,MLU,LA,ASW,CE,Towers with Radar,12,25,47,15,99,0,1,27,1,29,12,26,74,16,128,4,18,22,150
01/13/2000,MLU,LA,ASW,CE,Towers with Radar,12,26,47,12,97,0,1,23,1,25,12,27,70,13,122,8,0,8,130
01/14/2000,MLU,LA,ASW,CE,Towers with Radar,12,23,50,45,130,0,3,64,6,73,12,26,114,51,203,30,40,70,273
01/15/2000,MLU,LA,ASW,CE,Towers with Radar,12,12,10,0,34,0,0,69,0,69,12,12,79,0,103,48,0,48,151
01/16/2000,MLU,LA,ASW,CE,Towers with Radar,12,14,11,0,37,0,0,26,0,26,12,14,37,0,63,36,0,36,99
01/17/2000,MLU,LA,ASW,CE,Towers with Radar,12,18,40,0,70,0,0,16,0,16,12,18,56,0,86,18,0,18,104
01/18/2000,MLU,LA,ASW,CE,Towers with Radar,12,28,57,8,105,0,0,37,13,50,12,28,94,21,155,32,10,42,197
01/19/2000,MLU,LA,ASW,CE,Towers with Radar,12,25,60,28,125,0,0,31,7,38,12,25,91,35,163,12,0,12,175
01/20/2000,MLU,LA,ASW,CE,Towers with Radar,12,27,35,7,81,0,1,67,4,72,12,28,102,11,153,60,0,60,213
01/21/2000,MLU,LA,ASW,CE,Towers with Radar,12,26,36,13,87,0,3,50,7,60,12,29,86,20,147,82,30,112,259
01/22/2000,MLU,LA,ASW,CE,Towers with Radar,10,13,14,6,43,0,0,10,4,14,10,13,24,10,57,16,14,30,87
01/23/2000,MLU,LA,ASW,CE,Towers with Radar,11,14,15,0,40,0,0,26,0,26,11,14,41,0,66,44,0,44,110
01/24/2000,MLU,LA,ASW,CE,Towers with Radar,12,24,43,25,104,0,0,18,9,27,12,24,61,34,131,34,18,52,183
01/25/2000,MLU,LA,ASW,CE,Towers with Radar,12,24,56,13,105,0,3,58,2,63,12,27,114,15,168,122,8,130,298
01/26/2000,MLU,LA,ASW,CE,Towers with Radar,13,26,68,29,136,0,0,34,0,34,13,26,102,29,170,58,0,58,228
01/27/2000,MLU,LA,ASW,CE,Towers with Radar,0,4,9,0,13,0,0,0,0,0,0,4,9,0,13,0,0,0,13
01/28/2000,MLU,LA,ASW,CE,Towers with Radar,10,16,15,0,41,0,2,0,0,2,10,18,15,0,43,0,0,0,43
01/29/2000,MLU,LA,ASW,CE,Towers with Radar,8,13,10,0,31,0,0,1,0,1,8,13,11,0,32,0,0,0,32
01/30/2000,MLU,LA,ASW,CE,Towers with Radar,8,14,9,0,31,0,2,21,2,25,8,16,30,2,56,4,0,4,60
01/31/2000,MLU,LA,ASW,CE,Towers with Radar,13,23,33,29,98,0,0,41,8,49,13,23,74,37,147,32,34,66,213
02/01/2000,MLU,LA,ASW,CE,Towers with Radar,13,25,49,27,114,0,1,40,14,55,13,26,89,41,169,30,48,78,247
02/02/2000,MLU,LA,ASW,CE,Towers with Radar,12,23,53,11,99,0,1,76,6,83,12,24,129,17,182,50,0,50,232
02/03/2000,MLU,LA,ASW,CE,Towers with Radar,12,22,33,35,102,0,0,104,15,119,12,22,137,50,221,92,42,134,355
02/04/2000,MLU,LA,ASW,CE,Towers with Radar,11,24,32,11,78,0,1,55,1,57,11,25,87,12,135,54,10,64,199
02/05/2000,MLU,LA,ASW,CE,Towers with Radar,12,12,31,1,56,0,0,57,4,61,12,12,88,5,117,98,0,98,215
02/06/2000,MLU,LA,ASW,CE,Towers with Radar,12,14,12,7,45,0,0,44,0,44,12,14,56,7,89,58,0,58,147
02/07/2000,MLU,LA,ASW,CE,Towers with Radar,12,23,51,11,97,0,0,7,3,10,12,23,58,14,107,6,14,20,127
02/08/2000,MLU,LA,ASW,CE,Towers with Radar,12,25,32,31,100,0,0,24,3,27,12,25,56,34,127,54,4,58,185
02/09/2000,MLU,LA,ASW,CE,Towers with Radar,12,23,60,5,100,0,0,32,3,35,12,23,92,8,135,22,0,22,157
02/10/2000,MLU,LA,ASW,CE,Towers with Radar,11,27,40,14,92,0,1,24,13,38,11,28,64,27,130,20,30,50,180
02/11/2000,MLU,LA,ASW,CE,Towers with Radar,12,27,41,23,103,0,0,28,9,37,12,27,69,32,140,44,42,86,226
02/12/2000,MLU,LA,ASW,CE,Towers with Radar,12,11,52,0,75,0,0,21,0,21,12,11,73,0,96,16,0,16,112
02/13/2000,MLU,LA,ASW,CE,Towers with Radar,8,15,8,1,32,0,0,7,0,7,8,15,15,1,39,0,0,0,39
02/14/2000,MLU,LA,ASW,CE,Towers with Radar,12,29,43,61,145,0,0,47,5,52,12,29,90,66,197,56,118,174,371
02/15/2000,MLU,LA,ASW,CE,Towers with Radar,11,25,50,54,140,0,3,65,6,74,11,28,115,60,214,58,98,156,370
02/16/2000,MLU,LA,ASW,CE,Towers with Radar,12,24,61,22,119,0,0,36,7,43,12,24,97,29,162,68,8,76,238
02/17/2000,MLU,LA,ASW,CE,Towers with Radar,12,22,35,17,86,0,0,17,0,17,12,22,52,17,103,46,0,46,149
02/18/2000,MLU,LA,ASW,CE,Towers with Radar,10,21,41,0,72,0,0,15,2,17,10,21,56,2,89,2,0,2,91
02/19/2000,MLU,LA,ASW,CE,Towers with Radar,12,12,26,0,50,0,0,54,0,54,12,12,80,0,104,92,0,92,196
02/20/2000,MLU,LA,ASW,CE,Towers with Radar,12,14,18,0,44,0,0,38,2,40,12,14,56,2,84,2,0,2,86
02/21/2000,MLU,LA,ASW,CE,Towers with Radar,12,22,45,0,79,0,0,76,0,76,12,22,121,0,155,14,0,14,169
02/22/2000,MLU,LA,ASW,CE,Towers with Radar,11,26,67,31,135,0,0,50,1,51,11,26,117,32,186,26,22,48,234
02/23/2000,MLU,LA,ASW,CE,Towers with Radar,12,24,68,1,105,0,0,20,7,27,12,24,88,8,132,10,10,20,152
02/24/2000,MLU,LA,ASW,CE,Towers with Radar,12,23,19,11,65,0,0,80,2,82,12,23,99,13,147,18,38,56,203
02/25/2000,MLU,LA,ASW,CE,Towers with Radar,11,26,45,36,118,0,1,16,6,23,11,27,61,42,141,50,50,100,241
02/26/2000,MLU,LA,ASW,CE,Towers with Radar,12,11,8,0,31,0,0,2,0,2,12,11,10,0,33,0,0,0,33
02/27/2000,MLU,LA,ASW,CE,Towers with Radar,8,13,30,7,58,4,0,41,0,45,12,13,71,7,103,52,0,52,155
02/28/2000,MLU,LA,ASW,CE,Towers with Radar,12,24,38,4,78,0,0,65,11,76,12,24,103,15,154,56,14,70,224
02/29/2000,MLU,LA,ASW,CE,Towers with Radar,12,28,52,26,118,0,0,40,8,48,12,28,92,34,166,30,0,30,196
03/01/2000,MLU,LA,ASW,CE,Towers with Radar,12,27,47,31,117,0,0,29,6,35,12,27,76,37,152,32,62,94,246
03/02/2000,MLU,LA,ASW,CE,Towers with Radar,9,22,33,30,94,0,0,47,0,47,9,22,80,30,141,34,34,68,209
03/03/2000,MLU,LA,ASW,CE,Towers with Radar,10,28,42,27,107,0,0,15,2,17,10,28,57,29,124,14,12,26,150
03/04/2000,MLU,LA,ASW,CE,Towers with Radar,12,10,15,0,37,0,0,21,0,21,12,10,36,0,58,12,0,12,70
03/05/2000,MLU,LA,ASW,CE,Towers with Radar,12,14,18,0,44,1,0,45,0,46,13,14,63,0,90,66,0,66,156
03/06/2000,MLU,LA,ASW,CE,Towers with Radar,12,24,27,16,79,0,0,43,15,58,12,24,70,31,137,34,32,66,203
03/07/2000,MLU,LA,ASW,CE,Towers with Radar,12,26,46,28,112,0,0,25,6,31,12,26,71,34,143,28,32,60,203
03/08/2000,MLU,LA,ASW,CE,Towers with Radar,12,26,56,17,111,0,0,32,6,38,12,26,88,23,149,32,12,44,193
03/09/2000,MLU,LA,ASW,CE,Towers with Radar,12,23,50,16,101,0,0,51,4,55,12,23,101,20,156,44,0,44,200
03/10/2000,MLU,LA,ASW,CE,Towers with Radar,8,26,38,10,82,0,0,11,4,15,8,26,49,14,97,16,8,24,121
03/11/2000,MLU,LA,ASW,CE,Towers with Radar,14,13,29,0,56,0,0,23,1,24,14,13,52,1,80,8,0,8,88
03/12/2000,MLU,LA,ASW,CE,Towers with Radar,12,14,32,0,58,0,0,60,0,60,12,14,92,0,118,40,0,40,158
03/13/2000,MLU,LA,ASW,CE,Towers with Radar,12,24,25,28,89,0,0,58,0,58,12,24,83,28,147,36,50,86,233
03/14/2000,MLU,LA,ASW,CE,Towers with Radar,12,28,44,12,96,0,0,33,3,36,12,28,77,15,132,58,10,68,200
03/15/2000,MLU,LA,ASW,CE,Towers with Radar,14,27,45,10,96,0,0,1,0,1,14,27,46,10,97,0,0,0,97
03/16/2000,MLU,LA,ASW,CE,Towers with Radar,14,27,49,26,116,0,0,6,4,10,14,27,55,30,126,4,6,10,136
03/17/2000,MLU,LA,ASW,CE,Towers with Radar,12,28,48,8,96,0,0,31,0,31,12,28,79,8,127,40,0,40,167
03/18/2000,MLU,LA,ASW,CE,Towers with Radar,12,10,30,1,53,0,0,32,1,33,12,10,62,2,86,36,0,36,122
03/19/2000,MLU,LA,ASW,CE,Towers with Radar,9,13,24,0,46,0,0,3,0,3,9,13,27,0,49,22,0,22,71
03/20/2000,MLU,LA,ASW,CE,Towers with Radar,13,27,51,40,131,0,0,56,1,57,13,27,107,41,188,32,32,64,252
03/21/2000,MLU,LA,ASW,CE,Towers with Radar,12,25,56,37,130,0,0,38,9,47,12,25,94,46,177,32,0,32,209
03/22/2000,MLU,LA,ASW,CE,Towers with Radar,12,25,64,23,124,0,0,45,0,45,12,25,109,23,169,40,22,62,231
03/23/2000,MLU,LA,ASW,CE,Towers with Radar,12,25,65,19,121,3,0,53,0,56,15,25,118,19,177,20,8,28,205
03/24/2000,MLU,LA,ASW,CE,Towers with Radar,12,28,50,0,90,0,1,36,0,37,12,29,86,0,127,36,0,36,163
03/25/2000,MLU,LA,ASW,CE,Towers with Radar,11,11,37,0,59,0,0,20,0,20,11,11,57,0,79,24,0,24,103
03/26/2000,MLU,LA,ASW,CE,Towers with Radar,12,16,24,0,52,0,0,19,0,19,12,16,43,0,71,60,0,60,131
03/27/2000,MLU,LA,ASW,CE,Towers with Radar,12,27,45,41,125,0,0,46,16,62,12,27,91,57,187,90,62,152,339
03/28/2000,MLU,LA,ASW,CE,Towers with Radar,13,24,48,27,112,0,0,36,4,40,13,24,84,31,152,52,18,70,222
03/29/2000,MLU,LA,ASW,CE,Towers with Radar,14,30,53,0,97,0,0,0,0,0,14,30,53,0,97,0,0,0,97
03/30/2000,MLU,LA,ASW,CE,Towers with Radar,12,26,57,18,113,0,1,34,0,35,12,27,91,18,148,36,4,40,188
03/31/2000,MLU,LA,ASW,CE,Towers with Radar,12,24,57,6,99,0,1,57,0,58,12,25,114,6,157,2,0,2,159
04/01/2000,MLU,LA,ASW,CE,Towers with Radar,11,11,12,0,34,1,0,38,0,39,12,11,50,0,73,26,0,26,99
04/02/2000,MLU,LA,ASW,CE,Towers with Radar,10,18,16,0,44,0,2,2,0,4,10,20,18,0,48,0,0,0,48
04/03/2000,MLU,LA,ASW,CE,Towers with Radar,11,16,34,0,61,0,0,0,0,0,11,16,34,0,61,10,0,10,71
04/04/2000,MLU,LA,ASW,CE,Towers with Radar,11,25,55,12,103,0,0,70,2,72,11,25,125,14,175,56,0,56,231
04/05/2000,MLU,LA,ASW,CE,Towers with Radar,11,26,24,13,74,0,0,61,6,67,11,26,85,19,141,24,20,44,185
04/06/2000,MLU,LA,ASW,CE,Towers with Radar,13,26,49,12,100,0,0,62,8,70,13,26,111,20,170,20,34,54,224
04/07/2000,MLU,LA,ASW,CE,Towers with Radar,10,24,30,20,84,0,0,20,4,24,10,24,50,24,108,22,4,26,134
04/08/2000,MLU,LA,ASW,CE,Towers with Radar,12,12,20,2,46,0,0,30,3,33,12,12,50,5,79,6,0,6,85
04/09/2000,MLU,LA,ASW,CE,Towers with Radar,12,13,16,0,41,0,1,61,0,62,12,14,77,0,103,10,0,10,113
04/10/2000,MLU,LA,ASW,CE,Towers with Radar,11,20,28,46,105,0,0,21,4,25,11,20,49,50,130,22,76,98,228
04/11/2000,MLU,LA,ASW,CE,Towers with Radar,11,23,51,0,85,0,0,16,0,16,11,23,67,0,101,4,0,4,105
04/12/2000,MLU,LA,ASW,CE,Towers with Radar,11,19,38,3,71,0,0,4,0,4,11,19,42,3,75,0,0,0,75
04/13/2000,MLU,LA,ASW,CE,Towers with Radar,11,18,73,15,117,0,0,0,0,0,11,18,73,15,117,2,0,2,119
04/14/2000,MLU,LA,ASW,CE,Towers with Radar,11,19,54,18,102,0,0,26,1,27,11,19,80,19,129,60,4,64,193
04/15/2000,MLU,LA,ASW,CE,Towers with Radar,12,13,38,0,63,0,0,22,0,22,12,13,60,0,85,22,0,22,107
04/16/2000,MLU,LA,ASW,CE,Towers with Radar,8,15,28,0,51,4,0,38,0,42,12,15,66,0,93,30,0,30,123
04/17/2000,MLU,LA,ASW,CE,Towers with Radar,12,22,48,15,97,0,0,68,9,77,12,22,116,24,174,66,36,102,276
04/18/2000,MLU,LA,ASW,CE,Towers with Radar,12,21,41,9,83,0,7,54,0,61,12,28,95,9,144,18,20,38,182
04/19/2000,MLU,LA,ASW,CE,Towers with Radar,12,26,53,8,99,0,0,53,0,53,12,26,106,8,152,24,36,60,212
04/20/2000,MLU,LA,ASW,CE,Towers with Radar,11,27,55,7,100,0,0,30,0,30,11,27,85,7,130,22,46,68,198
04/21/2000,MLU,LA,ASW,CE,Towers with Radar,10,17,34,8,69,1,3,41,0,45,11,20,75,8,114,12,12,24,138
04/22/2000,MLU,LA,ASW,CE,Towers with Radar,5,10,19,2,36,7,3,38,0,48,12,13,57,2,84,40,0,40,124
04/23/2000,MLU,LA,ASW,CE,Towers with Radar,7,10,11,0,28,5,3,0,0,8,12,13,11,0,36,8,0,8,44
04/24/2000,MLU,LA,ASW,CE,Towers with Radar,13,23,55,18,109,0,0,6,15,21,13,23,61,33,130,4,84,88,218
04/25/2000,MLU,LA,ASW,CE,Towers with Radar,12,24,43,14,93,0,0,46,2,48,12,24,89,16,141,20,6,26,167
04/26/2000,MLU,LA,ASW,CE,Towers with Radar,12,24,46,15,97,0,0,36,5,41,12,24,82,20,138,68,72,140,278
04/27/2000,MLU,LA,ASW,CE,Towers with Radar,12,23,49,1,85,0,0,16,0,16,12,23,65,1,101,16,18,34,135
04/28/2000,MLU,LA,ASW,CE,Towers with Radar,12,22,39,11,84,0,1,53,0,54,12,23,92,11,138,46,28,74,212
04/29/2000,MLU,LA,ASW,CE,Towers with Radar,6,10,17,0,33,6,5,38,0,49,12,15,55,0,82,22,0,22,104
04/30/2000,MLU,LA,ASW,CE,Towers with Radar,10,15,29,5,59,2,0,29,0,31,12,15,58,5,90,16,4,20,110
05/01/2000,MLU,LA,ASW,CE,Towers with Radar,12,20,47,11,90,0,0,9,0,9,12,20,56,11,99,38,74,112,211
05/02/2000,MLU,LA,ASW,CE,Towers with Radar,12,19,38,0,69,0,5,11,0,16,12,24,49,0,85,18,0,18,103
05/03/2000,MLU,LA,ASW,CE,Towers with Radar,11,22,46,0,79,0,2,1,0,3,11,24,47,0,82,14,0,14,96
05/04/2000,MLU,LA,ASW,CE,Towers with Radar,8,14,29,0,51,4,7,4,0,15,12,21,33,0,66,4,0,4,70
05/05/2000,MLU,LA,ASW,CE,Towers with Radar,12,18,37,2,69,0,5,17,0,22,12,23,54,2,91,42,0,42,133
05/06/2000,MLU,LA,ASW,CE,Towers with Radar,7,11,24,1,43,5,2,18,0,25,12,13,42,1,68,4,0,4,72
05/07/2000,MLU,LA,ASW,CE,Towers with Radar,8,13,28,0,49,3,1,20,0,24,11,14,48,0,73,56,0,56,129
05/08/2000,MLU,LA,ASW,CE,Towers with Radar,12,26,58,20,116,0,0,4,2,6,12,26,62,22,122,50,118,168,290
05/09/2000,MLU,LA,ASW,CE,Towers with Radar,12,22,45,9,88,0,1,25,0,26,12,23,70,9,114,58,70,128,242
05/10/2000,MLU,LA,ASW,CE,Towers with Radar,12,23,71,9,115,0,0,0,0,0,12,23,71,9,115,64,40,104,219
05/11/2000,MLU,LA,ASW,CE,Towers with Radar,12,26,57,10,105,0,0,43,0,43,12,26,100,10,148,56,18,74,222
05/12/2000,MLU,LA,ASW,CE,Towers with Radar,11,23,49,6,89,0,0,19,0,19,11,23,68,6,108,50,30,80,188
05/13/2000,MLU,LA,ASW,CE,Towers with Radar,6,10,21,0,37,6,4,30,0,40,12,14,51,0,77,44,0,44,121
05/14/2000,MLU,LA,ASW,CE,Towers with Radar,7,12,26,0,45,5,2,32,0,39,12,14,58,0,84,34,0,34,118
05/15/2000,MLU,LA,ASW,CE,Towers with Radar,12,21,47,13,93,0,0,43,0,43,12,21,90,13,136,106,10,116,252
05/16/2000,MLU,LA,ASW,CE,Towers with Radar,12,23,47,6,88,0,1,21,0,22,12,24,68,6,110,70,26,96,206
05/17/2000,MLU,LA,ASW,CE,Towers with Radar,12,22,45,4,83,0,7,15,0,22,12,29,60,4,105,38,58,96,201
05/18/2000,MLU,LA,ASW,CE,Towers with Radar,10,26,59,11,106,0,0,11,0,11,10,26,70,11,117,76,60,136,253
05/19/2000,MLU,LA,ASW,CE,Towers with Radar,8,15,28,0,51,3,8,17,0,28,11,23,45,0,79,54,0,54,133
05/20/2000,MLU,LA,ASW,CE,Towers with Radar,6,12,24,0,42,6,0,4,0,10,12,12,28,0,52,22,0,22,74
05/21/2000,MLU,LA,ASW,CE,Towers with Radar,8,13,27,0,48,2,0,7,0,9,10,13,34,0,57,50,0,50,107
05/22/2000,MLU,LA,ASW,CE,Towers with Radar,12,24,63,19,118,0,0,1,0,1,12,24,64,19,119,46,120,166,285
05/23/2000,MLU,LA,ASW,CE,Towers with Radar,12,25,49,5,91,0,1,41,0,42,12,26,90,5,133,22,56,78,211
05/24/2000,MLU,LA,ASW,CE,Towers with Radar,12,24,57,14,107,0,0,18,0,18,12,24,75,14,125,38,126,164,289
05/25/2000,MLU,LA,ASW,CE,Towers with Radar,10,26,52,4,92,0,0,26,0,26,10,26,78,4,118,20,68,88,206
05/26/2000,MLU,LA,ASW,CE,Towers with Radar,12,24,46,2,84,0,0,48,0,48,12,24,94,2,132,46,0,46,178
05/27/2000,MLU,LA,ASW,CE,Towers with Radar,5,11,20,0,36,7,3,18,0,28,12,14,38,0,64,44,0,44,108
05/28/2000,MLU,LA,ASW,CE,Towers with Radar,7,12,26,0,45,5,0,20,0,25,12,12,46,0,70,46,0,46,116
05/29/2000,MLU,LA,ASW,CE,Towers with Radar,6,13,24,0,43,6,0,47,0,53,12,13,71,0,96,48,0,48,144
05/30/2000,MLU,LA,ASW,CE,Towers with Radar,12,20,52,11,95,0,0,39,0,39,12,20,91,11,134,40,54,94,228
05/31/2000,MLU,LA,ASW,CE,Towers with Radar,12,26,54,7,99,0,0,73,0,73,12,26,127,7,172,46,42,88,260
06/01/2000,MLU,LA,ASW,CE,Towers with Radar,12,25,14,0,51,0,1,0,0,1,12,26,14,0,52,60,74,134,186
06/02/2000,MLU,LA,ASW,CE,Towers with Radar,11,26,45,14,96,0,3,30,0,33,11,29,75,14,129,80,94,174,303
06/03/2000,MLU,LA,ASW,CE,Towers with Radar,6,11,20,0,37,6,3,23,0,32,12,14,43,0,69,44,0,44,113
06/04/2000,MLU,LA,ASW,CE,Towers with Radar,8,14,18,0,40,4,1,0,0,5,12,15,18,0,45,16,0,16,61
06/05/2000,MLU,LA,ASW,CE,Towers with Radar,11,26,45,2,84,0,1,2,0,3,11,27,47,2,87,38,46,84,171
06/06/2000,MLU,LA,ASW,CE,Towers with Radar,12,24,42,5,83,0,4,71,0,75,12,28,113,5,158,102,32,134,292
06/07/2000,MLU,LA,ASW,CE,Towers with Radar,12,28,48,3,91,0,2,31,0,33,12,30,79,3,124,70,50,120,244
06/08/2000,MLU,LA,ASW,CE,Towers with Radar,12,27,51,18,108,0,0,23,3,26,12,27,74,21,134,60,150,210,344
06/09/2000,MLU,LA,ASW,CE,Towers with Radar,11,21,41,14,87,0,0,19,0,19,11,21,60,14,106,80,16,96,202
06/10/2000,MLU,LA,ASW,CE,Towers with Radar,6,12,21,1,40,4,2,26,0,32,10,14,47,1,72,26,8,34,106
06/11/2000,MLU,LA,ASW,CE,Towers with Radar,9,15,27,0,51,2,0,21,0,23,11,15,48,0,74,22,0,22,96
06/12/2000,MLU,LA,ASW,CE,Towers with Radar,11,21,40,5,77,0,0,36,0,36,11,21,76,5,113,90,44,134,247
06/13/2000,MLU,LA,ASW,CE,Towers with Radar,12,25,49,13,99,0,0,13,0,13,12,25,62,13,112,56,90,146,258
06/14/2000,MLU,LA,ASW,CE,Towers with Radar,10,24,44,0,78,0,0,28,0,28,10,24,72,0,106,66,0,66,172
06/15/2000,MLU,LA,ASW,CE,Towers with Radar,12,26,47,4,89,0,0,16,0,16,12,26,63,4,105,36,18,54,159
06/16/2000,MLU,LA,ASW,CE,Towers with Radar,11,26,43,3,83,0,0,17,0,17,11,26,60,3,100,34,6,40,140
06/17/2000,MLU,LA,ASW,CE,Towers with Radar,6,14,16,0,36,4,3,0,0,7,10,17,16,0,43,43,10,53,96
06/18/2000,MLU,LA,ASW,CE,Towers with Radar,7,14,24,0,45,5,0,0,0,5,12,14,24,0,50,38,0,38,88
06/19/2000,MLU,LA,ASW,CE,Towers with Radar,9,21,34,1,65,5,6,7,0,18,14,27,41,1,83,48,44,92,175
06/20/2000,MLU,LA,ASW,CE,Towers with Radar,11,26,42,5,84,0,2,40,0,42,11,28,82,5,126,20,44,64,190
06/21/2000,MLU,LA,ASW,CE,Towers with Radar,11,24,45,5,85,0,0,13,0,13,11,24,58,5,98,74,12,86,184
06/22/2000,MLU,LA,ASW,CE,Towers with Radar,12,26,58,4,100,0,0,37,0,37,12,26,95,4,137,112,78,190,327
06/23/2000,MLU,LA,ASW,CE,Towers with Radar,10,22,36,2,70,1,2,35,0,38,11,24,71,2,108,52,0,52,160
06/24/2000,MLU,LA,ASW,CE,Towers with Radar,6,14,22,0,42,4,2,32,0,38,10,16,54,0,80,84,0,84,164
06/25/2000,MLU,LA,ASW,CE,Towers with Radar,8,17,27,2,54,1,2,41,0,44,9,19,68,2,98,74,2,76,174
06/26/2000,MLU,LA,ASW,CE,Towers with Radar,10,22,35,8,75,0,0,15,0,15,10,22,50,8,90,96,30,126,216
06/27/2000,MLU,LA,ASW,CE,Towers with Radar,11,27,48,7,93,0,0,21,0,21,11,27,69,7,114,34,130,164,278
06/28/2000,MLU,LA,ASW,CE,Towers with Radar,10,28,54,17,109,0,0,19,0,19,10,28,73,17,128,48,86,134,262
06/29/2000,MLU,LA,ASW,CE,Towers with Radar,11,29,55,18,113,0,0,4,0,4,11,29,59,18,117,48,18,66,183
06/30/2000,MLU,LA,ASW,CE,Towers with Radar,12,26,45,9,92,0,0,42,0,42,12,26,87,9,134,80,26,106,240
07/01/2000,MLU,LA,ASW,CE,Towers with Radar,10,15,27,0,52,0,2,26,0,28,10,17,53,0,80,6,0,6,86
07/02/2000,MLU,LA,ASW,CE,Towers with Radar,8,11,20,0,39,1,3,12,0,16,9,14,32,0,55,30,0,30,85
07/03/2000,MLU,LA,ASW,CE,Towers with Radar,10,16,32,0,58,1,0,37,0,38,11,16,69,0,96,98,0,98,194
07/04/2000,MLU,LA,ASW,CE,Towers with Radar,7,12,21,0,40,1,2,26,0,29,8,14,47,0,69,44,0,44,113
07/05/2000,MLU,LA,ASW,CE,Towers with Radar,10,27,46,2,85,0,0,20,0,20,10,27,66,2,105,96,6,102,207
07/06/2000,MLU,LA,ASW,CE,Towers with Radar,11,24,41,8,84,0,2,48,0,50,11,26,89,8,134,66,16,82,216
07/07/2000,MLU,LA,ASW,CE,Towers with Radar,12,21,37,17,87,0,14,26,1,41,12,35,63,18,128,12,130,142,270
07/08/2000,MLU,LA,ASW,CE,Towers with Radar,7,13,23,10,53,5,0,27,0,32,12,13,50,10,85,28,2,30,115
07/09/2000,MLU,LA,ASW,CE,Towers with Radar,8,15,26,2,51,3,0,38,0,41,11,15,64,2,92,24,0,24,116
07/10/2000,MLU,LA,ASW,CE,Towers with Radar,12,24,41,11,88,0,0,16,0,16,12,24,57,11,104,30,66,96,200
07/11/2000,MLU,LA,ASW,CE,Towers with Radar,11,29,49,17,106,0,3,19,0,22,11,32,68,17,128,86,140,226,354
07/12/2000,MLU,LA,ASW,CE,Towers with Radar,12,27,49,16,104,0,0,26,0,26,12,27,75,16,130,40,48,88,218
07/13/2000,MLU,LA,ASW,CE,Towers with Radar,11,27,46,19,103,0,2,30,0,32,11,29,76,19,135,104,30,134,269
07/14/2000,MLU,LA,ASW,CE,Towers with Radar,13,26,42,13,94,0,2,31,0,33,13,28,73,13,127,56,38,94,221
07/15/2000,MLU,LA,ASW,CE,Towers with Radar,8,14,22,0,44,3,0,38,0,41,11,14,60,0,85,18,0,18,103
07/16/2000,MLU,LA,ASW,CE,Towers with Radar,8,13,26,3,50,3,0,27,0,30,11,13,53,3,80,28,6,34,114
07/17/2000,MLU,LA,ASW,CE,Towers with Radar,11,23,41,12,87,0,0,25,0,25,11,23,66,12,112,56,50,106,218
07/18/2000,MLU,LA,ASW,CE,Towers with Radar,11,21,36,10,78,1,0,35,0,36,12,21,71,10,114,38,16,54,168
07/19/2000,MLU,LA,ASW,CE,Towers with Radar,12,22,45,22,101,0,0,41,1,42,12,22,86,23,143,60,130,190,333
07/20/2000,MLU,LA,ASW,CE,Towers with Radar,10,26,44,21,101,0,0,51,0,51,10,26,95,21,152,70,18,88,240
07/21/2000,MLU,LA,ASW,CE,Towers with Radar,11,27,46,8,92,0,0,56,0,56,11,27,102,8,148,56,14,70,218
07/22/2000,MLU,LA,ASW,CE,Towers with Radar,8,13,25,0,46,4,0,29,0,33,12,13,54,0,79,42,0,42,121
07/23/2000,MLU,LA,ASW,CE,Towers with Radar,8,16,27,0,51,3,0,11,0,14,11,16,38,0,65,20,0,20,85
07/24/2000,MLU,LA,ASW,CE,Towers with Radar,12,24,39,6,81,0,1,22,0,23,12,25,61,6,104,86,74,160,264
07/25/2000,MLU,LA,ASW,CE,Towers with Radar,12,26,48,12,98,0,0,39,0,39,12,26,87,12,137,32,96,128,265
07/26/2000,MLU,LA,ASW,CE,Towers with Radar,11,24,39,19,93,0,1,29,0,30,11,25,68,19,123,34,70,104,227
07/27/2000,MLU,LA,ASW,CE,Towers with Radar,11,27,43,10,91,0,1,47,0,48,11,28,90,10,139,48,94,142,281
07/28/2000,MLU,LA,ASW,CE,Towers with Radar,10,21,37,0,68,0,0,42,0,42,10,21,79,0,110,74,6,80,190
07/29/2000,MLU,LA,ASW,CE,Towers with Radar,6,13,20,3,42,7,0,8,0,15,13,13,28,3,57,40,0,40,97
07/30/2000,MLU,LA,ASW,CE,Towers with Radar,6,13,21,2,42,5,4,3,0,12,11,17,24,2,54,0,0,0,54
07/31/2000,MLU,LA,ASW,CE,Towers with Radar,11,22,36,7,76,0,2,22,0,24,11,24,58,7,100,56,148,204,304
08/01/2000,MLU,LA,ASW,CE,Towers with Radar,12,24,50,9,95,0,0,20,0,20,12,24,70,9,115,74,118,192,307
08/02/2000,MLU,LA,ASW,CE,Towers with Radar,11,32,50,19,112,0,0,31,0,31,11,32,81,19,143,22,32,54,197
08/03/2000,MLU,LA,ASW,CE,Towers with Radar,11,27,50,30,118,1,0,0,0,1,12,27,50,30,119,58,13,71,190
08/04/2000,MLU,LA,ASW,CE,Towers with Radar,10,23,22,18,73,1,0,53,0,54,11,23,75,18,127,60,50,110,237
08/05/2000,MLU,LA,ASW,CE,Towers with Radar,10,14,28,0,52,1,1,41,0,43,11,15,69,0,95,46,0,46,141
08/06/2000,MLU,LA,ASW,CE,Towers with Radar,10,16,19,2,47,1,0,37,1,39,11,16,56,3,86,40,6,46,132
08/07/2000,MLU,LA,ASW,CE,Towers with Radar,11,23,37,7,78,1,1,28,0,30,12,24,65,7,108,72,60,132,240
08/08/2000,MLU,LA,ASW,CE,Towers with Radar,11,21,45,16,93,1,1,31,0,33,12,22,76,16,126,60,48,108,234
08/09/2000,MLU,LA,ASW,CE,Towers with Radar,10,23,45,6,84,1,0,16,0,17,11,23,61,6,101,36,140,176,277
08/10/2000,MLU,LA,ASW,CE,Towers with Radar,11,23,35,9,78,0,0,31,0,31,11,23,66,9,109,32,52,84,193
08/11/2000,MLU,LA,ASW,CE,Towers with Radar,12,20,38,5,75,0,0,57,0,57,12,20,95,5,132,72,22,94,226
08/12/2000,MLU,LA,ASW,CE,Towers with Radar,12,14,20,1,47,0,1,33,1,35,12,15,53,2,82,22,0,22,104
08/13/2000,MLU,LA,ASW,CE,Towers with Radar,11,14,21,0,46,0,0,23,0,23,11,14,44,0,69,42,0,42,111
08/14/2000,MLU,LA,ASW,CE,Towers with Radar,12,20,40,11,83,0,0,41,0,41,12,20,81,11,124,68,36,104,228
08/15/2000,MLU,LA,ASW,CE,Towers with Radar,12,27,44,6,89,0,0,43,0,43,12,27,87,6,132,44,8,52,184
08/16/2000,MLU,LA,ASW,CE,Towers with Radar,12,23,82,9,126,0,0,25,0,25,12,23,107,9,151,78,38,116,267
08/17/2000,MLU,LA,ASW,CE,Towers with Radar,12,24,49,3,88,0,1,45,1,47,12,25,94,4,135,62,0,62,197
08/18/2000,MLU,LA,ASW,CE,Towers with Radar,12,26,38,2,78,0,0,37,0,37,12,26,75,2,115,30,16,46,161
08/19/2000,MLU,LA,ASW,CE,Towers with Radar,12,13,24,0,49,0,0,25,0,25,12,13,49,0,74,38,0,38,112
08/20/2000,MLU,LA,ASW,CE,Towers with Radar,12,17,17,0,46,0,1,22,0,23,12,18,39,0,69,24,2,26,95
08/21/2000,MLU,LA,ASW,CE,Towers with Radar,12,22,32,15,81,0,2,19,0,21,12,24,51,15,102,42,70,112,214
08/22/2000,MLU,LA,ASW,CE,Towers with Radar,12,25,28,10,75,0,0,36,0,36,12,25,64,10,111,62,66,128,239
08/23/2000,MLU,LA,ASW,CE,Towers with Radar,12,24,42,24,102,0,0,37,0,37,12,24,79,24,139,72,96,168,307
08/24/2000,MLU,LA,ASW,CE,Towers with Radar,7,25,30,12,74,0,0,27,0,27,7,25,57,12,101,60,72,132,233
08/25/2000,MLU,LA,ASW,CE,Towers with Radar,12,25,34,5,76,0,0,43,0,43,12,25,77,5,119,44,50,94,213
08/26/2000,MLU,LA,ASW,CE,Towers with Radar,12,13,11,3,39,0,13,29,6,48,12,26,40,9,87,8,62,70,157
08/27/2000,MLU,LA,ASW,CE,Towers with Radar,12,17,24,0,53,0,0,17,0,17,12,17,41,0,70,22,0,22,92
08/28/2000,MLU,LA,ASW,CE,Towers with Radar,12,12,19,2,45,0,0,12,0,12,12,12,31,2,57,26,0,26,83
08/29/2000,MLU,LA,ASW,CE,Towers with Radar,12,29,50,16,107,0,0,39,0,39,12,29,89,16,146,32,28,60,206
08/30/2000,MLU,LA,ASW,CE,Towers with Radar,12,21,43,19,95,0,1,56,0,57,12,22,99,19,152,20,78,98,250
08/31/2000,MLU,LA,ASW,CE,Towers with Radar,12,27,24,8,71,0,0,41,0,41,12,27,65,8,112,20,24,44,156
09/01/2000,MLU,LA,ASW,CE,Towers with Radar,14,26,39,8,87,1,0,25,0,26,15,26,64,8,113,8,24,32,145
09/02/2000,MLU,LA,ASW,CE,Towers with Radar,11,13,18,0,42,1,1,23,1,26,12,14,41,1,68,32,0,32,100
09/03/2000,MLU,LA,ASW,CE,Towers with Radar,5,10,6,0,21,0,1,24,2,27,5,11,30,2,48,0,0,0,48
09/04/2000,MLU,LA,ASW,CE,Towers with Radar,10,13,21,0,44,0,0,52,3,55,10,13,73,3,99,12,0,12,111
09/05/2000,MLU,LA,ASW,CE,Towers with Radar,12,26,19,5,62,0,0,28,0,28,12,26,47,5,90,12,16,28,118
09/06/2000,MLU,LA,ASW,CE,Towers with Radar,11,25,34,22,92,0,0,29,0,29,11,25,63,22,121,14,62,76,197
09/07/2000,MLU,LA,ASW,CE,Towers with Radar,13,27,53,6,99,0,0,25,0,25,13,27,78,6,124,80,54,134,258
09/08/2000,MLU,LA,ASW,CE,Towers with Radar,13,27,39,12,91,0,4,0,0,4,13,31,39,12,95,24,30,54,149
09/09/2000,MLU,LA,ASW,CE,Towers with Radar,13,13,9,0,35,0,0,1,0,1,13,13,10,0,36,4,0,4,40
09/10/2000,MLU,LA,ASW,CE,Towers with Radar,11,16,16,0,43,0,0,6,0,6,11,16,22,0,49,20,0,20,69
09/11/2000,MLU,LA,ASW,CE,Towers with Radar,9,22,38,3,72,0,0,14,0,14,9,22,52,3,86,50,6,56,142
09/12/2000,MLU,LA,ASW,CE,Towers with Radar,12,26,41,4,83,0,0,11,0,11,12,26,52,4,94,20,50,70,164
09/13/2000,MLU,LA,ASW,CE,Towers with Radar,12,27,77,10,126,0,0,3,0,3,12,27,80,10,129,54,58,112,241
09/14/2000,MLU,LA,ASW,CE,Towers with Radar,12,25,44,2,83,0,1,54,0,55,12,26,98,2,138,80,10,90,228
09/15/2000,MLU,LA,ASW,CE,Towers with Radar,11,22,25,6,64,0,3,60,0,63,11,25,85,6,127,110,12,122,249
09/16/2000,MLU,LA,ASW,CE,Towers with Radar,12,15,23,1,51,0,0,38,3,41,12,15,61,4,92,28,2,30,122
09/17/2000,MLU,LA,ASW,CE,Towers with Radar,12,14,10,0,36,0,0,58,0,58,12,14,68,0,94,24,0,24,118
09/18/2000,MLU,LA,ASW,CE,Towers with Radar,14,21,30,3,68,0,2,42,0,44,14,23,72,3,112,28,18,46,158
09/19/2000,MLU,LA,ASW,CE,Towers with Radar,12,26,33,8,79,0,0,38,0,38,12,26,71,8,117,26,60,86,203
09/20/2000,MLU,LA,ASW,CE,Towers with Radar,12,26,49,23,110,0,0,16,0,16,12,26,65,23,126,24,130,154,280
09/21/2000,MLU,LA,ASW,CE,Towers with Radar,12,25,33,13,83,0,4,34,0,38,12,29,67,13,121,44,40,84,205
09/22/2000,MLU,LA,ASW,CE,Towers with Radar,13,28,37,6,84,0,0,0,0,0,13,28,37,6,84,14,28,42,126
09/23/2000,MLU,LA,ASW,CE,Towers with Radar,12,35,21,0,68,0,0,10,1,11,12,35,31,1,79,42,0,42,121
09/24/2000,MLU,LA,ASW,CE,Towers with Radar,12,16,25,0,53,0,0,0,0,0,12,16,25,0,53,26,0,26,79
09/25/2000,MLU,LA,ASW,CE,Towers with Radar,12,25,43,9,89,0,0,0,0,0,12,25,43,9,89,54,90,144,233
09/26/2000,MLU,LA,ASW,CE,Towers with Radar,12,28,40,9,89,0,0,50,0,50,12,28,90,9,139,144,28,172,311
09/27/2000,MLU,LA,ASW,CE,Towers with Radar,12,28,45,8,93,0,0,52,0,52,12,28,97,8,145,68,56,124,269
09/28/2000,MLU,LA,ASW,CE,Towers with Radar,12,27,44,0,83,0,0,56,0,56,12,27,100,0,139,96,18,114,253
09/29/2000,MLU,LA,ASW,CE,Towers with Radar,12,23,55,2,92,0,0,47,0,47,12,23,102,2,139,80,16,96,235
09/30/2000,MLU,LA,ASW,CE,Towers with Radar,12,12,14,0,38,0,2,41,0,43,12,14,55,0,81,54,0,54,135
10/01/2000,MLU,LA,ASW,CE,Towers with Radar,11,16,22,0,49,1,0,34,0,35,12,16,56,0,84,8,0,8,92
10/02/2000,MLU,LA,ASW,CE,Towers with Radar,11,24,27,22,84,1,0,26,0,27,12,24,53,22,111,32,104,136,247
10/03/2000,MLU,LA,ASW,CE,Towers with Radar,11,29,41,11,92,1,0,23,0,24,12,29,64,11,116,106,50,156,272
10/04/2000,MLU,LA,ASW,CE,Towers with Radar,9,28,53,17,107,1,0,44,0,45,10,28,97,17,152,100,72,172,324
10/05/2000,MLU,LA,ASW,CE,Towers with Radar,15,26,47,14,102,0,0,7,0,7,15,26,54,14,109,16,44,60,169
10/06/2000,MLU,LA,ASW,CE,Towers with Radar,16,24,27,2,69,0,0,0,0,0,16,24,27,2,69,14,2,16,85
10/07/2000,MLU,LA,ASW,CE,Towers with Radar,12,14,29,2,57,0,0,7,0,7,12,14,36,2,64,32,10,42,106
10/08/2000,MLU,LA,ASW,CE,Towers with Radar,13,16,17,0,46,0,1,22,0,23,13,17,39,0,69,0,0,0,69
10/09/2000,MLU,LA,ASW,CE,Towers with Radar,12,16,27,2,57,0,0,40,0,40,12,16,67,2,97,80,8,88,185
10/10/2000,MLU,LA,ASW,CE,Towers with Radar,12,31,35,15,93,0,0,44,0,44,12,31,79,15,137,68,52,120,257
10/11/2000,MLU,LA,ASW,CE,Towers with Radar,12,32,24,5,73,0,0,38,0,38,12,32,62,5,111,28,20,48,159
10/12/2000,MLU,LA,ASW,CE,Towers with Radar,13,27,49,10,99,0,1,44,0,45,13,28,93,10,144,36,24,60,204
10/13/2000,MLU,LA,ASW,CE,Towers with Radar,12,31,39,14,96,1,4,43,0,48,13,35,82,14,144,20,122,142,286
10/14/2000,MLU,LA,ASW,CE,Towers with Radar,12,14,26,0,52,0,0,27,0,27,12,14,53,0,79,26,0,26,105
10/15/2000,MLU,LA,ASW,CE,Towers with Radar,11,16,34,2,63,0,0,20,0,20,11,16,54,2,83,38,10,48,131
10/16/2000,MLU,LA,ASW,CE,Towers with Radar,12,23,35,4,74,0,0,17,0,17,12,23,52,4,91,38,8,46,137
10/17/2000,MLU,LA,ASW,CE,Towers with Radar,11,28,52,12,103,0,0,26,0,26,11,28,78,12,129,56,78,134,263
10/18/2000,MLU,LA,ASW,CE,Towers with Radar,12,26,53,9,100,0,0,61,0,61,12,26,114,9,161,58,120,178,339
10/19/2000,MLU,LA,ASW,CE,Towers with Radar,12,29,47,6,94,0,0,57,0,57,12,29,104,6,151,110,16,126,277
10/20/2000,MLU,LA,ASW,CE,Towers with Radar,13,25,25,2,65,0,1,56,0,57,13,26,81,2,122,102,18,120,242
10/21/2000,MLU,LA,ASW,CE,Towers with Radar,14,14,21,2,51,0,0,41,0,41,14,14,62,2,92,36,10,46,138
10/22/2000,MLU,LA,ASW,CE,Towers with Radar,11,12,29,0,52,1,3,26,0,30,12,15,55,0,82,0,4,4,86
10/23/2000,MLU,LA,ASW,CE,Towers with Radar,12,24,26,8,70,0,0,34,0,34,12,24,60,8,104,36,58,94,198
10/24/2000,MLU,LA,ASW,CE,Towers with Radar,10,27,42,6,85,0,2,30,0,32,10,29,72,6,117,94,72,166,283
10/25/2000,MLU,LA,ASW,CE,Towers with Radar,12,27,39,16,94,0,0,59,0,59,12,27,98,16,153,52,90,142,295
10/26/2000,MLU,LA,ASW,CE,Towers with Radar,12,32,48,10,102,0,0,16,0,16,12,32,64,10,118,62,44,106,224
10/27/2000,MLU,LA,ASW,CE,Towers with Radar,12,28,34,5,79,0,1,35,0,36,12,29,69,5,115,52,36,88,203
10/28/2000,MLU,LA,ASW,CE,Towers with Radar,12,14,21,0,47,0,0,16,0,16,12,14,37,0,63,46,0,46,109
10/29/2000,MLU,LA,ASW,CE,Towers with Radar,10,15,17,0,42,0,0,26,0,26,10,15,43,0,68,10,0,10,78
10/30/2000,MLU,LA,ASW,CE,Towers with Radar,12,23,43,5,83,0,0,18,0,18,12,23,61,5,101,50,0,50,151
10/31/2000,MLU,LA,ASW,CE,Towers with Radar,12,32,58,3,105,0,0,10,2,12,12,32,68,5,117,84,4,88,205
11/01/2000,MLU,LA,ASW,CE,Towers with Radar,12,26,64,4,106,0,0,4,0,4,12,26,68,4,110,42,8,50,160
11/02/2000,MLU,LA,ASW,CE,Towers with Radar,9,26,30,0,65,0,0,0,0,0,9,26,30,0,65,16,0,16,81
11/03/2000,MLU,LA,ASW,CE,Towers with Radar,9,24,37,2,72,0,0,0,0,0,9,24,37,2,72,10,0,10,82
11/04/2000,MLU,LA,ASW,CE,Towers with Radar,13,14,17,0,44,0,0,1,0,1,13,14,18,0,45,4,0,4,49
11/05/2000,MLU,LA,ASW,CE,Towers with Radar,9,15,13,0,37,0,0,0,0,0,9,15,13,0,37,4,0,4,41
11/06/2000,MLU,LA,ASW,CE,Towers with Radar,10,22,37,7,76,0,0,6,0,6,10,22,43,7,82,36,34,70,152
11/07/2000,MLU,LA,ASW,CE,Towers with Radar,11,24,40,6,81,0,0,42,0,42,11,24,82,6,123,50,20,70,193
11/08/2000,MLU,LA,ASW,CE,Towers with Radar,11,24,27,0,62,0,0,0,0,0,11,24,27,0,62,2,0,2,64
11/09/2000,MLU,LA,ASW,CE,Towers with Radar,11,25,64,11,111,0,0,7,0,7,11,25,71,11,118,42,44,86,204
11/10/2000,MLU,LA,ASW,CE,Towers with Radar,11,29,57,0,97,0,0,9,0,9,11,29,66,0,106,52,0,52,158
11/11/2000,MLU,LA,ASW,CE,Towers with Radar,11,12,27,2,52,0,2,11,0,13,11,14,38,2,65,20,2,22,87
11/12/2000,MLU,LA,ASW,CE,Towers with Radar,12,15,16,0,43,0,0,31,0,31,12,15,47,0,74,24,16,40,114
11/13/2000,MLU,LA,ASW,CE,Towers with Radar,12,23,33,6,74,0,0,14,0,14,12,23,47,6,88,22,36,58,146
11/14/2000,MLU,LA,ASW,CE,Towers with Radar,12,25,54,2,93,0,0,33,0,33,12,25,87,2,126,48,0,48,174
11/15/2000,MLU,LA,ASW,CE,Towers with Radar,12,27,63,10,112,0,0,6,0,6,12,27,69,10,118,76,60,136,254
11/16/2000,MLU,LA,ASW,CE,Towers with Radar,9,26,56,0,91,0,0,0,0,0,9,26,56,0,91,18,8,26,117
11/17/2000,MLU,LA,ASW,CE,Towers with Radar,10,23,35,6,74,0,0,34,0,34,10,23,69,6,108,94,44,138,246
11/18/2000,MLU,LA,ASW,CE,Towers with Radar,9,15,8,0,32,0,0,5,0,5,9,15,13,0,37,0,0,0,37
11/19/2000,MLU,LA,ASW,CE,Towers with Radar,12,13,19,0,44,0,2,14,0,16,12,15,33,0,60,10,0,10,70
11/20/2000,MLU,LA,ASW,CE,Towers with Radar,12,23,19,7,61,0,0,50,0,50,12,23,69,7,111,30,40,70,181
11/21/2000,MLU,LA,ASW,CE,Towers with Radar,12,27,30,0,69,0,0,51,0,51,12,27,81,0,120,40,8,48,168
11/22/2000,MLU,LA,ASW,CE,Towers with Radar,11,27,31,3,72,0,0,56,0,56,11,27,87,3,128,26,54,80,208
11/23/2000,MLU,LA,ASW,CE,Towers with Radar,11,12,8,0,31,0,0,2,0,2,11,12,10,0,33,0,0,0,33
11/24/2000,MLU,LA,ASW,CE,Towers with Radar,7,14,16,0,37,0,0,0,0,0,7,14,16,0,37,10,0,10,47
11/25/2000,MLU,LA,ASW,CE,Towers with Radar,12,13,22,0,47,0,0,8,0,8,12,13,30,0,55,18,0,18,73
11/26/2000,MLU,LA,ASW,CE,Towers with Radar,12,16,18,0,46,0,0,35,0,35,12,16,53,0,81,13,0,13,94
11/27/2000,MLU,LA,ASW,CE,Towers with Radar,11,23,25,11,70,0,0,32,0,32,11,23,57,11,102,58,46,104,206
11/28/2000,MLU,LA,ASW,CE,Towers with Radar,12,30,29,5,76,0,0,42,0,42,12,30,71,5,118,34,84,118,236
11/29/2000,MLU,LA,ASW,CE,Towers with Radar,11,29,49,5,94,0,0,12,0,12,11,29,61,5,106,34,18,52,158
11/30/2000,MLU,LA,ASW,CE,Towers with Radar,11,28,36,3,78,0,0,55,0,55,11,28,91,3,133,44,42,86,219
12/01/2000,MLU,LA,ASW,CE,Towers with Radar,10,29,40,4,83,1,0,12,2,15,11,29,52,6,98,12,4,16,114
12/02/2000,MLU,LA,ASW,CE,Towers with Radar,8,13,26,0,47,1,0,0,0,1,9,13,26,0,48,42,0,42,90
12/03/2000,MLU,LA,ASW,CE,Towers with Radar,11,14,16,0,41,0,0,21,4,25,11,14,37,4,66,32,0,32,98
12/04/2000,MLU,LA,ASW,CE,Towers with Radar,13,23,37,7,80,0,0,12,0,12,13,23,49,7,92,42,10,52,144
12/05/2000,MLU,LA,ASW,CE,Towers with Radar,11,27,46,9,93,0,0,33,0,33,11,27,79,9,126,94,48,142,268
12/06/2000,MLU,LA,ASW,CE,Towers with Radar,10,27,38,3,78,0,0,10,0,10,10,27,48,3,88,16,30,46,134
12/07/2000,MLU,LA,ASW,CE,Towers with Radar,12,26,31,9,78,0,0,29,1,30,12,26,60,10,108,46,42,88,196
12/08/2000,MLU,LA,ASW,CE,Towers with Radar,11,35,32,5,83,0,0,28,0,28,11,35,60,5,111,66,12,78,189
12/09/2000,MLU,LA,ASW,CE,Towers with Radar,10,17,25,0,52,1,0,30,0,31,11,17,55,0,83,24,0,24,107
12/10/2000,MLU,LA,ASW,CE,Towers with Radar,12,14,25,2,53,0,0,24,3,27,12,14,49,5,80,20,28,48,128
12/11/2000,MLU,LA,ASW,CE,Towers with Radar,11,24,29,0,64,0,0,7,0,7,11,24,36,0,71,8,22,30,101
12/12/2000,MLU,LA,ASW,CE,Towers with Radar,9,24,43,10,86,0,0,16,0,16,9,24,59,10,102,38,22,60,162
12/13/2000,MLU,LA,ASW,CE,Towers with Radar,0,20,13,0,33,0,0,0,0,0,0,20,13,0,33,0,0,0,33
12/14/2000,MLU,LA,ASW,CE,Towers with Radar,11,21,35,26,93,0,0,20,0,20,11,21,55,26,113,34,126,160,273
12/15/2000,MLU,LA,ASW,CE,Towers with Radar,9,23,15,1,48,0,0,0,1,1,9,23,15,2,49,6,0,6,55
12/16/2000,MLU,LA,ASW,CE,Towers with Radar,8,11,11,0,30,0,0,3,0,3,8,11,14,0,33,0,0,0,33
12/17/2000,MLU,LA,ASW,CE,Towers with Radar,11,16,21,3,51,0,0,34,3,37,11,16,55,6,88,66,28,94,182
12/18/2000,MLU,LA,ASW,CE,Towers with Radar,11,25,26,0,62,0,0,18,0,18,11,25,44,0,80,16,0,16,96
12/19/2000,MLU,LA,ASW,CE,Towers with Radar,10,26,30,7,73,0,1,29,1,31,10,27,59,8,104,18,34,52,156
12/20/2000,MLU,LA,ASW,CE,Towers with Radar,11,27,35,5,78,0,0,60,0,60,11,27,95,5,138,74,26,100,238
12/21/2000,MLU,LA,ASW,CE,Towers with Radar,10,24,30,5,69,0,0,25,0,25,10,24,55,5,94,32,42,74,168
12/22/2000,MLU,LA,ASW,CE,Towers with Radar,9,20,23,2,54,2,3,40,0,45,11,23,63,2,99,38,0,38,137
12/23/2000,MLU,LA,ASW,CE,Towers with Radar,9,15,22,0,46,1,0,17,0,18,10,15,39,0,64,22,0,22,86
12/24/2000,MLU,LA,ASW,CE,Towers with Radar,5,11,9,0,25,3,1,0,0,4,8,12,9,0,29,0,0,0,29
12/25/2000,MLU,LA,ASW,CE,Towers with Radar,3,5,4,0,12,1,0,0,0,1,4,5,4,0,13,0,0,0,13
12/26/2000,MLU,LA,ASW,CE,Towers with Radar,7,18,19,0,44,0,3,0,0,3,7,21,19,0,47,12,0,12,59
12/27/2000,MLU,LA,ASW,CE,Towers with Radar,7,16,12,0,35,2,14,0,0,16,9,30,12,0,51,0,0,0,51
12/28/2000,MLU,LA,ASW,CE,Towers with Radar,9,19,20,0,48,3,6,0,0,9,12,25,20,0,57,0,0,0,57
12/29/2000,MLU,LA,ASW,CE,Towers with Radar,9,21,24,0,54,0,0,19,0,19,9,21,43,0,73,16,0,16,89
12/30/2000,MLU,LA,ASW,CE,Towers with Radar,6,14,15,0,35,2,1,22,0,25,8,15,37,0,60,6,0,6,66
12/31/2000,MLU,LA,ASW,CE,Towers with Radar,4,9,10,0,23,2,2,8,0,12,6,11,18,0,35,0,0,0,35
01/01/2001,MLU,LA,ASW,CE,Towers with Radar,4,12,11,0,27,1,0,8,0,9,5,12,19,0,36,4,0,4,40
01/02/2001,MLU,LA,ASW,CE,Towers with Radar,11,19,16,1,47,0,2,22,1,25,11,21,38,2,72,6,0,6,78
01/03/2001,MLU,LA,ASW,CE,Towers with Radar,11,27,24,5,67,0,0,25,0,25,11,27,49,5,92,2,34,36,128
01/04/2001,MLU,LA,ASW,CE,Towers with Radar,11,30,44,15,100,0,0,30,0,30,11,30,74,15,130,28,52,80,210
01/05/2001,MLU,LA,ASW,CE,Towers with Radar,10,25,19,2,56,0,1,42,0,43,10,26,61,2,99,42,30,72,171
01/06/2001,MLU,LA,ASW,CE,Towers with Radar,14,16,24,0,54,0,0,37,0,37,14,16,61,0,91,20,0,20,111
01/07/2001,MLU,LA,ASW,CE,Towers with Radar,8,17,14,1,40,3,1,0,0,4,11,18,14,1,44,6,10,16,60
01/08/2001,MLU,LA,ASW,CE,Towers with Radar,12,24,17,13,66,0,0,40,0,40,12,24,57,13,106,22,44,66,172
01/09/2001,MLU,LA,ASW,CE,Towers with Radar,11,25,48,9,93,0,0,38,1,39,11,25,86,10,132,84,10,94,226
01/10/2001,MLU,LA,ASW,CE,Towers with Radar,12,26,51,7,96,0,0,0,0,0,12,26,51,7,96,36,76,112,208
01/11/2001,MLU,LA,ASW,CE,Towers with Radar,11,26,39,11,87,0,0,0,0,0,11,26,39,11,87,12,30,42,129
01/12/2001,MLU,LA,ASW,CE,Towers with Radar,11,24,50,2,87,0,0,0,0,0,11,24,50,2,87,12,18,30,117
01/13/2001,MLU,LA,ASW,CE,Towers with Radar,11,14,12,0,37,0,0,4,0,4,11,14,16,0,41,2,8,10,51
01/14/2001,MLU,LA,ASW,CE,Towers with Radar,11,16,25,0,52,0,0,17,0,17,11,16,42,0,69,12,0,12,81
01/15/2001,MLU,LA,ASW,CE,Towers with Radar,12,18,44,0,74,0,0,16,0,16,12,18,60,0,90,42,0,42,132
01/16/2001,MLU,LA,ASW,CE,Towers with Radar,11,26,38,0,75,0,0,1,0,1,11,26,39,0,76,2,8,10,86
01/17/2001,MLU,LA,ASW,CE,Towers with Radar,10,24,41,0,75,0,0,0,0,0,10,24,41,0,75,2,0,2,77
01/18/2001,MLU,LA,ASW,CE,Towers with Radar,12,23,38,0,73,0,0,0,0,0,12,23,38,0,73,0,0,0,73
01/19/2001,MLU,LA,ASW,CE,Towers with Radar,11,25,29,8,73,0,1,10,0,11,11,26,39,8,84,22,16,38,122
01/20/2001,MLU,LA,ASW,CE,Towers with Radar,12,15,10,0,37,0,0,126,0,126,12,15,136,0,163,18,0,18,181
01/21/2001,MLU,LA,ASW,CE,Towers with Radar,15,16,12,3,46,0,1,79,0,80,15,17,91,3,126,42,6,48,174
01/22/2001,MLU,LA,ASW,CE,Towers with Radar,11,24,41,6,82,0,0,37,0,37,11,24,78,6,119,32,58,90,209
01/23/2001,MLU,LA,ASW,CE,Towers with Radar,12,28,46,6,92,0,0,25,0,25,12,28,71,6,117,18,46,64,181
01/24/2001,MLU,LA,ASW,CE,Towers with Radar,12,28,50,14,104,0,0,17,0,17,12,28,67,14,121,54,74,128,249
01/25/2001,MLU,LA,ASW,CE,Towers with Radar,12,29,42,13,96,0,0,49,0,49,12,29,91,13,145,76,64,140,285
01/26/2001,MLU,LA,ASW,CE,Towers with Radar,11,29,34,1,75,0,0,29,0,29,11,29,63,1,104,30,0,30,134
01/27/2001,MLU,LA,ASW,CE,Towers with Radar,11,15,17,2,45,0,0,28,0,28,11,15,45,2,73,32,0,32,105
01/28/2001,MLU,LA,ASW,CE,Towers with Radar,12,15,10,0,37,0,1,3,0,4,12,16,13,0,41,4,0,4,45
01/29/2001,MLU,LA,ASW,CE,Towers with Radar,11,23,29,0,63,0,1,9,0,10,11,24,38,0,73,2,10,12,85
01/30/2001,MLU,LA,ASW,CE,Towers with Radar,12,31,35,6,84,0,0,30,0,30,12,31,65,6,114,20,48,68,182
01/31/2001,MLU,LA,ASW,CE,Towers with Radar,12,26,61,16,115,0,0,19,0,19,12,26,80,16,134,52,112,164,298
02/01/2001,MLU,LA,ASW,CE,Towers with Radar,12,27,53,15,107,0,0,35,0,35,12,27,88,15,142,44,58,102,244
02/02/2001,MLU,LA,ASW,CE,Towers with Radar,10,26,30,13,79,0,0,53,0,53,10,26,83,13,132,18,84,102,234
02/03/2001,MLU,LA,ASW,CE,Towers with Radar,9,14,7,0,30,0,0,57,7,64,9,14,64,7,94,54,0,54,148
02/04/2001,MLU,LA,ASW,CE,Towers with Radar,11,18,39,0,68,0,1,11,0,12,11,19,50,0,80,46,0,46,126
02/05/2001,MLU,LA,ASW,CE,Towers with Radar,12,26,37,5,80,0,0,41,0,41,12,26,78,5,121,96,58,154,275
02/06/2001,MLU,LA,ASW,CE,Towers with Radar,12,22,64,8,106,0,0,7,0,7,12,22,71,8,113,98,12,110,223
02/07/2001,MLU,LA,ASW,CE,Towers with Radar,12,24,69,3,108,0,0,27,0,27,12,24,96,3,135,72,6,78,213
02/08/2001,MLU,LA,ASW,CE,Towers with Radar,9,22,47,4,82,0,0,12,0,12,9,22,59,4,94,38,12,50,144
02/09/2001,MLU,LA,ASW,CE,Towers with Radar,10,25,34,0,69,0,0,3,0,3,10,25,37,0,72,30,2,32,104
02/10/2001,MLU,LA,ASW,CE,Towers with Radar,13,13,27,0,53,0,0,33,0,33,13,13,60,0,86,44,0,44,130
02/11/2001,MLU,LA,ASW,CE,Towers with Radar,11,17,17,2,47,0,1,0,0,1,11,18,17,2,48,10,0,10,58
02/12/2001,MLU,LA,ASW,CE,Towers with Radar,11,22,33,4,70,0,2,0,2,4,11,24,33,6,74,4,0,4,78
02/13/2001,MLU,LA,ASW,CE,Towers with Radar,11,24,30,4,69,0,0,3,0,3,11,24,33,4,72,0,16,16,88
02/14/2001,MLU,LA,ASW,CE,Towers with Radar,11,26,43,11,91,0,0,0,0,0,11,26,43,11,91,8,42,50,141
02/15/2001,MLU,LA,ASW,CE,Towers with Radar,11,22,28,7,68,0,0,0,0,0,11,22,28,7,68,4,32,36,104
02/16/2001,MLU,LA,ASW,CE,Towers with Radar,10,18,30,0,58,0,0,0,2,2,10,18,30,2,60,4,0,4,64
02/17/2001,MLU,LA,ASW,CE,Towers with Radar,11,15,12,0,38,0,0,35,0,35,11,15,47,0,73,52,0,52,125
02/18/2001,MLU,LA,ASW,CE,Towers with Radar,12,16,22,0,50,0,3,36,2,41,12,19,58,2,91,72,0,72,163
02/19/2001,MLU,LA,ASW,CE,Towers with Radar,12,17,36,0,65,0,3,27,0,30,12,20,63,0,95,54,0,54,149
02/20/2001,MLU,LA,ASW,CE,Towers with Radar,12,26,62,8,108,0,0,0,0,0,12,26,62,8,108,74,16,90,198
02/21/2001,MLU,LA,ASW,CE,Towers with Radar,12,27,54,8,101,0,0,9,4,13,12,27,63,12,114,62,42,104,218
02/22/2001,MLU,LA,ASW,CE,Towers with Radar,11,27,63,9,110,0,0,91,0,91,11,27,154,9,201,86,36,122,323
02/23/2001,MLU,LA,ASW,CE,Towers with Radar,16,26,39,0,81,0,0,47,0,47,16,26,86,0,128,58,0,58,186
02/24/2001,MLU,LA,ASW,CE,Towers with Radar,8,10,9,0,27,0,0,1,0,1,8,10,10,0,28,6,0,6,34
02/25/2001,MLU,LA,ASW,CE,Towers with Radar,9,16,25,4,54,0,0,14,2,16,9,16,39,6,70,22,4,26,96
02/26/2001,MLU,LA,ASW,CE,Towers with Radar,12,24,25,8,69,0,0,11,0,11,12,24,36,8,80,32,86,118,198
02/27/2001,MLU,LA,ASW,CE,Towers with Radar,11,30,29,3,73,0,0,0,0,0,11,30,29,3,73,0,2,2,75
02/28/2001,MLU,LA,ASW,CE,Towers with Radar,12,25,2,3,42,0,0,46,0,46,12,25,48,3,88,10,6,16,104
03/01/2001,MLU,LA,ASW,CE,Towers with Radar,11,30,38,0,79,1,0,1,0,2,12,30,39,0,81,0,0,0,81
03/02/2001,MLU,LA,ASW,CE,Towers with Radar,10,25,35,0,70,0,5,0,0,5,10,30,35,0,75,12,0,12,87
03/03/2001,MLU,LA,ASW,CE,Towers with Radar,11,15,6,0,32,0,0,0,0,0,11,15,6,0,32,4,0,4,36
03/04/2001,MLU,LA,ASW,CE,Towers with Radar,10,16,34,6,66,0,0,23,1,24,10,16,57,7,90,20,4,24,114
03/05/2001,MLU,LA,ASW,CE,Towers with Radar,12,23,31,6,72,0,0,41,0,41,12,23,72,6,113,18,26,44,157
03/06/2001,MLU,LA,ASW,CE,Towers with Radar,11,28,44,14,97,0,0,55,0,55,11,28,99,14,152,52,94,146,298
03/07/2001,MLU,LA,ASW,CE,Towers with Radar,12,27,52,8,99,0,0,64,0,64,12,27,116,8,163,72,10,82,245
03/08/2001,MLU,LA,ASW,CE,Towers with Radar,12,25,36,1,74,0,2,34,0,36,12,27,70,1,110,42,24,66,176
03/09/2001,MLU,LA,ASW,CE,Towers with Radar,11,30,23,0,64,0,1,17,0,18,11,31,40,0,82,26,0,26,108
03/10/2001,MLU,LA,ASW,CE,Towers with Radar,11,13,47,4,75,0,0,18,0,18,11,13,65,4,93,86,20,106,199
03/11/2001,MLU,LA,ASW,CE,Towers with Radar,9,14,16,0,39,1,0,9,0,10,10,14,25,0,49,18,0,18,67
03/12/2001,MLU,LA,ASW,CE,Towers with Radar,10,18,28,2,58,1,4,6,0,11,11,22,34,2,69,8,26,34,103
03/13/2001,MLU,LA,ASW,CE,Towers with Radar,11,30,67,17,125,1,0,43,0,44,12,30,110,17,169,132,16,148,317
03/14/2001,MLU,LA,ASW,CE,Towers with Radar,11,26,29,2,68,0,0,0,2,2,11,26,29,4,70,10,0,10,80
03/15/2001,MLU,LA,ASW,CE,Towers with Radar,13,26,38,21,98,0,0,19,0,19,13,26,57,21,117,34,58,92,209
03/16/2001,MLU,LA,ASW,CE,Towers with Radar,11,23,48,7,89,0,0,31,4,35,11,23,79,11,124,60,74,134,258
03/17/2001,MLU,LA,ASW,CE,Towers with Radar,12,14,20,0,46,0,0,24,0,24,12,14,44,0,70,46,10,56,126
03/18/2001,MLU,LA,ASW,CE,Towers with Radar,11,18,13,4,46,4,0,19,8,31,15,18,32,12,77,32,4,36,113
03/19/2001,MLU,LA,ASW,CE,Towers with Radar,11,22,61,12,106,0,1,0,3,4,11,23,61,15,110,72,42,114,224
03/20/2001,MLU,LA,ASW,CE,Towers with Radar,11,25,48,18,102,0,1,19,0,20,11,26,67,18,122,94,74,168,290
03/21/2001,MLU,LA,ASW,CE,Towers with Radar,12,25,97,31,165,0,1,0,0,1,12,26,97,31,166,166,160,326,492
03/22/2001,MLU,LA,ASW,CE,Towers with Radar,14,24,62,17,117,0,0,26,0,26,14,24,88,17,143,110,34,144,287
03/23/2001,MLU,LA,ASW,CE,Towers with Radar,10,25,57,9,101,0,0,29,0,29,10,25,86,9,130,60,38,98,228
03/24/2001,MLU,LA,ASW,CE,Towers with Radar,11,14,17,5,47,0,1,6,1,8,11,15,23,6,55,52,4,56,111
03/25/2001,MLU,LA,ASW,CE,Towers with Radar,11,16,22,4,53,0,0,30,1,31,11,16,52,5,84,24,10,34,118
03/26/2001,MLU,LA,ASW,CE,Towers with Radar,11,23,46,15,95,0,0,20,0,20,11,23,66,15,115,70,6,76,191
03/27/2001,MLU,LA,ASW,CE,Towers with Radar,12,27,54,0,93,0,0,10,0,10,12,27,64,0,103,98,0,98,201
03/28/2001,MLU,LA,ASW,CE,Towers with Radar,11,26,35,0,72,0,0,0,0,0,11,26,35,0,72,20,6,26,98
03/29/2001,MLU,LA,ASW,CE,Towers with Radar,11,25,31,2,69,0,0,0,0,0,11,25,31,2,69,12,0,12,81
03/30/2001,MLU,LA,ASW,CE,Towers with Radar,8,23,47,3,81,0,0,15,0,15,8,23,62,3,96,16,6,22,118
03/31/2001,MLU,LA,ASW,CE,Towers with Radar,11,15,25,0,51,0,0,29,0,29,11,15,54,0,80,46,0,46,126
04/01/2001,MLU,LA,ASW,CE,Towers with Radar,12,16,17,2,47,0,1,21,0,22,12,17,38,2,69,42,10,52,121
04/02/2001,MLU,LA,ASW,CE,Towers with Radar,9,24,66,4,103,0,0,0,0,0,9,24,66,4,103,44,44,88,191
04/03/2001,MLU,LA,ASW,CE,Towers with Radar,10,26,79,6,121,0,0,0,0,0,10,26,79,6,121,28,44,72,193
04/04/2001,MLU,LA,ASW,CE,Towers with Radar,10,26,65,17,118,0,0,0,0,0,10,26,65,17,118,32,74,106,224
04/05/2001,MLU,LA,ASW,CE,Towers with Radar,12,28,83,17,140,0,0,0,0,0,12,28,83,17,140,68,72,140,280
04/06/2001,MLU,LA,ASW,CE,Towers with Radar,11,27,61,2,101,0,1,10,0,11,11,28,71,2,112,10,2,12,124
04/07/2001,MLU,LA,ASW,CE,Towers with Radar,13,13,30,5,61,0,0,11,0,11,13,13,41,5,72,60,20,80,152
04/08/2001,MLU,LA,ASW,CE,Towers with Radar,12,16,26,0,54,0,0,14,1,15,12,16,40,1,69,24,0,24,93
04/09/2001,MLU,LA,ASW,CE,Towers with Radar,11,25,46,15,97,0,0,14,0,14,11,25,60,15,111,10,72,82,193
04/10/2001,MLU,LA,ASW,CE,Towers with Radar,12,25,55,6,98,0,0,26,0,26,12,25,81,6,124,76,22,98,222
04/11/2001,MLU,LA,ASW,CE,Towers with Radar,11,22,56,6,95,0,4,5,2,11,11,26,61,8,106,12,2,14,120
04/12/2001,MLU,LA,ASW,CE,Towers with Radar,10,27,62,0,99,0,0,2,0,2,10,27,64,0,101,12,0,12,113
04/13/2001,MLU,LA,ASW,CE,Towers with Radar,12,23,50,13,98,0,3,10,0,13,12,26,60,13,111,64,34,98,209
04/14/2001,MLU,LA,ASW,CE,Towers with Radar,11,13,13,0,37,0,0,11,0,11,11,13,24,0,48,34,0,34,82
04/15/2001,MLU,LA,ASW,CE,Towers with Radar,11,15,6,0,32,0,0,6,0,6,11,15,12,0,38,6,0,6,44
04/16/2001,MLU,LA,ASW,CE,Towers with Radar,12,22,36,10,80,0,2,36,0,38,12,24,72,10,118,44,8,52,170
04/17/2001,MLU,LA,ASW,CE,Towers with Radar,11,28,27,10,76,0,0,27,0,27,11,28,54,10,103,26,54,80,183
04/18/2001,MLU,LA,ASW,CE,Towers with Radar,12,24,42,9,87,0,0,62,0,62,12,24,104,9,149,72,22,94,243
04/19/2001,MLU,LA,ASW,CE,Towers with Radar,12,29,67,11,119,0,0,50,0,50,12,29,117,11,169,86,72,158,327
04/20/2001,MLU,LA,ASW,CE,Towers with Radar,12,28,52,2,94,0,0,12,0,12,12,28,64,2,106,38,98,136,242
04/21/2001,MLU,LA,ASW,CE,Towers with Radar,12,12,23,1,48,0,2,16,0,18,12,14,39,1,66,42,18,60,126
04/22/2001,MLU,LA,ASW,CE,Towers with Radar,11,14,47,4,76,0,0,7,0,7,11,14,54,4,83,16,32,48,131
04/23/2001,MLU,LA,ASW,CE,Towers with Radar,9,18,40,8,75,0,1,3,0,4,9,19,43,8,79,10,12,22,101
04/24/2001,MLU,LA,ASW,CE,Towers with Radar,12,25,38,11,86,0,0,35,0,35,12,25,73,11,121,74,66,140,261
04/25/2001,MLU,LA,ASW,CE,Towers with Radar,11,24,49,12,96,0,3,57,0,60,11,27,106,12,156,102,74,176,332
04/26/2001,MLU,LA,ASW,CE,Towers with Radar,11,24,51,18,104,0,0,40,0,40,11,24,91,18,144,138,64,202,346
04/27/2001,MLU,LA,ASW,CE,Towers with Radar,12,24,36,6,78,0,0,41,0,41,12,24,77,6,119,66,18,84,203
04/28/2001,MLU,LA,ASW,CE,Towers with Radar,12,13,24,4,53,0,0,32,1,33,12,13,56,5,86,44,12,56,142
04/29/2001,MLU,LA,ASW,CE,Towers with Radar,11,16,14,1,42,0,0,21,0,21,11,16,35,1,63,10,6,16,79
04/30/2001,MLU,LA,ASW,CE,Towers with Radar,12,24,28,0,64,0,0,35,0,35,12,24,63,0,99,22,0,22,121
05/01/2001,MLU,LA,ASW,CE,Towers with Radar,10,28,53,3,94,1,0,31,4,36,11,28,84,7,130,76,12,88,218
05/02/2001,MLU,LA,ASW,CE,Towers with Radar,9,28,37,0,74,1,2,32,3,38,10,30,69,3,112,30,0,30,142
05/03/2001,MLU,LA,ASW,CE,Towers with Radar,10,27,57,1,95,0,0,46,1,47,10,27,103,2,142,98,20,118,260
05/04/2001,MLU,LA,ASW,CE,Towers with Radar,10,24,33,5,72,0,0,50,2,52,10,24,83,7,124,58,12,70,194
05/05/2001,MLU,LA,ASW,CE,Towers with Radar,7,17,29,2,55,1,0,19,0,20,8,17,48,2,75,60,0,60,135
05/06/2001,MLU,LA,ASW,CE,Towers with Radar,8,18,32,0,58,2,0,0,0,2,10,18,32,0,60,24,0,24,84
05/07/2001,MLU,LA,ASW,CE,Towers with Radar,10,24,39,2,75,0,0,27,0,27,10,24,66,2,102,92,4,96,198
05/08/2001,MLU,LA,ASW,CE,Towers with Radar,10,29,31,6,76,0,0,29,0,29,10,29,60,6,105,94,8,102,207
05/09/2001,MLU,LA,ASW,CE,Towers with Radar,10,33,52,9,104,0,0,10,0,10,10,33,62,9,114,24,22,46,160
05/10/2001,MLU,LA,ASW,CE,Towers with Radar,10,29,64,5,108,0,0,32,0,32,10,29,96,5,140,78,38,116,256
05/11/2001,MLU,LA,ASW,CE,Towers with Radar,10,30,35,6,81,0,0,25,0,25,10,30,60,6,106,76,52,128,234
05/12/2001,MLU,LA,ASW,CE,Towers with Radar,6,12,19,0,37,4,4,17,0,25,10,16,36,0,62,28,0,28,90
05/13/2001,MLU,LA,ASW,CE,Towers with Radar,10,17,21,0,48,0,1,31,0,32,10,18,52,0,80,32,0,32,112
05/14/2001,MLU,LA,ASW,CE,Towers with Radar,10,27,48,13,98,0,0,38,0,38,10,27,86,13,136,108,22,130,266
05/15/2001,MLU,LA,ASW,CE,Towers with Radar,10,27,52,12,101,0,1,32,0,33,10,28,84,12,134,34,76,110,244
05/16/2001,MLU,LA,ASW,CE,Towers with Radar,9,26,29,11,75,0,5,69,0,74,9,31,98,11,149,44,50,94,243
05/17/2001,MLU,LA,ASW,CE,Towers with Radar,10,25,25,8,68,0,2,34,0,36,10,27,59,8,104,52,22,74,178
05/18/2001,MLU,LA,ASW,CE,Towers with Radar,10,24,31,5,70,0,0,30,0,30,10,24,61,5,100,36,34,70,170
05/19/2001,MLU,LA,ASW,CE,Towers with Radar,10,13,11,0,34,0,2,12,0,14,10,15,23,0,48,12,0,12,60
05/20/2001,MLU,LA,ASW,CE,Towers with Radar,10,14,19,0,43,0,3,21,0,24,10,17,40,0,67,22,0,22,89
05/21/2001,MLU,LA,ASW,CE,Towers with Radar,10,26,23,0,59,0,0,15,0,15,10,26,38,0,74,26,0,26,100
05/22/2001,MLU,LA,ASW,CE,Towers with Radar,9,29,50,18,106,0,0,37,0,37,9,29,87,18,143,26,82,108,251
05/23/2001,MLU,LA,ASW,CE,Towers with Radar,10,25,60,33,128,0,3,29,0,32,10,28,89,33,160,80,176,256,416
05/24/2001,MLU,LA,ASW,CE,Towers with Radar,10,23,56,21,110,0,3,24,0,27,10,26,80,21,137,106,60,166,303
05/25/2001,MLU,LA,ASW,CE,Towers with Radar,9,27,34,1,71,0,0,30,5,35,9,27,64,6,106,48,0,48,154
05/26/2001,MLU,LA,ASW,CE,Towers with Radar,8,18,22,0,48,0,1,23,0,24,8,19,45,0,72,38,0,38,110
05/27/2001,MLU,LA,ASW,CE,Towers with Radar,7,12,17,0,36,0,0,18,0,18,7,12,35,0,54,12,0,12,66
05/28/2001,MLU,LA,ASW,CE,Towers with Radar,9,13,14,0,36,0,0,11,0,11,9,13,25,0,47,52,0,52,99
05/29/2001,MLU,LA,ASW,CE,Towers with Radar,10,27,51,8,96,0,1,38,1,40,10,28,89,9,136,32,36,68,204
05/30/2001,MLU,LA,ASW,CE,Towers with Radar,10,25,52,2,89,0,3,13,0,16,10,28,65,2,105,16,0,16,121
05/31/2001,MLU,LA,ASW,CE,Towers with Radar,10,24,32,0,66,0,0,17,0,17,10,24,49,0,83,12,8,20,103
06/01/2001,MLU,LA,ASW,CE,Towers with Radar,8,29,59,22,118,0,0,19,0,19,8,29,78,22,137,30,66,96,233
06/02/2001,MLU,LA,ASW,CE,Towers with Radar,8,13,14,0,35,0,0,32,0,32,8,13,46,0,67,6,0,6,73
06/03/2001,MLU,LA,ASW,CE,Towers with Radar,7,19,29,2,57,0,0,5,0,5,7,19,34,2,62,28,4,32,94
06/04/2001,MLU,LA,ASW,CE,Towers with Radar,8,31,23,12,74,0,0,6,0,6,8,31,29,12,80,2,40,42,122
06/05/2001,MLU,LA,ASW,CE,Towers with Radar,8,32,37,8,85,0,0,3,0,3,8,32,40,8,88,16,10,26,114
06/06/2001,MLU,LA,ASW,CE,Towers with Radar,6,26,28,0,60,0,0,0,1,1,6,26,28,1,61,0,0,0,61
06/07/2001,MLU,LA,ASW,CE,Towers with Radar,6,23,27,1,57,5,4,6,0,15,11,27,33,1,72,2,4,6,78
06/08/2001,MLU,LA,ASW,CE,Towers with Radar,8,30,38,8,84,0,0,5,0,5,8,30,43,8,89,8,26,34,123
06/09/2001,MLU,LA,ASW,CE,Towers with Radar,10,11,22,3,46,0,1,2,3,6,10,12,24,6,52,16,28,44,96
06/10/2001,MLU,LA,ASW,CE,Towers with Radar,10,18,22,0,50,0,0,15,1,16,10,18,37,1,66,32,0,32,98
06/11/2001,MLU,LA,ASW,CE,Towers with Radar,8,28,33,16,85,0,0,47,0,47,8,28,80,16,132,54,72,126,258
06/12/2001,MLU,LA,ASW,CE,Towers with Radar,8,30,35,14,87,0,0,45,0,45,8,30,80,14,132,60,102,162,294
06/13/2001,MLU,LA,ASW,CE,Towers with Radar,7,27,33,15,82,0,1,22,0,23,7,28,55,15,105,46,14,60,165
06/14/2001,MLU,LA,ASW,CE,Towers with Radar,7,31,38,20,96,0,1,32,0,33,7,32,70,20,129,74,88,162,291
06/15/2001,MLU,LA,ASW,CE,Towers with Radar,7,27,48,7,89,0,0,43,0,43,7,27,91,7,132,70,42,112,244
06/16/2001,MLU,LA,ASW,CE,Towers with Radar,8,13,13,0,34,0,0,35,0,35,8,13,48,0,69,38,0,38,107
06/17/2001,MLU,LA,ASW,CE,Towers with Radar,8,19,20,0,47,0,0,22,0,22,8,19,42,0,69,34,4,38,107
06/18/2001,MLU,LA,ASW,CE,Towers with Radar,8,28,22,7,65,0,0,27,0,27,8,28,49,7,92,58,8,66,158
06/19/2001,MLU,LA,ASW,CE,Towers with Radar,8,31,32,6,77,0,0,42,0,42,8,31,74,6,119,46,50,96,215
06/20/2001,MLU,LA,ASW,CE,Towers with Radar,8,29,19,21,77,0,1,43,0,44,8,30,62,21,121,50,142,192,313
06/21/2001,MLU,LA,ASW,CE,Towers with Radar,7,24,45,14,90,0,0,31,0,31,7,24,76,14,121,72,28,100,221
06/22/2001,MLU,LA,ASW,CE,Towers with Radar,8,29,52,24,113,0,0,20,0,20,8,29,72,24,133,18,88,106,239
06/23/2001,MLU,LA,ASW,CE,Towers with Radar,8,14,17,2,41,0,0,33,0,33,8,14,50,2,74,58,8,66,140
06/24/2001,MLU,LA,ASW,CE,Towers with Radar,8,17,14,0,39,0,0,22,0,22,8,17,36,0,61,18,0,18,79
06/25/2001,MLU,LA,ASW,CE,Towers with Radar,8,24,18,9,59,0,0,38,0,38,8,24,56,9,97,58,116,174,271
06/26/2001,MLU,LA,ASW,CE,Towers with Radar,8,29,34,8,79,0,2,32,0,34,8,31,66,8,113,112,30,142,255
06/27/2001,MLU,LA,ASW,CE,Towers with Radar,8,28,37,2,75,0,0,9,0,9,8,28,46,2,84,16,0,16,100
06/28/2001,MLU,LA,ASW,CE,Towers with Radar,8,25,50,8,91,0,0,22,0,22,8,25,72,8,113,22,18,40,153
06/29/2001,MLU,LA,ASW,CE,Towers with Radar,5,26,32,4,67,0,0,11,0,11,5,26,43,4,78,22,24,46,124
06/30/2001,MLU,LA,ASW,CE,Towers with Radar,9,13,13,6,41,0,0,6,0,6,9,13,19,6,47,8,26,34,81
07/01/2001,MLU,LA,ASW,CE,Towers with Radar,6,19,9,0,34,0,0,11,2,13,6,19,20,2,47,16,0,16,63
07/02/2001,MLU,LA,ASW,CE,Towers with Radar,6,26,32,15,79,0,0,20,0,20,6,26,52,15,99,22,40,62,161
07/03/2001,MLU,LA,ASW,CE,Towers with Radar,7,29,35,17,88,0,0,17,0,17,7,29,52,17,105,28,194,222,327
07/04/2001,MLU,LA,ASW,CE,Towers with Radar,7,15,7,0,29,1,0,14,0,15,8,15,21,0,44,48,0,48,92
07/05/2001,MLU,LA,ASW,CE,Towers with Radar,6,30,30,0,66,1,0,29,0,30,7,30,59,0,96,16,0,16,112
07/06/2001,MLU,LA,ASW,CE,Towers with Radar,8,29,21,11,69,0,4,17,0,21,8,33,38,11,90,52,58,110,200
07/07/2001,MLU,LA,ASW,CE,Towers with Radar,8,19,13,0,40,0,0,25,0,25,8,19,38,0,65,77,0,77,142
07/08/2001,MLU,LA,ASW,CE,Towers with Radar,8,21,20,0,49,0,0,19,0,19,8,21,39,0,68,16,0,16,84
07/09/2001,MLU,LA,ASW,CE,Towers with Radar,8,28,36,8,80,0,1,20,0,21,8,29,56,8,101,48,16,64,165
07/10/2001,MLU,LA,ASW,CE,Towers with Radar,8,34,37,11,90,0,0,40,0,40,8,34,77,11,130,34,58,92,222
07/11/2001,MLU,LA,ASW,CE,Towers with Radar,8,33,52,19,112,0,1,54,0,55,8,34,106,19,167,24,50,74,241
07/12/2001,MLU,LA,ASW,CE,Towers with Radar,8,35,38,10,91,0,0,18,0,18,8,35,56,10,109,10,62,72,181
07/13/2001,MLU,LA,ASW,CE,Towers with Radar,8,32,25,3,68,0,1,10,0,11,8,33,35,3,79,20,10,30,109
07/14/2001,MLU,LA,ASW,CE,Towers with Radar,6,18,16,0,40,0,1,31,0,32,6,19,47,0,72,62,0,62,134
07/15/2001,MLU,LA,ASW,CE,Towers with Radar,5,21,21,0,47,4,1,31,0,36,9,22,52,0,83,26,0,26,109
07/16/2001,MLU,LA,ASW,CE,Towers with Radar,8,32,38,7,85,0,0,39,0,39,8,32,77,7,124,118,50,168,292
07/17/2001,MLU,LA,ASW,CE,Towers with Radar,8,33,36,7,84,0,0,47,0,47,8,33,83,7,131,138,22,160,291
07/18/2001,MLU,LA,ASW,CE,Towers with Radar,8,31,55,13,107,0,0,32,0,32,8,31,87,13,139,58,84,142,281
07/19/2001,MLU,LA,ASW,CE,Towers with Radar,8,29,62,8,107,0,0,37,0,37,8,29,99,8,144,50,38,88,232
07/20/2001,MLU,LA,ASW,CE,Towers with Radar,6,32,34,13,85,0,2,35,0,37,6,34,69,13,122,30,60,90,212
07/21/2001,MLU,LA,ASW,CE,Towers with Radar,8,17,16,12,53,0,0,28,0,28,8,17,44,12,81,56,36,92,173
07/22/2001,MLU,LA,ASW,CE,Towers with Radar,8,24,21,0,53,0,0,24,0,24,8,24,45,0,77,46,0,46,123
07/23/2001,MLU,LA,ASW,CE,Towers with Radar,8,28,33,10,79,0,0,24,0,24,8,28,57,10,103,40,26,66,169
07/24/2001,MLU,LA,ASW,CE,Towers with Radar,8,32,40,15,95,0,0,25,0,25,8,32,65,15,120,28,24,52,172
07/25/2001,MLU,LA,ASW,CE,Towers with Radar,7,32,37,22,98,0,0,38,0,38,7,32,75,22,136,14,60,74,210
07/26/2001,MLU,LA,ASW,CE,Towers with Radar,7,33,28,14,82,0,2,17,0,19,7,35,45,14,101,4,62,66,167
07/27/2001,MLU,LA,ASW,CE,Towers with Radar,7,32,22,4,65,0,0,9,2,11,7,32,31,6,76,6,0,6,82
07/28/2001,MLU,LA,ASW,CE,Towers with Radar,8,17,12,1,38,0,0,27,0,27,8,17,39,1,65,50,2,52,117
07/29/2001,MLU,LA,ASW,CE,Towers with Radar,7,22,18,0,47,0,1,17,0,18,7,23,35,0,65,42,0,42,107
07/30/2001,MLU,LA,ASW,CE,Towers with Radar,8,30,25,28,91,0,0,31,0,31,8,30,56,28,122,84,110,194,316
07/31/2001,MLU,LA,ASW,CE,Towers with Radar,7,34,40,15,96,0,0,34,0,34,7,34,74,15,130,82,24,106,236
08/01/2001,MLU,LA,ASW,CE,Towers with Radar,8,31,51,12,102,0,0,15,0,15,8,31,66,12,117,64,60,124,241
08/02/2001,MLU,LA,ASW,CE,Towers with Radar,8,28,27,2,65,0,2,39,0,41,8,30,66,2,106,106,18,124,230
08/03/2001,MLU,LA,ASW,CE,Towers with Radar,6,33,30,24,93,0,1,36,0,37,6,34,66,24,130,60,62,122,252
08/04/2001,MLU,LA,ASW,CE,Towers with Radar,7,16,20,0,43,0,0,29,0,29,7,16,49,0,72,40,0,40,112
08/05/2001,MLU,LA,ASW,CE,Towers with Radar,8,18,19,1,46,0,0,26,0,26,8,18,45,1,72,8,16,24,96
08/06/2001,MLU,LA,ASW,CE,Towers with Radar,8,28,37,10,83,0,0,30,0,30,8,28,67,10,113,38,26,64,177
08/07/2001,MLU,LA,ASW,CE,Towers with Radar,8,34,44,16,102,0,0,29,0,29,8,34,73,16,131,66,60,126,257
08/08/2001,MLU,LA,ASW,CE,Towers with Radar,9,32,34,29,104,0,0,25,0,25,9,32,59,29,129,12,86,98,227
08/09/2001,MLU,LA,ASW,CE,Towers with Radar,8,29,21,22,80,0,0,32,0,32,8,29,53,22,112,4,52,56,168
08/10/2001,MLU,LA,ASW,CE,Towers with Radar,8,30,19,7,64,0,0,20,0,20,8,30,39,7,84,30,46,76,160
08/11/2001,MLU,LA,ASW,CE,Towers with Radar,7,17,17,10,51,0,0,14,0,14,7,17,31,10,65,6,48,54,119
08/12/2001,MLU,LA,ASW,CE,Towers with Radar,6,19,19,0,44,0,0,11,0,11,6,19,30,0,55,26,0,26,81
08/13/2001,MLU,LA,ASW,CE,Towers with Radar,8,32,32,16,88,0,0,0,0,0,8,32,32,16,88,16,36,52,140
08/14/2001,MLU,LA,ASW,CE,Towers with Radar,8,28,28,13,77,0,0,44,12,56,8,28,72,25,133,20,22,42,175
08/15/2001,MLU,LA,ASW,CE,Towers with Radar,8,30,48,9,95,0,1,28,0,29,8,31,76,9,124,60,34,94,218
08/16/2001,MLU,LA,ASW,CE,Towers with Radar,7,28,29,9,73,0,0,33,0,33,7,28,62,9,106,32,14,46,152
08/17/2001,MLU,LA,ASW,CE,Towers with Radar,8,30,39,4,81,0,0,3,0,3,8,30,42,4,84,22,4,26,110
08/18/2001,MLU,LA,ASW,CE,Towers with Radar,8,16,21,0,45,0,0,11,0,11,8,16,32,0,56,14,0,14,70
08/19/2001,MLU,LA,ASW,CE,Towers with Radar,8,23,13,0,44,0,0,8,0,8,8,23,21,0,52,26,0,26,78
08/20/2001,MLU,LA,ASW,CE,Towers with Radar,8,30,34,4,76,0,0,33,0,33,8,30,67,4,109,20,8,28,137
08/21/2001,MLU,LA,ASW,CE,Towers with Radar,5,26,40,27,98,0,0,41,0,41,5,26,81,27,139,48,92,140,279
08/22/2001,MLU,LA,ASW,CE,Towers with Radar,8,27,40,10,85,0,0,45,0,45,8,27,85,10,130,66,44,110,240
08/23/2001,MLU,LA,ASW,CE,Towers with Radar,8,26,38,11,83,0,0,48,0,48,8,26,86,11,131,22,16,38,169
08/24/2001,MLU,LA,ASW,CE,Towers with Radar,8,26,33,5,72,0,0,40,0,40,8,26,73,5,112,12,8,20,132
08/25/2001,MLU,LA,ASW,CE,Towers with Radar,5,20,23,8,56,3,1,23,0,27,8,21,46,8,83,30,20,50,133
08/26/2001,MLU,LA,ASW,CE,Towers with Radar,4,16,19,0,39,4,6,19,0,29,8,22,38,0,68,22,0,22,90
08/27/2001,MLU,LA,ASW,CE,Towers with Radar,6,22,25,1,54,2,1,9,0,12,8,23,34,1,66,24,18,42,108
08/28/2001,MLU,LA,ASW,CE,Towers with Radar,7,25,36,9,77,0,0,24,0,24,7,25,60,9,101,22,48,70,171
08/29/2001,MLU,LA,ASW,CE,Towers with Radar,8,26,35,2,71,0,0,32,0,32,8,26,67,2,103,66,2,68,171
08/30/2001,MLU,LA,ASW,CE,Towers with Radar,6,25,27,0,58,2,1,11,0,14,8,26,38,0,72,42,0,42,114
08/31/2001,MLU,LA,ASW,CE,Towers with Radar,6,22,25,0,53,1,9,16,0,26,7,31,41,0,79,34,0,34,113
09/01/2001,MLU,LA,ASW,CE,Towers with Radar,0,8,6,0,14,3,10,0,0,13,3,18,6,0,27,2,0,2,29
09/02/2001,MLU,LA,ASW,CE,Towers with Radar,2,7,11,0,20,0,13,8,0,21,2,20,19,0,41,31,0,31,72
09/03/2001,MLU,LA,ASW,CE,Towers with Radar,4,16,22,6,48,1,7,6,0,14,5,23,28,6,62,50,0,50,112
09/04/2001,MLU,LA,ASW,CE,Towers with Radar,6,24,33,10,73,0,4,14,0,18,6,28,47,10,91,34,14,48,139
09/05/2001,MLU,LA,ASW,CE,Towers with Radar,6,27,36,6,75,0,2,30,0,32,6,29,66,6,107,80,52,132,239
09/06/2001,MLU,LA,ASW,CE,Towers with Radar,7,26,40,6,79,0,0,34,0,34,7,26,74,6,113,48,10,58,171
09/07/2001,MLU,LA,ASW,CE,Towers with Radar,7,26,42,8,83,0,0,47,0,47,7,26,89,8,130,54,70,124,254
09/08/2001,MLU,LA,ASW,CE,Towers with Radar,4,14,20,2,40,2,4,21,0,27,6,18,41,2,67,52,4,56,123
09/09/2001,MLU,LA,ASW,CE,Towers with Radar,5,17,22,0,44,1,3,14,0,18,6,20,36,0,62,60,0,60,122
09/10/2001,MLU,LA,ASW,CE,Towers with Radar,5,26,46,16,93,0,0,37,0,37,5,26,83,16,130,66,148,214,344
09/11/2001,MLU,LA,ASW,CE,Towers with Radar,0,6,6,0,12,0,6,9,0,15,0,12,15,0,27,0,0,0,27
09/12/2001,MLU,LA,ASW,CE,Towers with Radar,0,0,0,0,0,0,0,0,0,0,0,0,0,0,0,0,0,0,0
09/13/2001,MLU,LA,ASW,CE,Towers with Radar,1,11,0,5,17,0,3,0,14,17,1,14,0,19,34,24,0,24,58
09/14/2001,MLU,LA,ASW,CE,Towers with Radar,3,30,17,17,67,0,0,0,9,9,3,30,17,26,76,0,74,74,150
09/15/2001,MLU,LA,ASW,CE,Towers with Radar,5,18,23,9,55,0,0,3,0,3,5,18,26,9,58,4,12,16,74
09/16/2001,MLU,LA,ASW,CE,Towers with Radar,5,22,24,0,51,1,0,0,0,1,6,22,24,0,52,0,0,0,52
09/17/2001,MLU,LA,ASW,CE,Towers with Radar,6,27,38,11,82,0,0,0,0,0,6,27,38,11,82,8,110,118,200
09/18/2001,MLU,LA,ASW,CE,Towers with Radar,6,33,48,8,95,0,0,3,0,3,6,33,51,8,98,12,16,28,126
09/19/2001,MLU,LA,ASW,CE,Towers with Radar,6,38,51,16,111,0,0,0,0,0,6,38,51,16,111,18,48,66,177
09/20/2001,MLU,LA,ASW,CE,Towers with Radar,6,28,59,13,106,0,0,15,0,15,6,28,74,13,121,46,26,72,193
09/21/2001,MLU,LA,ASW,CE,Towers with Radar,6,30,38,2,76,2,0,24,0,26,8,30,62,2,102,14,0,14,116
09/22/2001,MLU,LA,ASW,CE,Towers with Radar,3,14,18,0,35,5,2,22,0,29,8,16,40,0,64,6,0,6,70
09/23/2001,MLU,LA,ASW,CE,Towers with Radar,4,18,28,3,53,2,0,11,0,13,6,18,39,3,66,10,0,10,76
09/24/2001,MLU,LA,ASW,CE,Towers with Radar,6,28,46,18,98,0,0,14,0,14,6,28,60,18,112,94,58,152,264
09/25/2001,MLU,LA,ASW,CE,Towers with Radar,6,24,38,10,78,0,0,29,0,29,6,24,67,10,107,42,40,82,189
09/26/2001,MLU,LA,ASW,CE,Towers with Radar,6,27,41,10,84,0,0,25,0,25,6,27,66,10,109,22,160,182,291
09/27/2001,MLU,LA,ASW,CE,Towers with Radar,4,25,35,1,65,0,0,33,0,33,4,25,68,1,98,20,0,20,118
09/28/2001,MLU,LA,ASW,CE,Towers with Radar,4,22,28,1,55,5,2,55,0,62,9,24,83,1,117,46,0,46,163
09/29/2001,MLU,LA,ASW,CE,Towers with Radar,3,15,20,5,43,4,0,8,0,12,7,15,28,5,55,22,0,22,77
09/30/2001,MLU,LA,ASW,CE,Towers with Radar,4,16,28,6,54,3,0,17,0,20,7,16,45,6,74,16,0,16,90
10/01/2001,MLU,LA,ASW,CE,Towers with Radar,5,26,21,6,58,1,0,26,0,27,6,26,47,6,85,40,16,56,141
10/02/2001,MLU,LA,ASW,CE,Towers with Radar,5,31,53,27,116,1,0,18,0,19,6,31,71,27,135,78,84,162,297
10/03/2001,MLU,LA,ASW,CE,Towers with Radar,6,28,48,9,91,0,1,23,0,24,6,29,71,9,115,24,90,114,229
10/04/2001,MLU,LA,ASW,CE,Towers with Radar,7,26,51,21,105,0,0,35,0,35,7,26,86,21,140,52,56,108,248
10/05/2001,MLU,LA,ASW,CE,Towers with Radar,8,25,32,7,72,0,2,11,0,13,8,27,43,7,85,8,30,38,123
10/06/2001,MLU,LA,ASW,CE,Towers with Radar,8,16,14,0,38,0,1,2,0,3,8,17,16,0,41,0,0,0,41
10/07/2001,MLU,LA,ASW,CE,Towers with Radar,6,24,25,0,55,0,1,37,0,38,6,25,62,0,93,52,0,52,145
10/08/2001,MLU,LA,ASW,CE,Towers with Radar,7,21,28,0,56,0,0,34,0,34,7,21,62,0,90,62,0,62,152
10/09/2001,MLU,LA,ASW,CE,Towers with Radar,7,25,35,4,71,0,1,44,0,45,7,26,79,4,116,54,4,58,174
10/10/2001,MLU,LA,ASW,CE,Towers with Radar,7,31,54,2,94,0,1,3,0,4,7,32,57,2,98,34,2,36,134
10/11/2001,MLU,LA,ASW,CE,Towers with Radar,6,29,28,2,65,0,0,1,0,1,6,29,29,2,66,0,0,0,66
10/12/2001,MLU,LA,ASW,CE,Towers with Radar,7,27,37,9,80,1,0,11,0,12,8,27,48,9,92,16,12,28,120
10/13/2001,MLU,LA,ASW,CE,Towers with Radar,8,15,3,0,26,0,1,0,0,1,8,16,3,0,27,2,0,2,29
10/14/2001,MLU,LA,ASW,CE,Towers with Radar,6,25,20,6,57,0,0,36,0,36,6,25,56,6,93,56,10,66,159
10/15/2001,MLU,LA,ASW,CE,Towers with Radar,6,26,35,19,86,0,1,22,0,23,6,27,57,19,109,36,46,82,191
10/16/2001,MLU,LA,ASW,CE,Towers with Radar,7,30,48,13,98,0,0,18,2,20,7,30,66,15,118,22,6,28,146
10/17/2001,MLU,LA,ASW,CE,Towers with Radar,6,31,53,12,102,0,0,20,0,20,6,31,73,12,122,88,88,176,298
10/18/2001,MLU,LA,ASW,CE,Towers with Radar,6,33,42,9,90,0,1,34,0,35,6,34,76,9,125,58,22,80,205
10/19/2001,MLU,LA,ASW,CE,Towers with Radar,6,35,19,17,77,1,0,46,0,47,7,35,65,17,124,26,34,60,184
10/20/2001,MLU,LA,ASW,CE,Towers with Radar,5,20,12,0,37,0,0,37,0,37,5,20,49,0,74,12,0,12,86
10/21/2001,MLU,LA,ASW,CE,Towers with Radar,6,21,19,0,46,0,0,32,0,32,6,21,51,0,78,30,0,30,108
10/22/2001,MLU,LA,ASW,CE,Towers with Radar,6,28,30,5,69,0,0,13,0,13,6,28,43,5,82,43,36,79,161
10/23/2001,MLU,LA,ASW,CE,Towers with Radar,9,24,35,15,83,1,4,18,0,23,10,28,53,15,106,16,62,78,184
10/24/2001,MLU,LA,ASW,CE,Towers with Radar,6,27,45,6,84,0,0,13,0,13,6,27,58,6,97,22,14,36,133
10/25/2001,MLU,LA,ASW,CE,Towers with Radar,6,28,45,18,97,0,0,32,0,32,6,28,77,18,129,22,30,52,181
10/26/2001,MLU,LA,ASW,CE,Towers with Radar,6,26,30,11,73,0,2,38,0,40,6,28,68,11,113,30,52,82,195
10/27/2001,MLU,LA,ASW,CE,Towers with Radar,6,17,16,2,41,0,1,33,2,36,6,18,49,4,77,28,0,28,105
10/28/2001,MLU,LA,ASW,CE,Towers with Radar,6,22,25,4,57,0,0,24,0,24,6,22,49,4,81,32,4,36,117
10/29/2001,MLU,LA,ASW,CE,Towers with Radar,6,23,55,7,91,0,0,21,0,21,6,23,76,7,112,58,22,80,192
10/30/2001,MLU,LA,ASW,CE,Towers with Radar,6,24,59,20,109,0,0,43,0,43,6,24,102,20,152,62,70,132,284
10/31/2001,MLU,LA,ASW,CE,Towers with Radar,6,30,40,4,80,0,0,50,0,50,6,30,90,4,130,28,60,88,218
11/01/2001,MLU,LA,ASW,CE,Towers with Radar,6,31,54,9,100,0,1,23,0,24,6,32,77,9,124,40,16,56,180
11/02/2001,MLU,LA,ASW,CE,Towers with Radar,9,36,31,4,80,0,0,33,0,33,9,36,64,4,113,68,22,90,203
11/03/2001,MLU,LA,ASW,CE,Towers with Radar,7,22,15,0,44,0,0,24,0,24,7,22,39,0,68,20,0,20,88
11/04/2001,MLU,LA,ASW,CE,Towers with Radar,8,18,8,4,38,0,0,31,0,31,8,18,39,4,69,48,0,48,117
11/05/2001,MLU,LA,ASW,CE,Towers with Radar,6,28,53,19,106,0,0,23,0,23,6,28,76,19,129,62,74,136,265
11/06/2001,MLU,LA,ASW,CE,Towers with Radar,6,25,40,18,89,0,0,42,0,42,6,25,82,18,131,42,54,96,227
11/07/2001,MLU,LA,ASW,CE,Towers with Radar,6,28,37,8,79,0,0,44,0,44,6,28,81,8,123,48,74,122,245
11/08/2001,MLU,LA,ASW,CE,Towers with Radar,6,25,37,14,82,0,2,38,0,40,6,27,75,14,122,64,100,164,286
11/09/2001,MLU,LA,ASW,CE,Towers with Radar,8,32,33,8,81,0,1,21,0,22,8,33,54,8,103,50,34,84,187
11/10/2001,MLU,LA,ASW,CE,Towers with Radar,6,19,23,0,48,0,0,108,0,108,6,19,131,0,156,8,0,8,164
11/11/2001,MLU,LA,ASW,CE,Towers with Radar,6,20,26,0,52,0,0,39,0,39,6,20,65,0,91,12,0,12,103
11/12/2001,MLU,LA,ASW,CE,Towers with Radar,6,20,22,2,50,0,0,23,2,25,6,20,45,4,75,40,0,40,115
11/13/2001,MLU,LA,ASW,CE,Towers with Radar,6,27,50,13,96,0,0,17,0,17,6,27,67,13,113,30,42,72,185
11/14/2001,MLU,LA,ASW,CE,Towers with Radar,6,31,45,11,93,0,0,48,0,48,6,31,93,11,141,54,20,74,215
11/15/2001,MLU,LA,ASW,CE,Towers with Radar,7,26,54,3,90,0,0,45,0,45,7,26,99,3,135,52,30,82,217
11/16/2001,MLU,LA,ASW,CE,Towers with Radar,5,28,33,14,80,0,0,21,0,21,5,28,54,14,101,22,28,50,151
11/17/2001,MLU,LA,ASW,CE,Towers with Radar,8,22,1,1,32,0,0,60,0,60,8,22,61,1,92,50,0,50,142
11/18/2001,MLU,LA,ASW,CE,Towers with Radar,6,19,17,1,43,0,0,23,2,25,6,19,40,3,68,14,0,14,82
11/19/2001,MLU,LA,ASW,CE,Towers with Radar,6,28,27,4,65,0,0,11,0,11,6,28,38,4,76,14,24,38,114
11/20/2001,MLU,LA,ASW,CE,Towers with Radar,6,28,59,11,104,0,0,28,0,28,6,28,87,11,132,32,32,64,196
11/21/2001,MLU,LA,ASW,CE,Towers with Radar,6,27,22,11,66,0,0,44,0,44,6,27,66,11,110,14,14,28,138
11/22/2001,MLU,LA,ASW,CE,Towers with Radar,3,17,8,0,28,0,0,0,0,0,3,17,8,0,28,0,0,0,28
11/23/2001,MLU,LA,ASW,CE,Towers with Radar,2,21,23,0,46,0,3,4,0,7,2,24,27,0,53,0,0,0,53
11/24/2001,MLU,LA,ASW,CE,Towers with Radar,5,18,15,0,38,0,0,11,0,11,5,18,26,0,49,24,0,24,73
11/25/2001,MLU,LA,ASW,CE,Towers with Radar,6,21,28,0,55,0,0,15,2,17,6,21,43,2,72,28,0,28,100
11/26/2001,MLU,LA,ASW,CE,Towers with Radar,6,26,25,0,57,0,0,4,0,4,6,26,29,0,61,6,0,6,67
11/27/2001,MLU,LA,ASW,CE,Towers with Radar,6,27,14,0,47,0,0,5,0,5,6,27,19,0,52,0,0,0,52
11/28/2001,MLU,LA,ASW,CE,Towers with Radar,4,19,16,0,39,3,14,0,0,17,7,33,16,0,56,0,0,0,56
11/29/2001,MLU,LA,ASW,CE,Towers with Radar,4,20,23,0,47,3,0,8,0,11,7,20,31,0,58,0,0,0,58
11/30/2001,MLU,LA,ASW,CE,Towers with Radar,6,30,27,13,76,0,0,41,0,41,6,30,68,13,117,0,0,0,117
12/01/2001,MLU,LA,ASW,CE,Towers with Radar,7,17,28,0,52,1,0,23,2,26,8,17,51,2,78,6,0,6,84
12/02/2001,MLU,LA,ASW,CE,Towers with Radar,5,21,21,0,47,1,0,17,1,19,6,21,38,1,66,22,0,22,88
12/03/2001,MLU,LA,ASW,CE,Towers with Radar,6,24,35,14,79,0,1,25,0,26,6,25,60,14,105,10,14,24,129
12/04/2001,MLU,LA,ASW,CE,Towers with Radar,6,26,43,25,100,0,0,40,0,40,6,26,83,25,140,20,88,108,248
12/05/2001,MLU,LA,ASW,CE,Towers with Radar,6,26,40,5,77,0,0,20,0,20,6,26,60,5,97,20,38,58,155
12/06/2001,MLU,LA,ASW,CE,Towers with Radar,6,28,47,0,81,0,1,10,0,11,6,29,57,0,92,16,6,22,114
12/07/2001,MLU,LA,ASW,CE,Towers with Radar,6,29,37,10,82,0,0,10,0,10,6,29,47,10,92,14,18,32,124
12/08/2001,MLU,LA,ASW,CE,Towers with Radar,5,18,12,0,35,1,0,0,0,1,6,18,12,0,36,0,0,0,36
12/09/2001,MLU,LA,ASW,CE,Towers with Radar,5,19,21,2,47,1,5,24,0,30,6,24,45,2,77,16,0,16,93
12/10/2001,MLU,LA,ASW,CE,Towers with Radar,6,25,22,23,76,0,2,37,0,39,6,27,59,23,115,36,78,114,229
12/11/2001,MLU,LA,ASW,CE,Towers with Radar,6,36,58,12,112,0,0,0,0,0,6,36,58,12,112,58,88,146,258
12/12/2001,MLU,LA,ASW,CE,Towers with Radar,6,29,23,0,58,0,0,0,0,0,6,29,23,0,58,2,0,2,60
12/13/2001,MLU,LA,ASW,CE,Towers with Radar,5,25,13,0,43,0,0,2,0,2,5,25,15,0,45,0,0,0,45
12/14/2001,MLU,LA,ASW,CE,Towers with Radar,7,27,43,29,106,0,2,10,0,12,7,29,53,29,118,38,72,110,228
12/15/2001,MLU,LA,ASW,CE,Towers with Radar,6,17,20,17,60,0,0,13,0,13,6,17,33,17,73,10,60,70,143
12/16/2001,MLU,LA,ASW,CE,Towers with Radar,5,14,14,0,33,1,0,6,1,8,6,14,20,1,41,10,0,10,51
12/17/2001,MLU,LA,ASW,CE,Towers with Radar,5,25,38,26,94,0,0,0,0,0,5,25,38,26,94,24,84,108,202
12/18/2001,MLU,LA,ASW,CE,Towers with Radar,6,33,50,19,108,0,0,29,0,29,6,33,79,19,137,51,82,133,270
12/19/2001,MLU,LA,ASW,CE,Towers with Radar,6,32,41,12,91,0,0,15,0,15,6,32,56,12,106,16,100,116,222
12/20/2001,MLU,LA,ASW,CE,Towers with Radar,6,26,35,7,74,0,0,26,0,26,6,26,61,7,100,58,28,86,186
12/21/2001,MLU,LA,ASW,CE,Towers with Radar,6,29,30,4,69,0,0,97,0,97,6,29,127,4,166,6,18,24,190
12/22/2001,MLU,LA,ASW,CE,Towers with Radar,6,20,7,2,35,0,0,5,0,5,6,20,12,2,40,0,0,0,40
12/23/2001,MLU,LA,ASW,CE,Towers with Radar,6,19,14,0,39,0,0,20,0,20,6,19,34,0,59,2,0,2,61
12/24/2001,MLU,LA,ASW,CE,Towers with Radar,6,16,10,0,32,0,1,19,0,20,6,17,29,0,52,6,0,6,58
12/25/2001,MLU,LA,ASW,CE,Towers with Radar,2,16,3,0,21,0,0,13,0,13,2,16,16,0,34,0,0,0,34
12/26/2001,MLU,LA,ASW,CE,Towers with Radar,6,32,30,0,68,0,1,20,0,21,6,33,50,0,89,4,0,4,93
12/27/2001,MLU,LA,ASW,CE,Towers with Radar,6,27,29,1,63,0,0,113,0,113,6,27,142,1,176,10,30,40,216
12/28/2001,MLU,LA,ASW,CE,Towers with Radar,6,24,22,0,52,0,2,88,0,90,6,26,110,0,142,22,0,22,164
12/29/2001,MLU,LA,ASW,CE,Towers with Radar,7,17,17,0,41,0,0,13,0,13,7,17,30,0,54,8,0,8,62
12/30/2001,MLU,LA,ASW,CE,Towers with Radar,6,19,12,0,37,0,1,20,0,21,6,20,32,0,58,0,0,0,58
12/31/2001,MLU,LA,ASW,CE,Towers with Radar,8,24,8,0,40,0,1,15,0,16,8,25,23,0,56,12,0,12,68
01/01/2002,MLU,LA,ASW,CE,Towers with Radar,5,12,15,0,32,1,0,8,0,9,6,12,23,0,41,32,0,32,73
01/02/2002,MLU,LA,ASW,CE,Towers with Radar,3,24,20,0,47,0,1,20,0,21,3,25,40,0,68,0,0,0,68
01/03/2002,MLU,LA,ASW,CE,Towers with Radar,0,25,24,9,58,0,0,23,0,23,0,25,47,9,81,6,36,42,123
01/04/2002,MLU,LA,ASW,CE,Towers with Radar,6,22,28,5,61,0,0,33,1,34,6,22,61,6,95,22,6,28,123
01/05/2002,MLU,LA,ASW,CE,Towers with Radar,6,14,8,0,28,0,1,0,0,1,6,15,8,0,29,0,0,0,29
01/06/2002,MLU,LA,ASW,CE,Towers with Radar,4,13,20,0,37,1,3,26,0,30,5,16,46,0,67,16,0,16,83
01/07/2002,MLU,LA,ASW,CE,Towers with Radar,6,24,30,14,74,0,0,14,0,14,6,24,44,14,88,18,68,86,174
01/08/2002,MLU,LA,ASW,CE,Towers with Radar,6,26,36,19,87,0,1,23,0,24,6,27,59,19,111,22,64,86,197
01/09/2002,MLU,LA,ASW,CE,Towers with Radar,6,27,35,13,81,0,1,40,0,41,6,28,75,13,122,38,32,70,192
01/10/2002,MLU,LA,ASW,CE,Towers with Radar,6,26,43,19,94,0,0,43,0,43,6,26,86,19,137,52,46,98,235
01/11/2002,MLU,LA,ASW,CE,Towers with Radar,6,24,29,18,77,0,0,21,0,21,6,24,50,18,98,64,36,100,198
01/12/2002,MLU,LA,ASW,CE,Towers with Radar,4,18,15,0,37,0,0,26,2,28,4,18,41,2,65,8,4,12,77
01/13/2002,MLU,LA,ASW,CE,Towers with Radar,4,18,17,0,39,0,0,39,0,39,4,18,56,0,78,60,2,62,140
01/14/2002,MLU,LA,ASW,CE,Towers with Radar,6,24,32,14,76,0,1,32,0,33,6,25,64,14,109,58,80,138,247
01/15/2002,MLU,LA,ASW,CE,Towers with Radar,6,26,40,19,91,0,1,42,0,43,6,27,82,19,134,36,40,76,210
01/16/2002,MLU,LA,ASW,CE,Towers with Radar,6,25,39,16,86,0,1,23,0,24,6,26,62,16,110,34,32,66,176
01/17/2002,MLU,LA,ASW,CE,Towers with Radar,5,28,34,8,75,0,0,3,0,3,5,28,37,8,78,23,68,91,169
01/18/2002,MLU,LA,ASW,CE,Towers with Radar,6,30,43,13,92,0,2,0,0,2,6,32,43,13,94,6,46,52,146
01/19/2002,MLU,LA,ASW,CE,Towers with Radar,3,17,14,0,34,0,0,0,0,0,3,17,14,0,34,32,0,32,66
01/20/2002,MLU,LA,ASW,CE,Towers with Radar,4,20,14,0,38,0,0,17,0,17,4,20,31,0,55,22,0,22,77
01/21/2002,MLU,LA,ASW,CE,Towers with Radar,6,22,32,2,62,0,0,13,0,13,6,22,45,2,75,34,4,38,113
01/22/2002,MLU,LA,ASW,CE,Towers with Radar,6,22,40,12,80,0,0,5,0,5,6,22,45,12,85,22,20,42,127
01/23/2002,MLU,LA,ASW,CE,Towers with Radar,6,27,47,15,95,0,0,0,3,3,6,27,47,18,98,46,42,88,186
01/24/2002,MLU,LA,ASW,CE,Towers with Radar,3,29,14,0,46,0,0,0,0,0,3,29,14,0,46,0,0,0,46
01/25/2002,MLU,LA,ASW,CE,Towers with Radar,6,21,40,15,82,0,0,25,0,25,6,21,65,15,107,24,42,66,173
01/26/2002,MLU,LA,ASW,CE,Towers with Radar,4,17,16,0,37,0,0,51,0,51,4,17,67,0,88,30,0,30,118
01/27/2002,MLU,LA,ASW,CE,Towers with Radar,6,18,31,0,55,0,2,25,5,32,6,20,56,5,87,36,0,36,123
01/28/2002,MLU,LA,ASW,CE,Towers with Radar,6,21,34,15,76,0,0,3,0,3,6,21,37,15,79,8,50,58,137
01/29/2002,MLU,LA,ASW,CE,Towers with Radar,6,25,45,19,95,0,0,0,0,0,6,25,45,19,95,44,48,92,187
01/30/2002,MLU,LA,ASW,CE,Towers with Radar,6,27,60,26,119,0,0,3,0,3,6,27,63,26,122,20,92,112,234
01/31/2002,MLU,LA,ASW,CE,Towers with Radar,6,19,34,0,59,0,0,3,0,3,6,19,37,0,62,4,0,4,66
02/01/2002,MLU,LA,ASW,CE,Towers with Radar,6,26,48,36,116,0,0,9,0,9,6,26,57,36,125,22,74,96,221
02/02/2002,MLU,LA,ASW,CE,Towers with Radar,6,16,23,0,45,0,0,39,5,44,6,16,62,5,89,26,0,26,115
02/03/2002,MLU,LA,ASW,CE,Towers with Radar,6,19,25,0,50,0,0,17,4,21,6,19,42,4,71,50,0,50,121
02/04/2002,MLU,LA,ASW,CE,Towers with Radar,6,21,31,9,67,0,0,2,7,9,6,21,33,16,76,2,96,98,174
02/05/2002,MLU,LA,ASW,CE,Towers with Radar,6,23,8,0,37,0,0,2,1,3,6,23,10,1,40,0,0,0,40
02/06/2002,MLU,LA,ASW,CE,Towers with Radar,6,28,23,0,57,0,0,0,1,1,6,28,23,1,58,6,0,6,64
02/07/2002,MLU,LA,ASW,CE,Towers with Radar,5,23,53,25,106,0,7,12,0,19,5,30,65,25,125,18,58,76,201
02/08/2002,MLU,LA,ASW,CE,Towers with Radar,5,25,57,9,96,0,0,0,0,0,5,25,57,9,96,38,10,48,144
02/09/2002,MLU,LA,ASW,CE,Towers with Radar,6,18,21,0,45,0,0,31,0,31,6,18,52,0,76,14,0,14,90
02/10/2002,MLU,LA,ASW,CE,Towers with Radar,6,18,28,2,54,0,0,0,0,0,6,18,28,2,54,10,0,10,64
02/11/2002,MLU,LA,ASW,CE,Towers with Radar,6,25,30,9,70,0,0,13,0,13,6,25,43,9,83,50,16,66,149
02/12/2002,MLU,LA,ASW,CE,Towers with Radar,6,23,30,12,71,0,0,29,0,29,6,23,59,12,100,23,30,53,153
02/13/2002,MLU,LA,ASW,CE,Towers with Radar,6,26,27,13,72,0,0,27,0,27,6,26,54,13,99,4,24,28,127
02/14/2002,MLU,LA,ASW,CE,Towers with Radar,6,26,32,8,72,1,0,28,2,31,7,26,60,10,103,14,38,52,155
02/15/2002,MLU,LA,ASW,CE,Towers with Radar,6,23,36,9,74,0,0,21,2,23,6,23,57,11,97,48,12,60,157
02/16/2002,MLU,LA,ASW,CE,Towers with Radar,5,17,32,0,54,0,0,29,0,29,5,17,61,0,83,72,4,76,159
02/17/2002,MLU,LA,ASW,CE,Towers with Radar,5,20,10,0,35,0,0,27,0,27,5,20,37,0,62,24,0,24,86
02/18/2002,MLU,LA,ASW,CE,Towers with Radar,6,24,35,0,65,0,1,24,0,25,6,25,59,0,90,40,0,40,130
02/19/2002,MLU,LA,ASW,CE,Towers with Radar,6,24,26,0,56,0,0,2,0,2,6,24,28,0,58,4,0,4,62
02/20/2002,MLU,LA,ASW,CE,Towers with Radar,6,28,32,25,91,0,0,26,0,26,6,28,58,25,117,48,52,100,217
02/21/2002,MLU,LA,ASW,CE,Towers with Radar,4,19,35,15,73,0,3,53,0,56,4,22,88,15,129,44,60,104,233
02/22/2002,MLU,LA,ASW,CE,Towers with Radar,7,22,49,16,94,1,2,54,0,57,8,24,103,16,151,62,76,138,289
02/23/2002,MLU,LA,ASW,CE,Towers with Radar,6,17,20,0,43,0,0,28,0,28,6,17,48,0,71,28,0,28,99
02/24/2002,MLU,LA,ASW,CE,Towers with Radar,6,17,25,1,49,0,0,15,1,16,6,17,40,2,65,48,0,48,113
02/25/2002,MLU,LA,ASW,CE,Towers with Radar,6,25,32,6,69,0,0,10,0,10,6,25,42,6,79,18,22,40,119
02/26/2002,MLU,LA,ASW,CE,Towers with Radar,6,26,57,24,113,0,1,12,0,13,6,27,69,24,126,58,90,148,274
02/27/2002,MLU,LA,ASW,CE,Towers with Radar,6,29,45,17,97,0,0,31,0,31,6,29,76,17,128,34,124,158,286
02/28/2002,MLU,LA,ASW,CE,Towers with Radar,6,26,37,7,76,0,4,36,0,40,6,30,73,7,116,40,24,64,180
03/01/2002,MLU,LA,ASW,CE,Towers with Radar,3,18,24,2,47,3,7,1,0,11,6,25,25,2,58,4,2,6,64
03/02/2002,MLU,LA,ASW,CE,Towers with Radar,5,17,6,0,28,1,0,0,0,1,6,17,6,0,29,10,0,10,39
03/03/2002,MLU,LA,ASW,CE,Towers with Radar,5,18,34,0,57,1,0,14,0,15,6,18,48,0,72,28,0,28,100
03/04/2002,MLU,LA,ASW,CE,Towers with Radar,5,21,35,23,84,0,0,16,0,16,5,21,51,23,100,42,24,66,166
03/05/2002,MLU,LA,ASW,CE,Towers with Radar,6,20,27,12,65,0,0,26,2,28,6,20,53,14,93,6,50,56,149
03/06/2002,MLU,LA,ASW,CE,Towers with Radar,6,23,29,10,68,0,0,27,0,27,6,23,56,10,95,36,20,56,151
03/07/2002,MLU,LA,ASW,CE,Towers with Radar,6,24,43,9,82,0,2,27,0,29,6,26,70,9,111,52,44,96,207
03/08/2002,MLU,LA,ASW,CE,Towers with Radar,6,26,50,8,90,0,0,0,0,0,6,26,50,8,90,16,26,42,132
03/09/2002,MLU,LA,ASW,CE,Towers with Radar,6,18,11,0,35,0,0,1,1,2,6,18,12,1,37,6,0,6,43
03/10/2002,MLU,LA,ASW,CE,Towers with Radar,5,18,23,4,50,0,0,16,0,16,5,18,39,4,66,32,4,36,102
03/11/2002,MLU,LA,ASW,CE,Towers with Radar,6,24,48,0,78,0,0,0,0,0,6,24,48,0,78,16,0,16,94
03/12/2002,MLU,LA,ASW,CE,Towers with Radar,4,27,41,19,91,0,0,0,0,0,4,27,41,19,91,24,26,50,141
03/13/2002,MLU,LA,ASW,CE,Towers with Radar,6,26,52,12,96,0,0,14,0,14,6,26,66,12,110,34,24,58,168
03/14/2002,MLU,LA,ASW,CE,Towers with Radar,6,24,35,10,75,0,0,27,1,28,6,24,62,11,103,26,48,74,177
03/15/2002,MLU,LA,ASW,CE,Towers with Radar,7,26,20,10,63,0,0,20,0,20,7,26,40,10,83,44,24,68,151
03/16/2002,MLU,LA,ASW,CE,Towers with Radar,6,18,24,0,48,0,0,0,0,0,6,18,24,0,48,10,0,10,58
03/17/2002,MLU,LA,ASW,CE,Towers with Radar,5,18,22,0,45,0,0,8,0,8,5,18,30,0,53,6,0,6,59
03/18/2002,MLU,LA,ASW,CE,Towers with Radar,6,20,40,8,74,0,1,2,0,3,6,21,42,8,77,12,18,30,107
03/19/2002,MLU,LA,ASW,CE,Towers with Radar,6,25,46,21,98,0,0,12,0,12,6,25,58,21,110,70,68,138,248
03/20/2002,MLU,LA,ASW,CE,Towers with Radar,6,24,25,0,55,0,0,0,0,0,6,24,25,0,55,0,0,0,55
03/21/2002,MLU,LA,ASW,CE,Towers with Radar,6,23,48,12,89,0,0,12,0,12,6,23,60,12,101,56,58,114,215
03/22/2002,MLU,LA,ASW,CE,Towers with Radar,6,25,26,14,71,0,0,34,0,34,6,25,60,14,105,56,70,126,231
03/23/2002,MLU,LA,ASW,CE,Towers with Radar,6,16,18,0,40,0,0,55,0,55,6,16,73,0,95,54,0,54,149
03/24/2002,MLU,LA,ASW,CE,Towers with Radar,6,21,16,1,44,0,0,26,1,27,6,21,42,2,71,14,0,14,85
03/25/2002,MLU,LA,ASW,CE,Towers with Radar,6,21,41,9,77,0,0,6,0,6,6,21,47,9,83,28,8,36,119
03/26/2002,MLU,LA,ASW,CE,Towers with Radar,6,25,55,30,116,0,0,6,0,6,6,25,61,30,122,20,74,94,216
03/27/2002,MLU,LA,ASW,CE,Towers with Radar,6,26,45,12,89,0,0,32,0,32,6,26,77,12,121,16,10,26,147
03/28/2002,MLU,LA,ASW,CE,Towers with Radar,6,25,1,14,46,0,0,73,0,73,6,25,74,14,119,32,50,82,201
03/29/2002,MLU,LA,ASW,CE,Towers with Radar,5,21,31,7,64,1,0,9,0,10,6,21,40,7,74,40,6,46,120
03/30/2002,MLU,LA,ASW,CE,Towers with Radar,6,13,3,0,22,0,0,0,0,0,6,13,3,0,22,8,0,8,30
03/31/2002,MLU,LA,ASW,CE,Towers with Radar,6,20,14,0,40,0,0,2,0,2,6,20,16,0,42,4,0,4,46
04/01/2002,MLU,LA,ASW,CE,Towers with Radar,6,25,34,16,81,0,0,18,0,18,6,25,52,16,99,36,28,64,163
04/02/2002,MLU,LA,ASW,CE,Towers with Radar,6,26,51,23,106,0,0,7,0,7,6,26,58,23,113,78,62,140,253
04/03/2002,MLU,LA,ASW,CE,Towers with Radar,6,24,39,18,87,0,0,5,0,5,6,24,44,18,92,20,84,104,196
04/04/2002,MLU,LA,ASW,CE,Towers with Radar,6,31,46,19,102,0,4,7,0,11,6,35,53,19,113,58,56,114,227
04/05/2002,MLU,LA,ASW,CE,Towers with Radar,6,24,29,18,77,0,0,31,0,31,6,24,60,18,108,18,60,78,186
04/06/2002,MLU,LA,ASW,CE,Towers with Radar,5,16,10,2,33,0,0,36,0,36,5,16,46,2,69,48,4,52,121
04/07/2002,MLU,LA,ASW,CE,Towers with Radar,0,23,10,0,33,0,0,8,0,8,0,23,18,0,41,6,0,6,47
04/08/2002,MLU,LA,ASW,CE,Towers with Radar,0,30,24,0,54,0,0,0,0,0,0,30,24,0,54,12,0,12,66
04/09/2002,MLU,LA,ASW,CE,Towers with Radar,0,32,37,9,78,0,0,29,0,29,0,32,66,9,107,26,36,62,169
04/10/2002,MLU,LA,ASW,CE,Towers with Radar,0,33,63,14,110,0,0,40,0,40,0,33,103,14,150,58,44,102,252
04/11/2002,MLU,LA,ASW,CE,Towers with Radar,0,30,53,12,95,0,0,21,0,21,0,30,74,12,116,62,72,134,250
04/12/2002,MLU,LA,ASW,CE,Towers with Radar,0,28,65,19,112,0,0,0,0,0,0,28,65,19,112,98,62,160,272
04/13/2002,MLU,LA,ASW,CE,Towers with Radar,0,24,28,0,52,0,0,19,0,19,0,24,47,0,71,40,0,40,111
04/14/2002,MLU,LA,ASW,CE,Towers with Radar,0,26,24,2,52,0,0,11,0,11,0,26,35,2,63,40,0,40,103
04/15/2002,MLU,LA,ASW,CE,Towers with Radar,0,30,47,22,99,0,0,31,0,31,0,30,78,22,130,52,34,86,216
04/16/2002,MLU,LA,ASW,CE,Towers with Radar,0,36,52,9,97,0,0,12,0,12,0,36,64,9,109,32,22,54,163
04/17/2002,MLU,LA,ASW,CE,Towers with Radar,0,32,45,27,104,0,0,14,0,14,0,32,59,27,118,54,6,60,178
04/18/2002,MLU,LA,ASW,CE,Towers with Radar,0,30,41,13,84,0,0,29,0,29,0,30,70,13,113,50,122,172,285
04/19/2002,MLU,LA,ASW,CE,Towers with Radar,0,31,41,10,82,0,0,28,0,28,0,31,69,10,110,26,56,82,192
04/20/2002,MLU,LA,ASW,CE,Towers with Radar,0,24,20,3,47,0,0,14,0,14,0,24,34,3,61,34,4,38,99
04/21/2002,MLU,LA,ASW,CE,Towers with Radar,0,28,27,0,55,0,0,12,0,12,0,28,39,0,67,4,0,4,71
04/22/2002,MLU,LA,ASW,CE,Towers with Radar,0,31,30,8,69,0,0,6,0,6,0,31,36,8,75,38,4,42,117
04/23/2002,MLU,LA,ASW,CE,Towers with Radar,0,33,56,18,107,0,0,18,0,18,0,33,74,18,125,18,68,86,211
04/24/2002,MLU,LA,ASW,CE,Towers with Radar,0,31,56,27,114,0,0,9,0,9,0,31,65,27,123,42,78,120,243
04/25/2002,MLU,LA,ASW,CE,Towers with Radar,0,34,32,18,84,0,0,15,0,15,0,34,47,18,99,48,28,76,175
04/26/2002,MLU,LA,ASW,CE,Towers with Radar,0,32,52,4,88,0,0,16,0,16,0,32,68,4,104,38,10,48,152
04/27/2002,MLU,LA,ASW,CE,Towers with Radar,0,22,15,0,37,0,0,13,0,13,0,22,28,0,50,24,0,24,74
04/28/2002,MLU,LA,ASW,CE,Towers with Radar,0,26,34,0,60,0,0,18,2,20,0,26,52,2,80,20,0,20,100
04/29/2002,MLU,LA,ASW,CE,Towers with Radar,0,32,44,35,111,0,0,19,0,19,0,32,63,35,130,54,62,116,246
04/30/2002,MLU,LA,ASW,CE,Towers with Radar,0,34,48,36,118,0,0,23,0,23,0,34,71,36,141,40,112,152,293
05/01/2002,MLU,LA,ASW,CE,Towers with Radar,0,29,49,20,98,0,0,35,0,35,0,29,84,20,133,36,84,120,253
05/02/2002,MLU,LA,ASW,CE,Towers with Radar,0,32,42,28,102,0,0,22,0,22,0,32,64,28,124,34,142,176,300
05/03/2002,MLU,LA,ASW,CE,Towers with Radar,0,32,44,0,76,0,0,0,0,0,0,32,44,0,76,36,0,36,112
05/04/2002,MLU,LA,ASW,CE,Towers with Radar,0,22,32,2,56,0,0,2,0,2,0,22,34,2,58,16,2,18,76
05/05/2002,MLU,LA,ASW,CE,Towers with Radar,0,27,53,4,84,0,0,12,0,12,0,27,65,4,96,48,18,66,162
05/06/2002,MLU,LA,ASW,CE,Towers with Radar,0,32,54,0,86,0,0,18,0,18,0,32,72,0,104,52,0,52,156
05/07/2002,MLU,LA,ASW,CE,Towers with Radar,0,33,70,3,106,0,2,4,0,6,0,35,74,3,112,66,10,76,188
05/08/2002,MLU,LA,ASW,CE,Towers with Radar,0,33,66,8,107,0,0,25,0,25,0,33,91,8,132,34,14,48,180
05/09/2002,MLU,LA,ASW,CE,Towers with Radar,0,30,64,3,97,0,0,22,0,22,0,30,86,3,119,40,2,42,161
05/10/2002,MLU,LA,ASW,CE,Towers with Radar,0,33,45,0,78,0,0,5,0,5,0,33,50,0,83,20,0,20,103
05/11/2002,MLU,LA,ASW,CE,Towers with Radar,0,22,20,0,42,0,0,31,0,31,0,22,51,0,73,32,0,32,105
05/12/2002,MLU,LA,ASW,CE,Towers with Radar,0,27,26,0,53,0,0,20,0,20,0,27,46,0,73,32,0,32,105
05/13/2002,MLU,LA,ASW,CE,Towers with Radar,0,31,38,12,81,0,0,27,0,27,0,31,65,12,108,34,70,104,212
05/14/2002,MLU,LA,ASW,CE,Towers with Radar,0,30,45,19,94,0,0,60,0,60,0,30,105,19,154,62,26,88,242
05/15/2002,MLU,LA,ASW,CE,Towers with Radar,0,30,40,7,77,0,0,29,2,31,0,30,69,9,108,34,8,42,150
05/16/2002,MLU,LA,ASW,CE,Towers with Radar,0,30,36,10,76,0,0,29,1,30,0,30,65,11,106,38,32,70,176
05/17/2002,MLU,LA,ASW,CE,Towers with Radar,0,37,34,2,73,0,0,6,0,6,0,37,40,2,79,2,20,22,101
05/18/2002,MLU,LA,ASW,CE,Towers with Radar,0,23,26,8,57,0,0,19,0,19,0,23,45,8,76,36,12,48,124
05/19/2002,MLU,LA,ASW,CE,Towers with Radar,0,26,21,0,47,0,0,27,0,27,0,26,48,0,74,36,0,36,110
05/20/2002,MLU,LA,ASW,CE,Towers with Radar,0,31,24,20,75,0,0,43,0,43,0,31,67,20,118,24,104,128,246
05/21/2002,MLU,LA,ASW,CE,Towers with Radar,0,30,36,22,88,0,0,48,0,48,0,30,84,22,136,38,42,80,216
05/22/2002,MLU,LA,ASW,CE,Towers with Radar,0,32,36,22,90,0,0,31,0,31,0,32,67,22,121,6,76,82,203
05/23/2002,MLU,LA,ASW,CE,Towers with Radar,0,28,41,12,81,0,0,37,0,37,0,28,78,12,118,22,64,86,204
05/24/2002,MLU,LA,ASW,CE,Towers with Radar,0,33,27,6,66,0,0,45,0,45,0,33,72,6,111,32,30,62,173
05/25/2002,MLU,LA,ASW,CE,Towers with Radar,0,22,17,0,39,0,0,23,0,23,0,22,40,0,62,22,0,22,84
05/26/2002,MLU,LA,ASW,CE,Towers with Radar,0,20,21,0,41,0,0,11,0,11,0,20,32,0,52,66,0,66,118
05/27/2002,MLU,LA,ASW,CE,Towers with Radar,0,27,15,0,42,0,0,34,0,34,0,27,49,0,76,50,0,50,126
05/28/2002,MLU,LA,ASW,CE,Towers with Radar,0,34,22,33,89,0,0,29,0,29,0,34,51,33,118,24,200,224,342
05/29/2002,MLU,LA,ASW,CE,Towers with Radar,0,32,34,10,76,0,0,15,0,15,0,32,49,10,91,50,22,72,163
05/30/2002,MLU,LA,ASW,CE,Towers with Radar,0,37,34,14,85,0,0,8,0,8,0,37,42,14,93,10,22,32,125
05/31/2002,MLU,LA,ASW,CE,Towers with Radar,0,34,34,2,70,0,0,32,0,32,0,34,66,2,102,58,12,70,172
06/01/2002,MLU,LA,ASW,CE,Towers with Radar,0,21,8,0,29,0,1,134,0,135,0,22,142,0,164,40,0,40,204
06/02/2002,MLU,LA,ASW,CE,Towers with Radar,0,26,15,0,41,0,0,18,0,18,0,26,33,0,59,98,0,98,157
06/03/2002,MLU,LA,ASW,CE,Towers with Radar,0,31,32,8,71,0,0,56,0,56,0,31,88,8,127,110,52,162,289
06/04/2002,MLU,LA,ASW,CE,Towers with Radar,0,30,52,2,84,0,0,32,0,32,0,30,84,2,116,88,14,102,218
06/05/2002,MLU,LA,ASW,CE,Towers with Radar,0,32,42,6,80,0,0,28,0,28,0,32,70,6,108,92,16,108,216
06/06/2002,MLU,LA,ASW,CE,Towers with Radar,0,29,52,24,105,0,0,19,0,19,0,29,71,24,124,50,84,134,258
06/07/2002,MLU,LA,ASW,CE,Towers with Radar,0,33,60,18,111,0,0,36,0,36,0,33,96,18,147,58,64,122,269
06/08/2002,MLU,LA,ASW,CE,Towers with Radar,0,22,12,0,34,0,0,31,0,31,0,22,43,0,65,10,0,10,75
06/09/2002,MLU,LA,ASW,CE,Towers with Radar,0,30,20,2,52,0,0,20,0,20,0,30,40,2,72,68,2,70,142
06/10/2002,MLU,LA,ASW,CE,Towers with Radar,0,32,29,4,65,0,1,9,0,10,0,33,38,4,75,2,2,4,79
06/11/2002,MLU,LA,ASW,CE,Towers with Radar,0,37,36,12,85,0,1,43,0,44,0,38,79,12,129,102,52,154,283
06/12/2002,MLU,LA,ASW,CE,Towers with Radar,0,33,40,10,83,0,0,47,0,47,0,33,87,10,130,40,84,124,254
06/13/2002,MLU,LA,ASW,CE,Towers with Radar,0,37,44,9,90,0,0,27,0,27,0,37,71,9,117,94,66,160,277
06/14/2002,MLU,LA,ASW,CE,Towers with Radar,0,32,47,10,89,0,0,12,0,12,0,32,59,10,101,26,78,104,205
06/15/2002,MLU,LA,ASW,CE,Towers with Radar,0,22,16,0,38,0,0,27,0,27,0,22,43,0,65,30,0,30,95
06/16/2002,MLU,LA,ASW,CE,Towers with Radar,0,26,28,4,58,0,0,3,0,3,0,26,31,4,61,24,16,40,101
06/17/2002,MLU,LA,ASW,CE,Towers with Radar,0,32,34,21,87,0,0,40,0,40,0,32,74,21,127,50,76,126,253
06/18/2002,MLU,LA,ASW,CE,Towers with Radar,0,33,48,21,102,0,0,39,0,39,0,33,87,21,141,94,76,170,311
06/19/2002,MLU,LA,ASW,CE,Towers with Radar,0,36,46,16,98,0,0,40,0,40,0,36,86,16,138,60,102,162,300
06/20/2002,MLU,LA,ASW,CE,Towers with Radar,0,32,37,13,82,0,0,37,0,37,0,32,74,13,119,76,14,90,209
06/21/2002,MLU,LA,ASW,CE,Towers with Radar,0,32,46,10,88,0,0,34,0,34,0,32,80,10,122,56,20,76,198
06/22/2002,MLU,LA,ASW,CE,Towers with Radar,0,22,15,0,37,0,0,27,0,27,0,22,42,0,64,14,0,14,78
06/23/2002,MLU,LA,ASW,CE,Towers with Radar,0,25,29,0,54,0,1,10,0,11,0,26,39,0,65,14,0,14,79
06/24/2002,MLU,LA,ASW,CE,Towers with Radar,0,34,59,8,101,0,0,3,0,3,0,34,62,8,104,30,14,44,148
06/25/2002,MLU,LA,ASW,CE,Towers with Radar,0,34,34,20,88,0,0,17,0,17,0,34,51,20,105,50,34,84,189
06/26/2002,MLU,LA,ASW,CE,Towers with Radar,0,34,46,7,87,0,0,16,0,16,0,34,62,7,103,94,16,110,213
06/27/2002,MLU,LA,ASW,CE,Towers with Radar,2,35,51,11,99,0,0,4,0,4,2,35,55,11,103,40,22,62,165
06/28/2002,MLU,LA,ASW,CE,Towers with Radar,0,37,19,4,60,0,0,10,0,10,0,37,29,4,70,42,14,56,126
06/29/2002,MLU,LA,ASW,CE,Towers with Radar,0,22,25,2,49,0,0,0,0,0,0,22,25,2,49,16,6,22,71
06/30/2002,MLU,LA,ASW,CE,Towers with Radar,2,26,22,0,50,0,1,9,0,10,2,27,31,0,60,24,0,24,84
07/01/2002,MLU,LA,ASW,CE,Towers with Radar,0,33,50,8,91,0,1,16,0,17,0,34,66,8,108,118,30,148,256
07/02/2002,MLU,LA,ASW,CE,Towers with Radar,0,31,39,18,88,0,1,18,0,19,0,32,57,18,107,58,44,102,209
07/03/2002,MLU,LA,ASW,CE,Towers with Radar,0,31,46,10,87,0,1,12,0,13,0,32,58,10,100,38,26,64,164
07/04/2002,MLU,LA,ASW,CE,Towers with Radar,0,24,16,0,40,0,1,33,0,34,0,25,49,0,74,28,0,28,102
07/05/2002,MLU,LA,ASW,CE,Towers with Radar,0,31,30,0,61,0,1,21,0,22,0,32,51,0,83,52,0,52,135
07/06/2002,MLU,LA,ASW,CE,Towers with Radar,0,21,15,0,36,0,1,22,0,23,0,22,37,0,59,20,0,20,79
07/07/2002,MLU,LA,ASW,CE,Towers with Radar,0,25,32,0,57,0,1,10,0,11,0,26,42,0,68,16,0,16,84
07/08/2002,MLU,LA,ASW,CE,Towers with Radar,0,31,55,18,104,0,1,10,0,11,0,32,65,18,115,104,82,186,301
07/09/2002,MLU,LA,ASW,CE,Towers with Radar,0,33,76,17,126,0,0,19,0,19,0,33,95,17,145,96,24,120,265
07/10/2002,MLU,LA,ASW,CE,Towers with Radar,0,33,51,11,95,0,0,39,0,39,0,33,90,11,134,52,30,82,216
07/11/2002,MLU,LA,ASW,CE,Towers with Radar,0,32,36,9,77,0,0,28,0,28,0,32,64,9,105,22,16,38,143
07/12/2002,MLU,LA,ASW,CE,Towers with Radar,0,36,37,20,93,0,0,8,0,8,0,36,45,20,101,28,52,80,181
07/13/2002,MLU,LA,ASW,CE,Towers with Radar,0,24,20,1,45,0,0,23,0,23,0,24,43,1,68,12,2,14,82
07/14/2002,MLU,LA,ASW,CE,Towers with Radar,0,24,22,1,47,0,0,25,0,25,0,24,47,1,72,52,0,52,124
07/15/2002,MLU,LA,ASW,CE,Towers with Radar,0,34,38,15,87,0,0,38,0,38,0,34,76,15,125,58,72,130,255
07/16/2002,MLU,LA,ASW,CE,Towers with Radar,0,35,43,6,84,0,0,21,0,21,0,35,64,6,105,70,16,86,191
07/17/2002,MLU,LA,ASW,CE,Towers with Radar,0,35,67,14,116,0,0,36,0,36,0,35,103,14,152,112,26,138,290
07/18/2002,MLU,LA,ASW,CE,Towers with Radar,0,34,36,11,81,0,0,42,0,42,0,34,78,11,123,54,92,146,269
07/19/2002,MLU,LA,ASW,CE,Towers with Radar,0,34,33,23,90,0,0,46,0,46,0,34,79,23,136,52,88,140,276
07/20/2002,MLU,LA,ASW,CE,Towers with Radar,0,22,18,6,46,0,0,36,0,36,0,22,54,6,82,54,2,56,138
07/21/2002,MLU,LA,ASW,CE,Towers with Radar,0,28,35,2,65,0,0,30,0,30,0,28,65,2,95,22,0,22,117
07/22/2002,MLU,LA,ASW,CE,Towers with Radar,0,31,44,9,84,0,0,21,0,21,0,31,65,9,105,84,104,188,293
07/23/2002,MLU,LA,ASW,CE,Towers with Radar,0,32,62,29,123,0,0,24,0,24,0,32,86,29,147,98,124,222,369
07/24/2002,MLU,LA,ASW,CE,Towers with Radar,0,32,39,10,81,0,2,32,0,34,0,34,71,10,115,26,18,44,159
07/25/2002,MLU,LA,ASW,CE,Towers with Radar,0,32,54,29,115,0,0,0,3,3,0,32,54,32,118,68,176,244,362
07/26/2002,MLU,LA,ASW,CE,Towers with Radar,0,34,49,14,97,0,0,30,0,30,0,34,79,14,127,52,14,66,193
07/27/2002,MLU,LA,ASW,CE,Towers with Radar,0,22,13,0,35,0,0,16,4,20,0,22,29,4,55,8,0,8,63
07/28/2002,MLU,LA,ASW,CE,Towers with Radar,0,27,19,0,46,0,0,23,0,23,0,27,42,0,69,40,0,40,109
07/29/2002,MLU,LA,ASW,CE,Towers with Radar,0,32,30,22,84,0,0,31,0,31,0,32,61,22,115,48,116,164,279
07/30/2002,MLU,LA,ASW,CE,Towers with Radar,0,35,44,12,91,0,1,27,0,28,0,36,71,12,119,56,26,82,201
07/31/2002,MLU,LA,ASW,CE,Towers with Radar,0,36,41,16,93,0,0,24,0,24,0,36,65,16,117,70,44,114,231
08/01/2002,MLU,LA,ASW,CE,Towers with Radar,0,29,38,13,80,0,1,53,0,54,0,30,91,13,134,120,72,192,326
08/02/2002,MLU,LA,ASW,CE,Towers with Radar,0,32,31,8,71,0,1,36,0,37,0,33,67,8,108,28,34,62,170
08/03/2002,MLU,LA,ASW,CE,Towers with Radar,0,19,20,0,39,0,1,26,0,27,0,20,46,0,66,28,0,28,94
08/04/2002,MLU,LA,ASW,CE,Towers with Radar,0,26,29,4,59,0,1,20,0,21,0,27,49,4,80,6,4,10,90
08/05/2002,MLU,LA,ASW,CE,Towers with Radar,0,36,17,4,57,0,1,18,0,19,0,37,35,4,76,10,6,16,92
08/06/2002,MLU,LA,ASW,CE,Towers with Radar,0,35,27,18,80,0,1,37,0,38,0,36,64,18,118,18,56,74,192
08/07/2002,MLU,LA,ASW,CE,Towers with Radar,0,33,49,16,98,0,1,31,0,32,0,34,80,16,130,62,22,84,214
08/08/2002,MLU,LA,ASW,CE,Towers with Radar,0,34,38,7,79,0,0,62,0,62,0,34,100,7,141,76,12,88,229
08/09/2002,MLU,LA,ASW,CE,Towers with Radar,0,35,42,8,85,0,1,26,0,27,0,36,68,8,112,46,40,86,198
08/10/2002,MLU,LA,ASW,CE,Towers with Radar,0,23,9,0,32,0,1,38,0,39,0,24,47,0,71,46,0,46,117
08/11/2002,MLU,LA,ASW,CE,Towers with Radar,0,26,25,0,51,0,0,36,0,36,0,26,61,0,87,20,0,20,107
08/12/2002,MLU,LA,ASW,CE,Towers with Radar,0,32,36,10,78,0,0,17,0,17,0,32,53,10,95,14,20,34,129
08/13/2002,MLU,LA,ASW,CE,Towers with Radar,0,32,42,9,83,0,0,14,0,14,0,32,56,9,97,46,52,98,195
08/14/2002,MLU,LA,ASW,CE,Towers with Radar,0,33,34,1,68,0,4,18,0,22,0,37,52,1,90,46,2,48,138
08/15/2002,MLU,LA,ASW,CE,Towers with Radar,0,35,36,5,76,0,0,18,0,18,0,35,54,5,94,36,0,36,130
08/16/2002,MLU,LA,ASW,CE,Towers with Radar,0,36,44,3,83,0,0,6,0,6,0,36,50,3,89,10,2,12,101
08/17/2002,MLU,LA,ASW,CE,Towers with Radar,0,28,28,1,57,0,0,22,1,23,0,28,50,2,80,6,0,6,86
08/18/2002,MLU,LA,ASW,CE,Towers with Radar,0,25,27,2,54,0,0,31,0,31,0,25,58,2,85,28,6,34,119
08/19/2002,MLU,LA,ASW,CE,Towers with Radar,0,32,33,17,82,0,0,20,2,22,0,32,53,19,104,74,64,138,242
08/20/2002,MLU,LA,ASW,CE,Towers with Radar,0,34,43,26,103,0,0,43,0,43,0,34,86,26,146,42,102,144,290
08/21/2002,MLU,LA,ASW,CE,Towers with Radar,0,38,47,18,103,0,0,46,0,46,0,38,93,18,149,66,100,166,315
08/22/2002,MLU,LA,ASW,CE,Towers with Radar,0,34,42,12,88,0,0,37,0,37,0,34,79,12,125,94,64,158,283
08/23/2002,MLU,LA,ASW,CE,Towers with Radar,0,35,37,6,78,0,0,61,0,61,0,35,98,6,139,66,30,96,235
08/24/2002,MLU,LA,ASW,CE,Towers with Radar,0,21,12,1,34,0,0,34,1,35,0,21,46,2,69,50,0,50,119
08/25/2002,MLU,LA,ASW,CE,Towers with Radar,0,26,17,1,44,0,0,16,1,17,0,26,33,2,61,8,0,8,69
08/26/2002,MLU,LA,ASW,CE,Towers with Radar,0,36,38,16,90,0,0,20,0,20,0,36,58,16,110,64,52,116,226
08/27/2002,MLU,LA,ASW,CE,Towers with Radar,0,34,38,18,90,0,0,58,0,58,0,34,96,18,148,122,34,156,304
08/28/2002,MLU,LA,ASW,CE,Towers with Radar,0,32,35,1,68,0,0,53,0,53,0,32,88,1,121,116,32,148,269
08/29/2002,MLU,LA,ASW,CE,Towers with Radar,0,35,36,15,86,0,0,50,0,50,0,35,86,15,136,52,56,108,244
08/30/2002,MLU,LA,ASW,CE,Towers with Radar,0,31,31,4,66,0,0,37,0,37,0,31,68,4,103,58,10,68,171
08/31/2002,MLU,LA,ASW,CE,Towers with Radar,0,22,10,0,32,0,0,44,0,44,0,22,54,0,76,18,0,18,94
09/01/2002,MLU,LA,ASW,CE,Towers with Radar,0,20,14,0,34,0,2,27,2,31,0,22,41,2,65,6,0,6,71
09/02/2002,MLU,LA,ASW,CE,Towers with Radar,1,24,30,0,55,0,3,31,2,36,1,27,61,2,91,76,0,76,167
09/03/2002,MLU,LA,ASW,CE,Towers with Radar,0,32,21,8,61,0,0,35,0,35,0,32,56,8,96,36,20,56,152
09/04/2002,MLU,LA,ASW,CE,Towers with Radar,0,36,36,15,87,0,0,43,0,43,0,36,79,15,130,60,22,82,212
09/05/2002,MLU,LA,ASW,CE,Towers with Radar,0,36,37,14,87,0,0,23,0,23,0,36,60,14,110,46,18,64,174
09/06/2002,MLU,LA,ASW,CE,Towers with Radar,3,31,31,18,83,0,1,61,0,62,3,32,92,18,145,100,108,208,353
09/07/2002,MLU,LA,ASW,CE,Towers with Radar,2,22,11,0,35,0,1,35,4,40,2,23,46,4,75,50,6,56,131
09/08/2002,MLU,LA,ASW,CE,Towers with Radar,0,25,16,2,43,0,2,16,1,19,0,27,32,3,62,8,2,10,72
09/09/2002,MLU,LA,ASW,CE,Towers with Radar,0,31,46,13,90,0,0,25,0,25,0,31,71,13,115,118,38,156,271
09/10/2002,MLU,LA,ASW,CE,Towers with Radar,0,27,42,36,105,0,0,23,0,23,0,27,65,36,128,42,96,138,266
09/11/2002,MLU,LA,ASW,CE,Towers with Radar,0,32,46,20,98,0,1,31,0,32,0,33,77,20,130,104,40,144,274
09/12/2002,MLU,LA,ASW,CE,Towers with Radar,0,30,39,22,91,0,1,48,0,49,0,31,87,22,140,138,56,194,334
09/13/2002,MLU,LA,ASW,CE,Towers with Radar,1,32,27,18,78,0,1,59,0,60,1,33,86,18,138,102,64,166,304
09/14/2002,MLU,LA,ASW,CE,Towers with Radar,1,21,10,5,37,0,1,18,1,20,1,22,28,6,57,10,8,18,75
09/15/2002,MLU,LA,ASW,CE,Towers with Radar,0,19,20,2,41,0,4,24,0,28,0,23,44,2,69,12,22,34,103
09/16/2002,MLU,LA,ASW,CE,Towers with Radar,0,33,46,12,91,0,0,6,0,6,0,33,52,12,97,26,18,44,141
09/17/2002,MLU,LA,ASW,CE,Towers with Radar,0,34,62,6,102,0,0,0,0,0,0,34,62,6,102,20,4,24,126
09/18/2002,MLU,LA,ASW,CE,Towers with Radar,0,34,51,17,102,0,0,25,0,25,0,34,76,17,127,40,48,88,215
09/19/2002,MLU,LA,ASW,CE,Towers with Radar,0,30,30,7,67,0,0,0,0,0,0,30,30,7,67,8,20,28,95
09/20/2002,MLU,LA,ASW,CE,Towers with Radar,6,35,32,0,73,0,0,14,0,14,6,35,46,0,87,28,0,28,115
09/21/2002,MLU,LA,ASW,CE,Towers with Radar,0,21,23,0,44,2,0,27,0,29,2,21,50,0,73,32,0,32,105
09/22/2002,MLU,LA,ASW,CE,Towers with Radar,0,26,27,2,55,4,0,23,0,27,4,26,50,2,82,58,0,58,140
09/23/2002,MLU,LA,ASW,CE,Towers with Radar,0,36,39,19,94,0,0,15,1,16,0,36,54,20,110,18,32,50,160
09/24/2002,MLU,LA,ASW,CE,Towers with Radar,0,32,42,16,90,0,0,29,0,29,0,32,71,16,119,42,22,64,183
09/25/2002,MLU,LA,ASW,CE,Towers with Radar,0,28,27,2,57,0,5,11,0,16,0,33,38,2,73,14,0,14,87
09/26/2002,MLU,LA,ASW,CE,Towers with Radar,0,21,15,0,36,0,12,0,0,12,0,33,15,0,48,4,0,4,52
09/27/2002,MLU,LA,ASW,CE,Towers with Radar,0,34,42,11,87,0,0,43,0,43,0,34,85,11,130,14,66,80,210
09/28/2002,MLU,LA,ASW,CE,Towers with Radar,0,20,18,0,38,0,0,33,2,35,0,20,51,2,73,16,0,16,89
09/29/2002,MLU,LA,ASW,CE,Towers with Radar,0,21,23,2,46,0,7,41,0,48,0,28,64,2,94,32,2,34,128
09/30/2002,MLU,LA,ASW,CE,Towers with Radar,0,34,38,0,72,0,0,42,2,44,0,34,80,2,116,88,0,88,204
10/01/2002,MLU,LA,ASW,CE,Towers with Radar,0,38,38,14,90,0,1,16,0,17,0,39,54,14,107,40,26,66,173
10/02/2002,MLU,LA,ASW,CE,Towers with Radar,0,32,45,13,90,0,1,21,0,22,0,33,66,13,112,46,30,76,188
10/03/2002,MLU,LA,ASW,CE,Towers with Radar,0,18,4,1,23,0,1,0,1,2,0,19,4,2,25,0,0,0,25
10/04/2002,MLU,LA,ASW,CE,Towers with Radar,2,21,35,21,79,0,1,9,0,10,2,22,44,21,89,24,42,66,155
10/05/2002,MLU,LA,ASW,CE,Towers with Radar,2,23,19,0,44,0,1,29,2,32,2,24,48,2,76,36,0,36,112
10/06/2002,MLU,LA,ASW,CE,Towers with Radar,0,26,30,4,60,0,1,29,0,30,0,27,59,4,90,56,0,56,146
10/07/2002,MLU,LA,ASW,CE,Towers with Radar,0,35,33,17,85,0,1,15,0,16,0,36,48,17,101,36,36,72,173
10/08/2002,MLU,LA,ASW,CE,Towers with Radar,0,33,58,10,101,0,2,43,0,45,0,35,101,10,146,138,38,176,322
10/09/2002,MLU,LA,ASW,CE,Towers with Radar,0,32,35,2,69,0,0,0,0,0,0,32,35,2,69,4,14,18,87
10/10/2002,MLU,LA,ASW,CE,Towers with Radar,2,40,68,11,121,0,0,2,0,2,2,40,70,11,123,46,20,66,189
10/11/2002,MLU,LA,ASW,CE,Towers with Radar,7,33,44,23,107,0,0,12,0,12,7,33,56,23,119,36,60,96,215
10/12/2002,MLU,LA,ASW,CE,Towers with Radar,1,22,31,0,54,0,0,40,0,40,1,22,71,0,94,50,0,50,144
10/13/2002,MLU,LA,ASW,CE,Towers with Radar,1,25,21,0,47,0,0,10,0,10,1,25,31,0,57,0,0,0,57
10/14/2002,MLU,LA,ASW,CE,Towers with Radar,0,30,46,0,76,0,0,37,2,39,0,30,83,2,115,40,0,40,155
10/15/2002,MLU,LA,ASW,CE,Towers with Radar,0,32,52,34,118,0,0,38,0,38,0,32,90,34,156,94,146,240,396
10/16/2002,MLU,LA,ASW,CE,Towers with Radar,0,37,70,18,125,0,0,37,0,37,0,37,107,18,162,110,44,154,316
10/17/2002,MLU,LA,ASW,CE,Towers with Radar,1,39,46,11,97,0,0,50,0,50,1,39,96,11,147,50,10,60,207
10/18/2002,MLU,LA,ASW,CE,Towers with Radar,1,30,37,17,85,0,1,46,0,47,1,31,83,17,132,52,38,90,222
10/19/2002,MLU,LA,ASW,CE,Towers with Radar,1,24,15,0,40,0,0,6,0,6,1,24,21,0,46,10,0,10,56
10/20/2002,MLU,LA,ASW,CE,Towers with Radar,0,18,17,2,37,0,7,0,0,7,0,25,17,2,44,0,0,0,44
10/21/2002,MLU,LA,ASW,CE,Towers with Radar,0,32,48,14,94,0,0,0,0,0,0,32,48,14,94,8,16,24,118
10/22/2002,MLU,LA,ASW,CE,Towers with Radar,0,28,54,12,94,0,0,22,0,22,0,28,76,12,116,46,10,56,172
10/23/2002,MLU,LA,ASW,CE,Towers with Radar,0,33,72,19,124,0,0,19,0,19,0,33,91,19,143,78,84,162,305
10/24/2002,MLU,LA,ASW,CE,Towers with Radar,0,31,51,26,108,0,1,1,0,2,0,32,52,26,110,2,32,34,144
10/25/2002,MLU,LA,ASW,CE,Towers with Radar,2,32,33,12,79,0,0,0,0,0,2,32,33,12,79,12,4,16,95
10/26/2002,MLU,LA,ASW,CE,Towers with Radar,1,24,23,1,49,0,0,0,1,1,1,24,23,2,50,4,0,4,54
10/27/2002,MLU,LA,ASW,CE,Towers with Radar,0,27,16,0,43,0,0,2,0,2,0,27,18,0,45,0,0,0,45
10/28/2002,MLU,LA,ASW,CE,Towers with Radar,0,28,35,5,68,0,0,0,0,0,0,28,35,5,68,0,2,2,70
10/29/2002,MLU,LA,ASW,CE,Towers with Radar,0,33,57,38,128,0,0,11,0,11,0,33,68,38,139,60,92,152,291
10/30/2002,MLU,LA,ASW,CE,Towers with Radar,0,36,67,27,130,0,0,0,0,0,0,36,67,27,130,38,32,70,200
10/31/2002,MLU,LA,ASW,CE,Towers with Radar,0,33,73,19,125,0,0,16,0,16,0,33,89,19,141,48,26,74,215
11/01/2002,MLU,LA,ASW,CE,Towers with Radar,0,33,38,14,85,0,1,31,0,32,0,34,69,14,117,16,6,22,139
11/02/2002,MLU,LA,ASW,CE,Towers with Radar,0,21,18,0,39,0,0,11,0,11,0,21,29,0,50,30,0,30,80
11/03/2002,MLU,LA,ASW,CE,Towers with Radar,0,22,22,4,48,0,1,1,0,2,0,23,23,4,50,2,2,4,54
11/04/2002,MLU,LA,ASW,CE,Towers with Radar,0,33,36,30,99,0,1,7,0,8,0,34,43,30,107,22,30,52,159
11/05/2002,MLU,LA,ASW,CE,Towers with Radar,0,29,35,6,70,0,1,5,0,6,0,30,40,6,76,0,14,14,90
11/06/2002,MLU,LA,ASW,CE,Towers with Radar,0,33,62,21,116,0,1,45,0,46,0,34,107,21,162,64,108,172,334
11/07/2002,MLU,LA,ASW,CE,Towers with Radar,0,34,46,18,98,0,0,69,0,69,0,34,115,18,167,100,30,130,297
11/08/2002,MLU,LA,ASW,CE,Towers with Radar,0,33,48,16,97,0,0,50,0,50,0,33,98,16,147,82,72,154,301
11/09/2002,MLU,LA,ASW,CE,Towers with Radar,0,21,22,2,45,0,1,29,0,30,0,22,51,2,75,52,4,56,131
11/10/2002,MLU,LA,ASW,CE,Towers with Radar,0,21,21,2,44,0,6,0,0,6,0,27,21,2,50,10,0,10,60
11/11/2002,MLU,LA,ASW,CE,Towers with Radar,0,28,34,4,66,0,1,39,0,40,0,29,73,4,106,116,0,116,222
11/12/2002,MLU,LA,ASW,CE,Towers with Radar,0,33,53,27,113,0,0,49,1,50,0,33,102,28,163,70,70,140,303
11/13/2002,MLU,LA,ASW,CE,Towers with Radar,0,33,45,15,93,0,0,68,0,68,0,33,113,15,161,118,58,176,337
11/14/2002,MLU,LA,ASW,CE,Towers with Radar,0,32,41,9,82,0,2,47,0,49,0,34,88,9,131,56,26,82,213
11/15/2002,MLU,LA,ASW,CE,Towers with Radar,0,35,42,15,92,0,1,6,0,7,0,36,48,15,99,6,36,42,141
11/16/2002,MLU,LA,ASW,CE,Towers with Radar,0,22,12,1,35,0,1,23,0,24,0,23,35,1,59,38,0,38,97
11/17/2002,MLU,LA,ASW,CE,Towers with Radar,0,25,25,7,57,0,1,26,0,27,0,26,51,7,84,38,24,62,146
11/18/2002,MLU,LA,ASW,CE,Towers with Radar,0,31,60,11,102,0,0,15,0,15,0,31,75,11,117,46,30,76,193
11/19/2002,MLU,LA,ASW,CE,Towers with Radar,0,33,62,14,109,0,1,63,0,64,0,34,125,14,173,88,32,120,293
11/20/2002,MLU,LA,ASW,CE,Towers with Radar,0,31,67,34,132,0,0,57,13,70,0,31,124,47,202,94,170,264,466
11/21/2002,MLU,LA,ASW,CE,Towers with Radar,0,33,40,40,113,0,0,56,0,56,0,33,96,40,169,46,76,122,291
11/22/2002,MLU,LA,ASW,CE,Towers with Radar,0,33,60,18,111,0,0,62,0,62,0,33,122,18,173,60,22,82,255
11/23/2002,MLU,LA,ASW,CE,Towers with Radar,0,23,24,3,50,0,0,53,0,53,0,23,77,3,103,94,2,96,199
11/24/2002,MLU,LA,ASW,CE,Towers with Radar,0,21,26,5,52,0,7,45,0,52,0,28,71,5,104,46,6,52,156
11/25/2002,MLU,LA,ASW,CE,Towers with Radar,0,29,36,2,67,0,2,11,0,13,0,31,47,2,80,12,6,18,98
11/26/2002,MLU,LA,ASW,CE,Towers with Radar,0,34,50,0,84,0,0,0,0,0,0,34,50,0,84,8,0,8,92
11/27/2002,MLU,LA,ASW,CE,Towers with Radar,0,34,53,5,92,0,0,30,0,30,0,34,83,5,122,48,52,100,222
11/28/2002,MLU,LA,ASW,CE,Towers with Radar,0,13,16,0,29,0,14,12,0,26,0,27,28,0,55,10,0,10,65
11/29/2002,MLU,LA,ASW,CE,Towers with Radar,0,26,36,0,62,0,0,143,0,143,0,26,179,0,205,66,0,66,271
11/30/2002,MLU,LA,ASW,CE,Towers with Radar,0,20,11,0,31,0,0,48,0,48,0,20,59,0,79,30,0,30,109
12/01/2002,MLU,LA,ASW,CE,Towers with Radar,0,24,19,0,43,0,2,53,0,55,0,26,72,0,98,102,0,102,200
12/02/2002,MLU,LA,ASW,CE,Towers with Radar,0,32,41,22,95,0,0,42,6,48,0,32,83,28,143,6,42,48,191
12/03/2002,MLU,LA,ASW,CE,Towers with Radar,0,35,41,7,83,0,2,16,0,18,0,37,57,7,101,82,34,116,217
12/04/2002,MLU,LA,ASW,CE,Towers with Radar,0,32,17,0,49,0,2,0,0,2,0,34,17,0,51,0,0,0,51
12/05/2002,MLU,LA,ASW,CE,Towers with Radar,0,33,54,27,114,0,0,8,0,8,0,33,62,27,122,16,116,132,254
12/06/2002,MLU,LA,ASW,CE,Towers with Radar,0,32,37,15,84,0,0,92,0,92,0,32,129,15,176,74,42,116,292
12/07/2002,MLU,LA,ASW,CE,Towers with Radar,0,21,19,2,42,0,2,35,0,37,0,23,54,2,79,28,0,28,107
12/08/2002,MLU,LA,ASW,CE,Towers with Radar,0,23,45,4,72,0,2,23,0,25,0,25,68,4,97,62,0,62,159
12/09/2002,MLU,LA,ASW,CE,Towers with Radar,0,32,40,18,90,0,2,31,0,33,0,34,71,18,123,42,36,78,201
12/10/2002,MLU,LA,ASW,CE,Towers with Radar,0,32,45,33,110,0,2,22,0,24,0,34,67,33,134,42,246,288,422
12/11/2002,MLU,LA,ASW,CE,Towers with Radar,0,39,51,23,113,0,0,41,0,41,0,39,92,23,154,62,40,102,256
12/12/2002,MLU,LA,ASW,CE,Towers with Radar,0,31,46,23,100,0,0,32,0,32,0,31,78,23,132,62,28,90,222
12/13/2002,MLU,LA,ASW,CE,Towers with Radar,0,36,51,32,119,0,2,5,0,7,0,38,56,32,126,2,66,68,194
12/14/2002,MLU,LA,ASW,CE,Towers with Radar,0,20,17,2,39,0,2,57,0,59,0,22,74,2,98,40,4,44,142
12/15/2002,MLU,LA,ASW,CE,Towers with Radar,0,26,38,2,66,0,2,26,0,28,0,28,64,2,94,52,2,54,148
12/16/2002,MLU,LA,ASW,CE,Towers with Radar,0,33,38,19,90,0,3,26,0,29,0,36,64,19,119,42,156,198,317
12/17/2002,MLU,LA,ASW,CE,Towers with Radar,0,38,49,8,95,0,0,27,0,27,0,38,76,8,122,60,22,82,204
12/18/2002,MLU,LA,ASW,CE,Towers with Radar,0,32,39,12,83,0,0,0,0,0,0,32,39,12,83,0,26,26,109
12/19/2002,MLU,LA,ASW,CE,Towers with Radar,2,39,50,2,93,0,2,38,0,40,2,41,88,2,133,98,0,98,231
12/20/2002,MLU,LA,ASW,CE,Towers with Radar,0,35,57,4,96,0,1,53,0,54,0,36,110,4,150,110,8,118,268
12/21/2002,MLU,LA,ASW,CE,Towers with Radar,0,24,19,0,43,0,1,40,0,41,0,25,59,0,84,36,0,36,120
12/22/2002,MLU,LA,ASW,CE,Towers with Radar,0,25,21,0,46,0,2,37,0,39,0,27,58,0,85,52,0,52,137
12/23/2002,MLU,LA,ASW,CE,Towers with Radar,0,23,22,0,45,0,1,2,0,3,0,24,24,0,48,2,0,2,50
12/24/2002,MLU,LA,ASW,CE,Towers with Radar,0,21,20,0,41,0,1,5,0,6,0,22,25,0,47,0,0,0,47
12/25/2002,MLU,LA,ASW,CE,Towers with Radar,0,10,13,0,23,0,13,2,0,15,0,23,15,0,38,0,0,0,38
12/26/2002,MLU,LA,ASW,CE,Towers with Radar,0,32,16,1,49,0,0,43,0,43,0,32,59,1,92,0,2,2,94
12/27/2002,MLU,LA,ASW,CE,Towers with Radar,0,34,19,4,57,0,0,47,0,47,0,34,66,4,104,58,22,80,184
12/28/2002,MLU,LA,ASW,CE,Towers with Radar,0,22,15,0,37,0,0,44,0,44,0,22,59,0,81,44,0,44,125
12/29/2002,MLU,LA,ASW,CE,Towers with Radar,0,34,29,0,63,0,0,15,0,15,0,34,44,0,78,0,0,0,78
12/30/2002,MLU,LA,ASW,CE,Towers with Radar,0,28,22,0,50,0,0,13,0,13,0,28,35,0,63,34,0,34,97
12/31/2002,MLU,LA,ASW,CE,Towers with Radar,0,27,28,0,55,0,0,0,0,0,0,27,28,0,55,0,0,0,55
01/01/2003,MLU,LA,ASW,CE,Towers with Radar,0,21,5,0,26,0,0,24,0,24,0,21,29,0,50,14,0,14,64
01/02/2003,MLU,LA,ASW,CE,Towers with Radar,0,27,32,0,59,0,4,15,0,19,0,31,47,0,78,48,0,48,126
01/03/2003,MLU,LA,ASW,CE,Towers with Radar,0,41,39,31,111,0,1,44,0,45,0,42,83,31,156,42,82,124,280
01/04/2003,MLU,LA,ASW,CE,Towers with Radar,0,21,20,1,42,0,1,48,1,50,0,22,68,2,92,44,2,46,138
01/05/2003,MLU,LA,ASW,CE,Towers with Radar,0,26,18,1,45,0,1,27,1,29,0,27,45,2,74,24,0,24,98
01/06/2003,MLU,LA,ASW,CE,Towers with Radar,0,28,40,12,80,0,1,23,5,29,0,29,63,17,109,102,26,128,237
01/07/2003,MLU,LA,ASW,CE,Towers with Radar,0,34,30,13,77,0,0,48,0,48,0,34,78,13,125,94,4,98,223
01/08/2003,MLU,LA,ASW,CE,Towers with Radar,0,31,33,23,87,0,2,50,9,61,0,33,83,32,148,76,58,134,282
01/09/2003,MLU,LA,ASW,CE,Towers with Radar,0,34,45,17,96,0,2,28,0,30,0,36,73,17,126,74,52,126,252
01/10/2003,MLU,LA,ASW,CE,Towers with Radar,0,32,30,7,69,0,1,39,0,40,0,33,69,7,109,42,26,68,177
01/11/2003,MLU,LA,ASW,CE,Towers with Radar,0,20,12,0,32,0,1,50,0,51,0,21,62,0,83,92,0,92,175
01/12/2003,MLU,LA,ASW,CE,Towers with Radar,0,21,23,4,48,0,6,4,0,10,0,27,27,4,58,2,6,8,66
01/13/2003,MLU,LA,ASW,CE,Towers with Radar,0,31,28,6,65,0,1,32,0,33,0,32,60,6,98,80,24,104,202
01/14/2003,MLU,LA,ASW,CE,Towers with Radar,0,33,42,6,81,0,0,0,0,0,0,33,42,6,81,30,14,44,125
01/15/2003,MLU,LA,ASW,CE,Towers with Radar,0,33,79,16,128,0,1,16,0,17,0,34,95,16,145,86,72,158,303
01/16/2003,MLU,LA,ASW,CE,Towers with Radar,0,30,23,4,57,0,2,4,0,6,0,32,27,4,63,6,18,24,87
01/17/2003,MLU,LA,ASW,CE,Towers with Radar,0,32,48,23,103,0,0,37,0,37,0,32,85,23,140,64,86,150,290
01/18/2003,MLU,LA,ASW,CE,Towers with Radar,0,19,13,0,32,0,1,45,0,46,0,20,58,0,78,26,0,26,104
01/19/2003,MLU,LA,ASW,CE,Towers with Radar,0,27,19,0,46,0,1,37,0,38,0,28,56,0,84,88,0,88,172
01/20/2003,MLU,LA,ASW,CE,Towers with Radar,0,30,37,0,67,0,2,19,0,21,0,32,56,0,88,30,0,30,118
01/21/2003,MLU,LA,ASW,CE,Towers with Radar,0,32,47,38,117,0,0,0,0,0,0,32,47,38,117,24,100,124,241
01/22/2003,MLU,LA,ASW,CE,Towers with Radar,0,34,41,39,114,0,0,3,0,3,0,34,44,39,117,16,148,164,281
01/23/2003,MLU,LA,ASW,CE,Towers with Radar,0,36,37,22,95,0,0,24,0,24,0,36,61,22,119,18,46,64,183
01/24/2003,MLU,LA,ASW,CE,Towers with Radar,0,35,25,9,69,0,0,41,0,41,0,35,66,9,110,30,28,58,168
01/25/2003,MLU,LA,ASW,CE,Towers with Radar,0,17,5,9,31,0,0,41,0,41,0,17,46,9,72,74,30,104,176
01/26/2003,MLU,LA,ASW,CE,Towers with Radar,0,28,14,0,42,0,0,14,0,14,0,28,28,0,56,6,0,6,62
01/27/2003,MLU,LA,ASW,CE,Towers with Radar,0,32,20,8,60,0,0,44,3,47,0,32,64,11,107,60,12,72,179
01/28/2003,MLU,LA,ASW,CE,Towers with Radar,0,34,63,10,107,0,0,2,0,2,0,34,65,10,109,34,16,50,159
01/29/2003,MLU,LA,ASW,CE,Towers with Radar,0,35,40,19,94,0,0,0,0,0,0,35,40,19,94,6,64,70,164
01/30/2003,MLU,LA,ASW,CE,Towers with Radar,0,34,37,10,81,0,0,4,0,4,0,34,41,10,85,0,62,62,147
01/31/2003,MLU,LA,ASW,CE,Towers with Radar,0,31,48,21,100,0,0,14,0,14,0,31,62,21,114,70,60,130,244
02/01/2003,MLU,LA,ASW,CE,Towers with Radar,0,17,13,2,32,0,1,32,0,33,0,18,45,2,65,80,6,86,151
02/02/2003,MLU,LA,ASW,CE,Towers with Radar,0,28,13,1,42,0,0,14,3,17,0,28,27,4,59,2,2,4,63
02/03/2003,MLU,LA,ASW,CE,Towers with Radar,0,30,33,10,73,0,0,0,0,0,0,30,33,10,73,4,12,16,89
02/04/2003,MLU,LA,ASW,CE,Towers with Radar,0,33,38,19,90,0,0,30,0,30,0,33,68,19,120,70,54,124,244
02/05/2003,MLU,LA,ASW,CE,Towers with Radar,0,38,36,12,86,0,0,30,1,31,0,38,66,13,117,40,26,66,183
02/06/2003,MLU,LA,ASW,CE,Towers with Radar,0,36,26,0,62,0,0,0,1,1,0,36,26,1,63,2,0,2,65
02/07/2003,MLU,LA,ASW,CE,Towers with Radar,0,33,41,26,100,0,0,12,0,12,0,33,53,26,112,80,72,152,264
02/08/2003,MLU,LA,ASW,CE,Towers with Radar,0,20,24,0,44,0,1,33,0,34,0,21,57,0,78,102,0,102,180
02/09/2003,MLU,LA,ASW,CE,Towers with Radar,0,28,9,0,37,0,0,0,1,1,0,28,9,1,38,0,0,0,38
02/10/2003,MLU,LA,ASW,CE,Towers with Radar,0,34,66,23,123,0,0,70,0,70,0,34,136,23,193,54,186,240,433
02/11/2003,MLU,LA,ASW,CE,Towers with Radar,0,33,52,19,104,0,0,75,0,75,0,33,127,19,179,90,62,152,331
02/12/2003,MLU,LA,ASW,CE,Towers with Radar,0,33,38,8,79,0,0,49,0,49,0,33,87,8,128,46,22,68,196
02/13/2003,MLU,LA,ASW,CE,Towers with Radar,0,36,42,7,85,0,0,39,0,39,0,36,81,7,124,58,32,90,214
02/14/2003,MLU,LA,ASW,CE,Towers with Radar,0,33,36,20,89,0,0,1,0,1,0,33,37,20,90,18,108,126,216
02/15/2003,MLU,LA,ASW,CE,Towers with Radar,0,21,11,0,32,0,0,1,0,1,0,21,12,0,33,0,0,0,33
02/16/2003,MLU,LA,ASW,CE,Towers with Radar,0,24,14,0,38,0,0,0,0,0,0,24,14,0,38,8,0,8,46
02/17/2003,MLU,LA,ASW,CE,Towers with Radar,0,28,45,0,73,0,1,40,0,41,0,29,85,0,114,114,0,114,228
02/18/2003,MLU,LA,ASW,CE,Towers with Radar,0,37,42,41,120,0,0,48,0,48,0,37,90,41,168,84,142,226,394
02/19/2003,MLU,LA,ASW,CE,Towers with Radar,0,34,43,14,91,0,0,13,0,13,0,34,56,14,104,24,90,114,218
02/20/2003,MLU,LA,ASW,CE,Towers with Radar,0,32,53,7,92,0,0,0,0,0,0,32,53,7,92,0,8,8,100
02/21/2003,MLU,LA,ASW,CE,Towers with Radar,0,14,8,0,22,0,13,0,0,13,0,27,8,0,35,0,0,0,35
02/22/2003,MLU,LA,ASW,CE,Towers with Radar,0,21,22,4,47,0,0,0,0,0,0,21,22,4,47,4,10,14,61
02/23/2003,MLU,LA,ASW,CE,Towers with Radar,0,24,25,5,54,0,0,10,0,10,0,24,35,5,64,60,2,62,126
02/24/2003,MLU,LA,ASW,CE,Towers with Radar,0,28,36,6,70,0,0,37,0,37,0,28,73,6,107,36,16,52,159
02/25/2003,MLU,LA,ASW,CE,Towers with Radar,0,23,19,8,50,0,10,0,0,10,0,33,19,8,60,10,6,16,76
02/26/2003,MLU,LA,ASW,CE,Towers with Radar,0,26,37,0,63,0,0,0,0,0,0,26,37,0,63,0,4,4,67
02/27/2003,MLU,LA,ASW,CE,Towers with Radar,0,30,24,16,70,0,2,0,0,2,0,32,24,16,72,0,8,8,80
02/28/2003,MLU,LA,ASW,CE,Towers with Radar,0,35,24,11,70,0,0,0,0,0,0,35,24,11,70,0,24,24,94
03/01/2003,MLU,LA,ASW,CE,Towers with Radar,0,20,15,2,37,0,1,1,0,2,0,21,16,2,39,0,4,4,43
03/02/2003,MLU,LA,ASW,CE,Towers with Radar,0,25,24,2,51,0,0,32,0,32,0,25,56,2,83,42,2,44,127
03/03/2003,MLU,LA,ASW,CE,Towers with Radar,0,32,25,6,63,0,0,38,0,38,0,32,63,6,101,54,14,68,169
03/04/2003,MLU,LA,ASW,CE,Towers with Radar,0,35,41,16,92,0,0,0,0,0,0,35,41,16,92,8,24,32,124
03/05/2003,MLU,LA,ASW,CE,Towers with Radar,0,29,41,0,70,0,0,2,0,2,0,29,43,0,72,0,0,0,72
03/06/2003,MLU,LA,ASW,CE,Towers with Radar,0,35,55,23,113,0,0,7,0,7,0,35,62,23,120,16,22,38,158
03/07/2003,MLU,LA,ASW,CE,Towers with Radar,0,32,35,2,69,0,0,26,0,26,0,32,61,2,95,56,0,56,151
03/08/2003,MLU,LA,ASW,CE,Towers with Radar,0,22,13,0,35,0,0,42,0,42,0,22,55,0,77,118,0,118,195
03/09/2003,MLU,LA,ASW,CE,Towers with Radar,0,23,28,6,57,0,4,39,0,43,0,27,67,6,100,138,14,152,252
03/10/2003,MLU,LA,ASW,CE,Towers with Radar,0,32,39,14,85,0,3,34,0,37,0,35,73,14,122,64,72,136,258
03/11/2003,MLU,LA,ASW,CE,Towers with Radar,0,26,47,15,88,0,0,38,0,38,0,26,85,15,126,42,42,84,210
03/12/2003,MLU,LA,ASW,CE,Towers with Radar,0,26,44,0,70,0,0,16,0,16,0,26,60,0,86,42,0,42,128
03/13/2003,MLU,LA,ASW,CE,Towers with Radar,0,30,35,16,81,0,0,13,0,13,0,30,48,16,94,91,44,135,229
03/14/2003,MLU,LA,ASW,CE,Towers with Radar,0,31,54,34,119,0,0,17,0,17,0,31,71,34,136,66,102,168,304
03/15/2003,MLU,LA,ASW,CE,Towers with Radar,0,19,30,0,49,0,0,40,0,40,0,19,70,0,89,94,0,94,183
03/16/2003,MLU,LA,ASW,CE,Towers with Radar,0,24,27,3,54,0,2,26,0,28,0,26,53,3,82,100,2,102,184
03/17/2003,MLU,LA,ASW,CE,Towers with Radar,0,32,58,24,114,0,0,7,0,7,0,32,65,24,121,94,88,182,303
03/18/2003,MLU,LA,ASW,CE,Towers with Radar,0,30,40,11,81,0,0,0,0,0,0,30,40,11,81,14,30,44,125
03/19/2003,MLU,LA,ASW,CE,Towers with Radar,0,28,48,36,112,0,0,32,0,32,0,28,80,36,144,20,100,120,264
03/20/2003,MLU,LA,ASW,CE,Towers with Radar,0,32,45,7,84,0,1,17,0,18,0,33,62,7,102,28,46,74,176
03/21/2003,MLU,LA,ASW,CE,Towers with Radar,4,30,55,9,98,0,1,40,0,41,4,31,95,9,139,84,46,130,269
03/22/2003,MLU,LA,ASW,CE,Towers with Radar,0,21,18,4,43,0,0,37,0,37,0,21,55,4,80,150,4,154,234
03/23/2003,MLU,LA,ASW,CE,Towers with Radar,0,24,31,2,57,0,0,28,0,28,0,24,59,2,85,34,4,38,123
03/24/2003,MLU,LA,ASW,CE,Towers with Radar,0,33,42,9,84,2,0,50,0,52,2,33,92,9,136,126,14,140,276
03/25/2003,MLU,LA,ASW,CE,Towers with Radar,1,35,56,5,97,0,0,26,0,26,1,35,82,5,123,96,48,144,267
03/26/2003,MLU,LA,ASW,CE,Towers with Radar,0,33,47,6,86,0,0,0,0,0,0,33,47,6,86,8,6,14,100
03/27/2003,MLU,LA,ASW,CE,Towers with Radar,0,33,41,21,95,0,0,44,0,44,0,33,85,21,139,68,76,144,283
03/28/2003,MLU,LA,ASW,CE,Towers with Radar,0,33,48,4,85,0,1,19,3,23,0,34,67,7,108,32,0,32,140
03/29/2003,MLU,LA,ASW,CE,Towers with Radar,0,22,24,1,47,0,0,60,1,61,0,22,84,2,108,84,0,84,192
03/30/2003,MLU,LA,ASW,CE,Towers with Radar,0,25,27,2,54,0,3,21,0,24,0,28,48,2,78,38,12,50,128
03/31/2003,MLU,LA,ASW,CE,Towers with Radar,0,32,23,19,74,0,0,49,0,49,0,32,72,19,123,82,86,168,291
04/01/2003,MLU,LA,ASW,CE,Towers with Radar,0,33,40,16,89,0,0,29,0,29,0,33,69,16,118,32,68,100,218
04/02/2003,MLU,LA,ASW,CE,Towers with Radar,0,34,51,16,101,0,0,40,0,40,0,34,91,16,141,52,54,106,247
04/03/2003,MLU,LA,ASW,CE,Towers with Radar,0,32,41,27,100,0,1,45,0,46,0,33,86,27,146,52,52,104,250
04/04/2003,MLU,LA,ASW,CE,Towers with Radar,0,35,28,22,85,0,0,16,0,16,0,35,44,22,101,34,34,68,169
04/05/2003,MLU,LA,ASW,CE,Towers with Radar,0,23,25,8,56,0,0,31,0,31,0,23,56,8,87,48,22,70,157
04/06/2003,MLU,LA,ASW,CE,Towers with Radar,0,24,12,0,36,0,0,1,0,1,0,24,13,0,37,0,0,0,37
04/07/2003,MLU,LA,ASW,CE,Towers with Radar,0,32,46,25,103,0,0,0,0,0,0,32,46,25,103,32,78,110,213
04/08/2003,MLU,LA,ASW,CE,Towers with Radar,0,32,61,18,111,0,0,3,0,3,0,32,64,18,114,46,24,70,184
04/09/2003,MLU,LA,ASW,CE,Towers with Radar,0,35,44,19,98,0,0,19,0,19,0,35,63,19,117,18,68,86,203
04/10/2003,MLU,LA,ASW,CE,Towers with Radar,0,33,37,20,90,0,0,51,0,51,0,33,88,20,141,110,92,202,343
04/11/2003,MLU,LA,ASW,CE,Towers with Radar,0,32,33,19,84,0,0,61,0,61,0,32,94,19,145,86,56,142,287
04/12/2003,MLU,LA,ASW,CE,Towers with Radar,0,22,20,0,42,0,0,38,0,38,0,22,58,0,80,94,0,94,174
04/13/2003,MLU,LA,ASW,CE,Towers with Radar,0,28,11,0,39,0,0,48,2,50,0,28,59,2,89,42,0,42,131
04/14/2003,MLU,LA,ASW,CE,Towers with Radar,0,31,47,15,93,0,0,10,4,14,0,31,57,19,107,54,58,112,219
04/15/2003,MLU,LA,ASW,CE,Towers with Radar,0,36,44,26,106,0,1,22,0,23,0,37,66,26,129,92,88,180,309
04/16/2003,MLU,LA,ASW,CE,Towers with Radar,0,32,36,5,73,0,1,15,0,16,0,33,51,5,89,18,8,26,115
04/17/2003,MLU,LA,ASW,CE,Towers with Radar,0,33,67,18,118,0,0,20,0,20,0,33,87,18,138,70,78,148,286
04/18/2003,MLU,LA,ASW,CE,Towers with Radar,0,32,32,8,72,0,0,36,1,37,0,32,68,9,109,56,12,68,177
04/19/2003,MLU,LA,ASW,CE,Towers with Radar,0,22,16,0,38,0,0,9,0,9,0,22,25,0,47,42,0,42,89
04/20/2003,MLU,LA,ASW,CE,Towers with Radar,0,30,16,0,46,0,0,2,0,2,0,30,18,0,48,6,0,6,54
04/21/2003,MLU,LA,ASW,CE,Towers with Radar,0,31,40,2,73,0,0,28,0,28,0,31,68,2,101,12,30,42,143
04/22/2003,MLU,LA,ASW,CE,Towers with Radar,0,33,30,24,87,0,1,44,0,45,0,34,74,24,132,82,34,116,248
04/23/2003,MLU,LA,ASW,CE,Towers with Radar,0,36,33,3,72,0,1,31,0,32,0,37,64,3,104,56,0,56,160
04/24/2003,MLU,LA,ASW,CE,Towers with Radar,2,33,21,2,58,0,0,11,0,11,2,33,32,2,69,16,4,20,89
04/25/2003,MLU,LA,ASW,CE,Towers with Radar,0,32,31,40,103,0,0,27,0,27,0,32,58,40,130,36,140,176,306
04/26/2003,MLU,LA,ASW,CE,Towers with Radar,0,22,19,9,50,0,0,39,0,39,0,22,58,9,89,40,26,66,155
04/27/2003,MLU,LA,ASW,CE,Towers with Radar,0,26,34,6,66,0,0,6,0,6,0,26,40,6,72,12,24,36,108
04/28/2003,MLU,LA,ASW,CE,Towers with Radar,0,32,51,23,106,0,0,28,0,28,0,32,79,23,134,26,140,166,300
04/29/2003,MLU,LA,ASW,CE,Towers with Radar,0,32,46,11,89,0,0,44,0,44,0,32,90,11,133,62,32,94,227
04/30/2003,MLU,LA,ASW,CE,Towers with Radar,0,35,50,13,98,0,0,7,2,9,0,35,57,15,107,40,24,64,171
05/01/2003,MLU,LA,ASW,CE,Towers with Radar,0,33,49,15,97,0,0,21,0,21,0,33,70,15,118,52,30,82,200
05/02/2003,MLU,LA,ASW,CE,Towers with Radar,0,31,43,8,82,0,0,22,0,22,0,31,65,8,104,48,18,66,170
05/03/2003,MLU,LA,ASW,CE,Towers with Radar,0,21,24,2,47,0,0,27,0,27,0,21,51,2,74,72,2,74,148
05/04/2003,MLU,LA,ASW,CE,Towers with Radar,0,28,25,0,53,0,0,12,0,12,0,28,37,0,65,12,0,12,77
05/05/2003,MLU,LA,ASW,CE,Towers with Radar,0,28,23,1,52,0,0,13,1,14,0,28,36,2,66,4,0,4,70
05/06/2003,MLU,LA,ASW,CE,Towers with Radar,0,30,36,30,96,0,1,13,0,14,0,31,49,30,110,68,46,114,224
05/07/2003,MLU,LA,ASW,CE,Towers with Radar,0,33,44,12,89,0,0,14,0,14,0,33,58,12,103,20,100,120,223
05/08/2003,MLU,LA,ASW,CE,Towers with Radar,0,33,76,22,131,0,0,10,0,10,0,33,86,22,141,28,72,100,241
05/09/2003,MLU,LA,ASW,CE,Towers with Radar,0,33,27,12,72,0,0,22,0,22,0,33,49,12,94,24,30,54,148
05/10/2003,MLU,LA,ASW,CE,Towers with Radar,0,23,9,0,32,0,0,11,0,11,0,23,20,0,43,0,0,0,43
05/11/2003,MLU,LA,ASW,CE,Towers with Radar,0,28,23,1,52,0,0,7,0,7,0,28,30,1,59,16,0,16,75
05/12/2003,MLU,LA,ASW,CE,Towers with Radar,0,34,32,18,84,0,0,49,0,49,0,34,81,18,133,68,16,84,217
05/13/2003,MLU,LA,ASW,CE,Towers with Radar,0,32,34,1,67,0,0,33,4,37,0,32,67,5,104,20,4,24,128
05/14/2003,MLU,LA,ASW,CE,Towers with Radar,0,32,34,0,66,0,0,4,0,4,0,32,38,0,70,44,0,44,114
05/15/2003,MLU,LA,ASW,CE,Towers with Radar,0,34,62,32,128,0,0,0,0,0,0,34,62,32,128,46,84,130,258
05/16/2003,MLU,LA,ASW,CE,Towers with Radar,0,33,56,18,107,0,0,9,0,9,0,33,65,18,116,32,44,76,192
05/17/2003,MLU,LA,ASW,CE,Towers with Radar,0,25,13,4,42,0,0,10,0,10,0,25,23,4,52,16,54,70,122
05/18/2003,MLU,LA,ASW,CE,Towers with Radar,0,28,20,17,65,0,0,10,0,10,0,28,30,17,75,20,36,56,131
05/19/2003,MLU,LA,ASW,CE,Towers with Radar,0,30,56,14,100,0,0,23,0,23,0,30,79,14,123,28,16,44,167
05/20/2003,MLU,LA,ASW,CE,Towers with Radar,0,33,80,22,135,0,0,0,0,0,0,33,80,22,135,30,96,126,261
05/21/2003,MLU,LA,ASW,CE,Towers with Radar,0,33,54,16,103,0,1,15,0,16,0,34,69,16,119,52,32,84,203
05/22/2003,MLU,LA,ASW,CE,Towers with Radar,0,33,50,31,114,0,1,40,0,41,0,34,90,31,155,54,70,124,279
05/23/2003,MLU,LA,ASW,CE,Towers with Radar,0,32,37,3,72,0,0,53,1,54,0,32,90,4,126,50,0,50,176
05/24/2003,MLU,LA,ASW,CE,Towers with Radar,0,25,14,0,39,0,0,36,0,36,0,25,50,0,75,20,0,20,95
05/25/2003,MLU,LA,ASW,CE,Towers with Radar,0,24,17,0,41,0,0,11,0,11,0,24,28,0,52,36,0,36,88
05/26/2003,MLU,LA,ASW,CE,Towers with Radar,0,27,28,0,55,0,1,20,0,21,0,28,48,0,76,24,0,24,100
05/27/2003,MLU,LA,ASW,CE,Towers with Radar,0,33,33,12,78,0,0,53,0,53,0,33,86,12,131,56,12,68,199
05/28/2003,MLU,LA,ASW,CE,Towers with Radar,0,37,37,15,89,0,0,49,0,49,0,37,86,15,138,48,40,88,226
05/29/2003,MLU,LA,ASW,CE,Towers with Radar,0,34,75,9,118,0,0,47,0,47,0,34,122,9,165,50,16,66,231
05/30/2003,MLU,LA,ASW,CE,Towers with Radar,0,33,29,8,70,0,0,52,0,52,0,33,81,8,122,64,8,72,194
05/31/2003,MLU,LA,ASW,CE,Towers with Radar,0,29,15,0,44,0,0,29,0,29,0,29,44,0,73,16,0,16,89
06/01/2003,MLU,LA,ASW,CE,Towers with Radar,0,26,22,2,50,0,0,23,0,23,0,26,45,2,73,8,30,38,111
06/02/2003,MLU,LA,ASW,CE,Towers with Radar,0,33,36,0,69,0,0,16,0,16,0,33,52,0,85,28,0,28,113
06/03/2003,MLU,LA,ASW,CE,Towers with Radar,0,32,51,18,101,0,0,23,0,23,0,32,74,18,124,76,36,112,236
06/04/2003,MLU,LA,ASW,CE,Towers with Radar,0,32,68,23,123,0,0,21,0,21,0,32,89,23,144,58,30,88,232
06/05/2003,MLU,LA,ASW,CE,Towers with Radar,0,34,61,28,123,0,0,0,0,0,0,34,61,28,123,60,78,138,261
06/06/2003,MLU,LA,ASW,CE,Towers with Radar,0,31,40,36,107,0,0,0,0,0,0,31,40,36,107,32,72,104,211
06/07/2003,MLU,LA,ASW,CE,Towers with Radar,0,25,23,2,50,0,0,19,0,19,0,25,42,2,69,46,12,58,127
06/08/2003,MLU,LA,ASW,CE,Towers with Radar,0,23,43,2,68,0,1,18,0,19,0,24,61,2,87,36,2,38,125
06/09/2003,MLU,LA,ASW,CE,Towers with Radar,0,32,44,17,93,0,0,30,0,30,0,32,74,17,123,38,76,114,237
06/10/2003,MLU,LA,ASW,CE,Towers with Radar,0,31,64,28,123,0,0,20,0,20,0,31,84,28,143,46,80,126,269
06/11/2003,MLU,LA,ASW,CE,Towers with Radar,0,34,29,3,66,0,2,13,0,15,0,36,42,3,81,30,4,34,115
06/12/2003,MLU,LA,ASW,CE,Towers with Radar,0,33,31,4,68,0,0,6,0,6,0,33,37,4,74,32,0,32,106
06/13/2003,MLU,LA,ASW,CE,Towers with Radar,0,28,29,3,60,0,1,16,0,17,0,29,45,3,77,22,38,60,137
06/14/2003,MLU,LA,ASW,CE,Towers with Radar,0,24,9,2,35,0,0,19,0,19,0,24,28,2,54,18,8,26,80
06/15/2003,MLU,LA,ASW,CE,Towers with Radar,0,30,19,1,50,0,0,14,0,14,0,30,33,1,64,0,0,0,64
06/16/2003,MLU,LA,ASW,CE,Towers with Radar,0,31,53,28,112,0,0,0,0,0,0,31,53,28,112,36,44,80,192
06/17/2003,MLU,LA,ASW,CE,Towers with Radar,0,29,35,12,76,0,0,8,0,8,0,29,43,12,84,16,10,26,110
06/18/2003,MLU,LA,ASW,CE,Towers with Radar,0,29,43,16,88,0,2,21,0,23,0,31,64,16,111,16,48,64,175
06/19/2003,MLU,LA,ASW,CE,Towers with Radar,0,31,40,19,90,0,0,9,0,9,0,31,49,19,99,24,48,72,171
06/20/2003,MLU,LA,ASW,CE,Towers with Radar,0,34,44,20,98,0,0,40,0,40,0,34,84,20,138,14,40,54,192
06/21/2003,MLU,LA,ASW,CE,Towers with Radar,0,24,19,0,43,0,0,44,0,44,0,24,63,0,87,18,0,18,105
06/22/2003,MLU,LA,ASW,CE,Towers with Radar,0,25,24,5,54,0,1,22,0,23,0,26,46,5,77,10,4,14,91
06/23/2003,MLU,LA,ASW,CE,Towers with Radar,0,30,28,11,69,0,4,32,0,36,0,34,60,11,105,56,46,102,207
06/24/2003,MLU,LA,ASW,CE,Towers with Radar,0,32,38,23,93,0,1,57,0,58,0,33,95,23,151,56,68,124,275
06/25/2003,MLU,LA,ASW,CE,Towers with Radar,0,32,57,17,106,0,0,39,0,39,0,32,96,17,145,78,36,114,259
06/26/2003,MLU,LA,ASW,CE,Towers with Radar,0,31,46,0,77,0,0,0,0,0,0,31,46,0,77,44,0,44,121
06/27/2003,MLU,LA,ASW,CE,Towers with Radar,0,33,39,25,97,0,0,39,0,39,0,33,78,25,136,78,106,184,320
06/28/2003,MLU,LA,ASW,CE,Towers with Radar,0,24,19,21,64,0,0,39,0,39,0,24,58,21,103,34,36,70,173
06/29/2003,MLU,LA,ASW,CE,Towers with Radar,0,26,25,1,52,0,0,23,1,24,0,26,48,2,76,32,0,32,108
06/30/2003,MLU,LA,ASW,CE,Towers with Radar,0,32,30,13,75,0,0,5,0,5,0,32,35,13,80,30,58,88,168
07/01/2003,MLU,LA,ASW,CE,Towers with Radar,0,32,51,24,107,0,0,17,0,17,0,32,68,24,124,88,50,138,262
07/02/2003,MLU,LA,ASW,CE,Towers with Radar,0,32,53,18,103,0,2,29,0,31,0,34,82,18,134,66,23,89,223
07/03/2003,MLU,LA,ASW,CE,Towers with Radar,0,31,27,1,59,0,0,46,1,47,0,31,73,2,106,72,4,76,182
07/04/2003,MLU,LA,ASW,CE,Towers with Radar,0,24,14,0,38,0,0,13,0,13,0,24,27,0,51,32,0,32,83
07/05/2003,MLU,LA,ASW,CE,Towers with Radar,0,24,15,0,39,0,0,4,0,4,0,24,19,0,43,8,0,8,51
07/06/2003,MLU,LA,ASW,CE,Towers with Radar,0,25,11,0,36,0,0,29,0,29,0,25,40,0,65,28,0,28,93
07/07/2003,MLU,LA,ASW,CE,Towers with Radar,0,33,27,5,65,0,0,44,0,44,0,33,71,5,109,60,66,126,235
07/08/2003,MLU,LA,ASW,CE,Towers with Radar,0,31,43,25,99,0,0,16,0,16,0,31,59,25,115,84,90,174,289
07/09/2003,MLU,LA,ASW,CE,Towers with Radar,0,28,43,17,88,0,0,51,0,51,0,28,94,17,139,138,32,170,309
07/10/2003,MLU,LA,ASW,CE,Towers with Radar,0,29,34,13,76,0,0,7,0,7,0,29,41,13,83,30,46,76,159
07/11/2003,MLU,LA,ASW,CE,Towers with Radar,0,33,41,7,81,0,0,20,0,20,0,33,61,7,101,94,50,144,245
07/12/2003,MLU,LA,ASW,CE,Towers with Radar,0,24,14,0,38,0,0,30,0,30,0,24,44,0,68,28,0,28,96
07/13/2003,MLU,LA,ASW,CE,Towers with Radar,0,26,17,1,44,0,0,15,0,15,0,26,32,1,59,26,12,38,97
07/14/2003,MLU,LA,ASW,CE,Towers with Radar,0,31,34,22,87,0,3,31,0,34,0,34,65,22,121,60,50,110,231
07/15/2003,MLU,LA,ASW,CE,Towers with Radar,0,31,42,8,81,0,0,44,0,44,0,31,86,8,125,44,28,72,197
07/16/2003,MLU,LA,ASW,CE,Towers with Radar,0,30,60,34,124,0,0,27,0,27,0,30,87,34,151,94,70,164,315
07/17/2003,MLU,LA,ASW,CE,Towers with Radar,0,27,46,15,88,0,0,42,0,42,0,27,88,15,130,108,84,192,322
07/18/2003,MLU,LA,ASW,CE,Towers with Radar,0,33,36,12,81,0,0,39,0,39,0,33,75,12,120,96,14,110,230
07/19/2003,MLU,LA,ASW,CE,Towers with Radar,0,25,25,0,50,0,0,16,3,19,0,25,41,3,69,9,0,9,78
07/20/2003,MLU,LA,ASW,CE,Towers with Radar,0,25,10,0,35,0,0,33,0,33,0,25,43,0,68,13,0,13,81
07/21/2003,MLU,LA,ASW,CE,Towers with Radar,0,28,40,20,88,0,1,47,0,48,0,29,87,20,136,78,56,134,270
07/22/2003,MLU,LA,ASW,CE,Towers with Radar,0,28,43,27,98,0,0,35,0,35,0,28,78,27,133,30,56,86,219
07/23/2003,MLU,LA,ASW,CE,Towers with Radar,0,34,31,20,85,0,0,49,0,49,0,34,80,20,134,102,60,162,296
07/24/2003,MLU,LA,ASW,CE,Towers with Radar,0,33,41,27,101,0,3,47,0,50,0,36,88,27,151,38,160,198,349
07/25/2003,MLU,LA,ASW,CE,Towers with Radar,0,32,39,20,91,0,0,52,0,52,0,32,91,20,143,136,90,226,369
07/26/2003,MLU,LA,ASW,CE,Towers with Radar,0,24,8,4,36,0,0,34,0,34,0,24,42,4,70,36,4,40,110
07/27/2003,MLU,LA,ASW,CE,Towers with Radar,0,27,16,2,45,0,0,25,1,26,0,27,41,3,71,34,6,40,111
07/28/2003,MLU,LA,ASW,CE,Towers with Radar,0,30,31,19,80,0,3,23,0,26,0,33,54,19,106,14,52,66,172
07/29/2003,MLU,LA,ASW,CE,Towers with Radar,0,35,39,34,108,0,0,35,0,35,0,35,74,34,143,42,104,146,289
07/30/2003,MLU,LA,ASW,CE,Towers with Radar,0,35,30,34,99,0,0,25,0,25,0,35,55,34,124,10,80,90,214
07/31/2003,MLU,LA,ASW,CE,Towers with Radar,0,33,31,6,70,0,0,8,0,8,0,33,39,6,78,24,2,26,104
08/01/2003,MLU,LA,ASW,CE,Towers with Radar,0,34,50,29,113,0,0,35,0,35,0,34,85,29,148,40,89,129,277
08/02/2003,MLU,LA,ASW,CE,Towers with Radar,0,25,10,0,35,0,0,30,0,30,0,25,40,0,65,26,0,26,91
08/03/2003,MLU,LA,ASW,CE,Towers with Radar,0,21,13,6,40,0,0,25,0,25,0,21,38,6,65,22,8,30,95
08/04/2003,MLU,LA,ASW,CE,Towers with Radar,0,36,35,27,98,0,0,37,0,37,0,36,72,27,135,48,218,266,401
08/05/2003,MLU,LA,ASW,CE,Towers with Radar,2,36,21,35,94,0,0,36,0,36,2,36,57,35,130,58,80,138,268
08/06/2003,MLU,LA,ASW,CE,Towers with Radar,0,40,41,20,101,0,0,39,0,39,0,40,80,20,140,10,126,136,276
08/07/2003,MLU,LA,ASW,CE,Towers with Radar,0,38,49,19,106,0,2,38,0,40,0,40,87,19,146,76,92,168,314
08/08/2003,MLU,LA,ASW,CE,Towers with Radar,0,37,38,6,81,0,0,46,0,46,0,37,84,6,127,64,28,92,219
08/09/2003,MLU,LA,ASW,CE,Towers with Radar,0,24,10,2,36,0,0,40,0,40,0,24,50,2,76,2,8,10,86
08/10/2003,MLU,LA,ASW,CE,Towers with Radar,0,27,14,2,43,0,0,13,0,13,0,27,27,2,56,6,0,6,62
08/11/2003,MLU,LA,ASW,CE,Towers with Radar,0,27,32,2,61,0,0,29,0,29,0,27,61,2,90,66,6,72,162
08/12/2003,MLU,LA,ASW,CE,Towers with Radar,0,35,51,3,89,0,0,6,0,6,0,35,57,3,95,58,8,66,161
08/13/2003,MLU,LA,ASW,CE,Towers with Radar,0,39,42,6,87,0,0,17,0,17,0,39,59,6,104,76,34,110,214
08/14/2003,MLU,LA,ASW,CE,Towers with Radar,0,32,39,24,95,0,0,31,0,31,0,32,70,24,126,44,64,108,234
08/15/2003,MLU,LA,ASW,CE,Towers with Radar,0,28,24,11,63,0,0,49,0,49,0,28,73,11,112,30,78,108,220
08/16/2003,MLU,LA,ASW,CE,Towers with Radar,0,25,27,0,52,0,0,28,1,29,0,25,55,1,81,16,0,16,97
08/17/2003,MLU,LA,ASW,CE,Towers with Radar,0,25,17,10,52,0,0,19,0,19,0,25,36,10,71,22,24,46,117
08/18/2003,MLU,LA,ASW,CE,Towers with Radar,0,32,20,24,76,0,0,36,0,36,0,32,56,24,112,22,86,108,220
08/19/2003,MLU,LA,ASW,CE,Towers with Radar,0,34,41,12,87,0,0,12,0,12,0,34,53,12,99,6,38,44,143
08/20/2003,MLU,LA,ASW,CE,Towers with Radar,0,33,24,19,76,0,0,32,0,32,0,33,56,19,108,52,36,88,196
08/21/2003,MLU,LA,ASW,CE,Towers with Radar,4,32,38,16,90,0,2,14,0,16,4,34,52,16,106,18,22,40,146
08/22/2003,MLU,LA,ASW,CE,Towers with Radar,0,31,29,16,76,0,0,50,0,50,0,31,79,16,126,44,42,86,212
08/23/2003,MLU,LA,ASW,CE,Towers with Radar,0,24,21,0,45,0,0,39,4,43,0,24,60,4,88,28,0,28,116
08/24/2003,MLU,LA,ASW,CE,Towers with Radar,0,27,23,9,59,1,0,28,0,29,1,27,51,9,88,36,28,64,152
08/25/2003,MLU,LA,ASW,CE,Towers with Radar,0,31,29,11,71,0,0,29,5,34,0,31,58,16,105,61,14,75,180
08/26/2003,MLU,LA,ASW,CE,Towers with Radar,1,32,33,21,87,0,2,37,0,39,1,34,70,21,126,38,88,126,252
08/27/2003,MLU,LA,ASW,CE,Towers with Radar,0,32,36,22,90,0,0,38,0,38,0,32,74,22,128,78,76,154,282
08/28/2003,MLU,LA,ASW,CE,Towers with Radar,0,30,32,8,70,0,0,31,0,31,0,30,63,8,101,44,14,58,159
08/29/2003,MLU,LA,ASW,CE,Towers with Radar,0,31,29,5,65,0,0,29,1,30,0,31,58,6,95,22,0,22,117
08/30/2003,MLU,LA,ASW,CE,Towers with Radar,0,26,7,0,33,0,0,14,2,16,0,26,21,2,49,8,0,8,57
08/31/2003,MLU,LA,ASW,CE,Towers with Radar,0,24,17,0,41,0,0,2,0,2,0,24,19,0,43,6,0,6,49
09/01/2003,MLU,LA,ASW,CE,Towers with Radar,0,27,24,0,51,0,0,7,0,7,0,27,31,0,58,2,0,2,60
09/02/2003,MLU,LA,ASW,CE,Towers with Radar,0,31,18,11,60,0,0,5,0,5,0,31,23,11,65,28,10,38,103
09/03/2003,MLU,LA,ASW,CE,Towers with Radar,0,36,30,23,89,0,0,33,0,33,0,36,63,23,122,38,48,86,208
09/04/2003,MLU,LA,ASW,CE,Towers with Radar,0,37,52,17,106,0,0,28,0,28,0,37,80,17,134,44,56,100,234
09/05/2003,MLU,LA,ASW,CE,Towers with Radar,0,34,41,13,88,0,0,55,0,55,0,34,96,13,143,44,38,82,225
09/06/2003,MLU,LA,ASW,CE,Towers with Radar,0,23,15,13,51,0,0,47,3,50,0,23,62,16,101,70,20,90,191
09/07/2003,MLU,LA,ASW,CE,Towers with Radar,0,24,10,1,35,0,0,42,0,42,0,24,52,1,77,56,4,60,137
09/08/2003,MLU,LA,ASW,CE,Towers with Radar,0,31,18,15,64,0,0,33,0,33,0,31,51,15,97,88,20,108,205
09/09/2003,MLU,LA,ASW,CE,Towers with Radar,0,31,52,14,97,0,1,15,0,16,0,32,67,14,113,42,20,62,175
09/10/2003,MLU,LA,ASW,CE,Towers with Radar,0,34,40,13,87,0,0,38,0,38,0,34,78,13,125,58,60,118,243
09/11/2003,MLU,LA,ASW,CE,Towers with Radar,0,33,35,9,77,0,0,17,0,17,0,33,52,9,94,4,20,24,118
09/12/2003,MLU,LA,ASW,CE,Towers with Radar,0,36,42,0,78,0,0,0,1,1,0,36,42,1,79,6,0,6,85
09/13/2003,MLU,LA,ASW,CE,Towers with Radar,0,23,40,3,66,0,0,11,1,12,0,23,51,4,78,58,0,58,136
09/14/2003,MLU,LA,ASW,CE,Towers with Radar,0,27,35,1,63,0,0,34,0,34,0,27,69,1,97,18,0,18,115
09/15/2003,MLU,LA,ASW,CE,Towers with Radar,0,35,21,27,83,0,0,35,0,35,0,35,56,27,118,36,128,164,282
09/16/2003,MLU,LA,ASW,CE,Towers with Radar,0,35,29,16,80,0,1,46,0,47,0,36,75,16,127,46,30,76,203
09/17/2003,MLU,LA,ASW,CE,Towers with Radar,0,33,41,19,93,0,0,44,0,44,0,33,85,19,137,80,82,162,299
09/18/2003,MLU,LA,ASW,CE,Towers with Radar,0,32,42,21,95,0,0,40,0,40,0,32,82,21,135,48,58,106,241
09/19/2003,MLU,LA,ASW,CE,Towers with Radar,0,38,21,5,64,0,0,51,0,51,0,38,72,5,115,16,4,20,135
09/20/2003,MLU,LA,ASW,CE,Towers with Radar,0,23,31,0,54,0,0,27,2,29,0,23,58,2,83,32,0,32,115
09/21/2003,MLU,LA,ASW,CE,Towers with Radar,0,31,21,0,52,0,1,0,0,1,0,32,21,0,53,16,0,16,69
09/22/2003,MLU,LA,ASW,CE,Towers with Radar,0,34,57,31,122,0,4,7,0,11,0,38,64,31,133,46,51,97,230
09/23/2003,MLU,LA,ASW,CE,Towers with Radar,0,30,47,8,85,0,1,35,0,36,0,31,82,8,121,60,8,68,189
09/24/2003,MLU,LA,ASW,CE,Towers with Radar,0,36,35,16,87,0,0,31,0,31,0,36,66,16,118,70,52,122,240
09/25/2003,MLU,LA,ASW,CE,Towers with Radar,0,31,50,17,98,0,0,30,0,30,0,31,80,17,128,76,30,106,234
09/26/2003,MLU,LA,ASW,CE,Towers with Radar,2,35,37,6,80,0,0,31,0,31,2,35,68,6,111,50,2,52,163
09/27/2003,MLU,LA,ASW,CE,Towers with Radar,0,22,38,0,60,0,0,22,0,22,0,22,60,0,82,24,0,24,106
09/28/2003,MLU,LA,ASW,CE,Towers with Radar,0,24,24,0,48,0,1,29,0,30,0,25,53,0,78,6,0,6,84
09/29/2003,MLU,LA,ASW,CE,Towers with Radar,0,34,45,0,79,0,0,24,0,24,0,34,69,0,103,70,0,70,173
09/30/2003,MLU,LA,ASW,CE,Towers with Radar,0,35,37,0,72,0,0,21,0,21,0,35,58,0,93,26,0,26,119
10/01/2003,MLU,LA,ASW,CE,Towers with Radar,0,35,50,27,112,0,0,38,0,38,0,35,88,27,150,56,142,198,348
10/02/2003,MLU,LA,ASW,CE,Towers with Radar,0,35,56,16,107,0,0,28,0,28,0,35,84,16,135,74,60,134,269
10/03/2003,MLU,LA,ASW,CE,Towers with Radar,2,35,39,13,89,0,0,40,0,40,2,35,79,13,129,26,40,66,195
10/04/2003,MLU,LA,ASW,CE,Towers with Radar,2,25,14,0,41,0,0,24,0,24,2,25,38,0,65,52,0,52,117
10/05/2003,MLU,LA,ASW,CE,Towers with Radar,0,26,22,3,51,0,0,16,0,16,0,26,38,3,67,14,4,18,85
10/06/2003,MLU,LA,ASW,CE,Towers with Radar,0,32,54,17,103,0,0,2,0,2,0,32,56,17,105,62,96,158,263
10/07/2003,MLU,LA,ASW,CE,Towers with Radar,0,37,49,14,100,0,0,7,0,7,0,37,56,14,107,46,60,106,213
10/08/2003,MLU,LA,ASW,CE,Towers with Radar,0,36,43,15,94,0,0,19,0,19,0,36,62,15,113,66,28,94,207
10/09/2003,MLU,LA,ASW,CE,Towers with Radar,0,35,55,10,100,0,0,0,0,0,0,35,55,10,100,24,16,40,140
10/10/2003,MLU,LA,ASW,CE,Towers with Radar,0,36,50,29,115,0,0,4,0,4,0,36,54,29,119,52,72,124,243
10/11/2003,MLU,LA,ASW,CE,Towers with Radar,0,26,29,0,55,0,0,22,0,22,0,26,51,0,77,22,0,22,99
10/12/2003,MLU,LA,ASW,CE,Towers with Radar,0,27,35,0,62,0,0,1,0,1,0,27,36,0,63,4,0,4,67
10/13/2003,MLU,LA,ASW,CE,Towers with Radar,0,30,48,0,78,0,0,21,0,21,0,30,69,0,99,112,0,112,211
10/14/2003,MLU,LA,ASW,CE,Towers with Radar,0,35,41,18,94,0,0,27,0,27,0,35,68,18,121,42,50,92,213
10/15/2003,MLU,LA,ASW,CE,Towers with Radar,0,35,53,22,110,0,0,46,0,46,0,35,99,22,156,34,58,92,248
10/16/2003,MLU,LA,ASW,CE,Towers with Radar,0,31,36,24,91,0,0,56,0,56,0,31,92,24,147,110,28,138,285
10/17/2003,MLU,LA,ASW,CE,Towers with Radar,2,33,39,33,107,0,0,22,0,22,2,33,61,33,129,50,105,155,284
10/18/2003,MLU,LA,ASW,CE,Towers with Radar,2,23,11,2,38,0,0,27,0,27,2,23,38,2,65,42,8,50,115
10/19/2003,MLU,LA,ASW,CE,Towers with Radar,0,28,22,0,50,0,0,59,0,59,0,28,81,0,109,126,0,126,235
10/20/2003,MLU,LA,ASW,CE,Towers with Radar,0,33,34,0,67,0,0,86,0,86,0,33,120,0,153,68,0,68,221
10/21/2003,MLU,LA,ASW,CE,Towers with Radar,0,30,78,5,113,0,0,71,2,73,0,30,149,7,186,162,14,176,362
10/22/2003,MLU,LA,ASW,CE,Towers with Radar,0,39,37,0,76,0,4,116,2,122,0,43,153,2,198,542,6,548,746
10/23/2003,MLU,LA,ASW,CE,Towers with Radar,0,36,53,6,95,0,0,69,0,69,0,36,122,6,164,42,12,54,218
10/24/2003,MLU,LA,ASW,CE,Towers with Radar,1,33,40,3,77,0,0,36,2,38,1,33,76,5,115,520,0,520,635
10/25/2003,MLU,LA,ASW,CE,Towers with Radar,0,27,18,4,49,0,0,2,0,2,0,27,20,4,51,4,10,14,65
10/26/2003,MLU,LA,ASW,CE,Towers with Radar,0,27,24,3,54,0,0,14,1,15,0,27,38,4,69,4,0,4,73
10/27/2003,MLU,LA,ASW,CE,Towers with Radar,0,33,49,15,97,0,0,23,0,23,0,33,72,15,120,58,18,76,196
10/28/2003,MLU,LA,ASW,CE,Towers with Radar,0,37,34,20,91,0,0,63,0,63,0,37,97,20,154,98,74,172,326
10/29/2003,MLU,LA,ASW,CE,Towers with Radar,0,36,47,17,100,0,0,50,0,50,0,36,97,17,150,78,14,92,242
10/30/2003,MLU,LA,ASW,CE,Towers with Radar,0,35,48,14,97,0,2,36,0,38,0,37,84,14,135,58,22,80,215
10/31/2003,MLU,LA,ASW,CE,Towers with Radar,0,34,22,18,74,0,0,51,0,51,0,34,73,18,125,38,36,74,199
11/01/2003,MLU,LA,ASW,CE,Towers with Radar,0,24,18,0,42,0,0,36,3,39,0,24,54,3,81,12,0,12,93
11/02/2003,MLU,LA,ASW,CE,Towers with Radar,0,26,17,2,45,0,0,12,0,12,0,26,29,2,57,10,0,10,67
11/03/2003,MLU,LA,ASW,CE,Towers with Radar,0,32,23,19,74,0,0,22,0,22,0,32,45,19,96,62,30,92,188
11/04/2003,MLU,LA,ASW,CE,Towers with Radar,0,32,59,15,106,0,0,26,0,26,0,32,85,15,132,46,24,70,202
11/05/2003,MLU,LA,ASW,CE,Towers with Radar,0,40,62,22,124,0,2,45,0,47,0,42,107,22,171,72,36,108,279
11/06/2003,MLU,LA,ASW,CE,Towers with Radar,0,35,59,37,131,0,0,26,0,26,0,35,85,37,157,62,132,194,351
11/07/2003,MLU,LA,ASW,CE,Towers with Radar,2,36,47,28,113,0,0,3,0,3,2,36,50,28,116,10,40,50,166
11/08/2003,MLU,LA,ASW,CE,Towers with Radar,2,26,22,0,50,0,0,6,0,6,2,26,28,0,56,18,0,18,74
11/09/2003,MLU,LA,ASW,CE,Towers with Radar,0,28,27,0,55,0,0,27,0,27,0,28,54,0,82,38,0,38,120
11/10/2003,MLU,LA,ASW,CE,Towers with Radar,0,32,58,9,99,0,0,18,0,18,0,32,76,9,117,64,68,132,249
11/11/2003,MLU,LA,ASW,CE,Towers with Radar,0,36,58,0,94,0,0,22,0,22,0,36,80,0,116,92,0,92,208
11/12/2003,MLU,LA,ASW,CE,Towers with Radar,0,36,44,8,88,0,0,36,0,36,0,36,80,8,124,64,12,76,200
11/13/2003,MLU,LA,ASW,CE,Towers with Radar,0,37,45,23,105,0,2,29,0,31,0,39,74,23,136,26,56,82,218
11/14/2003,MLU,LA,ASW,CE,Towers with Radar,2,38,43,13,96,0,0,57,0,57,2,38,100,13,153,64,38,102,255
11/15/2003,MLU,LA,ASW,CE,Towers with Radar,1,26,20,0,47,0,0,27,0,27,1,26,47,0,74,46,0,46,120
11/16/2003,MLU,LA,ASW,CE,Towers with Radar,0,25,21,1,47,0,0,6,0,6,0,25,27,1,53,10,0,10,63
11/17/2003,MLU,LA,ASW,CE,Towers with Radar,0,30,39,19,88,0,0,0,0,0,0,30,39,19,88,2,56,58,146
11/18/2003,MLU,LA,ASW,CE,Towers with Radar,0,35,43,20,98,0,0,7,0,7,0,35,50,20,105,28,22,50,155
11/19/2003,MLU,LA,ASW,CE,Towers with Radar,0,34,44,30,108,0,0,51,0,51,0,34,95,30,159,54,50,104,263
11/20/2003,MLU,LA,ASW,CE,Towers with Radar,0,36,51,10,97,0,0,55,0,55,0,36,106,10,152,136,30,166,318
11/21/2003,MLU,LA,ASW,CE,Towers with Radar,0,30,44,8,82,0,0,37,0,37,0,30,81,8,119,54,40,94,213
11/22/2003,MLU,LA,ASW,CE,Towers with Radar,0,26,15,2,43,0,0,36,0,36,0,26,51,2,79,14,0,14,93
11/23/2003,MLU,LA,ASW,CE,Towers with Radar,0,28,14,0,42,0,0,0,0,0,0,28,14,0,42,0,8,8,50
11/24/2003,MLU,LA,ASW,CE,Towers with Radar,0,33,20,18,71,0,0,45,0,45,0,33,65,18,116,90,66,156,272
11/25/2003,MLU,LA,ASW,CE,Towers with Radar,0,38,31,27,96,0,0,55,0,55,0,38,86,27,151,116,90,206,357
11/26/2003,MLU,LA,ASW,CE,Towers with Radar,0,32,36,4,72,0,0,40,0,40,0,32,76,4,112,110,22,132,244
11/27/2003,MLU,LA,ASW,CE,Towers with Radar,0,23,7,0,30,0,0,3,0,3,0,23,10,0,33,0,0,0,33
11/28/2003,MLU,LA,ASW,CE,Towers with Radar,0,30,19,0,49,0,0,26,0,26,0,30,45,0,75,0,0,0,75
11/29/2003,MLU,LA,ASW,CE,Towers with Radar,0,25,24,0,49,0,0,40,0,40,0,25,64,0,89,48,0,48,137
11/30/2003,MLU,LA,ASW,CE,Towers with Radar,0,28,22,0,50,0,0,39,2,41,0,28,61,2,91,24,0,24,115
12/01/2003,MLU,LA,ASW,CE,Towers with Radar,0,31,34,33,98,0,0,31,0,31,0,31,65,33,129,32,124,156,285
12/02/2003,MLU,LA,ASW,CE,Towers with Radar,0,32,44,19,95,0,0,27,0,27,0,32,71,19,122,84,80,164,286
12/03/2003,MLU,LA,ASW,CE,Towers with Radar,0,31,59,20,110,0,1,26,0,27,0,32,85,20,137,128,44,172,309
12/04/2003,MLU,LA,ASW,CE,Towers with Radar,0,32,72,31,135,0,0,8,0,8,0,32,80,31,143,72,70,142,285
12/05/2003,MLU,LA,ASW,CE,Towers with Radar,0,33,60,38,131,0,0,30,0,30,0,33,90,38,161,42,82,124,285
12/06/2003,MLU,LA,ASW,CE,Towers with Radar,0,25,13,2,40,0,0,42,0,42,0,25,55,2,82,128,0,128,210
12/07/2003,MLU,LA,ASW,CE,Towers with Radar,0,26,37,1,64,0,0,39,3,42,0,26,76,4,106,80,4,84,190
12/08/2003,MLU,LA,ASW,CE,Towers with Radar,0,34,53,18,105,0,0,10,0,10,0,34,63,18,115,66,28,94,209
12/09/2003,MLU,LA,ASW,CE,Towers with Radar,0,36,26,13,75,0,0,11,0,11,0,36,37,13,86,54,28,82,168
12/10/2003,MLU,LA,ASW,CE,Towers with Radar,0,34,43,22,99,0,1,22,0,23,0,35,65,22,122,14,18,32,154
12/11/2003,MLU,LA,ASW,CE,Towers with Radar,0,32,58,20,110,0,0,60,0,60,0,32,118,20,170,60,104,164,334
12/12/2003,MLU,LA,ASW,CE,Towers with Radar,0,34,54,7,95,0,0,35,0,35,0,34,89,7,130,50,50,100,230
12/13/2003,MLU,LA,ASW,CE,Towers with Radar,0,23,9,0,32,0,0,0,0,0,0,23,9,0,32,0,0,0,32
12/14/2003,MLU,LA,ASW,CE,Towers with Radar,0,29,24,6,59,0,1,29,0,30,0,30,53,6,89,40,24,64,153
12/15/2003,MLU,LA,ASW,CE,Towers with Radar,0,33,39,13,85,0,0,12,0,12,0,33,51,13,97,24,32,56,153
12/16/2003,MLU,LA,ASW,CE,Towers with Radar,0,29,48,17,94,0,0,10,0,10,0,29,58,17,104,18,54,72,176
12/17/2003,MLU,LA,ASW,CE,Towers with Radar,0,33,57,14,104,0,0,33,0,33,0,33,90,14,137,116,74,190,327
12/18/2003,MLU,LA,ASW,CE,Towers with Radar,0,32,33,19,84,0,0,31,0,31,0,32,64,19,115,32,48,80,195
12/19/2003,MLU,LA,ASW,CE,Towers with Radar,0,32,26,6,64,0,0,39,0,39,0,32,65,6,103,66,2,68,171
12/20/2003,MLU,LA,ASW,CE,Towers with Radar,0,26,19,0,45,0,0,45,0,45,0,26,64,0,90,72,0,72,162
12/21/2003,MLU,LA,ASW,CE,Towers with Radar,0,28,16,0,44,0,0,45,0,45,0,28,61,0,89,44,0,44,133
12/22/2003,MLU,LA,ASW,CE,Towers with Radar,0,31,24,11,66,0,0,23,0,23,0,31,47,11,89,8,12,20,109
12/23/2003,MLU,LA,ASW,CE,Towers with Radar,0,30,29,0,59,0,1,2,0,3,0,31,31,0,62,0,0,0,62
12/24/2003,MLU,LA,ASW,CE,Towers with Radar,0,32,26,0,58,0,1,35,0,36,0,33,61,0,94,76,0,76,170
12/25/2003,MLU,LA,ASW,CE,Towers with Radar,0,22,2,0,24,0,0,9,0,9,0,22,11,0,33,0,0,0,33
12/26/2003,MLU,LA,ASW,CE,Towers with Radar,0,34,18,0,52,0,0,47,0,47,0,34,65,0,99,4,0,4,103
12/27/2003,MLU,LA,ASW,CE,Towers with Radar,0,25,18,0,43,0,0,22,0,22,0,25,40,0,65,24,0,24,89
12/28/2003,MLU,LA,ASW,CE,Towers with Radar,0,21,13,0,34,0,0,0,0,0,0,21,13,0,34,0,0,0,34
12/29/2003,MLU,LA,ASW,CE,Towers with Radar,0,30,15,0,45,0,0,12,0,12,0,30,27,0,57,18,0,18,75
12/30/2003,MLU,LA,ASW,CE,Towers with Radar,0,30,29,2,61,0,0,52,0,52,0,30,81,2,113,26,6,32,145
12/31/2003,MLU,LA,ASW,CE,Towers with Radar,0,34,15,2,51,0,0,47,0,47,0,34,62,2,98,38,4,42,140
01/01/2004,MLU,LA,ASW,CE,Towers with Radar,0,23,11,0,34,0,1,0,0,1,0,24,11,0,35,0,0,0,35
01/02/2004,MLU,LA,ASW,CE,Towers with Radar,0,33,27,0,60,0,0,2,0,2,0,33,29,0,62,94,0,94,156
01/03/2004,MLU,LA,ASW,CE,Towers with Radar,0,24,22,0,46,0,1,0,0,1,0,25,22,0,47,26,0,26,73
01/04/2004,MLU,LA,ASW,CE,Towers with Radar,0,25,6,0,31,0,0,3,0,3,0,25,9,0,34,6,0,6,40
01/05/2004,MLU,LA,ASW,CE,Towers with Radar,0,33,28,6,67,0,0,4,0,4,0,33,32,6,71,66,42,108,179
01/06/2004,MLU,LA,ASW,CE,Towers with Radar,0,31,45,12,88,0,2,30,0,32,0,33,75,12,120,36,54,90,210
01/07/2004,MLU,LA,ASW,CE,Towers with Radar,0,32,39,13,84,0,1,32,0,33,0,33,71,13,117,154,28,182,299
01/08/2004,MLU,LA,ASW,CE,Towers with Radar,0,33,17,2,52,0,0,1,0,1,0,33,18,2,53,4,6,10,63
01/09/2004,MLU,LA,ASW,CE,Towers with Radar,0,36,46,29,111,0,0,18,0,18,0,36,64,29,129,34,76,110,239
01/10/2004,MLU,LA,ASW,CE,Towers with Radar,0,20,20,4,44,0,0,46,1,47,0,20,66,5,91,30,6,36,127
01/11/2004,MLU,LA,ASW,CE,Towers with Radar,0,25,34,17,76,0,0,37,0,37,0,25,71,17,113,40,22,62,175
01/12/2004,MLU,LA,ASW,CE,Towers with Radar,0,30,35,14,79,0,0,26,0,26,0,30,61,14,105,74,82,156,261
01/13/2004,MLU,LA,ASW,CE,Towers with Radar,0,33,59,20,112,0,1,19,0,20,0,34,78,20,132,60,84,144,276
01/14/2004,MLU,LA,ASW,CE,Towers with Radar,0,36,60,17,113,0,0,29,0,29,0,36,89,17,142,44,56,100,242
01/15/2004,MLU,LA,ASW,CE,Towers with Radar,0,32,62,10,104,0,0,21,0,21,0,32,83,10,125,62,10,72,197
01/16/2004,MLU,LA,ASW,CE,Towers with Radar,0,30,26,10,66,0,0,30,0,30,0,30,56,10,96,50,68,118,214
01/17/2004,MLU,LA,ASW,CE,Towers with Radar,0,24,5,0,29,0,0,1,0,1,0,24,6,0,30,0,0,0,30
01/18/2004,MLU,LA,ASW,CE,Towers with Radar,0,25,13,0,38,0,0,0,0,0,0,25,13,0,38,0,0,0,38
01/19/2004,MLU,LA,ASW,CE,Towers with Radar,0,30,30,0,60,0,0,41,0,41,0,30,71,0,101,66,0,66,167
01/20/2004,MLU,LA,ASW,CE,Towers with Radar,0,32,24,16,72,0,0,29,0,29,0,32,53,16,101,78,42,120,221
01/21/2004,MLU,LA,ASW,CE,Towers with Radar,0,31,35,20,86,0,0,48,0,48,0,31,83,20,134,88,58,146,280
01/22/2004,MLU,LA,ASW,CE,Towers with Radar,0,31,48,13,92,0,0,31,0,31,0,31,79,13,123,72,50,122,245
01/23/2004,MLU,LA,ASW,CE,Towers with Radar,0,31,23,9,63,0,0,26,0,26,0,31,49,9,89,34,32,66,155
01/24/2004,MLU,LA,ASW,CE,Towers with Radar,0,20,12,0,32,0,0,0,0,0,0,20,12,0,32,6,0,6,38
01/25/2004,MLU,LA,ASW,CE,Towers with Radar,0,25,19,3,47,0,0,11,0,11,0,25,30,3,58,20,10,30,88
01/26/2004,MLU,LA,ASW,CE,Towers with Radar,0,31,48,14,93,0,0,1,0,1,0,31,49,14,94,32,64,96,190
01/27/2004,MLU,LA,ASW,CE,Towers with Radar,0,30,32,33,95,0,0,29,0,29,0,30,61,33,124,46,82,128,252
01/28/2004,MLU,LA,ASW,CE,Towers with Radar,0,33,22,17,72,0,0,62,0,62,0,33,84,17,134,62,48,110,244
01/29/2004,MLU,LA,ASW,CE,Towers with Radar,0,30,40,11,81,0,1,18,0,19,0,31,58,11,100,66,30,96,196
01/30/2004,MLU,LA,ASW,CE,Towers with Radar,0,31,44,19,94,0,0,0,0,0,0,31,44,19,94,24,40,64,158
01/31/2004,MLU,LA,ASW,CE,Towers with Radar,0,24,6,1,31,0,0,33,1,34,0,24,39,2,65,98,0,98,163
02/01/2004,MLU,LA,ASW,CE,Towers with Radar,0,24,15,2,41,0,2,25,0,27,0,26,40,2,68,20,6,26,94
02/02/2004,MLU,LA,ASW,CE,Towers with Radar,0,35,29,34,98,0,0,0,0,0,0,35,29,34,98,18,92,110,208
02/03/2004,MLU,LA,ASW,CE,Towers with Radar,0,33,44,16,93,0,0,36,0,36,0,33,80,16,129,44,52,96,225
02/04/2004,MLU,LA,ASW,CE,Towers with Radar,0,33,37,12,82,0,0,10,0,10,0,33,47,12,92,60,90,150,242
02/05/2004,MLU,LA,ASW,CE,Towers with Radar,0,34,19,0,53,0,0,0,0,0,0,34,19,0,53,4,0,4,57
02/06/2004,MLU,LA,ASW,CE,Towers with Radar,0,30,29,17,76,0,0,19,0,19,0,30,48,17,95,12,66,78,173
02/07/2004,MLU,LA,ASW,CE,Towers with Radar,0,21,14,0,35,0,0,35,0,35,0,21,49,0,70,42,0,42,112
02/08/2004,MLU,LA,ASW,CE,Towers with Radar,0,26,16,0,42,0,0,32,0,32,0,26,48,0,74,32,0,32,106
02/09/2004,MLU,LA,ASW,CE,Towers with Radar,0,30,37,12,79,0,1,0,0,1,0,31,37,12,80,42,68,110,190
02/10/2004,MLU,LA,ASW,CE,Towers with Radar,0,33,45,25,103,0,0,3,0,3,0,33,48,25,106,40,74,114,220
02/11/2004,MLU,LA,ASW,CE,Towers with Radar,0,30,33,4,67,0,0,0,0,0,0,30,33,4,67,0,0,0,67
02/12/2004,MLU,LA,ASW,CE,Towers with Radar,0,31,34,25,90,0,0,0,0,0,0,31,34,25,90,4,52,56,146
02/13/2004,MLU,LA,ASW,CE,Towers with Radar,0,31,36,15,82,0,0,38,0,38,0,31,74,15,120,50,36,86,206
02/14/2004,MLU,LA,ASW,CE,Towers with Radar,0,25,0,0,25,0,0,2,0,2,0,25,2,0,27,0,0,0,27
02/15/2004,MLU,LA,ASW,CE,Towers with Radar,0,25,17,0,42,0,0,12,0,12,0,25,29,0,54,6,0,6,60
02/16/2004,MLU,LA,ASW,CE,Towers with Radar,0,28,41,0,69,0,0,40,0,40,0,28,81,0,109,81,0,81,190
02/17/2004,MLU,LA,ASW,CE,Towers with Radar,0,30,25,14,69,0,1,18,0,19,0,31,43,14,88,16,26,42,130
02/18/2004,MLU,LA,ASW,CE,Towers with Radar,0,34,34,16,84,0,0,64,0,64,0,34,98,16,148,46,44,90,238
02/19/2004,MLU,LA,ASW,CE,Towers with Radar,0,34,50,13,97,0,0,47,0,47,0,34,97,13,144,52,42,94,238
02/20/2004,MLU,LA,ASW,CE,Towers with Radar,0,33,17,14,64,0,0,19,0,19,0,33,36,14,83,16,26,42,125
02/21/2004,MLU,LA,ASW,CE,Towers with Radar,0,24,14,2,40,0,0,52,0,52,0,24,66,2,92,14,0,14,106
02/22/2004,MLU,LA,ASW,CE,Towers with Radar,0,26,18,3,47,0,0,36,1,37,0,26,54,4,84,66,2,68,152
02/23/2004,MLU,LA,ASW,CE,Towers with Radar,0,30,21,8,59,0,1,0,0,1,0,31,21,8,60,0,8,8,68
02/24/2004,MLU,LA,ASW,CE,Towers with Radar,0,34,30,10,74,0,0,0,0,0,0,34,30,10,74,4,14,18,92
02/25/2004,MLU,LA,ASW,CE,Towers with Radar,0,33,33,8,74,0,0,0,0,0,0,33,33,8,74,8,20,28,102
02/26/2004,MLU,LA,ASW,CE,Towers with Radar,0,32,56,34,122,0,0,7,0,7,0,32,63,34,129,40,40,80,209
02/27/2004,MLU,LA,ASW,CE,Towers with Radar,0,31,36,8,75,0,0,48,0,48,0,31,84,8,123,66,18,84,207
02/28/2004,MLU,LA,ASW,CE,Towers with Radar,0,23,21,1,45,0,0,49,1,50,0,23,70,2,95,98,14,112,207
02/29/2004,MLU,LA,ASW,CE,Towers with Radar,0,29,13,0,42,0,0,6,0,6,0,29,19,0,48,6,0,6,54
03/01/2004,MLU,LA,ASW,CE,Towers with Radar,0,31,10,11,52,0,0,15,0,15,0,31,25,11,67,36,52,88,155
03/02/2004,MLU,LA,ASW,CE,Towers with Radar,0,31,33,17,81,0,1,5,0,6,0,32,38,17,87,10,40,50,137
03/03/2004,MLU,LA,ASW,CE,Towers with Radar,0,35,45,9,89,0,0,4,0,4,0,35,49,9,93,34,6,40,133
03/04/2004,MLU,LA,ASW,CE,Towers with Radar,0,31,29,9,69,0,0,3,0,3,0,31,32,9,72,6,26,32,104
03/05/2004,MLU,LA,ASW,CE,Towers with Radar,0,31,22,16,69,0,0,12,0,12,0,31,34,16,81,0,68,68,149
03/06/2004,MLU,LA,ASW,CE,Towers with Radar,0,21,5,1,27,0,0,27,0,27,0,21,32,1,54,4,18,22,76
03/07/2004,MLU,LA,ASW,CE,Towers with Radar,0,25,10,0,35,0,0,35,0,35,0,25,45,0,70,68,0,68,138
03/08/2004,MLU,LA,ASW,CE,Towers with Radar,0,29,22,26,77,0,0,39,0,39,0,29,61,26,116,24,64,88,204
03/09/2004,MLU,LA,ASW,CE,Towers with Radar,0,35,26,15,76,0,0,39,0,39,0,35,65,15,115,2,34,36,151
03/10/2004,MLU,LA,ASW,CE,Towers with Radar,0,30,32,15,77,0,0,54,0,54,0,30,86,15,131,62,166,228,359
03/11/2004,MLU,LA,ASW,CE,Towers with Radar,0,30,49,13,92,0,0,54,0,54,0,30,103,13,146,180,38,218,364
03/12/2004,MLU,LA,ASW,CE,Towers with Radar,0,33,34,13,80,0,0,51,0,51,0,33,85,13,131,136,58,194,325
03/13/2004,MLU,LA,ASW,CE,Towers with Radar,0,22,22,2,46,0,0,14,0,14,0,22,36,2,60,32,2,34,94
03/14/2004,MLU,LA,ASW,CE,Towers with Radar,0,27,16,2,45,0,0,0,0,0,0,27,16,2,45,0,0,0,45
03/15/2004,MLU,LA,ASW,CE,Towers with Radar,0,29,36,18,83,0,0,0,0,0,0,29,36,18,83,14,64,78,161
03/16/2004,MLU,LA,ASW,CE,Towers with Radar,1,35,45,21,102,0,6,38,0,44,1,41,83,21,146,50,56,106,252
03/17/2004,MLU,LA,ASW,CE,Towers with Radar,0,33,46,19,98,0,0,55,0,55,0,33,101,19,153,84,42,126,279
03/18/2004,MLU,LA,ASW,CE,Towers with Radar,0,32,25,4,61,0,0,47,4,51,0,32,72,8,112,60,12,72,184
03/19/2004,MLU,LA,ASW,CE,Towers with Radar,2,33,38,11,84,0,0,35,0,35,2,33,73,11,119,48,42,90,209
03/20/2004,MLU,LA,ASW,CE,Towers with Radar,0,22,20,3,45,0,0,36,0,36,0,22,56,3,81,18,6,24,105
03/21/2004,MLU,LA,ASW,CE,Towers with Radar,2,27,22,1,52,0,1,21,0,22,2,28,43,1,74,24,0,24,98
03/22/2004,MLU,LA,ASW,CE,Towers with Radar,0,27,38,16,81,0,0,38,0,38,0,27,76,16,119,54,56,110,229
03/23/2004,MLU,LA,ASW,CE,Towers with Radar,0,31,32,12,75,0,7,49,0,56,0,38,81,12,131,78,74,152,283
03/24/2004,MLU,LA,ASW,CE,Towers with Radar,0,30,30,1,61,0,0,37,0,37,0,30,67,1,98,48,6,54,152
03/25/2004,MLU,LA,ASW,CE,Towers with Radar,0,30,39,0,69,0,0,0,0,0,0,30,39,0,69,12,0,12,81
03/26/2004,MLU,LA,ASW,CE,Towers with Radar,2,32,33,20,87,0,0,34,0,34,2,32,67,20,121,8,110,118,239
03/27/2004,MLU,LA,ASW,CE,Towers with Radar,0,22,15,3,40,0,0,16,0,16,0,22,31,3,56,8,6,14,70
03/28/2004,MLU,LA,ASW,CE,Towers with Radar,2,28,12,0,42,0,0,30,0,30,2,28,42,0,72,6,0,6,78
03/29/2004,MLU,LA,ASW,CE,Towers with Radar,0,31,32,22,85,0,0,10,0,10,0,31,42,22,95,10,86,96,191
03/30/2004,MLU,LA,ASW,CE,Towers with Radar,0,32,41,24,97,0,0,25,0,25,0,32,66,24,122,28,114,142,264
03/31/2004,MLU,LA,ASW,CE,Towers with Radar,0,30,49,23,102,0,0,49,0,49,0,30,98,23,151,56,70,126,277
04/01/2004,MLU,LA,ASW,CE,Towers with Radar,0,31,25,29,85,0,0,43,3,46,0,31,68,32,131,68,48,116,247
04/02/2004,MLU,LA,ASW,CE,Towers with Radar,0,31,37,9,77,0,0,32,0,32,0,31,69,9,109,80,30,110,219
04/03/2004,MLU,LA,ASW,CE,Towers with Radar,0,23,26,1,50,0,0,42,2,44,0,23,68,3,94,58,0,58,152
04/04/2004,MLU,LA,ASW,CE,Towers with Radar,0,29,19,2,50,0,0,37,0,37,0,29,56,2,87,40,4,44,131
04/05/2004,MLU,LA,ASW,CE,Towers with Radar,0,31,31,17,79,0,3,36,0,39,0,34,67,17,118,26,34,60,178
04/06/2004,MLU,LA,ASW,CE,Towers with Radar,0,32,44,12,88,0,0,21,0,21,0,32,65,12,109,68,40,108,217
04/07/2004,MLU,LA,ASW,CE,Towers with Radar,0,28,62,9,99,0,1,27,0,28,0,29,89,9,127,86,18,104,231
04/08/2004,MLU,LA,ASW,CE,Towers with Radar,0,32,35,1,68,0,6,29,6,41,0,38,64,7,109,62,0,62,171
04/09/2004,MLU,LA,ASW,CE,Towers with Radar,0,32,12,26,70,0,0,35,0,35,0,32,47,26,105,50,90,140,245
04/10/2004,MLU,LA,ASW,CE,Towers with Radar,0,23,7,0,30,0,1,14,0,15,0,24,21,0,45,6,0,6,51
04/11/2004,MLU,LA,ASW,CE,Towers with Radar,0,27,8,2,37,0,0,1,0,1,0,27,9,2,38,0,4,4,42
04/12/2004,MLU,LA,ASW,CE,Towers with Radar,0,30,30,16,76,0,0,0,0,0,0,30,30,16,76,10,38,48,124
04/13/2004,MLU,LA,ASW,CE,Towers with Radar,0,35,46,22,103,0,0,13,0,13,0,35,59,22,116,20,42,62,178
04/14/2004,MLU,LA,ASW,CE,Towers with Radar,0,31,41,13,85,0,0,55,0,55,0,31,96,13,140,112,50,162,302
04/15/2004,MLU,LA,ASW,CE,Towers with Radar,0,39,29,9,77,0,0,58,3,61,0,39,87,12,138,38,6,44,182
04/16/2004,MLU,LA,ASW,CE,Towers with Radar,0,30,41,15,86,0,1,54,0,55,0,31,95,15,141,8,104,112,253
04/17/2004,MLU,LA,ASW,CE,Towers with Radar,0,22,24,0,46,0,0,28,0,28,0,22,52,0,74,20,2,22,96
04/18/2004,MLU,LA,ASW,CE,Towers with Radar,0,27,18,2,47,0,0,30,0,30,0,27,48,2,77,8,0,8,85
04/19/2004,MLU,LA,ASW,CE,Towers with Radar,0,31,36,13,80,0,0,38,0,38,0,31,74,13,118,78,56,134,252
04/20/2004,MLU,LA,ASW,CE,Towers with Radar,0,36,45,27,108,0,0,6,0,6,0,36,51,27,114,18,86,104,218
04/21/2004,MLU,LA,ASW,CE,Towers with Radar,0,31,38,4,73,0,0,20,0,20,0,31,58,4,93,12,10,22,115
04/22/2004,MLU,LA,ASW,CE,Towers with Radar,0,34,44,13,91,0,0,20,0,20,0,34,64,13,111,20,28,48,159
04/23/2004,MLU,LA,ASW,CE,Towers with Radar,0,34,30,19,83,0,0,29,0,29,0,34,59,19,112,30,64,94,206
04/24/2004,MLU,LA,ASW,CE,Towers with Radar,0,22,16,0,38,0,0,13,0,13,0,22,29,0,51,26,0,26,77
04/25/2004,MLU,LA,ASW,CE,Towers with Radar,0,24,21,0,45,0,0,0,0,0,0,24,21,0,45,8,0,8,53
04/26/2004,MLU,LA,ASW,CE,Towers with Radar,0,30,45,22,97,0,1,20,0,21,0,31,65,22,118,72,40,112,230
04/27/2004,MLU,LA,ASW,CE,Towers with Radar,0,33,39,28,100,0,0,40,0,40,0,33,79,28,140,64,78,142,282
04/28/2004,MLU,LA,ASW,CE,Towers with Radar,0,32,42,14,88,0,0,55,0,55,0,32,97,14,143,30,18,48,191
04/29/2004,MLU,LA,ASW,CE,Towers with Radar,0,33,35,5,73,0,0,13,2,15,0,33,48,7,88,0,2,2,90
04/30/2004,MLU,LA,ASW,CE,Towers with Radar,0,31,31,24,86,0,0,6,0,6,0,31,37,24,92,22,16,38,130
05/01/2004,MLU,LA,ASW,CE,Towers with Radar,0,25,3,0,28,0,0,0,0,0,0,25,3,0,28,4,0,4,32
05/02/2004,MLU,LA,ASW,CE,Towers with Radar,0,27,32,4,63,0,0,9,0,9,0,27,41,4,72,48,12,60,132
05/03/2004,MLU,LA,ASW,CE,Towers with Radar,0,29,19,35,83,0,0,67,0,67,0,29,86,35,150,42,18,60,210
05/04/2004,MLU,LA,ASW,CE,Towers with Radar,0,31,33,23,87,0,0,54,0,54,0,31,87,23,141,20,110,130,271
05/05/2004,MLU,LA,ASW,CE,Towers with Radar,0,31,40,21,92,0,1,52,0,53,0,32,92,21,145,50,62,112,257
05/06/2004,MLU,LA,ASW,CE,Towers with Radar,0,32,51,22,105,0,0,55,0,55,0,32,106,22,160,50,22,72,232
05/07/2004,MLU,LA,ASW,CE,Towers with Radar,0,33,26,18,77,0,0,49,0,49,0,33,75,18,126,102,44,146,272
05/08/2004,MLU,LA,ASW,CE,Towers with Radar,0,26,28,0,54,0,0,61,0,61,0,26,89,0,115,60,0,60,175
05/09/2004,MLU,LA,ASW,CE,Towers with Radar,0,24,22,0,46,0,2,40,0,42,0,26,62,0,88,44,0,44,132
05/10/2004,MLU,LA,ASW,CE,Towers with Radar,0,30,25,8,63,0,0,39,0,39,0,30,64,8,102,10,36,46,148
05/11/2004,MLU,LA,ASW,CE,Towers with Radar,0,31,45,10,86,0,1,7,0,8,0,32,52,10,94,10,48,58,152
05/12/2004,MLU,LA,ASW,CE,Towers with Radar,0,28,35,0,63,0,2,0,0,2,0,30,35,0,65,24,0,24,89
05/13/2004,MLU,LA,ASW,CE,Towers with Radar,0,25,32,29,86,0,0,14,0,14,0,25,46,29,100,26,30,56,156
05/14/2004,MLU,LA,ASW,CE,Towers with Radar,0,38,39,4,81,0,0,0,0,0,0,38,39,4,81,36,18,54,135
05/15/2004,MLU,LA,ASW,CE,Towers with Radar,0,24,19,2,45,0,0,0,0,0,0,24,19,2,45,26,16,42,87
05/16/2004,MLU,LA,ASW,CE,Towers with Radar,0,25,25,6,56,0,0,11,0,11,0,25,36,6,67,22,24,46,113
05/17/2004,MLU,LA,ASW,CE,Towers with Radar,0,31,14,14,59,0,0,23,0,23,0,31,37,14,82,8,10,18,100
05/18/2004,MLU,LA,ASW,CE,Towers with Radar,0,32,44,27,103,0,1,13,0,14,0,33,57,27,117,18,28,46,163
05/19/2004,MLU,LA,ASW,CE,Towers with Radar,0,31,58,10,99,0,0,29,0,29,0,31,87,10,128,58,4,62,190
05/20/2004,MLU,LA,ASW,CE,Towers with Radar,0,28,46,35,109,0,0,34,0,34,0,28,80,35,143,8,52,60,203
05/21/2004,MLU,LA,ASW,CE,Towers with Radar,2,35,19,18,74,0,0,62,0,62,2,35,81,18,136,84,28,112,248
05/22/2004,MLU,LA,ASW,CE,Towers with Radar,0,26,22,7,55,0,0,23,0,23,0,26,45,7,78,28,28,56,134
05/23/2004,MLU,LA,ASW,CE,Towers with Radar,2,29,33,0,64,0,0,18,0,18,2,29,51,0,82,56,0,56,138
05/24/2004,MLU,LA,ASW,CE,Towers with Radar,0,30,31,30,91,0,0,34,0,34,0,30,65,30,125,0,58,58,183
05/25/2004,MLU,LA,ASW,CE,Towers with Radar,0,31,40,12,83,0,0,27,0,27,0,31,67,12,110,50,90,140,250
05/26/2004,MLU,LA,ASW,CE,Towers with Radar,0,30,53,0,83,0,1,46,32,79,0,31,99,32,162,46,102,148,310
05/27/2004,MLU,LA,ASW,CE,Towers with Radar,0,34,46,16,96,0,0,32,0,32,0,34,78,16,128,12,86,98,226
05/28/2004,MLU,LA,ASW,CE,Towers with Radar,0,33,38,3,74,0,0,13,0,13,0,33,51,3,87,2,8,10,97
05/29/2004,MLU,LA,ASW,CE,Towers with Radar,0,24,23,0,47,0,0,21,0,21,0,24,44,0,68,64,0,64,132
05/30/2004,MLU,LA,ASW,CE,Towers with Radar,0,22,10,0,32,0,0,12,0,12,0,22,22,0,44,6,0,6,50
05/31/2004,MLU,LA,ASW,CE,Towers with Radar,0,24,14,0,38,0,0,27,0,27,0,24,41,0,65,16,0,16,81
06/01/2004,MLU,LA,ASW,CE,Towers with Radar,0,29,39,9,77,0,0,24,0,24,0,29,63,9,101,34,18,52,153
06/02/2004,MLU,LA,ASW,CE,Towers with Radar,0,31,40,27,98,0,0,44,1,45,0,31,84,28,143,74,32,106,249
06/03/2004,MLU,LA,ASW,CE,Towers with Radar,0,30,26,24,80,0,0,29,0,29,0,30,55,24,109,30,30,60,169
06/04/2004,MLU,LA,ASW,CE,Towers with Radar,0,31,28,24,83,0,1,46,0,47,0,32,74,24,130,60,70,130,260
06/05/2004,MLU,LA,ASW,CE,Towers with Radar,0,26,12,0,38,0,0,42,6,48,0,26,54,6,86,14,2,16,102
06/06/2004,MLU,LA,ASW,CE,Towers with Radar,0,23,20,0,43,0,0,5,1,6,0,23,25,1,49,8,0,8,57
06/07/2004,MLU,LA,ASW,CE,Towers with Radar,0,32,38,33,103,0,1,16,0,17,0,33,54,33,120,18,84,102,222
06/08/2004,MLU,LA,ASW,CE,Towers with Radar,0,28,38,25,91,0,0,17,1,18,0,28,55,26,109,26,48,74,183
06/09/2004,MLU,LA,ASW,CE,Towers with Radar,0,31,52,23,106,0,0,51,0,51,0,31,103,23,157,50,74,124,281
06/10/2004,MLU,LA,ASW,CE,Towers with Radar,0,34,44,7,85,0,0,41,0,41,0,34,85,7,126,90,2,92,218
06/11/2004,MLU,LA,ASW,CE,Towers with Radar,2,34,37,0,73,0,0,37,0,37,2,34,74,0,110,68,0,68,178
06/12/2004,MLU,LA,ASW,CE,Towers with Radar,0,26,18,4,48,0,0,27,0,27,0,26,45,4,75,42,24,66,141
06/13/2004,MLU,LA,ASW,CE,Towers with Radar,2,26,28,3,59,0,0,16,0,16,2,26,44,3,75,40,4,44,119
06/14/2004,MLU,LA,ASW,CE,Towers with Radar,0,27,34,31,92,0,0,19,0,19,0,27,53,31,111,16,30,46,157
06/15/2004,MLU,LA,ASW,CE,Towers with Radar,0,31,30,18,79,0,0,18,0,18,0,31,48,18,97,18,18,36,133
06/16/2004,MLU,LA,ASW,CE,Towers with Radar,0,29,31,2,62,0,0,7,0,7,0,29,38,2,69,24,24,48,117
06/17/2004,MLU,LA,ASW,CE,Towers with Radar,0,32,31,20,83,0,2,29,0,31,0,34,60,20,114,20,28,48,162
06/18/2004,MLU,LA,ASW,CE,Towers with Radar,0,32,32,20,84,0,0,53,0,53,0,32,85,20,137,54,18,72,209
06/19/2004,MLU,LA,ASW,CE,Towers with Radar,0,21,23,0,44,0,0,24,0,24,0,21,47,0,68,10,0,10,78
06/20/2004,MLU,LA,ASW,CE,Towers with Radar,0,25,16,0,41,0,0,38,0,38,0,25,54,0,79,56,0,56,135
06/21/2004,MLU,LA,ASW,CE,Towers with Radar,0,30,48,57,135,0,0,45,0,45,0,30,93,57,180,64,86,150,330
06/22/2004,MLU,LA,ASW,CE,Towers with Radar,0,29,21,11,61,0,0,11,0,11,0,29,32,11,72,18,0,18,90
06/23/2004,MLU,LA,ASW,CE,Towers with Radar,0,31,27,4,62,0,3,15,2,20,0,34,42,6,82,66,16,82,164
06/24/2004,MLU,LA,ASW,CE,Towers with Radar,0,28,37,0,65,0,1,5,0,6,0,29,42,0,71,6,0,6,77
06/25/2004,MLU,LA,ASW,CE,Towers with Radar,0,31,27,30,88,0,0,9,0,9,0,31,36,30,97,4,2,6,103
06/26/2004,MLU,LA,ASW,CE,Towers with Radar,0,27,10,1,38,0,0,5,0,5,0,27,15,1,43,0,0,0,43
06/27/2004,MLU,LA,ASW,CE,Towers with Radar,0,21,11,8,40,0,1,0,0,1,0,22,11,8,41,4,0,4,45
06/28/2004,MLU,LA,ASW,CE,Towers with Radar,0,32,42,28,102,0,0,16,6,22,0,32,58,34,124,48,6,54,178
06/29/2004,MLU,LA,ASW,CE,Towers with Radar,0,32,34,18,84,0,0,22,2,24,0,32,56,20,108,42,0,42,150
06/30/2004,MLU,LA,ASW,CE,Towers with Radar,0,31,32,35,98,0,3,14,0,17,0,34,46,35,115,22,0,22,137
07/01/2004,MLU,LA,ASW,CE,Towers with Radar,0,32,34,18,84,0,1,6,0,7,0,33,40,18,91,6,0,6,97
07/02/2004,MLU,LA,ASW,CE,Towers with Radar,0,35,34,0,69,0,0,21,0,21,0,35,55,0,90,16,0,16,106
07/03/2004,MLU,LA,ASW,CE,Towers with Radar,0,25,19,0,44,0,0,25,0,25,0,25,44,0,69,24,0,24,93
07/04/2004,MLU,LA,ASW,CE,Towers with Radar,0,25,4,0,29,0,0,24,0,24,0,25,28,0,53,8,0,8,61
07/05/2004,MLU,LA,ASW,CE,Towers with Radar,0,29,31,0,60,0,2,38,4,44,0,31,69,4,104,40,0,40,144
07/06/2004,MLU,LA,ASW,CE,Towers with Radar,0,27,41,23,91,0,0,26,0,26,0,27,67,23,117,66,4,70,187
07/07/2004,MLU,LA,ASW,CE,Towers with Radar,0,31,25,45,101,0,0,41,4,45,0,31,66,49,146,22,8,30,176
07/08/2004,MLU,LA,ASW,CE,Towers with Radar,0,32,58,23,113,0,1,33,0,34,0,33,91,23,147,70,48,118,265
07/09/2004,MLU,LA,ASW,CE,Towers with Radar,0,30,50,4,84,0,0,29,1,30,0,30,79,5,114,24,2,26,140
07/10/2004,MLU,LA,ASW,CE,Towers with Radar,0,25,33,4,62,0,0,44,3,47,0,25,77,7,109,38,64,102,211
07/11/2004,MLU,LA,ASW,CE,Towers with Radar,0,26,31,1,58,0,0,48,1,49,0,26,79,2,107,56,4,60,167
07/12/2004,MLU,LA,ASW,CE,Towers with Radar,0,28,33,35,96,0,0,47,21,68,0,28,80,56,164,78,26,104,268
07/13/2004,MLU,LA,ASW,CE,Towers with Radar,0,30,31,22,83,0,2,56,5,63,0,32,87,27,146,68,14,82,228
07/14/2004,MLU,LA,ASW,CE,Towers with Radar,0,34,43,11,88,0,1,58,4,63,0,35,101,15,151,52,0,52,203
07/15/2004,MLU,LA,ASW,CE,Towers with Radar,0,34,4,40,78,0,0,0,5,5,0,34,4,45,83,72,18,90,173
07/16/2004,MLU,LA,ASW,CE,Towers with Radar,0,31,35,33,99,0,0,43,9,52,0,31,78,42,151,32,52,84,235
07/17/2004,MLU,LA,ASW,CE,Towers with Radar,0,25,7,8,40,0,0,16,2,18,0,25,23,10,58,4,0,4,62
07/18/2004,MLU,LA,ASW,CE,Towers with Radar,0,24,19,0,43,0,0,50,0,50,0,24,69,0,93,26,0,26,119
07/19/2004,MLU,LA,ASW,CE,Towers with Radar,0,30,23,33,86,0,0,54,16,70,0,30,77,49,156,26,36,62,218
07/20/2004,MLU,LA,ASW,CE,Towers with Radar,0,31,37,34,102,0,0,61,3,64,0,31,98,37,166,18,16,34,200
07/21/2004,MLU,LA,ASW,CE,Towers with Radar,0,33,49,27,109,0,0,37,0,37,0,33,86,27,146,20,16,36,182
07/22/2004,MLU,LA,ASW,CE,Towers with Radar,0,31,39,32,102,0,5,39,0,44,0,36,78,32,146,76,30,106,252
07/23/2004,MLU,LA,ASW,CE,Towers with Radar,0,31,31,32,94,0,0,26,4,30,0,31,57,36,124,30,8,38,162
07/24/2004,MLU,LA,ASW,CE,Towers with Radar,0,30,14,2,46,0,0,26,0,26,0,30,40,2,72,14,0,14,86
07/25/2004,MLU,LA,ASW,CE,Towers with Radar,0,25,25,7,57,0,0,12,3,15,0,25,37,10,72,16,0,16,88
07/26/2004,MLU,LA,ASW,CE,Towers with Radar,0,30,42,71,143,0,0,6,15,21,0,30,48,86,164,0,0,0,164
07/27/2004,MLU,LA,ASW,CE,Towers with Radar,0,28,24,28,80,0,0,38,9,47,0,28,62,37,127,66,12,78,205
07/28/2004,MLU,LA,ASW,CE,Towers with Radar,0,34,35,15,84,0,0,80,17,97,0,34,115,32,181,106,2,108,289
07/29/2004,MLU,LA,ASW,CE,Towers with Radar,0,29,39,16,84,0,0,43,6,49,0,29,82,22,133,56,18,74,207
07/30/2004,MLU,LA,ASW,CE,Towers with Radar,0,32,31,19,82,0,0,25,11,36,0,32,56,30,118,14,10,24,142
07/31/2004,MLU,LA,ASW,CE,Towers with Radar,0,28,16,2,46,0,0,22,4,26,0,28,38,6,72,4,0,4,76
08/01/2004,MLU,LA,ASW,CE,Towers with Radar,0,27,22,3,52,0,0,16,2,18,0,27,38,5,70,64,0,64,134
08/02/2004,MLU,LA,ASW,CE,Towers with Radar,0,27,15,62,104,0,0,50,44,94,0,27,65,106,198,38,178,216,414
08/03/2004,MLU,LA,ASW,CE,Towers with Radar,0,32,39,34,105,0,0,61,0,61,0,32,100,34,166,50,12,62,228
08/04/2004,MLU,LA,ASW,CE,Towers with Radar,0,31,19,29,79,0,0,52,29,81,0,31,71,58,160,90,20,110,270
08/05/2004,MLU,LA,ASW,CE,Towers with Radar,0,30,31,11,72,0,0,36,3,39,0,30,67,14,111,56,20,76,187
08/06/2004,MLU,LA,ASW,CE,Towers with Radar,0,34,37,24,95,0,0,33,13,46,0,34,70,37,141,30,32,62,203
08/07/2004,MLU,LA,ASW,CE,Towers with Radar,0,28,16,6,50,0,0,37,4,41,0,28,53,10,91,38,0,38,129
08/08/2004,MLU,LA,ASW,CE,Towers with Radar,0,4,21,2,27,0,21,31,0,52,0,25,52,2,79,16,4,20,99
08/09/2004,MLU,LA,ASW,CE,Towers with Radar,0,28,14,77,119,0,0,23,14,37,0,28,37,91,156,58,44,102,258
08/10/2004,MLU,LA,ASW,CE,Towers with Radar,0,32,39,59,130,0,0,42,20,62,0,32,81,79,192,26,80,106,298
08/11/2004,MLU,LA,ASW,CE,Towers with Radar,0,31,37,63,131,0,0,21,0,21,0,31,58,63,152,14,64,78,230
08/12/2004,MLU,LA,ASW,CE,Towers with Radar,0,31,48,52,131,0,0,40,2,42,0,31,88,54,173,34,22,56,229
08/13/2004,MLU,LA,ASW,CE,Towers with Radar,0,28,31,22,81,0,0,57,17,74,0,28,88,39,155,8,2,10,165
08/14/2004,MLU,LA,ASW,CE,Towers with Radar,0,27,13,1,41,0,0,0,0,0,0,27,13,1,41,38,0,38,79
08/15/2004,MLU,LA,ASW,CE,Towers with Radar,0,26,10,0,36,0,0,52,3,55,0,26,62,3,91,26,0,26,117
08/16/2004,MLU,LA,ASW,CE,Towers with Radar,0,30,25,17,72,0,0,34,32,66,0,30,59,49,138,106,44,150,288
08/17/2004,MLU,LA,ASW,CE,Towers with Radar,0,31,34,26,91,0,0,63,0,63,0,31,97,26,154,80,18,98,252
08/18/2004,MLU,LA,ASW,CE,Towers with Radar,0,29,25,23,77,0,0,41,0,41,0,29,66,23,118,62,28,90,208
08/19/2004,MLU,LA,ASW,CE,Towers with Radar,0,30,28,37,95,0,0,12,13,25,0,30,40,50,120,24,26,50,170
08/20/2004,MLU,LA,ASW,CE,Towers with Radar,0,30,28,18,76,0,0,5,0,5,0,30,33,18,81,0,0,0,81
08/21/2004,MLU,LA,ASW,CE,Towers with Radar,0,27,37,2,66,0,0,17,6,23,0,27,54,8,89,0,6,6,95
08/22/2004,MLU,LA,ASW,CE,Towers with Radar,0,25,19,0,44,0,0,20,0,20,0,25,39,0,64,14,0,14,78
08/23/2004,MLU,LA,ASW,CE,Towers with Radar,0,29,19,28,76,0,0,12,17,29,0,29,31,45,105,10,2,12,117
08/24/2004,MLU,LA,ASW,CE,Towers with Radar,0,30,37,10,77,0,2,16,4,22,0,32,53,14,99,2,14,16,115
08/25/2004,MLU,LA,ASW,CE,Towers with Radar,0,31,51,15,97,0,0,19,0,19,0,31,70,15,116,6,16,22,138
08/26/2004,MLU,LA,ASW,CE,Towers with Radar,0,32,48,39,119,0,0,25,9,34,0,32,73,48,153,24,22,46,199
08/27/2004,MLU,LA,ASW,CE,Towers with Radar,0,30,44,15,89,0,0,47,10,57,0,30,91,25,146,40,30,70,216
08/28/2004,MLU,LA,ASW,CE,Towers with Radar,0,28,29,0,57,0,1,38,0,39,0,29,67,0,96,44,0,44,140
08/29/2004,MLU,LA,ASW,CE,Towers with Radar,0,28,35,0,63,0,0,39,0,39,0,28,74,0,102,30,0,30,132
08/30/2004,MLU,LA,ASW,CE,Towers with Radar,0,32,26,63,121,0,3,35,10,48,0,35,61,73,169,60,40,100,269
08/31/2004,MLU,LA,ASW,CE,Towers with Radar,0,29,23,28,80,0,0,42,19,61,0,29,65,47,141,12,18,30,171
09/01/2004,MLU,LA,ASW,CE,Towers with Radar,0,30,26,51,107,0,7,42,0,49,0,37,68,51,156,4,16,20,176
09/02/2004,MLU,LA,ASW,CE,Towers with Radar,0,32,37,18,87,0,0,41,0,41,0,32,78,18,128,52,12,64,192
09/03/2004,MLU,LA,ASW,CE,Towers with Radar,0,31,24,33,88,0,0,12,3,15,0,31,36,36,103,18,10,28,131
09/04/2004,MLU,LA,ASW,CE,Towers with Radar,2,26,18,0,46,0,0,29,0,29,2,26,47,0,75,40,0,40,115
09/05/2004,MLU,LA,ASW,CE,Towers with Radar,0,24,11,0,35,0,0,22,0,22,0,24,33,0,57,32,0,32,89
09/06/2004,MLU,LA,ASW,CE,Towers with Radar,2,24,31,7,64,0,0,35,1,36,2,24,66,8,100,8,4,12,112
09/07/2004,MLU,LA,ASW,CE,Towers with Radar,0,29,21,69,119,0,0,31,3,34,0,29,52,72,153,12,60,72,225
09/08/2004,MLU,LA,ASW,CE,Towers with Radar,0,33,34,53,120,0,0,45,23,68,0,33,79,76,188,8,52,60,248
09/09/2004,MLU,LA,ASW,CE,Towers with Radar,0,35,40,15,90,0,0,51,4,55,0,35,91,19,145,16,20,36,181
09/10/2004,MLU,LA,ASW,CE,Towers with Radar,0,34,33,12,79,0,0,51,2,53,0,34,84,14,132,22,38,60,192
09/11/2004,MLU,LA,ASW,CE,Towers with Radar,0,28,33,3,64,0,0,121,4,125,0,28,154,7,189,62,18,80,269
09/12/2004,MLU,LA,ASW,CE,Towers with Radar,0,25,18,0,43,0,0,42,0,42,0,25,60,0,85,20,0,20,105
09/13/2004,MLU,LA,ASW,CE,Towers with Radar,0,27,24,19,70,0,0,50,9,59,0,27,74,28,129,8,8,16,145
09/14/2004,MLU,LA,ASW,CE,Towers with Radar,0,31,37,29,97,0,0,41,6,47,0,31,78,35,144,24,52,76,220
09/15/2004,MLU,LA,ASW,CE,Towers with Radar,0,31,26,4,61,0,0,31,2,33,0,31,57,6,94,12,0,12,106
09/16/2004,MLU,LA,ASW,CE,Towers with Radar,0,28,20,7,55,0,0,25,3,28,0,28,45,10,83,42,22,64,147
09/17/2004,MLU,LA,ASW,CE,Towers with Radar,0,31,18,27,76,0,0,41,0,41,0,31,59,27,117,56,72,128,245
09/18/2004,MLU,LA,ASW,CE,Towers with Radar,0,24,27,0,51,0,0,29,0,29,0,24,56,0,80,14,0,14,94
09/19/2004,MLU,LA,ASW,CE,Towers with Radar,0,26,10,0,36,0,1,40,0,41,0,27,50,0,77,34,0,34,111
09/20/2004,MLU,LA,ASW,CE,Towers with Radar,0,30,20,25,75,0,0,43,14,57,0,30,63,39,132,4,12,16,148
09/21/2004,MLU,LA,ASW,CE,Towers with Radar,0,30,32,9,71,0,0,58,8,66,0,30,90,17,137,26,0,26,163
09/22/2004,MLU,LA,ASW,CE,Towers with Radar,0,31,37,24,92,0,1,45,16,62,0,32,82,40,154,52,30,82,236
09/23/2004,MLU,LA,ASW,CE,Towers with Radar,0,32,37,7,76,0,0,34,3,37,0,32,71,10,113,44,0,44,157
09/24/2004,MLU,LA,ASW,CE,Towers with Radar,0,31,38,21,90,0,0,37,5,42,0,31,75,26,132,42,4,46,178
09/25/2004,MLU,LA,ASW,CE,Towers with Radar,0,24,47,0,71,0,0,54,0,54,0,24,101,0,125,4,4,8,133
09/26/2004,MLU,LA,ASW,CE,Towers with Radar,0,25,23,0,48,0,1,65,0,66,0,26,88,0,114,32,0,32,146
09/27/2004,MLU,LA,ASW,CE,Towers with Radar,0,27,14,62,103,0,0,52,5,57,0,27,66,67,160,62,14,76,236
09/28/2004,MLU,LA,ASW,CE,Towers with Radar,0,28,22,2,52,0,0,50,2,52,0,28,72,4,104,16,26,42,146
09/29/2004,MLU,LA,ASW,CE,Towers with Radar,0,32,9,0,41,0,0,0,2,2,0,32,9,2,43,12,0,12,55
09/30/2004,MLU,LA,ASW,CE,Towers with Radar,0,32,20,0,52,0,0,57,0,57,0,32,77,0,109,44,0,44,153
10/01/2004,MLU,LA,ASW,CE,Combined TRACON& Tower with Radar,2,31,23,27,83,0,0,46,1,47,2,31,69,28,130,44,32,76,206
10/02/2004,MLU,LA,ASW,CE,Combined TRACON& Tower with Radar,0,24,9,1,34,0,1,16,1,18,0,25,25,2,52,24,0,24,76
10/03/2004,MLU,LA,ASW,CE,Combined TRACON& Tower with Radar,0,24,16,0,40,0,0,29,0,29,0,24,45,0,69,10,0,10,79
10/04/2004,MLU,LA,ASW,CE,Combined TRACON& Tower with Radar,0,29,14,9,52,0,8,19,1,28,0,37,33,10,80,52,0,52,132
10/05/2004,MLU,LA,ASW,CE,Combined TRACON& Tower with Radar,0,30,31,6,67,0,0,48,4,52,0,30,79,10,119,26,8,34,153
10/06/2004,MLU,LA,ASW,CE,Combined TRACON& Tower with Radar,0,33,29,19,81,0,0,42,13,55,0,33,71,32,136,62,28,90,226
10/07/2004,MLU,LA,ASW,CE,Combined TRACON& Tower with Radar,0,31,41,14,86,0,9,15,0,24,0,40,56,14,110,14,12,26,136
10/08/2004,MLU,LA,ASW,CE,Combined TRACON& Tower with Radar,2,34,27,2,65,0,0,1,0,1,2,34,28,2,66,0,2,2,68
10/09/2004,MLU,LA,ASW,CE,Combined TRACON& Tower with Radar,0,23,15,0,38,0,0,0,0,0,0,23,15,0,38,0,0,0,38
10/10/2004,MLU,LA,ASW,CE,Combined TRACON& Tower with Radar,0,25,11,0,36,0,0,4,0,4,0,25,15,0,40,0,0,0,40
10/11/2004,MLU,LA,ASW,CE,Combined TRACON& Tower with Radar,0,30,26,0,56,0,0,22,1,23,0,30,48,1,79,16,0,16,95
10/12/2004,MLU,LA,ASW,CE,Combined TRACON& Tower with Radar,0,34,57,60,151,0,0,9,15,24,0,34,66,75,175,0,94,94,269
10/13/2004,MLU,LA,ASW,CE,Combined TRACON& Tower with Radar,0,29,51,54,134,0,0,47,8,55,0,29,98,62,189,14,50,64,253
10/14/2004,MLU,LA,ASW,CE,Combined TRACON& Tower with Radar,1,30,64,33,128,0,0,33,3,36,1,30,97,36,164,10,28,38,202
10/15/2004,MLU,LA,ASW,CE,Combined TRACON& Tower with Radar,4,31,41,35,111,0,0,77,5,82,4,31,118,40,193,18,34,52,245
10/16/2004,MLU,LA,ASW,CE,Combined TRACON& Tower with Radar,1,22,17,0,40,0,0,34,0,34,1,22,51,0,74,26,0,26,100
10/17/2004,MLU,LA,ASW,CE,Combined TRACON& Tower with Radar,0,24,20,7,51,0,2,22,1,25,0,26,42,8,76,0,0,0,76
10/18/2004,MLU,LA,ASW,CE,Combined TRACON& Tower with Radar,0,27,37,13,77,0,0,24,2,26,0,27,61,15,103,0,0,0,103
10/19/2004,MLU,LA,ASW,CE,Combined TRACON& Tower with Radar,0,30,40,90,160,0,0,21,0,21,0,30,61,90,181,18,160,178,359
10/20/2004,MLU,LA,ASW,CE,Combined TRACON& Tower with Radar,0,33,60,46,139,0,0,31,14,45,0,33,91,60,184,30,64,94,278
10/21/2004,MLU,LA,ASW,CE,Combined TRACON& Tower with Radar,0,32,36,38,106,0,0,23,0,23,0,32,59,38,129,30,36,66,195
10/22/2004,MLU,LA,ASW,CE,Combined TRACON& Tower with Radar,4,33,59,11,107,0,0,26,4,30,4,33,85,15,137,18,8,26,163
10/23/2004,MLU,LA,ASW,CE,Combined TRACON& Tower with Radar,3,27,31,0,61,0,0,9,0,9,3,27,40,0,70,0,0,0,70
10/24/2004,MLU,LA,ASW,CE,Combined TRACON& Tower with Radar,0,27,27,6,60,0,0,44,4,48,0,27,71,10,108,20,0,20,128
10/25/2004,MLU,LA,ASW,CE,Combined TRACON& Tower with Radar,0,29,43,4,76,0,0,23,0,23,0,29,66,4,99,6,0,6,105
10/26/2004,MLU,LA,ASW,CE,Combined TRACON& Tower with Radar,0,37,29,22,88,0,0,30,4,34,0,37,59,26,122,72,8,80,202
10/27/2004,MLU,LA,ASW,CE,Combined TRACON& Tower with Radar,0,28,59,21,108,0,0,19,10,29,0,28,78,31,137,12,4,16,153
10/28/2004,MLU,LA,ASW,CE,Combined TRACON& Tower with Radar,0,32,46,33,111,0,0,24,20,44,0,32,70,53,155,30,4,34,189
10/29/2004,MLU,LA,ASW,CE,Combined TRACON& Tower with Radar,0,27,45,24,96,0,0,19,4,23,0,27,64,28,119,6,24,30,149
10/30/2004,MLU,LA,ASW,CE,Combined TRACON& Tower with Radar,0,25,21,0,46,0,1,27,0,28,0,26,48,0,74,8,0,8,82
10/31/2004,MLU,LA,ASW,CE,Combined TRACON& Tower with Radar,0,24,10,0,34,0,0,14,0,14,0,24,24,0,48,0,0,0,48
11/01/2004,MLU,LA,ASW,CE,Combined TRACON& Tower with Radar,0,27,15,10,52,0,2,7,7,16,0,29,22,17,68,0,12,12,80
11/02/2004,MLU,LA,ASW,CE,Combined TRACON& Tower with Radar,0,25,36,4,65,0,0,7,1,8,0,25,43,5,73,0,0,0,73
11/03/2004,MLU,LA,ASW,CE,Combined TRACON& Tower with Radar,0,27,44,34,105,0,0,7,36,43,0,27,51,70,148,0,0,0,148
11/04/2004,MLU,LA,ASW,CE,Combined TRACON& Tower with Radar,0,28,38,15,81,0,0,52,14,66,0,28,90,29,147,40,24,64,211
11/05/2004,MLU,LA,ASW,CE,Combined TRACON& Tower with Radar,1,30,37,24,92,0,0,77,7,84,1,30,114,31,176,40,18,58,234
11/06/2004,MLU,LA,ASW,CE,Combined TRACON& Tower with Radar,0,22,18,0,40,0,0,55,0,55,0,22,73,0,95,20,0,20,115
11/07/2004,MLU,LA,ASW,CE,Combined TRACON& Tower with Radar,0,23,18,2,43,0,0,46,4,50,0,23,64,6,93,26,0,26,119
11/08/2004,MLU,LA,ASW,CE,Combined TRACON& Tower with Radar,0,24,53,10,87,0,0,36,7,43,0,24,89,17,130,44,0,44,174
11/09/2004,MLU,LA,ASW,CE,Combined TRACON& Tower with Radar,0,30,40,19,89,0,0,67,2,69,0,30,107,21,158,50,22,72,230
11/10/2004,MLU,LA,ASW,CE,Combined TRACON& Tower with Radar,0,28,39,17,84,0,0,36,20,56,0,28,75,37,140,4,18,22,162
11/11/2004,MLU,LA,ASW,CE,Combined TRACON& Tower with Radar,0,26,33,0,59,0,0,13,4,17,0,26,46,4,76,16,0,16,92
11/12/2004,MLU,LA,ASW,CE,Combined TRACON& Tower with Radar,2,32,43,42,119,0,0,0,25,25,2,32,43,67,144,2,4,6,150
11/13/2004,MLU,LA,ASW,CE,Combined TRACON& Tower with Radar,2,25,40,0,67,0,0,12,0,12,2,25,52,0,79,12,0,12,91
11/14/2004,MLU,LA,ASW,CE,Combined TRACON& Tower with Radar,0,23,25,4,52,0,0,21,5,26,0,23,46,9,78,12,0,12,90
11/15/2004,MLU,LA,ASW,CE,Combined TRACON& Tower with Radar,2,31,34,52,119,0,0,35,9,44,2,31,69,61,163,50,66,116,279
11/16/2004,MLU,LA,ASW,CE,Combined TRACON& Tower with Radar,0,31,45,17,93,0,0,43,6,49,0,31,88,23,142,50,20,70,212
11/17/2004,MLU,LA,ASW,CE,Combined TRACON& Tower with Radar,0,28,23,28,79,0,0,0,9,9,0,28,23,37,88,66,36,102,190
11/18/2004,MLU,LA,ASW,CE,Combined TRACON& Tower with Radar,0,33,38,4,75,0,0,1,1,2,0,33,39,5,77,0,2,2,79
11/19/2004,MLU,LA,ASW,CE,Combined TRACON& Tower with Radar,0,32,46,24,102,0,0,12,0,12,0,32,58,24,114,24,8,32,146
11/20/2004,MLU,LA,ASW,CE,Combined TRACON& Tower with Radar,0,19,14,4,37,0,0,10,0,10,0,19,24,4,47,0,0,0,47
11/21/2004,MLU,LA,ASW,CE,Combined TRACON& Tower with Radar,0,24,10,3,37,0,1,0,0,1,0,25,10,3,38,0,0,0,38
11/22/2004,MLU,LA,ASW,CE,Combined TRACON& Tower with Radar,0,26,15,0,41,0,3,2,0,5,0,29,17,0,46,0,0,0,46
11/23/2004,MLU,LA,ASW,CE,Combined TRACON& Tower with Radar,0,18,21,6,45,0,0,8,0,8,0,18,29,6,53,28,0,28,81
11/24/2004,MLU,LA,ASW,CE,Combined TRACON& Tower with Radar,0,29,40,41,110,0,0,8,26,34,0,29,48,67,144,0,26,26,170
11/25/2004,MLU,LA,ASW,CE,Combined TRACON& Tower with Radar,0,26,8,0,34,0,0,14,0,14,0,26,22,0,48,0,0,0,48
11/26/2004,MLU,LA,ASW,CE,Combined TRACON& Tower with Radar,0,26,23,0,49,0,0,34,0,34,0,26,57,0,83,26,0,26,109
11/27/2004,MLU,LA,ASW,CE,Combined TRACON& Tower with Radar,0,26,11,0,37,0,0,10,0,10,0,26,21,0,47,0,0,0,47
11/28/2004,MLU,LA,ASW,CE,Combined TRACON& Tower with Radar,0,24,46,0,70,0,1,47,0,48,0,25,93,0,118,28,0,28,146
11/29/2004,MLU,LA,ASW,CE,Combined TRACON& Tower with Radar,2,28,56,34,120,0,0,8,24,32,2,28,64,58,152,44,70,114,266
11/30/2004,MLU,LA,ASW,CE,Combined TRACON& Tower with Radar,0,29,26,3,58,0,0,6,1,7,0,29,32,4,65,8,2,10,75
12/01/2004,MLU,LA,ASW,CE,Combined TRACON& Tower with Radar,0,31,40,38,109,0,0,37,21,58,0,31,77,59,167,44,12,56,223
12/02/2004,MLU,LA,ASW,CE,Combined TRACON& Tower with Radar,0,30,48,11,89,0,0,83,10,93,0,30,131,21,182,44,6,50,232
12/03/2004,MLU,LA,ASW,CE,Combined TRACON& Tower with Radar,1,28,23,24,76,0,3,55,24,82,1,31,78,48,158,62,30,92,250
12/04/2004,MLU,LA,ASW,CE,Combined TRACON& Tower with Radar,1,23,27,5,56,0,0,42,5,47,1,23,69,10,103,30,8,38,141
12/05/2004,MLU,LA,ASW,CE,Combined TRACON& Tower with Radar,0,23,18,0,41,0,0,2,0,2,0,23,20,0,43,0,0,0,43
12/06/2004,MLU,LA,ASW,CE,Combined TRACON& Tower with Radar,0,25,44,21,90,0,0,6,0,6,0,25,50,21,96,0,0,0,96
12/07/2004,MLU,LA,ASW,CE,Combined TRACON& Tower with Radar,0,29,40,45,114,0,0,51,20,71,0,29,91,65,185,14,58,72,257
12/08/2004,MLU,LA,ASW,CE,Combined TRACON& Tower with Radar,0,28,43,52,123,0,2,55,0,57,0,30,98,52,180,16,92,108,288
12/09/2004,MLU,LA,ASW,CE,Combined TRACON& Tower with Radar,0,32,53,36,121,0,9,32,7,48,0,41,85,43,169,2,40,42,211
12/10/2004,MLU,LA,ASW,CE,Combined TRACON& Tower with Radar,0,25,39,24,88,0,0,9,15,24,0,25,48,39,112,14,54,68,180
12/11/2004,MLU,LA,ASW,CE,Combined TRACON& Tower with Radar,0,24,23,13,60,0,0,36,21,57,0,24,59,34,117,24,64,88,205
12/12/2004,MLU,LA,ASW,CE,Combined TRACON& Tower with Radar,0,22,24,0,46,0,1,51,2,54,0,23,75,2,100,22,0,22,122
12/13/2004,MLU,LA,ASW,CE,Combined TRACON& Tower with Radar,0,26,32,23,81,0,0,34,13,47,0,26,66,36,128,12,2,14,142
12/14/2004,MLU,LA,ASW,CE,Combined TRACON& Tower with Radar,0,32,52,28,112,0,0,48,15,63,0,32,100,43,175,12,58,70,245
12/15/2004,MLU,LA,ASW,CE,Combined TRACON& Tower with Radar,0,30,30,21,81,0,0,39,19,58,0,30,69,40,139,12,18,30,169
12/16/2004,MLU,LA,ASW,CE,Combined TRACON& Tower with Radar,0,31,52,11,94,0,0,24,10,34,0,31,76,21,128,0,0,0,128
12/17/2004,MLU,LA,ASW,CE,Combined TRACON& Tower with Radar,0,33,41,11,85,0,2,35,9,46,0,35,76,20,131,18,44,62,193
12/18/2004,MLU,LA,ASW,CE,Combined TRACON& Tower with Radar,0,21,22,2,45,0,0,38,7,45,0,21,60,9,90,18,2,20,110
12/19/2004,MLU,LA,ASW,CE,Combined TRACON& Tower with Radar,0,25,13,7,45,0,0,13,4,17,0,25,26,11,62,0,14,14,76
12/20/2004,MLU,LA,ASW,CE,Combined TRACON& Tower with Radar,0,29,20,39,88,0,0,24,13,37,0,29,44,52,125,0,34,34,159
12/21/2004,MLU,LA,ASW,CE,Combined TRACON& Tower with Radar,0,33,52,21,106,0,0,44,10,54,0,33,96,31,160,38,6,44,204
12/22/2004,MLU,LA,ASW,CE,Combined TRACON& Tower with Radar,0,25,19,4,48,0,3,0,0,3,0,28,19,4,51,0,0,0,51
12/23/2004,MLU,LA,ASW,CE,Combined TRACON& Tower with Radar,0,32,16,0,48,0,0,23,0,23,0,32,39,0,71,0,0,0,71
12/24/2004,MLU,LA,ASW,CE,Combined TRACON& Tower with Radar,0,27,7,0,34,0,0,15,0,15,0,27,22,0,49,14,0,14,63
12/25/2004,MLU,LA,ASW,CE,Combined TRACON& Tower with Radar,0,17,7,0,24,0,0,8,0,8,0,17,15,0,32,2,0,2,34
12/26/2004,MLU,LA,ASW,CE,Combined TRACON& Tower with Radar,0,21,10,0,31,0,2,33,0,35,0,23,43,0,66,22,0,22,88
12/27/2004,MLU,LA,ASW,CE,Combined TRACON& Tower with Radar,0,28,14,2,44,0,0,33,9,42,0,28,47,11,86,0,2,2,88
12/28/2004,MLU,LA,ASW,CE,Combined TRACON& Tower with Radar,0,30,25,2,57,0,0,38,0,38,0,30,63,2,95,26,0,26,121
12/29/2004,MLU,LA,ASW,CE,Combined TRACON& Tower with Radar,0,30,42,1,73,0,0,22,1,23,0,30,64,2,96,8,0,8,104
12/30/2004,MLU,LA,ASW,CE,Combined TRACON& Tower with Radar,0,28,32,0,60,0,0,20,0,20,0,28,52,0,80,4,0,4,84
12/31/2004,MLU,LA,ASW,CE,Combined TRACON& Tower with Radar,0,29,19,0,48,0,0,27,0,27,0,29,46,0,75,0,0,0,75
01/01/2005,MLU,LA,ASW,CE,Combined TRACON& Tower with Radar,0,17,10,0,27,0,0,2,0,2,0,17,12,0,29,0,0,0,29
01/02/2005,MLU,LA,ASW,CE,Combined TRACON& Tower with Radar,0,23,19,4,46,0,0,3,0,3,0,23,22,4,49,0,0,0,49
01/03/2005,MLU,LA,ASW,CE,Combined TRACON& Tower with Radar,0,27,26,28,81,0,0,8,0,8,0,27,34,28,89,0,78,78,167
01/04/2005,MLU,LA,ASW,CE,Combined TRACON& Tower with Radar,0,29,61,22,112,0,0,2,11,13,0,29,63,33,125,44,60,104,229
01/05/2005,MLU,LA,ASW,CE,Combined TRACON& Tower with Radar,0,29,30,27,86,0,0,7,10,17,0,29,37,37,103,12,48,60,163
01/06/2005,MLU,LA,ASW,CE,Combined TRACON& Tower with Radar,0,31,40,71,142,0,1,25,24,50,0,32,65,95,192,0,16,16,208
01/07/2005,MLU,LA,ASW,CE,Combined TRACON& Tower with Radar,0,32,17,4,53,0,0,4,0,4,0,32,21,4,57,0,0,0,57
01/08/2005,MLU,LA,ASW,CE,Combined TRACON& Tower with Radar,0,23,30,5,58,0,0,35,6,41,0,23,65,11,99,0,46,46,145
01/09/2005,MLU,LA,ASW,CE,Combined TRACON& Tower with Radar,0,25,34,0,59,0,0,33,0,33,0,25,67,0,92,10,0,10,102
01/10/2005,MLU,LA,ASW,CE,Combined TRACON& Tower with Radar,0,29,45,28,102,0,0,30,20,50,0,29,75,48,152,10,0,10,162
01/11/2005,MLU,LA,ASW,CE,Combined TRACON& Tower with Radar,0,30,75,23,128,0,1,19,7,27,0,31,94,30,155,42,0,42,197
01/12/2005,MLU,LA,ASW,CE,Combined TRACON& Tower with Radar,0,30,40,17,87,0,0,11,2,13,0,30,51,19,100,30,38,68,168
01/13/2005,MLU,LA,ASW,CE,Combined TRACON& Tower with Radar,0,29,57,24,110,0,0,5,18,23,0,29,62,42,133,4,46,50,183
01/14/2005,MLU,LA,ASW,CE,Combined TRACON& Tower with Radar,0,31,47,28,106,0,0,34,6,40,0,31,81,34,146,32,26,58,204
01/15/2005,MLU,LA,ASW,CE,Combined TRACON& Tower with Radar,0,24,31,6,61,0,0,53,5,58,0,24,84,11,119,28,10,38,157
01/16/2005,MLU,LA,ASW,CE,Combined TRACON& Tower with Radar,0,24,22,0,46,0,1,25,0,26,0,25,47,0,72,38,0,38,110
01/17/2005,MLU,LA,ASW,CE,Combined TRACON& Tower with Radar,0,28,33,0,61,0,0,39,0,39,0,28,72,0,100,30,0,30,130
01/18/2005,MLU,LA,ASW,CE,Combined TRACON& Tower with Radar,0,33,47,42,122,0,5,56,17,78,0,38,103,59,200,22,18,40,240
01/19/2005,MLU,LA,ASW,CE,Combined TRACON& Tower with Radar,0,32,31,43,106,0,1,33,8,42,0,33,64,51,148,46,90,136,284
01/20/2005,MLU,LA,ASW,CE,Combined TRACON& Tower with Radar,0,33,33,50,116,0,1,31,12,44,0,34,64,62,160,0,56,56,216
01/21/2005,MLU,LA,ASW,CE,Combined TRACON& Tower with Radar,0,31,41,20,92,0,0,34,6,40,0,31,75,26,132,26,4,30,162
01/22/2005,MLU,LA,ASW,CE,Combined TRACON& Tower with Radar,0,22,20,8,50,0,0,26,4,30,0,22,46,12,80,6,10,16,96
01/23/2005,MLU,LA,ASW,CE,Combined TRACON& Tower with Radar,0,23,16,3,42,0,0,41,8,49,0,23,57,11,91,14,0,14,105
01/24/2005,MLU,LA,ASW,CE,Combined TRACON& Tower with Radar,0,34,30,22,86,0,0,41,12,53,0,34,71,34,139,32,0,32,171
01/25/2005,MLU,LA,ASW,CE,Combined TRACON& Tower with Radar,0,31,52,49,132,0,0,45,13,58,0,31,97,62,190,22,54,76,266
01/26/2005,MLU,LA,ASW,CE,Combined TRACON& Tower with Radar,0,37,52,22,111,0,0,31,5,36,0,37,83,27,147,50,14,64,211
01/27/2005,MLU,LA,ASW,CE,Combined TRACON& Tower with Radar,0,31,52,28,111,0,0,26,13,39,0,31,78,41,150,20,30,50,200
01/28/2005,MLU,LA,ASW,CE,Combined TRACON& Tower with Radar,0,31,36,0,67,0,0,0,0,0,0,31,36,0,67,4,0,4,71
01/29/2005,MLU,LA,ASW,CE,Combined TRACON& Tower with Radar,0,14,16,0,30,0,0,5,0,5,0,14,21,0,35,0,0,0,35
01/30/2005,MLU,LA,ASW,CE,Combined TRACON& Tower with Radar,0,21,27,2,50,0,0,21,0,21,0,21,48,2,71,30,0,30,101
01/31/2005,MLU,LA,ASW,CE,Combined TRACON& Tower with Radar,0,24,24,5,53,0,1,5,3,9,0,25,29,8,62,0,0,0,62
02/01/2005,MLU,LA,ASW,CE,Combined TRACON& Tower with Radar,0,27,27,7,61,0,0,0,3,3,0,27,27,10,64,0,0,0,64
02/02/2005,MLU,LA,ASW,CE,Combined TRACON& Tower with Radar,0,26,27,6,59,0,0,10,2,12,0,26,37,8,71,0,0,0,71
02/03/2005,MLU,LA,ASW,CE,Combined TRACON& Tower with Radar,0,28,74,64,166,0,0,15,6,21,0,28,89,70,187,36,50,86,273
02/04/2005,MLU,LA,ASW,CE,Combined TRACON& Tower with Radar,0,27,48,40,115,0,0,64,21,85,0,27,112,61,200,38,4,42,242
02/05/2005,MLU,LA,ASW,CE,Combined TRACON& Tower with Radar,0,19,35,0,54,0,0,61,4,65,0,19,96,4,119,48,0,48,167
02/06/2005,MLU,LA,ASW,CE,Combined TRACON& Tower with Radar,0,21,15,3,39,0,0,14,1,15,0,21,29,4,54,12,0,12,66
02/07/2005,MLU,LA,ASW,CE,Combined TRACON& Tower with Radar,0,27,19,2,48,0,0,0,6,6,0,27,19,8,54,0,0,0,54
02/08/2005,MLU,LA,ASW,CE,Combined TRACON& Tower with Radar,0,27,36,5,68,0,0,0,7,7,0,27,36,12,75,0,10,10,85
02/09/2005,MLU,LA,ASW,CE,Combined TRACON& Tower with Radar,0,28,43,45,116,0,4,0,22,26,0,32,43,67,142,18,10,28,170
02/10/2005,MLU,LA,ASW,CE,Combined TRACON& Tower with Radar,0,27,26,30,83,0,0,29,0,29,0,27,55,30,112,12,34,46,158
02/11/2005,MLU,LA,ASW,CE,Combined TRACON& Tower with Radar,0,30,28,22,80,0,0,54,5,59,0,30,82,27,139,34,18,52,191
02/12/2005,MLU,LA,ASW,CE,Combined TRACON& Tower with Radar,0,19,27,5,51,0,0,49,5,54,0,19,76,10,105,50,54,104,209
02/13/2005,MLU,LA,ASW,CE,Combined TRACON& Tower with Radar,0,19,12,14,45,0,0,6,0,6,0,19,18,14,51,0,0,0,51
02/14/2005,MLU,LA,ASW,CE,Combined TRACON& Tower with Radar,0,26,38,42,106,0,1,34,20,55,0,27,72,62,161,18,16,34,195
02/15/2005,MLU,LA,ASW,CE,Combined TRACON& Tower with Radar,0,19,49,54,122,0,1,30,11,42,0,20,79,65,164,14,44,58,222
02/16/2005,MLU,LA,ASW,CE,Combined TRACON& Tower with Radar,0,28,48,54,130,0,0,33,16,49,0,28,81,70,179,66,38,104,283
02/17/2005,MLU,LA,ASW,CE,Combined TRACON& Tower with Radar,0,27,53,48,128,0,0,45,33,78,0,27,98,81,206,20,48,68,274
02/18/2005,MLU,LA,ASW,CE,Combined TRACON& Tower with Radar,0,26,36,18,80,0,0,49,9,58,0,26,85,27,138,42,6,48,186
02/19/2005,MLU,LA,ASW,CE,Combined TRACON& Tower with Radar,0,19,16,3,38,0,0,19,7,26,0,19,35,10,64,4,8,12,76
02/20/2005,MLU,LA,ASW,CE,Combined TRACON& Tower with Radar,0,16,15,0,31,0,1,4,0,5,0,17,19,0,36,0,0,0,36
02/21/2005,MLU,LA,ASW,CE,Combined TRACON& Tower with Radar,0,23,43,0,66,0,0,24,2,26,0,23,67,2,92,4,0,4,96
02/22/2005,MLU,LA,ASW,CE,Combined TRACON& Tower with Radar,0,27,48,44,119,0,0,17,0,17,0,27,65,44,136,20,4,24,160
02/23/2005,MLU,LA,ASW,CE,Combined TRACON& Tower with Radar,0,29,19,3,51,0,0,4,0,4,0,29,23,3,55,0,0,0,55
02/24/2005,MLU,LA,ASW,CE,Combined TRACON& Tower with Radar,0,27,27,0,54,0,3,11,0,14,0,30,38,0,68,0,0,0,68
02/25/2005,MLU,LA,ASW,CE,Combined TRACON& Tower with Radar,0,26,38,28,92,0,0,44,13,57,0,26,82,41,149,40,20,60,209
02/26/2005,MLU,LA,ASW,CE,Combined TRACON& Tower with Radar,0,19,30,0,49,0,0,38,8,46,0,19,68,8,95,10,0,10,105
02/27/2005,MLU,LA,ASW,CE,Combined TRACON& Tower with Radar,0,14,14,0,28,0,0,12,0,12,0,14,26,0,40,22,0,22,62
02/28/2005,MLU,LA,ASW,CE,Combined TRACON& Tower with Radar,0,25,35,50,110,0,0,20,17,37,0,25,55,67,147,12,30,42,189
03/01/2005,MLU,LA,ASW,CE,Combined TRACON& Tower with Radar,0,28,35,36,99,0,0,38,21,59,0,28,73,57,158,8,6,14,172
03/02/2005,MLU,LA,ASW,CE,Combined TRACON& Tower with Radar,0,24,35,11,70,0,0,27,7,34,0,24,62,18,104,18,2,20,124
03/03/2005,MLU,LA,ASW,CE,Combined TRACON& Tower with Radar,0,26,31,43,100,0,0,42,16,58,0,26,73,59,158,32,54,86,244
03/04/2005,MLU,LA,ASW,CE,Combined TRACON& Tower with Radar,0,26,27,16,69,0,5,58,4,67,0,31,85,20,136,40,84,124,260
03/05/2005,MLU,LA,ASW,CE,Combined TRACON& Tower with Radar,0,19,23,2,44,0,1,47,4,52,0,20,70,6,96,52,0,52,148
03/06/2005,MLU,LA,ASW,CE,Combined TRACON& Tower with Radar,0,17,26,7,50,0,0,31,7,38,0,17,57,14,88,0,0,0,88
03/07/2005,MLU,LA,ASW,CE,Combined TRACON& Tower with Radar,2,27,20,36,85,0,0,2,21,23,2,27,22,57,108,0,0,0,108
03/08/2005,MLU,LA,ASW,CE,Combined TRACON& Tower with Radar,0,25,28,20,73,0,0,50,8,58,0,25,78,28,131,32,66,98,229
03/09/2005,MLU,LA,ASW,CE,Combined TRACON& Tower with Radar,0,28,43,37,108,0,0,6,15,21,0,28,49,52,129,12,32,44,173
03/10/2005,MLU,LA,ASW,CE,Combined TRACON& Tower with Radar,0,26,26,10,62,0,0,44,7,51,0,26,70,17,113,6,14,20,133
03/11/2005,MLU,LA,ASW,CE,Combined TRACON& Tower with Radar,0,30,26,8,64,0,0,25,1,26,0,30,51,9,90,0,4,4,94
03/12/2005,MLU,LA,ASW,CE,Combined TRACON& Tower with Radar,0,15,12,0,27,0,1,99,0,100,0,16,111,0,127,0,0,0,127
03/13/2005,MLU,LA,ASW,CE,Combined TRACON& Tower with Radar,0,16,19,7,42,0,0,30,9,39,0,16,49,16,81,18,0,18,99
03/14/2005,MLU,LA,ASW,CE,Combined TRACON& Tower with Radar,0,25,19,34,78,0,0,46,15,61,0,25,65,49,139,26,26,52,191
03/15/2005,MLU,LA,ASW,CE,Combined TRACON& Tower with Radar,0,28,35,23,86,0,0,14,1,15,0,28,49,24,101,4,0,4,105
03/16/2005,MLU,LA,ASW,CE,Combined TRACON& Tower with Radar,1,33,46,38,118,0,1,2,33,36,1,34,48,71,154,0,0,0,154
03/17/2005,MLU,LA,ASW,CE,Combined TRACON& Tower with Radar,0,24,33,47,104,0,0,44,38,82,0,24,77,85,186,46,42,88,274
03/18/2005,MLU,LA,ASW,CE,Combined TRACON& Tower with Radar,0,26,37,22,85,0,0,49,22,71,0,26,86,44,156,22,26,48,204
03/19/2005,MLU,LA,ASW,CE,Combined TRACON& Tower with Radar,0,19,30,3,52,0,0,18,4,22,0,19,48,7,74,24,0,24,98
03/20/2005,MLU,LA,ASW,CE,Combined TRACON& Tower with Radar,0,16,10,0,26,0,0,1,0,1,0,16,11,0,27,0,0,0,27
03/21/2005,MLU,LA,ASW,CE,Combined TRACON& Tower with Radar,3,27,20,0,50,0,0,1,0,1,3,27,21,0,51,0,0,0,51
03/22/2005,MLU,LA,ASW,CE,Combined TRACON& Tower with Radar,0,28,35,50,113,0,0,19,25,44,0,28,54,75,157,6,84,90,247
03/23/2005,MLU,LA,ASW,CE,Combined TRACON& Tower with Radar,0,26,33,14,73,0,1,51,15,67,0,27,84,29,140,24,14,38,178
03/24/2005,MLU,LA,ASW,CE,Combined TRACON& Tower with Radar,0,31,41,12,84,0,1,41,3,45,0,32,82,15,129,22,24,46,175
03/25/2005,MLU,LA,ASW,CE,Combined TRACON& Tower with Radar,0,30,33,9,72,0,0,13,4,17,0,30,46,13,89,6,0,6,95
03/26/2005,MLU,LA,ASW,CE,Combined TRACON& Tower with Radar,2,19,4,0,25,0,0,10,0,10,2,19,14,0,35,6,0,6,41
03/27/2005,MLU,LA,ASW,CE,Combined TRACON& Tower with Radar,0,17,6,0,23,0,0,0,0,0,0,17,6,0,23,0,0,0,23
03/28/2005,MLU,LA,ASW,CE,Combined TRACON& Tower with Radar,0,25,24,28,77,0,4,41,24,69,0,29,65,52,146,30,14,44,190
03/29/2005,MLU,LA,ASW,CE,Combined TRACON& Tower with Radar,0,26,36,15,77,0,0,56,13,69,0,26,92,28,146,62,32,94,240
03/30/2005,MLU,LA,ASW,CE,Combined TRACON& Tower with Radar,0,26,40,31,97,0,0,24,14,38,0,26,64,45,135,38,42,80,215
03/31/2005,MLU,LA,ASW,CE,Combined TRACON& Tower with Radar,0,29,21,19,69,0,2,46,3,51,0,31,67,22,120,32,38,70,190
04/01/2005,MLU,LA,ASW,CE,Combined TRACON& Tower with Radar,0,29,37,5,71,0,0,14,0,14,0,29,51,5,85,8,0,8,93
04/02/2005,MLU,LA,ASW,CE,Combined TRACON& Tower with Radar,0,19,16,2,37,0,2,25,2,29,0,21,41,4,66,22,4,26,92
04/03/2005,MLU,LA,ASW,CE,Combined TRACON& Tower with Radar,0,16,19,0,35,0,0,37,0,37,0,16,56,0,72,12,0,12,84
04/04/2005,MLU,LA,ASW,CE,Combined TRACON& Tower with Radar,0,25,33,10,68,0,0,28,15,43,0,25,61,25,111,14,20,34,145
04/05/2005,MLU,LA,ASW,CE,Combined TRACON& Tower with Radar,0,25,26,13,64,0,0,12,6,18,0,25,38,19,82,6,2,8,90
04/06/2005,MLU,LA,ASW,CE,Combined TRACON& Tower with Radar,0,28,19,0,47,0,0,13,0,13,0,28,32,0,60,6,0,6,66
04/07/2005,MLU,LA,ASW,CE,Combined TRACON& Tower with Radar,0,28,59,15,102,0,0,30,16,46,0,28,89,31,148,8,58,66,214
04/08/2005,MLU,LA,ASW,CE,Combined TRACON& Tower with Radar,0,26,35,38,99,0,0,51,15,66,0,26,86,53,165,46,36,82,247
04/09/2005,MLU,LA,ASW,CE,Combined TRACON& Tower with Radar,0,19,19,2,40,0,0,42,1,43,0,19,61,3,83,20,38,58,141
04/10/2005,MLU,LA,ASW,CE,Combined TRACON& Tower with Radar,0,21,31,0,52,0,0,20,0,20,0,21,51,0,72,8,0,8,80
04/11/2005,MLU,LA,ASW,CE,Combined TRACON& Tower with Radar,0,26,24,0,50,0,0,5,0,5,0,26,29,0,55,12,0,12,67
04/12/2005,MLU,LA,ASW,CE,Combined TRACON& Tower with Radar,0,25,63,73,161,0,0,48,15,63,0,25,111,88,224,50,68,118,342
04/13/2005,MLU,LA,ASW,CE,Combined TRACON& Tower with Radar,0,22,34,37,93,0,5,42,19,66,0,27,76,56,159,60,70,130,289
04/14/2005,MLU,LA,ASW,CE,Combined TRACON& Tower with Radar,0,26,49,31,106,0,2,51,16,69,0,28,100,47,175,50,42,92,267
04/15/2005,MLU,LA,ASW,CE,Combined TRACON& Tower with Radar,0,27,39,14,80,0,0,58,12,70,0,27,97,26,150,58,18,76,226
04/16/2005,MLU,LA,ASW,CE,Combined TRACON& Tower with Radar,0,19,19,14,52,0,0,68,6,74,0,19,87,20,126,56,16,72,198
04/17/2005,MLU,LA,ASW,CE,Combined TRACON& Tower with Radar,0,19,14,0,33,0,0,34,0,34,0,19,48,0,67,44,0,44,111
04/18/2005,MLU,LA,ASW,CE,Combined TRACON& Tower with Radar,0,24,25,34,83,0,1,35,15,51,0,25,60,49,134,18,26,44,178
04/19/2005,MLU,LA,ASW,CE,Combined TRACON& Tower with Radar,0,24,30,40,94,0,1,50,24,75,0,25,80,64,169,34,90,124,293
04/20/2005,MLU,LA,ASW,CE,Combined TRACON& Tower with Radar,0,24,55,23,102,0,0,35,15,50,0,24,90,38,152,30,34,64,216
04/21/2005,MLU,LA,ASW,CE,Combined TRACON& Tower with Radar,0,28,46,11,85,0,0,24,8,32,0,28,70,19,117,32,22,54,171
04/22/2005,MLU,LA,ASW,CE,Combined TRACON& Tower with Radar,0,29,43,25,97,0,0,16,9,25,0,29,59,34,122,32,20,52,174
04/23/2005,MLU,LA,ASW,CE,Combined TRACON& Tower with Radar,0,19,14,0,33,0,0,29,0,29,0,19,43,0,62,0,0,0,62
04/24/2005,MLU,LA,ASW,CE,Combined TRACON& Tower with Radar,0,22,24,0,46,0,0,40,8,48,0,22,64,8,94,14,0,14,108
04/25/2005,MLU,LA,ASW,CE,Combined TRACON& Tower with Radar,0,24,32,19,75,0,0,35,15,50,0,24,67,34,125,60,28,88,213
04/26/2005,MLU,LA,ASW,CE,Combined TRACON& Tower with Radar,0,25,24,11,60,0,0,24,3,27,0,25,48,14,87,44,0,44,131
04/27/2005,MLU,LA,ASW,CE,Combined TRACON& Tower with Radar,0,27,27,3,57,0,0,71,1,72,0,27,98,4,129,86,2,88,217
04/28/2005,MLU,LA,ASW,CE,Combined TRACON& Tower with Radar,0,23,31,12,66,0,0,41,12,53,0,23,72,24,119,0,6,6,125
04/29/2005,MLU,LA,ASW,CE,Combined TRACON& Tower with Radar,0,28,26,0,54,28,9,4,0,41,28,37,30,0,95,0,56,56,151
04/30/2005,MLU,LA,ASW,CE,Combined TRACON& Tower with Radar,0,19,25,0,44,0,0,19,0,19,0,19,44,0,63,4,0,4,67
05/01/2005,MLU,LA,ASW,CE,Combined TRACON& Tower with Radar,0,19,19,12,50,0,0,31,6,37,0,19,50,18,87,0,2,2,89
05/02/2005,MLU,LA,ASW,CE,Combined TRACON& Tower with Radar,0,25,47,24,96,0,0,39,21,60,0,25,86,45,156,12,40,52,208
05/03/2005,MLU,LA,ASW,CE,Combined TRACON& Tower with Radar,0,25,45,25,95,0,0,59,12,71,0,25,104,37,166,32,50,82,248
05/04/2005,MLU,LA,ASW,CE,Combined TRACON& Tower with Radar,0,26,45,12,83,0,0,50,4,54,0,26,95,16,137,24,4,28,165
05/05/2005,MLU,LA,ASW,CE,Combined TRACON& Tower with Radar,0,26,49,10,85,0,4,37,2,43,0,30,86,12,128,56,2,58,186
05/06/2005,MLU,LA,ASW,CE,Combined TRACON& Tower with Radar,0,25,30,3,58,0,0,47,6,53,0,25,77,9,111,20,0,20,131
05/07/2005,MLU,LA,ASW,CE,Combined TRACON& Tower with Radar,0,18,19,0,37,0,0,40,0,40,0,18,59,0,77,4,0,4,81
05/08/2005,MLU,LA,ASW,CE,Combined TRACON& Tower with Radar,0,18,16,0,34,0,0,19,0,19,0,18,35,0,53,0,0,0,53
05/09/2005,MLU,LA,ASW,CE,Combined TRACON& Tower with Radar,0,23,46,4,73,0,0,25,4,29,0,23,71,8,102,33,12,45,147
05/10/2005,MLU,LA,ASW,CE,Combined TRACON& Tower with Radar,0,26,35,4,65,0,0,34,8,42,0,26,69,12,107,34,0,34,141
05/11/2005,MLU,LA,ASW,CE,Combined TRACON& Tower with Radar,0,25,35,24,84,0,0,36,24,60,0,25,71,48,144,6,46,52,196
05/12/2005,MLU,LA,ASW,CE,Combined TRACON& Tower with Radar,0,25,70,22,117,0,5,55,6,66,0,30,125,28,183,58,0,58,241
05/13/2005,MLU,LA,ASW,CE,Combined TRACON& Tower with Radar,0,24,28,26,78,0,1,38,25,64,0,25,66,51,142,40,30,70,212
05/14/2005,MLU,LA,ASW,CE,Combined TRACON& Tower with Radar,0,19,26,0,45,0,0,23,0,23,0,19,49,0,68,20,0,20,88
05/15/2005,MLU,LA,ASW,CE,Combined TRACON& Tower with Radar,0,19,21,2,42,0,0,26,0,26,0,19,47,2,68,28,0,28,96
05/16/2005,MLU,LA,ASW,CE,Combined TRACON& Tower with Radar,0,26,34,39,99,0,0,42,29,71,0,26,76,68,170,26,44,70,240
05/17/2005,MLU,LA,ASW,CE,Combined TRACON& Tower with Radar,0,33,47,20,100,0,0,47,25,72,0,33,94,45,172,80,58,138,310
05/18/2005,MLU,LA,ASW,CE,Combined TRACON& Tower with Radar,0,26,42,35,103,0,0,54,31,85,0,26,96,66,188,44,50,94,282
05/19/2005,MLU,LA,ASW,CE,Combined TRACON& Tower with Radar,0,28,25,15,68,0,0,36,6,42,0,28,61,21,110,30,22,52,162
05/20/2005,MLU,LA,ASW,CE,Combined TRACON& Tower with Radar,0,25,20,45,90,0,0,37,16,53,0,25,57,61,143,10,24,34,177
05/21/2005,MLU,LA,ASW,CE,Combined TRACON& Tower with Radar,0,19,18,5,42,0,0,46,6,52,0,19,64,11,94,30,30,60,154
05/22/2005,MLU,LA,ASW,CE,Combined TRACON& Tower with Radar,0,18,25,2,45,0,0,20,4,24,0,18,45,6,69,20,6,26,95
05/23/2005,MLU,LA,ASW,CE,Combined TRACON& Tower with Radar,0,25,39,64,128,0,0,36,46,82,0,25,75,110,210,6,126,132,342
05/24/2005,MLU,LA,ASW,CE,Combined TRACON& Tower with Radar,0,27,45,34,106,0,0,36,3,39,0,27,81,37,145,32,16,48,193
05/25/2005,MLU,LA,ASW,CE,Combined TRACON& Tower with Radar,0,31,31,27,89,0,0,36,17,53,0,31,67,44,142,68,12,80,222
05/26/2005,MLU,LA,ASW,CE,Combined TRACON& Tower with Radar,0,26,42,47,115,0,1,45,11,57,0,27,87,58,172,18,14,32,204
05/27/2005,MLU,LA,ASW,CE,Combined TRACON& Tower with Radar,0,27,2,0,29,0,0,70,0,70,0,27,72,0,99,32,0,32,131
05/28/2005,MLU,LA,ASW,CE,Combined TRACON& Tower with Radar,0,19,22,0,41,0,0,21,0,21,0,19,43,0,62,0,0,0,62
05/29/2005,MLU,LA,ASW,CE,Combined TRACON& Tower with Radar,0,16,10,0,26,0,2,3,0,5,0,18,13,0,31,0,0,0,31
05/30/2005,MLU,LA,ASW,CE,Combined TRACON& Tower with Radar,0,14,17,4,35,0,0,5,0,5,0,14,22,4,40,2,4,6,46
05/31/2005,MLU,LA,ASW,CE,Combined TRACON& Tower with Radar,0,27,38,32,97,0,0,12,16,28,0,27,50,48,125,0,4,4,129
06/01/2005,MLU,LA,ASW,CE,Combined TRACON& Tower with Radar,0,28,35,45,108,0,2,21,12,35,0,30,56,57,143,20,16,36,179
06/02/2005,MLU,LA,ASW,CE,Combined TRACON& Tower with Radar,0,27,72,27,126,0,0,33,21,54,0,27,105,48,180,68,16,84,264
06/03/2005,MLU,LA,ASW,CE,Combined TRACON& Tower with Radar,0,23,36,39,98,0,0,47,26,73,0,23,83,65,171,8,60,68,239
06/04/2005,MLU,LA,ASW,CE,Combined TRACON& Tower with Radar,0,21,25,12,58,0,0,26,21,47,0,21,51,33,105,18,20,38,143
06/05/2005,MLU,LA,ASW,CE,Combined TRACON& Tower with Radar,0,18,22,4,44,0,0,32,5,37,0,18,54,9,81,2,8,10,91
06/06/2005,MLU,LA,ASW,CE,Combined TRACON& Tower with Radar,0,26,25,52,103,0,1,24,36,61,0,27,49,88,164,48,60,108,272
06/07/2005,MLU,LA,ASW,CE,Combined TRACON& Tower with Radar,0,28,39,24,91,0,2,34,15,51,0,30,73,39,142,26,28,54,196
06/08/2005,MLU,LA,ASW,CE,Combined TRACON& Tower with Radar,0,28,38,31,97,0,4,37,10,51,0,32,75,41,148,32,22,54,202
06/09/2005,MLU,LA,ASW,CE,Combined TRACON& Tower with Radar,0,26,46,16,88,0,0,40,2,42,0,26,86,18,130,30,30,60,190
06/10/2005,MLU,LA,ASW,CE,Combined TRACON& Tower with Radar,0,26,43,26,95,0,0,27,3,30,0,26,70,29,125,0,30,30,155
06/11/2005,MLU,LA,ASW,CE,Combined TRACON& Tower with Radar,0,19,24,3,46,0,1,36,3,40,0,20,60,6,86,18,4,22,108
06/12/2005,MLU,LA,ASW,CE,Combined TRACON& Tower with Radar,0,17,18,0,35,0,2,30,8,40,0,19,48,8,75,8,6,14,89
06/13/2005,MLU,LA,ASW,CE,Combined TRACON& Tower with Radar,0,26,46,33,105,0,1,28,17,46,0,27,74,50,151,8,16,24,175
06/14/2005,MLU,LA,ASW,CE,Combined TRACON& Tower with Radar,2,24,35,35,96,0,0,50,14,64,2,24,85,49,160,36,32,68,228
06/15/2005,MLU,LA,ASW,CE,Combined TRACON& Tower with Radar,0,26,37,29,92,0,1,51,11,63,0,27,88,40,155,18,66,84,239
06/16/2005,MLU,LA,ASW,CE,Combined TRACON& Tower with Radar,0,29,41,15,85,0,2,30,5,37,0,31,71,20,122,14,2,16,138
06/17/2005,MLU,LA,ASW,CE,Combined TRACON& Tower with Radar,0,29,32,0,61,0,0,14,0,14,0,29,46,0,75,6,0,6,81
06/18/2005,MLU,LA,ASW,CE,Combined TRACON& Tower with Radar,0,19,20,0,39,0,0,30,0,30,0,19,50,0,69,16,0,16,85
06/19/2005,MLU,LA,ASW,CE,Combined TRACON& Tower with Radar,0,22,21,6,49,0,0,41,2,43,0,22,62,8,92,6,0,6,98
06/20/2005,MLU,LA,ASW,CE,Combined TRACON& Tower with Radar,0,26,32,28,86,0,0,32,25,57,0,26,64,53,143,4,6,10,153
06/21/2005,MLU,LA,ASW,CE,Combined TRACON& Tower with Radar,0,27,47,20,94,0,0,47,9,56,0,27,94,29,150,28,16,44,194
06/22/2005,MLU,LA,ASW,CE,Combined TRACON& Tower with Radar,0,26,43,23,92,0,1,44,15,60,0,27,87,38,152,24,4,28,180
06/23/2005,MLU,LA,ASW,CE,Combined TRACON& Tower with Radar,0,27,21,44,92,0,0,31,21,52,0,27,52,65,144,4,60,64,208
06/24/2005,MLU,LA,ASW,CE,Combined TRACON& Tower with Radar,0,29,27,31,87,0,0,35,16,51,0,29,62,47,138,0,14,14,152
06/25/2005,MLU,LA,ASW,CE,Combined TRACON& Tower with Radar,0,19,13,2,34,0,0,34,0,34,0,19,47,2,68,42,2,44,112
06/26/2005,MLU,LA,ASW,CE,Combined TRACON& Tower with Radar,0,19,27,2,48,0,0,26,3,29,0,19,53,5,77,0,0,0,77
06/27/2005,MLU,LA,ASW,CE,Combined TRACON& Tower with Radar,0,25,33,23,81,0,0,33,19,52,0,25,66,42,133,18,4,22,155
06/28/2005,MLU,LA,ASW,CE,Combined TRACON& Tower with Radar,0,27,29,27,83,0,2,45,15,62,0,29,74,42,145,26,20,46,191
06/29/2005,MLU,LA,ASW,CE,Combined TRACON& Tower with Radar,0,35,40,48,123,0,0,37,6,43,0,35,77,54,166,18,12,30,196
06/30/2005,MLU,LA,ASW,CE,Combined TRACON& Tower with Radar,0,27,26,20,73,0,4,38,18,60,0,31,64,38,133,22,34,56,189
07/01/2005,MLU,LA,ASW,CE,Combined TRACON& Tower with Radar,0,25,40,0,65,0,1,36,0,37,0,26,76,0,102,10,0,10,112
07/02/2005,MLU,LA,ASW,CE,Combined TRACON& Tower with Radar,0,20,26,0,46,0,0,24,0,24,0,20,50,0,70,18,0,18,88
07/03/2005,MLU,LA,ASW,CE,Combined TRACON& Tower with Radar,0,17,5,3,25,0,0,21,0,21,0,17,26,3,46,4,0,4,50
07/04/2005,MLU,LA,ASW,CE,Combined TRACON& Tower with Radar,0,19,16,0,35,0,0,27,2,29,0,19,43,2,64,0,0,0,64
07/05/2005,MLU,LA,ASW,CE,Combined TRACON& Tower with Radar,0,25,30,15,70,0,0,20,11,31,0,25,50,26,101,0,10,10,111
07/06/2005,MLU,LA,ASW,CE,Combined TRACON& Tower with Radar,0,28,21,25,74,0,0,21,10,31,0,28,42,35,105,30,0,30,135
07/07/2005,MLU,LA,ASW,CE,Combined TRACON& Tower with Radar,0,27,24,14,65,0,0,26,13,39,0,27,50,27,104,28,10,38,142
07/08/2005,MLU,LA,ASW,CE,Combined TRACON& Tower with Radar,0,33,31,66,130,0,0,18,1,19,0,33,49,67,149,28,0,28,177
07/09/2005,MLU,LA,ASW,CE,Combined TRACON& Tower with Radar,0,19,17,18,54,0,0,22,20,42,0,19,39,38,96,10,22,32,128
07/10/2005,MLU,LA,ASW,CE,Combined TRACON& Tower with Radar,0,20,15,0,35,0,0,7,0,7,0,20,22,0,42,120,0,120,162
07/11/2005,MLU,LA,ASW,CE,Combined TRACON& Tower with Radar,0,26,27,2,55,0,0,21,0,21,0,26,48,2,76,38,0,38,114
07/12/2005,MLU,LA,ASW,CE,Combined TRACON& Tower with Radar,0,28,38,40,106,0,0,28,34,62,0,28,66,74,168,42,52,94,262
07/13/2005,MLU,LA,ASW,CE,Combined TRACON& Tower with Radar,0,33,44,30,107,0,0,35,0,35,0,33,79,30,142,34,6,40,182
07/14/2005,MLU,LA,ASW,CE,Combined TRACON& Tower with Radar,0,30,28,14,72,0,0,32,7,39,0,30,60,21,111,38,34,72,183
07/15/2005,MLU,LA,ASW,CE,Combined TRACON& Tower with Radar,0,26,49,31,106,0,0,35,23,58,0,26,84,54,164,18,66,84,248
07/16/2005,MLU,LA,ASW,CE,Combined TRACON& Tower with Radar,0,21,20,2,43,0,0,28,0,28,0,21,48,2,71,14,0,14,85
07/17/2005,MLU,LA,ASW,CE,Combined TRACON& Tower with Radar,0,20,11,9,40,0,0,7,1,8,0,20,18,10,48,0,0,0,48
07/18/2005,MLU,LA,ASW,CE,Combined TRACON& Tower with Radar,0,33,19,28,80,0,0,30,1,31,0,33,49,29,111,14,0,14,125
07/19/2005,MLU,LA,ASW,CE,Combined TRACON& Tower with Radar,0,31,35,38,104,0,0,22,4,26,0,31,57,42,130,22,4,26,156
07/20/2005,MLU,LA,ASW,CE,Combined TRACON& Tower with Radar,0,29,39,33,101,0,2,26,23,51,0,31,65,56,152,20,22,42,194
07/21/2005,MLU,LA,ASW,CE,Combined TRACON& Tower with Radar,0,31,28,15,74,0,0,31,5,36,0,31,59,20,110,48,4,52,162
07/22/2005,MLU,LA,ASW,CE,Combined TRACON& Tower with Radar,0,31,34,8,73,0,1,38,2,41,0,32,72,10,114,48,0,48,162
07/23/2005,MLU,LA,ASW,CE,Combined TRACON& Tower with Radar,0,19,15,0,34,0,0,40,2,42,0,19,55,2,76,8,0,8,84
07/24/2005,MLU,LA,ASW,CE,Combined TRACON& Tower with Radar,0,21,14,4,39,0,3,25,0,28,0,24,39,4,67,42,0,42,109
07/25/2005,MLU,LA,ASW,CE,Combined TRACON& Tower with Radar,0,25,16,34,75,0,0,27,23,50,0,25,43,57,125,6,36,42,167
07/26/2005,MLU,LA,ASW,CE,Combined TRACON& Tower with Radar,0,27,29,21,77,0,1,27,9,37,0,28,56,30,114,10,56,66,180
07/27/2005,MLU,LA,ASW,CE,Combined TRACON& Tower with Radar,0,24,27,41,92,0,0,18,22,40,0,24,45,63,132,10,20,30,162
07/28/2005,MLU,LA,ASW,CE,Combined TRACON& Tower with Radar,0,29,35,27,91,0,0,7,5,12,0,29,42,32,103,0,0,0,103
07/29/2005,MLU,LA,ASW,CE,Combined TRACON& Tower with Radar,0,26,35,38,99,0,0,47,14,61,0,26,82,52,160,16,14,30,190
07/30/2005,MLU,LA,ASW,CE,Combined TRACON& Tower with Radar,0,19,17,0,36,0,0,30,0,30,0,19,47,0,66,4,0,4,70
07/31/2005,MLU,LA,ASW,CE,Combined TRACON& Tower with Radar,0,21,27,0,48,0,0,27,0,27,0,21,54,0,75,38,0,38,113
08/01/2005,MLU,LA,ASW,CE,Combined TRACON& Tower with Radar,0,24,18,27,69,0,0,26,15,41,0,24,44,42,110,16,60,76,186
08/02/2005,MLU,LA,ASW,CE,Combined TRACON& Tower with Radar,0,26,30,21,77,0,1,29,6,36,0,27,59,27,113,22,42,64,177
08/03/2005,MLU,LA,ASW,CE,Combined TRACON& Tower with Radar,0,29,36,16,81,0,0,44,5,49,0,29,80,21,130,44,22,66,196
08/04/2005,MLU,LA,ASW,CE,Combined TRACON& Tower with Radar,0,10,29,35,74,0,22,40,24,86,0,32,69,59,160,46,12,58,218
08/05/2005,MLU,LA,ASW,CE,Combined TRACON& Tower with Radar,0,30,41,24,95,0,0,29,9,38,0,30,70,33,133,20,84,104,237
08/06/2005,MLU,LA,ASW,CE,Combined TRACON& Tower with Radar,0,20,19,3,42,0,0,29,1,30,0,20,48,4,72,38,0,38,110
08/07/2005,MLU,LA,ASW,CE,Combined TRACON& Tower with Radar,0,23,17,0,40,0,1,34,0,35,0,24,51,0,75,30,0,30,105
08/08/2005,MLU,LA,ASW,CE,Combined TRACON& Tower with Radar,0,29,27,41,97,0,0,31,10,41,0,29,58,51,138,34,30,64,202
08/09/2005,MLU,LA,ASW,CE,Combined TRACON& Tower with Radar,0,31,26,19,76,0,0,17,7,24,0,31,43,26,100,24,38,62,162
08/10/2005,MLU,LA,ASW,CE,Combined TRACON& Tower with Radar,0,24,35,23,82,0,0,26,14,40,0,24,61,37,122,0,38,38,160
08/11/2005,MLU,LA,ASW,CE,Combined TRACON& Tower with Radar,0,29,60,24,113,0,0,60,8,68,0,29,120,32,181,18,18,36,217
08/12/2005,MLU,LA,ASW,CE,Combined TRACON& Tower with Radar,0,30,21,40,91,0,0,52,19,71,0,30,73,59,162,18,54,72,234
08/13/2005,MLU,LA,ASW,CE,Combined TRACON& Tower with Radar,0,19,26,4,49,0,0,52,11,63,0,19,78,15,112,10,4,14,126
08/14/2005,MLU,LA,ASW,CE,Combined TRACON& Tower with Radar,0,21,23,2,46,0,1,24,0,25,0,22,47,2,71,6,0,6,77
08/15/2005,MLU,LA,ASW,CE,Combined TRACON& Tower with Radar,0,27,34,62,123,0,0,26,8,34,0,27,60,70,157,2,24,26,183
08/16/2005,MLU,LA,ASW,CE,Combined TRACON& Tower with Radar,0,24,41,56,121,0,0,31,25,56,0,24,72,81,177,36,34,70,247
08/17/2005,MLU,LA,ASW,CE,Combined TRACON& Tower with Radar,0,28,35,27,90,0,0,45,15,60,0,28,80,42,150,20,44,64,214
08/18/2005,MLU,LA,ASW,CE,Combined TRACON& Tower with Radar,0,26,39,29,94,0,0,26,13,39,0,26,65,42,133,34,16,50,183
08/19/2005,MLU,LA,ASW,CE,Combined TRACON& Tower with Radar,0,29,21,42,92,0,0,41,25,66,0,29,62,67,158,20,32,52,210
08/20/2005,MLU,LA,ASW,CE,Combined TRACON& Tower with Radar,0,18,18,2,38,0,3,24,1,28,0,21,42,3,66,16,0,16,82
08/21/2005,MLU,LA,ASW,CE,Combined TRACON& Tower with Radar,0,22,25,24,71,0,0,34,13,47,0,22,59,37,118,20,0,20,138
08/22/2005,MLU,LA,ASW,CE,Combined TRACON& Tower with Radar,0,26,23,35,84,0,1,23,0,24,0,27,46,35,108,8,6,14,122
08/23/2005,MLU,LA,ASW,CE,Combined TRACON& Tower with Radar,0,24,26,35,85,0,0,41,34,75,0,24,67,69,160,38,16,54,214
08/24/2005,MLU,LA,ASW,CE,Combined TRACON& Tower with Radar,0,21,50,40,111,0,0,14,31,45,0,21,64,71,156,38,34,72,228
08/25/2005,MLU,LA,ASW,CE,Combined TRACON& Tower with Radar,0,27,57,23,107,0,0,37,27,64,0,27,94,50,171,12,22,34,205
08/26/2005,MLU,LA,ASW,CE,Combined TRACON& Tower with Radar,0,25,43,35,103,0,0,50,8,58,0,25,93,43,161,44,12,56,217
08/27/2005,MLU,LA,ASW,CE,Combined TRACON& Tower with Radar,0,19,15,1,35,0,0,30,3,33,0,19,45,4,68,22,0,22,90
08/28/2005,MLU,LA,ASW,CE,Combined TRACON& Tower with Radar,0,22,21,4,47,0,0,33,4,37,0,22,54,8,84,12,2,14,98
08/29/2005,MLU,LA,ASW,CE,Combined TRACON& Tower with Radar,0,21,7,0,28,0,0,6,0,6,0,21,13,0,34,0,0,0,34
08/30/2005,MLU,LA,ASW,CE,Combined TRACON& Tower with Radar,0,25,34,2,61,0,0,36,0,36,0,25,70,2,97,0,8,8,105
08/31/2005,MLU,LA,ASW,CE,Combined TRACON& Tower with Radar,0,29,40,9,78,0,0,36,24,60,0,29,76,33,138,12,6,18,156
09/01/2005,MLU,LA,ASW,CE,Combined TRACON& Tower with Radar,0,28,23,22,73,0,2,44,9,55,0,30,67,31,128,8,0,8,136
09/02/2005,MLU,LA,ASW,CE,Combined TRACON& Tower with Radar,0,27,44,2,73,0,4,41,3,48,0,31,85,5,121,8,0,8,129
09/03/2005,MLU,LA,ASW,CE,Combined TRACON& Tower with Radar,1,17,20,2,40,0,0,36,6,42,1,17,56,8,82,14,0,14,96
09/04/2005,MLU,LA,ASW,CE,Combined TRACON& Tower with Radar,0,19,12,4,35,0,0,30,2,32,0,19,42,6,67,0,0,0,67
09/05/2005,MLU,LA,ASW,CE,Combined TRACON& Tower with Radar,0,22,12,3,37,0,0,30,1,31,0,22,42,4,68,50,0,50,118
09/06/2005,MLU,LA,ASW,CE,Combined TRACON& Tower with Radar,0,31,31,19,81,0,3,24,2,29,0,34,55,21,110,4,28,32,142
09/07/2005,MLU,LA,ASW,CE,Combined TRACON& Tower with Radar,0,28,32,24,84,0,1,38,0,39,0,29,70,24,123,28,16,44,167
09/08/2005,MLU,LA,ASW,CE,Combined TRACON& Tower with Radar,0,27,47,46,120,0,0,36,0,36,0,27,83,46,156,10,28,38,194
09/09/2005,MLU,LA,ASW,CE,Combined TRACON& Tower with Radar,2,27,41,20,90,0,0,56,8,64,2,27,97,28,154,86,34,120,274
09/10/2005,MLU,LA,ASW,CE,Combined TRACON& Tower with Radar,1,14,23,0,38,0,0,83,15,98,1,14,106,15,136,78,0,78,214
09/11/2005,MLU,LA,ASW,CE,Combined TRACON& Tower with Radar,0,21,18,1,40,0,1,24,6,31,0,22,42,7,71,0,0,0,71
09/12/2005,MLU,LA,ASW,CE,Combined TRACON& Tower with Radar,0,23,30,9,62,0,0,23,4,27,0,23,53,13,89,46,8,54,143
09/13/2005,MLU,LA,ASW,CE,Combined TRACON& Tower with Radar,0,28,46,45,119,0,3,49,12,64,0,31,95,57,183,34,14,48,231
09/14/2005,MLU,LA,ASW,CE,Combined TRACON& Tower with Radar,0,23,41,47,111,0,0,33,0,33,0,23,74,47,144,4,30,34,178
09/15/2005,MLU,LA,ASW,CE,Combined TRACON& Tower with Radar,0,26,24,22,72,0,1,49,12,62,0,27,73,34,134,28,6,34,168
09/16/2005,MLU,LA,ASW,CE,Combined TRACON& Tower with Radar,2,26,30,29,87,0,0,27,13,40,2,26,57,42,127,26,18,44,171
09/17/2005,MLU,LA,ASW,CE,Combined TRACON& Tower with Radar,2,16,20,2,40,0,0,28,0,28,2,16,48,2,68,20,0,20,88
09/18/2005,MLU,LA,ASW,CE,Combined TRACON& Tower with Radar,0,19,15,0,34,0,0,41,0,41,0,19,56,0,75,70,0,70,145
09/19/2005,MLU,LA,ASW,CE,Combined TRACON& Tower with Radar,0,25,36,40,101,0,2,40,23,65,0,27,76,63,166,38,8,46,212
09/20/2005,MLU,LA,ASW,CE,Combined TRACON& Tower with Radar,0,26,34,20,80,0,4,40,19,63,0,30,74,39,143,36,32,68,211
09/21/2005,MLU,LA,ASW,CE,Combined TRACON& Tower with Radar,2,24,27,17,70,0,3,37,2,42,2,27,64,19,112,48,8,56,168
09/22/2005,MLU,LA,ASW,CE,Combined TRACON& Tower with Radar,0,23,43,38,104,0,2,52,29,83,0,25,95,67,187,14,52,66,253
09/23/2005,MLU,LA,ASW,CE,Combined TRACON& Tower with Radar,2,20,26,11,59,0,0,16,1,17,2,20,42,12,76,12,26,38,114
09/24/2005,MLU,LA,ASW,CE,Combined TRACON& Tower with Radar,0,3,0,0,3,0,0,0,0,0,0,3,0,0,3,0,0,0,3
09/25/2005,MLU,LA,ASW,CE,Combined TRACON& Tower with Radar,2,14,10,3,29,0,0,10,1,11,2,14,20,4,40,0,0,0,40
09/26/2005,MLU,LA,ASW,CE,Combined TRACON& Tower with Radar,0,23,33,21,77,0,1,35,8,44,0,24,68,29,121,6,14,20,141
09/27/2005,MLU,LA,ASW,CE,Combined TRACON& Tower with Radar,0,24,29,22,75,0,2,41,18,61,0,26,70,40,136,16,32,48,184
09/28/2005,MLU,LA,ASW,CE,Combined TRACON& Tower with Radar,0,25,42,29,96,0,1,38,0,39,0,26,80,29,135,34,52,86,221
09/29/2005,MLU,LA,ASW,CE,Combined TRACON& Tower with Radar,0,28,41,2,71,0,2,40,4,46,0,30,81,6,117,14,0,14,131
09/30/2005,MLU,LA,ASW,CE,Combined TRACON& Tower with Radar,2,27,29,0,58,0,7,45,2,54,2,34,74,2,112,42,0,42,154
10/01/2005,MLU,LA,ASW,CE,Combined TRACON& Tower with Radar,0,17,13,6,36,0,1,40,4,45,0,18,53,10,81,54,36,90,171
10/02/2005,MLU,LA,ASW,CE,Combined TRACON& Tower with Radar,0,20,23,0,43,0,0,43,0,43,0,20,66,0,86,58,0,58,144
10/03/2005,MLU,LA,ASW,CE,Combined TRACON& Tower with Radar,0,24,23,24,71,0,1,29,13,43,0,25,52,37,114,54,12,66,180
10/04/2005,MLU,LA,ASW,CE,Combined TRACON& Tower with Radar,0,22,21,21,64,0,0,50,0,50,0,22,71,21,114,76,30,106,220
10/05/2005,MLU,LA,ASW,CE,Combined TRACON& Tower with Radar,0,26,32,26,84,0,0,44,3,47,0,26,76,29,131,48,14,62,193
10/06/2005,MLU,LA,ASW,CE,Combined TRACON& Tower with Radar,0,24,28,51,103,0,0,38,33,71,0,24,66,84,174,32,46,78,252
10/07/2005,MLU,LA,ASW,CE,Combined TRACON& Tower with Radar,2,25,31,38,96,0,6,31,26,63,2,31,62,64,159,26,14,40,199
10/08/2005,MLU,LA,ASW,CE,Combined TRACON& Tower with Radar,1,17,17,4,39,0,1,47,2,50,1,18,64,6,89,50,14,64,153
10/09/2005,MLU,LA,ASW,CE,Combined TRACON& Tower with Radar,0,18,27,3,48,0,0,39,2,41,0,18,66,5,89,44,0,44,133
10/10/2005,MLU,LA,ASW,CE,Combined TRACON& Tower with Radar,0,21,27,11,59,0,0,38,6,44,0,21,65,17,103,42,14,56,159
10/11/2005,MLU,LA,ASW,CE,Combined TRACON& Tower with Radar,0,25,31,32,88,0,0,33,20,53,0,25,64,52,141,54,16,70,211
10/12/2005,MLU,LA,ASW,CE,Combined TRACON& Tower with Radar,0,25,44,37,106,0,0,47,15,62,0,25,91,52,168,56,16,72,240
10/13/2005,MLU,LA,ASW,CE,Combined TRACON& Tower with Radar,1,27,54,20,102,0,2,51,7,60,1,29,105,27,162,62,0,62,224
10/14/2005,MLU,LA,ASW,CE,Combined TRACON& Tower with Radar,0,25,45,27,97,0,0,29,10,39,0,25,74,37,136,8,2,10,146
10/15/2005,MLU,LA,ASW,CE,Combined TRACON& Tower with Radar,0,16,14,0,30,0,0,48,0,48,0,16,62,0,78,20,0,20,98
10/16/2005,MLU,LA,ASW,CE,Combined TRACON& Tower with Radar,0,20,20,7,47,0,0,32,0,32,0,20,52,7,79,48,0,48,127
10/17/2005,MLU,LA,ASW,CE,Combined TRACON& Tower with Radar,0,22,32,39,93,0,0,40,4,44,0,22,72,43,137,48,22,70,207
10/18/2005,MLU,LA,ASW,CE,Combined TRACON& Tower with Radar,0,26,31,49,106,0,0,34,13,47,0,26,65,62,153,64,18,82,235
10/19/2005,MLU,LA,ASW,CE,Combined TRACON& Tower with Radar,0,26,35,13,74,0,0,48,5,53,0,26,83,18,127,20,0,20,147
10/20/2005,MLU,LA,ASW,CE,Combined TRACON& Tower with Radar,0,26,44,7,77,0,0,63,3,66,0,26,107,10,143,30,12,42,185
10/21/2005,MLU,LA,ASW,CE,Combined TRACON& Tower with Radar,2,26,41,26,95,0,0,43,12,55,2,26,84,38,150,24,28,52,202
10/22/2005,MLU,LA,ASW,CE,Combined TRACON& Tower with Radar,0,16,23,2,41,0,0,37,2,39,0,16,60,4,80,10,0,10,90
10/23/2005,MLU,LA,ASW,CE,Combined TRACON& Tower with Radar,0,17,15,2,34,0,0,21,3,24,0,17,36,5,58,18,6,24,82
10/24/2005,MLU,LA,ASW,CE,Combined TRACON& Tower with Radar,0,21,35,18,74,0,0,34,20,54,0,21,69,38,128,6,40,46,174
10/25/2005,MLU,LA,ASW,CE,Combined TRACON& Tower with Radar,0,23,29,48,100,0,1,46,15,62,0,24,75,63,162,42,38,80,242
10/26/2005,MLU,LA,ASW,CE,Combined TRACON& Tower with Radar,0,25,34,32,91,0,1,55,4,60,0,26,89,36,151,12,4,16,167
10/27/2005,MLU,LA,ASW,CE,Combined TRACON& Tower with Radar,0,26,38,17,81,0,0,51,9,60,0,26,89,26,141,56,28,84,225
10/28/2005,MLU,LA,ASW,CE,Combined TRACON& Tower with Radar,2,23,29,23,77,0,0,48,9,57,2,23,77,32,134,20,44,64,198
10/29/2005,MLU,LA,ASW,CE,Combined TRACON& Tower with Radar,1,16,14,0,31,0,0,29,0,29,1,16,43,0,60,16,0,16,76
10/30/2005,MLU,LA,ASW,CE,Combined TRACON& Tower with Radar,0,19,27,1,47,0,0,32,1,33,0,19,59,2,80,22,0,22,102
10/31/2005,MLU,LA,ASW,CE,Combined TRACON& Tower with Radar,0,26,32,53,111,0,0,37,0,37,0,26,69,53,148,14,66,80,228
11/01/2005,MLU,LA,ASW,CE,Combined TRACON& Tower with Radar,0,24,31,16,71,0,0,42,7,49,0,24,73,23,120,8,10,18,138
11/02/2005,MLU,LA,ASW,CE,Combined TRACON& Tower with Radar,0,26,43,20,89,0,0,40,5,45,0,26,83,25,134,56,16,72,206
11/03/2005,MLU,LA,ASW,CE,Combined TRACON& Tower with Radar,1,24,45,11,81,0,1,43,1,45,1,25,88,12,126,28,16,44,170
11/04/2005,MLU,LA,ASW,CE,Combined TRACON& Tower with Radar,4,26,39,34,103,0,0,22,15,37,4,26,61,49,140,34,0,34,174
11/05/2005,MLU,LA,ASW,CE,Combined TRACON& Tower with Radar,3,21,18,2,44,0,0,39,3,42,3,21,57,5,86,28,0,28,114
11/06/2005,MLU,LA,ASW,CE,Combined TRACON& Tower with Radar,0,20,34,18,72,0,0,31,7,38,0,20,65,25,110,32,20,52,162
11/07/2005,MLU,LA,ASW,CE,Combined TRACON& Tower with Radar,0,21,31,32,84,0,5,29,3,37,0,26,60,35,121,14,24,38,159
11/08/2005,MLU,LA,ASW,CE,Combined TRACON& Tower with Radar,0,22,31,27,80,0,3,60,7,70,0,25,91,34,150,66,4,70,220
11/09/2005,MLU,LA,ASW,CE,Combined TRACON& Tower with Radar,0,27,38,38,103,0,0,30,5,35,0,27,68,43,138,0,16,16,154
11/10/2005,MLU,LA,ASW,CE,Combined TRACON& Tower with Radar,0,26,47,24,97,0,0,41,4,45,0,26,88,28,142,46,30,76,218
11/11/2005,MLU,LA,ASW,CE,Combined TRACON& Tower with Radar,4,24,37,4,69,0,0,51,1,52,4,24,88,5,121,52,12,64,185
11/12/2005,MLU,LA,ASW,CE,Combined TRACON& Tower with Radar,2,20,21,4,47,0,0,41,6,47,2,20,62,10,94,18,0,18,112
11/13/2005,MLU,LA,ASW,CE,Combined TRACON& Tower with Radar,0,20,11,0,31,0,0,24,0,24,0,20,35,0,55,2,0,2,57
11/14/2005,MLU,LA,ASW,CE,Combined TRACON& Tower with Radar,0,26,46,0,72,0,0,14,0,14,0,26,60,0,86,2,0,2,88
11/15/2005,MLU,LA,ASW,CE,Combined TRACON& Tower with Radar,0,20,34,28,82,0,0,1,0,1,0,20,35,28,83,8,18,26,109
11/16/2005,MLU,LA,ASW,CE,Combined TRACON& Tower with Radar,0,26,29,20,75,0,0,33,14,47,0,26,62,34,122,16,20,36,158
11/17/2005,MLU,LA,ASW,CE,Combined TRACON& Tower with Radar,0,29,35,18,82,0,0,45,0,45,0,29,80,18,127,32,34,66,193
11/18/2005,MLU,LA,ASW,CE,Combined TRACON& Tower with Radar,1,30,33,15,79,0,2,32,5,39,1,32,65,20,118,16,18,34,152
11/19/2005,MLU,LA,ASW,CE,Combined TRACON& Tower with Radar,1,19,26,0,46,0,1,39,0,40,1,20,65,0,86,18,104,122,208
11/20/2005,MLU,LA,ASW,CE,Combined TRACON& Tower with Radar,0,21,12,4,37,0,0,42,5,47,0,21,54,9,84,24,18,42,126
11/21/2005,MLU,LA,ASW,CE,Combined TRACON& Tower with Radar,0,23,23,29,75,0,0,22,15,37,0,23,45,44,112,10,60,70,182
11/22/2005,MLU,LA,ASW,CE,Combined TRACON& Tower with Radar,0,31,27,19,77,0,0,50,2,52,0,31,77,21,129,44,34,78,207
11/23/2005,MLU,LA,ASW,CE,Combined TRACON& Tower with Radar,0,26,25,33,84,0,3,47,27,77,0,29,72,60,161,20,30,50,211
11/24/2005,MLU,LA,ASW,CE,Combined TRACON& Tower with Radar,0,19,6,0,25,0,1,26,0,27,0,20,32,0,52,0,0,0,52
11/25/2005,MLU,LA,ASW,CE,Combined TRACON& Tower with Radar,1,23,26,0,50,0,0,30,0,30,1,23,56,0,80,8,0,8,88
11/26/2005,MLU,LA,ASW,CE,Combined TRACON& Tower with Radar,1,18,14,0,33,0,1,13,0,14,1,19,27,0,47,38,0,38,85
11/27/2005,MLU,LA,ASW,CE,Combined TRACON& Tower with Radar,0,22,24,2,48,0,0,8,0,8,0,22,32,2,56,2,0,2,58
11/28/2005,MLU,LA,ASW,CE,Combined TRACON& Tower with Radar,0,24,16,22,62,0,0,40,29,69,0,24,56,51,131,2,20,22,153
11/29/2005,MLU,LA,ASW,CE,Combined TRACON& Tower with Radar,0,30,43,18,91,0,0,45,0,45,0,30,88,18,136,30,16,46,182
11/30/2005,MLU,LA,ASW,CE,Combined TRACON& Tower with Radar,0,25,34,13,72,0,0,49,5,54,0,25,83,18,126,20,42,62,188
12/01/2005,MLU,LA,ASW,CE,Combined TRACON& Tower with Radar,0,28,34,23,85,0,0,41,15,56,0,28,75,38,141,42,4,46,187
12/02/2005,MLU,LA,ASW,CE,Combined TRACON& Tower with Radar,0,28,42,14,84,1,0,52,4,57,1,28,94,18,141,70,6,76,217
12/03/2005,MLU,LA,ASW,CE,Combined TRACON& Tower with Radar,0,16,11,1,28,0,0,4,2,6,0,16,15,3,34,0,0,0,34
12/04/2005,MLU,LA,ASW,CE,Combined TRACON& Tower with Radar,0,21,16,0,37,0,0,2,0,2,0,21,18,0,39,0,0,0,39
12/05/2005,MLU,LA,ASW,CE,Combined TRACON& Tower with Radar,0,22,27,55,104,0,0,28,4,32,0,22,55,59,136,24,46,70,206
12/06/2005,MLU,LA,ASW,CE,Combined TRACON& Tower with Radar,0,25,38,23,86,0,0,44,6,50,0,25,82,29,136,6,54,60,196
12/07/2005,MLU,LA,ASW,CE,Combined TRACON& Tower with Radar,0,26,36,8,70,0,0,20,5,25,0,26,56,13,95,24,2,26,121
12/08/2005,MLU,LA,ASW,CE,Combined TRACON& Tower with Radar,0,26,24,22,72,0,0,3,3,6,0,26,27,25,78,0,0,0,78
12/09/2005,MLU,LA,ASW,CE,Combined TRACON& Tower with Radar,0,30,32,20,82,0,0,38,1,39,0,30,70,21,121,10,2,12,133
12/10/2005,MLU,LA,ASW,CE,Combined TRACON& Tower with Radar,0,17,23,0,40,0,0,31,0,31,0,17,54,0,71,18,0,18,89
12/11/2005,MLU,LA,ASW,CE,Combined TRACON& Tower with Radar,0,23,8,0,31,0,0,40,0,40,0,23,48,0,71,6,0,6,77
12/12/2005,MLU,LA,ASW,CE,Combined TRACON& Tower with Radar,0,24,41,31,96,0,0,52,0,52,0,24,93,31,148,40,106,146,294
12/13/2005,MLU,LA,ASW,CE,Combined TRACON& Tower with Radar,0,28,39,25,92,0,1,33,0,34,0,29,72,25,126,46,30,76,202
12/14/2005,MLU,LA,ASW,CE,Combined TRACON& Tower with Radar,0,26,31,12,69,0,0,5,2,7,0,26,36,14,76,14,8,22,98
12/15/2005,MLU,LA,ASW,CE,Combined TRACON& Tower with Radar,0,25,44,12,81,0,3,50,12,65,0,28,94,24,146,10,0,10,156
12/16/2005,MLU,LA,ASW,CE,Combined TRACON& Tower with Radar,0,27,29,20,76,0,0,59,4,63,0,27,88,24,139,16,0,16,155
12/17/2005,MLU,LA,ASW,CE,Combined TRACON& Tower with Radar,0,17,19,0,36,0,1,31,0,32,0,18,50,0,68,14,0,14,82
12/18/2005,MLU,LA,ASW,CE,Combined TRACON& Tower with Radar,0,22,19,2,43,0,0,32,2,34,0,22,51,4,77,40,0,40,117
12/19/2005,MLU,LA,ASW,CE,Combined TRACON& Tower with Radar,0,27,32,20,79,0,0,34,0,34,0,27,66,20,113,0,0,0,113
12/20/2005,MLU,LA,ASW,CE,Combined TRACON& Tower with Radar,0,29,32,17,78,0,0,23,9,32,0,29,55,26,110,12,0,12,122
12/21/2005,MLU,LA,ASW,CE,Combined TRACON& Tower with Radar,0,30,50,20,100,0,0,20,0,20,0,30,70,20,120,34,18,52,172
12/22/2005,MLU,LA,ASW,CE,Combined TRACON& Tower with Radar,0,27,34,2,63,0,0,40,0,40,0,27,74,2,103,18,0,18,121
12/23/2005,MLU,LA,ASW,CE,Combined TRACON& Tower with Radar,0,31,18,0,49,0,0,35,0,35,0,31,53,0,84,14,0,14,98
12/24/2005,MLU,LA,ASW,CE,Combined TRACON& Tower with Radar,0,18,6,0,24,0,0,4,0,4,0,18,10,0,28,0,0,0,28
12/25/2005,MLU,LA,ASW,CE,Combined TRACON& Tower with Radar,0,19,3,0,22,0,1,4,0,5,0,20,7,0,27,0,0,0,27
12/26/2005,MLU,LA,ASW,CE,Combined TRACON& Tower with Radar,0,24,15,0,39,0,0,41,0,41,0,24,56,0,80,20,0,20,100
12/27/2005,MLU,LA,ASW,CE,Combined TRACON& Tower with Radar,0,25,24,0,49,0,0,10,0,10,0,25,34,0,59,0,0,0,59
12/28/2005,MLU,LA,ASW,CE,Combined TRACON& Tower with Radar,0,11,22,15,48,0,22,28,1,51,0,33,50,16,99,8,0,8,107
12/29/2005,MLU,LA,ASW,CE,Combined TRACON& Tower with Radar,0,25,43,0,68,0,0,57,0,57,0,25,100,0,125,34,0,34,159
12/30/2005,MLU,LA,ASW,CE,Combined TRACON& Tower with Radar,0,27,25,0,52,0,0,20,0,20,0,27,45,0,72,0,0,0,72
12/31/2005,MLU,LA,ASW,CE,Combined TRACON& Tower with Radar,0,18,15,0,33,0,1,28,0,29,0,19,43,0,62,10,0,10,72
01/01/2006,MLU,LA,ASW,CE,Combined TRACON& Tower with Radar,0,18,9,0,27,0,0,2,0,2,0,18,11,0,29,6,0,6,35
01/02/2006,MLU,LA,ASW,CE,Combined TRACON& Tower with Radar,0,20,19,0,39,0,0,22,0,22,0,20,41,0,61,4,0,4,65
01/03/2006,MLU,LA,ASW,CE,Combined TRACON& Tower with Radar,0,26,34,21,81,0,1,36,11,48,0,27,70,32,129,18,16,34,163
01/04/2006,MLU,LA,ASW,CE,Combined TRACON& Tower with Radar,0,24,17,39,80,0,2,31,18,51,0,26,48,57,131,6,18,24,155
01/05/2006,MLU,LA,ASW,CE,Combined TRACON& Tower with Radar,0,28,28,30,86,0,0,39,12,51,0,28,67,42,137,4,26,30,167
01/06/2006,MLU,LA,ASW,CE,Combined TRACON& Tower with Radar,0,27,29,37,93,0,0,46,7,53,0,27,75,44,146,20,64,84,230
01/07/2006,MLU,LA,ASW,CE,Combined TRACON& Tower with Radar,0,15,18,5,38,0,0,36,2,38,0,15,54,7,76,14,6,20,96
01/08/2006,MLU,LA,ASW,CE,Combined TRACON& Tower with Radar,0,23,10,4,37,0,0,14,0,14,0,23,24,4,51,6,4,10,61
01/09/2006,MLU,LA,ASW,CE,Combined TRACON& Tower with Radar,0,28,36,8,72,0,3,38,4,45,0,31,74,12,117,32,20,52,169
01/10/2006,MLU,LA,ASW,CE,Combined TRACON& Tower with Radar,0,28,10,0,38,27,53,0,0,80,27,81,10,0,118,16,0,16,134
01/11/2006,MLU,LA,ASW,CE,Combined TRACON& Tower with Radar,0,25,29,30,84,0,0,53,0,53,0,25,82,30,137,28,22,50,187
01/12/2006,MLU,LA,ASW,CE,Combined TRACON& Tower with Radar,0,27,42,15,84,0,1,38,15,54,0,28,80,30,138,0,50,50,188
01/13/2006,MLU,LA,ASW,CE,Combined TRACON& Tower with Radar,0,32,28,25,85,0,1,22,10,33,0,33,50,35,118,0,16,16,134
01/14/2006,MLU,LA,ASW,CE,Combined TRACON& Tower with Radar,0,14,23,0,37,0,0,49,0,49,0,14,72,0,86,10,0,10,96
01/15/2006,MLU,LA,ASW,CE,Combined TRACON& Tower with Radar,0,27,13,9,49,0,0,28,1,29,0,27,41,10,78,0,0,0,78
01/16/2006,MLU,LA,ASW,CE,Combined TRACON& Tower with Radar,0,24,21,0,45,0,0,2,0,2,0,24,23,0,47,4,0,4,51
01/17/2006,MLU,LA,ASW,CE,Combined TRACON& Tower with Radar,0,25,15,28,68,0,1,24,19,44,0,26,39,47,112,6,2,8,120
01/18/2006,MLU,LA,ASW,CE,Combined TRACON& Tower with Radar,0,25,45,48,118,0,0,61,0,61,0,25,106,48,179,17,26,43,222
01/19/2006,MLU,LA,ASW,CE,Combined TRACON& Tower with Radar,0,29,30,29,88,0,0,33,15,48,0,29,63,44,136,2,10,12,148
01/20/2006,MLU,LA,ASW,CE,Combined TRACON& Tower with Radar,0,26,34,33,93,0,0,36,28,64,0,26,70,61,157,28,16,44,201
01/21/2006,MLU,LA,ASW,CE,Combined TRACON& Tower with Radar,0,14,15,3,32,0,0,48,1,49,0,14,63,4,81,62,0,62,143
01/22/2006,MLU,LA,ASW,CE,Combined TRACON& Tower with Radar,0,25,5,0,30,0,4,1,0,5,0,29,6,0,35,0,0,0,35
01/23/2006,MLU,LA,ASW,CE,Combined TRACON& Tower with Radar,0,28,32,36,96,0,0,20,5,25,0,28,52,41,121,0,0,0,121
01/24/2006,MLU,LA,ASW,CE,Combined TRACON& Tower with Radar,0,25,49,18,92,0,0,40,25,65,0,25,89,43,157,36,20,56,213
01/25/2006,MLU,LA,ASW,CE,Combined TRACON& Tower with Radar,0,27,47,23,97,0,0,54,0,54,0,27,101,23,151,48,14,62,213
01/26/2006,MLU,LA,ASW,CE,Combined TRACON& Tower with Radar,0,27,45,10,82,0,0,40,2,42,0,27,85,12,124,24,0,24,148
01/27/2006,MLU,LA,ASW,CE,Combined TRACON& Tower with Radar,0,26,38,21,85,0,0,35,19,54,0,26,73,40,139,14,22,36,175
01/28/2006,MLU,LA,ASW,CE,Combined TRACON& Tower with Radar,0,13,3,0,16,0,1,2,1,4,0,14,5,1,20,0,0,0,20
01/29/2006,MLU,LA,ASW,CE,Combined TRACON& Tower with Radar,0,20,29,6,55,0,0,27,16,43,0,20,56,22,98,30,8,38,136
01/30/2006,MLU,LA,ASW,CE,Combined TRACON& Tower with Radar,0,26,41,20,87,0,0,56,20,76,0,26,97,40,163,24,48,72,235
01/31/2006,MLU,LA,ASW,CE,Combined TRACON& Tower with Radar,0,25,33,30,88,0,0,32,18,50,0,25,65,48,138,50,44,94,232
02/01/2006,MLU,LA,ASW,CE,Combined TRACON& Tower with Radar,0,26,23,21,70,0,0,38,6,44,0,26,61,27,114,28,18,46,160
02/02/2006,MLU,LA,ASW,CE,Combined TRACON& Tower with Radar,0,28,35,44,107,0,1,21,18,40,0,29,56,62,147,0,6,6,153
02/03/2006,MLU,LA,ASW,CE,Combined TRACON& Tower with Radar,0,28,23,24,75,0,0,8,3,11,0,28,31,27,86,0,0,0,86
02/04/2006,MLU,LA,ASW,CE,Combined TRACON& Tower with Radar,0,14,29,0,43,0,0,36,2,38,0,14,65,2,81,22,0,22,103
02/05/2006,MLU,LA,ASW,CE,Combined TRACON& Tower with Radar,0,20,16,1,37,0,0,28,0,28,0,20,44,1,65,12,10,22,87
02/06/2006,MLU,LA,ASW,CE,Combined TRACON& Tower with Radar,0,25,30,9,64,0,0,14,8,22,0,25,44,17,86,0,0,0,86
02/07/2006,MLU,LA,ASW,CE,Combined TRACON& Tower with Radar,0,24,39,9,72,0,1,53,0,54,0,25,92,9,126,16,4,20,146
02/08/2006,MLU,LA,ASW,CE,Combined TRACON& Tower with Radar,0,23,29,16,68,0,1,43,3,47,0,24,72,19,115,32,8,40,155
02/09/2006,MLU,LA,ASW,CE,Combined TRACON& Tower with Radar,0,28,32,13,73,0,0,63,13,76,0,28,95,26,149,8,36,44,193
02/10/2006,MLU,LA,ASW,CE,Combined TRACON& Tower with Radar,0,24,24,0,48,0,0,0,0,0,0,24,24,0,48,0,0,0,48
02/11/2006,MLU,LA,ASW,CE,Combined TRACON& Tower with Radar,0,15,22,2,39,0,1,25,2,28,0,16,47,4,67,0,0,0,67
02/12/2006,MLU,LA,ASW,CE,Combined TRACON& Tower with Radar,0,22,19,0,41,0,0,22,0,22,0,22,41,0,63,14,0,14,77
02/13/2006,MLU,LA,ASW,CE,Combined TRACON& Tower with Radar,0,26,17,48,91,0,0,46,2,48,0,26,63,50,139,74,28,102,241
02/14/2006,MLU,LA,ASW,CE,Combined TRACON& Tower with Radar,0,27,36,45,108,0,0,32,2,34,0,27,68,47,142,28,20,48,190
02/15/2006,MLU,LA,ASW,CE,Combined TRACON& Tower with Radar,0,28,42,13,83,0,0,26,13,39,0,28,68,26,122,6,16,22,144
02/16/2006,MLU,LA,ASW,CE,Combined TRACON& Tower with Radar,0,29,46,24,99,0,0,14,20,34,0,29,60,44,133,12,2,14,147
02/17/2006,MLU,LA,ASW,CE,Combined TRACON& Tower with Radar,0,28,35,6,69,0,0,9,2,11,0,28,44,8,80,0,0,0,80
02/18/2006,MLU,LA,ASW,CE,Combined TRACON& Tower with Radar,0,15,7,0,22,0,1,0,0,1,0,16,7,0,23,0,0,0,23
02/19/2006,MLU,LA,ASW,CE,Combined TRACON& Tower with Radar,0,21,7,0,28,0,0,5,2,7,0,21,12,2,35,8,0,8,43
02/20/2006,MLU,LA,ASW,CE,Combined TRACON& Tower with Radar,0,21,37,11,69,0,1,0,1,2,0,22,37,12,71,0,0,0,71
02/21/2006,MLU,LA,ASW,CE,Combined TRACON& Tower with Radar,0,31,60,8,99,0,0,10,3,13,0,31,70,11,112,0,0,0,112
02/22/2006,MLU,LA,ASW,CE,Combined TRACON& Tower with Radar,0,27,24,2,53,0,1,0,2,3,0,28,24,4,56,0,0,0,56
02/23/2006,MLU,LA,ASW,CE,Combined TRACON& Tower with Radar,0,28,49,19,96,0,1,41,3,45,0,29,90,22,141,24,16,40,181
02/24/2006,MLU,LA,ASW,CE,Combined TRACON& Tower with Radar,0,23,42,38,103,0,0,44,11,55,0,23,86,49,158,0,22,22,180
02/25/2006,MLU,LA,ASW,CE,Combined TRACON& Tower with Radar,0,16,8,0,24,0,0,0,0,0,0,16,8,0,24,0,0,0,24
02/26/2006,MLU,LA,ASW,CE,Combined TRACON& Tower with Radar,0,21,21,3,45,0,0,62,3,65,0,21,83,6,110,16,12,28,138
02/27/2006,MLU,LA,ASW,CE,Combined TRACON& Tower with Radar,0,26,17,34,77,0,0,44,6,50,0,26,61,40,127,31,32,63,190
02/28/2006,MLU,LA,ASW,CE,Combined TRACON& Tower with Radar,0,24,25,24,73,0,0,47,4,51,0,24,72,28,124,74,12,86,210
03/01/2006,MLU,LA,ASW,CE,Combined TRACON& Tower with Radar,0,29,30,23,82,0,0,44,7,51,0,29,74,30,133,46,24,70,203
03/02/2006,MLU,LA,ASW,CE,Combined TRACON& Tower with Radar,0,26,29,11,66,0,1,42,5,48,0,27,71,16,114,50,6,56,170
03/03/2006,MLU,LA,ASW,CE,Combined TRACON& Tower with Radar,0,30,30,35,95,0,2,52,15,69,0,32,82,50,164,2,30,32,196
03/04/2006,MLU,LA,ASW,CE,Combined TRACON& Tower with Radar,0,17,30,0,47,0,0,62,2,64,0,17,92,2,111,20,0,20,131
03/05/2006,MLU,LA,ASW,CE,Combined TRACON& Tower with Radar,0,21,7,6,34,0,0,33,2,35,0,21,40,8,69,16,0,16,85
03/06/2006,MLU,LA,ASW,CE,Combined TRACON& Tower with Radar,0,23,30,21,74,0,1,40,11,52,0,24,70,32,126,4,20,24,150
03/07/2006,MLU,LA,ASW,CE,Combined TRACON& Tower with Radar,0,24,28,15,67,0,0,55,12,67,0,24,83,27,134,18,24,42,176
03/08/2006,MLU,LA,ASW,CE,Combined TRACON& Tower with Radar,0,29,30,11,70,0,3,27,3,33,0,32,57,14,103,12,20,32,135
03/09/2006,MLU,LA,ASW,CE,Combined TRACON& Tower with Radar,0,25,19,0,44,0,0,8,2,10,0,25,27,2,54,2,0,2,56
03/10/2006,MLU,LA,ASW,CE,Combined TRACON& Tower with Radar,0,27,36,35,98,0,4,58,33,95,0,31,94,68,193,10,56,66,259
03/11/2006,MLU,LA,ASW,CE,Combined TRACON& Tower with Radar,0,17,24,3,44,0,0,38,3,41,0,17,62,6,85,38,18,56,141
03/12/2006,MLU,LA,ASW,CE,Combined TRACON& Tower with Radar,0,20,31,2,53,0,1,18,0,19,0,21,49,2,72,10,0,10,82
03/13/2006,MLU,LA,ASW,CE,Combined TRACON& Tower with Radar,0,25,17,0,42,0,0,42,0,42,0,25,59,0,84,40,0,40,124
03/14/2006,MLU,LA,ASW,CE,Combined TRACON& Tower with Radar,0,24,37,11,72,0,0,70,4,74,0,24,107,15,146,36,0,36,182
03/15/2006,MLU,LA,ASW,CE,Combined TRACON& Tower with Radar,0,25,48,8,81,0,0,40,2,42,0,25,88,10,123,24,0,24,147
03/16/2006,MLU,LA,ASW,CE,Combined TRACON& Tower with Radar,2,29,41,15,87,0,0,36,6,42,2,29,77,21,129,38,56,94,223
03/17/2006,MLU,LA,ASW,CE,Combined TRACON& Tower with Radar,0,26,31,38,95,0,2,61,15,78,0,28,92,53,173,10,12,22,195
03/18/2006,MLU,LA,ASW,CE,Combined TRACON& Tower with Radar,0,17,11,0,28,0,0,1,0,1,0,17,12,0,29,0,0,0,29
03/19/2006,MLU,LA,ASW,CE,Combined TRACON& Tower with Radar,2,25,12,0,39,1,0,1,0,2,3,25,13,0,41,0,0,0,41
03/20/2006,MLU,LA,ASW,CE,Combined TRACON& Tower with Radar,0,22,14,0,36,0,0,0,0,0,0,22,14,0,36,0,0,0,36
03/21/2006,MLU,LA,ASW,CE,Combined TRACON& Tower with Radar,0,26,60,37,123,0,0,51,28,79,0,26,111,65,202,32,26,58,260
03/22/2006,MLU,LA,ASW,CE,Combined TRACON& Tower with Radar,0,24,48,29,101,0,0,38,12,50,0,24,86,41,151,22,0,22,173
03/23/2006,MLU,LA,ASW,CE,Combined TRACON& Tower with Radar,0,26,44,37,107,0,0,42,24,66,0,26,86,61,173,44,42,86,259
03/24/2006,MLU,LA,ASW,CE,Combined TRACON& Tower with Radar,0,25,56,28,109,0,4,54,11,69,0,29,110,39,178,80,26,106,284
03/25/2006,MLU,LA,ASW,CE,Combined TRACON& Tower with Radar,0,17,12,4,33,0,0,51,0,51,0,17,63,4,84,92,0,92,176
03/26/2006,MLU,LA,ASW,CE,Combined TRACON& Tower with Radar,0,20,32,4,56,0,0,55,2,57,0,20,87,6,113,66,0,66,179
03/27/2006,MLU,LA,ASW,CE,Combined TRACON& Tower with Radar,0,22,31,62,115,0,0,51,7,58,0,22,82,69,173,50,36,86,259
03/28/2006,MLU,LA,ASW,CE,Combined TRACON& Tower with Radar,0,25,39,11,75,0,0,37,11,48,0,25,76,22,123,26,12,38,161
03/29/2006,MLU,LA,ASW,CE,Combined TRACON& Tower with Radar,0,23,41,11,75,0,0,45,17,62,0,23,86,28,137,48,38,86,223
03/30/2006,MLU,LA,ASW,CE,Combined TRACON& Tower with Radar,0,27,45,12,84,0,0,20,1,21,0,27,65,13,105,12,6,18,123
03/31/2006,MLU,LA,ASW,CE,Combined TRACON& Tower with Radar,0,26,35,12,73,0,0,39,6,45,0,26,74,18,118,122,22,144,262
04/01/2006,MLU,LA,ASW,CE,Combined TRACON& Tower with Radar,0,18,34,0,52,0,0,32,0,32,0,18,66,0,84,84,0,84,168
04/02/2006,MLU,LA,ASW,CE,Combined TRACON& Tower with Radar,0,22,18,8,48,0,1,22,0,23,0,23,40,8,71,28,16,44,115
04/03/2006,MLU,LA,ASW,CE,Combined TRACON& Tower with Radar,0,26,32,30,88,0,0,62,17,79,0,26,94,47,167,62,28,90,257
04/04/2006,MLU,LA,ASW,CE,Combined TRACON& Tower with Radar,0,23,48,30,101,0,0,51,19,70,0,23,99,49,171,64,28,92,263
04/05/2006,MLU,LA,ASW,CE,Combined TRACON& Tower with Radar,0,25,33,26,84,0,3,61,18,82,0,28,94,44,166,44,22,66,232
04/06/2006,MLU,LA,ASW,CE,Combined TRACON& Tower with Radar,0,24,36,20,80,0,0,19,8,27,0,24,55,28,107,44,0,44,151
04/07/2006,MLU,LA,ASW,CE,Combined TRACON& Tower with Radar,0,28,30,8,66,0,0,24,0,24,0,28,54,8,90,22,0,22,112
04/08/2006,MLU,LA,ASW,CE,Combined TRACON& Tower with Radar,0,16,15,0,31,0,1,28,0,29,0,17,43,0,60,40,0,40,100
04/09/2006,MLU,LA,ASW,CE,Combined TRACON& Tower with Radar,0,19,25,2,46,0,0,56,2,58,0,19,81,4,104,26,0,26,130
04/10/2006,MLU,LA,ASW,CE,Combined TRACON& Tower with Radar,0,24,31,32,87,0,0,65,121,186,0,24,96,153,273,64,60,124,397
04/11/2006,MLU,LA,ASW,CE,Combined TRACON& Tower with Radar,0,23,40,33,96,0,2,49,21,72,0,25,89,54,168,32,20,52,220
04/12/2006,MLU,LA,ASW,CE,Combined TRACON& Tower with Radar,0,26,48,16,90,0,0,55,9,64,0,26,103,25,154,88,0,88,242
04/13/2006,MLU,LA,ASW,CE,Combined TRACON& Tower with Radar,0,25,37,27,89,0,0,48,10,58,0,25,85,37,147,36,6,42,189
04/14/2006,MLU,LA,ASW,CE,Combined TRACON& Tower with Radar,0,25,30,14,69,0,0,61,10,71,0,25,91,24,140,74,10,84,224
04/15/2006,MLU,LA,ASW,CE,Combined TRACON& Tower with Radar,0,16,19,0,35,0,0,22,0,22,0,16,41,0,57,14,0,14,71
04/16/2006,MLU,LA,ASW,CE,Combined TRACON& Tower with Radar,0,20,17,0,37,0,0,19,4,23,0,20,36,4,60,8,0,8,68
04/17/2006,MLU,LA,ASW,CE,Combined TRACON& Tower with Radar,0,22,47,12,81,0,0,37,0,37,0,22,84,12,118,72,4,76,194
04/18/2006,MLU,LA,ASW,CE,Combined TRACON& Tower with Radar,0,27,49,19,95,0,0,67,0,67,0,27,116,19,162,50,26,76,238
04/19/2006,MLU,LA,ASW,CE,Combined TRACON& Tower with Radar,0,25,48,32,105,0,0,42,19,61,0,25,90,51,166,82,26,108,274
04/20/2006,MLU,LA,ASW,CE,Combined TRACON& Tower with Radar,0,25,48,35,108,0,0,32,55,87,0,25,80,90,195,22,8,30,225
04/21/2006,MLU,LA,ASW,CE,Combined TRACON& Tower with Radar,0,28,24,6,58,0,0,14,2,16,0,28,38,8,74,8,0,8,82
04/22/2006,MLU,LA,ASW,CE,Combined TRACON& Tower with Radar,0,16,29,0,45,0,0,58,6,64,0,16,87,6,109,66,0,66,175
04/23/2006,MLU,LA,ASW,CE,Combined TRACON& Tower with Radar,0,20,21,14,55,0,0,53,5,58,0,20,74,19,113,14,6,20,133
04/24/2006,MLU,LA,ASW,CE,Combined TRACON& Tower with Radar,0,23,38,2,63,0,0,42,2,44,0,23,80,4,107,6,0,6,113
04/25/2006,MLU,LA,ASW,CE,Combined TRACON& Tower with Radar,0,28,35,3,66,0,0,15,3,18,0,28,50,6,84,28,6,34,118
04/26/2006,MLU,LA,ASW,CE,Combined TRACON& Tower with Radar,0,26,63,5,94,0,0,13,10,23,0,26,76,15,117,4,0,4,121
04/27/2006,MLU,LA,ASW,CE,Combined TRACON& Tower with Radar,0,25,36,18,79,0,4,46,7,57,0,29,82,25,136,58,22,80,216
04/28/2006,MLU,LA,ASW,CE,Combined TRACON& Tower with Radar,0,22,22,7,51,0,0,33,13,46,0,22,55,20,97,0,18,18,115
04/29/2006,MLU,LA,ASW,CE,Combined TRACON& Tower with Radar,0,14,5,0,19,0,0,0,0,0,0,14,5,0,19,0,0,0,19
04/30/2006,MLU,LA,ASW,CE,Combined TRACON& Tower with Radar,0,20,23,5,48,0,0,37,3,40,0,20,60,8,88,4,2,6,94
05/01/2006,MLU,LA,ASW,CE,Combined TRACON& Tower with Radar,0,23,26,16,65,0,0,64,0,64,0,23,90,16,129,38,0,38,167
05/02/2006,MLU,LA,ASW,CE,Combined TRACON& Tower with Radar,0,26,31,16,73,0,1,37,12,50,0,27,68,28,123,66,0,66,189
05/03/2006,MLU,LA,ASW,CE,Combined TRACON& Tower with Radar,0,28,65,1,94,0,7,12,1,20,0,35,77,2,114,44,0,44,158
05/04/2006,MLU,LA,ASW,CE,Combined TRACON& Tower with Radar,0,27,24,6,57,0,0,33,1,34,0,27,57,7,91,38,0,38,129
05/05/2006,MLU,LA,ASW,CE,Combined TRACON& Tower with Radar,0,26,35,5,66,0,1,8,1,10,0,27,43,6,76,10,0,10,86
05/06/2006,MLU,LA,ASW,CE,Combined TRACON& Tower with Radar,0,14,9,0,23,0,0,0,0,0,0,14,9,0,23,0,0,0,23
05/07/2006,MLU,LA,ASW,CE,Combined TRACON& Tower with Radar,0,19,39,3,61,0,6,12,1,19,0,25,51,4,80,30,0,30,110
05/08/2006,MLU,LA,ASW,CE,Combined TRACON& Tower with Radar,0,24,44,2,70,0,0,38,0,38,0,24,82,2,108,94,0,94,202
05/09/2006,MLU,LA,ASW,CE,Combined TRACON& Tower with Radar,0,25,48,3,76,0,4,12,1,17,0,29,60,4,93,32,0,32,125
05/10/2006,MLU,LA,ASW,CE,Combined TRACON& Tower with Radar,0,25,30,20,75,0,0,16,0,16,0,25,46,20,91,2,8,10,101
05/11/2006,MLU,LA,ASW,CE,Combined TRACON& Tower with Radar,0,24,40,40,104,0,0,66,15,81,0,24,106,55,185,38,16,54,239
05/12/2006,MLU,LA,ASW,CE,Combined TRACON& Tower with Radar,0,25,36,29,90,0,0,54,16,70,0,25,90,45,160,16,62,78,238
05/13/2006,MLU,LA,ASW,CE,Combined TRACON& Tower with Radar,0,14,13,0,27,0,0,50,0,50,0,14,63,0,77,10,0,10,87
05/14/2006,MLU,LA,ASW,CE,Combined TRACON& Tower with Radar,0,18,31,0,49,0,0,29,0,29,0,18,60,0,78,32,0,32,110
05/15/2006,MLU,LA,ASW,CE,Combined TRACON& Tower with Radar,0,20,29,40,89,0,0,51,39,90,0,20,80,79,179,30,36,66,245
05/16/2006,MLU,LA,ASW,CE,Combined TRACON& Tower with Radar,0,25,36,13,74,0,0,56,5,61,0,25,92,18,135,56,0,56,191
05/17/2006,MLU,LA,ASW,CE,Combined TRACON& Tower with Radar,0,23,42,28,93,0,0,54,4,58,0,23,96,32,151,12,58,70,221
05/18/2006,MLU,LA,ASW,CE,Combined TRACON& Tower with Radar,0,26,24,16,66,0,0,60,24,84,0,26,84,40,150,66,30,96,246
05/19/2006,MLU,LA,ASW,CE,Combined TRACON& Tower with Radar,0,26,40,14,80,0,0,61,4,65,0,26,101,18,145,24,26,50,195
05/20/2006,MLU,LA,ASW,CE,Combined TRACON& Tower with Radar,0,14,16,1,31,0,0,16,0,16,0,14,32,1,47,2,0,2,49
05/21/2006,MLU,LA,ASW,CE,Combined TRACON& Tower with Radar,0,19,25,3,47,0,1,37,0,38,0,20,62,3,85,14,0,14,99
05/22/2006,MLU,LA,ASW,CE,Combined TRACON& Tower with Radar,0,23,36,39,98,0,0,43,31,74,0,23,79,70,172,36,38,74,246
05/23/2006,MLU,LA,ASW,CE,Combined TRACON& Tower with Radar,0,24,63,15,102,0,0,66,16,82,0,24,129,31,184,66,10,76,260
05/24/2006,MLU,LA,ASW,CE,Combined TRACON& Tower with Radar,0,26,47,17,90,0,0,58,4,62,0,26,105,21,152,81,2,83,235
05/25/2006,MLU,LA,ASW,CE,Combined TRACON& Tower with Radar,0,26,39,42,107,0,0,35,8,43,0,26,74,50,150,18,120,138,288
05/26/2006,MLU,LA,ASW,CE,Combined TRACON& Tower with Radar,0,31,41,0,72,0,0,46,0,46,0,31,87,0,118,48,0,48,166
05/27/2006,MLU,LA,ASW,CE,Combined TRACON& Tower with Radar,0,14,11,0,25,0,0,35,2,37,0,14,46,2,62,24,0,24,86
05/28/2006,MLU,LA,ASW,CE,Combined TRACON& Tower with Radar,0,14,18,0,32,0,0,6,1,7,0,14,24,1,39,6,0,6,45
05/29/2006,MLU,LA,ASW,CE,Combined TRACON& Tower with Radar,0,19,8,0,27,0,0,9,2,11,0,19,17,2,38,0,0,0,38
05/30/2006,MLU,LA,ASW,CE,Combined TRACON& Tower with Radar,0,21,27,9,57,0,0,26,2,28,0,21,53,11,85,22,6,28,113
05/31/2006,MLU,LA,ASW,CE,Combined TRACON& Tower with Radar,0,26,42,12,80,0,2,19,0,21,0,28,61,12,101,50,0,50,151
06/01/2006,MLU,LA,ASW,CE,Combined TRACON& Tower with Radar,0,25,30,11,66,0,0,23,13,36,0,25,53,24,102,12,22,34,136
06/02/2006,MLU,LA,ASW,CE,Combined TRACON& Tower with Radar,0,27,36,37,100,0,0,27,0,27,0,27,63,37,127,18,48,66,193
06/03/2006,MLU,LA,ASW,CE,Combined TRACON& Tower with Radar,0,14,26,0,40,0,0,50,0,50,0,14,76,0,90,50,0,50,140
06/04/2006,MLU,LA,ASW,CE,Combined TRACON& Tower with Radar,0,24,14,0,38,0,0,32,0,32,0,24,46,0,70,12,0,12,82
06/05/2006,MLU,LA,ASW,CE,Combined TRACON& Tower with Radar,0,25,34,27,86,0,0,31,29,60,0,25,65,56,146,38,16,54,200
06/06/2006,MLU,LA,ASW,CE,Combined TRACON& Tower with Radar,0,23,36,4,63,0,0,44,8,52,0,23,80,12,115,54,0,54,169
06/07/2006,MLU,LA,ASW,CE,Combined TRACON& Tower with Radar,0,24,39,27,90,0,0,42,3,45,0,24,81,30,135,84,2,86,221
06/08/2006,MLU,LA,ASW,CE,Combined TRACON& Tower with Radar,0,4,3,16,23,0,23,89,13,125,0,27,92,29,148,72,4,76,224
06/09/2006,MLU,LA,ASW,CE,Combined TRACON& Tower with Radar,0,24,28,30,82,0,0,69,9,78,0,24,97,39,160,70,22,92,252
06/10/2006,MLU,LA,ASW,CE,Combined TRACON& Tower with Radar,0,17,15,1,33,0,0,42,1,43,0,17,57,2,76,44,4,48,124
06/11/2006,MLU,LA,ASW,CE,Combined TRACON& Tower with Radar,0,19,27,3,49,0,0,30,2,32,0,19,57,5,81,12,0,12,93
06/12/2006,MLU,LA,ASW,CE,Combined TRACON& Tower with Radar,0,23,35,46,104,0,0,22,13,35,0,23,57,59,139,4,82,86,225
06/13/2006,MLU,LA,ASW,CE,Combined TRACON& Tower with Radar,0,24,41,48,113,0,2,46,16,64,0,26,87,64,177,38,78,116,293
06/14/2006,MLU,LA,ASW,CE,Combined TRACON& Tower with Radar,0,26,43,50,119,0,1,36,30,67,0,27,79,80,186,24,80,104,290
06/15/2006,MLU,LA,ASW,CE,Combined TRACON& Tower with Radar,0,34,38,54,126,0,1,53,28,82,0,35,91,82,208,54,50,104,312
06/16/2006,MLU,LA,ASW,CE,Combined TRACON& Tower with Radar,0,32,29,19,80,0,1,22,19,42,0,33,51,38,122,56,10,66,188
06/17/2006,MLU,LA,ASW,CE,Combined TRACON& Tower with Radar,0,21,9,0,30,0,0,13,0,13,0,21,22,0,43,4,0,4,47
06/18/2006,MLU,LA,ASW,CE,Combined TRACON& Tower with Radar,0,25,18,0,43,0,0,14,2,16,0,25,32,2,59,10,0,10,69
06/19/2006,MLU,LA,ASW,CE,Combined TRACON& Tower with Radar,0,27,27,21,75,0,0,37,5,42,0,27,64,26,117,42,16,58,175
06/20/2006,MLU,LA,ASW,CE,Combined TRACON& Tower with Radar,0,29,48,28,105,0,4,81,10,95,0,33,129,38,200,132,36,168,368
06/21/2006,MLU,LA,ASW,CE,Combined TRACON& Tower with Radar,0,34,40,16,90,0,2,41,15,58,0,36,81,31,148,32,4,36,184
06/22/2006,MLU,LA,ASW,CE,Combined TRACON& Tower with Radar,0,28,36,26,90,0,0,52,11,63,0,28,88,37,153,48,48,96,249
06/23/2006,MLU,LA,ASW,CE,Combined TRACON& Tower with Radar,0,32,42,42,116,0,1,27,22,50,0,33,69,64,166,40,54,94,260
06/24/2006,MLU,LA,ASW,CE,Combined TRACON& Tower with Radar,0,24,12,0,36,0,0,29,0,29,0,24,41,0,65,36,0,36,101
06/25/2006,MLU,LA,ASW,CE,Combined TRACON& Tower with Radar,0,23,41,2,66,0,1,29,0,30,0,24,70,2,96,20,0,20,116
06/26/2006,MLU,LA,ASW,CE,Combined TRACON& Tower with Radar,0,31,35,25,91,0,0,42,9,51,0,31,77,34,142,30,2,32,174
06/27/2006,MLU,LA,ASW,CE,Combined TRACON& Tower with Radar,0,38,44,29,111,0,0,67,6,73,0,38,111,35,184,50,26,76,260
06/28/2006,MLU,LA,ASW,CE,Combined TRACON& Tower with Radar,0,35,44,33,112,0,1,58,11,70,0,36,102,44,182,116,30,146,328
06/29/2006,MLU,LA,ASW,CE,Combined TRACON& Tower with Radar,0,33,37,49,119,0,2,36,2,40,0,35,73,51,159,16,62,78,237
06/30/2006,MLU,LA,ASW,CE,Combined TRACON& Tower with Radar,0,35,35,34,104,0,2,44,3,49,0,37,79,37,153,44,54,98,251
07/01/2006,MLU,LA,ASW,CE,Combined TRACON& Tower with Radar,0,24,15,1,40,0,0,23,1,24,0,24,38,2,64,12,0,12,76
07/02/2006,MLU,LA,ASW,CE,Combined TRACON& Tower with Radar,0,26,6,0,32,0,0,16,0,16,0,26,22,0,48,0,0,0,48
07/03/2006,MLU,LA,ASW,CE,Combined TRACON& Tower with Radar,0,28,27,0,55,0,0,27,0,27,0,28,54,0,82,22,0,22,104
07/04/2006,MLU,LA,ASW,CE,Combined TRACON& Tower with Radar,0,21,5,0,26,0,2,2,0,4,0,23,7,0,30,0,0,0,30
07/05/2006,MLU,LA,ASW,CE,Combined TRACON& Tower with Radar,0,32,34,10,76,0,2,10,0,12,0,34,44,10,88,34,2,36,124
07/06/2006,MLU,LA,ASW,CE,Combined TRACON& Tower with Radar,0,36,27,17,80,0,1,20,0,21,0,37,47,17,101,50,18,68,169
07/07/2006,MLU,LA,ASW,CE,Combined TRACON& Tower with Radar,0,33,38,10,81,0,2,39,2,43,0,35,77,12,124,54,0,54,178
07/08/2006,MLU,LA,ASW,CE,Combined TRACON& Tower with Radar,0,22,27,0,49,0,0,28,1,29,0,22,55,1,78,26,0,26,104
07/09/2006,MLU,LA,ASW,CE,Combined TRACON& Tower with Radar,0,26,25,6,57,0,0,15,4,19,0,26,40,10,76,8,4,12,88
07/10/2006,MLU,LA,ASW,CE,Combined TRACON& Tower with Radar,0,31,31,37,99,0,1,17,10,28,0,32,48,47,127,30,0,30,157
07/11/2006,MLU,LA,ASW,CE,Combined TRACON& Tower with Radar,0,36,29,24,89,0,0,42,9,51,0,36,71,33,140,58,48,106,246
07/12/2006,MLU,LA,ASW,CE,Combined TRACON& Tower with Radar,0,36,32,34,102,0,0,58,8,66,0,36,90,42,168,58,38,96,264
07/13/2006,MLU,LA,ASW,CE,Combined TRACON& Tower with Radar,0,34,31,20,85,0,1,44,18,63,0,35,75,38,148,26,30,56,204
07/14/2006,MLU,LA,ASW,CE,Combined TRACON& Tower with Radar,0,35,32,46,113,0,1,55,3,59,0,36,87,49,172,60,42,102,274
07/15/2006,MLU,LA,ASW,CE,Combined TRACON& Tower with Radar,0,26,20,10,56,0,1,51,3,55,0,27,71,13,111,30,0,30,141
07/16/2006,MLU,LA,ASW,CE,Combined TRACON& Tower with Radar,0,24,24,1,49,0,0,13,0,13,0,24,37,1,62,16,0,16,78
07/17/2006,MLU,LA,ASW,CE,Combined TRACON& Tower with Radar,0,33,31,57,121,0,0,54,0,54,0,33,85,57,175,48,36,84,259
07/18/2006,MLU,LA,ASW,CE,Combined TRACON& Tower with Radar,0,33,44,42,119,0,2,39,17,58,0,35,83,59,177,16,20,36,213
07/19/2006,MLU,LA,ASW,CE,Combined TRACON& Tower with Radar,0,33,30,19,82,0,2,32,2,36,0,35,62,21,118,0,10,10,128
07/20/2006,MLU,LA,ASW,CE,Combined TRACON& Tower with Radar,0,38,29,33,100,0,0,51,12,63,0,38,80,45,163,16,40,56,219
07/21/2006,MLU,LA,ASW,CE,Combined TRACON& Tower with Radar,0,32,27,29,88,0,3,55,7,65,0,35,82,36,153,58,38,96,249
07/22/2006,MLU,LA,ASW,CE,Combined TRACON& Tower with Radar,0,26,12,5,43,0,0,15,1,16,0,26,27,6,59,0,2,2,61
07/23/2006,MLU,LA,ASW,CE,Combined TRACON& Tower with Radar,0,29,24,0,53,0,1,34,0,35,0,30,58,0,88,4,0,4,92
07/24/2006,MLU,LA,ASW,CE,Combined TRACON& Tower with Radar,0,35,26,36,97,0,3,48,9,60,0,38,74,45,157,28,60,88,245
07/25/2006,MLU,LA,ASW,CE,Combined TRACON& Tower with Radar,0,34,28,26,88,0,0,35,0,35,0,34,63,26,123,42,10,52,175
07/26/2006,MLU,LA,ASW,CE,Combined TRACON& Tower with Radar,0,35,26,0,61,0,0,12,0,12,0,35,38,0,73,12,0,12,85
07/27/2006,MLU,LA,ASW,CE,Combined TRACON& Tower with Radar,0,36,33,5,74,0,0,9,1,10,0,36,42,6,84,0,0,0,84
07/28/2006,MLU,LA,ASW,CE,Combined TRACON& Tower with Radar,0,34,43,2,79,0,0,22,0,22,0,34,65,2,101,6,0,6,107
07/29/2006,MLU,LA,ASW,CE,Combined TRACON& Tower with Radar,0,24,14,7,45,0,0,43,2,45,0,24,57,9,90,66,10,76,166
07/30/2006,MLU,LA,ASW,CE,Combined TRACON& Tower with Radar,0,28,17,1,46,0,0,24,1,25,0,28,41,2,71,48,0,48,119
07/31/2006,MLU,LA,ASW,CE,Combined TRACON& Tower with Radar,0,34,34,4,72,0,1,36,0,37,0,35,70,4,109,46,0,46,155
08/01/2006,MLU,LA,ASW,CE,Combined TRACON& Tower with Radar,0,30,41,9,80,0,4,50,12,66,0,34,91,21,146,52,10,62,208
08/02/2006,MLU,LA,ASW,CE,Combined TRACON& Tower with Radar,0,33,32,17,82,0,1,64,0,65,0,34,96,17,147,54,10,64,211
08/03/2006,MLU,LA,ASW,CE,Combined TRACON& Tower with Radar,0,37,35,59,131,0,2,46,23,71,0,39,81,82,202,24,12,36,238
08/04/2006,MLU,LA,ASW,CE,Combined TRACON& Tower with Radar,0,33,31,18,82,0,3,40,8,51,0,36,71,26,133,8,4,12,145
08/05/2006,MLU,LA,ASW,CE,Combined TRACON& Tower with Radar,0,22,20,0,42,0,0,28,0,28,0,22,48,0,70,0,0,0,70
08/06/2006,MLU,LA,ASW,CE,Combined TRACON& Tower with Radar,0,26,12,2,40,0,0,23,0,23,0,26,35,2,63,0,0,0,63
08/07/2006,MLU,LA,ASW,CE,Combined TRACON& Tower with Radar,0,29,26,31,86,0,2,47,8,57,0,31,73,39,143,62,42,104,247
08/08/2006,MLU,LA,ASW,CE,Combined TRACON& Tower with Radar,0,34,32,29,95,0,1,35,18,54,0,35,67,47,149,42,38,80,229
08/09/2006,MLU,LA,ASW,CE,Combined TRACON& Tower with Radar,0,31,28,57,116,0,0,55,15,70,0,31,83,72,186,44,28,72,258
08/10/2006,MLU,LA,ASW,CE,Combined TRACON& Tower with Radar,0,37,52,51,140,0,0,18,14,32,0,37,70,65,172,20,64,84,256
08/11/2006,MLU,LA,ASW,CE,Combined TRACON& Tower with Radar,0,36,23,55,114,0,0,22,26,48,0,36,45,81,162,22,72,94,256
08/12/2006,MLU,LA,ASW,CE,Combined TRACON& Tower with Radar,0,24,11,3,38,0,0,22,0,22,0,24,33,3,60,10,0,10,70
08/13/2006,MLU,LA,ASW,CE,Combined TRACON& Tower with Radar,0,26,20,6,52,0,2,27,5,34,0,28,47,11,86,20,0,20,106
08/14/2006,MLU,LA,ASW,CE,Combined TRACON& Tower with Radar,0,33,16,17,66,0,3,33,12,48,0,36,49,29,114,18,24,42,156
08/15/2006,MLU,LA,ASW,CE,Combined TRACON& Tower with Radar,0,31,22,39,92,0,0,40,33,73,0,31,62,72,165,50,30,80,245
08/16/2006,MLU,LA,ASW,CE,Combined TRACON& Tower with Radar,0,35,24,46,105,0,4,51,7,62,0,39,75,53,167,2,36,38,205
08/17/2006,MLU,LA,ASW,CE,Combined TRACON& Tower with Radar,0,35,39,29,103,0,4,52,11,67,0,39,91,40,170,42,0,42,212
08/18/2006,MLU,LA,ASW,CE,Combined TRACON& Tower with Radar,0,34,35,12,81,0,1,43,5,49,0,35,78,17,130,20,22,42,172
08/19/2006,MLU,LA,ASW,CE,Combined TRACON& Tower with Radar,0,23,30,0,53,0,0,48,0,48,0,23,78,0,101,10,0,10,111
08/20/2006,MLU,LA,ASW,CE,Combined TRACON& Tower with Radar,0,30,31,2,63,0,0,27,0,27,0,30,58,2,90,0,0,0,90
08/21/2006,MLU,LA,ASW,CE,Combined TRACON& Tower with Radar,0,33,22,30,85,0,0,42,15,57,0,33,64,45,142,6,70,76,218
08/22/2006,MLU,LA,ASW,CE,Combined TRACON& Tower with Radar,0,32,32,20,84,0,0,22,7,29,0,32,54,27,113,4,74,78,191
08/23/2006,MLU,LA,ASW,CE,Combined TRACON& Tower with Radar,0,32,56,6,94,0,1,23,0,24,0,33,79,6,118,10,10,20,138
08/24/2006,MLU,LA,ASW,CE,Combined TRACON& Tower with Radar,0,26,27,2,55,0,2,4,0,6,0,28,31,2,61,44,4,48,109
08/25/2006,MLU,LA,ASW,CE,Combined TRACON& Tower with Radar,0,37,58,20,115,0,2,30,0,32,0,39,88,20,147,24,34,58,205
08/26/2006,MLU,LA,ASW,CE,Combined TRACON& Tower with Radar,0,22,26,0,48,0,1,42,0,43,0,23,68,0,91,6,0,6,97
08/27/2006,MLU,LA,ASW,CE,Combined TRACON& Tower with Radar,0,27,23,0,50,0,0,12,0,12,0,27,35,0,62,18,0,18,80
08/28/2006,MLU,LA,ASW,CE,Combined TRACON& Tower with Radar,0,36,19,9,64,0,0,32,2,34,0,36,51,11,98,14,0,14,112
08/29/2006,MLU,LA,ASW,CE,Combined TRACON& Tower with Radar,0,30,34,34,98,0,0,21,11,32,0,30,55,45,130,18,12,30,160
08/30/2006,MLU,LA,ASW,CE,Combined TRACON& Tower with Radar,0,35,43,35,113,0,0,64,11,75,0,35,107,46,188,16,8,24,212
08/31/2006,MLU,LA,ASW,CE,Combined TRACON& Tower with Radar,0,34,43,27,104,0,0,43,16,59,0,34,86,43,163,38,0,38,201
09/01/2006,MLU,LA,ASW,CE,Combined TRACON& Tower with Radar,0,35,39,4,78,0,1,33,2,36,0,36,72,6,114,34,28,62,176
09/02/2006,MLU,LA,ASW,CE,Combined TRACON& Tower with Radar,0,23,12,0,35,0,2,35,1,38,0,25,47,1,73,14,0,14,87
09/03/2006,MLU,LA,ASW,CE,Combined TRACON& Tower with Radar,0,28,14,1,43,0,5,5,0,10,0,33,19,1,53,24,0,24,77
09/04/2006,MLU,LA,ASW,CE,Combined TRACON& Tower with Radar,0,25,18,0,43,0,0,40,0,40,0,25,58,0,83,24,0,24,107
09/05/2006,MLU,LA,ASW,CE,Combined TRACON& Tower with Radar,0,34,28,28,90,0,1,29,3,33,0,35,57,31,123,20,0,20,143
09/06/2006,MLU,LA,ASW,CE,Combined TRACON& Tower with Radar,0,34,29,36,99,0,0,30,9,39,0,34,59,45,138,66,10,76,214
09/07/2006,MLU,LA,ASW,CE,Combined TRACON& Tower with Radar,0,33,29,42,104,0,0,40,11,51,0,33,69,53,155,90,42,132,287
09/08/2006,MLU,LA,ASW,CE,Combined TRACON& Tower with Radar,2,32,45,26,105,0,2,38,19,59,2,34,83,45,164,46,22,68,232
09/09/2006,MLU,LA,ASW,CE,Combined TRACON& Tower with Radar,0,20,26,0,46,0,0,0,0,0,0,20,26,0,46,6,0,6,52
09/10/2006,MLU,LA,ASW,CE,Combined TRACON& Tower with Radar,0,28,22,4,54,0,0,21,8,29,0,28,43,12,83,14,0,14,97
09/11/2006,MLU,LA,ASW,CE,Combined TRACON& Tower with Radar,0,32,26,16,74,0,2,47,0,49,0,34,73,16,123,42,26,68,191
09/12/2006,MLU,LA,ASW,CE,Combined TRACON& Tower with Radar,0,36,41,21,98,0,0,22,8,30,0,36,63,29,128,28,22,50,178
09/13/2006,MLU,LA,ASW,CE,Combined TRACON& Tower with Radar,0,34,36,33,103,0,2,41,27,70,0,36,77,60,173,38,6,44,217
09/14/2006,MLU,LA,ASW,CE,Combined TRACON& Tower with Radar,0,35,32,15,82,0,0,72,14,86,0,35,104,29,168,62,6,68,236
09/15/2006,MLU,LA,ASW,CE,Combined TRACON& Tower with Radar,0,37,30,22,89,0,0,41,0,41,0,37,71,22,130,62,62,124,254
09/16/2006,MLU,LA,ASW,CE,Combined TRACON& Tower with Radar,0,16,23,0,39,0,0,44,0,44,0,16,67,0,83,24,0,24,107
09/17/2006,MLU,LA,ASW,CE,Combined TRACON& Tower with Radar,0,26,19,4,49,0,0,5,3,8,0,26,24,7,57,2,0,2,59
09/18/2006,MLU,LA,ASW,CE,Combined TRACON& Tower with Radar,0,33,14,21,68,0,1,18,10,29,0,34,32,31,97,22,22,44,141
09/19/2006,MLU,LA,ASW,CE,Combined TRACON& Tower with Radar,0,35,28,49,112,0,0,52,44,96,0,35,80,93,208,30,66,96,304
09/20/2006,MLU,LA,ASW,CE,Combined TRACON& Tower with Radar,0,32,32,5,69,0,4,56,0,60,0,36,88,5,129,58,0,58,187
09/21/2006,MLU,LA,ASW,CE,Combined TRACON& Tower with Radar,0,33,24,8,65,0,0,24,3,27,0,33,48,11,92,20,12,32,124
09/22/2006,MLU,LA,ASW,CE,Combined TRACON& Tower with Radar,0,34,19,21,74,0,0,17,6,23,0,34,36,27,97,0,38,38,135
09/23/2006,MLU,LA,ASW,CE,Combined TRACON& Tower with Radar,2,20,20,1,43,0,0,4,2,6,2,20,24,3,49,20,0,20,69
09/24/2006,MLU,LA,ASW,CE,Combined TRACON& Tower with Radar,0,26,28,6,60,0,0,25,2,27,0,26,53,8,87,26,0,26,113
09/25/2006,MLU,LA,ASW,CE,Combined TRACON& Tower with Radar,0,32,42,29,103,0,3,33,10,46,0,35,75,39,149,2,30,32,181
09/26/2006,MLU,LA,ASW,CE,Combined TRACON& Tower with Radar,0,35,37,46,118,0,2,46,12,60,0,37,83,58,178,16,32,48,226
09/27/2006,MLU,LA,ASW,CE,Combined TRACON& Tower with Radar,0,34,42,7,83,0,0,51,8,59,0,34,93,15,142,22,10,32,174
09/28/2006,MLU,LA,ASW,CE,Combined TRACON& Tower with Radar,0,36,22,4,62,0,0,34,2,36,0,36,56,6,98,20,0,20,118
09/29/2006,MLU,LA,ASW,CE,Combined TRACON& Tower with Radar,1,38,22,1,62,0,2,80,1,83,1,40,102,2,145,56,0,56,201
09/30/2006,MLU,LA,ASW,CE,Combined TRACON& Tower with Radar,0,20,18,0,38,1,0,36,0,37,1,20,54,0,75,8,0,8,83
10/01/2006,MLU,LA,ASW,CE,Combined TRACON& Tower with Radar,0,28,31,0,59,0,1,48,3,52,0,29,79,3,111,14,6,20,131
10/02/2006,MLU,LA,ASW,CE,Combined TRACON& Tower with Radar,0,35,33,60,128,0,4,43,21,68,0,39,76,81,196,34,44,78,274
10/03/2006,MLU,LA,ASW,CE,Combined TRACON& Tower with Radar,0,32,58,42,132,0,0,35,13,48,0,32,93,55,180,22,38,60,240
10/04/2006,MLU,LA,ASW,CE,Combined TRACON& Tower with Radar,0,31,37,54,122,0,0,45,15,60,0,31,82,69,182,4,40,44,226
10/05/2006,MLU,LA,ASW,CE,Combined TRACON& Tower with Radar,0,34,34,45,113,0,0,51,3,54,0,34,85,48,167,40,12,52,219
10/06/2006,MLU,LA,ASW,CE,Combined TRACON& Tower with Radar,0,36,30,40,106,0,0,54,18,72,0,36,84,58,178,16,0,16,194
10/07/2006,MLU,LA,ASW,CE,Combined TRACON& Tower with Radar,0,23,16,0,39,0,0,48,0,48,0,23,64,0,87,22,0,22,109
10/08/2006,MLU,LA,ASW,CE,Combined TRACON& Tower with Radar,0,27,21,0,48,0,0,43,0,43,0,27,64,0,91,72,0,72,163
10/09/2006,MLU,LA,ASW,CE,Combined TRACON& Tower with Radar,0,33,41,1,75,0,1,66,1,68,0,34,107,2,143,54,0,54,197
10/10/2006,MLU,LA,ASW,CE,Combined TRACON& Tower with Radar,0,30,42,15,87,0,0,34,1,35,0,30,76,16,122,38,0,38,160
10/11/2006,MLU,LA,ASW,CE,Combined TRACON& Tower with Radar,0,34,59,31,124,0,0,27,38,65,0,34,86,69,189,66,10,76,265
10/12/2006,MLU,LA,ASW,CE,Combined TRACON& Tower with Radar,0,32,34,40,106,0,3,18,21,42,0,35,52,61,148,22,16,38,186
10/13/2006,MLU,LA,ASW,CE,Combined TRACON& Tower with Radar,2,30,38,46,116,0,7,47,29,83,2,37,85,75,199,42,8,50,249
10/14/2006,MLU,LA,ASW,CE,Combined TRACON& Tower with Radar,1,22,21,2,46,0,0,46,2,48,1,22,67,4,94,76,0,76,170
10/15/2006,MLU,LA,ASW,CE,Combined TRACON& Tower with Radar,0,27,18,4,49,0,0,14,1,15,0,27,32,5,64,4,8,12,76
10/16/2006,MLU,LA,ASW,CE,Combined TRACON& Tower with Radar,0,26,6,0,32,0,0,1,0,1,0,26,7,0,33,0,0,0,33
10/17/2006,MLU,LA,ASW,CE,Combined TRACON& Tower with Radar,0,32,40,51,123,0,0,40,15,55,0,32,80,66,178,30,52,82,260
10/18/2006,MLU,LA,ASW,CE,Combined TRACON& Tower with Radar,0,32,47,61,140,0,0,14,17,31,0,32,61,78,171,56,8,64,235
10/19/2006,MLU,LA,ASW,CE,Combined TRACON& Tower with Radar,0,36,38,27,101,0,1,0,9,10,0,37,38,36,111,0,0,0,111
10/20/2006,MLU,LA,ASW,CE,Combined TRACON& Tower with Radar,2,31,45,29,107,0,1,72,8,81,2,32,117,37,188,36,84,120,308
10/21/2006,MLU,LA,ASW,CE,Combined TRACON& Tower with Radar,0,22,22,5,49,1,0,57,5,63,1,22,79,10,112,104,12,116,228
10/22/2006,MLU,LA,ASW,CE,Combined TRACON& Tower with Radar,0,23,21,0,44,0,0,30,5,35,0,23,51,5,79,0,0,0,79
10/23/2006,MLU,LA,ASW,CE,Combined TRACON& Tower with Radar,0,31,32,33,96,0,4,39,11,54,0,35,71,44,150,48,0,48,198
10/24/2006,MLU,LA,ASW,CE,Combined TRACON& Tower with Radar,0,30,34,19,83,0,0,57,6,63,0,30,91,25,146,76,2,78,224
10/25/2006,MLU,LA,ASW,CE,Combined TRACON& Tower with Radar,0,35,26,10,71,0,0,12,5,17,0,35,38,15,88,18,0,18,106
10/26/2006,MLU,LA,ASW,CE,Combined TRACON& Tower with Radar,0,28,28,9,65,0,0,12,3,15,0,28,40,12,80,0,0,0,80
10/27/2006,MLU,LA,ASW,CE,Combined TRACON& Tower with Radar,0,33,29,31,93,0,0,30,19,49,0,33,59,50,142,4,54,58,200
10/28/2006,MLU,LA,ASW,CE,Combined TRACON& Tower with Radar,0,21,21,0,42,0,0,68,2,70,0,21,89,2,112,154,0,154,266
10/29/2006,MLU,LA,ASW,CE,Combined TRACON& Tower with Radar,0,27,21,3,51,0,1,51,10,62,0,28,72,13,113,56,2,58,171
10/30/2006,MLU,LA,ASW,CE,Combined TRACON& Tower with Radar,0,29,20,37,86,0,0,46,5,51,0,29,66,42,137,28,30,58,195
10/31/2006,MLU,LA,ASW,CE,Combined TRACON& Tower with Radar,0,32,36,20,88,0,7,21,5,33,0,39,57,25,121,42,4,46,167
11/01/2006,MLU,LA,ASW,CE,Combined TRACON& Tower with Radar,0,35,28,9,72,0,0,0,6,6,0,35,28,15,78,0,0,0,78
11/02/2006,MLU,LA,ASW,CE,Combined TRACON& Tower with Radar,0,33,42,26,101,0,1,50,13,64,0,34,92,39,165,2,36,38,203
11/03/2006,MLU,LA,ASW,CE,Combined TRACON& Tower with Radar,0,33,29,24,86,0,2,68,7,77,0,35,97,31,163,22,0,22,185
11/04/2006,MLU,LA,ASW,CE,Combined TRACON& Tower with Radar,0,22,14,5,41,0,0,57,1,58,0,22,71,6,99,96,0,96,195
11/05/2006,MLU,LA,ASW,CE,Combined TRACON& Tower with Radar,0,27,19,6,52,0,0,86,6,92,0,27,105,12,144,248,6,254,398
11/06/2006,MLU,LA,ASW,CE,Combined TRACON& Tower with Radar,0,25,15,0,40,0,0,10,0,10,0,25,25,0,50,0,0,0,50
11/07/2006,MLU,LA,ASW,CE,Combined TRACON& Tower with Radar,0,33,34,9,76,0,0,66,4,70,0,33,100,13,146,342,4,346,492
11/08/2006,MLU,LA,ASW,CE,Combined TRACON& Tower with Radar,1,37,25,10,73,0,1,55,0,56,1,38,80,10,129,90,10,100,229
11/09/2006,MLU,LA,ASW,CE,Combined TRACON& Tower with Radar,0,35,19,1,55,0,0,84,4,88,0,35,103,5,143,70,0,70,213
11/10/2006,MLU,LA,ASW,CE,Combined TRACON& Tower with Radar,1,31,27,0,59,0,0,70,0,70,1,31,97,0,129,20,0,20,149
11/11/2006,MLU,LA,ASW,CE,Combined TRACON& Tower with Radar,0,22,16,0,38,0,0,44,0,44,0,22,60,0,82,8,0,8,90
11/12/2006,MLU,LA,ASW,CE,Combined TRACON& Tower with Radar,0,28,18,1,47,0,0,45,0,45,0,28,63,1,92,6,0,6,98
11/13/2006,MLU,LA,ASW,CE,Combined TRACON& Tower with Radar,0,30,28,8,66,0,0,24,0,24,0,30,52,8,90,48,2,50,140
11/14/2006,MLU,LA,ASW,CE,Combined TRACON& Tower with Radar,0,36,27,1,64,0,0,11,0,11,0,36,38,1,75,26,0,26,101
11/15/2006,MLU,LA,ASW,CE,Combined TRACON& Tower with Radar,0,28,25,8,61,0,0,5,0,5,0,28,30,8,66,0,0,0,66
11/16/2006,MLU,LA,ASW,CE,Combined TRACON& Tower with Radar,0,36,39,11,86,0,1,42,3,46,0,37,81,14,132,14,16,30,162
11/17/2006,MLU,LA,ASW,CE,Combined TRACON& Tower with Radar,2,32,17,1,52,0,0,41,0,41,2,32,58,1,93,52,0,52,145
11/18/2006,MLU,LA,ASW,CE,Combined TRACON& Tower with Radar,2,24,17,0,43,0,0,29,0,29,2,24,46,0,72,20,0,20,92
11/19/2006,MLU,LA,ASW,CE,Combined TRACON& Tower with Radar,0,25,18,4,47,0,0,20,2,22,0,25,38,6,69,0,0,0,69
11/20/2006,MLU,LA,ASW,CE,Combined TRACON& Tower with Radar,0,24,28,0,52,0,0,18,0,18,0,24,46,0,70,22,0,22,92
11/21/2006,MLU,LA,ASW,CE,Combined TRACON& Tower with Radar,0,36,25,0,61,0,2,30,2,34,0,38,55,2,95,14,0,14,109
11/22/2006,MLU,LA,ASW,CE,Combined TRACON& Tower with Radar,0,38,36,0,74,0,0,34,0,34,0,38,70,0,108,34,0,34,142
11/23/2006,MLU,LA,ASW,CE,Combined TRACON& Tower with Radar,0,17,14,0,31,0,0,15,0,15,0,17,29,0,46,0,0,0,46
11/24/2006,MLU,LA,ASW,CE,Combined TRACON& Tower with Radar,0,29,17,0,46,0,2,30,0,32,0,31,47,0,78,16,0,16,94
11/25/2006,MLU,LA,ASW,CE,Combined TRACON& Tower with Radar,0,25,8,0,33,0,0,21,0,21,0,25,29,0,54,16,0,16,70
11/26/2006,MLU,LA,ASW,CE,Combined TRACON& Tower with Radar,0,31,25,0,56,0,0,38,0,38,0,31,63,0,94,24,0,24,118
11/27/2006,MLU,LA,ASW,CE,Combined TRACON& Tower with Radar,0,32,0,0,32,35,14,0,0,49,35,46,0,0,81,26,0,26,107
11/28/2006,MLU,LA,ASW,CE,Combined TRACON& Tower with Radar,0,39,42,0,81,0,0,19,0,19,0,39,61,0,100,10,0,10,110
11/29/2006,MLU,LA,ASW,CE,Combined TRACON& Tower with Radar,0,33,35,6,74,0,2,21,6,29,0,35,56,12,103,14,0,14,117
11/30/2006,MLU,LA,ASW,CE,Combined TRACON& Tower with Radar,0,31,17,2,50,0,0,7,2,9,0,31,24,4,59,2,10,12,71
12/01/2006,MLU,LA,ASW,CE,Combined TRACON& Tower with Radar,0,34,23,16,73,0,0,35,7,42,0,34,58,23,115,16,0,16,131
12/02/2006,MLU,LA,ASW,CE,Combined TRACON& Tower with Radar,0,22,15,0,37,0,1,34,1,36,0,23,49,1,73,28,0,28,101
12/03/2006,MLU,LA,ASW,CE,Combined TRACON& Tower with Radar,0,26,10,3,39,0,0,21,1,22,0,26,31,4,61,2,12,14,75
12/04/2006,MLU,LA,ASW,CE,Combined TRACON& Tower with Radar,0,32,29,0,61,0,0,26,1,27,0,32,55,1,88,2,0,2,90
12/05/2006,MLU,LA,ASW,CE,Combined TRACON& Tower with Radar,0,34,33,3,70,0,10,31,4,45,0,44,64,7,115,54,24,78,193
12/06/2006,MLU,LA,ASW,CE,Combined TRACON& Tower with Radar,0,25,30,0,55,0,0,19,0,19,0,25,49,0,74,16,0,16,90
12/07/2006,MLU,LA,ASW,CE,Combined TRACON& Tower with Radar,0,36,31,0,67,0,2,35,4,41,0,38,66,4,108,4,0,4,112
12/08/2006,MLU,LA,ASW,CE,Combined TRACON& Tower with Radar,0,35,38,2,75,0,0,25,0,25,0,35,63,2,100,8,0,8,108
12/09/2006,MLU,LA,ASW,CE,Combined TRACON& Tower with Radar,0,22,4,0,26,0,1,30,0,31,0,23,34,0,57,26,0,26,83
12/10/2006,MLU,LA,ASW,CE,Combined TRACON& Tower with Radar,0,27,22,0,49,0,0,38,0,38,0,27,60,0,87,50,0,50,137
12/11/2006,MLU,LA,ASW,CE,Combined TRACON& Tower with Radar,0,32,4,3,39,0,0,44,3,47,0,32,48,6,86,24,8,32,118
12/12/2006,MLU,LA,ASW,CE,Combined TRACON& Tower with Radar,0,31,40,2,73,0,1,35,2,38,0,32,75,4,111,16,0,16,127
12/13/2006,MLU,LA,ASW,CE,Combined TRACON& Tower with Radar,0,36,49,0,85,0,2,33,0,35,0,38,82,0,120,14,0,14,134
12/14/2006,MLU,LA,ASW,CE,Combined TRACON& Tower with Radar,0,30,32,0,62,0,2,30,0,32,0,32,62,0,94,4,0,4,98
12/15/2006,MLU,LA,ASW,CE,Combined TRACON& Tower with Radar,0,29,44,1,74,0,0,0,0,0,0,29,44,1,74,0,0,0,74
12/16/2006,MLU,LA,ASW,CE,Combined TRACON& Tower with Radar,0,19,18,0,37,0,0,37,1,38,0,19,55,1,75,28,0,28,103
12/17/2006,MLU,LA,ASW,CE,Combined TRACON& Tower with Radar,0,24,21,3,48,0,0,17,2,19,0,24,38,5,67,14,0,14,81
12/18/2006,MLU,LA,ASW,CE,Combined TRACON& Tower with Radar,0,33,26,0,59,0,0,4,0,4,0,33,30,0,63,0,0,0,63
12/19/2006,MLU,LA,ASW,CE,Combined TRACON& Tower with Radar,0,12,12,0,24,0,0,9,0,9,0,12,21,0,33,0,0,0,33
12/20/2006,MLU,LA,ASW,CE,Combined TRACON& Tower with Radar,0,29,33,0,62,0,4,1,0,5,0,33,34,0,67,0,0,0,67
12/21/2006,MLU,LA,ASW,CE,Combined TRACON& Tower with Radar,0,31,39,0,70,0,1,0,0,1,0,32,39,0,71,0,0,0,71
12/22/2006,MLU,LA,ASW,CE,Combined TRACON& Tower with Radar,0,34,12,0,46,0,2,48,0,50,0,36,60,0,96,10,0,10,106
12/23/2006,MLU,LA,ASW,CE,Combined TRACON& Tower with Radar,0,26,19,0,45,0,0,22,0,22,0,26,41,0,67,6,0,6,73
12/24/2006,MLU,LA,ASW,CE,Combined TRACON& Tower with Radar,0,21,5,0,26,0,0,4,0,4,0,21,9,0,30,0,0,0,30
12/25/2006,MLU,LA,ASW,CE,Combined TRACON& Tower with Radar,0,23,4,0,27,0,0,0,0,0,0,23,4,0,27,0,0,0,27
12/26/2006,MLU,LA,ASW,CE,Combined TRACON& Tower with Radar,0,34,12,3,49,0,0,29,0,29,0,34,41,3,78,0,0,0,78
12/27/2006,MLU,LA,ASW,CE,Combined TRACON& Tower with Radar,0,35,27,0,62,0,1,23,0,24,0,36,50,0,86,24,0,24,110
12/28/2006,MLU,LA,ASW,CE,Combined TRACON& Tower with Radar,0,35,13,0,48,0,0,30,0,30,0,35,43,0,78,18,0,18,96
12/29/2006,MLU,LA,ASW,CE,Combined TRACON& Tower with Radar,0,32,21,2,55,0,0,17,0,17,0,32,38,2,72,28,0,28,100
12/30/2006,MLU,LA,ASW,CE,Combined TRACON& Tower with Radar,0,15,5,0,20,0,2,0,0,2,0,17,5,0,22,0,0,0,22
12/31/2006,MLU,LA,ASW,CE,Combined TRACON& Tower with Radar,0,23,11,0,34,0,1,13,0,14,0,24,24,0,48,9,0,9,57
01/01/2007,MLU,LA,ASW,CE,Combined TRACON& Tower with Radar,0,25,12,0,37,0,1,13,0,14,0,26,25,0,51,14,0,14,65
01/02/2007,MLU,LA,ASW,CE,Combined TRACON& Tower with Radar,0,34,19,0,53,0,2,30,0,32,0,36,49,0,85,28,0,28,113
01/03/2007,MLU,LA,ASW,CE,Combined TRACON& Tower with Radar,0,39,23,0,62,0,0,40,0,40,0,39,63,0,102,16,0,16,118
01/04/2007,MLU,LA,ASW,CE,Combined TRACON& Tower with Radar,0,33,13,0,46,0,0,1,0,1,0,33,14,0,47,0,0,0,47
01/05/2007,MLU,LA,ASW,CE,Combined TRACON& Tower with Radar,0,32,24,8,64,0,1,14,2,17,0,33,38,10,81,8,0,8,89
01/06/2007,MLU,LA,ASW,CE,Combined TRACON& Tower with Radar,0,22,18,0,40,0,0,42,0,42,0,22,60,0,82,60,0,60,142
01/07/2007,MLU,LA,ASW,CE,Combined TRACON& Tower with Radar,0,30,35,1,66,0,0,12,0,12,0,30,47,1,78,6,0,6,84
01/08/2007,MLU,LA,ASW,CE,Combined TRACON& Tower with Radar,0,35,13,0,48,0,4,39,0,43,0,39,52,0,91,32,0,32,123
01/09/2007,MLU,LA,ASW,CE,Combined TRACON& Tower with Radar,0,31,22,0,53,0,0,45,8,53,0,31,67,8,106,0,0,0,106
01/10/2007,MLU,LA,ASW,CE,Combined TRACON& Tower with Radar,0,39,45,1,85,0,3,56,1,60,0,42,101,2,145,50,12,62,207
01/11/2007,MLU,LA,ASW,CE,Combined TRACON& Tower with Radar,0,33,27,0,60,0,0,23,4,27,0,33,50,4,87,6,0,6,93
01/12/2007,MLU,LA,ASW,CE,Combined TRACON& Tower with Radar,0,31,41,0,72,0,0,4,0,4,0,31,45,0,76,0,0,0,76
01/13/2007,MLU,LA,ASW,CE,Combined TRACON& Tower with Radar,0,19,11,0,30,0,0,1,0,1,0,19,12,0,31,0,0,0,31
01/14/2007,MLU,LA,ASW,CE,Combined TRACON& Tower with Radar,0,24,12,0,36,0,0,3,0,3,0,24,15,0,39,8,0,8,47
01/15/2007,MLU,LA,ASW,CE,Combined TRACON& Tower with Radar,0,25,11,0,36,0,1,0,0,1,0,26,11,0,37,0,0,0,37
01/16/2007,MLU,LA,ASW,CE,Combined TRACON& Tower with Radar,0,32,17,0,49,0,0,24,0,24,0,32,41,0,73,12,0,12,85
01/17/2007,MLU,LA,ASW,CE,Combined TRACON& Tower with Radar,0,28,16,0,44,0,0,2,0,2,0,28,18,0,46,0,0,0,46
01/18/2007,MLU,LA,ASW,CE,Combined TRACON& Tower with Radar,0,32,36,0,68,0,0,12,1,13,0,32,48,1,81,10,0,10,91
01/19/2007,MLU,LA,ASW,CE,Combined TRACON& Tower with Radar,0,38,29,6,73,0,2,30,1,33,0,40,59,7,106,14,0,14,120
01/20/2007,MLU,LA,ASW,CE,Combined TRACON& Tower with Radar,0,22,14,2,38,0,0,9,2,11,0,22,23,4,49,0,0,0,49
01/21/2007,MLU,LA,ASW,CE,Combined TRACON& Tower with Radar,0,22,8,0,30,0,0,6,0,6,0,22,14,0,36,4,0,4,40
01/22/2007,MLU,LA,ASW,CE,Combined TRACON& Tower with Radar,0,39,27,1,67,0,7,32,1,40,0,46,59,2,107,46,0,46,153
01/23/2007,MLU,LA,ASW,CE,Combined TRACON& Tower with Radar,0,34,31,1,66,0,7,30,1,38,0,41,61,2,104,36,0,36,140
01/24/2007,MLU,LA,ASW,CE,Combined TRACON& Tower with Radar,0,35,27,0,62,0,0,51,0,51,0,35,78,0,113,24,0,24,137
01/25/2007,MLU,LA,ASW,CE,Combined TRACON& Tower with Radar,0,36,27,1,64,0,12,37,5,54,0,48,64,6,118,82,0,82,200
01/26/2007,MLU,LA,ASW,CE,Combined TRACON& Tower with Radar,0,36,23,0,59,0,9,28,3,40,0,45,51,3,99,64,0,64,163
01/27/2007,MLU,LA,ASW,CE,Combined TRACON& Tower with Radar,0,23,7,0,30,0,2,2,0,4,0,25,9,0,34,0,0,0,34
01/28/2007,MLU,LA,ASW,CE,Combined TRACON& Tower with Radar,0,30,21,0,51,0,1,25,0,26,0,31,46,0,77,2,0,2,79
01/29/2007,MLU,LA,ASW,CE,Combined TRACON& Tower with Radar,0,40,19,0,59,0,0,40,0,40,0,40,59,0,99,16,0,16,115
01/30/2007,MLU,LA,ASW,CE,Combined TRACON& Tower with Radar,0,34,23,1,58,0,0,45,6,51,0,34,68,7,109,46,0,46,155
01/31/2007,MLU,LA,ASW,CE,Combined TRACON& Tower with Radar,0,37,33,3,73,0,0,24,5,29,0,37,57,8,102,32,12,44,146
02/01/2007,MLU,LA,ASW,CE,Combined TRACON& Tower with Radar,0,30,21,0,51,0,2,0,0,2,0,32,21,0,53,0,0,0,53
02/02/2007,MLU,LA,ASW,CE,Combined TRACON& Tower with Radar,0,35,9,1,45,0,1,21,1,23,0,36,30,2,68,38,0,38,106
02/03/2007,MLU,LA,ASW,CE,Combined TRACON& Tower with Radar,0,23,13,0,36,0,0,25,0,25,0,23,38,0,61,24,0,24,85
02/04/2007,MLU,LA,ASW,CE,Combined TRACON& Tower with Radar,0,27,12,0,39,0,0,31,0,31,0,27,43,0,70,10,0,10,80
02/05/2007,MLU,LA,ASW,CE,Combined TRACON& Tower with Radar,0,33,34,2,69,0,5,33,10,48,0,38,67,12,117,66,6,72,189
02/06/2007,MLU,LA,ASW,CE,Combined TRACON& Tower with Radar,0,33,45,0,78,0,30,37,0,67,0,63,82,0,145,49,0,49,194
02/07/2007,MLU,LA,ASW,CE,Combined TRACON& Tower with Radar,0,36,30,0,66,0,1,33,1,35,0,37,63,1,101,30,0,30,131
02/08/2007,MLU,LA,ASW,CE,Combined TRACON& Tower with Radar,0,39,24,0,63,0,0,19,0,19,0,39,43,0,82,28,0,28,110
02/09/2007,MLU,LA,ASW,CE,Combined TRACON& Tower with Radar,0,40,23,0,63,0,0,1,0,1,0,40,24,0,64,0,0,0,64
02/10/2007,MLU,LA,ASW,CE,Combined TRACON& Tower with Radar,0,23,18,10,51,0,0,33,4,37,0,23,51,14,88,10,0,10,98
02/11/2007,MLU,LA,ASW,CE,Combined TRACON& Tower with Radar,0,29,14,0,43,0,0,21,0,21,0,29,35,0,64,24,0,24,88
02/12/2007,MLU,LA,ASW,CE,Combined TRACON& Tower with Radar,0,33,16,0,49,0,0,32,0,32,0,33,48,0,81,30,0,30,111
02/13/2007,MLU,LA,ASW,CE,Combined TRACON& Tower with Radar,0,36,21,0,57,0,0,13,0,13,0,36,34,0,70,0,0,0,70
02/14/2007,MLU,LA,ASW,CE,Combined TRACON& Tower with Radar,0,43,29,0,72,0,0,21,0,21,0,43,50,0,93,18,0,18,111
02/15/2007,MLU,LA,ASW,CE,Combined TRACON& Tower with Radar,0,41,28,0,69,0,1,44,2,47,0,42,72,2,116,78,0,78,194
02/16/2007,MLU,LA,ASW,CE,Combined TRACON& Tower with Radar,0,40,24,0,64,0,0,48,0,48,0,40,72,0,112,32,0,32,144
02/17/2007,MLU,LA,ASW,CE,Combined TRACON& Tower with Radar,0,21,18,0,39,0,0,12,0,12,0,21,30,0,51,0,0,0,51
02/18/2007,MLU,LA,ASW,CE,Combined TRACON& Tower with Radar,0,29,13,0,42,0,0,41,0,41,0,29,54,0,83,6,0,6,89
02/19/2007,MLU,LA,ASW,CE,Combined TRACON& Tower with Radar,0,35,20,0,55,0,3,20,0,23,0,38,40,0,78,6,0,6,84
02/20/2007,MLU,LA,ASW,CE,Combined TRACON& Tower with Radar,0,36,27,0,63,0,0,16,0,16,0,36,43,0,79,16,0,16,95
02/21/2007,MLU,LA,ASW,CE,Combined TRACON& Tower with Radar,0,40,34,0,74,0,1,46,0,47,0,41,80,0,121,32,0,32,153
02/22/2007,MLU,LA,ASW,CE,Combined TRACON& Tower with Radar,0,39,22,0,61,0,1,39,0,40,0,40,61,0,101,80,0,80,181
02/23/2007,MLU,LA,ASW,CE,Combined TRACON& Tower with Radar,0,42,32,11,85,0,1,46,3,50,0,43,78,14,135,48,10,58,193
02/24/2007,MLU,LA,ASW,CE,Combined TRACON& Tower with Radar,0,14,3,1,18,0,0,1,1,2,0,14,4,2,20,0,0,0,20
02/25/2007,MLU,LA,ASW,CE,Combined TRACON& Tower with Radar,0,24,11,1,36,0,0,23,1,24,0,24,34,2,60,10,0,10,70
02/26/2007,MLU,LA,ASW,CE,Combined TRACON& Tower with Radar,0,40,42,3,85,0,0,50,4,54,0,40,92,7,139,28,0,28,167
02/27/2007,MLU,LA,ASW,CE,Combined TRACON& Tower with Radar,0,38,31,2,71,0,0,57,2,59,0,38,88,4,130,54,0,54,184
02/28/2007,MLU,LA,ASW,CE,Combined TRACON& Tower with Radar,0,40,40,1,81,0,0,7,4,11,0,40,47,5,92,0,0,0,92
03/01/2007,MLU,LA,ASW,CE,Combined TRACON& Tower with Radar,0,34,11,0,45,0,3,9,1,13,0,37,20,1,58,16,0,16,74
03/02/2007,MLU,LA,ASW,CE,Combined TRACON& Tower with Radar,0,35,25,12,72,0,1,43,15,59,0,36,68,27,131,20,0,20,151
03/03/2007,MLU,LA,ASW,CE,Combined TRACON& Tower with Radar,0,20,21,4,45,0,2,28,2,32,0,22,49,6,77,10,0,10,87
03/04/2007,MLU,LA,ASW,CE,Combined TRACON& Tower with Radar,0,28,14,7,49,0,0,41,3,44,0,28,55,10,93,14,0,14,107
03/05/2007,MLU,LA,ASW,CE,Combined TRACON& Tower with Radar,0,34,13,0,47,0,0,43,0,43,0,34,56,0,90,106,0,106,196
03/06/2007,MLU,LA,ASW,CE,Combined TRACON& Tower with Radar,0,39,34,0,73,0,3,45,0,48,0,42,79,0,121,26,0,26,147
03/07/2007,MLU,LA,ASW,CE,Combined TRACON& Tower with Radar,0,37,20,0,57,0,3,48,0,51,0,40,68,0,108,50,0,50,158
03/08/2007,MLU,LA,ASW,CE,Combined TRACON& Tower with Radar,0,38,30,2,70,0,1,33,2,36,0,39,63,4,106,32,0,32,138
03/09/2007,MLU,LA,ASW,CE,Combined TRACON& Tower with Radar,0,37,20,0,57,0,3,29,4,36,0,40,49,4,93,8,0,8,101
03/10/2007,MLU,LA,ASW,CE,Combined TRACON& Tower with Radar,0,20,13,0,33,0,0,12,0,12,0,20,25,0,45,4,0,4,49
03/11/2007,MLU,LA,ASW,CE,Combined TRACON& Tower with Radar,0,29,12,0,41,0,0,19,0,19,0,29,31,0,60,14,0,14,74
03/12/2007,MLU,LA,ASW,CE,Combined TRACON& Tower with Radar,0,37,21,0,58,0,0,14,0,14,0,37,35,0,72,10,0,10,82
03/13/2007,MLU,LA,ASW,CE,Combined TRACON& Tower with Radar,0,41,22,2,65,0,0,10,4,14,0,41,32,6,79,32,0,32,111
03/14/2007,MLU,LA,ASW,CE,Combined TRACON& Tower with Radar,0,36,18,4,58,0,6,5,1,12,0,42,23,5,70,0,0,0,70
03/15/2007,MLU,LA,ASW,CE,Combined TRACON& Tower with Radar,0,39,34,3,76,0,0,32,2,34,0,39,66,5,110,12,0,12,122
03/16/2007,MLU,LA,ASW,CE,Combined TRACON& Tower with Radar,0,39,27,0,66,0,0,24,1,25,0,39,51,1,91,0,0,0,91
03/17/2007,MLU,LA,ASW,CE,Combined TRACON& Tower with Radar,0,20,18,2,40,0,0,51,2,53,0,20,69,4,93,34,2,36,129
03/18/2007,MLU,LA,ASW,CE,Combined TRACON& Tower with Radar,0,31,12,0,43,0,0,38,1,39,0,31,50,1,82,8,6,14,96
03/19/2007,MLU,LA,ASW,CE,Combined TRACON& Tower with Radar,0,33,26,0,59,0,0,25,1,26,0,33,51,1,85,22,0,22,107
03/20/2007,MLU,LA,ASW,CE,Combined TRACON& Tower with Radar,0,38,35,8,81,0,0,32,2,34,0,38,67,10,115,58,0,58,173
03/21/2007,MLU,LA,ASW,CE,Combined TRACON& Tower with Radar,0,35,43,1,79,0,0,23,1,24,0,35,66,2,103,14,8,22,125
03/22/2007,MLU,LA,ASW,CE,Combined TRACON& Tower with Radar,0,36,21,0,57,0,0,32,0,32,0,36,53,0,89,54,0,54,143
03/23/2007,MLU,LA,ASW,CE,Combined TRACON& Tower with Radar,0,38,36,9,83,0,0,19,8,27,0,38,55,17,110,10,0,10,120
03/24/2007,MLU,LA,ASW,CE,Combined TRACON& Tower with Radar,0,19,18,0,37,0,0,33,1,34,0,19,51,1,71,2,0,2,73
03/25/2007,MLU,LA,ASW,CE,Combined TRACON& Tower with Radar,0,28,25,6,59,0,0,12,6,18,0,28,37,12,77,6,8,14,91
03/26/2007,MLU,LA,ASW,CE,Combined TRACON& Tower with Radar,0,30,27,0,57,0,0,42,0,42,0,30,69,0,99,58,0,58,157
03/27/2007,MLU,LA,ASW,CE,Combined TRACON& Tower with Radar,0,35,22,1,58,0,0,4,1,5,0,35,26,2,63,0,0,0,63
03/28/2007,MLU,LA,ASW,CE,Combined TRACON& Tower with Radar,0,34,35,2,71,0,0,39,3,42,0,34,74,5,113,56,30,86,199
03/29/2007,MLU,LA,ASW,CE,Combined TRACON& Tower with Radar,0,38,23,0,61,0,0,39,6,45,0,38,62,6,106,110,0,110,216
03/30/2007,MLU,LA,ASW,CE,Combined TRACON& Tower with Radar,0,37,22,4,63,0,1,24,2,27,0,38,46,6,90,0,0,0,90
03/31/2007,MLU,LA,ASW,CE,Combined TRACON& Tower with Radar,0,19,9,0,28,0,0,5,0,5,0,19,14,0,33,0,0,0,33
04/01/2007,MLU,LA,ASW,CE,Combined TRACON& Tower with Radar,0,22,23,0,45,0,0,26,0,26,0,22,49,0,71,46,0,46,117
04/02/2007,MLU,LA,ASW,CE,Combined TRACON& Tower with Radar,0,25,16,0,41,0,0,12,0,12,0,25,28,0,53,16,0,16,69
04/03/2007,MLU,LA,ASW,CE,Combined TRACON& Tower with Radar,0,35,32,0,67,0,0,19,0,19,0,35,51,0,86,10,0,10,96
04/04/2007,MLU,LA,ASW,CE,Combined TRACON& Tower with Radar,0,33,23,6,62,0,0,33,4,37,0,33,56,10,99,4,0,4,103
04/05/2007,MLU,LA,ASW,CE,Combined TRACON& Tower with Radar,0,37,33,1,71,0,0,44,5,49,0,37,77,6,120,14,0,14,134
04/06/2007,MLU,LA,ASW,CE,Combined TRACON& Tower with Radar,0,32,32,0,64,0,3,25,0,28,0,35,57,0,92,12,0,12,104
04/07/2007,MLU,LA,ASW,CE,Combined TRACON& Tower with Radar,0,20,9,7,36,0,0,28,8,36,0,20,37,15,72,2,24,26,98
04/08/2007,MLU,LA,ASW,CE,Combined TRACON& Tower with Radar,0,29,9,0,38,0,0,23,0,23,0,29,32,0,61,14,0,14,75
04/09/2007,MLU,LA,ASW,CE,Combined TRACON& Tower with Radar,0,32,36,0,68,0,1,44,0,45,0,33,80,0,113,18,0,18,131
04/10/2007,MLU,LA,ASW,CE,Combined TRACON& Tower with Radar,0,36,25,0,61,0,1,1,0,2,0,37,26,0,63,0,0,0,63
04/11/2007,MLU,LA,ASW,CE,Combined TRACON& Tower with Radar,0,33,29,0,62,0,1,28,0,29,0,34,57,0,91,20,0,20,111
04/12/2007,MLU,LA,ASW,CE,Combined TRACON& Tower with Radar,0,35,29,1,65,0,2,64,2,68,0,37,93,3,133,46,0,46,179
04/13/2007,MLU,LA,ASW,CE,Combined TRACON& Tower with Radar,0,34,19,5,58,0,3,13,0,16,0,37,32,5,74,30,0,30,104
04/14/2007,MLU,LA,ASW,CE,Combined TRACON& Tower with Radar,0,17,17,0,34,0,0,4,0,4,0,17,21,0,38,0,0,0,38
04/15/2007,MLU,LA,ASW,CE,Combined TRACON& Tower with Radar,0,28,14,1,43,0,0,20,4,24,0,28,34,5,67,0,2,2,69
04/16/2007,MLU,LA,ASW,CE,Combined TRACON& Tower with Radar,0,33,20,4,57,0,4,49,4,57,0,37,69,8,114,34,24,58,172
04/17/2007,MLU,LA,ASW,CE,Combined TRACON& Tower with Radar,0,35,32,5,72,0,1,21,1,23,0,36,53,6,95,36,0,36,131
04/18/2007,MLU,LA,ASW,CE,Combined TRACON& Tower with Radar,0,34,30,15,79,0,2,25,9,36,0,36,55,24,115,26,24,50,165
04/19/2007,MLU,LA,ASW,CE,Combined TRACON& Tower with Radar,0,37,37,5,79,0,2,51,6,59,0,39,88,11,138,52,10,62,200
04/20/2007,MLU,LA,ASW,CE,Combined TRACON& Tower with Radar,0,32,17,0,49,0,0,42,2,44,0,32,59,2,93,58,0,58,151
04/21/2007,MLU,LA,ASW,CE,Combined TRACON& Tower with Radar,0,17,8,0,25,0,0,26,0,26,0,17,34,0,51,24,0,24,75
04/22/2007,MLU,LA,ASW,CE,Combined TRACON& Tower with Radar,0,27,14,0,41,0,2,19,0,21,0,29,33,0,62,10,0,10,72
04/23/2007,MLU,LA,ASW,CE,Combined TRACON& Tower with Radar,0,32,36,0,68,0,0,12,0,12,0,32,48,0,80,12,0,12,92
04/24/2007,MLU,LA,ASW,CE,Combined TRACON& Tower with Radar,0,32,26,1,59,0,0,17,1,18,0,32,43,2,77,30,0,30,107
04/25/2007,MLU,LA,ASW,CE,Combined TRACON& Tower with Radar,0,25,18,1,44,0,1,1,1,3,0,26,19,2,47,0,0,0,47
04/26/2007,MLU,LA,ASW,CE,Combined TRACON& Tower with Radar,0,33,32,0,65,0,1,41,4,46,0,34,73,4,111,4,0,4,115
04/27/2007,MLU,LA,ASW,CE,Combined TRACON& Tower with Radar,0,35,33,0,68,0,1,52,2,55,0,36,85,2,123,0,0,0,123
04/28/2007,MLU,LA,ASW,CE,Combined TRACON& Tower with Radar,0,23,16,1,40,0,0,33,1,34,0,23,49,2,74,0,0,0,74
04/29/2007,MLU,LA,ASW,CE,Combined TRACON& Tower with Radar,0,24,23,2,49,0,0,17,2,19,0,24,40,4,68,18,0,18,86
04/30/2007,MLU,LA,ASW,CE,Combined TRACON& Tower with Radar,0,29,30,0,59,0,2,36,0,38,0,31,66,0,97,20,0,20,117
05/01/2007,MLU,LA,ASW,CE,Combined TRACON& Tower with Radar,0,36,29,3,68,0,4,26,3,33,0,40,55,6,101,2,0,2,103
05/02/2007,MLU,LA,ASW,CE,Combined TRACON& Tower with Radar,0,37,37,0,74,0,0,17,0,17,0,37,54,0,91,4,0,4,95
05/03/2007,MLU,LA,ASW,CE,Combined TRACON& Tower with Radar,0,32,32,0,64,0,0,10,0,10,0,32,42,0,74,10,0,10,84
05/04/2007,MLU,LA,ASW,CE,Combined TRACON& Tower with Radar,0,36,33,0,69,0,0,12,1,13,0,36,45,1,82,24,0,24,106
05/05/2007,MLU,LA,ASW,CE,Combined TRACON& Tower with Radar,0,17,16,0,33,0,0,6,0,6,0,17,22,0,39,0,0,0,39
05/06/2007,MLU,LA,ASW,CE,Combined TRACON& Tower with Radar,0,33,15,15,63,0,0,42,5,47,0,33,57,20,110,46,2,48,158
05/07/2007,MLU,LA,ASW,CE,Combined TRACON& Tower with Radar,0,35,17,0,52,0,2,10,0,12,0,37,27,0,64,12,0,12,76
05/08/2007,MLU,LA,ASW,CE,Combined TRACON& Tower with Radar,0,37,33,0,70,0,0,3,1,4,0,37,36,1,74,2,0,2,76
05/09/2007,MLU,LA,ASW,CE,Combined TRACON& Tower with Radar,0,36,35,1,72,0,0,34,1,35,0,36,69,2,107,32,0,32,139
05/10/2007,MLU,LA,ASW,CE,Combined TRACON& Tower with Radar,0,35,42,0,77,0,0,50,0,50,0,35,92,0,127,28,0,28,155
05/11/2007,MLU,LA,ASW,CE,Combined TRACON& Tower with Radar,0,37,29,0,66,0,0,30,0,30,0,37,59,0,96,24,0,24,120
05/12/2007,MLU,LA,ASW,CE,Combined TRACON& Tower with Radar,0,20,16,0,36,0,0,39,0,39,0,20,55,0,75,6,0,6,81
05/13/2007,MLU,LA,ASW,CE,Combined TRACON& Tower with Radar,0,30,14,4,48,0,1,17,0,18,0,31,31,4,66,12,4,16,82
05/14/2007,MLU,LA,ASW,CE,Combined TRACON& Tower with Radar,0,32,21,0,53,0,3,34,0,37,0,35,55,0,90,68,0,68,158
05/15/2007,MLU,LA,ASW,CE,Combined TRACON& Tower with Radar,0,34,28,0,62,0,0,21,0,21,0,34,49,0,83,10,0,10,93
05/16/2007,MLU,LA,ASW,CE,Combined TRACON& Tower with Radar,0,35,31,0,66,0,1,26,0,27,0,36,57,0,93,44,0,44,137
05/17/2007,MLU,LA,ASW,CE,Combined TRACON& Tower with Radar,0,36,29,1,66,0,0,35,1,36,0,36,64,2,102,0,0,0,102
05/18/2007,MLU,LA,ASW,CE,Combined TRACON& Tower with Radar,0,35,25,0,60,0,3,46,0,49,0,38,71,0,109,24,0,24,133
05/19/2007,MLU,LA,ASW,CE,Combined TRACON& Tower with Radar,0,20,21,0,41,0,0,28,0,28,0,20,49,0,69,6,0,6,75
05/20/2007,MLU,LA,ASW,CE,Combined TRACON& Tower with Radar,0,25,19,4,48,0,0,30,5,35,0,25,49,9,83,4,8,12,95
05/21/2007,MLU,LA,ASW,CE,Combined TRACON& Tower with Radar,0,33,31,0,64,0,0,32,0,32,0,33,63,0,96,32,0,32,128
05/22/2007,MLU,LA,ASW,CE,Combined TRACON& Tower with Radar,0,36,16,0,52,0,2,10,4,16,0,38,26,4,68,16,0,16,84
05/23/2007,MLU,LA,ASW,CE,Combined TRACON& Tower with Radar,0,37,30,2,69,0,0,10,5,15,0,37,40,7,84,42,0,42,126
05/24/2007,MLU,LA,ASW,CE,Combined TRACON& Tower with Radar,0,33,38,0,71,0,2,22,2,26,0,35,60,2,97,6,0,6,103
05/25/2007,MLU,LA,ASW,CE,Combined TRACON& Tower with Radar,0,36,26,0,62,0,0,33,0,33,0,36,59,0,95,0,0,0,95
05/26/2007,MLU,LA,ASW,CE,Combined TRACON& Tower with Radar,0,19,16,0,35,0,0,16,0,16,0,19,32,0,51,10,0,10,61
05/27/2007,MLU,LA,ASW,CE,Combined TRACON& Tower with Radar,0,26,10,0,36,0,0,11,0,11,0,26,21,0,47,0,0,0,47
05/28/2007,MLU,LA,ASW,CE,Combined TRACON& Tower with Radar,0,24,17,0,41,0,0,36,0,36,0,24,53,0,77,64,0,64,141
05/29/2007,MLU,LA,ASW,CE,Combined TRACON& Tower with Radar,0,34,19,0,53,0,0,18,0,18,0,34,37,0,71,44,0,44,115
05/30/2007,MLU,LA,ASW,CE,Combined TRACON& Tower with Radar,0,37,32,0,69,0,0,20,0,20,0,37,52,0,89,50,0,50,139
05/31/2007,MLU,LA,ASW,CE,Combined TRACON& Tower with Radar,0,38,34,1,73,0,0,45,1,46,0,38,79,2,119,66,0,66,185
06/01/2007,MLU,LA,ASW,CE,Combined TRACON& Tower with Radar,0,36,22,0,58,0,0,15,0,15,0,36,37,0,73,0,0,0,73
06/02/2007,MLU,LA,ASW,CE,Combined TRACON& Tower with Radar,0,17,17,1,35,0,0,13,1,14,0,17,30,2,49,32,0,32,81
06/03/2007,MLU,LA,ASW,CE,Combined TRACON& Tower with Radar,0,26,21,0,47,0,0,16,0,16,0,26,37,0,63,8,0,8,71
06/04/2007,MLU,LA,ASW,CE,Combined TRACON& Tower with Radar,0,30,13,0,43,0,0,26,0,26,0,30,39,0,69,42,0,42,111
06/05/2007,MLU,LA,ASW,CE,Combined TRACON& Tower with Radar,0,36,30,0,66,0,0,55,0,55,0,36,85,0,121,28,0,28,149
06/06/2007,MLU,LA,ASW,CE,Combined TRACON& Tower with Radar,0,35,31,6,72,0,5,23,0,28,0,40,54,6,100,10,0,10,110
06/07/2007,MLU,LA,ASW,CE,Combined TRACON& Tower with Radar,0,36,24,11,71,0,1,19,7,27,0,37,43,18,98,2,0,2,100
06/08/2007,MLU,LA,ASW,CE,Combined TRACON& Tower with Radar,0,35,27,11,73,0,3,12,2,17,0,38,39,13,90,18,2,20,110
06/09/2007,MLU,LA,ASW,CE,Combined TRACON& Tower with Radar,0,19,21,2,42,0,0,25,1,26,0,19,46,3,68,6,0,6,74
06/10/2007,MLU,LA,ASW,CE,Combined TRACON& Tower with Radar,0,29,24,0,53,0,0,24,0,24,0,29,48,0,77,2,0,2,79
06/11/2007,MLU,LA,ASW,CE,Combined TRACON& Tower with Radar,0,31,29,20,80,0,1,35,9,45,0,32,64,29,125,48,8,56,181
06/12/2007,MLU,LA,ASW,CE,Combined TRACON& Tower with Radar,0,37,36,9,82,0,10,39,5,54,0,47,75,14,136,52,2,54,190
06/13/2007,MLU,LA,ASW,CE,Combined TRACON& Tower with Radar,0,35,41,10,86,0,6,28,6,40,0,41,69,16,126,20,6,26,152
06/14/2007,MLU,LA,ASW,CE,Combined TRACON& Tower with Radar,0,36,40,15,91,0,0,39,7,46,0,36,79,22,137,0,2,2,139
06/15/2007,MLU,LA,ASW,CE,Combined TRACON& Tower with Radar,0,37,34,0,71,0,0,6,0,6,0,37,40,0,77,0,0,0,77
06/16/2007,MLU,LA,ASW,CE,Combined TRACON& Tower with Radar,0,20,14,0,34,0,0,27,0,27,0,20,41,0,61,18,0,18,79
06/17/2007,MLU,LA,ASW,CE,Combined TRACON& Tower with Radar,0,26,14,8,48,0,0,22,4,26,0,26,36,12,74,0,4,4,78
06/18/2007,MLU,LA,ASW,CE,Combined TRACON& Tower with Radar,0,37,40,13,90,0,0,24,3,27,0,37,64,16,117,20,0,20,137
06/19/2007,MLU,LA,ASW,CE,Combined TRACON& Tower with Radar,0,40,34,0,74,0,1,19,0,20,0,41,53,0,94,0,0,0,94
06/20/2007,MLU,LA,ASW,CE,Combined TRACON& Tower with Radar,0,40,32,33,105,0,0,33,21,54,0,40,65,54,159,16,28,44,203
06/21/2007,MLU,LA,ASW,CE,Combined TRACON& Tower with Radar,0,35,35,36,106,0,0,40,14,54,0,35,75,50,160,50,42,92,252
06/22/2007,MLU,LA,ASW,CE,Combined TRACON& Tower with Radar,0,38,34,26,98,0,3,37,0,40,0,41,71,26,138,32,14,46,184
06/23/2007,MLU,LA,ASW,CE,Combined TRACON& Tower with Radar,0,22,14,2,38,0,0,25,2,27,0,22,39,4,65,16,30,46,111
06/24/2007,MLU,LA,ASW,CE,Combined TRACON& Tower with Radar,0,28,23,0,51,0,0,31,0,31,0,28,54,0,82,4,0,4,86
06/25/2007,MLU,LA,ASW,CE,Combined TRACON& Tower with Radar,0,29,33,7,69,0,1,26,5,32,0,30,59,12,101,6,18,24,125
06/26/2007,MLU,LA,ASW,CE,Combined TRACON& Tower with Radar,0,32,33,4,69,0,5,31,2,38,0,37,64,6,107,8,6,14,121
06/27/2007,MLU,LA,ASW,CE,Combined TRACON& Tower with Radar,0,35,43,19,97,0,0,35,6,41,0,35,78,25,138,16,18,34,172
06/28/2007,MLU,LA,ASW,CE,Combined TRACON& Tower with Radar,0,35,31,22,88,0,0,30,12,42,0,35,61,34,130,24,0,24,154
06/29/2007,MLU,LA,ASW,CE,Combined TRACON& Tower with Radar,0,32,25,26,83,0,6,41,8,55,0,38,66,34,138,30,6,36,174
06/30/2007,MLU,LA,ASW,CE,Combined TRACON& Tower with Radar,0,23,13,7,43,0,0,16,1,17,0,23,29,8,60,28,2,30,90
07/01/2007,MLU,LA,ASW,CE,Combined TRACON& Tower with Radar,0,22,27,1,50,0,0,25,0,25,0,22,52,1,75,40,0,40,115
07/02/2007,MLU,LA,ASW,CE,Combined TRACON& Tower with Radar,0,27,24,4,55,0,0,10,3,13,0,27,34,7,68,52,0,52,120
07/03/2007,MLU,LA,ASW,CE,Combined TRACON& Tower with Radar,0,30,35,0,65,0,0,23,1,24,0,30,58,1,89,44,0,44,133
07/04/2007,MLU,LA,ASW,CE,Combined TRACON& Tower with Radar,0,22,17,0,39,0,4,17,0,21,0,26,34,0,60,28,0,28,88
07/05/2007,MLU,LA,ASW,CE,Combined TRACON& Tower with Radar,0,34,23,0,57,0,0,2,0,2,0,34,25,0,59,10,0,10,69
07/06/2007,MLU,LA,ASW,CE,Combined TRACON& Tower with Radar,0,32,9,0,41,0,0,2,0,2,0,32,11,0,43,0,0,0,43
07/07/2007,MLU,LA,ASW,CE,Combined TRACON& Tower with Radar,0,23,20,0,43,0,1,9,2,12,0,24,29,2,55,4,0,4,59
07/08/2007,MLU,LA,ASW,CE,Combined TRACON& Tower with Radar,0,25,19,2,46,0,1,27,2,30,0,26,46,4,76,38,0,38,114
07/09/2007,MLU,LA,ASW,CE,Combined TRACON& Tower with Radar,0,32,22,1,55,0,7,14,0,21,0,39,36,1,76,24,0,24,100
07/10/2007,MLU,LA,ASW,CE,Combined TRACON& Tower with Radar,0,35,24,19,78,0,9,13,10,32,0,44,37,29,110,32,0,32,142
07/11/2007,MLU,LA,ASW,CE,Combined TRACON& Tower with Radar,0,37,23,13,73,0,0,36,1,37,0,37,59,14,110,60,28,88,198
07/12/2007,MLU,LA,ASW,CE,Combined TRACON& Tower with Radar,0,36,29,14,79,0,0,36,17,53,0,36,65,31,132,42,4,46,178
07/13/2007,MLU,LA,ASW,CE,Combined TRACON& Tower with Radar,0,35,45,0,80,0,0,28,0,28,0,35,73,0,108,8,0,8,116
07/14/2007,MLU,LA,ASW,CE,Combined TRACON& Tower with Radar,0,20,9,0,29,0,0,7,0,7,0,20,16,0,36,0,0,0,36
07/15/2007,MLU,LA,ASW,CE,Combined TRACON& Tower with Radar,0,25,14,0,39,0,0,9,0,9,0,25,23,0,48,8,0,8,56
07/16/2007,MLU,LA,ASW,CE,Combined TRACON& Tower with Radar,0,32,27,21,80,0,2,11,4,17,0,34,38,25,97,24,0,24,121
07/17/2007,MLU,LA,ASW,CE,Combined TRACON& Tower with Radar,0,35,23,13,71,0,0,20,3,23,0,35,43,16,94,12,0,12,106
07/18/2007,MLU,LA,ASW,CE,Combined TRACON& Tower with Radar,0,35,30,17,82,0,0,51,12,63,0,35,81,29,145,38,22,60,205
07/19/2007,MLU,LA,ASW,CE,Combined TRACON& Tower with Radar,0,36,33,9,78,0,1,52,0,53,0,37,85,9,131,12,42,54,185
07/20/2007,MLU,LA,ASW,CE,Combined TRACON& Tower with Radar,0,35,42,13,90,0,0,27,0,27,0,35,69,13,117,16,10,26,143
07/21/2007,MLU,LA,ASW,CE,Combined TRACON& Tower with Radar,0,20,20,0,40,0,0,17,0,17,0,20,37,0,57,30,0,30,87
07/22/2007,MLU,LA,ASW,CE,Combined TRACON& Tower with Radar,0,28,17,0,45,0,5,29,1,35,0,33,46,1,80,34,0,34,114
07/23/2007,MLU,LA,ASW,CE,Combined TRACON& Tower with Radar,0,34,24,6,64,0,3,41,2,46,0,37,65,8,110,10,38,48,158
07/24/2007,MLU,LA,ASW,CE,Combined TRACON& Tower with Radar,0,37,40,2,79,0,1,44,3,48,0,38,84,5,127,14,14,28,155
07/25/2007,MLU,LA,ASW,CE,Combined TRACON& Tower with Radar,0,32,31,0,63,0,2,41,0,43,0,34,72,0,106,20,0,20,126
07/26/2007,MLU,LA,ASW,CE,Combined TRACON& Tower with Radar,0,29,34,0,63,0,0,57,0,57,0,29,91,0,120,26,0,26,146
07/27/2007,MLU,LA,ASW,CE,Combined TRACON& Tower with Radar,0,35,43,3,81,0,3,25,0,28,0,38,68,3,109,26,0,26,135
07/28/2007,MLU,LA,ASW,CE,Combined TRACON& Tower with Radar,0,16,11,0,27,0,0,10,0,10,0,16,21,0,37,10,0,10,47
07/29/2007,MLU,LA,ASW,CE,Combined TRACON& Tower with Radar,0,26,26,1,53,0,0,20,1,21,0,26,46,2,74,12,0,12,86
07/30/2007,MLU,LA,ASW,CE,Combined TRACON& Tower with Radar,0,31,22,2,55,0,0,20,3,23,0,31,42,5,78,34,6,40,118
07/31/2007,MLU,LA,ASW,CE,Combined TRACON& Tower with Radar,0,34,31,0,65,0,0,33,0,33,0,34,64,0,98,0,0,0,98
08/01/2007,MLU,LA,ASW,CE,Combined TRACON& Tower with Radar,0,34,26,0,60,0,0,41,0,41,0,34,67,0,101,16,0,16,117
08/02/2007,MLU,LA,ASW,CE,Combined TRACON& Tower with Radar,0,32,32,3,67,0,7,40,12,59,0,39,72,15,126,6,2,8,134
08/03/2007,MLU,LA,ASW,CE,Combined TRACON& Tower with Radar,0,34,34,2,70,0,5,23,2,30,0,39,57,4,100,4,0,4,104
08/04/2007,MLU,LA,ASW,CE,Combined TRACON& Tower with Radar,0,21,15,0,36,0,1,27,0,28,0,22,42,0,64,14,0,14,78
08/05/2007,MLU,LA,ASW,CE,Combined TRACON& Tower with Radar,0,28,21,3,52,0,0,16,3,19,0,28,37,6,71,2,0,2,73
08/06/2007,MLU,LA,ASW,CE,Combined TRACON& Tower with Radar,0,31,20,4,55,0,2,27,0,29,0,33,47,4,84,2,0,2,86
08/07/2007,MLU,LA,ASW,CE,Combined TRACON& Tower with Radar,0,34,36,3,73,0,1,42,3,46,0,35,78,6,119,38,0,38,157
08/08/2007,MLU,LA,ASW,CE,Combined TRACON& Tower with Radar,0,38,48,0,86,0,2,38,0,40,0,40,86,0,126,48,0,48,174
08/09/2007,MLU,LA,ASW,CE,Combined TRACON& Tower with Radar,0,34,31,5,70,0,1,23,1,25,0,35,54,6,95,18,0,18,113
08/10/2007,MLU,LA,ASW,CE,Combined TRACON& Tower with Radar,0,33,12,6,51,0,0,33,4,37,0,33,45,10,88,10,2,12,100
08/11/2007,MLU,LA,ASW,CE,Combined TRACON& Tower with Radar,0,21,18,0,39,0,0,31,0,31,0,21,49,0,70,26,0,26,96
08/12/2007,MLU,LA,ASW,CE,Combined TRACON& Tower with Radar,0,29,25,0,54,0,0,12,0,12,0,29,37,0,66,2,0,2,68
08/13/2007,MLU,LA,ASW,CE,Combined TRACON& Tower with Radar,0,34,23,0,57,0,2,38,1,41,0,36,61,1,98,30,0,30,128
08/14/2007,MLU,LA,ASW,CE,Combined TRACON& Tower with Radar,0,33,32,4,69,0,1,39,5,45,0,34,71,9,114,10,6,16,130
08/15/2007,MLU,LA,ASW,CE,Combined TRACON& Tower with Radar,0,35,44,7,86,0,0,40,7,47,0,35,84,14,133,12,24,36,169
08/16/2007,MLU,LA,ASW,CE,Combined TRACON& Tower with Radar,0,28,31,26,85,0,0,41,9,50,0,28,72,35,135,16,18,34,169
08/17/2007,MLU,LA,ASW,CE,Combined TRACON& Tower with Radar,0,34,23,0,57,0,2,36,0,38,0,36,59,0,95,4,0,4,99
08/18/2007,MLU,LA,ASW,CE,Combined TRACON& Tower with Radar,0,23,23,4,50,0,1,34,0,35,0,24,57,4,85,52,2,54,139
08/19/2007,MLU,LA,ASW,CE,Combined TRACON& Tower with Radar,0,28,23,2,53,0,0,22,0,22,0,28,45,2,75,14,0,14,89
08/20/2007,MLU,LA,ASW,CE,Combined TRACON& Tower with Radar,0,33,24,12,69,0,3,44,0,47,0,36,68,12,116,66,2,68,184
08/21/2007,MLU,LA,ASW,CE,Combined TRACON& Tower with Radar,0,34,33,0,67,0,0,38,0,38,0,34,71,0,105,60,0,60,165
08/22/2007,MLU,LA,ASW,CE,Combined TRACON& Tower with Radar,0,34,30,12,76,0,1,62,0,63,0,35,92,12,139,58,52,110,249
08/23/2007,MLU,LA,ASW,CE,Combined TRACON& Tower with Radar,0,31,21,7,59,0,0,52,5,57,0,31,73,12,116,84,40,124,240
08/24/2007,MLU,LA,ASW,CE,Combined TRACON& Tower with Radar,0,32,34,4,70,0,1,35,0,36,0,33,69,4,106,54,10,64,170
08/25/2007,MLU,LA,ASW,CE,Combined TRACON& Tower with Radar,0,19,10,0,29,0,0,61,0,61,0,19,71,0,90,32,0,32,122
08/26/2007,MLU,LA,ASW,CE,Combined TRACON& Tower with Radar,0,28,21,0,49,0,0,29,6,35,0,28,50,6,84,10,0,10,94
08/27/2007,MLU,LA,ASW,CE,Combined TRACON& Tower with Radar,0,33,18,4,55,0,0,37,2,39,0,33,55,6,94,12,20,32,126
08/28/2007,MLU,LA,ASW,CE,Combined TRACON& Tower with Radar,0,36,39,0,75,0,1,56,0,57,0,37,95,0,132,46,0,46,178
08/29/2007,MLU,LA,ASW,CE,Combined TRACON& Tower with Radar,2,34,46,0,82,0,0,33,0,33,2,34,79,0,115,56,0,56,171
08/30/2007,MLU,LA,ASW,CE,Combined TRACON& Tower with Radar,1,39,26,0,66,0,0,23,0,23,1,39,49,0,89,2,0,2,91
08/31/2007,MLU,LA,ASW,CE,Combined TRACON& Tower with Radar,0,35,31,4,70,0,0,44,7,51,0,35,75,11,121,38,8,46,167
09/01/2007,MLU,LA,ASW,CE,Combined TRACON& Tower with Radar,0,19,16,0,35,0,0,35,0,35,0,19,51,0,70,38,0,38,108
09/02/2007,MLU,LA,ASW,CE,Combined TRACON& Tower with Radar,0,20,12,0,32,0,0,9,0,9,0,20,21,0,41,0,0,0,41
09/03/2007,MLU,LA,ASW,CE,Combined TRACON& Tower with Radar,0,22,24,0,46,0,1,13,0,14,0,23,37,0,60,6,0,6,66
09/04/2007,MLU,LA,ASW,CE,Combined TRACON& Tower with Radar,0,32,24,4,60,0,4,39,1,44,0,36,63,5,104,42,14,56,160
09/05/2007,MLU,LA,ASW,CE,Combined TRACON& Tower with Radar,0,35,35,0,70,0,0,24,0,24,0,35,59,0,94,10,0,10,104
09/06/2007,MLU,LA,ASW,CE,Combined TRACON& Tower with Radar,0,37,34,17,88,0,3,36,9,48,0,40,70,26,136,42,16,58,194
09/07/2007,MLU,LA,ASW,CE,Combined TRACON& Tower with Radar,1,35,44,7,87,1,0,23,6,30,2,35,67,13,117,22,0,22,139
09/08/2007,MLU,LA,ASW,CE,Combined TRACON& Tower with Radar,1,21,19,0,41,0,1,25,0,26,1,22,44,0,67,0,0,0,67
09/09/2007,MLU,LA,ASW,CE,Combined TRACON& Tower with Radar,0,29,15,0,44,0,0,22,2,24,0,29,37,2,68,18,0,18,86
09/10/2007,MLU,LA,ASW,CE,Combined TRACON& Tower with Radar,0,31,26,5,62,0,0,49,4,53,0,31,75,9,115,40,0,40,155
09/11/2007,MLU,LA,ASW,CE,Combined TRACON& Tower with Radar,0,31,35,0,66,0,0,5,0,5,0,31,40,0,71,0,0,0,71
09/12/2007,MLU,LA,ASW,CE,Combined TRACON& Tower with Radar,0,32,45,8,85,0,0,36,8,44,0,32,81,16,129,88,0,88,217
09/13/2007,MLU,LA,ASW,CE,Combined TRACON& Tower with Radar,0,35,8,2,45,0,1,1,2,4,0,36,9,4,49,0,0,0,49
09/14/2007,MLU,LA,ASW,CE,Combined TRACON& Tower with Radar,0,32,43,0,75,0,0,25,2,27,0,32,68,2,102,62,0,62,164
09/15/2007,MLU,LA,ASW,CE,Combined TRACON& Tower with Radar,0,20,20,0,40,0,0,45,0,45,0,20,65,0,85,28,0,28,113
09/16/2007,MLU,LA,ASW,CE,Combined TRACON& Tower with Radar,0,27,24,0,51,0,1,28,0,29,0,28,52,0,80,2,0,2,82
09/17/2007,MLU,LA,ASW,CE,Combined TRACON& Tower with Radar,0,30,36,7,73,0,3,26,2,31,0,33,62,9,104,0,18,18,122
09/18/2007,MLU,LA,ASW,CE,Combined TRACON& Tower with Radar,0,32,26,7,65,0,0,42,4,46,0,32,68,11,111,70,0,70,181
09/19/2007,MLU,LA,ASW,CE,Combined TRACON& Tower with Radar,0,35,54,6,95,0,3,46,1,50,0,38,100,7,145,56,14,70,215
09/20/2007,MLU,LA,ASW,CE,Combined TRACON& Tower with Radar,0,36,39,4,79,0,1,40,1,42,0,37,79,5,121,34,6,40,161
09/21/2007,MLU,LA,ASW,CE,Combined TRACON& Tower with Radar,0,31,23,0,54,0,4,52,0,56,0,35,75,0,110,36,0,36,146
09/22/2007,MLU,LA,ASW,CE,Combined TRACON& Tower with Radar,0,19,26,0,45,0,0,26,0,26,0,19,52,0,71,10,0,10,81
09/23/2007,MLU,LA,ASW,CE,Combined TRACON& Tower with Radar,0,27,18,0,45,0,0,12,0,12,0,27,30,0,57,12,0,12,69
09/24/2007,MLU,LA,ASW,CE,Combined TRACON& Tower with Radar,0,32,33,2,67,0,1,20,0,21,0,33,53,2,88,4,0,4,92
09/25/2007,MLU,LA,ASW,CE,Combined TRACON& Tower with Radar,0,33,26,0,59,0,0,3,0,3,0,33,29,0,62,0,0,0,62
09/26/2007,MLU,LA,ASW,CE,Combined TRACON& Tower with Radar,0,34,34,8,76,0,1,28,6,35,0,35,62,14,111,66,30,96,207
09/27/2007,MLU,LA,ASW,CE,Combined TRACON& Tower with Radar,0,39,26,0,65,0,0,22,0,22,0,39,48,0,87,50,0,50,137
09/28/2007,MLU,LA,ASW,CE,Combined TRACON& Tower with Radar,0,34,36,2,72,0,2,27,11,40,0,36,63,13,112,16,26,42,154
09/29/2007,MLU,LA,ASW,CE,Combined TRACON& Tower with Radar,0,20,16,0,36,0,1,32,0,33,0,21,48,0,69,4,0,4,73
09/30/2007,MLU,LA,ASW,CE,Combined TRACON& Tower with Radar,0,29,24,0,53,0,0,24,0,24,0,29,48,0,77,20,0,20,97
10/01/2007,MLU,LA,ASW,CE,Combined TRACON& Tower with Radar,0,33,11,8,52,0,1,31,6,38,0,34,42,14,90,72,0,72,162
10/02/2007,MLU,LA,ASW,CE,Combined TRACON& Tower with Radar,0,35,29,10,74,0,1,37,0,38,0,36,66,10,112,50,4,54,166
10/03/2007,MLU,LA,ASW,CE,Combined TRACON& Tower with Radar,0,41,34,17,92,0,0,47,7,54,0,41,81,24,146,36,4,40,186
10/04/2007,MLU,LA,ASW,CE,Combined TRACON& Tower with Radar,0,38,31,0,69,0,0,27,10,37,0,38,58,10,106,32,0,32,138
10/05/2007,MLU,LA,ASW,CE,Combined TRACON& Tower with Radar,0,38,39,7,84,0,0,28,1,29,0,38,67,8,113,30,2,32,145
10/06/2007,MLU,LA,ASW,CE,Combined TRACON& Tower with Radar,0,22,25,6,53,0,0,20,1,21,0,22,45,7,74,10,0,10,84
10/07/2007,MLU,LA,ASW,CE,Combined TRACON& Tower with Radar,0,28,33,0,61,0,0,21,0,21,0,28,54,0,82,6,0,6,88
10/08/2007,MLU,LA,ASW,CE,Combined TRACON& Tower with Radar,0,32,30,3,65,0,0,12,4,16,0,32,42,7,81,26,0,26,107
10/09/2007,MLU,LA,ASW,CE,Combined TRACON& Tower with Radar,0,35,34,0,69,0,0,11,0,11,0,35,45,0,80,10,0,10,90
10/10/2007,MLU,LA,ASW,CE,Combined TRACON& Tower with Radar,0,35,31,19,85,0,0,51,16,67,0,35,82,35,152,83,6,89,241
10/11/2007,MLU,LA,ASW,CE,Combined TRACON& Tower with Radar,0,37,29,6,72,0,1,45,1,47,0,38,74,7,119,74,12,86,205
10/12/2007,MLU,LA,ASW,CE,Combined TRACON& Tower with Radar,0,35,28,5,68,0,5,54,1,60,0,40,82,6,128,52,20,72,200
10/13/2007,MLU,LA,ASW,CE,Combined TRACON& Tower with Radar,0,19,12,0,31,0,0,57,0,57,0,19,69,0,88,32,0,32,120
10/14/2007,MLU,LA,ASW,CE,Combined TRACON& Tower with Radar,0,32,11,2,45,0,0,40,0,40,0,32,51,2,85,0,0,0,85
10/15/2007,MLU,LA,ASW,CE,Combined TRACON& Tower with Radar,0,29,38,1,68,0,0,6,0,6,0,29,44,1,74,2,0,2,76
10/16/2007,MLU,LA,ASW,CE,Combined TRACON& Tower with Radar,0,36,44,5,85,0,0,25,0,25,0,36,69,5,110,64,0,64,174
10/17/2007,MLU,LA,ASW,CE,Combined TRACON& Tower with Radar,0,35,37,2,74,0,0,6,0,6,0,35,43,2,80,0,0,0,80
10/18/2007,MLU,LA,ASW,CE,Combined TRACON& Tower with Radar,0,29,31,7,67,0,7,21,1,29,0,36,52,8,96,4,12,16,112
10/19/2007,MLU,LA,ASW,CE,Combined TRACON& Tower with Radar,3,36,40,5,84,0,6,65,3,74,3,42,105,8,158,34,6,40,198
10/20/2007,MLU,LA,ASW,CE,Combined TRACON& Tower with Radar,3,20,24,0,47,0,1,42,0,43,3,21,66,0,90,6,0,6,96
10/21/2007,MLU,LA,ASW,CE,Combined TRACON& Tower with Radar,0,26,21,0,47,0,0,30,0,30,0,26,51,0,77,0,0,0,77
10/22/2007,MLU,LA,ASW,CE,Combined TRACON& Tower with Radar,0,29,5,4,38,0,0,5,1,6,0,29,10,5,44,8,14,22,66
10/23/2007,MLU,LA,ASW,CE,Combined TRACON& Tower with Radar,0,34,27,14,75,0,2,4,2,8,0,36,31,16,83,4,0,4,87
10/24/2007,MLU,LA,ASW,CE,Combined TRACON& Tower with Radar,0,35,27,9,71,0,0,21,9,30,0,35,48,18,101,6,0,6,107
10/25/2007,MLU,LA,ASW,CE,Combined TRACON& Tower with Radar,0,34,47,11,92,0,2,19,4,25,0,36,66,15,117,44,2,46,163
10/26/2007,MLU,LA,ASW,CE,Combined TRACON& Tower with Radar,2,39,28,0,69,0,8,47,0,55,2,47,75,0,124,64,0,64,188
10/27/2007,MLU,LA,ASW,CE,Combined TRACON& Tower with Radar,1,20,12,0,33,0,0,38,1,39,1,20,50,1,72,0,0,0,72
10/28/2007,MLU,LA,ASW,CE,Combined TRACON& Tower with Radar,0,30,23,0,53,0,0,35,0,35,0,30,58,0,88,0,0,0,88
10/29/2007,MLU,LA,ASW,CE,Combined TRACON& Tower with Radar,0,33,20,2,55,0,5,55,0,60,0,38,75,2,115,56,0,56,171
10/30/2007,MLU,LA,ASW,CE,Combined TRACON& Tower with Radar,0,35,29,0,64,0,0,50,6,56,0,35,79,6,120,26,0,26,146
10/31/2007,MLU,LA,ASW,CE,Combined TRACON& Tower with Radar,0,34,32,3,69,0,0,52,4,56,0,34,84,7,125,16,0,16,141
11/01/2007,MLU,LA,ASW,CE,Combined TRACON& Tower with Radar,0,35,42,4,81,0,0,32,2,34,0,35,74,6,115,22,0,22,137
11/02/2007,MLU,LA,ASW,CE,Combined TRACON& Tower with Radar,1,34,26,1,62,0,4,31,3,38,1,38,57,4,100,24,0,24,124
11/03/2007,MLU,LA,ASW,CE,Combined TRACON& Tower with Radar,0,21,13,0,34,0,5,29,2,36,0,26,42,2,70,6,0,6,76
11/04/2007,MLU,LA,ASW,CE,Combined TRACON& Tower with Radar,0,28,22,0,50,0,0,23,0,23,0,28,45,0,73,0,0,0,73
11/05/2007,MLU,LA,ASW,CE,Combined TRACON& Tower with Radar,0,38,21,2,61,0,1,24,2,27,0,39,45,4,88,14,0,14,102
11/06/2007,MLU,LA,ASW,CE,Combined TRACON& Tower with Radar,0,35,42,8,85,0,0,26,2,28,0,35,68,10,113,20,0,20,133
11/07/2007,MLU,LA,ASW,CE,Combined TRACON& Tower with Radar,0,36,23,0,59,0,0,35,11,46,0,36,58,11,105,110,0,110,215
11/08/2007,MLU,LA,ASW,CE,Combined TRACON& Tower with Radar,0,36,43,2,81,0,2,40,2,44,0,38,83,4,125,86,0,86,211
11/09/2007,MLU,LA,ASW,CE,Combined TRACON& Tower with Radar,0,35,34,0,69,0,1,42,0,43,0,36,76,0,112,74,0,74,186
11/10/2007,MLU,LA,ASW,CE,Combined TRACON& Tower with Radar,0,21,16,0,37,0,0,22,0,22,0,21,38,0,59,18,0,18,77
11/11/2007,MLU,LA,ASW,CE,Combined TRACON& Tower with Radar,0,30,14,0,44,0,1,18,2,21,0,31,32,2,65,0,0,0,65
11/12/2007,MLU,LA,ASW,CE,Combined TRACON& Tower with Radar,0,32,33,0,65,0,0,23,2,25,0,32,56,2,90,42,0,42,132
11/13/2007,MLU,LA,ASW,CE,Combined TRACON& Tower with Radar,0,33,30,2,65,0,2,36,0,38,0,35,66,2,103,56,0,56,159
11/14/2007,MLU,LA,ASW,CE,Combined TRACON& Tower with Radar,0,37,37,7,81,0,0,16,6,22,0,37,53,13,103,4,14,18,121
11/15/2007,MLU,LA,ASW,CE,Combined TRACON& Tower with Radar,0,34,33,9,76,0,1,36,26,63,0,35,69,35,139,8,0,8,147
11/16/2007,MLU,LA,ASW,CE,Combined TRACON& Tower with Radar,2,36,34,2,74,0,2,60,1,63,2,38,94,3,137,22,0,22,159
11/17/2007,MLU,LA,ASW,CE,Combined TRACON& Tower with Radar,1,18,21,0,40,0,0,43,3,46,1,18,64,3,86,12,0,12,98
11/18/2007,MLU,LA,ASW,CE,Combined TRACON& Tower with Radar,0,26,15,2,43,0,0,3,0,3,0,26,18,2,46,8,0,8,54
11/19/2007,MLU,LA,ASW,CE,Combined TRACON& Tower with Radar,0,29,38,4,71,0,1,28,6,35,0,30,66,10,106,60,0,60,166
11/20/2007,MLU,LA,ASW,CE,Combined TRACON& Tower with Radar,0,37,36,0,73,0,0,25,0,25,0,37,61,0,98,60,0,60,158
11/21/2007,MLU,LA,ASW,CE,Combined TRACON& Tower with Radar,0,41,36,17,94,0,0,14,14,28,0,41,50,31,122,8,22,30,152
11/22/2007,MLU,LA,ASW,CE,Combined TRACON& Tower with Radar,0,17,8,0,25,0,1,6,0,7,0,18,14,0,32,0,0,0,32
11/23/2007,MLU,LA,ASW,CE,Combined TRACON& Tower with Radar,0,26,16,2,44,0,0,22,2,24,0,26,38,4,68,0,0,0,68
11/24/2007,MLU,LA,ASW,CE,Combined TRACON& Tower with Radar,0,23,13,0,36,0,0,2,0,2,0,23,15,0,38,0,0,0,38
11/25/2007,MLU,LA,ASW,CE,Combined TRACON& Tower with Radar,0,26,12,0,38,0,2,0,0,2,0,28,12,0,40,0,0,0,40
11/26/2007,MLU,LA,ASW,CE,Combined TRACON& Tower with Radar,0,34,44,11,89,0,0,23,1,24,0,34,67,12,113,16,0,16,129
11/27/2007,MLU,LA,ASW,CE,Combined TRACON& Tower with Radar,0,32,33,2,67,0,0,51,0,51,0,32,84,2,118,8,0,8,126
11/28/2007,MLU,LA,ASW,CE,Combined TRACON& Tower with Radar,0,33,27,17,77,0,0,37,4,41,0,33,64,21,118,38,2,40,158
11/29/2007,MLU,LA,ASW,CE,Combined TRACON& Tower with Radar,0,34,34,1,69,0,0,37,0,37,0,34,71,1,106,30,0,30,136
11/30/2007,MLU,LA,ASW,CE,Combined TRACON& Tower with Radar,0,36,26,13,75,0,0,38,4,42,0,36,64,17,117,38,8,46,163
12/01/2007,MLU,LA,ASW,CE,Combined TRACON& Tower with Radar,0,21,21,0,42,0,1,29,0,30,0,22,50,0,72,34,0,34,106
12/02/2007,MLU,LA,ASW,CE,Combined TRACON& Tower with Radar,0,28,22,0,50,0,0,0,0,0,0,28,22,0,50,0,0,0,50
12/03/2007,MLU,LA,ASW,CE,Combined TRACON& Tower with Radar,0,32,25,0,57,0,3,25,0,28,0,35,50,0,85,22,0,22,107
12/04/2007,MLU,LA,ASW,CE,Combined TRACON& Tower with Radar,0,31,29,2,62,0,0,42,0,42,0,31,71,2,104,46,0,46,150
12/05/2007,MLU,LA,ASW,CE,Combined TRACON& Tower with Radar,0,28,32,0,60,0,2,60,0,62,0,30,92,0,122,82,0,82,204
12/06/2007,MLU,LA,ASW,CE,Combined TRACON& Tower with Radar,0,35,36,4,75,0,0,50,7,57,0,35,86,11,132,40,22,62,194
12/07/2007,MLU,LA,ASW,CE,Combined TRACON& Tower with Radar,0,36,28,15,79,0,1,50,0,51,0,37,78,15,130,26,34,60,190
12/08/2007,MLU,LA,ASW,CE,Combined TRACON& Tower with Radar,0,21,20,2,43,0,0,24,0,24,0,21,44,2,67,4,0,4,71
12/09/2007,MLU,LA,ASW,CE,Combined TRACON& Tower with Radar,0,28,33,0,61,0,0,23,0,23,0,28,56,0,84,22,0,22,106
12/10/2007,MLU,LA,ASW,CE,Combined TRACON& Tower with Radar,0,34,41,0,75,0,3,21,0,24,0,37,62,0,99,14,0,14,113
12/11/2007,MLU,LA,ASW,CE,Combined TRACON& Tower with Radar,0,27,43,10,80,0,0,17,0,17,0,27,60,10,97,6,18,24,121
12/12/2007,MLU,LA,ASW,CE,Combined TRACON& Tower with Radar,0,29,38,0,67,0,5,5,0,10,0,34,43,0,77,28,0,28,105
12/13/2007,MLU,LA,ASW,CE,Combined TRACON& Tower with Radar,0,38,32,5,75,0,0,15,2,17,0,38,47,7,92,52,0,52,144
12/14/2007,MLU,LA,ASW,CE,Combined TRACON& Tower with Radar,0,41,33,0,74,0,0,20,0,20,0,41,53,0,94,34,0,34,128
12/15/2007,MLU,LA,ASW,CE,Combined TRACON& Tower with Radar,0,20,11,0,31,0,0,0,0,0,0,20,11,0,31,0,0,0,31
12/16/2007,MLU,LA,ASW,CE,Combined TRACON& Tower with Radar,0,29,17,0,46,0,0,24,2,26,0,29,41,2,72,0,10,10,82
12/17/2007,MLU,LA,ASW,CE,Combined TRACON& Tower with Radar,0,33,29,0,62,0,3,53,1,57,0,36,82,1,119,62,0,62,181
12/18/2007,MLU,LA,ASW,CE,Combined TRACON& Tower with Radar,0,33,37,0,70,0,0,37,0,37,0,33,74,0,107,28,0,28,135
12/19/2007,MLU,LA,ASW,CE,Combined TRACON& Tower with Radar,0,31,34,0,65,0,0,31,0,31,0,31,65,0,96,32,0,32,128
12/20/2007,MLU,LA,ASW,CE,Combined TRACON& Tower with Radar,0,40,18,4,62,0,1,42,2,45,0,41,60,6,107,12,26,38,145
12/21/2007,MLU,LA,ASW,CE,Combined TRACON& Tower with Radar,0,39,34,3,76,0,0,9,1,10,0,39,43,4,86,0,0,0,86
12/22/2007,MLU,LA,ASW,CE,Combined TRACON& Tower with Radar,0,22,16,0,38,0,0,0,0,0,0,22,16,0,38,0,0,0,38
12/23/2007,MLU,LA,ASW,CE,Combined TRACON& Tower with Radar,0,29,10,0,39,0,1,37,0,38,0,30,47,0,77,20,0,20,97
12/24/2007,MLU,LA,ASW,CE,Combined TRACON& Tower with Radar,0,26,2,0,28,0,0,14,0,14,0,26,16,0,42,10,0,10,52
12/25/2007,MLU,LA,ASW,CE,Combined TRACON& Tower with Radar,0,18,10,0,28,0,0,19,0,19,0,18,29,0,47,20,0,20,67
12/26/2007,MLU,LA,ASW,CE,Combined TRACON& Tower with Radar,0,33,21,0,54,0,0,7,0,7,0,33,28,0,61,4,0,4,65
12/27/2007,MLU,LA,ASW,CE,Combined TRACON& Tower with Radar,0,34,26,0,60,0,0,13,0,13,0,34,39,0,73,74,0,74,147
12/28/2007,MLU,LA,ASW,CE,Combined TRACON& Tower with Radar,0,33,2,0,35,0,3,17,0,20,0,36,19,0,55,30,0,30,85
12/29/2007,MLU,LA,ASW,CE,Combined TRACON& Tower with Radar,0,22,11,0,33,0,0,31,0,31,0,22,42,0,64,18,0,18,82
12/30/2007,MLU,LA,ASW,CE,Combined TRACON& Tower with Radar,0,25,14,0,39,0,0,30,0,30,0,25,44,0,69,18,0,18,87
12/31/2007,MLU,LA,ASW,CE,Combined TRACON& Tower with Radar,0,31,14,0,45,0,1,23,0,24,0,32,37,0,69,2,0,2,71
01/01/2008,MLU,LA,ASW,CE,Combined TRACON& Tower with Radar,0,24,16,0,40,0,0,27,0,27,0,24,43,0,67,8,0,8,75
01/02/2008,MLU,LA,ASW,CE,Combined TRACON& Tower with Radar,0,32,38,0,70,0,0,33,0,33,0,32,71,0,103,34,0,34,137
01/03/2008,MLU,LA,ASW,CE,Combined TRACON& Tower with Radar,0,32,28,0,60,0,0,50,1,51,0,32,78,1,111,32,4,36,147
01/04/2008,MLU,LA,ASW,CE,Combined TRACON& Tower with Radar,0,34,19,11,64,0,0,41,4,45,0,34,60,15,109,24,0,24,133
01/05/2008,MLU,LA,ASW,CE,Combined TRACON& Tower with Radar,0,22,9,0,31,0,0,7,0,7,0,22,16,0,38,0,0,0,38
01/06/2008,MLU,LA,ASW,CE,Combined TRACON& Tower with Radar,0,29,28,0,57,0,0,28,0,28,0,29,56,0,85,10,0,10,95
01/07/2008,MLU,LA,ASW,CE,Combined TRACON& Tower with Radar,0,32,35,4,71,0,3,11,2,16,0,35,46,6,87,0,24,24,111
01/08/2008,MLU,LA,ASW,CE,Combined TRACON& Tower with Radar,0,30,23,0,53,0,0,8,0,8,0,30,31,0,61,0,0,0,61
01/09/2008,MLU,LA,ASW,CE,Combined TRACON& Tower with Radar,0,30,34,8,72,0,1,40,3,44,0,31,74,11,116,50,0,50,166
01/10/2008,MLU,LA,ASW,CE,Combined TRACON& Tower with Radar,0,32,12,0,44,0,1,14,0,15,0,33,26,0,59,0,0,0,59
01/11/2008,MLU,LA,ASW,CE,Combined TRACON& Tower with Radar,0,30,26,3,59,0,4,48,1,53,0,34,74,4,112,24,0,24,136
01/12/2008,MLU,LA,ASW,CE,Combined TRACON& Tower with Radar,0,19,10,0,29,0,0,47,0,47,0,19,57,0,76,52,0,52,128
01/13/2008,MLU,LA,ASW,CE,Combined TRACON& Tower with Radar,0,31,17,0,48,0,0,19,0,19,0,31,36,0,67,4,0,4,71
01/14/2008,MLU,LA,ASW,CE,Combined TRACON& Tower with Radar,0,30,17,1,48,0,0,40,1,41,0,30,57,2,89,74,0,74,163
01/15/2008,MLU,LA,ASW,CE,Combined TRACON& Tower with Radar,0,31,32,8,71,0,5,40,2,47,0,36,72,10,118,34,4,38,156
01/16/2008,MLU,LA,ASW,CE,Combined TRACON& Tower with Radar,0,25,27,0,52,0,0,12,0,12,0,25,39,0,64,4,0,4,68
01/17/2008,MLU,LA,ASW,CE,Combined TRACON& Tower with Radar,0,32,47,0,79,0,0,20,0,20,0,32,67,0,99,24,0,24,123
01/18/2008,MLU,LA,ASW,CE,Combined TRACON& Tower with Radar,0,35,21,0,56,0,0,36,0,36,0,35,57,0,92,102,0,102,194
01/19/2008,MLU,LA,ASW,CE,Combined TRACON& Tower with Radar,0,17,13,0,30,0,1,23,2,26,0,18,36,2,56,60,0,60,116
01/20/2008,MLU,LA,ASW,CE,Combined TRACON& Tower with Radar,0,24,21,0,45,0,0,28,0,28,0,24,49,0,73,4,0,4,77
01/21/2008,MLU,LA,ASW,CE,Combined TRACON& Tower with Radar,0,26,19,9,54,0,0,36,0,36,0,26,55,9,90,42,18,60,150
01/22/2008,MLU,LA,ASW,CE,Combined TRACON& Tower with Radar,0,28,28,3,59,0,0,0,1,1,0,28,28,4,60,0,0,0,60
01/23/2008,MLU,LA,ASW,CE,Combined TRACON& Tower with Radar,0,29,35,0,64,0,1,2,0,3,0,30,37,0,67,0,0,0,67
01/24/2008,MLU,LA,ASW,CE,Combined TRACON& Tower with Radar,0,30,10,0,40,0,0,0,0,0,0,30,10,0,40,62,0,62,102
01/25/2008,MLU,LA,ASW,CE,Combined TRACON& Tower with Radar,0,28,23,0,51,0,0,3,0,3,0,28,26,0,54,10,0,10,64
01/26/2008,MLU,LA,ASW,CE,Combined TRACON& Tower with Radar,0,19,12,0,31,0,1,0,1,2,0,20,12,1,33,0,0,0,33
01/27/2008,MLU,LA,ASW,CE,Combined TRACON& Tower with Radar,0,26,17,1,44,0,2,0,0,2,0,28,17,1,46,0,0,0,46
01/28/2008,MLU,LA,ASW,CE,Combined TRACON& Tower with Radar,0,34,19,2,55,0,0,19,0,19,0,34,38,2,74,14,0,14,88
01/29/2008,MLU,LA,ASW,CE,Combined TRACON& Tower with Radar,0,31,26,1,58,0,0,11,0,11,0,31,37,1,69,4,0,4,73
01/30/2008,MLU,LA,ASW,CE,Combined TRACON& Tower with Radar,0,31,42,3,76,0,0,63,0,63,0,31,105,3,139,114,0,114,253
01/31/2008,MLU,LA,ASW,CE,Combined TRACON& Tower with Radar,0,28,23,0,51,0,0,2,0,2,0,28,25,0,53,6,0,6,59
02/01/2008,MLU,LA,ASW,CE,Combined TRACON& Tower with Radar,0,29,20,0,49,0,3,56,2,61,0,32,76,2,110,40,0,40,150
02/02/2008,MLU,LA,ASW,CE,Combined TRACON& Tower with Radar,0,23,26,0,49,0,0,65,0,65,0,23,91,0,114,14,0,14,128
02/03/2008,MLU,LA,ASW,CE,Combined TRACON& Tower with Radar,0,24,17,0,41,0,0,0,0,0,0,24,17,0,41,0,0,0,41
02/04/2008,MLU,LA,ASW,CE,Combined TRACON& Tower with Radar,0,34,15,0,49,0,0,13,0,13,0,34,28,0,62,0,0,0,62
02/05/2008,MLU,LA,ASW,CE,Combined TRACON& Tower with Radar,0,26,6,0,32,0,0,5,0,5,0,26,11,0,37,14,0,14,51
02/06/2008,MLU,LA,ASW,CE,Combined TRACON& Tower with Radar,0,30,25,2,57,0,2,20,1,23,0,32,45,3,80,12,0,12,92
02/07/2008,MLU,LA,ASW,CE,Combined TRACON& Tower with Radar,0,32,40,8,80,0,1,65,1,67,0,33,105,9,147,30,0,30,177
02/08/2008,MLU,LA,ASW,CE,Combined TRACON& Tower with Radar,0,36,35,0,71,0,2,36,0,38,0,38,71,0,109,34,0,34,143
02/09/2008,MLU,LA,ASW,CE,Combined TRACON& Tower with Radar,0,21,19,0,40,0,0,74,2,76,0,21,93,2,116,60,0,60,176
02/10/2008,MLU,LA,ASW,CE,Combined TRACON& Tower with Radar,0,28,17,0,45,0,0,46,1,47,0,28,63,1,92,14,0,14,106
02/11/2008,MLU,LA,ASW,CE,Combined TRACON& Tower with Radar,0,35,19,3,57,0,0,39,1,40,0,35,58,4,97,50,0,50,147
02/12/2008,MLU,LA,ASW,CE,Combined TRACON& Tower with Radar,0,25,25,0,50,0,2,0,4,6,0,27,25,4,56,2,0,2,58
02/13/2008,MLU,LA,ASW,CE,Combined TRACON& Tower with Radar,0,34,29,11,74,0,0,56,1,57,0,34,85,12,131,62,2,64,195
02/14/2008,MLU,LA,ASW,CE,Combined TRACON& Tower with Radar,0,33,29,16,78,0,0,39,7,46,0,33,68,23,124,38,44,82,206
02/15/2008,MLU,LA,ASW,CE,Combined TRACON& Tower with Radar,0,33,16,26,75,0,0,17,4,21,0,33,33,30,96,44,0,44,140
02/16/2008,MLU,LA,ASW,CE,Combined TRACON& Tower with Radar,0,23,13,0,36,0,3,6,0,9,0,26,19,0,45,8,0,8,53
02/17/2008,MLU,LA,ASW,CE,Combined TRACON& Tower with Radar,0,23,18,0,41,0,0,6,0,6,0,23,24,0,47,0,0,0,47
02/18/2008,MLU,LA,ASW,CE,Combined TRACON& Tower with Radar,0,30,46,0,76,0,9,46,0,55,0,39,92,0,131,76,0,76,207
02/19/2008,MLU,LA,ASW,CE,Combined TRACON& Tower with Radar,0,31,60,6,97,0,2,51,0,53,0,33,111,6,150,75,34,109,259
02/20/2008,MLU,LA,ASW,CE,Combined TRACON& Tower with Radar,0,29,37,2,68,0,0,34,0,34,0,29,71,2,102,62,12,74,176
02/21/2008,MLU,LA,ASW,CE,Combined TRACON& Tower with Radar,0,30,25,0,55,0,0,2,0,2,0,30,27,0,57,0,0,0,57
02/22/2008,MLU,LA,ASW,CE,Combined TRACON& Tower with Radar,0,37,25,13,75,0,1,21,6,28,0,38,46,19,103,4,0,4,107
02/23/2008,MLU,LA,ASW,CE,Combined TRACON& Tower with Radar,0,18,27,0,45,0,1,28,2,31,0,19,55,2,76,4,4,8,84
02/24/2008,MLU,LA,ASW,CE,Combined TRACON& Tower with Radar,0,25,16,10,51,0,0,29,6,35,0,25,45,16,86,16,0,16,102
02/25/2008,MLU,LA,ASW,CE,Combined TRACON& Tower with Radar,0,29,42,18,89,0,3,52,8,63,0,32,94,26,152,32,18,50,202
02/26/2008,MLU,LA,ASW,CE,Combined TRACON& Tower with Radar,0,34,37,29,100,0,0,15,0,15,0,34,52,29,115,6,26,32,147
02/27/2008,MLU,LA,ASW,CE,Combined TRACON& Tower with Radar,0,32,55,4,91,0,0,69,3,72,0,32,124,7,163,20,6,26,189
02/28/2008,MLU,LA,ASW,CE,Combined TRACON& Tower with Radar,0,32,38,16,86,0,0,56,2,58,0,32,94,18,144,42,0,42,186
02/29/2008,MLU,LA,ASW,CE,Combined TRACON& Tower with Radar,0,32,25,1,58,0,0,48,0,48,0,32,73,1,106,62,0,62,168
03/01/2008,MLU,LA,ASW,CE,Combined TRACON& Tower with Radar,0,19,15,1,35,0,0,16,0,16,0,19,31,1,51,20,0,20,71
03/02/2008,MLU,LA,ASW,CE,Combined TRACON& Tower with Radar,0,25,12,0,37,0,0,22,2,24,0,25,34,2,61,6,0,6,67
03/03/2008,MLU,LA,ASW,CE,Combined TRACON& Tower with Radar,0,21,2,0,23,0,0,4,0,4,0,21,6,0,27,4,0,4,31
03/04/2008,MLU,LA,ASW,CE,Combined TRACON& Tower with Radar,0,29,18,10,57,0,0,17,8,25,0,29,35,18,82,6,14,20,102
03/05/2008,MLU,LA,ASW,CE,Combined TRACON& Tower with Radar,0,32,37,2,71,0,1,68,1,70,0,33,105,3,141,54,0,54,195
03/06/2008,MLU,LA,ASW,CE,Combined TRACON& Tower with Radar,0,26,43,14,83,0,0,62,0,62,0,26,105,14,145,78,0,78,223
03/07/2008,MLU,LA,ASW,CE,Combined TRACON& Tower with Radar,0,37,12,0,49,0,1,4,0,5,0,38,16,0,54,16,0,16,70
03/08/2008,MLU,LA,ASW,CE,Combined TRACON& Tower with Radar,0,20,20,0,40,0,0,45,2,47,0,20,65,2,87,87,56,143,230
03/09/2008,MLU,LA,ASW,CE,Combined TRACON& Tower with Radar,0,25,21,0,46,0,1,44,0,45,0,26,65,0,91,22,0,22,113
03/10/2008,MLU,LA,ASW,CE,Combined TRACON& Tower with Radar,0,27,20,7,54,0,0,15,3,18,0,27,35,10,72,64,0,64,136
03/11/2008,MLU,LA,ASW,CE,Combined TRACON& Tower with Radar,0,30,38,7,75,0,0,22,4,26,0,30,60,11,101,22,8,30,131
03/12/2008,MLU,LA,ASW,CE,Combined TRACON& Tower with Radar,0,29,35,20,84,0,0,49,12,61,0,29,84,32,145,66,0,66,211
03/13/2008,MLU,LA,ASW,CE,Combined TRACON& Tower with Radar,0,32,43,2,77,0,1,59,0,60,0,33,102,2,137,54,0,54,191
03/14/2008,MLU,LA,ASW,CE,Combined TRACON& Tower with Radar,0,32,42,5,79,0,2,33,3,38,0,34,75,8,117,12,0,12,129
03/15/2008,MLU,LA,ASW,CE,Combined TRACON& Tower with Radar,0,19,29,0,48,0,0,24,0,24,0,19,53,0,72,6,0,6,78
03/16/2008,MLU,LA,ASW,CE,Combined TRACON& Tower with Radar,0,27,16,6,49,0,1,36,0,37,0,28,52,6,86,18,0,18,104
03/17/2008,MLU,LA,ASW,CE,Combined TRACON& Tower with Radar,0,31,28,13,72,0,0,23,0,23,0,31,51,13,95,24,30,54,149
03/18/2008,MLU,LA,ASW,CE,Combined TRACON& Tower with Radar,0,26,23,9,58,0,0,5,0,5,0,26,28,9,63,0,40,40,103
03/19/2008,MLU,LA,ASW,CE,Combined TRACON& Tower with Radar,0,31,26,35,92,0,2,10,1,13,0,33,36,36,105,4,6,10,115
03/20/2008,MLU,LA,ASW,CE,Combined TRACON& Tower with Radar,0,36,46,33,115,0,0,72,12,84,0,36,118,45,199,42,6,48,247
03/21/2008,MLU,LA,ASW,CE,Combined TRACON& Tower with Radar,0,32,12,0,44,0,0,63,0,63,0,32,75,0,107,26,0,26,133
03/22/2008,MLU,LA,ASW,CE,Combined TRACON& Tower with Radar,0,21,7,0,28,0,0,52,0,52,0,21,59,0,80,48,0,48,128
03/23/2008,MLU,LA,ASW,CE,Combined TRACON& Tower with Radar,0,27,6,3,36,0,0,18,1,19,0,27,24,4,55,0,0,0,55
03/24/2008,MLU,LA,ASW,CE,Combined TRACON& Tower with Radar,0,33,16,7,56,0,1,43,7,51,0,34,59,14,107,8,0,8,115
03/25/2008,MLU,LA,ASW,CE,Combined TRACON& Tower with Radar,0,32,33,0,65,0,1,32,0,33,0,33,65,0,98,26,6,32,130
03/26/2008,MLU,LA,ASW,CE,Combined TRACON& Tower with Radar,0,31,44,8,83,0,6,25,7,38,0,37,69,15,121,36,8,44,165
03/27/2008,MLU,LA,ASW,CE,Combined TRACON& Tower with Radar,0,36,30,9,75,0,2,21,1,24,0,38,51,10,99,0,2,2,101
03/28/2008,MLU,LA,ASW,CE,Combined TRACON& Tower with Radar,0,33,23,19,75,0,0,20,3,23,0,33,43,22,98,68,32,100,198
03/29/2008,MLU,LA,ASW,CE,Combined TRACON& Tower with Radar,0,22,15,0,37,0,0,16,0,16,0,22,31,0,53,12,0,12,65
03/30/2008,MLU,LA,ASW,CE,Combined TRACON& Tower with Radar,0,23,9,0,32,0,1,2,0,3,0,24,11,0,35,0,0,0,35
03/31/2008,MLU,LA,ASW,CE,Combined TRACON& Tower with Radar,0,31,32,5,68,0,0,16,0,16,0,31,48,5,84,32,0,32,116
04/01/2008,MLU,LA,ASW,CE,Combined TRACON& Tower with Radar,0,35,39,4,78,0,0,15,3,18,0,35,54,7,96,28,0,28,124
04/02/2008,MLU,LA,ASW,CE,Combined TRACON& Tower with Radar,0,32,38,4,74,0,0,12,0,12,0,32,50,4,86,18,0,18,104
04/03/2008,MLU,LA,ASW,CE,Combined TRACON& Tower with Radar,0,38,22,6,66,0,3,13,2,18,0,41,35,8,84,40,0,40,124
04/04/2008,MLU,LA,ASW,CE,Combined TRACON& Tower with Radar,0,29,18,0,47,0,0,3,0,3,0,29,21,0,50,0,0,0,50
04/05/2008,MLU,LA,ASW,CE,Combined TRACON& Tower with Radar,0,20,33,1,54,0,2,18,3,23,0,22,51,4,77,52,6,58,135
04/06/2008,MLU,LA,ASW,CE,Combined TRACON& Tower with Radar,0,26,16,1,43,0,0,45,4,49,0,26,61,5,92,10,0,10,102
04/07/2008,MLU,LA,ASW,CE,Combined TRACON& Tower with Radar,0,32,30,26,88,0,1,51,11,63,0,33,81,37,151,54,4,58,209
04/08/2008,MLU,LA,ASW,CE,Combined TRACON& Tower with Radar,0,30,33,3,66,0,1,35,7,43,0,31,68,10,109,48,2,50,159
04/09/2008,MLU,LA,ASW,CE,Combined TRACON& Tower with Radar,0,32,22,0,54,0,4,7,0,11,0,36,29,0,65,18,0,18,83
04/10/2008,MLU,LA,ASW,CE,Combined TRACON& Tower with Radar,0,36,14,0,50,0,0,4,0,4,0,36,18,0,54,0,0,0,54
04/11/2008,MLU,LA,ASW,CE,Combined TRACON& Tower with Radar,0,33,19,3,55,0,1,44,2,47,0,34,63,5,102,38,18,56,158
04/12/2008,MLU,LA,ASW,CE,Combined TRACON& Tower with Radar,0,21,20,2,43,0,0,43,6,49,0,21,63,8,92,6,14,20,112
04/13/2008,MLU,LA,ASW,CE,Combined TRACON& Tower with Radar,0,28,26,3,57,0,1,25,2,28,0,29,51,5,85,8,0,8,93
04/14/2008,MLU,LA,ASW,CE,Combined TRACON& Tower with Radar,0,36,27,19,82,0,2,66,11,79,0,38,93,30,161,28,32,60,221
04/15/2008,MLU,LA,ASW,CE,Combined TRACON& Tower with Radar,0,32,35,15,82,0,0,48,15,63,0,32,83,30,145,56,10,66,211
04/16/2008,MLU,LA,ASW,CE,Combined TRACON& Tower with Radar,0,32,25,2,59,0,2,33,0,35,0,34,58,2,94,18,0,18,112
04/17/2008,MLU,LA,ASW,CE,Combined TRACON& Tower with Radar,0,34,39,6,79,0,1,26,0,27,0,35,65,6,106,44,12,56,162
04/18/2008,MLU,LA,ASW,CE,Combined TRACON& Tower with Radar,0,32,23,0,55,0,5,19,0,24,0,37,42,0,79,70,0,70,149
04/19/2008,MLU,LA,ASW,CE,Combined TRACON& Tower with Radar,0,22,26,0,48,0,0,60,0,60,0,22,86,0,108,26,0,26,134
04/20/2008,MLU,LA,ASW,CE,Combined TRACON& Tower with Radar,0,27,14,0,41,0,0,37,0,37,0,27,51,0,78,44,0,44,122
04/21/2008,MLU,LA,ASW,CE,Combined TRACON& Tower with Radar,0,33,34,11,78,0,3,66,0,69,0,36,100,11,147,58,2,60,207
04/22/2008,MLU,LA,ASW,CE,Combined TRACON& Tower with Radar,0,31,43,0,74,0,0,27,0,27,0,31,70,0,101,28,0,28,129
04/23/2008,MLU,LA,ASW,CE,Combined TRACON& Tower with Radar,0,28,39,4,71,0,0,49,0,49,0,28,88,4,120,44,0,44,164
04/24/2008,MLU,LA,ASW,CE,Combined TRACON& Tower with Radar,0,32,34,0,66,0,1,19,0,20,0,33,53,0,86,10,0,10,96
04/25/2008,MLU,LA,ASW,CE,Combined TRACON& Tower with Radar,0,35,29,12,76,0,0,34,4,38,0,35,63,16,114,34,0,34,148
04/26/2008,MLU,LA,ASW,CE,Combined TRACON& Tower with Radar,0,22,12,0,34,0,0,14,0,14,0,22,26,0,48,14,0,14,62
04/27/2008,MLU,LA,ASW,CE,Combined TRACON& Tower with Radar,0,28,9,0,37,0,0,2,0,2,0,28,11,0,39,6,0,6,45
04/28/2008,MLU,LA,ASW,CE,Combined TRACON& Tower with Radar,0,31,34,31,96,0,3,73,14,90,0,34,107,45,186,90,52,142,328
04/29/2008,MLU,LA,ASW,CE,Combined TRACON& Tower with Radar,0,31,44,24,99,0,1,61,4,66,0,32,105,28,165,22,22,44,209
04/30/2008,MLU,LA,ASW,CE,Combined TRACON& Tower with Radar,0,34,30,22,86,0,0,46,5,51,0,34,76,27,137,14,26,40,177
05/01/2008,MLU,LA,ASW,CE,Combined TRACON& Tower with Radar,0,34,32,16,82,0,0,21,4,25,0,34,53,20,107,12,0,12,119
05/02/2008,MLU,LA,ASW,CE,Combined TRACON& Tower with Radar,0,32,23,0,55,0,0,13,0,13,0,32,36,0,68,0,0,0,68
05/03/2008,MLU,LA,ASW,CE,Combined TRACON& Tower with Radar,0,16,12,0,28,0,0,21,2,23,0,16,33,2,51,6,0,6,57
05/04/2008,MLU,LA,ASW,CE,Combined TRACON& Tower with Radar,0,27,16,0,43,0,0,40,0,40,0,27,56,0,83,4,0,4,87
05/05/2008,MLU,LA,ASW,CE,Combined TRACON& Tower with Radar,0,27,25,0,52,0,7,38,0,45,0,34,63,0,97,52,0,52,149
05/06/2008,MLU,LA,ASW,CE,Combined TRACON& Tower with Radar,0,31,28,27,86,0,0,34,1,35,0,31,62,28,121,44,26,70,191
05/07/2008,MLU,LA,ASW,CE,Combined TRACON& Tower with Radar,0,29,30,13,72,0,0,36,0,36,0,29,66,13,108,36,0,36,144
05/08/2008,MLU,LA,ASW,CE,Combined TRACON& Tower with Radar,0,36,40,30,106,0,0,27,3,30,0,36,67,33,136,8,52,60,196
05/09/2008,MLU,LA,ASW,CE,Combined TRACON& Tower with Radar,0,35,30,27,92,0,0,30,4,34,0,35,60,31,126,22,16,38,164
05/10/2008,MLU,LA,ASW,CE,Combined TRACON& Tower with Radar,0,19,19,0,38,0,0,13,0,13,0,19,32,0,51,10,0,10,61
05/11/2008,MLU,LA,ASW,CE,Combined TRACON& Tower with Radar,0,26,15,0,41,0,0,28,2,30,0,26,43,2,71,2,0,2,73
05/12/2008,MLU,LA,ASW,CE,Combined TRACON& Tower with Radar,0,33,30,32,95,0,0,61,9,70,0,33,91,41,165,6,54,60,225
05/13/2008,MLU,LA,ASW,CE,Combined TRACON& Tower with Radar,0,33,31,0,64,0,0,17,0,17,0,33,48,0,81,6,0,6,87
05/14/2008,MLU,LA,ASW,CE,Combined TRACON& Tower with Radar,0,24,9,0,33,0,0,3,0,3,0,24,12,0,36,0,0,0,36
05/15/2008,MLU,LA,ASW,CE,Combined TRACON& Tower with Radar,0,31,29,20,80,0,0,27,6,33,0,31,56,26,113,12,16,28,141
05/16/2008,MLU,LA,ASW,CE,Combined TRACON& Tower with Radar,0,31,40,32,103,0,2,32,4,38,0,33,72,36,141,30,8,38,179
05/17/2008,MLU,LA,ASW,CE,Combined TRACON& Tower with Radar,0,18,19,0,37,0,2,31,0,33,0,20,50,0,70,34,0,34,104
05/18/2008,MLU,LA,ASW,CE,Combined TRACON& Tower with Radar,0,23,13,3,39,0,2,18,2,22,0,25,31,5,61,12,0,12,73
05/19/2008,MLU,LA,ASW,CE,Combined TRACON& Tower with Radar,0,25,38,7,70,0,10,36,8,54,0,35,74,15,124,52,8,60,184
05/20/2008,MLU,LA,ASW,CE,Combined TRACON& Tower with Radar,0,30,50,6,86,0,0,33,2,35,0,30,83,8,121,32,2,34,155
05/21/2008,MLU,LA,ASW,CE,Combined TRACON& Tower with Radar,0,28,43,10,81,0,0,66,0,66,0,28,109,10,147,30,4,34,181
05/22/2008,MLU,LA,ASW,CE,Combined TRACON& Tower with Radar,0,33,24,7,64,0,0,13,1,14,0,33,37,8,78,28,0,28,106
05/23/2008,MLU,LA,ASW,CE,Combined TRACON& Tower with Radar,0,32,34,0,66,0,0,37,0,37,0,32,71,0,103,12,8,20,123
05/24/2008,MLU,LA,ASW,CE,Combined TRACON& Tower with Radar,0,18,14,0,32,0,0,17,0,17,0,18,31,0,49,28,0,28,77
05/25/2008,MLU,LA,ASW,CE,Combined TRACON& Tower with Radar,0,20,10,0,30,0,0,12,0,12,0,20,22,0,42,0,0,0,42
05/26/2008,MLU,LA,ASW,CE,Combined TRACON& Tower with Radar,0,27,21,0,48,0,0,10,0,10,0,27,31,0,58,46,0,46,104
05/27/2008,MLU,LA,ASW,CE,Combined TRACON& Tower with Radar,0,33,8,14,55,0,1,12,7,20,0,34,20,21,75,14,28,42,117
05/28/2008,MLU,LA,ASW,CE,Combined TRACON& Tower with Radar,0,29,23,12,64,0,2,32,4,38,0,31,55,16,102,86,0,86,188
05/29/2008,MLU,LA,ASW,CE,Combined TRACON& Tower with Radar,0,34,56,18,108,0,1,13,8,22,0,35,69,26,130,0,24,24,154
05/30/2008,MLU,LA,ASW,CE,Combined TRACON& Tower with Radar,0,32,27,7,66,0,0,23,14,37,0,32,50,21,103,44,0,44,147
05/31/2008,MLU,LA,ASW,CE,Combined TRACON& Tower with Radar,0,19,14,0,33,0,0,31,0,31,0,19,45,0,64,0,0,0,64
06/01/2008,MLU,LA,ASW,CE,Combined TRACON& Tower with Radar,0,25,23,2,50,0,1,17,2,20,0,26,40,4,70,0,0,0,70
06/02/2008,MLU,LA,ASW,CE,Combined TRACON& Tower with Radar,0,34,28,14,76,0,1,34,3,38,0,35,62,17,114,42,6,48,162
06/03/2008,MLU,LA,ASW,CE,Combined TRACON& Tower with Radar,0,32,36,25,93,0,0,28,10,38,0,32,64,35,131,12,14,26,157
06/04/2008,MLU,LA,ASW,CE,Combined TRACON& Tower with Radar,0,27,39,17,83,0,0,22,13,35,0,27,61,30,118,50,24,74,192
06/05/2008,MLU,LA,ASW,CE,Combined TRACON& Tower with Radar,0,33,40,1,74,0,0,22,3,25,0,33,62,4,99,8,0,8,107
06/06/2008,MLU,LA,ASW,CE,Combined TRACON& Tower with Radar,0,32,35,15,82,0,0,25,1,26,0,32,60,16,108,16,20,36,144
06/07/2008,MLU,LA,ASW,CE,Combined TRACON& Tower with Radar,0,21,19,0,40,0,0,22,0,22,0,21,41,0,62,10,0,10,72
06/08/2008,MLU,LA,ASW,CE,Combined TRACON& Tower with Radar,0,27,28,0,55,0,1,14,0,15,0,28,42,0,70,26,0,26,96
06/09/2008,MLU,LA,ASW,CE,Combined TRACON& Tower with Radar,0,28,20,23,71,0,4,21,8,33,0,32,41,31,104,10,30,40,144
06/10/2008,MLU,LA,ASW,CE,Combined TRACON& Tower with Radar,0,34,40,14,88,0,1,31,5,37,0,35,71,19,125,12,24,36,161
06/11/2008,MLU,LA,ASW,CE,Combined TRACON& Tower with Radar,0,30,56,12,98,0,4,32,1,37,0,34,88,13,135,32,50,82,217
06/12/2008,MLU,LA,ASW,CE,Combined TRACON& Tower with Radar,0,30,25,12,67,0,0,37,6,43,0,30,62,18,110,16,6,22,132
06/13/2008,MLU,LA,ASW,CE,Combined TRACON& Tower with Radar,0,31,28,57,116,0,1,47,32,80,0,32,75,89,196,14,4,18,214
06/14/2008,MLU,LA,ASW,CE,Combined TRACON& Tower with Radar,0,20,15,0,35,0,0,29,0,29,0,20,44,0,64,39,0,39,103
06/15/2008,MLU,LA,ASW,CE,Combined TRACON& Tower with Radar,0,28,12,0,40,0,1,25,0,26,0,29,37,0,66,2,0,2,68
06/16/2008,MLU,LA,ASW,CE,Combined TRACON& Tower with Radar,0,29,23,24,76,0,0,29,10,39,0,29,52,34,115,12,20,32,147
06/17/2008,MLU,LA,ASW,CE,Combined TRACON& Tower with Radar,0,32,29,8,69,0,2,36,0,38,0,34,65,8,107,54,0,54,161
06/18/2008,MLU,LA,ASW,CE,Combined TRACON& Tower with Radar,0,33,42,15,90,0,0,22,7,29,0,33,64,22,119,26,4,30,149
06/19/2008,MLU,LA,ASW,CE,Combined TRACON& Tower with Radar,0,28,56,18,102,0,0,44,2,46,0,28,100,20,148,70,12,82,230
06/20/2008,MLU,LA,ASW,CE,Combined TRACON& Tower with Radar,0,32,24,0,56,0,1,27,0,28,0,33,51,0,84,0,0,0,84
06/21/2008,MLU,LA,ASW,CE,Combined TRACON& Tower with Radar,0,21,13,0,34,0,0,18,0,18,0,21,31,0,52,10,0,10,62
06/22/2008,MLU,LA,ASW,CE,Combined TRACON& Tower with Radar,0,27,19,0,46,0,0,24,0,24,0,27,43,0,70,8,0,8,78
06/23/2008,MLU,LA,ASW,CE,Combined TRACON& Tower with Radar,0,30,31,8,69,0,4,32,8,44,0,34,63,16,113,32,4,36,149
06/24/2008,MLU,LA,ASW,CE,Combined TRACON& Tower with Radar,0,29,42,26,97,0,2,32,12,46,0,31,74,38,143,46,20,66,209
06/25/2008,MLU,LA,ASW,CE,Combined TRACON& Tower with Radar,0,33,22,14,69,0,1,20,2,23,0,34,42,16,92,0,4,4,96
06/26/2008,MLU,LA,ASW,CE,Combined TRACON& Tower with Radar,0,34,15,11,60,0,0,21,3,24,0,34,36,14,84,12,2,14,98
06/27/2008,MLU,LA,ASW,CE,Combined TRACON& Tower with Radar,0,34,37,14,85,0,0,20,5,25,0,34,57,19,110,6,0,6,116
06/28/2008,MLU,LA,ASW,CE,Combined TRACON& Tower with Radar,0,19,26,0,45,0,0,21,0,21,0,19,47,0,66,26,0,26,92
06/29/2008,MLU,LA,ASW,CE,Combined TRACON& Tower with Radar,0,25,14,0,39,0,0,13,0,13,0,25,27,0,52,10,0,10,62
06/30/2008,MLU,LA,ASW,CE,Combined TRACON& Tower with Radar,0,29,40,9,78,0,6,21,1,28,0,35,61,10,106,4,0,4,110
07/01/2008,MLU,LA,ASW,CE,Combined TRACON& Tower with Radar,0,30,31,26,87,0,4,34,1,39,0,34,65,27,126,26,20,46,172
07/02/2008,MLU,LA,ASW,CE,Combined TRACON& Tower with Radar,0,33,20,22,75,0,4,39,1,44,0,37,59,23,119,16,32,48,167
07/03/2008,MLU,LA,ASW,CE,Combined TRACON& Tower with Radar,0,33,53,20,106,0,0,31,0,31,0,33,84,20,137,0,24,24,161
07/04/2008,MLU,LA,ASW,CE,Combined TRACON& Tower with Radar,0,22,24,0,46,0,0,0,0,0,0,22,24,0,46,0,0,0,46
07/05/2008,MLU,LA,ASW,CE,Combined TRACON& Tower with Radar,0,20,15,0,35,0,0,14,0,14,0,20,29,0,49,32,0,32,81
07/06/2008,MLU,LA,ASW,CE,Combined TRACON& Tower with Radar,0,27,20,0,47,0,0,15,0,15,0,27,35,0,62,4,0,4,66
07/07/2008,MLU,LA,ASW,CE,Combined TRACON& Tower with Radar,0,31,22,0,53,0,5,27,0,32,0,36,49,0,85,26,0,26,111
07/08/2008,MLU,LA,ASW,CE,Combined TRACON& Tower with Radar,0,34,23,38,95,0,1,44,0,45,0,35,67,38,140,28,18,46,186
07/09/2008,MLU,LA,ASW,CE,Combined TRACON& Tower with Radar,0,32,29,48,109,0,4,23,1,28,0,36,52,49,137,14,4,18,155
07/10/2008,MLU,LA,ASW,CE,Combined TRACON& Tower with Radar,0,31,38,39,108,0,2,21,2,25,0,33,59,41,133,12,28,40,173
07/11/2008,MLU,LA,ASW,CE,Combined TRACON& Tower with Radar,0,32,50,28,110,0,5,30,2,37,0,37,80,30,147,66,16,82,229
07/12/2008,MLU,LA,ASW,CE,Combined TRACON& Tower with Radar,0,20,16,4,40,0,0,35,1,36,0,20,51,5,76,34,0,34,110
07/13/2008,MLU,LA,ASW,CE,Combined TRACON& Tower with Radar,0,26,15,5,46,0,0,9,1,10,0,26,24,6,56,4,0,4,60
07/14/2008,MLU,LA,ASW,CE,Combined TRACON& Tower with Radar,0,29,26,10,65,0,2,26,1,29,0,31,52,11,94,26,18,44,138
07/15/2008,MLU,LA,ASW,CE,Combined TRACON& Tower with Radar,0,31,35,19,85,0,4,28,0,32,0,35,63,19,117,30,2,32,149
07/16/2008,MLU,LA,ASW,CE,Combined TRACON& Tower with Radar,0,30,41,20,91,0,2,36,0,38,0,32,77,20,129,39,0,39,168
07/17/2008,MLU,LA,ASW,CE,Combined TRACON& Tower with Radar,0,35,71,23,129,0,4,28,0,32,0,39,99,23,161,28,40,68,229
07/18/2008,MLU,LA,ASW,CE,Combined TRACON& Tower with Radar,0,34,33,23,90,0,2,31,1,34,0,36,64,24,124,0,0,0,124
07/19/2008,MLU,LA,ASW,CE,Combined TRACON& Tower with Radar,0,21,9,8,38,0,0,23,0,23,0,21,32,8,61,36,0,36,97
07/20/2008,MLU,LA,ASW,CE,Combined TRACON& Tower with Radar,0,30,21,2,53,0,0,18,0,18,0,30,39,2,71,6,0,6,77
07/21/2008,MLU,LA,ASW,CE,Combined TRACON& Tower with Radar,0,31,27,26,84,0,8,25,1,34,0,39,52,27,118,18,6,24,142
07/22/2008,MLU,LA,ASW,CE,Combined TRACON& Tower with Radar,0,28,39,24,91,0,3,27,0,30,0,31,66,24,121,24,16,40,161
07/23/2008,MLU,LA,ASW,CE,Combined TRACON& Tower with Radar,0,43,28,11,82,0,2,18,1,21,0,45,46,12,103,26,4,30,133
07/24/2008,MLU,LA,ASW,CE,Combined TRACON& Tower with Radar,0,32,31,5,68,0,0,23,2,25,0,32,54,7,93,32,0,32,125
07/25/2008,MLU,LA,ASW,CE,Combined TRACON& Tower with Radar,0,29,27,20,76,0,4,31,4,39,0,33,58,24,115,24,10,34,149
07/26/2008,MLU,LA,ASW,CE,Combined TRACON& Tower with Radar,0,20,9,0,29,0,2,24,4,30,0,22,33,4,59,32,0,32,91
07/27/2008,MLU,LA,ASW,CE,Combined TRACON& Tower with Radar,0,29,16,8,53,0,0,18,2,20,0,29,34,10,73,10,6,16,89
07/28/2008,MLU,LA,ASW,CE,Combined TRACON& Tower with Radar,3,32,21,34,90,0,5,39,2,46,3,37,60,36,136,26,22,48,184
07/29/2008,MLU,LA,ASW,CE,Combined TRACON& Tower with Radar,1,31,20,18,70,0,4,44,2,50,1,35,64,20,120,46,12,58,178
07/30/2008,MLU,LA,ASW,CE,Combined TRACON& Tower with Radar,0,33,26,19,78,0,3,28,1,32,0,36,54,20,110,4,0,4,114
07/31/2008,MLU,LA,ASW,CE,Combined TRACON& Tower with Radar,0,33,54,52,139,0,1,26,1,28,0,34,80,53,167,22,14,36,203
08/01/2008,MLU,LA,ASW,CE,Combined TRACON& Tower with Radar,0,31,25,2,58,0,4,32,1,37,0,35,57,3,95,40,0,40,135
08/02/2008,MLU,LA,ASW,CE,Combined TRACON& Tower with Radar,0,21,13,0,34,0,0,31,0,31,0,21,44,0,65,40,0,40,105
08/03/2008,MLU,LA,ASW,CE,Combined TRACON& Tower with Radar,0,29,18,5,52,0,0,19,1,20,0,29,37,6,72,10,0,10,82
08/04/2008,MLU,LA,ASW,CE,Combined TRACON& Tower with Radar,0,33,34,15,82,0,5,40,0,45,0,38,74,15,127,6,36,42,169
08/05/2008,MLU,LA,ASW,CE,Combined TRACON& Tower with Radar,0,23,28,0,51,0,1,26,0,27,0,24,54,0,78,26,0,26,104
08/06/2008,MLU,LA,ASW,CE,Combined TRACON& Tower with Radar,0,31,33,18,82,0,2,27,3,32,0,33,60,21,114,2,40,42,156
08/07/2008,MLU,LA,ASW,CE,Combined TRACON& Tower with Radar,0,40,26,7,73,0,1,26,0,27,0,41,52,7,100,24,20,44,144
08/08/2008,MLU,LA,ASW,CE,Combined TRACON& Tower with Radar,0,33,17,2,52,0,1,20,2,23,0,34,37,4,75,24,0,24,99
08/09/2008,MLU,LA,ASW,CE,Combined TRACON& Tower with Radar,0,20,35,10,65,0,2,53,2,57,0,22,88,12,122,4,10,14,136
08/10/2008,MLU,LA,ASW,CE,Combined TRACON& Tower with Radar,0,29,19,0,48,0,1,6,0,7,0,30,25,0,55,0,0,0,55
08/11/2008,MLU,LA,ASW,CE,Combined TRACON& Tower with Radar,0,32,10,2,44,0,2,0,0,2,0,34,10,2,46,0,0,0,46
08/12/2008,MLU,LA,ASW,CE,Combined TRACON& Tower with Radar,0,34,28,0,62,0,0,1,0,1,0,34,29,0,63,0,0,0,63
08/13/2008,MLU,LA,ASW,CE,Combined TRACON& Tower with Radar,0,31,35,32,98,0,2,23,7,32,0,33,58,39,130,4,0,4,134
08/14/2008,MLU,LA,ASW,CE,Combined TRACON& Tower with Radar,0,31,35,13,79,0,2,30,0,32,0,33,65,13,111,54,4,58,169
08/15/2008,MLU,LA,ASW,CE,Combined TRACON& Tower with Radar,0,32,35,13,80,0,1,34,0,35,0,33,69,13,115,28,0,28,143
08/16/2008,MLU,LA,ASW,CE,Combined TRACON& Tower with Radar,0,18,17,3,38,0,2,1,0,3,0,20,18,3,41,0,0,0,41
08/17/2008,MLU,LA,ASW,CE,Combined TRACON& Tower with Radar,0,31,34,1,66,0,0,12,0,12,0,31,46,1,78,0,0,0,78
08/18/2008,MLU,LA,ASW,CE,Combined TRACON& Tower with Radar,0,36,27,5,68,0,4,24,2,30,0,40,51,7,98,32,2,34,132
08/19/2008,MLU,LA,ASW,CE,Combined TRACON& Tower with Radar,0,37,30,8,75,0,0,2,2,4,0,37,32,10,79,0,2,2,81
08/20/2008,MLU,LA,ASW,CE,Combined TRACON& Tower with Radar,0,35,19,3,57,0,1,6,0,7,0,36,25,3,64,12,2,14,78
08/21/2008,MLU,LA,ASW,CE,Combined TRACON& Tower with Radar,0,36,52,1,89,0,1,26,0,27,0,37,78,1,116,28,0,28,144
08/22/2008,MLU,LA,ASW,CE,Combined TRACON& Tower with Radar,0,33,26,3,62,0,1,30,4,35,0,34,56,7,97,8,4,12,109
08/23/2008,MLU,LA,ASW,CE,Combined TRACON& Tower with Radar,0,19,26,6,51,0,0,2,0,2,0,19,28,6,53,18,0,18,71
08/24/2008,MLU,LA,ASW,CE,Combined TRACON& Tower with Radar,0,28,10,0,38,0,0,2,0,2,0,28,12,0,40,0,0,0,40
08/25/2008,MLU,LA,ASW,CE,Combined TRACON& Tower with Radar,0,28,14,0,42,0,2,5,0,7,0,30,19,0,49,0,0,0,49
08/26/2008,MLU,LA,ASW,CE,Combined TRACON& Tower with Radar,0,30,40,34,104,0,2,15,1,18,0,32,55,35,122,4,34,38,160
08/27/2008,MLU,LA,ASW,CE,Combined TRACON& Tower with Radar,0,32,37,24,93,0,2,18,3,23,0,34,55,27,116,5,28,33,149
08/28/2008,MLU,LA,ASW,CE,Combined TRACON& Tower with Radar,1,40,77,29,147,0,2,24,0,26,1,42,101,29,173,22,0,22,195
08/29/2008,MLU,LA,ASW,CE,Combined TRACON& Tower with Radar,1,35,25,20,81,0,1,35,0,36,1,36,60,20,117,14,20,34,151
08/30/2008,MLU,LA,ASW,CE,Combined TRACON& Tower with Radar,1,16,40,0,57,0,1,59,0,60,1,17,99,0,117,38,0,38,155
08/31/2008,MLU,LA,ASW,CE,Combined TRACON& Tower with Radar,2,18,29,0,49,0,0,27,0,27,2,18,56,0,76,18,0,18,94
09/01/2008,MLU,LA,ASW,CE,Combined TRACON& Tower with Radar,0,22,4,0,26,0,0,3,0,3,0,22,7,0,29,4,0,4,33
09/02/2008,MLU,LA,ASW,CE,Combined TRACON& Tower with Radar,0,27,4,0,31,0,0,0,0,0,0,27,4,0,31,0,0,0,31
09/03/2008,MLU,LA,ASW,CE,Combined TRACON& Tower with Radar,0,26,15,0,41,0,0,1,0,1,0,26,16,0,42,0,0,0,42
09/04/2008,MLU,LA,ASW,CE,Combined TRACON& Tower with Radar,0,30,49,5,84,0,0,12,3,15,0,30,61,8,99,18,2,20,119
09/05/2008,MLU,LA,ASW,CE,Combined TRACON& Tower with Radar,0,29,33,18,80,0,0,24,2,26,0,29,57,20,106,14,0,14,120
09/06/2008,MLU,LA,ASW,CE,Combined TRACON& Tower with Radar,0,20,18,0,38,0,43,9,0,52,0,63,27,0,90,14,0,14,104
09/07/2008,MLU,LA,ASW,CE,Combined TRACON& Tower with Radar,0,24,17,0,41,0,0,38,0,38,0,24,55,0,79,2,0,2,81
09/08/2008,MLU,LA,ASW,CE,Combined TRACON& Tower with Radar,0,32,30,20,82,0,1,32,0,33,0,33,62,20,115,68,52,120,235
09/09/2008,MLU,LA,ASW,CE,Combined TRACON& Tower with Radar,0,27,28,14,69,0,1,20,2,23,0,28,48,16,92,28,2,30,122
09/10/2008,MLU,LA,ASW,CE,Combined TRACON& Tower with Radar,0,29,51,30,110,0,0,19,4,23,0,29,70,34,133,34,2,36,169
09/11/2008,MLU,LA,ASW,CE,Combined TRACON& Tower with Radar,0,31,94,13,138,0,0,43,0,43,0,31,137,13,181,36,2,38,219
09/12/2008,MLU,LA,ASW,CE,Combined TRACON& Tower with Radar,0,27,23,6,56,0,2,8,0,10,0,29,31,6,66,0,2,2,68
09/13/2008,MLU,LA,ASW,CE,Combined TRACON& Tower with Radar,0,13,10,0,23,0,0,0,0,0,0,13,10,0,23,0,0,0,23
09/14/2008,MLU,LA,ASW,CE,Combined TRACON& Tower with Radar,0,18,7,0,25,0,0,19,0,19,0,18,26,0,44,25,0,25,69
09/15/2008,MLU,LA,ASW,CE,Combined TRACON& Tower with Radar,0,31,30,24,85,0,3,25,2,30,0,34,55,26,115,8,0,8,123
09/16/2008,MLU,LA,ASW,CE,Combined TRACON& Tower with Radar,0,24,33,13,70,0,2,38,5,45,0,26,71,18,115,36,0,36,151
09/17/2008,MLU,LA,ASW,CE,Combined TRACON& Tower with Radar,0,28,31,13,72,0,0,38,0,38,0,28,69,13,110,36,0,36,146
09/18/2008,MLU,LA,ASW,CE,Combined TRACON& Tower with Radar,0,33,94,22,149,0,2,40,4,46,0,35,134,26,195,22,0,22,217
09/19/2008,MLU,LA,ASW,CE,Combined TRACON& Tower with Radar,0,38,32,0,70,0,1,33,0,34,0,39,65,0,104,8,0,8,112
09/20/2008,MLU,LA,ASW,CE,Combined TRACON& Tower with Radar,0,24,36,0,60,0,0,44,0,44,0,24,80,0,104,12,0,12,116
09/21/2008,MLU,LA,ASW,CE,Combined TRACON& Tower with Radar,0,24,24,2,50,0,0,14,0,14,0,24,38,2,64,0,0,0,64
09/22/2008,MLU,LA,ASW,CE,Combined TRACON& Tower with Radar,0,31,30,41,102,0,1,27,1,29,0,32,57,42,131,18,10,28,159
09/23/2008,MLU,LA,ASW,CE,Combined TRACON& Tower with Radar,0,30,21,13,64,0,1,29,3,33,0,31,50,16,97,22,36,58,155
09/24/2008,MLU,LA,ASW,CE,Combined TRACON& Tower with Radar,0,26,18,20,64,0,2,47,1,50,0,28,65,21,114,32,10,42,156
09/25/2008,MLU,LA,ASW,CE,Combined TRACON& Tower with Radar,0,28,52,15,95,0,1,28,0,29,0,29,80,15,124,23,20,43,167
09/26/2008,MLU,LA,ASW,CE,Combined TRACON& Tower with Radar,0,29,28,20,77,0,0,37,2,39,0,29,65,22,116,4,14,18,134
09/27/2008,MLU,LA,ASW,CE,Combined TRACON& Tower with Radar,0,20,17,0,37,0,0,41,1,42,0,20,58,1,79,16,0,16,95
09/28/2008,MLU,LA,ASW,CE,Combined TRACON& Tower with Radar,0,24,24,0,48,0,0,30,0,30,0,24,54,0,78,2,0,2,80
09/29/2008,MLU,LA,ASW,CE,Combined TRACON& Tower with Radar,0,29,23,11,63,0,5,47,2,54,0,34,70,13,117,14,2,16,133
09/30/2008,MLU,LA,ASW,CE,Combined TRACON& Tower with Radar,0,26,32,54,112,0,2,34,3,39,0,28,66,57,151,16,6,22,173
10/01/2008,MLU,LA,ASW,CE,Combined TRACON& Tower with Radar,0,23,65,28,116,0,1,42,0,43,0,24,107,28,159,48,16,64,223
10/02/2008,MLU,LA,ASW,CE,Combined TRACON& Tower with Radar,0,28,61,31,120,0,1,35,1,37,0,29,96,32,157,16,18,34,191
10/03/2008,MLU,LA,ASW,CE,Combined TRACON& Tower with Radar,0,29,19,3,51,0,3,30,0,33,0,32,49,3,84,34,0,34,118
10/04/2008,MLU,LA,ASW,CE,Combined TRACON& Tower with Radar,0,21,26,0,47,0,0,68,0,68,0,21,94,0,115,38,0,38,153
10/05/2008,MLU,LA,ASW,CE,Combined TRACON& Tower with Radar,0,24,15,0,39,0,0,38,0,38,0,24,53,0,77,16,0,16,93
10/06/2008,MLU,LA,ASW,CE,Combined TRACON& Tower with Radar,0,29,12,10,51,0,2,20,1,23,0,31,32,11,74,0,0,0,74
10/07/2008,MLU,LA,ASW,CE,Combined TRACON& Tower with Radar,0,30,20,0,50,0,0,14,4,18,0,30,34,4,68,19,0,19,87
10/08/2008,MLU,LA,ASW,CE,Combined TRACON& Tower with Radar,0,24,27,58,109,0,1,41,2,44,0,25,68,60,153,38,2,40,193
10/09/2008,MLU,LA,ASW,CE,Combined TRACON& Tower with Radar,0,28,45,32,105,0,1,33,0,34,0,29,78,32,139,10,8,18,157
10/10/2008,MLU,LA,ASW,CE,Combined TRACON& Tower with Radar,0,27,64,20,111,0,2,47,0,49,0,29,111,20,160,26,0,26,186
10/11/2008,MLU,LA,ASW,CE,Combined TRACON& Tower with Radar,0,20,27,0,47,0,0,55,0,55,0,20,82,0,102,22,0,22,124
10/12/2008,MLU,LA,ASW,CE,Combined TRACON& Tower with Radar,0,24,24,0,48,0,0,16,0,16,0,24,40,0,64,14,0,14,78
10/13/2008,MLU,LA,ASW,CE,Combined TRACON& Tower with Radar,0,27,28,0,55,0,0,17,0,17,0,27,45,0,72,22,0,22,94
10/14/2008,MLU,LA,ASW,CE,Combined TRACON& Tower with Radar,0,27,25,48,100,0,1,38,3,42,0,28,63,51,142,12,46,58,200
10/15/2008,MLU,LA,ASW,CE,Combined TRACON& Tower with Radar,0,24,50,2,76,0,2,34,2,38,0,26,84,4,114,6,4,10,124
10/16/2008,MLU,LA,ASW,CE,Combined TRACON& Tower with Radar,0,34,44,0,78,0,0,0,0,0,0,34,44,0,78,0,0,0,78
10/17/2008,MLU,LA,ASW,CE,Combined TRACON& Tower with Radar,0,27,42,13,82,0,2,33,0,35,0,29,75,13,117,6,0,6,123
10/18/2008,MLU,LA,ASW,CE,Combined TRACON& Tower with Radar,0,20,14,0,34,0,0,36,1,37,0,20,50,1,71,44,0,44,115
10/19/2008,MLU,LA,ASW,CE,Combined TRACON& Tower with Radar,0,22,24,0,46,0,0,43,0,43,0,22,67,0,89,14,0,14,103
10/20/2008,MLU,LA,ASW,CE,Combined TRACON& Tower with Radar,0,30,26,19,75,0,3,44,5,52,0,33,70,24,127,38,1,39,166
10/21/2008,MLU,LA,ASW,CE,Combined TRACON& Tower with Radar,0,24,42,39,105,0,2,41,3,46,0,26,83,42,151,8,56,64,215
10/22/2008,MLU,LA,ASW,CE,Combined TRACON& Tower with Radar,0,22,53,53,128,0,0,26,5,31,0,22,79,58,159,5,28,33,192
10/23/2008,MLU,LA,ASW,CE,Combined TRACON& Tower with Radar,0,31,26,0,57,0,0,17,0,17,0,31,43,0,74,2,12,14,88
10/24/2008,MLU,LA,ASW,CE,Combined TRACON& Tower with Radar,1,27,24,20,72,0,1,20,1,22,1,28,44,21,94,12,24,36,130
10/25/2008,MLU,LA,ASW,CE,Combined TRACON& Tower with Radar,0,20,28,0,48,0,0,33,0,33,0,20,61,0,81,14,0,14,95
10/26/2008,MLU,LA,ASW,CE,Combined TRACON& Tower with Radar,0,22,25,3,50,0,0,41,0,41,0,22,66,3,91,22,6,28,119
10/27/2008,MLU,LA,ASW,CE,Combined TRACON& Tower with Radar,0,30,20,19,69,0,0,27,3,30,0,30,47,22,99,14,44,58,157
10/28/2008,MLU,LA,ASW,CE,Combined TRACON& Tower with Radar,0,27,24,5,56,0,1,29,11,41,0,28,53,16,97,0,12,12,109
10/29/2008,MLU,LA,ASW,CE,Combined TRACON& Tower with Radar,0,27,46,14,87,0,0,20,0,20,0,27,66,14,107,12,24,36,143
10/30/2008,MLU,LA,ASW,CE,Combined TRACON& Tower with Radar,1,31,68,20,120,0,0,38,5,43,1,31,106,25,163,22,26,48,211
10/31/2008,MLU,LA,ASW,CE,Combined TRACON& Tower with Radar,0,31,21,12,64,0,0,52,1,53,0,31,73,13,117,4,32,36,153
11/01/2008,MLU,LA,ASW,CE,Combined TRACON& Tower with Radar,1,20,33,0,54,0,0,44,5,49,1,20,77,5,103,8,0,8,111
11/02/2008,MLU,LA,ASW,CE,Combined TRACON& Tower with Radar,0,22,27,0,49,0,0,34,0,34,0,22,61,0,83,48,0,48,131
11/03/2008,MLU,LA,ASW,CE,Combined TRACON& Tower with Radar,0,31,24,15,70,0,0,26,0,26,0,31,50,15,96,40,32,72,168
11/04/2008,MLU,LA,ASW,CE,Combined TRACON& Tower with Radar,0,27,34,20,81,0,0,31,0,31,0,27,65,20,112,68,24,92,204
11/05/2008,MLU,LA,ASW,CE,Combined TRACON& Tower with Radar,0,27,21,9,57,0,0,41,0,41,0,27,62,9,98,10,22,32,130
11/06/2008,MLU,LA,ASW,CE,Combined TRACON& Tower with Radar,0,31,39,0,70,0,0,7,0,7,0,31,46,0,77,8,0,8,85
11/07/2008,MLU,LA,ASW,CE,Combined TRACON& Tower with Radar,2,34,34,26,96,0,0,39,1,40,2,34,73,27,136,16,6,22,158
11/08/2008,MLU,LA,ASW,CE,Combined TRACON& Tower with Radar,2,20,20,0,42,0,0,38,0,38,2,20,58,0,80,12,0,12,92
11/09/2008,MLU,LA,ASW,CE,Combined TRACON& Tower with Radar,0,22,31,0,53,0,0,25,0,25,0,22,56,0,78,28,0,28,106
11/10/2008,MLU,LA,ASW,CE,Combined TRACON& Tower with Radar,0,29,16,30,75,0,0,16,0,16,0,29,32,30,91,51,0,51,142
11/11/2008,MLU,LA,ASW,CE,Combined TRACON& Tower with Radar,0,21,20,0,41,0,0,1,0,1,0,21,21,0,42,0,0,0,42
11/12/2008,MLU,LA,ASW,CE,Combined TRACON& Tower with Radar,0,27,32,7,66,0,0,4,0,4,0,27,36,7,70,18,0,18,88
11/13/2008,MLU,LA,ASW,CE,Combined TRACON& Tower with Radar,0,27,36,19,82,0,0,7,2,9,0,27,43,21,91,0,0,0,91
11/14/2008,MLU,LA,ASW,CE,Combined TRACON& Tower with Radar,2,31,41,23,97,0,0,6,1,7,2,31,47,24,104,16,0,16,120
11/15/2008,MLU,LA,ASW,CE,Combined TRACON& Tower with Radar,2,22,57,0,81,0,0,0,0,0,2,22,57,0,81,12,0,12,93
11/16/2008,MLU,LA,ASW,CE,Combined TRACON& Tower with Radar,0,24,24,2,50,0,2,31,0,33,0,26,55,2,83,28,0,28,111
11/17/2008,MLU,LA,ASW,CE,Combined TRACON& Tower with Radar,0,31,24,17,72,0,0,29,3,32,0,31,53,20,104,26,46,72,176
11/18/2008,MLU,LA,ASW,CE,Combined TRACON& Tower with Radar,0,37,40,21,98,0,0,29,2,31,0,37,69,23,129,38,16,54,183
11/19/2008,MLU,LA,ASW,CE,Combined TRACON& Tower with Radar,0,32,45,19,96,0,0,33,2,35,0,32,78,21,131,42,24,66,197
11/20/2008,MLU,LA,ASW,CE,Combined TRACON& Tower with Radar,0,30,62,30,122,0,0,25,0,25,0,30,87,30,147,34,0,34,181
11/21/2008,MLU,LA,ASW,CE,Combined TRACON& Tower with Radar,2,31,40,10,83,0,0,50,2,52,2,31,90,12,135,30,20,50,185
11/22/2008,MLU,LA,ASW,CE,Combined TRACON& Tower with Radar,0,19,33,0,52,0,0,35,0,35,0,19,68,0,87,8,0,8,95
11/23/2008,MLU,LA,ASW,CE,Combined TRACON& Tower with Radar,0,24,15,0,39,0,0,10,0,10,0,24,25,0,49,8,0,8,57
11/24/2008,MLU,LA,ASW,CE,Combined TRACON& Tower with Radar,0,28,21,7,56,0,0,15,1,16,0,28,36,8,72,14,0,14,86
11/25/2008,MLU,LA,ASW,CE,Combined TRACON& Tower with Radar,0,30,44,21,95,0,0,48,2,50,0,30,92,23,145,48,10,58,203
11/26/2008,MLU,LA,ASW,CE,Combined TRACON& Tower with Radar,0,34,30,4,68,0,1,35,0,36,0,35,65,4,104,8,0,8,112
11/27/2008,MLU,LA,ASW,CE,Combined TRACON& Tower with Radar,0,18,14,0,32,0,0,0,0,0,0,18,14,0,32,0,0,0,32
11/28/2008,MLU,LA,ASW,CE,Combined TRACON& Tower with Radar,2,27,9,0,38,0,0,0,0,0,2,27,9,0,38,0,0,0,38
11/29/2008,MLU,LA,ASW,CE,Combined TRACON& Tower with Radar,3,23,22,0,48,0,0,0,0,0,3,23,22,0,48,0,0,0,48
11/30/2008,MLU,LA,ASW,CE,Combined TRACON& Tower with Radar,0,24,16,0,40,0,0,29,0,29,0,24,45,0,69,8,0,8,77
12/01/2008,MLU,LA,ASW,CE,Combined TRACON& Tower with Radar,0,30,10,34,74,0,0,24,0,24,0,30,34,34,98,36,0,36,134
12/02/2008,MLU,LA,ASW,CE,Combined TRACON& Tower with Radar,0,29,30,16,75,0,0,38,3,41,0,29,68,19,116,0,12,12,128
12/03/2008,MLU,LA,ASW,CE,Combined TRACON& Tower with Radar,0,31,23,5,59,0,0,8,1,9,0,31,31,6,68,0,0,0,68
12/04/2008,MLU,LA,ASW,CE,Combined TRACON& Tower with Radar,0,29,44,19,92,0,0,15,5,20,0,29,59,24,112,18,14,32,144
12/05/2008,MLU,LA,ASW,CE,Combined TRACON& Tower with Radar,0,29,50,16,95,0,0,34,1,35,0,29,84,17,130,24,16,40,170
12/06/2008,MLU,LA,ASW,CE,Combined TRACON& Tower with Radar,0,18,18,11,47,0,1,51,1,53,0,19,69,12,100,48,26,74,174
12/07/2008,MLU,LA,ASW,CE,Combined TRACON& Tower with Radar,0,23,17,0,40,0,0,14,0,14,0,23,31,0,54,0,0,0,54
12/08/2008,MLU,LA,ASW,CE,Combined TRACON& Tower with Radar,0,30,41,31,102,0,0,20,1,21,0,30,61,32,123,0,6,6,129
12/09/2008,MLU,LA,ASW,CE,Combined TRACON& Tower with Radar,0,25,6,0,31,0,0,5,0,5,0,25,11,0,36,0,0,0,36
12/10/2008,MLU,LA,ASW,CE,Combined TRACON& Tower with Radar,0,28,21,69,118,0,0,0,0,0,0,28,21,69,118,0,0,0,118
12/11/2008,MLU,LA,ASW,CE,Combined TRACON& Tower with Radar,0,32,19,3,54,0,0,4,0,4,0,32,23,3,58,0,0,0,58
12/12/2008,MLU,LA,ASW,CE,Combined TRACON& Tower with Radar,0,31,82,6,119,0,0,36,1,37,0,31,118,7,156,20,0,20,176
12/13/2008,MLU,LA,ASW,CE,Combined TRACON& Tower with Radar,0,18,47,2,67,0,0,19,1,20,0,18,66,3,87,8,0,8,95
12/14/2008,MLU,LA,ASW,CE,Combined TRACON& Tower with Radar,0,22,40,0,62,0,0,8,0,8,0,22,48,0,70,0,0,0,70
12/15/2008,MLU,LA,ASW,CE,Combined TRACON& Tower with Radar,0,33,20,2,55,0,0,1,0,1,0,33,21,2,56,0,0,0,56
12/16/2008,MLU,LA,ASW,CE,Combined TRACON& Tower with Radar,0,27,12,0,39,0,0,0,0,0,0,27,12,0,39,0,0,0,39
12/17/2008,MLU,LA,ASW,CE,Combined TRACON& Tower with Radar,0,27,26,0,53,0,0,0,0,0,0,27,26,0,53,0,0,0,53
12/18/2008,MLU,LA,ASW,CE,Combined TRACON& Tower with Radar,0,22,11,0,33,0,0,0,0,0,0,22,11,0,33,0,0,0,33
12/19/2008,MLU,LA,ASW,CE,Combined TRACON& Tower with Radar,0,28,44,12,84,0,0,5,2,7,0,28,49,14,91,6,20,26,117
12/20/2008,MLU,LA,ASW,CE,Combined TRACON& Tower with Radar,0,24,16,0,40,0,0,0,0,0,0,24,16,0,40,0,0,0,40
12/21/2008,MLU,LA,ASW,CE,Combined TRACON& Tower with Radar,0,23,11,0,34,0,0,22,0,22,0,23,33,0,56,2,0,2,58
12/22/2008,MLU,LA,ASW,CE,Combined TRACON& Tower with Radar,0,29,7,30,66,0,0,28,0,28,0,29,35,30,94,8,2,10,104
12/23/2008,MLU,LA,ASW,CE,Combined TRACON& Tower with Radar,0,31,20,6,57,0,0,2,0,2,0,31,22,6,59,0,0,0,59
12/24/2008,MLU,LA,ASW,CE,Combined TRACON& Tower with Radar,0,30,2,0,32,0,0,2,0,2,0,30,4,0,34,0,0,0,34
12/25/2008,MLU,LA,ASW,CE,Combined TRACON& Tower with Radar,0,17,3,0,20,0,0,0,0,0,0,17,3,0,20,0,0,0,20
12/26/2008,MLU,LA,ASW,CE,Combined TRACON& Tower with Radar,0,30,25,0,55,0,0,5,0,5,0,30,30,0,60,46,0,46,106
12/27/2008,MLU,LA,ASW,CE,Combined TRACON& Tower with Radar,0,22,10,0,32,0,0,1,0,1,0,22,11,0,33,0,0,0,33
12/28/2008,MLU,LA,ASW,CE,Combined TRACON& Tower with Radar,0,22,28,0,50,0,0,19,0,19,0,22,47,0,69,4,0,4,73
12/29/2008,MLU,LA,ASW,CE,Combined TRACON& Tower with Radar,0,31,13,0,44,0,0,29,0,29,0,31,42,0,73,14,0,14,87
12/30/2008,MLU,LA,ASW,CE,Combined TRACON& Tower with Radar,0,33,25,3,61,0,0,29,2,31,0,33,54,5,92,6,20,26,118
12/31/2008,MLU,LA,ASW,CE,Combined TRACON& Tower with Radar,0,30,22,0,52,0,0,15,0,15,0,30,37,0,67,10,0,10,77
01/01/2009,MLU,LA,ASW,CE,Combined TRACON& Tower with Radar,0,18,28,0,46,0,0,18,0,18,0,18,46,0,64,0,0,0,64
01/02/2009,MLU,LA,ASW,CE,Combined TRACON& Tower with Radar,0,28,22,0,50,0,0,4,0,4,0,28,26,0,54,6,0,6,60
01/03/2009,MLU,LA,ASW,CE,Combined TRACON& Tower with Radar,0,22,25,0,47,0,0,3,0,3,0,22,28,0,50,0,0,0,50
01/04/2009,MLU,LA,ASW,CE,Combined TRACON& Tower with Radar,0,23,24,0,47,0,0,0,0,0,0,23,24,0,47,0,0,0,47
01/05/2009,MLU,LA,ASW,CE,Combined TRACON& Tower with Radar,0,32,9,0,41,0,0,0,0,0,0,32,9,0,41,0,0,0,41
01/06/2009,MLU,LA,ASW,CE,Combined TRACON& Tower with Radar,0,28,10,0,38,0,0,0,0,0,0,28,10,0,38,0,0,0,38
01/07/2009,MLU,LA,ASW,CE,Combined TRACON& Tower with Radar,0,34,88,0,122,0,0,37,0,37,0,34,125,0,159,36,0,36,195
01/08/2009,MLU,LA,ASW,CE,Combined TRACON& Tower with Radar,0,27,82,20,129,0,0,45,0,45,0,27,127,20,174,8,24,32,206
01/09/2009,MLU,LA,ASW,CE,Combined TRACON& Tower with Radar,0,33,62,30,125,0,0,36,0,36,0,33,98,30,161,10,34,44,205
01/10/2009,MLU,LA,ASW,CE,Combined TRACON& Tower with Radar,0,20,12,3,35,0,0,1,0,1,0,20,13,3,36,58,10,68,104
01/11/2009,MLU,LA,ASW,CE,Combined TRACON& Tower with Radar,0,24,22,0,46,0,0,25,0,25,0,24,47,0,71,14,0,14,85
01/12/2009,MLU,LA,ASW,CE,Combined TRACON& Tower with Radar,0,30,28,10,68,0,0,16,2,18,0,30,44,12,86,0,24,24,110
01/13/2009,MLU,LA,ASW,CE,Combined TRACON& Tower with Radar,0,30,58,10,98,0,0,67,1,68,0,30,125,11,166,8,6,14,180
01/14/2009,MLU,LA,ASW,CE,Combined TRACON& Tower with Radar,0,29,27,4,60,0,0,29,2,31,0,29,56,6,91,10,20,30,121
01/15/2009,MLU,LA,ASW,CE,Combined TRACON& Tower with Radar,0,31,76,4,111,0,0,33,1,34,0,31,109,5,145,18,14,32,177
01/16/2009,MLU,LA,ASW,CE,Combined TRACON& Tower with Radar,0,30,74,14,118,0,0,36,0,36,0,30,110,14,154,28,4,32,186
01/17/2009,MLU,LA,ASW,CE,Combined TRACON& Tower with Radar,0,20,8,0,28,0,0,16,0,16,0,20,24,0,44,20,0,20,64
01/18/2009,MLU,LA,ASW,CE,Combined TRACON& Tower with Radar,0,21,15,0,36,0,0,24,0,24,0,21,39,0,60,2,0,2,62
01/19/2009,MLU,LA,ASW,CE,Combined TRACON& Tower with Radar,0,29,29,0,58,0,0,30,0,30,0,29,59,0,88,28,0,28,116
01/20/2009,MLU,LA,ASW,CE,Combined TRACON& Tower with Radar,0,31,32,38,101,0,0,38,0,38,0,31,70,38,139,20,14,34,173
01/21/2009,MLU,LA,ASW,CE,Combined TRACON& Tower with Radar,0,29,30,34,93,0,0,33,0,33,0,29,63,34,126,22,34,56,182
01/22/2009,MLU,LA,ASW,CE,Combined TRACON& Tower with Radar,0,34,74,31,139,0,0,33,1,34,0,34,107,32,173,6,30,36,209
01/23/2009,MLU,LA,ASW,CE,Combined TRACON& Tower with Radar,0,30,47,23,100,0,0,21,0,21,0,30,68,23,121,6,14,20,141
01/24/2009,MLU,LA,ASW,CE,Combined TRACON& Tower with Radar,0,23,12,0,35,0,0,2,0,2,0,23,14,0,37,14,0,14,51
01/25/2009,MLU,LA,ASW,CE,Combined TRACON& Tower with Radar,0,26,23,0,49,0,0,11,0,11,0,26,34,0,60,18,0,18,78
01/26/2009,MLU,LA,ASW,CE,Combined TRACON& Tower with Radar,0,36,23,0,59,0,0,5,0,5,0,36,28,0,64,0,0,0,64
01/27/2009,MLU,LA,ASW,CE,Combined TRACON& Tower with Radar,0,30,41,2,73,0,0,7,0,7,0,30,48,2,80,18,14,32,112
01/28/2009,MLU,LA,ASW,CE,Combined TRACON& Tower with Radar,0,28,35,8,71,0,5,6,0,11,0,33,41,8,82,44,0,44,126
01/29/2009,MLU,LA,ASW,CE,Combined TRACON& Tower with Radar,0,29,77,8,114,0,1,39,1,41,0,30,116,9,155,26,0,26,181
01/30/2009,MLU,LA,ASW,CE,Combined TRACON& Tower with Radar,0,28,69,40,137,0,0,42,0,42,0,28,111,40,179,24,20,44,223
01/31/2009,MLU,LA,ASW,CE,Combined TRACON& Tower with Radar,0,18,35,0,53,0,0,69,0,69,0,18,104,0,122,30,0,30,152
02/01/2009,MLU,LA,ASW,CE,Combined TRACON& Tower with Radar,0,22,17,0,39,0,0,27,0,27,0,22,44,0,66,10,0,10,76
02/02/2009,MLU,LA,ASW,CE,Combined TRACON& Tower with Radar,0,33,23,22,78,0,0,29,1,30,0,33,52,23,108,2,42,44,152
02/03/2009,MLU,LA,ASW,CE,Combined TRACON& Tower with Radar,0,41,26,13,80,0,0,59,0,59,0,41,85,13,139,30,10,40,179
02/04/2009,MLU,LA,ASW,CE,Combined TRACON& Tower with Radar,0,34,24,8,66,0,0,37,0,37,0,34,61,8,103,14,22,36,139
02/05/2009,MLU,LA,ASW,CE,Combined TRACON& Tower with Radar,0,38,61,16,115,0,0,48,0,48,0,38,109,16,163,32,34,66,229
02/06/2009,MLU,LA,ASW,CE,Combined TRACON& Tower with Radar,0,31,48,4,83,0,0,35,0,35,0,31,83,4,118,0,0,0,118
02/07/2009,MLU,LA,ASW,CE,Combined TRACON& Tower with Radar,0,20,13,1,34,0,0,36,4,40,0,20,49,5,74,64,0,64,138
02/08/2009,MLU,LA,ASW,CE,Combined TRACON& Tower with Radar,0,22,12,0,34,0,0,19,0,19,0,22,31,0,53,2,0,2,55
02/09/2009,MLU,LA,ASW,CE,Combined TRACON& Tower with Radar,0,30,19,0,49,0,0,21,0,21,0,30,40,0,70,12,0,12,82
02/10/2009,MLU,LA,ASW,CE,Combined TRACON& Tower with Radar,0,32,55,0,87,0,0,12,0,12,0,32,67,0,99,0,0,0,99
02/11/2009,MLU,LA,ASW,CE,Combined TRACON& Tower with Radar,0,32,19,4,55,0,0,31,0,31,0,32,50,4,86,22,0,22,108
02/12/2009,MLU,LA,ASW,CE,Combined TRACON& Tower with Radar,0,33,76,26,135,0,0,45,2,47,0,33,121,28,182,68,52,120,302
02/13/2009,MLU,LA,ASW,CE,Combined TRACON& Tower with Radar,0,31,24,0,55,0,0,6,0,6,0,31,30,0,61,6,0,6,67
02/14/2009,MLU,LA,ASW,CE,Combined TRACON& Tower with Radar,0,23,29,14,66,0,0,59,0,59,0,23,88,14,125,30,14,44,169
02/15/2009,MLU,LA,ASW,CE,Combined TRACON& Tower with Radar,0,24,12,0,36,0,1,28,0,29,0,25,40,0,65,34,0,34,99
02/16/2009,MLU,LA,ASW,CE,Combined TRACON& Tower with Radar,0,25,17,4,46,0,0,35,0,35,0,25,52,4,81,50,0,50,131
02/17/2009,MLU,LA,ASW,CE,Combined TRACON& Tower with Radar,0,29,40,4,73,0,0,14,0,14,0,29,54,4,87,6,0,6,93
02/18/2009,MLU,LA,ASW,CE,Combined TRACON& Tower with Radar,0,29,34,22,85,0,0,12,0,12,0,29,46,22,97,2,12,14,111
02/19/2009,MLU,LA,ASW,CE,Combined TRACON& Tower with Radar,0,31,68,12,111,0,1,39,1,41,0,32,107,13,152,22,4,26,178
02/20/2009,MLU,LA,ASW,CE,Combined TRACON& Tower with Radar,0,31,71,12,114,0,0,53,0,53,0,31,124,12,167,30,0,30,197
02/21/2009,MLU,LA,ASW,CE,Combined TRACON& Tower with Radar,0,20,18,0,38,0,0,4,0,4,0,20,22,0,42,12,0,12,54
02/22/2009,MLU,LA,ASW,CE,Combined TRACON& Tower with Radar,0,22,12,9,43,0,0,41,0,41,0,22,53,9,84,24,0,24,108
02/23/2009,MLU,LA,ASW,CE,Combined TRACON& Tower with Radar,0,30,28,2,60,0,0,26,0,26,0,30,54,2,86,42,0,42,128
02/24/2009,MLU,LA,ASW,CE,Combined TRACON& Tower with Radar,0,33,27,12,72,0,0,26,0,26,0,33,53,12,98,40,24,64,162
02/25/2009,MLU,LA,ASW,CE,Combined TRACON& Tower with Radar,0,31,36,7,74,0,0,16,0,16,0,31,52,7,90,6,0,6,96
02/26/2009,MLU,LA,ASW,CE,Combined TRACON& Tower with Radar,0,36,30,14,80,0,1,6,0,7,0,37,36,14,87,0,20,20,107
02/27/2009,MLU,LA,ASW,CE,Combined TRACON& Tower with Radar,0,34,26,0,60,0,0,8,0,8,0,34,34,0,68,52,0,52,120
02/28/2009,MLU,LA,ASW,CE,Combined TRACON& Tower with Radar,0,18,13,0,31,0,0,1,0,1,0,18,14,0,32,0,0,0,32
03/01/2009,MLU,LA,ASW,CE,Combined TRACON& Tower with Radar,0,18,19,2,39,0,2,22,0,24,0,20,41,2,63,0,0,0,63
03/02/2009,MLU,LA,ASW,CE,Combined TRACON& Tower with Radar,0,32,39,6,77,0,0,21,0,21,0,32,60,6,98,48,18,66,164
03/03/2009,MLU,LA,ASW,CE,Combined TRACON& Tower with Radar,0,27,27,18,72,0,1,37,1,39,0,28,64,19,111,22,0,22,133
03/04/2009,MLU,LA,ASW,CE,Combined TRACON& Tower with Radar,0,29,35,21,85,0,1,25,0,26,0,30,60,21,111,52,4,56,167
03/05/2009,MLU,LA,ASW,CE,Combined TRACON& Tower with Radar,0,30,33,3,66,0,1,26,0,27,0,31,59,3,93,46,0,46,139
03/06/2009,MLU,LA,ASW,CE,Combined TRACON& Tower with Radar,0,31,32,2,65,0,1,24,0,25,0,32,56,2,90,33,0,33,123
03/07/2009,MLU,LA,ASW,CE,Combined TRACON& Tower with Radar,0,23,11,2,36,0,0,15,0,15,0,23,26,2,51,62,0,62,113
03/08/2009,MLU,LA,ASW,CE,Combined TRACON& Tower with Radar,0,23,14,0,37,0,0,12,0,12,0,23,26,0,49,4,0,4,53
03/09/2009,MLU,LA,ASW,CE,Combined TRACON& Tower with Radar,0,31,31,10,72,0,1,23,0,24,0,32,54,10,96,32,0,32,128
03/10/2009,MLU,LA,ASW,CE,Combined TRACON& Tower with Radar,0,31,26,16,73,0,1,16,2,19,0,32,42,18,92,24,0,24,116
03/11/2009,MLU,LA,ASW,CE,Combined TRACON& Tower with Radar,0,32,21,6,59,0,0,4,1,5,0,32,25,7,64,0,0,0,64
03/12/2009,MLU,LA,ASW,CE,Combined TRACON& Tower with Radar,0,32,31,4,67,0,0,3,0,3,0,32,34,4,70,0,10,10,80
03/13/2009,MLU,LA,ASW,CE,Combined TRACON& Tower with Radar,0,30,10,0,40,0,0,0,0,0,0,30,10,0,40,0,0,0,40
03/14/2009,MLU,LA,ASW,CE,Combined TRACON& Tower with Radar,0,20,8,0,28,0,0,0,0,0,0,20,8,0,28,0,0,0,28
03/15/2009,MLU,LA,ASW,CE,Combined TRACON& Tower with Radar,0,23,18,0,41,0,0,1,0,1,0,23,19,0,42,0,0,0,42
03/16/2009,MLU,LA,ASW,CE,Combined TRACON& Tower with Radar,0,30,29,50,109,0,0,10,0,10,0,30,39,50,119,24,4,28,147
03/17/2009,MLU,LA,ASW,CE,Combined TRACON& Tower with Radar,0,27,46,8,81,0,0,14,0,14,0,27,60,8,95,22,0,22,117
03/18/2009,MLU,LA,ASW,CE,Combined TRACON& Tower with Radar,0,30,39,11,80,0,0,33,1,34,0,30,72,12,114,20,0,20,134
03/19/2009,MLU,LA,ASW,CE,Combined TRACON& Tower with Radar,0,29,42,40,111,0,0,35,1,36,0,29,77,41,147,28,16,44,191
03/20/2009,MLU,LA,ASW,CE,Combined TRACON& Tower with Radar,0,33,23,56,112,0,0,42,3,45,0,33,65,59,157,36,0,36,193
03/21/2009,MLU,LA,ASW,CE,Combined TRACON& Tower with Radar,0,18,23,0,41,0,3,49,0,52,0,21,72,0,93,70,0,70,163
03/22/2009,MLU,LA,ASW,CE,Combined TRACON& Tower with Radar,0,24,9,0,33,0,2,23,0,25,0,26,32,0,58,28,0,28,86
03/23/2009,MLU,LA,ASW,CE,Combined TRACON& Tower with Radar,0,32,42,0,74,0,0,18,0,18,0,32,60,0,92,40,0,40,132
03/24/2009,MLU,LA,ASW,CE,Combined TRACON& Tower with Radar,0,32,18,12,62,0,0,1,0,1,0,32,19,12,63,20,20,40,103
03/25/2009,MLU,LA,ASW,CE,Combined TRACON& Tower with Radar,0,27,27,16,70,0,0,9,0,9,0,27,36,16,79,56,0,56,135
03/26/2009,MLU,LA,ASW,CE,Combined TRACON& Tower with Radar,0,32,38,4,74,0,0,10,0,10,0,32,48,4,84,22,0,22,106
03/27/2009,MLU,LA,ASW,CE,Combined TRACON& Tower with Radar,0,32,23,13,68,0,0,4,0,4,0,32,27,13,72,0,0,0,72
03/28/2009,MLU,LA,ASW,CE,Combined TRACON& Tower with Radar,0,14,14,0,28,0,0,6,0,6,0,14,20,0,34,16,0,16,50
03/29/2009,MLU,LA,ASW,CE,Combined TRACON& Tower with Radar,0,16,25,0,41,0,0,37,0,37,0,16,62,0,78,30,0,30,108
03/30/2009,MLU,LA,ASW,CE,Combined TRACON& Tower with Radar,0,30,27,13,70,0,0,16,0,16,0,30,43,13,86,50,0,50,136
03/31/2009,MLU,LA,ASW,CE,Combined TRACON& Tower with Radar,0,31,36,0,67,0,0,13,0,13,0,31,49,0,80,38,0,38,118
04/01/2009,MLU,LA,ASW,CE,Combined TRACON& Tower with Radar,0,28,52,14,94,0,0,29,0,29,0,28,81,14,123,16,22,38,161
04/02/2009,MLU,LA,ASW,CE,Combined TRACON& Tower with Radar,0,27,21,0,48,0,0,2,0,2,0,27,23,0,50,0,0,0,50
04/03/2009,MLU,LA,ASW,CE,Combined TRACON& Tower with Radar,0,31,34,23,88,0,1,28,2,31,0,32,62,25,119,80,6,86,205
04/04/2009,MLU,LA,ASW,CE,Combined TRACON& Tower with Radar,0,19,15,2,36,0,0,32,0,32,0,19,47,2,68,20,0,20,88
04/05/2009,MLU,LA,ASW,CE,Combined TRACON& Tower with Radar,0,22,26,0,48,0,0,4,0,4,0,22,30,0,52,2,0,2,54
04/06/2009,MLU,LA,ASW,CE,Combined TRACON& Tower with Radar,0,34,21,24,79,0,0,7,0,7,0,34,28,24,86,0,0,0,86
04/07/2009,MLU,LA,ASW,CE,Combined TRACON& Tower with Radar,0,30,20,17,67,0,0,34,0,34,0,30,54,17,101,48,0,48,149
04/08/2009,MLU,LA,ASW,CE,Combined TRACON& Tower with Radar,0,34,39,32,105,0,0,29,0,29,0,34,68,32,134,38,0,38,172
04/09/2009,MLU,LA,ASW,CE,Combined TRACON& Tower with Radar,0,35,23,0,58,0,0,13,0,13,0,35,36,0,71,6,0,6,77
04/10/2009,MLU,LA,ASW,CE,Combined TRACON& Tower with Radar,0,33,17,24,74,0,0,14,2,16,0,33,31,26,90,24,0,24,114
04/11/2009,MLU,LA,ASW,CE,Combined TRACON& Tower with Radar,0,22,22,0,44,0,0,33,0,33,0,22,55,0,77,4,0,4,81
04/12/2009,MLU,LA,ASW,CE,Combined TRACON& Tower with Radar,0,18,3,0,21,0,0,0,0,0,0,18,3,0,21,0,0,0,21
04/13/2009,MLU,LA,ASW,CE,Combined TRACON& Tower with Radar,0,30,27,37,94,0,0,11,0,11,0,30,38,37,105,8,6,14,119
04/14/2009,MLU,LA,ASW,CE,Combined TRACON& Tower with Radar,0,30,36,5,71,0,0,25,0,25,0,30,61,5,96,0,0,0,96
04/15/2009,MLU,LA,ASW,CE,Combined TRACON& Tower with Radar,0,34,21,8,63,0,0,30,4,34,0,34,51,12,97,0,0,0,97
04/16/2009,MLU,LA,ASW,CE,Combined TRACON& Tower with Radar,0,35,25,9,69,0,0,33,2,35,0,35,58,11,104,0,0,0,104
04/17/2009,MLU,LA,ASW,CE,Combined TRACON& Tower with Radar,0,31,23,11,65,0,0,14,0,14,0,31,37,11,79,6,4,10,89
04/18/2009,MLU,LA,ASW,CE,Combined TRACON& Tower with Radar,0,15,12,0,27,0,0,3,0,3,0,15,15,0,30,0,0,0,30
04/19/2009,MLU,LA,ASW,CE,Combined TRACON& Tower with Radar,0,26,29,0,55,0,0,14,0,14,0,26,43,0,69,6,0,6,75
04/20/2009,MLU,LA,ASW,CE,Combined TRACON& Tower with Radar,0,34,23,56,113,0,0,40,1,41,0,34,63,57,154,20,52,72,226
04/21/2009,MLU,LA,ASW,CE,Combined TRACON& Tower with Radar,0,31,26,27,84,0,0,30,1,31,0,31,56,28,115,18,36,54,169
04/22/2009,MLU,LA,ASW,CE,Combined TRACON& Tower with Radar,0,31,31,16,78,0,0,38,3,41,0,31,69,19,119,50,12,62,181
04/23/2009,MLU,LA,ASW,CE,Combined TRACON& Tower with Radar,0,37,25,30,92,0,0,24,4,28,0,37,49,34,120,28,24,52,172
04/24/2009,MLU,LA,ASW,CE,Combined TRACON& Tower with Radar,0,33,34,10,77,0,0,23,0,23,0,33,57,10,100,18,4,22,122
04/25/2009,MLU,LA,ASW,CE,Combined TRACON& Tower with Radar,0,22,20,0,42,0,0,30,0,30,0,22,50,0,72,10,0,10,82
04/26/2009,MLU,LA,ASW,CE,Combined TRACON& Tower with Radar,0,24,12,0,36,0,0,4,0,4,0,24,16,0,40,8,0,8,48
04/27/2009,MLU,LA,ASW,CE,Combined TRACON& Tower with Radar,0,31,12,0,43,0,0,11,1,12,0,31,23,1,55,0,0,0,55
04/28/2009,MLU,LA,ASW,CE,Combined TRACON& Tower with Radar,0,27,33,0,60,0,3,10,0,13,0,30,43,0,73,28,0,28,101
04/29/2009,MLU,LA,ASW,CE,Combined TRACON& Tower with Radar,0,35,53,49,137,0,0,17,1,18,0,35,70,50,155,0,58,58,213
04/30/2009,MLU,LA,ASW,CE,Combined TRACON& Tower with Radar,0,32,49,19,100,0,0,26,2,28,0,32,75,21,128,0,0,0,128
05/01/2009,MLU,LA,ASW,CE,Combined TRACON& Tower with Radar,0,35,29,32,96,0,0,23,0,23,0,35,52,32,119,34,14,48,167
05/02/2009,MLU,LA,ASW,CE,Combined TRACON& Tower with Radar,0,19,24,0,43,0,0,10,0,10,0,19,34,0,53,1,0,1,54
05/03/2009,MLU,LA,ASW,CE,Combined TRACON& Tower with Radar,0,23,5,0,28,0,0,1,0,1,0,23,6,0,29,0,0,0,29
05/04/2009,MLU,LA,ASW,CE,Combined TRACON& Tower with Radar,0,32,28,33,93,0,0,11,0,11,0,32,39,33,104,20,0,20,124
05/05/2009,MLU,LA,ASW,CE,Combined TRACON& Tower with Radar,0,29,31,30,90,0,0,3,2,5,0,29,34,32,95,0,22,22,117
05/06/2009,MLU,LA,ASW,CE,Combined TRACON& Tower with Radar,0,30,24,0,54,0,0,18,0,18,0,30,42,0,72,22,0,22,94
05/07/2009,MLU,LA,ASW,CE,Combined TRACON& Tower with Radar,0,33,59,2,94,0,0,17,0,17,0,33,76,2,111,34,8,42,153
05/08/2009,MLU,LA,ASW,CE,Combined TRACON& Tower with Radar,0,35,47,4,86,0,1,17,0,18,0,36,64,4,104,2,0,2,106
05/09/2009,MLU,LA,ASW,CE,Combined TRACON& Tower with Radar,0,23,15,0,38,0,0,13,0,13,0,23,28,0,51,42,0,42,93
05/10/2009,MLU,LA,ASW,CE,Combined TRACON& Tower with Radar,0,26,7,0,33,0,0,2,0,2,0,26,9,0,35,0,0,0,35
05/11/2009,MLU,LA,ASW,CE,Combined TRACON& Tower with Radar,0,28,17,0,45,0,0,2,0,2,0,28,19,0,47,0,0,0,47
05/12/2009,MLU,LA,ASW,CE,Combined TRACON& Tower with Radar,0,37,42,0,79,0,0,6,0,6,0,37,48,0,85,12,0,12,97
05/13/2009,MLU,LA,ASW,CE,Combined TRACON& Tower with Radar,0,38,45,20,103,0,0,22,0,22,0,38,67,20,125,34,0,34,159
05/14/2009,MLU,LA,ASW,CE,Combined TRACON& Tower with Radar,0,38,56,16,110,0,0,34,2,36,0,38,90,18,146,40,18,58,204
05/15/2009,MLU,LA,ASW,CE,Combined TRACON& Tower with Radar,0,36,29,60,125,0,0,17,1,18,0,36,46,61,143,52,20,72,215
05/16/2009,MLU,LA,ASW,CE,Combined TRACON& Tower with Radar,0,20,10,6,36,0,0,10,0,10,0,20,20,6,46,44,0,44,90
05/17/2009,MLU,LA,ASW,CE,Combined TRACON& Tower with Radar,0,26,10,4,40,0,0,10,0,10,0,26,20,4,50,6,0,6,56
05/18/2009,MLU,LA,ASW,CE,Combined TRACON& Tower with Radar,0,32,33,20,85,0,0,36,0,36,0,32,69,20,121,8,10,18,139
05/19/2009,MLU,LA,ASW,CE,Combined TRACON& Tower with Radar,0,29,23,29,81,0,0,27,0,27,0,29,50,29,108,44,10,54,162
05/20/2009,MLU,LA,ASW,CE,Combined TRACON& Tower with Radar,0,35,35,19,89,0,0,43,1,44,0,35,78,20,133,32,0,32,165
05/21/2009,MLU,LA,ASW,CE,Combined TRACON& Tower with Radar,0,33,31,26,90,0,0,23,0,23,0,33,54,26,113,20,0,20,133
05/22/2009,MLU,LA,ASW,CE,Combined TRACON& Tower with Radar,0,33,42,0,75,0,0,3,0,3,0,33,45,0,78,12,0,12,90
05/23/2009,MLU,LA,ASW,CE,Combined TRACON& Tower with Radar,0,20,12,0,32,0,0,1,0,1,0,20,13,0,33,0,0,0,33
05/24/2009,MLU,LA,ASW,CE,Combined TRACON& Tower with Radar,0,21,9,0,30,0,0,10,0,10,0,21,19,0,40,14,0,14,54
05/25/2009,MLU,LA,ASW,CE,Combined TRACON& Tower with Radar,0,26,18,0,44,0,0,14,0,14,0,26,32,0,58,2,0,2,60
05/26/2009,MLU,LA,ASW,CE,Combined TRACON& Tower with Radar,0,30,28,27,85,0,0,13,0,13,0,30,41,27,98,54,12,66,164
05/27/2009,MLU,LA,ASW,CE,Combined TRACON& Tower with Radar,0,38,28,21,87,0,0,25,0,25,0,38,53,21,112,44,0,44,156
05/28/2009,MLU,LA,ASW,CE,Combined TRACON& Tower with Radar,0,32,35,29,96,0,0,32,1,33,0,32,67,30,129,44,2,46,175
05/29/2009,MLU,LA,ASW,CE,Combined TRACON& Tower with Radar,0,37,26,2,65,0,0,41,0,41,0,37,67,2,106,38,10,48,154
05/30/2009,MLU,LA,ASW,CE,Combined TRACON& Tower with Radar,0,21,19,2,42,0,1,40,0,41,0,22,59,2,83,64,0,64,147
05/31/2009,MLU,LA,ASW,CE,Combined TRACON& Tower with Radar,0,24,23,0,47,0,0,41,0,41,0,24,64,0,88,44,0,44,132
06/01/2009,MLU,LA,ASW,CE,Combined TRACON& Tower with Radar,0,29,26,16,71,0,0,16,0,16,0,29,42,16,87,16,20,36,123
06/02/2009,MLU,LA,ASW,CE,Combined TRACON& Tower with Radar,0,27,26,12,65,0,0,37,0,37,0,27,63,12,102,64,10,74,176
06/03/2009,MLU,LA,ASW,CE,Combined TRACON& Tower with Radar,0,32,28,22,82,0,0,21,0,21,0,32,49,22,103,32,26,58,161
06/04/2009,MLU,LA,ASW,CE,Combined TRACON& Tower with Radar,0,35,24,5,64,0,0,4,0,4,0,35,28,5,68,0,0,0,68
06/05/2009,MLU,LA,ASW,CE,Combined TRACON& Tower with Radar,0,33,23,35,91,0,0,23,1,24,0,33,46,36,115,6,4,10,125
06/06/2009,MLU,LA,ASW,CE,Combined TRACON& Tower with Radar,0,22,19,4,45,0,0,48,0,48,0,22,67,4,93,74,0,74,167
06/07/2009,MLU,LA,ASW,CE,Combined TRACON& Tower with Radar,0,24,28,0,52,0,0,18,0,18,0,24,46,0,70,38,0,38,108
06/08/2009,MLU,LA,ASW,CE,Combined TRACON& Tower with Radar,0,32,30,25,87,0,0,28,0,28,0,32,58,25,115,38,12,50,165
06/09/2009,MLU,LA,ASW,CE,Combined TRACON& Tower with Radar,0,31,34,15,80,0,0,21,3,24,0,31,55,18,104,44,0,44,148
06/10/2009,MLU,LA,ASW,CE,Combined TRACON& Tower with Radar,0,33,26,24,83,0,0,28,0,28,0,33,54,24,111,28,20,48,159
06/11/2009,MLU,LA,ASW,CE,Combined TRACON& Tower with Radar,0,31,36,11,78,0,0,17,1,18,0,31,53,12,96,12,0,12,108
06/12/2009,MLU,LA,ASW,CE,Combined TRACON& Tower with Radar,0,33,27,2,62,0,0,21,0,21,0,33,48,2,83,36,0,36,119
06/13/2009,MLU,LA,ASW,CE,Combined TRACON& Tower with Radar,0,20,17,0,37,0,0,29,0,29,0,20,46,0,66,34,0,34,100
06/14/2009,MLU,LA,ASW,CE,Combined TRACON& Tower with Radar,0,22,26,0,48,0,0,9,0,9,0,22,35,0,57,16,0,16,73
06/15/2009,MLU,LA,ASW,CE,Combined TRACON& Tower with Radar,0,31,10,49,90,0,0,9,0,9,0,31,19,49,99,16,86,102,201
06/16/2009,MLU,LA,ASW,CE,Combined TRACON& Tower with Radar,0,32,21,35,88,0,0,23,0,23,0,32,44,35,111,6,22,28,139
06/17/2009,MLU,LA,ASW,CE,Combined TRACON& Tower with Radar,0,37,40,20,97,0,0,25,2,27,0,37,65,22,124,38,12,50,174
06/18/2009,MLU,LA,ASW,CE,Combined TRACON& Tower with Radar,0,33,21,11,65,0,0,28,0,28,0,33,49,11,93,0,0,0,93
06/19/2009,MLU,LA,ASW,CE,Combined TRACON& Tower with Radar,0,33,27,14,74,0,0,31,0,31,0,33,58,14,105,24,30,54,159
06/20/2009,MLU,LA,ASW,CE,Combined TRACON& Tower with Radar,0,20,23,0,43,0,0,27,0,27,0,20,50,0,70,32,0,32,102
06/21/2009,MLU,LA,ASW,CE,Combined TRACON& Tower with Radar,0,22,13,0,35,0,0,16,0,16,0,22,29,0,51,2,0,2,53
06/22/2009,MLU,LA,ASW,CE,Combined TRACON& Tower with Radar,0,33,15,36,84,0,0,33,3,36,0,33,48,39,120,34,50,84,204
06/23/2009,MLU,LA,ASW,CE,Combined TRACON& Tower with Radar,0,36,19,12,67,0,0,27,2,29,0,36,46,14,96,12,10,22,118
06/24/2009,MLU,LA,ASW,CE,Combined TRACON& Tower with Radar,0,33,34,14,81,0,0,13,0,13,0,33,47,14,94,18,24,42,136
06/25/2009,MLU,LA,ASW,CE,Combined TRACON& Tower with Radar,0,34,21,19,74,0,0,21,3,24,0,34,42,22,98,0,32,32,130
06/26/2009,MLU,LA,ASW,CE,Combined TRACON& Tower with Radar,0,33,17,32,82,0,0,23,2,25,0,33,40,34,107,18,32,50,157
06/27/2009,MLU,LA,ASW,CE,Combined TRACON& Tower with Radar,0,20,23,0,43,0,0,33,0,33,0,20,56,0,76,66,0,66,142
06/28/2009,MLU,LA,ASW,CE,Combined TRACON& Tower with Radar,0,24,19,0,43,0,0,19,0,19,0,24,38,0,62,12,0,12,74
06/29/2009,MLU,LA,ASW,CE,Combined TRACON& Tower with Radar,0,39,23,16,78,0,0,9,0,9,0,39,32,16,87,18,0,18,105
06/30/2009,MLU,LA,ASW,CE,Combined TRACON& Tower with Radar,0,33,25,19,77,0,1,28,1,30,0,34,53,20,107,4,22,26,133
07/01/2009,MLU,LA,ASW,CE,Combined TRACON& Tower with Radar,0,34,27,15,76,0,1,22,1,24,0,35,49,16,100,4,2,6,106
07/02/2009,MLU,LA,ASW,CE,Combined TRACON& Tower with Radar,0,30,40,51,121,0,0,34,2,36,0,30,74,53,157,28,0,28,185
07/03/2009,MLU,LA,ASW,CE,Combined TRACON& Tower with Radar,0,26,19,0,45,0,0,31,0,31,0,26,50,0,76,0,0,0,76
07/04/2009,MLU,LA,ASW,CE,Combined TRACON& Tower with Radar,0,22,8,0,30,0,0,11,0,11,0,22,19,0,41,0,0,0,41
07/05/2009,MLU,LA,ASW,CE,Combined TRACON& Tower with Radar,0,25,17,0,42,0,0,6,0,6,0,25,23,0,48,0,0,0,48
07/06/2009,MLU,LA,ASW,CE,Combined TRACON& Tower with Radar,0,31,16,0,47,0,0,5,0,5,0,31,21,0,52,0,0,0,52
07/07/2009,MLU,LA,ASW,CE,Combined TRACON& Tower with Radar,0,28,30,44,102,0,0,15,2,17,0,28,45,46,119,18,26,44,163
07/08/2009,MLU,LA,ASW,CE,Combined TRACON& Tower with Radar,0,30,24,26,80,0,0,47,0,47,0,30,71,26,127,24,16,40,167
07/09/2009,MLU,LA,ASW,CE,Combined TRACON& Tower with Radar,0,30,26,36,92,0,1,35,0,36,0,31,61,36,128,20,14,34,162
07/10/2009,MLU,LA,ASW,CE,Combined TRACON& Tower with Radar,0,29,14,19,62,0,1,25,4,30,0,30,39,23,92,26,16,42,134
07/11/2009,MLU,LA,ASW,CE,Combined TRACON& Tower with Radar,0,20,19,0,39,0,0,23,0,23,0,20,42,0,62,0,0,0,62
07/12/2009,MLU,LA,ASW,CE,Combined TRACON& Tower with Radar,0,23,12,0,35,0,0,11,0,11,0,23,23,0,46,0,0,0,46
07/13/2009,MLU,LA,ASW,CE,Combined TRACON& Tower with Radar,0,33,16,3,52,0,0,18,1,19,0,33,34,4,71,8,0,8,79
07/14/2009,MLU,LA,ASW,CE,Combined TRACON& Tower with Radar,0,31,36,14,81,0,0,13,3,16,0,31,49,17,97,0,20,20,117
07/15/2009,MLU,LA,ASW,CE,Combined TRACON& Tower with Radar,0,28,33,20,81,0,0,29,0,29,0,28,62,20,110,24,50,74,184
07/16/2009,MLU,LA,ASW,CE,Combined TRACON& Tower with Radar,0,29,29,43,101,0,0,19,0,19,0,29,48,43,120,40,44,84,204
07/17/2009,MLU,LA,ASW,CE,Combined TRACON& Tower with Radar,0,29,28,7,64,0,0,12,2,14,0,29,40,9,78,40,0,40,118
07/18/2009,MLU,LA,ASW,CE,Combined TRACON& Tower with Radar,0,21,16,0,37,0,0,30,0,30,0,21,46,0,67,36,0,36,103
07/19/2009,MLU,LA,ASW,CE,Combined TRACON& Tower with Radar,0,23,13,2,38,0,0,12,0,12,0,23,25,2,50,2,0,2,52
07/20/2009,MLU,LA,ASW,CE,Combined TRACON& Tower with Radar,0,30,20,36,86,0,2,29,0,31,0,32,49,36,117,30,64,94,211
07/21/2009,MLU,LA,ASW,CE,Combined TRACON& Tower with Radar,0,32,32,4,68,0,0,13,0,13,0,32,45,4,81,0,0,0,81
07/22/2009,MLU,LA,ASW,CE,Combined TRACON& Tower with Radar,0,33,38,19,90,0,0,19,0,19,0,33,57,19,109,22,10,32,141
07/23/2009,MLU,LA,ASW,CE,Combined TRACON& Tower with Radar,0,31,34,41,106,0,0,21,3,24,0,31,55,44,130,12,22,34,164
07/24/2009,MLU,LA,ASW,CE,Combined TRACON& Tower with Radar,0,30,32,26,88,0,0,39,0,39,0,30,71,26,127,44,18,62,189
07/25/2009,MLU,LA,ASW,CE,Combined TRACON& Tower with Radar,0,22,9,0,31,0,0,40,0,40,0,22,49,0,71,30,0,30,101
07/26/2009,MLU,LA,ASW,CE,Combined TRACON& Tower with Radar,0,23,16,0,39,0,0,10,0,10,0,23,26,0,49,0,0,0,49
07/27/2009,MLU,LA,ASW,CE,Combined TRACON& Tower with Radar,0,28,12,9,49,0,0,9,0,9,0,28,21,9,58,2,32,34,92
07/28/2009,MLU,LA,ASW,CE,Combined TRACON& Tower with Radar,0,28,14,0,42,0,0,5,0,5,0,28,19,0,47,0,0,0,47
07/29/2009,MLU,LA,ASW,CE,Combined TRACON& Tower with Radar,0,33,25,8,66,0,0,2,0,2,0,33,27,8,68,0,0,0,68
07/30/2009,MLU,LA,ASW,CE,Combined TRACON& Tower with Radar,0,29,23,7,59,0,0,11,0,11,0,29,34,7,70,8,0,8,78
07/31/2009,MLU,LA,ASW,CE,Combined TRACON& Tower with Radar,0,29,37,8,74,0,0,6,1,7,0,29,43,9,81,22,2,24,105
08/01/2009,MLU,LA,ASW,CE,Combined TRACON& Tower with Radar,0,15,9,0,24,0,0,3,2,5,0,15,12,2,29,4,0,4,33
08/02/2009,MLU,LA,ASW,CE,Combined TRACON& Tower with Radar,0,22,14,0,36,0,0,20,0,20,0,22,34,0,56,20,0,20,76
08/03/2009,MLU,LA,ASW,CE,Combined TRACON& Tower with Radar,0,28,39,11,78,0,0,18,1,19,0,28,57,12,97,6,0,6,103
08/04/2009,MLU,LA,ASW,CE,Combined TRACON& Tower with Radar,0,29,41,23,93,0,0,35,3,38,0,29,76,26,131,0,14,14,145
08/05/2009,MLU,LA,ASW,CE,Combined TRACON& Tower with Radar,0,33,19,0,52,0,0,19,0,19,0,33,38,0,71,12,0,12,83
08/06/2009,MLU,LA,ASW,CE,Combined TRACON& Tower with Radar,0,29,15,8,52,0,0,23,0,23,0,29,38,8,75,6,0,6,81
08/07/2009,MLU,LA,ASW,CE,Combined TRACON& Tower with Radar,0,29,25,12,66,0,1,44,1,46,0,30,69,13,112,36,18,54,166
08/08/2009,MLU,LA,ASW,CE,Combined TRACON& Tower with Radar,0,18,16,0,34,0,0,27,1,28,0,18,43,1,62,13,0,13,75
08/09/2009,MLU,LA,ASW,CE,Combined TRACON& Tower with Radar,0,23,6,0,29,0,0,10,0,10,0,23,16,0,39,12,0,12,51
08/10/2009,MLU,LA,ASW,CE,Combined TRACON& Tower with Radar,0,30,21,6,57,0,0,24,0,24,0,30,45,6,81,28,20,48,129
08/11/2009,MLU,LA,ASW,CE,Combined TRACON& Tower with Radar,0,29,14,7,50,0,0,10,1,11,0,29,24,8,61,36,0,36,97
08/12/2009,MLU,LA,ASW,CE,Combined TRACON& Tower with Radar,0,28,32,18,78,0,0,31,3,34,0,28,63,21,112,18,50,68,180
08/13/2009,MLU,LA,ASW,CE,Combined TRACON& Tower with Radar,0,28,36,29,93,0,1,37,4,42,0,29,73,33,135,8,2,10,145
08/14/2009,MLU,LA,ASW,CE,Combined TRACON& Tower with Radar,0,29,30,15,74,0,0,34,1,35,0,29,64,16,109,6,2,8,117
08/15/2009,MLU,LA,ASW,CE,Combined TRACON& Tower with Radar,0,18,23,0,41,0,0,43,0,43,0,18,66,0,84,28,0,28,112
08/16/2009,MLU,LA,ASW,CE,Combined TRACON& Tower with Radar,0,23,23,0,46,0,0,21,0,21,0,23,44,0,67,0,0,0,67
08/17/2009,MLU,LA,ASW,CE,Combined TRACON& Tower with Radar,0,32,25,69,126,0,0,23,0,23,0,32,48,69,149,22,14,36,185
08/18/2009,MLU,LA,ASW,CE,Combined TRACON& Tower with Radar,0,26,29,50,105,0,0,18,1,19,0,26,47,51,124,12,74,86,210
08/19/2009,MLU,LA,ASW,CE,Combined TRACON& Tower with Radar,0,32,27,36,95,0,0,9,0,9,0,32,36,36,104,8,18,26,130
08/20/2009,MLU,LA,ASW,CE,Combined TRACON& Tower with Radar,0,28,15,17,60,0,0,8,1,9,0,28,23,18,69,0,4,4,73
08/21/2009,MLU,LA,ASW,CE,Combined TRACON& Tower with Radar,0,28,31,12,71,0,1,26,0,27,0,29,57,12,98,6,18,24,122
08/22/2009,MLU,LA,ASW,CE,Combined TRACON& Tower with Radar,0,18,18,0,36,0,0,29,0,29,0,18,47,0,65,20,0,20,85
08/23/2009,MLU,LA,ASW,CE,Combined TRACON& Tower with Radar,0,24,14,6,44,0,0,29,0,29,0,24,43,6,73,0,22,22,95
08/24/2009,MLU,LA,ASW,CE,Combined TRACON& Tower with Radar,0,32,15,30,77,0,0,31,2,33,0,32,46,32,110,6,28,34,144
08/25/2009,MLU,LA,ASW,CE,Combined TRACON& Tower with Radar,0,29,29,27,85,0,0,36,4,40,0,29,65,31,125,6,0,6,131
08/26/2009,MLU,LA,ASW,CE,Combined TRACON& Tower with Radar,0,29,32,15,76,0,0,36,1,37,0,29,68,16,113,16,0,16,129
08/27/2009,MLU,LA,ASW,CE,Combined TRACON& Tower with Radar,0,25,25,8,58,0,0,32,2,34,0,25,57,10,92,18,0,18,110
08/28/2009,MLU,LA,ASW,CE,Combined TRACON& Tower with Radar,0,26,24,4,54,0,0,15,3,18,0,26,39,7,72,4,0,4,76
08/29/2009,MLU,LA,ASW,CE,Combined TRACON& Tower with Radar,0,16,18,0,34,0,0,8,4,12,0,16,26,4,46,0,0,0,46
08/30/2009,MLU,LA,ASW,CE,Combined TRACON& Tower with Radar,0,26,11,0,37,0,0,9,1,10,0,26,20,1,47,0,0,0,47
08/31/2009,MLU,LA,ASW,CE,Combined TRACON& Tower with Radar,0,27,43,16,86,0,0,23,2,25,0,27,66,18,111,28,0,28,139
09/01/2009,MLU,LA,ASW,CE,Combined TRACON& Tower with Radar,0,26,36,7,69,0,0,20,4,24,0,26,56,11,93,0,22,22,115
09/02/2009,MLU,LA,ASW,CE,Combined TRACON& Tower with Radar,0,24,46,47,117,0,0,16,1,17,0,24,62,48,134,0,0,0,134
09/03/2009,MLU,LA,ASW,CE,Combined TRACON& Tower with Radar,0,26,31,33,90,0,0,18,1,19,0,26,49,34,109,0,2,2,111
09/04/2009,MLU,LA,ASW,CE,Combined TRACON& Tower with Radar,1,25,28,14,68,0,0,30,0,30,1,25,58,14,98,8,68,76,174
09/05/2009,MLU,LA,ASW,CE,Combined TRACON& Tower with Radar,0,13,9,0,22,0,0,23,0,23,0,13,32,0,45,34,0,34,79
09/06/2009,MLU,LA,ASW,CE,Combined TRACON& Tower with Radar,2,16,6,0,24,0,0,14,0,14,2,16,20,0,38,2,0,2,40
09/07/2009,MLU,LA,ASW,CE,Combined TRACON& Tower with Radar,0,24,13,0,37,0,0,31,0,31,0,24,44,0,68,14,0,14,82
09/08/2009,MLU,LA,ASW,CE,Combined TRACON& Tower with Radar,0,24,33,76,133,0,0,22,0,22,0,24,55,76,155,16,80,96,251
09/09/2009,MLU,LA,ASW,CE,Combined TRACON& Tower with Radar,0,25,55,27,107,0,0,45,5,50,0,25,100,32,157,12,12,24,181
09/10/2009,MLU,LA,ASW,CE,Combined TRACON& Tower with Radar,0,29,24,42,95,0,0,19,0,19,0,29,43,42,114,0,28,28,142
09/11/2009,MLU,LA,ASW,CE,Combined TRACON& Tower with Radar,2,24,21,0,47,0,0,8,0,8,2,24,29,0,55,14,0,14,69
09/12/2009,MLU,LA,ASW,CE,Combined TRACON& Tower with Radar,1,12,10,12,35,0,0,7,3,10,1,12,17,15,45,0,0,0,45
09/13/2009,MLU,LA,ASW,CE,Combined TRACON& Tower with Radar,0,24,11,0,35,0,0,3,1,4,0,24,14,1,39,0,0,0,39
09/14/2009,MLU,LA,ASW,CE,Combined TRACON& Tower with Radar,0,24,20,7,51,0,0,11,3,14,0,24,31,10,65,6,22,28,93
09/15/2009,MLU,LA,ASW,CE,Combined TRACON& Tower with Radar,1,26,17,1,45,0,0,10,0,10,1,26,27,1,55,14,0,14,69
09/16/2009,MLU,LA,ASW,CE,Combined TRACON& Tower with Radar,0,28,33,36,97,0,0,12,0,12,0,28,45,36,109,22,25,47,156
09/17/2009,MLU,LA,ASW,CE,Combined TRACON& Tower with Radar,0,30,30,34,94,0,0,2,0,2,0,30,32,34,96,16,8,24,120
09/18/2009,MLU,LA,ASW,CE,Combined TRACON& Tower with Radar,2,25,25,6,58,0,0,12,1,13,2,25,37,7,71,16,0,16,87
09/19/2009,MLU,LA,ASW,CE,Combined TRACON& Tower with Radar,0,15,11,0,26,0,0,3,0,3,0,15,14,0,29,16,0,16,45
09/20/2009,MLU,LA,ASW,CE,Combined TRACON& Tower with Radar,2,21,25,0,48,0,0,16,0,16,2,21,41,0,64,2,0,2,66
09/21/2009,MLU,LA,ASW,CE,Combined TRACON& Tower with Radar,0,23,24,16,63,0,0,38,0,38,0,23,62,16,101,6,8,14,115
09/22/2009,MLU,LA,ASW,CE,Combined TRACON& Tower with Radar,0,20,18,4,42,0,0,13,1,14,0,20,31,5,56,26,14,40,96
09/23/2009,MLU,LA,ASW,CE,Combined TRACON& Tower with Radar,0,23,36,0,59,0,0,12,1,13,0,23,48,1,72,40,0,40,112
09/24/2009,MLU,LA,ASW,CE,Combined TRACON& Tower with Radar,0,25,29,8,62,0,0,1,0,1,0,25,30,8,63,0,0,0,63
09/25/2009,MLU,LA,ASW,CE,Combined TRACON& Tower with Radar,2,25,34,12,73,0,0,4,0,4,2,25,38,12,77,0,1,1,78
09/26/2009,MLU,LA,ASW,CE,Combined TRACON& Tower with Radar,1,11,21,0,33,0,0,17,2,19,1,11,38,2,52,8,0,8,60
09/27/2009,MLU,LA,ASW,CE,Combined TRACON& Tower with Radar,0,20,16,0,36,0,0,20,0,20,0,20,36,0,56,36,0,36,92
09/28/2009,MLU,LA,ASW,CE,Combined TRACON& Tower with Radar,0,23,20,40,83,0,1,17,1,19,0,24,37,41,102,22,24,46,148
09/29/2009,MLU,LA,ASW,CE,Combined TRACON& Tower with Radar,2,23,26,20,71,0,0,38,5,43,2,23,64,25,114,26,0,26,140
09/30/2009,MLU,LA,ASW,CE,Combined TRACON& Tower with Radar,1,25,28,17,71,0,6,42,4,52,1,31,70,21,123,38,0,38,161
10/01/2009,MLU,LA,ASW,CE,Combined TRACON& Tower with Radar,0,25,26,24,75,0,0,21,2,23,0,25,47,26,98,14,4,18,116
10/02/2009,MLU,LA,ASW,CE,Combined TRACON& Tower with Radar,2,26,30,22,80,0,0,22,1,23,2,26,52,23,103,60,50,110,213
10/03/2009,MLU,LA,ASW,CE,Combined TRACON& Tower with Radar,2,16,8,0,26,0,0,22,0,22,2,16,30,0,48,22,0,22,70
10/04/2009,MLU,LA,ASW,CE,Combined TRACON& Tower with Radar,0,25,4,0,29,0,0,0,0,0,0,25,4,0,29,0,0,0,29
10/05/2009,MLU,LA,ASW,CE,Combined TRACON& Tower with Radar,0,32,33,16,81,0,0,2,0,2,0,32,35,16,83,0,0,0,83
10/06/2009,MLU,LA,ASW,CE,Combined TRACON& Tower with Radar,0,24,17,4,45,0,0,4,1,5,0,24,21,5,50,0,0,0,50
10/07/2009,MLU,LA,ASW,CE,Combined TRACON& Tower with Radar,0,25,45,0,70,0,0,14,0,14,0,25,59,0,84,6,0,6,90
10/08/2009,MLU,LA,ASW,CE,Combined TRACON& Tower with Radar,2,30,21,10,63,0,0,14,0,14,2,30,35,10,77,50,0,50,127
10/09/2009,MLU,LA,ASW,CE,Combined TRACON& Tower with Radar,0,23,11,0,34,0,0,2,0,2,0,23,13,0,36,0,0,0,36
10/10/2009,MLU,LA,ASW,CE,Combined TRACON& Tower with Radar,1,14,23,0,38,0,0,0,0,0,1,14,23,0,38,0,0,0,38
10/11/2009,MLU,LA,ASW,CE,Combined TRACON& Tower with Radar,0,26,14,14,54,0,0,5,0,5,0,26,19,14,59,0,0,0,59
10/12/2009,MLU,LA,ASW,CE,Combined TRACON& Tower with Radar,0,26,26,0,52,0,0,3,0,3,0,26,29,0,55,0,0,0,55
10/13/2009,MLU,LA,ASW,CE,Combined TRACON& Tower with Radar,0,24,14,0,38,0,0,1,0,1,0,24,15,0,39,0,0,0,39
10/14/2009,MLU,LA,ASW,CE,Combined TRACON& Tower with Radar,0,29,28,20,77,0,0,6,0,6,0,29,34,20,83,0,0,0,83
10/15/2009,MLU,LA,ASW,CE,Combined TRACON& Tower with Radar,0,29,25,0,54,0,0,0,1,1,0,29,25,1,55,0,0,0,55
10/16/2009,MLU,LA,ASW,CE,Combined TRACON& Tower with Radar,2,35,27,11,75,0,0,19,6,25,2,35,46,17,100,20,0,20,120
10/17/2009,MLU,LA,ASW,CE,Combined TRACON& Tower with Radar,2,19,20,3,44,0,0,28,5,33,2,19,48,8,77,20,4,24,101
10/18/2009,MLU,LA,ASW,CE,Combined TRACON& Tower with Radar,0,26,18,1,45,0,0,28,1,29,0,26,46,2,74,26,0,26,100
10/19/2009,MLU,LA,ASW,CE,Combined TRACON& Tower with Radar,0,26,20,16,62,0,0,20,0,20,0,26,40,16,82,22,10,32,114
10/20/2009,MLU,LA,ASW,CE,Combined TRACON& Tower with Radar,0,24,35,31,90,0,0,35,5,40,0,24,70,36,130,34,24,58,188
10/21/2009,MLU,LA,ASW,CE,Combined TRACON& Tower with Radar,0,24,47,6,77,0,0,15,0,15,0,24,62,6,92,13,2,15,107
10/22/2009,MLU,LA,ASW,CE,Combined TRACON& Tower with Radar,0,25,10,0,35,0,0,0,0,0,0,25,10,0,35,0,0,0,35
10/23/2009,MLU,LA,ASW,CE,Combined TRACON& Tower with Radar,4,30,35,45,114,0,0,12,0,12,4,30,47,45,126,8,32,40,166
10/24/2009,MLU,LA,ASW,CE,Combined TRACON& Tower with Radar,0,15,13,0,28,0,2,22,0,24,0,17,35,0,52,44,0,44,96
10/25/2009,MLU,LA,ASW,CE,Combined TRACON& Tower with Radar,0,24,18,0,42,0,0,25,0,25,0,24,43,0,67,2,0,2,69
10/26/2009,MLU,LA,ASW,CE,Combined TRACON& Tower with Radar,0,22,16,9,47,0,0,12,0,12,0,22,28,9,59,0,0,0,59
10/27/2009,MLU,LA,ASW,CE,Combined TRACON& Tower with Radar,0,25,21,60,106,0,0,3,1,4,0,25,24,61,110,10,16,26,136
10/28/2009,MLU,LA,ASW,CE,Combined TRACON& Tower with Radar,0,23,46,18,87,0,0,28,2,30,0,23,74,20,117,8,0,8,125
10/29/2009,MLU,LA,ASW,CE,Combined TRACON& Tower with Radar,0,28,19,0,47,0,0,4,0,4,0,28,23,0,51,0,0,0,51
10/30/2009,MLU,LA,ASW,CE,Combined TRACON& Tower with Radar,2,28,19,0,49,0,0,0,0,0,2,28,19,0,49,0,0,0,49
10/31/2009,MLU,LA,ASW,CE,Combined TRACON& Tower with Radar,0,15,12,0,27,0,0,48,0,48,0,15,60,0,75,0,0,0,75
11/01/2009,MLU,LA,ASW,CE,Combined TRACON& Tower with Radar,0,24,17,0,41,0,0,29,0,29,0,24,46,0,70,50,0,50,120
11/02/2009,MLU,LA,ASW,CE,Combined TRACON& Tower with Radar,0,28,19,13,60,0,0,11,1,12,0,28,30,14,72,2,10,12,84
11/03/2009,MLU,LA,ASW,CE,Combined TRACON& Tower with Radar,0,25,33,32,90,0,0,30,3,33,0,25,63,35,123,40,20,60,183
11/04/2009,MLU,LA,ASW,CE,Combined TRACON& Tower with Radar,2,23,18,8,51,0,0,24,7,31,2,23,42,15,82,64,12,76,158
11/05/2009,MLU,LA,ASW,CE,Combined TRACON& Tower with Radar,2,26,14,17,59,0,2,33,1,36,2,28,47,18,95,10,16,26,121
11/06/2009,MLU,LA,ASW,CE,Combined TRACON& Tower with Radar,1,26,21,20,68,0,2,28,0,30,1,28,49,20,98,16,11,27,125
11/07/2009,MLU,LA,ASW,CE,Combined TRACON& Tower with Radar,0,14,22,0,36,0,0,20,1,21,0,14,42,1,57,7,0,7,64
11/08/2009,MLU,LA,ASW,CE,Combined TRACON& Tower with Radar,0,23,19,1,43,0,1,16,1,18,0,24,35,2,61,6,0,6,67
11/09/2009,MLU,LA,ASW,CE,Combined TRACON& Tower with Radar,0,29,27,17,73,0,0,10,0,10,0,29,37,17,83,0,2,2,85
11/10/2009,MLU,LA,ASW,CE,Combined TRACON& Tower with Radar,0,20,22,32,74,0,0,18,1,19,0,20,40,33,93,10,12,22,115
11/11/2009,MLU,LA,ASW,CE,Combined TRACON& Tower with Radar,0,25,39,0,64,0,0,18,0,18,0,25,57,0,82,0,0,0,82
11/12/2009,MLU,LA,ASW,CE,Combined TRACON& Tower with Radar,0,28,26,31,85,0,0,36,4,40,0,28,62,35,125,8,36,44,169
11/13/2009,MLU,LA,ASW,CE,Combined TRACON& Tower with Radar,0,27,22,15,64,0,0,32,1,33,0,27,54,16,97,12,14,26,123
11/14/2009,MLU,LA,ASW,CE,Combined TRACON& Tower with Radar,0,18,22,2,42,0,0,27,2,29,0,18,49,4,71,25,0,25,96
11/15/2009,MLU,LA,ASW,CE,Combined TRACON& Tower with Radar,0,23,11,0,34,0,0,18,0,18,0,23,29,0,52,0,0,0,52
11/16/2009,MLU,LA,ASW,CE,Combined TRACON& Tower with Radar,0,24,19,6,49,0,0,2,0,2,0,24,21,6,51,0,0,0,51
11/17/2009,MLU,LA,ASW,CE,Combined TRACON& Tower with Radar,0,26,28,29,83,0,1,15,7,23,0,27,43,36,106,30,84,114,220
11/18/2009,MLU,LA,ASW,CE,Combined TRACON& Tower with Radar,0,24,33,29,86,0,0,31,1,32,0,24,64,30,118,22,12,34,152
11/19/2009,MLU,LA,ASW,CE,Combined TRACON& Tower with Radar,0,31,32,3,66,0,0,36,5,41,0,31,68,8,107,8,0,8,115
11/20/2009,MLU,LA,ASW,CE,Combined TRACON& Tower with Radar,2,27,25,4,58,0,0,24,0,24,2,27,49,4,82,0,12,12,94
11/21/2009,MLU,LA,ASW,CE,Combined TRACON& Tower with Radar,0,15,24,0,39,0,0,11,0,11,0,15,35,0,50,0,0,0,50
11/22/2009,MLU,LA,ASW,CE,Combined TRACON& Tower with Radar,0,31,18,4,53,0,0,2,0,2,0,31,20,4,55,16,0,16,71
11/23/2009,MLU,LA,ASW,CE,Combined TRACON& Tower with Radar,0,20,24,17,61,0,0,15,0,15,0,20,39,17,76,0,34,34,110
11/24/2009,MLU,LA,ASW,CE,Combined TRACON& Tower with Radar,0,25,34,30,89,0,0,12,0,12,0,25,46,30,101,20,0,20,121
11/25/2009,MLU,LA,ASW,CE,Combined TRACON& Tower with Radar,0,28,36,38,102,0,0,41,0,41,0,28,77,38,143,12,26,38,181
11/26/2009,MLU,LA,ASW,CE,Combined TRACON& Tower with Radar,0,16,6,0,22,0,0,13,0,13,0,16,19,0,35,0,0,0,35
11/27/2009,MLU,LA,ASW,CE,Combined TRACON& Tower with Radar,2,20,16,0,38,0,0,24,0,24,2,20,40,0,62,18,0,18,80
11/28/2009,MLU,LA,ASW,CE,Combined TRACON& Tower with Radar,2,22,21,0,45,0,0,15,0,15,2,22,36,0,60,0,0,0,60
11/29/2009,MLU,LA,ASW,CE,Combined TRACON& Tower with Radar,0,25,22,0,47,0,0,6,0,6,0,25,28,0,53,0,0,0,53
11/30/2009,MLU,LA,ASW,CE,Combined TRACON& Tower with Radar,0,26,33,20,79,0,0,16,1,17,0,26,49,21,96,0,26,26,122
12/01/2009,MLU,LA,ASW,CE,Combined TRACON& Tower with Radar,0,23,29,9,61,0,0,16,0,16,0,23,45,9,77,0,0,0,77
12/02/2009,MLU,LA,ASW,CE,Combined TRACON& Tower with Radar,0,21,23,19,63,0,0,5,0,5,0,21,28,19,68,1,0,1,69
12/03/2009,MLU,LA,ASW,CE,Combined TRACON& Tower with Radar,0,28,23,20,71,0,0,21,0,21,0,28,44,20,92,7,20,27,119
12/04/2009,MLU,LA,ASW,CE,Combined TRACON& Tower with Radar,2,21,23,10,56,0,0,7,0,7,2,21,30,10,63,0,0,0,63
12/05/2009,MLU,LA,ASW,CE,Combined TRACON& Tower with Radar,2,17,16,0,35,0,0,21,0,21,2,17,37,0,56,6,0,6,62
12/06/2009,MLU,LA,ASW,CE,Combined TRACON& Tower with Radar,0,23,19,0,42,0,0,14,0,14,0,23,33,0,56,24,0,24,80
12/07/2009,MLU,LA,ASW,CE,Combined TRACON& Tower with Radar,0,34,25,8,67,0,0,3,0,3,0,34,28,8,70,0,0,0,70
12/08/2009,MLU,LA,ASW,CE,Combined TRACON& Tower with Radar,0,28,21,0,49,0,0,0,0,0,0,28,21,0,49,0,0,0,49
12/09/2009,MLU,LA,ASW,CE,Combined TRACON& Tower with Radar,0,23,44,7,74,0,0,31,6,37,0,23,75,13,111,22,0,22,133
12/10/2009,MLU,LA,ASW,CE,Combined TRACON& Tower with Radar,0,30,26,16,72,0,0,38,3,41,0,30,64,19,113,14,0,14,127
12/11/2009,MLU,LA,ASW,CE,Combined TRACON& Tower with Radar,0,27,22,6,55,0,0,16,0,16,0,27,38,6,71,14,0,14,85
12/12/2009,MLU,LA,ASW,CE,Combined TRACON& Tower with Radar,0,14,2,0,16,0,0,0,0,0,0,14,2,0,16,0,0,0,16
12/13/2009,MLU,LA,ASW,CE,Combined TRACON& Tower with Radar,0,22,8,0,30,0,0,0,0,0,0,22,8,0,30,0,0,0,30
12/14/2009,MLU,LA,ASW,CE,Combined TRACON& Tower with Radar,0,27,24,6,57,0,0,3,0,3,0,27,27,6,60,0,0,0,60
12/15/2009,MLU,LA,ASW,CE,Combined TRACON& Tower with Radar,0,27,17,12,56,0,0,13,0,13,0,27,30,12,69,8,0,8,77
12/16/2009,MLU,LA,ASW,CE,Combined TRACON& Tower with Radar,0,28,40,14,82,0,0,48,2,50,0,28,88,16,132,30,4,34,166
12/17/2009,MLU,LA,ASW,CE,Combined TRACON& Tower with Radar,0,27,26,10,63,0,0,13,0,13,0,27,39,10,76,0,12,12,88
12/18/2009,MLU,LA,ASW,CE,Combined TRACON& Tower with Radar,0,29,24,13,66,0,0,26,1,27,0,29,50,14,93,4,4,8,101
12/19/2009,MLU,LA,ASW,CE,Combined TRACON& Tower with Radar,0,22,19,0,41,0,0,16,0,16,0,22,35,0,57,10,0,10,67
12/20/2009,MLU,LA,ASW,CE,Combined TRACON& Tower with Radar,0,24,8,0,32,0,0,20,2,22,0,24,28,2,54,8,0,8,62
12/21/2009,MLU,LA,ASW,CE,Combined TRACON& Tower with Radar,0,26,15,14,55,0,0,19,0,19,0,26,34,14,74,4,8,12,86
12/22/2009,MLU,LA,ASW,CE,Combined TRACON& Tower with Radar,0,30,33,4,67,0,0,20,2,22,0,30,53,6,89,0,2,2,91
12/23/2009,MLU,LA,ASW,CE,Combined TRACON& Tower with Radar,0,29,12,0,41,0,0,1,0,1,0,29,13,0,42,0,0,0,42
12/24/2009,MLU,LA,ASW,CE,Combined TRACON& Tower with Radar,0,21,3,0,24,0,0,1,0,1,0,21,4,0,25,0,0,0,25
12/25/2009,MLU,LA,ASW,CE,Combined TRACON& Tower with Radar,0,15,3,0,18,0,0,4,0,4,0,15,7,0,22,0,0,0,22
12/26/2009,MLU,LA,ASW,CE,Combined TRACON& Tower with Radar,0,22,21,0,43,0,0,18,0,18,0,22,39,0,61,32,0,32,93
12/27/2009,MLU,LA,ASW,CE,Combined TRACON& Tower with Radar,0,23,13,0,36,0,0,12,0,12,0,23,25,0,48,20,0,20,68
12/28/2009,MLU,LA,ASW,CE,Combined TRACON& Tower with Radar,0,26,15,0,41,0,0,28,0,28,0,26,43,0,69,12,0,12,81
12/29/2009,MLU,LA,ASW,CE,Combined TRACON& Tower with Radar,0,26,11,0,37,0,0,22,0,22,0,26,33,0,59,10,0,10,69
12/30/2009,MLU,LA,ASW,CE,Combined TRACON& Tower with Radar,0,29,12,13,54,0,0,4,0,4,0,29,16,13,58,2,0,2,60
12/31/2009,MLU,LA,ASW,CE,Combined TRACON& Tower with Radar,0,23,12,0,35,0,0,2,0,2,0,23,14,0,37,0,0,0,37
01/01/2010,MLU,LA,ASW,CE,Combined TRACON& Tower with Radar,0,18,7,0,25,0,0,6,0,6,0,18,13,0,31,24,0,24,55
01/02/2010,MLU,LA,ASW,CE,Combined TRACON& Tower with Radar,0,21,11,0,32,0,0,10,0,10,0,21,21,0,42,14,0,14,56
01/03/2010,MLU,LA,ASW,CE,Combined TRACON& Tower with Radar,0,25,17,0,42,0,0,12,0,12,0,25,29,0,54,6,0,6,60
01/04/2010,MLU,LA,ASW,CE,Combined TRACON& Tower with Radar,0,24,12,0,36,0,0,4,0,4,0,24,16,0,40,0,0,0,40
01/05/2010,MLU,LA,ASW,CE,Combined TRACON& Tower with Radar,0,23,33,4,60,0,4,39,1,44,0,27,72,5,104,22,0,22,126
01/06/2010,MLU,LA,ASW,CE,Combined TRACON& Tower with Radar,0,23,39,15,77,0,0,34,0,34,0,23,73,15,111,16,18,34,145
01/07/2010,MLU,LA,ASW,CE,Combined TRACON& Tower with Radar,0,18,21,3,42,0,2,3,0,5,0,20,24,3,47,2,0,2,49
01/08/2010,MLU,LA,ASW,CE,Combined TRACON& Tower with Radar,0,25,31,1,57,0,0,19,1,20,0,25,50,2,77,8,0,8,85
01/09/2010,MLU,LA,ASW,CE,Combined TRACON& Tower with Radar,0,18,16,5,39,0,0,5,0,5,0,18,21,5,44,22,0,22,66
01/10/2010,MLU,LA,ASW,CE,Combined TRACON& Tower with Radar,0,22,18,0,40,0,0,26,0,26,0,22,44,0,66,12,0,12,78
01/11/2010,MLU,LA,ASW,CE,Combined TRACON& Tower with Radar,0,27,39,23,89,0,0,25,3,28,0,27,64,26,117,24,18,42,159
01/12/2010,MLU,LA,ASW,CE,Combined TRACON& Tower with Radar,0,23,30,22,75,0,0,25,1,26,0,23,55,23,101,32,36,68,169
01/13/2010,MLU,LA,ASW,CE,Combined TRACON& Tower with Radar,0,24,32,28,84,0,1,34,3,38,0,25,66,31,122,32,36,68,190
01/14/2010,MLU,LA,ASW,CE,Combined TRACON& Tower with Radar,0,24,34,32,90,0,0,21,2,23,0,24,55,34,113,20,82,102,215
01/15/2010,MLU,LA,ASW,CE,Combined TRACON& Tower with Radar,0,26,35,25,86,0,0,23,0,23,0,26,58,25,109,22,20,42,151
01/16/2010,MLU,LA,ASW,CE,Combined TRACON& Tower with Radar,0,16,16,0,32,0,0,0,0,0,0,16,16,0,32,0,0,0,32
01/17/2010,MLU,LA,ASW,CE,Combined TRACON& Tower with Radar,0,18,10,0,28,0,0,7,0,7,0,18,17,0,35,10,0,10,45
01/18/2010,MLU,LA,ASW,CE,Combined TRACON& Tower with Radar,0,28,37,0,65,0,0,13,0,13,0,28,50,0,78,0,0,0,78
01/19/2010,MLU,LA,ASW,CE,Combined TRACON& Tower with Radar,0,22,19,1,42,0,0,23,1,24,0,22,42,2,66,54,0,54,120
01/20/2010,MLU,LA,ASW,CE,Combined TRACON& Tower with Radar,0,17,16,0,33,0,0,0,0,0,0,17,16,0,33,0,0,0,33
01/21/2010,MLU,LA,ASW,CE,Combined TRACON& Tower with Radar,0,27,30,37,94,0,0,28,5,33,0,27,58,42,127,2,42,44,171
01/22/2010,MLU,LA,ASW,CE,Combined TRACON& Tower with Radar,0,27,30,30,87,0,0,34,4,38,0,27,64,34,125,12,18,30,155
01/23/2010,MLU,LA,ASW,CE,Combined TRACON& Tower with Radar,0,18,9,29,56,0,0,1,0,1,0,18,10,29,57,16,0,16,73
01/24/2010,MLU,LA,ASW,CE,Combined TRACON& Tower with Radar,0,20,20,21,61,0,0,11,0,11,0,20,31,21,72,26,32,58,130
01/25/2010,MLU,LA,ASW,CE,Combined TRACON& Tower with Radar,0,29,31,14,74,0,0,14,0,14,0,29,45,14,88,0,16,16,104
01/26/2010,MLU,LA,ASW,CE,Combined TRACON& Tower with Radar,0,24,28,25,77,0,0,30,2,32,0,24,58,27,109,14,28,42,151
01/27/2010,MLU,LA,ASW,CE,Combined TRACON& Tower with Radar,0,25,38,13,76,0,0,26,2,28,0,25,64,15,104,20,28,48,152
01/28/2010,MLU,LA,ASW,CE,Combined TRACON& Tower with Radar,0,26,24,13,63,0,0,21,0,21,0,26,45,13,84,18,16,34,118
01/29/2010,MLU,LA,ASW,CE,Combined TRACON& Tower with Radar,0,26,11,0,37,0,0,0,0,0,0,26,11,0,37,0,0,0,37
01/30/2010,MLU,LA,ASW,CE,Combined TRACON& Tower with Radar,0,17,6,0,23,0,0,8,0,8,0,17,14,0,31,0,0,0,31
01/31/2010,MLU,LA,ASW,CE,Combined TRACON& Tower with Radar,0,22,16,8,46,0,0,22,0,22,0,22,38,8,68,26,4,30,98
02/01/2010,MLU,LA,ASW,CE,Combined TRACON& Tower with Radar,0,26,27,9,62,0,0,14,2,16,0,26,41,11,78,12,0,12,90
02/02/2010,MLU,LA,ASW,CE,Combined TRACON& Tower with Radar,0,21,26,13,60,0,0,27,3,30,0,21,53,16,90,8,12,20,110
02/03/2010,MLU,LA,ASW,CE,Combined TRACON& Tower with Radar,0,23,38,3,64,0,0,17,2,19,0,23,55,5,83,6,10,16,99
02/04/2010,MLU,LA,ASW,CE,Combined TRACON& Tower with Radar,0,27,9,0,36,0,0,0,0,0,0,27,9,0,36,0,0,0,36
02/05/2010,MLU,LA,ASW,CE,Combined TRACON& Tower with Radar,0,27,21,36,84,0,0,1,1,2,0,27,22,37,86,4,0,4,90
02/06/2010,MLU,LA,ASW,CE,Combined TRACON& Tower with Radar,0,16,17,0,33,0,0,17,0,17,0,16,34,0,50,26,0,26,76
02/07/2010,MLU,LA,ASW,CE,Combined TRACON& Tower with Radar,0,20,9,10,39,0,0,18,0,18,0,20,27,10,57,10,10,20,77
02/08/2010,MLU,LA,ASW,CE,Combined TRACON& Tower with Radar,0,20,22,2,44,0,0,4,0,4,0,20,26,2,48,0,0,0,48
02/09/2010,MLU,LA,ASW,CE,Combined TRACON& Tower with Radar,0,22,33,33,88,0,0,29,4,33,0,22,62,37,121,14,18,32,153
02/10/2010,MLU,LA,ASW,CE,Combined TRACON& Tower with Radar,0,23,32,13,68,0,2,40,6,48,0,25,72,19,116,0,0,0,116
02/11/2010,MLU,LA,ASW,CE,Combined TRACON& Tower with Radar,0,24,15,0,39,0,0,6,0,6,0,24,21,0,45,26,0,26,71
02/12/2010,MLU,LA,ASW,CE,Combined TRACON& Tower with Radar,0,15,15,0,30,0,1,4,0,5,0,16,19,0,35,0,0,0,35
02/13/2010,MLU,LA,ASW,CE,Combined TRACON& Tower with Radar,0,16,17,0,33,0,0,18,0,18,0,16,35,0,51,0,0,0,51
02/14/2010,MLU,LA,ASW,CE,Combined TRACON& Tower with Radar,0,16,5,0,21,0,0,6,0,6,0,16,11,0,27,0,0,0,27
02/15/2010,MLU,LA,ASW,CE,Combined TRACON& Tower with Radar,0,22,32,0,54,0,0,31,0,31,0,22,63,0,85,0,0,0,85
02/16/2010,MLU,LA,ASW,CE,Combined TRACON& Tower with Radar,0,24,36,38,98,0,1,29,3,33,0,25,65,41,131,10,30,40,171
02/17/2010,MLU,LA,ASW,CE,Combined TRACON& Tower with Radar,0,31,32,12,75,0,0,37,6,43,0,31,69,18,118,10,22,32,150
02/18/2010,MLU,LA,ASW,CE,Combined TRACON& Tower with Radar,0,26,20,21,67,0,0,25,1,26,0,26,45,22,93,38,24,62,155
02/19/2010,MLU,LA,ASW,CE,Combined TRACON& Tower with Radar,0,26,23,17,66,0,0,28,1,29,0,26,51,18,95,18,20,38,133
02/20/2010,MLU,LA,ASW,CE,Combined TRACON& Tower with Radar,0,20,11,23,54,0,0,29,0,29,0,20,40,23,83,2,12,14,97
02/21/2010,MLU,LA,ASW,CE,Combined TRACON& Tower with Radar,0,18,23,2,43,0,0,0,0,0,0,18,23,2,43,0,0,0,43
02/22/2010,MLU,LA,ASW,CE,Combined TRACON& Tower with Radar,0,25,21,13,59,0,0,4,0,4,0,25,25,13,63,0,10,10,73
02/23/2010,MLU,LA,ASW,CE,Combined TRACON& Tower with Radar,0,22,17,0,39,0,0,10,1,11,0,22,27,1,50,26,0,26,76
02/24/2010,MLU,LA,ASW,CE,Combined TRACON& Tower with Radar,0,23,39,11,73,0,0,49,1,50,0,23,88,12,123,30,0,30,153
02/25/2010,MLU,LA,ASW,CE,Combined TRACON& Tower with Radar,0,27,26,9,62,0,0,33,0,33,0,27,59,9,95,14,2,16,111
02/26/2010,MLU,LA,ASW,CE,Combined TRACON& Tower with Radar,0,28,12,3,43,0,0,0,0,0,0,28,12,3,43,0,0,0,43
02/27/2010,MLU,LA,ASW,CE,Combined TRACON& Tower with Radar,0,20,3,0,23,0,0,33,2,35,0,20,36,2,58,22,0,22,80
02/28/2010,MLU,LA,ASW,CE,Combined TRACON& Tower with Radar,0,20,7,1,28,0,0,18,1,19,0,20,25,2,47,0,0,0,47
03/01/2010,MLU,LA,ASW,CE,Combined TRACON& Tower with Radar,0,24,16,0,40,0,0,3,0,3,0,24,19,0,43,0,0,0,43
03/02/2010,MLU,LA,ASW,CE,Combined TRACON& Tower with Radar,0,28,23,27,78,0,0,20,0,20,0,28,43,27,98,0,2,2,100
03/03/2010,MLU,LA,ASW,CE,Combined TRACON& Tower with Radar,0,24,33,28,85,0,0,62,0,62,0,24,95,28,147,26,42,68,215
03/04/2010,MLU,LA,ASW,CE,Combined TRACON& Tower with Radar,0,24,24,18,66,0,0,41,3,44,0,24,65,21,110,32,0,32,142
03/05/2010,MLU,LA,ASW,CE,Combined TRACON& Tower with Radar,0,26,20,12,58,0,2,59,1,62,0,28,79,13,120,32,2,34,154
03/06/2010,MLU,LA,ASW,CE,Combined TRACON& Tower with Radar,0,17,17,7,41,0,0,49,0,49,0,17,66,7,90,32,12,44,134
03/07/2010,MLU,LA,ASW,CE,Combined TRACON& Tower with Radar,0,22,14,0,36,0,1,35,0,36,0,23,49,0,72,0,0,0,72
03/08/2010,MLU,LA,ASW,CE,Combined TRACON& Tower with Radar,0,30,26,16,72,0,0,22,0,22,0,30,48,16,94,0,32,32,126
03/09/2010,MLU,LA,ASW,CE,Combined TRACON& Tower with Radar,0,29,27,1,57,0,0,4,1,5,0,29,31,2,62,0,0,0,62
03/10/2010,MLU,LA,ASW,CE,Combined TRACON& Tower with Radar,0,22,32,55,109,0,0,11,3,14,0,22,43,58,123,0,42,42,165
03/11/2010,MLU,LA,ASW,CE,Combined TRACON& Tower with Radar,0,28,24,60,112,0,2,38,3,43,0,30,62,63,155,26,56,82,237
03/12/2010,MLU,LA,ASW,CE,Combined TRACON& Tower with Radar,0,27,12,28,67,0,1,24,1,26,0,28,36,29,93,10,34,44,137
03/13/2010,MLU,LA,ASW,CE,Combined TRACON& Tower with Radar,0,17,9,7,33,0,0,19,1,20,0,17,28,8,53,20,18,38,91
03/14/2010,MLU,LA,ASW,CE,Combined TRACON& Tower with Radar,0,19,31,0,50,0,0,29,0,29,0,19,60,0,79,38,0,38,117
03/15/2010,MLU,LA,ASW,CE,Combined TRACON& Tower with Radar,0,29,19,10,58,0,0,35,0,35,0,29,54,10,93,12,0,12,105
03/16/2010,MLU,LA,ASW,CE,Combined TRACON& Tower with Radar,0,22,28,22,72,0,0,21,2,23,0,22,49,24,95,46,8,54,149
03/17/2010,MLU,LA,ASW,CE,Combined TRACON& Tower with Radar,0,23,44,14,81,0,0,27,0,27,0,23,71,14,108,28,18,46,154
03/18/2010,MLU,LA,ASW,CE,Combined TRACON& Tower with Radar,2,25,34,26,87,0,0,46,2,48,2,25,80,28,135,30,12,42,177
03/19/2010,MLU,LA,ASW,CE,Combined TRACON& Tower with Radar,0,26,25,16,67,0,0,43,0,43,0,26,68,16,110,56,6,62,172
03/20/2010,MLU,LA,ASW,CE,Combined TRACON& Tower with Radar,0,17,15,0,32,0,0,8,0,8,0,17,23,0,40,0,0,0,40
03/21/2010,MLU,LA,ASW,CE,Combined TRACON& Tower with Radar,2,17,10,8,37,0,0,2,0,2,2,17,12,8,39,0,0,0,39
03/22/2010,MLU,LA,ASW,CE,Combined TRACON& Tower with Radar,0,26,26,19,71,0,0,28,2,30,0,26,54,21,101,36,0,36,137
03/23/2010,MLU,LA,ASW,CE,Combined TRACON& Tower with Radar,0,25,32,36,93,0,1,43,3,47,0,26,75,39,140,46,24,70,210
03/24/2010,MLU,LA,ASW,CE,Combined TRACON& Tower with Radar,0,20,36,18,74,0,0,14,2,16,0,20,50,20,90,0,12,12,102
03/25/2010,MLU,LA,ASW,CE,Combined TRACON& Tower with Radar,0,25,19,14,58,0,0,6,3,9,0,25,25,17,67,0,0,0,67
03/26/2010,MLU,LA,ASW,CE,Combined TRACON& Tower with Radar,0,24,29,26,79,0,2,37,2,41,0,26,66,28,120,48,20,68,188
03/27/2010,MLU,LA,ASW,CE,Combined TRACON& Tower with Radar,0,17,14,2,33,0,0,23,0,23,0,17,37,2,56,14,4,18,74
03/28/2010,MLU,LA,ASW,CE,Combined TRACON& Tower with Radar,0,20,13,3,36,0,0,21,0,21,0,20,34,3,57,0,0,0,57
03/29/2010,MLU,LA,ASW,CE,Combined TRACON& Tower with Radar,0,24,32,29,85,0,0,42,3,45,0,24,74,32,130,52,18,70,200
03/30/2010,MLU,LA,ASW,CE,Combined TRACON& Tower with Radar,0,24,27,14,65,0,0,27,2,29,0,24,54,16,94,86,12,98,192
03/31/2010,MLU,LA,ASW,CE,Combined TRACON& Tower with Radar,0,24,36,11,71,0,0,46,0,46,0,24,82,11,117,46,28,74,191
04/01/2010,MLU,LA,ASW,CE,Combined TRACON& Tower with Radar,0,27,42,34,103,0,0,30,3,33,0,27,72,37,136,72,0,72,208
04/02/2010,MLU,LA,ASW,CE,Combined TRACON& Tower with Radar,0,28,21,23,72,0,0,16,0,16,0,28,37,23,88,6,34,40,128
04/03/2010,MLU,LA,ASW,CE,Combined TRACON& Tower with Radar,0,17,6,0,23,0,0,24,0,24,0,17,30,0,47,68,0,68,115
04/04/2010,MLU,LA,ASW,CE,Combined TRACON& Tower with Radar,0,20,12,0,32,0,0,12,0,12,0,20,24,0,44,22,0,22,66
04/05/2010,MLU,LA,ASW,CE,Combined TRACON& Tower with Radar,0,26,31,8,65,0,0,32,0,32,0,26,63,8,97,72,0,72,169
04/06/2010,MLU,LA,ASW,CE,Combined TRACON& Tower with Radar,0,26,44,19,89,0,0,21,1,22,0,26,65,20,111,2,52,54,165
04/07/2010,MLU,LA,ASW,CE,Combined TRACON& Tower with Radar,0,26,24,6,56,0,0,19,0,19,0,26,43,6,75,0,6,6,81
04/08/2010,MLU,LA,ASW,CE,Combined TRACON& Tower with Radar,0,27,32,31,90,0,0,30,3,33,0,27,62,34,123,10,0,10,133
04/09/2010,MLU,LA,ASW,CE,Combined TRACON& Tower with Radar,0,26,34,35,95,0,0,41,0,41,0,26,75,35,136,44,0,44,180
04/10/2010,MLU,LA,ASW,CE,Combined TRACON& Tower with Radar,0,18,20,0,38,0,0,24,0,24,0,18,44,0,62,28,0,28,90
04/11/2010,MLU,LA,ASW,CE,Combined TRACON& Tower with Radar,0,22,23,0,45,0,0,17,0,17,0,22,40,0,62,0,0,0,62
04/12/2010,MLU,LA,ASW,CE,Combined TRACON& Tower with Radar,0,15,15,1,31,0,0,2,0,2,0,15,17,1,33,24,0,24,57
04/13/2010,MLU,LA,ASW,CE,Combined TRACON& Tower with Radar,0,14,9,1,24,0,0,0,0,0,0,14,9,1,24,20,32,52,76
04/14/2010,MLU,LA,ASW,CE,Combined TRACON& Tower with Radar,0,12,19,1,32,0,0,0,0,0,0,12,19,1,32,14,0,14,46
04/15/2010,MLU,LA,ASW,CE,Combined TRACON& Tower with Radar,0,28,28,18,74,0,0,26,4,30,0,28,54,22,104,4,32,36,140
04/16/2010,MLU,LA,ASW,CE,Combined TRACON& Tower with Radar,0,28,23,0,51,0,0,33,0,33,0,28,56,0,84,38,0,38,122
04/17/2010,MLU,LA,ASW,CE,Combined TRACON& Tower with Radar,0,18,16,9,43,0,0,19,1,20,0,18,35,10,63,22,0,22,85
04/18/2010,MLU,LA,ASW,CE,Combined TRACON& Tower with Radar,0,23,16,0,39,0,1,15,0,16,0,24,31,0,55,22,0,22,77
04/19/2010,MLU,LA,ASW,CE,Combined TRACON& Tower with Radar,0,31,23,4,58,0,0,16,0,16,0,31,39,4,74,14,0,14,88
04/20/2010,MLU,LA,ASW,CE,Combined TRACON& Tower with Radar,0,26,22,25,73,0,1,31,7,39,0,27,53,32,112,70,4,74,186
04/21/2010,MLU,LA,ASW,CE,Combined TRACON& Tower with Radar,0,27,46,32,105,0,0,43,4,47,0,27,89,36,152,36,0,36,188
04/22/2010,MLU,LA,ASW,CE,Combined TRACON& Tower with Radar,0,32,34,45,111,0,0,30,1,31,0,32,64,46,142,0,10,10,152
04/23/2010,MLU,LA,ASW,CE,Combined TRACON& Tower with Radar,0,29,13,6,48,0,0,3,0,3,0,29,16,6,51,0,0,0,51
04/24/2010,MLU,LA,ASW,CE,Combined TRACON& Tower with Radar,0,20,2,0,22,0,0,5,0,5,0,20,7,0,27,18,0,18,45
04/25/2010,MLU,LA,ASW,CE,Combined TRACON& Tower with Radar,0,23,23,0,46,0,0,20,1,21,0,23,43,1,67,4,0,4,71
04/26/2010,MLU,LA,ASW,CE,Combined TRACON& Tower with Radar,0,33,23,21,77,0,0,33,2,35,0,33,56,23,112,6,0,6,118
04/27/2010,MLU,LA,ASW,CE,Combined TRACON& Tower with Radar,0,27,24,32,83,0,0,33,3,36,0,27,57,35,119,22,14,36,155
04/28/2010,MLU,LA,ASW,CE,Combined TRACON& Tower with Radar,0,27,26,10,63,0,0,24,1,25,0,27,50,11,88,78,0,78,166
04/29/2010,MLU,LA,ASW,CE,Combined TRACON& Tower with Radar,0,28,29,18,75,0,0,30,1,31,0,28,59,19,106,6,2,8,114
04/30/2010,MLU,LA,ASW,CE,Combined TRACON& Tower with Radar,0,31,13,4,48,0,0,3,0,3,0,31,16,4,51,0,0,0,51
05/01/2010,MLU,LA,ASW,CE,Combined TRACON& Tower with Radar,0,20,3,0,23,0,0,3,0,3,0,20,6,0,26,0,0,0,26
05/02/2010,MLU,LA,ASW,CE,Combined TRACON& Tower with Radar,0,19,19,4,42,0,0,10,1,11,0,19,29,5,53,0,0,0,53
05/03/2010,MLU,LA,ASW,CE,Combined TRACON& Tower with Radar,0,29,24,57,110,0,0,33,5,38,0,29,57,62,148,24,50,74,222
05/04/2010,MLU,LA,ASW,CE,Combined TRACON& Tower with Radar,0,25,27,23,75,0,0,23,0,23,0,25,50,23,98,30,12,42,140
05/05/2010,MLU,LA,ASW,CE,Combined TRACON& Tower with Radar,0,21,25,16,62,0,0,25,2,27,0,21,50,18,89,26,18,44,133
05/06/2010,MLU,LA,ASW,CE,Combined TRACON& Tower with Radar,0,29,22,15,66,0,3,34,1,38,0,32,56,16,104,28,8,36,140
05/07/2010,MLU,LA,ASW,CE,Combined TRACON& Tower with Radar,0,29,24,6,59,0,1,29,4,34,0,30,53,10,93,9,0,9,102
05/08/2010,MLU,LA,ASW,CE,Combined TRACON& Tower with Radar,0,20,14,4,38,0,0,24,3,27,0,20,38,7,65,0,4,4,69
05/09/2010,MLU,LA,ASW,CE,Combined TRACON& Tower with Radar,0,22,14,0,36,0,0,22,0,22,0,22,36,0,58,0,0,0,58
05/10/2010,MLU,LA,ASW,CE,Combined TRACON& Tower with Radar,0,30,32,9,71,0,0,13,0,13,0,30,45,9,84,0,8,8,92
05/11/2010,MLU,LA,ASW,CE,Combined TRACON& Tower with Radar,0,27,30,33,90,0,0,23,1,24,0,27,53,34,114,2,38,40,154
05/12/2010,MLU,LA,ASW,CE,Combined TRACON& Tower with Radar,0,25,46,37,108,0,0,23,0,23,0,25,69,37,131,16,10,26,157
05/13/2010,MLU,LA,ASW,CE,Combined TRACON& Tower with Radar,0,28,33,18,79,0,0,16,0,16,0,28,49,18,95,22,22,44,139
05/14/2010,MLU,LA,ASW,CE,Combined TRACON& Tower with Radar,0,28,26,4,58,0,0,15,0,15,0,28,41,4,73,30,12,42,115
05/15/2010,MLU,LA,ASW,CE,Combined TRACON& Tower with Radar,0,19,7,0,26,0,0,0,0,0,0,19,7,0,26,0,0,0,26
05/16/2010,MLU,LA,ASW,CE,Combined TRACON& Tower with Radar,0,21,12,0,33,0,0,16,0,16,0,21,28,0,49,2,0,2,51
05/17/2010,MLU,LA,ASW,CE,Combined TRACON& Tower with Radar,0,27,28,32,87,0,0,13,2,15,0,27,41,34,102,6,14,20,122
05/18/2010,MLU,LA,ASW,CE,Combined TRACON& Tower with Radar,0,30,24,29,83,0,0,30,1,31,0,30,54,30,114,12,8,20,134
05/19/2010,MLU,LA,ASW,CE,Combined TRACON& Tower with Radar,0,26,36,25,87,0,0,35,2,37,0,26,71,27,124,16,8,24,148
05/20/2010,MLU,LA,ASW,CE,Combined TRACON& Tower with Radar,0,33,24,2,59,0,0,8,0,8,0,33,32,2,67,0,0,0,67
05/21/2010,MLU,LA,ASW,CE,Combined TRACON& Tower with Radar,0,33,40,24,97,0,0,25,2,27,0,33,65,26,124,40,4,44,168
05/22/2010,MLU,LA,ASW,CE,Combined TRACON& Tower with Radar,0,21,13,0,34,0,0,27,0,27,0,21,40,0,61,4,0,4,65
05/23/2010,MLU,LA,ASW,CE,Combined TRACON& Tower with Radar,0,25,21,0,46,0,0,18,0,18,0,25,39,0,64,8,0,8,72
05/24/2010,MLU,LA,ASW,CE,Combined TRACON& Tower with Radar,0,26,42,31,99,0,2,38,0,40,0,28,80,31,139,10,8,18,157
05/25/2010,MLU,LA,ASW,CE,Combined TRACON& Tower with Radar,0,26,27,19,72,0,2,35,1,38,0,28,62,20,110,42,0,42,152
05/26/2010,MLU,LA,ASW,CE,Combined TRACON& Tower with Radar,0,28,26,24,78,0,0,17,0,17,0,28,43,24,95,14,68,82,177
05/27/2010,MLU,LA,ASW,CE,Combined TRACON& Tower with Radar,0,27,48,7,82,0,2,44,3,49,0,29,92,10,131,6,12,18,149
05/28/2010,MLU,LA,ASW,CE,Combined TRACON& Tower with Radar,0,29,36,19,84,0,1,40,2,43,0,30,76,21,127,10,0,10,137
05/29/2010,MLU,LA,ASW,CE,Combined TRACON& Tower with Radar,0,21,18,0,39,0,0,29,0,29,0,21,47,0,68,8,0,8,76
05/30/2010,MLU,LA,ASW,CE,Combined TRACON& Tower with Radar,0,20,15,0,35,0,0,29,1,30,0,20,44,1,65,20,0,20,85
05/31/2010,MLU,LA,ASW,CE,Combined TRACON& Tower with Radar,0,22,14,0,36,0,0,31,0,31,0,22,45,0,67,22,0,22,89
06/01/2010,MLU,LA,ASW,CE,Combined TRACON& Tower with Radar,0,31,24,16,71,0,0,18,0,18,0,31,42,16,89,4,30,34,123
06/02/2010,MLU,LA,ASW,CE,Combined TRACON& Tower with Radar,0,25,37,31,93,0,0,31,2,33,0,25,68,33,126,34,2,36,162
06/03/2010,MLU,LA,ASW,CE,Combined TRACON& Tower with Radar,0,28,24,22,74,0,0,3,2,5,0,28,27,24,79,0,0,0,79
06/04/2010,MLU,LA,ASW,CE,Combined TRACON& Tower with Radar,0,28,23,8,59,0,0,10,0,10,0,28,33,8,69,8,0,8,77
06/05/2010,MLU,LA,ASW,CE,Combined TRACON& Tower with Radar,0,20,11,2,33,0,0,7,0,7,0,20,18,2,40,0,0,0,40
06/06/2010,MLU,LA,ASW,CE,Combined TRACON& Tower with Radar,0,22,17,10,49,0,0,7,0,7,0,22,24,10,56,8,0,8,64
06/07/2010,MLU,LA,ASW,CE,Combined TRACON& Tower with Radar,0,28,17,3,48,0,1,21,1,23,0,29,38,4,71,22,0,22,93
06/08/2010,MLU,LA,ASW,CE,Combined TRACON& Tower with Radar,0,24,31,20,75,0,0,11,1,12,0,24,42,21,87,14,38,52,139
06/09/2010,MLU,LA,ASW,CE,Combined TRACON& Tower with Radar,0,29,29,4,62,0,0,14,2,16,0,29,43,6,78,0,14,14,92
06/10/2010,MLU,LA,ASW,CE,Combined TRACON& Tower with Radar,0,29,30,3,62,0,0,8,2,10,0,29,38,5,72,10,0,10,82
06/11/2010,MLU,LA,ASW,CE,Combined TRACON& Tower with Radar,0,28,34,24,86,0,0,23,1,24,0,28,57,25,110,36,20,56,166
06/12/2010,MLU,LA,ASW,CE,Combined TRACON& Tower with Radar,0,20,13,0,33,0,0,19,0,19,0,20,32,0,52,4,0,4,56
06/13/2010,MLU,LA,ASW,CE,Combined TRACON& Tower with Radar,0,22,25,0,47,0,0,17,0,17,0,22,42,0,64,18,0,18,82
06/14/2010,MLU,LA,ASW,CE,Combined TRACON& Tower with Radar,0,26,32,50,108,0,0,27,0,27,0,26,59,50,135,10,30,40,175
06/15/2010,MLU,LA,ASW,CE,Combined TRACON& Tower with Radar,0,33,30,27,90,0,0,29,1,30,0,33,59,28,120,22,28,50,170
06/16/2010,MLU,LA,ASW,CE,Combined TRACON& Tower with Radar,0,26,31,18,75,0,0,37,0,37,0,26,68,18,112,56,16,72,184
06/17/2010,MLU,LA,ASW,CE,Combined TRACON& Tower with Radar,0,26,19,18,63,0,0,31,0,31,0,26,50,18,94,34,0,34,128
06/18/2010,MLU,LA,ASW,CE,Combined TRACON& Tower with Radar,0,29,39,9,77,0,0,31,0,31,0,29,70,9,108,4,10,14,122
06/19/2010,MLU,LA,ASW,CE,Combined TRACON& Tower with Radar,0,18,12,0,30,0,0,21,0,21,0,18,33,0,51,6,0,6,57
06/20/2010,MLU,LA,ASW,CE,Combined TRACON& Tower with Radar,0,23,15,0,38,0,0,16,0,16,0,23,31,0,54,0,0,0,54
06/21/2010,MLU,LA,ASW,CE,Combined TRACON& Tower with Radar,0,26,23,34,83,0,2,31,1,34,0,28,54,35,117,0,38,38,155
06/22/2010,MLU,LA,ASW,CE,Combined TRACON& Tower with Radar,0,30,31,14,75,0,2,26,0,28,0,32,57,14,103,20,8,28,131
06/23/2010,MLU,LA,ASW,CE,Combined TRACON& Tower with Radar,0,26,25,8,59,0,0,19,0,19,0,26,44,8,78,10,12,22,100
06/24/2010,MLU,LA,ASW,CE,Combined TRACON& Tower with Radar,0,25,37,15,77,0,2,36,1,39,0,27,73,16,116,12,38,50,166
06/25/2010,MLU,LA,ASW,CE,Combined TRACON& Tower with Radar,0,27,22,46,95,0,0,40,1,41,0,27,62,47,136,0,24,24,160
06/26/2010,MLU,LA,ASW,CE,Combined TRACON& Tower with Radar,0,21,18,4,43,0,0,22,0,22,0,21,40,4,65,30,0,30,95
06/27/2010,MLU,LA,ASW,CE,Combined TRACON& Tower with Radar,0,21,17,4,42,0,0,25,1,26,0,21,42,5,68,8,0,8,76
06/28/2010,MLU,LA,ASW,CE,Combined TRACON& Tower with Radar,0,26,29,31,86,0,0,30,2,32,0,26,59,33,118,8,28,36,154
06/29/2010,MLU,LA,ASW,CE,Combined TRACON& Tower with Radar,0,28,24,6,58,0,0,13,1,14,0,28,37,7,72,20,0,20,92
06/30/2010,MLU,LA,ASW,CE,Combined TRACON& Tower with Radar,0,30,23,4,57,0,0,11,0,11,0,30,34,4,68,12,0,12,80
07/01/2010,MLU,LA,ASW,CE,Combined TRACON& Tower with Radar,0,29,22,0,51,0,0,10,0,10,0,29,32,0,61,0,0,0,61
07/02/2010,MLU,LA,ASW,CE,Combined TRACON& Tower with Radar,0,22,24,0,46,0,0,10,0,10,0,22,34,0,56,22,0,22,78
07/03/2010,MLU,LA,ASW,CE,Combined TRACON& Tower with Radar,0,21,6,2,29,0,0,17,0,17,0,21,23,2,46,18,0,18,64
07/04/2010,MLU,LA,ASW,CE,Combined TRACON& Tower with Radar,0,16,3,0,19,0,0,5,1,6,0,16,8,1,25,0,0,0,25
07/05/2010,MLU,LA,ASW,CE,Combined TRACON& Tower with Radar,0,25,22,0,47,0,0,20,0,20,0,25,42,0,67,4,0,4,71
07/06/2010,MLU,LA,ASW,CE,Combined TRACON& Tower with Radar,0,28,26,2,56,0,0,8,0,8,0,28,34,2,64,18,0,18,82
07/07/2010,MLU,LA,ASW,CE,Combined TRACON& Tower with Radar,0,25,30,9,64,0,2,4,1,7,0,27,34,10,71,0,16,16,87
07/08/2010,MLU,LA,ASW,CE,Combined TRACON& Tower with Radar,0,29,35,15,79,0,2,22,0,24,0,31,57,15,103,2,2,4,107
07/09/2010,MLU,LA,ASW,CE,Combined TRACON& Tower with Radar,0,30,24,13,67,0,1,18,4,23,0,31,42,17,90,4,24,28,118
07/10/2010,MLU,LA,ASW,CE,Combined TRACON& Tower with Radar,0,20,10,2,32,0,0,28,0,28,0,20,38,2,60,6,0,6,66
07/11/2010,MLU,LA,ASW,CE,Combined TRACON& Tower with Radar,0,24,21,3,48,0,0,15,0,15,0,24,36,3,63,0,10,10,73
07/12/2010,MLU,LA,ASW,CE,Combined TRACON& Tower with Radar,0,25,27,37,89,0,1,35,2,38,0,26,62,39,127,30,30,60,187
07/13/2010,MLU,LA,ASW,CE,Combined TRACON& Tower with Radar,0,32,36,17,85,0,0,16,6,22,0,32,52,23,107,14,28,42,149
07/14/2010,MLU,LA,ASW,CE,Combined TRACON& Tower with Radar,0,31,28,17,76,0,3,29,2,34,0,34,57,19,110,28,32,60,170
07/15/2010,MLU,LA,ASW,CE,Combined TRACON& Tower with Radar,0,24,37,15,76,0,2,16,3,21,0,26,53,18,97,12,2,14,111
07/16/2010,MLU,LA,ASW,CE,Combined TRACON& Tower with Radar,0,27,19,20,66,0,2,23,2,27,0,29,42,22,93,36,0,36,129
07/17/2010,MLU,LA,ASW,CE,Combined TRACON& Tower with Radar,0,19,17,4,40,0,0,8,0,8,0,19,25,4,48,10,0,10,58
07/18/2010,MLU,LA,ASW,CE,Combined TRACON& Tower with Radar,0,22,14,8,44,0,1,13,1,15,0,23,27,9,59,0,0,0,59
07/19/2010,MLU,LA,ASW,CE,Combined TRACON& Tower with Radar,0,29,21,9,59,0,2,5,0,7,0,31,26,9,66,0,0,0,66
07/20/2010,MLU,LA,ASW,CE,Combined TRACON& Tower with Radar,0,25,31,15,71,0,2,27,2,31,0,27,58,17,102,34,6,40,142
07/21/2010,MLU,LA,ASW,CE,Combined TRACON& Tower with Radar,0,28,29,19,76,0,3,28,1,32,0,31,57,20,108,30,8,38,146
07/22/2010,MLU,LA,ASW,CE,Combined TRACON& Tower with Radar,0,26,42,39,107,0,2,37,3,42,0,28,79,42,149,22,8,30,179
07/23/2010,MLU,LA,ASW,CE,Combined TRACON& Tower with Radar,0,25,26,9,60,0,2,25,4,31,0,27,51,13,91,12,7,19,110
07/24/2010,MLU,LA,ASW,CE,Combined TRACON& Tower with Radar,0,22,8,0,30,0,0,16,0,16,0,22,24,0,46,4,0,4,50
07/25/2010,MLU,LA,ASW,CE,Combined TRACON& Tower with Radar,0,22,8,2,32,0,0,9,2,11,0,22,17,4,43,0,6,6,49
07/26/2010,MLU,LA,ASW,CE,Combined TRACON& Tower with Radar,0,27,18,18,63,0,2,10,0,12,0,29,28,18,75,0,0,0,75
07/27/2010,MLU,LA,ASW,CE,Combined TRACON& Tower with Radar,0,30,22,0,52,0,0,7,0,7,0,30,29,0,59,4,0,4,63
07/28/2010,MLU,LA,ASW,CE,Combined TRACON& Tower with Radar,0,27,29,8,64,0,2,9,0,11,0,29,38,8,75,16,0,16,91
07/29/2010,MLU,LA,ASW,CE,Combined TRACON& Tower with Radar,0,31,20,20,71,0,2,38,2,42,0,33,58,22,113,26,0,26,139
07/30/2010,MLU,LA,ASW,CE,Combined TRACON& Tower with Radar,0,26,29,32,87,0,2,48,1,51,0,28,77,33,138,27,0,27,165
07/31/2010,MLU,LA,ASW,CE,Combined TRACON& Tower with Radar,0,20,16,3,39,0,0,34,0,34,0,20,50,3,73,32,0,32,105
08/01/2010,MLU,LA,ASW,CE,Combined TRACON& Tower with Radar,0,21,18,12,51,0,0,22,1,23,0,21,40,13,74,20,22,42,116
08/02/2010,MLU,LA,ASW,CE,Combined TRACON& Tower with Radar,0,22,30,4,56,0,2,30,2,34,0,24,60,6,90,2,4,6,96
08/03/2010,MLU,LA,ASW,CE,Combined TRACON& Tower with Radar,0,24,16,24,64,0,2,25,3,30,0,26,41,27,94,6,0,6,100
08/04/2010,MLU,LA,ASW,CE,Combined TRACON& Tower with Radar,0,29,27,36,92,0,2,21,2,25,0,31,48,38,117,12,36,48,165
08/05/2010,MLU,LA,ASW,CE,Combined TRACON& Tower with Radar,0,26,26,13,65,0,0,17,2,19,0,26,43,15,84,14,0,14,98
08/06/2010,MLU,LA,ASW,CE,Combined TRACON& Tower with Radar,0,24,19,8,51,0,0,11,0,11,0,24,30,8,62,0,0,0,62
08/07/2010,MLU,LA,ASW,CE,Combined TRACON& Tower with Radar,0,20,10,0,30,0,0,13,0,13,0,20,23,0,43,14,0,14,57
08/08/2010,MLU,LA,ASW,CE,Combined TRACON& Tower with Radar,0,24,24,10,58,0,0,10,0,10,0,24,34,10,68,4,0,4,72
08/09/2010,MLU,LA,ASW,CE,Combined TRACON& Tower with Radar,0,27,19,29,75,0,0,39,1,40,0,27,58,30,115,6,28,34,149
08/10/2010,MLU,LA,ASW,CE,Combined TRACON& Tower with Radar,0,29,36,23,88,0,0,23,4,27,0,29,59,27,115,50,20,70,185
08/11/2010,MLU,LA,ASW,CE,Combined TRACON& Tower with Radar,0,31,32,30,93,0,0,21,7,28,0,31,53,37,121,20,14,34,155
08/12/2010,MLU,LA,ASW,CE,Combined TRACON& Tower with Radar,0,24,25,20,69,0,0,12,0,12,0,24,37,20,81,24,2,26,107
08/13/2010,MLU,LA,ASW,CE,Combined TRACON& Tower with Radar,0,26,33,27,86,0,0,25,1,26,0,26,58,28,112,14,40,54,166
08/14/2010,MLU,LA,ASW,CE,Combined TRACON& Tower with Radar,0,20,8,7,35,0,0,24,1,25,0,20,32,8,60,46,2,48,108
08/15/2010,MLU,LA,ASW,CE,Combined TRACON& Tower with Radar,0,22,3,0,25,0,0,12,1,13,0,22,15,1,38,0,0,0,38
08/16/2010,MLU,LA,ASW,CE,Combined TRACON& Tower with Radar,0,24,20,13,57,0,0,15,1,16,0,24,35,14,73,14,0,14,87
08/17/2010,MLU,LA,ASW,CE,Combined TRACON& Tower with Radar,0,24,23,2,49,0,0,22,0,22,0,24,45,2,71,7,0,7,78
08/18/2010,MLU,LA,ASW,CE,Combined TRACON& Tower with Radar,0,22,24,4,50,0,0,8,0,8,0,22,32,4,58,2,0,2,60
08/19/2010,MLU,LA,ASW,CE,Combined TRACON& Tower with Radar,0,26,24,23,73,0,0,23,0,23,0,26,47,23,96,24,6,30,126
08/20/2010,MLU,LA,ASW,CE,Combined TRACON& Tower with Radar,0,27,18,2,47,0,0,16,0,16,0,27,34,2,63,10,0,10,73
08/21/2010,MLU,LA,ASW,CE,Combined TRACON& Tower with Radar,0,18,8,0,26,0,0,35,0,35,0,18,43,0,61,18,0,18,79
08/22/2010,MLU,LA,ASW,CE,Combined TRACON& Tower with Radar,0,24,10,0,34,0,0,17,1,18,0,24,27,1,52,0,0,0,52
08/23/2010,MLU,LA,ASW,CE,Combined TRACON& Tower with Radar,0,28,25,8,61,0,0,29,0,29,0,28,54,8,90,16,28,44,134
08/24/2010,MLU,LA,ASW,CE,Combined TRACON& Tower with Radar,0,19,20,9,48,0,0,15,2,17,0,19,35,11,65,29,20,49,114
08/25/2010,MLU,LA,ASW,CE,Combined TRACON& Tower with Radar,0,25,30,12,67,0,0,27,0,27,0,25,57,12,94,16,20,36,130
08/26/2010,MLU,LA,ASW,CE,Combined TRACON& Tower with Radar,0,25,30,4,59,0,0,29,3,32,0,25,59,7,91,14,14,28,119
08/27/2010,MLU,LA,ASW,CE,Combined TRACON& Tower with Radar,0,27,36,8,71,0,0,37,3,40,0,27,73,11,111,14,24,38,149
08/28/2010,MLU,LA,ASW,CE,Combined TRACON& Tower with Radar,0,20,22,2,44,0,0,20,3,23,0,20,42,5,67,2,0,2,69
08/29/2010,MLU,LA,ASW,CE,Combined TRACON& Tower with Radar,0,22,13,0,35,0,0,4,0,4,0,22,17,0,39,0,0,0,39
08/30/2010,MLU,LA,ASW,CE,Combined TRACON& Tower with Radar,0,26,25,32,83,0,0,17,4,21,0,26,42,36,104,0,58,58,162
08/31/2010,MLU,LA,ASW,CE,Combined TRACON& Tower with Radar,0,28,25,4,57,0,0,22,2,24,0,28,47,6,81,20,14,34,115
09/01/2010,MLU,LA,ASW,CE,Combined TRACON& Tower with Radar,0,27,25,8,60,0,0,25,0,25,0,27,50,8,85,16,26,42,127
09/02/2010,MLU,LA,ASW,CE,Combined TRACON& Tower with Radar,0,26,27,36,89,0,0,24,2,26,0,26,51,38,115,19,32,51,166
09/03/2010,MLU,LA,ASW,CE,Combined TRACON& Tower with Radar,0,24,18,24,66,0,0,21,0,21,0,24,39,24,87,20,2,22,109
09/04/2010,MLU,LA,ASW,CE,Combined TRACON& Tower with Radar,0,17,10,4,31,0,0,34,0,34,0,17,44,4,65,36,0,36,101
09/05/2010,MLU,LA,ASW,CE,Combined TRACON& Tower with Radar,0,16,7,0,23,0,0,20,0,20,0,16,27,0,43,30,0,30,73
09/06/2010,MLU,LA,ASW,CE,Combined TRACON& Tower with Radar,0,21,13,0,34,0,0,21,0,21,0,21,34,0,55,8,0,8,63
09/07/2010,MLU,LA,ASW,CE,Combined TRACON& Tower with Radar,0,25,21,15,61,0,0,17,1,18,0,25,38,16,79,0,36,36,115
09/08/2010,MLU,LA,ASW,CE,Combined TRACON& Tower with Radar,0,24,20,10,54,0,0,7,0,7,0,24,27,10,61,22,20,42,103
09/09/2010,MLU,LA,ASW,CE,Combined TRACON& Tower with Radar,0,24,26,1,51,0,0,37,2,39,0,24,63,3,90,12,0,12,102
09/10/2010,MLU,LA,ASW,CE,Combined TRACON& Tower with Radar,0,27,38,12,77,0,0,26,1,27,0,27,64,13,104,30,2,32,136
09/11/2010,MLU,LA,ASW,CE,Combined TRACON& Tower with Radar,1,16,18,0,35,0,0,34,0,34,1,16,52,0,69,18,0,18,87
09/12/2010,MLU,LA,ASW,CE,Combined TRACON& Tower with Radar,1,21,17,0,39,0,0,18,0,18,1,21,35,0,57,10,0,10,67
09/13/2010,MLU,LA,ASW,CE,Combined TRACON& Tower with Radar,0,30,21,27,78,0,2,31,3,36,0,32,52,30,114,44,8,52,166
09/14/2010,MLU,LA,ASW,CE,Combined TRACON& Tower with Radar,0,26,31,17,74,0,0,43,3,46,0,26,74,20,120,30,0,30,150
09/15/2010,MLU,LA,ASW,CE,Combined TRACON& Tower with Radar,0,28,31,30,89,0,0,42,2,44,0,28,73,32,133,24,10,34,167
09/16/2010,MLU,LA,ASW,CE,Combined TRACON& Tower with Radar,0,29,21,31,81,0,0,23,0,23,0,29,44,31,104,12,20,32,136
09/17/2010,MLU,LA,ASW,CE,Combined TRACON& Tower with Radar,2,26,24,21,73,0,0,33,0,33,2,26,57,21,106,38,20,58,164
09/18/2010,MLU,LA,ASW,CE,Combined TRACON& Tower with Radar,1,16,11,2,30,0,0,32,0,32,1,16,43,2,62,12,0,12,74
09/19/2010,MLU,LA,ASW,CE,Combined TRACON& Tower with Radar,0,21,17,4,42,0,0,26,0,26,0,21,43,4,68,4,12,16,84
09/20/2010,MLU,LA,ASW,CE,Combined TRACON& Tower with Radar,0,29,20,45,94,0,0,24,4,28,0,29,44,49,122,24,2,26,148
09/21/2010,MLU,LA,ASW,CE,Combined TRACON& Tower with Radar,0,24,13,35,72,0,0,29,0,29,0,24,42,35,101,4,36,40,141
09/22/2010,MLU,LA,ASW,CE,Combined TRACON& Tower with Radar,0,24,32,25,81,0,1,19,2,22,0,25,51,27,103,2,0,2,105
09/23/2010,MLU,LA,ASW,CE,Combined TRACON& Tower with Radar,0,27,13,40,80,0,0,16,1,17,0,27,29,41,97,28,22,50,147
09/24/2010,MLU,LA,ASW,CE,Combined TRACON& Tower with Radar,0,10,7,4,21,0,0,1,0,1,0,10,8,4,22,12,16,28,50
09/25/2010,MLU,LA,ASW,CE,Combined TRACON& Tower with Radar,0,9,5,0,14,0,0,0,0,0,0,9,5,0,14,4,0,4,18
09/26/2010,MLU,LA,ASW,CE,Combined TRACON& Tower with Radar,0,10,10,0,20,0,0,0,0,0,0,10,10,0,20,0,0,0,20
09/27/2010,MLU,LA,ASW,CE,Combined TRACON& Tower with Radar,0,12,8,0,20,0,0,0,0,0,0,12,8,0,20,74,0,74,94
09/28/2010,MLU,LA,ASW,CE,Combined TRACON& Tower with Radar,0,16,21,0,37,0,0,14,2,16,0,16,35,2,53,10,0,10,63
09/29/2010,MLU,LA,ASW,CE,Combined TRACON& Tower with Radar,0,26,33,19,78,0,1,46,3,50,0,27,79,22,128,62,20,82,210
09/30/2010,MLU,LA,ASW,CE,Combined TRACON& Tower with Radar,0,29,33,8,70,0,0,28,3,31,0,29,61,11,101,44,0,44,145
10/01/2010,MLU,LA,ASW,CE,Combined TRACON& Tower with Radar,0,25,38,11,74,0,0,35,2,37,0,25,73,13,111,34,0,34,145
10/02/2010,MLU,LA,ASW,CE,Combined TRACON& Tower with Radar,0,17,26,0,43,0,0,42,1,43,0,17,68,1,86,2,2,4,90
10/03/2010,MLU,LA,ASW,CE,Combined TRACON& Tower with Radar,0,20,19,0,39,0,0,34,1,35,0,20,53,1,74,0,0,0,74
10/04/2010,MLU,LA,ASW,CE,Combined TRACON& Tower with Radar,0,25,28,7,60,0,0,42,1,43,0,25,70,8,103,36,0,36,139
10/05/2010,MLU,LA,ASW,CE,Combined TRACON& Tower with Radar,0,21,24,24,69,0,0,44,7,51,0,21,68,31,120,46,0,46,166
10/06/2010,MLU,LA,ASW,CE,Combined TRACON& Tower with Radar,0,20,27,46,93,0,0,34,0,34,0,20,61,46,127,14,44,58,185
10/07/2010,MLU,LA,ASW,CE,Combined TRACON& Tower with Radar,0,28,27,18,73,0,0,49,2,51,0,28,76,20,124,60,6,66,190
10/08/2010,MLU,LA,ASW,CE,Combined TRACON& Tower with Radar,1,24,37,10,72,0,0,57,1,58,1,24,94,11,130,48,0,48,178
10/09/2010,MLU,LA,ASW,CE,Combined TRACON& Tower with Radar,2,23,14,0,39,0,0,45,0,45,2,23,59,0,84,30,0,30,114
10/10/2010,MLU,LA,ASW,CE,Combined TRACON& Tower with Radar,0,21,30,0,51,0,0,30,1,31,0,21,60,1,82,20,0,20,102
10/11/2010,MLU,LA,ASW,CE,Combined TRACON& Tower with Radar,0,25,17,0,42,0,0,25,2,27,0,25,42,2,69,32,0,32,101
10/12/2010,MLU,LA,ASW,CE,Combined TRACON& Tower with Radar,0,21,25,5,51,0,0,21,0,21,0,21,46,5,72,28,4,32,104
10/13/2010,MLU,LA,ASW,CE,Combined TRACON& Tower with Radar,0,25,36,47,108,0,0,38,3,41,0,25,74,50,149,16,22,38,187
10/14/2010,MLU,LA,ASW,CE,Combined TRACON& Tower with Radar,0,26,28,17,71,0,0,31,1,32,0,26,59,18,103,50,18,68,171
10/15/2010,MLU,LA,ASW,CE,Combined TRACON& Tower with Radar,1,25,30,50,106,0,2,31,5,38,1,27,61,55,144,60,56,116,260
10/16/2010,MLU,LA,ASW,CE,Combined TRACON& Tower with Radar,1,18,5,9,33,0,0,42,1,43,1,18,47,10,76,14,2,16,92
10/17/2010,MLU,LA,ASW,CE,Combined TRACON& Tower with Radar,0,24,10,11,45,0,0,19,0,19,0,24,29,11,64,20,0,20,84
10/18/2010,MLU,LA,ASW,CE,Combined TRACON& Tower with Radar,0,26,19,23,68,0,1,42,2,45,0,27,61,25,113,56,28,84,197
10/19/2010,MLU,LA,ASW,CE,Combined TRACON& Tower with Radar,0,24,26,7,57,0,0,21,1,22,0,24,47,8,79,16,0,16,95
10/20/2010,MLU,LA,ASW,CE,Combined TRACON& Tower with Radar,0,22,29,21,72,0,0,33,1,34,0,22,62,22,106,46,10,56,162
10/21/2010,MLU,LA,ASW,CE,Combined TRACON& Tower with Radar,0,26,36,22,84,0,0,38,3,41,0,26,74,25,125,80,0,80,205
10/22/2010,MLU,LA,ASW,CE,Combined TRACON& Tower with Radar,0,26,25,22,73,0,0,35,0,35,0,26,60,22,108,50,14,64,172
10/23/2010,MLU,LA,ASW,CE,Combined TRACON& Tower with Radar,0,22,10,0,32,0,0,22,0,22,0,22,32,0,54,48,0,48,102
10/24/2010,MLU,LA,ASW,CE,Combined TRACON& Tower with Radar,0,23,21,1,45,0,0,6,0,6,0,23,27,1,51,20,0,20,71
10/25/2010,MLU,LA,ASW,CE,Combined TRACON& Tower with Radar,2,25,30,22,79,0,0,20,0,20,2,25,50,22,99,64,6,70,169
10/26/2010,MLU,LA,ASW,CE,Combined TRACON& Tower with Radar,0,25,26,32,83,0,0,14,0,14,0,25,40,32,97,18,0,18,115
10/27/2010,MLU,LA,ASW,CE,Combined TRACON& Tower with Radar,0,24,20,4,48,0,0,13,1,14,0,24,33,5,62,42,10,52,114
10/28/2010,MLU,LA,ASW,CE,Combined TRACON& Tower with Radar,0,27,27,3,57,0,0,48,1,49,0,27,75,4,106,48,2,50,156
10/29/2010,MLU,LA,ASW,CE,Combined TRACON& Tower with Radar,0,25,35,18,78,0,0,48,2,50,0,25,83,20,128,62,6,68,196
10/30/2010,MLU,LA,ASW,CE,Combined TRACON& Tower with Radar,0,19,15,0,34,0,0,42,0,42,0,19,57,0,76,44,0,44,120
10/31/2010,MLU,LA,ASW,CE,Combined TRACON& Tower with Radar,0,21,20,0,41,0,0,16,1,17,0,21,36,1,58,14,0,14,72
11/01/2010,MLU,LA,ASW,CE,Combined TRACON& Tower with Radar,0,26,38,0,64,0,0,4,0,4,0,26,42,0,68,0,0,0,68
11/02/2010,MLU,LA,ASW,CE,Combined TRACON& Tower with Radar,0,23,14,0,37,0,0,0,0,0,0,23,14,0,37,0,0,0,37
11/03/2010,MLU,LA,ASW,CE,Combined TRACON& Tower with Radar,0,27,30,18,75,0,0,0,0,0,0,27,30,18,75,0,0,0,75
11/04/2010,MLU,LA,ASW,CE,Combined TRACON& Tower with Radar,0,28,30,5,63,0,0,20,1,21,0,28,50,6,84,28,0,28,112
11/05/2010,MLU,LA,ASW,CE,Combined TRACON& Tower with Radar,3,27,29,42,101,0,0,26,3,29,3,27,55,45,130,16,0,16,146
11/06/2010,MLU,LA,ASW,CE,Combined TRACON& Tower with Radar,1,18,24,3,46,0,0,38,5,43,1,18,62,8,89,68,14,82,171
11/07/2010,MLU,LA,ASW,CE,Combined TRACON& Tower with Radar,0,21,16,4,41,0,0,27,0,27,0,21,43,4,68,1,0,1,69
11/08/2010,MLU,LA,ASW,CE,Combined TRACON& Tower with Radar,0,26,27,15,68,0,0,25,3,28,0,26,52,18,96,116,10,126,222
11/09/2010,MLU,LA,ASW,CE,Combined TRACON& Tower with Radar,0,23,27,12,62,0,0,22,0,22,0,23,49,12,84,92,2,94,178
11/10/2010,MLU,LA,ASW,CE,Combined TRACON& Tower with Radar,0,24,37,23,84,0,0,27,3,30,0,24,64,26,114,30,36,66,180
11/11/2010,MLU,LA,ASW,CE,Combined TRACON& Tower with Radar,0,31,23,20,74,0,0,20,0,20,0,31,43,20,94,38,8,46,140
11/12/2010,MLU,LA,ASW,CE,Combined TRACON& Tower with Radar,2,30,18,17,67,0,0,23,1,24,2,30,41,18,91,48,0,48,139
11/13/2010,MLU,LA,ASW,CE,Combined TRACON& Tower with Radar,0,17,17,0,34,0,0,2,0,2,0,17,19,0,36,0,0,0,36
11/14/2010,MLU,LA,ASW,CE,Combined TRACON& Tower with Radar,0,23,18,0,41,0,0,12,0,12,0,23,30,0,53,8,0,8,61
11/15/2010,MLU,LA,ASW,CE,Combined TRACON& Tower with Radar,0,29,12,14,55,0,0,0,0,0,0,29,12,14,55,0,0,0,55
11/16/2010,MLU,LA,ASW,CE,Combined TRACON& Tower with Radar,0,22,23,32,77,0,0,13,0,13,0,22,36,32,90,10,2,12,102
11/17/2010,MLU,LA,ASW,CE,Combined TRACON& Tower with Radar,0,25,28,10,63,0,0,17,0,17,0,25,45,10,80,16,0,16,96
11/18/2010,MLU,LA,ASW,CE,Combined TRACON& Tower with Radar,3,24,38,19,84,0,0,5,1,6,3,24,43,20,90,0,14,14,104
11/19/2010,MLU,LA,ASW,CE,Combined TRACON& Tower with Radar,4,22,26,30,82,0,0,0,0,0,4,22,26,30,82,0,0,0,82
11/20/2010,MLU,LA,ASW,CE,Combined TRACON& Tower with Radar,4,13,19,0,36,0,0,1,0,1,4,13,20,0,37,0,0,0,37
11/21/2010,MLU,LA,ASW,CE,Combined TRACON& Tower with Radar,4,19,17,0,40,0,0,5,0,5,4,19,22,0,45,6,0,6,51
11/22/2010,MLU,LA,ASW,CE,Combined TRACON& Tower with Radar,4,19,22,6,51,0,0,13,0,13,4,19,35,6,64,0,0,0,64
11/23/2010,MLU,LA,ASW,CE,Combined TRACON& Tower with Radar,4,21,31,25,81,0,0,25,0,25,4,21,56,25,106,46,42,88,194
11/24/2010,MLU,LA,ASW,CE,Combined TRACON& Tower with Radar,4,23,25,34,86,0,0,12,0,12,4,23,37,34,98,0,0,0,98
11/25/2010,MLU,LA,ASW,CE,Combined TRACON& Tower with Radar,2,16,5,0,23,0,0,2,0,2,2,16,7,0,25,0,0,0,25
11/26/2010,MLU,LA,ASW,CE,Combined TRACON& Tower with Radar,6,16,12,0,34,0,0,9,0,9,6,16,21,0,43,0,0,0,43
11/27/2010,MLU,LA,ASW,CE,Combined TRACON& Tower with Radar,4,18,4,0,26,0,0,31,0,31,4,18,35,0,57,8,0,8,65
11/28/2010,MLU,LA,ASW,CE,Combined TRACON& Tower with Radar,3,22,14,0,39,0,0,19,0,19,3,22,33,0,58,0,0,0,58
11/29/2010,MLU,LA,ASW,CE,Combined TRACON& Tower with Radar,4,24,26,2,56,0,0,1,1,2,4,24,27,3,58,0,0,0,58
11/30/2010,MLU,LA,ASW,CE,Combined TRACON& Tower with Radar,4,16,21,21,62,0,0,13,1,14,4,16,34,22,76,0,42,42,118
12/01/2010,MLU,LA,ASW,CE,Combined TRACON& Tower with Radar,4,20,46,13,83,0,0,28,9,37,4,20,74,22,120,10,0,10,130
12/02/2010,MLU,LA,ASW,CE,Combined TRACON& Tower with Radar,4,24,25,10,63,0,0,14,2,16,4,24,39,12,79,26,0,26,105
12/03/2010,MLU,LA,ASW,CE,Combined TRACON& Tower with Radar,5,22,23,17,67,0,0,28,1,29,5,22,51,18,96,22,20,42,138
12/04/2010,MLU,LA,ASW,CE,Combined TRACON& Tower with Radar,5,13,13,0,31,0,0,5,0,5,5,13,18,0,36,0,0,0,36
12/05/2010,MLU,LA,ASW,CE,Combined TRACON& Tower with Radar,4,17,17,0,38,0,0,9,1,10,4,17,26,1,48,6,0,6,54
12/06/2010,MLU,LA,ASW,CE,Combined TRACON& Tower with Radar,4,24,21,9,58,0,0,20,1,21,4,24,41,10,79,21,12,33,112
12/07/2010,MLU,LA,ASW,CE,Combined TRACON& Tower with Radar,4,21,32,18,75,0,0,31,0,31,4,21,63,18,106,0,0,0,106
12/08/2010,MLU,LA,ASW,CE,Combined TRACON& Tower with Radar,4,21,46,10,81,0,0,15,8,23,4,21,61,18,104,4,0,4,108
12/09/2010,MLU,LA,ASW,CE,Combined TRACON& Tower with Radar,4,23,28,1,56,0,0,27,2,29,4,23,55,3,85,34,0,34,119
12/10/2010,MLU,LA,ASW,CE,Combined TRACON& Tower with Radar,4,23,22,24,73,0,0,27,2,29,4,23,49,26,102,46,0,46,148
12/11/2010,MLU,LA,ASW,CE,Combined TRACON& Tower with Radar,4,17,7,0,28,0,0,4,0,4,4,17,11,0,32,0,0,0,32
12/12/2010,MLU,LA,ASW,CE,Combined TRACON& Tower with Radar,4,15,9,2,30,0,0,11,2,13,4,15,20,4,43,0,0,0,43
12/13/2010,MLU,LA,ASW,CE,Combined TRACON& Tower with Radar,4,22,29,27,82,0,0,27,3,30,4,22,56,30,112,22,20,42,154
12/14/2010,MLU,LA,ASW,CE,Combined TRACON& Tower with Radar,4,17,30,23,74,0,0,17,0,17,4,17,47,23,91,1,2,3,94
12/15/2010,MLU,LA,ASW,CE,Combined TRACON& Tower with Radar,2,20,30,10,62,0,0,19,0,19,2,20,49,10,81,0,2,2,83
12/16/2010,MLU,LA,ASW,CE,Combined TRACON& Tower with Radar,3,25,39,18,85,0,0,11,1,12,3,25,50,19,97,10,62,72,169
12/17/2010,MLU,LA,ASW,CE,Combined TRACON& Tower with Radar,4,25,36,2,67,0,0,14,2,16,4,25,50,4,83,20,0,20,103
12/18/2010,MLU,LA,ASW,CE,Combined TRACON& Tower with Radar,3,20,7,1,31,0,0,31,1,32,3,20,38,2,63,0,0,0,63
12/19/2010,MLU,LA,ASW,CE,Combined TRACON& Tower with Radar,4,18,12,0,34,0,0,17,0,17,4,18,29,0,51,8,0,8,59
12/20/2010,MLU,LA,ASW,CE,Combined TRACON& Tower with Radar,4,22,16,24,66,0,0,12,0,12,4,22,28,24,78,50,0,50,128
12/21/2010,MLU,LA,ASW,CE,Combined TRACON& Tower with Radar,3,22,29,34,88,0,2,17,0,19,3,24,46,34,107,12,0,12,119
12/22/2010,MLU,LA,ASW,CE,Combined TRACON& Tower with Radar,4,22,30,20,76,0,0,14,0,14,4,22,44,20,90,24,0,24,114
12/23/2010,MLU,LA,ASW,CE,Combined TRACON& Tower with Radar,4,25,18,0,47,0,0,32,0,32,4,25,50,0,79,32,0,32,111
12/24/2010,MLU,LA,ASW,CE,Combined TRACON& Tower with Radar,2,18,7,0,27,0,0,6,0,6,2,18,13,0,33,22,0,22,55
12/25/2010,MLU,LA,ASW,CE,Combined TRACON& Tower with Radar,3,11,2,0,16,0,0,0,0,0,3,11,2,0,16,0,0,0,16
12/26/2010,MLU,LA,ASW,CE,Combined TRACON& Tower with Radar,4,16,11,0,31,0,0,6,0,6,4,16,17,0,37,0,0,0,37
12/27/2010,MLU,LA,ASW,CE,Combined TRACON& Tower with Radar,4,23,12,4,43,0,0,21,1,22,4,23,33,5,65,20,0,20,85
12/28/2010,MLU,LA,ASW,CE,Combined TRACON& Tower with Radar,4,24,22,0,50,0,0,7,0,7,4,24,29,0,57,0,0,0,57
12/29/2010,MLU,LA,ASW,CE,Combined TRACON& Tower with Radar,4,22,18,0,44,0,0,3,0,3,4,22,21,0,47,10,0,10,57
12/30/2010,MLU,LA,ASW,CE,Combined TRACON& Tower with Radar,4,25,14,0,43,0,0,8,0,8,4,25,22,0,51,12,0,12,63
12/31/2010,MLU,LA,ASW,CE,Combined TRACON& Tower with Radar,3,20,7,0,30,0,0,2,0,2,3,20,9,0,32,40,0,40,72
01/01/2011,MLU,LA,ASW,CE,Combined TRACON& Tower with Radar,4,11,3,0,18,0,0,12,0,12,4,11,15,0,30,40,0,40,70
01/02/2011,MLU,LA,ASW,CE,Combined TRACON& Tower with Radar,4,18,12,0,34,0,0,22,0,22,4,18,34,0,56,0,0,0,56
01/03/2011,MLU,LA,ASW,CE,Combined TRACON& Tower with Radar,4,22,11,2,39,0,0,15,0,15,4,22,26,2,54,34,0,34,88
01/04/2011,MLU,LA,ASW,CE,Combined TRACON& Tower with Radar,4,18,25,10,57,0,0,19,0,19,4,18,44,10,76,28,10,38,114
01/05/2011,MLU,LA,ASW,CE,Combined TRACON& Tower with Radar,4,22,17,6,49,0,0,11,0,11,4,22,28,6,60,0,0,0,60
01/06/2011,MLU,LA,ASW,CE,Combined TRACON& Tower with Radar,4,25,21,40,90,0,0,27,6,33,4,25,48,46,123,34,24,58,181
01/07/2011,MLU,LA,ASW,CE,Combined TRACON& Tower with Radar,4,24,38,18,84,0,0,35,2,37,4,24,73,20,121,20,6,26,147
01/08/2011,MLU,LA,ASW,CE,Combined TRACON& Tower with Radar,4,13,21,0,38,0,0,39,1,40,4,13,60,1,78,10,0,10,88
01/09/2011,MLU,LA,ASW,CE,Combined TRACON& Tower with Radar,2,7,3,0,12,0,0,0,0,0,2,7,3,0,12,0,0,0,12
01/10/2011,MLU,LA,ASW,CE,Combined TRACON& Tower with Radar,1,11,17,0,29,0,0,0,0,0,1,11,17,0,29,0,0,0,29
01/11/2011,MLU,LA,ASW,CE,Combined TRACON& Tower with Radar,3,15,20,37,75,0,0,18,0,18,3,15,38,37,93,2,14,16,109
01/12/2011,MLU,LA,ASW,CE,Combined TRACON& Tower with Radar,4,19,33,7,63,0,2,31,0,33,4,21,64,7,96,16,0,16,112
01/13/2011,MLU,LA,ASW,CE,Combined TRACON& Tower with Radar,4,21,21,35,81,0,1,22,0,23,4,22,43,35,104,8,26,34,138
01/14/2011,MLU,LA,ASW,CE,Combined TRACON& Tower with Radar,4,23,33,53,113,0,0,20,0,20,4,23,53,53,133,4,24,28,161
01/15/2011,MLU,LA,ASW,CE,Combined TRACON& Tower with Radar,4,12,8,0,24,0,0,10,3,13,4,12,18,3,37,0,0,0,37
01/16/2011,MLU,LA,ASW,CE,Combined TRACON& Tower with Radar,4,12,7,0,23,0,0,0,0,0,4,12,7,0,23,0,0,0,23
01/17/2011,MLU,LA,ASW,CE,Combined TRACON& Tower with Radar,4,22,16,0,42,0,0,8,0,8,4,22,24,0,50,2,0,2,52
01/18/2011,MLU,LA,ASW,CE,Combined TRACON& Tower with Radar,4,21,29,40,94,0,0,4,1,5,4,21,33,41,99,4,0,4,103
01/19/2011,MLU,LA,ASW,CE,Combined TRACON& Tower with Radar,3,22,37,14,76,0,0,9,0,9,3,22,46,14,85,0,12,12,97
01/20/2011,MLU,LA,ASW,CE,Combined TRACON& Tower with Radar,4,23,16,6,49,0,0,4,0,4,4,23,20,6,53,2,0,2,55
01/21/2011,MLU,LA,ASW,CE,Combined TRACON& Tower with Radar,4,24,33,20,81,0,1,25,0,26,4,25,58,20,107,8,12,20,127
01/22/2011,MLU,LA,ASW,CE,Combined TRACON& Tower with Radar,4,15,9,0,28,0,0,39,0,39,4,15,48,0,67,12,0,12,79
01/23/2011,MLU,LA,ASW,CE,Combined TRACON& Tower with Radar,4,22,20,0,46,0,0,24,0,24,4,22,44,0,70,2,0,2,72
01/24/2011,MLU,LA,ASW,CE,Combined TRACON& Tower with Radar,4,22,24,16,66,0,0,2,0,2,4,22,26,16,68,0,0,0,68
01/25/2011,MLU,LA,ASW,CE,Combined TRACON& Tower with Radar,0,0,0,0,0,0,0,0,0,0,0,0,0,0,0,0,0,0,0
01/26/2011,MLU,LA,ASW,CE,Combined TRACON& Tower with Radar,0,0,0,0,0,0,0,0,0,0,0,0,0,0,0,0,0,0,0
01/27/2011,MLU,LA,ASW,CE,Combined TRACON& Tower with Radar,4,26,34,6,70,0,0,28,0,28,4,26,62,6,98,10,0,10,108
01/28/2011,MLU,LA,ASW,CE,Combined TRACON& Tower with Radar,4,21,28,19,72,0,0,38,1,39,4,21,66,20,111,50,0,50,161
01/29/2011,MLU,LA,ASW,CE,Combined TRACON& Tower with Radar,4,14,19,19,56,0,0,46,0,46,4,14,65,19,102,20,10,30,132
01/30/2011,MLU,LA,ASW,CE,Combined TRACON& Tower with Radar,4,18,9,0,31,0,0,0,0,0,4,18,9,0,31,0,0,0,31
01/31/2011,MLU,LA,ASW,CE,Combined TRACON& Tower with Radar,4,22,26,4,56,0,0,6,0,6,4,22,32,4,62,0,0,0,62
02/01/2011,MLU,LA,ASW,CE,Combined TRACON& Tower with Radar,0,16,4,0,20,0,0,0,0,0,0,16,4,0,20,0,0,0,20
02/02/2011,MLU,LA,ASW,CE,Combined TRACON& Tower with Radar,0,20,30,12,62,0,0,36,1,37,0,20,66,13,99,2,6,8,107
02/03/2011,MLU,LA,ASW,CE,Combined TRACON& Tower with Radar,1,14,18,22,55,0,0,15,2,17,1,14,33,24,72,0,0,0,72
02/04/2011,MLU,LA,ASW,CE,Combined TRACON& Tower with Radar,0,3,7,0,10,0,0,0,0,0,0,3,7,0,10,0,0,0,10
02/05/2011,MLU,LA,ASW,CE,Combined TRACON& Tower with Radar,4,10,13,8,35,0,1,25,0,26,4,11,38,8,61,0,0,0,61
02/06/2011,MLU,LA,ASW,CE,Combined TRACON& Tower with Radar,3,19,8,0,30,0,1,18,0,19,3,20,26,0,49,0,0,0,49
02/07/2011,MLU,LA,ASW,CE,Combined TRACON& Tower with Radar,4,21,12,35,72,0,0,4,0,4,4,21,16,35,76,0,0,0,76
02/08/2011,MLU,LA,ASW,CE,Combined TRACON& Tower with Radar,4,24,35,27,90,0,0,40,5,45,4,24,75,32,135,0,0,0,135
02/09/2011,MLU,LA,ASW,CE,Combined TRACON& Tower with Radar,2,14,14,0,30,0,0,0,0,0,2,14,14,0,30,0,0,0,30
02/10/2011,MLU,LA,ASW,CE,Combined TRACON& Tower with Radar,3,21,28,3,55,0,0,12,2,14,3,21,40,5,69,0,0,0,69
02/11/2011,MLU,LA,ASW,CE,Combined TRACON& Tower with Radar,3,23,33,26,85,0,0,31,0,31,3,23,64,26,116,0,0,0,116
02/12/2011,MLU,LA,ASW,CE,Combined TRACON& Tower with Radar,6,10,13,8,37,0,0,67,0,67,6,10,80,8,104,0,0,0,104
02/13/2011,MLU,LA,ASW,CE,Combined TRACON& Tower with Radar,6,16,14,0,36,0,0,30,1,31,6,16,44,1,67,0,0,0,67
02/14/2011,MLU,LA,ASW,CE,Combined TRACON& Tower with Radar,6,20,17,2,45,0,0,25,0,25,6,20,42,2,70,0,0,0,70
02/15/2011,MLU,LA,ASW,CE,Combined TRACON& Tower with Radar,6,21,24,12,63,0,0,29,0,29,6,21,53,12,92,0,0,0,92
02/16/2011,MLU,LA,ASW,CE,Combined TRACON& Tower with Radar,6,24,28,30,88,0,0,21,0,21,6,24,49,30,109,0,0,0,109
02/17/2011,MLU,LA,ASW,CE,Combined TRACON& Tower with Radar,6,19,32,33,90,0,0,21,0,21,6,19,53,33,111,0,0,0,111
02/18/2011,MLU,LA,ASW,CE,Combined TRACON& Tower with Radar,4,22,29,12,67,0,0,19,0,19,4,22,48,12,86,0,0,0,86
02/19/2011,MLU,LA,ASW,CE,Combined TRACON& Tower with Radar,6,12,28,0,46,0,0,15,0,15,6,12,43,0,61,0,0,0,61
02/20/2011,MLU,LA,ASW,CE,Combined TRACON& Tower with Radar,5,14,12,0,31,0,0,14,0,14,5,14,26,0,45,0,0,0,45
02/21/2011,MLU,LA,ASW,CE,Combined TRACON& Tower with Radar,6,20,23,2,51,0,0,14,0,14,6,20,37,2,65,0,0,0,65
02/22/2011,MLU,LA,ASW,CE,Combined TRACON& Tower with Radar,6,21,27,43,97,0,0,33,0,33,6,21,60,43,130,0,0,0,130
02/23/2011,MLU,LA,ASW,CE,Combined TRACON& Tower with Radar,6,19,49,11,85,0,0,19,0,19,6,19,68,11,104,0,0,0,104
02/24/2011,MLU,LA,ASW,CE,Combined TRACON& Tower with Radar,6,20,13,0,39,0,0,5,0,5,6,20,18,0,44,0,0,0,44
02/25/2011,MLU,LA,ASW,CE,Combined TRACON& Tower with Radar,6,26,25,54,111,0,0,30,7,37,6,26,55,61,148,0,0,0,148
02/26/2011,MLU,LA,ASW,CE,Combined TRACON& Tower with Radar,6,13,20,0,39,0,0,49,1,50,6,13,69,1,89,0,0,0,89
02/27/2011,MLU,LA,ASW,CE,Combined TRACON& Tower with Radar,6,26,6,1,39,0,0,4,2,6,6,26,10,3,45,0,0,0,45
02/28/2011,MLU,LA,ASW,CE,Combined TRACON& Tower with Radar,6,20,18,14,58,0,0,11,1,12,6,20,29,15,70,0,0,0,70
03/01/2011,MLU,LA,ASW,CE,Combined TRACON& Tower with Radar,6,21,27,13,67,0,0,37,1,38,6,21,64,14,105,0,0,0,105
03/02/2011,MLU,LA,ASW,CE,Combined TRACON& Tower with Radar,6,19,29,12,66,0,0,26,0,26,6,19,55,12,92,0,0,0,92
03/03/2011,MLU,LA,ASW,CE,Combined TRACON& Tower with Radar,6,18,25,28,77,0,0,30,0,30,6,18,55,28,107,0,0,0,107
03/04/2011,MLU,LA,ASW,CE,Combined TRACON& Tower with Radar,6,19,33,30,88,0,0,8,0,8,6,19,41,30,96,0,0,0,96
03/05/2011,MLU,LA,ASW,CE,Combined TRACON& Tower with Radar,6,12,4,0,22,0,0,3,0,3,6,12,7,0,25,0,0,0,25
03/06/2011,MLU,LA,ASW,CE,Combined TRACON& Tower with Radar,6,18,25,0,49,0,0,17,0,17,6,18,42,0,66,0,0,0,66
03/07/2011,MLU,LA,ASW,CE,Combined TRACON& Tower with Radar,6,22,30,19,77,0,0,38,0,38,6,22,68,19,115,0,0,0,115
03/08/2011,MLU,LA,ASW,CE,Combined TRACON& Tower with Radar,5,21,12,0,38,0,0,0,0,0,5,21,12,0,38,0,0,0,38
03/09/2011,MLU,LA,ASW,CE,Combined TRACON& Tower with Radar,6,19,24,32,81,0,0,17,0,17,6,19,41,32,98,0,0,0,98
03/10/2011,MLU,LA,ASW,CE,Combined TRACON& Tower with Radar,6,21,10,40,77,0,0,34,0,34,6,21,44,40,111,0,0,0,111
03/11/2011,MLU,LA,ASW,CE,Combined TRACON& Tower with Radar,4,20,24,35,83,0,0,33,0,33,4,20,57,35,116,0,0,0,116
03/12/2011,MLU,LA,ASW,CE,Combined TRACON& Tower with Radar,6,12,23,0,41,0,0,48,0,48,6,12,71,0,89,6,0,6,95
03/13/2011,MLU,LA,ASW,CE,Combined TRACON& Tower with Radar,4,18,22,0,44,0,0,12,0,12,4,18,34,0,56,0,0,0,56
03/14/2011,MLU,LA,ASW,CE,Combined TRACON& Tower with Radar,5,19,26,0,50,0,0,3,0,3,5,19,29,0,53,0,0,0,53
03/15/2011,MLU,LA,ASW,CE,Combined TRACON& Tower with Radar,6,17,28,30,81,0,0,41,0,41,6,17,69,30,122,0,0,0,122
03/16/2011,MLU,LA,ASW,CE,Combined TRACON& Tower with Radar,6,20,27,20,73,0,0,38,2,40,6,20,65,22,113,0,0,0,113
03/17/2011,MLU,LA,ASW,CE,Combined TRACON& Tower with Radar,6,22,27,44,99,0,0,21,0,21,6,22,48,44,120,0,0,0,120
03/18/2011,MLU,LA,ASW,CE,Combined TRACON& Tower with Radar,6,23,40,15,84,0,0,35,1,36,6,23,75,16,120,0,0,0,120
03/19/2011,MLU,LA,ASW,CE,Combined TRACON& Tower with Radar,6,12,13,0,31,0,0,28,0,28,6,12,41,0,59,0,0,0,59
03/20/2011,MLU,LA,ASW,CE,Combined TRACON& Tower with Radar,6,18,13,0,37,0,0,20,0,20,6,18,33,0,57,0,0,0,57
03/21/2011,MLU,LA,ASW,CE,Combined TRACON& Tower with Radar,6,18,31,12,67,0,0,25,0,25,6,18,56,12,92,0,0,0,92
03/22/2011,MLU,LA,ASW,CE,Combined TRACON& Tower with Radar,6,18,26,19,69,0,0,21,0,21,6,18,47,19,90,0,0,0,90
03/23/2011,MLU,LA,ASW,CE,Combined TRACON& Tower with Radar,6,22,29,16,73,0,0,19,2,21,6,22,48,18,94,0,0,0,94
03/24/2011,MLU,LA,ASW,CE,Combined TRACON& Tower with Radar,6,22,28,40,96,0,0,28,0,28,6,22,56,40,124,0,0,0,124
03/25/2011,MLU,LA,ASW,CE,Combined TRACON& Tower with Radar,6,21,43,31,101,0,0,24,2,26,6,21,67,33,127,0,0,0,127
03/26/2011,MLU,LA,ASW,CE,Combined TRACON& Tower with Radar,6,13,19,1,39,0,0,12,0,12,6,13,31,1,51,0,0,0,51
03/27/2011,MLU,LA,ASW,CE,Combined TRACON& Tower with Radar,5,17,23,2,47,0,0,8,0,8,5,17,31,2,55,0,0,0,55
03/28/2011,MLU,LA,ASW,CE,Combined TRACON& Tower with Radar,5,22,33,40,100,0,0,13,1,14,5,22,46,41,114,0,0,0,114
03/29/2011,MLU,LA,ASW,CE,Combined TRACON& Tower with Radar,5,19,24,14,62,0,0,4,0,4,5,19,28,14,66,0,0,0,66
03/30/2011,MLU,LA,ASW,CE,Combined TRACON& Tower with Radar,6,20,31,26,83,0,0,6,0,6,6,20,37,26,89,0,0,0,89
03/31/2011,MLU,LA,ASW,CE,Combined TRACON& Tower with Radar,6,24,19,40,89,0,0,20,2,22,6,24,39,42,111,0,0,0,111
04/01/2011,MLU,LA,ASW,CE,Combined TRACON& Tower with Radar,6,25,26,26,83,0,0,32,1,33,6,25,58,27,116,0,0,0,116
04/02/2011,MLU,LA,ASW,CE,Combined TRACON& Tower with Radar,6,11,11,0,28,0,0,31,0,31,6,11,42,0,59,0,0,0,59
04/03/2011,MLU,LA,ASW,CE,Combined TRACON& Tower with Radar,6,12,21,0,39,0,0,10,0,10,6,12,31,0,49,0,0,0,49
04/04/2011,MLU,LA,ASW,CE,Combined TRACON& Tower with Radar,4,13,21,0,38,0,0,2,0,2,4,13,23,0,40,0,0,0,40
04/05/2011,MLU,LA,ASW,CE,Combined TRACON& Tower with Radar,6,16,19,16,57,0,0,35,0,35,6,16,54,16,92,0,0,0,92
04/06/2011,MLU,LA,ASW,CE,Combined TRACON& Tower with Radar,6,16,32,0,54,0,0,20,0,20,6,16,52,0,74,0,0,0,74
04/07/2011,MLU,LA,ASW,CE,Combined TRACON& Tower with Radar,6,23,36,25,90,0,0,27,4,31,6,23,63,29,121,0,0,0,121
04/08/2011,MLU,LA,ASW,CE,Combined TRACON& Tower with Radar,6,17,31,30,84,0,0,19,1,20,6,17,50,31,104,0,0,0,104
04/09/2011,MLU,LA,ASW,CE,Combined TRACON& Tower with Radar,4,12,18,0,34,0,0,21,0,21,4,12,39,0,55,0,0,0,55
04/10/2011,MLU,LA,ASW,CE,Combined TRACON& Tower with Radar,5,14,16,6,41,0,0,14,0,14,5,14,30,6,55,0,0,0,55
04/11/2011,MLU,LA,ASW,CE,Combined TRACON& Tower with Radar,3,16,25,0,44,0,0,8,3,11,3,16,33,3,55,0,0,0,55
04/12/2011,MLU,LA,ASW,CE,Combined TRACON& Tower with Radar,6,16,31,19,72,0,0,37,3,40,6,16,68,22,112,0,0,0,112
04/13/2011,MLU,LA,ASW,CE,Combined TRACON& Tower with Radar,6,16,31,22,75,0,0,33,0,33,6,16,64,22,108,0,0,0,108
04/14/2011,MLU,LA,ASW,CE,Combined TRACON& Tower with Radar,6,16,39,21,82,0,0,23,1,24,6,16,62,22,106,0,0,0,106
04/15/2011,MLU,LA,ASW,CE,Combined TRACON& Tower with Radar,5,20,21,0,46,0,0,15,0,15,5,20,36,0,61,0,0,0,61
04/16/2011,MLU,LA,ASW,CE,Combined TRACON& Tower with Radar,4,11,10,0,25,0,0,17,0,17,4,11,27,0,42,0,0,0,42
04/17/2011,MLU,LA,ASW,CE,Combined TRACON& Tower with Radar,6,13,17,0,36,0,0,12,0,12,6,13,29,0,48,0,0,0,48
04/18/2011,MLU,LA,ASW,CE,Combined TRACON& Tower with Radar,6,18,34,18,76,0,0,8,0,8,6,18,42,18,84,0,0,0,84
04/19/2011,MLU,LA,ASW,CE,Combined TRACON& Tower with Radar,5,17,35,32,89,0,0,8,1,9,5,17,43,33,98,0,0,0,98
04/20/2011,MLU,LA,ASW,CE,Combined TRACON& Tower with Radar,6,17,36,1,60,0,0,4,1,5,6,17,40,2,65,0,0,0,65
04/21/2011,MLU,LA,ASW,CE,Combined TRACON& Tower with Radar,4,19,20,0,43,0,0,10,0,10,4,19,30,0,53,0,0,0,53
04/22/2011,MLU,LA,ASW,CE,Combined TRACON& Tower with Radar,6,19,18,35,78,0,0,15,1,16,6,19,33,36,94,0,0,0,94
04/23/2011,MLU,LA,ASW,CE,Combined TRACON& Tower with Radar,3,12,4,0,19,0,0,12,2,14,3,12,16,2,33,0,0,0,33
04/24/2011,MLU,LA,ASW,CE,Combined TRACON& Tower with Radar,5,13,8,0,26,0,0,8,1,9,5,13,16,1,35,0,0,0,35
04/25/2011,MLU,LA,ASW,CE,Combined TRACON& Tower with Radar,2,17,40,18,77,0,0,7,1,8,2,17,47,19,85,0,0,0,85
04/26/2011,MLU,LA,ASW,CE,Combined TRACON& Tower with Radar,5,16,14,29,64,0,0,14,0,14,5,16,28,29,78,0,0,0,78
04/27/2011,MLU,LA,ASW,CE,Combined TRACON& Tower with Radar,5,21,36,18,80,0,0,8,0,8,5,21,44,18,88,0,0,0,88
04/28/2011,MLU,LA,ASW,CE,Combined TRACON& Tower with Radar,5,16,28,6,55,0,0,12,0,12,5,16,40,6,67,0,0,0,67
04/29/2011,MLU,LA,ASW,CE,Combined TRACON& Tower with Radar,6,18,22,11,57,0,0,44,0,44,6,18,66,11,101,0,0,0,101
04/30/2011,MLU,LA,ASW,CE,Combined TRACON& Tower with Radar,4,14,19,0,37,0,0,11,0,11,4,14,30,0,48,0,0,0,48
05/01/2011,MLU,LA,ASW,CE,Combined TRACON& Tower with Radar,5,15,13,0,33,0,0,10,0,10,5,15,23,0,43,18,0,18,61
05/02/2011,MLU,LA,ASW,CE,Combined TRACON& Tower with Radar,4,19,21,0,44,0,0,6,0,6,4,19,27,0,50,0,0,0,50
05/03/2011,MLU,LA,ASW,CE,Combined TRACON& Tower with Radar,6,18,14,26,64,0,0,31,0,31,6,18,45,26,95,10,6,16,111
05/04/2011,MLU,LA,ASW,CE,Combined TRACON& Tower with Radar,6,16,29,6,57,0,0,49,0,49,6,16,78,6,106,4,0,4,110
05/05/2011,MLU,LA,ASW,CE,Combined TRACON& Tower with Radar,5,23,26,1,55,0,0,45,0,45,5,23,71,1,100,34,0,34,134
05/06/2011,MLU,LA,ASW,CE,Combined TRACON& Tower with Radar,6,21,24,6,57,0,0,43,0,43,6,21,67,6,100,20,0,20,120
05/07/2011,MLU,LA,ASW,CE,Combined TRACON& Tower with Radar,4,12,11,0,27,0,2,37,0,39,4,14,48,0,66,6,0,6,72
05/08/2011,MLU,LA,ASW,CE,Combined TRACON& Tower with Radar,5,12,9,0,26,0,0,15,0,15,5,12,24,0,41,0,0,0,41
05/09/2011,MLU,LA,ASW,CE,Combined TRACON& Tower with Radar,6,20,31,8,65,0,0,21,0,21,6,20,52,8,86,28,0,28,114
05/10/2011,MLU,LA,ASW,CE,Combined TRACON& Tower with Radar,6,15,27,9,57,0,0,17,0,17,6,15,44,9,74,12,0,12,86
05/11/2011,MLU,LA,ASW,CE,Combined TRACON& Tower with Radar,3,17,26,12,58,0,0,27,2,29,3,17,53,14,87,30,0,30,117
05/12/2011,MLU,LA,ASW,CE,Combined TRACON& Tower with Radar,4,19,24,1,48,0,0,22,0,22,4,19,46,1,70,4,4,8,78
05/13/2011,MLU,LA,ASW,CE,Combined TRACON& Tower with Radar,6,16,25,0,47,0,0,32,0,32,6,16,57,0,79,44,0,44,123
05/14/2011,MLU,LA,ASW,CE,Combined TRACON& Tower with Radar,3,8,4,1,16,0,0,2,0,2,3,8,6,1,18,28,0,28,46
05/15/2011,MLU,LA,ASW,CE,Combined TRACON& Tower with Radar,5,11,11,0,27,0,0,18,0,18,5,11,29,0,45,0,0,0,45
05/16/2011,MLU,LA,ASW,CE,Combined TRACON& Tower with Radar,6,20,27,29,82,0,0,21,2,23,6,20,48,31,105,6,0,6,111
05/17/2011,MLU,LA,ASW,CE,Combined TRACON& Tower with Radar,6,17,20,23,66,0,0,31,3,34,6,17,51,26,100,38,16,54,154
05/18/2011,MLU,LA,ASW,CE,Combined TRACON& Tower with Radar,6,16,22,2,46,0,0,39,4,43,6,16,61,6,89,0,0,0,89
05/19/2011,MLU,LA,ASW,CE,Combined TRACON& Tower with Radar,6,22,29,5,62,0,0,30,0,30,6,22,59,5,92,12,0,12,104
05/20/2011,MLU,LA,ASW,CE,Combined TRACON& Tower with Radar,5,21,18,4,48,0,1,7,0,8,5,22,25,4,56,0,0,0,56
05/21/2011,MLU,LA,ASW,CE,Combined TRACON& Tower with Radar,4,12,8,0,24,0,0,1,0,1,4,12,9,0,25,2,4,6,31
05/22/2011,MLU,LA,ASW,CE,Combined TRACON& Tower with Radar,5,18,19,7,49,0,0,28,0,28,5,18,47,7,77,30,8,38,115
05/23/2011,MLU,LA,ASW,CE,Combined TRACON& Tower with Radar,5,18,16,10,49,0,0,24,0,24,5,18,40,10,73,18,0,18,91
05/24/2011,MLU,LA,ASW,CE,Combined TRACON& Tower with Radar,5,18,26,11,60,0,0,21,5,26,5,18,47,16,86,0,0,0,86
05/25/2011,MLU,LA,ASW,CE,Combined TRACON& Tower with Radar,4,17,27,9,57,0,0,16,1,17,4,17,43,10,74,2,6,8,82
05/26/2011,MLU,LA,ASW,CE,Combined TRACON& Tower with Radar,5,21,24,38,88,0,1,36,1,38,5,22,60,39,126,10,6,16,142
05/27/2011,MLU,LA,ASW,CE,Combined TRACON& Tower with Radar,6,21,35,44,106,0,0,33,2,35,6,21,68,46,141,54,14,68,209
05/28/2011,MLU,LA,ASW,CE,Combined TRACON& Tower with Radar,3,13,11,0,27,0,0,34,0,34,3,13,45,0,61,10,0,10,71
05/29/2011,MLU,LA,ASW,CE,Combined TRACON& Tower with Radar,5,12,12,0,29,0,0,35,0,35,5,12,47,0,64,12,0,12,76
05/30/2011,MLU,LA,ASW,CE,Combined TRACON& Tower with Radar,6,14,14,0,34,0,0,22,0,22,6,14,36,0,56,0,0,0,56
05/31/2011,MLU,LA,ASW,CE,Combined TRACON& Tower with Radar,6,19,20,29,74,0,0,17,1,18,6,19,37,30,92,14,8,22,114
06/01/2011,MLU,LA,ASW,CE,Combined TRACON& Tower with Radar,5,18,28,18,69,0,1,46,2,49,5,19,74,20,118,38,4,42,160
06/02/2011,MLU,LA,ASW,CE,Combined TRACON& Tower with Radar,5,18,24,13,60,0,0,33,3,36,5,18,57,16,96,12,14,26,122
06/03/2011,MLU,LA,ASW,CE,Combined TRACON& Tower with Radar,6,17,32,12,67,0,0,35,0,35,6,17,67,12,102,36,0,36,138
06/04/2011,MLU,LA,ASW,CE,Combined TRACON& Tower with Radar,4,14,13,0,31,0,0,18,0,18,4,14,31,0,49,0,0,0,49
06/05/2011,MLU,LA,ASW,CE,Combined TRACON& Tower with Radar,5,15,15,2,37,0,0,10,0,10,5,15,25,2,47,0,0,0,47
06/06/2011,MLU,LA,ASW,CE,Combined TRACON& Tower with Radar,5,18,17,17,57,0,0,18,1,19,5,18,35,18,76,16,10,26,102
06/07/2011,MLU,LA,ASW,CE,Combined TRACON& Tower with Radar,8,18,22,15,63,0,0,21,0,21,8,18,43,15,84,22,22,44,128
06/08/2011,MLU,LA,ASW,CE,Combined TRACON& Tower with Radar,6,19,41,14,80,0,0,29,0,29,6,19,70,14,109,24,4,28,137
06/09/2011,MLU,LA,ASW,CE,Combined TRACON& Tower with Radar,6,16,25,32,79,0,0,19,0,19,6,16,44,32,98,26,18,44,142
06/10/2011,MLU,LA,ASW,CE,Combined TRACON& Tower with Radar,6,20,28,30,84,0,0,23,2,25,6,20,51,32,109,40,0,40,149
06/11/2011,MLU,LA,ASW,CE,Combined TRACON& Tower with Radar,4,14,24,0,42,0,0,26,0,26,4,14,50,0,68,28,0,28,96
06/12/2011,MLU,LA,ASW,CE,Combined TRACON& Tower with Radar,6,10,23,2,41,0,0,28,0,28,6,10,51,2,69,8,0,8,77
06/13/2011,MLU,LA,ASW,CE,Combined TRACON& Tower with Radar,6,17,20,36,79,0,1,25,0,26,6,18,45,36,105,26,0,26,131
06/14/2011,MLU,LA,ASW,CE,Combined TRACON& Tower with Radar,6,19,26,55,106,0,0,18,0,18,6,19,44,55,124,36,20,56,180
06/15/2011,MLU,LA,ASW,CE,Combined TRACON& Tower with Radar,6,18,26,41,91,0,0,31,3,34,6,18,57,44,125,32,12,44,169
06/16/2011,MLU,LA,ASW,CE,Combined TRACON& Tower with Radar,6,19,28,30,83,0,0,20,0,20,6,19,48,30,103,30,2,32,135
06/17/2011,MLU,LA,ASW,CE,Combined TRACON& Tower with Radar,6,19,22,31,78,0,0,29,1,30,6,19,51,32,108,6,6,12,120
06/18/2011,MLU,LA,ASW,CE,Combined TRACON& Tower with Radar,4,12,21,2,39,0,0,20,0,20,4,12,41,2,59,14,0,14,73
06/19/2011,MLU,LA,ASW,CE,Combined TRACON& Tower with Radar,6,13,6,0,25,0,0,13,2,15,6,13,19,2,40,6,0,6,46
06/20/2011,MLU,LA,ASW,CE,Combined TRACON& Tower with Radar,6,18,26,6,56,0,0,14,0,14,6,18,40,6,70,0,6,6,76
06/21/2011,MLU,LA,ASW,CE,Combined TRACON& Tower with Radar,4,18,19,20,61,0,0,5,0,5,4,18,24,20,66,6,0,6,72
06/22/2011,MLU,LA,ASW,CE,Combined TRACON& Tower with Radar,6,17,21,30,74,0,1,1,0,2,6,18,22,30,76,0,0,0,76
06/23/2011,MLU,LA,ASW,CE,Combined TRACON& Tower with Radar,6,20,33,12,71,0,0,11,1,12,6,20,44,13,83,12,28,40,123
06/24/2011,MLU,LA,ASW,CE,Combined TRACON& Tower with Radar,6,16,20,12,54,0,0,24,2,26,6,16,44,14,80,36,10,46,126
06/25/2011,MLU,LA,ASW,CE,Combined TRACON& Tower with Radar,4,13,10,0,27,0,0,12,0,12,4,13,22,0,39,12,0,12,51
06/26/2011,MLU,LA,ASW,CE,Combined TRACON& Tower with Radar,6,11,7,0,24,0,0,18,0,18,6,11,25,0,42,6,0,6,48
06/27/2011,MLU,LA,ASW,CE,Combined TRACON& Tower with Radar,6,19,19,36,80,0,0,23,2,25,6,19,42,38,105,18,10,28,133
06/28/2011,MLU,LA,ASW,CE,Combined TRACON& Tower with Radar,5,18,24,10,57,0,0,21,0,21,5,18,45,10,78,10,0,10,88
06/29/2011,MLU,LA,ASW,CE,Combined TRACON& Tower with Radar,6,22,35,18,81,0,0,30,4,34,6,22,65,22,115,12,12,24,139
06/30/2011,MLU,LA,ASW,CE,Combined TRACON& Tower with Radar,5,19,29,7,60,0,0,26,1,27,5,19,55,8,87,14,18,32,119
07/01/2011,MLU,LA,ASW,CE,Combined TRACON& Tower with Radar,6,19,17,0,42,0,0,34,0,34,6,19,51,0,76,0,0,0,76
07/02/2011,MLU,LA,ASW,CE,Combined TRACON& Tower with Radar,4,12,5,0,21,0,0,22,0,22,4,12,27,0,43,0,0,0,43
07/03/2011,MLU,LA,ASW,CE,Combined TRACON& Tower with Radar,4,11,9,0,24,0,0,9,0,9,4,11,18,0,33,0,0,0,33
07/04/2011,MLU,LA,ASW,CE,Combined TRACON& Tower with Radar,4,10,12,0,26,0,0,8,0,8,4,10,20,0,34,0,0,0,34
07/05/2011,MLU,LA,ASW,CE,Combined TRACON& Tower with Radar,6,17,19,9,51,0,0,22,5,27,6,17,41,14,78,0,0,0,78
07/06/2011,MLU,LA,ASW,CE,Combined TRACON& Tower with Radar,6,19,39,24,88,0,0,17,1,18,6,19,56,25,106,0,0,0,106
07/07/2011,MLU,LA,ASW,CE,Combined TRACON& Tower with Radar,6,21,19,46,92,0,1,22,1,24,6,22,41,47,116,0,0,0,116
07/08/2011,MLU,LA,ASW,CE,Combined TRACON& Tower with Radar,6,18,22,39,85,0,0,22,0,22,6,18,44,39,107,0,0,0,107
07/09/2011,MLU,LA,ASW,CE,Combined TRACON& Tower with Radar,4,13,1,0,18,0,0,30,0,30,4,13,31,0,48,0,0,0,48
07/10/2011,MLU,LA,ASW,CE,Combined TRACON& Tower with Radar,6,17,18,0,41,0,0,23,0,23,6,17,41,0,64,0,0,0,64
07/11/2011,MLU,LA,ASW,CE,Combined TRACON& Tower with Radar,6,16,22,53,97,0,0,12,0,12,6,16,34,53,109,0,0,0,109
07/12/2011,MLU,LA,ASW,CE,Combined TRACON& Tower with Radar,6,17,25,48,96,0,1,32,1,34,6,18,57,49,130,0,0,0,130
07/13/2011,MLU,LA,ASW,CE,Combined TRACON& Tower with Radar,6,18,24,27,75,0,0,23,0,23,6,18,47,27,98,2,2,4,102
07/14/2011,MLU,LA,ASW,CE,Combined TRACON& Tower with Radar,6,18,16,12,52,0,0,4,0,4,6,18,20,12,56,0,0,0,56
07/15/2011,MLU,LA,ASW,CE,Combined TRACON& Tower with Radar,6,18,29,21,74,0,0,10,2,12,6,18,39,23,86,20,0,20,106
07/16/2011,MLU,LA,ASW,CE,Combined TRACON& Tower with Radar,3,13,5,0,21,0,0,13,0,13,3,13,18,0,34,28,0,28,62
07/17/2011,MLU,LA,ASW,CE,Combined TRACON& Tower with Radar,3,12,15,0,30,0,0,11,0,11,3,12,26,0,41,0,0,0,41
07/18/2011,MLU,LA,ASW,CE,Combined TRACON& Tower with Radar,6,21,18,0,45,0,0,21,0,21,6,21,39,0,66,8,0,8,74
07/19/2011,MLU,LA,ASW,CE,Combined TRACON& Tower with Radar,5,19,25,14,63,0,0,19,2,21,5,19,44,16,84,20,12,32,116
07/20/2011,MLU,LA,ASW,CE,Combined TRACON& Tower with Radar,6,18,25,8,57,0,0,23,2,25,6,18,48,10,82,8,2,10,92
07/21/2011,MLU,LA,ASW,CE,Combined TRACON& Tower with Radar,6,19,25,6,56,0,0,20,2,22,6,19,45,8,78,18,0,18,96
07/22/2011,MLU,LA,ASW,CE,Combined TRACON& Tower with Radar,6,17,20,24,67,0,0,4,1,5,6,17,24,25,72,6,0,6,78
07/23/2011,MLU,LA,ASW,CE,Combined TRACON& Tower with Radar,4,13,7,0,24,0,0,26,3,29,4,13,33,3,53,26,0,26,79
07/24/2011,MLU,LA,ASW,CE,Combined TRACON& Tower with Radar,6,14,10,0,30,0,1,10,2,13,6,15,20,2,43,0,0,0,43
07/25/2011,MLU,LA,ASW,CE,Combined TRACON& Tower with Radar,6,16,19,9,50,0,0,27,0,27,6,16,46,9,77,8,6,14,91
07/26/2011,MLU,LA,ASW,CE,Combined TRACON& Tower with Radar,6,18,15,14,53,0,0,17,1,18,6,18,32,15,71,6,2,8,79
07/27/2011,MLU,LA,ASW,CE,Combined TRACON& Tower with Radar,6,19,28,26,79,0,0,21,1,22,6,19,49,27,101,16,6,22,123
07/28/2011,MLU,LA,ASW,CE,Combined TRACON& Tower with Radar,6,18,19,14,57,0,0,24,2,26,6,18,43,16,83,22,0,22,105
07/29/2011,MLU,LA,ASW,CE,Combined TRACON& Tower with Radar,6,20,23,1,50,0,0,15,3,18,6,20,38,4,68,6,0,6,74
07/30/2011,MLU,LA,ASW,CE,Combined TRACON& Tower with Radar,4,13,10,0,27,0,1,19,0,20,4,14,29,0,47,12,0,12,59
07/31/2011,MLU,LA,ASW,CE,Combined TRACON& Tower with Radar,6,12,17,0,35,0,0,18,0,18,6,12,35,0,53,0,0,0,53
08/01/2011,MLU,LA,ASW,CE,Combined TRACON& Tower with Radar,6,17,21,36,80,0,0,23,0,23,6,17,44,36,103,2,14,16,119
08/02/2011,MLU,LA,ASW,CE,Combined TRACON& Tower with Radar,6,19,17,20,62,0,0,20,0,20,6,19,37,20,82,26,14,40,122
08/03/2011,MLU,LA,ASW,CE,Combined TRACON& Tower with Radar,6,20,32,35,93,0,0,27,4,31,6,20,59,39,124,28,26,54,178
08/04/2011,MLU,LA,ASW,CE,Combined TRACON& Tower with Radar,5,19,25,46,95,0,0,27,1,28,5,19,52,47,123,26,28,54,177
08/05/2011,MLU,LA,ASW,CE,Combined TRACON& Tower with Radar,6,17,24,55,102,0,0,35,2,37,6,17,59,57,139,24,0,24,163
08/06/2011,MLU,LA,ASW,CE,Combined TRACON& Tower with Radar,3,13,6,0,22,0,0,19,0,19,3,13,25,0,41,0,0,0,41
08/07/2011,MLU,LA,ASW,CE,Combined TRACON& Tower with Radar,5,15,7,6,33,0,0,24,0,24,5,15,31,6,57,18,0,18,75
08/08/2011,MLU,LA,ASW,CE,Combined TRACON& Tower with Radar,6,13,20,59,98,0,1,8,2,11,6,14,28,61,109,44,20,64,173
08/09/2011,MLU,LA,ASW,CE,Combined TRACON& Tower with Radar,6,21,21,48,96,0,0,16,7,23,6,21,37,55,119,40,0,40,159
08/10/2011,MLU,LA,ASW,CE,Combined TRACON& Tower with Radar,6,20,20,23,69,0,0,12,0,12,6,20,32,23,81,28,0,28,109
08/11/2011,MLU,LA,ASW,CE,Combined TRACON& Tower with Radar,6,18,21,6,51,0,0,15,0,15,6,18,36,6,66,8,0,8,74
08/12/2011,MLU,LA,ASW,CE,Combined TRACON& Tower with Radar,6,23,14,12,55,0,1,23,0,24,6,24,37,12,79,2,0,2,81
08/13/2011,MLU,LA,ASW,CE,Combined TRACON& Tower with Radar,4,15,11,0,30,0,0,9,2,11,4,15,20,2,41,14,0,14,55
08/14/2011,MLU,LA,ASW,CE,Combined TRACON& Tower with Radar,6,17,10,1,34,0,0,11,0,11,6,17,21,1,45,8,0,8,53
08/15/2011,MLU,LA,ASW,CE,Combined TRACON& Tower with Radar,6,19,20,32,77,0,0,9,0,9,6,19,29,32,86,52,10,62,148
08/16/2011,MLU,LA,ASW,CE,Combined TRACON& Tower with Radar,5,18,20,42,85,0,0,34,4,38,5,18,54,46,123,68,18,86,209
08/17/2011,MLU,LA,ASW,CE,Combined TRACON& Tower with Radar,8,17,34,9,68,0,0,14,4,18,8,17,48,13,86,20,18,38,124
08/18/2011,MLU,LA,ASW,CE,Combined TRACON& Tower with Radar,6,21,17,23,67,0,0,22,4,26,6,21,39,27,93,20,26,46,139
08/19/2011,MLU,LA,ASW,CE,Combined TRACON& Tower with Radar,6,21,25,39,91,0,1,17,2,20,6,22,42,41,111,2,44,46,157
08/20/2011,MLU,LA,ASW,CE,Combined TRACON& Tower with Radar,4,10,8,0,22,0,0,33,2,35,4,10,41,2,57,2,0,2,59
08/21/2011,MLU,LA,ASW,CE,Combined TRACON& Tower with Radar,6,14,13,0,33,0,1,20,0,21,6,15,33,0,54,36,0,36,90
08/22/2011,MLU,LA,ASW,CE,Combined TRACON& Tower with Radar,6,20,11,24,61,0,0,23,0,23,6,20,34,24,84,32,0,32,116
08/23/2011,MLU,LA,ASW,CE,Combined TRACON& Tower with Radar,6,17,17,43,83,0,0,17,1,18,6,17,34,44,101,38,8,46,147
08/24/2011,MLU,LA,ASW,CE,Combined TRACON& Tower with Radar,6,16,25,20,67,0,0,9,2,11,6,16,34,22,78,30,0,30,108
08/25/2011,MLU,LA,ASW,CE,Combined TRACON& Tower with Radar,6,19,35,10,70,0,0,21,1,22,6,19,56,11,92,22,0,22,114
08/26/2011,MLU,LA,ASW,CE,Combined TRACON& Tower with Radar,6,20,32,26,84,0,0,24,1,25,6,20,56,27,109,8,0,8,117
08/27/2011,MLU,LA,ASW,CE,Combined TRACON& Tower with Radar,4,11,11,0,26,0,0,29,0,29,4,11,40,0,55,16,10,26,81
08/28/2011,MLU,LA,ASW,CE,Combined TRACON& Tower with Radar,6,13,11,2,32,0,0,17,1,18,6,13,28,3,50,18,0,18,68
08/29/2011,MLU,LA,ASW,CE,Combined TRACON& Tower with Radar,5,19,25,28,77,0,0,21,0,21,5,19,46,28,98,24,4,28,126
08/30/2011,MLU,LA,ASW,CE,Combined TRACON& Tower with Radar,6,17,29,48,100,0,0,24,1,25,6,17,53,49,125,48,60,108,233
08/31/2011,MLU,LA,ASW,CE,Combined TRACON& Tower with Radar,6,17,26,17,66,0,0,17,3,20,6,17,43,20,86,30,0,30,116
09/01/2011,MLU,LA,ASW,CE,Combined TRACON& Tower with Radar,6,19,23,20,68,0,0,19,1,20,6,19,42,21,88,8,20,28,116
09/02/2011,MLU,LA,ASW,CE,Combined TRACON& Tower with Radar,8,20,21,12,61,0,0,12,6,18,8,20,33,18,79,24,2,26,105
09/03/2011,MLU,LA,ASW,CE,Combined TRACON& Tower with Radar,6,5,8,0,19,0,0,3,0,3,6,5,11,0,22,0,0,0,22
09/04/2011,MLU,LA,ASW,CE,Combined TRACON& Tower with Radar,5,6,7,0,18,0,0,0,0,0,5,6,7,0,18,0,0,0,18
09/05/2011,MLU,LA,ASW,CE,Combined TRACON& Tower with Radar,4,16,5,0,25,0,0,5,0,5,4,16,10,0,30,0,0,0,30
09/06/2011,MLU,LA,ASW,CE,Combined TRACON& Tower with Radar,6,16,17,17,56,0,0,22,1,23,6,16,39,18,79,30,30,60,139
09/07/2011,MLU,LA,ASW,CE,Combined TRACON& Tower with Radar,6,16,32,25,79,0,1,24,0,25,6,17,56,25,104,36,26,62,166
09/08/2011,MLU,LA,ASW,CE,Combined TRACON& Tower with Radar,6,20,13,26,65,0,0,21,1,22,6,20,34,27,87,10,0,10,97
09/09/2011,MLU,LA,ASW,CE,Combined TRACON& Tower with Radar,6,20,36,14,76,0,2,25,0,27,6,22,61,14,103,36,8,44,147
09/10/2011,MLU,LA,ASW,CE,Combined TRACON& Tower with Radar,4,7,11,1,23,0,2,62,3,67,4,9,73,4,90,20,0,20,110
09/11/2011,MLU,LA,ASW,CE,Combined TRACON& Tower with Radar,6,13,7,0,26,0,0,21,0,21,6,13,28,0,47,5,0,5,52
09/12/2011,MLU,LA,ASW,CE,Combined TRACON& Tower with Radar,6,18,16,18,58,0,0,22,0,22,6,18,38,18,80,22,32,54,134
09/13/2011,MLU,LA,ASW,CE,Combined TRACON& Tower with Radar,6,16,21,16,59,0,1,16,0,17,6,17,37,16,76,36,18,54,130
09/14/2011,MLU,LA,ASW,CE,Combined TRACON& Tower with Radar,6,16,50,15,87,0,0,19,1,20,6,16,69,16,107,22,0,22,129
09/15/2011,MLU,LA,ASW,CE,Combined TRACON& Tower with Radar,6,19,35,8,68,0,0,13,0,13,6,19,48,8,81,30,0,30,111
09/16/2011,MLU,LA,ASW,CE,Combined TRACON& Tower with Radar,9,22,30,36,97,0,0,22,2,24,9,22,52,38,121,6,0,6,127
09/17/2011,MLU,LA,ASW,CE,Combined TRACON& Tower with Radar,4,8,12,0,24,0,0,18,0,18,4,8,30,0,42,32,0,32,74
09/18/2011,MLU,LA,ASW,CE,Combined TRACON& Tower with Radar,3,12,27,0,42,0,0,7,0,7,3,12,34,0,49,0,0,0,49
09/19/2011,MLU,LA,ASW,CE,Combined TRACON& Tower with Radar,3,20,31,20,74,0,0,13,0,13,3,20,44,20,87,8,22,30,117
09/20/2011,MLU,LA,ASW,CE,Combined TRACON& Tower with Radar,6,15,19,36,76,0,0,21,0,21,6,15,40,36,97,32,10,42,139
09/21/2011,MLU,LA,ASW,CE,Combined TRACON& Tower with Radar,6,16,20,34,76,0,0,34,2,36,6,16,54,36,112,12,6,18,130
09/22/2011,MLU,LA,ASW,CE,Combined TRACON& Tower with Radar,7,21,38,39,105,0,0,23,1,24,7,21,61,40,129,0,2,2,131
09/23/2011,MLU,LA,ASW,CE,Combined TRACON& Tower with Radar,8,19,28,17,72,0,0,19,1,20,8,19,47,18,92,10,22,32,124
09/24/2011,MLU,LA,ASW,CE,Combined TRACON& Tower with Radar,6,8,12,0,26,0,1,22,0,23,6,9,34,0,49,6,0,6,55
09/25/2011,MLU,LA,ASW,CE,Combined TRACON& Tower with Radar,6,13,19,0,38,0,0,11,0,11,6,13,30,0,49,0,0,0,49
09/26/2011,MLU,LA,ASW,CE,Combined TRACON& Tower with Radar,6,18,25,15,64,0,0,15,1,16,6,18,40,16,80,0,0,0,80
09/27/2011,MLU,LA,ASW,CE,Combined TRACON& Tower with Radar,6,17,31,16,70,0,0,8,3,11,6,17,39,19,81,12,14,26,107
09/28/2011,MLU,LA,ASW,CE,Combined TRACON& Tower with Radar,6,14,41,6,67,0,0,12,0,12,6,14,53,6,79,58,8,66,145
09/29/2011,MLU,LA,ASW,CE,Combined TRACON& Tower with Radar,6,19,18,18,61,0,0,27,1,28,6,19,45,19,89,12,18,30,119
09/30/2011,MLU,LA,ASW,CE,Combined TRACON& Tower with Radar,8,19,15,6,48,0,0,34,3,37,8,19,49,9,85,24,0,24,109
10/01/2011,MLU,LA,ASW,CE,Combined TRACON& Tower with Radar,6,8,14,0,28,0,0,21,0,21,6,8,35,0,49,0,0,0,49
10/02/2011,MLU,LA,ASW,CE,Combined TRACON& Tower with Radar,6,14,11,0,31,0,0,22,0,22,6,14,33,0,53,0,0,0,53
10/03/2011,MLU,LA,ASW,CE,Combined TRACON& Tower with Radar,6,19,28,0,53,0,0,28,0,28,6,19,56,0,81,0,0,0,81
10/04/2011,MLU,LA,ASW,CE,Combined TRACON& Tower with Radar,6,16,33,19,74,0,0,39,2,41,6,16,72,21,115,0,0,0,115
10/05/2011,MLU,LA,ASW,CE,Combined TRACON& Tower with Radar,6,16,21,28,71,0,0,25,0,25,6,16,46,28,96,0,0,0,96
10/06/2011,MLU,LA,ASW,CE,Combined TRACON& Tower with Radar,6,17,24,13,60,0,0,26,0,26,6,17,50,13,86,0,0,0,86
10/07/2011,MLU,LA,ASW,CE,Combined TRACON& Tower with Radar,8,19,27,25,79,0,0,27,1,28,8,19,54,26,107,0,0,0,107
10/08/2011,MLU,LA,ASW,CE,Combined TRACON& Tower with Radar,4,7,26,0,37,0,0,33,0,33,4,7,59,0,70,0,0,0,70
10/09/2011,MLU,LA,ASW,CE,Combined TRACON& Tower with Radar,6,10,13,0,29,0,0,29,0,29,6,10,42,0,58,0,0,0,58
10/10/2011,MLU,LA,ASW,CE,Combined TRACON& Tower with Radar,6,17,17,0,40,0,0,21,0,21,6,17,38,0,61,0,0,0,61
10/11/2011,MLU,LA,ASW,CE,Combined TRACON& Tower with Radar,6,14,21,29,70,0,1,15,2,18,6,15,36,31,88,0,0,0,88
10/12/2011,MLU,LA,ASW,CE,Combined TRACON& Tower with Radar,6,15,22,23,66,0,0,10,0,10,6,15,32,23,76,0,0,0,76
10/13/2011,MLU,LA,ASW,CE,Combined TRACON& Tower with Radar,6,22,26,27,81,0,0,18,0,18,6,22,44,27,99,0,0,0,99
10/14/2011,MLU,LA,ASW,CE,Combined TRACON& Tower with Radar,6,19,16,54,95,0,0,18,0,18,6,19,34,54,113,28,4,32,145
10/15/2011,MLU,LA,ASW,CE,Combined TRACON& Tower with Radar,4,9,21,4,38,0,0,38,0,38,4,9,59,4,76,0,0,0,76
10/16/2011,MLU,LA,ASW,CE,Combined TRACON& Tower with Radar,6,13,15,0,34,0,0,25,0,25,6,13,40,0,59,0,0,0,59
10/17/2011,MLU,LA,ASW,CE,Combined TRACON& Tower with Radar,6,22,35,12,75,0,0,24,1,25,6,22,59,13,100,0,0,0,100
10/18/2011,MLU,LA,ASW,CE,Combined TRACON& Tower with Radar,6,15,30,24,75,0,0,5,0,5,6,15,35,24,80,0,0,0,80
10/19/2011,MLU,LA,ASW,CE,Combined TRACON& Tower with Radar,6,15,26,31,78,0,0,33,4,37,6,15,59,35,115,0,0,0,115
10/20/2011,MLU,LA,ASW,CE,Combined TRACON& Tower with Radar,6,18,31,18,73,0,0,36,2,38,6,18,67,20,111,0,0,0,111
10/21/2011,MLU,LA,ASW,CE,Combined TRACON& Tower with Radar,8,19,24,12,63,0,0,32,2,34,8,19,56,14,97,0,0,0,97
10/22/2011,MLU,LA,ASW,CE,Combined TRACON& Tower with Radar,4,7,27,8,46,0,0,20,2,22,4,7,47,10,68,0,0,0,68
10/23/2011,MLU,LA,ASW,CE,Combined TRACON& Tower with Radar,6,15,8,0,29,0,0,7,0,7,6,15,15,0,36,0,0,0,36
10/24/2011,MLU,LA,ASW,CE,Combined TRACON& Tower with Radar,5,18,28,21,72,0,0,22,1,23,5,18,50,22,95,0,0,0,95
10/25/2011,MLU,LA,ASW,CE,Combined TRACON& Tower with Radar,5,16,35,38,94,0,0,38,2,40,5,16,73,40,134,0,0,0,134
10/26/2011,MLU,LA,ASW,CE,Combined TRACON& Tower with Radar,6,19,33,26,84,0,0,9,3,12,6,19,42,29,96,0,0,0,96
10/27/2011,MLU,LA,ASW,CE,Combined TRACON& Tower with Radar,6,21,17,10,54,0,0,4,1,5,6,21,21,11,59,0,0,0,59
10/28/2011,MLU,LA,ASW,CE,Combined TRACON& Tower with Radar,7,24,23,27,81,0,0,6,0,6,7,24,29,27,87,0,0,0,87
10/29/2011,MLU,LA,ASW,CE,Combined TRACON& Tower with Radar,5,10,14,11,40,0,0,22,0,22,5,10,36,11,62,0,0,0,62
10/30/2011,MLU,LA,ASW,CE,Combined TRACON& Tower with Radar,6,15,13,0,34,0,0,28,0,28,6,15,41,0,62,0,0,0,62
10/31/2011,MLU,LA,ASW,CE,Combined TRACON& Tower with Radar,6,13,14,33,66,0,1,24,1,26,6,14,38,34,92,0,0,0,92
11/01/2011,MLU,LA,ASW,CE,Combined TRACON& Tower with Radar,6,17,16,22,61,0,0,27,4,31,6,17,43,26,92,64,22,86,178
11/02/2011,MLU,LA,ASW,CE,Combined TRACON& Tower with Radar,6,14,29,13,62,0,0,29,0,29,6,14,58,13,91,38,4,42,133
11/03/2011,MLU,LA,ASW,CE,Combined TRACON& Tower with Radar,6,23,24,43,96,0,0,22,2,24,6,23,46,45,120,20,6,26,146
11/04/2011,MLU,LA,ASW,CE,Combined TRACON& Tower with Radar,8,19,29,33,89,0,0,20,0,20,8,19,49,33,109,34,0,34,143
11/05/2011,MLU,LA,ASW,CE,Combined TRACON& Tower with Radar,4,7,19,0,30,0,0,28,0,28,4,7,47,0,58,54,0,54,112
11/06/2011,MLU,LA,ASW,CE,Combined TRACON& Tower with Radar,7,15,22,0,44,0,0,10,0,10,7,15,32,0,54,18,10,28,82
11/07/2011,MLU,LA,ASW,CE,Combined TRACON& Tower with Radar,5,17,18,12,52,0,0,25,0,25,5,17,43,12,77,16,14,30,107
11/08/2011,MLU,LA,ASW,CE,Combined TRACON& Tower with Radar,5,17,27,3,52,0,0,10,1,11,5,17,37,4,63,0,8,8,71
11/09/2011,MLU,LA,ASW,CE,Combined TRACON& Tower with Radar,6,14,32,24,76,0,1,6,1,8,6,15,38,25,84,0,0,0,84
11/10/2011,MLU,LA,ASW,CE,Combined TRACON& Tower with Radar,6,18,20,20,64,0,0,32,3,35,6,18,52,23,99,30,2,32,131
11/11/2011,MLU,LA,ASW,CE,Combined TRACON& Tower with Radar,7,22,29,0,58,0,0,29,7,36,7,22,58,7,94,40,12,52,146
11/12/2011,MLU,LA,ASW,CE,Combined TRACON& Tower with Radar,5,9,11,0,25,0,0,19,2,21,5,9,30,2,46,14,0,14,60
11/13/2011,MLU,LA,ASW,CE,Combined TRACON& Tower with Radar,6,13,28,0,47,0,0,7,0,7,6,13,35,0,54,0,10,10,64
11/14/2011,MLU,LA,ASW,CE,Combined TRACON& Tower with Radar,6,18,24,8,56,0,0,13,2,15,6,18,37,10,71,60,10,70,141
11/15/2011,MLU,LA,ASW,CE,Combined TRACON& Tower with Radar,5,14,26,9,54,0,0,10,0,10,5,14,36,9,64,84,0,84,148
11/16/2011,MLU,LA,ASW,CE,Combined TRACON& Tower with Radar,6,17,30,18,71,0,0,1,0,1,6,17,31,18,72,12,0,12,84
11/17/2011,MLU,LA,ASW,CE,Combined TRACON& Tower with Radar,4,19,27,29,79,0,0,28,2,30,4,19,55,31,109,50,0,50,159
11/18/2011,MLU,LA,ASW,CE,Combined TRACON& Tower with Radar,7,19,32,24,82,0,1,35,4,40,7,20,67,28,122,0,4,4,126
11/19/2011,MLU,LA,ASW,CE,Combined TRACON& Tower with Radar,3,6,20,2,31,0,0,26,0,26,3,6,46,2,57,4,18,22,79
11/20/2011,MLU,LA,ASW,CE,Combined TRACON& Tower with Radar,4,12,25,0,41,0,0,7,0,7,4,12,32,0,48,0,30,30,78
11/21/2011,MLU,LA,ASW,CE,Combined TRACON& Tower with Radar,4,19,30,70,123,0,0,14,0,14,4,19,44,70,137,102,32,134,271
11/22/2011,MLU,LA,ASW,CE,Combined TRACON& Tower with Radar,2,17,4,8,31,0,0,0,0,0,2,17,4,8,31,30,22,52,83
11/23/2011,MLU,LA,ASW,CE,Combined TRACON& Tower with Radar,4,21,32,38,95,0,0,12,0,12,4,21,44,38,107,12,0,12,119
11/24/2011,MLU,LA,ASW,CE,Combined TRACON& Tower with Radar,4,10,9,0,23,0,0,13,0,13,4,10,22,0,36,40,8,48,84
11/25/2011,MLU,LA,ASW,CE,Combined TRACON& Tower with Radar,5,13,17,0,35,0,0,9,0,9,5,13,26,0,44,10,28,38,82
11/26/2011,MLU,LA,ASW,CE,Combined TRACON& Tower with Radar,3,10,11,0,24,0,0,1,1,2,3,10,12,1,26,12,14,26,52
11/27/2011,MLU,LA,ASW,CE,Combined TRACON& Tower with Radar,3,19,21,0,43,0,0,3,1,4,3,19,24,1,47,0,0,0,47
11/28/2011,MLU,LA,ASW,CE,Combined TRACON& Tower with Radar,4,17,30,22,73,0,0,11,0,11,4,17,41,22,84,6,26,32,116
11/29/2011,MLU,LA,ASW,CE,Combined TRACON& Tower with Radar,2,15,16,36,69,0,0,28,2,30,2,15,44,38,99,46,20,66,165
11/30/2011,MLU,LA,ASW,CE,Combined TRACON& Tower with Radar,4,22,27,18,71,0,0,27,2,29,4,22,54,20,100,2,0,2,102
12/01/2011,MLU,LA,ASW,CE,Combined TRACON& Tower with Radar,4,18,26,6,54,0,0,19,0,19,4,18,45,6,73,10,0,10,83
12/02/2011,MLU,LA,ASW,CE,Combined TRACON& Tower with Radar,5,18,31,25,79,0,0,28,3,31,5,18,59,28,110,26,2,28,138
12/03/2011,MLU,LA,ASW,CE,Combined TRACON& Tower with Radar,3,7,15,2,27,0,0,24,0,24,3,7,39,2,51,28,4,32,83
12/04/2011,MLU,LA,ASW,CE,Combined TRACON& Tower with Radar,3,13,6,0,22,0,0,2,0,2,3,13,8,0,24,0,0,0,24
12/05/2011,MLU,LA,ASW,CE,Combined TRACON& Tower with Radar,4,15,22,1,42,0,0,6,0,6,4,15,28,1,48,0,0,0,48
12/06/2011,MLU,LA,ASW,CE,Combined TRACON& Tower with Radar,1,16,11,20,48,0,0,2,0,2,1,16,13,20,50,0,0,0,50
12/07/2011,MLU,LA,ASW,CE,Combined TRACON& Tower with Radar,1,14,37,72,124,0,0,14,1,15,1,14,51,73,139,0,80,80,219
12/08/2011,MLU,LA,ASW,CE,Combined TRACON& Tower with Radar,2,19,40,20,81,0,0,37,2,39,2,19,77,22,120,10,2,12,132
12/09/2011,MLU,LA,ASW,CE,Combined TRACON& Tower with Radar,4,18,35,21,78,0,0,22,1,23,4,18,57,22,101,26,0,26,127
12/10/2011,MLU,LA,ASW,CE,Combined TRACON& Tower with Radar,2,7,17,0,26,0,0,58,0,58,2,7,75,0,84,8,0,8,92
12/11/2011,MLU,LA,ASW,CE,Combined TRACON& Tower with Radar,4,13,19,0,36,0,0,36,0,36,4,13,55,0,72,4,0,4,76
12/12/2011,MLU,LA,ASW,CE,Combined TRACON& Tower with Radar,3,19,32,15,69,0,0,30,1,31,3,19,62,16,100,10,6,16,116
12/13/2011,MLU,LA,ASW,CE,Combined TRACON& Tower with Radar,2,16,27,4,49,0,0,0,0,0,2,16,27,4,49,0,0,0,49
12/14/2011,MLU,LA,ASW,CE,Combined TRACON& Tower with Radar,2,16,22,0,40,0,0,0,0,0,2,16,22,0,40,0,0,0,40
12/15/2011,MLU,LA,ASW,CE,Combined TRACON& Tower with Radar,1,23,31,0,55,0,2,15,0,17,1,25,46,0,72,0,0,0,72
12/16/2011,MLU,LA,ASW,CE,Combined TRACON& Tower with Radar,3,18,20,15,56,0,0,1,0,1,3,18,21,15,57,0,0,0,57
12/17/2011,MLU,LA,ASW,CE,Combined TRACON& Tower with Radar,5,13,23,0,41,0,0,32,0,32,5,13,55,0,73,42,0,42,115
12/18/2011,MLU,LA,ASW,CE,Combined TRACON& Tower with Radar,3,14,13,0,30,0,0,16,2,18,3,14,29,2,48,2,0,2,50
12/19/2011,MLU,LA,ASW,CE,Combined TRACON& Tower with Radar,5,17,26,13,61,0,0,14,0,14,5,17,40,13,75,10,0,10,85
12/20/2011,MLU,LA,ASW,CE,Combined TRACON& Tower with Radar,2,18,12,0,32,0,0,0,0,0,2,18,12,0,32,0,0,0,32
12/21/2011,MLU,LA,ASW,CE,Combined TRACON& Tower with Radar,2,20,33,15,70,0,0,31,2,33,2,20,64,17,103,6,0,6,109
12/22/2011,MLU,LA,ASW,CE,Combined TRACON& Tower with Radar,6,19,5,0,30,0,0,0,0,0,6,19,5,0,30,0,0,0,30
12/23/2011,MLU,LA,ASW,CE,Combined TRACON& Tower with Radar,5,19,27,0,51,0,0,3,0,3,5,19,30,0,54,0,0,0,54
12/24/2011,MLU,LA,ASW,CE,Combined TRACON& Tower with Radar,2,14,2,0,18,0,0,1,0,1,2,14,3,0,19,0,0,0,19
12/25/2011,MLU,LA,ASW,CE,Combined TRACON& Tower with Radar,2,11,0,0,13,0,0,0,0,0,2,11,0,0,13,0,0,0,13
12/26/2011,MLU,LA,ASW,CE,Combined TRACON& Tower with Radar,4,17,9,0,30,0,0,2,0,2,4,17,11,0,32,0,0,0,32
12/27/2011,MLU,LA,ASW,CE,Combined TRACON& Tower with Radar,2,17,20,0,39,0,0,26,0,26,2,17,46,0,65,18,0,18,83
12/28/2011,MLU,LA,ASW,CE,Combined TRACON& Tower with Radar,4,21,22,6,53,0,0,25,0,25,4,21,47,6,78,4,0,4,82
12/29/2011,MLU,LA,ASW,CE,Combined TRACON& Tower with Radar,2,20,21,0,43,0,0,24,0,24,2,20,45,0,67,46,0,46,113
12/30/2011,MLU,LA,ASW,CE,Combined TRACON& Tower with Radar,4,21,14,0,39,0,0,30,0,30,4,21,44,0,69,20,0,20,89
12/31/2011,MLU,LA,ASW,CE,Combined TRACON& Tower with Radar,2,7,15,0,24,0,0,18,0,18,2,7,33,0,42,0,0,0,42
01/01/2012,MLU,LA,ASW,CE,Combined TRACON& Tower with Radar,2,10,9,0,21,0,0,13,0,13,2,10,22,0,34,0,0,0,34
01/02/2012,MLU,LA,ASW,CE,Combined TRACON& Tower with Radar,4,18,11,0,33,0,0,13,0,13,4,18,24,0,46,0,0,0,46
01/03/2012,MLU,LA,ASW,CE,Combined TRACON& Tower with Radar,2,14,11,10,37,0,0,14,0,14,2,14,25,10,51,0,0,0,51
01/04/2012,MLU,LA,ASW,CE,Combined TRACON& Tower with Radar,2,19,21,15,57,0,0,18,2,20,2,19,39,17,77,0,0,0,77
01/05/2012,MLU,LA,ASW,CE,Combined TRACON& Tower with Radar,4,16,19,20,59,0,0,17,8,25,4,16,36,28,84,0,0,0,84
01/06/2012,MLU,LA,ASW,CE,Combined TRACON& Tower with Radar,4,16,28,37,85,0,0,6,0,6,4,16,34,37,91,0,0,0,91
01/07/2012,MLU,LA,ASW,CE,Combined TRACON& Tower with Radar,2,9,19,0,30,0,0,13,0,13,2,9,32,0,43,0,0,0,43
01/08/2012,MLU,LA,ASW,CE,Combined TRACON& Tower with Radar,4,15,17,0,36,0,0,9,0,9,4,15,26,0,45,0,0,0,45
01/09/2012,MLU,LA,ASW,CE,Combined TRACON& Tower with Radar,3,12,13,0,28,0,0,0,0,0,3,12,13,0,28,0,0,0,28
01/10/2012,MLU,LA,ASW,CE,Combined TRACON& Tower with Radar,2,13,16,6,37,0,0,0,0,0,2,13,16,6,37,0,0,0,37
01/11/2012,MLU,LA,ASW,CE,Combined TRACON& Tower with Radar,2,12,37,31,82,0,0,13,1,14,2,12,50,32,96,0,0,0,96
01/12/2012,MLU,LA,ASW,CE,Combined TRACON& Tower with Radar,4,16,21,16,57,0,0,19,1,20,4,16,40,17,77,0,0,0,77
01/13/2012,MLU,LA,ASW,CE,Combined TRACON& Tower with Radar,4,20,19,5,48,0,0,38,0,38,4,20,57,5,86,0,0,0,86
01/14/2012,MLU,LA,ASW,CE,Combined TRACON& Tower with Radar,2,8,4,0,14,0,0,18,0,18,2,8,22,0,32,0,0,0,32
01/15/2012,MLU,LA,ASW,CE,Combined TRACON& Tower with Radar,4,11,14,2,31,0,0,26,0,26,4,11,40,2,57,0,0,0,57
01/16/2012,MLU,LA,ASW,CE,Combined TRACON& Tower with Radar,4,17,23,0,44,0,0,8,0,8,4,17,31,0,52,0,0,0,52
01/17/2012,MLU,LA,ASW,CE,Combined TRACON& Tower with Radar,2,16,35,0,53,0,0,8,0,8,2,16,43,0,61,0,0,0,61
01/18/2012,MLU,LA,ASW,CE,Combined TRACON& Tower with Radar,2,12,39,32,85,0,0,38,0,38,2,12,77,32,123,0,0,0,123
01/19/2012,MLU,LA,ASW,CE,Combined TRACON& Tower with Radar,4,17,34,28,83,0,0,21,0,21,4,17,55,28,104,0,0,0,104
01/20/2012,MLU,LA,ASW,CE,Combined TRACON& Tower with Radar,2,20,30,10,62,0,0,9,0,9,2,20,39,10,71,0,0,0,71
01/21/2012,MLU,LA,ASW,CE,Combined TRACON& Tower with Radar,2,8,8,0,18,0,0,3,0,3,2,8,11,0,21,0,0,0,21
01/22/2012,MLU,LA,ASW,CE,Combined TRACON& Tower with Radar,6,13,3,10,32,0,0,0,0,0,6,13,3,10,32,0,0,0,32
01/23/2012,MLU,LA,ASW,CE,Combined TRACON& Tower with Radar,4,16,33,11,64,0,0,37,0,37,4,16,70,11,101,0,0,0,101
01/24/2012,MLU,LA,ASW,CE,Combined TRACON& Tower with Radar,1,12,22,15,50,0,0,18,0,18,1,12,40,15,68,0,0,0,68
01/25/2012,MLU,LA,ASW,CE,Combined TRACON& Tower with Radar,2,8,19,0,29,0,0,1,0,1,2,8,20,0,30,0,0,0,30
01/26/2012,MLU,LA,ASW,CE,Combined TRACON& Tower with Radar,3,18,33,30,84,0,0,3,0,3,3,18,36,30,87,0,0,0,87
01/27/2012,MLU,LA,ASW,CE,Combined TRACON& Tower with Radar,4,22,30,52,108,0,0,33,0,33,4,22,63,52,141,0,0,0,141
01/28/2012,MLU,LA,ASW,CE,Combined TRACON& Tower with Radar,2,8,10,0,20,0,0,30,0,30,2,8,40,0,50,0,0,0,50
01/29/2012,MLU,LA,ASW,CE,Combined TRACON& Tower with Radar,4,14,17,0,35,0,0,31,3,34,4,14,48,3,69,0,0,0,69
01/30/2012,MLU,LA,ASW,CE,Combined TRACON& Tower with Radar,3,21,22,44,90,0,0,33,0,33,3,21,55,44,123,0,0,0,123
01/31/2012,MLU,LA,ASW,CE,Combined TRACON& Tower with Radar,0,17,35,26,78,0,0,8,2,10,0,17,43,28,88,0,0,0,88
02/01/2012,MLU,LA,ASW,CE,Combined TRACON& Tower with Radar,0,13,33,30,76,0,0,2,0,2,0,13,35,30,78,0,0,0,78
02/02/2012,MLU,LA,ASW,CE,Combined TRACON& Tower with Radar,0,21,40,10,71,0,0,1,0,1,0,21,41,10,72,0,0,0,72
02/03/2012,MLU,LA,ASW,CE,Combined TRACON& Tower with Radar,0,18,13,0,31,0,0,0,0,0,0,18,13,0,31,0,0,0,31
02/04/2012,MLU,LA,ASW,CE,Combined TRACON& Tower with Radar,0,8,4,0,12,0,0,2,0,2,0,8,6,0,14,0,0,0,14
02/05/2012,MLU,LA,ASW,CE,Combined TRACON& Tower with Radar,0,17,22,0,39,0,0,9,0,9,0,17,31,0,48,6,0,6,54
02/06/2012,MLU,LA,ASW,CE,Combined TRACON& Tower with Radar,0,21,22,19,62,0,1,29,1,31,0,22,51,20,93,8,0,8,101
02/07/2012,MLU,LA,ASW,CE,Combined TRACON& Tower with Radar,0,14,24,17,55,0,0,22,5,27,0,14,46,22,82,10,18,28,110
02/08/2012,MLU,LA,ASW,CE,Combined TRACON& Tower with Radar,0,16,25,50,91,0,0,24,1,25,0,16,49,51,116,14,16,30,146
02/09/2012,MLU,LA,ASW,CE,Combined TRACON& Tower with Radar,0,20,27,23,70,0,0,25,1,26,0,20,52,24,96,10,14,24,120
02/10/2012,MLU,LA,ASW,CE,Combined TRACON& Tower with Radar,0,20,30,2,52,0,0,2,0,2,0,20,32,2,54,2,0,2,56
02/11/2012,MLU,LA,ASW,CE,Combined TRACON& Tower with Radar,0,10,2,0,12,0,0,18,0,18,0,10,20,0,30,0,0,0,30
02/12/2012,MLU,LA,ASW,CE,Combined TRACON& Tower with Radar,0,14,9,0,23,0,0,17,0,17,0,14,26,0,40,22,0,22,62
02/13/2012,MLU,LA,ASW,CE,Combined TRACON& Tower with Radar,0,19,16,4,39,0,0,2,0,2,0,19,18,4,41,0,0,0,41
02/14/2012,MLU,LA,ASW,CE,Combined TRACON& Tower with Radar,0,16,36,34,86,0,0,8,0,8,0,16,44,34,94,12,0,12,106
02/15/2012,MLU,LA,ASW,CE,Combined TRACON& Tower with Radar,0,14,18,2,34,0,0,1,0,1,0,14,19,2,35,72,6,78,113
02/16/2012,MLU,LA,ASW,CE,Combined TRACON& Tower with Radar,0,25,34,50,109,0,0,23,3,26,0,25,57,53,135,56,0,56,191
02/17/2012,MLU,LA,ASW,CE,Combined TRACON& Tower with Radar,0,21,21,21,63,0,0,34,0,34,0,21,55,21,97,0,0,0,97
02/18/2012,MLU,LA,ASW,CE,Combined TRACON& Tower with Radar,0,9,4,0,13,0,0,1,0,1,0,9,5,0,14,0,0,0,14
02/19/2012,MLU,LA,ASW,CE,Combined TRACON& Tower with Radar,0,15,11,0,26,0,0,14,0,14,0,15,25,0,40,2,0,2,42
02/20/2012,MLU,LA,ASW,CE,Combined TRACON& Tower with Radar,0,17,27,0,44,0,0,20,0,20,0,17,47,0,64,21,0,21,85
02/21/2012,MLU,LA,ASW,CE,Combined TRACON& Tower with Radar,0,13,22,0,35,0,0,35,4,39,0,13,57,4,74,0,0,0,74
02/22/2012,MLU,LA,ASW,CE,Combined TRACON& Tower with Radar,0,14,25,0,39,0,0,3,0,3,0,14,28,0,42,0,2,2,44
02/23/2012,MLU,LA,ASW,CE,Combined TRACON& Tower with Radar,0,20,28,12,60,0,0,19,2,21,0,20,47,14,81,12,10,22,103
02/24/2012,MLU,LA,ASW,CE,Combined TRACON& Tower with Radar,0,27,23,4,54,0,0,7,0,7,0,27,30,4,61,0,4,4,65
02/25/2012,MLU,LA,ASW,CE,Combined TRACON& Tower with Radar,0,11,9,0,20,0,0,29,0,29,0,11,38,0,49,5,0,5,54
02/26/2012,MLU,LA,ASW,CE,Combined TRACON& Tower with Radar,0,18,22,3,43,0,0,32,0,32,0,18,54,3,75,19,14,33,108
02/27/2012,MLU,LA,ASW,CE,Combined TRACON& Tower with Radar,0,19,21,4,44,0,0,25,0,25,0,19,46,4,69,60,0,60,129
02/28/2012,MLU,LA,ASW,CE,Combined TRACON& Tower with Radar,0,19,30,0,49,0,0,1,0,1,0,19,31,0,50,26,0,26,76
02/29/2012,MLU,LA,ASW,CE,Combined TRACON& Tower with Radar,0,13,27,0,40,0,0,8,0,8,0,13,35,0,48,20,0,20,68
03/01/2012,MLU,LA,ASW,CE,Combined TRACON& Tower with Radar,0,18,29,5,52,0,0,28,2,30,0,18,57,7,82,68,0,68,150
03/02/2012,MLU,LA,ASW,CE,Combined TRACON& Tower with Radar,0,21,14,0,35,0,0,3,0,3,0,21,17,0,38,0,0,0,38
03/03/2012,MLU,LA,ASW,CE,Combined TRACON& Tower with Radar,0,10,7,0,17,0,0,27,0,27,0,10,34,0,44,22,0,22,66
03/04/2012,MLU,LA,ASW,CE,Combined TRACON& Tower with Radar,2,15,19,1,37,0,0,25,0,25,2,15,44,1,62,26,0,26,88
03/05/2012,MLU,LA,ASW,CE,Combined TRACON& Tower with Radar,0,20,21,4,45,0,0,25,0,25,0,20,46,4,70,46,24,70,140
03/06/2012,MLU,LA,ASW,CE,Combined TRACON& Tower with Radar,0,17,18,1,36,0,0,21,1,22,0,17,39,2,58,0,4,4,62
03/07/2012,MLU,LA,ASW,CE,Combined TRACON& Tower with Radar,0,19,37,23,79,0,0,16,0,16,0,19,53,23,95,4,32,36,131
03/08/2012,MLU,LA,ASW,CE,Combined TRACON& Tower with Radar,0,19,18,11,48,0,0,7,0,7,0,19,25,11,55,0,30,30,85
03/09/2012,MLU,LA,ASW,CE,Combined TRACON& Tower with Radar,0,19,18,8,45,0,0,5,0,5,0,19,23,8,50,0,8,8,58
03/10/2012,MLU,LA,ASW,CE,Combined TRACON& Tower with Radar,0,18,15,0,33,0,0,18,0,18,0,18,33,0,51,2,0,2,53
03/11/2012,MLU,LA,ASW,CE,Combined TRACON& Tower with Radar,0,13,15,0,28,0,0,0,0,0,0,13,15,0,28,6,0,6,34
03/12/2012,MLU,LA,ASW,CE,Combined TRACON& Tower with Radar,0,19,29,12,60,0,0,17,0,17,0,19,46,12,77,14,14,28,105
03/13/2012,MLU,LA,ASW,CE,Combined TRACON& Tower with Radar,0,22,31,28,81,0,1,18,2,21,0,23,49,30,102,18,26,44,146
03/14/2012,MLU,LA,ASW,CE,Combined TRACON& Tower with Radar,0,17,39,10,66,0,0,14,0,14,0,17,53,10,80,16,10,26,106
03/15/2012,MLU,LA,ASW,CE,Combined TRACON& Tower with Radar,0,26,24,19,69,0,0,27,0,27,0,26,51,19,96,12,28,40,136
03/16/2012,MLU,LA,ASW,CE,Combined TRACON& Tower with Radar,0,25,18,26,69,0,0,17,0,17,0,25,35,26,86,15,40,55,141
03/17/2012,MLU,LA,ASW,CE,Combined TRACON& Tower with Radar,0,16,18,0,34,0,0,28,2,30,0,16,46,2,64,20,0,20,84
03/18/2012,MLU,LA,ASW,CE,Combined TRACON& Tower with Radar,0,18,16,0,34,0,0,16,0,16,0,18,32,0,50,19,0,19,69
03/19/2012,MLU,LA,ASW,CE,Combined TRACON& Tower with Radar,0,19,23,14,56,0,0,10,0,10,0,19,33,14,66,1,14,15,81
03/20/2012,MLU,LA,ASW,CE,Combined TRACON& Tower with Radar,0,13,12,0,25,0,0,4,0,4,0,13,16,0,29,0,0,0,29
03/21/2012,MLU,LA,ASW,CE,Combined TRACON& Tower with Radar,0,20,21,4,45,0,0,2,0,2,0,20,23,4,47,0,8,8,55
03/22/2012,MLU,LA,ASW,CE,Combined TRACON& Tower with Radar,0,22,26,4,52,0,0,19,0,19,0,22,45,4,71,16,2,18,89
03/23/2012,MLU,LA,ASW,CE,Combined TRACON& Tower with Radar,0,23,25,33,81,0,0,29,1,30,0,23,54,34,111,26,54,80,191
03/24/2012,MLU,LA,ASW,CE,Combined TRACON& Tower with Radar,0,15,20,2,37,0,2,58,0,60,0,17,78,2,97,24,0,24,121
03/25/2012,MLU,LA,ASW,CE,Combined TRACON& Tower with Radar,0,21,6,0,27,0,3,21,0,24,0,24,27,0,51,16,0,16,67
03/26/2012,MLU,LA,ASW,CE,Combined TRACON& Tower with Radar,0,23,26,21,70,0,4,17,1,22,0,27,43,22,92,54,16,70,162
03/27/2012,MLU,LA,ASW,CE,Combined TRACON& Tower with Radar,0,20,33,21,74,0,0,34,3,37,0,20,67,24,111,21,32,53,164
03/28/2012,MLU,LA,ASW,CE,Combined TRACON& Tower with Radar,0,18,31,7,56,0,0,16,3,19,0,18,47,10,75,22,4,26,101
03/29/2012,MLU,LA,ASW,CE,Combined TRACON& Tower with Radar,0,30,24,36,90,0,0,9,0,9,0,30,33,36,99,16,24,40,139
03/30/2012,MLU,LA,ASW,CE,Combined TRACON& Tower with Radar,0,23,21,0,44,0,0,2,0,2,0,23,23,0,46,0,0,0,46
03/31/2012,MLU,LA,ASW,CE,Combined TRACON& Tower with Radar,0,14,14,7,35,0,0,14,0,14,0,14,28,7,49,10,0,10,59
04/01/2012,MLU,LA,ASW,CE,Combined TRACON& Tower with Radar,0,20,10,0,30,0,0,19,0,19,0,20,29,0,49,2,0,2,51
04/02/2012,MLU,LA,ASW,CE,Combined TRACON& Tower with Radar,0,17,27,4,48,0,0,5,0,5,0,17,32,4,53,2,0,2,55
04/03/2012,MLU,LA,ASW,CE,Combined TRACON& Tower with Radar,0,19,14,20,53,0,0,16,1,17,0,19,30,21,70,12,10,22,92
04/04/2012,MLU,LA,ASW,CE,Combined TRACON& Tower with Radar,0,18,32,18,68,0,1,11,2,14,0,19,43,20,82,32,14,46,128
04/05/2012,MLU,LA,ASW,CE,Combined TRACON& Tower with Radar,0,24,16,13,53,0,0,19,0,19,0,24,35,13,72,8,12,20,92
04/06/2012,MLU,LA,ASW,CE,Combined TRACON& Tower with Radar,0,25,14,8,47,0,0,31,0,31,0,25,45,8,78,26,0,26,104
04/07/2012,MLU,LA,ASW,CE,Combined TRACON& Tower with Radar,0,14,6,0,20,0,0,30,0,30,0,14,36,0,50,2,22,24,74
04/08/2012,MLU,LA,ASW,CE,Combined TRACON& Tower with Radar,0,19,10,0,29,0,0,7,0,7,0,19,17,0,36,16,0,16,52
04/09/2012,MLU,LA,ASW,CE,Combined TRACON& Tower with Radar,0,21,28,31,80,0,0,16,2,18,0,21,44,33,98,4,16,20,118
04/10/2012,MLU,LA,ASW,CE,Combined TRACON& Tower with Radar,0,26,21,19,66,0,0,14,0,14,0,26,35,19,80,10,0,10,90
04/11/2012,MLU,LA,ASW,CE,Combined TRACON& Tower with Radar,0,22,29,21,72,0,0,16,0,16,0,22,45,21,88,4,18,22,110
04/12/2012,MLU,LA,ASW,CE,Combined TRACON& Tower with Radar,0,29,31,12,72,0,0,23,0,23,0,29,54,12,95,36,0,36,131
04/13/2012,MLU,LA,ASW,CE,Combined TRACON& Tower with Radar,0,27,31,4,62,0,0,21,2,23,0,27,52,6,85,24,0,24,109
04/14/2012,MLU,LA,ASW,CE,Combined TRACON& Tower with Radar,0,14,10,0,24,0,1,21,0,22,0,15,31,0,46,4,0,4,50
04/15/2012,MLU,LA,ASW,CE,Combined TRACON& Tower with Radar,0,19,20,0,39,0,0,15,0,15,0,19,35,0,54,0,0,0,54
04/16/2012,MLU,LA,ASW,CE,Combined TRACON& Tower with Radar,0,23,15,2,40,0,0,1,0,1,0,23,16,2,41,0,0,0,41
04/17/2012,MLU,LA,ASW,CE,Combined TRACON& Tower with Radar,0,25,29,11,65,0,0,20,0,20,0,25,49,11,85,10,4,14,99
04/18/2012,MLU,LA,ASW,CE,Combined TRACON& Tower with Radar,0,23,44,55,122,0,1,19,1,21,0,24,63,56,143,8,8,16,159
04/19/2012,MLU,LA,ASW,CE,Combined TRACON& Tower with Radar,0,23,21,12,56,0,0,40,1,41,0,23,61,13,97,10,0,10,107
04/20/2012,MLU,LA,ASW,CE,Combined TRACON& Tower with Radar,0,24,20,5,49,0,0,10,0,10,0,24,30,5,59,0,0,0,59
04/21/2012,MLU,LA,ASW,CE,Combined TRACON& Tower with Radar,0,16,14,2,32,0,0,5,0,5,0,16,19,2,37,4,0,4,41
04/22/2012,MLU,LA,ASW,CE,Combined TRACON& Tower with Radar,0,21,18,0,39,0,0,16,0,16,0,21,34,0,55,0,0,0,55
04/23/2012,MLU,LA,ASW,CE,Combined TRACON& Tower with Radar,0,28,30,24,82,0,0,26,1,27,0,28,56,25,109,42,16,58,167
04/24/2012,MLU,LA,ASW,CE,Combined TRACON& Tower with Radar,0,24,33,7,64,0,0,49,0,49,0,24,82,7,113,26,2,28,141
04/25/2012,MLU,LA,ASW,CE,Combined TRACON& Tower with Radar,0,24,34,24,82,0,0,29,0,29,0,24,63,24,111,28,44,72,183
04/26/2012,MLU,LA,ASW,CE,Combined TRACON& Tower with Radar,0,26,31,22,79,0,0,22,0,22,0,26,53,22,101,8,28,36,137
04/27/2012,MLU,LA,ASW,CE,Combined TRACON& Tower with Radar,0,23,25,20,68,0,0,13,0,13,0,23,38,20,81,0,6,6,87
04/28/2012,MLU,LA,ASW,CE,Combined TRACON& Tower with Radar,0,14,25,0,39,0,0,42,0,42,0,14,67,0,81,36,0,36,117
04/29/2012,MLU,LA,ASW,CE,Combined TRACON& Tower with Radar,0,20,18,0,38,0,0,11,0,11,0,20,29,0,49,8,0,8,57
04/30/2012,MLU,LA,ASW,CE,Combined TRACON& Tower with Radar,2,19,23,15,59,0,0,30,0,30,2,19,53,15,89,8,8,16,105
05/01/2012,MLU,LA,ASW,CE,Combined TRACON& Tower with Radar,0,20,27,30,77,0,0,32,8,40,0,20,59,38,117,4,16,20,137
05/02/2012,MLU,LA,ASW,CE,Combined TRACON& Tower with Radar,0,20,19,2,41,0,0,12,1,13,0,20,31,3,54,20,18,38,92
05/03/2012,MLU,LA,ASW,CE,Combined TRACON& Tower with Radar,0,22,39,34,95,0,0,26,1,27,0,22,65,35,122,0,0,0,122
05/04/2012,MLU,LA,ASW,CE,Combined TRACON& Tower with Radar,0,22,36,20,78,0,0,28,0,28,0,22,64,20,106,16,18,34,140
05/05/2012,MLU,LA,ASW,CE,Combined TRACON& Tower with Radar,0,12,6,0,18,0,0,21,0,21,0,12,27,0,39,2,0,2,41
05/06/2012,MLU,LA,ASW,CE,Combined TRACON& Tower with Radar,0,20,14,0,34,0,0,16,0,16,0,20,30,0,50,6,0,6,56
05/07/2012,MLU,LA,ASW,CE,Combined TRACON& Tower with Radar,0,22,24,26,72,0,0,17,1,18,0,22,41,27,90,0,10,10,100
05/08/2012,MLU,LA,ASW,CE,Combined TRACON& Tower with Radar,0,21,35,4,60,0,0,16,2,18,0,21,51,6,78,18,0,18,96
05/09/2012,MLU,LA,ASW,CE,Combined TRACON& Tower with Radar,0,22,29,13,64,0,0,33,0,33,0,22,62,13,97,20,34,54,151
05/10/2012,MLU,LA,ASW,CE,Combined TRACON& Tower with Radar,0,21,16,6,43,0,0,25,0,25,0,21,41,6,68,40,0,40,108
05/11/2012,MLU,LA,ASW,CE,Combined TRACON& Tower with Radar,0,24,27,2,53,0,0,12,0,12,0,24,39,2,65,26,0,26,91
05/12/2012,MLU,LA,ASW,CE,Combined TRACON& Tower with Radar,0,12,18,4,34,0,0,3,2,5,0,12,21,6,39,0,0,0,39
05/13/2012,MLU,LA,ASW,CE,Combined TRACON& Tower with Radar,0,16,20,2,38,0,0,8,0,8,0,16,28,2,46,0,0,0,46
05/14/2012,MLU,LA,ASW,CE,Combined TRACON& Tower with Radar,0,27,29,31,87,0,0,22,0,22,0,27,51,31,109,48,6,54,163
05/15/2012,MLU,LA,ASW,CE,Combined TRACON& Tower with Radar,0,23,26,17,66,0,0,25,6,31,0,23,51,23,97,0,2,2,99
05/16/2012,MLU,LA,ASW,CE,Combined TRACON& Tower with Radar,0,22,29,16,67,0,0,24,1,25,0,22,53,17,92,24,0,24,116
05/17/2012,MLU,LA,ASW,CE,Combined TRACON& Tower with Radar,0,30,19,1,50,0,0,22,1,23,0,30,41,2,73,0,0,0,73
05/18/2012,MLU,LA,ASW,CE,Combined TRACON& Tower with Radar,0,23,23,7,53,0,1,34,1,36,0,24,57,8,89,37,0,37,126
05/19/2012,MLU,LA,ASW,CE,Combined TRACON& Tower with Radar,0,12,23,20,55,0,0,25,4,29,0,12,48,24,84,36,32,68,152
05/20/2012,MLU,LA,ASW,CE,Combined TRACON& Tower with Radar,0,19,22,0,41,0,0,17,0,17,0,19,39,0,58,40,0,40,98
05/21/2012,MLU,LA,ASW,CE,Combined TRACON& Tower with Radar,0,20,19,34,73,0,0,19,0,19,0,20,38,34,92,20,10,30,122
05/22/2012,MLU,LA,ASW,CE,Combined TRACON& Tower with Radar,0,25,31,6,62,0,0,29,2,31,0,25,60,8,93,48,0,48,141
05/23/2012,MLU,LA,ASW,CE,Combined TRACON& Tower with Radar,0,22,40,9,71,0,0,26,1,27,0,22,66,10,98,20,18,38,136
05/24/2012,MLU,LA,ASW,CE,Combined TRACON& Tower with Radar,0,26,31,2,59,0,0,12,0,12,0,26,43,2,71,26,0,26,97
05/25/2012,MLU,LA,ASW,CE,Combined TRACON& Tower with Radar,0,23,19,0,42,0,0,15,2,17,0,23,34,2,59,36,0,36,95
05/26/2012,MLU,LA,ASW,CE,Combined TRACON& Tower with Radar,0,12,9,0,21,0,0,15,0,15,0,12,24,0,36,8,0,8,44
05/27/2012,MLU,LA,ASW,CE,Combined TRACON& Tower with Radar,0,16,9,4,29,0,0,8,0,8,0,16,17,4,37,8,0,8,45
05/28/2012,MLU,LA,ASW,CE,Combined TRACON& Tower with Radar,0,22,10,0,32,0,0,16,0,16,0,22,26,0,48,28,0,28,76
05/29/2012,MLU,LA,ASW,CE,Combined TRACON& Tower with Radar,0,20,20,11,51,0,1,18,3,22,0,21,38,14,73,8,0,8,81
05/30/2012,MLU,LA,ASW,CE,Combined TRACON& Tower with Radar,0,22,25,28,75,0,0,25,1,26,0,22,50,29,101,10,10,20,121
05/31/2012,MLU,LA,ASW,CE,Combined TRACON& Tower with Radar,0,21,16,0,37,0,0,10,0,10,0,21,26,0,47,14,0,14,61
06/01/2012,MLU,LA,ASW,CE,Combined TRACON& Tower with Radar,0,23,16,24,63,0,0,26,2,28,0,23,42,26,91,24,8,32,123
06/02/2012,MLU,LA,ASW,CE,Combined TRACON& Tower with Radar,0,12,8,4,24,0,0,25,2,27,0,12,33,6,51,22,2,24,75
06/03/2012,MLU,LA,ASW,CE,Combined TRACON& Tower with Radar,0,17,21,0,38,0,0,13,2,15,0,17,34,2,53,4,0,4,57
06/04/2012,MLU,LA,ASW,CE,Combined TRACON& Tower with Radar,0,20,27,15,62,0,0,15,0,15,0,20,42,15,77,2,0,2,79
06/05/2012,MLU,LA,ASW,CE,Combined TRACON& Tower with Radar,0,25,15,2,42,0,0,29,2,31,0,25,44,4,73,18,0,18,91
06/06/2012,MLU,LA,ASW,CE,Combined TRACON& Tower with Radar,0,19,28,8,55,0,0,25,0,25,0,19,53,8,80,0,0,0,80
06/07/2012,MLU,LA,ASW,CE,Combined TRACON& Tower with Radar,0,25,30,4,59,0,0,34,1,35,0,25,64,5,94,16,4,20,114
06/08/2012,MLU,LA,ASW,CE,Combined TRACON& Tower with Radar,0,27,27,16,70,0,2,25,5,32,0,29,52,21,102,0,4,4,106
06/09/2012,MLU,LA,ASW,CE,Combined TRACON& Tower with Radar,0,16,18,0,34,0,0,13,0,13,0,16,31,0,47,0,0,0,47
06/10/2012,MLU,LA,ASW,CE,Combined TRACON& Tower with Radar,0,21,36,2,59,0,0,3,2,5,0,21,39,4,64,0,0,0,64
06/11/2012,MLU,LA,ASW,CE,Combined TRACON& Tower with Radar,0,24,19,44,87,0,0,17,0,17,0,24,36,44,104,10,0,10,114
06/12/2012,MLU,LA,ASW,CE,Combined TRACON& Tower with Radar,0,24,21,0,45,0,0,18,2,20,0,24,39,2,65,0,0,0,65
06/13/2012,MLU,LA,ASW,CE,Combined TRACON& Tower with Radar,0,30,32,11,73,0,0,21,1,22,0,30,53,12,95,30,26,56,151
06/14/2012,MLU,LA,ASW,CE,Combined TRACON& Tower with Radar,0,30,10,35,75,0,0,16,1,17,0,30,26,36,92,2,0,2,94
06/15/2012,MLU,LA,ASW,CE,Combined TRACON& Tower with Radar,0,27,26,20,73,0,0,19,0,19,0,27,45,20,92,6,0,6,98
06/16/2012,MLU,LA,ASW,CE,Combined TRACON& Tower with Radar,0,17,5,0,22,0,1,20,0,21,0,18,25,0,43,28,0,28,71
06/17/2012,MLU,LA,ASW,CE,Combined TRACON& Tower with Radar,0,22,19,1,42,0,0,12,0,12,0,22,31,1,54,0,0,0,54
06/18/2012,MLU,LA,ASW,CE,Combined TRACON& Tower with Radar,0,28,27,8,63,0,0,12,4,16,0,28,39,12,79,22,22,44,123
06/19/2012,MLU,LA,ASW,CE,Combined TRACON& Tower with Radar,0,27,35,20,82,0,0,28,0,28,0,27,63,20,110,8,34,42,152
06/20/2012,MLU,LA,ASW,CE,Combined TRACON& Tower with Radar,0,25,38,13,76,0,0,39,5,44,0,25,77,18,120,14,38,52,172
06/21/2012,MLU,LA,ASW,CE,Combined TRACON& Tower with Radar,0,28,32,5,65,0,0,35,1,36,0,28,67,6,101,16,16,32,133
06/22/2012,MLU,LA,ASW,CE,Combined TRACON& Tower with Radar,0,26,34,16,76,0,0,26,4,30,0,26,60,20,106,16,2,18,124
06/23/2012,MLU,LA,ASW,CE,Combined TRACON& Tower with Radar,0,15,10,0,25,0,0,15,0,15,0,15,25,0,40,22,0,22,62
06/24/2012,MLU,LA,ASW,CE,Combined TRACON& Tower with Radar,0,22,17,0,39,0,0,18,0,18,0,22,35,0,57,0,0,0,57
06/25/2012,MLU,LA,ASW,CE,Combined TRACON& Tower with Radar,0,23,24,8,55,0,0,27,1,28,0,23,51,9,83,22,2,24,107
06/26/2012,MLU,LA,ASW,CE,Combined TRACON& Tower with Radar,0,30,23,3,56,0,0,27,6,33,0,30,50,9,89,36,0,36,125
06/27/2012,MLU,LA,ASW,CE,Combined TRACON& Tower with Radar,0,28,31,0,59,0,0,30,2,32,0,28,61,2,91,0,0,0,91
06/28/2012,MLU,LA,ASW,CE,Combined TRACON& Tower with Radar,0,29,22,1,52,0,0,13,1,14,0,29,35,2,66,8,0,8,74
06/29/2012,MLU,LA,ASW,CE,Combined TRACON& Tower with Radar,0,27,41,22,90,0,0,24,0,24,0,27,65,22,114,2,8,10,124
06/30/2012,MLU,LA,ASW,CE,Combined TRACON& Tower with Radar,0,18,21,0,39,0,0,20,0,20,0,18,41,0,59,14,0,14,73
07/01/2012,MLU,LA,ASW,CE,Combined TRACON& Tower with Radar,0,25,16,0,41,0,0,19,0,19,0,25,35,0,60,20,0,20,80
07/02/2012,MLU,LA,ASW,CE,Combined TRACON& Tower with Radar,0,22,19,15,56,0,0,9,2,11,0,22,28,17,67,4,0,4,71
07/03/2012,MLU,LA,ASW,CE,Combined TRACON& Tower with Radar,0,21,23,17,61,0,0,18,0,18,0,21,41,17,79,0,10,10,89
07/04/2012,MLU,LA,ASW,CE,Combined TRACON& Tower with Radar,0,18,3,0,21,0,0,11,0,11,0,18,14,0,32,0,0,0,32
07/05/2012,MLU,LA,ASW,CE,Combined TRACON& Tower with Radar,0,21,11,0,32,0,0,17,0,17,0,21,28,0,49,10,0,10,59
07/06/2012,MLU,LA,ASW,CE,Combined TRACON& Tower with Radar,0,26,14,25,65,0,0,17,1,18,0,26,31,26,83,0,14,14,97
07/07/2012,MLU,LA,ASW,CE,Combined TRACON& Tower with Radar,0,13,8,0,21,0,0,17,0,17,0,13,25,0,38,2,0,2,40
07/08/2012,MLU,LA,ASW,CE,Combined TRACON& Tower with Radar,0,20,11,0,31,0,0,9,0,9,0,20,20,0,40,0,0,0,40
07/09/2012,MLU,LA,ASW,CE,Combined TRACON& Tower with Radar,0,23,17,0,40,0,0,7,0,7,0,23,24,0,47,0,0,0,47
07/10/2012,MLU,LA,ASW,CE,Combined TRACON& Tower with Radar,0,21,18,0,39,0,0,5,0,5,0,21,23,0,44,0,0,0,44
07/11/2012,MLU,LA,ASW,CE,Combined TRACON& Tower with Radar,0,23,22,0,45,0,0,4,0,4,0,23,26,0,49,0,0,0,49
07/12/2012,MLU,LA,ASW,CE,Combined TRACON& Tower with Radar,0,19,17,1,37,0,0,6,1,7,0,19,23,2,44,0,0,0,44
07/13/2012,MLU,LA,ASW,CE,Combined TRACON& Tower with Radar,0,25,20,4,49,0,0,10,0,10,0,25,30,4,59,0,0,0,59
07/14/2012,MLU,LA,ASW,CE,Combined TRACON& Tower with Radar,0,13,10,6,29,0,0,26,0,26,0,13,36,6,55,16,22,38,93
07/15/2012,MLU,LA,ASW,CE,Combined TRACON& Tower with Radar,0,17,11,0,28,0,0,8,0,8,0,17,19,0,36,8,0,8,44
07/16/2012,MLU,LA,ASW,CE,Combined TRACON& Tower with Radar,0,23,47,14,84,0,0,17,3,20,0,23,64,17,104,2,4,6,110
07/17/2012,MLU,LA,ASW,CE,Combined TRACON& Tower with Radar,0,20,31,25,76,0,0,28,4,32,0,20,59,29,108,0,0,0,108
07/18/2012,MLU,LA,ASW,CE,Combined TRACON& Tower with Radar,2,19,39,15,75,0,0,20,1,21,2,19,59,16,96,24,6,30,126
07/19/2012,MLU,LA,ASW,CE,Combined TRACON& Tower with Radar,2,25,35,48,110,0,0,32,2,34,2,25,67,50,144,2,24,26,170
07/20/2012,MLU,LA,ASW,CE,Combined TRACON& Tower with Radar,0,22,24,37,83,0,0,17,0,17,0,22,41,37,100,6,0,6,106
07/21/2012,MLU,LA,ASW,CE,Combined TRACON& Tower with Radar,0,15,11,1,27,0,0,8,1,9,0,15,19,2,36,0,2,2,38
07/22/2012,MLU,LA,ASW,CE,Combined TRACON& Tower with Radar,0,22,17,0,39,0,0,7,0,7,0,22,24,0,46,0,0,0,46
07/23/2012,MLU,LA,ASW,CE,Combined TRACON& Tower with Radar,0,22,22,8,52,0,0,15,0,15,0,22,37,8,67,14,0,14,81
07/24/2012,MLU,LA,ASW,CE,Combined TRACON& Tower with Radar,0,24,29,43,96,0,0,21,4,25,0,24,50,47,121,4,2,6,127
07/25/2012,MLU,LA,ASW,CE,Combined TRACON& Tower with Radar,0,27,39,40,106,0,0,19,2,21,0,27,58,42,127,6,0,6,133
07/26/2012,MLU,LA,ASW,CE,Combined TRACON& Tower with Radar,0,21,35,16,72,0,0,28,2,30,0,21,63,18,102,0,0,0,102
07/27/2012,MLU,LA,ASW,CE,Combined TRACON& Tower with Radar,0,27,25,2,54,0,0,24,0,24,0,27,49,2,78,2,0,2,80
07/28/2012,MLU,LA,ASW,CE,Combined TRACON& Tower with Radar,0,19,13,4,36,0,0,17,0,17,0,19,30,4,53,0,0,0,53
07/29/2012,MLU,LA,ASW,CE,Combined TRACON& Tower with Radar,0,18,18,0,36,0,0,6,1,7,0,18,24,1,43,0,0,0,43
07/30/2012,MLU,LA,ASW,CE,Combined TRACON& Tower with Radar,0,24,34,38,96,0,0,42,2,44,0,24,76,40,140,20,0,20,160
07/31/2012,MLU,LA,ASW,CE,Combined TRACON& Tower with Radar,0,24,30,55,109,0,0,27,6,33,0,24,57,61,142,30,2,32,174
08/01/2012,MLU,LA,ASW,CE,Combined TRACON& Tower with Radar,0,29,20,36,85,0,0,35,0,35,0,29,55,36,120,6,0,6,126
08/02/2012,MLU,LA,ASW,CE,Combined TRACON& Tower with Radar,0,25,21,26,72,0,0,21,3,24,0,25,42,29,96,0,0,0,96
08/03/2012,MLU,LA,ASW,CE,Combined TRACON& Tower with Radar,0,25,30,28,83,0,0,34,0,34,0,25,64,28,117,0,0,0,117
08/04/2012,MLU,LA,ASW,CE,Combined TRACON& Tower with Radar,0,16,24,0,40,0,0,30,0,30,0,16,54,0,70,0,0,0,70
08/05/2012,MLU,LA,ASW,CE,Combined TRACON& Tower with Radar,0,21,11,0,32,0,0,13,0,13,0,21,24,0,45,0,0,0,45
08/06/2012,MLU,LA,ASW,CE,Combined TRACON& Tower with Radar,0,27,26,6,59,0,0,26,0,26,0,27,52,6,85,0,0,0,85
08/07/2012,MLU,LA,ASW,CE,Combined TRACON& Tower with Radar,0,27,24,5,56,0,0,25,1,26,0,27,49,6,82,0,0,0,82
08/08/2012,MLU,LA,ASW,CE,Combined TRACON& Tower with Radar,0,29,23,34,86,0,0,19,3,22,0,29,42,37,108,0,0,0,108
08/09/2012,MLU,LA,ASW,CE,Combined TRACON& Tower with Radar,0,25,37,11,73,0,0,25,2,27,0,25,62,13,100,0,0,0,100
08/10/2012,MLU,LA,ASW,CE,Combined TRACON& Tower with Radar,0,25,31,46,102,0,0,23,2,25,0,25,54,48,127,0,0,0,127
08/11/2012,MLU,LA,ASW,CE,Combined TRACON& Tower with Radar,0,16,18,0,34,0,0,16,0,16,0,16,34,0,50,0,0,0,50
08/12/2012,MLU,LA,ASW,CE,Combined TRACON& Tower with Radar,0,22,15,4,41,0,0,14,1,15,0,22,29,5,56,0,0,0,56
08/13/2012,MLU,LA,ASW,CE,Combined TRACON& Tower with Radar,0,23,16,50,89,0,0,7,4,11,0,23,23,54,100,0,0,0,100
08/14/2012,MLU,LA,ASW,CE,Combined TRACON& Tower with Radar,0,24,24,21,69,0,0,31,3,34,0,24,55,24,103,0,0,0,103
08/15/2012,MLU,LA,ASW,CE,Combined TRACON& Tower with Radar,0,24,25,13,62,0,0,20,0,20,0,24,45,13,82,0,0,0,82
08/16/2012,MLU,LA,ASW,CE,Combined TRACON& Tower with Radar,0,23,24,20,67,0,0,20,2,22,0,23,44,22,89,0,0,0,89
08/17/2012,MLU,LA,ASW,CE,Combined TRACON& Tower with Radar,0,25,16,15,56,0,0,11,0,11,0,25,27,15,67,0,0,0,67
08/18/2012,MLU,LA,ASW,CE,Combined TRACON& Tower with Radar,2,11,3,0,16,0,0,6,2,8,2,11,9,2,24,0,0,0,24
08/19/2012,MLU,LA,ASW,CE,Combined TRACON& Tower with Radar,0,19,19,18,56,0,0,5,0,5,0,19,24,18,61,0,0,0,61
08/20/2012,MLU,LA,ASW,CE,Combined TRACON& Tower with Radar,0,22,13,32,67,0,0,20,0,20,0,22,33,32,87,0,0,0,87
08/21/2012,MLU,LA,ASW,CE,Combined TRACON& Tower with Radar,0,22,18,23,63,0,0,16,0,16,0,22,34,23,79,0,0,0,79
08/22/2012,MLU,LA,ASW,CE,Combined TRACON& Tower with Radar,0,22,36,6,64,0,0,26,1,27,0,22,62,7,91,0,0,0,91
08/23/2012,MLU,LA,ASW,CE,Combined TRACON& Tower with Radar,0,26,20,44,90,0,0,16,3,19,0,26,36,47,109,0,0,0,109
08/24/2012,MLU,LA,ASW,CE,Combined TRACON& Tower with Radar,0,25,18,2,45,0,0,14,2,16,0,25,32,4,61,0,0,0,61
08/25/2012,MLU,LA,ASW,CE,Combined TRACON& Tower with Radar,0,15,14,0,29,0,0,14,0,14,0,15,28,0,43,0,0,0,43
08/26/2012,MLU,LA,ASW,CE,Combined TRACON& Tower with Radar,0,20,12,2,34,0,0,14,0,14,0,20,26,2,48,0,0,0,48
08/27/2012,MLU,LA,ASW,CE,Combined TRACON& Tower with Radar,0,22,31,13,66,0,0,31,1,32,0,22,62,14,98,0,0,0,98
08/28/2012,MLU,LA,ASW,CE,Combined TRACON& Tower with Radar,0,26,25,3,54,0,0,11,2,13,0,26,36,5,67,0,0,0,67
08/29/2012,MLU,LA,ASW,CE,Combined TRACON& Tower with Radar,0,19,3,0,22,0,2,0,0,2,0,21,3,0,24,0,0,0,24
08/30/2012,MLU,LA,ASW,CE,Combined TRACON& Tower with Radar,0,7,0,0,7,0,0,0,0,0,0,7,0,0,7,0,0,0,7
08/31/2012,MLU,LA,ASW,CE,Combined TRACON& Tower with Radar,0,25,19,0,44,0,0,6,0,6,0,25,25,0,50,0,0,0,50
09/01/2012,MLU,LA,ASW,CE,Combined TRACON& Tower with Radar,0,12,0,0,12,0,0,3,7,10,0,12,3,7,22,0,0,0,22
09/02/2012,MLU,LA,ASW,CE,Combined TRACON& Tower with Radar,0,10,7,0,17,0,0,9,3,12,0,10,16,3,29,0,0,0,29
09/03/2012,MLU,LA,ASW,CE,Combined TRACON& Tower with Radar,0,22,6,0,28,0,0,10,0,10,0,22,16,0,38,0,0,0,38
09/04/2012,MLU,LA,ASW,CE,Combined TRACON& Tower with Radar,0,23,15,44,82,0,0,20,2,22,0,23,35,46,104,0,0,0,104
09/05/2012,MLU,LA,ASW,CE,Combined TRACON& Tower with Radar,0,21,31,24,76,0,0,22,2,24,0,21,53,26,100,0,0,0,100
09/06/2012,MLU,LA,ASW,CE,Combined TRACON& Tower with Radar,0,25,18,29,72,0,0,31,1,32,0,25,49,30,104,0,0,0,104
09/07/2012,MLU,LA,ASW,CE,Combined TRACON& Tower with Radar,0,22,28,30,80,0,0,26,2,28,0,22,54,32,108,0,0,0,108
09/08/2012,MLU,LA,ASW,CE,Combined TRACON& Tower with Radar,0,13,13,2,28,0,0,4,0,4,0,13,17,2,32,0,0,0,32
09/09/2012,MLU,LA,ASW,CE,Combined TRACON& Tower with Radar,0,17,15,10,42,0,1,19,0,20,0,18,34,10,62,0,0,0,62
09/10/2012,MLU,LA,ASW,CE,Combined TRACON& Tower with Radar,0,21,26,4,51,0,0,21,1,22,0,21,47,5,73,0,0,0,73
09/11/2012,MLU,LA,ASW,CE,Combined TRACON& Tower with Radar,0,20,40,12,72,0,1,68,1,70,0,21,108,13,142,0,0,0,142
09/12/2012,MLU,LA,ASW,CE,Combined TRACON& Tower with Radar,0,22,40,23,85,0,1,28,1,30,0,23,68,24,115,0,0,0,115
09/13/2012,MLU,LA,ASW,CE,Combined TRACON& Tower with Radar,0,21,40,7,68,0,0,24,2,26,0,21,64,9,94,0,0,0,94
09/14/2012,MLU,LA,ASW,CE,Combined TRACON& Tower with Radar,0,21,40,30,91,0,0,14,1,15,0,21,54,31,106,0,0,0,106
09/15/2012,MLU,LA,ASW,CE,Combined TRACON& Tower with Radar,0,14,20,0,34,0,0,66,5,71,0,14,86,5,105,0,0,0,105
09/16/2012,MLU,LA,ASW,CE,Combined TRACON& Tower with Radar,0,21,18,0,39,0,0,13,0,13,0,21,31,0,52,0,0,0,52
09/17/2012,MLU,LA,ASW,CE,Combined TRACON& Tower with Radar,0,22,8,6,36,0,0,0,0,0,0,22,8,6,36,0,0,0,36
09/18/2012,MLU,LA,ASW,CE,Combined TRACON& Tower with Radar,0,20,27,35,82,0,0,22,1,23,0,20,49,36,105,0,0,0,105
09/19/2012,MLU,LA,ASW,CE,Combined TRACON& Tower with Radar,0,21,34,12,67,0,0,29,0,29,0,21,63,12,96,0,0,0,96
09/20/2012,MLU,LA,ASW,CE,Combined TRACON& Tower with Radar,0,25,20,18,63,0,0,33,0,33,0,25,53,18,96,0,0,0,96
09/21/2012,MLU,LA,ASW,CE,Combined TRACON& Tower with Radar,4,23,32,8,67,0,0,33,0,33,4,23,65,8,100,0,0,0,100
09/22/2012,MLU,LA,ASW,CE,Combined TRACON& Tower with Radar,0,12,24,0,36,0,1,21,0,22,0,13,45,0,58,0,0,0,58
09/23/2012,MLU,LA,ASW,CE,Combined TRACON& Tower with Radar,0,19,18,8,45,0,1,30,0,31,0,20,48,8,76,0,0,0,76
09/24/2012,MLU,LA,ASW,CE,Combined TRACON& Tower with Radar,0,21,17,4,42,0,0,19,2,21,0,21,36,6,63,0,0,0,63
09/25/2012,MLU,LA,ASW,CE,Combined TRACON& Tower with Radar,0,22,19,2,43,0,0,15,0,15,0,22,34,2,58,0,0,0,58
09/26/2012,MLU,LA,ASW,CE,Combined TRACON& Tower with Radar,0,19,30,9,58,0,2,19,1,22,0,21,49,10,80,0,0,0,80
09/27/2012,MLU,LA,ASW,CE,Combined TRACON& Tower with Radar,0,23,23,0,46,0,0,21,0,21,0,23,44,0,67,0,0,0,67
09/28/2012,MLU,LA,ASW,CE,Combined TRACON& Tower with Radar,0,20,28,0,48,0,0,23,0,23,0,20,51,0,71,0,0,0,71
09/29/2012,MLU,LA,ASW,CE,Combined TRACON& Tower with Radar,0,11,5,0,16,0,1,5,0,6,0,12,10,0,22,0,0,0,22
09/30/2012,MLU,LA,ASW,CE,Combined TRACON& Tower with Radar,0,5,10,0,15,0,0,0,0,0,0,5,10,0,15,0,0,0,15
10/01/2012,MLU,LA,ASW,CE,Combined TRACON& Tower with Radar,0,17,19,1,37,0,0,5,0,5,0,17,24,1,42,402,10,412,454
10/02/2012,MLU,LA,ASW,CE,Combined TRACON& Tower with Radar,0,21,9,0,30,0,0,29,1,30,0,21,38,1,60,408,10,418,478
10/03/2012,MLU,LA,ASW,CE,Combined TRACON& Tower with Radar,0,24,28,0,52,0,0,21,2,23,0,24,49,2,75,392,10,402,477
10/04/2012,MLU,LA,ASW,CE,Combined TRACON& Tower with Radar,0,23,22,0,45,0,0,23,0,23,0,23,45,0,68,378,10,388,456
10/05/2012,MLU,LA,ASW,CE,Combined TRACON& Tower with Radar,0,25,18,0,43,0,1,25,0,26,0,26,43,0,69,338,10,348,417
10/06/2012,MLU,LA,ASW,CE,Combined TRACON& Tower with Radar,0,15,15,0,30,0,0,2,0,2,0,15,17,0,32,296,10,306,338
10/07/2012,MLU,LA,ASW,CE,Combined TRACON& Tower with Radar,0,23,28,0,51,0,0,16,0,16,0,23,44,0,67,296,10,306,373
10/08/2012,MLU,LA,ASW,CE,Combined TRACON& Tower with Radar,0,23,32,1,56,0,0,3,1,4,0,23,35,2,60,292,10,302,362
10/09/2012,MLU,LA,ASW,CE,Combined TRACON& Tower with Radar,0,22,29,1,52,0,0,28,2,30,0,22,57,3,82,262,10,272,354
10/10/2012,MLU,LA,ASW,CE,Combined TRACON& Tower with Radar,0,23,28,0,51,0,0,20,1,21,0,23,48,1,72,260,0,260,332
10/11/2012,MLU,LA,ASW,CE,Combined TRACON& Tower with Radar,0,26,24,0,50,0,2,32,4,38,0,28,56,4,88,252,0,252,340
10/12/2012,MLU,LA,ASW,CE,Combined TRACON& Tower with Radar,0,23,21,0,44,0,0,29,0,29,0,23,50,0,73,222,0,222,295
10/13/2012,MLU,LA,ASW,CE,Combined TRACON& Tower with Radar,0,15,19,0,34,0,1,21,0,22,0,16,40,0,56,0,0,0,56
10/14/2012,MLU,LA,ASW,CE,Combined TRACON& Tower with Radar,0,23,18,0,41,0,0,4,5,9,0,23,22,5,50,204,0,204,254
10/15/2012,MLU,LA,ASW,CE,Combined TRACON& Tower with Radar,0,24,25,0,49,0,0,17,2,19,0,24,42,2,68,210,0,210,278
10/16/2012,MLU,LA,ASW,CE,Combined TRACON& Tower with Radar,0,22,24,2,48,0,0,27,0,27,0,22,51,2,75,176,0,176,251
10/17/2012,MLU,LA,ASW,CE,Combined TRACON& Tower with Radar,0,25,37,0,62,0,0,11,0,11,0,25,48,0,73,174,0,174,247
10/18/2012,MLU,LA,ASW,CE,Combined TRACON& Tower with Radar,0,27,22,0,49,0,0,17,6,23,0,27,39,6,72,168,0,168,240
10/19/2012,MLU,LA,ASW,CE,Combined TRACON& Tower with Radar,0,23,28,1,52,0,0,12,3,15,0,23,40,4,67,144,0,144,211
10/20/2012,MLU,LA,ASW,CE,Combined TRACON& Tower with Radar,0,15,12,0,27,0,0,23,0,23,0,15,35,0,50,130,0,130,180
10/21/2012,MLU,LA,ASW,CE,Combined TRACON& Tower with Radar,0,21,13,0,34,0,0,24,0,24,0,21,37,0,58,102,0,102,160
10/22/2012,MLU,LA,ASW,CE,Combined TRACON& Tower with Radar,0,25,23,0,48,0,0,18,0,18,0,25,41,0,66,82,0,82,148
10/23/2012,MLU,LA,ASW,CE,Combined TRACON& Tower with Radar,0,26,14,0,40,0,0,12,2,14,0,26,26,2,54,56,0,56,110
10/24/2012,MLU,LA,ASW,CE,Combined TRACON& Tower with Radar,0,23,32,4,59,0,1,14,7,22,0,24,46,11,81,40,0,40,121
10/25/2012,MLU,LA,ASW,CE,Combined TRACON& Tower with Radar,0,24,34,1,59,0,0,21,0,21,0,24,55,1,80,38,0,38,118
10/26/2012,MLU,LA,ASW,CE,Combined TRACON& Tower with Radar,0,22,39,0,61,0,0,1,0,1,0,22,40,0,62,0,0,0,62
10/27/2012,MLU,LA,ASW,CE,Combined TRACON& Tower with Radar,0,16,5,1,22,0,0,29,2,31,0,16,34,3,53,24,0,24,77
10/28/2012,MLU,LA,ASW,CE,Combined TRACON& Tower with Radar,0,20,15,0,35,0,0,14,0,14,0,20,29,0,49,12,0,12,61
10/29/2012,MLU,LA,ASW,CE,Combined TRACON& Tower with Radar,0,24,30,0,54,0,0,22,0,22,0,24,52,0,76,4,0,4,80
10/30/2012,MLU,LA,ASW,CE,Combined TRACON& Tower with Radar,0,23,19,0,42,0,1,21,0,22,0,24,40,0,64,10,0,10,74
10/31/2012,MLU,LA,ASW,CE,Combined TRACON& Tower with Radar,0,19,39,0,58,0,0,13,2,15,0,19,52,2,73,8,0,8,81
11/01/2012,MLU,LA,ASW,CE,Combined TRACON& Tower with Radar,0,23,27,0,50,0,2,26,0,28,0,25,53,0,78,24,0,24,102
11/02/2012,MLU,LA,ASW,CE,Combined TRACON& Tower with Radar,0,26,33,1,60,0,0,19,1,20,0,26,52,2,80,2,0,2,82
11/03/2012,MLU,LA,ASW,CE,Combined TRACON& Tower with Radar,0,17,13,0,30,0,0,11,2,13,0,17,24,2,43,8,0,8,51
11/04/2012,MLU,LA,ASW,CE,Combined TRACON& Tower with Radar,0,20,29,0,49,0,0,17,0,17,0,20,46,0,66,0,0,0,66
11/05/2012,MLU,LA,ASW,CE,Combined TRACON& Tower with Radar,0,18,33,0,51,0,0,4,0,4,0,18,37,0,55,0,0,0,55
11/06/2012,MLU,LA,ASW,CE,Combined TRACON& Tower with Radar,0,21,41,1,63,0,0,10,3,13,0,21,51,4,76,0,0,0,76
11/07/2012,MLU,LA,ASW,CE,Combined TRACON& Tower with Radar,0,19,25,0,44,0,0,9,2,11,0,19,34,2,55,0,0,0,55
11/08/2012,MLU,LA,ASW,CE,Combined TRACON& Tower with Radar,0,19,29,0,48,0,0,17,1,18,0,19,46,1,66,28,0,28,94
11/09/2012,MLU,LA,ASW,CE,Combined TRACON& Tower with Radar,2,21,30,2,55,0,0,27,0,27,2,21,57,2,82,22,0,22,104
11/10/2012,MLU,LA,ASW,CE,Combined TRACON& Tower with Radar,0,13,18,0,31,0,0,29,0,29,0,13,47,0,60,2,0,2,62
11/11/2012,MLU,LA,ASW,CE,Combined TRACON& Tower with Radar,0,21,21,0,42,0,0,10,2,12,0,21,31,2,54,0,0,0,54
11/12/2012,MLU,LA,ASW,CE,Combined TRACON& Tower with Radar,0,21,15,0,36,0,0,14,0,14,0,21,29,0,50,20,0,20,70
11/13/2012,MLU,LA,ASW,CE,Combined TRACON& Tower with Radar,0,19,31,6,56,0,0,16,0,16,0,19,47,6,72,22,0,22,94
11/14/2012,MLU,LA,ASW,CE,Combined TRACON& Tower with Radar,0,20,37,5,62,0,0,15,1,16,0,20,52,6,78,56,0,56,134
11/15/2012,MLU,LA,ASW,CE,Combined TRACON& Tower with Radar,0,22,32,19,73,0,0,35,2,37,0,22,67,21,110,42,22,64,174
11/16/2012,MLU,LA,ASW,CE,Combined TRACON& Tower with Radar,0,25,27,10,62,0,0,35,1,36,0,25,62,11,98,54,0,54,152
11/17/2012,MLU,LA,ASW,CE,Combined TRACON& Tower with Radar,1,13,15,0,29,0,0,22,0,22,1,13,37,0,51,42,0,42,93
11/18/2012,MLU,LA,ASW,CE,Combined TRACON& Tower with Radar,0,17,16,0,33,0,0,16,0,16,0,17,32,0,49,40,0,40,89
11/19/2012,MLU,LA,ASW,CE,Combined TRACON& Tower with Radar,0,21,12,12,45,0,0,18,0,18,0,21,30,12,63,54,0,54,117
11/20/2012,MLU,LA,ASW,CE,Combined TRACON& Tower with Radar,0,20,24,6,50,0,0,26,0,26,0,20,50,6,76,54,0,54,130
11/21/2012,MLU,LA,ASW,CE,Combined TRACON& Tower with Radar,0,24,18,18,60,0,0,24,4,28,0,24,42,22,88,4,12,16,104
11/22/2012,MLU,LA,ASW,CE,Combined TRACON& Tower with Radar,0,12,7,0,19,0,0,14,0,14,0,12,21,0,33,0,0,0,33
11/23/2012,MLU,LA,ASW,CE,Combined TRACON& Tower with Radar,4,14,12,0,30,0,0,6,0,6,4,14,18,0,36,26,0,26,62
11/24/2012,MLU,LA,ASW,CE,Combined TRACON& Tower with Radar,0,18,10,0,28,0,0,25,0,25,0,18,35,0,53,28,0,28,81
11/25/2012,MLU,LA,ASW,CE,Combined TRACON& Tower with Radar,2,20,29,0,51,0,0,20,0,20,2,20,49,0,71,28,0,28,99
11/26/2012,MLU,LA,ASW,CE,Combined TRACON& Tower with Radar,0,22,16,0,38,0,0,4,0,4,0,22,20,0,42,0,0,0,42
11/27/2012,MLU,LA,ASW,CE,Combined TRACON& Tower with Radar,0,22,23,15,60,0,0,14,3,17,0,22,37,18,77,34,14,48,125
11/28/2012,MLU,LA,ASW,CE,Combined TRACON& Tower with Radar,0,24,46,34,104,0,0,25,3,28,0,24,71,37,132,12,0,12,144
11/29/2012,MLU,LA,ASW,CE,Combined TRACON& Tower with Radar,0,23,28,2,53,0,1,21,6,28,0,24,49,8,81,24,0,24,105
11/30/2012,MLU,LA,ASW,CE,Combined TRACON& Tower with Radar,0,21,31,6,58,0,0,40,0,40,0,21,71,6,98,16,8,24,122
12/01/2012,MLU,LA,ASW,CE,Combined TRACON& Tower with Radar,0,15,14,0,29,0,0,8,0,8,0,15,22,0,37,40,0,40,77
12/02/2012,MLU,LA,ASW,CE,Combined TRACON& Tower with Radar,0,19,14,0,33,0,0,8,0,8,0,19,22,0,41,6,0,6,47
12/03/2012,MLU,LA,ASW,CE,Combined TRACON& Tower with Radar,0,21,27,25,73,0,0,13,0,13,0,21,40,25,86,2,0,2,88
12/04/2012,MLU,LA,ASW,CE,Combined TRACON& Tower with Radar,0,20,32,0,52,0,0,0,0,0,0,20,32,0,52,0,0,0,52
12/05/2012,MLU,LA,ASW,CE,Combined TRACON& Tower with Radar,0,21,41,4,66,0,0,0,0,0,0,21,41,4,66,0,0,0,66
12/06/2012,MLU,LA,ASW,CE,Combined TRACON& Tower with Radar,0,24,28,15,67,0,0,9,1,10,0,24,37,16,77,0,0,0,77
12/07/2012,MLU,LA,ASW,CE,Combined TRACON& Tower with Radar,0,21,32,3,56,0,0,20,1,21,0,21,52,4,77,22,0,22,99
12/08/2012,MLU,LA,ASW,CE,Combined TRACON& Tower with Radar,0,15,22,0,37,0,0,5,0,5,0,15,27,0,42,20,0,20,62
12/09/2012,MLU,LA,ASW,CE,Combined TRACON& Tower with Radar,0,18,17,0,35,0,0,5,0,5,0,18,22,0,40,0,0,0,40
12/10/2012,MLU,LA,ASW,CE,Combined TRACON& Tower with Radar,0,20,23,27,70,0,0,5,1,6,0,20,28,28,76,0,20,20,96
12/11/2012,MLU,LA,ASW,CE,Combined TRACON& Tower with Radar,0,21,30,23,74,0,0,46,8,54,0,21,76,31,128,12,4,16,144
12/12/2012,MLU,LA,ASW,CE,Combined TRACON& Tower with Radar,0,18,31,33,82,0,0,15,0,15,0,18,46,33,97,6,18,24,121
12/13/2012,MLU,LA,ASW,CE,Combined TRACON& Tower with Radar,0,20,25,18,63,0,2,32,3,37,0,22,57,21,100,34,14,48,148
12/14/2012,MLU,LA,ASW,CE,Combined TRACON& Tower with Radar,0,24,36,24,84,0,0,24,0,24,0,24,60,24,108,32,10,42,150
12/15/2012,MLU,LA,ASW,CE,Combined TRACON& Tower with Radar,0,13,12,0,25,0,0,2,0,2,0,13,14,0,27,14,0,14,41
12/16/2012,MLU,LA,ASW,CE,Combined TRACON& Tower with Radar,0,21,9,2,32,0,0,0,0,0,0,21,9,2,32,0,0,0,32
12/17/2012,MLU,LA,ASW,CE,Combined TRACON& Tower with Radar,0,21,20,21,62,0,0,19,0,19,0,21,39,21,81,4,0,4,85
12/18/2012,MLU,LA,ASW,CE,Combined TRACON& Tower with Radar,0,22,30,29,81,0,0,20,4,24,0,22,50,33,105,32,16,48,153
12/19/2012,MLU,LA,ASW,CE,Combined TRACON& Tower with Radar,0,24,40,3,67,0,0,20,1,21,0,24,60,4,88,8,0,8,96
12/20/2012,MLU,LA,ASW,CE,Combined TRACON& Tower with Radar,0,24,18,5,47,0,0,7,4,11,0,24,25,9,58,0,0,0,58
12/21/2012,MLU,LA,ASW,CE,Combined TRACON& Tower with Radar,0,22,12,25,59,0,0,8,1,9,0,22,20,26,68,0,4,4,72
12/22/2012,MLU,LA,ASW,CE,Combined TRACON& Tower with Radar,0,17,7,0,24,0,0,7,0,7,0,17,14,0,31,0,0,0,31
12/23/2012,MLU,LA,ASW,CE,Combined TRACON& Tower with Radar,0,18,10,0,28,0,0,4,0,4,0,18,14,0,32,0,0,0,32
12/24/2012,MLU,LA,ASW,CE,Combined TRACON& Tower with Radar,0,16,1,0,17,0,0,6,0,6,0,16,7,0,23,0,0,0,23
12/25/2012,MLU,LA,ASW,CE,Combined TRACON& Tower with Radar,0,9,0,0,9,0,0,0,0,0,0,9,0,0,9,0,0,0,9
12/26/2012,MLU,LA,ASW,CE,Combined TRACON& Tower with Radar,0,19,10,0,29,0,0,4,0,4,0,19,14,0,33,0,0,0,33
12/27/2012,MLU,LA,ASW,CE,Combined TRACON& Tower with Radar,0,23,19,0,42,0,0,11,0,11,0,23,30,0,53,24,0,24,77
12/28/2012,MLU,LA,ASW,CE,Combined TRACON& Tower with Radar,0,20,6,0,26,0,0,0,0,0,0,20,6,0,26,0,0,0,26
12/29/2012,MLU,LA,ASW,CE,Combined TRACON& Tower with Radar,0,14,6,0,20,0,0,6,0,6,0,14,12,0,26,0,0,0,26
12/30/2012,MLU,LA,ASW,CE,Combined TRACON& Tower with Radar,0,18,15,0,33,0,0,17,0,17,0,18,32,0,50,0,0,0,50
12/31/2012,MLU,LA,ASW,CE,Combined TRACON& Tower with Radar,0,15,8,0,23,0,0,3,1,4,0,15,11,1,27,0,2,2,29
01/01/2013,MLU,LA,ASW,CE,Combined TRACON& Tower with Radar,0,16,5,0,21,0,0,0,0,0,0,16,5,0,21,0,0,0,21
01/02/2013,MLU,LA,ASW,CE,Combined TRACON& Tower with Radar,0,22,12,0,34,0,0,1,0,1,0,22,13,0,35,0,0,0,35
01/03/2013,MLU,LA,ASW,CE,Combined TRACON& Tower with Radar,0,24,22,35,81,0,0,13,2,15,0,24,35,37,96,6,12,18,114
01/04/2013,MLU,LA,ASW,CE,Combined TRACON& Tower with Radar,0,26,15,15,56,0,0,21,0,21,0,26,36,15,77,6,20,26,103
01/05/2013,MLU,LA,ASW,CE,Combined TRACON& Tower with Radar,0,14,9,0,23,0,0,0,0,0,0,14,9,0,23,0,0,0,23
01/06/2013,MLU,LA,ASW,CE,Combined TRACON& Tower with Radar,0,3,0,0,3,0,0,0,0,0,0,3,0,0,3,8,0,8,11
01/07/2013,MLU,LA,ASW,CE,Combined TRACON& Tower with Radar,0,18,20,9,47,0,2,20,3,25,0,20,40,12,72,6,2,8,80
01/08/2013,MLU,LA,ASW,CE,Combined TRACON& Tower with Radar,0,20,23,0,43,0,0,25,2,27,0,20,48,2,70,0,0,0,70
01/09/2013,MLU,LA,ASW,CE,Combined TRACON& Tower with Radar,0,20,17,0,37,0,0,0,0,0,0,20,17,0,37,2,0,2,39
01/10/2013,MLU,LA,ASW,CE,Combined TRACON& Tower with Radar,0,22,7,0,29,0,0,1,1,2,0,22,8,1,31,0,0,0,31
01/11/2013,MLU,LA,ASW,CE,Combined TRACON& Tower with Radar,0,26,36,16,78,0,0,36,7,43,0,26,72,23,121,10,8,18,139
01/12/2013,MLU,LA,ASW,CE,Combined TRACON& Tower with Radar,0,14,5,0,19,0,0,1,1,2,0,14,6,1,21,0,0,0,21
01/13/2013,MLU,LA,ASW,CE,Combined TRACON& Tower with Radar,0,19,10,0,29,0,0,0,0,0,0,19,10,0,29,0,0,0,29
01/14/2013,MLU,LA,ASW,CE,Combined TRACON& Tower with Radar,0,21,13,0,34,0,0,0,0,0,0,21,13,0,34,0,0,0,34
01/15/2013,MLU,LA,ASW,CE,Combined TRACON& Tower with Radar,0,6,8,0,14,0,0,0,0,0,0,6,8,0,14,0,0,0,14
01/16/2013,MLU,LA,ASW,CE,Combined TRACON& Tower with Radar,0,17,20,10,47,0,0,3,0,3,0,17,23,10,50,0,0,0,50
01/17/2013,MLU,LA,ASW,CE,Combined TRACON& Tower with Radar,0,17,35,33,85,0,0,21,2,23,0,17,56,35,108,0,12,12,120
01/18/2013,MLU,LA,ASW,CE,Combined TRACON& Tower with Radar,0,20,33,24,77,0,0,30,2,32,0,20,63,26,109,10,10,20,129
01/19/2013,MLU,LA,ASW,CE,Combined TRACON& Tower with Radar,0,11,9,2,22,0,0,21,0,21,0,11,30,2,43,18,0,18,61
01/20/2013,MLU,LA,ASW,CE,Combined TRACON& Tower with Radar,0,15,22,0,37,0,0,28,0,28,0,15,50,0,65,30,0,30,95
01/21/2013,MLU,LA,ASW,CE,Combined TRACON& Tower with Radar,0,20,20,0,40,0,0,23,0,23,0,20,43,0,63,22,0,22,85
01/22/2013,MLU,LA,ASW,CE,Combined TRACON& Tower with Radar,0,20,53,16,89,0,0,33,3,36,0,20,86,19,125,2,20,22,147
01/23/2013,MLU,LA,ASW,CE,Combined TRACON& Tower with Radar,0,20,42,5,67,0,0,40,0,40,0,20,82,5,107,22,20,42,149
01/24/2013,MLU,LA,ASW,CE,Combined TRACON& Tower with Radar,0,24,36,6,66,0,0,3,0,3,0,24,39,6,69,0,0,0,69
01/25/2013,MLU,LA,ASW,CE,Combined TRACON& Tower with Radar,0,22,32,5,59,0,0,11,0,11,0,22,43,5,70,0,0,0,70
01/26/2013,MLU,LA,ASW,CE,Combined TRACON& Tower with Radar,0,12,18,0,30,0,0,0,0,0,0,12,18,0,30,0,0,0,30
01/27/2013,MLU,LA,ASW,CE,Combined TRACON& Tower with Radar,0,22,9,4,35,0,0,20,0,20,0,22,29,4,55,6,0,6,61
01/28/2013,MLU,LA,ASW,CE,Combined TRACON& Tower with Radar,0,20,26,34,80,0,0,12,0,12,0,20,38,34,92,4,18,22,114
01/29/2013,MLU,LA,ASW,CE,Combined TRACON& Tower with Radar,0,16,30,21,67,0,0,6,0,6,0,16,36,21,73,0,36,36,109
01/30/2013,MLU,LA,ASW,CE,Combined TRACON& Tower with Radar,0,20,24,10,54,0,0,9,2,11,0,20,33,12,65,0,0,0,65
01/31/2013,MLU,LA,ASW,CE,Combined TRACON& Tower with Radar,0,21,22,19,62,0,0,33,6,39,0,21,55,25,101,38,6,44,145
02/01/2013,MLU,LA,ASW,CE,Combined TRACON& Tower with Radar,0,25,27,6,58,0,1,25,0,26,0,26,52,6,84,22,0,22,106
02/02/2013,MLU,LA,ASW,CE,Combined TRACON& Tower with Radar,0,13,18,4,35,0,0,36,0,36,0,13,54,4,71,20,0,20,91
02/03/2013,MLU,LA,ASW,CE,Combined TRACON& Tower with Radar,0,18,6,0,24,0,0,19,0,19,0,18,25,0,43,12,0,12,55
02/04/2013,MLU,LA,ASW,CE,Combined TRACON& Tower with Radar,0,25,25,2,52,0,0,10,0,10,0,25,35,2,62,16,22,38,100
02/05/2013,MLU,LA,ASW,CE,Combined TRACON& Tower with Radar,0,25,26,29,80,0,0,6,5,11,0,25,32,34,91,24,0,24,115
02/06/2013,MLU,LA,ASW,CE,Combined TRACON& Tower with Radar,0,20,24,5,49,0,0,6,0,6,0,20,30,5,55,0,0,0,55
02/07/2013,MLU,LA,ASW,CE,Combined TRACON& Tower with Radar,0,22,27,35,84,0,1,15,0,16,0,23,42,35,100,4,6,10,110
02/08/2013,MLU,LA,ASW,CE,Combined TRACON& Tower with Radar,0,23,34,27,84,0,0,13,0,13,0,23,47,27,97,24,0,24,121
02/09/2013,MLU,LA,ASW,CE,Combined TRACON& Tower with Radar,0,12,18,0,30,0,0,19,0,19,0,12,37,0,49,8,0,8,57
02/10/2013,MLU,LA,ASW,CE,Combined TRACON& Tower with Radar,0,20,4,0,24,0,0,1,0,1,0,20,5,0,25,0,0,0,25
02/11/2013,MLU,LA,ASW,CE,Combined TRACON& Tower with Radar,1,21,20,12,54,0,0,4,2,6,1,21,24,14,60,0,0,0,60
02/12/2013,MLU,LA,ASW,CE,Combined TRACON& Tower with Radar,2,19,5,0,26,0,0,0,0,0,2,19,5,0,26,0,0,0,26
02/13/2013,MLU,LA,ASW,CE,Combined TRACON& Tower with Radar,0,26,41,14,81,0,0,17,3,20,0,26,58,17,101,46,12,58,159
02/14/2013,MLU,LA,ASW,CE,Combined TRACON& Tower with Radar,0,22,25,22,69,0,0,35,0,35,0,22,60,22,104,18,0,18,122
02/15/2013,MLU,LA,ASW,CE,Combined TRACON& Tower with Radar,0,23,33,29,85,0,0,13,9,22,0,23,46,38,107,14,32,46,153
02/16/2013,MLU,LA,ASW,CE,Combined TRACON& Tower with Radar,0,15,10,0,25,0,1,25,3,29,0,16,35,3,54,24,0,24,78
02/17/2013,MLU,LA,ASW,CE,Combined TRACON& Tower with Radar,0,18,9,6,33,0,0,18,0,18,0,18,27,6,51,48,0,48,99
02/18/2013,MLU,LA,ASW,CE,Combined TRACON& Tower with Radar,0,28,10,0,38,0,0,6,0,6,0,28,16,0,44,0,0,0,44
02/19/2013,MLU,LA,ASW,CE,Combined TRACON& Tower with Radar,0,25,24,28,77,0,0,19,2,21,0,25,43,30,98,72,30,102,200
02/20/2013,MLU,LA,ASW,CE,Combined TRACON& Tower with Radar,0,20,39,18,77,0,0,10,0,10,0,20,49,18,87,6,14,20,107
02/21/2013,MLU,LA,ASW,CE,Combined TRACON& Tower with Radar,0,23,5,0,28,0,0,0,0,0,0,23,5,0,28,0,0,0,28
02/22/2013,MLU,LA,ASW,CE,Combined TRACON& Tower with Radar,0,25,27,25,77,0,0,19,1,20,0,25,46,26,97,0,10,10,107
02/23/2013,MLU,LA,ASW,CE,Combined TRACON& Tower with Radar,0,12,18,2,32,0,0,28,2,30,0,12,46,4,62,60,0,60,122
02/24/2013,MLU,LA,ASW,CE,Combined TRACON& Tower with Radar,0,24,13,0,37,0,0,16,0,16,0,24,29,0,53,0,0,0,53
02/25/2013,MLU,LA,ASW,CE,Combined TRACON& Tower with Radar,0,21,23,0,44,0,0,4,0,4,0,21,27,0,48,0,0,0,48
02/26/2013,MLU,LA,ASW,CE,Combined TRACON& Tower with Radar,0,27,19,20,66,0,0,18,5,23,0,27,37,25,89,4,6,10,99
02/27/2013,MLU,LA,ASW,CE,Combined TRACON& Tower with Radar,0,21,33,6,60,0,0,29,1,30,0,21,62,7,90,4,8,12,102
02/28/2013,MLU,LA,ASW,CE,Combined TRACON& Tower with Radar,0,22,19,16,57,0,2,21,2,25,0,24,40,18,82,0,0,0,82
03/01/2013,MLU,LA,ASW,CE,Combined TRACON& Tower with Radar,0,22,28,12,62,0,0,28,2,30,0,22,56,14,92,10,0,10,102
03/02/2013,MLU,LA,ASW,CE,Combined TRACON& Tower with Radar,0,15,14,0,29,0,0,15,0,15,0,15,29,0,44,28,0,28,72
03/03/2013,MLU,LA,ASW,CE,Combined TRACON& Tower with Radar,0,24,18,0,42,0,0,25,2,27,0,24,43,2,69,4,0,4,73
03/04/2013,MLU,LA,ASW,CE,Combined TRACON& Tower with Radar,0,26,23,13,62,0,0,16,0,16,0,26,39,13,78,0,4,4,82
03/05/2013,MLU,LA,ASW,CE,Combined TRACON& Tower with Radar,0,22,17,33,72,0,0,10,8,18,0,22,27,41,90,0,28,28,118
03/06/2013,MLU,LA,ASW,CE,Combined TRACON& Tower with Radar,0,25,23,50,98,0,2,22,1,25,0,27,45,51,123,4,4,8,131
03/07/2013,MLU,LA,ASW,CE,Combined TRACON& Tower with Radar,0,22,30,14,66,0,0,32,0,32,0,22,62,14,98,34,2,36,134
03/08/2013,MLU,LA,ASW,CE,Combined TRACON& Tower with Radar,0,23,34,8,65,0,0,33,3,36,0,23,67,11,101,8,0,8,109
03/09/2013,MLU,LA,ASW,CE,Combined TRACON& Tower with Radar,0,16,21,11,48,0,1,17,0,18,0,17,38,11,66,12,8,20,86
03/10/2013,MLU,LA,ASW,CE,Combined TRACON& Tower with Radar,0,25,7,0,32,0,0,1,0,1,0,25,8,0,33,0,0,0,33
03/11/2013,MLU,LA,ASW,CE,Combined TRACON& Tower with Radar,0,23,27,49,99,0,0,17,3,20,0,23,44,52,119,0,30,30,149
03/12/2013,MLU,LA,ASW,CE,Combined TRACON& Tower with Radar,0,24,18,15,57,0,0,13,1,14,0,24,31,16,71,6,2,8,79
03/13/2013,MLU,LA,ASW,CE,Combined TRACON& Tower with Radar,0,25,32,33,90,0,0,22,0,22,0,25,54,33,112,14,6,20,132
03/14/2013,MLU,LA,ASW,CE,Combined TRACON& Tower with Radar,0,18,20,4,42,0,0,39,0,39,0,18,59,4,81,86,2,88,169
03/15/2013,MLU,LA,ASW,CE,Combined TRACON& Tower with Radar,0,26,26,29,81,0,0,22,1,23,0,26,48,30,104,2,0,2,106
03/16/2013,MLU,LA,ASW,CE,Combined TRACON& Tower with Radar,0,14,22,0,36,0,0,17,0,17,0,14,39,0,53,2,0,2,55
03/17/2013,MLU,LA,ASW,CE,Combined TRACON& Tower with Radar,0,21,16,0,37,0,0,11,0,11,0,21,27,0,48,0,0,0,48
03/18/2013,MLU,LA,ASW,CE,Combined TRACON& Tower with Radar,0,27,20,2,49,0,0,7,0,7,0,27,27,2,56,0,4,4,60
03/19/2013,MLU,LA,ASW,CE,Combined TRACON& Tower with Radar,0,18,31,8,57,0,1,25,0,26,0,19,56,8,83,8,0,8,91
03/20/2013,MLU,LA,ASW,CE,Combined TRACON& Tower with Radar,0,22,41,18,81,0,0,25,1,26,0,22,66,19,107,40,4,44,151
03/21/2013,MLU,LA,ASW,CE,Combined TRACON& Tower with Radar,0,22,16,14,52,0,0,27,0,27,0,22,43,14,79,24,0,24,103
03/22/2013,MLU,LA,ASW,CE,Combined TRACON& Tower with Radar,0,23,24,0,47,0,0,0,0,0,0,23,24,0,47,0,0,0,47
03/23/2013,MLU,LA,ASW,CE,Combined TRACON& Tower with Radar,0,14,7,0,21,0,0,0,0,0,0,14,7,0,21,0,0,0,21
03/24/2013,MLU,LA,ASW,CE,Combined TRACON& Tower with Radar,0,21,7,4,32,0,0,5,0,5,0,21,12,4,37,0,0,0,37
03/25/2013,MLU,LA,ASW,CE,Combined TRACON& Tower with Radar,0,23,15,16,54,0,0,13,0,13,0,23,28,16,67,0,0,0,67
03/26/2013,MLU,LA,ASW,CE,Combined TRACON& Tower with Radar,0,21,28,21,70,0,0,29,0,29,0,21,57,21,99,42,0,42,141
03/27/2013,MLU,LA,ASW,CE,Combined TRACON& Tower with Radar,0,20,35,22,77,0,0,32,0,32,0,20,67,22,109,10,26,36,145
03/28/2013,MLU,LA,ASW,CE,Combined TRACON& Tower with Radar,0,23,24,28,75,0,0,17,0,17,0,23,41,28,92,32,22,54,146
03/29/2013,MLU,LA,ASW,CE,Combined TRACON& Tower with Radar,0,22,15,12,49,0,0,11,2,13,0,22,26,14,62,0,0,0,62
03/30/2013,MLU,LA,ASW,CE,Combined TRACON& Tower with Radar,0,15,13,0,28,0,2,2,0,4,0,17,15,0,32,0,0,0,32
03/31/2013,MLU,LA,ASW,CE,Combined TRACON& Tower with Radar,0,18,6,0,24,0,1,4,0,5,0,19,10,0,29,0,0,0,29
04/01/2013,MLU,LA,ASW,CE,Combined TRACON& Tower with Radar,0,24,25,8,57,0,0,21,0,21,0,24,46,8,78,0,10,10,88
04/02/2013,MLU,LA,ASW,CE,Combined TRACON& Tower with Radar,0,25,15,8,48,0,0,16,3,19,0,25,31,11,67,26,18,44,111
04/03/2013,MLU,LA,ASW,CE,Combined TRACON& Tower with Radar,0,20,15,0,35,0,0,0,0,0,0,20,15,0,35,0,0,0,35
04/04/2013,MLU,LA,ASW,CE,Combined TRACON& Tower with Radar,0,22,31,2,55,0,0,0,0,0,0,22,31,2,55,0,0,0,55
04/05/2013,MLU,LA,ASW,CE,Combined TRACON& Tower with Radar,0,31,30,46,107,0,1,22,1,24,0,32,52,47,131,44,76,120,251
04/06/2013,MLU,LA,ASW,CE,Combined TRACON& Tower with Radar,0,14,14,1,29,0,1,22,0,23,0,15,36,1,52,16,0,16,68
04/07/2013,MLU,LA,ASW,CE,Combined TRACON& Tower with Radar,0,19,15,3,37,0,13,30,0,43,0,32,45,3,80,12,0,12,92
04/08/2013,MLU,LA,ASW,CE,Combined TRACON& Tower with Radar,0,12,7,1,20,0,0,2,0,2,0,12,9,1,22,4,0,4,26
04/09/2013,MLU,LA,ASW,CE,Combined TRACON& Tower with Radar,0,11,7,1,19,0,0,0,0,0,0,11,7,1,19,0,8,8,27
04/10/2013,MLU,LA,ASW,CE,Combined TRACON& Tower with Radar,0,8,7,0,15,0,0,0,0,0,0,8,7,0,15,0,0,0,15
04/11/2013,MLU,LA,ASW,CE,Combined TRACON& Tower with Radar,0,11,9,0,20,0,0,0,0,0,0,11,9,0,20,4,0,4,24
04/12/2013,MLU,LA,ASW,CE,Combined TRACON& Tower with Radar,0,10,12,6,28,0,0,0,0,0,0,10,12,6,28,24,6,30,58
04/13/2013,MLU,LA,ASW,CE,Combined TRACON& Tower with Radar,0,7,9,0,16,0,0,0,0,0,0,7,9,0,16,54,0,54,70
04/14/2013,MLU,LA,ASW,CE,Combined TRACON& Tower with Radar,0,9,4,1,14,0,0,0,0,0,0,9,4,1,14,4,0,4,18
04/15/2013,MLU,LA,ASW,CE,Combined TRACON& Tower with Radar,0,22,21,8,51,0,0,16,0,16,0,22,37,8,67,80,0,80,147
04/16/2013,MLU,LA,ASW,CE,Combined TRACON& Tower with Radar,0,18,19,28,65,0,0,9,4,13,0,18,28,32,78,6,0,6,84
04/17/2013,MLU,LA,ASW,CE,Combined TRACON& Tower with Radar,0,20,21,5,46,0,0,12,0,12,0,20,33,5,58,24,0,24,82
04/18/2013,MLU,LA,ASW,CE,Combined TRACON& Tower with Radar,0,18,16,8,42,0,0,1,0,1,0,18,17,8,43,0,0,0,43
04/19/2013,MLU,LA,ASW,CE,Combined TRACON& Tower with Radar,0,23,18,56,97,0,0,14,4,18,0,23,32,60,115,4,0,4,119
04/20/2013,MLU,LA,ASW,CE,Combined TRACON& Tower with Radar,0,12,14,2,28,0,0,29,0,29,0,12,43,2,57,36,0,36,93
04/21/2013,MLU,LA,ASW,CE,Combined TRACON& Tower with Radar,0,18,8,10,36,0,0,21,1,22,0,18,29,11,58,0,0,0,58
04/22/2013,MLU,LA,ASW,CE,Combined TRACON& Tower with Radar,0,19,20,8,47,0,0,32,3,35,0,19,52,11,82,40,0,40,122
04/23/2013,MLU,LA,ASW,CE,Combined TRACON& Tower with Radar,0,19,32,4,55,0,0,3,4,7,0,19,35,8,62,4,0,4,66
04/24/2013,MLU,LA,ASW,CE,Combined TRACON& Tower with Radar,0,24,30,22,76,0,0,5,4,9,0,24,35,26,85,0,0,0,85
04/25/2013,MLU,LA,ASW,CE,Combined TRACON& Tower with Radar,0,21,28,34,83,0,0,22,0,22,0,21,50,34,105,6,32,38,143
04/26/2013,MLU,LA,ASW,CE,Combined TRACON& Tower with Radar,0,24,21,53,98,0,0,18,3,21,0,24,39,56,119,12,36,48,167
04/27/2013,MLU,LA,ASW,CE,Combined TRACON& Tower with Radar,0,11,13,0,24,0,0,5,0,5,0,11,18,0,29,32,0,32,61
04/28/2013,MLU,LA,ASW,CE,Combined TRACON& Tower with Radar,0,16,22,2,40,0,0,16,0,16,0,16,38,2,56,8,0,8,64
04/29/2013,MLU,LA,ASW,CE,Combined TRACON& Tower with Radar,0,23,20,29,72,0,0,21,4,25,0,23,41,33,97,4,20,24,121
04/30/2013,MLU,LA,ASW,CE,Combined TRACON& Tower with Radar,0,23,28,14,65,0,2,19,2,23,0,25,47,16,88,56,10,66,154
05/01/2013,MLU,LA,ASW,CE,Combined TRACON& Tower with Radar,0,21,18,2,41,0,0,1,0,1,0,21,19,2,42,0,0,0,42
05/02/2013,MLU,LA,ASW,CE,Combined TRACON& Tower with Radar,0,21,25,4,50,0,0,3,0,3,0,21,28,4,53,0,0,0,53
05/03/2013,MLU,LA,ASW,CE,Combined TRACON& Tower with Radar,0,24,26,14,64,0,0,5,0,5,0,24,31,14,69,20,0,20,89
05/04/2013,MLU,LA,ASW,CE,Combined TRACON& Tower with Radar,0,12,9,2,23,0,0,41,0,41,0,12,50,2,64,20,0,20,84
05/05/2013,MLU,LA,ASW,CE,Combined TRACON& Tower with Radar,0,16,23,0,39,0,0,13,0,13,0,16,36,0,52,20,0,20,72
05/06/2013,MLU,LA,ASW,CE,Combined TRACON& Tower with Radar,0,25,30,44,99,0,0,19,4,23,0,25,49,48,122,4,4,8,130
05/07/2013,MLU,LA,ASW,CE,Combined TRACON& Tower with Radar,0,19,21,10,50,0,0,21,2,23,0,19,42,12,73,44,6,50,123
05/08/2013,MLU,LA,ASW,CE,Combined TRACON& Tower with Radar,0,25,34,8,67,0,0,22,0,22,0,25,56,8,89,18,0,18,107
05/09/2013,MLU,LA,ASW,CE,Combined TRACON& Tower with Radar,0,20,29,32,81,0,0,13,0,13,0,20,42,32,94,4,8,12,106
05/10/2013,MLU,LA,ASW,CE,Combined TRACON& Tower with Radar,0,23,28,9,60,0,1,8,0,9,0,24,36,9,69,12,0,12,81
05/11/2013,MLU,LA,ASW,CE,Combined TRACON& Tower with Radar,0,14,27,0,41,0,0,2,0,2,0,14,29,0,43,0,0,0,43
05/12/2013,MLU,LA,ASW,CE,Combined TRACON& Tower with Radar,0,16,8,2,26,0,0,20,0,20,0,16,28,2,46,6,0,6,52
05/13/2013,MLU,LA,ASW,CE,Combined TRACON& Tower with Radar,0,23,26,19,68,0,0,25,0,25,0,23,51,19,93,26,0,26,119
05/14/2013,MLU,LA,ASW,CE,Combined TRACON& Tower with Radar,0,22,33,40,95,0,0,33,4,37,0,22,66,44,132,6,30,36,168
05/15/2013,MLU,LA,ASW,CE,Combined TRACON& Tower with Radar,0,21,32,3,56,0,0,11,2,13,0,21,43,5,69,0,0,0,69
05/16/2013,MLU,LA,ASW,CE,Combined TRACON& Tower with Radar,0,23,33,14,70,0,0,4,0,4,0,23,37,14,74,0,0,0,74
05/17/2013,MLU,LA,ASW,CE,Combined TRACON& Tower with Radar,0,25,38,4,67,0,2,8,3,13,0,27,46,7,80,8,0,8,88
05/18/2013,MLU,LA,ASW,CE,Combined TRACON& Tower with Radar,0,13,29,0,42,0,0,20,0,20,0,13,49,0,62,4,0,4,66
05/19/2013,MLU,LA,ASW,CE,Combined TRACON& Tower with Radar,0,15,16,0,31,0,0,4,0,4,0,15,20,0,35,4,0,4,39
05/20/2013,MLU,LA,ASW,CE,Combined TRACON& Tower with Radar,0,23,23,27,73,0,0,22,0,22,0,23,45,27,95,4,4,8,103
05/21/2013,MLU,LA,ASW,CE,Combined TRACON& Tower with Radar,0,23,32,22,77,0,1,6,0,7,0,24,38,22,84,0,0,0,84
05/22/2013,MLU,LA,ASW,CE,Combined TRACON& Tower with Radar,0,19,27,25,71,0,0,14,2,16,0,19,41,27,87,32,0,32,119
05/23/2013,MLU,LA,ASW,CE,Combined TRACON& Tower with Radar,0,24,32,5,61,0,0,17,0,17,0,24,49,5,78,28,0,28,106
05/24/2013,MLU,LA,ASW,CE,Combined TRACON& Tower with Radar,0,21,9,2,32,0,0,21,0,21,0,21,30,2,53,0,0,0,53
05/25/2013,MLU,LA,ASW,CE,Combined TRACON& Tower with Radar,0,14,15,4,33,0,0,16,0,16,0,14,31,4,49,10,0,10,59
05/26/2013,MLU,LA,ASW,CE,Combined TRACON& Tower with Radar,0,12,12,0,24,0,0,11,4,15,0,12,23,4,39,22,0,22,61
05/27/2013,MLU,LA,ASW,CE,Combined TRACON& Tower with Radar,0,17,16,0,33,0,0,15,0,15,0,17,31,0,48,6,0,6,54
05/28/2013,MLU,LA,ASW,CE,Combined TRACON& Tower with Radar,0,24,29,46,99,0,0,12,0,12,0,24,41,46,111,6,8,14,125
05/29/2013,MLU,LA,ASW,CE,Combined TRACON& Tower with Radar,0,25,34,24,83,0,0,13,1,14,0,25,47,25,97,22,24,46,143
05/30/2013,MLU,LA,ASW,CE,Combined TRACON& Tower with Radar,0,25,26,8,59,0,0,20,2,22,0,25,46,10,81,10,0,10,91
05/31/2013,MLU,LA,ASW,CE,Combined TRACON& Tower with Radar,0,23,18,22,63,0,2,9,0,11,0,25,27,22,74,8,4,12,86
06/01/2013,MLU,LA,ASW,CE,Combined TRACON& Tower with Radar,0,13,13,0,26,0,0,3,0,3,0,13,16,0,29,22,0,22,51
06/02/2013,MLU,LA,ASW,CE,Combined TRACON& Tower with Radar,0,17,17,0,34,0,0,9,0,9,0,17,26,0,43,0,0,0,43
06/03/2013,MLU,LA,ASW,CE,Combined TRACON& Tower with Radar,0,21,30,17,68,0,0,52,0,52,0,21,82,17,120,10,0,10,130
06/04/2013,MLU,LA,ASW,CE,Combined TRACON& Tower with Radar,0,24,27,23,74,0,2,46,3,51,0,26,73,26,125,60,0,60,185
06/05/2013,MLU,LA,ASW,CE,Combined TRACON& Tower with Radar,0,19,30,22,71,0,0,46,0,46,0,19,76,22,117,14,16,30,147
06/06/2013,MLU,LA,ASW,CE,Combined TRACON& Tower with Radar,0,23,22,11,56,0,0,16,0,16,0,23,38,11,72,0,0,0,72
06/07/2013,MLU,LA,ASW,CE,Combined TRACON& Tower with Radar,0,25,26,39,90,0,0,22,0,22,0,25,48,39,112,16,44,60,172
06/08/2013,MLU,LA,ASW,CE,Combined TRACON& Tower with Radar,0,15,20,4,39,0,0,40,0,40,0,15,60,4,79,16,0,16,95
06/09/2013,MLU,LA,ASW,CE,Combined TRACON& Tower with Radar,0,20,20,0,40,0,0,12,0,12,0,20,32,0,52,8,0,8,60
06/10/2013,MLU,LA,ASW,CE,Combined TRACON& Tower with Radar,0,23,21,26,70,0,1,15,0,16,0,24,36,26,86,42,8,50,136
06/11/2013,MLU,LA,ASW,CE,Combined TRACON& Tower with Radar,0,24,19,26,69,0,0,19,4,23,0,24,38,30,92,10,0,10,102
06/12/2013,MLU,LA,ASW,CE,Combined TRACON& Tower with Radar,0,27,44,46,117,0,1,48,1,50,0,28,92,47,167,32,16,48,215
06/13/2013,MLU,LA,ASW,CE,Combined TRACON& Tower with Radar,0,28,15,24,67,0,0,13,0,13,0,28,28,24,80,14,0,14,94
06/14/2013,MLU,LA,ASW,CE,Combined TRACON& Tower with Radar,0,24,40,11,75,0,1,42,1,44,0,25,82,12,119,26,0,26,145
06/15/2013,MLU,LA,ASW,CE,Combined TRACON& Tower with Radar,0,18,20,0,38,0,1,20,0,21,0,19,40,0,59,0,0,0,59
06/16/2013,MLU,LA,ASW,CE,Combined TRACON& Tower with Radar,0,22,12,0,34,0,0,12,0,12,0,22,24,0,46,50,0,50,96
06/17/2013,MLU,LA,ASW,CE,Combined TRACON& Tower with Radar,0,24,18,33,75,0,0,14,6,20,0,24,32,39,95,0,0,0,95
06/18/2013,MLU,LA,ASW,CE,Combined TRACON& Tower with Radar,0,28,20,8,56,0,0,7,2,9,0,28,27,10,65,0,0,0,65
06/19/2013,MLU,LA,ASW,CE,Combined TRACON& Tower with Radar,0,27,32,4,63,0,0,13,0,13,0,27,45,4,76,0,0,0,76
06/20/2013,MLU,LA,ASW,CE,Combined TRACON& Tower with Radar,0,23,39,12,74,0,0,8,7,15,0,23,47,19,89,2,4,6,95
06/21/2013,MLU,LA,ASW,CE,Combined TRACON& Tower with Radar,0,26,33,20,79,0,1,22,0,23,0,27,55,20,102,10,10,20,122
06/22/2013,MLU,LA,ASW,CE,Combined TRACON& Tower with Radar,0,19,19,1,39,0,0,17,0,17,0,19,36,1,56,18,0,18,74
06/23/2013,MLU,LA,ASW,CE,Combined TRACON& Tower with Radar,0,23,25,0,48,0,0,8,0,8,0,23,33,0,56,0,0,0,56
06/24/2013,MLU,LA,ASW,CE,Combined TRACON& Tower with Radar,0,26,20,25,71,0,0,28,1,29,0,26,48,26,100,14,0,14,114
06/25/2013,MLU,LA,ASW,CE,Combined TRACON& Tower with Radar,0,23,32,15,70,0,0,30,1,31,0,23,62,16,101,0,24,24,125
06/26/2013,MLU,LA,ASW,CE,Combined TRACON& Tower with Radar,0,27,40,16,83,0,0,22,1,23,0,27,62,17,106,20,4,24,130
06/27/2013,MLU,LA,ASW,CE,Combined TRACON& Tower with Radar,0,25,29,14,68,0,1,14,1,16,0,26,43,15,84,4,40,44,128
06/28/2013,MLU,LA,ASW,CE,Combined TRACON& Tower with Radar,0,22,34,10,66,0,0,25,0,25,0,22,59,10,91,0,4,4,95
06/29/2013,MLU,LA,ASW,CE,Combined TRACON& Tower with Radar,0,14,13,29,56,0,0,22,9,31,0,14,35,38,87,4,56,60,147
06/30/2013,MLU,LA,ASW,CE,Combined TRACON& Tower with Radar,0,17,13,0,30,0,0,18,1,19,0,17,31,1,49,0,0,0,49
07/01/2013,MLU,LA,ASW,CE,Combined TRACON& Tower with Radar,0,21,28,15,64,0,0,25,0,25,0,21,53,15,89,0,0,0,89
07/02/2013,MLU,LA,ASW,CE,Combined TRACON& Tower with Radar,0,22,12,55,89,0,0,25,3,28,0,22,37,58,117,0,0,0,117
07/03/2013,MLU,LA,ASW,CE,Combined TRACON& Tower with Radar,0,23,16,20,59,0,0,5,0,5,0,23,21,20,64,0,0,0,64
07/04/2013,MLU,LA,ASW,CE,Combined TRACON& Tower with Radar,0,13,7,0,20,0,0,9,0,9,0,13,16,0,29,0,0,0,29
07/05/2013,MLU,LA,ASW,CE,Combined TRACON& Tower with Radar,0,21,7,0,28,0,1,19,0,20,0,22,26,0,48,0,0,0,48
07/06/2013,MLU,LA,ASW,CE,Combined TRACON& Tower with Radar,0,17,10,0,27,0,3,15,0,18,0,20,25,0,45,0,0,0,45
07/07/2013,MLU,LA,ASW,CE,Combined TRACON& Tower with Radar,0,27,12,0,39,0,0,12,1,13,0,27,24,1,52,0,0,0,52
07/08/2013,MLU,LA,ASW,CE,Combined TRACON& Tower with Radar,0,23,16,17,56,0,0,18,0,18,0,23,34,17,74,0,0,0,74
07/09/2013,MLU,LA,ASW,CE,Combined TRACON& Tower with Radar,0,25,29,39,93,0,0,22,7,29,0,25,51,46,122,0,0,0,122
07/10/2013,MLU,LA,ASW,CE,Combined TRACON& Tower with Radar,0,20,38,23,81,0,0,17,0,17,0,20,55,23,98,0,0,0,98
07/11/2013,MLU,LA,ASW,CE,Combined TRACON& Tower with Radar,0,23,25,20,68,0,0,16,5,21,0,23,41,25,89,0,0,0,89
07/12/2013,MLU,LA,ASW,CE,Combined TRACON& Tower with Radar,0,21,32,47,100,0,1,26,4,31,0,22,58,51,131,0,0,0,131
07/13/2013,MLU,LA,ASW,CE,Combined TRACON& Tower with Radar,0,17,13,0,30,0,2,30,0,32,0,19,43,0,62,0,0,0,62
07/14/2013,MLU,LA,ASW,CE,Combined TRACON& Tower with Radar,0,24,11,4,39,0,0,13,0,13,0,24,24,4,52,0,0,0,52
07/15/2013,MLU,LA,ASW,CE,Combined TRACON& Tower with Radar,0,22,25,26,73,0,0,16,0,16,0,22,41,26,89,0,0,0,89
07/16/2013,MLU,LA,ASW,CE,Combined TRACON& Tower with Radar,0,24,31,3,58,0,0,14,0,14,0,24,45,3,72,0,0,0,72
07/17/2013,MLU,LA,ASW,CE,Combined TRACON& Tower with Radar,0,22,20,22,64,0,0,10,0,10,0,22,30,22,74,0,0,0,74
07/18/2013,MLU,LA,ASW,CE,Combined TRACON& Tower with Radar,0,13,7,0,20,0,0,9,0,9,0,13,16,0,29,0,0,0,29
07/19/2013,MLU,LA,ASW,CE,Combined TRACON& Tower with Radar,0,21,7,0,28,0,1,19,0,20,0,22,26,0,48,0,0,0,48
07/20/2013,MLU,LA,ASW,CE,Combined TRACON& Tower with Radar,0,17,10,0,27,0,3,15,0,18,0,20,25,0,45,0,0,0,45
07/21/2013,MLU,LA,ASW,CE,Combined TRACON& Tower with Radar,0,27,12,0,39,0,0,12,1,13,0,27,24,1,52,0,0,0,52
07/22/2013,MLU,LA,ASW,CE,Combined TRACON& Tower with Radar,0,23,16,18,57,0,0,18,0,18,0,23,34,18,75,0,0,0,75
07/23/2013,MLU,LA,ASW,CE,Combined TRACON& Tower with Radar,0,25,29,39,93,0,0,22,7,29,0,25,51,46,122,0,0,0,122
07/24/2013,MLU,LA,ASW,CE,Combined TRACON& Tower with Radar,0,20,38,24,82,0,0,17,0,17,0,20,55,24,99,0,0,0,99
07/25/2013,MLU,LA,ASW,CE,Combined TRACON& Tower with Radar,0,29,45,18,92,0,0,21,1,22,0,29,66,19,114,0,0,0,114
07/26/2013,MLU,LA,ASW,CE,Combined TRACON& Tower with Radar,0,24,27,9,60,0,0,24,2,26,0,24,51,11,86,0,0,0,86
07/27/2013,MLU,LA,ASW,CE,Combined TRACON& Tower with Radar,0,15,43,0,58,0,0,5,0,5,0,15,48,0,63,0,0,0,63
07/28/2013,MLU,LA,ASW,CE,Combined TRACON& Tower with Radar,2,24,14,28,68,0,1,29,1,31,2,25,43,29,99,0,0,0,99
07/29/2013,MLU,LA,ASW,CE,Combined TRACON& Tower with Radar,0,24,31,46,101,0,1,34,0,35,0,25,65,46,136,0,0,0,136
07/30/2013,MLU,LA,ASW,CE,Combined TRACON& Tower with Radar,0,21,17,73,111,0,0,60,1,61,0,21,77,74,172,0,0,0,172
07/31/2013,MLU,LA,ASW,CE,Combined TRACON& Tower with Radar,0,27,24,75,126,0,0,46,0,46,0,27,70,75,172,0,0,0,172
08/01/2013,MLU,LA,ASW,CE,Combined TRACON& Tower with Radar,0,23,56,60,139,0,0,69,2,71,0,23,125,62,210,20,22,42,252
08/02/2013,MLU,LA,ASW,CE,Combined TRACON& Tower with Radar,0,30,28,37,95,0,0,41,2,43,0,30,69,39,138,38,10,48,186
08/03/2013,MLU,LA,ASW,CE,Combined TRACON& Tower with Radar,0,20,19,2,41,0,0,22,1,23,0,20,41,3,64,2,0,2,66
08/04/2013,MLU,LA,ASW,CE,Combined TRACON& Tower with Radar,0,23,20,1,44,0,0,19,0,19,0,23,39,1,63,14,0,14,77
08/05/2013,MLU,LA,ASW,CE,Combined TRACON& Tower with Radar,0,26,30,49,105,0,0,35,1,36,0,26,65,50,141,74,0,74,215
08/06/2013,MLU,LA,ASW,CE,Combined TRACON& Tower with Radar,0,25,16,67,108,0,0,51,6,57,0,25,67,73,165,70,12,82,247
08/07/2013,MLU,LA,ASW,CE,Combined TRACON& Tower with Radar,0,24,49,21,94,0,0,36,1,37,0,24,85,22,131,44,0,44,175
08/08/2013,MLU,LA,ASW,CE,Combined TRACON& Tower with Radar,0,27,32,33,92,0,0,29,3,32,0,27,61,36,124,58,0,58,182
08/09/2013,MLU,LA,ASW,CE,Combined TRACON& Tower with Radar,0,22,45,27,94,0,0,39,4,43,0,22,84,31,137,42,8,50,187
08/10/2013,MLU,LA,ASW,CE,Combined TRACON& Tower with Radar,0,20,35,6,61,0,0,13,1,14,0,20,48,7,75,10,0,10,85
08/11/2013,MLU,LA,ASW,CE,Combined TRACON& Tower with Radar,0,21,18,1,40,0,0,12,1,13,0,21,30,2,53,4,0,4,57
08/12/2013,MLU,LA,ASW,CE,Combined TRACON& Tower with Radar,0,22,47,35,104,0,0,30,3,33,0,22,77,38,137,8,28,36,173
08/13/2013,MLU,LA,ASW,CE,Combined TRACON& Tower with Radar,0,19,30,21,70,0,0,16,1,17,0,19,46,22,87,14,8,22,109
08/14/2013,MLU,LA,ASW,CE,Combined TRACON& Tower with Radar,0,20,29,6,55,0,0,26,0,26,0,20,55,6,81,4,10,14,95
08/15/2013,MLU,LA,ASW,CE,Combined TRACON& Tower with Radar,0,28,23,56,107,0,0,20,1,21,0,28,43,57,128,18,48,66,194
08/16/2013,MLU,LA,ASW,CE,Combined TRACON& Tower with Radar,0,22,38,42,102,0,0,52,1,53,0,22,90,43,155,4,4,8,163
08/17/2013,MLU,LA,ASW,CE,Combined TRACON& Tower with Radar,0,16,26,0,42,0,1,16,0,17,0,17,42,0,59,14,0,14,73
08/18/2013,MLU,LA,ASW,CE,Combined TRACON& Tower with Radar,0,20,19,9,48,0,0,13,0,13,0,20,32,9,61,18,10,28,89
08/19/2013,MLU,LA,ASW,CE,Combined TRACON& Tower with Radar,0,23,17,45,85,0,0,12,0,12,0,23,29,45,97,16,58,74,171
08/20/2013,MLU,LA,ASW,CE,Combined TRACON& Tower with Radar,0,22,14,26,62,0,0,20,6,26,0,22,34,32,88,48,6,54,142
08/21/2013,MLU,LA,ASW,CE,Combined TRACON& Tower with Radar,0,20,39,22,81,0,1,10,2,13,0,21,49,24,94,0,16,16,110
08/22/2013,MLU,LA,ASW,CE,Combined TRACON& Tower with Radar,0,22,37,17,76,0,1,21,4,26,0,23,58,21,102,34,4,38,140
08/23/2013,MLU,LA,ASW,CE,Combined TRACON& Tower with Radar,0,27,17,36,80,0,0,19,2,21,0,27,36,38,101,6,12,18,119
08/24/2013,MLU,LA,ASW,CE,Combined TRACON& Tower with Radar,0,14,15,0,29,0,0,20,0,20,0,14,35,0,49,4,0,4,53
08/25/2013,MLU,LA,ASW,CE,Combined TRACON& Tower with Radar,0,18,20,0,38,0,0,9,0,9,0,18,29,0,47,4,0,4,51
08/26/2013,MLU,LA,ASW,CE,Combined TRACON& Tower with Radar,0,22,22,25,69,0,0,12,1,13,0,22,34,26,82,0,42,42,124
08/27/2013,MLU,LA,ASW,CE,Combined TRACON& Tower with Radar,0,22,33,12,67,0,1,36,0,37,0,23,69,12,104,16,0,16,120
08/28/2013,MLU,LA,ASW,CE,Combined TRACON& Tower with Radar,0,19,23,12,54,0,0,22,0,22,0,19,45,12,76,14,0,14,90
08/29/2013,MLU,LA,ASW,CE,Combined TRACON& Tower with Radar,0,24,26,25,75,0,2,39,1,42,0,26,65,26,117,10,4,14,131
08/30/2013,MLU,LA,ASW,CE,Combined TRACON& Tower with Radar,4,26,39,6,75,0,0,16,1,17,4,26,55,7,92,28,0,28,120
08/31/2013,MLU,LA,ASW,CE,Combined TRACON& Tower with Radar,2,11,9,0,22,0,0,13,0,13,2,11,22,0,35,4,0,4,39
09/01/2013,MLU,LA,ASW,CE,Combined TRACON& Tower with Radar,0,13,9,0,22,0,0,10,1,11,0,13,19,1,33,0,0,0,33
09/02/2013,MLU,LA,ASW,CE,Combined TRACON& Tower with Radar,0,20,8,0,28,0,0,5,4,9,0,20,13,4,37,2,0,2,39
09/03/2013,MLU,LA,ASW,CE,Combined TRACON& Tower with Radar,0,23,17,34,74,0,0,16,2,18,0,23,33,36,92,26,12,38,130
09/04/2013,MLU,LA,ASW,CE,Combined TRACON& Tower with Radar,0,22,21,40,83,0,0,31,1,32,0,22,52,41,115,14,32,46,161
09/05/2013,MLU,LA,ASW,CE,Combined TRACON& Tower with Radar,0,22,29,27,78,0,0,31,4,35,0,22,60,31,113,48,56,104,217
09/06/2013,MLU,LA,ASW,CE,Combined TRACON& Tower with Radar,0,21,29,19,69,0,0,28,3,31,0,21,57,22,100,14,0,14,114
09/07/2013,MLU,LA,ASW,CE,Combined TRACON& Tower with Radar,0,13,22,0,35,0,0,21,5,26,0,13,43,5,61,20,0,20,81
09/08/2013,MLU,LA,ASW,CE,Combined TRACON& Tower with Radar,0,19,25,7,51,0,0,29,0,29,0,19,54,7,80,22,4,26,106
09/09/2013,MLU,LA,ASW,CE,Combined TRACON& Tower with Radar,0,22,30,37,89,0,0,23,2,25,0,22,53,39,114,4,8,12,126
09/10/2013,MLU,LA,ASW,CE,Combined TRACON& Tower with Radar,0,21,42,23,86,0,0,21,3,24,0,21,63,26,110,0,24,24,134
09/11/2013,MLU,LA,ASW,CE,Combined TRACON& Tower with Radar,2,18,32,30,82,0,0,35,3,38,2,18,67,33,120,78,2,80,200
09/12/2013,MLU,LA,ASW,CE,Combined TRACON& Tower with Radar,1,23,31,20,75,0,0,19,0,19,1,23,50,20,94,48,6,54,148
09/13/2013,MLU,LA,ASW,CE,Combined TRACON& Tower with Radar,2,25,40,30,97,0,0,20,0,20,2,25,60,30,117,16,0,16,133
09/14/2013,MLU,LA,ASW,CE,Combined TRACON& Tower with Radar,2,13,16,12,43,0,0,22,2,24,2,13,38,14,67,8,0,8,75
09/15/2013,MLU,LA,ASW,CE,Combined TRACON& Tower with Radar,0,19,18,0,37,0,0,21,0,21,0,19,39,0,58,6,0,6,64
09/16/2013,MLU,LA,ASW,CE,Combined TRACON& Tower with Radar,0,22,25,10,57,0,0,16,0,16,0,22,41,10,73,2,2,4,77
09/17/2013,MLU,LA,ASW,CE,Combined TRACON& Tower with Radar,0,22,24,20,66,0,0,13,3,16,0,22,37,23,82,4,20,24,106
09/18/2013,MLU,LA,ASW,CE,Combined TRACON& Tower with Radar,0,20,24,20,64,0,0,27,0,27,0,20,51,20,91,0,14,14,105
09/19/2013,MLU,LA,ASW,CE,Combined TRACON& Tower with Radar,0,25,37,10,72,0,0,25,0,25,0,25,62,10,97,26,12,38,135
09/20/2013,MLU,LA,ASW,CE,Combined TRACON& Tower with Radar,2,17,27,0,46,0,0,3,0,3,2,17,30,0,49,0,0,0,49
09/21/2013,MLU,LA,ASW,CE,Combined TRACON& Tower with Radar,2,12,20,4,38,0,0,11,0,11,2,12,31,4,49,0,0,0,49
09/22/2013,MLU,LA,ASW,CE,Combined TRACON& Tower with Radar,0,22,31,3,56,0,0,30,0,30,0,22,61,3,86,56,0,56,142
09/23/2013,MLU,LA,ASW,CE,Combined TRACON& Tower with Radar,0,22,28,45,95,0,0,24,0,24,0,22,52,45,119,32,0,32,151
09/24/2013,MLU,LA,ASW,CE,Combined TRACON& Tower with Radar,0,20,15,6,41,0,0,15,0,15,0,20,30,6,56,38,0,38,94
09/25/2013,MLU,LA,ASW,CE,Combined TRACON& Tower with Radar,0,21,42,37,100,0,0,33,1,34,0,21,75,38,134,4,50,54,188
09/26/2013,MLU,LA,ASW,CE,Combined TRACON& Tower with Radar,0,24,32,5,61,0,0,39,2,41,0,24,71,7,102,46,4,50,152
09/27/2013,MLU,LA,ASW,CE,Combined TRACON& Tower with Radar,2,36,40,33,111,0,0,46,2,48,2,36,86,35,159,40,6,46,205
09/28/2013,MLU,LA,ASW,CE,Combined TRACON& Tower with Radar,1,11,19,0,31,0,0,32,0,32,1,11,51,0,63,24,0,24,87
09/29/2013,MLU,LA,ASW,CE,Combined TRACON& Tower with Radar,0,17,20,0,37,0,0,3,0,3,0,17,23,0,40,36,0,36,76
09/30/2013,MLU,LA,ASW,CE,Combined TRACON& Tower with Radar,0,22,30,1,53,0,0,16,1,17,0,22,46,2,70,4,0,4,74
10/01/2013,MLU,LA,ASW,CE,Combined TRACON& Tower with Radar,0,20,20,2,42,0,0,7,1,8,0,20,27,3,50,0,18,18,68
10/02/2013,MLU,LA,ASW,CE,Combined TRACON& Tower with Radar,1,20,33,6,60,0,0,36,6,42,1,20,69,12,102,8,0,8,110
10/03/2013,MLU,LA,ASW,CE,Combined TRACON& Tower with Radar,0,27,32,12,71,0,0,48,0,48,0,27,80,12,119,12,0,12,131
10/04/2013,MLU,LA,ASW,CE,Combined TRACON& Tower with Radar,2,25,44,18,89,0,0,31,0,31,2,25,75,18,120,30,0,30,150
10/05/2013,MLU,LA,ASW,CE,Combined TRACON& Tower with Radar,0,16,18,0,34,0,0,8,0,8,0,16,26,0,42,0,0,0,42
10/06/2013,MLU,LA,ASW,CE,Combined TRACON& Tower with Radar,0,24,23,0,47,0,0,19,0,19,0,24,42,0,66,16,0,16,82
10/07/2013,MLU,LA,ASW,CE,Combined TRACON& Tower with Radar,0,25,35,22,82,0,2,24,0,26,0,27,59,22,108,0,22,22,130
10/08/2013,MLU,LA,ASW,CE,Combined TRACON& Tower with Radar,0,24,33,6,63,0,0,33,1,34,0,24,66,7,97,0,0,0,97
10/09/2013,MLU,LA,ASW,CE,Combined TRACON& Tower with Radar,0,24,67,2,93,0,0,24,1,25,0,24,91,3,118,6,0,6,124
10/10/2013,MLU,LA,ASW,CE,Combined TRACON& Tower with Radar,0,22,21,5,48,0,0,9,0,9,0,22,30,5,57,0,0,0,57
10/11/2013,MLU,LA,ASW,CE,Combined TRACON& Tower with Radar,2,22,27,22,73,0,0,19,0,19,2,22,46,22,92,12,12,24,116
10/12/2013,MLU,LA,ASW,CE,Combined TRACON& Tower with Radar,0,13,18,0,31,0,0,3,0,3,0,13,21,0,34,0,0,0,34
10/13/2013,MLU,LA,ASW,CE,Combined TRACON& Tower with Radar,0,17,28,0,45,0,0,8,0,8,0,17,36,0,53,4,0,4,57
10/14/2013,MLU,LA,ASW,CE,Combined TRACON& Tower with Radar,0,22,25,0,47,0,0,17,0,17,0,22,42,0,64,10,0,10,74
10/15/2013,MLU,LA,ASW,CE,Combined TRACON& Tower with Radar,0,19,33,37,89,0,0,14,1,15,0,19,47,38,104,0,2,2,106
10/16/2013,MLU,LA,ASW,CE,Combined TRACON& Tower with Radar,0,24,26,2,52,0,0,0,0,0,0,24,26,2,52,0,0,0,52
10/17/2013,MLU,LA,ASW,CE,Combined TRACON& Tower with Radar,0,22,39,70,131,0,0,8,0,8,0,22,47,70,139,16,48,64,203
10/18/2013,MLU,LA,ASW,CE,Combined TRACON& Tower with Radar,0,24,20,30,74,0,0,22,0,22,0,24,42,30,96,2,0,2,98
10/19/2013,MLU,LA,ASW,CE,Combined TRACON& Tower with Radar,0,15,33,20,68,0,0,19,0,19,0,15,52,20,87,0,0,0,87
10/20/2013,MLU,LA,ASW,CE,Combined TRACON& Tower with Radar,0,18,30,0,48,0,0,16,0,16,0,18,46,0,64,0,0,0,64
10/21/2013,MLU,LA,ASW,CE,Combined TRACON& Tower with Radar,0,21,16,26,63,0,0,17,0,17,0,21,33,26,80,22,0,22,102
10/22/2013,MLU,LA,ASW,CE,Combined TRACON& Tower with Radar,0,24,27,32,83,0,0,12,0,12,0,24,39,32,95,46,8,54,149
10/23/2013,MLU,LA,ASW,CE,Combined TRACON& Tower with Radar,0,20,33,47,100,0,0,30,2,32,0,20,63,49,132,14,0,14,146
10/24/2013,MLU,LA,ASW,CE,Combined TRACON& Tower with Radar,0,25,21,39,85,0,0,24,0,24,0,25,45,39,109,26,6,32,141
10/25/2013,MLU,LA,ASW,CE,Combined TRACON& Tower with Radar,4,22,26,22,74,0,0,20,0,20,4,22,46,22,94,20,2,22,116
10/26/2013,MLU,LA,ASW,CE,Combined TRACON& Tower with Radar,1,11,16,0,28,0,0,16,0,16,1,11,32,0,44,8,0,8,52
10/27/2013,MLU,LA,ASW,CE,Combined TRACON& Tower with Radar,0,17,15,0,32,0,0,4,0,4,0,17,19,0,36,0,0,0,36
10/28/2013,MLU,LA,ASW,CE,Combined TRACON& Tower with Radar,0,22,30,16,68,0,0,10,0,10,0,22,40,16,78,4,0,4,82
10/29/2013,MLU,LA,ASW,CE,Combined TRACON& Tower with Radar,0,21,18,4,43,0,0,9,0,9,0,21,27,4,52,4,2,6,58
10/30/2013,MLU,LA,ASW,CE,Combined TRACON& Tower with Radar,0,20,45,11,76,0,0,16,0,16,0,20,61,11,92,0,38,38,130
10/31/2013,MLU,LA,ASW,CE,Combined TRACON& Tower with Radar,0,28,6,0,34,0,0,1,0,1,0,28,7,0,35,0,0,0,35
11/01/2013,MLU,LA,ASW,CE,Combined TRACON& Tower with Radar,0,25,50,17,92,0,0,36,0,36,0,25,86,17,128,10,0,10,138
11/02/2013,MLU,LA,ASW,CE,Combined TRACON& Tower with Radar,0,13,19,4,36,0,0,30,0,30,0,13,49,4,66,0,16,16,82
11/03/2013,MLU,LA,ASW,CE,Combined TRACON& Tower with Radar,0,16,32,0,48,0,0,18,0,18,0,16,50,0,66,10,0,10,76
11/04/2013,MLU,LA,ASW,CE,Combined TRACON& Tower with Radar,0,22,32,25,79,0,1,13,1,15,0,23,45,26,94,0,56,56,150
11/05/2013,MLU,LA,ASW,CE,Combined TRACON& Tower with Radar,0,25,16,7,48,0,0,10,10,20,0,25,26,17,68,4,0,4,72
11/06/2013,MLU,LA,ASW,CE,Combined TRACON& Tower with Radar,0,19,30,4,53,0,0,5,0,5,0,19,35,4,58,0,0,0,58
11/07/2013,MLU,LA,ASW,CE,Combined TRACON& Tower with Radar,0,26,40,52,118,0,0,22,2,24,0,26,62,54,142,12,42,54,196
11/08/2013,MLU,LA,ASW,CE,Combined TRACON& Tower with Radar,0,24,39,19,82,0,2,44,0,46,0,26,83,19,128,24,18,42,170
11/09/2013,MLU,LA,ASW,CE,Combined TRACON& Tower with Radar,1,12,30,0,43,0,0,28,0,28,1,12,58,0,71,10,0,10,81
11/10/2013,MLU,LA,ASW,CE,Combined TRACON& Tower with Radar,0,20,28,0,48,0,0,18,1,19,0,20,46,1,67,0,0,0,67
11/11/2013,MLU,LA,ASW,CE,Combined TRACON& Tower with Radar,0,25,26,0,51,0,0,36,1,37,0,25,62,1,88,12,0,12,100
11/12/2013,MLU,LA,ASW,CE,Combined TRACON& Tower with Radar,0,24,39,8,71,0,0,12,5,17,0,24,51,13,88,0,0,0,88
11/13/2013,MLU,LA,ASW,CE,Combined TRACON& Tower with Radar,0,26,28,32,86,0,0,21,0,21,0,26,49,32,107,0,10,10,117
11/14/2013,MLU,LA,ASW,CE,Combined TRACON& Tower with Radar,0,23,32,5,60,0,0,24,3,27,0,23,56,8,87,0,0,0,87
11/15/2013,MLU,LA,ASW,CE,Combined TRACON& Tower with Radar,0,24,37,33,94,0,0,15,1,16,0,24,52,34,110,0,0,0,110
11/16/2013,MLU,LA,ASW,CE,Combined TRACON& Tower with Radar,0,11,22,0,33,0,0,4,0,4,0,11,26,0,37,0,0,0,37
11/17/2013,MLU,LA,ASW,CE,Combined TRACON& Tower with Radar,0,17,34,0,51,0,0,9,0,9,0,17,43,0,60,0,0,0,60
11/18/2013,MLU,LA,ASW,CE,Combined TRACON& Tower with Radar,0,20,33,30,83,0,0,22,3,25,0,20,55,33,108,16,10,26,134
11/19/2013,MLU,LA,ASW,CE,Combined TRACON& Tower with Radar,0,20,44,14,78,0,0,33,5,38,0,20,77,19,116,2,20,22,138
11/20/2013,MLU,LA,ASW,CE,Combined TRACON& Tower with Radar,0,24,40,6,70,0,0,39,0,39,0,24,79,6,109,64,0,64,173
11/21/2013,MLU,LA,ASW,CE,Combined TRACON& Tower with Radar,0,28,38,18,84,0,0,2,0,2,0,28,40,18,86,16,4,20,106
11/22/2013,MLU,LA,ASW,CE,Combined TRACON& Tower with Radar,0,21,24,0,45,0,0,0,0,0,0,21,24,0,45,0,0,0,45
11/23/2013,MLU,LA,ASW,CE,Combined TRACON& Tower with Radar,0,13,9,0,22,0,0,3,0,3,0,13,12,0,25,0,0,0,25
11/24/2013,MLU,LA,ASW,CE,Combined TRACON& Tower with Radar,0,18,20,0,38,0,0,12,0,12,0,18,32,0,50,0,0,0,50
11/25/2013,MLU,LA,ASW,CE,Combined TRACON& Tower with Radar,0,18,12,0,30,0,0,0,0,0,0,18,12,0,30,0,0,0,30
11/26/2013,MLU,LA,ASW,CE,Combined TRACON& Tower with Radar,0,21,17,0,38,0,0,0,0,0,0,21,17,0,38,0,0,0,38
11/27/2013,MLU,LA,ASW,CE,Combined TRACON& Tower with Radar,0,21,20,42,83,0,2,37,2,41,0,23,57,44,124,2,4,6,130
11/28/2013,MLU,LA,ASW,CE,Combined TRACON& Tower with Radar,0,12,7,0,19,0,0,7,0,7,0,12,14,0,26,0,0,0,26
11/29/2013,MLU,LA,ASW,CE,Combined TRACON& Tower with Radar,2,14,20,0,36,0,2,28,0,30,2,16,48,0,66,8,0,8,74
11/30/2013,MLU,LA,ASW,CE,Combined TRACON& Tower with Radar,1,18,15,0,34,0,0,12,0,12,1,18,27,0,46,16,0,16,62
12/01/2013,MLU,LA,ASW,CE,Combined TRACON& Tower with Radar,1,21,11,0,33,0,0,12,0,12,1,21,23,0,45,14,0,14,59
12/02/2013,MLU,LA,ASW,CE,Combined TRACON& Tower with Radar,0,25,24,3,52,0,0,7,0,7,0,25,31,3,59,0,0,0,59
12/03/2013,MLU,LA,ASW,CE,Combined TRACON& Tower with Radar,0,21,35,26,82,0,0,12,6,18,0,21,47,32,100,0,0,0,100
12/04/2013,MLU,LA,ASW,CE,Combined TRACON& Tower with Radar,0,20,30,22,72,0,0,7,0,7,0,20,37,22,79,0,6,6,85
12/05/2013,MLU,LA,ASW,CE,Combined TRACON& Tower with Radar,0,18,14,4,36,0,0,0,0,0,0,18,14,4,36,0,0,0,36
12/06/2013,MLU,LA,ASW,CE,Combined TRACON& Tower with Radar,0,14,10,0,24,0,0,0,0,0,0,14,10,0,24,0,0,0,24
12/07/2013,MLU,LA,ASW,CE,Combined TRACON& Tower with Radar,0,11,4,0,15,0,0,0,0,0,0,11,4,0,15,0,0,0,15
12/08/2013,MLU,LA,ASW,CE,Combined TRACON& Tower with Radar,0,10,7,0,17,0,0,0,0,0,0,10,7,0,17,0,0,0,17
12/09/2013,MLU,LA,ASW,CE,Combined TRACON& Tower with Radar,0,16,22,3,41,0,0,0,0,0,0,16,22,3,41,0,0,0,41
12/10/2013,MLU,LA,ASW,CE,Combined TRACON& Tower with Radar,0,18,26,12,56,0,0,26,5,31,0,18,52,17,87,22,0,22,109
12/11/2013,MLU,LA,ASW,CE,Combined TRACON& Tower with Radar,0,22,25,16,63,0,2,20,3,25,0,24,45,19,88,0,8,8,96
12/12/2013,MLU,LA,ASW,CE,Combined TRACON& Tower with Radar,0,21,31,25,77,0,1,35,4,40,0,22,66,29,117,34,10,44,161
12/13/2013,MLU,LA,ASW,CE,Combined TRACON& Tower with Radar,0,23,28,10,61,0,2,11,1,14,0,25,39,11,75,6,8,14,89
12/14/2013,MLU,LA,ASW,CE,Combined TRACON& Tower with Radar,0,13,16,0,29,0,0,5,0,5,0,13,21,0,34,0,0,0,34
12/15/2013,MLU,LA,ASW,CE,Combined TRACON& Tower with Radar,0,20,25,0,45,0,0,19,0,19,0,20,44,0,64,8,0,8,72
12/16/2013,MLU,LA,ASW,CE,Combined TRACON& Tower with Radar,0,24,34,10,68,0,0,34,0,34,0,24,68,10,102,26,0,26,128
12/17/2013,MLU,LA,ASW,CE,Combined TRACON& Tower with Radar,0,20,30,36,86,0,0,31,1,32,0,20,61,37,118,60,0,60,178
12/18/2013,MLU,LA,ASW,CE,Combined TRACON& Tower with Radar,0,21,34,26,81,0,1,22,2,25,0,22,56,28,106,10,6,16,122
12/19/2013,MLU,LA,ASW,CE,Combined TRACON& Tower with Radar,0,22,24,20,66,0,1,14,3,18,0,23,38,23,84,0,6,6,90
12/20/2013,MLU,LA,ASW,CE,Combined TRACON& Tower with Radar,0,22,26,0,48,0,0,6,0,6,0,22,32,0,54,16,0,16,70
12/21/2013,MLU,LA,ASW,CE,Combined TRACON& Tower with Radar,0,16,4,0,20,0,0,1,0,1,0,16,5,0,21,0,0,0,21
12/22/2013,MLU,LA,ASW,CE,Combined TRACON& Tower with Radar,0,16,13,0,29,0,0,2,0,2,0,16,15,0,31,0,0,0,31
12/23/2013,MLU,LA,ASW,CE,Combined TRACON& Tower with Radar,0,19,17,0,36,0,0,16,0,16,0,19,33,0,52,0,0,0,52
12/24/2013,MLU,LA,ASW,CE,Combined TRACON& Tower with Radar,0,21,13,0,34,0,0,31,0,31,0,21,44,0,65,4,0,4,69
12/25/2013,MLU,LA,ASW,CE,Combined TRACON& Tower with Radar,0,13,0,0,13,0,0,11,0,11,0,13,11,0,24,6,0,6,30
12/26/2013,MLU,LA,ASW,CE,Combined TRACON& Tower with Radar,0,18,15,0,33,0,2,19,0,21,0,20,34,0,54,40,0,40,94
12/27/2013,MLU,LA,ASW,CE,Combined TRACON& Tower with Radar,0,20,15,2,37,0,1,13,0,14,0,21,28,2,51,0,0,0,51
12/28/2013,MLU,LA,ASW,CE,Combined TRACON& Tower with Radar,0,15,8,0,23,0,0,17,0,17,0,15,25,0,40,0,0,0,40
12/29/2013,MLU,LA,ASW,CE,Combined TRACON& Tower with Radar,0,16,18,0,34,0,0,7,0,7,0,16,25,0,41,2,0,2,43
12/30/2013,MLU,LA,ASW,CE,Combined TRACON& Tower with Radar,0,19,16,0,35,0,0,7,0,7,0,19,23,0,42,24,0,24,66
12/31/2013,MLU,LA,ASW,CE,Combined TRACON& Tower with Radar,0,17,20,0,37,0,0,21,0,21,0,17,41,0,58,0,0,0,58
01/01/2014,MLU,LA,ASW,CE,Combined TRACON& Tower with Radar,0,13,12,0,25,0,0,15,0,15,0,13,27,0,40,4,0,4,44
01/02/2014,MLU,LA,ASW,CE,Combined TRACON& Tower with Radar,0,22,18,0,40,0,0,4,0,4,0,22,22,0,44,2,0,2,46
01/03/2014,MLU,LA,ASW,CE,Combined TRACON& Tower with Radar,0,19,32,20,71,0,0,25,2,27,0,19,57,22,98,34,16,50,148
01/04/2014,MLU,LA,ASW,CE,Combined TRACON& Tower with Radar,0,13,20,2,35,0,0,7,0,7,0,13,27,2,42,0,0,0,42
01/05/2014,MLU,LA,ASW,CE,Combined TRACON& Tower with Radar,0,16,14,0,30,0,0,0,0,0,0,16,14,0,30,0,0,0,30
01/06/2014,MLU,LA,ASW,CE,Combined TRACON& Tower with Radar,0,18,20,15,53,0,1,17,0,18,0,19,37,15,71,12,2,14,85
01/07/2014,MLU,LA,ASW,CE,Combined TRACON& Tower with Radar,0,24,33,20,77,0,1,21,4,26,0,25,54,24,103,0,4,4,107
01/08/2014,MLU,LA,ASW,CE,Combined TRACON& Tower with Radar,0,28,19,17,64,0,0,16,5,21,0,28,35,22,85,28,8,36,121
01/09/2014,MLU,LA,ASW,CE,Combined TRACON& Tower with Radar,0,21,25,4,50,0,0,7,2,9,0,21,32,6,59,0,0,0,59
01/10/2014,MLU,LA,ASW,CE,Combined TRACON& Tower with Radar,0,20,29,38,87,0,0,1,0,1,0,20,30,38,88,4,0,4,92
01/11/2014,MLU,LA,ASW,CE,Combined TRACON& Tower with Radar,0,11,21,1,33,0,1,22,2,25,0,12,43,3,58,0,0,0,58
01/12/2014,MLU,LA,ASW,CE,Combined TRACON& Tower with Radar,0,20,14,7,41,0,0,17,0,17,0,20,31,7,58,18,0,18,76
01/13/2014,MLU,LA,ASW,CE,Combined TRACON& Tower with Radar,0,21,22,18,61,0,0,12,0,12,0,21,34,18,73,20,10,30,103
01/14/2014,MLU,LA,ASW,CE,Combined TRACON& Tower with Radar,0,20,27,4,51,0,0,21,2,23,0,20,48,6,74,58,0,58,132
01/15/2014,MLU,LA,ASW,CE,Combined TRACON& Tower with Radar,0,20,29,23,72,0,0,25,4,29,0,20,54,27,101,24,0,24,125
01/16/2014,MLU,LA,ASW,CE,Combined TRACON& Tower with Radar,0,20,26,10,56,0,0,20,1,21,0,20,46,11,77,0,2,2,79
01/17/2014,MLU,LA,ASW,CE,Combined TRACON& Tower with Radar,0,23,23,34,80,0,0,15,0,15,0,23,38,34,95,4,0,4,99
01/18/2014,MLU,LA,ASW,CE,Combined TRACON& Tower with Radar,0,11,9,7,27,0,1,21,1,23,0,12,30,8,50,6,2,8,58
01/19/2014,MLU,LA,ASW,CE,Combined TRACON& Tower with Radar,0,15,13,0,28,0,0,22,0,22,0,15,35,0,50,32,0,32,82
01/20/2014,MLU,LA,ASW,CE,Combined TRACON& Tower with Radar,0,25,20,0,45,0,2,28,0,30,0,27,48,0,75,28,0,28,103
01/21/2014,MLU,LA,ASW,CE,Combined TRACON& Tower with Radar,0,22,26,18,66,0,1,21,4,26,0,23,47,22,92,24,10,34,126
01/22/2014,MLU,LA,ASW,CE,Combined TRACON& Tower with Radar,0,20,39,32,91,0,0,44,5,49,0,20,83,37,140,44,18,62,202
01/23/2014,MLU,LA,ASW,CE,Combined TRACON& Tower with Radar,0,23,15,28,66,0,0,1,0,1,0,23,16,28,67,0,8,8,75
01/24/2014,MLU,LA,ASW,CE,Combined TRACON& Tower with Radar,0,19,25,10,54,0,1,31,2,34,0,20,56,12,88,4,0,4,92
01/25/2014,MLU,LA,ASW,CE,Combined TRACON& Tower with Radar,0,10,6,6,22,0,0,15,0,15,0,10,21,6,37,34,0,34,71
01/26/2014,MLU,LA,ASW,CE,Combined TRACON& Tower with Radar,0,21,17,2,40,0,0,14,0,14,0,21,31,2,54,4,0,4,58
01/27/2014,MLU,LA,ASW,CE,Combined TRACON& Tower with Radar,0,21,17,19,57,0,0,18,0,18,0,21,35,19,75,0,16,16,91
01/28/2014,MLU,LA,ASW,CE,Combined TRACON& Tower with Radar,0,9,4,0,13,0,0,7,0,7,0,9,11,0,20,24,0,24,44
01/29/2014,MLU,LA,ASW,CE,Combined TRACON& Tower with Radar,0,12,17,30,59,0,0,19,0,19,0,12,36,30,78,16,22,38,116
01/30/2014,MLU,LA,ASW,CE,Combined TRACON& Tower with Radar,0,25,30,27,82,0,0,15,3,18,0,25,45,30,100,2,8,10,110
01/31/2014,MLU,LA,ASW,CE,Combined TRACON& Tower with Radar,0,20,22,9,51,0,2,23,0,25,0,22,45,9,76,14,0,14,90
02/01/2014,MLU,LA,ASW,CE,Combined TRACON& Tower with Radar,0,10,24,8,42,0,0,3,0,3,0,10,27,8,45,0,0,0,45
02/02/2014,MLU,LA,ASW,CE,Combined TRACON& Tower with Radar,0,13,0,0,13,0,0,0,0,0,0,13,0,0,13,0,0,0,13
02/03/2014,MLU,LA,ASW,CE,Combined TRACON& Tower with Radar,0,22,20,12,54,0,0,1,0,1,0,22,21,12,55,0,0,0,55
02/04/2014,MLU,LA,ASW,CE,Combined TRACON& Tower with Radar,0,19,18,0,37,0,0,0,0,0,0,19,18,0,37,0,0,0,37
02/05/2014,MLU,LA,ASW,CE,Combined TRACON& Tower with Radar,0,23,26,18,67,0,0,9,0,9,0,23,35,18,76,2,2,4,80
02/06/2014,MLU,LA,ASW,CE,Combined TRACON& Tower with Radar,0,18,21,22,61,0,0,8,3,11,0,18,29,25,72,0,12,12,84
02/07/2014,MLU,LA,ASW,CE,Combined TRACON& Tower with Radar,0,23,20,33,76,0,0,9,2,11,0,23,29,35,87,0,22,22,109
02/08/2014,MLU,LA,ASW,CE,Combined TRACON& Tower with Radar,0,12,11,0,23,0,0,1,0,1,0,12,12,0,24,0,0,0,24
02/09/2014,MLU,LA,ASW,CE,Combined TRACON& Tower with Radar,0,20,17,8,45,0,0,11,0,11,0,20,28,8,56,0,0,0,56
02/10/2014,MLU,LA,ASW,CE,Combined TRACON& Tower with Radar,0,18,14,6,38,0,0,0,0,0,0,18,14,6,38,0,0,0,38
02/11/2014,MLU,LA,ASW,CE,Combined TRACON& Tower with Radar,0,7,7,0,14,0,0,0,0,0,0,7,7,0,14,0,0,0,14
02/12/2014,MLU,LA,ASW,CE,Combined TRACON& Tower with Radar,0,10,28,0,38,0,0,4,0,4,0,10,32,0,42,0,0,0,42
02/13/2014,MLU,LA,ASW,CE,Combined TRACON& Tower with Radar,0,19,30,34,83,0,0,31,3,34,0,19,61,37,117,16,16,32,149
02/14/2014,MLU,LA,ASW,CE,Combined TRACON& Tower with Radar,0,25,36,38,99,0,1,24,0,25,0,26,60,38,124,2,0,2,126
02/15/2014,MLU,LA,ASW,CE,Combined TRACON& Tower with Radar,0,14,18,0,32,0,0,31,0,31,0,14,49,0,63,28,0,28,91
02/16/2014,MLU,LA,ASW,CE,Combined TRACON& Tower with Radar,0,16,21,1,38,0,1,21,1,23,0,17,42,2,61,32,0,32,93
02/17/2014,MLU,LA,ASW,CE,Combined TRACON& Tower with Radar,0,22,35,0,57,0,0,11,0,11,0,22,46,0,68,34,0,34,102
02/18/2014,MLU,LA,ASW,CE,Combined TRACON& Tower with Radar,0,23,21,30,74,0,0,3,9,12,0,23,24,39,86,20,2,22,108
02/19/2014,MLU,LA,ASW,CE,Combined TRACON& Tower with Radar,0,24,21,21,66,0,0,8,4,12,0,24,29,25,78,2,0,2,80
02/20/2014,MLU,LA,ASW,CE,Combined TRACON& Tower with Radar,0,19,19,22,60,0,1,2,1,4,0,20,21,23,64,4,4,8,72
02/21/2014,MLU,LA,ASW,CE,Combined TRACON& Tower with Radar,0,22,36,21,79,0,0,31,1,32,0,22,67,22,111,28,12,40,151
02/22/2014,MLU,LA,ASW,CE,Combined TRACON& Tower with Radar,0,15,21,8,44,0,0,28,0,28,0,15,49,8,72,30,0,30,102
02/23/2014,MLU,LA,ASW,CE,Combined TRACON& Tower with Radar,0,21,28,7,56,0,0,19,4,23,0,21,47,11,79,2,0,2,81
02/24/2014,MLU,LA,ASW,CE,Combined TRACON& Tower with Radar,0,23,44,6,73,0,0,32,2,34,0,23,76,8,107,10,0,10,117
02/25/2014,MLU,LA,ASW,CE,Combined TRACON& Tower with Radar,0,19,34,12,65,0,0,3,0,3,0,19,37,12,68,0,12,12,80
02/26/2014,MLU,LA,ASW,CE,Combined TRACON& Tower with Radar,0,23,25,13,61,0,0,11,4,15,0,23,36,17,76,2,2,4,80
02/27/2014,MLU,LA,ASW,CE,Combined TRACON& Tower with Radar,0,25,25,17,67,0,0,41,5,46,0,25,66,22,113,40,8,48,161
02/28/2014,MLU,LA,ASW,CE,Combined TRACON& Tower with Radar,0,22,32,11,65,0,0,8,2,10,0,22,40,13,75,0,12,12,87
03/01/2014,MLU,LA,ASW,CE,Combined TRACON& Tower with Radar,0,10,16,7,33,0,0,8,1,9,0,10,24,8,42,0,0,0,42
03/02/2014,MLU,LA,ASW,CE,Combined TRACON& Tower with Radar,0,14,16,7,37,0,0,5,2,7,0,14,21,9,44,0,0,0,44
03/03/2014,MLU,LA,ASW,CE,Combined TRACON& Tower with Radar,0,19,18,6,43,0,1,2,0,3,0,20,20,6,46,0,0,0,46
03/04/2014,MLU,LA,ASW,CE,Combined TRACON& Tower with Radar,0,20,12,18,50,0,0,6,4,10,0,20,18,22,60,4,12,16,76
03/05/2014,MLU,LA,ASW,CE,Combined TRACON& Tower with Radar,0,22,20,22,64,0,0,2,0,2,0,22,22,22,66,0,2,2,68
03/06/2014,MLU,LA,ASW,CE,Combined TRACON& Tower with Radar,0,21,18,28,67,0,0,2,0,2,0,21,20,28,69,0,0,0,69
03/07/2014,MLU,LA,ASW,CE,Combined TRACON& Tower with Radar,0,23,35,19,77,0,0,16,7,23,0,23,51,26,100,0,8,8,108
03/08/2014,MLU,LA,ASW,CE,Combined TRACON& Tower with Radar,0,13,19,0,32,0,0,17,0,17,0,13,36,0,49,10,0,10,59
03/09/2014,MLU,LA,ASW,CE,Combined TRACON& Tower with Radar,0,17,12,0,29,0,0,9,0,9,0,17,21,0,38,20,10,30,68
03/10/2014,MLU,LA,ASW,CE,Combined TRACON& Tower with Radar,0,16,18,2,36,0,0,11,0,11,0,16,29,2,47,0,0,0,47
03/11/2014,MLU,LA,ASW,CE,Combined TRACON& Tower with Radar,0,25,30,23,78,0,0,10,1,11,0,25,40,24,89,0,0,0,89
03/12/2014,MLU,LA,ASW,CE,Combined TRACON& Tower with Radar,0,23,27,14,64,0,2,19,1,22,0,25,46,15,86,10,0,10,96
03/13/2014,MLU,LA,ASW,CE,Combined TRACON& Tower with Radar,0,20,25,12,57,0,1,49,1,51,0,21,74,13,108,96,0,96,204
03/14/2014,MLU,LA,ASW,CE,Combined TRACON& Tower with Radar,0,23,48,26,97,0,1,24,2,27,0,24,72,28,124,10,2,12,136
03/15/2014,MLU,LA,ASW,CE,Combined TRACON& Tower with Radar,0,13,23,0,36,0,0,9,4,13,0,13,32,4,49,12,0,12,61
03/16/2014,MLU,LA,ASW,CE,Combined TRACON& Tower with Radar,0,16,25,0,41,0,0,5,0,5,0,16,30,0,46,0,0,0,46
03/17/2014,MLU,LA,ASW,CE,Combined TRACON& Tower with Radar,0,22,18,42,82,0,1,7,0,8,0,23,25,42,90,0,14,14,104
03/18/2014,MLU,LA,ASW,CE,Combined TRACON& Tower with Radar,0,23,25,43,91,0,2,35,6,43,0,25,60,49,134,32,10,42,176
03/19/2014,MLU,LA,ASW,CE,Combined TRACON& Tower with Radar,0,22,31,20,73,0,1,35,2,38,0,23,66,22,111,46,0,46,157
03/20/2014,MLU,LA,ASW,CE,Combined TRACON& Tower with Radar,0,27,23,6,56,0,1,33,3,37,0,28,56,9,93,48,0,48,141
03/21/2014,MLU,LA,ASW,CE,Combined TRACON& Tower with Radar,0,19,41,19,79,0,0,32,2,34,0,19,73,21,113,0,0,0,113
03/22/2014,MLU,LA,ASW,CE,Combined TRACON& Tower with Radar,0,15,13,2,30,0,0,6,0,6,0,15,19,2,36,0,0,0,36
03/23/2014,MLU,LA,ASW,CE,Combined TRACON& Tower with Radar,0,19,15,0,34,0,0,4,0,4,0,19,19,0,38,0,0,0,38
03/24/2014,MLU,LA,ASW,CE,Combined TRACON& Tower with Radar,0,22,28,27,77,0,0,25,1,26,0,22,53,28,103,20,0,20,123
03/25/2014,MLU,LA,ASW,CE,Combined TRACON& Tower with Radar,0,20,27,26,73,0,3,36,5,44,0,23,63,31,117,4,4,8,125
03/26/2014,MLU,LA,ASW,CE,Combined TRACON& Tower with Radar,0,18,15,48,81,0,0,13,9,22,0,18,28,57,103,12,18,30,133
03/27/2014,MLU,LA,ASW,CE,Combined TRACON& Tower with Radar,0,18,12,8,38,0,0,2,4,6,0,18,14,12,44,0,2,2,46
03/28/2014,MLU,LA,ASW,CE,Combined TRACON& Tower with Radar,0,19,24,33,76,0,0,11,0,11,0,19,35,33,87,6,2,8,95
03/29/2014,MLU,LA,ASW,CE,Combined TRACON& Tower with Radar,0,14,24,45,83,0,0,18,2,20,0,14,42,47,103,16,12,28,131
03/30/2014,MLU,LA,ASW,CE,Combined TRACON& Tower with Radar,0,18,22,2,42,0,0,23,0,23,0,18,45,2,65,20,2,22,87
03/31/2014,MLU,LA,ASW,CE,Combined TRACON& Tower with Radar,0,19,28,10,57,0,0,21,1,22,0,19,49,11,79,36,2,38,117
04/01/2014,MLU,LA,ASW,CE,Combined TRACON& Tower with Radar,0,23,18,14,55,0,1,17,5,23,0,24,35,19,78,0,0,0,78
04/02/2014,MLU,LA,ASW,CE,Combined TRACON& Tower with Radar,0,18,21,2,41,0,1,4,1,6,0,19,25,3,47,4,2,6,53
04/03/2014,MLU,LA,ASW,CE,Combined TRACON& Tower with Radar,0,21,19,16,56,0,0,4,2,6,0,21,23,18,62,0,6,6,68
04/04/2014,MLU,LA,ASW,CE,Combined TRACON& Tower with Radar,0,21,34,24,79,0,1,20,1,22,0,22,54,25,101,14,0,14,115
04/05/2014,MLU,LA,ASW,CE,Combined TRACON& Tower with Radar,0,13,20,2,35,0,0,12,0,12,0,13,32,2,47,16,0,16,63
04/06/2014,MLU,LA,ASW,CE,Combined TRACON& Tower with Radar,0,20,12,0,32,0,0,0,0,0,0,20,12,0,32,0,0,0,32
04/07/2014,MLU,LA,ASW,CE,Combined TRACON& Tower with Radar,0,22,27,25,74,0,0,19,1,20,0,22,46,26,94,14,8,22,116
04/08/2014,MLU,LA,ASW,CE,Combined TRACON& Tower with Radar,0,19,16,10,45,0,0,1,1,2,0,19,17,11,47,14,0,14,61
04/09/2014,MLU,LA,ASW,CE,Combined TRACON& Tower with Radar,0,21,27,15,63,0,1,61,1,63,0,22,88,16,126,58,0,58,184
04/10/2014,MLU,LA,ASW,CE,Combined TRACON& Tower with Radar,0,23,26,53,102,0,3,23,2,28,0,26,49,55,130,52,18,70,200
04/11/2014,MLU,LA,ASW,CE,Combined TRACON& Tower with Radar,0,28,36,20,84,0,0,21,2,23,0,28,57,22,107,4,6,10,117
04/12/2014,MLU,LA,ASW,CE,Combined TRACON& Tower with Radar,0,15,33,0,48,0,0,17,0,17,0,15,50,0,65,0,0,0,65
04/13/2014,MLU,LA,ASW,CE,Combined TRACON& Tower with Radar,0,17,27,0,44,0,0,7,0,7,0,17,34,0,51,0,0,0,51
04/14/2014,MLU,LA,ASW,CE,Combined TRACON& Tower with Radar,0,17,20,0,37,0,0,1,0,1,0,17,21,0,38,0,0,0,38
04/15/2014,MLU,LA,ASW,CE,Combined TRACON& Tower with Radar,0,18,23,18,59,0,2,19,9,30,0,20,42,27,89,4,18,22,111
04/16/2014,MLU,LA,ASW,CE,Combined TRACON& Tower with Radar,0,24,34,26,84,0,0,27,4,31,0,24,61,30,115,54,14,68,183
04/17/2014,MLU,LA,ASW,CE,Combined TRACON& Tower with Radar,0,22,45,29,96,0,0,16,0,16,0,22,61,29,112,8,16,24,136
04/18/2014,MLU,LA,ASW,CE,Combined TRACON& Tower with Radar,0,22,23,55,100,0,0,22,0,22,0,22,45,55,122,2,0,2,124
04/19/2014,MLU,LA,ASW,CE,Combined TRACON& Tower with Radar,0,13,11,1,25,0,0,22,1,23,0,13,33,2,48,6,0,6,54
04/20/2014,MLU,LA,ASW,CE,Combined TRACON& Tower with Radar,0,16,11,0,27,0,0,14,0,14,0,16,25,0,41,0,0,0,41
04/21/2014,MLU,LA,ASW,CE,Combined TRACON& Tower with Radar,0,21,20,28,69,0,0,11,1,12,0,21,31,29,81,2,10,12,93
04/22/2014,MLU,LA,ASW,CE,Combined TRACON& Tower with Radar,0,29,39,33,101,0,0,19,2,21,0,29,58,35,122,0,14,14,136
04/23/2014,MLU,LA,ASW,CE,Combined TRACON& Tower with Radar,0,20,35,8,63,0,0,27,2,29,0,20,62,10,92,6,0,6,98
04/24/2014,MLU,LA,ASW,CE,Combined TRACON& Tower with Radar,0,25,21,7,53,0,0,6,1,7,0,25,27,8,60,4,0,4,64
04/25/2014,MLU,LA,ASW,CE,Combined TRACON& Tower with Radar,0,21,38,23,82,0,0,25,0,25,0,21,63,23,107,2,14,16,123
04/26/2014,MLU,LA,ASW,CE,Combined TRACON& Tower with Radar,0,11,16,0,27,0,0,29,0,29,0,11,45,0,56,16,0,16,72
04/27/2014,MLU,LA,ASW,CE,Combined TRACON& Tower with Radar,0,17,15,3,35,0,0,9,1,10,0,17,24,4,45,0,0,0,45
04/28/2014,MLU,LA,ASW,CE,Combined TRACON& Tower with Radar,0,20,15,0,35,0,0,5,0,5,0,20,20,0,40,0,0,0,40
04/29/2014,MLU,LA,ASW,CE,Combined TRACON& Tower with Radar,0,19,20,9,48,0,0,19,1,20,0,19,39,10,68,78,10,88,156
04/30/2014,MLU,LA,ASW,CE,Combined TRACON& Tower with Radar,0,17,36,27,80,0,0,22,0,22,0,17,58,27,102,52,0,52,154
05/01/2014,MLU,LA,ASW,CE,Combined TRACON& Tower with Radar,0,18,20,15,53,0,1,35,2,38,0,19,55,17,91,0,14,14,105
05/02/2014,MLU,LA,ASW,CE,Combined TRACON& Tower with Radar,0,23,24,31,78,0,0,37,1,38,0,23,61,32,116,28,8,36,152
05/03/2014,MLU,LA,ASW,CE,Combined TRACON& Tower with Radar,0,11,19,0,30,0,0,23,0,23,0,11,42,0,53,30,0,30,83
05/04/2014,MLU,LA,ASW,CE,Combined TRACON& Tower with Radar,0,17,30,12,59,0,0,13,4,17,0,17,43,16,76,0,0,0,76
05/05/2014,MLU,LA,ASW,CE,Combined TRACON& Tower with Radar,0,22,35,25,82,0,0,30,0,30,0,22,65,25,112,2,8,10,122
05/06/2014,MLU,LA,ASW,CE,Combined TRACON& Tower with Radar,0,24,20,27,71,0,0,32,1,33,0,24,52,28,104,32,6,38,142
05/07/2014,MLU,LA,ASW,CE,Combined TRACON& Tower with Radar,0,22,37,10,69,0,1,32,0,33,0,23,69,10,102,44,4,48,150
05/08/2014,MLU,LA,ASW,CE,Combined TRACON& Tower with Radar,0,16,17,9,42,0,1,14,2,17,0,17,31,11,59,0,6,6,65
05/09/2014,MLU,LA,ASW,CE,Combined TRACON& Tower with Radar,0,22,16,6,44,0,0,0,0,0,0,22,16,6,44,0,0,0,44
05/10/2014,MLU,LA,ASW,CE,Combined TRACON& Tower with Radar,0,13,13,0,26,0,2,9,0,11,0,15,22,0,37,0,0,0,37
05/11/2014,MLU,LA,ASW,CE,Combined TRACON& Tower with Radar,0,16,11,6,33,0,0,4,0,4,0,16,15,6,37,0,0,0,37
05/12/2014,MLU,LA,ASW,CE,Combined TRACON& Tower with Radar,0,17,25,10,52,0,0,4,0,4,0,17,29,10,56,0,10,10,66
05/13/2014,MLU,LA,ASW,CE,Combined TRACON& Tower with Radar,0,25,13,0,38,0,0,2,0,2,0,25,15,0,40,0,0,0,40
05/14/2014,MLU,LA,ASW,CE,Combined TRACON& Tower with Radar,0,22,39,1,62,0,0,6,0,6,0,22,45,1,68,0,0,0,68
05/15/2014,MLU,LA,ASW,CE,Combined TRACON& Tower with Radar,0,23,36,55,114,0,1,25,5,31,0,24,61,60,145,14,12,26,171
05/16/2014,MLU,LA,ASW,CE,Combined TRACON& Tower with Radar,0,25,34,11,70,0,0,35,9,44,0,25,69,20,114,22,0,22,136
05/17/2014,MLU,LA,ASW,CE,Combined TRACON& Tower with Radar,0,11,17,11,39,0,1,26,2,29,0,12,43,13,68,16,0,16,84
05/18/2014,MLU,LA,ASW,CE,Combined TRACON& Tower with Radar,0,21,30,2,53,0,0,9,0,9,0,21,39,2,62,0,0,0,62
05/19/2014,MLU,LA,ASW,CE,Combined TRACON& Tower with Radar,0,24,33,12,69,0,0,53,1,54,0,24,86,13,123,50,0,50,173
05/20/2014,MLU,LA,ASW,CE,Combined TRACON& Tower with Radar,0,38,45,52,135,0,0,16,1,17,0,38,61,53,152,10,4,14,166
05/21/2014,MLU,LA,ASW,CE,Combined TRACON& Tower with Radar,0,23,26,18,67,0,1,15,0,16,0,24,41,18,83,2,12,14,97
05/22/2014,MLU,LA,ASW,CE,Combined TRACON& Tower with Radar,0,22,26,18,66,0,0,21,4,25,0,22,47,22,91,26,4,30,121
05/23/2014,MLU,LA,ASW,CE,Combined TRACON& Tower with Radar,0,21,23,0,44,0,0,17,0,17,0,21,40,0,61,0,0,0,61
05/24/2014,MLU,LA,ASW,CE,Combined TRACON& Tower with Radar,0,13,17,0,30,0,0,15,0,15,0,13,32,0,45,8,0,8,53
05/25/2014,MLU,LA,ASW,CE,Combined TRACON& Tower with Radar,0,19,13,0,32,0,0,7,0,7,0,19,20,0,39,12,0,12,51
05/26/2014,MLU,LA,ASW,CE,Combined TRACON& Tower with Radar,0,18,20,1,39,0,0,17,0,17,0,18,37,1,56,22,0,22,78
05/27/2014,MLU,LA,ASW,CE,Combined TRACON& Tower with Radar,0,24,18,7,49,0,0,9,0,9,0,24,27,7,58,0,0,0,58
05/28/2014,MLU,LA,ASW,CE,Combined TRACON& Tower with Radar,0,22,16,0,38,0,0,3,0,3,0,22,19,0,41,0,0,0,41
05/29/2014,MLU,LA,ASW,CE,Combined TRACON& Tower with Radar,0,22,30,8,60,0,0,10,0,10,0,22,40,8,70,0,0,0,70
05/30/2014,MLU,LA,ASW,CE,Combined TRACON& Tower with Radar,0,23,15,10,48,0,0,5,0,5,0,23,20,10,53,46,0,46,99
05/31/2014,MLU,LA,ASW,CE,Combined TRACON& Tower with Radar,0,11,18,0,29,0,0,4,0,4,0,11,22,0,33,0,0,0,33
06/01/2014,MLU,LA,ASW,CE,Combined TRACON& Tower with Radar,0,18,17,6,41,0,0,0,0,0,0,18,17,6,41,0,2,2,43
06/02/2014,MLU,LA,ASW,CE,Combined TRACON& Tower with Radar,0,21,30,28,79,0,0,17,3,20,0,21,47,31,99,14,10,24,123
06/03/2014,MLU,LA,ASW,CE,Combined TRACON& Tower with Radar,1,18,19,10,48,0,0,15,7,22,1,18,34,17,70,0,6,6,76
06/04/2014,MLU,LA,ASW,CE,Combined TRACON& Tower with Radar,3,21,33,12,69,0,0,27,5,32,3,21,60,17,101,10,0,10,111
06/05/2014,MLU,LA,ASW,CE,Combined TRACON& Tower with Radar,0,22,28,22,72,0,1,24,1,26,0,23,52,23,98,10,6,16,114
06/06/2014,MLU,LA,ASW,CE,Combined TRACON& Tower with Radar,0,23,20,24,67,0,2,16,0,18,0,25,36,24,85,0,0,0,85
06/07/2014,MLU,LA,ASW,CE,Combined TRACON& Tower with Radar,0,15,11,3,29,0,0,16,5,21,0,15,27,8,50,18,0,18,68
06/08/2014,MLU,LA,ASW,CE,Combined TRACON& Tower with Radar,0,16,9,5,30,0,0,2,1,3,0,16,11,6,33,0,0,0,33
06/09/2014,MLU,LA,ASW,CE,Combined TRACON& Tower with Radar,0,14,16,0,30,0,0,5,1,6,0,14,21,1,36,0,0,0,36
06/10/2014,MLU,LA,ASW,CE,Combined TRACON& Tower with Radar,0,20,21,50,91,0,0,13,6,19,0,20,34,56,110,10,24,34,144
06/11/2014,MLU,LA,ASW,CE,Combined TRACON& Tower with Radar,0,20,30,32,82,0,0,33,0,33,0,20,63,32,115,10,8,18,133
06/12/2014,MLU,LA,ASW,CE,Combined TRACON& Tower with Radar,0,17,25,17,59,0,1,12,3,16,0,18,37,20,75,14,4,18,93
06/13/2014,MLU,LA,ASW,CE,Combined TRACON& Tower with Radar,0,23,32,62,117,0,0,19,5,24,0,23,51,67,141,6,52,58,199
06/14/2014,MLU,LA,ASW,CE,Combined TRACON& Tower with Radar,0,17,18,11,46,0,1,14,3,18,0,18,32,14,64,0,0,0,64
06/15/2014,MLU,LA,ASW,CE,Combined TRACON& Tower with Radar,0,20,6,0,26,0,2,14,0,16,0,22,20,0,42,18,0,18,60
06/16/2014,MLU,LA,ASW,CE,Combined TRACON& Tower with Radar,0,20,16,47,83,0,0,8,0,8,0,20,24,47,91,12,20,32,123
06/17/2014,MLU,LA,ASW,CE,Combined TRACON& Tower with Radar,0,24,18,20,62,0,0,17,3,20,0,24,35,23,82,60,10,70,152
06/18/2014,MLU,LA,ASW,CE,Combined TRACON& Tower with Radar,0,18,23,30,71,0,0,17,0,17,0,18,40,30,88,32,0,32,120
06/19/2014,MLU,LA,ASW,CE,Combined TRACON& Tower with Radar,0,19,31,16,66,0,0,16,3,19,0,19,47,19,85,0,22,22,107
06/20/2014,MLU,LA,ASW,CE,Combined TRACON& Tower with Radar,0,19,17,41,77,0,0,19,1,20,0,19,36,42,97,6,6,12,109
06/21/2014,MLU,LA,ASW,CE,Combined TRACON& Tower with Radar,0,14,19,8,41,0,0,27,2,29,0,14,46,10,70,38,4,42,112
06/22/2014,MLU,LA,ASW,CE,Combined TRACON& Tower with Radar,0,17,14,10,41,0,0,7,0,7,0,17,21,10,48,0,24,24,72
06/23/2014,MLU,LA,ASW,CE,Combined TRACON& Tower with Radar,0,14,32,23,69,0,0,17,0,17,0,14,49,23,86,30,30,60,146
06/24/2014,MLU,LA,ASW,CE,Combined TRACON& Tower with Radar,0,22,16,1,39,0,0,10,3,13,0,22,26,4,52,70,0,70,122
06/25/2014,MLU,LA,ASW,CE,Combined TRACON& Tower with Radar,0,15,21,9,45,0,0,10,0,10,0,15,31,9,55,34,6,40,95
06/26/2014,MLU,LA,ASW,CE,Combined TRACON& Tower with Radar,0,20,25,19,64,0,0,13,0,13,0,20,38,19,77,0,0,0,77
06/27/2014,MLU,LA,ASW,CE,Combined TRACON& Tower with Radar,0,21,29,19,69,0,0,10,4,14,0,21,39,23,83,44,22,66,149
06/28/2014,MLU,LA,ASW,CE,Combined TRACON& Tower with Radar,0,16,20,12,48,0,0,13,2,15,0,16,33,14,63,36,0,36,99
06/29/2014,MLU,LA,ASW,CE,Combined TRACON& Tower with Radar,0,18,22,14,54,0,0,18,0,18,0,18,40,14,72,18,0,18,90
06/30/2014,MLU,LA,ASW,CE,Combined TRACON& Tower with Radar,0,21,24,20,65,0,0,19,0,19,0,21,43,20,84,36,26,62,146
07/01/2014,MLU,LA,ASW,CE,Combined TRACON& Tower with Radar,0,20,27,40,87,0,0,25,4,29,0,20,52,44,116,38,58,96,212
07/02/2014,MLU,LA,ASW,CE,Combined TRACON& Tower with Radar,0,28,23,34,85,0,0,18,0,18,0,28,41,34,103,26,16,42,145
07/03/2014,MLU,LA,ASW,CE,Combined TRACON& Tower with Radar,0,23,29,21,73,0,0,25,1,26,0,23,54,22,99,88,6,94,193
07/04/2014,MLU,LA,ASW,CE,Combined TRACON& Tower with Radar,0,14,14,0,28,0,0,19,0,19,0,14,33,0,47,6,0,6,53
07/05/2014,MLU,LA,ASW,CE,Combined TRACON& Tower with Radar,2,13,15,0,30,0,0,26,0,26,2,13,41,0,56,30,0,30,86
07/06/2014,MLU,LA,ASW,CE,Combined TRACON& Tower with Radar,0,22,20,0,42,0,0,36,0,36,0,22,56,0,78,36,0,36,114
07/07/2014,MLU,LA,ASW,CE,Combined TRACON& Tower with Radar,0,24,34,8,66,0,0,17,0,17,0,24,51,8,83,20,18,38,121
07/08/2014,MLU,LA,ASW,CE,Combined TRACON& Tower with Radar,0,27,25,77,129,0,0,20,1,21,0,27,45,78,150,52,30,82,232
07/09/2014,MLU,LA,ASW,CE,Combined TRACON& Tower with Radar,0,22,32,4,58,0,0,4,0,4,0,22,36,4,62,0,0,0,62
07/10/2014,MLU,LA,ASW,CE,Combined TRACON& Tower with Radar,0,24,27,47,98,0,0,15,1,16,0,24,42,48,114,10,10,20,134
07/11/2014,MLU,LA,ASW,CE,Combined TRACON& Tower with Radar,0,23,24,30,77,0,0,19,2,21,0,23,43,32,98,46,12,58,156
07/12/2014,MLU,LA,ASW,CE,Combined TRACON& Tower with Radar,0,17,15,2,34,0,0,18,2,20,0,17,33,4,54,2,0,2,56
07/13/2014,MLU,LA,ASW,CE,Combined TRACON& Tower with Radar,0,18,16,0,34,0,1,18,0,19,0,19,34,0,53,38,0,38,91
07/14/2014,MLU,LA,ASW,CE,Combined TRACON& Tower with Radar,0,19,24,12,55,0,0,14,0,14,0,19,38,12,69,18,2,20,89
07/15/2014,MLU,LA,ASW,CE,Combined TRACON& Tower with Radar,0,20,11,11,42,0,0,8,4,12,0,20,19,15,54,4,0,4,58
07/16/2014,MLU,LA,ASW,CE,Combined TRACON& Tower with Radar,0,20,13,27,60,0,0,19,0,19,0,20,32,27,79,46,26,72,151
07/17/2014,MLU,LA,ASW,CE,Combined TRACON& Tower with Radar,0,20,21,1,42,0,0,6,0,6,0,20,27,1,48,0,0,0,48
07/18/2014,MLU,LA,ASW,CE,Combined TRACON& Tower with Radar,0,18,27,2,47,0,0,3,0,3,0,18,30,2,50,0,0,0,50
07/19/2014,MLU,LA,ASW,CE,Combined TRACON& Tower with Radar,2,16,17,2,37,0,0,4,3,7,2,16,21,5,44,0,0,0,44
07/20/2014,MLU,LA,ASW,CE,Combined TRACON& Tower with Radar,0,19,22,7,48,0,0,15,1,16,0,19,37,8,64,0,0,0,64
07/21/2014,MLU,LA,ASW,CE,Combined TRACON& Tower with Radar,0,22,39,60,121,0,0,28,1,29,0,22,67,61,150,44,20,64,214
07/22/2014,MLU,LA,ASW,CE,Combined TRACON& Tower with Radar,0,21,18,44,83,0,0,54,0,54,0,21,72,44,137,14,10,24,161
07/23/2014,MLU,LA,ASW,CE,Combined TRACON& Tower with Radar,2,18,24,54,98,0,0,14,2,16,2,18,38,56,114,2,44,46,160
07/24/2014,MLU,LA,ASW,CE,Combined TRACON& Tower with Radar,0,26,32,35,93,0,0,34,4,38,0,26,66,39,131,0,26,26,157
07/25/2014,MLU,LA,ASW,CE,Combined TRACON& Tower with Radar,0,23,33,21,77,0,0,26,5,31,0,23,59,26,108,12,0,12,120
07/26/2014,MLU,LA,ASW,CE,Combined TRACON& Tower with Radar,0,18,16,8,42,0,0,22,0,22,0,18,38,8,64,2,14,16,80
07/27/2014,MLU,LA,ASW,CE,Combined TRACON& Tower with Radar,0,21,14,0,35,0,0,14,0,14,0,21,28,0,49,28,0,28,77
07/28/2014,MLU,LA,ASW,CE,Combined TRACON& Tower with Radar,0,19,30,10,59,0,0,8,1,9,0,19,38,11,68,0,8,8,76
07/29/2014,MLU,LA,ASW,CE,Combined TRACON& Tower with Radar,0,17,34,15,66,0,0,28,2,30,0,17,62,17,96,24,6,30,126
07/30/2014,MLU,LA,ASW,CE,Combined TRACON& Tower with Radar,0,19,28,18,65,0,2,28,2,32,0,21,56,20,97,0,0,0,97
07/31/2014,MLU,LA,ASW,CE,Combined TRACON& Tower with Radar,0,26,33,0,59,0,1,13,3,17,0,27,46,3,76,32,0,32,108
08/01/2014,MLU,LA,ASW,CE,Combined TRACON& Tower with Radar,0,21,17,12,50,0,0,0,0,0,0,21,17,12,50,0,0,0,50
08/02/2014,MLU,LA,ASW,CE,Combined TRACON& Tower with Radar,0,15,15,0,30,0,0,9,0,9,0,15,24,0,39,12,0,12,51
08/03/2014,MLU,LA,ASW,CE,Combined TRACON& Tower with Radar,0,20,16,0,36,0,0,13,0,13,0,20,29,0,49,0,0,0,49
08/04/2014,MLU,LA,ASW,CE,Combined TRACON& Tower with Radar,0,20,21,6,47,0,0,19,1,20,0,20,40,7,67,32,14,46,113
08/05/2014,MLU,LA,ASW,CE,Combined TRACON& Tower with Radar,0,21,28,42,91,0,0,39,2,41,0,21,67,44,132,28,0,28,160
08/06/2014,MLU,LA,ASW,CE,Combined TRACON& Tower with Radar,0,23,31,14,68,0,1,14,2,17,0,24,45,16,85,0,0,0,85
08/07/2014,MLU,LA,ASW,CE,Combined TRACON& Tower with Radar,0,19,21,26,66,0,0,19,2,21,0,19,40,28,87,2,0,2,89
08/08/2014,MLU,LA,ASW,CE,Combined TRACON& Tower with Radar,0,19,25,22,66,0,0,19,1,20,0,19,44,23,86,26,0,26,112
08/09/2014,MLU,LA,ASW,CE,Combined TRACON& Tower with Radar,0,15,9,5,29,0,0,13,1,14,0,15,22,6,43,4,36,40,83
08/10/2014,MLU,LA,ASW,CE,Combined TRACON& Tower with Radar,0,19,16,2,37,0,0,9,3,12,0,19,25,5,49,82,0,82,131
08/11/2014,MLU,LA,ASW,CE,Combined TRACON& Tower with Radar,0,20,14,6,40,0,0,7,2,9,0,20,21,8,49,22,2,24,73
08/12/2014,MLU,LA,ASW,CE,Combined TRACON& Tower with Radar,0,28,27,30,85,0,0,14,8,22,0,28,41,38,107,54,46,100,207
08/13/2014,MLU,LA,ASW,CE,Combined TRACON& Tower with Radar,0,19,29,24,72,0,0,34,4,38,0,19,63,28,110,16,2,18,128
08/14/2014,MLU,LA,ASW,CE,Combined TRACON& Tower with Radar,0,24,27,53,104,0,0,22,0,22,0,24,49,53,126,22,4,26,152
08/15/2014,MLU,LA,ASW,CE,Combined TRACON& Tower with Radar,0,22,13,28,63,0,0,14,2,16,0,22,27,30,79,0,10,10,89
08/16/2014,MLU,LA,ASW,CE,Combined TRACON& Tower with Radar,0,16,22,25,63,0,1,23,2,26,0,17,45,27,89,10,2,12,101
08/17/2014,MLU,LA,ASW,CE,Combined TRACON& Tower with Radar,0,18,15,0,33,0,0,11,0,11,0,18,26,0,44,50,0,50,94
08/18/2014,MLU,LA,ASW,CE,Combined TRACON& Tower with Radar,0,19,21,4,44,0,0,6,0,6,0,19,27,4,50,24,0,24,74
08/19/2014,MLU,LA,ASW,CE,Combined TRACON& Tower with Radar,0,23,33,29,85,0,0,24,3,27,0,23,57,32,112,2,20,22,134
08/20/2014,MLU,LA,ASW,CE,Combined TRACON& Tower with Radar,0,20,31,62,113,0,0,30,1,31,0,20,61,63,144,50,6,56,200
08/21/2014,MLU,LA,ASW,CE,Combined TRACON& Tower with Radar,0,20,25,10,55,0,0,8,1,9,0,20,33,11,64,26,0,26,90
08/22/2014,MLU,LA,ASW,CE,Combined TRACON& Tower with Radar,0,25,22,29,76,0,0,15,3,18,0,25,37,32,94,26,12,38,132
08/23/2014,MLU,LA,ASW,CE,Combined TRACON& Tower with Radar,0,13,12,0,25,0,0,17,0,17,0,13,29,0,42,52,0,52,94
08/24/2014,MLU,LA,ASW,CE,Combined TRACON& Tower with Radar,0,18,19,0,37,0,0,13,2,15,0,18,32,2,52,18,0,18,70
08/25/2014,MLU,LA,ASW,CE,Combined TRACON& Tower with Radar,0,23,17,21,61,0,1,10,2,13,0,24,27,23,74,0,6,6,80
08/26/2014,MLU,LA,ASW,CE,Combined TRACON& Tower with Radar,0,24,20,14,58,0,0,24,3,27,0,24,44,17,85,64,10,74,159
08/27/2014,MLU,LA,ASW,CE,Combined TRACON& Tower with Radar,2,23,21,34,80,0,0,36,1,37,2,23,57,35,117,14,38,52,169
08/28/2014,MLU,LA,ASW,CE,Combined TRACON& Tower with Radar,1,23,27,31,82,0,0,21,3,24,1,23,48,34,106,4,0,4,110
08/29/2014,MLU,LA,ASW,CE,Combined TRACON& Tower with Radar,2,20,23,2,47,0,0,13,0,13,2,20,36,2,60,38,0,38,98
08/30/2014,MLU,LA,ASW,CE,Combined TRACON& Tower with Radar,0,14,2,0,16,0,0,0,0,0,0,14,2,0,16,0,0,0,16
08/31/2014,MLU,LA,ASW,CE,Combined TRACON& Tower with Radar,0,14,12,0,26,0,0,0,0,0,0,14,12,0,26,0,0,0,26
09/01/2014,MLU,LA,ASW,CE,Combined TRACON& Tower with Radar,0,17,17,0,34,0,0,7,0,7,0,17,24,0,41,18,0,18,59
09/02/2014,MLU,LA,ASW,CE,Combined TRACON& Tower with Radar,0,26,17,34,77,0,0,4,0,4,0,26,21,34,81,24,4,28,109
09/03/2014,MLU,LA,ASW,CE,Combined TRACON& Tower with Radar,0,20,30,16,66,0,0,15,5,20,0,20,45,21,86,0,0,0,86
09/04/2014,MLU,LA,ASW,CE,Combined TRACON& Tower with Radar,0,20,31,44,95,0,0,27,0,27,0,20,58,44,122,16,6,22,144
09/05/2014,MLU,LA,ASW,CE,Combined TRACON& Tower with Radar,1,20,26,42,89,0,1,8,1,10,1,21,34,43,99,2,28,30,129
09/06/2014,MLU,LA,ASW,CE,Combined TRACON& Tower with Radar,0,11,12,0,23,0,1,16,0,17,0,12,28,0,40,2,0,2,42
09/07/2014,MLU,LA,ASW,CE,Combined TRACON& Tower with Radar,0,21,51,0,72,0,0,6,0,6,0,21,57,0,78,0,0,0,78
09/08/2014,MLU,LA,ASW,CE,Combined TRACON& Tower with Radar,0,22,28,66,116,0,2,16,5,23,0,24,44,71,139,36,12,48,187
09/09/2014,MLU,LA,ASW,CE,Combined TRACON& Tower with Radar,0,21,26,11,58,0,0,19,2,21,0,21,45,13,79,56,4,60,139
09/10/2014,MLU,LA,ASW,CE,Combined TRACON& Tower with Radar,2,16,43,88,149,0,0,28,3,31,2,16,71,91,180,30,16,46,226
09/11/2014,MLU,LA,ASW,CE,Combined TRACON& Tower with Radar,0,25,32,10,67,0,0,24,4,28,0,25,56,14,95,4,4,8,103
09/12/2014,MLU,LA,ASW,CE,Combined TRACON& Tower with Radar,0,20,25,2,47,0,0,0,2,2,0,20,25,4,49,0,0,0,49
09/13/2014,MLU,LA,ASW,CE,Combined TRACON& Tower with Radar,0,13,23,20,56,0,0,6,1,7,0,13,29,21,63,0,0,0,63
09/14/2014,MLU,LA,ASW,CE,Combined TRACON& Tower with Radar,0,21,32,6,59,0,0,9,1,10,0,21,41,7,69,24,0,24,93
09/15/2014,MLU,LA,ASW,CE,Combined TRACON& Tower with Radar,0,22,29,37,88,0,0,19,2,21,0,22,48,39,109,22,0,22,131
09/16/2014,MLU,LA,ASW,CE,Combined TRACON& Tower with Radar,0,20,25,40,85,0,0,20,3,23,0,20,45,43,108,2,12,14,122
09/17/2014,MLU,LA,ASW,CE,Combined TRACON& Tower with Radar,0,22,43,59,124,0,0,40,4,44,0,22,83,63,168,16,46,62,230
09/18/2014,MLU,LA,ASW,CE,Combined TRACON& Tower with Radar,0,22,25,29,76,0,0,14,2,16,0,22,39,31,92,18,0,18,110
09/19/2014,MLU,LA,ASW,CE,Combined TRACON& Tower with Radar,0,21,37,19,77,0,2,33,0,35,0,23,70,19,112,22,10,32,144
09/20/2014,MLU,LA,ASW,CE,Combined TRACON& Tower with Radar,0,11,13,28,52,0,0,28,1,29,0,11,41,29,81,44,18,62,143
09/21/2014,MLU,LA,ASW,CE,Combined TRACON& Tower with Radar,0,16,18,3,37,0,0,16,0,16,0,16,34,3,53,0,0,0,53
09/22/2014,MLU,LA,ASW,CE,Combined TRACON& Tower with Radar,0,20,28,43,91,0,0,23,3,26,0,20,51,46,117,4,12,16,133
09/23/2014,MLU,LA,ASW,CE,Combined TRACON& Tower with Radar,0,20,31,34,85,0,0,39,3,42,0,20,70,37,127,10,18,28,155
09/24/2014,MLU,LA,ASW,CE,Combined TRACON& Tower with Radar,0,23,29,50,102,0,0,24,2,26,0,23,53,52,128,32,30,62,190
09/25/2014,MLU,LA,ASW,CE,Combined TRACON& Tower with Radar,0,21,27,44,92,0,0,17,0,17,0,21,44,44,109,12,44,56,165
09/26/2014,MLU,LA,ASW,CE,Combined TRACON& Tower with Radar,2,24,33,37,96,0,0,23,0,23,2,24,56,37,119,14,34,48,167
09/27/2014,MLU,LA,ASW,CE,Combined TRACON& Tower with Radar,0,11,25,2,38,0,1,32,7,40,0,12,57,9,78,28,0,28,106
09/28/2014,MLU,LA,ASW,CE,Combined TRACON& Tower with Radar,0,18,27,14,59,0,0,20,0,20,0,18,47,14,79,28,12,40,119
09/29/2014,MLU,LA,ASW,CE,Combined TRACON& Tower with Radar,0,21,27,29,77,0,0,18,0,18,0,21,45,29,95,14,10,24,119
09/30/2014,MLU,LA,ASW,CE,Combined TRACON& Tower with Radar,0,18,27,1,46,0,0,31,1,32,0,18,58,2,78,32,0,32,110
10/01/2014,MLU,LA,ASW,CE,Combined TRACON& Tower with Radar,0,24,20,12,56,0,0,8,1,9,0,24,28,13,65,0,4,4,69
10/02/2014,MLU,LA,ASW,CE,Combined TRACON& Tower with Radar,0,23,27,0,50,0,0,6,2,8,0,23,33,2,58,4,0,4,62
10/03/2014,MLU,LA,ASW,CE,Combined TRACON& Tower with Radar,0,20,35,38,93,0,0,20,4,24,0,20,55,42,117,56,28,84,201
10/04/2014,MLU,LA,ASW,CE,Combined TRACON& Tower with Radar,1,11,17,0,29,0,2,30,0,32,1,13,47,0,61,18,0,18,79
10/05/2014,MLU,LA,ASW,CE,Combined TRACON& Tower with Radar,0,18,34,0,52,0,0,17,0,17,0,18,51,0,69,0,0,0,69
10/06/2014,MLU,LA,ASW,CE,Combined TRACON& Tower with Radar,0,21,22,7,50,0,0,16,1,17,0,21,38,8,67,0,8,8,75
10/07/2014,MLU,LA,ASW,CE,Combined TRACON& Tower with Radar,0,20,24,40,84,0,0,13,9,22,0,20,37,49,106,10,0,10,116
10/08/2014,MLU,LA,ASW,CE,Combined TRACON& Tower with Radar,0,25,37,45,107,0,0,15,2,17,0,25,52,47,124,4,14,18,142
10/09/2014,MLU,LA,ASW,CE,Combined TRACON& Tower with Radar,0,25,34,38,97,0,0,20,1,21,0,25,54,39,118,0,0,0,118
10/10/2014,MLU,LA,ASW,CE,Combined TRACON& Tower with Radar,2,22,34,48,106,0,0,11,1,12,2,22,45,49,118,42,0,42,160
10/11/2014,MLU,LA,ASW,CE,Combined TRACON& Tower with Radar,2,11,8,0,21,0,0,7,0,7,2,11,15,0,28,28,0,28,56
10/12/2014,MLU,LA,ASW,CE,Combined TRACON& Tower with Radar,0,17,14,0,31,0,0,6,0,6,0,17,20,0,37,12,0,12,49
10/13/2014,MLU,LA,ASW,CE,Combined TRACON& Tower with Radar,0,16,13,0,29,0,0,1,0,1,0,16,14,0,30,6,0,6,36
10/14/2014,MLU,LA,ASW,CE,Combined TRACON& Tower with Radar,0,19,17,42,78,0,1,16,10,27,0,20,33,52,105,14,70,84,189
10/15/2014,MLU,LA,ASW,CE,Combined TRACON& Tower with Radar,0,23,27,49,99,0,0,34,1,35,0,23,61,50,134,6,26,32,166
10/16/2014,MLU,LA,ASW,CE,Combined TRACON& Tower with Radar,0,21,36,10,67,0,0,24,0,24,0,21,60,10,91,46,0,46,137
10/17/2014,MLU,LA,ASW,CE,Combined TRACON& Tower with Radar,0,21,20,51,92,0,0,47,1,48,0,21,67,52,140,12,0,12,152
10/18/2014,MLU,LA,ASW,CE,Combined TRACON& Tower with Radar,0,11,27,2,40,0,0,43,0,43,0,11,70,2,83,18,0,18,101
10/19/2014,MLU,LA,ASW,CE,Combined TRACON& Tower with Radar,0,17,13,0,30,0,1,16,1,18,0,18,29,1,48,52,0,52,100
10/20/2014,MLU,LA,ASW,CE,Combined TRACON& Tower with Radar,0,22,25,27,74,0,0,27,3,30,0,22,52,30,104,84,2,86,190
10/21/2014,MLU,LA,ASW,CE,Combined TRACON& Tower with Radar,0,20,25,67,112,0,1,24,6,31,0,21,49,73,143,26,4,30,173
10/22/2014,MLU,LA,ASW,CE,Combined TRACON& Tower with Radar,0,26,23,15,64,0,1,30,2,33,0,27,53,17,97,0,0,0,97
10/23/2014,MLU,LA,ASW,CE,Combined TRACON& Tower with Radar,0,23,41,51,115,0,0,30,6,36,0,23,71,57,151,46,16,62,213
10/24/2014,MLU,LA,ASW,CE,Combined TRACON& Tower with Radar,1,23,24,37,85,0,2,23,0,25,1,25,47,37,110,90,4,94,204
10/25/2014,MLU,LA,ASW,CE,Combined TRACON& Tower with Radar,2,11,21,0,34,0,0,23,0,23,2,11,44,0,57,6,0,6,63
10/26/2014,MLU,LA,ASW,CE,Combined TRACON& Tower with Radar,0,20,18,10,48,0,0,22,0,22,0,20,40,10,70,26,16,42,112
10/27/2014,MLU,LA,ASW,CE,Combined TRACON& Tower with Radar,0,23,38,26,87,0,1,30,0,31,0,24,68,26,118,4,8,12,130
10/28/2014,MLU,LA,ASW,CE,Combined TRACON& Tower with Radar,0,22,29,44,95,0,0,28,2,30,0,22,57,46,125,34,0,34,159
10/29/2014,MLU,LA,ASW,CE,Combined TRACON& Tower with Radar,0,23,29,26,78,0,0,15,2,17,0,23,44,28,95,20,0,20,115
10/30/2014,MLU,LA,ASW,CE,Combined TRACON& Tower with Radar,0,20,23,42,85,0,0,35,5,40,0,20,58,47,125,24,4,28,153
10/31/2014,MLU,LA,ASW,CE,Combined TRACON& Tower with Radar,2,23,26,20,71,0,0,17,0,17,2,23,43,20,88,10,26,36,124
11/01/2014,MLU,LA,ASW,CE,Combined TRACON& Tower with Radar,2,11,20,2,35,0,0,20,0,20,2,11,40,2,55,74,0,74,129
11/02/2014,MLU,LA,ASW,CE,Combined TRACON& Tower with Radar,0,22,20,0,42,0,0,19,0,19,0,22,39,0,61,2,0,2,63
11/03/2014,MLU,LA,ASW,CE,Combined TRACON& Tower with Radar,0,22,16,28,66,0,0,31,2,33,0,22,47,30,99,40,2,42,141
11/04/2014,MLU,LA,ASW,CE,Combined TRACON& Tower with Radar,0,17,26,18,61,0,0,16,1,17,0,17,42,19,78,12,52,64,142
11/05/2014,MLU,LA,ASW,CE,Combined TRACON& Tower with Radar,0,23,35,8,66,0,0,8,1,9,0,23,43,9,75,0,0,0,75
11/06/2014,MLU,LA,ASW,CE,Combined TRACON& Tower with Radar,0,20,35,44,99,0,1,27,8,36,0,21,62,52,135,34,10,44,179
11/07/2014,MLU,LA,ASW,CE,Combined TRACON& Tower with Radar,2,21,27,20,70,0,1,19,5,25,2,22,46,25,95,0,12,12,107
11/08/2014,MLU,LA,ASW,CE,Combined TRACON& Tower with Radar,0,13,16,7,36,0,0,15,1,16,0,13,31,8,52,2,0,2,54
11/09/2014,MLU,LA,ASW,CE,Combined TRACON& Tower with Radar,0,20,14,0,34,0,0,17,0,17,0,20,31,0,51,16,0,16,67
11/10/2014,MLU,LA,ASW,CE,Combined TRACON& Tower with Radar,0,20,28,8,56,0,1,19,2,22,0,21,47,10,78,18,4,22,100
11/11/2014,MLU,LA,ASW,CE,Combined TRACON& Tower with Radar,0,23,30,0,53,0,0,8,0,8,0,23,38,0,61,0,0,0,61
11/12/2014,MLU,LA,ASW,CE,Combined TRACON& Tower with Radar,0,23,33,30,86,0,0,13,1,14,0,23,46,31,100,0,0,0,100
11/13/2014,MLU,LA,ASW,CE,Combined TRACON& Tower with Radar,0,24,27,39,90,0,0,10,1,11,0,24,37,40,101,0,0,0,101
11/14/2014,MLU,LA,ASW,CE,Combined TRACON& Tower with Radar,0,20,23,42,85,0,0,20,0,20,0,20,43,42,105,0,0,0,105
11/15/2014,MLU,LA,ASW,CE,Combined TRACON& Tower with Radar,0,14,22,12,48,0,0,23,0,23,0,14,45,12,71,0,0,0,71
11/16/2014,MLU,LA,ASW,CE,Combined TRACON& Tower with Radar,0,23,23,0,46,0,0,0,0,0,0,23,23,0,46,0,0,0,46
11/17/2014,MLU,LA,ASW,CE,Combined TRACON& Tower with Radar,0,17,22,56,95,0,0,12,4,16,0,17,34,60,111,0,0,0,111
11/18/2014,MLU,LA,ASW,CE,Combined TRACON& Tower with Radar,0,20,17,38,75,0,0,20,1,21,0,20,37,39,96,0,0,0,96
11/19/2014,MLU,LA,ASW,CE,Combined TRACON& Tower with Radar,0,21,21,23,65,0,0,27,4,31,0,21,48,27,96,0,0,0,96
11/20/2014,MLU,LA,ASW,CE,Combined TRACON& Tower with Radar,0,24,29,21,74,0,0,15,2,17,0,24,44,23,91,0,0,0,91
11/21/2014,MLU,LA,ASW,CE,Combined TRACON& Tower with Radar,4,21,31,9,65,0,0,7,1,8,4,21,38,10,73,0,0,0,73
11/22/2014,MLU,LA,ASW,CE,Combined TRACON& Tower with Radar,1,11,15,0,27,0,0,15,0,15,1,11,30,0,42,0,0,0,42
11/23/2014,MLU,LA,ASW,CE,Combined TRACON& Tower with Radar,1,18,18,1,38,0,0,1,2,3,1,18,19,3,41,0,0,0,41
11/24/2014,MLU,LA,ASW,CE,Combined TRACON& Tower with Radar,0,18,32,53,103,0,0,16,2,18,0,18,48,55,121,0,0,0,121
11/25/2014,MLU,LA,ASW,CE,Combined TRACON& Tower with Radar,0,22,23,32,77,0,0,21,3,24,0,22,44,35,101,0,0,0,101
11/26/2014,MLU,LA,ASW,CE,Combined TRACON& Tower with Radar,0,21,22,0,43,0,0,14,0,14,0,21,36,0,57,0,0,0,57
11/27/2014,MLU,LA,ASW,CE,Combined TRACON& Tower with Radar,0,14,4,0,18,0,1,15,0,16,0,15,19,0,34,0,0,0,34
11/28/2014,MLU,LA,ASW,CE,Combined TRACON& Tower with Radar,4,17,12,0,33,0,0,21,0,21,4,17,33,0,54,0,0,0,54
11/29/2014,MLU,LA,ASW,CE,Combined TRACON& Tower with Radar,2,18,4,0,24,0,0,5,0,5,2,18,9,0,29,0,0,0,29
11/30/2014,MLU,LA,ASW,CE,Combined TRACON& Tower with Radar,1,23,21,0,45,0,1,19,0,20,1,24,40,0,65,0,0,0,65
12/01/2014,MLU,LA,ASW,CE,Combined TRACON& Tower with Radar,0,25,23,15,63,0,0,9,0,9,0,25,32,15,72,0,2,2,74
12/02/2014,MLU,LA,ASW,CE,Combined TRACON& Tower with Radar,0,22,37,20,79,0,0,0,0,0,0,22,37,20,79,0,0,0,79
12/03/2014,MLU,LA,ASW,CE,Combined TRACON& Tower with Radar,0,23,38,8,69,0,0,3,0,3,0,23,41,8,72,0,30,30,102
12/04/2014,MLU,LA,ASW,CE,Combined TRACON& Tower with Radar,0,20,15,2,37,0,0,12,0,12,0,20,27,2,49,0,0,0,49
12/05/2014,MLU,LA,ASW,CE,Combined TRACON& Tower with Radar,4,30,18,14,66,0,0,1,0,1,4,30,19,14,67,14,0,14,81
12/06/2014,MLU,LA,ASW,CE,Combined TRACON& Tower with Radar,2,12,27,28,69,0,0,9,1,10,2,12,36,29,79,0,0,0,79
12/07/2014,MLU,LA,ASW,CE,Combined TRACON& Tower with Radar,0,19,23,6,48,0,0,8,4,12,0,19,31,10,60,0,4,4,64
12/08/2014,MLU,LA,ASW,CE,Combined TRACON& Tower with Radar,0,19,26,48,93,0,0,24,0,24,0,19,50,48,117,0,30,30,147
12/09/2014,MLU,LA,ASW,CE,Combined TRACON& Tower with Radar,0,16,26,58,100,0,0,21,3,24,0,16,47,61,124,6,16,22,146
12/10/2014,MLU,LA,ASW,CE,Combined TRACON& Tower with Radar,0,22,25,24,71,0,0,30,4,34,0,22,55,28,105,10,12,22,127
12/11/2014,MLU,LA,ASW,CE,Combined TRACON& Tower with Radar,0,22,35,17,74,0,0,1,1,2,0,22,36,18,76,22,0,22,98
12/12/2014,MLU,LA,ASW,CE,Combined TRACON& Tower with Radar,0,23,26,11,60,0,0,6,1,7,0,23,32,12,67,4,0,4,71
12/13/2014,MLU,LA,ASW,CE,Combined TRACON& Tower with Radar,0,13,26,12,51,0,0,30,0,30,0,13,56,12,81,30,14,44,125
12/14/2014,MLU,LA,ASW,CE,Combined TRACON& Tower with Radar,0,20,19,4,43,0,0,17,0,17,0,20,36,4,60,16,0,16,76
12/15/2014,MLU,LA,ASW,CE,Combined TRACON& Tower with Radar,0,20,18,0,38,0,0,8,1,9,0,20,26,1,47,0,0,0,47
12/16/2014,MLU,LA,ASW,CE,Combined TRACON& Tower with Radar,0,29,29,46,104,0,0,29,4,33,0,29,58,50,137,54,16,70,207
12/17/2014,MLU,LA,ASW,CE,Combined TRACON& Tower with Radar,0,24,39,31,94,0,0,24,0,24,0,24,63,31,118,30,36,66,184
12/18/2014,MLU,LA,ASW,CE,Combined TRACON& Tower with Radar,0,9,22,16,47,0,0,2,1,3,0,9,24,17,50,0,0,0,50
12/19/2014,MLU,LA,ASW,CE,Combined TRACON& Tower with Radar,0,15,23,20,58,0,0,2,0,2,0,15,25,20,60,0,0,0,60
12/20/2014,MLU,LA,ASW,CE,Combined TRACON& Tower with Radar,0,18,12,2,32,0,0,12,1,13,0,18,24,3,45,38,0,38,83
12/21/2014,MLU,LA,ASW,CE,Combined TRACON& Tower with Radar,0,18,20,9,47,0,0,4,0,4,0,18,24,9,51,38,28,66,117
12/22/2014,MLU,LA,ASW,CE,Combined TRACON& Tower with Radar,0,19,16,6,41,0,0,2,0,2,0,19,18,6,43,0,0,0,43
12/23/2014,MLU,LA,ASW,CE,Combined TRACON& Tower with Radar,0,19,5,0,24,0,0,1,0,1,0,19,6,0,25,0,0,0,25
12/24/2014,MLU,LA,ASW,CE,Combined TRACON& Tower with Radar,0,17,13,0,30,0,0,5,0,5,0,17,18,0,35,10,0,10,45
12/25/2014,MLU,LA,ASW,CE,Combined TRACON& Tower with Radar,0,11,2,0,13,0,0,13,0,13,0,11,15,0,26,0,0,0,26
12/26/2014,MLU,LA,ASW,CE,Combined TRACON& Tower with Radar,0,15,7,0,22,0,0,6,0,6,0,15,13,0,28,0,0,0,28
12/27/2014,MLU,LA,ASW,CE,Combined TRACON& Tower with Radar,0,15,7,0,22,0,0,0,0,0,0,15,7,0,22,0,0,0,22
12/28/2014,MLU,LA,ASW,CE,Combined TRACON& Tower with Radar,0,18,6,0,24,0,0,0,0,0,0,18,6,0,24,0,0,0,24
12/29/2014,MLU,LA,ASW,CE,Combined TRACON& Tower with Radar,0,22,13,0,35,0,0,2,0,2,0,22,15,0,37,0,0,0,37
12/30/2014,MLU,LA,ASW,CE,Combined TRACON& Tower with Radar,0,24,23,0,47,0,0,10,0,10,0,24,33,0,57,62,0,62,119
12/31/2014,MLU,LA,ASW,CE,Combined TRACON& Tower with Radar,0,12,25,0,37,0,0,18,0,18,0,12,43,0,55,16,0,16,71
01/01/2015,MLU,LA,ASW,CE,Combined TRACON& Tower with Radar,0,12,1,0,13,0,0,0,0,0,0,12,1,0,13,0,0,0,13
01/02/2015,MLU,LA,ASW,CE,Combined TRACON& Tower with Radar,0,18,10,0,28,0,0,0,0,0,0,18,10,0,28,0,0,0,28
01/03/2015,MLU,LA,ASW,CE,Combined TRACON& Tower with Radar,0,15,6,0,21,0,0,0,0,0,0,15,6,0,21,0,0,0,21
01/04/2015,MLU,LA,ASW,CE,Combined TRACON& Tower with Radar,0,15,29,0,44,0,0,11,0,11,0,15,40,0,55,12,0,12,67
01/05/2015,MLU,LA,ASW,CE,Combined TRACON& Tower with Radar,0,20,32,0,52,0,0,18,0,18,0,20,50,0,70,60,0,60,130
01/06/2015,MLU,LA,ASW,CE,Combined TRACON& Tower with Radar,0,17,31,27,75,0,0,28,3,31,0,17,59,30,106,46,14,60,166
01/07/2015,MLU,LA,ASW,CE,Combined TRACON& Tower with Radar,0,22,17,45,84,0,0,24,5,29,0,22,41,50,113,18,6,24,137
01/08/2015,MLU,LA,ASW,CE,Combined TRACON& Tower with Radar,0,21,28,44,93,0,0,17,2,19,0,21,45,46,112,0,4,4,116
01/09/2015,MLU,LA,ASW,CE,Combined TRACON& Tower with Radar,0,19,38,14,71,0,0,26,2,28,0,19,64,16,99,22,4,26,125
01/10/2015,MLU,LA,ASW,CE,Combined TRACON& Tower with Radar,0,10,7,1,18,0,0,9,3,12,0,10,16,4,30,26,0,26,56
01/11/2015,MLU,LA,ASW,CE,Combined TRACON& Tower with Radar,0,15,4,0,19,0,0,1,0,1,0,15,5,0,20,44,0,44,64
01/12/2015,MLU,LA,ASW,CE,Combined TRACON& Tower with Radar,0,28,21,22,71,0,0,2,0,2,0,28,23,22,73,0,0,0,73
01/13/2015,MLU,LA,ASW,CE,Combined TRACON& Tower with Radar,0,19,18,3,40,0,0,4,1,5,0,19,22,4,45,0,0,0,45
01/14/2015,MLU,LA,ASW,CE,Combined TRACON& Tower with Radar,0,19,29,35,83,0,0,13,0,13,0,19,42,35,96,32,4,36,132
01/15/2015,MLU,LA,ASW,CE,Combined TRACON& Tower with Radar,0,19,33,19,71,0,0,29,1,30,0,19,62,20,101,56,0,56,157
01/16/2015,MLU,LA,ASW,CE,Combined TRACON& Tower with Radar,0,19,25,28,72,0,0,27,3,30,0,19,52,31,102,94,8,102,204
01/17/2015,MLU,LA,ASW,CE,Combined TRACON& Tower with Radar,0,10,16,0,26,0,0,29,0,29,0,10,45,0,55,18,0,18,73
01/18/2015,MLU,LA,ASW,CE,Combined TRACON& Tower with Radar,0,13,8,0,21,0,0,8,0,8,0,13,16,0,29,4,0,4,33
01/19/2015,MLU,LA,ASW,CE,Combined TRACON& Tower with Radar,0,21,20,0,41,0,0,21,0,21,0,21,41,0,62,60,0,60,122
01/20/2015,MLU,LA,ASW,CE,Combined TRACON& Tower with Radar,0,17,24,22,63,0,0,6,2,8,0,17,30,24,71,8,0,8,79
01/21/2015,MLU,LA,ASW,CE,Combined TRACON& Tower with Radar,0,19,51,26,96,0,0,24,0,24,0,19,75,26,120,28,34,62,182
01/22/2015,MLU,LA,ASW,CE,Combined TRACON& Tower with Radar,0,19,21,2,42,0,0,0,0,0,0,19,21,2,42,0,0,0,42
01/23/2015,MLU,LA,ASW,CE,Combined TRACON& Tower with Radar,0,20,20,6,46,0,0,0,0,0,0,20,20,6,46,0,0,0,46
01/24/2015,MLU,LA,ASW,CE,Combined TRACON& Tower with Radar,0,10,16,4,30,0,0,33,0,33,0,10,49,4,63,42,6,48,111
01/25/2015,MLU,LA,ASW,CE,Combined TRACON& Tower with Radar,0,16,25,3,44,0,1,14,3,18,0,17,39,6,62,2,0,2,64
01/26/2015,MLU,LA,ASW,CE,Combined TRACON& Tower with Radar,0,19,34,71,124,0,1,43,2,46,0,20,77,73,170,60,4,64,234
01/27/2015,MLU,LA,ASW,CE,Combined TRACON& Tower with Radar,0,19,22,31,72,0,0,25,4,29,0,19,47,35,101,20,44,64,165
01/28/2015,MLU,LA,ASW,CE,Combined TRACON& Tower with Radar,0,20,45,21,86,0,0,33,0,33,0,20,78,21,119,50,10,60,179
01/29/2015,MLU,LA,ASW,CE,Combined TRACON& Tower with Radar,0,20,33,13,66,0,0,11,5,16,0,20,44,18,82,14,18,32,114
01/30/2015,MLU,LA,ASW,CE,Combined TRACON& Tower with Radar,0,21,26,32,79,0,1,21,0,22,0,22,47,32,101,12,14,26,127
01/31/2015,MLU,LA,ASW,CE,Combined TRACON& Tower with Radar,0,12,20,11,43,0,0,16,5,21,0,12,36,16,64,0,22,22,86
02/01/2015,MLU,LA,ASW,CE,Combined TRACON& Tower with Radar,0,12,13,0,25,0,0,0,0,0,0,12,13,0,25,0,0,0,25
02/02/2015,MLU,LA,ASW,CE,Combined TRACON& Tower with Radar,0,20,26,22,68,0,1,19,2,22,0,21,45,24,90,10,2,12,102
02/03/2015,MLU,LA,ASW,CE,Combined TRACON& Tower with Radar,0,17,32,23,72,0,0,24,3,27,0,17,56,26,99,60,10,70,169
02/04/2015,MLU,LA,ASW,CE,Combined TRACON& Tower with Radar,0,20,34,51,105,0,0,29,1,30,0,20,63,52,135,18,46,64,199
02/05/2015,MLU,LA,ASW,CE,Combined TRACON& Tower with Radar,0,20,28,22,70,0,0,8,2,10,0,20,36,24,80,8,10,18,98
02/06/2015,MLU,LA,ASW,CE,Combined TRACON& Tower with Radar,0,22,24,17,63,0,3,33,1,37,0,25,57,18,100,26,8,34,134
02/07/2015,MLU,LA,ASW,CE,Combined TRACON& Tower with Radar,0,11,25,30,66,0,0,32,1,33,0,11,57,31,99,12,38,50,149
02/08/2015,MLU,LA,ASW,CE,Combined TRACON& Tower with Radar,0,18,19,14,51,0,1,8,0,9,0,19,27,14,60,20,0,20,80
02/09/2015,MLU,LA,ASW,CE,Combined TRACON& Tower with Radar,0,20,15,40,75,0,0,18,1,19,0,20,33,41,94,20,26,46,140
02/10/2015,MLU,LA,ASW,CE,Combined TRACON& Tower with Radar,0,20,29,57,106,0,0,18,2,20,0,20,47,59,126,30,32,62,188
02/11/2015,MLU,LA,ASW,CE,Combined TRACON& Tower with Radar,0,25,29,48,102,0,0,23,0,23,0,25,52,48,125,18,2,20,145
02/12/2015,MLU,LA,ASW,CE,Combined TRACON& Tower with Radar,0,20,34,39,93,0,0,34,3,37,0,20,68,42,130,10,8,18,148
02/13/2015,MLU,LA,ASW,CE,Combined TRACON& Tower with Radar,0,19,39,20,78,0,0,26,1,27,0,19,65,21,105,14,2,16,121
02/14/2015,MLU,LA,ASW,CE,Combined TRACON& Tower with Radar,0,10,12,0,22,0,0,45,0,45,0,10,57,0,67,18,0,18,85
02/15/2015,MLU,LA,ASW,CE,Combined TRACON& Tower with Radar,0,16,16,18,50,0,0,15,3,18,0,16,31,21,68,0,0,0,68
02/16/2015,MLU,LA,ASW,CE,Combined TRACON& Tower with Radar,0,19,11,0,30,0,0,0,0,0,0,19,11,0,30,0,0,0,30
02/17/2015,MLU,LA,ASW,CE,Combined TRACON& Tower with Radar,0,21,30,2,53,0,0,16,0,16,0,21,46,2,69,14,0,14,83
02/18/2015,MLU,LA,ASW,CE,Combined TRACON& Tower with Radar,0,21,14,45,80,0,0,15,1,16,0,21,29,46,96,10,40,50,146
02/19/2015,MLU,LA,ASW,CE,Combined TRACON& Tower with Radar,4,20,28,43,95,0,0,30,5,35,4,20,58,48,130,16,68,84,214
02/20/2015,MLU,LA,ASW,CE,Combined TRACON& Tower with Radar,0,24,15,10,49,0,0,8,3,11,0,24,23,13,60,24,0,24,84
02/21/2015,MLU,LA,ASW,CE,Combined TRACON& Tower with Radar,0,10,14,0,24,0,0,1,0,1,0,10,15,0,25,0,0,0,25
02/22/2015,MLU,LA,ASW,CE,Combined TRACON& Tower with Radar,0,16,10,0,26,0,0,0,0,0,0,16,10,0,26,2,0,2,28
02/23/2015,MLU,LA,ASW,CE,Combined TRACON& Tower with Radar,0,2,3,0,5,0,0,1,0,1,0,2,4,0,6,4,0,4,10
02/24/2015,MLU,LA,ASW,CE,Combined TRACON& Tower with Radar,0,4,10,2,16,0,1,3,0,4,0,5,13,2,20,0,0,0,20
02/25/2015,MLU,LA,ASW,CE,Combined TRACON& Tower with Radar,0,1,10,0,11,0,0,0,0,0,0,1,10,0,11,0,0,0,11
02/26/2015,MLU,LA,ASW,CE,Combined TRACON& Tower with Radar,0,18,15,0,33,0,0,5,2,7,0,18,20,2,40,0,0,0,40
02/27/2015,MLU,LA,ASW,CE,Combined TRACON& Tower with Radar,0,19,17,33,69,0,4,12,1,17,0,23,29,34,86,42,12,54,140
02/28/2015,MLU,LA,ASW,CE,Combined TRACON& Tower with Radar,0,8,23,10,41,0,0,24,0,24,0,8,47,10,65,10,0,10,75
03/01/2015,MLU,LA,ASW,CE,Combined TRACON& Tower with Radar,0,18,7,0,25,0,0,0,0,0,0,18,7,0,25,0,0,0,25
03/02/2015,MLU,LA,ASW,CE,Combined TRACON& Tower with Radar,0,18,11,0,29,0,0,0,0,0,0,18,11,0,29,0,0,0,29
03/03/2015,MLU,LA,ASW,CE,Combined TRACON& Tower with Radar,0,18,16,9,43,0,0,3,0,3,0,18,19,9,46,0,0,0,46
03/04/2015,MLU,LA,ASW,CE,Combined TRACON& Tower with Radar,0,21,11,0,32,0,0,1,0,1,0,21,12,0,33,0,0,0,33
03/05/2015,MLU,LA,ASW,CE,Combined TRACON& Tower with Radar,0,7,10,2,19,0,0,2,0,2,0,7,12,2,21,0,8,8,29
03/06/2015,MLU,LA,ASW,CE,Combined TRACON& Tower with Radar,0,18,23,19,60,0,1,21,1,23,0,19,44,20,83,14,6,20,103
03/07/2015,MLU,LA,ASW,CE,Combined TRACON& Tower with Radar,0,14,26,8,48,0,2,25,0,27,0,16,51,8,75,22,14,36,111
03/08/2015,MLU,LA,ASW,CE,Combined TRACON& Tower with Radar,0,18,10,0,28,0,0,5,0,5,0,18,15,0,33,0,0,0,33
03/09/2015,MLU,LA,ASW,CE,Combined TRACON& Tower with Radar,0,19,11,6,36,0,0,0,0,0,0,19,11,6,36,0,0,0,36
03/10/2015,MLU,LA,ASW,CE,Combined TRACON& Tower with Radar,0,18,11,8,37,0,0,1,0,1,0,18,12,8,38,0,0,0,38
03/11/2015,MLU,LA,ASW,CE,Combined TRACON& Tower with Radar,0,17,34,29,80,0,0,6,0,6,0,17,40,29,86,0,22,22,108
03/12/2015,MLU,LA,ASW,CE,Combined TRACON& Tower with Radar,0,20,11,0,31,0,0,0,0,0,0,20,11,0,31,0,0,0,31
03/13/2015,MLU,LA,ASW,CE,Combined TRACON& Tower with Radar,0,20,24,22,66,0,0,5,2,7,0,20,29,24,73,0,22,22,95
03/14/2015,MLU,LA,ASW,CE,Combined TRACON& Tower with Radar,0,13,13,0,26,0,0,2,0,2,0,13,15,0,28,0,0,0,28
03/15/2015,MLU,LA,ASW,CE,Combined TRACON& Tower with Radar,0,18,10,0,28,0,0,11,0,11,0,18,21,0,39,14,0,14,53
03/16/2015,MLU,LA,ASW,CE,Combined TRACON& Tower with Radar,0,25,21,19,65,0,0,21,0,21,0,25,42,19,86,26,18,44,130
03/17/2015,MLU,LA,ASW,CE,Combined TRACON& Tower with Radar,0,21,27,11,59,0,0,18,3,21,0,21,45,14,80,34,0,34,114
03/18/2015,MLU,LA,ASW,CE,Combined TRACON& Tower with Radar,0,20,18,0,38,0,0,4,0,4,0,20,22,0,42,14,0,14,56
03/19/2015,MLU,LA,ASW,CE,Combined TRACON& Tower with Radar,0,19,20,11,50,0,0,0,0,0,0,19,20,11,50,0,0,0,50
03/20/2015,MLU,LA,ASW,CE,Combined TRACON& Tower with Radar,0,20,23,20,63,0,0,1,0,1,0,20,24,20,64,0,0,0,64
03/21/2015,MLU,LA,ASW,CE,Combined TRACON& Tower with Radar,0,15,7,0,22,0,0,1,0,1,0,15,8,0,23,0,0,0,23
03/22/2015,MLU,LA,ASW,CE,Combined TRACON& Tower with Radar,0,18,19,0,37,0,0,0,0,0,0,18,19,0,37,0,0,0,37
03/23/2015,MLU,LA,ASW,CE,Combined TRACON& Tower with Radar,0,18,25,13,56,0,2,27,1,30,0,20,52,14,86,46,16,62,148
03/24/2015,MLU,LA,ASW,CE,Combined TRACON& Tower with Radar,0,21,24,24,69,0,0,41,0,41,0,21,65,24,110,54,2,56,166
03/25/2015,MLU,LA,ASW,CE,Combined TRACON& Tower with Radar,0,22,38,14,74,0,0,42,3,45,0,22,80,17,119,48,28,76,195
03/26/2015,MLU,LA,ASW,CE,Combined TRACON& Tower with Radar,0,28,31,1,60,0,0,4,1,5,0,28,35,2,65,0,0,0,65
03/27/2015,MLU,LA,ASW,CE,Combined TRACON& Tower with Radar,0,21,23,26,70,0,1,29,2,32,0,22,52,28,102,12,2,14,116
03/28/2015,MLU,LA,ASW,CE,Combined TRACON& Tower with Radar,0,15,13,0,28,0,2,38,1,41,0,17,51,1,69,16,0,16,85
03/29/2015,MLU,LA,ASW,CE,Combined TRACON& Tower with Radar,0,21,12,4,37,0,0,22,0,22,0,21,34,4,59,56,0,56,115
03/30/2015,MLU,LA,ASW,CE,Combined TRACON& Tower with Radar,0,19,33,18,70,0,0,18,0,18,0,19,51,18,88,30,0,30,118
03/31/2015,MLU,LA,ASW,CE,Combined TRACON& Tower with Radar,0,21,34,36,91,0,0,6,2,8,0,21,40,38,99,6,0,6,105
04/01/2015,MLU,LA,ASW,CE,Combined TRACON& Tower with Radar,0,20,40,32,92,0,0,10,1,11,0,20,50,33,103,0,0,0,103
04/02/2015,MLU,LA,ASW,CE,Combined TRACON& Tower with Radar,0,19,34,19,72,0,0,9,3,12,0,19,43,22,84,42,0,42,126
04/03/2015,MLU,LA,ASW,CE,Combined TRACON& Tower with Radar,1,18,24,51,94,0,0,5,0,5,1,18,29,51,99,4,30,34,133
04/04/2015,MLU,LA,ASW,CE,Combined TRACON& Tower with Radar,0,14,17,6,37,0,1,44,2,47,0,15,61,8,84,26,0,26,110
04/05/2015,MLU,LA,ASW,CE,Combined TRACON& Tower with Radar,0,14,10,0,24,0,0,2,0,2,0,14,12,0,26,0,0,0,26
04/06/2015,MLU,LA,ASW,CE,Combined TRACON& Tower with Radar,0,19,22,27,68,0,0,6,0,6,0,19,28,27,74,0,0,0,74
04/07/2015,MLU,LA,ASW,CE,Combined TRACON& Tower with Radar,0,21,34,17,72,0,0,12,1,13,0,21,46,18,85,0,0,0,85
04/08/2015,MLU,LA,ASW,CE,Combined TRACON& Tower with Radar,0,21,36,20,77,0,0,27,1,28,0,21,63,21,105,8,10,18,123
04/09/2015,MLU,LA,ASW,CE,Combined TRACON& Tower with Radar,0,20,21,4,45,0,0,6,2,8,0,20,27,6,53,0,4,4,57
04/10/2015,MLU,LA,ASW,CE,Combined TRACON& Tower with Radar,0,22,23,22,67,0,0,16,1,17,0,22,39,23,84,56,8,64,148
04/11/2015,MLU,LA,ASW,CE,Combined TRACON& Tower with Radar,0,18,20,2,40,0,0,19,3,22,0,18,39,5,62,66,0,66,128
04/12/2015,MLU,LA,ASW,CE,Combined TRACON& Tower with Radar,0,18,20,0,38,0,0,6,0,6,0,18,26,0,44,10,0,10,54
04/13/2015,MLU,LA,ASW,CE,Combined TRACON& Tower with Radar,0,20,13,3,36,0,0,3,0,3,0,20,16,3,39,0,0,0,39
04/14/2015,MLU,LA,ASW,CE,Combined TRACON& Tower with Radar,0,20,13,0,33,0,0,0,0,0,0,20,13,0,33,0,0,0,33
04/15/2015,MLU,LA,ASW,CE,Combined TRACON& Tower with Radar,0,26,26,37,89,0,0,17,0,17,0,26,43,37,106,20,34,54,160
04/16/2015,MLU,LA,ASW,CE,Combined TRACON& Tower with Radar,0,19,32,4,55,0,0,24,0,24,0,19,56,4,79,14,4,18,97
04/17/2015,MLU,LA,ASW,CE,Combined TRACON& Tower with Radar,0,18,44,42,104,0,0,21,4,25,0,18,65,46,129,46,36,82,211
04/18/2015,MLU,LA,ASW,CE,Combined TRACON& Tower with Radar,0,14,0,14,28,0,0,4,1,5,0,14,4,15,33,0,0,0,33
04/19/2015,MLU,LA,ASW,CE,Combined TRACON& Tower with Radar,0,18,15,13,46,0,0,16,0,16,0,18,31,13,62,10,0,10,72
04/20/2015,MLU,LA,ASW,CE,Combined TRACON& Tower with Radar,0,22,19,14,55,0,0,32,0,32,0,22,51,14,87,76,0,76,163
04/21/2015,MLU,LA,ASW,CE,Combined TRACON& Tower with Radar,0,24,18,14,56,0,2,21,2,25,0,26,39,16,81,14,14,28,109
04/22/2015,MLU,LA,ASW,CE,Combined TRACON& Tower with Radar,0,25,30,6,61,0,0,29,4,33,0,25,59,10,94,6,14,20,114
04/23/2015,MLU,LA,ASW,CE,Combined TRACON& Tower with Radar,0,25,16,11,52,0,0,9,1,10,0,25,25,12,62,0,0,0,62
04/24/2015,MLU,LA,ASW,CE,Combined TRACON& Tower with Radar,0,19,17,0,36,0,0,6,0,6,0,19,23,0,42,0,0,0,42
04/25/2015,MLU,LA,ASW,CE,Combined TRACON& Tower with Radar,4,14,12,8,38,0,0,10,0,10,4,14,22,8,48,0,0,0,48
04/26/2015,MLU,LA,ASW,CE,Combined TRACON& Tower with Radar,0,17,20,2,39,0,1,19,4,24,0,18,39,6,63,2,0,2,65
04/27/2015,MLU,LA,ASW,CE,Combined TRACON& Tower with Radar,0,17,19,0,36,0,0,6,0,6,0,17,25,0,42,8,0,8,50
04/28/2015,MLU,LA,ASW,CE,Combined TRACON& Tower with Radar,0,21,14,6,41,0,0,4,0,4,0,21,18,6,45,0,10,10,55
04/29/2015,MLU,LA,ASW,CE,Combined TRACON& Tower with Radar,0,24,28,21,73,0,0,34,4,38,0,24,62,25,111,20,0,20,131
04/30/2015,MLU,LA,ASW,CE,Combined TRACON& Tower with Radar,0,27,26,16,69,0,0,36,3,39,0,27,62,19,108,26,0,26,134
05/01/2015,MLU,LA,ASW,CE,Combined TRACON& Tower with Radar,0,23,21,16,60,0,0,29,2,31,0,23,50,18,91,18,2,20,111
05/02/2015,MLU,LA,ASW,CE,Combined TRACON& Tower with Radar,0,15,16,4,35,0,0,27,1,28,0,15,43,5,63,20,0,20,83
05/03/2015,MLU,LA,ASW,CE,Combined TRACON& Tower with Radar,0,18,22,6,46,0,0,17,1,18,0,18,39,7,64,16,0,16,80
05/04/2015,MLU,LA,ASW,CE,Combined TRACON& Tower with Radar,0,20,33,8,61,0,0,23,1,24,0,20,56,9,85,0,26,26,111
05/05/2015,MLU,LA,ASW,CE,Combined TRACON& Tower with Radar,0,18,21,28,67,0,0,21,1,22,0,18,42,29,89,10,16,26,115
05/06/2015,MLU,LA,ASW,CE,Combined TRACON& Tower with Radar,0,18,26,11,55,0,0,16,0,16,0,18,42,11,71,2,2,4,75
05/07/2015,MLU,LA,ASW,CE,Combined TRACON& Tower with Radar,0,19,21,6,46,0,0,15,0,15,0,19,36,6,61,18,0,18,79
05/08/2015,MLU,LA,ASW,CE,Combined TRACON& Tower with Radar,0,20,24,8,52,0,0,2,0,2,0,20,26,8,54,0,0,0,54
05/09/2015,MLU,LA,ASW,CE,Combined TRACON& Tower with Radar,0,11,15,1,27,0,0,11,1,12,0,11,26,2,39,0,0,0,39
05/10/2015,MLU,LA,ASW,CE,Combined TRACON& Tower with Radar,0,12,14,0,26,0,0,8,0,8,0,12,22,0,34,10,0,10,44
05/11/2015,MLU,LA,ASW,CE,Combined TRACON& Tower with Radar,0,20,17,0,37,0,0,8,0,8,0,20,25,0,45,0,0,0,45
05/12/2015,MLU,LA,ASW,CE,Combined TRACON& Tower with Radar,0,19,21,7,47,0,0,8,2,10,0,19,29,9,57,0,10,10,67
05/13/2015,MLU,LA,ASW,CE,Combined TRACON& Tower with Radar,0,21,27,21,69,0,0,19,1,20,0,21,46,22,89,76,0,76,165
05/14/2015,MLU,LA,ASW,CE,Combined TRACON& Tower with Radar,0,20,21,32,73,0,0,3,0,3,0,20,24,32,76,0,0,0,76
05/15/2015,MLU,LA,ASW,CE,Combined TRACON& Tower with Radar,0,21,28,15,64,0,0,12,0,12,0,21,40,15,76,10,0,10,86
05/16/2015,MLU,LA,ASW,CE,Combined TRACON& Tower with Radar,0,13,14,0,27,0,0,1,0,1,0,13,15,0,28,0,0,0,28
05/17/2015,MLU,LA,ASW,CE,Combined TRACON& Tower with Radar,0,17,8,0,25,0,0,0,0,0,0,17,8,0,25,0,0,0,25
05/18/2015,MLU,LA,ASW,CE,Combined TRACON& Tower with Radar,0,21,11,0,32,0,0,2,0,2,0,21,13,0,34,0,0,0,34
05/19/2015,MLU,LA,ASW,CE,Combined TRACON& Tower with Radar,0,27,44,1,72,0,0,8,5,13,0,27,52,6,85,24,0,24,109
05/20/2015,MLU,LA,ASW,CE,Combined TRACON& Tower with Radar,0,19,31,1,51,0,0,12,3,15,0,19,43,4,66,0,0,0,66
05/21/2015,MLU,LA,ASW,CE,Combined TRACON& Tower with Radar,0,21,29,0,50,0,0,2,0,2,0,21,31,0,52,0,0,0,52
05/22/2015,MLU,LA,ASW,CE,Combined TRACON& Tower with Radar,0,22,25,0,47,0,1,27,2,30,0,23,52,2,77,12,0,12,89
05/23/2015,MLU,LA,ASW,CE,Combined TRACON& Tower with Radar,0,13,20,0,33,0,0,29,0,29,0,13,49,0,62,24,0,24,86
05/24/2015,MLU,LA,ASW,CE,Combined TRACON& Tower with Radar,0,14,5,0,19,0,0,4,0,4,0,14,9,0,23,0,0,0,23
05/25/2015,MLU,LA,ASW,CE,Combined TRACON& Tower with Radar,0,19,7,0,26,0,0,5,0,5,0,19,12,0,31,0,0,0,31
05/26/2015,MLU,LA,ASW,CE,Combined TRACON& Tower with Radar,0,15,30,11,56,0,0,11,1,12,0,15,41,12,68,0,0,0,68
05/27/2015,MLU,LA,ASW,CE,Combined TRACON& Tower with Radar,0,19,28,4,51,0,0,2,2,4,0,19,30,6,55,56,10,66,121
05/28/2015,MLU,LA,ASW,CE,Combined TRACON& Tower with Radar,0,22,26,10,58,0,0,13,0,13,0,22,39,10,71,22,6,28,99
05/29/2015,MLU,LA,ASW,CE,Combined TRACON& Tower with Radar,0,24,20,16,60,0,0,13,2,15,0,24,33,18,75,6,0,6,81
05/30/2015,MLU,LA,ASW,CE,Combined TRACON& Tower with Radar,2,13,9,0,24,0,1,6,0,7,2,14,15,0,31,0,0,0,31
05/31/2015,MLU,LA,ASW,CE,Combined TRACON& Tower with Radar,0,22,13,2,37,0,0,7,0,7,0,22,20,2,44,24,0,24,68
06/01/2015,MLU,LA,ASW,CE,Combined TRACON& Tower with Radar,0,23,18,10,51,0,0,14,0,14,0,23,32,10,65,48,0,48,113
06/02/2015,MLU,LA,ASW,CE,Combined TRACON& Tower with Radar,0,17,18,4,39,0,0,25,6,31,0,17,43,10,70,2,0,2,72
06/03/2015,MLU,LA,ASW,CE,Combined TRACON& Tower with Radar,0,21,14,22,57,0,0,19,0,19,0,21,33,22,76,8,8,16,92
06/04/2015,MLU,LA,ASW,CE,Combined TRACON& Tower with Radar,0,19,39,11,69,0,0,11,6,17,0,19,50,17,86,2,4,6,92
06/05/2015,MLU,LA,ASW,CE,Combined TRACON& Tower with Radar,0,20,15,43,78,0,0,23,3,26,0,20,38,46,104,8,0,8,112
06/06/2015,MLU,LA,ASW,CE,Combined TRACON& Tower with Radar,0,13,19,0,32,0,0,17,0,17,0,13,36,0,49,6,0,6,55
06/07/2015,MLU,LA,ASW,CE,Combined TRACON& Tower with Radar,0,21,9,0,30,0,0,16,7,23,0,21,25,7,53,0,24,24,77
06/08/2015,MLU,LA,ASW,CE,Combined TRACON& Tower with Radar,0,23,22,30,75,0,0,23,0,23,0,23,45,30,98,0,0,0,98
06/09/2015,MLU,LA,ASW,CE,Combined TRACON& Tower with Radar,0,21,28,36,85,0,0,22,6,28,0,21,50,42,113,6,0,6,119
06/10/2015,MLU,LA,ASW,CE,Combined TRACON& Tower with Radar,0,21,21,24,66,0,2,25,1,28,0,23,46,25,94,10,0,10,104
06/11/2015,MLU,LA,ASW,CE,Combined TRACON& Tower with Radar,0,21,26,17,64,0,0,22,2,24,0,21,48,19,88,0,0,0,88
06/12/2015,MLU,LA,ASW,CE,Combined TRACON& Tower with Radar,0,26,22,25,73,0,0,3,2,5,0,26,25,27,78,0,2,2,80
06/13/2015,MLU,LA,ASW,CE,Combined TRACON& Tower with Radar,0,13,6,6,25,0,0,4,0,4,0,13,10,6,29,0,0,0,29
06/14/2015,MLU,LA,ASW,CE,Combined TRACON& Tower with Radar,0,21,13,2,36,0,0,12,1,13,0,21,25,3,49,0,0,0,49
06/15/2015,MLU,LA,ASW,CE,Combined TRACON& Tower with Radar,0,23,20,25,68,0,0,3,0,3,0,23,23,25,71,0,16,16,87
06/16/2015,MLU,LA,ASW,CE,Combined TRACON& Tower with Radar,0,20,19,32,71,0,1,7,5,13,0,21,26,37,84,12,32,44,128
06/17/2015,MLU,LA,ASW,CE,Combined TRACON& Tower with Radar,0,17,28,21,66,0,0,9,3,12,0,17,37,24,78,16,0,16,94
06/18/2015,MLU,LA,ASW,CE,Combined TRACON& Tower with Radar,0,21,26,4,51,0,1,7,0,8,0,22,33,4,59,28,24,52,111
06/19/2015,MLU,LA,ASW,CE,Combined TRACON& Tower with Radar,0,21,27,36,84,0,0,5,0,5,0,21,32,36,89,0,0,0,89
06/20/2015,MLU,LA,ASW,CE,Combined TRACON& Tower with Radar,0,13,17,20,50,0,0,7,0,7,0,13,24,20,57,10,0,10,67
06/21/2015,MLU,LA,ASW,CE,Combined TRACON& Tower with Radar,0,14,15,0,29,0,0,8,1,9,0,14,23,1,38,2,0,2,40
06/22/2015,MLU,LA,ASW,CE,Combined TRACON& Tower with Radar,0,20,22,22,64,0,0,25,1,26,0,20,47,23,90,38,20,58,148
06/23/2015,MLU,LA,ASW,CE,Combined TRACON& Tower with Radar,0,26,30,22,78,0,0,31,6,37,0,26,61,28,115,4,16,20,135
06/24/2015,MLU,LA,ASW,CE,Combined TRACON& Tower with Radar,0,23,33,46,102,0,0,26,3,29,0,23,59,49,131,26,34,60,191
06/25/2015,MLU,LA,ASW,CE,Combined TRACON& Tower with Radar,0,20,29,1,50,0,2,14,1,17,0,22,43,2,67,0,0,0,67
06/26/2015,MLU,LA,ASW,CE,Combined TRACON& Tower with Radar,0,19,29,27,75,0,0,26,1,27,0,19,55,28,102,42,2,44,146
06/27/2015,MLU,LA,ASW,CE,Combined TRACON& Tower with Radar,0,14,7,0,21,0,0,12,1,13,0,14,19,1,34,24,0,24,58
06/28/2015,MLU,LA,ASW,CE,Combined TRACON& Tower with Radar,0,19,14,0,33,0,1,27,3,31,0,20,41,3,64,2,0,2,66
06/29/2015,MLU,LA,ASW,CE,Combined TRACON& Tower with Radar,2,23,24,19,68,0,0,11,0,11,2,23,35,19,79,14,10,24,103
06/30/2015,MLU,LA,ASW,CE,Combined TRACON& Tower with Radar,0,24,33,26,83,0,0,25,0,25,0,24,58,26,108,6,0,6,114
07/01/2015,MLU,LA,ASW,CE,Combined TRACON& Tower with Radar,0,20,30,13,63,0,0,24,1,25,0,20,54,14,88,34,0,34,122
07/02/2015,MLU,LA,ASW,CE,Combined TRACON& Tower with Radar,0,20,31,9,60,0,0,28,5,33,0,20,59,14,93,14,0,14,107
07/03/2015,MLU,LA,ASW,CE,Combined TRACON& Tower with Radar,0,18,16,0,34,0,0,12,0,12,0,18,28,0,46,0,0,0,46
07/04/2015,MLU,LA,ASW,CE,Combined TRACON& Tower with Radar,0,9,0,0,9,0,0,4,0,4,0,9,4,0,13,0,0,0,13
07/05/2015,MLU,LA,ASW,CE,Combined TRACON& Tower with Radar,0,22,12,0,34,0,0,4,0,4,0,22,16,0,38,0,0,0,38
07/06/2015,MLU,LA,ASW,CE,Combined TRACON& Tower with Radar,0,20,23,16,59,0,0,14,0,14,0,20,37,16,73,14,0,14,87
07/07/2015,MLU,LA,ASW,CE,Combined TRACON& Tower with Radar,0,25,18,27,70,0,0,11,3,14,0,25,29,30,84,46,0,46,130
07/08/2015,MLU,LA,ASW,CE,Combined TRACON& Tower with Radar,0,22,38,26,86,0,0,21,0,21,0,22,59,26,107,0,0,0,107
07/09/2015,MLU,LA,ASW,CE,Combined TRACON& Tower with Radar,0,23,35,42,100,0,0,23,4,27,0,23,58,46,127,12,0,12,139
07/10/2015,MLU,LA,ASW,CE,Combined TRACON& Tower with Radar,0,24,21,20,65,0,0,28,5,33,0,24,49,25,98,0,2,2,100
07/11/2015,MLU,LA,ASW,CE,Combined TRACON& Tower with Radar,0,13,19,0,32,0,0,27,0,27,0,13,46,0,59,4,0,4,63
07/12/2015,MLU,LA,ASW,CE,Combined TRACON& Tower with Radar,0,18,22,0,40,0,0,20,0,20,0,18,42,0,60,0,0,0,60
07/13/2015,MLU,LA,ASW,CE,Combined TRACON& Tower with Radar,0,20,12,20,52,0,0,14,4,18,0,20,26,24,70,0,2,2,72
07/14/2015,MLU,LA,ASW,CE,Combined TRACON& Tower with Radar,0,20,18,25,63,0,0,12,2,14,0,20,30,27,77,4,22,26,103
07/15/2015,MLU,LA,ASW,CE,Combined TRACON& Tower with Radar,0,22,35,21,78,0,0,33,1,34,0,22,68,22,112,22,0,22,134
07/16/2015,MLU,LA,ASW,CE,Combined TRACON& Tower with Radar,0,24,27,6,57,0,0,24,3,27,0,24,51,9,84,0,2,2,86
07/17/2015,MLU,LA,ASW,CE,Combined TRACON& Tower with Radar,0,21,35,43,99,0,0,20,1,21,0,21,55,44,120,32,2,34,154
07/18/2015,MLU,LA,ASW,CE,Combined TRACON& Tower with Radar,0,13,7,16,36,0,0,21,2,23,0,13,28,18,59,0,0,0,59
07/19/2015,MLU,LA,ASW,CE,Combined TRACON& Tower with Radar,0,18,22,0,40,0,0,15,0,15,0,18,37,0,55,36,0,36,91
07/20/2015,MLU,LA,ASW,CE,Combined TRACON& Tower with Radar,0,25,18,26,69,0,0,19,1,20,0,25,37,27,89,0,8,8,97
07/21/2015,MLU,LA,ASW,CE,Combined TRACON& Tower with Radar,0,21,18,67,106,0,1,14,2,17,0,22,32,69,123,8,24,32,155
07/22/2015,MLU,LA,ASW,CE,Combined TRACON& Tower with Radar,0,20,19,47,86,0,0,2,2,4,0,20,21,49,90,0,10,10,100
07/23/2015,MLU,LA,ASW,CE,Combined TRACON& Tower with Radar,0,19,39,34,92,0,0,8,1,9,0,19,47,35,101,0,2,2,103
07/24/2015,MLU,LA,ASW,CE,Combined TRACON& Tower with Radar,0,21,38,26,85,0,0,21,2,23,0,21,59,28,108,8,26,34,142
07/25/2015,MLU,LA,ASW,CE,Combined TRACON& Tower with Radar,0,17,11,16,44,0,0,7,0,7,0,17,18,16,51,0,0,0,51
07/26/2015,MLU,LA,ASW,CE,Combined TRACON& Tower with Radar,0,18,21,4,43,0,0,24,0,24,0,18,45,4,67,0,0,0,67
07/27/2015,MLU,LA,ASW,CE,Combined TRACON& Tower with Radar,0,23,22,49,94,0,1,13,1,15,0,24,35,50,109,6,40,46,155
07/28/2015,MLU,LA,ASW,CE,Combined TRACON& Tower with Radar,0,21,21,42,84,0,0,26,8,34,0,21,47,50,118,20,20,40,158
07/29/2015,MLU,LA,ASW,CE,Combined TRACON& Tower with Radar,0,24,28,18,70,0,2,33,1,36,0,26,61,19,106,8,10,18,124
07/30/2015,MLU,LA,ASW,CE,Combined TRACON& Tower with Radar,0,26,22,16,64,0,0,14,1,15,0,26,36,17,79,4,14,18,97
07/31/2015,MLU,LA,ASW,CE,Combined TRACON& Tower with Radar,0,21,24,12,57,0,0,10,0,10,0,21,34,12,67,14,0,14,81
08/01/2015,MLU,LA,ASW,CE,Combined TRACON& Tower with Radar,0,13,11,6,30,0,0,24,1,25,0,13,35,7,55,4,4,8,63
08/02/2015,MLU,LA,ASW,CE,Combined TRACON& Tower with Radar,0,20,11,3,34,0,2,11,0,13,0,22,22,3,47,2,0,2,49
08/03/2015,MLU,LA,ASW,CE,Combined TRACON& Tower with Radar,0,22,25,16,63,0,0,14,0,14,0,22,39,16,77,18,0,18,95
08/04/2015,MLU,LA,ASW,CE,Combined TRACON& Tower with Radar,0,22,21,36,79,0,1,16,2,19,0,23,37,38,98,0,12,12,110
08/05/2015,MLU,LA,ASW,CE,Combined TRACON& Tower with Radar,0,23,27,27,77,0,0,30,0,30,0,23,57,27,107,18,24,42,149
08/06/2015,MLU,LA,ASW,CE,Combined TRACON& Tower with Radar,0,34,33,63,130,0,2,13,1,16,0,36,46,64,146,16,66,82,228
08/07/2015,MLU,LA,ASW,CE,Combined TRACON& Tower with Radar,0,25,27,16,68,0,1,8,1,10,0,26,35,17,78,26,0,26,104
08/08/2015,MLU,LA,ASW,CE,Combined TRACON& Tower with Radar,0,15,24,1,40,0,0,15,0,15,0,15,39,1,55,16,0,16,71
08/09/2015,MLU,LA,ASW,CE,Combined TRACON& Tower with Radar,0,18,5,8,31,0,0,7,0,7,0,18,12,8,38,0,0,0,38
08/10/2015,MLU,LA,ASW,CE,Combined TRACON& Tower with Radar,0,19,29,24,72,0,2,15,0,17,0,21,44,24,89,10,0,10,99
08/11/2015,MLU,LA,ASW,CE,Combined TRACON& Tower with Radar,0,19,21,7,47,0,0,11,6,17,0,19,32,13,64,8,0,8,72
08/12/2015,MLU,LA,ASW,CE,Combined TRACON& Tower with Radar,0,22,16,18,56,0,2,15,3,20,0,24,31,21,76,12,36,48,124
08/13/2015,MLU,LA,ASW,CE,Combined TRACON& Tower with Radar,0,21,27,9,57,0,0,21,4,25,0,21,48,13,82,18,16,34,116
08/14/2015,MLU,LA,ASW,CE,Combined TRACON& Tower with Radar,0,20,37,35,92,0,0,24,3,27,0,20,61,38,119,6,12,18,137
08/15/2015,MLU,LA,ASW,CE,Combined TRACON& Tower with Radar,0,16,13,0,29,0,0,16,0,16,0,16,29,0,45,0,0,0,45
08/16/2015,MLU,LA,ASW,CE,Combined TRACON& Tower with Radar,0,19,8,11,38,0,0,17,4,21,0,19,25,15,59,0,0,0,59
08/17/2015,MLU,LA,ASW,CE,Combined TRACON& Tower with Radar,0,21,21,34,76,0,2,16,2,20,0,23,37,36,96,0,30,30,126
08/18/2015,MLU,LA,ASW,CE,Combined TRACON& Tower with Radar,0,22,20,33,75,0,0,23,4,27,0,22,43,37,102,10,46,56,158
08/19/2015,MLU,LA,ASW,CE,Combined TRACON& Tower with Radar,0,22,23,26,71,0,0,7,0,7,0,22,30,26,78,0,2,2,80
08/20/2015,MLU,LA,ASW,CE,Combined TRACON& Tower with Radar,0,18,13,20,51,0,0,0,0,0,0,18,13,20,51,0,0,0,51
08/21/2015,MLU,LA,ASW,CE,Combined TRACON& Tower with Radar,0,26,27,7,60,0,2,11,2,15,0,28,38,9,75,2,2,4,79
08/22/2015,MLU,LA,ASW,CE,Combined TRACON& Tower with Radar,0,13,9,23,45,0,0,6,0,6,0,13,15,23,51,24,0,24,75
08/23/2015,MLU,LA,ASW,CE,Combined TRACON& Tower with Radar,0,20,17,0,37,0,0,8,0,8,0,20,25,0,45,0,0,0,45
08/24/2015,MLU,LA,ASW,CE,Combined TRACON& Tower with Radar,0,22,26,12,60,0,0,18,0,18,0,22,44,12,78,0,30,30,108
08/25/2015,MLU,LA,ASW,CE,Combined TRACON& Tower with Radar,0,24,21,19,64,0,0,18,7,25,0,24,39,26,89,2,14,16,105
08/26/2015,MLU,LA,ASW,CE,Combined TRACON& Tower with Radar,0,21,30,26,77,0,1,25,0,26,0,22,55,26,103,20,16,36,139
08/27/2015,MLU,LA,ASW,CE,Combined TRACON& Tower with Radar,0,23,27,24,74,0,0,26,1,27,0,23,53,25,101,6,22,28,129
08/28/2015,MLU,LA,ASW,CE,Combined TRACON& Tower with Radar,0,22,23,20,65,0,1,18,0,19,0,23,41,20,84,0,20,20,104
08/29/2015,MLU,LA,ASW,CE,Combined TRACON& Tower with Radar,0,11,7,12,30,0,0,19,0,19,0,11,26,12,49,26,0,26,75
08/30/2015,MLU,LA,ASW,CE,Combined TRACON& Tower with Radar,0,16,21,11,48,0,0,15,4,19,0,16,36,15,67,8,0,8,75
08/31/2015,MLU,LA,ASW,CE,Combined TRACON& Tower with Radar,0,22,21,41,84,0,0,15,3,18,0,22,36,44,102,0,6,6,108
09/01/2015,MLU,LA,ASW,CE,Combined TRACON& Tower with Radar,0,21,26,15,62,0,0,12,1,13,0,21,38,16,75,0,2,2,77
09/02/2015,MLU,LA,ASW,CE,Combined TRACON& Tower with Radar,0,25,23,14,62,0,1,25,0,26,0,26,48,14,88,0,24,24,112
09/03/2015,MLU,LA,ASW,CE,Combined TRACON& Tower with Radar,0,25,29,18,72,0,2,13,4,19,0,27,42,22,91,22,48,70,161
09/04/2015,MLU,LA,ASW,CE,Combined TRACON& Tower with Radar,2,21,30,0,53,0,0,15,0,15,2,21,45,0,68,0,0,0,68
09/05/2015,MLU,LA,ASW,CE,Combined TRACON& Tower with Radar,2,11,6,0,19,0,0,7,0,7,2,11,13,0,26,0,0,0,26
09/06/2015,MLU,LA,ASW,CE,Combined TRACON& Tower with Radar,0,12,7,0,19,0,0,11,0,11,0,12,18,0,30,0,0,0,30
09/07/2015,MLU,LA,ASW,CE,Combined TRACON& Tower with Radar,0,17,10,0,27,0,0,24,0,24,0,17,34,0,51,16,0,16,67
09/08/2015,MLU,LA,ASW,CE,Combined TRACON& Tower with Radar,0,19,27,14,60,0,0,13,6,19,0,19,40,20,79,4,44,48,127
09/09/2015,MLU,LA,ASW,CE,Combined TRACON& Tower with Radar,2,18,38,25,83,0,0,11,2,13,2,18,49,27,96,6,0,6,102
09/10/2015,MLU,LA,ASW,CE,Combined TRACON& Tower with Radar,0,22,39,4,65,0,0,10,3,13,0,22,49,7,78,4,0,4,82
09/11/2015,MLU,LA,ASW,CE,Combined TRACON& Tower with Radar,1,19,30,48,98,0,0,10,0,10,1,19,40,48,108,0,68,68,176
09/12/2015,MLU,LA,ASW,CE,Combined TRACON& Tower with Radar,0,11,8,2,21,0,1,23,1,25,0,12,31,3,46,4,0,4,50
09/13/2015,MLU,LA,ASW,CE,Combined TRACON& Tower with Radar,0,17,22,0,39,0,0,21,0,21,0,17,43,0,60,2,0,2,62
09/14/2015,MLU,LA,ASW,CE,Combined TRACON& Tower with Radar,0,21,18,0,39,0,2,22,2,26,0,23,40,2,65,6,0,6,71
09/15/2015,MLU,LA,ASW,CE,Combined TRACON& Tower with Radar,0,23,25,14,62,0,0,24,4,28,0,23,49,18,90,26,0,26,116
09/16/2015,MLU,LA,ASW,CE,Combined TRACON& Tower with Radar,0,21,26,2,49,0,0,26,5,31,0,21,52,7,80,64,0,64,144
09/17/2015,MLU,LA,ASW,CE,Combined TRACON& Tower with Radar,0,26,32,3,61,0,0,35,1,36,0,26,67,4,97,66,0,66,163
09/18/2015,MLU,LA,ASW,CE,Combined TRACON& Tower with Radar,0,21,32,0,53,0,0,21,0,21,0,21,53,0,74,12,0,12,86
09/19/2015,MLU,LA,ASW,CE,Combined TRACON& Tower with Radar,0,13,26,0,39,0,0,18,0,18,0,13,44,0,57,6,0,6,63
09/20/2015,MLU,LA,ASW,CE,Combined TRACON& Tower with Radar,0,16,19,0,35,0,0,22,0,22,0,16,41,0,57,22,0,22,79
09/21/2015,MLU,LA,ASW,CE,Combined TRACON& Tower with Radar,0,23,20,1,44,0,0,13,3,16,0,23,33,4,60,0,0,0,60
09/22/2015,MLU,LA,ASW,CE,Combined TRACON& Tower with Radar,0,20,16,0,36,0,6,28,4,38,0,26,44,4,74,14,0,14,88
09/23/2015,MLU,LA,ASW,CE,Combined TRACON& Tower with Radar,0,21,28,6,55,0,0,31,0,31,0,21,59,6,86,14,12,26,112
09/24/2015,MLU,LA,ASW,CE,Combined TRACON& Tower with Radar,2,20,24,2,48,0,0,17,0,17,2,20,41,2,65,0,0,0,65
09/25/2015,MLU,LA,ASW,CE,Combined TRACON& Tower with Radar,0,21,23,1,45,0,0,20,1,21,0,21,43,2,66,22,0,22,88
09/26/2015,MLU,LA,ASW,CE,Combined TRACON& Tower with Radar,2,11,11,2,26,0,0,20,1,21,2,11,31,3,47,2,12,14,61
09/27/2015,MLU,LA,ASW,CE,Combined TRACON& Tower with Radar,0,18,19,0,37,0,0,14,1,15,0,18,33,1,52,40,0,40,92
09/28/2015,MLU,LA,ASW,CE,Combined TRACON& Tower with Radar,0,20,19,2,41,0,0,9,0,9,0,20,28,2,50,8,0,8,58
09/29/2015,MLU,LA,ASW,CE,Combined TRACON& Tower with Radar,0,26,16,12,54,0,0,9,0,9,0,26,25,12,63,0,0,0,63
09/30/2015,MLU,LA,ASW,CE,Combined TRACON& Tower with Radar,0,22,27,8,57,0,2,21,0,23,0,24,48,8,80,6,6,12,92
10/01/2015,MLU,LA,ASW,CE,Combined TRACON& Tower with Radar,0,23,20,5,48,0,1,20,1,22,0,24,40,6,70,2,0,2,72
10/02/2015,MLU,LA,ASW,CE,Combined TRACON& Tower with Radar,0,25,24,6,55,0,0,20,0,20,0,25,44,6,75,4,0,4,79
10/03/2015,MLU,LA,ASW,CE,Combined TRACON& Tower with Radar,0,11,20,0,31,0,2,9,0,11,0,13,29,0,42,2,0,2,44
10/04/2015,MLU,LA,ASW,CE,Combined TRACON& Tower with Radar,0,16,27,0,43,0,0,3,0,3,0,16,30,0,46,0,0,0,46
10/05/2015,MLU,LA,ASW,CE,Combined TRACON& Tower with Radar,0,23,23,1,47,0,1,16,1,18,0,24,39,2,65,22,0,22,87
10/06/2015,MLU,LA,ASW,CE,Combined TRACON& Tower with Radar,0,22,17,8,47,0,2,14,7,23,0,24,31,15,70,12,2,14,84
10/07/2015,MLU,LA,ASW,CE,Combined TRACON& Tower with Radar,0,24,24,0,48,0,3,29,3,35,0,27,53,3,83,4,4,8,91
10/08/2015,MLU,LA,ASW,CE,Combined TRACON& Tower with Radar,0,22,22,4,48,0,0,26,0,26,0,22,48,4,74,6,0,6,80
10/09/2015,MLU,LA,ASW,CE,Combined TRACON& Tower with Radar,0,22,32,4,58,0,1,28,2,31,0,23,60,6,89,10,12,22,111
10/10/2015,MLU,LA,ASW,CE,Combined TRACON& Tower with Radar,0,14,22,0,36,0,0,11,0,11,0,14,33,0,47,6,0,6,53
10/11/2015,MLU,LA,ASW,CE,Combined TRACON& Tower with Radar,0,18,14,0,32,0,8,21,0,29,0,26,35,0,61,0,0,0,61
10/12/2015,MLU,LA,ASW,CE,Combined TRACON& Tower with Radar,0,22,33,0,55,0,0,18,0,18,0,22,51,0,73,4,0,4,77
10/13/2015,MLU,LA,ASW,CE,Combined TRACON& Tower with Radar,0,26,27,36,89,0,2,32,4,38,0,28,59,40,127,62,18,80,207
10/14/2015,MLU,LA,ASW,CE,Combined TRACON& Tower with Radar,2,20,47,33,102,0,0,35,1,36,2,20,82,34,138,56,0,56,194
10/15/2015,MLU,LA,ASW,CE,Combined TRACON& Tower with Radar,0,29,29,25,83,0,0,16,5,21,0,29,45,30,104,20,16,36,140
10/16/2015,MLU,LA,ASW,CE,Combined TRACON& Tower with Radar,1,19,36,3,59,0,0,23,1,24,1,19,59,4,83,20,10,30,113
10/17/2015,MLU,LA,ASW,CE,Combined TRACON& Tower with Radar,0,11,21,0,32,0,0,20,0,20,0,11,41,0,52,0,0,0,52
10/18/2015,MLU,LA,ASW,CE,Combined TRACON& Tower with Radar,0,18,21,7,46,0,0,28,1,29,0,18,49,8,75,10,10,20,95
10/19/2015,MLU,LA,ASW,CE,Combined TRACON& Tower with Radar,0,24,33,30,87,0,0,21,0,21,0,24,54,30,108,0,0,0,108
10/20/2015,MLU,LA,ASW,CE,Combined TRACON& Tower with Radar,0,24,44,24,92,0,0,29,5,34,0,24,73,29,126,6,0,6,132
10/21/2015,MLU,LA,ASW,CE,Combined TRACON& Tower with Radar,0,23,20,29,72,0,0,18,3,21,0,23,38,32,93,48,14,62,155
10/22/2015,MLU,LA,ASW,CE,Combined TRACON& Tower with Radar,0,21,36,20,77,0,1,22,0,23,0,22,58,20,100,6,10,16,116
10/23/2015,MLU,LA,ASW,CE,Combined TRACON& Tower with Radar,4,18,28,2,52,0,2,5,4,11,4,20,33,6,63,12,30,42,105
10/24/2015,MLU,LA,ASW,CE,Combined TRACON& Tower with Radar,1,10,1,2,14,0,0,2,0,2,1,10,3,2,16,0,0,0,16
10/25/2015,MLU,LA,ASW,CE,Combined TRACON& Tower with Radar,0,17,7,1,25,0,0,0,0,0,0,17,7,1,25,0,0,0,25
10/26/2015,MLU,LA,ASW,CE,Combined TRACON& Tower with Radar,0,22,19,0,41,0,0,2,0,2,0,22,21,0,43,0,0,0,43
10/27/2015,MLU,LA,ASW,CE,Combined TRACON& Tower with Radar,0,19,26,2,47,0,0,0,0,0,0,19,26,2,47,0,0,0,47
10/28/2015,MLU,LA,ASW,CE,Combined TRACON& Tower with Radar,0,19,28,43,90,0,0,26,6,32,0,19,54,49,122,48,60,108,230
10/29/2015,MLU,LA,ASW,CE,Combined TRACON& Tower with Radar,0,23,26,24,73,0,0,26,3,29,0,23,52,27,102,16,12,28,130
10/30/2015,MLU,LA,ASW,CE,Combined TRACON& Tower with Radar,0,23,35,4,62,0,0,25,0,25,0,23,60,4,87,2,8,10,97
10/31/2015,MLU,LA,ASW,CE,Combined TRACON& Tower with Radar,0,10,3,0,13,0,0,0,0,0,0,10,3,0,13,0,0,0,13
11/01/2015,MLU,LA,ASW,CE,Combined TRACON& Tower with Radar,0,18,11,0,29,0,0,0,0,0,0,18,11,0,29,0,0,0,29
11/02/2015,MLU,LA,ASW,CE,Combined TRACON& Tower with Radar,0,20,24,29,73,0,0,2,0,2,0,20,26,29,75,0,0,0,75
11/03/2015,MLU,LA,ASW,CE,Combined TRACON& Tower with Radar,0,21,37,32,90,0,0,1,0,1,0,21,38,32,91,14,0,14,105
11/04/2015,MLU,LA,ASW,CE,Combined TRACON& Tower with Radar,0,20,43,52,115,0,0,18,1,19,0,20,61,53,134,4,46,50,184
11/05/2015,MLU,LA,ASW,CE,Combined TRACON& Tower with Radar,1,22,27,31,81,0,0,10,7,17,1,22,37,38,98,34,0,34,132
11/06/2015,MLU,LA,ASW,CE,Combined TRACON& Tower with Radar,0,19,15,0,34,0,2,3,0,5,0,21,18,0,39,0,0,0,39
11/07/2015,MLU,LA,ASW,CE,Combined TRACON& Tower with Radar,0,11,8,0,19,0,0,0,0,0,0,11,8,0,19,0,0,0,19
11/08/2015,MLU,LA,ASW,CE,Combined TRACON& Tower with Radar,0,18,28,3,49,0,0,18,2,20,0,18,46,5,69,20,18,38,107
11/09/2015,MLU,LA,ASW,CE,Combined TRACON& Tower with Radar,0,23,26,33,82,0,2,26,7,35,0,25,52,40,117,16,86,102,219
11/10/2015,MLU,LA,ASW,CE,Combined TRACON& Tower with Radar,0,21,27,24,72,0,0,16,2,18,0,21,43,26,90,50,12,62,152
11/11/2015,MLU,LA,ASW,CE,Combined TRACON& Tower with Radar,0,30,42,0,72,0,0,13,0,13,0,30,55,0,85,0,0,0,85
11/12/2015,MLU,LA,ASW,CE,Combined TRACON& Tower with Radar,0,23,30,5,58,0,0,26,10,36,0,23,56,15,94,0,0,0,94
11/13/2015,MLU,LA,ASW,CE,Combined TRACON& Tower with Radar,0,23,27,0,50,0,0,21,1,22,0,23,48,1,72,2,0,2,74
11/14/2015,MLU,LA,ASW,CE,Combined TRACON& Tower with Radar,0,16,32,4,52,0,0,52,0,52,0,16,84,4,104,8,0,8,112
11/15/2015,MLU,LA,ASW,CE,Combined TRACON& Tower with Radar,0,18,24,0,42,0,0,13,0,13,0,18,37,0,55,40,0,40,95
11/16/2015,MLU,LA,ASW,CE,Combined TRACON& Tower with Radar,0,20,20,1,41,0,0,10,4,14,0,20,30,5,55,0,14,14,69
11/17/2015,MLU,LA,ASW,CE,Combined TRACON& Tower with Radar,0,19,2,0,21,0,0,0,2,2,0,19,2,2,23,0,0,0,23
11/18/2015,MLU,LA,ASW,CE,Combined TRACON& Tower with Radar,2,20,17,49,88,0,4,13,11,28,2,24,30,60,116,12,46,58,174
11/19/2015,MLU,LA,ASW,CE,Combined TRACON& Tower with Radar,0,30,32,66,128,0,1,31,0,32,0,31,63,66,160,12,54,66,226
11/20/2015,MLU,LA,ASW,CE,Combined TRACON& Tower with Radar,1,24,23,1,49,0,1,22,0,23,1,25,45,1,72,16,0,16,88
11/21/2015,MLU,LA,ASW,CE,Combined TRACON& Tower with Radar,1,13,17,8,39,0,0,12,0,12,1,13,29,8,51,0,10,10,61
11/22/2015,MLU,LA,ASW,CE,Combined TRACON& Tower with Radar,0,18,15,0,33,0,4,16,0,20,0,22,31,0,53,44,0,44,97
11/23/2015,MLU,LA,ASW,CE,Combined TRACON& Tower with Radar,0,19,19,30,68,0,0,20,2,22,0,19,39,32,90,0,0,0,90
11/24/2015,MLU,LA,ASW,CE,Combined TRACON& Tower with Radar,0,19,24,40,83,0,2,19,1,22,0,21,43,41,105,4,10,14,119
11/25/2015,MLU,LA,ASW,CE,Combined TRACON& Tower with Radar,2,23,33,4,62,0,0,15,0,15,2,23,48,4,77,2,0,2,79
11/26/2015,MLU,LA,ASW,CE,Combined TRACON& Tower with Radar,0,10,6,0,16,0,0,0,0,0,0,10,6,0,16,0,0,0,16
11/27/2015,MLU,LA,ASW,CE,Combined TRACON& Tower with Radar,0,15,19,0,34,0,0,4,0,4,0,15,23,0,38,48,0,48,86
11/28/2015,MLU,LA,ASW,CE,Combined TRACON& Tower with Radar,0,21,9,0,30,0,0,0,0,0,0,21,9,0,30,6,0,6,36
11/29/2015,MLU,LA,ASW,CE,Combined TRACON& Tower with Radar,2,20,16,0,38,0,0,0,0,0,2,20,16,0,38,0,0,0,38
11/30/2015,MLU,LA,ASW,CE,Combined TRACON& Tower with Radar,0,23,16,0,39,0,0,0,0,0,0,23,16,0,39,0,0,0,39
12/01/2015,MLU,LA,ASW,CE,Combined TRACON& Tower with Radar,0,23,29,17,69,0,0,2,0,2,0,23,31,17,71,0,0,0,71
12/02/2015,MLU,LA,ASW,CE,Combined TRACON& Tower with Radar,0,20,32,48,100,0,0,21,0,21,0,20,53,48,121,54,0,54,175
12/03/2015,MLU,LA,ASW,CE,Combined TRACON& Tower with Radar,0,22,21,48,91,0,0,15,1,16,0,22,36,49,107,26,10,36,143
12/04/2015,MLU,LA,ASW,CE,Combined TRACON& Tower with Radar,2,21,36,16,75,0,0,18,0,18,2,21,54,16,93,38,24,62,155
12/05/2015,MLU,LA,ASW,CE,Combined TRACON& Tower with Radar,2,12,14,0,28,0,2,25,0,27,2,14,39,0,55,4,0,4,59
12/06/2015,MLU,LA,ASW,CE,Combined TRACON& Tower with Radar,0,17,28,2,47,0,0,24,0,24,0,17,52,2,71,16,0,16,87
12/07/2015,MLU,LA,ASW,CE,Combined TRACON& Tower with Radar,0,19,30,29,78,0,0,24,0,24,0,19,54,29,102,36,0,36,138
12/08/2015,MLU,LA,ASW,CE,Combined TRACON& Tower with Radar,0,19,39,38,96,0,0,21,4,25,0,19,60,42,121,4,4,8,129
12/09/2015,MLU,LA,ASW,CE,Combined TRACON& Tower with Radar,0,21,43,15,79,0,2,27,1,30,0,23,70,16,109,30,6,36,145
12/10/2015,MLU,LA,ASW,CE,Combined TRACON& Tower with Radar,0,22,55,10,87,0,0,3,0,3,0,22,58,10,90,0,0,0,90
12/11/2015,MLU,LA,ASW,CE,Combined TRACON& Tower with Radar,0,20,15,21,56,0,0,11,3,14,0,20,26,24,70,2,0,2,72
12/12/2015,MLU,LA,ASW,CE,Combined TRACON& Tower with Radar,0,11,15,8,34,0,0,3,0,3,0,11,18,8,37,0,0,0,37
12/13/2015,MLU,LA,ASW,CE,Combined TRACON& Tower with Radar,0,16,10,0,26,0,0,1,0,1,0,16,11,0,27,0,0,0,27
12/14/2015,MLU,LA,ASW,CE,Combined TRACON& Tower with Radar,0,21,25,13,59,0,0,29,4,33,0,21,54,17,92,22,0,22,114
12/15/2015,MLU,LA,ASW,CE,Combined TRACON& Tower with Radar,0,22,19,9,50,0,3,33,11,47,0,25,52,20,97,12,10,22,119
12/16/2015,MLU,LA,ASW,CE,Combined TRACON& Tower with Radar,0,24,18,6,48,0,0,5,0,5,0,24,23,6,53,0,4,4,57
12/17/2015,MLU,LA,ASW,CE,Combined TRACON& Tower with Radar,0,21,36,50,107,0,0,20,3,23,0,21,56,53,130,4,26,30,160
12/18/2015,MLU,LA,ASW,CE,Combined TRACON& Tower with Radar,0,22,31,30,83,0,1,27,0,28,0,23,58,30,111,4,12,16,127
12/19/2015,MLU,LA,ASW,CE,Combined TRACON& Tower with Radar,0,17,21,2,40,0,0,26,0,26,0,17,47,2,66,0,0,0,66
12/20/2015,MLU,LA,ASW,CE,Combined TRACON& Tower with Radar,0,19,14,0,33,0,0,14,0,14,0,19,28,0,47,6,0,6,53
12/21/2015,MLU,LA,ASW,CE,Combined TRACON& Tower with Radar,0,22,9,6,37,0,0,0,0,0,0,22,9,6,37,0,0,0,37
12/22/2015,MLU,LA,ASW,CE,Combined TRACON& Tower with Radar,0,18,18,4,40,0,0,5,0,5,0,18,23,4,45,0,0,0,45
12/23/2015,MLU,LA,ASW,CE,Combined TRACON& Tower with Radar,0,19,17,0,36,0,0,1,0,1,0,19,18,0,37,0,0,0,37
12/24/2015,MLU,LA,ASW,CE,Combined TRACON& Tower with Radar,4,11,7,2,24,0,0,0,0,0,4,11,7,2,24,0,0,0,24
12/25/2015,MLU,LA,ASW,CE,Combined TRACON& Tower with Radar,0,12,0,0,12,0,0,0,0,0,0,12,0,0,12,0,0,0,12
12/26/2015,MLU,LA,ASW,CE,Combined TRACON& Tower with Radar,0,17,4,0,21,0,0,2,0,2,0,17,6,0,23,0,0,0,23
12/27/2015,MLU,LA,ASW,CE,Combined TRACON& Tower with Radar,0,15,15,0,30,0,0,0,0,0,0,15,15,0,30,0,0,0,30
12/28/2015,MLU,LA,ASW,CE,Combined TRACON& Tower with Radar,0,19,12,24,55,0,0,3,0,3,0,19,15,24,58,0,40,40,98
12/29/2015,MLU,LA,ASW,CE,Combined TRACON& Tower with Radar,0,18,19,14,51,0,0,16,0,16,0,18,35,14,67,30,20,50,117
12/30/2015,MLU,LA,ASW,CE,Combined TRACON& Tower with Radar,0,19,24,4,47,0,0,11,0,11,0,19,35,4,58,44,0,44,102
12/31/2015,MLU,LA,ASW,CE,Combined TRACON& Tower with Radar,0,14,17,0,31,0,0,8,0,8,0,14,25,0,39,0,0,0,39
01/01/2016,MLU,LA,ASW,CE,Combined TRACON& Tower with Radar,0,15,10,0,25,0,0,6,0,6,0,15,16,0,31,0,0,0,31
01/02/2016,MLU,LA,ASW,CE,Combined TRACON& Tower with Radar,0,15,26,0,41,0,0,16,0,16,0,15,42,0,57,0,0,0,57
01/03/2016,MLU,LA,ASW,CE,Combined TRACON& Tower with Radar,0,18,14,0,32,0,0,10,0,10,0,18,24,0,42,2,0,2,44
01/04/2016,MLU,LA,ASW,CE,Combined TRACON& Tower with Radar,0,21,13,10,44,0,0,10,0,10,0,21,23,10,54,10,0,10,64
01/05/2016,MLU,LA,ASW,CE,Combined TRACON& Tower with Radar,0,18,27,26,71,0,2,18,10,30,0,20,45,36,101,0,36,36,137
01/06/2016,MLU,LA,ASW,CE,Combined TRACON& Tower with Radar,0,23,29,28,80,0,0,23,6,29,0,23,52,34,109,8,0,8,117
01/07/2016,MLU,LA,ASW,CE,Combined TRACON& Tower with Radar,0,23,32,8,63,0,0,1,0,1,0,23,33,8,64,0,0,0,64
01/08/2016,MLU,LA,ASW,CE,Combined TRACON& Tower with Radar,0,23,26,19,68,0,0,3,0,3,0,23,29,19,71,0,0,0,71
01/09/2016,MLU,LA,ASW,CE,Combined TRACON& Tower with Radar,0,12,6,4,22,0,0,6,6,12,0,12,12,10,34,10,0,10,44
01/10/2016,MLU,LA,ASW,CE,Combined TRACON& Tower with Radar,0,18,18,5,41,0,0,21,3,24,0,18,39,8,65,0,20,20,85
01/11/2016,MLU,LA,ASW,CE,Combined TRACON& Tower with Radar,0,24,21,32,77,0,0,21,4,25,0,24,42,36,102,14,2,16,118
01/12/2016,MLU,LA,ASW,CE,Combined TRACON& Tower with Radar,0,20,30,19,69,0,3,35,8,46,0,23,65,27,115,8,26,34,149
01/13/2016,MLU,LA,ASW,CE,Combined TRACON& Tower with Radar,0,20,32,21,73,0,2,31,2,35,0,22,63,23,108,26,44,70,178
01/14/2016,MLU,LA,ASW,CE,Combined TRACON& Tower with Radar,0,22,20,22,64,0,0,25,5,30,0,22,45,27,94,18,4,22,116
01/15/2016,MLU,LA,ASW,CE,Combined TRACON& Tower with Radar,0,20,27,44,91,0,0,11,0,11,0,20,38,44,102,32,64,96,198
01/16/2016,MLU,LA,ASW,CE,Combined TRACON& Tower with Radar,0,12,4,0,16,0,0,10,0,10,0,12,14,0,26,40,0,40,66
01/17/2016,MLU,LA,ASW,CE,Combined TRACON& Tower with Radar,0,14,12,0,26,0,1,26,3,30,0,15,38,3,56,54,0,54,110
01/18/2016,MLU,LA,ASW,CE,Combined TRACON& Tower with Radar,0,22,19,0,41,0,0,20,0,20,0,22,39,0,61,0,0,0,61
01/19/2016,MLU,LA,ASW,CE,Combined TRACON& Tower with Radar,0,22,26,33,81,0,1,12,8,21,0,23,38,41,102,4,6,10,112
01/20/2016,MLU,LA,ASW,CE,Combined TRACON& Tower with Radar,0,20,28,21,69,0,0,8,0,8,0,20,36,21,77,0,0,0,77
01/21/2016,MLU,LA,ASW,CE,Combined TRACON& Tower with Radar,0,21,10,0,31,0,0,0,0,0,0,21,10,0,31,0,0,0,31
01/22/2016,MLU,LA,ASW,CE,Combined TRACON& Tower with Radar,0,22,20,0,42,0,0,5,2,7,0,22,25,2,49,0,0,0,49
01/23/2016,MLU,LA,ASW,CE,Combined TRACON& Tower with Radar,0,11,6,0,17,0,0,12,0,12,0,11,18,0,29,80,0,80,109
01/24/2016,MLU,LA,ASW,CE,Combined TRACON& Tower with Radar,0,23,12,0,35,0,0,12,0,12,0,23,24,0,47,4,0,4,51
01/25/2016,MLU,LA,ASW,CE,Combined TRACON& Tower with Radar,0,19,29,14,62,0,0,9,0,9,0,19,38,14,71,4,2,6,77
01/26/2016,MLU,LA,ASW,CE,Combined TRACON& Tower with Radar,0,19,16,33,68,0,0,7,0,7,0,19,23,33,75,14,46,60,135
01/27/2016,MLU,LA,ASW,CE,Combined TRACON& Tower with Radar,0,25,31,21,77,0,0,20,2,22,0,25,51,23,99,0,28,28,127
01/28/2016,MLU,LA,ASW,CE,Combined TRACON& Tower with Radar,0,29,47,22,98,0,0,20,2,22,0,29,67,24,120,6,8,14,134
01/29/2016,MLU,LA,ASW,CE,Combined TRACON& Tower with Radar,0,20,31,30,81,0,0,21,3,24,0,20,52,33,105,0,26,26,131
01/30/2016,MLU,LA,ASW,CE,Combined TRACON& Tower with Radar,0,10,13,0,23,0,0,25,6,31,0,10,38,6,54,20,0,20,74
01/31/2016,MLU,LA,ASW,CE,Combined TRACON& Tower with Radar,0,16,9,6,31,0,0,4,0,4,0,16,13,6,35,4,0,4,39
02/01/2016,MLU,LA,ASW,CE,Combined TRACON& Tower with Radar,0,26,31,31,88,0,0,15,0,15,0,26,46,31,103,0,2,2,105
02/02/2016,MLU,LA,ASW,CE,Combined TRACON& Tower with Radar,0,20,15,2,37,0,0,0,2,2,0,20,15,4,39,0,10,10,49
02/03/2016,MLU,LA,ASW,CE,Combined TRACON& Tower with Radar,0,21,27,7,55,0,0,35,5,40,0,21,62,12,95,0,6,6,101
02/04/2016,MLU,LA,ASW,CE,Combined TRACON& Tower with Radar,0,23,35,65,123,0,2,30,0,32,0,25,65,65,155,14,12,26,181
02/05/2016,MLU,LA,ASW,CE,Combined TRACON& Tower with Radar,0,24,32,27,83,0,2,21,2,25,0,26,53,29,108,6,6,12,120
02/06/2016,MLU,LA,ASW,CE,Combined TRACON& Tower with Radar,0,11,16,4,31,0,0,15,2,17,0,11,31,6,48,2,6,8,56
02/07/2016,MLU,LA,ASW,CE,Combined TRACON& Tower with Radar,0,14,9,0,23,0,0,10,0,10,0,14,19,0,33,10,0,10,43
02/08/2016,MLU,LA,ASW,CE,Combined TRACON& Tower with Radar,0,19,15,6,40,0,0,7,1,8,0,19,22,7,48,0,2,2,50
02/09/2016,MLU,LA,ASW,CE,Combined TRACON& Tower with Radar,0,19,8,10,37,0,0,3,3,6,0,19,11,13,43,0,0,0,43
02/10/2016,MLU,LA,ASW,CE,Combined TRACON& Tower with Radar,0,19,19,6,44,0,0,24,1,25,0,19,43,7,69,14,4,18,87
02/11/2016,MLU,LA,ASW,CE,Combined TRACON& Tower with Radar,0,20,28,23,71,0,0,35,3,38,0,20,63,26,109,32,0,32,141
02/12/2016,MLU,LA,ASW,CE,Combined TRACON& Tower with Radar,0,19,25,46,90,0,0,23,2,25,0,19,48,48,115,48,4,52,167
02/13/2016,MLU,LA,ASW,CE,Combined TRACON& Tower with Radar,0,13,6,0,19,0,0,14,0,14,0,13,20,0,33,14,0,14,47
02/14/2016,MLU,LA,ASW,CE,Combined TRACON& Tower with Radar,0,16,11,6,33,0,0,11,0,11,0,16,22,6,44,10,0,10,54
02/15/2016,MLU,LA,ASW,CE,Combined TRACON& Tower with Radar,0,19,24,0,43,0,0,1,0,1,0,19,25,0,44,0,0,0,44
02/16/2016,MLU,LA,ASW,CE,Combined TRACON& Tower with Radar,0,24,42,13,79,0,0,15,1,16,0,24,57,14,95,0,0,0,95
02/17/2016,MLU,LA,ASW,CE,Combined TRACON& Tower with Radar,0,23,27,47,97,0,0,15,3,18,0,23,42,50,115,4,20,24,139
02/18/2016,MLU,LA,ASW,CE,Combined TRACON& Tower with Radar,0,23,32,4,59,0,0,16,8,24,0,23,48,12,83,42,0,42,125
02/19/2016,MLU,LA,ASW,CE,Combined TRACON& Tower with Radar,0,24,33,24,81,0,1,9,1,11,0,25,42,25,92,0,2,2,94
02/20/2016,MLU,LA,ASW,CE,Combined TRACON& Tower with Radar,0,12,16,6,34,0,0,7,3,10,0,12,23,9,44,0,0,0,44
02/21/2016,MLU,LA,ASW,CE,Combined TRACON& Tower with Radar,0,19,13,4,36,0,0,4,0,4,0,19,17,4,40,0,0,0,40
02/22/2016,MLU,LA,ASW,CE,Combined TRACON& Tower with Radar,0,20,48,0,68,0,0,0,0,0,0,20,48,0,68,0,0,0,68
02/23/2016,MLU,LA,ASW,CE,Combined TRACON& Tower with Radar,0,21,12,0,33,0,0,0,0,0,0,21,12,0,33,0,0,0,33
02/24/2016,MLU,LA,ASW,CE,Combined TRACON& Tower with Radar,0,22,24,14,60,0,0,15,0,15,0,22,39,14,75,10,22,32,107
02/25/2016,MLU,LA,ASW,CE,Combined TRACON& Tower with Radar,2,16,27,21,66,0,0,34,5,39,2,16,61,26,105,0,40,40,145
02/26/2016,MLU,LA,ASW,CE,Combined TRACON& Tower with Radar,0,20,36,14,70,0,0,35,0,35,0,20,71,14,105,2,0,2,107
02/27/2016,MLU,LA,ASW,CE,Combined TRACON& Tower with Radar,0,10,15,1,26,0,0,22,3,25,0,10,37,4,51,10,0,10,61
02/28/2016,MLU,LA,ASW,CE,Combined TRACON& Tower with Radar,2,17,17,1,37,0,2,11,2,15,2,19,28,3,52,2,0,2,54
02/29/2016,MLU,LA,ASW,CE,Combined TRACON& Tower with Radar,2,16,14,21,53,0,0,5,0,5,2,16,19,21,58,6,8,14,72
03/01/2016,MLU,LA,ASW,CE,Combined TRACON& Tower with Radar,0,23,9,1,33,0,0,4,1,5,0,23,13,2,38,0,0,0,38
03/02/2016,MLU,LA,ASW,CE,Combined TRACON& Tower with Radar,1,21,26,35,83,0,0,17,3,20,1,21,43,38,103,20,0,20,123
03/03/2016,MLU,LA,ASW,CE,Combined TRACON& Tower with Radar,0,25,26,3,54,0,0,5,0,5,0,25,31,3,59,0,2,2,61
03/04/2016,MLU,LA,ASW,CE,Combined TRACON& Tower with Radar,1,21,40,24,86,0,0,21,3,24,1,21,61,27,110,34,36,70,180
03/05/2016,MLU,LA,ASW,CE,Combined TRACON& Tower with Radar,1,10,21,2,34,0,0,22,4,26,1,10,43,6,60,6,26,32,92
03/06/2016,MLU,LA,ASW,CE,Combined TRACON& Tower with Radar,0,14,20,0,34,0,1,14,2,17,0,15,34,2,51,0,0,0,51
03/07/2016,MLU,LA,ASW,CE,Combined TRACON& Tower with Radar,0,17,15,20,52,0,0,15,0,15,0,17,30,20,67,0,16,16,83
03/08/2016,MLU,LA,ASW,CE,Combined TRACON& Tower with Radar,0,15,10,2,27,0,0,1,0,1,0,15,11,2,28,0,10,10,38
03/09/2016,MLU,LA,ASW,CE,Combined TRACON& Tower with Radar,0,8,2,0,10,0,0,0,0,0,0,8,2,0,10,0,0,0,10
03/10/2016,MLU,LA,ASW,CE,Combined TRACON& Tower with Radar,0,14,14,0,28,0,0,0,0,0,0,14,14,0,28,0,0,0,28
03/11/2016,MLU,LA,ASW,CE,Combined TRACON& Tower with Radar,0,17,9,2,28,0,0,4,2,6,0,17,13,4,34,0,0,0,34
03/12/2016,MLU,LA,ASW,CE,Combined TRACON& Tower with Radar,0,15,11,0,26,0,0,10,0,10,0,15,21,0,36,0,0,0,36
03/13/2016,MLU,LA,ASW,CE,Combined TRACON& Tower with Radar,0,15,11,0,26,0,4,4,0,8,0,19,15,0,34,0,0,0,34
03/14/2016,MLU,LA,ASW,CE,Combined TRACON& Tower with Radar,0,17,36,56,109,0,0,43,10,53,0,17,79,66,162,10,16,26,188
03/15/2016,MLU,LA,ASW,CE,Combined TRACON& Tower with Radar,0,19,25,39,83,0,0,27,13,40,0,19,52,52,123,24,14,38,161
03/16/2016,MLU,LA,ASW,CE,Combined TRACON& Tower with Radar,0,21,24,23,68,0,0,23,4,27,0,21,47,27,95,2,0,2,97
03/17/2016,MLU,LA,ASW,CE,Combined TRACON& Tower with Radar,0,21,25,16,62,0,0,14,0,14,0,21,39,16,76,0,0,0,76
03/18/2016,MLU,LA,ASW,CE,Combined TRACON& Tower with Radar,0,21,29,13,63,0,0,7,0,7,0,21,36,13,70,0,8,8,78
03/19/2016,MLU,LA,ASW,CE,Combined TRACON& Tower with Radar,0,13,19,0,32,0,0,15,0,15,0,13,34,0,47,4,0,4,51
03/20/2016,MLU,LA,ASW,CE,Combined TRACON& Tower with Radar,0,14,21,12,47,0,2,19,0,21,0,16,40,12,68,32,0,32,100
03/21/2016,MLU,LA,ASW,CE,Combined TRACON& Tower with Radar,2,19,32,34,87,0,1,15,0,16,2,20,47,34,103,8,14,22,125
03/22/2016,MLU,LA,ASW,CE,Combined TRACON& Tower with Radar,0,18,14,20,52,0,1,23,2,26,0,19,37,22,78,2,4,6,84
03/23/2016,MLU,LA,ASW,CE,Combined TRACON& Tower with Radar,0,21,22,42,85,0,0,14,0,14,0,21,36,42,99,0,32,32,131
03/24/2016,MLU,LA,ASW,CE,Combined TRACON& Tower with Radar,0,20,20,2,42,0,0,10,0,10,0,20,30,2,52,0,0,0,52
03/25/2016,MLU,LA,ASW,CE,Combined TRACON& Tower with Radar,0,25,25,20,70,0,1,22,2,25,0,26,47,22,95,8,22,30,125
03/26/2016,MLU,LA,ASW,CE,Combined TRACON& Tower with Radar,0,10,16,0,26,0,1,23,1,25,0,11,39,1,51,0,0,0,51
03/27/2016,MLU,LA,ASW,CE,Combined TRACON& Tower with Radar,0,14,6,4,24,0,0,3,0,3,0,14,9,4,27,0,0,0,27
03/28/2016,MLU,LA,ASW,CE,Combined TRACON& Tower with Radar,0,17,29,36,82,0,0,14,0,14,0,17,43,36,96,0,0,0,96
03/29/2016,MLU,LA,ASW,CE,Combined TRACON& Tower with Radar,0,18,37,36,91,0,0,21,5,26,0,18,58,41,117,0,0,0,117
03/30/2016,MLU,LA,ASW,CE,Combined TRACON& Tower with Radar,0,23,16,0,39,0,0,1,0,1,0,23,17,0,40,0,0,0,40
03/31/2016,MLU,LA,ASW,CE,Combined TRACON& Tower with Radar,0,21,14,17,52,0,0,2,0,2,0,21,16,17,54,0,0,0,54
04/01/2016,MLU,LA,ASW,CE,Combined TRACON& Tower with Radar,0,24,31,23,78,0,0,10,0,10,0,24,41,23,88,0,16,16,104
04/02/2016,MLU,LA,ASW,CE,Combined TRACON& Tower with Radar,0,10,22,6,38,0,0,18,0,18,0,10,40,6,56,2,0,2,58
04/03/2016,MLU,LA,ASW,CE,Combined TRACON& Tower with Radar,0,17,15,2,34,0,1,17,0,18,0,18,32,2,52,2,0,2,54
04/04/2016,MLU,LA,ASW,CE,Combined TRACON& Tower with Radar,2,15,32,8,57,0,0,17,0,17,2,15,49,8,74,10,4,14,88
04/05/2016,MLU,LA,ASW,CE,Combined TRACON& Tower with Radar,0,22,29,6,57,0,0,23,2,25,0,22,52,8,82,48,0,48,130
04/06/2016,MLU,LA,ASW,CE,Combined TRACON& Tower with Radar,2,18,20,0,40,0,0,8,0,8,2,18,28,0,48,0,0,0,48
04/07/2016,MLU,LA,ASW,CE,Combined TRACON& Tower with Radar,0,19,22,28,69,0,1,13,6,20,0,20,35,34,89,12,2,14,103
04/08/2016,MLU,LA,ASW,CE,Combined TRACON& Tower with Radar,0,22,48,30,100,0,1,26,4,31,0,23,74,34,131,10,28,38,169
04/09/2016,MLU,LA,ASW,CE,Combined TRACON& Tower with Radar,0,11,21,0,32,0,0,15,0,15,0,11,36,0,47,8,0,8,55
04/10/2016,MLU,LA,ASW,CE,Combined TRACON& Tower with Radar,0,21,17,0,38,0,0,13,0,13,0,21,30,0,51,0,0,0,51
04/11/2016,MLU,LA,ASW,CE,Combined TRACON& Tower with Radar,0,18,14,0,32,0,0,1,0,1,0,18,15,0,33,0,0,0,33
04/12/2016,MLU,LA,ASW,CE,Combined TRACON& Tower with Radar,0,23,31,19,73,0,0,6,3,9,0,23,37,22,82,0,6,6,88
04/13/2016,MLU,LA,ASW,CE,Combined TRACON& Tower with Radar,0,20,17,3,40,0,0,8,1,9,0,20,25,4,49,18,0,18,67
04/14/2016,MLU,LA,ASW,CE,Combined TRACON& Tower with Radar,0,20,24,0,44,0,0,0,0,0,0,20,24,0,44,0,0,0,44
04/15/2016,MLU,LA,ASW,CE,Combined TRACON& Tower with Radar,0,21,17,14,52,0,0,0,0,0,0,21,17,14,52,0,0,0,52
04/16/2016,MLU,LA,ASW,CE,Combined TRACON& Tower with Radar,0,10,11,0,21,0,0,4,0,4,0,10,15,0,25,0,0,0,25
04/17/2016,MLU,LA,ASW,CE,Combined TRACON& Tower with Radar,0,11,13,0,24,0,0,10,4,14,0,11,23,4,38,0,0,0,38
04/18/2016,MLU,LA,ASW,CE,Combined TRACON& Tower with Radar,0,17,28,8,53,0,0,7,0,7,0,17,35,8,60,0,20,20,80
04/19/2016,MLU,LA,ASW,CE,Combined TRACON& Tower with Radar,0,17,25,0,42,0,0,2,0,2,0,17,27,0,44,0,0,0,44
04/20/2016,MLU,LA,ASW,CE,Combined TRACON& Tower with Radar,0,21,25,0,46,0,0,3,0,3,0,21,28,0,49,0,0,0,49
04/21/2016,MLU,LA,ASW,CE,Combined TRACON& Tower with Radar,0,28,35,10,73,0,0,3,0,3,0,28,38,10,76,0,0,0,76
04/22/2016,MLU,LA,ASW,CE,Combined TRACON& Tower with Radar,0,19,26,36,81,0,2,25,1,28,0,21,51,37,109,10,16,26,135
04/23/2016,MLU,LA,ASW,CE,Combined TRACON& Tower with Radar,0,10,8,0,18,0,2,16,0,18,0,12,24,0,36,18,0,18,54
04/24/2016,MLU,LA,ASW,CE,Combined TRACON& Tower with Radar,0,14,20,4,38,0,2,15,0,17,0,16,35,4,55,8,0,8,63
04/25/2016,MLU,LA,ASW,CE,Combined TRACON& Tower with Radar,0,22,31,34,87,0,0,21,0,21,0,22,52,34,108,0,8,8,116
04/26/2016,MLU,LA,ASW,CE,Combined TRACON& Tower with Radar,0,20,28,10,58,0,0,20,2,22,0,20,48,12,80,3,50,53,133
04/27/2016,MLU,LA,ASW,CE,Combined TRACON& Tower with Radar,0,20,7,7,34,0,0,6,4,10,0,20,13,11,44,0,0,0,44
04/28/2016,MLU,LA,ASW,CE,Combined TRACON& Tower with Radar,0,20,41,49,110,0,4,21,2,27,0,24,62,51,137,14,20,34,171
04/29/2016,MLU,LA,ASW,CE,Combined TRACON& Tower with Radar,0,16,15,0,31,0,0,0,0,0,0,16,15,0,31,0,0,0,31
04/30/2016,MLU,LA,ASW,CE,Combined TRACON& Tower with Radar,0,10,7,0,17,0,1,4,0,5,0,11,11,0,22,0,0,0,22
05/01/2016,MLU,LA,ASW,CE,Combined TRACON& Tower with Radar,0,15,11,0,26,0,0,3,0,3,0,15,14,0,29,0,0,0,29
05/02/2016,MLU,LA,ASW,CE,Combined TRACON& Tower with Radar,0,18,17,2,37,0,0,4,0,4,0,18,21,2,41,0,0,0,41
05/03/2016,MLU,LA,ASW,CE,Combined TRACON& Tower with Radar,0,19,27,37,83,0,2,19,7,28,0,21,46,44,111,0,12,12,123
05/04/2016,MLU,LA,ASW,CE,Combined TRACON& Tower with Radar,0,19,25,38,82,0,2,32,1,35,0,21,57,39,117,16,6,22,139
05/05/2016,MLU,LA,ASW,CE,Combined TRACON& Tower with Radar,0,20,32,26,78,0,0,29,4,33,0,20,61,30,111,32,0,32,143
05/06/2016,MLU,LA,ASW,CE,Combined TRACON& Tower with Radar,0,22,30,33,85,0,2,25,1,28,0,24,55,34,113,20,6,26,139
05/07/2016,MLU,LA,ASW,CE,Combined TRACON& Tower with Radar,0,14,13,4,31,0,0,13,0,13,0,14,26,4,44,2,2,4,48
05/08/2016,MLU,LA,ASW,CE,Combined TRACON& Tower with Radar,0,17,16,0,33,0,1,17,0,18,0,18,33,0,51,24,0,24,75
05/09/2016,MLU,LA,ASW,CE,Combined TRACON& Tower with Radar,0,22,18,3,43,0,0,5,1,6,0,22,23,4,49,0,0,0,49
05/10/2016,MLU,LA,ASW,CE,Combined TRACON& Tower with Radar,0,22,34,24,80,0,0,16,0,16,0,22,50,24,96,24,48,72,168
05/11/2016,MLU,LA,ASW,CE,Combined TRACON& Tower with Radar,0,25,40,40,105,0,0,16,2,18,0,25,56,42,123,14,58,72,195
05/12/2016,MLU,LA,ASW,CE,Combined TRACON& Tower with Radar,0,27,26,19,72,0,0,12,4,16,0,27,38,23,88,20,4,24,112
05/13/2016,MLU,LA,ASW,CE,Combined TRACON& Tower with Radar,0,22,27,15,64,0,0,26,0,26,0,22,53,15,90,12,16,28,118
05/14/2016,MLU,LA,ASW,CE,Combined TRACON& Tower with Radar,0,13,15,0,28,0,0,19,0,19,0,13,34,0,47,0,0,0,47
05/15/2016,MLU,LA,ASW,CE,Combined TRACON& Tower with Radar,0,16,7,0,23,0,0,21,0,21,0,16,28,0,44,16,0,16,60
05/16/2016,MLU,LA,ASW,CE,Combined TRACON& Tower with Radar,0,19,27,2,48,0,1,11,0,12,0,20,38,2,60,12,8,20,80
05/17/2016,MLU,LA,ASW,CE,Combined TRACON& Tower with Radar,0,21,26,32,79,0,0,5,0,5,0,21,31,32,84,0,20,20,104
05/18/2016,MLU,LA,ASW,CE,Combined TRACON& Tower with Radar,0,23,36,21,80,0,0,5,2,7,0,23,41,23,87,0,0,0,87
05/19/2016,MLU,LA,ASW,CE,Combined TRACON& Tower with Radar,0,22,21,20,63,0,0,8,2,10,0,22,29,22,73,0,22,22,95
05/20/2016,MLU,LA,ASW,CE,Combined TRACON& Tower with Radar,0,22,39,5,66,0,0,23,3,26,0,22,62,8,92,18,0,18,110
05/21/2016,MLU,LA,ASW,CE,Combined TRACON& Tower with Radar,0,13,15,16,44,0,1,23,2,26,0,14,38,18,70,16,6,22,92
05/22/2016,MLU,LA,ASW,CE,Combined TRACON& Tower with Radar,0,19,16,0,35,0,1,22,0,23,0,20,38,0,58,12,0,12,70
05/23/2016,MLU,LA,ASW,CE,Combined TRACON& Tower with Radar,0,20,35,40,95,0,2,20,2,24,0,22,55,42,119,30,60,90,209
05/24/2016,MLU,LA,ASW,CE,Combined TRACON& Tower with Radar,0,21,23,15,59,0,0,10,4,14,0,21,33,19,73,0,6,6,79
05/25/2016,MLU,LA,ASW,CE,Combined TRACON& Tower with Radar,0,21,39,26,86,0,0,23,0,23,0,21,62,26,109,2,20,22,131
05/26/2016,MLU,LA,ASW,CE,Combined TRACON& Tower with Radar,0,23,26,46,95,0,0,8,5,13,0,23,34,51,108,10,4,14,122
05/27/2016,MLU,LA,ASW,CE,Combined TRACON& Tower with Radar,0,21,13,0,34,0,0,1,0,1,0,21,14,0,35,0,0,0,35
05/28/2016,MLU,LA,ASW,CE,Combined TRACON& Tower with Radar,0,11,8,0,19,0,0,14,0,14,0,11,22,0,33,24,0,24,57
05/29/2016,MLU,LA,ASW,CE,Combined TRACON& Tower with Radar,0,13,11,0,24,0,0,12,0,12,0,13,23,0,36,3,0,3,39
05/30/2016,MLU,LA,ASW,CE,Combined TRACON& Tower with Radar,0,15,14,0,29,0,0,20,0,20,0,15,34,0,49,0,0,0,49
05/31/2016,MLU,LA,ASW,CE,Combined TRACON& Tower with Radar,0,21,25,39,85,0,0,32,8,40,0,21,57,47,125,8,52,60,185
06/01/2016,MLU,LA,ASW,CE,Combined TRACON& Tower with Radar,0,23,36,2,61,0,0,15,0,15,0,23,51,2,76,10,0,10,86
06/02/2016,MLU,LA,ASW,CE,Combined TRACON& Tower with Radar,0,17,24,0,41,0,0,7,4,11,0,17,31,4,52,0,0,0,52
06/03/2016,MLU,LA,ASW,CE,Combined TRACON& Tower with Radar,2,21,15,3,41,0,0,3,8,11,2,21,18,11,52,0,0,0,52
06/04/2016,MLU,LA,ASW,CE,Combined TRACON& Tower with Radar,0,20,6,12,38,0,0,7,2,9,0,20,13,14,47,12,10,22,69
06/05/2016,MLU,LA,ASW,CE,Combined TRACON& Tower with Radar,0,19,8,12,39,0,0,2,0,2,0,19,10,12,41,10,18,28,69
06/06/2016,MLU,LA,ASW,CE,Combined TRACON& Tower with Radar,0,21,22,47,90,0,2,27,6,35,0,23,49,53,125,0,52,52,177
06/07/2016,MLU,LA,ASW,CE,Combined TRACON& Tower with Radar,0,20,21,31,72,0,0,14,5,19,0,20,35,36,91,32,24,56,147
06/08/2016,MLU,LA,ASW,CE,Combined TRACON& Tower with Radar,0,22,19,12,53,0,0,18,3,21,0,22,37,15,74,6,30,36,110
06/09/2016,MLU,LA,ASW,CE,Combined TRACON& Tower with Radar,0,21,26,29,76,0,0,35,7,42,0,21,61,36,118,38,26,64,182
06/10/2016,MLU,LA,ASW,CE,Combined TRACON& Tower with Radar,0,26,14,19,59,0,0,32,4,36,0,26,46,23,95,82,0,82,177
06/11/2016,MLU,LA,ASW,CE,Combined TRACON& Tower with Radar,0,15,10,0,25,0,0,21,0,21,0,15,31,0,46,14,0,14,60
06/12/2016,MLU,LA,ASW,CE,Combined TRACON& Tower with Radar,0,13,8,2,23,0,0,7,4,11,0,13,15,6,34,12,0,12,46
06/13/2016,MLU,LA,ASW,CE,Combined TRACON& Tower with Radar,0,17,27,4,48,0,0,5,2,7,0,17,32,6,55,0,0,0,55
06/14/2016,MLU,LA,ASW,CE,Combined TRACON& Tower with Radar,0,19,26,10,55,0,0,7,0,7,0,19,33,10,62,20,18,38,100
06/15/2016,MLU,LA,ASW,CE,Combined TRACON& Tower with Radar,0,26,35,60,121,0,0,18,5,23,0,26,53,65,144,10,2,12,156
06/16/2016,MLU,LA,ASW,CE,Combined TRACON& Tower with Radar,0,23,34,38,95,0,1,19,2,22,0,24,53,40,117,12,12,24,141
06/17/2016,MLU,LA,ASW,CE,Combined TRACON& Tower with Radar,0,21,28,40,89,0,0,11,2,13,0,21,39,42,102,4,34,38,140
06/18/2016,MLU,LA,ASW,CE,Combined TRACON& Tower with Radar,0,17,12,0,29,0,0,5,0,5,0,17,17,0,34,28,0,28,62
06/19/2016,MLU,LA,ASW,CE,Combined TRACON& Tower with Radar,0,20,8,0,28,0,0,8,0,8,0,20,16,0,36,0,0,0,36
06/20/2016,MLU,LA,ASW,CE,Combined TRACON& Tower with Radar,0,22,14,5,41,0,0,12,0,12,0,22,26,5,53,30,0,30,83
06/21/2016,MLU,LA,ASW,CE,Combined TRACON& Tower with Radar,0,21,18,14,53,0,0,13,4,17,0,21,31,18,70,14,0,14,84
06/22/2016,MLU,LA,ASW,CE,Combined TRACON& Tower with Radar,0,23,26,13,62,0,0,14,0,14,0,23,40,13,76,4,10,14,90
06/23/2016,MLU,LA,ASW,CE,Combined TRACON& Tower with Radar,0,23,32,16,71,0,3,27,5,35,0,26,59,21,106,6,34,40,146
06/24/2016,MLU,LA,ASW,CE,Combined TRACON& Tower with Radar,0,23,45,23,91,0,0,23,2,25,0,23,68,25,116,12,18,30,146
06/25/2016,MLU,LA,ASW,CE,Combined TRACON& Tower with Radar,0,16,8,7,31,0,0,28,3,31,0,16,36,10,62,26,2,28,90
06/26/2016,MLU,LA,ASW,CE,Combined TRACON& Tower with Radar,0,21,23,4,48,0,0,19,0,19,0,21,42,4,67,0,0,0,67
06/27/2016,MLU,LA,ASW,CE,Combined TRACON& Tower with Radar,0,19,30,45,94,0,0,13,1,14,0,19,43,46,108,10,16,26,134
06/28/2016,MLU,LA,ASW,CE,Combined TRACON& Tower with Radar,2,15,17,7,41,0,0,5,7,12,2,15,22,14,53,0,0,0,53
06/29/2016,MLU,LA,ASW,CE,Combined TRACON& Tower with Radar,0,25,49,32,106,0,0,26,2,28,0,25,75,34,134,16,20,36,170
06/30/2016,MLU,LA,ASW,CE,Combined TRACON& Tower with Radar,0,23,36,24,83,0,1,26,5,32,0,24,62,29,115,30,34,64,179
07/01/2016,MLU,LA,ASW,CE,Combined TRACON& Tower with Radar,0,21,29,29,79,0,0,24,1,25,0,21,53,30,104,10,94,104,208
07/02/2016,MLU,LA,ASW,CE,Combined TRACON& Tower with Radar,0,13,13,0,26,0,0,9,2,11,0,13,22,2,37,0,0,0,37
07/03/2016,MLU,LA,ASW,CE,Combined TRACON& Tower with Radar,0,11,10,22,43,0,0,6,0,6,0,11,16,22,49,0,16,16,65
07/04/2016,MLU,LA,ASW,CE,Combined TRACON& Tower with Radar,0,12,15,0,27,0,0,18,0,18,0,12,33,0,45,0,0,0,45
07/05/2016,MLU,LA,ASW,CE,Combined TRACON& Tower with Radar,0,16,14,1,31,0,0,4,3,7,0,16,18,4,38,0,0,0,38
07/06/2016,MLU,LA,ASW,CE,Combined TRACON& Tower with Radar,0,18,30,34,82,0,0,9,2,11,0,18,39,36,93,14,32,46,139
07/07/2016,MLU,LA,ASW,CE,Combined TRACON& Tower with Radar,0,19,31,32,82,0,0,21,1,22,0,19,52,33,104,32,46,78,182
07/08/2016,MLU,LA,ASW,CE,Combined TRACON& Tower with Radar,0,19,27,39,85,0,0,22,5,27,0,19,49,44,112,0,32,32,144
07/09/2016,MLU,LA,ASW,CE,Combined TRACON& Tower with Radar,0,15,14,4,33,0,0,13,3,16,0,15,27,7,49,16,2,18,67
07/10/2016,MLU,LA,ASW,CE,Combined TRACON& Tower with Radar,0,20,19,0,39,0,0,4,1,5,0,20,23,1,44,22,0,22,66
07/11/2016,MLU,LA,ASW,CE,Combined TRACON& Tower with Radar,0,19,40,38,97,0,0,19,2,21,0,19,59,40,118,0,8,8,126
07/12/2016,MLU,LA,ASW,CE,Combined TRACON& Tower with Radar,0,18,28,50,96,0,0,19,5,24,0,18,47,55,120,0,76,76,196
07/13/2016,MLU,LA,ASW,CE,Combined TRACON& Tower with Radar,0,14,22,33,69,0,3,12,1,16,0,17,34,34,85,4,26,30,115
07/14/2016,MLU,LA,ASW,CE,Combined TRACON& Tower with Radar,0,19,21,37,77,0,0,10,1,11,0,19,31,38,88,20,10,30,118
07/15/2016,MLU,LA,ASW,CE,Combined TRACON& Tower with Radar,0,19,24,26,69,0,0,17,5,22,0,19,41,31,91,34,12,46,137
07/16/2016,MLU,LA,ASW,CE,Combined TRACON& Tower with Radar,0,13,10,35,58,0,0,16,0,16,0,13,26,35,74,0,0,0,74
07/17/2016,MLU,LA,ASW,CE,Combined TRACON& Tower with Radar,0,16,15,4,35,0,0,5,0,5,0,16,20,4,40,0,10,10,50
07/18/2016,MLU,LA,ASW,CE,Combined TRACON& Tower with Radar,0,16,19,30,65,0,0,17,0,17,0,16,36,30,82,0,2,2,84
07/19/2016,MLU,LA,ASW,CE,Combined TRACON& Tower with Radar,0,21,31,34,86,0,0,12,3,15,0,21,43,37,101,6,0,6,107
07/20/2016,MLU,LA,ASW,CE,Combined TRACON& Tower with Radar,0,21,30,40,91,0,0,15,2,17,0,21,45,42,108,8,0,8,116
07/21/2016,MLU,LA,ASW,CE,Combined TRACON& Tower with Radar,0,22,24,20,66,0,0,23,1,24,0,22,47,21,90,12,0,12,102
07/22/2016,MLU,LA,ASW,CE,Combined TRACON& Tower with Radar,0,21,38,1,60,0,0,16,0,16,0,21,54,1,76,6,0,6,82
07/23/2016,MLU,LA,ASW,CE,Combined TRACON& Tower with Radar,0,13,14,4,31,0,1,21,0,22,0,14,35,4,53,12,0,12,65
07/24/2016,MLU,LA,ASW,CE,Combined TRACON& Tower with Radar,0,16,21,0,37,0,0,8,0,8,0,16,29,0,45,0,0,0,45
07/25/2016,MLU,LA,ASW,CE,Combined TRACON& Tower with Radar,0,20,25,9,54,0,0,15,0,15,0,20,40,9,69,0,0,0,69
07/26/2016,MLU,LA,ASW,CE,Combined TRACON& Tower with Radar,0,18,20,38,76,0,0,9,0,9,0,18,29,38,85,0,2,2,87
07/27/2016,MLU,LA,ASW,CE,Combined TRACON& Tower with Radar,0,18,22,6,46,0,0,2,5,7,0,18,24,11,53,0,0,0,53
07/28/2016,MLU,LA,ASW,CE,Combined TRACON& Tower with Radar,0,24,19,0,43,0,0,3,0,3,0,24,22,0,46,0,0,0,46
07/29/2016,MLU,LA,ASW,CE,Combined TRACON& Tower with Radar,0,17,23,10,50,0,0,17,3,20,0,17,40,13,70,0,2,2,72
07/30/2016,MLU,LA,ASW,CE,Combined TRACON& Tower with Radar,0,13,14,0,27,0,0,9,4,13,0,13,23,4,40,10,0,10,50
07/31/2016,MLU,LA,ASW,CE,Combined TRACON& Tower with Radar,0,19,16,2,37,0,0,7,0,7,0,19,23,2,44,0,0,0,44
08/01/2016,MLU,LA,ASW,CE,Combined TRACON& Tower with Radar,0,18,18,21,57,0,0,8,2,10,0,18,26,23,67,22,10,32,99
08/02/2016,MLU,LA,ASW,CE,Combined TRACON& Tower with Radar,0,19,25,29,73,0,0,13,7,20,0,19,38,36,93,0,18,18,111
08/03/2016,MLU,LA,ASW,CE,Combined TRACON& Tower with Radar,0,22,34,29,85,0,0,28,4,32,0,22,62,33,117,6,30,36,153
08/04/2016,MLU,LA,ASW,CE,Combined TRACON& Tower with Radar,0,19,25,22,66,0,0,22,1,23,0,19,47,23,89,10,16,26,115
08/05/2016,MLU,LA,ASW,CE,Combined TRACON& Tower with Radar,0,17,26,6,49,0,0,13,3,16,0,17,39,9,65,12,18,30,95
08/06/2016,MLU,LA,ASW,CE,Combined TRACON& Tower with Radar,0,14,10,0,24,0,0,12,0,12,0,14,22,0,36,0,0,0,36
08/07/2016,MLU,LA,ASW,CE,Combined TRACON& Tower with Radar,0,14,9,10,33,0,0,11,2,13,0,14,20,12,46,0,4,4,50
08/08/2016,MLU,LA,ASW,CE,Combined TRACON& Tower with Radar,0,15,23,26,64,0,0,29,0,29,0,15,52,26,93,8,4,12,105
08/09/2016,MLU,LA,ASW,CE,Combined TRACON& Tower with Radar,0,19,25,39,83,0,0,13,4,17,0,19,38,43,100,0,12,12,112
08/10/2016,MLU,LA,ASW,CE,Combined TRACON& Tower with Radar,0,19,38,17,74,0,0,19,1,20,0,19,57,18,94,2,0,2,96
08/11/2016,MLU,LA,ASW,CE,Combined TRACON& Tower with Radar,0,20,30,0,50,0,0,7,9,16,0,20,37,9,66,4,0,4,70
08/12/2016,MLU,LA,ASW,CE,Combined TRACON& Tower with Radar,0,19,20,5,44,0,0,4,2,6,0,19,24,7,50,0,22,22,72
08/13/2016,MLU,LA,ASW,CE,Combined TRACON& Tower with Radar,0,15,11,3,29,0,0,0,0,0,0,15,11,3,29,0,0,0,29
08/14/2016,MLU,LA,ASW,CE,Combined TRACON& Tower with Radar,0,17,11,0,28,0,0,1,0,1,0,17,12,0,29,0,0,0,29
08/15/2016,MLU,LA,ASW,CE,Combined TRACON& Tower with Radar,0,17,16,5,38,0,0,5,0,5,0,17,21,5,43,0,8,8,51
08/16/2016,MLU,LA,ASW,CE,Combined TRACON& Tower with Radar,0,19,11,1,31,0,0,0,1,1,0,19,11,2,32,0,0,0,32
08/17/2016,MLU,LA,ASW,CE,Combined TRACON& Tower with Radar,0,18,18,5,41,0,0,4,0,4,0,18,22,5,45,0,0,0,45
08/18/2016,MLU,LA,ASW,CE,Combined TRACON& Tower with Radar,0,18,29,5,52,0,0,12,0,12,0,18,41,5,64,0,0,0,64
08/19/2016,MLU,LA,ASW,CE,Combined TRACON& Tower with Radar,0,17,32,4,53,0,0,4,0,4,0,17,36,4,57,0,0,0,57
08/20/2016,MLU,LA,ASW,CE,Combined TRACON& Tower with Radar,0,11,18,0,29,0,0,12,1,13,0,11,30,1,42,0,0,0,42
08/21/2016,MLU,LA,ASW,CE,Combined TRACON& Tower with Radar,0,17,45,2,64,0,0,7,2,9,0,17,52,4,73,2,0,2,75
08/22/2016,MLU,LA,ASW,CE,Combined TRACON& Tower with Radar,0,17,28,1,46,0,0,12,0,12,0,17,40,1,58,0,0,0,58
08/23/2016,MLU,LA,ASW,CE,Combined TRACON& Tower with Radar,0,17,24,19,60,0,0,11,1,12,0,17,35,20,72,76,10,86,158
08/24/2016,MLU,LA,ASW,CE,Combined TRACON& Tower with Radar,0,21,25,25,71,0,0,19,0,19,0,21,44,25,90,42,0,42,132
08/25/2016,MLU,LA,ASW,CE,Combined TRACON& Tower with Radar,0,24,28,24,76,0,0,6,1,7,0,24,34,25,83,66,10,76,159
08/26/2016,MLU,LA,ASW,CE,Combined TRACON& Tower with Radar,0,19,25,27,71,0,0,6,1,7,0,19,31,28,78,14,36,50,128
08/27/2016,MLU,LA,ASW,CE,Combined TRACON& Tower with Radar,0,12,15,12,39,0,0,16,1,17,0,12,31,13,56,0,6,6,62
08/28/2016,MLU,LA,ASW,CE,Combined TRACON& Tower with Radar,0,18,17,34,69,0,0,10,1,11,0,18,27,35,80,0,18,18,98
08/29/2016,MLU,LA,ASW,CE,Combined TRACON& Tower with Radar,2,18,34,22,76,0,0,27,0,27,2,18,61,22,103,14,20,34,137
08/30/2016,MLU,LA,ASW,CE,Combined TRACON& Tower with Radar,0,16,25,40,81,0,0,18,4,22,0,16,43,44,103,0,38,38,141
08/31/2016,MLU,LA,ASW,CE,Combined TRACON& Tower with Radar,0,18,37,34,89,0,0,30,2,32,0,18,67,36,121,0,60,60,181
09/01/2016,MLU,LA,ASW,CE,Combined TRACON& Tower with Radar,0,17,26,18,61,0,1,15,0,16,0,18,41,18,77,0,22,22,99
09/02/2016,MLU,LA,ASW,CE,Combined TRACON& Tower with Radar,0,22,25,0,47,0,0,13,0,13,0,22,38,0,60,22,0,22,82
09/03/2016,MLU,LA,ASW,CE,Combined TRACON& Tower with Radar,0,11,12,0,23,0,0,10,0,10,0,11,22,0,33,2,0,2,35
09/04/2016,MLU,LA,ASW,CE,Combined TRACON& Tower with Radar,0,9,5,0,14,0,0,10,0,10,0,9,15,0,24,0,0,0,24
09/05/2016,MLU,LA,ASW,CE,Combined TRACON& Tower with Radar,0,16,16,0,32,0,0,9,0,9,0,16,25,0,41,0,0,0,41
09/06/2016,MLU,LA,ASW,CE,Combined TRACON& Tower with Radar,0,18,30,10,58,0,0,5,11,16,0,18,35,21,74,0,0,0,74
09/07/2016,MLU,LA,ASW,CE,Combined TRACON& Tower with Radar,0,19,40,21,80,0,0,16,2,18,0,19,56,23,98,4,0,4,102
09/08/2016,MLU,LA,ASW,CE,Combined TRACON& Tower with Radar,0,23,33,22,78,0,0,16,4,20,0,23,49,26,98,0,2,2,100
09/09/2016,MLU,LA,ASW,CE,Combined TRACON& Tower with Radar,2,20,29,46,97,0,0,9,2,11,2,20,38,48,108,0,30,30,138
09/10/2016,MLU,LA,ASW,CE,Combined TRACON& Tower with Radar,0,15,22,0,37,0,0,14,0,14,0,15,36,0,51,0,0,0,51
09/11/2016,MLU,LA,ASW,CE,Combined TRACON& Tower with Radar,0,21,25,10,56,0,0,5,1,6,0,21,30,11,62,36,0,36,98
09/12/2016,MLU,LA,ASW,CE,Combined TRACON& Tower with Radar,0,22,22,61,105,0,0,9,0,9,0,22,31,61,114,2,10,12,126
09/13/2016,MLU,LA,ASW,CE,Combined TRACON& Tower with Radar,0,19,33,27,79,0,0,12,4,16,0,19,45,31,95,12,36,48,143
09/14/2016,MLU,LA,ASW,CE,Combined TRACON& Tower with Radar,0,18,42,40,100,0,2,20,2,24,0,20,62,42,124,0,4,4,128
09/15/2016,MLU,LA,ASW,CE,Combined TRACON& Tower with Radar,0,23,36,26,85,0,0,21,1,22,0,23,57,27,107,0,16,16,123
09/16/2016,MLU,LA,ASW,CE,Combined TRACON& Tower with Radar,3,25,40,20,88,0,0,15,0,15,3,25,55,20,103,4,0,4,107
09/17/2016,MLU,LA,ASW,CE,Combined TRACON& Tower with Radar,0,14,20,6,40,0,1,11,6,18,0,15,31,12,58,2,0,2,60
09/18/2016,MLU,LA,ASW,CE,Combined TRACON& Tower with Radar,0,19,19,0,38,0,0,7,0,7,0,19,26,0,45,0,0,0,45
09/19/2016,MLU,LA,ASW,CE,Combined TRACON& Tower with Radar,2,24,27,56,109,0,2,15,2,19,2,26,42,58,128,4,0,4,132
09/20/2016,MLU,LA,ASW,CE,Combined TRACON& Tower with Radar,0,21,16,14,51,0,0,14,6,20,0,21,30,20,71,8,0,8,79
09/21/2016,MLU,LA,ASW,CE,Combined TRACON& Tower with Radar,0,23,22,21,66,0,0,13,1,14,0,23,35,22,80,2,22,24,104
09/22/2016,MLU,LA,ASW,CE,Combined TRACON& Tower with Radar,0,21,21,4,46,0,0,6,0,6,0,21,27,4,52,0,0,0,52
09/23/2016,MLU,LA,ASW,CE,Combined TRACON& Tower with Radar,3,24,25,28,80,0,0,16,2,18,3,24,41,30,98,16,18,34,132
09/24/2016,MLU,LA,ASW,CE,Combined TRACON& Tower with Radar,0,16,11,16,43,0,0,15,0,15,0,16,26,16,58,2,4,6,64
09/25/2016,MLU,LA,ASW,CE,Combined TRACON& Tower with Radar,0,17,21,16,54,0,0,14,0,14,0,17,35,16,68,0,0,0,68
09/26/2016,MLU,LA,ASW,CE,Combined TRACON& Tower with Radar,0,21,28,39,88,0,0,10,3,13,0,21,38,42,101,0,12,12,113
09/27/2016,MLU,LA,ASW,CE,Combined TRACON& Tower with Radar,0,19,34,43,96,0,0,17,3,20,0,19,51,46,116,2,36,38,154
09/28/2016,MLU,LA,ASW,CE,Combined TRACON& Tower with Radar,0,22,21,34,77,0,0,18,2,20,0,22,39,36,97,0,8,8,105
09/29/2016,MLU,LA,ASW,CE,Combined TRACON& Tower with Radar,0,20,31,23,74,0,0,29,5,34,0,20,60,28,108,0,10,10,118
09/30/2016,MLU,LA,ASW,CE,Combined TRACON& Tower with Radar,0,23,25,6,54,0,0,12,0,12,0,23,37,6,66,0,0,0,66
10/01/2016,MLU,LA,ASW,CE,Combined TRACON& Tower with Radar,0,13,13,3,29,0,0,12,1,13,0,13,25,4,42,0,2,2,44
10/02/2016,MLU,LA,ASW,CE,Combined TRACON& Tower with Radar,0,19,18,0,37,0,0,10,0,10,0,19,28,0,47,8,0,8,55
10/03/2016,MLU,LA,ASW,CE,Combined TRACON& Tower with Radar,0,22,30,33,85,0,0,8,0,8,0,22,38,33,93,0,12,12,105
10/04/2016,MLU,LA,ASW,CE,Combined TRACON& Tower with Radar,0,19,19,35,73,0,1,20,1,22,0,20,39,36,95,26,10,36,131
10/05/2016,MLU,LA,ASW,CE,Combined TRACON& Tower with Radar,0,19,24,17,60,0,0,13,1,14,0,19,37,18,74,0,8,8,82
10/06/2016,MLU,LA,ASW,CE,Combined TRACON& Tower with Radar,0,23,17,17,57,0,2,13,1,16,0,25,30,18,73,4,8,12,85
10/07/2016,MLU,LA,ASW,CE,Combined TRACON& Tower with Radar,1,23,38,27,89,0,0,20,0,20,1,23,58,27,109,22,0,22,131
10/08/2016,MLU,LA,ASW,CE,Combined TRACON& Tower with Radar,0,14,23,20,57,0,0,29,0,29,0,14,52,20,86,2,4,6,92
10/09/2016,MLU,LA,ASW,CE,Combined TRACON& Tower with Radar,0,18,13,9,40,0,0,12,0,12,0,18,25,9,52,0,0,0,52
10/10/2016,MLU,LA,ASW,CE,Combined TRACON& Tower with Radar,0,18,32,3,53,0,1,25,0,26,0,19,57,3,79,4,10,14,93
10/11/2016,MLU,LA,ASW,CE,Combined TRACON& Tower with Radar,0,20,29,9,58,0,0,25,7,32,0,20,54,16,90,0,0,0,90
10/12/2016,MLU,LA,ASW,CE,Combined TRACON& Tower with Radar,0,18,31,20,69,0,0,14,1,15,0,18,45,21,84,10,0,10,94
10/13/2016,MLU,LA,ASW,CE,Combined TRACON& Tower with Radar,0,21,36,22,79,0,0,16,6,22,0,21,52,28,101,2,4,6,107
10/14/2016,MLU,LA,ASW,CE,Combined TRACON& Tower with Radar,2,26,32,0,60,0,0,13,0,13,2,26,45,0,73,0,0,0,73
10/15/2016,MLU,LA,ASW,CE,Combined TRACON& Tower with Radar,0,13,15,7,35,0,0,12,2,14,0,13,27,9,49,0,0,0,49
10/16/2016,MLU,LA,ASW,CE,Combined TRACON& Tower with Radar,0,19,26,4,49,0,0,12,0,12,0,19,38,4,61,46,0,46,107
10/17/2016,MLU,LA,ASW,CE,Combined TRACON& Tower with Radar,0,24,43,16,83,0,1,15,0,16,0,25,58,16,99,8,12,20,119
10/18/2016,MLU,LA,ASW,CE,Combined TRACON& Tower with Radar,0,15,20,12,47,0,0,16,4,20,0,15,36,16,67,22,4,26,93
10/19/2016,MLU,LA,ASW,CE,Combined TRACON& Tower with Radar,0,18,34,20,72,0,0,38,2,40,0,18,72,22,112,28,22,50,162
10/20/2016,MLU,LA,ASW,CE,Combined TRACON& Tower with Radar,0,18,23,11,52,0,0,1,0,1,0,18,24,11,53,0,2,2,55
10/21/2016,MLU,LA,ASW,CE,Combined TRACON& Tower with Radar,4,23,32,50,109,0,0,10,7,17,4,23,42,57,126,0,10,10,136
10/22/2016,MLU,LA,ASW,CE,Combined TRACON& Tower with Radar,0,12,12,24,48,0,1,25,0,26,0,13,37,24,74,2,10,12,86
10/23/2016,MLU,LA,ASW,CE,Combined TRACON& Tower with Radar,0,19,23,8,50,0,0,17,0,17,0,19,40,8,67,6,0,6,73
10/24/2016,MLU,LA,ASW,CE,Combined TRACON& Tower with Radar,0,20,39,37,96,0,1,25,3,29,0,21,64,40,125,0,36,36,161
10/25/2016,MLU,LA,ASW,CE,Combined TRACON& Tower with Radar,0,20,26,26,72,0,1,24,7,32,0,21,50,33,104,0,20,20,124
10/26/2016,MLU,LA,ASW,CE,Combined TRACON& Tower with Radar,0,16,56,35,107,0,0,23,4,27,0,16,79,39,134,2,38,40,174
10/27/2016,MLU,LA,ASW,CE,Combined TRACON& Tower with Radar,0,24,38,64,126,0,0,21,0,21,0,24,59,64,147,10,14,24,171
10/28/2016,MLU,LA,ASW,CE,Combined TRACON& Tower with Radar,0,23,54,45,122,0,0,27,2,29,0,23,81,47,151,66,10,76,227
10/29/2016,MLU,LA,ASW,CE,Combined TRACON& Tower with Radar,0,12,8,0,20,0,0,14,0,14,0,12,22,0,34,8,0,8,42
10/30/2016,MLU,LA,ASW,CE,Combined TRACON& Tower with Radar,0,17,21,0,38,0,0,13,0,13,0,17,34,0,51,0,0,0,51
10/31/2016,MLU,LA,ASW,CE,Combined TRACON& Tower with Radar,0,18,38,4,60,0,0,30,3,33,0,18,68,7,93,10,10,20,113
11/01/2016,MLU,LA,ASW,CE,Combined TRACON& Tower with Radar,0,14,14,2,30,0,0,4,0,4,0,14,18,2,34,0,24,24,58
11/02/2016,MLU,LA,ASW,CE,Combined TRACON& Tower with Radar,0,17,36,27,80,0,0,14,10,24,0,17,50,37,104,0,4,4,108
11/03/2016,MLU,LA,ASW,CE,Combined TRACON& Tower with Radar,0,17,36,10,63,0,0,20,1,21,0,17,56,11,84,0,0,0,84
11/04/2016,MLU,LA,ASW,CE,Combined TRACON& Tower with Radar,0,18,34,39,91,0,0,12,0,12,0,18,46,39,103,0,4,4,107
11/05/2016,MLU,LA,ASW,CE,Combined TRACON& Tower with Radar,0,12,19,9,40,0,0,16,2,18,0,12,35,11,58,12,4,16,74
11/06/2016,MLU,LA,ASW,CE,Combined TRACON& Tower with Radar,0,14,15,0,29,0,0,7,0,7,0,14,22,0,36,6,0,6,42
11/07/2016,MLU,LA,ASW,CE,Combined TRACON& Tower with Radar,0,16,25,7,48,0,0,11,0,11,0,16,36,7,59,4,6,10,69
11/08/2016,MLU,LA,ASW,CE,Combined TRACON& Tower with Radar,0,14,32,8,54,0,0,0,0,0,0,14,32,8,54,0,0,0,54
11/09/2016,MLU,LA,ASW,CE,Combined TRACON& Tower with Radar,0,16,41,9,66,0,0,31,5,36,0,16,72,14,102,0,0,0,102
11/10/2016,MLU,LA,ASW,CE,Combined TRACON& Tower with Radar,0,19,37,16,72,0,0,11,1,12,0,19,48,17,84,0,0,0,84
11/11/2016,MLU,LA,ASW,CE,Combined TRACON& Tower with Radar,0,20,30,1,51,0,0,9,3,12,0,20,39,4,63,2,4,6,69
11/12/2016,MLU,LA,ASW,CE,Combined TRACON& Tower with Radar,0,12,11,6,29,0,0,12,0,12,0,12,23,6,41,30,0,30,71
11/13/2016,MLU,LA,ASW,CE,Combined TRACON& Tower with Radar,0,20,21,0,41,0,0,14,0,14,0,20,35,0,55,8,0,8,63
11/14/2016,MLU,LA,ASW,CE,Combined TRACON& Tower with Radar,0,21,29,20,70,0,0,17,1,18,0,21,46,21,88,14,0,14,102
11/15/2016,MLU,LA,ASW,CE,Combined TRACON& Tower with Radar,0,17,31,41,89,0,0,14,3,17,0,17,45,44,106,10,0,10,116
11/16/2016,MLU,LA,ASW,CE,Combined TRACON& Tower with Radar,0,21,41,11,73,0,0,19,1,20,0,21,60,12,93,30,0,30,123
11/17/2016,MLU,LA,ASW,CE,Combined TRACON& Tower with Radar,0,15,26,5,46,0,0,7,1,8,0,15,33,6,54,0,0,0,54
11/18/2016,MLU,LA,ASW,CE,Combined TRACON& Tower with Radar,2,20,27,6,55,0,1,1,0,2,2,21,28,6,57,0,0,0,57
11/19/2016,MLU,LA,ASW,CE,Combined TRACON& Tower with Radar,2,11,20,25,58,0,0,16,0,16,2,11,36,25,74,18,2,20,94
11/20/2016,MLU,LA,ASW,CE,Combined TRACON& Tower with Radar,0,16,22,4,42,0,0,10,0,10,0,16,32,4,52,0,8,8,60
11/21/2016,MLU,LA,ASW,CE,Combined TRACON& Tower with Radar,0,19,25,16,60,0,0,12,2,14,0,19,37,18,74,6,6,12,86
11/22/2016,MLU,LA,ASW,CE,Combined TRACON& Tower with Radar,0,20,12,44,76,0,0,11,1,12,0,20,23,45,88,0,10,10,98
11/23/2016,MLU,LA,ASW,CE,Combined TRACON& Tower with Radar,0,19,13,1,33,0,0,4,1,5,0,19,17,2,38,0,0,0,38
11/24/2016,MLU,LA,ASW,CE,Combined TRACON& Tower with Radar,0,10,4,0,14,0,0,12,0,12,0,10,16,0,26,0,0,0,26
11/25/2016,MLU,LA,ASW,CE,Combined TRACON& Tower with Radar,0,14,10,0,24,0,0,8,0,8,0,14,18,0,32,30,0,30,62
11/26/2016,MLU,LA,ASW,CE,Combined TRACON& Tower with Radar,0,21,10,0,31,0,2,12,0,14,0,23,22,0,45,0,0,0,45
11/27/2016,MLU,LA,ASW,CE,Combined TRACON& Tower with Radar,0,17,19,0,36,0,0,6,0,6,0,17,25,0,42,0,0,0,42
11/28/2016,MLU,LA,ASW,CE,Combined TRACON& Tower with Radar,0,13,16,0,29,0,0,6,0,6,0,13,22,0,35,0,0,0,35
11/29/2016,MLU,LA,ASW,CE,Combined TRACON& Tower with Radar,0,19,11,16,46,0,0,4,0,4,0,19,15,16,50,0,0,0,50
11/30/2016,MLU,LA,ASW,CE,Combined TRACON& Tower with Radar,0,19,27,15,61,0,1,21,4,26,0,20,48,19,87,84,0,84,171
12/01/2016,MLU,LA,ASW,CE,Combined TRACON& Tower with Radar,0,21,40,24,85,0,0,25,4,29,0,21,65,28,114,20,0,20,134
12/02/2016,MLU,LA,ASW,CE,Combined TRACON& Tower with Radar,2,21,36,16,75,0,0,20,1,21,2,21,56,17,96,20,4,24,120
12/03/2016,MLU,LA,ASW,CE,Combined TRACON& Tower with Radar,2,10,5,2,19,0,0,0,0,0,2,10,5,2,19,0,0,0,19
12/04/2016,MLU,LA,ASW,CE,Combined TRACON& Tower with Radar,0,18,15,2,35,0,0,0,0,0,0,18,15,2,35,0,0,0,35
12/05/2016,MLU,LA,ASW,CE,Combined TRACON& Tower with Radar,0,18,20,0,38,0,0,0,0,0,0,18,20,0,38,0,0,0,38
12/06/2016,MLU,LA,ASW,CE,Combined TRACON& Tower with Radar,0,19,16,32,67,0,0,2,2,4,0,19,18,34,71,0,0,0,71
12/07/2016,MLU,LA,ASW,CE,Combined TRACON& Tower with Radar,0,20,47,16,83,0,0,0,2,2,0,20,47,18,85,18,0,18,103
12/08/2016,MLU,LA,ASW,CE,Combined TRACON& Tower with Radar,0,19,28,28,75,0,0,5,5,10,0,19,33,33,85,2,0,2,87
12/09/2016,MLU,LA,ASW,CE,Combined TRACON& Tower with Radar,0,23,38,42,103,0,0,29,3,32,0,23,67,45,135,14,10,24,159
12/10/2016,MLU,LA,ASW,CE,Combined TRACON& Tower with Radar,0,11,13,3,27,0,0,24,2,26,0,11,37,5,53,0,0,0,53
12/11/2016,MLU,LA,ASW,CE,Combined TRACON& Tower with Radar,0,16,20,0,36,0,0,2,0,2,0,16,22,0,38,0,0,0,38
12/12/2016,MLU,LA,ASW,CE,Combined TRACON& Tower with Radar,0,19,43,44,106,0,0,16,0,16,0,19,59,44,122,0,16,16,138
12/13/2016,MLU,LA,ASW,CE,Combined TRACON& Tower with Radar,0,22,25,20,67,0,0,4,0,4,0,22,29,20,71,0,0,0,71
12/14/2016,MLU,LA,ASW,CE,Combined TRACON& Tower with Radar,0,16,39,32,87,0,0,3,4,7,0,16,42,36,94,0,0,0,94
12/15/2016,MLU,LA,ASW,CE,Combined TRACON& Tower with Radar,0,21,32,40,93,0,1,26,8,35,0,22,58,48,128,4,14,18,146
12/16/2016,MLU,LA,ASW,CE,Combined TRACON& Tower with Radar,0,23,37,32,92,0,0,17,0,17,0,23,54,32,109,0,8,8,117
12/17/2016,MLU,LA,ASW,CE,Combined TRACON& Tower with Radar,0,13,5,0,18,0,0,0,0,0,0,13,5,0,18,0,0,0,18
12/18/2016,MLU,LA,ASW,CE,Combined TRACON& Tower with Radar,0,15,12,0,27,0,0,3,0,3,0,15,15,0,30,1,0,1,31
12/19/2016,MLU,LA,ASW,CE,Combined TRACON& Tower with Radar,0,17,25,17,59,0,0,21,2,23,0,17,46,19,82,0,4,4,86
12/20/2016,MLU,LA,ASW,CE,Combined TRACON& Tower with Radar,0,24,23,6,53,0,0,16,8,24,0,24,39,14,77,4,26,30,107
12/21/2016,MLU,LA,ASW,CE,Combined TRACON& Tower with Radar,0,23,48,9,80,0,1,33,0,34,0,24,81,9,114,22,4,26,140
12/22/2016,MLU,LA,ASW,CE,Combined TRACON& Tower with Radar,0,22,34,43,99,0,0,8,2,10,0,22,42,45,109,6,4,10,119
12/23/2016,MLU,LA,ASW,CE,Combined TRACON& Tower with Radar,0,22,9,0,31,0,0,1,0,1,0,22,10,0,32,0,0,0,32
12/24/2016,MLU,LA,ASW,CE,Combined TRACON& Tower with Radar,0,12,9,0,21,0,0,6,0,6,0,12,15,0,27,6,0,6,33
12/25/2016,MLU,LA,ASW,CE,Combined TRACON& Tower with Radar,0,14,3,0,17,0,0,3,0,3,0,14,6,0,20,0,0,0,20
12/26/2016,MLU,LA,ASW,CE,Combined TRACON& Tower with Radar,0,22,25,0,47,0,0,0,0,0,0,22,25,0,47,0,0,0,47
12/27/2016,MLU,LA,ASW,CE,Combined TRACON& Tower with Radar,0,25,15,0,40,0,0,2,0,2,0,25,17,0,42,0,0,0,42
12/28/2016,MLU,LA,ASW,CE,Combined TRACON& Tower with Radar,0,20,13,0,33,0,0,4,0,4,0,20,17,0,37,0,0,0,37
12/29/2016,MLU,LA,ASW,CE,Combined TRACON& Tower with Radar,0,20,15,2,37,0,0,13,0,13,0,20,28,2,50,0,0,0,50
12/30/2016,MLU,LA,ASW,CE,Combined TRACON& Tower with Radar,0,19,17,0,36,0,0,19,0,19,0,19,36,0,55,0,0,0,55
12/31/2016,MLU,LA,ASW,CE,Combined TRACON& Tower with Radar,0,14,7,0,21,0,0,0,0,0,0,14,7,0,21,0,0,0,21
01/01/2017,MLU,LA,ASW,CE,Combined TRACON& Tower with Radar,0,14,3,0,17,0,0,0,0,0,0,14,3,0,17,0,0,0,17
01/02/2017,MLU,LA,ASW,CE,Combined TRACON& Tower with Radar,0,15,6,0,21,0,0,0,0,0,0,15,6,0,21,0,0,0,21
01/03/2017,MLU,LA,ASW,CE,Combined TRACON& Tower with Radar,0,24,34,22,80,0,0,17,1,18,0,24,51,23,98,0,18,18,116
01/04/2017,MLU,LA,ASW,CE,Combined TRACON& Tower with Radar,0,24,33,24,81,0,0,13,1,14,0,24,46,25,95,14,8,22,117
01/05/2017,MLU,LA,ASW,CE,Combined TRACON& Tower with Radar,0,21,25,4,50,0,0,2,0,2,0,21,27,4,52,0,0,0,52
01/06/2017,MLU,LA,ASW,CE,Combined TRACON& Tower with Radar,0,15,4,0,19,0,0,0,0,0,0,15,4,0,19,0,0,0,19
01/07/2017,MLU,LA,ASW,CE,Combined TRACON& Tower with Radar,0,14,20,35,69,0,0,12,1,13,0,14,32,36,82,0,6,6,88
01/08/2017,MLU,LA,ASW,CE,Combined TRACON& Tower with Radar,0,18,13,0,31,0,0,11,0,11,0,18,24,0,42,18,0,18,60
01/09/2017,MLU,LA,ASW,CE,Combined TRACON& Tower with Radar,0,21,28,23,72,0,0,20,2,22,0,21,48,25,94,0,30,30,124
01/10/2017,MLU,LA,ASW,CE,Combined TRACON& Tower with Radar,0,18,17,32,67,0,0,3,2,5,0,18,20,34,72,12,12,24,96
01/11/2017,MLU,LA,ASW,CE,Combined TRACON& Tower with Radar,0,20,30,15,65,0,0,5,2,7,0,20,35,17,72,0,4,4,76
01/12/2017,MLU,LA,ASW,CE,Combined TRACON& Tower with Radar,0,23,45,14,82,0,0,15,1,16,0,23,60,15,98,54,0,54,152
01/13/2017,MLU,LA,ASW,CE,Combined TRACON& Tower with Radar,0,19,19,6,44,0,0,6,1,7,0,19,25,7,51,2,0,2,53
01/14/2017,MLU,LA,ASW,CE,Combined TRACON& Tower with Radar,2,13,8,0,23,0,0,9,0,9,2,13,17,0,32,0,0,0,32
01/15/2017,MLU,LA,ASW,CE,Combined TRACON& Tower with Radar,0,11,8,4,23,0,0,5,0,5,0,11,13,4,28,0,0,0,28
01/16/2017,MLU,LA,ASW,CE,Combined TRACON& Tower with Radar,0,20,24,0,44,0,0,0,0,0,0,20,24,0,44,0,0,0,44
01/17/2017,MLU,LA,ASW,CE,Combined TRACON& Tower with Radar,0,20,16,3,39,0,0,1,0,1,0,20,17,3,40,0,0,0,40
01/18/2017,MLU,LA,ASW,CE,Combined TRACON& Tower with Radar,2,20,20,0,42,0,0,0,0,0,2,20,20,0,42,0,0,0,42
01/19/2017,MLU,LA,ASW,CE,Combined TRACON& Tower with Radar,0,20,17,0,37,0,0,0,0,0,0,20,17,0,37,0,0,0,37
01/20/2017,MLU,LA,ASW,CE,Combined TRACON& Tower with Radar,0,23,36,34,93,0,0,17,1,18,0,23,53,35,111,0,0,0,111
01/21/2017,MLU,LA,ASW,CE,Combined TRACON& Tower with Radar,0,12,11,15,38,0,0,5,1,6,0,12,16,16,44,0,0,0,44
01/22/2017,MLU,LA,ASW,CE,Combined TRACON& Tower with Radar,0,18,5,0,23,0,1,0,0,1,0,19,5,0,24,0,0,0,24
01/23/2017,MLU,LA,ASW,CE,Combined TRACON& Tower with Radar,0,22,38,61,121,0,0,17,2,19,0,22,55,63,140,0,0,0,140
01/24/2017,MLU,LA,ASW,CE,Combined TRACON& Tower with Radar,0,23,29,17,69,0,0,30,7,37,0,23,59,24,106,0,0,0,106
01/25/2017,MLU,LA,ASW,CE,Combined TRACON& Tower with Radar,0,18,28,36,82,0,0,10,1,11,0,18,38,37,93,0,0,0,93
01/26/2017,MLU,LA,ASW,CE,Combined TRACON& Tower with Radar,0,20,36,28,84,0,0,31,0,31,0,20,67,28,115,0,0,0,115
01/27/2017,MLU,LA,ASW,CE,Combined TRACON& Tower with Radar,0,19,32,31,82,0,0,23,1,24,0,19,55,32,106,0,0,0,106
01/28/2017,MLU,LA,ASW,CE,Combined TRACON& Tower with Radar,0,12,21,10,43,0,0,23,0,23,0,12,44,10,66,0,0,0,66
01/29/2017,MLU,LA,ASW,CE,Combined TRACON& Tower with Radar,0,20,12,26,58,0,0,18,0,18,0,20,30,26,76,0,0,0,76
01/30/2017,MLU,LA,ASW,CE,Combined TRACON& Tower with Radar,0,19,32,41,92,0,0,32,3,35,0,19,64,44,127,0,0,0,127
01/31/2017,MLU,LA,ASW,CE,Combined TRACON& Tower with Radar,0,17,30,25,72,0,0,37,5,42,0,17,67,30,114,0,0,0,114
02/01/2017,MLU,LA,ASW,CE,Combined TRACON& Tower with Radar,0,18,49,16,83,0,0,29,1,30,0,18,78,17,113,0,0,0,113
02/02/2017,MLU,LA,ASW,CE,Combined TRACON& Tower with Radar,0,25,30,7,62,0,0,1,0,1,0,25,31,7,63,0,0,0,63
02/03/2017,MLU,LA,ASW,CE,Combined TRACON& Tower with Radar,0,20,25,14,59,0,0,5,4,9,0,20,30,18,68,0,0,0,68
02/04/2017,MLU,LA,ASW,CE,Combined TRACON& Tower with Radar,0,15,14,7,36,0,0,22,1,23,0,15,36,8,59,0,0,0,59
02/05/2017,MLU,LA,ASW,CE,Combined TRACON& Tower with Radar,0,11,16,0,27,0,0,0,0,0,0,11,16,0,27,0,0,0,27
02/06/2017,MLU,LA,ASW,CE,Combined TRACON& Tower with Radar,0,20,17,37,74,0,0,2,1,3,0,20,19,38,77,0,0,0,77
02/07/2017,MLU,LA,ASW,CE,Combined TRACON& Tower with Radar,0,18,21,44,83,0,0,6,5,11,0,18,27,49,94,0,0,0,94
02/08/2017,MLU,LA,ASW,CE,Combined TRACON& Tower with Radar,0,19,33,72,124,0,0,23,3,26,0,19,56,75,150,0,0,0,150
02/09/2017,MLU,LA,ASW,CE,Combined TRACON& Tower with Radar,0,19,34,27,80,0,0,25,3,28,0,19,59,30,108,0,0,0,108
02/10/2017,MLU,LA,ASW,CE,Combined TRACON& Tower with Radar,0,21,28,23,72,0,0,28,0,28,0,21,56,23,100,0,0,0,100
02/11/2017,MLU,LA,ASW,CE,Combined TRACON& Tower with Radar,0,12,16,3,31,0,0,3,1,4,0,12,19,4,35,0,0,0,35
02/12/2017,MLU,LA,ASW,CE,Combined TRACON& Tower with Radar,0,17,19,7,43,0,0,11,0,11,0,17,30,7,54,0,0,0,54
02/13/2017,MLU,LA,ASW,CE,Combined TRACON& Tower with Radar,0,20,40,25,85,0,0,10,1,11,0,20,50,26,96,0,0,0,96
02/14/2017,MLU,LA,ASW,CE,Combined TRACON& Tower with Radar,0,18,13,0,31,0,0,0,2,2,0,18,13,2,33,0,0,0,33
02/15/2017,MLU,LA,ASW,CE,Combined TRACON& Tower with Radar,0,20,41,51,112,0,0,18,2,20,0,20,59,53,132,0,0,0,132
02/16/2017,MLU,LA,ASW,CE,Combined TRACON& Tower with Radar,0,20,38,9,67,0,0,32,4,36,0,20,70,13,103,0,0,0,103
02/17/2017,MLU,LA,ASW,CE,Combined TRACON& Tower with Radar,0,22,27,8,57,0,0,18,2,20,0,22,45,10,77,0,0,0,77
02/18/2017,MLU,LA,ASW,CE,Combined TRACON& Tower with Radar,0,11,20,0,31,0,0,6,0,6,0,11,26,0,37,0,0,0,37
02/19/2017,MLU,LA,ASW,CE,Combined TRACON& Tower with Radar,0,12,14,0,26,0,0,5,0,5,0,12,19,0,31,0,0,0,31
02/20/2017,MLU,LA,ASW,CE,Combined TRACON& Tower with Radar,0,26,25,0,51,0,0,6,0,6,0,26,31,0,57,0,0,0,57
02/21/2017,MLU,LA,ASW,CE,Combined TRACON& Tower with Radar,0,15,29,14,58,0,0,5,1,6,0,15,34,15,64,0,0,0,64
02/22/2017,MLU,LA,ASW,CE,Combined TRACON& Tower with Radar,0,20,38,39,97,0,0,11,1,12,0,20,49,40,109,0,0,0,109
02/23/2017,MLU,LA,ASW,CE,Combined TRACON& Tower with Radar,0,22,44,17,83,0,0,21,0,21,0,22,65,17,104,0,0,0,104
02/24/2017,MLU,LA,ASW,CE,Combined TRACON& Tower with Radar,0,20,23,11,54,0,0,19,0,19,0,20,42,11,73,0,0,0,73
02/25/2017,MLU,LA,ASW,CE,Combined TRACON& Tower with Radar,0,14,12,6,32,0,1,17,0,18,0,15,29,6,50,0,0,0,50
02/26/2017,MLU,LA,ASW,CE,Combined TRACON& Tower with Radar,0,17,12,0,29,0,0,11,0,11,0,17,23,0,40,0,0,0,40
02/27/2017,MLU,LA,ASW,CE,Combined TRACON& Tower with Radar,0,18,10,0,28,0,0,0,0,0,0,18,10,0,28,0,0,0,28
02/28/2017,MLU,LA,ASW,CE,Combined TRACON& Tower with Radar,0,18,18,18,54,0,0,13,3,16,0,18,31,21,70,0,0,0,70
03/01/2017,MLU,LA,ASW,CE,Combined TRACON& Tower with Radar,0,25,31,8,64,0,0,14,1,15,0,25,45,9,79,0,0,0,79
03/02/2017,MLU,LA,ASW,CE,Combined TRACON& Tower with Radar,0,19,22,20,61,0,0,32,6,38,0,19,54,26,99,0,0,0,99
03/03/2017,MLU,LA,ASW,CE,Combined TRACON& Tower with Radar,0,20,27,14,61,0,0,30,2,32,0,20,57,16,93,0,0,0,93
03/04/2017,MLU,LA,ASW,CE,Combined TRACON& Tower with Radar,0,15,15,21,51,0,2,21,0,23,0,17,36,21,74,0,0,0,74
03/05/2017,MLU,LA,ASW,CE,Combined TRACON& Tower with Radar,0,19,21,4,44,0,0,9,0,9,0,19,30,4,53,0,0,0,53
03/06/2017,MLU,LA,ASW,CE,Combined TRACON& Tower with Radar,0,21,17,25,63,0,0,5,4,9,0,21,22,29,72,0,0,0,72
03/07/2017,MLU,LA,ASW,CE,Combined TRACON& Tower with Radar,0,17,19,29,65,0,0,7,0,7,0,17,26,29,72,0,0,0,72
03/08/2017,MLU,LA,ASW,CE,Combined TRACON& Tower with Radar,0,19,26,2,47,0,0,20,8,28,0,19,46,10,75,0,0,0,75
03/09/2017,MLU,LA,ASW,CE,Combined TRACON& Tower with Radar,0,22,27,28,77,0,1,10,2,13,0,23,37,30,90,0,0,0,90
03/10/2017,MLU,LA,ASW,CE,Combined TRACON& Tower with Radar,0,24,23,22,69,0,2,10,0,12,0,26,33,22,81,0,0,0,81
03/11/2017,MLU,LA,ASW,CE,Combined TRACON& Tower with Radar,0,13,17,7,37,0,0,5,2,7,0,13,22,9,44,0,0,0,44
03/12/2017,MLU,LA,ASW,CE,Combined TRACON& Tower with Radar,2,17,16,0,35,0,0,10,0,10,2,17,26,0,45,0,0,0,45
03/13/2017,MLU,LA,ASW,CE,Combined TRACON& Tower with Radar,0,21,32,22,75,0,0,11,2,13,0,21,43,24,88,0,0,0,88
03/14/2017,MLU,LA,ASW,CE,Combined TRACON& Tower with Radar,0,18,37,27,82,0,1,22,5,28,0,19,59,32,110,0,0,0,110
03/15/2017,MLU,LA,ASW,CE,Combined TRACON& Tower with Radar,0,26,35,7,68,0,2,48,7,57,0,28,83,14,125,0,0,0,125
03/16/2017,MLU,LA,ASW,CE,Combined TRACON& Tower with Radar,0,23,31,15,69,0,0,21,2,23,0,23,52,17,92,0,0,0,92
03/17/2017,MLU,LA,ASW,CE,Combined TRACON& Tower with Radar,0,26,29,9,64,0,1,18,0,19,0,27,47,9,83,0,0,0,83
03/18/2017,MLU,LA,ASW,CE,Combined TRACON& Tower with Radar,0,14,10,0,24,0,0,5,0,5,0,14,15,0,29,0,0,0,29
03/19/2017,MLU,LA,ASW,CE,Combined TRACON& Tower with Radar,0,14,14,0,28,0,0,18,0,18,0,14,32,0,46,0,0,0,46
03/20/2017,MLU,LA,ASW,CE,Combined TRACON& Tower with Radar,0,19,23,20,62,0,0,10,0,10,0,19,33,20,72,0,0,0,72
03/21/2017,MLU,LA,ASW,CE,Combined TRACON& Tower with Radar,0,16,27,19,62,0,0,25,0,25,0,16,52,19,87,0,0,0,87
03/22/2017,MLU,LA,ASW,CE,Combined TRACON& Tower with Radar,0,19,16,2,37,0,0,17,8,25,0,19,33,10,62,0,0,0,62
03/23/2017,MLU,LA,ASW,CE,Combined TRACON& Tower with Radar,1,20,26,24,71,0,0,22,3,25,1,20,48,27,96,0,0,0,96
03/24/2017,MLU,LA,ASW,CE,Combined TRACON& Tower with Radar,1,17,31,2,51,0,0,7,3,10,1,17,38,5,61,0,0,0,61
03/25/2017,MLU,LA,ASW,CE,Combined TRACON& Tower with Radar,0,12,10,0,22,0,0,3,0,3,0,12,13,0,25,0,0,0,25
03/26/2017,MLU,LA,ASW,CE,Combined TRACON& Tower with Radar,0,21,16,8,45,0,0,21,0,21,0,21,37,8,66,0,0,0,66
03/27/2017,MLU,LA,ASW,CE,Combined TRACON& Tower with Radar,0,20,20,10,50,0,0,6,0,6,0,20,26,10,56,0,0,0,56
03/28/2017,MLU,LA,ASW,CE,Combined TRACON& Tower with Radar,0,22,26,24,72,0,0,11,0,11,0,22,37,24,83,0,0,0,83
03/29/2017,MLU,LA,ASW,CE,Combined TRACON& Tower with Radar,0,19,22,6,47,0,0,12,2,14,0,19,34,8,61,0,0,0,61
03/30/2017,MLU,LA,ASW,CE,Combined TRACON& Tower with Radar,0,25,39,33,97,0,0,21,1,22,0,25,60,34,119,0,0,0,119
03/31/2017,MLU,LA,ASW,CE,Combined TRACON& Tower with Radar,0,22,32,2,56,0,0,17,0,17,0,22,49,2,73,0,0,0,73
04/01/2017,MLU,LA,ASW,CE,Combined TRACON& Tower with Radar,0,11,19,13,43,0,0,15,5,20,0,11,34,18,63,0,0,0,63
04/02/2017,MLU,LA,ASW,CE,Combined TRACON& Tower with Radar,0,11,9,0,20,0,0,3,0,3,0,11,12,0,23,0,0,0,23
04/03/2017,MLU,LA,ASW,CE,Combined TRACON& Tower with Radar,0,17,25,31,73,0,0,17,0,17,0,17,42,31,90,0,0,0,90
04/04/2017,MLU,LA,ASW,CE,Combined TRACON& Tower with Radar,0,17,19,15,51,0,0,21,1,22,0,17,40,16,73,0,0,0,73
04/05/2017,MLU,LA,ASW,CE,Combined TRACON& Tower with Radar,0,17,32,29,78,0,1,10,1,12,0,18,42,30,90,0,0,0,90
04/06/2017,MLU,LA,ASW,CE,Combined TRACON& Tower with Radar,0,22,37,17,76,0,0,25,0,25,0,22,62,17,101,0,0,0,101
04/07/2017,MLU,LA,ASW,CE,Combined TRACON& Tower with Radar,0,24,30,16,70,0,0,27,0,27,0,24,57,16,97,0,0,0,97
04/08/2017,MLU,LA,ASW,CE,Combined TRACON& Tower with Radar,0,11,10,0,21,0,0,19,0,19,0,11,29,0,40,0,0,0,40
04/09/2017,MLU,LA,ASW,CE,Combined TRACON& Tower with Radar,0,17,15,0,32,0,0,15,0,15,0,17,30,0,47,0,0,0,47
04/10/2017,MLU,LA,ASW,CE,Combined TRACON& Tower with Radar,0,20,22,25,67,0,0,14,1,15,0,20,36,26,82,0,0,0,82
04/11/2017,MLU,LA,ASW,CE,Combined TRACON& Tower with Radar,0,18,14,6,38,0,0,2,0,2,0,18,16,6,40,0,0,0,40
04/12/2017,MLU,LA,ASW,CE,Combined TRACON& Tower with Radar,0,19,35,5,59,0,0,12,2,14,0,19,47,7,73,0,0,0,73
04/13/2017,MLU,LA,ASW,CE,Combined TRACON& Tower with Radar,0,22,38,32,92,0,0,26,1,27,0,22,64,33,119,0,0,0,119
04/14/2017,MLU,LA,ASW,CE,Combined TRACON& Tower with Radar,0,22,16,30,68,0,0,6,0,6,0,22,22,30,74,0,0,0,74
04/15/2017,MLU,LA,ASW,CE,Combined TRACON& Tower with Radar,0,11,10,0,21,0,0,9,0,9,0,11,19,0,30,0,0,0,30
04/16/2017,MLU,LA,ASW,CE,Combined TRACON& Tower with Radar,0,16,10,0,26,0,0,8,0,8,0,16,18,0,34,0,0,0,34
04/17/2017,MLU,LA,ASW,CE,Combined TRACON& Tower with Radar,0,17,28,3,48,0,0,3,3,6,0,17,31,6,54,0,0,0,54
04/18/2017,MLU,LA,ASW,CE,Combined TRACON& Tower with Radar,0,17,26,15,58,0,0,7,0,7,0,17,33,15,65,0,0,0,65
04/19/2017,MLU,LA,ASW,CE,Combined TRACON& Tower with Radar,2,15,18,7,42,0,0,23,0,23,2,15,41,7,65,0,0,0,65
04/20/2017,MLU,LA,ASW,CE,Combined TRACON& Tower with Radar,0,24,27,22,73,0,0,5,6,11,0,24,32,28,84,0,0,0,84
04/21/2017,MLU,LA,ASW,CE,Combined TRACON& Tower with Radar,0,21,19,26,66,0,0,8,0,8,0,21,27,26,74,0,0,0,74
04/22/2017,MLU,LA,ASW,CE,Combined TRACON& Tower with Radar,0,13,6,0,19,0,0,0,0,0,0,13,6,0,19,0,0,0,19
04/23/2017,MLU,LA,ASW,CE,Combined TRACON& Tower with Radar,0,20,20,6,46,0,2,6,0,8,0,22,26,6,54,0,0,0,54
04/24/2017,MLU,LA,ASW,CE,Combined TRACON& Tower with Radar,0,23,44,38,105,0,0,38,1,39,0,23,82,39,144,0,0,0,144
04/25/2017,MLU,LA,ASW,CE,Combined TRACON& Tower with Radar,0,19,50,11,80,0,0,23,5,28,0,19,73,16,108,0,0,0,108
04/26/2017,MLU,LA,ASW,CE,Combined TRACON& Tower with Radar,0,16,16,18,50,0,0,4,2,6,0,16,20,20,56,0,0,0,56
04/27/2017,MLU,LA,ASW,CE,Combined TRACON& Tower with Radar,0,24,49,29,102,0,0,34,0,34,0,24,83,29,136,0,0,0,136
04/28/2017,MLU,LA,ASW,CE,Combined TRACON& Tower with Radar,0,24,28,6,58,0,0,10,0,10,0,24,38,6,68,0,0,0,68
04/29/2017,MLU,LA,ASW,CE,Combined TRACON& Tower with Radar,0,11,7,0,18,0,0,2,0,2,0,11,9,0,20,0,0,0,20
04/30/2017,MLU,LA,ASW,CE,Combined TRACON& Tower with Radar,0,12,15,0,27,0,0,6,0,6,0,12,21,0,33,0,0,0,33
05/01/2017,MLU,LA,ASW,CE,Combined TRACON& Tower with Radar,0,22,25,22,69,0,0,17,2,19,0,22,42,24,88,0,0,0,88
05/02/2017,MLU,LA,ASW,CE,Combined TRACON& Tower with Radar,0,21,33,18,72,0,0,29,3,32,0,21,62,21,104,0,0,0,104
05/03/2017,MLU,LA,ASW,CE,Combined TRACON& Tower with Radar,0,18,14,0,32,0,0,5,1,6,0,18,19,1,38,0,0,0,38
05/04/2017,MLU,LA,ASW,CE,Combined TRACON& Tower with Radar,0,19,33,36,88,0,0,9,1,10,0,19,42,37,98,0,0,0,98
05/05/2017,MLU,LA,ASW,CE,Combined TRACON& Tower with Radar,0,21,46,40,107,0,0,27,1,28,0,21,73,41,135,0,0,0,135
05/06/2017,MLU,LA,ASW,CE,Combined TRACON& Tower with Radar,0,11,17,21,49,0,0,22,0,22,0,11,39,21,71,0,0,0,71
05/07/2017,MLU,LA,ASW,CE,Combined TRACON& Tower with Radar,0,19,13,20,52,0,1,18,2,21,0,20,31,22,73,0,0,0,73
05/08/2017,MLU,LA,ASW,CE,Combined TRACON& Tower with Radar,0,22,30,36,88,0,0,18,1,19,0,22,48,37,107,0,0,0,107
05/09/2017,MLU,LA,ASW,CE,Combined TRACON& Tower with Radar,0,24,33,40,97,0,3,14,6,23,0,27,47,46,120,0,0,0,120
05/10/2017,MLU,LA,ASW,CE,Combined TRACON& Tower with Radar,0,22,23,11,56,0,0,20,5,25,0,22,43,16,81,0,0,0,81
05/11/2017,MLU,LA,ASW,CE,Combined TRACON& Tower with Radar,0,24,54,8,86,0,0,15,1,16,0,24,69,9,102,0,0,0,102
05/12/2017,MLU,LA,ASW,CE,Combined TRACON& Tower with Radar,0,24,31,43,98,0,0,12,1,13,0,24,43,44,111,0,0,0,111
05/13/2017,MLU,LA,ASW,CE,Combined TRACON& Tower with Radar,0,11,21,29,61,0,1,9,3,13,0,12,30,32,74,0,0,0,74
05/14/2017,MLU,LA,ASW,CE,Combined TRACON& Tower with Radar,0,18,20,0,38,0,0,14,0,14,0,18,34,0,52,0,0,0,52
05/15/2017,MLU,LA,ASW,CE,Combined TRACON& Tower with Radar,0,21,23,15,59,0,0,25,0,25,0,21,48,15,84,0,0,0,84
05/16/2017,MLU,LA,ASW,CE,Combined TRACON& Tower with Radar,0,19,40,4,63,0,0,16,2,18,0,19,56,6,81,0,0,0,81
05/17/2017,MLU,LA,ASW,CE,Combined TRACON& Tower with Radar,0,22,26,10,58,0,0,4,1,5,0,22,30,11,63,0,0,0,63
05/18/2017,MLU,LA,ASW,CE,Combined TRACON& Tower with Radar,0,17,39,31,87,0,0,14,4,18,0,17,53,35,105,0,0,0,105
05/19/2017,MLU,LA,ASW,CE,Combined TRACON& Tower with Radar,0,23,26,8,57,0,0,5,2,7,0,23,31,10,64,0,0,0,64
05/20/2017,MLU,LA,ASW,CE,Combined TRACON& Tower with Radar,0,11,18,0,29,0,0,0,0,0,0,11,18,0,29,0,0,0,29
05/21/2017,MLU,LA,ASW,CE,Combined TRACON& Tower with Radar,0,17,8,0,25,0,0,1,0,1,0,17,9,0,26,0,0,0,26
05/22/2017,MLU,LA,ASW,CE,Combined TRACON& Tower with Radar,0,21,21,0,42,0,0,1,0,1,0,21,22,0,43,0,0,0,43
05/23/2017,MLU,LA,ASW,CE,Combined TRACON& Tower with Radar,0,23,21,18,62,0,0,6,1,7,0,23,27,19,69,0,0,0,69
05/24/2017,MLU,LA,ASW,CE,Combined TRACON& Tower with Radar,0,23,29,11,63,0,0,19,2,21,0,23,48,13,84,0,0,0,84
05/25/2017,MLU,LA,ASW,CE,Combined TRACON& Tower with Radar,0,21,43,40,104,0,0,27,6,33,0,21,70,46,137,0,0,0,137
05/26/2017,MLU,LA,ASW,CE,Combined TRACON& Tower with Radar,0,21,21,0,42,0,0,7,2,9,0,21,28,2,51,0,0,0,51
05/27/2017,MLU,LA,ASW,CE,Combined TRACON& Tower with Radar,0,13,15,0,28,0,0,5,0,5,0,13,20,0,33,0,0,0,33
05/28/2017,MLU,LA,ASW,CE,Combined TRACON& Tower with Radar,0,14,7,0,21,0,0,1,0,1,0,14,8,0,22,0,0,0,22
05/29/2017,MLU,LA,ASW,CE,Combined TRACON& Tower with Radar,0,21,14,0,35,0,0,10,0,10,0,21,24,0,45,0,0,0,45
05/30/2017,MLU,LA,ASW,CE,Combined TRACON& Tower with Radar,0,24,26,29,79,0,0,14,3,17,0,24,40,32,96,0,0,0,96
05/31/2017,MLU,LA,ASW,CE,Combined TRACON& Tower with Radar,0,19,29,16,64,0,2,13,1,16,0,21,42,17,80,0,0,0,80
06/01/2017,MLU,LA,ASW,CE,Combined TRACON& Tower with Radar,0,26,26,0,52,0,0,0,0,0,0,26,26,0,52,0,0,0,52
06/02/2017,MLU,LA,ASW,CE,Combined TRACON& Tower with Radar,0,20,27,17,64,0,1,13,2,16,0,21,40,19,80,0,0,0,80
06/03/2017,MLU,LA,ASW,CE,Combined TRACON& Tower with Radar,0,11,11,5,27,0,0,7,2,9,0,11,18,7,36,0,0,0,36
06/04/2017,MLU,LA,ASW,CE,Combined TRACON& Tower with Radar,0,16,14,0,30,0,0,2,0,2,0,16,16,0,32,0,0,0,32
06/05/2017,MLU,LA,ASW,CE,Combined TRACON& Tower with Radar,0,21,21,13,55,0,0,5,0,5,0,21,26,13,60,0,0,0,60
06/06/2017,MLU,LA,ASW,CE,Combined TRACON& Tower with Radar,0,20,18,4,42,0,0,5,0,5,0,20,23,4,47,0,0,0,47
06/07/2017,MLU,LA,ASW,CE,Combined TRACON& Tower with Radar,0,19,30,39,88,0,0,9,5,14,0,19,39,44,102,0,0,0,102
06/08/2017,MLU,LA,ASW,CE,Combined TRACON& Tower with Radar,0,18,34,34,86,0,1,31,2,34,0,19,65,36,120,0,0,0,120
06/09/2017,MLU,LA,ASW,CE,Combined TRACON& Tower with Radar,0,24,35,37,96,0,0,21,5,26,0,24,56,42,122,0,0,0,122
06/10/2017,MLU,LA,ASW,CE,Combined TRACON& Tower with Radar,0,14,17,14,45,0,0,20,1,21,0,14,37,15,66,0,0,0,66
06/11/2017,MLU,LA,ASW,CE,Combined TRACON& Tower with Radar,0,15,27,6,48,0,0,6,0,6,0,15,33,6,54,0,0,0,54
06/12/2017,MLU,LA,ASW,CE,Combined TRACON& Tower with Radar,0,27,28,0,55,0,2,1,0,3,0,29,29,0,58,0,0,0,58
06/13/2017,MLU,LA,ASW,CE,Combined TRACON& Tower with Radar,0,16,12,1,29,0,0,0,0,0,0,16,12,1,29,0,0,0,29
06/14/2017,MLU,LA,ASW,CE,Combined TRACON& Tower with Radar,0,20,37,25,82,0,0,24,0,24,0,20,61,25,106,0,0,0,106
06/15/2017,MLU,LA,ASW,CE,Combined TRACON& Tower with Radar,0,22,20,2,44,0,0,7,0,7,0,22,27,2,51,0,0,0,51
06/16/2017,MLU,LA,ASW,CE,Combined TRACON& Tower with Radar,0,20,29,20,69,0,2,19,0,21,0,22,48,20,90,0,0,0,90
06/17/2017,MLU,LA,ASW,CE,Combined TRACON& Tower with Radar,0,10,13,0,23,0,0,10,2,12,0,10,23,2,35,0,0,0,35
06/18/2017,MLU,LA,ASW,CE,Combined TRACON& Tower with Radar,0,14,24,1,39,0,0,9,2,11,0,14,33,3,50,0,0,0,50
06/19/2017,MLU,LA,ASW,CE,Combined TRACON& Tower with Radar,0,21,19,10,50,0,0,0,0,0,0,21,19,10,50,0,0,0,50
06/20/2017,MLU,LA,ASW,CE,Combined TRACON& Tower with Radar,0,20,38,46,104,0,0,16,1,17,0,20,54,47,121,0,0,0,121
06/21/2017,MLU,LA,ASW,CE,Combined TRACON& Tower with Radar,0,19,17,10,46,0,0,1,0,1,0,19,18,10,47,0,0,0,47
06/22/2017,MLU,LA,ASW,CE,Combined TRACON& Tower with Radar,0,20,8,10,38,0,0,0,0,0,0,20,8,10,38,0,0,0,38
06/23/2017,MLU,LA,ASW,CE,Combined TRACON& Tower with Radar,0,17,12,0,29,0,0,0,0,0,0,17,12,0,29,0,0,0,29
06/24/2017,MLU,LA,ASW,CE,Combined TRACON& Tower with Radar,0,11,15,0,26,0,0,1,0,1,0,11,16,0,27,0,0,0,27
06/25/2017,MLU,LA,ASW,CE,Combined TRACON& Tower with Radar,0,14,7,0,21,0,0,6,0,6,0,14,13,0,27,0,0,0,27
06/26/2017,MLU,LA,ASW,CE,Combined TRACON& Tower with Radar,0,18,53,13,84,0,1,30,5,36,0,19,83,18,120,0,0,0,120
06/27/2017,MLU,LA,ASW,CE,Combined TRACON& Tower with Radar,0,23,34,23,80,0,0,17,4,21,0,23,51,27,101,0,0,0,101
06/28/2017,MLU,LA,ASW,CE,Combined TRACON& Tower with Radar,0,19,35,26,80,0,2,18,4,24,0,21,53,30,104,0,0,0,104
06/29/2017,MLU,LA,ASW,CE,Combined TRACON& Tower with Radar,0,24,21,16,61,0,0,13,4,17,0,24,34,20,78,0,0,0,78
06/30/2017,MLU,LA,ASW,CE,Combined TRACON& Tower with Radar,0,22,39,42,103,0,2,17,0,19,0,24,56,42,122,0,0,0,122
07/01/2017,MLU,LA,ASW,CE,Combined TRACON& Tower with Radar,0,12,14,0,26,0,0,2,0,2,0,12,16,0,28,0,0,0,28
07/02/2017,MLU,LA,ASW,CE,Combined TRACON& Tower with Radar,0,15,7,0,22,0,2,3,0,5,0,17,10,0,27,0,0,0,27
07/03/2017,MLU,LA,ASW,CE,Combined TRACON& Tower with Radar,0,14,12,0,26,0,0,27,0,27,0,14,39,0,53,0,0,0,53
07/04/2017,MLU,LA,ASW,CE,Combined TRACON& Tower with Radar,0,20,12,0,32,0,0,3,1,4,0,20,15,1,36,0,0,0,36
07/05/2017,MLU,LA,ASW,CE,Combined TRACON& Tower with Radar,0,26,23,18,67,0,0,8,1,9,0,26,31,19,76,0,0,0,76
07/06/2017,MLU,LA,ASW,CE,Combined TRACON& Tower with Radar,0,18,15,6,39,0,0,5,0,5,0,18,20,6,44,0,0,0,44
07/07/2017,MLU,LA,ASW,CE,Combined TRACON& Tower with Radar,0,18,20,70,108,0,0,14,1,15,0,18,34,71,123,0,0,0,123
07/08/2017,MLU,LA,ASW,CE,Combined TRACON& Tower with Radar,0,11,15,0,26,0,0,7,1,8,0,11,22,1,34,0,0,0,34
07/09/2017,MLU,LA,ASW,CE,Combined TRACON& Tower with Radar,0,17,18,27,62,0,0,21,0,21,0,17,39,27,83,0,0,0,83
07/10/2017,MLU,LA,ASW,CE,Combined TRACON& Tower with Radar,0,17,33,26,76,0,0,11,0,11,0,17,44,26,87,0,0,0,87
07/11/2017,MLU,LA,ASW,CE,Combined TRACON& Tower with Radar,0,23,23,3,49,0,0,7,1,8,0,23,30,4,57,0,0,0,57
07/12/2017,MLU,LA,ASW,CE,Combined TRACON& Tower with Radar,0,18,27,32,77,0,0,2,1,3,0,18,29,33,80,0,0,0,80
07/13/2017,MLU,LA,ASW,CE,Combined TRACON& Tower with Radar,0,21,23,1,45,0,0,7,2,9,0,21,30,3,54,0,0,0,54
07/14/2017,MLU,LA,ASW,CE,Combined TRACON& Tower with Radar,0,21,16,14,51,0,0,20,3,23,0,21,36,17,74,0,0,0,74
07/15/2017,MLU,LA,ASW,CE,Combined TRACON& Tower with Radar,0,14,15,3,32,0,0,9,1,10,0,14,24,4,42,0,0,0,42
07/16/2017,MLU,LA,ASW,CE,Combined TRACON& Tower with Radar,0,16,9,19,44,0,0,16,0,16,0,16,25,19,60,0,0,0,60
07/17/2017,MLU,LA,ASW,CE,Combined TRACON& Tower with Radar,0,16,25,22,63,0,0,14,0,14,0,16,39,22,77,0,0,0,77
07/18/2017,MLU,LA,ASW,CE,Combined TRACON& Tower with Radar,0,24,25,39,88,0,1,34,4,39,0,25,59,43,127,0,0,0,127
07/19/2017,MLU,LA,ASW,CE,Combined TRACON& Tower with Radar,0,24,32,22,78,0,0,26,2,28,0,24,58,24,106,0,0,0,106
07/20/2017,MLU,LA,ASW,CE,Combined TRACON& Tower with Radar,0,23,28,14,65,0,0,18,3,21,0,23,46,17,86,0,0,0,86
07/21/2017,MLU,LA,ASW,CE,Combined TRACON& Tower with Radar,0,19,19,34,72,0,0,17,0,17,0,19,36,34,89,0,0,0,89
07/22/2017,MLU,LA,ASW,CE,Combined TRACON& Tower with Radar,0,16,14,0,30,0,0,12,0,12,0,16,26,0,42,0,0,0,42
07/23/2017,MLU,LA,ASW,CE,Combined TRACON& Tower with Radar,0,15,14,0,29,0,0,2,0,2,0,15,16,0,31,0,0,0,31
07/24/2017,MLU,LA,ASW,CE,Combined TRACON& Tower with Radar,0,22,24,2,48,0,0,1,0,1,0,22,25,2,49,0,0,0,49
07/25/2017,MLU,LA,ASW,CE,Combined TRACON& Tower with Radar,0,18,34,22,74,0,0,8,4,12,0,18,42,26,86,0,0,0,86
07/26/2017,MLU,LA,ASW,CE,Combined TRACON& Tower with Radar,0,20,35,37,92,0,0,17,1,18,0,20,52,38,110,0,0,0,110
07/27/2017,MLU,LA,ASW,CE,Combined TRACON& Tower with Radar,0,19,28,60,107,0,0,13,0,13,0,19,41,60,120,0,0,0,120
07/28/2017,MLU,LA,ASW,CE,Combined TRACON& Tower with Radar,0,18,25,5,48,0,0,7,0,7,0,18,32,5,55,0,0,0,55
07/29/2017,MLU,LA,ASW,CE,Combined TRACON& Tower with Radar,0,12,12,0,24,0,0,3,0,3,0,12,15,0,27,0,0,0,27
07/30/2017,MLU,LA,ASW,CE,Combined TRACON& Tower with Radar,0,14,6,0,20,0,0,16,1,17,0,14,22,1,37,0,0,0,37
07/31/2017,MLU,LA,ASW,CE,Combined TRACON& Tower with Radar,0,21,25,25,71,0,0,22,3,25,0,21,47,28,96,0,0,0,96
08/01/2017,MLU,LA,ASW,CE,Combined TRACON& Tower with Radar,0,19,25,46,90,0,1,6,5,12,0,20,31,51,102,0,0,0,102
08/02/2017,MLU,LA,ASW,CE,Combined TRACON& Tower with Radar,0,20,20,2,42,0,0,11,0,11,0,20,31,2,53,0,0,0,53
08/03/2017,MLU,LA,ASW,CE,Combined TRACON& Tower with Radar,0,28,45,15,88,0,0,19,3,22,0,28,64,18,110,0,0,0,110
08/04/2017,MLU,LA,ASW,CE,Combined TRACON& Tower with Radar,0,20,19,23,62,0,0,8,1,9,0,20,27,24,71,0,0,0,71
08/05/2017,MLU,LA,ASW,CE,Combined TRACON& Tower with Radar,0,13,18,6,37,0,0,13,0,13,0,13,31,6,50,0,0,0,50
08/06/2017,MLU,LA,ASW,CE,Combined TRACON& Tower with Radar,0,17,12,16,45,0,0,3,2,5,0,17,15,18,50,0,0,0,50
08/07/2017,MLU,LA,ASW,CE,Combined TRACON& Tower with Radar,0,20,26,8,54,0,0,1,0,1,0,20,27,8,55,0,0,0,55
08/08/2017,MLU,LA,ASW,CE,Combined TRACON& Tower with Radar,0,18,31,1,50,0,0,7,4,11,0,18,38,5,61,0,0,0,61
08/09/2017,MLU,LA,ASW,CE,Combined TRACON& Tower with Radar,0,17,18,0,35,0,1,6,0,7,0,18,24,0,42,0,0,0,42
08/10/2017,MLU,LA,ASW,CE,Combined TRACON& Tower with Radar,0,26,16,14,56,0,0,7,0,7,0,26,23,14,63,0,0,0,63
08/11/2017,MLU,LA,ASW,CE,Combined TRACON& Tower with Radar,0,20,19,11,50,0,0,14,0,14,0,20,33,11,64,0,0,0,64
08/12/2017,MLU,LA,ASW,CE,Combined TRACON& Tower with Radar,0,14,13,0,27,0,0,6,0,6,0,14,19,0,33,0,0,0,33
08/13/2017,MLU,LA,ASW,CE,Combined TRACON& Tower with Radar,0,19,14,0,33,0,0,6,0,6,0,19,20,0,39,0,0,0,39
08/14/2017,MLU,LA,ASW,CE,Combined TRACON& Tower with Radar,0,20,18,35,73,0,0,6,0,6,0,20,24,35,79,0,0,0,79
08/15/2017,MLU,LA,ASW,CE,Combined TRACON& Tower with Radar,0,19,21,47,87,0,0,10,3,13,0,19,31,50,100,0,0,0,100
08/16/2017,MLU,LA,ASW,CE,Combined TRACON& Tower with Radar,0,23,27,17,67,0,0,8,4,12,0,23,35,21,79,0,0,0,79
08/17/2017,MLU,LA,ASW,CE,Combined TRACON& Tower with Radar,0,23,36,2,61,0,0,9,0,9,0,23,45,2,70,0,0,0,70
08/18/2017,MLU,LA,ASW,CE,Combined TRACON& Tower with Radar,0,19,49,34,102,0,0,27,3,30,0,19,76,37,132,0,0,0,132
08/19/2017,MLU,LA,ASW,CE,Combined TRACON& Tower with Radar,0,11,8,9,28,0,0,26,1,27,0,11,34,10,55,0,0,0,55
08/20/2017,MLU,LA,ASW,CE,Combined TRACON& Tower with Radar,0,18,17,0,35,0,0,13,0,13,0,18,30,0,48,0,0,0,48
08/21/2017,MLU,LA,ASW,CE,Combined TRACON& Tower with Radar,0,23,28,14,65,0,0,19,3,22,0,23,47,17,87,0,0,0,87
08/22/2017,MLU,LA,ASW,CE,Combined TRACON& Tower with Radar,3,16,19,35,73,0,2,21,6,29,3,18,40,41,102,0,0,0,102
08/23/2017,MLU,LA,ASW,CE,Combined TRACON& Tower with Radar,5,12,17,29,63,0,0,16,0,16,5,12,33,29,79,0,0,0,79
08/24/2017,MLU,LA,ASW,CE,Combined TRACON& Tower with Radar,5,14,35,21,75,0,0,24,0,24,5,14,59,21,99,0,0,0,99
08/25/2017,MLU,LA,ASW,CE,Combined TRACON& Tower with Radar,4,13,23,4,44,0,1,35,5,41,4,14,58,9,85,0,0,0,85
08/26/2017,MLU,LA,ASW,CE,Combined TRACON& Tower with Radar,4,6,8,0,18,0,0,12,0,12,4,6,20,0,30,0,0,0,30
08/27/2017,MLU,LA,ASW,CE,Combined TRACON& Tower with Radar,3,8,12,1,24,0,0,4,2,6,3,8,16,3,30,0,0,0,30
08/28/2017,MLU,LA,ASW,CE,Combined TRACON& Tower with Radar,3,9,15,0,27,0,0,1,2,3,3,9,16,2,30,0,0,0,30
08/29/2017,MLU,LA,ASW,CE,Combined TRACON& Tower with Radar,4,7,16,6,33,0,0,8,1,9,4,7,24,7,42,0,0,0,42
08/30/2017,MLU,LA,ASW,CE,Combined TRACON& Tower with Radar,4,7,10,10,31,0,0,3,0,3,4,7,13,10,34,0,0,0,34
08/31/2017,MLU,LA,ASW,CE,Combined TRACON& Tower with Radar,4,14,14,0,32,0,0,1,1,2,4,14,15,1,34,0,0,0,34
09/01/2017,MLU,LA,ASW,CE,Combined TRACON& Tower with Radar,4,14,14,0,32,0,0,12,4,16,4,14,26,4,48,0,0,0,48
09/02/2017,MLU,LA,ASW,CE,Combined TRACON& Tower with Radar,4,4,11,0,19,0,0,9,1,10,4,4,20,1,29,0,0,0,29
09/03/2017,MLU,LA,ASW,CE,Combined TRACON& Tower with Radar,4,5,9,0,18,0,0,16,6,22,4,5,25,6,40,0,0,0,40
09/04/2017,MLU,LA,ASW,CE,Combined TRACON& Tower with Radar,4,14,11,0,29,0,0,8,0,8,4,14,19,0,37,0,0,0,37
09/05/2017,MLU,LA,ASW,CE,Combined TRACON& Tower with Radar,4,9,26,69,108,0,0,19,8,27,4,9,45,77,135,0,0,0,135
09/06/2017,MLU,LA,ASW,CE,Combined TRACON& Tower with Radar,4,14,30,38,86,0,1,31,9,41,4,15,61,47,127,0,0,0,127
09/07/2017,MLU,LA,ASW,CE,Combined TRACON& Tower with Radar,4,10,27,17,58,0,0,29,7,36,4,10,56,24,94,0,0,0,94
09/08/2017,MLU,LA,ASW,CE,Combined TRACON& Tower with Radar,4,13,20,14,51,0,1,21,7,29,4,14,41,21,80,0,0,0,80
09/09/2017,MLU,LA,ASW,CE,Combined TRACON& Tower with Radar,4,9,37,5,55,0,0,12,2,14,4,9,49,7,69,0,0,0,69
09/10/2017,MLU,LA,ASW,CE,Combined TRACON& Tower with Radar,3,14,39,6,62,0,0,26,0,26,3,14,65,6,88,0,0,0,88
09/11/2017,MLU,LA,ASW,CE,Combined TRACON& Tower with Radar,4,4,28,35,71,0,2,20,0,22,4,6,48,35,93,0,0,0,93
09/12/2017,MLU,LA,ASW,CE,Combined TRACON& Tower with Radar,3,18,32,27,80,0,1,11,2,14,3,19,43,29,94,0,0,0,94
09/13/2017,MLU,LA,ASW,CE,Combined TRACON& Tower with Radar,4,13,52,21,90,0,1,13,1,15,4,14,65,22,105,0,0,0,105
09/14/2017,MLU,LA,ASW,CE,Combined TRACON& Tower with Radar,4,16,24,22,66,0,1,8,4,13,4,17,32,26,79,0,0,0,79
09/15/2017,MLU,LA,ASW,CE,Combined TRACON& Tower with Radar,6,14,28,26,74,0,0,18,3,21,6,14,46,29,95,0,0,0,95
09/16/2017,MLU,LA,ASW,CE,Combined TRACON& Tower with Radar,4,9,23,8,44,0,0,8,2,10,4,9,31,10,54,0,0,0,54
09/17/2017,MLU,LA,ASW,CE,Combined TRACON& Tower with Radar,4,15,17,0,36,0,0,21,0,21,4,15,38,0,57,0,0,0,57
09/18/2017,MLU,LA,ASW,CE,Combined TRACON& Tower with Radar,4,15,29,36,84,0,1,12,0,13,4,16,41,36,97,0,0,0,97
09/19/2017,MLU,LA,ASW,CE,Combined TRACON& Tower with Radar,4,11,30,64,109,0,0,22,8,30,4,11,52,72,139,0,0,0,139
09/20/2017,MLU,LA,ASW,CE,Combined TRACON& Tower with Radar,4,14,27,46,91,0,0,6,4,10,4,14,33,50,101,0,0,0,101
09/21/2017,MLU,LA,ASW,CE,Combined TRACON& Tower with Radar,4,13,25,50,92,0,0,21,2,23,4,13,46,52,115,0,0,0,115
09/22/2017,MLU,LA,ASW,CE,Combined TRACON& Tower with Radar,7,13,17,43,80,0,0,5,0,5,7,13,22,43,85,0,0,0,85
09/23/2017,MLU,LA,ASW,CE,Combined TRACON& Tower with Radar,6,7,21,17,51,0,0,10,1,11,6,7,31,18,62,0,0,0,62
09/24/2017,MLU,LA,ASW,CE,Combined TRACON& Tower with Radar,6,10,15,0,31,0,0,7,0,7,6,10,22,0,38,0,0,0,38
09/25/2017,MLU,LA,ASW,CE,Combined TRACON& Tower with Radar,4,17,33,37,91,0,1,19,6,26,4,18,52,43,117,0,0,0,117
09/26/2017,MLU,LA,ASW,CE,Combined TRACON& Tower with Radar,4,13,29,28,74,0,0,11,2,13,4,13,40,30,87,0,0,0,87
09/27/2017,MLU,LA,ASW,CE,Combined TRACON& Tower with Radar,4,11,25,24,64,0,3,7,0,10,4,14,32,24,74,0,0,0,74
09/28/2017,MLU,LA,ASW,CE,Combined TRACON& Tower with Radar,8,18,44,9,79,0,0,15,1,16,8,18,59,10,95,0,0,0,95
09/29/2017,MLU,LA,ASW,CE,Combined TRACON& Tower with Radar,7,15,32,17,71,0,0,25,1,26,7,15,57,18,97,0,0,0,97
09/30/2017,MLU,LA,ASW,CE,Combined TRACON& Tower with Radar,4,9,17,0,30,0,0,14,2,16,4,9,31,2,46,0,0,0,46
10/01/2017,MLU,LA,ASW,CE,Combined TRACON& Tower with Radar,8,10,17,15,50,0,2,19,1,22,8,12,36,16,72,0,0,0,72
10/02/2017,MLU,LA,ASW,CE,Combined TRACON& Tower with Radar,4,12,25,15,56,0,0,4,0,4,4,12,29,15,60,0,0,0,60
10/03/2017,MLU,LA,ASW,CE,Combined TRACON& Tower with Radar,4,13,34,2,53,0,0,5,2,7,4,13,39,4,60,0,0,0,60
10/04/2017,MLU,LA,ASW,CE,Combined TRACON& Tower with Radar,4,12,20,17,53,0,0,23,1,24,4,12,43,18,77,0,0,0,77
10/05/2017,MLU,LA,ASW,CE,Combined TRACON& Tower with Radar,6,16,41,14,77,0,0,25,0,25,6,16,66,14,102,0,0,0,102
10/06/2017,MLU,LA,ASW,CE,Combined TRACON& Tower with Radar,8,8,23,48,87,0,0,18,0,18,8,8,41,48,105,0,0,0,105
10/07/2017,MLU,LA,ASW,CE,Combined TRACON& Tower with Radar,6,8,12,2,28,0,1,3,2,6,6,9,15,4,34,0,0,0,34
10/08/2017,MLU,LA,ASW,CE,Combined TRACON& Tower with Radar,6,8,19,0,33,0,0,7,0,7,6,8,26,0,40,0,0,0,40
10/09/2017,MLU,LA,ASW,CE,Combined TRACON& Tower with Radar,4,13,31,4,52,0,0,20,0,20,4,13,51,4,72,0,0,0,72
10/10/2017,MLU,LA,ASW,CE,Combined TRACON& Tower with Radar,4,13,38,67,122,0,1,8,0,9,4,14,46,67,131,0,0,0,131
10/11/2017,MLU,LA,ASW,CE,Combined TRACON& Tower with Radar,4,12,50,46,112,0,3,29,1,33,4,15,79,47,145,0,0,0,145
10/12/2017,MLU,LA,ASW,CE,Combined TRACON& Tower with Radar,6,12,42,38,98,0,0,24,7,31,6,12,66,45,129,0,0,0,129
10/13/2017,MLU,LA,ASW,CE,Combined TRACON& Tower with Radar,6,17,26,26,75,0,1,23,2,26,6,18,49,28,101,0,0,0,101
10/14/2017,MLU,LA,ASW,CE,Combined TRACON& Tower with Radar,5,8,23,4,40,0,1,37,2,40,5,9,60,6,80,0,0,0,80
10/15/2017,MLU,LA,ASW,CE,Combined TRACON& Tower with Radar,4,17,10,0,31,0,0,4,0,4,4,17,14,0,35,0,0,0,35
10/16/2017,MLU,LA,ASW,CE,Combined TRACON& Tower with Radar,4,15,38,44,101,0,2,31,0,33,4,17,69,44,134,0,0,0,134
10/17/2017,MLU,LA,ASW,CE,Combined TRACON& Tower with Radar,4,11,42,46,103,0,1,35,7,43,4,12,77,53,146,0,0,0,146
10/18/2017,MLU,LA,ASW,CE,Combined TRACON& Tower with Radar,4,12,27,16,59,0,0,23,5,28,4,12,50,21,87,0,0,0,87
10/19/2017,MLU,LA,ASW,CE,Combined TRACON& Tower with Radar,3,13,40,14,70,0,0,28,0,28,3,13,68,14,98,0,0,0,98
10/20/2017,MLU,LA,ASW,CE,Combined TRACON& Tower with Radar,5,13,25,11,54,0,1,19,2,22,5,14,44,13,76,0,0,0,76
10/21/2017,MLU,LA,ASW,CE,Combined TRACON& Tower with Radar,5,7,24,19,55,0,0,12,1,13,5,7,36,20,68,0,0,0,68
10/22/2017,MLU,LA,ASW,CE,Combined TRACON& Tower with Radar,4,10,10,0,24,0,0,5,0,5,4,10,15,0,29,0,0,0,29
10/23/2017,MLU,LA,ASW,CE,Combined TRACON& Tower with Radar,4,12,27,32,75,0,0,28,2,30,4,12,55,34,105,0,0,0,105
10/24/2017,MLU,LA,ASW,CE,Combined TRACON& Tower with Radar,4,13,40,12,69,0,2,19,4,25,4,15,59,16,94,0,0,0,94
10/25/2017,MLU,LA,ASW,CE,Combined TRACON& Tower with Radar,5,10,24,12,51,0,1,28,0,29,5,11,52,12,80,0,0,0,80
10/26/2017,MLU,LA,ASW,CE,Combined TRACON& Tower with Radar,4,14,50,28,96,0,1,36,1,38,4,15,86,29,134,0,0,0,134
10/27/2017,MLU,LA,ASW,CE,Combined TRACON& Tower with Radar,6,13,10,19,48,0,0,3,0,3,6,13,13,19,51,0,0,0,51
10/28/2017,MLU,LA,ASW,CE,Combined TRACON& Tower with Radar,4,8,9,2,23,0,0,18,0,18,4,8,27,2,41,0,0,0,41
10/29/2017,MLU,LA,ASW,CE,Combined TRACON& Tower with Radar,4,11,16,9,40,0,0,8,0,8,4,11,24,9,48,0,0,0,48
10/30/2017,MLU,LA,ASW,CE,Combined TRACON& Tower with Radar,3,10,29,23,65,0,0,24,1,25,3,10,53,24,90,0,0,0,90
10/31/2017,MLU,LA,ASW,CE,Combined TRACON& Tower with Radar,4,11,38,3,56,0,0,27,0,27,4,11,65,3,83,0,0,0,83
11/01/2017,MLU,LA,ASW,CE,Combined TRACON& Tower with Radar,4,12,22,0,38,0,0,1,0,1,4,12,23,0,39,0,0,0,39
11/02/2017,MLU,LA,ASW,CE,Combined TRACON& Tower with Radar,4,10,33,13,60,0,0,11,1,12,4,10,44,14,72,0,0,0,72
11/03/2017,MLU,LA,ASW,CE,Combined TRACON& Tower with Radar,5,12,27,18,62,0,0,10,1,11,5,12,37,19,73,0,0,0,73
11/04/2017,MLU,LA,ASW,CE,Combined TRACON& Tower with Radar,6,8,16,16,46,0,0,7,0,7,6,8,23,16,53,0,0,0,53
11/05/2017,MLU,LA,ASW,CE,Combined TRACON& Tower with Radar,4,10,36,6,56,0,1,6,0,7,4,11,42,6,63,0,0,0,63
11/06/2017,MLU,LA,ASW,CE,Combined TRACON& Tower with Radar,5,10,47,20,82,0,0,16,0,16,5,10,63,20,98,0,0,0,98
11/07/2017,MLU,LA,ASW,CE,Combined TRACON& Tower with Radar,4,12,22,20,58,0,0,0,0,0,4,12,22,20,58,0,0,0,58
11/08/2017,MLU,LA,ASW,CE,Combined TRACON& Tower with Radar,4,14,35,6,59,0,0,4,0,4,4,14,39,6,63,0,0,0,63
11/09/2017,MLU,LA,ASW,CE,Combined TRACON& Tower with Radar,4,11,39,38,92,0,0,20,1,21,4,11,59,39,113,0,0,0,113
11/10/2017,MLU,LA,ASW,CE,Combined TRACON& Tower with Radar,4,13,26,6,49,0,0,32,0,32,4,13,58,6,81,0,0,0,81
11/11/2017,MLU,LA,ASW,CE,Combined TRACON& Tower with Radar,4,9,8,5,26,0,0,27,3,30,4,9,35,8,56,0,0,0,56
11/12/2017,MLU,LA,ASW,CE,Combined TRACON& Tower with Radar,4,12,26,0,42,0,0,14,0,14,4,12,40,0,56,0,0,0,56
11/13/2017,MLU,LA,ASW,CE,Combined TRACON& Tower with Radar,4,14,47,23,88,0,0,10,2,12,4,14,57,25,100,0,0,0,100
11/14/2017,MLU,LA,ASW,CE,Combined TRACON& Tower with Radar,4,11,30,8,53,0,0,22,1,23,4,11,52,9,76,0,0,0,76
11/15/2017,MLU,LA,ASW,CE,Combined TRACON& Tower with Radar,4,17,35,8,64,0,1,9,6,16,4,18,44,14,80,0,0,0,80
11/16/2017,MLU,LA,ASW,CE,Combined TRACON& Tower with Radar,4,16,22,17,59,0,0,4,2,6,4,16,26,19,65,0,0,0,65
11/17/2017,MLU,LA,ASW,CE,Combined TRACON& Tower with Radar,7,11,35,24,77,0,0,11,1,12,7,11,46,25,89,0,0,0,89
11/18/2017,MLU,LA,ASW,CE,Combined TRACON& Tower with Radar,7,9,12,2,30,0,2,0,0,2,7,11,12,2,32,0,0,0,32
11/19/2017,MLU,LA,ASW,CE,Combined TRACON& Tower with Radar,4,12,22,4,42,0,0,20,2,22,4,12,42,6,64,0,0,0,64
11/20/2017,MLU,LA,ASW,CE,Combined TRACON& Tower with Radar,4,10,22,5,41,0,0,17,0,17,4,10,39,5,58,0,0,0,58
11/21/2017,MLU,LA,ASW,CE,Combined TRACON& Tower with Radar,4,10,20,12,46,0,0,13,5,18,4,10,33,17,64,0,0,0,64
11/22/2017,MLU,LA,ASW,CE,Combined TRACON& Tower with Radar,4,12,22,12,50,0,0,17,2,19,4,12,39,14,69,0,0,0,69
11/23/2017,MLU,LA,ASW,CE,Combined TRACON& Tower with Radar,2,7,6,0,15,0,0,6,0,6,2,7,12,0,21,0,0,0,21
11/24/2017,MLU,LA,ASW,CE,Combined TRACON& Tower with Radar,4,9,12,0,25,0,0,18,0,18,4,9,30,0,43,0,0,0,43
11/25/2017,MLU,LA,ASW,CE,Combined TRACON& Tower with Radar,5,14,18,0,37,0,0,16,0,16,5,14,34,0,53,0,0,0,53
11/26/2017,MLU,LA,ASW,CE,Combined TRACON& Tower with Radar,5,10,21,0,36,0,0,11,0,11,5,10,32,0,47,0,0,0,47
11/27/2017,MLU,LA,ASW,CE,Combined TRACON& Tower with Radar,4,15,23,44,86,0,2,14,1,17,4,17,37,45,103,0,0,0,103
11/28/2017,MLU,LA,ASW,CE,Combined TRACON& Tower with Radar,4,12,26,15,57,0,0,28,3,31,4,12,54,18,88,0,0,0,88
11/29/2017,MLU,LA,ASW,CE,Combined TRACON& Tower with Radar,4,12,34,8,58,0,0,22,0,22,4,12,56,8,80,0,0,0,80
11/30/2017,MLU,LA,ASW,CE,Combined TRACON& Tower with Radar,4,14,24,16,58,0,0,19,2,21,4,14,43,18,79,0,0,0,79
12/01/2017,MLU,LA,ASW,CE,Combined TRACON& Tower with Radar,6,11,44,64,125,0,1,31,3,35,6,12,75,67,160,0,0,0,160
12/02/2017,MLU,LA,ASW,CE,Combined TRACON& Tower with Radar,6,6,16,26,54,0,0,25,1,26,6,6,41,27,80,0,0,0,80
12/03/2017,MLU,LA,ASW,CE,Combined TRACON& Tower with Radar,4,9,31,9,53,0,0,12,0,12,4,9,43,9,65,0,0,0,65
12/04/2017,MLU,LA,ASW,CE,Combined TRACON& Tower with Radar,4,14,24,29,71,0,0,6,0,6,4,14,30,29,77,0,0,0,77
12/05/2017,MLU,LA,ASW,CE,Combined TRACON& Tower with Radar,4,13,18,20,55,0,0,1,0,1,4,13,19,20,56,0,0,0,56
12/06/2017,MLU,LA,ASW,CE,Combined TRACON& Tower with Radar,4,11,21,4,40,0,0,6,1,7,4,11,27,5,47,0,0,0,47
12/07/2017,MLU,LA,ASW,CE,Combined TRACON& Tower with Radar,4,14,29,33,80,0,1,13,7,21,4,15,42,40,101,0,0,0,101
12/08/2017,MLU,LA,ASW,CE,Combined TRACON& Tower with Radar,3,11,19,23,56,0,4,15,1,20,3,15,34,24,76,0,0,0,76
12/09/2017,MLU,LA,ASW,CE,Combined TRACON& Tower with Radar,5,7,13,2,27,0,0,26,0,26,5,7,39,2,53,0,0,0,53
12/10/2017,MLU,LA,ASW,CE,Combined TRACON& Tower with Radar,4,8,15,0,27,0,0,13,0,13,4,8,28,0,40,0,0,0,40
12/11/2017,MLU,LA,ASW,CE,Combined TRACON& Tower with Radar,4,13,30,1,48,0,0,29,3,32,4,13,59,4,80,0,0,0,80
12/12/2017,MLU,LA,ASW,CE,Combined TRACON& Tower with Radar,4,13,32,23,72,0,2,14,2,18,4,15,46,25,90,0,0,0,90
12/13/2017,MLU,LA,ASW,CE,Combined TRACON& Tower with Radar,4,13,37,21,75,0,0,31,3,34,4,13,68,24,109,0,0,0,109
12/14/2017,MLU,LA,ASW,CE,Combined TRACON& Tower with Radar,4,15,27,38,84,0,2,21,6,29,4,17,48,44,113,0,0,0,113
12/15/2017,MLU,LA,ASW,CE,Combined TRACON& Tower with Radar,4,18,28,26,76,0,0,21,1,22,4,18,49,27,98,0,0,0,98
12/16/2017,MLU,LA,ASW,CE,Combined TRACON& Tower with Radar,4,8,13,44,69,0,3,6,2,11,4,11,19,46,80,0,0,0,80
12/17/2017,MLU,LA,ASW,CE,Combined TRACON& Tower with Radar,4,9,19,0,32,0,0,0,0,0,4,9,19,0,32,0,0,0,32
12/18/2017,MLU,LA,ASW,CE,Combined TRACON& Tower with Radar,4,16,28,0,48,0,0,2,0,2,4,16,30,0,50,0,0,0,50
12/19/2017,MLU,LA,ASW,CE,Combined TRACON& Tower with Radar,4,9,13,3,29,0,0,0,0,0,4,9,13,3,29,0,0,0,29
12/20/2017,MLU,LA,ASW,CE,Combined TRACON& Tower with Radar,4,17,25,108,154,0,0,10,2,12,4,17,35,110,166,0,0,0,166
12/21/2017,MLU,LA,ASW,CE,Combined TRACON& Tower with Radar,4,12,15,8,39,0,0,17,1,18,4,12,32,9,57,0,0,0,57
12/22/2017,MLU,LA,ASW,CE,Combined TRACON& Tower with Radar,4,13,13,7,37,0,0,4,2,6,4,13,17,9,43,0,0,0,43
12/23/2017,MLU,LA,ASW,CE,Combined TRACON& Tower with Radar,4,11,9,0,24,0,0,0,2,2,4,11,9,2,26,0,0,0,26
12/24/2017,MLU,LA,ASW,CE,Combined TRACON& Tower with Radar,4,5,12,0,21,0,0,0,0,0,4,5,12,0,21,0,0,0,21
12/25/2017,MLU,LA,ASW,CE,Combined TRACON& Tower with Radar,4,5,1,0,10,0,0,5,0,5,4,5,6,0,15,0,0,0,15
12/26/2017,MLU,LA,ASW,CE,Combined TRACON& Tower with Radar,4,12,11,0,27,0,0,0,0,0,4,12,11,0,27,0,0,0,27
12/27/2017,MLU,LA,ASW,CE,Combined TRACON& Tower with Radar,4,13,13,0,30,0,0,1,1,2,4,13,14,1,32,0,0,0,32
12/28/2017,MLU,LA,ASW,CE,Combined TRACON& Tower with Radar,4,15,23,4,46,0,0,11,2,13,4,15,34,6,59,0,0,0,59
12/29/2017,MLU,LA,ASW,CE,Combined TRACON& Tower with Radar,4,14,24,2,44,0,0,10,0,10,4,14,34,2,54,0,0,0,54
12/30/2017,MLU,LA,ASW,CE,Combined TRACON& Tower with Radar,4,8,12,0,24,0,0,0,0,0,4,8,12,0,24,0,0,0,24
12/31/2017,MLU,LA,ASW,CE,Combined TRACON& Tower with Radar,1,10,4,0,15,0,2,1,0,3,1,12,5,0,18,0,0,0,18
01/01/2018,MLU,LA,ASW,CE,Combined TRACON& Tower with Radar,5,5,8,0,18,0,0,3,0,3,5,5,11,0,21,0,0,0,21
01/02/2018,MLU,LA,ASW,CE,Combined TRACON& Tower with Radar,3,12,15,1,31,0,0,12,2,14,3,12,27,3,45,0,0,0,45
01/03/2018,MLU,LA,ASW,CE,Combined TRACON& Tower with Radar,4,13,22,37,76,0,0,29,4,33,4,13,51,41,109,0,0,0,109
01/04/2018,MLU,LA,ASW,CE,Combined TRACON& Tower with Radar,4,14,21,36,75,0,1,19,2,22,4,15,40,38,97,0,0,0,97
01/05/2018,MLU,LA,ASW,CE,Combined TRACON& Tower with Radar,4,17,44,16,81,0,0,28,0,28,4,17,72,16,109,0,0,0,109
01/06/2018,MLU,LA,ASW,CE,Combined TRACON& Tower with Radar,4,8,11,15,38,0,1,19,1,21,4,9,30,16,59,0,0,0,59
01/07/2018,MLU,LA,ASW,CE,Combined TRACON& Tower with Radar,4,12,11,3,30,0,0,1,1,2,4,12,12,4,32,0,0,0,32
01/08/2018,MLU,LA,ASW,CE,Combined TRACON& Tower with Radar,4,14,15,2,35,0,0,0,0,0,4,14,15,2,35,0,0,0,35
01/09/2018,MLU,LA,ASW,CE,Combined TRACON& Tower with Radar,4,14,19,1,38,0,0,2,0,2,4,14,21,1,40,0,0,0,40
01/10/2018,MLU,LA,ASW,CE,Combined TRACON& Tower with Radar,4,12,11,11,38,0,0,4,0,4,4,12,15,11,42,0,0,0,42
01/11/2018,MLU,LA,ASW,CE,Combined TRACON& Tower with Radar,4,14,18,26,62,0,0,4,0,4,4,14,22,26,66,0,0,0,66
01/12/2018,MLU,LA,ASW,CE,Combined TRACON& Tower with Radar,4,15,25,16,60,0,0,4,1,5,4,15,29,17,65,0,0,0,65
01/13/2018,MLU,LA,ASW,CE,Combined TRACON& Tower with Radar,4,7,22,0,33,0,0,16,0,16,4,7,38,0,49,0,0,0,49
01/14/2018,MLU,LA,ASW,CE,Combined TRACON& Tower with Radar,4,6,8,0,18,0,0,8,2,10,4,6,16,2,28,0,0,0,28
01/15/2018,MLU,LA,ASW,CE,Combined TRACON& Tower with Radar,3,15,29,0,47,0,1,22,0,23,3,16,51,0,70,0,0,0,70
01/16/2018,MLU,LA,ASW,CE,Combined TRACON& Tower with Radar,3,11,4,0,18,0,0,2,0,2,3,11,6,0,20,0,0,0,20
01/17/2018,MLU,LA,ASW,CE,Combined TRACON& Tower with Radar,4,12,28,11,55,0,0,17,0,17,4,12,45,11,72,0,0,0,72
01/18/2018,MLU,LA,ASW,CE,Combined TRACON& Tower with Radar,4,17,35,18,74,0,0,25,8,33,4,17,60,26,107,0,0,0,107
01/19/2018,MLU,LA,ASW,CE,Combined TRACON& Tower with Radar,4,13,34,21,72,0,1,20,0,21,4,14,54,21,93,0,0,0,93
01/20/2018,MLU,LA,ASW,CE,Combined TRACON& Tower with Radar,4,10,20,8,42,0,0,7,0,7,4,10,27,8,49,0,0,0,49
01/21/2018,MLU,LA,ASW,CE,Combined TRACON& Tower with Radar,3,11,24,2,40,0,0,3,0,3,3,11,27,2,43,0,0,0,43
01/22/2018,MLU,LA,ASW,CE,Combined TRACON& Tower with Radar,4,16,30,25,75,0,1,32,4,37,4,17,62,29,112,0,0,0,112
01/23/2018,MLU,LA,ASW,CE,Combined TRACON& Tower with Radar,4,16,26,21,67,0,0,43,2,45,4,16,69,23,112,0,0,0,112
01/24/2018,MLU,LA,ASW,CE,Combined TRACON& Tower with Radar,4,16,40,13,73,0,0,39,3,42,4,16,79,16,115,0,0,0,115
01/25/2018,MLU,LA,ASW,CE,Combined TRACON& Tower with Radar,4,16,42,23,85,0,0,51,1,52,4,16,93,24,137,0,0,0,137
01/26/2018,MLU,LA,ASW,CE,Combined TRACON& Tower with Radar,4,13,27,19,63,0,0,21,5,26,4,13,48,24,89,0,0,0,89
01/27/2018,MLU,LA,ASW,CE,Combined TRACON& Tower with Radar,4,6,11,0,21,0,0,0,0,0,4,6,11,0,21,0,0,0,21
01/28/2018,MLU,LA,ASW,CE,Combined TRACON& Tower with Radar,4,11,21,23,59,0,0,14,2,16,4,11,35,25,75,0,0,0,75
01/29/2018,MLU,LA,ASW,CE,Combined TRACON& Tower with Radar,4,15,31,44,94,0,2,37,3,42,4,17,68,47,136,0,0,0,136
01/30/2018,MLU,LA,ASW,CE,Combined TRACON& Tower with Radar,4,20,34,35,93,0,1,36,3,40,4,21,70,38,133,0,0,0,133
01/31/2018,MLU,LA,ASW,CE,Combined TRACON& Tower with Radar,4,18,32,12,66,0,2,35,1,38,4,20,67,13,104,0,0,0,104
02/01/2018,MLU,LA,ASW,CE,Combined TRACON& Tower with Radar,4,15,31,33,83,0,0,12,2,14,4,15,43,35,97,0,0,0,97
02/02/2018,MLU,LA,ASW,CE,Combined TRACON& Tower with Radar,4,16,17,27,64,0,1,25,6,32,4,17,42,33,96,0,0,0,96
02/03/2018,MLU,LA,ASW,CE,Combined TRACON& Tower with Radar,4,9,13,2,28,0,2,14,1,17,4,11,27,3,45,0,0,0,45
02/04/2018,MLU,LA,ASW,CE,Combined TRACON& Tower with Radar,4,6,13,0,23,0,0,12,0,12,4,6,25,0,35,0,0,0,35
02/05/2018,MLU,LA,ASW,CE,Combined TRACON& Tower with Radar,4,13,30,12,59,0,0,13,1,14,4,13,43,13,73,0,0,0,73
02/06/2018,MLU,LA,ASW,CE,Combined TRACON& Tower with Radar,4,14,14,0,32,0,0,0,0,0,4,14,14,0,32,0,0,0,32
02/07/2018,MLU,LA,ASW,CE,Combined TRACON& Tower with Radar,4,14,31,27,76,0,0,7,0,7,4,14,38,27,83,0,0,0,83
02/08/2018,MLU,LA,ASW,CE,Combined TRACON& Tower with Radar,4,14,31,2,51,0,0,20,3,23,4,14,51,5,74,0,0,0,74
02/09/2018,MLU,LA,ASW,CE,Combined TRACON& Tower with Radar,3,11,26,19,59,0,0,5,0,5,3,11,31,19,64,0,0,0,64
02/10/2018,MLU,LA,ASW,CE,Combined TRACON& Tower with Radar,4,6,6,0,16,0,0,0,0,0,4,6,6,0,16,0,0,0,16
02/11/2018,MLU,LA,ASW,CE,Combined TRACON& Tower with Radar,4,11,10,0,25,0,0,0,0,0,4,11,10,0,25,0,0,0,25
02/12/2018,MLU,LA,ASW,CE,Combined TRACON& Tower with Radar,4,12,34,13,63,0,0,4,0,4,4,12,38,13,67,0,0,0,67
02/13/2018,MLU,LA,ASW,CE,Combined TRACON& Tower with Radar,4,12,24,0,40,0,0,1,1,2,4,12,25,1,42,0,0,0,42
02/14/2018,MLU,LA,ASW,CE,Combined TRACON& Tower with Radar,6,12,20,2,40,0,0,0,0,0,6,12,20,2,40,0,0,0,40
02/15/2018,MLU,LA,ASW,CE,Combined TRACON& Tower with Radar,4,18,38,36,96,0,1,11,7,19,4,19,49,43,115,0,0,0,115
02/16/2018,MLU,LA,ASW,CE,Combined TRACON& Tower with Radar,3,13,22,1,39,0,0,2,1,3,3,13,24,2,42,0,0,0,42
02/17/2018,MLU,LA,ASW,CE,Combined TRACON& Tower with Radar,4,14,13,0,31,0,0,0,0,0,4,14,13,0,31,0,0,0,31
02/18/2018,MLU,LA,ASW,CE,Combined TRACON& Tower with Radar,5,10,15,0,30,0,0,0,0,0,5,10,15,0,30,0,0,0,30
02/19/2018,MLU,LA,ASW,CE,Combined TRACON& Tower with Radar,4,14,21,2,41,0,0,3,0,3,4,14,24,2,44,0,0,0,44
02/20/2018,MLU,LA,ASW,CE,Combined TRACON& Tower with Radar,3,12,40,11,66,0,0,9,3,12,3,12,49,14,78,0,0,0,78
02/21/2018,MLU,LA,ASW,CE,Combined TRACON& Tower with Radar,4,17,16,0,37,0,0,1,0,1,4,17,17,0,38,0,0,0,38
02/22/2018,MLU,LA,ASW,CE,Combined TRACON& Tower with Radar,5,11,17,2,35,0,1,4,0,5,5,12,21,2,40,0,0,0,40
02/23/2018,MLU,LA,ASW,CE,Combined TRACON& Tower with Radar,4,16,22,13,55,0,0,6,0,6,4,16,28,13,61,0,0,0,61
02/24/2018,MLU,LA,ASW,CE,Combined TRACON& Tower with Radar,4,8,4,0,16,0,0,0,0,0,4,8,4,0,16,0,0,0,16
02/25/2018,MLU,LA,ASW,CE,Combined TRACON& Tower with Radar,6,8,5,0,19,0,0,1,0,1,6,8,6,0,20,0,0,0,20
02/26/2018,MLU,LA,ASW,CE,Combined TRACON& Tower with Radar,4,15,54,14,87,0,0,39,1,40,4,15,93,15,127,0,0,0,127
02/27/2018,MLU,LA,ASW,CE,Combined TRACON& Tower with Radar,4,14,26,2,46,0,0,11,0,11,4,14,37,2,57,0,0,0,57
02/28/2018,MLU,LA,ASW,CE,Combined TRACON& Tower with Radar,4,14,26,23,67,0,0,7,3,10,4,14,33,26,77,0,0,0,77
03/01/2018,MLU,LA,ASW,CE,Combined TRACON& Tower with Radar,4,16,27,16,63,0,0,4,0,4,4,16,31,16,67,0,0,0,67
03/02/2018,MLU,LA,ASW,CE,Combined TRACON& Tower with Radar,4,14,27,14,59,0,2,23,1,26,4,16,50,15,85,0,0,0,85
03/03/2018,MLU,LA,ASW,CE,Combined TRACON& Tower with Radar,4,11,10,0,25,0,2,24,0,26,4,13,34,0,51,0,0,0,51
03/04/2018,MLU,LA,ASW,CE,Combined TRACON& Tower with Radar,4,9,12,0,25,0,1,8,0,9,4,10,20,0,34,0,0,0,34
03/05/2018,MLU,LA,ASW,CE,Combined TRACON& Tower with Radar,4,15,17,4,40,0,1,9,0,10,4,16,26,4,50,0,0,0,50
03/06/2018,MLU,LA,ASW,CE,Combined TRACON& Tower with Radar,4,14,35,41,94,0,2,30,4,36,4,16,65,45,130,0,0,0,130
03/07/2018,MLU,LA,ASW,CE,Combined TRACON& Tower with Radar,4,17,46,36,103,0,0,37,3,40,4,17,83,39,143,0,0,0,143
03/08/2018,MLU,LA,ASW,CE,Combined TRACON& Tower with Radar,4,11,49,29,93,0,0,35,5,40,4,11,84,34,133,0,0,0,133
03/09/2018,MLU,LA,ASW,CE,Combined TRACON& Tower with Radar,4,13,22,36,75,0,0,24,3,27,4,13,46,39,102,0,0,0,102
03/10/2018,MLU,LA,ASW,CE,Combined TRACON& Tower with Radar,4,6,18,10,38,0,0,7,0,7,4,6,25,10,45,0,0,0,45
03/11/2018,MLU,LA,ASW,CE,Combined TRACON& Tower with Radar,4,10,9,0,23,0,0,3,0,3,4,10,12,0,26,0,0,0,26
03/12/2018,MLU,LA,ASW,CE,Combined TRACON& Tower with Radar,4,12,30,90,136,0,1,22,2,25,4,13,52,92,161,0,0,0,161
03/13/2018,MLU,LA,ASW,CE,Combined TRACON& Tower with Radar,4,11,22,13,50,0,0,16,6,22,4,11,38,19,72,0,0,0,72
03/14/2018,MLU,LA,ASW,CE,Combined TRACON& Tower with Radar,4,13,19,3,39,0,0,15,1,16,4,13,34,4,55,0,0,0,55
03/15/2018,MLU,LA,ASW,CE,Combined TRACON& Tower with Radar,4,13,24,31,72,0,1,13,0,14,4,14,37,31,86,0,0,0,86
03/16/2018,MLU,LA,ASW,CE,Combined TRACON& Tower with Radar,4,14,24,23,65,0,0,5,0,5,4,14,29,23,70,0,0,0,70
03/17/2018,MLU,LA,ASW,CE,Combined TRACON& Tower with Radar,4,7,19,0,30,0,0,7,3,10,4,7,26,3,40,0,0,0,40
03/18/2018,MLU,LA,ASW,CE,Combined TRACON& Tower with Radar,4,10,18,0,32,0,0,1,0,1,4,10,19,0,33,0,0,0,33
03/19/2018,MLU,LA,ASW,CE,Combined TRACON& Tower with Radar,3,12,27,36,78,0,0,18,2,20,3,12,45,38,98,0,0,0,98
03/20/2018,MLU,LA,ASW,CE,Combined TRACON& Tower with Radar,5,14,31,42,92,0,0,7,3,10,5,14,38,45,102,0,0,0,102
03/21/2018,MLU,LA,ASW,CE,Combined TRACON& Tower with Radar,4,12,44,49,109,0,1,16,5,22,4,13,60,54,131,0,0,0,131
03/22/2018,MLU,LA,ASW,CE,Combined TRACON& Tower with Radar,5,13,37,58,113,0,0,19,3,22,5,13,56,61,135,0,0,0,135
03/23/2018,MLU,LA,ASW,CE,Combined TRACON& Tower with Radar,4,13,22,10,49,0,0,12,3,15,4,13,34,13,64,0,0,0,64
03/24/2018,MLU,LA,ASW,CE,Combined TRACON& Tower with Radar,4,6,17,8,35,0,0,0,2,2,4,6,17,10,37,0,0,0,37
03/25/2018,MLU,LA,ASW,CE,Combined TRACON& Tower with Radar,4,10,21,0,35,0,0,3,2,5,4,10,24,2,40,0,0,0,40
03/26/2018,MLU,LA,ASW,CE,Combined TRACON& Tower with Radar,4,12,24,52,92,0,0,8,1,9,4,12,32,53,101,0,0,0,101
03/27/2018,MLU,LA,ASW,CE,Combined TRACON& Tower with Radar,4,11,20,49,84,0,0,2,3,5,4,11,22,52,89,0,0,0,89
03/28/2018,MLU,LA,ASW,CE,Combined TRACON& Tower with Radar,4,12,13,0,29,0,0,1,0,1,4,12,14,0,30,0,0,0,30
03/29/2018,MLU,LA,ASW,CE,Combined TRACON& Tower with Radar,4,12,9,49,74,0,1,2,0,3,4,13,11,49,77,0,0,0,77
03/30/2018,MLU,LA,ASW,CE,Combined TRACON& Tower with Radar,4,18,32,21,75,0,1,34,1,36,4,19,66,22,111,0,0,0,111
03/31/2018,MLU,LA,ASW,CE,Combined TRACON& Tower with Radar,4,8,17,0,29,0,0,20,0,20,4,8,37,0,49,0,0,0,49
04/01/2018,MLU,LA,ASW,CE,Combined TRACON& Tower with Radar,4,8,11,0,23,0,0,10,0,10,4,8,21,0,33,0,0,0,33
04/02/2018,MLU,LA,ASW,CE,Combined TRACON& Tower with Radar,4,13,32,43,92,0,0,12,0,12,4,13,44,43,104,0,0,0,104
04/03/2018,MLU,LA,ASW,CE,Combined TRACON& Tower with Radar,1,16,23,44,84,0,0,6,2,8,1,16,29,46,92,4,0,4,96
04/04/2018,MLU,LA,ASW,CE,Combined TRACON& Tower with Radar,0,18,23,8,49,0,0,20,1,21,0,18,43,9,70,12,0,12,82
04/05/2018,MLU,LA,ASW,CE,Combined TRACON& Tower with Radar,0,17,31,10,58,0,0,22,3,25,0,17,53,13,83,0,0,0,83
04/06/2018,MLU,LA,ASW,CE,Combined TRACON& Tower with Radar,0,15,19,2,36,0,0,1,1,2,0,15,20,3,38,0,0,0,38
04/07/2018,MLU,LA,ASW,CE,Combined TRACON& Tower with Radar,0,8,10,0,18,0,0,1,0,1,0,8,11,0,19,4,0,4,23
04/08/2018,MLU,LA,ASW,CE,Combined TRACON& Tower with Radar,0,15,12,9,36,0,0,24,1,25,0,15,36,10,61,20,8,28,89
04/09/2018,MLU,LA,ASW,CE,Combined TRACON& Tower with Radar,0,15,33,12,60,0,0,22,0,22,0,15,55,12,82,2,0,2,84
04/10/2018,MLU,LA,ASW,CE,Combined TRACON& Tower with Radar,0,13,29,44,86,0,0,39,4,43,0,13,68,48,129,18,4,22,151
04/11/2018,MLU,LA,ASW,CE,Combined TRACON& Tower with Radar,0,17,39,21,77,0,0,27,3,30,0,17,66,24,107,28,14,42,149
04/12/2018,MLU,LA,ASW,CE,Combined TRACON& Tower with Radar,0,17,37,35,89,0,0,9,1,10,0,17,46,36,99,0,6,6,105
04/13/2018,MLU,LA,ASW,CE,Combined TRACON& Tower with Radar,0,14,16,10,40,0,0,3,0,3,0,14,19,10,43,0,2,2,45
04/14/2018,MLU,LA,ASW,CE,Combined TRACON& Tower with Radar,0,8,8,0,16,0,0,4,0,4,0,8,12,0,20,0,0,0,20
04/15/2018,MLU,LA,ASW,CE,Combined TRACON& Tower with Radar,0,17,21,9,47,0,0,18,1,19,0,17,39,10,66,2,0,2,68
04/16/2018,MLU,LA,ASW,CE,Combined TRACON& Tower with Radar,0,16,36,23,75,0,0,27,1,28,0,16,63,24,103,8,4,12,115
04/17/2018,MLU,LA,ASW,CE,Combined TRACON& Tower with Radar,0,22,20,35,77,0,0,23,3,26,0,22,43,38,103,0,24,24,127
04/18/2018,MLU,LA,ASW,CE,Combined TRACON& Tower with Radar,0,22,26,19,67,0,0,11,1,12,0,22,37,20,79,0,0,0,79
04/19/2018,MLU,LA,ASW,CE,Combined TRACON& Tower with Radar,0,18,33,54,105,0,2,20,1,23,0,20,53,55,128,0,28,28,156
04/20/2018,MLU,LA,ASW,CE,Combined TRACON& Tower with Radar,0,18,32,19,69,0,0,23,7,30,0,18,55,26,99,6,0,6,105
04/21/2018,MLU,LA,ASW,CE,Combined TRACON& Tower with Radar,0,8,9,6,23,0,0,2,1,3,0,8,11,7,26,12,0,12,38
04/22/2018,MLU,LA,ASW,CE,Combined TRACON& Tower with Radar,0,16,22,14,52,0,0,1,0,1,0,16,23,14,53,0,0,0,53
04/23/2018,MLU,LA,ASW,CE,Combined TRACON& Tower with Radar,0,17,37,35,89,0,0,12,0,12,0,17,49,35,101,20,0,20,121
04/24/2018,MLU,LA,ASW,CE,Combined TRACON& Tower with Radar,0,16,21,54,91,0,0,8,3,11,0,16,29,57,102,0,8,8,110
04/25/2018,MLU,LA,ASW,CE,Combined TRACON& Tower with Radar,0,13,15,11,39,0,0,9,0,9,0,13,24,11,48,9,26,35,83
04/26/2018,MLU,LA,ASW,CE,Combined TRACON& Tower with Radar,0,19,40,19,78,0,0,10,1,11,0,19,50,20,89,0,4,4,93
04/27/2018,MLU,LA,ASW,CE,Combined TRACON& Tower with Radar,0,29,31,45,105,0,0,31,1,32,0,29,62,46,137,0,12,12,149
04/28/2018,MLU,LA,ASW,CE,Combined TRACON& Tower with Radar,0,9,17,40,66,0,0,51,2,53,0,9,68,42,119,0,4,4,123
04/29/2018,MLU,LA,ASW,CE,Combined TRACON& Tower with Radar,0,15,20,3,38,0,0,21,2,23,0,15,41,5,61,0,12,12,73
04/30/2018,MLU,LA,ASW,CE,Combined TRACON& Tower with Radar,0,17,17,2,36,0,0,12,1,13,0,17,29,3,49,28,0,28,77
05/01/2018,MLU,LA,ASW,CE,Combined TRACON& Tower with Radar,0,16,28,31,75,0,0,22,13,35,0,16,50,44,110,0,32,32,142
05/02/2018,MLU,LA,ASW,CE,Combined TRACON& Tower with Radar,0,20,33,10,63,0,1,5,2,8,0,21,38,12,71,0,6,6,77
05/03/2018,MLU,LA,ASW,CE,Combined TRACON& Tower with Radar,0,18,31,7,56,0,0,20,3,23,0,18,51,10,79,28,0,28,107
05/04/2018,MLU,LA,ASW,CE,Combined TRACON& Tower with Radar,3,15,16,2,36,0,2,7,0,9,3,17,23,2,45,2,0,2,47
05/05/2018,MLU,LA,ASW,CE,Combined TRACON& Tower with Radar,4,9,17,3,33,0,0,4,2,6,4,9,21,5,39,0,0,0,39
05/06/2018,MLU,LA,ASW,CE,Combined TRACON& Tower with Radar,4,12,24,4,44,0,1,26,3,30,4,13,50,7,74,2,16,18,92
05/07/2018,MLU,LA,ASW,CE,Combined TRACON& Tower with Radar,4,13,24,16,57,0,0,19,2,21,4,13,43,18,78,24,0,24,102
05/08/2018,MLU,LA,ASW,CE,Combined TRACON& Tower with Radar,4,16,33,13,66,0,0,25,2,27,4,16,58,15,93,32,4,36,129
05/09/2018,MLU,LA,ASW,CE,Combined TRACON& Tower with Radar,5,15,17,40,77,0,0,28,0,28,5,15,45,40,105,16,28,44,149
05/10/2018,MLU,LA,ASW,CE,Combined TRACON& Tower with Radar,4,13,17,31,65,0,0,18,0,18,4,13,35,31,83,2,0,2,85
05/11/2018,MLU,LA,ASW,CE,Combined TRACON& Tower with Radar,4,15,33,39,91,0,0,27,2,29,4,15,60,41,120,6,22,28,148
05/12/2018,MLU,LA,ASW,CE,Combined TRACON& Tower with Radar,4,8,27,6,45,0,0,24,0,24,4,8,51,6,69,0,0,0,69
05/13/2018,MLU,LA,ASW,CE,Combined TRACON& Tower with Radar,6,10,20,12,48,0,0,16,2,18,6,10,36,14,66,0,0,0,66
05/14/2018,MLU,LA,ASW,CE,Combined TRACON& Tower with Radar,4,15,29,0,48,0,0,5,0,5,4,15,34,0,53,0,0,0,53
05/15/2018,MLU,LA,ASW,CE,Combined TRACON& Tower with Radar,4,15,25,37,81,0,0,13,5,18,4,15,38,42,99,0,0,0,99
05/16/2018,MLU,LA,ASW,CE,Combined TRACON& Tower with Radar,4,17,37,46,104,0,0,20,0,20,4,17,57,46,124,0,42,42,166
05/17/2018,MLU,LA,ASW,CE,Combined TRACON& Tower with Radar,3,16,31,34,84,0,0,14,0,14,3,16,45,34,98,8,0,8,106
05/18/2018,MLU,LA,ASW,CE,Combined TRACON& Tower with Radar,4,12,43,50,109,0,0,21,2,23,4,12,64,52,132,12,4,16,148
05/19/2018,MLU,LA,ASW,CE,Combined TRACON& Tower with Radar,4,6,18,0,28,0,0,19,2,21,4,6,37,2,49,10,0,10,59
05/20/2018,MLU,LA,ASW,CE,Combined TRACON& Tower with Radar,3,15,30,29,77,0,0,14,2,16,3,15,44,31,93,0,10,10,103
05/21/2018,MLU,LA,ASW,CE,Combined TRACON& Tower with Radar,3,14,35,35,87,0,0,18,2,20,3,14,53,37,107,2,2,4,111
05/22/2018,MLU,LA,ASW,CE,Combined TRACON& Tower with Radar,4,15,26,56,101,0,1,15,6,22,4,16,41,62,123,0,0,0,123
05/23/2018,MLU,LA,ASW,CE,Combined TRACON& Tower with Radar,4,20,33,0,57,0,0,19,0,19,4,20,52,0,76,0,24,24,100
05/24/2018,MLU,LA,ASW,CE,Combined TRACON& Tower with Radar,4,14,28,28,74,0,0,15,2,17,4,14,43,30,91,0,20,20,111
05/25/2018,MLU,LA,ASW,CE,Combined TRACON& Tower with Radar,3,15,34,0,52,0,4,8,1,13,3,19,42,1,65,0,0,0,65
05/26/2018,MLU,LA,ASW,CE,Combined TRACON& Tower with Radar,3,6,16,0,25,0,0,12,0,12,3,6,28,0,37,0,0,0,37
05/27/2018,MLU,LA,ASW,CE,Combined TRACON& Tower with Radar,4,8,12,0,24,0,0,11,0,11,4,8,23,0,35,0,0,0,35
05/28/2018,MLU,LA,ASW,CE,Combined TRACON& Tower with Radar,4,9,12,0,25,0,0,6,0,6,4,9,18,0,31,0,0,0,31
05/29/2018,MLU,LA,ASW,CE,Combined TRACON& Tower with Radar,4,16,14,56,90,0,0,13,6,19,4,16,27,62,109,0,14,14,123
05/30/2018,MLU,LA,ASW,CE,Combined TRACON& Tower with Radar,4,20,29,70,123,0,1,14,2,17,4,21,43,72,140,0,72,72,212
05/31/2018,MLU,LA,ASW,CE,Combined TRACON& Tower with Radar,4,14,36,44,98,0,0,52,6,58,4,14,88,50,156,8,34,42,198
06/01/2018,MLU,LA,ASW,CE,Combined TRACON& Tower with Radar,4,12,28,67,111,0,1,24,0,25,4,13,52,67,136,10,12,22,158
06/02/2018,MLU,LA,ASW,CE,Combined TRACON& Tower with Radar,4,8,25,10,47,0,0,12,0,12,4,8,37,10,59,0,4,4,63
06/03/2018,MLU,LA,ASW,CE,Combined TRACON& Tower with Radar,4,10,17,1,32,0,0,6,1,7,4,10,23,2,39,0,0,0,39
06/04/2018,MLU,LA,ASW,CE,Combined TRACON& Tower with Radar,2,16,24,55,97,0,0,21,1,22,2,16,45,56,119,20,44,64,183
06/05/2018,MLU,LA,ASW,CE,Combined TRACON& Tower with Radar,3,15,25,19,62,0,0,8,2,10,3,15,33,21,72,8,0,8,80
06/06/2018,MLU,LA,ASW,CE,Combined TRACON& Tower with Radar,3,17,31,17,68,0,0,28,0,28,3,17,59,17,96,26,16,42,138
06/07/2018,MLU,LA,ASW,CE,Combined TRACON& Tower with Radar,3,16,29,28,76,0,0,21,0,21,3,16,50,28,97,0,0,0,97
06/08/2018,MLU,LA,ASW,CE,Combined TRACON& Tower with Radar,3,19,23,18,63,0,0,22,1,23,3,19,45,19,86,16,0,16,102
06/09/2018,MLU,LA,ASW,CE,Combined TRACON& Tower with Radar,2,13,17,0,32,0,0,14,0,14,2,13,31,0,46,0,0,0,46
06/10/2018,MLU,LA,ASW,CE,Combined TRACON& Tower with Radar,4,13,21,14,52,0,0,17,2,19,4,13,38,16,71,0,44,44,115
06/11/2018,MLU,LA,ASW,CE,Combined TRACON& Tower with Radar,4,19,28,21,72,0,0,1,0,1,4,19,29,21,73,0,20,20,93
06/12/2018,MLU,LA,ASW,CE,Combined TRACON& Tower with Radar,4,21,42,36,103,0,0,14,2,16,4,21,56,38,119,6,0,6,125
06/13/2018,MLU,LA,ASW,CE,Combined TRACON& Tower with Radar,3,18,32,12,65,0,0,14,2,16,3,18,46,14,81,2,4,6,87
06/14/2018,MLU,LA,ASW,CE,Combined TRACON& Tower with Radar,4,17,33,77,131,0,0,19,17,36,4,17,52,94,167,14,14,28,195
06/15/2018,MLU,LA,ASW,CE,Combined TRACON& Tower with Radar,4,15,28,31,78,0,0,18,4,22,4,15,46,35,100,24,8,32,132
06/16/2018,MLU,LA,ASW,CE,Combined TRACON& Tower with Radar,1,12,23,18,54,0,0,12,4,16,1,12,35,22,70,0,10,10,80
06/17/2018,MLU,LA,ASW,CE,Combined TRACON& Tower with Radar,3,14,12,4,33,0,0,12,2,14,3,14,24,6,47,8,0,8,55
06/18/2018,MLU,LA,ASW,CE,Combined TRACON& Tower with Radar,4,15,29,18,66,0,1,12,0,13,4,16,41,18,79,0,6,6,85
06/19/2018,MLU,LA,ASW,CE,Combined TRACON& Tower with Radar,4,16,22,30,72,0,0,4,0,4,4,16,26,30,76,0,10,10,86
06/20/2018,MLU,LA,ASW,CE,Combined TRACON& Tower with Radar,3,18,28,15,64,0,0,3,0,3,3,18,31,15,67,0,20,20,87
06/21/2018,MLU,LA,ASW,CE,Combined TRACON& Tower with Radar,4,15,26,17,62,0,0,13,6,19,4,15,39,23,81,0,4,4,85
06/22/2018,MLU,LA,ASW,CE,Combined TRACON& Tower with Radar,4,14,14,12,44,0,0,9,2,11,4,14,23,14,55,0,4,4,59
06/23/2018,MLU,LA,ASW,CE,Combined TRACON& Tower with Radar,2,15,13,34,64,0,0,13,1,14,2,15,26,35,78,0,22,22,100
06/24/2018,MLU,LA,ASW,CE,Combined TRACON& Tower with Radar,3,13,24,22,62,0,0,12,1,13,3,13,36,23,75,8,0,8,83
06/25/2018,MLU,LA,ASW,CE,Combined TRACON& Tower with Radar,3,16,26,65,110,0,2,17,0,19,3,18,43,65,129,12,12,24,153
06/26/2018,MLU,LA,ASW,CE,Combined TRACON& Tower with Radar,4,16,27,46,93,0,0,21,7,28,4,16,48,53,121,44,26,70,191
06/27/2018,MLU,LA,ASW,CE,Combined TRACON& Tower with Radar,4,16,38,68,126,0,0,16,3,19,4,16,54,71,145,10,22,32,177
06/28/2018,MLU,LA,ASW,CE,Combined TRACON& Tower with Radar,4,14,48,51,117,0,0,25,0,25,4,14,73,51,142,28,10,38,180
06/29/2018,MLU,LA,ASW,CE,Combined TRACON& Tower with Radar,4,16,24,36,80,0,1,16,3,20,4,17,40,39,100,0,4,4,104
06/30/2018,MLU,LA,ASW,CE,Combined TRACON& Tower with Radar,2,17,15,0,34,0,0,6,1,7,2,17,21,1,41,0,8,8,49
07/01/2018,MLU,LA,ASW,CE,Combined TRACON& Tower with Radar,3,12,17,0,32,0,0,20,0,20,3,12,37,0,52,2,0,2,54
07/02/2018,MLU,LA,ASW,CE,Combined TRACON& Tower with Radar,4,16,30,26,76,0,0,23,0,23,4,16,53,26,99,0,46,46,145
07/03/2018,MLU,LA,ASW,CE,Combined TRACON& Tower with Radar,4,13,13,2,32,0,0,10,0,10,4,13,23,2,42,0,0,0,42
07/04/2018,MLU,LA,ASW,CE,Combined TRACON& Tower with Radar,3,10,3,0,16,0,1,4,0,5,3,11,7,0,21,0,0,0,21
07/05/2018,MLU,LA,ASW,CE,Combined TRACON& Tower with Radar,3,11,29,10,53,0,0,5,0,5,3,11,34,10,58,0,0,0,58
07/06/2018,MLU,LA,ASW,CE,Combined TRACON& Tower with Radar,3,14,21,18,56,0,0,8,0,8,3,14,29,18,64,0,18,18,82
07/07/2018,MLU,LA,ASW,CE,Combined TRACON& Tower with Radar,3,12,7,0,22,0,0,10,0,10,3,12,17,0,32,0,0,0,32
07/08/2018,MLU,LA,ASW,CE,Combined TRACON& Tower with Radar,4,14,12,3,33,0,0,4,0,4,4,14,16,3,37,0,0,0,37
07/09/2018,MLU,LA,ASW,CE,Combined TRACON& Tower with Radar,3,20,33,2,58,0,0,4,0,4,3,20,37,2,62,0,0,0,62
07/10/2018,MLU,LA,ASW,CE,Combined TRACON& Tower with Radar,4,17,39,13,73,0,0,12,10,22,4,17,51,23,95,0,0,0,95
07/11/2018,MLU,LA,ASW,CE,Combined TRACON& Tower with Radar,3,20,40,11,74,0,0,14,0,14,3,20,54,11,88,0,0,0,88
07/12/2018,MLU,LA,ASW,CE,Combined TRACON& Tower with Radar,3,17,39,40,99,0,0,12,2,14,3,17,51,42,113,2,40,42,155
07/13/2018,MLU,LA,ASW,CE,Combined TRACON& Tower with Radar,3,19,38,3,63,0,0,21,0,21,3,19,59,3,84,8,0,8,92
07/14/2018,MLU,LA,ASW,CE,Combined TRACON& Tower with Radar,5,12,19,16,52,0,0,19,0,19,5,12,38,16,71,0,2,2,73
07/15/2018,MLU,LA,ASW,CE,Combined TRACON& Tower with Radar,3,14,12,12,41,1,2,16,1,20,4,16,28,13,61,0,18,18,79
07/16/2018,MLU,LA,ASW,CE,Combined TRACON& Tower with Radar,4,16,17,40,77,0,0,11,2,13,4,16,28,42,90,0,24,24,114
07/17/2018,MLU,LA,ASW,CE,Combined TRACON& Tower with Radar,4,16,20,5,45,0,0,18,0,18,4,16,38,5,63,0,0,0,63
07/18/2018,MLU,LA,ASW,CE,Combined TRACON& Tower with Radar,4,18,22,0,44,0,0,16,0,16,4,18,38,0,60,2,0,2,62
07/19/2018,MLU,LA,ASW,CE,Combined TRACON& Tower with Radar,4,19,17,38,78,0,0,15,4,19,4,19,32,42,97,0,20,20,117
07/20/2018,MLU,LA,ASW,CE,Combined TRACON& Tower with Radar,3,19,25,41,88,0,0,11,5,16,3,19,36,46,104,0,36,36,140
07/21/2018,MLU,LA,ASW,CE,Combined TRACON& Tower with Radar,3,15,22,20,60,0,1,12,3,16,3,16,34,23,76,0,30,30,106
07/22/2018,MLU,LA,ASW,CE,Combined TRACON& Tower with Radar,3,12,19,4,38,0,0,17,4,21,3,12,36,8,59,0,40,40,99
07/23/2018,MLU,LA,ASW,CE,Combined TRACON& Tower with Radar,4,16,31,30,81,0,0,8,1,9,4,16,39,31,90,0,0,0,90
07/24/2018,MLU,LA,ASW,CE,Combined TRACON& Tower with Radar,3,18,14,22,57,0,0,8,4,12,3,18,22,26,69,2,4,6,75
07/25/2018,MLU,LA,ASW,CE,Combined TRACON& Tower with Radar,3,17,36,28,84,0,2,22,1,25,3,19,58,29,109,0,18,18,127
07/26/2018,MLU,LA,ASW,CE,Combined TRACON& Tower with Radar,2,17,37,28,84,0,0,15,1,16,2,17,52,29,100,0,0,0,100
07/27/2018,MLU,LA,ASW,CE,Combined TRACON& Tower with Radar,3,17,35,14,69,0,0,26,3,29,3,17,61,17,98,0,14,14,112
07/28/2018,MLU,LA,ASW,CE,Combined TRACON& Tower with Radar,3,13,19,18,53,0,0,10,0,10,3,13,29,18,63,0,6,6,69
07/29/2018,MLU,LA,ASW,CE,Combined TRACON& Tower with Radar,4,12,14,12,42,0,0,3,0,3,4,12,17,12,45,0,0,0,45
07/30/2018,MLU,LA,ASW,CE,Combined TRACON& Tower with Radar,3,17,32,6,58,0,0,6,3,9,3,17,38,9,67,0,0,0,67
07/31/2018,MLU,LA,ASW,CE,Combined TRACON& Tower with Radar,4,14,23,0,41,0,0,8,6,14,4,14,31,6,55,0,0,0,55
08/01/2018,MLU,LA,ASW,CE,Combined TRACON& Tower with Radar,4,20,38,63,125,0,0,28,3,31,4,20,66,66,156,24,18,42,198
08/02/2018,MLU,LA,ASW,CE,Combined TRACON& Tower with Radar,4,18,29,17,68,0,0,16,0,16,4,18,45,17,84,0,10,10,94
08/03/2018,MLU,LA,ASW,CE,Combined TRACON& Tower with Radar,4,23,29,1,57,0,1,14,1,16,4,24,43,2,73,2,0,2,75
08/04/2018,MLU,LA,ASW,CE,Combined TRACON& Tower with Radar,4,12,2,13,31,0,0,4,2,6,4,12,6,15,37,0,6,6,43
08/05/2018,MLU,LA,ASW,CE,Combined TRACON& Tower with Radar,4,15,11,0,30,0,0,4,0,4,4,15,15,0,34,0,0,0,34
08/06/2018,MLU,LA,ASW,CE,Combined TRACON& Tower with Radar,4,20,18,15,57,0,0,8,2,10,4,20,26,17,67,2,2,4,71
08/07/2018,MLU,LA,ASW,CE,Combined TRACON& Tower with Radar,4,18,29,29,80,0,0,26,0,26,4,18,55,29,106,12,14,26,132
08/08/2018,MLU,LA,ASW,CE,Combined TRACON& Tower with Radar,4,17,26,33,80,0,2,41,2,45,4,19,67,35,125,52,2,54,179
08/09/2018,MLU,LA,ASW,CE,Combined TRACON& Tower with Radar,3,17,29,14,63,0,0,11,0,11,3,17,40,14,74,4,0,4,78
08/10/2018,MLU,LA,ASW,CE,Combined TRACON& Tower with Radar,3,18,22,2,45,0,0,5,0,5,3,18,27,2,50,0,0,0,50
08/11/2018,MLU,LA,ASW,CE,Combined TRACON& Tower with Radar,3,11,11,5,30,0,0,11,0,11,3,11,22,5,41,0,0,0,41
08/12/2018,MLU,LA,ASW,CE,Combined TRACON& Tower with Radar,3,18,8,1,30,0,0,9,0,9,3,18,17,1,39,0,4,4,43
08/13/2018,MLU,LA,ASW,CE,Combined TRACON& Tower with Radar,3,19,38,7,67,0,2,16,0,18,3,21,54,7,85,0,12,12,97
08/14/2018,MLU,LA,ASW,CE,Combined TRACON& Tower with Radar,2,18,57,24,101,0,0,30,6,36,2,18,87,30,137,0,32,32,169
08/15/2018,MLU,LA,ASW,CE,Combined TRACON& Tower with Radar,3,16,51,33,103,0,0,38,0,38,3,16,89,33,141,0,48,48,189
08/16/2018,MLU,LA,ASW,CE,Combined TRACON& Tower with Radar,3,18,38,22,81,0,1,14,5,20,3,19,52,27,101,4,0,4,105
08/17/2018,MLU,LA,ASW,CE,Combined TRACON& Tower with Radar,3,17,17,26,63,0,0,9,0,9,3,17,26,26,72,0,6,6,78
08/18/2018,MLU,LA,ASW,CE,Combined TRACON& Tower with Radar,4,11,13,2,30,0,0,3,1,4,4,11,16,3,34,4,0,4,38
08/19/2018,MLU,LA,ASW,CE,Combined TRACON& Tower with Radar,4,14,10,8,36,0,1,2,0,3,4,15,12,8,39,0,0,0,39
08/20/2018,MLU,LA,ASW,CE,Combined TRACON& Tower with Radar,3,19,24,50,96,0,0,8,0,8,3,19,32,50,104,0,16,16,120
08/21/2018,MLU,LA,ASW,CE,Combined TRACON& Tower with Radar,3,17,35,35,90,0,0,21,4,25,3,17,56,39,115,30,0,30,145
08/22/2018,MLU,LA,ASW,CE,Combined TRACON& Tower with Radar,4,16,42,11,73,0,3,25,2,30,4,19,67,13,103,2,6,8,111
08/23/2018,MLU,LA,ASW,CE,Combined TRACON& Tower with Radar,3,14,49,24,90,0,1,37,4,42,3,15,86,28,132,0,26,26,158
08/24/2018,MLU,LA,ASW,CE,Combined TRACON& Tower with Radar,4,16,38,32,90,0,2,22,3,27,4,18,60,35,117,0,6,6,123
08/25/2018,MLU,LA,ASW,CE,Combined TRACON& Tower with Radar,4,7,22,42,75,0,1,17,6,24,4,8,39,48,99,14,8,22,121
08/26/2018,MLU,LA,ASW,CE,Combined TRACON& Tower with Radar,4,24,65,30,123,0,0,53,2,55,4,24,118,32,178,2,12,14,192
08/27/2018,MLU,LA,ASW,CE,Combined TRACON& Tower with Radar,4,21,40,46,111,0,1,35,11,47,4,22,75,57,158,6,62,68,226
08/28/2018,MLU,LA,ASW,CE,Combined TRACON& Tower with Radar,4,16,32,11,63,0,0,11,4,15,4,16,43,15,78,4,4,8,86
08/29/2018,MLU,LA,ASW,CE,Combined TRACON& Tower with Radar,5,22,41,48,116,0,0,16,2,18,5,22,57,50,134,2,26,28,162
08/30/2018,MLU,LA,ASW,CE,Combined TRACON& Tower with Radar,4,18,28,21,71,0,0,22,2,24,4,18,50,23,95,4,4,8,103
08/31/2018,MLU,LA,ASW,CE,Combined TRACON& Tower with Radar,4,17,27,1,49,0,0,14,4,18,4,17,41,5,67,0,22,22,89
09/01/2018,MLU,LA,ASW,CE,Combined TRACON& Tower with Radar,4,7,16,2,29,0,0,1,0,1,4,7,17,2,30,0,0,0,30
09/02/2018,MLU,LA,ASW,CE,Combined TRACON& Tower with Radar,4,8,5,2,19,0,0,5,1,6,4,8,10,3,25,6,0,6,31
09/03/2018,MLU,LA,ASW,CE,Combined TRACON& Tower with Radar,4,16,12,0,32,0,0,7,0,7,4,16,19,0,39,0,0,0,39
09/04/2018,MLU,LA,ASW,CE,Combined TRACON& Tower with Radar,4,13,29,20,66,0,0,8,0,8,4,13,37,20,74,12,14,26,100
09/05/2018,MLU,LA,ASW,CE,Combined TRACON& Tower with Radar,3,12,19,0,34,0,0,7,0,7,3,12,26,0,41,0,0,0,41
09/06/2018,MLU,LA,ASW,CE,Combined TRACON& Tower with Radar,4,15,22,4,45,0,0,11,0,11,4,15,33,4,56,0,0,0,56
09/07/2018,MLU,LA,ASW,CE,Combined TRACON& Tower with Radar,1,18,32,2,53,0,0,8,0,8,1,18,40,2,61,0,0,0,61
09/08/2018,MLU,LA,ASW,CE,Combined TRACON& Tower with Radar,3,12,7,0,22,0,0,1,1,2,3,12,8,1,24,0,0,0,24
09/09/2018,MLU,LA,ASW,CE,Combined TRACON& Tower with Radar,5,15,21,14,55,0,1,5,1,7,5,16,26,15,62,4,0,4,66
09/10/2018,MLU,LA,ASW,CE,Combined TRACON& Tower with Radar,5,17,26,1,49,0,0,2,0,2,5,17,28,1,51,0,0,0,51
09/11/2018,MLU,LA,ASW,CE,Combined TRACON& Tower with Radar,4,13,15,1,33,0,0,7,0,7,4,13,22,1,40,0,0,0,40
09/12/2018,MLU,LA,ASW,CE,Combined TRACON& Tower with Radar,3,16,33,8,60,0,0,14,3,17,3,16,47,11,77,14,0,14,91
09/13/2018,MLU,LA,ASW,CE,Combined TRACON& Tower with Radar,4,19,29,16,68,0,0,11,5,16,4,19,40,21,84,2,4,6,90
09/14/2018,MLU,LA,ASW,CE,Combined TRACON& Tower with Radar,3,17,36,14,70,0,0,16,1,17,3,17,52,15,87,12,8,20,107
09/15/2018,MLU,LA,ASW,CE,Combined TRACON& Tower with Radar,4,8,12,4,28,0,0,15,1,16,4,8,27,5,44,4,4,8,52
09/16/2018,MLU,LA,ASW,CE,Combined TRACON& Tower with Radar,3,18,22,1,44,0,0,11,3,14,3,18,33,4,58,2,0,2,60
09/17/2018,MLU,LA,ASW,CE,Combined TRACON& Tower with Radar,4,18,20,41,83,0,0,17,1,18,4,18,37,42,101,18,2,20,121
09/18/2018,MLU,LA,ASW,CE,Combined TRACON& Tower with Radar,4,17,40,37,98,0,1,25,2,28,4,18,65,39,126,14,0,14,140
09/19/2018,MLU,LA,ASW,CE,Combined TRACON& Tower with Radar,3,15,30,18,66,0,2,27,1,30,3,17,57,19,96,10,0,10,106
09/20/2018,MLU,LA,ASW,CE,Combined TRACON& Tower with Radar,3,14,37,13,67,0,0,22,2,24,3,14,59,15,91,6,0,6,97
09/21/2018,MLU,LA,ASW,CE,Combined TRACON& Tower with Radar,3,16,23,2,44,0,0,6,0,6,3,16,29,2,50,0,0,0,50
09/22/2018,MLU,LA,ASW,CE,Combined TRACON& Tower with Radar,2,7,12,0,21,0,0,1,0,1,2,7,13,0,22,0,0,0,22
09/23/2018,MLU,LA,ASW,CE,Combined TRACON& Tower with Radar,5,14,16,1,36,0,0,2,0,2,5,14,18,1,38,0,0,0,38
09/24/2018,MLU,LA,ASW,CE,Combined TRACON& Tower with Radar,3,15,36,23,77,0,0,13,0,13,3,15,49,23,90,0,6,6,96
09/25/2018,MLU,LA,ASW,CE,Combined TRACON& Tower with Radar,4,18,34,8,64,0,0,9,0,9,4,18,43,8,73,0,6,6,79
09/26/2018,MLU,LA,ASW,CE,Combined TRACON& Tower with Radar,3,18,28,7,56,0,0,1,0,1,3,18,29,7,57,0,0,0,57
09/27/2018,MLU,LA,ASW,CE,Combined TRACON& Tower with Radar,4,20,45,21,90,0,0,1,0,1,4,20,46,21,91,0,0,0,91
09/28/2018,MLU,LA,ASW,CE,Combined TRACON& Tower with Radar,6,17,26,18,67,0,1,3,0,4,6,18,29,18,71,0,0,0,71
09/29/2018,MLU,LA,ASW,CE,Combined TRACON& Tower with Radar,6,7,10,1,24,0,0,3,0,3,6,7,13,1,27,0,0,0,27
09/30/2018,MLU,LA,ASW,CE,Combined TRACON& Tower with Radar,4,16,15,0,35,0,0,0,2,2,4,16,15,2,37,0,0,0,37
10/01/2018,MLU,LA,ASW,CE,Combined TRACON& Tower with Radar,3,18,19,17,57,0,0,32,1,33,3,18,51,18,90,2,0,2,92
10/02/2018,MLU,LA,ASW,CE,Combined TRACON& Tower with Radar,4,17,24,13,58,0,0,9,3,12,4,17,33,16,70,2,0,2,72
10/03/2018,MLU,LA,ASW,CE,Combined TRACON& Tower with Radar,4,20,28,16,68,0,4,24,1,29,4,24,52,17,97,2,0,2,99
10/04/2018,MLU,LA,ASW,CE,Combined TRACON& Tower with Radar,4,21,36,20,81,0,0,14,0,14,4,21,50,20,95,4,16,20,115
10/05/2018,MLU,LA,ASW,CE,Combined TRACON& Tower with Radar,6,16,28,14,64,0,0,21,0,21,6,16,49,14,85,20,0,20,105
10/06/2018,MLU,LA,ASW,CE,Combined TRACON& Tower with Radar,4,9,5,0,18,0,0,14,0,14,4,9,19,0,32,4,0,4,36
10/07/2018,MLU,LA,ASW,CE,Combined TRACON& Tower with Radar,1,12,23,0,36,0,0,12,0,12,1,12,35,0,48,4,0,4,52
10/08/2018,MLU,LA,ASW,CE,Combined TRACON& Tower with Radar,3,17,31,0,51,0,1,20,2,23,3,18,51,2,74,2,0,2,76
10/09/2018,MLU,LA,ASW,CE,Combined TRACON& Tower with Radar,3,15,17,32,67,0,0,2,0,2,3,15,19,32,69,0,10,10,79
10/10/2018,MLU,LA,ASW,CE,Combined TRACON& Tower with Radar,4,14,27,30,75,0,0,15,2,17,4,14,42,32,92,14,10,24,116
10/11/2018,MLU,LA,ASW,CE,Combined TRACON& Tower with Radar,4,18,32,26,80,0,3,33,8,44,4,21,65,34,124,18,38,56,180
10/12/2018,MLU,LA,ASW,CE,Combined TRACON& Tower with Radar,7,15,43,34,99,0,0,25,0,25,7,15,68,34,124,24,18,42,166
10/13/2018,MLU,LA,ASW,CE,Combined TRACON& Tower with Radar,4,8,20,2,34,0,0,8,0,8,4,8,28,2,42,2,0,2,44
10/14/2018,MLU,LA,ASW,CE,Combined TRACON& Tower with Radar,2,13,17,0,32,0,0,3,0,3,2,13,20,0,35,0,0,0,35
10/15/2018,MLU,LA,ASW,CE,Combined TRACON& Tower with Radar,2,15,21,0,38,0,0,7,0,7,2,15,28,0,45,0,0,0,45
10/16/2018,MLU,LA,ASW,CE,Combined TRACON& Tower with Radar,4,14,10,0,28,0,0,1,0,1,4,14,11,0,29,0,0,0,29
10/17/2018,MLU,LA,ASW,CE,Combined TRACON& Tower with Radar,4,13,41,26,84,0,0,8,2,10,4,13,49,28,94,20,4,24,118
10/18/2018,MLU,LA,ASW,CE,Combined TRACON& Tower with Radar,3,21,40,26,90,0,0,24,7,31,3,21,64,33,121,0,0,0,121
10/19/2018,MLU,LA,ASW,CE,Combined TRACON& Tower with Radar,4,18,19,13,54,0,0,16,0,16,4,18,35,13,70,2,12,14,84
10/20/2018,MLU,LA,ASW,CE,Combined TRACON& Tower with Radar,5,7,12,0,24,0,0,5,0,5,5,7,17,0,29,4,0,4,33
10/21/2018,MLU,LA,ASW,CE,Combined TRACON& Tower with Radar,4,13,19,0,36,0,0,15,0,15,4,13,34,0,51,8,0,8,59
10/22/2018,MLU,LA,ASW,CE,Combined TRACON& Tower with Radar,4,18,23,32,77,0,0,19,1,20,4,18,42,33,97,8,4,12,109
10/23/2018,MLU,LA,ASW,CE,Combined TRACON& Tower with Radar,4,13,27,27,71,0,0,11,11,22,4,13,38,38,93,6,0,6,99
10/24/2018,MLU,LA,ASW,CE,Combined TRACON& Tower with Radar,4,14,34,28,80,0,4,12,3,19,4,18,46,31,99,24,0,24,123
10/25/2018,MLU,LA,ASW,CE,Combined TRACON& Tower with Radar,5,17,15,17,54,0,0,0,0,0,5,17,15,17,54,0,0,0,54
10/26/2018,MLU,LA,ASW,CE,Combined TRACON& Tower with Radar,3,21,31,14,69,0,0,23,2,25,3,21,54,16,94,0,62,62,156
10/27/2018,MLU,LA,ASW,CE,Combined TRACON& Tower with Radar,5,7,26,0,38,0,0,26,1,27,5,7,52,1,65,8,0,8,73
10/28/2018,MLU,LA,ASW,CE,Combined TRACON& Tower with Radar,3,12,34,0,49,0,0,25,0,25,3,12,59,0,74,10,0,10,84
10/29/2018,MLU,LA,ASW,CE,Combined TRACON& Tower with Radar,4,20,41,36,101,0,0,43,6,49,4,20,84,42,150,8,4,12,162
10/30/2018,MLU,LA,ASW,CE,Combined TRACON& Tower with Radar,4,17,31,22,74,0,0,14,7,21,4,17,45,29,95,0,0,0,95
10/31/2018,MLU,LA,ASW,CE,Combined TRACON& Tower with Radar,2,19,27,6,54,0,0,3,0,3,2,19,30,6,57,0,0,0,57
11/01/2018,MLU,LA,ASW,CE,Combined TRACON& Tower with Radar,3,16,27,57,103,0,0,7,0,7,3,16,34,57,110,0,2,2,112
11/02/2018,MLU,LA,ASW,CE,Combined TRACON& Tower with Radar,5,17,29,67,118,0,0,14,2,16,5,17,43,69,134,0,24,24,158
11/03/2018,MLU,LA,ASW,CE,Combined TRACON& Tower with Radar,4,11,32,6,53,0,2,12,4,18,4,13,44,10,71,26,0,26,97
11/04/2018,MLU,LA,ASW,CE,Combined TRACON& Tower with Radar,4,16,28,5,53,0,0,3,2,5,4,16,31,7,58,0,0,0,58
11/05/2018,MLU,LA,ASW,CE,Combined TRACON& Tower with Radar,2,27,34,8,71,0,0,1,0,1,2,27,35,8,72,0,0,0,72
11/06/2018,MLU,LA,ASW,CE,Combined TRACON& Tower with Radar,3,19,31,53,106,0,0,22,7,29,3,19,53,60,135,22,20,42,177
11/07/2018,MLU,LA,ASW,CE,Combined TRACON& Tower with Radar,5,17,28,0,50,0,0,2,0,2,5,17,30,0,52,0,0,0,52
11/08/2018,MLU,LA,ASW,CE,Combined TRACON& Tower with Radar,3,19,36,13,71,0,0,3,0,3,3,19,39,13,74,4,8,12,86
11/09/2018,MLU,LA,ASW,CE,Combined TRACON& Tower with Radar,2,16,15,36,69,0,0,5,1,6,2,16,20,37,75,0,16,16,91
11/10/2018,MLU,LA,ASW,CE,Combined TRACON& Tower with Radar,4,11,16,0,31,0,0,16,0,16,4,11,32,0,47,10,0,10,57
11/11/2018,MLU,LA,ASW,CE,Combined TRACON& Tower with Radar,4,16,12,6,38,0,0,5,0,5,4,16,17,6,43,0,0,0,43
11/12/2018,MLU,LA,ASW,CE,Combined TRACON& Tower with Radar,4,23,25,1,53,0,0,0,0,0,4,23,25,1,53,0,0,0,53
11/13/2018,MLU,LA,ASW,CE,Combined TRACON& Tower with Radar,4,19,32,31,86,0,0,7,0,7,4,19,39,31,93,0,0,0,93
11/14/2018,MLU,LA,ASW,CE,Combined TRACON& Tower with Radar,4,19,24,8,55,0,0,6,2,8,4,19,30,10,63,0,12,12,75
11/15/2018,MLU,LA,ASW,CE,Combined TRACON& Tower with Radar,4,19,43,20,86,0,1,39,3,43,4,20,82,23,129,2,34,36,165
11/16/2018,MLU,LA,ASW,CE,Combined TRACON& Tower with Radar,3,19,39,23,84,0,2,31,3,36,3,21,70,26,120,0,2,2,122
11/17/2018,MLU,LA,ASW,CE,Combined TRACON& Tower with Radar,2,8,25,2,37,0,0,27,0,27,2,8,52,2,64,0,0,0,64
11/18/2018,MLU,LA,ASW,CE,Combined TRACON& Tower with Radar,6,17,40,2,65,0,0,11,0,11,6,17,51,2,76,0,14,14,90
11/19/2018,MLU,LA,ASW,CE,Combined TRACON& Tower with Radar,4,17,8,2,31,0,0,1,0,1,4,17,9,2,32,0,0,0,32
11/20/2018,MLU,LA,ASW,CE,Combined TRACON& Tower with Radar,6,17,38,22,83,0,0,16,8,24,6,17,54,30,107,0,4,4,111
11/21/2018,MLU,LA,ASW,CE,Combined TRACON& Tower with Radar,6,19,14,16,55,0,0,19,1,20,6,19,33,17,75,6,0,6,81
11/22/2018,MLU,LA,ASW,CE,Combined TRACON& Tower with Radar,0,10,8,0,18,0,0,6,0,6,0,10,14,0,24,0,0,0,24
11/23/2018,MLU,LA,ASW,CE,Combined TRACON& Tower with Radar,2,17,13,0,32,0,0,0,0,0,2,17,13,0,32,0,0,0,32
11/24/2018,MLU,LA,ASW,CE,Combined TRACON& Tower with Radar,5,17,13,0,35,0,0,8,0,8,5,17,21,0,43,0,0,0,43
11/25/2018,MLU,LA,ASW,CE,Combined TRACON& Tower with Radar,3,24,19,0,46,0,0,5,0,5,3,24,24,0,51,0,0,0,51
11/26/2018,MLU,LA,ASW,CE,Combined TRACON& Tower with Radar,6,18,44,24,92,0,1,20,2,23,6,19,64,26,115,2,20,22,137
11/27/2018,MLU,LA,ASW,CE,Combined TRACON& Tower with Radar,6,18,36,28,88,0,0,23,7,30,6,18,59,35,118,0,0,0,118
11/28/2018,MLU,LA,ASW,CE,Combined TRACON& Tower with Radar,3,19,32,18,72,0,0,17,0,17,3,19,49,18,89,6,0,6,95
11/29/2018,MLU,LA,ASW,CE,Combined TRACON& Tower with Radar,4,18,27,8,57,0,0,13,1,14,4,18,40,9,71,2,0,2,73
11/30/2018,MLU,LA,ASW,CE,Combined TRACON& Tower with Radar,3,17,25,0,45,0,0,2,0,2,3,17,27,0,47,4,0,4,51
12/01/2018,MLU,LA,ASW,CE,Combined TRACON& Tower with Radar,4,7,4,0,15,0,0,10,0,10,4,7,14,0,25,0,0,0,25
12/02/2018,MLU,LA,ASW,CE,Combined TRACON& Tower with Radar,3,17,14,10,44,0,0,10,0,10,3,17,24,10,54,0,0,0,54
12/03/2018,MLU,LA,ASW,CE,Combined TRACON& Tower with Radar,4,19,25,23,71,0,0,20,3,23,4,19,45,26,94,24,8,32,126
12/04/2018,MLU,LA,ASW,CE,Combined TRACON& Tower with Radar,3,19,28,0,50,0,4,16,4,24,3,23,44,4,74,0,0,0,74
12/05/2018,MLU,LA,ASW,CE,Combined TRACON& Tower with Radar,4,19,28,0,51,0,0,26,0,26,4,19,54,0,77,0,0,0,77
12/06/2018,MLU,LA,ASW,CE,Combined TRACON& Tower with Radar,3,22,47,14,86,0,0,16,2,18,3,22,63,16,104,0,0,0,104
12/07/2018,MLU,LA,ASW,CE,Combined TRACON& Tower with Radar,3,20,13,0,36,0,0,0,0,0,3,20,13,0,36,0,0,0,36
12/08/2018,MLU,LA,ASW,CE,Combined TRACON& Tower with Radar,4,9,6,0,19,0,0,0,0,0,4,9,6,0,19,0,0,0,19
12/09/2018,MLU,LA,ASW,CE,Combined TRACON& Tower with Radar,3,16,9,0,28,0,0,0,2,2,3,16,9,2,30,0,0,0,30
12/10/2018,MLU,LA,ASW,CE,Combined TRACON& Tower with Radar,3,21,34,20,78,0,0,26,3,29,3,21,60,23,107,54,16,70,177
12/11/2018,MLU,LA,ASW,CE,Combined TRACON& Tower with Radar,3,20,25,42,90,0,0,46,12,58,3,20,71,54,148,56,8,64,212
12/12/2018,MLU,LA,ASW,CE,Combined TRACON& Tower with Radar,3,23,41,30,97,0,0,24,4,28,3,23,65,34,125,22,0,22,147
12/13/2018,MLU,LA,ASW,CE,Combined TRACON& Tower with Radar,3,16,13,0,32,0,0,0,0,0,3,16,13,0,32,0,0,0,32
12/14/2018,MLU,LA,ASW,CE,Combined TRACON& Tower with Radar,3,19,26,48,96,0,0,10,0,10,3,19,36,48,106,0,0,0,106
12/15/2018,MLU,LA,ASW,CE,Combined TRACON& Tower with Radar,4,10,13,0,27,0,0,0,0,0,4,10,13,0,27,0,0,0,27
12/16/2018,MLU,LA,ASW,CE,Combined TRACON& Tower with Radar,4,14,27,25,70,0,0,18,3,21,4,14,45,28,91,8,6,14,105
12/17/2018,MLU,LA,ASW,CE,Combined TRACON& Tower with Radar,3,18,29,39,89,0,0,13,1,14,3,18,42,40,103,0,0,0,103
12/18/2018,MLU,LA,ASW,CE,Combined TRACON& Tower with Radar,3,14,32,4,53,0,0,5,2,7,3,14,37,6,60,0,0,0,60
12/19/2018,MLU,LA,ASW,CE,Combined TRACON& Tower with Radar,3,15,11,0,29,0,0,3,0,3,3,15,14,0,32,0,0,0,32
12/20/2018,MLU,LA,ASW,CE,Combined TRACON& Tower with Radar,1,15,24,28,68,0,0,12,1,13,1,15,36,29,81,0,0,0,81
12/21/2018,MLU,LA,ASW,CE,Combined TRACON& Tower with Radar,4,19,24,48,95,0,0,19,3,22,4,19,43,51,117,0,0,0,117
12/22/2018,MLU,LA,ASW,CE,Combined TRACON& Tower with Radar,3,9,18,0,30,0,0,18,0,18,3,9,36,0,48,0,0,0,48
12/23/2018,MLU,LA,ASW,CE,Combined TRACON& Tower with Radar,3,13,11,0,27,0,0,14,0,14,3,13,25,0,41,0,0,0,41
12/24/2018,MLU,LA,ASW,CE,Combined TRACON& Tower with Radar,3,11,3,1,18,0,0,8,1,9,3,11,11,2,27,0,0,0,27
12/25/2018,MLU,LA,ASW,CE,Combined TRACON& Tower with Radar,3,6,1,0,10,0,1,5,0,6,3,7,6,0,16,0,0,0,16
12/26/2018,MLU,LA,ASW,CE,Combined TRACON& Tower with Radar,0,18,18,0,36,0,0,6,0,6,0,18,24,0,42,0,0,0,42
12/27/2018,MLU,LA,ASW,CE,Combined TRACON& Tower with Radar,0,19,3,0,22,0,0,0,0,0,0,19,3,0,22,0,0,0,22
12/28/2018,MLU,LA,ASW,CE,Combined TRACON& Tower with Radar,0,20,23,0,43,0,0,15,0,15,0,20,38,0,58,0,0,0,58
12/29/2018,MLU,LA,ASW,CE,Combined TRACON& Tower with Radar,0,15,15,0,30,0,0,12,0,12,0,15,27,0,42,0,0,0,42
12/30/2018,MLU,LA,ASW,CE,Combined TRACON& Tower with Radar,0,20,4,0,24,0,0,0,0,0,0,20,4,0,24,0,0,0,24
12/31/2018,MLU,LA,ASW,CE,Combined TRACON& Tower with Radar,0,13,9,0,22,0,0,2,0,2,0,13,11,0,24,0,0,0,24
01/01/2019,MLU,LA,ASW,CE,Combined TRACON& Tower with Radar,0,14,12,0,26,0,0,17,0,17,0,14,29,0,43,0,0,0,43
01/02/2019,MLU,LA,ASW,CE,Combined TRACON& Tower with Radar,0,20,11,0,31,0,0,1,0,1,0,20,12,0,32,0,0,0,32
01/03/2019,MLU,LA,ASW,CE,Combined TRACON& Tower with Radar,0,18,8,0,26,0,0,0,0,0,0,18,8,0,26,0,0,0,26
01/04/2019,MLU,LA,ASW,CE,Combined TRACON& Tower with Radar,0,18,10,54,82,0,0,10,0,10,0,18,20,54,92,0,0,0,92
01/05/2019,MLU,LA,ASW,CE,Combined TRACON& Tower with Radar,0,13,16,0,29,0,1,19,0,20,0,14,35,0,49,0,0,0,49
01/06/2019,MLU,LA,ASW,CE,Combined TRACON& Tower with Radar,2,18,20,7,47,0,0,21,1,22,2,18,41,8,69,0,0,0,69
01/07/2019,MLU,LA,ASW,CE,Combined TRACON& Tower with Radar,3,14,27,33,77,0,2,16,0,18,3,16,43,33,95,0,0,0,95
01/08/2019,MLU,LA,ASW,CE,Combined TRACON& Tower with Radar,4,16,21,47,88,0,0,27,4,31,4,16,48,51,119,0,0,0,119
01/09/2019,MLU,LA,ASW,CE,Combined TRACON& Tower with Radar,3,15,41,28,87,0,0,37,0,37,3,15,78,28,124,0,0,0,124
01/10/2019,MLU,LA,ASW,CE,Combined TRACON& Tower with Radar,4,17,27,39,87,0,0,24,5,29,4,17,51,44,116,0,0,0,116
01/11/2019,MLU,LA,ASW,CE,Combined TRACON& Tower with Radar,4,13,49,25,91,0,0,27,1,28,4,13,76,26,119,0,0,0,119
01/12/2019,MLU,LA,ASW,CE,Combined TRACON& Tower with Radar,4,9,7,29,49,0,0,7,1,8,4,9,14,30,57,0,0,0,57
01/13/2019,MLU,LA,ASW,CE,Combined TRACON& Tower with Radar,4,11,16,8,39,0,0,3,1,4,4,11,19,9,43,0,0,0,43
01/14/2019,MLU,LA,ASW,CE,Combined TRACON& Tower with Radar,4,16,33,58,111,0,0,12,0,12,4,16,45,58,123,0,0,0,123
01/15/2019,MLU,LA,ASW,CE,Combined TRACON& Tower with Radar,4,14,31,34,83,0,1,23,6,30,4,15,54,40,113,0,0,0,113
01/16/2019,MLU,LA,ASW,CE,Combined TRACON& Tower with Radar,4,15,42,42,103,0,0,29,1,30,4,15,71,43,133,0,0,0,133
01/17/2019,MLU,LA,ASW,CE,Combined TRACON& Tower with Radar,4,15,25,13,57,0,0,9,0,9,4,15,34,13,66,0,0,0,66
01/18/2019,MLU,LA,ASW,CE,Combined TRACON& Tower with Radar,4,18,31,13,66,0,0,4,0,4,4,18,35,13,70,0,0,0,70
01/19/2019,MLU,LA,ASW,CE,Combined TRACON& Tower with Radar,4,7,20,2,33,0,0,5,0,5,4,7,25,2,38,0,0,0,38
01/20/2019,MLU,LA,ASW,CE,Combined TRACON& Tower with Radar,4,11,14,0,29,0,0,23,0,23,4,11,37,0,52,0,0,0,52
01/21/2019,MLU,LA,ASW,CE,Combined TRACON& Tower with Radar,3,16,33,5,57,0,0,32,0,32,3,16,65,5,89,0,0,0,89
01/22/2019,MLU,LA,ASW,CE,Combined TRACON& Tower with Radar,4,16,25,11,56,0,0,6,0,6,4,16,31,11,62,0,0,0,62
01/23/2019,MLU,LA,ASW,CE,Combined TRACON& Tower with Radar,4,15,17,1,37,0,0,4,0,4,4,15,21,1,41,0,0,0,41
01/24/2019,MLU,LA,ASW,CE,Combined TRACON& Tower with Radar,3,15,21,44,83,0,0,43,13,56,3,15,64,57,139,0,0,0,139
01/25/2019,MLU,LA,ASW,CE,Combined TRACON& Tower with Radar,3,15,38,9,65,0,0,41,2,43,3,15,79,11,108,0,0,0,108
01/26/2019,MLU,LA,ASW,CE,Combined TRACON& Tower with Radar,4,10,17,37,68,0,0,19,0,19,4,10,36,37,87,0,0,0,87
01/27/2019,MLU,LA,ASW,CE,Combined TRACON& Tower with Radar,3,13,19,17,52,0,0,17,1,18,3,13,36,18,70,0,0,0,70
01/28/2019,MLU,LA,ASW,CE,Combined TRACON& Tower with Radar,3,13,17,17,50,0,1,15,3,19,3,14,32,20,69,0,0,0,69
01/29/2019,MLU,LA,ASW,CE,Combined TRACON& Tower with Radar,3,12,17,51,83,0,0,20,5,25,3,12,37,56,108,0,0,0,108
01/30/2019,MLU,LA,ASW,CE,Combined TRACON& Tower with Radar,4,14,25,38,81,0,0,39,5,44,4,14,64,43,125,0,0,0,125
01/31/2019,MLU,LA,ASW,CE,Combined TRACON& Tower with Radar,4,17,24,26,71,0,0,19,3,22,4,17,43,29,93,0,0,0,93
02/01/2019,MLU,LA,ASW,CE,Combined TRACON& Tower with Radar,3,14,27,14,58,0,1,13,1,15,3,15,40,15,73,0,0,0,73
02/02/2019,MLU,LA,ASW,CE,Combined TRACON& Tower with Radar,4,10,13,6,33,0,0,15,0,15,4,10,28,6,48,0,0,0,48
02/03/2019,MLU,LA,ASW,CE,Combined TRACON& Tower with Radar,4,7,7,5,23,0,0,6,0,6,4,7,13,5,29,0,0,0,29
02/04/2019,MLU,LA,ASW,CE,Combined TRACON& Tower with Radar,4,16,15,2,37,0,0,5,0,5,4,16,20,2,42,0,0,0,42
02/05/2019,MLU,LA,ASW,CE,Combined TRACON& Tower with Radar,4,14,14,4,36,0,1,6,0,7,4,15,20,4,43,0,0,0,43
02/06/2019,MLU,LA,ASW,CE,Combined TRACON& Tower with Radar,3,13,33,29,78,0,0,6,3,9,3,13,39,32,87,0,0,0,87
02/07/2019,MLU,LA,ASW,CE,Combined TRACON& Tower with Radar,3,14,8,0,25,0,0,2,4,6,3,14,10,4,31,0,0,0,31
02/08/2019,MLU,LA,ASW,CE,Combined TRACON& Tower with Radar,3,12,28,36,79,0,0,12,0,12,3,12,40,36,91,0,0,0,91
02/09/2019,MLU,LA,ASW,CE,Combined TRACON& Tower with Radar,3,7,6,2,18,0,0,6,0,6,3,7,12,2,24,0,0,0,24
02/10/2019,MLU,LA,ASW,CE,Combined TRACON& Tower with Radar,4,10,17,13,44,0,0,6,0,6,4,10,23,13,50,0,0,0,50
02/11/2019,MLU,LA,ASW,CE,Combined TRACON& Tower with Radar,3,19,24,55,101,0,0,7,0,7,3,19,31,55,108,0,0,0,108
02/12/2019,MLU,LA,ASW,CE,Combined TRACON& Tower with Radar,4,15,16,27,62,0,0,5,1,6,4,15,21,28,68,0,0,0,68
02/13/2019,MLU,LA,ASW,CE,Combined TRACON& Tower with Radar,4,22,30,20,76,0,0,30,1,31,4,22,60,21,107,0,0,0,107
02/14/2019,MLU,LA,ASW,CE,Combined TRACON& Tower with Radar,4,13,30,14,61,0,4,21,2,27,4,17,51,16,88,0,0,0,88
02/15/2019,MLU,LA,ASW,CE,Combined TRACON& Tower with Radar,4,16,47,47,114,0,0,9,0,9,4,16,56,47,123,0,0,0,123
02/16/2019,MLU,LA,ASW,CE,Combined TRACON& Tower with Radar,4,8,33,0,45,0,0,6,0,6,4,8,39,0,51,0,0,0,51
02/17/2019,MLU,LA,ASW,CE,Combined TRACON& Tower with Radar,4,11,7,0,22,0,0,1,0,1,4,11,8,0,23,0,0,0,23
02/18/2019,MLU,LA,ASW,CE,Combined TRACON& Tower with Radar,3,14,27,0,44,0,0,15,0,15,3,14,42,0,59,0,0,0,59
02/19/2019,MLU,LA,ASW,CE,Combined TRACON& Tower with Radar,4,15,6,0,25,0,0,0,0,0,4,15,6,0,25,0,0,0,25
02/20/2019,MLU,LA,ASW,CE,Combined TRACON& Tower with Radar,4,14,36,27,81,0,0,16,0,16,4,14,52,27,97,0,0,0,97
02/21/2019,MLU,LA,ASW,CE,Combined TRACON& Tower with Radar,4,14,15,0,33,0,0,0,0,0,4,14,15,0,33,0,0,0,33
02/22/2019,MLU,LA,ASW,CE,Combined TRACON& Tower with Radar,8,13,10,8,39,0,0,2,0,2,8,13,12,8,41,0,0,0,41
02/23/2019,MLU,LA,ASW,CE,Combined TRACON& Tower with Radar,4,9,2,11,26,0,0,5,0,5,4,9,7,11,31,0,0,0,31
02/24/2019,MLU,LA,ASW,CE,Combined TRACON& Tower with Radar,4,15,20,17,56,0,2,10,2,14,4,17,30,19,70,0,0,0,70
02/25/2019,MLU,LA,ASW,CE,Combined TRACON& Tower with Radar,4,12,32,18,66,0,0,17,1,18,4,12,49,19,84,0,0,0,84
02/26/2019,MLU,LA,ASW,CE,Combined TRACON& Tower with Radar,4,12,15,7,38,0,0,6,7,13,4,12,21,14,51,0,0,0,51
02/27/2019,MLU,LA,ASW,CE,Combined TRACON& Tower with Radar,4,19,26,5,54,0,0,8,1,9,4,19,34,6,63,0,0,0,63
02/28/2019,MLU,LA,ASW,CE,Combined TRACON& Tower with Radar,4,16,23,6,49,0,0,0,0,0,4,16,23,6,49,0,0,0,49
03/01/2019,MLU,LA,ASW,CE,Combined TRACON& Tower with Radar,4,14,21,28,67,0,0,2,0,2,4,14,23,28,69,0,0,0,69
03/02/2019,MLU,LA,ASW,CE,Combined TRACON& Tower with Radar,4,6,18,19,47,0,0,9,1,10,4,6,27,20,57,0,0,0,57
03/03/2019,MLU,LA,ASW,CE,Combined TRACON& Tower with Radar,4,11,3,0,18,0,0,0,0,0,4,11,3,0,18,0,0,0,18
03/04/2019,MLU,LA,ASW,CE,Combined TRACON& Tower with Radar,4,12,13,17,46,0,0,27,1,28,4,12,40,18,74,0,0,0,74
03/05/2019,MLU,LA,ASW,CE,Combined TRACON& Tower with Radar,4,19,26,10,59,0,1,41,5,47,4,20,67,15,106,0,0,0,106
03/06/2019,MLU,LA,ASW,CE,Combined TRACON& Tower with Radar,4,19,35,20,78,0,2,39,1,42,4,21,74,21,120,0,0,0,120
03/07/2019,MLU,LA,ASW,CE,Combined TRACON& Tower with Radar,3,15,22,33,73,0,0,11,1,12,3,15,33,34,85,0,0,0,85
03/08/2019,MLU,LA,ASW,CE,Combined TRACON& Tower with Radar,4,15,11,2,32,0,0,5,0,5,4,15,16,2,37,0,0,0,37
03/09/2019,MLU,LA,ASW,CE,Combined TRACON& Tower with Radar,4,7,2,0,13,0,0,1,1,2,4,7,3,1,15,0,0,0,15
03/10/2019,MLU,LA,ASW,CE,Combined TRACON& Tower with Radar,3,14,15,6,38,0,1,13,0,14,3,15,28,6,52,0,0,0,52
03/11/2019,MLU,LA,ASW,CE,Combined TRACON& Tower with Radar,4,13,23,4,44,0,0,1,0,1,4,13,24,4,45,0,0,0,45
03/12/2019,MLU,LA,ASW,CE,Combined TRACON& Tower with Radar,4,12,41,4,61,0,0,15,3,18,4,12,56,7,79,0,0,0,79
03/13/2019,MLU,LA,ASW,CE,Combined TRACON& Tower with Radar,4,14,14,0,32,0,0,1,0,1,4,14,15,0,33,0,0,0,33
03/14/2019,MLU,LA,ASW,CE,Combined TRACON& Tower with Radar,3,13,21,6,43,0,2,12,2,16,3,15,33,8,59,0,0,0,59
03/15/2019,MLU,LA,ASW,CE,Combined TRACON& Tower with Radar,4,14,36,39,93,0,0,35,0,35,4,14,71,39,128,0,0,0,128
03/16/2019,MLU,LA,ASW,CE,Combined TRACON& Tower with Radar,4,8,7,9,28,0,0,16,1,17,4,8,23,10,45,0,0,0,45
03/17/2019,MLU,LA,ASW,CE,Combined TRACON& Tower with Radar,4,11,22,22,59,0,0,21,1,22,4,11,43,23,81,0,0,0,81
03/18/2019,MLU,LA,ASW,CE,Combined TRACON& Tower with Radar,4,13,30,64,111,0,1,29,1,31,4,14,59,65,142,0,0,0,142
03/19/2019,MLU,LA,ASW,CE,Combined TRACON& Tower with Radar,4,13,25,24,66,0,0,29,0,29,4,13,54,24,95,0,0,0,95
03/20/2019,MLU,LA,ASW,CE,Combined TRACON& Tower with Radar,4,16,31,29,80,0,0,36,2,38,4,16,67,31,118,0,0,0,118
03/21/2019,MLU,LA,ASW,CE,Combined TRACON& Tower with Radar,4,18,28,20,70,0,0,37,3,40,4,18,65,23,110,0,0,0,110
03/22/2019,MLU,LA,ASW,CE,Combined TRACON& Tower with Radar,4,17,19,24,64,0,0,40,2,42,4,17,59,26,106,0,0,0,106
03/23/2019,MLU,LA,ASW,CE,Combined TRACON& Tower with Radar,4,8,19,19,50,0,0,18,2,20,4,8,37,21,70,0,0,0,70
03/24/2019,MLU,LA,ASW,CE,Combined TRACON& Tower with Radar,4,16,34,0,54,0,0,5,0,5,4,16,39,0,59,0,0,0,59
03/25/2019,MLU,LA,ASW,CE,Combined TRACON& Tower with Radar,4,12,20,21,57,0,0,13,0,13,4,12,33,21,70,0,0,0,70
03/26/2019,MLU,LA,ASW,CE,Combined TRACON& Tower with Radar,4,16,20,37,77,0,2,26,10,38,4,18,46,47,115,0,0,0,115
03/27/2019,MLU,LA,ASW,CE,Combined TRACON& Tower with Radar,4,13,19,21,57,0,0,50,4,54,4,13,69,25,111,0,0,0,111
03/28/2019,MLU,LA,ASW,CE,Combined TRACON& Tower with Radar,4,21,32,48,105,0,0,46,2,48,4,21,78,50,153,0,0,0,153
03/29/2019,MLU,LA,ASW,CE,Combined TRACON& Tower with Radar,4,17,16,15,52,0,4,19,2,25,4,21,35,17,77,0,0,0,77
03/30/2019,MLU,LA,ASW,CE,Combined TRACON& Tower with Radar,4,10,12,0,26,0,0,3,0,3,4,10,15,0,29,0,0,0,29
03/31/2019,MLU,LA,ASW,CE,Combined TRACON& Tower with Radar,4,8,18,28,58,0,0,18,3,21,4,8,36,31,79,0,0,0,79
04/01/2019,MLU,LA,ASW,CE,Combined TRACON& Tower with Radar,4,16,32,24,76,0,0,30,5,35,4,16,62,29,111,0,0,0,111
04/02/2019,MLU,LA,ASW,CE,Combined TRACON& Tower with Radar,4,14,56,31,105,0,0,55,4,59,4,14,111,35,164,0,0,0,164
04/03/2019,MLU,LA,ASW,CE,Combined TRACON& Tower with Radar,4,20,31,23,78,0,1,40,8,49,4,21,71,31,127,0,0,0,127
04/04/2019,MLU,LA,ASW,CE,Combined TRACON& Tower with Radar,4,16,5,0,25,0,0,0,0,0,4,16,5,0,25,0,0,0,25
04/05/2019,MLU,LA,ASW,CE,Combined TRACON& Tower with Radar,4,27,29,11,71,0,0,7,0,7,4,27,36,11,78,0,0,0,78
04/06/2019,MLU,LA,ASW,CE,Combined TRACON& Tower with Radar,4,5,3,0,12,0,0,0,0,0,4,5,3,0,12,0,0,0,12
04/07/2019,MLU,LA,ASW,CE,Combined TRACON& Tower with Radar,3,8,3,4,18,0,0,1,0,1,3,8,4,4,19,0,0,0,19
04/08/2019,MLU,LA,ASW,CE,Combined TRACON& Tower with Radar,4,16,20,1,41,0,0,1,0,1,4,16,21,1,42,0,0,0,42
04/09/2019,MLU,LA,ASW,CE,Combined TRACON& Tower with Radar,4,17,34,45,100,0,0,41,5,46,4,17,75,50,146,0,0,0,146
04/10/2019,MLU,LA,ASW,CE,Combined TRACON& Tower with Radar,4,16,26,33,79,0,2,35,3,40,4,18,61,36,119,0,0,0,119
04/11/2019,MLU,LA,ASW,CE,Combined TRACON& Tower with Radar,4,23,20,37,84,0,0,18,4,22,4,23,38,41,106,0,0,0,106
04/12/2019,MLU,LA,ASW,CE,Combined TRACON& Tower with Radar,4,21,33,6,64,0,0,23,0,23,4,21,56,6,87,0,0,0,87
04/13/2019,MLU,LA,ASW,CE,Combined TRACON& Tower with Radar,2,8,2,0,12,0,0,0,0,0,2,8,2,0,12,0,0,0,12
04/14/2019,MLU,LA,ASW,CE,Combined TRACON& Tower with Radar,4,16,17,5,42,0,0,6,0,6,4,16,23,5,48,0,0,0,48
04/15/2019,MLU,LA,ASW,CE,Combined TRACON& Tower with Radar,4,18,22,4,48,0,0,23,1,24,4,18,45,5,72,0,0,0,72
04/16/2019,MLU,LA,ASW,CE,Combined TRACON& Tower with Radar,4,15,34,34,87,0,0,35,1,36,4,15,69,35,123,0,0,0,123
04/17/2019,MLU,LA,ASW,CE,Combined TRACON& Tower with Radar,4,13,26,6,49,0,0,9,0,9,4,13,35,6,58,0,0,0,58
04/18/2019,MLU,LA,ASW,CE,Combined TRACON& Tower with Radar,4,16,9,0,29,0,0,0,0,0,4,16,9,0,29,0,0,0,29
04/19/2019,MLU,LA,ASW,CE,Combined TRACON& Tower with Radar,4,19,32,10,65,0,0,19,2,21,4,19,51,12,86,0,0,0,86
04/20/2019,MLU,LA,ASW,CE,Combined TRACON& Tower with Radar,4,5,15,8,32,0,0,29,0,29,4,5,44,8,61,0,0,0,61
04/21/2019,MLU,LA,ASW,CE,Combined TRACON& Tower with Radar,4,14,12,7,37,0,0,18,2,20,4,14,30,9,57,0,0,0,57
04/22/2019,MLU,LA,ASW,CE,Combined TRACON& Tower with Radar,4,19,31,19,73,0,0,11,0,11,4,19,42,19,84,0,0,0,84
04/23/2019,MLU,LA,ASW,CE,Combined TRACON& Tower with Radar,4,17,37,26,84,0,1,28,2,31,4,18,65,28,115,0,0,0,115
04/24/2019,MLU,LA,ASW,CE,Combined TRACON& Tower with Radar,4,16,26,0,46,0,0,12,4,16,4,16,38,4,62,0,0,0,62
04/25/2019,MLU,LA,ASW,CE,Combined TRACON& Tower with Radar,4,23,15,21,63,0,0,8,0,8,4,23,23,21,71,0,0,0,71
04/26/2019,MLU,LA,ASW,CE,Combined TRACON& Tower with Radar,4,17,25,41,87,0,0,42,1,43,4,17,67,42,130,0,0,0,130
04/27/2019,MLU,LA,ASW,CE,Combined TRACON& Tower with Radar,4,5,20,0,29,0,0,21,2,23,4,5,41,2,52,0,0,0,52
04/28/2019,MLU,LA,ASW,CE,Combined TRACON& Tower with Radar,4,12,16,13,45,0,0,15,0,15,4,12,31,13,60,0,0,0,60
04/29/2019,MLU,LA,ASW,CE,Combined TRACON& Tower with Radar,4,16,21,54,95,0,2,10,0,12,4,18,31,54,107,0,0,0,107
04/30/2019,MLU,LA,ASW,CE,Combined TRACON& Tower with Radar,4,20,24,11,59,0,0,20,7,27,4,20,44,18,86,0,0,0,86
05/01/2019,MLU,LA,ASW,CE,Combined TRACON& Tower with Radar,3,15,28,17,63,0,0,10,1,11,3,15,38,18,74,0,6,6,80
05/02/2019,MLU,LA,ASW,CE,Combined TRACON& Tower with Radar,2,18,20,1,41,0,0,13,0,13,2,18,33,1,54,4,0,4,58
05/03/2019,MLU,LA,ASW,CE,Combined TRACON& Tower with Radar,3,15,25,25,68,0,3,11,0,14,3,18,36,25,82,0,16,16,98
05/04/2019,MLU,LA,ASW,CE,Combined TRACON& Tower with Radar,6,6,9,0,21,0,0,1,0,1,6,6,10,0,22,0,0,0,22
05/05/2019,MLU,LA,ASW,CE,Combined TRACON& Tower with Radar,4,14,27,0,45,0,0,9,2,11,4,14,36,2,56,0,0,0,56
05/06/2019,MLU,LA,ASW,CE,Combined TRACON& Tower with Radar,4,17,34,44,99,0,0,37,4,41,4,17,71,48,140,40,12,52,192
05/07/2019,MLU,LA,ASW,CE,Combined TRACON& Tower with Radar,2,18,22,37,79,0,0,12,4,16,2,18,34,41,95,52,12,64,159
05/08/2019,MLU,LA,ASW,CE,Combined TRACON& Tower with Radar,1,10,14,5,30,0,0,0,1,1,1,10,14,6,31,0,0,0,31
05/09/2019,MLU,LA,ASW,CE,Combined TRACON& Tower with Radar,3,15,21,22,61,0,0,4,1,5,3,15,25,23,66,0,0,0,66
05/10/2019,MLU,LA,ASW,CE,Combined TRACON& Tower with Radar,4,18,12,0,34,0,0,0,0,0,4,18,12,0,34,0,0,0,34
05/11/2019,MLU,LA,ASW,CE,Combined TRACON& Tower with Radar,4,9,7,0,20,0,0,0,0,0,4,9,7,0,20,0,0,0,20
05/12/2019,MLU,LA,ASW,CE,Combined TRACON& Tower with Radar,4,13,11,13,41,0,0,10,0,10,4,13,21,13,51,14,0,14,65
05/13/2019,MLU,LA,ASW,CE,Combined TRACON& Tower with Radar,4,19,31,54,108,0,0,19,0,19,4,19,50,54,127,0,18,18,145
05/14/2019,MLU,LA,ASW,CE,Combined TRACON& Tower with Radar,2,17,17,37,73,0,0,33,6,39,2,17,50,43,112,78,4,82,194
05/15/2019,MLU,LA,ASW,CE,Combined TRACON& Tower with Radar,4,18,35,30,87,0,2,30,1,33,4,20,65,31,120,0,0,0,120
05/16/2019,MLU,LA,ASW,CE,Combined TRACON& Tower with Radar,3,14,32,18,67,0,1,23,4,28,3,15,55,22,95,54,0,54,149
05/17/2019,MLU,LA,ASW,CE,Combined TRACON& Tower with Radar,4,17,31,20,72,0,0,40,0,40,4,17,71,20,112,6,8,14,126
05/18/2019,MLU,LA,ASW,CE,Combined TRACON& Tower with Radar,4,6,14,0,24,0,0,2,1,3,4,6,16,1,27,0,0,0,27
05/19/2019,MLU,LA,ASW,CE,Combined TRACON& Tower with Radar,3,13,23,0,39,0,0,3,0,3,3,13,26,0,42,0,0,0,42
05/20/2019,MLU,LA,ASW,CE,Combined TRACON& Tower with Radar,3,13,26,18,60,0,1,10,0,11,3,14,36,18,71,0,0,0,71
05/21/2019,MLU,LA,ASW,CE,Combined TRACON& Tower with Radar,2,20,25,4,51,0,0,3,3,6,2,20,28,7,57,0,0,0,57
05/22/2019,MLU,LA,ASW,CE,Combined TRACON& Tower with Radar,4,22,24,30,80,0,0,5,1,6,4,22,29,31,86,0,8,8,94
05/23/2019,MLU,LA,ASW,CE,Combined TRACON& Tower with Radar,6,17,31,16,70,0,0,25,2,27,6,17,56,18,97,34,0,34,131
05/24/2019,MLU,LA,ASW,CE,Combined TRACON& Tower with Radar,4,20,23,0,47,0,0,20,3,23,4,20,43,3,70,58,0,58,128
05/25/2019,MLU,LA,ASW,CE,Combined TRACON& Tower with Radar,6,5,17,0,28,0,0,27,0,27,6,5,44,0,55,16,0,16,71
05/26/2019,MLU,LA,ASW,CE,Combined TRACON& Tower with Radar,4,7,13,0,24,0,0,16,0,16,4,7,29,0,40,10,0,10,50
05/27/2019,MLU,LA,ASW,CE,Combined TRACON& Tower with Radar,4,13,22,0,39,0,1,18,0,19,4,14,40,0,58,0,0,0,58
05/28/2019,MLU,LA,ASW,CE,Combined TRACON& Tower with Radar,2,15,21,24,62,0,0,11,0,11,2,15,32,24,73,0,4,4,77
05/29/2019,MLU,LA,ASW,CE,Combined TRACON& Tower with Radar,2,18,35,48,103,0,0,28,4,32,2,18,63,52,135,34,10,44,179
05/30/2019,MLU,LA,ASW,CE,Combined TRACON& Tower with Radar,4,16,24,1,45,0,0,14,8,22,4,16,38,9,67,0,0,0,67
05/31/2019,MLU,LA,ASW,CE,Combined TRACON& Tower with Radar,4,15,33,41,93,0,0,32,4,36,4,15,65,45,129,16,0,16,145
06/01/2019,MLU,LA,ASW,CE,Combined TRACON& Tower with Radar,3,4,11,16,34,0,0,15,5,20,3,4,26,21,54,58,4,62,116
06/02/2019,MLU,LA,ASW,CE,Combined TRACON& Tower with Radar,4,10,13,0,27,0,0,13,0,13,4,10,26,0,40,0,0,0,40
06/03/2019,MLU,LA,ASW,CE,Combined TRACON& Tower with Radar,4,17,31,57,109,0,1,15,3,19,4,18,46,60,128,0,10,10,138
06/04/2019,MLU,LA,ASW,CE,Combined TRACON& Tower with Radar,2,18,31,6,57,0,0,8,2,10,2,18,39,8,67,4,0,4,71
06/05/2019,MLU,LA,ASW,CE,Combined TRACON& Tower with Radar,3,15,23,5,46,0,1,1,0,2,3,16,24,5,48,0,8,8,56
06/06/2019,MLU,LA,ASW,CE,Combined TRACON& Tower with Radar,3,16,21,38,78,0,0,15,0,15,3,16,36,38,93,0,14,14,107
06/07/2019,MLU,LA,ASW,CE,Combined TRACON& Tower with Radar,4,17,24,70,115,0,0,13,0,13,4,17,37,70,128,0,20,20,148
06/08/2019,MLU,LA,ASW,CE,Combined TRACON& Tower with Radar,4,23,15,10,52,0,0,14,0,14,4,23,29,10,66,24,0,24,90
06/09/2019,MLU,LA,ASW,CE,Combined TRACON& Tower with Radar,1,11,38,27,77,0,0,25,0,25,1,11,63,27,102,0,20,20,122
06/10/2019,MLU,LA,ASW,CE,Combined TRACON& Tower with Radar,4,16,25,37,82,0,0,14,3,17,4,16,39,40,99,50,0,50,149
06/11/2019,MLU,LA,ASW,CE,Combined TRACON& Tower with Radar,1,17,25,23,66,0,0,24,4,28,1,17,49,27,94,44,6,50,144
06/12/2019,MLU,LA,ASW,CE,Combined TRACON& Tower with Radar,4,18,31,39,92,0,1,40,0,41,4,19,71,39,133,22,0,22,155
06/13/2019,MLU,LA,ASW,CE,Combined TRACON& Tower with Radar,4,15,24,0,43,0,0,26,2,28,4,15,50,2,71,58,0,58,129
06/14/2019,MLU,LA,ASW,CE,Combined TRACON& Tower with Radar,4,17,36,31,88,0,2,26,1,29,4,19,62,32,117,0,0,0,117
06/15/2019,MLU,LA,ASW,CE,Combined TRACON& Tower with Radar,4,11,7,4,26,0,0,8,0,8,4,11,15,4,34,0,0,0,34
06/16/2019,MLU,LA,ASW,CE,Combined TRACON& Tower with Radar,4,12,12,0,28,0,0,4,0,4,4,12,16,0,32,0,0,0,32
06/17/2019,MLU,LA,ASW,CE,Combined TRACON& Tower with Radar,4,21,20,11,56,0,0,9,0,9,4,21,29,11,65,0,8,8,73
06/18/2019,MLU,LA,ASW,CE,Combined TRACON& Tower with Radar,1,16,30,53,100,0,0,19,0,19,1,16,49,53,119,44,26,70,189
06/19/2019,MLU,LA,ASW,CE,Combined TRACON& Tower with Radar,4,15,20,21,60,0,0,17,5,22,4,15,37,26,82,20,2,22,104
06/20/2019,MLU,LA,ASW,CE,Combined TRACON& Tower with Radar,4,22,31,22,79,0,0,25,0,25,4,22,56,22,104,56,10,66,170
06/21/2019,MLU,LA,ASW,CE,Combined TRACON& Tower with Radar,4,15,14,46,79,0,1,12,1,14,4,16,26,47,93,0,6,6,99
06/22/2019,MLU,LA,ASW,CE,Combined TRACON& Tower with Radar,4,7,19,4,34,0,0,15,3,18,4,7,34,7,52,0,0,0,52
06/23/2019,MLU,LA,ASW,CE,Combined TRACON& Tower with Radar,4,13,18,10,45,0,0,10,0,10,4,13,28,10,55,0,0,0,55
06/24/2019,MLU,LA,ASW,CE,Combined TRACON& Tower with Radar,4,17,24,38,83,0,0,10,2,12,4,17,34,40,95,14,10,24,119
06/25/2019,MLU,LA,ASW,CE,Combined TRACON& Tower with Radar,2,16,19,27,64,0,0,9,6,15,2,16,28,33,79,10,24,34,113
06/26/2019,MLU,LA,ASW,CE,Combined TRACON& Tower with Radar,4,19,32,10,65,0,0,18,5,23,4,19,50,15,88,38,10,48,136
06/27/2019,MLU,LA,ASW,CE,Combined TRACON& Tower with Radar,4,16,31,34,85,0,1,25,2,28,4,17,56,36,113,42,2,44,157
06/28/2019,MLU,LA,ASW,CE,Combined TRACON& Tower with Radar,4,14,23,20,61,0,0,23,0,23,4,14,46,20,84,8,32,40,124
06/29/2019,MLU,LA,ASW,CE,Combined TRACON& Tower with Radar,4,9,15,6,34,0,1,11,0,12,4,10,26,6,46,2,4,6,52
06/30/2019,MLU,LA,ASW,CE,Combined TRACON& Tower with Radar,4,10,12,0,26,0,0,8,0,8,4,10,20,0,34,0,0,0,34
07/01/2019,MLU,LA,ASW,CE,Combined TRACON& Tower with Radar,4,17,13,8,42,0,1,23,4,28,4,18,36,12,70,24,0,24,94
07/02/2019,MLU,LA,ASW,CE,Combined TRACON& Tower with Radar,2,18,30,6,56,0,1,16,0,17,2,19,46,6,73,44,0,44,117
07/03/2019,MLU,LA,ASW,CE,Combined TRACON& Tower with Radar,4,16,21,30,71,0,0,13,0,13,4,16,34,30,84,0,0,0,84
07/04/2019,MLU,LA,ASW,CE,Combined TRACON& Tower with Radar,3,8,7,0,18,0,0,9,0,9,3,8,16,0,27,0,0,0,27
07/05/2019,MLU,LA,ASW,CE,Combined TRACON& Tower with Radar,2,10,21,0,33,0,0,20,0,20,2,10,41,0,53,2,0,2,55
07/06/2019,MLU,LA,ASW,CE,Combined TRACON& Tower with Radar,3,8,12,0,23,0,1,30,0,31,3,9,42,0,54,12,0,12,66
07/07/2019,MLU,LA,ASW,CE,Combined TRACON& Tower with Radar,2,12,16,0,30,0,0,5,0,5,2,12,21,0,35,0,0,0,35
07/08/2019,MLU,LA,ASW,CE,Combined TRACON& Tower with Radar,2,14,34,16,66,0,2,21,0,23,2,16,55,16,89,4,2,6,95
07/09/2019,MLU,LA,ASW,CE,Combined TRACON& Tower with Radar,2,19,20,28,69,0,0,18,5,23,2,19,38,33,92,20,0,20,112
07/10/2019,MLU,LA,ASW,CE,Combined TRACON& Tower with Radar,2,16,25,35,78,0,0,22,0,22,2,16,47,35,100,76,16,92,192
07/11/2019,MLU,LA,ASW,CE,Combined TRACON& Tower with Radar,2,16,22,34,74,0,0,8,1,9,2,16,30,35,83,0,0,0,83
07/12/2019,MLU,LA,ASW,CE,Combined TRACON& Tower with Radar,2,22,20,0,44,0,0,4,0,4,2,22,24,0,48,6,0,6,54
07/13/2019,MLU,LA,ASW,CE,Combined TRACON& Tower with Radar,0,10,8,0,18,0,0,0,0,0,0,10,8,0,18,0,0,0,18
07/14/2019,MLU,LA,ASW,CE,Combined TRACON& Tower with Radar,2,12,2,0,16,0,0,0,0,0,2,12,2,0,16,0,0,0,16
07/15/2019,MLU,LA,ASW,CE,Combined TRACON& Tower with Radar,2,18,9,0,29,0,0,1,0,1,2,18,10,0,30,0,0,0,30
07/16/2019,MLU,LA,ASW,CE,Combined TRACON& Tower with Radar,2,18,22,2,44,0,2,13,2,17,2,20,35,4,61,32,0,32,93
07/17/2019,MLU,LA,ASW,CE,Combined TRACON& Tower with Radar,2,15,23,1,41,0,0,13,3,16,2,15,36,4,57,0,2,2,59
07/18/2019,MLU,LA,ASW,CE,Combined TRACON& Tower with Radar,2,16,17,45,80,0,1,31,2,34,2,17,48,47,114,10,12,22,136
07/19/2019,MLU,LA,ASW,CE,Combined TRACON& Tower with Radar,2,17,40,23,82,0,0,22,1,23,2,17,62,24,105,40,10,50,155
07/20/2019,MLU,LA,ASW,CE,Combined TRACON& Tower with Radar,0,11,17,16,44,0,1,26,0,27,0,12,43,16,71,16,0,16,87
07/21/2019,MLU,LA,ASW,CE,Combined TRACON& Tower with Radar,2,13,6,2,23,0,0,21,0,21,2,13,27,2,44,0,0,0,44
07/22/2019,MLU,LA,ASW,CE,Combined TRACON& Tower with Radar,2,17,13,15,47,0,0,2,0,2,2,17,15,15,49,0,0,0,49
07/23/2019,MLU,LA,ASW,CE,Combined TRACON& Tower with Radar,2,19,26,30,77,0,0,13,2,15,2,19,39,32,92,30,18,48,140
07/24/2019,MLU,LA,ASW,CE,Combined TRACON& Tower with Radar,2,18,30,41,91,0,2,36,1,39,2,20,66,42,130,28,6,34,164
07/25/2019,MLU,LA,ASW,CE,Combined TRACON& Tower with Radar,2,18,30,60,110,0,0,37,7,44,2,18,67,67,154,74,10,84,238
07/26/2019,MLU,LA,ASW,CE,Combined TRACON& Tower with Radar,2,15,28,25,70,0,0,17,1,18,2,15,45,26,88,8,0,8,96
07/27/2019,MLU,LA,ASW,CE,Combined TRACON& Tower with Radar,0,10,18,29,57,0,0,22,1,23,0,10,40,30,80,22,2,24,104
07/28/2019,MLU,LA,ASW,CE,Combined TRACON& Tower with Radar,2,12,14,18,46,0,0,6,2,8,2,12,20,20,54,6,8,14,68
07/29/2019,MLU,LA,ASW,CE,Combined TRACON& Tower with Radar,2,20,15,28,65,0,0,7,2,9,2,20,22,30,74,0,20,20,94
07/30/2019,MLU,LA,ASW,CE,Combined TRACON& Tower with Radar,2,17,26,2,47,0,0,10,2,12,2,17,36,4,59,6,0,6,65
07/31/2019,MLU,LA,ASW,CE,Combined TRACON& Tower with Radar,2,16,19,6,43,0,0,13,0,13,2,16,32,6,56,26,0,26,82
08/01/2019,MLU,LA,ASW,CE,Combined TRACON& Tower with Radar,2,18,30,23,73,0,0,24,0,24,2,18,54,23,97,28,0,28,125
08/02/2019,MLU,LA,ASW,CE,Combined TRACON& Tower with Radar,0,23,31,77,131,0,0,31,4,35,0,23,62,81,166,2,28,30,196
08/03/2019,MLU,LA,ASW,CE,Combined TRACON& Tower with Radar,0,11,10,33,54,0,0,24,5,29,0,11,34,38,83,60,0,60,143
08/04/2019,MLU,LA,ASW,CE,Combined TRACON& Tower with Radar,2,15,14,4,35,0,0,14,0,14,2,15,28,4,49,0,0,0,49
08/05/2019,MLU,LA,ASW,CE,Combined TRACON& Tower with Radar,2,16,17,24,59,0,0,14,0,14,2,16,31,24,73,52,6,58,131
08/06/2019,MLU,LA,ASW,CE,Combined TRACON& Tower with Radar,2,17,14,19,52,0,0,18,2,20,2,17,32,21,72,6,10,16,88
08/07/2019,MLU,LA,ASW,CE,Combined TRACON& Tower with Radar,2,20,34,41,97,0,0,19,4,23,2,20,53,45,120,28,12,40,160
08/08/2019,MLU,LA,ASW,CE,Combined TRACON& Tower with Radar,2,17,19,30,68,0,0,19,2,21,2,17,38,32,89,36,78,114,203
08/09/2019,MLU,LA,ASW,CE,Combined TRACON& Tower with Radar,2,18,21,8,49,0,0,21,0,21,2,18,42,8,70,42,0,42,112
08/10/2019,MLU,LA,ASW,CE,Combined TRACON& Tower with Radar,0,10,3,4,17,0,0,6,3,9,0,10,9,7,26,40,16,56,82
08/11/2019,MLU,LA,ASW,CE,Combined TRACON& Tower with Radar,2,13,6,0,21,0,0,16,0,16,2,13,22,0,37,22,0,22,59
08/12/2019,MLU,LA,ASW,CE,Combined TRACON& Tower with Radar,2,19,29,21,71,0,0,16,0,16,2,19,45,21,87,16,8,24,111
08/13/2019,MLU,LA,ASW,CE,Combined TRACON& Tower with Radar,2,19,34,61,116,0,2,27,6,35,2,21,61,67,151,46,22,68,219
08/14/2019,MLU,LA,ASW,CE,Combined TRACON& Tower with Radar,2,18,23,0,43,0,1,12,0,13,2,19,35,0,56,36,2,38,94
08/15/2019,MLU,LA,ASW,CE,Combined TRACON& Tower with Radar,2,16,27,1,46,0,0,30,2,32,2,16,57,3,78,88,0,88,166
08/16/2019,MLU,LA,ASW,CE,Combined TRACON& Tower with Radar,2,19,21,25,67,0,0,15,3,18,2,19,36,28,85,0,4,4,89
08/17/2019,MLU,LA,ASW,CE,Combined TRACON& Tower with Radar,0,10,9,6,25,0,0,13,2,15,0,10,22,8,40,32,0,32,72
08/18/2019,MLU,LA,ASW,CE,Combined TRACON& Tower with Radar,2,14,20,3,39,0,0,14,1,15,2,14,34,4,54,10,0,10,64
08/19/2019,MLU,LA,ASW,CE,Combined TRACON& Tower with Radar,2,23,42,11,78,0,0,40,3,43,2,23,82,14,121,42,2,44,165
08/20/2019,MLU,LA,ASW,CE,Combined TRACON& Tower with Radar,0,21,22,32,75,0,0,14,8,22,0,21,36,40,97,0,0,0,97
08/21/2019,MLU,LA,ASW,CE,Combined TRACON& Tower with Radar,2,19,37,42,100,0,0,24,3,27,2,19,61,45,127,0,16,16,143
08/22/2019,MLU,LA,ASW,CE,Combined TRACON& Tower with Radar,4,16,29,0,49,0,0,10,0,10,4,16,39,0,59,0,0,0,59
08/23/2019,MLU,LA,ASW,CE,Combined TRACON& Tower with Radar,2,16,15,32,65,0,0,11,2,13,2,16,26,34,78,10,4,14,92
08/24/2019,MLU,LA,ASW,CE,Combined TRACON& Tower with Radar,0,18,9,6,33,0,0,5,2,7,0,18,14,8,40,0,4,4,44
08/25/2019,MLU,LA,ASW,CE,Combined TRACON& Tower with Radar,2,16,15,16,49,0,1,5,2,8,2,17,20,18,57,0,4,4,61
08/26/2019,MLU,LA,ASW,CE,Combined TRACON& Tower with Radar,2,16,30,42,90,0,0,10,0,10,2,16,40,42,100,12,56,68,168
08/27/2019,MLU,LA,ASW,CE,Combined TRACON& Tower with Radar,0,19,24,15,58,0,2,16,0,18,0,21,40,15,76,18,20,38,114
08/28/2019,MLU,LA,ASW,CE,Combined TRACON& Tower with Radar,2,17,25,4,48,0,0,12,1,13,2,17,37,5,61,28,0,28,89
08/29/2019,MLU,LA,ASW,CE,Combined TRACON& Tower with Radar,2,19,29,7,57,0,1,30,2,33,2,20,59,9,90,22,0,22,112
08/30/2019,MLU,LA,ASW,CE,Combined TRACON& Tower with Radar,2,21,34,0,57,0,0,23,0,23,2,21,57,0,80,56,0,56,136
08/31/2019,MLU,LA,ASW,CE,Combined TRACON& Tower with Radar,0,11,19,4,34,0,0,20,0,20,0,11,39,4,54,28,0,28,82
09/01/2019,MLU,LA,ASW,CE,Combined TRACON& Tower with Radar,2,8,7,0,17,0,0,9,0,9,2,8,16,0,26,0,0,0,26
09/02/2019,MLU,LA,ASW,CE,Combined TRACON& Tower with Radar,2,15,18,0,35,0,0,8,0,8,2,15,26,0,43,78,0,78,121
09/03/2019,MLU,LA,ASW,CE,Combined TRACON& Tower with Radar,0,16,22,51,89,0,0,18,3,21,0,16,40,54,110,28,22,50,160
09/04/2019,MLU,LA,ASW,CE,Combined TRACON& Tower with Radar,2,15,40,8,65,0,0,28,2,30,2,15,68,10,95,0,34,34,129
09/05/2019,MLU,LA,ASW,CE,Combined TRACON& Tower with Radar,2,15,34,22,73,0,2,38,4,44,2,17,72,26,117,22,10,32,149
09/06/2019,MLU,LA,ASW,CE,Combined TRACON& Tower with Radar,4,14,21,35,74,0,1,33,3,37,4,15,54,38,111,18,2,20,131
09/07/2019,MLU,LA,ASW,CE,Combined TRACON& Tower with Radar,4,14,10,3,31,0,2,8,0,10,4,16,18,3,41,12,0,12,53
09/08/2019,MLU,LA,ASW,CE,Combined TRACON& Tower with Radar,2,15,10,10,37,0,0,17,2,19,2,15,27,12,56,2,0,2,58
09/09/2019,MLU,LA,ASW,CE,Combined TRACON& Tower with Radar,2,16,23,16,57,0,0,20,3,23,2,16,43,19,80,26,6,32,112
09/10/2019,MLU,LA,ASW,CE,Combined TRACON& Tower with Radar,2,15,22,21,60,0,0,21,1,22,2,15,43,22,82,0,4,4,86
09/11/2019,MLU,LA,ASW,CE,Combined TRACON& Tower with Radar,2,14,24,65,105,0,0,18,7,25,2,14,42,72,130,20,18,38,168
09/12/2019,MLU,LA,ASW,CE,Combined TRACON& Tower with Radar,2,18,36,28,84,0,0,33,5,38,2,18,69,33,122,30,6,36,158
09/13/2019,MLU,LA,ASW,CE,Combined TRACON& Tower with Radar,4,17,43,14,78,0,1,37,1,39,4,18,80,15,117,18,8,26,143
09/14/2019,MLU,LA,ASW,CE,Combined TRACON& Tower with Radar,4,9,11,1,25,0,0,12,1,13,4,9,23,2,38,14,0,14,52
09/15/2019,MLU,LA,ASW,CE,Combined TRACON& Tower with Radar,2,21,23,29,75,0,1,17,1,19,2,22,40,30,94,12,10,22,116
09/16/2019,MLU,LA,ASW,CE,Combined TRACON& Tower with Radar,2,20,19,41,82,0,0,18,0,18,2,20,37,41,100,42,6,48,148
09/17/2019,MLU,LA,ASW,CE,Combined TRACON& Tower with Radar,2,13,35,49,99,0,0,15,7,22,2,13,50,56,121,4,4,8,129
09/18/2019,MLU,LA,ASW,CE,Combined TRACON& Tower with Radar,2,14,29,12,57,0,0,17,2,19,2,14,46,14,76,14,16,30,106
09/19/2019,MLU,LA,ASW,CE,Combined TRACON& Tower with Radar,2,16,34,13,65,0,0,21,0,21,2,16,55,13,86,0,4,4,90
09/20/2019,MLU,LA,ASW,CE,Combined TRACON& Tower with Radar,4,20,28,2,54,0,0,5,0,5,4,20,33,2,59,0,0,0,59
09/21/2019,MLU,LA,ASW,CE,Combined TRACON& Tower with Radar,6,7,10,2,25,0,0,16,2,18,6,7,26,4,43,12,0,12,55
09/22/2019,MLU,LA,ASW,CE,Combined TRACON& Tower with Radar,2,17,6,13,38,0,1,11,0,12,2,18,17,13,50,0,0,0,50
09/23/2019,MLU,LA,ASW,CE,Combined TRACON& Tower with Radar,2,21,27,45,95,0,2,22,3,27,2,23,49,48,122,16,6,22,144
09/24/2019,MLU,LA,ASW,CE,Combined TRACON& Tower with Radar,2,14,45,28,89,0,0,20,2,22,2,14,65,30,111,6,0,6,117
09/25/2019,MLU,LA,ASW,CE,Combined TRACON& Tower with Radar,2,17,43,57,119,0,1,39,6,46,2,18,82,63,165,20,12,32,197
09/26/2019,MLU,LA,ASW,CE,Combined TRACON& Tower with Radar,2,16,30,24,72,0,0,34,5,39,2,16,64,29,111,0,6,6,117
09/27/2019,MLU,LA,ASW,CE,Combined TRACON& Tower with Radar,2,17,37,25,81,0,0,14,5,19,2,17,51,30,100,10,6,16,116
09/28/2019,MLU,LA,ASW,CE,Combined TRACON& Tower with Radar,4,7,16,13,40,0,0,21,1,22,4,7,37,14,62,16,0,16,78
09/29/2019,MLU,LA,ASW,CE,Combined TRACON& Tower with Radar,2,16,23,1,42,0,0,19,1,20,2,16,42,2,62,8,16,24,86
09/30/2019,MLU,LA,ASW,CE,Combined TRACON& Tower with Radar,2,15,14,15,46,0,0,22,0,22,2,15,36,15,68,8,0,8,76
10/01/2019,MLU,LA,ASW,CE,Combined TRACON& Tower with Radar,2,13,24,13,52,0,2,22,0,24,2,15,46,13,76,26,0,26,102
10/02/2019,MLU,LA,ASW,CE,Combined TRACON& Tower with Radar,2,16,29,27,74,0,0,20,1,21,2,16,49,28,95,16,0,16,111
10/03/2019,MLU,LA,ASW,CE,Combined TRACON& Tower with Radar,2,18,19,32,71,0,1,12,5,18,2,19,31,37,89,22,0,22,111
10/04/2019,MLU,LA,ASW,CE,Combined TRACON& Tower with Radar,3,18,37,14,72,0,1,14,2,17,3,19,51,16,89,10,0,10,99
10/05/2019,MLU,LA,ASW,CE,Combined TRACON& Tower with Radar,3,8,19,0,30,0,0,18,1,19,3,8,37,1,49,12,0,12,61
10/06/2019,MLU,LA,ASW,CE,Combined TRACON& Tower with Radar,2,14,26,1,43,0,0,17,2,19,2,14,43,3,62,16,58,74,136
10/07/2019,MLU,LA,ASW,CE,Combined TRACON& Tower with Radar,2,16,23,8,49,0,0,0,0,0,2,16,23,8,49,6,0,6,55
10/08/2019,MLU,LA,ASW,CE,Combined TRACON& Tower with Radar,2,13,24,43,82,0,0,23,3,26,2,13,47,46,108,40,0,40,148
10/09/2019,MLU,LA,ASW,CE,Combined TRACON& Tower with Radar,4,14,39,37,94,0,0,27,4,31,4,14,66,41,125,12,8,20,145
10/10/2019,MLU,LA,ASW,CE,Combined TRACON& Tower with Radar,2,17,34,65,118,0,1,29,1,31,2,18,63,66,149,0,24,24,173
10/11/2019,MLU,LA,ASW,CE,Combined TRACON& Tower with Radar,3,15,12,0,30,0,0,1,0,1,3,15,13,0,31,0,0,0,31
10/12/2019,MLU,LA,ASW,CE,Combined TRACON& Tower with Radar,2,10,17,0,29,0,1,31,1,33,2,11,48,1,62,22,0,22,84
10/13/2019,MLU,LA,ASW,CE,Combined TRACON& Tower with Radar,2,17,12,0,31,0,0,12,0,12,2,17,24,0,43,22,0,22,65
10/14/2019,MLU,LA,ASW,CE,Combined TRACON& Tower with Radar,2,17,28,0,47,0,0,10,0,10,2,17,38,0,57,4,0,4,61
10/15/2019,MLU,LA,ASW,CE,Combined TRACON& Tower with Radar,2,18,15,0,35,0,0,0,0,0,2,18,15,0,35,0,0,0,35
10/16/2019,MLU,LA,ASW,CE,Combined TRACON& Tower with Radar,2,18,26,58,104,0,0,30,6,36,2,18,56,64,140,28,12,40,180
10/17/2019,MLU,LA,ASW,CE,Combined TRACON& Tower with Radar,2,16,25,24,67,0,0,42,3,45,2,16,67,27,112,0,6,6,118
10/18/2019,MLU,LA,ASW,CE,Combined TRACON& Tower with Radar,4,16,34,36,90,0,0,48,3,51,4,16,82,39,141,28,2,30,171
10/19/2019,MLU,LA,ASW,CE,Combined TRACON& Tower with Radar,2,9,10,5,26,0,0,25,2,27,2,9,35,7,53,32,0,32,85
10/20/2019,MLU,LA,ASW,CE,Combined TRACON& Tower with Radar,2,13,18,0,33,0,0,5,1,6,2,13,23,1,39,0,0,0,39
10/21/2019,MLU,LA,ASW,CE,Combined TRACON& Tower with Radar,2,17,15,6,40,0,0,4,0,4,2,17,19,6,44,2,18,20,64
10/22/2019,MLU,LA,ASW,CE,Combined TRACON& Tower with Radar,2,15,38,23,78,0,0,52,6,58,2,15,90,29,136,50,20,70,206
10/23/2019,MLU,LA,ASW,CE,Combined TRACON& Tower with Radar,2,15,18,20,55,0,3,33,5,41,2,18,51,25,96,8,0,8,104
10/24/2019,MLU,LA,ASW,CE,Combined TRACON& Tower with Radar,0,16,29,11,56,0,0,40,0,40,0,16,69,11,96,48,2,50,146
10/25/2019,MLU,LA,ASW,CE,Combined TRACON& Tower with Radar,0,10,8,0,18,0,0,0,0,0,0,10,8,0,18,0,0,0,18
10/26/2019,MLU,LA,ASW,CE,Combined TRACON& Tower with Radar,2,12,20,6,40,0,0,1,0,1,2,12,21,6,41,0,0,0,41
10/27/2019,MLU,LA,ASW,CE,Combined TRACON& Tower with Radar,2,13,24,4,43,0,0,6,0,6,2,13,30,4,49,0,0,0,49
10/28/2019,MLU,LA,ASW,CE,Combined TRACON& Tower with Radar,2,18,25,2,47,0,0,2,0,2,2,18,27,2,49,0,0,0,49
10/29/2019,MLU,LA,ASW,CE,Combined TRACON& Tower with Radar,2,12,24,2,40,0,1,22,0,23,2,13,46,2,63,32,0,32,95
10/30/2019,MLU,LA,ASW,CE,Combined TRACON& Tower with Radar,2,13,10,0,25,0,0,0,0,0,2,13,10,0,25,0,0,0,25
10/31/2019,MLU,LA,ASW,CE,Combined TRACON& Tower with Radar,0,15,16,53,84,0,0,20,9,29,0,15,36,62,113,0,6,6,119
11/01/2019,MLU,LA,ASW,CE,Combined TRACON& Tower with Radar,2,20,35,13,70,0,0,50,7,57,2,20,85,20,127,0,0,0,127
11/02/2019,MLU,LA,ASW,CE,Combined TRACON& Tower with Radar,2,8,31,0,41,0,0,39,0,39,2,8,70,0,80,0,0,0,80
11/03/2019,MLU,LA,ASW,CE,Combined TRACON& Tower with Radar,4,15,35,2,56,0,1,43,1,45,4,16,78,3,101,0,0,0,101
11/04/2019,MLU,LA,ASW,CE,Combined TRACON& Tower with Radar,5,16,39,40,100,0,0,34,7,41,5,16,73,47,141,0,0,0,141
11/05/2019,MLU,LA,ASW,CE,Combined TRACON& Tower with Radar,3,13,25,13,54,0,1,18,2,21,3,14,43,15,75,0,0,0,75
11/06/2019,MLU,LA,ASW,CE,Combined TRACON& Tower with Radar,3,12,22,12,49,0,0,15,3,18,3,12,37,15,67,0,0,0,67
11/07/2019,MLU,LA,ASW,CE,Combined TRACON& Tower with Radar,5,14,17,12,48,0,0,2,0,2,5,14,19,12,50,0,0,0,50
11/08/2019,MLU,LA,ASW,CE,Combined TRACON& Tower with Radar,6,13,26,27,72,0,0,22,0,22,6,13,48,27,94,0,0,0,94
11/09/2019,MLU,LA,ASW,CE,Combined TRACON& Tower with Radar,5,11,20,0,36,0,0,25,0,25,5,11,45,0,61,0,0,0,61
11/10/2019,MLU,LA,ASW,CE,Combined TRACON& Tower with Radar,5,13,16,0,34,0,0,31,0,31,5,13,47,0,65,0,0,0,65
11/11/2019,MLU,LA,ASW,CE,Combined TRACON& Tower with Radar,5,11,14,0,30,0,0,11,0,11,5,11,25,0,41,0,0,0,41
11/12/2019,MLU,LA,ASW,CE,Combined TRACON& Tower with Radar,5,14,27,7,53,0,0,21,6,27,5,14,48,13,80,0,0,0,80
11/13/2019,MLU,LA,ASW,CE,Combined TRACON& Tower with Radar,4,19,23,5,51,0,0,20,3,23,4,19,43,8,74,0,0,0,74
11/14/2019,MLU,LA,ASW,CE,Combined TRACON& Tower with Radar,7,18,17,2,44,0,0,0,0,0,7,18,17,2,44,0,0,0,44
11/15/2019,MLU,LA,ASW,CE,Combined TRACON& Tower with Radar,7,16,28,10,61,0,0,32,3,35,7,16,60,13,96,0,0,0,96
11/16/2019,MLU,LA,ASW,CE,Combined TRACON& Tower with Radar,5,8,18,10,41,0,0,25,0,25,5,8,43,10,66,0,0,0,66
11/17/2019,MLU,LA,ASW,CE,Combined TRACON& Tower with Radar,5,13,10,10,38,0,0,17,0,17,5,13,27,10,55,0,0,0,55
11/18/2019,MLU,LA,ASW,CE,Combined TRACON& Tower with Radar,5,12,17,73,107,0,1,15,3,19,5,13,32,76,126,0,0,0,126
11/19/2019,MLU,LA,ASW,CE,Combined TRACON& Tower with Radar,3,13,25,14,55,0,0,19,2,21,3,13,44,16,76,0,0,0,76
11/20/2019,MLU,LA,ASW,CE,Combined TRACON& Tower with Radar,3,14,35,31,83,0,0,27,0,27,3,14,62,31,110,0,0,0,110
11/21/2019,MLU,LA,ASW,CE,Combined TRACON& Tower with Radar,4,14,37,21,76,0,0,16,0,16,4,14,53,21,92,0,0,0,92
11/22/2019,MLU,LA,ASW,CE,Combined TRACON& Tower with Radar,6,15,20,1,42,0,0,0,0,0,6,15,20,1,42,0,0,0,42
11/23/2019,MLU,LA,ASW,CE,Combined TRACON& Tower with Radar,6,7,15,31,59,0,0,14,1,15,6,7,29,32,74,0,0,0,74
11/24/2019,MLU,LA,ASW,CE,Combined TRACON& Tower with Radar,4,8,22,8,42,0,0,24,1,25,4,8,46,9,67,0,0,0,67
11/25/2019,MLU,LA,ASW,CE,Combined TRACON& Tower with Radar,4,18,24,21,67,0,0,15,0,15,4,18,39,21,82,0,0,0,82
11/26/2019,MLU,LA,ASW,CE,Combined TRACON& Tower with Radar,4,17,11,11,43,0,0,1,0,1,4,17,12,11,44,0,0,0,44
11/27/2019,MLU,LA,ASW,CE,Combined TRACON& Tower with Radar,4,13,16,44,77,0,1,26,0,27,4,14,42,44,104,0,0,0,104
11/28/2019,MLU,LA,ASW,CE,Combined TRACON& Tower with Radar,1,9,1,0,11,0,2,2,0,4,1,11,3,0,15,0,0,0,15
11/29/2019,MLU,LA,ASW,CE,Combined TRACON& Tower with Radar,5,10,12,0,27,0,0,9,0,9,5,10,21,0,36,0,0,0,36
11/30/2019,MLU,LA,ASW,CE,Combined TRACON& Tower with Radar,4,10,9,0,23,0,0,0,0,0,4,10,9,0,23,0,0,0,23
12/01/2019,MLU,LA,ASW,CE,Combined TRACON& Tower with Radar,2,17,9,0,28,0,0,8,0,8,2,17,17,0,36,0,0,0,36
12/02/2019,MLU,LA,ASW,CE,Combined TRACON& Tower with Radar,4,13,25,63,105,0,1,22,1,24,4,14,47,64,129,6,30,36,165
12/03/2019,MLU,LA,ASW,CE,Combined TRACON& Tower with Radar,4,13,39,27,83,0,1,31,6,38,4,14,70,33,121,48,14,62,183
12/04/2019,MLU,LA,ASW,CE,Combined TRACON& Tower with Radar,3,14,15,29,61,0,2,18,0,20,3,16,33,29,81,78,9,87,168
12/05/2019,MLU,LA,ASW,CE,Combined TRACON& Tower with Radar,5,13,16,6,40,0,0,15,1,16,5,13,31,7,56,0,0,0,56
12/06/2019,MLU,LA,ASW,CE,Combined TRACON& Tower with Radar,5,15,16,0,36,0,2,16,2,20,5,17,32,2,56,2,0,2,58
12/07/2019,MLU,LA,ASW,CE,Combined TRACON& Tower with Radar,3,9,8,3,23,0,0,4,0,4,3,9,12,3,27,0,0,0,27
12/08/2019,MLU,LA,ASW,CE,Combined TRACON& Tower with Radar,3,10,10,6,29,0,0,4,0,4,3,10,14,6,33,0,0,0,33
12/09/2019,MLU,LA,ASW,CE,Combined TRACON& Tower with Radar,6,12,7,26,51,0,0,5,0,5,6,12,12,26,56,0,0,0,56
12/10/2019,MLU,LA,ASW,CE,Combined TRACON& Tower with Radar,1,12,5,0,18,0,0,0,0,0,1,12,5,0,18,0,0,0,18
12/11/2019,MLU,LA,ASW,CE,Combined TRACON& Tower with Radar,3,15,19,8,45,0,1,40,0,41,3,16,59,8,86,18,4,22,108
12/12/2019,MLU,LA,ASW,CE,Combined TRACON& Tower with Radar,5,16,25,43,89,0,0,54,6,60,5,16,79,49,149,38,2,40,189
12/13/2019,MLU,LA,ASW,CE,Combined TRACON& Tower with Radar,5,11,26,24,66,0,0,13,0,13,5,11,39,24,79,22,0,22,101
12/14/2019,MLU,LA,ASW,CE,Combined TRACON& Tower with Radar,3,14,21,0,38,0,0,18,0,18,3,14,39,0,56,10,0,10,66
12/15/2019,MLU,LA,ASW,CE,Combined TRACON& Tower with Radar,3,14,19,0,36,0,0,9,0,9,3,14,28,0,45,0,0,0,45
12/16/2019,MLU,LA,ASW,CE,Combined TRACON& Tower with Radar,5,11,14,1,31,0,0,2,0,2,5,11,16,1,33,0,0,0,33
12/17/2019,MLU,LA,ASW,CE,Combined TRACON& Tower with Radar,5,14,34,4,57,0,0,27,7,34,5,14,61,11,91,44,0,44,135
12/18/2019,MLU,LA,ASW,CE,Combined TRACON& Tower with Radar,1,23,36,3,63,0,0,52,1,53,1,23,88,4,116,14,0,14,130
12/19/2019,MLU,LA,ASW,CE,Combined TRACON& Tower with Radar,0,20,31,8,59,0,0,34,11,45,0,20,65,19,104,26,0,26,130
12/20/2019,MLU,LA,ASW,CE,Combined TRACON& Tower with Radar,0,23,37,9,69,0,0,21,0,21,0,23,58,9,90,46,0,46,136
12/21/2019,MLU,LA,ASW,CE,Combined TRACON& Tower with Radar,1,17,11,0,29,0,0,12,0,12,1,17,23,0,41,8,0,8,49
12/22/2019,MLU,LA,ASW,CE,Combined TRACON& Tower with Radar,3,28,9,1,41,0,0,0,0,0,3,28,9,1,41,0,0,0,41
12/23/2019,MLU,LA,ASW,CE,Combined TRACON& Tower with Radar,0,24,14,0,38,0,0,16,0,16,0,24,30,0,54,0,0,0,54
12/24/2019,MLU,LA,ASW,CE,Combined TRACON& Tower with Radar,0,17,8,0,25,0,0,21,0,21,0,17,29,0,46,4,0,4,50
12/25/2019,MLU,LA,ASW,CE,Combined TRACON& Tower with Radar,0,12,3,0,15,0,0,5,0,5,0,12,8,0,20,6,0,6,26
12/26/2019,MLU,LA,ASW,CE,Combined TRACON& Tower with Radar,0,20,20,2,42,0,1,11,0,12,0,21,31,2,54,26,0,26,80
12/27/2019,MLU,LA,ASW,CE,Combined TRACON& Tower with Radar,0,22,25,0,47,0,0,1,0,1,0,22,26,0,48,12,0,12,60
12/28/2019,MLU,LA,ASW,CE,Combined TRACON& Tower with Radar,0,14,6,1,21,0,0,1,1,2,0,14,7,2,23,0,0,0,23
12/29/2019,MLU,LA,ASW,CE,Combined TRACON& Tower with Radar,2,17,11,0,30,0,0,2,0,2,2,17,13,0,32,0,0,0,32
12/30/2019,MLU,LA,ASW,CE,Combined TRACON& Tower with Radar,0,22,18,2,42,0,0,13,0,13,0,22,31,2,55,0,0,0,55
12/31/2019,MLU,LA,ASW,CE,Combined TRACON& Tower with Radar,0,16,14,0,30,0,0,32,2,34,0,16,46,2,64,50,0,50,114
01/01/2020,MLU,LA,ASW,CE,Combined TRACON& Tower with Radar,0,14,17,0,31,0,1,13,0,14,0,15,30,0,45,19,0,19,64
01/02/2020,MLU,LA,ASW,CE,Combined TRACON& Tower with Radar,0,26,26,0,52,0,0,0,0,0,0,26,26,0,52,12,0,12,64
01/03/2020,MLU,LA,ASW,CE,Combined TRACON& Tower with Radar,0,20,11,7,38,0,0,5,3,8,0,20,16,10,46,0,0,0,46
01/04/2020,MLU,LA,ASW,CE,Combined TRACON& Tower with Radar,0,14,13,0,27,0,0,31,0,31,0,14,44,0,58,20,0,20,78
01/05/2020,MLU,LA,ASW,CE,Combined TRACON& Tower with Radar,0,18,15,0,33,0,0,15,0,15,0,18,30,0,48,14,0,14,62
01/06/2020,MLU,LA,ASW,CE,Combined TRACON& Tower with Radar,0,23,34,9,66,0,0,40,0,40,0,23,74,9,106,130,0,130,236
01/07/2020,MLU,LA,ASW,CE,Combined TRACON& Tower with Radar,2,21,19,31,73,0,1,48,0,49,2,22,67,31,122,36,14,50,172
01/08/2020,MLU,LA,ASW,CE,Combined TRACON& Tower with Radar,1,19,37,27,84,0,1,51,1,53,1,20,88,28,137,56,4,60,197
01/09/2020,MLU,LA,ASW,CE,Combined TRACON& Tower with Radar,4,19,28,10,61,0,0,20,2,22,4,19,48,12,83,4,0,4,87
01/10/2020,MLU,LA,ASW,CE,Combined TRACON& Tower with Radar,3,18,9,0,30,0,0,2,1,3,3,18,11,1,33,0,0,0,33
01/11/2020,MLU,LA,ASW,CE,Combined TRACON& Tower with Radar,2,12,5,0,19,0,0,0,0,0,2,12,5,0,19,0,0,0,19
01/12/2020,MLU,LA,ASW,CE,Combined TRACON& Tower with Radar,4,12,22,0,38,0,0,8,0,8,4,12,30,0,46,0,0,0,46
01/13/2020,MLU,LA,ASW,CE,Combined TRACON& Tower with Radar,5,15,20,21,61,0,0,25,0,25,5,15,45,21,86,12,2,14,100
01/14/2020,MLU,LA,ASW,CE,Combined TRACON& Tower with Radar,2,14,8,0,24,0,0,0,0,0,2,14,8,0,24,0,0,0,24
01/15/2020,MLU,LA,ASW,CE,Combined TRACON& Tower with Radar,2,21,26,18,67,0,2,1,3,6,2,23,27,21,73,6,0,6,79
01/16/2020,MLU,LA,ASW,CE,Combined TRACON& Tower with Radar,4,18,13,4,39,0,0,0,0,0,4,18,13,4,39,0,0,0,39
01/17/2020,MLU,LA,ASW,CE,Combined TRACON& Tower with Radar,4,19,19,9,51,0,0,6,1,7,4,19,25,10,58,8,0,8,66
01/18/2020,MLU,LA,ASW,CE,Combined TRACON& Tower with Radar,2,13,6,0,21,0,0,6,0,6,2,13,12,0,27,0,0,0,27
01/19/2020,MLU,LA,ASW,CE,Combined TRACON& Tower with Radar,4,9,21,0,34,0,0,35,0,35,4,9,56,0,69,2,0,2,71
01/20/2020,MLU,LA,ASW,CE,Combined TRACON& Tower with Radar,4,17,19,6,46,0,1,44,0,45,4,18,63,6,91,42,0,42,133
01/21/2020,MLU,LA,ASW,CE,Combined TRACON& Tower with Radar,4,16,35,29,84,0,0,53,5,58,4,16,88,34,142,54,8,62,204
01/22/2020,MLU,LA,ASW,CE,Combined TRACON& Tower with Radar,2,23,11,0,36,0,0,6,0,6,2,23,17,0,42,0,0,0,42
01/23/2020,MLU,LA,ASW,CE,Combined TRACON& Tower with Radar,4,17,18,0,39,0,0,0,0,0,4,17,18,0,39,0,0,0,39
01/24/2020,MLU,LA,ASW,CE,Combined TRACON& Tower with Radar,4,16,38,54,112,0,0,34,7,41,4,16,72,61,153,4,30,34,187
01/25/2020,MLU,LA,ASW,CE,Combined TRACON& Tower with Radar,2,10,15,1,28,0,1,43,5,49,2,11,58,6,77,10,0,10,87
01/26/2020,MLU,LA,ASW,CE,Combined TRACON& Tower with Radar,4,12,14,6,36,0,0,0,1,1,4,12,14,7,37,10,0,10,47
01/27/2020,MLU,LA,ASW,CE,Combined TRACON& Tower with Radar,6,16,33,17,72,0,0,3,2,5,6,16,36,19,77,10,2,12,89
01/28/2020,MLU,LA,ASW,CE,Combined TRACON& Tower with Radar,4,17,22,1,44,0,0,2,0,2,4,17,24,1,46,0,0,0,46
01/29/2020,MLU,LA,ASW,CE,Combined TRACON& Tower with Radar,2,20,27,21,70,0,0,6,0,6,2,20,33,21,76,20,6,26,102
01/30/2020,MLU,LA,ASW,CE,Combined TRACON& Tower with Radar,4,23,22,9,58,0,0,2,0,2,4,23,24,9,60,0,0,0,60
01/31/2020,MLU,LA,ASW,CE,Combined TRACON& Tower with Radar,4,18,22,15,59,0,0,4,0,4,4,18,26,15,63,19,0,19,82
02/01/2020,MLU,LA,ASW,CE,Combined TRACON& Tower with Radar,2,13,19,6,40,0,0,39,5,44,2,13,58,11,84,4,18,22,106
02/02/2020,MLU,LA,ASW,CE,Combined TRACON& Tower with Radar,4,8,15,13,40,0,0,34,5,39,4,8,49,18,79,32,8,40,119
02/03/2020,MLU,LA,ASW,CE,Combined TRACON& Tower with Radar,4,16,26,10,56,0,2,13,2,17,4,18,39,12,73,16,2,18,91
02/04/2020,MLU,LA,ASW,CE,Combined TRACON& Tower with Radar,4,18,38,1,61,0,0,3,0,3,4,18,41,1,64,8,0,8,72
02/05/2020,MLU,LA,ASW,CE,Combined TRACON& Tower with Radar,2,26,8,0,36,0,0,0,0,0,2,26,8,0,36,0,0,0,36
02/06/2020,MLU,LA,ASW,CE,Combined TRACON& Tower with Radar,4,18,20,2,44,0,0,2,2,4,4,18,22,4,48,0,0,0,48
02/07/2020,MLU,LA,ASW,CE,Combined TRACON& Tower with Radar,3,20,37,34,94,0,0,41,8,49,3,20,78,42,143,30,8,38,181
02/08/2020,MLU,LA,ASW,CE,Combined TRACON& Tower with Radar,2,10,21,11,44,0,1,40,1,42,2,11,61,12,86,34,0,34,120
02/09/2020,MLU,LA,ASW,CE,Combined TRACON& Tower with Radar,3,12,14,23,52,0,0,17,0,17,3,12,31,23,69,12,0,12,81
02/10/2020,MLU,LA,ASW,CE,Combined TRACON& Tower with Radar,3,14,8,0,25,0,0,0,0,0,3,14,8,0,25,0,0,0,25
02/11/2020,MLU,LA,ASW,CE,Combined TRACON& Tower with Radar,4,17,14,0,35,0,0,0,0,0,4,17,14,0,35,0,0,0,35
02/12/2020,MLU,LA,ASW,CE,Combined TRACON& Tower with Radar,2,17,14,0,33,0,0,0,0,0,2,17,14,0,33,0,0,0,33
02/13/2020,MLU,LA,ASW,CE,Combined TRACON& Tower with Radar,4,19,44,33,100,0,0,32,4,36,4,19,76,37,136,16,20,36,172
02/14/2020,MLU,LA,ASW,CE,Combined TRACON& Tower with Radar,4,17,20,28,69,0,1,34,10,45,4,18,54,38,114,12,0,12,126
02/15/2020,MLU,LA,ASW,CE,Combined TRACON& Tower with Radar,4,8,26,0,38,0,1,47,0,48,4,9,73,0,86,20,0,20,106
02/16/2020,MLU,LA,ASW,CE,Combined TRACON& Tower with Radar,4,10,15,8,37,0,0,0,0,0,4,10,15,8,37,0,0,0,37
02/17/2020,MLU,LA,ASW,CE,Combined TRACON& Tower with Radar,4,16,22,0,42,0,0,3,0,3,4,16,25,0,45,0,0,0,45
02/18/2020,MLU,LA,ASW,CE,Combined TRACON& Tower with Radar,4,16,16,0,36,0,0,0,0,0,4,16,16,0,36,0,0,0,36
02/19/2020,MLU,LA,ASW,CE,Combined TRACON& Tower with Radar,4,15,22,0,41,0,0,0,0,0,4,15,22,0,41,0,0,0,41
02/20/2020,MLU,LA,ASW,CE,Combined TRACON& Tower with Radar,4,15,18,6,43,0,0,1,0,1,4,15,19,6,44,2,0,2,46
02/21/2020,MLU,LA,ASW,CE,Combined TRACON& Tower with Radar,4,19,39,24,86,0,1,58,5,64,4,20,97,29,150,14,8,22,172
02/22/2020,MLU,LA,ASW,CE,Combined TRACON& Tower with Radar,4,9,18,13,44,0,0,42,4,46,4,9,60,17,90,18,4,22,112
02/23/2020,MLU,LA,ASW,CE,Combined TRACON& Tower with Radar,3,16,9,0,28,0,1,12,0,13,3,17,21,0,41,0,0,0,41
02/24/2020,MLU,LA,ASW,CE,Combined TRACON& Tower with Radar,4,15,9,6,34,0,0,1,0,1,4,15,10,6,35,0,0,0,35
02/25/2020,MLU,LA,ASW,CE,Combined TRACON& Tower with Radar,4,15,24,41,84,0,0,26,7,33,4,15,50,48,117,26,20,46,163
02/26/2020,MLU,LA,ASW,CE,Combined TRACON& Tower with Radar,4,12,37,4,57,0,0,13,2,15,4,12,50,6,72,2,0,2,74
02/27/2020,MLU,LA,ASW,CE,Combined TRACON& Tower with Radar,4,18,37,37,96,0,2,35,13,50,4,20,72,50,146,80,0,80,226
02/28/2020,MLU,LA,ASW,CE,Combined TRACON& Tower with Radar,4,17,16,20,57,0,0,34,1,35,4,17,50,21,92,10,0,10,102
02/29/2020,MLU,LA,ASW,CE,Combined TRACON& Tower with Radar,4,10,21,12,47,0,0,40,1,41,4,10,61,13,88,38,0,38,126
03/01/2020,MLU,LA,ASW,CE,Combined TRACON& Tower with Radar,3,14,15,0,32,0,0,5,0,5,3,14,20,0,37,0,0,0,37
03/02/2020,MLU,LA,ASW,CE,Combined TRACON& Tower with Radar,4,16,27,3,50,0,0,9,0,9,4,16,36,3,59,0,0,0,59
03/03/2020,MLU,LA,ASW,CE,Combined TRACON& Tower with Radar,4,16,19,1,40,0,0,6,0,6,4,16,25,1,46,2,0,2,48
03/04/2020,MLU,LA,ASW,CE,Combined TRACON& Tower with Radar,4,16,5,0,25,0,0,0,0,0,4,16,5,0,25,0,0,0,25
03/05/2020,MLU,LA,ASW,CE,Combined TRACON& Tower with Radar,4,19,33,27,83,0,1,21,11,33,4,20,54,38,116,2,12,14,130
03/06/2020,MLU,LA,ASW,CE,Combined TRACON& Tower with Radar,4,19,27,10,60,0,0,41,8,49,4,19,68,18,109,14,0,14,123
03/07/2020,MLU,LA,ASW,CE,Combined TRACON& Tower with Radar,4,6,21,8,39,0,1,27,4,32,4,7,48,12,71,18,0,18,89
03/08/2020,MLU,LA,ASW,CE,Combined TRACON& Tower with Radar,4,14,13,1,32,0,1,17,2,20,4,15,30,3,52,14,0,14,66
03/09/2020,MLU,LA,ASW,CE,Combined TRACON& Tower with Radar,4,15,27,13,59,0,0,5,0,5,4,15,32,13,64,0,0,0,64
03/10/2020,MLU,LA,ASW,CE,Combined TRACON& Tower with Radar,4,14,22,28,68,0,0,12,2,14,4,14,34,30,82,0,0,0,82
03/11/2020,MLU,LA,ASW,CE,Combined TRACON& Tower with Radar,4,15,45,12,76,0,0,30,0,30,4,15,75,12,106,22,0,22,128
03/12/2020,MLU,LA,ASW,CE,Combined TRACON& Tower with Radar,4,15,27,12,58,0,0,14,2,16,4,15,41,14,74,10,0,10,84
03/13/2020,MLU,LA,ASW,CE,Combined TRACON& Tower with Radar,3,20,13,12,48,0,0,0,0,0,3,20,13,12,48,0,0,0,48
03/14/2020,MLU,LA,ASW,CE,Combined TRACON& Tower with Radar,3,9,7,2,21,0,0,1,2,3,3,9,8,4,24,0,0,0,24
03/15/2020,MLU,LA,ASW,CE,Combined TRACON& Tower with Radar,4,14,6,0,24,0,0,1,0,1,4,14,7,0,25,0,0,0,25
03/16/2020,MLU,LA,ASW,CE,Combined TRACON& Tower with Radar,4,15,24,1,44,0,0,19,0,19,4,15,43,1,63,32,0,32,95
03/17/2020,MLU,LA,ASW,CE,Combined TRACON& Tower with Radar,4,14,13,31,62,0,0,25,0,25,4,14,38,31,87,10,20,30,117
03/18/2020,MLU,LA,ASW,CE,Combined TRACON& Tower with Radar,6,13,20,14,53,0,0,15,1,16,6,13,35,15,69,24,6,30,99
03/19/2020,MLU,LA,ASW,CE,Combined TRACON& Tower with Radar,3,18,14,31,66,0,0,3,4,7,3,18,17,35,73,6,38,44,117
03/20/2020,MLU,LA,ASW,CE,Combined TRACON& Tower with Radar,4,13,1,0,18,0,0,0,0,0,4,13,1,0,18,0,0,0,18
03/21/2020,MLU,LA,ASW,CE,Combined TRACON& Tower with Radar,4,8,6,0,18,0,0,2,0,2,4,8,8,0,20,6,0,6,26
03/22/2020,MLU,LA,ASW,CE,Combined TRACON& Tower with Radar,4,18,8,3,33,0,0,0,0,0,4,18,8,3,33,0,0,0,33
03/23/2020,MLU,LA,ASW,CE,Combined TRACON& Tower with Radar,2,12,0,0,14,0,0,2,0,2,2,12,2,0,16,0,0,0,16
03/24/2020,MLU,LA,ASW,CE,Combined TRACON& Tower with Radar,2,12,2,12,28,0,0,3,0,3,2,12,5,12,31,0,8,8,39
03/25/2020,MLU,LA,ASW,CE,Combined TRACON& Tower with Radar,1,9,8,12,30,0,0,20,0,20,1,9,28,12,50,20,6,26,76
03/26/2020,MLU,LA,ASW,CE,Combined TRACON& Tower with Radar,1,6,5,0,12,0,0,17,0,17,1,6,22,0,29,28,0,28,57
03/27/2020,MLU,LA,ASW,CE,Combined TRACON& Tower with Radar,2,7,9,14,32,0,0,13,1,14,2,7,22,15,46,14,6,20,66
03/28/2020,MLU,LA,ASW,CE,Combined TRACON& Tower with Radar,2,6,0,0,8,0,0,7,0,7,2,6,7,0,15,0,0,0,15
03/29/2020,MLU,LA,ASW,CE,Combined TRACON& Tower with Radar,2,10,4,0,16,0,0,11,1,12,2,10,15,1,28,20,0,20,48
03/30/2020,MLU,LA,ASW,CE,Combined TRACON& Tower with Radar,2,8,0,20,30,0,0,3,1,4,2,8,3,21,34,0,6,6,40
03/31/2020,MLU,LA,ASW,CE,Combined TRACON& Tower with Radar,2,9,4,13,28,0,0,3,0,3,2,9,7,13,31,2,0,2,33
04/01/2020,MLU,LA,ASW,CE,Combined TRACON& Tower with Radar,1,8,8,7,24,0,0,17,0,17,1,8,25,7,41,34,4,38,79
04/02/2020,MLU,LA,ASW,CE,Combined TRACON& Tower with Radar,0,6,6,6,18,0,0,20,0,20,0,6,26,6,38,18,0,18,56
04/03/2020,MLU,LA,ASW,CE,Combined TRACON& Tower with Radar,2,7,4,5,18,0,0,13,0,13,2,7,17,5,31,0,0,0,31
04/04/2020,MLU,LA,ASW,CE,Combined TRACON& Tower with Radar,2,8,0,0,10,0,0,2,0,2,2,8,2,0,12,0,0,0,12
04/05/2020,MLU,LA,ASW,CE,Combined TRACON& Tower with Radar,1,6,2,0,9,0,0,5,0,5,1,6,7,0,14,0,0,0,14
04/06/2020,MLU,LA,ASW,CE,Combined TRACON& Tower with Radar,0,6,1,13,20,0,0,10,0,10,0,6,11,13,30,0,6,6,36
04/07/2020,MLU,LA,ASW,CE,Combined TRACON& Tower with Radar,0,7,2,0,9,0,0,1,1,2,0,7,3,1,11,0,0,0,11
04/08/2020,MLU,LA,ASW,CE,Combined TRACON& Tower with Radar,0,9,6,0,15,0,0,2,0,2,0,9,8,0,17,10,0,10,27
04/09/2020,MLU,LA,ASW,CE,Combined TRACON& Tower with Radar,0,8,9,31,48,0,0,14,0,14,0,8,23,31,62,46,28,74,136
04/10/2020,MLU,LA,ASW,CE,Combined TRACON& Tower with Radar,2,7,5,9,23,0,2,29,0,31,2,9,34,9,54,30,0,30,84
04/11/2020,MLU,LA,ASW,CE,Combined TRACON& Tower with Radar,0,10,4,12,26,0,0,14,0,14,0,10,18,12,40,32,0,32,72
04/12/2020,MLU,LA,ASW,CE,Combined TRACON& Tower with Radar,0,3,0,0,3,0,0,3,0,3,0,3,3,0,6,0,0,0,6
04/13/2020,MLU,LA,ASW,CE,Combined TRACON& Tower with Radar,0,2,2,0,4,0,0,1,3,4,0,2,3,3,8,0,0,0,8
04/14/2020,MLU,LA,ASW,CE,Combined TRACON& Tower with Radar,0,6,2,2,10,0,0,9,0,9,0,6,11,2,19,66,0,66,85
04/15/2020,MLU,LA,ASW,CE,Combined TRACON& Tower with Radar,0,6,8,0,14,0,0,33,3,36,0,6,41,3,50,20,0,20,70
04/16/2020,MLU,LA,ASW,CE,Combined TRACON& Tower with Radar,0,6,14,11,31,0,0,19,1,20,0,6,33,12,51,0,8,8,59
04/17/2020,MLU,LA,ASW,CE,Combined TRACON& Tower with Radar,0,6,3,0,9,0,0,8,0,8,0,6,11,0,17,54,0,54,71
04/18/2020,MLU,LA,ASW,CE,Combined TRACON& Tower with Radar,0,6,6,0,12,0,0,4,0,4,0,6,10,0,16,0,0,0,16
04/19/2020,MLU,LA,ASW,CE,Combined TRACON& Tower with Radar,0,5,2,0,7,0,0,0,0,0,0,5,2,0,7,0,0,0,7
04/20/2020,MLU,LA,ASW,CE,Combined TRACON& Tower with Radar,0,7,5,0,12,0,0,13,0,13,0,7,18,0,25,62,0,62,87
04/21/2020,MLU,LA,ASW,CE,Combined TRACON& Tower with Radar,0,9,5,27,41,0,1,31,22,54,0,10,36,49,95,72,0,72,167
04/22/2020,MLU,LA,ASW,CE,Combined TRACON& Tower with Radar,0,7,8,0,15,0,0,3,2,5,0,7,11,2,20,0,0,0,20
04/23/2020,MLU,LA,ASW,CE,Combined TRACON& Tower with Radar,0,8,10,63,81,0,0,13,2,15,0,8,23,65,96,8,26,34,130
04/24/2020,MLU,LA,ASW,CE,Combined TRACON& Tower with Radar,0,5,13,0,18,0,0,28,0,28,0,5,41,0,46,64,2,66,112
04/25/2020,MLU,LA,ASW,CE,Combined TRACON& Tower with Radar,0,9,0,48,57,0,0,12,0,12,0,9,12,48,69,2,2,4,73
04/26/2020,MLU,LA,ASW,CE,Combined TRACON& Tower with Radar,0,5,5,0,10,0,0,17,0,17,0,5,22,0,27,6,0,6,33
04/27/2020,MLU,LA,ASW,CE,Combined TRACON& Tower with Radar,0,6,9,0,15,0,0,27,0,27,0,6,36,0,42,0,0,0,42
04/28/2020,MLU,LA,ASW,CE,Combined TRACON& Tower with Radar,0,8,8,14,30,0,0,1,3,4,0,8,9,17,34,10,0,10,44
04/29/2020,MLU,LA,ASW,CE,Combined TRACON& Tower with Radar,0,7,4,0,11,0,0,1,1,2,0,7,5,1,13,6,0,6,19
04/30/2020,MLU,LA,ASW,CE,Combined TRACON& Tower with Radar,0,6,26,32,64,0,1,41,6,48,0,7,67,38,112,40,24,64,176
05/01/2020,MLU,LA,ASW,CE,Combined TRACON& Tower with Radar,1,2,5,0,8,0,0,14,0,14,1,2,19,0,22,44,0,44,66
05/02/2020,MLU,LA,ASW,CE,Combined TRACON& Tower with Radar,0,1,8,22,31,0,0,21,6,27,0,1,29,28,58,0,8,8,66
05/03/2020,MLU,LA,ASW,CE,Combined TRACON& Tower with Radar,0,0,5,0,5,0,0,4,0,4,0,0,9,0,9,0,0,0,9
05/04/2020,MLU,LA,ASW,CE,Combined TRACON& Tower with Radar,1,1,0,0,2,0,1,11,0,12,1,2,11,0,14,0,0,0,14
05/05/2020,MLU,LA,ASW,CE,Combined TRACON& Tower with Radar,0,0,4,0,4,0,1,2,1,4,0,1,6,1,8,20,0,20,28
05/06/2020,MLU,LA,ASW,CE,Combined TRACON& Tower with Radar,2,0,5,10,17,0,2,17,0,19,2,2,22,10,36,14,0,14,50
05/07/2020,MLU,LA,ASW,CE,Combined TRACON& Tower with Radar,0,4,3,14,21,0,0,10,0,10,0,4,13,14,31,8,0,8,39
05/08/2020,MLU,LA,ASW,CE,Combined TRACON& Tower with Radar,0,2,1,0,3,0,0,0,0,0,0,2,1,0,3,0,0,0,3
05/09/2020,MLU,LA,ASW,CE,Combined TRACON& Tower with Radar,0,1,9,11,21,0,0,9,0,9,0,1,18,11,30,16,4,20,50
05/10/2020,MLU,LA,ASW,CE,Combined TRACON& Tower with Radar,0,2,8,0,10,0,0,8,0,8,0,2,16,0,18,26,0,26,44
05/11/2020,MLU,LA,ASW,CE,Combined TRACON& Tower with Radar,0,2,7,12,21,0,0,22,0,22,0,2,29,12,43,2,0,2,45
05/12/2020,MLU,LA,ASW,CE,Combined TRACON& Tower with Radar,0,1,7,38,46,0,0,8,4,12,0,1,15,42,58,26,4,30,88
05/13/2020,MLU,LA,ASW,CE,Combined TRACON& Tower with Radar,0,1,8,6,15,0,0,3,0,3,0,1,11,6,18,0,0,0,18
05/14/2020,MLU,LA,ASW,CE,Combined TRACON& Tower with Radar,0,2,9,14,25,0,0,0,0,0,0,2,9,14,25,0,0,0,25
05/15/2020,MLU,LA,ASW,CE,Combined TRACON& Tower with Radar,0,2,12,0,14,0,0,1,0,1,0,2,13,0,15,34,0,34,49
05/16/2020,MLU,LA,ASW,CE,Combined TRACON& Tower with Radar,0,1,2,0,3,0,0,0,0,0,0,1,2,0,3,0,0,0,3
05/17/2020,MLU,LA,ASW,CE,Combined TRACON& Tower with Radar,0,1,5,0,6,0,0,1,0,1,0,1,6,0,7,0,0,0,7
05/18/2020,MLU,LA,ASW,CE,Combined TRACON& Tower with Radar,0,2,8,31,41,0,0,9,1,10,0,2,17,32,51,8,6,14,65
05/19/2020,MLU,LA,ASW,CE,Combined TRACON& Tower with Radar,0,1,11,9,21,0,0,21,0,21,0,1,32,9,42,8,0,8,50
05/20/2020,MLU,LA,ASW,CE,Combined TRACON& Tower with Radar,0,2,6,46,54,0,0,20,2,22,0,2,26,48,76,68,10,78,154
05/21/2020,MLU,LA,ASW,CE,Combined TRACON& Tower with Radar,0,2,4,21,27,0,2,1,1,4,0,4,5,22,31,0,10,10,41
05/22/2020,MLU,LA,ASW,CE,Combined TRACON& Tower with Radar,0,4,11,2,17,0,0,6,0,6,0,4,17,2,23,18,0,18,41
05/23/2020,MLU,LA,ASW,CE,Combined TRACON& Tower with Radar,0,1,3,0,4,0,0,4,0,4,0,1,7,0,8,6,0,6,14
05/24/2020,MLU,LA,ASW,CE,Combined TRACON& Tower with Radar,0,1,5,0,6,0,0,1,0,1,0,1,6,0,7,0,0,0,7
05/25/2020,MLU,LA,ASW,CE,Combined TRACON& Tower with Radar,0,6,10,0,16,0,0,2,0,2,0,6,12,0,18,0,0,0,18
05/26/2020,MLU,LA,ASW,CE,Combined TRACON& Tower with Radar,0,1,5,0,6,0,0,1,0,1,0,1,6,0,7,0,0,0,7
05/27/2020,MLU,LA,ASW,CE,Combined TRACON& Tower with Radar,0,1,8,16,25,0,0,8,0,8,0,1,16,16,33,16,14,30,63
05/28/2020,MLU,LA,ASW,CE,Combined TRACON& Tower with Radar,0,3,7,2,12,0,0,8,0,8,0,3,15,2,20,20,0,20,40
05/29/2020,MLU,LA,ASW,CE,Combined TRACON& Tower with Radar,0,1,13,39,53,0,0,21,0,21,0,1,34,39,74,56,0,56,130
05/30/2020,MLU,LA,ASW,CE,Combined TRACON& Tower with Radar,0,1,4,0,5,0,0,28,0,28,0,1,32,0,33,28,0,28,61
05/31/2020,MLU,LA,ASW,CE,Combined TRACON& Tower with Radar,0,1,10,0,11,0,0,6,0,6,0,1,16,0,17,0,0,0,17
06/01/2020,MLU,LA,ASW,CE,Combined TRACON& Tower with Radar,0,8,10,10,28,0,0,15,5,20,0,8,25,15,48,18,0,18,66
06/02/2020,MLU,LA,ASW,CE,Combined TRACON& Tower with Radar,0,3,12,1,16,0,0,14,3,17,0,3,26,4,33,6,4,10,43
06/03/2020,MLU,LA,ASW,CE,Combined TRACON& Tower with Radar,0,3,5,9,17,0,0,10,0,10,0,3,15,9,27,36,0,36,63
06/04/2020,MLU,LA,ASW,CE,Combined TRACON& Tower with Radar,0,6,20,37,63,0,0,16,0,16,0,6,36,37,79,14,0,14,93
06/05/2020,MLU,LA,ASW,CE,Combined TRACON& Tower with Radar,0,2,21,6,29,0,1,24,4,29,0,3,45,10,58,66,6,72,130
06/06/2020,MLU,LA,ASW,CE,Combined TRACON& Tower with Radar,0,2,10,0,12,0,0,4,0,4,0,2,14,0,16,16,0,16,32
06/07/2020,MLU,LA,ASW,CE,Combined TRACON& Tower with Radar,0,4,7,0,11,0,0,0,0,0,0,4,7,0,11,0,0,0,11
06/08/2020,MLU,LA,ASW,CE,Combined TRACON& Tower with Radar,0,6,2,0,8,0,0,0,0,0,0,6,2,0,8,0,0,0,8
06/09/2020,MLU,LA,ASW,CE,Combined TRACON& Tower with Radar,0,3,13,47,63,0,0,7,2,9,0,3,20,49,72,0,0,0,72
06/10/2020,MLU,LA,ASW,CE,Combined TRACON& Tower with Radar,0,2,24,40,66,0,0,12,1,13,0,2,36,41,79,4,0,4,83
06/11/2020,MLU,LA,ASW,CE,Combined TRACON& Tower with Radar,0,4,19,40,63,0,0,20,7,27,0,4,39,47,90,70,10,80,170
06/12/2020,MLU,LA,ASW,CE,Combined TRACON& Tower with Radar,0,4,10,31,45,0,0,13,0,13,0,4,23,31,58,10,4,14,72
06/13/2020,MLU,LA,ASW,CE,Combined TRACON& Tower with Radar,0,6,9,9,24,0,0,18,1,19,0,6,27,10,43,12,0,12,55
06/14/2020,MLU,LA,ASW,CE,Combined TRACON& Tower with Radar,0,8,11,0,19,0,1,9,0,10,0,9,20,0,29,0,0,0,29
06/15/2020,MLU,LA,ASW,CE,Combined TRACON& Tower with Radar,0,4,16,18,38,0,0,17,0,17,0,4,33,18,55,62,6,68,123
06/16/2020,MLU,LA,ASW,CE,Combined TRACON& Tower with Radar,0,2,15,10,27,0,0,18,1,19,0,2,33,11,46,50,0,50,96
06/17/2020,MLU,LA,ASW,CE,Combined TRACON& Tower with Radar,0,3,23,12,38,0,0,22,4,26,0,3,45,16,64,20,0,20,84
06/18/2020,MLU,LA,ASW,CE,Combined TRACON& Tower with Radar,0,5,17,15,37,0,0,22,0,22,0,5,39,15,59,20,0,20,79
06/19/2020,MLU,LA,ASW,CE,Combined TRACON& Tower with Radar,0,6,14,12,32,0,0,16,4,20,0,6,30,16,52,28,18,46,98
06/20/2020,MLU,LA,ASW,CE,Combined TRACON& Tower with Radar,0,2,6,0,8,0,2,8,0,10,0,4,14,0,18,34,0,34,52
06/21/2020,MLU,LA,ASW,CE,Combined TRACON& Tower with Radar,0,5,7,0,12,0,0,7,0,7,0,5,14,0,19,0,0,0,19
06/22/2020,MLU,LA,ASW,CE,Combined TRACON& Tower with Radar,0,6,3,11,20,0,0,6,0,6,0,6,9,11,26,20,0,20,46
06/23/2020,MLU,LA,ASW,CE,Combined TRACON& Tower with Radar,0,5,9,14,28,0,0,8,0,8,0,5,17,14,36,22,12,34,70
06/24/2020,MLU,LA,ASW,CE,Combined TRACON& Tower with Radar,0,5,10,0,15,0,0,0,0,0,0,5,10,0,15,0,0,0,15
06/25/2020,MLU,LA,ASW,CE,Combined TRACON& Tower with Radar,0,6,12,0,18,0,0,0,0,0,0,6,12,0,18,0,0,0,18
06/26/2020,MLU,LA,ASW,CE,Combined TRACON& Tower with Radar,0,5,9,0,14,0,0,0,0,0,0,5,9,0,14,0,0,0,14
06/27/2020,MLU,LA,ASW,CE,Combined TRACON& Tower with Radar,0,2,6,0,8,0,0,1,0,1,0,2,7,0,9,0,0,0,9
06/28/2020,MLU,LA,ASW,CE,Combined TRACON& Tower with Radar,0,4,8,0,12,0,0,4,0,4,0,4,12,0,16,0,0,0,16
06/29/2020,MLU,LA,ASW,CE,Combined TRACON& Tower with Radar,0,8,26,29,63,0,0,5,0,5,0,8,31,29,68,2,0,2,70
06/30/2020,MLU,LA,ASW,CE,Combined TRACON& Tower with Radar,0,2,23,16,41,0,0,10,0,10,0,2,33,16,51,18,6,24,75
07/01/2020,MLU,LA,ASW,CE,Combined TRACON& Tower with Radar,0,2,12,0,14,0,0,13,2,15,0,2,25,2,29,20,0,20,49
07/02/2020,MLU,LA,ASW,CE,Combined TRACON& Tower with Radar,0,5,28,1,34,0,0,16,0,16,0,5,44,1,50,0,0,0,50
07/03/2020,MLU,LA,ASW,CE,Combined TRACON& Tower with Radar,0,5,7,0,12,0,0,0,0,0,0,5,7,0,12,32,0,32,44
07/04/2020,MLU,LA,ASW,CE,Combined TRACON& Tower with Radar,1,3,2,2,8,0,0,11,6,17,1,3,13,8,25,14,0,14,39
07/05/2020,MLU,LA,ASW,CE,Combined TRACON& Tower with Radar,1,8,5,0,14,0,0,1,6,7,1,8,6,6,21,0,0,0,21
07/06/2020,MLU,LA,ASW,CE,Combined TRACON& Tower with Radar,0,7,11,0,18,0,0,2,0,2,0,7,13,0,20,44,0,44,64
07/07/2020,MLU,LA,ASW,CE,Combined TRACON& Tower with Radar,0,6,11,10,27,0,0,1,0,1,0,6,12,10,28,0,0,0,28
07/08/2020,MLU,LA,ASW,CE,Combined TRACON& Tower with Radar,0,10,9,0,19,0,0,2,2,4,0,10,11,2,23,12,0,12,35
07/09/2020,MLU,LA,ASW,CE,Combined TRACON& Tower with Radar,0,6,34,29,69,0,0,20,3,23,0,6,54,32,92,14,0,14,106
07/10/2020,MLU,LA,ASW,CE,Combined TRACON& Tower with Radar,0,9,20,29,58,0,0,27,1,28,0,9,47,30,86,28,22,50,136
07/11/2020,MLU,LA,ASW,CE,Combined TRACON& Tower with Radar,0,5,15,0,20,0,0,16,2,18,0,5,31,2,38,24,0,24,62
07/12/2020,MLU,LA,ASW,CE,Combined TRACON& Tower with Radar,0,7,12,0,19,0,0,9,0,9,0,7,21,0,28,12,0,12,40
07/13/2020,MLU,LA,ASW,CE,Combined TRACON& Tower with Radar,0,10,18,4,32,0,0,17,2,19,0,10,35,6,51,20,0,20,71
07/14/2020,MLU,LA,ASW,CE,Combined TRACON& Tower with Radar,0,7,9,23,39,0,0,21,0,21,0,7,30,23,60,46,0,46,106
07/15/2020,MLU,LA,ASW,CE,Combined TRACON& Tower with Radar,0,9,9,16,34,0,0,9,4,13,0,9,18,20,47,60,0,60,107
07/16/2020,MLU,LA,ASW,CE,Combined TRACON& Tower with Radar,0,7,11,9,27,0,0,20,2,22,0,7,31,11,49,8,0,8,57
07/17/2020,MLU,LA,ASW,CE,Combined TRACON& Tower with Radar,0,10,20,8,38,0,0,13,0,13,0,10,33,8,51,8,0,8,59
07/18/2020,MLU,LA,ASW,CE,Combined TRACON& Tower with Radar,0,8,7,0,15,0,0,15,1,16,0,8,22,1,31,34,0,34,65
07/19/2020,MLU,LA,ASW,CE,Combined TRACON& Tower with Radar,0,9,24,0,33,0,0,15,0,15,0,9,39,0,48,0,0,0,48
07/20/2020,MLU,LA,ASW,CE,Combined TRACON& Tower with Radar,0,13,14,19,46,0,0,17,4,21,0,13,31,23,67,22,2,24,91
07/21/2020,MLU,LA,ASW,CE,Combined TRACON& Tower with Radar,0,7,13,23,43,0,0,15,1,16,0,7,28,24,59,2,6,8,67
07/22/2020,MLU,LA,ASW,CE,Combined TRACON& Tower with Radar,0,9,11,12,32,0,0,8,0,8,0,9,19,12,40,26,0,26,66
07/23/2020,MLU,LA,ASW,CE,Combined TRACON& Tower with Radar,0,7,16,5,28,0,0,31,2,33,0,7,47,7,61,22,2,24,85
07/24/2020,MLU,LA,ASW,CE,Combined TRACON& Tower with Radar,0,9,21,22,52,0,0,5,0,5,0,9,26,22,57,0,0,0,57
07/25/2020,MLU,LA,ASW,CE,Combined TRACON& Tower with Radar,0,5,11,0,16,0,0,0,0,0,0,5,11,0,16,4,0,4,20
07/26/2020,MLU,LA,ASW,CE,Combined TRACON& Tower with Radar,0,9,12,4,25,0,0,4,0,4,0,9,16,4,29,4,0,4,33
07/27/2020,MLU,LA,ASW,CE,Combined TRACON& Tower with Radar,0,10,15,5,30,0,0,6,1,7,0,10,21,6,37,22,6,28,65
07/28/2020,MLU,LA,ASW,CE,Combined TRACON& Tower with Radar,0,8,24,59,91,0,0,9,0,9,0,8,33,59,100,0,50,50,150
07/29/2020,MLU,LA,ASW,CE,Combined TRACON& Tower with Radar,0,12,27,35,74,0,0,9,2,11,0,12,36,37,85,26,8,34,119
07/30/2020,MLU,LA,ASW,CE,Combined TRACON& Tower with Radar,0,7,26,23,56,0,0,13,1,14,0,7,39,24,70,38,10,48,118
07/31/2020,MLU,LA,ASW,CE,Combined TRACON& Tower with Radar,0,9,11,6,26,0,1,15,3,19,0,10,26,9,45,18,0,18,63
08/01/2020,MLU,LA,ASW,CE,Combined TRACON& Tower with Radar,0,6,12,0,18,0,0,11,0,11,0,6,23,0,29,50,0,50,79
08/02/2020,MLU,LA,ASW,CE,Combined TRACON& Tower with Radar,0,8,13,11,32,0,0,13,4,17,0,8,26,15,49,0,0,0,49
08/03/2020,MLU,LA,ASW,CE,Combined TRACON& Tower with Radar,0,9,28,28,65,0,2,22,4,28,0,11,50,32,93,26,6,32,125
08/04/2020,MLU,LA,ASW,CE,Combined TRACON& Tower with Radar,0,8,27,35,70,0,0,20,8,28,0,8,47,43,98,24,20,44,142
08/05/2020,MLU,LA,ASW,CE,Combined TRACON& Tower with Radar,0,12,16,23,51,0,0,29,7,36,0,12,45,30,87,8,18,26,113
08/06/2020,MLU,LA,ASW,CE,Combined TRACON& Tower with Radar,0,11,10,19,40,0,0,18,9,27,0,11,28,28,67,2,0,2,69
08/07/2020,MLU,LA,ASW,CE,Combined TRACON& Tower with Radar,0,11,22,4,37,0,0,48,9,57,0,11,70,13,94,28,32,60,154
08/08/2020,MLU,LA,ASW,CE,Combined TRACON& Tower with Radar,0,8,15,0,23,0,0,24,1,25,0,8,39,1,48,22,0,22,70
08/09/2020,MLU,LA,ASW,CE,Combined TRACON& Tower with Radar,0,10,14,0,24,0,0,8,2,10,0,10,22,2,34,0,0,0,34
08/10/2020,MLU,LA,ASW,CE,Combined TRACON& Tower with Radar,0,13,9,23,45,0,5,4,0,9,0,18,13,23,54,14,10,24,78
08/11/2020,MLU,LA,ASW,CE,Combined TRACON& Tower with Radar,0,14,27,17,58,0,0,19,3,22,0,14,46,20,80,4,12,16,96
08/12/2020,MLU,LA,ASW,CE,Combined TRACON& Tower with Radar,0,13,14,26,53,0,0,13,0,13,0,13,27,26,66,16,0,16,82
08/13/2020,MLU,LA,ASW,CE,Combined TRACON& Tower with Radar,0,14,13,39,66,0,1,10,2,13,0,15,23,41,79,2,34,36,115
08/14/2020,MLU,LA,ASW,CE,Combined TRACON& Tower with Radar,0,11,12,3,26,0,0,4,0,4,0,11,16,3,30,18,0,18,48
08/15/2020,MLU,LA,ASW,CE,Combined TRACON& Tower with Radar,0,9,21,9,39,0,0,16,8,24,0,9,37,17,63,14,0,14,77
08/16/2020,MLU,LA,ASW,CE,Combined TRACON& Tower with Radar,0,11,13,1,25,0,0,25,2,27,0,11,38,3,52,4,0,4,56
08/17/2020,MLU,LA,ASW,CE,Combined TRACON& Tower with Radar,0,12,16,30,58,0,0,25,6,31,0,12,41,36,89,54,6,60,149
08/18/2020,MLU,LA,ASW,CE,Combined TRACON& Tower with Radar,0,10,18,22,50,0,0,35,2,37,0,10,53,24,87,28,2,30,117
08/19/2020,MLU,LA,ASW,CE,Combined TRACON& Tower with Radar,0,10,37,20,67,0,1,40,4,45,0,11,77,24,112,18,8,26,138
08/20/2020,MLU,LA,ASW,CE,Combined TRACON& Tower with Radar,0,9,34,37,80,0,0,29,2,31,0,9,63,39,111,6,0,6,117
08/21/2020,MLU,LA,ASW,CE,Combined TRACON& Tower with Radar,0,11,10,22,43,0,0,19,2,21,0,11,29,24,64,22,6,28,92
08/22/2020,MLU,LA,ASW,CE,Combined TRACON& Tower with Radar,0,9,15,0,24,0,0,20,2,22,0,9,35,2,46,22,0,22,68
08/23/2020,MLU,LA,ASW,CE,Combined TRACON& Tower with Radar,0,10,14,11,35,0,0,28,0,28,0,10,42,11,63,16,0,16,79
08/24/2020,MLU,LA,ASW,CE,Combined TRACON& Tower with Radar,0,11,27,43,81,0,0,20,3,23,0,11,47,46,104,24,10,34,138
08/25/2020,MLU,LA,ASW,CE,Combined TRACON& Tower with Radar,0,9,12,57,78,0,0,7,0,7,0,9,19,57,85,16,10,26,111
08/26/2020,MLU,LA,ASW,CE,Combined TRACON& Tower with Radar,0,9,12,47,68,0,1,7,4,12,0,10,19,51,80,12,8,20,100
08/27/2020,MLU,LA,ASW,CE,Combined TRACON& Tower with Radar,0,6,1,0,7,0,0,0,0,0,0,6,1,0,7,0,0,0,7
08/28/2020,MLU,LA,ASW,CE,Combined TRACON& Tower with Radar,2,11,9,0,22,0,0,4,0,4,2,11,13,0,26,0,0,0,26
08/29/2020,MLU,LA,ASW,CE,Combined TRACON& Tower with Radar,0,11,9,0,20,0,1,10,0,11,0,12,19,0,31,0,0,0,31
08/30/2020,MLU,LA,ASW,CE,Combined TRACON& Tower with Radar,0,8,15,0,23,0,2,17,2,21,0,10,32,2,44,0,0,0,44
08/31/2020,MLU,LA,ASW,CE,Combined TRACON& Tower with Radar,0,12,25,38,75,0,1,9,0,10,0,13,34,38,85,0,8,8,93
09/01/2020,MLU,LA,ASW,CE,Combined TRACON& Tower with Radar,0,10,38,11,59,0,0,35,3,38,0,10,73,14,97,0,0,0,97
09/02/2020,MLU,LA,ASW,CE,Combined TRACON& Tower with Radar,0,11,32,21,64,0,0,10,0,10,0,11,42,21,74,0,16,16,90
09/03/2020,MLU,LA,ASW,CE,Combined TRACON& Tower with Radar,0,11,11,20,42,0,0,14,2,16,0,11,25,22,58,8,0,8,66
09/04/2020,MLU,LA,ASW,CE,Combined TRACON& Tower with Radar,0,9,21,0,30,0,0,24,0,24,0,9,45,0,54,0,0,0,54
09/05/2020,MLU,LA,ASW,CE,Combined TRACON& Tower with Radar,0,7,12,0,19,0,0,22,0,22,0,7,34,0,41,0,0,0,41
09/06/2020,MLU,LA,ASW,CE,Combined TRACON& Tower with Radar,0,10,6,0,16,0,0,22,0,22,0,10,28,0,38,0,0,0,38
09/07/2020,MLU,LA,ASW,CE,Combined TRACON& Tower with Radar,0,12,18,0,30,0,0,31,0,31,0,12,49,0,61,14,0,14,75
09/08/2020,MLU,LA,ASW,CE,Combined TRACON& Tower with Radar,0,11,25,15,51,0,0,12,2,14,0,11,37,17,65,6,20,26,91
09/09/2020,MLU,LA,ASW,CE,Combined TRACON& Tower with Radar,0,10,28,20,58,0,0,24,13,37,0,10,52,33,95,8,26,34,129
09/10/2020,MLU,LA,ASW,CE,Combined TRACON& Tower with Radar,0,12,16,39,67,0,0,17,8,25,0,12,33,47,92,0,26,26,118
09/11/2020,MLU,LA,ASW,CE,Combined TRACON& Tower with Radar,2,12,37,36,87,0,2,38,4,44,2,14,75,40,131,6,12,18,149
09/12/2020,MLU,LA,ASW,CE,Combined TRACON& Tower with Radar,0,7,10,0,17,0,4,8,3,15,0,11,18,3,32,20,0,20,52
09/13/2020,MLU,LA,ASW,CE,Combined TRACON& Tower with Radar,0,11,22,0,33,0,0,2,0,2,0,11,24,0,35,0,0,0,35
09/14/2020,MLU,LA,ASW,CE,Combined TRACON& Tower with Radar,0,11,29,7,47,0,1,15,0,16,0,12,44,7,63,0,2,2,65
09/15/2020,MLU,LA,ASW,CE,Combined TRACON& Tower with Radar,0,9,14,30,53,0,0,10,0,10,0,9,24,30,63,0,4,4,67
09/16/2020,MLU,LA,ASW,CE,Combined TRACON& Tower with Radar,0,10,17,20,47,0,0,5,0,5,0,10,22,20,52,2,20,22,74
09/17/2020,MLU,LA,ASW,CE,Combined TRACON& Tower with Radar,0,11,32,18,61,0,0,23,0,23,0,11,55,18,84,0,6,6,90
09/18/2020,MLU,LA,ASW,CE,Combined TRACON& Tower with Radar,0,10,21,12,43,0,1,25,5,31,0,11,46,17,74,36,2,38,112
09/19/2020,MLU,LA,ASW,CE,Combined TRACON& Tower with Radar,0,7,14,1,22,0,0,20,1,21,0,7,34,2,43,12,12,24,67
09/20/2020,MLU,LA,ASW,CE,Combined TRACON& Tower with Radar,0,10,12,7,29,0,1,19,0,20,0,11,31,7,49,12,0,12,61
09/21/2020,MLU,LA,ASW,CE,Combined TRACON& Tower with Radar,0,11,14,0,25,0,0,0,0,0,0,11,14,0,25,0,0,0,25
09/22/2020,MLU,LA,ASW,CE,Combined TRACON& Tower with Radar,0,10,12,0,22,0,0,2,0,2,0,10,14,0,24,0,0,0,24
09/23/2020,MLU,LA,ASW,CE,Combined TRACON& Tower with Radar,0,9,3,0,12,0,0,0,0,0,0,9,3,0,12,0,0,0,12
09/24/2020,MLU,LA,ASW,CE,Combined TRACON& Tower with Radar,0,9,9,2,20,0,0,1,0,1,0,9,10,2,21,2,0,2,23
09/25/2020,MLU,LA,ASW,CE,Combined TRACON& Tower with Radar,1,9,22,35,67,0,0,4,1,5,1,9,26,36,72,0,0,0,72
09/26/2020,MLU,LA,ASW,CE,Combined TRACON& Tower with Radar,0,7,15,6,28,0,0,7,0,7,0,7,22,6,35,26,0,26,61
09/27/2020,MLU,LA,ASW,CE,Combined TRACON& Tower with Radar,0,10,19,22,51,0,0,15,4,19,0,10,34,26,70,8,26,34,104
09/28/2020,MLU,LA,ASW,CE,Combined TRACON& Tower with Radar,0,9,22,21,52,0,0,12,0,12,0,9,34,21,64,0,0,0,64
09/29/2020,MLU,LA,ASW,CE,Combined TRACON& Tower with Radar,0,11,23,33,67,0,0,23,4,27,0,11,46,37,94,0,12,12,106
09/30/2020,MLU,LA,ASW,CE,Combined TRACON& Tower with Radar,0,9,23,31,63,0,0,37,2,39,0,9,60,33,102,4,8,12,114
10/01/2020,MLU,LA,ASW,CE,Combined TRACON& Tower with Radar,2,12,31,17,62,0,2,35,7,44,2,14,66,24,106,6,12,18,124
10/02/2020,MLU,LA,ASW,CE,Combined TRACON& Tower with Radar,1,8,16,16,41,0,0,27,2,29,1,8,43,18,70,0,8,8,78
10/03/2020,MLU,LA,ASW,CE,Combined TRACON& Tower with Radar,0,13,18,0,31,0,1,28,1,30,0,14,46,1,61,20,0,20,81
10/04/2020,MLU,LA,ASW,CE,Combined TRACON& Tower with Radar,0,9,23,2,34,0,0,20,2,22,0,9,43,4,56,10,0,10,66
10/05/2020,MLU,LA,ASW,CE,Combined TRACON& Tower with Radar,0,8,22,50,80,0,0,23,10,33,0,8,45,60,113,0,0,0,113
10/06/2020,MLU,LA,ASW,CE,Combined TRACON& Tower with Radar,0,8,17,44,69,0,0,17,2,19,0,8,34,46,88,10,0,10,98
10/07/2020,MLU,LA,ASW,CE,Combined TRACON& Tower with Radar,0,8,26,22,56,0,0,29,4,33,0,8,55,26,89,28,14,42,131
10/08/2020,MLU,LA,ASW,CE,Combined TRACON& Tower with Radar,1,9,19,10,39,0,0,7,2,9,1,9,26,12,48,0,0,0,48
10/09/2020,MLU,LA,ASW,CE,Combined TRACON& Tower with Radar,1,8,5,0,14,0,0,0,0,0,1,8,5,0,14,0,0,0,14
10/10/2020,MLU,LA,ASW,CE,Combined TRACON& Tower with Radar,1,8,1,0,10,0,0,1,0,1,1,8,2,0,11,0,0,0,11
10/11/2020,MLU,LA,ASW,CE,Combined TRACON& Tower with Radar,0,8,10,27,45,0,0,21,2,23,0,8,31,29,68,0,4,4,72
10/12/2020,MLU,LA,ASW,CE,Combined TRACON& Tower with Radar,0,10,29,0,39,0,1,12,2,15,0,11,41,2,54,0,0,0,54
10/13/2020,MLU,LA,ASW,CE,Combined TRACON& Tower with Radar,0,9,22,40,71,0,1,22,1,24,0,10,44,41,95,6,12,18,113
10/14/2020,MLU,LA,ASW,CE,Combined TRACON& Tower with Radar,0,7,40,8,55,0,0,25,1,26,0,7,65,9,81,4,6,10,91
10/15/2020,MLU,LA,ASW,CE,Combined TRACON& Tower with Radar,0,8,33,28,69,0,0,6,0,6,0,8,39,28,75,0,0,0,75
10/16/2020,MLU,LA,ASW,CE,Combined TRACON& Tower with Radar,1,8,19,17,45,0,0,31,2,33,1,8,50,19,78,4,6,10,88
10/17/2020,MLU,LA,ASW,CE,Combined TRACON& Tower with Radar,0,8,18,3,29,0,0,15,1,16,0,8,33,4,45,34,0,34,79
10/18/2020,MLU,LA,ASW,CE,Combined TRACON& Tower with Radar,0,8,17,0,25,0,0,15,1,16,0,8,32,1,41,6,0,6,47
10/19/2020,MLU,LA,ASW,CE,Combined TRACON& Tower with Radar,0,8,18,8,34,0,0,15,0,15,0,8,33,8,49,0,0,0,49
10/20/2020,MLU,LA,ASW,CE,Combined TRACON& Tower with Radar,0,7,21,8,36,0,0,20,2,22,0,7,41,10,58,0,0,0,58
10/21/2020,MLU,LA,ASW,CE,Combined TRACON& Tower with Radar,0,7,21,30,58,0,0,14,0,14,0,7,35,30,72,0,8,8,80
10/22/2020,MLU,LA,ASW,CE,Combined TRACON& Tower with Radar,0,8,32,2,42,0,2,39,5,46,0,10,71,7,88,4,0,4,92
10/23/2020,MLU,LA,ASW,CE,Combined TRACON& Tower with Radar,2,9,23,26,60,0,0,10,0,10,2,9,33,26,70,4,0,4,74
10/24/2020,MLU,LA,ASW,CE,Combined TRACON& Tower with Radar,0,11,23,1,35,0,0,1,1,2,0,11,24,2,37,0,0,0,37
10/25/2020,MLU,LA,ASW,CE,Combined TRACON& Tower with Radar,0,14,18,3,35,0,0,8,0,8,0,14,26,3,43,10,0,10,53
10/26/2020,MLU,LA,ASW,CE,Combined TRACON& Tower with Radar,0,13,31,7,51,0,0,3,1,4,0,13,34,8,55,0,0,0,55
10/27/2020,MLU,LA,ASW,CE,Combined TRACON& Tower with Radar,0,16,25,20,61,0,0,7,0,7,0,16,32,20,68,0,0,0,68
10/28/2020,MLU,LA,ASW,CE,Combined TRACON& Tower with Radar,0,16,9,0,25,0,0,0,0,0,0,16,9,0,25,0,0,0,25
10/29/2020,MLU,LA,ASW,CE,Combined TRACON& Tower with Radar,0,14,33,37,84,0,0,18,4,22,0,14,51,41,106,2,10,12,118
10/30/2020,MLU,LA,ASW,CE,Combined TRACON& Tower with Radar,1,15,31,37,84,0,0,24,6,30,1,15,55,43,114,28,16,44,158
10/31/2020,MLU,LA,ASW,CE,Combined TRACON& Tower with Radar,3,11,10,0,24,0,2,16,1,19,3,13,26,1,43,24,0,24,67
11/01/2020,MLU,LA,ASW,CE,Combined TRACON& Tower with Radar,0,12,25,8,45,0,3,16,0,19,0,15,41,8,64,8,0,8,72
11/02/2020,MLU,LA,ASW,CE,Combined TRACON& Tower with Radar,0,13,22,20,55,0,0,16,1,17,0,13,38,21,72,4,0,4,76
11/03/2020,MLU,LA,ASW,CE,Combined TRACON& Tower with Radar,0,12,31,14,57,0,0,41,5,46,0,12,72,19,103,36,10,46,149
11/04/2020,MLU,LA,ASW,CE,Combined TRACON& Tower with Radar,0,12,30,5,47,0,1,40,5,46,0,13,70,10,93,32,0,32,125
11/05/2020,MLU,LA,ASW,CE,Combined TRACON& Tower with Radar,0,11,27,20,58,0,0,25,5,30,0,11,52,25,88,24,0,24,112
11/06/2020,MLU,LA,ASW,CE,Combined TRACON& Tower with Radar,2,14,23,19,58,0,0,30,4,34,2,14,53,23,92,6,22,28,120
11/07/2020,MLU,LA,ASW,CE,Combined TRACON& Tower with Radar,4,9,14,0,27,0,0,12,0,12,4,9,26,0,39,0,0,0,39
11/08/2020,MLU,LA,ASW,CE,Combined TRACON& Tower with Radar,0,13,17,10,40,0,0,9,0,9,0,13,26,10,49,8,0,8,57
11/09/2020,MLU,LA,ASW,CE,Combined TRACON& Tower with Radar,0,13,22,14,49,0,0,16,3,19,0,13,38,17,68,8,0,8,76
11/10/2020,MLU,LA,ASW,CE,Combined TRACON& Tower with Radar,0,13,38,47,98,0,0,43,0,43,0,13,81,47,141,36,36,72,213
11/11/2020,MLU,LA,ASW,CE,Combined TRACON& Tower with Radar,0,15,15,0,30,0,0,28,0,28,0,15,43,0,58,10,0,10,68
11/12/2020,MLU,LA,ASW,CE,Combined TRACON& Tower with Radar,0,12,49,46,107,0,0,49,7,56,0,12,98,53,163,12,14,26,189
11/13/2020,MLU,LA,ASW,CE,Combined TRACON& Tower with Radar,0,12,25,37,74,0,0,35,10,45,0,12,60,47,119,48,16,64,183
11/14/2020,MLU,LA,ASW,CE,Combined TRACON& Tower with Radar,0,13,11,9,33,0,0,20,2,22,0,13,31,11,55,0,6,6,61
11/15/2020,MLU,LA,ASW,CE,Combined TRACON& Tower with Radar,0,10,21,10,41,0,0,17,0,17,0,10,38,10,58,4,0,4,62
11/16/2020,MLU,LA,ASW,CE,Combined TRACON& Tower with Radar,0,11,34,7,52,0,0,34,9,43,0,11,68,16,95,40,4,44,139
11/17/2020,MLU,LA,ASW,CE,Combined TRACON& Tower with Radar,0,16,21,26,63,0,1,28,9,38,0,17,49,35,101,48,0,48,149
11/18/2020,MLU,LA,ASW,CE,Combined TRACON& Tower with Radar,0,13,22,37,72,0,0,40,3,43,0,13,62,40,115,6,2,8,123
11/19/2020,MLU,LA,ASW,CE,Combined TRACON& Tower with Radar,0,12,22,26,60,0,4,26,3,33,0,16,48,29,93,0,0,0,93
11/20/2020,MLU,LA,ASW,CE,Combined TRACON& Tower with Radar,0,18,33,13,64,0,0,25,0,25,0,18,58,13,89,4,0,4,93
11/21/2020,MLU,LA,ASW,CE,Combined TRACON& Tower with Radar,0,12,24,1,37,0,0,24,0,24,0,12,48,1,61,30,12,42,103
11/22/2020,MLU,LA,ASW,CE,Combined TRACON& Tower with Radar,2,11,23,0,36,0,0,7,0,7,2,11,30,0,43,0,0,0,43
11/23/2020,MLU,LA,ASW,CE,Combined TRACON& Tower with Radar,0,16,16,21,53,0,1,28,3,32,0,17,44,24,85,32,0,32,117
11/24/2020,MLU,LA,ASW,CE,Combined TRACON& Tower with Radar,0,17,18,41,76,0,0,17,9,26,0,17,35,50,102,6,24,30,132
11/25/2020,MLU,LA,ASW,CE,Combined TRACON& Tower with Radar,0,19,20,0,39,0,2,8,0,10,0,21,28,0,49,0,0,0,49
11/26/2020,MLU,LA,ASW,CE,Combined TRACON& Tower with Radar,0,10,6,0,16,0,0,6,0,6,0,10,12,0,22,6,0,6,28
11/27/2020,MLU,LA,ASW,CE,Combined TRACON& Tower with Radar,0,15,4,0,19,0,0,0,0,0,0,15,4,0,19,0,0,0,19
11/28/2020,MLU,LA,ASW,CE,Combined TRACON& Tower with Radar,0,15,20,0,35,0,1,10,0,11,0,16,30,0,46,0,0,0,46
11/29/2020,MLU,LA,ASW,CE,Combined TRACON& Tower with Radar,0,17,17,2,36,0,0,1,0,1,0,17,18,2,37,0,0,0,37
11/30/2020,MLU,LA,ASW,CE,Combined TRACON& Tower with Radar,0,16,17,37,70,0,2,18,5,25,0,18,35,42,95,0,16,16,111
12/01/2020,MLU,LA,ASW,CE,Combined TRACON& Tower with Radar,0,18,32,12,62,0,3,30,2,35,0,21,62,14,97,28,12,40,137
12/02/2020,MLU,LA,ASW,CE,Combined TRACON& Tower with Radar,0,16,23,41,80,0,2,17,0,19,0,18,40,41,99,0,32,32,131
12/03/2020,MLU,LA,ASW,CE,Combined TRACON& Tower with Radar,0,12,30,19,61,0,0,0,5,5,0,12,30,24,66,0,10,10,76
12/04/2020,MLU,LA,ASW,CE,Combined TRACON& Tower with Radar,0,12,31,14,57,0,0,18,1,19,0,12,49,15,76,8,0,8,84
12/05/2020,MLU,LA,ASW,CE,Combined TRACON& Tower with Radar,0,8,19,0,27,0,0,20,3,23,0,8,39,3,50,0,0,0,50
12/06/2020,MLU,LA,ASW,CE,Combined TRACON& Tower with Radar,0,11,28,4,43,0,0,23,0,23,0,11,51,4,66,0,0,0,66
12/07/2020,MLU,LA,ASW,CE,Combined TRACON& Tower with Radar,0,11,11,31,53,0,0,20,9,29,0,11,31,40,82,12,10,22,104
12/08/2020,MLU,LA,ASW,CE,Combined TRACON& Tower with Radar,0,14,23,46,83,0,0,30,9,39,0,14,53,55,122,64,36,100,222
12/09/2020,MLU,LA,ASW,CE,Combined TRACON& Tower with Radar,0,13,22,27,62,0,0,31,4,35,0,13,53,31,97,0,10,10,107
12/10/2020,MLU,LA,ASW,CE,Combined TRACON& Tower with Radar,0,12,20,2,34,0,0,24,5,29,0,12,44,7,63,14,0,14,77
12/11/2020,MLU,LA,ASW,CE,Combined TRACON& Tower with Radar,0,11,13,3,27,0,0,3,1,4,0,11,16,4,31,0,0,0,31
12/12/2020,MLU,LA,ASW,CE,Combined TRACON& Tower with Radar,0,10,13,0,23,0,0,22,0,22,0,10,35,0,45,0,0,0,45
12/13/2020,MLU,LA,ASW,CE,Combined TRACON& Tower with Radar,0,14,10,5,29,0,0,6,0,6,0,14,16,5,35,0,8,8,43
12/14/2020,MLU,LA,ASW,CE,Combined TRACON& Tower with Radar,0,13,23,8,44,0,0,9,0,9,0,13,32,8,53,0,0,0,53
12/15/2020,MLU,LA,ASW,CE,Combined TRACON& Tower with Radar,0,13,21,2,36,0,0,1,0,1,0,13,22,2,37,0,0,0,37
12/16/2020,MLU,LA,ASW,CE,Combined TRACON& Tower with Radar,0,14,19,17,50,0,0,6,6,12,0,14,25,23,62,0,0,0,62
12/17/2020,MLU,LA,ASW,CE,Combined TRACON& Tower with Radar,0,18,16,22,56,0,0,19,1,20,0,18,35,23,76,0,16,16,92
12/18/2020,MLU,LA,ASW,CE,Combined TRACON& Tower with Radar,0,17,32,2,51,0,0,36,1,37,0,17,68,3,88,2,0,2,90
12/19/2020,MLU,LA,ASW,CE,Combined TRACON& Tower with Radar,0,15,1,0,16,0,0,4,0,4,0,15,5,0,20,0,0,0,20
12/20/2020,MLU,LA,ASW,CE,Combined TRACON& Tower with Radar,0,18,22,0,40,0,0,6,0,6,0,18,28,0,46,16,0,16,62
12/21/2020,MLU,LA,ASW,CE,Combined TRACON& Tower with Radar,0,19,18,28,65,0,1,32,2,35,0,20,50,30,100,14,0,14,114
12/22/2020,MLU,LA,ASW,CE,Combined TRACON& Tower with Radar,0,20,30,22,72,0,0,27,6,33,0,20,57,28,105,30,24,54,159
12/23/2020,MLU,LA,ASW,CE,Combined TRACON& Tower with Radar,0,16,18,0,34,0,0,3,0,3,0,16,21,0,37,0,0,0,37
12/24/2020,MLU,LA,ASW,CE,Combined TRACON& Tower with Radar,0,12,7,0,19,0,0,4,0,4,0,12,11,0,23,0,0,0,23
12/25/2020,MLU,LA,ASW,CE,Combined TRACON& Tower with Radar,0,8,3,0,11,0,0,7,0,7,0,8,10,0,18,2,0,2,20
12/26/2020,MLU,LA,ASW,CE,Combined TRACON& Tower with Radar,0,14,8,0,22,0,0,10,0,10,0,14,18,0,32,0,0,0,32
12/27/2020,MLU,LA,ASW,CE,Combined TRACON& Tower with Radar,0,15,23,0,38,0,0,13,0,13,0,15,36,0,51,0,0,0,51
12/28/2020,MLU,LA,ASW,CE,Combined TRACON& Tower with Radar,0,15,15,0,30,0,0,3,0,3,0,15,18,0,33,6,0,6,39
12/29/2020,MLU,LA,ASW,CE,Combined TRACON& Tower with Radar,0,17,10,0,27,0,0,19,0,19,0,17,29,0,46,4,0,4,50
12/30/2020,MLU,LA,ASW,CE,Combined TRACON& Tower with Radar,0,21,19,0,40,0,0,3,0,3,0,21,22,0,43,0,0,0,43
12/31/2020,MLU,LA,ASW,CE,Combined TRACON& Tower with Radar,0,10,10,0,20,0,0,0,0,0,0,10,10,0,20,0,0,0,20
01/01/2021,MLU,LA,ASW,CE,Combined TRACON& Tower with Radar,0,9,5,0,14,0,0,5,0,5,0,9,10,0,19,20,0,20,39
01/02/2021,MLU,LA,ASW,CE,Combined TRACON& Tower with Radar,0,16,24,0,40,0,0,10,0,10,0,16,34,0,50,8,0,8,58
01/03/2021,MLU,LA,ASW,CE,Combined TRACON& Tower with Radar,0,17,19,0,36,0,0,25,2,27,0,17,44,2,63,0,0,0,63
01/04/2021,MLU,LA,ASW,CE,Combined TRACON& Tower with Radar,0,20,17,2,39,0,0,19,0,19,0,20,36,2,58,38,0,38,96
01/05/2021,MLU,LA,ASW,CE,Combined TRACON& Tower with Radar,0,20,21,7,48,0,0,28,3,31,0,20,49,10,79,26,6,32,111
01/06/2021,MLU,LA,ASW,CE,Combined TRACON& Tower with Radar,0,18,17,22,57,0,0,20,5,25,0,18,37,27,82,44,2,46,128
01/07/2021,MLU,LA,ASW,CE,Combined TRACON& Tower with Radar,0,20,8,2,30,0,0,4,0,4,0,20,12,2,34,2,0,2,36
01/08/2021,MLU,LA,ASW,CE,Combined TRACON& Tower with Radar,0,17,18,30,65,0,0,12,2,14,0,17,30,32,79,34,14,48,127
01/09/2021,MLU,LA,ASW,CE,Combined TRACON& Tower with Radar,0,11,26,0,37,0,0,28,2,30,0,11,54,2,67,22,0,22,89
01/10/2021,MLU,LA,ASW,CE,Combined TRACON& Tower with Radar,0,11,20,0,31,0,0,3,0,3,0,11,23,0,34,0,0,0,34
01/11/2021,MLU,LA,ASW,CE,Combined TRACON& Tower with Radar,0,15,7,0,22,0,0,0,0,0,0,15,7,0,22,4,0,4,26
01/12/2021,MLU,LA,ASW,CE,Combined TRACON& Tower with Radar,0,14,17,48,79,0,1,21,14,36,0,15,38,62,115,42,30,72,187
01/13/2021,MLU,LA,ASW,CE,Combined TRACON& Tower with Radar,0,18,10,23,51,0,0,25,1,26,0,18,35,24,77,42,20,62,139
01/14/2021,MLU,LA,ASW,CE,Combined TRACON& Tower with Radar,0,15,21,21,57,0,0,16,15,31,0,15,37,36,88,0,6,6,94
01/15/2021,MLU,LA,ASW,CE,Combined TRACON& Tower with Radar,0,15,9,37,61,0,0,17,3,20,0,15,26,40,81,6,2,8,89
01/16/2021,MLU,LA,ASW,CE,Combined TRACON& Tower with Radar,0,11,7,0,18,0,0,22,2,24,0,11,29,2,42,40,0,40,82
01/17/2021,MLU,LA,ASW,CE,Combined TRACON& Tower with Radar,0,12,15,0,27,0,0,16,0,16,0,12,31,0,43,10,0,10,53
01/18/2021,MLU,LA,ASW,CE,Combined TRACON& Tower with Radar,0,14,39,4,57,0,0,39,0,39,0,14,78,4,96,4,0,4,100
01/19/2021,MLU,LA,ASW,CE,Combined TRACON& Tower with Radar,0,14,15,5,34,0,0,9,3,12,0,14,24,8,46,28,2,30,76
01/20/2021,MLU,LA,ASW,CE,Combined TRACON& Tower with Radar,0,15,18,14,47,0,0,19,2,21,0,15,37,16,68,24,0,24,92
01/21/2021,MLU,LA,ASW,CE,Combined TRACON& Tower with Radar,0,16,14,3,33,0,0,1,0,1,0,16,15,3,34,0,0,0,34
01/22/2021,MLU,LA,ASW,CE,Combined TRACON& Tower with Radar,0,17,15,3,35,0,0,2,0,2,0,17,17,3,37,0,0,0,37
01/23/2021,MLU,LA,ASW,CE,Combined TRACON& Tower with Radar,0,15,16,3,34,0,0,2,0,2,0,15,18,3,36,0,0,0,36
01/24/2021,MLU,LA,ASW,CE,Combined TRACON& Tower with Radar,0,16,17,0,33,0,0,0,0,0,0,16,17,0,33,0,0,0,33
01/25/2021,MLU,LA,ASW,CE,Combined TRACON& Tower with Radar,0,14,13,0,27,0,1,9,0,10,0,15,22,0,37,0,0,0,37
01/26/2021,MLU,LA,ASW,CE,Combined TRACON& Tower with Radar,1,15,30,40,86,0,1,31,6,38,1,16,61,46,124,14,0,14,138
01/27/2021,MLU,LA,ASW,CE,Combined TRACON& Tower with Radar,0,19,20,53,92,0,0,16,6,22,0,19,36,59,114,22,54,76,190
01/28/2021,MLU,LA,ASW,CE,Combined TRACON& Tower with Radar,0,21,27,48,96,0,2,41,4,47,0,23,68,52,143,46,10,56,199
01/29/2021,MLU,LA,ASW,CE,Combined TRACON& Tower with Radar,0,18,25,14,57,0,1,39,5,45,0,19,64,19,102,72,0,72,174
01/30/2021,MLU,LA,ASW,CE,Combined TRACON& Tower with Radar,0,12,12,0,24,0,0,4,0,4,0,12,16,0,28,0,0,0,28
01/31/2021,MLU,LA,ASW,CE,Combined TRACON& Tower with Radar,0,14,12,4,30,0,0,3,0,3,0,14,15,4,33,6,0,6,39
02/01/2021,MLU,LA,ASW,CE,Combined TRACON& Tower with Radar,0,16,25,45,86,0,0,38,6,44,0,16,63,51,130,10,54,64,194
02/02/2021,MLU,LA,ASW,CE,Combined TRACON& Tower with Radar,0,16,28,7,51,0,2,37,4,43,0,18,65,11,94,80,0,80,174
02/03/2021,MLU,LA,ASW,CE,Combined TRACON& Tower with Radar,0,18,15,38,71,0,0,34,10,44,0,18,49,48,115,50,28,78,193
02/04/2021,MLU,LA,ASW,CE,Combined TRACON& Tower with Radar,0,20,20,2,42,0,0,6,1,7,0,20,26,3,49,0,0,0,49
02/05/2021,MLU,LA,ASW,CE,Combined TRACON& Tower with Radar,0,17,22,14,53,0,1,25,4,30,0,18,47,18,83,30,6,36,119
02/06/2021,MLU,LA,ASW,CE,Combined TRACON& Tower with Radar,1,12,18,4,35,0,0,3,0,3,1,12,21,4,38,0,0,0,38
02/07/2021,MLU,LA,ASW,CE,Combined TRACON& Tower with Radar,0,12,10,12,34,0,0,7,0,7,0,12,17,12,41,0,0,0,41
02/08/2021,MLU,LA,ASW,CE,Combined TRACON& Tower with Radar,0,14,34,24,72,0,0,26,0,26,0,14,60,24,98,42,26,68,166
02/09/2021,MLU,LA,ASW,CE,Combined TRACON& Tower with Radar,0,14,23,31,68,0,0,7,3,10,0,14,30,34,78,30,18,48,126
02/10/2021,MLU,LA,ASW,CE,Combined TRACON& Tower with Radar,0,17,4,4,25,0,0,0,0,0,0,17,4,4,25,0,0,0,25
02/11/2021,MLU,LA,ASW,CE,Combined TRACON& Tower with Radar,0,17,9,0,26,0,0,0,0,0,0,17,9,0,26,0,0,0,26
02/12/2021,MLU,LA,ASW,CE,Combined TRACON& Tower with Radar,4,15,14,0,33,0,0,0,0,0,4,15,14,0,33,0,0,0,33
02/13/2021,MLU,LA,ASW,CE,Combined TRACON& Tower with Radar,0,12,10,0,22,0,0,6,0,6,0,12,16,0,28,0,0,0,28
02/14/2021,MLU,LA,ASW,CE,Combined TRACON& Tower with Radar,0,4,4,0,8,0,0,0,0,0,0,4,4,0,8,0,0,0,8
02/15/2021,MLU,LA,ASW,CE,Combined TRACON& Tower with Radar,0,0,0,0,0,0,0,1,0,1,0,0,1,0,1,0,0,0,1
02/16/2021,MLU,LA,ASW,CE,Combined TRACON& Tower with Radar,0,0,0,0,0,0,1,3,1,5,0,1,3,1,5,0,0,0,5
02/17/2021,MLU,LA,ASW,CE,Combined TRACON& Tower with Radar,0,0,0,0,0,0,0,0,0,0,0,0,0,0,0,0,0,0,0
02/18/2021,MLU,LA,ASW,CE,Combined TRACON& Tower with Radar,0,0,0,0,0,0,0,0,0,0,0,0,0,0,0,0,0,0,0
02/19/2021,MLU,LA,ASW,CE,Combined TRACON& Tower with Radar,0,0,0,0,0,0,6,3,0,9,0,6,3,0,9,0,0,0,9
02/20/2021,MLU,LA,ASW,CE,Combined TRACON& Tower with Radar,0,0,3,0,3,0,4,4,2,10,0,4,7,2,13,0,0,0,13
02/21/2021,MLU,LA,ASW,CE,Combined TRACON& Tower with Radar,4,14,16,0,34,0,0,5,2,7,4,14,21,2,41,0,0,0,41
02/22/2021,MLU,LA,ASW,CE,Combined TRACON& Tower with Radar,0,22,26,0,48,0,0,26,0,26,0,22,52,0,74,4,0,4,78
02/23/2021,MLU,LA,ASW,CE,Combined TRACON& Tower with Radar,0,15,23,3,41,0,0,40,2,42,0,15,63,5,83,36,4,40,123
02/24/2021,MLU,LA,ASW,CE,Combined TRACON& Tower with Radar,0,17,28,19,64,0,0,25,2,27,0,17,53,21,91,14,4,18,109
02/25/2021,MLU,LA,ASW,CE,Combined TRACON& Tower with Radar,1,21,18,9,49,0,4,8,0,12,1,25,26,9,61,18,0,18,79
02/26/2021,MLU,LA,ASW,CE,Combined TRACON& Tower with Radar,0,18,28,19,65,0,0,13,0,13,0,18,41,19,78,10,6,16,94
02/27/2021,MLU,LA,ASW,CE,Combined TRACON& Tower with Radar,0,15,8,0,23,0,0,4,0,4,0,15,12,0,27,8,0,8,35
02/28/2021,MLU,LA,ASW,CE,Combined TRACON& Tower with Radar,6,15,7,1,29,0,0,2,2,4,6,15,9,3,33,0,0,0,33
03/01/2021,MLU,LA,ASW,CE,Combined TRACON& Tower with Radar,0,16,6,0,22,0,0,0,0,0,0,16,6,0,22,0,0,0,22
03/02/2021,MLU,LA,ASW,CE,Combined TRACON& Tower with Radar,0,14,10,3,27,0,0,7,2,9,0,14,17,5,36,44,8,52,88
03/03/2021,MLU,LA,ASW,CE,Combined TRACON& Tower with Radar,0,15,18,24,57,0,4,36,14,54,0,19,54,38,111,8,6,14,125
03/04/2021,MLU,LA,ASW,CE,Combined TRACON& Tower with Radar,0,20,23,24,67,0,4,49,6,59,0,24,72,30,126,28,18,46,172
03/05/2021,MLU,LA,ASW,CE,Combined TRACON& Tower with Radar,0,17,18,2,37,0,2,13,4,19,0,19,31,6,56,14,10,24,80
03/06/2021,MLU,LA,ASW,CE,Combined TRACON& Tower with Radar,0,10,10,0,20,0,1,38,0,39,0,11,48,0,59,40,0,40,99
03/07/2021,MLU,LA,ASW,CE,Combined TRACON& Tower with Radar,0,14,7,4,25,0,0,23,0,23,0,14,30,4,48,0,4,4,52
03/08/2021,MLU,LA,ASW,CE,Combined TRACON& Tower with Radar,0,17,19,43,79,0,1,29,6,36,0,18,48,49,115,40,14,54,169
03/09/2021,MLU,LA,ASW,CE,Combined TRACON& Tower with Radar,0,16,25,14,55,0,0,16,8,24,0,16,41,22,79,0,2,2,81
03/10/2021,MLU,LA,ASW,CE,Combined TRACON& Tower with Radar,0,15,23,9,47,0,0,7,1,8,0,15,30,10,55,6,22,28,83
03/11/2021,MLU,LA,ASW,CE,Combined TRACON& Tower with Radar,0,17,31,13,61,0,0,7,5,12,0,17,38,18,73,2,6,8,81
03/12/2021,MLU,LA,ASW,CE,Combined TRACON& Tower with Radar,0,19,22,13,54,0,0,14,0,14,0,19,36,13,68,32,0,32,100
03/13/2021,MLU,LA,ASW,CE,Combined TRACON& Tower with Radar,0,10,12,4,26,0,0,8,0,8,0,10,20,4,34,10,6,16,50
03/14/2021,MLU,LA,ASW,CE,Combined TRACON& Tower with Radar,0,13,14,2,29,0,0,8,1,9,0,13,22,3,38,8,0,8,46
03/15/2021,MLU,LA,ASW,CE,Combined TRACON& Tower with Radar,0,17,16,9,42,0,0,15,3,18,0,17,31,12,60,36,0,36,96
03/16/2021,MLU,LA,ASW,CE,Combined TRACON& Tower with Radar,0,14,24,12,50,0,0,5,1,6,0,14,29,13,56,14,0,14,70
03/17/2021,MLU,LA,ASW,CE,Combined TRACON& Tower with Radar,0,14,8,1,23,0,0,2,0,2,0,14,10,1,25,0,0,0,25
03/18/2021,MLU,LA,ASW,CE,Combined TRACON& Tower with Radar,0,19,25,0,44,0,0,16,2,18,0,19,41,2,62,0,0,0,62
03/19/2021,MLU,LA,ASW,CE,Combined TRACON& Tower with Radar,0,20,22,0,42,0,0,11,0,11,0,20,33,0,53,24,0,24,77
03/20/2021,MLU,LA,ASW,CE,Combined TRACON& Tower with Radar,0,12,22,2,36,0,4,27,0,31,0,16,49,2,67,26,0,26,93
03/21/2021,MLU,LA,ASW,CE,Combined TRACON& Tower with Radar,0,17,25,1,43,0,2,22,1,25,0,19,47,2,68,38,20,58,126
03/22/2021,MLU,LA,ASW,CE,Combined TRACON& Tower with Radar,0,15,33,8,56,0,1,19,0,20,0,16,52,8,76,4,4,8,84
03/23/2021,MLU,LA,ASW,CE,Combined TRACON& Tower with Radar,0,12,38,4,54,0,0,31,0,31,0,12,69,4,85,12,0,12,97
03/24/2021,MLU,LA,ASW,CE,Combined TRACON& Tower with Radar,0,14,32,3,49,0,1,10,0,11,0,15,42,3,60,34,0,34,94
03/25/2021,MLU,LA,ASW,CE,Combined TRACON& Tower with Radar,0,14,11,4,29,0,1,5,0,6,0,15,16,4,35,16,6,22,57
03/26/2021,MLU,LA,ASW,CE,Combined TRACON& Tower with Radar,0,21,29,26,76,0,1,32,4,37,0,22,61,30,113,30,82,112,225
03/27/2021,MLU,LA,ASW,CE,Combined TRACON& Tower with Radar,0,9,15,0,24,0,0,3,0,3,0,9,18,0,27,0,0,0,27
03/28/2021,MLU,LA,ASW,CE,Combined TRACON& Tower with Radar,0,13,11,0,24,0,0,12,0,12,0,13,23,0,36,4,0,4,40
03/29/2021,MLU,LA,ASW,CE,Combined TRACON& Tower with Radar,0,15,24,37,76,0,0,31,4,35,0,15,55,41,111,32,34,66,177
03/30/2021,MLU,LA,ASW,CE,Combined TRACON& Tower with Radar,0,15,21,25,61,0,0,0,1,1,0,15,21,26,62,0,0,0,62
03/31/2021,MLU,LA,ASW,CE,Combined TRACON& Tower with Radar,0,13,22,38,73,0,0,5,2,7,0,13,27,40,80,0,24,24,104
04/01/2021,MLU,LA,ASW,CE,Combined TRACON& Tower with Radar,0,23,28,44,95,0,1,23,12,36,0,24,51,56,131,0,20,20,151
04/02/2021,MLU,LA,ASW,CE,Combined TRACON& Tower with Radar,0,22,22,12,56,0,1,30,4,35,0,23,52,16,91,62,14,76,167
04/03/2021,MLU,LA,ASW,CE,Combined TRACON& Tower with Radar,0,12,14,0,26,0,0,13,1,14,0,12,27,1,40,28,0,28,68
04/04/2021,MLU,LA,ASW,CE,Combined TRACON& Tower with Radar,0,16,9,0,25,0,0,14,1,15,0,16,23,1,40,0,0,0,40
04/05/2021,MLU,LA,ASW,CE,Combined TRACON& Tower with Radar,0,17,17,55,89,0,0,17,2,19,0,17,34,57,108,10,10,20,128
04/06/2021,MLU,LA,ASW,CE,Combined TRACON& Tower with Radar,1,14,22,37,74,0,0,13,2,15,1,14,35,39,89,10,18,28,117
04/07/2021,MLU,LA,ASW,CE,Combined TRACON& Tower with Radar,0,16,15,0,31,0,0,7,0,7,0,16,22,0,38,0,0,0,38
04/08/2021,MLU,LA,ASW,CE,Combined TRACON& Tower with Radar,1,23,37,86,147,0,0,30,9,39,1,23,67,95,186,12,4,16,202
04/09/2021,MLU,LA,ASW,CE,Combined TRACON& Tower with Radar,0,15,21,0,36,0,0,4,0,4,0,15,25,0,40,0,0,0,40
04/10/2021,MLU,LA,ASW,CE,Combined TRACON& Tower with Radar,0,18,13,1,32,0,0,13,2,15,0,18,26,3,47,34,0,34,81
04/11/2021,MLU,LA,ASW,CE,Combined TRACON& Tower with Radar,0,23,31,4,58,0,0,28,2,30,0,23,59,6,88,8,0,8,96
04/12/2021,MLU,LA,ASW,CE,Combined TRACON& Tower with Radar,0,19,17,55,91,0,0,24,5,29,0,19,41,60,120,26,12,38,158
04/13/2021,MLU,LA,ASW,CE,Combined TRACON& Tower with Radar,0,18,18,33,69,0,0,23,3,26,0,18,41,36,95,22,14,36,131
04/14/2021,MLU,LA,ASW,CE,Combined TRACON& Tower with Radar,4,16,12,0,32,0,0,0,0,0,4,16,12,0,32,0,0,0,32
04/15/2021,MLU,LA,ASW,CE,Combined TRACON& Tower with Radar,0,21,30,66,117,0,1,38,3,42,0,22,68,69,159,56,10,66,225
04/16/2021,MLU,LA,ASW,CE,Combined TRACON& Tower with Radar,4,17,9,0,30,0,0,3,2,5,4,17,12,2,35,0,0,0,35
04/17/2021,MLU,LA,ASW,CE,Combined TRACON& Tower with Radar,0,14,34,0,48,0,0,1,0,1,0,14,35,0,49,0,0,0,49
04/18/2021,MLU,LA,ASW,CE,Combined TRACON& Tower with Radar,0,18,16,0,34,0,2,20,0,22,0,20,36,0,56,20,6,26,82
04/19/2021,MLU,LA,ASW,CE,Combined TRACON& Tower with Radar,0,16,34,49,99,0,1,48,16,65,0,17,82,65,164,36,28,64,228
04/20/2021,MLU,LA,ASW,CE,Combined TRACON& Tower with Radar,0,19,26,24,69,0,1,42,9,52,0,20,68,33,121,12,12,24,145
04/21/2021,MLU,LA,ASW,CE,Combined TRACON& Tower with Radar,2,16,29,43,90,0,7,52,3,62,2,23,81,46,152,70,2,72,224
04/22/2021,MLU,LA,ASW,CE,Combined TRACON& Tower with Radar,2,20,41,47,110,0,6,34,7,47,2,26,75,54,157,32,4,36,193
04/23/2021,MLU,LA,ASW,CE,Combined TRACON& Tower with Radar,0,16,20,3,39,0,0,10,1,11,0,16,30,4,50,0,0,0,50
04/24/2021,MLU,LA,ASW,CE,Combined TRACON& Tower with Radar,0,14,3,8,25,0,0,12,0,12,0,14,15,8,37,14,0,14,51
04/25/2021,MLU,LA,ASW,CE,Combined TRACON& Tower with Radar,0,16,18,0,34,0,0,23,0,23,0,16,41,0,57,44,0,44,101
04/26/2021,MLU,LA,ASW,CE,Combined TRACON& Tower with Radar,0,16,36,45,97,0,0,45,6,51,0,16,81,51,148,64,28,92,240
04/27/2021,MLU,LA,ASW,CE,Combined TRACON& Tower with Radar,0,17,26,30,73,0,0,13,3,16,0,17,39,33,89,26,0,26,115
04/28/2021,MLU,LA,ASW,CE,Combined TRACON& Tower with Radar,0,19,30,21,70,0,1,8,3,12,0,20,38,24,82,14,0,14,96
04/29/2021,MLU,LA,ASW,CE,Combined TRACON& Tower with Radar,0,22,25,30,77,0,0,13,5,18,0,22,38,35,95,2,0,2,97
04/30/2021,MLU,LA,ASW,CE,Combined TRACON& Tower with Radar,0,28,19,2,49,0,0,2,0,2,0,28,21,2,51,0,0,0,51
05/01/2021,MLU,LA,ASW,CE,Combined TRACON& Tower with Radar,0,12,9,1,22,0,0,26,5,31,0,12,35,6,53,40,2,42,95
05/02/2021,MLU,LA,ASW,CE,Combined TRACON& Tower with Radar,0,20,16,0,36,0,0,3,0,3,0,20,19,0,39,0,0,0,39
05/03/2021,MLU,LA,ASW,CE,Combined TRACON& Tower with Radar,0,17,24,64,105,0,0,13,2,15,0,17,37,66,120,8,8,16,136
05/04/2021,MLU,LA,ASW,CE,Combined TRACON& Tower with Radar,0,21,4,0,25,0,0,4,0,4,0,21,8,0,29,18,26,44,73
05/05/2021,MLU,LA,ASW,CE,Combined TRACON& Tower with Radar,0,20,34,61,115,0,0,35,12,47,0,20,69,73,162,6,14,20,182
05/06/2021,MLU,LA,ASW,CE,Combined TRACON& Tower with Radar,0,20,24,27,71,0,0,34,8,42,0,20,58,35,113,8,0,8,121
05/07/2021,MLU,LA,ASW,CE,Combined TRACON& Tower with Radar,2,19,31,21,73,0,0,24,3,27,2,19,55,24,100,30,4,34,134
05/08/2021,MLU,LA,ASW,CE,Combined TRACON& Tower with Radar,0,15,12,8,35,0,0,21,0,21,0,15,33,8,56,24,0,24,80
05/09/2021,MLU,LA,ASW,CE,Combined TRACON& Tower with Radar,0,18,8,0,26,0,0,8,0,8,0,18,16,0,34,0,0,0,34
05/10/2021,MLU,LA,ASW,CE,Combined TRACON& Tower with Radar,2,17,7,16,42,0,0,5,0,5,2,17,12,16,47,4,0,4,51
05/11/2021,MLU,LA,ASW,CE,Combined TRACON& Tower with Radar,2,14,9,0,25,0,0,0,1,1,2,14,9,1,26,10,0,10,36
05/12/2021,MLU,LA,ASW,CE,Combined TRACON& Tower with Radar,0,21,12,29,62,0,0,11,1,12,0,21,23,30,74,80,0,80,154
05/13/2021,MLU,LA,ASW,CE,Combined TRACON& Tower with Radar,0,20,28,22,70,0,1,34,4,39,0,21,62,26,109,56,8,64,173
05/14/2021,MLU,LA,ASW,CE,Combined TRACON& Tower with Radar,0,19,16,60,95,0,0,36,8,44,0,19,52,68,139,68,0,68,207
05/15/2021,MLU,LA,ASW,CE,Combined TRACON& Tower with Radar,2,12,10,5,29,0,0,26,3,29,2,12,36,8,58,26,10,36,94
05/16/2021,MLU,LA,ASW,CE,Combined TRACON& Tower with Radar,0,15,4,0,19,0,0,14,0,14,0,15,18,0,33,8,0,8,41
05/17/2021,MLU,LA,ASW,CE,Combined TRACON& Tower with Radar,0,20,16,0,36,0,0,5,0,5,0,20,21,0,41,12,0,12,53
05/18/2021,MLU,LA,ASW,CE,Combined TRACON& Tower with Radar,0,18,7,2,27,0,0,3,0,3,0,18,10,2,30,0,0,0,30
05/19/2021,MLU,LA,ASW,CE,Combined TRACON& Tower with Radar,0,20,4,0,24,0,0,4,0,4,0,20,8,0,28,0,0,0,28
05/20/2021,MLU,LA,ASW,CE,Combined TRACON& Tower with Radar,0,18,18,5,41,0,0,7,1,8,0,18,25,6,49,28,0,28,77
05/21/2021,MLU,LA,ASW,CE,Combined TRACON& Tower with Radar,0,19,30,0,49,0,0,3,0,3,0,19,33,0,52,14,0,14,66
05/22/2021,MLU,LA,ASW,CE,Combined TRACON& Tower with Radar,0,13,16,0,29,0,0,18,2,20,0,13,34,2,49,64,0,64,113
05/23/2021,MLU,LA,ASW,CE,Combined TRACON& Tower with Radar,0,16,14,0,30,0,0,17,0,17,0,16,31,0,47,12,0,12,59
05/24/2021,MLU,LA,ASW,CE,Combined TRACON& Tower with Radar,0,18,20,51,89,0,0,19,12,31,0,18,39,63,120,18,8,26,146
05/25/2021,MLU,LA,ASW,CE,Combined TRACON& Tower with Radar,0,18,25,73,116,0,0,19,2,21,0,18,44,75,137,0,18,18,155
05/26/2021,MLU,LA,ASW,CE,Combined TRACON& Tower with Radar,0,18,40,14,72,0,0,29,3,32,0,18,69,17,104,44,0,44,148
05/27/2021,MLU,LA,ASW,CE,Combined TRACON& Tower with Radar,0,16,21,30,67,0,0,36,5,41,0,16,57,35,108,40,8,48,156
05/28/2021,MLU,LA,ASW,CE,Combined TRACON& Tower with Radar,0,19,18,0,37,0,0,9,0,9,0,19,27,0,46,32,0,32,78
05/29/2021,MLU,LA,ASW,CE,Combined TRACON& Tower with Radar,0,14,9,0,23,0,0,17,0,17,0,14,26,0,40,16,0,16,56
05/30/2021,MLU,LA,ASW,CE,Combined TRACON& Tower with Radar,0,14,12,0,26,0,0,24,0,24,0,14,36,0,50,28,0,28,78
05/31/2021,MLU,LA,ASW,CE,Combined TRACON& Tower with Radar,0,13,13,3,29,0,0,29,4,33,0,13,42,7,62,38,0,38,100
06/01/2021,MLU,LA,ASW,CE,Combined TRACON& Tower with Radar,0,16,23,12,51,0,0,1,0,1,0,16,24,12,52,10,0,10,62
06/02/2021,MLU,LA,ASW,CE,Combined TRACON& Tower with Radar,2,18,15,25,60,0,0,19,1,20,2,18,34,26,80,16,0,16,96
06/03/2021,MLU,LA,ASW,CE,Combined TRACON& Tower with Radar,0,15,29,25,69,0,0,28,5,33,0,15,57,30,102,36,0,36,138
06/04/2021,MLU,LA,ASW,CE,Combined TRACON& Tower with Radar,0,15,8,14,37,0,1,4,2,7,0,16,12,16,44,10,0,10,54
06/05/2021,MLU,LA,ASW,CE,Combined TRACON& Tower with Radar,0,15,9,12,36,0,0,3,0,3,0,15,12,12,39,8,0,8,47
06/06/2021,MLU,LA,ASW,CE,Combined TRACON& Tower with Radar,0,17,5,6,28,0,0,4,1,5,0,17,9,7,33,6,0,6,39
06/07/2021,MLU,LA,ASW,CE,Combined TRACON& Tower with Radar,0,18,11,0,29,0,0,3,0,3,0,18,14,0,32,0,0,0,32
06/08/2021,MLU,LA,ASW,CE,Combined TRACON& Tower with Radar,0,19,17,23,59,0,0,0,0,0,0,19,17,23,59,0,0,0,59
06/09/2021,MLU,LA,ASW,CE,Combined TRACON& Tower with Radar,0,20,18,6,44,0,0,5,0,5,0,20,23,6,49,0,0,0,49
06/10/2021,MLU,LA,ASW,CE,Combined TRACON& Tower with Radar,0,24,24,4,52,0,0,26,4,30,0,24,50,8,82,16,10,26,108
06/11/2021,MLU,LA,ASW,CE,Combined TRACON& Tower with Radar,0,20,28,80,128,0,0,28,22,50,0,20,56,102,178,42,8,50,228
06/12/2021,MLU,LA,ASW,CE,Combined TRACON& Tower with Radar,0,16,16,18,50,0,0,24,3,27,0,16,40,21,77,30,20,50,127
06/13/2021,MLU,LA,ASW,CE,Combined TRACON& Tower with Radar,2,11,10,0,23,0,0,6,1,7,2,11,16,1,30,10,0,10,40
06/14/2021,MLU,LA,ASW,CE,Combined TRACON& Tower with Radar,2,17,25,19,63,0,0,39,4,43,2,17,64,23,106,26,8,34,140
06/15/2021,MLU,LA,ASW,CE,Combined TRACON& Tower with Radar,2,16,20,47,85,0,1,34,10,45,2,17,54,57,130,26,10,36,166
06/16/2021,MLU,LA,ASW,CE,Combined TRACON& Tower with Radar,2,17,20,26,65,0,0,34,8,42,2,17,54,34,107,56,4,60,167
06/17/2021,MLU,LA,ASW,CE,Combined TRACON& Tower with Radar,1,15,17,19,52,0,1,37,2,40,1,16,54,21,92,26,0,26,118
06/18/2021,MLU,LA,ASW,CE,Combined TRACON& Tower with Radar,2,15,15,5,37,0,1,30,3,34,2,16,45,8,71,42,12,54,125
06/19/2021,MLU,LA,ASW,CE,Combined TRACON& Tower with Radar,0,13,8,0,21,0,0,24,0,24,0,13,32,0,45,30,0,30,75
06/20/2021,MLU,LA,ASW,CE,Combined TRACON& Tower with Radar,0,13,11,11,35,0,0,13,4,17,0,13,24,15,52,8,8,16,68
06/21/2021,MLU,LA,ASW,CE,Combined TRACON& Tower with Radar,2,15,13,20,50,0,0,10,0,10,2,15,23,20,60,0,0,0,60
06/22/2021,MLU,LA,ASW,CE,Combined TRACON& Tower with Radar,4,14,19,29,66,0,0,26,7,33,4,14,45,36,99,36,4,40,139
06/23/2021,MLU,LA,ASW,CE,Combined TRACON& Tower with Radar,2,16,35,18,71,0,0,33,2,35,2,16,68,20,106,44,20,64,170
06/24/2021,MLU,LA,ASW,CE,Combined TRACON& Tower with Radar,0,15,32,17,64,0,0,13,1,14,0,15,45,18,78,46,12,58,136
06/25/2021,MLU,LA,ASW,CE,Combined TRACON& Tower with Radar,0,16,25,38,79,0,0,15,0,15,0,16,40,38,94,4,12,16,110
06/26/2021,MLU,LA,ASW,CE,Combined TRACON& Tower with Radar,0,13,19,0,32,0,0,6,0,6,0,13,25,0,38,10,0,10,48
06/27/2021,MLU,LA,ASW,CE,Combined TRACON& Tower with Radar,0,13,10,5,28,0,0,8,0,8,0,13,18,5,36,12,0,12,48
06/28/2021,MLU,LA,ASW,CE,Combined TRACON& Tower with Radar,0,14,11,17,42,0,3,7,2,12,0,17,18,19,54,0,0,0,54
06/29/2021,MLU,LA,ASW,CE,Combined TRACON& Tower with Radar,0,16,19,31,66,0,0,9,4,13,0,16,28,35,79,56,10,66,145
06/30/2021,MLU,LA,ASW,CE,Combined TRACON& Tower with Radar,0,17,26,37,80,0,0,28,3,31,0,17,54,40,111,32,4,36,147
07/01/2021,MLU,LA,ASW,CE,Combined TRACON& Tower with Radar,0,15,40,30,85,0,0,35,13,48,0,15,75,43,133,34,6,40,173
07/02/2021,MLU,LA,ASW,CE,Combined TRACON& Tower with Radar,0,17,10,0,27,0,0,3,0,3,0,17,13,0,30,8,0,8,38
07/03/2021,MLU,LA,ASW,CE,Combined TRACON& Tower with Radar,0,15,12,0,27,0,0,29,0,29,0,15,41,0,56,48,0,48,104
07/04/2021,MLU,LA,ASW,CE,Combined TRACON& Tower with Radar,0,13,1,0,14,0,0,19,0,19,0,13,20,0,33,4,0,4,37
07/05/2021,MLU,LA,ASW,CE,Combined TRACON& Tower with Radar,0,17,18,8,43,0,0,25,0,25,0,17,43,8,68,52,0,52,120
07/06/2021,MLU,LA,ASW,CE,Combined TRACON& Tower with Radar,0,14,14,18,46,0,1,12,4,17,0,15,26,22,63,46,10,56,119
07/07/2021,MLU,LA,ASW,CE,Combined TRACON& Tower with Radar,0,17,24,16,57,0,0,13,0,13,0,17,37,16,70,20,22,42,112
07/08/2021,MLU,LA,ASW,CE,Combined TRACON& Tower with Radar,0,22,17,38,77,0,1,29,1,31,0,23,46,39,108,82,6,88,196
07/09/2021,MLU,LA,ASW,CE,Combined TRACON& Tower with Radar,2,14,35,26,77,0,0,41,0,41,2,14,76,26,118,4,20,24,142
07/10/2021,MLU,LA,ASW,CE,Combined TRACON& Tower with Radar,0,14,16,0,30,0,0,3,0,3,0,14,19,0,33,10,0,10,43
07/11/2021,MLU,LA,ASW,CE,Combined TRACON& Tower with Radar,0,13,9,0,22,0,0,7,0,7,0,13,16,0,29,0,0,0,29
07/12/2021,MLU,LA,ASW,CE,Combined TRACON& Tower with Radar,0,15,11,31,57,0,0,10,0,10,0,15,21,31,67,10,32,42,109
07/13/2021,MLU,LA,ASW,CE,Combined TRACON& Tower with Radar,2,14,14,29,59,0,0,23,9,32,2,14,37,38,91,36,0,36,127
07/14/2021,MLU,LA,ASW,CE,Combined TRACON& Tower with Radar,1,20,19,59,99,0,1,28,11,40,1,21,47,70,139,0,18,18,157
07/15/2021,MLU,LA,ASW,CE,Combined TRACON& Tower with Radar,1,22,23,28,74,0,0,26,1,27,1,22,49,29,101,10,18,28,129
07/16/2021,MLU,LA,ASW,CE,Combined TRACON& Tower with Radar,2,19,21,2,44,0,0,4,0,4,2,19,25,2,48,0,2,2,50
07/17/2021,MLU,LA,ASW,CE,Combined TRACON& Tower with Radar,0,13,6,0,19,0,2,9,0,11,0,15,15,0,30,22,0,22,52
07/18/2021,MLU,LA,ASW,CE,Combined TRACON& Tower with Radar,0,15,11,0,26,0,0,8,0,8,0,15,19,0,34,22,0,22,56
07/19/2021,MLU,LA,ASW,CE,Combined TRACON& Tower with Radar,0,12,14,0,26,0,0,2,0,2,0,12,16,0,28,12,0,12,40
07/20/2021,MLU,LA,ASW,CE,Combined TRACON& Tower with Radar,0,11,12,2,25,0,0,12,2,14,0,11,24,4,39,16,4,20,59
07/21/2021,MLU,LA,ASW,CE,Combined TRACON& Tower with Radar,2,14,22,38,76,0,0,20,1,21,2,14,42,39,97,22,24,46,143
07/22/2021,MLU,LA,ASW,CE,Combined TRACON& Tower with Radar,1,14,29,15,59,0,0,25,1,26,1,14,54,16,85,48,34,82,167
07/23/2021,MLU,LA,ASW,CE,Combined TRACON& Tower with Radar,0,15,15,39,69,0,0,30,2,32,0,15,45,41,101,4,14,18,119
07/24/2021,MLU,LA,ASW,CE,Combined TRACON& Tower with Radar,0,13,19,0,32,0,0,17,0,17,0,13,36,0,49,0,0,0,49
07/25/2021,MLU,LA,ASW,CE,Combined TRACON& Tower with Radar,0,13,13,0,26,0,0,19,0,19,0,13,32,0,45,4,0,4,49
07/26/2021,MLU,LA,ASW,CE,Combined TRACON& Tower with Radar,0,16,20,47,83,0,2,16,3,21,0,18,36,50,104,22,8,30,134
07/27/2021,MLU,LA,ASW,CE,Combined TRACON& Tower with Radar,2,18,14,4,38,0,0,16,3,19,2,18,30,7,57,28,0,28,85
07/28/2021,MLU,LA,ASW,CE,Combined TRACON& Tower with Radar,2,14,28,30,74,0,0,23,19,42,2,14,51,49,116,26,30,56,172
07/29/2021,MLU,LA,ASW,CE,Combined TRACON& Tower with Radar,1,17,19,43,80,0,0,37,10,47,1,17,56,53,127,34,22,56,183
07/30/2021,MLU,LA,ASW,CE,Combined TRACON& Tower with Radar,1,18,24,40,83,0,0,27,9,36,1,18,51,49,119,64,8,72,191
07/31/2021,MLU,LA,ASW,CE,Combined TRACON& Tower with Radar,0,17,10,6,33,0,0,18,0,18,0,17,28,6,51,26,0,26,77
08/01/2021,MLU,LA,ASW,CE,Combined TRACON& Tower with Radar,0,14,14,0,28,0,0,8,0,8,0,14,22,0,36,10,0,10,46
08/02/2021,MLU,LA,ASW,CE,Combined TRACON& Tower with Radar,0,17,26,0,43,0,0,1,0,1,0,17,27,0,44,8,0,8,52
08/03/2021,MLU,LA,ASW,CE,Combined TRACON& Tower with Radar,2,16,26,24,68,0,0,16,3,19,2,16,42,27,87,56,6,62,149
08/04/2021,MLU,LA,ASW,CE,Combined TRACON& Tower with Radar,1,15,29,24,69,0,0,42,7,49,1,15,71,31,118,98,14,112,230
08/05/2021,MLU,LA,ASW,CE,Combined TRACON& Tower with Radar,1,16,20,4,41,0,2,27,10,39,1,18,47,14,80,28,6,34,114
08/06/2021,MLU,LA,ASW,CE,Combined TRACON& Tower with Radar,1,18,15,9,43,0,0,22,0,22,1,18,37,9,65,8,2,10,75
08/07/2021,MLU,LA,ASW,CE,Combined TRACON& Tower with Radar,0,12,8,4,24,0,0,10,0,10,0,12,18,4,34,10,0,10,44
08/08/2021,MLU,LA,ASW,CE,Combined TRACON& Tower with Radar,0,20,11,6,37,0,0,9,0,9,0,20,20,6,46,10,2,12,58
08/09/2021,MLU,LA,ASW,CE,Combined TRACON& Tower with Radar,0,16,17,39,72,0,0,26,0,26,0,16,43,39,98,68,2,70,168
08/10/2021,MLU,LA,ASW,CE,Combined TRACON& Tower with Radar,2,11,25,73,111,0,0,21,8,29,2,11,46,81,140,36,4,40,180
08/11/2021,MLU,LA,ASW,CE,Combined TRACON& Tower with Radar,2,16,15,34,67,0,0,24,6,30,2,16,39,40,97,14,20,34,131
08/12/2021,MLU,LA,ASW,CE,Combined TRACON& Tower with Radar,0,18,17,19,54,0,0,13,15,28,0,18,30,34,82,0,0,0,82
08/13/2021,MLU,LA,ASW,CE,Combined TRACON& Tower with Radar,1,16,29,68,114,0,0,40,14,54,1,16,69,82,168,0,10,10,178
08/14/2021,MLU,LA,ASW,CE,Combined TRACON& Tower with Radar,0,10,2,0,12,0,0,7,0,7,0,10,9,0,19,0,0,0,19
08/15/2021,MLU,LA,ASW,CE,Combined TRACON& Tower with Radar,0,19,12,2,33,0,0,13,0,13,0,19,25,2,46,12,4,16,62
08/16/2021,MLU,LA,ASW,CE,Combined TRACON& Tower with Radar,0,19,16,46,81,0,3,7,0,10,0,22,23,46,91,10,12,22,113
08/17/2021,MLU,LA,ASW,CE,Combined TRACON& Tower with Radar,2,16,11,16,45,0,2,15,6,23,2,18,26,22,68,26,0,26,94
08/18/2021,MLU,LA,ASW,CE,Combined TRACON& Tower with Radar,2,12,14,29,57,0,1,22,2,25,2,13,36,31,82,40,0,40,122
08/19/2021,MLU,LA,ASW,CE,Combined TRACON& Tower with Radar,2,16,10,0,28,0,2,2,0,4,2,18,12,0,32,0,0,0,32
08/20/2021,MLU,LA,ASW,CE,Combined TRACON& Tower with Radar,2,18,15,57,92,0,3,13,1,17,2,21,28,58,109,18,0,18,127
08/21/2021,MLU,LA,ASW,CE,Combined TRACON& Tower with Radar,0,13,14,4,31,0,1,22,3,26,0,14,36,7,57,42,26,68,125
08/22/2021,MLU,LA,ASW,CE,Combined TRACON& Tower with Radar,0,17,11,0,28,0,0,18,0,18,0,17,29,0,46,0,4,4,50
08/23/2021,MLU,LA,ASW,CE,Combined TRACON& Tower with Radar,0,15,17,45,77,0,0,20,2,22,0,15,37,47,99,26,0,26,125
08/24/2021,MLU,LA,ASW,CE,Combined TRACON& Tower with Radar,2,16,24,34,76,0,0,29,10,39,2,16,53,44,115,14,6,20,135
08/25/2021,MLU,LA,ASW,CE,Combined TRACON& Tower with Radar,2,15,25,64,106,0,0,30,2,32,2,15,55,66,138,34,4,38,176
08/26/2021,MLU,LA,ASW,CE,Combined TRACON& Tower with Radar,2,21,18,41,82,0,0,6,8,14,2,21,24,49,96,24,0,24,120
08/27/2021,MLU,LA,ASW,CE,Combined TRACON& Tower with Radar,2,16,26,51,95,0,0,21,12,33,2,16,47,63,128,12,34,46,174
08/28/2021,MLU,LA,ASW,CE,Combined TRACON& Tower with Radar,0,18,11,1,30,0,0,26,4,30,0,18,37,5,60,28,10,38,98
08/29/2021,MLU,LA,ASW,CE,Combined TRACON& Tower with Radar,0,14,2,0,16,0,1,3,0,4,0,15,5,0,20,0,0,0,20
08/30/2021,MLU,LA,ASW,CE,Combined TRACON& Tower with Radar,0,15,2,1,18,0,1,3,0,4,0,16,5,1,22,0,0,0,22
08/31/2021,MLU,LA,ASW,CE,Combined TRACON& Tower with Radar,1,18,14,21,54,0,0,33,0,33,1,18,47,21,87,34,0,34,121
09/01/2021,MLU,LA,ASW,CE,Combined TRACON& Tower with Radar,2,16,10,32,60,0,1,40,13,54,2,17,50,45,114,32,18,50,164
09/02/2021,MLU,LA,ASW,CE,Combined TRACON& Tower with Radar,1,20,25,43,89,0,0,42,15,57,1,20,67,58,146,34,22,56,202
09/03/2021,MLU,LA,ASW,CE,Combined TRACON& Tower with Radar,4,16,16,0,36,0,1,23,0,24,4,17,39,0,60,6,0,6,66
09/04/2021,MLU,LA,ASW,CE,Combined TRACON& Tower with Radar,5,14,8,0,27,0,0,18,0,18,5,14,26,0,45,0,0,0,45
09/05/2021,MLU,LA,ASW,CE,Combined TRACON& Tower with Radar,0,14,3,3,20,0,0,9,0,9,0,14,12,3,29,0,0,0,29
09/06/2021,MLU,LA,ASW,CE,Combined TRACON& Tower with Radar,1,14,10,0,25,0,0,15,0,15,1,14,25,0,40,0,0,0,40
09/07/2021,MLU,LA,ASW,CE,Combined TRACON& Tower with Radar,0,13,23,50,86,0,0,47,8,55,0,13,70,58,141,54,0,54,195
09/08/2021,MLU,LA,ASW,CE,Combined TRACON& Tower with Radar,2,13,24,52,91,0,0,37,8,45,2,13,61,60,136,76,10,86,222
09/09/2021,MLU,LA,ASW,CE,Combined TRACON& Tower with Radar,2,19,31,19,71,0,0,31,7,38,2,19,62,26,109,0,4,4,113
09/10/2021,MLU,LA,ASW,CE,Combined TRACON& Tower with Radar,2,17,15,26,60,0,0,16,1,17,2,17,31,27,77,22,0,22,99
09/11/2021,MLU,LA,ASW,CE,Combined TRACON& Tower with Radar,0,13,15,0,28,0,0,26,0,26,0,13,41,0,54,32,0,32,86
09/12/2021,MLU,LA,ASW,CE,Combined TRACON& Tower with Radar,0,16,21,0,37,0,0,24,2,26,0,16,45,2,63,8,0,8,71
09/13/2021,MLU,LA,ASW,CE,Combined TRACON& Tower with Radar,0,18,22,16,56,0,0,2,0,2,0,18,24,16,58,0,0,0,58
09/14/2021,MLU,LA,ASW,CE,Combined TRACON& Tower with Radar,2,16,16,0,34,0,0,0,0,0,2,16,16,0,34,0,0,0,34
09/15/2021,MLU,LA,ASW,CE,Combined TRACON& Tower with Radar,0,18,25,13,56,0,0,5,0,5,0,18,30,13,61,0,6,6,67
09/16/2021,MLU,LA,ASW,CE,Combined TRACON& Tower with Radar,2,19,18,26,65,0,0,3,0,3,2,19,21,26,68,8,0,8,76
09/17/2021,MLU,LA,ASW,CE,Combined TRACON& Tower with Radar,2,23,14,2,41,0,0,2,0,2,2,23,16,2,43,10,0,10,53
09/18/2021,MLU,LA,ASW,CE,Combined TRACON& Tower with Radar,0,15,20,1,36,0,0,9,0,9,0,15,29,1,45,0,0,0,45
09/19/2021,MLU,LA,ASW,CE,Combined TRACON& Tower with Radar,0,23,18,4,45,0,0,5,1,6,0,23,23,5,51,0,0,0,51
09/20/2021,MLU,LA,ASW,CE,Combined TRACON& Tower with Radar,0,20,27,22,69,0,0,6,0,6,0,20,33,22,75,10,0,10,85
09/21/2021,MLU,LA,ASW,CE,Combined TRACON& Tower with Radar,2,11,27,31,71,0,0,18,2,20,2,11,45,33,91,10,0,10,101
09/22/2021,MLU,LA,ASW,CE,Combined TRACON& Tower with Radar,2,20,37,20,79,0,1,30,7,38,2,21,67,27,117,52,20,72,189
09/23/2021,MLU,LA,ASW,CE,Combined TRACON& Tower with Radar,2,19,22,12,55,0,0,22,10,32,2,19,44,22,87,34,0,34,121
09/24/2021,MLU,LA,ASW,CE,Combined TRACON& Tower with Radar,2,19,13,19,53,0,0,34,5,39,2,19,47,24,92,18,6,24,116
09/25/2021,MLU,LA,ASW,CE,Combined TRACON& Tower with Radar,0,13,7,4,24,0,0,19,0,19,0,13,26,4,43,36,0,36,79
09/26/2021,MLU,LA,ASW,CE,Combined TRACON& Tower with Radar,0,17,12,0,29,0,1,20,0,21,0,18,32,0,50,2,0,2,52
09/27/2021,MLU,LA,ASW,CE,Combined TRACON& Tower with Radar,0,15,27,21,63,0,1,33,7,41,0,16,60,28,104,76,36,112,216
09/28/2021,MLU,LA,ASW,CE,Combined TRACON& Tower with Radar,0,14,19,4,37,0,1,8,4,13,0,15,27,8,50,2,32,34,84
09/29/2021,MLU,LA,ASW,CE,Combined TRACON& Tower with Radar,2,17,8,0,27,0,0,5,3,8,2,17,13,3,35,0,0,0,35
09/30/2021,MLU,LA,ASW,CE,Combined TRACON& Tower with Radar,2,16,23,28,69,0,0,13,1,14,2,16,36,29,83,22,2,24,107
10/01/2021,MLU,LA,ASW,CE,Combined TRACON& Tower with Radar,6,21,22,6,55,0,0,6,0,6,6,21,28,6,61,0,0,0,61
10/02/2021,MLU,LA,ASW,CE,Combined TRACON& Tower with Radar,2,13,6,0,21,0,0,0,0,0,2,13,6,0,21,2,0,2,23
10/03/2021,MLU,LA,ASW,CE,Combined TRACON& Tower with Radar,0,13,22,0,35,0,0,4,0,4,0,13,26,0,39,8,0,8,47
10/04/2021,MLU,LA,ASW,CE,Combined TRACON& Tower with Radar,0,18,27,69,114,0,0,20,14,34,0,18,47,83,148,84,38,122,270
10/05/2021,MLU,LA,ASW,CE,Combined TRACON& Tower with Radar,2,9,15,54,80,0,0,26,2,28,2,9,41,56,108,50,18,68,176
10/06/2021,MLU,LA,ASW,CE,Combined TRACON& Tower with Radar,0,15,21,50,86,0,1,50,3,54,0,16,71,53,140,52,42,94,234
10/07/2021,MLU,LA,ASW,CE,Combined TRACON& Tower with Radar,0,20,26,40,86,0,0,32,11,43,0,20,58,51,129,58,10,68,197
10/08/2021,MLU,LA,ASW,CE,Combined TRACON& Tower with Radar,1,20,28,21,70,0,0,34,15,49,1,20,62,36,119,82,16,98,217
10/09/2021,MLU,LA,ASW,CE,Combined TRACON& Tower with Radar,0,16,14,0,30,0,0,19,0,19,0,16,33,0,49,66,0,66,115
10/10/2021,MLU,LA,ASW,CE,Combined TRACON& Tower with Radar,0,20,21,0,41,0,1,16,0,17,0,21,37,0,58,2,0,2,60
10/11/2021,MLU,LA,ASW,CE,Combined TRACON& Tower with Radar,1,15,15,2,33,0,0,9,0,9,1,15,24,2,42,30,2,32,74
10/12/2021,MLU,LA,ASW,CE,Combined TRACON& Tower with Radar,1,14,23,4,42,0,0,7,3,10,1,14,30,7,52,14,0,14,66
10/13/2021,MLU,LA,ASW,CE,Combined TRACON& Tower with Radar,1,19,29,15,64,0,1,29,3,33,1,20,58,18,97,80,12,92,189
10/14/2021,MLU,LA,ASW,CE,Combined TRACON& Tower with Radar,1,18,32,30,81,0,0,19,1,20,1,18,51,31,101,52,6,58,159
10/15/2021,MLU,LA,ASW,CE,Combined TRACON& Tower with Radar,3,18,34,12,67,0,0,17,1,18,3,18,51,13,85,28,0,28,113
10/16/2021,MLU,LA,ASW,CE,Combined TRACON& Tower with Radar,0,14,19,11,44,0,0,29,0,29,0,14,48,11,73,46,14,60,133
10/17/2021,MLU,LA,ASW,CE,Combined TRACON& Tower with Radar,0,13,21,5,39,0,0,28,1,29,0,13,49,6,68,20,0,20,88
10/18/2021,MLU,LA,ASW,CE,Combined TRACON& Tower with Radar,1,15,20,37,73,0,1,32,0,33,1,16,52,37,106,40,4,44,150
10/19/2021,MLU,LA,ASW,CE,Combined TRACON& Tower with Radar,3,13,23,12,51,0,0,28,6,34,3,13,51,18,85,42,16,58,143
10/20/2021,MLU,LA,ASW,CE,Combined TRACON& Tower with Radar,1,15,31,35,82,0,0,24,4,28,1,15,55,39,110,62,2,64,174
10/21/2021,MLU,LA,ASW,CE,Combined TRACON& Tower with Radar,7,14,23,44,88,0,1,26,2,29,7,15,49,46,117,10,2,12,129
10/22/2021,MLU,LA,ASW,CE,Combined TRACON& Tower with Radar,1,16,12,4,33,0,2,32,2,36,1,18,44,6,69,74,4,78,147
10/23/2021,MLU,LA,ASW,CE,Combined TRACON& Tower with Radar,2,11,6,0,19,0,0,28,1,29,2,11,34,1,48,22,0,22,70
10/24/2021,MLU,LA,ASW,CE,Combined TRACON& Tower with Radar,0,13,19,0,32,0,0,1,0,1,0,13,20,0,33,0,0,0,33
10/25/2021,MLU,LA,ASW,CE,Combined TRACON& Tower with Radar,2,20,15,2,39,0,1,28,0,29,2,21,43,2,68,18,0,18,86
10/26/2021,MLU,LA,ASW,CE,Combined TRACON& Tower with Radar,0,14,13,53,80,0,0,28,8,36,0,14,41,61,116,50,20,70,186
10/27/2021,MLU,LA,ASW,CE,Combined TRACON& Tower with Radar,2,12,8,0,22,0,0,5,0,5,2,12,13,0,27,0,0,0,27
10/28/2021,MLU,LA,ASW,CE,Combined TRACON& Tower with Radar,3,16,25,72,116,0,0,7,2,9,3,16,32,74,125,0,8,8,133
10/29/2021,MLU,LA,ASW,CE,Combined TRACON& Tower with Radar,7,17,18,43,85,0,0,18,1,19,7,17,36,44,104,2,22,24,128
10/30/2021,MLU,LA,ASW,CE,Combined TRACON& Tower with Radar,0,11,13,6,30,0,0,19,0,19,0,11,32,6,49,6,0,6,55
10/31/2021,MLU,LA,ASW,CE,Combined TRACON& Tower with Radar,0,13,30,5,48,0,1,21,0,22,0,14,51,5,70,16,0,16,86
11/01/2021,MLU,LA,ASW,CE,Combined TRACON& Tower with Radar,0,15,23,34,72,0,1,37,10,48,0,16,60,44,120,28,20,48,168
11/02/2021,MLU,LA,ASW,CE,Combined TRACON& Tower with Radar,0,16,29,41,86,0,0,29,10,39,0,16,58,51,125,20,6,26,151
11/03/2021,MLU,LA,ASW,CE,Combined TRACON& Tower with Radar,0,21,13,0,34,0,0,0,0,0,0,21,13,0,34,0,0,0,34
11/04/2021,MLU,LA,ASW,CE,Combined TRACON& Tower with Radar,0,20,26,48,94,0,1,33,8,42,0,21,59,56,136,44,4,48,184
11/05/2021,MLU,LA,ASW,CE,Combined TRACON& Tower with Radar,2,18,25,47,92,0,0,40,17,57,2,18,65,64,149,36,34,70,219
11/06/2021,MLU,LA,ASW,CE,Combined TRACON& Tower with Radar,2,16,12,3,33,0,0,14,2,16,2,16,26,5,49,0,4,4,53
11/07/2021,MLU,LA,ASW,CE,Combined TRACON& Tower with Radar,0,13,22,6,41,0,0,22,3,25,0,13,44,9,66,22,0,22,88
11/08/2021,MLU,LA,ASW,CE,Combined TRACON& Tower with Radar,0,17,24,20,61,0,0,29,7,36,0,17,53,27,97,16,4,20,117
11/09/2021,MLU,LA,ASW,CE,Combined TRACON& Tower with Radar,0,18,17,26,61,0,0,20,4,24,0,18,37,30,85,52,6,58,143
11/10/2021,MLU,LA,ASW,CE,Combined TRACON& Tower with Radar,0,17,16,15,48,0,2,19,1,22,0,19,35,16,70,22,0,22,92
11/11/2021,MLU,LA,ASW,CE,Combined TRACON& Tower with Radar,0,20,36,4,60,0,0,24,0,24,0,20,60,4,84,8,4,12,96
11/12/2021,MLU,LA,ASW,CE,Combined TRACON& Tower with Radar,3,23,31,12,69,0,1,25,0,26,3,24,56,12,95,24,0,24,119
11/13/2021,MLU,LA,ASW,CE,Combined TRACON& Tower with Radar,3,11,17,1,32,0,0,25,0,25,3,11,42,1,57,8,6,14,71
11/14/2021,MLU,LA,ASW,CE,Combined TRACON& Tower with Radar,0,18,13,4,35,0,0,6,0,6,0,18,19,4,41,8,0,8,49
11/15/2021,MLU,LA,ASW,CE,Combined TRACON& Tower with Radar,0,17,19,47,83,0,0,28,0,28,0,17,47,47,111,32,4,36,147
11/16/2021,MLU,LA,ASW,CE,Combined TRACON& Tower with Radar,0,18,30,69,117,0,0,17,5,22,0,18,47,74,139,10,22,32,171
11/17/2021,MLU,LA,ASW,CE,Combined TRACON& Tower with Radar,0,20,20,24,64,0,0,24,3,27,0,20,44,27,91,6,0,6,97
11/18/2021,MLU,LA,ASW,CE,Combined TRACON& Tower with Radar,0,25,19,43,87,0,0,11,4,15,0,25,30,47,102,0,20,20,122
11/19/2021,MLU,LA,ASW,CE,Combined TRACON& Tower with Radar,0,15,21,64,100,0,0,31,13,44,0,15,52,77,144,16,12,28,172
11/20/2021,MLU,LA,ASW,CE,Combined TRACON& Tower with Radar,0,13,11,0,24,0,0,25,0,25,0,13,36,0,49,10,0,10,59
11/21/2021,MLU,LA,ASW,CE,Combined TRACON& Tower with Radar,0,13,14,0,27,0,2,8,0,10,0,15,22,0,37,0,0,0,37
11/22/2021,MLU,LA,ASW,CE,Combined TRACON& Tower with Radar,0,19,30,46,95,0,1,29,7,37,0,20,59,53,132,6,4,10,142
11/23/2021,MLU,LA,ASW,CE,Combined TRACON& Tower with Radar,1,19,28,39,87,0,0,35,4,39,1,19,63,43,126,0,4,4,130
11/24/2021,MLU,LA,ASW,CE,Combined TRACON& Tower with Radar,0,22,16,31,69,0,0,18,0,18,0,22,34,31,87,12,8,20,107
11/25/2021,MLU,LA,ASW,CE,Combined TRACON& Tower with Radar,0,11,2,0,13,0,0,1,0,1,0,11,3,0,14,0,0,0,14
11/26/2021,MLU,LA,ASW,CE,Combined TRACON& Tower with Radar,0,16,8,1,25,0,1,12,0,13,0,17,20,1,38,26,0,26,64
11/27/2021,MLU,LA,ASW,CE,Combined TRACON& Tower with Radar,0,17,6,0,23,0,1,8,1,10,0,18,14,1,33,48,0,48,81
11/28/2021,MLU,LA,ASW,CE,Combined TRACON& Tower with Radar,1,17,21,0,39,0,0,5,0,5,1,17,26,0,44,2,0,2,46
11/29/2021,MLU,LA,ASW,CE,Combined TRACON& Tower with Radar,1,16,20,45,82,0,0,24,5,29,1,16,44,50,111,60,30,90,201
11/30/2021,MLU,LA,ASW,CE,Combined TRACON& Tower with Radar,0,18,20,28,66,0,2,24,6,32,0,20,44,34,98,32,0,32,130
12/01/2021,MLU,LA,ASW,CE,Combined TRACON& Tower with Radar,0,19,21,32,72,0,1,32,3,36,0,20,53,35,108,86,22,108,216
12/02/2021,MLU,LA,ASW,CE,Combined TRACON& Tower with Radar,0,18,22,17,57,0,3,17,12,32,0,21,39,29,89,44,0,44,133
12/03/2021,MLU,LA,ASW,CE,Combined TRACON& Tower with Radar,0,18,21,8,47,0,1,11,0,12,0,19,32,8,59,16,4,20,79
12/04/2021,MLU,LA,ASW,CE,Combined TRACON& Tower with Radar,0,13,8,0,21,0,1,6,0,7,0,14,14,0,28,0,0,0,28
12/05/2021,MLU,LA,ASW,CE,Combined TRACON& Tower with Radar,0,13,19,33,65,0,1,11,0,12,0,14,30,33,77,0,0,0,77
12/06/2021,MLU,LA,ASW,CE,Combined TRACON& Tower with Radar,0,17,7,20,44,0,0,8,2,10,0,17,15,22,54,2,0,2,56
12/07/2021,MLU,LA,ASW,CE,Combined TRACON& Tower with Radar,0,18,19,16,53,0,1,8,1,10,0,19,27,17,63,2,2,4,67
12/08/2021,MLU,LA,ASW,CE,Combined TRACON& Tower with Radar,0,15,25,13,53,0,0,39,2,41,0,15,64,15,94,62,0,62,156
12/09/2021,MLU,LA,ASW,CE,Combined TRACON& Tower with Radar,0,16,30,13,59,0,0,0,0,0,0,16,30,13,59,0,0,0,59
12/10/2021,MLU,LA,ASW,CE,Combined TRACON& Tower with Radar,0,16,22,54,92,0,0,4,0,4,0,16,26,54,96,0,8,8,104
12/11/2021,MLU,LA,ASW,CE,Combined TRACON& Tower with Radar,0,13,7,1,21,0,0,8,1,9,0,13,15,2,30,4,0,4,34
12/12/2021,MLU,LA,ASW,CE,Combined TRACON& Tower with Radar,0,13,18,1,32,0,0,11,1,12,0,13,29,2,44,14,0,14,58
12/13/2021,MLU,LA,ASW,CE,Combined TRACON& Tower with Radar,0,14,25,23,62,0,0,42,2,44,0,14,67,25,106,30,14,44,150
12/14/2021,MLU,LA,ASW,CE,Combined TRACON& Tower with Radar,5,13,18,6,42,0,0,16,6,22,5,13,34,12,64,24,4,28,92
12/15/2021,MLU,LA,ASW,CE,Combined TRACON& Tower with Radar,5,16,29,14,64,0,1,12,3,16,5,17,41,17,80,0,0,0,80
12/16/2021,MLU,LA,ASW,CE,Combined TRACON& Tower with Radar,0,17,37,26,80,0,0,15,7,22,0,17,52,33,102,12,6,18,120
12/17/2021,MLU,LA,ASW,CE,Combined TRACON& Tower with Radar,1,22,33,72,128,0,0,11,2,13,1,22,44,74,141,10,56,66,207
12/18/2021,MLU,LA,ASW,CE,Combined TRACON& Tower with Radar,1,9,2,0,12,0,0,0,0,0,1,9,2,0,12,0,0,0,12
12/19/2021,MLU,LA,ASW,CE,Combined TRACON& Tower with Radar,0,16,24,27,67,0,0,8,1,9,0,16,32,28,76,18,2,20,96
12/20/2021,MLU,LA,ASW,CE,Combined TRACON& Tower with Radar,0,13,25,0,38,0,0,5,1,6,0,13,30,1,44,0,0,0,44
12/21/2021,MLU,LA,ASW,CE,Combined TRACON& Tower with Radar,2,17,27,28,74,0,0,22,4,26,2,17,49,32,100,76,0,76,176
12/22/2021,MLU,LA,ASW,CE,Combined TRACON& Tower with Radar,0,17,15,8,40,0,0,28,2,30,0,17,43,10,70,54,0,54,124
12/23/2021,MLU,LA,ASW,CE,Combined TRACON& Tower with Radar,2,15,11,0,28,0,1,32,2,35,2,16,43,2,63,0,12,12,75
12/24/2021,MLU,LA,ASW,CE,Combined TRACON& Tower with Radar,1,14,3,0,18,0,1,3,0,4,1,15,6,0,22,0,0,0,22
12/25/2021,MLU,LA,ASW,CE,Combined TRACON& Tower with Radar,0,11,5,0,16,0,0,8,0,8,0,11,13,0,24,0,0,0,24
12/26/2021,MLU,LA,ASW,CE,Combined TRACON& Tower with Radar,0,16,22,0,38,0,0,4,0,4,0,16,26,0,42,14,0,14,56
12/27/2021,MLU,LA,ASW,CE,Combined TRACON& Tower with Radar,0,18,16,0,34,0,0,15,2,17,0,18,31,2,51,42,0,42,93
12/28/2021,MLU,LA,ASW,CE,Combined TRACON& Tower with Radar,2,16,19,1,38,0,0,12,0,12,2,16,31,1,50,2,0,2,52
12/29/2021,MLU,LA,ASW,CE,Combined TRACON& Tower with Radar,2,15,18,0,35,0,0,2,0,2,2,15,20,0,37,0,0,0,37
12/30/2021,MLU,LA,ASW,CE,Combined TRACON& Tower with Radar,2,13,27,0,42,0,0,10,0,10,2,13,37,0,52,0,0,0,52
12/31/2021,MLU,LA,ASW,CE,Combined TRACON& Tower with Radar,3,10,20,0,33,0,2,1,2,5,3,12,21,2,38,0,0,0,38
01/01/2022,MLU,LA,ASW,CE,Combined TRACON& Tower with Radar,0,8,7,0,15,0,0,1,0,1,0,8,8,0,16,0,0,0,16
01/02/2022,MLU,LA,ASW,CE,Combined TRACON& Tower with Radar,0,13,13,0,26,0,2,0,0,2,0,15,13,0,28,0,0,0,28
01/03/2022,MLU,LA,ASW,CE,Combined TRACON& Tower with Radar,0,10,25,4,39,0,0,27,0,27,0,10,52,4,66,0,0,0,66
01/04/2022,MLU,LA,ASW,CE,Combined TRACON& Tower with Radar,0,18,21,8,47,0,0,37,1,38,0,18,58,9,85,38,0,38,123
01/05/2022,MLU,LA,ASW,CE,Combined TRACON& Tower with Radar,0,13,31,27,71,0,0,25,4,29,0,13,56,31,100,20,6,26,126
01/06/2022,MLU,LA,ASW,CE,Combined TRACON& Tower with Radar,0,12,16,5,33,0,0,3,0,3,0,12,19,5,36,6,0,6,42
01/07/2022,MLU,LA,ASW,CE,Combined TRACON& Tower with Radar,0,14,12,18,44,0,0,29,7,36,0,14,41,25,80,28,16,44,124
01/08/2022,MLU,LA,ASW,CE,Combined TRACON& Tower with Radar,0,9,3,4,16,0,0,5,2,7,0,9,8,6,23,0,0,0,23
01/09/2022,MLU,LA,ASW,CE,Combined TRACON& Tower with Radar,0,14,13,0,27,0,1,7,2,10,0,15,20,2,37,6,0,6,43
01/10/2022,MLU,LA,ASW,CE,Combined TRACON& Tower with Radar,0,13,23,33,69,0,0,49,8,57,0,13,72,41,126,26,16,42,168
01/11/2022,MLU,LA,ASW,CE,Combined TRACON& Tower with Radar,0,19,20,31,70,0,0,40,11,51,0,19,60,42,121,34,6,40,161
01/12/2022,MLU,LA,ASW,CE,Combined TRACON& Tower with Radar,0,12,25,39,76,0,0,36,9,45,0,12,61,48,121,38,22,60,181
01/13/2022,MLU,LA,ASW,CE,Combined TRACON& Tower with Radar,0,23,11,5,39,0,0,31,4,35,0,23,42,9,74,34,0,34,108
01/14/2022,MLU,LA,ASW,CE,Combined TRACON& Tower with Radar,0,15,32,28,75,0,0,21,8,29,0,15,53,36,104,2,18,20,124
01/15/2022,MLU,LA,ASW,CE,Combined TRACON& Tower with Radar,0,9,4,0,13,0,0,0,0,0,0,9,4,0,13,0,0,0,13
01/16/2022,MLU,LA,ASW,CE,Combined TRACON& Tower with Radar,0,6,5,0,11,0,0,2,0,2,0,6,7,0,13,0,0,0,13
01/17/2022,MLU,LA,ASW,CE,Combined TRACON& Tower with Radar,0,12,22,2,36,0,0,33,0,33,0,12,55,2,69,36,0,36,105
01/18/2022,MLU,LA,ASW,CE,Combined TRACON& Tower with Radar,0,13,31,34,78,0,0,29,9,38,0,13,60,43,116,38,10,48,164
01/19/2022,MLU,LA,ASW,CE,Combined TRACON& Tower with Radar,0,15,18,13,46,0,1,16,2,19,0,16,34,15,65,2,40,42,107
01/20/2022,MLU,LA,ASW,CE,Combined TRACON& Tower with Radar,0,16,28,17,61,0,0,28,0,28,0,16,56,17,89,10,8,18,107
01/21/2022,MLU,LA,ASW,CE,Combined TRACON& Tower with Radar,0,18,20,30,68,0,0,22,3,25,0,18,42,33,93,54,14,68,161
01/22/2022,MLU,LA,ASW,CE,Combined TRACON& Tower with Radar,0,10,13,5,28,0,0,31,2,33,0,10,44,7,61,10,8,18,79
01/23/2022,MLU,LA,ASW,CE,Combined TRACON& Tower with Radar,0,15,16,0,31,0,0,18,0,18,0,15,34,0,49,6,0,6,55
01/24/2022,MLU,LA,ASW,CE,Combined TRACON& Tower with Radar,0,16,30,28,74,0,0,26,4,30,0,16,56,32,104,4,18,22,126
01/25/2022,MLU,LA,ASW,CE,Combined TRACON& Tower with Radar,0,14,27,15,56,0,0,22,1,23,0,14,49,16,79,22,0,22,101
01/26/2022,MLU,LA,ASW,CE,Combined TRACON& Tower with Radar,0,14,20,24,58,0,0,36,2,38,0,14,56,26,96,10,0,10,106
01/27/2022,MLU,LA,ASW,CE,Combined TRACON& Tower with Radar,0,19,28,14,61,0,0,47,4,51,0,19,75,18,112,44,12,56,168
01/28/2022,MLU,LA,ASW,CE,Combined TRACON& Tower with Radar,0,20,25,37,82,0,1,41,9,51,0,21,66,46,133,0,68,68,201
01/29/2022,MLU,LA,ASW,CE,Combined TRACON& Tower with Radar,0,11,9,6,26,0,0,37,4,41,0,11,46,10,67,9,32,41,108
01/30/2022,MLU,LA,ASW,CE,Combined TRACON& Tower with Radar,0,13,37,13,63,0,0,33,3,36,0,13,70,16,99,10,8,18,117
01/31/2022,MLU,LA,ASW,CE,Combined TRACON& Tower with Radar,0,12,17,35,64,0,0,32,3,35,0,12,49,38,99,0,28,28,127
02/01/2022,MLU,LA,ASW,CE,Combined TRACON& Tower with Radar,0,14,21,12,47,0,1,3,0,4,0,15,24,12,51,2,0,2,53
02/02/2022,MLU,LA,ASW,CE,Combined TRACON& Tower with Radar,0,11,16,20,47,0,0,4,2,6,0,11,20,22,53,26,114,140,193
02/03/2022,MLU,LA,ASW,CE,Combined TRACON& Tower with Radar,0,8,6,0,14,0,0,0,0,0,0,8,6,0,14,0,0,0,14
02/04/2022,MLU,LA,ASW,CE,Combined TRACON& Tower with Radar,1,16,7,42,66,0,0,8,2,10,1,16,15,44,76,0,6,6,82
02/05/2022,MLU,LA,ASW,CE,Combined TRACON& Tower with Radar,0,11,19,3,33,0,0,29,0,29,0,11,48,3,62,2,0,2,64
02/06/2022,MLU,LA,ASW,CE,Combined TRACON& Tower with Radar,0,16,16,27,59,0,0,15,1,16,0,16,31,28,75,6,0,6,81
02/07/2022,MLU,LA,ASW,CE,Combined TRACON& Tower with Radar,0,13,12,49,74,0,1,34,2,37,0,14,46,51,111,42,2,44,155
02/08/2022,MLU,LA,ASW,CE,Combined TRACON& Tower with Radar,1,11,28,39,79,0,1,56,5,62,1,12,84,44,141,28,0,28,169
02/09/2022,MLU,LA,ASW,CE,Combined TRACON& Tower with Radar,2,10,27,30,69,0,1,38,3,42,2,11,65,33,111,18,26,44,155
02/10/2022,MLU,LA,ASW,CE,Combined TRACON& Tower with Radar,0,14,29,60,103,0,0,40,11,51,0,14,69,71,154,42,44,86,240
02/11/2022,MLU,LA,ASW,CE,Combined TRACON& Tower with Radar,0,12,16,22,50,0,0,28,5,33,0,12,44,27,83,60,0,60,143
02/12/2022,MLU,LA,ASW,CE,Combined TRACON& Tower with Radar,0,10,11,0,21,0,0,2,0,2,0,10,13,0,23,0,0,0,23
02/13/2022,MLU,LA,ASW,CE,Combined TRACON& Tower with Radar,0,10,22,34,66,0,0,32,3,35,0,10,54,37,101,14,48,62,163
02/14/2022,MLU,LA,ASW,CE,Combined TRACON& Tower with Radar,0,15,23,25,63,0,0,29,6,35,0,15,52,31,98,56,4,60,158
02/15/2022,MLU,LA,ASW,CE,Combined TRACON& Tower with Radar,0,14,21,54,89,0,0,28,8,36,0,14,49,62,125,26,14,40,165
02/16/2022,MLU,LA,ASW,CE,Combined TRACON& Tower with Radar,0,11,35,37,83,0,0,13,8,21,0,11,48,45,104,14,20,34,138
02/17/2022,MLU,LA,ASW,CE,Combined TRACON& Tower with Radar,2,15,3,0,20,0,0,1,0,1,2,15,4,0,21,0,0,0,21
02/18/2022,MLU,LA,ASW,CE,Combined TRACON& Tower with Radar,0,14,20,26,60,0,0,34,4,38,0,14,54,30,98,42,2,44,142
02/19/2022,MLU,LA,ASW,CE,Combined TRACON& Tower with Radar,0,9,11,6,26,0,0,32,0,32,0,9,43,6,58,20,0,20,78
02/20/2022,MLU,LA,ASW,CE,Combined TRACON& Tower with Radar,0,9,21,28,58,0,0,21,0,21,0,9,42,28,79,12,0,12,91
02/21/2022,MLU,LA,ASW,CE,Combined TRACON& Tower with Radar,0,14,4,0,18,0,0,1,0,1,0,14,5,0,19,0,0,0,19
02/22/2022,MLU,LA,ASW,CE,Combined TRACON& Tower with Radar,0,11,25,38,74,0,0,15,1,16,0,11,40,39,90,0,10,10,100
02/23/2022,MLU,LA,ASW,CE,Combined TRACON& Tower with Radar,0,13,19,8,40,0,0,4,0,4,0,13,23,8,44,0,6,6,50
02/24/2022,MLU,LA,ASW,CE,Combined TRACON& Tower with Radar,0,15,17,0,32,0,0,0,0,0,0,15,17,0,32,0,0,0,32
02/25/2022,MLU,LA,ASW,CE,Combined TRACON& Tower with Radar,2,13,29,44,88,0,0,16,1,17,2,13,45,45,105,0,12,12,117
02/26/2022,MLU,LA,ASW,CE,Combined TRACON& Tower with Radar,0,9,2,2,13,0,0,0,0,0,0,9,2,2,13,0,0,0,13
02/27/2022,MLU,LA,ASW,CE,Combined TRACON& Tower with Radar,2,12,20,12,46,0,0,6,0,6,2,12,26,12,52,0,0,0,52
02/28/2022,MLU,LA,ASW,CE,Combined TRACON& Tower with Radar,2,14,12,64,92,0,0,43,6,49,2,14,55,70,141,52,52,104,245
03/01/2022,MLU,LA,ASW,CE,Combined TRACON& Tower with Radar,2,13,21,33,69,0,0,36,11,47,2,13,57,44,116,0,12,12,128
03/02/2022,MLU,LA,ASW,CE,Combined TRACON& Tower with Radar,2,17,21,43,83,0,0,18,9,27,2,17,39,52,110,52,12,64,174
03/03/2022,MLU,LA,ASW,CE,Combined TRACON& Tower with Radar,1,18,36,58,113,0,0,32,12,44,1,18,68,70,157,54,0,54,211
03/04/2022,MLU,LA,ASW,CE,Combined TRACON& Tower with Radar,1,13,36,5,55,0,0,27,3,30,1,13,63,8,85,10,6,16,101
03/05/2022,MLU,LA,ASW,CE,Combined TRACON& Tower with Radar,0,9,6,0,15,0,0,18,0,18,0,9,24,0,33,0,0,0,33
03/06/2022,MLU,LA,ASW,CE,Combined TRACON& Tower with Radar,0,13,15,0,28,0,0,15,0,15,0,13,30,0,43,8,0,8,51
03/07/2022,MLU,LA,ASW,CE,Combined TRACON& Tower with Radar,0,13,27,32,72,0,2,5,1,8,0,15,32,33,80,0,0,0,80
03/08/2022,MLU,LA,ASW,CE,Combined TRACON& Tower with Radar,2,11,12,14,39,0,0,1,0,1,2,11,13,14,40,0,0,0,40
03/09/2022,MLU,LA,ASW,CE,Combined TRACON& Tower with Radar,0,12,16,37,65,0,0,4,3,7,0,12,20,40,72,38,8,46,118
03/10/2022,MLU,LA,ASW,CE,Combined TRACON& Tower with Radar,2,12,25,54,93,0,0,48,15,63,2,12,73,69,156,44,22,66,222
03/11/2022,MLU,LA,ASW,CE,Combined TRACON& Tower with Radar,4,12,15,61,92,0,0,25,8,33,4,12,40,69,125,4,24,28,153
03/12/2022,MLU,LA,ASW,CE,Combined TRACON& Tower with Radar,0,9,11,1,21,0,0,25,1,26,0,9,36,2,47,10,0,10,57
03/13/2022,MLU,LA,ASW,CE,Combined TRACON& Tower with Radar,0,9,30,23,62,0,0,30,0,30,0,9,60,23,92,24,4,28,120
03/14/2022,MLU,LA,ASW,CE,Combined TRACON& Tower with Radar,0,10,10,8,28,0,0,7,3,10,0,10,17,11,38,0,0,0,38
03/15/2022,MLU,LA,ASW,CE,Combined TRACON& Tower with Radar,2,9,15,6,32,0,3,7,2,12,2,12,22,8,44,6,0,6,50
03/16/2022,MLU,LA,ASW,CE,Combined TRACON& Tower with Radar,0,13,16,40,69,0,0,19,5,24,0,13,35,45,93,34,46,80,173
03/17/2022,MLU,LA,ASW,CE,Combined TRACON& Tower with Radar,2,10,23,11,46,0,0,27,6,33,2,10,50,17,79,0,6,6,85
03/18/2022,MLU,LA,ASW,CE,Combined TRACON& Tower with Radar,0,15,36,27,78,0,0,20,3,23,0,15,56,30,101,0,2,2,103
03/19/2022,MLU,LA,ASW,CE,Combined TRACON& Tower with Radar,0,9,15,7,31,0,0,35,0,35,0,9,50,7,66,20,0,20,86
03/20/2022,MLU,LA,ASW,CE,Combined TRACON& Tower with Radar,0,12,25,6,43,0,0,15,0,15,0,12,40,6,58,20,6,26,84
03/21/2022,MLU,LA,ASW,CE,Combined TRACON& Tower with Radar,0,15,23,5,43,0,1,10,0,11,0,16,33,5,54,0,0,0,54
03/22/2022,MLU,LA,ASW,CE,Combined TRACON& Tower with Radar,0,10,13,5,28,0,0,0,0,0,0,10,13,5,28,0,0,0,28
03/23/2022,MLU,LA,ASW,CE,Combined TRACON& Tower with Radar,0,14,24,21,59,0,0,20,6,26,0,14,44,27,85,22,10,32,117
03/24/2022,MLU,LA,ASW,CE,Combined TRACON& Tower with Radar,2,16,32,25,75,0,3,49,1,53,2,19,81,26,128,58,34,92,220
03/25/2022,MLU,LA,ASW,CE,Combined TRACON& Tower with Radar,4,13,25,3,45,0,1,37,0,38,4,14,62,3,83,46,0,46,129
03/26/2022,MLU,LA,ASW,CE,Combined TRACON& Tower with Radar,0,11,27,9,47,0,0,42,0,42,0,11,69,9,89,20,0,20,109
03/27/2022,MLU,LA,ASW,CE,Combined TRACON& Tower with Radar,2,11,27,0,40,0,2,30,1,33,2,13,57,1,73,2,0,2,75
03/28/2022,MLU,LA,ASW,CE,Combined TRACON& Tower with Radar,0,15,24,46,85,0,0,24,4,28,0,15,48,50,113,46,14,60,173
03/29/2022,MLU,LA,ASW,CE,Combined TRACON& Tower with Radar,0,11,34,4,49,0,1,6,3,10,0,12,40,7,59,0,6,6,65
03/30/2022,MLU,LA,ASW,CE,Combined TRACON& Tower with Radar,2,10,2,1,15,0,0,1,1,2,2,10,3,2,17,0,0,0,17
03/31/2022,MLU,LA,ASW,CE,Combined TRACON& Tower with Radar,2,14,24,11,51,0,1,16,7,24,2,15,40,18,75,48,4,52,127
04/01/2022,MLU,LA,ASW,CE,Combined TRACON& Tower with Radar,0,14,28,7,49,0,0,30,0,30,0,14,58,7,79,104,0,104,183
04/02/2022,MLU,LA,ASW,CE,Combined TRACON& Tower with Radar,0,10,29,3,42,0,2,20,1,23,0,12,49,4,65,16,10,26,91
04/03/2022,MLU,LA,ASW,CE,Combined TRACON& Tower with Radar,0,11,16,2,29,0,0,18,2,20,0,11,34,4,49,10,0,10,59
04/04/2022,MLU,LA,ASW,CE,Combined TRACON& Tower with Radar,0,15,23,5,43,0,2,18,3,23,0,17,41,8,66,4,0,4,70
04/05/2022,MLU,LA,ASW,CE,Combined TRACON& Tower with Radar,3,13,22,18,56,0,0,16,15,31,3,13,38,33,87,12,62,74,161
04/06/2022,MLU,LA,ASW,CE,Combined TRACON& Tower with Radar,4,8,45,40,97,0,2,8,2,12,4,10,53,42,109,2,46,48,157
04/07/2022,MLU,LA,ASW,CE,Combined TRACON& Tower with Radar,4,11,18,6,39,0,0,11,6,17,4,11,29,12,56,22,26,48,104
04/08/2022,MLU,LA,ASW,CE,Combined TRACON& Tower with Radar,4,12,16,12,44,0,2,7,0,9,4,14,23,12,53,0,0,0,53
04/09/2022,MLU,LA,ASW,CE,Combined TRACON& Tower with Radar,4,8,26,2,40,0,0,35,4,39,4,8,61,6,79,32,0,32,111
04/10/2022,MLU,LA,ASW,CE,Combined TRACON& Tower with Radar,4,8,15,4,31,0,0,12,0,12,4,8,27,4,43,6,0,6,49
04/11/2022,MLU,LA,ASW,CE,Combined TRACON& Tower with Radar,4,15,27,15,61,0,1,15,1,17,4,16,42,16,78,12,10,22,100
04/12/2022,MLU,LA,ASW,CE,Combined TRACON& Tower with Radar,3,6,11,2,22,0,0,3,0,3,3,6,14,2,25,0,0,0,25
04/13/2022,MLU,LA,ASW,CE,Combined TRACON& Tower with Radar,2,6,5,0,13,0,1,0,0,1,2,7,5,0,14,0,0,0,14
04/14/2022,MLU,LA,ASW,CE,Combined TRACON& Tower with Radar,4,13,31,38,86,0,0,41,9,50,4,13,72,47,136,76,30,106,242
04/15/2022,MLU,LA,ASW,CE,Combined TRACON& Tower with Radar,4,12,17,12,45,0,1,14,3,18,4,13,31,15,63,12,12,24,87
04/16/2022,MLU,LA,ASW,CE,Combined TRACON& Tower with Radar,4,6,20,0,30,0,0,0,0,0,4,6,20,0,30,0,0,0,30
04/17/2022,MLU,LA,ASW,CE,Combined TRACON& Tower with Radar,4,8,7,0,19,0,0,2,0,2,4,8,9,0,21,0,0,0,21
04/18/2022,MLU,LA,ASW,CE,Combined TRACON& Tower with Radar,4,11,21,30,66,0,2,20,3,25,4,13,41,33,91,84,0,84,175
04/19/2022,MLU,LA,ASW,CE,Combined TRACON& Tower with Radar,4,8,34,34,80,0,0,29,8,37,4,8,63,42,117,24,14,38,155
04/20/2022,MLU,LA,ASW,CE,Combined TRACON& Tower with Radar,4,11,26,3,44,0,0,9,0,9,4,11,35,3,53,0,10,10,63
04/21/2022,MLU,LA,ASW,CE,Combined TRACON& Tower with Radar,4,15,27,43,89,0,1,21,6,28,4,16,48,49,117,12,24,36,153
04/22/2022,MLU,LA,ASW,CE,Combined TRACON& Tower with Radar,4,10,31,11,56,0,0,36,1,37,4,10,67,12,93,32,0,32,125
04/23/2022,MLU,LA,ASW,CE,Combined TRACON& Tower with Radar,9,6,8,7,30,0,0,13,1,14,9,6,21,8,44,14,0,14,58
04/24/2022,MLU,LA,ASW,CE,Combined TRACON& Tower with Radar,3,9,23,2,37,0,4,9,2,15,3,13,32,4,52,8,0,8,60
04/25/2022,MLU,LA,ASW,CE,Combined TRACON& Tower with Radar,2,12,23,0,37,0,0,1,0,1,2,12,24,0,38,0,0,0,38
04/26/2022,MLU,LA,ASW,CE,Combined TRACON& Tower with Radar,4,9,31,40,84,0,0,41,5,46,4,9,72,45,130,54,0,54,184
04/27/2022,MLU,LA,ASW,CE,Combined TRACON& Tower with Radar,5,9,31,19,64,0,2,45,0,47,5,11,76,19,111,30,0,30,141
04/28/2022,MLU,LA,ASW,CE,Combined TRACON& Tower with Radar,5,9,42,18,74,0,0,42,1,43,5,9,84,19,117,30,4,34,151
04/29/2022,MLU,LA,ASW,CE,Combined TRACON& Tower with Radar,4,9,32,9,54,0,0,37,2,39,4,9,69,11,93,58,8,66,159
04/30/2022,MLU,LA,ASW,CE,Combined TRACON& Tower with Radar,4,10,12,2,28,0,2,12,0,14,4,12,24,2,42,36,10,46,88
05/01/2022,MLU,LA,ASW,CE,Combined TRACON& Tower with Radar,6,6,32,0,44,0,0,16,0,16,6,6,48,0,60,2,0,2,62
05/02/2022,MLU,LA,ASW,CE,Combined TRACON& Tower with Radar,4,11,22,12,49,0,0,11,2,13,4,11,33,14,62,54,0,54,116
05/03/2022,MLU,LA,ASW,CE,Combined TRACON& Tower with Radar,6,8,18,4,36,0,0,17,1,18,6,8,35,5,54,84,0,84,138
05/04/2022,MLU,LA,ASW,CE,Combined TRACON& Tower with Radar,5,11,22,30,68,0,3,19,1,23,5,14,41,31,91,42,0,42,133
05/05/2022,MLU,LA,ASW,CE,Combined TRACON& Tower with Radar,3,9,17,31,60,0,0,2,3,5,3,9,19,34,65,0,13,13,78
05/06/2022,MLU,LA,ASW,CE,Combined TRACON& Tower with Radar,3,11,15,34,63,0,1,28,5,34,3,12,43,39,97,0,0,0,97
05/07/2022,MLU,LA,ASW,CE,Combined TRACON& Tower with Radar,3,6,9,5,23,0,0,23,1,24,3,6,32,6,47,38,0,38,85
05/08/2022,MLU,LA,ASW,CE,Combined TRACON& Tower with Radar,3,10,12,0,25,0,0,18,0,18,3,10,30,0,43,10,0,10,53
05/09/2022,MLU,LA,ASW,CE,Combined TRACON& Tower with Radar,3,9,17,33,62,0,0,27,1,28,3,9,44,34,90,68,0,68,158
05/10/2022,MLU,LA,ASW,CE,Combined TRACON& Tower with Radar,3,18,28,58,107,0,0,19,3,22,3,18,47,61,129,28,20,48,177
05/11/2022,MLU,LA,ASW,CE,Combined TRACON& Tower with Radar,3,18,31,53,105,0,0,27,6,33,3,18,58,59,138,8,20,28,166
05/12/2022,MLU,LA,ASW,CE,Combined TRACON& Tower with Radar,7,14,17,8,46,0,0,23,3,26,7,14,40,11,72,64,0,64,136
05/13/2022,MLU,LA,ASW,CE,Combined TRACON& Tower with Radar,3,13,19,13,48,0,0,23,7,30,3,13,42,20,78,40,6,46,124
05/14/2022,MLU,LA,ASW,CE,Combined TRACON& Tower with Radar,3,8,13,3,27,0,0,12,1,13,3,8,25,4,40,0,6,6,46
05/15/2022,MLU,LA,ASW,CE,Combined TRACON& Tower with Radar,3,8,20,19,50,0,4,17,1,22,3,12,37,20,72,0,6,6,78
05/16/2022,MLU,LA,ASW,CE,Combined TRACON& Tower with Radar,3,10,16,36,65,0,0,27,3,30,3,10,43,39,95,70,4,74,169
05/17/2022,MLU,LA,ASW,CE,Combined TRACON& Tower with Radar,3,14,29,18,64,0,1,33,3,37,3,15,62,21,101,16,26,42,143
05/18/2022,MLU,LA,ASW,CE,Combined TRACON& Tower with Radar,3,11,20,36,70,0,1,21,3,25,3,12,41,39,95,14,10,24,119
05/19/2022,MLU,LA,ASW,CE,Combined TRACON& Tower with Radar,3,12,24,17,56,0,1,10,1,12,3,13,34,18,68,6,0,6,74
05/20/2022,MLU,LA,ASW,CE,Combined TRACON& Tower with Radar,3,12,17,18,50,0,0,15,3,18,3,12,32,21,68,14,0,14,82
05/21/2022,MLU,LA,ASW,CE,Combined TRACON& Tower with Radar,3,6,27,13,49,0,2,14,0,16,3,8,41,13,65,24,2,26,91
05/22/2022,MLU,LA,ASW,CE,Combined TRACON& Tower with Radar,3,8,5,1,17,0,1,0,0,1,3,9,5,1,18,10,0,10,28
05/23/2022,MLU,LA,ASW,CE,Combined TRACON& Tower with Radar,3,9,11,63,86,0,0,4,0,4,3,9,15,63,90,10,0,10,100
05/24/2022,MLU,LA,ASW,CE,Combined TRACON& Tower with Radar,3,11,11,0,25,0,2,2,0,4,3,13,13,0,29,0,0,0,29
05/25/2022,MLU,LA,ASW,CE,Combined TRACON& Tower with Radar,3,8,10,16,37,0,0,6,1,7,3,8,16,17,44,6,0,6,50
05/26/2022,MLU,LA,ASW,CE,Combined TRACON& Tower with Radar,2,15,17,34,68,0,1,31,10,42,2,16,48,44,110,32,36,68,178
05/27/2022,MLU,LA,ASW,CE,Combined TRACON& Tower with Radar,2,13,18,0,33,0,0,18,0,18,2,13,36,0,51,50,0,50,101
05/28/2022,MLU,LA,ASW,CE,Combined TRACON& Tower with Radar,3,7,11,0,21,0,0,20,0,20,3,7,31,0,41,18,0,18,59
05/29/2022,MLU,LA,ASW,CE,Combined TRACON& Tower with Radar,3,6,7,0,16,0,1,19,0,20,3,7,26,0,36,22,0,22,58
05/30/2022,MLU,LA,ASW,CE,Combined TRACON& Tower with Radar,3,10,15,0,28,0,0,5,0,5,3,10,20,0,33,38,0,38,71
05/31/2022,MLU,LA,ASW,CE,Combined TRACON& Tower with Radar,3,12,11,59,85,0,1,8,2,11,3,13,19,61,96,40,0,40,136
06/01/2022,MLU,LA,ASW,CE,Combined TRACON& Tower with Radar,5,10,23,33,71,0,0,12,0,12,5,10,35,33,83,30,6,36,119
06/02/2022,MLU,LA,ASW,CE,Combined TRACON& Tower with Radar,2,12,14,0,28,0,0,6,0,6,2,12,20,0,34,20,0,20,54
06/03/2022,MLU,LA,ASW,CE,Combined TRACON& Tower with Radar,3,9,42,0,54,0,0,19,3,22,3,9,61,3,76,42,0,42,118
06/04/2022,MLU,LA,ASW,CE,Combined TRACON& Tower with Radar,3,7,10,13,33,0,0,25,2,27,3,7,35,15,60,8,0,8,68
06/05/2022,MLU,LA,ASW,CE,Combined TRACON& Tower with Radar,3,8,7,4,22,0,0,20,0,20,3,8,27,4,42,48,0,48,90
06/06/2022,MLU,LA,ASW,CE,Combined TRACON& Tower with Radar,3,12,26,38,79,0,0,16,0,16,3,12,42,38,95,10,16,26,121
06/07/2022,MLU,LA,ASW,CE,Combined TRACON& Tower with Radar,3,12,21,49,85,0,0,33,5,38,3,12,54,54,123,30,68,98,221
06/08/2022,MLU,LA,ASW,CE,Combined TRACON& Tower with Radar,3,9,26,56,94,0,0,14,2,16,3,9,40,58,110,12,16,28,138
06/09/2022,MLU,LA,ASW,CE,Combined TRACON& Tower with Radar,3,10,28,65,106,0,0,29,4,33,3,10,57,69,139,38,2,40,179
06/10/2022,MLU,LA,ASW,CE,Combined TRACON& Tower with Radar,2,10,12,2,26,0,0,3,0,3,2,10,15,2,29,0,0,0,29
06/11/2022,MLU,LA,ASW,CE,Combined TRACON& Tower with Radar,3,7,5,0,15,0,2,15,0,17,3,9,20,0,32,0,0,0,32
06/12/2022,MLU,LA,ASW,CE,Combined TRACON& Tower with Radar,3,9,13,0,25,0,0,11,0,11,3,9,24,0,36,0,0,0,36
06/13/2022,MLU,LA,ASW,CE,Combined TRACON& Tower with Radar,3,11,21,40,75,0,1,28,2,31,3,12,49,42,106,28,2,30,136
06/14/2022,MLU,LA,ASW,CE,Combined TRACON& Tower with Radar,3,13,20,15,51,0,0,20,3,23,3,13,40,18,74,60,0,60,134
06/15/2022,MLU,LA,ASW,CE,Combined TRACON& Tower with Radar,3,14,29,47,93,0,0,19,4,23,3,14,48,51,116,16,34,50,166
06/16/2022,MLU,LA,ASW,CE,Combined TRACON& Tower with Radar,3,18,33,10,64,0,3,34,2,39,3,21,67,12,103,30,16,46,149
06/17/2022,MLU,LA,ASW,CE,Combined TRACON& Tower with Radar,3,14,9,0,26,0,3,28,1,32,3,17,37,1,58,26,0,26,84
06/18/2022,MLU,LA,ASW,CE,Combined TRACON& Tower with Radar,3,4,10,1,18,0,0,40,0,40,3,4,50,1,58,0,0,0,58
06/19/2022,MLU,LA,ASW,CE,Combined TRACON& Tower with Radar,1,8,14,0,23,0,3,8,0,11,1,11,22,0,34,0,0,0,34
06/20/2022,MLU,LA,ASW,CE,Combined TRACON& Tower with Radar,3,11,8,11,33,0,0,21,0,21,3,11,29,11,54,28,0,28,82
06/21/2022,MLU,LA,ASW,CE,Combined TRACON& Tower with Radar,3,16,22,50,91,0,1,30,7,38,3,17,52,57,129,28,8,36,165
06/22/2022,MLU,LA,ASW,CE,Combined TRACON& Tower with Radar,5,9,22,19,55,0,0,38,5,43,5,9,60,24,98,42,2,44,142
06/23/2022,MLU,LA,ASW,CE,Combined TRACON& Tower with Radar,3,13,23,26,65,0,0,23,1,24,3,13,46,27,89,20,6,26,115
06/24/2022,MLU,LA,ASW,CE,Combined TRACON& Tower with Radar,3,10,17,16,46,0,0,23,0,23,3,10,40,16,69,78,0,78,147
06/25/2022,MLU,LA,ASW,CE,Combined TRACON& Tower with Radar,3,6,14,1,24,0,1,18,0,19,3,7,32,1,43,0,0,0,43
06/26/2022,MLU,LA,ASW,CE,Combined TRACON& Tower with Radar,3,10,9,0,22,0,2,5,0,7,3,12,14,0,29,0,0,0,29
06/27/2022,MLU,LA,ASW,CE,Combined TRACON& Tower with Radar,3,18,25,13,59,0,0,12,0,12,3,18,37,13,71,26,0,26,97
06/28/2022,MLU,LA,ASW,CE,Combined TRACON& Tower with Radar,3,10,14,17,44,0,0,28,1,29,3,10,42,18,73,50,0,50,123
06/29/2022,MLU,LA,ASW,CE,Combined TRACON& Tower with Radar,3,10,27,20,60,0,0,42,10,52,3,10,69,30,112,18,46,64,176
06/30/2022,MLU,LA,ASW,CE,Combined TRACON& Tower with Radar,3,12,13,51,79,0,0,8,0,8,3,12,21,51,87,0,0,0,87
07/01/2022,MLU,LA,ASW,CE,Combined TRACON& Tower with Radar,3,10,17,0,30,0,0,1,0,1,3,10,18,0,31,0,0,0,31
07/02/2022,MLU,LA,ASW,CE,Combined TRACON& Tower with Radar,3,6,8,2,19,0,0,3,0,3,3,6,11,2,22,4,0,4,26
07/03/2022,MLU,LA,ASW,CE,Combined TRACON& Tower with Radar,3,6,8,0,17,0,1,8,0,9,3,7,16,0,26,2,0,2,28
07/04/2022,MLU,LA,ASW,CE,Combined TRACON& Tower with Radar,3,8,10,0,21,0,1,28,0,29,3,9,38,0,50,48,0,48,98
07/05/2022,MLU,LA,ASW,CE,Combined TRACON& Tower with Radar,3,9,22,29,63,0,1,21,5,27,3,10,43,34,90,4,0,4,94
07/06/2022,MLU,LA,ASW,CE,Combined TRACON& Tower with Radar,3,10,17,30,60,0,1,13,0,14,3,11,30,30,74,20,12,32,106
07/07/2022,MLU,LA,ASW,CE,Combined TRACON& Tower with Radar,3,19,23,33,78,0,1,21,11,33,3,20,44,44,111,34,10,44,155
07/08/2022,MLU,LA,ASW,CE,Combined TRACON& Tower with Radar,3,11,22,49,85,0,0,19,2,21,3,11,41,51,106,52,4,56,162
07/09/2022,MLU,LA,ASW,CE,Combined TRACON& Tower with Radar,3,6,15,13,37,0,0,14,1,15,3,6,29,14,52,34,10,44,96
07/10/2022,MLU,LA,ASW,CE,Combined TRACON& Tower with Radar,3,11,24,13,51,0,2,10,1,13,3,13,34,14,64,18,6,24,88
07/11/2022,MLU,LA,ASW,CE,Combined TRACON& Tower with Radar,3,14,19,17,53,0,0,30,2,32,3,14,49,19,85,56,26,82,167
07/12/2022,MLU,LA,ASW,CE,Combined TRACON& Tower with Radar,3,12,26,56,97,0,1,38,4,43,3,13,64,60,140,8,18,26,166
07/13/2022,MLU,LA,ASW,CE,Combined TRACON& Tower with Radar,3,14,23,42,82,0,0,36,8,44,3,14,59,50,126,12,26,38,164
07/14/2022,MLU,LA,ASW,CE,Combined TRACON& Tower with Radar,5,10,13,23,51,0,0,14,7,21,5,10,27,30,72,10,8,18,90
07/15/2022,MLU,LA,ASW,CE,Combined TRACON& Tower with Radar,5,11,21,10,47,0,1,16,7,24,5,12,37,17,71,6,0,6,77
07/16/2022,MLU,LA,ASW,CE,Combined TRACON& Tower with Radar,3,5,8,3,19,0,1,18,2,21,3,6,26,5,40,8,0,8,48
07/17/2022,MLU,LA,ASW,CE,Combined TRACON& Tower with Radar,3,8,9,3,23,0,1,18,4,23,3,9,27,7,46,0,0,0,46
07/18/2022,MLU,LA,ASW,CE,Combined TRACON& Tower with Radar,4,13,25,57,99,0,0,24,7,31,4,13,49,64,130,14,18,32,162
07/19/2022,MLU,LA,ASW,CE,Combined TRACON& Tower with Radar,4,16,26,27,73,0,0,29,6,35,4,16,55,33,108,70,2,72,180
07/20/2022,MLU,LA,ASW,CE,Combined TRACON& Tower with Radar,3,13,27,43,86,0,2,41,10,53,3,15,68,53,139,28,18,46,185
07/21/2022,MLU,LA,ASW,CE,Combined TRACON& Tower with Radar,3,11,29,30,73,0,1,29,6,36,3,12,58,36,109,34,0,34,143
07/22/2022,MLU,LA,ASW,CE,Combined TRACON& Tower with Radar,3,10,11,25,49,0,1,17,3,21,3,11,28,28,70,36,0,36,106
07/23/2022,MLU,LA,ASW,CE,Combined TRACON& Tower with Radar,3,6,12,4,25,0,5,11,5,21,3,11,23,9,46,12,0,12,58
07/24/2022,MLU,LA,ASW,CE,Combined TRACON& Tower with Radar,3,11,12,3,29,0,0,18,1,19,3,11,30,4,48,34,8,42,90
07/25/2022,MLU,LA,ASW,CE,Combined TRACON& Tower with Radar,3,11,26,41,81,0,2,37,9,48,3,13,63,50,129,26,26,52,181
07/26/2022,MLU,LA,ASW,CE,Combined TRACON& Tower with Radar,3,12,15,64,94,0,0,20,6,26,3,12,35,70,120,2,18,20,140
07/27/2022,MLU,LA,ASW,CE,Combined TRACON& Tower with Radar,4,10,18,65,97,0,0,22,4,26,4,10,40,69,123,46,6,52,175
07/28/2022,MLU,LA,ASW,CE,Combined TRACON& Tower with Radar,4,14,25,5,48,0,2,20,7,29,4,16,45,12,77,62,0,62,139
07/29/2022,MLU,LA,ASW,CE,Combined TRACON& Tower with Radar,4,10,8,0,22,0,0,10,0,10,4,10,18,0,32,0,0,0,32
07/30/2022,MLU,LA,ASW,CE,Combined TRACON& Tower with Radar,3,9,6,0,18,0,0,3,0,3,3,9,9,0,21,10,0,10,31
07/31/2022,MLU,LA,ASW,CE,Combined TRACON& Tower with Radar,3,10,27,0,40,0,1,11,0,12,3,11,38,0,52,12,10,22,74
08/01/2022,MLU,LA,ASW,CE,Combined TRACON& Tower with Radar,3,9,18,45,75,0,1,24,9,34,3,10,42,54,109,36,0,36,145
08/02/2022,MLU,LA,ASW,CE,Combined TRACON& Tower with Radar,5,9,14,38,66,0,3,21,6,30,5,12,35,44,96,16,10,26,122
08/03/2022,MLU,LA,ASW,CE,Combined TRACON& Tower with Radar,4,11,15,13,43,0,0,0,0,0,4,11,15,13,43,0,0,0,43
08/04/2022,MLU,LA,ASW,CE,Combined TRACON& Tower with Radar,1,13,26,8,48,0,0,12,1,13,1,13,38,9,61,0,0,0,61
08/05/2022,MLU,LA,ASW,CE,Combined TRACON& Tower with Radar,1,14,26,7,48,0,3,12,0,15,1,17,38,7,63,16,0,16,79
08/06/2022,MLU,LA,ASW,CE,Combined TRACON& Tower with Radar,1,9,9,0,19,0,1,18,4,23,1,10,27,4,42,30,0,30,72
08/07/2022,MLU,LA,ASW,CE,Combined TRACON& Tower with Radar,1,11,9,12,33,0,0,9,0,9,1,11,18,12,42,6,0,6,48
08/08/2022,MLU,LA,ASW,CE,Combined TRACON& Tower with Radar,1,10,14,26,51,0,1,28,13,42,1,11,42,39,93,42,10,52,145
08/09/2022,MLU,LA,ASW,CE,Combined TRACON& Tower with Radar,1,16,11,7,35,0,0,6,3,9,1,16,17,10,44,24,16,40,84
08/10/2022,MLU,LA,ASW,CE,Combined TRACON& Tower with Radar,1,10,32,0,43,0,0,6,1,7,1,10,38,1,50,2,0,2,52
08/11/2022,MLU,LA,ASW,CE,Combined TRACON& Tower with Radar,0,16,22,32,70,0,0,10,1,11,0,16,32,33,81,8,16,24,105
08/12/2022,MLU,LA,ASW,CE,Combined TRACON& Tower with Radar,1,12,9,10,32,0,0,5,0,5,1,12,14,10,37,20,0,20,57
08/13/2022,MLU,LA,ASW,CE,Combined TRACON& Tower with Radar,1,8,11,0,20,0,1,16,0,17,1,9,27,0,37,32,0,32,69
08/14/2022,MLU,LA,ASW,CE,Combined TRACON& Tower with Radar,1,12,13,15,41,0,1,15,1,17,1,13,28,16,58,6,0,6,64
08/15/2022,MLU,LA,ASW,CE,Combined TRACON& Tower with Radar,1,13,22,21,57,0,1,29,5,35,1,14,51,26,92,42,0,42,134
08/16/2022,MLU,LA,ASW,CE,Combined TRACON& Tower with Radar,3,13,31,31,78,0,2,16,4,22,3,15,47,35,100,16,8,24,124
08/17/2022,MLU,LA,ASW,CE,Combined TRACON& Tower with Radar,3,15,25,50,93,0,1,14,0,15,3,16,39,50,108,8,38,46,154
08/18/2022,MLU,LA,ASW,CE,Combined TRACON& Tower with Radar,4,8,9,0,21,0,0,6,0,6,4,8,15,0,27,0,0,0,27
08/19/2022,MLU,LA,ASW,CE,Combined TRACON& Tower with Radar,3,17,21,17,58,0,1,4,0,5,3,18,25,17,63,0,0,0,63
08/20/2022,MLU,LA,ASW,CE,Combined TRACON& Tower with Radar,3,9,8,0,20,0,0,13,0,13,3,9,21,0,33,36,0,36,69
08/21/2022,MLU,LA,ASW,CE,Combined TRACON& Tower with Radar,3,10,7,0,20,0,0,1,0,1,3,10,8,0,21,0,0,0,21
08/22/2022,MLU,LA,ASW,CE,Combined TRACON& Tower with Radar,3,6,8,0,17,0,0,0,0,0,3,6,8,0,17,0,0,0,17
08/23/2022,MLU,LA,ASW,CE,Combined TRACON& Tower with Radar,5,13,5,0,23,0,0,0,0,0,5,13,5,0,23,0,0,0,23
08/24/2022,MLU,LA,ASW,CE,Combined TRACON& Tower with Radar,5,9,15,4,33,0,0,0,0,0,5,9,15,4,33,0,0,0,33
08/25/2022,MLU,LA,ASW,CE,Combined TRACON& Tower with Radar,3,12,9,2,26,0,0,0,1,1,3,12,9,3,27,0,10,10,37
08/26/2022,MLU,LA,ASW,CE,Combined TRACON& Tower with Radar,3,10,15,2,30,0,2,9,0,11,3,12,24,2,41,2,0,2,43
08/27/2022,MLU,LA,ASW,CE,Combined TRACON& Tower with Radar,3,7,7,0,17,0,0,5,0,5,3,7,12,0,22,10,0,10,32
08/28/2022,MLU,LA,ASW,CE,Combined TRACON& Tower with Radar,3,8,12,0,23,0,0,11,0,11,3,8,23,0,34,4,0,4,38
08/29/2022,MLU,LA,ASW,CE,Combined TRACON& Tower with Radar,3,11,20,18,52,0,0,15,0,15,3,11,35,18,67,12,0,12,79
08/30/2022,MLU,LA,ASW,CE,Combined TRACON& Tower with Radar,3,13,11,13,40,0,1,10,5,16,3,14,21,18,56,44,0,44,100
08/31/2022,MLU,LA,ASW,CE,Combined TRACON& Tower with Radar,5,13,15,25,58,0,2,19,14,35,5,15,34,39,93,38,0,38,131
09/01/2022,MLU,LA,ASW,CE,Combined TRACON& Tower with Radar,3,14,24,5,46,0,1,17,0,18,3,15,41,5,64,28,0,28,92
09/02/2022,MLU,LA,ASW,CE,Combined TRACON& Tower with Radar,4,15,13,0,32,0,0,16,2,18,4,15,29,2,50,64,0,64,114
09/03/2022,MLU,LA,ASW,CE,Combined TRACON& Tower with Radar,1,13,16,3,33,0,0,9,2,11,1,13,25,5,44,2,0,2,46
09/04/2022,MLU,LA,ASW,CE,Combined TRACON& Tower with Radar,0,6,12,2,20,0,1,2,2,5,0,7,14,4,25,0,0,0,25
09/05/2022,MLU,LA,ASW,CE,Combined TRACON& Tower with Radar,3,11,26,0,40,0,0,10,0,10,3,11,36,0,50,8,0,8,58
09/06/2022,MLU,LA,ASW,CE,Combined TRACON& Tower with Radar,3,8,19,27,57,0,2,20,1,23,3,10,39,28,80,46,10,56,136
09/07/2022,MLU,LA,ASW,CE,Combined TRACON& Tower with Radar,6,10,23,6,45,0,1,13,5,19,6,11,36,11,64,32,0,32,96
09/08/2022,MLU,LA,ASW,CE,Combined TRACON& Tower with Radar,7,7,14,2,30,0,5,24,0,29,7,12,38,2,59,76,0,76,135
09/09/2022,MLU,LA,ASW,CE,Combined TRACON& Tower with Radar,7,5,15,29,56,0,0,24,6,30,7,5,39,35,86,36,8,44,130
09/10/2022,MLU,LA,ASW,CE,Combined TRACON& Tower with Radar,6,3,8,2,19,0,0,2,3,5,6,3,10,5,24,2,0,2,26
09/11/2022,MLU,LA,ASW,CE,Combined TRACON& Tower with Radar,5,6,14,0,25,0,1,6,0,7,5,7,20,0,32,2,0,2,34
09/12/2022,MLU,LA,ASW,CE,Combined TRACON& Tower with Radar,5,6,26,11,48,0,1,25,2,28,5,7,51,13,76,46,0,46,122
09/13/2022,MLU,LA,ASW,CE,Combined TRACON& Tower with Radar,5,9,15,30,59,0,1,12,2,15,5,10,27,32,74,76,12,88,162
09/14/2022,MLU,LA,ASW,CE,Combined TRACON& Tower with Radar,5,10,26,33,74,0,1,28,3,32,5,11,54,36,106,74,14,88,194
09/15/2022,MLU,LA,ASW,CE,Combined TRACON& Tower with Radar,5,8,32,9,54,0,5,34,2,41,5,13,66,11,95,54,6,60,155
09/16/2022,MLU,LA,ASW,CE,Combined TRACON& Tower with Radar,8,9,20,30,67,0,1,16,3,20,8,10,36,33,87,20,14,34,121
09/17/2022,MLU,LA,ASW,CE,Combined TRACON& Tower with Radar,6,5,12,0,23,0,0,29,0,29,6,5,41,0,52,20,0,20,72
09/18/2022,MLU,LA,ASW,CE,Combined TRACON& Tower with Radar,5,6,23,6,40,0,3,14,0,17,5,9,37,6,57,2,0,2,59
09/19/2022,MLU,LA,ASW,CE,Combined TRACON& Tower with Radar,5,8,20,25,58,0,1,20,3,24,5,9,40,28,82,16,44,60,142
09/20/2022,MLU,LA,ASW,CE,Combined TRACON& Tower with Radar,9,5,13,42,69,0,0,12,17,29,9,5,25,59,98,8,24,32,130
09/21/2022,MLU,LA,ASW,CE,Combined TRACON& Tower with Radar,7,8,20,39,74,0,0,23,2,25,7,8,43,41,99,30,8,38,137
09/22/2022,MLU,LA,ASW,CE,Combined TRACON& Tower with Radar,8,10,26,17,61,0,0,26,3,29,8,10,52,20,90,24,6,30,120
09/23/2022,MLU,LA,ASW,CE,Combined TRACON& Tower with Radar,6,12,16,25,59,0,3,34,2,39,6,15,50,27,98,30,22,52,150
09/24/2022,MLU,LA,ASW,CE,Combined TRACON& Tower with Radar,5,6,18,0,29,0,1,16,0,17,5,7,34,0,46,12,0,12,58
09/25/2022,MLU,LA,ASW,CE,Combined TRACON& Tower with Radar,6,7,11,0,24,0,1,10,0,11,6,8,21,0,35,0,0,0,35
09/26/2022,MLU,LA,ASW,CE,Combined TRACON& Tower with Radar,5,7,18,15,45,0,3,28,1,32,5,10,46,16,77,38,22,60,137
09/27/2022,MLU,LA,ASW,CE,Combined TRACON& Tower with Radar,4,10,19,43,76,0,0,21,4,25,4,10,40,47,101,28,8,36,137
09/28/2022,MLU,LA,ASW,CE,Combined TRACON& Tower with Radar,5,9,15,72,101,0,3,23,9,35,5,12,38,81,136,24,30,54,190
09/29/2022,MLU,LA,ASW,CE,Combined TRACON& Tower with Radar,7,7,16,14,44,0,3,24,4,31,7,10,40,18,75,64,0,64,139
09/30/2022,MLU,LA,ASW,CE,Combined TRACON& Tower with Radar,5,11,15,8,39,0,0,25,0,25,5,11,40,8,64,48,4,52,116
10/01/2022,MLU,LA,ASW,CE,Combined TRACON& Tower with Radar,6,7,15,0,28,0,3,24,0,27,6,10,39,0,55,52,0,52,107
10/02/2022,MLU,LA,ASW,CE,Combined TRACON& Tower with Radar,6,7,15,0,28,0,1,14,0,15,6,8,29,0,43,4,0,4,47
10/03/2022,MLU,LA,ASW,CE,Combined TRACON& Tower with Radar,6,8,19,0,33,0,1,28,0,29,6,9,47,0,62,16,0,16,78
10/04/2022,MLU,LA,ASW,CE,Combined TRACON& Tower with Radar,5,9,15,2,31,0,1,17,3,21,5,10,32,5,52,28,0,28,80
10/05/2022,MLU,LA,ASW,CE,Combined TRACON& Tower with Radar,5,7,21,6,39,0,2,44,2,48,5,9,65,8,87,60,14,74,161
10/06/2022,MLU,LA,ASW,CE,Combined TRACON& Tower with Radar,5,13,14,8,40,0,0,21,3,24,5,13,35,11,64,30,0,30,94
10/07/2022,MLU,LA,ASW,CE,Combined TRACON& Tower with Radar,9,9,20,18,56,0,2,15,9,26,9,11,35,27,82,64,40,104,186
10/08/2022,MLU,LA,ASW,CE,Combined TRACON& Tower with Radar,7,9,16,0,32,0,2,17,0,19,7,11,33,0,51,16,0,16,67
10/09/2022,MLU,LA,ASW,CE,Combined TRACON& Tower with Radar,5,9,22,0,36,0,1,21,0,22,5,10,43,0,58,18,0,18,76
10/10/2022,MLU,LA,ASW,CE,Combined TRACON& Tower with Radar,6,5,20,2,33,0,0,17,1,18,6,5,37,3,51,12,0,12,63
10/11/2022,MLU,LA,ASW,CE,Combined TRACON& Tower with Radar,9,4,25,4,42,0,2,33,4,39,9,6,58,8,81,26,0,26,107
10/12/2022,MLU,LA,ASW,CE,Combined TRACON& Tower with Radar,7,6,38,45,96,0,0,27,5,32,7,6,65,50,128,48,40,88,216
10/13/2022,MLU,LA,ASW,CE,Combined TRACON& Tower with Radar,9,8,23,43,83,0,7,13,9,29,9,15,36,52,112,40,32,72,184
10/14/2022,MLU,LA,ASW,CE,Combined TRACON& Tower with Radar,5,7,21,9,42,0,0,21,3,24,5,7,42,12,66,14,10,24,90
10/15/2022,MLU,LA,ASW,CE,Combined TRACON& Tower with Radar,5,4,14,0,23,0,0,13,0,13,5,4,27,0,36,8,0,8,44
10/16/2022,MLU,LA,ASW,CE,Combined TRACON& Tower with Radar,7,10,17,0,34,0,0,6,0,6,7,10,23,0,40,10,0,10,50
10/17/2022,MLU,LA,ASW,CE,Combined TRACON& Tower with Radar,9,5,34,4,52,0,0,12,0,12,9,5,46,4,64,14,4,18,82
10/18/2022,MLU,LA,ASW,CE,Combined TRACON& Tower with Radar,5,13,17,13,48,0,1,27,3,31,5,14,44,16,79,22,8,30,109
10/19/2022,MLU,LA,ASW,CE,Combined TRACON& Tower with Radar,5,11,22,24,62,0,0,33,3,36,5,11,55,27,98,86,6,92,190
10/20/2022,MLU,LA,ASW,CE,Combined TRACON& Tower with Radar,6,11,16,34,67,0,1,25,14,40,6,12,41,48,107,40,4,44,151
10/21/2022,MLU,LA,ASW,CE,Combined TRACON& Tower with Radar,6,9,28,8,51,0,0,21,5,26,6,9,49,13,77,48,0,48,125
10/22/2022,MLU,LA,ASW,CE,Combined TRACON& Tower with Radar,6,4,14,0,24,0,1,21,0,22,6,5,35,0,46,4,0,4,50
10/23/2022,MLU,LA,ASW,CE,Combined TRACON& Tower with Radar,6,6,23,14,49,0,0,17,0,17,6,6,40,14,66,0,8,8,74
10/24/2022,MLU,LA,ASW,CE,Combined TRACON& Tower with Radar,3,7,21,47,78,0,0,16,5,21,3,7,37,52,99,0,26,26,125
10/25/2022,MLU,LA,ASW,CE,Combined TRACON& Tower with Radar,5,8,14,7,34,0,0,8,2,10,5,8,22,9,44,0,12,12,56
10/26/2022,MLU,LA,ASW,CE,Combined TRACON& Tower with Radar,5,13,10,23,51,0,1,23,7,31,5,14,33,30,82,8,4,12,94
10/27/2022,MLU,LA,ASW,CE,Combined TRACON& Tower with Radar,7,11,23,8,49,0,1,24,4,29,7,12,47,12,78,42,32,74,152
10/28/2022,MLU,LA,ASW,CE,Combined TRACON& Tower with Radar,5,11,12,32,60,0,0,18,5,23,5,11,30,37,83,64,6,70,153
10/29/2022,MLU,LA,ASW,CE,Combined TRACON& Tower with Radar,4,6,12,0,22,0,1,3,0,4,4,7,15,0,26,0,0,0,26
10/30/2022,MLU,LA,ASW,CE,Combined TRACON& Tower with Radar,5,10,23,0,38,0,3,3,0,6,5,13,26,0,44,0,0,0,44
10/31/2022,MLU,LA,ASW,CE,Combined TRACON& Tower with Radar,4,6,15,25,50,0,2,17,3,22,4,8,32,28,72,2,2,4,76
11/01/2022,MLU,LA,ASW,CE,Combined TRACON& Tower with Radar,5,9,29,22,65,0,0,22,5,27,5,9,51,27,92,68,30,98,190
11/02/2022,MLU,LA,ASW,CE,Combined TRACON& Tower with Radar,5,10,31,37,83,0,0,24,11,35,5,10,55,48,118,70,8,78,196
11/03/2022,MLU,LA,ASW,CE,Combined TRACON& Tower with Radar,5,11,21,26,63,0,0,21,3,24,5,11,42,29,87,36,18,54,141
11/04/2022,MLU,LA,ASW,CE,Combined TRACON& Tower with Radar,8,8,17,7,40,0,0,5,1,6,8,8,22,8,46,0,0,0,46
11/05/2022,MLU,LA,ASW,CE,Combined TRACON& Tower with Radar,8,5,15,3,31,0,0,13,6,19,8,5,28,9,50,0,0,0,50
11/06/2022,MLU,LA,ASW,CE,Combined TRACON& Tower with Radar,5,4,13,0,22,0,1,3,1,5,5,5,16,1,27,8,0,8,35
11/07/2022,MLU,LA,ASW,CE,Combined TRACON& Tower with Radar,5,6,12,11,34,0,0,4,0,4,5,6,16,11,38,34,6,40,78
11/08/2022,MLU,LA,ASW,CE,Combined TRACON& Tower with Radar,9,4,17,0,30,0,1,6,4,11,9,5,23,4,41,0,0,0,41
11/09/2022,MLU,LA,ASW,CE,Combined TRACON& Tower with Radar,4,9,25,4,42,0,2,21,4,27,4,11,46,8,69,60,0,60,129
11/10/2022,MLU,LA,ASW,CE,Combined TRACON& Tower with Radar,5,10,20,2,37,0,4,27,0,31,5,14,47,2,68,0,0,0,68
11/11/2022,MLU,LA,ASW,CE,Combined TRACON& Tower with Radar,8,6,19,0,33,0,0,16,0,16,8,6,35,0,49,26,0,26,75
11/12/2022,MLU,LA,ASW,CE,Combined TRACON& Tower with Radar,9,6,7,0,22,0,0,6,0,6,9,6,13,0,28,6,0,6,34
11/13/2022,MLU,LA,ASW,CE,Combined TRACON& Tower with Radar,5,10,23,0,38,0,2,16,0,18,5,12,39,0,56,2,0,2,58
11/14/2022,MLU,LA,ASW,CE,Combined TRACON& Tower with Radar,5,7,15,0,27,0,0,9,0,9,5,7,24,0,36,24,0,24,60
11/15/2022,MLU,LA,ASW,CE,Combined TRACON& Tower with Radar,4,15,8,2,29,0,0,6,2,8,4,15,14,4,37,2,0,2,39
11/16/2022,MLU,LA,ASW,CE,Combined TRACON& Tower with Radar,5,10,29,11,55,0,1,15,2,18,5,11,44,13,73,38,12,50,123
11/17/2022,MLU,LA,ASW,CE,Combined TRACON& Tower with Radar,6,13,24,2,45,0,2,23,0,25,6,15,47,2,70,38,0,38,108
11/18/2022,MLU,LA,ASW,CE,Combined TRACON& Tower with Radar,6,8,24,0,38,0,2,34,0,36,6,10,58,0,74,22,0,22,96
11/19/2022,MLU,LA,ASW,CE,Combined TRACON& Tower with Radar,5,5,7,0,17,0,2,18,0,20,5,7,25,0,37,24,0,24,61
11/20/2022,MLU,LA,ASW,CE,Combined TRACON& Tower with Radar,6,9,21,0,36,0,0,27,0,27,6,9,48,0,63,30,0,30,93
11/21/2022,MLU,LA,ASW,CE,Combined TRACON& Tower with Radar,5,8,14,1,28,0,3,22,0,25,5,11,36,1,53,78,2,80,133
11/22/2022,MLU,LA,ASW,CE,Combined TRACON& Tower with Radar,5,9,19,2,35,0,2,24,1,27,5,11,43,3,62,30,0,30,92
11/23/2022,MLU,LA,ASW,CE,Combined TRACON& Tower with Radar,5,10,11,1,27,0,0,15,0,15,5,10,26,1,42,6,0,6,48
11/24/2022,MLU,LA,ASW,CE,Combined TRACON& Tower with Radar,4,4,4,1,13,0,0,1,0,1,4,4,5,1,14,6,0,6,20
11/25/2022,MLU,LA,ASW,CE,Combined TRACON& Tower with Radar,6,7,5,0,18,0,0,0,0,0,6,7,5,0,18,0,0,0,18
11/26/2022,MLU,LA,ASW,CE,Combined TRACON& Tower with Radar,7,4,3,0,14,0,0,0,0,0,7,4,3,0,14,0,0,0,14
11/27/2022,MLU,LA,ASW,CE,Combined TRACON& Tower with Radar,7,9,20,0,36,0,2,14,0,16,7,11,34,0,52,8,0,8,60
11/28/2022,MLU,LA,ASW,CE,Combined TRACON& Tower with Radar,5,7,28,1,41,0,0,24,0,24,5,7,52,1,65,22,0,22,87
11/29/2022,MLU,LA,ASW,CE,Combined TRACON& Tower with Radar,5,7,7,0,19,0,0,1,0,1,5,7,8,0,20,0,0,0,20
11/30/2022,MLU,LA,ASW,CE,Combined TRACON& Tower with Radar,5,6,35,4,50,0,1,14,3,18,5,7,49,7,68,28,0,28,96
12/01/2022,MLU,LA,ASW,CE,Combined TRACON& Tower with Radar,5,7,14,0,26,0,0,24,0,24,5,7,38,0,50,56,0,56,106
12/02/2022,MLU,LA,ASW,CE,Combined TRACON& Tower with Radar,5,10,10,11,36,0,0,14,7,21,5,10,24,18,57,18,14,32,89
12/03/2022,MLU,LA,ASW,CE,Combined TRACON& Tower with Radar,5,7,14,1,27,0,0,3,2,5,5,7,17,3,32,22,0,22,54
12/04/2022,MLU,LA,ASW,CE,Combined TRACON& Tower with Radar,5,4,17,2,28,0,1,4,0,5,5,5,21,2,33,10,0,10,43
12/05/2022,MLU,LA,ASW,CE,Combined TRACON& Tower with Radar,5,4,13,0,22,0,0,2,0,2,5,4,15,0,24,0,0,0,24
12/06/2022,MLU,LA,ASW,CE,Combined TRACON& Tower with Radar,6,9,23,10,48,0,0,8,3,11,6,9,31,13,59,0,0,0,59
12/07/2022,MLU,LA,ASW,CE,Combined TRACON& Tower with Radar,8,5,10,10,33,0,1,14,0,15,8,6,24,10,48,62,0,62,110
12/08/2022,MLU,LA,ASW,CE,Combined TRACON& Tower with Radar,6,9,16,2,33,0,0,7,0,7,6,9,23,2,40,6,0,6,46
12/09/2022,MLU,LA,ASW,CE,Combined TRACON& Tower with Radar,6,6,19,12,43,0,0,4,2,6,6,6,23,14,49,18,0,18,67
12/10/2022,MLU,LA,ASW,CE,Combined TRACON& Tower with Radar,3,4,14,0,21,0,0,14,0,14,3,4,28,0,35,26,0,26,61
12/11/2022,MLU,LA,ASW,CE,Combined TRACON& Tower with Radar,7,4,11,0,22,0,0,0,0,0,7,4,11,0,22,0,0,0,22
12/12/2022,MLU,LA,ASW,CE,Combined TRACON& Tower with Radar,4,8,11,0,23,0,0,2,0,2,4,8,13,0,25,0,0,0,25
12/13/2022,MLU,LA,ASW,CE,Combined TRACON& Tower with Radar,2,9,11,0,22,0,0,3,0,3,2,9,14,0,25,0,0,0,25
12/14/2022,MLU,LA,ASW,CE,Combined TRACON& Tower with Radar,6,8,13,0,27,0,1,11,0,12,6,9,24,0,39,6,0,6,45
12/15/2022,MLU,LA,ASW,CE,Combined TRACON& Tower with Radar,5,9,23,14,51,0,0,38,2,40,5,9,61,16,91,108,2,110,201
12/16/2022,MLU,LA,ASW,CE,Combined TRACON& Tower with Radar,6,8,15,2,31,0,1,11,0,12,6,9,26,2,43,36,0,36,79
12/17/2022,MLU,LA,ASW,CE,Combined TRACON& Tower with Radar,5,5,16,0,26,0,1,23,0,24,5,6,39,0,50,42,0,42,92
12/18/2022,MLU,LA,ASW,CE,Combined TRACON& Tower with Radar,5,10,15,0,30,0,0,14,0,14,5,10,29,0,44,0,0,0,44
12/19/2022,MLU,LA,ASW,CE,Combined TRACON& Tower with Radar,6,8,6,0,20,0,0,1,0,1,6,8,7,0,21,0,0,0,21
12/20/2022,MLU,LA,ASW,CE,Combined TRACON& Tower with Radar,8,5,7,0,20,0,0,1,0,1,8,5,8,0,21,0,0,0,21
12/21/2022,MLU,LA,ASW,CE,Combined TRACON& Tower with Radar,5,9,18,1,33,0,0,1,0,1,5,9,19,1,34,22,0,22,56
12/22/2022,MLU,LA,ASW,CE,Combined TRACON& Tower with Radar,5,6,14,0,25,0,0,0,0,0,5,6,14,0,25,0,0,0,25
12/23/2022,MLU,LA,ASW,CE,Combined TRACON& Tower with Radar,5,6,6,0,17,0,2,10,0,12,5,8,16,0,29,0,0,0,29
12/24/2022,MLU,LA,ASW,CE,Combined TRACON& Tower with Radar,4,4,7,0,15,0,0,7,0,7,4,4,14,0,22,40,0,40,62
12/25/2022,MLU,LA,ASW,CE,Combined TRACON& Tower with Radar,4,2,1,0,7,0,0,2,0,2,4,2,3,0,9,0,0,0,9
12/26/2022,MLU,LA,ASW,CE,Combined TRACON& Tower with Radar,6,4,26,0,36,0,2,15,0,17,6,6,41,0,53,16,0,16,69
12/27/2022,MLU,LA,ASW,CE,Combined TRACON& Tower with Radar,6,7,19,0,32,0,0,17,0,17,6,7,36,0,49,38,0,38,87
12/28/2022,MLU,LA,ASW,CE,Combined TRACON& Tower with Radar,5,10,24,2,41,0,4,14,0,18,5,14,38,2,59,48,0,48,107
12/29/2022,MLU,LA,ASW,CE,Combined TRACON& Tower with Radar,5,6,7,0,18,0,0,2,0,2,5,6,9,0,20,0,0,0,20
12/30/2022,MLU,LA,ASW,CE,Combined TRACON& Tower with Radar,5,7,12,0,24,0,0,2,0,2,5,7,14,0,26,10,0,10,36
12/31/2022,MLU,LA,ASW,CE,Combined TRACON& Tower with Radar,9,4,5,0,18,0,0,4,0,4,9,4,9,0,22,0,0,0,22
01/01/2023,MLU,LA,ASW,CE,Combined TRACON& Tower with Radar,5,3,10,0,18,0,0,0,0,0,5,3,10,0,18,0,0,0,18
01/02/2023,MLU,LA,ASW,CE,Combined TRACON& Tower with Radar,7,4,8,0,19,0,0,1,0,1,7,4,9,0,20,0,0,0,20
01/03/2023,MLU,LA,ASW,CE,Combined TRACON& Tower with Radar,6,6,4,0,16,0,0,7,0,7,6,6,11,0,23,28,0,28,51
01/04/2023,MLU,LA,ASW,CE,Combined TRACON& Tower with Radar,5,6,19,5,35,0,2,18,2,22,5,8,37,7,57,48,12,60,117
01/05/2023,MLU,LA,ASW,CE,Combined TRACON& Tower with Radar,6,9,23,23,61,0,1,20,4,25,6,10,43,27,86,46,22,68,154
01/06/2023,MLU,LA,ASW,CE,Combined TRACON& Tower with Radar,5,7,21,13,46,0,0,30,5,35,5,7,51,18,81,18,22,40,121
01/07/2023,MLU,LA,ASW,CE,Combined TRACON& Tower with Radar,5,5,21,0,31,0,1,9,0,10,5,6,30,0,41,0,0,0,41
01/08/2023,MLU,LA,ASW,CE,Combined TRACON& Tower with Radar,6,4,14,0,24,0,1,9,0,10,6,5,23,0,34,16,0,16,50
01/09/2023,MLU,LA,ASW,CE,Combined TRACON& Tower with Radar,5,7,15,16,43,0,1,23,3,27,5,8,38,19,70,20,6,26,96
01/10/2023,MLU,LA,ASW,CE,Combined TRACON& Tower with Radar,6,6,29,7,48,0,0,12,0,12,6,6,41,7,60,10,0,10,70
01/11/2023,MLU,LA,ASW,CE,Combined TRACON& Tower with Radar,5,7,21,27,60,0,2,16,4,22,5,9,37,31,82,2,40,42,124
01/12/2023,MLU,LA,ASW,CE,Combined TRACON& Tower with Radar,5,7,18,0,30,0,0,8,2,10,5,7,26,2,40,10,0,10,50
01/13/2023,MLU,LA,ASW,CE,Combined TRACON& Tower with Radar,5,10,23,25,63,0,0,42,3,45,5,10,65,28,108,16,54,70,178
01/14/2023,MLU,LA,ASW,CE,Combined TRACON& Tower with Radar,4,6,12,7,29,0,3,34,0,37,4,9,46,7,66,26,0,26,92
01/15/2023,MLU,LA,ASW,CE,Combined TRACON& Tower with Radar,3,6,14,8,31,0,1,12,0,13,3,7,26,8,44,0,16,16,60
01/16/2023,MLU,LA,ASW,CE,Combined TRACON& Tower with Radar,4,10,13,0,27,0,0,5,0,5,4,10,18,0,32,8,0,8,40
01/17/2023,MLU,LA,ASW,CE,Combined TRACON& Tower with Radar,5,13,22,12,52,0,0,13,1,14,5,13,35,13,66,46,0,46,112
01/18/2023,MLU,LA,ASW,CE,Combined TRACON& Tower with Radar,5,6,8,0,19,0,2,1,0,3,5,8,9,0,22,0,0,0,22
01/19/2023,MLU,LA,ASW,CE,Combined TRACON& Tower with Radar,5,9,24,23,61,0,2,51,9,62,5,11,75,32,123,60,10,70,193
01/20/2023,MLU,LA,ASW,CE,Combined TRACON& Tower with Radar,6,7,14,37,64,0,2,23,8,33,6,9,37,45,97,94,32,126,223
01/21/2023,MLU,LA,ASW,CE,Combined TRACON& Tower with Radar,5,8,23,0,36,0,0,12,0,12,5,8,35,0,48,40,0,40,88
01/22/2023,MLU,LA,ASW,CE,Combined TRACON& Tower with Radar,5,4,17,19,45,0,1,18,0,19,5,5,35,19,64,2,2,4,68
01/23/2023,MLU,LA,ASW,CE,Combined TRACON& Tower with Radar,5,9,39,22,75,0,0,41,4,45,5,9,80,26,120,12,60,72,192
01/24/2023,MLU,LA,ASW,CE,Combined TRACON& Tower with Radar,5,9,3,0,17,0,0,1,1,2,5,9,4,1,19,0,0,0,19
01/25/2023,MLU,LA,ASW,CE,Combined TRACON& Tower with Radar,5,14,16,74,109,0,0,22,11,33,5,14,38,85,142,44,12,56,198
01/26/2023,MLU,LA,ASW,CE,Combined TRACON& Tower with Radar,6,12,32,15,65,0,0,33,8,41,6,12,65,23,106,36,24,60,166
01/27/2023,MLU,LA,ASW,CE,Combined TRACON& Tower with Radar,5,9,23,0,37,0,2,33,2,37,5,11,56,2,74,22,0,22,96
01/28/2023,MLU,LA,ASW,CE,Combined TRACON& Tower with Radar,5,4,9,0,18,0,0,4,0,4,5,4,13,0,22,8,0,8,30
01/29/2023,MLU,LA,ASW,CE,Combined TRACON& Tower with Radar,5,4,16,0,25,0,0,0,0,0,5,4,16,0,25,0,0,0,25
01/30/2023,MLU,LA,ASW,CE,Combined TRACON& Tower with Radar,3,7,10,0,20,0,0,0,0,0,3,7,10,0,20,0,0,0,20
01/31/2023,MLU,LA,ASW,CE,Combined TRACON& Tower with Radar,3,4,8,0,15,0,0,0,0,0,3,4,8,0,15,0,0,0,15
02/01/2023,MLU,LA,ASW,CE,Combined TRACON& Tower with Radar,2,5,4,0,11,0,0,0,0,0,2,5,4,0,11,0,0,0,11
02/02/2023,MLU,LA,ASW,CE,Combined TRACON& Tower with Radar,2,9,3,0,14,0,0,0,0,0,2,9,3,0,14,0,0,0,14
02/03/2023,MLU,LA,ASW,CE,Combined TRACON& Tower with Radar,5,10,22,3,40,0,0,35,6,41,5,10,57,9,81,14,0,14,95
02/04/2023,MLU,LA,ASW,CE,Combined TRACON& Tower with Radar,5,6,25,0,36,0,3,27,0,30,5,9,52,0,66,24,0,24,90
02/05/2023,MLU,LA,ASW,CE,Combined TRACON& Tower with Radar,5,5,22,0,32,0,0,22,0,22,5,5,44,0,54,0,0,0,54
02/06/2023,MLU,LA,ASW,CE,Combined TRACON& Tower with Radar,5,7,30,0,42,0,2,30,0,32,5,9,60,0,74,18,0,18,92
02/07/2023,MLU,LA,ASW,CE,Combined TRACON& Tower with Radar,5,9,24,12,50,0,1,44,4,49,5,10,68,16,99,30,0,30,129
02/08/2023,MLU,LA,ASW,CE,Combined TRACON& Tower with Radar,5,7,8,6,26,0,0,0,0,0,5,7,8,6,26,0,0,0,26
02/09/2023,MLU,LA,ASW,CE,Combined TRACON& Tower with Radar,8,5,28,13,54,0,1,52,14,67,8,6,80,27,121,64,22,86,207
02/10/2023,MLU,LA,ASW,CE,Combined TRACON& Tower with Radar,6,6,33,8,53,0,2,21,7,30,6,8,54,15,83,22,16,38,121
02/11/2023,MLU,LA,ASW,CE,Combined TRACON& Tower with Radar,5,3,6,0,14,0,1,8,0,9,5,4,14,0,23,30,0,30,53
02/12/2023,MLU,LA,ASW,CE,Combined TRACON& Tower with Radar,6,4,17,0,27,0,1,18,0,19,6,5,35,0,46,10,0,10,56
02/13/2023,MLU,LA,ASW,CE,Combined TRACON& Tower with Radar,5,6,18,38,67,0,0,33,5,38,5,6,51,43,105,32,28,60,165
02/14/2023,MLU,LA,ASW,CE,Combined TRACON& Tower with Radar,5,7,11,0,23,0,1,0,0,1,5,8,11,0,24,2,0,2,26
02/15/2023,MLU,LA,ASW,CE,Combined TRACON& Tower with Radar,5,7,13,14,39,0,2,4,0,6,5,9,17,14,45,24,0,24,69
02/16/2023,MLU,LA,ASW,CE,Combined TRACON& Tower with Radar,5,10,15,0,30,0,1,10,0,11,5,11,25,0,41,16,0,16,57
02/17/2023,MLU,LA,ASW,CE,Combined TRACON& Tower with Radar,6,9,14,11,40,0,0,13,3,16,6,9,27,14,56,6,16,22,78
02/18/2023,MLU,LA,ASW,CE,Combined TRACON& Tower with Radar,5,6,29,0,40,0,4,22,0,26,5,10,51,0,66,32,0,32,98
02/19/2023,MLU,LA,ASW,CE,Combined TRACON& Tower with Radar,5,8,24,0,37,0,2,16,0,18,5,10,40,0,55,8,0,8,63
02/20/2023,MLU,LA,ASW,CE,Combined TRACON& Tower with Radar,5,9,21,0,35,0,0,3,0,3,5,9,24,0,38,0,0,0,38
02/21/2023,MLU,LA,ASW,CE,Combined TRACON& Tower with Radar,5,9,21,8,43,0,2,14,2,18,5,11,35,10,61,4,8,12,73
02/22/2023,MLU,LA,ASW,CE,Combined TRACON& Tower with Radar,3,8,14,8,33,0,0,2,0,2,3,8,16,8,35,0,4,4,39
02/23/2023,MLU,LA,ASW,CE,Combined TRACON& Tower with Radar,5,6,36,15,62,0,0,16,5,21,5,6,52,20,83,8,10,18,101
02/24/2023,MLU,LA,ASW,CE,Combined TRACON& Tower with Radar,5,7,15,12,39,0,1,12,1,14,5,8,27,13,53,34,8,42,95
02/25/2023,MLU,LA,ASW,CE,Combined TRACON& Tower with Radar,5,4,14,0,23,0,1,2,0,3,5,5,16,0,26,40,0,40,66
02/26/2023,MLU,LA,ASW,CE,Combined TRACON& Tower with Radar,7,6,20,0,33,0,1,8,0,9,7,7,28,0,42,6,0,6,48
02/27/2023,MLU,LA,ASW,CE,Combined TRACON& Tower with Radar,5,8,15,18,46,0,0,14,1,15,5,8,29,19,61,4,24,28,89
02/28/2023,MLU,LA,ASW,CE,Combined TRACON& Tower with Radar,5,7,15,17,44,0,2,28,3,33,5,9,43,20,77,18,28,46,123
03/01/2023,MLU,LA,ASW,CE,Combined TRACON& Tower with Radar,5,8,23,13,49,0,1,14,2,17,5,9,37,15,66,10,20,30,96
03/02/2023,MLU,LA,ASW,CE,Combined TRACON& Tower with Radar,2,6,11,4,23,0,0,7,0,7,2,6,18,4,30,2,0,2,32
03/03/2023,MLU,LA,ASW,CE,Combined TRACON& Tower with Radar,5,5,20,2,32,0,0,12,0,12,5,5,32,2,44,0,0,0,44
03/04/2023,MLU,LA,ASW,CE,Combined TRACON& Tower with Radar,5,4,7,0,16,0,1,32,0,33,5,5,39,0,49,24,0,24,73
03/05/2023,MLU,LA,ASW,CE,Combined TRACON& Tower with Radar,7,9,26,0,42,0,0,26,0,26,7,9,52,0,68,2,0,2,70
03/06/2023,MLU,LA,ASW,CE,Combined TRACON& Tower with Radar,5,7,26,30,68,0,1,19,2,22,5,8,45,32,90,40,14,54,144
03/07/2023,MLU,LA,ASW,CE,Combined TRACON& Tower with Radar,5,9,22,22,58,0,3,18,0,21,5,12,40,22,79,36,0,36,115
03/08/2023,MLU,LA,ASW,CE,Combined TRACON& Tower with Radar,5,10,13,3,31,0,1,17,3,21,5,11,30,6,52,42,22,64,116
03/09/2023,MLU,LA,ASW,CE,Combined TRACON& Tower with Radar,5,7,31,18,61,0,0,14,2,16,5,7,45,20,77,68,52,120,197
03/10/2023,MLU,LA,ASW,CE,Combined TRACON& Tower with Radar,5,6,32,28,71,0,2,15,2,19,5,8,47,30,90,16,58,74,164
03/11/2023,MLU,LA,ASW,CE,Combined TRACON& Tower with Radar,6,4,24,0,34,0,0,9,0,9,6,4,33,0,43,0,0,0,43
03/12/2023,MLU,LA,ASW,CE,Combined TRACON& Tower with Radar,5,5,4,0,14,0,1,2,0,3,5,6,6,0,17,0,0,0,17
03/13/2023,MLU,LA,ASW,CE,Combined TRACON& Tower with Radar,6,6,20,28,60,0,0,34,13,47,6,6,54,41,107,60,88,148,255
03/14/2023,MLU,LA,ASW,CE,Combined TRACON& Tower with Radar,5,7,21,12,45,0,3,25,6,34,5,10,46,18,79,32,70,102,181
03/15/2023,MLU,LA,ASW,CE,Combined TRACON& Tower with Radar,5,7,28,4,44,0,2,41,1,44,5,9,69,5,88,130,0,130,218
03/16/2023,MLU,LA,ASW,CE,Combined TRACON& Tower with Radar,2,5,10,7,24,0,2,14,2,18,2,7,24,9,42,2,12,14,56
03/17/2023,MLU,LA,ASW,CE,Combined TRACON& Tower with Radar,4,7,23,16,50,0,1,18,0,19,4,8,41,16,69,18,0,18,87
03/18/2023,MLU,LA,ASW,CE,Combined TRACON& Tower with Radar,5,4,16,7,32,0,3,39,1,43,5,7,55,8,75,14,16,30,105
03/19/2023,MLU,LA,ASW,CE,Combined TRACON& Tower with Radar,5,7,13,1,26,0,0,22,2,24,5,7,35,3,50,6,6,12,62
03/20/2023,MLU,LA,ASW,CE,Combined TRACON& Tower with Radar,5,6,10,10,31,0,2,25,2,29,5,8,35,12,60,18,14,32,92
03/21/2023,MLU,LA,ASW,CE,Combined TRACON& Tower with Radar,4,8,12,9,33,0,1,14,4,19,4,9,26,13,52,0,4,4,56
03/22/2023,MLU,LA,ASW,CE,Combined TRACON& Tower with Radar,5,10,20,8,43,0,1,15,2,18,5,11,35,10,61,16,4,20,81
03/23/2023,MLU,LA,ASW,CE,Combined TRACON& Tower with Radar,5,9,31,12,57,0,1,19,3,23,5,10,50,15,80,46,0,46,126
03/24/2023,MLU,LA,ASW,CE,Combined TRACON& Tower with Radar,5,8,10,0,23,0,1,2,0,3,5,9,12,0,26,0,0,0,26
03/25/2023,MLU,LA,ASW,CE,Combined TRACON& Tower with Radar,5,8,8,0,21,0,0,26,0,26,5,8,34,0,47,34,0,34,81
03/26/2023,MLU,LA,ASW,CE,Combined TRACON& Tower with Radar,5,10,7,2,24,0,0,9,2,11,5,10,16,4,35,10,0,10,45
03/27/2023,MLU,LA,ASW,CE,Combined TRACON& Tower with Radar,5,8,25,15,53,0,0,26,5,31,5,8,51,20,84,16,20,36,120
03/28/2023,MLU,LA,ASW,CE,Combined TRACON& Tower with Radar,5,10,8,23,46,0,1,10,10,21,5,11,18,33,67,0,12,12,79
03/29/2023,MLU,LA,ASW,CE,Combined TRACON& Tower with Radar,5,6,21,41,73,0,6,44,4,54,5,12,65,45,127,46,22,68,195
03/30/2023,MLU,LA,ASW,CE,Combined TRACON& Tower with Radar,5,6,27,21,59,0,1,24,11,36,5,7,51,32,95,56,2,58,153
03/31/2023,MLU,LA,ASW,CE,Combined TRACON& Tower with Radar,5,7,16,0,28,0,0,3,0,3,5,7,19,0,31,0,0,0,31
04/01/2023,MLU,LA,ASW,CE,Combined TRACON& Tower with Radar,6,6,20,0,32,0,5,20,0,25,6,11,40,0,57,8,2,10,67
04/02/2023,MLU,LA,ASW,CE,Combined TRACON& Tower with Radar,4,3,22,0,29,0,1,9,0,10,4,4,31,0,39,8,0,8,47
04/03/2023,MLU,LA,ASW,CE,Combined TRACON& Tower with Radar,7,1,28,51,87,0,3,19,3,25,7,4,47,54,112,2,22,24,136
04/04/2023,MLU,LA,ASW,CE,Combined TRACON& Tower with Radar,9,2,21,33,65,0,4,15,4,23,9,6,36,37,88,0,18,18,106
04/05/2023,MLU,LA,ASW,CE,Combined TRACON& Tower with Radar,9,3,10,6,28,0,2,5,1,8,9,5,15,7,36,0,6,6,42
04/06/2023,MLU,LA,ASW,CE,Combined TRACON& Tower with Radar,9,5,4,0,18,0,0,0,0,0,9,5,4,0,18,0,0,0,18
04/07/2023,MLU,LA,ASW,CE,Combined TRACON& Tower with Radar,9,4,4,0,17,0,0,0,0,0,9,4,4,0,17,0,0,0,17
04/08/2023,MLU,LA,ASW,CE,Combined TRACON& Tower with Radar,10,4,11,0,25,0,0,4,0,4,10,4,15,0,29,2,0,2,31
04/09/2023,MLU,LA,ASW,CE,Combined TRACON& Tower with Radar,7,0,7,0,14,0,2,6,0,8,7,2,13,0,22,0,0,0,22
04/10/2023,MLU,LA,ASW,CE,Combined TRACON& Tower with Radar,9,8,24,12,53,0,2,38,4,44,9,10,62,16,97,58,10,68,165
04/11/2023,MLU,LA,ASW,CE,Combined TRACON& Tower with Radar,9,2,21,7,39,0,2,29,7,38,9,4,50,14,77,34,12,46,123
04/12/2023,MLU,LA,ASW,CE,Combined TRACON& Tower with Radar,9,2,13,8,32,0,2,28,2,32,9,4,41,10,64,54,2,56,120
04/13/2023,MLU,LA,ASW,CE,Combined TRACON& Tower with Radar,9,6,22,7,44,0,1,20,5,26,9,7,42,12,70,54,6,60,130
04/14/2023,MLU,LA,ASW,CE,Combined TRACON& Tower with Radar,9,4,16,31,60,0,2,42,18,62,9,6,58,49,122,46,26,72,194
04/15/2023,MLU,LA,ASW,CE,Combined TRACON& Tower with Radar,9,2,12,0,23,0,1,5,2,8,9,3,17,2,31,4,0,4,35
04/16/2023,MLU,LA,ASW,CE,Combined TRACON& Tower with Radar,8,0,6,4,18,0,6,8,0,14,8,6,14,4,32,0,0,0,32
04/17/2023,MLU,LA,ASW,CE,Combined TRACON& Tower with Radar,9,1,21,25,56,0,2,39,5,46,9,3,60,30,102,80,4,84,186
04/18/2023,MLU,LA,ASW,CE,Combined TRACON& Tower with Radar,9,3,32,48,92,0,2,33,5,40,9,5,65,53,132,84,34,118,250
04/19/2023,MLU,LA,ASW,CE,Combined TRACON& Tower with Radar,9,5,23,22,59,0,3,24,1,28,9,8,47,23,87,108,14,122,209
04/20/2023,MLU,LA,ASW,CE,Combined TRACON& Tower with Radar,7,3,20,28,58,0,0,8,1,9,7,3,28,29,67,6,0,6,73
04/21/2023,MLU,LA,ASW,CE,Combined TRACON& Tower with Radar,8,1,18,0,27,0,0,1,0,1,8,1,19,0,28,0,0,0,28
04/22/2023,MLU,LA,ASW,CE,Combined TRACON& Tower with Radar,9,4,28,1,42,0,3,39,1,43,9,7,67,2,85,40,6,46,131
04/23/2023,MLU,LA,ASW,CE,Combined TRACON& Tower with Radar,9,0,17,0,26,0,3,11,0,14,9,3,28,0,40,0,0,0,40
04/24/2023,MLU,LA,ASW,CE,Combined TRACON& Tower with Radar,9,6,17,5,37,0,2,19,1,22,9,8,36,6,59,26,6,32,91
04/25/2023,MLU,LA,ASW,CE,Combined TRACON& Tower with Radar,9,3,19,5,36,0,2,28,4,34,9,5,47,9,70,60,0,60,130
04/26/2023,MLU,LA,ASW,CE,Combined TRACON& Tower with Radar,9,5,17,8,39,0,0,9,0,9,9,5,26,8,48,28,8,36,84
04/27/2023,MLU,LA,ASW,CE,Combined TRACON& Tower with Radar,9,4,20,41,74,0,0,11,6,17,9,4,31,47,91,42,24,66,157
04/28/2023,MLU,LA,ASW,CE,Combined TRACON& Tower with Radar,9,6,14,35,64,0,0,25,0,25,9,6,39,35,89,80,4,84,173
04/29/2023,MLU,LA,ASW,CE,Combined TRACON& Tower with Radar,8,0,4,0,12,0,0,2,0,2,8,0,6,0,14,0,0,0,14
04/30/2023,MLU,LA,ASW,CE,Combined TRACON& Tower with Radar,9,0,23,5,37,0,2,32,3,37,9,2,55,8,74,8,8,16,90
05/01/2023,MLU,LA,ASW,CE,Combined TRACON& Tower with Radar,11,4,6,17,38,0,0,30,5,35,11,4,36,22,73,82,18,100,173
05/02/2023,MLU,LA,ASW,CE,Combined TRACON& Tower with Radar,9,6,15,32,62,0,0,19,5,24,9,6,34,37,86,48,18,66,152
05/03/2023,MLU,LA,ASW,CE,Combined TRACON& Tower with Radar,8,0,6,27,41,0,3,28,5,36,8,3,34,32,77,60,8,68,145
05/04/2023,MLU,LA,ASW,CE,Combined TRACON& Tower with Radar,9,3,8,11,31,0,0,43,5,48,9,3,51,16,79,66,26,92,171
05/05/2023,MLU,LA,ASW,CE,Combined TRACON& Tower with Radar,8,2,5,0,15,0,3,9,7,19,8,5,14,7,34,0,0,0,34
05/06/2023,MLU,LA,ASW,CE,Combined TRACON& Tower with Radar,9,0,6,2,17,0,1,17,14,32,9,1,23,16,49,2,24,26,75
05/07/2023,MLU,LA,ASW,CE,Combined TRACON& Tower with Radar,9,0,10,0,19,0,0,14,6,20,9,0,24,6,39,0,0,0,39
05/08/2023,MLU,LA,ASW,CE,Combined TRACON& Tower with Radar,9,3,19,15,46,0,0,12,2,14,9,3,31,17,60,38,2,40,100
05/09/2023,MLU,LA,ASW,CE,Combined TRACON& Tower with Radar,9,4,25,10,48,0,0,6,2,8,9,4,31,12,56,20,6,26,82
05/10/2023,MLU,LA,ASW,CE,Combined TRACON& Tower with Radar,9,2,19,2,32,0,0,1,0,1,9,2,20,2,33,0,4,4,37
05/11/2023,MLU,LA,ASW,CE,Combined TRACON& Tower with Radar,9,5,16,0,30,0,0,0,0,0,9,5,16,0,30,0,0,0,30
05/12/2023,MLU,LA,ASW,CE,Combined TRACON& Tower with Radar,9,4,25,16,54,0,0,8,7,15,9,4,33,23,69,26,0,26,95
05/13/2023,MLU,LA,ASW,CE,Combined TRACON& Tower with Radar,9,1,9,0,19,0,2,9,0,11,9,3,18,0,30,0,0,0,30
05/14/2023,MLU,LA,ASW,CE,Combined TRACON& Tower with Radar,8,4,10,1,23,0,0,0,3,3,8,4,10,4,26,6,2,8,34
05/15/2023,MLU,LA,ASW,CE,Combined TRACON& Tower with Radar,9,6,16,22,53,0,0,26,15,41,9,6,42,37,94,96,28,124,218
05/16/2023,MLU,LA,ASW,CE,Combined TRACON& Tower with Radar,9,3,15,41,68,0,4,26,14,44,9,7,41,55,112,48,48,96,208
05/17/2023,MLU,LA,ASW,CE,Combined TRACON& Tower with Radar,9,3,17,3,32,0,1,16,3,20,9,4,33,6,52,84,6,90,142
05/18/2023,MLU,LA,ASW,CE,Combined TRACON& Tower with Radar,9,2,22,22,55,0,0,21,3,24,9,2,43,25,79,84,64,148,227
05/19/2023,MLU,LA,ASW,CE,Combined TRACON& Tower with Radar,7,2,33,9,51,0,2,21,2,25,7,4,54,11,76,76,20,96,172
05/20/2023,MLU,LA,ASW,CE,Combined TRACON& Tower with Radar,9,3,6,0,18,0,0,5,0,5,9,3,11,0,23,6,0,6,29
05/21/2023,MLU,LA,ASW,CE,Combined TRACON& Tower with Radar,9,2,15,0,26,0,6,21,6,33,9,8,36,6,59,40,0,40,99
05/22/2023,MLU,LA,ASW,CE,Combined TRACON& Tower with Radar,9,1,17,2,29,0,0,22,2,24,9,1,39,4,53,56,22,78,131
05/23/2023,MLU,LA,ASW,CE,Combined TRACON& Tower with Radar,9,4,24,15,52,0,0,15,5,20,9,4,39,20,72,48,32,80,152
05/24/2023,MLU,LA,ASW,CE,Combined TRACON& Tower with Radar,9,6,24,25,64,0,3,19,8,30,9,9,43,33,94,22,80,102,196
05/25/2023,MLU,LA,ASW,CE,Combined TRACON& Tower with Radar,9,6,11,18,44,0,2,17,0,19,9,8,28,18,63,102,34,136,199
05/26/2023,MLU,LA,ASW,CE,Combined TRACON& Tower with Radar,9,5,13,0,27,0,0,19,0,19,9,5,32,0,46,68,0,68,114
05/27/2023,MLU,LA,ASW,CE,Combined TRACON& Tower with Radar,10,4,14,0,28,0,3,13,0,16,10,7,27,0,44,0,0,0,44
05/28/2023,MLU,LA,ASW,CE,Combined TRACON& Tower with Radar,10,5,7,0,22,0,1,19,0,20,10,6,26,0,42,4,0,4,46
05/29/2023,MLU,LA,ASW,CE,Combined TRACON& Tower with Radar,9,2,6,2,19,0,2,11,0,13,9,4,17,2,32,40,2,42,74
05/30/2023,MLU,LA,ASW,CE,Combined TRACON& Tower with Radar,9,0,14,19,42,0,1,25,3,29,9,1,39,22,71,60,12,72,143
05/31/2023,MLU,LA,ASW,CE,Combined TRACON& Tower with Radar,9,2,21,24,56,0,1,11,1,13,9,3,32,25,69,36,30,66,135
06/01/2023,MLU,LA,ASW,CE,Combined TRACON& Tower with Radar,9,8,12,6,35,0,3,24,4,31,9,11,36,10,66,88,34,122,188
06/02/2023,MLU,LA,ASW,CE,Combined TRACON& Tower with Radar,9,4,22,17,52,0,3,30,3,36,9,7,52,20,88,78,26,104,192
06/03/2023,MLU,LA,ASW,CE,Combined TRACON& Tower with Radar,9,3,10,6,28,0,0,25,10,35,9,3,35,16,63,8,26,34,97
06/04/2023,MLU,LA,ASW,CE,Combined TRACON& Tower with Radar,9,3,12,10,34,0,0,14,0,14,9,3,26,10,48,12,10,22,70
06/05/2023,MLU,LA,ASW,CE,Combined TRACON& Tower with Radar,10,0,9,3,22,0,0,15,0,15,10,0,24,3,37,24,0,24,61
06/06/2023,MLU,LA,ASW,CE,Combined TRACON& Tower with Radar,7,3,20,10,40,0,2,14,6,22,7,5,34,16,62,16,32,48,110
06/07/2023,MLU,LA,ASW,CE,Combined TRACON& Tower with Radar,9,4,16,2,31,0,6,7,1,14,9,10,23,3,45,22,0,22,67
06/08/2023,MLU,LA,ASW,CE,Combined TRACON& Tower with Radar,9,3,23,23,58,0,1,24,3,28,9,4,47,26,86,56,8,64,150
06/09/2023,MLU,LA,ASW,CE,Combined TRACON& Tower with Radar,9,5,9,2,25,0,1,15,0,16,9,6,24,2,41,30,0,30,71
06/10/2023,MLU,LA,ASW,CE,Combined TRACON& Tower with Radar,8,1,9,0,18,0,6,22,5,33,8,7,31,5,51,30,0,30,81
06/11/2023,MLU,LA,ASW,CE,Combined TRACON& Tower with Radar,9,1,20,0,30,0,1,11,0,12,9,2,31,0,42,8,0,8,50
06/12/2023,MLU,LA,ASW,CE,Combined TRACON& Tower with Radar,9,2,7,16,34,0,1,6,0,7,9,3,13,16,41,42,0,42,83
06/13/2023,MLU,LA,ASW,CE,Combined TRACON& Tower with Radar,7,3,9,0,19,0,0,1,0,1,7,3,10,0,20,0,0,0,20
06/14/2023,MLU,LA,ASW,CE,Combined TRACON& Tower with Radar,9,2,20,29,60,0,0,3,2,5,9,2,23,31,65,8,58,66,131
06/15/2023,MLU,LA,ASW,CE,Combined TRACON& Tower with Radar,9,3,18,20,50,0,1,8,0,9,9,4,26,20,59,20,2,22,81
06/16/2023,MLU,LA,ASW,CE,Combined TRACON& Tower with Radar,9,1,11,0,21,0,1,19,0,20,9,2,30,0,41,64,0,64,105
06/17/2023,MLU,LA,ASW,CE,Combined TRACON& Tower with Radar,9,1,14,0,24,0,2,20,0,22,9,3,34,0,46,22,0,22,68
06/18/2023,MLU,LA,ASW,CE,Combined TRACON& Tower with Radar,9,3,5,0,17,0,4,7,0,11,9,7,12,0,28,6,0,6,34
06/19/2023,MLU,LA,ASW,CE,Combined TRACON& Tower with Radar,9,5,19,6,39,0,1,26,2,29,9,6,45,8,68,76,0,76,144
06/20/2023,MLU,LA,ASW,CE,Combined TRACON& Tower with Radar,7,5,24,32,68,0,0,34,1,35,7,5,58,33,103,42,34,76,179
06/21/2023,MLU,LA,ASW,CE,Combined TRACON& Tower with Radar,9,2,13,43,67,0,1,38,8,47,9,3,51,51,114,40,28,68,182
06/22/2023,MLU,LA,ASW,CE,Combined TRACON& Tower with Radar,9,4,16,35,64,0,1,13,3,17,9,5,29,38,81,24,38,62,143
06/23/2023,MLU,LA,ASW,CE,Combined TRACON& Tower with Radar,9,0,28,52,89,0,5,40,5,50,9,5,68,57,139,30,14,44,183
06/24/2023,MLU,LA,ASW,CE,Combined TRACON& Tower with Radar,9,2,11,0,22,0,1,14,0,15,9,3,25,0,37,32,0,32,69
06/25/2023,MLU,LA,ASW,CE,Combined TRACON& Tower with Radar,9,8,12,0,29,0,2,13,0,15,9,10,25,0,44,0,0,0,44
06/26/2023,MLU,LA,ASW,CE,Combined TRACON& Tower with Radar,9,9,6,8,32,0,6,17,4,27,9,15,23,12,59,28,20,48,107
06/27/2023,MLU,LA,ASW,CE,Combined TRACON& Tower with Radar,7,9,18,20,54,0,0,16,0,16,7,9,34,20,70,6,0,6,76
06/28/2023,MLU,LA,ASW,CE,Combined TRACON& Tower with Radar,9,2,31,36,78,0,4,28,7,39,9,6,59,43,117,48,28,76,193
06/29/2023,MLU,LA,ASW,CE,Combined TRACON& Tower with Radar,9,4,24,10,47,0,5,45,1,51,9,9,69,11,98,52,4,56,154
06/30/2023,MLU,LA,ASW,CE,Combined TRACON& Tower with Radar,11,3,22,0,36,0,3,26,0,29,11,6,48,0,65,32,0,32,97
07/01/2023,MLU,LA,ASW,CE,Combined TRACON& Tower with Radar,9,4,11,0,24,0,8,18,0,26,9,12,29,0,50,56,0,56,106
07/02/2023,MLU,LA,ASW,CE,Combined TRACON& Tower with Radar,9,0,19,0,28,0,1,8,0,9,9,1,27,0,37,0,0,0,37
07/03/2023,MLU,LA,ASW,CE,Combined TRACON& Tower with Radar,8,0,11,0,19,0,0,9,0,9,8,0,20,0,28,4,0,4,32
07/04/2023,MLU,LA,ASW,CE,Combined TRACON& Tower with Radar,7,0,3,0,10,0,0,16,0,16,7,0,19,0,26,28,0,28,54
07/05/2023,MLU,LA,ASW,CE,Combined TRACON& Tower with Radar,7,0,15,16,38,0,2,7,2,11,7,2,22,18,49,0,70,70,119
07/06/2023,MLU,LA,ASW,CE,Combined TRACON& Tower with Radar,9,1,12,29,51,0,1,19,7,27,9,2,31,36,78,18,50,68,146
07/07/2023,MLU,LA,ASW,CE,Combined TRACON& Tower with Radar,9,3,13,8,33,0,0,12,0,12,9,3,25,8,45,52,0,52,97
07/08/2023,MLU,LA,ASW,CE,Combined TRACON& Tower with Radar,9,0,25,5,39,0,2,16,0,18,9,2,41,5,57,4,0,4,61
07/09/2023,MLU,LA,ASW,CE,Combined TRACON& Tower with Radar,9,2,13,2,26,0,0,4,2,6,9,2,17,4,32,0,6,6,38
07/10/2023,MLU,LA,ASW,CE,Combined TRACON& Tower with Radar,10,2,25,16,53,0,0,12,0,12,10,2,37,16,65,82,0,82,147
07/11/2023,MLU,LA,ASW,CE,Combined TRACON& Tower with Radar,9,1,24,0,34,0,0,8,0,8,9,1,32,0,42,12,0,12,54
07/12/2023,MLU,LA,ASW,CE,Combined TRACON& Tower with Radar,9,1,16,2,28,0,1,5,2,8,9,2,21,4,36,10,2,12,48
07/13/2023,MLU,LA,ASW,CE,Combined TRACON& Tower with Radar,11,4,11,20,46,0,1,9,0,10,11,5,20,20,56,20,18,38,94
07/14/2023,MLU,LA,ASW,CE,Combined TRACON& Tower with Radar,11,3,4,42,60,0,0,19,5,24,11,3,23,47,84,72,54,126,210
07/15/2023,MLU,LA,ASW,CE,Combined TRACON& Tower with Radar,11,1,9,0,21,0,4,27,3,34,11,5,36,3,55,29,28,57,112
07/16/2023,MLU,LA,ASW,CE,Combined TRACON& Tower with Radar,10,5,8,8,31,0,0,20,1,21,10,5,28,9,52,6,0,6,58
07/17/2023,MLU,LA,ASW,CE,Combined TRACON& Tower with Radar,11,2,13,32,58,0,0,28,5,33,11,2,41,37,91,0,28,28,119
07/18/2023,MLU,LA,ASW,CE,Combined TRACON& Tower with Radar,9,3,23,29,64,0,1,15,7,23,9,4,38,36,87,4,4,8,95
07/19/2023,MLU,LA,ASW,CE,Combined TRACON& Tower with Radar,7,4,33,33,77,0,9,25,5,39,7,13,58,38,116,20,44,64,180
07/20/2023,MLU,LA,ASW,CE,Combined TRACON& Tower with Radar,11,2,14,20,47,0,2,40,6,48,11,4,54,26,95,100,34,134,229
07/21/2023,MLU,LA,ASW,CE,Combined TRACON& Tower with Radar,11,4,13,21,49,0,2,7,5,14,11,6,20,26,63,0,36,36,99
07/22/2023,MLU,LA,ASW,CE,Combined TRACON& Tower with Radar,11,0,10,0,21,0,1,11,0,12,11,1,21,0,33,8,0,8,41
07/23/2023,MLU,LA,ASW,CE,Combined TRACON& Tower with Radar,11,5,12,0,28,0,7,13,0,20,11,12,25,0,48,10,0,10,58
07/24/2023,MLU,LA,ASW,CE,Combined TRACON& Tower with Radar,11,1,16,35,63,0,0,21,8,29,11,1,37,43,92,38,38,76,168
07/25/2023,MLU,LA,ASW,CE,Combined TRACON& Tower with Radar,9,3,24,23,59,0,1,23,5,29,9,4,47,28,88,4,18,22,110
07/26/2023,MLU,LA,ASW,CE,Combined TRACON& Tower with Radar,9,2,26,12,49,0,1,30,2,33,9,3,56,14,82,10,0,10,92
07/27/2023,MLU,LA,ASW,CE,Combined TRACON& Tower with Radar,11,3,23,10,47,0,0,34,3,37,11,3,57,13,84,20,2,22,106
07/28/2023,MLU,LA,ASW,CE,Combined TRACON& Tower with Radar,11,1,15,8,35,0,1,20,1,22,11,2,35,9,57,32,20,52,109
07/29/2023,MLU,LA,ASW,CE,Combined TRACON& Tower with Radar,11,1,6,0,18,0,1,23,0,24,11,2,29,0,42,22,0,22,64
07/30/2023,MLU,LA,ASW,CE,Combined TRACON& Tower with Radar,11,2,20,0,33,0,10,19,0,29,11,12,39,0,62,12,0,12,74
07/31/2023,MLU,LA,ASW,CE,Combined TRACON& Tower with Radar,10,0,16,6,32,0,0,11,0,11,10,0,27,6,43,24,8,32,75
08/01/2023,MLU,LA,ASW,CE,Combined TRACON& Tower with Radar,7,0,18,9,34,0,0,15,5,20,7,0,33,14,54,8,6,14,68
08/02/2023,MLU,LA,ASW,CE,Combined TRACON& Tower with Radar,7,1,18,8,34,0,0,26,7,33,7,1,44,15,67,8,10,18,85
08/03/2023,MLU,LA,ASW,CE,Combined TRACON& Tower with Radar,9,0,14,17,40,0,2,14,8,24,9,2,28,25,64,8,66,74,138
08/04/2023,MLU,LA,ASW,CE,Combined TRACON& Tower with Radar,9,2,15,4,30,0,2,20,1,23,9,4,35,5,53,34,0,34,87
08/05/2023,MLU,LA,ASW,CE,Combined TRACON& Tower with Radar,9,2,10,9,30,0,5,18,3,26,9,7,28,12,56,24,6,30,86
08/06/2023,MLU,LA,ASW,CE,Combined TRACON& Tower with Radar,7,0,10,4,21,0,4,11,0,15,7,4,21,4,36,0,0,0,36
08/07/2023,MLU,LA,ASW,CE,Combined TRACON& Tower with Radar,8,2,17,15,42,0,3,13,0,16,8,5,30,15,58,50,28,78,136
08/08/2023,MLU,LA,ASW,CE,Combined TRACON& Tower with Radar,12,1,14,16,43,0,1,12,4,17,12,2,26,20,60,0,10,10,70
08/09/2023,MLU,LA,ASW,CE,Combined TRACON& Tower with Radar,9,1,29,33,72,0,2,22,5,29,9,3,51,38,101,24,42,66,167
08/10/2023,MLU,LA,ASW,CE,Combined TRACON& Tower with Radar,9,3,15,9,36,0,5,17,6,28,9,8,32,15,64,0,4,4,68
08/11/2023,MLU,LA,ASW,CE,Combined TRACON& Tower with Radar,9,2,15,36,62,0,1,18,5,24,9,3,33,41,86,18,6,24,110
08/12/2023,MLU,LA,ASW,CE,Combined TRACON& Tower with Radar,9,0,8,3,20,0,0,15,7,22,9,0,23,10,42,2,12,14,56
08/13/2023,MLU,LA,ASW,CE,Combined TRACON& Tower with Radar,9,5,10,5,29,0,2,12,0,14,9,7,22,5,43,6,2,8,51
08/14/2023,MLU,LA,ASW,CE,Combined TRACON& Tower with Radar,9,1,18,23,51,0,3,28,6,37,9,4,46,29,88,51,60,111,199
08/15/2023,MLU,LA,ASW,CE,Combined TRACON& Tower with Radar,9,1,23,7,40,0,1,13,5,19,9,2,36,12,59,32,0,32,91
08/16/2023,MLU,LA,ASW,CE,Combined TRACON& Tower with Radar,9,1,17,11,38,0,7,21,7,35,9,8,38,18,73,10,18,28,101
08/17/2023,MLU,LA,ASW,CE,Combined TRACON& Tower with Radar,9,1,22,6,38,0,3,23,3,29,9,4,45,9,67,6,28,34,101
08/18/2023,MLU,LA,ASW,CE,Combined TRACON& Tower with Radar,9,0,19,50,78,0,2,31,5,38,9,2,50,55,116,20,42,62,178
08/19/2023,MLU,LA,ASW,CE,Combined TRACON& Tower with Radar,10,0,6,0,16,0,4,27,1,32,10,4,33,1,48,14,0,14,62
08/20/2023,MLU,LA,ASW,CE,Combined TRACON& Tower with Radar,9,2,10,2,23,0,1,19,2,22,9,3,29,4,45,10,0,10,55
08/21/2023,MLU,LA,ASW,CE,Combined TRACON& Tower with Radar,9,1,17,14,41,0,2,13,6,21,9,3,30,20,62,0,40,40,102
08/22/2023,MLU,LA,ASW,CE,Combined TRACON& Tower with Radar,9,6,13,20,48,0,1,15,2,18,9,7,28,22,66,16,20,36,102
08/23/2023,MLU,LA,ASW,CE,Combined TRACON& Tower with Radar,10,7,13,8,38,0,0,10,0,10,10,7,23,8,48,26,6,32,80
08/24/2023,MLU,LA,ASW,CE,Combined TRACON& Tower with Radar,9,4,16,27,56,0,4,22,4,30,9,8,38,31,86,16,28,44,130
08/25/2023,MLU,LA,ASW,CE,Combined TRACON& Tower with Radar,9,3,10,2,24,0,2,6,0,8,9,5,16,2,32,8,0,8,40
08/26/2023,MLU,LA,ASW,CE,Combined TRACON& Tower with Radar,10,1,18,3,32,0,1,17,0,18,10,2,35,3,50,0,0,0,50
08/27/2023,MLU,LA,ASW,CE,Combined TRACON& Tower with Radar,9,3,12,0,24,0,4,12,0,16,9,7,24,0,40,6,0,6,46
08/28/2023,MLU,LA,ASW,CE,Combined TRACON& Tower with Radar,9,2,28,50,89,0,2,22,4,28,9,4,50,54,117,2,24,26,143
08/29/2023,MLU,LA,ASW,CE,Combined TRACON& Tower with Radar,9,8,28,47,92,0,0,25,9,34,9,8,53,56,126,12,54,66,192
08/30/2023,MLU,LA,ASW,CE,Combined TRACON& Tower with Radar,9,2,17,28,56,0,1,33,5,39,9,3,50,33,95,0,20,20,115
08/31/2023,MLU,LA,ASW,CE,Combined TRACON& Tower with Radar,11,9,20,22,62,0,5,38,5,48,11,14,58,27,110,14,20,34,144
