01/01/2000,MMU,NJ,AEA,EN,Towers with Display (VFR),0,0,24,0,24,0,0,71,0,71,0,0,95,0,95,64,0,64,159
01/02/2000,MMU,NJ,AEA,EN,Towers with Display (VFR),0,10,80,0,90,0,0,373,0,373,0,10,453,0,463,306,0,306,769
01/03/2000,MMU,NJ,AEA,EN,Towers with Display (VFR),0,10,73,0,83,0,4,523,0,527,0,14,596,0,610,350,0,350,960
01/04/2000,MMU,NJ,AEA,EN,Towers with Display (VFR),0,7,72,0,79,0,0,133,0,133,0,7,205,0,212,0,0,0,212
01/05/2000,MMU,NJ,AEA,EN,Towers with Display (VFR),0,9,67,0,76,0,21,374,0,395,0,30,441,0,471,244,0,244,715
01/06/2000,MMU,NJ,AEA,EN,Towers with Display (VFR),0,10,74,0,84,0,10,423,4,437,0,20,497,4,521,314,0,314,835
01/07/2000,MMU,NJ,AEA,EN,Towers with Display (VFR),0,11,85,0,96,0,1,414,0,415,0,12,499,0,511,212,0,212,723
01/08/2000,MMU,NJ,AEA,EN,Towers with Display (VFR),0,5,32,0,37,0,6,652,0,658,0,11,684,0,695,442,0,442,1137
01/09/2000,MMU,NJ,AEA,EN,Towers with Display (VFR),0,5,33,0,38,0,1,550,0,551,0,6,583,0,589,522,0,522,1111
01/10/2000,MMU,NJ,AEA,EN,Towers with Display (VFR),0,9,91,0,100,0,0,3,0,3,0,9,94,0,103,0,0,0,103
01/11/2000,MMU,NJ,AEA,EN,Towers with Display (VFR),0,12,89,0,101,0,7,442,0,449,0,19,531,0,550,206,0,206,756
01/12/2000,MMU,NJ,AEA,EN,Towers with Display (VFR),0,11,78,0,89,0,2,451,0,453,0,13,529,0,542,236,0,236,778
01/13/2000,MMU,NJ,AEA,EN,Towers with Display (VFR),0,9,65,0,74,0,5,33,0,38,0,14,98,0,112,0,0,0,112
01/14/2000,MMU,NJ,AEA,EN,Towers with Display (VFR),0,12,90,0,102,0,4,301,0,305,0,16,391,0,407,26,0,26,433
01/15/2000,MMU,NJ,AEA,EN,Towers with Display (VFR),0,1,24,0,25,0,0,472,0,472,0,1,496,0,497,458,0,458,955
01/16/2000,MMU,NJ,AEA,EN,Towers with Display (VFR),0,0,37,0,37,0,0,413,0,413,0,0,450,0,450,298,0,298,748
01/17/2000,MMU,NJ,AEA,EN,Towers with Display (VFR),0,4,37,0,41,0,1,493,0,494,0,5,530,0,535,216,0,216,751
01/18/2000,MMU,NJ,AEA,EN,Towers with Display (VFR),0,7,67,0,74,0,0,440,0,440,0,7,507,0,514,208,0,208,722
01/19/2000,MMU,NJ,AEA,EN,Towers with Display (VFR),0,12,95,0,107,0,21,387,0,408,0,33,482,0,515,282,0,282,797
01/20/2000,MMU,NJ,AEA,EN,Towers with Display (VFR),0,5,46,0,51,0,1,0,0,1,0,6,46,0,52,0,0,0,52
01/21/2000,MMU,NJ,AEA,EN,Towers with Display (VFR),0,9,77,0,86,0,13,284,0,297,0,22,361,0,383,42,0,42,425
01/22/2000,MMU,NJ,AEA,EN,Towers with Display (VFR),0,6,49,0,55,0,0,322,0,322,0,6,371,0,377,258,0,258,635
01/23/2000,MMU,NJ,AEA,EN,Towers with Display (VFR),0,3,34,0,37,0,0,454,0,454,0,3,488,0,491,386,0,386,877
01/24/2000,MMU,NJ,AEA,EN,Towers with Display (VFR),0,13,102,0,115,0,0,561,0,561,0,13,663,0,676,378,0,378,1054
01/25/2000,MMU,NJ,AEA,EN,Towers with Display (VFR),0,2,18,0,20,0,3,0,0,3,0,5,18,0,23,0,0,0,23
01/26/2000,MMU,NJ,AEA,EN,Towers with Display (VFR),0,10,103,0,113,0,0,363,0,363,0,10,466,0,476,184,0,184,660
01/27/2000,MMU,NJ,AEA,EN,Towers with Display (VFR),0,13,104,0,117,0,14,292,0,306,0,27,396,0,423,94,0,94,517
01/28/2000,MMU,NJ,AEA,EN,Towers with Display (VFR),0,13,105,0,118,0,6,418,0,424,0,19,523,0,542,140,0,140,682
01/29/2000,MMU,NJ,AEA,EN,Towers with Display (VFR),0,4,41,0,45,0,0,600,0,600,0,4,641,0,645,528,0,528,1173
01/30/2000,MMU,NJ,AEA,EN,Towers with Display (VFR),0,7,61,0,68,0,2,442,0,444,0,9,503,0,512,224,0,224,736
01/31/2000,MMU,NJ,AEA,EN,Towers with Display (VFR),0,5,41,0,46,0,0,311,0,311,0,5,352,0,357,300,0,300,657
02/01/2000,MMU,NJ,AEA,EN,Towers with Display (VFR),0,10,77,0,87,0,13,429,0,442,0,23,506,0,529,182,0,182,711
02/02/2000,MMU,NJ,AEA,EN,Towers with Display (VFR),0,10,74,0,84,0,6,368,0,374,0,16,442,0,458,160,0,160,618
02/03/2000,MMU,NJ,AEA,EN,Towers with Display (VFR),0,11,87,0,98,0,13,247,0,260,0,24,334,0,358,140,0,140,498
02/04/2000,MMU,NJ,AEA,EN,Towers with Display (VFR),0,9,69,0,78,0,17,223,0,240,0,26,292,0,318,66,0,66,384
02/05/2000,MMU,NJ,AEA,EN,Towers with Display (VFR),0,4,33,0,37,0,18,537,0,555,0,22,570,0,592,452,0,452,1044
02/06/2000,MMU,NJ,AEA,EN,Towers with Display (VFR),0,8,60,0,68,0,35,422,0,457,0,43,482,0,525,332,0,332,857
02/07/2000,MMU,NJ,AEA,EN,Towers with Display (VFR),0,9,83,0,92,0,0,490,0,490,0,9,573,0,582,208,0,208,790
02/08/2000,MMU,NJ,AEA,EN,Towers with Display (VFR),0,10,81,0,91,0,29,539,0,568,0,39,620,0,659,390,0,390,1049
02/09/2000,MMU,NJ,AEA,EN,Towers with Display (VFR),0,9,72,0,81,0,30,457,0,487,0,39,529,0,568,288,0,288,856
02/10/2000,MMU,NJ,AEA,EN,Towers with Display (VFR),0,13,101,0,114,0,6,440,0,446,0,19,541,0,560,240,0,240,800
02/11/2000,MMU,NJ,AEA,EN,Towers with Display (VFR),0,8,61,0,69,0,23,229,0,252,0,31,290,0,321,120,0,120,441
02/12/2000,MMU,NJ,AEA,EN,Towers with Display (VFR),0,5,33,0,38,0,13,486,0,499,0,18,519,0,537,552,0,552,1089
02/13/2000,MMU,NJ,AEA,EN,Towers with Display (VFR),0,8,57,0,65,0,20,401,0,421,0,28,458,0,486,428,0,428,914
02/14/2000,MMU,NJ,AEA,EN,Towers with Display (VFR),0,8,73,0,81,0,12,332,0,344,0,20,405,0,425,164,0,164,589
02/15/2000,MMU,NJ,AEA,EN,Towers with Display (VFR),0,12,101,0,113,0,5,0,0,5,0,17,101,0,118,298,0,298,416
02/16/2000,MMU,NJ,AEA,EN,Towers with Display (VFR),0,11,97,0,108,0,28,447,1,476,0,39,544,1,584,338,0,338,922
02/17/2000,MMU,NJ,AEA,EN,Towers with Display (VFR),0,9,106,0,115,0,0,537,0,537,0,9,643,0,652,290,0,290,942
02/18/2000,MMU,NJ,AEA,EN,Towers with Display (VFR),0,11,84,0,95,0,8,0,0,8,0,19,84,0,103,0,0,0,103
02/19/2000,MMU,NJ,AEA,EN,Towers with Display (VFR),0,3,31,0,34,0,36,57,0,93,0,39,88,0,127,0,0,0,127
02/20/2000,MMU,NJ,AEA,EN,Towers with Display (VFR),0,7,60,0,67,0,4,367,0,371,0,11,427,0,438,354,0,354,792
02/21/2000,MMU,NJ,AEA,EN,Towers with Display (VFR),0,12,103,0,115,0,29,596,0,625,0,41,699,0,740,349,0,349,1089
02/22/2000,MMU,NJ,AEA,EN,Towers with Display (VFR),0,12,103,0,115,0,25,528,0,553,0,37,631,0,668,398,0,398,1066
02/23/2000,MMU,NJ,AEA,EN,Towers with Display (VFR),0,10,87,0,97,0,37,488,0,525,0,47,575,0,622,300,0,300,922
02/24/2000,MMU,NJ,AEA,EN,Towers with Display (VFR),0,12,104,0,116,0,8,487,0,495,0,20,591,0,611,420,0,420,1031
02/25/2000,MMU,NJ,AEA,EN,Towers with Display (VFR),0,10,135,0,145,0,0,97,0,97,0,10,232,0,242,18,0,18,260
02/26/2000,MMU,NJ,AEA,EN,Towers with Display (VFR),0,8,70,0,78,0,7,53,0,60,0,15,123,0,138,30,0,30,168
02/27/2000,MMU,NJ,AEA,EN,Towers with Display (VFR),0,6,63,0,69,0,0,1,0,1,0,6,64,0,70,0,0,0,70
02/28/2000,MMU,NJ,AEA,EN,Towers with Display (VFR),0,9,80,0,89,0,34,439,0,473,0,43,519,0,562,212,0,212,774
02/29/2000,MMU,NJ,AEA,EN,Towers with Display (VFR),0,11,95,0,106,0,13,507,0,520,0,24,602,0,626,292,0,292,918
03/01/2000,MMU,NJ,AEA,EN,Towers with Display (VFR),0,14,95,0,109,0,39,466,0,505,0,53,561,0,614,364,0,364,978
03/02/2000,MMU,NJ,AEA,EN,Towers with Display (VFR),0,14,93,0,107,0,17,429,0,446,0,31,522,0,553,120,0,120,673
03/03/2000,MMU,NJ,AEA,EN,Towers with Display (VFR),0,12,80,0,92,0,20,508,0,528,0,32,588,0,620,172,0,172,792
03/04/2000,MMU,NJ,AEA,EN,Towers with Display (VFR),0,5,27,0,32,0,2,553,0,555,0,7,580,0,587,490,0,490,1077
03/05/2000,MMU,NJ,AEA,EN,Towers with Display (VFR),0,8,50,0,58,0,3,506,0,509,0,11,556,0,567,430,0,430,997
03/06/2000,MMU,NJ,AEA,EN,Towers with Display (VFR),0,13,82,0,95,0,0,585,2,587,0,13,667,2,682,316,0,316,998
03/07/2000,MMU,NJ,AEA,EN,Towers with Display (VFR),0,17,113,0,130,0,5,462,2,469,0,22,575,2,599,394,0,394,993
03/08/2000,MMU,NJ,AEA,EN,Towers with Display (VFR),0,13,87,0,100,0,12,466,0,478,0,25,553,0,578,450,0,450,1028
03/09/2000,MMU,NJ,AEA,EN,Towers with Display (VFR),0,12,75,0,87,0,13,276,0,289,0,25,351,0,376,281,0,281,657
03/10/2000,MMU,NJ,AEA,EN,Towers with Display (VFR),0,14,93,0,107,0,10,578,0,588,0,24,671,0,695,420,0,420,1115
03/11/2000,MMU,NJ,AEA,EN,Towers with Display (VFR),0,2,42,0,44,0,0,16,0,16,0,2,58,0,60,0,0,0,60
03/12/2000,MMU,NJ,AEA,EN,Towers with Display (VFR),0,8,55,0,63,0,18,374,0,392,0,26,429,0,455,266,0,266,721
03/13/2000,MMU,NJ,AEA,EN,Towers with Display (VFR),0,12,86,0,98,0,6,0,0,6,0,18,86,0,104,348,0,348,452
03/14/2000,MMU,NJ,AEA,EN,Towers with Display (VFR),0,13,94,0,107,0,0,520,0,520,0,13,614,0,627,294,0,294,921
03/15/2000,MMU,NJ,AEA,EN,Towers with Display (VFR),0,13,92,0,105,0,26,518,0,544,0,39,610,0,649,348,0,348,997
03/16/2000,MMU,NJ,AEA,EN,Towers with Display (VFR),0,12,86,0,98,0,18,336,0,354,0,30,422,0,452,276,0,276,728
03/17/2000,MMU,NJ,AEA,EN,Towers with Display (VFR),0,11,204,0,215,0,0,18,0,18,0,11,222,0,233,0,0,0,233
03/18/2000,MMU,NJ,AEA,EN,Towers with Display (VFR),0,0,7,0,7,0,3,593,0,596,0,3,600,0,603,414,0,414,1017
03/19/2000,MMU,NJ,AEA,EN,Towers with Display (VFR),0,9,65,0,74,0,0,563,0,563,0,9,628,0,637,616,0,616,1253
03/20/2000,MMU,NJ,AEA,EN,Towers with Display (VFR),0,15,104,0,119,0,2,508,0,510,0,17,612,0,629,322,0,322,951
03/21/2000,MMU,NJ,AEA,EN,Towers with Display (VFR),0,16,109,0,125,0,21,190,0,211,0,37,299,0,336,10,0,10,346
03/22/2000,MMU,NJ,AEA,EN,Towers with Display (VFR),0,16,113,0,129,0,12,372,0,384,0,28,485,0,513,264,0,264,777
03/23/2000,MMU,NJ,AEA,EN,Towers with Display (VFR),0,15,104,0,119,0,24,603,0,627,0,39,707,0,746,376,0,376,1122
03/24/2000,MMU,NJ,AEA,EN,Towers with Display (VFR),0,15,102,0,117,0,25,636,0,661,0,40,738,0,778,450,0,450,1228
03/25/2000,MMU,NJ,AEA,EN,Towers with Display (VFR),0,8,76,0,84,0,0,398,0,398,0,8,474,0,482,500,0,500,982
03/26/2000,MMU,NJ,AEA,EN,Towers with Display (VFR),0,7,51,0,58,0,4,552,0,556,0,11,603,0,614,466,0,466,1080
03/27/2000,MMU,NJ,AEA,EN,Towers with Display (VFR),0,7,84,0,91,0,0,572,0,572,0,7,656,0,663,316,0,316,979
03/28/2000,MMU,NJ,AEA,EN,Towers with Display (VFR),0,14,100,0,114,0,2,396,0,398,0,16,496,0,512,170,0,170,682
03/29/2000,MMU,NJ,AEA,EN,Towers with Display (VFR),0,12,83,0,95,0,3,409,0,412,0,15,492,0,507,92,0,92,599
03/30/2000,MMU,NJ,AEA,EN,Towers with Display (VFR),0,11,80,0,91,0,9,563,0,572,0,20,643,0,663,276,0,276,939
03/31/2000,MMU,NJ,AEA,EN,Towers with Display (VFR),0,8,84,0,92,0,0,553,0,553,0,8,637,0,645,392,0,392,1037
04/01/2000,MMU,NJ,AEA,EN,Towers with Display (VFR),0,6,35,0,41,0,2,603,0,605,0,8,638,0,646,524,0,524,1170
04/02/2000,MMU,NJ,AEA,EN,Towers with Display (VFR),0,5,62,0,67,0,0,389,0,389,0,5,451,0,456,402,0,402,858
04/03/2000,MMU,NJ,AEA,EN,Towers with Display (VFR),0,13,101,0,114,0,4,355,0,359,0,17,456,0,473,0,0,0,473
04/04/2000,MMU,NJ,AEA,EN,Towers with Display (VFR),0,10,80,0,90,0,11,182,0,193,0,21,262,0,283,94,0,94,377
04/05/2000,MMU,NJ,AEA,EN,Towers with Display (VFR),0,8,62,0,70,0,12,350,0,362,0,20,412,0,432,42,0,42,474
04/06/2000,MMU,NJ,AEA,EN,Towers with Display (VFR),0,13,99,2,114,0,8,539,0,547,0,21,638,2,661,252,0,252,913
04/07/2000,MMU,NJ,AEA,EN,Towers with Display (VFR),0,10,78,0,88,0,18,591,0,609,0,28,669,0,697,454,0,454,1151
04/08/2000,MMU,NJ,AEA,EN,Towers with Display (VFR),0,6,52,3,61,0,10,319,0,329,0,16,371,3,390,186,0,186,576
04/09/2000,MMU,NJ,AEA,EN,Towers with Display (VFR),0,4,31,0,35,0,2,100,0,102,0,6,131,0,137,137,0,137,274
04/10/2000,MMU,NJ,AEA,EN,Towers with Display (VFR),0,6,80,0,86,0,0,517,0,517,0,6,597,0,603,316,0,316,919
04/11/2000,MMU,NJ,AEA,EN,Towers with Display (VFR),0,15,117,0,132,0,1,64,0,65,0,16,181,0,197,0,0,0,197
04/12/2000,MMU,NJ,AEA,EN,Towers with Display (VFR),0,27,310,0,337,0,0,302,0,302,0,27,612,0,639,170,0,170,809
04/13/2000,MMU,NJ,AEA,EN,Towers with Display (VFR),0,13,99,0,112,0,10,613,0,623,0,23,712,0,735,450,0,450,1185
04/14/2000,MMU,NJ,AEA,EN,Towers with Display (VFR),0,9,68,0,77,0,4,524,0,528,0,13,592,0,605,464,0,464,1069
04/15/2000,MMU,NJ,AEA,EN,Towers with Display (VFR),0,2,67,0,69,0,0,10,0,10,0,2,77,0,79,0,0,0,79
04/16/2000,MMU,NJ,AEA,EN,Towers with Display (VFR),0,5,44,0,49,0,0,397,0,397,0,5,441,0,446,294,0,294,740
04/17/2000,MMU,NJ,AEA,EN,Towers with Display (VFR),0,14,111,2,127,0,12,253,0,265,0,26,364,2,392,10,0,10,402
04/18/2000,MMU,NJ,AEA,EN,Towers with Display (VFR),0,16,121,0,137,0,17,411,0,428,0,33,532,0,565,92,0,92,657
04/19/2000,MMU,NJ,AEA,EN,Towers with Display (VFR),0,15,112,2,129,0,14,471,0,485,0,29,583,2,614,326,0,326,940
04/20/2000,MMU,NJ,AEA,EN,Towers with Display (VFR),0,13,105,2,120,0,31,515,0,546,0,44,620,2,666,378,0,378,1044
04/21/2000,MMU,NJ,AEA,EN,Towers with Display (VFR),0,6,76,0,82,0,0,13,0,13,0,6,89,0,95,0,0,0,95
04/22/2000,MMU,NJ,AEA,EN,Towers with Display (VFR),0,3,36,0,39,0,0,10,0,10,0,3,46,0,49,28,0,28,77
04/23/2000,MMU,NJ,AEA,EN,Towers with Display (VFR),0,7,59,0,66,0,4,124,0,128,0,11,183,0,194,220,0,220,414
04/24/2000,MMU,NJ,AEA,EN,Towers with Display (VFR),0,13,105,0,118,0,0,670,0,670,0,13,775,0,788,406,0,406,1194
04/25/2000,MMU,NJ,AEA,EN,Towers with Display (VFR),0,14,112,0,126,0,19,551,0,570,0,33,663,0,696,338,0,338,1034
04/26/2000,MMU,NJ,AEA,EN,Towers with Display (VFR),0,12,89,0,101,0,25,572,0,597,0,37,661,0,698,332,0,332,1030
04/27/2000,MMU,NJ,AEA,EN,Towers with Display (VFR),0,12,98,0,110,0,19,459,0,478,0,31,557,0,588,374,0,374,962
04/28/2000,MMU,NJ,AEA,EN,Towers with Display (VFR),0,12,110,0,122,0,0,422,0,422,0,12,532,0,544,233,0,233,777
04/29/2000,MMU,NJ,AEA,EN,Towers with Display (VFR),0,5,40,0,45,0,4,446,0,450,0,9,486,0,495,466,0,466,961
04/30/2000,MMU,NJ,AEA,EN,Towers with Display (VFR),0,9,68,0,77,0,5,375,0,380,0,14,443,0,457,234,0,234,691
05/01/2000,MMU,NJ,AEA,EN,Towers with Display (VFR),0,6,108,0,114,0,0,572,0,572,0,6,680,0,686,290,0,290,976
05/02/2000,MMU,NJ,AEA,EN,Towers with Display (VFR),0,12,88,0,100,0,159,514,0,673,0,171,602,0,773,234,0,234,1007
05/03/2000,MMU,NJ,AEA,EN,Towers with Display (VFR),0,17,130,0,147,0,1,613,0,614,0,18,743,0,761,356,0,356,1117
05/04/2000,MMU,NJ,AEA,EN,Towers with Display (VFR),0,13,96,0,109,0,9,422,0,431,0,22,518,0,540,308,0,308,848
05/05/2000,MMU,NJ,AEA,EN,Towers with Display (VFR),0,9,80,0,89,0,0,587,0,587,0,9,667,0,676,396,0,396,1072
05/06/2000,MMU,NJ,AEA,EN,Towers with Display (VFR),0,4,28,0,32,0,0,427,0,427,0,4,455,0,459,276,0,276,735
05/07/2000,MMU,NJ,AEA,EN,Towers with Display (VFR),0,7,77,0,84,0,0,485,0,485,0,7,562,0,569,404,0,404,973
05/08/2000,MMU,NJ,AEA,EN,Towers with Display (VFR),0,14,105,0,119,0,1,527,0,528,0,15,632,0,647,246,0,246,893
05/09/2000,MMU,NJ,AEA,EN,Towers with Display (VFR),0,13,98,0,111,0,9,558,0,567,0,22,656,0,678,357,0,357,1035
05/10/2000,MMU,NJ,AEA,EN,Towers with Display (VFR),0,12,85,0,97,0,3,39,0,42,0,15,124,0,139,0,0,0,139
05/11/2000,MMU,NJ,AEA,EN,Towers with Display (VFR),0,10,82,0,92,0,1,632,0,633,0,11,714,0,725,358,0,358,1083
05/12/2000,MMU,NJ,AEA,EN,Towers with Display (VFR),0,12,95,0,107,0,18,518,0,536,0,30,613,0,643,288,0,288,931
05/13/2000,MMU,NJ,AEA,EN,Towers with Display (VFR),0,2,54,0,56,0,0,101,0,101,0,2,155,0,157,40,0,40,197
05/14/2000,MMU,NJ,AEA,EN,Towers with Display (VFR),0,5,46,0,51,0,0,524,0,524,0,5,570,0,575,368,0,368,943
05/15/2000,MMU,NJ,AEA,EN,Towers with Display (VFR),0,13,103,0,116,0,13,537,0,550,0,26,640,0,666,332,0,332,998
05/16/2000,MMU,NJ,AEA,EN,Towers with Display (VFR),0,16,126,0,142,0,11,556,0,567,0,27,682,0,709,400,0,400,1109
05/17/2000,MMU,NJ,AEA,EN,Towers with Display (VFR),0,13,106,0,119,0,7,495,0,502,0,20,601,0,621,424,0,424,1045
05/18/2000,MMU,NJ,AEA,EN,Towers with Display (VFR),0,9,113,0,122,0,0,175,0,175,0,9,288,0,297,34,0,34,331
05/19/2000,MMU,NJ,AEA,EN,Towers with Display (VFR),0,15,115,0,130,0,3,0,0,3,0,18,115,0,133,0,0,0,133
05/20/2000,MMU,NJ,AEA,EN,Towers with Display (VFR),0,8,80,0,88,0,0,2,0,2,0,8,82,0,90,0,0,0,90
05/21/2000,MMU,NJ,AEA,EN,Towers with Display (VFR),0,4,102,0,106,0,0,9,0,9,0,4,111,0,115,0,0,0,115
05/22/2000,MMU,NJ,AEA,EN,Towers with Display (VFR),0,13,129,0,142,0,0,72,0,72,0,13,201,0,214,0,0,0,214
05/23/2000,MMU,NJ,AEA,EN,Towers with Display (VFR),0,16,129,0,145,0,7,212,0,219,0,23,341,0,364,0,0,0,364
05/24/2000,MMU,NJ,AEA,EN,Towers with Display (VFR),0,11,100,0,111,0,0,344,4,348,0,11,444,4,459,150,0,150,609
05/25/2000,MMU,NJ,AEA,EN,Towers with Display (VFR),0,9,96,0,105,0,0,467,0,467,0,9,563,0,572,288,0,288,860
05/26/2000,MMU,NJ,AEA,EN,Towers with Display (VFR),0,10,84,0,94,0,3,685,4,692,0,13,769,4,786,559,0,559,1345
05/27/2000,MMU,NJ,AEA,EN,Towers with Display (VFR),0,5,44,0,49,0,2,496,0,498,0,7,540,0,547,400,0,400,947
05/28/2000,MMU,NJ,AEA,EN,Towers with Display (VFR),0,2,19,0,21,0,1,596,0,597,0,3,615,0,618,554,0,554,1172
05/29/2000,MMU,NJ,AEA,EN,Towers with Display (VFR),0,4,59,0,63,0,0,439,0,439,0,4,498,0,502,418,0,418,920
05/30/2000,MMU,NJ,AEA,EN,Towers with Display (VFR),0,14,122,0,136,0,0,390,0,390,0,14,512,0,526,358,0,358,884
05/31/2000,MMU,NJ,AEA,EN,Towers with Display (VFR),0,15,124,0,139,0,9,443,0,452,0,24,567,0,591,382,0,382,973
06/01/2000,MMU,NJ,AEA,EN,Towers with Display (VFR),0,9,105,0,114,0,0,565,0,565,0,9,670,0,679,404,0,404,1083
06/02/2000,MMU,NJ,AEA,EN,Towers with Display (VFR),0,9,100,0,109,0,2,440,0,442,0,11,540,0,551,264,0,264,815
06/03/2000,MMU,NJ,AEA,EN,Towers with Display (VFR),0,3,45,0,48,0,0,443,0,443,0,3,488,0,491,222,0,222,713
06/04/2000,MMU,NJ,AEA,EN,Towers with Display (VFR),0,3,45,0,48,0,6,518,0,524,0,9,563,0,572,321,0,321,893
06/05/2000,MMU,NJ,AEA,EN,Towers with Display (VFR),0,7,112,0,119,0,0,395,0,395,0,7,507,0,514,240,0,240,754
06/06/2000,MMU,NJ,AEA,EN,Towers with Display (VFR),0,10,111,0,121,0,5,0,0,5,0,15,111,0,126,0,0,0,126
06/07/2000,MMU,NJ,AEA,EN,Towers with Display (VFR),0,9,102,0,111,0,11,569,0,580,0,20,671,0,691,294,0,294,985
06/08/2000,MMU,NJ,AEA,EN,Towers with Display (VFR),0,6,90,0,96,0,0,517,0,517,0,6,607,0,613,362,0,362,975
06/09/2000,MMU,NJ,AEA,EN,Towers with Display (VFR),0,10,112,0,122,0,0,551,0,551,0,10,663,0,673,300,0,300,973
06/10/2000,MMU,NJ,AEA,EN,Towers with Display (VFR),0,2,30,0,32,0,6,440,0,446,0,8,470,0,478,260,0,260,738
06/11/2000,MMU,NJ,AEA,EN,Towers with Display (VFR),0,4,55,0,59,0,3,330,0,333,0,7,385,0,392,162,0,162,554
06/12/2000,MMU,NJ,AEA,EN,Towers with Display (VFR),0,6,105,0,111,0,0,62,0,62,0,6,167,0,173,0,0,0,173
06/13/2000,MMU,NJ,AEA,EN,Towers with Display (VFR),0,10,113,0,123,0,3,202,0,205,0,13,315,0,328,132,0,132,460
06/14/2000,MMU,NJ,AEA,EN,Towers with Display (VFR),0,12,162,0,174,0,0,80,0,80,0,12,242,0,254,0,0,0,254
06/15/2000,MMU,NJ,AEA,EN,Towers with Display (VFR),0,3,96,0,99,0,0,5,0,5,0,3,101,0,104,0,0,0,104
06/16/2000,MMU,NJ,AEA,EN,Towers with Display (VFR),0,9,105,0,114,0,7,434,0,441,0,16,539,0,555,332,0,332,887
06/17/2000,MMU,NJ,AEA,EN,Towers with Display (VFR),0,6,70,0,76,0,1,403,0,404,0,7,473,0,480,356,0,356,836
06/18/2000,MMU,NJ,AEA,EN,Towers with Display (VFR),0,3,44,0,47,0,13,180,0,193,0,16,224,0,240,132,0,132,372
06/19/2000,MMU,NJ,AEA,EN,Towers with Display (VFR),0,10,120,0,130,0,1,391,2,394,0,11,511,2,524,374,0,374,898
06/20/2000,MMU,NJ,AEA,EN,Towers with Display (VFR),0,8,93,0,101,0,11,619,2,632,0,19,712,2,733,404,0,404,1137
06/21/2000,MMU,NJ,AEA,EN,Towers with Display (VFR),0,8,93,0,101,0,11,597,0,608,0,19,690,0,709,386,0,386,1095
06/22/2000,MMU,NJ,AEA,EN,Towers with Display (VFR),0,2,104,0,106,0,0,359,0,359,0,2,463,0,465,192,0,192,657
06/23/2000,MMU,NJ,AEA,EN,Towers with Display (VFR),0,8,98,0,106,0,9,549,5,563,0,17,647,5,669,290,0,290,959
06/24/2000,MMU,NJ,AEA,EN,Towers with Display (VFR),0,1,52,0,53,0,0,487,0,487,0,1,539,0,540,348,0,348,888
06/25/2000,MMU,NJ,AEA,EN,Towers with Display (VFR),0,0,71,0,71,0,0,368,0,368,0,0,439,0,439,300,0,300,739
06/26/2000,MMU,NJ,AEA,EN,Towers with Display (VFR),0,7,97,0,104,0,0,377,0,377,0,7,474,0,481,218,0,218,699
06/27/2000,MMU,NJ,AEA,EN,Towers with Display (VFR),0,8,95,0,103,0,0,379,0,379,0,8,474,0,482,250,0,250,732
06/28/2000,MMU,NJ,AEA,EN,Towers with Display (VFR),0,9,110,0,119,0,0,490,0,490,0,9,600,0,609,328,0,328,937
06/29/2000,MMU,NJ,AEA,EN,Towers with Display (VFR),0,10,118,0,128,0,16,421,0,437,0,26,539,0,565,236,0,236,801
06/30/2000,MMU,NJ,AEA,EN,Towers with Display (VFR),0,9,112,0,121,0,10,551,0,561,0,19,663,0,682,344,0,344,1026
07/01/2000,MMU,NJ,AEA,EN,Towers with Display (VFR),0,6,36,0,42,0,2,480,0,482,0,8,516,0,524,362,0,362,886
07/02/2000,MMU,NJ,AEA,EN,Towers with Display (VFR),0,4,23,0,27,0,2,547,0,549,0,6,570,0,576,408,0,408,984
07/03/2000,MMU,NJ,AEA,EN,Towers with Display (VFR),0,6,39,0,45,0,0,274,0,274,0,6,313,0,319,186,0,186,505
07/04/2000,MMU,NJ,AEA,EN,Towers with Display (VFR),0,8,55,0,63,0,6,233,0,239,0,14,288,0,302,152,0,152,454
07/05/2000,MMU,NJ,AEA,EN,Towers with Display (VFR),0,3,70,0,73,0,0,484,0,484,0,3,554,0,557,326,0,326,883
07/06/2000,MMU,NJ,AEA,EN,Towers with Display (VFR),0,9,61,0,70,0,4,495,0,499,0,13,556,0,569,250,0,250,819
07/07/2000,MMU,NJ,AEA,EN,Towers with Display (VFR),0,11,72,0,83,0,5,526,0,531,0,16,598,0,614,316,0,316,930
07/08/2000,MMU,NJ,AEA,EN,Towers with Display (VFR),0,2,21,0,23,0,0,495,0,495,0,2,516,0,518,372,0,372,890
07/09/2000,MMU,NJ,AEA,EN,Towers with Display (VFR),0,8,55,0,63,0,8,463,0,471,0,16,518,0,534,314,0,314,848
07/10/2000,MMU,NJ,AEA,EN,Towers with Display (VFR),0,11,73,0,84,0,6,420,0,426,0,17,493,0,510,262,0,262,772
07/11/2000,MMU,NJ,AEA,EN,Towers with Display (VFR),0,11,82,0,93,0,2,571,0,573,0,13,653,0,666,422,0,422,1088
07/12/2000,MMU,NJ,AEA,EN,Towers with Display (VFR),0,9,94,0,103,0,0,558,0,558,0,9,652,0,661,390,0,390,1051
07/13/2000,MMU,NJ,AEA,EN,Towers with Display (VFR),0,10,79,0,89,0,5,552,0,557,0,15,631,0,646,358,0,358,1004
07/14/2000,MMU,NJ,AEA,EN,Towers with Display (VFR),0,14,104,0,118,0,0,367,0,367,0,14,471,0,485,230,0,230,715
07/15/2000,MMU,NJ,AEA,EN,Towers with Display (VFR),0,5,52,0,57,0,0,1,0,1,0,5,53,0,58,8,0,8,66
07/16/2000,MMU,NJ,AEA,EN,Towers with Display (VFR),0,9,88,0,97,0,0,232,0,232,0,9,320,0,329,232,0,232,561
07/17/2000,MMU,NJ,AEA,EN,Towers with Display (VFR),0,14,106,0,120,0,4,333,0,337,0,18,439,0,457,218,0,218,675
07/18/2000,MMU,NJ,AEA,EN,Towers with Display (VFR),0,12,91,0,103,0,8,512,0,520,0,20,603,0,623,342,0,342,965
07/19/2000,MMU,NJ,AEA,EN,Towers with Display (VFR),0,12,101,0,113,0,0,472,0,472,0,12,573,0,585,294,0,294,879
07/20/2000,MMU,NJ,AEA,EN,Towers with Display (VFR),0,12,91,0,103,0,6,470,0,476,0,18,561,0,579,368,0,368,947
07/21/2000,MMU,NJ,AEA,EN,Towers with Display (VFR),0,13,97,0,110,0,1,528,0,529,0,14,625,0,639,384,0,384,1023
07/22/2000,MMU,NJ,AEA,EN,Towers with Display (VFR),0,4,36,0,40,0,3,526,0,529,0,7,562,0,569,382,0,382,951
07/23/2000,MMU,NJ,AEA,EN,Towers with Display (VFR),0,10,77,0,87,0,3,519,0,522,0,13,596,0,609,414,0,414,1023
07/24/2000,MMU,NJ,AEA,EN,Towers with Display (VFR),0,13,96,0,109,0,33,468,2,503,0,46,564,2,612,336,0,336,948
07/25/2000,MMU,NJ,AEA,EN,Towers with Display (VFR),0,14,110,0,124,0,5,560,0,565,0,19,670,0,689,362,0,362,1051
07/26/2000,MMU,NJ,AEA,EN,Towers with Display (VFR),0,5,103,0,108,0,0,10,4,14,0,5,113,4,122,0,0,0,122
07/27/2000,MMU,NJ,AEA,EN,Towers with Display (VFR),0,17,118,0,135,0,6,0,0,6,0,23,118,0,141,0,0,0,141
07/28/2000,MMU,NJ,AEA,EN,Towers with Display (VFR),0,19,143,0,162,0,0,231,0,231,0,19,374,0,393,186,0,186,579
07/29/2000,MMU,NJ,AEA,EN,Towers with Display (VFR),0,5,44,0,49,0,3,236,0,239,0,8,280,0,288,290,0,290,578
07/30/2000,MMU,NJ,AEA,EN,Towers with Display (VFR),0,13,93,0,106,0,6,0,0,6,0,19,93,0,112,0,0,0,112
07/31/2000,MMU,NJ,AEA,EN,Towers with Display (VFR),0,13,93,0,106,0,7,0,0,7,0,20,93,0,113,32,0,32,145
08/01/2000,MMU,NJ,AEA,EN,Towers with Display (VFR),0,18,101,0,119,0,0,5,0,5,0,18,106,0,124,0,0,0,124
08/02/2000,MMU,NJ,AEA,EN,Towers with Display (VFR),0,13,97,0,110,0,0,313,0,313,0,13,410,0,423,336,0,336,759
08/03/2000,MMU,NJ,AEA,EN,Towers with Display (VFR),0,17,99,0,116,0,0,91,0,91,0,17,190,0,207,18,0,18,225
08/04/2000,MMU,NJ,AEA,EN,Towers with Display (VFR),0,23,113,0,136,0,8,504,0,512,0,31,617,0,648,278,0,278,926
08/05/2000,MMU,NJ,AEA,EN,Towers with Display (VFR),0,9,43,0,52,0,1,500,0,501,0,10,543,0,553,410,0,410,963
08/06/2000,MMU,NJ,AEA,EN,Towers with Display (VFR),0,15,74,0,89,0,2,380,0,382,0,17,454,0,471,358,0,358,829
08/07/2000,MMU,NJ,AEA,EN,Towers with Display (VFR),0,11,74,0,85,0,0,256,0,256,0,11,330,0,341,190,0,190,531
08/08/2000,MMU,NJ,AEA,EN,Towers with Display (VFR),0,19,90,0,109,0,3,561,0,564,0,22,651,0,673,378,0,378,1051
08/09/2000,MMU,NJ,AEA,EN,Towers with Display (VFR),0,19,88,0,107,0,12,436,0,448,0,31,524,0,555,352,0,352,907
08/10/2000,MMU,NJ,AEA,EN,Towers with Display (VFR),0,18,83,0,101,0,12,515,0,527,0,30,598,0,628,242,0,242,870
08/11/2000,MMU,NJ,AEA,EN,Towers with Display (VFR),0,21,102,0,123,0,2,241,0,243,0,23,343,0,366,202,0,202,568
08/12/2000,MMU,NJ,AEA,EN,Towers with Display (VFR),0,4,38,0,42,0,0,14,0,14,0,4,52,0,56,0,0,0,56
08/13/2000,MMU,NJ,AEA,EN,Towers with Display (VFR),0,16,77,0,93,0,16,297,0,313,0,32,374,0,406,254,0,254,660
08/14/2000,MMU,NJ,AEA,EN,Towers with Display (VFR),0,22,107,0,129,0,2,176,0,178,0,24,283,0,307,56,0,56,363
08/15/2000,MMU,NJ,AEA,EN,Towers with Display (VFR),0,21,103,0,124,0,0,596,0,596,0,21,699,0,720,356,0,356,1076
08/16/2000,MMU,NJ,AEA,EN,Towers with Display (VFR),0,11,90,0,101,0,0,435,0,435,0,11,525,0,536,344,0,344,880
08/17/2000,MMU,NJ,AEA,EN,Towers with Display (VFR),0,16,80,0,96,0,7,544,0,551,0,23,624,0,647,324,0,324,971
08/18/2000,MMU,NJ,AEA,EN,Towers with Display (VFR),0,24,122,0,146,0,4,200,0,204,0,28,322,0,350,102,0,102,452
08/19/2000,MMU,NJ,AEA,EN,Towers with Display (VFR),0,9,51,0,60,0,0,578,0,578,0,9,629,0,638,348,0,348,986
08/20/2000,MMU,NJ,AEA,EN,Towers with Display (VFR),0,10,54,0,64,0,7,414,0,421,0,17,468,0,485,298,0,298,783
08/21/2000,MMU,NJ,AEA,EN,Towers with Display (VFR),0,15,79,0,94,0,6,504,0,510,0,21,583,0,604,360,0,360,964
08/22/2000,MMU,NJ,AEA,EN,Towers with Display (VFR),0,13,87,0,100,0,0,520,0,520,0,13,607,0,620,368,0,368,988
08/23/2000,MMU,NJ,AEA,EN,Towers with Display (VFR),0,10,87,0,97,0,0,253,2,255,0,10,340,2,352,150,0,150,502
08/24/2000,MMU,NJ,AEA,EN,Towers with Display (VFR),0,21,119,0,140,0,0,283,0,283,0,21,402,0,423,204,0,204,627
08/25/2000,MMU,NJ,AEA,EN,Towers with Display (VFR),0,15,80,0,95,0,0,558,0,558,0,15,638,0,653,406,0,406,1059
08/26/2000,MMU,NJ,AEA,EN,Towers with Display (VFR),0,7,40,0,47,0,2,484,0,486,0,9,524,0,533,392,0,392,925
08/27/2000,MMU,NJ,AEA,EN,Towers with Display (VFR),0,12,76,0,88,0,0,430,0,430,0,12,506,0,518,334,0,334,852
08/28/2000,MMU,NJ,AEA,EN,Towers with Display (VFR),0,12,135,0,147,0,0,152,2,154,0,12,287,2,301,14,0,14,315
08/29/2000,MMU,NJ,AEA,EN,Towers with Display (VFR),0,22,114,0,136,0,15,465,2,482,0,37,579,2,618,272,0,272,890
08/30/2000,MMU,NJ,AEA,EN,Towers with Display (VFR),0,20,101,0,121,0,1,518,0,519,0,21,619,0,640,170,0,170,810
08/31/2000,MMU,NJ,AEA,EN,Towers with Display (VFR),0,23,119,0,142,0,2,120,0,122,0,25,239,0,264,294,0,294,558
09/01/2000,MMU,NJ,AEA,EN,Towers with Display (VFR),0,11,58,0,69,0,2,115,0,117,0,13,173,0,186,24,0,24,210
09/02/2000,MMU,NJ,AEA,EN,Towers with Display (VFR),0,7,39,0,46,0,3,174,0,177,0,10,213,0,223,160,0,160,383
09/03/2000,MMU,NJ,AEA,EN,Towers with Display (VFR),0,11,57,0,68,0,1,44,0,45,0,12,101,0,113,24,0,24,137
09/04/2000,MMU,NJ,AEA,EN,Towers with Display (VFR),0,13,70,0,83,0,1,357,0,358,0,14,427,0,441,236,0,236,677
09/05/2000,MMU,NJ,AEA,EN,Towers with Display (VFR),0,18,100,0,118,0,9,499,0,508,0,27,599,0,626,376,0,376,1002
09/06/2000,MMU,NJ,AEA,EN,Towers with Display (VFR),0,15,81,0,96,0,9,617,0,626,0,24,698,0,722,342,0,342,1064
09/07/2000,MMU,NJ,AEA,EN,Towers with Display (VFR),0,15,83,0,98,0,2,563,0,565,0,17,646,0,663,300,0,300,963
09/08/2000,MMU,NJ,AEA,EN,Towers with Display (VFR),0,9,77,0,86,0,0,586,0,586,0,9,663,0,672,322,0,322,994
09/09/2000,MMU,NJ,AEA,EN,Towers with Display (VFR),0,7,37,0,44,0,9,387,0,396,0,16,424,0,440,382,0,382,822
09/10/2000,MMU,NJ,AEA,EN,Towers with Display (VFR),0,12,97,0,109,0,0,215,0,215,0,12,312,0,324,146,0,146,470
09/11/2000,MMU,NJ,AEA,EN,Towers with Display (VFR),0,22,133,0,155,0,0,353,4,357,0,22,486,4,512,282,0,282,794
09/12/2000,MMU,NJ,AEA,EN,Towers with Display (VFR),0,15,113,0,128,0,0,529,0,529,0,15,642,0,657,378,0,378,1035
09/13/2000,MMU,NJ,AEA,EN,Towers with Display (VFR),0,14,93,0,107,0,0,465,0,465,0,14,558,0,572,246,0,246,818
09/14/2000,MMU,NJ,AEA,EN,Towers with Display (VFR),0,17,93,0,110,0,8,532,0,540,0,25,625,0,650,368,0,368,1018
09/15/2000,MMU,NJ,AEA,EN,Towers with Display (VFR),0,19,102,0,121,0,8,340,0,348,0,27,442,0,469,248,0,248,717
09/16/2000,MMU,NJ,AEA,EN,Towers with Display (VFR),0,8,41,0,49,0,4,472,0,476,0,12,513,0,525,296,0,296,821
09/17/2000,MMU,NJ,AEA,EN,Towers with Display (VFR),0,13,78,0,91,0,11,503,0,514,0,24,581,0,605,397,0,397,1002
09/18/2000,MMU,NJ,AEA,EN,Towers with Display (VFR),0,14,82,0,96,0,3,504,0,507,0,17,586,0,603,236,0,236,839
09/19/2000,MMU,NJ,AEA,EN,Towers with Display (VFR),0,13,86,0,99,0,0,89,0,89,0,13,175,0,188,34,0,34,222
09/20/2000,MMU,NJ,AEA,EN,Towers with Display (VFR),0,4,69,0,73,0,0,587,0,587,0,4,656,0,660,380,0,380,1040
09/21/2000,MMU,NJ,AEA,EN,Towers with Display (VFR),0,11,83,0,94,0,0,556,0,556,0,11,639,0,650,68,0,68,718
09/22/2000,MMU,NJ,AEA,EN,Towers with Display (VFR),0,13,85,0,98,0,0,678,0,678,0,13,763,0,776,340,0,340,1116
09/23/2000,MMU,NJ,AEA,EN,Towers with Display (VFR),0,4,72,0,76,0,0,120,0,120,0,4,192,0,196,152,0,152,348
09/24/2000,MMU,NJ,AEA,EN,Towers with Display (VFR),0,14,90,0,104,0,0,302,0,302,0,14,392,0,406,154,0,154,560
09/25/2000,MMU,NJ,AEA,EN,Towers with Display (VFR),0,9,80,0,89,0,0,473,0,473,0,9,553,0,562,256,0,256,818
09/26/2000,MMU,NJ,AEA,EN,Towers with Display (VFR),0,21,121,0,142,0,10,187,0,197,0,31,308,0,339,44,0,44,383
09/27/2000,MMU,NJ,AEA,EN,Towers with Display (VFR),0,15,86,0,101,0,3,629,0,632,0,18,715,0,733,436,0,436,1169
09/28/2000,MMU,NJ,AEA,EN,Towers with Display (VFR),0,14,87,0,101,0,0,562,0,562,0,14,649,0,663,338,0,338,1001
09/29/2000,MMU,NJ,AEA,EN,Towers with Display (VFR),0,15,90,0,105,0,9,598,0,607,0,24,688,0,712,480,0,480,1192
09/30/2000,MMU,NJ,AEA,EN,Towers with Display (VFR),0,8,46,0,54,0,6,480,0,486,0,14,526,0,540,333,0,333,873
10/01/2000,MMU,NJ,AEA,EN,Towers with Display (VFR),0,17,82,0,99,0,5,396,0,401,0,22,478,0,500,372,0,372,872
10/02/2000,MMU,NJ,AEA,EN,Towers with Display (VFR),0,17,104,0,121,0,0,545,0,545,0,17,649,0,666,232,0,232,898
10/03/2000,MMU,NJ,AEA,EN,Towers with Display (VFR),0,21,97,0,118,0,2,654,0,656,0,23,751,0,774,472,0,472,1246
10/04/2000,MMU,NJ,AEA,EN,Towers with Display (VFR),0,16,112,0,128,0,0,465,0,465,0,16,577,0,593,238,0,238,831
10/05/2000,MMU,NJ,AEA,EN,Towers with Display (VFR),0,25,129,0,154,0,0,350,0,350,0,25,479,0,504,362,0,362,866
10/06/2000,MMU,NJ,AEA,EN,Towers with Display (VFR),0,27,128,0,155,0,1,110,0,111,0,28,238,0,266,56,0,56,322
10/07/2000,MMU,NJ,AEA,EN,Towers with Display (VFR),0,6,29,0,35,0,13,527,0,540,0,19,556,0,575,404,0,404,979
10/08/2000,MMU,NJ,AEA,EN,Towers with Display (VFR),0,11,49,0,60,0,8,629,0,637,0,19,678,0,697,518,0,518,1215
10/09/2000,MMU,NJ,AEA,EN,Towers with Display (VFR),0,18,86,0,104,0,8,517,0,525,0,26,603,0,629,380,0,380,1009
10/10/2000,MMU,NJ,AEA,EN,Towers with Display (VFR),0,20,97,0,117,0,0,537,0,537,0,20,634,0,654,326,0,326,980
10/11/2000,MMU,NJ,AEA,EN,Towers with Display (VFR),0,19,92,0,111,0,1,549,0,550,0,20,641,0,661,304,0,304,965
10/12/2000,MMU,NJ,AEA,EN,Towers with Display (VFR),0,22,105,0,127,0,2,531,0,533,0,24,636,0,660,354,0,354,1014
10/13/2000,MMU,NJ,AEA,EN,Towers with Display (VFR),0,21,101,0,122,0,4,508,4,516,0,25,609,4,638,390,0,390,1028
10/14/2000,MMU,NJ,AEA,EN,Towers with Display (VFR),0,10,48,0,58,0,0,460,0,460,0,10,508,0,518,392,0,392,910
10/15/2000,MMU,NJ,AEA,EN,Towers with Display (VFR),0,14,68,1,83,0,6,648,0,654,0,20,716,1,737,556,0,556,1293
10/16/2000,MMU,NJ,AEA,EN,Towers with Display (VFR),0,27,136,0,163,0,2,180,0,182,0,29,316,0,345,0,0,0,345
10/17/2000,MMU,NJ,AEA,EN,Towers with Display (VFR),0,23,150,0,173,0,0,103,0,103,0,23,253,0,276,0,0,0,276
10/18/2000,MMU,NJ,AEA,EN,Towers with Display (VFR),0,32,197,0,229,0,0,61,0,61,0,32,258,0,290,10,0,10,300
10/19/2000,MMU,NJ,AEA,EN,Towers with Display (VFR),0,19,118,0,137,0,0,475,0,475,0,19,593,0,612,257,0,257,869
10/20/2000,MMU,NJ,AEA,EN,Towers with Display (VFR),0,22,109,0,131,0,4,553,2,559,0,26,662,2,690,326,0,326,1016
10/21/2000,MMU,NJ,AEA,EN,Towers with Display (VFR),0,5,30,0,35,0,6,416,0,422,0,11,446,0,457,386,0,386,843
10/22/2000,MMU,NJ,AEA,EN,Towers with Display (VFR),0,22,110,0,132,0,2,418,0,420,0,24,528,0,552,474,0,474,1026
10/23/2000,MMU,NJ,AEA,EN,Towers with Display (VFR),0,20,123,0,143,0,0,506,0,506,0,20,629,0,649,306,0,306,955
10/24/2000,MMU,NJ,AEA,EN,Towers with Display (VFR),0,16,106,0,122,0,0,516,0,516,0,16,622,0,638,334,0,334,972
10/25/2000,MMU,NJ,AEA,EN,Towers with Display (VFR),0,18,90,0,108,0,2,500,0,502,0,20,590,0,610,304,0,304,914
10/26/2000,MMU,NJ,AEA,EN,Towers with Display (VFR),0,21,127,0,148,0,0,372,0,372,0,21,499,0,520,210,0,210,730
10/27/2000,MMU,NJ,AEA,EN,Towers with Display (VFR),0,17,100,0,117,0,0,287,0,287,0,17,387,0,404,194,0,194,598
10/28/2000,MMU,NJ,AEA,EN,Towers with Display (VFR),0,6,33,0,39,0,3,226,0,229,0,9,259,0,268,194,0,194,462
10/29/2000,MMU,NJ,AEA,EN,Towers with Display (VFR),0,11,58,0,69,0,8,415,0,423,0,19,473,0,492,210,0,210,702
10/30/2000,MMU,NJ,AEA,EN,Towers with Display (VFR),0,12,62,0,74,0,5,461,0,466,0,17,523,0,540,268,0,268,808
10/31/2000,MMU,NJ,AEA,EN,Towers with Display (VFR),0,14,69,0,83,0,5,439,0,444,0,19,508,0,527,342,0,342,869
11/01/2000,MMU,NJ,AEA,EN,Towers with Display (VFR),0,17,82,0,99,0,0,460,0,460,0,17,542,0,559,276,0,276,835
11/02/2000,MMU,NJ,AEA,EN,Towers with Display (VFR),0,19,93,0,112,0,0,495,0,495,0,19,588,0,607,300,0,300,907
11/03/2000,MMU,NJ,AEA,EN,Towers with Display (VFR),0,24,91,0,115,0,1,490,0,491,0,25,581,0,606,284,0,284,890
11/04/2000,MMU,NJ,AEA,EN,Towers with Display (VFR),0,13,51,0,64,0,5,471,0,476,0,18,522,0,540,382,0,382,922
11/05/2000,MMU,NJ,AEA,EN,Towers with Display (VFR),0,14,52,0,66,0,3,532,0,535,0,17,584,0,601,250,0,250,851
11/06/2000,MMU,NJ,AEA,EN,Towers with Display (VFR),0,15,87,0,102,0,0,615,0,615,0,15,702,0,717,278,0,278,995
11/07/2000,MMU,NJ,AEA,EN,Towers with Display (VFR),0,26,106,0,132,0,0,467,0,467,0,26,573,0,599,236,0,236,835
11/08/2000,MMU,NJ,AEA,EN,Towers with Display (VFR),0,20,79,0,99,0,4,508,0,512,0,24,587,0,611,334,0,334,945
11/09/2000,MMU,NJ,AEA,EN,Towers with Display (VFR),0,28,126,0,154,0,0,290,0,290,0,28,416,0,444,186,0,186,630
11/10/2000,MMU,NJ,AEA,EN,Towers with Display (VFR),0,20,79,0,99,0,9,222,0,231,0,29,301,0,330,140,0,140,470
11/11/2000,MMU,NJ,AEA,EN,Towers with Display (VFR),0,11,42,0,53,0,2,265,0,267,0,13,307,0,320,146,0,146,466
11/12/2000,MMU,NJ,AEA,EN,Towers with Display (VFR),0,18,68,0,86,0,2,539,0,541,0,20,607,0,627,468,0,468,1095
11/13/2000,MMU,NJ,AEA,EN,Towers with Display (VFR),0,18,94,0,112,0,0,532,0,532,0,18,626,0,644,264,0,264,908
11/14/2000,MMU,NJ,AEA,EN,Towers with Display (VFR),0,11,99,0,110,0,0,69,0,69,0,11,168,0,179,0,0,0,179
11/15/2000,MMU,NJ,AEA,EN,Towers with Display (VFR),0,18,68,0,86,0,2,369,0,371,0,20,437,0,457,176,0,176,633
11/16/2000,MMU,NJ,AEA,EN,Towers with Display (VFR),0,25,109,0,134,0,0,522,0,522,0,25,631,0,656,408,0,408,1064
11/17/2000,MMU,NJ,AEA,EN,Towers with Display (VFR),0,26,106,0,132,0,31,577,0,608,0,57,683,0,740,126,0,126,866
11/18/2000,MMU,NJ,AEA,EN,Towers with Display (VFR),0,12,49,0,61,0,1,512,0,513,0,13,561,0,574,384,0,384,958
11/19/2000,MMU,NJ,AEA,EN,Towers with Display (VFR),0,15,63,0,78,0,22,397,0,419,0,37,460,0,497,404,0,404,901
11/20/2000,MMU,NJ,AEA,EN,Towers with Display (VFR),0,13,99,0,112,0,0,508,0,508,0,13,607,0,620,190,0,190,810
11/21/2000,MMU,NJ,AEA,EN,Towers with Display (VFR),0,17,93,0,110,0,0,515,0,515,0,17,608,0,625,280,0,280,905
11/22/2000,MMU,NJ,AEA,EN,Towers with Display (VFR),0,21,88,0,109,0,12,454,0,466,0,33,542,0,575,242,0,242,817
11/23/2000,MMU,NJ,AEA,EN,Towers with Display (VFR),0,5,21,0,26,0,5,225,0,230,0,10,246,0,256,136,0,136,392
11/24/2000,MMU,NJ,AEA,EN,Towers with Display (VFR),0,13,70,0,83,0,0,519,0,519,0,13,589,0,602,356,0,356,958
11/25/2000,MMU,NJ,AEA,EN,Towers with Display (VFR),0,9,38,0,47,0,6,363,0,369,0,15,401,0,416,300,0,300,716
11/26/2000,MMU,NJ,AEA,EN,Towers with Display (VFR),0,15,101,0,116,0,0,6,0,6,0,15,107,0,122,0,0,0,122
11/27/2000,MMU,NJ,AEA,EN,Towers with Display (VFR),0,20,84,0,104,0,0,404,0,404,0,20,488,0,508,216,0,216,724
11/28/2000,MMU,NJ,AEA,EN,Towers with Display (VFR),0,19,84,0,103,0,0,468,0,468,0,19,552,0,571,252,0,252,823
11/29/2000,MMU,NJ,AEA,EN,Towers with Display (VFR),0,24,107,0,131,0,0,357,0,357,0,24,464,0,488,350,0,350,838
11/30/2000,MMU,NJ,AEA,EN,Towers with Display (VFR),0,21,88,0,109,0,6,401,0,407,0,27,489,0,516,158,0,158,674
12/01/2000,MMU,NJ,AEA,EN,Towers with Display (VFR),0,19,79,0,98,0,3,402,0,405,0,22,481,0,503,216,0,216,719
12/02/2000,MMU,NJ,AEA,EN,Towers with Display (VFR),0,7,28,0,35,0,1,617,0,618,0,8,645,0,653,246,0,246,899
12/03/2000,MMU,NJ,AEA,EN,Towers with Display (VFR),0,11,46,0,57,0,2,616,0,618,0,13,662,0,675,498,0,498,1173
12/04/2000,MMU,NJ,AEA,EN,Towers with Display (VFR),0,13,73,0,86,0,0,506,0,506,0,13,579,0,592,302,0,302,894
12/05/2000,MMU,NJ,AEA,EN,Towers with Display (VFR),0,10,83,0,93,0,0,459,0,459,0,10,542,0,552,244,0,244,796
12/06/2000,MMU,NJ,AEA,EN,Towers with Display (VFR),0,14,81,0,95,0,0,451,4,455,0,14,532,4,550,260,0,260,810
12/07/2000,MMU,NJ,AEA,EN,Towers with Display (VFR),0,19,103,0,122,0,0,514,0,514,0,19,617,0,636,230,0,230,866
12/08/2000,MMU,NJ,AEA,EN,Towers with Display (VFR),0,19,79,0,98,0,2,248,0,250,0,21,327,0,348,186,0,186,534
12/09/2000,MMU,NJ,AEA,EN,Towers with Display (VFR),0,4,21,0,25,0,0,539,0,539,0,4,560,0,564,410,0,410,974
12/10/2000,MMU,NJ,AEA,EN,Towers with Display (VFR),0,10,50,0,60,0,0,399,0,399,0,10,449,0,459,316,0,316,775
12/11/2000,MMU,NJ,AEA,EN,Towers with Display (VFR),0,14,92,0,106,0,0,280,0,280,0,14,372,0,386,138,0,138,524
12/12/2000,MMU,NJ,AEA,EN,Towers with Display (VFR),0,16,84,0,100,0,0,350,0,350,0,16,434,0,450,0,0,0,450
12/13/2000,MMU,NJ,AEA,EN,Towers with Display (VFR),0,4,67,0,71,0,0,494,0,494,0,4,561,0,565,296,0,296,861
12/14/2000,MMU,NJ,AEA,EN,Towers with Display (VFR),0,9,60,0,69,0,0,219,0,219,0,9,279,0,288,112,0,112,400
12/15/2000,MMU,NJ,AEA,EN,Towers with Display (VFR),0,19,80,0,99,0,0,429,0,429,0,19,509,0,528,224,0,224,752
12/16/2000,MMU,NJ,AEA,EN,Towers with Display (VFR),0,7,30,0,37,0,3,54,0,57,0,10,84,0,94,96,0,96,190
12/17/2000,MMU,NJ,AEA,EN,Towers with Display (VFR),0,6,26,0,32,0,8,0,0,8,0,14,26,0,40,0,0,0,40
12/18/2000,MMU,NJ,AEA,EN,Towers with Display (VFR),0,20,87,0,107,0,1,506,0,507,0,21,593,0,614,278,0,278,892
12/19/2000,MMU,NJ,AEA,EN,Towers with Display (VFR),0,13,55,0,68,0,4,428,2,434,0,17,483,2,502,276,0,276,778
12/20/2000,MMU,NJ,AEA,EN,Towers with Display (VFR),0,17,74,0,91,0,8,502,2,512,0,25,576,2,603,304,0,304,907
12/21/2000,MMU,NJ,AEA,EN,Towers with Display (VFR),0,15,64,0,79,0,6,534,0,540,0,21,598,0,619,292,0,292,911
12/22/2000,MMU,NJ,AEA,EN,Towers with Display (VFR),0,13,56,0,69,0,3,85,0,88,0,16,141,0,157,0,0,0,157
12/23/2000,MMU,NJ,AEA,EN,Towers with Display (VFR),0,9,43,0,52,0,0,342,0,342,0,9,385,0,394,198,0,198,592
12/24/2000,MMU,NJ,AEA,EN,Towers with Display (VFR),0,2,12,0,14,0,0,274,0,274,0,2,286,0,288,283,0,283,571
12/25/2000,MMU,NJ,AEA,EN,Towers with Display (VFR),0,4,12,0,16,0,12,0,0,12,0,16,12,0,28,0,0,0,28
12/26/2000,MMU,NJ,AEA,EN,Towers with Display (VFR),0,17,76,0,93,0,4,333,0,337,0,21,409,0,430,140,0,140,570
12/27/2000,MMU,NJ,AEA,EN,Towers with Display (VFR),0,8,35,0,43,0,5,424,0,429,0,13,459,0,472,238,0,238,710
12/28/2000,MMU,NJ,AEA,EN,Towers with Display (VFR),0,7,32,0,39,0,1,249,0,250,0,8,281,0,289,120,0,120,409
12/29/2000,MMU,NJ,AEA,EN,Towers with Display (VFR),0,7,34,0,41,0,6,347,0,353,0,13,381,0,394,180,0,180,574
12/30/2000,MMU,NJ,AEA,EN,Towers with Display (VFR),0,0,3,0,3,0,0,4,0,4,0,0,7,0,7,0,0,0,7
12/31/2000,MMU,NJ,AEA,EN,Towers with Display (VFR),0,2,9,0,11,0,0,5,0,5,0,2,14,0,16,0,0,0,16
01/01/2001,MMU,NJ,AEA,EN,Towers with Display (VFR),0,10,46,0,56,0,6,189,0,195,0,16,235,0,251,128,0,128,379
01/02/2001,MMU,NJ,AEA,EN,Towers with Display (VFR),0,15,72,0,87,0,6,345,0,351,0,21,417,0,438,170,0,170,608
01/03/2001,MMU,NJ,AEA,EN,Towers with Display (VFR),0,14,65,0,79,0,1,407,0,408,0,15,472,0,487,226,0,226,713
01/04/2001,MMU,NJ,AEA,EN,Towers with Display (VFR),0,7,72,0,79,0,0,461,0,461,0,7,533,0,540,260,0,260,800
01/05/2001,MMU,NJ,AEA,EN,Towers with Display (VFR),0,9,51,0,60,0,0,111,0,111,0,9,162,0,171,46,0,46,217
01/06/2001,MMU,NJ,AEA,EN,Towers with Display (VFR),0,6,30,0,36,0,1,340,0,341,0,7,370,0,377,292,0,292,669
01/07/2001,MMU,NJ,AEA,EN,Towers with Display (VFR),0,8,37,0,45,0,1,391,0,392,0,9,428,0,437,418,0,418,855
01/08/2001,MMU,NJ,AEA,EN,Towers with Display (VFR),0,13,74,0,87,0,0,102,0,102,0,13,176,0,189,158,0,158,347
01/09/2001,MMU,NJ,AEA,EN,Towers with Display (VFR),0,13,64,0,77,0,6,358,0,364,0,19,422,0,441,182,0,182,623
01/10/2001,MMU,NJ,AEA,EN,Towers with Display (VFR),0,17,90,0,107,0,0,441,2,443,0,17,531,2,550,343,0,343,893
01/11/2001,MMU,NJ,AEA,EN,Towers with Display (VFR),0,17,96,0,113,0,0,471,2,473,0,17,567,2,586,226,0,226,812
01/12/2001,MMU,NJ,AEA,EN,Towers with Display (VFR),0,20,97,0,117,0,6,502,0,508,0,26,599,0,625,376,0,376,1001
01/13/2001,MMU,NJ,AEA,EN,Towers with Display (VFR),0,4,36,0,40,0,0,551,0,551,0,4,587,0,591,304,0,304,895
01/14/2001,MMU,NJ,AEA,EN,Towers with Display (VFR),0,5,35,0,40,0,0,324,0,324,0,5,359,0,364,376,0,376,740
01/15/2001,MMU,NJ,AEA,EN,Towers with Display (VFR),0,16,84,0,100,0,0,1,0,1,0,16,85,0,101,0,0,0,101
01/16/2001,MMU,NJ,AEA,EN,Towers with Display (VFR),0,16,79,0,95,0,0,431,0,431,0,16,510,0,526,238,0,238,764
01/17/2001,MMU,NJ,AEA,EN,Towers with Display (VFR),0,17,91,0,108,0,4,444,0,448,0,21,535,0,556,348,0,348,904
01/18/2001,MMU,NJ,AEA,EN,Towers with Display (VFR),0,14,114,0,128,0,0,144,0,144,0,14,258,0,272,114,0,114,386
01/19/2001,MMU,NJ,AEA,EN,Towers with Display (VFR),0,12,66,0,78,0,0,3,0,3,0,12,69,0,81,0,0,0,81
01/20/2001,MMU,NJ,AEA,EN,Towers with Display (VFR),0,2,12,0,14,0,1,0,0,1,0,3,12,0,15,0,0,0,15
01/21/2001,MMU,NJ,AEA,EN,Towers with Display (VFR),0,7,39,0,46,0,8,53,0,61,0,15,92,0,107,0,0,0,107
01/22/2001,MMU,NJ,AEA,EN,Towers with Display (VFR),0,10,71,0,81,0,0,378,0,378,0,10,449,0,459,272,0,272,731
01/23/2001,MMU,NJ,AEA,EN,Towers with Display (VFR),0,10,91,0,101,0,0,448,0,448,0,10,539,0,549,336,0,336,885
01/24/2001,MMU,NJ,AEA,EN,Towers with Display (VFR),0,13,83,0,96,0,0,447,0,447,0,13,530,0,543,344,0,344,887
01/25/2001,MMU,NJ,AEA,EN,Towers with Display (VFR),0,17,92,0,109,0,2,337,0,339,0,19,429,0,448,192,0,192,640
01/26/2001,MMU,NJ,AEA,EN,Towers with Display (VFR),0,16,87,0,103,0,18,446,0,464,0,34,533,0,567,246,0,246,813
01/27/2001,MMU,NJ,AEA,EN,Towers with Display (VFR),0,6,32,0,38,0,8,217,0,225,0,14,249,0,263,166,0,166,429
01/28/2001,MMU,NJ,AEA,EN,Towers with Display (VFR),0,11,60,0,71,0,4,404,0,408,0,15,464,0,479,280,0,280,759
01/29/2001,MMU,NJ,AEA,EN,Towers with Display (VFR),0,18,93,0,111,0,1,465,0,466,0,19,558,0,577,346,0,346,923
01/30/2001,MMU,NJ,AEA,EN,Towers with Display (VFR),0,18,97,0,115,0,1,70,0,71,0,19,167,0,186,60,0,60,246
01/31/2001,MMU,NJ,AEA,EN,Towers with Display (VFR),0,17,89,0,106,0,1,346,0,347,0,18,435,0,453,162,0,162,615
02/01/2001,MMU,NJ,AEA,EN,Towers with Display (VFR),0,11,92,0,103,0,0,470,0,470,0,11,562,0,573,214,0,214,787
02/02/2001,MMU,NJ,AEA,EN,Towers with Display (VFR),0,18,87,0,105,0,4,256,0,260,0,22,343,0,365,162,0,162,527
02/03/2001,MMU,NJ,AEA,EN,Towers with Display (VFR),0,6,32,0,38,0,2,340,0,342,0,8,372,0,380,206,0,206,586
02/04/2001,MMU,NJ,AEA,EN,Towers with Display (VFR),0,3,51,0,54,0,0,474,0,474,0,3,525,0,528,396,0,396,924
02/05/2001,MMU,NJ,AEA,EN,Towers with Display (VFR),0,5,35,0,40,0,0,3,0,3,0,5,38,0,43,0,0,0,43
02/06/2001,MMU,NJ,AEA,EN,Towers with Display (VFR),0,16,81,0,97,0,0,289,0,289,0,16,370,0,386,124,0,124,510
02/07/2001,MMU,NJ,AEA,EN,Towers with Display (VFR),0,13,85,0,98,0,0,421,0,421,0,13,506,0,519,226,0,226,745
02/08/2001,MMU,NJ,AEA,EN,Towers with Display (VFR),0,18,95,0,113,0,0,342,0,342,0,18,437,0,455,262,0,262,717
02/09/2001,MMU,NJ,AEA,EN,Towers with Display (VFR),0,15,87,1,103,0,0,383,3,386,0,15,470,4,489,180,0,180,669
02/10/2001,MMU,NJ,AEA,EN,Towers with Display (VFR),0,4,27,0,31,0,0,211,0,211,0,4,238,0,242,18,0,18,260
02/11/2001,MMU,NJ,AEA,EN,Towers with Display (VFR),0,10,60,0,70,0,0,450,0,450,0,10,510,0,520,296,0,296,816
02/12/2001,MMU,NJ,AEA,EN,Towers with Display (VFR),0,11,71,0,82,0,0,434,0,434,0,11,505,0,516,350,0,350,866
02/13/2001,MMU,NJ,AEA,EN,Towers with Display (VFR),0,17,89,0,106,0,0,444,0,444,0,17,533,0,550,350,0,350,900
02/14/2001,MMU,NJ,AEA,EN,Towers with Display (VFR),0,20,114,0,134,0,0,231,0,231,0,20,345,0,365,170,0,170,535
02/15/2001,MMU,NJ,AEA,EN,Towers with Display (VFR),0,21,117,0,138,0,0,438,4,442,0,21,555,4,580,278,0,278,858
02/16/2001,MMU,NJ,AEA,EN,Towers with Display (VFR),0,20,97,0,117,0,10,63,4,77,0,30,160,4,194,102,0,102,296
02/17/2001,MMU,NJ,AEA,EN,Towers with Display (VFR),0,7,37,0,44,0,7,215,0,222,0,14,252,0,266,88,0,88,354
02/18/2001,MMU,NJ,AEA,EN,Towers with Display (VFR),0,7,39,0,46,0,4,343,0,347,0,11,382,0,393,258,0,258,651
02/19/2001,MMU,NJ,AEA,EN,Towers with Display (VFR),0,13,85,0,98,0,0,419,0,419,0,13,504,0,517,302,0,302,819
02/20/2001,MMU,NJ,AEA,EN,Towers with Display (VFR),0,18,104,0,122,0,0,415,0,415,0,18,519,0,537,280,0,280,817
02/21/2001,MMU,NJ,AEA,EN,Towers with Display (VFR),0,17,87,0,104,0,8,388,0,396,0,25,475,0,500,156,0,156,656
02/22/2001,MMU,NJ,AEA,EN,Towers with Display (VFR),0,14,82,0,96,0,0,157,0,157,0,14,239,0,253,114,0,114,367
02/23/2001,MMU,NJ,AEA,EN,Towers with Display (VFR),0,11,65,0,76,0,0,347,0,347,0,11,412,0,423,220,0,220,643
02/24/2001,MMU,NJ,AEA,EN,Towers with Display (VFR),0,7,36,0,43,0,2,356,0,358,0,9,392,0,401,406,0,406,807
02/25/2001,MMU,NJ,AEA,EN,Towers with Display (VFR),0,19,82,0,101,0,13,0,0,13,0,32,82,0,114,0,0,0,114
02/26/2001,MMU,NJ,AEA,EN,Towers with Display (VFR),0,17,106,0,123,0,0,374,1,375,0,17,480,1,498,232,0,232,730
02/27/2001,MMU,NJ,AEA,EN,Towers with Display (VFR),0,26,126,0,152,0,6,407,0,413,0,32,533,0,565,252,0,252,817
02/28/2001,MMU,NJ,AEA,EN,Towers with Display (VFR),0,19,100,0,119,0,0,432,0,432,0,19,532,0,551,210,0,210,761
03/01/2001,MMU,NJ,AEA,EN,Towers with Display (VFR),0,19,81,0,100,0,8,467,0,475,0,27,548,0,575,196,0,196,771
03/02/2001,MMU,NJ,AEA,EN,Towers with Display (VFR),0,20,89,0,109,0,1,267,0,268,0,21,356,0,377,154,0,154,531
03/03/2001,MMU,NJ,AEA,EN,Towers with Display (VFR),0,11,45,0,56,0,6,344,0,350,0,17,389,0,406,462,0,462,868
03/04/2001,MMU,NJ,AEA,EN,Towers with Display (VFR),0,13,56,0,69,0,9,45,0,54,0,22,101,0,123,68,0,68,191
03/05/2001,MMU,NJ,AEA,EN,Towers with Display (VFR),0,1,5,0,6,0,0,3,0,3,0,1,8,0,9,0,0,0,9
03/06/2001,MMU,NJ,AEA,EN,Towers with Display (VFR),0,8,33,0,41,0,3,2,0,5,0,11,35,0,46,0,0,0,46
03/07/2001,MMU,NJ,AEA,EN,Towers with Display (VFR),0,8,76,0,84,0,0,368,0,368,0,8,444,0,452,396,0,396,848
03/08/2001,MMU,NJ,AEA,EN,Towers with Display (VFR),0,18,79,0,97,0,3,394,0,397,0,21,473,0,494,242,0,242,736
03/09/2001,MMU,NJ,AEA,EN,Towers with Display (VFR),0,17,76,0,93,0,3,112,0,115,0,20,188,0,208,68,0,68,276
03/10/2001,MMU,NJ,AEA,EN,Towers with Display (VFR),0,8,35,0,43,0,3,243,0,246,0,11,278,0,289,200,0,200,489
03/11/2001,MMU,NJ,AEA,EN,Towers with Display (VFR),0,11,47,0,58,0,5,450,0,455,0,16,497,0,513,414,0,414,927
03/12/2001,MMU,NJ,AEA,EN,Towers with Display (VFR),0,14,84,0,98,0,0,385,0,385,0,14,469,0,483,348,0,348,831
03/13/2001,MMU,NJ,AEA,EN,Towers with Display (VFR),0,14,97,0,111,0,0,8,0,8,0,14,105,0,119,0,0,0,119
03/14/2001,MMU,NJ,AEA,EN,Towers with Display (VFR),0,16,80,0,96,0,0,319,0,319,0,16,399,0,415,160,0,160,575
03/15/2001,MMU,NJ,AEA,EN,Towers with Display (VFR),0,22,98,0,120,0,1,494,0,495,0,23,592,0,615,318,0,318,933
03/16/2001,MMU,NJ,AEA,EN,Towers with Display (VFR),0,21,93,0,114,0,2,366,0,368,0,23,459,0,482,238,0,238,720
03/17/2001,MMU,NJ,AEA,EN,Towers with Display (VFR),0,5,27,0,32,0,3,65,0,68,0,8,92,0,100,150,0,150,250
03/18/2001,MMU,NJ,AEA,EN,Towers with Display (VFR),0,11,54,0,65,0,10,343,0,353,0,21,397,0,418,210,0,210,628
03/19/2001,MMU,NJ,AEA,EN,Towers with Display (VFR),0,14,75,0,89,0,0,377,0,377,0,14,452,0,466,218,0,218,684
03/20/2001,MMU,NJ,AEA,EN,Towers with Display (VFR),0,18,85,0,103,0,3,547,0,550,0,21,632,0,653,370,0,370,1023
03/21/2001,MMU,NJ,AEA,EN,Towers with Display (VFR),0,17,78,0,95,0,6,114,0,120,0,23,192,0,215,54,0,54,269
03/22/2001,MMU,NJ,AEA,EN,Towers with Display (VFR),0,18,91,0,109,0,0,115,0,115,0,18,206,0,224,52,0,52,276
03/23/2001,MMU,NJ,AEA,EN,Towers with Display (VFR),0,15,69,0,84,0,2,328,0,330,0,17,397,0,414,230,0,230,644
03/24/2001,MMU,NJ,AEA,EN,Towers with Display (VFR),0,7,35,0,42,0,2,251,0,253,0,9,286,0,295,236,0,236,531
03/25/2001,MMU,NJ,AEA,EN,Towers with Display (VFR),0,12,55,0,67,0,0,474,0,474,0,12,529,0,541,390,0,390,931
03/26/2001,MMU,NJ,AEA,EN,Towers with Display (VFR),0,13,89,0,102,0,0,169,0,169,0,13,258,0,271,86,0,86,357
03/27/2001,MMU,NJ,AEA,EN,Towers with Display (VFR),0,8,68,0,76,0,0,398,0,398,0,8,466,0,474,271,0,271,745
03/28/2001,MMU,NJ,AEA,EN,Towers with Display (VFR),0,12,76,0,88,0,0,395,2,397,0,12,471,2,485,318,0,318,803
03/29/2001,MMU,NJ,AEA,EN,Towers with Display (VFR),0,21,98,0,119,0,2,352,0,354,0,23,450,0,473,230,0,230,703
03/30/2001,MMU,NJ,AEA,EN,Towers with Display (VFR),0,21,90,0,111,0,1,3,2,6,0,22,93,2,117,10,0,10,127
03/31/2001,MMU,NJ,AEA,EN,Towers with Display (VFR),0,7,34,0,41,0,7,259,0,266,0,14,293,0,307,512,0,512,819
04/01/2001,MMU,NJ,AEA,EN,Towers with Display (VFR),0,9,56,0,65,0,1,26,0,27,0,10,82,0,92,18,0,18,110
04/02/2001,MMU,NJ,AEA,EN,Towers with Display (VFR),0,13,75,0,88,0,1,206,0,207,0,14,281,0,295,230,0,230,525
04/03/2001,MMU,NJ,AEA,EN,Towers with Display (VFR),0,20,130,0,150,0,0,501,0,501,0,20,631,0,651,316,0,316,967
04/04/2001,MMU,NJ,AEA,EN,Towers with Display (VFR),0,21,70,0,91,0,1,425,0,426,0,22,495,0,517,338,0,338,855
04/05/2001,MMU,NJ,AEA,EN,Towers with Display (VFR),0,19,102,0,121,0,0,425,0,425,0,19,527,0,546,302,0,302,848
04/06/2001,MMU,NJ,AEA,EN,Towers with Display (VFR),0,26,102,0,128,0,0,118,0,118,0,26,220,0,246,68,0,68,314
04/07/2001,MMU,NJ,AEA,EN,Towers with Display (VFR),0,16,50,0,66,0,1,237,0,238,0,17,287,0,304,336,0,336,640
04/08/2001,MMU,NJ,AEA,EN,Towers with Display (VFR),0,14,46,0,60,0,0,6,0,6,0,14,52,0,66,0,0,0,66
04/09/2001,MMU,NJ,AEA,EN,Towers with Display (VFR),0,11,98,0,109,0,0,199,0,199,0,11,297,0,308,179,0,179,487
04/10/2001,MMU,NJ,AEA,EN,Towers with Display (VFR),0,26,103,0,129,0,0,430,0,430,0,26,533,0,559,216,0,216,775
04/11/2001,MMU,NJ,AEA,EN,Towers with Display (VFR),0,24,126,0,150,0,0,407,0,407,0,24,533,0,557,198,0,198,755
04/12/2001,MMU,NJ,AEA,EN,Towers with Display (VFR),0,23,121,0,144,0,0,11,0,11,0,23,132,0,155,0,0,0,155
04/13/2001,MMU,NJ,AEA,EN,Towers with Display (VFR),0,23,47,0,70,0,1,365,0,366,0,24,412,0,436,266,0,266,702
04/14/2001,MMU,NJ,AEA,EN,Towers with Display (VFR),0,6,32,0,38,0,12,447,0,459,0,18,479,0,497,314,0,314,811
04/15/2001,MMU,NJ,AEA,EN,Towers with Display (VFR),0,17,31,0,48,0,4,331,0,335,0,21,362,0,383,180,0,180,563
04/16/2001,MMU,NJ,AEA,EN,Towers with Display (VFR),0,27,112,0,139,0,0,324,0,324,0,27,436,0,463,276,0,276,739
04/17/2001,MMU,NJ,AEA,EN,Towers with Display (VFR),0,9,58,0,67,0,0,265,0,265,0,9,323,0,332,150,0,150,482
04/18/2001,MMU,NJ,AEA,EN,Towers with Display (VFR),0,3,64,0,67,0,0,385,0,385,0,3,449,0,452,206,0,206,658
04/19/2001,MMU,NJ,AEA,EN,Towers with Display (VFR),0,11,57,0,68,0,1,430,0,431,0,12,487,0,499,184,0,184,683
04/20/2001,MMU,NJ,AEA,EN,Towers with Display (VFR),0,4,27,0,31,0,0,420,0,420,0,4,447,0,451,198,0,198,649
04/21/2001,MMU,NJ,AEA,EN,Towers with Display (VFR),0,0,0,0,0,0,0,133,0,133,0,0,133,0,133,0,0,0,133
04/22/2001,MMU,NJ,AEA,EN,Towers with Display (VFR),0,0,5,0,5,0,0,173,0,173,0,0,178,0,178,6,0,6,184
04/23/2001,MMU,NJ,AEA,EN,Towers with Display (VFR),0,2,33,0,35,0,0,353,0,353,0,2,386,0,388,246,0,246,634
04/24/2001,MMU,NJ,AEA,EN,Towers with Display (VFR),0,7,54,0,61,0,0,473,0,473,0,7,527,0,534,228,0,228,762
04/25/2001,MMU,NJ,AEA,EN,Towers with Display (VFR),0,7,63,0,70,0,0,377,0,377,0,7,440,0,447,220,0,220,667
04/26/2001,MMU,NJ,AEA,EN,Towers with Display (VFR),0,10,78,0,88,0,3,424,0,427,0,13,502,0,515,250,0,250,765
04/27/2001,MMU,NJ,AEA,EN,Towers with Display (VFR),0,16,75,0,91,0,3,556,0,559,0,19,631,0,650,380,0,380,1030
04/28/2001,MMU,NJ,AEA,EN,Towers with Display (VFR),0,4,21,0,25,0,3,432,2,437,0,7,453,2,462,226,0,226,688
04/29/2001,MMU,NJ,AEA,EN,Towers with Display (VFR),0,13,59,0,72,0,0,471,0,471,0,13,530,0,543,328,0,328,871
04/30/2001,MMU,NJ,AEA,EN,Towers with Display (VFR),0,19,85,0,104,0,0,349,0,349,0,19,434,0,453,301,0,301,754
05/01/2001,MMU,NJ,AEA,EN,Towers with Display (VFR),0,14,92,0,106,0,0,556,0,556,0,14,648,0,662,340,0,340,1002
05/02/2001,MMU,NJ,AEA,EN,Towers with Display (VFR),0,20,83,0,103,0,1,538,0,539,0,21,621,0,642,276,0,276,918
05/03/2001,MMU,NJ,AEA,EN,Towers with Display (VFR),0,17,91,0,108,0,5,519,0,524,0,22,610,0,632,397,0,397,1029
05/04/2001,MMU,NJ,AEA,EN,Towers with Display (VFR),0,17,74,0,91,0,3,522,0,525,0,20,596,0,616,333,0,333,949
05/05/2001,MMU,NJ,AEA,EN,Towers with Display (VFR),0,11,30,0,41,0,0,308,0,308,0,11,338,0,349,350,0,350,699
05/06/2001,MMU,NJ,AEA,EN,Towers with Display (VFR),0,14,66,0,80,0,0,546,0,546,0,14,612,0,626,574,0,574,1200
05/07/2001,MMU,NJ,AEA,EN,Towers with Display (VFR),0,16,82,0,98,0,0,520,0,520,0,16,602,0,618,244,0,244,862
05/08/2001,MMU,NJ,AEA,EN,Towers with Display (VFR),0,20,94,0,114,0,0,451,0,451,0,20,545,0,565,258,0,258,823
05/09/2001,MMU,NJ,AEA,EN,Towers with Display (VFR),0,10,104,0,114,0,0,583,0,583,0,10,687,0,697,265,0,265,962
05/10/2001,MMU,NJ,AEA,EN,Towers with Display (VFR),0,20,74,0,94,0,0,483,0,483,0,20,557,0,577,360,0,360,937
05/11/2001,MMU,NJ,AEA,EN,Towers with Display (VFR),0,14,93,0,107,0,6,501,0,507,0,20,594,0,614,300,0,300,914
05/12/2001,MMU,NJ,AEA,EN,Towers with Display (VFR),0,10,47,0,57,0,0,274,0,274,0,10,321,0,331,184,0,184,515
05/13/2001,MMU,NJ,AEA,EN,Towers with Display (VFR),0,22,57,0,79,0,2,383,0,385,0,24,440,0,464,310,0,310,774
05/14/2001,MMU,NJ,AEA,EN,Towers with Display (VFR),0,23,100,0,123,0,0,368,0,368,0,23,468,0,491,322,0,322,813
05/15/2001,MMU,NJ,AEA,EN,Towers with Display (VFR),0,23,101,4,128,0,0,485,0,485,0,23,586,4,613,230,0,230,843
05/16/2001,MMU,NJ,AEA,EN,Towers with Display (VFR),0,21,103,0,124,0,0,443,0,443,0,21,546,0,567,356,0,356,923
05/17/2001,MMU,NJ,AEA,EN,Towers with Display (VFR),0,17,96,0,113,0,0,418,0,418,0,17,514,0,531,326,0,326,857
05/18/2001,MMU,NJ,AEA,EN,Towers with Display (VFR),0,34,131,0,165,0,2,182,0,184,0,36,313,0,349,110,0,110,459
05/19/2001,MMU,NJ,AEA,EN,Towers with Display (VFR),0,18,45,0,63,0,0,299,0,299,0,18,344,0,362,280,0,280,642
05/20/2001,MMU,NJ,AEA,EN,Towers with Display (VFR),0,17,62,0,79,0,0,520,0,520,0,17,582,0,599,404,0,404,1003
05/21/2001,MMU,NJ,AEA,EN,Towers with Display (VFR),0,25,116,0,141,0,0,94,0,94,0,25,210,0,235,66,0,66,301
05/22/2001,MMU,NJ,AEA,EN,Towers with Display (VFR),0,12,103,0,115,0,0,0,0,0,0,12,103,0,115,0,0,0,115
05/23/2001,MMU,NJ,AEA,EN,Towers with Display (VFR),0,17,123,0,140,0,0,0,0,0,0,17,123,0,140,0,0,0,140
05/24/2001,MMU,NJ,AEA,EN,Towers with Display (VFR),0,25,114,0,139,0,0,298,0,298,0,25,412,0,437,250,0,250,687
05/25/2001,MMU,NJ,AEA,EN,Towers with Display (VFR),0,38,133,0,171,0,0,0,0,0,0,38,133,0,171,0,0,0,171
05/26/2001,MMU,NJ,AEA,EN,Towers with Display (VFR),0,7,65,0,72,0,0,0,0,0,0,7,65,0,72,0,0,0,72
05/27/2001,MMU,NJ,AEA,EN,Towers with Display (VFR),0,6,32,0,38,0,0,14,0,14,0,6,46,0,52,108,0,108,160
05/28/2001,MMU,NJ,AEA,EN,Towers with Display (VFR),0,23,66,0,89,0,9,284,0,293,0,32,350,0,382,242,0,242,624
05/29/2001,MMU,NJ,AEA,EN,Towers with Display (VFR),0,16,103,0,119,0,2,362,0,364,0,18,465,0,483,252,0,252,735
05/30/2001,MMU,NJ,AEA,EN,Towers with Display (VFR),0,8,101,0,109,0,2,450,0,452,0,10,551,0,561,294,0,294,855
05/31/2001,MMU,NJ,AEA,EN,Towers with Display (VFR),0,11,103,2,116,0,2,469,2,473,0,13,572,4,589,308,14,322,911
06/01/2001,MMU,NJ,AEA,EN,Towers with Display (VFR),0,18,80,0,98,0,0,446,0,446,0,18,526,0,544,360,0,360,904
06/02/2001,MMU,NJ,AEA,EN,Towers with Display (VFR),0,5,35,0,40,0,0,169,0,169,0,5,204,0,209,306,0,306,515
06/03/2001,MMU,NJ,AEA,EN,Towers with Display (VFR),0,11,44,0,55,0,1,313,0,314,0,12,357,0,369,260,0,260,629
06/04/2001,MMU,NJ,AEA,EN,Towers with Display (VFR),0,17,85,0,102,0,0,416,0,416,0,17,501,0,518,268,0,268,786
06/05/2001,MMU,NJ,AEA,EN,Towers with Display (VFR),0,18,111,0,129,0,0,507,0,507,0,18,618,0,636,330,0,330,966
06/06/2001,MMU,NJ,AEA,EN,Towers with Display (VFR),0,31,115,0,146,0,0,406,0,406,0,31,521,0,552,264,0,264,816
06/07/2001,MMU,NJ,AEA,EN,Towers with Display (VFR),0,20,94,4,118,0,0,541,0,541,0,20,635,4,659,486,0,486,1145
06/08/2001,MMU,NJ,AEA,EN,Towers with Display (VFR),0,21,80,0,101,0,0,549,0,549,0,21,629,0,650,368,0,368,1018
06/09/2001,MMU,NJ,AEA,EN,Towers with Display (VFR),0,7,27,0,34,0,0,499,0,499,0,7,526,0,533,434,0,434,967
06/10/2001,MMU,NJ,AEA,EN,Towers with Display (VFR),0,14,84,0,98,0,8,486,0,494,0,22,570,0,592,314,0,314,906
06/11/2001,MMU,NJ,AEA,EN,Towers with Display (VFR),0,21,92,0,113,0,0,360,0,360,0,21,452,0,473,314,0,314,787
06/12/2001,MMU,NJ,AEA,EN,Towers with Display (VFR),0,25,123,0,148,0,3,453,4,460,0,28,576,4,608,308,0,308,916
06/13/2001,MMU,NJ,AEA,EN,Towers with Display (VFR),0,37,164,0,201,0,0,0,0,0,0,37,164,0,201,0,0,0,201
06/14/2001,MMU,NJ,AEA,EN,Towers with Display (VFR),0,22,114,0,136,0,0,48,0,48,0,22,162,0,184,22,0,22,206
06/15/2001,MMU,NJ,AEA,EN,Towers with Display (VFR),0,12,96,1,109,0,1,251,0,252,0,13,347,1,361,108,0,108,469
06/16/2001,MMU,NJ,AEA,EN,Towers with Display (VFR),0,8,42,0,50,0,0,30,0,30,0,8,72,0,80,50,0,50,130
06/17/2001,MMU,NJ,AEA,EN,Towers with Display (VFR),0,12,55,1,68,0,0,265,0,265,0,12,320,1,333,182,0,182,515
06/18/2001,MMU,NJ,AEA,EN,Towers with Display (VFR),0,22,87,0,109,0,0,558,0,558,0,22,645,0,667,316,0,316,983
06/19/2001,MMU,NJ,AEA,EN,Towers with Display (VFR),0,15,107,2,124,0,7,488,0,495,0,22,595,2,619,342,0,342,961
06/20/2001,MMU,NJ,AEA,EN,Towers with Display (VFR),0,15,83,0,98,0,3,358,6,367,0,18,441,6,465,342,0,342,807
06/21/2001,MMU,NJ,AEA,EN,Towers with Display (VFR),0,20,114,1,135,0,0,148,0,148,0,20,262,1,283,24,0,24,307
06/22/2001,MMU,NJ,AEA,EN,Towers with Display (VFR),0,29,97,0,126,0,2,317,0,319,0,31,414,0,445,204,0,204,649
06/23/2001,MMU,NJ,AEA,EN,Towers with Display (VFR),0,2,38,0,40,0,0,0,0,0,0,2,38,0,40,0,0,0,40
06/24/2001,MMU,NJ,AEA,EN,Towers with Display (VFR),0,14,61,0,75,0,0,342,0,342,0,14,403,0,417,398,0,398,815
06/25/2001,MMU,NJ,AEA,EN,Towers with Display (VFR),0,21,93,2,116,0,0,523,0,523,0,21,616,2,639,462,0,462,1101
06/26/2001,MMU,NJ,AEA,EN,Towers with Display (VFR),0,15,93,2,110,0,1,489,0,490,0,16,582,2,600,326,0,326,926
06/27/2001,MMU,NJ,AEA,EN,Towers with Display (VFR),0,10,97,0,107,0,3,486,0,489,0,13,583,0,596,355,0,355,951
06/28/2001,MMU,NJ,AEA,EN,Towers with Display (VFR),0,24,88,0,112,0,2,471,2,475,0,26,559,2,587,266,0,266,853
06/29/2001,MMU,NJ,AEA,EN,Towers with Display (VFR),0,26,72,0,98,0,0,463,0,463,0,26,535,0,561,346,0,346,907
06/30/2001,MMU,NJ,AEA,EN,Towers with Display (VFR),0,10,71,0,81,0,0,153,0,153,0,10,224,0,234,188,0,188,422
07/01/2001,MMU,NJ,AEA,EN,Towers with Display (VFR),0,6,30,0,36,0,0,263,0,263,0,6,293,0,299,186,0,186,485
07/02/2001,MMU,NJ,AEA,EN,Towers with Display (VFR),0,15,70,0,85,0,5,530,0,535,0,20,600,0,620,298,0,298,918
07/03/2001,MMU,NJ,AEA,EN,Towers with Display (VFR),0,9,66,0,75,0,0,489,0,489,0,9,555,0,564,406,0,406,970
07/04/2001,MMU,NJ,AEA,EN,Towers with Display (VFR),0,2,25,0,27,0,0,210,0,210,0,2,235,0,237,180,0,180,417
07/05/2001,MMU,NJ,AEA,EN,Towers with Display (VFR),0,14,58,0,72,0,0,387,0,387,0,14,445,0,459,406,0,406,865
07/06/2001,MMU,NJ,AEA,EN,Towers with Display (VFR),0,20,48,0,68,0,0,450,0,450,0,20,498,0,518,308,0,308,826
07/07/2001,MMU,NJ,AEA,EN,Towers with Display (VFR),0,4,28,0,32,0,0,465,0,465,0,4,493,0,497,406,0,406,903
07/08/2001,MMU,NJ,AEA,EN,Towers with Display (VFR),0,24,113,0,137,0,0,24,0,24,0,24,137,0,161,0,0,0,161
07/09/2001,MMU,NJ,AEA,EN,Towers with Display (VFR),0,28,88,0,116,0,0,526,0,526,0,28,614,0,642,386,0,386,1028
07/10/2001,MMU,NJ,AEA,EN,Towers with Display (VFR),0,26,131,0,157,0,0,376,0,376,0,26,507,0,533,238,0,238,771
07/11/2001,MMU,NJ,AEA,EN,Towers with Display (VFR),0,23,82,0,105,0,3,491,0,494,0,26,573,0,599,400,0,400,999
07/12/2001,MMU,NJ,AEA,EN,Towers with Display (VFR),0,23,78,0,101,0,1,544,0,545,0,24,622,0,646,350,0,350,996
07/13/2001,MMU,NJ,AEA,EN,Towers with Display (VFR),0,29,85,0,114,0,2,487,0,489,0,31,572,0,603,334,0,334,937
07/14/2001,MMU,NJ,AEA,EN,Towers with Display (VFR),0,13,21,0,34,0,2,429,0,431,0,15,450,0,465,302,0,302,767
07/15/2001,MMU,NJ,AEA,EN,Towers with Display (VFR),0,13,54,0,67,0,0,441,0,441,0,13,495,0,508,414,0,414,922
07/16/2001,MMU,NJ,AEA,EN,Towers with Display (VFR),0,20,84,0,104,0,12,415,0,427,0,32,499,0,531,246,0,246,777
07/17/2001,MMU,NJ,AEA,EN,Towers with Display (VFR),0,23,86,0,109,0,1,407,0,408,0,24,493,0,517,340,0,340,857
07/18/2001,MMU,NJ,AEA,EN,Towers with Display (VFR),0,22,126,0,148,0,0,280,0,280,0,22,406,0,428,302,0,302,730
07/19/2001,MMU,NJ,AEA,EN,Towers with Display (VFR),0,17,106,0,123,0,1,430,0,431,0,18,536,0,554,324,0,324,878
07/20/2001,MMU,NJ,AEA,EN,Towers with Display (VFR),0,29,85,0,114,0,0,516,0,516,0,29,601,0,630,386,0,386,1016
07/21/2001,MMU,NJ,AEA,EN,Towers with Display (VFR),0,4,34,0,38,0,6,429,0,435,0,10,463,0,473,328,0,328,801
07/22/2001,MMU,NJ,AEA,EN,Towers with Display (VFR),0,22,50,0,72,0,0,440,0,440,0,22,490,0,512,342,0,342,854
07/23/2001,MMU,NJ,AEA,EN,Towers with Display (VFR),0,17,102,0,119,0,4,459,0,463,0,21,561,0,582,410,0,410,992
07/24/2001,MMU,NJ,AEA,EN,Towers with Display (VFR),0,11,98,0,109,0,1,327,2,330,0,12,425,2,439,232,0,232,671
07/25/2001,MMU,NJ,AEA,EN,Towers with Display (VFR),0,20,103,0,123,0,3,364,0,367,0,23,467,0,490,212,0,212,702
07/26/2001,MMU,NJ,AEA,EN,Towers with Display (VFR),0,27,123,0,150,0,1,236,0,237,0,28,359,0,387,238,0,238,625
07/27/2001,MMU,NJ,AEA,EN,Towers with Display (VFR),0,19,89,2,110,0,4,446,0,450,0,23,535,2,560,426,0,426,986
07/28/2001,MMU,NJ,AEA,EN,Towers with Display (VFR),0,6,24,0,30,0,0,345,0,345,0,6,369,0,375,350,0,350,725
07/29/2001,MMU,NJ,AEA,EN,Towers with Display (VFR),0,20,54,0,74,0,0,340,0,340,0,20,394,0,414,288,0,288,702
07/30/2001,MMU,NJ,AEA,EN,Towers with Display (VFR),0,19,81,2,102,0,0,437,0,437,0,19,518,2,539,370,0,370,909
07/31/2001,MMU,NJ,AEA,EN,Towers with Display (VFR),0,13,103,2,118,0,4,486,0,490,0,17,589,2,608,206,0,206,814
08/01/2001,MMU,NJ,AEA,EN,Towers with Display (VFR),0,21,82,0,103,0,0,514,0,514,0,21,596,0,617,334,0,334,951
08/02/2001,MMU,NJ,AEA,EN,Towers with Display (VFR),0,17,73,0,90,0,0,457,0,457,0,17,530,0,547,286,0,286,833
08/03/2001,MMU,NJ,AEA,EN,Towers with Display (VFR),0,38,71,0,109,0,3,410,0,413,0,41,481,0,522,256,0,256,778
08/04/2001,MMU,NJ,AEA,EN,Towers with Display (VFR),0,2,60,0,62,0,0,9,0,9,0,2,69,0,71,0,0,0,71
08/05/2001,MMU,NJ,AEA,EN,Towers with Display (VFR),0,13,63,0,76,0,9,308,0,317,0,22,371,0,393,244,0,244,637
08/06/2001,MMU,NJ,AEA,EN,Towers with Display (VFR),0,23,80,0,103,0,18,254,0,272,0,41,334,0,375,220,0,220,595
08/07/2001,MMU,NJ,AEA,EN,Towers with Display (VFR),0,16,83,0,99,0,4,360,0,364,0,20,443,0,463,257,0,257,720
08/08/2001,MMU,NJ,AEA,EN,Towers with Display (VFR),0,17,88,0,105,0,3,391,0,394,0,20,479,0,499,288,0,288,787
08/09/2001,MMU,NJ,AEA,EN,Towers with Display (VFR),0,27,76,0,103,0,0,375,0,375,0,27,451,0,478,252,0,252,730
08/10/2001,MMU,NJ,AEA,EN,Towers with Display (VFR),0,21,87,0,108,0,0,13,0,13,0,21,100,0,121,0,0,0,121
08/11/2001,MMU,NJ,AEA,EN,Towers with Display (VFR),0,6,51,0,57,0,0,207,0,207,0,6,258,0,264,214,0,214,478
08/12/2001,MMU,NJ,AEA,EN,Towers with Display (VFR),0,15,86,0,101,0,0,0,0,0,0,15,86,0,101,0,0,0,101
08/13/2001,MMU,NJ,AEA,EN,Towers with Display (VFR),0,20,105,0,125,0,0,14,0,14,0,20,119,0,139,0,0,0,139
08/14/2001,MMU,NJ,AEA,EN,Towers with Display (VFR),0,20,86,0,106,0,0,452,0,452,0,20,538,0,558,272,0,272,830
08/15/2001,MMU,NJ,AEA,EN,Towers with Display (VFR),0,24,66,0,90,0,3,384,0,387,0,27,450,0,477,254,0,254,731
08/16/2001,MMU,NJ,AEA,EN,Towers with Display (VFR),0,15,91,0,106,0,0,468,0,468,0,15,559,0,574,228,0,228,802
08/17/2001,MMU,NJ,AEA,EN,Towers with Display (VFR),0,30,103,0,133,0,0,325,0,325,0,30,428,0,458,240,0,240,698
08/18/2001,MMU,NJ,AEA,EN,Towers with Display (VFR),0,5,31,0,36,0,0,451,0,451,0,5,482,0,487,382,0,382,869
08/19/2001,MMU,NJ,AEA,EN,Towers with Display (VFR),0,4,64,0,68,0,21,323,0,344,0,25,387,0,412,346,0,346,758
08/20/2001,MMU,NJ,AEA,EN,Towers with Display (VFR),0,21,132,0,153,0,0,138,0,138,0,21,270,0,291,80,0,80,371
08/21/2001,MMU,NJ,AEA,EN,Towers with Display (VFR),0,22,81,0,103,0,0,397,0,397,0,22,478,0,500,376,0,376,876
08/22/2001,MMU,NJ,AEA,EN,Towers with Display (VFR),0,20,71,0,91,0,7,539,10,556,0,27,610,10,647,416,0,416,1063
08/23/2001,MMU,NJ,AEA,EN,Towers with Display (VFR),0,20,118,0,138,0,5,289,0,294,0,25,407,0,432,198,0,198,630
08/24/2001,MMU,NJ,AEA,EN,Towers with Display (VFR),0,15,64,0,79,0,8,408,0,416,0,23,472,0,495,338,0,338,833
08/25/2001,MMU,NJ,AEA,EN,Towers with Display (VFR),0,5,26,0,31,0,4,373,0,377,0,9,399,0,408,382,0,382,790
08/26/2001,MMU,NJ,AEA,EN,Towers with Display (VFR),0,11,70,0,81,0,2,486,0,488,0,13,556,0,569,408,0,408,977
08/27/2001,MMU,NJ,AEA,EN,Towers with Display (VFR),0,17,71,0,88,0,0,326,0,326,0,17,397,0,414,206,0,206,620
08/28/2001,MMU,NJ,AEA,EN,Towers with Display (VFR),0,24,70,2,96,0,0,336,0,336,0,24,406,2,432,194,0,194,626
08/29/2001,MMU,NJ,AEA,EN,Towers with Display (VFR),0,21,87,1,109,0,3,650,0,653,0,24,737,1,762,338,0,338,1100
08/30/2001,MMU,NJ,AEA,EN,Towers with Display (VFR),0,25,86,5,116,0,4,443,0,447,0,29,529,5,563,312,0,312,875
08/31/2001,MMU,NJ,AEA,EN,Towers with Display (VFR),0,24,102,0,126,0,0,103,0,103,0,24,205,0,229,72,0,72,301
09/01/2001,MMU,NJ,AEA,EN,Towers with Display (VFR),0,7,31,0,38,0,1,394,0,395,0,8,425,0,433,322,0,322,755
09/02/2001,MMU,NJ,AEA,EN,Towers with Display (VFR),0,3,28,0,31,0,1,373,0,374,0,4,401,0,405,266,0,266,671
09/03/2001,MMU,NJ,AEA,EN,Towers with Display (VFR),0,12,61,0,73,0,9,375,0,384,0,21,436,0,457,310,0,310,767
09/04/2001,MMU,NJ,AEA,EN,Towers with Display (VFR),0,28,86,0,114,0,1,562,0,563,0,29,648,0,677,262,0,262,939
09/05/2001,MMU,NJ,AEA,EN,Towers with Display (VFR),0,17,108,0,125,0,1,540,0,541,0,18,648,0,666,274,0,274,940
09/06/2001,MMU,NJ,AEA,EN,Towers with Display (VFR),0,22,72,4,98,0,8,432,0,440,0,30,504,4,538,256,0,256,794
09/07/2001,MMU,NJ,AEA,EN,Towers with Display (VFR),0,20,98,0,118,0,1,410,0,411,0,21,508,0,529,282,0,282,811
09/08/2001,MMU,NJ,AEA,EN,Towers with Display (VFR),0,6,56,0,62,0,4,216,0,220,0,10,272,0,282,152,0,152,434
09/09/2001,MMU,NJ,AEA,EN,Towers with Display (VFR),0,15,52,4,71,0,0,459,0,459,0,15,511,4,530,334,0,334,864
09/10/2001,MMU,NJ,AEA,EN,Towers with Display (VFR),0,16,76,0,92,0,0,56,4,60,0,16,132,4,152,18,0,18,170
09/11/2001,MMU,NJ,AEA,EN,Towers with Display (VFR),0,0,53,0,53,0,0,37,0,37,0,0,90,0,90,6,0,6,96
09/12/2001,MMU,NJ,AEA,EN,Towers with Display (VFR),0,0,5,2,7,0,0,2,4,6,0,0,7,6,13,0,0,0,13
09/13/2001,MMU,NJ,AEA,EN,Towers with Display (VFR),0,26,9,2,37,0,0,0,0,0,0,26,9,2,37,0,0,0,37
09/14/2001,MMU,NJ,AEA,EN,Towers with Display (VFR),0,58,24,2,84,0,0,0,0,0,0,58,24,2,84,0,0,0,84
09/15/2001,MMU,NJ,AEA,EN,Towers with Display (VFR),0,22,76,0,98,0,0,0,0,0,0,22,76,0,98,0,0,0,98
09/16/2001,MMU,NJ,AEA,EN,Towers with Display (VFR),0,27,89,0,116,0,1,16,0,17,0,28,105,0,133,0,0,0,133
09/17/2001,MMU,NJ,AEA,EN,Towers with Display (VFR),0,20,109,0,129,0,8,0,0,8,0,28,109,0,137,0,0,0,137
09/18/2001,MMU,NJ,AEA,EN,Towers with Display (VFR),0,50,104,0,154,0,1,8,0,9,0,51,112,0,163,0,0,0,163
09/19/2001,MMU,NJ,AEA,EN,Towers with Display (VFR),0,38,189,0,227,0,0,0,0,0,0,38,189,0,227,0,0,0,227
09/20/2001,MMU,NJ,AEA,EN,Towers with Display (VFR),0,39,152,0,191,0,0,0,0,0,0,39,152,0,191,0,0,0,191
09/21/2001,MMU,NJ,AEA,EN,Towers with Display (VFR),0,59,186,0,245,0,0,6,0,6,0,59,192,0,251,0,0,0,251
09/22/2001,MMU,NJ,AEA,EN,Towers with Display (VFR),0,10,73,0,83,0,0,35,0,35,0,10,108,0,118,0,0,0,118
09/23/2001,MMU,NJ,AEA,EN,Towers with Display (VFR),0,23,133,0,156,0,0,16,0,16,0,23,149,0,172,0,0,0,172
09/24/2001,MMU,NJ,AEA,EN,Towers with Display (VFR),0,53,151,0,204,0,0,2,0,2,0,53,153,0,206,0,0,0,206
09/25/2001,MMU,NJ,AEA,EN,Towers with Display (VFR),0,54,202,0,256,0,0,0,0,0,0,54,202,0,256,0,0,0,256
09/26/2001,MMU,NJ,AEA,EN,Towers with Display (VFR),0,51,199,0,250,0,0,3,0,3,0,51,202,0,253,0,0,0,253
09/27/2001,MMU,NJ,AEA,EN,Towers with Display (VFR),0,52,164,0,216,0,11,67,0,78,0,63,231,0,294,40,0,40,334
09/28/2001,MMU,NJ,AEA,EN,Towers with Display (VFR),0,35,181,2,218,0,0,222,0,222,0,35,403,2,440,120,0,120,560
09/29/2001,MMU,NJ,AEA,EN,Towers with Display (VFR),0,23,63,0,86,0,0,260,0,260,0,23,323,0,346,136,0,136,482
09/30/2001,MMU,NJ,AEA,EN,Towers with Display (VFR),0,40,88,0,128,0,8,157,0,165,0,48,245,0,293,128,0,128,421
10/01/2001,MMU,NJ,AEA,EN,Towers with Display (VFR),0,49,151,0,200,0,0,318,0,318,0,49,469,0,518,104,0,104,622
10/02/2001,MMU,NJ,AEA,EN,Towers with Display (VFR),0,71,159,0,230,0,0,270,0,270,0,71,429,0,500,116,0,116,616
10/03/2001,MMU,NJ,AEA,EN,Towers with Display (VFR),0,60,150,0,210,0,0,245,0,245,0,60,395,0,455,148,0,148,603
10/04/2001,MMU,NJ,AEA,EN,Towers with Display (VFR),0,58,185,0,243,0,0,333,0,333,0,58,518,0,576,244,0,244,820
10/05/2001,MMU,NJ,AEA,EN,Towers with Display (VFR),0,64,156,0,220,0,0,264,0,264,0,64,420,0,484,198,0,198,682
10/06/2001,MMU,NJ,AEA,EN,Towers with Display (VFR),0,18,50,0,68,0,7,71,0,78,0,25,121,0,146,84,0,84,230
10/07/2001,MMU,NJ,AEA,EN,Towers with Display (VFR),0,29,70,0,99,0,0,225,0,225,0,29,295,0,324,192,0,192,516
10/08/2001,MMU,NJ,AEA,EN,Towers with Display (VFR),0,23,157,0,180,0,0,271,0,271,0,23,428,0,451,120,0,120,571
10/09/2001,MMU,NJ,AEA,EN,Towers with Display (VFR),0,36,138,0,174,0,3,217,0,220,0,39,355,0,394,114,0,114,508
10/10/2001,MMU,NJ,AEA,EN,Towers with Display (VFR),0,44,151,0,195,0,2,349,0,351,0,46,500,0,546,224,0,224,770
10/11/2001,MMU,NJ,AEA,EN,Towers with Display (VFR),0,45,162,0,207,0,1,307,0,308,0,46,469,0,515,142,0,142,657
10/12/2001,MMU,NJ,AEA,EN,Towers with Display (VFR),0,43,119,0,162,0,0,323,0,323,0,43,442,0,485,180,0,180,665
10/13/2001,MMU,NJ,AEA,EN,Towers with Display (VFR),0,29,70,0,99,0,1,235,0,236,0,30,305,0,335,254,0,254,589
10/14/2001,MMU,NJ,AEA,EN,Towers with Display (VFR),0,31,56,0,87,0,0,245,0,245,0,31,301,0,332,228,0,228,560
10/15/2001,MMU,NJ,AEA,EN,Towers with Display (VFR),0,25,125,0,150,0,3,492,0,495,0,28,617,0,645,419,0,419,1064
10/16/2001,MMU,NJ,AEA,EN,Towers with Display (VFR),0,36,112,0,148,0,0,324,0,324,0,36,436,0,472,218,0,218,690
10/17/2001,MMU,NJ,AEA,EN,Towers with Display (VFR),0,46,111,0,157,0,0,315,0,315,0,46,426,0,472,256,0,256,728
10/18/2001,MMU,NJ,AEA,EN,Towers with Display (VFR),0,43,154,0,197,0,0,361,0,361,0,43,515,0,558,248,0,248,806
10/19/2001,MMU,NJ,AEA,EN,Towers with Display (VFR),0,37,134,0,171,0,0,308,0,308,0,37,442,0,479,268,0,268,747
10/20/2001,MMU,NJ,AEA,EN,Towers with Display (VFR),0,16,45,0,61,0,1,245,0,246,0,17,290,0,307,172,0,172,479
10/21/2001,MMU,NJ,AEA,EN,Towers with Display (VFR),0,27,79,0,106,0,8,302,0,310,0,35,381,0,416,246,0,246,662
10/22/2001,MMU,NJ,AEA,EN,Towers with Display (VFR),0,41,121,0,162,0,9,306,0,315,0,50,427,0,477,194,0,194,671
10/23/2001,MMU,NJ,AEA,EN,Towers with Display (VFR),0,40,133,0,173,0,0,81,0,81,0,40,214,0,254,18,0,18,272
10/24/2001,MMU,NJ,AEA,EN,Towers with Display (VFR),0,68,115,0,183,0,0,177,0,177,0,68,292,0,360,164,0,164,524
10/25/2001,MMU,NJ,AEA,EN,Towers with Display (VFR),0,38,110,0,148,0,0,263,0,263,0,38,373,0,411,164,0,164,575
10/26/2001,MMU,NJ,AEA,EN,Towers with Display (VFR),0,33,110,0,143,0,0,249,0,249,0,33,359,0,392,154,0,154,546
10/27/2001,MMU,NJ,AEA,EN,Towers with Display (VFR),0,21,33,0,54,0,0,239,0,239,0,21,272,0,293,298,0,298,591
10/28/2001,MMU,NJ,AEA,EN,Towers with Display (VFR),0,22,60,0,82,0,1,320,0,321,0,23,380,0,403,320,0,320,723
10/29/2001,MMU,NJ,AEA,EN,Towers with Display (VFR),0,37,126,0,163,0,0,381,0,381,0,37,507,0,544,326,0,326,870
10/30/2001,MMU,NJ,AEA,EN,Towers with Display (VFR),0,40,118,2,160,0,0,284,1,285,0,40,402,3,445,268,0,268,713
10/31/2001,MMU,NJ,AEA,EN,Towers with Display (VFR),0,39,96,2,137,0,4,155,1,160,0,43,251,3,297,92,0,92,389
11/01/2001,MMU,NJ,AEA,EN,Towers with Display (VFR),0,44,147,0,191,0,0,403,0,403,0,44,550,0,594,370,0,370,964
11/02/2001,MMU,NJ,AEA,EN,Towers with Display (VFR),0,47,91,0,138,0,0,227,0,227,0,47,318,0,365,180,0,180,545
11/03/2001,MMU,NJ,AEA,EN,Towers with Display (VFR),0,21,61,0,82,0,5,184,0,189,0,26,245,0,271,240,0,240,511
11/04/2001,MMU,NJ,AEA,EN,Towers with Display (VFR),0,25,62,0,87,0,4,313,0,317,0,29,375,0,404,256,0,256,660
11/05/2001,MMU,NJ,AEA,EN,Towers with Display (VFR),0,37,83,2,122,0,13,155,0,168,0,50,238,2,290,66,0,66,356
11/06/2001,MMU,NJ,AEA,EN,Towers with Display (VFR),0,42,80,0,122,0,0,212,0,212,0,42,292,0,334,126,0,126,460
11/07/2001,MMU,NJ,AEA,EN,Towers with Display (VFR),0,42,121,0,163,0,0,360,0,360,0,42,481,0,523,234,0,234,757
11/08/2001,MMU,NJ,AEA,EN,Towers with Display (VFR),0,43,92,0,135,0,0,377,0,377,0,43,469,0,512,194,0,194,706
11/09/2001,MMU,NJ,AEA,EN,Towers with Display (VFR),0,44,99,0,143,0,2,284,0,286,0,46,383,0,429,128,0,128,557
11/10/2001,MMU,NJ,AEA,EN,Towers with Display (VFR),0,9,66,0,75,0,1,211,0,212,0,10,277,0,287,310,0,310,597
11/11/2001,MMU,NJ,AEA,EN,Towers with Display (VFR),0,31,78,0,109,0,0,177,2,179,0,31,255,2,288,142,0,142,430
11/12/2001,MMU,NJ,AEA,EN,Towers with Display (VFR),0,41,63,0,104,0,0,411,0,411,0,41,474,0,515,240,0,240,755
11/13/2001,MMU,NJ,AEA,EN,Towers with Display (VFR),0,51,114,0,165,0,0,370,0,370,0,51,484,0,535,230,0,230,765
11/14/2001,MMU,NJ,AEA,EN,Towers with Display (VFR),0,49,182,0,231,0,0,236,0,236,0,49,418,0,467,206,0,206,673
11/15/2001,MMU,NJ,AEA,EN,Towers with Display (VFR),0,42,140,0,182,0,1,220,0,221,0,43,360,0,403,264,0,264,667
11/16/2001,MMU,NJ,AEA,EN,Towers with Display (VFR),0,50,110,0,160,0,0,327,0,327,0,50,437,0,487,248,0,248,735
11/17/2001,MMU,NJ,AEA,EN,Towers with Display (VFR),0,16,71,0,87,0,2,249,0,251,0,18,320,0,338,364,0,364,702
11/18/2001,MMU,NJ,AEA,EN,Towers with Display (VFR),0,24,63,0,87,0,0,290,0,290,0,24,353,0,377,286,0,286,663
11/19/2001,MMU,NJ,AEA,EN,Towers with Display (VFR),0,44,101,0,145,0,0,159,0,159,0,44,260,0,304,148,0,148,452
11/20/2001,MMU,NJ,AEA,EN,Towers with Display (VFR),0,53,94,0,147,0,13,264,0,277,0,66,358,0,424,124,0,124,548
11/21/2001,MMU,NJ,AEA,EN,Towers with Display (VFR),0,50,127,1,178,0,2,437,0,439,0,52,564,1,617,248,0,248,865
11/22/2001,MMU,NJ,AEA,EN,Towers with Display (VFR),0,6,19,0,25,0,0,39,0,39,0,6,58,0,64,0,0,0,64
11/23/2001,MMU,NJ,AEA,EN,Towers with Display (VFR),0,17,50,0,67,0,0,269,0,269,0,17,319,0,336,282,0,282,618
11/24/2001,MMU,NJ,AEA,EN,Towers with Display (VFR),0,36,62,0,98,0,0,12,0,12,0,36,74,0,110,0,0,0,110
11/25/2001,MMU,NJ,AEA,EN,Towers with Display (VFR),0,43,89,0,132,0,0,288,2,290,0,43,377,2,422,246,0,246,668
11/26/2001,MMU,NJ,AEA,EN,Towers with Display (VFR),0,53,87,0,140,0,11,222,0,233,0,64,309,0,373,152,0,152,525
11/27/2001,MMU,NJ,AEA,EN,Towers with Display (VFR),0,46,88,0,134,0,8,334,0,342,0,54,422,0,476,168,0,168,644
11/28/2001,MMU,NJ,AEA,EN,Towers with Display (VFR),0,37,106,0,143,0,0,348,0,348,0,37,454,0,491,232,0,232,723
11/29/2001,MMU,NJ,AEA,EN,Towers with Display (VFR),0,44,97,1,142,0,0,0,0,0,0,44,97,1,142,0,0,0,142
11/30/2001,MMU,NJ,AEA,EN,Towers with Display (VFR),0,27,90,0,117,0,0,216,0,216,0,27,306,0,333,60,0,60,393
12/01/2001,MMU,NJ,AEA,EN,Towers with Display (VFR),0,10,35,0,45,0,5,351,0,356,0,15,386,0,401,308,0,308,709
12/02/2001,MMU,NJ,AEA,EN,Towers with Display (VFR),0,24,78,0,102,0,1,516,0,517,0,25,594,0,619,334,0,334,953
12/03/2001,MMU,NJ,AEA,EN,Towers with Display (VFR),0,28,132,0,160,0,5,415,0,420,0,33,547,0,580,326,0,326,906
12/04/2001,MMU,NJ,AEA,EN,Towers with Display (VFR),0,40,107,0,147,0,13,439,0,452,0,53,546,0,599,370,0,370,969
12/05/2001,MMU,NJ,AEA,EN,Towers with Display (VFR),0,46,120,2,168,0,0,438,0,438,0,46,558,2,606,326,0,326,932
12/06/2001,MMU,NJ,AEA,EN,Towers with Display (VFR),0,48,127,0,175,0,2,414,0,416,0,50,541,0,591,270,0,270,861
12/07/2001,MMU,NJ,AEA,EN,Towers with Display (VFR),0,40,103,2,145,0,0,357,0,357,0,40,460,2,502,204,0,204,706
12/08/2001,MMU,NJ,AEA,EN,Towers with Display (VFR),0,14,52,0,66,0,0,218,0,218,0,14,270,0,284,262,0,262,546
12/09/2001,MMU,NJ,AEA,EN,Towers with Display (VFR),0,27,52,0,79,0,0,253,0,253,0,27,305,0,332,192,0,192,524
12/10/2001,MMU,NJ,AEA,EN,Towers with Display (VFR),0,41,122,0,163,0,0,477,0,477,0,41,599,0,640,302,0,302,942
12/11/2001,MMU,NJ,AEA,EN,Towers with Display (VFR),2,51,110,2,165,0,0,421,0,421,2,51,531,2,586,198,0,198,784
12/12/2001,MMU,NJ,AEA,EN,Towers with Display (VFR),0,52,70,0,122,0,0,242,0,242,0,52,312,0,364,198,0,198,562
12/13/2001,MMU,NJ,AEA,EN,Towers with Display (VFR),0,33,124,0,157,0,0,1,0,1,0,33,125,0,158,0,0,0,158
12/14/2001,MMU,NJ,AEA,EN,Towers with Display (VFR),0,38,88,0,126,0,1,0,0,1,0,39,88,0,127,0,0,0,127
12/15/2001,MMU,NJ,AEA,EN,Towers with Display (VFR),0,9,28,0,37,0,0,304,0,304,0,9,332,0,341,46,0,46,387
12/16/2001,MMU,NJ,AEA,EN,Towers with Display (VFR),0,16,41,0,57,0,0,368,0,368,0,16,409,0,425,352,0,352,777
12/17/2001,MMU,NJ,AEA,EN,Towers with Display (VFR),0,37,89,0,126,0,0,210,0,210,0,37,299,0,336,6,0,6,342
12/18/2001,MMU,NJ,AEA,EN,Towers with Display (VFR),0,51,96,0,147,0,0,228,0,228,0,51,324,0,375,150,0,150,525
12/19/2001,MMU,NJ,AEA,EN,Towers with Display (VFR),0,42,108,0,150,0,1,480,0,481,0,43,588,0,631,296,0,296,927
12/20/2001,MMU,NJ,AEA,EN,Towers with Display (VFR),0,39,76,0,115,0,0,322,0,322,0,39,398,0,437,114,0,114,551
12/21/2001,MMU,NJ,AEA,EN,Towers with Display (VFR),0,38,82,0,120,0,0,215,0,215,0,38,297,0,335,94,0,94,429
12/22/2001,MMU,NJ,AEA,EN,Towers with Display (VFR),0,35,39,0,74,0,13,285,0,298,0,48,324,0,372,206,0,206,578
12/23/2001,MMU,NJ,AEA,EN,Towers with Display (VFR),0,8,26,0,34,0,0,345,0,345,0,8,371,0,379,226,0,226,605
12/24/2001,MMU,NJ,AEA,EN,Towers with Display (VFR),0,21,16,0,37,0,0,291,0,291,0,21,307,0,328,162,0,162,490
12/25/2001,MMU,NJ,AEA,EN,Towers with Display (VFR),0,10,20,0,30,0,0,369,0,369,0,10,389,0,399,134,0,134,533
12/26/2001,MMU,NJ,AEA,EN,Towers with Display (VFR),0,39,66,0,105,0,0,408,0,408,0,39,474,0,513,278,0,278,791
12/27/2001,MMU,NJ,AEA,EN,Towers with Display (VFR),0,19,56,0,75,0,0,365,0,365,0,19,421,0,440,240,0,240,680
12/28/2001,MMU,NJ,AEA,EN,Towers with Display (VFR),0,26,41,0,67,0,15,303,0,318,0,41,344,0,385,192,0,192,577
12/29/2001,MMU,NJ,AEA,EN,Towers with Display (VFR),0,21,43,0,64,0,0,259,0,259,0,21,302,0,323,212,0,212,535
12/30/2001,MMU,NJ,AEA,EN,Towers with Display (VFR),0,17,30,0,47,0,10,337,0,347,0,27,367,0,394,278,0,278,672
12/31/2001,MMU,NJ,AEA,EN,Towers with Display (VFR),0,19,17,0,36,0,0,294,0,294,0,19,311,0,330,142,0,142,472
01/01/2002,MMU,NJ,AEA,EN,Towers with Display (VFR),0,29,38,0,67,0,0,185,0,185,0,29,223,0,252,194,0,194,446
01/02/2002,MMU,NJ,AEA,EN,Towers with Display (VFR),0,29,63,0,92,0,3,352,0,355,0,32,415,0,447,178,0,178,625
01/03/2002,MMU,NJ,AEA,EN,Towers with Display (VFR),0,35,52,0,87,0,0,409,2,411,0,35,461,2,498,302,0,302,800
01/04/2002,MMU,NJ,AEA,EN,Towers with Display (VFR),0,23,58,0,81,0,20,304,0,324,0,43,362,0,405,194,0,194,599
01/05/2002,MMU,NJ,AEA,EN,Towers with Display (VFR),0,9,40,0,49,0,0,419,0,419,0,9,459,0,468,364,0,364,832
01/06/2002,MMU,NJ,AEA,EN,Towers with Display (VFR),0,12,40,0,52,0,12,156,0,168,0,24,196,0,220,284,0,284,504
01/07/2002,MMU,NJ,AEA,EN,Towers with Display (VFR),0,24,64,0,88,0,0,15,0,15,0,24,79,0,103,0,0,0,103
01/08/2002,MMU,NJ,AEA,EN,Towers with Display (VFR),0,28,73,0,101,0,0,351,0,351,0,28,424,0,452,86,0,86,538
01/09/2002,MMU,NJ,AEA,EN,Towers with Display (VFR),0,26,76,0,102,0,0,280,0,280,0,26,356,0,382,140,0,140,522
01/10/2002,MMU,NJ,AEA,EN,Towers with Display (VFR),0,35,74,0,109,0,22,359,0,381,0,57,433,0,490,196,0,196,686
01/11/2002,MMU,NJ,AEA,EN,Towers with Display (VFR),0,32,73,0,105,0,0,238,0,238,0,32,311,0,343,46,0,46,389
01/12/2002,MMU,NJ,AEA,EN,Towers with Display (VFR),0,17,16,0,33,0,4,370,0,374,0,21,386,0,407,258,0,258,665
01/13/2002,MMU,NJ,AEA,EN,Towers with Display (VFR),0,21,41,0,62,0,0,309,0,309,0,21,350,0,371,84,0,84,455
01/14/2002,MMU,NJ,AEA,EN,Towers with Display (VFR),0,27,97,2,126,0,9,368,0,377,0,36,465,2,503,216,0,216,719
01/15/2002,MMU,NJ,AEA,EN,Towers with Display (VFR),0,35,79,0,114,0,0,381,0,381,0,35,460,0,495,112,0,112,607
01/16/2002,MMU,NJ,AEA,EN,Towers with Display (VFR),0,29,93,2,124,0,0,444,0,444,0,29,537,2,568,210,0,210,778
01/17/2002,MMU,NJ,AEA,EN,Towers with Display (VFR),0,29,115,0,144,0,11,371,2,384,0,40,486,2,528,176,0,176,704
01/18/2002,MMU,NJ,AEA,EN,Towers with Display (VFR),0,27,62,0,89,0,0,291,2,293,0,27,353,2,382,106,0,106,488
01/19/2002,MMU,NJ,AEA,EN,Towers with Display (VFR),0,7,18,0,25,0,0,89,0,89,0,7,107,0,114,110,0,110,224
01/20/2002,MMU,NJ,AEA,EN,Towers with Display (VFR),0,16,25,0,41,0,0,264,0,264,0,16,289,0,305,232,0,232,537
01/21/2002,MMU,NJ,AEA,EN,Towers with Display (VFR),0,20,87,0,107,0,3,167,0,170,0,23,254,0,277,26,0,26,303
01/22/2002,MMU,NJ,AEA,EN,Towers with Display (VFR),0,41,83,0,124,0,0,551,0,551,0,41,634,0,675,306,0,306,981
01/23/2002,MMU,NJ,AEA,EN,Towers with Display (VFR),0,30,92,0,122,0,0,138,0,138,0,30,230,0,260,158,0,158,418
01/24/2002,MMU,NJ,AEA,EN,Towers with Display (VFR),0,38,87,0,125,0,0,10,0,10,0,38,97,0,135,0,0,0,135
01/25/2002,MMU,NJ,AEA,EN,Towers with Display (VFR),0,19,74,0,93,0,8,317,0,325,0,27,391,0,418,132,0,132,550
01/26/2002,MMU,NJ,AEA,EN,Towers with Display (VFR),0,7,38,0,45,0,0,292,0,292,0,7,330,0,337,160,0,160,497
01/27/2002,MMU,NJ,AEA,EN,Towers with Display (VFR),0,18,46,0,64,0,3,496,0,499,0,21,542,0,563,336,0,336,899
01/28/2002,MMU,NJ,AEA,EN,Towers with Display (VFR),0,19,88,0,107,0,2,386,0,388,0,21,474,0,495,268,0,268,763
01/29/2002,MMU,NJ,AEA,EN,Towers with Display (VFR),0,32,106,0,138,0,0,420,0,420,0,32,526,0,558,186,0,186,744
01/30/2002,MMU,NJ,AEA,EN,Towers with Display (VFR),0,34,90,0,124,0,10,315,0,325,0,44,405,0,449,146,0,146,595
01/31/2002,MMU,NJ,AEA,EN,Towers with Display (VFR),0,48,81,0,129,0,0,0,0,0,0,48,81,0,129,0,0,0,129
02/01/2002,MMU,NJ,AEA,EN,Towers with Display (VFR),0,42,89,0,131,0,1,14,0,15,0,43,103,0,146,0,0,0,146
02/02/2002,MMU,NJ,AEA,EN,Towers with Display (VFR),0,19,24,0,43,0,3,248,2,253,0,22,272,2,296,130,0,130,426
02/03/2002,MMU,NJ,AEA,EN,Towers with Display (VFR),0,17,47,0,64,0,0,409,0,409,0,17,456,0,473,234,0,234,707
02/04/2002,MMU,NJ,AEA,EN,Towers with Display (VFR),0,25,77,0,102,0,0,401,2,403,0,25,478,2,505,238,0,238,743
02/05/2002,MMU,NJ,AEA,EN,Towers with Display (VFR),0,31,89,0,120,0,0,302,0,302,0,31,391,0,422,120,0,120,542
02/06/2002,MMU,NJ,AEA,EN,Towers with Display (VFR),0,34,104,0,138,0,0,441,0,441,0,34,545,0,579,302,0,302,881
02/07/2002,MMU,NJ,AEA,EN,Towers with Display (VFR),0,49,85,2,136,0,0,128,0,128,0,49,213,2,264,112,0,112,376
02/08/2002,MMU,NJ,AEA,EN,Towers with Display (VFR),0,44,83,0,127,0,0,277,4,281,0,44,360,4,408,188,0,188,596
02/09/2002,MMU,NJ,AEA,EN,Towers with Display (VFR),0,8,25,0,33,0,0,394,0,394,0,8,419,0,427,292,0,292,719
02/10/2002,MMU,NJ,AEA,EN,Towers with Display (VFR),0,16,56,0,72,0,0,240,0,240,0,16,296,0,312,232,0,232,544
02/11/2002,MMU,NJ,AEA,EN,Towers with Display (VFR),0,34,69,0,103,0,5,344,0,349,0,39,413,0,452,56,0,56,508
02/12/2002,MMU,NJ,AEA,EN,Towers with Display (VFR),0,32,79,0,111,0,0,385,0,385,0,32,464,0,496,94,0,94,590
02/13/2002,MMU,NJ,AEA,EN,Towers with Display (VFR),0,28,63,0,91,0,0,334,0,334,0,28,397,0,425,118,0,118,543
02/14/2002,MMU,NJ,AEA,EN,Towers with Display (VFR),0,48,70,0,118,0,0,373,0,373,0,48,443,0,491,174,0,174,665
02/15/2002,MMU,NJ,AEA,EN,Towers with Display (VFR),0,30,94,0,124,0,0,286,0,286,0,30,380,0,410,114,0,114,524
02/16/2002,MMU,NJ,AEA,EN,Towers with Display (VFR),0,29,44,0,73,0,0,376,0,376,0,29,420,0,449,200,0,200,649
02/17/2002,MMU,NJ,AEA,EN,Towers with Display (VFR),0,17,44,0,61,0,1,262,0,263,0,18,306,0,324,130,0,130,454
02/18/2002,MMU,NJ,AEA,EN,Towers with Display (VFR),0,32,77,0,109,0,8,449,0,457,0,40,526,0,566,228,0,228,794
02/19/2002,MMU,NJ,AEA,EN,Towers with Display (VFR),0,32,106,0,138,0,0,447,0,447,0,32,553,0,585,196,0,196,781
02/20/2002,MMU,NJ,AEA,EN,Towers with Display (VFR),0,34,68,2,104,0,2,401,0,403,0,36,469,2,507,226,0,226,733
02/21/2002,MMU,NJ,AEA,EN,Towers with Display (VFR),0,28,148,0,176,0,0,307,0,307,0,28,455,0,483,178,0,178,661
02/22/2002,MMU,NJ,AEA,EN,Towers with Display (VFR),0,33,65,0,98,0,0,373,0,373,0,33,438,0,471,146,0,146,617
02/23/2002,MMU,NJ,AEA,EN,Towers with Display (VFR),0,17,28,0,45,0,1,365,0,366,0,18,393,0,411,262,0,262,673
02/24/2002,MMU,NJ,AEA,EN,Towers with Display (VFR),0,28,49,0,77,0,1,456,0,457,0,29,505,0,534,366,0,366,900
02/25/2002,MMU,NJ,AEA,EN,Towers with Display (VFR),0,19,74,0,93,0,1,361,0,362,0,20,435,0,455,142,0,142,597
02/26/2002,MMU,NJ,AEA,EN,Towers with Display (VFR),0,34,106,0,140,0,0,310,0,310,0,34,416,0,450,128,0,128,578
02/27/2002,MMU,NJ,AEA,EN,Towers with Display (VFR),0,26,66,0,92,0,0,256,0,256,0,26,322,0,348,174,0,174,522
02/28/2002,MMU,NJ,AEA,EN,Towers with Display (VFR),0,9,20,0,29,0,20,558,0,578,0,29,578,0,607,206,0,206,813
03/01/2002,MMU,NJ,AEA,EN,Towers with Display (VFR),0,37,88,0,125,0,1,391,0,392,0,38,479,0,517,274,0,274,791
03/02/2002,MMU,NJ,AEA,EN,Towers with Display (VFR),0,7,28,0,35,0,2,252,0,254,0,9,280,0,289,160,0,160,449
03/03/2002,MMU,NJ,AEA,EN,Towers with Display (VFR),0,23,60,0,83,0,1,232,0,233,0,24,292,0,316,250,0,250,566
03/04/2002,MMU,NJ,AEA,EN,Towers with Display (VFR),0,31,69,0,100,0,1,475,0,476,0,32,544,0,576,158,0,158,734
03/05/2002,MMU,NJ,AEA,EN,Towers with Display (VFR),0,56,91,0,147,0,1,445,0,446,0,57,536,0,593,206,0,206,799
03/06/2002,MMU,NJ,AEA,EN,Towers with Display (VFR),0,62,112,0,174,0,1,461,0,462,0,63,573,0,636,328,0,328,964
03/07/2002,MMU,NJ,AEA,EN,Towers with Display (VFR),0,30,73,0,103,0,1,516,0,517,0,31,589,0,620,350,0,350,970
03/08/2002,MMU,NJ,AEA,EN,Towers with Display (VFR),0,41,95,0,136,0,1,296,0,297,0,42,391,0,433,180,0,180,613
03/09/2002,MMU,NJ,AEA,EN,Towers with Display (VFR),0,22,56,0,78,0,0,160,0,160,0,22,216,0,238,166,0,166,404
03/10/2002,MMU,NJ,AEA,EN,Towers with Display (VFR),0,25,63,0,88,0,0,137,0,137,0,25,200,0,225,4,0,4,229
03/11/2002,MMU,NJ,AEA,EN,Towers with Display (VFR),0,26,82,0,108,0,0,455,0,455,0,26,537,0,563,232,0,232,795
03/12/2002,MMU,NJ,AEA,EN,Towers with Display (VFR),0,47,95,3,145,0,0,357,0,357,0,47,452,3,502,332,0,332,834
03/13/2002,MMU,NJ,AEA,EN,Towers with Display (VFR),0,30,95,0,125,0,0,0,2,2,0,30,95,2,127,0,0,0,127
03/14/2002,MMU,NJ,AEA,EN,Towers with Display (VFR),0,29,97,2,128,0,0,396,0,396,0,29,493,2,524,308,0,308,832
03/15/2002,MMU,NJ,AEA,EN,Towers with Display (VFR),0,27,107,0,134,0,0,291,0,291,0,27,398,0,425,260,0,260,685
03/16/2002,MMU,NJ,AEA,EN,Towers with Display (VFR),0,14,51,0,65,0,3,227,0,230,0,17,278,0,295,250,0,250,545
03/17/2002,MMU,NJ,AEA,EN,Towers with Display (VFR),0,16,38,0,54,0,10,435,0,445,0,26,473,0,499,398,0,398,897
03/18/2002,MMU,NJ,AEA,EN,Towers with Display (VFR),0,25,80,0,105,0,0,73,0,73,0,25,153,0,178,0,0,0,178
03/19/2002,MMU,NJ,AEA,EN,Towers with Display (VFR),0,23,93,1,117,0,19,375,0,394,0,42,468,1,511,192,0,192,703
03/20/2002,MMU,NJ,AEA,EN,Towers with Display (VFR),0,41,79,0,120,0,2,4,0,6,0,43,83,0,126,0,0,0,126
03/21/2002,MMU,NJ,AEA,EN,Towers with Display (VFR),0,40,112,0,152,0,0,448,0,448,0,40,560,0,600,291,0,291,891
03/22/2002,MMU,NJ,AEA,EN,Towers with Display (VFR),0,35,70,4,109,0,0,296,4,300,0,35,366,8,409,174,0,174,583
03/23/2002,MMU,NJ,AEA,EN,Towers with Display (VFR),0,20,24,1,45,0,0,274,1,275,0,20,298,2,320,230,0,230,550
03/24/2002,MMU,NJ,AEA,EN,Towers with Display (VFR),0,38,67,0,105,0,0,427,0,427,0,38,494,0,532,462,0,462,994
03/25/2002,MMU,NJ,AEA,EN,Towers with Display (VFR),0,29,103,0,132,0,0,397,0,397,0,29,500,0,529,268,0,268,797
03/26/2002,MMU,NJ,AEA,EN,Towers with Display (VFR),0,18,76,0,94,0,0,73,0,73,0,18,149,0,167,32,0,32,199
03/27/2002,MMU,NJ,AEA,EN,Towers with Display (VFR),0,34,87,0,121,0,0,408,0,408,0,34,495,0,529,188,0,188,717
03/28/2002,MMU,NJ,AEA,EN,Towers with Display (VFR),0,37,132,0,169,0,0,410,0,410,0,37,542,0,579,286,0,286,865
03/29/2002,MMU,NJ,AEA,EN,Towers with Display (VFR),0,12,69,0,81,0,0,401,0,401,0,12,470,0,482,280,0,280,762
03/30/2002,MMU,NJ,AEA,EN,Towers with Display (VFR),0,12,28,0,40,0,0,348,0,348,0,12,376,0,388,314,0,314,702
03/31/2002,MMU,NJ,AEA,EN,Towers with Display (VFR),0,17,49,0,66,0,4,181,0,185,0,21,230,0,251,198,0,198,449
04/01/2002,MMU,NJ,AEA,EN,Towers with Display (VFR),0,28,84,0,112,0,0,345,0,345,0,28,429,0,457,192,0,192,649
04/02/2002,MMU,NJ,AEA,EN,Towers with Display (VFR),0,37,63,0,100,0,0,412,0,412,0,37,475,0,512,286,0,286,798
04/03/2002,MMU,NJ,AEA,EN,Towers with Display (VFR),0,18,67,0,85,0,0,187,0,187,0,18,254,0,272,124,0,124,396
04/04/2002,MMU,NJ,AEA,EN,Towers with Display (VFR),0,20,89,0,109,0,0,396,0,396,0,20,485,0,505,364,0,364,869
04/05/2002,MMU,NJ,AEA,EN,Towers with Display (VFR),0,31,101,0,132,0,0,376,0,376,0,31,477,0,508,252,0,252,760
04/06/2002,MMU,NJ,AEA,EN,Towers with Display (VFR),0,17,40,0,57,0,0,288,2,290,0,17,328,2,347,336,0,336,683
04/07/2002,MMU,NJ,AEA,EN,Towers with Display (VFR),0,28,42,2,72,0,0,473,0,473,0,28,515,2,545,530,0,530,1075
04/08/2002,MMU,NJ,AEA,EN,Towers with Display (VFR),0,20,90,0,110,0,5,412,0,417,0,25,502,0,527,300,0,300,827
04/09/2002,MMU,NJ,AEA,EN,Towers with Display (VFR),0,37,93,0,130,0,0,403,8,411,0,37,496,8,541,300,0,300,841
04/10/2002,MMU,NJ,AEA,EN,Towers with Display (VFR),0,29,105,0,134,0,0,533,0,533,0,29,638,0,667,364,0,364,1031
04/11/2002,MMU,NJ,AEA,EN,Towers with Display (VFR),0,28,91,0,119,0,0,462,0,462,0,28,553,0,581,355,0,355,936
04/12/2002,MMU,NJ,AEA,EN,Towers with Display (VFR),0,30,114,0,144,0,0,150,0,150,0,30,264,0,294,108,0,108,402
04/13/2002,MMU,NJ,AEA,EN,Towers with Display (VFR),0,17,56,0,73,0,4,150,0,154,0,21,206,0,227,154,0,154,381
04/14/2002,MMU,NJ,AEA,EN,Towers with Display (VFR),0,33,52,0,85,0,0,374,0,374,0,33,426,0,459,318,0,318,777
04/15/2002,MMU,NJ,AEA,EN,Towers with Display (VFR),0,39,99,0,138,0,20,407,0,427,0,59,506,0,565,256,0,256,821
04/16/2002,MMU,NJ,AEA,EN,Towers with Display (VFR),0,30,103,0,133,0,6,508,0,514,0,36,611,0,647,298,0,298,945
04/17/2002,MMU,NJ,AEA,EN,Towers with Display (VFR),0,41,99,0,140,0,3,539,2,544,0,44,638,2,684,316,0,316,1000
04/18/2002,MMU,NJ,AEA,EN,Towers with Display (VFR),0,25,94,0,119,0,0,366,0,366,0,25,460,0,485,318,0,318,803
04/19/2002,MMU,NJ,AEA,EN,Towers with Display (VFR),0,31,68,0,99,0,0,274,0,274,0,31,342,0,373,200,0,200,573
04/20/2002,MMU,NJ,AEA,EN,Towers with Display (VFR),0,12,46,0,58,0,7,318,0,325,0,19,364,0,383,198,0,198,581
04/21/2002,MMU,NJ,AEA,EN,Towers with Display (VFR),0,37,42,0,79,0,0,472,0,472,0,37,514,0,551,370,0,370,921
04/22/2002,MMU,NJ,AEA,EN,Towers with Display (VFR),0,39,112,0,151,0,7,156,0,163,0,46,268,0,314,38,0,38,352
04/23/2002,MMU,NJ,AEA,EN,Towers with Display (VFR),0,26,113,0,139,0,23,506,0,529,0,49,619,0,668,240,0,240,908
04/24/2002,MMU,NJ,AEA,EN,Towers with Display (VFR),0,34,103,0,137,0,8,484,0,492,0,42,587,0,629,260,0,260,889
04/25/2002,MMU,NJ,AEA,EN,Towers with Display (VFR),0,23,100,0,123,0,0,175,0,175,0,23,275,0,298,62,0,62,360
04/26/2002,MMU,NJ,AEA,EN,Towers with Display (VFR),0,32,93,0,125,0,0,415,0,415,0,32,508,0,540,218,0,218,758
04/27/2002,MMU,NJ,AEA,EN,Towers with Display (VFR),0,12,33,0,45,0,4,436,0,440,0,16,469,0,485,364,0,364,849
04/28/2002,MMU,NJ,AEA,EN,Towers with Display (VFR),0,15,79,0,94,0,0,0,0,0,0,15,79,0,94,0,0,0,94
04/29/2002,MMU,NJ,AEA,EN,Towers with Display (VFR),0,30,97,0,127,0,21,463,0,484,0,51,560,0,611,106,0,106,717
04/30/2002,MMU,NJ,AEA,EN,Towers with Display (VFR),0,42,107,0,149,0,0,476,0,476,0,42,583,0,625,274,0,274,899
05/01/2002,MMU,NJ,AEA,EN,Towers with Display (VFR),0,38,123,0,161,0,7,421,0,428,0,45,544,0,589,288,0,288,877
05/02/2002,MMU,NJ,AEA,EN,Towers with Display (VFR),0,14,90,0,104,0,0,0,0,0,0,14,90,0,104,0,0,0,104
05/03/2002,MMU,NJ,AEA,EN,Towers with Display (VFR),0,37,96,0,133,0,0,316,0,316,0,37,412,0,449,68,0,68,517
05/04/2002,MMU,NJ,AEA,EN,Towers with Display (VFR),0,12,29,0,41,0,3,434,0,437,0,15,463,0,478,8,0,8,486
05/05/2002,MMU,NJ,AEA,EN,Towers with Display (VFR),0,9,40,0,49,0,12,556,0,568,0,21,596,0,617,0,0,0,617
05/06/2002,MMU,NJ,AEA,EN,Towers with Display (VFR),0,18,108,0,126,0,0,407,0,407,0,18,515,0,533,0,0,0,533
05/07/2002,MMU,NJ,AEA,EN,Towers with Display (VFR),0,29,99,0,128,0,1,379,0,380,0,30,478,0,508,18,0,18,526
05/08/2002,MMU,NJ,AEA,EN,Towers with Display (VFR),0,27,92,0,119,0,0,509,0,509,0,27,601,0,628,96,0,96,724
05/09/2002,MMU,NJ,AEA,EN,Towers with Display (VFR),0,22,130,0,152,0,0,173,0,173,0,22,303,0,325,78,0,78,403
05/10/2002,MMU,NJ,AEA,EN,Towers with Display (VFR),0,36,96,0,132,0,0,421,0,421,0,36,517,0,553,240,0,240,793
05/11/2002,MMU,NJ,AEA,EN,Towers with Display (VFR),0,17,33,0,50,0,8,499,0,507,0,25,532,0,557,366,0,366,923
05/12/2002,MMU,NJ,AEA,EN,Towers with Display (VFR),0,20,70,0,90,0,0,25,0,25,0,20,95,0,115,46,0,46,161
05/13/2002,MMU,NJ,AEA,EN,Towers with Display (VFR),0,57,89,0,146,0,0,51,0,51,0,57,140,0,197,0,0,0,197
05/14/2002,MMU,NJ,AEA,EN,Towers with Display (VFR),0,23,99,0,122,0,0,321,0,321,0,23,420,0,443,78,0,78,521
05/15/2002,MMU,NJ,AEA,EN,Towers with Display (VFR),0,32,73,0,105,0,0,289,0,289,0,32,362,0,394,30,0,30,424
05/16/2002,MMU,NJ,AEA,EN,Towers with Display (VFR),0,29,115,0,144,0,0,461,0,461,0,29,576,0,605,292,0,292,897
05/17/2002,MMU,NJ,AEA,EN,Towers with Display (VFR),0,24,108,0,132,0,0,473,0,473,0,24,581,0,605,298,0,298,903
05/18/2002,MMU,NJ,AEA,EN,Towers with Display (VFR),0,15,36,0,51,0,4,108,0,112,0,19,144,0,163,30,0,30,193
05/19/2002,MMU,NJ,AEA,EN,Towers with Display (VFR),0,19,76,0,95,0,22,553,0,575,0,41,629,0,670,444,0,444,1114
05/20/2002,MMU,NJ,AEA,EN,Towers with Display (VFR),0,23,100,0,123,0,4,375,0,379,0,27,475,0,502,304,0,304,806
05/21/2002,MMU,NJ,AEA,EN,Towers with Display (VFR),0,21,97,2,120,0,4,397,0,401,0,25,494,2,521,270,0,270,791
05/22/2002,MMU,NJ,AEA,EN,Towers with Display (VFR),0,26,111,0,137,0,5,394,2,401,0,31,505,2,538,308,0,308,846
05/23/2002,MMU,NJ,AEA,EN,Towers with Display (VFR),0,30,101,0,131,0,0,459,0,459,0,30,560,0,590,212,0,212,802
05/24/2002,MMU,NJ,AEA,EN,Towers with Display (VFR),0,36,90,0,126,0,3,436,0,439,0,39,526,0,565,236,0,236,801
05/25/2002,MMU,NJ,AEA,EN,Towers with Display (VFR),0,12,31,0,43,0,2,375,0,377,0,14,406,0,420,280,0,280,700
05/26/2002,MMU,NJ,AEA,EN,Towers with Display (VFR),0,15,40,0,55,0,0,126,0,126,0,15,166,0,181,158,0,158,339
05/27/2002,MMU,NJ,AEA,EN,Towers with Display (VFR),0,36,81,0,117,0,0,315,0,315,0,36,396,0,432,244,0,244,676
05/28/2002,MMU,NJ,AEA,EN,Towers with Display (VFR),0,34,96,0,130,0,0,409,0,409,0,34,505,0,539,340,0,340,879
05/29/2002,MMU,NJ,AEA,EN,Towers with Display (VFR),0,32,97,2,131,0,1,204,2,207,0,33,301,4,338,200,0,200,538
05/30/2002,MMU,NJ,AEA,EN,Towers with Display (VFR),0,12,122,0,134,0,0,355,0,355,0,12,477,0,489,288,0,288,777
05/31/2002,MMU,NJ,AEA,EN,Towers with Display (VFR),0,23,86,0,109,0,0,237,12,249,0,23,323,12,358,134,0,134,492
06/01/2002,MMU,NJ,AEA,EN,Towers with Display (VFR),0,12,53,0,65,0,1,485,0,486,0,13,538,0,551,280,0,280,831
06/02/2002,MMU,NJ,AEA,EN,Towers with Display (VFR),0,23,55,0,78,0,1,574,0,575,0,24,629,0,653,314,0,314,967
06/03/2002,MMU,NJ,AEA,EN,Towers with Display (VFR),0,20,100,0,120,0,1,633,0,634,0,21,733,0,754,302,0,302,1056
06/04/2002,MMU,NJ,AEA,EN,Towers with Display (VFR),0,24,105,0,129,0,6,399,0,405,0,30,504,0,534,214,0,214,748
06/05/2002,MMU,NJ,AEA,EN,Towers with Display (VFR),0,34,105,0,139,0,1,301,0,302,0,35,406,0,441,190,0,190,631
06/06/2002,MMU,NJ,AEA,EN,Towers with Display (VFR),0,34,107,6,147,0,1,234,0,235,0,35,341,6,382,108,0,108,490
06/07/2002,MMU,NJ,AEA,EN,Towers with Display (VFR),0,32,99,2,133,0,3,389,0,392,0,35,488,2,525,120,0,120,645
06/08/2002,MMU,NJ,AEA,EN,Towers with Display (VFR),0,15,57,0,72,0,3,469,0,472,0,18,526,0,544,394,0,394,938
06/09/2002,MMU,NJ,AEA,EN,Towers with Display (VFR),0,27,60,0,87,0,4,471,0,475,0,31,531,0,562,350,0,350,912
06/10/2002,MMU,NJ,AEA,EN,Towers with Display (VFR),0,21,106,0,127,0,8,441,0,449,0,29,547,0,576,304,0,304,880
06/11/2002,MMU,NJ,AEA,EN,Towers with Display (VFR),0,23,96,0,119,0,1,346,0,347,0,24,442,0,466,154,0,154,620
06/12/2002,MMU,NJ,AEA,EN,Towers with Display (VFR),0,36,111,0,147,0,3,230,0,233,0,39,341,0,380,148,0,148,528
06/13/2002,MMU,NJ,AEA,EN,Towers with Display (VFR),0,28,110,0,138,0,1,265,0,266,0,29,375,0,404,158,0,158,562
06/14/2002,MMU,NJ,AEA,EN,Towers with Display (VFR),0,32,91,0,123,0,0,0,0,0,0,32,91,0,123,0,0,0,123
06/15/2002,MMU,NJ,AEA,EN,Towers with Display (VFR),0,18,94,0,112,0,0,13,0,13,0,18,107,0,125,68,0,68,193
06/16/2002,MMU,NJ,AEA,EN,Towers with Display (VFR),0,21,62,0,83,0,4,415,0,419,0,25,477,0,502,322,0,322,824
06/17/2002,MMU,NJ,AEA,EN,Towers with Display (VFR),0,42,86,2,130,0,0,447,0,447,0,42,533,2,577,326,0,326,903
06/18/2002,MMU,NJ,AEA,EN,Towers with Display (VFR),0,28,95,2,125,0,4,442,0,446,0,32,537,2,571,308,0,308,879
06/19/2002,MMU,NJ,AEA,EN,Towers with Display (VFR),0,42,97,0,139,0,6,385,0,391,0,48,482,0,530,266,0,266,796
06/20/2002,MMU,NJ,AEA,EN,Towers with Display (VFR),0,32,99,0,131,0,0,391,0,391,0,32,490,0,522,300,0,300,822
06/21/2002,MMU,NJ,AEA,EN,Towers with Display (VFR),0,31,93,0,124,0,0,575,0,575,0,31,668,0,699,370,0,370,1069
06/22/2002,MMU,NJ,AEA,EN,Towers with Display (VFR),0,17,36,0,53,0,13,464,6,483,0,30,500,6,536,424,0,424,960
06/23/2002,MMU,NJ,AEA,EN,Towers with Display (VFR),0,24,87,0,111,0,0,490,0,490,0,24,577,0,601,424,0,424,1025
06/24/2002,MMU,NJ,AEA,EN,Towers with Display (VFR),0,28,48,0,76,0,22,532,8,562,0,50,580,8,638,318,0,318,956
06/25/2002,MMU,NJ,AEA,EN,Towers with Display (VFR),0,36,76,0,112,0,0,483,0,483,0,36,559,0,595,360,0,360,955
06/26/2002,MMU,NJ,AEA,EN,Towers with Display (VFR),0,30,93,0,123,0,7,334,2,343,0,37,427,2,466,148,0,148,614
06/27/2002,MMU,NJ,AEA,EN,Towers with Display (VFR),0,38,82,0,120,0,0,328,0,328,0,38,410,0,448,220,0,220,668
06/28/2002,MMU,NJ,AEA,EN,Towers with Display (VFR),0,42,107,0,149,0,0,373,0,373,0,42,480,0,522,204,0,204,726
06/29/2002,MMU,NJ,AEA,EN,Towers with Display (VFR),0,16,50,0,66,0,0,463,0,463,0,16,513,0,529,344,0,344,873
06/30/2002,MMU,NJ,AEA,EN,Towers with Display (VFR),0,19,54,0,73,0,5,471,0,476,0,24,525,0,549,558,0,558,1107
07/01/2002,MMU,NJ,AEA,EN,Towers with Display (VFR),0,25,92,0,117,0,0,436,0,436,0,25,528,0,553,372,0,372,925
07/02/2002,MMU,NJ,AEA,EN,Towers with Display (VFR),0,40,80,0,120,0,25,316,0,341,0,65,396,0,461,234,0,234,695
07/03/2002,MMU,NJ,AEA,EN,Towers with Display (VFR),0,33,70,0,103,0,2,293,0,295,0,35,363,0,398,172,0,172,570
07/04/2002,MMU,NJ,AEA,EN,Towers with Display (VFR),0,7,21,0,28,0,8,239,2,249,0,15,260,2,277,128,0,128,405
07/05/2002,MMU,NJ,AEA,EN,Towers with Display (VFR),0,10,12,0,22,0,0,360,2,362,0,10,372,2,384,278,0,278,662
07/06/2002,MMU,NJ,AEA,EN,Towers with Display (VFR),0,16,41,0,57,0,0,273,0,273,0,16,314,0,330,222,0,222,552
07/07/2002,MMU,NJ,AEA,EN,Towers with Display (VFR),0,30,134,0,164,0,5,75,0,80,0,35,209,0,244,28,0,28,272
07/08/2002,MMU,NJ,AEA,EN,Towers with Display (VFR),0,29,87,0,116,0,0,366,0,366,0,29,453,0,482,282,0,282,764
07/09/2002,MMU,NJ,AEA,EN,Towers with Display (VFR),0,27,112,0,139,0,18,244,0,262,0,45,356,0,401,106,0,106,507
07/10/2002,MMU,NJ,AEA,EN,Towers with Display (VFR),0,21,91,0,112,0,3,421,0,424,0,24,512,0,536,212,0,212,748
07/11/2002,MMU,NJ,AEA,EN,Towers with Display (VFR),0,30,113,0,143,0,0,481,0,481,0,30,594,0,624,370,0,370,994
07/12/2002,MMU,NJ,AEA,EN,Towers with Display (VFR),0,22,73,0,95,0,0,529,0,529,0,22,602,0,624,320,0,320,944
07/13/2002,MMU,NJ,AEA,EN,Towers with Display (VFR),0,9,37,2,48,0,2,264,0,266,0,11,301,2,314,264,0,264,578
07/14/2002,MMU,NJ,AEA,EN,Towers with Display (VFR),0,34,61,0,95,0,2,407,0,409,0,36,468,0,504,394,0,394,898
07/15/2002,MMU,NJ,AEA,EN,Towers with Display (VFR),0,35,94,2,131,0,0,397,0,397,0,35,491,2,528,286,0,286,814
07/16/2002,MMU,NJ,AEA,EN,Towers with Display (VFR),0,41,80,0,121,0,0,535,0,535,0,41,615,0,656,326,0,326,982
07/17/2002,MMU,NJ,AEA,EN,Towers with Display (VFR),0,29,73,0,102,0,0,479,0,479,0,29,552,0,581,290,0,290,871
07/18/2002,MMU,NJ,AEA,EN,Towers with Display (VFR),0,30,107,0,137,0,0,393,0,393,0,30,500,0,530,218,0,218,748
07/19/2002,MMU,NJ,AEA,EN,Towers with Display (VFR),0,25,111,0,136,0,2,158,0,160,0,27,269,0,296,164,0,164,460
07/20/2002,MMU,NJ,AEA,EN,Towers with Display (VFR),0,10,44,0,54,0,6,387,0,393,0,16,431,0,447,342,0,342,789
07/21/2002,MMU,NJ,AEA,EN,Towers with Display (VFR),0,28,46,0,74,0,5,366,0,371,0,33,412,0,445,352,0,352,797
07/22/2002,MMU,NJ,AEA,EN,Towers with Display (VFR),0,27,96,0,123,0,1,347,0,348,0,28,443,0,471,344,0,344,815
07/23/2002,MMU,NJ,AEA,EN,Towers with Display (VFR),0,23,103,0,126,0,0,220,0,220,0,23,323,0,346,244,0,244,590
07/24/2002,MMU,NJ,AEA,EN,Towers with Display (VFR),0,19,93,0,112,0,32,579,0,611,0,51,672,0,723,348,0,348,1071
07/25/2002,MMU,NJ,AEA,EN,Towers with Display (VFR),0,67,96,0,163,0,0,444,4,448,0,67,540,4,611,242,0,242,853
07/26/2002,MMU,NJ,AEA,EN,Towers with Display (VFR),0,30,92,0,122,0,2,358,0,360,0,32,450,0,482,192,0,192,674
07/27/2002,MMU,NJ,AEA,EN,Towers with Display (VFR),0,9,76,0,85,0,0,219,0,219,0,9,295,0,304,370,0,370,674
07/28/2002,MMU,NJ,AEA,EN,Towers with Display (VFR),0,29,89,0,118,0,0,88,0,88,0,29,177,0,206,4,0,4,210
07/29/2002,MMU,NJ,AEA,EN,Towers with Display (VFR),0,44,93,0,137,0,6,324,0,330,0,50,417,0,467,256,0,256,723
07/30/2002,MMU,NJ,AEA,EN,Towers with Display (VFR),0,36,92,0,128,0,0,457,0,457,0,36,549,0,585,286,0,286,871
07/31/2002,MMU,NJ,AEA,EN,Towers with Display (VFR),0,28,105,0,133,0,2,444,0,446,0,30,549,0,579,280,0,280,859
08/01/2002,MMU,NJ,AEA,EN,Towers with Display (VFR),0,20,97,0,117,0,0,497,0,497,0,20,594,0,614,266,0,266,880
08/02/2002,MMU,NJ,AEA,EN,Towers with Display (VFR),0,29,68,0,97,0,2,333,0,335,0,31,401,0,432,216,0,216,648
08/03/2002,MMU,NJ,AEA,EN,Towers with Display (VFR),0,18,38,0,56,0,14,280,0,294,0,32,318,0,350,226,0,226,576
08/04/2002,MMU,NJ,AEA,EN,Towers with Display (VFR),0,27,66,0,93,0,2,326,0,328,0,29,392,0,421,288,0,288,709
08/05/2002,MMU,NJ,AEA,EN,Towers with Display (VFR),0,17,84,0,101,0,8,319,0,327,0,25,403,0,428,296,0,296,724
08/06/2002,MMU,NJ,AEA,EN,Towers with Display (VFR),0,39,89,0,128,0,0,362,4,366,0,39,451,4,494,174,0,174,668
08/07/2002,MMU,NJ,AEA,EN,Towers with Display (VFR),0,19,87,0,106,0,5,365,6,376,0,24,452,6,482,262,0,262,744
08/08/2002,MMU,NJ,AEA,EN,Towers with Display (VFR),0,34,94,0,128,0,0,500,0,500,0,34,594,0,628,320,0,320,948
08/09/2002,MMU,NJ,AEA,EN,Towers with Display (VFR),0,30,64,0,94,0,0,390,0,390,0,30,454,0,484,218,0,218,702
08/10/2002,MMU,NJ,AEA,EN,Towers with Display (VFR),0,8,27,0,35,0,0,395,0,395,0,8,422,0,430,254,0,254,684
08/11/2002,MMU,NJ,AEA,EN,Towers with Display (VFR),0,26,48,0,74,0,5,398,0,403,0,31,446,0,477,316,0,316,793
08/12/2002,MMU,NJ,AEA,EN,Towers with Display (VFR),0,14,67,0,81,0,4,384,0,388,0,18,451,0,469,276,0,276,745
08/13/2002,MMU,NJ,AEA,EN,Towers with Display (VFR),0,22,73,0,95,0,0,362,0,362,0,22,435,0,457,260,0,260,717
08/14/2002,MMU,NJ,AEA,EN,Towers with Display (VFR),0,13,70,0,83,0,12,444,2,458,0,25,514,2,541,270,0,270,811
08/15/2002,MMU,NJ,AEA,EN,Towers with Display (VFR),0,20,113,0,133,0,0,387,4,391,0,20,500,4,524,128,0,128,652
08/16/2002,MMU,NJ,AEA,EN,Towers with Display (VFR),0,24,84,0,108,0,1,398,0,399,0,25,482,0,507,264,0,264,771
08/17/2002,MMU,NJ,AEA,EN,Towers with Display (VFR),0,9,39,0,48,0,0,394,0,394,0,9,433,0,442,208,0,208,650
08/18/2002,MMU,NJ,AEA,EN,Towers with Display (VFR),0,17,51,0,68,0,3,412,0,415,0,20,463,0,483,354,0,354,837
08/19/2002,MMU,NJ,AEA,EN,Towers with Display (VFR),0,14,89,0,103,0,0,493,0,493,0,14,582,0,596,396,0,396,992
08/20/2002,MMU,NJ,AEA,EN,Towers with Display (VFR),0,43,93,0,136,0,0,446,0,446,0,43,539,0,582,254,0,254,836
08/21/2002,MMU,NJ,AEA,EN,Towers with Display (VFR),0,15,75,0,90,0,6,473,0,479,0,21,548,0,569,352,0,352,921
08/22/2002,MMU,NJ,AEA,EN,Towers with Display (VFR),0,25,87,0,112,0,0,584,0,584,0,25,671,0,696,332,0,332,1028
08/23/2002,MMU,NJ,AEA,EN,Towers with Display (VFR),0,27,78,0,105,0,0,424,0,424,0,27,502,0,529,224,0,224,753
08/24/2002,MMU,NJ,AEA,EN,Towers with Display (VFR),0,13,56,0,69,0,1,59,0,60,0,14,115,0,129,72,0,72,201
08/25/2002,MMU,NJ,AEA,EN,Towers with Display (VFR),0,16,41,0,57,0,9,411,0,420,0,25,452,0,477,344,0,344,821
08/26/2002,MMU,NJ,AEA,EN,Towers with Display (VFR),0,15,63,0,78,0,0,528,0,528,0,15,591,0,606,298,0,298,904
08/27/2002,MMU,NJ,AEA,EN,Towers with Display (VFR),0,38,58,0,96,0,0,492,0,492,0,38,550,0,588,308,0,308,896
08/28/2002,MMU,NJ,AEA,EN,Towers with Display (VFR),0,26,79,0,105,0,6,337,0,343,0,32,416,0,448,238,0,238,686
08/29/2002,MMU,NJ,AEA,EN,Towers with Display (VFR),0,33,125,0,158,0,0,0,0,0,0,33,125,0,158,0,0,0,158
08/30/2002,MMU,NJ,AEA,EN,Towers with Display (VFR),0,26,90,0,116,0,0,351,0,351,0,26,441,0,467,208,0,208,675
08/31/2002,MMU,NJ,AEA,EN,Towers with Display (VFR),0,17,25,0,42,0,13,310,0,323,0,30,335,0,365,228,0,228,593
09/01/2002,MMU,NJ,AEA,EN,Towers with Display (VFR),0,18,54,0,72,0,0,17,0,17,0,18,71,0,89,78,0,78,167
09/02/2002,MMU,NJ,AEA,EN,Towers with Display (VFR),0,15,80,0,95,0,0,7,0,7,0,15,87,0,102,34,0,34,136
09/03/2002,MMU,NJ,AEA,EN,Towers with Display (VFR),0,21,77,0,98,0,22,404,0,426,0,43,481,0,524,206,0,206,730
09/04/2002,MMU,NJ,AEA,EN,Towers with Display (VFR),0,18,65,0,83,0,2,363,0,365,0,20,428,0,448,268,0,268,716
09/05/2002,MMU,NJ,AEA,EN,Towers with Display (VFR),0,22,96,0,118,0,0,486,2,488,0,22,582,2,606,264,0,264,870
09/06/2002,MMU,NJ,AEA,EN,Towers with Display (VFR),0,33,55,0,88,0,10,423,0,433,0,43,478,0,521,284,0,284,805
09/07/2002,MMU,NJ,AEA,EN,Towers with Display (VFR),0,18,12,0,30,0,9,414,0,423,0,27,426,0,453,366,0,366,819
09/08/2002,MMU,NJ,AEA,EN,Towers with Display (VFR),0,19,52,0,71,0,6,429,0,435,0,25,481,0,506,398,0,398,904
09/09/2002,MMU,NJ,AEA,EN,Towers with Display (VFR),0,27,72,0,99,0,2,518,0,520,0,29,590,0,619,270,0,270,889
09/10/2002,MMU,NJ,AEA,EN,Towers with Display (VFR),0,38,77,0,115,0,0,496,0,496,0,38,573,0,611,286,0,286,897
09/11/2002,MMU,NJ,AEA,EN,Towers with Display (VFR),0,12,53,0,65,0,0,0,0,0,0,12,53,0,65,0,0,0,65
09/12/2002,MMU,NJ,AEA,EN,Towers with Display (VFR),0,27,126,0,153,0,0,26,0,26,0,27,152,0,179,0,0,0,179
09/13/2002,MMU,NJ,AEA,EN,Towers with Display (VFR),0,32,100,0,132,0,0,31,0,31,0,32,131,0,163,12,0,12,175
09/14/2002,MMU,NJ,AEA,EN,Towers with Display (VFR),0,18,33,0,51,0,0,300,0,300,0,18,333,0,351,278,0,278,629
09/15/2002,MMU,NJ,AEA,EN,Towers with Display (VFR),0,22,51,0,73,0,0,12,0,12,0,22,63,0,85,0,0,0,85
09/16/2002,MMU,NJ,AEA,EN,Towers with Display (VFR),0,26,111,3,140,0,14,158,1,173,0,40,269,4,313,146,0,146,459
09/17/2002,MMU,NJ,AEA,EN,Towers with Display (VFR),0,27,76,3,106,0,0,464,0,464,0,27,540,3,570,320,0,320,890
09/18/2002,MMU,NJ,AEA,EN,Towers with Display (VFR),0,47,100,2,149,0,0,456,0,456,0,47,556,2,605,304,0,304,909
09/19/2002,MMU,NJ,AEA,EN,Towers with Display (VFR),0,32,124,0,156,0,0,526,0,526,0,32,650,0,682,236,0,236,918
09/20/2002,MMU,NJ,AEA,EN,Towers with Display (VFR),0,27,93,0,120,0,0,436,0,436,0,27,529,0,556,308,0,308,864
09/21/2002,MMU,NJ,AEA,EN,Towers with Display (VFR),0,4,47,0,51,0,3,243,6,252,0,7,290,6,303,350,0,350,653
09/22/2002,MMU,NJ,AEA,EN,Towers with Display (VFR),0,13,82,4,99,0,5,318,0,323,0,18,400,4,422,326,4,330,752
09/23/2002,MMU,NJ,AEA,EN,Towers with Display (VFR),0,20,86,0,106,0,4,435,2,441,0,24,521,2,547,292,0,292,839
09/24/2002,MMU,NJ,AEA,EN,Towers with Display (VFR),0,36,96,0,132,0,4,503,0,507,0,40,599,0,639,358,0,358,997
09/25/2002,MMU,NJ,AEA,EN,Towers with Display (VFR),0,32,80,0,112,0,21,356,0,377,0,53,436,0,489,232,0,232,721
09/26/2002,MMU,NJ,AEA,EN,Towers with Display (VFR),0,30,98,1,129,0,0,163,0,163,0,30,261,1,292,82,0,82,374
09/27/2002,MMU,NJ,AEA,EN,Towers with Display (VFR),0,36,134,0,170,0,0,0,0,0,0,36,134,0,170,0,0,0,170
09/28/2002,MMU,NJ,AEA,EN,Towers with Display (VFR),0,11,18,0,29,0,4,338,0,342,0,15,356,0,371,274,0,274,645
09/29/2002,MMU,NJ,AEA,EN,Towers with Display (VFR),0,24,62,0,86,0,0,506,2,508,0,24,568,2,594,422,0,422,1016
09/30/2002,MMU,NJ,AEA,EN,Towers with Display (VFR),0,19,74,0,93,0,16,464,0,480,0,35,538,0,573,328,0,328,901
10/01/2002,MMU,NJ,AEA,EN,Towers with Display (VFR),0,29,113,0,142,0,1,455,0,456,0,30,568,0,598,338,0,338,936
10/02/2002,MMU,NJ,AEA,EN,Towers with Display (VFR),0,23,114,0,137,0,6,366,0,372,0,29,480,0,509,270,0,270,779
10/03/2002,MMU,NJ,AEA,EN,Towers with Display (VFR),0,30,116,0,146,0,4,346,0,350,0,34,462,0,496,202,0,202,698
10/04/2002,MMU,NJ,AEA,EN,Towers with Display (VFR),0,25,140,0,165,0,4,0,0,4,0,29,140,0,169,0,0,0,169
10/05/2002,MMU,NJ,AEA,EN,Towers with Display (VFR),0,11,50,0,61,0,10,284,0,294,0,21,334,0,355,176,0,176,531
10/06/2002,MMU,NJ,AEA,EN,Towers with Display (VFR),0,25,51,0,76,0,11,507,2,520,0,36,558,2,596,392,0,392,988
10/07/2002,MMU,NJ,AEA,EN,Towers with Display (VFR),0,27,101,0,128,0,8,208,0,216,0,35,309,0,344,112,0,112,456
10/08/2002,MMU,NJ,AEA,EN,Towers with Display (VFR),0,18,97,0,115,0,4,458,0,462,0,22,555,0,577,222,0,222,799
10/09/2002,MMU,NJ,AEA,EN,Towers with Display (VFR),0,20,123,0,143,0,5,416,0,421,0,25,539,0,564,284,0,284,848
10/10/2002,MMU,NJ,AEA,EN,Towers with Display (VFR),0,31,127,1,159,0,3,361,1,365,0,34,488,2,524,128,0,128,652
10/11/2002,MMU,NJ,AEA,EN,Towers with Display (VFR),0,35,88,0,123,0,3,0,0,3,0,38,88,0,126,0,0,0,126
10/12/2002,MMU,NJ,AEA,EN,Towers with Display (VFR),0,4,53,0,57,0,3,0,0,3,0,7,53,0,60,0,0,0,60
10/13/2002,MMU,NJ,AEA,EN,Towers with Display (VFR),0,16,69,0,85,0,3,0,0,3,0,19,69,0,88,0,0,0,88
10/14/2002,MMU,NJ,AEA,EN,Towers with Display (VFR),0,32,88,0,120,0,17,404,0,421,0,49,492,0,541,274,0,274,815
10/15/2002,MMU,NJ,AEA,EN,Towers with Display (VFR),0,45,90,0,135,0,3,429,0,432,0,48,519,0,567,232,0,232,799
10/16/2002,MMU,NJ,AEA,EN,Towers with Display (VFR),0,17,59,0,76,0,3,0,0,3,0,20,59,0,79,0,0,0,79
10/17/2002,MMU,NJ,AEA,EN,Towers with Display (VFR),0,35,100,1,136,0,3,374,0,377,0,38,474,1,513,318,0,318,831
10/18/2002,MMU,NJ,AEA,EN,Towers with Display (VFR),0,24,79,0,103,0,3,451,0,454,0,27,530,0,557,198,0,198,755
10/19/2002,MMU,NJ,AEA,EN,Towers with Display (VFR),0,13,39,0,52,0,12,247,0,259,0,25,286,0,311,180,0,180,491
10/20/2002,MMU,NJ,AEA,EN,Towers with Display (VFR),0,27,426,0,453,0,0,96,0,96,0,27,522,0,549,328,0,328,877
10/21/2002,MMU,NJ,AEA,EN,Towers with Display (VFR),0,18,87,0,105,0,11,320,0,331,0,29,407,0,436,222,0,222,658
10/22/2002,MMU,NJ,AEA,EN,Towers with Display (VFR),0,23,81,4,108,0,3,515,0,518,0,26,596,4,626,306,0,306,932
10/23/2002,MMU,NJ,AEA,EN,Towers with Display (VFR),0,32,88,0,120,0,5,417,0,422,0,37,505,0,542,300,0,300,842
10/24/2002,MMU,NJ,AEA,EN,Towers with Display (VFR),0,32,70,0,102,0,3,464,0,467,0,35,534,0,569,200,0,200,769
10/25/2002,MMU,NJ,AEA,EN,Towers with Display (VFR),0,33,107,0,140,0,3,390,2,395,0,36,497,2,535,258,0,258,793
10/26/2002,MMU,NJ,AEA,EN,Towers with Display (VFR),0,14,53,0,67,0,3,30,0,33,0,17,83,0,100,32,0,32,132
10/27/2002,MMU,NJ,AEA,EN,Towers with Display (VFR),0,33,52,0,85,0,6,499,0,505,0,39,551,0,590,380,0,380,970
10/28/2002,MMU,NJ,AEA,EN,Towers with Display (VFR),0,28,81,0,109,0,18,305,0,323,0,46,386,0,432,204,0,204,636
10/29/2002,MMU,NJ,AEA,EN,Towers with Display (VFR),0,27,66,2,95,0,3,454,0,457,0,30,520,2,552,266,0,266,818
10/30/2002,MMU,NJ,AEA,EN,Towers with Display (VFR),0,27,83,0,110,0,5,357,0,362,0,32,440,0,472,256,0,256,728
10/31/2002,MMU,NJ,AEA,EN,Towers with Display (VFR),0,34,65,0,99,0,2,542,0,544,0,36,607,0,643,249,0,249,892
11/01/2002,MMU,NJ,AEA,EN,Towers with Display (VFR),0,34,72,0,106,0,2,302,0,304,0,36,374,0,410,178,0,178,588
11/02/2002,MMU,NJ,AEA,EN,Towers with Display (VFR),0,12,45,0,57,0,5,273,0,278,0,17,318,0,335,206,0,206,541
11/03/2002,MMU,NJ,AEA,EN,Towers with Display (VFR),0,25,53,0,78,0,5,504,0,509,0,30,557,0,587,380,0,380,967
11/04/2002,MMU,NJ,AEA,EN,Towers with Display (VFR),0,34,52,0,86,0,0,422,0,422,0,34,474,0,508,302,0,302,810
11/05/2002,MMU,NJ,AEA,EN,Towers with Display (VFR),0,38,68,0,106,0,4,316,0,320,0,42,384,0,426,176,0,176,602
11/06/2002,MMU,NJ,AEA,EN,Towers with Display (VFR),0,28,92,1,121,0,0,56,2,58,0,28,148,3,179,40,0,40,219
11/07/2002,MMU,NJ,AEA,EN,Towers with Display (VFR),0,36,68,0,104,0,1,463,0,464,0,37,531,0,568,222,0,222,790
11/08/2002,MMU,NJ,AEA,EN,Towers with Display (VFR),0,21,84,0,105,0,2,299,0,301,0,23,383,0,406,238,0,238,644
11/09/2002,MMU,NJ,AEA,EN,Towers with Display (VFR),0,8,35,0,43,0,2,451,0,453,0,10,486,0,496,298,0,298,794
11/10/2002,MMU,NJ,AEA,EN,Towers with Display (VFR),0,24,85,0,109,0,8,291,0,299,0,32,376,0,408,256,0,256,664
11/11/2002,MMU,NJ,AEA,EN,Towers with Display (VFR),0,20,82,0,102,0,16,132,0,148,0,36,214,0,250,48,0,48,298
11/12/2002,MMU,NJ,AEA,EN,Towers with Display (VFR),0,25,112,2,139,0,0,37,0,37,0,25,149,2,176,40,0,40,216
11/13/2002,MMU,NJ,AEA,EN,Towers with Display (VFR),0,31,114,0,145,0,0,308,0,308,0,31,422,0,453,128,0,128,581
11/14/2002,MMU,NJ,AEA,EN,Towers with Display (VFR),0,39,97,0,136,0,0,508,0,508,0,39,605,0,644,266,0,266,910
11/15/2002,MMU,NJ,AEA,EN,Towers with Display (VFR),0,20,85,0,105,0,0,478,0,478,0,20,563,0,583,266,0,266,849
11/16/2002,MMU,NJ,AEA,EN,Towers with Display (VFR),0,9,22,0,31,0,0,14,0,14,0,9,36,0,45,46,0,46,91
11/17/2002,MMU,NJ,AEA,EN,Towers with Display (VFR),0,14,35,0,49,0,0,0,0,0,0,14,35,0,49,0,0,0,49
11/18/2002,MMU,NJ,AEA,EN,Towers with Display (VFR),0,28,90,0,118,0,12,210,0,222,0,40,300,0,340,84,0,84,424
11/19/2002,MMU,NJ,AEA,EN,Towers with Display (VFR),0,41,92,0,133,0,0,337,0,337,0,41,429,0,470,228,0,228,698
11/20/2002,MMU,NJ,AEA,EN,Towers with Display (VFR),0,20,119,1,140,0,0,420,3,423,0,20,539,4,563,212,0,212,775
11/21/2002,MMU,NJ,AEA,EN,Towers with Display (VFR),0,39,82,0,121,0,0,399,0,399,0,39,481,0,520,174,0,174,694
11/22/2002,MMU,NJ,AEA,EN,Towers with Display (VFR),0,31,97,2,130,0,0,10,0,10,0,31,107,2,140,0,0,0,140
11/23/2002,MMU,NJ,AEA,EN,Towers with Display (VFR),0,15,27,0,42,0,4,171,0,175,0,19,198,0,217,122,0,122,339
11/24/2002,MMU,NJ,AEA,EN,Towers with Display (VFR),0,18,46,0,64,0,2,524,0,526,0,20,570,0,590,366,0,366,956
11/25/2002,MMU,NJ,AEA,EN,Towers with Display (VFR),0,31,93,0,124,0,5,401,0,406,0,36,494,0,530,308,0,308,838
11/26/2002,MMU,NJ,AEA,EN,Towers with Display (VFR),0,53,107,0,160,0,0,402,0,402,0,53,509,0,562,258,0,258,820
11/27/2002,MMU,NJ,AEA,EN,Towers with Display (VFR),0,39,53,0,92,0,0,210,0,210,0,39,263,0,302,112,0,112,414
11/28/2002,MMU,NJ,AEA,EN,Towers with Display (VFR),0,9,13,0,22,0,0,341,0,341,0,9,354,0,363,174,0,174,537
11/29/2002,MMU,NJ,AEA,EN,Towers with Display (VFR),0,21,28,0,49,0,0,342,0,342,0,21,370,0,391,222,0,222,613
11/30/2002,MMU,NJ,AEA,EN,Towers with Display (VFR),0,23,33,0,56,0,3,379,0,382,0,26,412,0,438,200,0,200,638
12/01/2002,MMU,NJ,AEA,EN,Towers with Display (VFR),0,39,103,0,142,0,0,196,0,196,0,39,299,0,338,116,0,116,454
12/02/2002,MMU,NJ,AEA,EN,Towers with Display (VFR),0,34,101,0,135,0,8,332,0,340,0,42,433,0,475,194,0,194,669
12/03/2002,MMU,NJ,AEA,EN,Towers with Display (VFR),0,23,78,0,101,0,14,315,0,329,0,37,393,0,430,44,0,44,474
12/04/2002,MMU,NJ,AEA,EN,Towers with Display (VFR),0,34,86,1,121,0,3,353,2,358,0,37,439,3,479,178,0,178,657
12/05/2002,MMU,NJ,AEA,EN,Towers with Display (VFR),0,19,53,0,72,0,1,0,0,1,0,20,53,0,73,0,0,0,73
12/06/2002,MMU,NJ,AEA,EN,Towers with Display (VFR),0,22,92,0,114,0,1,233,1,235,0,23,325,1,349,122,0,122,471
12/07/2002,MMU,NJ,AEA,EN,Towers with Display (VFR),0,6,21,0,27,0,1,277,4,282,0,7,298,4,309,250,0,250,559
12/08/2002,MMU,NJ,AEA,EN,Towers with Display (VFR),0,27,45,1,73,0,12,347,0,359,0,39,392,1,432,336,0,336,768
12/09/2002,MMU,NJ,AEA,EN,Towers with Display (VFR),0,33,93,0,126,0,0,285,0,285,0,33,378,0,411,140,0,140,551
12/10/2002,MMU,NJ,AEA,EN,Towers with Display (VFR),0,28,90,0,118,0,0,360,0,360,0,28,450,0,478,178,0,178,656
12/11/2002,MMU,NJ,AEA,EN,Towers with Display (VFR),0,23,91,0,114,0,0,122,0,122,0,23,213,0,236,26,0,26,262
12/12/2002,MMU,NJ,AEA,EN,Towers with Display (VFR),0,33,125,0,158,0,0,420,0,420,0,33,545,0,578,176,0,176,754
12/13/2002,MMU,NJ,AEA,EN,Towers with Display (VFR),0,18,68,0,86,0,0,181,0,181,0,18,249,0,267,42,0,42,309
12/14/2002,MMU,NJ,AEA,EN,Towers with Display (VFR),0,8,31,0,39,0,0,5,0,5,0,8,36,0,44,0,0,0,44
12/15/2002,MMU,NJ,AEA,EN,Towers with Display (VFR),0,21,48,0,69,0,12,324,0,336,0,33,372,0,405,278,0,278,683
12/16/2002,MMU,NJ,AEA,EN,Towers with Display (VFR),0,30,91,0,121,0,0,345,0,345,0,30,436,0,466,170,0,170,636
12/17/2002,MMU,NJ,AEA,EN,Towers with Display (VFR),0,34,92,0,126,0,1,368,0,369,0,35,460,0,495,242,0,242,737
12/18/2002,MMU,NJ,AEA,EN,Towers with Display (VFR),0,28,103,0,131,0,10,392,0,402,0,38,495,0,533,194,0,194,727
12/19/2002,MMU,NJ,AEA,EN,Towers with Display (VFR),0,30,97,4,131,0,0,321,0,321,0,30,418,4,452,194,0,194,646
12/20/2002,MMU,NJ,AEA,EN,Towers with Display (VFR),0,23,62,0,85,0,0,149,0,149,0,23,211,0,234,10,0,10,244
12/21/2002,MMU,NJ,AEA,EN,Towers with Display (VFR),0,24,43,1,68,0,2,276,0,278,0,26,319,1,346,180,0,180,526
12/22/2002,MMU,NJ,AEA,EN,Towers with Display (VFR),0,13,42,1,56,0,0,493,0,493,0,13,535,1,549,336,0,336,885
12/23/2002,MMU,NJ,AEA,EN,Towers with Display (VFR),0,23,42,0,65,0,2,382,0,384,0,25,424,0,449,286,0,286,735
12/24/2002,MMU,NJ,AEA,EN,Towers with Display (VFR),0,14,12,0,26,0,0,281,0,281,0,14,293,0,307,184,0,184,491
12/25/2002,MMU,NJ,AEA,EN,Towers with Display (VFR),0,7,3,0,10,0,0,2,0,2,0,7,5,0,12,0,0,0,12
12/26/2002,MMU,NJ,AEA,EN,Towers with Display (VFR),0,29,60,0,89,0,0,160,0,160,0,29,220,0,249,26,0,26,275
12/27/2002,MMU,NJ,AEA,EN,Towers with Display (VFR),0,29,56,0,85,0,0,364,0,364,0,29,420,0,449,212,0,212,661
12/28/2002,MMU,NJ,AEA,EN,Towers with Display (VFR),0,11,44,0,55,0,6,364,0,370,0,17,408,0,425,230,0,230,655
12/29/2002,MMU,NJ,AEA,EN,Towers with Display (VFR),0,15,20,0,35,0,10,204,0,214,0,25,224,0,249,280,0,280,529
12/30/2002,MMU,NJ,AEA,EN,Towers with Display (VFR),0,15,30,0,45,0,8,320,0,328,0,23,350,0,373,180,0,180,553
12/31/2002,MMU,NJ,AEA,EN,Towers with Display (VFR),0,11,28,0,39,0,0,65,0,65,0,11,93,0,104,58,0,58,162
01/01/2003,MMU,NJ,AEA,EN,Towers with Display (VFR),0,9,35,0,44,0,0,2,0,2,0,9,37,0,46,0,0,0,46
01/02/2003,MMU,NJ,AEA,EN,Towers with Display (VFR),0,25,50,0,75,0,0,182,0,182,0,25,232,0,257,62,0,62,319
01/03/2003,MMU,NJ,AEA,EN,Towers with Display (VFR),0,21,23,0,44,0,0,0,0,0,0,21,23,0,44,0,0,0,44
01/04/2003,MMU,NJ,AEA,EN,Towers with Display (VFR),0,28,57,0,85,0,3,121,0,124,0,31,178,0,209,34,0,34,243
01/05/2003,MMU,NJ,AEA,EN,Towers with Display (VFR),0,23,73,0,96,0,0,186,0,186,0,23,259,0,282,114,0,114,396
01/06/2003,MMU,NJ,AEA,EN,Towers with Display (VFR),0,30,67,0,97,0,0,0,0,0,0,30,67,0,97,0,0,0,97
01/07/2003,MMU,NJ,AEA,EN,Towers with Display (VFR),0,15,61,0,76,0,3,270,2,275,0,18,331,2,351,50,0,50,401
01/08/2003,MMU,NJ,AEA,EN,Towers with Display (VFR),0,34,63,0,97,0,1,265,0,266,0,35,328,0,363,122,0,122,485
01/09/2003,MMU,NJ,AEA,EN,Towers with Display (VFR),0,21,64,0,85,0,0,285,0,285,0,21,349,0,370,72,0,72,442
01/10/2003,MMU,NJ,AEA,EN,Towers with Display (VFR),0,23,58,0,81,0,0,376,0,376,0,23,434,0,457,198,0,198,655
01/11/2003,MMU,NJ,AEA,EN,Towers with Display (VFR),0,12,33,0,45,0,8,279,0,287,0,20,312,0,332,150,0,150,482
01/12/2003,MMU,NJ,AEA,EN,Towers with Display (VFR),0,28,47,0,75,0,2,360,0,362,0,30,407,0,437,234,0,234,671
01/13/2003,MMU,NJ,AEA,EN,Towers with Display (VFR),0,23,61,0,84,0,0,313,0,313,0,23,374,0,397,144,0,144,541
01/14/2003,MMU,NJ,AEA,EN,Towers with Display (VFR),0,34,70,0,104,0,0,406,0,406,0,34,476,0,510,132,0,132,642
01/15/2003,MMU,NJ,AEA,EN,Towers with Display (VFR),0,35,71,0,106,0,0,374,0,374,0,35,445,0,480,204,0,204,684
01/16/2003,MMU,NJ,AEA,EN,Towers with Display (VFR),0,36,83,0,119,0,0,370,0,370,0,36,453,0,489,184,0,184,673
01/17/2003,MMU,NJ,AEA,EN,Towers with Display (VFR),0,22,67,1,90,0,0,379,0,379,0,22,446,1,469,156,0,156,625
01/18/2003,MMU,NJ,AEA,EN,Towers with Display (VFR),0,19,27,0,46,0,0,288,0,288,0,19,315,0,334,246,0,246,580
01/19/2003,MMU,NJ,AEA,EN,Towers with Display (VFR),0,15,39,0,54,0,10,347,0,357,0,25,386,0,411,308,0,308,719
01/20/2003,MMU,NJ,AEA,EN,Towers with Display (VFR),0,24,52,0,76,0,0,335,0,335,0,24,387,0,411,102,0,102,513
01/21/2003,MMU,NJ,AEA,EN,Towers with Display (VFR),0,24,80,0,104,0,0,437,0,437,0,24,517,0,541,220,0,220,761
01/22/2003,MMU,NJ,AEA,EN,Towers with Display (VFR),0,26,70,0,96,0,0,308,0,308,0,26,378,0,404,118,0,118,522
01/23/2003,MMU,NJ,AEA,EN,Towers with Display (VFR),0,28,70,0,98,0,0,370,0,370,0,28,440,0,468,192,0,192,660
01/24/2003,MMU,NJ,AEA,EN,Towers with Display (VFR),0,36,58,1,95,0,0,303,0,303,0,36,361,1,398,136,0,136,534
01/25/2003,MMU,NJ,AEA,EN,Towers with Display (VFR),0,10,41,0,51,0,0,396,0,396,0,10,437,0,447,238,0,238,685
01/26/2003,MMU,NJ,AEA,EN,Towers with Display (VFR),0,22,34,1,57,0,4,233,0,237,0,26,267,1,294,276,0,276,570
01/27/2003,MMU,NJ,AEA,EN,Towers with Display (VFR),0,29,80,0,109,0,3,296,2,301,0,32,376,2,410,120,0,120,530
01/28/2003,MMU,NJ,AEA,EN,Towers with Display (VFR),0,24,77,0,101,0,0,319,0,319,0,24,396,0,420,78,0,78,498
01/29/2003,MMU,NJ,AEA,EN,Towers with Display (VFR),0,24,71,0,95,0,0,2,0,2,0,24,73,0,97,0,0,0,97
01/30/2003,MMU,NJ,AEA,EN,Towers with Display (VFR),0,25,88,0,113,0,0,309,0,309,0,25,397,0,422,128,0,128,550
01/31/2003,MMU,NJ,AEA,EN,Towers with Display (VFR),0,23,59,2,84,0,0,12,0,12,0,23,71,2,96,6,0,6,102
02/01/2003,MMU,NJ,AEA,EN,Towers with Display (VFR),0,14,25,0,39,0,0,0,0,0,0,14,25,0,39,0,0,0,39
02/02/2003,MMU,NJ,AEA,EN,Towers with Display (VFR),0,15,37,0,52,0,12,327,0,339,0,27,364,0,391,214,0,214,605
02/03/2003,MMU,NJ,AEA,EN,Towers with Display (VFR),0,37,57,2,96,0,1,459,0,460,0,38,516,2,556,294,0,294,850
02/04/2003,MMU,NJ,AEA,EN,Towers with Display (VFR),0,22,69,0,91,0,0,8,0,8,0,22,77,0,99,50,0,50,149
02/05/2003,MMU,NJ,AEA,EN,Towers with Display (VFR),0,33,75,0,108,0,0,319,2,321,0,33,394,2,429,256,0,256,685
02/06/2003,MMU,NJ,AEA,EN,Towers with Display (VFR),0,31,74,0,105,0,0,386,0,386,0,31,460,0,491,196,0,196,687
02/07/2003,MMU,NJ,AEA,EN,Towers with Display (VFR),0,19,52,0,71,0,0,56,0,56,0,19,108,0,127,0,0,0,127
02/08/2003,MMU,NJ,AEA,EN,Towers with Display (VFR),0,16,28,0,44,0,0,320,0,320,0,16,348,0,364,256,0,256,620
02/09/2003,MMU,NJ,AEA,EN,Towers with Display (VFR),0,18,48,0,66,0,12,344,0,356,0,30,392,0,422,352,0,352,774
02/10/2003,MMU,NJ,AEA,EN,Towers with Display (VFR),0,22,59,0,81,0,0,34,0,34,0,22,93,0,115,0,0,0,115
02/11/2003,MMU,NJ,AEA,EN,Towers with Display (VFR),0,29,77,0,106,0,0,295,0,295,0,29,372,0,401,18,0,18,419
02/12/2003,MMU,NJ,AEA,EN,Towers with Display (VFR),0,41,82,0,123,0,1,184,0,185,0,42,266,0,308,0,0,0,308
02/13/2003,MMU,NJ,AEA,EN,Towers with Display (VFR),0,41,111,0,152,0,0,364,0,364,0,41,475,0,516,194,0,194,710
02/14/2003,MMU,NJ,AEA,EN,Towers with Display (VFR),0,26,68,2,96,0,0,270,0,270,0,26,338,2,366,88,0,88,454
02/15/2003,MMU,NJ,AEA,EN,Towers with Display (VFR),0,16,28,0,44,0,3,208,0,211,0,19,236,0,255,172,0,172,427
02/16/2003,MMU,NJ,AEA,EN,Towers with Display (VFR),0,12,21,0,33,0,11,195,0,206,0,23,216,0,239,262,0,262,501
02/17/2003,MMU,NJ,AEA,EN,Towers with Display (VFR),0,0,0,0,0,0,0,0,0,0,0,0,0,0,0,0,0,0,0
02/18/2003,MMU,NJ,AEA,EN,Towers with Display (VFR),0,26,78,0,104,0,0,15,0,15,0,26,93,0,119,0,0,0,119
02/19/2003,MMU,NJ,AEA,EN,Towers with Display (VFR),0,43,89,0,132,0,0,191,0,191,0,43,280,0,323,36,0,36,359
02/20/2003,MMU,NJ,AEA,EN,Towers with Display (VFR),0,33,79,0,112,0,0,401,0,401,0,33,480,0,513,206,0,206,719
02/21/2003,MMU,NJ,AEA,EN,Towers with Display (VFR),0,41,62,0,103,0,0,381,0,381,0,41,443,0,484,175,0,175,659
02/22/2003,MMU,NJ,AEA,EN,Towers with Display (VFR),0,5,12,0,17,0,0,0,0,0,0,5,12,0,17,0,0,0,17
02/23/2003,MMU,NJ,AEA,EN,Towers with Display (VFR),0,19,44,0,63,0,0,4,0,4,0,19,48,0,67,10,0,10,77
02/24/2003,MMU,NJ,AEA,EN,Towers with Display (VFR),0,47,82,0,129,0,0,250,0,250,0,47,332,0,379,168,0,168,547
02/25/2003,MMU,NJ,AEA,EN,Towers with Display (VFR),0,29,80,0,109,0,0,341,0,341,0,29,421,0,450,242,0,242,692
02/26/2003,MMU,NJ,AEA,EN,Towers with Display (VFR),0,26,70,0,96,0,0,314,0,314,0,26,384,0,410,138,0,138,548
02/27/2003,MMU,NJ,AEA,EN,Towers with Display (VFR),0,27,93,0,120,0,2,356,0,358,0,29,449,0,478,190,0,190,668
02/28/2003,MMU,NJ,AEA,EN,Towers with Display (VFR),0,33,70,0,103,0,1,266,0,267,0,34,336,0,370,96,0,96,466
03/01/2003,MMU,NJ,AEA,EN,Towers with Display (VFR),0,22,46,0,68,0,1,186,0,187,0,23,232,0,255,260,0,260,515
03/02/2003,MMU,NJ,AEA,EN,Towers with Display (VFR),0,28,49,0,77,0,0,93,0,93,0,28,142,0,170,14,0,14,184
03/03/2003,MMU,NJ,AEA,EN,Towers with Display (VFR),0,23,48,0,71,0,2,301,0,303,0,25,349,0,374,52,0,52,426
03/04/2003,MMU,NJ,AEA,EN,Towers with Display (VFR),0,20,82,0,102,0,0,336,0,336,0,20,418,0,438,250,0,250,688
03/05/2003,MMU,NJ,AEA,EN,Towers with Display (VFR),0,32,72,0,104,0,0,102,0,102,0,32,174,0,206,48,0,48,254
03/06/2003,MMU,NJ,AEA,EN,Towers with Display (VFR),0,25,61,0,86,0,0,0,0,0,0,25,61,0,86,0,0,0,86
03/07/2003,MMU,NJ,AEA,EN,Towers with Display (VFR),0,36,97,0,133,0,0,363,0,363,0,36,460,0,496,188,0,188,684
03/08/2003,MMU,NJ,AEA,EN,Towers with Display (VFR),0,18,47,0,65,0,3,340,0,343,0,21,387,0,408,282,0,282,690
03/09/2003,MMU,NJ,AEA,EN,Towers with Display (VFR),0,24,47,0,71,0,0,320,0,320,0,24,367,0,391,226,0,226,617
03/10/2003,MMU,NJ,AEA,EN,Towers with Display (VFR),0,34,52,0,86,0,0,403,0,403,0,34,455,0,489,210,0,210,699
03/11/2003,MMU,NJ,AEA,EN,Towers with Display (VFR),0,28,83,0,111,0,2,341,0,343,0,30,424,0,454,192,0,192,646
03/12/2003,MMU,NJ,AEA,EN,Towers with Display (VFR),0,38,113,4,155,0,0,171,0,171,0,38,284,4,326,96,0,96,422
03/13/2003,MMU,NJ,AEA,EN,Towers with Display (VFR),0,35,76,1,112,0,0,230,0,230,0,35,306,1,342,36,0,36,378
03/14/2003,MMU,NJ,AEA,EN,Towers with Display (VFR),0,21,52,0,73,0,0,438,0,438,0,21,490,0,511,152,0,152,663
03/15/2003,MMU,NJ,AEA,EN,Towers with Display (VFR),0,18,42,0,60,0,0,512,0,512,0,18,554,0,572,454,0,454,1026
03/16/2003,MMU,NJ,AEA,EN,Towers with Display (VFR),0,16,57,0,73,0,0,401,0,401,0,16,458,0,474,264,0,264,738
03/17/2003,MMU,NJ,AEA,EN,Towers with Display (VFR),0,44,42,2,88,0,0,405,0,405,0,44,447,2,493,234,0,234,727
03/18/2003,MMU,NJ,AEA,EN,Towers with Display (VFR),0,25,71,0,96,0,0,328,0,328,0,25,399,0,424,116,0,116,540
03/19/2003,MMU,NJ,AEA,EN,Towers with Display (VFR),0,35,121,0,156,0,6,54,0,60,0,41,175,0,216,44,0,44,260
03/20/2003,MMU,NJ,AEA,EN,Towers with Display (VFR),0,33,73,0,106,0,0,25,0,25,0,33,98,0,131,2,0,2,133
03/21/2003,MMU,NJ,AEA,EN,Towers with Display (VFR),0,30,89,0,119,0,0,14,0,14,0,30,103,0,133,32,0,32,165
03/22/2003,MMU,NJ,AEA,EN,Towers with Display (VFR),0,14,82,0,96,0,0,146,0,146,0,14,228,0,242,188,0,188,430
03/23/2003,MMU,NJ,AEA,EN,Towers with Display (VFR),0,19,64,0,83,0,0,188,0,188,0,19,252,0,271,320,0,320,591
03/24/2003,MMU,NJ,AEA,EN,Towers with Display (VFR),0,29,84,0,113,0,4,250,0,254,0,33,334,0,367,136,0,136,503
03/25/2003,MMU,NJ,AEA,EN,Towers with Display (VFR),0,21,100,0,121,0,0,250,0,250,0,21,350,0,371,120,0,120,491
03/26/2003,MMU,NJ,AEA,EN,Towers with Display (VFR),0,32,93,0,125,0,0,171,0,171,0,32,264,0,296,80,0,80,376
03/27/2003,MMU,NJ,AEA,EN,Towers with Display (VFR),0,26,124,0,150,0,0,227,0,227,0,26,351,0,377,182,0,182,559
03/28/2003,MMU,NJ,AEA,EN,Towers with Display (VFR),0,38,101,3,142,0,0,169,0,169,0,38,270,3,311,84,0,84,395
03/29/2003,MMU,NJ,AEA,EN,Towers with Display (VFR),0,19,31,0,50,0,0,82,0,82,0,19,113,0,132,102,0,102,234
03/30/2003,MMU,NJ,AEA,EN,Towers with Display (VFR),0,15,53,0,68,0,0,4,0,4,0,15,57,0,72,16,0,16,88
03/31/2003,MMU,NJ,AEA,EN,Towers with Display (VFR),0,42,112,2,156,0,0,499,0,499,0,42,611,2,655,0,0,0,655
04/01/2003,MMU,NJ,AEA,EN,Towers with Display (VFR),0,36,81,2,119,0,0,102,0,102,0,36,183,2,221,110,0,110,331
04/02/2003,MMU,NJ,AEA,EN,Towers with Display (VFR),0,40,79,0,119,0,0,165,4,169,0,40,244,4,288,88,0,88,376
04/03/2003,MMU,NJ,AEA,EN,Towers with Display (VFR),0,28,117,0,145,0,0,168,0,168,0,28,285,0,313,152,0,152,465
04/04/2003,MMU,NJ,AEA,EN,Towers with Display (VFR),0,20,87,0,107,0,0,0,0,0,0,20,87,0,107,0,0,0,107
04/05/2003,MMU,NJ,AEA,EN,Towers with Display (VFR),0,11,25,0,36,0,0,0,0,0,0,11,25,0,36,0,0,0,36
04/06/2003,MMU,NJ,AEA,EN,Towers with Display (VFR),0,27,76,0,103,0,8,284,1,293,0,35,360,1,396,254,0,254,650
04/07/2003,MMU,NJ,AEA,EN,Towers with Display (VFR),0,22,35,0,57,0,0,12,0,12,0,22,47,0,69,0,0,0,69
04/08/2003,MMU,NJ,AEA,EN,Towers with Display (VFR),0,26,90,0,116,0,0,2,0,2,0,26,92,0,118,0,0,0,118
04/09/2003,MMU,NJ,AEA,EN,Towers with Display (VFR),0,36,66,0,102,0,0,7,0,7,0,36,73,0,109,0,0,0,109
04/10/2003,MMU,NJ,AEA,EN,Towers with Display (VFR),0,34,92,0,126,0,0,359,0,359,0,34,451,0,485,212,0,212,697
04/11/2003,MMU,NJ,AEA,EN,Towers with Display (VFR),0,24,85,0,109,0,0,0,0,0,0,24,85,0,109,0,0,0,109
04/12/2003,MMU,NJ,AEA,EN,Towers with Display (VFR),0,18,68,0,86,0,0,108,0,108,0,18,176,0,194,132,0,132,326
04/13/2003,MMU,NJ,AEA,EN,Towers with Display (VFR),0,18,99,0,117,0,1,385,0,386,0,19,484,0,503,366,0,366,869
04/14/2003,MMU,NJ,AEA,EN,Towers with Display (VFR),0,20,83,0,103,0,0,274,0,274,0,20,357,0,377,156,0,156,533
04/15/2003,MMU,NJ,AEA,EN,Towers with Display (VFR),0,27,87,0,114,0,0,271,0,271,0,27,358,0,385,214,0,214,599
04/16/2003,MMU,NJ,AEA,EN,Towers with Display (VFR),0,30,110,4,144,0,0,311,0,311,0,30,421,4,455,132,0,132,587
04/17/2003,MMU,NJ,AEA,EN,Towers with Display (VFR),0,43,92,6,141,0,0,393,0,393,0,43,485,6,534,168,0,168,702
04/18/2003,MMU,NJ,AEA,EN,Towers with Display (VFR),0,35,60,0,95,0,0,345,0,345,0,35,405,0,440,158,0,158,598
04/19/2003,MMU,NJ,AEA,EN,Towers with Display (VFR),0,8,37,0,45,0,0,362,0,362,0,8,399,0,407,310,0,310,717
04/20/2003,MMU,NJ,AEA,EN,Towers with Display (VFR),0,26,25,0,51,0,0,399,0,399,0,26,424,0,450,306,0,306,756
04/21/2003,MMU,NJ,AEA,EN,Towers with Display (VFR),0,45,86,0,131,0,0,345,0,345,0,45,431,0,476,196,0,196,672
04/22/2003,MMU,NJ,AEA,EN,Towers with Display (VFR),0,35,78,0,113,0,0,302,0,302,0,35,380,0,415,120,0,120,535
04/23/2003,MMU,NJ,AEA,EN,Towers with Display (VFR),0,37,71,0,108,0,0,292,0,292,0,37,363,0,400,180,0,180,580
04/24/2003,MMU,NJ,AEA,EN,Towers with Display (VFR),0,34,63,0,97,0,0,480,0,480,0,34,543,0,577,212,0,212,789
04/25/2003,MMU,NJ,AEA,EN,Towers with Display (VFR),0,34,78,0,112,0,0,434,0,434,0,34,512,0,546,306,0,306,852
04/26/2003,MMU,NJ,AEA,EN,Towers with Display (VFR),0,25,29,0,54,0,0,0,0,0,0,25,29,0,54,4,0,4,58
04/27/2003,MMU,NJ,AEA,EN,Towers with Display (VFR),0,22,71,0,93,0,1,413,0,414,0,23,484,0,507,340,0,340,847
04/28/2003,MMU,NJ,AEA,EN,Towers with Display (VFR),0,25,75,0,100,0,3,425,0,428,0,28,500,0,528,336,0,336,864
04/29/2003,MMU,NJ,AEA,EN,Towers with Display (VFR),0,43,83,0,126,0,0,402,0,402,0,43,485,0,528,326,0,326,854
04/30/2003,MMU,NJ,AEA,EN,Towers with Display (VFR),0,32,69,0,101,0,10,352,0,362,0,42,421,0,463,322,0,322,785
05/01/2003,MMU,NJ,AEA,EN,Towers with Display (VFR),0,24,94,0,118,0,0,391,0,391,0,24,485,0,509,178,0,178,687
05/02/2003,MMU,NJ,AEA,EN,Towers with Display (VFR),0,28,90,0,118,0,0,279,0,279,0,28,369,0,397,136,0,136,533
05/03/2003,MMU,NJ,AEA,EN,Towers with Display (VFR),0,9,32,0,41,0,0,312,4,316,0,9,344,4,357,230,0,230,587
05/04/2003,MMU,NJ,AEA,EN,Towers with Display (VFR),0,25,63,0,88,0,0,487,0,487,0,25,550,0,575,356,0,356,931
05/05/2003,MMU,NJ,AEA,EN,Towers with Display (VFR),0,31,52,0,83,0,0,554,0,554,0,31,606,0,637,342,0,342,979
05/06/2003,MMU,NJ,AEA,EN,Towers with Display (VFR),0,27,99,0,126,0,0,42,0,42,0,27,141,0,168,0,0,0,168
05/07/2003,MMU,NJ,AEA,EN,Towers with Display (VFR),0,25,91,0,116,0,0,346,0,346,0,25,437,0,462,278,0,278,740
05/08/2003,MMU,NJ,AEA,EN,Towers with Display (VFR),0,20,139,0,159,0,0,16,0,16,0,20,155,0,175,0,0,0,175
05/09/2003,MMU,NJ,AEA,EN,Towers with Display (VFR),0,33,94,0,127,0,0,286,0,286,0,33,380,0,413,228,0,228,641
05/10/2003,MMU,NJ,AEA,EN,Towers with Display (VFR),0,10,44,0,54,0,1,301,0,302,0,11,345,0,356,276,0,276,632
05/11/2003,MMU,NJ,AEA,EN,Towers with Display (VFR),0,18,45,0,63,0,0,12,0,12,0,18,57,0,75,0,0,0,75
05/12/2003,MMU,NJ,AEA,EN,Towers with Display (VFR),0,14,105,0,119,0,0,258,0,258,0,14,363,0,377,252,0,252,629
05/13/2003,MMU,NJ,AEA,EN,Towers with Display (VFR),0,22,78,0,100,0,0,408,0,408,0,22,486,0,508,132,0,132,640
05/14/2003,MMU,NJ,AEA,EN,Towers with Display (VFR),0,23,80,0,103,0,0,434,0,434,0,23,514,0,537,346,0,346,883
05/15/2003,MMU,NJ,AEA,EN,Towers with Display (VFR),0,30,72,0,102,0,0,471,0,471,0,30,543,0,573,256,0,256,829
05/16/2003,MMU,NJ,AEA,EN,Towers with Display (VFR),0,36,76,0,112,0,0,419,0,419,0,36,495,0,531,194,0,194,725
05/17/2003,MMU,NJ,AEA,EN,Towers with Display (VFR),0,9,78,0,87,0,0,362,0,362,0,9,440,0,449,358,0,358,807
05/18/2003,MMU,NJ,AEA,EN,Towers with Display (VFR),0,19,68,0,87,0,0,458,0,458,0,19,526,0,545,342,0,342,887
05/19/2003,MMU,NJ,AEA,EN,Towers with Display (VFR),0,21,58,0,79,0,20,487,0,507,0,41,545,0,586,336,0,336,922
05/20/2003,MMU,NJ,AEA,EN,Towers with Display (VFR),0,25,63,0,88,0,0,462,0,462,0,25,525,0,550,250,0,250,800
05/21/2003,MMU,NJ,AEA,EN,Towers with Display (VFR),0,41,104,0,145,0,0,69,0,69,0,41,173,0,214,36,0,36,250
05/22/2003,MMU,NJ,AEA,EN,Towers with Display (VFR),0,50,135,0,185,0,0,0,0,0,0,50,135,0,185,0,0,0,185
05/23/2003,MMU,NJ,AEA,EN,Towers with Display (VFR),0,37,114,0,151,0,0,0,0,0,0,37,114,0,151,0,0,0,151
05/24/2003,MMU,NJ,AEA,EN,Towers with Display (VFR),0,6,55,0,61,0,0,0,0,0,0,6,55,0,61,0,0,0,61
05/25/2003,MMU,NJ,AEA,EN,Towers with Display (VFR),0,5,40,0,45,0,0,0,0,0,0,5,40,0,45,0,0,0,45
05/26/2003,MMU,NJ,AEA,EN,Towers with Display (VFR),0,35,56,0,91,0,0,9,0,9,0,35,65,0,100,42,0,42,142
05/27/2003,MMU,NJ,AEA,EN,Towers with Display (VFR),0,31,113,0,144,0,6,353,0,359,0,37,466,0,503,232,0,232,735
05/28/2003,MMU,NJ,AEA,EN,Towers with Display (VFR),0,31,77,0,108,0,2,66,2,70,0,33,143,2,178,40,0,40,218
05/29/2003,MMU,NJ,AEA,EN,Towers with Display (VFR),0,31,108,0,139,0,0,602,0,602,0,31,710,0,741,314,0,314,1055
05/30/2003,MMU,NJ,AEA,EN,Towers with Display (VFR),0,22,87,0,109,0,0,464,4,468,0,22,551,4,577,392,0,392,969
05/31/2003,MMU,NJ,AEA,EN,Towers with Display (VFR),0,13,36,0,49,0,0,93,0,93,0,13,129,0,142,68,0,68,210
06/01/2003,MMU,NJ,AEA,EN,Towers with Display (VFR),0,18,63,0,81,0,4,109,0,113,0,22,172,0,194,104,0,104,298
06/02/2003,MMU,NJ,AEA,EN,Towers with Display (VFR),0,7,77,0,84,0,6,445,0,451,0,13,522,0,535,300,0,300,835
06/03/2003,MMU,NJ,AEA,EN,Towers with Display (VFR),0,27,63,0,90,0,0,346,0,346,0,27,409,0,436,246,0,246,682
06/04/2003,MMU,NJ,AEA,EN,Towers with Display (VFR),0,25,118,0,143,0,0,7,0,7,0,25,125,0,150,0,0,0,150
06/05/2003,MMU,NJ,AEA,EN,Towers with Display (VFR),0,41,122,0,163,0,0,375,0,375,0,41,497,0,538,204,0,204,742
06/06/2003,MMU,NJ,AEA,EN,Towers with Display (VFR),0,21,97,2,120,0,2,545,0,547,0,23,642,2,667,274,0,274,941
06/07/2003,MMU,NJ,AEA,EN,Towers with Display (VFR),0,12,42,0,54,0,0,34,0,34,0,12,76,0,88,60,0,60,148
06/08/2003,MMU,NJ,AEA,EN,Towers with Display (VFR),0,19,77,0,96,0,12,358,0,370,0,31,435,0,466,260,0,260,726
06/09/2003,MMU,NJ,AEA,EN,Towers with Display (VFR),0,19,89,1,109,0,0,231,0,231,0,19,320,1,340,206,0,206,546
06/10/2003,MMU,NJ,AEA,EN,Towers with Display (VFR),0,41,83,0,124,0,0,405,0,405,0,41,488,0,529,310,0,310,839
06/11/2003,MMU,NJ,AEA,EN,Towers with Display (VFR),0,48,105,0,153,0,4,244,0,248,0,52,349,0,401,196,0,196,597
06/12/2003,MMU,NJ,AEA,EN,Towers with Display (VFR),0,43,103,0,146,0,0,443,0,443,0,43,546,0,589,295,0,295,884
06/13/2003,MMU,NJ,AEA,EN,Towers with Display (VFR),0,27,94,0,121,0,0,0,0,0,0,27,94,0,121,0,0,0,121
06/14/2003,MMU,NJ,AEA,EN,Towers with Display (VFR),0,21,55,0,76,0,0,188,0,188,0,21,243,0,264,152,0,152,416
06/15/2003,MMU,NJ,AEA,EN,Towers with Display (VFR),0,21,43,0,64,0,2,483,0,485,0,23,526,0,549,436,0,436,985
06/16/2003,MMU,NJ,AEA,EN,Towers with Display (VFR),0,35,108,0,143,0,0,322,0,322,0,35,430,0,465,256,0,256,721
06/17/2003,MMU,NJ,AEA,EN,Towers with Display (VFR),0,23,90,2,115,0,4,361,0,365,0,27,451,2,480,246,0,246,726
06/18/2003,MMU,NJ,AEA,EN,Towers with Display (VFR),0,23,97,0,120,0,0,41,0,41,0,23,138,0,161,0,0,0,161
06/19/2003,MMU,NJ,AEA,EN,Towers with Display (VFR),0,35,129,0,164,0,0,10,0,10,0,35,139,0,174,10,0,10,184
06/20/2003,MMU,NJ,AEA,EN,Towers with Display (VFR),0,36,112,0,148,0,0,12,0,12,0,36,124,0,160,16,0,16,176
06/21/2003,MMU,NJ,AEA,EN,Towers with Display (VFR),0,22,41,0,63,0,1,7,0,8,0,23,48,0,71,2,0,2,73
06/22/2003,MMU,NJ,AEA,EN,Towers with Display (VFR),0,33,72,0,105,0,11,331,0,342,0,44,403,0,447,394,0,394,841
06/23/2003,MMU,NJ,AEA,EN,Towers with Display (VFR),0,22,116,0,138,0,2,265,0,267,0,24,381,0,405,182,0,182,587
06/24/2003,MMU,NJ,AEA,EN,Towers with Display (VFR),0,31,88,0,119,0,0,453,0,453,0,31,541,0,572,372,0,372,944
06/25/2003,MMU,NJ,AEA,EN,Towers with Display (VFR),0,23,78,0,101,0,0,396,4,400,0,23,474,4,501,180,0,180,681
06/26/2003,MMU,NJ,AEA,EN,Towers with Display (VFR),0,24,94,0,118,0,0,304,0,304,0,24,398,0,422,222,0,222,644
06/27/2003,MMU,NJ,AEA,EN,Towers with Display (VFR),0,36,88,0,124,0,0,380,0,380,0,36,468,0,504,236,0,236,740
06/28/2003,MMU,NJ,AEA,EN,Towers with Display (VFR),0,24,33,0,57,0,2,425,2,429,0,26,458,2,486,318,0,318,804
06/29/2003,MMU,NJ,AEA,EN,Towers with Display (VFR),0,31,68,0,99,0,8,479,0,487,0,39,547,0,586,496,0,496,1082
06/30/2003,MMU,NJ,AEA,EN,Towers with Display (VFR),0,26,73,0,99,0,0,290,0,290,0,26,363,0,389,220,0,220,609
07/01/2003,MMU,NJ,AEA,EN,Towers with Display (VFR),0,29,87,0,116,0,8,370,2,380,0,37,457,2,496,270,0,270,766
07/02/2003,MMU,NJ,AEA,EN,Towers with Display (VFR),0,35,65,0,100,0,0,524,0,524,0,35,589,0,624,392,0,392,1016
07/03/2003,MMU,NJ,AEA,EN,Towers with Display (VFR),0,32,93,0,125,0,0,348,0,348,0,32,441,0,473,262,0,262,735
07/04/2003,MMU,NJ,AEA,EN,Towers with Display (VFR),0,7,16,0,23,0,0,287,0,287,0,7,303,0,310,194,0,194,504
07/05/2003,MMU,NJ,AEA,EN,Towers with Display (VFR),0,10,35,0,45,0,5,304,0,309,0,15,339,0,354,190,0,190,544
07/06/2003,MMU,NJ,AEA,EN,Towers with Display (VFR),0,32,49,0,81,0,21,455,0,476,0,53,504,0,557,388,0,388,945
07/07/2003,MMU,NJ,AEA,EN,Towers with Display (VFR),0,21,55,0,76,0,0,320,0,320,0,21,375,0,396,162,0,162,558
07/08/2003,MMU,NJ,AEA,EN,Towers with Display (VFR),0,25,101,0,126,0,0,443,0,443,0,25,544,0,569,240,0,240,809
07/09/2003,MMU,NJ,AEA,EN,Towers with Display (VFR),0,18,82,4,104,0,0,404,0,404,0,18,486,4,508,200,0,200,708
07/10/2003,MMU,NJ,AEA,EN,Towers with Display (VFR),0,32,135,0,167,0,0,143,0,143,0,32,278,0,310,32,0,32,342
07/11/2003,MMU,NJ,AEA,EN,Towers with Display (VFR),0,37,90,0,127,0,0,137,0,137,0,37,227,0,264,164,0,164,428
07/12/2003,MMU,NJ,AEA,EN,Towers with Display (VFR),0,0,26,0,26,0,26,549,0,575,0,26,575,0,601,386,0,386,987
07/13/2003,MMU,NJ,AEA,EN,Towers with Display (VFR),0,45,69,0,114,0,0,428,0,428,0,45,497,0,542,374,0,374,916
07/14/2003,MMU,NJ,AEA,EN,Towers with Display (VFR),0,50,59,0,109,0,0,369,0,369,0,50,428,0,478,250,0,250,728
07/15/2003,MMU,NJ,AEA,EN,Towers with Display (VFR),0,25,98,2,125,0,0,352,0,352,0,25,450,2,477,300,0,300,777
07/16/2003,MMU,NJ,AEA,EN,Towers with Display (VFR),0,28,93,0,121,0,0,332,0,332,0,28,425,0,453,158,0,158,611
07/17/2003,MMU,NJ,AEA,EN,Towers with Display (VFR),0,27,96,0,123,0,0,584,0,584,0,27,680,0,707,472,0,472,1179
07/18/2003,MMU,NJ,AEA,EN,Towers with Display (VFR),0,34,86,0,120,0,1,367,0,368,0,35,453,0,488,264,0,264,752
07/19/2003,MMU,NJ,AEA,EN,Towers with Display (VFR),0,5,50,0,55,0,0,576,0,576,0,5,626,0,631,384,0,384,1015
07/20/2003,MMU,NJ,AEA,EN,Towers with Display (VFR),0,33,81,0,114,0,1,470,0,471,0,34,551,0,585,374,0,374,959
07/21/2003,MMU,NJ,AEA,EN,Towers with Display (VFR),0,14,114,0,128,0,0,112,0,112,0,14,226,0,240,34,0,34,274
07/22/2003,MMU,NJ,AEA,EN,Towers with Display (VFR),0,25,94,0,119,0,0,208,0,208,0,25,302,0,327,98,0,98,425
07/23/2003,MMU,NJ,AEA,EN,Towers with Display (VFR),0,32,73,0,105,0,0,283,0,283,0,32,356,0,388,0,0,0,388
07/24/2003,MMU,NJ,AEA,EN,Towers with Display (VFR),0,52,118,0,170,0,0,448,0,448,0,52,566,0,618,213,0,213,831
07/25/2003,MMU,NJ,AEA,EN,Towers with Display (VFR),0,47,83,0,130,0,0,566,0,566,0,47,649,0,696,316,0,316,1012
07/26/2003,MMU,NJ,AEA,EN,Towers with Display (VFR),0,13,45,0,58,0,0,455,0,455,0,13,500,0,513,344,0,344,857
07/27/2003,MMU,NJ,AEA,EN,Towers with Display (VFR),0,36,82,0,118,0,10,478,0,488,0,46,560,0,606,382,0,382,988
07/28/2003,MMU,NJ,AEA,EN,Towers with Display (VFR),0,21,80,0,101,0,0,493,0,493,0,21,573,0,594,300,0,300,894
07/29/2003,MMU,NJ,AEA,EN,Towers with Display (VFR),0,45,72,0,117,0,16,402,0,418,0,61,474,0,535,276,0,276,811
07/30/2003,MMU,NJ,AEA,EN,Towers with Display (VFR),0,27,93,0,120,0,0,565,0,565,0,27,658,0,685,296,0,296,981
07/31/2003,MMU,NJ,AEA,EN,Towers with Display (VFR),0,34,120,0,154,0,0,434,4,438,0,34,554,4,592,306,2,308,900
08/01/2003,MMU,NJ,AEA,EN,Towers with Display (VFR),0,30,95,0,125,0,0,0,0,0,0,30,95,0,125,0,0,0,125
08/02/2003,MMU,NJ,AEA,EN,Towers with Display (VFR),0,10,55,3,68,0,0,327,53,380,0,10,382,56,448,206,0,206,654
08/03/2003,MMU,NJ,AEA,EN,Towers with Display (VFR),0,26,90,0,116,0,1,179,0,180,0,27,269,0,296,118,0,118,414
08/04/2003,MMU,NJ,AEA,EN,Towers with Display (VFR),0,15,78,0,93,0,0,211,0,211,0,15,289,0,304,10,0,10,314
08/05/2003,MMU,NJ,AEA,EN,Towers with Display (VFR),0,20,79,0,99,0,1,42,0,43,0,21,121,0,142,34,0,34,176
08/06/2003,MMU,NJ,AEA,EN,Towers with Display (VFR),0,36,73,0,109,0,0,333,0,333,0,36,406,0,442,320,0,320,762
08/07/2003,MMU,NJ,AEA,EN,Towers with Display (VFR),0,44,140,0,184,0,0,26,0,26,0,44,166,0,210,14,0,14,224
08/08/2003,MMU,NJ,AEA,EN,Towers with Display (VFR),0,43,77,0,120,0,0,141,0,141,0,43,218,0,261,88,0,88,349
08/09/2003,MMU,NJ,AEA,EN,Towers with Display (VFR),0,27,65,0,92,0,0,36,0,36,0,27,101,0,128,26,0,26,154
08/10/2003,MMU,NJ,AEA,EN,Towers with Display (VFR),0,36,78,0,114,0,0,250,0,250,0,36,328,0,364,132,0,132,496
08/11/2003,MMU,NJ,AEA,EN,Towers with Display (VFR),0,27,107,0,134,0,0,141,0,141,0,27,248,0,275,150,0,150,425
08/12/2003,MMU,NJ,AEA,EN,Towers with Display (VFR),0,26,129,0,155,0,2,619,0,621,0,28,748,0,776,160,0,160,936
08/13/2003,MMU,NJ,AEA,EN,Towers with Display (VFR),0,31,112,1,144,0,0,252,0,252,0,31,364,1,396,122,0,122,518
08/14/2003,MMU,NJ,AEA,EN,Towers with Display (VFR),0,29,91,0,120,0,0,498,0,498,0,29,589,0,618,296,0,296,914
08/15/2003,MMU,NJ,AEA,EN,Towers with Display (VFR),0,37,78,1,116,0,4,494,0,498,0,41,572,1,614,370,0,370,984
08/16/2003,MMU,NJ,AEA,EN,Towers with Display (VFR),0,14,44,0,58,0,0,226,0,226,0,14,270,0,284,264,0,264,548
08/17/2003,MMU,NJ,AEA,EN,Towers with Display (VFR),0,19,58,1,78,0,1,270,0,271,0,20,328,1,349,224,0,224,573
08/18/2003,MMU,NJ,AEA,EN,Towers with Display (VFR),0,34,106,0,140,0,0,580,0,580,0,34,686,0,720,264,0,264,984
08/19/2003,MMU,NJ,AEA,EN,Towers with Display (VFR),0,19,94,2,115,0,3,398,0,401,0,22,492,2,516,314,0,314,830
08/20/2003,MMU,NJ,AEA,EN,Towers with Display (VFR),0,22,73,0,95,0,0,414,0,414,0,22,487,0,509,324,0,324,833
08/21/2003,MMU,NJ,AEA,EN,Towers with Display (VFR),0,24,86,0,110,0,0,401,0,401,0,24,487,0,511,250,0,250,761
08/22/2003,MMU,NJ,AEA,EN,Towers with Display (VFR),0,38,91,0,129,0,0,87,0,87,0,38,178,0,216,58,0,58,274
08/23/2003,MMU,NJ,AEA,EN,Towers with Display (VFR),0,13,23,0,36,0,0,423,0,423,0,13,446,0,459,322,0,322,781
08/24/2003,MMU,NJ,AEA,EN,Towers with Display (VFR),0,21,36,0,57,0,2,447,4,453,0,23,483,4,510,346,0,346,856
08/25/2003,MMU,NJ,AEA,EN,Towers with Display (VFR),0,32,80,2,114,0,0,503,0,503,0,32,583,2,617,324,0,324,941
08/26/2003,MMU,NJ,AEA,EN,Towers with Display (VFR),0,40,85,0,125,0,1,353,0,354,0,41,438,0,479,238,0,238,717
08/27/2003,MMU,NJ,AEA,EN,Towers with Display (VFR),0,27,81,0,108,0,0,588,0,588,0,27,669,0,696,310,0,310,1006
08/28/2003,MMU,NJ,AEA,EN,Towers with Display (VFR),0,29,73,2,104,0,0,678,2,680,0,29,751,4,784,388,0,388,1172
08/29/2003,MMU,NJ,AEA,EN,Towers with Display (VFR),0,33,92,0,125,0,1,208,8,217,0,34,300,8,342,210,0,210,552
08/30/2003,MMU,NJ,AEA,EN,Towers with Display (VFR),0,12,56,0,68,0,3,343,0,346,0,15,399,0,414,238,0,238,652
08/31/2003,MMU,NJ,AEA,EN,Towers with Display (VFR),0,14,26,0,40,0,10,503,0,513,0,24,529,0,553,458,0,458,1011
09/01/2003,MMU,NJ,AEA,EN,Towers with Display (VFR),0,31,71,0,102,0,0,0,0,0,0,31,71,0,102,0,0,0,102
09/02/2003,MMU,NJ,AEA,EN,Towers with Display (VFR),0,28,89,0,117,0,0,8,0,8,0,28,97,0,125,0,0,0,125
09/03/2003,MMU,NJ,AEA,EN,Towers with Display (VFR),0,28,92,0,120,0,0,4,0,4,0,28,96,0,124,0,0,0,124
09/04/2003,MMU,NJ,AEA,EN,Towers with Display (VFR),0,29,107,0,136,0,0,48,0,48,0,29,155,0,184,32,0,32,216
09/05/2003,MMU,NJ,AEA,EN,Towers with Display (VFR),0,25,88,0,113,0,2,393,0,395,0,27,481,0,508,270,0,270,778
09/06/2003,MMU,NJ,AEA,EN,Towers with Display (VFR),0,10,22,0,32,0,7,427,0,434,0,17,449,0,466,380,0,380,846
09/07/2003,MMU,NJ,AEA,EN,Towers with Display (VFR),0,17,63,0,80,0,0,462,0,462,0,17,525,0,542,398,0,398,940
09/08/2003,MMU,NJ,AEA,EN,Towers with Display (VFR),0,29,58,0,87,0,0,494,0,494,0,29,552,0,581,336,0,336,917
09/09/2003,MMU,NJ,AEA,EN,Towers with Display (VFR),0,27,90,2,119,0,0,434,0,434,0,27,524,2,553,292,0,292,845
09/10/2003,MMU,NJ,AEA,EN,Towers with Display (VFR),0,29,72,0,101,0,0,413,0,413,0,29,485,0,514,170,0,170,684
09/11/2003,MMU,NJ,AEA,EN,Towers with Display (VFR),0,24,81,0,105,0,1,522,0,523,0,25,603,0,628,288,0,288,916
09/12/2003,MMU,NJ,AEA,EN,Towers with Display (VFR),0,25,89,0,114,0,1,410,0,411,0,26,499,0,525,274,0,274,799
09/13/2003,MMU,NJ,AEA,EN,Towers with Display (VFR),0,8,34,0,42,0,0,0,0,0,0,8,34,0,42,0,0,0,42
09/14/2003,MMU,NJ,AEA,EN,Towers with Display (VFR),0,36,77,0,113,0,2,229,0,231,0,38,306,0,344,230,0,230,574
09/15/2003,MMU,NJ,AEA,EN,Towers with Display (VFR),0,29,81,0,110,0,0,120,0,120,0,29,201,0,230,0,0,0,230
09/16/2003,MMU,NJ,AEA,EN,Towers with Display (VFR),0,20,99,0,119,0,4,493,2,499,0,24,592,2,618,280,0,280,898
09/17/2003,MMU,NJ,AEA,EN,Towers with Display (VFR),0,22,89,0,111,0,6,440,0,446,0,28,529,0,557,360,0,360,917
09/18/2003,MMU,NJ,AEA,EN,Towers with Display (VFR),0,15,54,0,69,0,0,266,0,266,0,15,320,0,335,92,0,92,427
09/19/2003,MMU,NJ,AEA,EN,Towers with Display (VFR),0,14,41,0,55,0,0,95,0,95,0,14,136,0,150,2,0,2,152
09/20/2003,MMU,NJ,AEA,EN,Towers with Display (VFR),0,10,43,0,53,0,4,321,8,333,0,14,364,8,386,394,0,394,780
09/21/2003,MMU,NJ,AEA,EN,Towers with Display (VFR),0,20,47,0,67,0,0,461,0,461,0,20,508,0,528,377,0,377,905
09/22/2003,MMU,NJ,AEA,EN,Towers with Display (VFR),0,30,88,0,118,0,0,428,0,428,0,30,516,0,546,296,0,296,842
09/23/2003,MMU,NJ,AEA,EN,Towers with Display (VFR),0,43,119,0,162,0,0,21,0,21,0,43,140,0,183,0,0,0,183
09/24/2003,MMU,NJ,AEA,EN,Towers with Display (VFR),0,26,140,0,166,0,0,166,0,166,0,26,306,0,332,102,0,102,434
09/25/2003,MMU,NJ,AEA,EN,Towers with Display (VFR),0,29,104,1,134,0,0,368,1,369,0,29,472,2,503,270,0,270,773
09/26/2003,MMU,NJ,AEA,EN,Towers with Display (VFR),0,27,99,0,126,0,0,312,0,312,0,27,411,0,438,116,0,116,554
09/27/2003,MMU,NJ,AEA,EN,Towers with Display (VFR),0,17,40,0,57,0,1,286,0,287,0,18,326,0,344,148,0,148,492
09/28/2003,MMU,NJ,AEA,EN,Towers with Display (VFR),0,30,70,0,100,0,1,101,0,102,0,31,171,0,202,124,0,124,326
09/29/2003,MMU,NJ,AEA,EN,Towers with Display (VFR),0,14,97,0,111,0,2,405,0,407,0,16,502,0,518,292,0,292,810
09/30/2003,MMU,NJ,AEA,EN,Towers with Display (VFR),0,19,99,0,118,0,0,396,0,396,0,19,495,0,514,300,0,300,814
10/01/2003,MMU,NJ,AEA,EN,Towers with Display (VFR),0,24,80,0,104,0,2,418,0,420,0,26,498,0,524,200,0,200,724
10/02/2003,MMU,NJ,AEA,EN,Towers with Display (VFR),0,34,102,0,136,0,0,297,0,297,0,34,399,0,433,174,0,174,607
10/03/2003,MMU,NJ,AEA,EN,Towers with Display (VFR),0,26,84,0,110,0,0,368,0,368,0,26,452,0,478,286,0,286,764
10/04/2003,MMU,NJ,AEA,EN,Towers with Display (VFR),0,5,30,0,35,0,0,153,0,153,0,5,183,0,188,156,0,156,344
10/05/2003,MMU,NJ,AEA,EN,Towers with Display (VFR),0,14,47,0,61,0,0,455,0,455,0,14,502,0,516,396,0,396,912
10/06/2003,MMU,NJ,AEA,EN,Towers with Display (VFR),0,36,71,0,107,0,0,446,0,446,0,36,517,0,553,318,0,318,871
10/07/2003,MMU,NJ,AEA,EN,Towers with Display (VFR),0,21,103,0,124,0,15,390,2,407,0,36,493,2,531,224,0,224,755
10/08/2003,MMU,NJ,AEA,EN,Towers with Display (VFR),0,31,97,0,128,0,0,281,0,281,0,31,378,0,409,220,0,220,629
10/09/2003,MMU,NJ,AEA,EN,Towers with Display (VFR),0,33,108,0,141,0,0,275,0,275,0,33,383,0,416,260,0,260,676
10/10/2003,MMU,NJ,AEA,EN,Towers with Display (VFR),0,26,163,0,189,0,3,39,0,42,0,29,202,0,231,0,0,0,231
10/11/2003,MMU,NJ,AEA,EN,Towers with Display (VFR),0,11,33,0,44,0,5,305,0,310,0,16,338,0,354,248,0,248,602
10/12/2003,MMU,NJ,AEA,EN,Towers with Display (VFR),0,21,69,0,90,0,0,363,0,363,0,21,432,0,453,392,0,392,845
10/13/2003,MMU,NJ,AEA,EN,Towers with Display (VFR),0,34,73,0,107,0,0,497,0,497,0,34,570,0,604,324,0,324,928
10/14/2003,MMU,NJ,AEA,EN,Towers with Display (VFR),0,36,77,0,113,0,0,320,0,320,0,36,397,0,433,194,0,194,627
10/15/2003,MMU,NJ,AEA,EN,Towers with Display (VFR),0,27,57,0,84,0,0,193,0,193,0,27,250,0,277,0,0,0,277
10/16/2003,MMU,NJ,AEA,EN,Towers with Display (VFR),0,27,94,0,121,0,0,417,0,417,0,27,511,0,538,268,0,268,806
10/17/2003,MMU,NJ,AEA,EN,Towers with Display (VFR),0,30,93,0,123,0,0,352,0,352,0,30,445,0,475,248,0,248,723
10/18/2003,MMU,NJ,AEA,EN,Towers with Display (VFR),0,5,37,0,42,0,4,369,0,373,0,9,406,0,415,342,0,342,757
10/19/2003,MMU,NJ,AEA,EN,Towers with Display (VFR),0,19,47,0,66,0,1,365,0,366,0,20,412,0,432,312,0,312,744
10/20/2003,MMU,NJ,AEA,EN,Towers with Display (VFR),0,26,59,0,85,0,0,468,0,468,0,26,527,0,553,284,0,284,837
10/21/2003,MMU,NJ,AEA,EN,Towers with Display (VFR),0,27,96,0,123,0,0,249,0,249,0,27,345,0,372,180,0,180,552
10/22/2003,MMU,NJ,AEA,EN,Towers with Display (VFR),0,27,71,0,98,0,0,386,0,386,0,27,457,0,484,312,0,312,796
10/23/2003,MMU,NJ,AEA,EN,Towers with Display (VFR),0,34,122,0,156,0,0,330,0,330,0,34,452,0,486,204,0,204,690
10/24/2003,MMU,NJ,AEA,EN,Towers with Display (VFR),0,43,70,0,113,0,1,367,0,368,0,44,437,0,481,190,0,190,671
10/25/2003,MMU,NJ,AEA,EN,Towers with Display (VFR),0,26,34,0,60,0,0,408,0,408,0,26,442,0,468,286,0,286,754
10/26/2003,MMU,NJ,AEA,EN,Towers with Display (VFR),0,29,84,0,113,0,4,191,0,195,0,33,275,0,308,184,0,184,492
10/27/2003,MMU,NJ,AEA,EN,Towers with Display (VFR),0,26,86,0,112,0,0,30,0,30,0,26,116,0,142,0,0,0,142
10/28/2003,MMU,NJ,AEA,EN,Towers with Display (VFR),0,39,70,0,109,0,0,349,2,351,0,39,419,2,460,248,0,248,708
10/29/2003,MMU,NJ,AEA,EN,Towers with Display (VFR),0,32,77,0,109,0,4,135,0,139,0,36,212,0,248,0,0,0,248
10/30/2003,MMU,NJ,AEA,EN,Towers with Display (VFR),0,30,88,0,118,0,0,510,0,510,0,30,598,0,628,284,0,284,912
10/31/2003,MMU,NJ,AEA,EN,Towers with Display (VFR),0,35,77,0,112,0,2,404,0,406,0,37,481,0,518,256,0,256,774
11/01/2003,MMU,NJ,AEA,EN,Towers with Display (VFR),0,18,32,0,50,0,2,539,0,541,0,20,571,0,591,388,0,388,979
11/02/2003,MMU,NJ,AEA,EN,Towers with Display (VFR),0,31,62,0,93,0,3,356,0,359,0,34,418,0,452,342,0,342,794
11/03/2003,MMU,NJ,AEA,EN,Towers with Display (VFR),0,24,84,0,108,0,0,311,0,311,0,24,395,0,419,228,0,228,647
11/04/2003,MMU,NJ,AEA,EN,Towers with Display (VFR),0,42,122,0,164,0,0,0,0,0,0,42,122,0,164,0,0,0,164
11/05/2003,MMU,NJ,AEA,EN,Towers with Display (VFR),0,30,108,4,142,0,0,0,0,0,0,30,108,4,142,0,0,0,142
11/06/2003,MMU,NJ,AEA,EN,Towers with Display (VFR),0,46,97,0,143,0,0,285,0,285,0,46,382,0,428,120,0,120,548
11/07/2003,MMU,NJ,AEA,EN,Towers with Display (VFR),0,26,73,0,99,0,0,425,0,425,0,26,498,0,524,256,0,256,780
11/08/2003,MMU,NJ,AEA,EN,Towers with Display (VFR),0,19,36,0,55,0,3,345,0,348,0,22,381,0,403,228,0,228,631
11/09/2003,MMU,NJ,AEA,EN,Towers with Display (VFR),0,32,68,0,100,0,6,453,0,459,0,38,521,0,559,382,0,382,941
11/10/2003,MMU,NJ,AEA,EN,Towers with Display (VFR),0,22,57,0,79,0,0,427,0,427,0,22,484,0,506,270,0,270,776
11/11/2003,MMU,NJ,AEA,EN,Towers with Display (VFR),0,31,83,0,114,0,0,349,0,349,0,31,432,0,463,288,0,288,751
11/12/2003,MMU,NJ,AEA,EN,Towers with Display (VFR),0,34,105,0,139,0,0,0,0,0,0,34,105,0,139,0,0,0,139
11/13/2003,MMU,NJ,AEA,EN,Towers with Display (VFR),0,25,52,0,77,0,0,85,0,85,0,25,137,0,162,0,0,0,162
11/14/2003,MMU,NJ,AEA,EN,Towers with Display (VFR),0,32,78,0,110,0,1,139,0,140,0,33,217,0,250,0,0,0,250
11/15/2003,MMU,NJ,AEA,EN,Towers with Display (VFR),0,17,32,0,49,0,3,364,0,367,0,20,396,0,416,256,0,256,672
11/16/2003,MMU,NJ,AEA,EN,Towers with Display (VFR),0,15,58,0,73,0,3,455,0,458,0,18,513,0,531,408,0,408,939
11/17/2003,MMU,NJ,AEA,EN,Towers with Display (VFR),0,27,104,0,131,0,0,77,0,77,0,27,181,0,208,68,0,68,276
11/18/2003,MMU,NJ,AEA,EN,Towers with Display (VFR),0,28,101,0,129,0,0,13,0,13,0,28,114,0,142,0,0,0,142
11/19/2003,MMU,NJ,AEA,EN,Towers with Display (VFR),0,30,75,0,105,0,0,38,0,38,0,30,113,0,143,0,0,0,143
11/20/2003,MMU,NJ,AEA,EN,Towers with Display (VFR),0,28,79,1,108,0,1,248,0,249,0,29,327,1,357,40,0,40,397
11/21/2003,MMU,NJ,AEA,EN,Towers with Display (VFR),0,22,83,0,105,0,0,328,0,328,0,22,411,0,433,190,0,190,623
11/22/2003,MMU,NJ,AEA,EN,Towers with Display (VFR),0,8,25,0,33,0,3,495,0,498,0,11,520,0,531,312,0,312,843
11/23/2003,MMU,NJ,AEA,EN,Towers with Display (VFR),0,19,48,0,67,0,0,607,0,607,0,19,655,0,674,464,0,464,1138
11/24/2003,MMU,NJ,AEA,EN,Towers with Display (VFR),0,21,79,0,100,0,1,218,0,219,0,22,297,0,319,228,0,228,547
11/25/2003,MMU,NJ,AEA,EN,Towers with Display (VFR),0,39,90,0,129,0,0,425,0,425,0,39,515,0,554,290,0,290,844
11/26/2003,MMU,NJ,AEA,EN,Towers with Display (VFR),0,46,92,0,138,0,0,362,0,362,0,46,454,0,500,270,0,270,770
11/27/2003,MMU,NJ,AEA,EN,Towers with Display (VFR),0,16,16,0,32,0,0,114,0,114,0,16,130,0,146,18,0,18,164
11/28/2003,MMU,NJ,AEA,EN,Towers with Display (VFR),0,27,30,3,60,0,0,0,0,0,0,27,30,3,60,0,0,0,60
11/29/2003,MMU,NJ,AEA,EN,Towers with Display (VFR),0,30,35,0,65,0,2,121,0,123,0,32,156,0,188,20,0,20,208
11/30/2003,MMU,NJ,AEA,EN,Towers with Display (VFR),0,36,92,0,128,0,6,446,0,452,0,42,538,0,580,362,0,362,942
12/01/2003,MMU,NJ,AEA,EN,Towers with Display (VFR),0,24,64,0,88,0,0,215,0,215,0,24,279,0,303,64,0,64,367
12/02/2003,MMU,NJ,AEA,EN,Towers with Display (VFR),0,30,74,2,106,0,1,184,1,186,0,31,258,3,292,0,0,0,292
12/03/2003,MMU,NJ,AEA,EN,Towers with Display (VFR),0,37,71,0,108,0,0,326,0,326,0,37,397,0,434,162,0,162,596
12/04/2003,MMU,NJ,AEA,EN,Towers with Display (VFR),0,37,85,0,122,0,0,360,0,360,0,37,445,0,482,226,0,226,708
12/05/2003,MMU,NJ,AEA,EN,Towers with Display (VFR),0,29,71,0,100,0,1,29,0,30,0,30,100,0,130,12,0,12,142
12/06/2003,MMU,NJ,AEA,EN,Towers with Display (VFR),0,1,2,0,3,0,0,0,0,0,0,1,2,0,3,0,0,0,3
12/07/2003,MMU,NJ,AEA,EN,Towers with Display (VFR),0,30,49,2,81,0,4,128,0,132,0,34,177,2,213,26,0,26,239
12/08/2003,MMU,NJ,AEA,EN,Towers with Display (VFR),0,29,61,0,90,0,0,320,0,320,0,29,381,0,410,108,0,108,518
12/09/2003,MMU,NJ,AEA,EN,Towers with Display (VFR),0,29,94,0,123,0,8,320,0,328,0,37,414,0,451,212,0,212,663
12/10/2003,MMU,NJ,AEA,EN,Towers with Display (VFR),0,41,120,4,165,0,0,153,0,153,0,41,273,4,318,102,0,102,420
12/11/2003,MMU,NJ,AEA,EN,Towers with Display (VFR),0,34,76,0,110,0,0,76,0,76,0,34,152,0,186,8,0,8,194
12/12/2003,MMU,NJ,AEA,EN,Towers with Display (VFR),0,31,90,0,121,0,0,360,0,360,0,31,450,0,481,206,0,206,687
12/13/2003,MMU,NJ,AEA,EN,Towers with Display (VFR),0,11,33,0,44,0,0,340,10,350,0,11,373,10,394,254,0,254,648
12/14/2003,MMU,NJ,AEA,EN,Towers with Display (VFR),0,13,32,0,45,0,0,0,0,0,0,13,32,0,45,0,0,0,45
12/15/2003,MMU,NJ,AEA,EN,Towers with Display (VFR),0,10,54,0,64,0,0,315,0,315,0,10,369,0,379,14,0,14,393
12/16/2003,MMU,NJ,AEA,EN,Towers with Display (VFR),0,30,83,0,113,0,4,319,0,323,0,34,402,0,436,228,0,228,664
12/17/2003,MMU,NJ,AEA,EN,Towers with Display (VFR),0,18,84,0,102,0,0,0,0,0,0,18,84,0,102,0,0,0,102
12/18/2003,MMU,NJ,AEA,EN,Towers with Display (VFR),0,28,77,0,105,0,0,355,0,355,0,28,432,0,460,196,0,196,656
12/19/2003,MMU,NJ,AEA,EN,Towers with Display (VFR),0,37,75,0,112,0,0,313,0,313,0,37,388,0,425,210,0,210,635
12/20/2003,MMU,NJ,AEA,EN,Towers with Display (VFR),0,19,40,0,59,0,1,373,0,374,0,20,413,0,433,296,0,296,729
12/21/2003,MMU,NJ,AEA,EN,Towers with Display (VFR),0,22,33,0,55,0,0,369,0,369,0,22,402,0,424,314,0,314,738
12/22/2003,MMU,NJ,AEA,EN,Towers with Display (VFR),0,17,60,0,77,0,6,326,0,332,0,23,386,0,409,260,0,260,669
12/23/2003,MMU,NJ,AEA,EN,Towers with Display (VFR),0,19,14,0,33,0,0,203,0,203,0,19,217,0,236,66,0,66,302
12/24/2003,MMU,NJ,AEA,EN,Towers with Display (VFR),0,19,41,0,60,0,0,4,0,4,0,19,45,0,64,0,0,0,64
12/25/2003,MMU,NJ,AEA,EN,Towers with Display (VFR),0,35,57,0,92,0,1,421,0,422,0,36,478,0,514,212,0,212,726
12/26/2003,MMU,NJ,AEA,EN,Towers with Display (VFR),0,19,50,0,69,0,0,278,0,278,0,19,328,0,347,210,0,210,557
12/27/2003,MMU,NJ,AEA,EN,Towers with Display (VFR),0,23,63,0,86,0,4,360,0,364,0,27,423,0,450,288,0,288,738
12/28/2003,MMU,NJ,AEA,EN,Towers with Display (VFR),0,19,31,0,50,0,0,400,0,400,0,19,431,0,450,302,0,302,752
12/29/2003,MMU,NJ,AEA,EN,Towers with Display (VFR),0,10,47,0,57,0,5,348,4,357,0,15,395,4,414,212,0,212,626
12/30/2003,MMU,NJ,AEA,EN,Towers with Display (VFR),0,13,33,0,46,0,1,96,0,97,0,14,129,0,143,0,0,0,143
12/31/2003,MMU,NJ,AEA,EN,Towers with Display (VFR),0,12,30,0,42,0,0,302,0,302,0,12,332,0,344,258,0,258,602
01/01/2004,MMU,NJ,AEA,EN,Towers with Display (VFR),0,21,19,0,40,0,0,284,0,284,0,21,303,0,324,184,0,184,508
01/02/2004,MMU,NJ,AEA,EN,Towers with Display (VFR),0,16,37,0,53,0,2,325,0,327,0,18,362,0,380,238,0,238,618
01/03/2004,MMU,NJ,AEA,EN,Towers with Display (VFR),0,36,45,0,81,0,0,273,0,273,0,36,318,0,354,300,0,300,654
01/04/2004,MMU,NJ,AEA,EN,Towers with Display (VFR),0,39,82,0,121,0,0,128,0,128,0,39,210,0,249,66,0,66,315
01/05/2004,MMU,NJ,AEA,EN,Towers with Display (VFR),0,23,64,0,87,0,0,0,0,0,0,23,64,0,87,0,0,0,87
01/06/2004,MMU,NJ,AEA,EN,Towers with Display (VFR),0,19,71,0,90,0,0,333,0,333,0,19,404,0,423,178,0,178,601
01/07/2004,MMU,NJ,AEA,EN,Towers with Display (VFR),0,34,74,0,108,0,0,359,0,359,0,34,433,0,467,18,0,18,485
01/08/2004,MMU,NJ,AEA,EN,Towers with Display (VFR),0,23,56,0,79,0,0,376,0,376,0,23,432,0,455,268,0,268,723
01/09/2004,MMU,NJ,AEA,EN,Towers with Display (VFR),0,25,81,0,106,0,0,354,0,354,0,25,435,0,460,242,0,242,702
01/10/2004,MMU,NJ,AEA,EN,Towers with Display (VFR),0,12,29,2,43,0,0,269,0,269,0,12,298,2,312,248,0,248,560
01/11/2004,MMU,NJ,AEA,EN,Towers with Display (VFR),0,21,46,0,67,0,17,350,0,367,0,38,396,0,434,230,0,230,664
01/12/2004,MMU,NJ,AEA,EN,Towers with Display (VFR),0,26,67,0,93,0,0,193,0,193,0,26,260,0,286,128,0,128,414
01/13/2004,MMU,NJ,AEA,EN,Towers with Display (VFR),0,30,65,0,95,0,8,289,2,299,0,38,354,2,394,168,0,168,562
01/14/2004,MMU,NJ,AEA,EN,Towers with Display (VFR),0,34,58,0,92,0,0,266,0,266,0,34,324,0,358,156,0,156,514
01/15/2004,MMU,NJ,AEA,EN,Towers with Display (VFR),0,32,54,0,86,0,0,142,0,142,0,32,196,0,228,0,0,0,228
01/16/2004,MMU,NJ,AEA,EN,Towers with Display (VFR),0,45,66,0,111,0,1,178,0,179,0,46,244,0,290,46,0,46,336
01/17/2004,MMU,NJ,AEA,EN,Towers with Display (VFR),0,16,27,0,43,0,2,263,2,267,0,18,290,2,310,214,0,214,524
01/18/2004,MMU,NJ,AEA,EN,Towers with Display (VFR),0,16,46,0,62,0,0,2,0,2,0,16,48,0,64,0,0,0,64
01/19/2004,MMU,NJ,AEA,EN,Towers with Display (VFR),0,39,72,2,113,0,0,271,0,271,0,39,343,2,384,0,0,0,384
01/20/2004,MMU,NJ,AEA,EN,Towers with Display (VFR),0,35,77,0,112,0,0,213,0,213,0,35,290,0,325,48,0,48,373
01/21/2004,MMU,NJ,AEA,EN,Towers with Display (VFR),0,17,75,0,92,0,0,279,0,279,0,17,354,0,371,238,0,238,609
01/22/2004,MMU,NJ,AEA,EN,Towers with Display (VFR),0,32,60,0,92,0,0,242,0,242,0,32,302,0,334,100,0,100,434
01/23/2004,MMU,NJ,AEA,EN,Towers with Display (VFR),0,26,51,0,77,0,0,272,0,272,0,26,323,0,349,152,0,152,501
01/24/2004,MMU,NJ,AEA,EN,Towers with Display (VFR),0,27,45,0,72,0,13,351,0,364,0,40,396,0,436,294,0,294,730
01/25/2004,MMU,NJ,AEA,EN,Towers with Display (VFR),0,7,42,0,49,0,0,351,0,351,0,7,393,0,400,278,0,278,678
01/26/2004,MMU,NJ,AEA,EN,Towers with Display (VFR),0,9,61,0,70,0,0,198,0,198,0,9,259,0,268,48,0,48,316
01/27/2004,MMU,NJ,AEA,EN,Towers with Display (VFR),0,24,51,0,75,0,0,35,0,35,0,24,86,0,110,10,0,10,120
01/28/2004,MMU,NJ,AEA,EN,Towers with Display (VFR),0,13,43,0,56,0,0,88,0,88,0,13,131,0,144,0,0,0,144
01/29/2004,MMU,NJ,AEA,EN,Towers with Display (VFR),0,35,83,0,118,0,0,227,0,227,0,35,310,0,345,0,0,0,345
01/30/2004,MMU,NJ,AEA,EN,Towers with Display (VFR),0,26,58,0,84,0,0,307,0,307,0,26,365,0,391,148,0,148,539
01/31/2004,MMU,NJ,AEA,EN,Towers with Display (VFR),0,21,25,0,46,0,0,233,0,233,0,21,258,0,279,160,0,160,439
02/01/2004,MMU,NJ,AEA,EN,Towers with Display (VFR),0,17,53,0,70,0,21,351,0,372,0,38,404,0,442,290,0,290,732
02/02/2004,MMU,NJ,AEA,EN,Towers with Display (VFR),0,32,61,4,97,0,0,366,0,366,0,32,427,4,463,243,0,243,706
02/03/2004,MMU,NJ,AEA,EN,Towers with Display (VFR),0,36,69,0,105,0,1,13,0,14,0,37,82,0,119,22,0,22,141
02/04/2004,MMU,NJ,AEA,EN,Towers with Display (VFR),0,29,157,0,186,0,0,192,0,192,0,29,349,0,378,104,0,104,482
02/05/2004,MMU,NJ,AEA,EN,Towers with Display (VFR),0,35,95,0,130,0,0,306,0,306,0,35,401,0,436,216,0,216,652
02/06/2004,MMU,NJ,AEA,EN,Towers with Display (VFR),0,18,58,0,76,0,0,0,0,0,0,18,58,0,76,0,0,0,76
02/07/2004,MMU,NJ,AEA,EN,Towers with Display (VFR),0,11,42,0,53,0,3,270,0,273,0,14,312,0,326,252,0,252,578
02/08/2004,MMU,NJ,AEA,EN,Towers with Display (VFR),0,23,57,0,80,0,1,361,0,362,0,24,418,0,442,278,0,278,720
02/09/2004,MMU,NJ,AEA,EN,Towers with Display (VFR),0,17,65,0,82,0,0,429,0,429,0,17,494,0,511,270,0,270,781
02/10/2004,MMU,NJ,AEA,EN,Towers with Display (VFR),0,26,75,2,103,0,5,424,0,429,0,31,499,2,532,242,0,242,774
02/11/2004,MMU,NJ,AEA,EN,Towers with Display (VFR),0,28,84,0,112,0,0,401,0,401,0,28,485,0,513,330,0,330,843
02/12/2004,MMU,NJ,AEA,EN,Towers with Display (VFR),0,24,100,0,124,0,5,216,0,221,0,29,316,0,345,134,0,134,479
02/13/2004,MMU,NJ,AEA,EN,Towers with Display (VFR),0,38,93,0,131,0,0,326,0,326,0,38,419,0,457,154,0,154,611
02/14/2004,MMU,NJ,AEA,EN,Towers with Display (VFR),0,18,25,0,43,0,3,342,0,345,0,21,367,0,388,314,0,314,702
02/15/2004,MMU,NJ,AEA,EN,Towers with Display (VFR),0,13,38,0,51,0,3,313,0,316,0,16,351,0,367,340,0,340,707
02/16/2004,MMU,NJ,AEA,EN,Towers with Display (VFR),0,29,73,0,102,0,0,496,0,496,0,29,569,0,598,310,0,310,908
02/17/2004,MMU,NJ,AEA,EN,Towers with Display (VFR),0,29,72,0,101,0,3,347,0,350,0,32,419,0,451,178,0,178,629
02/18/2004,MMU,NJ,AEA,EN,Towers with Display (VFR),0,32,78,0,110,0,0,320,6,326,0,32,398,6,436,122,0,122,558
02/19/2004,MMU,NJ,AEA,EN,Towers with Display (VFR),0,39,84,0,123,0,0,252,0,252,0,39,336,0,375,120,0,120,495
02/20/2004,MMU,NJ,AEA,EN,Towers with Display (VFR),0,38,86,0,124,0,0,321,0,321,0,38,407,0,445,266,0,266,711
02/21/2004,MMU,NJ,AEA,EN,Towers with Display (VFR),0,27,28,0,55,0,0,164,4,168,0,27,192,4,223,108,0,108,331
02/22/2004,MMU,NJ,AEA,EN,Towers with Display (VFR),0,29,66,0,95,0,5,244,0,249,0,34,310,0,344,178,0,178,522
02/23/2004,MMU,NJ,AEA,EN,Towers with Display (VFR),0,25,72,3,100,0,7,292,0,299,0,32,364,3,399,174,0,174,573
02/24/2004,MMU,NJ,AEA,EN,Towers with Display (VFR),0,31,102,0,133,0,0,71,0,71,0,31,173,0,204,10,0,10,214
02/25/2004,MMU,NJ,AEA,EN,Towers with Display (VFR),0,29,75,4,108,0,0,413,0,413,0,29,488,4,521,260,0,260,781
02/26/2004,MMU,NJ,AEA,EN,Towers with Display (VFR),0,26,69,1,96,0,0,277,3,280,0,26,346,4,376,146,0,146,522
02/27/2004,MMU,NJ,AEA,EN,Towers with Display (VFR),0,25,65,0,90,0,0,386,0,386,0,25,451,0,476,228,0,228,704
02/28/2004,MMU,NJ,AEA,EN,Towers with Display (VFR),0,14,28,0,42,0,2,352,3,357,0,16,380,3,399,316,0,316,715
02/29/2004,MMU,NJ,AEA,EN,Towers with Display (VFR),0,19,40,0,59,0,4,396,0,400,0,23,436,0,459,316,0,316,775
03/01/2004,MMU,NJ,AEA,EN,Towers with Display (VFR),0,28,62,7,97,0,0,393,0,393,0,28,455,7,490,222,0,222,712
03/02/2004,MMU,NJ,AEA,EN,Towers with Display (VFR),0,27,73,1,101,0,0,229,1,230,0,27,302,2,331,160,0,160,491
03/03/2004,MMU,NJ,AEA,EN,Towers with Display (VFR),0,35,58,2,95,0,0,344,0,344,0,35,402,2,439,230,0,230,669
03/04/2004,MMU,NJ,AEA,EN,Towers with Display (VFR),0,27,103,0,130,0,0,25,0,25,0,27,128,0,155,0,0,0,155
03/05/2004,MMU,NJ,AEA,EN,Towers with Display (VFR),0,51,87,0,138,0,0,0,0,0,0,51,87,0,138,0,0,0,138
03/06/2004,MMU,NJ,AEA,EN,Towers with Display (VFR),0,20,41,0,61,0,1,119,0,120,0,21,160,0,181,78,0,78,259
03/07/2004,MMU,NJ,AEA,EN,Towers with Display (VFR),0,22,74,0,96,0,3,428,0,431,0,25,502,0,527,390,0,390,917
03/08/2004,MMU,NJ,AEA,EN,Towers with Display (VFR),0,17,51,0,68,0,0,0,0,0,0,17,51,0,68,0,0,0,68
03/09/2004,MMU,NJ,AEA,EN,Towers with Display (VFR),0,31,107,0,138,0,2,246,0,248,0,33,353,0,386,178,0,178,564
03/10/2004,MMU,NJ,AEA,EN,Towers with Display (VFR),0,33,68,4,105,0,0,229,0,229,0,33,297,4,334,82,0,82,416
03/11/2004,MMU,NJ,AEA,EN,Towers with Display (VFR),0,30,54,0,84,0,1,364,4,369,0,31,418,4,453,294,0,294,747
03/12/2004,MMU,NJ,AEA,EN,Towers with Display (VFR),0,35,84,0,119,0,0,308,0,308,0,35,392,0,427,100,0,100,527
03/13/2004,MMU,NJ,AEA,EN,Towers with Display (VFR),0,20,58,0,78,0,2,301,0,303,0,22,359,0,381,184,0,184,565
03/14/2004,MMU,NJ,AEA,EN,Towers with Display (VFR),0,36,55,0,91,0,0,406,0,406,0,36,461,0,497,322,0,322,819
03/15/2004,MMU,NJ,AEA,EN,Towers with Display (VFR),0,43,61,1,105,0,0,301,0,301,0,43,362,1,406,106,0,106,512
03/16/2004,MMU,NJ,AEA,EN,Towers with Display (VFR),0,21,63,2,86,0,0,49,0,49,0,21,112,2,135,0,0,0,135
03/17/2004,MMU,NJ,AEA,EN,Towers with Display (VFR),0,25,80,0,105,0,0,7,0,7,0,25,87,0,112,0,0,0,112
03/18/2004,MMU,NJ,AEA,EN,Towers with Display (VFR),0,40,85,0,125,0,0,246,0,246,0,40,331,0,371,132,0,132,503
03/19/2004,MMU,NJ,AEA,EN,Towers with Display (VFR),0,25,64,0,89,0,0,188,0,188,0,25,252,0,277,152,0,152,429
03/20/2004,MMU,NJ,AEA,EN,Towers with Display (VFR),0,28,27,0,55,0,7,320,0,327,0,35,347,0,382,176,0,176,558
03/21/2004,MMU,NJ,AEA,EN,Towers with Display (VFR),0,25,58,0,83,0,3,247,0,250,0,28,305,0,333,186,0,186,519
03/22/2004,MMU,NJ,AEA,EN,Towers with Display (VFR),0,15,55,3,73,0,3,303,21,327,0,18,358,24,400,74,0,74,474
03/23/2004,MMU,NJ,AEA,EN,Towers with Display (VFR),0,35,55,4,94,0,2,374,10,386,0,37,429,14,480,162,0,162,642
03/24/2004,MMU,NJ,AEA,EN,Towers with Display (VFR),0,41,61,6,108,0,0,336,0,336,0,41,397,6,444,206,0,206,650
03/25/2004,MMU,NJ,AEA,EN,Towers with Display (VFR),0,34,71,2,107,0,2,227,0,229,0,36,298,2,336,172,0,172,508
03/26/2004,MMU,NJ,AEA,EN,Towers with Display (VFR),0,22,69,0,91,0,0,339,0,339,0,22,408,0,430,250,0,250,680
03/27/2004,MMU,NJ,AEA,EN,Towers with Display (VFR),0,21,60,0,81,0,0,291,0,291,0,21,351,0,372,216,0,216,588
03/28/2004,MMU,NJ,AEA,EN,Towers with Display (VFR),0,31,61,0,92,0,0,432,0,432,0,31,493,0,524,346,0,346,870
03/29/2004,MMU,NJ,AEA,EN,Towers with Display (VFR),0,31,66,0,97,0,0,350,0,350,0,31,416,0,447,170,0,170,617
03/30/2004,MMU,NJ,AEA,EN,Towers with Display (VFR),0,27,82,0,109,0,0,287,2,289,0,27,369,2,398,176,0,176,574
03/31/2004,MMU,NJ,AEA,EN,Towers with Display (VFR),0,38,90,0,128,0,0,0,0,0,0,38,90,0,128,0,0,0,128
04/01/2004,MMU,NJ,AEA,EN,Towers with Display (VFR),0,34,82,0,116,0,0,25,0,25,0,34,107,0,141,0,0,0,141
04/02/2004,MMU,NJ,AEA,EN,Towers with Display (VFR),0,33,95,0,128,0,0,104,0,104,0,33,199,0,232,82,0,82,314
04/03/2004,MMU,NJ,AEA,EN,Towers with Display (VFR),0,15,44,0,59,0,3,277,0,280,0,18,321,0,339,214,0,214,553
04/04/2004,MMU,NJ,AEA,EN,Towers with Display (VFR),0,28,33,0,61,0,3,192,0,195,0,31,225,0,256,236,0,236,492
04/05/2004,MMU,NJ,AEA,EN,Towers with Display (VFR),0,19,79,0,98,0,5,205,0,210,0,24,284,0,308,16,0,16,324
04/06/2004,MMU,NJ,AEA,EN,Towers with Display (VFR),0,28,87,0,115,0,3,349,0,352,0,31,436,0,467,152,0,152,619
04/07/2004,MMU,NJ,AEA,EN,Towers with Display (VFR),0,35,52,0,87,0,0,473,2,475,0,35,525,2,562,320,0,320,882
04/08/2004,MMU,NJ,AEA,EN,Towers with Display (VFR),0,50,87,0,137,0,0,307,0,307,0,50,394,0,444,128,0,128,572
04/09/2004,MMU,NJ,AEA,EN,Towers with Display (VFR),0,37,72,0,109,0,0,430,0,430,0,37,502,0,539,234,0,234,773
04/10/2004,MMU,NJ,AEA,EN,Towers with Display (VFR),0,18,20,0,38,0,4,386,0,390,0,22,406,0,428,332,0,332,760
04/11/2004,MMU,NJ,AEA,EN,Towers with Display (VFR),0,45,48,0,93,0,2,197,0,199,0,47,245,0,292,122,0,122,414
04/12/2004,MMU,NJ,AEA,EN,Towers with Display (VFR),0,28,85,0,113,0,0,259,0,259,0,28,344,0,372,84,0,84,456
04/13/2004,MMU,NJ,AEA,EN,Towers with Display (VFR),0,35,68,2,105,0,0,0,0,0,0,35,68,2,105,0,0,0,105
04/14/2004,MMU,NJ,AEA,EN,Towers with Display (VFR),0,26,96,0,122,0,0,3,0,3,0,26,99,0,125,0,0,0,125
04/15/2004,MMU,NJ,AEA,EN,Towers with Display (VFR),0,40,88,0,128,0,0,413,0,413,0,40,501,0,541,172,0,172,713
04/16/2004,MMU,NJ,AEA,EN,Towers with Display (VFR),0,28,73,0,101,0,0,402,0,402,0,28,475,0,503,250,0,250,753
04/17/2004,MMU,NJ,AEA,EN,Towers with Display (VFR),0,19,28,0,47,0,6,384,0,390,0,25,412,0,437,142,0,142,579
04/18/2004,MMU,NJ,AEA,EN,Towers with Display (VFR),0,29,58,0,87,0,4,393,0,397,0,33,451,0,484,372,0,372,856
04/19/2004,MMU,NJ,AEA,EN,Towers with Display (VFR),0,24,68,0,92,0,0,328,0,328,0,24,396,0,420,172,0,172,592
04/20/2004,MMU,NJ,AEA,EN,Towers with Display (VFR),0,23,84,0,107,0,4,313,0,317,0,27,397,0,424,126,0,126,550
04/21/2004,MMU,NJ,AEA,EN,Towers with Display (VFR),0,21,87,0,108,0,0,279,0,279,0,21,366,0,387,230,0,230,617
04/22/2004,MMU,NJ,AEA,EN,Towers with Display (VFR),0,34,93,0,127,0,1,296,0,297,0,35,389,0,424,250,0,250,674
04/23/2004,MMU,NJ,AEA,EN,Towers with Display (VFR),0,35,100,0,135,0,0,429,0,429,0,35,529,0,564,242,0,242,806
04/24/2004,MMU,NJ,AEA,EN,Towers with Display (VFR),0,16,47,0,63,0,4,391,0,395,0,20,438,0,458,362,0,362,820
04/25/2004,MMU,NJ,AEA,EN,Towers with Display (VFR),0,34,64,0,98,0,2,279,0,281,0,36,343,0,379,282,0,282,661
04/26/2004,MMU,NJ,AEA,EN,Towers with Display (VFR),0,24,92,0,116,0,0,0,0,0,0,24,92,0,116,0,0,0,116
04/27/2004,MMU,NJ,AEA,EN,Towers with Display (VFR),0,35,102,0,137,0,2,301,0,303,0,37,403,0,440,172,0,172,612
04/28/2004,MMU,NJ,AEA,EN,Towers with Display (VFR),0,31,66,2,99,0,0,434,0,434,0,31,500,2,533,200,0,200,733
04/29/2004,MMU,NJ,AEA,EN,Towers with Display (VFR),0,22,89,4,115,0,0,408,0,408,0,22,497,4,523,226,0,226,749
04/30/2004,MMU,NJ,AEA,EN,Towers with Display (VFR),0,21,63,0,84,0,0,396,0,396,0,21,459,0,480,340,0,340,820
05/01/2004,MMU,NJ,AEA,EN,Towers with Display (VFR),0,11,32,0,43,0,2,424,0,426,0,13,456,0,469,366,0,366,835
05/02/2004,MMU,NJ,AEA,EN,Towers with Display (VFR),0,32,67,0,99,0,1,67,0,68,0,33,134,0,167,114,0,114,281
05/03/2004,MMU,NJ,AEA,EN,Towers with Display (VFR),0,24,81,0,105,0,0,45,0,45,0,24,126,0,150,0,0,0,150
05/04/2004,MMU,NJ,AEA,EN,Towers with Display (VFR),0,36,91,0,127,0,2,509,0,511,0,38,600,0,638,328,0,328,966
05/05/2004,MMU,NJ,AEA,EN,Towers with Display (VFR),0,40,66,0,106,0,0,492,0,492,0,40,558,0,598,276,0,276,874
05/06/2004,MMU,NJ,AEA,EN,Towers with Display (VFR),0,45,98,0,143,0,0,414,0,414,0,45,512,0,557,266,0,266,823
05/07/2004,MMU,NJ,AEA,EN,Towers with Display (VFR),0,26,81,1,108,0,0,355,0,355,0,26,436,1,463,276,0,276,739
05/08/2004,MMU,NJ,AEA,EN,Towers with Display (VFR),0,14,26,0,40,0,9,431,0,440,0,23,457,0,480,386,0,386,866
05/09/2004,MMU,NJ,AEA,EN,Towers with Display (VFR),0,16,45,0,61,0,5,318,0,323,0,21,363,0,384,372,0,372,756
05/10/2004,MMU,NJ,AEA,EN,Towers with Display (VFR),0,34,92,0,126,0,3,395,0,398,0,37,487,0,524,302,0,302,826
05/11/2004,MMU,NJ,AEA,EN,Towers with Display (VFR),0,34,96,0,130,0,0,359,0,359,0,34,455,0,489,208,0,208,697
05/12/2004,MMU,NJ,AEA,EN,Towers with Display (VFR),0,41,72,4,117,0,0,394,0,394,0,41,466,4,511,196,4,200,711
05/13/2004,MMU,NJ,AEA,EN,Towers with Display (VFR),0,42,113,0,155,0,0,297,0,297,0,42,410,0,452,180,0,180,632
05/14/2004,MMU,NJ,AEA,EN,Towers with Display (VFR),0,26,88,0,114,0,0,100,0,100,0,26,188,0,214,68,0,68,282
05/15/2004,MMU,NJ,AEA,EN,Towers with Display (VFR),0,15,41,0,56,0,0,429,0,429,0,15,470,0,485,394,0,394,879
05/16/2004,MMU,NJ,AEA,EN,Towers with Display (VFR),0,27,66,0,93,0,0,581,0,581,0,27,647,0,674,440,0,440,1114
05/17/2004,MMU,NJ,AEA,EN,Towers with Display (VFR),0,26,102,0,128,0,0,275,0,275,0,26,377,0,403,110,0,110,513
05/18/2004,MMU,NJ,AEA,EN,Towers with Display (VFR),0,37,100,0,137,0,0,238,2,240,0,37,338,2,377,166,0,166,543
05/19/2004,MMU,NJ,AEA,EN,Towers with Display (VFR),0,35,106,4,145,0,0,339,0,339,0,35,445,4,484,200,0,200,684
05/20/2004,MMU,NJ,AEA,EN,Towers with Display (VFR),0,35,96,0,131,0,0,359,0,359,0,35,455,0,490,262,0,262,752
05/21/2004,MMU,NJ,AEA,EN,Towers with Display (VFR),0,31,119,0,150,0,0,198,0,198,0,31,317,0,348,92,0,92,440
05/22/2004,MMU,NJ,AEA,EN,Towers with Display (VFR),0,16,47,0,63,0,2,249,0,251,0,18,296,0,314,230,0,230,544
05/23/2004,MMU,NJ,AEA,EN,Towers with Display (VFR),0,20,70,2,92,0,12,214,0,226,0,32,284,2,318,248,0,248,566
05/24/2004,MMU,NJ,AEA,EN,Towers with Display (VFR),0,20,99,0,119,0,9,105,0,114,0,29,204,0,233,66,0,66,299
05/25/2004,MMU,NJ,AEA,EN,Towers with Display (VFR),0,40,80,0,120,0,0,395,0,395,0,40,475,0,515,316,0,316,831
05/26/2004,MMU,NJ,AEA,EN,Towers with Display (VFR),0,33,109,0,142,0,0,0,0,0,0,33,109,0,142,0,0,0,142
05/27/2004,MMU,NJ,AEA,EN,Towers with Display (VFR),0,54,129,0,183,0,0,292,0,292,0,54,421,0,475,288,0,288,763
05/28/2004,MMU,NJ,AEA,EN,Towers with Display (VFR),0,40,115,0,155,0,0,192,0,192,0,40,307,0,347,158,0,158,505
05/29/2004,MMU,NJ,AEA,EN,Towers with Display (VFR),0,19,24,0,43,0,0,339,0,339,0,19,363,0,382,390,0,390,772
05/30/2004,MMU,NJ,AEA,EN,Towers with Display (VFR),0,13,29,0,42,0,4,388,0,392,0,17,417,0,434,370,0,370,804
05/31/2004,MMU,NJ,AEA,EN,Towers with Display (VFR),0,45,75,0,120,0,0,241,0,241,0,45,316,0,361,196,0,196,557
06/01/2004,MMU,NJ,AEA,EN,Towers with Display (VFR),0,31,103,0,134,0,0,139,0,139,0,31,242,0,273,102,0,102,375
06/02/2004,MMU,NJ,AEA,EN,Towers with Display (VFR),0,28,70,0,98,0,0,363,0,363,0,28,433,0,461,376,0,376,837
06/03/2004,MMU,NJ,AEA,EN,Towers with Display (VFR),0,45,103,0,148,0,0,511,0,511,0,45,614,0,659,308,0,308,967
06/04/2004,MMU,NJ,AEA,EN,Towers with Display (VFR),0,20,59,0,79,0,0,414,0,414,0,20,473,0,493,290,0,290,783
06/05/2004,MMU,NJ,AEA,EN,Towers with Display (VFR),0,17,29,0,46,0,3,270,0,273,0,20,299,0,319,254,0,254,573
06/06/2004,MMU,NJ,AEA,EN,Towers with Display (VFR),0,27,86,0,113,0,10,71,0,81,0,37,157,0,194,44,0,44,238
06/07/2004,MMU,NJ,AEA,EN,Towers with Display (VFR),0,37,71,0,108,0,0,335,0,335,0,37,406,0,443,194,0,194,637
06/08/2004,MMU,NJ,AEA,EN,Towers with Display (VFR),0,26,134,2,162,0,0,480,4,484,0,26,614,6,646,300,0,300,946
06/09/2004,MMU,NJ,AEA,EN,Towers with Display (VFR),0,29,77,0,106,0,0,445,0,445,0,29,522,0,551,242,0,242,793
06/10/2004,MMU,NJ,AEA,EN,Towers with Display (VFR),0,38,116,0,154,0,0,328,0,328,0,38,444,0,482,132,0,132,614
06/11/2004,MMU,NJ,AEA,EN,Towers with Display (VFR),0,34,111,0,145,0,0,460,0,460,0,34,571,0,605,300,0,300,905
06/12/2004,MMU,NJ,AEA,EN,Towers with Display (VFR),0,16,41,1,58,0,0,591,0,591,0,16,632,1,649,390,0,390,1039
06/13/2004,MMU,NJ,AEA,EN,Towers with Display (VFR),0,28,53,0,81,0,3,480,0,483,0,31,533,0,564,400,0,400,964
06/14/2004,MMU,NJ,AEA,EN,Towers with Display (VFR),0,17,72,0,89,0,0,175,0,175,0,17,247,0,264,50,0,50,314
06/15/2004,MMU,NJ,AEA,EN,Towers with Display (VFR),0,31,93,0,124,0,2,411,0,413,0,33,504,0,537,318,0,318,855
06/16/2004,MMU,NJ,AEA,EN,Towers with Display (VFR),0,35,83,0,118,0,0,470,0,470,0,35,553,0,588,322,0,322,910
06/17/2004,MMU,NJ,AEA,EN,Towers with Display (VFR),0,33,116,0,149,0,0,238,0,238,0,33,354,0,387,216,0,216,603
06/18/2004,MMU,NJ,AEA,EN,Towers with Display (VFR),0,46,104,0,150,0,0,355,0,355,0,46,459,0,505,242,0,242,747
06/19/2004,MMU,NJ,AEA,EN,Towers with Display (VFR),0,26,47,0,73,0,0,441,0,441,0,26,488,0,514,424,0,424,938
06/20/2004,MMU,NJ,AEA,EN,Towers with Display (VFR),0,34,55,0,89,0,2,582,0,584,0,36,637,0,673,402,0,402,1075
06/21/2004,MMU,NJ,AEA,EN,Towers with Display (VFR),0,32,67,0,99,0,0,218,0,218,0,32,285,0,317,238,0,238,555
06/22/2004,MMU,NJ,AEA,EN,Towers with Display (VFR),0,37,99,0,136,0,0,114,0,114,0,37,213,0,250,60,0,60,310
06/23/2004,MMU,NJ,AEA,EN,Towers with Display (VFR),0,33,87,0,120,0,0,442,0,442,0,33,529,0,562,326,0,326,888
06/24/2004,MMU,NJ,AEA,EN,Towers with Display (VFR),0,31,89,0,120,0,0,378,0,378,0,31,467,0,498,302,0,302,800
06/25/2004,MMU,NJ,AEA,EN,Towers with Display (VFR),0,33,111,0,144,0,0,167,0,167,0,33,278,0,311,48,0,48,359
06/26/2004,MMU,NJ,AEA,EN,Towers with Display (VFR),0,16,55,0,71,0,4,237,0,241,0,20,292,0,312,206,0,206,518
06/27/2004,MMU,NJ,AEA,EN,Towers with Display (VFR),0,16,48,0,64,0,4,339,0,343,0,20,387,0,407,346,0,346,753
06/28/2004,MMU,NJ,AEA,EN,Towers with Display (VFR),0,23,87,0,110,0,0,337,0,337,0,23,424,0,447,198,0,198,645
06/29/2004,MMU,NJ,AEA,EN,Towers with Display (VFR),0,38,94,0,132,0,1,438,0,439,0,39,532,0,571,236,0,236,807
06/30/2004,MMU,NJ,AEA,EN,Towers with Display (VFR),0,35,71,0,106,0,0,388,0,388,0,35,459,0,494,262,0,262,756
07/01/2004,MMU,NJ,AEA,EN,Towers with Display (VFR),0,51,79,0,130,0,0,425,0,425,0,51,504,0,555,276,0,276,831
07/02/2004,MMU,NJ,AEA,EN,Towers with Display (VFR),0,45,86,0,131,0,0,400,0,400,0,45,486,0,531,222,0,222,753
07/03/2004,MMU,NJ,AEA,EN,Towers with Display (VFR),0,10,19,0,29,0,2,358,0,360,0,12,377,0,389,226,0,226,615
07/04/2004,MMU,NJ,AEA,EN,Towers with Display (VFR),0,3,14,0,17,0,2,295,0,297,0,5,309,0,314,244,0,244,558
07/05/2004,MMU,NJ,AEA,EN,Towers with Display (VFR),0,32,59,0,91,0,0,197,0,197,0,32,256,0,288,162,0,162,450
07/06/2004,MMU,NJ,AEA,EN,Towers with Display (VFR),0,42,74,0,116,0,0,450,0,450,0,42,524,0,566,224,0,224,790
07/07/2004,MMU,NJ,AEA,EN,Towers with Display (VFR),0,41,66,2,109,0,0,467,0,467,0,41,533,2,576,290,0,290,866
07/08/2004,MMU,NJ,AEA,EN,Towers with Display (VFR),0,34,99,0,133,0,0,394,0,394,0,34,493,0,527,276,0,276,803
07/09/2004,MMU,NJ,AEA,EN,Towers with Display (VFR),0,33,69,0,102,0,0,360,2,362,0,33,429,2,464,274,0,274,738
07/10/2004,MMU,NJ,AEA,EN,Towers with Display (VFR),0,10,28,2,40,0,2,380,0,382,0,12,408,2,422,322,0,322,744
07/11/2004,MMU,NJ,AEA,EN,Towers with Display (VFR),0,39,64,0,103,0,1,383,0,384,0,40,447,0,487,338,0,338,825
07/12/2004,MMU,NJ,AEA,EN,Towers with Display (VFR),0,16,65,0,81,0,0,16,0,16,0,16,81,0,97,0,0,0,97
07/13/2004,MMU,NJ,AEA,EN,Towers with Display (VFR),0,29,122,2,153,0,0,123,0,123,0,29,245,2,276,0,0,0,276
07/14/2004,MMU,NJ,AEA,EN,Towers with Display (VFR),0,44,90,1,135,0,0,111,0,111,0,44,201,1,246,58,0,58,304
07/15/2004,MMU,NJ,AEA,EN,Towers with Display (VFR),0,25,142,0,167,0,0,313,2,315,0,25,455,2,482,264,0,264,746
07/16/2004,MMU,NJ,AEA,EN,Towers with Display (VFR),0,29,92,0,121,0,0,496,0,496,0,29,588,0,617,308,0,308,925
07/17/2004,MMU,NJ,AEA,EN,Towers with Display (VFR),0,25,51,0,76,0,0,374,0,374,0,25,425,0,450,312,0,312,762
07/18/2004,MMU,NJ,AEA,EN,Towers with Display (VFR),0,31,68,0,99,0,0,0,0,0,0,31,68,0,99,0,0,0,99
07/19/2004,MMU,NJ,AEA,EN,Towers with Display (VFR),0,32,106,1,139,0,0,143,0,143,0,32,249,1,282,72,0,72,354
07/20/2004,MMU,NJ,AEA,EN,Towers with Display (VFR),0,23,97,0,120,0,6,446,0,452,0,29,543,0,572,274,0,274,846
07/21/2004,MMU,NJ,AEA,EN,Towers with Display (VFR),0,34,84,0,118,0,0,447,0,447,0,34,531,0,565,324,0,324,889
07/22/2004,MMU,NJ,AEA,EN,Towers with Display (VFR),0,32,129,0,161,0,0,303,0,303,0,32,432,0,464,316,0,316,780
07/23/2004,MMU,NJ,AEA,EN,Towers with Display (VFR),0,40,100,4,144,0,0,0,0,0,0,40,100,4,144,0,0,0,144
07/24/2004,MMU,NJ,AEA,EN,Towers with Display (VFR),0,18,34,1,53,0,0,244,0,244,0,18,278,1,297,220,0,220,517
07/25/2004,MMU,NJ,AEA,EN,Towers with Display (VFR),0,17,74,0,91,0,4,331,0,335,0,21,405,0,426,318,0,318,744
07/26/2004,MMU,NJ,AEA,EN,Towers with Display (VFR),0,11,80,0,91,0,0,438,0,438,0,11,518,0,529,300,0,300,829
07/27/2004,MMU,NJ,AEA,EN,Towers with Display (VFR),0,29,88,0,117,0,3,100,0,103,0,32,188,0,220,10,0,10,230
07/28/2004,MMU,NJ,AEA,EN,Towers with Display (VFR),0,13,89,0,102,0,0,55,0,55,0,13,144,0,157,18,0,18,175
07/29/2004,MMU,NJ,AEA,EN,Towers with Display (VFR),0,40,69,0,109,0,0,0,0,0,0,40,69,0,109,356,0,356,465
07/30/2004,MMU,NJ,AEA,EN,Towers with Display (VFR),0,35,88,0,123,0,0,185,0,185,0,35,273,0,308,66,0,66,374
07/31/2004,MMU,NJ,AEA,EN,Towers with Display (VFR),0,15,51,4,70,0,0,248,0,248,0,15,299,4,318,294,0,294,612
08/01/2004,MMU,NJ,AEA,EN,Towers with Display (VFR),0,21,70,0,91,0,1,175,0,176,0,22,245,0,267,162,0,162,429
08/02/2004,MMU,NJ,AEA,EN,Towers with Display (VFR),0,28,70,0,98,0,0,330,0,330,0,28,400,0,428,286,0,286,714
08/03/2004,MMU,NJ,AEA,EN,Towers with Display (VFR),0,27,92,0,119,0,0,252,0,252,0,27,344,0,371,236,0,236,607
08/04/2004,MMU,NJ,AEA,EN,Towers with Display (VFR),0,28,56,0,84,0,0,436,0,436,0,28,492,0,520,230,0,230,750
08/05/2004,MMU,NJ,AEA,EN,Towers with Display (VFR),0,40,90,4,134,0,0,369,0,369,0,40,459,4,503,344,0,344,847
08/06/2004,MMU,NJ,AEA,EN,Towers with Display (VFR),0,43,86,0,129,0,0,470,0,470,0,43,556,0,599,344,0,344,943
08/07/2004,MMU,NJ,AEA,EN,Towers with Display (VFR),0,13,43,0,56,0,14,361,0,375,0,27,404,0,431,302,0,302,733
08/08/2004,MMU,NJ,AEA,EN,Towers with Display (VFR),0,43,67,0,110,0,2,412,0,414,0,45,479,0,524,290,0,290,814
08/09/2004,MMU,NJ,AEA,EN,Towers with Display (VFR),0,24,78,0,102,0,1,347,0,348,0,25,425,0,450,126,0,126,576
08/10/2004,MMU,NJ,AEA,EN,Towers with Display (VFR),0,21,80,0,101,0,2,299,0,301,0,23,379,0,402,186,0,186,588
08/11/2004,MMU,NJ,AEA,EN,Towers with Display (VFR),0,13,66,2,81,0,0,206,0,206,0,13,272,2,287,98,0,98,385
08/12/2004,MMU,NJ,AEA,EN,Towers with Display (VFR),0,38,114,0,152,0,0,144,0,144,0,38,258,0,296,104,0,104,400
08/13/2004,MMU,NJ,AEA,EN,Towers with Display (VFR),0,41,86,0,127,0,0,314,0,314,0,41,400,0,441,248,0,248,689
08/14/2004,MMU,NJ,AEA,EN,Towers with Display (VFR),0,29,67,0,96,0,5,292,0,297,0,34,359,0,393,186,0,186,579
08/15/2004,MMU,NJ,AEA,EN,Towers with Display (VFR),0,26,65,0,91,0,0,66,0,66,0,26,131,0,157,22,0,22,179
08/16/2004,MMU,NJ,AEA,EN,Towers with Display (VFR),0,36,106,0,142,0,0,64,0,64,0,36,170,0,206,22,0,22,228
08/17/2004,MMU,NJ,AEA,EN,Towers with Display (VFR),0,27,103,0,130,0,0,459,0,459,0,27,562,0,589,274,0,274,863
08/18/2004,MMU,NJ,AEA,EN,Towers with Display (VFR),0,25,126,0,151,0,3,102,2,107,0,28,228,2,258,74,0,74,332
08/19/2004,MMU,NJ,AEA,EN,Towers with Display (VFR),0,26,97,0,123,0,0,219,0,219,0,26,316,0,342,110,0,110,452
08/20/2004,MMU,NJ,AEA,EN,Towers with Display (VFR),0,41,110,0,151,0,0,382,0,382,0,41,492,0,533,118,0,118,651
08/21/2004,MMU,NJ,AEA,EN,Towers with Display (VFR),0,13,35,0,48,0,1,14,0,15,0,14,49,0,63,2,0,2,65
08/22/2004,MMU,NJ,AEA,EN,Towers with Display (VFR),0,21,44,0,65,0,1,475,0,476,0,22,519,0,541,396,0,396,937
08/23/2004,MMU,NJ,AEA,EN,Towers with Display (VFR),0,31,48,0,79,0,0,397,0,397,0,31,445,0,476,232,0,232,708
08/24/2004,MMU,NJ,AEA,EN,Towers with Display (VFR),0,35,68,0,103,0,0,447,0,447,0,35,515,0,550,276,0,276,826
08/25/2004,MMU,NJ,AEA,EN,Towers with Display (VFR),0,38,83,0,121,0,0,432,0,432,0,38,515,0,553,346,0,346,899
08/26/2004,MMU,NJ,AEA,EN,Towers with Display (VFR),0,43,92,0,135,0,0,460,0,460,0,43,552,0,595,340,0,340,935
08/27/2004,MMU,NJ,AEA,EN,Towers with Display (VFR),0,38,82,0,120,0,0,275,0,275,0,38,357,0,395,220,0,220,615
08/28/2004,MMU,NJ,AEA,EN,Towers with Display (VFR),0,18,34,0,52,0,0,319,0,319,0,18,353,0,371,354,0,354,725
08/29/2004,MMU,NJ,AEA,EN,Towers with Display (VFR),0,35,61,0,96,0,2,324,0,326,0,37,385,0,422,234,0,234,656
08/30/2004,MMU,NJ,AEA,EN,Towers with Display (VFR),0,34,123,0,157,0,0,6,0,6,0,34,129,0,163,0,0,0,163
08/31/2004,MMU,NJ,AEA,EN,Towers with Display (VFR),0,44,129,0,173,0,0,16,0,16,0,44,145,0,189,0,0,0,189
09/01/2004,MMU,NJ,AEA,EN,Towers with Display (VFR),0,29,116,0,145,0,0,92,0,92,0,29,208,0,237,0,0,0,237
09/02/2004,MMU,NJ,AEA,EN,Towers with Display (VFR),0,43,154,0,197,0,1,92,0,93,0,44,246,0,290,0,0,0,290
09/03/2004,MMU,NJ,AEA,EN,Towers with Display (VFR),0,29,78,0,107,0,0,426,0,426,0,29,504,0,533,318,0,318,851
09/04/2004,MMU,NJ,AEA,EN,Towers with Display (VFR),0,11,33,0,44,0,2,344,1,347,0,13,377,1,391,410,0,410,801
09/05/2004,MMU,NJ,AEA,EN,Towers with Display (VFR),0,21,47,0,68,0,3,267,0,270,0,24,314,0,338,232,0,232,570
09/06/2004,MMU,NJ,AEA,EN,Towers with Display (VFR),0,30,70,0,100,0,0,491,0,491,0,30,561,0,591,318,0,318,909
09/07/2004,MMU,NJ,AEA,EN,Towers with Display (VFR),0,30,121,0,151,0,0,169,0,169,0,30,290,0,320,66,0,66,386
09/08/2004,MMU,NJ,AEA,EN,Towers with Display (VFR),0,25,56,0,81,0,0,0,0,0,0,25,56,0,81,0,0,0,81
09/09/2004,MMU,NJ,AEA,EN,Towers with Display (VFR),0,21,114,0,135,0,6,147,0,153,0,27,261,0,288,54,0,54,342
09/10/2004,MMU,NJ,AEA,EN,Towers with Display (VFR),0,21,91,0,112,0,0,468,0,468,0,21,559,0,580,348,0,348,928
09/11/2004,MMU,NJ,AEA,EN,Towers with Display (VFR),0,10,38,0,48,0,5,424,2,431,0,15,462,2,479,306,0,306,785
09/12/2004,MMU,NJ,AEA,EN,Towers with Display (VFR),0,8,47,0,55,0,4,348,0,352,0,12,395,0,407,250,0,250,657
09/13/2004,MMU,NJ,AEA,EN,Towers with Display (VFR),0,19,52,0,71,0,0,298,0,298,0,19,350,0,369,270,0,270,639
09/14/2004,MMU,NJ,AEA,EN,Towers with Display (VFR),0,43,92,0,135,0,0,362,0,362,0,43,454,0,497,274,0,274,771
09/15/2004,MMU,NJ,AEA,EN,Towers with Display (VFR),0,40,87,3,130,0,0,354,0,354,0,40,441,3,484,306,0,306,790
09/16/2004,MMU,NJ,AEA,EN,Towers with Display (VFR),0,30,118,0,148,0,0,229,0,229,0,30,347,0,377,134,0,134,511
09/17/2004,MMU,NJ,AEA,EN,Towers with Display (VFR),0,30,92,0,122,0,0,147,0,147,0,30,239,0,269,106,0,106,375
09/18/2004,MMU,NJ,AEA,EN,Towers with Display (VFR),0,10,15,0,25,0,0,14,0,14,0,10,29,0,39,0,0,0,39
09/19/2004,MMU,NJ,AEA,EN,Towers with Display (VFR),0,22,69,1,92,0,0,478,1,479,0,22,547,2,571,410,0,410,981
09/20/2004,MMU,NJ,AEA,EN,Towers with Display (VFR),0,33,82,0,115,0,0,447,0,447,0,33,529,0,562,196,0,196,758
09/21/2004,MMU,NJ,AEA,EN,Towers with Display (VFR),0,37,99,0,136,0,0,106,0,106,0,37,205,0,242,0,0,0,242
09/22/2004,MMU,NJ,AEA,EN,Towers with Display (VFR),0,40,95,0,135,0,0,353,0,353,0,40,448,0,488,206,0,206,694
09/23/2004,MMU,NJ,AEA,EN,Towers with Display (VFR),0,34,114,0,148,0,2,359,4,365,0,36,473,4,513,172,0,172,685
09/24/2004,MMU,NJ,AEA,EN,Towers with Display (VFR),0,33,139,0,172,0,0,248,0,248,0,33,387,0,420,258,0,258,678
09/25/2004,MMU,NJ,AEA,EN,Towers with Display (VFR),0,13,46,1,60,0,2,360,2,364,0,15,406,3,424,416,0,416,840
09/26/2004,MMU,NJ,AEA,EN,Towers with Display (VFR),0,17,50,1,68,0,5,498,0,503,0,22,548,1,571,426,0,426,997
09/27/2004,MMU,NJ,AEA,EN,Towers with Display (VFR),0,20,108,0,128,0,0,295,0,295,0,20,403,0,423,164,0,164,587
09/28/2004,MMU,NJ,AEA,EN,Towers with Display (VFR),0,29,58,0,87,0,0,2,0,2,0,29,60,0,89,0,0,0,89
09/29/2004,MMU,NJ,AEA,EN,Towers with Display (VFR),0,33,71,3,107,0,0,357,0,357,0,33,428,3,464,230,0,230,694
09/30/2004,MMU,NJ,AEA,EN,Towers with Display (VFR),0,23,126,0,149,0,0,94,0,94,0,23,220,0,243,48,0,48,291
10/01/2004,MMU,NJ,AEA,EN,Towers with Display (VFR),0,20,103,0,123,0,0,403,0,403,0,20,506,0,526,294,0,294,820
10/02/2004,MMU,NJ,AEA,EN,Towers with Display (VFR),0,13,43,0,56,0,3,285,0,288,0,16,328,0,344,236,0,236,580
10/03/2004,MMU,NJ,AEA,EN,Towers with Display (VFR),0,26,71,0,97,0,0,520,0,520,0,26,591,0,617,472,0,472,1089
10/04/2004,MMU,NJ,AEA,EN,Towers with Display (VFR),0,17,90,0,107,0,0,335,0,335,0,17,425,0,442,230,0,230,672
10/05/2004,MMU,NJ,AEA,EN,Towers with Display (VFR),0,32,64,0,96,0,0,366,0,366,0,32,430,0,462,156,0,156,618
10/06/2004,MMU,NJ,AEA,EN,Towers with Display (VFR),0,36,94,0,130,0,0,454,0,454,0,36,548,0,584,152,0,152,736
10/07/2004,MMU,NJ,AEA,EN,Towers with Display (VFR),0,34,71,0,105,0,4,389,0,393,0,38,460,0,498,276,0,276,774
10/08/2004,MMU,NJ,AEA,EN,Towers with Display (VFR),0,26,78,0,104,0,0,480,0,480,0,26,558,0,584,252,0,252,836
10/09/2004,MMU,NJ,AEA,EN,Towers with Display (VFR),0,14,54,0,68,0,0,280,0,280,0,14,334,0,348,184,0,184,532
10/10/2004,MMU,NJ,AEA,EN,Towers with Display (VFR),0,26,61,0,87,0,3,409,0,412,0,29,470,0,499,358,0,358,857
10/11/2004,MMU,NJ,AEA,EN,Towers with Display (VFR),0,34,69,0,103,0,0,568,0,568,0,34,637,0,671,294,0,294,965
10/12/2004,MMU,NJ,AEA,EN,Towers with Display (VFR),0,36,67,0,103,0,0,407,0,407,0,36,474,0,510,216,0,216,726
10/13/2004,MMU,NJ,AEA,EN,Towers with Display (VFR),0,16,54,0,70,0,0,524,0,524,0,16,578,0,594,220,0,220,814
10/14/2004,MMU,NJ,AEA,EN,Towers with Display (VFR),0,37,118,0,155,0,0,269,0,269,0,37,387,0,424,50,0,50,474
10/15/2004,MMU,NJ,AEA,EN,Towers with Display (VFR),0,28,99,0,127,0,0,67,0,67,0,28,166,0,194,22,0,22,216
10/16/2004,MMU,NJ,AEA,EN,Towers with Display (VFR),0,20,35,0,55,0,3,208,0,211,0,23,243,0,266,234,0,234,500
10/17/2004,MMU,NJ,AEA,EN,Towers with Display (VFR),0,19,64,0,83,0,2,366,0,368,0,21,430,0,451,366,0,366,817
10/18/2004,MMU,NJ,AEA,EN,Towers with Display (VFR),0,23,81,2,106,0,0,511,0,511,0,23,592,2,617,264,0,264,881
10/19/2004,MMU,NJ,AEA,EN,Towers with Display (VFR),0,28,78,0,106,0,0,0,0,0,0,28,78,0,106,0,0,0,106
10/20/2004,MMU,NJ,AEA,EN,Towers with Display (VFR),0,34,77,0,111,0,0,387,0,387,0,34,464,0,498,204,0,204,702
10/21/2004,MMU,NJ,AEA,EN,Towers with Display (VFR),0,38,100,0,138,0,0,457,0,457,0,38,557,0,595,344,0,344,939
10/22/2004,MMU,NJ,AEA,EN,Towers with Display (VFR),0,25,95,0,120,0,0,356,0,356,0,25,451,0,476,242,0,242,718
10/23/2004,MMU,NJ,AEA,EN,Towers with Display (VFR),0,37,54,0,91,0,0,400,0,400,0,37,454,0,491,362,0,362,853
10/24/2004,MMU,NJ,AEA,EN,Towers with Display (VFR),0,34,90,0,124,0,5,349,0,354,0,39,439,0,478,398,0,398,876
10/25/2004,MMU,NJ,AEA,EN,Towers with Display (VFR),0,26,86,0,112,0,0,428,0,428,0,26,514,0,540,170,0,170,710
10/26/2004,MMU,NJ,AEA,EN,Towers with Display (VFR),0,24,73,0,97,0,2,357,0,359,0,26,430,0,456,244,0,244,700
10/27/2004,MMU,NJ,AEA,EN,Towers with Display (VFR),0,31,81,0,112,0,0,374,0,374,0,31,455,0,486,164,0,164,650
10/28/2004,MMU,NJ,AEA,EN,Towers with Display (VFR),0,38,88,0,126,0,0,475,0,475,0,38,563,0,601,364,0,364,965
10/29/2004,MMU,NJ,AEA,EN,Towers with Display (VFR),0,29,87,0,116,0,1,529,0,530,0,30,616,0,646,368,0,368,1014
10/30/2004,MMU,NJ,AEA,EN,Towers with Display (VFR),0,8,33,0,41,0,0,0,0,0,0,8,33,0,41,0,0,0,41
10/31/2004,MMU,NJ,AEA,EN,Towers with Display (VFR),0,21,73,0,94,0,0,372,0,372,0,21,445,0,466,332,0,332,798
11/01/2004,MMU,NJ,AEA,EN,Towers with Radar,0,18,50,0,68,0,4,400,0,404,0,22,450,0,472,230,0,230,702
11/02/2004,MMU,NJ,AEA,EN,Towers with Radar,0,32,107,0,139,0,3,387,0,390,0,35,494,0,529,136,0,136,665
11/03/2004,MMU,NJ,AEA,EN,Towers with Radar,0,33,91,0,124,0,0,339,0,339,0,33,430,0,463,196,0,196,659
11/04/2004,MMU,NJ,AEA,EN,Towers with Radar,0,32,82,0,114,0,0,160,0,160,0,32,242,0,274,154,0,154,428
11/05/2004,MMU,NJ,AEA,EN,Towers with Radar,0,14,60,0,74,0,0,184,0,184,0,14,244,0,258,66,0,66,324
11/06/2004,MMU,NJ,AEA,EN,Towers with Radar,0,19,54,0,73,0,0,439,0,439,0,19,493,0,512,426,0,426,938
11/07/2004,MMU,NJ,AEA,EN,Towers with Radar,0,27,72,0,99,0,1,473,0,474,0,28,545,0,573,374,0,374,947
11/08/2004,MMU,NJ,AEA,EN,Towers with Radar,0,27,63,0,90,0,0,386,0,386,0,27,449,0,476,200,0,200,676
11/09/2004,MMU,NJ,AEA,EN,Towers with Radar,0,35,69,0,104,0,0,442,0,442,0,35,511,0,546,260,0,260,806
11/10/2004,MMU,NJ,AEA,EN,Towers with Radar,0,39,69,0,108,0,0,428,0,428,0,39,497,0,536,276,0,276,812
11/11/2004,MMU,NJ,AEA,EN,Towers with Radar,0,45,84,0,129,0,0,298,0,298,0,45,382,0,427,154,0,154,581
11/12/2004,MMU,NJ,AEA,EN,Towers with Radar,0,43,75,0,118,0,0,25,0,25,0,43,100,0,143,4,0,4,147
11/13/2004,MMU,NJ,AEA,EN,Towers with Radar,0,22,22,0,44,0,0,284,0,284,0,22,306,0,328,210,0,210,538
11/14/2004,MMU,NJ,AEA,EN,Towers with Radar,0,17,62,0,79,0,3,387,0,390,0,20,449,0,469,310,0,310,779
11/15/2004,MMU,NJ,AEA,EN,Towers with Radar,0,26,86,2,114,0,0,290,0,290,0,26,376,2,404,188,0,188,592
11/16/2004,MMU,NJ,AEA,EN,Towers with Radar,0,31,84,0,115,0,0,439,0,439,0,31,523,0,554,294,0,294,848
11/17/2004,MMU,NJ,AEA,EN,Towers with Radar,0,30,82,1,113,0,0,486,0,486,0,30,568,1,599,236,0,236,835
11/18/2004,MMU,NJ,AEA,EN,Towers with Radar,0,32,104,0,136,0,0,241,0,241,0,32,345,0,377,80,0,80,457
11/19/2004,MMU,NJ,AEA,EN,Towers with Radar,0,36,129,0,165,0,0,410,0,410,0,36,539,0,575,198,0,198,773
11/20/2004,MMU,NJ,AEA,EN,Towers with Radar,0,21,77,0,98,0,0,89,0,89,0,21,166,0,187,140,0,140,327
11/21/2004,MMU,NJ,AEA,EN,Towers with Radar,0,19,71,0,90,0,0,71,0,71,0,19,142,0,161,0,0,0,161
11/22/2004,MMU,NJ,AEA,EN,Towers with Radar,0,27,59,0,86,0,0,311,0,311,0,27,370,0,397,152,0,152,549
11/23/2004,MMU,NJ,AEA,EN,Towers with Radar,0,35,82,0,117,0,0,282,0,282,0,35,364,0,399,160,0,160,559
11/24/2004,MMU,NJ,AEA,EN,Towers with Radar,0,51,113,0,164,0,0,0,0,0,0,51,113,0,164,0,0,0,164
11/25/2004,MMU,NJ,AEA,EN,Towers with Radar,0,18,18,0,36,0,0,23,0,23,0,18,41,0,59,0,0,0,59
11/26/2004,MMU,NJ,AEA,EN,Towers with Radar,0,24,78,0,102,0,0,288,0,288,0,24,366,0,390,306,0,306,696
11/27/2004,MMU,NJ,AEA,EN,Towers with Radar,0,40,56,2,98,0,0,386,0,386,0,40,442,2,484,304,0,304,788
11/28/2004,MMU,NJ,AEA,EN,Towers with Radar,0,48,126,0,174,0,0,100,0,100,0,48,226,0,274,4,0,4,278
11/29/2004,MMU,NJ,AEA,EN,Towers with Radar,0,32,68,0,100,0,0,534,0,534,0,32,602,0,634,230,0,230,864
11/30/2004,MMU,NJ,AEA,EN,Towers with Radar,0,32,98,0,130,0,2,361,0,363,0,34,459,0,493,266,0,266,759
12/01/2004,MMU,NJ,AEA,EN,Towers with Radar,0,30,82,0,112,0,0,45,0,45,0,30,127,0,157,0,0,0,157
12/02/2004,MMU,NJ,AEA,EN,Towers with Radar,0,34,113,0,147,0,0,336,0,336,0,34,449,0,483,162,0,162,645
12/03/2004,MMU,NJ,AEA,EN,Towers with Radar,0,33,88,0,121,0,1,371,0,372,0,34,459,0,493,82,0,82,575
12/04/2004,MMU,NJ,AEA,EN,Towers with Radar,0,15,31,0,46,0,0,457,0,457,0,15,488,0,503,292,0,292,795
12/05/2004,MMU,NJ,AEA,EN,Towers with Radar,0,22,49,0,71,0,0,496,0,496,0,22,545,0,567,404,0,404,971
12/06/2004,MMU,NJ,AEA,EN,Towers with Radar,0,29,70,6,105,0,0,145,0,145,0,29,215,6,250,60,0,60,310
12/07/2004,MMU,NJ,AEA,EN,Towers with Radar,0,30,84,0,114,0,0,0,0,0,0,30,84,0,114,0,0,0,114
12/08/2004,MMU,NJ,AEA,EN,Towers with Radar,0,29,76,0,105,0,0,315,0,315,0,29,391,0,420,124,0,124,544
12/09/2004,MMU,NJ,AEA,EN,Towers with Radar,0,24,92,0,116,0,0,221,0,221,0,24,313,0,337,132,0,132,469
12/10/2004,MMU,NJ,AEA,EN,Towers with Radar,0,23,73,0,96,0,0,10,0,10,0,23,83,0,106,0,0,0,106
12/11/2004,MMU,NJ,AEA,EN,Towers with Radar,0,16,54,0,70,0,0,145,0,145,0,16,199,0,215,158,0,158,373
12/12/2004,MMU,NJ,AEA,EN,Towers with Radar,0,19,45,0,64,0,0,419,0,419,0,19,464,0,483,318,0,318,801
12/13/2004,MMU,NJ,AEA,EN,Towers with Radar,0,26,78,0,104,0,0,342,0,342,0,26,420,0,446,102,0,102,548
12/14/2004,MMU,NJ,AEA,EN,Towers with Radar,0,20,67,0,87,0,0,265,4,269,0,20,332,4,356,180,0,180,536
12/15/2004,MMU,NJ,AEA,EN,Towers with Radar,0,44,83,4,131,0,0,400,0,400,0,44,483,4,531,140,0,140,671
12/16/2004,MMU,NJ,AEA,EN,Towers with Radar,0,22,78,0,100,0,0,320,0,320,0,22,398,0,420,212,0,212,632
12/17/2004,MMU,NJ,AEA,EN,Towers with Radar,0,22,79,0,101,0,1,325,2,328,0,23,404,2,429,132,0,132,561
12/18/2004,MMU,NJ,AEA,EN,Towers with Radar,0,27,40,0,67,0,0,335,0,335,0,27,375,0,402,380,0,380,782
12/19/2004,MMU,NJ,AEA,EN,Towers with Radar,0,20,46,0,66,0,0,0,0,0,0,20,46,0,66,0,0,0,66
12/20/2004,MMU,NJ,AEA,EN,Towers with Radar,0,8,52,0,60,0,0,255,0,255,0,8,307,0,315,0,0,0,315
12/21/2004,MMU,NJ,AEA,EN,Towers with Radar,0,37,67,0,104,0,0,347,0,347,0,37,414,0,451,196,0,196,647
12/22/2004,MMU,NJ,AEA,EN,Towers with Radar,0,25,59,2,86,0,0,356,0,356,0,25,415,2,442,244,0,244,686
12/23/2004,MMU,NJ,AEA,EN,Towers with Radar,0,21,78,0,99,0,0,28,0,28,0,21,106,0,127,22,0,22,149
12/24/2004,MMU,NJ,AEA,EN,Towers with Radar,0,17,40,2,59,0,0,238,0,238,0,17,278,2,297,94,0,94,391
12/25/2004,MMU,NJ,AEA,EN,Towers with Radar,0,11,33,0,44,0,0,125,0,125,0,11,158,0,169,0,0,0,169
12/26/2004,MMU,NJ,AEA,EN,Towers with Radar,0,19,69,1,89,0,0,212,1,213,0,19,281,2,302,120,0,120,422
12/27/2004,MMU,NJ,AEA,EN,Towers with Radar,0,25,60,0,85,0,0,190,0,190,0,25,250,0,275,36,0,36,311
12/28/2004,MMU,NJ,AEA,EN,Towers with Radar,0,27,70,1,98,0,0,304,0,304,0,27,374,1,402,238,0,238,640
12/29/2004,MMU,NJ,AEA,EN,Towers with Radar,0,37,61,0,98,0,0,361,0,361,0,37,422,0,459,268,0,268,727
12/30/2004,MMU,NJ,AEA,EN,Towers with Radar,0,18,43,0,61,0,0,386,0,386,0,18,429,0,447,266,0,266,713
12/31/2004,MMU,NJ,AEA,EN,Towers with Radar,0,23,28,0,51,0,0,235,0,235,0,23,263,0,286,218,0,218,504
01/01/2005,MMU,NJ,AEA,EN,Towers with Radar,0,23,27,2,52,0,0,310,0,310,0,23,337,2,362,184,0,184,546
01/02/2005,MMU,NJ,AEA,EN,Towers with Radar,0,42,119,0,161,0,0,420,0,420,0,42,539,0,581,386,0,386,967
01/03/2005,MMU,NJ,AEA,EN,Towers with Radar,0,27,57,0,84,0,0,208,0,208,0,27,265,0,292,136,0,136,428
01/04/2005,MMU,NJ,AEA,EN,Towers with Radar,0,28,82,0,110,0,0,203,0,203,0,28,285,0,313,82,0,82,395
01/05/2005,MMU,NJ,AEA,EN,Towers with Radar,0,14,52,0,66,0,0,19,0,19,0,14,71,0,85,0,0,0,85
01/06/2005,MMU,NJ,AEA,EN,Towers with Radar,0,33,51,0,84,0,0,0,0,0,0,33,51,0,84,0,0,0,84
01/07/2005,MMU,NJ,AEA,EN,Towers with Radar,0,19,54,0,73,0,0,318,0,318,0,19,372,0,391,214,0,214,605
01/08/2005,MMU,NJ,AEA,EN,Towers with Radar,0,15,11,0,26,0,0,29,0,29,0,15,40,0,55,10,0,10,65
01/09/2005,MMU,NJ,AEA,EN,Towers with Radar,0,23,56,0,79,0,0,409,0,409,0,23,465,0,488,474,0,474,962
01/10/2005,MMU,NJ,AEA,EN,Towers with Radar,0,22,59,0,81,0,0,267,0,267,0,22,326,0,348,210,0,210,558
01/11/2005,MMU,NJ,AEA,EN,Towers with Radar,0,29,52,0,81,0,0,171,0,171,0,29,223,0,252,52,0,52,304
01/12/2005,MMU,NJ,AEA,EN,Towers with Radar,0,33,57,0,90,0,0,0,0,0,0,33,57,0,90,0,0,0,90
01/13/2005,MMU,NJ,AEA,EN,Towers with Radar,0,29,69,0,98,0,0,1,0,1,0,29,70,0,99,0,0,0,99
01/14/2005,MMU,NJ,AEA,EN,Towers with Radar,0,39,70,0,109,0,1,171,0,172,0,40,241,0,281,78,0,78,359
01/15/2005,MMU,NJ,AEA,EN,Towers with Radar,0,22,17,0,39,0,0,442,0,442,0,22,459,0,481,418,0,418,899
01/16/2005,MMU,NJ,AEA,EN,Towers with Radar,0,17,45,0,62,0,1,308,0,309,0,18,353,0,371,286,0,286,657
01/17/2005,MMU,NJ,AEA,EN,Towers with Radar,0,29,82,0,111,0,0,322,0,322,0,29,404,0,433,126,0,126,559
01/18/2005,MMU,NJ,AEA,EN,Towers with Radar,0,21,67,0,88,0,0,298,0,298,0,21,365,0,386,102,0,102,488
01/19/2005,MMU,NJ,AEA,EN,Towers with Radar,0,29,77,0,106,0,0,187,0,187,0,29,264,0,293,50,0,50,343
01/20/2005,MMU,NJ,AEA,EN,Towers with Radar,0,33,80,0,113,0,0,294,0,294,0,33,374,0,407,144,0,144,551
01/21/2005,MMU,NJ,AEA,EN,Towers with Radar,0,25,93,0,118,0,0,251,0,251,0,25,344,0,369,66,0,66,435
01/22/2005,MMU,NJ,AEA,EN,Towers with Radar,0,9,13,2,24,0,0,31,0,31,0,9,44,2,55,52,0,52,107
01/23/2005,MMU,NJ,AEA,EN,Towers with Radar,0,2,5,0,7,0,0,26,0,26,0,2,31,0,33,0,0,0,33
01/24/2005,MMU,NJ,AEA,EN,Towers with Radar,0,35,65,8,108,0,0,275,0,275,0,35,340,8,383,28,0,28,411
01/25/2005,MMU,NJ,AEA,EN,Towers with Radar,0,36,81,0,117,0,0,388,0,388,0,36,469,0,505,230,0,230,735
01/26/2005,MMU,NJ,AEA,EN,Towers with Radar,0,33,55,0,88,0,0,275,0,275,0,33,330,0,363,152,0,152,515
01/27/2005,MMU,NJ,AEA,EN,Towers with Radar,0,39,66,0,105,0,0,291,0,291,0,39,357,0,396,258,0,258,654
01/28/2005,MMU,NJ,AEA,EN,Towers with Radar,0,22,89,0,111,0,1,305,0,306,0,23,394,0,417,118,0,118,535
01/29/2005,MMU,NJ,AEA,EN,Towers with Radar,0,26,30,0,56,0,0,357,0,357,0,26,387,0,413,314,0,314,727
01/30/2005,MMU,NJ,AEA,EN,Towers with Radar,0,29,60,0,89,0,0,332,0,332,0,29,392,0,421,224,0,224,645
01/31/2005,MMU,NJ,AEA,EN,Towers with Radar,0,34,32,0,66,0,0,393,0,393,0,34,425,0,459,140,0,140,599
02/01/2005,MMU,NJ,AEA,EN,Towers with Radar,0,38,82,0,120,0,4,467,0,471,0,42,549,0,591,262,0,262,853
02/02/2005,MMU,NJ,AEA,EN,Towers with Radar,0,48,106,10,164,0,0,423,0,423,0,48,529,10,587,236,0,236,823
02/03/2005,MMU,NJ,AEA,EN,Towers with Radar,0,44,93,0,137,0,0,424,0,424,0,44,517,0,561,278,0,278,839
02/04/2005,MMU,NJ,AEA,EN,Towers with Radar,0,28,76,0,104,0,0,206,0,206,0,28,282,0,310,162,0,162,472
02/05/2005,MMU,NJ,AEA,EN,Towers with Radar,0,20,35,0,55,0,0,326,0,326,0,20,361,0,381,330,0,330,711
02/06/2005,MMU,NJ,AEA,EN,Towers with Radar,0,21,42,0,63,0,0,370,0,370,0,21,412,0,433,272,0,272,705
02/07/2005,MMU,NJ,AEA,EN,Towers with Radar,0,32,64,0,96,0,0,324,0,324,0,32,388,0,420,212,0,212,632
02/08/2005,MMU,NJ,AEA,EN,Towers with Radar,0,28,90,0,118,0,0,432,0,432,0,28,522,0,550,198,0,198,748
02/09/2005,MMU,NJ,AEA,EN,Towers with Radar,0,30,54,0,84,0,0,298,2,300,0,30,352,2,384,146,0,146,530
02/10/2005,MMU,NJ,AEA,EN,Towers with Radar,0,31,50,0,81,0,0,225,0,225,0,31,275,0,306,150,0,150,456
02/11/2005,MMU,NJ,AEA,EN,Towers with Radar,0,22,68,0,90,0,2,250,0,252,0,24,318,0,342,86,0,86,428
02/12/2005,MMU,NJ,AEA,EN,Towers with Radar,0,12,40,0,52,0,0,246,0,246,0,12,286,0,298,396,0,396,694
02/13/2005,MMU,NJ,AEA,EN,Towers with Radar,0,9,60,0,69,0,0,399,0,399,0,9,459,0,468,338,0,338,806
02/14/2005,MMU,NJ,AEA,EN,Towers with Radar,0,18,51,0,69,0,1,41,0,42,0,19,92,0,111,30,0,30,141
02/15/2005,MMU,NJ,AEA,EN,Towers with Radar,0,38,72,0,110,0,1,358,0,359,0,39,430,0,469,264,0,264,733
02/16/2005,MMU,NJ,AEA,EN,Towers with Radar,0,36,96,0,132,0,0,231,0,231,0,36,327,0,363,60,0,60,423
02/17/2005,MMU,NJ,AEA,EN,Towers with Radar,0,46,106,0,152,0,0,336,4,340,0,46,442,4,492,204,0,204,696
02/18/2005,MMU,NJ,AEA,EN,Towers with Radar,0,44,97,0,141,0,0,265,0,265,0,44,362,0,406,76,0,76,482
02/19/2005,MMU,NJ,AEA,EN,Towers with Radar,0,29,53,0,82,0,0,312,0,312,0,29,365,0,394,376,0,376,770
02/20/2005,MMU,NJ,AEA,EN,Towers with Radar,0,16,54,0,70,0,4,300,0,304,0,20,354,0,374,336,0,336,710
02/21/2005,MMU,NJ,AEA,EN,Towers with Radar,0,22,60,2,84,0,0,0,0,0,0,22,60,2,84,0,0,0,84
02/22/2005,MMU,NJ,AEA,EN,Towers with Radar,0,35,83,0,118,0,2,380,0,382,0,37,463,0,500,132,0,132,632
02/23/2005,MMU,NJ,AEA,EN,Towers with Radar,0,35,70,4,109,0,0,334,0,334,0,35,404,4,443,207,0,207,650
02/24/2005,MMU,NJ,AEA,EN,Towers with Radar,0,33,63,0,96,0,0,243,0,243,0,33,306,0,339,88,0,88,427
02/25/2005,MMU,NJ,AEA,EN,Towers with Radar,0,34,71,0,105,0,0,173,0,173,0,34,244,0,278,36,0,36,314
02/26/2005,MMU,NJ,AEA,EN,Towers with Radar,0,24,69,0,93,0,0,305,0,305,0,24,374,0,398,316,0,316,714
02/27/2005,MMU,NJ,AEA,EN,Towers with Radar,0,31,57,0,88,0,0,352,0,352,0,31,409,0,440,390,0,390,830
02/28/2005,MMU,NJ,AEA,EN,Towers with Radar,0,14,17,0,31,0,0,68,0,68,0,14,85,0,99,26,0,26,125
03/01/2005,MMU,NJ,AEA,EN,Towers with Radar,0,28,53,0,81,0,0,84,0,84,0,28,137,0,165,26,0,26,191
03/02/2005,MMU,NJ,AEA,EN,Towers with Radar,0,36,45,9,90,0,0,301,0,301,0,36,346,9,391,154,0,154,545
03/03/2005,MMU,NJ,AEA,EN,Towers with Radar,0,32,90,2,124,0,0,410,0,410,0,32,500,2,534,104,0,104,638
03/04/2005,MMU,NJ,AEA,EN,Towers with Radar,0,30,70,0,100,0,0,156,0,156,0,30,226,0,256,86,0,86,342
03/05/2005,MMU,NJ,AEA,EN,Towers with Radar,0,18,35,0,53,0,0,351,0,351,0,18,386,0,404,278,0,278,682
03/06/2005,MMU,NJ,AEA,EN,Towers with Radar,0,29,93,7,129,0,0,479,0,479,0,29,572,7,608,274,0,274,882
03/07/2005,MMU,NJ,AEA,EN,Towers with Radar,0,32,55,0,87,0,5,325,9,339,0,37,380,9,426,150,0,150,576
03/08/2005,MMU,NJ,AEA,EN,Towers with Radar,0,24,59,0,83,0,1,24,0,25,0,25,83,0,108,4,0,4,112
03/09/2005,MMU,NJ,AEA,EN,Towers with Radar,0,60,97,0,157,0,0,237,0,237,0,60,334,0,394,62,0,62,456
03/10/2005,MMU,NJ,AEA,EN,Towers with Radar,0,30,84,0,114,0,1,276,0,277,0,31,360,0,391,116,0,116,507
03/11/2005,MMU,NJ,AEA,EN,Towers with Radar,0,31,84,0,115,0,2,11,0,13,0,33,95,0,128,0,0,0,128
03/12/2005,MMU,NJ,AEA,EN,Towers with Radar,0,34,26,0,60,0,0,255,2,257,0,34,281,2,317,228,0,228,545
03/13/2005,MMU,NJ,AEA,EN,Towers with Radar,0,28,48,0,76,0,0,345,0,345,0,28,393,0,421,332,0,332,753
03/14/2005,MMU,NJ,AEA,EN,Towers with Radar,0,20,68,0,88,0,0,283,0,283,0,20,351,0,371,114,0,114,485
03/15/2005,MMU,NJ,AEA,EN,Towers with Radar,0,27,63,0,90,0,3,428,0,431,0,30,491,0,521,194,0,194,715
03/16/2005,MMU,NJ,AEA,EN,Towers with Radar,0,43,69,7,119,0,0,448,0,448,0,43,517,7,567,200,0,200,767
03/17/2005,MMU,NJ,AEA,EN,Towers with Radar,0,35,101,4,140,0,0,407,0,407,0,35,508,4,547,268,0,268,815
03/18/2005,MMU,NJ,AEA,EN,Towers with Radar,0,24,64,0,88,0,1,371,0,372,0,25,435,0,460,262,0,262,722
03/19/2005,MMU,NJ,AEA,EN,Towers with Radar,0,27,45,0,72,0,0,365,0,365,0,27,410,0,437,420,0,420,857
03/20/2005,MMU,NJ,AEA,EN,Towers with Radar,0,20,64,2,86,0,0,0,0,0,0,20,64,2,86,0,0,0,86
03/21/2005,MMU,NJ,AEA,EN,Towers with Radar,0,36,72,2,110,0,0,293,0,293,0,36,365,2,403,200,0,200,603
03/22/2005,MMU,NJ,AEA,EN,Towers with Radar,0,25,92,0,117,0,4,482,0,486,0,29,574,0,603,350,0,350,953
03/23/2005,MMU,NJ,AEA,EN,Towers with Radar,0,33,75,0,108,0,0,69,0,69,0,33,144,0,177,60,0,60,237
03/24/2005,MMU,NJ,AEA,EN,Towers with Radar,0,39,110,0,149,0,0,260,0,260,0,39,370,0,409,172,0,172,581
03/25/2005,MMU,NJ,AEA,EN,Towers with Radar,0,30,58,0,88,0,0,198,0,198,0,30,256,0,286,322,0,322,608
03/26/2005,MMU,NJ,AEA,EN,Towers with Radar,0,22,40,0,62,0,0,298,2,300,0,22,338,2,362,310,12,322,684
03/27/2005,MMU,NJ,AEA,EN,Towers with Radar,0,35,60,0,95,0,0,259,0,259,0,35,319,0,354,246,0,246,600
03/28/2005,MMU,NJ,AEA,EN,Towers with Radar,0,31,58,0,89,0,0,0,0,0,0,31,58,0,89,0,0,0,89
03/29/2005,MMU,NJ,AEA,EN,Towers with Radar,0,23,82,0,105,0,1,304,1,306,0,24,386,1,411,30,0,30,441
03/30/2005,MMU,NJ,AEA,EN,Towers with Radar,0,35,63,0,98,0,0,423,0,423,0,35,486,0,521,292,0,292,813
03/31/2005,MMU,NJ,AEA,EN,Towers with Radar,0,39,86,8,133,0,0,340,0,340,0,39,426,8,473,181,0,181,654
04/01/2005,MMU,NJ,AEA,EN,Towers with Radar,0,36,69,2,107,0,2,104,0,106,0,38,173,2,213,70,0,70,283
04/02/2005,MMU,NJ,AEA,EN,Towers with Radar,0,27,26,0,53,0,0,0,0,0,0,27,26,0,53,0,0,0,53
04/03/2005,MMU,NJ,AEA,EN,Towers with Radar,0,43,60,2,105,0,1,52,0,53,0,44,112,2,158,4,0,4,162
04/04/2005,MMU,NJ,AEA,EN,Towers with Radar,0,27,39,0,66,0,0,347,0,347,0,27,386,0,413,204,0,204,617
04/05/2005,MMU,NJ,AEA,EN,Towers with Radar,0,30,70,3,103,0,1,421,0,422,0,31,491,3,525,234,0,234,759
04/06/2005,MMU,NJ,AEA,EN,Towers with Radar,0,30,66,1,97,0,0,436,0,436,0,30,502,1,533,308,0,308,841
04/07/2005,MMU,NJ,AEA,EN,Towers with Radar,0,36,74,0,110,0,2,366,0,368,0,38,440,0,478,160,0,160,638
04/08/2005,MMU,NJ,AEA,EN,Towers with Radar,0,26,81,2,109,0,0,366,0,366,0,26,447,2,475,236,0,236,711
04/09/2005,MMU,NJ,AEA,EN,Towers with Radar,0,31,40,0,71,0,0,398,0,398,0,31,438,0,469,504,0,504,973
04/10/2005,MMU,NJ,AEA,EN,Towers with Radar,0,24,45,0,69,0,5,435,0,440,0,29,480,0,509,408,0,408,917
04/11/2005,MMU,NJ,AEA,EN,Towers with Radar,0,34,63,0,97,0,0,362,0,362,0,34,425,0,459,208,0,208,667
04/12/2005,MMU,NJ,AEA,EN,Towers with Radar,0,49,60,4,113,0,0,422,0,422,0,49,482,4,535,272,0,272,807
04/13/2005,MMU,NJ,AEA,EN,Towers with Radar,0,40,52,2,94,0,0,444,0,444,0,40,496,2,538,244,0,244,782
04/14/2005,MMU,NJ,AEA,EN,Towers with Radar,0,49,90,0,139,0,441,413,0,854,0,490,503,0,993,240,0,240,1233
04/15/2005,MMU,NJ,AEA,EN,Towers with Radar,0,34,81,0,115,0,0,371,0,371,0,34,452,0,486,116,0,116,602
04/16/2005,MMU,NJ,AEA,EN,Towers with Radar,0,17,24,0,41,0,0,419,0,419,0,17,443,0,460,248,0,248,708
04/17/2005,MMU,NJ,AEA,EN,Towers with Radar,0,36,59,2,97,0,0,422,0,422,0,36,481,2,519,398,0,398,917
04/18/2005,MMU,NJ,AEA,EN,Towers with Radar,0,38,62,0,100,0,0,468,0,468,0,38,530,0,568,116,0,116,684
04/19/2005,MMU,NJ,AEA,EN,Towers with Radar,0,40,100,0,140,0,4,450,0,454,0,44,550,0,594,236,0,236,830
04/20/2005,MMU,NJ,AEA,EN,Towers with Radar,0,45,85,0,130,0,0,426,0,426,0,45,511,0,556,242,0,242,798
04/21/2005,MMU,NJ,AEA,EN,Towers with Radar,0,45,87,0,132,0,0,454,0,454,0,45,541,0,586,210,0,210,796
04/22/2005,MMU,NJ,AEA,EN,Towers with Radar,0,45,90,0,135,0,0,298,4,302,0,45,388,4,437,166,0,166,603
04/23/2005,MMU,NJ,AEA,EN,Towers with Radar,0,16,31,0,47,0,0,11,0,11,0,16,42,0,58,0,0,0,58
04/24/2005,MMU,NJ,AEA,EN,Towers with Radar,0,36,79,0,115,0,9,205,0,214,0,45,284,0,329,118,0,118,447
04/25/2005,MMU,NJ,AEA,EN,Towers with Radar,0,43,78,2,123,0,0,369,0,369,0,43,447,2,492,222,0,222,714
04/26/2005,MMU,NJ,AEA,EN,Towers with Radar,0,23,91,0,114,0,1,361,0,362,0,24,452,0,476,224,0,224,700
04/27/2005,MMU,NJ,AEA,EN,Towers with Radar,0,37,91,0,128,0,0,177,0,177,0,37,268,0,305,134,0,134,439
04/28/2005,MMU,NJ,AEA,EN,Towers with Radar,0,37,81,0,118,0,0,420,0,420,0,37,501,0,538,194,0,194,732
04/29/2005,MMU,NJ,AEA,EN,Towers with Radar,0,35,55,0,90,0,0,366,0,366,0,35,421,0,456,256,0,256,712
04/30/2005,MMU,NJ,AEA,EN,Towers with Radar,0,14,50,0,64,0,0,0,0,0,0,14,50,0,64,0,0,0,64
05/01/2005,MMU,NJ,AEA,EN,Towers with Radar,0,27,83,0,110,0,5,281,0,286,0,32,364,0,396,288,0,288,684
05/02/2005,MMU,NJ,AEA,EN,Towers with Radar,0,39,77,0,116,0,0,265,0,265,0,39,342,0,381,162,0,162,543
05/03/2005,MMU,NJ,AEA,EN,Towers with Radar,0,40,103,0,143,0,3,424,0,427,0,43,527,0,570,200,0,200,770
05/04/2005,MMU,NJ,AEA,EN,Towers with Radar,0,43,70,0,113,0,0,386,0,386,0,43,456,0,499,250,0,250,749
05/05/2005,MMU,NJ,AEA,EN,Towers with Radar,0,39,86,0,125,0,0,343,0,343,0,39,429,0,468,184,0,184,652
05/06/2005,MMU,NJ,AEA,EN,Towers with Radar,0,25,353,0,378,0,10,0,0,10,0,35,353,0,388,218,0,218,606
05/07/2005,MMU,NJ,AEA,EN,Towers with Radar,0,24,39,0,63,0,0,267,2,269,0,24,306,2,332,232,0,232,564
05/08/2005,MMU,NJ,AEA,EN,Towers with Radar,0,31,53,7,91,0,0,319,0,319,0,31,372,7,410,276,0,276,686
05/09/2005,MMU,NJ,AEA,EN,Towers with Radar,0,25,71,2,98,0,0,458,0,458,0,25,529,2,556,326,0,326,882
05/10/2005,MMU,NJ,AEA,EN,Towers with Radar,0,25,90,0,115,0,8,426,0,434,0,33,516,0,549,152,0,152,701
05/11/2005,MMU,NJ,AEA,EN,Towers with Radar,0,28,130,0,158,0,0,257,0,257,0,28,387,0,415,188,0,188,603
05/12/2005,MMU,NJ,AEA,EN,Towers with Radar,0,32,84,0,116,0,0,379,2,381,0,32,463,2,497,276,0,276,773
05/13/2005,MMU,NJ,AEA,EN,Towers with Radar,0,29,64,8,101,0,0,362,0,362,0,29,426,8,463,298,0,298,761
05/14/2005,MMU,NJ,AEA,EN,Towers with Radar,0,18,41,0,59,0,0,321,4,325,0,18,362,4,384,268,0,268,652
05/15/2005,MMU,NJ,AEA,EN,Towers with Radar,0,26,70,0,96,0,6,370,0,376,0,32,440,0,472,284,0,284,756
05/16/2005,MMU,NJ,AEA,EN,Towers with Radar,0,29,60,0,89,0,0,421,0,421,0,29,481,0,510,408,0,408,918
05/17/2005,MMU,NJ,AEA,EN,Towers with Radar,0,35,90,0,125,0,11,470,0,481,0,46,560,0,606,348,0,348,954
05/18/2005,MMU,NJ,AEA,EN,Towers with Radar,0,38,76,4,118,0,0,438,0,438,0,38,514,4,556,282,0,282,838
05/19/2005,MMU,NJ,AEA,EN,Towers with Radar,0,32,77,0,109,0,0,341,0,341,0,32,418,0,450,226,0,226,676
05/20/2005,MMU,NJ,AEA,EN,Towers with Radar,0,35,131,0,166,0,0,160,0,160,0,35,291,0,326,34,0,34,360
05/21/2005,MMU,NJ,AEA,EN,Towers with Radar,0,25,32,2,59,0,1,395,4,400,0,26,427,6,459,348,0,348,807
05/22/2005,MMU,NJ,AEA,EN,Towers with Radar,0,50,67,0,117,0,0,357,0,357,0,50,424,0,474,358,0,358,832
05/23/2005,MMU,NJ,AEA,EN,Towers with Radar,0,37,71,0,108,0,0,450,0,450,0,37,521,0,558,326,0,326,884
05/24/2005,MMU,NJ,AEA,EN,Towers with Radar,0,34,93,0,127,0,1,240,0,241,0,35,333,0,368,140,0,140,508
05/25/2005,MMU,NJ,AEA,EN,Towers with Radar,0,50,72,0,122,0,0,147,0,147,0,50,219,0,269,10,0,10,279
05/26/2005,MMU,NJ,AEA,EN,Towers with Radar,0,51,91,8,150,0,0,427,0,427,0,51,518,8,577,290,0,290,867
05/27/2005,MMU,NJ,AEA,EN,Towers with Radar,0,54,90,0,144,0,0,376,0,376,0,54,466,0,520,0,258,258,778
05/28/2005,MMU,NJ,AEA,EN,Towers with Radar,0,29,38,0,67,0,0,304,0,304,0,29,342,0,371,210,0,210,581
05/29/2005,MMU,NJ,AEA,EN,Towers with Radar,0,12,26,0,38,0,0,380,0,380,0,12,406,0,418,326,0,326,744
05/30/2005,MMU,NJ,AEA,EN,Towers with Radar,0,43,59,4,106,0,0,381,0,381,0,43,440,4,487,306,0,306,793
05/31/2005,MMU,NJ,AEA,EN,Towers with Radar,0,29,110,0,139,0,36,405,0,441,0,65,515,0,580,266,0,266,846
06/01/2005,MMU,NJ,AEA,EN,Towers with Radar,0,37,74,8,119,0,0,391,0,391,0,37,465,8,510,194,0,194,704
06/02/2005,MMU,NJ,AEA,EN,Towers with Radar,0,39,95,0,134,0,3,250,6,259,0,42,345,6,393,180,0,180,573
06/03/2005,MMU,NJ,AEA,EN,Towers with Radar,0,29,106,0,135,0,0,126,0,126,0,29,232,0,261,106,0,106,367
06/04/2005,MMU,NJ,AEA,EN,Towers with Radar,0,26,51,0,77,0,0,350,0,350,0,26,401,0,427,296,0,296,723
06/05/2005,MMU,NJ,AEA,EN,Towers with Radar,0,32,44,0,76,0,0,392,0,392,0,32,436,0,468,338,0,338,806
06/06/2005,MMU,NJ,AEA,EN,Towers with Radar,0,27,68,0,95,0,0,236,0,236,0,27,304,0,331,180,0,180,511
06/07/2005,MMU,NJ,AEA,EN,Towers with Radar,0,28,100,0,128,0,11,434,0,445,0,39,534,0,573,308,0,308,881
06/08/2005,MMU,NJ,AEA,EN,Towers with Radar,0,57,71,6,134,0,0,465,3,468,0,57,536,9,602,292,0,292,894
06/09/2005,MMU,NJ,AEA,EN,Towers with Radar,0,31,111,0,142,0,0,428,6,434,0,31,539,6,576,444,0,444,1020
06/10/2005,MMU,NJ,AEA,EN,Towers with Radar,0,40,122,0,162,0,0,157,0,157,0,40,279,0,319,98,0,98,417
06/11/2005,MMU,NJ,AEA,EN,Towers with Radar,0,18,48,0,66,0,0,243,4,247,0,18,291,4,313,294,0,294,607
06/12/2005,MMU,NJ,AEA,EN,Towers with Radar,0,49,63,1,113,0,0,388,0,388,0,49,451,1,501,344,0,344,845
06/13/2005,MMU,NJ,AEA,EN,Towers with Radar,0,40,73,1,114,0,0,379,0,379,0,40,452,1,493,344,0,344,837
06/14/2005,MMU,NJ,AEA,EN,Towers with Radar,0,24,72,1,97,0,18,383,2,403,0,42,455,3,500,192,0,192,692
06/15/2005,MMU,NJ,AEA,EN,Towers with Radar,0,41,112,0,153,0,3,400,8,411,0,44,512,8,564,308,0,308,872
06/16/2005,MMU,NJ,AEA,EN,Towers with Radar,0,40,93,0,133,0,3,116,4,123,0,43,209,4,256,68,0,68,324
06/17/2005,MMU,NJ,AEA,EN,Towers with Radar,0,43,136,4,183,0,0,355,0,355,0,43,491,4,538,380,0,380,918
06/18/2005,MMU,NJ,AEA,EN,Towers with Radar,0,36,50,0,86,0,0,398,0,398,0,36,448,0,484,430,0,430,914
06/19/2005,MMU,NJ,AEA,EN,Towers with Radar,0,33,51,8,92,0,0,333,0,333,0,33,384,8,425,240,0,240,665
06/20/2005,MMU,NJ,AEA,EN,Towers with Radar,0,37,62,1,100,0,0,409,0,409,0,37,471,1,509,394,0,394,903
06/21/2005,MMU,NJ,AEA,EN,Towers with Radar,0,34,76,0,110,0,10,430,0,440,0,44,506,0,550,318,0,318,868
06/22/2005,MMU,NJ,AEA,EN,Towers with Radar,0,33,105,4,142,0,0,410,0,410,0,33,515,4,552,304,0,304,856
06/23/2005,MMU,NJ,AEA,EN,Towers with Radar,0,32,100,4,136,0,0,390,4,394,0,32,490,8,530,320,4,324,854
06/24/2005,MMU,NJ,AEA,EN,Towers with Radar,0,24,98,0,122,0,0,410,4,414,0,24,508,4,536,378,0,378,914
06/25/2005,MMU,NJ,AEA,EN,Towers with Radar,0,16,27,0,43,0,0,314,2,316,0,16,341,2,359,274,0,274,633
06/26/2005,MMU,NJ,AEA,EN,Towers with Radar,0,26,82,0,108,0,0,504,0,504,0,26,586,0,612,300,0,300,912
06/27/2005,MMU,NJ,AEA,EN,Towers with Radar,0,31,81,0,112,0,0,92,0,92,0,31,173,0,204,32,0,32,236
06/28/2005,MMU,NJ,AEA,EN,Towers with Radar,0,33,103,0,136,0,6,236,0,242,0,39,339,0,378,200,0,200,578
06/29/2005,MMU,NJ,AEA,EN,Towers with Radar,0,24,70,4,98,0,0,152,0,152,0,24,222,4,250,96,0,96,346
06/30/2005,MMU,NJ,AEA,EN,Towers with Radar,0,55,139,0,194,0,0,227,4,231,0,55,366,4,425,198,0,198,623
07/01/2005,MMU,NJ,AEA,EN,Towers with Radar,0,42,98,4,144,0,0,175,0,175,0,42,273,4,319,228,0,228,547
07/02/2005,MMU,NJ,AEA,EN,Towers with Radar,0,42,38,4,84,0,0,398,0,398,0,42,436,4,482,396,0,396,878
07/03/2005,MMU,NJ,AEA,EN,Towers with Radar,0,20,20,0,40,0,0,344,0,344,0,20,364,0,384,300,0,300,684
07/04/2005,MMU,NJ,AEA,EN,Towers with Radar,0,33,26,4,63,0,5,363,0,368,0,38,389,4,431,334,0,334,765
07/05/2005,MMU,NJ,AEA,EN,Towers with Radar,0,31,114,0,145,0,0,133,2,135,0,31,247,2,280,86,0,86,366
07/06/2005,MMU,NJ,AEA,EN,Towers with Radar,0,56,76,0,132,0,0,155,4,159,0,56,231,4,291,128,0,128,419
07/07/2005,MMU,NJ,AEA,EN,Towers with Radar,0,42,105,0,147,0,1,223,4,228,0,43,328,4,375,244,0,244,619
07/08/2005,MMU,NJ,AEA,EN,Towers with Radar,0,18,64,0,82,0,0,6,0,6,0,18,70,0,88,0,0,0,88
07/09/2005,MMU,NJ,AEA,EN,Towers with Radar,0,20,33,0,53,0,0,296,0,296,0,20,329,0,349,344,0,344,693
07/10/2005,MMU,NJ,AEA,EN,Towers with Radar,0,29,46,0,75,0,0,439,0,439,0,29,485,0,514,274,0,274,788
07/11/2005,MMU,NJ,AEA,EN,Towers with Radar,0,26,56,0,82,0,0,436,0,436,0,26,492,0,518,346,0,346,864
07/12/2005,MMU,NJ,AEA,EN,Towers with Radar,0,34,97,0,131,0,5,437,0,442,0,39,534,0,573,252,0,252,825
07/13/2005,MMU,NJ,AEA,EN,Towers with Radar,0,32,101,0,133,0,0,106,0,106,0,32,207,0,239,74,0,74,313
07/14/2005,MMU,NJ,AEA,EN,Towers with Radar,0,44,94,0,138,0,1,249,0,250,0,45,343,0,388,136,0,136,524
07/15/2005,MMU,NJ,AEA,EN,Towers with Radar,0,47,102,0,149,0,0,224,0,224,0,47,326,0,373,174,0,174,547
07/16/2005,MMU,NJ,AEA,EN,Towers with Radar,0,26,53,0,79,0,0,182,0,182,0,26,235,0,261,174,0,174,435
07/17/2005,MMU,NJ,AEA,EN,Towers with Radar,0,36,84,0,120,0,0,71,0,71,0,36,155,0,191,30,0,30,221
07/18/2005,MMU,NJ,AEA,EN,Towers with Radar,0,43,104,0,147,0,0,238,0,238,0,43,342,0,385,112,0,112,497
07/19/2005,MMU,NJ,AEA,EN,Towers with Radar,0,38,99,2,139,0,3,262,0,265,0,41,361,2,404,250,0,250,654
07/20/2005,MMU,NJ,AEA,EN,Towers with Radar,0,41,88,0,129,0,0,420,6,426,0,41,508,6,555,406,0,406,961
07/21/2005,MMU,NJ,AEA,EN,Towers with Radar,0,39,104,6,149,0,0,347,0,347,0,39,451,6,496,228,0,228,724
07/22/2005,MMU,NJ,AEA,EN,Towers with Radar,0,37,84,0,121,0,0,449,4,453,0,37,533,4,574,296,0,296,870
07/23/2005,MMU,NJ,AEA,EN,Towers with Radar,0,35,49,0,84,0,0,414,0,414,0,35,463,0,498,294,0,294,792
07/24/2005,MMU,NJ,AEA,EN,Towers with Radar,0,43,56,0,99,0,3,303,0,306,0,46,359,0,405,290,0,290,695
07/25/2005,MMU,NJ,AEA,EN,Towers with Radar,0,21,103,0,124,0,0,297,0,297,0,21,400,0,421,150,0,150,571
07/26/2005,MMU,NJ,AEA,EN,Towers with Radar,0,43,78,0,121,0,1,433,0,434,0,44,511,0,555,278,0,278,833
07/27/2005,MMU,NJ,AEA,EN,Towers with Radar,0,41,79,0,120,0,0,399,6,405,0,41,478,6,525,276,0,276,801
07/28/2005,MMU,NJ,AEA,EN,Towers with Radar,0,35,97,0,132,0,0,527,2,529,0,35,624,2,661,262,0,262,923
07/29/2005,MMU,NJ,AEA,EN,Towers with Radar,0,54,86,0,140,0,5,386,0,391,0,59,472,0,531,272,0,272,803
07/30/2005,MMU,NJ,AEA,EN,Towers with Radar,0,30,39,0,69,0,0,359,2,361,0,30,398,2,430,374,0,374,804
07/31/2005,MMU,NJ,AEA,EN,Towers with Radar,0,30,89,0,119,0,2,348,0,350,0,32,437,0,469,276,0,276,745
08/01/2005,MMU,NJ,AEA,EN,Towers with Radar,0,31,84,0,115,0,1,338,0,339,0,32,422,0,454,240,0,240,694
08/02/2005,MMU,NJ,AEA,EN,Towers with Radar,0,22,76,0,98,0,3,416,4,423,0,25,492,4,521,352,0,352,873
08/03/2005,MMU,NJ,AEA,EN,Towers with Radar,0,30,93,2,125,0,0,390,5,395,0,30,483,7,520,282,0,282,802
08/04/2005,MMU,NJ,AEA,EN,Towers with Radar,0,37,108,5,150,0,0,414,0,414,0,37,522,5,564,216,0,216,780
08/05/2005,MMU,NJ,AEA,EN,Towers with Radar,0,33,87,0,120,0,0,306,0,306,0,33,393,0,426,154,0,154,580
08/06/2005,MMU,NJ,AEA,EN,Towers with Radar,0,31,22,0,53,0,0,368,4,372,0,31,390,4,425,314,0,314,739
08/07/2005,MMU,NJ,AEA,EN,Towers with Radar,0,52,83,0,135,0,4,370,0,374,0,56,453,0,509,332,0,332,841
08/08/2005,MMU,NJ,AEA,EN,Towers with Radar,0,46,99,0,145,0,0,235,0,235,0,46,334,0,380,120,0,120,500
08/09/2005,MMU,NJ,AEA,EN,Towers with Radar,0,57,101,0,158,0,2,263,0,265,0,59,364,0,423,184,0,184,607
08/10/2005,MMU,NJ,AEA,EN,Towers with Radar,0,43,86,0,129,0,0,413,5,418,0,43,499,5,547,290,0,290,837
08/11/2005,MMU,NJ,AEA,EN,Towers with Radar,0,50,88,0,138,0,0,384,5,389,0,50,472,5,527,206,0,206,733
08/12/2005,MMU,NJ,AEA,EN,Towers with Radar,0,45,94,0,139,0,0,343,0,343,0,45,437,0,482,204,0,204,686
08/13/2005,MMU,NJ,AEA,EN,Towers with Radar,0,41,73,0,114,0,0,170,0,170,0,41,243,0,284,144,0,144,428
08/14/2005,MMU,NJ,AEA,EN,Towers with Radar,0,52,123,0,175,0,0,79,0,79,0,52,202,0,254,22,0,22,276
08/15/2005,MMU,NJ,AEA,EN,Towers with Radar,0,55,109,0,164,0,4,286,0,290,0,59,395,0,454,112,0,112,566
08/16/2005,MMU,NJ,AEA,EN,Towers with Radar,0,41,94,0,135,0,0,418,0,418,0,41,512,0,553,237,0,237,790
08/17/2005,MMU,NJ,AEA,EN,Towers with Radar,0,50,79,4,133,0,0,408,4,412,0,50,487,8,545,278,0,278,823
08/18/2005,MMU,NJ,AEA,EN,Towers with Radar,0,43,83,4,130,0,0,401,0,401,0,43,484,4,531,278,0,278,809
08/19/2005,MMU,NJ,AEA,EN,Towers with Radar,0,31,102,0,133,0,2,84,0,86,0,33,186,0,219,46,0,46,265
08/20/2005,MMU,NJ,AEA,EN,Towers with Radar,0,13,56,2,71,0,0,142,2,144,0,13,198,4,215,112,0,112,327
08/21/2005,MMU,NJ,AEA,EN,Towers with Radar,0,30,57,4,91,0,0,216,0,216,0,30,273,4,307,224,0,224,531
08/22/2005,MMU,NJ,AEA,EN,Towers with Radar,0,39,64,0,103,0,0,307,0,307,0,39,371,0,410,186,0,186,596
08/23/2005,MMU,NJ,AEA,EN,Towers with Radar,0,50,73,0,123,0,2,294,0,296,0,52,367,0,419,152,0,152,571
08/24/2005,MMU,NJ,AEA,EN,Towers with Radar,0,36,66,2,104,0,0,451,3,454,0,36,517,5,558,376,0,376,934
08/25/2005,MMU,NJ,AEA,EN,Towers with Radar,0,39,87,0,126,0,0,469,4,473,0,39,556,4,599,298,0,298,897
08/26/2005,MMU,NJ,AEA,EN,Towers with Radar,0,40,56,4,100,0,4,318,0,322,0,44,374,4,422,164,0,164,586
08/27/2005,MMU,NJ,AEA,EN,Towers with Radar,0,18,39,0,57,0,0,392,5,397,0,18,431,5,454,318,0,318,772
08/28/2005,MMU,NJ,AEA,EN,Towers with Radar,0,26,85,0,111,0,1,127,0,128,0,27,212,0,239,106,0,106,345
08/29/2005,MMU,NJ,AEA,EN,Towers with Radar,0,28,74,0,102,0,0,433,0,433,0,28,507,0,535,212,0,212,747
08/30/2005,MMU,NJ,AEA,EN,Towers with Radar,0,35,69,0,104,0,0,124,2,126,0,35,193,2,230,134,0,134,364
08/31/2005,MMU,NJ,AEA,EN,Towers with Radar,0,36,84,0,120,0,0,177,4,181,0,36,261,4,301,54,0,54,355
09/01/2005,MMU,NJ,AEA,EN,Towers with Radar,0,41,73,2,116,0,0,335,0,335,0,41,408,2,451,238,0,238,689
09/02/2005,MMU,NJ,AEA,EN,Towers with Radar,0,23,72,2,97,0,1,370,0,371,0,24,442,2,468,268,0,268,736
09/03/2005,MMU,NJ,AEA,EN,Towers with Radar,0,6,35,0,41,0,8,313,2,323,0,14,348,2,364,240,0,240,604
09/04/2005,MMU,NJ,AEA,EN,Towers with Radar,0,11,29,0,40,0,13,301,0,314,0,24,330,0,354,262,0,262,616
09/05/2005,MMU,NJ,AEA,EN,Towers with Radar,0,32,50,0,82,0,0,387,0,387,0,32,437,0,469,222,0,222,691
09/06/2005,MMU,NJ,AEA,EN,Towers with Radar,0,21,74,0,95,0,2,414,2,418,0,23,488,2,513,204,0,204,717
09/07/2005,MMU,NJ,AEA,EN,Towers with Radar,0,35,83,2,120,0,0,465,7,472,0,35,548,9,592,302,0,302,894
09/08/2005,MMU,NJ,AEA,EN,Towers with Radar,0,33,90,0,123,0,4,410,4,418,0,37,500,4,541,202,0,202,743
09/09/2005,MMU,NJ,AEA,EN,Towers with Radar,0,22,100,0,122,0,3,415,0,418,0,25,515,0,540,286,0,286,826
09/10/2005,MMU,NJ,AEA,EN,Towers with Radar,0,23,39,0,62,0,3,420,0,423,0,26,459,0,485,164,0,164,649
09/11/2005,MMU,NJ,AEA,EN,Towers with Radar,0,30,71,0,101,0,0,360,0,360,0,30,431,0,461,182,0,182,643
09/12/2005,MMU,NJ,AEA,EN,Towers with Radar,0,32,60,0,92,0,0,296,0,296,0,32,356,0,388,124,0,124,512
09/13/2005,MMU,NJ,AEA,EN,Towers with Radar,0,26,123,0,149,0,6,131,0,137,0,32,254,0,286,70,0,70,356
09/14/2005,MMU,NJ,AEA,EN,Towers with Radar,0,43,106,0,149,0,0,12,0,12,0,43,118,0,161,0,0,0,161
09/15/2005,MMU,NJ,AEA,EN,Towers with Radar,0,52,115,0,167,0,0,8,0,8,0,52,123,0,175,0,0,0,175
09/16/2005,MMU,NJ,AEA,EN,Towers with Radar,0,46,122,0,168,0,0,0,0,0,0,46,122,0,168,0,0,0,168
09/17/2005,MMU,NJ,AEA,EN,Towers with Radar,0,17,44,0,61,0,0,138,0,138,0,17,182,0,199,266,0,266,465
09/18/2005,MMU,NJ,AEA,EN,Towers with Radar,0,33,79,0,112,0,0,432,2,434,0,33,511,2,546,294,0,294,840
09/19/2005,MMU,NJ,AEA,EN,Towers with Radar,0,25,89,0,114,0,0,333,0,333,0,25,422,0,447,212,0,212,659
09/20/2005,MMU,NJ,AEA,EN,Towers with Radar,0,49,73,0,122,0,0,316,0,316,0,49,389,0,438,150,0,150,588
09/21/2005,MMU,NJ,AEA,EN,Towers with Radar,0,42,68,0,110,0,0,362,0,362,0,42,430,0,472,192,0,192,664
09/22/2005,MMU,NJ,AEA,EN,Towers with Radar,0,24,117,0,141,0,0,328,0,328,0,24,445,0,469,204,0,204,673
09/23/2005,MMU,NJ,AEA,EN,Towers with Radar,0,31,78,0,109,0,0,345,0,345,0,31,423,0,454,136,0,136,590
09/24/2005,MMU,NJ,AEA,EN,Towers with Radar,0,20,51,2,73,0,0,307,0,307,0,20,358,2,380,252,0,252,632
09/25/2005,MMU,NJ,AEA,EN,Towers with Radar,0,32,83,0,115,0,0,389,0,389,0,32,472,0,504,270,0,270,774
09/26/2005,MMU,NJ,AEA,EN,Towers with Radar,0,21,67,4,92,0,0,308,0,308,0,21,375,4,400,158,0,158,558
09/27/2005,MMU,NJ,AEA,EN,Towers with Radar,0,18,77,0,95,0,2,393,0,395,0,20,470,0,490,150,0,150,640
09/28/2005,MMU,NJ,AEA,EN,Towers with Radar,0,27,80,4,111,0,0,371,0,371,0,27,451,4,482,210,0,210,692
09/29/2005,MMU,NJ,AEA,EN,Towers with Radar,0,43,79,2,124,0,0,306,0,306,0,43,385,2,430,79,0,79,509
09/30/2005,MMU,NJ,AEA,EN,Towers with Radar,0,47,100,0,147,0,0,421,0,421,0,47,521,0,568,184,0,184,752
10/01/2005,MMU,NJ,AEA,EN,Towers with Radar,0,25,44,0,69,0,6,379,2,387,0,31,423,2,456,256,0,256,712
10/02/2005,MMU,NJ,AEA,EN,Towers with Radar,0,41,72,0,113,0,0,367,0,367,0,41,439,0,480,314,0,314,794
10/03/2005,MMU,NJ,AEA,EN,Towers with Radar,0,31,82,0,113,0,0,321,0,321,0,31,403,0,434,134,0,134,568
10/04/2005,MMU,NJ,AEA,EN,Towers with Radar,0,22,70,0,92,0,1,305,0,306,0,23,375,0,398,256,0,256,654
10/05/2005,MMU,NJ,AEA,EN,Towers with Radar,0,41,122,2,165,0,0,233,0,233,0,41,355,2,398,174,0,174,572
10/06/2005,MMU,NJ,AEA,EN,Towers with Radar,0,40,93,0,133,0,0,198,0,198,0,40,291,0,331,88,0,88,419
10/07/2005,MMU,NJ,AEA,EN,Towers with Radar,0,47,121,0,168,0,1,37,0,38,0,48,158,0,206,0,0,0,206
10/08/2005,MMU,NJ,AEA,EN,Towers with Radar,0,23,24,4,51,0,0,0,0,0,0,23,24,4,51,0,0,0,51
10/09/2005,MMU,NJ,AEA,EN,Towers with Radar,0,47,90,0,137,0,0,0,0,0,0,47,90,0,137,0,0,0,137
10/10/2005,MMU,NJ,AEA,EN,Towers with Radar,0,23,113,0,136,0,0,0,0,0,0,23,113,0,136,0,0,0,136
10/11/2005,MMU,NJ,AEA,EN,Towers with Radar,0,26,97,0,123,0,0,208,0,208,0,26,305,0,331,72,0,72,403
10/12/2005,MMU,NJ,AEA,EN,Towers with Radar,0,53,84,0,137,0,0,0,0,0,0,53,84,0,137,0,0,0,137
10/13/2005,MMU,NJ,AEA,EN,Towers with Radar,0,49,100,0,149,0,0,2,0,2,0,49,102,0,151,0,0,0,151
10/14/2005,MMU,NJ,AEA,EN,Towers with Radar,0,55,134,0,189,0,0,0,0,0,0,55,134,0,189,0,0,0,189
10/15/2005,MMU,NJ,AEA,EN,Towers with Radar,0,15,43,0,58,0,5,301,0,306,0,20,344,0,364,244,0,244,608
10/16/2005,MMU,NJ,AEA,EN,Towers with Radar,0,41,67,2,110,0,0,287,0,287,0,41,354,2,397,72,0,72,469
10/17/2005,MMU,NJ,AEA,EN,Towers with Radar,0,40,73,0,113,0,2,353,0,355,0,42,426,0,468,194,0,194,662
10/18/2005,MMU,NJ,AEA,EN,Towers with Radar,0,37,98,1,136,0,4,354,2,360,0,41,452,3,496,158,0,158,654
10/19/2005,MMU,NJ,AEA,EN,Towers with Radar,0,23,116,5,144,0,1,444,2,447,0,24,560,7,591,242,0,242,833
10/20/2005,MMU,NJ,AEA,EN,Towers with Radar,0,47,92,0,139,0,0,398,0,398,0,47,490,0,537,164,0,164,701
10/21/2005,MMU,NJ,AEA,EN,Towers with Radar,0,26,88,2,116,0,3,291,0,294,0,29,379,2,410,144,0,144,554
10/22/2005,MMU,NJ,AEA,EN,Towers with Radar,0,21,39,0,60,0,0,10,0,10,0,21,49,0,70,6,0,6,76
10/23/2005,MMU,NJ,AEA,EN,Towers with Radar,0,25,65,2,92,0,2,319,0,321,0,27,384,2,413,228,0,228,641
10/24/2005,MMU,NJ,AEA,EN,Towers with Radar,0,28,76,2,106,0,0,372,0,372,0,28,448,2,478,98,0,98,576
10/25/2005,MMU,NJ,AEA,EN,Towers with Radar,0,26,50,2,78,0,0,11,0,11,0,26,61,2,89,0,0,0,89
10/26/2005,MMU,NJ,AEA,EN,Towers with Radar,0,35,104,0,139,0,0,367,0,367,0,35,471,0,506,58,0,58,564
10/27/2005,MMU,NJ,AEA,EN,Towers with Radar,0,37,114,0,151,0,0,415,0,415,0,37,529,0,566,234,0,234,800
10/28/2005,MMU,NJ,AEA,EN,Towers with Radar,0,36,82,0,118,0,0,434,0,434,0,36,516,0,552,178,0,178,730
10/29/2005,MMU,NJ,AEA,EN,Towers with Radar,0,28,37,2,67,0,0,330,0,330,0,28,367,2,397,212,0,212,609
10/30/2005,MMU,NJ,AEA,EN,Towers with Radar,0,52,49,2,103,0,0,363,0,363,0,52,412,2,466,238,0,238,704
10/31/2005,MMU,NJ,AEA,EN,Towers with Radar,0,21,57,0,78,0,0,506,0,506,0,21,563,0,584,248,0,248,832
11/01/2005,MMU,NJ,AEA,EN,Towers with Radar,0,39,73,0,112,0,2,400,2,404,0,41,473,2,516,206,0,206,722
11/02/2005,MMU,NJ,AEA,EN,Towers with Radar,0,38,78,5,121,0,0,421,0,421,0,38,499,5,542,180,0,180,722
11/03/2005,MMU,NJ,AEA,EN,Towers with Radar,0,60,96,0,156,0,0,403,2,405,0,60,499,2,561,248,0,248,809
11/04/2005,MMU,NJ,AEA,EN,Towers with Radar,0,40,75,0,115,0,4,395,2,401,0,44,470,2,516,286,0,286,802
11/05/2005,MMU,NJ,AEA,EN,Towers with Radar,0,21,40,2,63,0,3,375,0,378,0,24,415,2,441,224,0,224,665
11/06/2005,MMU,NJ,AEA,EN,Towers with Radar,0,14,88,0,102,0,1,42,0,43,0,15,130,0,145,20,0,20,165
11/07/2005,MMU,NJ,AEA,EN,Towers with Radar,0,28,71,0,99,0,4,353,0,357,0,32,424,0,456,106,0,106,562
11/08/2005,MMU,NJ,AEA,EN,Towers with Radar,0,39,70,0,109,0,0,457,0,457,0,39,527,0,566,294,0,294,860
11/09/2005,MMU,NJ,AEA,EN,Towers with Radar,0,34,89,0,123,0,0,225,0,225,0,34,314,0,348,104,0,104,452
11/10/2005,MMU,NJ,AEA,EN,Towers with Radar,0,28,83,0,111,0,0,251,0,251,0,28,334,0,362,52,0,52,414
11/11/2005,MMU,NJ,AEA,EN,Towers with Radar,0,33,82,0,115,0,1,326,0,327,0,34,408,0,442,114,0,114,556
11/12/2005,MMU,NJ,AEA,EN,Towers with Radar,0,21,51,0,72,0,0,392,0,392,0,21,443,0,464,232,0,232,696
11/13/2005,MMU,NJ,AEA,EN,Towers with Radar,0,21,51,0,72,0,0,392,0,392,0,21,443,0,464,232,0,232,696
11/14/2005,MMU,NJ,AEA,EN,Towers with Radar,0,40,69,0,109,0,0,459,0,459,0,40,528,0,568,228,0,228,796
11/15/2005,MMU,NJ,AEA,EN,Towers with Radar,0,43,77,0,120,0,1,280,0,281,0,44,357,0,401,182,0,182,583
11/16/2005,MMU,NJ,AEA,EN,Towers with Radar,0,54,89,0,143,0,0,222,0,222,0,54,311,0,365,18,0,18,383
11/17/2005,MMU,NJ,AEA,EN,Towers with Radar,0,37,73,0,110,0,0,320,0,320,0,37,393,0,430,22,0,22,452
11/18/2005,MMU,NJ,AEA,EN,Towers with Radar,0,38,71,0,109,0,1,350,0,351,0,39,421,0,460,142,0,142,602
11/19/2005,MMU,NJ,AEA,EN,Towers with Radar,0,27,48,0,75,0,3,297,1,301,0,30,345,1,376,170,0,170,546
11/20/2005,MMU,NJ,AEA,EN,Towers with Radar,0,21,60,2,83,0,7,385,0,392,0,28,445,2,475,284,0,284,759
11/21/2005,MMU,NJ,AEA,EN,Towers with Radar,0,33,92,0,125,0,0,297,0,297,0,33,389,0,422,239,0,239,661
11/22/2005,MMU,NJ,AEA,EN,Towers with Radar,0,42,106,0,148,0,0,74,0,74,0,42,180,0,222,0,0,0,222
11/23/2005,MMU,NJ,AEA,EN,Towers with Radar,0,43,94,0,137,0,1,271,0,272,0,44,365,0,409,26,0,26,435
11/24/2005,MMU,NJ,AEA,EN,Towers with Radar,0,7,12,0,19,0,0,5,0,5,0,7,17,0,24,0,0,0,24
11/25/2005,MMU,NJ,AEA,EN,Towers with Radar,0,21,31,0,52,0,2,258,0,260,0,23,289,0,312,128,0,128,440
11/26/2005,MMU,NJ,AEA,EN,Towers with Radar,0,36,38,0,74,0,0,398,0,398,0,36,436,0,472,252,0,252,724
11/27/2005,MMU,NJ,AEA,EN,Towers with Radar,0,58,154,0,212,0,3,340,1,344,0,61,494,1,556,98,0,98,654
11/28/2005,MMU,NJ,AEA,EN,Towers with Radar,0,36,76,0,112,0,0,233,0,233,0,36,309,0,345,128,0,128,473
11/29/2005,MMU,NJ,AEA,EN,Towers with Radar,0,36,82,0,118,0,0,153,0,153,0,36,235,0,271,48,0,48,319
11/30/2005,MMU,NJ,AEA,EN,Towers with Radar,0,26,83,0,109,0,0,349,0,349,0,26,432,0,458,108,0,108,566
12/01/2005,MMU,NJ,AEA,EN,Towers with Radar,0,33,108,0,141,0,0,400,0,400,0,33,508,0,541,138,0,138,679
12/02/2005,MMU,NJ,AEA,EN,Towers with Radar,0,46,86,0,132,0,0,226,0,226,0,46,312,0,358,54,0,54,412
12/03/2005,MMU,NJ,AEA,EN,Towers with Radar,0,22,42,0,64,0,0,255,0,255,0,22,297,0,319,144,0,144,463
12/04/2005,MMU,NJ,AEA,EN,Towers with Radar,0,41,75,0,116,0,0,17,0,17,0,41,92,0,133,2,0,2,135
12/05/2005,MMU,NJ,AEA,EN,Towers with Radar,0,29,80,0,109,0,0,146,0,146,0,29,226,0,255,52,0,52,307
12/06/2005,MMU,NJ,AEA,EN,Towers with Radar,0,34,68,0,102,0,3,320,0,323,0,37,388,0,425,144,0,144,569
12/07/2005,MMU,NJ,AEA,EN,Towers with Radar,0,56,119,0,175,0,0,320,0,320,0,56,439,0,495,242,0,242,737
12/08/2005,MMU,NJ,AEA,EN,Towers with Radar,0,46,127,0,173,0,0,437,0,437,0,46,564,0,610,278,0,278,888
12/09/2005,MMU,NJ,AEA,EN,Towers with Radar,0,29,70,0,99,0,0,17,0,17,0,29,87,0,116,0,0,0,116
12/10/2005,MMU,NJ,AEA,EN,Towers with Radar,0,18,29,2,49,0,0,206,0,206,0,18,235,2,255,162,0,162,417
12/11/2005,MMU,NJ,AEA,EN,Towers with Radar,0,19,53,0,72,0,0,196,0,196,0,19,249,0,268,182,0,182,450
12/12/2005,MMU,NJ,AEA,EN,Towers with Radar,0,34,85,1,120,0,0,413,0,413,0,34,498,1,533,322,0,322,855
12/13/2005,MMU,NJ,AEA,EN,Towers with Radar,0,43,64,4,111,0,0,371,0,371,0,43,435,4,482,194,0,194,676
12/14/2005,MMU,NJ,AEA,EN,Towers with Radar,0,36,91,0,127,0,324,305,0,629,0,360,396,0,756,164,0,164,920
12/15/2005,MMU,NJ,AEA,EN,Towers with Radar,0,30,97,0,127,0,3,294,0,297,0,33,391,0,424,132,0,132,556
12/16/2005,MMU,NJ,AEA,EN,Towers with Radar,0,30,79,0,109,0,0,257,0,257,0,30,336,0,366,110,0,110,476
12/17/2005,MMU,NJ,AEA,EN,Towers with Radar,0,10,33,0,43,0,0,304,0,304,0,10,337,0,347,232,0,232,579
12/18/2005,MMU,NJ,AEA,EN,Towers with Radar,0,16,38,0,54,0,4,299,1,304,0,20,337,1,358,216,0,216,574
12/19/2005,MMU,NJ,AEA,EN,Towers with Radar,0,31,77,2,110,0,0,310,0,310,0,31,387,2,420,191,0,191,611
12/20/2005,MMU,NJ,AEA,EN,Towers with Radar,0,37,67,0,104,0,2,285,0,287,0,39,352,0,391,176,0,176,567
12/21/2005,MMU,NJ,AEA,EN,Towers with Radar,0,38,62,0,100,0,0,305,0,305,0,38,367,0,405,196,0,196,601
12/22/2005,MMU,NJ,AEA,EN,Towers with Radar,0,31,54,0,85,0,0,407,8,415,0,31,461,8,500,222,0,222,722
12/23/2005,MMU,NJ,AEA,EN,Towers with Radar,0,31,59,0,90,0,10,302,0,312,0,41,361,0,402,36,0,36,438
12/24/2005,MMU,NJ,AEA,EN,Towers with Radar,0,15,15,0,30,0,0,216,0,216,0,15,231,0,246,110,0,110,356
12/25/2005,MMU,NJ,AEA,EN,Towers with Radar,0,0,0,0,0,0,18,23,0,41,0,18,23,0,41,0,0,0,41
12/26/2005,MMU,NJ,AEA,EN,Towers with Radar,0,43,76,0,119,0,0,87,0,87,0,43,163,0,206,112,0,112,318
12/27/2005,MMU,NJ,AEA,EN,Towers with Radar,0,21,52,0,73,0,1,286,0,287,0,22,338,0,360,194,0,194,554
12/28/2005,MMU,NJ,AEA,EN,Towers with Radar,0,26,57,0,83,0,0,403,2,405,0,26,460,2,488,272,0,272,760
12/29/2005,MMU,NJ,AEA,EN,Towers with Radar,0,19,21,0,40,0,1,31,0,32,0,20,52,0,72,22,0,22,94
12/30/2005,MMU,NJ,AEA,EN,Towers with Radar,0,23,40,0,63,0,0,270,1,271,0,23,310,1,334,126,0,126,460
12/31/2005,MMU,NJ,AEA,EN,Towers with Radar,0,21,22,0,43,0,0,154,0,154,0,21,176,0,197,112,0,112,309
01/01/2006,MMU,NJ,AEA,EN,Towers with Radar,0,34,59,0,93,0,11,185,0,196,0,45,244,0,289,130,0,130,419
01/02/2006,MMU,NJ,AEA,EN,Towers with Radar,0,39,97,0,136,0,0,91,0,91,0,39,188,0,227,118,0,118,345
01/03/2006,MMU,NJ,AEA,EN,Towers with Radar,0,24,53,0,77,0,0,0,0,0,0,24,53,0,77,0,0,0,77
01/04/2006,MMU,NJ,AEA,EN,Towers with Radar,0,34,86,0,120,0,0,303,0,303,0,34,389,0,423,172,0,172,595
01/05/2006,MMU,NJ,AEA,EN,Towers with Radar,0,36,65,0,101,0,0,263,0,263,0,36,328,0,364,120,0,120,484
01/06/2006,MMU,NJ,AEA,EN,Towers with Radar,0,28,62,0,90,0,0,253,0,253,0,28,315,0,343,144,0,144,487
01/07/2006,MMU,NJ,AEA,EN,Towers with Radar,0,18,52,0,70,0,0,348,0,348,0,18,400,0,418,346,0,346,764
01/08/2006,MMU,NJ,AEA,EN,Towers with Radar,0,18,59,0,77,0,0,362,0,362,0,18,421,0,439,300,0,300,739
01/09/2006,MMU,NJ,AEA,EN,Towers with Radar,0,19,53,4,76,0,0,307,0,307,0,19,360,4,383,250,0,250,633
01/10/2006,MMU,NJ,AEA,EN,Towers with Radar,0,19,79,0,98,0,2,352,0,354,0,21,431,0,452,222,0,222,674
01/11/2006,MMU,NJ,AEA,EN,Towers with Radar,0,37,66,0,103,0,0,11,0,11,0,37,77,0,114,0,0,0,114
01/12/2006,MMU,NJ,AEA,EN,Towers with Radar,0,37,85,0,122,0,0,349,0,349,0,37,434,0,471,160,0,160,631
01/13/2006,MMU,NJ,AEA,EN,Towers with Radar,0,44,118,0,162,0,0,0,0,0,0,44,118,0,162,0,0,0,162
01/14/2006,MMU,NJ,AEA,EN,Towers with Radar,0,17,43,0,60,0,1,1,0,2,0,18,44,0,62,0,0,0,62
01/15/2006,MMU,NJ,AEA,EN,Towers with Radar,0,9,33,0,42,0,0,2,0,2,0,9,35,0,44,0,0,0,44
01/16/2006,MMU,NJ,AEA,EN,Towers with Radar,0,69,108,0,177,0,0,315,0,315,0,69,423,0,492,70,0,70,562
01/17/2006,MMU,NJ,AEA,EN,Towers with Radar,0,41,65,0,106,0,0,324,0,324,0,41,389,0,430,202,0,202,632
01/18/2006,MMU,NJ,AEA,EN,Towers with Radar,0,23,70,0,93,0,0,19,0,19,0,23,89,0,112,0,0,0,112
01/19/2006,MMU,NJ,AEA,EN,Towers with Radar,0,38,79,0,117,0,0,339,0,339,0,38,418,0,456,170,0,170,626
01/20/2006,MMU,NJ,AEA,EN,Towers with Radar,0,26,74,0,100,0,0,326,0,326,0,26,400,0,426,238,0,238,664
01/21/2006,MMU,NJ,AEA,EN,Towers with Radar,0,11,30,0,41,0,1,169,0,170,0,12,199,0,211,116,0,116,327
01/22/2006,MMU,NJ,AEA,EN,Towers with Radar,0,14,49,0,63,0,11,390,0,401,0,25,439,0,464,316,0,316,780
01/23/2006,MMU,NJ,AEA,EN,Towers with Radar,0,24,79,0,103,0,0,19,0,19,0,24,98,0,122,0,0,0,122
01/24/2006,MMU,NJ,AEA,EN,Towers with Radar,0,38,78,2,118,0,3,317,0,320,0,41,395,2,438,156,0,156,594
01/25/2006,MMU,NJ,AEA,EN,Towers with Radar,0,43,62,0,105,0,0,302,0,302,0,43,364,0,407,126,0,126,533
01/26/2006,MMU,NJ,AEA,EN,Towers with Radar,0,36,83,0,119,0,1,223,0,224,0,37,306,0,343,76,0,76,419
01/27/2006,MMU,NJ,AEA,EN,Towers with Radar,0,27,65,0,92,0,0,358,0,358,0,27,423,0,450,148,0,148,598
01/28/2006,MMU,NJ,AEA,EN,Towers with Radar,0,13,27,0,40,0,5,441,0,446,0,18,468,0,486,338,0,338,824
01/29/2006,MMU,NJ,AEA,EN,Towers with Radar,0,37,55,0,92,0,0,170,0,170,0,37,225,0,262,174,0,174,436
01/30/2006,MMU,NJ,AEA,EN,Towers with Radar,0,39,74,0,113,0,0,154,0,154,0,39,228,0,267,62,0,62,329
01/31/2006,MMU,NJ,AEA,EN,Towers with Radar,0,32,75,0,107,0,0,35,0,35,0,32,110,0,142,16,0,16,158
02/01/2006,MMU,NJ,AEA,EN,Towers with Radar,0,29,63,0,92,0,0,424,0,424,0,29,487,0,516,192,0,192,708
02/02/2006,MMU,NJ,AEA,EN,Towers with Radar,0,44,97,0,141,0,2,286,0,288,0,46,383,0,429,152,0,152,581
02/03/2006,MMU,NJ,AEA,EN,Towers with Radar,0,27,89,0,116,0,0,147,0,147,0,27,236,0,263,70,0,70,333
02/04/2006,MMU,NJ,AEA,EN,Towers with Radar,0,18,25,0,43,0,0,126,0,126,0,18,151,0,169,174,0,174,343
02/05/2006,MMU,NJ,AEA,EN,Towers with Radar,0,22,46,0,68,0,0,252,0,252,0,22,298,0,320,198,0,198,518
02/06/2006,MMU,NJ,AEA,EN,Towers with Radar,0,47,77,0,124,0,0,228,0,228,0,47,305,0,352,28,0,28,380
02/07/2006,MMU,NJ,AEA,EN,Towers with Radar,0,41,58,2,101,0,1,358,0,359,0,42,416,2,460,208,0,208,668
02/08/2006,MMU,NJ,AEA,EN,Towers with Radar,0,34,60,0,94,0,0,329,0,329,0,34,389,0,423,164,0,164,587
02/09/2006,MMU,NJ,AEA,EN,Towers with Radar,0,37,80,0,117,0,0,323,0,323,0,37,403,0,440,136,0,136,576
02/10/2006,MMU,NJ,AEA,EN,Towers with Radar,0,32,80,0,112,0,1,246,0,247,0,33,326,0,359,208,0,208,567
02/11/2006,MMU,NJ,AEA,EN,Towers with Radar,0,10,23,0,33,0,0,173,0,173,0,10,196,0,206,172,0,172,378
02/12/2006,MMU,NJ,AEA,EN,Towers with Radar,0,10,13,0,23,0,0,5,0,5,0,10,18,0,28,0,0,0,28
02/13/2006,MMU,NJ,AEA,EN,Towers with Radar,0,47,82,0,129,0,0,343,0,343,0,47,425,0,472,128,0,128,600
02/14/2006,MMU,NJ,AEA,EN,Towers with Radar,0,0,0,0,0,0,0,0,0,0,0,0,0,0,0,0,0,0,0
02/15/2006,MMU,NJ,AEA,EN,Towers with Radar,0,51,71,0,122,0,0,370,0,370,0,51,441,0,492,170,0,170,662
02/16/2006,MMU,NJ,AEA,EN,Towers with Radar,0,44,83,4,131,0,0,327,0,327,0,44,410,4,458,200,0,200,658
02/17/2006,MMU,NJ,AEA,EN,Towers with Radar,0,38,77,0,115,0,7,77,0,84,0,45,154,0,199,38,0,38,237
02/18/2006,MMU,NJ,AEA,EN,Towers with Radar,0,49,48,0,97,0,0,206,0,206,0,49,254,0,303,188,0,188,491
02/19/2006,MMU,NJ,AEA,EN,Towers with Radar,0,30,41,0,71,0,0,331,0,331,0,30,372,0,402,262,0,262,664
02/20/2006,MMU,NJ,AEA,EN,Towers with Radar,0,34,84,0,118,0,0,343,0,343,0,34,427,0,461,316,0,316,777
02/21/2006,MMU,NJ,AEA,EN,Towers with Radar,0,37,80,0,117,0,0,339,0,339,0,37,419,0,456,172,0,172,628
02/22/2006,MMU,NJ,AEA,EN,Towers with Radar,0,53,79,5,137,0,0,308,0,308,0,53,387,5,445,202,0,202,647
02/23/2006,MMU,NJ,AEA,EN,Towers with Radar,0,25,102,0,127,0,0,248,0,248,0,25,350,0,375,164,0,164,539
02/24/2006,MMU,NJ,AEA,EN,Towers with Radar,0,39,65,0,104,0,8,191,0,199,0,47,256,0,303,2,0,2,305
02/25/2006,MMU,NJ,AEA,EN,Towers with Radar,0,20,56,0,76,0,0,309,0,309,0,20,365,0,385,264,0,264,649
02/26/2006,MMU,NJ,AEA,EN,Towers with Radar,0,37,79,0,116,0,6,237,0,243,0,43,316,0,359,84,0,84,443
02/27/2006,MMU,NJ,AEA,EN,Towers with Radar,0,33,68,0,101,0,0,348,0,348,0,33,416,0,449,190,0,190,639
02/28/2006,MMU,NJ,AEA,EN,Towers with Radar,0,26,77,0,103,0,0,414,2,416,0,26,491,2,519,200,0,200,719
03/01/2006,MMU,NJ,AEA,EN,Towers with Radar,0,62,72,0,134,0,0,422,0,422,0,62,494,0,556,190,0,190,746
03/02/2006,MMU,NJ,AEA,EN,Towers with Radar,0,30,61,4,95,0,0,18,0,18,0,30,79,4,113,0,0,0,113
03/03/2006,MMU,NJ,AEA,EN,Towers with Radar,0,46,96,0,142,0,13,230,0,243,0,59,326,0,385,34,0,34,419
03/04/2006,MMU,NJ,AEA,EN,Towers with Radar,0,16,27,0,43,0,0,158,0,158,0,16,185,0,201,72,0,72,273
03/05/2006,MMU,NJ,AEA,EN,Towers with Radar,0,28,46,0,74,0,11,300,0,311,0,39,346,0,385,220,0,220,605
03/06/2006,MMU,NJ,AEA,EN,Towers with Radar,0,28,49,0,77,0,0,448,0,448,0,28,497,0,525,168,0,168,693
03/07/2006,MMU,NJ,AEA,EN,Towers with Radar,0,34,108,0,142,0,0,427,0,427,0,34,535,0,569,252,0,252,821
03/08/2006,MMU,NJ,AEA,EN,Towers with Radar,0,48,63,0,111,0,0,310,0,310,0,48,373,0,421,228,0,228,649
03/09/2006,MMU,NJ,AEA,EN,Towers with Radar,0,43,82,0,125,0,0,398,2,400,0,43,480,2,525,120,2,122,647
03/10/2006,MMU,NJ,AEA,EN,Towers with Radar,0,48,86,0,134,0,0,223,0,223,0,48,309,0,357,34,0,34,391
03/11/2006,MMU,NJ,AEA,EN,Towers with Radar,0,27,41,1,69,0,0,387,0,387,0,27,428,1,456,322,0,322,778
03/12/2006,MMU,NJ,AEA,EN,Towers with Radar,0,34,70,0,104,0,0,19,0,19,0,34,89,0,123,12,0,12,135
03/13/2006,MMU,NJ,AEA,EN,Towers with Radar,0,22,83,0,105,0,0,125,0,125,0,22,208,0,230,74,0,74,304
03/14/2006,MMU,NJ,AEA,EN,Towers with Radar,0,28,65,0,93,0,5,352,0,357,0,33,417,0,450,34,0,34,484
03/15/2006,MMU,NJ,AEA,EN,Towers with Radar,0,36,60,0,96,0,0,289,0,289,0,36,349,0,385,228,0,228,613
03/16/2006,MMU,NJ,AEA,EN,Towers with Radar,0,34,80,1,115,0,1,354,0,355,0,35,434,1,470,217,0,217,687
03/17/2006,MMU,NJ,AEA,EN,Towers with Radar,0,31,79,0,110,0,3,231,2,236,0,34,310,2,346,178,0,178,524
03/18/2006,MMU,NJ,AEA,EN,Towers with Radar,0,15,42,0,57,0,0,334,0,334,0,15,376,0,391,391,0,391,782
03/19/2006,MMU,NJ,AEA,EN,Towers with Radar,0,49,54,0,103,0,2,244,0,246,0,51,298,0,349,198,0,198,547
03/20/2006,MMU,NJ,AEA,EN,Towers with Radar,0,27,78,0,105,0,5,265,0,270,0,32,343,0,375,66,0,66,441
03/21/2006,MMU,NJ,AEA,EN,Towers with Radar,0,30,57,0,87,0,9,318,0,327,0,39,375,0,414,132,0,132,546
03/22/2006,MMU,NJ,AEA,EN,Towers with Radar,0,27,69,0,96,0,0,358,0,358,0,27,427,0,454,54,0,54,508
03/23/2006,MMU,NJ,AEA,EN,Towers with Radar,0,39,78,0,117,0,5,284,0,289,0,44,362,0,406,162,0,162,568
03/24/2006,MMU,NJ,AEA,EN,Towers with Radar,0,37,66,0,103,0,0,324,0,324,0,37,390,0,427,156,0,156,583
03/25/2006,MMU,NJ,AEA,EN,Towers with Radar,0,29,52,0,81,0,3,316,0,319,0,32,368,0,400,262,0,262,662
03/26/2006,MMU,NJ,AEA,EN,Towers with Radar,0,31,56,0,87,0,9,302,0,311,0,40,358,0,398,246,0,246,644
03/27/2006,MMU,NJ,AEA,EN,Towers with Radar,0,39,70,0,109,0,12,366,0,378,0,51,436,0,487,108,0,108,595
03/28/2006,MMU,NJ,AEA,EN,Towers with Radar,0,28,80,0,108,0,6,312,0,318,0,34,392,0,426,248,0,248,674
03/29/2006,MMU,NJ,AEA,EN,Towers with Radar,0,28,89,0,117,0,0,392,2,394,0,28,481,2,511,194,0,194,705
03/30/2006,MMU,NJ,AEA,EN,Towers with Radar,0,39,98,0,137,0,0,370,0,370,0,39,468,0,507,234,0,234,741
03/31/2006,MMU,NJ,AEA,EN,Towers with Radar,0,39,68,0,107,0,0,368,0,368,0,39,436,0,475,258,0,258,733
04/01/2006,MMU,NJ,AEA,EN,Towers with Radar,0,18,49,0,67,0,0,122,0,122,0,18,171,0,189,212,0,212,401
04/02/2006,MMU,NJ,AEA,EN,Towers with Radar,0,37,61,0,98,0,6,246,0,252,0,43,307,0,350,350,0,350,700
04/03/2006,MMU,NJ,AEA,EN,Towers with Radar,0,27,93,0,120,0,0,127,0,127,0,27,220,0,247,104,0,104,351
04/04/2006,MMU,NJ,AEA,EN,Towers with Radar,0,37,86,2,125,0,0,138,0,138,0,37,224,2,263,64,0,64,327
04/05/2006,MMU,NJ,AEA,EN,Towers with Radar,0,34,71,2,107,0,0,111,4,115,0,34,182,6,222,62,0,62,284
04/06/2006,MMU,NJ,AEA,EN,Towers with Radar,0,36,95,0,131,0,1,249,0,250,0,37,344,0,381,244,0,244,625
04/07/2006,MMU,NJ,AEA,EN,Towers with Radar,0,36,86,0,122,0,7,68,0,75,0,43,154,0,197,86,0,86,283
04/08/2006,MMU,NJ,AEA,EN,Towers with Radar,0,27,47,0,74,0,0,81,0,81,0,27,128,0,155,162,0,162,317
04/09/2006,MMU,NJ,AEA,EN,Towers with Radar,0,0,0,0,0,0,64,233,0,297,0,64,233,0,297,390,0,390,687
04/10/2006,MMU,NJ,AEA,EN,Towers with Radar,0,39,74,3,116,0,0,176,0,176,0,39,250,3,292,224,0,224,516
04/11/2006,MMU,NJ,AEA,EN,Towers with Radar,0,40,65,0,105,0,0,174,0,174,0,40,239,0,279,224,0,224,503
04/12/2006,MMU,NJ,AEA,EN,Towers with Radar,0,33,63,2,98,0,0,177,4,181,0,33,240,6,279,206,0,206,485
04/13/2006,MMU,NJ,AEA,EN,Towers with Radar,0,52,123,0,175,0,0,171,0,171,0,52,294,0,346,214,0,214,560
04/14/2006,MMU,NJ,AEA,EN,Towers with Radar,0,34,84,0,118,0,0,211,0,211,0,34,295,0,329,264,0,264,593
04/15/2006,MMU,NJ,AEA,EN,Towers with Radar,0,17,57,0,74,0,0,117,0,117,0,17,174,0,191,294,0,294,485
04/16/2006,MMU,NJ,AEA,EN,Towers with Radar,0,50,61,0,111,0,5,108,0,113,0,55,169,0,224,244,0,244,468
04/17/2006,MMU,NJ,AEA,EN,Towers with Radar,0,38,87,0,125,0,0,147,0,147,0,38,234,0,272,216,0,216,488
04/18/2006,MMU,NJ,AEA,EN,Towers with Radar,0,28,81,0,109,0,6,198,0,204,0,34,279,0,313,186,0,186,499
04/19/2006,MMU,NJ,AEA,EN,Towers with Radar,0,23,67,0,90,0,0,206,0,206,0,23,273,0,296,178,0,178,474
04/20/2006,MMU,NJ,AEA,EN,Towers with Radar,0,53,78,0,131,0,0,184,0,184,0,53,262,0,315,224,0,224,539
04/21/2006,MMU,NJ,AEA,EN,Towers with Radar,0,56,66,3,125,0,0,198,0,198,0,56,264,3,323,126,0,126,449
04/22/2006,MMU,NJ,AEA,EN,Towers with Radar,0,20,41,0,61,0,0,28,0,28,0,20,69,0,89,64,0,64,153
04/23/2006,MMU,NJ,AEA,EN,Towers with Radar,0,24,72,0,96,0,0,21,0,21,0,24,93,0,117,28,0,28,145
04/24/2006,MMU,NJ,AEA,EN,Towers with Radar,0,26,104,2,132,0,0,96,0,96,0,26,200,2,228,70,0,70,298
04/25/2006,MMU,NJ,AEA,EN,Towers with Radar,0,39,86,0,125,0,4,208,0,212,0,43,294,0,337,170,0,170,507
04/26/2006,MMU,NJ,AEA,EN,Towers with Radar,0,42,82,0,124,0,0,240,0,240,0,42,322,0,364,244,0,244,608
04/27/2006,MMU,NJ,AEA,EN,Towers with Radar,0,52,99,0,151,0,3,224,0,227,0,55,323,0,378,276,0,276,654
04/28/2006,MMU,NJ,AEA,EN,Towers with Radar,0,41,91,0,132,0,0,210,0,210,0,41,301,0,342,300,0,300,642
04/29/2006,MMU,NJ,AEA,EN,Towers with Radar,0,29,40,0,69,0,0,211,0,211,0,29,251,0,280,234,0,234,514
04/30/2006,MMU,NJ,AEA,EN,Towers with Radar,0,41,77,0,118,0,7,189,0,196,0,48,266,0,314,312,312,624,938
05/01/2006,MMU,NJ,AEA,EN,Towers with Radar,0,36,71,0,107,0,0,159,0,159,0,36,230,0,266,170,0,170,436
05/02/2006,MMU,NJ,AEA,EN,Towers with Radar,0,29,84,0,113,0,2,172,0,174,0,31,256,0,287,294,0,294,581
05/03/2006,MMU,NJ,AEA,EN,Towers with Radar,0,39,97,0,136,0,0,80,0,80,0,39,177,0,216,188,0,188,404
05/04/2006,MMU,NJ,AEA,EN,Towers with Radar,0,36,63,4,103,0,0,218,0,218,0,36,281,4,321,278,0,278,599
05/05/2006,MMU,NJ,AEA,EN,Towers with Radar,0,36,63,0,99,0,0,167,4,171,0,36,230,4,270,278,0,278,548
05/06/2006,MMU,NJ,AEA,EN,Towers with Radar,0,24,33,6,63,0,0,190,0,190,0,24,223,6,253,218,0,218,471
05/07/2006,MMU,NJ,AEA,EN,Towers with Radar,0,42,50,0,92,0,3,231,0,234,0,45,281,0,326,336,0,336,662
05/08/2006,MMU,NJ,AEA,EN,Towers with Radar,0,25,83,0,108,0,0,125,0,125,0,25,208,0,233,108,0,108,341
05/09/2006,MMU,NJ,AEA,EN,Towers with Radar,0,33,88,0,121,0,2,216,0,218,0,35,304,0,339,230,0,230,569
05/10/2006,MMU,NJ,AEA,EN,Towers with Radar,0,38,81,0,119,0,0,141,0,141,0,38,222,0,260,236,0,236,496
05/11/2006,MMU,NJ,AEA,EN,Towers with Radar,0,36,108,0,144,0,0,9,0,9,0,36,117,0,153,0,0,0,153
05/12/2006,MMU,NJ,AEA,EN,Towers with Radar,0,34,72,0,106,0,0,61,0,61,0,34,133,0,167,40,0,40,207
05/13/2006,MMU,NJ,AEA,EN,Towers with Radar,0,17,42,0,59,0,0,109,0,109,0,17,151,0,168,194,0,194,362
05/14/2006,MMU,NJ,AEA,EN,Towers with Radar,0,26,62,0,88,0,3,84,2,89,0,29,146,2,177,90,0,90,267
05/15/2006,MMU,NJ,AEA,EN,Towers with Radar,0,37,99,0,136,0,0,21,0,21,0,37,120,0,157,6,0,6,163
05/16/2006,MMU,NJ,AEA,EN,Towers with Radar,0,42,85,0,127,0,4,67,0,71,0,46,152,0,198,74,0,74,272
05/17/2006,MMU,NJ,AEA,EN,Towers with Radar,0,31,104,0,135,0,0,125,0,125,0,31,229,0,260,136,0,136,396
05/18/2006,MMU,NJ,AEA,EN,Towers with Radar,0,34,106,2,142,0,0,178,0,178,0,34,284,2,320,156,0,156,476
05/19/2006,MMU,NJ,AEA,EN,Towers with Radar,0,29,92,0,121,0,0,96,0,96,0,29,188,0,217,36,0,36,253
05/20/2006,MMU,NJ,AEA,EN,Towers with Radar,0,10,33,0,43,0,0,223,0,223,0,10,256,0,266,284,0,284,550
05/21/2006,MMU,NJ,AEA,EN,Towers with Radar,0,30,53,0,83,0,0,171,0,171,0,30,224,0,254,200,0,200,454
05/22/2006,MMU,NJ,AEA,EN,Towers with Radar,0,46,74,0,120,0,0,215,0,215,0,46,289,0,335,112,0,112,447
05/23/2006,MMU,NJ,AEA,EN,Towers with Radar,0,31,85,0,116,0,11,172,0,183,0,42,257,0,299,112,0,112,411
05/24/2006,MMU,NJ,AEA,EN,Towers with Radar,0,34,83,0,117,0,0,234,0,234,0,34,317,0,351,178,0,178,529
05/25/2006,MMU,NJ,AEA,EN,Towers with Radar,0,33,93,1,127,0,0,221,1,222,0,33,314,2,349,254,0,254,603
05/26/2006,MMU,NJ,AEA,EN,Towers with Radar,0,49,109,0,158,0,0,58,0,58,0,49,167,0,216,78,0,78,294
05/27/2006,MMU,NJ,AEA,EN,Towers with Radar,0,31,46,0,77,0,0,187,2,189,0,31,233,2,266,282,0,282,548
05/28/2006,MMU,NJ,AEA,EN,Towers with Radar,0,8,43,0,51,0,2,181,0,183,0,10,224,0,234,338,0,338,572
05/29/2006,MMU,NJ,AEA,EN,Towers with Radar,0,37,95,2,134,0,0,182,0,182,0,37,277,2,316,232,0,232,548
05/30/2006,MMU,NJ,AEA,EN,Towers with Radar,0,35,74,0,109,0,4,196,0,200,0,39,270,0,309,176,0,176,485
05/31/2006,MMU,NJ,AEA,EN,Towers with Radar,0,29,58,0,87,0,0,175,0,175,0,29,233,0,262,170,0,170,432
06/01/2006,MMU,NJ,AEA,EN,Towers with Radar,0,35,75,0,110,0,0,86,0,86,0,35,161,0,196,82,0,82,278
06/02/2006,MMU,NJ,AEA,EN,Towers with Radar,0,41,93,0,134,0,0,93,0,93,0,41,186,0,227,38,0,38,265
06/03/2006,MMU,NJ,AEA,EN,Towers with Radar,0,15,56,0,71,0,0,15,0,15,0,15,71,0,86,0,0,0,86
06/04/2006,MMU,NJ,AEA,EN,Towers with Radar,0,27,75,2,104,0,0,186,0,186,0,27,261,2,290,256,0,256,546
06/05/2006,MMU,NJ,AEA,EN,Towers with Radar,0,21,88,1,110,0,0,123,0,123,0,21,211,1,233,174,0,174,407
06/06/2006,MMU,NJ,AEA,EN,Towers with Radar,0,31,84,0,115,0,1,200,0,201,0,32,284,0,316,300,0,300,616
06/07/2006,MMU,NJ,AEA,EN,Towers with Radar,0,29,106,0,135,0,0,18,0,18,0,29,124,0,153,24,0,24,177
06/08/2006,MMU,NJ,AEA,EN,Towers with Radar,0,33,130,0,163,0,0,130,1,131,0,33,260,1,294,74,0,74,368
06/09/2006,MMU,NJ,AEA,EN,Towers with Radar,0,45,99,4,148,0,0,206,0,206,0,45,305,4,354,260,0,260,614
06/10/2006,MMU,NJ,AEA,EN,Towers with Radar,0,21,38,0,59,0,0,218,0,218,0,21,256,0,277,184,0,184,461
06/11/2006,MMU,NJ,AEA,EN,Towers with Radar,0,27,52,0,79,0,0,245,0,245,0,27,297,0,324,262,0,262,586
06/12/2006,MMU,NJ,AEA,EN,Towers with Radar,0,31,89,0,120,0,0,143,0,143,0,31,232,0,263,162,0,162,425
06/13/2006,MMU,NJ,AEA,EN,Towers with Radar,0,45,89,0,134,0,0,185,0,185,0,45,274,0,319,288,0,288,607
06/14/2006,MMU,NJ,AEA,EN,Towers with Radar,0,43,89,0,132,0,0,184,0,184,0,43,273,0,316,178,0,178,494
06/15/2006,MMU,NJ,AEA,EN,Towers with Radar,0,21,99,0,120,0,0,201,0,201,0,21,300,0,321,278,0,278,599
06/16/2006,MMU,NJ,AEA,EN,Towers with Radar,0,40,75,0,115,0,0,231,0,231,0,40,306,0,346,288,0,288,634
06/17/2006,MMU,NJ,AEA,EN,Towers with Radar,0,22,31,0,53,0,0,235,0,235,0,22,266,0,288,400,0,400,688
06/18/2006,MMU,NJ,AEA,EN,Towers with Radar,0,44,77,0,121,0,0,261,0,261,0,44,338,0,382,228,0,228,610
06/19/2006,MMU,NJ,AEA,EN,Towers with Radar,0,31,90,0,121,0,0,79,0,79,0,31,169,0,200,88,0,88,288
06/20/2006,MMU,NJ,AEA,EN,Towers with Radar,0,39,102,0,141,0,2,153,0,155,0,41,255,0,296,188,0,188,484
06/21/2006,MMU,NJ,AEA,EN,Towers with Radar,0,39,104,0,143,0,0,221,0,221,0,39,325,0,364,220,0,220,584
06/22/2006,MMU,NJ,AEA,EN,Towers with Radar,0,38,96,0,134,0,0,180,0,180,0,38,276,0,314,220,0,220,534
06/23/2006,MMU,NJ,AEA,EN,Towers with Radar,0,29,89,0,118,0,0,148,0,148,0,29,237,0,266,202,0,202,468
06/24/2006,MMU,NJ,AEA,EN,Towers with Radar,0,22,40,0,62,0,0,0,0,0,0,22,40,0,62,0,0,0,62
06/25/2006,MMU,NJ,AEA,EN,Towers with Radar,0,49,81,0,130,0,0,0,0,0,0,49,81,0,130,0,0,0,130
06/26/2006,MMU,NJ,AEA,EN,Towers with Radar,0,28,120,0,148,0,0,43,0,43,0,28,163,0,191,14,0,14,205
06/27/2006,MMU,NJ,AEA,EN,Towers with Radar,0,34,92,0,126,0,0,102,0,102,0,34,194,0,228,90,0,90,318
06/28/2006,MMU,NJ,AEA,EN,Towers with Radar,0,29,88,0,117,0,0,161,0,161,0,29,249,0,278,176,0,176,454
06/29/2006,MMU,NJ,AEA,EN,Towers with Radar,0,45,125,0,170,0,0,174,0,174,0,45,299,0,344,162,0,162,506
06/30/2006,MMU,NJ,AEA,EN,Towers with Radar,0,34,94,1,129,0,2,202,0,204,0,36,296,1,333,154,0,154,487
07/01/2006,MMU,NJ,AEA,EN,Towers with Radar,0,18,50,0,68,0,4,83,0,87,0,22,133,0,155,156,0,156,311
07/02/2006,MMU,NJ,AEA,EN,Towers with Radar,0,12,29,0,41,0,7,75,0,82,0,19,104,0,123,78,0,78,201
07/03/2006,MMU,NJ,AEA,EN,Towers with Radar,0,18,20,0,38,0,0,116,0,116,0,18,136,0,154,116,0,116,270
07/04/2006,MMU,NJ,AEA,EN,Towers with Radar,0,17,32,2,51,0,0,139,0,139,0,17,171,2,190,208,0,208,398
07/05/2006,MMU,NJ,AEA,EN,Towers with Radar,0,28,72,0,100,0,0,52,0,52,0,28,124,0,152,82,0,82,234
07/06/2006,MMU,NJ,AEA,EN,Towers with Radar,0,26,83,2,111,0,3,181,0,184,0,29,264,2,295,180,0,180,475
07/07/2006,MMU,NJ,AEA,EN,Towers with Radar,0,30,54,0,84,0,5,248,0,253,0,35,302,0,337,246,0,246,583
07/08/2006,MMU,NJ,AEA,EN,Towers with Radar,0,39,36,0,75,0,2,193,0,195,0,41,229,0,270,314,0,314,584
07/09/2006,MMU,NJ,AEA,EN,Towers with Radar,0,37,76,0,113,0,23,181,0,204,0,60,257,0,317,232,0,232,549
07/10/2006,MMU,NJ,AEA,EN,Towers with Radar,0,41,79,0,120,0,0,161,0,161,0,41,240,0,281,214,0,214,495
07/11/2006,MMU,NJ,AEA,EN,Towers with Radar,0,34,111,0,145,0,2,136,0,138,0,36,247,0,283,122,0,122,405
07/12/2006,MMU,NJ,AEA,EN,Towers with Radar,0,27,117,0,144,0,0,44,0,44,0,27,161,0,188,0,0,0,188
07/13/2006,MMU,NJ,AEA,EN,Towers with Radar,0,31,96,0,127,0,0,211,0,211,0,31,307,0,338,170,0,170,508
07/14/2006,MMU,NJ,AEA,EN,Towers with Radar,0,43,94,0,137,0,1,204,1,206,0,44,298,1,343,258,0,258,601
07/15/2006,MMU,NJ,AEA,EN,Towers with Radar,0,23,42,1,66,0,0,142,0,142,0,23,184,1,208,204,0,204,412
07/16/2006,MMU,NJ,AEA,EN,Towers with Radar,0,36,82,0,118,0,0,209,0,209,0,36,291,0,327,300,0,300,627
07/17/2006,MMU,NJ,AEA,EN,Towers with Radar,0,42,95,0,137,0,0,169,0,169,0,42,264,0,306,130,0,130,436
07/18/2006,MMU,NJ,AEA,EN,Towers with Radar,0,22,83,0,105,0,0,143,0,143,0,22,226,0,248,134,0,134,382
07/19/2006,MMU,NJ,AEA,EN,Towers with Radar,0,27,94,0,121,0,0,198,0,198,0,27,292,0,319,210,0,210,529
07/20/2006,MMU,NJ,AEA,EN,Towers with Radar,0,43,102,0,145,0,9,248,0,257,0,52,350,0,402,190,0,190,592
07/21/2006,MMU,NJ,AEA,EN,Towers with Radar,0,49,100,1,150,0,0,38,0,38,0,49,138,1,188,24,0,24,212
07/22/2006,MMU,NJ,AEA,EN,Towers with Radar,0,15,59,0,74,0,1,15,0,16,0,16,74,0,90,0,0,0,90
07/23/2006,MMU,NJ,AEA,EN,Towers with Radar,0,35,75,0,110,0,0,214,0,214,0,35,289,0,324,334,0,334,658
07/24/2006,MMU,NJ,AEA,EN,Towers with Radar,0,23,106,0,129,0,0,229,0,229,0,23,335,0,358,248,0,248,606
07/25/2006,MMU,NJ,AEA,EN,Towers with Radar,0,46,98,0,144,0,1,191,2,194,0,47,289,2,338,142,0,142,480
07/26/2006,MMU,NJ,AEA,EN,Towers with Radar,0,24,84,0,108,0,0,235,0,235,0,24,319,0,343,216,0,216,559
07/27/2006,MMU,NJ,AEA,EN,Towers with Radar,0,42,128,0,170,0,2,185,0,187,0,44,313,0,357,104,0,104,461
07/28/2006,MMU,NJ,AEA,EN,Towers with Radar,0,43,96,0,139,0,1,112,0,113,0,44,208,0,252,62,0,62,314
07/29/2006,MMU,NJ,AEA,EN,Towers with Radar,0,10,45,2,57,0,4,166,0,170,0,14,211,2,227,142,0,142,369
07/30/2006,MMU,NJ,AEA,EN,Towers with Radar,0,31,51,0,82,0,0,207,0,207,0,31,258,0,289,210,0,210,499
07/31/2006,MMU,NJ,AEA,EN,Towers with Radar,0,23,86,0,109,0,0,92,0,92,0,23,178,0,201,158,0,158,359
08/01/2006,MMU,NJ,AEA,EN,Towers with Radar,0,24,84,2,110,0,0,161,0,161,0,24,245,2,271,134,0,134,405
08/02/2006,MMU,NJ,AEA,EN,Towers with Radar,0,34,84,3,121,0,0,186,0,186,0,34,270,3,307,134,0,134,441
08/03/2006,MMU,NJ,AEA,EN,Towers with Radar,0,29,95,0,124,0,0,151,0,151,0,29,246,0,275,108,0,108,383
08/04/2006,MMU,NJ,AEA,EN,Towers with Radar,0,58,79,2,139,0,0,180,0,180,0,58,259,2,319,170,0,170,489
08/05/2006,MMU,NJ,AEA,EN,Towers with Radar,0,19,36,2,57,0,11,218,0,229,0,30,254,2,286,316,0,316,602
08/06/2006,MMU,NJ,AEA,EN,Towers with Radar,0,36,54,0,90,0,0,292,0,292,0,36,346,0,382,352,0,352,734
08/07/2006,MMU,NJ,AEA,EN,Towers with Radar,0,36,82,0,118,0,0,71,0,71,0,36,153,0,189,224,0,224,413
08/08/2006,MMU,NJ,AEA,EN,Towers with Radar,0,31,86,0,117,0,1,219,0,220,0,32,305,0,337,216,0,216,553
08/09/2006,MMU,NJ,AEA,EN,Towers with Radar,0,31,69,0,100,0,0,196,0,196,0,31,265,0,296,240,0,240,536
08/10/2006,MMU,NJ,AEA,EN,Towers with Radar,0,44,94,0,138,0,8,213,5,226,0,52,307,5,364,192,0,192,556
08/11/2006,MMU,NJ,AEA,EN,Towers with Radar,0,66,53,0,119,0,0,220,0,220,0,66,273,0,339,340,0,340,679
08/12/2006,MMU,NJ,AEA,EN,Towers with Radar,0,16,28,0,44,0,9,237,0,246,0,25,265,0,290,302,0,302,592
08/13/2006,MMU,NJ,AEA,EN,Towers with Radar,0,30,69,0,99,0,9,210,1,220,0,39,279,1,319,332,0,332,651
08/14/2006,MMU,NJ,AEA,EN,Towers with Radar,0,28,88,1,117,0,0,169,0,169,0,28,257,1,286,246,0,246,532
08/15/2006,MMU,NJ,AEA,EN,Towers with Radar,0,22,80,0,102,0,2,109,0,111,0,24,189,0,213,222,0,222,435
08/16/2006,MMU,NJ,AEA,EN,Towers with Radar,0,43,76,4,123,0,0,202,0,202,0,43,278,4,325,238,0,238,563
08/17/2006,MMU,NJ,AEA,EN,Towers with Radar,0,40,101,0,141,0,13,250,0,263,0,53,351,0,404,258,0,258,662
08/18/2006,MMU,NJ,AEA,EN,Towers with Radar,0,37,77,0,114,0,9,293,0,302,0,46,370,0,416,258,0,258,674
08/19/2006,MMU,NJ,AEA,EN,Towers with Radar,0,24,71,1,96,0,0,119,3,122,0,24,190,4,218,212,0,212,430
08/20/2006,MMU,NJ,AEA,EN,Towers with Radar,0,49,65,0,114,0,0,178,0,178,0,49,243,0,292,250,0,250,542
08/21/2006,MMU,NJ,AEA,EN,Towers with Radar,0,29,74,0,103,0,0,168,0,168,0,29,242,0,271,204,0,204,475
08/22/2006,MMU,NJ,AEA,EN,Towers with Radar,0,23,99,0,122,0,1,249,0,250,0,24,348,0,372,320,0,320,692
08/23/2006,MMU,NJ,AEA,EN,Towers with Radar,0,34,84,0,118,0,0,178,0,178,0,34,262,0,296,250,0,250,546
08/24/2006,MMU,NJ,AEA,EN,Towers with Radar,0,38,99,0,137,0,1,193,0,194,0,39,292,0,331,172,0,172,503
08/25/2006,MMU,NJ,AEA,EN,Towers with Radar,0,35,68,0,103,0,8,29,0,37,0,43,97,0,140,0,0,0,140
08/26/2006,MMU,NJ,AEA,EN,Towers with Radar,0,17,57,0,74,0,1,35,0,36,0,18,92,0,110,28,0,28,138
08/27/2006,MMU,NJ,AEA,EN,Towers with Radar,0,26,69,0,95,0,0,4,0,4,0,26,73,0,99,0,0,0,99
08/28/2006,MMU,NJ,AEA,EN,Towers with Radar,0,30,95,0,125,0,0,35,0,35,0,30,130,0,160,52,0,52,212
08/29/2006,MMU,NJ,AEA,EN,Towers with Radar,0,30,83,0,113,0,0,2,0,2,0,30,85,0,115,0,0,0,115
08/30/2006,MMU,NJ,AEA,EN,Towers with Radar,0,37,101,0,138,0,0,84,0,84,0,37,185,0,222,140,0,140,362
08/31/2006,MMU,NJ,AEA,EN,Towers with Radar,0,42,103,0,145,0,5,256,0,261,0,47,359,0,406,232,0,232,638
09/01/2006,MMU,NJ,AEA,EN,Towers with Radar,0,38,55,0,93,0,0,168,0,168,0,38,223,0,261,210,0,210,471
09/02/2006,MMU,NJ,AEA,EN,Towers with Radar,0,13,11,0,24,0,0,0,0,0,0,13,11,0,24,0,0,0,24
09/03/2006,MMU,NJ,AEA,EN,Towers with Radar,0,17,29,0,46,0,6,92,0,98,0,23,121,0,144,148,0,148,292
09/04/2006,MMU,NJ,AEA,EN,Towers with Radar,0,30,75,0,105,0,0,198,0,198,0,30,273,0,303,270,0,270,573
09/05/2006,MMU,NJ,AEA,EN,Towers with Radar,0,46,103,0,149,0,0,105,0,105,0,46,208,0,254,124,0,124,378
09/06/2006,MMU,NJ,AEA,EN,Towers with Radar,0,43,98,1,142,0,0,177,0,177,0,43,275,1,319,216,0,216,535
09/07/2006,MMU,NJ,AEA,EN,Towers with Radar,0,29,124,0,153,0,14,296,10,320,0,43,420,10,473,364,0,364,837
09/08/2006,MMU,NJ,AEA,EN,Towers with Radar,0,46,76,2,124,0,0,189,0,189,0,46,265,2,313,158,0,158,471
09/09/2006,MMU,NJ,AEA,EN,Towers with Radar,0,39,33,4,76,0,0,243,0,243,0,39,276,4,319,328,0,328,647
09/10/2006,MMU,NJ,AEA,EN,Towers with Radar,0,26,78,0,104,0,15,229,0,244,0,41,307,0,348,164,0,164,512
09/11/2006,MMU,NJ,AEA,EN,Towers with Radar,0,29,88,0,117,0,0,106,0,106,0,29,194,0,223,118,0,118,341
09/12/2006,MMU,NJ,AEA,EN,Towers with Radar,0,39,67,0,106,0,5,238,1,244,0,44,305,1,350,238,0,238,588
09/13/2006,MMU,NJ,AEA,EN,Towers with Radar,0,52,77,0,129,0,0,216,0,216,0,52,293,0,345,262,0,262,607
09/14/2006,MMU,NJ,AEA,EN,Towers with Radar,0,75,151,0,226,0,0,6,2,8,0,75,157,2,234,0,0,0,234
09/15/2006,MMU,NJ,AEA,EN,Towers with Radar,0,47,106,0,153,0,0,0,0,0,0,47,106,0,153,0,0,0,153
09/16/2006,MMU,NJ,AEA,EN,Towers with Radar,0,17,60,0,77,0,0,225,0,225,0,17,285,0,302,278,0,278,580
09/17/2006,MMU,NJ,AEA,EN,Towers with Radar,0,22,81,0,103,0,18,143,0,161,0,40,224,0,264,228,0,228,492
09/18/2006,MMU,NJ,AEA,EN,Towers with Radar,0,27,158,0,185,0,4,29,1,34,0,31,187,1,219,0,0,0,219
09/19/2006,MMU,NJ,AEA,EN,Towers with Radar,0,35,115,0,150,0,0,16,0,16,0,35,131,0,166,0,0,0,166
09/20/2006,MMU,NJ,AEA,EN,Towers with Radar,0,34,112,1,147,0,0,49,0,49,0,34,161,1,196,110,0,110,306
09/21/2006,MMU,NJ,AEA,EN,Towers with Radar,0,28,88,0,116,0,8,188,0,196,0,36,276,0,312,0,238,238,550
09/22/2006,MMU,NJ,AEA,EN,Towers with Radar,0,24,91,2,117,0,0,174,0,174,0,24,265,2,291,216,0,216,507
09/23/2006,MMU,NJ,AEA,EN,Towers with Radar,0,15,56,0,71,0,0,82,0,82,0,15,138,0,153,56,0,56,209
09/24/2006,MMU,NJ,AEA,EN,Towers with Radar,0,31,68,0,99,0,4,128,0,132,0,35,196,0,231,142,0,142,373
09/25/2006,MMU,NJ,AEA,EN,Towers with Radar,0,16,68,0,84,0,11,125,0,136,0,27,193,0,220,126,0,126,346
09/26/2006,MMU,NJ,AEA,EN,Towers with Radar,0,37,77,0,114,0,6,149,0,155,0,43,226,0,269,192,0,192,461
09/27/2006,MMU,NJ,AEA,EN,Towers with Radar,0,46,82,2,130,0,0,211,0,211,0,46,293,2,341,274,0,274,615
09/28/2006,MMU,NJ,AEA,EN,Towers with Radar,0,40,120,0,160,0,15,236,0,251,0,55,356,0,411,254,0,254,665
09/29/2006,MMU,NJ,AEA,EN,Towers with Radar,0,43,85,0,128,0,0,180,0,180,0,43,265,0,308,214,0,214,522
09/30/2006,MMU,NJ,AEA,EN,Towers with Radar,0,36,37,0,73,0,0,212,0,212,0,36,249,0,285,298,0,298,583
10/01/2006,MMU,NJ,AEA,EN,Towers with Radar,0,26,57,0,83,0,8,233,0,241,0,34,290,0,324,268,0,268,592
10/02/2006,MMU,NJ,AEA,EN,Towers with Radar,0,22,66,0,88,0,0,185,0,185,0,22,251,0,273,226,0,226,499
10/03/2006,MMU,NJ,AEA,EN,Towers with Radar,0,29,80,4,113,0,6,238,0,244,0,35,318,4,357,256,0,256,613
10/04/2006,MMU,NJ,AEA,EN,Towers with Radar,0,70,94,3,167,0,0,189,0,189,0,70,283,3,356,258,0,258,614
10/05/2006,MMU,NJ,AEA,EN,Towers with Radar,0,47,76,0,123,0,6,224,6,236,0,53,300,6,359,310,0,310,669
10/06/2006,MMU,NJ,AEA,EN,Towers with Radar,0,52,84,2,138,0,9,248,0,257,0,61,332,2,395,262,0,262,657
10/07/2006,MMU,NJ,AEA,EN,Towers with Radar,0,39,36,0,75,0,0,271,0,271,0,39,307,0,346,302,0,302,648
10/08/2006,MMU,NJ,AEA,EN,Towers with Radar,0,28,51,0,79,0,23,264,0,287,0,51,315,0,366,240,0,240,606
10/09/2006,MMU,NJ,AEA,EN,Towers with Radar,0,28,62,0,90,0,0,166,0,166,0,28,228,0,256,260,0,260,516
10/10/2006,MMU,NJ,AEA,EN,Towers with Radar,0,27,96,0,123,0,4,231,0,235,0,31,327,0,358,266,0,266,624
10/11/2006,MMU,NJ,AEA,EN,Towers with Radar,0,33,134,0,167,0,0,33,0,33,0,33,167,0,200,0,0,0,200
10/12/2006,MMU,NJ,AEA,EN,Towers with Radar,0,44,97,0,141,0,23,183,0,206,0,67,280,0,347,272,0,272,619
10/13/2006,MMU,NJ,AEA,EN,Towers with Radar,0,47,52,0,99,0,0,223,0,223,0,47,275,0,322,230,0,230,552
10/14/2006,MMU,NJ,AEA,EN,Towers with Radar,0,23,37,0,60,0,0,196,0,196,0,23,233,0,256,318,0,318,574
10/15/2006,MMU,NJ,AEA,EN,Towers with Radar,0,29,60,0,89,0,11,174,0,185,0,40,234,0,274,340,0,340,614
10/16/2006,MMU,NJ,AEA,EN,Towers with Radar,0,31,69,0,100,0,0,237,0,237,0,31,306,0,337,328,0,328,665
10/17/2006,MMU,NJ,AEA,EN,Towers with Radar,0,42,76,0,118,0,2,57,0,59,0,44,133,0,177,52,0,52,229
10/18/2006,MMU,NJ,AEA,EN,Towers with Radar,0,54,85,0,139,0,2,145,0,147,0,56,230,0,286,176,0,176,462
10/19/2006,MMU,NJ,AEA,EN,Towers with Radar,0,35,82,0,117,0,14,220,0,234,0,49,302,0,351,292,0,292,643
10/20/2006,MMU,NJ,AEA,EN,Towers with Radar,0,39,86,0,125,0,6,15,0,21,0,45,101,0,146,0,0,0,146
10/21/2006,MMU,NJ,AEA,EN,Towers with Radar,0,31,44,0,75,0,2,220,0,222,0,33,264,0,297,328,0,328,625
10/22/2006,MMU,NJ,AEA,EN,Towers with Radar,0,28,45,0,73,0,1,211,0,212,0,29,256,0,285,252,0,252,537
10/23/2006,MMU,NJ,AEA,EN,Towers with Radar,0,38,68,0,106,0,0,193,0,193,0,38,261,0,299,238,0,238,537
10/24/2006,MMU,NJ,AEA,EN,Towers with Radar,0,36,80,0,116,0,4,162,0,166,0,40,242,0,282,114,0,114,396
10/25/2006,MMU,NJ,AEA,EN,Towers with Radar,0,48,65,0,113,0,0,204,0,204,0,48,269,0,317,202,0,202,519
10/26/2006,MMU,NJ,AEA,EN,Towers with Radar,0,33,116,0,149,0,19,258,0,277,0,52,374,0,426,232,0,232,658
10/27/2006,MMU,NJ,AEA,EN,Towers with Radar,0,35,91,0,126,0,0,211,0,211,0,35,302,0,337,250,0,250,587
10/28/2006,MMU,NJ,AEA,EN,Towers with Radar,0,21,16,0,37,0,0,25,0,25,0,21,41,0,62,36,0,36,98
10/29/2006,MMU,NJ,AEA,EN,Towers with Radar,0,24,49,0,73,0,0,46,0,46,0,24,95,0,119,6,0,6,125
10/30/2006,MMU,NJ,AEA,EN,Towers with Radar,0,30,101,0,131,0,0,154,0,154,0,30,255,0,285,220,0,220,505
10/31/2006,MMU,NJ,AEA,EN,Towers with Radar,0,22,67,0,89,0,1,231,0,232,0,23,298,0,321,244,0,244,565
11/01/2006,MMU,NJ,AEA,EN,Towers with Radar,0,35,96,0,131,0,8,201,2,211,0,43,297,2,342,232,0,232,574
11/02/2006,MMU,NJ,AEA,EN,Towers with Radar,0,36,94,0,130,0,10,224,0,234,0,46,318,0,364,192,0,192,556
11/03/2006,MMU,NJ,AEA,EN,Towers with Radar,0,31,91,0,122,0,0,181,0,181,0,31,272,0,303,128,0,128,431
11/04/2006,MMU,NJ,AEA,EN,Towers with Radar,0,11,51,2,64,0,2,232,0,234,0,13,283,2,298,320,0,320,618
11/05/2006,MMU,NJ,AEA,EN,Towers with Radar,0,33,62,0,95,0,5,277,0,282,0,38,339,0,377,356,0,356,733
11/06/2006,MMU,NJ,AEA,EN,Towers with Radar,0,35,51,0,86,0,0,246,0,246,0,35,297,0,332,168,0,168,500
11/07/2006,MMU,NJ,AEA,EN,Towers with Radar,0,36,82,0,118,0,0,197,0,197,0,36,279,0,315,154,0,154,469
11/08/2006,MMU,NJ,AEA,EN,Towers with Radar,0,58,124,0,182,0,0,0,0,0,0,58,124,0,182,0,0,0,182
11/09/2006,MMU,NJ,AEA,EN,Towers with Radar,0,43,98,0,141,0,10,206,0,216,0,53,304,0,357,202,0,202,559
11/10/2006,MMU,NJ,AEA,EN,Towers with Radar,0,15,70,2,87,0,13,194,0,207,0,28,264,2,294,214,0,214,508
11/11/2006,MMU,NJ,AEA,EN,Towers with Radar,0,27,48,0,75,0,0,119,0,119,0,27,167,0,194,150,0,150,344
11/12/2006,MMU,NJ,AEA,EN,Towers with Radar,0,35,80,0,115,0,0,0,0,0,0,35,80,0,115,0,0,0,115
11/13/2006,MMU,NJ,AEA,EN,Towers with Radar,0,35,111,0,146,0,0,29,0,29,0,35,140,0,175,0,0,0,175
11/14/2006,MMU,NJ,AEA,EN,Towers with Radar,0,31,92,0,123,0,7,90,0,97,0,38,182,0,220,168,0,168,388
11/15/2006,MMU,NJ,AEA,EN,Towers with Radar,0,42,105,2,149,0,0,49,0,49,0,42,154,2,198,178,0,178,376
11/16/2006,MMU,NJ,AEA,EN,Towers with Radar,0,42,72,0,114,0,0,30,0,30,0,42,102,0,144,2,0,2,146
11/17/2006,MMU,NJ,AEA,EN,Towers with Radar,0,64,98,0,162,0,0,232,0,232,0,64,330,0,394,182,0,182,576
11/18/2006,MMU,NJ,AEA,EN,Towers with Radar,0,18,46,0,64,0,0,255,0,255,0,18,301,0,319,426,0,426,745
11/19/2006,MMU,NJ,AEA,EN,Towers with Radar,0,38,47,0,85,0,0,271,0,271,0,38,318,0,356,310,0,310,666
11/20/2006,MMU,NJ,AEA,EN,Towers with Radar,0,56,61,0,117,0,0,185,0,185,0,56,246,0,302,256,0,256,558
11/21/2006,MMU,NJ,AEA,EN,Towers with Radar,0,44,91,0,135,0,0,157,0,157,0,44,248,0,292,226,0,226,518
11/22/2006,MMU,NJ,AEA,EN,Towers with Radar,0,41,74,0,115,0,3,152,0,155,0,44,226,0,270,218,0,218,488
11/23/2006,MMU,NJ,AEA,EN,Towers with Radar,0,6,12,0,18,0,0,0,0,0,0,6,12,0,18,0,0,0,18
11/24/2006,MMU,NJ,AEA,EN,Towers with Radar,0,20,23,0,43,0,0,160,0,160,0,20,183,0,203,192,0,192,395
11/25/2006,MMU,NJ,AEA,EN,Towers with Radar,0,23,42,0,65,0,0,229,0,229,0,23,271,0,294,382,0,382,676
11/26/2006,MMU,NJ,AEA,EN,Towers with Radar,0,78,113,0,191,0,0,289,0,289,0,78,402,0,480,314,0,314,794
11/27/2006,MMU,NJ,AEA,EN,Towers with Radar,0,35,106,2,143,0,9,175,0,184,0,44,281,2,327,234,0,234,561
11/28/2006,MMU,NJ,AEA,EN,Towers with Radar,0,35,113,2,150,0,0,189,0,189,0,35,302,2,339,134,0,134,473
11/29/2006,MMU,NJ,AEA,EN,Towers with Radar,0,37,115,0,152,0,0,48,0,48,0,37,163,0,200,14,0,14,214
11/30/2006,MMU,NJ,AEA,EN,Towers with Radar,0,46,143,2,191,0,7,118,0,125,0,53,261,2,316,126,0,126,442
12/01/2006,MMU,NJ,AEA,EN,Towers with Radar,0,30,63,0,93,0,60,24,0,84,0,90,87,0,177,0,0,0,177
12/02/2006,MMU,NJ,AEA,EN,Towers with Radar,0,23,28,0,51,0,0,224,0,224,0,23,252,0,275,236,0,236,511
12/03/2006,MMU,NJ,AEA,EN,Towers with Radar,0,25,49,0,74,0,15,276,0,291,0,40,325,0,365,328,0,328,693
12/04/2006,MMU,NJ,AEA,EN,Towers with Radar,0,30,84,0,114,0,0,102,0,102,0,30,186,0,216,46,0,46,262
12/05/2006,MMU,NJ,AEA,EN,Towers with Radar,0,38,89,0,127,0,5,261,0,266,0,43,350,0,393,224,0,224,617
12/06/2006,MMU,NJ,AEA,EN,Towers with Radar,0,81,131,0,212,0,0,221,2,223,0,81,352,2,435,266,0,266,701
12/07/2006,MMU,NJ,AEA,EN,Towers with Radar,0,38,152,0,190,0,2,254,0,256,0,40,406,0,446,208,0,208,654
12/08/2006,MMU,NJ,AEA,EN,Towers with Radar,0,38,106,0,144,0,0,90,0,90,0,38,196,0,234,14,0,14,248
12/09/2006,MMU,NJ,AEA,EN,Towers with Radar,0,9,41,0,50,0,8,210,1,219,0,17,251,1,269,222,0,222,491
12/10/2006,MMU,NJ,AEA,EN,Towers with Radar,0,28,71,0,99,0,0,214,0,214,0,28,285,0,313,332,0,332,645
12/11/2006,MMU,NJ,AEA,EN,Towers with Radar,0,16,78,0,94,0,0,239,0,239,0,16,317,0,333,276,0,276,609
12/12/2006,MMU,NJ,AEA,EN,Towers with Radar,0,39,62,0,101,0,0,242,2,244,0,39,304,2,345,280,0,280,625
12/13/2006,MMU,NJ,AEA,EN,Towers with Radar,0,53,91,2,146,0,0,80,0,80,0,53,171,2,226,0,0,0,226
12/14/2006,MMU,NJ,AEA,EN,Towers with Radar,0,54,121,0,175,0,0,184,0,184,0,54,305,0,359,138,0,138,497
12/15/2006,MMU,NJ,AEA,EN,Towers with Radar,0,41,78,0,119,0,0,104,1,105,0,41,182,1,224,120,0,120,344
12/16/2006,MMU,NJ,AEA,EN,Towers with Radar,0,17,39,0,56,0,0,210,0,210,0,17,249,0,266,318,0,318,584
12/17/2006,MMU,NJ,AEA,EN,Towers with Radar,0,34,44,0,78,0,0,245,0,245,0,34,289,0,323,270,0,270,593
12/18/2006,MMU,NJ,AEA,EN,Towers with Radar,0,30,57,0,87,0,0,152,0,152,0,30,209,0,239,196,0,196,435
12/19/2006,MMU,NJ,AEA,EN,Towers with Radar,0,35,86,0,121,0,3,225,0,228,0,38,311,0,349,204,0,204,553
12/20/2006,MMU,NJ,AEA,EN,Towers with Radar,0,64,56,0,120,0,0,226,0,226,0,64,282,0,346,232,0,232,578
12/21/2006,MMU,NJ,AEA,EN,Towers with Radar,0,38,60,0,98,0,4,237,0,241,0,42,297,0,339,198,0,198,537
12/22/2006,MMU,NJ,AEA,EN,Towers with Radar,0,43,71,0,114,0,0,156,0,156,0,43,227,0,270,132,0,132,402
12/23/2006,MMU,NJ,AEA,EN,Towers with Radar,0,36,48,0,84,0,0,168,0,168,0,36,216,0,252,140,0,140,392
12/24/2006,MMU,NJ,AEA,EN,Towers with Radar,0,13,18,0,31,0,2,98,0,100,0,15,116,0,131,134,0,134,265
12/25/2006,MMU,NJ,AEA,EN,Towers with Radar,0,19,7,0,26,0,0,68,0,68,0,19,75,0,94,50,0,50,144
12/26/2006,MMU,NJ,AEA,EN,Towers with Radar,0,49,87,0,136,0,1,19,0,20,0,50,106,0,156,6,0,6,162
12/27/2006,MMU,NJ,AEA,EN,Towers with Radar,0,40,61,0,101,0,7,166,0,173,0,47,227,0,274,142,0,142,416
12/28/2006,MMU,NJ,AEA,EN,Towers with Radar,0,15,25,0,40,0,2,195,0,197,0,17,220,0,237,192,0,192,429
12/29/2006,MMU,NJ,AEA,EN,Towers with Radar,0,25,31,2,58,0,0,228,0,228,0,25,259,2,286,310,0,310,596
12/30/2006,MMU,NJ,AEA,EN,Towers with Radar,0,18,31,0,49,0,23,124,0,147,0,41,155,0,196,192,0,192,388
12/31/2006,MMU,NJ,AEA,EN,Towers with Radar,0,22,24,0,46,0,12,146,0,158,0,34,170,0,204,222,0,222,426
01/01/2007,MMU,NJ,AEA,EN,Towers with Radar,0,47,64,0,111,0,0,0,0,0,0,47,64,0,111,0,0,0,111
01/02/2007,MMU,NJ,AEA,EN,Towers with Radar,0,49,60,0,109,0,2,130,0,132,0,51,190,0,241,70,0,70,311
01/03/2007,MMU,NJ,AEA,EN,Towers with Radar,0,52,69,0,121,0,0,126,0,126,0,52,195,0,247,176,0,176,423
01/04/2007,MMU,NJ,AEA,EN,Towers with Radar,0,30,52,0,82,0,5,264,0,269,0,35,316,0,351,324,0,324,675
01/05/2007,MMU,NJ,AEA,EN,Towers with Radar,0,32,58,0,90,0,0,0,0,0,0,32,58,0,90,0,0,0,90
01/06/2007,MMU,NJ,AEA,EN,Towers with Radar,0,21,27,0,48,0,0,156,0,156,0,21,183,0,204,180,0,180,384
01/07/2007,MMU,NJ,AEA,EN,Towers with Radar,0,28,55,0,83,0,18,206,0,224,0,46,261,0,307,216,0,216,523
01/08/2007,MMU,NJ,AEA,EN,Towers with Radar,0,22,67,2,91,0,0,43,0,43,0,22,110,2,134,16,0,16,150
01/09/2007,MMU,NJ,AEA,EN,Towers with Radar,0,38,47,6,91,0,0,175,0,175,0,38,222,6,266,130,0,130,396
01/10/2007,MMU,NJ,AEA,EN,Towers with Radar,0,40,64,0,104,0,0,154,0,154,0,40,218,0,258,54,0,54,312
01/11/2007,MMU,NJ,AEA,EN,Towers with Radar,0,45,79,0,124,0,8,243,0,251,0,53,322,0,375,272,0,272,647
01/12/2007,MMU,NJ,AEA,EN,Towers with Radar,0,43,89,0,132,0,0,233,0,233,0,43,322,0,365,262,0,262,627
01/13/2007,MMU,NJ,AEA,EN,Towers with Radar,0,14,38,0,52,0,4,201,0,205,0,18,239,0,257,300,0,300,557
01/14/2007,MMU,NJ,AEA,EN,Towers with Radar,0,13,45,0,58,0,0,8,0,8,0,13,53,0,66,0,0,0,66
01/15/2007,MMU,NJ,AEA,EN,Towers with Radar,0,29,84,0,113,0,0,0,0,0,0,29,84,0,113,0,0,0,113
01/16/2007,MMU,NJ,AEA,EN,Towers with Radar,0,36,76,0,112,0,0,162,0,162,0,36,238,0,274,40,0,40,314
01/17/2007,MMU,NJ,AEA,EN,Towers with Radar,0,41,70,0,111,0,0,214,0,214,0,41,284,0,325,180,0,180,505
01/18/2007,MMU,NJ,AEA,EN,Towers with Radar,0,40,115,0,155,0,9,154,0,163,0,49,269,0,318,108,0,108,426
01/19/2007,MMU,NJ,AEA,EN,Towers with Radar,0,27,54,0,81,0,2,112,0,114,0,29,166,0,195,96,0,96,291
01/20/2007,MMU,NJ,AEA,EN,Towers with Radar,0,10,31,0,41,0,9,63,0,72,0,19,94,0,113,82,0,82,195
01/21/2007,MMU,NJ,AEA,EN,Towers with Radar,0,21,39,0,60,0,3,148,0,151,0,24,187,0,211,138,0,138,349
01/22/2007,MMU,NJ,AEA,EN,Towers with Radar,0,31,57,0,88,0,0,67,1,68,0,31,124,1,156,106,0,106,262
01/23/2007,MMU,NJ,AEA,EN,Towers with Radar,0,30,85,2,117,0,0,129,0,129,0,30,214,2,246,198,0,198,444
01/24/2007,MMU,NJ,AEA,EN,Towers with Radar,0,45,62,2,109,0,0,185,0,185,0,45,247,2,294,236,0,236,530
01/25/2007,MMU,NJ,AEA,EN,Towers with Radar,0,28,68,0,96,0,12,243,0,255,0,40,311,0,351,184,0,184,535
01/26/2007,MMU,NJ,AEA,EN,Towers with Radar,0,33,47,1,81,0,0,194,0,194,0,33,241,1,275,88,0,88,363
01/27/2007,MMU,NJ,AEA,EN,Towers with Radar,0,27,44,2,73,0,0,227,0,227,0,27,271,2,300,336,0,336,636
01/28/2007,MMU,NJ,AEA,EN,Towers with Radar,0,28,56,1,85,0,20,167,0,187,0,48,223,1,272,260,0,260,532
01/29/2007,MMU,NJ,AEA,EN,Towers with Radar,0,32,74,0,106,0,0,159,0,159,0,32,233,0,265,188,0,188,453
01/30/2007,MMU,NJ,AEA,EN,Towers with Radar,0,37,63,0,100,0,0,81,0,81,0,37,144,0,181,132,0,132,313
01/31/2007,MMU,NJ,AEA,EN,Towers with Radar,0,43,83,0,126,0,0,140,0,140,0,43,223,0,266,160,0,160,426
02/01/2007,MMU,NJ,AEA,EN,Towers with Radar,0,33,100,0,133,0,19,184,0,203,0,52,284,0,336,166,0,166,502
02/02/2007,MMU,NJ,AEA,EN,Towers with Radar,0,36,57,0,93,0,0,131,0,131,0,36,188,0,224,124,0,124,348
02/03/2007,MMU,NJ,AEA,EN,Towers with Radar,0,16,21,0,37,0,0,194,0,194,0,16,215,0,231,206,0,206,437
02/04/2007,MMU,NJ,AEA,EN,Towers with Radar,0,33,51,0,84,0,3,186,1,190,0,36,237,1,274,238,0,238,512
02/05/2007,MMU,NJ,AEA,EN,Towers with Radar,0,36,89,0,125,0,0,117,0,117,0,36,206,0,242,62,0,62,304
02/06/2007,MMU,NJ,AEA,EN,Towers with Radar,0,49,36,0,85,0,0,159,0,159,0,49,195,0,244,106,0,106,350
02/07/2007,MMU,NJ,AEA,EN,Towers with Radar,0,33,65,0,98,0,0,240,0,240,0,33,305,0,338,126,0,126,464
02/08/2007,MMU,NJ,AEA,EN,Towers with Radar,0,42,80,0,122,0,29,227,0,256,0,71,307,0,378,220,0,220,598
02/09/2007,MMU,NJ,AEA,EN,Towers with Radar,0,47,50,0,97,0,0,227,0,227,0,47,277,0,324,212,0,212,536
02/10/2007,MMU,NJ,AEA,EN,Towers with Radar,0,19,38,0,57,0,0,176,0,176,0,19,214,0,233,260,0,260,493
02/11/2007,MMU,NJ,AEA,EN,Towers with Radar,0,23,59,1,83,0,0,252,0,252,0,23,311,1,335,322,0,322,657
02/12/2007,MMU,NJ,AEA,EN,Towers with Radar,0,22,89,0,111,0,13,132,0,145,0,35,221,0,256,170,0,170,426
02/13/2007,MMU,NJ,AEA,EN,Towers with Radar,0,37,72,0,109,0,0,101,0,101,0,37,173,0,210,208,0,208,418
02/14/2007,MMU,NJ,AEA,EN,Towers with Radar,0,8,11,0,19,0,0,0,0,0,0,8,11,0,19,0,0,0,19
02/15/2007,MMU,NJ,AEA,EN,Towers with Radar,0,50,132,0,182,0,3,236,0,239,0,53,368,0,421,158,0,158,579
02/16/2007,MMU,NJ,AEA,EN,Towers with Radar,0,76,146,2,224,0,0,190,0,190,0,76,336,2,414,202,0,202,616
02/17/2007,MMU,NJ,AEA,EN,Towers with Radar,0,33,33,0,66,0,28,260,0,288,0,61,293,0,354,333,0,333,687
02/18/2007,MMU,NJ,AEA,EN,Towers with Radar,0,21,42,0,63,0,6,160,0,166,0,27,202,0,229,276,0,276,505
02/19/2007,MMU,NJ,AEA,EN,Towers with Radar,0,28,96,0,124,0,5,141,0,146,0,33,237,0,270,178,0,178,448
02/20/2007,MMU,NJ,AEA,EN,Towers with Radar,0,53,103,0,156,0,10,152,2,164,0,63,255,2,320,150,0,150,470
02/21/2007,MMU,NJ,AEA,EN,Towers with Radar,0,41,76,0,117,0,0,176,0,176,0,41,252,0,293,190,0,190,483
02/22/2007,MMU,NJ,AEA,EN,Towers with Radar,0,36,99,0,135,0,22,117,0,139,0,58,216,0,274,72,0,72,346
02/23/2007,MMU,NJ,AEA,EN,Towers with Radar,0,29,56,0,85,0,0,150,0,150,0,29,206,0,235,118,0,118,353
02/24/2007,MMU,NJ,AEA,EN,Towers with Radar,0,26,49,0,75,0,20,157,0,177,0,46,206,0,252,205,0,205,457
02/25/2007,MMU,NJ,AEA,EN,Towers with Radar,0,25,76,1,102,0,30,122,0,152,0,55,198,1,254,234,0,234,488
02/26/2007,MMU,NJ,AEA,EN,Towers with Radar,0,28,63,0,91,0,0,28,0,28,0,28,91,0,119,0,0,0,119
02/27/2007,MMU,NJ,AEA,EN,Towers with Radar,0,35,91,0,126,0,0,69,0,69,0,35,160,0,195,240,0,240,435
02/28/2007,MMU,NJ,AEA,EN,Towers with Radar,0,69,54,4,127,0,0,193,0,193,0,69,247,4,320,222,0,222,542
03/01/2007,MMU,NJ,AEA,EN,Towers with Radar,0,40,103,0,143,0,0,277,0,277,0,40,380,0,420,344,0,344,764
03/02/2007,MMU,NJ,AEA,EN,Towers with Radar,0,51,60,0,111,0,0,158,0,158,0,51,218,0,269,116,0,116,385
03/03/2007,MMU,NJ,AEA,EN,Towers with Radar,0,18,40,0,58,0,9,235,0,244,0,27,275,0,302,302,0,302,604
03/04/2007,MMU,NJ,AEA,EN,Towers with Radar,0,26,55,0,81,0,10,180,0,190,0,36,235,0,271,278,0,278,549
03/05/2007,MMU,NJ,AEA,EN,Towers with Radar,0,18,76,0,94,0,11,53,0,64,0,29,129,0,158,8,0,8,166
03/06/2007,MMU,NJ,AEA,EN,Towers with Radar,0,28,64,2,94,0,0,128,0,128,0,28,192,2,222,0,0,0,222
03/07/2007,MMU,NJ,AEA,EN,Towers with Radar,0,31,58,2,91,0,0,27,0,27,0,31,85,2,118,0,0,0,118
03/08/2007,MMU,NJ,AEA,EN,Towers with Radar,0,44,97,0,141,0,0,192,0,192,0,44,289,0,333,110,0,110,443
03/09/2007,MMU,NJ,AEA,EN,Towers with Radar,0,47,53,1,101,0,0,209,0,209,0,47,262,1,310,326,0,326,636
03/10/2007,MMU,NJ,AEA,EN,Towers with Radar,0,38,51,0,89,0,0,127,0,127,0,38,178,0,216,254,0,254,470
03/11/2007,MMU,NJ,AEA,EN,Towers with Radar,0,38,41,0,79,0,6,214,0,220,0,44,255,0,299,296,0,296,595
03/12/2007,MMU,NJ,AEA,EN,Towers with Radar,0,21,66,0,87,0,13,314,0,327,0,34,380,0,414,266,0,266,680
03/13/2007,MMU,NJ,AEA,EN,Towers with Radar,0,46,80,0,126,0,0,112,0,112,0,46,192,0,238,242,0,242,480
03/14/2007,MMU,NJ,AEA,EN,Towers with Radar,0,31,89,0,120,0,0,137,0,137,0,31,226,0,257,314,0,314,571
03/15/2007,MMU,NJ,AEA,EN,Towers with Radar,0,47,97,0,144,0,18,206,0,224,0,65,303,0,368,166,0,166,534
03/16/2007,MMU,NJ,AEA,EN,Towers with Radar,0,8,37,0,45,0,0,179,0,179,0,8,216,0,224,0,0,0,224
03/17/2007,MMU,NJ,AEA,EN,Towers with Radar,0,29,39,0,68,0,10,0,0,10,0,39,39,0,78,54,0,54,132
03/18/2007,MMU,NJ,AEA,EN,Towers with Radar,0,44,75,0,119,0,0,60,0,60,0,44,135,0,179,102,0,102,281
03/19/2007,MMU,NJ,AEA,EN,Towers with Radar,0,36,53,0,89,0,6,141,0,147,0,42,194,0,236,190,0,190,426
03/20/2007,MMU,NJ,AEA,EN,Towers with Radar,0,33,46,0,79,0,0,143,0,143,0,33,189,0,222,230,0,230,452
03/21/2007,MMU,NJ,AEA,EN,Towers with Radar,0,46,82,0,128,0,0,119,0,119,0,46,201,0,247,268,0,268,515
03/22/2007,MMU,NJ,AEA,EN,Towers with Radar,0,76,103,2,181,0,0,209,0,209,0,76,312,2,390,156,0,156,546
03/23/2007,MMU,NJ,AEA,EN,Towers with Radar,0,40,93,0,133,0,6,179,0,185,0,46,272,0,318,40,93,133,451
03/24/2007,MMU,NJ,AEA,EN,Towers with Radar,0,23,34,0,57,0,7,212,0,219,0,30,246,0,276,224,0,224,500
03/25/2007,MMU,NJ,AEA,EN,Towers with Radar,0,40,91,0,131,0,11,131,0,142,0,51,222,0,273,292,0,292,565
03/26/2007,MMU,NJ,AEA,EN,Towers with Radar,0,42,71,0,113,0,0,139,0,139,0,42,210,0,252,170,0,170,422
03/27/2007,MMU,NJ,AEA,EN,Towers with Radar,0,39,76,0,115,0,0,151,0,151,0,39,227,0,266,216,0,216,482
03/28/2007,MMU,NJ,AEA,EN,Towers with Radar,0,43,103,2,148,0,0,121,0,121,0,43,224,2,269,168,0,168,437
03/29/2007,MMU,NJ,AEA,EN,Towers with Radar,0,28,104,0,132,0,10,262,0,272,0,38,366,0,404,298,0,298,702
03/30/2007,MMU,NJ,AEA,EN,Towers with Radar,0,43,70,2,115,0,0,242,0,242,0,43,312,2,357,208,0,208,565
03/31/2007,MMU,NJ,AEA,EN,Towers with Radar,0,26,38,0,64,0,25,274,0,299,0,51,312,0,363,378,0,378,741
04/01/2007,MMU,NJ,AEA,EN,Towers with Radar,0,19,53,0,72,0,24,112,0,136,0,43,165,0,208,174,0,174,382
04/02/2007,MMU,NJ,AEA,EN,Towers with Radar,0,27,82,0,109,0,0,48,0,48,0,27,130,0,157,32,0,32,189
04/03/2007,MMU,NJ,AEA,EN,Towers with Radar,0,46,95,2,143,0,0,128,0,128,0,46,223,2,271,168,0,168,439
04/04/2007,MMU,NJ,AEA,EN,Towers with Radar,0,45,104,0,149,0,0,0,0,0,0,45,104,0,149,0,0,0,149
04/05/2007,MMU,NJ,AEA,EN,Towers with Radar,0,54,123,0,177,0,0,167,0,167,0,54,290,0,344,76,0,76,420
04/06/2007,MMU,NJ,AEA,EN,Towers with Radar,0,39,91,2,132,0,30,199,0,229,0,69,290,2,361,244,0,244,605
04/07/2007,MMU,NJ,AEA,EN,Towers with Radar,0,24,49,1,74,0,7,252,0,259,0,31,301,1,333,340,0,340,673
04/08/2007,MMU,NJ,AEA,EN,Towers with Radar,0,24,65,0,89,0,5,144,0,149,0,29,209,0,238,208,0,208,446
04/09/2007,MMU,NJ,AEA,EN,Towers with Radar,0,39,80,2,121,0,14,138,0,152,0,53,218,2,273,168,0,168,441
04/10/2007,MMU,NJ,AEA,EN,Towers with Radar,0,36,69,0,105,0,0,108,0,108,0,36,177,0,213,166,0,166,379
04/11/2007,MMU,NJ,AEA,EN,Towers with Radar,0,45,63,0,108,0,0,188,0,188,0,45,251,0,296,222,0,222,518
04/12/2007,MMU,NJ,AEA,EN,Towers with Radar,0,42,81,0,123,0,8,20,0,28,0,50,101,0,151,6,0,6,157
04/13/2007,MMU,NJ,AEA,EN,Towers with Radar,0,52,71,0,123,0,0,180,0,180,0,52,251,0,303,150,0,150,453
04/14/2007,MMU,NJ,AEA,EN,Towers with Radar,0,35,37,0,72,0,8,160,4,172,0,43,197,4,244,282,0,282,526
04/15/2007,MMU,NJ,AEA,EN,Towers with Radar,0,12,0,0,12,0,0,29,0,29,0,12,29,0,41,0,0,0,41
04/16/2007,MMU,NJ,AEA,EN,Towers with Radar,0,31,114,0,145,0,3,22,0,25,0,34,136,0,170,0,0,0,170
04/17/2007,MMU,NJ,AEA,EN,Towers with Radar,0,57,160,0,217,0,0,100,0,100,0,57,260,0,317,0,0,0,317
04/18/2007,MMU,NJ,AEA,EN,Towers with Radar,0,44,135,1,180,0,0,179,0,179,0,44,314,1,359,154,0,154,513
04/19/2007,MMU,NJ,AEA,EN,Towers with Radar,0,35,85,1,121,0,8,258,3,269,0,43,343,4,390,146,0,146,536
04/20/2007,MMU,NJ,AEA,EN,Towers with Radar,0,65,92,2,159,0,0,324,0,324,0,65,416,2,483,372,0,372,855
04/21/2007,MMU,NJ,AEA,EN,Towers with Radar,0,22,46,0,68,0,4,335,0,339,0,26,381,0,407,444,0,444,851
04/22/2007,MMU,NJ,AEA,EN,Towers with Radar,0,33,48,0,81,0,1,274,0,275,0,34,322,0,356,386,0,386,742
04/23/2007,MMU,NJ,AEA,EN,Towers with Radar,0,20,128,0,148,0,0,198,0,198,0,20,326,0,346,0,0,0,346
04/24/2007,MMU,NJ,AEA,EN,Towers with Radar,0,67,177,0,244,0,0,66,1,67,0,67,243,1,311,26,0,26,337
04/25/2007,MMU,NJ,AEA,EN,Towers with Radar,0,52,118,0,170,0,0,179,0,179,0,52,297,0,349,150,0,150,499
04/26/2007,MMU,NJ,AEA,EN,Towers with Radar,0,54,91,2,147,0,0,330,0,330,0,54,421,2,477,236,0,236,713
04/27/2007,MMU,NJ,AEA,EN,Towers with Radar,0,47,92,3,142,0,0,2,0,2,0,47,94,3,144,0,0,0,144
04/28/2007,MMU,NJ,AEA,EN,Towers with Radar,0,26,50,0,76,0,15,245,0,260,0,41,295,0,336,350,0,350,686
04/29/2007,MMU,NJ,AEA,EN,Towers with Radar,0,42,79,0,121,0,1,264,0,265,0,43,343,0,386,386,0,386,772
04/30/2007,MMU,NJ,AEA,EN,Towers with Radar,0,0,0,0,0,0,29,0,0,29,0,29,0,0,29,292,0,292,321
05/01/2007,MMU,NJ,AEA,EN,Towers with Radar,0,33,78,0,111,0,0,158,0,158,0,33,236,0,269,80,0,80,349
05/02/2007,MMU,NJ,AEA,EN,Towers with Radar,0,34,92,0,126,0,0,222,0,222,0,34,314,0,348,124,0,124,472
05/03/2007,MMU,NJ,AEA,EN,Towers with Radar,0,35,102,2,139,0,17,234,0,251,0,52,336,2,390,172,0,172,562
05/04/2007,MMU,NJ,AEA,EN,Towers with Radar,0,43,66,0,109,0,0,0,0,0,0,43,66,0,109,214,0,214,323
05/05/2007,MMU,NJ,AEA,EN,Towers with Radar,0,20,46,0,66,0,10,277,0,287,0,30,323,0,353,326,0,326,679
05/06/2007,MMU,NJ,AEA,EN,Towers with Radar,0,54,58,0,112,0,0,240,0,240,0,54,298,0,352,226,0,226,578
05/07/2007,MMU,NJ,AEA,EN,Towers with Radar,0,39,50,0,89,0,0,205,0,205,0,39,255,0,294,174,0,174,468
05/08/2007,MMU,NJ,AEA,EN,Towers with Radar,0,39,88,0,127,0,0,162,0,162,0,39,250,0,289,224,0,224,513
05/09/2007,MMU,NJ,AEA,EN,Towers with Radar,0,42,84,0,126,0,0,280,0,280,0,42,364,0,406,274,0,274,680
05/10/2007,MMU,NJ,AEA,EN,Towers with Radar,0,50,99,2,151,0,9,179,0,188,0,59,278,2,339,164,0,164,503
05/11/2007,MMU,NJ,AEA,EN,Towers with Radar,0,43,82,0,125,0,0,98,0,98,0,43,180,0,223,46,0,46,269
05/12/2007,MMU,NJ,AEA,EN,Towers with Radar,0,21,46,0,67,0,12,268,0,280,0,33,314,0,347,320,0,320,667
05/13/2007,MMU,NJ,AEA,EN,Towers with Radar,0,48,33,0,81,0,9,228,0,237,0,57,261,0,318,236,0,236,554
05/14/2007,MMU,NJ,AEA,EN,Towers with Radar,0,35,73,5,113,0,0,240,0,240,0,35,313,5,353,214,0,214,567
05/15/2007,MMU,NJ,AEA,EN,Towers with Radar,0,44,97,6,147,0,0,223,0,223,0,44,320,6,370,168,0,168,538
05/16/2007,MMU,NJ,AEA,EN,Towers with Radar,0,50,82,0,132,0,0,137,0,137,0,50,219,0,269,78,0,78,347
05/17/2007,MMU,NJ,AEA,EN,Towers with Radar,0,46,88,0,134,0,10,247,0,257,0,56,335,0,391,252,0,252,643
05/18/2007,MMU,NJ,AEA,EN,Towers with Radar,0,47,101,0,148,0,5,201,0,206,0,52,302,0,354,226,0,226,580
05/19/2007,MMU,NJ,AEA,EN,Towers with Radar,0,9,53,0,62,0,9,244,4,257,0,18,297,4,319,300,0,300,619
05/20/2007,MMU,NJ,AEA,EN,Towers with Radar,0,37,62,0,99,0,13,199,0,212,0,50,261,0,311,288,0,288,599
05/21/2007,MMU,NJ,AEA,EN,Towers with Radar,0,55,74,0,129,0,0,234,0,234,0,55,308,0,363,244,0,244,607
05/22/2007,MMU,NJ,AEA,EN,Towers with Radar,0,44,89,0,133,0,7,228,0,235,0,51,317,0,368,302,0,302,670
05/23/2007,MMU,NJ,AEA,EN,Towers with Radar,0,38,92,0,130,0,0,247,0,247,0,38,339,0,377,286,0,286,663
05/24/2007,MMU,NJ,AEA,EN,Towers with Radar,0,33,101,4,138,0,12,302,0,314,0,45,403,4,452,202,0,202,654
05/25/2007,MMU,NJ,AEA,EN,Towers with Radar,0,58,76,0,134,0,0,220,0,220,0,58,296,0,354,256,0,256,610
05/26/2007,MMU,NJ,AEA,EN,Towers with Radar,0,18,36,0,54,0,15,282,0,297,0,33,318,0,351,250,0,250,601
05/27/2007,MMU,NJ,AEA,EN,Towers with Radar,0,19,24,0,43,0,0,121,0,121,0,19,145,0,164,218,0,218,382
05/28/2007,MMU,NJ,AEA,EN,Towers with Radar,0,31,68,0,99,0,0,178,0,178,0,31,246,0,277,364,0,364,641
05/29/2007,MMU,NJ,AEA,EN,Towers with Radar,0,34,83,1,118,0,0,188,0,188,0,34,271,1,306,270,0,270,576
05/30/2007,MMU,NJ,AEA,EN,Towers with Radar,0,47,79,0,126,0,0,217,0,217,0,47,296,0,343,94,0,94,437
05/31/2007,MMU,NJ,AEA,EN,Towers with Radar,0,35,70,0,105,0,6,294,0,300,0,41,364,0,405,226,0,226,631
06/01/2007,MMU,NJ,AEA,EN,Towers with Radar,0,56,58,7,121,0,0,309,0,309,0,56,367,7,430,236,0,236,666
06/02/2007,MMU,NJ,AEA,EN,Towers with Radar,0,29,46,1,76,0,0,281,0,281,0,29,327,1,357,380,0,380,737
06/03/2007,MMU,NJ,AEA,EN,Towers with Radar,0,37,49,0,86,0,10,249,0,259,0,47,298,0,345,392,0,392,737
06/04/2007,MMU,NJ,AEA,EN,Towers with Radar,0,26,99,0,125,0,0,32,0,32,0,26,131,0,157,96,0,96,253
06/05/2007,MMU,NJ,AEA,EN,Towers with Radar,0,51,89,0,140,0,0,252,0,252,0,51,341,0,392,356,0,356,748
06/06/2007,MMU,NJ,AEA,EN,Towers with Radar,0,47,87,2,136,0,0,274,0,274,0,47,361,2,410,292,0,292,702
06/07/2007,MMU,NJ,AEA,EN,Towers with Radar,0,38,101,0,139,0,0,319,0,319,0,38,420,0,458,232,0,232,690
06/08/2007,MMU,NJ,AEA,EN,Towers with Radar,0,38,104,0,142,0,12,284,1,297,0,50,388,1,439,106,0,106,545
06/09/2007,MMU,NJ,AEA,EN,Towers with Radar,0,23,58,0,81,0,5,340,0,345,0,28,398,0,426,300,0,300,726
06/10/2007,MMU,NJ,AEA,EN,Towers with Radar,0,33,110,0,143,0,2,199,0,201,0,35,309,0,344,258,0,258,602
06/11/2007,MMU,NJ,AEA,EN,Towers with Radar,0,49,80,0,129,0,0,295,0,295,0,49,375,0,424,360,0,360,784
06/12/2007,MMU,NJ,AEA,EN,Towers with Radar,0,38,69,2,109,0,0,310,0,310,0,38,379,2,419,274,0,274,693
06/13/2007,MMU,NJ,AEA,EN,Towers with Radar,0,58,84,0,142,0,0,174,0,174,0,58,258,0,316,260,0,260,576
06/14/2007,MMU,NJ,AEA,EN,Towers with Radar,0,44,98,0,142,0,11,224,0,235,0,55,322,0,377,268,0,268,645
06/15/2007,MMU,NJ,AEA,EN,Towers with Radar,0,60,84,0,144,0,0,277,0,277,0,60,361,0,421,292,0,292,713
06/16/2007,MMU,NJ,AEA,EN,Towers with Radar,0,16,42,0,58,0,14,224,0,238,0,30,266,0,296,156,0,156,452
06/17/2007,MMU,NJ,AEA,EN,Towers with Radar,0,18,54,0,72,0,14,261,0,275,0,32,315,0,347,354,0,354,701
06/18/2007,MMU,NJ,AEA,EN,Towers with Radar,0,30,73,0,103,0,0,209,0,209,0,30,282,0,312,204,0,204,516
06/19/2007,MMU,NJ,AEA,EN,Towers with Radar,0,32,88,0,120,0,0,193,0,193,0,32,281,0,313,208,0,208,521
06/20/2007,MMU,NJ,AEA,EN,Towers with Radar,0,26,97,0,123,0,0,227,0,227,0,26,324,0,350,184,0,184,534
06/21/2007,MMU,NJ,AEA,EN,Towers with Radar,0,41,76,0,117,0,0,234,0,234,0,41,310,0,351,230,0,230,581
06/22/2007,MMU,NJ,AEA,EN,Towers with Radar,0,28,73,0,101,0,3,222,0,225,0,31,295,0,326,190,0,190,516
06/23/2007,MMU,NJ,AEA,EN,Towers with Radar,0,26,38,0,64,0,10,296,0,306,0,36,334,0,370,380,0,380,750
06/24/2007,MMU,NJ,AEA,EN,Towers with Radar,0,47,62,8,117,0,0,285,0,285,0,47,347,8,402,322,0,322,724
06/25/2007,MMU,NJ,AEA,EN,Towers with Radar,0,25,69,0,94,0,0,184,3,187,0,25,253,3,281,172,0,172,453
06/26/2007,MMU,NJ,AEA,EN,Towers with Radar,0,47,104,0,151,0,0,182,0,182,0,47,286,0,333,184,0,184,517
06/27/2007,MMU,NJ,AEA,EN,Towers with Radar,0,41,63,0,104,0,0,206,0,206,0,41,269,0,310,170,0,170,480
06/28/2007,MMU,NJ,AEA,EN,Towers with Radar,0,48,89,0,137,0,21,150,0,171,0,69,239,0,308,136,0,136,444
06/29/2007,MMU,NJ,AEA,EN,Towers with Radar,0,56,64,4,124,0,0,237,0,237,0,56,301,4,361,142,0,142,503
06/30/2007,MMU,NJ,AEA,EN,Towers with Radar,0,24,31,0,55,0,16,297,0,313,0,40,328,0,368,346,0,346,714
07/01/2007,MMU,NJ,AEA,EN,Towers with Radar,0,24,58,0,82,0,4,187,0,191,0,28,245,0,273,254,0,254,527
07/02/2007,MMU,NJ,AEA,EN,Towers with Radar,0,32,54,0,86,0,0,204,0,204,0,32,258,0,290,242,0,242,532
07/03/2007,MMU,NJ,AEA,EN,Towers with Radar,0,38,36,0,74,0,0,215,0,215,0,38,251,0,289,280,0,280,569
07/04/2007,MMU,NJ,AEA,EN,Towers with Radar,0,13,14,2,29,0,0,172,0,172,0,13,186,2,201,136,0,136,337
07/05/2007,MMU,NJ,AEA,EN,Towers with Radar,0,48,53,0,101,0,0,58,0,58,0,48,111,0,159,32,0,32,191
07/06/2007,MMU,NJ,AEA,EN,Towers with Radar,0,57,41,0,98,0,0,242,0,242,0,57,283,0,340,312,0,312,652
07/07/2007,MMU,NJ,AEA,EN,Towers with Radar,0,13,32,0,45,0,19,210,0,229,0,32,242,0,274,302,0,302,576
07/08/2007,MMU,NJ,AEA,EN,Towers with Radar,0,33,80,0,113,0,1,210,0,211,0,34,290,0,324,230,0,230,554
07/09/2007,MMU,NJ,AEA,EN,Towers with Radar,0,37,83,2,122,0,0,204,0,204,0,37,287,2,326,250,0,250,576
07/10/2007,MMU,NJ,AEA,EN,Towers with Radar,0,26,105,0,131,0,0,156,0,156,0,26,261,0,287,250,0,250,537
07/11/2007,MMU,NJ,AEA,EN,Towers with Radar,0,42,112,0,154,0,0,24,0,24,0,42,136,0,178,0,0,0,178
07/12/2007,MMU,NJ,AEA,EN,Towers with Radar,0,41,110,0,151,0,10,309,0,319,0,51,419,0,470,302,0,302,772
07/13/2007,MMU,NJ,AEA,EN,Towers with Radar,0,38,55,0,93,0,2,241,0,243,0,40,296,0,336,218,0,218,554
07/14/2007,MMU,NJ,AEA,EN,Towers with Radar,0,19,50,0,69,0,11,357,0,368,0,30,407,0,437,329,0,329,766
07/15/2007,MMU,NJ,AEA,EN,Towers with Radar,0,32,70,0,102,0,19,171,0,190,0,51,241,0,292,270,0,270,562
07/16/2007,MMU,NJ,AEA,EN,Towers with Radar,0,27,69,0,96,0,9,207,0,216,0,36,276,0,312,154,0,154,466
07/17/2007,MMU,NJ,AEA,EN,Towers with Radar,0,34,85,0,119,0,0,132,0,132,0,34,217,0,251,204,0,204,455
07/18/2007,MMU,NJ,AEA,EN,Towers with Radar,0,50,98,0,148,0,0,0,0,0,0,50,98,0,148,0,0,0,148
07/19/2007,MMU,NJ,AEA,EN,Towers with Radar,0,63,149,2,214,0,0,121,0,121,0,63,270,2,335,184,0,184,519
07/20/2007,MMU,NJ,AEA,EN,Towers with Radar,0,64,75,2,141,0,0,283,0,283,0,64,358,2,424,230,0,230,654
07/21/2007,MMU,NJ,AEA,EN,Towers with Radar,0,18,20,0,38,0,14,209,1,224,0,32,229,1,262,196,0,196,458
07/22/2007,MMU,NJ,AEA,EN,Towers with Radar,0,40,61,0,101,0,14,262,0,276,0,54,323,0,377,318,0,318,695
07/23/2007,MMU,NJ,AEA,EN,Towers with Radar,0,25,105,0,130,0,0,5,0,5,0,25,110,0,135,0,0,0,135
07/24/2007,MMU,NJ,AEA,EN,Towers with Radar,0,43,90,0,133,0,0,218,0,218,0,43,308,0,351,210,0,210,561
07/25/2007,MMU,NJ,AEA,EN,Towers with Radar,0,51,68,0,119,0,0,316,0,316,0,51,384,0,435,372,0,372,807
07/26/2007,MMU,NJ,AEA,EN,Towers with Radar,0,36,100,0,136,0,8,272,0,280,0,44,372,0,416,282,0,282,698
07/27/2007,MMU,NJ,AEA,EN,Towers with Radar,0,36,83,0,119,0,16,150,0,166,0,52,233,0,285,126,0,126,411
07/28/2007,MMU,NJ,AEA,EN,Towers with Radar,0,26,40,0,66,0,14,106,0,120,0,40,146,0,186,138,0,138,324
07/29/2007,MMU,NJ,AEA,EN,Towers with Radar,0,36,76,0,112,0,0,0,0,0,0,36,76,0,112,0,0,0,112
07/30/2007,MMU,NJ,AEA,EN,Towers with Radar,0,28,74,0,102,0,9,84,0,93,0,37,158,0,195,50,0,50,245
07/31/2007,MMU,NJ,AEA,EN,Towers with Radar,0,46,83,0,129,0,0,143,0,143,0,46,226,0,272,208,0,208,480
08/01/2007,MMU,NJ,AEA,EN,Towers with Radar,0,43,77,1,121,0,0,262,0,262,0,43,339,1,383,270,0,270,653
08/02/2007,MMU,NJ,AEA,EN,Towers with Radar,0,35,108,0,143,0,20,225,0,245,0,55,333,0,388,148,0,148,536
08/03/2007,MMU,NJ,AEA,EN,Towers with Radar,0,60,66,0,126,0,0,258,0,258,0,60,324,0,384,238,0,238,622
08/04/2007,MMU,NJ,AEA,EN,Towers with Radar,0,14,21,0,35,0,6,136,0,142,0,20,157,0,177,138,0,138,315
08/05/2007,MMU,NJ,AEA,EN,Towers with Radar,0,33,84,0,117,0,3,272,0,275,0,36,356,0,392,286,0,286,678
08/06/2007,MMU,NJ,AEA,EN,Towers with Radar,0,30,86,0,116,0,2,24,0,26,0,32,110,0,142,0,0,0,142
08/07/2007,MMU,NJ,AEA,EN,Towers with Radar,0,58,75,0,133,0,0,130,0,130,0,58,205,0,263,254,0,254,517
08/08/2007,MMU,NJ,AEA,EN,Towers with Radar,0,38,99,0,137,0,0,151,0,151,0,38,250,0,288,186,0,186,474
08/09/2007,MMU,NJ,AEA,EN,Towers with Radar,0,69,85,2,156,0,0,158,0,158,0,69,243,2,314,228,0,228,542
08/10/2007,MMU,NJ,AEA,EN,Towers with Radar,0,42,115,0,157,0,0,0,0,0,0,42,115,0,157,0,0,0,157
08/11/2007,MMU,NJ,AEA,EN,Towers with Radar,0,9,26,0,35,0,16,173,0,189,0,25,199,0,224,186,0,186,410
08/12/2007,MMU,NJ,AEA,EN,Towers with Radar,0,32,73,0,105,0,4,167,0,171,0,36,240,0,276,324,0,324,600
08/13/2007,MMU,NJ,AEA,EN,Towers with Radar,0,16,82,0,98,0,3,160,0,163,0,19,242,0,261,108,0,108,369
08/14/2007,MMU,NJ,AEA,EN,Towers with Radar,0,35,77,0,112,0,0,234,0,234,0,35,311,0,346,316,0,316,662
08/15/2007,MMU,NJ,AEA,EN,Towers with Radar,0,24,98,6,128,0,0,217,0,217,0,24,315,6,345,210,0,210,555
08/16/2007,MMU,NJ,AEA,EN,Towers with Radar,0,36,75,0,111,0,14,264,0,278,0,50,339,0,389,280,0,280,669
08/17/2007,MMU,NJ,AEA,EN,Towers with Radar,0,59,97,0,156,0,0,207,0,207,0,59,304,0,363,130,0,130,493
08/18/2007,MMU,NJ,AEA,EN,Towers with Radar,0,20,12,0,32,0,0,120,0,120,0,20,132,0,152,52,0,52,204
08/19/2007,MMU,NJ,AEA,EN,Towers with Radar,0,26,49,0,75,0,11,203,0,214,0,37,252,0,289,256,0,256,545
08/20/2007,MMU,NJ,AEA,EN,Towers with Radar,0,28,88,0,116,0,14,23,0,37,0,42,111,0,153,0,0,0,153
08/21/2007,MMU,NJ,AEA,EN,Towers with Radar,0,27,91,0,118,0,0,0,0,0,0,27,91,0,118,0,0,0,118
08/22/2007,MMU,NJ,AEA,EN,Towers with Radar,0,41,85,0,126,0,0,8,0,8,0,41,93,0,134,0,0,0,134
08/23/2007,MMU,NJ,AEA,EN,Towers with Radar,0,32,89,0,121,0,10,64,0,74,0,42,153,0,195,40,0,40,235
08/24/2007,MMU,NJ,AEA,EN,Towers with Radar,0,34,100,0,134,0,1,31,0,32,0,35,131,0,166,24,0,24,190
08/25/2007,MMU,NJ,AEA,EN,Towers with Radar,0,19,48,0,67,0,15,132,0,147,0,34,180,0,214,166,0,166,380
08/26/2007,MMU,NJ,AEA,EN,Towers with Radar,0,31,40,0,71,0,18,195,0,213,0,49,235,0,284,262,0,262,546
08/27/2007,MMU,NJ,AEA,EN,Towers with Radar,0,34,102,0,136,0,0,165,0,165,0,34,267,0,301,224,0,224,525
08/28/2007,MMU,NJ,AEA,EN,Towers with Radar,0,33,71,0,104,0,0,212,4,216,0,33,283,4,320,228,0,228,548
08/29/2007,MMU,NJ,AEA,EN,Towers with Radar,0,47,92,4,143,0,0,275,0,275,0,47,367,4,418,292,0,292,710
08/30/2007,MMU,NJ,AEA,EN,Towers with Radar,0,50,93,0,143,0,5,286,2,293,0,55,379,2,436,208,0,208,644
08/31/2007,MMU,NJ,AEA,EN,Towers with Radar,0,55,91,0,146,0,0,256,0,256,0,55,347,0,402,248,0,248,650
09/01/2007,MMU,NJ,AEA,EN,Towers with Radar,0,14,29,0,43,0,24,211,0,235,0,38,240,0,278,230,0,230,508
09/02/2007,MMU,NJ,AEA,EN,Towers with Radar,0,16,27,0,43,0,20,211,2,233,0,36,238,2,276,292,0,292,568
09/03/2007,MMU,NJ,AEA,EN,Towers with Radar,0,35,63,0,98,0,6,167,2,175,0,41,230,2,273,184,0,184,457
09/04/2007,MMU,NJ,AEA,EN,Towers with Radar,0,46,71,2,119,0,0,119,0,119,0,46,190,2,238,178,0,178,416
09/05/2007,MMU,NJ,AEA,EN,Towers with Radar,0,37,83,0,120,0,0,124,0,124,0,37,207,0,244,202,0,202,446
09/06/2007,MMU,NJ,AEA,EN,Towers with Radar,0,47,103,0,150,0,0,220,0,220,0,47,323,0,370,254,0,254,624
09/07/2007,MMU,NJ,AEA,EN,Towers with Radar,0,28,90,0,118,0,10,233,0,243,0,38,323,0,361,210,0,210,571
09/08/2007,MMU,NJ,AEA,EN,Towers with Radar,0,10,26,6,42,0,1,256,0,257,0,11,282,6,299,246,0,246,545
09/09/2007,MMU,NJ,AEA,EN,Towers with Radar,0,26,59,0,85,0,18,234,0,252,0,44,293,0,337,280,0,280,617
09/10/2007,MMU,NJ,AEA,EN,Towers with Radar,0,43,79,0,122,0,0,139,0,139,0,43,218,0,261,0,0,0,261
09/11/2007,MMU,NJ,AEA,EN,Towers with Radar,0,47,127,0,174,0,0,42,0,42,0,47,169,0,216,0,0,0,216
09/12/2007,MMU,NJ,AEA,EN,Towers with Radar,0,43,76,0,119,0,0,256,0,256,0,43,332,0,375,322,0,322,697
09/13/2007,MMU,NJ,AEA,EN,Towers with Radar,0,37,64,0,101,0,5,229,0,234,0,42,293,0,335,252,0,252,587
09/14/2007,MMU,NJ,AEA,EN,Towers with Radar,0,33,87,0,120,0,10,207,2,219,0,43,294,2,339,228,0,228,567
09/15/2007,MMU,NJ,AEA,EN,Towers with Radar,0,12,29,2,43,0,0,179,0,179,0,12,208,2,222,196,0,196,418
09/16/2007,MMU,NJ,AEA,EN,Towers with Radar,0,26,68,0,94,0,18,260,1,279,0,44,328,1,373,300,0,300,673
09/17/2007,MMU,NJ,AEA,EN,Towers with Radar,0,44,80,2,126,0,0,217,0,217,0,44,297,2,343,166,0,166,509
09/18/2007,MMU,NJ,AEA,EN,Towers with Radar,0,44,99,0,143,0,0,289,0,289,0,44,388,0,432,278,0,278,710
09/19/2007,MMU,NJ,AEA,EN,Towers with Radar,0,35,91,0,126,0,0,217,0,217,0,35,308,0,343,258,0,258,601
09/20/2007,MMU,NJ,AEA,EN,Towers with Radar,0,39,93,2,134,0,22,231,3,256,0,61,324,5,390,261,0,261,651
09/21/2007,MMU,NJ,AEA,EN,Towers with Radar,0,36,87,0,123,0,0,227,0,227,0,36,314,0,350,172,0,172,522
09/22/2007,MMU,NJ,AEA,EN,Towers with Radar,0,14,38,0,52,0,0,0,0,0,0,14,38,0,52,0,0,0,52
09/23/2007,MMU,NJ,AEA,EN,Towers with Radar,0,30,52,0,82,0,29,223,0,252,0,59,275,0,334,218,0,218,552
09/24/2007,MMU,NJ,AEA,EN,Towers with Radar,0,33,130,3,166,0,0,25,0,25,0,33,155,3,191,0,0,0,191
09/25/2007,MMU,NJ,AEA,EN,Towers with Radar,0,35,119,4,158,0,0,0,0,0,0,35,119,4,158,0,0,0,158
09/26/2007,MMU,NJ,AEA,EN,Towers with Radar,0,31,120,3,154,0,0,95,0,95,0,31,215,3,249,90,0,90,339
09/27/2007,MMU,NJ,AEA,EN,Towers with Radar,0,44,129,0,173,0,0,314,0,314,0,44,443,0,487,274,0,274,761
09/28/2007,MMU,NJ,AEA,EN,Towers with Radar,0,39,88,0,127,0,22,187,4,213,0,61,275,4,340,164,0,164,504
09/29/2007,MMU,NJ,AEA,EN,Towers with Radar,0,24,51,0,75,0,22,230,0,252,0,46,281,0,327,272,0,272,599
09/30/2007,MMU,NJ,AEA,EN,Towers with Radar,0,51,72,0,123,0,6,251,2,259,0,57,323,2,382,316,0,316,698
10/01/2007,MMU,NJ,AEA,EN,Towers with Radar,0,50,77,2,129,0,0,200,0,200,0,50,277,2,329,210,0,210,539
10/02/2007,MMU,NJ,AEA,EN,Towers with Radar,0,45,48,2,95,0,0,180,0,180,0,45,228,2,275,242,0,242,517
10/03/2007,MMU,NJ,AEA,EN,Towers with Radar,0,52,77,0,129,0,0,159,0,159,0,52,236,0,288,162,0,162,450
10/04/2007,MMU,NJ,AEA,EN,Towers with Radar,0,28,82,0,110,0,17,202,0,219,0,45,284,0,329,274,0,274,603
10/05/2007,MMU,NJ,AEA,EN,Towers with Radar,0,50,105,0,155,0,0,166,0,166,0,50,271,0,321,232,0,232,553
10/06/2007,MMU,NJ,AEA,EN,Towers with Radar,0,24,33,0,57,0,0,193,0,193,0,24,226,0,250,286,0,286,536
10/07/2007,MMU,NJ,AEA,EN,Towers with Radar,0,33,66,0,99,0,15,159,0,174,0,48,225,0,273,234,0,234,507
10/08/2007,MMU,NJ,AEA,EN,Towers with Radar,0,49,108,0,157,0,0,213,0,213,0,49,321,0,370,302,0,302,672
10/09/2007,MMU,NJ,AEA,EN,Towers with Radar,0,35,77,0,112,0,0,85,0,85,0,35,162,0,197,86,0,86,283
10/10/2007,MMU,NJ,AEA,EN,Towers with Radar,0,53,111,0,164,0,0,111,0,111,0,53,222,0,275,124,0,124,399
10/11/2007,MMU,NJ,AEA,EN,Towers with Radar,0,89,140,0,229,0,0,61,0,61,0,89,201,0,290,64,0,64,354
10/12/2007,MMU,NJ,AEA,EN,Towers with Radar,0,45,101,0,146,0,5,207,0,212,0,50,308,0,358,66,0,66,424
10/13/2007,MMU,NJ,AEA,EN,Towers with Radar,0,41,48,0,89,0,0,277,0,277,0,41,325,0,366,312,0,312,678
10/14/2007,MMU,NJ,AEA,EN,Towers with Radar,0,49,75,0,124,0,6,265,0,271,0,55,340,0,395,308,0,308,703
10/15/2007,MMU,NJ,AEA,EN,Towers with Radar,0,27,61,0,88,0,0,140,0,140,0,27,201,0,228,102,0,102,330
10/16/2007,MMU,NJ,AEA,EN,Towers with Radar,0,41,86,4,131,0,2,183,0,185,0,43,269,4,316,222,0,222,538
10/17/2007,MMU,NJ,AEA,EN,Towers with Radar,0,43,105,0,148,0,0,94,0,94,0,43,199,0,242,116,0,116,358
10/18/2007,MMU,NJ,AEA,EN,Towers with Radar,0,47,104,0,151,0,0,233,0,233,0,47,337,0,384,252,0,252,636
10/19/2007,MMU,NJ,AEA,EN,Towers with Radar,0,44,88,0,132,0,0,0,0,0,0,44,88,0,132,0,0,0,132
10/20/2007,MMU,NJ,AEA,EN,Towers with Radar,0,21,225,0,246,0,8,0,0,8,0,29,225,0,254,118,0,118,372
10/21/2007,MMU,NJ,AEA,EN,Towers with Radar,0,36,65,0,101,0,5,281,0,286,0,41,346,0,387,136,0,136,523
10/22/2007,MMU,NJ,AEA,EN,Towers with Radar,0,29,64,0,93,0,15,166,2,183,0,44,230,2,276,114,0,114,390
10/23/2007,MMU,NJ,AEA,EN,Towers with Radar,0,48,64,0,112,0,0,183,0,183,0,48,247,0,295,108,0,108,403
10/24/2007,MMU,NJ,AEA,EN,Towers with Radar,0,51,95,2,148,0,0,36,0,36,0,51,131,2,184,28,0,28,212
10/25/2007,MMU,NJ,AEA,EN,Towers with Radar,0,39,94,0,133,0,3,113,0,116,0,42,207,0,249,80,0,80,329
10/26/2007,MMU,NJ,AEA,EN,Towers with Radar,0,19,84,0,103,0,6,66,0,72,0,25,150,0,175,66,0,66,241
10/27/2007,MMU,NJ,AEA,EN,Towers with Radar,0,7,38,0,45,0,1,10,0,11,0,8,48,0,56,0,0,0,56
10/28/2007,MMU,NJ,AEA,EN,Towers with Radar,0,28,55,0,83,0,5,137,2,144,0,33,192,2,227,88,0,88,315
10/29/2007,MMU,NJ,AEA,EN,Towers with Radar,0,19,83,0,102,0,8,125,2,135,0,27,208,2,237,82,0,82,319
10/30/2007,MMU,NJ,AEA,EN,Towers with Radar,0,43,71,0,114,0,0,140,0,140,0,43,211,0,254,76,0,76,330
10/31/2007,MMU,NJ,AEA,EN,Towers with Radar,0,25,65,0,90,0,2,134,0,136,0,27,199,0,226,90,0,90,316
11/01/2007,MMU,NJ,AEA,EN,Towers with Radar,0,35,112,0,147,0,0,96,0,96,0,35,208,0,243,56,0,56,299
11/02/2007,MMU,NJ,AEA,EN,Towers with Radar,0,34,59,0,93,0,9,158,0,167,0,43,217,0,260,94,0,94,354
11/03/2007,MMU,NJ,AEA,EN,Towers with Radar,0,13,24,0,37,0,1,68,0,69,0,14,92,0,106,42,0,42,148
11/04/2007,MMU,NJ,AEA,EN,Towers with Radar,0,30,65,0,95,0,3,179,2,184,0,33,244,2,279,118,0,118,397
11/05/2007,MMU,NJ,AEA,EN,Towers with Radar,0,30,65,0,95,0,3,179,0,182,0,33,244,0,277,118,0,118,395
11/06/2007,MMU,NJ,AEA,EN,Towers with Radar,0,67,74,0,141,0,0,120,0,120,0,67,194,0,261,82,0,82,343
11/07/2007,MMU,NJ,AEA,EN,Towers with Radar,0,61,89,0,150,0,0,135,0,135,0,61,224,0,285,72,0,72,357
11/08/2007,MMU,NJ,AEA,EN,Towers with Radar,0,35,94,2,131,0,1,172,0,173,0,36,266,2,304,168,0,168,472
11/09/2007,MMU,NJ,AEA,EN,Towers with Radar,0,35,94,0,129,0,1,172,2,175,0,36,266,2,304,168,0,168,472
11/10/2007,MMU,NJ,AEA,EN,Towers with Radar,0,40,90,0,130,0,2,158,0,160,0,42,248,0,290,78,0,78,368
11/11/2007,MMU,NJ,AEA,EN,Towers with Radar,0,48,68,0,116,0,3,170,2,175,0,51,238,2,291,122,0,122,413
11/12/2007,MMU,NJ,AEA,EN,Towers with Radar,0,34,71,0,105,0,5,90,2,97,0,39,161,2,202,114,16,130,332
11/13/2007,MMU,NJ,AEA,EN,Towers with Radar,0,36,91,0,127,0,0,81,0,81,0,36,172,0,208,112,0,112,320
11/14/2007,MMU,NJ,AEA,EN,Towers with Radar,0,50,125,0,175,0,0,0,0,0,0,50,125,0,175,0,0,0,175
11/15/2007,MMU,NJ,AEA,EN,Towers with Radar,0,43,94,0,137,0,1,41,0,42,0,44,135,0,179,0,0,0,179
11/16/2007,MMU,NJ,AEA,EN,Towers with Radar,0,32,72,0,104,0,3,110,0,113,0,35,182,0,217,0,0,0,217
11/17/2007,MMU,NJ,AEA,EN,Towers with Radar,0,13,42,0,55,0,1,161,2,164,0,14,203,2,219,192,0,192,411
11/18/2007,MMU,NJ,AEA,EN,Towers with Radar,0,20,57,0,77,0,0,8,0,8,0,20,65,0,85,0,0,0,85
11/19/2007,MMU,NJ,AEA,EN,Towers with Radar,0,39,35,2,76,0,0,42,0,42,0,39,77,2,118,0,0,0,118
11/20/2007,MMU,NJ,AEA,EN,Towers with Radar,0,57,134,0,191,0,0,5,0,5,0,57,139,0,196,0,0,0,196
11/21/2007,MMU,NJ,AEA,EN,Towers with Radar,0,58,119,0,177,0,8,29,0,37,0,66,148,0,214,0,0,0,214
11/22/2007,MMU,NJ,AEA,EN,Towers with Radar,0,19,19,0,38,0,0,32,0,32,0,19,51,0,70,6,0,6,76
11/23/2007,MMU,NJ,AEA,EN,Towers with Radar,0,27,40,0,67,0,0,150,0,150,0,27,190,0,217,188,0,188,405
11/24/2007,MMU,NJ,AEA,EN,Towers with Radar,0,31,45,1,77,0,0,273,0,273,0,31,318,1,350,228,0,228,578
11/25/2007,MMU,NJ,AEA,EN,Towers with Radar,0,52,148,1,201,0,4,164,0,168,0,56,312,1,369,70,0,70,439
11/26/2007,MMU,NJ,AEA,EN,Towers with Radar,0,44,111,0,155,0,0,0,0,0,0,44,111,0,155,0,0,0,155
11/27/2007,MMU,NJ,AEA,EN,Towers with Radar,0,50,78,0,128,0,0,129,0,129,0,50,207,0,257,104,0,104,361
11/28/2007,MMU,NJ,AEA,EN,Towers with Radar,0,37,87,0,124,0,0,204,0,204,0,37,291,0,328,220,0,220,548
11/29/2007,MMU,NJ,AEA,EN,Towers with Radar,0,23,84,0,107,0,7,132,0,139,0,30,216,0,246,90,0,90,336
11/30/2007,MMU,NJ,AEA,EN,Towers with Radar,0,17,84,0,101,0,5,159,0,164,0,22,243,0,265,130,0,130,395
12/01/2007,MMU,NJ,AEA,EN,Towers with Radar,0,20,32,0,52,0,3,180,0,183,0,23,212,0,235,130,0,130,365
12/02/2007,MMU,NJ,AEA,EN,Towers with Radar,0,7,44,0,51,0,0,0,0,0,0,7,44,0,51,0,0,0,51
12/03/2007,MMU,NJ,AEA,EN,Towers with Radar,0,27,69,0,96,0,0,75,0,75,0,27,144,0,171,0,0,0,171
12/04/2007,MMU,NJ,AEA,EN,Towers with Radar,0,43,64,0,107,0,0,109,0,109,0,43,173,0,216,10,0,10,226
12/05/2007,MMU,NJ,AEA,EN,Towers with Radar,0,30,75,0,105,0,0,52,0,52,0,30,127,0,157,42,0,42,199
12/06/2007,MMU,NJ,AEA,EN,Towers with Radar,0,47,106,0,153,0,7,164,0,171,0,54,270,0,324,106,0,106,430
12/07/2007,MMU,NJ,AEA,EN,Towers with Radar,0,31,94,0,125,0,4,57,0,61,0,35,151,0,186,32,0,32,218
12/08/2007,MMU,NJ,AEA,EN,Towers with Radar,0,17,32,0,49,0,0,182,0,182,0,17,214,0,231,248,0,248,479
12/09/2007,MMU,NJ,AEA,EN,Towers with Radar,0,17,52,0,69,0,2,55,0,57,0,19,107,0,126,46,0,46,172
12/10/2007,MMU,NJ,AEA,EN,Towers with Radar,0,24,70,0,94,0,5,34,0,39,0,29,104,0,133,70,0,70,203
12/11/2007,MMU,NJ,AEA,EN,Towers with Radar,0,32,103,0,135,0,0,87,0,87,0,32,190,0,222,82,0,82,304
12/12/2007,MMU,NJ,AEA,EN,Towers with Radar,0,48,101,0,149,0,0,141,0,141,0,48,242,0,290,176,0,176,466
12/13/2007,MMU,NJ,AEA,EN,Towers with Radar,0,14,48,0,62,0,0,6,0,6,0,14,54,0,68,0,0,0,68
12/14/2007,MMU,NJ,AEA,EN,Towers with Radar,0,33,99,0,132,0,11,54,0,65,0,44,153,0,197,24,0,24,221
12/15/2007,MMU,NJ,AEA,EN,Towers with Radar,0,10,30,0,40,0,0,150,0,150,0,10,180,0,190,154,0,154,344
12/16/2007,MMU,NJ,AEA,EN,Towers with Radar,0,10,13,0,23,0,0,0,0,0,0,10,13,0,23,0,0,0,23
12/17/2007,MMU,NJ,AEA,EN,Towers with Radar,0,24,43,0,67,0,12,72,0,84,0,36,115,0,151,0,0,0,151
12/18/2007,MMU,NJ,AEA,EN,Towers with Radar,0,37,57,1,95,0,0,125,0,125,0,37,182,1,220,132,0,132,352
12/19/2007,MMU,NJ,AEA,EN,Towers with Radar,0,34,49,0,83,0,0,145,0,145,0,34,194,0,228,176,0,176,404
12/20/2007,MMU,NJ,AEA,EN,Towers with Radar,0,36,84,0,120,0,0,185,0,185,0,36,269,0,305,192,2,194,499
12/21/2007,MMU,NJ,AEA,EN,Towers with Radar,0,33,68,0,101,0,7,123,0,130,0,40,191,0,231,98,0,98,329
12/22/2007,MMU,NJ,AEA,EN,Towers with Radar,0,46,62,0,108,0,0,97,0,97,0,46,159,0,205,98,0,98,303
12/23/2007,MMU,NJ,AEA,EN,Towers with Radar,0,25,27,0,52,0,0,0,0,0,0,25,27,0,52,0,0,0,52
12/24/2007,MMU,NJ,AEA,EN,Towers with Radar,0,11,20,0,31,0,6,67,0,73,0,17,87,0,104,70,0,70,174
12/25/2007,MMU,NJ,AEA,EN,Towers with Radar,0,24,19,0,43,0,0,47,0,47,0,24,66,0,90,40,0,40,130
12/26/2007,MMU,NJ,AEA,EN,Towers with Radar,0,32,67,0,99,0,0,129,0,129,0,32,196,0,228,114,0,114,342
12/27/2007,MMU,NJ,AEA,EN,Towers with Radar,0,36,70,0,106,0,0,9,0,9,0,36,79,0,115,0,0,0,115
12/28/2007,MMU,NJ,AEA,EN,Towers with Radar,0,18,47,0,65,0,2,158,2,162,0,20,205,2,227,212,0,212,439
12/29/2007,MMU,NJ,AEA,EN,Towers with Radar,0,28,25,0,53,0,9,108,0,117,0,37,133,0,170,144,0,144,314
12/30/2007,MMU,NJ,AEA,EN,Towers with Radar,0,28,17,0,45,0,0,0,1,1,0,28,17,1,46,106,0,106,152
12/31/2007,MMU,NJ,AEA,EN,Towers with Radar,0,21,21,0,42,0,0,86,0,86,0,21,107,0,128,60,0,60,188
01/01/2008,MMU,NJ,AEA,EN,Towers with Radar,0,39,58,0,97,0,0,38,0,38,0,39,96,0,135,52,0,52,187
01/02/2008,MMU,NJ,AEA,EN,Towers with Radar,0,47,52,0,99,0,0,152,0,152,0,47,204,0,251,92,0,92,343
01/03/2008,MMU,NJ,AEA,EN,Towers with Radar,0,29,49,0,78,0,2,90,0,92,0,31,139,0,170,10,0,10,180
01/04/2008,MMU,NJ,AEA,EN,Towers with Radar,0,28,51,0,79,0,0,152,0,152,0,28,203,0,231,154,0,154,385
01/05/2008,MMU,NJ,AEA,EN,Towers with Radar,0,37,34,0,71,0,0,251,0,251,0,37,285,0,322,302,0,302,624
01/06/2008,MMU,NJ,AEA,EN,Towers with Radar,0,22,61,0,83,0,8,152,1,161,0,30,213,1,244,248,0,248,492
01/07/2008,MMU,NJ,AEA,EN,Towers with Radar,0,21,62,0,83,0,2,174,0,176,0,23,236,0,259,222,0,222,481
01/08/2008,MMU,NJ,AEA,EN,Towers with Radar,0,24,67,1,92,0,14,185,0,199,0,38,252,1,291,118,0,118,409
01/09/2008,MMU,NJ,AEA,EN,Towers with Radar,0,32,64,2,98,0,0,125,0,125,0,32,189,2,223,6,0,6,229
01/10/2008,MMU,NJ,AEA,EN,Towers with Radar,0,33,97,0,130,0,5,166,0,171,0,38,263,0,301,152,0,152,453
01/11/2008,MMU,NJ,AEA,EN,Towers with Radar,0,25,58,0,83,0,0,53,0,53,0,25,111,0,136,10,0,10,146
01/12/2008,MMU,NJ,AEA,EN,Towers with Radar,0,26,35,0,61,0,5,221,0,226,0,31,256,0,287,212,0,212,499
01/13/2008,MMU,NJ,AEA,EN,Towers with Radar,0,36,54,0,90,0,0,142,0,142,0,36,196,0,232,138,0,138,370
01/14/2008,MMU,NJ,AEA,EN,Towers with Radar,0,17,52,0,69,0,1,31,0,32,0,18,83,0,101,0,0,0,101
01/15/2008,MMU,NJ,AEA,EN,Towers with Radar,0,36,71,0,107,0,2,107,0,109,0,38,178,0,216,92,0,92,308
01/16/2008,MMU,NJ,AEA,EN,Towers with Radar,0,36,72,0,108,0,0,112,0,112,0,36,184,0,220,222,0,222,442
01/17/2008,MMU,NJ,AEA,EN,Towers with Radar,0,26,73,0,99,0,3,101,2,106,0,29,174,2,205,88,0,88,293
01/18/2008,MMU,NJ,AEA,EN,Towers with Radar,0,48,76,0,124,0,7,104,0,111,0,55,180,0,235,76,0,76,311
01/19/2008,MMU,NJ,AEA,EN,Towers with Radar,0,19,24,2,45,0,0,158,0,158,0,19,182,2,203,192,0,192,395
01/20/2008,MMU,NJ,AEA,EN,Towers with Radar,0,18,39,0,57,0,4,68,0,72,0,22,107,0,129,84,0,84,213
01/21/2008,MMU,NJ,AEA,EN,Towers with Radar,0,51,71,0,122,0,0,153,0,153,0,51,224,0,275,188,0,188,463
01/22/2008,MMU,NJ,AEA,EN,Towers with Radar,0,43,64,1,108,0,6,104,0,110,0,49,168,1,218,38,0,38,256
01/23/2008,MMU,NJ,AEA,EN,Towers with Radar,0,42,74,0,116,0,0,240,0,240,0,42,314,0,356,196,0,196,552
01/24/2008,MMU,NJ,AEA,EN,Towers with Radar,0,20,65,2,87,0,3,181,0,184,0,23,246,2,271,192,0,192,463
01/25/2008,MMU,NJ,AEA,EN,Towers with Radar,0,32,53,0,85,0,7,147,2,156,0,39,200,2,241,132,0,132,373
01/26/2008,MMU,NJ,AEA,EN,Towers with Radar,0,17,25,0,42,0,0,198,0,198,0,17,223,0,240,312,0,312,552
01/27/2008,MMU,NJ,AEA,EN,Towers with Radar,0,26,48,0,74,0,7,119,0,126,0,33,167,0,200,180,0,180,380
01/28/2008,MMU,NJ,AEA,EN,Towers with Radar,0,21,67,0,88,0,17,132,0,149,0,38,199,0,237,144,0,144,381
01/29/2008,MMU,NJ,AEA,EN,Towers with Radar,0,28,63,0,91,0,8,129,0,137,0,36,192,0,228,114,0,114,342
01/30/2008,MMU,NJ,AEA,EN,Towers with Radar,0,53,77,0,130,0,0,59,0,59,0,53,136,0,189,0,0,0,189
01/31/2008,MMU,NJ,AEA,EN,Towers with Radar,0,36,88,0,124,0,0,189,0,189,0,36,277,0,313,222,0,222,535
02/01/2008,MMU,NJ,AEA,EN,Towers with Radar,0,37,76,0,113,0,0,0,0,0,0,37,76,0,113,0,0,0,113
02/02/2008,MMU,NJ,AEA,EN,Towers with Radar,0,29,21,0,50,0,14,188,0,202,0,43,209,0,252,182,0,182,434
02/03/2008,MMU,NJ,AEA,EN,Towers with Radar,0,20,34,0,54,0,5,144,0,149,0,25,178,0,203,212,0,212,415
02/04/2008,MMU,NJ,AEA,EN,Towers with Radar,0,42,70,0,112,0,1,13,0,14,0,43,83,0,126,0,0,0,126
02/05/2008,MMU,NJ,AEA,EN,Towers with Radar,0,27,54,0,81,0,0,10,0,10,0,27,64,0,91,0,0,0,91
02/06/2008,MMU,NJ,AEA,EN,Towers with Radar,0,41,56,0,97,0,0,119,0,119,0,41,175,0,216,86,0,86,302
02/07/2008,MMU,NJ,AEA,EN,Towers with Radar,0,34,92,0,126,0,6,138,0,144,0,40,230,0,270,80,0,80,350
02/08/2008,MMU,NJ,AEA,EN,Towers with Radar,0,24,73,1,98,0,8,182,1,191,0,32,255,2,289,172,0,172,461
02/09/2008,MMU,NJ,AEA,EN,Towers with Radar,0,18,25,0,43,0,5,26,0,31,0,23,51,0,74,0,0,0,74
02/10/2008,MMU,NJ,AEA,EN,Towers with Radar,0,21,35,0,56,0,1,26,0,27,0,22,61,0,83,6,0,6,89
02/11/2008,MMU,NJ,AEA,EN,Towers with Radar,0,0,0,0,0,0,0,0,0,0,0,0,0,0,0,0,0,0,0
02/12/2008,MMU,NJ,AEA,EN,Towers with Radar,0,37,81,0,118,0,0,27,0,27,0,37,108,0,145,40,0,40,185
02/13/2008,MMU,NJ,AEA,EN,Towers with Radar,0,35,96,0,131,0,0,0,0,0,0,35,96,0,131,0,0,0,131
02/14/2008,MMU,NJ,AEA,EN,Towers with Radar,0,45,84,0,129,0,7,219,0,226,0,52,303,0,355,0,0,0,355
02/15/2008,MMU,NJ,AEA,EN,Towers with Radar,0,87,81,0,168,0,0,221,0,221,0,87,302,0,389,170,0,170,559
02/16/2008,MMU,NJ,AEA,EN,Towers with Radar,0,62,20,0,82,0,0,182,2,184,0,62,202,2,266,216,8,224,490
02/17/2008,MMU,NJ,AEA,EN,Towers with Radar,0,21,48,0,69,0,0,153,0,153,0,21,201,0,222,258,0,258,480
02/18/2008,MMU,NJ,AEA,EN,Towers with Radar,0,45,106,0,151,0,0,88,0,88,0,45,194,0,239,8,0,8,247
02/19/2008,MMU,NJ,AEA,EN,Towers with Radar,0,57,116,0,173,0,13,170,0,183,0,70,286,0,356,10,0,10,366
02/20/2008,MMU,NJ,AEA,EN,Towers with Radar,0,53,67,2,122,0,0,185,0,185,0,53,252,2,307,116,0,116,423
02/21/2008,MMU,NJ,AEA,EN,Towers with Radar,0,40,288,0,328,0,0,0,0,0,0,40,288,0,328,212,0,212,540
02/22/2008,MMU,NJ,AEA,EN,Towers with Radar,0,6,42,0,48,0,0,0,0,0,0,6,42,0,48,0,0,0,48
02/23/2008,MMU,NJ,AEA,EN,Towers with Radar,0,29,46,0,75,0,0,86,0,86,0,29,132,0,161,86,0,86,247
02/24/2008,MMU,NJ,AEA,EN,Towers with Radar,0,36,76,2,114,0,11,153,1,165,0,47,229,3,279,220,0,220,499
02/25/2008,MMU,NJ,AEA,EN,Towers with Radar,0,23,76,0,99,0,28,123,0,151,0,51,199,0,250,94,0,94,344
02/26/2008,MMU,NJ,AEA,EN,Towers with Radar,0,31,51,0,82,0,0,40,0,40,0,31,91,0,122,52,0,52,174
02/27/2008,MMU,NJ,AEA,EN,Towers with Radar,0,38,75,0,113,0,0,218,0,218,0,38,293,0,331,100,0,100,431
02/28/2008,MMU,NJ,AEA,EN,Towers with Radar,0,44,74,0,118,0,0,186,0,186,0,44,260,0,304,158,0,158,462
02/29/2008,MMU,NJ,AEA,EN,Towers with Radar,0,32,64,0,96,0,0,153,0,153,0,32,217,0,249,124,0,124,373
03/01/2008,MMU,NJ,AEA,EN,Towers with Radar,0,32,64,0,96,0,0,153,0,153,0,32,217,0,249,124,0,124,373
03/02/2008,MMU,NJ,AEA,EN,Towers with Radar,0,21,50,0,71,0,8,319,0,327,0,29,369,0,398,278,0,278,676
03/03/2008,MMU,NJ,AEA,EN,Towers with Radar,0,17,72,0,89,0,11,159,0,170,0,28,231,0,259,170,0,170,429
03/04/2008,MMU,NJ,AEA,EN,Towers with Radar,0,30,83,0,113,0,6,42,0,48,0,36,125,0,161,72,0,72,233
03/05/2008,MMU,NJ,AEA,EN,Towers with Radar,0,47,65,0,112,0,0,135,0,135,0,47,200,0,247,76,0,76,323
03/06/2008,MMU,NJ,AEA,EN,Towers with Radar,0,48,79,0,127,0,4,201,0,205,0,52,280,0,332,274,0,274,606
03/07/2008,MMU,NJ,AEA,EN,Towers with Radar,0,51,91,0,142,0,0,116,0,116,0,51,207,0,258,104,0,104,362
03/08/2008,MMU,NJ,AEA,EN,Towers with Radar,0,28,26,0,54,0,0,0,0,0,0,28,26,0,54,0,0,0,54
03/09/2008,MMU,NJ,AEA,EN,Towers with Radar,0,54,37,0,91,0,0,148,0,148,0,54,185,0,239,102,0,102,341
03/10/2008,MMU,NJ,AEA,EN,Towers with Radar,0,39,65,0,104,0,9,173,0,182,0,48,238,0,286,188,0,188,474
03/11/2008,MMU,NJ,AEA,EN,Towers with Radar,0,33,63,0,96,0,0,160,0,160,0,33,223,0,256,194,0,194,450
03/12/2008,MMU,NJ,AEA,EN,Towers with Radar,0,37,72,0,109,0,0,114,0,114,0,37,186,0,223,158,0,158,381
03/13/2008,MMU,NJ,AEA,EN,Towers with Radar,0,29,78,1,108,0,4,195,0,199,0,33,273,1,307,234,0,234,541
03/14/2008,MMU,NJ,AEA,EN,Towers with Radar,0,43,80,0,123,0,9,88,2,99,0,52,168,2,222,70,0,70,292
03/15/2008,MMU,NJ,AEA,EN,Towers with Radar,0,19,39,0,58,0,11,164,0,175,0,30,203,0,233,198,0,198,431
03/16/2008,MMU,NJ,AEA,EN,Towers with Radar,0,25,46,0,71,0,4,144,0,148,0,29,190,0,219,108,0,108,327
03/17/2008,MMU,NJ,AEA,EN,Towers with Radar,0,24,70,3,97,0,5,132,0,137,0,29,202,3,234,172,0,172,406
03/18/2008,MMU,NJ,AEA,EN,Towers with Radar,0,34,89,0,123,0,11,130,1,142,0,45,219,1,265,150,0,150,415
03/19/2008,MMU,NJ,AEA,EN,Towers with Radar,0,64,119,0,183,0,0,0,0,0,0,64,119,0,183,0,0,0,183
03/20/2008,MMU,NJ,AEA,EN,Towers with Radar,0,52,87,0,139,0,4,84,2,90,0,56,171,2,229,36,0,36,265
03/21/2008,MMU,NJ,AEA,EN,Towers with Radar,0,19,35,0,54,0,11,111,0,122,0,30,146,0,176,0,0,0,176
03/22/2008,MMU,NJ,AEA,EN,Towers with Radar,0,24,35,0,59,0,0,175,0,175,0,24,210,0,234,184,0,184,418
03/23/2008,MMU,NJ,AEA,EN,Towers with Radar,0,27,32,2,61,0,0,194,0,194,0,27,226,2,255,206,0,206,461
03/24/2008,MMU,NJ,AEA,EN,Towers with Radar,0,40,73,0,113,0,4,180,0,184,0,44,253,0,297,180,0,180,477
03/25/2008,MMU,NJ,AEA,EN,Towers with Radar,0,66,45,0,111,0,0,150,0,150,0,66,195,0,261,152,0,152,413
03/26/2008,MMU,NJ,AEA,EN,Towers with Radar,0,34,52,0,86,0,4,129,0,133,0,38,181,0,219,72,0,72,291
03/27/2008,MMU,NJ,AEA,EN,Towers with Radar,0,30,63,0,93,0,0,181,0,181,0,30,244,0,274,158,0,158,432
03/28/2008,MMU,NJ,AEA,EN,Towers with Radar,0,40,89,2,131,0,0,128,0,128,0,40,217,2,259,138,0,138,397
03/29/2008,MMU,NJ,AEA,EN,Towers with Radar,0,15,37,0,52,0,13,185,2,200,0,28,222,2,252,286,0,286,538
03/30/2008,MMU,NJ,AEA,EN,Towers with Radar,0,29,58,0,87,0,6,244,0,250,0,35,302,0,337,276,0,276,613
03/31/2008,MMU,NJ,AEA,EN,Towers with Radar,0,34,69,0,103,0,0,16,0,16,0,34,85,0,119,10,0,10,129
04/01/2008,MMU,NJ,AEA,EN,Towers with Radar,0,29,73,0,102,0,4,67,0,71,0,33,140,0,173,48,0,48,221
04/02/2008,MMU,NJ,AEA,EN,Towers with Radar,0,39,61,0,100,0,0,168,0,168,0,39,229,0,268,154,0,154,422
04/03/2008,MMU,NJ,AEA,EN,Towers with Radar,0,28,94,0,122,0,4,196,0,200,0,32,290,0,322,202,0,202,524
04/04/2008,MMU,NJ,AEA,EN,Towers with Radar,0,35,70,0,105,0,0,0,0,0,0,35,70,0,105,0,0,0,105
04/05/2008,MMU,NJ,AEA,EN,Towers with Radar,0,15,41,2,58,0,0,159,0,159,0,15,200,2,217,202,0,202,419
04/06/2008,MMU,NJ,AEA,EN,Towers with Radar,0,35,34,0,69,0,5,108,0,113,0,40,142,0,182,270,0,270,452
04/07/2008,MMU,NJ,AEA,EN,Towers with Radar,0,44,69,0,113,0,0,157,0,157,0,44,226,0,270,250,0,250,520
04/08/2008,MMU,NJ,AEA,EN,Towers with Radar,0,28,67,0,95,0,22,163,0,185,0,50,230,0,280,232,0,232,512
04/09/2008,MMU,NJ,AEA,EN,Towers with Radar,0,40,81,0,121,0,0,171,0,171,0,40,252,0,292,214,0,214,506
04/10/2008,MMU,NJ,AEA,EN,Towers with Radar,0,49,94,0,143,0,0,202,0,202,0,49,296,0,345,192,0,192,537
04/11/2008,MMU,NJ,AEA,EN,Towers with Radar,0,54,81,0,135,0,0,105,0,105,0,54,186,0,240,122,0,122,362
04/12/2008,MMU,NJ,AEA,EN,Towers with Radar,0,24,36,2,62,0,0,188,0,188,0,24,224,2,250,258,0,258,508
04/13/2008,MMU,NJ,AEA,EN,Towers with Radar,0,36,65,0,101,0,1,206,0,207,0,37,271,0,308,280,0,280,588
04/14/2008,MMU,NJ,AEA,EN,Towers with Radar,0,22,63,0,85,0,0,200,0,200,0,22,263,0,285,196,0,196,481
04/15/2008,MMU,NJ,AEA,EN,Towers with Radar,0,26,70,0,96,0,21,240,0,261,0,47,310,0,357,278,0,278,635
04/16/2008,MMU,NJ,AEA,EN,Towers with Radar,0,36,82,0,118,0,0,212,0,212,0,36,294,0,330,190,0,190,520
04/17/2008,MMU,NJ,AEA,EN,Towers with Radar,0,54,67,0,121,0,8,212,2,222,0,62,279,2,343,148,0,148,491
04/18/2008,MMU,NJ,AEA,EN,Towers with Radar,0,40,70,0,110,0,0,186,0,186,0,40,256,0,296,96,0,96,392
04/19/2008,MMU,NJ,AEA,EN,Towers with Radar,0,20,46,0,66,0,2,215,0,217,0,22,261,0,283,232,0,232,515
04/20/2008,MMU,NJ,AEA,EN,Towers with Radar,0,27,59,0,86,0,6,79,0,85,0,33,138,0,171,142,0,142,313
04/21/2008,MMU,NJ,AEA,EN,Towers with Radar,0,46,69,0,115,0,0,160,0,160,0,46,229,0,275,176,0,176,451
04/22/2008,MMU,NJ,AEA,EN,Towers with Radar,0,26,76,0,102,0,10,145,0,155,0,36,221,0,257,158,0,158,415
04/23/2008,MMU,NJ,AEA,EN,Towers with Radar,0,40,64,0,104,0,0,286,0,286,0,40,350,0,390,230,0,230,620
04/24/2008,MMU,NJ,AEA,EN,Towers with Radar,0,43,87,0,130,0,0,287,0,287,0,43,374,0,417,222,0,222,639
04/25/2008,MMU,NJ,AEA,EN,Towers with Radar,0,56,83,0,139,0,0,191,0,191,0,56,274,0,330,236,0,236,566
04/26/2008,MMU,NJ,AEA,EN,Towers with Radar,0,21,54,0,75,0,8,212,0,220,0,29,266,0,295,244,0,244,539
04/27/2008,MMU,NJ,AEA,EN,Towers with Radar,0,31,68,0,99,0,14,107,0,121,0,45,175,0,220,170,0,170,390
04/28/2008,MMU,NJ,AEA,EN,Towers with Radar,0,29,88,0,117,0,0,0,0,0,0,29,88,0,117,0,0,0,117
04/29/2008,MMU,NJ,AEA,EN,Towers with Radar,0,27,91,0,118,0,18,145,2,165,0,45,236,2,283,150,0,150,433
04/30/2008,MMU,NJ,AEA,EN,Towers with Radar,0,46,87,0,133,0,0,231,0,231,0,46,318,0,364,212,0,212,576
05/01/2008,MMU,NJ,AEA,EN,Towers with Radar,0,40,93,0,133,0,8,158,0,166,0,48,251,0,299,164,0,164,463
05/02/2008,MMU,NJ,AEA,EN,Towers with Radar,0,38,84,0,122,0,0,6,0,6,0,38,90,0,128,0,0,0,128
05/03/2008,MMU,NJ,AEA,EN,Towers with Radar,0,30,50,0,80,0,0,57,0,57,0,30,107,0,137,14,0,14,151
05/04/2008,MMU,NJ,AEA,EN,Towers with Radar,0,26,65,0,91,0,10,132,0,142,0,36,197,0,233,164,0,164,397
05/05/2008,MMU,NJ,AEA,EN,Towers with Radar,0,34,70,0,104,0,0,190,0,190,0,34,260,0,294,172,0,172,466
05/06/2008,MMU,NJ,AEA,EN,Towers with Radar,0,25,87,0,112,0,0,177,0,177,0,25,264,0,289,140,0,140,429
05/07/2008,MMU,NJ,AEA,EN,Towers with Radar,0,41,86,0,127,0,0,247,0,247,0,41,333,0,374,178,0,178,552
05/08/2008,MMU,NJ,AEA,EN,Towers with Radar,0,58,73,0,131,0,0,127,0,127,0,58,200,0,258,130,0,130,388
05/09/2008,MMU,NJ,AEA,EN,Towers with Radar,0,37,97,0,134,0,0,1,0,1,0,37,98,0,135,0,0,0,135
05/10/2008,MMU,NJ,AEA,EN,Towers with Radar,0,20,24,0,44,0,0,353,0,353,0,20,377,0,397,296,0,296,693
05/11/2008,MMU,NJ,AEA,EN,Towers with Radar,0,40,96,0,136,0,0,149,0,149,0,40,245,0,285,284,0,284,569
05/12/2008,MMU,NJ,AEA,EN,Towers with Radar,0,26,52,0,78,0,0,73,0,73,0,26,125,0,151,0,0,0,151
05/13/2008,MMU,NJ,AEA,EN,Towers with Radar,0,26,84,2,112,0,28,143,0,171,0,54,227,2,283,108,0,108,391
05/14/2008,MMU,NJ,AEA,EN,Towers with Radar,0,32,97,2,131,0,10,252,0,262,0,42,349,2,393,216,0,216,609
05/15/2008,MMU,NJ,AEA,EN,Towers with Radar,0,51,99,4,154,0,0,207,0,207,0,51,306,4,361,156,0,156,517
05/16/2008,MMU,NJ,AEA,EN,Towers with Radar,0,61,90,1,152,0,0,31,0,31,0,61,121,1,183,0,0,0,183
05/17/2008,MMU,NJ,AEA,EN,Towers with Radar,0,23,33,0,56,0,14,201,0,215,0,37,234,0,271,192,0,192,463
05/18/2008,MMU,NJ,AEA,EN,Towers with Radar,0,16,67,0,83,0,6,123,0,129,0,22,190,0,212,116,0,116,328
05/19/2008,MMU,NJ,AEA,EN,Towers with Radar,0,34,68,0,102,0,9,163,0,172,0,43,231,0,274,124,0,124,398
05/20/2008,MMU,NJ,AEA,EN,Towers with Radar,0,34,93,0,127,0,4,65,0,69,0,38,158,0,196,46,0,46,242
05/21/2008,MMU,NJ,AEA,EN,Towers with Radar,0,36,73,0,109,0,0,195,0,195,0,36,268,0,304,170,0,170,474
05/22/2008,MMU,NJ,AEA,EN,Towers with Radar,0,44,76,0,120,0,1,203,0,204,0,45,279,0,324,146,0,146,470
05/23/2008,MMU,NJ,AEA,EN,Towers with Radar,0,59,83,0,142,0,0,273,0,273,0,59,356,0,415,242,0,242,657
05/24/2008,MMU,NJ,AEA,EN,Towers with Radar,0,17,28,0,45,0,0,239,0,239,0,17,267,0,284,192,0,192,476
05/25/2008,MMU,NJ,AEA,EN,Towers with Radar,0,0,0,0,0,0,31,269,0,300,0,31,269,0,300,338,0,338,638
05/26/2008,MMU,NJ,AEA,EN,Towers with Radar,0,50,56,0,106,0,0,179,0,179,0,50,235,0,285,234,0,234,519
05/27/2008,MMU,NJ,AEA,EN,Towers with Radar,0,31,68,0,99,0,39,126,0,165,0,70,194,0,264,152,0,152,416
05/28/2008,MMU,NJ,AEA,EN,Towers with Radar,0,35,76,0,111,0,0,196,0,196,0,35,272,0,307,228,0,228,535
05/29/2008,MMU,NJ,AEA,EN,Towers with Radar,0,36,66,0,102,0,9,212,2,223,0,45,278,2,325,216,0,216,541
05/30/2008,MMU,NJ,AEA,EN,Towers with Radar,0,28,70,0,98,0,0,223,0,223,0,28,293,0,321,190,0,190,511
05/31/2008,MMU,NJ,AEA,EN,Towers with Radar,0,10,31,0,41,0,14,58,0,72,0,24,89,0,113,58,0,58,171
06/01/2008,MMU,NJ,AEA,EN,Towers with Radar,0,22,42,0,64,0,10,169,0,179,0,32,211,0,243,246,0,246,489
06/02/2008,MMU,NJ,AEA,EN,Towers with Radar,0,62,29,0,91,0,0,214,0,214,0,62,243,0,305,234,0,234,539
06/03/2008,MMU,NJ,AEA,EN,Towers with Radar,0,19,89,0,108,0,34,126,0,160,0,53,215,0,268,182,0,182,450
06/04/2008,MMU,NJ,AEA,EN,Towers with Radar,0,42,80,0,122,0,0,44,0,44,0,42,124,0,166,88,0,88,254
06/05/2008,MMU,NJ,AEA,EN,Towers with Radar,0,41,98,0,139,0,0,169,0,169,0,41,267,0,308,174,0,174,482
06/06/2008,MMU,NJ,AEA,EN,Towers with Radar,0,37,109,0,146,0,0,110,0,110,0,37,219,0,256,114,0,114,370
06/07/2008,MMU,NJ,AEA,EN,Towers with Radar,0,11,33,0,44,0,9,191,0,200,0,20,224,0,244,235,0,235,479
06/08/2008,MMU,NJ,AEA,EN,Towers with Radar,0,27,59,0,86,0,24,187,0,211,0,51,246,0,297,212,0,212,509
06/09/2008,MMU,NJ,AEA,EN,Towers with Radar,0,36,73,0,109,0,10,186,0,196,0,46,259,0,305,62,0,62,367
06/10/2008,MMU,NJ,AEA,EN,Towers with Radar,0,33,69,0,102,0,19,95,0,114,0,52,164,0,216,206,0,206,422
06/11/2008,MMU,NJ,AEA,EN,Towers with Radar,0,43,60,0,103,0,0,201,2,203,0,43,261,2,306,234,0,234,540
06/12/2008,MMU,NJ,AEA,EN,Towers with Radar,0,31,86,0,117,0,6,197,0,203,0,37,283,0,320,174,0,174,494
06/13/2008,MMU,NJ,AEA,EN,Towers with Radar,0,39,74,2,115,0,0,244,0,244,0,39,318,2,359,88,0,88,447
06/14/2008,MMU,NJ,AEA,EN,Towers with Radar,0,9,21,0,30,0,4,203,0,207,0,13,224,0,237,244,0,244,481
06/15/2008,MMU,NJ,AEA,EN,Towers with Radar,0,28,43,0,71,0,9,169,0,178,0,37,212,0,249,194,0,194,443
06/16/2008,MMU,NJ,AEA,EN,Towers with Radar,0,24,87,0,111,0,18,111,0,129,0,42,198,0,240,154,0,154,394
06/17/2008,MMU,NJ,AEA,EN,Towers with Radar,0,53,73,0,126,0,22,155,2,179,0,75,228,2,305,154,0,154,459
06/18/2008,MMU,NJ,AEA,EN,Towers with Radar,0,29,86,0,115,0,0,205,0,205,26,55,291,0,372,186,0,186,640
06/19/2008,MMU,NJ,AEA,EN,Towers with Radar,0,53,77,4,134,0,0,292,0,292,0,53,369,4,426,236,0,236,662
06/20/2008,MMU,NJ,AEA,EN,Towers with Radar,0,29,59,2,90,0,0,260,0,260,0,29,319,2,350,272,0,272,622
06/21/2008,MMU,NJ,AEA,EN,Towers with Radar,0,20,35,0,55,0,14,278,0,292,0,34,313,0,347,304,0,304,651
06/22/2008,MMU,NJ,AEA,EN,Towers with Radar,0,41,80,0,121,0,0,129,0,129,0,41,209,0,250,90,0,90,340
06/23/2008,MMU,NJ,AEA,EN,Towers with Radar,0,32,85,0,117,0,15,92,0,107,0,47,177,0,224,174,0,174,398
06/24/2008,MMU,NJ,AEA,EN,Towers with Radar,0,27,77,0,104,0,20,154,0,174,0,47,231,0,278,184,0,184,462
06/25/2008,MMU,NJ,AEA,EN,Towers with Radar,0,41,72,0,113,0,0,221,4,225,0,41,293,4,338,246,0,246,584
06/26/2008,MMU,NJ,AEA,EN,Towers with Radar,0,51,83,0,134,0,0,148,0,148,0,51,231,0,282,176,0,176,458
06/27/2008,MMU,NJ,AEA,EN,Towers with Radar,0,31,84,0,115,0,2,160,0,162,0,33,244,0,277,108,0,108,385
06/28/2008,MMU,NJ,AEA,EN,Towers with Radar,0,24,22,0,46,0,0,241,0,241,0,24,263,0,287,290,0,290,577
06/29/2008,MMU,NJ,AEA,EN,Towers with Radar,0,60,19,0,79,0,0,169,0,169,0,60,188,0,248,170,0,170,418
06/30/2008,MMU,NJ,AEA,EN,Towers with Radar,0,23,72,2,97,0,9,115,0,124,0,32,187,2,221,140,0,140,361
07/01/2008,MMU,NJ,AEA,EN,Towers with Radar,0,28,38,0,66,0,9,88,3,100,0,37,126,3,166,124,8,132,298
07/02/2008,MMU,NJ,AEA,EN,Towers with Radar,0,33,59,0,92,0,5,237,5,247,0,38,296,5,339,188,0,188,527
07/03/2008,MMU,NJ,AEA,EN,Towers with Radar,0,32,44,0,76,0,11,216,6,233,0,43,260,6,309,206,0,206,515
07/04/2008,MMU,NJ,AEA,EN,Towers with Radar,0,8,30,0,38,0,1,71,0,72,0,9,101,0,110,50,8,58,168
07/05/2008,MMU,NJ,AEA,EN,Towers with Radar,0,15,31,0,46,0,0,0,0,0,0,15,31,0,46,0,0,0,46
07/06/2008,MMU,NJ,AEA,EN,Towers with Radar,0,28,72,0,100,0,8,71,0,79,0,36,143,0,179,170,0,170,349
07/07/2008,MMU,NJ,AEA,EN,Towers with Radar,0,42,101,0,143,0,55,129,2,186,0,97,230,2,329,312,0,312,641
07/08/2008,MMU,NJ,AEA,EN,Towers with Radar,0,22,91,0,113,0,23,130,0,153,0,45,221,0,266,268,0,268,534
07/09/2008,MMU,NJ,AEA,EN,Towers with Radar,0,21,75,0,96,0,13,124,2,139,0,34,199,2,235,124,12,136,371
07/10/2008,MMU,NJ,AEA,EN,Towers with Radar,0,29,60,0,89,0,6,207,3,216,0,35,267,3,305,216,0,216,521
07/11/2008,MMU,NJ,AEA,EN,Towers with Radar,0,32,56,0,88,0,13,199,5,217,0,45,255,5,305,146,30,176,481
07/12/2008,MMU,NJ,AEA,EN,Towers with Radar,0,14,30,0,44,0,18,169,5,192,0,32,199,5,236,252,0,252,488
07/13/2008,MMU,NJ,AEA,EN,Towers with Radar,0,34,74,0,108,0,10,63,2,75,0,44,137,2,183,90,0,90,273
07/14/2008,MMU,NJ,AEA,EN,Towers with Radar,0,31,59,0,90,0,0,102,2,104,0,31,161,2,194,172,0,172,366
07/15/2008,MMU,NJ,AEA,EN,Towers with Radar,0,42,78,1,121,0,14,145,2,161,0,56,223,3,282,150,0,150,432
07/16/2008,MMU,NJ,AEA,EN,Towers with Radar,0,34,47,0,81,0,15,195,0,210,0,49,242,0,291,212,0,212,503
07/17/2008,MMU,NJ,AEA,EN,Towers with Radar,0,41,79,0,120,0,8,148,0,156,0,49,227,0,276,122,0,122,398
07/18/2008,MMU,NJ,AEA,EN,Towers with Radar,0,48,78,0,126,0,8,183,4,195,0,56,261,4,321,92,0,92,413
07/19/2008,MMU,NJ,AEA,EN,Towers with Radar,0,21,32,0,53,0,13,147,2,162,0,34,179,2,215,244,0,244,459
07/20/2008,MMU,NJ,AEA,EN,Towers with Radar,0,31,43,0,74,0,10,132,1,143,0,41,175,1,217,178,0,178,395
07/21/2008,MMU,NJ,AEA,EN,Towers with Radar,0,35,99,0,134,0,3,165,0,168,0,38,264,0,302,202,0,202,504
07/22/2008,MMU,NJ,AEA,EN,Towers with Radar,0,28,98,0,126,0,22,139,0,161,0,50,237,0,287,138,0,138,425
07/23/2008,MMU,NJ,AEA,EN,Towers with Radar,0,27,58,0,85,0,0,84,0,84,0,27,142,0,169,0,0,0,169
07/24/2008,MMU,NJ,AEA,EN,Towers with Radar,0,35,63,0,98,0,7,107,0,114,0,42,170,0,212,144,0,144,356
07/25/2008,MMU,NJ,AEA,EN,Towers with Radar,0,31,66,1,98,0,7,222,9,238,0,38,288,10,336,246,0,246,582
07/26/2008,MMU,NJ,AEA,EN,Towers with Radar,0,22,31,1,54,0,13,163,0,176,0,35,194,1,230,126,0,126,356
07/27/2008,MMU,NJ,AEA,EN,Towers with Radar,0,25,63,0,88,0,0,87,2,89,0,25,150,2,177,138,0,138,315
07/28/2008,MMU,NJ,AEA,EN,Towers with Radar,0,28,82,0,110,0,1,154,0,155,0,29,236,0,265,164,0,164,429
07/29/2008,MMU,NJ,AEA,EN,Towers with Radar,0,24,72,0,96,0,11,159,0,170,0,35,231,0,266,286,0,286,552
07/30/2008,MMU,NJ,AEA,EN,Towers with Radar,0,25,69,0,94,0,2,147,0,149,0,27,216,0,243,152,0,152,395
07/31/2008,MMU,NJ,AEA,EN,Towers with Radar,0,44,77,0,121,0,15,202,1,218,0,59,279,1,339,174,0,174,513
08/01/2008,MMU,NJ,AEA,EN,Towers with Radar,0,35,57,0,92,0,8,222,6,236,0,43,279,6,328,228,0,228,556
08/02/2008,MMU,NJ,AEA,EN,Towers with Radar,0,41,31,0,72,0,8,81,0,89,0,49,112,0,161,70,0,70,231
08/03/2008,MMU,NJ,AEA,EN,Towers with Radar,0,28,55,0,83,0,2,64,0,66,0,30,119,0,149,4,0,4,153
08/04/2008,MMU,NJ,AEA,EN,Towers with Radar,0,27,42,0,69,0,17,184,0,201,0,44,226,0,270,124,0,124,394
08/05/2008,MMU,NJ,AEA,EN,Towers with Radar,0,32,70,0,102,0,9,149,4,162,0,41,219,4,264,190,0,190,454
08/06/2008,MMU,NJ,AEA,EN,Towers with Radar,0,32,50,0,82,0,12,163,1,176,0,44,213,1,258,212,0,212,470
08/07/2008,MMU,NJ,AEA,EN,Towers with Radar,0,27,68,0,95,0,13,153,3,169,0,40,221,3,264,177,0,177,441
08/08/2008,MMU,NJ,AEA,EN,Towers with Radar,0,29,56,0,85,0,15,178,4,197,0,44,234,4,282,180,32,212,494
08/09/2008,MMU,NJ,AEA,EN,Towers with Radar,0,16,38,0,54,0,20,237,1,258,0,36,275,1,312,194,0,194,506
08/10/2008,MMU,NJ,AEA,EN,Towers with Radar,0,37,55,0,92,0,15,136,3,154,0,52,191,3,246,162,10,172,418
08/11/2008,MMU,NJ,AEA,EN,Towers with Radar,0,26,77,0,103,0,2,51,0,53,0,28,128,0,156,54,0,54,210
08/12/2008,MMU,NJ,AEA,EN,Towers with Radar,0,43,90,0,133,0,17,176,0,193,0,60,266,0,326,174,0,174,500
08/13/2008,MMU,NJ,AEA,EN,Towers with Radar,0,33,56,0,89,0,3,212,2,217,0,36,268,2,306,218,0,218,524
08/14/2008,MMU,NJ,AEA,EN,Towers with Radar,0,37,83,0,120,0,5,159,2,166,0,42,242,2,286,116,0,116,402
08/15/2008,MMU,NJ,AEA,EN,Towers with Radar,1,22,73,0,96,0,3,113,0,116,1,25,186,0,212,114,0,114,326
08/16/2008,MMU,NJ,AEA,EN,Towers with Radar,0,32,24,0,56,0,22,192,0,214,0,54,216,0,270,224,0,224,494
08/17/2008,MMU,NJ,AEA,EN,Towers with Radar,0,15,44,0,59,0,16,239,2,257,0,31,283,2,316,232,0,232,548
08/18/2008,MMU,NJ,AEA,EN,Towers with Radar,0,32,59,0,91,0,17,176,3,196,0,49,235,3,287,206,0,206,493
08/19/2008,MMU,NJ,AEA,EN,Towers with Radar,1,36,54,0,91,0,7,172,2,181,1,43,226,2,272,82,0,82,354
08/20/2008,MMU,NJ,AEA,EN,Towers with Radar,0,30,59,1,90,0,1,165,2,168,0,31,224,3,258,194,0,194,452
08/21/2008,MMU,NJ,AEA,EN,Towers with Radar,0,26,69,0,95,0,11,196,0,207,0,37,265,0,302,140,0,140,442
08/22/2008,MMU,NJ,AEA,EN,Towers with Radar,0,33,30,0,63,0,6,256,2,264,0,39,286,2,327,162,0,162,489
08/23/2008,MMU,NJ,AEA,EN,Towers with Radar,0,12,31,0,43,1,22,182,2,207,1,34,213,2,250,272,4,276,526
08/24/2008,MMU,NJ,AEA,EN,Towers with Radar,0,24,45,0,69,0,16,181,4,201,0,40,226,4,270,226,0,226,496
08/25/2008,MMU,NJ,AEA,EN,Towers with Radar,0,22,67,0,89,0,23,188,0,211,0,45,255,0,300,204,0,204,504
08/26/2008,MMU,NJ,AEA,EN,Towers with Radar,0,25,56,0,81,0,13,159,1,173,0,38,215,1,254,134,0,134,388
08/27/2008,MMU,NJ,AEA,EN,Towers with Radar,0,18,63,1,82,0,8,206,2,216,0,26,269,3,298,224,0,224,522
08/28/2008,MMU,NJ,AEA,EN,Towers with Radar,0,23,58,0,81,0,4,196,1,201,0,27,254,1,282,172,10,182,464
08/29/2008,MMU,NJ,AEA,EN,Towers with Radar,0,30,67,0,97,0,6,211,4,221,0,36,278,4,318,246,0,246,564
08/30/2008,MMU,NJ,AEA,EN,Towers with Radar,0,26,48,1,75,0,7,38,2,47,0,33,86,3,122,28,0,28,150
08/31/2008,MMU,NJ,AEA,EN,Towers with Radar,0,22,43,0,65,0,11,209,4,224,0,33,252,4,289,252,0,252,541
09/01/2008,MMU,NJ,AEA,EN,Towers with Radar,0,36,50,0,86,0,33,203,1,237,0,69,253,1,323,320,0,320,643
09/02/2008,MMU,NJ,AEA,EN,Towers with Radar,0,27,66,0,93,0,16,179,1,196,0,43,245,1,289,118,0,118,407
09/03/2008,MMU,NJ,AEA,EN,Towers with Radar,0,24,74,1,99,0,3,135,2,140,0,27,209,3,239,122,0,122,361
09/04/2008,MMU,NJ,AEA,EN,Towers with Radar,0,21,84,0,105,0,6,251,4,261,0,27,335,4,366,144,6,150,516
09/05/2008,MMU,NJ,AEA,EN,Towers with Radar,0,31,79,0,110,0,31,215,1,247,0,62,294,1,357,196,0,196,553
09/06/2008,MMU,NJ,AEA,EN,Towers with Radar,0,6,15,0,21,0,0,0,0,0,0,6,15,0,21,0,0,0,21
09/07/2008,MMU,NJ,AEA,EN,Towers with Radar,0,37,40,0,77,0,36,214,0,250,0,73,254,0,327,282,0,282,609
09/08/2008,MMU,NJ,AEA,EN,Towers with Radar,0,29,88,0,117,0,6,148,0,154,0,35,236,0,271,130,0,130,401
09/09/2008,MMU,NJ,AEA,EN,Towers with Radar,0,38,91,0,129,0,2,23,0,25,0,40,114,0,154,24,0,24,178
09/10/2008,MMU,NJ,AEA,EN,Towers with Radar,0,33,115,0,148,0,4,186,0,190,0,37,301,0,338,156,0,156,494
09/11/2008,MMU,NJ,AEA,EN,Towers with Radar,0,17,75,1,93,0,7,232,4,243,0,24,307,5,336,190,0,190,526
09/12/2008,MMU,NJ,AEA,EN,Towers with Radar,0,60,99,8,167,0,8,110,2,120,0,68,209,10,287,162,0,162,449
09/13/2008,MMU,NJ,AEA,EN,Towers with Radar,0,14,39,0,53,0,6,175,2,183,0,20,214,2,236,316,0,316,552
09/14/2008,MMU,NJ,AEA,EN,Towers with Radar,0,24,68,0,92,0,0,123,0,123,0,24,191,0,215,248,0,248,463
09/15/2008,MMU,NJ,AEA,EN,Towers with Radar,0,25,50,0,75,0,2,103,0,105,0,27,153,0,180,54,0,54,234
09/16/2008,MMU,NJ,AEA,EN,Towers with Radar,0,35,67,2,104,0,17,126,2,145,0,52,193,4,249,149,0,149,398
09/17/2008,MMU,NJ,AEA,EN,Towers with Radar,0,30,73,0,103,0,15,204,4,223,0,45,277,4,326,214,6,220,546
09/18/2008,MMU,NJ,AEA,EN,Towers with Radar,0,22,71,0,93,0,4,211,1,216,0,26,282,1,309,180,6,186,495
09/19/2008,MMU,NJ,AEA,EN,Towers with Radar,0,28,69,0,97,0,5,191,2,198,0,33,260,2,295,162,0,162,457
09/20/2008,MMU,NJ,AEA,EN,Towers with Radar,2,11,46,0,59,0,13,150,6,169,2,24,196,6,228,202,0,202,430
09/21/2008,MMU,NJ,AEA,EN,Towers with Radar,0,37,60,0,97,0,21,203,0,224,0,58,263,0,321,250,0,250,571
09/22/2008,MMU,NJ,AEA,EN,Towers with Radar,0,21,71,0,92,0,4,67,2,73,0,25,138,2,165,0,0,0,165
09/23/2008,MMU,NJ,AEA,EN,Towers with Radar,0,36,78,0,114,0,8,75,0,83,0,44,153,0,197,0,0,0,197
09/24/2008,MMU,NJ,AEA,EN,Towers with Radar,0,36,89,1,126,0,4,96,5,105,0,40,185,6,231,0,0,0,231
09/25/2008,MMU,NJ,AEA,EN,Towers with Radar,0,39,78,0,117,0,1,199,3,203,0,40,277,3,320,150,0,150,470
09/26/2008,MMU,NJ,AEA,EN,Towers with Radar,0,44,63,0,107,0,0,0,0,0,0,44,63,0,107,0,0,0,107
09/27/2008,MMU,NJ,AEA,EN,Towers with Radar,0,25,18,0,43,0,0,0,0,0,0,25,18,0,43,0,0,0,43
09/28/2008,MMU,NJ,AEA,EN,Towers with Radar,0,26,40,0,66,0,0,0,0,0,0,26,40,0,66,0,0,0,66
09/29/2008,MMU,NJ,AEA,EN,Towers with Radar,0,19,48,0,67,0,15,114,4,133,0,34,162,4,200,148,0,148,348
09/30/2008,MMU,NJ,AEA,EN,Towers with Radar,0,24,66,0,90,0,8,143,1,152,0,32,209,1,242,132,0,132,374
10/01/2008,MMU,NJ,AEA,EN,Towers with Radar,0,30,89,0,119,0,4,160,1,165,0,34,249,1,284,104,0,104,388
10/02/2008,MMU,NJ,AEA,EN,Towers with Radar,0,27,68,0,95,0,8,185,2,195,0,35,253,2,290,142,0,142,432
10/03/2008,MMU,NJ,AEA,EN,Towers with Radar,0,33,66,0,99,0,7,152,1,160,0,40,218,1,259,178,0,178,437
10/04/2008,MMU,NJ,AEA,EN,Towers with Radar,0,15,33,0,48,0,8,210,3,221,0,23,243,3,269,324,0,324,593
10/05/2008,MMU,NJ,AEA,EN,Towers with Radar,0,22,58,0,80,0,10,105,0,115,0,32,163,0,195,122,0,122,317
10/06/2008,MMU,NJ,AEA,EN,Towers with Radar,0,23,54,0,77,0,5,153,0,158,0,28,207,0,235,122,0,122,357
10/07/2008,MMU,NJ,AEA,EN,Towers with Radar,0,28,60,0,88,0,28,151,1,180,0,56,211,1,268,198,0,198,466
10/08/2008,MMU,NJ,AEA,EN,Towers with Radar,0,34,73,0,107,0,1,183,4,188,0,35,256,4,295,188,0,188,483
10/09/2008,MMU,NJ,AEA,EN,Towers with Radar,0,33,78,0,111,0,5,174,2,181,0,38,252,2,292,150,14,164,456
10/10/2008,MMU,NJ,AEA,EN,Towers with Radar,0,24,73,0,97,0,2,181,1,184,0,26,254,1,281,140,0,140,421
10/11/2008,MMU,NJ,AEA,EN,Towers with Radar,0,13,26,0,39,0,10,211,3,224,0,23,237,3,263,230,0,230,493
10/12/2008,MMU,NJ,AEA,EN,Towers with Radar,0,28,55,0,83,0,16,212,2,230,0,44,267,2,313,142,0,142,455
10/13/2008,MMU,NJ,AEA,EN,Towers with Radar,0,20,60,0,80,0,0,191,2,193,0,20,251,2,273,158,0,158,431
10/14/2008,MMU,NJ,AEA,EN,Towers with Radar,0,33,73,0,106,0,22,127,2,151,0,55,200,2,257,112,0,112,369
10/15/2008,MMU,NJ,AEA,EN,Towers with Radar,2,24,75,0,101,0,7,154,2,163,2,31,229,2,264,142,0,142,406
10/16/2008,MMU,NJ,AEA,EN,Towers with Radar,0,33,78,0,111,0,7,151,0,158,0,40,229,0,269,106,0,106,375
10/17/2008,MMU,NJ,AEA,EN,Towers with Radar,0,33,49,0,82,0,5,199,2,206,0,38,248,2,288,164,0,164,452
10/18/2008,MMU,NJ,AEA,EN,Towers with Radar,0,23,34,0,57,0,8,183,3,194,0,31,217,3,251,262,0,262,513
10/19/2008,MMU,NJ,AEA,EN,Towers with Radar,0,25,47,0,72,0,5,168,2,175,0,30,215,2,247,168,0,168,415
10/20/2008,MMU,NJ,AEA,EN,Towers with Radar,0,43,63,0,106,0,3,132,1,136,0,46,195,1,242,106,0,106,348
10/21/2008,MMU,NJ,AEA,EN,Towers with Radar,1,29,64,0,94,0,4,119,0,123,1,33,183,0,217,90,0,90,307
10/22/2008,MMU,NJ,AEA,EN,Towers with Radar,0,29,64,0,93,0,3,143,3,149,0,32,207,3,242,96,0,96,338
10/23/2008,MMU,NJ,AEA,EN,Towers with Radar,0,44,82,0,126,0,0,214,1,215,0,44,296,1,341,160,0,160,501
10/24/2008,MMU,NJ,AEA,EN,Towers with Radar,0,29,65,0,94,0,5,196,0,201,0,34,261,0,295,162,0,162,457
10/25/2008,MMU,NJ,AEA,EN,Towers with Radar,0,11,23,0,34,0,0,34,0,34,0,11,57,0,68,12,0,12,80
10/26/2008,MMU,NJ,AEA,EN,Towers with Radar,0,20,57,0,77,0,38,186,1,225,0,58,243,1,302,208,0,208,510
10/27/2008,MMU,NJ,AEA,EN,Towers with Radar,0,17,63,0,80,0,20,138,0,158,0,37,201,0,238,72,0,72,310
10/28/2008,MMU,NJ,AEA,EN,Towers with Radar,0,31,48,0,79,0,0,5,0,5,0,31,53,0,84,0,0,0,84
10/29/2008,MMU,NJ,AEA,EN,Towers with Radar,0,39,62,0,101,0,1,185,1,187,0,40,247,1,288,152,0,152,440
10/30/2008,MMU,NJ,AEA,EN,Towers with Radar,0,37,69,0,106,0,3,203,3,209,0,40,272,3,315,144,0,144,459
10/31/2008,MMU,NJ,AEA,EN,Towers with Radar,0,22,54,0,76,0,10,163,1,174,0,32,217,1,250,154,0,154,404
11/01/2008,MMU,NJ,AEA,EN,Towers with Radar,0,16,27,0,43,0,11,223,0,234,0,27,250,0,277,266,0,266,543
11/02/2008,MMU,NJ,AEA,EN,Towers with Radar,0,20,49,0,69,0,23,110,0,133,0,43,159,0,202,164,0,164,366
11/03/2008,MMU,NJ,AEA,EN,Towers with Radar,0,18,59,0,77,0,15,76,2,93,0,33,135,2,170,110,2,112,282
11/04/2008,MMU,NJ,AEA,EN,Towers with Radar,0,24,76,0,100,0,12,125,0,137,0,36,201,0,237,182,0,182,419
11/05/2008,MMU,NJ,AEA,EN,Towers with Radar,0,46,55,0,101,0,4,143,1,148,0,50,198,1,249,100,0,100,349
11/06/2008,MMU,NJ,AEA,EN,Towers with Radar,0,34,79,0,113,0,0,7,0,7,0,34,86,0,120,0,0,0,120
11/07/2008,MMU,NJ,AEA,EN,Towers with Radar,0,27,59,0,86,0,8,103,1,112,0,35,162,1,198,104,0,104,302
11/08/2008,MMU,NJ,AEA,EN,Towers with Radar,0,19,37,0,56,0,0,0,0,0,0,19,37,0,56,0,0,0,56
11/09/2008,MMU,NJ,AEA,EN,Towers with Radar,0,34,52,0,86,0,26,221,0,247,0,60,273,0,333,292,0,292,625
11/10/2008,MMU,NJ,AEA,EN,Towers with Radar,0,32,51,0,83,0,22,138,2,162,0,54,189,2,245,112,0,112,357
11/11/2008,MMU,NJ,AEA,EN,Towers with Radar,0,24,50,0,74,0,9,83,5,97,0,33,133,5,171,20,0,20,191
11/12/2008,MMU,NJ,AEA,EN,Towers with Radar,0,25,70,0,95,0,6,185,2,193,0,31,255,2,288,180,0,180,468
11/13/2008,MMU,NJ,AEA,EN,Towers with Radar,0,40,96,0,136,0,0,8,0,8,0,40,104,0,144,0,0,0,144
11/14/2008,MMU,NJ,AEA,EN,Towers with Radar,0,30,74,0,104,0,0,0,0,0,0,30,74,0,104,0,0,0,104
11/15/2008,MMU,NJ,AEA,EN,Towers with Radar,0,16,18,0,34,0,0,3,0,3,0,16,21,0,37,0,0,0,37
11/16/2008,MMU,NJ,AEA,EN,Towers with Radar,0,16,45,0,61,0,22,113,1,136,0,38,158,1,197,174,0,174,371
11/17/2008,MMU,NJ,AEA,EN,Towers with Radar,0,15,49,0,64,0,17,120,1,138,0,32,169,1,202,104,0,104,306
11/18/2008,MMU,NJ,AEA,EN,Towers with Radar,0,20,60,0,80,0,14,89,0,103,0,34,149,0,183,90,0,90,273
11/19/2008,MMU,NJ,AEA,EN,Towers with Radar,0,24,59,0,83,0,5,158,0,163,0,29,217,0,246,126,0,126,372
11/20/2008,MMU,NJ,AEA,EN,Towers with Radar,0,30,71,0,101,0,2,117,0,119,0,32,188,0,220,96,0,96,316
11/21/2008,MMU,NJ,AEA,EN,Towers with Radar,0,32,49,0,81,0,8,180,2,190,0,40,229,2,271,96,0,96,367
11/22/2008,MMU,NJ,AEA,EN,Towers with Radar,0,16,24,0,40,0,22,152,3,177,0,38,176,3,217,204,0,204,421
11/23/2008,MMU,NJ,AEA,EN,Towers with Radar,0,21,32,0,53,0,12,193,0,205,0,33,225,0,258,242,0,242,500
11/24/2008,MMU,NJ,AEA,EN,Towers with Radar,0,26,38,0,64,0,1,148,0,149,0,27,186,0,213,160,0,160,373
11/25/2008,MMU,NJ,AEA,EN,Towers with Radar,0,55,59,0,114,0,6,62,0,68,0,61,121,0,182,62,0,62,244
11/26/2008,MMU,NJ,AEA,EN,Towers with Radar,0,43,57,2,102,0,3,114,0,117,0,46,171,2,219,142,0,142,361
11/27/2008,MMU,NJ,AEA,EN,Towers with Radar,0,11,9,0,20,0,0,42,0,42,0,11,51,0,62,22,0,22,84
11/28/2008,MMU,NJ,AEA,EN,Towers with Radar,0,28,28,0,56,0,9,149,0,158,0,37,177,0,214,156,0,156,370
11/29/2008,MMU,NJ,AEA,EN,Towers with Radar,0,22,48,0,70,0,3,171,0,174,0,25,219,0,244,240,0,240,484
11/30/2008,MMU,NJ,AEA,EN,Towers with Radar,0,41,96,0,137,0,0,0,0,0,0,41,96,0,137,0,0,0,137
12/01/2008,MMU,NJ,AEA,EN,Towers with Radar,0,32,81,0,113,0,3,97,0,100,0,35,178,0,213,76,0,76,289
12/02/2008,MMU,NJ,AEA,EN,Towers with Radar,1,30,71,0,102,0,3,88,1,92,1,33,159,1,194,178,0,178,372
12/03/2008,MMU,NJ,AEA,EN,Towers with Radar,0,20,77,0,97,0,9,146,1,156,0,29,223,1,253,204,0,204,457
12/04/2008,MMU,NJ,AEA,EN,Towers with Radar,0,33,63,0,96,0,0,177,1,178,0,33,240,1,274,186,0,186,460
12/05/2008,MMU,NJ,AEA,EN,Towers with Radar,0,19,50,0,69,0,4,188,8,200,0,23,238,8,269,222,0,222,491
12/06/2008,MMU,NJ,AEA,EN,Towers with Radar,0,18,52,1,71,0,17,153,2,172,0,35,205,3,243,250,0,250,493
12/07/2008,MMU,NJ,AEA,EN,Towers with Radar,0,20,47,0,67,0,2,45,0,47,0,22,92,0,114,64,0,64,178
12/08/2008,MMU,NJ,AEA,EN,Towers with Radar,0,18,58,0,76,0,1,108,1,110,0,19,166,1,186,134,0,134,320
12/09/2008,MMU,NJ,AEA,EN,Towers with Radar,0,26,52,0,78,0,15,124,0,139,0,41,176,0,217,204,0,204,421
12/10/2008,MMU,NJ,AEA,EN,Towers with Radar,0,24,97,0,121,0,1,37,0,38,0,25,134,0,159,0,0,0,159
12/11/2008,MMU,NJ,AEA,EN,Towers with Radar,0,25,69,0,94,0,0,0,0,0,0,25,69,0,94,0,0,0,94
12/12/2008,MMU,NJ,AEA,EN,Towers with Radar,0,29,55,0,84,0,5,90,0,95,0,34,145,0,179,2,0,2,181
12/13/2008,MMU,NJ,AEA,EN,Towers with Radar,0,11,25,0,36,0,6,128,0,134,0,17,153,0,170,80,0,80,250
12/14/2008,MMU,NJ,AEA,EN,Towers with Radar,0,24,34,0,58,0,24,188,2,214,0,48,222,2,272,246,0,246,518
12/15/2008,MMU,NJ,AEA,EN,Towers with Radar,0,22,46,0,68,0,6,112,0,118,0,28,158,0,186,148,0,148,334
12/16/2008,MMU,NJ,AEA,EN,Towers with Radar,0,29,69,0,98,0,0,35,0,35,0,29,104,0,133,72,0,72,205
12/17/2008,MMU,NJ,AEA,EN,Towers with Radar,0,31,54,0,85,0,2,113,1,116,0,33,167,1,201,86,0,86,287
12/18/2008,MMU,NJ,AEA,EN,Towers with Radar,0,46,73,0,119,0,6,164,1,171,0,52,237,1,290,146,0,146,436
12/19/2008,MMU,NJ,AEA,EN,Towers with Radar,0,15,28,0,43,0,0,0,0,0,0,15,28,0,43,0,0,0,43
12/20/2008,MMU,NJ,AEA,EN,Towers with Radar,0,12,56,0,68,0,15,23,0,38,0,27,79,0,106,46,0,46,152
12/21/2008,MMU,NJ,AEA,EN,Towers with Radar,0,14,18,0,32,0,0,2,1,3,0,14,20,1,35,0,0,0,35
12/22/2008,MMU,NJ,AEA,EN,Towers with Radar,0,39,47,0,86,0,22,60,0,82,0,61,107,0,168,40,0,40,208
12/23/2008,MMU,NJ,AEA,EN,Towers with Radar,0,19,49,0,68,0,23,106,3,132,0,42,155,3,200,108,0,108,308
12/24/2008,MMU,NJ,AEA,EN,Towers with Radar,0,24,16,0,40,0,0,0,0,0,0,24,16,0,40,0,0,0,40
12/25/2008,MMU,NJ,AEA,EN,Towers with Radar,0,24,12,0,36,0,3,55,0,58,0,27,67,0,94,19,0,19,113
12/26/2008,MMU,NJ,AEA,EN,Towers with Radar,0,45,37,0,82,0,1,169,0,170,0,46,206,0,252,124,0,124,376
12/27/2008,MMU,NJ,AEA,EN,Towers with Radar,0,21,51,0,72,0,0,10,0,10,0,21,61,0,82,0,0,0,82
12/28/2008,MMU,NJ,AEA,EN,Towers with Radar,0,31,35,0,66,0,4,36,0,40,0,35,71,0,106,8,0,8,114
12/29/2008,MMU,NJ,AEA,EN,Towers with Radar,0,19,44,0,63,0,6,145,1,152,0,25,189,1,215,152,0,152,367
12/30/2008,MMU,NJ,AEA,EN,Towers with Radar,0,32,42,0,74,0,5,56,0,61,0,37,98,0,135,8,0,8,143
12/31/2008,MMU,NJ,AEA,EN,Towers with Radar,0,10,21,0,31,0,1,37,0,38,0,11,58,0,69,0,0,0,69
01/01/2009,MMU,NJ,AEA,EN,Towers with Radar,0,12,22,0,34,0,1,17,0,18,0,13,39,0,52,0,0,0,52
01/02/2009,MMU,NJ,AEA,EN,Towers with Radar,0,18,48,0,66,0,4,101,0,105,0,22,149,0,171,82,0,82,253
01/03/2009,MMU,NJ,AEA,EN,Towers with Radar,0,30,61,0,91,0,20,160,0,180,0,50,221,0,271,160,0,160,431
01/04/2009,MMU,NJ,AEA,EN,Towers with Radar,0,33,63,0,96,0,13,139,0,152,0,46,202,0,248,156,0,156,404
01/05/2009,MMU,NJ,AEA,EN,Towers with Radar,0,29,46,0,75,0,21,105,0,126,0,50,151,0,201,122,0,122,323
01/06/2009,MMU,NJ,AEA,EN,Towers with Radar,0,18,41,0,59,0,2,113,0,115,0,20,154,0,174,88,0,88,262
01/07/2009,MMU,NJ,AEA,EN,Towers with Radar,0,22,27,0,49,0,0,0,0,0,0,22,27,0,49,0,0,0,49
01/08/2009,MMU,NJ,AEA,EN,Towers with Radar,0,31,62,0,93,0,2,150,1,153,0,33,212,1,246,100,0,100,346
01/09/2009,MMU,NJ,AEA,EN,Towers with Radar,0,13,50,0,63,0,4,145,0,149,0,17,195,0,212,48,0,48,260
01/10/2009,MMU,NJ,AEA,EN,Towers with Radar,0,2,20,0,22,0,0,15,0,15,0,2,35,0,37,24,0,24,61
01/11/2009,MMU,NJ,AEA,EN,Towers with Radar,0,19,19,0,38,0,1,20,0,21,0,20,39,0,59,110,0,110,169
01/12/2009,MMU,NJ,AEA,EN,Towers with Radar,2,15,53,0,70,0,27,114,0,141,2,42,167,0,211,84,0,84,295
01/13/2009,MMU,NJ,AEA,EN,Towers with Radar,0,27,47,0,74,0,8,78,0,86,0,35,125,0,160,82,0,82,242
01/14/2009,MMU,NJ,AEA,EN,Towers with Radar,0,21,48,0,69,0,17,114,0,131,0,38,162,0,200,62,6,68,268
01/15/2009,MMU,NJ,AEA,EN,Towers with Radar,0,27,44,0,71,0,2,103,0,105,0,29,147,0,176,60,0,60,236
01/16/2009,MMU,NJ,AEA,EN,Towers with Radar,0,37,54,0,91,0,4,159,0,163,0,41,213,0,254,54,0,54,308
01/17/2009,MMU,NJ,AEA,EN,Towers with Radar,0,11,28,0,39,0,1,127,0,128,0,12,155,0,167,254,0,254,421
01/18/2009,MMU,NJ,AEA,EN,Towers with Radar,0,20,26,0,46,0,0,17,0,17,0,20,43,0,63,0,0,0,63
01/19/2009,MMU,NJ,AEA,EN,Towers with Radar,0,26,56,0,82,0,1,13,0,14,0,27,69,0,96,22,0,22,118
01/20/2009,MMU,NJ,AEA,EN,Towers with Radar,0,23,48,0,71,0,12,127,0,139,0,35,175,0,210,122,0,122,332
01/21/2009,MMU,NJ,AEA,EN,Towers with Radar,0,27,60,0,87,0,3,164,0,167,0,30,224,0,254,128,0,128,382
01/22/2009,MMU,NJ,AEA,EN,Towers with Radar,0,25,50,0,75,0,6,160,1,167,0,31,210,1,242,66,0,66,308
01/23/2009,MMU,NJ,AEA,EN,Towers with Radar,0,24,64,1,89,0,5,202,0,207,0,29,266,1,296,220,0,220,516
01/24/2009,MMU,NJ,AEA,EN,Towers with Radar,0,12,20,0,32,0,35,147,1,183,0,47,167,1,215,190,0,190,405
01/25/2009,MMU,NJ,AEA,EN,Towers with Radar,0,17,22,0,39,0,23,141,0,164,0,40,163,0,203,210,0,210,413
01/26/2009,MMU,NJ,AEA,EN,Towers with Radar,0,22,59,0,81,0,32,118,2,152,0,54,177,2,233,138,0,138,371
01/27/2009,MMU,NJ,AEA,EN,Towers with Radar,0,27,52,0,79,0,23,69,0,92,0,50,121,0,171,82,0,82,253
01/28/2009,MMU,NJ,AEA,EN,Towers with Radar,0,24,36,0,60,0,0,0,0,0,0,24,36,0,60,0,0,0,60
01/29/2009,MMU,NJ,AEA,EN,Towers with Radar,0,25,74,1,100,0,7,159,0,166,0,32,233,1,266,104,0,104,370
01/30/2009,MMU,NJ,AEA,EN,Towers with Radar,1,30,53,0,84,0,7,142,3,152,1,37,195,3,236,172,0,172,408
01/31/2009,MMU,NJ,AEA,EN,Towers with Radar,0,12,25,0,37,0,14,120,1,135,0,26,145,1,172,182,0,182,354
02/01/2009,MMU,NJ,AEA,EN,Towers with Radar,0,10,17,0,27,0,21,96,0,117,0,31,113,0,144,110,0,110,254
02/02/2009,MMU,NJ,AEA,EN,Towers with Radar,0,21,65,0,86,0,32,165,0,197,0,53,230,0,283,206,0,206,489
02/03/2009,MMU,NJ,AEA,EN,Towers with Radar,0,22,46,0,68,0,0,0,0,0,0,22,46,0,68,0,0,0,68
02/04/2009,MMU,NJ,AEA,EN,Towers with Radar,0,25,53,0,78,0,11,120,3,134,0,36,173,3,212,108,0,108,320
02/05/2009,MMU,NJ,AEA,EN,Towers with Radar,0,26,54,0,80,0,6,127,0,133,0,32,181,0,213,132,0,132,345
02/06/2009,MMU,NJ,AEA,EN,Towers with Radar,0,31,46,0,77,0,8,120,1,129,0,39,166,1,206,146,0,146,352
02/07/2009,MMU,NJ,AEA,EN,Towers with Radar,0,15,19,0,34,0,26,179,1,206,0,41,198,1,240,234,0,234,474
02/08/2009,MMU,NJ,AEA,EN,Towers with Radar,0,21,39,0,60,0,19,160,0,179,0,40,199,0,239,212,0,212,451
02/09/2009,MMU,NJ,AEA,EN,Towers with Radar,0,28,33,0,61,0,28,145,0,173,0,56,178,0,234,122,0,122,356
02/10/2009,MMU,NJ,AEA,EN,Towers with Radar,0,27,62,0,89,0,20,138,0,158,0,47,200,0,247,104,0,104,351
02/11/2009,MMU,NJ,AEA,EN,Towers with Radar,0,19,71,0,90,0,4,156,1,161,0,23,227,1,251,152,0,152,403
02/12/2009,MMU,NJ,AEA,EN,Towers with Radar,0,38,64,0,102,0,1,19,0,20,0,39,83,0,122,0,0,0,122
02/13/2009,MMU,NJ,AEA,EN,Towers with Radar,0,55,88,0,143,0,2,77,0,79,0,57,165,0,222,18,0,18,240
02/14/2009,MMU,NJ,AEA,EN,Towers with Radar,0,31,25,0,56,0,17,132,6,155,0,48,157,6,211,298,0,298,509
02/15/2009,MMU,NJ,AEA,EN,Towers with Radar,0,13,31,0,44,0,5,138,2,145,0,18,169,2,189,196,0,196,385
02/16/2009,MMU,NJ,AEA,EN,Towers with Radar,0,34,70,0,104,0,22,195,1,218,0,56,265,1,322,326,0,326,648
02/17/2009,MMU,NJ,AEA,EN,Towers with Radar,0,28,76,0,104,0,18,129,0,147,0,46,205,0,251,156,0,156,407
02/18/2009,MMU,NJ,AEA,EN,Towers with Radar,0,26,70,0,96,0,0,50,0,50,0,26,120,0,146,66,0,66,212
02/19/2009,MMU,NJ,AEA,EN,Towers with Radar,0,25,68,0,93,0,1,126,1,128,0,26,194,1,221,36,0,36,257
02/20/2009,MMU,NJ,AEA,EN,Towers with Radar,0,21,44,0,65,0,1,138,2,141,0,22,182,2,206,102,0,102,308
02/21/2009,MMU,NJ,AEA,EN,Towers with Radar,0,21,41,0,62,0,18,149,1,168,0,39,190,1,230,166,0,166,396
02/22/2009,MMU,NJ,AEA,EN,Towers with Radar,0,27,36,0,63,0,0,25,0,25,0,27,61,0,88,16,0,16,104
02/23/2009,MMU,NJ,AEA,EN,Towers with Radar,0,38,72,0,110,0,23,111,0,134,0,61,183,0,244,64,0,64,308
02/24/2009,MMU,NJ,AEA,EN,Towers with Radar,0,22,69,0,91,0,4,138,1,143,0,26,207,1,234,166,0,166,400
02/25/2009,MMU,NJ,AEA,EN,Towers with Radar,0,25,75,0,100,0,7,199,1,207,0,32,274,1,307,202,0,202,509
02/26/2009,MMU,NJ,AEA,EN,Towers with Radar,0,27,48,0,75,0,2,129,0,131,0,29,177,0,206,144,0,144,350
02/27/2009,MMU,NJ,AEA,EN,Towers with Radar,1,27,43,0,71,0,6,89,0,95,1,33,132,0,166,64,0,64,230
02/28/2009,MMU,NJ,AEA,EN,Towers with Radar,0,13,32,0,45,0,2,119,0,121,0,15,151,0,166,126,0,126,292
03/01/2009,MMU,NJ,AEA,EN,Towers with Radar,0,28,34,0,62,0,9,60,0,69,0,37,94,0,131,176,0,176,307
03/02/2009,MMU,NJ,AEA,EN,Towers with Radar,0,4,16,0,20,0,0,0,0,0,0,4,16,0,20,0,0,0,20
03/03/2009,MMU,NJ,AEA,EN,Towers with Radar,0,19,56,0,75,0,6,102,0,108,0,25,158,0,183,0,0,0,183
03/04/2009,MMU,NJ,AEA,EN,Towers with Radar,0,24,65,0,89,0,6,163,0,169,0,30,228,0,258,160,0,160,418
03/05/2009,MMU,NJ,AEA,EN,Towers with Radar,0,25,56,0,81,0,3,232,0,235,0,28,288,0,316,134,0,134,450
03/06/2009,MMU,NJ,AEA,EN,Towers with Radar,0,42,36,0,78,0,6,126,0,132,0,48,162,0,210,224,0,224,434
03/07/2009,MMU,NJ,AEA,EN,Towers with Radar,0,11,31,0,42,0,13,161,1,175,0,24,192,1,217,256,0,256,473
03/08/2009,MMU,NJ,AEA,EN,Towers with Radar,0,23,44,0,67,0,16,121,0,137,0,39,165,0,204,216,0,216,420
03/09/2009,MMU,NJ,AEA,EN,Towers with Radar,0,22,43,0,65,0,1,6,0,7,0,23,49,0,72,16,0,16,88
03/10/2009,MMU,NJ,AEA,EN,Towers with Radar,0,23,56,0,79,0,4,108,0,112,0,27,164,0,191,166,0,166,357
03/11/2009,MMU,NJ,AEA,EN,Towers with Radar,0,23,67,0,90,0,2,46,0,48,0,25,113,0,138,4,0,4,142
03/12/2009,MMU,NJ,AEA,EN,Towers with Radar,0,22,72,0,94,0,8,168,2,178,0,30,240,2,272,106,0,106,378
03/13/2009,MMU,NJ,AEA,EN,Towers with Radar,0,32,57,0,89,0,9,218,1,228,0,41,275,1,317,240,0,240,557
03/14/2009,MMU,NJ,AEA,EN,Towers with Radar,0,22,36,0,58,0,0,162,1,163,0,22,198,1,221,210,0,210,431
03/15/2009,MMU,NJ,AEA,EN,Towers with Radar,0,27,46,0,73,0,10,180,0,190,0,37,226,0,263,212,0,212,475
03/16/2009,MMU,NJ,AEA,EN,Towers with Radar,0,31,47,0,78,0,18,104,2,124,0,49,151,2,202,94,0,94,296
03/17/2009,MMU,NJ,AEA,EN,Towers with Radar,0,32,49,0,81,0,6,144,0,150,0,38,193,0,231,218,0,218,449
03/18/2009,MMU,NJ,AEA,EN,Towers with Radar,0,22,53,0,75,0,5,154,2,161,0,27,207,2,236,180,0,180,416
03/19/2009,MMU,NJ,AEA,EN,Towers with Radar,0,29,58,0,87,0,4,133,1,138,0,33,191,1,225,144,0,144,369
03/20/2009,MMU,NJ,AEA,EN,Towers with Radar,0,22,60,0,82,0,9,145,0,154,0,31,205,0,236,184,0,184,420
03/21/2009,MMU,NJ,AEA,EN,Towers with Radar,0,15,28,0,43,0,11,197,0,208,0,26,225,0,251,218,0,218,469
03/22/2009,MMU,NJ,AEA,EN,Towers with Radar,0,33,57,0,90,0,17,224,0,241,0,50,281,0,331,240,0,240,571
03/23/2009,MMU,NJ,AEA,EN,Towers with Radar,0,24,44,0,68,0,17,86,1,104,0,41,130,1,172,154,0,154,326
03/24/2009,MMU,NJ,AEA,EN,Towers with Radar,0,29,41,0,70,0,13,138,0,151,0,42,179,0,221,114,0,114,335
03/25/2009,MMU,NJ,AEA,EN,Towers with Radar,0,23,66,0,89,0,3,153,0,156,0,26,219,0,245,214,0,214,459
03/26/2009,MMU,NJ,AEA,EN,Towers with Radar,0,32,62,0,94,0,1,17,0,18,0,33,79,0,112,18,0,18,130
03/27/2009,MMU,NJ,AEA,EN,Towers with Radar,0,32,67,0,99,0,8,174,0,182,0,40,241,0,281,180,0,180,461
03/28/2009,MMU,NJ,AEA,EN,Towers with Radar,0,16,50,0,66,0,1,91,0,92,0,17,141,0,158,116,0,116,274
03/29/2009,MMU,NJ,AEA,EN,Towers with Radar,0,42,68,0,110,0,0,1,0,1,0,42,69,0,111,0,0,0,111
03/30/2009,MMU,NJ,AEA,EN,Towers with Radar,0,15,52,0,67,0,3,61,0,64,0,18,113,0,131,80,0,80,211
03/31/2009,MMU,NJ,AEA,EN,Towers with Radar,0,19,62,0,81,0,13,156,1,170,0,32,218,1,251,186,0,186,437
04/01/2009,MMU,NJ,AEA,EN,Towers with Radar,0,24,65,1,90,0,1,81,1,83,0,25,146,2,173,92,0,92,265
04/02/2009,MMU,NJ,AEA,EN,Towers with Radar,0,24,70,0,94,0,1,93,0,94,0,25,163,0,188,98,0,98,286
04/03/2009,MMU,NJ,AEA,EN,Towers with Radar,0,64,115,0,179,0,0,0,0,0,0,64,115,0,179,0,0,0,179
04/04/2009,MMU,NJ,AEA,EN,Towers with Radar,0,26,33,0,59,0,3,77,0,80,0,29,110,0,139,24,0,24,163
04/05/2009,MMU,NJ,AEA,EN,Towers with Radar,0,32,49,0,81,0,15,184,2,201,0,47,233,2,282,204,0,204,486
04/06/2009,MMU,NJ,AEA,EN,Towers with Radar,0,34,73,0,107,0,0,1,0,1,0,34,74,0,108,0,0,0,108
04/07/2009,MMU,NJ,AEA,EN,Towers with Radar,0,22,64,0,86,0,22,89,0,111,0,44,153,0,197,96,0,96,293
04/08/2009,MMU,NJ,AEA,EN,Towers with Radar,0,35,59,0,94,0,5,114,1,120,0,40,173,1,214,100,0,100,314
04/09/2009,MMU,NJ,AEA,EN,Towers with Radar,0,42,64,1,107,0,8,228,0,236,0,50,292,1,343,274,0,274,617
04/10/2009,MMU,NJ,AEA,EN,Towers with Radar,0,20,36,0,56,0,11,144,0,155,0,31,180,0,211,194,0,194,405
04/11/2009,MMU,NJ,AEA,EN,Towers with Radar,0,19,19,0,38,0,0,29,0,29,0,19,48,0,67,56,0,56,123
04/12/2009,MMU,NJ,AEA,EN,Towers with Radar,0,30,31,0,61,0,8,79,0,87,0,38,110,0,148,56,0,56,204
04/13/2009,MMU,NJ,AEA,EN,Towers with Radar,0,30,48,0,78,0,28,170,1,199,0,58,218,1,277,298,0,298,575
04/14/2009,MMU,NJ,AEA,EN,Towers with Radar,0,38,108,0,146,0,5,87,0,92,0,43,195,0,238,72,0,72,310
04/15/2009,MMU,NJ,AEA,EN,Towers with Radar,0,34,57,0,91,0,5,103,0,108,0,39,160,0,199,80,0,80,279
04/16/2009,MMU,NJ,AEA,EN,Towers with Radar,0,28,57,0,85,0,5,168,0,173,0,33,225,0,258,166,0,166,424
04/17/2009,MMU,NJ,AEA,EN,Towers with Radar,0,22,64,0,86,0,17,217,0,234,0,39,281,0,320,336,0,336,656
04/18/2009,MMU,NJ,AEA,EN,Towers with Radar,0,21,39,0,60,0,25,206,1,232,0,46,245,1,292,260,0,260,552
04/19/2009,MMU,NJ,AEA,EN,Towers with Radar,0,35,76,0,111,0,18,174,0,192,0,53,250,0,303,134,0,134,437
04/20/2009,MMU,NJ,AEA,EN,Towers with Radar,0,33,80,0,113,0,2,13,0,15,0,35,93,0,128,10,0,10,138
04/21/2009,MMU,NJ,AEA,EN,Towers with Radar,0,29,87,0,116,0,11,30,0,41,0,40,117,0,157,58,0,58,215
04/22/2009,MMU,NJ,AEA,EN,Towers with Radar,0,21,55,0,76,0,6,147,0,153,0,27,202,0,229,164,0,164,393
04/23/2009,MMU,NJ,AEA,EN,Towers with Radar,0,28,42,0,70,0,4,134,2,140,0,32,176,2,210,156,0,156,366
04/24/2009,MMU,NJ,AEA,EN,Towers with Radar,0,28,47,0,75,0,11,231,0,242,0,39,278,0,317,256,0,256,573
04/25/2009,MMU,NJ,AEA,EN,Towers with Radar,0,14,27,0,41,0,30,233,2,265,0,44,260,2,306,282,0,282,588
04/26/2009,MMU,NJ,AEA,EN,Towers with Radar,0,32,33,0,65,0,4,185,0,189,0,36,218,0,254,216,0,216,470
04/27/2009,MMU,NJ,AEA,EN,Towers with Radar,0,32,58,0,90,0,13,177,0,190,0,45,235,0,280,190,0,190,470
04/28/2009,MMU,NJ,AEA,EN,Towers with Radar,0,20,65,0,85,0,5,176,0,181,0,25,241,0,266,148,0,148,414
04/29/2009,MMU,NJ,AEA,EN,Towers with Radar,0,24,58,0,82,0,5,144,0,149,0,29,202,0,231,172,0,172,403
04/30/2009,MMU,NJ,AEA,EN,Towers with Radar,0,28,47,0,75,0,8,157,0,165,0,36,204,0,240,140,0,140,380
05/01/2009,MMU,NJ,AEA,EN,Towers with Radar,0,22,68,0,90,0,5,16,0,21,0,27,84,0,111,0,0,0,111
05/02/2009,MMU,NJ,AEA,EN,Towers with Radar,0,18,22,0,40,0,9,134,0,143,0,27,156,0,183,248,0,248,431
05/03/2009,MMU,NJ,AEA,EN,Towers with Radar,0,27,52,0,79,0,0,2,0,2,0,27,54,0,81,0,0,0,81
05/04/2009,MMU,NJ,AEA,EN,Towers with Radar,0,23,56,0,79,0,0,6,0,6,0,23,62,0,85,28,0,28,113
05/05/2009,MMU,NJ,AEA,EN,Towers with Radar,0,27,55,0,82,0,0,0,0,0,0,27,55,0,82,0,0,0,82
05/06/2009,MMU,NJ,AEA,EN,Towers with Radar,0,24,91,0,115,0,7,108,0,115,0,31,199,0,230,174,0,174,404
05/07/2009,MMU,NJ,AEA,EN,Towers with Radar,0,66,123,0,189,0,1,131,0,132,0,67,254,0,321,94,0,94,415
05/08/2009,MMU,NJ,AEA,EN,Towers with Radar,0,18,62,0,80,0,11,170,3,184,0,29,232,3,264,232,0,232,496
05/09/2009,MMU,NJ,AEA,EN,Towers with Radar,0,15,35,0,50,0,22,82,1,105,0,37,117,1,155,88,0,88,243
05/10/2009,MMU,NJ,AEA,EN,Towers with Radar,0,28,32,0,60,0,41,136,2,179,0,69,168,2,239,244,0,244,483
05/11/2009,MMU,NJ,AEA,EN,Towers with Radar,0,23,46,0,69,0,42,127,1,170,0,65,173,1,239,130,0,130,369
05/12/2009,MMU,NJ,AEA,EN,Towers with Radar,0,21,63,0,84,0,34,176,0,210,0,55,239,0,294,228,0,228,522
05/13/2009,MMU,NJ,AEA,EN,Towers with Radar,0,27,59,0,86,0,9,180,2,191,0,36,239,2,277,138,4,142,419
05/14/2009,MMU,NJ,AEA,EN,Towers with Radar,0,30,63,0,93,0,5,138,0,143,0,35,201,0,236,166,0,166,402
05/15/2009,MMU,NJ,AEA,EN,Towers with Radar,0,29,70,0,99,0,33,131,2,166,0,62,201,2,265,197,0,197,462
05/16/2009,MMU,NJ,AEA,EN,Towers with Radar,1,20,64,0,85,0,12,20,0,32,1,32,84,0,117,0,0,0,117
05/17/2009,MMU,NJ,AEA,EN,Towers with Radar,0,22,39,0,61,0,20,117,2,139,0,42,156,2,200,126,0,126,326
05/18/2009,MMU,NJ,AEA,EN,Towers with Radar,0,27,77,0,104,0,18,159,0,177,0,45,236,0,281,204,0,204,485
05/19/2009,MMU,NJ,AEA,EN,Towers with Radar,0,23,47,0,70,0,13,197,0,210,0,36,244,0,280,186,0,186,466
05/20/2009,MMU,NJ,AEA,EN,Towers with Radar,0,29,61,0,90,0,7,180,2,189,0,36,241,2,279,228,0,228,507
05/21/2009,MMU,NJ,AEA,EN,Towers with Radar,0,32,59,0,91,0,5,204,2,211,0,37,263,2,302,216,0,216,518
05/22/2009,MMU,NJ,AEA,EN,Towers with Radar,0,51,48,0,99,0,5,213,2,220,0,56,261,2,319,202,0,202,521
05/23/2009,MMU,NJ,AEA,EN,Towers with Radar,0,16,23,0,39,0,4,178,8,190,0,20,201,8,229,180,0,180,409
05/24/2009,MMU,NJ,AEA,EN,Towers with Radar,0,12,28,0,40,0,2,71,0,73,0,14,99,0,113,104,0,104,217
05/25/2009,MMU,NJ,AEA,EN,Towers with Radar,0,35,39,0,74,0,63,177,1,241,0,98,216,1,315,288,0,288,603
05/26/2009,MMU,NJ,AEA,EN,Towers with Radar,0,22,73,0,95,0,0,106,0,106,0,22,179,0,201,130,0,130,331
05/27/2009,MMU,NJ,AEA,EN,Towers with Radar,0,17,65,0,82,0,7,120,0,127,0,24,185,0,209,78,0,78,287
05/28/2009,MMU,NJ,AEA,EN,Towers with Radar,0,27,60,0,87,0,0,0,0,0,0,27,60,0,87,0,0,0,87
05/29/2009,MMU,NJ,AEA,EN,Towers with Radar,0,23,66,0,89,0,1,69,0,70,0,24,135,0,159,42,0,42,201
05/30/2009,MMU,NJ,AEA,EN,Towers with Radar,0,6,29,0,35,0,23,168,1,192,0,29,197,1,227,202,0,202,429
05/31/2009,MMU,NJ,AEA,EN,Towers with Radar,0,18,42,0,60,0,15,161,1,177,0,33,203,1,237,242,0,242,479
06/01/2009,MMU,NJ,AEA,EN,Towers with Radar,0,18,58,0,76,0,30,149,2,181,0,48,207,2,257,164,0,164,421
06/02/2009,MMU,NJ,AEA,EN,Towers with Radar,0,37,61,0,98,0,22,164,0,186,0,59,225,0,284,206,0,206,490
06/03/2009,MMU,NJ,AEA,EN,Towers with Radar,0,24,64,0,88,0,1,59,0,60,0,25,123,0,148,166,0,166,314
06/04/2009,MMU,NJ,AEA,EN,Towers with Radar,0,32,83,0,115,0,6,147,2,155,0,38,230,2,270,140,0,140,410
06/05/2009,MMU,NJ,AEA,EN,Towers with Radar,0,20,68,0,88,0,0,1,0,1,0,20,69,0,89,0,0,0,89
06/06/2009,MMU,NJ,AEA,EN,Towers with Radar,0,7,22,0,29,0,13,179,0,192,0,20,201,0,221,290,0,290,511
06/07/2009,MMU,NJ,AEA,EN,Towers with Radar,0,27,38,0,65,0,30,192,3,225,0,57,230,3,290,328,0,328,618
06/08/2009,MMU,NJ,AEA,EN,Towers with Radar,0,42,76,0,118,0,14,113,2,129,0,56,189,2,247,234,0,234,481
06/09/2009,MMU,NJ,AEA,EN,Towers with Radar,0,36,46,0,82,0,5,31,0,36,0,41,77,0,118,0,0,0,118
06/10/2009,MMU,NJ,AEA,EN,Towers with Radar,0,29,71,0,100,0,5,85,0,90,0,34,156,0,190,140,0,140,330
06/11/2009,MMU,NJ,AEA,EN,Towers with Radar,0,28,93,0,121,0,0,0,0,0,0,28,93,0,121,0,0,0,121
06/12/2009,MMU,NJ,AEA,EN,Towers with Radar,0,22,58,0,80,0,2,104,0,106,0,24,162,0,186,158,0,158,344
06/13/2009,MMU,NJ,AEA,EN,Towers with Radar,0,14,39,0,53,0,5,81,1,87,0,19,120,1,140,152,0,152,292
06/14/2009,MMU,NJ,AEA,EN,Towers with Radar,0,38,44,0,82,0,26,115,1,142,0,64,159,1,224,182,0,182,406
06/15/2009,MMU,NJ,AEA,EN,Towers with Radar,0,25,64,0,89,0,10,87,2,99,0,35,151,2,188,110,0,110,298
06/16/2009,MMU,NJ,AEA,EN,Towers with Radar,0,31,53,0,84,0,12,117,2,131,0,43,170,2,215,198,0,198,413
06/17/2009,MMU,NJ,AEA,EN,Towers with Radar,0,25,60,1,86,0,6,149,0,155,0,31,209,1,241,268,0,268,509
06/18/2009,MMU,NJ,AEA,EN,Towers with Radar,0,47,56,0,103,0,0,0,0,0,0,47,56,0,103,0,0,0,103
06/19/2009,MMU,NJ,AEA,EN,Towers with Radar,0,22,52,0,74,0,4,127,0,131,0,26,179,0,205,198,0,198,403
06/20/2009,MMU,NJ,AEA,EN,Towers with Radar,0,13,24,0,37,0,4,64,0,68,0,17,88,0,105,112,0,112,217
06/21/2009,MMU,NJ,AEA,EN,Towers with Radar,0,27,31,0,58,0,4,20,0,24,0,31,51,0,82,88,0,88,170
06/22/2009,MMU,NJ,AEA,EN,Towers with Radar,0,26,74,0,100,0,15,111,2,128,0,41,185,2,228,162,0,162,390
06/23/2009,MMU,NJ,AEA,EN,Towers with Radar,0,13,55,0,68,0,7,138,0,145,0,20,193,0,213,260,0,260,473
06/24/2009,MMU,NJ,AEA,EN,Towers with Radar,0,34,69,0,103,0,10,113,0,123,0,44,182,0,226,230,0,230,456
06/25/2009,MMU,NJ,AEA,EN,Towers with Radar,0,26,65,0,91,0,9,160,3,172,0,35,225,3,263,216,0,216,479
06/26/2009,MMU,NJ,AEA,EN,Towers with Radar,0,21,48,0,69,0,2,99,0,101,0,23,147,0,170,138,0,138,308
06/27/2009,MMU,NJ,AEA,EN,Towers with Radar,0,16,37,0,53,0,9,156,2,167,0,25,193,2,220,126,0,126,346
06/28/2009,MMU,NJ,AEA,EN,Towers with Radar,0,24,43,0,67,0,21,194,2,217,0,45,237,2,284,248,0,248,532
06/29/2009,MMU,NJ,AEA,EN,Towers with Radar,1,25,48,0,74,0,20,131,0,151,1,45,179,0,225,250,0,250,475
06/30/2009,MMU,NJ,AEA,EN,Towers with Radar,0,30,46,0,76,0,5,83,0,88,0,35,129,0,164,180,0,180,344
07/01/2009,MMU,NJ,AEA,EN,Towers with Radar,0,40,53,0,93,0,2,98,0,100,0,42,151,0,193,148,0,148,341
07/02/2009,MMU,NJ,AEA,EN,Towers with Radar,1,32,65,0,98,0,5,66,0,71,1,37,131,0,169,92,0,92,261
07/03/2009,MMU,NJ,AEA,EN,Towers with Radar,0,20,28,0,48,0,5,140,2,147,0,25,168,2,195,188,0,188,383
07/04/2009,MMU,NJ,AEA,EN,Towers with Radar,0,5,13,0,18,0,10,96,3,109,0,15,109,3,127,156,0,156,283
07/05/2009,MMU,NJ,AEA,EN,Towers with Radar,0,28,36,0,64,0,35,173,1,209,0,63,209,1,273,182,0,182,455
07/06/2009,MMU,NJ,AEA,EN,Towers with Radar,0,24,36,0,60,0,19,136,0,155,0,43,172,0,215,198,0,198,413
07/07/2009,MMU,NJ,AEA,EN,Towers with Radar,0,23,40,0,63,0,22,111,2,135,0,45,151,2,198,128,0,128,326
07/08/2009,MMU,NJ,AEA,EN,Towers with Radar,0,25,49,0,74,0,10,155,1,166,0,35,204,1,240,168,0,168,408
07/09/2009,MMU,NJ,AEA,EN,Towers with Radar,0,27,72,0,99,0,4,201,2,207,0,31,273,2,306,208,0,208,514
07/10/2009,MMU,NJ,AEA,EN,Towers with Radar,0,31,64,0,95,0,5,209,0,214,0,36,273,0,309,240,0,240,549
07/11/2009,MMU,NJ,AEA,EN,Towers with Radar,0,16,26,0,42,0,8,131,0,139,0,24,157,0,181,156,0,156,337
07/12/2009,MMU,NJ,AEA,EN,Towers with Radar,0,32,66,0,98,0,4,152,0,156,0,36,218,0,254,222,0,222,476
07/13/2009,MMU,NJ,AEA,EN,Towers with Radar,0,20,61,0,81,0,33,135,1,169,0,53,196,1,250,250,0,250,500
07/14/2009,MMU,NJ,AEA,EN,Towers with Radar,0,26,47,0,73,0,22,199,0,221,0,48,246,0,294,130,0,130,424
07/15/2009,MMU,NJ,AEA,EN,Towers with Radar,0,33,70,0,103,0,7,179,0,186,0,40,249,0,289,222,0,222,511
07/16/2009,MMU,NJ,AEA,EN,Towers with Radar,0,44,61,0,105,0,4,66,2,72,0,48,127,2,177,44,0,44,221
07/17/2009,MMU,NJ,AEA,EN,Towers with Radar,0,32,66,0,98,0,7,178,0,185,0,39,244,0,283,178,0,178,461
07/18/2009,MMU,NJ,AEA,EN,Towers with Radar,0,29,33,0,62,0,18,175,0,193,0,47,208,0,255,190,0,190,445
07/19/2009,MMU,NJ,AEA,EN,Towers with Radar,0,52,56,0,108,0,18,170,0,188,0,70,226,0,296,138,0,138,434
07/20/2009,MMU,NJ,AEA,EN,Towers with Radar,0,35,76,0,111,0,7,181,1,189,0,42,257,1,300,184,0,184,484
07/21/2009,MMU,NJ,AEA,EN,Towers with Radar,0,34,61,0,95,0,0,0,0,0,0,34,61,0,95,0,0,0,95
07/22/2009,MMU,NJ,AEA,EN,Towers with Radar,0,34,72,0,106,0,8,159,0,167,0,42,231,0,273,234,0,234,507
07/23/2009,MMU,NJ,AEA,EN,Towers with Radar,0,44,77,0,121,0,6,72,0,78,0,50,149,0,199,108,0,108,307
07/24/2009,MMU,NJ,AEA,EN,Towers with Radar,0,30,68,0,98,0,5,199,0,204,0,35,267,0,302,218,0,218,520
07/25/2009,MMU,NJ,AEA,EN,Towers with Radar,0,11,25,0,36,0,23,152,3,178,0,34,177,3,214,190,0,190,404
07/26/2009,MMU,NJ,AEA,EN,Towers with Radar,0,31,49,0,80,0,31,100,0,131,0,62,149,0,211,196,0,196,407
07/27/2009,MMU,NJ,AEA,EN,Towers with Radar,0,42,68,0,110,0,14,114,1,129,0,56,182,1,239,94,0,94,333
07/28/2009,MMU,NJ,AEA,EN,Towers with Radar,0,30,61,0,91,0,18,158,1,177,0,48,219,1,268,148,0,148,416
07/29/2009,MMU,NJ,AEA,EN,Towers with Radar,0,22,82,0,104,0,0,7,0,7,0,22,89,0,111,20,0,20,131
07/30/2009,MMU,NJ,AEA,EN,Towers with Radar,0,34,69,0,103,0,3,170,1,174,0,37,239,1,277,252,0,252,529
07/31/2009,MMU,NJ,AEA,EN,Towers with Radar,0,56,67,0,123,0,1,29,0,30,0,57,96,0,153,12,0,12,165
08/01/2009,MMU,NJ,AEA,EN,Towers with Radar,0,31,17,0,48,0,13,148,2,163,0,44,165,2,211,290,0,290,501
08/02/2009,MMU,NJ,AEA,EN,Towers with Radar,0,31,40,0,71,0,2,7,0,9,0,33,47,0,80,0,0,0,80
08/03/2009,MMU,NJ,AEA,EN,Towers with Radar,0,23,47,0,70,0,9,156,0,165,0,32,203,0,235,190,0,190,425
08/04/2009,MMU,NJ,AEA,EN,Towers with Radar,0,35,66,2,103,0,14,198,0,212,0,49,264,2,315,322,12,334,649
08/05/2009,MMU,NJ,AEA,EN,Towers with Radar,0,26,64,0,90,0,6,131,2,139,0,32,195,2,229,102,2,104,333
08/06/2009,MMU,NJ,AEA,EN,Towers with Radar,0,40,64,0,104,0,11,211,5,227,0,51,275,5,331,218,24,242,573
08/07/2009,MMU,NJ,AEA,EN,Towers with Radar,0,24,52,1,77,0,12,210,10,232,0,36,262,11,309,240,30,270,579
08/08/2009,MMU,NJ,AEA,EN,Towers with Radar,0,11,36,0,47,1,5,170,7,183,1,16,206,7,230,262,0,262,492
08/09/2009,MMU,NJ,AEA,EN,Towers with Radar,0,34,46,0,80,0,10,25,0,35,0,44,71,0,115,34,0,34,149
08/10/2009,MMU,NJ,AEA,EN,Towers with Radar,1,26,50,0,77,0,4,167,0,171,1,30,217,0,248,208,0,208,456
08/11/2009,MMU,NJ,AEA,EN,Towers with Radar,0,23,53,0,76,0,6,172,2,180,0,29,225,2,256,238,0,238,494
08/12/2009,MMU,NJ,AEA,EN,Towers with Radar,0,33,70,0,103,0,8,128,2,138,0,41,198,2,241,114,0,114,355
08/13/2009,MMU,NJ,AEA,EN,Towers with Radar,0,30,90,0,120,0,1,1,0,2,0,31,91,0,122,4,0,4,126
08/14/2009,MMU,NJ,AEA,EN,Towers with Radar,0,25,47,0,72,0,9,163,13,185,0,34,210,13,257,224,14,238,495
08/15/2009,MMU,NJ,AEA,EN,Towers with Radar,0,14,29,0,43,0,7,175,3,185,0,21,204,3,228,250,40,290,518
08/16/2009,MMU,NJ,AEA,EN,Towers with Radar,0,30,49,0,79,0,3,229,0,232,0,33,278,0,311,250,18,268,579
08/17/2009,MMU,NJ,AEA,EN,Towers with Radar,0,26,57,0,83,0,7,206,1,214,0,33,263,1,297,260,0,260,557
08/18/2009,MMU,NJ,AEA,EN,Towers with Radar,0,20,59,0,79,0,21,131,0,152,0,41,190,0,231,168,0,168,399
08/19/2009,MMU,NJ,AEA,EN,Towers with Radar,0,20,64,0,84,0,10,167,2,179,0,30,231,2,263,168,0,168,431
08/20/2009,MMU,NJ,AEA,EN,Towers with Radar,0,42,67,0,109,0,3,199,1,203,0,45,266,1,312,214,0,214,526
08/21/2009,MMU,NJ,AEA,EN,Towers with Radar,0,32,56,0,88,0,9,144,0,153,0,41,200,0,241,156,0,156,397
08/22/2009,MMU,NJ,AEA,EN,Towers with Radar,0,27,30,0,57,0,0,29,0,29,0,27,59,0,86,0,0,0,86
08/23/2009,MMU,NJ,AEA,EN,Towers with Radar,0,37,49,0,86,0,14,168,2,184,0,51,217,2,270,201,36,237,507
08/24/2009,MMU,NJ,AEA,EN,Towers with Radar,0,24,45,0,69,0,10,188,2,200,0,34,233,2,269,136,32,168,437
08/25/2009,MMU,NJ,AEA,EN,Towers with Radar,0,24,54,0,78,0,13,165,1,179,0,37,219,1,257,150,0,150,407
08/26/2009,MMU,NJ,AEA,EN,Towers with Radar,0,33,61,0,94,0,18,208,4,230,0,51,269,4,324,210,0,210,534
08/27/2009,MMU,NJ,AEA,EN,Towers with Radar,0,33,59,0,92,0,17,285,3,305,0,50,344,3,397,272,0,272,669
08/28/2009,MMU,NJ,AEA,EN,Towers with Radar,0,32,67,0,99,0,0,14,0,14,0,32,81,0,113,0,0,0,113
08/29/2009,MMU,NJ,AEA,EN,Towers with Radar,0,21,43,0,64,0,0,0,0,0,0,21,43,0,64,0,0,0,64
08/30/2009,MMU,NJ,AEA,EN,Towers with Radar,0,37,61,0,98,0,27,198,0,225,0,64,259,0,323,312,0,312,635
08/31/2009,MMU,NJ,AEA,EN,Towers with Radar,0,48,74,0,122,0,29,190,0,219,0,77,264,0,341,188,0,188,529
09/01/2009,MMU,NJ,AEA,EN,Towers with Radar,0,30,46,0,76,0,31,193,0,224,0,61,239,0,300,358,0,358,658
09/02/2009,MMU,NJ,AEA,EN,Towers with Radar,0,20,50,0,70,0,6,191,0,197,0,26,241,0,267,152,0,152,419
09/03/2009,MMU,NJ,AEA,EN,Towers with Radar,0,30,75,0,105,0,16,254,0,270,0,46,329,0,375,218,0,218,593
09/04/2009,MMU,NJ,AEA,EN,Towers with Radar,0,40,44,0,84,0,13,188,0,201,0,53,232,0,285,182,0,182,467
09/05/2009,MMU,NJ,AEA,EN,Towers with Radar,0,10,38,0,48,0,6,202,0,208,0,16,240,0,256,162,0,162,418
09/06/2009,MMU,NJ,AEA,EN,Towers with Radar,0,8,16,0,24,0,14,176,0,190,0,22,192,0,214,140,0,140,354
09/07/2009,MMU,NJ,AEA,EN,Towers with Radar,0,31,49,0,80,0,18,198,0,216,0,49,247,0,296,174,0,174,470
09/08/2009,MMU,NJ,AEA,EN,Towers with Radar,0,23,45,0,68,0,33,163,0,196,0,56,208,0,264,184,0,184,448
09/09/2009,MMU,NJ,AEA,EN,Towers with Radar,0,25,64,0,89,0,8,99,3,110,0,33,163,3,199,104,0,104,303
09/10/2009,MMU,NJ,AEA,EN,Towers with Radar,1,26,63,2,92,0,9,180,2,191,1,35,243,4,283,160,0,160,443
09/11/2009,MMU,NJ,AEA,EN,Towers with Radar,0,39,49,0,88,0,0,1,0,1,0,39,50,0,89,0,0,0,89
09/12/2009,MMU,NJ,AEA,EN,Towers with Radar,0,12,36,0,48,0,0,1,0,1,0,12,37,0,49,0,0,0,49
09/13/2009,MMU,NJ,AEA,EN,Towers with Radar,0,29,50,0,79,0,26,210,0,236,0,55,260,0,315,176,0,176,491
09/14/2009,MMU,NJ,AEA,EN,Towers with Radar,0,31,67,0,98,0,13,95,0,108,0,44,162,0,206,63,0,63,269
09/15/2009,MMU,NJ,AEA,EN,Towers with Radar,0,15,69,0,84,0,11,196,0,207,0,26,265,0,291,126,0,126,417
09/16/2009,MMU,NJ,AEA,EN,Towers with Radar,0,23,84,0,107,0,6,112,0,118,0,29,196,0,225,126,0,126,351
09/17/2009,MMU,NJ,AEA,EN,Towers with Radar,0,33,51,0,84,0,3,127,2,132,0,36,178,2,216,84,0,84,300
09/18/2009,MMU,NJ,AEA,EN,Towers with Radar,0,31,55,1,87,0,7,220,2,229,0,38,275,3,316,208,0,208,524
09/19/2009,MMU,NJ,AEA,EN,Towers with Radar,0,6,49,0,55,0,13,165,0,178,0,19,214,0,233,172,0,172,405
09/20/2009,MMU,NJ,AEA,EN,Towers with Radar,4,24,53,0,81,0,4,261,0,265,4,28,314,0,346,174,0,174,520
09/21/2009,MMU,NJ,AEA,EN,Towers with Radar,0,33,75,0,108,0,5,127,0,132,0,38,202,0,240,32,0,32,272
09/22/2009,MMU,NJ,AEA,EN,Towers with Radar,0,28,83,0,111,0,0,24,0,24,0,28,107,0,135,0,0,0,135
09/23/2009,MMU,NJ,AEA,EN,Towers with Radar,0,28,76,0,104,0,0,48,0,48,0,28,124,0,152,0,0,0,152
09/24/2009,MMU,NJ,AEA,EN,Towers with Radar,0,27,69,0,96,0,8,138,4,150,0,35,207,4,246,132,10,142,388
09/25/2009,MMU,NJ,AEA,EN,Towers with Radar,0,41,92,0,133,0,7,209,4,220,0,48,301,4,353,188,0,188,541
09/26/2009,MMU,NJ,AEA,EN,Towers with Radar,0,15,45,0,60,0,9,175,0,184,0,24,220,0,244,198,0,198,442
09/27/2009,MMU,NJ,AEA,EN,Towers with Radar,0,25,72,0,97,0,0,5,0,5,0,25,77,0,102,0,0,0,102
09/28/2009,MMU,NJ,AEA,EN,Towers with Radar,0,17,60,0,77,0,0,105,0,105,0,17,165,0,182,96,0,96,278
09/29/2009,MMU,NJ,AEA,EN,Towers with Radar,0,22,85,0,107,0,8,115,0,123,0,30,200,0,230,110,0,110,340
09/30/2009,MMU,NJ,AEA,EN,Towers with Radar,0,28,67,0,95,0,4,131,0,135,0,32,198,0,230,80,0,80,310
10/01/2009,MMU,NJ,AEA,EN,Towers with Radar,0,31,46,0,77,0,3,151,0,154,0,34,197,0,231,232,0,232,463
10/02/2009,MMU,NJ,AEA,EN,Towers with Radar,0,37,56,0,93,0,6,182,0,188,0,43,238,0,281,170,0,170,451
10/03/2009,MMU,NJ,AEA,EN,Towers with Radar,0,21,50,0,71,0,6,7,0,13,0,27,57,0,84,10,0,10,94
10/04/2009,MMU,NJ,AEA,EN,Towers with Radar,0,29,50,0,79,0,26,248,1,275,0,55,298,1,354,226,0,226,580
10/05/2009,MMU,NJ,AEA,EN,Towers with Radar,0,32,44,0,76,0,7,188,0,195,0,39,232,0,271,122,0,122,393
10/06/2009,MMU,NJ,AEA,EN,Towers with Radar,0,31,49,1,81,0,21,189,0,210,0,52,238,1,291,226,0,226,517
10/07/2009,MMU,NJ,AEA,EN,Towers with Radar,0,30,55,0,85,0,18,116,0,134,0,48,171,0,219,70,0,70,289
10/08/2009,MMU,NJ,AEA,EN,Towers with Radar,0,43,60,0,103,0,4,162,1,167,0,47,222,1,270,188,0,188,458
10/09/2009,MMU,NJ,AEA,EN,Towers with Radar,0,35,71,0,106,0,10,194,1,205,0,45,265,1,311,248,0,248,559
10/10/2009,MMU,NJ,AEA,EN,Towers with Radar,0,22,31,0,53,0,11,153,0,164,0,33,184,0,217,36,0,36,253
10/11/2009,MMU,NJ,AEA,EN,Towers with Radar,0,32,39,0,71,0,34,251,0,285,0,66,290,0,356,146,42,188,544
10/12/2009,MMU,NJ,AEA,EN,Towers with Radar,0,37,54,1,92,0,22,185,1,208,0,59,239,2,300,182,0,182,482
10/13/2009,MMU,NJ,AEA,EN,Towers with Radar,0,38,53,0,91,0,6,127,0,133,0,44,180,0,224,80,0,80,304
10/14/2009,MMU,NJ,AEA,EN,Towers with Radar,0,30,73,0,103,0,7,186,3,196,0,37,259,3,299,194,0,194,493
10/15/2009,MMU,NJ,AEA,EN,Towers with Radar,0,57,56,0,113,0,0,56,0,56,0,57,112,0,169,8,0,8,177
10/16/2009,MMU,NJ,AEA,EN,Towers with Radar,0,35,44,0,79,0,2,201,0,203,0,37,245,0,282,230,0,230,512
10/17/2009,MMU,NJ,AEA,EN,Towers with Radar,0,9,31,0,40,0,2,34,0,36,0,11,65,0,76,20,0,20,96
10/18/2009,MMU,NJ,AEA,EN,Towers with Radar,0,27,37,0,64,0,5,25,0,30,0,32,62,0,94,34,0,34,128
10/19/2009,MMU,NJ,AEA,EN,Towers with Radar,0,35,57,2,94,0,3,172,6,181,0,38,229,8,275,178,0,178,453
10/20/2009,MMU,NJ,AEA,EN,Towers with Radar,0,32,77,0,109,0,6,67,0,73,0,38,144,0,182,54,0,54,236
10/21/2009,MMU,NJ,AEA,EN,Towers with Radar,0,32,65,0,97,0,6,156,4,166,0,38,221,4,263,112,0,112,375
10/22/2009,MMU,NJ,AEA,EN,Towers with Radar,0,61,78,0,139,0,4,207,6,217,0,65,285,6,356,216,0,216,572
10/23/2009,MMU,NJ,AEA,EN,Towers with Radar,0,31,56,0,87,0,1,119,2,122,0,32,175,2,209,102,0,102,311
10/24/2009,MMU,NJ,AEA,EN,Towers with Radar,0,11,29,0,40,0,0,1,0,1,0,11,30,0,41,0,0,0,41
10/25/2009,MMU,NJ,AEA,EN,Towers with Radar,0,19,48,0,67,0,22,323,3,348,0,41,371,3,415,162,0,162,577
10/26/2009,MMU,NJ,AEA,EN,Towers with Radar,0,26,52,0,78,0,15,153,2,170,0,41,205,2,248,154,0,154,402
10/27/2009,MMU,NJ,AEA,EN,Towers with Radar,0,40,66,0,106,0,0,5,0,5,0,40,71,0,111,0,0,0,111
10/28/2009,MMU,NJ,AEA,EN,Towers with Radar,0,29,78,0,107,0,1,19,0,20,0,30,97,0,127,10,0,10,137
10/29/2009,MMU,NJ,AEA,EN,Towers with Radar,0,24,65,2,91,0,3,177,4,184,0,27,242,6,275,222,0,222,497
10/30/2009,MMU,NJ,AEA,EN,Towers with Radar,0,31,73,0,104,0,3,164,0,167,0,34,237,0,271,186,0,186,457
10/31/2009,MMU,NJ,AEA,EN,Towers with Radar,0,24,44,0,68,0,0,3,0,3,0,24,47,0,71,0,0,0,71
11/01/2009,MMU,NJ,AEA,EN,Towers with Radar,0,31,60,0,91,0,18,137,1,156,0,49,197,1,247,168,0,168,415
11/02/2009,MMU,NJ,AEA,EN,Towers with Radar,0,24,52,0,76,0,0,116,0,116,0,24,168,0,192,62,0,62,254
11/03/2009,MMU,NJ,AEA,EN,Towers with Radar,0,41,57,0,98,0,13,170,0,183,0,54,227,0,281,152,0,152,433
11/04/2009,MMU,NJ,AEA,EN,Towers with Radar,0,31,62,0,93,0,4,181,4,189,0,35,243,4,282,184,0,184,466
11/05/2009,MMU,NJ,AEA,EN,Towers with Radar,0,29,79,0,108,0,6,166,2,174,0,35,245,2,282,150,0,150,432
11/06/2009,MMU,NJ,AEA,EN,Towers with Radar,0,41,56,0,97,0,5,202,0,207,0,46,258,0,304,226,0,226,530
11/07/2009,MMU,NJ,AEA,EN,Towers with Radar,0,15,40,0,55,0,9,191,0,200,0,24,231,0,255,134,0,134,389
11/08/2009,MMU,NJ,AEA,EN,Towers with Radar,0,31,71,0,102,0,27,257,0,284,0,58,328,0,386,342,0,342,728
11/09/2009,MMU,NJ,AEA,EN,Towers with Radar,0,24,50,0,74,0,7,138,0,145,0,31,188,0,219,120,0,120,339
11/10/2009,MMU,NJ,AEA,EN,Towers with Radar,0,30,85,4,119,0,10,137,2,149,0,40,222,6,268,144,0,144,412
11/11/2009,MMU,NJ,AEA,EN,Towers with Radar,0,20,57,0,77,0,6,155,0,161,0,26,212,0,238,154,0,154,392
11/12/2009,MMU,NJ,AEA,EN,Towers with Radar,0,23,49,0,72,0,9,146,0,155,0,32,195,0,227,96,0,96,323
11/13/2009,MMU,NJ,AEA,EN,Towers with Radar,0,24,52,0,76,0,5,131,0,136,0,29,183,0,212,22,0,22,234
11/14/2009,MMU,NJ,AEA,EN,Towers with Radar,0,8,29,0,37,0,0,0,0,0,0,8,29,0,37,0,0,0,37
11/15/2009,MMU,NJ,AEA,EN,Towers with Radar,0,27,73,0,100,0,16,217,1,234,0,43,290,1,334,298,0,298,632
11/16/2009,MMU,NJ,AEA,EN,Towers with Radar,0,20,51,0,71,0,8,150,0,158,0,28,201,0,229,102,0,102,331
11/17/2009,MMU,NJ,AEA,EN,Towers with Radar,0,27,75,0,102,0,3,197,0,200,0,30,272,0,302,156,0,156,458
11/18/2009,MMU,NJ,AEA,EN,Towers with Radar,0,22,70,0,92,0,3,181,0,184,0,25,251,0,276,180,0,180,456
11/19/2009,MMU,NJ,AEA,EN,Towers with Radar,0,30,79,0,109,0,0,89,0,89,0,30,168,0,198,66,0,66,264
11/20/2009,MMU,NJ,AEA,EN,Towers with Radar,0,27,69,0,96,0,3,213,0,216,0,30,282,0,312,110,0,110,422
11/21/2009,MMU,NJ,AEA,EN,Towers with Radar,0,16,33,0,49,0,20,177,2,199,0,36,210,2,248,248,0,248,496
11/22/2009,MMU,NJ,AEA,EN,Towers with Radar,0,27,44,0,71,0,14,229,0,243,0,41,273,0,314,190,0,190,504
11/23/2009,MMU,NJ,AEA,EN,Towers with Radar,0,27,45,3,75,0,6,130,0,136,0,33,175,3,211,90,0,90,301
11/24/2009,MMU,NJ,AEA,EN,Towers with Radar,0,58,80,0,138,0,19,184,0,203,0,77,264,0,341,170,0,170,511
11/25/2009,MMU,NJ,AEA,EN,Towers with Radar,0,30,75,0,105,0,0,0,0,0,0,30,75,0,105,0,0,0,105
11/26/2009,MMU,NJ,AEA,EN,Towers with Radar,0,12,22,0,34,0,0,27,0,27,0,12,49,0,61,0,0,0,61
11/27/2009,MMU,NJ,AEA,EN,Towers with Radar,0,10,29,0,39,0,0,34,0,34,0,10,63,0,73,0,0,0,73
11/28/2009,MMU,NJ,AEA,EN,Towers with Radar,0,21,41,0,62,0,0,38,0,38,0,21,79,0,100,14,0,14,114
11/29/2009,MMU,NJ,AEA,EN,Towers with Radar,0,46,112,0,158,0,15,310,1,326,0,61,422,1,484,86,0,86,570
11/30/2009,MMU,NJ,AEA,EN,Towers with Radar,0,28,65,0,93,0,5,32,0,37,0,33,97,0,130,6,0,6,136
12/01/2009,MMU,NJ,AEA,EN,Towers with Radar,0,21,68,0,89,0,6,152,0,158,0,27,220,0,247,168,0,168,415
12/02/2009,MMU,NJ,AEA,EN,Towers with Radar,0,18,67,0,85,0,3,132,0,135,0,21,199,0,220,130,0,130,350
12/03/2009,MMU,NJ,AEA,EN,Towers with Radar,0,31,65,0,96,0,4,164,0,168,0,35,229,0,264,150,0,150,414
12/04/2009,MMU,NJ,AEA,EN,Towers with Radar,0,28,59,0,87,0,8,243,2,253,0,36,302,2,340,234,0,234,574
12/05/2009,MMU,NJ,AEA,EN,Towers with Radar,0,11,22,0,33,0,0,41,0,41,0,11,63,0,74,24,0,24,98
12/06/2009,MMU,NJ,AEA,EN,Towers with Radar,0,25,41,0,66,0,17,208,0,225,0,42,249,0,291,184,0,184,475
12/07/2009,MMU,NJ,AEA,EN,Towers with Radar,0,27,56,1,84,0,4,137,3,144,0,31,193,4,228,110,0,110,338
12/08/2009,MMU,NJ,AEA,EN,Towers with Radar,0,16,74,2,92,0,2,133,5,140,0,18,207,7,232,210,0,210,442
12/09/2009,MMU,NJ,AEA,EN,Towers with Radar,0,31,70,0,101,0,0,2,0,2,0,31,72,0,103,0,0,0,103
12/10/2009,MMU,NJ,AEA,EN,Towers with Radar,0,30,79,0,109,0,3,170,1,174,0,33,249,1,283,84,0,84,367
12/11/2009,MMU,NJ,AEA,EN,Towers with Radar,0,29,56,0,85,0,5,133,0,138,0,34,189,0,223,10,0,10,233
12/12/2009,MMU,NJ,AEA,EN,Towers with Radar,2,12,18,0,32,0,2,17,0,19,2,14,35,0,51,0,0,0,51
12/13/2009,MMU,NJ,AEA,EN,Towers with Radar,0,18,45,0,63,0,0,18,0,18,0,18,63,0,81,22,0,22,103
12/14/2009,MMU,NJ,AEA,EN,Towers with Radar,0,20,66,0,86,0,14,143,2,159,0,34,209,2,245,78,0,78,323
12/15/2009,MMU,NJ,AEA,EN,Towers with Radar,0,32,68,0,100,0,3,103,0,106,0,35,171,0,206,158,0,158,364
12/16/2009,MMU,NJ,AEA,EN,Towers with Radar,0,22,43,0,65,0,8,149,0,157,0,30,192,0,222,150,0,150,372
12/17/2009,MMU,NJ,AEA,EN,Towers with Radar,0,39,61,0,100,0,15,186,3,204,0,54,247,3,304,192,0,192,496
12/18/2009,MMU,NJ,AEA,EN,Towers with Radar,0,37,61,1,99,0,4,149,4,157,0,41,210,5,256,158,0,158,414
12/19/2009,MMU,NJ,AEA,EN,Towers with Radar,0,18,28,0,46,0,0,49,0,49,0,18,77,0,95,126,0,126,221
12/20/2009,MMU,NJ,AEA,EN,Towers with Radar,0,9,33,0,42,0,16,38,0,54,0,25,71,0,96,40,0,40,136
12/21/2009,MMU,NJ,AEA,EN,Towers with Radar,0,26,50,0,76,0,10,103,0,113,0,36,153,0,189,94,0,94,283
12/22/2009,MMU,NJ,AEA,EN,Towers with Radar,0,47,44,0,91,0,6,81,0,87,0,53,125,0,178,108,0,108,286
12/23/2009,MMU,NJ,AEA,EN,Towers with Radar,0,22,64,0,86,0,5,188,1,194,0,27,252,1,280,172,0,172,452
12/24/2009,MMU,NJ,AEA,EN,Towers with Radar,0,17,21,0,38,0,7,159,0,166,0,24,180,0,204,186,0,186,390
12/25/2009,MMU,NJ,AEA,EN,Towers with Radar,0,15,14,0,29,0,3,37,1,41,0,18,51,1,70,90,0,90,160
12/26/2009,MMU,NJ,AEA,EN,Towers with Radar,0,33,53,0,86,0,0,0,0,0,0,33,53,0,86,0,0,0,86
12/27/2009,MMU,NJ,AEA,EN,Towers with Radar,0,33,62,0,95,0,18,186,0,204,0,51,248,0,299,228,0,228,527
12/28/2009,MMU,NJ,AEA,EN,Towers with Radar,0,24,20,0,44,0,10,28,1,39,0,34,48,1,83,26,0,26,109
12/29/2009,MMU,NJ,AEA,EN,Towers with Radar,0,21,17,0,38,0,3,51,0,54,0,24,68,0,92,18,0,18,110
12/30/2009,MMU,NJ,AEA,EN,Towers with Radar,0,18,38,0,56,0,8,195,1,204,0,26,233,1,260,278,0,278,538
12/31/2009,MMU,NJ,AEA,EN,Towers with Radar,0,12,24,0,36,0,0,12,0,12,0,12,36,0,48,26,0,26,74
01/01/2010,MMU,NJ,AEA,EN,Towers with Radar,0,21,16,0,37,0,2,97,0,99,0,23,113,0,136,150,0,150,286
01/02/2010,MMU,NJ,AEA,EN,Towers with Radar,0,30,54,0,84,0,14,90,0,104,0,44,144,0,188,8,0,8,196
01/03/2010,MMU,NJ,AEA,EN,Towers with Radar,0,37,67,0,104,0,0,10,0,10,0,37,77,0,114,0,0,0,114
01/04/2010,MMU,NJ,AEA,EN,Towers with Radar,0,24,41,0,65,0,3,102,0,105,0,27,143,0,170,63,0,63,233
01/05/2010,MMU,NJ,AEA,EN,Towers with Radar,0,27,51,0,78,0,5,106,0,111,0,32,157,0,189,66,0,66,255
01/06/2010,MMU,NJ,AEA,EN,Towers with Radar,0,31,34,0,65,0,8,163,4,175,0,39,197,4,240,112,0,112,352
01/07/2010,MMU,NJ,AEA,EN,Towers with Radar,0,32,44,0,76,0,6,140,1,147,0,38,184,1,223,170,0,170,393
01/08/2010,MMU,NJ,AEA,EN,Towers with Radar,0,22,41,0,63,0,0,33,0,33,0,22,74,0,96,28,0,28,124
01/09/2010,MMU,NJ,AEA,EN,Towers with Radar,0,13,23,0,36,0,5,160,0,165,0,18,183,0,201,200,0,200,401
01/10/2010,MMU,NJ,AEA,EN,Towers with Radar,0,25,30,0,55,0,3,163,2,168,0,28,193,2,223,108,0,108,331
01/11/2010,MMU,NJ,AEA,EN,Towers with Radar,0,22,56,0,78,0,3,162,0,165,0,25,218,0,243,160,0,160,403
01/12/2010,MMU,NJ,AEA,EN,Towers with Radar,0,17,39,0,56,0,2,105,0,107,0,19,144,0,163,24,0,24,187
01/13/2010,MMU,NJ,AEA,EN,Towers with Radar,0,15,56,0,71,0,8,159,0,167,0,23,215,0,238,106,0,106,344
01/14/2010,MMU,NJ,AEA,EN,Towers with Radar,0,29,57,0,86,0,0,21,0,21,0,29,78,0,107,0,0,0,107
01/15/2010,MMU,NJ,AEA,EN,Towers with Radar,0,29,53,0,82,0,7,162,1,170,0,36,215,1,252,92,0,92,344
01/16/2010,MMU,NJ,AEA,EN,Towers with Radar,0,22,23,0,45,0,0,181,1,182,0,22,204,1,227,238,0,238,465
01/17/2010,MMU,NJ,AEA,EN,Towers with Radar,0,22,20,0,42,0,0,22,0,22,0,22,42,0,64,60,0,60,124
01/18/2010,MMU,NJ,AEA,EN,Towers with Radar,0,45,65,0,110,0,15,121,0,136,0,60,186,0,246,226,0,226,472
01/19/2010,MMU,NJ,AEA,EN,Towers with Radar,0,27,41,0,68,0,1,44,0,45,0,28,85,0,113,80,0,80,193
01/20/2010,MMU,NJ,AEA,EN,Towers with Radar,0,29,57,0,86,0,8,209,1,218,0,37,266,1,304,126,0,126,430
01/21/2010,MMU,NJ,AEA,EN,Towers with Radar,0,33,37,0,70,0,4,159,0,163,0,37,196,0,233,122,0,122,355
01/22/2010,MMU,NJ,AEA,EN,Towers with Radar,0,19,34,0,53,0,4,180,0,184,0,23,214,0,237,184,0,184,421
01/23/2010,MMU,NJ,AEA,EN,Towers with Radar,0,17,27,0,44,0,3,202,0,205,0,20,229,0,249,250,0,250,499
01/24/2010,MMU,NJ,AEA,EN,Towers with Radar,0,25,73,0,98,0,0,24,0,24,0,25,97,0,122,82,0,82,204
01/25/2010,MMU,NJ,AEA,EN,Towers with Radar,0,23,67,0,90,0,0,5,0,5,0,23,72,0,95,0,0,0,95
01/26/2010,MMU,NJ,AEA,EN,Towers with Radar,0,21,53,1,75,0,1,80,0,81,0,22,133,1,156,10,0,10,166
01/27/2010,MMU,NJ,AEA,EN,Towers with Radar,0,28,68,2,98,0,4,231,5,240,0,32,299,7,338,180,0,180,518
01/28/2010,MMU,NJ,AEA,EN,Towers with Radar,0,33,37,0,70,0,0,2,0,2,0,33,39,0,72,0,0,0,72
01/29/2010,MMU,NJ,AEA,EN,Towers with Radar,0,31,31,0,62,0,5,112,0,117,0,36,143,0,179,14,0,14,193
01/30/2010,MMU,NJ,AEA,EN,Towers with Radar,0,8,21,0,29,0,7,114,0,121,0,15,135,0,150,82,0,82,232
01/31/2010,MMU,NJ,AEA,EN,Towers with Radar,0,27,44,0,71,0,7,174,0,181,0,34,218,0,252,134,0,134,386
02/01/2010,MMU,NJ,AEA,EN,Towers with Radar,0,22,72,1,95,0,12,179,2,193,0,34,251,3,288,100,0,100,388
02/02/2010,MMU,NJ,AEA,EN,Towers with Radar,0,19,31,0,50,0,2,83,0,85,0,21,114,0,135,122,0,122,257
02/03/2010,MMU,NJ,AEA,EN,Towers with Radar,0,21,48,0,69,0,4,124,0,128,0,25,172,0,197,94,0,94,291
02/04/2010,MMU,NJ,AEA,EN,Towers with Radar,0,24,66,0,90,0,2,174,0,176,0,26,240,0,266,194,0,194,460
02/05/2010,MMU,NJ,AEA,EN,Towers with Radar,0,39,54,0,93,0,10,125,0,135,0,49,179,0,228,110,0,110,338
02/06/2010,MMU,NJ,AEA,EN,Towers with Radar,0,6,4,0,10,0,0,8,0,8,0,6,12,0,18,0,0,0,18
02/07/2010,MMU,NJ,AEA,EN,Towers with Radar,0,21,25,0,46,0,5,74,1,80,0,26,99,1,126,38,0,38,164
02/08/2010,MMU,NJ,AEA,EN,Towers with Radar,0,33,43,0,76,0,10,129,0,139,0,43,172,0,215,26,0,26,241
02/09/2010,MMU,NJ,AEA,EN,Towers with Radar,0,48,58,0,106,0,5,109,0,114,0,53,167,0,220,68,0,68,288
02/10/2010,MMU,NJ,AEA,EN,Towers with Radar,0,2,1,0,3,0,0,0,0,0,0,2,1,0,3,0,0,0,3
02/11/2010,MMU,NJ,AEA,EN,Towers with Radar,0,34,76,0,110,0,3,98,0,101,0,37,174,0,211,0,0,0,211
02/12/2010,MMU,NJ,AEA,EN,Towers with Radar,1,43,70,0,114,0,5,240,2,247,1,48,310,2,361,56,0,56,417
02/13/2010,MMU,NJ,AEA,EN,Towers with Radar,0,20,28,0,48,0,4,177,0,181,0,24,205,0,229,182,0,182,411
02/14/2010,MMU,NJ,AEA,EN,Towers with Radar,0,11,33,0,44,0,3,105,0,108,0,14,138,0,152,104,0,104,256
02/15/2010,MMU,NJ,AEA,EN,Towers with Radar,0,42,83,0,125,0,3,163,0,166,0,45,246,0,291,150,0,150,441
02/16/2010,MMU,NJ,AEA,EN,Towers with Radar,0,40,90,0,130,0,1,0,0,1,0,41,90,0,131,0,0,0,131
02/17/2010,MMU,NJ,AEA,EN,Towers with Radar,0,38,54,0,92,0,8,135,2,145,0,46,189,2,237,134,0,134,371
02/18/2010,MMU,NJ,AEA,EN,Towers with Radar,0,31,49,3,83,0,9,191,3,203,0,40,240,6,286,112,0,112,398
02/19/2010,MMU,NJ,AEA,EN,Towers with Radar,0,34,48,0,82,0,5,141,0,146,0,39,189,0,228,62,0,62,290
02/20/2010,MMU,NJ,AEA,EN,Towers with Radar,0,14,35,0,49,0,11,208,0,219,0,25,243,0,268,166,0,166,434
02/21/2010,MMU,NJ,AEA,EN,Towers with Radar,0,31,46,0,77,0,1,186,0,187,0,32,232,0,264,176,0,176,440
02/22/2010,MMU,NJ,AEA,EN,Towers with Radar,0,32,35,1,68,0,8,172,0,180,0,40,207,1,248,116,0,116,364
02/23/2010,MMU,NJ,AEA,EN,Towers with Radar,0,20,37,0,57,0,0,0,0,0,0,20,37,0,57,0,0,0,57
02/24/2010,MMU,NJ,AEA,EN,Towers with Radar,0,33,76,0,109,0,4,107,0,111,0,37,183,0,220,90,0,90,310
02/25/2010,MMU,NJ,AEA,EN,Towers with Radar,0,5,26,0,31,0,0,0,0,0,0,5,26,0,31,0,0,0,31
02/26/2010,MMU,NJ,AEA,EN,Towers with Radar,0,26,37,0,63,0,2,2,0,4,0,28,39,0,67,0,0,0,67
02/27/2010,MMU,NJ,AEA,EN,Towers with Radar,0,17,30,0,47,0,5,142,1,148,0,22,172,1,195,172,0,172,367
02/28/2010,MMU,NJ,AEA,EN,Towers with Radar,0,28,41,0,69,0,2,83,0,85,0,30,124,0,154,92,0,92,246
03/01/2010,MMU,NJ,AEA,EN,Towers with Radar,0,21,36,0,57,0,2,168,0,170,0,23,204,0,227,26,0,26,253
03/02/2010,MMU,NJ,AEA,EN,Towers with Radar,0,29,53,1,83,0,7,133,1,141,0,36,186,2,224,132,0,132,356
03/03/2010,MMU,NJ,AEA,EN,Towers with Radar,0,33,46,1,80,0,2,93,0,95,0,35,139,1,175,26,0,26,201
03/04/2010,MMU,NJ,AEA,EN,Towers with Radar,0,34,60,0,94,0,6,193,1,200,0,40,253,1,294,150,0,150,444
03/05/2010,MMU,NJ,AEA,EN,Towers with Radar,0,32,48,0,80,0,7,175,0,182,0,39,223,0,262,148,0,148,410
03/06/2010,MMU,NJ,AEA,EN,Towers with Radar,0,16,34,0,50,0,4,195,3,202,0,20,229,3,252,200,0,200,452
03/07/2010,MMU,NJ,AEA,EN,Towers with Radar,0,31,34,0,65,0,1,231,0,232,0,32,265,0,297,200,0,200,497
03/08/2010,MMU,NJ,AEA,EN,Towers with Radar,0,25,50,0,75,0,2,220,0,222,0,27,270,0,297,156,0,156,453
03/09/2010,MMU,NJ,AEA,EN,Towers with Radar,0,32,66,0,98,0,7,191,0,198,0,39,257,0,296,170,0,170,466
03/10/2010,MMU,NJ,AEA,EN,Towers with Radar,0,32,56,0,88,0,6,227,0,233,0,38,283,0,321,208,0,208,529
03/11/2010,MMU,NJ,AEA,EN,Towers with Radar,0,30,61,0,91,0,4,199,1,204,0,34,260,1,295,104,0,104,399
03/12/2010,MMU,NJ,AEA,EN,Towers with Radar,0,42,69,0,111,0,1,0,0,1,0,43,69,0,112,0,0,0,112
03/13/2010,MMU,NJ,AEA,EN,Towers with Radar,0,15,17,0,32,0,0,0,0,0,0,15,17,0,32,0,0,0,32
03/14/2010,MMU,NJ,AEA,EN,Towers with Radar,0,47,50,0,97,0,0,0,0,0,0,47,50,0,97,0,0,0,97
03/15/2010,MMU,NJ,AEA,EN,Towers with Radar,0,18,46,0,64,0,0,19,0,19,0,18,65,0,83,0,0,0,83
03/16/2010,MMU,NJ,AEA,EN,Towers with Radar,0,26,63,0,89,0,2,126,0,128,0,28,189,0,217,20,0,20,237
03/17/2010,MMU,NJ,AEA,EN,Towers with Radar,0,33,65,0,98,0,20,131,0,151,0,53,196,0,249,168,0,168,417
03/18/2010,MMU,NJ,AEA,EN,Towers with Radar,0,22,68,0,90,0,4,156,0,160,0,26,224,0,250,202,0,202,452
03/19/2010,MMU,NJ,AEA,EN,Towers with Radar,0,24,65,2,91,0,5,208,3,216,0,29,273,5,307,218,0,218,525
03/20/2010,MMU,NJ,AEA,EN,Towers with Radar,0,19,34,0,53,0,2,311,1,314,0,21,345,1,367,330,0,330,697
03/21/2010,MMU,NJ,AEA,EN,Towers with Radar,0,34,44,0,78,0,0,211,2,213,0,34,255,2,291,178,0,178,469
03/22/2010,MMU,NJ,AEA,EN,Towers with Radar,0,21,83,0,104,0,0,0,0,0,0,21,83,0,104,0,0,0,104
03/23/2010,MMU,NJ,AEA,EN,Towers with Radar,0,25,59,0,84,0,0,1,0,1,0,25,60,0,85,0,0,0,85
03/24/2010,MMU,NJ,AEA,EN,Towers with Radar,0,28,66,2,96,0,11,111,1,123,0,39,177,3,219,136,0,136,355
03/25/2010,MMU,NJ,AEA,EN,Towers with Radar,0,52,77,0,129,0,5,214,0,219,0,57,291,0,348,172,0,172,520
03/26/2010,MMU,NJ,AEA,EN,Towers with Radar,0,32,53,0,85,0,3,153,1,157,0,35,206,1,242,96,0,96,338
03/27/2010,MMU,NJ,AEA,EN,Towers with Radar,0,20,37,0,57,0,2,255,0,257,0,22,292,0,314,182,0,182,496
03/28/2010,MMU,NJ,AEA,EN,Towers with Radar,0,26,65,0,91,0,1,77,0,78,0,27,142,0,169,106,0,106,275
03/29/2010,MMU,NJ,AEA,EN,Towers with Radar,1,24,41,0,66,0,0,0,0,0,1,24,41,0,66,0,0,0,66
03/30/2010,MMU,NJ,AEA,EN,Towers with Radar,0,21,46,0,67,0,0,0,0,0,0,21,46,0,67,0,0,0,67
03/31/2010,MMU,NJ,AEA,EN,Towers with Radar,0,33,67,0,100,0,12,180,3,195,0,45,247,3,295,144,0,144,439
04/01/2010,MMU,NJ,AEA,EN,Towers with Radar,0,34,76,0,110,0,6,221,1,228,0,40,297,1,338,183,0,183,521
04/02/2010,MMU,NJ,AEA,EN,Towers with Radar,0,20,38,0,58,0,13,222,0,235,0,33,260,0,293,216,0,216,509
04/03/2010,MMU,NJ,AEA,EN,Towers with Radar,0,14,24,0,38,0,1,302,0,303,0,15,326,0,341,118,0,118,459
04/04/2010,MMU,NJ,AEA,EN,Towers with Radar,0,33,32,0,65,0,4,177,0,181,0,37,209,0,246,72,0,72,318
04/05/2010,MMU,NJ,AEA,EN,Towers with Radar,1,36,57,0,94,0,7,205,0,212,1,43,262,0,306,82,0,82,388
04/06/2010,MMU,NJ,AEA,EN,Towers with Radar,0,29,66,0,95,0,2,155,1,158,0,31,221,1,253,186,0,186,439
04/07/2010,MMU,NJ,AEA,EN,Towers with Radar,0,37,69,2,108,0,11,189,1,201,0,48,258,3,309,184,0,184,493
04/08/2010,MMU,NJ,AEA,EN,Towers with Radar,0,37,66,0,103,0,12,213,0,225,0,49,279,0,328,202,0,202,530
04/09/2010,MMU,NJ,AEA,EN,Towers with Radar,0,21,66,0,87,0,10,218,1,229,0,31,284,1,316,164,0,164,480
04/10/2010,MMU,NJ,AEA,EN,Towers with Radar,0,18,33,0,51,0,5,192,0,197,0,23,225,0,248,158,0,158,406
04/11/2010,MMU,NJ,AEA,EN,Towers with Radar,0,28,57,0,85,0,4,242,5,251,0,32,299,5,336,166,0,166,502
04/12/2010,MMU,NJ,AEA,EN,Towers with Radar,0,37,50,0,87,0,5,167,0,172,0,42,217,0,259,132,0,132,391
04/13/2010,MMU,NJ,AEA,EN,Towers with Radar,0,26,70,0,96,0,7,163,2,172,0,33,233,2,268,124,0,124,392
04/14/2010,MMU,NJ,AEA,EN,Towers with Radar,0,26,65,0,91,0,6,183,1,190,0,32,248,1,281,180,0,180,461
04/15/2010,MMU,NJ,AEA,EN,Towers with Radar,0,35,46,0,81,0,5,217,0,222,0,40,263,0,303,320,0,320,623
04/16/2010,MMU,NJ,AEA,EN,Towers with Radar,0,31,68,0,99,0,4,154,1,159,0,35,222,1,258,116,0,116,374
04/17/2010,MMU,NJ,AEA,EN,Towers with Radar,0,8,32,0,40,0,2,180,0,182,0,10,212,0,222,136,0,136,358
04/18/2010,MMU,NJ,AEA,EN,Towers with Radar,0,29,36,4,69,0,6,165,0,171,0,35,201,4,240,86,0,86,326
04/19/2010,MMU,NJ,AEA,EN,Towers with Radar,0,28,41,0,69,0,4,134,0,138,0,32,175,0,207,78,0,78,285
04/20/2010,MMU,NJ,AEA,EN,Towers with Radar,0,19,59,0,78,0,3,170,5,178,0,22,229,5,256,102,0,102,358
04/21/2010,MMU,NJ,AEA,EN,Towers with Radar,0,40,56,0,96,0,7,160,0,167,0,47,216,0,263,146,0,146,409
04/22/2010,MMU,NJ,AEA,EN,Towers with Radar,0,26,76,0,102,0,3,139,0,142,0,29,215,0,244,88,0,88,332
04/23/2010,MMU,NJ,AEA,EN,Towers with Radar,0,41,78,0,119,0,9,214,2,225,0,50,292,2,344,170,0,170,514
04/24/2010,MMU,NJ,AEA,EN,Towers with Radar,0,20,37,0,57,0,3,228,2,233,0,23,265,2,290,226,0,226,516
04/25/2010,MMU,NJ,AEA,EN,Towers with Radar,0,29,70,0,99,0,0,0,0,0,0,29,70,0,99,0,0,0,99
04/26/2010,MMU,NJ,AEA,EN,Towers with Radar,0,35,66,0,101,0,0,0,0,0,0,35,66,0,101,0,0,0,101
04/27/2010,MMU,NJ,AEA,EN,Towers with Radar,0,24,82,0,106,0,2,85,0,87,0,26,167,0,193,18,0,18,211
04/28/2010,MMU,NJ,AEA,EN,Towers with Radar,0,22,68,0,90,0,5,159,0,164,0,27,227,0,254,56,0,56,310
04/29/2010,MMU,NJ,AEA,EN,Towers with Radar,0,35,58,2,95,0,2,156,1,159,0,37,214,3,254,162,0,162,416
04/30/2010,MMU,NJ,AEA,EN,Towers with Radar,0,46,57,0,103,0,1,197,1,199,0,47,254,1,302,174,0,174,476
05/01/2010,MMU,NJ,AEA,EN,Towers with Radar,0,18,46,0,64,0,8,270,3,281,0,26,316,3,345,244,24,268,613
05/02/2010,MMU,NJ,AEA,EN,Towers with Radar,0,38,93,0,131,0,11,181,0,192,0,49,274,0,323,164,0,164,487
05/03/2010,MMU,NJ,AEA,EN,Towers with Radar,0,23,60,0,83,0,4,24,0,28,0,27,84,0,111,14,0,14,125
05/04/2010,MMU,NJ,AEA,EN,Towers with Radar,0,24,65,0,89,0,2,106,1,109,0,26,171,1,198,18,0,18,216
05/05/2010,MMU,NJ,AEA,EN,Towers with Radar,0,30,65,0,95,0,5,211,2,218,0,35,276,2,313,206,0,206,519
05/06/2010,MMU,NJ,AEA,EN,Towers with Radar,0,49,55,2,106,0,4,153,1,158,0,53,208,3,264,170,0,170,434
05/07/2010,MMU,NJ,AEA,EN,Towers with Radar,0,38,68,0,106,0,0,177,0,177,0,38,245,0,283,132,0,132,415
05/08/2010,MMU,NJ,AEA,EN,Towers with Radar,0,21,41,0,62,0,6,89,0,95,0,27,130,0,157,46,0,46,203
05/09/2010,MMU,NJ,AEA,EN,Towers with Radar,0,32,37,0,69,0,2,39,0,41,0,34,76,0,110,0,0,0,110
05/10/2010,MMU,NJ,AEA,EN,Towers with Radar,0,26,60,0,86,0,0,138,1,139,0,26,198,1,225,0,0,0,225
05/11/2010,MMU,NJ,AEA,EN,Towers with Radar,0,23,66,0,89,0,3,180,1,184,0,26,246,1,273,172,0,172,445
05/12/2010,MMU,NJ,AEA,EN,Towers with Radar,0,27,71,0,98,0,0,0,0,0,0,27,71,0,98,0,0,0,98
05/13/2010,MMU,NJ,AEA,EN,Towers with Radar,0,48,92,0,140,0,8,148,1,157,0,56,240,1,297,70,0,70,367
05/14/2010,MMU,NJ,AEA,EN,Towers with Radar,0,21,57,0,78,0,4,57,0,61,0,25,114,0,139,24,0,24,163
05/15/2010,MMU,NJ,AEA,EN,Towers with Radar,0,20,29,0,49,0,2,160,0,162,0,22,189,0,211,92,0,92,303
05/16/2010,MMU,NJ,AEA,EN,Towers with Radar,0,25,50,0,75,0,9,253,0,262,0,34,303,0,337,224,34,258,595
05/17/2010,MMU,NJ,AEA,EN,Towers with Radar,0,18,56,0,74,0,15,106,4,125,0,33,162,4,199,210,0,210,409
05/18/2010,MMU,NJ,AEA,EN,Towers with Radar,1,26,108,0,135,0,0,8,0,8,1,26,116,0,143,0,0,0,143
05/19/2010,MMU,NJ,AEA,EN,Towers with Radar,0,25,69,0,94,0,10,134,0,144,0,35,203,0,238,222,0,222,460
05/20/2010,MMU,NJ,AEA,EN,Towers with Radar,0,29,65,0,94,0,2,210,0,212,0,31,275,0,306,212,0,212,518
05/21/2010,MMU,NJ,AEA,EN,Towers with Radar,0,30,74,2,106,0,7,231,2,240,0,37,305,4,346,142,0,142,488
05/22/2010,MMU,NJ,AEA,EN,Towers with Radar,0,12,14,0,26,0,10,122,0,132,0,22,136,0,158,186,0,186,344
05/23/2010,MMU,NJ,AEA,EN,Towers with Radar,0,12,50,0,62,0,0,43,0,43,0,12,93,0,105,134,0,134,239
05/24/2010,MMU,NJ,AEA,EN,Towers with Radar,0,27,53,1,81,0,30,28,0,58,0,57,81,1,139,88,0,88,227
05/25/2010,MMU,NJ,AEA,EN,Towers with Radar,0,39,55,0,94,0,7,142,2,151,0,46,197,2,245,156,0,156,401
05/26/2010,MMU,NJ,AEA,EN,Towers with Radar,0,20,74,0,94,0,4,198,2,204,0,24,272,2,298,128,42,170,468
05/27/2010,MMU,NJ,AEA,EN,Towers with Radar,0,37,55,0,92,0,3,143,0,146,0,40,198,0,238,108,0,108,346
05/28/2010,MMU,NJ,AEA,EN,Towers with Radar,0,34,65,0,99,0,16,233,3,252,0,50,298,3,351,240,22,262,613
05/29/2010,MMU,NJ,AEA,EN,Towers with Radar,0,13,31,0,44,0,0,129,0,129,0,13,160,0,173,216,0,216,389
05/30/2010,MMU,NJ,AEA,EN,Towers with Radar,0,15,24,0,39,0,1,222,1,224,0,16,246,1,263,242,0,242,505
05/31/2010,MMU,NJ,AEA,EN,Towers with Radar,0,34,62,0,96,0,4,197,1,202,0,38,259,1,298,204,0,204,502
06/01/2010,MMU,NJ,AEA,EN,Towers with Radar,0,43,68,0,111,0,15,115,0,130,0,58,183,0,241,86,0,86,327
06/02/2010,MMU,NJ,AEA,EN,Towers with Radar,0,34,57,0,91,0,3,233,3,239,0,37,290,3,330,232,0,232,562
06/03/2010,MMU,NJ,AEA,EN,Towers with Radar,0,38,89,0,127,0,7,153,0,160,0,45,242,0,287,188,18,206,493
06/04/2010,MMU,NJ,AEA,EN,Towers with Radar,0,42,50,0,92,0,5,240,0,245,0,47,290,0,337,138,0,138,475
06/05/2010,MMU,NJ,AEA,EN,Towers with Radar,0,15,30,0,45,0,1,185,0,186,0,16,215,0,231,206,0,206,437
06/06/2010,MMU,NJ,AEA,EN,Towers with Radar,0,29,40,0,69,0,24,206,0,230,0,53,246,0,299,174,0,174,473
06/07/2010,MMU,NJ,AEA,EN,Towers with Radar,0,22,83,0,105,0,9,226,1,236,0,31,309,1,341,156,0,156,497
06/08/2010,MMU,NJ,AEA,EN,Towers with Radar,0,18,70,0,88,0,4,130,0,134,0,22,200,0,222,118,0,118,340
06/09/2010,MMU,NJ,AEA,EN,Towers with Radar,0,31,82,2,115,0,1,70,1,72,0,32,152,3,187,0,0,0,187
06/10/2010,MMU,NJ,AEA,EN,Towers with Radar,0,39,64,0,103,0,2,94,0,96,0,41,158,0,199,78,0,78,277
06/11/2010,MMU,NJ,AEA,EN,Towers with Radar,0,27,56,0,83,0,4,237,2,243,0,31,293,2,326,230,0,230,556
06/12/2010,MMU,NJ,AEA,EN,Towers with Radar,0,12,51,0,63,0,5,146,0,151,0,17,197,0,214,150,0,150,364
06/13/2010,MMU,NJ,AEA,EN,Towers with Radar,0,27,49,0,76,0,0,76,1,77,0,27,125,1,153,42,0,42,195
06/14/2010,MMU,NJ,AEA,EN,Towers with Radar,0,26,71,0,97,0,3,43,0,46,0,29,114,0,143,38,0,38,181
06/15/2010,MMU,NJ,AEA,EN,Towers with Radar,0,18,58,0,76,0,10,150,0,160,0,28,208,0,236,158,0,158,394
06/16/2010,MMU,NJ,AEA,EN,Towers with Radar,0,30,64,0,94,0,2,123,1,126,0,32,187,1,220,106,0,106,326
06/17/2010,MMU,NJ,AEA,EN,Towers with Radar,0,34,88,0,122,0,0,171,0,171,0,34,259,0,293,154,0,154,447
06/18/2010,MMU,NJ,AEA,EN,Towers with Radar,0,28,60,0,88,0,9,276,0,285,0,37,336,0,373,198,0,198,571
06/19/2010,MMU,NJ,AEA,EN,Towers with Radar,0,13,37,0,50,0,4,237,0,241,0,17,274,0,291,250,0,250,541
06/20/2010,MMU,NJ,AEA,EN,Towers with Radar,0,18,52,0,70,0,15,169,5,189,0,33,221,5,259,204,0,204,463
06/21/2010,MMU,NJ,AEA,EN,Towers with Radar,0,25,69,0,94,0,11,207,0,218,0,36,276,0,312,208,0,208,520
06/22/2010,MMU,NJ,AEA,EN,Towers with Radar,0,32,63,2,97,0,1,131,0,132,0,33,194,2,229,78,0,78,307
06/23/2010,MMU,NJ,AEA,EN,Towers with Radar,0,39,71,0,110,0,9,182,0,191,0,48,253,0,301,210,0,210,511
06/24/2010,MMU,NJ,AEA,EN,Towers with Radar,0,22,55,2,79,0,6,162,0,168,0,28,217,2,247,182,0,182,429
06/25/2010,MMU,NJ,AEA,EN,Towers with Radar,0,28,65,0,93,0,4,207,0,211,0,32,272,0,304,156,0,156,460
06/26/2010,MMU,NJ,AEA,EN,Towers with Radar,0,12,32,0,44,0,3,192,3,198,0,15,224,3,242,146,0,146,388
06/27/2010,MMU,NJ,AEA,EN,Towers with Radar,0,27,48,0,75,0,4,182,2,188,0,31,230,2,263,190,0,190,453
06/28/2010,MMU,NJ,AEA,EN,Towers with Radar,0,26,38,0,64,0,0,163,0,163,0,26,201,0,227,74,0,74,301
06/29/2010,MMU,NJ,AEA,EN,Towers with Radar,0,26,64,0,90,0,4,156,1,161,0,30,220,1,251,66,0,66,317
06/30/2010,MMU,NJ,AEA,EN,Towers with Radar,0,38,73,0,111,0,3,208,0,211,0,41,281,0,322,122,0,122,444
07/01/2010,MMU,NJ,AEA,EN,Towers with Radar,0,37,67,0,104,0,3,244,0,247,0,40,311,0,351,140,0,140,491
07/02/2010,MMU,NJ,AEA,EN,Towers with Radar,0,38,40,2,80,0,3,221,4,228,0,41,261,6,308,208,6,214,522
07/03/2010,MMU,NJ,AEA,EN,Towers with Radar,0,8,22,0,30,0,13,171,0,184,0,21,193,0,214,190,0,190,404
07/04/2010,MMU,NJ,AEA,EN,Towers with Radar,0,9,16,0,25,0,0,141,0,141,0,9,157,0,166,182,0,182,348
07/05/2010,MMU,NJ,AEA,EN,Towers with Radar,0,27,43,0,70,0,0,39,0,39,0,27,82,0,109,0,0,0,109
07/06/2010,MMU,NJ,AEA,EN,Towers with Radar,0,38,61,0,99,0,3,146,1,150,0,41,207,1,249,128,0,128,377
07/07/2010,MMU,NJ,AEA,EN,Towers with Radar,0,30,68,0,98,0,3,164,1,168,0,33,232,1,266,160,16,176,442
07/08/2010,MMU,NJ,AEA,EN,Towers with Radar,0,23,63,0,86,0,2,126,0,128,0,25,189,0,214,94,6,100,314
07/09/2010,MMU,NJ,AEA,EN,Towers with Radar,0,30,60,0,90,0,5,154,0,159,0,35,214,0,249,170,0,170,419
07/10/2010,MMU,NJ,AEA,EN,Towers with Radar,0,22,59,0,81,0,0,11,0,11,0,22,70,0,92,10,0,10,102
07/11/2010,MMU,NJ,AEA,EN,Towers with Radar,0,53,105,0,158,0,3,185,1,189,0,56,290,1,347,222,0,222,569
07/12/2010,MMU,NJ,AEA,EN,Towers with Radar,0,22,62,0,84,0,4,125,2,131,0,26,187,2,215,70,8,78,293
07/13/2010,MMU,NJ,AEA,EN,Towers with Radar,0,31,82,0,113,0,0,36,0,36,0,31,118,0,149,34,0,34,183
07/14/2010,MMU,NJ,AEA,EN,Towers with Radar,0,33,62,0,95,0,0,5,0,5,0,33,67,0,100,0,0,0,100
07/15/2010,MMU,NJ,AEA,EN,Towers with Radar,0,38,68,0,106,0,1,140,0,141,0,39,208,0,247,122,0,122,369
07/16/2010,MMU,NJ,AEA,EN,Towers with Radar,0,36,69,0,105,0,2,141,0,143,0,38,210,0,248,252,0,252,500
07/17/2010,MMU,NJ,AEA,EN,Towers with Radar,0,13,36,1,50,0,7,197,0,204,0,20,233,1,254,206,0,206,460
07/18/2010,MMU,NJ,AEA,EN,Towers with Radar,0,27,43,0,70,0,6,187,0,193,0,33,230,0,263,261,0,261,524
07/19/2010,MMU,NJ,AEA,EN,Towers with Radar,0,33,69,0,102,0,6,77,0,83,0,39,146,0,185,42,0,42,227
07/20/2010,MMU,NJ,AEA,EN,Towers with Radar,0,23,57,0,80,0,1,99,0,100,0,24,156,0,180,156,0,156,336
07/21/2010,MMU,NJ,AEA,EN,Towers with Radar,0,17,77,0,94,0,8,151,0,159,0,25,228,0,253,168,0,168,421
07/22/2010,MMU,NJ,AEA,EN,Towers with Radar,0,22,49,0,71,0,11,180,0,191,0,33,229,0,262,198,0,198,460
07/23/2010,MMU,NJ,AEA,EN,Towers with Radar,0,43,49,0,92,0,5,147,0,152,0,48,196,0,244,156,0,156,400
07/24/2010,MMU,NJ,AEA,EN,Towers with Radar,0,12,44,0,56,0,7,153,0,160,0,19,197,0,216,204,0,204,420
07/25/2010,MMU,NJ,AEA,EN,Towers with Radar,0,34,48,0,82,0,2,160,3,165,0,36,208,3,247,20,0,20,267
07/26/2010,MMU,NJ,AEA,EN,Towers with Radar,1,25,51,0,77,0,5,169,0,174,1,30,220,0,251,68,0,68,319
07/27/2010,MMU,NJ,AEA,EN,Towers with Radar,0,24,81,0,105,0,1,119,0,120,0,25,200,0,225,96,0,96,321
07/28/2010,MMU,NJ,AEA,EN,Towers with Radar,0,32,95,0,127,0,3,64,0,67,0,35,159,0,194,52,0,52,246
07/29/2010,MMU,NJ,AEA,EN,Towers with Radar,0,25,77,0,102,0,4,124,0,128,0,29,201,0,230,132,0,132,362
07/30/2010,MMU,NJ,AEA,EN,Towers with Radar,0,48,65,0,113,0,5,232,2,239,0,53,297,2,352,154,0,154,506
07/31/2010,MMU,NJ,AEA,EN,Towers with Radar,0,10,41,0,51,0,6,160,0,166,0,16,201,0,217,152,0,152,369
08/01/2010,MMU,NJ,AEA,EN,Towers with Radar,0,19,44,0,63,0,5,69,1,75,0,24,113,1,138,16,0,16,154
08/02/2010,MMU,NJ,AEA,EN,Towers with Radar,0,26,64,0,90,0,8,137,0,145,0,34,201,0,235,82,0,82,317
08/03/2010,MMU,NJ,AEA,EN,Towers with Radar,0,32,50,0,82,0,5,141,1,147,0,37,191,1,229,166,0,166,395
08/04/2010,MMU,NJ,AEA,EN,Towers with Radar,0,23,68,0,91,0,4,183,0,187,0,27,251,0,278,148,0,148,426
08/05/2010,MMU,NJ,AEA,EN,Towers with Radar,0,25,57,0,82,0,5,166,0,171,0,30,223,0,253,124,0,124,377
08/06/2010,MMU,NJ,AEA,EN,Towers with Radar,0,41,68,0,109,0,12,228,0,240,0,53,296,0,349,176,0,176,525
08/07/2010,MMU,NJ,AEA,EN,Towers with Radar,0,14,34,0,48,0,9,246,0,255,0,23,280,0,303,162,0,162,465
08/08/2010,MMU,NJ,AEA,EN,Towers with Radar,0,24,51,0,75,0,2,165,0,167,0,26,216,0,242,112,0,112,354
08/09/2010,MMU,NJ,AEA,EN,Towers with Radar,0,43,63,0,106,0,3,145,0,148,0,46,208,0,254,158,0,158,412
08/10/2010,MMU,NJ,AEA,EN,Towers with Radar,0,28,53,0,81,0,5,80,0,85,0,33,133,0,166,24,0,24,190
08/11/2010,MMU,NJ,AEA,EN,Towers with Radar,0,31,71,0,102,0,4,144,6,154,0,35,215,6,256,102,0,102,358
08/12/2010,MMU,NJ,AEA,EN,Towers with Radar,0,31,62,0,93,0,4,123,0,127,0,35,185,0,220,76,0,76,296
08/13/2010,MMU,NJ,AEA,EN,Towers with Radar,0,34,44,0,78,0,8,185,2,195,0,42,229,2,273,228,0,228,501
08/14/2010,MMU,NJ,AEA,EN,Towers with Radar,0,24,37,0,61,0,7,230,0,237,0,31,267,0,298,108,0,108,406
08/15/2010,MMU,NJ,AEA,EN,Towers with Radar,0,35,81,0,116,0,0,88,0,88,0,35,169,0,204,206,0,206,410
08/16/2010,MMU,NJ,AEA,EN,Towers with Radar,0,35,72,0,107,0,0,29,0,29,0,35,101,0,136,37,0,37,173
08/17/2010,MMU,NJ,AEA,EN,Towers with Radar,0,34,59,0,93,0,3,126,0,129,0,37,185,0,222,146,0,146,368
08/18/2010,MMU,NJ,AEA,EN,Towers with Radar,0,27,63,0,90,0,2,159,0,161,0,29,222,0,251,164,0,164,415
08/19/2010,MMU,NJ,AEA,EN,Towers with Radar,0,56,65,0,121,0,4,204,0,208,0,60,269,0,329,194,0,194,523
08/20/2010,MMU,NJ,AEA,EN,Towers with Radar,0,37,57,0,94,0,8,169,0,177,0,45,226,0,271,156,0,156,427
08/21/2010,MMU,NJ,AEA,EN,Towers with Radar,0,19,41,0,60,0,5,239,0,244,0,24,280,0,304,146,0,146,450
08/22/2010,MMU,NJ,AEA,EN,Towers with Radar,0,45,71,0,116,0,0,3,0,3,0,45,74,0,119,0,0,0,119
08/23/2010,MMU,NJ,AEA,EN,Towers with Radar,0,27,78,0,105,0,0,5,0,5,0,27,83,0,110,0,0,0,110
08/24/2010,MMU,NJ,AEA,EN,Towers with Radar,0,37,40,0,77,0,0,42,3,45,0,37,82,3,122,50,0,50,172
08/25/2010,MMU,NJ,AEA,EN,Towers with Radar,0,26,66,0,92,0,2,40,0,42,0,28,106,0,134,12,0,12,146
08/26/2010,MMU,NJ,AEA,EN,Towers with Radar,0,39,56,0,95,0,16,208,1,225,0,55,264,1,320,152,0,152,472
08/27/2010,MMU,NJ,AEA,EN,Towers with Radar,0,26,45,0,71,0,6,199,0,205,0,32,244,0,276,166,0,166,442
08/28/2010,MMU,NJ,AEA,EN,Towers with Radar,0,22,33,0,55,0,3,185,0,188,0,25,218,0,243,132,0,132,375
08/29/2010,MMU,NJ,AEA,EN,Towers with Radar,0,28,39,0,67,0,3,210,0,213,0,31,249,0,280,220,0,220,500
08/30/2010,MMU,NJ,AEA,EN,Towers with Radar,0,30,56,0,86,0,3,127,2,132,0,33,183,2,218,114,0,114,332
08/31/2010,MMU,NJ,AEA,EN,Towers with Radar,0,18,40,0,58,0,1,123,0,124,0,19,163,0,182,128,0,128,310
09/01/2010,MMU,NJ,AEA,EN,Towers with Radar,0,26,69,0,95,0,11,127,2,140,0,37,196,2,235,64,6,70,305
09/02/2010,MMU,NJ,AEA,EN,Towers with Radar,0,45,66,0,111,0,1,136,3,140,0,46,202,3,251,112,0,112,363
09/03/2010,MMU,NJ,AEA,EN,Towers with Radar,0,28,51,0,79,0,5,95,1,101,0,33,146,1,180,16,0,16,196
09/04/2010,MMU,NJ,AEA,EN,Towers with Radar,0,21,38,0,59,0,4,86,0,90,0,25,124,0,149,34,0,34,183
09/05/2010,MMU,NJ,AEA,EN,Towers with Radar,0,15,20,0,35,0,1,82,0,83,0,16,102,0,118,106,0,106,224
09/06/2010,MMU,NJ,AEA,EN,Towers with Radar,0,39,47,0,86,0,1,152,0,153,0,40,199,0,239,160,0,160,399
09/07/2010,MMU,NJ,AEA,EN,Towers with Radar,0,22,69,0,91,0,1,132,0,133,0,23,201,0,224,56,0,56,280
09/08/2010,MMU,NJ,AEA,EN,Towers with Radar,0,34,62,0,96,0,8,83,0,91,0,42,145,0,187,50,0,50,237
09/09/2010,MMU,NJ,AEA,EN,Towers with Radar,0,20,63,0,83,0,6,90,0,96,0,26,153,0,179,36,0,36,215
09/10/2010,MMU,NJ,AEA,EN,Towers with Radar,0,35,53,0,88,0,2,141,1,144,0,37,194,1,232,77,0,77,309
09/11/2010,MMU,NJ,AEA,EN,Towers with Radar,0,14,21,0,35,0,1,145,2,148,0,15,166,2,183,142,0,142,325
09/12/2010,MMU,NJ,AEA,EN,Towers with Radar,0,33,78,0,111,0,1,47,0,48,0,34,125,0,159,10,0,10,169
09/13/2010,MMU,NJ,AEA,EN,Towers with Radar,0,34,58,0,92,0,3,47,0,50,0,37,105,0,142,16,0,16,158
09/14/2010,MMU,NJ,AEA,EN,Towers with Radar,0,27,73,0,100,0,2,114,0,116,0,29,187,0,216,106,0,106,322
09/15/2010,MMU,NJ,AEA,EN,Towers with Radar,0,27,73,0,100,0,3,111,3,117,0,30,184,3,217,88,0,88,305
09/16/2010,MMU,NJ,AEA,EN,Towers with Radar,0,27,78,0,105,0,1,25,0,26,0,28,103,0,131,0,0,0,131
09/17/2010,MMU,NJ,AEA,EN,Towers with Radar,0,45,65,0,110,0,1,130,2,133,0,46,195,2,243,88,0,88,331
09/18/2010,MMU,NJ,AEA,EN,Towers with Radar,0,6,32,0,38,0,4,164,0,168,0,10,196,0,206,72,0,72,278
09/19/2010,MMU,NJ,AEA,EN,Towers with Radar,0,29,50,0,79,0,3,213,0,216,0,32,263,0,295,142,0,142,437
09/20/2010,MMU,NJ,AEA,EN,Towers with Radar,0,35,59,0,94,0,3,99,0,102,0,38,158,0,196,28,0,28,224
09/21/2010,MMU,NJ,AEA,EN,Towers with Radar,0,42,64,0,106,0,3,131,5,139,0,45,195,5,245,112,0,112,357
09/22/2010,MMU,NJ,AEA,EN,Towers with Radar,0,25,61,0,86,0,1,51,0,52,0,26,112,0,138,8,0,8,146
09/23/2010,MMU,NJ,AEA,EN,Towers with Radar,0,45,88,0,133,0,0,49,0,49,0,45,137,0,182,0,0,0,182
09/24/2010,MMU,NJ,AEA,EN,Towers with Radar,0,31,88,0,119,0,0,45,0,45,0,31,133,0,164,0,0,0,164
09/25/2010,MMU,NJ,AEA,EN,Towers with Radar,0,6,32,0,38,0,0,148,0,148,0,6,180,0,186,72,0,72,258
09/26/2010,MMU,NJ,AEA,EN,Towers with Radar,0,30,54,0,84,0,0,167,0,167,0,30,221,0,251,100,0,100,351
09/27/2010,MMU,NJ,AEA,EN,Towers with Radar,0,38,72,0,110,0,0,0,0,0,0,38,72,0,110,0,0,0,110
09/28/2010,MMU,NJ,AEA,EN,Towers with Radar,0,50,76,0,126,0,2,14,0,16,0,52,90,0,142,0,0,0,142
09/29/2010,MMU,NJ,AEA,EN,Towers with Radar,0,34,87,0,121,0,5,111,0,116,0,39,198,0,237,46,0,46,283
09/30/2010,MMU,NJ,AEA,EN,Towers with Radar,0,21,40,0,61,0,0,0,0,0,0,21,40,0,61,0,0,0,61
10/01/2010,MMU,NJ,AEA,EN,Towers with Radar,0,52,82,0,134,0,1,15,0,16,0,53,97,0,150,16,0,16,166
10/02/2010,MMU,NJ,AEA,EN,Towers with Radar,0,18,26,0,44,0,1,165,0,166,0,19,191,0,210,174,0,174,384
10/03/2010,MMU,NJ,AEA,EN,Towers with Radar,0,36,50,0,86,0,1,174,0,175,0,37,224,0,261,76,0,76,337
10/04/2010,MMU,NJ,AEA,EN,Towers with Radar,0,33,60,0,93,0,0,21,0,21,0,33,81,0,114,14,0,14,128
10/05/2010,MMU,NJ,AEA,EN,Towers with Radar,1,30,68,0,99,0,0,12,0,12,1,30,80,0,111,0,0,0,111
10/06/2010,MMU,NJ,AEA,EN,Towers with Radar,0,30,81,0,111,0,0,75,0,75,0,30,156,0,186,56,0,56,242
10/07/2010,MMU,NJ,AEA,EN,Towers with Radar,0,33,71,0,104,0,3,137,0,140,0,36,208,0,244,50,0,50,294
10/08/2010,MMU,NJ,AEA,EN,Towers with Radar,0,56,65,0,121,0,7,221,0,228,0,63,286,0,349,110,0,110,459
10/09/2010,MMU,NJ,AEA,EN,Towers with Radar,0,35,34,0,69,0,6,174,0,180,0,41,208,0,249,128,0,128,377
10/10/2010,MMU,NJ,AEA,EN,Towers with Radar,0,35,49,0,84,0,6,184,0,190,0,41,233,0,274,122,0,122,396
10/11/2010,MMU,NJ,AEA,EN,Towers with Radar,0,34,46,0,80,0,1,140,0,141,0,35,186,0,221,72,0,72,293
10/12/2010,MMU,NJ,AEA,EN,Towers with Radar,0,36,58,0,94,0,1,72,0,73,0,37,130,0,167,34,0,34,201
10/13/2010,MMU,NJ,AEA,EN,Towers with Radar,0,30,69,0,99,0,11,144,1,156,0,41,213,1,255,125,0,125,380
10/14/2010,MMU,NJ,AEA,EN,Towers with Radar,0,49,68,1,118,0,3,97,0,100,0,52,165,1,218,32,2,34,252
10/15/2010,MMU,NJ,AEA,EN,Towers with Radar,0,40,49,0,89,0,0,52,0,52,0,40,101,0,141,36,0,36,177
10/16/2010,MMU,NJ,AEA,EN,Towers with Radar,0,18,24,0,42,0,6,24,0,30,0,24,48,0,72,16,0,16,88
10/17/2010,MMU,NJ,AEA,EN,Towers with Radar,0,31,49,0,80,0,2,171,0,173,0,33,220,0,253,56,0,56,309
10/18/2010,MMU,NJ,AEA,EN,Towers with Radar,0,31,63,0,94,0,3,129,2,134,0,34,192,2,228,60,0,60,288
10/19/2010,MMU,NJ,AEA,EN,Towers with Radar,0,24,65,0,89,0,3,113,2,118,0,27,178,2,207,0,0,0,207
10/20/2010,MMU,NJ,AEA,EN,Towers with Radar,0,27,60,0,87,0,4,168,2,174,0,31,228,2,261,102,0,102,363
10/21/2010,MMU,NJ,AEA,EN,Towers with Radar,0,42,75,0,117,0,3,140,0,143,0,45,215,0,260,0,0,0,260
10/22/2010,MMU,NJ,AEA,EN,Towers with Radar,0,37,66,0,103,0,1,194,0,195,0,38,260,0,298,104,0,104,402
10/23/2010,MMU,NJ,AEA,EN,Towers with Radar,0,13,42,0,55,0,2,199,0,201,0,15,241,0,256,114,0,114,370
10/24/2010,MMU,NJ,AEA,EN,Towers with Radar,0,18,55,0,73,0,0,142,0,142,0,18,197,0,215,158,0,158,373
10/25/2010,MMU,NJ,AEA,EN,Towers with Radar,0,28,52,1,81,0,4,75,0,79,0,32,127,1,160,88,0,88,248
10/26/2010,MMU,NJ,AEA,EN,Towers with Radar,0,18,51,0,69,0,0,44,0,44,0,18,95,0,113,32,0,32,145
10/27/2010,MMU,NJ,AEA,EN,Towers with Radar,0,26,63,0,89,0,1,49,0,50,0,27,112,0,139,34,0,34,173
10/28/2010,MMU,NJ,AEA,EN,Towers with Radar,0,44,81,0,125,0,3,176,0,179,0,47,257,0,304,104,0,104,408
10/29/2010,MMU,NJ,AEA,EN,Towers with Radar,0,29,55,0,84,0,2,145,0,147,0,31,200,0,231,80,0,80,311
10/30/2010,MMU,NJ,AEA,EN,Towers with Radar,0,14,32,0,46,0,4,171,0,175,0,18,203,0,221,94,0,94,315
10/31/2010,MMU,NJ,AEA,EN,Towers with Radar,0,19,47,0,66,0,2,147,0,149,0,21,194,0,215,44,0,44,259
11/01/2010,MMU,NJ,AEA,EN,Towers with Radar,0,29,67,0,96,0,2,121,0,123,0,31,188,0,219,74,0,74,293
11/02/2010,MMU,NJ,AEA,EN,Towers with Radar,0,23,58,0,81,0,2,156,0,158,0,25,214,0,239,82,0,82,321
11/03/2010,MMU,NJ,AEA,EN,Towers with Radar,0,22,51,0,73,0,2,145,0,147,0,24,196,0,220,140,0,140,360
11/04/2010,MMU,NJ,AEA,EN,Towers with Radar,0,31,69,0,100,0,0,2,0,2,0,31,71,0,102,0,0,0,102
11/05/2010,MMU,NJ,AEA,EN,Towers with Radar,0,32,65,0,97,0,1,92,0,93,0,33,157,0,190,24,0,24,214
11/06/2010,MMU,NJ,AEA,EN,Towers with Radar,0,6,27,0,33,0,1,151,0,152,0,7,178,0,185,162,0,162,347
11/07/2010,MMU,NJ,AEA,EN,Towers with Radar,0,22,51,0,73,0,2,118,0,120,0,24,169,0,193,46,0,46,239
11/08/2010,MMU,NJ,AEA,EN,Towers with Radar,0,26,53,0,79,0,1,46,0,47,0,27,99,0,126,0,0,0,126
11/09/2010,MMU,NJ,AEA,EN,Towers with Radar,0,25,54,0,79,0,2,128,0,130,0,27,182,0,209,58,0,58,267
11/10/2010,MMU,NJ,AEA,EN,Towers with Radar,0,28,48,0,76,0,5,162,0,167,0,33,210,0,243,102,0,102,345
11/11/2010,MMU,NJ,AEA,EN,Towers with Radar,0,40,60,0,100,0,6,224,0,230,0,46,284,0,330,154,0,154,484
11/12/2010,MMU,NJ,AEA,EN,Towers with Radar,0,25,61,0,86,0,2,165,0,167,0,27,226,0,253,202,0,202,455
11/13/2010,MMU,NJ,AEA,EN,Towers with Radar,0,10,28,0,38,0,4,257,0,261,0,14,285,0,299,154,0,154,453
11/14/2010,MMU,NJ,AEA,EN,Towers with Radar,1,29,56,0,86,0,0,237,0,237,1,29,293,0,323,166,0,166,489
11/15/2010,MMU,NJ,AEA,EN,Towers with Radar,0,23,78,0,101,0,0,49,0,49,0,23,127,0,150,44,0,44,194
11/16/2010,MMU,NJ,AEA,EN,Towers with Radar,0,36,83,0,119,0,0,10,0,10,0,36,93,0,129,0,0,0,129
11/17/2010,MMU,NJ,AEA,EN,Towers with Radar,0,25,35,0,60,0,3,79,0,82,0,28,114,0,142,0,0,0,142
11/18/2010,MMU,NJ,AEA,EN,Towers with Radar,0,24,74,4,102,0,4,149,0,153,0,28,223,4,255,104,0,104,359
11/19/2010,MMU,NJ,AEA,EN,Towers with Radar,0,29,69,0,98,0,1,197,0,198,0,30,266,0,296,170,0,170,466
11/20/2010,MMU,NJ,AEA,EN,Towers with Radar,0,14,34,0,48,0,0,135,0,135,0,14,169,0,183,76,0,76,259
11/21/2010,MMU,NJ,AEA,EN,Towers with Radar,0,19,50,0,69,0,3,170,2,175,0,22,220,2,244,198,0,198,442
11/22/2010,MMU,NJ,AEA,EN,Towers with Radar,0,33,79,0,112,0,4,122,0,126,0,37,201,0,238,60,0,60,298
11/23/2010,MMU,NJ,AEA,EN,Towers with Radar,0,51,85,0,136,0,2,83,0,85,0,53,168,0,221,84,0,84,305
11/24/2010,MMU,NJ,AEA,EN,Towers with Radar,0,41,62,0,103,0,1,137,0,138,0,42,199,0,241,94,0,94,335
11/25/2010,MMU,NJ,AEA,EN,Towers with Radar,0,8,15,0,23,0,0,44,0,44,0,8,59,0,67,50,0,50,117
11/26/2010,MMU,NJ,AEA,EN,Towers with Radar,0,12,41,0,53,0,0,92,0,92,0,12,133,0,145,90,0,90,235
11/27/2010,MMU,NJ,AEA,EN,Towers with Radar,0,26,39,0,65,0,0,209,0,209,0,26,248,0,274,70,0,70,344
11/28/2010,MMU,NJ,AEA,EN,Towers with Radar,1,61,155,0,217,0,0,258,0,258,1,61,413,0,475,80,0,80,555
11/29/2010,MMU,NJ,AEA,EN,Towers with Radar,0,31,49,0,80,0,2,169,0,171,0,33,218,0,251,112,0,112,363
11/30/2010,MMU,NJ,AEA,EN,Towers with Radar,0,21,80,0,101,0,0,24,0,24,0,21,104,0,125,4,0,4,129
12/01/2010,MMU,NJ,AEA,EN,Towers with Radar,0,36,91,0,127,0,1,17,0,18,0,37,108,0,145,0,0,0,145
12/02/2010,MMU,NJ,AEA,EN,Towers with Radar,0,27,81,0,108,0,5,154,0,159,0,32,235,0,267,108,0,108,375
12/03/2010,MMU,NJ,AEA,EN,Towers with Radar,0,35,71,0,106,0,4,184,0,188,0,39,255,0,294,120,0,120,414
12/04/2010,MMU,NJ,AEA,EN,Towers with Radar,0,11,41,0,52,0,0,190,0,190,0,11,231,0,242,120,0,120,362
12/05/2010,MMU,NJ,AEA,EN,Towers with Radar,0,24,56,0,80,0,0,162,0,162,0,24,218,0,242,134,0,134,376
12/06/2010,MMU,NJ,AEA,EN,Towers with Radar,0,21,71,0,92,0,2,117,1,120,0,23,188,1,212,28,0,28,240
12/07/2010,MMU,NJ,AEA,EN,Towers with Radar,0,26,62,0,88,0,1,167,0,168,0,27,229,0,256,68,0,68,324
12/08/2010,MMU,NJ,AEA,EN,Towers with Radar,0,41,58,0,99,0,3,141,1,145,0,44,199,1,244,60,0,60,304
12/09/2010,MMU,NJ,AEA,EN,Towers with Radar,0,28,67,0,95,0,6,156,1,163,0,34,223,1,258,88,0,88,346
12/10/2010,MMU,NJ,AEA,EN,Towers with Radar,0,32,51,0,83,0,6,187,0,193,0,38,238,0,276,150,0,150,426
12/11/2010,MMU,NJ,AEA,EN,Towers with Radar,0,16,35,1,52,0,0,209,0,209,0,16,244,1,261,208,0,208,469
12/12/2010,MMU,NJ,AEA,EN,Towers with Radar,0,31,64,0,95,0,0,3,0,3,0,31,67,0,98,12,0,12,110
12/13/2010,MMU,NJ,AEA,EN,Towers with Radar,0,36,65,1,102,0,0,101,0,101,0,36,166,1,203,46,0,46,249
12/14/2010,MMU,NJ,AEA,EN,Towers with Radar,0,36,48,0,84,0,5,107,0,112,0,41,155,0,196,8,0,8,204
12/15/2010,MMU,NJ,AEA,EN,Towers with Radar,0,23,56,0,79,0,2,108,0,110,0,25,164,0,189,0,0,0,189
12/16/2010,MMU,NJ,AEA,EN,Towers with Radar,0,33,57,0,90,0,4,130,0,134,0,37,187,0,224,65,0,65,289
12/17/2010,MMU,NJ,AEA,EN,Towers with Radar,0,37,63,0,100,0,6,162,0,168,0,43,225,0,268,76,0,76,344
12/18/2010,MMU,NJ,AEA,EN,Towers with Radar,0,24,31,0,55,0,0,256,0,256,0,24,287,0,311,196,0,196,507
12/19/2010,MMU,NJ,AEA,EN,Towers with Radar,0,14,29,0,43,0,0,187,0,187,0,14,216,0,230,136,0,136,366
12/20/2010,MMU,NJ,AEA,EN,Towers with Radar,0,23,56,0,79,0,1,95,0,96,0,24,151,0,175,42,0,42,217
12/21/2010,MMU,NJ,AEA,EN,Towers with Radar,0,18,48,1,67,0,0,121,1,122,0,18,169,2,189,76,0,76,265
12/22/2010,MMU,NJ,AEA,EN,Towers with Radar,0,37,38,0,75,0,6,129,0,135,0,43,167,0,210,32,0,32,242
12/23/2010,MMU,NJ,AEA,EN,Towers with Radar,0,23,30,0,53,0,0,113,0,113,0,23,143,0,166,24,0,24,190
12/24/2010,MMU,NJ,AEA,EN,Towers with Radar,0,7,15,0,22,0,0,106,0,106,0,7,121,0,128,142,0,142,270
12/25/2010,MMU,NJ,AEA,EN,Towers with Radar,0,24,23,0,47,0,2,88,0,90,0,26,111,0,137,30,0,30,167
12/26/2010,MMU,NJ,AEA,EN,Towers with Radar,0,13,44,0,57,0,0,26,0,26,0,13,70,0,83,10,0,10,93
12/27/2010,MMU,NJ,AEA,EN,Towers with Radar,0,3,29,0,32,0,2,3,0,5,0,5,32,0,37,0,0,0,37
12/28/2010,MMU,NJ,AEA,EN,Towers with Radar,0,88,75,0,163,0,1,101,0,102,0,89,176,0,265,0,0,0,265
12/29/2010,MMU,NJ,AEA,EN,Towers with Radar,0,29,34,0,63,0,5,138,0,143,0,34,172,0,206,88,0,88,294
12/30/2010,MMU,NJ,AEA,EN,Towers with Radar,0,26,29,0,55,0,4,121,0,125,0,30,150,0,180,154,0,154,334
12/31/2010,MMU,NJ,AEA,EN,Towers with Radar,0,15,39,0,54,0,4,173,0,177,0,19,212,0,231,184,0,184,415
01/01/2011,MMU,NJ,AEA,EN,Towers with Radar,0,26,31,0,57,0,0,96,0,96,0,26,127,0,153,139,0,139,292
01/02/2011,MMU,NJ,AEA,EN,Towers with Radar,0,41,84,0,125,0,0,164,0,164,0,41,248,0,289,96,0,96,385
01/03/2011,MMU,NJ,AEA,EN,Towers with Radar,0,24,51,0,75,0,0,171,0,171,0,24,222,0,246,60,0,60,306
01/04/2011,MMU,NJ,AEA,EN,Towers with Radar,0,14,41,2,57,0,2,146,0,148,0,16,187,2,205,109,0,109,314
01/05/2011,MMU,NJ,AEA,EN,Towers with Radar,0,16,47,0,63,0,3,129,0,132,0,19,176,0,195,44,0,44,239
01/06/2011,MMU,NJ,AEA,EN,Towers with Radar,0,32,42,0,74,0,3,158,4,165,0,35,200,4,239,110,0,110,349
01/07/2011,MMU,NJ,AEA,EN,Towers with Radar,0,24,44,0,68,0,2,4,0,6,0,26,48,0,74,0,0,0,74
01/08/2011,MMU,NJ,AEA,EN,Towers with Radar,0,17,25,0,42,0,6,99,0,105,0,23,124,0,147,62,0,62,209
01/09/2011,MMU,NJ,AEA,EN,Towers with Radar,0,19,42,0,61,0,3,113,0,116,0,22,155,0,177,48,0,48,225
01/10/2011,MMU,NJ,AEA,EN,Towers with Radar,0,17,47,0,64,0,2,133,0,135,0,19,180,0,199,31,0,31,230
01/11/2011,MMU,NJ,AEA,EN,Towers with Radar,0,27,51,0,78,0,0,144,0,144,0,27,195,0,222,88,0,88,310
01/12/2011,MMU,NJ,AEA,EN,Towers with Radar,0,8,20,0,28,0,0,6,0,6,0,8,26,0,34,0,0,0,34
01/13/2011,MMU,NJ,AEA,EN,Towers with Radar,0,31,52,0,83,0,7,96,0,103,0,38,148,0,186,0,0,0,186
01/14/2011,MMU,NJ,AEA,EN,Towers with Radar,0,45,69,0,114,0,4,115,1,120,0,49,184,1,234,78,0,78,312
01/15/2011,MMU,NJ,AEA,EN,Towers with Radar,1,15,21,0,37,0,6,162,0,168,1,21,183,0,205,160,0,160,365
01/16/2011,MMU,NJ,AEA,EN,Towers with Radar,0,22,37,0,59,0,1,148,0,149,0,23,185,0,208,76,0,76,284
01/17/2011,MMU,NJ,AEA,EN,Towers with Radar,0,35,64,0,99,0,3,136,0,139,0,38,200,0,238,113,0,113,351
01/18/2011,MMU,NJ,AEA,EN,Towers with Radar,0,19,36,0,55,0,0,0,0,0,0,19,36,0,55,0,0,0,55
01/19/2011,MMU,NJ,AEA,EN,Towers with Radar,0,32,61,0,93,0,0,36,0,36,0,32,97,0,129,16,0,16,145
01/20/2011,MMU,NJ,AEA,EN,Towers with Radar,0,29,59,0,88,0,0,119,0,119,0,29,178,0,207,86,0,86,293
01/21/2011,MMU,NJ,AEA,EN,Towers with Radar,0,18,35,0,53,0,1,190,3,194,0,19,225,3,247,156,0,156,403
01/22/2011,MMU,NJ,AEA,EN,Towers with Radar,0,15,24,0,39,0,7,14,1,22,0,22,38,1,61,0,0,0,61
01/23/2011,MMU,NJ,AEA,EN,Towers with Radar,0,21,41,0,62,0,0,124,0,124,0,21,165,0,186,80,0,80,266
01/24/2011,MMU,NJ,AEA,EN,Towers with Radar,0,28,35,0,63,0,1,119,0,120,0,29,154,0,183,96,0,96,279
01/25/2011,MMU,NJ,AEA,EN,Towers with Radar,0,30,58,0,88,0,2,95,0,97,0,32,153,0,185,54,0,54,239
01/26/2011,MMU,NJ,AEA,EN,Towers with Radar,0,7,27,0,34,0,0,0,0,0,0,7,27,0,34,0,0,0,34
01/27/2011,MMU,NJ,AEA,EN,Towers with Radar,0,28,59,2,89,0,1,16,0,17,0,29,75,2,106,0,0,0,106
01/28/2011,MMU,NJ,AEA,EN,Towers with Radar,0,36,70,0,106,0,0,31,0,31,0,36,101,0,137,20,0,20,157
01/29/2011,MMU,NJ,AEA,EN,Towers with Radar,0,17,24,0,41,0,2,78,0,80,0,19,102,0,121,51,0,51,172
01/30/2011,MMU,NJ,AEA,EN,Towers with Radar,0,20,46,0,66,0,1,170,0,171,0,21,216,0,237,200,0,200,437
01/31/2011,MMU,NJ,AEA,EN,Towers with Radar,0,26,67,0,93,0,6,99,0,105,0,32,166,0,198,86,0,86,284
02/01/2011,MMU,NJ,AEA,EN,Towers with Radar,0,15,21,0,36,0,0,0,0,0,0,15,21,0,36,0,0,0,36
02/02/2011,MMU,NJ,AEA,EN,Towers with Radar,0,27,40,0,67,0,0,0,0,0,0,27,40,0,67,0,0,0,67
02/03/2011,MMU,NJ,AEA,EN,Towers with Radar,0,45,62,0,107,0,4,132,0,136,0,49,194,0,243,14,0,14,257
02/04/2011,MMU,NJ,AEA,EN,Towers with Radar,1,35,52,0,88,0,4,150,1,155,1,39,202,1,243,160,0,160,403
02/05/2011,MMU,NJ,AEA,EN,Towers with Radar,0,3,17,0,20,0,0,0,0,0,0,3,17,0,20,0,0,0,20
02/06/2011,MMU,NJ,AEA,EN,Towers with Radar,0,23,39,0,62,0,1,182,0,183,0,24,221,0,245,252,0,252,497
02/07/2011,MMU,NJ,AEA,EN,Towers with Radar,0,30,73,0,103,0,3,120,0,123,0,33,193,0,226,77,0,77,303
02/08/2011,MMU,NJ,AEA,EN,Towers with Radar,0,31,43,0,74,0,0,56,0,56,0,31,99,0,130,46,0,46,176
02/09/2011,MMU,NJ,AEA,EN,Towers with Radar,0,22,55,0,77,0,2,106,0,108,0,24,161,0,185,42,0,42,227
02/10/2011,MMU,NJ,AEA,EN,Towers with Radar,0,18,46,0,64,0,0,106,0,106,0,18,152,0,170,99,0,99,269
02/11/2011,MMU,NJ,AEA,EN,Towers with Radar,0,27,44,0,71,0,7,130,0,137,0,34,174,0,208,98,0,98,306
02/12/2011,MMU,NJ,AEA,EN,Towers with Radar,0,28,21,0,49,0,2,158,0,160,0,30,179,0,209,154,0,154,363
02/13/2011,MMU,NJ,AEA,EN,Towers with Radar,0,14,36,0,50,0,1,153,0,154,0,15,189,0,204,208,0,208,412
02/14/2011,MMU,NJ,AEA,EN,Towers with Radar,0,13,35,0,48,0,0,86,0,86,0,13,121,0,134,35,0,35,169
02/15/2011,MMU,NJ,AEA,EN,Towers with Radar,0,21,48,0,69,0,3,138,0,141,0,24,186,0,210,96,0,96,306
02/16/2011,MMU,NJ,AEA,EN,Towers with Radar,0,27,59,0,86,0,1,121,0,122,0,28,180,0,208,83,0,83,291
02/17/2011,MMU,NJ,AEA,EN,Towers with Radar,0,46,78,1,125,0,2,201,2,205,0,48,279,3,330,148,0,148,478
02/18/2011,MMU,NJ,AEA,EN,Towers with Radar,0,45,62,0,107,0,5,123,1,129,0,50,185,1,236,80,0,80,316
02/19/2011,MMU,NJ,AEA,EN,Towers with Radar,0,5,11,0,16,0,0,2,0,2,0,5,13,0,18,0,0,0,18
02/20/2011,MMU,NJ,AEA,EN,Towers with Radar,0,24,43,0,67,0,3,134,0,137,0,27,177,0,204,155,0,155,359
02/21/2011,MMU,NJ,AEA,EN,Towers with Radar,0,40,89,0,129,0,2,67,0,69,0,42,156,0,198,128,0,128,326
02/22/2011,MMU,NJ,AEA,EN,Towers with Radar,0,38,63,0,101,0,2,110,0,112,0,40,173,0,213,99,0,99,312
02/23/2011,MMU,NJ,AEA,EN,Towers with Radar,0,30,67,0,97,0,2,140,2,144,0,32,207,2,241,56,2,58,299
02/24/2011,MMU,NJ,AEA,EN,Towers with Radar,0,29,66,0,95,0,3,158,0,161,0,32,224,0,256,158,0,158,414
02/25/2011,MMU,NJ,AEA,EN,Towers with Radar,1,35,38,0,74,0,0,0,0,0,1,35,38,0,74,0,0,0,74
02/26/2011,MMU,NJ,AEA,EN,Towers with Radar,0,17,35,0,52,0,1,236,0,237,0,18,271,0,289,252,0,252,541
02/27/2011,MMU,NJ,AEA,EN,Towers with Radar,0,26,40,0,66,0,0,166,0,166,0,26,206,0,232,178,0,178,410
02/28/2011,MMU,NJ,AEA,EN,Towers with Radar,0,28,43,0,71,0,0,18,0,18,0,28,61,0,89,0,0,0,89
03/01/2011,MMU,NJ,AEA,EN,Towers with Radar,0,34,68,0,102,0,2,182,2,186,0,36,250,2,288,132,0,132,420
03/02/2011,MMU,NJ,AEA,EN,Towers with Radar,0,20,60,0,80,0,0,104,1,105,0,20,164,1,185,62,0,62,247
03/03/2011,MMU,NJ,AEA,EN,Towers with Radar,0,39,57,0,96,0,2,154,0,156,0,41,211,0,252,116,0,116,368
03/04/2011,MMU,NJ,AEA,EN,Towers with Radar,0,37,52,0,89,0,7,150,1,158,0,44,202,1,247,164,0,164,411
03/05/2011,MMU,NJ,AEA,EN,Towers with Radar,0,22,40,0,62,0,1,165,2,168,0,23,205,2,230,187,0,187,417
03/06/2011,MMU,NJ,AEA,EN,Towers with Radar,0,41,35,0,76,0,0,0,0,0,0,41,35,0,76,0,0,0,76
03/07/2011,MMU,NJ,AEA,EN,Towers with Radar,0,31,43,0,74,0,4,95,0,99,0,35,138,0,173,67,0,67,240
03/08/2011,MMU,NJ,AEA,EN,Towers with Radar,0,30,63,0,93,0,0,176,0,176,0,30,239,0,269,158,0,158,427
03/09/2011,MMU,NJ,AEA,EN,Towers with Radar,0,29,63,0,92,0,0,156,0,156,0,29,219,0,248,138,0,138,386
03/10/2011,MMU,NJ,AEA,EN,Towers with Radar,0,25,76,0,101,0,0,0,0,0,0,25,76,0,101,0,0,0,101
03/11/2011,MMU,NJ,AEA,EN,Towers with Radar,0,40,77,0,117,0,1,86,0,87,0,41,163,0,204,102,0,102,306
03/12/2011,MMU,NJ,AEA,EN,Towers with Radar,0,24,37,0,61,0,5,151,0,156,0,29,188,0,217,184,0,184,401
03/13/2011,MMU,NJ,AEA,EN,Towers with Radar,0,26,56,0,82,0,0,168,1,169,0,26,224,1,251,157,0,157,408
03/14/2011,MMU,NJ,AEA,EN,Towers with Radar,0,29,39,0,68,0,0,123,0,123,0,29,162,0,191,68,0,68,259
03/15/2011,MMU,NJ,AEA,EN,Towers with Radar,0,27,55,0,82,0,0,170,0,170,0,27,225,0,252,98,0,98,350
03/16/2011,MMU,NJ,AEA,EN,Towers with Radar,0,34,54,0,88,0,1,50,0,51,0,35,104,0,139,52,0,52,191
03/17/2011,MMU,NJ,AEA,EN,Towers with Radar,0,44,52,0,96,0,2,153,2,157,0,46,205,2,253,134,0,134,387
03/18/2011,MMU,NJ,AEA,EN,Towers with Radar,0,30,44,0,74,0,8,104,0,112,0,38,148,0,186,170,0,170,356
03/19/2011,MMU,NJ,AEA,EN,Towers with Radar,0,13,32,0,45,0,1,158,0,159,0,14,190,0,204,206,0,206,410
03/20/2011,MMU,NJ,AEA,EN,Towers with Radar,0,24,56,0,80,0,2,201,0,203,0,26,257,0,283,216,0,216,499
03/21/2011,MMU,NJ,AEA,EN,Towers with Radar,0,31,50,0,81,0,0,0,0,0,0,31,50,0,81,0,0,0,81
03/22/2011,MMU,NJ,AEA,EN,Towers with Radar,0,32,70,0,102,0,0,120,1,121,0,32,190,1,223,75,0,75,298
03/23/2011,MMU,NJ,AEA,EN,Towers with Radar,0,25,53,0,78,0,0,0,0,0,0,25,53,0,78,0,0,0,78
03/24/2011,MMU,NJ,AEA,EN,Towers with Radar,0,38,57,0,95,0,2,77,0,79,0,40,134,0,174,82,0,82,256
03/25/2011,MMU,NJ,AEA,EN,Towers with Radar,0,37,61,0,98,0,3,243,2,248,0,40,304,2,346,164,0,164,510
03/26/2011,MMU,NJ,AEA,EN,Towers with Radar,0,22,36,0,58,0,2,198,0,200,0,24,234,0,258,254,0,254,512
03/27/2011,MMU,NJ,AEA,EN,Towers with Radar,0,26,42,0,68,0,1,207,0,208,0,27,249,0,276,192,0,192,468
03/28/2011,MMU,NJ,AEA,EN,Towers with Radar,0,22,37,0,59,0,1,185,0,186,0,23,222,0,245,103,0,103,348
03/29/2011,MMU,NJ,AEA,EN,Towers with Radar,0,22,51,1,74,0,0,87,0,87,0,22,138,1,161,67,0,67,228
03/30/2011,MMU,NJ,AEA,EN,Towers with Radar,0,27,62,2,91,0,3,144,1,148,0,30,206,3,239,126,0,126,365
03/31/2011,MMU,NJ,AEA,EN,Towers with Radar,0,35,58,0,93,0,1,40,0,41,0,36,98,0,134,0,0,0,134
04/01/2011,MMU,NJ,AEA,EN,Towers with Radar,0,22,39,3,64,0,0,24,0,24,0,22,63,3,88,0,0,0,88
04/02/2011,MMU,NJ,AEA,EN,Towers with Radar,0,13,44,0,57,0,6,203,0,209,0,19,247,0,266,228,0,228,494
04/03/2011,MMU,NJ,AEA,EN,Towers with Radar,0,31,47,0,78,0,0,236,0,236,0,31,283,0,314,268,0,268,582
04/04/2011,MMU,NJ,AEA,EN,Towers with Radar,0,15,40,0,55,0,2,143,0,145,0,17,183,0,200,130,0,130,330
04/05/2011,MMU,NJ,AEA,EN,Towers with Radar,0,24,61,0,85,0,0,101,0,101,0,24,162,0,186,84,0,84,270
04/06/2011,MMU,NJ,AEA,EN,Towers with Radar,0,34,85,0,119,0,0,81,0,81,0,34,166,0,200,68,0,68,268
04/07/2011,MMU,NJ,AEA,EN,Towers with Radar,0,26,73,0,99,0,2,129,0,131,0,28,202,0,230,62,0,62,292
04/08/2011,MMU,NJ,AEA,EN,Towers with Radar,0,49,76,0,125,0,2,88,0,90,0,51,164,0,215,56,0,56,271
04/09/2011,MMU,NJ,AEA,EN,Towers with Radar,0,14,50,0,64,0,8,263,0,271,0,22,313,0,335,196,0,196,531
04/10/2011,MMU,NJ,AEA,EN,Towers with Radar,0,32,57,0,89,0,0,145,0,145,0,32,202,0,234,232,0,232,466
04/11/2011,MMU,NJ,AEA,EN,Towers with Radar,0,28,57,0,85,0,1,98,0,99,0,29,155,0,184,112,0,112,296
04/12/2011,MMU,NJ,AEA,EN,Towers with Radar,0,26,66,0,92,0,0,50,0,50,0,26,116,0,142,12,0,12,154
04/13/2011,MMU,NJ,AEA,EN,Towers with Radar,1,22,69,0,92,0,0,0,0,0,1,22,69,0,92,0,0,0,92
04/14/2011,MMU,NJ,AEA,EN,Towers with Radar,1,22,56,0,79,0,0,196,0,196,1,22,252,0,275,148,0,148,423
04/15/2011,MMU,NJ,AEA,EN,Towers with Radar,0,24,61,0,85,0,8,134,0,142,0,32,195,0,227,172,0,172,399
04/16/2011,MMU,NJ,AEA,EN,Towers with Radar,0,23,46,0,69,0,0,19,0,19,0,23,65,0,88,16,0,16,104
04/17/2011,MMU,NJ,AEA,EN,Towers with Radar,0,17,64,0,81,0,3,160,0,163,0,20,224,0,244,103,0,103,347
04/18/2011,MMU,NJ,AEA,EN,Towers with Radar,0,30,53,0,83,0,4,153,0,157,0,34,206,0,240,84,0,84,324
04/19/2011,MMU,NJ,AEA,EN,Towers with Radar,0,27,51,0,78,0,1,95,0,96,0,28,146,0,174,16,0,16,190
04/20/2011,MMU,NJ,AEA,EN,Towers with Radar,0,51,89,0,140,0,2,86,0,88,0,53,175,0,228,6,0,6,234
04/21/2011,MMU,NJ,AEA,EN,Towers with Radar,1,42,69,0,112,0,0,91,0,91,1,42,160,0,203,52,0,52,255
04/22/2011,MMU,NJ,AEA,EN,Towers with Radar,0,23,42,1,66,0,1,214,2,217,0,24,256,3,283,192,0,192,475
04/23/2011,MMU,NJ,AEA,EN,Towers with Radar,0,14,37,0,51,0,0,3,0,3,0,14,40,0,54,0,0,0,54
04/24/2011,MMU,NJ,AEA,EN,Towers with Radar,0,37,64,0,101,0,0,161,0,161,0,37,225,0,262,102,0,102,364
04/25/2011,MMU,NJ,AEA,EN,Towers with Radar,0,39,82,1,122,0,0,7,0,7,0,39,89,1,129,0,0,0,129
04/26/2011,MMU,NJ,AEA,EN,Towers with Radar,0,41,64,1,106,0,10,121,2,133,0,51,185,3,239,82,0,82,321
04/27/2011,MMU,NJ,AEA,EN,Towers with Radar,0,23,64,0,87,0,0,29,0,29,0,23,93,0,116,8,0,8,124
04/28/2011,MMU,NJ,AEA,EN,Towers with Radar,0,43,60,0,103,0,0,66,2,68,0,43,126,2,171,0,0,0,171
04/29/2011,MMU,NJ,AEA,EN,Towers with Radar,0,50,51,0,101,0,5,163,5,173,0,55,214,5,274,106,0,106,380
04/30/2011,MMU,NJ,AEA,EN,Towers with Radar,0,12,20,0,32,0,2,239,1,242,0,14,259,1,274,259,0,259,533
05/01/2011,MMU,NJ,AEA,EN,Towers with Radar,0,21,44,0,65,0,0,219,0,219,0,21,263,0,284,232,0,232,516
05/02/2011,MMU,NJ,AEA,EN,Towers with Radar,0,16,55,0,71,0,0,165,0,165,0,16,220,0,236,142,0,142,378
05/03/2011,MMU,NJ,AEA,EN,Towers with Radar,0,28,50,2,80,0,3,182,0,185,0,31,232,2,265,123,0,123,388
05/04/2011,MMU,NJ,AEA,EN,Towers with Radar,0,34,70,0,104,0,0,59,0,59,0,34,129,0,163,4,0,4,167
05/05/2011,MMU,NJ,AEA,EN,Towers with Radar,0,23,67,0,90,0,3,82,0,85,0,26,149,0,175,0,0,0,175
05/06/2011,MMU,NJ,AEA,EN,Towers with Radar,0,35,45,0,80,0,2,177,1,180,0,37,222,1,260,150,0,150,410
05/07/2011,MMU,NJ,AEA,EN,Towers with Radar,0,20,26,0,46,0,1,235,0,236,0,21,261,0,282,287,0,287,569
05/08/2011,MMU,NJ,AEA,EN,Towers with Radar,0,20,45,0,65,0,0,180,0,180,0,20,225,0,245,207,0,207,452
05/09/2011,MMU,NJ,AEA,EN,Towers with Radar,0,31,66,0,97,0,0,188,0,188,0,31,254,0,285,143,0,143,428
05/10/2011,MMU,NJ,AEA,EN,Towers with Radar,1,18,48,0,67,0,4,174,0,178,1,22,222,0,245,224,0,224,469
05/11/2011,MMU,NJ,AEA,EN,Towers with Radar,0,25,65,1,91,0,3,185,1,189,0,28,250,2,280,206,0,206,486
05/12/2011,MMU,NJ,AEA,EN,Towers with Radar,0,29,47,0,76,0,2,166,0,168,0,31,213,0,244,184,0,184,428
05/13/2011,MMU,NJ,AEA,EN,Towers with Radar,0,28,71,0,99,0,3,141,0,144,0,31,212,0,243,206,0,206,449
05/14/2011,MMU,NJ,AEA,EN,Towers with Radar,0,10,55,0,65,0,1,152,0,153,0,11,207,0,218,202,0,202,420
05/15/2011,MMU,NJ,AEA,EN,Towers with Radar,0,28,54,0,82,0,0,1,0,1,0,28,55,0,83,0,0,0,83
05/16/2011,MMU,NJ,AEA,EN,Towers with Radar,0,22,72,0,94,0,0,0,0,0,0,22,72,0,94,0,0,0,94
05/17/2011,MMU,NJ,AEA,EN,Towers with Radar,0,25,61,0,86,0,0,0,0,0,0,25,61,0,86,0,0,0,86
05/18/2011,MMU,NJ,AEA,EN,Towers with Radar,0,29,57,0,86,0,0,0,0,0,0,29,57,0,86,0,0,0,86
05/19/2011,MMU,NJ,AEA,EN,Towers with Radar,0,37,59,0,96,0,5,70,0,75,0,42,129,0,171,88,0,88,259
05/20/2011,MMU,NJ,AEA,EN,Towers with Radar,0,29,76,0,105,0,2,27,0,29,0,31,103,0,134,0,0,0,134
05/21/2011,MMU,NJ,AEA,EN,Towers with Radar,0,20,28,0,48,0,4,217,0,221,0,24,245,0,269,214,0,214,483
05/22/2011,MMU,NJ,AEA,EN,Towers with Radar,0,22,49,0,71,0,0,2,0,2,0,22,51,0,73,0,0,0,73
05/23/2011,MMU,NJ,AEA,EN,Towers with Radar,0,20,64,2,86,0,0,0,0,0,0,20,64,2,86,0,0,0,86
05/24/2011,MMU,NJ,AEA,EN,Towers with Radar,0,25,57,1,83,0,0,117,0,117,0,25,174,1,200,93,0,93,293
05/25/2011,MMU,NJ,AEA,EN,Towers with Radar,0,20,60,1,81,0,5,182,0,187,0,25,242,1,268,141,0,141,409
05/26/2011,MMU,NJ,AEA,EN,Towers with Radar,0,28,56,0,84,0,3,161,1,165,0,31,217,1,249,206,0,206,455
05/27/2011,MMU,NJ,AEA,EN,Towers with Radar,0,40,65,0,105,0,11,192,1,204,0,51,257,1,309,192,6,198,507
05/28/2011,MMU,NJ,AEA,EN,Towers with Radar,0,14,26,1,41,0,5,191,1,197,0,19,217,2,238,191,0,191,429
05/29/2011,MMU,NJ,AEA,EN,Towers with Radar,0,15,30,0,45,0,0,148,0,148,0,15,178,0,193,214,0,214,407
05/30/2011,MMU,NJ,AEA,EN,Towers with Radar,0,31,43,0,74,0,13,159,2,174,0,44,202,2,248,112,0,112,360
05/31/2011,MMU,NJ,AEA,EN,Towers with Radar,0,22,47,0,69,0,6,176,1,183,0,28,223,1,252,132,0,132,384
06/01/2011,MMU,NJ,AEA,EN,Towers with Radar,0,30,40,2,72,0,3,197,0,200,0,33,237,2,272,24,0,24,296
06/02/2011,MMU,NJ,AEA,EN,Towers with Radar,0,26,57,0,83,0,5,190,2,197,0,31,247,2,280,58,0,58,338
06/03/2011,MMU,NJ,AEA,EN,Towers with Radar,0,33,41,0,74,0,2,193,0,195,0,35,234,0,269,126,0,126,395
06/04/2011,MMU,NJ,AEA,EN,Towers with Radar,0,14,23,0,37,0,0,219,4,223,0,14,242,4,260,270,0,270,530
06/05/2011,MMU,NJ,AEA,EN,Towers with Radar,0,32,53,0,85,0,1,218,1,220,0,33,271,1,305,194,0,194,499
06/06/2011,MMU,NJ,AEA,EN,Towers with Radar,0,35,53,1,89,0,2,209,0,211,0,37,262,1,300,143,0,143,443
06/07/2011,MMU,NJ,AEA,EN,Towers with Radar,0,37,65,0,102,0,1,237,0,238,0,38,302,0,340,154,0,154,494
06/08/2011,MMU,NJ,AEA,EN,Towers with Radar,0,30,60,2,92,0,0,153,0,153,0,30,213,2,245,133,0,133,378
06/09/2011,MMU,NJ,AEA,EN,Towers with Radar,0,33,80,0,113,0,4,139,0,143,0,37,219,0,256,164,0,164,420
06/10/2011,MMU,NJ,AEA,EN,Towers with Radar,0,36,57,0,93,0,6,217,0,223,0,42,274,0,316,216,0,216,532
06/11/2011,MMU,NJ,AEA,EN,Towers with Radar,0,16,32,0,48,0,0,0,0,0,0,16,32,0,48,0,0,0,48
06/12/2011,MMU,NJ,AEA,EN,Towers with Radar,0,37,64,0,101,0,0,35,0,35,0,37,99,0,136,108,0,108,244
06/13/2011,MMU,NJ,AEA,EN,Towers with Radar,0,26,51,0,77,0,0,190,0,190,0,26,241,0,267,123,0,123,390
06/14/2011,MMU,NJ,AEA,EN,Towers with Radar,0,26,70,1,97,0,0,151,0,151,0,26,221,1,248,150,0,150,398
06/15/2011,MMU,NJ,AEA,EN,Towers with Radar,0,34,66,0,100,0,5,215,2,222,0,39,281,2,322,234,0,234,556
06/16/2011,MMU,NJ,AEA,EN,Towers with Radar,0,32,66,0,98,0,1,186,0,187,0,33,252,0,285,68,0,68,353
06/17/2011,MMU,NJ,AEA,EN,Towers with Radar,0,42,56,0,98,0,5,98,0,103,0,47,154,0,201,44,0,44,245
06/18/2011,MMU,NJ,AEA,EN,Towers with Radar,0,12,26,0,38,0,1,230,0,231,0,13,256,0,269,241,0,241,510
06/19/2011,MMU,NJ,AEA,EN,Towers with Radar,0,25,45,0,70,0,5,231,0,236,0,30,276,0,306,209,0,209,515
06/20/2011,MMU,NJ,AEA,EN,Towers with Radar,0,34,60,0,94,0,14,166,1,181,0,48,226,1,275,128,0,128,403
06/21/2011,MMU,NJ,AEA,EN,Towers with Radar,0,33,61,0,94,0,3,208,4,215,0,36,269,4,309,212,0,212,521
06/22/2011,MMU,NJ,AEA,EN,Towers with Radar,0,26,61,0,87,0,2,179,1,182,0,28,240,1,269,116,0,116,385
06/23/2011,MMU,NJ,AEA,EN,Towers with Radar,0,31,52,0,83,0,0,0,0,0,0,31,52,0,83,0,0,0,83
06/24/2011,MMU,NJ,AEA,EN,Towers with Radar,0,38,82,0,120,0,0,1,0,1,0,38,83,0,121,0,0,0,121
06/25/2011,MMU,NJ,AEA,EN,Towers with Radar,0,20,28,0,48,0,2,179,0,181,0,22,207,0,229,317,0,317,546
06/26/2011,MMU,NJ,AEA,EN,Towers with Radar,0,29,54,0,83,0,8,226,0,234,0,37,280,0,317,195,0,195,512
06/27/2011,MMU,NJ,AEA,EN,Towers with Radar,0,22,43,0,65,0,3,203,0,206,0,25,246,0,271,166,0,166,437
06/28/2011,MMU,NJ,AEA,EN,Towers with Radar,0,35,60,0,95,0,1,225,0,226,0,36,285,0,321,160,0,160,481
06/29/2011,MMU,NJ,AEA,EN,Towers with Radar,0,28,58,0,86,0,1,137,0,138,0,29,195,0,224,134,0,134,358
06/30/2011,MMU,NJ,AEA,EN,Towers with Radar,0,38,53,0,91,0,4,194,1,199,0,42,247,1,290,198,0,198,488
07/01/2011,MMU,NJ,AEA,EN,Towers with Radar,0,50,55,0,105,0,2,194,0,196,0,52,249,0,301,176,0,176,477
07/02/2011,MMU,NJ,AEA,EN,Towers with Radar,0,21,21,0,42,0,1,195,2,198,0,22,216,2,240,201,0,201,441
07/03/2011,MMU,NJ,AEA,EN,Towers with Radar,0,16,21,0,37,0,0,4,0,4,0,16,25,0,41,0,0,0,41
07/04/2011,MMU,NJ,AEA,EN,Towers with Radar,0,17,24,0,41,0,2,124,0,126,0,19,148,0,167,150,0,150,317
07/05/2011,MMU,NJ,AEA,EN,Towers with Radar,0,46,43,0,89,0,3,215,0,218,0,49,258,0,307,175,0,175,482
07/06/2011,MMU,NJ,AEA,EN,Towers with Radar,0,16,50,1,67,0,2,192,2,196,0,18,242,3,263,162,0,162,425
07/07/2011,MMU,NJ,AEA,EN,Towers with Radar,0,28,30,0,58,0,2,221,1,224,0,30,251,1,282,204,0,204,486
07/08/2011,MMU,NJ,AEA,EN,Towers with Radar,0,33,42,0,75,0,1,51,0,52,0,34,93,0,127,98,0,98,225
07/09/2011,MMU,NJ,AEA,EN,Towers with Radar,0,18,41,0,59,0,8,215,0,223,0,26,256,0,282,218,0,218,500
07/10/2011,MMU,NJ,AEA,EN,Towers with Radar,0,22,42,0,64,0,3,228,0,231,0,25,270,0,295,258,0,258,553
07/11/2011,MMU,NJ,AEA,EN,Towers with Radar,0,20,56,0,76,0,1,235,0,236,0,21,291,0,312,246,0,246,558
07/12/2011,MMU,NJ,AEA,EN,Towers with Radar,0,24,61,0,85,0,3,209,0,212,0,27,270,0,297,274,0,274,571
07/13/2011,MMU,NJ,AEA,EN,Towers with Radar,0,18,66,0,84,0,1,125,0,126,0,19,191,0,210,146,0,146,356
07/14/2011,MMU,NJ,AEA,EN,Towers with Radar,0,26,66,0,92,0,6,219,0,225,0,32,285,0,317,194,0,194,511
07/15/2011,MMU,NJ,AEA,EN,Towers with Radar,0,32,34,0,66,0,0,267,0,267,0,32,301,0,333,218,0,218,551
07/16/2011,MMU,NJ,AEA,EN,Towers with Radar,0,5,29,0,34,0,3,236,0,239,0,8,265,0,273,232,0,232,505
07/17/2011,MMU,NJ,AEA,EN,Towers with Radar,0,22,45,0,67,0,3,219,0,222,0,25,264,0,289,222,0,222,511
07/18/2011,MMU,NJ,AEA,EN,Towers with Radar,0,21,33,0,54,0,0,240,0,240,0,21,273,0,294,238,0,238,532
07/19/2011,MMU,NJ,AEA,EN,Towers with Radar,0,36,66,1,103,0,7,201,0,208,0,43,267,1,311,223,0,223,534
07/20/2011,MMU,NJ,AEA,EN,Towers with Radar,0,29,74,0,103,0,4,93,1,98,0,33,167,1,201,162,0,162,363
07/21/2011,MMU,NJ,AEA,EN,Towers with Radar,1,37,83,0,121,0,3,150,0,153,1,40,233,0,274,92,0,92,366
07/22/2011,MMU,NJ,AEA,EN,Towers with Radar,0,30,63,0,93,0,2,189,0,191,0,32,252,0,284,72,0,72,356
07/23/2011,MMU,NJ,AEA,EN,Towers with Radar,0,14,26,0,40,0,1,174,0,175,0,15,200,0,215,150,0,150,365
07/24/2011,MMU,NJ,AEA,EN,Towers with Radar,0,25,49,0,74,0,0,143,0,143,0,25,192,0,217,114,0,114,331
07/25/2011,MMU,NJ,AEA,EN,Towers with Radar,0,28,67,0,95,0,0,39,1,40,0,28,106,1,135,54,0,54,189
07/26/2011,MMU,NJ,AEA,EN,Towers with Radar,0,21,56,0,77,0,2,96,2,100,0,23,152,2,177,100,0,100,277
07/27/2011,MMU,NJ,AEA,EN,Towers with Radar,0,36,53,0,89,0,3,175,1,179,0,39,228,1,268,128,0,128,396
07/28/2011,MMU,NJ,AEA,EN,Towers with Radar,0,25,67,1,93,0,2,161,2,165,0,27,228,3,258,154,2,156,414
07/29/2011,MMU,NJ,AEA,EN,Towers with Radar,0,28,92,0,120,0,0,19,0,19,0,28,111,0,139,38,0,38,177
07/30/2011,MMU,NJ,AEA,EN,Towers with Radar,0,19,26,0,45,0,0,171,0,171,0,19,197,0,216,180,0,180,396
07/31/2011,MMU,NJ,AEA,EN,Towers with Radar,0,29,37,0,66,0,1,157,0,158,0,30,194,0,224,256,0,256,480
08/01/2011,MMU,NJ,AEA,EN,Towers with Radar,0,25,48,0,73,0,3,114,0,117,0,28,162,0,190,82,0,82,272
08/02/2011,MMU,NJ,AEA,EN,Towers with Radar,0,29,58,1,88,0,0,188,1,189,0,29,246,2,277,142,2,144,421
08/03/2011,MMU,NJ,AEA,EN,Towers with Radar,0,25,39,0,64,0,2,77,0,79,0,27,116,0,143,74,0,74,217
08/04/2011,MMU,NJ,AEA,EN,Towers with Radar,0,22,69,0,91,0,4,145,6,155,0,26,214,6,246,132,64,196,442
08/05/2011,MMU,NJ,AEA,EN,Towers with Radar,0,40,51,0,91,0,2,155,2,159,0,42,206,2,250,96,0,96,346
08/06/2011,MMU,NJ,AEA,EN,Towers with Radar,0,22,36,0,58,0,2,133,1,136,0,24,169,1,194,138,0,138,332
08/07/2011,MMU,NJ,AEA,EN,Towers with Radar,0,21,46,0,67,0,1,113,0,114,0,22,159,0,181,124,0,124,305
08/08/2011,MMU,NJ,AEA,EN,Towers with Radar,0,24,43,0,67,0,2,97,0,99,0,26,140,0,166,124,0,124,290
08/09/2011,MMU,NJ,AEA,EN,Towers with Radar,0,22,49,0,71,0,0,95,0,95,0,22,144,0,166,68,0,68,234
08/10/2011,MMU,NJ,AEA,EN,Towers with Radar,0,22,66,0,88,0,2,132,0,134,0,24,198,0,222,38,0,38,260
08/11/2011,MMU,NJ,AEA,EN,Towers with Radar,0,35,71,0,106,0,8,141,1,150,0,43,212,1,256,72,0,72,328
08/12/2011,MMU,NJ,AEA,EN,Towers with Radar,0,30,54,0,84,0,4,161,7,172,0,34,215,7,256,148,0,148,404
08/13/2011,MMU,NJ,AEA,EN,Towers with Radar,0,15,23,0,38,0,2,167,0,169,0,17,190,0,207,206,0,206,413
08/14/2011,MMU,NJ,AEA,EN,Towers with Radar,0,29,44,0,73,0,1,1,0,2,0,30,45,0,75,0,0,0,75
08/15/2011,MMU,NJ,AEA,EN,Towers with Radar,0,35,76,1,112,0,0,12,0,12,0,35,88,1,124,0,0,0,124
08/16/2011,MMU,NJ,AEA,EN,Towers with Radar,0,24,78,0,102,0,1,64,0,65,0,25,142,0,167,54,0,54,221
08/17/2011,MMU,NJ,AEA,EN,Towers with Radar,0,23,57,0,80,0,0,205,6,211,0,23,262,6,291,152,0,152,443
08/18/2011,MMU,NJ,AEA,EN,Towers with Radar,0,28,53,0,81,0,0,144,0,144,0,28,197,0,225,164,0,164,389
08/19/2011,MMU,NJ,AEA,EN,Towers with Radar,0,35,71,0,106,0,8,96,2,106,0,43,167,2,212,90,0,90,302
08/20/2011,MMU,NJ,AEA,EN,Towers with Radar,0,14,21,0,35,0,3,139,0,142,0,17,160,0,177,136,0,136,313
08/21/2011,MMU,NJ,AEA,EN,Towers with Radar,0,31,61,0,92,0,2,85,0,87,0,33,146,0,179,112,0,112,291
08/22/2011,MMU,NJ,AEA,EN,Towers with Radar,0,37,50,0,87,0,3,110,0,113,0,40,160,0,200,50,0,50,250
08/23/2011,MMU,NJ,AEA,EN,Towers with Radar,0,30,46,0,76,0,1,162,0,163,0,31,208,0,239,160,0,160,399
08/24/2011,MMU,NJ,AEA,EN,Towers with Radar,0,31,52,0,83,0,1,146,0,147,0,32,198,0,230,157,0,157,387
08/25/2011,MMU,NJ,AEA,EN,Towers with Radar,0,18,47,0,65,0,1,52,0,53,0,19,99,0,118,0,0,0,118
08/26/2011,MMU,NJ,AEA,EN,Towers with Radar,0,36,59,0,95,0,2,143,1,146,0,38,202,1,241,120,0,120,361
08/27/2011,MMU,NJ,AEA,EN,Towers with Radar,0,52,51,0,103,0,0,0,0,0,0,52,51,0,103,0,0,0,103
08/28/2011,MMU,NJ,AEA,EN,Towers with Radar,0,0,0,0,0,0,0,11,0,11,0,0,11,0,11,0,0,0,11
08/29/2011,MMU,NJ,AEA,EN,Towers with Radar,0,31,42,0,73,0,4,58,3,65,0,35,100,3,138,2,0,2,140
08/30/2011,MMU,NJ,AEA,EN,Towers with Radar,0,32,66,0,98,0,2,133,1,136,0,34,199,1,234,108,0,108,342
08/31/2011,MMU,NJ,AEA,EN,Towers with Radar,0,30,52,0,82,0,2,160,0,162,0,32,212,0,244,80,0,80,324
09/01/2011,MMU,NJ,AEA,EN,Towers with Radar,0,30,52,0,82,0,4,160,0,164,0,34,212,0,246,53,0,53,299
09/02/2011,MMU,NJ,AEA,EN,Towers with Radar,0,29,70,0,99,0,5,137,2,144,0,34,207,2,243,60,16,76,319
09/03/2011,MMU,NJ,AEA,EN,Towers with Radar,0,23,19,0,42,0,3,121,6,130,0,26,140,6,172,144,0,144,316
09/04/2011,MMU,NJ,AEA,EN,Towers with Radar,0,25,39,1,65,0,2,65,0,67,0,27,104,1,132,64,0,64,196
09/05/2011,MMU,NJ,AEA,EN,Towers with Radar,0,30,48,0,78,0,2,75,1,78,0,32,123,1,156,82,0,82,238
09/06/2011,MMU,NJ,AEA,EN,Towers with Radar,0,39,71,0,110,0,0,1,0,1,0,39,72,0,111,0,0,0,111
09/07/2011,MMU,NJ,AEA,EN,Towers with Radar,0,30,58,0,88,0,0,0,0,0,0,30,58,0,88,0,0,0,88
09/08/2011,MMU,NJ,AEA,EN,Towers with Radar,0,36,61,0,97,0,2,94,0,96,0,38,155,0,193,69,0,69,262
09/09/2011,MMU,NJ,AEA,EN,Towers with Radar,0,26,65,0,91,0,1,87,0,88,0,27,152,0,179,46,0,46,225
09/10/2011,MMU,NJ,AEA,EN,Towers with Radar,0,19,28,0,47,0,0,158,0,158,0,19,186,0,205,158,0,158,363
09/11/2011,MMU,NJ,AEA,EN,Towers with Radar,0,31,62,0,93,0,1,86,1,88,0,32,148,1,181,116,0,116,297
09/12/2011,MMU,NJ,AEA,EN,Towers with Radar,0,28,51,0,79,0,0,102,0,102,0,28,153,0,181,52,0,52,233
09/13/2011,MMU,NJ,AEA,EN,Towers with Radar,0,28,63,0,91,0,0,131,0,131,0,28,194,0,222,104,0,104,326
09/14/2011,MMU,NJ,AEA,EN,Towers with Radar,0,24,60,0,84,0,7,138,0,145,0,31,198,0,229,82,0,82,311
09/15/2011,MMU,NJ,AEA,EN,Towers with Radar,0,26,77,0,103,0,0,60,0,60,0,26,137,0,163,36,0,36,199
09/16/2011,MMU,NJ,AEA,EN,Towers with Radar,0,31,57,0,88,0,3,173,0,176,0,34,230,0,264,86,0,86,350
09/17/2011,MMU,NJ,AEA,EN,Towers with Radar,0,13,24,0,37,0,1,157,0,158,0,14,181,0,195,252,12,264,459
09/18/2011,MMU,NJ,AEA,EN,Towers with Radar,0,28,50,0,78,0,1,174,0,175,0,29,224,0,253,112,0,112,365
09/19/2011,MMU,NJ,AEA,EN,Towers with Radar,0,20,63,0,83,0,0,143,0,143,0,20,206,0,226,72,0,72,298
09/20/2011,MMU,NJ,AEA,EN,Towers with Radar,0,27,76,0,103,0,1,15,0,16,0,28,91,0,119,0,0,0,119
09/21/2011,MMU,NJ,AEA,EN,Towers with Radar,0,21,72,0,93,0,0,4,0,4,0,21,76,0,97,0,0,0,97
09/22/2011,MMU,NJ,AEA,EN,Towers with Radar,0,25,83,0,108,0,2,35,0,37,0,27,118,0,145,38,0,38,183
09/23/2011,MMU,NJ,AEA,EN,Towers with Radar,0,29,59,0,88,0,0,0,0,0,0,29,59,0,88,0,0,0,88
09/24/2011,MMU,NJ,AEA,EN,Towers with Radar,0,11,49,1,61,0,0,86,0,86,0,11,135,1,147,72,0,72,219
09/25/2011,MMU,NJ,AEA,EN,Towers with Radar,0,22,53,1,76,0,0,125,0,125,0,22,178,1,201,152,0,152,353
09/26/2011,MMU,NJ,AEA,EN,Towers with Radar,0,26,35,0,61,0,2,83,0,85,0,28,118,0,146,100,0,100,246
09/27/2011,MMU,NJ,AEA,EN,Towers with Radar,0,31,53,0,84,0,1,16,0,17,0,32,69,0,101,4,0,4,105
09/28/2011,MMU,NJ,AEA,EN,Towers with Radar,0,21,67,0,88,0,0,0,0,0,0,21,67,0,88,0,0,0,88
09/29/2011,MMU,NJ,AEA,EN,Towers with Radar,1,28,52,0,81,0,0,62,0,62,1,28,114,0,143,46,0,46,189
09/30/2011,MMU,NJ,AEA,EN,Towers with Radar,0,32,64,0,96,0,0,156,1,157,0,32,220,1,253,109,0,109,362
10/01/2011,MMU,NJ,AEA,EN,Towers with Radar,0,19,30,0,49,0,4,86,0,90,0,23,116,0,139,132,0,132,271
10/02/2011,MMU,NJ,AEA,EN,Towers with Radar,0,29,65,0,94,0,0,114,0,114,0,29,179,0,208,142,0,142,350
10/03/2011,MMU,NJ,AEA,EN,Towers with Radar,0,23,42,1,66,0,2,81,0,83,0,25,123,1,149,110,0,110,259
10/04/2011,MMU,NJ,AEA,EN,Towers with Radar,0,27,65,0,92,0,0,95,0,95,0,27,160,0,187,92,0,92,279
10/05/2011,MMU,NJ,AEA,EN,Towers with Radar,0,21,34,0,55,0,3,94,1,98,0,24,128,1,153,12,0,12,165
10/06/2011,MMU,NJ,AEA,EN,Towers with Radar,0,31,70,0,101,0,1,119,1,121,0,32,189,1,222,72,0,72,294
10/07/2011,MMU,NJ,AEA,EN,Towers with Radar,0,50,63,0,113,0,2,191,0,193,0,52,254,0,306,116,0,116,422
10/08/2011,MMU,NJ,AEA,EN,Towers with Radar,0,20,31,0,51,0,2,183,0,185,0,22,214,0,236,190,0,190,426
10/09/2011,MMU,NJ,AEA,EN,Towers with Radar,0,21,47,0,68,0,1,169,0,170,0,22,216,0,238,98,0,98,336
10/10/2011,MMU,NJ,AEA,EN,Towers with Radar,0,28,60,0,88,0,0,112,0,112,0,28,172,0,200,96,0,96,296
10/11/2011,MMU,NJ,AEA,EN,Towers with Radar,0,32,48,1,81,0,2,99,0,101,0,34,147,1,182,80,0,80,262
10/12/2011,MMU,NJ,AEA,EN,Towers with Radar,0,38,59,0,97,0,0,21,0,21,0,38,80,0,118,6,0,6,124
10/13/2011,MMU,NJ,AEA,EN,Towers with Radar,0,27,67,0,94,0,0,0,0,0,0,27,67,0,94,0,0,0,94
10/14/2011,MMU,NJ,AEA,EN,Towers with Radar,0,29,59,0,88,0,2,24,0,26,0,31,83,0,114,0,0,0,114
10/15/2011,MMU,NJ,AEA,EN,Towers with Radar,0,22,37,0,59,0,0,55,0,55,0,22,92,0,114,86,0,86,200
10/16/2011,MMU,NJ,AEA,EN,Towers with Radar,0,31,36,0,67,0,1,110,0,111,0,32,146,0,178,80,0,80,258
10/17/2011,MMU,NJ,AEA,EN,Towers with Radar,0,26,54,0,80,0,2,72,1,75,0,28,126,1,155,22,0,22,177
10/18/2011,MMU,NJ,AEA,EN,Towers with Radar,0,16,34,0,50,0,1,70,0,71,0,17,104,0,121,42,0,42,163
10/19/2011,MMU,NJ,AEA,EN,Towers with Radar,0,19,60,0,79,0,0,0,0,0,0,19,60,0,79,0,0,0,79
10/20/2011,MMU,NJ,AEA,EN,Towers with Radar,0,38,71,1,110,0,9,50,0,59,0,47,121,1,169,10,0,10,179
10/21/2011,MMU,NJ,AEA,EN,Towers with Radar,0,40,67,0,107,0,3,114,0,117,0,43,181,0,224,38,0,38,262
10/22/2011,MMU,NJ,AEA,EN,Towers with Radar,0,13,40,0,53,0,1,144,2,147,0,14,184,2,200,92,0,92,292
10/23/2011,MMU,NJ,AEA,EN,Towers with Radar,0,20,49,0,69,0,1,160,0,161,0,21,209,0,230,102,0,102,332
10/24/2011,MMU,NJ,AEA,EN,Towers with Radar,0,22,63,1,86,0,1,68,1,70,0,23,131,2,156,29,0,29,185
10/25/2011,MMU,NJ,AEA,EN,Towers with Radar,0,14,47,0,61,0,2,47,0,49,0,16,94,0,110,32,0,32,142
10/26/2011,MMU,NJ,AEA,EN,Towers with Radar,0,20,68,1,89,0,0,52,1,53,0,20,120,2,142,56,18,74,216
10/27/2011,MMU,NJ,AEA,EN,Towers with Radar,0,37,63,0,100,0,0,0,0,0,0,37,63,0,100,0,0,0,100
10/28/2011,MMU,NJ,AEA,EN,Towers with Radar,0,38,76,0,114,0,2,110,0,112,0,40,186,0,226,58,0,58,284
10/29/2011,MMU,NJ,AEA,EN,Towers with Radar,0,4,19,0,23,0,0,1,0,1,0,4,20,0,24,4,0,4,28
10/30/2011,MMU,NJ,AEA,EN,Towers with Radar,0,29,51,0,80,0,2,70,0,72,0,31,121,0,152,50,0,50,202
10/31/2011,MMU,NJ,AEA,EN,Towers with Radar,0,30,39,0,69,0,0,56,0,56,0,30,95,0,125,50,0,50,175
11/01/2011,MMU,NJ,AEA,EN,Towers with Radar,0,26,51,0,77,0,1,53,0,54,0,27,104,0,131,8,0,8,139
11/02/2011,MMU,NJ,AEA,EN,Towers with Radar,0,30,63,0,93,0,2,71,0,73,0,32,134,0,166,20,0,20,186
11/03/2011,MMU,NJ,AEA,EN,Towers with Radar,0,26,50,0,76,0,4,56,2,62,0,30,106,2,138,46,0,46,184
11/04/2011,MMU,NJ,AEA,EN,Towers with Radar,0,22,63,0,85,0,0,69,0,69,0,22,132,0,154,25,0,25,179
11/05/2011,MMU,NJ,AEA,EN,Towers with Radar,0,13,39,0,52,0,0,148,0,148,0,13,187,0,200,166,0,166,366
11/06/2011,MMU,NJ,AEA,EN,Towers with Radar,0,29,56,0,85,0,1,183,0,184,0,30,239,0,269,76,0,76,345
11/07/2011,MMU,NJ,AEA,EN,Towers with Radar,0,32,67,0,99,0,1,48,0,49,0,33,115,0,148,24,0,24,172
11/08/2011,MMU,NJ,AEA,EN,Towers with Radar,0,22,65,0,87,0,2,85,0,87,0,24,150,0,174,18,0,18,192
11/09/2011,MMU,NJ,AEA,EN,Towers with Radar,0,27,69,0,96,0,0,90,0,90,0,27,159,0,186,26,0,26,212
11/10/2011,MMU,NJ,AEA,EN,Towers with Radar,0,28,53,0,81,0,0,30,0,30,0,28,83,0,111,0,0,0,111
11/11/2011,MMU,NJ,AEA,EN,Towers with Radar,0,33,32,1,66,0,0,66,0,66,0,33,98,1,132,6,0,6,138
11/12/2011,MMU,NJ,AEA,EN,Towers with Radar,0,9,15,0,24,0,7,106,0,113,0,16,121,0,137,64,0,64,201
11/13/2011,MMU,NJ,AEA,EN,Towers with Radar,0,24,58,0,82,0,0,162,0,162,0,24,220,0,244,104,0,104,348
11/14/2011,MMU,NJ,AEA,EN,Towers with Radar,0,19,40,0,59,0,0,43,0,43,0,19,83,0,102,40,0,40,142
11/15/2011,MMU,NJ,AEA,EN,Towers with Radar,0,20,70,0,90,0,0,47,0,47,0,20,117,0,137,20,0,20,157
11/16/2011,MMU,NJ,AEA,EN,Towers with Radar,0,35,58,0,93,0,0,5,0,5,0,35,63,0,98,0,0,0,98
11/17/2011,MMU,NJ,AEA,EN,Towers with Radar,0,31,50,0,81,0,2,27,0,29,0,33,77,0,110,0,0,0,110
11/18/2011,MMU,NJ,AEA,EN,Towers with Radar,0,27,63,0,90,0,1,109,2,112,0,28,172,2,202,34,0,34,236
11/19/2011,MMU,NJ,AEA,EN,Towers with Radar,0,17,33,0,50,0,0,120,2,122,0,17,153,2,172,86,0,86,258
11/20/2011,MMU,NJ,AEA,EN,Towers with Radar,0,21,54,0,75,0,4,128,1,133,0,25,182,1,208,36,0,36,244
11/21/2011,MMU,NJ,AEA,EN,Towers with Radar,0,31,49,0,80,0,1,72,0,73,0,32,121,0,153,38,0,38,191
11/22/2011,MMU,NJ,AEA,EN,Towers with Radar,0,58,79,0,137,0,0,0,0,0,0,58,79,0,137,0,0,0,137
11/23/2011,MMU,NJ,AEA,EN,Towers with Radar,0,33,69,0,102,0,0,4,0,4,0,33,73,0,106,0,0,0,106
11/24/2011,MMU,NJ,AEA,EN,Towers with Radar,0,15,15,0,30,0,0,49,0,49,0,15,64,0,79,20,0,20,99
11/25/2011,MMU,NJ,AEA,EN,Towers with Radar,0,17,24,0,41,0,2,128,0,130,0,19,152,0,171,84,0,84,255
11/26/2011,MMU,NJ,AEA,EN,Towers with Radar,0,26,27,0,53,0,4,157,0,161,0,30,184,0,214,74,0,74,288
11/27/2011,MMU,NJ,AEA,EN,Towers with Radar,0,56,111,0,167,0,0,130,1,131,0,56,241,1,298,82,0,82,380
11/28/2011,MMU,NJ,AEA,EN,Towers with Radar,0,29,49,0,78,0,1,59,0,60,0,30,108,0,138,14,0,14,152
11/29/2011,MMU,NJ,AEA,EN,Towers with Radar,0,15,64,0,79,0,0,0,0,0,0,15,64,0,79,0,0,0,79
11/30/2011,MMU,NJ,AEA,EN,Towers with Radar,0,26,63,0,89,0,2,59,0,61,0,28,122,0,150,22,0,22,172
12/01/2011,MMU,NJ,AEA,EN,Towers with Radar,0,31,73,0,104,0,2,103,0,105,0,33,176,0,209,48,0,48,257
12/02/2011,MMU,NJ,AEA,EN,Towers with Radar,0,18,46,0,64,0,4,87,0,91,0,22,133,0,155,72,0,72,227
12/03/2011,MMU,NJ,AEA,EN,Towers with Radar,0,22,26,0,48,0,2,147,4,153,0,24,173,4,201,123,0,123,324
12/04/2011,MMU,NJ,AEA,EN,Towers with Radar,0,22,66,0,88,0,3,148,0,151,0,25,214,0,239,102,0,102,341
12/05/2011,MMU,NJ,AEA,EN,Towers with Radar,0,57,125,0,182,0,2,20,0,22,0,59,145,0,204,0,0,0,204
12/06/2011,MMU,NJ,AEA,EN,Towers with Radar,0,33,66,0,99,0,0,0,0,0,0,33,66,0,99,0,0,0,99
12/07/2011,MMU,NJ,AEA,EN,Towers with Radar,0,32,65,0,97,0,0,0,0,0,0,32,65,0,97,0,0,0,97
12/08/2011,MMU,NJ,AEA,EN,Towers with Radar,0,29,52,0,81,0,3,52,0,55,0,32,104,0,136,40,0,40,176
12/09/2011,MMU,NJ,AEA,EN,Towers with Radar,0,45,66,0,111,0,1,112,0,113,0,46,178,0,224,100,0,100,324
12/10/2011,MMU,NJ,AEA,EN,Towers with Radar,0,19,21,0,40,0,1,84,0,85,0,20,105,0,125,55,0,55,180
12/11/2011,MMU,NJ,AEA,EN,Towers with Radar,0,23,49,0,72,0,0,142,2,144,0,23,191,2,216,56,0,56,272
12/12/2011,MMU,NJ,AEA,EN,Towers with Radar,0,30,58,0,88,0,1,63,0,64,0,31,121,0,152,64,0,64,216
12/13/2011,MMU,NJ,AEA,EN,Towers with Radar,0,31,53,0,84,0,0,60,2,62,0,31,113,2,146,24,0,24,170
12/14/2011,MMU,NJ,AEA,EN,Towers with Radar,0,31,44,1,76,0,1,65,0,66,0,32,109,1,142,45,0,45,187
12/15/2011,MMU,NJ,AEA,EN,Towers with Radar,0,34,37,0,71,0,1,28,0,29,0,35,65,0,100,34,0,34,134
12/16/2011,MMU,NJ,AEA,EN,Towers with Radar,0,32,61,0,93,0,2,50,0,52,0,34,111,0,145,22,0,22,167
12/17/2011,MMU,NJ,AEA,EN,Towers with Radar,0,15,30,0,45,0,0,125,2,127,0,15,155,2,172,34,0,34,206
12/18/2011,MMU,NJ,AEA,EN,Towers with Radar,0,23,30,0,53,0,1,100,1,102,0,24,130,1,155,40,0,40,195
12/19/2011,MMU,NJ,AEA,EN,Towers with Radar,0,21,55,0,76,0,3,64,0,67,0,24,119,0,143,48,0,48,191
12/20/2011,MMU,NJ,AEA,EN,Towers with Radar,0,31,53,0,84,0,2,89,0,91,0,33,142,0,175,32,0,32,207
12/21/2011,MMU,NJ,AEA,EN,Towers with Radar,0,35,43,0,78,0,0,0,0,0,0,35,43,0,78,0,0,0,78
12/22/2011,MMU,NJ,AEA,EN,Towers with Radar,0,26,44,0,70,0,2,73,2,77,0,28,117,2,147,18,0,18,165
12/23/2011,MMU,NJ,AEA,EN,Towers with Radar,0,30,31,0,61,0,0,42,0,42,0,30,73,0,103,28,0,28,131
12/24/2011,MMU,NJ,AEA,EN,Towers with Radar,0,12,15,0,27,0,3,57,0,60,0,15,72,0,87,24,0,24,111
12/25/2011,MMU,NJ,AEA,EN,Towers with Radar,0,13,9,0,22,0,0,19,0,19,0,13,28,0,41,0,0,0,41
12/26/2011,MMU,NJ,AEA,EN,Towers with Radar,0,44,64,0,108,0,0,61,0,61,0,44,125,0,169,30,0,30,199
12/27/2011,MMU,NJ,AEA,EN,Towers with Radar,0,28,53,0,81,0,2,49,0,51,0,30,102,0,132,52,0,52,184
12/28/2011,MMU,NJ,AEA,EN,Towers with Radar,0,26,25,0,51,0,4,15,0,19,0,30,40,0,70,0,0,0,70
12/29/2011,MMU,NJ,AEA,EN,Towers with Radar,0,24,25,2,51,0,4,107,0,111,0,28,132,2,162,80,0,80,242
12/30/2011,MMU,NJ,AEA,EN,Towers with Radar,0,25,28,0,53,0,5,109,0,114,0,30,137,0,167,55,0,55,222
12/31/2011,MMU,NJ,AEA,EN,Towers with Radar,0,17,15,0,32,0,2,66,2,70,0,19,81,2,102,76,6,82,184
01/01/2012,MMU,NJ,AEA,EN,Towers with Radar,0,24,47,0,71,0,2,47,0,49,0,26,94,0,120,0,0,0,120
01/02/2012,MMU,NJ,AEA,EN,Towers with Radar,0,29,55,0,84,0,1,28,0,29,0,30,83,0,113,16,0,16,129
01/03/2012,MMU,NJ,AEA,EN,Towers with Radar,0,34,35,0,69,0,2,14,0,16,0,36,49,0,85,0,0,0,85
01/04/2012,MMU,NJ,AEA,EN,Towers with Radar,0,21,46,0,67,0,3,44,1,48,0,24,90,1,115,48,0,48,163
01/05/2012,MMU,NJ,AEA,EN,Towers with Radar,0,17,42,0,59,0,0,39,0,39,0,17,81,0,98,39,0,39,137
01/06/2012,MMU,NJ,AEA,EN,Towers with Radar,0,26,38,0,64,0,2,57,4,63,0,28,95,4,127,46,0,46,173
01/07/2012,MMU,NJ,AEA,EN,Towers with Radar,0,10,21,0,31,0,1,141,0,142,0,11,162,0,173,84,0,84,257
01/08/2012,MMU,NJ,AEA,EN,Towers with Radar,0,16,55,0,71,0,0,127,0,127,0,16,182,0,198,88,0,88,286
01/09/2012,MMU,NJ,AEA,EN,Towers with Radar,0,19,30,0,49,0,0,50,1,51,0,19,80,1,100,12,0,12,112
01/10/2012,MMU,NJ,AEA,EN,Towers with Radar,0,29,46,0,75,0,0,47,0,47,0,29,93,0,122,28,0,28,150
01/11/2012,MMU,NJ,AEA,EN,Towers with Radar,0,18,50,0,68,0,6,47,0,53,0,24,97,0,121,4,0,4,125
01/12/2012,MMU,NJ,AEA,EN,Towers with Radar,0,41,54,0,95,0,0,0,0,0,0,41,54,0,95,0,0,0,95
01/13/2012,MMU,NJ,AEA,EN,Towers with Radar,0,35,53,0,88,0,3,8,0,11,0,38,61,0,99,0,0,0,99
01/14/2012,MMU,NJ,AEA,EN,Towers with Radar,0,16,32,0,48,0,0,43,0,43,0,16,75,0,91,38,0,38,129
01/15/2012,MMU,NJ,AEA,EN,Towers with Radar,0,22,26,0,48,0,2,59,0,61,0,24,85,0,109,30,0,30,139
01/16/2012,MMU,NJ,AEA,EN,Towers with Radar,0,40,65,0,105,0,2,69,0,71,0,42,134,0,176,44,0,44,220
01/17/2012,MMU,NJ,AEA,EN,Towers with Radar,0,19,55,0,74,0,0,4,0,4,0,19,59,0,78,0,0,0,78
01/18/2012,MMU,NJ,AEA,EN,Towers with Radar,0,18,54,0,72,0,12,17,0,29,0,30,71,0,101,0,0,0,101
01/19/2012,MMU,NJ,AEA,EN,Towers with Radar,0,32,69,0,101,0,2,40,3,45,0,34,109,3,146,0,0,0,146
01/20/2012,MMU,NJ,AEA,EN,Towers with Radar,0,19,42,0,61,0,2,66,0,68,0,21,108,0,129,8,0,8,137
01/21/2012,MMU,NJ,AEA,EN,Towers with Radar,0,5,9,0,14,0,0,2,0,2,0,5,11,0,16,0,0,0,16
01/22/2012,MMU,NJ,AEA,EN,Towers with Radar,0,22,39,0,61,0,2,71,0,73,0,24,110,0,134,160,0,160,294
01/23/2012,MMU,NJ,AEA,EN,Towers with Radar,0,28,44,0,72,0,0,0,0,0,0,28,44,0,72,0,0,0,72
01/24/2012,MMU,NJ,AEA,EN,Towers with Radar,0,21,68,0,89,0,1,59,1,61,0,22,127,1,150,10,0,10,160
01/25/2012,MMU,NJ,AEA,EN,Towers with Radar,0,26,45,0,71,0,4,74,0,78,0,30,119,0,149,48,0,48,197
01/26/2012,MMU,NJ,AEA,EN,Towers with Radar,0,20,37,0,57,0,0,24,0,24,0,20,61,0,81,12,0,12,93
01/27/2012,MMU,NJ,AEA,EN,Towers with Radar,1,34,46,0,81,0,0,11,0,11,1,34,57,0,92,0,0,0,92
01/28/2012,MMU,NJ,AEA,EN,Towers with Radar,0,9,22,0,31,0,0,113,2,115,0,9,135,2,146,50,0,50,196
01/29/2012,MMU,NJ,AEA,EN,Towers with Radar,0,27,51,0,78,0,1,151,0,152,0,28,202,0,230,50,0,50,280
01/30/2012,MMU,NJ,AEA,EN,Towers with Radar,0,24,42,0,66,0,1,59,0,60,0,25,101,0,126,16,0,16,142
01/31/2012,MMU,NJ,AEA,EN,Towers with Radar,0,27,43,0,70,0,0,65,0,65,0,27,108,0,135,10,0,10,145
02/01/2012,MMU,NJ,AEA,EN,Towers with Radar,0,16,54,0,70,0,1,29,0,30,0,17,83,0,100,8,0,8,108
02/02/2012,MMU,NJ,AEA,EN,Towers with Radar,0,39,50,0,89,0,1,61,2,64,0,40,111,2,153,22,0,22,175
02/03/2012,MMU,NJ,AEA,EN,Towers with Radar,0,35,53,0,88,0,0,61,0,61,0,35,114,0,149,38,0,38,187
02/04/2012,MMU,NJ,AEA,EN,Towers with Radar,0,28,34,0,62,0,4,119,2,125,0,32,153,2,187,68,24,92,279
02/05/2012,MMU,NJ,AEA,EN,Towers with Radar,0,34,46,0,80,0,2,123,2,127,0,36,169,2,207,54,0,54,261
02/06/2012,MMU,NJ,AEA,EN,Towers with Radar,0,79,69,0,148,0,8,47,0,55,0,87,116,0,203,8,0,8,211
02/07/2012,MMU,NJ,AEA,EN,Towers with Radar,0,24,53,0,77,0,1,73,0,74,0,25,126,0,151,16,0,16,167
02/08/2012,MMU,NJ,AEA,EN,Towers with Radar,0,29,46,0,75,0,0,36,0,36,0,29,82,0,111,10,0,10,121
02/09/2012,MMU,NJ,AEA,EN,Towers with Radar,0,29,51,0,80,0,2,53,1,56,0,31,104,1,136,30,0,30,166
02/10/2012,MMU,NJ,AEA,EN,Towers with Radar,0,47,30,0,77,0,2,69,0,71,0,49,99,0,148,48,0,48,196
02/11/2012,MMU,NJ,AEA,EN,Towers with Radar,0,18,17,0,35,0,0,2,0,2,0,18,19,0,37,0,0,0,37
02/12/2012,MMU,NJ,AEA,EN,Towers with Radar,0,32,27,0,59,0,3,38,0,41,0,35,65,0,100,20,0,20,120
02/13/2012,MMU,NJ,AEA,EN,Towers with Radar,0,15,33,0,48,0,0,55,0,55,0,15,88,0,103,16,0,16,119
02/14/2012,MMU,NJ,AEA,EN,Towers with Radar,0,20,41,0,61,0,2,62,0,64,0,22,103,0,125,26,0,26,151
02/15/2012,MMU,NJ,AEA,EN,Towers with Radar,0,25,62,0,87,0,0,21,0,21,0,25,83,0,108,26,0,26,134
02/16/2012,MMU,NJ,AEA,EN,Towers with Radar,0,53,71,0,124,0,0,9,0,9,0,53,80,0,133,18,0,18,151
02/17/2012,MMU,NJ,AEA,EN,Towers with Radar,1,51,86,0,138,0,2,77,1,80,1,53,163,1,218,17,0,17,235
02/18/2012,MMU,NJ,AEA,EN,Towers with Radar,0,15,33,0,48,0,1,132,0,133,0,16,165,0,181,124,0,124,305
02/19/2012,MMU,NJ,AEA,EN,Towers with Radar,0,12,20,0,32,0,2,132,1,135,0,14,152,1,167,76,0,76,243
02/20/2012,MMU,NJ,AEA,EN,Towers with Radar,0,40,61,0,101,0,1,73,0,74,0,41,134,0,175,56,0,56,231
02/21/2012,MMU,NJ,AEA,EN,Towers with Radar,0,43,70,0,113,0,1,36,0,37,0,44,106,0,150,10,0,10,160
02/22/2012,MMU,NJ,AEA,EN,Towers with Radar,0,31,46,0,77,0,5,60,1,66,0,36,106,1,143,32,0,32,175
02/23/2012,MMU,NJ,AEA,EN,Towers with Radar,0,35,60,2,97,0,0,47,0,47,0,35,107,2,144,11,0,11,155
02/24/2012,MMU,NJ,AEA,EN,Towers with Radar,1,35,51,0,87,0,0,0,0,0,1,35,51,0,87,0,0,0,87
02/25/2012,MMU,NJ,AEA,EN,Towers with Radar,0,7,21,2,30,0,6,2,0,8,0,13,23,2,38,1,0,1,39
02/26/2012,MMU,NJ,AEA,EN,Towers with Radar,0,28,43,0,71,0,4,100,2,106,0,32,143,2,177,32,0,32,209
02/27/2012,MMU,NJ,AEA,EN,Towers with Radar,0,18,44,0,62,0,0,62,3,65,0,18,106,3,127,24,0,24,151
02/28/2012,MMU,NJ,AEA,EN,Towers with Radar,0,28,50,0,78,0,2,73,0,75,0,30,123,0,153,12,0,12,165
02/29/2012,MMU,NJ,AEA,EN,Towers with Radar,0,27,56,0,83,0,0,3,0,3,0,27,59,0,86,18,0,18,104
03/01/2012,MMU,NJ,AEA,EN,Towers with Radar,0,46,51,0,97,0,2,3,0,5,0,48,54,0,102,0,0,0,102
03/02/2012,MMU,NJ,AEA,EN,Towers with Radar,0,38,59,0,97,0,0,25,1,26,0,38,84,1,123,57,0,57,180
03/03/2012,MMU,NJ,AEA,EN,Towers with Radar,0,15,22,0,37,0,7,26,0,33,0,22,48,0,70,16,0,16,86
03/04/2012,MMU,NJ,AEA,EN,Towers with Radar,0,32,43,0,75,0,6,125,2,133,0,38,168,2,208,80,0,80,288
03/05/2012,MMU,NJ,AEA,EN,Towers with Radar,0,23,40,0,63,0,8,67,0,75,0,31,107,0,138,48,0,48,186
03/06/2012,MMU,NJ,AEA,EN,Towers with Radar,0,16,51,2,69,0,2,79,0,81,0,18,130,2,150,22,0,22,172
03/07/2012,MMU,NJ,AEA,EN,Towers with Radar,0,21,60,0,81,0,2,94,0,96,0,23,154,0,177,44,0,44,221
03/08/2012,MMU,NJ,AEA,EN,Towers with Radar,0,33,53,0,86,0,2,45,0,47,0,35,98,0,133,14,0,14,147
03/09/2012,MMU,NJ,AEA,EN,Towers with Radar,0,29,59,0,88,0,17,61,0,78,0,46,120,0,166,4,0,4,170
03/10/2012,MMU,NJ,AEA,EN,Towers with Radar,0,25,26,0,51,0,0,99,0,99,0,25,125,0,150,60,0,60,210
03/11/2012,MMU,NJ,AEA,EN,Towers with Radar,0,31,44,0,75,0,4,118,3,125,0,35,162,3,200,52,0,52,252
03/12/2012,MMU,NJ,AEA,EN,Towers with Radar,0,28,37,0,65,0,1,79,0,80,0,29,116,0,145,28,0,28,173
03/13/2012,MMU,NJ,AEA,EN,Towers with Radar,0,34,34,0,68,0,2,44,0,46,0,36,78,0,114,28,0,28,142
03/14/2012,MMU,NJ,AEA,EN,Towers with Radar,0,31,60,0,91,0,1,81,0,82,0,32,141,0,173,6,0,6,179
03/15/2012,MMU,NJ,AEA,EN,Towers with Radar,0,41,85,0,126,0,0,17,0,17,0,41,102,0,143,6,0,6,149
03/16/2012,MMU,NJ,AEA,EN,Towers with Radar,0,30,73,0,103,0,1,0,0,1,0,31,73,0,104,0,0,0,104
03/17/2012,MMU,NJ,AEA,EN,Towers with Radar,0,23,25,0,48,0,1,111,1,113,0,24,136,1,161,92,0,92,253
03/18/2012,MMU,NJ,AEA,EN,Towers with Radar,0,34,48,0,82,0,0,89,0,89,0,34,137,0,171,44,0,44,215
03/19/2012,MMU,NJ,AEA,EN,Towers with Radar,0,32,56,0,88,0,0,60,0,60,0,32,116,0,148,36,0,36,184
03/20/2012,MMU,NJ,AEA,EN,Towers with Radar,0,29,46,0,75,0,1,35,0,36,0,30,81,0,111,16,0,16,127
03/21/2012,MMU,NJ,AEA,EN,Towers with Radar,0,33,65,0,98,0,2,14,0,16,0,35,79,0,114,6,12,18,132
03/22/2012,MMU,NJ,AEA,EN,Towers with Radar,0,40,52,0,92,0,2,67,0,69,0,42,119,0,161,48,0,48,209
03/23/2012,MMU,NJ,AEA,EN,Towers with Radar,0,22,44,1,67,0,5,70,2,77,0,27,114,3,144,26,0,26,170
03/24/2012,MMU,NJ,AEA,EN,Towers with Radar,0,16,27,0,43,0,1,59,0,60,0,17,86,0,103,66,0,66,169
03/25/2012,MMU,NJ,AEA,EN,Towers with Radar,0,22,57,0,79,0,2,25,0,27,0,24,82,0,106,19,0,19,125
03/26/2012,MMU,NJ,AEA,EN,Towers with Radar,0,20,49,0,69,0,4,11,0,15,0,24,60,0,84,0,0,0,84
03/27/2012,MMU,NJ,AEA,EN,Towers with Radar,0,18,60,0,78,0,2,50,0,52,0,20,110,0,130,24,0,24,154
03/28/2012,MMU,NJ,AEA,EN,Towers with Radar,0,24,55,0,79,0,2,36,0,38,0,26,91,0,117,14,0,14,131
03/29/2012,MMU,NJ,AEA,EN,Towers with Radar,1,26,29,0,56,0,2,32,0,34,1,28,61,0,90,0,0,0,90
03/30/2012,MMU,NJ,AEA,EN,Towers with Radar,0,27,43,0,70,0,0,80,0,80,0,27,123,0,150,22,0,22,172
03/31/2012,MMU,NJ,AEA,EN,Towers with Radar,0,13,31,0,44,0,0,0,0,0,0,13,31,0,44,0,0,0,44
04/01/2012,MMU,NJ,AEA,EN,Towers with Radar,0,34,41,0,75,0,0,77,1,78,0,34,118,1,153,124,4,128,281
04/02/2012,MMU,NJ,AEA,EN,Towers with Radar,1,21,42,2,66,0,2,30,0,32,1,23,72,2,98,0,0,0,98
04/03/2012,MMU,NJ,AEA,EN,Towers with Radar,0,27,47,0,74,0,2,57,1,60,0,29,104,1,134,10,0,10,144
04/04/2012,MMU,NJ,AEA,EN,Towers with Radar,0,34,47,0,81,0,10,47,0,57,0,44,94,0,138,4,0,4,142
04/05/2012,MMU,NJ,AEA,EN,Towers with Radar,0,47,65,0,112,0,1,106,0,107,0,48,171,0,219,10,0,10,229
04/06/2012,MMU,NJ,AEA,EN,Towers with Radar,0,40,39,0,79,0,1,82,0,83,0,41,121,0,162,40,0,40,202
04/07/2012,MMU,NJ,AEA,EN,Towers with Radar,0,12,26,0,38,0,3,132,0,135,0,15,158,0,173,8,0,8,181
04/08/2012,MMU,NJ,AEA,EN,Towers with Radar,0,39,37,0,76,0,1,38,0,39,0,40,75,0,115,14,0,14,129
04/09/2012,MMU,NJ,AEA,EN,Towers with Radar,0,37,42,0,79,0,4,14,0,18,0,41,56,0,97,0,0,0,97
04/10/2012,MMU,NJ,AEA,EN,Towers with Radar,0,34,50,0,84,0,0,38,2,40,0,34,88,2,124,14,0,14,138
04/11/2012,MMU,NJ,AEA,EN,Towers with Radar,0,28,53,0,81,0,11,36,3,50,0,39,89,3,131,10,0,10,141
04/12/2012,MMU,NJ,AEA,EN,Towers with Radar,0,40,65,0,105,0,2,66,0,68,0,42,131,0,173,14,0,14,187
04/13/2012,MMU,NJ,AEA,EN,Towers with Radar,0,40,43,0,83,0,1,113,0,114,0,41,156,0,197,62,0,62,259
04/14/2012,MMU,NJ,AEA,EN,Towers with Radar,0,12,25,0,37,0,1,131,1,133,0,13,156,1,170,118,0,118,288
04/15/2012,MMU,NJ,AEA,EN,Towers with Radar,0,36,45,0,81,0,2,111,0,113,0,38,156,0,194,89,0,89,283
04/16/2012,MMU,NJ,AEA,EN,Towers with Radar,0,31,49,0,80,0,1,46,0,47,0,32,95,0,127,34,0,34,161
04/17/2012,MMU,NJ,AEA,EN,Towers with Radar,0,28,42,0,70,0,3,58,0,61,0,31,100,0,131,47,0,47,178
04/18/2012,MMU,NJ,AEA,EN,Towers with Radar,0,23,44,0,67,0,3,63,0,66,0,26,107,0,133,58,0,58,191
04/19/2012,MMU,NJ,AEA,EN,Towers with Radar,0,41,51,0,92,0,2,76,0,78,0,43,127,0,170,48,0,48,218
04/20/2012,MMU,NJ,AEA,EN,Towers with Radar,0,40,46,0,86,0,6,78,0,84,0,46,124,0,170,44,0,44,214
04/21/2012,MMU,NJ,AEA,EN,Towers with Radar,0,15,16,0,31,0,3,59,1,63,0,18,75,1,94,65,0,65,159
04/22/2012,MMU,NJ,AEA,EN,Towers with Radar,0,31,53,0,84,0,1,6,0,7,0,32,59,0,91,35,0,35,126
04/23/2012,MMU,NJ,AEA,EN,Towers with Radar,0,24,58,0,82,0,2,8,0,10,0,26,66,0,92,14,0,14,106
04/24/2012,MMU,NJ,AEA,EN,Towers with Radar,0,27,50,0,77,0,3,35,0,38,0,30,85,0,115,22,0,22,137
04/25/2012,MMU,NJ,AEA,EN,Towers with Radar,0,18,62,0,80,0,1,68,0,69,0,19,130,0,149,16,0,16,165
04/26/2012,MMU,NJ,AEA,EN,Towers with Radar,0,37,58,0,95,0,3,38,0,41,0,40,96,0,136,49,0,49,185
04/27/2012,MMU,NJ,AEA,EN,Towers with Radar,0,42,50,0,92,0,9,31,0,40,0,51,81,0,132,3,0,3,135
04/28/2012,MMU,NJ,AEA,EN,Towers with Radar,0,7,17,0,24,0,1,109,0,110,0,8,126,0,134,30,0,30,164
04/29/2012,MMU,NJ,AEA,EN,Towers with Radar,0,24,29,0,53,0,8,102,0,110,0,32,131,0,163,58,0,58,221
04/30/2012,MMU,NJ,AEA,EN,Towers with Radar,0,47,51,0,98,0,0,75,2,77,0,47,126,2,175,56,0,56,231
05/01/2012,MMU,NJ,AEA,EN,Towers with Radar,0,34,54,0,88,0,3,20,0,23,0,37,74,0,111,29,0,29,140
05/02/2012,MMU,NJ,AEA,EN,Towers with Radar,0,30,70,0,100,0,0,0,0,0,0,30,70,0,100,0,0,0,100
05/03/2012,MMU,NJ,AEA,EN,Towers with Radar,0,37,87,0,124,0,0,0,0,0,0,37,87,0,124,0,0,0,124
05/04/2012,MMU,NJ,AEA,EN,Towers with Radar,0,33,54,0,87,0,2,27,0,29,0,35,81,0,116,16,0,16,132
05/05/2012,MMU,NJ,AEA,EN,Towers with Radar,0,10,40,0,50,0,0,21,0,21,0,10,61,0,71,8,0,8,79
05/06/2012,MMU,NJ,AEA,EN,Towers with Radar,0,18,41,1,60,0,1,81,2,84,0,19,122,3,144,126,0,126,270
05/07/2012,MMU,NJ,AEA,EN,Towers with Radar,0,29,51,0,80,0,1,52,0,53,0,30,103,0,133,62,0,62,195
05/08/2012,MMU,NJ,AEA,EN,Towers with Radar,0,29,57,0,86,0,6,25,2,33,0,35,82,2,119,16,0,16,135
05/09/2012,MMU,NJ,AEA,EN,Towers with Radar,0,24,62,0,86,0,7,19,0,26,0,31,81,0,112,11,0,11,123
05/10/2012,MMU,NJ,AEA,EN,Towers with Radar,0,28,46,0,74,0,1,56,3,60,0,29,102,3,134,23,0,23,157
05/11/2012,MMU,NJ,AEA,EN,Towers with Radar,1,36,43,0,80,0,1,80,1,82,1,37,123,1,162,31,0,31,193
05/12/2012,MMU,NJ,AEA,EN,Towers with Radar,0,9,25,0,34,0,2,116,1,119,0,11,141,1,153,86,0,86,239
05/13/2012,MMU,NJ,AEA,EN,Towers with Radar,0,30,28,0,58,0,4,77,0,81,0,34,105,0,139,36,0,36,175
05/14/2012,MMU,NJ,AEA,EN,Towers with Radar,0,44,86,0,130,0,0,5,0,5,0,44,91,0,135,2,0,2,137
05/15/2012,MMU,NJ,AEA,EN,Towers with Radar,0,31,91,3,125,0,0,1,0,1,0,31,92,3,126,6,0,6,132
05/16/2012,MMU,NJ,AEA,EN,Towers with Radar,0,36,69,0,105,0,3,34,2,39,0,39,103,2,144,23,0,23,167
05/17/2012,MMU,NJ,AEA,EN,Towers with Radar,0,35,75,0,110,0,3,100,0,103,0,38,175,0,213,88,0,88,301
05/18/2012,MMU,NJ,AEA,EN,Towers with Radar,0,39,57,0,96,0,1,120,0,121,0,40,177,0,217,75,0,75,292
05/19/2012,MMU,NJ,AEA,EN,Towers with Radar,0,17,29,0,46,0,7,143,0,150,0,24,172,0,196,88,0,88,284
05/20/2012,MMU,NJ,AEA,EN,Towers with Radar,0,30,43,0,73,0,4,100,0,104,0,34,143,0,177,132,0,132,309
05/21/2012,MMU,NJ,AEA,EN,Towers with Radar,0,24,69,0,93,0,0,0,0,0,0,24,69,0,93,0,0,0,93
05/22/2012,MMU,NJ,AEA,EN,Towers with Radar,0,26,66,4,96,0,0,10,0,10,0,26,76,4,106,14,0,14,120
05/23/2012,MMU,NJ,AEA,EN,Towers with Radar,0,22,66,0,88,0,7,21,0,28,0,29,87,0,116,5,0,5,121
05/24/2012,MMU,NJ,AEA,EN,Towers with Radar,0,50,78,0,128,0,0,0,0,0,0,50,78,0,128,0,0,0,128
05/25/2012,MMU,NJ,AEA,EN,Towers with Radar,0,54,60,0,114,0,7,4,0,11,0,61,64,0,125,0,0,0,125
05/26/2012,MMU,NJ,AEA,EN,Towers with Radar,0,4,33,0,37,0,0,69,0,69,0,4,102,0,106,80,0,80,186
05/27/2012,MMU,NJ,AEA,EN,Towers with Radar,0,7,16,0,23,0,1,66,0,67,0,8,82,0,90,70,0,70,160
05/28/2012,MMU,NJ,AEA,EN,Towers with Radar,0,31,47,0,78,0,9,99,0,108,0,40,146,0,186,79,0,79,265
05/29/2012,MMU,NJ,AEA,EN,Towers with Radar,0,25,48,0,73,0,5,48,0,53,0,30,96,0,126,27,0,27,153
05/30/2012,MMU,NJ,AEA,EN,Towers with Radar,0,17,46,1,64,0,6,61,0,67,0,23,107,1,131,88,0,88,219
05/31/2012,MMU,NJ,AEA,EN,Towers with Radar,0,25,49,1,75,0,5,108,0,113,0,30,157,1,188,45,0,45,233
06/01/2012,MMU,NJ,AEA,EN,Towers with Radar,0,38,55,0,93,0,2,82,0,84,0,40,137,0,177,46,0,46,223
06/02/2012,MMU,NJ,AEA,EN,Towers with Radar,0,14,18,0,32,0,7,54,0,61,0,21,72,0,93,16,0,16,109
06/03/2012,MMU,NJ,AEA,EN,Towers with Radar,0,26,24,0,50,0,3,102,0,105,0,29,126,0,155,60,0,60,215
06/04/2012,MMU,NJ,AEA,EN,Towers with Radar,0,27,64,0,91,0,2,10,0,12,0,29,74,0,103,0,0,0,103
06/05/2012,MMU,NJ,AEA,EN,Towers with Radar,0,26,42,0,68,0,1,64,4,69,0,27,106,4,137,46,0,46,183
06/06/2012,MMU,NJ,AEA,EN,Towers with Radar,0,25,56,0,81,0,2,48,0,50,0,27,104,0,131,6,0,6,137
06/07/2012,MMU,NJ,AEA,EN,Towers with Radar,0,37,67,0,104,0,0,72,0,72,0,37,139,0,176,58,0,58,234
06/08/2012,MMU,NJ,AEA,EN,Towers with Radar,0,33,30,0,63,0,1,112,0,113,0,34,142,0,176,58,0,58,234
06/09/2012,MMU,NJ,AEA,EN,Towers with Radar,0,18,23,0,41,0,0,85,0,85,0,18,108,0,126,49,0,49,175
06/10/2012,MMU,NJ,AEA,EN,Towers with Radar,0,14,46,0,60,0,4,119,0,123,0,18,165,0,183,108,0,108,291
06/11/2012,MMU,NJ,AEA,EN,Towers with Radar,0,26,61,0,87,0,11,60,0,71,0,37,121,0,158,59,0,59,217
06/12/2012,MMU,NJ,AEA,EN,Towers with Radar,0,27,65,0,92,0,0,5,0,5,0,27,70,0,97,0,0,0,97
06/13/2012,MMU,NJ,AEA,EN,Towers with Radar,0,34,77,0,111,0,2,34,0,36,0,36,111,0,147,20,0,20,167
06/14/2012,MMU,NJ,AEA,EN,Towers with Radar,0,33,63,0,96,0,1,77,0,78,0,34,140,0,174,10,0,10,184
06/15/2012,MMU,NJ,AEA,EN,Towers with Radar,0,30,47,0,77,0,4,102,0,106,0,34,149,0,183,28,0,28,211
06/16/2012,MMU,NJ,AEA,EN,Towers with Radar,0,12,23,0,35,0,1,127,0,128,0,13,150,0,163,14,0,14,177
06/17/2012,MMU,NJ,AEA,EN,Towers with Radar,0,27,50,0,77,0,0,65,0,65,0,27,115,0,142,112,0,112,254
06/18/2012,MMU,NJ,AEA,EN,Towers with Radar,0,32,47,0,79,0,6,57,0,63,0,38,104,0,142,45,0,45,187
06/19/2012,MMU,NJ,AEA,EN,Towers with Radar,0,27,60,0,87,0,2,53,0,55,0,29,113,0,142,65,0,65,207
06/20/2012,MMU,NJ,AEA,EN,Towers with Radar,0,28,60,0,88,0,4,66,0,70,0,32,126,0,158,38,0,38,196
06/21/2012,MMU,NJ,AEA,EN,Towers with Radar,0,44,55,0,99,0,5,76,0,81,0,49,131,0,180,44,0,44,224
06/22/2012,MMU,NJ,AEA,EN,Towers with Radar,0,34,52,0,86,0,3,60,0,63,0,37,112,0,149,31,0,31,180
06/23/2012,MMU,NJ,AEA,EN,Towers with Radar,0,17,25,0,42,0,3,101,0,104,0,20,126,0,146,10,0,10,156
06/24/2012,MMU,NJ,AEA,EN,Towers with Radar,1,25,53,0,79,0,8,119,0,127,1,33,172,0,206,58,0,58,264
06/25/2012,MMU,NJ,AEA,EN,Towers with Radar,0,36,51,0,87,0,1,25,2,28,0,37,76,2,115,44,0,44,159
06/26/2012,MMU,NJ,AEA,EN,Towers with Radar,0,37,44,0,81,0,6,40,1,47,0,43,84,1,128,42,0,42,170
06/27/2012,MMU,NJ,AEA,EN,Towers with Radar,0,32,36,0,68,0,6,60,0,66,0,38,96,0,134,4,0,4,138
06/28/2012,MMU,NJ,AEA,EN,Towers with Radar,0,24,59,0,83,0,3,111,0,114,0,27,170,0,197,85,0,85,282
06/29/2012,MMU,NJ,AEA,EN,Towers with Radar,0,49,56,0,105,0,7,89,0,96,0,56,145,0,201,43,0,43,244
06/30/2012,MMU,NJ,AEA,EN,Towers with Radar,0,26,17,0,43,0,4,66,0,70,0,30,83,0,113,48,0,48,161
07/01/2012,MMU,NJ,AEA,EN,Towers with Radar,0,20,35,0,55,0,4,97,0,101,0,24,132,0,156,79,0,79,235
07/02/2012,MMU,NJ,AEA,EN,Towers with Radar,0,24,37,0,61,0,5,79,0,84,0,29,116,0,145,8,0,8,153
07/03/2012,MMU,NJ,AEA,EN,Towers with Radar,0,24,32,0,56,0,3,88,0,91,0,27,120,0,147,33,0,33,180
07/04/2012,MMU,NJ,AEA,EN,Towers with Radar,0,6,9,0,15,0,0,43,1,44,0,6,52,1,59,9,0,9,68
07/05/2012,MMU,NJ,AEA,EN,Towers with Radar,0,28,27,0,55,0,3,67,0,70,0,31,94,0,125,38,0,38,163
07/06/2012,MMU,NJ,AEA,EN,Towers with Radar,0,23,28,0,51,0,7,78,0,85,0,30,106,0,136,109,0,109,245
07/07/2012,MMU,NJ,AEA,EN,Towers with Radar,0,17,25,0,42,0,2,59,0,61,0,19,84,0,103,63,0,63,166
07/08/2012,MMU,NJ,AEA,EN,Towers with Radar,0,33,49,0,82,0,5,103,14,122,0,38,152,14,204,15,0,15,219
07/09/2012,MMU,NJ,AEA,EN,Towers with Radar,0,27,37,1,65,0,5,70,0,75,0,32,107,1,140,34,0,34,174
07/10/2012,MMU,NJ,AEA,EN,Towers with Radar,0,26,58,1,85,0,3,59,0,62,0,29,117,1,147,44,0,44,191
07/11/2012,MMU,NJ,AEA,EN,Towers with Radar,0,22,46,0,68,0,0,77,0,77,0,22,123,0,145,31,0,31,176
07/12/2012,MMU,NJ,AEA,EN,Towers with Radar,0,40,66,0,106,0,1,98,0,99,0,41,164,0,205,38,0,38,243
07/13/2012,MMU,NJ,AEA,EN,Towers with Radar,0,47,47,0,94,0,3,91,0,94,0,50,138,0,188,85,0,85,273
07/14/2012,MMU,NJ,AEA,EN,Towers with Radar,0,23,30,0,53,0,2,81,0,83,0,25,111,0,136,66,0,66,202
07/15/2012,MMU,NJ,AEA,EN,Towers with Radar,0,28,39,0,67,0,1,58,0,59,0,29,97,0,126,116,0,116,242
07/16/2012,MMU,NJ,AEA,EN,Towers with Radar,0,36,49,0,85,0,2,62,0,64,0,38,111,0,149,82,0,82,231
07/17/2012,MMU,NJ,AEA,EN,Towers with Radar,0,25,48,1,74,0,0,69,0,69,0,25,117,1,143,100,0,100,243
07/18/2012,MMU,NJ,AEA,EN,Towers with Radar,0,24,54,0,78,0,4,42,0,46,0,28,96,0,124,34,0,34,158
07/19/2012,MMU,NJ,AEA,EN,Towers with Radar,0,32,69,0,101,0,2,51,0,53,0,34,120,0,154,100,0,100,254
07/20/2012,MMU,NJ,AEA,EN,Towers with Radar,0,60,86,0,146,0,0,5,0,5,0,60,91,0,151,0,0,0,151
07/21/2012,MMU,NJ,AEA,EN,Towers with Radar,0,9,32,0,41,0,2,108,0,110,0,11,140,0,151,167,0,167,318
07/22/2012,MMU,NJ,AEA,EN,Towers with Radar,0,30,48,0,78,0,4,102,0,106,0,34,150,0,184,67,0,67,251
07/23/2012,MMU,NJ,AEA,EN,Towers with Radar,0,26,47,0,73,0,8,52,0,60,0,34,99,0,133,43,0,43,176
07/24/2012,MMU,NJ,AEA,EN,Towers with Radar,0,23,52,1,76,0,16,41,0,57,0,39,93,1,133,45,0,45,178
07/25/2012,MMU,NJ,AEA,EN,Towers with Radar,0,34,44,0,78,0,3,124,0,127,0,37,168,0,205,46,0,46,251
07/26/2012,MMU,NJ,AEA,EN,Towers with Radar,0,35,48,0,83,0,2,33,0,35,0,37,81,0,118,40,0,40,158
07/27/2012,MMU,NJ,AEA,EN,Towers with Radar,0,43,51,0,94,0,4,78,0,82,0,47,129,0,176,73,0,73,249
07/28/2012,MMU,NJ,AEA,EN,Towers with Radar,0,27,35,0,62,0,0,0,0,0,0,27,35,0,62,0,0,0,62
07/29/2012,MMU,NJ,AEA,EN,Towers with Radar,0,40,58,0,98,0,4,37,0,41,0,44,95,0,139,81,0,81,220
07/30/2012,MMU,NJ,AEA,EN,Towers with Radar,0,32,73,0,105,0,4,59,0,63,0,36,132,0,168,64,0,64,232
07/31/2012,MMU,NJ,AEA,EN,Towers with Radar,0,27,59,0,86,0,0,84,0,84,0,27,143,0,170,159,0,159,329
08/01/2012,MMU,NJ,AEA,EN,Towers with Radar,0,32,86,0,118,0,2,40,0,42,0,34,126,0,160,15,0,15,175
08/02/2012,MMU,NJ,AEA,EN,Towers with Radar,0,24,63,0,87,0,2,88,0,90,0,26,151,0,177,25,0,25,202
08/03/2012,MMU,NJ,AEA,EN,Towers with Radar,0,36,38,2,76,0,11,98,3,112,0,47,136,5,188,73,0,73,261
08/04/2012,MMU,NJ,AEA,EN,Towers with Radar,0,13,33,0,46,0,2,92,0,94,0,15,125,0,140,85,0,85,225
08/05/2012,MMU,NJ,AEA,EN,Towers with Radar,0,29,33,1,63,0,2,52,0,54,0,31,85,1,117,62,0,62,179
08/06/2012,MMU,NJ,AEA,EN,Towers with Radar,0,28,47,0,75,0,5,37,0,42,0,33,84,0,117,6,0,6,123
08/07/2012,MMU,NJ,AEA,EN,Towers with Radar,0,26,48,0,74,0,6,117,0,123,0,32,165,0,197,94,0,94,291
08/08/2012,MMU,NJ,AEA,EN,Towers with Radar,0,35,67,0,102,0,1,103,1,105,0,36,170,1,207,67,0,67,274
08/09/2012,MMU,NJ,AEA,EN,Towers with Radar,0,39,63,0,102,0,1,70,0,71,0,40,133,0,173,51,0,51,224
08/10/2012,MMU,NJ,AEA,EN,Towers with Radar,0,47,58,0,105,0,3,8,0,11,0,50,66,0,116,32,0,32,148
08/11/2012,MMU,NJ,AEA,EN,Towers with Radar,0,28,16,0,44,0,6,15,0,21,0,34,31,0,65,12,0,12,77
08/12/2012,MMU,NJ,AEA,EN,Towers with Radar,0,31,35,0,66,0,7,120,0,127,0,38,155,0,193,72,0,72,265
08/13/2012,MMU,NJ,AEA,EN,Towers with Radar,0,26,43,0,69,0,1,84,0,85,0,27,127,0,154,15,0,15,169
08/14/2012,MMU,NJ,AEA,EN,Towers with Radar,0,26,40,0,66,0,1,19,0,20,0,27,59,0,86,18,0,18,104
08/15/2012,MMU,NJ,AEA,EN,Towers with Radar,0,29,63,1,93,0,4,43,0,47,0,33,106,1,140,9,0,9,149
08/16/2012,MMU,NJ,AEA,EN,Towers with Radar,0,28,52,0,80,0,3,81,0,84,0,31,133,0,164,29,0,29,193
08/17/2012,MMU,NJ,AEA,EN,Towers with Radar,1,44,53,0,98,0,3,68,0,71,1,47,121,0,169,20,0,20,189
08/18/2012,MMU,NJ,AEA,EN,Towers with Radar,0,14,18,0,32,0,6,73,0,79,0,20,91,0,111,37,0,37,148
08/19/2012,MMU,NJ,AEA,EN,Towers with Radar,0,34,37,0,71,0,8,154,0,162,0,42,191,0,233,47,0,47,280
08/20/2012,MMU,NJ,AEA,EN,Towers with Radar,0,38,34,0,72,0,4,51,3,58,0,42,85,3,130,85,0,85,215
08/21/2012,MMU,NJ,AEA,EN,Towers with Radar,0,20,54,0,74,0,2,64,0,66,0,22,118,0,140,23,0,23,163
08/22/2012,MMU,NJ,AEA,EN,Towers with Radar,0,25,55,0,80,0,3,61,0,64,0,28,116,0,144,113,0,113,257
08/23/2012,MMU,NJ,AEA,EN,Towers with Radar,0,26,71,0,97,0,0,89,0,89,0,26,160,0,186,68,0,68,254
08/24/2012,MMU,NJ,AEA,EN,Towers with Radar,1,55,59,0,115,0,9,91,2,102,1,64,150,2,217,17,0,17,234
08/25/2012,MMU,NJ,AEA,EN,Towers with Radar,0,21,29,0,50,0,2,75,5,82,0,23,104,5,132,64,15,79,211
08/26/2012,MMU,NJ,AEA,EN,Towers with Radar,0,27,37,0,64,0,8,86,0,94,0,35,123,0,158,67,0,67,225
08/27/2012,MMU,NJ,AEA,EN,Towers with Radar,0,26,54,0,80,0,1,13,2,16,0,27,67,2,96,0,0,0,96
08/28/2012,MMU,NJ,AEA,EN,Towers with Radar,0,25,52,0,77,0,1,73,0,74,0,26,125,0,151,50,0,50,201
08/29/2012,MMU,NJ,AEA,EN,Towers with Radar,0,24,49,0,73,0,1,1,1,3,0,25,50,1,76,0,0,0,76
08/30/2012,MMU,NJ,AEA,EN,Towers with Radar,0,35,50,0,85,0,1,1,0,2,0,36,51,0,87,0,0,0,87
08/31/2012,MMU,NJ,AEA,EN,Towers with Radar,0,41,43,0,84,0,2,80,0,82,0,43,123,0,166,16,0,16,182
09/01/2012,MMU,NJ,AEA,EN,Towers with Radar,0,12,15,0,27,0,5,74,0,79,0,17,89,0,106,54,0,54,160
09/02/2012,MMU,NJ,AEA,EN,Towers with Radar,0,23,25,0,48,0,2,43,0,45,0,25,68,0,93,77,0,77,170
09/03/2012,MMU,NJ,AEA,EN,Towers with Radar,0,45,53,0,98,0,2,54,0,56,0,47,107,0,154,4,0,4,158
09/04/2012,MMU,NJ,AEA,EN,Towers with Radar,0,36,74,0,110,0,2,3,0,5,0,38,77,0,115,40,0,40,155
09/05/2012,MMU,NJ,AEA,EN,Towers with Radar,0,30,65,0,95,0,8,20,0,28,0,38,85,0,123,24,0,24,147
09/06/2012,MMU,NJ,AEA,EN,Towers with Radar,0,25,60,0,85,0,3,51,0,54,0,28,111,0,139,28,0,28,167
09/07/2012,MMU,NJ,AEA,EN,Towers with Radar,0,26,65,0,91,0,2,74,0,76,0,28,139,0,167,19,0,19,186
09/08/2012,MMU,NJ,AEA,EN,Towers with Radar,0,19,24,0,43,0,4,11,0,15,0,23,35,0,58,0,0,0,58
09/09/2012,MMU,NJ,AEA,EN,Towers with Radar,0,33,46,0,79,0,4,98,3,105,0,37,144,3,184,75,0,75,259
09/10/2012,MMU,NJ,AEA,EN,Towers with Radar,0,33,51,0,84,0,11,56,0,67,0,44,107,0,151,20,0,20,171
09/11/2012,MMU,NJ,AEA,EN,Towers with Radar,0,21,69,0,90,0,5,87,0,92,0,26,156,0,182,40,0,40,222
09/12/2012,MMU,NJ,AEA,EN,Towers with Radar,0,33,75,0,108,0,5,69,0,74,0,38,144,0,182,22,0,22,204
09/13/2012,MMU,NJ,AEA,EN,Towers with Radar,0,30,69,0,99,0,1,98,0,99,0,31,167,0,198,82,0,82,280
09/14/2012,MMU,NJ,AEA,EN,Towers with Radar,0,47,67,0,114,0,5,82,0,87,0,52,149,0,201,48,0,48,249
09/15/2012,MMU,NJ,AEA,EN,Towers with Radar,0,19,21,0,40,0,4,86,0,90,0,23,107,0,130,41,0,41,171
09/16/2012,MMU,NJ,AEA,EN,Towers with Radar,0,30,52,0,82,0,7,146,2,155,0,37,198,2,237,47,0,47,284
09/17/2012,MMU,NJ,AEA,EN,Towers with Radar,0,35,55,0,90,0,2,69,0,71,0,37,124,0,161,42,0,42,203
09/18/2012,MMU,NJ,AEA,EN,Towers with Radar,0,31,37,0,68,0,0,3,0,3,0,31,40,0,71,2,0,2,73
09/19/2012,MMU,NJ,AEA,EN,Towers with Radar,0,27,48,0,75,0,1,44,0,45,0,28,92,0,120,16,0,16,136
09/20/2012,MMU,NJ,AEA,EN,Towers with Radar,0,31,55,0,86,0,1,59,0,60,0,32,114,0,146,32,0,32,178
09/21/2012,MMU,NJ,AEA,EN,Towers with Radar,0,36,57,0,93,0,1,85,0,86,0,37,142,0,179,64,6,70,249
09/22/2012,MMU,NJ,AEA,EN,Towers with Radar,0,20,24,1,45,0,3,72,1,76,0,23,96,2,121,80,0,80,201
09/23/2012,MMU,NJ,AEA,EN,Towers with Radar,0,25,54,2,81,0,6,124,0,130,0,31,178,2,211,55,0,55,266
09/24/2012,MMU,NJ,AEA,EN,Towers with Radar,0,37,57,1,95,0,3,56,2,61,0,40,113,3,156,30,0,30,186
09/25/2012,MMU,NJ,AEA,EN,Towers with Radar,0,28,61,0,89,0,2,73,1,76,0,30,134,1,165,23,0,23,188
09/26/2012,MMU,NJ,AEA,EN,Towers with Radar,0,16,47,0,63,0,5,39,0,44,0,21,86,0,107,50,0,50,157
09/27/2012,MMU,NJ,AEA,EN,Towers with Radar,0,25,58,0,83,0,3,66,0,69,0,28,124,0,152,14,0,14,166
09/28/2012,MMU,NJ,AEA,EN,Towers with Radar,0,48,87,0,135,0,0,5,0,5,0,48,92,0,140,0,0,0,140
09/29/2012,MMU,NJ,AEA,EN,Towers with Radar,0,22,39,0,61,0,0,31,0,31,0,22,70,0,92,94,25,119,211
09/30/2012,MMU,NJ,AEA,EN,Towers with Radar,0,26,49,0,75,0,5,48,0,53,0,31,97,0,128,15,0,15,143
10/01/2012,MMU,NJ,AEA,EN,Towers with Radar,0,22,39,0,61,0,3,74,0,77,0,25,113,0,138,31,0,31,169
10/02/2012,MMU,NJ,AEA,EN,Towers with Radar,0,28,52,0,80,0,1,8,0,9,0,29,60,0,89,4,0,4,93
10/03/2012,MMU,NJ,AEA,EN,Towers with Radar,0,33,80,0,113,0,0,0,0,0,0,33,80,0,113,0,0,0,113
10/04/2012,MMU,NJ,AEA,EN,Towers with Radar,0,35,88,0,123,0,3,9,0,12,0,38,97,0,135,0,0,0,135
10/05/2012,MMU,NJ,AEA,EN,Towers with Radar,0,42,59,0,101,0,2,126,0,128,0,44,185,0,229,59,0,59,288
10/06/2012,MMU,NJ,AEA,EN,Towers with Radar,0,10,19,0,29,0,2,76,2,80,0,12,95,2,109,58,0,58,167
10/07/2012,MMU,NJ,AEA,EN,Towers with Radar,0,21,54,0,75,0,3,45,0,48,0,24,99,0,123,67,2,69,192
10/08/2012,MMU,NJ,AEA,EN,Towers with Radar,0,32,57,0,89,0,3,101,0,104,0,35,158,0,193,51,0,51,244
10/09/2012,MMU,NJ,AEA,EN,Towers with Radar,0,24,61,0,85,0,1,23,0,24,0,25,84,0,109,25,0,25,134
10/10/2012,MMU,NJ,AEA,EN,Towers with Radar,0,31,76,0,107,0,2,32,0,34,0,33,108,0,141,33,0,33,174
10/11/2012,MMU,NJ,AEA,EN,Towers with Radar,0,28,50,0,78,0,7,96,0,103,0,35,146,0,181,30,0,30,211
10/12/2012,MMU,NJ,AEA,EN,Towers with Radar,0,35,63,0,98,0,2,59,0,61,0,37,122,0,159,38,0,38,197
10/13/2012,MMU,NJ,AEA,EN,Towers with Radar,0,16,25,1,42,0,5,99,0,104,0,21,124,1,146,57,0,57,203
10/14/2012,MMU,NJ,AEA,EN,Towers with Radar,0,27,42,0,69,0,1,68,1,70,0,28,110,1,139,26,0,26,165
10/15/2012,MMU,NJ,AEA,EN,Towers with Radar,0,24,54,0,78,0,3,16,0,19,0,27,70,0,97,26,0,26,123
10/16/2012,MMU,NJ,AEA,EN,Towers with Radar,0,36,52,0,88,0,3,43,0,46,0,39,95,0,134,19,0,19,153
10/17/2012,MMU,NJ,AEA,EN,Towers with Radar,0,27,45,0,72,0,0,108,4,112,0,27,153,4,184,56,0,56,240
10/18/2012,MMU,NJ,AEA,EN,Towers with Radar,0,37,59,0,96,0,0,60,0,60,0,37,119,0,156,9,0,9,165
10/19/2012,MMU,NJ,AEA,EN,Towers with Radar,0,33,82,0,115,0,0,1,0,1,0,33,83,0,116,0,0,0,116
10/20/2012,MMU,NJ,AEA,EN,Towers with Radar,0,11,23,2,36,0,4,89,0,93,0,15,112,2,129,72,0,72,201
10/21/2012,MMU,NJ,AEA,EN,Towers with Radar,0,23,52,0,75,0,3,106,3,112,0,26,158,3,187,31,0,31,218
10/22/2012,MMU,NJ,AEA,EN,Towers with Radar,0,22,57,0,79,0,2,62,0,64,0,24,119,0,143,7,0,7,150
10/23/2012,MMU,NJ,AEA,EN,Towers with Radar,0,24,54,0,78,0,0,46,0,46,0,24,100,0,124,28,0,28,152
10/24/2012,MMU,NJ,AEA,EN,Towers with Radar,0,22,80,0,102,0,0,6,0,6,0,22,86,0,108,0,0,0,108
10/25/2012,MMU,NJ,AEA,EN,Towers with Radar,0,32,80,0,112,0,0,31,0,31,0,32,111,0,143,86,0,86,229
10/26/2012,MMU,NJ,AEA,EN,Towers with Radar,0,40,72,0,112,0,2,35,0,37,0,42,107,0,149,40,0,40,189
10/27/2012,MMU,NJ,AEA,EN,Towers with Radar,0,18,53,0,71,0,0,46,0,46,0,18,99,0,117,122,0,122,239
10/28/2012,MMU,NJ,AEA,EN,Towers with Radar,0,35,51,0,86,0,4,16,0,20,0,39,67,0,106,16,0,16,122
10/29/2012,MMU,NJ,AEA,EN,Towers with Radar,0,0,2,0,2,0,0,0,0,0,0,0,2,0,2,0,0,0,2
10/30/2012,MMU,NJ,AEA,EN,Towers with Radar,0,6,17,0,23,0,0,4,4,8,0,6,21,4,31,0,0,0,31
10/31/2012,MMU,NJ,AEA,EN,Towers with Radar,0,41,83,0,124,0,2,9,3,14,0,43,92,3,138,0,0,0,138
11/01/2012,MMU,NJ,AEA,EN,Towers with Radar,0,69,79,0,148,0,5,28,0,33,0,74,107,0,181,6,0,6,187
11/02/2012,MMU,NJ,AEA,EN,Towers with Radar,0,32,67,2,101,0,11,35,0,46,0,43,102,2,147,0,0,0,147
11/03/2012,MMU,NJ,AEA,EN,Towers with Radar,0,14,16,0,30,0,5,27,0,32,0,19,43,0,62,0,0,0,62
11/04/2012,MMU,NJ,AEA,EN,Towers with Radar,0,30,39,0,69,0,5,50,0,55,0,35,89,0,124,42,0,42,166
11/05/2012,MMU,NJ,AEA,EN,Towers with Radar,0,28,48,0,76,0,4,36,3,43,0,32,84,3,119,6,0,6,125
11/06/2012,MMU,NJ,AEA,EN,Towers with Radar,0,24,53,0,77,0,6,75,2,83,0,30,128,2,160,21,0,21,181
11/07/2012,MMU,NJ,AEA,EN,Towers with Radar,0,16,22,0,38,0,0,2,0,2,0,16,24,0,40,0,0,0,40
11/08/2012,MMU,NJ,AEA,EN,Towers with Radar,0,25,55,0,80,0,0,16,0,16,0,25,71,0,96,0,0,0,96
11/09/2012,MMU,NJ,AEA,EN,Towers with Radar,0,21,46,0,67,0,5,50,0,55,0,26,96,0,122,14,0,14,136
11/10/2012,MMU,NJ,AEA,EN,Towers with Radar,0,17,23,0,40,0,7,83,0,90,0,24,106,0,130,110,0,110,240
11/11/2012,MMU,NJ,AEA,EN,Towers with Radar,0,32,39,0,71,0,3,108,0,111,0,35,147,0,182,43,0,43,225
11/12/2012,MMU,NJ,AEA,EN,Towers with Radar,0,25,44,0,69,0,0,36,0,36,0,25,80,0,105,4,0,4,109
11/13/2012,MMU,NJ,AEA,EN,Towers with Radar,0,26,66,0,92,0,0,18,0,18,0,26,84,0,110,15,0,15,125
11/14/2012,MMU,NJ,AEA,EN,Towers with Radar,0,27,50,0,77,0,0,72,0,72,0,27,122,0,149,22,0,22,171
11/15/2012,MMU,NJ,AEA,EN,Towers with Radar,0,27,72,0,99,0,3,30,0,33,0,30,102,0,132,37,0,37,169
11/16/2012,MMU,NJ,AEA,EN,Towers with Radar,0,25,47,0,72,0,2,54,0,56,0,27,101,0,128,14,0,14,142
11/17/2012,MMU,NJ,AEA,EN,Towers with Radar,0,23,30,0,53,0,7,122,0,129,0,30,152,0,182,72,0,72,254
11/18/2012,MMU,NJ,AEA,EN,Towers with Radar,0,18,40,0,58,0,10,111,0,121,0,28,151,0,179,45,0,45,224
11/19/2012,MMU,NJ,AEA,EN,Towers with Radar,0,28,40,0,68,0,9,53,0,62,0,37,93,0,130,11,0,11,141
11/20/2012,MMU,NJ,AEA,EN,Towers with Radar,0,32,50,0,82,0,4,54,0,58,0,36,104,0,140,28,0,28,168
11/21/2012,MMU,NJ,AEA,EN,Towers with Radar,0,56,42,0,98,0,3,77,0,80,0,59,119,0,178,26,0,26,204
11/22/2012,MMU,NJ,AEA,EN,Towers with Radar,0,13,9,0,22,0,0,25,0,25,0,13,34,0,47,8,0,8,55
11/23/2012,MMU,NJ,AEA,EN,Towers with Radar,0,29,26,0,55,0,4,66,0,70,0,33,92,0,125,52,0,52,177
11/24/2012,MMU,NJ,AEA,EN,Towers with Radar,0,19,25,0,44,0,0,25,0,25,0,19,50,0,69,18,0,18,87
11/25/2012,MMU,NJ,AEA,EN,Towers with Radar,0,68,109,0,177,0,4,52,0,56,0,72,161,0,233,50,0,50,283
11/26/2012,MMU,NJ,AEA,EN,Towers with Radar,0,22,53,0,75,0,3,46,0,49,0,25,99,0,124,18,0,18,142
11/27/2012,MMU,NJ,AEA,EN,Towers with Radar,0,16,33,0,49,0,0,0,0,0,0,16,33,0,49,0,0,0,49
11/28/2012,MMU,NJ,AEA,EN,Towers with Radar,0,24,66,0,90,0,3,45,0,48,0,27,111,0,138,52,0,52,190
11/29/2012,MMU,NJ,AEA,EN,Towers with Radar,0,21,71,0,92,0,3,45,0,48,0,24,116,0,140,80,0,80,220
11/30/2012,MMU,NJ,AEA,EN,Towers with Radar,0,36,53,0,89,0,5,60,0,65,0,41,113,0,154,34,0,34,188
12/01/2012,MMU,NJ,AEA,EN,Towers with Radar,0,27,18,0,45,0,0,8,0,8,0,27,26,0,53,55,0,55,108
12/02/2012,MMU,NJ,AEA,EN,Towers with Radar,0,24,46,0,70,0,0,6,0,6,0,24,52,0,76,0,0,0,76
12/03/2012,MMU,NJ,AEA,EN,Towers with Radar,0,19,49,0,68,0,5,37,0,42,0,24,86,0,110,18,0,18,128
12/04/2012,MMU,NJ,AEA,EN,Towers with Radar,0,20,56,0,76,0,3,7,0,10,0,23,63,0,86,6,0,6,92
12/05/2012,MMU,NJ,AEA,EN,Towers with Radar,0,18,53,0,71,0,2,27,0,29,0,20,80,0,100,9,0,9,109
12/06/2012,MMU,NJ,AEA,EN,Towers with Radar,0,28,76,0,104,0,5,56,0,61,0,33,132,0,165,58,0,58,223
12/07/2012,MMU,NJ,AEA,EN,Towers with Radar,0,35,52,4,91,0,2,6,0,8,0,37,58,4,99,21,0,21,120
12/08/2012,MMU,NJ,AEA,EN,Towers with Radar,0,8,27,0,35,0,0,0,0,0,0,8,27,0,35,2,0,2,37
12/09/2012,MMU,NJ,AEA,EN,Towers with Radar,0,36,67,0,103,0,1,22,0,23,0,37,89,0,126,101,0,101,227
12/10/2012,MMU,NJ,AEA,EN,Towers with Radar,0,32,74,0,106,0,0,0,0,0,0,32,74,0,106,0,0,0,106
12/11/2012,MMU,NJ,AEA,EN,Towers with Radar,0,34,57,0,91,0,2,41,0,43,0,36,98,0,134,25,0,25,159
12/12/2012,MMU,NJ,AEA,EN,Towers with Radar,1,40,56,2,99,0,2,64,0,66,1,42,120,2,165,4,0,4,169
12/13/2012,MMU,NJ,AEA,EN,Towers with Radar,0,33,61,0,94,0,1,67,0,68,0,34,128,0,162,20,0,20,182
12/14/2012,MMU,NJ,AEA,EN,Towers with Radar,0,22,54,0,76,0,2,91,0,93,0,24,145,0,169,50,0,50,219
12/15/2012,MMU,NJ,AEA,EN,Towers with Radar,0,10,27,0,37,0,1,107,0,108,0,11,134,0,145,87,0,87,232
12/16/2012,MMU,NJ,AEA,EN,Towers with Radar,0,21,34,0,55,0,0,0,0,0,0,21,34,0,55,10,0,10,65
12/17/2012,MMU,NJ,AEA,EN,Towers with Radar,1,30,76,1,108,0,0,0,0,0,1,30,76,1,108,0,0,0,108
12/18/2012,MMU,NJ,AEA,EN,Towers with Radar,0,27,57,0,84,0,3,7,0,10,0,30,64,0,94,5,0,5,99
12/19/2012,MMU,NJ,AEA,EN,Towers with Radar,0,19,40,0,59,0,1,35,0,36,0,20,75,0,95,2,0,2,97
12/20/2012,MMU,NJ,AEA,EN,Towers with Radar,0,31,62,0,93,0,4,74,0,78,0,35,136,0,171,29,0,29,200
12/21/2012,MMU,NJ,AEA,EN,Towers with Radar,0,43,40,0,83,0,7,9,0,16,0,50,49,0,99,0,0,0,99
12/22/2012,MMU,NJ,AEA,EN,Towers with Radar,0,17,19,0,36,0,4,0,0,4,0,21,19,0,40,0,0,0,40
12/23/2012,MMU,NJ,AEA,EN,Towers with Radar,0,17,26,0,43,0,3,57,0,60,0,20,83,0,103,34,0,34,137
12/24/2012,MMU,NJ,AEA,EN,Towers with Radar,0,13,15,0,28,0,1,63,0,64,0,14,78,0,92,11,0,11,103
12/25/2012,MMU,NJ,AEA,EN,Towers with Radar,0,18,14,0,32,0,2,4,0,6,0,20,18,0,38,0,0,0,38
12/26/2012,MMU,NJ,AEA,EN,Towers with Radar,0,37,36,0,73,0,0,6,0,6,0,37,42,0,79,0,0,0,79
12/27/2012,MMU,NJ,AEA,EN,Towers with Radar,0,26,49,0,75,0,3,1,0,4,0,29,50,0,79,2,0,2,81
12/28/2012,MMU,NJ,AEA,EN,Towers with Radar,0,34,30,0,64,0,6,71,0,77,0,40,101,0,141,35,0,35,176
12/29/2012,MMU,NJ,AEA,EN,Towers with Radar,0,12,17,0,29,0,0,0,0,0,0,12,17,0,29,0,0,0,29
12/30/2012,MMU,NJ,AEA,EN,Towers with Radar,0,20,14,0,34,0,4,4,0,8,0,24,18,0,42,0,0,0,42
12/31/2012,MMU,NJ,AEA,EN,Towers with Radar,0,17,12,0,29,0,5,38,0,43,0,22,50,0,72,45,0,45,117
01/01/2013,MMU,NJ,AEA,EN,Towers with Radar,0,33,34,0,67,0,3,26,0,29,0,36,60,0,96,18,0,18,114
01/02/2013,MMU,NJ,AEA,EN,Towers with Radar,0,21,38,0,59,0,2,27,0,29,0,23,65,0,88,31,0,31,119
01/03/2013,MMU,NJ,AEA,EN,Towers with Radar,0,20,40,0,60,0,11,62,0,73,0,31,102,0,133,9,0,9,142
01/04/2013,MMU,NJ,AEA,EN,Towers with Radar,0,22,37,0,59,0,3,32,0,35,0,25,69,0,94,19,0,19,113
01/05/2013,MMU,NJ,AEA,EN,Towers with Radar,0,18,37,0,55,0,0,75,0,75,0,18,112,0,130,63,0,63,193
01/06/2013,MMU,NJ,AEA,EN,Towers with Radar,0,23,43,0,66,0,5,77,1,83,0,28,120,1,149,56,0,56,205
01/07/2013,MMU,NJ,AEA,EN,Towers with Radar,0,21,38,2,61,0,2,36,0,38,0,23,74,2,99,4,0,4,103
01/08/2013,MMU,NJ,AEA,EN,Towers with Radar,0,31,42,0,73,0,3,56,0,59,0,34,98,0,132,5,0,5,137
01/09/2013,MMU,NJ,AEA,EN,Towers with Radar,0,19,33,0,52,0,5,39,0,44,0,24,72,0,96,24,0,24,120
01/10/2013,MMU,NJ,AEA,EN,Towers with Radar,0,21,36,0,57,0,0,46,0,46,0,21,82,0,103,11,0,11,114
01/11/2013,MMU,NJ,AEA,EN,Towers with Radar,0,27,56,0,83,0,2,22,0,24,0,29,78,0,107,17,0,17,124
01/12/2013,MMU,NJ,AEA,EN,Towers with Radar,0,9,32,0,41,0,0,0,0,0,0,9,32,0,41,6,0,6,47
01/13/2013,MMU,NJ,AEA,EN,Towers with Radar,0,26,35,0,61,0,0,0,0,0,0,26,35,0,61,0,0,0,61
01/14/2013,MMU,NJ,AEA,EN,Towers with Radar,0,31,63,1,95,0,1,19,0,20,0,32,82,1,115,9,0,9,124
01/15/2013,MMU,NJ,AEA,EN,Towers with Radar,0,28,45,0,73,0,3,35,0,38,0,31,80,0,111,24,0,24,135
01/16/2013,MMU,NJ,AEA,EN,Towers with Radar,0,21,68,0,89,0,0,0,0,0,0,21,68,0,89,0,0,0,89
01/17/2013,MMU,NJ,AEA,EN,Towers with Radar,0,32,59,0,91,0,9,50,0,59,0,41,109,0,150,7,0,7,157
01/18/2013,MMU,NJ,AEA,EN,Towers with Radar,0,33,58,1,92,0,2,52,0,54,0,35,110,1,146,32,0,32,178
01/19/2013,MMU,NJ,AEA,EN,Towers with Radar,0,14,32,0,46,0,3,59,0,62,0,17,91,0,108,50,0,50,158
01/20/2013,MMU,NJ,AEA,EN,Towers with Radar,0,19,35,0,54,0,0,28,0,28,0,19,63,0,82,14,0,14,96
01/21/2013,MMU,NJ,AEA,EN,Towers with Radar,0,44,62,0,106,0,0,66,0,66,0,44,128,0,172,56,0,56,228
01/22/2013,MMU,NJ,AEA,EN,Towers with Radar,0,26,33,0,59,0,5,12,0,17,0,31,45,0,76,1,0,1,77
01/23/2013,MMU,NJ,AEA,EN,Towers with Radar,0,12,41,0,53,0,0,32,0,32,0,12,73,0,85,11,0,11,96
01/24/2013,MMU,NJ,AEA,EN,Towers with Radar,0,27,44,0,71,0,9,21,0,30,0,36,65,0,101,7,0,7,108
01/25/2013,MMU,NJ,AEA,EN,Towers with Radar,0,26,34,0,60,0,1,17,0,18,0,27,51,0,78,8,0,8,86
01/26/2013,MMU,NJ,AEA,EN,Towers with Radar,0,13,13,0,26,0,1,45,0,46,0,14,58,0,72,25,0,25,97
01/27/2013,MMU,NJ,AEA,EN,Towers with Radar,0,17,22,0,39,0,2,90,0,92,0,19,112,0,131,46,0,46,177
01/28/2013,MMU,NJ,AEA,EN,Towers with Radar,0,25,48,0,73,0,0,1,0,1,0,25,49,0,74,0,0,0,74
01/29/2013,MMU,NJ,AEA,EN,Towers with Radar,0,25,43,0,68,0,0,26,0,26,0,25,69,0,94,42,0,42,136
01/30/2013,MMU,NJ,AEA,EN,Towers with Radar,0,18,29,0,47,0,0,0,0,0,0,18,29,0,47,0,0,0,47
01/31/2013,MMU,NJ,AEA,EN,Towers with Radar,0,31,58,0,89,0,8,7,0,15,0,39,65,0,104,0,0,0,104
02/01/2013,MMU,NJ,AEA,EN,Towers with Radar,0,33,52,0,85,0,4,19,0,23,0,37,71,0,108,0,0,0,108
02/02/2013,MMU,NJ,AEA,EN,Towers with Radar,0,10,35,0,45,0,3,73,0,76,0,13,108,0,121,23,0,23,144
02/03/2013,MMU,NJ,AEA,EN,Towers with Radar,0,26,28,0,54,0,8,29,0,37,0,34,57,0,91,33,0,33,124
02/04/2013,MMU,NJ,AEA,EN,Towers with Radar,0,21,45,0,66,0,2,19,0,21,0,23,64,0,87,4,0,4,91
02/05/2013,MMU,NJ,AEA,EN,Towers with Radar,0,19,44,0,63,0,2,11,0,13,0,21,55,0,76,16,0,16,92
02/06/2013,MMU,NJ,AEA,EN,Towers with Radar,0,23,44,0,67,0,3,59,0,62,0,26,103,0,129,10,0,10,139
02/07/2013,MMU,NJ,AEA,EN,Towers with Radar,0,28,72,0,100,0,3,57,0,60,0,31,129,0,160,45,0,45,205
02/08/2013,MMU,NJ,AEA,EN,Towers with Radar,0,19,18,0,37,0,0,0,0,0,0,19,18,0,37,0,0,0,37
02/09/2013,MMU,NJ,AEA,EN,Towers with Radar,0,5,8,0,13,0,2,3,0,5,0,7,11,0,18,0,0,0,18
02/10/2013,MMU,NJ,AEA,EN,Towers with Radar,0,20,37,0,57,0,1,92,0,93,0,21,129,0,150,74,0,74,224
02/11/2013,MMU,NJ,AEA,EN,Towers with Radar,0,21,33,0,54,0,0,0,0,0,0,21,33,0,54,0,0,0,54
02/12/2013,MMU,NJ,AEA,EN,Towers with Radar,0,22,52,0,74,0,1,23,0,24,0,23,75,0,98,16,0,16,114
02/13/2013,MMU,NJ,AEA,EN,Towers with Radar,0,21,56,0,77,0,1,74,0,75,0,22,130,0,152,26,0,26,178
02/14/2013,MMU,NJ,AEA,EN,Towers with Radar,0,44,66,0,110,0,0,41,0,41,0,44,107,0,151,48,0,48,199
02/15/2013,MMU,NJ,AEA,EN,Towers with Radar,0,48,88,0,136,0,7,48,1,56,0,55,136,1,192,31,0,31,223
02/16/2013,MMU,NJ,AEA,EN,Towers with Radar,0,12,18,0,30,0,0,44,0,44,0,12,62,0,74,36,0,36,110
02/17/2013,MMU,NJ,AEA,EN,Towers with Radar,0,15,15,0,30,0,1,15,0,16,0,16,30,0,46,2,0,2,48
02/18/2013,MMU,NJ,AEA,EN,Towers with Radar,0,46,54,0,100,0,5,45,0,50,0,51,99,0,150,36,0,36,186
02/19/2013,MMU,NJ,AEA,EN,Towers with Radar,0,50,56,0,106,0,0,16,0,16,0,50,72,0,122,43,0,43,165
02/20/2013,MMU,NJ,AEA,EN,Towers with Radar,0,35,40,0,75,0,2,23,0,25,0,37,63,0,100,34,0,34,134
02/21/2013,MMU,NJ,AEA,EN,Towers with Radar,0,28,62,0,90,0,5,18,0,23,0,33,80,0,113,4,0,4,117
02/22/2013,MMU,NJ,AEA,EN,Towers with Radar,0,27,45,0,72,0,5,44,0,49,0,32,89,0,121,50,0,50,171
02/23/2013,MMU,NJ,AEA,EN,Towers with Radar,0,23,9,0,32,0,0,0,0,0,0,23,9,0,32,0,0,0,32
02/24/2013,MMU,NJ,AEA,EN,Towers with Radar,0,26,36,0,62,0,3,46,0,49,0,29,82,0,111,81,0,81,192
02/25/2013,MMU,NJ,AEA,EN,Towers with Radar,0,27,37,0,64,0,0,70,0,70,0,27,107,0,134,31,0,31,165
02/26/2013,MMU,NJ,AEA,EN,Towers with Radar,0,33,58,2,93,0,0,44,0,44,0,33,102,2,137,14,0,14,151
02/27/2013,MMU,NJ,AEA,EN,Towers with Radar,0,31,40,0,71,0,0,4,0,4,0,31,44,0,75,0,0,0,75
02/28/2013,MMU,NJ,AEA,EN,Towers with Radar,0,36,60,0,96,0,4,42,0,46,0,40,102,0,142,13,0,13,155
03/01/2013,MMU,NJ,AEA,EN,Towers with Radar,0,25,45,0,70,0,1,59,0,60,0,26,104,0,130,23,0,23,153
03/02/2013,MMU,NJ,AEA,EN,Towers with Radar,0,23,33,0,56,0,4,85,0,89,0,27,118,0,145,74,0,74,219
03/03/2013,MMU,NJ,AEA,EN,Towers with Radar,0,34,38,0,72,0,0,76,0,76,0,34,114,0,148,61,0,61,209
03/04/2013,MMU,NJ,AEA,EN,Towers with Radar,0,27,50,0,77,0,1,43,14,58,0,28,93,14,135,8,0,8,143
03/05/2013,MMU,NJ,AEA,EN,Towers with Radar,1,28,50,0,79,0,1,74,0,75,1,29,124,0,154,51,0,51,205
03/06/2013,MMU,NJ,AEA,EN,Towers with Radar,0,21,39,0,60,0,2,5,0,7,0,23,44,0,67,0,0,0,67
03/07/2013,MMU,NJ,AEA,EN,Towers with Radar,0,19,44,0,63,0,0,3,0,3,0,19,47,0,66,0,0,0,66
03/08/2013,MMU,NJ,AEA,EN,Towers with Radar,0,30,46,0,76,0,2,3,0,5,0,32,49,0,81,10,0,10,91
03/09/2013,MMU,NJ,AEA,EN,Towers with Radar,0,29,28,0,57,0,7,102,3,112,0,36,130,3,169,107,0,107,276
03/10/2013,MMU,NJ,AEA,EN,Towers with Radar,0,26,39,0,65,0,1,118,0,119,0,27,157,0,184,83,0,83,267
03/11/2013,MMU,NJ,AEA,EN,Towers with Radar,0,27,62,0,89,0,0,17,0,17,0,27,79,0,106,16,0,16,122
03/12/2013,MMU,NJ,AEA,EN,Towers with Radar,0,29,51,0,80,0,0,2,0,2,0,29,53,0,82,0,0,0,82
03/13/2013,MMU,NJ,AEA,EN,Towers with Radar,0,26,57,0,83,0,1,40,0,41,0,27,97,0,124,27,0,27,151
03/14/2013,MMU,NJ,AEA,EN,Towers with Radar,0,31,49,0,80,0,1,22,0,23,0,32,71,0,103,0,0,0,103
03/15/2013,MMU,NJ,AEA,EN,Towers with Radar,0,32,54,0,86,0,0,30,0,30,0,32,84,0,116,18,0,18,134
03/16/2013,MMU,NJ,AEA,EN,Towers with Radar,0,24,26,0,50,0,0,22,0,22,0,24,48,0,72,63,0,63,135
03/17/2013,MMU,NJ,AEA,EN,Towers with Radar,0,22,48,0,70,0,22,57,0,79,0,44,105,0,149,77,0,77,226
03/18/2013,MMU,NJ,AEA,EN,Towers with Radar,0,24,43,0,67,0,4,26,0,30,0,28,69,0,97,22,0,22,119
03/19/2013,MMU,NJ,AEA,EN,Towers with Radar,0,32,51,0,83,0,0,7,0,7,0,32,58,0,90,0,0,0,90
03/20/2013,MMU,NJ,AEA,EN,Towers with Radar,0,29,53,0,82,0,3,34,0,37,0,32,87,0,119,45,0,45,164
03/21/2013,MMU,NJ,AEA,EN,Towers with Radar,0,27,45,0,72,0,0,48,0,48,0,27,93,0,120,43,0,43,163
03/22/2013,MMU,NJ,AEA,EN,Towers with Radar,0,42,51,0,93,0,0,32,0,32,0,42,83,0,125,34,0,34,159
03/23/2013,MMU,NJ,AEA,EN,Towers with Radar,0,33,29,0,62,0,2,63,0,65,0,35,92,0,127,47,0,47,174
03/24/2013,MMU,NJ,AEA,EN,Towers with Radar,0,33,58,0,91,0,0,120,0,120,0,33,178,0,211,131,0,131,342
03/25/2013,MMU,NJ,AEA,EN,Towers with Radar,0,30,35,0,65,0,3,0,0,3,0,33,35,0,68,0,0,0,68
03/26/2013,MMU,NJ,AEA,EN,Towers with Radar,0,40,53,0,93,0,1,46,0,47,0,41,99,0,140,41,0,41,181
03/27/2013,MMU,NJ,AEA,EN,Towers with Radar,0,22,66,0,88,0,1,45,0,46,0,23,111,0,134,32,0,32,166
03/28/2013,MMU,NJ,AEA,EN,Towers with Radar,0,38,68,1,107,0,0,36,0,36,0,38,104,1,143,28,0,28,171
03/29/2013,MMU,NJ,AEA,EN,Towers with Radar,0,19,33,0,52,0,3,69,0,72,0,22,102,0,124,50,0,50,174
03/30/2013,MMU,NJ,AEA,EN,Towers with Radar,0,11,20,0,31,0,3,138,0,141,0,14,158,0,172,95,0,95,267
03/31/2013,MMU,NJ,AEA,EN,Towers with Radar,0,33,29,0,62,0,2,38,0,40,0,35,67,0,102,45,0,45,147
04/01/2013,MMU,NJ,AEA,EN,Towers with Radar,0,28,49,0,77,0,2,21,0,23,0,30,70,0,100,17,0,17,117
04/02/2013,MMU,NJ,AEA,EN,Towers with Radar,0,33,53,0,86,0,0,28,0,28,0,33,81,0,114,12,0,12,126
04/03/2013,MMU,NJ,AEA,EN,Towers with Radar,0,16,52,0,68,0,4,52,0,56,0,20,104,0,124,11,0,11,135
04/04/2013,MMU,NJ,AEA,EN,Towers with Radar,0,27,50,0,77,0,3,95,0,98,0,30,145,0,175,76,0,76,251
04/05/2013,MMU,NJ,AEA,EN,Towers with Radar,0,31,54,0,85,0,1,52,0,53,0,32,106,0,138,64,0,64,202
04/06/2013,MMU,NJ,AEA,EN,Towers with Radar,0,22,20,0,42,0,0,117,0,117,0,22,137,0,159,141,0,141,300
04/07/2013,MMU,NJ,AEA,EN,Towers with Radar,0,33,41,0,74,0,2,65,0,67,0,35,106,0,141,43,0,43,184
04/08/2013,MMU,NJ,AEA,EN,Towers with Radar,0,35,41,0,76,0,5,44,0,49,0,40,85,0,125,79,0,79,204
04/09/2013,MMU,NJ,AEA,EN,Towers with Radar,0,29,31,0,60,0,5,49,0,54,0,34,80,0,114,11,0,11,125
04/10/2013,MMU,NJ,AEA,EN,Towers with Radar,0,28,42,0,70,0,1,52,0,53,0,29,94,0,123,55,0,55,178
04/11/2013,MMU,NJ,AEA,EN,Towers with Radar,0,39,71,0,110,0,0,24,0,24,0,39,95,0,134,24,0,24,158
04/12/2013,MMU,NJ,AEA,EN,Towers with Radar,0,31,47,0,78,0,0,0,0,0,0,31,47,0,78,0,0,0,78
04/13/2013,MMU,NJ,AEA,EN,Towers with Radar,0,14,34,0,48,0,4,50,0,54,0,18,84,0,102,81,0,81,183
04/14/2013,MMU,NJ,AEA,EN,Towers with Radar,0,43,33,0,76,0,6,87,0,93,0,49,120,0,169,116,0,116,285
04/15/2013,MMU,NJ,AEA,EN,Towers with Radar,0,22,46,0,68,0,2,54,0,56,0,24,100,0,124,62,0,62,186
04/16/2013,MMU,NJ,AEA,EN,Towers with Radar,0,40,55,0,95,0,1,36,0,37,0,41,91,0,132,28,0,28,160
04/17/2013,MMU,NJ,AEA,EN,Towers with Radar,0,23,45,0,68,0,6,61,0,67,0,29,106,0,135,71,0,71,206
04/18/2013,MMU,NJ,AEA,EN,Towers with Radar,0,36,61,0,97,0,1,39,0,40,0,37,100,0,137,40,0,40,177
04/19/2013,MMU,NJ,AEA,EN,Towers with Radar,0,37,52,0,89,0,8,10,2,20,0,45,62,2,109,12,0,12,121
04/20/2013,MMU,NJ,AEA,EN,Towers with Radar,0,20,28,0,48,0,5,50,0,55,0,25,78,0,103,33,0,33,136
04/21/2013,MMU,NJ,AEA,EN,Towers with Radar,0,29,34,0,63,0,4,116,0,120,0,33,150,0,183,155,0,155,338
04/22/2013,MMU,NJ,AEA,EN,Towers with Radar,0,22,54,1,77,0,7,57,0,64,0,29,111,1,141,32,0,32,173
04/23/2013,MMU,NJ,AEA,EN,Towers with Radar,0,22,57,0,79,0,2,24,0,26,0,24,81,0,105,40,0,40,145
04/24/2013,MMU,NJ,AEA,EN,Towers with Radar,0,43,57,0,100,0,6,66,0,72,0,49,123,0,172,67,0,67,239
04/25/2013,MMU,NJ,AEA,EN,Towers with Radar,0,37,60,1,98,0,5,70,0,75,0,42,130,1,173,23,0,23,196
04/26/2013,MMU,NJ,AEA,EN,Towers with Radar,0,43,58,0,101,0,8,84,0,92,0,51,142,0,193,39,0,39,232
04/27/2013,MMU,NJ,AEA,EN,Towers with Radar,0,24,14,0,38,0,5,112,0,117,0,29,126,0,155,115,0,115,270
04/28/2013,MMU,NJ,AEA,EN,Towers with Radar,0,32,43,0,75,0,1,106,0,107,0,33,149,0,182,96,0,96,278
04/29/2013,MMU,NJ,AEA,EN,Towers with Radar,0,28,71,0,99,0,3,28,0,31,0,31,99,0,130,10,0,10,140
04/30/2013,MMU,NJ,AEA,EN,Towers with Radar,0,34,57,0,91,0,6,38,0,44,0,40,95,0,135,25,0,25,160
05/01/2013,MMU,NJ,AEA,EN,Towers with Radar,0,32,52,0,84,0,4,81,0,85,0,36,133,0,169,111,0,111,280
05/02/2013,MMU,NJ,AEA,EN,Towers with Radar,0,29,60,0,89,0,5,69,0,74,0,34,129,0,163,100,0,100,263
05/03/2013,MMU,NJ,AEA,EN,Towers with Radar,0,30,51,0,81,0,2,60,0,62,0,32,111,0,143,56,0,56,199
05/04/2013,MMU,NJ,AEA,EN,Towers with Radar,0,7,16,0,23,0,15,99,0,114,0,22,115,0,137,171,0,171,308
05/05/2013,MMU,NJ,AEA,EN,Towers with Radar,0,30,56,0,86,0,8,80,0,88,0,38,136,0,174,92,0,92,266
05/06/2013,MMU,NJ,AEA,EN,Towers with Radar,0,26,68,0,94,0,5,57,0,62,0,31,125,0,156,88,0,88,244
05/07/2013,MMU,NJ,AEA,EN,Towers with Radar,0,22,59,0,81,0,1,58,0,59,0,23,117,0,140,24,0,24,164
05/08/2013,MMU,NJ,AEA,EN,Towers with Radar,0,35,67,0,102,0,2,0,0,2,0,37,67,0,104,6,0,6,110
05/09/2013,MMU,NJ,AEA,EN,Towers with Radar,0,29,67,0,96,0,1,14,0,15,0,30,81,0,111,25,0,25,136
05/10/2013,MMU,NJ,AEA,EN,Towers with Radar,0,44,62,0,106,0,3,87,0,90,0,47,149,0,196,41,0,41,237
05/11/2013,MMU,NJ,AEA,EN,Towers with Radar,0,17,34,0,51,0,7,5,0,12,0,24,39,0,63,16,0,16,79
05/12/2013,MMU,NJ,AEA,EN,Towers with Radar,0,26,34,0,60,0,2,49,0,51,0,28,83,0,111,13,0,13,124
05/13/2013,MMU,NJ,AEA,EN,Towers with Radar,0,24,82,0,106,0,6,38,0,44,0,30,120,0,150,0,0,0,150
05/14/2013,MMU,NJ,AEA,EN,Towers with Radar,0,24,58,0,82,0,8,80,0,88,0,32,138,0,170,41,0,41,211
05/15/2013,MMU,NJ,AEA,EN,Towers with Radar,0,35,70,0,105,0,1,43,0,44,0,36,113,0,149,31,0,31,180
05/16/2013,MMU,NJ,AEA,EN,Towers with Radar,0,35,60,0,95,0,2,103,0,105,0,37,163,0,200,46,0,46,246
05/17/2013,MMU,NJ,AEA,EN,Towers with Radar,0,38,46,0,84,0,9,101,0,110,0,47,147,0,194,80,0,80,274
05/18/2013,MMU,NJ,AEA,EN,Towers with Radar,0,20,20,0,40,0,2,73,0,75,0,22,93,0,115,131,0,131,246
05/19/2013,MMU,NJ,AEA,EN,Towers with Radar,0,42,47,0,89,0,0,0,0,0,0,42,47,0,89,0,0,0,89
05/20/2013,MMU,NJ,AEA,EN,Towers with Radar,0,36,71,0,107,0,0,29,0,29,0,36,100,0,136,39,0,39,175
05/21/2013,MMU,NJ,AEA,EN,Towers with Radar,0,25,63,0,88,0,2,56,0,58,0,27,119,0,146,81,0,81,227
05/22/2013,MMU,NJ,AEA,EN,Towers with Radar,0,23,64,0,87,0,2,9,0,11,0,25,73,0,98,14,0,14,112
05/23/2013,MMU,NJ,AEA,EN,Towers with Radar,0,34,55,0,89,0,5,3,0,8,0,39,58,0,97,8,0,8,105
05/24/2013,MMU,NJ,AEA,EN,Towers with Radar,0,59,58,2,119,0,3,3,0,6,0,62,61,2,125,0,0,0,125
05/25/2013,MMU,NJ,AEA,EN,Towers with Radar,0,16,16,0,32,0,3,6,0,9,0,19,22,0,41,4,0,4,45
05/26/2013,MMU,NJ,AEA,EN,Towers with Radar,0,12,25,0,37,0,5,17,0,22,0,17,42,0,59,8,0,8,67
05/27/2013,MMU,NJ,AEA,EN,Towers with Radar,0,36,37,0,73,0,7,130,0,137,0,43,167,0,210,35,0,35,245
05/28/2013,MMU,NJ,AEA,EN,Towers with Radar,0,36,50,0,86,0,2,19,0,21,0,38,69,0,107,14,0,14,121
05/29/2013,MMU,NJ,AEA,EN,Towers with Radar,0,30,58,0,88,0,2,38,1,41,0,32,96,1,129,29,0,29,158
05/30/2013,MMU,NJ,AEA,EN,Towers with Radar,0,35,55,0,90,0,9,70,0,79,0,44,125,0,169,35,0,35,204
05/31/2013,MMU,NJ,AEA,EN,Towers with Radar,0,30,56,0,86,0,6,76,0,82,0,36,132,0,168,64,0,64,232
06/01/2013,MMU,NJ,AEA,EN,Towers with Radar,0,20,24,0,44,0,3,100,0,103,0,23,124,0,147,67,0,67,214
06/02/2013,MMU,NJ,AEA,EN,Towers with Radar,0,27,37,0,64,0,3,69,2,74,0,30,106,2,138,57,0,57,195
06/03/2013,MMU,NJ,AEA,EN,Towers with Radar,0,28,72,0,100,0,0,30,0,30,0,28,102,0,130,27,0,27,157
06/04/2013,MMU,NJ,AEA,EN,Towers with Radar,0,30,49,0,79,0,5,62,0,67,0,35,111,0,146,54,0,54,200
06/05/2013,MMU,NJ,AEA,EN,Towers with Radar,1,46,63,0,110,0,2,108,1,111,1,48,171,1,221,50,0,50,271
06/06/2013,MMU,NJ,AEA,EN,Towers with Radar,0,38,70,0,108,0,2,56,0,58,0,40,126,0,166,16,0,16,182
06/07/2013,MMU,NJ,AEA,EN,Towers with Radar,0,35,36,0,71,0,0,0,0,0,0,35,36,0,71,0,0,0,71
06/08/2013,MMU,NJ,AEA,EN,Towers with Radar,0,29,26,0,55,0,0,31,0,31,0,29,57,0,86,97,0,97,183
06/09/2013,MMU,NJ,AEA,EN,Towers with Radar,0,27,45,0,72,0,3,106,0,109,0,30,151,0,181,48,0,48,229
06/10/2013,MMU,NJ,AEA,EN,Towers with Radar,0,34,58,0,92,0,0,6,0,6,0,34,64,0,98,0,0,0,98
06/11/2013,MMU,NJ,AEA,EN,Towers with Radar,0,31,71,0,102,0,0,23,0,23,0,31,94,0,125,26,0,26,151
06/12/2013,MMU,NJ,AEA,EN,Towers with Radar,0,33,62,0,95,0,5,80,0,85,0,38,142,0,180,40,0,40,220
06/13/2013,MMU,NJ,AEA,EN,Towers with Radar,0,31,60,0,91,0,0,7,0,7,0,31,67,0,98,0,0,0,98
06/14/2013,MMU,NJ,AEA,EN,Towers with Radar,0,35,56,0,91,0,0,57,0,57,0,35,113,0,148,68,0,68,216
06/15/2013,MMU,NJ,AEA,EN,Towers with Radar,0,16,26,0,42,0,7,103,0,110,0,23,129,0,152,17,0,17,169
06/16/2013,MMU,NJ,AEA,EN,Towers with Radar,1,30,26,0,57,0,5,61,0,66,1,35,87,0,123,38,0,38,161
06/17/2013,MMU,NJ,AEA,EN,Towers with Radar,0,19,51,0,70,0,4,44,0,48,0,23,95,0,118,40,0,40,158
06/18/2013,MMU,NJ,AEA,EN,Towers with Radar,0,26,66,0,92,0,1,26,0,27,0,27,92,0,119,17,0,17,136
06/19/2013,MMU,NJ,AEA,EN,Towers with Radar,0,20,80,0,100,0,4,95,0,99,0,24,175,0,199,63,0,63,262
06/20/2013,MMU,NJ,AEA,EN,Towers with Radar,0,39,77,4,120,0,10,108,0,118,0,49,185,4,238,80,0,80,318
06/21/2013,MMU,NJ,AEA,EN,Towers with Radar,0,41,55,0,96,0,7,97,0,104,0,48,152,0,200,20,0,20,220
06/22/2013,MMU,NJ,AEA,EN,Towers with Radar,0,23,35,0,58,0,7,99,0,106,0,30,134,0,164,112,0,112,276
06/23/2013,MMU,NJ,AEA,EN,Towers with Radar,0,24,46,0,70,0,10,103,0,113,0,34,149,0,183,48,0,48,231
06/24/2013,MMU,NJ,AEA,EN,Towers with Radar,0,27,57,0,84,0,8,58,0,66,0,35,115,0,150,14,0,14,164
06/25/2013,MMU,NJ,AEA,EN,Towers with Radar,0,27,63,0,90,0,8,60,0,68,0,35,123,0,158,58,0,58,216
06/26/2013,MMU,NJ,AEA,EN,Towers with Radar,0,30,45,0,75,0,7,53,2,62,0,37,98,2,137,42,0,42,179
06/27/2013,MMU,NJ,AEA,EN,Towers with Radar,0,32,53,0,85,0,3,32,0,35,0,35,85,0,120,88,0,88,208
06/28/2013,MMU,NJ,AEA,EN,Towers with Radar,0,40,58,0,98,0,3,41,0,44,0,43,99,0,142,39,0,39,181
06/29/2013,MMU,NJ,AEA,EN,Towers with Radar,0,31,41,0,72,0,4,63,0,67,0,35,104,0,139,84,0,84,223
06/30/2013,MMU,NJ,AEA,EN,Towers with Radar,0,18,39,0,57,0,3,30,0,33,0,21,69,0,90,34,0,34,124
07/01/2013,MMU,NJ,AEA,EN,Towers with Radar,0,17,64,0,81,0,2,4,0,6,0,19,68,0,87,6,0,6,93
07/02/2013,MMU,NJ,AEA,EN,Towers with Radar,0,31,49,0,80,0,1,18,0,19,0,32,67,0,99,44,0,44,143
07/03/2013,MMU,NJ,AEA,EN,Towers with Radar,0,36,56,0,92,0,4,25,0,29,0,40,81,0,121,72,0,72,193
07/04/2013,MMU,NJ,AEA,EN,Towers with Radar,0,10,15,0,25,0,5,20,0,25,0,15,35,0,50,20,0,20,70
07/05/2013,MMU,NJ,AEA,EN,Towers with Radar,0,24,15,0,39,0,7,84,0,91,0,31,99,0,130,86,0,86,216
07/06/2013,MMU,NJ,AEA,EN,Towers with Radar,0,13,26,0,39,0,4,84,0,88,0,17,110,0,127,43,0,43,170
07/07/2013,MMU,NJ,AEA,EN,Towers with Radar,0,38,49,0,87,0,6,89,0,95,0,44,138,0,182,48,0,48,230
07/08/2013,MMU,NJ,AEA,EN,Towers with Radar,0,35,42,0,77,0,5,69,0,74,0,40,111,0,151,58,0,58,209
07/09/2013,MMU,NJ,AEA,EN,Towers with Radar,0,23,47,0,70,0,2,64,0,66,0,25,111,0,136,59,0,59,195
07/10/2013,MMU,NJ,AEA,EN,Towers with Radar,0,24,61,0,85,0,3,33,0,36,0,27,94,0,121,19,0,19,140
07/11/2013,MMU,NJ,AEA,EN,Towers with Radar,0,31,57,0,88,0,1,50,0,51,0,32,107,0,139,47,0,47,186
07/12/2013,MMU,NJ,AEA,EN,Towers with Radar,0,37,59,0,96,0,5,51,0,56,0,42,110,0,152,43,0,43,195
07/13/2013,MMU,NJ,AEA,EN,Towers with Radar,0,21,39,0,60,0,2,2,0,4,0,23,41,0,64,0,0,0,64
07/14/2013,MMU,NJ,AEA,EN,Towers with Radar,0,28,53,0,81,0,6,93,0,99,0,34,146,0,180,72,0,72,252
07/15/2013,MMU,NJ,AEA,EN,Towers with Radar,0,23,54,0,77,0,1,75,0,76,0,24,129,0,153,92,0,92,245
07/16/2013,MMU,NJ,AEA,EN,Towers with Radar,0,24,52,0,76,0,3,76,0,79,0,27,128,0,155,73,0,73,228
07/17/2013,MMU,NJ,AEA,EN,Towers with Radar,0,36,50,0,86,0,3,79,0,82,0,39,129,0,168,68,0,68,236
07/18/2013,MMU,NJ,AEA,EN,Towers with Radar,0,39,73,0,112,0,11,60,0,71,0,50,133,0,183,67,0,67,250
07/19/2013,MMU,NJ,AEA,EN,Towers with Radar,0,24,50,0,74,0,9,83,0,92,0,33,133,0,166,73,0,73,239
07/20/2013,MMU,NJ,AEA,EN,Towers with Radar,0,18,26,0,44,0,4,48,0,52,0,22,74,0,96,53,0,53,149
07/21/2013,MMU,NJ,AEA,EN,Towers with Radar,0,22,44,0,66,0,12,114,6,132,0,34,158,6,198,135,0,135,333
07/22/2013,MMU,NJ,AEA,EN,Towers with Radar,0,36,68,0,104,0,0,21,0,21,0,36,89,0,125,42,0,42,167
07/23/2013,MMU,NJ,AEA,EN,Towers with Radar,0,40,77,0,117,0,2,25,0,27,0,42,102,0,144,35,0,35,179
07/24/2013,MMU,NJ,AEA,EN,Towers with Radar,0,35,64,0,99,0,2,82,0,84,0,37,146,0,183,133,0,133,316
07/25/2013,MMU,NJ,AEA,EN,Towers with Radar,0,32,77,0,109,0,1,55,0,56,0,33,132,0,165,90,0,90,255
07/26/2013,MMU,NJ,AEA,EN,Towers with Radar,0,41,63,0,104,0,7,107,2,116,0,48,170,2,220,76,0,76,296
07/27/2013,MMU,NJ,AEA,EN,Towers with Radar,0,7,22,0,29,0,2,120,3,125,0,9,142,3,154,169,0,169,323
07/28/2013,MMU,NJ,AEA,EN,Towers with Radar,0,28,45,0,73,0,0,30,0,30,0,28,75,0,103,175,0,175,278
07/29/2013,MMU,NJ,AEA,EN,Towers with Radar,0,41,59,0,100,0,9,79,0,88,0,50,138,0,188,85,0,85,273
07/30/2013,MMU,NJ,AEA,EN,Towers with Radar,1,31,60,0,92,0,12,90,0,102,1,43,150,0,194,58,0,58,252
07/31/2013,MMU,NJ,AEA,EN,Towers with Radar,1,36,55,2,94,0,6,111,0,117,1,42,166,2,211,111,0,111,322
08/01/2013,MMU,NJ,AEA,EN,Towers with Radar,0,42,70,0,112,0,0,5,0,5,0,42,75,0,117,18,0,18,135
08/02/2013,MMU,NJ,AEA,EN,Towers with Radar,0,34,53,0,87,0,0,111,0,111,0,34,164,0,198,103,0,103,301
08/03/2013,MMU,NJ,AEA,EN,Towers with Radar,0,23,37,0,60,0,2,39,0,41,0,25,76,0,101,85,0,85,186
08/04/2013,MMU,NJ,AEA,EN,Towers with Radar,1,39,24,0,64,0,6,88,0,94,1,45,112,0,158,126,0,126,284
08/05/2013,MMU,NJ,AEA,EN,Towers with Radar,0,28,50,0,78,0,2,81,0,83,0,30,131,0,161,159,0,159,320
08/06/2013,MMU,NJ,AEA,EN,Towers with Radar,0,34,46,0,80,0,3,67,0,70,0,37,113,0,150,61,0,61,211
08/07/2013,MMU,NJ,AEA,EN,Towers with Radar,0,31,72,0,103,0,0,28,2,30,0,31,100,2,133,46,0,46,179
08/08/2013,MMU,NJ,AEA,EN,Towers with Radar,0,51,71,0,122,0,3,4,0,7,0,54,75,0,129,0,0,0,129
08/09/2013,MMU,NJ,AEA,EN,Towers with Radar,0,41,63,0,104,0,3,5,0,8,0,44,68,0,112,16,0,16,128
08/10/2013,MMU,NJ,AEA,EN,Towers with Radar,1,17,28,0,46,0,9,97,2,108,1,26,125,2,154,163,0,163,317
08/11/2013,MMU,NJ,AEA,EN,Towers with Radar,0,43,43,0,86,0,6,118,3,127,0,49,161,3,213,120,0,120,333
08/12/2013,MMU,NJ,AEA,EN,Towers with Radar,0,30,49,0,79,0,3,81,0,84,0,33,130,0,163,99,0,99,262
08/13/2013,MMU,NJ,AEA,EN,Towers with Radar,0,23,62,1,86,0,3,10,0,13,0,26,72,1,99,22,0,22,121
08/14/2013,MMU,NJ,AEA,EN,Towers with Radar,0,25,56,0,81,0,4,75,0,79,0,29,131,0,160,51,0,51,211
08/15/2013,MMU,NJ,AEA,EN,Towers with Radar,0,23,47,0,70,0,3,102,0,105,0,26,149,0,175,81,0,81,256
08/16/2013,MMU,NJ,AEA,EN,Towers with Radar,0,30,50,0,80,0,6,110,2,118,0,36,160,2,198,38,0,38,236
08/17/2013,MMU,NJ,AEA,EN,Towers with Radar,0,29,14,0,43,0,0,98,3,101,0,29,112,3,144,113,0,113,257
08/18/2013,MMU,NJ,AEA,EN,Towers with Radar,0,38,42,1,81,0,0,54,0,54,0,38,96,1,135,64,0,64,199
08/19/2013,MMU,NJ,AEA,EN,Towers with Radar,0,40,56,0,96,0,3,69,0,72,0,43,125,0,168,70,0,70,238
08/20/2013,MMU,NJ,AEA,EN,Towers with Radar,0,28,54,0,82,0,0,108,0,108,0,28,162,0,190,84,0,84,274
08/21/2013,MMU,NJ,AEA,EN,Towers with Radar,0,32,62,0,94,0,10,88,0,98,0,42,150,0,192,53,0,53,245
08/22/2013,MMU,NJ,AEA,EN,Towers with Radar,0,43,58,0,101,0,7,17,0,24,0,50,75,0,125,8,0,8,133
08/23/2013,MMU,NJ,AEA,EN,Towers with Radar,0,36,45,1,82,0,10,86,0,96,0,46,131,1,178,126,0,126,304
08/24/2013,MMU,NJ,AEA,EN,Towers with Radar,0,18,24,0,42,0,6,122,0,128,0,24,146,0,170,102,0,102,272
08/25/2013,MMU,NJ,AEA,EN,Towers with Radar,0,18,32,0,50,0,15,112,0,127,0,33,144,0,177,125,0,125,302
08/26/2013,MMU,NJ,AEA,EN,Towers with Radar,0,24,44,0,68,0,8,61,0,69,0,32,105,0,137,35,0,35,172
08/27/2013,MMU,NJ,AEA,EN,Towers with Radar,0,20,46,2,68,0,4,78,0,82,0,24,124,2,150,41,0,41,191
08/28/2013,MMU,NJ,AEA,EN,Towers with Radar,0,32,65,2,99,0,0,20,0,20,0,32,85,2,119,19,0,19,138
08/29/2013,MMU,NJ,AEA,EN,Towers with Radar,0,43,74,0,117,0,4,22,0,26,0,47,96,0,143,33,0,33,176
08/30/2013,MMU,NJ,AEA,EN,Towers with Radar,0,39,68,0,107,0,6,67,0,73,0,45,135,0,180,85,0,85,265
08/31/2013,MMU,NJ,AEA,EN,Towers with Radar,0,16,35,0,51,0,3,17,0,20,0,19,52,0,71,55,0,55,126
09/01/2013,MMU,NJ,AEA,EN,Towers with Radar,0,17,40,0,57,0,8,7,0,15,0,25,47,0,72,24,0,24,96
09/02/2013,MMU,NJ,AEA,EN,Towers with Radar,0,39,44,0,83,0,0,22,0,22,0,39,66,0,105,42,0,42,147
09/03/2013,MMU,NJ,AEA,EN,Towers with Radar,0,27,68,0,95,0,5,50,0,55,0,32,118,0,150,4,2,6,156
09/04/2013,MMU,NJ,AEA,EN,Towers with Radar,0,16,68,0,84,0,5,91,0,96,0,21,159,0,180,32,0,32,212
09/05/2013,MMU,NJ,AEA,EN,Towers with Radar,0,25,80,1,106,0,3,84,2,89,0,28,164,3,195,54,0,54,249
09/06/2013,MMU,NJ,AEA,EN,Towers with Radar,0,41,44,0,85,0,3,88,0,91,0,44,132,0,176,47,0,47,223
09/07/2013,MMU,NJ,AEA,EN,Towers with Radar,0,7,28,0,35,0,4,92,0,96,0,11,120,0,131,145,0,145,276
09/08/2013,MMU,NJ,AEA,EN,Towers with Radar,0,23,42,0,65,0,6,86,0,92,0,29,128,0,157,151,0,151,308
09/09/2013,MMU,NJ,AEA,EN,Towers with Radar,0,22,54,0,76,0,8,64,0,72,0,30,118,0,148,61,0,61,209
09/10/2013,MMU,NJ,AEA,EN,Towers with Radar,0,26,63,0,89,0,4,24,0,28,0,30,87,0,117,40,0,40,157
09/11/2013,MMU,NJ,AEA,EN,Towers with Radar,0,24,48,0,72,0,4,39,2,45,0,28,87,2,117,61,0,61,178
09/12/2013,MMU,NJ,AEA,EN,Towers with Radar,0,34,75,1,110,0,2,25,0,27,0,36,100,1,137,8,0,8,145
09/13/2013,MMU,NJ,AEA,EN,Towers with Radar,0,30,60,0,90,0,13,69,0,82,0,43,129,0,172,56,0,56,228
09/14/2013,MMU,NJ,AEA,EN,Towers with Radar,0,13,19,0,32,0,4,69,0,73,0,17,88,0,105,46,0,46,151
09/15/2013,MMU,NJ,AEA,EN,Towers with Radar,0,23,49,0,72,0,8,100,1,109,0,31,149,1,181,181,0,181,362
09/16/2013,MMU,NJ,AEA,EN,Towers with Radar,0,29,43,0,72,0,2,50,0,52,0,31,93,0,124,37,0,37,161
09/17/2013,MMU,NJ,AEA,EN,Towers with Radar,0,27,47,0,74,0,10,63,0,73,0,37,110,0,147,33,0,33,180
09/18/2013,MMU,NJ,AEA,EN,Towers with Radar,0,33,51,0,84,0,3,51,0,54,0,36,102,0,138,63,0,63,201
09/19/2013,MMU,NJ,AEA,EN,Towers with Radar,0,36,57,0,93,0,9,84,0,93,0,45,141,0,186,34,0,34,220
09/20/2013,MMU,NJ,AEA,EN,Towers with Radar,0,32,60,0,92,0,4,73,0,77,0,36,133,0,169,42,0,42,211
09/21/2013,MMU,NJ,AEA,EN,Towers with Radar,0,11,33,0,44,0,2,15,0,17,0,13,48,0,61,97,0,97,158
09/22/2013,MMU,NJ,AEA,EN,Towers with Radar,0,38,64,1,103,0,7,59,0,66,0,45,123,1,169,77,0,77,246
09/23/2013,MMU,NJ,AEA,EN,Towers with Radar,0,14,30,0,44,0,6,35,0,41,0,20,65,0,85,0,0,0,85
09/24/2013,MMU,NJ,AEA,EN,Towers with Radar,0,6,29,0,35,0,2,39,0,41,0,8,68,0,76,0,0,0,76
09/25/2013,MMU,NJ,AEA,EN,Towers with Radar,0,4,22,0,26,0,1,69,0,70,0,5,91,0,96,74,0,74,170
09/26/2013,MMU,NJ,AEA,EN,Towers with Radar,0,11,44,0,55,0,3,84,0,87,0,14,128,0,142,56,0,56,198
09/27/2013,MMU,NJ,AEA,EN,Towers with Radar,0,23,33,0,56,0,10,120,15,145,0,33,153,15,201,47,0,47,248
09/28/2013,MMU,NJ,AEA,EN,Towers with Radar,0,7,11,0,18,0,4,78,0,82,0,11,89,0,100,63,0,63,163
09/29/2013,MMU,NJ,AEA,EN,Towers with Radar,0,18,20,0,38,0,3,82,0,85,0,21,102,0,123,58,0,58,181
09/30/2013,MMU,NJ,AEA,EN,Towers with Radar,0,12,24,0,36,0,6,53,0,59,0,18,77,0,95,22,0,22,117
10/01/2013,MMU,NJ,AEA,EN,Towers with Radar,0,6,25,0,31,0,2,77,0,79,0,8,102,0,110,24,0,24,134
10/02/2013,MMU,NJ,AEA,EN,Towers with Radar,0,7,19,0,26,0,2,73,0,75,0,9,92,0,101,32,0,32,133
10/03/2013,MMU,NJ,AEA,EN,Towers with Radar,0,21,50,0,71,0,10,74,0,84,0,31,124,0,155,19,0,19,174
10/04/2013,MMU,NJ,AEA,EN,Towers with Radar,0,15,45,0,60,0,4,82,0,86,0,19,127,0,146,67,0,67,213
10/05/2013,MMU,NJ,AEA,EN,Towers with Radar,0,14,28,0,42,0,1,29,0,30,0,15,57,0,72,24,0,24,96
10/06/2013,MMU,NJ,AEA,EN,Towers with Radar,0,28,43,0,71,0,0,0,0,0,0,28,43,0,71,0,0,0,71
10/07/2013,MMU,NJ,AEA,EN,Towers with Radar,0,26,53,0,79,0,8,3,0,11,0,34,56,0,90,0,0,0,90
10/08/2013,MMU,NJ,AEA,EN,Towers with Radar,0,26,62,0,88,0,5,54,0,59,0,31,116,0,147,61,0,61,208
10/09/2013,MMU,NJ,AEA,EN,Towers with Radar,0,29,60,0,89,0,5,84,0,89,0,34,144,0,178,36,0,36,214
10/10/2013,MMU,NJ,AEA,EN,Towers with Radar,0,32,63,0,95,0,4,21,0,25,0,36,84,0,120,28,0,28,148
10/11/2013,MMU,NJ,AEA,EN,Towers with Radar,0,64,74,0,138,0,3,13,0,16,0,67,87,0,154,15,0,15,169
10/12/2013,MMU,NJ,AEA,EN,Towers with Radar,0,17,21,0,38,0,1,57,0,58,0,18,78,0,96,19,0,19,115
10/13/2013,MMU,NJ,AEA,EN,Towers with Radar,0,37,45,0,82,0,2,68,0,70,0,39,113,0,152,87,0,87,239
10/14/2013,MMU,NJ,AEA,EN,Towers with Radar,0,36,52,0,88,0,4,78,0,82,0,40,130,0,170,95,0,95,265
10/15/2013,MMU,NJ,AEA,EN,Towers with Radar,0,31,46,0,77,0,6,93,0,99,0,37,139,0,176,20,0,20,196
10/16/2013,MMU,NJ,AEA,EN,Towers with Radar,0,25,65,0,90,0,2,22,0,24,0,27,87,0,114,51,0,51,165
10/17/2013,MMU,NJ,AEA,EN,Towers with Radar,0,48,80,0,128,0,3,31,0,34,0,51,111,0,162,53,0,53,215
10/18/2013,MMU,NJ,AEA,EN,Towers with Radar,0,33,51,0,84,0,20,57,0,77,0,53,108,0,161,42,0,42,203
10/19/2013,MMU,NJ,AEA,EN,Towers with Radar,0,16,25,0,41,0,0,82,0,82,0,16,107,0,123,118,0,118,241
10/20/2013,MMU,NJ,AEA,EN,Towers with Radar,0,38,41,0,79,0,4,75,0,79,0,42,116,0,158,77,0,77,235
10/21/2013,MMU,NJ,AEA,EN,Towers with Radar,0,29,56,1,86,0,11,61,0,72,0,40,117,1,158,27,0,27,185
10/22/2013,MMU,NJ,AEA,EN,Towers with Radar,0,19,46,0,65,0,2,62,0,64,0,21,108,0,129,37,0,37,166
10/23/2013,MMU,NJ,AEA,EN,Towers with Radar,0,21,47,0,68,0,2,48,0,50,0,23,95,0,118,21,0,21,139
10/24/2013,MMU,NJ,AEA,EN,Towers with Radar,0,41,65,0,106,0,5,47,0,52,0,46,112,0,158,8,0,8,166
10/25/2013,MMU,NJ,AEA,EN,Towers with Radar,0,42,65,0,107,0,4,40,0,44,0,46,105,0,151,27,0,27,178
10/26/2013,MMU,NJ,AEA,EN,Towers with Radar,0,19,32,0,51,0,2,71,0,73,0,21,103,0,124,43,0,43,167
10/27/2013,MMU,NJ,AEA,EN,Towers with Radar,0,31,52,0,83,0,4,56,0,60,0,35,108,0,143,78,0,78,221
10/28/2013,MMU,NJ,AEA,EN,Towers with Radar,0,34,44,0,78,0,1,61,0,62,0,35,105,0,140,47,0,47,187
10/29/2013,MMU,NJ,AEA,EN,Towers with Radar,0,24,34,2,60,0,0,77,0,77,0,24,111,2,137,47,0,47,184
10/30/2013,MMU,NJ,AEA,EN,Towers with Radar,0,28,45,0,73,0,1,36,3,40,0,29,81,3,113,47,0,47,160
10/31/2013,MMU,NJ,AEA,EN,Towers with Radar,0,35,64,0,99,0,2,9,0,11,0,37,73,0,110,9,0,9,119
11/01/2013,MMU,NJ,AEA,EN,Towers with Radar,0,40,68,0,108,0,6,15,0,21,0,46,83,0,129,6,0,6,135
11/02/2013,MMU,NJ,AEA,EN,Towers with Radar,0,26,54,0,80,0,3,125,0,128,0,29,179,0,208,169,0,169,377
11/03/2013,MMU,NJ,AEA,EN,Towers with Radar,0,35,46,0,81,0,7,48,0,55,0,42,94,0,136,55,0,55,191
11/04/2013,MMU,NJ,AEA,EN,Towers with Radar,0,34,55,0,89,0,7,78,0,85,0,41,133,0,174,57,0,57,231
11/05/2013,MMU,NJ,AEA,EN,Towers with Radar,0,28,57,0,85,0,3,57,1,61,0,31,114,1,146,104,0,104,250
11/06/2013,MMU,NJ,AEA,EN,Towers with Radar,0,32,48,0,80,0,1,60,0,61,0,33,108,0,141,92,0,92,233
11/07/2013,MMU,NJ,AEA,EN,Towers with Radar,0,39,50,0,89,0,1,13,0,14,0,40,63,0,103,17,0,17,120
11/08/2013,MMU,NJ,AEA,EN,Towers with Radar,0,42,53,0,95,0,0,30,0,30,0,42,83,0,125,31,0,31,156
11/09/2013,MMU,NJ,AEA,EN,Towers with Radar,0,21,16,0,37,0,0,67,0,67,0,21,83,0,104,112,0,112,216
11/10/2013,MMU,NJ,AEA,EN,Towers with Radar,0,21,31,0,52,0,6,31,0,37,0,27,62,0,89,16,0,16,105
11/11/2013,MMU,NJ,AEA,EN,Towers with Radar,0,28,46,0,74,0,6,83,0,89,0,34,129,0,163,12,0,12,175
11/12/2013,MMU,NJ,AEA,EN,Towers with Radar,0,28,36,0,64,0,0,12,0,12,0,28,48,0,76,2,0,2,78
11/13/2013,MMU,NJ,AEA,EN,Towers with Radar,0,26,54,0,80,0,2,50,0,52,0,28,104,0,132,42,0,42,174
11/14/2013,MMU,NJ,AEA,EN,Towers with Radar,0,38,75,0,113,0,1,57,0,58,0,39,132,0,171,29,0,29,200
11/15/2013,MMU,NJ,AEA,EN,Towers with Radar,0,39,51,0,90,0,14,60,1,75,0,53,111,1,165,96,0,96,261
11/16/2013,MMU,NJ,AEA,EN,Towers with Radar,0,15,32,0,47,0,2,118,0,120,0,17,150,0,167,163,0,163,330
11/17/2013,MMU,NJ,AEA,EN,Towers with Radar,0,20,67,0,87,0,0,1,0,1,0,20,68,0,88,0,0,0,88
11/18/2013,MMU,NJ,AEA,EN,Towers with Radar,0,23,45,0,68,0,5,9,0,14,0,28,54,0,82,0,0,0,82
11/19/2013,MMU,NJ,AEA,EN,Towers with Radar,0,31,53,0,84,0,3,30,0,33,0,34,83,0,117,19,0,19,136
11/20/2013,MMU,NJ,AEA,EN,Towers with Radar,0,29,70,0,99,0,6,68,0,74,0,35,138,0,173,102,0,102,275
11/21/2013,MMU,NJ,AEA,EN,Towers with Radar,0,32,78,0,110,0,7,62,0,69,0,39,140,0,179,61,0,61,240
11/22/2013,MMU,NJ,AEA,EN,Towers with Radar,0,49,53,0,102,0,4,16,0,20,0,53,69,0,122,7,0,7,129
11/23/2013,MMU,NJ,AEA,EN,Towers with Radar,0,8,23,0,31,0,3,58,0,61,0,11,81,0,92,45,0,45,137
11/24/2013,MMU,NJ,AEA,EN,Towers with Radar,0,20,35,0,55,0,1,10,0,11,0,21,45,0,66,1,0,1,67
11/25/2013,MMU,NJ,AEA,EN,Towers with Radar,0,25,51,0,76,0,8,75,1,84,0,33,126,1,160,64,0,64,224
11/26/2013,MMU,NJ,AEA,EN,Towers with Radar,0,46,60,0,106,0,1,16,0,17,0,47,76,0,123,26,0,26,149
11/27/2013,MMU,NJ,AEA,EN,Towers with Radar,0,33,34,0,67,0,0,5,0,5,0,33,39,0,72,0,0,0,72
11/28/2013,MMU,NJ,AEA,EN,Towers with Radar,0,8,14,0,22,0,8,15,0,23,0,16,29,0,45,0,0,0,45
11/29/2013,MMU,NJ,AEA,EN,Towers with Radar,0,23,44,0,67,0,2,57,0,59,0,25,101,0,126,52,0,52,178
11/30/2013,MMU,NJ,AEA,EN,Towers with Radar,0,24,27,0,51,0,8,89,0,97,0,32,116,0,148,182,0,182,330
12/01/2013,MMU,NJ,AEA,EN,Towers with Radar,0,78,110,0,188,0,2,63,0,65,0,80,173,0,253,139,0,139,392
12/02/2013,MMU,NJ,AEA,EN,Towers with Radar,0,33,72,0,105,0,2,52,0,54,0,35,124,0,159,21,0,21,180
12/03/2013,MMU,NJ,AEA,EN,Towers with Radar,0,25,54,0,79,0,3,61,0,64,0,28,115,0,143,32,0,32,175
12/04/2013,MMU,NJ,AEA,EN,Towers with Radar,0,33,91,0,124,0,3,52,0,55,0,36,143,0,179,82,0,82,261
12/05/2013,MMU,NJ,AEA,EN,Towers with Radar,1,62,124,0,187,0,0,0,0,0,1,62,124,0,187,0,0,0,187
12/06/2013,MMU,NJ,AEA,EN,Towers with Radar,0,42,54,0,96,0,1,5,0,6,0,43,59,0,102,0,0,0,102
12/07/2013,MMU,NJ,AEA,EN,Towers with Radar,0,20,42,0,62,0,4,85,0,89,0,24,127,0,151,122,0,122,273
12/08/2013,MMU,NJ,AEA,EN,Towers with Radar,0,19,71,0,90,0,2,57,0,59,0,21,128,0,149,95,0,95,244
12/09/2013,MMU,NJ,AEA,EN,Towers with Radar,0,40,59,0,99,0,0,1,0,1,0,40,60,0,100,0,0,0,100
12/10/2013,MMU,NJ,AEA,EN,Towers with Radar,0,37,47,0,84,0,1,3,0,4,0,38,50,0,88,0,0,0,88
12/11/2013,MMU,NJ,AEA,EN,Towers with Radar,0,31,73,0,104,0,2,40,0,42,0,33,113,0,146,14,0,14,160
12/12/2013,MMU,NJ,AEA,EN,Towers with Radar,0,42,72,0,114,0,0,51,0,51,0,42,123,0,165,12,0,12,177
12/13/2013,MMU,NJ,AEA,EN,Towers with Radar,0,29,54,0,83,0,2,43,0,45,0,31,97,0,128,58,0,58,186
12/14/2013,MMU,NJ,AEA,EN,Towers with Radar,0,11,6,0,17,0,0,0,0,0,0,11,6,0,17,0,0,0,17
12/15/2013,MMU,NJ,AEA,EN,Towers with Radar,0,22,41,0,63,0,3,14,0,17,0,25,55,0,80,15,0,15,95
12/16/2013,MMU,NJ,AEA,EN,Towers with Radar,0,27,73,0,100,0,10,33,0,43,0,37,106,0,143,0,0,0,143
12/17/2013,MMU,NJ,AEA,EN,Towers with Radar,0,26,47,0,73,0,0,0,0,0,0,26,47,0,73,0,0,0,73
12/18/2013,MMU,NJ,AEA,EN,Towers with Radar,0,21,64,0,85,0,0,49,0,49,0,21,113,0,134,20,0,20,154
12/19/2013,MMU,NJ,AEA,EN,Towers with Radar,0,23,39,0,62,0,3,75,0,78,0,26,114,0,140,52,0,52,192
12/20/2013,MMU,NJ,AEA,EN,Towers with Radar,0,28,60,0,88,0,3,59,0,62,0,31,119,0,150,121,0,121,271
12/21/2013,MMU,NJ,AEA,EN,Towers with Radar,0,23,42,0,65,0,3,69,0,72,0,26,111,0,137,96,0,96,233
12/22/2013,MMU,NJ,AEA,EN,Towers with Radar,0,14,25,0,39,0,0,7,0,7,0,14,32,0,46,33,0,33,79
12/23/2013,MMU,NJ,AEA,EN,Towers with Radar,0,19,27,0,46,0,0,6,0,6,0,19,33,0,52,14,0,14,66
12/24/2013,MMU,NJ,AEA,EN,Towers with Radar,0,19,11,0,30,0,2,44,0,46,0,21,55,0,76,25,0,25,101
12/25/2013,MMU,NJ,AEA,EN,Towers with Radar,0,16,8,0,24,0,3,8,0,11,0,19,16,0,35,0,0,0,35
12/26/2013,MMU,NJ,AEA,EN,Towers with Radar,0,41,45,0,86,0,2,36,0,38,0,43,81,0,124,79,0,79,203
12/27/2013,MMU,NJ,AEA,EN,Towers with Radar,0,36,44,0,80,0,7,66,0,73,0,43,110,0,153,76,0,76,229
12/28/2013,MMU,NJ,AEA,EN,Towers with Radar,1,32,43,0,76,0,6,78,0,84,1,38,121,0,160,43,0,43,203
12/29/2013,MMU,NJ,AEA,EN,Towers with Radar,0,18,23,0,41,0,1,12,0,13,0,19,35,0,54,41,0,41,95
12/30/2013,MMU,NJ,AEA,EN,Towers with Radar,0,13,22,0,35,0,2,36,0,38,0,15,58,0,73,32,0,32,105
12/31/2013,MMU,NJ,AEA,EN,Towers with Radar,0,20,17,0,37,0,4,35,0,39,0,24,52,0,76,45,0,45,121
01/01/2014,MMU,NJ,AEA,EN,Towers with Radar,0,28,31,0,59,0,0,25,0,25,0,28,56,0,84,28,0,28,112
01/02/2014,MMU,NJ,AEA,EN,Towers with Radar,0,12,14,0,26,0,0,2,0,2,0,12,16,0,28,0,0,0,28
01/03/2014,MMU,NJ,AEA,EN,Towers with Radar,1,11,23,0,35,0,7,3,0,10,1,18,26,0,45,0,0,0,45
01/04/2014,MMU,NJ,AEA,EN,Towers with Radar,0,27,44,0,71,0,6,55,0,61,0,33,99,0,132,54,0,54,186
01/05/2014,MMU,NJ,AEA,EN,Towers with Radar,0,15,17,0,32,0,0,0,0,0,0,15,17,0,32,14,0,14,46
01/06/2014,MMU,NJ,AEA,EN,Towers with Radar,1,35,60,0,96,0,0,4,0,4,1,35,64,0,100,0,0,0,100
01/07/2014,MMU,NJ,AEA,EN,Towers with Radar,0,27,49,0,76,0,3,13,0,16,0,30,62,0,92,0,0,0,92
01/08/2014,MMU,NJ,AEA,EN,Towers with Radar,0,24,75,0,99,0,3,45,1,49,0,27,120,1,148,32,0,32,180
01/09/2014,MMU,NJ,AEA,EN,Towers with Radar,0,27,43,0,70,0,4,49,0,53,0,31,92,0,123,53,0,53,176
01/10/2014,MMU,NJ,AEA,EN,Towers with Radar,0,27,43,0,70,0,0,2,0,2,0,27,45,0,72,0,0,0,72
01/11/2014,MMU,NJ,AEA,EN,Towers with Radar,0,9,15,0,24,0,1,0,0,1,0,10,15,0,25,0,0,0,25
01/12/2014,MMU,NJ,AEA,EN,Towers with Radar,0,27,40,0,67,0,1,54,0,55,0,28,94,0,122,39,0,39,161
01/13/2014,MMU,NJ,AEA,EN,Towers with Radar,0,22,40,0,62,0,4,52,0,56,0,26,92,0,118,37,0,37,155
01/14/2014,MMU,NJ,AEA,EN,Towers with Radar,0,22,55,0,77,0,2,3,0,5,0,24,58,0,82,0,0,0,82
01/15/2014,MMU,NJ,AEA,EN,Towers with Radar,0,28,44,0,72,0,0,15,0,15,0,28,59,0,87,43,0,43,130
01/16/2014,MMU,NJ,AEA,EN,Towers with Radar,0,37,59,0,96,0,0,20,0,20,0,37,79,0,116,91,0,91,207
01/17/2014,MMU,NJ,AEA,EN,Towers with Radar,0,44,52,0,96,0,7,63,0,70,0,51,115,0,166,100,0,100,266
01/18/2014,MMU,NJ,AEA,EN,Towers with Radar,0,14,19,0,33,0,0,15,0,15,0,14,34,0,48,87,0,87,135
01/19/2014,MMU,NJ,AEA,EN,Towers with Radar,0,19,19,0,38,0,4,57,0,61,0,23,76,0,99,78,0,78,177
01/20/2014,MMU,NJ,AEA,EN,Towers with Radar,0,34,79,0,113,0,1,64,0,65,0,35,143,0,178,51,0,51,229
01/21/2014,MMU,NJ,AEA,EN,Towers with Radar,0,13,36,0,49,0,0,1,0,1,0,13,37,0,50,0,0,0,50
01/22/2014,MMU,NJ,AEA,EN,Towers with Radar,0,29,49,0,78,0,10,12,0,22,0,39,61,0,100,14,0,14,114
01/23/2014,MMU,NJ,AEA,EN,Towers with Radar,0,34,56,0,90,0,10,31,0,41,0,44,87,0,131,15,0,15,146
01/24/2014,MMU,NJ,AEA,EN,Towers with Radar,0,32,41,0,73,0,7,38,0,45,0,39,79,0,118,26,0,26,144
01/25/2014,MMU,NJ,AEA,EN,Towers with Radar,0,18,18,0,36,0,0,7,0,7,0,18,25,0,43,30,0,30,73
01/26/2014,MMU,NJ,AEA,EN,Towers with Radar,0,26,43,0,69,0,3,37,0,40,0,29,80,0,109,10,0,10,119
01/27/2014,MMU,NJ,AEA,EN,Towers with Radar,0,33,48,0,81,0,10,25,0,35,0,43,73,0,116,10,0,10,126
01/28/2014,MMU,NJ,AEA,EN,Towers with Radar,0,20,60,0,80,0,4,46,0,50,0,24,106,0,130,16,0,16,146
01/29/2014,MMU,NJ,AEA,EN,Towers with Radar,0,35,51,0,86,0,2,29,0,31,0,37,80,0,117,20,0,20,137
01/30/2014,MMU,NJ,AEA,EN,Towers with Radar,0,31,45,0,76,0,2,66,0,68,0,33,111,0,144,50,2,52,196
01/31/2014,MMU,NJ,AEA,EN,Towers with Radar,0,32,44,0,76,0,5,41,1,47,0,37,85,1,123,11,0,11,134
02/01/2014,MMU,NJ,AEA,EN,Towers with Radar,0,18,20,0,38,0,5,62,0,67,0,23,82,0,105,73,0,73,178
02/02/2014,MMU,NJ,AEA,EN,Towers with Radar,0,29,53,1,83,0,3,46,0,49,0,32,99,1,132,11,0,11,143
02/03/2014,MMU,NJ,AEA,EN,Towers with Radar,0,23,48,0,71,0,0,0,0,0,0,23,48,0,71,0,0,0,71
02/04/2014,MMU,NJ,AEA,EN,Towers with Radar,0,33,69,0,102,0,0,32,0,32,0,33,101,0,134,73,0,73,207
02/05/2014,MMU,NJ,AEA,EN,Towers with Radar,0,14,28,0,42,0,0,0,0,0,0,14,28,0,42,0,0,0,42
02/06/2014,MMU,NJ,AEA,EN,Towers with Radar,0,30,69,0,99,0,0,30,0,30,0,30,99,0,129,43,0,43,172
02/07/2014,MMU,NJ,AEA,EN,Towers with Radar,0,21,36,0,57,0,3,43,0,46,0,24,79,0,103,48,0,48,151
02/08/2014,MMU,NJ,AEA,EN,Towers with Radar,0,11,20,0,31,0,1,58,0,59,0,12,78,0,90,68,0,68,158
02/09/2014,MMU,NJ,AEA,EN,Towers with Radar,0,18,31,0,49,0,0,43,0,43,0,18,74,0,92,37,0,37,129
02/10/2014,MMU,NJ,AEA,EN,Towers with Radar,0,27,49,0,76,0,3,24,0,27,0,30,73,0,103,21,0,21,124
02/11/2014,MMU,NJ,AEA,EN,Towers with Radar,0,28,52,0,80,0,4,44,0,48,0,32,96,0,128,27,0,27,155
02/12/2014,MMU,NJ,AEA,EN,Towers with Radar,0,52,83,0,135,0,3,45,0,48,0,55,128,0,183,42,0,42,225
02/13/2014,MMU,NJ,AEA,EN,Towers with Radar,0,1,1,0,2,0,0,0,0,0,0,1,1,0,2,0,0,0,2
02/14/2014,MMU,NJ,AEA,EN,Towers with Radar,0,57,92,0,149,0,7,22,0,29,0,64,114,0,178,1,0,1,179
02/15/2014,MMU,NJ,AEA,EN,Towers with Radar,0,30,24,0,54,0,3,2,0,5,0,33,26,0,59,11,0,11,70
02/16/2014,MMU,NJ,AEA,EN,Towers with Radar,0,30,34,0,64,0,1,30,0,31,0,31,64,0,95,38,0,38,133
02/17/2014,MMU,NJ,AEA,EN,Towers with Radar,0,46,56,0,102,0,2,40,0,42,0,48,96,0,144,42,1,43,187
02/18/2014,MMU,NJ,AEA,EN,Towers with Radar,0,32,45,0,77,0,0,1,0,1,0,32,46,0,78,0,0,0,78
02/19/2014,MMU,NJ,AEA,EN,Towers with Radar,0,45,56,0,101,0,0,6,0,6,0,45,62,0,107,10,0,10,117
02/20/2014,MMU,NJ,AEA,EN,Towers with Radar,0,30,65,0,95,0,9,50,0,59,0,39,115,0,154,119,0,119,273
02/21/2014,MMU,NJ,AEA,EN,Towers with Radar,0,21,59,0,80,0,2,3,0,5,0,23,62,0,85,0,0,0,85
02/22/2014,MMU,NJ,AEA,EN,Towers with Radar,1,25,37,0,63,0,4,87,3,94,1,29,124,3,157,86,4,90,247
02/23/2014,MMU,NJ,AEA,EN,Towers with Radar,0,26,41,0,67,0,5,100,0,105,0,31,141,0,172,107,0,107,279
02/24/2014,MMU,NJ,AEA,EN,Towers with Radar,0,28,54,0,82,0,6,38,0,44,0,34,92,0,126,0,0,0,126
02/25/2014,MMU,NJ,AEA,EN,Towers with Radar,0,37,62,0,99,0,0,23,0,23,0,37,85,0,122,37,0,37,159
02/26/2014,MMU,NJ,AEA,EN,Towers with Radar,0,30,48,0,78,0,3,7,0,10,0,33,55,0,88,18,0,18,106
02/27/2014,MMU,NJ,AEA,EN,Towers with Radar,0,53,47,0,100,0,0,22,1,23,0,53,69,1,123,33,0,33,156
02/28/2014,MMU,NJ,AEA,EN,Towers with Radar,0,29,53,0,82,0,1,0,0,1,0,30,53,0,83,0,0,0,83
03/01/2014,MMU,NJ,AEA,EN,Towers with Radar,0,11,27,0,38,0,0,100,1,101,0,11,127,1,139,195,0,195,334
03/02/2014,MMU,NJ,AEA,EN,Towers with Radar,0,28,33,0,61,0,4,27,0,31,0,32,60,0,92,143,0,143,235
03/03/2014,MMU,NJ,AEA,EN,Towers with Radar,0,28,19,0,47,0,1,15,0,16,0,29,34,0,63,0,0,0,63
03/04/2014,MMU,NJ,AEA,EN,Towers with Radar,0,36,58,0,94,0,22,40,0,62,0,58,98,0,156,62,0,62,218
03/05/2014,MMU,NJ,AEA,EN,Towers with Radar,0,27,52,0,79,0,2,52,0,54,0,29,104,0,133,51,0,51,184
03/06/2014,MMU,NJ,AEA,EN,Towers with Radar,1,30,52,0,83,0,7,59,0,66,1,37,111,0,149,63,0,63,212
03/07/2014,MMU,NJ,AEA,EN,Towers with Radar,0,36,47,0,83,0,4,26,0,30,0,40,73,0,113,75,0,75,188
03/08/2014,MMU,NJ,AEA,EN,Towers with Radar,0,20,27,0,47,0,5,89,1,95,0,25,116,1,142,105,0,105,247
03/09/2014,MMU,NJ,AEA,EN,Towers with Radar,0,25,35,0,60,0,4,52,3,59,0,29,87,3,119,21,0,21,140
03/10/2014,MMU,NJ,AEA,EN,Towers with Radar,0,32,54,0,86,0,0,43,0,43,0,32,97,0,129,57,0,57,186
03/11/2014,MMU,NJ,AEA,EN,Towers with Radar,0,27,55,0,82,0,4,42,0,46,0,31,97,0,128,65,0,65,193
03/12/2014,MMU,NJ,AEA,EN,Towers with Radar,0,23,38,0,61,0,1,27,0,28,0,24,65,0,89,45,0,45,134
03/13/2014,MMU,NJ,AEA,EN,Towers with Radar,0,28,58,0,86,0,4,11,0,15,0,32,69,0,101,0,0,0,101
03/14/2014,MMU,NJ,AEA,EN,Towers with Radar,0,37,54,0,91,0,1,58,0,59,0,38,112,0,150,70,0,70,220
03/15/2014,MMU,NJ,AEA,EN,Towers with Radar,0,24,26,0,50,0,6,39,0,45,0,30,65,0,95,77,0,77,172
03/16/2014,MMU,NJ,AEA,EN,Towers with Radar,0,30,42,0,72,0,2,82,0,84,0,32,124,0,156,74,0,74,230
03/17/2014,MMU,NJ,AEA,EN,Towers with Radar,0,31,33,0,64,0,3,30,0,33,0,34,63,0,97,20,0,20,117
03/18/2014,MMU,NJ,AEA,EN,Towers with Radar,0,30,57,0,87,0,0,59,0,59,0,30,116,0,146,94,0,94,240
03/19/2014,MMU,NJ,AEA,EN,Towers with Radar,0,37,57,0,94,0,0,7,0,7,0,37,64,0,101,24,0,24,125
03/20/2014,MMU,NJ,AEA,EN,Towers with Radar,0,30,58,0,88,0,8,20,0,28,0,38,78,0,116,17,0,17,133
03/21/2014,MMU,NJ,AEA,EN,Towers with Radar,0,32,58,0,90,0,4,40,0,44,0,36,98,0,134,18,0,18,152
03/22/2014,MMU,NJ,AEA,EN,Towers with Radar,0,17,33,0,50,0,12,39,0,51,0,29,72,0,101,126,0,126,227
03/23/2014,MMU,NJ,AEA,EN,Towers with Radar,0,27,48,0,75,0,9,87,0,96,0,36,135,0,171,184,0,184,355
03/24/2014,MMU,NJ,AEA,EN,Towers with Radar,0,30,45,0,75,0,3,40,0,43,0,33,85,0,118,113,0,113,231
03/25/2014,MMU,NJ,AEA,EN,Towers with Radar,0,36,41,0,77,0,2,15,0,17,0,38,56,0,94,6,0,6,100
03/26/2014,MMU,NJ,AEA,EN,Towers with Radar,0,24,41,0,65,0,10,14,0,24,0,34,55,0,89,2,0,2,91
03/27/2014,MMU,NJ,AEA,EN,Towers with Radar,0,37,69,0,106,0,5,86,0,91,0,42,155,0,197,147,0,147,344
03/28/2014,MMU,NJ,AEA,EN,Towers with Radar,0,33,34,0,67,0,10,15,0,25,0,43,49,0,92,45,0,45,137
03/29/2014,MMU,NJ,AEA,EN,Towers with Radar,0,14,27,0,41,0,1,17,0,18,0,15,44,0,59,52,0,52,111
03/30/2014,MMU,NJ,AEA,EN,Towers with Radar,0,26,40,0,66,0,0,0,0,0,0,26,40,0,66,0,0,0,66
03/31/2014,MMU,NJ,AEA,EN,Towers with Radar,0,27,41,0,68,0,4,15,0,19,0,31,56,0,87,30,0,30,117
04/01/2014,MMU,NJ,AEA,EN,Towers with Radar,0,22,45,1,68,0,2,94,2,98,0,24,139,3,166,140,0,140,306
04/02/2014,MMU,NJ,AEA,EN,Towers with Radar,0,14,66,0,80,0,2,48,0,50,0,16,114,0,130,97,0,97,227
04/03/2014,MMU,NJ,AEA,EN,Towers with Radar,0,33,52,0,85,0,3,40,0,43,0,36,92,0,128,99,0,99,227
04/04/2014,MMU,NJ,AEA,EN,Towers with Radar,0,31,68,0,99,0,4,0,0,4,0,35,68,0,103,17,0,17,120
04/05/2014,MMU,NJ,AEA,EN,Towers with Radar,0,12,25,0,37,0,9,31,0,40,0,21,56,0,77,2,0,2,79
04/06/2014,MMU,NJ,AEA,EN,Towers with Radar,0,25,44,0,69,0,4,116,1,121,0,29,160,1,190,191,0,191,381
04/07/2014,MMU,NJ,AEA,EN,Towers with Radar,2,28,57,0,87,0,7,9,0,16,2,35,66,0,103,14,0,14,117
04/08/2014,MMU,NJ,AEA,EN,Towers with Radar,0,27,54,0,81,0,0,17,1,18,0,27,71,1,99,10,0,10,109
04/09/2014,MMU,NJ,AEA,EN,Towers with Radar,0,21,54,0,75,0,8,49,4,61,0,29,103,4,136,23,0,23,159
04/10/2014,MMU,NJ,AEA,EN,Towers with Radar,0,27,61,0,88,0,3,62,0,65,0,30,123,0,153,83,0,83,236
04/11/2014,MMU,NJ,AEA,EN,Towers with Radar,0,40,79,0,119,0,1,23,0,24,0,41,102,0,143,20,0,20,163
04/12/2014,MMU,NJ,AEA,EN,Towers with Radar,0,30,40,0,70,0,12,124,0,136,0,42,164,0,206,151,0,151,357
04/13/2014,MMU,NJ,AEA,EN,Towers with Radar,0,32,44,0,76,0,1,74,0,75,0,33,118,0,151,165,0,165,316
04/14/2014,MMU,NJ,AEA,EN,Towers with Radar,0,27,41,0,68,0,7,19,0,26,0,34,60,0,94,81,0,81,175
04/15/2014,MMU,NJ,AEA,EN,Towers with Radar,0,36,78,0,114,0,0,1,0,1,0,36,79,0,115,0,0,0,115
04/16/2014,MMU,NJ,AEA,EN,Towers with Radar,3,29,59,0,91,0,5,31,2,38,3,34,90,2,129,0,0,0,129
04/17/2014,MMU,NJ,AEA,EN,Towers with Radar,0,46,73,0,119,0,8,62,0,70,0,54,135,0,189,88,0,88,277
04/18/2014,MMU,NJ,AEA,EN,Towers with Radar,0,23,30,0,53,0,0,39,0,39,0,23,69,0,92,166,0,166,258
04/19/2014,MMU,NJ,AEA,EN,Towers with Radar,0,21,27,0,48,0,6,84,0,90,0,27,111,0,138,106,0,106,244
04/20/2014,MMU,NJ,AEA,EN,Towers with Radar,0,39,45,0,84,0,10,49,0,59,0,49,94,0,143,7,0,7,150
04/21/2014,MMU,NJ,AEA,EN,Towers with Radar,0,39,69,3,111,0,7,68,2,77,0,46,137,5,188,126,0,126,314
04/22/2014,MMU,NJ,AEA,EN,Towers with Radar,0,35,55,0,90,0,2,31,0,33,0,37,86,0,123,16,0,16,139
04/23/2014,MMU,NJ,AEA,EN,Towers with Radar,0,26,54,1,81,0,1,25,0,26,0,27,79,1,107,0,0,0,107
04/24/2014,MMU,NJ,AEA,EN,Towers with Radar,0,44,58,0,102,0,10,30,0,40,0,54,88,0,142,6,0,6,148
04/25/2014,MMU,NJ,AEA,EN,Towers with Radar,0,32,48,0,80,0,5,48,0,53,0,37,96,0,133,66,0,66,199
04/26/2014,MMU,NJ,AEA,EN,Towers with Radar,0,13,40,0,53,0,2,48,0,50,0,15,88,0,103,110,0,110,213
04/27/2014,MMU,NJ,AEA,EN,Towers with Radar,0,30,49,0,79,0,2,95,0,97,0,32,144,0,176,51,0,51,227
04/28/2014,MMU,NJ,AEA,EN,Towers with Radar,0,20,50,0,70,0,1,65,0,66,0,21,115,0,136,125,0,125,261
04/29/2014,MMU,NJ,AEA,EN,Towers with Radar,0,29,55,0,84,0,2,6,0,8,0,31,61,0,92,40,0,40,132
04/30/2014,MMU,NJ,AEA,EN,Towers with Radar,0,22,54,0,76,0,0,0,0,0,0,22,54,0,76,0,0,0,76
05/01/2014,MMU,NJ,AEA,EN,Towers with Radar,0,68,125,0,193,0,3,20,0,23,0,71,145,0,216,15,0,15,231
05/02/2014,MMU,NJ,AEA,EN,Towers with Radar,0,26,58,4,88,0,7,39,0,46,0,33,97,4,134,67,0,67,201
05/03/2014,MMU,NJ,AEA,EN,Towers with Radar,0,10,27,0,37,0,5,74,0,79,0,15,101,0,116,96,0,96,212
05/04/2014,MMU,NJ,AEA,EN,Towers with Radar,0,33,39,0,72,0,21,9,0,30,0,54,48,0,102,46,0,46,148
05/05/2014,MMU,NJ,AEA,EN,Towers with Radar,0,24,49,0,73,0,0,34,0,34,0,24,83,0,107,8,0,8,115
05/06/2014,MMU,NJ,AEA,EN,Towers with Radar,0,26,57,0,83,0,0,70,0,70,0,26,127,0,153,79,0,79,232
05/07/2014,MMU,NJ,AEA,EN,Towers with Radar,0,24,55,2,81,1,5,77,0,83,1,29,132,2,164,70,0,70,234
05/08/2014,MMU,NJ,AEA,EN,Towers with Radar,0,36,70,0,106,0,0,0,0,0,0,36,70,0,106,0,0,0,106
05/09/2014,MMU,NJ,AEA,EN,Towers with Radar,0,47,70,0,117,0,0,0,0,0,0,47,70,0,117,0,0,0,117
05/10/2014,MMU,NJ,AEA,EN,Towers with Radar,0,20,34,0,54,0,2,30,0,32,0,22,64,0,86,57,0,57,143
05/11/2014,MMU,NJ,AEA,EN,Towers with Radar,0,26,34,0,60,0,4,113,0,117,0,30,147,0,177,46,0,46,223
05/12/2014,MMU,NJ,AEA,EN,Towers with Radar,0,28,73,0,101,0,6,53,0,59,0,34,126,0,160,68,0,68,228
05/13/2014,MMU,NJ,AEA,EN,Towers with Radar,0,37,48,0,85,0,3,49,0,52,0,40,97,0,137,37,0,37,174
05/14/2014,MMU,NJ,AEA,EN,Towers with Radar,0,40,84,0,124,0,4,14,0,18,0,44,98,0,142,2,0,2,144
05/15/2014,MMU,NJ,AEA,EN,Towers with Radar,0,31,92,0,123,0,1,2,0,3,0,32,94,0,126,0,0,0,126
05/16/2014,MMU,NJ,AEA,EN,Towers with Radar,0,40,73,0,113,0,0,0,0,0,0,40,73,0,113,0,0,0,113
05/17/2014,MMU,NJ,AEA,EN,Towers with Radar,0,42,40,0,82,0,2,154,0,156,0,44,194,0,238,89,0,89,327
05/18/2014,MMU,NJ,AEA,EN,Towers with Radar,0,32,60,0,92,0,9,85,0,94,0,41,145,0,186,135,0,135,321
05/19/2014,MMU,NJ,AEA,EN,Towers with Radar,0,32,72,0,104,0,1,50,0,51,0,33,122,0,155,37,0,37,192
05/20/2014,MMU,NJ,AEA,EN,Towers with Radar,1,36,70,0,107,0,1,86,0,87,1,37,156,0,194,46,0,46,240
05/21/2014,MMU,NJ,AEA,EN,Towers with Radar,0,39,75,2,116,0,3,74,0,77,0,42,149,2,193,176,0,176,369
05/22/2014,MMU,NJ,AEA,EN,Towers with Radar,0,52,87,0,139,0,0,1,0,1,0,52,88,0,140,0,0,0,140
05/23/2014,MMU,NJ,AEA,EN,Towers with Radar,0,71,94,0,165,0,1,19,0,20,0,72,113,0,185,10,0,10,195
05/24/2014,MMU,NJ,AEA,EN,Towers with Radar,0,18,31,0,49,0,1,26,0,27,0,19,57,0,76,107,0,107,183
05/25/2014,MMU,NJ,AEA,EN,Towers with Radar,0,23,27,0,50,0,6,66,0,72,0,29,93,0,122,129,0,129,251
05/26/2014,MMU,NJ,AEA,EN,Towers with Radar,0,31,52,0,83,0,3,76,0,79,0,34,128,0,162,38,0,38,200
05/27/2014,MMU,NJ,AEA,EN,Towers with Radar,0,21,48,0,69,0,0,47,0,47,0,21,95,0,116,42,0,42,158
05/28/2014,MMU,NJ,AEA,EN,Towers with Radar,0,31,71,0,102,0,0,14,0,14,0,31,85,0,116,6,0,6,122
05/29/2014,MMU,NJ,AEA,EN,Towers with Radar,0,35,59,0,94,0,2,64,0,66,0,37,123,0,160,86,0,86,246
05/30/2014,MMU,NJ,AEA,EN,Towers with Radar,0,27,61,0,88,0,4,65,0,69,0,31,126,0,157,54,0,54,211
05/31/2014,MMU,NJ,AEA,EN,Towers with Radar,0,15,22,0,37,0,4,55,0,59,0,19,77,0,96,15,0,15,111
06/01/2014,MMU,NJ,AEA,EN,Towers with Radar,0,24,34,0,58,0,3,124,1,128,0,27,158,1,186,165,0,165,351
06/02/2014,MMU,NJ,AEA,EN,Towers with Radar,0,20,56,1,77,0,1,44,0,45,0,21,100,1,122,65,0,65,187
06/03/2014,MMU,NJ,AEA,EN,Towers with Radar,0,32,51,0,83,0,8,51,0,59,0,40,102,0,142,32,0,32,174
06/04/2014,MMU,NJ,AEA,EN,Towers with Radar,0,18,76,0,94,0,2,51,0,53,0,20,127,0,147,57,0,57,204
06/05/2014,MMU,NJ,AEA,EN,Towers with Radar,0,27,67,0,94,0,5,31,0,36,0,32,98,0,130,33,0,33,163
06/06/2014,MMU,NJ,AEA,EN,Towers with Radar,0,32,37,1,70,0,3,80,0,83,0,35,117,1,153,36,0,36,189
06/07/2014,MMU,NJ,AEA,EN,Towers with Radar,0,12,22,0,34,0,1,116,0,117,0,13,138,0,151,60,0,60,211
06/08/2014,MMU,NJ,AEA,EN,Towers with Radar,0,18,32,0,50,0,5,88,0,93,0,23,120,0,143,123,0,123,266
06/09/2014,MMU,NJ,AEA,EN,Towers with Radar,0,33,57,0,90,0,0,0,0,0,0,33,57,0,90,0,0,0,90
06/10/2014,MMU,NJ,AEA,EN,Towers with Radar,0,32,49,0,81,0,5,11,0,16,0,37,60,0,97,30,0,30,127
06/11/2014,MMU,NJ,AEA,EN,Towers with Radar,1,33,71,0,105,0,0,19,0,19,1,33,90,0,124,21,0,21,145
06/12/2014,MMU,NJ,AEA,EN,Towers with Radar,0,30,68,0,98,0,0,0,0,0,0,30,68,0,98,0,0,0,98
06/13/2014,MMU,NJ,AEA,EN,Towers with Radar,1,45,72,0,118,0,2,8,0,10,1,47,80,0,128,12,0,12,140
06/14/2014,MMU,NJ,AEA,EN,Towers with Radar,0,24,39,0,63,0,3,91,0,94,0,27,130,0,157,120,0,120,277
06/15/2014,MMU,NJ,AEA,EN,Towers with Radar,0,35,34,0,69,0,6,111,0,117,0,41,145,0,186,58,0,58,244
06/16/2014,MMU,NJ,AEA,EN,Towers with Radar,0,34,55,0,89,0,4,115,0,119,0,38,170,0,208,110,0,110,318
06/17/2014,MMU,NJ,AEA,EN,Towers with Radar,0,30,61,0,91,0,4,61,0,65,0,34,122,0,156,78,0,78,234
06/18/2014,MMU,NJ,AEA,EN,Towers with Radar,0,31,58,0,89,0,5,51,0,56,0,36,109,0,145,45,0,45,190
06/19/2014,MMU,NJ,AEA,EN,Towers with Radar,0,31,76,0,107,0,6,43,0,49,0,37,119,0,156,47,0,47,203
06/20/2014,MMU,NJ,AEA,EN,Towers with Radar,1,37,55,0,93,0,5,123,0,128,1,42,178,0,221,103,0,103,324
06/21/2014,MMU,NJ,AEA,EN,Towers with Radar,0,11,38,0,49,0,2,101,0,103,0,13,139,0,152,110,0,110,262
06/22/2014,MMU,NJ,AEA,EN,Towers with Radar,0,19,47,0,66,0,3,106,0,109,0,22,153,0,175,148,0,148,323
06/23/2014,MMU,NJ,AEA,EN,Towers with Radar,0,39,43,0,82,0,4,79,0,83,0,43,122,0,165,79,0,79,244
06/24/2014,MMU,NJ,AEA,EN,Towers with Radar,0,32,46,0,78,0,7,50,0,57,0,39,96,0,135,134,0,134,269
06/25/2014,MMU,NJ,AEA,EN,Towers with Radar,0,34,61,0,95,0,0,20,0,20,0,34,81,0,115,20,0,20,135
06/26/2014,MMU,NJ,AEA,EN,Towers with Radar,0,24,74,2,100,0,9,51,0,60,0,33,125,2,160,47,0,47,207
06/27/2014,MMU,NJ,AEA,EN,Towers with Radar,0,44,49,0,93,0,2,89,0,91,0,46,138,0,184,104,0,104,288
06/28/2014,MMU,NJ,AEA,EN,Towers with Radar,0,18,28,0,46,0,0,79,0,79,0,18,107,0,125,64,0,64,189
06/29/2014,MMU,NJ,AEA,EN,Towers with Radar,0,20,37,0,57,0,5,103,0,108,0,25,140,0,165,147,0,147,312
06/30/2014,MMU,NJ,AEA,EN,Towers with Radar,0,34,52,0,86,0,2,72,0,74,0,36,124,0,160,71,0,71,231
07/01/2014,MMU,NJ,AEA,EN,Towers with Radar,0,29,45,0,74,0,4,60,0,64,0,33,105,0,138,52,0,52,190
07/02/2014,MMU,NJ,AEA,EN,Towers with Radar,0,39,56,0,95,0,7,31,0,38,0,46,87,0,133,10,0,10,143
07/03/2014,MMU,NJ,AEA,EN,Towers with Radar,0,44,42,0,86,0,3,15,0,18,0,47,57,0,104,4,0,4,108
07/04/2014,MMU,NJ,AEA,EN,Towers with Radar,0,19,14,0,33,0,2,7,0,9,0,21,21,0,42,10,0,10,52
07/05/2014,MMU,NJ,AEA,EN,Towers with Radar,0,13,16,0,29,0,2,63,0,65,0,15,79,0,94,31,0,31,125
07/06/2014,MMU,NJ,AEA,EN,Towers with Radar,0,37,40,0,77,0,6,95,0,101,0,43,135,0,178,67,0,67,245
07/07/2014,MMU,NJ,AEA,EN,Towers with Radar,0,28,43,0,71,0,4,78,0,82,0,32,121,0,153,62,0,62,215
07/08/2014,MMU,NJ,AEA,EN,Towers with Radar,0,28,45,0,73,0,2,64,1,67,0,30,109,1,140,64,0,64,204
07/09/2014,MMU,NJ,AEA,EN,Towers with Radar,0,16,47,0,63,0,1,57,0,58,0,17,104,0,121,64,0,64,185
07/10/2014,MMU,NJ,AEA,EN,Towers with Radar,0,28,51,0,79,0,1,76,0,77,0,29,127,0,156,98,0,98,254
07/11/2014,MMU,NJ,AEA,EN,Towers with Radar,0,25,63,0,88,0,9,76,0,85,0,34,139,0,173,135,0,135,308
07/12/2014,MMU,NJ,AEA,EN,Towers with Radar,0,13,28,0,41,0,0,87,0,87,0,13,115,0,128,51,0,51,179
07/13/2014,MMU,NJ,AEA,EN,Towers with Radar,0,30,43,0,73,0,5,27,0,32,0,35,70,0,105,18,0,18,123
07/14/2014,MMU,NJ,AEA,EN,Towers with Radar,0,45,50,0,95,0,0,11,0,11,0,45,61,0,106,4,0,4,110
07/15/2014,MMU,NJ,AEA,EN,Towers with Radar,0,28,59,0,87,0,0,0,0,0,0,28,59,0,87,0,0,0,87
07/16/2014,MMU,NJ,AEA,EN,Towers with Radar,0,21,40,0,61,0,0,58,0,58,0,21,98,0,119,70,0,70,189
07/17/2014,MMU,NJ,AEA,EN,Towers with Radar,0,46,68,0,114,0,5,112,0,117,0,51,180,0,231,70,0,70,301
07/18/2014,MMU,NJ,AEA,EN,Towers with Radar,0,28,62,0,90,0,3,106,0,109,0,31,168,0,199,101,0,101,300
07/19/2014,MMU,NJ,AEA,EN,Towers with Radar,0,6,35,1,42,0,0,91,1,92,0,6,126,2,134,84,0,84,218
07/20/2014,MMU,NJ,AEA,EN,Towers with Radar,0,34,49,0,83,0,8,86,0,94,0,42,135,0,177,139,0,139,316
07/21/2014,MMU,NJ,AEA,EN,Towers with Radar,0,42,43,0,85,0,2,71,0,73,0,44,114,0,158,127,0,127,285
07/22/2014,MMU,NJ,AEA,EN,Towers with Radar,0,28,47,2,77,0,4,93,0,97,0,32,140,2,174,91,0,91,265
07/23/2014,MMU,NJ,AEA,EN,Towers with Radar,0,26,60,0,86,0,1,69,0,70,0,27,129,0,156,72,0,72,228
07/24/2014,MMU,NJ,AEA,EN,Towers with Radar,0,25,75,0,100,0,4,53,0,57,0,29,128,0,157,77,0,77,234
07/25/2014,MMU,NJ,AEA,EN,Towers with Radar,1,30,74,0,105,0,11,111,0,122,1,41,185,0,227,50,0,50,277
07/26/2014,MMU,NJ,AEA,EN,Towers with Radar,0,13,22,0,35,0,0,59,0,59,0,13,81,0,94,76,0,76,170
07/27/2014,MMU,NJ,AEA,EN,Towers with Radar,0,28,48,0,76,0,4,35,0,39,0,32,83,0,115,62,0,62,177
07/28/2014,MMU,NJ,AEA,EN,Towers with Radar,0,30,39,0,69,0,3,25,0,28,0,33,64,0,97,0,0,0,97
07/29/2014,MMU,NJ,AEA,EN,Towers with Radar,0,26,48,0,74,0,2,71,0,73,0,28,119,0,147,117,0,117,264
07/30/2014,MMU,NJ,AEA,EN,Towers with Radar,0,25,53,0,78,0,1,85,0,86,0,26,138,0,164,94,0,94,258
07/31/2014,MMU,NJ,AEA,EN,Towers with Radar,0,37,68,0,105,0,0,57,0,57,0,37,125,0,162,90,0,90,252
08/01/2014,MMU,NJ,AEA,EN,Towers with Radar,0,38,61,0,99,0,4,34,0,38,0,42,95,0,137,17,0,17,154
08/02/2014,MMU,NJ,AEA,EN,Towers with Radar,0,21,45,0,66,0,0,27,0,27,0,21,72,0,93,8,0,8,101
08/03/2014,MMU,NJ,AEA,EN,Towers with Radar,0,38,60,1,99,0,3,27,0,30,0,41,87,1,129,36,0,36,165
08/04/2014,MMU,NJ,AEA,EN,Towers with Radar,0,13,29,0,42,0,0,61,0,61,0,13,90,0,103,63,0,63,166
08/05/2014,MMU,NJ,AEA,EN,Towers with Radar,0,14,25,0,39,0,2,92,0,94,0,16,117,0,133,51,0,51,184
08/06/2014,MMU,NJ,AEA,EN,Towers with Radar,0,12,25,0,37,0,2,44,0,46,0,14,69,0,83,94,0,94,177
08/07/2014,MMU,NJ,AEA,EN,Towers with Radar,0,10,18,0,28,0,2,109,0,111,0,12,127,0,139,90,0,90,229
08/08/2014,MMU,NJ,AEA,EN,Towers with Radar,0,19,16,0,35,0,7,85,0,92,0,26,101,0,127,63,0,63,190
08/09/2014,MMU,NJ,AEA,EN,Towers with Radar,0,8,19,0,27,0,5,75,0,80,0,13,94,0,107,55,0,55,162
08/10/2014,MMU,NJ,AEA,EN,Towers with Radar,0,21,21,0,42,0,8,119,0,127,0,29,140,0,169,78,0,78,247
08/11/2014,MMU,NJ,AEA,EN,Towers with Radar,0,15,19,0,34,0,1,89,1,91,0,16,108,1,125,81,0,81,206
08/12/2014,MMU,NJ,AEA,EN,Towers with Radar,1,14,34,0,49,0,1,21,0,22,1,15,55,0,71,51,0,51,122
08/13/2014,MMU,NJ,AEA,EN,Towers with Radar,0,19,46,0,65,0,5,25,0,30,0,24,71,0,95,22,0,22,117
08/14/2014,MMU,NJ,AEA,EN,Towers with Radar,0,21,46,0,67,0,6,90,0,96,0,27,136,0,163,59,0,59,222
08/15/2014,MMU,NJ,AEA,EN,Towers with Radar,0,21,40,0,61,0,5,93,0,98,0,26,133,0,159,49,0,49,208
08/16/2014,MMU,NJ,AEA,EN,Towers with Radar,0,20,22,0,42,0,0,88,0,88,0,20,110,0,130,70,0,70,200
08/17/2014,MMU,NJ,AEA,EN,Towers with Radar,0,14,50,0,64,0,12,69,0,81,0,26,119,0,145,23,0,23,168
08/18/2014,MMU,NJ,AEA,EN,Towers with Radar,0,37,47,0,84,0,3,71,0,74,0,40,118,0,158,72,0,72,230
08/19/2014,MMU,NJ,AEA,EN,Towers with Radar,0,28,46,0,74,0,5,95,0,100,0,33,141,0,174,100,0,100,274
08/20/2014,MMU,NJ,AEA,EN,Towers with Radar,0,32,50,0,82,0,4,66,0,70,0,36,116,0,152,64,0,64,216
08/21/2014,MMU,NJ,AEA,EN,Towers with Radar,0,33,59,0,92,0,5,52,0,57,0,38,111,0,149,52,0,52,201
08/22/2014,MMU,NJ,AEA,EN,Towers with Radar,0,38,50,0,88,0,3,11,0,14,0,41,61,0,102,34,0,34,136
08/23/2014,MMU,NJ,AEA,EN,Towers with Radar,0,15,32,0,47,0,5,26,0,31,0,20,58,0,78,104,0,104,182
08/24/2014,MMU,NJ,AEA,EN,Towers with Radar,0,24,41,0,65,0,6,106,0,112,0,30,147,0,177,95,0,95,272
08/25/2014,MMU,NJ,AEA,EN,Towers with Radar,0,28,45,0,73,0,7,103,1,111,0,35,148,1,184,118,0,118,302
08/26/2014,MMU,NJ,AEA,EN,Towers with Radar,0,35,57,0,92,0,3,84,0,87,0,38,141,0,179,70,0,70,249
08/27/2014,MMU,NJ,AEA,EN,Towers with Radar,0,17,52,0,69,0,3,84,0,87,0,20,136,0,156,33,0,33,189
08/28/2014,MMU,NJ,AEA,EN,Towers with Radar,0,24,62,0,86,0,7,83,0,90,0,31,145,0,176,78,0,78,254
08/29/2014,MMU,NJ,AEA,EN,Towers with Radar,0,19,58,0,77,0,6,85,0,91,0,25,143,0,168,53,0,53,221
08/30/2014,MMU,NJ,AEA,EN,Towers with Radar,0,16,33,0,49,0,2,67,0,69,0,18,100,0,118,63,0,63,181
08/31/2014,MMU,NJ,AEA,EN,Towers with Radar,0,15,40,0,55,0,3,10,0,13,0,18,50,0,68,22,0,22,90
09/01/2014,MMU,NJ,AEA,EN,Towers with Radar,0,16,47,0,63,0,2,43,0,45,0,18,90,0,108,91,0,91,199
09/02/2014,MMU,NJ,AEA,EN,Towers with Radar,0,30,56,0,86,0,8,59,0,67,0,38,115,0,153,45,0,45,198
09/03/2014,MMU,NJ,AEA,EN,Towers with Radar,0,22,46,0,68,0,8,63,0,71,0,30,109,0,139,43,0,43,182
09/04/2014,MMU,NJ,AEA,EN,Towers with Radar,0,22,65,0,87,0,12,60,3,75,0,34,125,3,162,85,0,85,247
09/05/2014,MMU,NJ,AEA,EN,Towers with Radar,0,38,59,0,97,0,0,31,3,34,0,38,90,3,131,10,0,10,141
09/06/2014,MMU,NJ,AEA,EN,Towers with Radar,0,17,26,0,43,0,0,29,0,29,0,17,55,0,72,16,0,16,88
09/07/2014,MMU,NJ,AEA,EN,Towers with Radar,0,27,41,0,68,0,1,126,0,127,0,28,167,0,195,81,0,81,276
09/08/2014,MMU,NJ,AEA,EN,Towers with Radar,0,40,64,0,104,0,3,62,0,65,0,43,126,0,169,12,0,12,181
09/09/2014,MMU,NJ,AEA,EN,Towers with Radar,0,24,64,0,88,0,7,56,0,63,0,31,120,0,151,76,0,76,227
09/10/2014,MMU,NJ,AEA,EN,Towers with Radar,0,42,63,0,105,0,0,67,0,67,0,42,130,0,172,54,0,54,226
09/11/2014,MMU,NJ,AEA,EN,Towers with Radar,0,38,81,0,119,0,1,33,0,34,0,39,114,0,153,85,0,85,238
09/12/2014,MMU,NJ,AEA,EN,Towers with Radar,0,37,55,0,92,0,5,98,2,105,0,42,153,2,197,107,0,107,304
09/13/2014,MMU,NJ,AEA,EN,Towers with Radar,0,19,26,0,45,0,0,7,0,7,0,19,33,0,52,50,0,50,102
09/14/2014,MMU,NJ,AEA,EN,Towers with Radar,0,24,49,0,73,0,1,134,0,135,0,25,183,0,208,116,0,116,324
09/15/2014,MMU,NJ,AEA,EN,Towers with Radar,0,28,50,0,78,0,1,54,0,55,0,29,104,0,133,23,0,23,156
09/16/2014,MMU,NJ,AEA,EN,Towers with Radar,0,30,71,1,102,0,4,27,2,33,0,34,98,3,135,28,0,28,163
09/17/2014,MMU,NJ,AEA,EN,Towers with Radar,0,32,43,0,75,0,2,52,0,54,0,34,95,0,129,66,0,66,195
09/18/2014,MMU,NJ,AEA,EN,Towers with Radar,0,46,61,0,107,0,8,71,0,79,0,54,132,0,186,49,0,49,235
09/19/2014,MMU,NJ,AEA,EN,Towers with Radar,0,38,36,0,74,0,2,86,2,90,0,40,122,2,164,30,0,30,194
09/20/2014,MMU,NJ,AEA,EN,Towers with Radar,0,19,32,0,51,0,1,65,0,66,0,20,97,0,117,55,0,55,172
09/21/2014,MMU,NJ,AEA,EN,Towers with Radar,0,32,60,0,92,0,0,23,0,23,0,32,83,0,115,0,0,0,115
09/22/2014,MMU,NJ,AEA,EN,Towers with Radar,0,24,79,0,103,0,2,54,0,56,0,26,133,0,159,14,0,14,173
09/23/2014,MMU,NJ,AEA,EN,Towers with Radar,0,21,74,0,95,0,3,51,0,54,0,24,125,0,149,8,0,8,157
09/24/2014,MMU,NJ,AEA,EN,Towers with Radar,0,41,68,0,109,0,1,29,0,30,0,42,97,0,139,0,0,0,139
09/25/2014,MMU,NJ,AEA,EN,Towers with Radar,0,37,58,0,95,0,1,3,0,4,0,38,61,0,99,0,0,0,99
09/26/2014,MMU,NJ,AEA,EN,Towers with Radar,0,41,61,0,102,0,3,110,0,113,0,44,171,0,215,69,0,69,284
09/27/2014,MMU,NJ,AEA,EN,Towers with Radar,0,16,23,0,39,0,0,122,0,122,0,16,145,0,161,81,0,81,242
09/28/2014,MMU,NJ,AEA,EN,Towers with Radar,0,43,56,0,99,0,8,93,0,101,0,51,149,0,200,53,0,53,253
09/29/2014,MMU,NJ,AEA,EN,Towers with Radar,0,38,49,0,87,0,3,61,0,64,0,41,110,0,151,47,0,47,198
09/30/2014,MMU,NJ,AEA,EN,Towers with Radar,0,43,60,0,103,0,0,50,0,50,0,43,110,0,153,21,0,21,174
10/01/2014,MMU,NJ,AEA,EN,Towers with Radar,0,35,48,0,83,0,2,18,0,20,0,37,66,0,103,41,0,41,144
10/02/2014,MMU,NJ,AEA,EN,Towers with Radar,0,41,65,0,106,0,0,63,0,63,0,41,128,0,169,18,0,18,187
10/03/2014,MMU,NJ,AEA,EN,Towers with Radar,0,36,60,0,96,0,6,79,0,85,0,42,139,0,181,72,0,72,253
10/04/2014,MMU,NJ,AEA,EN,Towers with Radar,0,14,25,0,39,0,0,9,0,9,0,14,34,0,48,9,0,9,57
10/05/2014,MMU,NJ,AEA,EN,Towers with Radar,0,26,46,0,72,0,1,86,0,87,0,27,132,0,159,41,0,41,200
10/06/2014,MMU,NJ,AEA,EN,Towers with Radar,0,30,52,0,82,0,4,55,0,59,0,34,107,0,141,67,0,67,208
10/07/2014,MMU,NJ,AEA,EN,Towers with Radar,0,25,62,0,87,0,1,41,0,42,0,26,103,0,129,14,0,14,143
10/08/2014,MMU,NJ,AEA,EN,Towers with Radar,0,36,71,0,107,0,8,33,0,41,0,44,104,0,148,32,0,32,180
10/09/2014,MMU,NJ,AEA,EN,Towers with Radar,0,29,57,0,86,0,12,80,1,93,0,41,137,1,179,66,0,66,245
10/10/2014,MMU,NJ,AEA,EN,Towers with Radar,0,40,64,0,104,0,7,48,0,55,0,47,112,0,159,85,0,85,244
10/11/2014,MMU,NJ,AEA,EN,Towers with Radar,0,27,54,0,81,0,2,7,0,9,0,29,61,0,90,64,0,64,154
10/12/2014,MMU,NJ,AEA,EN,Towers with Radar,0,26,38,0,64,0,4,109,0,113,0,30,147,0,177,102,0,102,279
10/13/2014,MMU,NJ,AEA,EN,Towers with Radar,0,37,70,0,107,0,2,48,0,50,0,39,118,0,157,69,0,69,226
10/14/2014,MMU,NJ,AEA,EN,Towers with Radar,0,43,71,0,114,0,2,39,0,41,0,45,110,0,155,45,0,45,200
10/15/2014,MMU,NJ,AEA,EN,Towers with Radar,1,32,64,0,97,0,0,8,0,8,1,32,72,0,105,0,0,0,105
10/16/2014,MMU,NJ,AEA,EN,Towers with Radar,0,38,96,0,134,0,4,33,0,37,0,42,129,0,171,18,0,18,189
10/17/2014,MMU,NJ,AEA,EN,Towers with Radar,0,27,72,0,99,0,1,103,0,104,0,28,175,0,203,53,0,53,256
10/18/2014,MMU,NJ,AEA,EN,Towers with Radar,0,26,56,0,82,0,2,88,0,90,0,28,144,0,172,51,0,51,223
10/19/2014,MMU,NJ,AEA,EN,Towers with Radar,1,28,46,0,75,0,1,29,0,30,1,29,75,0,105,2,0,2,107
10/20/2014,MMU,NJ,AEA,EN,Towers with Radar,0,22,72,0,94,0,5,72,0,77,0,27,144,0,171,71,0,71,242
10/21/2014,MMU,NJ,AEA,EN,Towers with Radar,0,22,52,0,74,0,1,54,2,57,0,23,106,2,131,95,0,95,226
10/22/2014,MMU,NJ,AEA,EN,Towers with Radar,0,24,53,0,77,0,0,5,0,5,0,24,58,0,82,0,0,0,82
10/23/2014,MMU,NJ,AEA,EN,Towers with Radar,0,35,59,0,94,0,6,9,0,15,0,41,68,0,109,54,0,54,163
10/24/2014,MMU,NJ,AEA,EN,Towers with Radar,0,35,53,1,89,0,0,49,0,49,0,35,102,1,138,22,0,22,160
10/25/2014,MMU,NJ,AEA,EN,Towers with Radar,0,22,21,0,43,0,3,118,0,121,0,25,139,0,164,143,0,143,307
10/26/2014,MMU,NJ,AEA,EN,Towers with Radar,0,27,28,0,55,0,3,34,0,37,0,30,62,0,92,12,0,12,104
10/27/2014,MMU,NJ,AEA,EN,Towers with Radar,0,33,50,0,83,0,1,68,0,69,0,34,118,0,152,99,0,99,251
10/28/2014,MMU,NJ,AEA,EN,Towers with Radar,0,33,51,0,84,0,0,89,0,89,0,33,140,0,173,59,0,59,232
10/29/2014,MMU,NJ,AEA,EN,Towers with Radar,0,36,53,0,89,0,3,31,0,34,0,39,84,0,123,38,0,38,161
10/30/2014,MMU,NJ,AEA,EN,Towers with Radar,0,27,78,0,105,0,1,97,0,98,0,28,175,0,203,96,0,96,299
10/31/2014,MMU,NJ,AEA,EN,Towers with Radar,0,32,44,0,76,0,0,70,0,70,0,32,114,0,146,134,0,134,280
11/01/2014,MMU,NJ,AEA,EN,Towers with Radar,0,19,26,0,45,0,0,8,0,8,0,19,34,0,53,0,0,0,53
11/02/2014,MMU,NJ,AEA,EN,Towers with Radar,0,18,43,0,61,0,1,13,0,14,0,19,56,0,75,0,0,0,75
11/03/2014,MMU,NJ,AEA,EN,Towers with Radar,0,23,41,0,64,0,0,38,0,38,0,23,79,0,102,75,0,75,177
11/04/2014,MMU,NJ,AEA,EN,Towers with Radar,0,35,60,0,95,0,4,66,0,70,0,39,126,0,165,98,0,98,263
11/05/2014,MMU,NJ,AEA,EN,Towers with Radar,0,26,81,0,107,0,3,49,0,52,0,29,130,0,159,92,0,92,251
11/06/2014,MMU,NJ,AEA,EN,Towers with Radar,0,53,105,0,158,0,0,0,0,0,0,53,105,0,158,0,0,0,158
11/07/2014,MMU,NJ,AEA,EN,Towers with Radar,0,23,46,0,69,0,4,40,0,44,0,27,86,0,113,27,0,27,140
11/08/2014,MMU,NJ,AEA,EN,Towers with Radar,0,16,35,0,51,0,2,77,0,79,0,18,112,0,130,108,0,108,238
11/09/2014,MMU,NJ,AEA,EN,Towers with Radar,0,36,54,0,90,0,3,103,0,106,0,39,157,0,196,142,0,142,338
11/10/2014,MMU,NJ,AEA,EN,Towers with Radar,0,22,53,0,75,0,0,53,0,53,0,22,106,0,128,63,0,63,191
11/11/2014,MMU,NJ,AEA,EN,Towers with Radar,0,27,87,0,114,0,0,26,0,26,0,27,113,0,140,41,0,41,181
11/12/2014,MMU,NJ,AEA,EN,Towers with Radar,0,22,65,0,87,0,2,26,0,28,0,24,91,0,115,6,0,6,121
11/13/2014,MMU,NJ,AEA,EN,Towers with Radar,0,38,66,0,104,0,2,65,0,67,0,40,131,0,171,88,0,88,259
11/14/2014,MMU,NJ,AEA,EN,Towers with Radar,0,37,55,0,92,0,4,73,0,77,0,41,128,0,169,9,0,9,178
11/15/2014,MMU,NJ,AEA,EN,Towers with Radar,0,15,33,0,48,0,4,112,0,116,0,19,145,0,164,117,0,117,281
11/16/2014,MMU,NJ,AEA,EN,Towers with Radar,0,21,55,0,76,0,2,83,0,85,0,23,138,0,161,157,0,157,318
11/17/2014,MMU,NJ,AEA,EN,Towers with Radar,0,24,34,0,58,0,0,0,0,0,0,24,34,0,58,0,0,0,58
11/18/2014,MMU,NJ,AEA,EN,Towers with Radar,0,24,62,0,86,0,2,25,0,27,0,26,87,0,113,8,0,8,121
11/19/2014,MMU,NJ,AEA,EN,Towers with Radar,0,33,57,0,90,0,2,65,0,67,0,35,122,0,157,73,0,73,230
11/20/2014,MMU,NJ,AEA,EN,Towers with Radar,1,41,64,0,106,0,2,46,0,48,1,43,110,0,154,19,0,19,173
11/21/2014,MMU,NJ,AEA,EN,Towers with Radar,0,28,44,0,72,0,2,41,0,43,0,30,85,0,115,22,0,22,137
11/22/2014,MMU,NJ,AEA,EN,Towers with Radar,0,23,29,0,52,0,2,76,0,78,0,25,105,0,130,86,0,86,216
11/23/2014,MMU,NJ,AEA,EN,Towers with Radar,0,16,38,0,54,0,2,91,0,93,0,18,129,0,147,109,0,109,256
11/24/2014,MMU,NJ,AEA,EN,Towers with Radar,0,23,41,0,64,0,0,8,0,8,0,23,49,0,72,4,0,4,76
11/25/2014,MMU,NJ,AEA,EN,Towers with Radar,0,51,68,0,119,0,6,88,0,94,0,57,156,0,213,43,0,43,256
11/26/2014,MMU,NJ,AEA,EN,Towers with Radar,0,14,12,0,26,0,1,0,0,1,0,15,12,0,27,0,0,0,27
11/27/2014,MMU,NJ,AEA,EN,Towers with Radar,0,12,17,0,29,0,0,5,0,5,0,12,22,0,34,9,0,9,43
11/28/2014,MMU,NJ,AEA,EN,Towers with Radar,0,16,27,0,43,0,2,49,0,51,0,18,76,0,94,39,0,39,133
11/29/2014,MMU,NJ,AEA,EN,Towers with Radar,0,36,40,0,76,0,0,69,0,69,0,36,109,0,145,118,0,118,263
11/30/2014,MMU,NJ,AEA,EN,Towers with Radar,0,44,91,0,135,0,3,92,0,95,0,47,183,0,230,70,0,70,300
12/01/2014,MMU,NJ,AEA,EN,Towers with Radar,0,39,57,2,98,0,2,34,0,36,0,41,91,2,134,106,0,106,240
12/02/2014,MMU,NJ,AEA,EN,Towers with Radar,0,34,57,0,91,0,0,22,0,22,0,34,79,0,113,30,0,30,143
12/03/2014,MMU,NJ,AEA,EN,Towers with Radar,0,30,71,0,101,0,0,0,0,0,0,30,71,0,101,0,0,0,101
12/04/2014,MMU,NJ,AEA,EN,Towers with Radar,0,38,57,0,95,0,5,98,0,103,0,43,155,0,198,94,0,94,292
12/05/2014,MMU,NJ,AEA,EN,Towers with Radar,0,25,64,0,89,0,0,38,0,38,0,25,102,0,127,82,0,82,209
12/06/2014,MMU,NJ,AEA,EN,Towers with Radar,0,22,15,0,37,0,0,0,0,0,0,22,15,0,37,0,0,0,37
12/07/2014,MMU,NJ,AEA,EN,Towers with Radar,0,33,48,0,81,0,2,45,0,47,0,35,93,0,128,35,0,35,163
12/08/2014,MMU,NJ,AEA,EN,Towers with Radar,0,26,80,0,106,0,0,24,0,24,0,26,104,0,130,111,0,111,241
12/09/2014,MMU,NJ,AEA,EN,Towers with Radar,0,25,37,0,62,0,0,2,0,2,0,25,39,0,64,0,0,0,64
12/10/2014,MMU,NJ,AEA,EN,Towers with Radar,0,19,48,0,67,0,0,2,0,2,0,19,50,0,69,0,0,0,69
12/11/2014,MMU,NJ,AEA,EN,Towers with Radar,0,25,59,0,84,0,1,20,0,21,0,26,79,0,105,44,0,44,149
12/12/2014,MMU,NJ,AEA,EN,Towers with Radar,0,28,44,0,72,0,0,53,0,53,0,28,97,0,125,82,0,82,207
12/13/2014,MMU,NJ,AEA,EN,Towers with Radar,0,15,37,0,52,0,1,79,0,80,0,16,116,0,132,144,0,144,276
12/14/2014,MMU,NJ,AEA,EN,Towers with Radar,0,17,34,0,51,0,0,82,0,82,0,17,116,0,133,157,0,157,290
12/15/2014,MMU,NJ,AEA,EN,Towers with Radar,0,28,45,0,73,0,0,70,0,70,0,28,115,0,143,102,0,102,245
12/16/2014,MMU,NJ,AEA,EN,Towers with Radar,0,19,58,0,77,0,0,1,0,1,0,19,59,0,78,26,0,26,104
12/17/2014,MMU,NJ,AEA,EN,Towers with Radar,0,23,61,0,84,0,1,35,0,36,0,24,96,0,120,80,0,80,200
12/18/2014,MMU,NJ,AEA,EN,Towers with Radar,0,29,73,0,102,0,1,46,0,47,0,30,119,0,149,40,0,40,189
12/19/2014,MMU,NJ,AEA,EN,Towers with Radar,0,27,52,0,79,0,0,76,0,76,0,27,128,0,155,36,0,36,191
12/20/2014,MMU,NJ,AEA,EN,Towers with Radar,0,26,37,0,63,0,2,35,0,37,0,28,72,0,100,194,0,194,294
12/21/2014,MMU,NJ,AEA,EN,Towers with Radar,0,16,34,0,50,0,4,33,0,37,0,20,67,0,87,194,0,194,281
12/22/2014,MMU,NJ,AEA,EN,Towers with Radar,0,23,47,0,70,0,0,0,0,0,0,23,47,0,70,0,0,0,70
12/23/2014,MMU,NJ,AEA,EN,Towers with Radar,0,31,43,0,74,0,0,0,0,0,0,31,43,0,74,0,0,0,74
12/24/2014,MMU,NJ,AEA,EN,Towers with Radar,0,23,13,0,36,0,0,0,0,0,0,23,13,0,36,0,0,0,36
12/25/2014,MMU,NJ,AEA,EN,Towers with Radar,0,24,4,0,28,0,0,4,0,4,0,24,8,0,32,0,0,0,32
12/26/2014,MMU,NJ,AEA,EN,Towers with Radar,0,51,47,0,98,0,3,59,0,62,0,54,106,0,160,62,0,62,222
12/27/2014,MMU,NJ,AEA,EN,Towers with Radar,0,36,45,0,81,0,4,102,0,106,0,40,147,0,187,61,0,61,248
12/28/2014,MMU,NJ,AEA,EN,Towers with Radar,0,32,36,0,68,0,0,13,0,13,0,32,49,0,81,12,0,12,93
12/29/2014,MMU,NJ,AEA,EN,Towers with Radar,0,14,29,0,43,0,1,56,1,58,0,15,85,1,101,44,0,44,145
12/30/2014,MMU,NJ,AEA,EN,Towers with Radar,1,20,13,0,34,0,1,45,0,46,1,21,58,0,80,126,0,126,206
12/31/2014,MMU,NJ,AEA,EN,Towers with Radar,0,13,16,0,29,0,2,42,0,44,0,15,58,0,73,31,0,31,104
01/01/2015,MMU,NJ,AEA,EN,Towers with Radar,0,19,21,0,40,0,1,23,0,24,0,20,44,0,64,34,0,34,98
01/02/2015,MMU,NJ,AEA,EN,Towers with Radar,0,20,24,0,44,0,0,56,0,56,0,20,80,0,100,25,0,25,125
01/03/2015,MMU,NJ,AEA,EN,Towers with Radar,0,21,52,0,73,0,0,13,0,13,0,21,65,0,86,7,0,7,93
01/04/2015,MMU,NJ,AEA,EN,Towers with Radar,0,37,65,0,102,0,0,1,0,1,0,37,66,0,103,0,0,0,103
01/05/2015,MMU,NJ,AEA,EN,Towers with Radar,0,28,55,0,83,0,0,13,0,13,0,28,68,0,96,0,0,0,96
01/06/2015,MMU,NJ,AEA,EN,Towers with Radar,0,18,33,0,51,0,0,1,0,1,0,18,34,0,52,0,0,0,52
01/07/2015,MMU,NJ,AEA,EN,Towers with Radar,0,17,55,0,72,0,2,20,0,22,0,19,75,0,94,4,0,4,98
01/08/2015,MMU,NJ,AEA,EN,Towers with Radar,0,18,39,0,57,0,0,32,0,32,0,18,71,0,89,10,0,10,99
01/09/2015,MMU,NJ,AEA,EN,Towers with Radar,0,17,41,0,58,0,0,18,0,18,0,17,59,0,76,15,0,15,91
01/10/2015,MMU,NJ,AEA,EN,Towers with Radar,0,15,24,0,39,0,1,45,0,46,0,16,69,0,85,61,0,61,146
01/11/2015,MMU,NJ,AEA,EN,Towers with Radar,0,23,27,0,50,0,0,82,0,82,0,23,109,0,132,150,0,150,282
01/12/2015,MMU,NJ,AEA,EN,Towers with Radar,0,22,33,0,55,0,0,2,0,2,0,22,35,0,57,0,0,0,57
01/13/2015,MMU,NJ,AEA,EN,Towers with Radar,0,21,36,0,57,0,2,40,0,42,0,23,76,0,99,42,0,42,141
01/14/2015,MMU,NJ,AEA,EN,Towers with Radar,0,22,40,0,62,0,2,28,0,30,0,24,68,0,92,137,0,137,229
01/15/2015,MMU,NJ,AEA,EN,Towers with Radar,0,24,52,0,76,0,1,67,0,68,0,25,119,0,144,60,0,60,204
01/16/2015,MMU,NJ,AEA,EN,Towers with Radar,0,43,66,0,109,0,1,34,0,35,0,44,100,0,144,4,0,4,148
01/17/2015,MMU,NJ,AEA,EN,Towers with Radar,0,16,30,0,46,0,2,86,0,88,0,18,116,0,134,121,0,121,255
01/18/2015,MMU,NJ,AEA,EN,Towers with Radar,0,9,18,0,27,0,0,0,0,0,0,9,18,0,27,0,0,0,27
01/19/2015,MMU,NJ,AEA,EN,Towers with Radar,0,36,65,0,101,0,8,21,0,29,0,44,86,0,130,27,0,27,157
01/20/2015,MMU,NJ,AEA,EN,Towers with Radar,0,27,50,0,77,0,3,71,0,74,0,30,121,0,151,75,0,75,226
01/21/2015,MMU,NJ,AEA,EN,Towers with Radar,0,26,47,0,73,0,1,39,0,40,0,27,86,0,113,36,0,36,149
01/22/2015,MMU,NJ,AEA,EN,Towers with Radar,0,30,49,0,79,0,0,39,0,39,0,30,88,0,118,86,0,86,204
01/23/2015,MMU,NJ,AEA,EN,Towers with Radar,0,27,52,0,79,0,3,61,0,64,0,30,113,0,143,150,0,150,293
01/24/2015,MMU,NJ,AEA,EN,Towers with Radar,0,9,11,0,20,0,0,3,0,3,0,9,14,0,23,21,0,21,44
01/25/2015,MMU,NJ,AEA,EN,Towers with Radar,0,27,60,0,87,0,1,72,0,73,0,28,132,0,160,86,0,86,246
01/26/2015,MMU,NJ,AEA,EN,Towers with Radar,0,16,27,0,43,0,0,0,0,0,0,16,27,0,43,0,0,0,43
01/27/2015,MMU,NJ,AEA,EN,Towers with Radar,0,8,3,0,11,0,0,0,0,0,0,8,3,0,11,0,0,0,11
01/28/2015,MMU,NJ,AEA,EN,Towers with Radar,0,23,54,0,77,0,2,40,0,42,0,25,94,0,119,14,0,14,133
01/29/2015,MMU,NJ,AEA,EN,Towers with Radar,0,18,66,0,84,0,1,59,0,60,0,19,125,0,144,114,0,114,258
01/30/2015,MMU,NJ,AEA,EN,Towers with Radar,0,16,38,0,54,0,0,5,0,5,0,16,43,0,59,4,0,4,63
01/31/2015,MMU,NJ,AEA,EN,Towers with Radar,0,12,20,0,32,0,0,10,0,10,0,12,30,0,42,4,0,4,46
02/01/2015,MMU,NJ,AEA,EN,Towers with Radar,0,16,33,0,49,0,2,39,0,41,0,18,72,0,90,82,0,82,172
02/02/2015,MMU,NJ,AEA,EN,Towers with Radar,0,13,18,0,31,0,0,0,0,0,0,13,18,0,31,0,0,0,31
02/03/2015,MMU,NJ,AEA,EN,Towers with Radar,0,21,52,0,73,0,0,25,0,25,0,21,77,0,98,19,0,19,117
02/04/2015,MMU,NJ,AEA,EN,Towers with Radar,0,28,47,0,75,0,2,32,0,34,0,30,79,0,109,33,0,33,142
02/05/2015,MMU,NJ,AEA,EN,Towers with Radar,0,27,65,0,92,0,2,12,0,14,0,29,77,0,106,2,0,2,108
02/06/2015,MMU,NJ,AEA,EN,Towers with Radar,0,23,46,0,69,0,1,42,0,43,0,24,88,0,112,45,0,45,157
02/07/2015,MMU,NJ,AEA,EN,Towers with Radar,0,9,24,0,33,0,0,38,0,38,0,9,62,0,71,37,0,37,108
02/08/2015,MMU,NJ,AEA,EN,Towers with Radar,0,28,36,0,64,0,0,0,0,0,0,28,36,0,64,9,0,9,73
02/09/2015,MMU,NJ,AEA,EN,Towers with Radar,0,19,22,0,41,0,0,1,0,1,0,19,23,0,42,0,0,0,42
02/10/2015,MMU,NJ,AEA,EN,Towers with Radar,0,29,54,0,83,0,0,27,0,27,0,29,81,0,110,35,0,35,145
02/11/2015,MMU,NJ,AEA,EN,Towers with Radar,0,29,51,0,80,0,1,54,0,55,0,30,105,0,135,119,0,119,254
02/12/2015,MMU,NJ,AEA,EN,Towers with Radar,0,57,65,0,122,0,1,7,0,8,0,58,72,0,130,0,0,0,130
02/13/2015,MMU,NJ,AEA,EN,Towers with Radar,0,38,67,0,105,0,8,26,0,34,0,46,93,0,139,18,0,18,157
02/14/2015,MMU,NJ,AEA,EN,Towers with Radar,0,16,18,0,34,0,0,19,0,19,0,16,37,0,53,77,0,77,130
02/15/2015,MMU,NJ,AEA,EN,Towers with Radar,0,9,5,0,14,0,2,3,0,5,0,11,8,0,19,0,0,0,19
02/16/2015,MMU,NJ,AEA,EN,Towers with Radar,0,41,74,0,115,0,0,35,0,35,0,41,109,0,150,34,0,34,184
02/17/2015,MMU,NJ,AEA,EN,Towers with Radar,0,38,40,0,78,0,0,24,0,24,0,38,64,0,102,17,4,21,123
02/18/2015,MMU,NJ,AEA,EN,Towers with Radar,0,21,49,0,70,0,0,36,0,36,0,21,85,0,106,33,0,33,139
02/19/2015,MMU,NJ,AEA,EN,Towers with Radar,0,37,53,0,90,0,1,11,0,12,0,38,64,0,102,15,0,15,117
02/20/2015,MMU,NJ,AEA,EN,Towers with Radar,0,17,51,0,68,0,0,30,0,30,0,17,81,0,98,30,0,30,128
02/21/2015,MMU,NJ,AEA,EN,Towers with Radar,0,12,23,0,35,0,1,26,0,27,0,13,49,0,62,75,0,75,137
02/22/2015,MMU,NJ,AEA,EN,Towers with Radar,0,32,38,0,70,0,6,27,0,33,0,38,65,0,103,43,0,43,146
02/23/2015,MMU,NJ,AEA,EN,Towers with Radar,0,31,53,1,85,0,2,19,0,21,0,33,72,1,106,0,0,0,106
02/24/2015,MMU,NJ,AEA,EN,Towers with Radar,0,27,50,0,77,0,3,40,0,43,0,30,90,0,120,68,0,68,188
02/25/2015,MMU,NJ,AEA,EN,Towers with Radar,0,29,61,0,90,0,1,38,0,39,0,30,99,0,129,39,0,39,168
02/26/2015,MMU,NJ,AEA,EN,Towers with Radar,0,34,54,0,88,0,0,10,0,10,0,34,64,0,98,2,0,2,100
02/27/2015,MMU,NJ,AEA,EN,Towers with Radar,0,28,67,0,95,0,2,50,0,52,0,30,117,0,147,8,0,8,155
02/28/2015,MMU,NJ,AEA,EN,Towers with Radar,0,25,28,0,53,0,0,80,0,80,0,25,108,0,133,76,0,76,209
03/01/2015,MMU,NJ,AEA,EN,Towers with Radar,0,18,30,0,48,0,0,12,0,12,0,18,42,0,60,18,0,18,78
03/02/2015,MMU,NJ,AEA,EN,Towers with Radar,0,31,42,0,73,0,1,33,0,34,0,32,75,0,107,6,0,6,113
03/03/2015,MMU,NJ,AEA,EN,Towers with Radar,0,25,60,0,85,0,0,26,0,26,0,25,86,0,111,27,0,27,138
03/04/2015,MMU,NJ,AEA,EN,Towers with Radar,0,47,68,0,115,0,0,1,0,1,0,47,69,0,116,6,0,6,122
03/05/2015,MMU,NJ,AEA,EN,Towers with Radar,0,13,28,0,41,0,0,2,0,2,0,13,30,0,43,0,0,0,43
03/06/2015,MMU,NJ,AEA,EN,Towers with Radar,0,49,57,1,107,0,2,41,0,43,0,51,98,1,150,11,0,11,161
03/07/2015,MMU,NJ,AEA,EN,Towers with Radar,0,23,36,0,59,0,1,54,0,55,0,24,90,0,114,64,0,64,178
03/08/2015,MMU,NJ,AEA,EN,Towers with Radar,0,26,34,0,60,0,2,65,0,67,0,28,99,0,127,75,0,75,202
03/09/2015,MMU,NJ,AEA,EN,Towers with Radar,0,19,52,0,71,0,0,52,0,52,0,19,104,0,123,38,0,38,161
03/10/2015,MMU,NJ,AEA,EN,Towers with Radar,0,25,42,0,67,0,1,35,0,36,0,26,77,0,103,36,0,36,139
03/11/2015,MMU,NJ,AEA,EN,Towers with Radar,0,24,44,0,68,0,6,50,0,56,0,30,94,0,124,112,0,112,236
03/12/2015,MMU,NJ,AEA,EN,Towers with Radar,0,27,49,0,76,0,1,22,0,23,0,28,71,0,99,18,0,18,117
03/13/2015,MMU,NJ,AEA,EN,Towers with Radar,0,27,52,0,79,0,0,83,0,83,0,27,135,0,162,104,0,104,266
03/14/2015,MMU,NJ,AEA,EN,Towers with Radar,0,21,27,0,48,0,0,0,0,0,0,21,27,0,48,0,0,0,48
03/15/2015,MMU,NJ,AEA,EN,Towers with Radar,0,25,42,0,67,0,0,39,0,39,0,25,81,0,106,24,0,24,130
03/16/2015,MMU,NJ,AEA,EN,Towers with Radar,0,27,61,0,88,0,4,58,0,62,0,31,119,0,150,46,0,46,196
03/17/2015,MMU,NJ,AEA,EN,Towers with Radar,0,29,44,0,73,0,4,21,0,25,0,33,65,0,98,0,0,0,98
03/18/2015,MMU,NJ,AEA,EN,Towers with Radar,0,23,59,0,82,0,0,35,0,35,0,23,94,0,117,6,0,6,123
03/19/2015,MMU,NJ,AEA,EN,Towers with Radar,0,42,59,0,101,0,7,72,0,79,0,49,131,0,180,38,0,38,218
03/20/2015,MMU,NJ,AEA,EN,Towers with Radar,0,27,43,0,70,0,1,2,0,3,0,28,45,0,73,0,0,0,73
03/21/2015,MMU,NJ,AEA,EN,Towers with Radar,0,31,37,0,68,0,0,30,0,30,0,31,67,0,98,68,0,68,166
03/22/2015,MMU,NJ,AEA,EN,Towers with Radar,0,30,39,0,69,0,4,44,0,48,0,34,83,0,117,14,0,14,131
03/23/2015,MMU,NJ,AEA,EN,Towers with Radar,0,25,52,0,77,0,2,69,0,71,0,27,121,0,148,33,0,33,181
03/24/2015,MMU,NJ,AEA,EN,Towers with Radar,0,23,44,0,67,0,4,61,0,65,0,27,105,0,132,82,0,82,214
03/25/2015,MMU,NJ,AEA,EN,Towers with Radar,0,18,57,0,75,0,2,43,0,45,0,20,100,0,120,41,0,41,161
03/26/2015,MMU,NJ,AEA,EN,Towers with Radar,0,35,51,0,86,0,0,1,0,1,0,35,52,0,87,0,0,0,87
03/27/2015,MMU,NJ,AEA,EN,Towers with Radar,0,26,48,0,74,0,2,28,0,30,0,28,76,0,104,79,0,79,183
03/28/2015,MMU,NJ,AEA,EN,Towers with Radar,0,22,16,0,38,0,2,50,0,52,0,24,66,0,90,59,0,59,149
03/29/2015,MMU,NJ,AEA,EN,Towers with Radar,0,18,41,0,59,0,2,94,0,96,0,20,135,0,155,130,0,130,285
03/30/2015,MMU,NJ,AEA,EN,Towers with Radar,0,17,44,0,61,0,0,23,0,23,0,17,67,0,84,18,0,18,102
03/31/2015,MMU,NJ,AEA,EN,Towers with Radar,0,34,42,0,76,0,0,25,0,25,0,34,67,0,101,48,0,48,149
04/01/2015,MMU,NJ,AEA,EN,Towers with Radar,0,32,52,0,84,0,6,46,0,52,0,38,98,0,136,81,0,81,217
04/02/2015,MMU,NJ,AEA,EN,Towers with Radar,0,36,81,0,117,0,4,42,0,46,0,40,123,0,163,11,0,11,174
04/03/2015,MMU,NJ,AEA,EN,Towers with Radar,0,27,39,0,66,0,0,10,0,10,0,27,49,0,76,44,0,44,120
04/04/2015,MMU,NJ,AEA,EN,Towers with Radar,0,18,16,0,34,0,1,3,0,4,0,19,19,0,38,2,0,2,40
04/05/2015,MMU,NJ,AEA,EN,Towers with Radar,0,31,34,0,65,0,3,33,0,36,0,34,67,0,101,8,0,8,109
04/06/2015,MMU,NJ,AEA,EN,Towers with Radar,0,40,44,0,84,0,1,98,0,99,0,41,142,0,183,176,0,176,359
04/07/2015,MMU,NJ,AEA,EN,Towers with Radar,0,19,74,0,93,0,1,15,0,16,0,20,89,0,109,79,0,79,188
04/08/2015,MMU,NJ,AEA,EN,Towers with Radar,0,32,65,0,97,0,0,12,0,12,0,32,77,0,109,23,0,23,132
04/09/2015,MMU,NJ,AEA,EN,Towers with Radar,0,22,61,0,83,0,2,4,0,6,0,24,65,0,89,3,0,3,92
04/10/2015,MMU,NJ,AEA,EN,Towers with Radar,0,31,48,0,79,0,0,0,0,0,0,31,48,0,79,0,0,0,79
04/11/2015,MMU,NJ,AEA,EN,Towers with Radar,0,23,25,0,48,0,1,57,0,58,0,24,82,0,106,51,0,51,157
04/12/2015,MMU,NJ,AEA,EN,Towers with Radar,0,29,44,0,73,0,1,153,0,154,0,30,197,0,227,93,0,93,320
04/13/2015,MMU,NJ,AEA,EN,Towers with Radar,0,17,64,0,81,0,0,174,0,174,0,17,238,0,255,94,0,94,349
04/14/2015,MMU,NJ,AEA,EN,Towers with Radar,0,19,55,0,74,0,0,20,0,20,0,19,75,0,94,35,0,35,129
04/15/2015,MMU,NJ,AEA,EN,Towers with Radar,0,26,54,0,80,0,1,66,1,68,0,27,120,1,148,84,12,96,244
04/16/2015,MMU,NJ,AEA,EN,Towers with Radar,0,34,48,0,82,0,7,66,0,73,0,41,114,0,155,72,0,72,227
04/17/2015,MMU,NJ,AEA,EN,Towers with Radar,0,30,51,0,81,0,1,40,0,41,0,31,91,0,122,56,0,56,178
04/18/2015,MMU,NJ,AEA,EN,Towers with Radar,0,17,29,0,46,0,3,92,0,95,0,20,121,0,141,111,0,111,252
04/19/2015,MMU,NJ,AEA,EN,Towers with Radar,0,21,45,0,66,0,6,102,0,108,0,27,147,0,174,83,0,83,257
04/20/2015,MMU,NJ,AEA,EN,Towers with Radar,0,35,97,0,132,0,0,0,0,0,0,35,97,0,132,0,0,0,132
04/21/2015,MMU,NJ,AEA,EN,Towers with Radar,0,23,75,0,98,0,1,56,0,57,0,24,131,0,155,77,0,77,232
04/22/2015,MMU,NJ,AEA,EN,Towers with Radar,0,13,51,0,64,0,4,47,0,51,0,17,98,0,115,23,0,23,138
04/23/2015,MMU,NJ,AEA,EN,Towers with Radar,0,23,44,0,67,0,3,44,2,49,0,26,88,2,116,24,0,24,140
04/24/2015,MMU,NJ,AEA,EN,Towers with Radar,0,24,53,0,77,0,0,48,0,48,0,24,101,0,125,25,0,25,150
04/25/2015,MMU,NJ,AEA,EN,Towers with Radar,0,15,34,0,49,0,3,85,0,88,0,18,119,0,137,162,0,162,299
04/26/2015,MMU,NJ,AEA,EN,Towers with Radar,0,24,43,0,67,0,0,85,0,85,0,24,128,0,152,135,0,135,287
04/27/2015,MMU,NJ,AEA,EN,Towers with Radar,0,24,50,0,74,0,0,48,0,48,0,24,98,0,122,62,0,62,184
04/28/2015,MMU,NJ,AEA,EN,Towers with Radar,0,23,48,0,71,0,1,57,0,58,0,24,105,0,129,73,0,73,202
04/29/2015,MMU,NJ,AEA,EN,Towers with Radar,0,29,51,0,80,0,0,76,0,76,0,29,127,0,156,42,0,42,198
04/30/2015,MMU,NJ,AEA,EN,Towers with Radar,0,39,56,0,95,0,2,55,0,57,0,41,111,0,152,32,0,32,184
05/01/2015,MMU,NJ,AEA,EN,Towers with Radar,0,31,60,0,91,0,2,57,0,59,0,33,117,0,150,28,0,28,178
05/02/2015,MMU,NJ,AEA,EN,Towers with Radar,0,25,38,0,63,0,2,98,0,100,0,27,136,0,163,91,0,91,254
05/03/2015,MMU,NJ,AEA,EN,Towers with Radar,1,26,37,0,64,0,9,129,0,138,1,35,166,0,202,86,0,86,288
05/04/2015,MMU,NJ,AEA,EN,Towers with Radar,0,22,57,0,79,0,1,37,0,38,0,23,94,0,117,30,0,30,147
05/05/2015,MMU,NJ,AEA,EN,Towers with Radar,0,26,53,0,79,0,3,38,0,41,0,29,91,0,120,42,0,42,162
05/06/2015,MMU,NJ,AEA,EN,Towers with Radar,0,26,66,0,92,0,2,48,0,50,0,28,114,0,142,40,0,40,182
05/07/2015,MMU,NJ,AEA,EN,Towers with Radar,0,28,59,0,87,0,1,95,0,96,0,29,154,0,183,41,0,41,224
05/08/2015,MMU,NJ,AEA,EN,Towers with Radar,0,30,65,0,95,0,6,96,0,102,0,36,161,0,197,81,0,81,278
05/09/2015,MMU,NJ,AEA,EN,Towers with Radar,0,22,40,0,62,0,0,0,0,0,0,22,40,0,62,1,0,1,63
05/10/2015,MMU,NJ,AEA,EN,Towers with Radar,1,22,49,0,72,0,7,47,0,54,1,29,96,0,126,88,0,88,214
05/11/2015,MMU,NJ,AEA,EN,Towers with Radar,0,29,84,0,113,0,2,24,0,26,0,31,108,0,139,35,0,35,174
05/12/2015,MMU,NJ,AEA,EN,Towers with Radar,0,30,55,0,85,0,0,34,0,34,0,30,89,0,119,82,0,82,201
05/13/2015,MMU,NJ,AEA,EN,Towers with Radar,0,31,55,0,86,0,6,48,0,54,0,37,103,0,140,34,0,34,174
05/14/2015,MMU,NJ,AEA,EN,Towers with Radar,0,25,85,0,110,0,0,85,0,85,0,25,170,0,195,76,0,76,271
05/15/2015,MMU,NJ,AEA,EN,Towers with Radar,0,39,70,0,109,0,1,76,0,77,0,40,146,0,186,49,0,49,235
05/16/2015,MMU,NJ,AEA,EN,Towers with Radar,0,29,41,0,70,0,0,69,0,69,0,29,110,0,139,161,0,161,300
05/17/2015,MMU,NJ,AEA,EN,Towers with Radar,0,42,65,0,107,0,7,66,0,73,0,49,131,0,180,105,0,105,285
05/18/2015,MMU,NJ,AEA,EN,Towers with Radar,1,38,87,0,126,0,0,4,0,4,1,38,91,0,130,0,0,0,130
05/19/2015,MMU,NJ,AEA,EN,Towers with Radar,0,48,143,0,191,0,6,27,0,33,0,54,170,0,224,32,0,32,256
05/20/2015,MMU,NJ,AEA,EN,Towers with Radar,0,32,69,0,101,0,0,68,0,68,0,32,137,0,169,67,0,67,236
05/21/2015,MMU,NJ,AEA,EN,Towers with Radar,0,39,69,0,108,0,2,72,0,74,0,41,141,0,182,140,0,140,322
05/22/2015,MMU,NJ,AEA,EN,Towers with Radar,0,49,49,0,98,0,5,72,0,77,0,54,121,0,175,47,0,47,222
05/23/2015,MMU,NJ,AEA,EN,Towers with Radar,0,10,22,0,32,0,4,97,0,101,0,14,119,0,133,78,0,78,211
05/24/2015,MMU,NJ,AEA,EN,Towers with Radar,0,10,24,0,34,0,8,89,0,97,0,18,113,0,131,56,0,56,187
05/25/2015,MMU,NJ,AEA,EN,Towers with Radar,0,24,35,0,59,0,6,78,0,84,0,30,113,0,143,53,0,53,196
05/26/2015,MMU,NJ,AEA,EN,Towers with Radar,0,21,65,0,86,0,6,77,0,83,0,27,142,0,169,74,0,74,243
05/27/2015,MMU,NJ,AEA,EN,Towers with Radar,0,35,66,0,101,0,5,34,0,39,0,40,100,0,140,38,0,38,178
05/28/2015,MMU,NJ,AEA,EN,Towers with Radar,0,30,77,0,107,0,0,33,0,33,0,30,110,0,140,35,0,35,175
05/29/2015,MMU,NJ,AEA,EN,Towers with Radar,0,32,60,0,92,0,4,92,0,96,0,36,152,0,188,55,0,55,243
05/30/2015,MMU,NJ,AEA,EN,Towers with Radar,0,16,34,0,50,0,0,76,0,76,0,16,110,0,126,93,0,93,219
05/31/2015,MMU,NJ,AEA,EN,Towers with Radar,0,27,35,0,62,0,0,24,0,24,0,27,59,0,86,30,0,30,116
06/01/2015,MMU,NJ,AEA,EN,Towers with Radar,0,56,105,0,161,0,0,0,0,0,0,56,105,0,161,0,0,0,161
06/02/2015,MMU,NJ,AEA,EN,Towers with Radar,0,39,81,0,120,0,0,0,0,0,0,39,81,0,120,0,0,0,120
06/03/2015,MMU,NJ,AEA,EN,Towers with Radar,0,31,65,0,96,0,2,89,0,91,0,33,154,0,187,76,0,76,263
06/04/2015,MMU,NJ,AEA,EN,Towers with Radar,0,31,63,0,94,0,0,54,0,54,0,31,117,0,148,66,0,66,214
06/05/2015,MMU,NJ,AEA,EN,Towers with Radar,0,39,66,0,105,0,1,19,0,20,0,40,85,0,125,6,0,6,131
06/06/2015,MMU,NJ,AEA,EN,Towers with Radar,0,22,35,0,57,0,0,53,0,53,0,22,88,0,110,65,0,65,175
06/07/2015,MMU,NJ,AEA,EN,Towers with Radar,0,35,37,0,72,0,3,141,0,144,0,38,178,0,216,76,0,76,292
06/08/2015,MMU,NJ,AEA,EN,Towers with Radar,0,14,52,0,66,0,0,44,0,44,0,14,96,0,110,33,0,33,143
06/09/2015,MMU,NJ,AEA,EN,Towers with Radar,0,29,54,0,83,0,0,21,0,21,0,29,75,0,104,17,0,17,121
06/10/2015,MMU,NJ,AEA,EN,Towers with Radar,0,33,58,0,91,0,5,57,0,62,0,38,115,0,153,69,0,69,222
06/11/2015,MMU,NJ,AEA,EN,Towers with Radar,0,40,63,0,103,0,5,63,0,68,0,45,126,0,171,14,0,14,185
06/12/2015,MMU,NJ,AEA,EN,Towers with Radar,0,34,42,0,76,0,2,68,0,70,0,36,110,0,146,27,0,27,173
06/13/2015,MMU,NJ,AEA,EN,Towers with Radar,0,6,12,0,18,0,0,75,0,75,0,6,87,0,93,114,0,114,207
06/14/2015,MMU,NJ,AEA,EN,Towers with Radar,0,21,34,0,55,0,5,82,0,87,0,26,116,0,142,121,0,121,263
06/15/2015,MMU,NJ,AEA,EN,Towers with Radar,0,31,75,0,106,0,0,3,0,3,0,31,78,0,109,0,0,0,109
06/16/2015,MMU,NJ,AEA,EN,Towers with Radar,0,27,59,0,86,0,1,7,0,8,0,28,66,0,94,0,0,0,94
06/17/2015,MMU,NJ,AEA,EN,Towers with Radar,0,24,58,1,83,0,3,86,0,89,0,27,144,1,172,44,0,44,216
06/18/2015,MMU,NJ,AEA,EN,Towers with Radar,0,38,73,0,111,0,0,8,0,8,0,38,81,0,119,0,0,0,119
06/19/2015,MMU,NJ,AEA,EN,Towers with Radar,0,36,71,0,107,0,2,60,0,62,0,38,131,0,169,105,0,105,274
06/20/2015,MMU,NJ,AEA,EN,Towers with Radar,0,26,35,0,61,0,0,14,0,14,0,26,49,0,75,77,0,77,152
06/21/2015,MMU,NJ,AEA,EN,Towers with Radar,0,37,34,0,71,0,1,29,2,32,0,38,63,2,103,24,0,24,127
06/22/2015,MMU,NJ,AEA,EN,Towers with Radar,0,32,48,0,80,0,1,109,0,110,0,33,157,0,190,54,0,54,244
06/23/2015,MMU,NJ,AEA,EN,Towers with Radar,0,26,55,0,81,0,2,32,0,34,0,28,87,0,115,63,0,63,178
06/24/2015,MMU,NJ,AEA,EN,Towers with Radar,0,30,51,0,81,0,0,118,0,118,0,30,169,0,199,90,0,90,289
06/25/2015,MMU,NJ,AEA,EN,Towers with Radar,0,31,63,0,94,0,1,92,0,93,0,32,155,0,187,61,0,61,248
06/26/2015,MMU,NJ,AEA,EN,Towers with Radar,0,40,52,0,92,0,0,93,0,93,0,40,145,0,185,64,0,64,249
06/27/2015,MMU,NJ,AEA,EN,Towers with Radar,0,10,40,0,50,0,3,27,0,30,0,13,67,0,80,14,0,14,94
06/28/2015,MMU,NJ,AEA,EN,Towers with Radar,0,39,66,0,105,0,1,38,0,39,0,40,104,0,144,53,0,53,197
06/29/2015,MMU,NJ,AEA,EN,Towers with Radar,0,19,65,1,85,0,0,71,0,71,0,19,136,1,156,64,0,64,220
06/30/2015,MMU,NJ,AEA,EN,Towers with Radar,0,25,50,0,75,0,1,62,0,63,0,26,112,0,138,58,0,58,196
07/01/2015,MMU,NJ,AEA,EN,Towers with Radar,0,36,55,0,91,0,0,71,0,71,0,36,126,0,162,27,0,27,189
07/02/2015,MMU,NJ,AEA,EN,Towers with Radar,0,57,42,0,99,0,2,99,0,101,0,59,141,0,200,61,0,61,261
07/03/2015,MMU,NJ,AEA,EN,Towers with Radar,0,22,19,0,41,0,0,87,0,87,0,22,106,0,128,26,0,26,154
07/04/2015,MMU,NJ,AEA,EN,Towers with Radar,0,4,7,0,11,0,3,4,0,7,0,7,11,0,18,40,0,40,58
07/05/2015,MMU,NJ,AEA,EN,Towers with Radar,0,40,40,0,80,0,3,124,0,127,0,43,164,0,207,86,0,86,293
07/06/2015,MMU,NJ,AEA,EN,Towers with Radar,0,42,51,0,93,0,1,74,0,75,0,43,125,0,168,75,0,75,243
07/07/2015,MMU,NJ,AEA,EN,Towers with Radar,0,35,51,0,86,0,6,27,0,33,0,41,78,0,119,63,0,63,182
07/08/2015,MMU,NJ,AEA,EN,Towers with Radar,0,32,52,0,84,0,0,30,0,30,0,32,82,0,114,67,0,67,181
07/09/2015,MMU,NJ,AEA,EN,Towers with Radar,0,47,78,0,125,0,1,20,0,21,0,48,98,0,146,26,0,26,172
07/10/2015,MMU,NJ,AEA,EN,Towers with Radar,1,34,53,1,89,0,2,83,0,85,1,36,136,1,174,40,0,40,214
07/11/2015,MMU,NJ,AEA,EN,Towers with Radar,0,11,25,0,36,0,3,89,3,95,0,14,114,3,131,71,0,71,202
07/12/2015,MMU,NJ,AEA,EN,Towers with Radar,0,51,55,0,106,0,6,101,0,107,0,57,156,0,213,94,0,94,307
07/13/2015,MMU,NJ,AEA,EN,Towers with Radar,0,39,55,0,94,0,3,53,0,56,0,42,108,0,150,63,0,63,213
07/14/2015,MMU,NJ,AEA,EN,Towers with Radar,0,24,51,0,75,0,0,25,0,25,0,24,76,0,100,84,0,84,184
07/15/2015,MMU,NJ,AEA,EN,Towers with Radar,0,24,52,0,76,0,1,39,0,40,0,25,91,0,116,47,0,47,163
07/16/2015,MMU,NJ,AEA,EN,Towers with Radar,0,32,50,0,82,0,2,123,0,125,0,34,173,0,207,155,0,155,362
07/17/2015,MMU,NJ,AEA,EN,Towers with Radar,0,40,63,0,103,0,1,51,0,52,0,41,114,0,155,51,0,51,206
07/18/2015,MMU,NJ,AEA,EN,Towers with Radar,0,13,25,0,38,0,0,9,0,9,0,13,34,0,47,0,0,0,47
07/19/2015,MMU,NJ,AEA,EN,Towers with Radar,0,41,44,0,85,0,3,115,0,118,0,44,159,0,203,76,0,76,279
07/20/2015,MMU,NJ,AEA,EN,Towers with Radar,0,39,50,0,89,0,2,71,0,73,0,41,121,0,162,30,0,30,192
07/21/2015,MMU,NJ,AEA,EN,Towers with Radar,0,40,61,0,101,0,0,40,0,40,0,40,101,0,141,20,0,20,161
07/22/2015,MMU,NJ,AEA,EN,Towers with Radar,0,30,58,0,88,0,1,62,0,63,0,31,120,0,151,79,0,79,230
07/23/2015,MMU,NJ,AEA,EN,Towers with Radar,0,50,55,2,107,0,3,84,0,87,0,53,139,2,194,104,4,108,302
07/24/2015,MMU,NJ,AEA,EN,Towers with Radar,0,43,64,0,107,0,4,111,0,115,0,47,175,0,222,41,0,41,263
07/25/2015,MMU,NJ,AEA,EN,Towers with Radar,0,10,34,0,44,0,2,86,0,88,0,12,120,0,132,123,0,123,255
07/26/2015,MMU,NJ,AEA,EN,Towers with Radar,0,41,39,0,80,0,3,85,0,88,0,44,124,0,168,97,0,97,265
07/27/2015,MMU,NJ,AEA,EN,Towers with Radar,0,34,57,0,91,0,1,29,0,30,0,35,86,0,121,45,0,45,166
07/28/2015,MMU,NJ,AEA,EN,Towers with Radar,0,18,80,0,98,0,2,70,0,72,0,20,150,0,170,44,0,44,214
07/29/2015,MMU,NJ,AEA,EN,Towers with Radar,0,30,68,0,98,0,2,72,0,74,0,32,140,0,172,45,0,45,217
07/30/2015,MMU,NJ,AEA,EN,Towers with Radar,0,36,86,0,122,0,1,27,0,28,0,37,113,0,150,66,0,66,216
07/31/2015,MMU,NJ,AEA,EN,Towers with Radar,0,41,54,0,95,0,4,99,0,103,0,45,153,0,198,66,0,66,264
08/01/2015,MMU,NJ,AEA,EN,Towers with Radar,0,17,37,0,54,0,4,77,0,81,0,21,114,0,135,78,0,78,213
08/02/2015,MMU,NJ,AEA,EN,Towers with Radar,0,36,47,0,83,0,0,132,0,132,0,36,179,0,215,138,0,138,353
08/03/2015,MMU,NJ,AEA,EN,Towers with Radar,0,38,48,0,86,0,3,61,0,64,0,41,109,0,150,48,0,48,198
08/04/2015,MMU,NJ,AEA,EN,Towers with Radar,0,23,68,0,91,0,4,73,0,77,0,27,141,0,168,88,0,88,256
08/05/2015,MMU,NJ,AEA,EN,Towers with Radar,0,37,82,0,119,0,7,75,0,82,0,44,157,0,201,79,0,79,280
08/06/2015,MMU,NJ,AEA,EN,Towers with Radar,0,46,63,0,109,0,1,98,0,99,0,47,161,0,208,116,0,116,324
08/07/2015,MMU,NJ,AEA,EN,Towers with Radar,0,33,44,0,77,0,2,91,0,93,0,35,135,0,170,76,0,76,246
08/08/2015,MMU,NJ,AEA,EN,Towers with Radar,0,11,24,0,35,0,0,84,0,84,0,11,108,0,119,78,0,78,197
08/09/2015,MMU,NJ,AEA,EN,Towers with Radar,0,23,42,0,65,0,0,99,0,99,0,23,141,0,164,38,0,38,202
08/10/2015,MMU,NJ,AEA,EN,Towers with Radar,0,36,66,0,102,0,0,52,0,52,0,36,118,0,154,56,0,56,210
08/11/2015,MMU,NJ,AEA,EN,Towers with Radar,0,36,55,0,91,0,0,3,0,3,0,36,58,0,94,20,0,20,114
08/12/2015,MMU,NJ,AEA,EN,Towers with Radar,0,17,45,0,62,0,2,72,0,74,0,19,117,0,136,37,0,37,173
08/13/2015,MMU,NJ,AEA,EN,Towers with Radar,0,13,35,0,48,0,3,98,0,101,0,16,133,0,149,54,0,54,203
08/14/2015,MMU,NJ,AEA,EN,Towers with Radar,0,11,27,0,38,0,2,87,0,89,0,13,114,0,127,87,0,87,214
08/15/2015,MMU,NJ,AEA,EN,Towers with Radar,0,11,20,0,31,0,3,95,0,98,0,14,115,0,129,30,0,30,159
08/16/2015,MMU,NJ,AEA,EN,Towers with Radar,0,13,25,0,38,0,1,76,0,77,0,14,101,0,115,29,0,29,144
08/17/2015,MMU,NJ,AEA,EN,Towers with Radar,0,20,24,0,44,0,1,55,0,56,0,21,79,0,100,22,0,22,122
08/18/2015,MMU,NJ,AEA,EN,Towers with Radar,0,6,37,0,43,0,1,75,0,76,0,7,112,0,119,59,0,59,178
08/19/2015,MMU,NJ,AEA,EN,Towers with Radar,0,31,46,0,77,0,0,44,0,44,0,31,90,0,121,51,0,51,172
08/20/2015,MMU,NJ,AEA,EN,Towers with Radar,0,44,60,0,104,0,1,43,0,44,0,45,103,0,148,26,0,26,174
08/21/2015,MMU,NJ,AEA,EN,Towers with Radar,0,47,34,0,81,0,0,85,0,85,0,47,119,0,166,122,0,122,288
08/22/2015,MMU,NJ,AEA,EN,Towers with Radar,0,26,25,0,51,0,0,97,2,99,0,26,122,2,150,100,0,100,250
08/23/2015,MMU,NJ,AEA,EN,Towers with Radar,0,52,45,0,97,0,1,64,0,65,0,53,109,0,162,96,0,96,258
08/24/2015,MMU,NJ,AEA,EN,Towers with Radar,0,38,51,0,89,0,0,69,0,69,0,38,120,0,158,63,0,63,221
08/25/2015,MMU,NJ,AEA,EN,Towers with Radar,0,25,59,0,84,0,2,60,0,62,0,27,119,0,146,66,0,66,212
08/26/2015,MMU,NJ,AEA,EN,Towers with Radar,0,42,50,0,92,0,4,65,0,69,0,46,115,0,161,29,0,29,190
08/27/2015,MMU,NJ,AEA,EN,Towers with Radar,0,28,60,0,88,0,3,87,0,90,0,31,147,0,178,85,0,85,263
08/28/2015,MMU,NJ,AEA,EN,Towers with Radar,0,31,53,0,84,0,1,106,0,107,0,32,159,0,191,83,0,83,274
08/29/2015,MMU,NJ,AEA,EN,Towers with Radar,0,19,26,0,45,0,1,75,0,76,0,20,101,0,121,95,0,95,216
08/30/2015,MMU,NJ,AEA,EN,Towers with Radar,0,41,48,0,89,0,4,108,0,112,0,45,156,0,201,106,0,106,307
08/31/2015,MMU,NJ,AEA,EN,Towers with Radar,0,21,57,0,78,0,1,74,0,75,0,22,131,0,153,41,0,41,194
09/01/2015,MMU,NJ,AEA,EN,Towers with Radar,0,27,48,0,75,0,2,48,0,50,0,29,96,0,125,64,0,64,189
09/02/2015,MMU,NJ,AEA,EN,Towers with Radar,0,19,55,0,74,0,1,67,0,68,0,20,122,0,142,49,0,49,191
09/03/2015,MMU,NJ,AEA,EN,Towers with Radar,0,45,49,0,94,0,12,89,0,101,0,57,138,0,195,79,0,79,274
09/04/2015,MMU,NJ,AEA,EN,Towers with Radar,0,38,52,0,90,0,6,81,0,87,0,44,133,0,177,109,0,109,286
09/05/2015,MMU,NJ,AEA,EN,Towers with Radar,0,11,8,0,19,0,1,95,0,96,0,12,103,0,115,52,0,52,167
09/06/2015,MMU,NJ,AEA,EN,Towers with Radar,0,23,26,0,49,0,2,72,0,74,0,25,98,0,123,102,0,102,225
09/07/2015,MMU,NJ,AEA,EN,Towers with Radar,0,39,37,0,76,0,4,90,0,94,0,43,127,0,170,90,0,90,260
09/08/2015,MMU,NJ,AEA,EN,Towers with Radar,0,27,48,0,75,0,5,82,0,87,0,32,130,0,162,50,0,50,212
09/09/2015,MMU,NJ,AEA,EN,Towers with Radar,0,19,65,0,84,0,1,63,0,64,0,20,128,0,148,44,0,44,192
09/10/2015,MMU,NJ,AEA,EN,Towers with Radar,0,39,68,0,107,0,0,5,0,5,0,39,73,0,112,0,0,0,112
09/11/2015,MMU,NJ,AEA,EN,Towers with Radar,0,32,73,0,105,0,3,52,0,55,0,35,125,0,160,22,0,22,182
09/12/2015,MMU,NJ,AEA,EN,Towers with Radar,0,19,25,0,44,0,0,75,0,75,0,19,100,0,119,125,0,125,244
09/13/2015,MMU,NJ,AEA,EN,Towers with Radar,0,17,49,0,66,0,0,42,0,42,0,17,91,0,108,87,0,87,195
09/14/2015,MMU,NJ,AEA,EN,Towers with Radar,0,25,50,0,75,0,0,47,0,47,0,25,97,0,122,25,0,25,147
09/15/2015,MMU,NJ,AEA,EN,Towers with Radar,0,31,49,0,80,0,11,81,0,92,0,42,130,0,172,62,0,62,234
09/16/2015,MMU,NJ,AEA,EN,Towers with Radar,0,30,54,0,84,0,1,75,0,76,0,31,129,0,160,72,0,72,232
09/17/2015,MMU,NJ,AEA,EN,Towers with Radar,0,39,53,0,92,0,2,66,0,68,0,41,119,0,160,95,0,95,255
09/18/2015,MMU,NJ,AEA,EN,Towers with Radar,0,49,60,0,109,0,1,84,0,85,0,50,144,0,194,124,0,124,318
09/19/2015,MMU,NJ,AEA,EN,Towers with Radar,0,27,28,0,55,0,1,88,0,89,0,28,116,0,144,151,0,151,295
09/20/2015,MMU,NJ,AEA,EN,Towers with Radar,0,40,46,0,86,0,4,79,0,83,0,44,125,0,169,137,0,137,306
09/21/2015,MMU,NJ,AEA,EN,Towers with Radar,0,30,59,0,89,0,3,107,1,111,0,33,166,1,200,83,0,83,283
09/22/2015,MMU,NJ,AEA,EN,Towers with Radar,0,24,55,0,79,0,1,80,0,81,0,25,135,0,160,42,0,42,202
09/23/2015,MMU,NJ,AEA,EN,Towers with Radar,0,38,46,0,84,0,0,80,3,83,0,38,126,3,167,56,0,56,223
09/24/2015,MMU,NJ,AEA,EN,Towers with Radar,0,41,61,0,102,0,1,44,4,49,0,42,105,4,151,26,0,26,177
09/25/2015,MMU,NJ,AEA,EN,Towers with Radar,0,36,85,0,121,0,8,39,0,47,0,44,124,0,168,0,0,0,168
09/26/2015,MMU,NJ,AEA,EN,Towers with Radar,0,10,32,0,42,0,2,45,1,48,0,12,77,1,90,0,0,0,90
09/27/2015,MMU,NJ,AEA,EN,Towers with Radar,0,36,57,0,93,0,8,50,0,58,0,44,107,0,151,0,0,0,151
09/28/2015,MMU,NJ,AEA,EN,Towers with Radar,0,29,68,0,97,0,0,16,0,16,0,29,84,0,113,0,0,0,113
09/29/2015,MMU,NJ,AEA,EN,Towers with Radar,0,25,72,0,97,0,1,8,0,9,0,26,80,0,106,0,0,0,106
09/30/2015,MMU,NJ,AEA,EN,Towers with Radar,0,19,68,0,87,0,1,18,0,19,0,20,86,0,106,12,0,12,118
10/01/2015,MMU,NJ,AEA,EN,Towers with Radar,0,38,68,1,107,0,1,28,0,29,0,39,96,1,136,32,0,32,168
10/02/2015,MMU,NJ,AEA,EN,Towers with Radar,1,36,42,0,79,0,0,4,0,4,1,36,46,0,83,31,0,31,114
10/03/2015,MMU,NJ,AEA,EN,Towers with Radar,0,17,19,0,36,0,1,0,0,1,0,18,19,0,37,0,0,0,37
10/04/2015,MMU,NJ,AEA,EN,Towers with Radar,0,22,35,0,57,0,1,27,0,28,0,23,62,0,85,61,0,61,146
10/05/2015,MMU,NJ,AEA,EN,Towers with Radar,0,26,30,0,56,0,0,47,0,47,0,26,77,0,103,36,0,36,139
10/06/2015,MMU,NJ,AEA,EN,Towers with Radar,0,18,48,0,66,0,0,64,0,64,0,18,112,0,130,66,0,66,196
10/07/2015,MMU,NJ,AEA,EN,Towers with Radar,0,33,66,0,99,0,2,63,0,65,0,35,129,0,164,90,0,90,254
10/08/2015,MMU,NJ,AEA,EN,Towers with Radar,0,44,71,0,115,0,5,62,0,67,0,49,133,0,182,61,0,61,243
10/09/2015,MMU,NJ,AEA,EN,Towers with Radar,0,46,58,0,104,0,0,16,0,16,0,46,74,0,120,11,0,11,131
10/10/2015,MMU,NJ,AEA,EN,Towers with Radar,0,21,29,0,50,0,1,87,0,88,0,22,116,0,138,127,0,127,265
10/11/2015,MMU,NJ,AEA,EN,Towers with Radar,0,36,56,0,92,0,1,106,0,107,0,37,162,0,199,143,0,143,342
10/12/2015,MMU,NJ,AEA,EN,Towers with Radar,0,44,63,0,107,0,6,73,0,79,0,50,136,0,186,86,0,86,272
10/13/2015,MMU,NJ,AEA,EN,Towers with Radar,0,32,81,0,113,0,0,29,0,29,0,32,110,0,142,38,0,38,180
10/14/2015,MMU,NJ,AEA,EN,Towers with Radar,0,22,79,0,101,0,2,63,0,65,0,24,142,0,166,30,0,30,196
10/15/2015,MMU,NJ,AEA,EN,Towers with Radar,0,34,64,0,98,0,1,78,0,79,0,35,142,0,177,83,0,83,260
10/16/2015,MMU,NJ,AEA,EN,Towers with Radar,0,25,62,0,87,0,0,56,0,56,0,25,118,0,143,137,0,137,280
10/17/2015,MMU,NJ,AEA,EN,Towers with Radar,0,16,40,0,56,0,1,73,0,74,0,17,113,0,130,81,0,81,211
10/18/2015,MMU,NJ,AEA,EN,Towers with Radar,0,32,62,0,94,0,1,72,0,73,0,33,134,0,167,122,0,122,289
10/19/2015,MMU,NJ,AEA,EN,Towers with Radar,0,26,60,0,86,0,4,70,0,74,0,30,130,0,160,23,0,23,183
10/20/2015,MMU,NJ,AEA,EN,Towers with Radar,0,21,51,0,72,0,1,71,0,72,0,22,122,0,144,26,0,26,170
10/21/2015,MMU,NJ,AEA,EN,Towers with Radar,0,17,55,0,72,0,2,97,0,99,0,19,152,0,171,111,0,111,282
10/22/2015,MMU,NJ,AEA,EN,Towers with Radar,0,45,52,0,97,0,0,64,0,64,0,45,116,0,161,83,0,83,244
10/23/2015,MMU,NJ,AEA,EN,Towers with Radar,0,43,53,0,96,0,0,71,0,71,0,43,124,0,167,93,0,93,260
10/24/2015,MMU,NJ,AEA,EN,Towers with Radar,0,13,28,0,41,0,7,73,0,80,0,20,101,0,121,184,0,184,305
10/25/2015,MMU,NJ,AEA,EN,Towers with Radar,0,35,53,0,88,0,5,54,0,59,0,40,107,0,147,39,0,39,186
10/26/2015,MMU,NJ,AEA,EN,Towers with Radar,0,38,57,0,95,0,4,97,0,101,0,42,154,0,196,57,0,57,253
10/27/2015,MMU,NJ,AEA,EN,Towers with Radar,0,27,44,0,71,0,0,87,0,87,0,27,131,0,158,103,0,103,261
10/28/2015,MMU,NJ,AEA,EN,Towers with Radar,0,52,78,0,130,0,0,3,0,3,0,52,81,0,133,0,0,0,133
10/29/2015,MMU,NJ,AEA,EN,Towers with Radar,0,49,81,0,130,0,2,45,0,47,0,51,126,0,177,6,0,6,183
10/30/2015,MMU,NJ,AEA,EN,Towers with Radar,1,36,52,0,89,0,0,67,0,67,1,36,119,0,156,52,0,52,208
10/31/2015,MMU,NJ,AEA,EN,Towers with Radar,0,13,12,0,25,0,0,89,0,89,0,13,101,0,114,122,0,122,236
11/01/2015,MMU,NJ,AEA,EN,Towers with Radar,0,27,48,0,75,0,2,67,0,69,0,29,115,0,144,74,0,74,218
11/02/2015,MMU,NJ,AEA,EN,Towers with Radar,0,22,55,0,77,0,0,34,0,34,0,22,89,0,111,6,0,6,117
11/03/2015,MMU,NJ,AEA,EN,Towers with Radar,0,18,51,0,69,0,1,69,0,70,0,19,120,0,139,63,0,63,202
11/04/2015,MMU,NJ,AEA,EN,Towers with Radar,0,15,65,0,80,0,0,82,0,82,0,15,147,0,162,112,0,112,274
11/05/2015,MMU,NJ,AEA,EN,Towers with Radar,0,30,87,0,117,0,1,24,0,25,0,31,111,0,142,28,0,28,170
11/06/2015,MMU,NJ,AEA,EN,Towers with Radar,0,29,50,0,79,0,2,50,0,52,0,31,100,0,131,30,0,30,161
11/07/2015,MMU,NJ,AEA,EN,Towers with Radar,0,11,41,0,52,0,0,88,0,88,0,11,129,0,140,153,0,153,293
11/08/2015,MMU,NJ,AEA,EN,Towers with Radar,0,30,74,0,104,0,3,98,0,101,0,33,172,0,205,73,0,73,278
11/09/2015,MMU,NJ,AEA,EN,Towers with Radar,0,40,49,0,89,0,0,50,0,50,0,40,99,0,139,88,0,88,227
11/10/2015,MMU,NJ,AEA,EN,Towers with Radar,0,37,67,0,104,0,2,1,0,3,0,39,68,0,107,13,0,13,120
11/11/2015,MMU,NJ,AEA,EN,Towers with Radar,0,25,61,0,86,0,0,13,0,13,0,25,74,0,99,34,0,34,133
11/12/2015,MMU,NJ,AEA,EN,Towers with Radar,0,32,79,0,111,0,0,6,0,6,0,32,85,0,117,0,0,0,117
11/13/2015,MMU,NJ,AEA,EN,Towers with Radar,0,34,63,0,97,0,0,30,0,30,0,34,93,0,127,31,0,31,158
11/14/2015,MMU,NJ,AEA,EN,Towers with Radar,0,12,32,0,44,0,2,38,0,40,0,14,70,0,84,30,0,30,114
11/15/2015,MMU,NJ,AEA,EN,Towers with Radar,0,33,59,0,92,0,1,107,0,108,0,34,166,0,200,120,0,120,320
11/16/2015,MMU,NJ,AEA,EN,Towers with Radar,0,24,71,0,95,0,0,75,0,75,0,24,146,0,170,67,0,67,237
11/17/2015,MMU,NJ,AEA,EN,Towers with Radar,0,30,43,0,73,0,0,69,0,69,0,30,112,0,142,76,0,76,218
11/18/2015,MMU,NJ,AEA,EN,Towers with Radar,1,19,68,0,88,0,0,49,0,49,1,19,117,0,137,81,0,81,218
11/19/2015,MMU,NJ,AEA,EN,Towers with Radar,0,98,98,0,196,0,0,2,0,2,0,98,100,0,198,0,0,0,198
11/20/2015,MMU,NJ,AEA,EN,Towers with Radar,0,33,58,0,91,0,1,51,0,52,0,34,109,0,143,62,0,62,205
11/21/2015,MMU,NJ,AEA,EN,Towers with Radar,0,31,33,0,64,0,2,106,0,108,0,33,139,0,172,125,0,125,297
11/22/2015,MMU,NJ,AEA,EN,Towers with Radar,0,38,52,0,90,0,1,47,0,48,0,39,99,0,138,64,0,64,202
11/23/2015,MMU,NJ,AEA,EN,Towers with Radar,0,31,44,0,75,0,0,49,0,49,0,31,93,0,124,15,0,15,139
11/24/2015,MMU,NJ,AEA,EN,Towers with Radar,0,43,67,0,110,0,2,48,0,50,0,45,115,0,160,72,0,72,232
11/25/2015,MMU,NJ,AEA,EN,Towers with Radar,0,24,53,0,77,0,5,78,0,83,0,29,131,0,160,75,0,75,235
11/26/2015,MMU,NJ,AEA,EN,Towers with Radar,0,18,16,0,34,0,0,22,0,22,0,18,38,0,56,19,0,19,75
11/27/2015,MMU,NJ,AEA,EN,Towers with Radar,0,17,39,0,56,0,0,73,0,73,0,17,112,0,129,70,0,70,199
11/28/2015,MMU,NJ,AEA,EN,Towers with Radar,0,27,42,0,69,0,1,28,0,29,0,28,70,0,98,51,0,51,149
11/29/2015,MMU,NJ,AEA,EN,Towers with Radar,0,34,76,0,110,0,1,85,0,86,0,35,161,0,196,78,0,78,274
11/30/2015,MMU,NJ,AEA,EN,Towers with Radar,0,29,65,0,94,0,2,45,0,47,0,31,110,0,141,49,0,49,190
12/01/2015,MMU,NJ,AEA,EN,Towers with Radar,0,31,68,0,99,0,0,0,0,0,0,31,68,0,99,0,0,0,99
12/02/2015,MMU,NJ,AEA,EN,Towers with Radar,0,29,96,0,125,0,0,0,0,0,0,29,96,0,125,0,0,0,125
12/03/2015,MMU,NJ,AEA,EN,Towers with Radar,0,41,79,0,120,0,2,51,0,53,0,43,130,0,173,43,0,43,216
12/04/2015,MMU,NJ,AEA,EN,Towers with Radar,0,26,59,0,85,0,3,87,0,90,0,29,146,0,175,142,0,142,317
12/05/2015,MMU,NJ,AEA,EN,Towers with Radar,0,16,32,0,48,0,3,109,0,112,0,19,141,0,160,56,0,56,216
12/06/2015,MMU,NJ,AEA,EN,Towers with Radar,0,16,53,0,69,0,0,105,0,105,0,16,158,0,174,95,0,95,269
12/07/2015,MMU,NJ,AEA,EN,Towers with Radar,0,26,66,0,92,0,0,61,0,61,0,26,127,0,153,28,0,28,181
12/08/2015,MMU,NJ,AEA,EN,Towers with Radar,0,33,86,0,119,0,0,47,0,47,0,33,133,0,166,10,0,10,176
12/09/2015,MMU,NJ,AEA,EN,Towers with Radar,0,36,88,0,124,0,0,43,0,43,0,36,131,0,167,31,0,31,198
12/10/2015,MMU,NJ,AEA,EN,Towers with Radar,0,18,67,0,85,0,0,46,0,46,0,18,113,0,131,47,0,47,178
12/11/2015,MMU,NJ,AEA,EN,Towers with Radar,0,22,63,0,85,0,2,64,0,66,0,24,127,0,151,23,0,23,174
12/12/2015,MMU,NJ,AEA,EN,Towers with Radar,0,10,27,0,37,0,0,68,0,68,0,10,95,0,105,66,0,66,171
12/13/2015,MMU,NJ,AEA,EN,Towers with Radar,0,11,41,0,52,0,2,50,0,52,0,13,91,0,104,120,0,120,224
12/14/2015,MMU,NJ,AEA,EN,Towers with Radar,0,29,76,0,105,0,0,1,0,1,0,29,77,0,106,0,0,0,106
12/15/2015,MMU,NJ,AEA,EN,Towers with Radar,0,24,48,0,72,0,0,35,0,35,0,24,83,0,107,18,0,18,125
12/16/2015,MMU,NJ,AEA,EN,Towers with Radar,0,22,64,0,86,0,0,68,0,68,0,22,132,0,154,67,0,67,221
12/17/2015,MMU,NJ,AEA,EN,Towers with Radar,0,27,48,0,75,0,0,0,0,0,0,27,48,0,75,0,0,0,75
12/18/2015,MMU,NJ,AEA,EN,Towers with Radar,0,26,59,0,85,0,0,37,0,37,0,26,96,0,122,28,0,28,150
12/19/2015,MMU,NJ,AEA,EN,Towers with Radar,0,21,37,0,58,0,1,47,0,48,0,22,84,0,106,108,0,108,214
12/20/2015,MMU,NJ,AEA,EN,Towers with Radar,0,26,43,0,69,0,1,88,0,89,0,27,131,0,158,63,0,63,221
12/21/2015,MMU,NJ,AEA,EN,Towers with Radar,0,20,29,0,49,0,3,29,0,32,0,23,58,0,81,19,0,19,100
12/22/2015,MMU,NJ,AEA,EN,Towers with Radar,0,23,31,0,54,0,0,2,0,2,0,23,33,0,56,4,0,4,60
12/23/2015,MMU,NJ,AEA,EN,Towers with Radar,0,36,24,0,60,0,0,0,0,0,0,36,24,0,60,0,0,0,60
12/24/2015,MMU,NJ,AEA,EN,Towers with Radar,0,15,31,0,46,0,0,2,0,2,0,15,33,0,48,10,0,10,58
12/25/2015,MMU,NJ,AEA,EN,Towers with Radar,0,25,16,0,41,0,0,4,0,4,0,25,20,0,45,0,0,0,45
12/26/2015,MMU,NJ,AEA,EN,Towers with Radar,0,44,50,0,94,0,0,34,0,34,0,44,84,0,128,92,0,92,220
12/27/2015,MMU,NJ,AEA,EN,Towers with Radar,0,31,50,0,81,0,0,0,0,0,0,31,50,0,81,0,0,0,81
12/28/2015,MMU,NJ,AEA,EN,Towers with Radar,0,23,21,0,44,0,0,39,0,39,0,23,60,0,83,28,0,28,111
12/29/2015,MMU,NJ,AEA,EN,Towers with Radar,0,19,17,0,36,0,0,0,0,0,0,19,17,0,36,0,0,0,36
12/30/2015,MMU,NJ,AEA,EN,Towers with Radar,0,20,27,0,47,0,0,0,0,0,0,20,27,0,47,0,0,0,47
12/31/2015,MMU,NJ,AEA,EN,Towers with Radar,0,10,26,0,36,0,0,22,0,22,0,10,48,0,58,15,0,15,73
01/01/2016,MMU,NJ,AEA,EN,Towers with Radar,0,11,18,0,29,0,2,34,0,36,0,13,52,0,65,46,0,46,111
01/02/2016,MMU,NJ,AEA,EN,Towers with Radar,0,30,43,0,73,0,1,104,0,105,0,31,147,0,178,53,0,53,231
01/03/2016,MMU,NJ,AEA,EN,Towers with Radar,0,44,70,0,114,0,1,58,0,59,0,45,128,0,173,48,0,48,221
01/04/2016,MMU,NJ,AEA,EN,Towers with Radar,0,32,43,0,75,0,2,20,0,22,0,34,63,0,97,2,0,2,99
01/05/2016,MMU,NJ,AEA,EN,Towers with Radar,0,15,45,0,60,0,0,44,0,44,0,15,89,0,104,40,0,40,144
01/06/2016,MMU,NJ,AEA,EN,Towers with Radar,0,19,44,0,63,0,0,67,0,67,0,19,111,0,130,44,0,44,174
01/07/2016,MMU,NJ,AEA,EN,Towers with Radar,0,20,45,0,65,0,1,43,0,44,0,21,88,0,109,47,0,47,156
01/08/2016,MMU,NJ,AEA,EN,Towers with Radar,0,24,45,0,69,0,0,41,0,41,0,24,86,0,110,56,7,63,173
01/09/2016,MMU,NJ,AEA,EN,Towers with Radar,0,17,28,0,45,0,0,0,0,0,0,17,28,0,45,0,0,0,45
01/10/2016,MMU,NJ,AEA,EN,Towers with Radar,0,21,39,0,60,0,0,8,0,8,0,21,47,0,68,6,0,6,74
01/11/2016,MMU,NJ,AEA,EN,Towers with Radar,0,25,62,0,87,0,1,34,0,35,0,26,96,0,122,0,0,0,122
01/12/2016,MMU,NJ,AEA,EN,Towers with Radar,0,30,43,0,73,0,0,28,0,28,0,30,71,0,101,17,0,17,118
01/13/2016,MMU,NJ,AEA,EN,Towers with Radar,0,19,49,0,68,0,0,27,0,27,0,19,76,0,95,47,0,47,142
01/14/2016,MMU,NJ,AEA,EN,Towers with Radar,0,32,72,0,104,0,1,110,0,111,0,33,182,0,215,62,0,62,277
01/15/2016,MMU,NJ,AEA,EN,Towers with Radar,0,31,73,1,105,0,0,61,0,61,0,31,134,1,166,113,0,113,279
01/16/2016,MMU,NJ,AEA,EN,Towers with Radar,0,21,32,0,53,0,0,42,0,42,0,21,74,0,95,100,0,100,195
01/17/2016,MMU,NJ,AEA,EN,Towers with Radar,0,16,24,0,40,0,0,33,0,33,0,16,57,0,73,89,0,89,162
01/18/2016,MMU,NJ,AEA,EN,Towers with Radar,0,21,65,0,86,0,0,22,0,22,0,21,87,0,108,13,0,13,121
01/19/2016,MMU,NJ,AEA,EN,Towers with Radar,0,19,43,0,62,0,0,15,0,15,0,19,58,0,77,5,0,5,82
01/20/2016,MMU,NJ,AEA,EN,Towers with Radar,0,27,63,0,90,0,0,82,0,82,0,27,145,0,172,76,0,76,248
01/21/2016,MMU,NJ,AEA,EN,Towers with Radar,0,19,48,0,67,0,3,55,0,58,0,22,103,0,125,39,0,39,164
01/22/2016,MMU,NJ,AEA,EN,Towers with Radar,0,25,50,0,75,0,2,64,0,66,0,27,114,0,141,44,0,44,185
01/23/2016,MMU,NJ,AEA,EN,Towers with Radar,0,0,0,0,0,0,0,0,0,0,0,0,0,0,0,0,0,0,0
01/24/2016,MMU,NJ,AEA,EN,Towers with Radar,0,22,32,0,54,0,0,23,0,23,0,22,55,0,77,19,0,19,96
01/25/2016,MMU,NJ,AEA,EN,Towers with Radar,0,28,52,0,80,0,0,40,0,40,0,28,92,0,120,20,0,20,140
01/26/2016,MMU,NJ,AEA,EN,Towers with Radar,0,24,52,0,76,0,1,40,0,41,0,25,92,0,117,31,0,31,148
01/27/2016,MMU,NJ,AEA,EN,Towers with Radar,0,28,50,0,78,0,0,56,0,56,0,28,106,0,134,55,0,55,189
01/28/2016,MMU,NJ,AEA,EN,Towers with Radar,0,37,55,0,92,0,0,75,0,75,0,37,130,0,167,36,0,36,203
01/29/2016,MMU,NJ,AEA,EN,Towers with Radar,0,21,48,0,69,0,0,19,0,19,0,21,67,0,88,55,0,55,143
01/30/2016,MMU,NJ,AEA,EN,Towers with Radar,0,17,15,0,32,0,2,81,0,83,0,19,96,0,115,129,0,129,244
01/31/2016,MMU,NJ,AEA,EN,Towers with Radar,0,21,41,0,62,0,3,86,0,89,0,24,127,0,151,54,0,54,205
02/01/2016,MMU,NJ,AEA,EN,Towers with Radar,0,17,38,3,58,0,0,41,0,41,0,17,79,3,99,25,0,25,124
02/02/2016,MMU,NJ,AEA,EN,Towers with Radar,0,17,51,0,68,0,0,59,0,59,0,17,110,0,127,101,0,101,228
02/03/2016,MMU,NJ,AEA,EN,Towers with Radar,0,24,37,0,61,0,2,2,0,4,0,26,39,0,65,0,0,0,65
02/04/2016,MMU,NJ,AEA,EN,Towers with Radar,0,17,59,0,76,0,0,45,0,45,0,17,104,0,121,89,0,89,210
02/05/2016,MMU,NJ,AEA,EN,Towers with Radar,0,25,46,0,71,0,0,27,0,27,0,25,73,0,98,7,0,7,105
02/06/2016,MMU,NJ,AEA,EN,Towers with Radar,0,25,17,0,42,0,0,84,0,84,0,25,101,0,126,78,0,78,204
02/07/2016,MMU,NJ,AEA,EN,Towers with Radar,0,13,42,0,55,0,4,75,0,79,0,17,117,0,134,87,0,87,221
02/08/2016,MMU,NJ,AEA,EN,Towers with Radar,1,33,50,0,84,0,0,12,0,12,1,33,62,0,96,6,0,6,102
02/09/2016,MMU,NJ,AEA,EN,Towers with Radar,0,24,43,0,67,0,1,13,0,14,0,25,56,0,81,0,0,0,81
02/10/2016,MMU,NJ,AEA,EN,Towers with Radar,0,24,63,0,87,0,0,21,0,21,0,24,84,0,108,54,0,54,162
02/11/2016,MMU,NJ,AEA,EN,Towers with Radar,0,48,68,0,116,0,0,20,0,20,0,48,88,0,136,1,0,1,137
02/12/2016,MMU,NJ,AEA,EN,Towers with Radar,0,44,70,0,114,0,0,55,0,55,0,44,125,0,169,13,0,13,182
02/13/2016,MMU,NJ,AEA,EN,Towers with Radar,0,18,15,0,33,0,0,5,0,5,0,18,20,0,38,7,0,7,45
02/14/2016,MMU,NJ,AEA,EN,Towers with Radar,0,12,22,0,34,0,1,18,0,19,0,13,40,0,53,22,0,22,75
02/15/2016,MMU,NJ,AEA,EN,Towers with Radar,0,35,64,0,99,0,0,5,0,5,0,35,69,0,104,0,0,0,104
02/16/2016,MMU,NJ,AEA,EN,Towers with Radar,0,41,117,0,158,0,0,4,0,4,0,41,121,0,162,0,0,0,162
02/17/2016,MMU,NJ,AEA,EN,Towers with Radar,0,29,53,0,82,0,2,40,0,42,0,31,93,0,124,96,0,96,220
02/18/2016,MMU,NJ,AEA,EN,Towers with Radar,0,29,53,0,82,0,0,48,0,48,0,29,101,0,130,39,0,39,169
02/19/2016,MMU,NJ,AEA,EN,Towers with Radar,0,35,36,0,71,0,2,60,0,62,0,37,96,0,133,99,0,99,232
02/20/2016,MMU,NJ,AEA,EN,Towers with Radar,0,16,24,0,40,0,2,55,0,57,0,18,79,0,97,62,0,62,159
02/21/2016,MMU,NJ,AEA,EN,Towers with Radar,0,22,45,0,67,0,0,86,0,86,0,22,131,0,153,96,0,96,249
02/22/2016,MMU,NJ,AEA,EN,Towers with Radar,0,22,53,0,75,0,3,71,0,74,0,25,124,0,149,37,0,37,186
02/23/2016,MMU,NJ,AEA,EN,Towers with Radar,0,20,57,0,77,0,0,5,0,5,0,20,62,0,82,0,0,0,82
02/24/2016,MMU,NJ,AEA,EN,Towers with Radar,0,35,66,0,101,0,0,0,0,0,0,35,66,0,101,0,0,0,101
02/25/2016,MMU,NJ,AEA,EN,Towers with Radar,0,44,68,0,112,0,3,16,0,19,0,47,84,0,131,34,0,34,165
02/26/2016,MMU,NJ,AEA,EN,Towers with Radar,0,25,49,1,75,0,0,25,0,25,0,25,74,1,100,61,0,61,161
02/27/2016,MMU,NJ,AEA,EN,Towers with Radar,0,12,22,0,34,0,0,81,0,81,0,12,103,0,115,140,0,140,255
02/28/2016,MMU,NJ,AEA,EN,Towers with Radar,0,24,43,0,67,0,0,90,0,90,0,24,133,0,157,151,0,151,308
02/29/2016,MMU,NJ,AEA,EN,Towers with Radar,0,25,54,0,79,0,1,27,0,28,0,26,81,0,107,67,0,67,174
03/01/2016,MMU,NJ,AEA,EN,Towers with Radar,0,22,62,0,84,0,1,63,0,64,0,23,125,0,148,42,0,42,190
03/02/2016,MMU,NJ,AEA,EN,Towers with Radar,1,18,44,0,63,0,0,26,2,28,1,18,70,2,91,3,0,3,94
03/03/2016,MMU,NJ,AEA,EN,Towers with Radar,0,39,57,0,96,0,2,68,0,70,0,41,125,0,166,96,0,96,262
03/04/2016,MMU,NJ,AEA,EN,Towers with Radar,0,29,59,0,88,0,0,13,0,13,0,29,72,0,101,47,0,47,148
03/05/2016,MMU,NJ,AEA,EN,Towers with Radar,0,19,28,0,47,0,1,108,0,109,0,20,136,0,156,139,0,139,295
03/06/2016,MMU,NJ,AEA,EN,Towers with Radar,0,38,43,0,81,0,1,78,0,79,0,39,121,0,160,202,0,202,362
03/07/2016,MMU,NJ,AEA,EN,Towers with Radar,0,29,60,0,89,0,0,55,0,55,0,29,115,0,144,40,0,40,184
03/08/2016,MMU,NJ,AEA,EN,Towers with Radar,0,27,71,0,98,0,2,96,0,98,0,29,167,0,196,47,0,47,243
03/09/2016,MMU,NJ,AEA,EN,Towers with Radar,0,39,62,0,101,0,1,74,0,75,0,40,136,0,176,72,0,72,248
03/10/2016,MMU,NJ,AEA,EN,Towers with Radar,0,30,56,0,86,0,0,60,2,62,0,30,116,2,148,37,0,37,185
03/11/2016,MMU,NJ,AEA,EN,Towers with Radar,0,36,43,0,79,0,0,70,0,70,0,36,113,0,149,97,0,97,246
03/12/2016,MMU,NJ,AEA,EN,Towers with Radar,0,15,23,0,38,0,2,115,1,118,0,17,138,1,156,174,0,174,330
03/13/2016,MMU,NJ,AEA,EN,Towers with Radar,0,30,43,0,73,0,7,96,0,103,0,37,139,0,176,119,0,119,295
03/14/2016,MMU,NJ,AEA,EN,Towers with Radar,0,27,53,0,80,0,0,6,0,6,0,27,59,0,86,0,0,0,86
03/15/2016,MMU,NJ,AEA,EN,Towers with Radar,0,28,48,0,76,0,1,14,0,15,0,29,62,0,91,76,0,76,167
03/16/2016,MMU,NJ,AEA,EN,Towers with Radar,0,33,53,0,86,0,0,58,2,60,0,33,111,2,146,86,11,97,243
03/17/2016,MMU,NJ,AEA,EN,Towers with Radar,0,29,57,0,86,0,0,40,0,40,0,29,97,0,126,50,0,50,176
03/18/2016,MMU,NJ,AEA,EN,Towers with Radar,0,35,49,0,84,0,1,46,0,47,0,36,95,0,131,48,0,48,179
03/19/2016,MMU,NJ,AEA,EN,Towers with Radar,0,19,39,0,58,0,1,100,0,101,0,20,139,0,159,111,0,111,270
03/20/2016,MMU,NJ,AEA,EN,Towers with Radar,0,18,52,0,70,0,1,29,0,30,0,19,81,0,100,99,0,99,199
03/21/2016,MMU,NJ,AEA,EN,Towers with Radar,0,31,38,0,69,0,1,34,0,35,0,32,72,0,104,19,0,19,123
03/22/2016,MMU,NJ,AEA,EN,Towers with Radar,0,34,65,0,99,0,0,77,2,79,0,34,142,2,178,64,0,64,242
03/23/2016,MMU,NJ,AEA,EN,Towers with Radar,0,28,54,0,82,0,0,59,0,59,0,28,113,0,141,96,0,96,237
03/24/2016,MMU,NJ,AEA,EN,Towers with Radar,0,49,71,0,120,0,2,65,0,67,0,51,136,0,187,89,0,89,276
03/25/2016,MMU,NJ,AEA,EN,Towers with Radar,0,29,46,0,75,0,0,11,0,11,0,29,57,0,86,71,0,71,157
03/26/2016,MMU,NJ,AEA,EN,Towers with Radar,0,29,14,0,43,0,2,93,1,96,0,31,107,1,139,110,0,110,249
03/27/2016,MMU,NJ,AEA,EN,Towers with Radar,0,40,49,0,89,0,1,42,0,43,0,41,91,0,132,45,0,45,177
03/28/2016,MMU,NJ,AEA,EN,Towers with Radar,0,26,58,0,84,0,1,5,0,6,0,27,63,0,90,0,0,0,90
03/29/2016,MMU,NJ,AEA,EN,Towers with Radar,0,26,41,2,69,0,1,25,0,26,0,27,66,2,95,16,0,16,111
03/30/2016,MMU,NJ,AEA,EN,Towers with Radar,0,15,34,2,51,0,6,111,0,117,0,21,145,2,168,199,0,199,367
03/31/2016,MMU,NJ,AEA,EN,Towers with Radar,0,21,53,0,74,0,3,43,0,46,0,24,96,0,120,13,0,13,133
04/01/2016,MMU,NJ,AEA,EN,Towers with Radar,0,24,43,0,67,0,2,14,0,16,0,26,57,0,83,7,0,7,90
04/02/2016,MMU,NJ,AEA,EN,Towers with Radar,0,21,37,0,58,0,0,41,0,41,0,21,78,0,99,103,0,103,202
04/03/2016,MMU,NJ,AEA,EN,Towers with Radar,0,31,24,0,55,0,0,6,0,6,0,31,30,0,61,0,0,0,61
04/04/2016,MMU,NJ,AEA,EN,Towers with Radar,0,21,54,0,75,0,1,2,0,3,0,22,56,0,78,0,0,0,78
04/05/2016,MMU,NJ,AEA,EN,Towers with Radar,0,20,45,0,65,0,0,46,0,46,0,20,91,0,111,45,0,45,156
04/06/2016,MMU,NJ,AEA,EN,Towers with Radar,0,30,51,0,81,0,1,54,0,55,0,31,105,0,136,86,0,86,222
04/07/2016,MMU,NJ,AEA,EN,Towers with Radar,0,31,54,1,86,0,4,6,0,10,0,35,60,1,96,0,0,0,96
04/08/2016,MMU,NJ,AEA,EN,Towers with Radar,0,28,55,0,83,0,7,48,0,55,0,35,103,0,138,10,0,10,148
04/09/2016,MMU,NJ,AEA,EN,Towers with Radar,0,20,22,1,43,0,0,13,0,13,0,20,35,1,56,49,0,49,105
04/10/2016,MMU,NJ,AEA,EN,Towers with Radar,0,38,48,0,86,0,9,122,0,131,0,47,170,0,217,125,0,125,342
04/11/2016,MMU,NJ,AEA,EN,Towers with Radar,0,23,60,0,83,0,0,32,0,32,0,23,92,0,115,12,0,12,127
04/12/2016,MMU,NJ,AEA,EN,Towers with Radar,0,23,55,0,78,0,0,29,0,29,0,23,84,0,107,11,0,11,118
04/13/2016,MMU,NJ,AEA,EN,Towers with Radar,0,25,48,0,73,0,2,92,0,94,0,27,140,0,167,89,0,89,256
04/14/2016,MMU,NJ,AEA,EN,Towers with Radar,0,31,50,0,81,0,3,81,0,84,0,34,131,0,165,133,0,133,298
04/15/2016,MMU,NJ,AEA,EN,Towers with Radar,0,22,55,0,77,0,1,101,0,102,0,23,156,0,179,105,0,105,284
04/16/2016,MMU,NJ,AEA,EN,Towers with Radar,0,20,28,0,48,0,2,93,0,95,0,22,121,0,143,142,0,142,285
04/17/2016,MMU,NJ,AEA,EN,Towers with Radar,0,30,51,0,81,0,0,113,0,113,0,30,164,0,194,64,0,64,258
04/18/2016,MMU,NJ,AEA,EN,Towers with Radar,0,28,57,0,85,0,0,63,0,63,0,28,120,0,148,56,0,56,204
04/19/2016,MMU,NJ,AEA,EN,Towers with Radar,0,28,73,0,101,0,1,55,0,56,0,29,128,0,157,43,0,43,200
04/20/2016,MMU,NJ,AEA,EN,Towers with Radar,0,27,67,0,94,0,2,64,0,66,0,29,131,0,160,76,0,76,236
04/21/2016,MMU,NJ,AEA,EN,Towers with Radar,0,34,80,0,114,0,2,77,0,79,0,36,157,0,193,92,0,92,285
04/22/2016,MMU,NJ,AEA,EN,Towers with Radar,0,35,56,0,91,0,2,51,0,53,0,37,107,0,144,78,0,78,222
04/23/2016,MMU,NJ,AEA,EN,Towers with Radar,0,18,30,0,48,0,2,52,0,54,0,20,82,0,102,78,0,78,180
04/24/2016,MMU,NJ,AEA,EN,Towers with Radar,0,34,45,0,79,0,0,118,1,119,0,34,163,1,198,122,0,122,320
04/25/2016,MMU,NJ,AEA,EN,Towers with Radar,1,21,60,0,82,0,4,67,0,71,1,25,127,0,153,98,0,98,251
04/26/2016,MMU,NJ,AEA,EN,Towers with Radar,0,20,49,0,69,0,0,5,0,5,0,20,54,0,74,4,0,4,78
04/27/2016,MMU,NJ,AEA,EN,Towers with Radar,0,27,61,0,88,0,0,84,0,84,0,27,145,0,172,123,0,123,295
04/28/2016,MMU,NJ,AEA,EN,Towers with Radar,0,34,40,0,74,0,3,58,0,61,0,37,98,0,135,116,0,116,251
04/29/2016,MMU,NJ,AEA,EN,Towers with Radar,0,40,44,0,84,0,2,60,0,62,0,42,104,0,146,113,0,113,259
04/30/2016,MMU,NJ,AEA,EN,Towers with Radar,0,19,43,0,62,0,2,90,1,93,0,21,133,1,155,100,0,100,255
05/01/2016,MMU,NJ,AEA,EN,Towers with Radar,0,37,51,0,88,0,0,6,0,6,0,37,57,0,94,13,0,13,107
05/02/2016,MMU,NJ,AEA,EN,Towers with Radar,0,36,51,0,87,0,0,7,0,7,0,36,58,0,94,0,0,0,94
05/03/2016,MMU,NJ,AEA,EN,Towers with Radar,0,24,62,0,86,0,0,0,0,0,0,24,62,0,86,0,0,0,86
05/04/2016,MMU,NJ,AEA,EN,Towers with Radar,0,31,60,0,91,0,0,1,0,1,0,31,61,0,92,10,0,10,102
05/05/2016,MMU,NJ,AEA,EN,Towers with Radar,0,30,82,5,117,0,0,0,0,0,0,30,82,5,117,0,0,0,117
05/06/2016,MMU,NJ,AEA,EN,Towers with Radar,0,36,60,0,96,0,0,17,0,17,0,36,77,0,113,20,0,20,133
05/07/2016,MMU,NJ,AEA,EN,Towers with Radar,0,28,51,0,79,0,0,15,0,15,0,28,66,0,94,17,0,17,111
05/08/2016,MMU,NJ,AEA,EN,Towers with Radar,0,32,52,0,84,0,2,14,0,16,0,34,66,0,100,32,0,32,132
05/09/2016,MMU,NJ,AEA,EN,Towers with Radar,0,35,64,0,99,0,4,93,0,97,0,39,157,0,196,45,0,45,241
05/10/2016,MMU,NJ,AEA,EN,Towers with Radar,0,31,60,0,91,0,0,85,0,85,0,31,145,0,176,104,0,104,280
05/11/2016,MMU,NJ,AEA,EN,Towers with Radar,0,33,51,0,84,0,0,109,0,109,0,33,160,0,193,69,0,69,262
05/12/2016,MMU,NJ,AEA,EN,Towers with Radar,0,36,56,0,92,0,0,91,0,91,0,36,147,0,183,123,0,123,306
05/13/2016,MMU,NJ,AEA,EN,Towers with Radar,0,38,78,0,116,0,0,5,0,5,0,38,83,0,121,6,0,6,127
05/14/2016,MMU,NJ,AEA,EN,Towers with Radar,0,16,31,0,47,0,1,124,0,125,0,17,155,0,172,96,0,96,268
05/15/2016,MMU,NJ,AEA,EN,Towers with Radar,0,23,44,0,67,0,0,39,0,39,0,23,83,0,106,18,0,18,124
05/16/2016,MMU,NJ,AEA,EN,Towers with Radar,0,30,55,0,85,0,3,50,0,53,0,33,105,0,138,12,0,12,150
05/17/2016,MMU,NJ,AEA,EN,Towers with Radar,0,24,80,2,106,0,4,81,0,85,0,28,161,2,191,78,0,78,269
05/18/2016,MMU,NJ,AEA,EN,Towers with Radar,0,30,49,0,79,0,0,79,0,79,0,30,128,0,158,71,0,71,229
05/19/2016,MMU,NJ,AEA,EN,Towers with Radar,0,40,61,0,101,0,1,86,0,87,0,41,147,0,188,162,0,162,350
05/20/2016,MMU,NJ,AEA,EN,Towers with Radar,0,37,54,0,91,0,0,125,0,125,0,37,179,0,216,111,0,111,327
05/21/2016,MMU,NJ,AEA,EN,Towers with Radar,0,14,41,0,55,0,0,50,0,50,0,14,91,0,105,192,0,192,297
05/22/2016,MMU,NJ,AEA,EN,Towers with Radar,0,37,35,0,72,0,0,68,0,68,0,37,103,0,140,158,0,158,298
05/23/2016,MMU,NJ,AEA,EN,Towers with Radar,0,17,59,0,76,0,0,75,0,75,0,17,134,0,151,36,0,36,187
05/24/2016,MMU,NJ,AEA,EN,Towers with Radar,0,26,71,0,97,0,0,38,0,38,0,26,109,0,135,88,0,88,223
05/25/2016,MMU,NJ,AEA,EN,Towers with Radar,0,31,60,0,91,0,3,76,0,79,0,34,136,0,170,116,0,116,286
05/26/2016,MMU,NJ,AEA,EN,Towers with Radar,0,47,61,0,108,0,2,81,0,83,0,49,142,0,191,31,0,31,222
05/27/2016,MMU,NJ,AEA,EN,Towers with Radar,0,45,50,0,95,0,0,87,0,87,0,45,137,0,182,40,0,40,222
05/28/2016,MMU,NJ,AEA,EN,Towers with Radar,0,23,19,0,42,0,9,81,0,90,0,32,100,0,132,144,0,144,276
05/29/2016,MMU,NJ,AEA,EN,Towers with Radar,0,14,28,0,42,0,0,57,0,57,0,14,85,0,99,77,0,77,176
05/30/2016,MMU,NJ,AEA,EN,Towers with Radar,0,40,43,0,83,0,1,19,0,20,0,41,62,0,103,51,0,51,154
05/31/2016,MMU,NJ,AEA,EN,Towers with Radar,0,28,72,0,100,0,2,93,0,95,0,30,165,0,195,130,0,130,325
06/01/2016,MMU,NJ,AEA,EN,Towers with Radar,0,19,64,0,83,0,4,105,0,109,0,23,169,0,192,56,0,56,248
06/02/2016,MMU,NJ,AEA,EN,Towers with Radar,0,28,79,0,107,0,2,86,0,88,0,30,165,0,195,66,0,66,261
06/03/2016,MMU,NJ,AEA,EN,Towers with Radar,0,30,64,0,94,0,0,0,0,0,0,30,64,0,94,0,0,0,94
06/04/2016,MMU,NJ,AEA,EN,Towers with Radar,0,17,41,0,58,0,0,80,0,80,0,17,121,0,138,197,0,197,335
06/05/2016,MMU,NJ,AEA,EN,Towers with Radar,0,34,45,0,79,0,0,1,0,1,0,34,46,0,80,0,0,0,80
06/06/2016,MMU,NJ,AEA,EN,Towers with Radar,0,22,64,0,86,0,1,81,0,82,0,23,145,0,168,84,0,84,252
06/07/2016,MMU,NJ,AEA,EN,Towers with Radar,0,19,51,0,70,0,1,48,0,49,0,20,99,0,119,42,0,42,161
06/08/2016,MMU,NJ,AEA,EN,Towers with Radar,0,30,65,0,95,0,4,31,0,35,0,34,96,0,130,23,0,23,153
06/09/2016,MMU,NJ,AEA,EN,Towers with Radar,0,32,59,1,92,0,2,62,0,64,0,34,121,1,156,40,0,40,196
06/10/2016,MMU,NJ,AEA,EN,Towers with Radar,0,26,47,1,74,0,2,96,0,98,0,28,143,1,172,48,0,48,220
06/11/2016,MMU,NJ,AEA,EN,Towers with Radar,0,19,20,0,39,0,0,90,0,90,0,19,110,0,129,138,0,138,267
06/12/2016,MMU,NJ,AEA,EN,Towers with Radar,0,34,37,1,72,0,4,61,2,67,0,38,98,3,139,13,0,13,152
06/13/2016,MMU,NJ,AEA,EN,Towers with Radar,0,31,62,0,93,0,0,63,0,63,0,31,125,0,156,120,5,125,281
06/14/2016,MMU,NJ,AEA,EN,Towers with Radar,0,32,63,0,95,0,0,103,0,103,0,32,166,0,198,119,0,119,317
06/15/2016,MMU,NJ,AEA,EN,Towers with Radar,0,34,51,0,85,0,4,128,0,132,0,38,179,0,217,124,0,124,341
06/16/2016,MMU,NJ,AEA,EN,Towers with Radar,0,46,64,0,110,0,1,45,0,46,0,47,109,0,156,29,0,29,185
06/17/2016,MMU,NJ,AEA,EN,Towers with Radar,0,35,55,0,90,0,2,79,0,81,0,37,134,0,171,132,0,132,303
06/18/2016,MMU,NJ,AEA,EN,Towers with Radar,0,24,30,0,54,0,0,147,0,147,0,24,177,0,201,169,0,169,370
06/19/2016,MMU,NJ,AEA,EN,Towers with Radar,0,26,25,0,51,0,1,102,0,103,0,27,127,0,154,131,0,131,285
06/20/2016,MMU,NJ,AEA,EN,Towers with Radar,0,37,50,0,87,0,3,100,0,103,0,40,150,0,190,140,0,140,330
06/21/2016,MMU,NJ,AEA,EN,Towers with Radar,0,29,55,0,84,0,3,57,0,60,0,32,112,0,144,121,0,121,265
06/22/2016,MMU,NJ,AEA,EN,Towers with Radar,0,38,55,0,93,0,1,74,0,75,0,39,129,0,168,60,0,60,228
06/23/2016,MMU,NJ,AEA,EN,Towers with Radar,0,35,53,0,88,0,2,62,0,64,0,37,115,0,152,122,0,122,274
06/24/2016,MMU,NJ,AEA,EN,Towers with Radar,0,42,55,1,98,0,7,111,0,118,0,49,166,1,216,70,0,70,286
06/25/2016,MMU,NJ,AEA,EN,Towers with Radar,0,20,28,0,48,0,4,97,0,101,0,24,125,0,149,115,0,115,264
06/26/2016,MMU,NJ,AEA,EN,Towers with Radar,0,36,41,1,78,0,0,100,0,100,0,36,141,1,178,140,0,140,318
06/27/2016,MMU,NJ,AEA,EN,Towers with Radar,0,30,59,0,89,0,1,79,0,80,0,31,138,0,169,76,0,76,245
06/28/2016,MMU,NJ,AEA,EN,Towers with Radar,0,18,49,2,69,0,0,0,0,0,0,18,49,2,69,0,0,0,69
06/29/2016,MMU,NJ,AEA,EN,Towers with Radar,0,30,68,0,98,0,0,73,0,73,0,30,141,0,171,62,0,62,233
06/30/2016,MMU,NJ,AEA,EN,Towers with Radar,0,29,61,0,90,0,2,116,0,118,0,31,177,0,208,71,0,71,279
07/01/2016,MMU,NJ,AEA,EN,Towers with Radar,0,54,73,0,127,0,1,37,0,38,0,55,110,0,165,21,0,21,186
07/02/2016,MMU,NJ,AEA,EN,Towers with Radar,0,15,20,0,35,0,0,84,0,84,0,15,104,0,119,102,0,102,221
07/03/2016,MMU,NJ,AEA,EN,Towers with Radar,0,4,18,0,22,0,0,91,0,91,0,4,109,0,113,140,0,140,253
07/04/2016,MMU,NJ,AEA,EN,Towers with Radar,0,29,35,0,64,0,4,55,0,59,0,33,90,0,123,61,0,61,184
07/05/2016,MMU,NJ,AEA,EN,Towers with Radar,0,31,47,0,78,0,4,61,0,65,0,35,108,0,143,26,0,26,169
07/06/2016,MMU,NJ,AEA,EN,Towers with Radar,0,21,48,0,69,0,0,89,0,89,0,21,137,0,158,66,0,66,224
07/07/2016,MMU,NJ,AEA,EN,Towers with Radar,0,20,65,0,85,0,5,42,0,47,0,25,107,0,132,56,0,56,188
07/08/2016,MMU,NJ,AEA,EN,Towers with Radar,0,31,46,0,77,0,0,41,0,41,0,31,87,0,118,22,0,22,140
07/09/2016,MMU,NJ,AEA,EN,Towers with Radar,0,22,36,0,58,0,0,6,0,6,0,22,42,0,64,16,0,16,80
07/10/2016,MMU,NJ,AEA,EN,Towers with Radar,0,30,53,0,83,0,0,80,0,80,0,30,133,0,163,142,0,142,305
07/11/2016,MMU,NJ,AEA,EN,Towers with Radar,0,31,59,0,90,0,3,128,0,131,0,34,187,0,221,146,0,146,367
07/12/2016,MMU,NJ,AEA,EN,Towers with Radar,0,34,58,0,92,0,1,75,0,76,0,35,133,0,168,94,0,94,262
07/13/2016,MMU,NJ,AEA,EN,Towers with Radar,0,29,60,0,89,0,2,45,0,47,0,31,105,0,136,104,0,104,240
07/14/2016,MMU,NJ,AEA,EN,Towers with Radar,0,37,76,0,113,0,0,33,0,33,0,37,109,0,146,31,0,31,177
07/15/2016,MMU,NJ,AEA,EN,Towers with Radar,0,41,57,0,98,0,5,134,0,139,0,46,191,0,237,36,0,36,273
07/16/2016,MMU,NJ,AEA,EN,Towers with Radar,1,9,36,0,46,0,0,76,0,76,1,9,112,0,122,91,0,91,213
07/17/2016,MMU,NJ,AEA,EN,Towers with Radar,0,44,37,0,81,0,0,106,1,107,0,44,143,1,188,100,0,100,288
07/18/2016,MMU,NJ,AEA,EN,Towers with Radar,0,30,52,0,82,0,4,64,0,68,0,34,116,0,150,48,0,48,198
07/19/2016,MMU,NJ,AEA,EN,Towers with Radar,0,26,58,0,84,0,0,89,0,89,0,26,147,0,173,70,0,70,243
07/20/2016,MMU,NJ,AEA,EN,Towers with Radar,0,29,69,0,98,0,3,92,0,95,0,32,161,0,193,80,0,80,273
07/21/2016,MMU,NJ,AEA,EN,Towers with Radar,1,27,82,0,110,0,2,86,0,88,1,29,168,0,198,118,0,118,316
07/22/2016,MMU,NJ,AEA,EN,Towers with Radar,0,52,63,0,115,0,3,62,2,67,0,55,125,2,182,78,0,78,260
07/23/2016,MMU,NJ,AEA,EN,Towers with Radar,0,17,32,0,49,0,3,82,0,85,0,20,114,0,134,103,0,103,237
07/24/2016,MMU,NJ,AEA,EN,Towers with Radar,0,32,47,0,79,0,4,80,0,84,0,36,127,0,163,111,0,111,274
07/25/2016,MMU,NJ,AEA,EN,Towers with Radar,0,44,61,0,105,0,1,49,0,50,0,45,110,0,155,2,0,2,157
07/26/2016,MMU,NJ,AEA,EN,Towers with Radar,0,31,66,0,97,0,1,88,2,91,0,32,154,2,188,42,0,42,230
07/27/2016,MMU,NJ,AEA,EN,Towers with Radar,0,31,75,0,106,0,0,88,0,88,0,31,163,0,194,65,0,65,259
07/28/2016,MMU,NJ,AEA,EN,Towers with Radar,0,44,70,0,114,0,7,64,0,71,0,51,134,0,185,81,0,81,266
07/29/2016,MMU,NJ,AEA,EN,Towers with Radar,2,47,73,0,122,0,4,41,1,46,2,51,114,1,168,17,0,17,185
07/30/2016,MMU,NJ,AEA,EN,Towers with Radar,0,15,27,0,42,0,0,45,0,45,0,15,72,0,87,73,0,73,160
07/31/2016,MMU,NJ,AEA,EN,Towers with Radar,0,63,78,0,141,0,0,6,0,6,0,63,84,0,147,4,0,4,151
08/01/2016,MMU,NJ,AEA,EN,Towers with Radar,1,38,71,0,110,0,0,12,0,12,1,38,83,0,122,18,0,18,140
08/02/2016,MMU,NJ,AEA,EN,Towers with Radar,0,28,51,0,79,0,2,55,0,57,0,30,106,0,136,89,0,89,225
08/03/2016,MMU,NJ,AEA,EN,Towers with Radar,0,36,45,0,81,0,1,99,0,100,0,37,144,0,181,110,0,110,291
08/04/2016,MMU,NJ,AEA,EN,Towers with Radar,0,28,49,0,77,0,6,93,0,99,0,34,142,0,176,87,0,87,263
08/05/2016,MMU,NJ,AEA,EN,Towers with Radar,0,21,56,0,77,0,1,112,0,113,0,22,168,0,190,115,0,115,305
08/06/2016,MMU,NJ,AEA,EN,Towers with Radar,0,21,33,0,54,0,0,39,0,39,0,21,72,0,93,62,0,62,155
08/07/2016,MMU,NJ,AEA,EN,Towers with Radar,0,29,35,1,65,0,0,111,1,112,0,29,146,2,177,109,0,109,286
08/08/2016,MMU,NJ,AEA,EN,Towers with Radar,0,45,40,0,85,0,0,68,0,68,0,45,108,0,153,58,0,58,211
08/09/2016,MMU,NJ,AEA,EN,Towers with Radar,0,20,56,1,77,0,0,82,0,82,0,20,138,1,159,76,0,76,235
08/10/2016,MMU,NJ,AEA,EN,Towers with Radar,0,31,60,0,91,0,1,30,0,31,0,32,90,0,122,20,0,20,142
08/11/2016,MMU,NJ,AEA,EN,Towers with Radar,0,42,54,0,96,0,3,48,0,51,0,45,102,0,147,35,0,35,182
08/12/2016,MMU,NJ,AEA,EN,Towers with Radar,0,40,37,0,77,0,0,59,0,59,0,40,96,0,136,21,0,21,157
08/13/2016,MMU,NJ,AEA,EN,Towers with Radar,0,21,30,0,51,0,0,70,0,70,0,21,100,0,121,83,0,83,204
08/14/2016,MMU,NJ,AEA,EN,Towers with Radar,0,48,41,0,89,0,2,68,0,70,0,50,109,0,159,126,0,126,285
08/15/2016,MMU,NJ,AEA,EN,Towers with Radar,0,41,44,0,85,0,2,68,0,70,0,43,112,0,155,96,0,96,251
08/16/2016,MMU,NJ,AEA,EN,Towers with Radar,0,38,55,0,93,0,1,57,0,58,0,39,112,0,151,28,0,28,179
08/17/2016,MMU,NJ,AEA,EN,Towers with Radar,0,35,36,0,71,0,0,71,0,71,0,35,107,0,142,83,0,83,225
08/18/2016,MMU,NJ,AEA,EN,Towers with Radar,0,27,63,0,90,0,1,77,0,78,0,28,140,0,168,44,0,44,212
08/19/2016,MMU,NJ,AEA,EN,Towers with Radar,0,32,49,0,81,0,3,72,0,75,0,35,121,0,156,75,0,75,231
08/20/2016,MMU,NJ,AEA,EN,Towers with Radar,0,13,26,0,39,0,3,87,0,90,0,16,113,0,129,99,0,99,228
08/21/2016,MMU,NJ,AEA,EN,Towers with Radar,0,37,46,0,83,0,0,31,0,31,0,37,77,0,114,162,0,162,276
08/22/2016,MMU,NJ,AEA,EN,Towers with Radar,0,59,55,0,114,0,2,66,0,68,0,61,121,0,182,26,0,26,208
08/23/2016,MMU,NJ,AEA,EN,Towers with Radar,0,33,56,0,89,0,2,109,0,111,0,35,165,0,200,79,0,79,279
08/24/2016,MMU,NJ,AEA,EN,Towers with Radar,0,34,52,0,86,0,2,85,0,87,0,36,137,0,173,71,0,71,244
08/25/2016,MMU,NJ,AEA,EN,Towers with Radar,0,45,60,0,105,0,3,65,0,68,0,48,125,0,173,48,0,48,221
08/26/2016,MMU,NJ,AEA,EN,Towers with Radar,0,40,32,0,72,0,1,80,0,81,0,41,112,0,153,75,0,75,228
08/27/2016,MMU,NJ,AEA,EN,Towers with Radar,0,15,33,0,48,0,0,112,0,112,0,15,145,0,160,82,0,82,242
08/28/2016,MMU,NJ,AEA,EN,Towers with Radar,0,35,45,0,80,0,1,105,0,106,0,36,150,0,186,115,0,115,301
08/29/2016,MMU,NJ,AEA,EN,Towers with Radar,0,30,51,0,81,0,0,79,0,79,0,30,130,0,160,74,0,74,234
08/30/2016,MMU,NJ,AEA,EN,Towers with Radar,0,20,67,0,87,0,0,86,0,86,0,20,153,0,173,91,0,91,264
08/31/2016,MMU,NJ,AEA,EN,Towers with Radar,0,27,70,0,97,0,1,71,0,72,0,28,141,0,169,75,0,75,244
09/01/2016,MMU,NJ,AEA,EN,Towers with Radar,0,44,65,0,109,0,1,42,0,43,0,45,107,0,152,47,0,47,199
09/02/2016,MMU,NJ,AEA,EN,Towers with Radar,0,48,36,0,84,0,2,121,0,123,0,50,157,0,207,108,0,108,315
09/03/2016,MMU,NJ,AEA,EN,Towers with Radar,0,15,31,0,46,0,1,54,0,55,0,16,85,0,101,132,0,132,233
09/04/2016,MMU,NJ,AEA,EN,Towers with Radar,0,21,19,0,40,0,3,61,0,64,0,24,80,0,104,61,0,61,165
09/05/2016,MMU,NJ,AEA,EN,Towers with Radar,0,22,27,0,49,0,2,41,0,43,0,24,68,0,92,43,0,43,135
09/06/2016,MMU,NJ,AEA,EN,Towers with Radar,0,38,47,0,85,0,2,46,0,48,0,40,93,0,133,29,0,29,162
09/07/2016,MMU,NJ,AEA,EN,Towers with Radar,0,30,50,0,80,0,2,99,0,101,0,32,149,0,181,145,0,145,326
09/08/2016,MMU,NJ,AEA,EN,Towers with Radar,0,27,61,0,88,0,2,114,0,116,0,29,175,0,204,98,0,98,302
09/09/2016,MMU,NJ,AEA,EN,Towers with Radar,0,35,70,0,105,0,3,103,0,106,0,38,173,0,211,78,0,78,289
09/10/2016,MMU,NJ,AEA,EN,Towers with Radar,0,18,35,0,53,0,2,52,0,54,0,20,87,0,107,97,0,97,204
09/11/2016,MMU,NJ,AEA,EN,Towers with Radar,0,28,45,0,73,0,3,49,0,52,0,31,94,0,125,42,0,42,167
09/12/2016,MMU,NJ,AEA,EN,Towers with Radar,0,20,64,0,84,0,1,83,0,84,0,21,147,0,168,100,0,100,268
09/13/2016,MMU,NJ,AEA,EN,Towers with Radar,0,22,79,0,101,0,0,62,0,62,0,22,141,0,163,57,0,57,220
09/14/2016,MMU,NJ,AEA,EN,Towers with Radar,0,20,66,0,86,0,0,78,0,78,0,20,144,0,164,104,0,104,268
09/15/2016,MMU,NJ,AEA,EN,Towers with Radar,0,30,64,0,94,0,9,84,0,93,0,39,148,0,187,45,0,45,232
09/16/2016,MMU,NJ,AEA,EN,Towers with Radar,0,40,48,0,88,0,9,90,0,99,0,49,138,0,187,92,0,92,279
09/17/2016,MMU,NJ,AEA,EN,Towers with Radar,0,10,38,0,48,0,1,111,0,112,0,11,149,0,160,138,0,138,298
09/18/2016,MMU,NJ,AEA,EN,Towers with Radar,0,34,79,0,113,0,0,12,0,12,0,34,91,0,125,28,0,28,153
09/19/2016,MMU,NJ,AEA,EN,Towers with Radar,0,24,53,0,77,0,0,0,0,0,0,24,53,0,77,0,0,0,77
09/20/2016,MMU,NJ,AEA,EN,Towers with Radar,0,20,69,0,89,0,0,21,0,21,0,20,90,0,110,0,0,0,110
09/21/2016,MMU,NJ,AEA,EN,Towers with Radar,0,41,63,0,104,0,0,61,0,61,0,41,124,0,165,79,0,79,244
09/22/2016,MMU,NJ,AEA,EN,Towers with Radar,0,32,63,0,95,0,7,115,0,122,0,39,178,0,217,96,0,96,313
09/23/2016,MMU,NJ,AEA,EN,Towers with Radar,0,39,61,0,100,0,2,105,0,107,0,41,166,0,207,42,0,42,249
09/24/2016,MMU,NJ,AEA,EN,Towers with Radar,0,21,24,0,45,0,5,78,0,83,0,26,102,0,128,46,0,46,174
09/25/2016,MMU,NJ,AEA,EN,Towers with Radar,0,33,42,0,75,0,4,104,0,108,0,37,146,0,183,116,0,116,299
09/26/2016,MMU,NJ,AEA,EN,Towers with Radar,0,37,60,0,97,0,1,66,0,67,0,38,126,0,164,108,0,108,272
09/27/2016,MMU,NJ,AEA,EN,Towers with Radar,0,26,61,0,87,0,0,56,0,56,0,26,117,0,143,92,0,92,235
09/28/2016,MMU,NJ,AEA,EN,Towers with Radar,0,23,58,0,81,0,0,37,0,37,0,23,95,0,118,65,0,65,183
09/29/2016,MMU,NJ,AEA,EN,Towers with Radar,0,30,52,0,82,0,0,23,0,23,0,30,75,0,105,60,0,60,165
09/30/2016,MMU,NJ,AEA,EN,Towers with Radar,0,51,96,0,147,0,0,4,0,4,0,51,100,0,151,7,0,7,158
10/01/2016,MMU,NJ,AEA,EN,Towers with Radar,0,17,27,0,44,0,0,1,0,1,0,17,28,0,45,0,0,0,45
10/02/2016,MMU,NJ,AEA,EN,Towers with Radar,0,38,58,0,96,0,0,3,0,3,0,38,61,0,99,0,0,0,99
10/03/2016,MMU,NJ,AEA,EN,Towers with Radar,0,38,49,0,87,0,0,46,0,46,0,38,95,0,133,96,0,96,229
10/04/2016,MMU,NJ,AEA,EN,Towers with Radar,0,37,80,0,117,0,1,58,0,59,0,38,138,0,176,77,0,77,253
10/05/2016,MMU,NJ,AEA,EN,Towers with Radar,0,28,63,0,91,0,1,101,0,102,0,29,164,0,193,49,0,49,242
10/06/2016,MMU,NJ,AEA,EN,Towers with Radar,0,38,80,0,118,0,3,104,0,107,0,41,184,0,225,119,0,119,344
10/07/2016,MMU,NJ,AEA,EN,Towers with Radar,0,44,73,1,118,0,7,81,0,88,0,51,154,1,206,84,0,84,290
10/08/2016,MMU,NJ,AEA,EN,Towers with Radar,0,23,25,0,48,0,2,25,0,27,0,25,50,0,75,22,0,22,97
10/09/2016,MMU,NJ,AEA,EN,Towers with Radar,0,27,46,0,73,0,0,13,0,13,0,27,59,0,86,7,0,7,93
10/10/2016,MMU,NJ,AEA,EN,Towers with Radar,0,31,43,0,74,0,0,59,0,59,0,31,102,0,133,109,0,109,242
10/11/2016,MMU,NJ,AEA,EN,Towers with Radar,0,38,59,0,97,0,2,89,0,91,0,40,148,0,188,62,0,62,250
10/12/2016,MMU,NJ,AEA,EN,Towers with Radar,0,28,60,0,88,0,4,76,0,80,0,32,136,0,168,153,0,153,321
10/13/2016,MMU,NJ,AEA,EN,Towers with Radar,0,34,69,0,103,0,0,26,0,26,0,34,95,0,129,13,0,13,142
10/14/2016,MMU,NJ,AEA,EN,Towers with Radar,0,44,42,0,86,0,0,93,0,93,0,44,135,0,179,105,0,105,284
10/15/2016,MMU,NJ,AEA,EN,Towers with Radar,0,3,10,0,13,0,0,44,0,44,0,3,54,0,57,6,0,6,63
10/16/2016,MMU,NJ,AEA,EN,Towers with Radar,0,24,47,0,71,0,9,76,0,85,0,33,123,0,156,68,0,68,224
10/17/2016,MMU,NJ,AEA,EN,Towers with Radar,0,27,45,0,72,0,0,71,0,71,0,27,116,0,143,118,0,118,261
10/18/2016,MMU,NJ,AEA,EN,Towers with Radar,0,26,38,0,64,0,1,78,0,79,0,27,116,0,143,93,0,93,236
10/19/2016,MMU,NJ,AEA,EN,Towers with Radar,0,45,52,0,97,0,2,103,0,105,0,47,155,0,202,134,0,134,336
10/20/2016,MMU,NJ,AEA,EN,Towers with Radar,0,44,63,0,107,0,1,22,0,23,0,45,85,0,130,13,0,13,143
10/21/2016,MMU,NJ,AEA,EN,Towers with Radar,0,27,53,0,80,0,0,6,0,6,0,27,59,0,86,4,0,4,90
10/22/2016,MMU,NJ,AEA,EN,Towers with Radar,0,17,17,0,34,0,4,10,0,14,0,21,27,0,48,9,0,9,57
10/23/2016,MMU,NJ,AEA,EN,Towers with Radar,0,24,36,0,60,0,2,34,0,36,0,26,70,0,96,8,0,8,104
10/24/2016,MMU,NJ,AEA,EN,Towers with Radar,0,39,47,0,86,0,0,65,0,65,0,39,112,0,151,65,0,65,216
10/25/2016,MMU,NJ,AEA,EN,Towers with Radar,0,31,55,0,86,0,2,80,0,82,0,33,135,0,168,105,0,105,273
10/26/2016,MMU,NJ,AEA,EN,Towers with Radar,0,34,66,0,100,0,0,81,0,81,0,34,147,0,181,98,0,98,279
10/27/2016,MMU,NJ,AEA,EN,Towers with Radar,0,29,85,0,114,0,0,2,0,2,0,29,87,0,116,20,0,20,136
10/28/2016,MMU,NJ,AEA,EN,Towers with Radar,0,29,66,0,95,0,1,61,0,62,0,30,127,0,157,52,0,52,209
10/29/2016,MMU,NJ,AEA,EN,Towers with Radar,0,9,36,0,45,0,2,99,0,101,0,11,135,0,146,121,0,121,267
10/30/2016,MMU,NJ,AEA,EN,Towers with Radar,0,28,39,0,67,0,0,89,0,89,0,28,128,0,156,125,0,125,281
10/31/2016,MMU,NJ,AEA,EN,Towers with Radar,0,29,48,0,77,0,7,66,0,73,0,36,114,0,150,43,0,43,193
11/01/2016,MMU,NJ,AEA,EN,Towers with Radar,0,28,53,0,81,0,0,74,0,74,0,28,127,0,155,87,0,87,242
11/02/2016,MMU,NJ,AEA,EN,Towers with Radar,0,29,55,0,84,0,6,87,0,93,0,35,142,0,177,103,0,103,280
11/03/2016,MMU,NJ,AEA,EN,Towers with Radar,0,39,70,0,109,0,1,38,3,42,0,40,108,3,151,68,17,85,236
11/04/2016,MMU,NJ,AEA,EN,Towers with Radar,0,35,40,0,75,0,4,67,0,71,0,39,107,0,146,66,0,66,212
11/05/2016,MMU,NJ,AEA,EN,Towers with Radar,0,23,18,0,41,0,0,95,0,95,0,23,113,0,136,68,0,68,204
11/06/2016,MMU,NJ,AEA,EN,Towers with Radar,0,29,46,0,75,0,2,59,0,61,0,31,105,0,136,72,0,72,208
11/07/2016,MMU,NJ,AEA,EN,Towers with Radar,0,26,51,0,77,0,0,93,0,93,0,26,144,0,170,109,0,109,279
11/08/2016,MMU,NJ,AEA,EN,Towers with Radar,0,29,46,0,75,0,0,70,0,70,0,29,116,0,145,149,0,149,294
11/09/2016,MMU,NJ,AEA,EN,Towers with Radar,0,38,64,0,102,0,0,8,0,8,0,38,72,0,110,10,0,10,120
11/10/2016,MMU,NJ,AEA,EN,Towers with Radar,0,29,79,0,108,0,5,80,0,85,0,34,159,0,193,93,0,93,286
11/11/2016,MMU,NJ,AEA,EN,Towers with Radar,0,31,45,0,76,0,2,31,0,33,0,33,76,0,109,36,0,36,145
11/12/2016,MMU,NJ,AEA,EN,Towers with Radar,0,17,30,0,47,0,2,94,0,96,0,19,124,0,143,65,0,65,208
11/13/2016,MMU,NJ,AEA,EN,Towers with Radar,0,41,47,0,88,0,5,94,0,99,0,46,141,0,187,73,0,73,260
11/14/2016,MMU,NJ,AEA,EN,Towers with Radar,0,26,42,0,68,0,0,81,0,81,0,26,123,0,149,71,0,71,220
11/15/2016,MMU,NJ,AEA,EN,Towers with Radar,0,27,63,0,90,0,0,21,0,21,0,27,84,0,111,8,0,8,119
11/16/2016,MMU,NJ,AEA,EN,Towers with Radar,0,22,66,0,88,0,0,96,0,96,0,22,162,0,184,61,0,61,245
11/17/2016,MMU,NJ,AEA,EN,Towers with Radar,0,39,69,0,108,0,6,85,0,91,0,45,154,0,199,46,0,46,245
11/18/2016,MMU,NJ,AEA,EN,Towers with Radar,0,46,54,0,100,0,3,122,0,125,0,49,176,0,225,138,0,138,363
11/19/2016,MMU,NJ,AEA,EN,Towers with Radar,0,22,49,0,71,0,2,74,0,76,0,24,123,0,147,85,0,85,232
11/20/2016,MMU,NJ,AEA,EN,Towers with Radar,0,27,31,0,58,0,0,12,0,12,0,27,43,0,70,5,0,5,75
11/21/2016,MMU,NJ,AEA,EN,Towers with Radar,0,14,31,0,45,0,1,15,0,16,0,15,46,0,61,0,0,0,61
11/22/2016,MMU,NJ,AEA,EN,Towers with Radar,0,39,78,0,117,0,2,45,3,50,0,41,123,3,167,23,0,23,190
11/23/2016,MMU,NJ,AEA,EN,Towers with Radar,0,37,65,0,102,0,1,70,0,71,0,38,135,0,173,108,0,108,281
11/24/2016,MMU,NJ,AEA,EN,Towers with Radar,0,13,15,0,28,0,1,14,0,15,0,14,29,0,43,0,0,0,43
11/25/2016,MMU,NJ,AEA,EN,Towers with Radar,0,22,31,0,53,0,3,44,0,47,0,25,75,0,100,56,0,56,156
11/26/2016,MMU,NJ,AEA,EN,Towers with Radar,0,36,53,0,89,0,2,71,0,73,0,38,124,0,162,112,0,112,274
11/27/2016,MMU,NJ,AEA,EN,Towers with Radar,0,55,73,0,128,0,3,88,0,91,0,58,161,0,219,49,0,49,268
11/28/2016,MMU,NJ,AEA,EN,Towers with Radar,0,25,62,0,87,0,6,89,0,95,0,31,151,0,182,65,0,65,247
11/29/2016,MMU,NJ,AEA,EN,Towers with Radar,0,35,51,0,86,0,0,3,0,3,0,35,54,0,89,6,0,6,95
11/30/2016,MMU,NJ,AEA,EN,Towers with Radar,0,31,64,0,95,0,0,0,0,0,0,31,64,0,95,0,0,0,95
12/01/2016,MMU,NJ,AEA,EN,Towers with Radar,0,35,75,0,110,0,2,63,0,65,0,37,138,0,175,28,0,28,203
12/02/2016,MMU,NJ,AEA,EN,Towers with Radar,0,31,52,0,83,0,2,50,0,52,0,33,102,0,135,71,0,71,206
12/03/2016,MMU,NJ,AEA,EN,Towers with Radar,0,19,22,0,41,0,3,30,0,33,0,22,52,0,74,21,0,21,95
12/04/2016,MMU,NJ,AEA,EN,Towers with Radar,0,40,41,0,81,0,4,84,0,88,0,44,125,0,169,156,0,156,325
12/05/2016,MMU,NJ,AEA,EN,Towers with Radar,0,30,76,1,107,0,3,28,1,32,0,33,104,2,139,20,0,20,159
12/06/2016,MMU,NJ,AEA,EN,Towers with Radar,0,34,69,0,103,0,0,43,0,43,0,34,112,0,146,103,0,103,249
12/07/2016,MMU,NJ,AEA,EN,Towers with Radar,0,40,113,0,153,0,0,32,0,32,0,40,145,0,185,16,0,16,201
12/08/2016,MMU,NJ,AEA,EN,Towers with Radar,0,39,77,0,116,0,1,92,0,93,0,40,169,0,209,53,0,53,262
12/09/2016,MMU,NJ,AEA,EN,Towers with Radar,0,24,70,0,94,0,3,56,0,59,0,27,126,0,153,25,0,25,178
12/10/2016,MMU,NJ,AEA,EN,Towers with Radar,0,11,26,0,37,0,2,89,0,91,0,13,115,0,128,145,0,145,273
12/11/2016,MMU,NJ,AEA,EN,Towers with Radar,0,21,49,0,70,0,0,48,0,48,0,21,97,0,118,93,0,93,211
12/12/2016,MMU,NJ,AEA,EN,Towers with Radar,0,26,47,0,73,0,0,14,0,14,0,26,61,0,87,8,0,8,95
12/13/2016,MMU,NJ,AEA,EN,Towers with Radar,0,26,73,0,99,0,1,62,0,63,0,27,135,0,162,83,0,83,245
12/14/2016,MMU,NJ,AEA,EN,Towers with Radar,0,26,71,0,97,0,1,63,0,64,0,27,134,0,161,10,0,10,171
12/15/2016,MMU,NJ,AEA,EN,Towers with Radar,0,22,64,0,86,0,0,17,0,17,0,22,81,0,103,4,0,4,107
12/16/2016,MMU,NJ,AEA,EN,Towers with Radar,0,21,61,0,82,0,0,67,0,67,0,21,128,0,149,103,0,103,252
12/17/2016,MMU,NJ,AEA,EN,Towers with Radar,0,8,18,0,26,0,0,0,0,0,0,8,18,0,26,0,0,0,26
12/18/2016,MMU,NJ,AEA,EN,Towers with Radar,0,18,19,0,37,0,2,2,0,4,0,20,21,0,41,0,0,0,41
12/19/2016,MMU,NJ,AEA,EN,Towers with Radar,0,22,67,0,89,0,0,57,0,57,0,22,124,0,146,84,0,84,230
12/20/2016,MMU,NJ,AEA,EN,Towers with Radar,0,23,54,0,77,0,1,66,0,67,0,24,120,0,144,110,0,110,254
12/21/2016,MMU,NJ,AEA,EN,Towers with Radar,0,19,37,0,56,0,0,75,0,75,0,19,112,0,131,27,0,27,158
12/22/2016,MMU,NJ,AEA,EN,Towers with Radar,0,32,29,0,61,0,1,44,0,45,0,33,73,0,106,48,0,48,154
12/23/2016,MMU,NJ,AEA,EN,Towers with Radar,0,17,29,0,46,0,8,65,0,73,0,25,94,0,119,65,0,65,184
12/24/2016,MMU,NJ,AEA,EN,Towers with Radar,0,14,5,0,19,0,0,6,0,6,0,14,11,0,25,13,0,13,38
12/25/2016,MMU,NJ,AEA,EN,Towers with Radar,0,22,14,0,36,0,1,22,0,23,0,23,36,0,59,9,0,9,68
12/26/2016,MMU,NJ,AEA,EN,Towers with Radar,0,48,71,0,119,0,0,8,0,8,0,48,79,0,127,16,0,16,143
12/27/2016,MMU,NJ,AEA,EN,Towers with Radar,0,30,57,0,87,0,0,13,0,13,0,30,70,0,100,31,0,31,131
12/28/2016,MMU,NJ,AEA,EN,Towers with Radar,0,20,25,0,45,0,1,72,0,73,0,21,97,0,118,112,0,112,230
12/29/2016,MMU,NJ,AEA,EN,Towers with Radar,0,29,19,0,48,0,0,2,0,2,0,29,21,0,50,0,0,0,50
12/30/2016,MMU,NJ,AEA,EN,Towers with Radar,0,18,15,0,33,0,0,35,0,35,0,18,50,0,68,66,0,66,134
12/31/2016,MMU,NJ,AEA,EN,Towers with Radar,0,15,19,0,34,0,2,63,0,65,0,17,82,0,99,39,0,39,138
01/01/2017,MMU,NJ,AEA,EN,Towers with Radar,0,27,37,0,64,0,1,65,1,67,0,28,102,1,131,70,0,70,201
01/02/2017,MMU,NJ,AEA,EN,Towers with Radar,0,35,59,0,94,0,0,6,0,6,0,35,65,0,100,0,0,0,100
01/03/2017,MMU,NJ,AEA,EN,Towers with Radar,0,22,36,0,58,0,0,0,0,0,0,22,36,0,58,0,0,0,58
01/04/2017,MMU,NJ,AEA,EN,Towers with Radar,0,26,51,0,77,0,0,40,0,40,0,26,91,0,117,58,0,58,175
01/05/2017,MMU,NJ,AEA,EN,Towers with Radar,0,16,56,0,72,0,2,65,0,67,0,18,121,0,139,44,0,44,183
01/06/2017,MMU,NJ,AEA,EN,Towers with Radar,0,24,45,0,69,0,4,39,0,43,0,28,84,0,112,67,2,69,181
01/07/2017,MMU,NJ,AEA,EN,Towers with Radar,0,5,10,0,15,0,0,6,0,6,0,5,16,0,21,29,0,29,50
01/08/2017,MMU,NJ,AEA,EN,Towers with Radar,0,30,35,0,65,0,1,40,0,41,0,31,75,0,106,17,0,17,123
01/09/2017,MMU,NJ,AEA,EN,Towers with Radar,0,21,39,0,60,0,2,37,0,39,0,23,76,0,99,40,7,47,146
01/10/2017,MMU,NJ,AEA,EN,Towers with Radar,0,13,46,0,59,0,1,42,0,43,0,14,88,0,102,37,0,37,139
01/11/2017,MMU,NJ,AEA,EN,Towers with Radar,0,19,49,0,68,0,0,37,0,37,0,19,86,0,105,73,0,73,178
01/12/2017,MMU,NJ,AEA,EN,Towers with Radar,0,25,68,0,93,0,0,40,0,40,0,25,108,0,133,43,0,43,176
01/13/2017,MMU,NJ,AEA,EN,Towers with Radar,0,30,42,0,72,0,0,67,0,67,0,30,109,0,139,55,0,55,194
01/14/2017,MMU,NJ,AEA,EN,Towers with Radar,0,13,31,0,44,0,2,49,0,51,0,15,80,0,95,27,0,27,122
01/15/2017,MMU,NJ,AEA,EN,Towers with Radar,0,13,16,0,29,0,2,65,0,67,0,15,81,0,96,120,0,120,216
01/16/2017,MMU,NJ,AEA,EN,Towers with Radar,0,45,65,0,110,0,0,85,0,85,0,45,150,0,195,97,0,97,292
01/17/2017,MMU,NJ,AEA,EN,Towers with Radar,0,29,53,0,82,0,2,2,0,4,0,31,55,0,86,0,0,0,86
01/18/2017,MMU,NJ,AEA,EN,Towers with Radar,0,36,40,0,76,0,0,5,0,5,0,36,45,0,81,10,0,10,91
01/19/2017,MMU,NJ,AEA,EN,Towers with Radar,0,19,62,2,83,0,0,44,0,44,0,19,106,2,127,69,0,69,196
01/20/2017,MMU,NJ,AEA,EN,Towers with Radar,0,30,47,0,77,0,0,8,0,8,0,30,55,0,85,43,0,43,128
01/21/2017,MMU,NJ,AEA,EN,Towers with Radar,0,22,45,0,67,0,0,0,0,0,0,22,45,0,67,5,0,5,72
01/22/2017,MMU,NJ,AEA,EN,Towers with Radar,1,30,37,0,68,0,0,0,0,0,1,30,37,0,68,0,0,0,68
01/23/2017,MMU,NJ,AEA,EN,Towers with Radar,0,13,36,0,49,0,0,0,0,0,0,13,36,0,49,0,0,0,49
01/24/2017,MMU,NJ,AEA,EN,Towers with Radar,0,26,47,0,73,0,0,0,0,0,0,26,47,0,73,10,0,10,83
01/25/2017,MMU,NJ,AEA,EN,Towers with Radar,0,25,88,2,115,0,1,69,0,70,0,26,157,2,185,61,0,61,246
01/26/2017,MMU,NJ,AEA,EN,Towers with Radar,0,29,63,3,95,0,1,37,0,38,0,30,100,3,133,13,0,13,146
01/27/2017,MMU,NJ,AEA,EN,Towers with Radar,0,31,41,0,72,0,3,49,0,52,0,34,90,0,124,19,0,19,143
01/28/2017,MMU,NJ,AEA,EN,Towers with Radar,0,17,26,0,43,0,1,61,0,62,0,18,87,0,105,56,0,56,161
01/29/2017,MMU,NJ,AEA,EN,Towers with Radar,0,33,54,0,87,0,3,95,0,98,0,36,149,0,185,80,0,80,265
01/30/2017,MMU,NJ,AEA,EN,Towers with Radar,0,19,65,0,84,0,2,45,0,47,0,21,110,0,131,130,0,130,261
01/31/2017,MMU,NJ,AEA,EN,Towers with Radar,0,17,61,0,78,0,1,3,0,4,0,18,64,0,82,4,0,4,86
02/01/2017,MMU,NJ,AEA,EN,Towers with Radar,0,24,45,0,69,0,0,48,0,48,0,24,93,0,117,64,0,64,181
02/02/2017,MMU,NJ,AEA,EN,Towers with Radar,0,20,62,0,82,0,0,77,0,77,0,20,139,0,159,76,0,76,235
02/03/2017,MMU,NJ,AEA,EN,Towers with Radar,0,28,47,0,75,0,0,55,0,55,0,28,102,0,130,50,0,50,180
02/04/2017,MMU,NJ,AEA,EN,Towers with Radar,0,17,10,1,28,0,1,88,0,89,0,18,98,1,117,139,0,139,256
02/05/2017,MMU,NJ,AEA,EN,Towers with Radar,0,18,31,0,49,0,1,47,0,48,0,19,78,0,97,148,0,148,245
02/06/2017,MMU,NJ,AEA,EN,Towers with Radar,0,26,57,0,83,0,2,63,0,65,0,28,120,0,148,67,0,67,215
02/07/2017,MMU,NJ,AEA,EN,Towers with Radar,0,22,46,0,68,0,0,0,0,0,0,22,46,0,68,0,0,0,68
02/08/2017,MMU,NJ,AEA,EN,Towers with Radar,0,31,66,0,97,0,2,56,0,58,0,33,122,0,155,92,0,92,247
02/09/2017,MMU,NJ,AEA,EN,Towers with Radar,0,10,16,0,26,0,0,3,0,3,0,10,19,0,29,0,0,0,29
02/10/2017,MMU,NJ,AEA,EN,Towers with Radar,0,30,61,0,91,0,3,36,2,41,0,33,97,2,132,11,0,11,143
02/11/2017,MMU,NJ,AEA,EN,Towers with Radar,0,11,29,0,40,0,2,80,0,82,0,13,109,0,122,152,0,152,274
02/12/2017,MMU,NJ,AEA,EN,Towers with Radar,0,19,40,0,59,0,0,0,0,0,0,19,40,0,59,0,0,0,59
02/13/2017,MMU,NJ,AEA,EN,Towers with Radar,0,22,42,0,64,0,0,0,0,0,0,22,42,0,64,0,0,0,64
02/14/2017,MMU,NJ,AEA,EN,Towers with Radar,0,37,51,0,88,0,0,42,0,42,0,37,93,0,130,66,0,66,196
02/15/2017,MMU,NJ,AEA,EN,Towers with Radar,0,32,60,0,92,0,0,40,0,40,0,32,100,0,132,120,0,120,252
02/16/2017,MMU,NJ,AEA,EN,Towers with Radar,0,47,80,0,127,0,0,29,0,29,0,47,109,0,156,31,0,31,187
02/17/2017,MMU,NJ,AEA,EN,Towers with Radar,0,46,68,0,114,0,0,60,0,60,0,46,128,0,174,63,0,63,237
02/18/2017,MMU,NJ,AEA,EN,Towers with Radar,0,19,32,1,52,0,0,89,1,90,0,19,121,2,142,88,0,88,230
02/19/2017,MMU,NJ,AEA,EN,Towers with Radar,0,21,30,0,51,0,1,84,0,85,0,22,114,0,136,127,0,127,263
02/20/2017,MMU,NJ,AEA,EN,Towers with Radar,0,54,64,0,118,0,4,93,0,97,0,58,157,0,215,124,0,124,339
02/21/2017,MMU,NJ,AEA,EN,Towers with Radar,0,32,54,0,86,0,2,69,0,71,0,34,123,0,157,108,0,108,265
02/22/2017,MMU,NJ,AEA,EN,Towers with Radar,0,23,52,0,75,0,0,52,0,52,0,23,104,0,127,133,0,133,260
02/23/2017,MMU,NJ,AEA,EN,Towers with Radar,0,34,62,0,96,0,3,57,0,60,0,37,119,0,156,78,0,78,234
02/24/2017,MMU,NJ,AEA,EN,Towers with Radar,0,28,72,0,100,0,1,57,0,58,0,29,129,0,158,52,0,52,210
02/25/2017,MMU,NJ,AEA,EN,Towers with Radar,0,22,21,0,43,0,0,8,0,8,0,22,29,0,51,56,0,56,107
02/26/2017,MMU,NJ,AEA,EN,Towers with Radar,0,29,34,0,63,0,2,52,0,54,0,31,86,0,117,68,0,68,185
02/27/2017,MMU,NJ,AEA,EN,Towers with Radar,0,28,62,0,90,0,0,62,0,62,0,28,124,0,152,60,0,60,212
02/28/2017,MMU,NJ,AEA,EN,Towers with Radar,0,55,74,0,129,0,2,81,0,83,0,57,155,0,212,19,0,19,231
03/01/2017,MMU,NJ,AEA,EN,Towers with Radar,0,39,52,0,91,0,0,3,0,3,0,39,55,0,94,2,0,2,96
03/02/2017,MMU,NJ,AEA,EN,Towers with Radar,0,52,53,0,105,0,2,23,0,25,0,54,76,0,130,0,0,0,130
03/03/2017,MMU,NJ,AEA,EN,Towers with Radar,0,35,53,0,88,0,4,35,0,39,0,39,88,0,127,36,0,36,163
03/04/2017,MMU,NJ,AEA,EN,Towers with Radar,0,24,22,0,46,0,0,37,0,37,0,24,59,0,83,20,0,20,103
03/05/2017,MMU,NJ,AEA,EN,Towers with Radar,0,28,35,0,63,0,1,86,0,87,0,29,121,0,150,39,0,39,189
03/06/2017,MMU,NJ,AEA,EN,Towers with Radar,0,25,67,0,92,0,0,73,0,73,0,25,140,0,165,106,0,106,271
03/07/2017,MMU,NJ,AEA,EN,Towers with Radar,0,22,68,0,90,0,2,14,0,16,0,24,82,0,106,27,0,27,133
03/08/2017,MMU,NJ,AEA,EN,Towers with Radar,0,24,50,0,74,0,3,52,0,55,0,27,102,0,129,32,0,32,161
03/09/2017,MMU,NJ,AEA,EN,Towers with Radar,0,33,72,0,105,0,1,40,0,41,0,34,112,0,146,38,0,38,184
03/10/2017,MMU,NJ,AEA,EN,Towers with Radar,0,31,47,0,78,0,1,17,0,18,0,32,64,0,96,8,0,8,104
03/11/2017,MMU,NJ,AEA,EN,Towers with Radar,0,26,17,0,43,0,0,48,0,48,0,26,65,0,91,71,0,71,162
03/12/2017,MMU,NJ,AEA,EN,Towers with Radar,0,17,36,0,53,0,3,48,0,51,0,20,84,0,104,51,0,51,155
03/13/2017,MMU,NJ,AEA,EN,Towers with Radar,0,44,59,0,103,0,3,67,0,70,0,47,126,0,173,101,0,101,274
03/14/2017,MMU,NJ,AEA,EN,Towers with Radar,0,1,0,0,1,0,0,0,0,0,0,1,0,0,1,0,0,0,1
03/15/2017,MMU,NJ,AEA,EN,Towers with Radar,0,15,34,0,49,0,2,11,0,13,0,17,45,0,62,0,0,0,62
03/16/2017,MMU,NJ,AEA,EN,Towers with Radar,0,24,55,0,79,0,0,22,0,22,0,24,77,0,101,14,0,14,115
03/17/2017,MMU,NJ,AEA,EN,Towers with Radar,0,41,54,0,95,0,0,56,0,56,0,41,110,0,151,70,0,70,221
03/18/2017,MMU,NJ,AEA,EN,Towers with Radar,0,27,32,0,59,0,0,15,0,15,0,27,47,0,74,21,0,21,95
03/19/2017,MMU,NJ,AEA,EN,Towers with Radar,0,32,36,0,68,0,1,66,0,67,0,33,102,0,135,101,0,101,236
03/20/2017,MMU,NJ,AEA,EN,Towers with Radar,0,37,48,2,87,0,0,58,1,59,0,37,106,3,146,118,0,118,264
03/21/2017,MMU,NJ,AEA,EN,Towers with Radar,0,29,59,2,90,0,3,77,0,80,0,32,136,2,170,55,0,55,225
03/22/2017,MMU,NJ,AEA,EN,Towers with Radar,0,30,49,0,79,0,0,11,0,11,0,30,60,0,90,0,0,0,90
03/23/2017,MMU,NJ,AEA,EN,Towers with Radar,0,21,64,0,85,0,1,115,0,116,0,22,179,0,201,147,0,147,348
03/24/2017,MMU,NJ,AEA,EN,Towers with Radar,0,29,51,0,80,0,4,55,2,61,0,33,106,2,141,85,0,85,226
03/25/2017,MMU,NJ,AEA,EN,Towers with Radar,0,26,36,0,62,0,0,62,0,62,0,26,98,0,124,117,0,117,241
03/26/2017,MMU,NJ,AEA,EN,Towers with Radar,0,46,65,0,111,0,2,5,0,7,0,48,70,0,118,23,0,23,141
03/27/2017,MMU,NJ,AEA,EN,Towers with Radar,0,46,79,2,127,0,0,10,0,10,0,46,89,2,137,30,0,30,167
03/28/2017,MMU,NJ,AEA,EN,Towers with Radar,0,39,81,0,120,0,0,0,0,0,0,39,81,0,120,0,0,0,120
03/29/2017,MMU,NJ,AEA,EN,Towers with Radar,0,32,70,0,102,0,2,113,0,115,0,34,183,0,217,83,0,83,300
03/30/2017,MMU,NJ,AEA,EN,Towers with Radar,0,34,38,0,72,0,1,103,0,104,0,35,141,0,176,123,0,123,299
03/31/2017,MMU,NJ,AEA,EN,Towers with Radar,0,34,56,0,90,0,0,0,0,0,0,34,56,0,90,0,0,0,90
04/01/2017,MMU,NJ,AEA,EN,Towers with Radar,0,13,22,0,35,0,0,11,2,13,0,13,33,2,48,30,0,30,78
04/02/2017,MMU,NJ,AEA,EN,Towers with Radar,0,32,40,0,72,0,8,115,0,123,0,40,155,0,195,135,0,135,330
04/03/2017,MMU,NJ,AEA,EN,Towers with Radar,0,34,56,0,90,0,0,85,0,85,0,34,141,0,175,102,0,102,277
04/04/2017,MMU,NJ,AEA,EN,Towers with Radar,1,36,76,0,113,0,0,0,0,0,1,36,76,0,113,0,0,0,113
04/05/2017,MMU,NJ,AEA,EN,Towers with Radar,0,31,72,0,103,0,1,97,0,98,0,32,169,0,201,203,0,203,404
04/06/2017,MMU,NJ,AEA,EN,Towers with Radar,0,41,75,1,117,0,0,4,0,4,0,41,79,1,121,0,0,0,121
04/07/2017,MMU,NJ,AEA,EN,Towers with Radar,0,43,67,1,111,0,4,22,0,26,0,47,89,1,137,46,0,46,183
04/08/2017,MMU,NJ,AEA,EN,Towers with Radar,0,23,22,0,45,0,1,33,2,36,0,24,55,2,81,35,0,35,116
04/09/2017,MMU,NJ,AEA,EN,Towers with Radar,0,22,30,0,52,0,1,114,0,115,0,23,144,0,167,197,0,197,364
04/10/2017,MMU,NJ,AEA,EN,Towers with Radar,0,27,60,2,89,0,3,58,0,61,0,30,118,2,150,54,0,54,204
04/11/2017,MMU,NJ,AEA,EN,Towers with Radar,0,27,62,0,89,0,1,87,0,88,0,28,149,0,177,125,0,125,302
04/12/2017,MMU,NJ,AEA,EN,Towers with Radar,0,32,54,0,86,0,2,55,0,57,0,34,109,0,143,84,0,84,227
04/13/2017,MMU,NJ,AEA,EN,Towers with Radar,0,43,60,0,103,0,4,84,1,89,0,47,144,1,192,53,0,53,245
04/14/2017,MMU,NJ,AEA,EN,Towers with Radar,0,25,42,0,67,0,1,89,0,90,0,26,131,0,157,125,0,125,282
04/15/2017,MMU,NJ,AEA,EN,Towers with Radar,0,24,32,0,56,0,3,67,0,70,0,27,99,0,126,81,0,81,207
04/16/2017,MMU,NJ,AEA,EN,Towers with Radar,0,45,40,0,85,0,0,22,0,22,0,45,62,0,107,29,0,29,136
04/17/2017,MMU,NJ,AEA,EN,Towers with Radar,0,44,70,0,114,0,2,58,0,60,0,46,128,0,174,50,0,50,224
04/18/2017,MMU,NJ,AEA,EN,Towers with Radar,0,37,64,0,101,0,0,76,0,76,0,37,140,0,177,152,0,152,329
04/19/2017,MMU,NJ,AEA,EN,Towers with Radar,0,34,72,0,106,0,0,43,0,43,0,34,115,0,149,86,0,86,235
04/20/2017,MMU,NJ,AEA,EN,Towers with Radar,0,25,77,0,102,0,0,31,0,31,0,25,108,0,133,87,0,87,220
04/21/2017,MMU,NJ,AEA,EN,Towers with Radar,0,33,90,0,123,0,0,2,0,2,0,33,92,0,125,0,0,0,125
04/22/2017,MMU,NJ,AEA,EN,Towers with Radar,0,20,36,0,56,0,3,24,0,27,0,23,60,0,83,185,0,185,268
04/23/2017,MMU,NJ,AEA,EN,Towers with Radar,0,35,48,0,83,0,2,120,0,122,0,37,168,0,205,188,0,188,393
04/24/2017,MMU,NJ,AEA,EN,Towers with Radar,0,30,74,0,104,0,2,75,0,77,0,32,149,0,181,76,0,76,257
04/25/2017,MMU,NJ,AEA,EN,Towers with Radar,0,25,67,0,92,0,0,0,0,0,0,25,67,0,92,0,0,0,92
04/26/2017,MMU,NJ,AEA,EN,Towers with Radar,0,23,57,0,80,0,0,12,0,12,0,23,69,0,92,27,0,27,119
04/27/2017,MMU,NJ,AEA,EN,Towers with Radar,0,29,77,0,106,0,1,35,0,36,0,30,112,0,142,154,0,154,296
04/28/2017,MMU,NJ,AEA,EN,Towers with Radar,0,35,66,0,101,0,0,70,4,74,0,35,136,4,175,105,0,105,280
04/29/2017,MMU,NJ,AEA,EN,Towers with Radar,0,14,26,0,40,0,4,50,0,54,0,18,76,0,94,39,0,39,133
04/30/2017,MMU,NJ,AEA,EN,Towers with Radar,0,38,48,0,86,0,5,88,0,93,0,43,136,0,179,138,0,138,317
05/01/2017,MMU,NJ,AEA,EN,Towers with Radar,0,58,58,0,116,0,0,10,0,10,0,58,68,0,126,15,0,15,141
05/02/2017,MMU,NJ,AEA,EN,Towers with Radar,0,32,58,2,92,0,0,53,0,53,0,32,111,2,145,32,0,32,177
05/03/2017,MMU,NJ,AEA,EN,Towers with Radar,0,34,55,1,90,0,0,78,0,78,0,34,133,1,168,66,0,66,234
05/04/2017,MMU,NJ,AEA,EN,Towers with Radar,0,20,76,0,96,0,5,63,0,68,0,25,139,0,164,118,0,118,282
05/05/2017,MMU,NJ,AEA,EN,Towers with Radar,0,62,63,0,125,0,0,0,0,0,0,62,63,0,125,0,0,0,125
05/06/2017,MMU,NJ,AEA,EN,Towers with Radar,1,30,41,0,72,0,0,12,0,12,1,30,53,0,84,0,0,0,84
05/07/2017,MMU,NJ,AEA,EN,Towers with Radar,0,28,46,2,76,0,1,22,0,23,0,29,68,2,99,2,0,2,101
05/08/2017,MMU,NJ,AEA,EN,Towers with Radar,0,32,60,1,93,0,1,58,0,59,0,33,118,1,152,104,0,104,256
05/09/2017,MMU,NJ,AEA,EN,Towers with Radar,0,31,68,0,99,0,3,80,0,83,0,34,148,0,182,132,0,132,314
05/10/2017,MMU,NJ,AEA,EN,Towers with Radar,0,30,65,0,95,0,3,87,0,90,0,33,152,0,185,179,0,179,364
05/11/2017,MMU,NJ,AEA,EN,Towers with Radar,0,39,60,0,99,0,4,90,0,94,0,43,150,0,193,127,0,127,320
05/12/2017,MMU,NJ,AEA,EN,Towers with Radar,0,26,38,0,64,0,1,94,0,95,0,27,132,0,159,168,0,168,327
05/13/2017,MMU,NJ,AEA,EN,Towers with Radar,0,34,34,0,68,0,0,0,0,0,0,34,34,0,68,0,0,0,68
05/14/2017,MMU,NJ,AEA,EN,Towers with Radar,0,24,33,0,57,0,1,34,0,35,0,25,67,0,92,77,0,77,169
05/15/2017,MMU,NJ,AEA,EN,Towers with Radar,0,50,89,0,139,0,2,24,0,26,0,52,113,0,165,1,0,1,166
05/16/2017,MMU,NJ,AEA,EN,Towers with Radar,0,45,86,0,131,0,0,80,0,80,0,45,166,0,211,115,0,115,326
05/17/2017,MMU,NJ,AEA,EN,Towers with Radar,0,35,74,0,109,0,0,109,0,109,0,35,183,0,218,161,0,161,379
05/18/2017,MMU,NJ,AEA,EN,Towers with Radar,1,27,74,0,102,0,0,88,0,88,1,27,162,0,190,97,0,97,287
05/19/2017,MMU,NJ,AEA,EN,Towers with Radar,0,28,63,0,91,0,1,90,0,91,0,29,153,0,182,132,0,132,314
05/20/2017,MMU,NJ,AEA,EN,Towers with Radar,0,20,33,0,53,0,2,73,0,75,0,22,106,0,128,219,0,219,347
05/21/2017,MMU,NJ,AEA,EN,Towers with Radar,0,25,57,0,82,0,0,80,0,80,0,25,137,0,162,109,0,109,271
05/22/2017,MMU,NJ,AEA,EN,Towers with Radar,0,47,100,0,147,0,0,0,0,0,0,47,100,0,147,0,0,0,147
05/23/2017,MMU,NJ,AEA,EN,Towers with Radar,0,35,76,0,111,0,4,77,1,82,0,39,153,1,193,151,0,151,344
05/24/2017,MMU,NJ,AEA,EN,Towers with Radar,0,36,74,0,110,0,0,82,0,82,0,36,156,0,192,142,0,142,334
05/25/2017,MMU,NJ,AEA,EN,Towers with Radar,0,55,93,0,148,0,0,0,0,0,0,55,93,0,148,0,0,0,148
05/26/2017,MMU,NJ,AEA,EN,Towers with Radar,0,62,80,0,142,0,4,55,0,59,0,66,135,0,201,91,0,91,292
05/27/2017,MMU,NJ,AEA,EN,Towers with Radar,0,17,27,0,44,0,3,68,0,71,0,20,95,0,115,97,0,97,212
05/28/2017,MMU,NJ,AEA,EN,Towers with Radar,0,10,27,0,37,0,0,79,0,79,0,10,106,0,116,139,0,139,255
05/29/2017,MMU,NJ,AEA,EN,Towers with Radar,0,50,72,0,122,0,1,5,0,6,0,51,77,0,128,7,0,7,135
05/30/2017,MMU,NJ,AEA,EN,Towers with Radar,0,44,102,0,146,0,0,0,0,0,0,44,102,0,146,0,0,0,146
05/31/2017,MMU,NJ,AEA,EN,Towers with Radar,0,33,83,0,116,0,0,29,0,29,0,33,112,0,145,74,0,74,219
06/01/2017,MMU,NJ,AEA,EN,Towers with Radar,0,33,66,0,99,0,6,79,0,85,0,39,145,0,184,158,0,158,342
06/02/2017,MMU,NJ,AEA,EN,Towers with Radar,0,25,57,0,82,0,4,82,0,86,0,29,139,0,168,66,0,66,234
06/03/2017,MMU,NJ,AEA,EN,Towers with Radar,0,27,28,2,57,0,5,76,0,81,0,32,104,2,138,116,5,121,259
06/04/2017,MMU,NJ,AEA,EN,Towers with Radar,0,22,23,0,45,0,2,62,0,64,0,24,85,0,109,92,0,92,201
06/05/2017,MMU,NJ,AEA,EN,Towers with Radar,0,2,5,0,7,0,1,5,0,6,0,3,10,0,13,0,0,0,13
06/06/2017,MMU,NJ,AEA,EN,Towers with Radar,0,0,2,4,6,0,0,1,2,3,0,0,3,6,9,0,0,0,9
06/07/2017,MMU,NJ,AEA,EN,Towers with Radar,0,0,0,3,3,0,0,31,2,33,0,0,31,5,36,0,0,0,36
06/08/2017,MMU,NJ,AEA,EN,Towers with Radar,0,0,0,0,0,0,4,16,0,20,0,4,16,0,20,0,0,0,20
06/09/2017,MMU,NJ,AEA,EN,Towers with Radar,0,0,2,0,2,0,0,28,8,36,0,0,30,8,38,0,0,0,38
06/10/2017,MMU,NJ,AEA,EN,Towers with Radar,0,4,20,0,24,0,0,23,0,23,0,4,43,0,47,0,0,0,47
06/11/2017,MMU,NJ,AEA,EN,Towers with Radar,0,20,23,1,44,0,0,66,12,78,0,20,89,13,122,0,0,0,122
06/12/2017,MMU,NJ,AEA,EN,Towers with Radar,0,23,48,1,72,0,5,77,4,86,0,28,125,5,158,84,0,84,242
06/13/2017,MMU,NJ,AEA,EN,Towers with Radar,0,23,78,0,101,0,1,64,0,65,0,24,142,0,166,117,0,117,283
06/14/2017,MMU,NJ,AEA,EN,Towers with Radar,0,31,80,0,111,0,0,85,0,85,0,31,165,0,196,125,0,125,321
06/15/2017,MMU,NJ,AEA,EN,Towers with Radar,0,41,57,0,98,0,7,79,0,86,0,48,136,0,184,115,0,115,299
06/16/2017,MMU,NJ,AEA,EN,Towers with Radar,1,31,73,0,105,0,0,3,0,3,1,31,76,0,108,0,0,0,108
06/17/2017,MMU,NJ,AEA,EN,Towers with Radar,0,23,51,0,74,0,0,1,0,1,0,23,52,0,75,0,0,0,75
06/18/2017,MMU,NJ,AEA,EN,Towers with Radar,0,35,47,0,82,0,2,29,0,31,0,37,76,0,113,45,0,45,158
06/19/2017,MMU,NJ,AEA,EN,Towers with Radar,0,34,50,0,84,0,2,15,0,17,0,36,65,0,101,36,0,36,137
06/20/2017,MMU,NJ,AEA,EN,Towers with Radar,1,30,70,0,101,0,0,73,0,73,1,30,143,0,174,35,0,35,209
06/21/2017,MMU,NJ,AEA,EN,Towers with Radar,0,34,63,0,97,0,0,95,0,95,0,34,158,0,192,148,0,148,340
06/22/2017,MMU,NJ,AEA,EN,Towers with Radar,0,26,59,0,85,0,1,142,0,143,0,27,201,0,228,173,0,173,401
06/23/2017,MMU,NJ,AEA,EN,Towers with Radar,0,36,53,0,89,0,2,36,0,38,0,38,89,0,127,37,0,37,164
06/24/2017,MMU,NJ,AEA,EN,Towers with Radar,0,18,20,0,38,0,4,77,0,81,0,22,97,0,119,94,0,94,213
06/25/2017,MMU,NJ,AEA,EN,Towers with Radar,0,26,38,0,64,0,3,125,0,128,0,29,163,0,192,139,0,139,331
06/26/2017,MMU,NJ,AEA,EN,Towers with Radar,0,32,52,0,84,0,2,112,0,114,0,34,164,0,198,86,0,86,284
06/27/2017,MMU,NJ,AEA,EN,Towers with Radar,0,25,63,0,88,0,4,87,3,94,0,29,150,3,182,99,0,99,281
06/28/2017,MMU,NJ,AEA,EN,Towers with Radar,0,21,56,0,77,0,1,110,0,111,0,22,166,0,188,160,0,160,348
06/29/2017,MMU,NJ,AEA,EN,Towers with Radar,0,25,55,0,80,0,0,77,0,77,0,25,132,0,157,150,0,150,307
06/30/2017,MMU,NJ,AEA,EN,Towers with Radar,0,37,37,1,75,0,1,78,4,83,0,38,115,5,158,42,0,42,200
07/01/2017,MMU,NJ,AEA,EN,Towers with Radar,0,37,47,2,86,0,1,6,4,11,0,38,53,6,97,0,0,0,97
07/02/2017,MMU,NJ,AEA,EN,Towers with Radar,0,21,19,0,40,0,2,41,1,44,0,23,60,1,84,0,0,0,84
07/03/2017,MMU,NJ,AEA,EN,Towers with Radar,0,20,16,1,37,0,0,25,0,25,0,20,41,1,62,8,0,8,70
07/04/2017,MMU,NJ,AEA,EN,Towers with Radar,0,27,19,0,46,0,2,69,3,74,0,29,88,3,120,64,0,64,184
07/05/2017,MMU,NJ,AEA,EN,Towers with Radar,0,33,43,0,76,0,1,115,0,116,0,34,158,0,192,87,0,87,279
07/06/2017,MMU,NJ,AEA,EN,Towers with Radar,0,34,42,0,76,0,4,55,0,59,0,38,97,0,135,76,0,76,211
07/07/2017,MMU,NJ,AEA,EN,Towers with Radar,0,31,49,0,80,0,2,26,0,28,0,33,75,0,108,35,0,35,143
07/08/2017,MMU,NJ,AEA,EN,Towers with Radar,0,18,20,0,38,0,6,77,0,83,0,24,97,0,121,181,0,181,302
07/09/2017,MMU,NJ,AEA,EN,Towers with Radar,0,34,38,0,72,0,0,132,0,132,0,34,170,0,204,117,0,117,321
07/10/2017,MMU,NJ,AEA,EN,Towers with Radar,0,40,46,0,86,0,3,92,0,95,0,43,138,0,181,55,0,55,236
07/11/2017,MMU,NJ,AEA,EN,Towers with Radar,0,37,60,0,97,0,2,61,4,67,0,39,121,4,164,173,0,173,337
07/12/2017,MMU,NJ,AEA,EN,Towers with Radar,0,31,57,0,88,0,0,80,0,80,0,31,137,0,168,137,0,137,305
07/13/2017,MMU,NJ,AEA,EN,Towers with Radar,0,25,59,0,84,0,0,74,0,74,0,25,133,0,158,150,0,150,308
07/14/2017,MMU,NJ,AEA,EN,Towers with Radar,0,50,59,1,110,0,0,0,0,0,0,50,59,1,110,0,0,0,110
07/15/2017,MMU,NJ,AEA,EN,Towers with Radar,1,29,41,0,71,0,0,40,0,40,1,29,81,0,111,0,0,0,111
07/16/2017,MMU,NJ,AEA,EN,Towers with Radar,0,29,36,1,66,0,2,74,0,76,0,31,110,1,142,0,0,0,142
07/17/2017,MMU,NJ,AEA,EN,Towers with Radar,0,44,37,0,81,0,1,92,4,97,0,45,129,4,178,118,0,118,296
07/18/2017,MMU,NJ,AEA,EN,Towers with Radar,0,24,51,0,75,0,0,48,0,48,0,24,99,0,123,56,0,56,179
07/19/2017,MMU,NJ,AEA,EN,Towers with Radar,0,29,70,0,99,0,2,135,0,137,0,31,205,0,236,124,0,124,360
07/20/2017,MMU,NJ,AEA,EN,Towers with Radar,0,31,70,0,101,0,11,101,0,112,0,42,171,0,213,117,0,117,330
07/21/2017,MMU,NJ,AEA,EN,Towers with Radar,0,30,60,0,90,0,5,117,0,122,0,35,177,0,212,70,0,70,282
07/22/2017,MMU,NJ,AEA,EN,Towers with Radar,0,21,33,0,54,0,4,81,0,85,0,25,114,0,139,46,0,46,185
07/23/2017,MMU,NJ,AEA,EN,Towers with Radar,0,29,70,0,99,0,0,37,0,37,0,29,107,0,136,82,0,82,218
07/24/2017,MMU,NJ,AEA,EN,Towers with Radar,0,34,53,1,88,0,0,15,0,15,0,34,68,1,103,97,0,97,200
07/25/2017,MMU,NJ,AEA,EN,Towers with Radar,0,36,59,0,95,0,0,23,0,23,0,36,82,0,118,105,0,105,223
07/26/2017,MMU,NJ,AEA,EN,Towers with Radar,0,34,68,0,102,0,1,112,0,113,0,35,180,0,215,158,0,158,373
07/27/2017,MMU,NJ,AEA,EN,Towers with Radar,1,51,89,1,142,0,1,57,0,58,1,52,146,1,200,113,0,113,313
07/28/2017,MMU,NJ,AEA,EN,Towers with Radar,0,50,67,0,117,0,3,91,0,94,0,53,158,0,211,76,0,76,287
07/29/2017,MMU,NJ,AEA,EN,Towers with Radar,0,14,22,0,36,0,3,47,0,50,0,17,69,0,86,54,0,54,140
07/30/2017,MMU,NJ,AEA,EN,Towers with Radar,0,27,29,0,56,0,2,121,0,123,0,29,150,0,179,106,0,106,285
07/31/2017,MMU,NJ,AEA,EN,Towers with Radar,0,24,75,0,99,0,9,98,0,107,0,33,173,0,206,156,0,156,362
08/01/2017,MMU,NJ,AEA,EN,Towers with Radar,0,25,58,0,83,0,1,82,4,87,0,26,140,4,170,130,0,130,300
08/02/2017,MMU,NJ,AEA,EN,Towers with Radar,0,26,55,2,83,0,1,44,0,45,0,27,99,2,128,52,0,52,180
08/03/2017,MMU,NJ,AEA,EN,Towers with Radar,0,44,81,2,127,0,0,98,1,99,0,44,179,3,226,127,0,127,353
08/04/2017,MMU,NJ,AEA,EN,Towers with Radar,1,53,70,1,125,0,4,58,4,66,1,57,128,5,191,129,0,129,320
08/05/2017,MMU,NJ,AEA,EN,Towers with Radar,0,18,40,0,58,0,0,17,1,18,0,18,57,1,76,0,0,0,76
08/06/2017,MMU,NJ,AEA,EN,Towers with Radar,0,29,57,0,86,0,0,71,0,71,0,29,128,0,157,0,0,0,157
08/07/2017,MMU,NJ,AEA,EN,Towers with Radar,0,39,54,2,95,0,0,0,0,0,0,39,54,2,95,0,0,0,95
08/08/2017,MMU,NJ,AEA,EN,Towers with Radar,0,24,77,2,103,0,2,48,0,50,0,26,125,2,153,0,0,0,153
08/09/2017,MMU,NJ,AEA,EN,Towers with Radar,0,33,67,0,100,0,4,36,0,40,0,37,103,0,140,0,0,0,140
08/10/2017,MMU,NJ,AEA,EN,Towers with Radar,0,43,59,2,104,0,10,54,2,66,0,53,113,4,170,0,0,0,170
08/11/2017,MMU,NJ,AEA,EN,Towers with Radar,2,53,75,0,130,0,2,41,2,45,2,55,116,2,175,0,0,0,175
08/12/2017,MMU,NJ,AEA,EN,Towers with Radar,0,18,29,0,47,0,1,10,0,11,0,19,39,0,58,0,0,0,58
08/13/2017,MMU,NJ,AEA,EN,Towers with Radar,0,36,42,0,78,0,0,45,1,46,0,36,87,1,124,0,0,0,124
08/14/2017,MMU,NJ,AEA,EN,Towers with Radar,1,37,49,2,89,0,0,58,2,60,1,37,107,4,149,32,0,32,181
08/15/2017,MMU,NJ,AEA,EN,Towers with Radar,0,38,70,0,108,0,3,6,0,9,0,41,76,0,117,0,0,0,117
08/16/2017,MMU,NJ,AEA,EN,Towers with Radar,1,37,56,0,94,0,0,47,0,47,1,37,103,0,141,0,0,0,141
08/17/2017,MMU,NJ,AEA,EN,Towers with Radar,0,54,89,0,143,0,1,42,0,43,0,55,131,0,186,0,0,0,186
08/18/2017,MMU,NJ,AEA,EN,Towers with Radar,1,22,46,2,71,0,0,1,0,1,1,22,47,2,72,0,0,0,72
08/19/2017,MMU,NJ,AEA,EN,Towers with Radar,0,25,34,0,59,0,2,35,0,37,0,27,69,0,96,0,0,0,96
08/20/2017,MMU,NJ,AEA,EN,Towers with Radar,0,35,58,2,95,0,1,65,2,68,0,36,123,4,163,0,0,0,163
08/21/2017,MMU,NJ,AEA,EN,Towers with Radar,0,31,56,2,89,0,5,61,1,67,0,36,117,3,156,112,0,112,268
08/22/2017,MMU,NJ,AEA,EN,Towers with Radar,0,31,57,0,88,0,0,39,0,39,0,31,96,0,127,111,0,111,238
08/23/2017,MMU,NJ,AEA,EN,Towers with Radar,0,33,54,0,87,0,1,90,0,91,0,34,144,0,178,129,0,129,307
08/24/2017,MMU,NJ,AEA,EN,Towers with Radar,0,24,59,0,83,0,3,79,0,82,0,27,138,0,165,60,0,60,225
08/25/2017,MMU,NJ,AEA,EN,Towers with Radar,0,37,60,0,97,0,0,88,0,88,0,37,148,0,185,43,0,43,228
08/26/2017,MMU,NJ,AEA,EN,Towers with Radar,0,17,23,0,40,0,3,84,0,87,0,20,107,0,127,51,0,51,178
08/27/2017,MMU,NJ,AEA,EN,Towers with Radar,0,31,45,0,76,0,7,85,0,92,0,38,130,0,168,141,0,141,309
08/28/2017,MMU,NJ,AEA,EN,Towers with Radar,0,14,72,0,86,0,0,83,0,83,0,14,155,0,169,116,0,116,285
08/29/2017,MMU,NJ,AEA,EN,Towers with Radar,0,17,67,0,84,0,0,32,0,32,0,17,99,0,116,152,0,152,268
08/30/2017,MMU,NJ,AEA,EN,Towers with Radar,0,26,46,0,72,0,0,98,0,98,0,26,144,0,170,166,0,166,336
08/31/2017,MMU,NJ,AEA,EN,Towers with Radar,0,30,52,0,82,0,2,84,0,86,0,32,136,0,168,149,0,149,317
09/01/2017,MMU,NJ,AEA,EN,Towers with Radar,1,39,34,1,75,0,1,99,1,101,1,40,133,2,176,73,0,73,249
09/02/2017,MMU,NJ,AEA,EN,Towers with Radar,0,17,16,0,33,0,3,47,0,50,0,20,63,0,83,89,0,89,172
09/03/2017,MMU,NJ,AEA,EN,Towers with Radar,0,16,24,0,40,0,1,12,0,13,0,17,36,0,53,5,0,5,58
09/04/2017,MMU,NJ,AEA,EN,Towers with Radar,0,31,50,1,82,0,11,103,0,114,0,42,153,1,196,99,0,99,295
09/05/2017,MMU,NJ,AEA,EN,Towers with Radar,0,38,69,0,107,0,2,35,0,37,0,40,104,0,144,171,0,171,315
09/06/2017,MMU,NJ,AEA,EN,Towers with Radar,0,47,116,0,163,0,0,27,0,27,0,47,143,0,190,32,0,32,222
09/07/2017,MMU,NJ,AEA,EN,Towers with Radar,0,63,182,0,245,0,3,99,0,102,0,66,281,0,347,72,0,72,419
09/08/2017,MMU,NJ,AEA,EN,Towers with Radar,0,62,125,0,187,0,1,102,0,103,0,63,227,0,290,66,0,66,356
09/09/2017,MMU,NJ,AEA,EN,Towers with Radar,0,20,41,0,61,0,0,100,0,100,0,20,141,0,161,150,0,150,311
09/10/2017,MMU,NJ,AEA,EN,Towers with Radar,0,39,39,0,78,0,1,86,0,87,0,40,125,0,165,66,0,66,231
09/11/2017,MMU,NJ,AEA,EN,Towers with Radar,0,20,55,0,75,0,0,114,0,114,0,20,169,0,189,123,0,123,312
09/12/2017,MMU,NJ,AEA,EN,Towers with Radar,0,32,70,0,102,0,4,97,0,101,0,36,167,0,203,45,0,45,248
09/13/2017,MMU,NJ,AEA,EN,Towers with Radar,0,43,107,2,152,0,3,58,2,63,0,46,165,4,215,89,0,89,304
09/14/2017,MMU,NJ,AEA,EN,Towers with Radar,1,36,73,0,110,0,0,35,0,35,1,36,108,0,145,86,0,86,231
09/15/2017,MMU,NJ,AEA,EN,Towers with Radar,1,37,72,1,111,0,2,68,12,82,1,39,140,13,193,91,0,91,284
09/16/2017,MMU,NJ,AEA,EN,Towers with Radar,0,34,35,0,69,0,2,62,3,67,0,36,97,3,136,0,0,0,136
09/17/2017,MMU,NJ,AEA,EN,Towers with Radar,0,47,76,1,124,0,0,19,3,22,0,47,95,4,146,0,0,0,146
09/18/2017,MMU,NJ,AEA,EN,Towers with Radar,0,33,61,0,94,0,0,18,0,18,0,33,79,0,112,0,0,0,112
09/19/2017,MMU,NJ,AEA,EN,Towers with Radar,0,38,51,0,89,0,0,14,0,14,0,38,65,0,103,0,0,0,103
09/20/2017,MMU,NJ,AEA,EN,Towers with Radar,0,22,60,0,82,0,0,49,0,49,0,22,109,0,131,0,0,0,131
09/21/2017,MMU,NJ,AEA,EN,Towers with Radar,0,41,44,5,90,0,1,53,3,57,0,42,97,8,147,0,0,0,147
09/22/2017,MMU,NJ,AEA,EN,Towers with Radar,1,42,49,8,100,0,0,40,10,50,1,42,89,18,150,22,0,22,172
09/23/2017,MMU,NJ,AEA,EN,Towers with Radar,0,16,29,2,47,0,2,58,0,60,0,18,87,2,107,0,0,0,107
09/24/2017,MMU,NJ,AEA,EN,Towers with Radar,1,46,60,2,109,0,1,65,4,70,1,47,125,6,179,14,0,14,193
09/25/2017,MMU,NJ,AEA,EN,Towers with Radar,0,26,63,0,89,0,3,119,0,122,0,29,182,0,211,167,0,167,378
09/26/2017,MMU,NJ,AEA,EN,Towers with Radar,0,29,74,0,103,0,4,62,0,66,0,33,136,0,169,51,0,51,220
09/27/2017,MMU,NJ,AEA,EN,Towers with Radar,0,20,81,0,101,0,3,89,0,92,0,23,170,0,193,73,0,73,266
09/28/2017,MMU,NJ,AEA,EN,Towers with Radar,0,30,95,0,125,0,2,64,0,66,0,32,159,0,191,26,0,26,217
09/29/2017,MMU,NJ,AEA,EN,Towers with Radar,1,35,63,1,100,0,0,103,6,109,1,35,166,7,209,51,0,51,260
09/30/2017,MMU,NJ,AEA,EN,Towers with Radar,0,26,29,0,55,0,0,28,0,28,0,26,57,0,83,0,0,0,83
10/01/2017,MMU,NJ,AEA,EN,Towers with Radar,1,43,51,3,98,0,1,50,2,53,1,44,101,5,151,0,0,0,151
10/02/2017,MMU,NJ,AEA,EN,Towers with Radar,0,21,73,1,95,0,1,70,0,71,0,22,143,1,166,132,0,132,298
10/03/2017,MMU,NJ,AEA,EN,Towers with Radar,0,34,65,0,99,0,3,77,0,80,0,37,142,0,179,79,0,79,258
10/04/2017,MMU,NJ,AEA,EN,Towers with Radar,0,20,76,0,96,0,3,77,0,80,0,23,153,0,176,97,0,97,273
10/05/2017,MMU,NJ,AEA,EN,Towers with Radar,0,38,71,0,109,0,0,72,0,72,0,38,143,0,181,94,0,94,275
10/06/2017,MMU,NJ,AEA,EN,Towers with Radar,0,52,65,0,117,0,1,69,0,70,0,53,134,0,187,57,0,57,244
10/07/2017,MMU,NJ,AEA,EN,Towers with Radar,0,29,46,0,75,0,4,94,0,98,0,33,140,0,173,153,0,153,326
10/08/2017,MMU,NJ,AEA,EN,Towers with Radar,0,45,61,0,106,0,1,14,0,15,0,46,75,0,121,3,0,3,124
10/09/2017,MMU,NJ,AEA,EN,Towers with Radar,0,74,82,0,156,0,0,0,0,0,0,74,82,0,156,0,0,0,156
10/10/2017,MMU,NJ,AEA,EN,Towers with Radar,0,27,59,0,86,0,0,91,0,91,0,27,150,0,177,96,0,96,273
10/11/2017,MMU,NJ,AEA,EN,Towers with Radar,0,46,74,0,120,0,3,76,0,79,0,49,150,0,199,142,0,142,341
10/12/2017,MMU,NJ,AEA,EN,Towers with Radar,0,38,50,2,90,0,0,36,0,36,0,38,86,2,126,38,0,38,164
10/13/2017,MMU,NJ,AEA,EN,Towers with Radar,0,44,64,0,108,0,0,65,0,65,0,44,129,0,173,221,0,221,394
10/14/2017,MMU,NJ,AEA,EN,Towers with Radar,0,24,41,0,65,0,2,9,0,11,0,26,50,0,76,74,0,74,150
10/15/2017,MMU,NJ,AEA,EN,Towers with Radar,0,34,76,0,110,0,0,23,0,23,0,34,99,0,133,52,0,52,185
10/16/2017,MMU,NJ,AEA,EN,Towers with Radar,1,41,61,0,103,0,0,63,0,63,1,41,124,0,166,47,0,47,213
10/17/2017,MMU,NJ,AEA,EN,Towers with Radar,0,28,43,0,71,0,0,83,0,83,0,28,126,0,154,61,0,61,215
10/18/2017,MMU,NJ,AEA,EN,Towers with Radar,0,22,56,0,78,0,1,87,0,88,0,23,143,0,166,108,0,108,274
10/19/2017,MMU,NJ,AEA,EN,Towers with Radar,0,41,68,0,109,0,0,90,0,90,0,41,158,0,199,78,0,78,277
10/20/2017,MMU,NJ,AEA,EN,Towers with Radar,0,37,42,0,79,0,6,96,0,102,0,43,138,0,181,57,0,57,238
10/21/2017,MMU,NJ,AEA,EN,Towers with Radar,0,17,39,0,56,0,5,99,0,104,0,22,138,0,160,160,0,160,320
10/22/2017,MMU,NJ,AEA,EN,Towers with Radar,0,32,63,0,95,0,1,90,0,91,0,33,153,0,186,111,0,111,297
10/23/2017,MMU,NJ,AEA,EN,Towers with Radar,0,41,64,0,105,0,0,17,0,17,0,41,81,0,122,39,0,39,161
10/24/2017,MMU,NJ,AEA,EN,Towers with Radar,0,32,60,0,92,0,0,0,3,3,0,32,60,3,95,0,0,0,95
10/25/2017,MMU,NJ,AEA,EN,Towers with Radar,0,39,59,0,98,0,0,58,0,58,0,39,117,0,156,89,0,89,245
10/26/2017,MMU,NJ,AEA,EN,Towers with Radar,0,33,71,0,104,0,0,82,0,82,0,33,153,0,186,44,0,44,230
10/27/2017,MMU,NJ,AEA,EN,Towers with Radar,0,39,69,0,108,0,1,71,0,72,0,40,140,0,180,87,0,87,267
10/28/2017,MMU,NJ,AEA,EN,Towers with Radar,0,22,35,0,57,0,0,104,0,104,0,22,139,0,161,134,0,134,295
10/29/2017,MMU,NJ,AEA,EN,Towers with Radar,0,41,50,0,91,0,0,0,0,0,0,41,50,0,91,0,0,0,91
10/30/2017,MMU,NJ,AEA,EN,Towers with Radar,0,28,53,0,81,0,0,19,0,19,0,28,72,0,100,2,0,2,102
10/31/2017,MMU,NJ,AEA,EN,Towers with Radar,0,27,62,0,89,0,2,69,0,71,0,29,131,0,160,31,0,31,191
11/01/2017,MMU,NJ,AEA,EN,Towers with Radar,0,36,57,0,93,0,3,55,0,58,0,39,112,0,151,103,0,103,254
11/02/2017,MMU,NJ,AEA,EN,Towers with Radar,0,28,90,0,118,0,0,45,0,45,0,28,135,0,163,154,0,154,317
11/03/2017,MMU,NJ,AEA,EN,Towers with Radar,0,41,63,0,104,0,0,81,0,81,0,41,144,0,185,135,0,135,320
11/04/2017,MMU,NJ,AEA,EN,Towers with Radar,0,19,23,0,42,0,2,108,0,110,0,21,131,0,152,164,0,164,316
11/05/2017,MMU,NJ,AEA,EN,Towers with Radar,0,62,62,0,124,0,0,1,0,1,0,62,63,0,125,0,0,0,125
11/06/2017,MMU,NJ,AEA,EN,Towers with Radar,0,42,61,0,103,0,2,19,0,21,0,44,80,0,124,14,0,14,138
11/07/2017,MMU,NJ,AEA,EN,Towers with Radar,0,22,60,2,84,0,0,36,0,36,0,22,96,2,120,74,0,74,194
11/08/2017,MMU,NJ,AEA,EN,Towers with Radar,0,43,77,0,120,0,0,74,0,74,0,43,151,0,194,125,0,125,319
11/09/2017,MMU,NJ,AEA,EN,Towers with Radar,0,33,75,0,108,0,0,58,0,58,0,33,133,0,166,175,0,175,341
11/10/2017,MMU,NJ,AEA,EN,Towers with Radar,0,22,52,0,74,0,1,28,0,29,0,23,80,0,103,33,0,33,136
11/11/2017,MMU,NJ,AEA,EN,Towers with Radar,0,10,35,0,45,0,0,91,0,91,0,10,126,0,136,150,0,150,286
11/12/2017,MMU,NJ,AEA,EN,Towers with Radar,0,39,39,0,78,0,0,77,0,77,0,39,116,0,155,83,0,83,238
11/13/2017,MMU,NJ,AEA,EN,Towers with Radar,0,25,60,0,85,0,2,31,0,33,0,27,91,0,118,44,0,44,162
11/14/2017,MMU,NJ,AEA,EN,Towers with Radar,0,23,58,0,81,0,0,55,0,55,0,23,113,0,136,82,0,82,218
11/15/2017,MMU,NJ,AEA,EN,Towers with Radar,0,20,64,2,86,0,0,62,0,62,0,20,126,2,148,111,0,111,259
11/16/2017,MMU,NJ,AEA,EN,Towers with Radar,0,44,84,0,128,0,0,53,0,53,0,44,137,0,181,88,0,88,269
11/17/2017,MMU,NJ,AEA,EN,Towers with Radar,0,36,87,0,123,0,7,69,0,76,0,43,156,0,199,29,0,29,228
11/18/2017,MMU,NJ,AEA,EN,Towers with Radar,0,25,45,0,70,0,7,50,0,57,0,32,95,0,127,100,0,100,227
11/19/2017,MMU,NJ,AEA,EN,Towers with Radar,0,25,53,0,78,0,2,8,0,10,0,27,61,0,88,4,0,4,92
11/20/2017,MMU,NJ,AEA,EN,Towers with Radar,0,25,47,0,72,0,0,38,0,38,0,25,85,0,110,45,0,45,155
11/21/2017,MMU,NJ,AEA,EN,Towers with Radar,0,36,77,0,113,0,1,77,0,78,0,37,154,0,191,93,0,93,284
11/22/2017,MMU,NJ,AEA,EN,Towers with Radar,0,31,81,0,112,0,1,26,0,27,0,32,107,0,139,16,0,16,155
11/23/2017,MMU,NJ,AEA,EN,Towers with Radar,0,20,12,0,32,0,0,32,0,32,0,20,44,0,64,86,0,86,150
11/24/2017,MMU,NJ,AEA,EN,Towers with Radar,0,24,19,0,43,0,7,99,0,106,0,31,118,0,149,156,0,156,305
11/25/2017,MMU,NJ,AEA,EN,Towers with Radar,0,39,30,0,69,0,4,89,0,93,0,43,119,0,162,141,0,141,303
11/26/2017,MMU,NJ,AEA,EN,Towers with Radar,0,35,88,0,123,0,0,83,0,83,0,35,171,0,206,58,0,58,264
11/27/2017,MMU,NJ,AEA,EN,Towers with Radar,0,42,64,0,106,0,1,55,0,56,0,43,119,0,162,61,0,61,223
11/28/2017,MMU,NJ,AEA,EN,Towers with Radar,0,34,51,0,85,0,2,74,0,76,0,36,125,0,161,109,0,109,270
11/29/2017,MMU,NJ,AEA,EN,Towers with Radar,0,34,62,0,96,0,1,81,0,82,0,35,143,0,178,63,0,63,241
11/30/2017,MMU,NJ,AEA,EN,Towers with Radar,0,34,57,0,91,0,1,81,0,82,0,35,138,0,173,94,0,94,267
12/01/2017,MMU,NJ,AEA,EN,Towers with Radar,0,26,45,0,71,0,3,57,0,60,0,29,102,0,131,69,0,69,200
12/02/2017,MMU,NJ,AEA,EN,Towers with Radar,0,13,31,0,44,0,0,61,0,61,0,13,92,0,105,10,0,10,115
12/03/2017,MMU,NJ,AEA,EN,Towers with Radar,0,22,50,1,73,0,1,59,0,60,0,23,109,1,133,135,0,135,268
12/04/2017,MMU,NJ,AEA,EN,Towers with Radar,0,42,96,1,139,0,0,33,0,33,0,42,129,1,172,94,0,94,266
12/05/2017,MMU,NJ,AEA,EN,Towers with Radar,0,33,69,1,103,0,2,18,0,20,0,35,87,1,123,46,0,46,169
12/06/2017,MMU,NJ,AEA,EN,Towers with Radar,0,40,125,0,165,0,3,63,0,66,0,43,188,0,231,31,0,31,262
12/07/2017,MMU,NJ,AEA,EN,Towers with Radar,0,24,93,0,117,0,0,83,0,83,0,24,176,0,200,25,0,25,225
12/08/2017,MMU,NJ,AEA,EN,Towers with Radar,0,22,73,0,95,0,0,78,0,78,0,22,151,0,173,53,0,53,226
12/09/2017,MMU,NJ,AEA,EN,Towers with Radar,0,9,16,0,25,0,0,0,0,0,0,9,16,0,25,0,0,0,25
12/10/2017,MMU,NJ,AEA,EN,Towers with Radar,0,21,50,0,71,0,1,39,0,40,0,22,89,0,111,102,0,102,213
12/11/2017,MMU,NJ,AEA,EN,Towers with Radar,0,22,61,0,83,0,0,51,0,51,0,22,112,0,134,65,0,65,199
12/12/2017,MMU,NJ,AEA,EN,Towers with Radar,0,29,72,0,101,0,3,12,0,15,0,32,84,0,116,0,0,0,116
12/13/2017,MMU,NJ,AEA,EN,Towers with Radar,0,23,58,0,81,0,0,24,0,24,0,23,82,0,105,16,0,16,121
12/14/2017,MMU,NJ,AEA,EN,Towers with Radar,0,43,63,1,107,0,2,37,0,39,0,45,100,1,146,82,0,82,228
12/15/2017,MMU,NJ,AEA,EN,Towers with Radar,0,29,58,0,87,0,0,43,0,43,0,29,101,0,130,25,0,25,155
12/16/2017,MMU,NJ,AEA,EN,Towers with Radar,0,26,32,2,60,0,3,44,0,47,0,29,76,2,107,193,0,193,300
12/17/2017,MMU,NJ,AEA,EN,Towers with Radar,0,15,49,0,64,0,0,89,0,89,0,15,138,0,153,109,0,109,262
12/18/2017,MMU,NJ,AEA,EN,Towers with Radar,0,26,54,0,80,0,1,34,0,35,0,27,88,0,115,25,0,25,140
12/19/2017,MMU,NJ,AEA,EN,Towers with Radar,0,35,60,0,95,0,0,84,0,84,0,35,144,0,179,50,0,50,229
12/20/2017,MMU,NJ,AEA,EN,Towers with Radar,0,26,47,0,73,0,0,52,0,52,0,26,99,0,125,15,0,15,140
12/21/2017,MMU,NJ,AEA,EN,Towers with Radar,0,26,50,0,76,0,2,97,0,99,0,28,147,0,175,82,0,82,257
12/22/2017,MMU,NJ,AEA,EN,Towers with Radar,0,24,49,0,73,0,3,23,0,26,0,27,72,0,99,137,0,137,236
12/23/2017,MMU,NJ,AEA,EN,Towers with Radar,0,14,18,0,32,0,0,0,0,0,0,14,18,0,32,0,0,0,32
12/24/2017,MMU,NJ,AEA,EN,Towers with Radar,0,24,14,0,38,0,2,38,0,40,0,26,52,0,78,53,0,53,131
12/25/2017,MMU,NJ,AEA,EN,Towers with Radar,0,22,13,0,35,0,0,1,0,1,0,22,14,0,36,0,0,0,36
12/26/2017,MMU,NJ,AEA,EN,Towers with Radar,0,40,56,0,96,0,4,27,0,31,0,44,83,0,127,33,0,33,160
12/27/2017,MMU,NJ,AEA,EN,Towers with Radar,0,38,53,0,91,0,2,40,0,42,0,40,93,0,133,41,0,41,174
12/28/2017,MMU,NJ,AEA,EN,Towers with Radar,0,32,32,0,64,0,0,46,0,46,0,32,78,0,110,23,0,23,133
12/29/2017,MMU,NJ,AEA,EN,Towers with Radar,0,31,22,0,53,0,0,44,0,44,0,31,66,0,97,46,0,46,143
12/30/2017,MMU,NJ,AEA,EN,Towers with Radar,0,18,14,0,32,0,1,2,0,3,0,19,16,0,35,0,0,0,35
12/31/2017,MMU,NJ,AEA,EN,Towers with Radar,0,9,16,0,25,0,0,13,0,13,0,9,29,0,38,18,0,18,56
01/01/2018,MMU,NJ,AEA,EN,Towers with Radar,0,31,46,0,77,0,0,21,0,21,0,31,67,0,98,11,0,11,109
01/02/2018,MMU,NJ,AEA,EN,Towers with Radar,0,38,65,0,103,0,4,37,1,42,0,42,102,1,145,47,0,47,192
01/03/2018,MMU,NJ,AEA,EN,Towers with Radar,0,32,41,0,73,0,57,0,0,57,0,89,41,0,130,49,0,49,179
01/04/2018,MMU,NJ,AEA,EN,Towers with Radar,0,3,10,0,13,0,0,0,0,0,0,3,10,0,13,0,0,0,13
01/05/2018,MMU,NJ,AEA,EN,Towers with Radar,0,22,46,0,68,0,0,15,0,15,0,22,61,0,83,9,0,9,92
01/06/2018,MMU,NJ,AEA,EN,Towers with Radar,0,20,20,0,40,0,1,29,0,30,0,21,49,0,70,10,0,10,80
01/07/2018,MMU,NJ,AEA,EN,Towers with Radar,0,27,45,0,72,0,2,60,0,62,0,29,105,0,134,51,0,51,185
01/08/2018,MMU,NJ,AEA,EN,Towers with Radar,0,30,44,0,74,0,2,18,0,20,0,32,62,0,94,74,0,74,168
01/09/2018,MMU,NJ,AEA,EN,Towers with Radar,0,15,32,0,47,0,4,69,0,73,0,19,101,0,120,41,0,41,161
01/10/2018,MMU,NJ,AEA,EN,Towers with Radar,0,29,50,1,80,0,2,58,0,60,0,31,108,1,140,89,0,89,229
01/11/2018,MMU,NJ,AEA,EN,Towers with Radar,0,23,77,1,101,0,0,21,0,21,0,23,98,1,122,94,0,94,216
01/12/2018,MMU,NJ,AEA,EN,Towers with Radar,0,33,49,0,82,0,0,0,0,0,0,33,49,0,82,0,0,0,82
01/13/2018,MMU,NJ,AEA,EN,Towers with Radar,0,15,14,0,29,0,0,20,0,20,0,15,34,0,49,35,0,35,84
01/14/2018,MMU,NJ,AEA,EN,Towers with Radar,0,21,37,0,58,0,1,71,0,72,0,22,108,0,130,61,0,61,191
01/15/2018,MMU,NJ,AEA,EN,Towers with Radar,0,44,61,0,105,0,2,54,0,56,0,46,115,0,161,105,0,105,266
01/16/2018,MMU,NJ,AEA,EN,Towers with Radar,0,24,46,0,70,0,0,10,0,10,0,24,56,0,80,17,0,17,97
01/17/2018,MMU,NJ,AEA,EN,Towers with Radar,0,16,39,0,55,0,0,11,0,11,0,16,50,0,66,22,0,22,88
01/18/2018,MMU,NJ,AEA,EN,Towers with Radar,0,26,62,0,88,0,0,34,0,34,0,26,96,0,122,46,0,46,168
01/19/2018,MMU,NJ,AEA,EN,Towers with Radar,0,37,35,0,72,0,1,57,0,58,0,38,92,0,130,77,0,77,207
01/20/2018,MMU,NJ,AEA,EN,Towers with Radar,0,8,26,0,34,0,0,79,0,79,0,8,105,0,113,141,0,141,254
01/21/2018,MMU,NJ,AEA,EN,Towers with Radar,0,41,45,0,86,0,0,108,0,108,0,41,153,0,194,210,0,210,404
01/22/2018,MMU,NJ,AEA,EN,Towers with Radar,0,31,61,0,92,0,1,25,0,26,0,32,86,0,118,143,0,143,261
01/23/2018,MMU,NJ,AEA,EN,Towers with Radar,0,24,61,0,85,0,4,16,0,20,0,28,77,0,105,49,6,55,160
01/24/2018,MMU,NJ,AEA,EN,Towers with Radar,0,17,49,0,66,0,0,47,0,47,0,17,96,0,113,70,0,70,183
01/25/2018,MMU,NJ,AEA,EN,Towers with Radar,0,19,40,0,59,0,0,37,0,37,0,19,77,0,96,66,0,66,162
01/26/2018,MMU,NJ,AEA,EN,Towers with Radar,0,25,61,0,86,0,0,76,0,76,0,25,137,0,162,126,0,126,288
01/27/2018,MMU,NJ,AEA,EN,Towers with Radar,0,19,27,0,46,0,1,72,0,73,0,20,99,0,119,116,0,116,235
01/28/2018,MMU,NJ,AEA,EN,Towers with Radar,0,27,44,0,71,0,1,22,0,23,0,28,66,0,94,67,0,67,161
01/29/2018,MMU,NJ,AEA,EN,Towers with Radar,0,22,59,0,81,0,0,55,1,56,0,22,114,1,137,110,0,110,247
01/30/2018,MMU,NJ,AEA,EN,Towers with Radar,0,17,36,0,53,0,0,22,0,22,0,17,58,0,75,106,0,106,181
01/31/2018,MMU,NJ,AEA,EN,Towers with Radar,0,23,48,0,71,0,0,46,0,46,0,23,94,0,117,120,0,120,237
02/01/2018,MMU,NJ,AEA,EN,Towers with Radar,0,44,66,0,110,0,0,36,0,36,0,44,102,0,146,97,0,97,243
02/02/2018,MMU,NJ,AEA,EN,Towers with Radar,0,28,60,0,88,0,0,44,0,44,0,28,104,0,132,43,0,43,175
02/03/2018,MMU,NJ,AEA,EN,Towers with Radar,0,24,44,0,68,0,0,82,0,82,0,24,126,0,150,114,0,114,264
02/04/2018,MMU,NJ,AEA,EN,Towers with Radar,0,23,12,0,35,0,0,20,0,20,0,23,32,0,55,27,0,27,82
02/05/2018,MMU,NJ,AEA,EN,Towers with Radar,0,39,70,0,109,0,3,35,0,38,0,42,105,0,147,46,0,46,193
02/06/2018,MMU,NJ,AEA,EN,Towers with Radar,0,32,65,0,97,0,2,68,0,70,0,34,133,0,167,153,0,153,320
02/07/2018,MMU,NJ,AEA,EN,Towers with Radar,0,16,33,0,49,0,0,0,0,0,0,16,33,0,49,0,0,0,49
02/08/2018,MMU,NJ,AEA,EN,Towers with Radar,0,29,71,0,100,0,0,41,0,41,0,29,112,0,141,44,0,44,185
02/09/2018,MMU,NJ,AEA,EN,Towers with Radar,0,31,70,0,101,0,0,63,0,63,0,31,133,0,164,154,0,154,318
02/10/2018,MMU,NJ,AEA,EN,Towers with Radar,0,19,27,0,46,0,0,1,0,1,0,19,28,0,47,2,0,2,49
02/11/2018,MMU,NJ,AEA,EN,Towers with Radar,0,29,24,0,53,0,0,0,0,0,0,29,24,0,53,0,0,0,53
02/12/2018,MMU,NJ,AEA,EN,Towers with Radar,0,31,60,0,91,0,6,42,0,48,0,37,102,0,139,87,0,87,226
02/13/2018,MMU,NJ,AEA,EN,Towers with Radar,0,24,61,0,85,0,2,68,0,70,0,26,129,0,155,156,0,156,311
02/14/2018,MMU,NJ,AEA,EN,Towers with Radar,0,28,52,0,80,0,2,45,0,47,0,30,97,0,127,144,0,144,271
02/15/2018,MMU,NJ,AEA,EN,Towers with Radar,0,51,97,0,148,0,0,10,0,10,0,51,107,0,158,54,0,54,212
02/16/2018,MMU,NJ,AEA,EN,Towers with Radar,0,35,79,0,114,0,1,23,0,24,0,36,102,0,138,23,0,23,161
02/17/2018,MMU,NJ,AEA,EN,Towers with Radar,0,15,16,0,31,0,2,61,0,63,0,17,77,0,94,120,0,120,214
02/18/2018,MMU,NJ,AEA,EN,Towers with Radar,0,17,24,0,41,0,2,38,0,40,0,19,62,0,81,70,0,70,151
02/19/2018,MMU,NJ,AEA,EN,Towers with Radar,0,52,91,0,143,0,0,57,1,58,0,52,148,1,201,157,0,157,358
02/20/2018,MMU,NJ,AEA,EN,Towers with Radar,0,38,85,0,123,0,0,35,0,35,0,38,120,0,158,66,0,66,224
02/21/2018,MMU,NJ,AEA,EN,Towers with Radar,0,32,60,0,92,0,0,49,0,49,0,32,109,0,141,84,0,84,225
02/22/2018,MMU,NJ,AEA,EN,Towers with Radar,0,25,57,0,82,0,0,2,0,2,0,25,59,0,84,83,0,83,167
02/23/2018,MMU,NJ,AEA,EN,Towers with Radar,0,26,41,0,67,0,0,0,0,0,0,26,41,0,67,0,0,0,67
02/24/2018,MMU,NJ,AEA,EN,Towers with Radar,0,18,29,0,47,0,0,24,0,24,0,18,53,0,71,54,0,54,125
02/25/2018,MMU,NJ,AEA,EN,Towers with Radar,0,24,46,0,70,0,0,0,0,0,0,24,46,0,70,0,0,0,70
02/26/2018,MMU,NJ,AEA,EN,Towers with Radar,0,36,62,0,98,0,1,56,0,57,0,37,118,0,155,123,0,123,278
02/27/2018,MMU,NJ,AEA,EN,Towers with Radar,0,23,43,1,67,0,2,96,0,98,0,25,139,1,165,103,0,103,268
02/28/2018,MMU,NJ,AEA,EN,Towers with Radar,0,38,61,0,99,0,0,89,0,89,0,38,150,0,188,127,0,127,315
03/01/2018,MMU,NJ,AEA,EN,Towers with Radar,0,47,70,0,117,0,0,70,0,70,0,47,140,0,187,110,0,110,297
03/02/2018,MMU,NJ,AEA,EN,Towers with Radar,0,8,14,0,22,0,0,0,0,0,0,8,14,0,22,0,0,0,22
03/03/2018,MMU,NJ,AEA,EN,Towers with Radar,0,18,15,0,33,0,0,16,0,16,0,18,31,0,49,8,0,8,57
03/04/2018,MMU,NJ,AEA,EN,Towers with Radar,0,15,55,0,70,0,0,70,0,70,0,15,125,0,140,78,0,78,218
03/05/2018,MMU,NJ,AEA,EN,Towers with Radar,0,34,64,0,98,0,4,70,0,74,0,38,134,0,172,94,0,94,266
03/06/2018,MMU,NJ,AEA,EN,Towers with Radar,1,28,71,0,100,0,3,64,0,67,1,31,135,0,167,122,0,122,289
03/07/2018,MMU,NJ,AEA,EN,Towers with Radar,0,3,4,0,7,0,0,0,0,0,0,3,4,0,7,0,0,0,7
03/08/2018,MMU,NJ,AEA,EN,Towers with Radar,0,22,57,0,79,0,0,37,1,38,0,22,94,1,117,41,0,41,158
03/09/2018,MMU,NJ,AEA,EN,Towers with Radar,0,33,59,0,92,0,2,34,0,36,0,35,93,0,128,64,0,64,192
03/10/2018,MMU,NJ,AEA,EN,Towers with Radar,0,25,24,0,49,0,0,64,0,64,0,25,88,0,113,110,0,110,223
03/11/2018,MMU,NJ,AEA,EN,Towers with Radar,1,35,36,0,72,0,0,93,1,94,1,35,129,1,166,134,0,134,300
03/12/2018,MMU,NJ,AEA,EN,Towers with Radar,0,19,57,0,76,0,3,74,0,77,0,22,131,0,153,104,0,104,257
03/13/2018,MMU,NJ,AEA,EN,Towers with Radar,0,23,51,0,74,0,2,12,0,14,0,25,63,0,88,24,0,24,112
03/14/2018,MMU,NJ,AEA,EN,Towers with Radar,0,28,62,0,90,0,3,29,0,32,0,31,91,0,122,25,0,25,147
03/15/2018,MMU,NJ,AEA,EN,Towers with Radar,0,38,64,0,102,0,0,39,0,39,0,38,103,0,141,21,0,21,162
03/16/2018,MMU,NJ,AEA,EN,Towers with Radar,0,32,48,0,80,0,0,43,0,43,0,32,91,0,123,13,0,13,136
03/17/2018,MMU,NJ,AEA,EN,Towers with Radar,0,21,20,0,41,0,5,83,0,88,0,26,103,0,129,62,0,62,191
03/18/2018,MMU,NJ,AEA,EN,Towers with Radar,0,25,56,0,81,0,1,91,0,92,0,26,147,0,173,63,0,63,236
03/19/2018,MMU,NJ,AEA,EN,Towers with Radar,0,32,38,0,70,0,2,77,0,79,0,34,115,0,149,148,0,148,297
03/20/2018,MMU,NJ,AEA,EN,Towers with Radar,0,33,63,0,96,0,0,55,0,55,0,33,118,0,151,93,0,93,244
03/21/2018,MMU,NJ,AEA,EN,Towers with Radar,0,1,4,0,5,0,0,0,0,0,0,1,4,0,5,0,0,0,5
03/22/2018,MMU,NJ,AEA,EN,Towers with Radar,0,24,60,0,84,0,2,45,0,47,0,26,105,0,131,30,0,30,161
03/23/2018,MMU,NJ,AEA,EN,Towers with Radar,0,44,50,0,94,0,3,81,0,84,0,47,131,0,178,95,0,95,273
03/24/2018,MMU,NJ,AEA,EN,Towers with Radar,0,24,29,0,53,0,2,82,0,84,0,26,111,0,137,95,0,95,232
03/25/2018,MMU,NJ,AEA,EN,Towers with Radar,0,39,54,0,93,0,1,40,0,41,0,40,94,0,134,191,0,191,325
03/26/2018,MMU,NJ,AEA,EN,Towers with Radar,0,23,38,0,61,0,0,79,1,80,0,23,117,1,141,162,0,162,303
03/27/2018,MMU,NJ,AEA,EN,Towers with Radar,0,25,50,0,75,0,0,73,0,73,0,25,123,0,148,126,0,126,274
03/28/2018,MMU,NJ,AEA,EN,Towers with Radar,0,33,76,0,109,0,1,13,0,14,0,34,89,0,123,119,0,119,242
03/29/2018,MMU,NJ,AEA,EN,Towers with Radar,0,61,73,0,134,0,0,0,0,0,0,61,73,0,134,0,0,0,134
03/30/2018,MMU,NJ,AEA,EN,Towers with Radar,0,37,49,0,86,0,0,20,0,20,0,37,69,0,106,64,0,64,170
03/31/2018,MMU,NJ,AEA,EN,Towers with Radar,0,18,26,0,44,0,0,116,0,116,0,18,142,0,160,95,0,95,255
04/01/2018,MMU,NJ,AEA,EN,Towers with Radar,0,35,31,0,66,0,0,31,0,31,0,35,62,0,97,55,0,55,152
04/02/2018,MMU,NJ,AEA,EN,Towers with Radar,0,45,48,0,93,0,0,12,0,12,0,45,60,0,105,121,0,121,226
04/03/2018,MMU,NJ,AEA,EN,Towers with Radar,0,18,53,0,71,0,0,7,0,7,0,18,60,0,78,44,0,44,122
04/04/2018,MMU,NJ,AEA,EN,Towers with Radar,0,20,31,0,51,0,0,3,0,3,0,20,34,0,54,0,0,0,54
04/05/2018,MMU,NJ,AEA,EN,Towers with Radar,0,28,50,2,80,0,0,57,0,57,0,28,107,2,137,33,0,33,170
04/06/2018,MMU,NJ,AEA,EN,Towers with Radar,0,38,41,0,79,0,1,21,0,22,0,39,62,0,101,3,0,3,104
04/07/2018,MMU,NJ,AEA,EN,Towers with Radar,0,13,43,0,56,0,1,52,1,54,0,14,95,1,110,105,0,105,215
04/08/2018,MMU,NJ,AEA,EN,Towers with Radar,0,25,45,0,70,0,3,79,0,82,0,28,124,0,152,102,0,102,254
04/09/2018,MMU,NJ,AEA,EN,Towers with Radar,0,27,63,0,90,0,1,86,0,87,0,28,149,0,177,139,0,139,316
04/10/2018,MMU,NJ,AEA,EN,Towers with Radar,0,25,56,0,81,0,0,32,0,32,0,25,88,0,113,110,0,110,223
04/11/2018,MMU,NJ,AEA,EN,Towers with Radar,0,27,55,0,82,0,2,93,0,95,0,29,148,0,177,100,0,100,277
04/12/2018,MMU,NJ,AEA,EN,Towers with Radar,0,35,51,0,86,0,1,74,0,75,0,36,125,0,161,147,0,147,308
04/13/2018,MMU,NJ,AEA,EN,Towers with Radar,0,34,72,0,106,0,3,75,1,79,0,37,147,1,185,148,0,148,333
04/14/2018,MMU,NJ,AEA,EN,Towers with Radar,0,9,29,0,38,0,2,92,0,94,0,11,121,0,132,174,0,174,306
04/15/2018,MMU,NJ,AEA,EN,Towers with Radar,0,32,70,0,102,0,2,2,0,4,0,34,72,0,106,0,0,0,106
04/16/2018,MMU,NJ,AEA,EN,Towers with Radar,0,33,48,2,83,0,0,6,0,6,0,33,54,2,89,87,0,87,176
04/17/2018,MMU,NJ,AEA,EN,Towers with Radar,0,19,63,0,82,0,8,74,0,82,0,27,137,0,164,136,0,136,300
04/18/2018,MMU,NJ,AEA,EN,Towers with Radar,0,24,68,0,92,0,1,66,0,67,0,25,134,0,159,117,0,117,276
04/19/2018,MMU,NJ,AEA,EN,Towers with Radar,0,31,54,0,85,0,0,4,0,4,0,31,58,0,89,0,0,0,89
04/20/2018,MMU,NJ,AEA,EN,Towers with Radar,0,28,56,0,84,0,1,84,0,85,0,29,140,0,169,85,0,85,254
04/21/2018,MMU,NJ,AEA,EN,Towers with Radar,0,18,34,0,52,0,5,79,0,84,0,23,113,0,136,205,0,205,341
04/22/2018,MMU,NJ,AEA,EN,Towers with Radar,0,20,53,0,73,0,0,100,1,101,0,20,153,1,174,160,0,160,334
04/23/2018,MMU,NJ,AEA,EN,Towers with Radar,0,19,65,0,84,0,1,84,0,85,0,20,149,0,169,181,0,181,350
04/24/2018,MMU,NJ,AEA,EN,Towers with Radar,0,24,67,0,91,0,0,55,0,55,0,24,122,0,146,200,0,200,346
04/25/2018,MMU,NJ,AEA,EN,Towers with Radar,0,33,65,0,98,0,0,0,0,0,0,33,65,0,98,0,0,0,98
04/26/2018,MMU,NJ,AEA,EN,Towers with Radar,0,33,72,0,105,0,2,112,0,114,0,35,184,0,219,190,0,190,409
04/27/2018,MMU,NJ,AEA,EN,Towers with Radar,0,33,65,0,98,0,0,17,0,17,0,33,82,0,115,78,0,78,193
04/28/2018,MMU,NJ,AEA,EN,Towers with Radar,0,17,36,0,53,0,0,39,0,39,0,17,75,0,92,147,0,147,239
04/29/2018,MMU,NJ,AEA,EN,Towers with Radar,0,33,49,0,82,0,2,74,0,76,0,35,123,0,158,107,0,107,265
04/30/2018,MMU,NJ,AEA,EN,Towers with Radar,0,21,55,0,76,0,0,48,0,48,0,21,103,0,124,68,0,68,192
05/01/2018,MMU,NJ,AEA,EN,Towers with Radar,0,32,69,0,101,0,2,98,0,100,0,34,167,0,201,131,0,131,332
05/02/2018,MMU,NJ,AEA,EN,Towers with Radar,0,13,51,0,64,0,0,64,0,64,0,13,115,0,128,206,0,206,334
05/03/2018,MMU,NJ,AEA,EN,Towers with Radar,0,35,79,0,114,0,1,63,0,64,0,36,142,0,178,89,0,89,267
05/04/2018,MMU,NJ,AEA,EN,Towers with Radar,0,28,44,0,72,0,1,54,0,55,0,29,98,0,127,81,0,81,208
05/05/2018,MMU,NJ,AEA,EN,Towers with Radar,0,15,24,0,39,0,4,120,0,124,0,19,144,0,163,198,0,198,361
05/06/2018,MMU,NJ,AEA,EN,Towers with Radar,0,38,49,0,87,0,1,31,0,32,0,39,80,0,119,25,0,25,144
05/07/2018,MMU,NJ,AEA,EN,Towers with Radar,0,23,60,0,83,0,1,70,0,71,0,24,130,0,154,77,0,77,231
05/08/2018,MMU,NJ,AEA,EN,Towers with Radar,0,38,60,0,98,0,0,100,0,100,0,38,160,0,198,188,0,188,386
05/09/2018,MMU,NJ,AEA,EN,Towers with Radar,0,41,76,0,117,0,4,71,0,75,0,45,147,0,192,89,0,89,281
05/10/2018,MMU,NJ,AEA,EN,Towers with Radar,0,25,67,0,92,0,0,45,0,45,0,25,112,0,137,24,0,24,161
05/11/2018,MMU,NJ,AEA,EN,Towers with Radar,0,44,59,0,103,0,0,106,1,107,0,44,165,1,210,111,0,111,321
05/12/2018,MMU,NJ,AEA,EN,Towers with Radar,0,24,25,0,49,0,0,7,0,7,0,24,32,0,56,0,0,0,56
05/13/2018,MMU,NJ,AEA,EN,Towers with Radar,0,36,53,0,89,0,0,2,0,2,0,36,55,0,91,0,0,0,91
05/14/2018,MMU,NJ,AEA,EN,Towers with Radar,0,35,62,2,99,0,0,34,0,34,0,35,96,2,133,160,0,160,293
05/15/2018,MMU,NJ,AEA,EN,Towers with Radar,0,27,61,2,90,0,0,45,0,45,0,27,106,2,135,87,0,87,222
05/16/2018,MMU,NJ,AEA,EN,Towers with Radar,0,39,78,0,117,0,2,7,0,9,0,41,85,0,126,51,0,51,177
05/17/2018,MMU,NJ,AEA,EN,Towers with Radar,0,35,64,0,99,0,2,14,0,16,0,37,78,0,115,14,0,14,129
05/18/2018,MMU,NJ,AEA,EN,Towers with Radar,0,25,59,0,84,0,0,44,0,44,0,25,103,0,128,84,0,84,212
05/19/2018,MMU,NJ,AEA,EN,Towers with Radar,0,17,24,0,41,0,0,0,0,0,0,17,24,0,41,0,0,0,41
05/20/2018,MMU,NJ,AEA,EN,Towers with Radar,0,27,48,0,75,0,0,31,0,31,0,27,79,0,106,25,0,25,131
05/21/2018,MMU,NJ,AEA,EN,Towers with Radar,0,28,53,1,82,0,0,115,0,115,0,28,168,1,197,144,0,144,341
05/22/2018,MMU,NJ,AEA,EN,Towers with Radar,0,36,59,0,95,0,0,26,0,26,0,36,85,0,121,101,0,101,222
05/23/2018,MMU,NJ,AEA,EN,Towers with Radar,0,32,66,0,98,0,0,70,0,70,0,32,136,0,168,49,0,49,217
05/24/2018,MMU,NJ,AEA,EN,Towers with Radar,0,37,66,0,103,0,0,94,0,94,0,37,160,0,197,107,0,107,304
05/25/2018,MMU,NJ,AEA,EN,Towers with Radar,0,48,74,0,122,0,1,119,0,120,0,49,193,0,242,84,0,84,326
05/26/2018,MMU,NJ,AEA,EN,Towers with Radar,0,20,19,0,39,0,0,91,0,91,0,20,110,0,130,132,0,132,262
05/27/2018,MMU,NJ,AEA,EN,Towers with Radar,0,13,19,0,32,0,0,0,0,0,0,13,19,0,32,0,0,0,32
05/28/2018,MMU,NJ,AEA,EN,Towers with Radar,0,68,67,0,135,0,1,33,1,35,0,69,100,1,170,36,0,36,206
05/29/2018,MMU,NJ,AEA,EN,Towers with Radar,0,26,80,0,106,0,1,56,0,57,0,27,136,0,163,187,0,187,350
05/30/2018,MMU,NJ,AEA,EN,Towers with Radar,0,30,69,0,99,0,0,33,0,33,0,30,102,0,132,129,0,129,261
05/31/2018,MMU,NJ,AEA,EN,Towers with Radar,0,34,68,0,102,0,0,0,0,0,0,34,68,0,102,0,0,0,102
06/01/2018,MMU,NJ,AEA,EN,Towers with Radar,0,23,55,0,78,0,0,20,0,20,0,23,75,0,98,116,0,116,214
06/02/2018,MMU,NJ,AEA,EN,Towers with Radar,0,10,34,0,44,0,1,44,0,45,0,11,78,0,89,132,0,132,221
06/03/2018,MMU,NJ,AEA,EN,Towers with Radar,0,13,61,0,74,0,2,31,0,33,0,15,92,0,107,141,0,141,248
06/04/2018,MMU,NJ,AEA,EN,Towers with Radar,0,29,64,0,93,0,0,38,0,38,0,29,102,0,131,153,0,153,284
06/05/2018,MMU,NJ,AEA,EN,Towers with Radar,0,14,50,0,64,0,0,52,0,52,0,14,102,0,116,140,0,140,256
06/06/2018,MMU,NJ,AEA,EN,Towers with Radar,0,30,62,0,92,0,2,82,0,84,0,32,144,0,176,272,0,272,448
06/07/2018,MMU,NJ,AEA,EN,Towers with Radar,0,27,69,0,96,0,0,101,0,101,0,27,170,0,197,156,0,156,353
06/08/2018,MMU,NJ,AEA,EN,Towers with Radar,0,38,63,0,101,0,2,110,0,112,0,40,173,0,213,190,0,190,403
06/09/2018,MMU,NJ,AEA,EN,Towers with Radar,0,16,23,0,39,0,1,90,0,91,0,17,113,0,130,100,0,100,230
06/10/2018,MMU,NJ,AEA,EN,Towers with Radar,0,36,50,0,86,0,0,61,0,61,0,36,111,0,147,104,0,104,251
06/11/2018,MMU,NJ,AEA,EN,Towers with Radar,0,28,54,0,82,0,1,83,0,84,0,29,137,0,166,154,0,154,320
06/12/2018,MMU,NJ,AEA,EN,Towers with Radar,0,26,64,0,90,0,3,117,0,120,0,29,181,0,210,113,0,113,323
06/13/2018,MMU,NJ,AEA,EN,Towers with Radar,0,35,59,0,94,0,1,19,0,20,0,36,78,0,114,5,0,5,119
06/14/2018,MMU,NJ,AEA,EN,Towers with Radar,0,39,73,0,112,0,3,89,0,92,0,42,162,0,204,28,0,28,232
06/15/2018,MMU,NJ,AEA,EN,Towers with Radar,0,43,60,0,103,0,1,70,0,71,0,44,130,0,174,17,0,17,191
06/16/2018,MMU,NJ,AEA,EN,Towers with Radar,0,20,28,0,48,0,0,86,0,86,0,20,114,0,134,58,0,58,192
06/17/2018,MMU,NJ,AEA,EN,Towers with Radar,0,30,54,0,84,0,1,84,0,85,0,31,138,0,169,29,0,29,198
06/18/2018,MMU,NJ,AEA,EN,Towers with Radar,0,23,39,0,62,0,0,89,0,89,0,23,128,0,151,32,0,32,183
06/19/2018,MMU,NJ,AEA,EN,Towers with Radar,0,26,55,2,83,0,1,91,0,92,0,27,146,2,175,143,0,143,318
06/20/2018,MMU,NJ,AEA,EN,Towers with Radar,0,34,65,0,99,0,1,106,0,107,0,35,171,0,206,100,0,100,306
06/21/2018,MMU,NJ,AEA,EN,Towers with Radar,0,41,90,0,131,0,2,105,0,107,0,43,195,0,238,69,0,69,307
06/22/2018,MMU,NJ,AEA,EN,Towers with Radar,0,47,43,4,94,0,0,51,0,51,0,47,94,4,145,97,0,97,242
06/23/2018,MMU,NJ,AEA,EN,Towers with Radar,0,20,25,0,45,0,0,2,0,2,0,20,27,0,47,6,0,6,53
06/24/2018,MMU,NJ,AEA,EN,Towers with Radar,0,47,40,0,87,0,0,34,1,35,0,47,74,1,122,39,0,39,161
06/25/2018,MMU,NJ,AEA,EN,Towers with Radar,0,35,54,2,91,0,0,60,0,60,0,35,114,2,151,43,0,43,194
06/26/2018,MMU,NJ,AEA,EN,Towers with Radar,0,36,59,0,95,0,0,121,2,123,0,36,180,2,218,92,0,92,310
06/27/2018,MMU,NJ,AEA,EN,Towers with Radar,0,32,45,0,77,0,0,49,0,49,0,32,94,0,126,173,0,173,299
06/28/2018,MMU,NJ,AEA,EN,Towers with Radar,0,37,71,0,108,0,7,21,0,28,0,44,92,0,136,18,0,18,154
06/29/2018,MMU,NJ,AEA,EN,Towers with Radar,0,53,54,1,108,0,8,91,3,102,0,61,145,4,210,81,0,81,291
06/30/2018,MMU,NJ,AEA,EN,Towers with Radar,0,38,46,0,84,0,0,39,0,39,0,38,85,0,123,0,0,0,123
07/01/2018,MMU,NJ,AEA,EN,Towers with Radar,0,44,35,1,80,0,0,29,0,29,0,44,64,1,109,6,0,6,115
07/02/2018,MMU,NJ,AEA,EN,Towers with Radar,0,28,38,0,66,0,3,82,0,85,0,31,120,0,151,91,0,91,242
07/03/2018,MMU,NJ,AEA,EN,Towers with Radar,0,34,32,0,66,0,1,35,0,36,0,35,67,0,102,105,0,105,207
07/04/2018,MMU,NJ,AEA,EN,Towers with Radar,0,11,17,0,28,0,0,17,0,17,0,11,34,0,45,18,0,18,63
07/05/2018,MMU,NJ,AEA,EN,Towers with Radar,0,26,27,1,54,0,0,52,0,52,0,26,79,1,106,119,0,119,225
07/06/2018,MMU,NJ,AEA,EN,Towers with Radar,0,33,30,2,65,0,0,26,0,26,0,33,56,2,91,0,0,0,91
07/07/2018,MMU,NJ,AEA,EN,Towers with Radar,0,22,43,1,66,0,1,51,0,52,0,23,94,1,118,0,0,0,118
07/08/2018,MMU,NJ,AEA,EN,Towers with Radar,1,32,53,3,89,0,0,64,0,64,1,32,117,3,153,6,0,6,159
07/09/2018,MMU,NJ,AEA,EN,Towers with Radar,0,24,43,0,67,0,3,100,0,103,0,27,143,0,170,134,0,134,304
07/10/2018,MMU,NJ,AEA,EN,Towers with Radar,0,19,55,0,74,0,0,95,0,95,0,19,150,0,169,166,0,166,335
07/11/2018,MMU,NJ,AEA,EN,Towers with Radar,0,28,62,0,90,0,2,88,0,90,0,30,150,0,180,131,0,131,311
07/12/2018,MMU,NJ,AEA,EN,Towers with Radar,1,28,63,0,92,0,0,118,0,118,1,28,181,0,210,178,0,178,388
07/13/2018,MMU,NJ,AEA,EN,Towers with Radar,0,31,45,0,76,0,2,128,0,130,0,33,173,0,206,129,0,129,335
07/14/2018,MMU,NJ,AEA,EN,Towers with Radar,0,17,49,0,66,0,0,105,0,105,0,17,154,0,171,27,0,27,198
07/15/2018,MMU,NJ,AEA,EN,Towers with Radar,0,31,48,0,79,0,2,37,0,39,0,33,85,0,118,45,0,45,163
07/16/2018,MMU,NJ,AEA,EN,Towers with Radar,0,40,55,0,95,0,1,70,0,71,0,41,125,0,166,138,0,138,304
07/17/2018,MMU,NJ,AEA,EN,Towers with Radar,0,38,58,0,96,0,0,15,0,15,0,38,73,0,111,56,0,56,167
07/18/2018,MMU,NJ,AEA,EN,Towers with Radar,0,56,63,0,119,0,0,101,0,101,0,56,164,0,220,103,0,103,323
07/19/2018,MMU,NJ,AEA,EN,Towers with Radar,1,43,53,1,98,0,2,157,0,159,1,45,210,1,257,132,0,132,389
07/20/2018,MMU,NJ,AEA,EN,Towers with Radar,0,56,50,1,107,0,2,95,0,97,0,58,145,1,204,124,0,124,328
07/21/2018,MMU,NJ,AEA,EN,Towers with Radar,0,23,35,0,58,0,1,25,0,26,0,24,60,0,84,0,0,0,84
07/22/2018,MMU,NJ,AEA,EN,Towers with Radar,0,43,52,1,96,0,0,4,6,10,0,43,56,7,106,0,0,0,106
07/23/2018,MMU,NJ,AEA,EN,Towers with Radar,0,36,69,0,105,0,0,4,0,4,0,36,73,0,109,0,0,0,109
07/24/2018,MMU,NJ,AEA,EN,Towers with Radar,0,39,70,0,109,0,0,22,0,22,0,39,92,0,131,23,0,23,154
07/25/2018,MMU,NJ,AEA,EN,Towers with Radar,0,39,71,0,110,0,0,1,0,1,0,39,72,0,111,0,0,0,111
07/26/2018,MMU,NJ,AEA,EN,Towers with Radar,0,45,80,0,125,0,0,59,0,59,0,45,139,0,184,133,0,133,317
07/27/2018,MMU,NJ,AEA,EN,Towers with Radar,0,51,60,3,114,0,0,58,0,58,0,51,118,3,172,76,0,76,248
07/28/2018,MMU,NJ,AEA,EN,Towers with Radar,0,29,48,0,77,0,0,27,0,27,0,29,75,0,104,0,0,0,104
07/29/2018,MMU,NJ,AEA,EN,Towers with Radar,1,35,57,1,94,0,0,50,2,52,1,35,107,3,146,11,0,11,157
07/30/2018,MMU,NJ,AEA,EN,Towers with Radar,0,37,56,0,93,0,9,94,0,103,0,46,150,0,196,218,0,218,414
07/31/2018,MMU,NJ,AEA,EN,Towers with Radar,0,40,61,0,101,0,1,91,1,93,0,41,152,1,194,164,0,164,358
08/01/2018,MMU,NJ,AEA,EN,Towers with Radar,0,23,72,0,95,0,0,18,0,18,0,23,90,0,113,34,0,34,147
08/02/2018,MMU,NJ,AEA,EN,Towers with Radar,0,32,72,3,107,0,2,53,5,60,0,34,125,8,167,87,0,87,254
08/03/2018,MMU,NJ,AEA,EN,Towers with Radar,0,43,52,0,95,0,0,6,0,6,0,43,58,0,101,0,0,0,101
08/04/2018,MMU,NJ,AEA,EN,Towers with Radar,2,17,43,3,65,0,1,17,1,19,2,18,60,4,84,6,0,6,90
08/05/2018,MMU,NJ,AEA,EN,Towers with Radar,0,41,36,0,77,0,0,47,0,47,0,41,83,0,124,0,0,0,124
08/06/2018,MMU,NJ,AEA,EN,Towers with Radar,0,33,60,0,93,0,2,52,0,54,0,35,112,0,147,0,0,0,147
08/07/2018,MMU,NJ,AEA,EN,Towers with Radar,0,27,77,0,104,0,2,11,0,13,0,29,88,0,117,4,0,4,121
08/08/2018,MMU,NJ,AEA,EN,Towers with Radar,0,39,68,0,107,0,0,55,0,55,0,39,123,0,162,0,0,0,162
08/09/2018,MMU,NJ,AEA,EN,Towers with Radar,0,35,78,0,113,0,0,79,0,79,0,35,157,0,192,2,0,2,194
08/10/2018,MMU,NJ,AEA,EN,Towers with Radar,0,54,49,2,105,0,0,61,0,61,0,54,110,2,166,0,0,0,166
08/11/2018,MMU,NJ,AEA,EN,Towers with Radar,0,12,26,0,38,0,0,4,0,4,0,12,30,0,42,0,0,0,42
08/12/2018,MMU,NJ,AEA,EN,Towers with Radar,0,36,54,0,90,0,0,22,1,23,0,36,76,1,113,0,0,0,113
08/13/2018,MMU,NJ,AEA,EN,Towers with Radar,1,25,48,1,75,0,0,0,0,0,1,25,48,1,75,0,0,0,75
08/14/2018,MMU,NJ,AEA,EN,Towers with Radar,0,29,65,0,94,0,10,10,0,20,0,39,75,0,114,33,0,33,147
08/15/2018,MMU,NJ,AEA,EN,Towers with Radar,0,24,64,0,88,0,3,141,0,144,0,27,205,0,232,233,0,233,465
08/16/2018,MMU,NJ,AEA,EN,Towers with Radar,0,29,101,0,130,0,1,121,0,122,0,30,222,0,252,223,0,223,475
08/17/2018,MMU,NJ,AEA,EN,Towers with Radar,0,36,46,1,83,0,1,54,3,58,0,37,100,4,141,132,0,132,273
08/18/2018,MMU,NJ,AEA,EN,Towers with Radar,0,22,32,0,54,0,0,21,0,21,0,22,53,0,75,0,0,0,75
08/19/2018,MMU,NJ,AEA,EN,Towers with Radar,0,39,53,2,94,0,2,4,0,6,0,41,57,2,100,61,0,61,161
08/20/2018,MMU,NJ,AEA,EN,Towers with Radar,0,36,75,0,111,0,1,41,0,42,0,37,116,0,153,231,0,231,384
08/21/2018,MMU,NJ,AEA,EN,Towers with Radar,0,28,66,0,94,0,0,33,0,33,0,28,99,0,127,209,0,209,336
08/22/2018,MMU,NJ,AEA,EN,Towers with Radar,0,29,53,0,82,0,0,34,0,34,0,29,87,0,116,121,0,121,237
08/23/2018,MMU,NJ,AEA,EN,Towers with Radar,0,31,55,0,86,0,3,97,0,100,0,34,152,0,186,106,0,106,292
08/24/2018,MMU,NJ,AEA,EN,Towers with Radar,0,35,61,0,96,0,4,116,0,120,0,39,177,0,216,149,0,149,365
08/25/2018,MMU,NJ,AEA,EN,Towers with Radar,0,20,31,0,51,0,1,107,0,108,0,21,138,0,159,120,0,120,279
08/26/2018,MMU,NJ,AEA,EN,Towers with Radar,0,30,33,0,63,0,0,92,0,92,0,30,125,0,155,97,0,97,252
08/27/2018,MMU,NJ,AEA,EN,Towers with Radar,0,24,79,2,105,0,1,71,0,72,0,25,150,2,177,121,0,121,298
08/28/2018,MMU,NJ,AEA,EN,Towers with Radar,0,24,67,2,93,0,4,112,0,116,0,28,179,2,209,177,0,177,386
08/29/2018,MMU,NJ,AEA,EN,Towers with Radar,0,31,69,0,100,0,2,89,0,91,0,33,158,0,191,126,0,126,317
08/30/2018,MMU,NJ,AEA,EN,Towers with Radar,0,53,63,0,116,0,1,75,0,76,0,54,138,0,192,79,0,79,271
08/31/2018,MMU,NJ,AEA,EN,Towers with Radar,0,43,59,0,102,0,4,11,0,15,0,47,70,0,117,4,0,4,121
09/01/2018,MMU,NJ,AEA,EN,Towers with Radar,1,23,34,0,58,0,3,53,0,56,1,26,87,0,114,88,0,88,202
09/02/2018,MMU,NJ,AEA,EN,Towers with Radar,1,22,23,0,46,0,2,41,0,43,1,24,64,0,89,96,0,96,185
09/03/2018,MMU,NJ,AEA,EN,Towers with Radar,0,50,41,0,91,0,0,57,0,57,0,50,98,0,148,10,0,10,158
09/04/2018,MMU,NJ,AEA,EN,Towers with Radar,0,25,76,0,101,0,1,96,0,97,0,26,172,0,198,220,0,220,418
09/05/2018,MMU,NJ,AEA,EN,Towers with Radar,0,25,66,1,92,0,0,126,1,127,0,25,192,2,219,155,0,155,374
09/06/2018,MMU,NJ,AEA,EN,Towers with Radar,0,22,82,1,105,0,0,53,0,53,0,22,135,1,158,14,0,14,172
09/07/2018,MMU,NJ,AEA,EN,Towers with Radar,0,22,70,0,92,0,0,21,0,21,0,22,91,0,113,0,0,0,113
09/08/2018,MMU,NJ,AEA,EN,Towers with Radar,0,11,39,0,50,0,0,61,0,61,0,11,100,0,111,111,0,111,222
09/09/2018,MMU,NJ,AEA,EN,Towers with Radar,0,22,48,0,70,0,0,12,0,12,0,22,60,0,82,26,0,26,108
09/10/2018,MMU,NJ,AEA,EN,Towers with Radar,0,24,60,0,84,0,0,0,0,0,0,24,60,0,84,0,0,0,84
09/11/2018,MMU,NJ,AEA,EN,Towers with Radar,0,37,71,0,108,0,2,4,0,6,0,39,75,0,114,21,0,21,135
09/12/2018,MMU,NJ,AEA,EN,Towers with Radar,0,27,66,0,93,0,0,2,0,2,0,27,68,0,95,0,0,0,95
09/13/2018,MMU,NJ,AEA,EN,Towers with Radar,0,49,69,0,118,0,0,12,0,12,0,49,81,0,130,26,0,26,156
09/14/2018,MMU,NJ,AEA,EN,Towers with Radar,0,36,74,0,110,0,0,11,0,11,0,36,85,0,121,52,0,52,173
09/15/2018,MMU,NJ,AEA,EN,Towers with Radar,0,16,58,0,74,0,3,72,0,75,0,19,130,0,149,153,0,153,302
09/16/2018,MMU,NJ,AEA,EN,Towers with Radar,0,37,52,0,89,0,0,113,0,113,0,37,165,0,202,86,0,86,288
09/17/2018,MMU,NJ,AEA,EN,Towers with Radar,0,31,48,0,79,0,0,3,0,3,0,31,51,0,82,0,0,0,82
09/18/2018,MMU,NJ,AEA,EN,Towers with Radar,0,26,51,0,77,0,0,4,0,4,0,26,55,0,81,8,0,8,89
09/19/2018,MMU,NJ,AEA,EN,Towers with Radar,0,30,64,0,94,0,0,90,0,90,0,30,154,0,184,145,0,145,329
09/20/2018,MMU,NJ,AEA,EN,Towers with Radar,0,52,87,1,140,0,0,40,0,40,0,52,127,1,180,215,0,215,395
09/21/2018,MMU,NJ,AEA,EN,Towers with Radar,2,48,64,0,114,0,0,48,0,48,2,48,112,0,162,105,0,105,267
09/22/2018,MMU,NJ,AEA,EN,Towers with Radar,0,17,56,0,73,0,0,36,0,36,0,17,92,0,109,0,0,0,109
09/23/2018,MMU,NJ,AEA,EN,Towers with Radar,0,35,72,0,107,0,0,20,0,20,0,35,92,0,127,0,0,0,127
09/24/2018,MMU,NJ,AEA,EN,Towers with Radar,0,28,66,0,94,0,0,54,0,54,0,28,120,0,148,0,0,0,148
09/25/2018,MMU,NJ,AEA,EN,Towers with Radar,0,20,49,0,69,0,0,0,0,0,0,20,49,0,69,0,0,0,69
09/26/2018,MMU,NJ,AEA,EN,Towers with Radar,0,32,66,0,98,0,0,17,0,17,0,32,83,0,115,0,0,0,115
09/27/2018,MMU,NJ,AEA,EN,Towers with Radar,0,37,78,0,115,0,1,85,0,86,0,38,163,0,201,63,0,63,264
09/28/2018,MMU,NJ,AEA,EN,Towers with Radar,0,57,70,0,127,0,0,27,0,27,0,57,97,0,154,20,0,20,174
09/29/2018,MMU,NJ,AEA,EN,Towers with Radar,0,14,34,0,48,0,0,122,0,122,0,14,156,0,170,90,0,90,260
09/30/2018,MMU,NJ,AEA,EN,Towers with Radar,0,40,53,0,93,0,0,141,0,141,0,40,194,0,234,139,0,139,373
10/01/2018,MMU,NJ,AEA,EN,Towers with Radar,0,18,67,0,85,0,0,48,1,49,0,18,115,1,134,224,0,224,358
10/02/2018,MMU,NJ,AEA,EN,Towers with Radar,0,25,56,0,81,0,0,32,0,32,0,25,88,0,113,56,0,56,169
10/03/2018,MMU,NJ,AEA,EN,Towers with Radar,0,22,65,0,87,0,0,107,0,107,0,22,172,0,194,177,0,177,371
10/04/2018,MMU,NJ,AEA,EN,Towers with Radar,0,44,96,0,140,0,0,15,0,15,0,44,111,0,155,0,0,0,155
10/05/2018,MMU,NJ,AEA,EN,Towers with Radar,0,44,74,0,118,0,2,90,0,92,0,46,164,0,210,98,0,98,308
10/06/2018,MMU,NJ,AEA,EN,Towers with Radar,0,30,45,0,75,0,1,0,0,1,0,31,45,0,76,0,0,0,76
10/07/2018,MMU,NJ,AEA,EN,Towers with Radar,0,32,66,0,98,0,0,32,0,32,0,32,98,0,130,116,0,116,246
10/08/2018,MMU,NJ,AEA,EN,Towers with Radar,0,49,71,0,120,0,0,0,0,0,0,49,71,0,120,0,0,0,120
10/09/2018,MMU,NJ,AEA,EN,Towers with Radar,0,44,60,0,104,0,0,20,0,20,0,44,80,0,124,24,0,24,148
10/10/2018,MMU,NJ,AEA,EN,Towers with Radar,0,44,85,0,129,0,0,34,0,34,0,44,119,0,163,56,0,56,219
10/11/2018,MMU,NJ,AEA,EN,Towers with Radar,0,33,54,0,87,0,0,2,0,2,0,33,56,0,89,0,0,0,89
10/12/2018,MMU,NJ,AEA,EN,Towers with Radar,0,46,46,0,92,0,1,61,0,62,0,47,107,0,154,16,0,16,170
10/13/2018,MMU,NJ,AEA,EN,Towers with Radar,0,21,28,0,49,0,0,57,0,57,0,21,85,0,106,65,0,65,171
10/14/2018,MMU,NJ,AEA,EN,Towers with Radar,0,46,50,0,96,0,0,120,0,120,0,46,170,0,216,108,0,108,324
10/15/2018,MMU,NJ,AEA,EN,Towers with Radar,0,37,60,0,97,0,0,5,0,5,0,37,65,0,102,0,0,0,102
10/16/2018,MMU,NJ,AEA,EN,Towers with Radar,0,30,51,0,81,0,0,61,0,61,0,30,112,0,142,85,0,85,227
10/17/2018,MMU,NJ,AEA,EN,Towers with Radar,0,31,56,0,87,0,1,56,0,57,0,32,112,0,144,43,0,43,187
10/18/2018,MMU,NJ,AEA,EN,Towers with Radar,0,37,50,0,87,0,0,49,0,49,0,37,99,0,136,80,0,80,216
10/19/2018,MMU,NJ,AEA,EN,Towers with Radar,0,28,63,4,95,0,2,111,0,113,0,30,174,4,208,132,0,132,340
10/20/2018,MMU,NJ,AEA,EN,Towers with Radar,0,17,51,0,68,0,0,28,0,28,0,17,79,0,96,52,0,52,148
10/21/2018,MMU,NJ,AEA,EN,Towers with Radar,0,42,56,0,98,0,1,27,0,28,0,43,83,0,126,16,0,16,142
10/22/2018,MMU,NJ,AEA,EN,Towers with Radar,0,23,67,2,92,0,3,77,0,80,0,26,144,2,172,157,0,157,329
10/23/2018,MMU,NJ,AEA,EN,Towers with Radar,0,26,50,0,76,0,1,68,0,69,0,27,118,0,145,155,0,155,300
10/24/2018,MMU,NJ,AEA,EN,Towers with Radar,0,23,64,0,87,0,0,52,0,52,0,23,116,0,139,19,0,19,158
10/25/2018,MMU,NJ,AEA,EN,Towers with Radar,0,28,67,0,95,0,0,72,0,72,0,28,139,0,167,70,0,70,237
10/26/2018,MMU,NJ,AEA,EN,Towers with Radar,0,43,46,2,91,0,0,84,0,84,0,43,130,2,175,135,0,135,310
10/27/2018,MMU,NJ,AEA,EN,Towers with Radar,0,20,24,0,44,0,0,0,0,0,0,20,24,0,44,0,0,0,44
10/28/2018,MMU,NJ,AEA,EN,Towers with Radar,0,47,39,0,86,0,0,43,0,43,0,47,82,0,129,199,0,199,328
10/29/2018,MMU,NJ,AEA,EN,Towers with Radar,0,38,51,2,91,0,3,29,0,32,0,41,80,2,123,85,0,85,208
10/30/2018,MMU,NJ,AEA,EN,Towers with Radar,0,26,56,0,82,0,0,77,0,77,0,26,133,0,159,26,0,26,185
10/31/2018,MMU,NJ,AEA,EN,Towers with Radar,0,24,59,0,83,0,2,99,0,101,0,26,158,0,184,141,0,141,325
11/01/2018,MMU,NJ,AEA,EN,Towers with Radar,0,31,69,0,100,0,0,81,0,81,0,31,150,0,181,150,0,150,331
11/02/2018,MMU,NJ,AEA,EN,Towers with Radar,0,36,53,0,89,0,0,1,0,1,0,36,54,0,90,50,0,50,140
11/03/2018,MMU,NJ,AEA,EN,Towers with Radar,0,26,31,0,57,0,0,15,0,15,0,26,46,0,72,1,0,1,73
11/04/2018,MMU,NJ,AEA,EN,Towers with Radar,0,29,54,0,83,0,0,145,0,145,0,29,199,0,228,270,0,270,498
11/05/2018,MMU,NJ,AEA,EN,Towers with Radar,0,34,37,0,71,0,0,6,0,6,0,34,43,0,77,0,0,0,77
11/06/2018,MMU,NJ,AEA,EN,Towers with Radar,0,26,39,2,67,0,0,0,0,0,0,26,39,2,67,0,0,0,67
11/07/2018,MMU,NJ,AEA,EN,Towers with Radar,0,44,72,0,116,0,0,65,0,65,0,44,137,0,181,70,0,70,251
11/08/2018,MMU,NJ,AEA,EN,Towers with Radar,0,47,66,0,113,0,0,90,0,90,0,47,156,0,203,129,0,129,332
11/09/2018,MMU,NJ,AEA,EN,Towers with Radar,0,42,74,0,116,0,0,28,0,28,0,42,102,0,144,60,0,60,204
11/10/2018,MMU,NJ,AEA,EN,Towers with Radar,0,25,26,0,51,0,0,8,0,8,0,25,34,0,59,10,0,10,69
11/11/2018,MMU,NJ,AEA,EN,Towers with Radar,0,41,54,0,95,0,3,124,0,127,0,44,178,0,222,180,0,180,402
11/12/2018,MMU,NJ,AEA,EN,Towers with Radar,0,32,63,0,95,0,0,72,0,72,0,32,135,0,167,135,0,135,302
11/13/2018,MMU,NJ,AEA,EN,Towers with Radar,0,30,53,0,83,0,0,16,0,16,0,30,69,0,99,60,0,60,159
11/14/2018,MMU,NJ,AEA,EN,Towers with Radar,0,28,56,0,84,0,0,57,0,57,0,28,113,0,141,18,0,18,159
11/15/2018,MMU,NJ,AEA,EN,Towers with Radar,0,22,50,0,72,0,0,10,0,10,0,22,60,0,82,59,0,59,141
11/16/2018,MMU,NJ,AEA,EN,Towers with Radar,0,58,53,0,111,0,1,20,0,21,0,59,73,0,132,7,0,7,139
11/17/2018,MMU,NJ,AEA,EN,Towers with Radar,0,35,34,0,69,0,1,89,0,90,0,36,123,0,159,123,0,123,282
11/18/2018,MMU,NJ,AEA,EN,Towers with Radar,0,22,40,0,62,0,1,85,0,86,0,23,125,0,148,170,0,170,318
11/19/2018,MMU,NJ,AEA,EN,Towers with Radar,0,19,73,0,92,0,0,26,0,26,0,19,99,0,118,49,0,49,167
11/20/2018,MMU,NJ,AEA,EN,Towers with Radar,0,57,74,0,131,0,1,44,0,45,0,58,118,0,176,75,0,75,251
11/21/2018,MMU,NJ,AEA,EN,Towers with Radar,0,45,67,0,112,0,0,44,0,44,0,45,111,0,156,15,0,15,171
11/22/2018,MMU,NJ,AEA,EN,Towers with Radar,0,15,11,0,26,0,1,5,0,6,0,16,16,0,32,6,0,6,38
11/23/2018,MMU,NJ,AEA,EN,Towers with Radar,0,28,17,0,45,0,0,70,0,70,0,28,87,0,115,44,0,44,159
11/24/2018,MMU,NJ,AEA,EN,Towers with Radar,0,26,35,0,61,0,0,12,0,12,0,26,47,0,73,22,0,22,95
11/25/2018,MMU,NJ,AEA,EN,Towers with Radar,0,53,88,0,141,0,2,97,35,134,0,55,185,35,275,55,0,55,330
11/26/2018,MMU,NJ,AEA,EN,Towers with Radar,0,46,75,0,121,0,0,2,0,2,0,46,77,0,123,0,0,0,123
11/27/2018,MMU,NJ,AEA,EN,Towers with Radar,0,35,70,0,105,0,0,20,0,20,0,35,90,0,125,34,0,34,159
11/28/2018,MMU,NJ,AEA,EN,Towers with Radar,0,19,63,0,82,0,1,25,0,26,0,20,88,0,108,30,0,30,138
11/29/2018,MMU,NJ,AEA,EN,Towers with Radar,0,38,71,0,109,0,0,69,0,69,0,38,140,0,178,25,0,25,203
11/30/2018,MMU,NJ,AEA,EN,Towers with Radar,0,36,73,0,109,0,0,48,0,48,0,36,121,0,157,51,0,51,208
12/01/2018,MMU,NJ,AEA,EN,Towers with Radar,0,16,38,0,54,0,0,91,0,91,0,16,129,0,145,137,0,137,282
12/02/2018,MMU,NJ,AEA,EN,Towers with Radar,0,40,55,0,95,0,0,0,0,0,0,40,55,0,95,0,0,0,95
12/03/2018,MMU,NJ,AEA,EN,Towers with Radar,0,21,60,0,81,0,0,62,0,62,0,21,122,0,143,30,0,30,173
12/04/2018,MMU,NJ,AEA,EN,Towers with Radar,0,43,72,2,117,0,0,88,0,88,0,43,160,2,205,102,0,102,307
12/05/2018,MMU,NJ,AEA,EN,Towers with Radar,0,46,86,0,132,0,1,87,0,88,0,47,173,0,220,128,0,128,348
12/06/2018,MMU,NJ,AEA,EN,Towers with Radar,0,49,113,0,162,0,1,105,0,106,0,50,218,0,268,94,0,94,362
12/07/2018,MMU,NJ,AEA,EN,Towers with Radar,0,34,61,0,95,0,0,60,0,60,0,34,121,0,155,44,0,44,199
12/08/2018,MMU,NJ,AEA,EN,Towers with Radar,0,11,39,0,50,0,1,75,0,76,0,12,114,0,126,134,0,134,260
12/09/2018,MMU,NJ,AEA,EN,Towers with Radar,0,35,37,0,72,0,0,73,0,73,0,35,110,0,145,102,0,102,247
12/10/2018,MMU,NJ,AEA,EN,Towers with Radar,0,24,48,0,72,0,0,58,1,59,0,24,106,1,131,96,7,103,234
12/11/2018,MMU,NJ,AEA,EN,Towers with Radar,0,29,68,0,97,0,0,74,0,74,0,29,142,0,171,88,0,88,259
12/12/2018,MMU,NJ,AEA,EN,Towers with Radar,0,22,66,0,88,0,0,60,0,60,0,22,126,0,148,175,0,175,323
12/13/2018,MMU,NJ,AEA,EN,Towers with Radar,0,34,52,0,86,0,0,10,0,10,0,34,62,0,96,0,0,0,96
12/14/2018,MMU,NJ,AEA,EN,Towers with Radar,0,25,43,0,68,0,0,12,0,12,0,25,55,0,80,69,0,69,149
12/15/2018,MMU,NJ,AEA,EN,Towers with Radar,0,11,19,0,30,0,0,14,0,14,0,11,33,0,44,3,0,3,47
12/16/2018,MMU,NJ,AEA,EN,Towers with Radar,0,22,35,0,57,0,0,0,7,7,0,22,35,7,64,0,0,0,64
12/17/2018,MMU,NJ,AEA,EN,Towers with Radar,0,23,44,0,67,0,0,59,0,59,0,23,103,0,126,95,0,95,221
12/18/2018,MMU,NJ,AEA,EN,Towers with Radar,0,23,37,0,60,0,0,61,0,61,0,23,98,0,121,31,0,31,152
12/19/2018,MMU,NJ,AEA,EN,Towers with Radar,0,27,47,0,74,0,0,106,0,106,0,27,153,0,180,137,0,137,317
12/20/2018,MMU,NJ,AEA,EN,Towers with Radar,0,32,57,0,89,0,0,34,0,34,0,32,91,0,123,50,0,50,173
12/21/2018,MMU,NJ,AEA,EN,Towers with Radar,0,31,33,0,64,0,0,0,0,0,0,31,33,0,64,7,0,7,71
12/22/2018,MMU,NJ,AEA,EN,Towers with Radar,0,41,32,0,73,0,0,15,0,15,0,41,47,0,88,16,0,16,104
12/23/2018,MMU,NJ,AEA,EN,Towers with Radar,0,25,29,0,54,0,1,101,0,102,0,26,130,0,156,96,0,96,252
12/24/2018,MMU,NJ,AEA,EN,Towers with Radar,0,17,9,0,26,0,0,10,0,10,0,17,19,0,36,33,0,33,69
12/25/2018,MMU,NJ,AEA,EN,Towers with Radar,0,30,12,0,42,0,1,12,0,13,0,31,24,0,55,24,0,24,79
12/26/2018,MMU,NJ,AEA,EN,Towers with Radar,0,48,67,0,115,0,0,58,0,58,0,48,125,0,173,49,0,49,222
12/27/2018,MMU,NJ,AEA,EN,Towers with Radar,0,32,54,0,86,0,2,95,0,97,0,34,149,0,183,73,0,73,256
12/28/2018,MMU,NJ,AEA,EN,Towers with Radar,0,32,32,0,64,0,0,0,0,0,0,32,32,0,64,0,0,0,64
12/29/2018,MMU,NJ,AEA,EN,Towers with Radar,0,23,15,0,38,0,0,64,0,64,0,23,79,0,102,60,0,60,162
12/30/2018,MMU,NJ,AEA,EN,Towers with Radar,0,10,18,0,28,0,0,25,0,25,0,10,43,0,53,158,0,158,211
12/31/2018,MMU,NJ,AEA,EN,Towers with Radar,0,16,19,0,35,0,0,16,0,16,0,16,35,0,51,36,0,36,87
01/01/2019,MMU,NJ,AEA,EN,Towers with Radar,0,35,33,0,68,0,0,8,0,8,0,35,41,0,76,0,0,0,76
01/02/2019,MMU,NJ,AEA,EN,Towers with Radar,0,42,60,0,102,0,0,76,0,76,0,42,136,0,178,139,0,139,317
01/03/2019,MMU,NJ,AEA,EN,Towers with Radar,0,32,43,0,75,0,0,47,0,47,0,32,90,0,122,79,0,79,201
01/04/2019,MMU,NJ,AEA,EN,Towers with Radar,0,28,48,0,76,0,1,85,0,86,0,29,133,0,162,103,0,103,265
01/05/2019,MMU,NJ,AEA,EN,Towers with Radar,0,21,39,0,60,0,0,1,0,1,0,21,40,0,61,8,0,8,69
01/06/2019,MMU,NJ,AEA,EN,Towers with Radar,0,33,43,0,76,0,0,43,0,43,0,33,86,0,119,55,0,55,174
01/07/2019,MMU,NJ,AEA,EN,Towers with Radar,0,14,43,0,57,0,0,52,0,52,0,14,95,0,109,179,0,179,288
01/08/2019,MMU,NJ,AEA,EN,Towers with Radar,0,22,38,0,60,0,0,0,0,0,0,22,38,0,60,0,0,0,60
01/09/2019,MMU,NJ,AEA,EN,Towers with Radar,0,25,34,0,59,0,1,26,0,27,0,26,60,0,86,6,0,6,92
01/10/2019,MMU,NJ,AEA,EN,Towers with Radar,0,25,40,0,65,0,0,21,0,21,0,25,61,0,86,2,0,2,88
01/11/2019,MMU,NJ,AEA,EN,Towers with Radar,0,19,45,0,64,0,0,41,0,41,0,19,86,0,105,46,0,46,151
01/12/2019,MMU,NJ,AEA,EN,Towers with Radar,0,7,23,0,30,0,0,89,0,89,0,7,112,0,119,215,0,215,334
01/13/2019,MMU,NJ,AEA,EN,Towers with Radar,0,12,29,0,41,0,0,51,0,51,0,12,80,0,92,155,0,155,247
01/14/2019,MMU,NJ,AEA,EN,Towers with Radar,0,28,43,0,71,0,0,88,0,88,0,28,131,0,159,96,0,96,255
01/15/2019,MMU,NJ,AEA,EN,Towers with Radar,0,19,50,0,69,0,0,44,1,45,0,19,94,1,114,252,0,252,366
01/16/2019,MMU,NJ,AEA,EN,Towers with Radar,0,27,36,0,63,0,1,31,0,32,0,28,67,0,95,226,0,226,321
01/17/2019,MMU,NJ,AEA,EN,Towers with Radar,0,32,70,0,102,0,0,44,0,44,0,32,114,0,146,121,0,121,267
01/18/2019,MMU,NJ,AEA,EN,Towers with Radar,0,30,54,0,84,0,0,3,0,3,0,30,57,0,87,0,0,0,87
01/19/2019,MMU,NJ,AEA,EN,Towers with Radar,0,9,17,0,26,0,0,31,0,31,0,9,48,0,57,142,0,142,199
01/20/2019,MMU,NJ,AEA,EN,Towers with Radar,0,8,24,0,32,0,0,1,0,1,0,8,25,0,33,2,0,2,35
01/21/2019,MMU,NJ,AEA,EN,Towers with Radar,0,30,61,0,91,0,0,9,0,9,0,30,70,0,100,0,0,0,100
01/22/2019,MMU,NJ,AEA,EN,Towers with Radar,0,31,57,0,88,0,1,56,0,57,0,32,113,0,145,58,0,58,203
01/23/2019,MMU,NJ,AEA,EN,Towers with Radar,0,24,44,0,68,0,0,27,0,27,0,24,71,0,95,141,0,141,236
01/24/2019,MMU,NJ,AEA,EN,Towers with Radar,0,34,55,0,89,0,0,3,0,3,0,34,58,0,92,0,0,0,92
01/25/2019,MMU,NJ,AEA,EN,Towers with Radar,0,23,49,0,72,0,0,79,0,79,0,23,128,0,151,95,0,95,246
01/26/2019,MMU,NJ,AEA,EN,Towers with Radar,0,18,34,0,52,0,2,94,0,96,0,20,128,0,148,175,0,175,323
01/27/2019,MMU,NJ,AEA,EN,Towers with Radar,0,34,39,0,73,0,0,66,0,66,0,34,105,0,139,81,0,81,220
01/28/2019,MMU,NJ,AEA,EN,Towers with Radar,0,19,50,0,69,0,2,96,0,98,0,21,146,0,167,125,0,125,292
01/29/2019,MMU,NJ,AEA,EN,Towers with Radar,0,21,42,0,63,0,0,2,0,2,0,21,44,0,65,0,0,0,65
01/30/2019,MMU,NJ,AEA,EN,Towers with Radar,0,18,43,0,61,0,2,17,0,19,0,20,60,0,80,28,0,28,108
01/31/2019,MMU,NJ,AEA,EN,Towers with Radar,0,36,61,0,97,0,0,44,0,44,0,36,105,0,141,57,0,57,198
02/01/2019,MMU,NJ,AEA,EN,Towers with Radar,0,26,47,0,73,0,1,41,0,42,0,27,88,0,115,139,0,139,254
02/02/2019,MMU,NJ,AEA,EN,Towers with Radar,0,23,20,0,43,0,0,55,0,55,0,23,75,0,98,99,0,99,197
02/03/2019,MMU,NJ,AEA,EN,Towers with Radar,0,23,20,0,43,0,0,72,0,72,0,23,92,0,115,209,0,209,324
02/04/2019,MMU,NJ,AEA,EN,Towers with Radar,0,30,60,0,90,0,0,69,0,69,0,30,129,0,159,139,0,139,298
02/05/2019,MMU,NJ,AEA,EN,Towers with Radar,0,27,62,0,89,0,0,61,0,61,0,27,123,0,150,128,0,128,278
02/06/2019,MMU,NJ,AEA,EN,Towers with Radar,0,28,50,0,78,0,0,55,0,55,0,28,105,0,133,152,0,152,285
02/07/2019,MMU,NJ,AEA,EN,Towers with Radar,0,28,70,0,98,0,0,0,0,0,0,28,70,0,98,0,0,0,98
02/08/2019,MMU,NJ,AEA,EN,Towers with Radar,0,20,50,0,70,0,0,7,0,7,0,20,57,0,77,40,0,40,117
02/09/2019,MMU,NJ,AEA,EN,Towers with Radar,0,10,13,0,23,0,2,24,0,26,0,12,37,0,49,14,0,14,63
02/10/2019,MMU,NJ,AEA,EN,Towers with Radar,0,33,38,0,71,0,3,107,0,110,0,36,145,0,181,194,0,194,375
02/11/2019,MMU,NJ,AEA,EN,Towers with Radar,0,30,57,0,87,0,2,37,0,39,0,32,94,0,126,229,0,229,355
02/12/2019,MMU,NJ,AEA,EN,Towers with Radar,0,17,17,0,34,0,0,0,0,0,0,17,17,0,34,0,0,0,34
02/13/2019,MMU,NJ,AEA,EN,Towers with Radar,0,29,52,0,81,0,0,13,0,13,0,29,65,0,94,6,0,6,100
02/14/2019,MMU,NJ,AEA,EN,Towers with Radar,0,63,76,0,139,0,0,58,0,58,0,63,134,0,197,76,0,76,273
02/15/2019,MMU,NJ,AEA,EN,Towers with Radar,0,40,78,2,120,0,0,57,0,57,0,40,135,2,177,189,0,189,366
02/16/2019,MMU,NJ,AEA,EN,Towers with Radar,0,22,22,0,44,0,0,61,0,61,0,22,83,0,105,56,0,56,161
02/17/2019,MMU,NJ,AEA,EN,Towers with Radar,0,30,32,0,62,0,5,61,0,66,0,35,93,0,128,175,0,175,303
02/18/2019,MMU,NJ,AEA,EN,Towers with Radar,0,35,62,0,97,0,4,13,0,17,0,39,75,0,114,39,0,39,153
02/19/2019,MMU,NJ,AEA,EN,Towers with Radar,0,47,75,1,123,0,0,60,1,61,0,47,135,2,184,39,0,39,223
02/20/2019,MMU,NJ,AEA,EN,Towers with Radar,0,26,23,0,49,0,0,5,0,5,0,26,28,0,54,7,0,7,61
02/21/2019,MMU,NJ,AEA,EN,Towers with Radar,0,32,67,0,99,0,0,48,0,48,0,32,115,0,147,36,0,36,183
02/22/2019,MMU,NJ,AEA,EN,Towers with Radar,0,23,53,1,77,0,0,67,1,68,0,23,120,2,145,82,0,82,227
02/23/2019,MMU,NJ,AEA,EN,Towers with Radar,0,25,21,0,46,0,1,87,0,88,0,26,108,0,134,110,0,110,244
02/24/2019,MMU,NJ,AEA,EN,Towers with Radar,0,38,50,0,88,0,1,2,0,3,0,39,52,0,91,0,0,0,91
02/25/2019,MMU,NJ,AEA,EN,Towers with Radar,0,22,19,0,41,0,0,3,0,3,0,22,22,0,44,0,0,0,44
02/26/2019,MMU,NJ,AEA,EN,Towers with Radar,0,29,40,0,69,0,2,52,0,54,0,31,92,0,123,53,0,53,176
02/27/2019,MMU,NJ,AEA,EN,Towers with Radar,0,17,62,0,79,0,0,31,0,31,0,17,93,0,110,138,0,138,248
02/28/2019,MMU,NJ,AEA,EN,Towers with Radar,0,46,64,0,110,0,0,64,0,64,0,46,128,0,174,103,0,103,277
03/01/2019,MMU,NJ,AEA,EN,Towers with Radar,0,24,44,0,68,0,0,10,0,10,0,24,54,0,78,51,0,51,129
03/02/2019,MMU,NJ,AEA,EN,Towers with Radar,0,13,13,0,26,0,0,2,0,2,0,13,15,0,28,22,0,22,50
03/03/2019,MMU,NJ,AEA,EN,Towers with Radar,0,30,38,0,68,0,0,47,0,47,0,30,85,0,115,143,0,143,258
03/04/2019,MMU,NJ,AEA,EN,Towers with Radar,0,27,34,0,61,0,1,44,0,45,0,28,78,0,106,112,0,112,218
03/05/2019,MMU,NJ,AEA,EN,Towers with Radar,0,22,48,0,70,0,0,75,0,75,0,22,123,0,145,206,0,206,351
03/06/2019,MMU,NJ,AEA,EN,Towers with Radar,0,30,49,0,79,0,2,37,0,39,0,32,86,0,118,83,0,83,201
03/07/2019,MMU,NJ,AEA,EN,Towers with Radar,0,28,55,0,83,0,0,36,0,36,0,28,91,0,119,89,0,89,208
03/08/2019,MMU,NJ,AEA,EN,Towers with Radar,0,33,73,0,106,0,1,66,0,67,0,34,139,0,173,223,0,223,396
03/09/2019,MMU,NJ,AEA,EN,Towers with Radar,0,30,37,0,67,0,1,103,0,104,0,31,140,0,171,232,0,232,403
03/10/2019,MMU,NJ,AEA,EN,Towers with Radar,0,32,39,0,71,0,0,0,0,0,0,32,39,0,71,0,0,0,71
03/11/2019,MMU,NJ,AEA,EN,Towers with Radar,0,24,52,2,78,0,0,64,0,64,0,24,116,2,142,93,0,93,235
03/12/2019,MMU,NJ,AEA,EN,Towers with Radar,0,32,43,0,75,0,1,52,0,53,0,33,95,0,128,32,0,32,160
03/13/2019,MMU,NJ,AEA,EN,Towers with Radar,0,19,67,0,86,0,0,77,0,77,0,19,144,0,163,231,0,231,394
03/14/2019,MMU,NJ,AEA,EN,Towers with Radar,0,24,56,0,80,0,0,77,0,77,0,24,133,0,157,222,0,222,379
03/15/2019,MMU,NJ,AEA,EN,Towers with Radar,0,24,53,0,77,0,1,13,0,14,0,25,66,0,91,11,0,11,102
03/16/2019,MMU,NJ,AEA,EN,Towers with Radar,0,23,32,0,55,0,1,27,0,28,0,24,59,0,83,37,0,37,120
03/17/2019,MMU,NJ,AEA,EN,Towers with Radar,0,28,42,0,70,0,0,53,0,53,0,28,95,0,123,166,0,166,289
03/18/2019,MMU,NJ,AEA,EN,Towers with Radar,0,29,58,0,87,0,0,65,0,65,0,29,123,0,152,99,0,99,251
03/19/2019,MMU,NJ,AEA,EN,Towers with Radar,0,20,54,0,74,0,0,85,0,85,0,20,139,0,159,128,0,128,287
03/20/2019,MMU,NJ,AEA,EN,Towers with Radar,0,29,49,0,78,0,2,94,0,96,0,31,143,0,174,214,0,214,388
03/21/2019,MMU,NJ,AEA,EN,Towers with Radar,0,28,55,0,83,0,0,0,0,0,0,28,55,0,83,0,0,0,83
03/22/2019,MMU,NJ,AEA,EN,Towers with Radar,0,29,47,0,76,0,0,8,0,8,0,29,55,0,84,0,0,0,84
03/23/2019,MMU,NJ,AEA,EN,Towers with Radar,0,22,24,0,46,0,0,7,0,7,0,22,31,0,53,2,0,2,55
03/24/2019,MMU,NJ,AEA,EN,Towers with Radar,0,36,70,0,106,0,0,130,0,130,0,36,200,0,236,151,0,151,387
03/25/2019,MMU,NJ,AEA,EN,Towers with Radar,0,26,47,0,73,0,0,63,0,63,0,26,110,0,136,214,0,214,350
03/26/2019,MMU,NJ,AEA,EN,Towers with Radar,0,26,35,0,61,0,0,83,0,83,0,26,118,0,144,175,0,175,319
03/27/2019,MMU,NJ,AEA,EN,Towers with Radar,0,32,84,0,116,0,0,114,0,114,0,32,198,0,230,226,0,226,456
03/28/2019,MMU,NJ,AEA,EN,Towers with Radar,0,25,61,0,86,0,0,87,0,87,0,25,148,0,173,143,0,143,316
03/29/2019,MMU,NJ,AEA,EN,Towers with Radar,0,11,59,0,70,0,0,51,0,51,0,11,110,0,121,216,0,216,337
03/30/2019,MMU,NJ,AEA,EN,Towers with Radar,0,4,24,0,28,0,0,56,0,56,0,4,80,0,84,29,0,29,113
03/31/2019,MMU,NJ,AEA,EN,Towers with Radar,0,30,50,0,80,0,1,17,0,18,0,31,67,0,98,63,0,63,161
04/01/2019,MMU,NJ,AEA,EN,Towers with Radar,0,34,38,0,72,0,0,56,0,56,0,34,94,0,128,72,0,72,200
04/02/2019,MMU,NJ,AEA,EN,Towers with Radar,0,25,52,0,77,0,0,75,0,75,0,25,127,0,152,100,0,100,252
04/03/2019,MMU,NJ,AEA,EN,Towers with Radar,0,35,70,0,105,0,0,46,0,46,0,35,116,0,151,48,0,48,199
04/04/2019,MMU,NJ,AEA,EN,Towers with Radar,0,40,66,0,106,0,1,93,0,94,0,41,159,0,200,119,0,119,319
04/05/2019,MMU,NJ,AEA,EN,Towers with Radar,0,31,72,0,103,0,1,15,0,16,0,32,87,0,119,57,0,57,176
04/06/2019,MMU,NJ,AEA,EN,Towers with Radar,0,21,33,0,54,0,3,76,0,79,0,24,109,0,133,75,0,75,208
04/07/2019,MMU,NJ,AEA,EN,Towers with Radar,0,35,38,0,73,0,2,86,0,88,0,37,124,0,161,188,0,188,349
04/08/2019,MMU,NJ,AEA,EN,Towers with Radar,0,16,69,0,85,0,0,28,0,28,0,16,97,0,113,48,0,48,161
04/09/2019,MMU,NJ,AEA,EN,Towers with Radar,0,23,50,0,73,0,0,0,0,0,0,23,50,0,73,0,0,0,73
04/10/2019,MMU,NJ,AEA,EN,Towers with Radar,0,21,60,0,81,0,0,68,1,69,0,21,128,1,150,84,0,84,234
04/11/2019,MMU,NJ,AEA,EN,Towers with Radar,0,31,69,0,100,0,0,96,0,96,0,31,165,0,196,232,0,232,428
04/12/2019,MMU,NJ,AEA,EN,Towers with Radar,0,41,93,0,134,0,0,11,0,11,0,41,104,0,145,109,0,109,254
04/13/2019,MMU,NJ,AEA,EN,Towers with Radar,0,27,36,0,63,0,0,41,0,41,0,27,77,0,104,73,0,73,177
04/14/2019,MMU,NJ,AEA,EN,Towers with Radar,0,38,58,0,96,0,0,7,0,7,0,38,65,0,103,70,0,70,173
04/15/2019,MMU,NJ,AEA,EN,Towers with Radar,0,30,34,0,64,0,0,8,0,8,0,30,42,0,72,0,0,0,72
04/16/2019,MMU,NJ,AEA,EN,Towers with Radar,0,23,47,0,70,0,2,57,0,59,0,25,104,0,129,51,0,51,180
04/17/2019,MMU,NJ,AEA,EN,Towers with Radar,0,26,66,1,93,0,0,121,0,121,0,26,187,1,214,72,15,87,301
04/18/2019,MMU,NJ,AEA,EN,Towers with Radar,0,47,79,2,128,0,0,13,0,13,0,47,92,2,141,10,0,10,151
04/19/2019,MMU,NJ,AEA,EN,Towers with Radar,0,19,40,0,59,0,0,7,0,7,0,19,47,0,66,0,0,0,66
04/20/2019,MMU,NJ,AEA,EN,Towers with Radar,0,20,18,0,38,0,0,8,0,8,0,20,26,0,46,2,0,2,48
04/21/2019,MMU,NJ,AEA,EN,Towers with Radar,0,37,36,0,73,0,0,46,0,46,0,37,82,0,119,159,0,159,278
04/22/2019,MMU,NJ,AEA,EN,Towers with Radar,1,33,64,0,98,0,0,38,0,38,1,33,102,0,136,74,0,74,210
04/23/2019,MMU,NJ,AEA,EN,Towers with Radar,0,32,47,0,79,0,0,94,0,94,0,32,141,0,173,144,0,144,317
04/24/2019,MMU,NJ,AEA,EN,Towers with Radar,0,21,63,0,84,0,0,79,0,79,0,21,142,0,163,74,0,74,237
04/25/2019,MMU,NJ,AEA,EN,Towers with Radar,0,17,62,0,79,0,0,87,0,87,0,17,149,0,166,197,0,197,363
04/26/2019,MMU,NJ,AEA,EN,Towers with Radar,0,12,36,0,48,0,0,0,0,0,0,12,36,0,48,0,0,0,48
04/27/2019,MMU,NJ,AEA,EN,Towers with Radar,0,13,36,0,49,0,1,21,0,22,0,14,57,0,71,2,0,2,73
04/28/2019,MMU,NJ,AEA,EN,Towers with Radar,0,31,68,0,99,0,1,36,0,37,0,32,104,0,136,59,0,59,195
04/29/2019,MMU,NJ,AEA,EN,Towers with Radar,0,15,61,0,76,0,0,101,0,101,0,15,162,0,177,205,0,205,382
04/30/2019,MMU,NJ,AEA,EN,Towers with Radar,0,32,67,0,99,0,0,45,0,45,0,32,112,0,144,117,0,117,261
05/01/2019,MMU,NJ,AEA,EN,Towers with Radar,0,36,58,0,94,0,0,22,0,22,0,36,80,0,116,126,0,126,242
05/02/2019,MMU,NJ,AEA,EN,Towers with Radar,0,36,82,0,118,0,0,50,0,50,0,36,132,0,168,165,0,165,333
05/03/2019,MMU,NJ,AEA,EN,Towers with Radar,0,44,73,0,117,0,0,0,0,0,0,44,73,0,117,0,0,0,117
05/04/2019,MMU,NJ,AEA,EN,Towers with Radar,0,29,35,0,64,0,0,17,0,17,0,29,52,0,81,72,0,72,153
05/05/2019,MMU,NJ,AEA,EN,Towers with Radar,0,45,43,0,88,0,0,0,0,0,0,45,43,0,88,0,0,0,88
05/06/2019,MMU,NJ,AEA,EN,Towers with Radar,0,31,65,0,96,0,0,98,0,98,0,31,163,0,194,240,0,240,434
05/07/2019,MMU,NJ,AEA,EN,Towers with Radar,0,23,65,0,88,0,3,82,0,85,0,26,147,0,173,273,0,273,446
05/08/2019,MMU,NJ,AEA,EN,Towers with Radar,0,19,66,0,85,0,3,107,0,110,0,22,173,0,195,125,0,125,320
05/09/2019,MMU,NJ,AEA,EN,Towers with Radar,0,42,69,0,111,0,1,55,0,56,0,43,124,0,167,34,0,34,201
05/10/2019,MMU,NJ,AEA,EN,Towers with Radar,0,33,65,0,98,0,0,27,0,27,0,33,92,0,125,59,0,59,184
05/11/2019,MMU,NJ,AEA,EN,Towers with Radar,0,20,23,0,43,0,2,112,0,114,0,22,135,0,157,119,0,119,276
05/12/2019,MMU,NJ,AEA,EN,Towers with Radar,0,21,33,0,54,0,0,0,0,0,0,21,33,0,54,0,0,0,54
05/13/2019,MMU,NJ,AEA,EN,Towers with Radar,0,36,51,0,87,0,0,0,0,0,0,36,51,0,87,0,0,0,87
05/14/2019,MMU,NJ,AEA,EN,Towers with Radar,0,47,62,0,109,0,0,11,0,11,0,47,73,0,120,4,0,4,124
05/15/2019,MMU,NJ,AEA,EN,Towers with Radar,0,32,60,0,92,0,0,107,0,107,0,32,167,0,199,98,0,98,297
05/16/2019,MMU,NJ,AEA,EN,Towers with Radar,0,39,78,0,117,0,1,85,0,86,0,40,163,0,203,103,0,103,306
05/17/2019,MMU,NJ,AEA,EN,Towers with Radar,0,22,67,0,89,0,1,55,0,56,0,23,122,0,145,100,0,100,245
05/18/2019,MMU,NJ,AEA,EN,Towers with Radar,0,16,30,0,46,0,1,124,0,125,0,17,154,0,171,150,0,150,321
05/19/2019,MMU,NJ,AEA,EN,Towers with Radar,0,38,51,0,89,0,0,66,0,66,0,38,117,0,155,101,0,101,256
05/20/2019,MMU,NJ,AEA,EN,Towers with Radar,0,40,51,0,91,0,1,44,0,45,0,41,95,0,136,83,0,83,219
05/21/2019,MMU,NJ,AEA,EN,Towers with Radar,0,38,49,0,87,0,0,66,0,66,0,38,115,0,153,17,0,17,170
05/22/2019,MMU,NJ,AEA,EN,Towers with Radar,0,30,49,0,79,0,0,115,1,116,0,30,164,1,195,223,0,223,418
05/23/2019,MMU,NJ,AEA,EN,Towers with Radar,0,50,80,0,130,0,6,40,0,46,0,56,120,0,176,49,0,49,225
05/24/2019,MMU,NJ,AEA,EN,Towers with Radar,0,47,63,0,110,0,1,48,2,51,0,48,111,2,161,8,9,17,178
05/25/2019,MMU,NJ,AEA,EN,Towers with Radar,0,11,18,0,29,0,0,96,0,96,0,11,114,0,125,84,0,84,209
05/26/2019,MMU,NJ,AEA,EN,Towers with Radar,0,14,19,0,33,0,0,37,0,37,0,14,56,0,70,108,0,108,178
05/27/2019,MMU,NJ,AEA,EN,Towers with Radar,0,50,42,0,92,0,1,91,0,92,0,51,133,0,184,156,0,156,340
05/28/2019,MMU,NJ,AEA,EN,Towers with Radar,0,32,73,0,105,0,0,10,0,10,0,32,83,0,115,4,0,4,119
05/29/2019,MMU,NJ,AEA,EN,Towers with Radar,0,27,66,0,93,0,1,25,0,26,0,28,91,0,119,35,0,35,154
05/30/2019,MMU,NJ,AEA,EN,Towers with Radar,0,42,64,0,106,0,0,5,0,5,0,42,69,0,111,20,0,20,131
05/31/2019,MMU,NJ,AEA,EN,Towers with Radar,0,36,53,0,89,0,0,109,0,109,0,36,162,0,198,188,0,188,386
06/01/2019,MMU,NJ,AEA,EN,Towers with Radar,0,15,14,0,29,0,1,97,0,98,0,16,111,0,127,137,0,137,264
06/02/2019,MMU,NJ,AEA,EN,Towers with Radar,0,32,49,1,82,0,0,50,0,50,0,32,99,1,132,139,0,139,271
06/03/2019,MMU,NJ,AEA,EN,Towers with Radar,0,31,43,0,74,0,0,64,2,66,0,31,107,2,140,54,0,54,194
06/04/2019,MMU,NJ,AEA,EN,Towers with Radar,0,20,51,0,71,0,5,98,0,103,0,25,149,0,174,213,0,213,387
06/05/2019,MMU,NJ,AEA,EN,Towers with Radar,0,20,56,0,76,0,0,87,0,87,0,20,143,0,163,153,0,153,316
06/06/2019,MMU,NJ,AEA,EN,Towers with Radar,0,30,81,0,111,0,0,76,0,76,0,30,157,0,187,104,0,104,291
06/07/2019,MMU,NJ,AEA,EN,Towers with Radar,0,35,67,0,102,0,6,117,0,123,0,41,184,0,225,134,0,134,359
06/08/2019,MMU,NJ,AEA,EN,Towers with Radar,0,16,27,0,43,0,2,108,0,110,0,18,135,0,153,103,0,103,256
06/09/2019,MMU,NJ,AEA,EN,Towers with Radar,0,37,37,0,74,0,2,109,0,111,0,39,146,0,185,36,0,36,221
06/10/2019,MMU,NJ,AEA,EN,Towers with Radar,0,32,75,0,107,0,0,3,0,3,0,32,78,0,110,0,0,0,110
06/11/2019,MMU,NJ,AEA,EN,Towers with Radar,0,27,63,0,90,0,1,45,2,48,0,28,108,2,138,45,0,45,183
06/12/2019,MMU,NJ,AEA,EN,Towers with Radar,0,39,55,0,94,0,7,160,0,167,0,46,215,0,261,185,0,185,446
06/13/2019,MMU,NJ,AEA,EN,Towers with Radar,0,44,69,0,113,0,1,5,0,6,0,45,74,0,119,0,0,0,119
06/14/2019,MMU,NJ,AEA,EN,Towers with Radar,0,39,67,0,106,0,0,88,1,89,0,39,155,1,195,25,0,25,220
06/15/2019,MMU,NJ,AEA,EN,Towers with Radar,0,20,22,0,42,0,0,64,0,64,0,20,86,0,106,69,0,69,175
06/16/2019,MMU,NJ,AEA,EN,Towers with Radar,0,36,41,0,77,0,0,46,0,46,0,36,87,0,123,93,0,93,216
06/17/2019,MMU,NJ,AEA,EN,Towers with Radar,0,42,52,1,95,0,0,34,0,34,0,42,86,1,129,204,0,204,333
06/18/2019,MMU,NJ,AEA,EN,Towers with Radar,0,30,44,0,74,0,0,4,0,4,0,30,48,0,78,6,0,6,84
06/19/2019,MMU,NJ,AEA,EN,Towers with Radar,0,30,69,0,99,0,0,2,0,2,0,30,71,0,101,7,0,7,108
06/20/2019,MMU,NJ,AEA,EN,Towers with Radar,0,41,47,0,88,0,0,4,0,4,0,41,51,0,92,0,0,0,92
06/21/2019,MMU,NJ,AEA,EN,Towers with Radar,0,27,67,0,94,0,0,38,0,38,0,27,105,0,132,94,0,94,226
06/22/2019,MMU,NJ,AEA,EN,Towers with Radar,0,30,37,0,67,0,0,94,0,94,0,30,131,0,161,78,0,78,239
06/23/2019,MMU,NJ,AEA,EN,Towers with Radar,0,41,54,0,95,0,0,133,0,133,0,41,187,0,228,92,0,92,320
06/24/2019,MMU,NJ,AEA,EN,Towers with Radar,0,22,63,2,87,0,0,82,0,82,0,22,145,2,169,168,0,168,337
06/25/2019,MMU,NJ,AEA,EN,Towers with Radar,0,38,62,3,103,0,0,30,0,30,0,38,92,3,133,144,0,144,277
06/26/2019,MMU,NJ,AEA,EN,Towers with Radar,0,23,58,0,81,0,1,116,0,117,0,24,174,0,198,238,0,238,436
06/27/2019,MMU,NJ,AEA,EN,Towers with Radar,0,32,70,0,102,0,2,110,0,112,0,34,180,0,214,202,2,204,418
06/28/2019,MMU,NJ,AEA,EN,Towers with Radar,0,30,66,0,96,0,0,99,0,99,0,30,165,0,195,137,0,137,332
06/29/2019,MMU,NJ,AEA,EN,Towers with Radar,0,21,31,0,52,0,0,82,0,82,0,21,113,0,134,60,0,60,194
06/30/2019,MMU,NJ,AEA,EN,Towers with Radar,0,20,35,0,55,0,2,71,0,73,0,22,106,0,128,75,0,75,203
07/01/2019,MMU,NJ,AEA,EN,Towers with Radar,0,23,41,1,65,0,1,118,0,119,0,24,159,1,184,152,0,152,336
07/02/2019,MMU,NJ,AEA,EN,Towers with Radar,0,27,43,0,70,0,2,111,4,117,0,29,154,4,187,130,0,130,317
07/03/2019,MMU,NJ,AEA,EN,Towers with Radar,0,35,53,1,89,0,0,125,0,125,0,35,178,1,214,110,0,110,324
07/04/2019,MMU,NJ,AEA,EN,Towers with Radar,0,14,12,2,28,0,4,99,0,103,0,18,111,2,131,78,0,78,209
07/05/2019,MMU,NJ,AEA,EN,Towers with Radar,0,22,34,1,57,0,0,7,3,10,0,22,41,4,67,18,0,18,85
07/06/2019,MMU,NJ,AEA,EN,Towers with Radar,0,25,29,0,54,0,0,7,2,9,0,25,36,2,63,0,0,0,63
07/07/2019,MMU,NJ,AEA,EN,Towers with Radar,0,60,44,1,105,0,0,41,0,41,0,60,85,1,146,8,0,8,154
07/08/2019,MMU,NJ,AEA,EN,Towers with Radar,0,23,69,0,92,0,1,29,0,30,0,24,98,0,122,176,0,176,298
07/09/2019,MMU,NJ,AEA,EN,Towers with Radar,0,20,60,0,80,0,3,124,0,127,0,23,184,0,207,122,0,122,329
07/10/2019,MMU,NJ,AEA,EN,Towers with Radar,0,30,56,0,86,0,0,106,0,106,0,30,162,0,192,115,0,115,307
07/11/2019,MMU,NJ,AEA,EN,Towers with Radar,0,33,45,0,78,0,0,58,0,58,0,33,103,0,136,49,0,49,185
07/12/2019,MMU,NJ,AEA,EN,Towers with Radar,0,50,85,0,135,0,9,67,0,76,0,59,152,0,211,98,0,98,309
07/13/2019,MMU,NJ,AEA,EN,Towers with Radar,0,12,31,0,43,0,1,106,0,107,0,13,137,0,150,44,0,44,194
07/14/2019,MMU,NJ,AEA,EN,Towers with Radar,0,38,42,0,80,0,0,102,0,102,0,38,144,0,182,87,0,87,269
07/15/2019,MMU,NJ,AEA,EN,Towers with Radar,0,26,47,0,73,0,0,95,0,95,0,26,142,0,168,187,0,187,355
07/16/2019,MMU,NJ,AEA,EN,Towers with Radar,0,23,51,0,74,0,3,107,4,114,0,26,158,4,188,241,0,241,429
07/17/2019,MMU,NJ,AEA,EN,Towers with Radar,0,29,47,0,76,0,0,60,0,60,0,29,107,0,136,24,0,24,160
07/18/2019,MMU,NJ,AEA,EN,Towers with Radar,0,35,95,0,130,0,0,2,0,2,0,35,97,0,132,2,0,2,134
07/19/2019,MMU,NJ,AEA,EN,Towers with Radar,0,38,55,1,94,0,0,24,4,28,0,38,79,5,122,12,0,12,134
07/20/2019,MMU,NJ,AEA,EN,Towers with Radar,0,26,30,0,56,0,2,25,0,27,0,28,55,0,83,0,0,0,83
07/21/2019,MMU,NJ,AEA,EN,Towers with Radar,0,32,47,1,80,0,0,36,1,37,0,32,83,2,117,14,0,14,131
07/22/2019,MMU,NJ,AEA,EN,Towers with Radar,0,40,46,0,86,0,0,35,0,35,0,40,81,0,121,104,0,104,225
07/23/2019,MMU,NJ,AEA,EN,Towers with Radar,0,47,55,0,102,0,5,23,0,28,0,52,78,0,130,60,0,60,190
07/24/2019,MMU,NJ,AEA,EN,Towers with Radar,0,49,57,0,106,0,2,138,0,140,0,51,195,0,246,147,0,147,393
07/25/2019,MMU,NJ,AEA,EN,Towers with Radar,0,32,66,0,98,0,0,152,0,152,0,32,218,0,250,109,0,109,359
07/26/2019,MMU,NJ,AEA,EN,Towers with Radar,0,41,47,0,88,0,6,105,2,113,0,47,152,2,201,133,1,134,335
07/27/2019,MMU,NJ,AEA,EN,Towers with Radar,0,26,17,0,43,0,2,88,0,90,0,28,105,0,133,122,0,122,255
07/28/2019,MMU,NJ,AEA,EN,Towers with Radar,0,42,31,0,73,0,2,93,0,95,0,44,124,0,168,38,0,38,206
07/29/2019,MMU,NJ,AEA,EN,Towers with Radar,0,38,61,0,99,0,0,77,0,77,0,38,138,0,176,120,0,120,296
07/30/2019,MMU,NJ,AEA,EN,Towers with Radar,0,27,57,0,84,0,0,100,4,104,0,27,157,4,188,142,0,142,330
07/31/2019,MMU,NJ,AEA,EN,Towers with Radar,0,41,67,0,108,0,0,50,0,50,0,41,117,0,158,164,0,164,322
08/01/2019,MMU,NJ,AEA,EN,Towers with Radar,0,45,53,0,98,0,3,101,0,104,0,48,154,0,202,133,0,133,335
08/02/2019,MMU,NJ,AEA,EN,Towers with Radar,2,35,51,1,89,0,0,83,0,83,2,35,134,1,172,93,0,93,265
08/03/2019,MMU,NJ,AEA,EN,Towers with Radar,0,9,36,0,45,0,0,20,0,20,0,9,56,0,65,0,0,0,65
08/04/2019,MMU,NJ,AEA,EN,Towers with Radar,0,22,37,1,60,0,0,59,2,61,0,22,96,3,121,6,0,6,127
08/05/2019,MMU,NJ,AEA,EN,Towers with Radar,0,37,62,0,99,0,0,126,0,126,0,37,188,0,225,151,0,151,376
08/06/2019,MMU,NJ,AEA,EN,Towers with Radar,0,20,48,0,68,0,0,33,3,36,0,20,81,3,104,34,0,34,138
08/07/2019,MMU,NJ,AEA,EN,Towers with Radar,0,21,67,0,88,0,0,17,0,17,0,21,84,0,105,16,0,16,121
08/08/2019,MMU,NJ,AEA,EN,Towers with Radar,0,48,84,0,132,0,2,81,0,83,0,50,165,0,215,93,0,93,308
08/09/2019,MMU,NJ,AEA,EN,Towers with Radar,1,43,51,2,97,0,0,83,0,83,1,43,134,2,180,89,0,89,269
08/10/2019,MMU,NJ,AEA,EN,Towers with Radar,0,32,38,1,71,0,0,46,0,46,0,32,84,1,117,0,0,0,117
08/11/2019,MMU,NJ,AEA,EN,Towers with Radar,0,38,48,0,86,0,0,34,0,34,0,38,82,0,120,2,0,2,122
08/12/2019,MMU,NJ,AEA,EN,Towers with Radar,0,33,53,0,86,0,0,65,0,65,0,33,118,0,151,4,0,4,155
08/13/2019,MMU,NJ,AEA,EN,Towers with Radar,2,22,29,4,57,0,16,1,0,17,2,38,30,4,74,0,0,0,74
08/14/2019,MMU,NJ,AEA,EN,Towers with Radar,0,37,60,0,97,0,0,12,0,12,0,37,72,0,109,0,0,0,109
08/15/2019,MMU,NJ,AEA,EN,Towers with Radar,2,36,56,5,99,0,0,24,0,24,2,36,80,5,123,10,0,10,133
08/16/2019,MMU,NJ,AEA,EN,Towers with Radar,0,45,52,2,99,0,0,19,0,19,0,45,71,2,118,0,0,0,118
08/17/2019,MMU,NJ,AEA,EN,Towers with Radar,0,29,52,0,81,0,0,11,0,11,0,29,63,0,92,0,0,0,92
08/18/2019,MMU,NJ,AEA,EN,Towers with Radar,1,35,37,2,75,0,0,21,2,23,1,35,58,4,98,0,0,0,98
08/19/2019,MMU,NJ,AEA,EN,Towers with Radar,0,24,64,0,88,0,0,93,0,93,0,24,157,0,181,126,0,126,307
08/20/2019,MMU,NJ,AEA,EN,Towers with Radar,0,25,63,0,88,0,0,105,0,105,0,25,168,0,193,147,0,147,340
08/21/2019,MMU,NJ,AEA,EN,Towers with Radar,0,42,71,0,113,0,0,27,0,27,0,42,98,0,140,100,0,100,240
08/22/2019,MMU,NJ,AEA,EN,Towers with Radar,0,41,69,0,110,0,4,92,0,96,0,45,161,0,206,98,0,98,304
08/23/2019,MMU,NJ,AEA,EN,Towers with Radar,0,28,46,0,74,0,2,92,0,94,0,30,138,0,168,113,0,113,281
08/24/2019,MMU,NJ,AEA,EN,Towers with Radar,0,23,33,0,56,0,1,97,0,98,0,24,130,0,154,163,0,163,317
08/25/2019,MMU,NJ,AEA,EN,Towers with Radar,0,31,35,0,66,0,2,92,0,94,0,33,127,0,160,81,0,81,241
08/26/2019,MMU,NJ,AEA,EN,Towers with Radar,0,28,55,0,83,0,0,92,0,92,0,28,147,0,175,64,0,64,239
08/27/2019,MMU,NJ,AEA,EN,Towers with Radar,0,27,59,0,86,0,0,85,0,85,0,27,144,0,171,321,0,321,492
08/28/2019,MMU,NJ,AEA,EN,Towers with Radar,0,32,68,0,100,0,0,25,0,25,0,32,93,0,125,69,0,69,194
08/29/2019,MMU,NJ,AEA,EN,Towers with Radar,0,37,59,0,96,0,1,116,0,117,0,38,175,0,213,201,0,201,414
08/30/2019,MMU,NJ,AEA,EN,Towers with Radar,0,35,37,0,72,0,6,111,0,117,0,41,148,0,189,129,0,129,318
08/31/2019,MMU,NJ,AEA,EN,Towers with Radar,0,12,37,0,49,0,5,80,0,85,0,17,117,0,134,146,0,146,280
09/01/2019,MMU,NJ,AEA,EN,Towers with Radar,0,19,24,0,43,0,0,63,0,63,0,19,87,0,106,43,0,43,149
09/02/2019,MMU,NJ,AEA,EN,Towers with Radar,0,42,34,0,76,0,2,15,0,17,0,44,49,0,93,40,0,40,133
09/03/2019,MMU,NJ,AEA,EN,Towers with Radar,0,29,65,0,94,0,0,105,0,105,0,29,170,0,199,220,0,220,419
09/04/2019,MMU,NJ,AEA,EN,Towers with Radar,0,26,58,0,84,0,0,27,0,27,0,26,85,0,111,72,0,72,183
09/05/2019,MMU,NJ,AEA,EN,Towers with Radar,0,42,89,0,131,0,1,75,0,76,0,43,164,0,207,143,0,143,350
09/06/2019,MMU,NJ,AEA,EN,Towers with Radar,0,23,51,0,74,0,2,27,0,29,0,25,78,0,103,18,0,18,121
09/07/2019,MMU,NJ,AEA,EN,Towers with Radar,0,16,31,1,48,0,0,78,0,78,0,16,109,1,126,129,0,129,255
09/08/2019,MMU,NJ,AEA,EN,Towers with Radar,0,26,46,0,72,0,1,94,0,95,0,27,140,0,167,149,0,149,316
09/09/2019,MMU,NJ,AEA,EN,Towers with Radar,0,30,70,0,100,0,2,80,0,82,0,32,150,0,182,222,0,222,404
09/10/2019,MMU,NJ,AEA,EN,Towers with Radar,0,22,56,0,78,0,0,49,0,49,0,22,105,0,127,149,0,149,276
09/11/2019,MMU,NJ,AEA,EN,Towers with Radar,0,31,46,0,77,0,1,84,0,85,0,32,130,0,162,164,0,164,326
09/12/2019,MMU,NJ,AEA,EN,Towers with Radar,0,41,78,0,119,0,0,26,0,26,0,41,104,0,145,116,0,116,261
09/13/2019,MMU,NJ,AEA,EN,Towers with Radar,0,40,74,0,114,0,0,82,0,82,0,40,156,0,196,48,0,48,244
09/14/2019,MMU,NJ,AEA,EN,Towers with Radar,0,18,37,0,55,0,0,60,0,60,0,18,97,0,115,158,0,158,273
09/15/2019,MMU,NJ,AEA,EN,Towers with Radar,0,48,41,0,89,0,0,119,0,119,0,48,160,0,208,99,0,99,307
09/16/2019,MMU,NJ,AEA,EN,Towers with Radar,0,29,47,0,76,0,1,80,0,81,0,30,127,0,157,127,0,127,284
09/17/2019,MMU,NJ,AEA,EN,Towers with Radar,0,33,45,0,78,0,0,99,0,99,0,33,144,0,177,100,0,100,277
09/18/2019,MMU,NJ,AEA,EN,Towers with Radar,0,35,57,0,92,0,0,89,0,89,0,35,146,0,181,80,0,80,261
09/19/2019,MMU,NJ,AEA,EN,Towers with Radar,0,23,71,0,94,0,1,99,0,100,0,24,170,0,194,117,0,117,311
09/20/2019,MMU,NJ,AEA,EN,Towers with Radar,0,33,53,0,86,0,2,98,0,100,0,35,151,0,186,76,0,76,262
09/21/2019,MMU,NJ,AEA,EN,Towers with Radar,0,21,29,0,50,0,1,73,0,74,0,22,102,0,124,85,0,85,209
09/22/2019,MMU,NJ,AEA,EN,Towers with Radar,0,53,66,0,119,0,1,56,0,57,0,54,122,0,176,41,0,41,217
09/23/2019,MMU,NJ,AEA,EN,Towers with Radar,0,27,53,0,80,0,0,43,0,43,0,27,96,0,123,0,0,0,123
09/24/2019,MMU,NJ,AEA,EN,Towers with Radar,0,26,51,0,77,0,0,44,0,44,0,26,95,0,121,0,0,0,121
09/25/2019,MMU,NJ,AEA,EN,Towers with Radar,0,30,72,0,102,0,1,64,0,65,0,31,136,0,167,4,0,4,171
09/26/2019,MMU,NJ,AEA,EN,Towers with Radar,0,46,68,0,114,0,0,71,1,72,0,46,139,1,186,37,0,37,223
09/27/2019,MMU,NJ,AEA,EN,Towers with Radar,0,56,62,0,118,0,0,129,0,129,0,56,191,0,247,150,0,150,397
09/28/2019,MMU,NJ,AEA,EN,Towers with Radar,0,30,25,0,55,0,1,55,0,56,0,31,80,0,111,89,0,89,200
09/29/2019,MMU,NJ,AEA,EN,Towers with Radar,0,50,43,0,93,0,1,89,0,90,0,51,132,0,183,80,0,80,263
09/30/2019,MMU,NJ,AEA,EN,Towers with Radar,0,31,49,0,80,0,1,46,0,47,0,32,95,0,127,204,0,204,331
10/01/2019,MMU,NJ,AEA,EN,Towers with Radar,0,30,63,0,93,0,0,57,0,57,0,30,120,0,150,215,0,215,365
10/02/2019,MMU,NJ,AEA,EN,Towers with Radar,0,30,69,0,99,0,0,49,2,51,0,30,118,2,150,106,0,106,256
10/03/2019,MMU,NJ,AEA,EN,Towers with Radar,0,29,69,0,98,0,0,0,0,0,0,29,69,0,98,0,0,0,98
10/04/2019,MMU,NJ,AEA,EN,Towers with Radar,0,34,62,0,96,0,3,42,0,45,0,37,104,0,141,15,0,15,156
10/05/2019,MMU,NJ,AEA,EN,Towers with Radar,0,26,38,0,64,0,1,103,0,104,0,27,141,0,168,199,0,199,367
10/06/2019,MMU,NJ,AEA,EN,Towers with Radar,0,32,47,0,79,0,0,37,0,37,0,32,84,0,116,167,0,167,283
10/07/2019,MMU,NJ,AEA,EN,Towers with Radar,0,28,53,0,81,0,0,68,0,68,0,28,121,0,149,112,0,112,261
10/08/2019,MMU,NJ,AEA,EN,Towers with Radar,0,32,71,0,103,0,0,76,0,76,0,32,147,0,179,89,0,89,268
10/09/2019,MMU,NJ,AEA,EN,Towers with Radar,0,25,59,0,84,0,1,24,0,25,0,26,83,0,109,8,0,8,117
10/10/2019,MMU,NJ,AEA,EN,Towers with Radar,0,23,72,0,95,0,0,64,0,64,0,23,136,0,159,42,0,42,201
10/11/2019,MMU,NJ,AEA,EN,Towers with Radar,0,29,60,0,89,0,0,66,0,66,0,29,126,0,155,108,0,108,263
10/12/2019,MMU,NJ,AEA,EN,Towers with Radar,0,27,21,0,48,0,0,89,0,89,0,27,110,0,137,132,0,132,269
10/13/2019,MMU,NJ,AEA,EN,Towers with Radar,0,31,47,0,78,0,0,83,0,83,0,31,130,0,161,49,0,49,210
10/14/2019,MMU,NJ,AEA,EN,Towers with Radar,0,22,64,0,86,0,0,92,0,92,0,22,156,0,178,143,0,143,321
10/15/2019,MMU,NJ,AEA,EN,Towers with Radar,0,19,43,0,62,0,0,122,0,122,0,19,165,0,184,185,0,185,369
10/16/2019,MMU,NJ,AEA,EN,Towers with Radar,0,29,60,0,89,0,0,24,0,24,0,29,84,0,113,43,0,43,156
10/17/2019,MMU,NJ,AEA,EN,Towers with Radar,0,31,60,0,91,0,0,15,0,15,0,31,75,0,106,0,0,0,106
10/18/2019,MMU,NJ,AEA,EN,Towers with Radar,0,39,86,0,125,0,1,45,0,46,0,40,131,0,171,73,0,73,244
10/19/2019,MMU,NJ,AEA,EN,Towers with Radar,0,21,45,0,66,0,0,109,0,109,0,21,154,0,175,113,0,113,288
10/20/2019,MMU,NJ,AEA,EN,Towers with Radar,0,55,45,0,100,0,0,33,0,33,0,55,78,0,133,82,0,82,215
10/21/2019,MMU,NJ,AEA,EN,Towers with Radar,0,20,56,0,76,0,2,116,0,118,0,22,172,0,194,200,0,200,394
10/22/2019,MMU,NJ,AEA,EN,Towers with Radar,0,27,48,0,75,0,0,3,0,3,0,27,51,0,78,6,0,6,84
10/23/2019,MMU,NJ,AEA,EN,Towers with Radar,0,33,58,0,91,0,14,81,0,95,0,47,139,0,186,84,0,84,270
10/24/2019,MMU,NJ,AEA,EN,Towers with Radar,0,25,71,1,97,0,1,124,0,125,0,26,195,1,222,86,0,86,308
10/25/2019,MMU,NJ,AEA,EN,Towers with Radar,0,27,66,0,93,0,1,73,0,74,0,28,139,0,167,121,0,121,288
10/26/2019,MMU,NJ,AEA,EN,Towers with Radar,0,25,28,0,53,0,0,115,0,115,0,25,143,0,168,108,0,108,276
10/27/2019,MMU,NJ,AEA,EN,Towers with Radar,0,42,35,0,77,0,0,0,0,0,0,42,35,0,77,0,0,0,77
10/28/2019,MMU,NJ,AEA,EN,Towers with Radar,0,22,56,0,78,0,0,86,0,86,0,22,142,0,164,299,0,299,463
10/29/2019,MMU,NJ,AEA,EN,Towers with Radar,0,27,60,0,87,0,0,0,0,0,0,27,60,0,87,0,0,0,87
10/30/2019,MMU,NJ,AEA,EN,Towers with Radar,0,24,59,0,83,0,0,0,0,0,0,24,59,0,83,0,0,0,83
10/31/2019,MMU,NJ,AEA,EN,Towers with Radar,0,21,62,0,83,0,0,3,0,3,0,21,65,0,86,0,0,0,86
11/01/2019,MMU,NJ,AEA,EN,Towers with Radar,0,38,53,0,91,0,0,28,0,28,0,38,81,0,119,9,0,9,128
11/02/2019,MMU,NJ,AEA,EN,Towers with Radar,0,20,40,0,60,0,2,97,0,99,0,22,137,0,159,113,0,113,272
11/03/2019,MMU,NJ,AEA,EN,Towers with Radar,0,34,59,0,93,0,0,63,0,63,0,34,122,0,156,99,0,99,255
11/04/2019,MMU,NJ,AEA,EN,Towers with Radar,0,22,65,0,87,0,0,64,0,64,0,22,129,0,151,143,0,143,294
11/05/2019,MMU,NJ,AEA,EN,Towers with Radar,0,30,75,0,105,0,1,51,0,52,0,31,126,0,157,145,0,145,302
11/06/2019,MMU,NJ,AEA,EN,Towers with Radar,0,57,69,0,126,0,0,107,0,107,0,57,176,0,233,160,0,160,393
11/07/2019,MMU,NJ,AEA,EN,Towers with Radar,0,45,78,0,123,0,0,50,0,50,0,45,128,0,173,216,0,216,389
11/08/2019,MMU,NJ,AEA,EN,Towers with Radar,0,28,56,0,84,0,0,34,0,34,0,28,90,0,118,26,0,26,144
11/09/2019,MMU,NJ,AEA,EN,Towers with Radar,0,17,33,0,50,0,0,87,0,87,0,17,120,0,137,94,0,94,231
11/10/2019,MMU,NJ,AEA,EN,Towers with Radar,0,38,56,0,94,0,1,75,0,76,0,39,131,0,170,0,0,0,170
11/11/2019,MMU,NJ,AEA,EN,Towers with Radar,0,24,59,0,83,0,2,53,0,55,0,26,112,0,138,0,0,0,138
11/12/2019,MMU,NJ,AEA,EN,Towers with Radar,0,25,45,0,70,0,0,6,0,6,0,25,51,0,76,1,0,1,77
11/13/2019,MMU,NJ,AEA,EN,Towers with Radar,0,32,60,0,92,0,0,70,0,70,0,32,130,0,162,90,0,90,252
11/14/2019,MMU,NJ,AEA,EN,Towers with Radar,0,21,51,0,72,0,0,81,0,81,0,21,132,0,153,89,0,89,242
11/15/2019,MMU,NJ,AEA,EN,Towers with Radar,0,24,62,0,86,0,95,7,0,102,0,119,69,0,188,112,0,112,300
11/16/2019,MMU,NJ,AEA,EN,Towers with Radar,0,16,32,0,48,0,2,74,0,76,0,18,106,0,124,61,0,61,185
11/17/2019,MMU,NJ,AEA,EN,Towers with Radar,0,27,52,0,79,0,0,42,0,42,0,27,94,0,121,162,0,162,283
11/18/2019,MMU,NJ,AEA,EN,Towers with Radar,0,27,51,0,78,0,0,0,0,0,0,27,51,0,78,0,0,0,78
11/19/2019,MMU,NJ,AEA,EN,Towers with Radar,0,15,57,0,72,0,0,37,0,37,0,15,94,0,109,243,0,243,352
11/20/2019,MMU,NJ,AEA,EN,Towers with Radar,0,29,48,0,77,0,0,55,0,55,0,29,103,0,132,103,0,103,235
11/21/2019,MMU,NJ,AEA,EN,Towers with Radar,0,19,50,0,69,0,1,106,0,107,0,20,156,0,176,175,5,180,356
11/22/2019,MMU,NJ,AEA,EN,Towers with Radar,0,41,55,0,96,0,32,2,0,34,0,73,57,0,130,54,0,54,184
11/23/2019,MMU,NJ,AEA,EN,Towers with Radar,0,26,44,0,70,0,0,115,0,115,0,26,159,0,185,77,0,77,262
11/24/2019,MMU,NJ,AEA,EN,Towers with Radar,0,33,41,0,74,0,3,7,0,10,0,36,48,0,84,0,0,0,84
11/25/2019,MMU,NJ,AEA,EN,Towers with Radar,0,22,46,0,68,0,0,87,0,87,0,22,133,0,155,82,0,82,237
11/26/2019,MMU,NJ,AEA,EN,Towers with Radar,0,40,82,0,122,0,1,132,0,133,0,41,214,0,255,82,0,82,337
11/27/2019,MMU,NJ,AEA,EN,Towers with Radar,0,39,62,0,101,0,2,38,0,40,0,41,100,0,141,35,0,35,176
11/28/2019,MMU,NJ,AEA,EN,Towers with Radar,0,9,15,0,24,0,0,1,0,1,0,9,16,0,25,0,0,0,25
11/29/2019,MMU,NJ,AEA,EN,Towers with Radar,0,25,30,0,55,0,0,56,0,56,0,25,86,0,111,47,0,47,158
11/30/2019,MMU,NJ,AEA,EN,Towers with Radar,0,43,56,0,99,0,0,111,0,111,0,43,167,0,210,135,0,135,345
12/01/2019,MMU,NJ,AEA,EN,Towers with Radar,0,52,51,0,103,0,0,7,0,7,0,52,58,0,110,32,0,32,142
12/02/2019,MMU,NJ,AEA,EN,Towers with Radar,0,26,53,0,79,0,0,0,0,0,0,26,53,0,79,0,0,0,79
12/03/2019,MMU,NJ,AEA,EN,Towers with Radar,0,36,75,0,111,0,2,30,0,32,0,38,105,0,143,27,0,27,170
12/04/2019,MMU,NJ,AEA,EN,Towers with Radar,0,40,88,0,128,0,0,17,0,17,0,40,105,0,145,66,0,66,211
12/05/2019,MMU,NJ,AEA,EN,Towers with Radar,0,30,105,0,135,0,0,68,0,68,0,30,173,0,203,80,0,80,283
12/06/2019,MMU,NJ,AEA,EN,Towers with Radar,0,25,80,0,105,0,0,52,0,52,0,25,132,0,157,134,0,134,291
12/07/2019,MMU,NJ,AEA,EN,Towers with Radar,0,21,35,0,56,0,0,86,0,86,0,21,121,0,142,169,0,169,311
12/08/2019,MMU,NJ,AEA,EN,Towers with Radar,0,48,64,0,112,0,0,80,0,80,0,48,144,0,192,257,0,257,449
12/09/2019,MMU,NJ,AEA,EN,Towers with Radar,0,43,78,0,121,0,0,0,0,0,0,43,78,0,121,0,0,0,121
12/10/2019,MMU,NJ,AEA,EN,Towers with Radar,0,42,89,0,131,0,0,10,0,10,0,42,99,0,141,1,0,1,142
12/11/2019,MMU,NJ,AEA,EN,Towers with Radar,0,29,70,0,99,0,0,32,0,32,0,29,102,0,131,79,0,79,210
12/12/2019,MMU,NJ,AEA,EN,Towers with Radar,0,37,62,0,99,0,5,99,0,104,0,42,161,0,203,123,0,123,326
12/13/2019,MMU,NJ,AEA,EN,Towers with Radar,0,26,56,0,82,0,1,2,0,3,0,27,58,0,85,51,0,51,136
12/14/2019,MMU,NJ,AEA,EN,Towers with Radar,0,16,27,0,43,0,0,0,0,0,0,16,27,0,43,0,0,0,43
12/15/2019,MMU,NJ,AEA,EN,Towers with Radar,0,32,30,0,62,0,0,29,0,29,0,32,59,0,91,7,0,7,98
12/16/2019,MMU,NJ,AEA,EN,Towers with Radar,0,19,61,0,80,0,0,40,0,40,0,19,101,0,120,99,0,99,219
12/17/2019,MMU,NJ,AEA,EN,Towers with Radar,0,20,20,0,40,0,0,0,0,0,0,20,20,0,40,0,0,0,40
12/18/2019,MMU,NJ,AEA,EN,Towers with Radar,0,22,56,0,78,0,0,30,0,30,0,22,86,0,108,18,0,18,126
12/19/2019,MMU,NJ,AEA,EN,Towers with Radar,0,24,51,0,75,0,1,54,1,56,0,25,105,1,131,53,0,53,184
12/20/2019,MMU,NJ,AEA,EN,Towers with Radar,0,33,41,0,74,0,0,60,0,60,0,33,101,0,134,54,0,54,188
12/21/2019,MMU,NJ,AEA,EN,Towers with Radar,0,25,27,0,52,0,1,49,0,50,0,26,76,0,102,167,0,167,269
12/22/2019,MMU,NJ,AEA,EN,Towers with Radar,0,24,34,0,58,0,0,87,0,87,0,24,121,0,145,185,0,185,330
12/23/2019,MMU,NJ,AEA,EN,Towers with Radar,0,21,31,0,52,0,1,58,0,59,0,22,89,0,111,133,0,133,244
12/24/2019,MMU,NJ,AEA,EN,Towers with Radar,0,19,18,0,37,0,0,49,0,49,0,19,67,0,86,88,0,88,174
12/25/2019,MMU,NJ,AEA,EN,Towers with Radar,0,27,8,0,35,0,0,19,1,20,0,27,27,1,55,43,0,43,98
12/26/2019,MMU,NJ,AEA,EN,Towers with Radar,0,44,60,0,104,0,1,30,0,31,0,45,90,0,135,49,0,49,184
12/27/2019,MMU,NJ,AEA,EN,Towers with Radar,0,44,58,0,102,0,0,34,0,34,0,44,92,0,136,115,0,115,251
12/28/2019,MMU,NJ,AEA,EN,Towers with Radar,0,26,20,0,46,0,1,80,0,81,0,27,100,0,127,46,0,46,173
12/29/2019,MMU,NJ,AEA,EN,Towers with Radar,0,25,28,0,53,0,0,30,0,30,0,25,58,0,83,112,0,112,195
12/30/2019,MMU,NJ,AEA,EN,Towers with Radar,0,14,14,0,28,0,0,0,0,0,0,14,14,0,28,0,0,0,28
12/31/2019,MMU,NJ,AEA,EN,Towers with Radar,0,24,22,0,46,0,0,35,0,35,0,24,57,0,81,81,0,81,162
01/01/2020,MMU,NJ,AEA,EN,Towers with Radar,0,21,31,0,52,0,1,28,0,29,0,22,59,0,81,19,0,19,100
01/02/2020,MMU,NJ,AEA,EN,Towers with Radar,0,21,42,0,63,0,0,90,0,90,0,21,132,0,153,143,0,143,296
01/03/2020,MMU,NJ,AEA,EN,Towers with Radar,0,25,22,0,47,0,0,0,0,0,0,25,22,0,47,0,0,0,47
01/04/2020,MMU,NJ,AEA,EN,Towers with Radar,0,12,14,0,26,0,0,5,0,5,0,12,19,0,31,0,0,0,31
01/05/2020,MMU,NJ,AEA,EN,Towers with Radar,0,34,45,0,79,0,0,25,0,25,0,34,70,0,104,18,0,18,122
01/06/2020,MMU,NJ,AEA,EN,Towers with Radar,0,24,47,0,71,0,0,82,0,82,0,24,129,0,153,125,0,125,278
01/07/2020,MMU,NJ,AEA,EN,Towers with Radar,0,26,46,0,72,0,0,79,0,79,0,26,125,0,151,132,0,132,283
01/08/2020,MMU,NJ,AEA,EN,Towers with Radar,0,21,32,0,53,0,0,8,0,8,0,21,40,0,61,5,0,5,66
01/09/2020,MMU,NJ,AEA,EN,Towers with Radar,0,17,59,0,76,0,0,65,0,65,0,17,124,0,141,117,0,117,258
01/10/2020,MMU,NJ,AEA,EN,Towers with Radar,0,21,43,0,64,0,0,41,0,41,0,21,84,0,105,125,0,125,230
01/11/2020,MMU,NJ,AEA,EN,Towers with Radar,0,18,20,0,38,0,1,23,0,24,0,19,43,0,62,36,0,36,98
01/12/2020,MMU,NJ,AEA,EN,Towers with Radar,0,31,31,0,62,0,0,22,0,22,0,31,53,0,84,4,0,4,88
01/13/2020,MMU,NJ,AEA,EN,Towers with Radar,0,14,68,0,82,0,0,24,0,24,0,14,92,0,106,100,0,100,206
01/14/2020,MMU,NJ,AEA,EN,Towers with Radar,0,11,33,1,45,0,0,3,0,3,0,11,36,1,48,4,0,4,52
01/15/2020,MMU,NJ,AEA,EN,Towers with Radar,0,26,51,0,77,0,0,107,0,107,0,26,158,0,184,178,0,178,362
01/16/2020,MMU,NJ,AEA,EN,Towers with Radar,0,24,46,0,70,0,0,6,0,6,0,24,52,0,76,0,0,0,76
01/17/2020,MMU,NJ,AEA,EN,Towers with Radar,0,29,56,0,85,0,0,60,0,60,0,29,116,0,145,37,0,37,182
01/18/2020,MMU,NJ,AEA,EN,Towers with Radar,0,15,20,0,35,0,0,38,0,38,0,15,58,0,73,128,0,128,201
01/19/2020,MMU,NJ,AEA,EN,Towers with Radar,0,26,25,0,51,0,0,39,0,39,0,26,64,0,90,12,0,12,102
01/20/2020,MMU,NJ,AEA,EN,Towers with Radar,0,48,79,0,127,0,0,89,0,89,0,48,168,0,216,74,0,74,290
01/21/2020,MMU,NJ,AEA,EN,Towers with Radar,0,12,53,0,65,0,0,62,0,62,0,12,115,0,127,52,0,52,179
01/22/2020,MMU,NJ,AEA,EN,Towers with Radar,0,31,39,0,70,0,0,72,0,72,0,31,111,0,142,157,0,157,299
01/23/2020,MMU,NJ,AEA,EN,Towers with Radar,0,22,56,0,78,0,0,79,0,79,0,22,135,0,157,100,0,100,257
01/24/2020,MMU,NJ,AEA,EN,Towers with Radar,0,23,49,0,72,0,0,67,0,67,0,23,116,0,139,102,0,102,241
01/25/2020,MMU,NJ,AEA,EN,Towers with Radar,0,20,17,0,37,0,0,0,0,0,0,20,17,0,37,0,0,0,37
01/26/2020,MMU,NJ,AEA,EN,Towers with Radar,0,21,36,0,57,0,0,85,0,85,0,21,121,0,142,104,0,104,246
01/27/2020,MMU,NJ,AEA,EN,Towers with Radar,0,24,47,0,71,0,1,39,0,40,0,25,86,0,111,121,0,121,232
01/28/2020,MMU,NJ,AEA,EN,Towers with Radar,0,19,52,0,71,0,0,70,0,70,0,19,122,0,141,88,0,88,229
01/29/2020,MMU,NJ,AEA,EN,Towers with Radar,0,21,43,0,64,0,0,65,0,65,0,21,108,0,129,53,0,53,182
01/30/2020,MMU,NJ,AEA,EN,Towers with Radar,0,32,69,0,101,0,1,73,0,74,0,33,142,0,175,127,0,127,302
01/31/2020,MMU,NJ,AEA,EN,Towers with Radar,0,32,57,0,89,0,0,53,0,53,0,32,110,0,142,97,0,97,239
02/01/2020,MMU,NJ,AEA,EN,Towers with Radar,0,22,16,0,38,0,0,0,0,0,0,22,16,0,38,0,0,0,38
02/02/2020,MMU,NJ,AEA,EN,Towers with Radar,0,26,24,0,50,0,0,56,0,56,0,26,80,0,106,154,0,154,260
02/03/2020,MMU,NJ,AEA,EN,Towers with Radar,0,22,73,0,95,0,0,80,0,80,0,22,153,0,175,129,0,129,304
02/04/2020,MMU,NJ,AEA,EN,Towers with Radar,0,32,67,0,99,0,0,33,0,33,0,32,100,0,132,67,0,67,199
02/05/2020,MMU,NJ,AEA,EN,Towers with Radar,0,39,54,0,93,0,0,53,0,53,0,39,107,0,146,77,0,77,223
02/06/2020,MMU,NJ,AEA,EN,Towers with Radar,0,22,55,0,77,0,0,0,0,0,0,22,55,0,77,0,0,0,77
02/07/2020,MMU,NJ,AEA,EN,Towers with Radar,0,14,47,0,61,0,0,6,0,6,0,14,53,0,67,0,0,0,67
02/08/2020,MMU,NJ,AEA,EN,Towers with Radar,0,14,28,0,42,0,0,61,0,61,0,14,89,0,103,75,0,75,178
02/09/2020,MMU,NJ,AEA,EN,Towers with Radar,0,43,42,0,85,0,0,91,0,91,0,43,133,0,176,174,0,174,350
02/10/2020,MMU,NJ,AEA,EN,Towers with Radar,0,35,47,3,85,0,2,8,0,10,0,37,55,3,95,20,0,20,115
02/11/2020,MMU,NJ,AEA,EN,Towers with Radar,0,33,53,0,86,0,0,2,0,2,0,33,55,0,88,6,0,6,94
02/12/2020,MMU,NJ,AEA,EN,Towers with Radar,0,30,51,0,81,0,0,98,0,98,0,30,149,0,179,131,0,131,310
02/13/2020,MMU,NJ,AEA,EN,Towers with Radar,0,26,68,0,94,0,0,7,0,7,0,26,75,0,101,11,0,11,112
02/14/2020,MMU,NJ,AEA,EN,Towers with Radar,0,34,52,0,86,0,0,51,0,51,0,34,103,0,137,41,0,41,178
02/15/2020,MMU,NJ,AEA,EN,Towers with Radar,0,13,29,0,42,0,0,80,0,80,0,13,109,0,122,138,0,138,260
02/16/2020,MMU,NJ,AEA,EN,Towers with Radar,0,9,31,0,40,0,0,64,0,64,0,9,95,0,104,92,0,92,196
02/17/2020,MMU,NJ,AEA,EN,Towers with Radar,0,47,56,0,103,0,0,78,0,78,0,47,134,0,181,129,0,129,310
02/18/2020,MMU,NJ,AEA,EN,Towers with Radar,0,48,61,2,111,0,0,7,0,7,0,48,68,2,118,4,0,4,122
02/19/2020,MMU,NJ,AEA,EN,Towers with Radar,0,39,53,2,94,0,0,67,0,67,0,39,120,2,161,51,0,51,212
02/20/2020,MMU,NJ,AEA,EN,Towers with Radar,0,30,67,0,97,0,1,94,0,95,0,31,161,0,192,118,0,118,310
02/21/2020,MMU,NJ,AEA,EN,Towers with Radar,0,23,68,0,91,0,0,80,0,80,0,23,148,0,171,110,0,110,281
02/22/2020,MMU,NJ,AEA,EN,Towers with Radar,0,14,33,0,47,0,0,91,0,91,0,14,124,0,138,102,0,102,240
02/23/2020,MMU,NJ,AEA,EN,Towers with Radar,0,43,47,0,90,0,1,124,0,125,0,44,171,0,215,78,0,78,293
02/24/2020,MMU,NJ,AEA,EN,Towers with Radar,0,17,51,0,68,0,0,82,0,82,0,17,133,0,150,167,0,167,317
02/25/2020,MMU,NJ,AEA,EN,Towers with Radar,0,31,52,0,83,0,0,8,0,8,0,31,60,0,91,26,0,26,117
02/26/2020,MMU,NJ,AEA,EN,Towers with Radar,0,26,40,0,66,0,0,0,0,0,0,26,40,0,66,0,0,0,66
02/27/2020,MMU,NJ,AEA,EN,Towers with Radar,0,37,47,0,84,0,0,8,0,8,0,37,55,0,92,2,0,2,94
02/28/2020,MMU,NJ,AEA,EN,Towers with Radar,1,39,45,0,85,0,0,25,0,25,1,39,70,0,110,16,0,16,126
02/29/2020,MMU,NJ,AEA,EN,Towers with Radar,0,27,28,0,55,0,0,62,0,62,0,27,90,0,117,71,0,71,188
03/01/2020,MMU,NJ,AEA,EN,Towers with Radar,0,34,44,0,78,0,1,75,0,76,0,35,119,0,154,88,0,88,242
03/02/2020,MMU,NJ,AEA,EN,Towers with Radar,0,17,52,0,69,0,0,110,0,110,0,17,162,0,179,161,0,161,340
03/03/2020,MMU,NJ,AEA,EN,Towers with Radar,0,13,57,0,70,0,1,42,0,43,0,14,99,0,113,145,0,145,258
03/04/2020,MMU,NJ,AEA,EN,Towers with Radar,0,32,42,0,74,0,1,29,0,30,0,33,71,0,104,21,0,21,125
03/05/2020,MMU,NJ,AEA,EN,Towers with Radar,0,29,60,0,89,0,1,96,0,97,0,30,156,0,186,153,0,153,339
03/06/2020,MMU,NJ,AEA,EN,Towers with Radar,0,47,39,0,86,0,0,8,0,8,0,47,47,0,94,98,0,98,192
03/07/2020,MMU,NJ,AEA,EN,Towers with Radar,0,28,30,0,58,0,0,39,0,39,0,28,69,0,97,4,0,4,101
03/08/2020,MMU,NJ,AEA,EN,Towers with Radar,0,39,44,0,83,0,0,108,0,108,0,39,152,0,191,128,0,128,319
03/09/2020,MMU,NJ,AEA,EN,Towers with Radar,1,21,48,0,70,0,0,105,0,105,1,21,153,0,175,129,0,129,304
03/10/2020,MMU,NJ,AEA,EN,Towers with Radar,0,24,53,0,77,0,0,67,0,67,0,24,120,0,144,55,0,55,199
03/11/2020,MMU,NJ,AEA,EN,Towers with Radar,0,24,56,0,80,0,0,100,0,100,0,24,156,0,180,208,0,208,388
03/12/2020,MMU,NJ,AEA,EN,Towers with Radar,0,22,85,0,107,0,0,49,0,49,0,22,134,0,156,247,0,247,403
03/13/2020,MMU,NJ,AEA,EN,Towers with Radar,0,36,68,0,104,0,0,10,0,10,0,36,78,0,114,0,0,0,114
03/14/2020,MMU,NJ,AEA,EN,Towers with Radar,0,25,42,0,67,0,0,58,0,58,0,25,100,0,125,93,0,93,218
03/15/2020,MMU,NJ,AEA,EN,Towers with Radar,0,20,28,0,48,0,0,75,0,75,0,20,103,0,123,118,0,118,241
03/16/2020,MMU,NJ,AEA,EN,Towers with Radar,0,28,42,0,70,0,0,58,0,58,0,28,100,0,128,131,0,131,259
03/17/2020,MMU,NJ,AEA,EN,Towers with Radar,0,31,34,0,65,0,0,7,0,7,0,31,41,0,72,30,0,30,102
03/18/2020,MMU,NJ,AEA,EN,Towers with Radar,0,19,30,0,49,0,0,90,0,90,0,19,120,0,139,150,0,150,289
03/19/2020,MMU,NJ,AEA,EN,Towers with Radar,0,16,30,0,46,0,0,0,0,0,0,16,30,0,46,0,0,0,46
03/20/2020,MMU,NJ,AEA,EN,Towers with Radar,0,21,28,0,49,0,0,0,0,0,0,21,28,0,49,10,0,10,59
03/21/2020,MMU,NJ,AEA,EN,Towers with Radar,0,16,24,0,40,0,0,29,0,29,0,16,53,0,69,71,0,71,140
03/22/2020,MMU,NJ,AEA,EN,Towers with Radar,0,10,19,0,29,0,0,43,0,43,0,10,62,0,72,55,0,55,127
03/23/2020,MMU,NJ,AEA,EN,Towers with Radar,0,7,2,0,9,0,0,0,0,0,0,7,2,0,9,0,0,0,9
03/24/2020,MMU,NJ,AEA,EN,Towers with Radar,0,10,10,0,20,0,0,29,0,29,0,10,39,0,49,68,0,68,117
03/25/2020,MMU,NJ,AEA,EN,Towers with Radar,0,12,2,0,14,0,0,3,0,3,0,12,5,0,17,22,0,22,39
03/26/2020,MMU,NJ,AEA,EN,Towers with Radar,0,14,16,0,30,0,0,55,0,55,0,14,71,0,85,75,0,75,160
03/27/2020,MMU,NJ,AEA,EN,Towers with Radar,0,9,13,0,22,0,0,28,0,28,0,9,41,0,50,55,0,55,105
03/28/2020,MMU,NJ,AEA,EN,Towers with Radar,0,7,10,0,17,0,0,8,0,8,0,7,18,0,25,4,0,4,29
03/29/2020,MMU,NJ,AEA,EN,Towers with Radar,0,10,10,0,20,0,0,0,0,0,0,10,10,0,20,0,0,0,20
03/30/2020,MMU,NJ,AEA,EN,Towers with Radar,0,4,11,0,15,0,0,0,0,0,0,4,11,0,15,0,0,0,15
03/31/2020,MMU,NJ,AEA,EN,Towers with Radar,0,8,5,0,13,0,0,7,0,7,0,8,12,0,20,83,0,83,103
04/01/2020,MMU,NJ,AEA,EN,Towers with Radar,0,8,6,0,14,0,0,27,0,27,0,8,33,0,41,45,0,45,86
04/02/2020,MMU,NJ,AEA,EN,Towers with Radar,0,12,5,0,17,0,0,10,0,10,0,12,15,0,27,2,0,2,29
04/03/2020,MMU,NJ,AEA,EN,Towers with Radar,0,6,13,0,19,0,0,3,0,3,0,6,16,0,22,0,0,0,22
04/04/2020,MMU,NJ,AEA,EN,Towers with Radar,0,11,5,0,16,0,0,19,0,19,0,11,24,0,35,158,0,158,193
04/05/2020,MMU,NJ,AEA,EN,Towers with Radar,0,6,9,0,15,0,0,24,0,24,0,6,33,0,39,81,0,81,120
04/06/2020,MMU,NJ,AEA,EN,Towers with Radar,0,6,12,0,18,0,0,15,0,15,0,6,27,0,33,27,0,27,60
04/07/2020,MMU,NJ,AEA,EN,Towers with Radar,0,10,6,0,16,0,0,21,0,21,0,10,27,0,37,50,0,50,87
04/08/2020,MMU,NJ,AEA,EN,Towers with Radar,0,6,9,1,16,0,0,13,0,13,0,6,22,1,29,5,0,5,34
04/09/2020,MMU,NJ,AEA,EN,Towers with Radar,0,12,3,0,15,0,0,2,0,2,0,12,5,0,17,0,0,0,17
04/10/2020,MMU,NJ,AEA,EN,Towers with Radar,0,8,1,0,9,0,0,4,0,4,0,8,5,0,13,0,0,0,13
04/11/2020,MMU,NJ,AEA,EN,Towers with Radar,0,6,3,0,9,0,0,23,0,23,0,6,26,0,32,5,0,5,37
04/12/2020,MMU,NJ,AEA,EN,Towers with Radar,0,7,5,0,12,0,0,33,0,33,0,7,38,0,45,56,0,56,101
04/13/2020,MMU,NJ,AEA,EN,Towers with Radar,0,2,0,0,2,0,0,0,0,0,0,2,0,0,2,0,0,0,2
04/14/2020,MMU,NJ,AEA,EN,Towers with Radar,0,17,11,0,28,0,0,27,0,27,0,17,38,0,55,39,0,39,94
04/15/2020,MMU,NJ,AEA,EN,Towers with Radar,0,4,6,0,10,0,0,13,0,13,0,4,19,0,23,81,0,81,104
04/16/2020,MMU,NJ,AEA,EN,Towers with Radar,0,9,8,0,17,0,0,8,0,8,0,9,16,0,25,30,0,30,55
04/17/2020,MMU,NJ,AEA,EN,Towers with Radar,0,6,1,0,7,0,0,8,0,8,0,6,9,0,15,29,0,29,44
04/18/2020,MMU,NJ,AEA,EN,Towers with Radar,0,4,11,0,15,0,0,1,0,1,0,4,12,0,16,0,0,0,16
04/19/2020,MMU,NJ,AEA,EN,Towers with Radar,0,8,6,0,14,0,0,26,0,26,0,8,32,0,40,29,0,29,69
04/20/2020,MMU,NJ,AEA,EN,Towers with Radar,0,3,12,0,15,0,2,27,0,29,0,5,39,0,44,117,0,117,161
04/21/2020,MMU,NJ,AEA,EN,Towers with Radar,0,13,10,0,23,0,0,0,0,0,0,13,10,0,23,0,0,0,23
04/22/2020,MMU,NJ,AEA,EN,Towers with Radar,0,9,11,0,20,0,0,9,0,9,0,9,20,0,29,2,0,2,31
04/23/2020,MMU,NJ,AEA,EN,Towers with Radar,0,4,14,0,18,0,0,21,0,21,0,4,35,0,39,201,0,201,240
04/24/2020,MMU,NJ,AEA,EN,Towers with Radar,0,15,11,0,26,0,0,0,0,0,0,15,11,0,26,2,0,2,28
04/25/2020,MMU,NJ,AEA,EN,Towers with Radar,0,4,19,0,23,0,0,79,0,79,0,4,98,0,102,142,0,142,244
04/26/2020,MMU,NJ,AEA,EN,Towers with Radar,0,6,5,0,11,0,0,0,0,0,0,6,5,0,11,0,0,0,11
04/27/2020,MMU,NJ,AEA,EN,Towers with Radar,0,3,10,0,13,0,0,3,0,3,0,3,13,0,16,79,0,79,95
04/28/2020,MMU,NJ,AEA,EN,Towers with Radar,0,11,24,0,35,0,0,43,0,43,0,11,67,0,78,79,0,79,157
04/29/2020,MMU,NJ,AEA,EN,Towers with Radar,0,10,21,0,31,0,0,6,0,6,0,10,27,0,37,56,0,56,93
04/30/2020,MMU,NJ,AEA,EN,Towers with Radar,0,8,7,0,15,0,0,0,0,0,0,8,7,0,15,0,0,0,15
05/01/2020,MMU,NJ,AEA,EN,Towers with Radar,0,7,18,0,25,0,0,5,0,5,0,7,23,0,30,1,0,1,31
05/02/2020,MMU,NJ,AEA,EN,Towers with Radar,0,12,20,0,32,0,0,59,0,59,0,12,79,0,91,74,0,74,165
05/03/2020,MMU,NJ,AEA,EN,Towers with Radar,0,11,16,0,27,0,0,32,0,32,0,11,48,0,59,125,0,125,184
05/04/2020,MMU,NJ,AEA,EN,Towers with Radar,0,5,4,0,9,0,0,11,0,11,0,5,15,0,20,55,0,55,75
05/05/2020,MMU,NJ,AEA,EN,Towers with Radar,0,4,16,0,20,0,0,29,0,29,0,4,45,0,49,87,0,87,136
05/06/2020,MMU,NJ,AEA,EN,Towers with Radar,0,4,15,0,19,0,0,10,0,10,0,4,25,0,29,158,0,158,187
05/07/2020,MMU,NJ,AEA,EN,Towers with Radar,0,9,19,0,28,0,1,42,0,43,0,10,61,0,71,88,0,88,159
05/08/2020,MMU,NJ,AEA,EN,Towers with Radar,0,14,18,0,32,0,0,20,0,20,0,14,38,0,52,162,0,162,214
05/09/2020,MMU,NJ,AEA,EN,Towers with Radar,0,9,4,0,13,0,0,6,0,6,0,9,10,0,19,1,0,1,20
05/10/2020,MMU,NJ,AEA,EN,Towers with Radar,0,5,15,0,20,0,0,33,0,33,0,5,48,0,53,41,0,41,94
05/11/2020,MMU,NJ,AEA,EN,Towers with Radar,0,9,21,0,30,0,0,5,0,5,0,9,26,0,35,132,0,132,167
05/12/2020,MMU,NJ,AEA,EN,Towers with Radar,0,12,12,0,24,0,0,17,0,17,0,12,29,0,41,2,0,2,43
05/13/2020,MMU,NJ,AEA,EN,Towers with Radar,0,7,19,0,26,0,1,36,0,37,0,8,55,0,63,186,0,186,249
05/14/2020,MMU,NJ,AEA,EN,Towers with Radar,0,13,18,1,32,0,0,42,2,44,0,13,60,3,76,165,0,165,241
05/15/2020,MMU,NJ,AEA,EN,Towers with Radar,0,8,10,0,18,0,0,26,0,26,0,8,36,0,44,93,0,93,137
05/16/2020,MMU,NJ,AEA,EN,Towers with Radar,0,6,16,0,22,0,0,50,0,50,0,6,66,0,72,36,0,36,108
05/17/2020,MMU,NJ,AEA,EN,Towers with Radar,0,22,21,0,43,0,0,39,0,39,0,22,60,0,82,58,0,58,140
05/18/2020,MMU,NJ,AEA,EN,Towers with Radar,0,4,8,0,12,0,0,26,0,26,0,4,34,0,38,85,0,85,123
05/19/2020,MMU,NJ,AEA,EN,Towers with Radar,0,5,8,1,14,0,0,7,0,7,0,5,15,1,21,13,0,13,34
05/20/2020,MMU,NJ,AEA,EN,Towers with Radar,0,17,25,0,42,0,0,22,0,22,0,17,47,0,64,59,0,59,123
05/21/2020,MMU,NJ,AEA,EN,Towers with Radar,0,23,15,0,38,0,0,48,0,48,0,23,63,0,86,114,0,114,200
05/22/2020,MMU,NJ,AEA,EN,Towers with Radar,0,23,24,0,47,0,1,19,0,20,0,24,43,0,67,128,0,128,195
05/23/2020,MMU,NJ,AEA,EN,Towers with Radar,0,6,11,0,17,0,0,0,0,0,0,6,11,0,17,0,0,0,17
05/24/2020,MMU,NJ,AEA,EN,Towers with Radar,0,10,20,0,30,0,0,42,0,42,0,10,62,0,72,100,0,100,172
05/25/2020,MMU,NJ,AEA,EN,Towers with Radar,0,6,22,0,28,0,0,11,0,11,0,6,33,0,39,54,0,54,93
05/26/2020,MMU,NJ,AEA,EN,Towers with Radar,0,17,15,1,33,0,3,37,0,40,0,20,52,1,73,136,0,136,209
05/27/2020,MMU,NJ,AEA,EN,Towers with Radar,0,19,13,0,32,0,1,23,0,24,0,20,36,0,56,116,0,116,172
05/28/2020,MMU,NJ,AEA,EN,Towers with Radar,0,19,17,0,36,0,0,2,0,2,0,19,19,0,38,2,0,2,40
05/29/2020,MMU,NJ,AEA,EN,Towers with Radar,0,15,20,0,35,0,0,0,0,0,0,15,20,0,35,35,0,35,70
05/30/2020,MMU,NJ,AEA,EN,Towers with Radar,0,25,24,0,49,0,1,71,0,72,0,26,95,0,121,124,0,124,245
05/31/2020,MMU,NJ,AEA,EN,Towers with Radar,0,13,27,2,42,0,4,60,0,64,0,17,87,2,106,92,0,92,198
06/01/2020,MMU,NJ,AEA,EN,Towers with Radar,0,9,36,0,45,0,0,50,0,50,0,9,86,0,95,135,0,135,230
06/02/2020,MMU,NJ,AEA,EN,Towers with Radar,0,18,18,1,37,0,1,46,0,47,0,19,64,1,84,190,0,190,274
06/03/2020,MMU,NJ,AEA,EN,Towers with Radar,0,24,26,0,50,0,1,14,0,15,0,25,40,0,65,79,0,79,144
06/04/2020,MMU,NJ,AEA,EN,Towers with Radar,0,13,33,2,48,0,1,52,0,53,0,14,85,2,101,111,0,111,212
06/05/2020,MMU,NJ,AEA,EN,Towers with Radar,0,15,36,0,51,0,0,14,0,14,0,15,50,0,65,98,0,98,163
06/06/2020,MMU,NJ,AEA,EN,Towers with Radar,0,12,23,0,35,0,0,38,0,38,0,12,61,0,73,142,0,142,215
06/07/2020,MMU,NJ,AEA,EN,Towers with Radar,0,15,24,0,39,0,0,48,0,48,0,15,72,0,87,68,0,68,155
06/08/2020,MMU,NJ,AEA,EN,Towers with Radar,0,26,25,2,53,0,1,62,0,63,0,27,87,2,116,88,0,88,204
06/09/2020,MMU,NJ,AEA,EN,Towers with Radar,0,10,27,0,37,0,0,77,0,77,0,10,104,0,114,168,0,168,282
06/10/2020,MMU,NJ,AEA,EN,Towers with Radar,0,15,32,1,48,0,0,67,5,72,0,15,99,6,120,205,0,205,325
06/11/2020,MMU,NJ,AEA,EN,Towers with Radar,0,28,33,0,61,0,1,4,0,5,0,29,37,0,66,0,0,0,66
06/12/2020,MMU,NJ,AEA,EN,Towers with Radar,0,24,36,0,60,0,1,22,0,23,0,25,58,0,83,0,0,0,83
06/13/2020,MMU,NJ,AEA,EN,Towers with Radar,0,31,28,0,59,0,1,20,0,21,0,32,48,0,80,0,0,0,80
06/14/2020,MMU,NJ,AEA,EN,Towers with Radar,1,21,26,1,49,0,1,32,2,35,1,22,58,3,84,0,0,0,84
06/15/2020,MMU,NJ,AEA,EN,Towers with Radar,0,15,37,0,52,0,1,79,0,80,0,16,116,0,132,194,0,194,326
06/16/2020,MMU,NJ,AEA,EN,Towers with Radar,0,24,24,0,48,0,1,60,0,61,0,25,84,0,109,158,0,158,267
06/17/2020,MMU,NJ,AEA,EN,Towers with Radar,0,27,34,0,61,0,3,59,0,62,0,30,93,0,123,171,0,171,294
06/18/2020,MMU,NJ,AEA,EN,Towers with Radar,0,43,40,0,83,0,1,0,0,1,0,44,40,0,84,61,0,61,145
06/19/2020,MMU,NJ,AEA,EN,Towers with Radar,0,19,32,0,51,0,0,41,0,41,0,19,73,0,92,96,0,96,188
06/20/2020,MMU,NJ,AEA,EN,Towers with Radar,0,19,20,0,39,0,1,48,0,49,0,20,68,0,88,108,0,108,196
06/21/2020,MMU,NJ,AEA,EN,Towers with Radar,0,22,28,0,50,0,0,35,0,35,0,22,63,0,85,79,0,79,164
06/22/2020,MMU,NJ,AEA,EN,Towers with Radar,0,26,29,0,55,0,1,52,0,53,0,27,81,0,108,120,0,120,228
06/23/2020,MMU,NJ,AEA,EN,Towers with Radar,0,28,25,0,53,0,2,56,2,60,0,30,81,2,113,135,0,135,248
06/24/2020,MMU,NJ,AEA,EN,Towers with Radar,0,13,38,0,51,0,0,48,0,48,0,13,86,0,99,73,0,73,172
06/25/2020,MMU,NJ,AEA,EN,Towers with Radar,0,17,30,2,49,0,1,49,0,50,0,18,79,2,99,87,0,87,186
06/26/2020,MMU,NJ,AEA,EN,Towers with Radar,0,25,27,0,52,0,0,60,0,60,0,25,87,0,112,74,0,74,186
06/27/2020,MMU,NJ,AEA,EN,Towers with Radar,0,27,16,0,43,0,1,12,0,13,0,28,28,0,56,27,0,27,83
06/28/2020,MMU,NJ,AEA,EN,Towers with Radar,0,25,24,0,49,0,4,35,0,39,0,29,59,0,88,99,0,99,187
06/29/2020,MMU,NJ,AEA,EN,Towers with Radar,0,13,21,0,34,0,0,60,0,60,0,13,81,0,94,131,0,131,225
06/30/2020,MMU,NJ,AEA,EN,Towers with Radar,0,14,27,0,41,0,0,39,0,39,0,14,66,0,80,105,0,105,185
07/01/2020,MMU,NJ,AEA,EN,Towers with Radar,0,24,31,0,55,0,3,9,0,12,0,27,40,0,67,44,0,44,111
07/02/2020,MMU,NJ,AEA,EN,Towers with Radar,0,22,28,0,50,0,2,45,0,47,0,24,73,0,97,93,0,93,190
07/03/2020,MMU,NJ,AEA,EN,Towers with Radar,0,17,21,0,38,0,0,44,0,44,0,17,65,0,82,97,0,97,179
07/04/2020,MMU,NJ,AEA,EN,Towers with Radar,0,14,23,0,37,0,0,28,0,28,0,14,51,0,65,124,0,124,189
07/05/2020,MMU,NJ,AEA,EN,Towers with Radar,0,18,34,0,52,0,0,62,0,62,0,18,96,0,114,140,0,140,254
07/06/2020,MMU,NJ,AEA,EN,Towers with Radar,0,19,22,0,41,0,0,45,0,45,0,19,67,0,86,120,0,120,206
07/07/2020,MMU,NJ,AEA,EN,Towers with Radar,0,23,29,0,52,0,0,21,0,21,0,23,50,0,73,146,0,146,219
07/08/2020,MMU,NJ,AEA,EN,Towers with Radar,0,28,34,0,62,0,0,8,0,8,0,28,42,0,70,58,0,58,128
07/09/2020,MMU,NJ,AEA,EN,Towers with Radar,0,14,46,0,60,0,0,55,0,55,0,14,101,0,115,115,0,115,230
07/10/2020,MMU,NJ,AEA,EN,Towers with Radar,0,11,14,0,25,0,0,1,0,1,0,11,15,0,26,0,0,0,26
07/11/2020,MMU,NJ,AEA,EN,Towers with Radar,0,15,22,0,37,0,0,31,0,31,0,15,53,0,68,84,0,84,152
07/12/2020,MMU,NJ,AEA,EN,Towers with Radar,0,22,44,0,66,0,0,70,0,70,0,22,114,0,136,139,0,139,275
07/13/2020,MMU,NJ,AEA,EN,Towers with Radar,0,24,23,0,47,0,1,50,0,51,0,25,73,0,98,168,0,168,266
07/14/2020,MMU,NJ,AEA,EN,Towers with Radar,0,23,21,0,44,0,0,67,0,67,0,23,88,0,111,169,0,169,280
07/15/2020,MMU,NJ,AEA,EN,Towers with Radar,0,27,27,0,54,0,0,46,0,46,0,27,73,0,100,115,0,115,215
07/16/2020,MMU,NJ,AEA,EN,Towers with Radar,0,27,34,0,61,0,0,54,0,54,0,27,88,0,115,155,0,155,270
07/17/2020,MMU,NJ,AEA,EN,Towers with Radar,0,13,28,0,41,0,0,7,0,7,0,13,35,0,48,39,0,39,87
07/18/2020,MMU,NJ,AEA,EN,Towers with Radar,0,14,26,0,40,0,1,77,0,78,0,15,103,0,118,77,0,77,195
07/19/2020,MMU,NJ,AEA,EN,Towers with Radar,0,26,27,0,53,0,0,78,0,78,0,26,105,0,131,98,0,98,229
07/20/2020,MMU,NJ,AEA,EN,Towers with Radar,0,21,18,0,39,0,1,68,0,69,0,22,86,0,108,102,0,102,210
07/21/2020,MMU,NJ,AEA,EN,Towers with Radar,1,29,19,0,49,0,3,65,5,73,1,32,84,5,122,187,0,187,309
07/22/2020,MMU,NJ,AEA,EN,Towers with Radar,0,17,23,0,40,0,0,40,0,40,0,17,63,0,80,86,0,86,166
07/23/2020,MMU,NJ,AEA,EN,Towers with Radar,0,34,39,2,75,0,4,7,0,11,0,38,46,2,86,15,0,15,101
07/24/2020,MMU,NJ,AEA,EN,Towers with Radar,1,14,41,1,57,0,1,39,2,42,1,15,80,3,99,66,0,66,165
07/25/2020,MMU,NJ,AEA,EN,Towers with Radar,0,20,31,0,51,0,0,45,0,45,0,20,76,0,96,2,0,2,98
07/26/2020,MMU,NJ,AEA,EN,Towers with Radar,1,40,45,2,88,0,0,31,2,33,1,40,76,4,121,0,0,0,121
07/27/2020,MMU,NJ,AEA,EN,Towers with Radar,0,17,40,2,59,0,1,106,0,107,0,18,146,2,166,158,0,158,324
07/28/2020,MMU,NJ,AEA,EN,Towers with Radar,1,29,27,1,58,0,0,65,0,65,1,29,92,1,123,151,0,151,274
07/29/2020,MMU,NJ,AEA,EN,Towers with Radar,0,19,44,0,63,0,2,104,0,106,0,21,148,0,169,114,0,114,283
07/30/2020,MMU,NJ,AEA,EN,Towers with Radar,0,20,41,2,63,0,1,81,0,82,0,21,122,2,145,192,0,192,337
07/31/2020,MMU,NJ,AEA,EN,Towers with Radar,0,32,31,0,63,0,0,35,0,35,0,32,66,0,98,88,0,88,186
08/01/2020,MMU,NJ,AEA,EN,Towers with Radar,0,20,28,0,48,0,0,101,0,101,0,20,129,0,149,162,0,162,311
08/02/2020,MMU,NJ,AEA,EN,Towers with Radar,0,24,29,0,53,0,5,15,0,20,0,29,44,0,73,4,0,4,77
08/03/2020,MMU,NJ,AEA,EN,Towers with Radar,0,18,29,2,49,0,3,76,2,81,0,21,105,4,130,138,0,138,268
08/04/2020,MMU,NJ,AEA,EN,Towers with Radar,0,7,7,0,14,0,1,0,0,1,0,8,7,0,15,0,0,0,15
08/05/2020,MMU,NJ,AEA,EN,Towers with Radar,0,17,49,0,66,0,0,118,6,124,0,17,167,6,190,208,0,208,398
08/06/2020,MMU,NJ,AEA,EN,Towers with Radar,1,21,50,2,74,0,1,90,0,91,1,22,140,2,165,149,0,149,314
08/07/2020,MMU,NJ,AEA,EN,Towers with Radar,0,15,32,0,47,0,0,13,0,13,0,15,45,0,60,0,0,0,60
08/08/2020,MMU,NJ,AEA,EN,Towers with Radar,0,21,37,0,58,0,2,10,0,12,0,23,47,0,70,8,0,8,78
08/09/2020,MMU,NJ,AEA,EN,Towers with Radar,1,28,38,1,68,0,3,32,3,38,1,31,70,4,106,0,0,0,106
08/10/2020,MMU,NJ,AEA,EN,Towers with Radar,0,23,55,0,78,0,0,74,1,75,0,23,129,1,153,139,0,139,292
08/11/2020,MMU,NJ,AEA,EN,Towers with Radar,0,20,41,0,61,0,0,60,0,60,0,20,101,0,121,131,0,131,252
08/12/2020,MMU,NJ,AEA,EN,Towers with Radar,0,25,24,0,49,0,1,64,0,65,0,26,88,0,114,231,0,231,345
08/13/2020,MMU,NJ,AEA,EN,Towers with Radar,0,26,41,0,67,0,0,30,0,30,0,26,71,0,97,85,0,85,182
08/14/2020,MMU,NJ,AEA,EN,Towers with Radar,1,20,44,1,66,0,1,43,5,49,1,21,87,6,115,65,0,65,180
08/15/2020,MMU,NJ,AEA,EN,Towers with Radar,0,27,38,0,65,0,0,50,0,50,0,27,88,0,115,0,0,0,115
08/16/2020,MMU,NJ,AEA,EN,Towers with Radar,1,28,32,1,62,0,2,0,6,8,1,30,32,7,70,0,0,0,70
08/17/2020,MMU,NJ,AEA,EN,Towers with Radar,0,13,35,2,50,0,0,77,0,77,0,13,112,2,127,196,0,196,323
08/18/2020,MMU,NJ,AEA,EN,Towers with Radar,0,25,56,2,83,0,1,137,0,138,0,26,193,2,221,245,0,245,466
08/19/2020,MMU,NJ,AEA,EN,Towers with Radar,0,28,39,1,68,0,3,87,0,90,0,31,126,1,158,224,0,224,382
08/20/2020,MMU,NJ,AEA,EN,Towers with Radar,0,33,41,3,77,0,7,115,1,123,0,40,156,4,200,156,0,156,356
08/21/2020,MMU,NJ,AEA,EN,Towers with Radar,0,21,43,0,64,0,1,112,0,113,0,22,155,0,177,219,0,219,396
08/22/2020,MMU,NJ,AEA,EN,Towers with Radar,0,23,36,0,59,0,2,106,0,108,0,25,142,0,167,186,0,186,353
08/23/2020,MMU,NJ,AEA,EN,Towers with Radar,0,28,40,0,68,0,1,76,0,77,0,29,116,0,145,203,0,203,348
08/24/2020,MMU,NJ,AEA,EN,Towers with Radar,0,18,31,0,49,0,0,79,0,79,0,18,110,0,128,145,0,145,273
08/25/2020,MMU,NJ,AEA,EN,Towers with Radar,0,24,37,0,61,0,0,51,0,51,0,24,88,0,112,141,0,141,253
08/26/2020,MMU,NJ,AEA,EN,Towers with Radar,0,24,25,0,49,0,0,74,0,74,0,24,99,0,123,195,0,195,318
08/27/2020,MMU,NJ,AEA,EN,Towers with Radar,0,22,32,0,54,0,1,75,0,76,0,23,107,0,130,128,0,128,258
08/28/2020,MMU,NJ,AEA,EN,Towers with Radar,0,19,54,0,73,0,1,79,0,80,0,20,133,0,153,202,0,202,355
08/29/2020,MMU,NJ,AEA,EN,Towers with Radar,0,16,26,0,42,0,0,2,0,2,0,16,28,0,44,0,0,0,44
08/30/2020,MMU,NJ,AEA,EN,Towers with Radar,0,21,37,0,58,0,2,121,0,123,0,23,158,0,181,102,0,102,283
08/31/2020,MMU,NJ,AEA,EN,Towers with Radar,0,14,31,0,45,0,1,87,0,88,0,15,118,0,133,172,0,172,305
09/01/2020,MMU,NJ,AEA,EN,Towers with Radar,0,26,58,0,84,0,1,83,0,84,0,27,141,0,168,213,0,213,381
09/02/2020,MMU,NJ,AEA,EN,Towers with Radar,0,31,54,0,85,0,0,21,0,21,0,31,75,0,106,134,0,134,240
09/03/2020,MMU,NJ,AEA,EN,Towers with Radar,0,16,54,0,70,0,0,98,0,98,0,16,152,0,168,200,0,200,368
09/04/2020,MMU,NJ,AEA,EN,Towers with Radar,0,21,48,0,69,0,1,116,0,117,0,22,164,0,186,126,0,126,312
09/05/2020,MMU,NJ,AEA,EN,Towers with Radar,0,23,18,0,41,0,3,109,0,112,0,26,127,0,153,266,0,266,419
09/06/2020,MMU,NJ,AEA,EN,Towers with Radar,0,17,11,0,28,0,1,99,0,100,0,18,110,0,128,212,0,212,340
09/07/2020,MMU,NJ,AEA,EN,Towers with Radar,0,37,39,0,76,0,1,110,0,111,0,38,149,0,187,185,0,185,372
09/08/2020,MMU,NJ,AEA,EN,Towers with Radar,0,34,33,0,67,0,0,71,0,71,0,34,104,0,138,210,0,210,348
09/09/2020,MMU,NJ,AEA,EN,Towers with Radar,0,31,48,0,79,0,0,75,0,75,0,31,123,0,154,238,0,238,392
09/10/2020,MMU,NJ,AEA,EN,Towers with Radar,0,33,46,0,79,0,0,18,0,18,0,33,64,0,97,19,0,19,116
09/11/2020,MMU,NJ,AEA,EN,Towers with Radar,0,37,54,0,91,0,1,75,0,76,0,38,129,0,167,255,0,255,422
09/12/2020,MMU,NJ,AEA,EN,Towers with Radar,0,21,20,0,41,0,0,98,0,98,0,21,118,0,139,227,0,227,366
09/13/2020,MMU,NJ,AEA,EN,Towers with Radar,0,27,46,0,73,0,0,75,0,75,0,27,121,0,148,217,0,217,365
09/14/2020,MMU,NJ,AEA,EN,Towers with Radar,0,24,45,0,69,0,1,67,0,68,0,25,112,0,137,147,0,147,284
09/15/2020,MMU,NJ,AEA,EN,Towers with Radar,0,14,37,0,51,0,1,104,0,105,0,15,141,0,156,245,0,245,401
09/16/2020,MMU,NJ,AEA,EN,Towers with Radar,0,18,40,0,58,0,2,87,0,89,0,20,127,0,147,260,0,260,407
09/17/2020,MMU,NJ,AEA,EN,Towers with Radar,0,15,34,0,49,0,1,106,0,107,0,16,140,0,156,214,0,214,370
09/18/2020,MMU,NJ,AEA,EN,Towers with Radar,0,25,39,0,64,0,1,46,0,47,0,26,85,0,111,77,0,77,188
09/19/2020,MMU,NJ,AEA,EN,Towers with Radar,0,33,19,0,52,0,4,65,0,69,0,37,84,0,121,58,0,58,179
09/20/2020,MMU,NJ,AEA,EN,Towers with Radar,0,26,25,0,51,0,6,77,0,83,0,32,102,0,134,125,0,125,259
09/21/2020,MMU,NJ,AEA,EN,Towers with Radar,0,28,32,0,60,0,0,78,0,78,0,28,110,0,138,113,0,113,251
09/22/2020,MMU,NJ,AEA,EN,Towers with Radar,0,21,34,0,55,0,0,84,0,84,0,21,118,0,139,112,0,112,251
09/23/2020,MMU,NJ,AEA,EN,Towers with Radar,0,21,54,0,75,0,3,73,0,76,0,24,127,0,151,157,0,157,308
09/24/2020,MMU,NJ,AEA,EN,Towers with Radar,0,34,29,0,63,0,0,85,0,85,0,34,114,0,148,153,0,153,301
09/25/2020,MMU,NJ,AEA,EN,Towers with Radar,0,26,51,0,77,0,0,86,0,86,0,26,137,0,163,233,0,233,396
09/26/2020,MMU,NJ,AEA,EN,Towers with Radar,0,16,31,0,47,0,0,35,0,35,0,16,66,0,82,164,0,164,246
09/27/2020,MMU,NJ,AEA,EN,Towers with Radar,0,31,36,0,67,0,0,42,0,42,0,31,78,0,109,105,0,105,214
09/28/2020,MMU,NJ,AEA,EN,Towers with Radar,0,22,31,0,53,0,0,32,0,32,0,22,63,0,85,137,0,137,222
09/29/2020,MMU,NJ,AEA,EN,Towers with Radar,0,25,46,0,71,0,0,0,2,2,0,25,46,2,73,10,0,10,83
09/30/2020,MMU,NJ,AEA,EN,Towers with Radar,0,24,36,0,60,0,2,22,0,24,0,26,58,0,84,110,0,110,194
10/01/2020,MMU,NJ,AEA,EN,Towers with Radar,0,14,48,4,66,0,0,62,6,68,0,14,110,10,134,94,0,94,228
10/02/2020,MMU,NJ,AEA,EN,Towers with Radar,0,25,48,0,73,0,1,63,0,64,0,26,111,0,137,166,0,166,303
10/03/2020,MMU,NJ,AEA,EN,Towers with Radar,0,15,18,0,33,0,2,110,0,112,0,17,128,0,145,246,0,246,391
10/04/2020,MMU,NJ,AEA,EN,Towers with Radar,0,27,25,0,52,0,3,74,0,77,0,30,99,0,129,207,0,207,336
10/05/2020,MMU,NJ,AEA,EN,Towers with Radar,0,13,41,2,56,0,0,65,0,65,0,13,106,2,121,208,0,208,329
10/06/2020,MMU,NJ,AEA,EN,Towers with Radar,0,19,39,0,58,0,0,68,0,68,0,19,107,0,126,102,0,102,228
10/07/2020,MMU,NJ,AEA,EN,Towers with Radar,0,13,32,0,45,0,0,35,0,35,0,13,67,0,80,39,0,39,119
10/08/2020,MMU,NJ,AEA,EN,Towers with Radar,0,18,40,0,58,0,1,47,0,48,0,19,87,0,106,51,0,51,157
10/09/2020,MMU,NJ,AEA,EN,Towers with Radar,0,19,49,0,68,0,0,111,0,111,0,19,160,0,179,152,0,152,331
10/10/2020,MMU,NJ,AEA,EN,Towers with Radar,0,18,23,0,41,0,0,75,0,75,0,18,98,0,116,177,0,177,293
10/11/2020,MMU,NJ,AEA,EN,Towers with Radar,1,21,33,0,55,0,1,63,0,64,1,22,96,0,119,160,0,160,279
10/12/2020,MMU,NJ,AEA,EN,Towers with Radar,0,21,39,0,60,0,0,0,0,0,0,21,39,0,60,0,0,0,60
10/13/2020,MMU,NJ,AEA,EN,Towers with Radar,0,15,39,0,54,0,0,7,0,7,0,15,46,0,61,7,0,7,68
10/14/2020,MMU,NJ,AEA,EN,Towers with Radar,0,18,53,1,72,0,0,96,0,96,0,18,149,1,168,179,0,179,347
10/15/2020,MMU,NJ,AEA,EN,Towers with Radar,0,26,41,0,67,0,0,77,0,77,0,26,118,0,144,208,0,208,352
10/16/2020,MMU,NJ,AEA,EN,Towers with Radar,0,15,44,0,59,0,2,4,0,6,0,17,48,0,65,44,0,44,109
10/17/2020,MMU,NJ,AEA,EN,Towers with Radar,0,26,23,0,49,0,1,117,0,118,0,27,140,0,167,152,0,152,319
10/18/2020,MMU,NJ,AEA,EN,Towers with Radar,0,36,44,0,80,0,1,126,0,127,0,37,170,0,207,101,0,101,308
10/19/2020,MMU,NJ,AEA,EN,Towers with Radar,0,21,37,0,58,0,1,25,0,26,0,22,62,0,84,215,0,215,299
10/20/2020,MMU,NJ,AEA,EN,Towers with Radar,0,19,62,0,81,0,0,14,0,14,0,19,76,0,95,140,0,140,235
10/21/2020,MMU,NJ,AEA,EN,Towers with Radar,0,32,41,0,73,0,0,2,0,2,0,32,43,0,75,0,0,0,75
10/22/2020,MMU,NJ,AEA,EN,Towers with Radar,0,24,54,0,78,0,0,3,0,3,0,24,57,0,81,16,0,16,97
10/23/2020,MMU,NJ,AEA,EN,Towers with Radar,0,34,49,0,83,0,2,10,0,12,0,36,59,0,95,63,0,63,158
10/24/2020,MMU,NJ,AEA,EN,Towers with Radar,0,32,32,0,64,0,0,42,0,42,0,32,74,0,106,128,0,128,234
10/25/2020,MMU,NJ,AEA,EN,Towers with Radar,0,37,44,0,81,0,0,122,0,122,0,37,166,0,203,252,0,252,455
10/26/2020,MMU,NJ,AEA,EN,Towers with Radar,0,23,39,0,62,0,0,0,0,0,0,23,39,0,62,0,0,0,62
10/27/2020,MMU,NJ,AEA,EN,Towers with Radar,0,23,37,1,61,0,0,82,0,82,0,23,119,1,143,278,0,278,421
10/28/2020,MMU,NJ,AEA,EN,Towers with Radar,0,16,51,0,67,0,0,17,0,17,0,16,68,0,84,90,0,90,174
10/29/2020,MMU,NJ,AEA,EN,Towers with Radar,0,26,33,0,59,0,1,5,0,6,0,27,38,0,65,11,0,11,76
10/30/2020,MMU,NJ,AEA,EN,Towers with Radar,0,15,22,0,37,0,1,7,0,8,0,16,29,0,45,38,0,38,83
10/31/2020,MMU,NJ,AEA,EN,Towers with Radar,0,19,23,0,42,0,2,149,0,151,0,21,172,0,193,302,0,302,495
11/01/2020,MMU,NJ,AEA,EN,Towers with Radar,0,23,39,0,62,0,1,41,0,42,0,24,80,0,104,134,0,134,238
11/02/2020,MMU,NJ,AEA,EN,Towers with Radar,0,21,40,0,61,0,0,13,0,13,0,21,53,0,74,2,0,2,76
11/03/2020,MMU,NJ,AEA,EN,Towers with Radar,0,11,36,0,47,0,0,71,0,71,0,11,107,0,118,162,0,162,280
11/04/2020,MMU,NJ,AEA,EN,Towers with Radar,0,10,30,0,40,0,0,116,0,116,0,10,146,0,156,298,0,298,454
11/05/2020,MMU,NJ,AEA,EN,Towers with Radar,0,28,51,0,79,0,1,112,0,113,0,29,163,0,192,322,0,322,514
11/06/2020,MMU,NJ,AEA,EN,Towers with Radar,0,20,34,0,54,0,0,92,0,92,0,20,126,0,146,189,0,189,335
11/07/2020,MMU,NJ,AEA,EN,Towers with Radar,0,17,24,0,41,0,2,106,0,108,0,19,130,0,149,205,0,205,354
11/08/2020,MMU,NJ,AEA,EN,Towers with Radar,0,21,40,0,61,0,0,121,0,121,0,21,161,0,182,239,0,239,421
11/09/2020,MMU,NJ,AEA,EN,Towers with Radar,0,25,24,1,50,0,2,66,0,68,0,27,90,1,118,288,0,288,406
11/10/2020,MMU,NJ,AEA,EN,Towers with Radar,0,16,34,0,50,0,0,72,0,72,0,16,106,0,122,281,0,281,403
11/11/2020,MMU,NJ,AEA,EN,Towers with Radar,0,33,41,0,74,0,0,0,0,0,0,33,41,0,74,0,0,0,74
11/12/2020,MMU,NJ,AEA,EN,Towers with Radar,0,24,48,0,72,0,0,0,0,0,0,24,48,0,72,0,0,0,72
11/13/2020,MMU,NJ,AEA,EN,Towers with Radar,0,25,40,0,65,0,0,26,0,26,0,25,66,0,91,68,0,68,159
11/14/2020,MMU,NJ,AEA,EN,Towers with Radar,0,13,46,0,59,0,1,88,0,89,0,14,134,0,148,226,0,226,374
11/15/2020,MMU,NJ,AEA,EN,Towers with Radar,0,19,36,0,55,0,1,48,0,49,0,20,84,0,104,118,0,118,222
11/16/2020,MMU,NJ,AEA,EN,Towers with Radar,0,26,46,2,74,0,1,53,0,54,0,27,99,2,128,85,0,85,213
11/17/2020,MMU,NJ,AEA,EN,Towers with Radar,0,20,44,0,64,0,0,67,0,67,0,20,111,0,131,120,7,127,258
11/18/2020,MMU,NJ,AEA,EN,Towers with Radar,0,25,38,0,63,0,0,51,0,51,0,25,89,0,114,46,0,46,160
11/19/2020,MMU,NJ,AEA,EN,Towers with Radar,0,46,52,0,98,0,0,82,4,86,0,46,134,4,184,172,0,172,356
11/20/2020,MMU,NJ,AEA,EN,Towers with Radar,0,33,25,4,62,0,1,78,0,79,0,34,103,4,141,193,0,193,334
11/21/2020,MMU,NJ,AEA,EN,Towers with Radar,0,20,39,2,61,0,3,116,0,119,0,23,155,2,180,224,0,224,404
11/22/2020,MMU,NJ,AEA,EN,Towers with Radar,0,27,43,2,72,0,0,40,0,40,0,27,83,2,112,225,0,225,337
11/23/2020,MMU,NJ,AEA,EN,Towers with Radar,0,26,34,0,60,0,0,28,0,28,0,26,62,0,88,8,0,8,96
11/24/2020,MMU,NJ,AEA,EN,Towers with Radar,0,32,61,0,93,0,2,92,0,94,0,34,153,0,187,85,0,85,272
11/25/2020,MMU,NJ,AEA,EN,Towers with Radar,0,23,58,0,81,0,0,81,0,81,0,23,139,0,162,146,0,146,308
11/26/2020,MMU,NJ,AEA,EN,Towers with Radar,0,14,12,0,26,0,0,0,0,0,0,14,12,0,26,0,0,0,26
11/27/2020,MMU,NJ,AEA,EN,Towers with Radar,0,12,27,0,39,0,0,68,0,68,0,12,95,0,107,134,0,134,241
11/28/2020,MMU,NJ,AEA,EN,Towers with Radar,0,30,31,0,61,0,0,97,0,97,0,30,128,0,158,157,0,157,315
11/29/2020,MMU,NJ,AEA,EN,Towers with Radar,0,34,57,0,91,0,3,96,0,99,0,37,153,0,190,180,0,180,370
11/30/2020,MMU,NJ,AEA,EN,Towers with Radar,0,17,16,0,33,0,0,0,0,0,0,17,16,0,33,0,0,0,33
12/01/2020,MMU,NJ,AEA,EN,Towers with Radar,0,20,39,0,59,0,0,45,2,47,0,20,84,2,106,105,0,105,211
12/02/2020,MMU,NJ,AEA,EN,Towers with Radar,0,29,20,0,49,0,0,34,0,34,0,29,54,0,83,108,0,108,191
12/03/2020,MMU,NJ,AEA,EN,Towers with Radar,0,23,45,0,68,0,3,122,0,125,0,26,167,0,193,145,0,145,338
12/04/2020,MMU,NJ,AEA,EN,Towers with Radar,0,23,40,0,63,0,0,50,0,50,0,23,90,0,113,117,0,117,230
12/05/2020,MMU,NJ,AEA,EN,Towers with Radar,0,17,10,0,27,0,0,6,0,6,0,17,16,0,33,39,0,39,72
12/06/2020,MMU,NJ,AEA,EN,Towers with Radar,0,21,35,0,56,0,0,23,0,23,0,21,58,0,79,82,0,82,161
12/07/2020,MMU,NJ,AEA,EN,Towers with Radar,0,17,34,0,51,0,0,70,0,70,0,17,104,0,121,121,0,121,242
12/08/2020,MMU,NJ,AEA,EN,Towers with Radar,0,25,36,0,61,0,1,60,0,61,0,26,96,0,122,116,0,116,238
12/09/2020,MMU,NJ,AEA,EN,Towers with Radar,0,17,34,0,51,0,0,16,0,16,0,17,50,0,67,60,0,60,127
12/10/2020,MMU,NJ,AEA,EN,Towers with Radar,0,31,31,0,62,0,0,77,0,77,0,31,108,0,139,144,0,144,283
12/11/2020,MMU,NJ,AEA,EN,Towers with Radar,0,18,26,0,44,0,1,81,0,82,0,19,107,0,126,172,0,172,298
12/12/2020,MMU,NJ,AEA,EN,Towers with Radar,0,10,20,0,30,0,0,1,0,1,0,10,21,0,31,0,0,0,31
12/13/2020,MMU,NJ,AEA,EN,Towers with Radar,0,27,45,1,73,0,0,86,0,86,0,27,131,1,159,67,0,67,226
12/14/2020,MMU,NJ,AEA,EN,Towers with Radar,0,27,26,0,53,0,0,3,0,3,0,27,29,0,56,6,0,6,62
12/15/2020,MMU,NJ,AEA,EN,Towers with Radar,0,32,42,0,74,0,1,85,0,86,0,33,127,0,160,98,0,98,258
12/16/2020,MMU,NJ,AEA,EN,Towers with Radar,0,22,21,0,43,0,0,17,0,17,0,22,38,0,60,33,0,33,93
12/17/2020,MMU,NJ,AEA,EN,Towers with Radar,0,18,20,0,38,0,1,4,0,5,0,19,24,0,43,19,0,19,62
12/18/2020,MMU,NJ,AEA,EN,Towers with Radar,0,35,66,0,101,0,0,57,0,57,0,35,123,0,158,45,0,45,203
12/19/2020,MMU,NJ,AEA,EN,Towers with Radar,0,25,41,0,66,0,2,56,0,58,0,27,97,0,124,111,0,111,235
12/20/2020,MMU,NJ,AEA,EN,Towers with Radar,0,18,27,0,45,0,0,14,0,14,0,18,41,0,59,68,0,68,127
12/21/2020,MMU,NJ,AEA,EN,Towers with Radar,0,22,33,0,55,0,0,29,0,29,0,22,62,0,84,61,0,61,145
12/22/2020,MMU,NJ,AEA,EN,Towers with Radar,0,27,44,0,71,0,0,51,0,51,0,27,95,0,122,58,0,58,180
12/23/2020,MMU,NJ,AEA,EN,Towers with Radar,0,26,39,0,65,0,2,67,0,69,0,28,106,0,134,136,0,136,270
12/24/2020,MMU,NJ,AEA,EN,Towers with Radar,0,17,11,0,28,0,1,18,0,19,0,18,29,0,47,10,0,10,57
12/25/2020,MMU,NJ,AEA,EN,Towers with Radar,0,32,11,0,43,0,0,0,0,0,0,32,11,0,43,0,0,0,43
12/26/2020,MMU,NJ,AEA,EN,Towers with Radar,1,42,54,0,97,0,1,51,0,52,1,43,105,0,149,57,0,57,206
12/27/2020,MMU,NJ,AEA,EN,Towers with Radar,0,31,47,0,78,0,0,84,0,84,0,31,131,0,162,216,0,216,378
12/28/2020,MMU,NJ,AEA,EN,Towers with Radar,0,28,38,0,66,0,1,50,0,51,0,29,88,0,117,139,0,139,256
12/29/2020,MMU,NJ,AEA,EN,Towers with Radar,0,32,33,0,65,0,0,39,0,39,0,32,72,0,104,42,0,42,146
12/30/2020,MMU,NJ,AEA,EN,Towers with Radar,0,32,35,2,69,0,3,64,0,67,0,35,99,2,136,183,0,183,319
12/31/2020,MMU,NJ,AEA,EN,Towers with Radar,0,20,12,0,32,0,1,16,0,17,0,21,28,0,49,29,0,29,78
01/01/2021,MMU,NJ,AEA,EN,Towers with Radar,0,16,12,0,28,0,1,15,0,16,0,17,27,0,44,89,0,89,133
01/02/2021,MMU,NJ,AEA,EN,Towers with Radar,0,36,49,0,85,0,3,23,0,26,0,39,72,0,111,18,0,18,129
01/03/2021,MMU,NJ,AEA,EN,Towers with Radar,0,35,46,0,81,0,0,9,0,9,0,35,55,0,90,38,0,38,128
01/04/2021,MMU,NJ,AEA,EN,Towers with Radar,0,32,44,0,76,0,0,34,0,34,0,32,78,0,110,134,0,134,244
01/05/2021,MMU,NJ,AEA,EN,Towers with Radar,0,40,20,0,60,0,0,39,0,39,0,40,59,0,99,184,0,184,283
01/06/2021,MMU,NJ,AEA,EN,Towers with Radar,1,24,46,2,73,0,2,62,0,64,1,26,108,2,137,48,0,48,185
01/07/2021,MMU,NJ,AEA,EN,Towers with Radar,0,27,28,0,55,0,0,94,0,94,0,27,122,0,149,89,0,89,238
01/08/2021,MMU,NJ,AEA,EN,Towers with Radar,0,19,47,2,68,0,0,63,0,63,0,19,110,2,131,79,0,79,210
01/09/2021,MMU,NJ,AEA,EN,Towers with Radar,0,22,31,0,53,0,1,60,0,61,0,23,91,0,114,197,0,197,311
01/10/2021,MMU,NJ,AEA,EN,Towers with Radar,0,26,44,0,70,0,1,104,0,105,0,27,148,0,175,154,0,154,329
01/11/2021,MMU,NJ,AEA,EN,Towers with Radar,0,14,31,0,45,0,0,56,0,56,0,14,87,0,101,93,0,93,194
01/12/2021,MMU,NJ,AEA,EN,Towers with Radar,0,24,15,0,39,0,0,77,0,77,0,24,92,0,116,123,0,123,239
01/13/2021,MMU,NJ,AEA,EN,Towers with Radar,0,26,30,0,56,0,2,62,0,64,0,28,92,0,120,115,0,115,235
01/14/2021,MMU,NJ,AEA,EN,Towers with Radar,0,29,41,0,70,0,1,83,0,84,0,30,124,0,154,127,0,127,281
01/15/2021,MMU,NJ,AEA,EN,Towers with Radar,0,24,46,1,71,0,0,0,0,0,0,24,46,1,71,2,0,2,73
01/16/2021,MMU,NJ,AEA,EN,Towers with Radar,0,22,20,0,42,0,0,15,0,15,0,22,35,0,57,95,0,95,152
01/17/2021,MMU,NJ,AEA,EN,Towers with Radar,0,34,31,0,65,0,2,53,0,55,0,36,84,0,120,44,0,44,164
01/18/2021,MMU,NJ,AEA,EN,Towers with Radar,0,25,29,0,54,0,3,84,0,87,0,28,113,0,141,139,0,139,280
01/19/2021,MMU,NJ,AEA,EN,Towers with Radar,0,26,30,0,56,0,3,50,0,53,0,29,80,0,109,40,0,40,149
01/20/2021,MMU,NJ,AEA,EN,Towers with Radar,0,29,31,0,60,0,0,34,0,34,0,29,65,0,94,58,0,58,152
01/21/2021,MMU,NJ,AEA,EN,Towers with Radar,0,32,48,1,81,0,0,69,0,69,0,32,117,1,150,171,0,171,321
01/22/2021,MMU,NJ,AEA,EN,Towers with Radar,0,21,34,0,55,0,1,57,0,58,0,22,91,0,113,45,0,45,158
01/23/2021,MMU,NJ,AEA,EN,Towers with Radar,0,18,21,0,39,0,2,37,0,39,0,20,58,0,78,38,0,38,116
01/24/2021,MMU,NJ,AEA,EN,Towers with Radar,0,14,28,0,42,0,0,69,0,69,0,14,97,0,111,40,0,40,151
01/25/2021,MMU,NJ,AEA,EN,Towers with Radar,0,13,39,0,52,0,0,60,0,60,0,13,99,0,112,108,0,108,220
01/26/2021,MMU,NJ,AEA,EN,Towers with Radar,0,9,13,0,22,0,0,5,0,5,0,9,18,0,27,17,0,17,44
01/27/2021,MMU,NJ,AEA,EN,Towers with Radar,0,30,32,0,62,0,1,40,0,41,0,31,72,0,103,85,0,85,188
01/28/2021,MMU,NJ,AEA,EN,Towers with Radar,0,20,36,0,56,0,0,32,0,32,0,20,68,0,88,20,0,20,108
01/29/2021,MMU,NJ,AEA,EN,Towers with Radar,0,11,18,0,29,0,1,6,0,7,0,12,24,0,36,7,0,7,43
01/30/2021,MMU,NJ,AEA,EN,Towers with Radar,0,23,28,0,51,0,1,83,0,84,0,24,111,0,135,175,0,175,310
01/31/2021,MMU,NJ,AEA,EN,Towers with Radar,0,36,31,0,67,0,1,33,0,34,0,37,64,0,101,184,0,184,285
02/01/2021,MMU,NJ,AEA,EN,Towers with Radar,0,0,0,0,0,0,0,0,0,0,0,0,0,0,0,0,0,0,0
02/02/2021,MMU,NJ,AEA,EN,Towers with Radar,0,6,4,0,10,0,0,0,0,0,0,6,4,0,10,0,0,0,10
02/03/2021,MMU,NJ,AEA,EN,Towers with Radar,0,20,24,0,44,0,1,29,0,30,0,21,53,0,74,52,0,52,126
02/04/2021,MMU,NJ,AEA,EN,Towers with Radar,0,23,42,0,65,0,2,66,0,68,0,25,108,0,133,127,0,127,260
02/05/2021,MMU,NJ,AEA,EN,Towers with Radar,0,16,26,0,42,0,17,0,0,17,0,33,26,0,59,26,0,26,85
02/06/2021,MMU,NJ,AEA,EN,Towers with Radar,0,29,39,0,68,0,0,57,0,57,0,29,96,0,125,51,0,51,176
02/07/2021,MMU,NJ,AEA,EN,Towers with Radar,0,13,10,0,23,0,0,0,0,0,0,13,10,0,23,0,0,0,23
02/08/2021,MMU,NJ,AEA,EN,Towers with Radar,0,27,55,0,82,0,0,56,0,56,0,27,111,0,138,125,0,125,263
02/09/2021,MMU,NJ,AEA,EN,Towers with Radar,0,13,25,0,38,0,3,6,0,9,0,16,31,0,47,43,0,43,90
02/10/2021,MMU,NJ,AEA,EN,Towers with Radar,0,20,45,0,65,0,0,69,0,69,0,20,114,0,134,301,0,301,435
02/11/2021,MMU,NJ,AEA,EN,Towers with Radar,0,22,45,0,67,0,2,31,0,33,0,24,76,0,100,154,0,154,254
02/12/2021,MMU,NJ,AEA,EN,Towers with Radar,0,28,42,0,70,0,1,66,0,67,0,29,108,0,137,175,0,175,312
02/13/2021,MMU,NJ,AEA,EN,Towers with Radar,0,31,29,0,60,0,0,57,0,57,0,31,86,0,117,149,0,149,266
02/14/2021,MMU,NJ,AEA,EN,Towers with Radar,0,19,18,0,37,0,0,11,0,11,0,19,29,0,48,93,0,93,141
02/15/2021,MMU,NJ,AEA,EN,Towers with Radar,0,28,30,0,58,0,0,9,0,9,0,28,39,0,67,46,0,46,113
02/16/2021,MMU,NJ,AEA,EN,Towers with Radar,0,20,40,0,60,0,0,26,1,27,0,20,66,1,87,13,0,13,100
02/17/2021,MMU,NJ,AEA,EN,Towers with Radar,0,31,52,0,83,0,0,72,0,72,0,31,124,0,155,183,0,183,338
02/18/2021,MMU,NJ,AEA,EN,Towers with Radar,0,18,6,0,24,0,0,0,0,0,0,18,6,0,24,0,0,0,24
02/19/2021,MMU,NJ,AEA,EN,Towers with Radar,0,13,26,0,39,0,0,0,0,0,0,13,26,0,39,0,0,0,39
02/20/2021,MMU,NJ,AEA,EN,Towers with Radar,0,31,31,0,62,0,0,78,0,78,0,31,109,0,140,179,0,179,319
02/21/2021,MMU,NJ,AEA,EN,Towers with Radar,0,44,40,0,84,0,1,114,0,115,0,45,154,0,199,258,0,258,457
02/22/2021,MMU,NJ,AEA,EN,Towers with Radar,0,21,23,0,44,0,1,19,0,20,0,22,42,0,64,55,0,55,119
02/23/2021,MMU,NJ,AEA,EN,Towers with Radar,0,14,29,0,43,0,0,39,0,39,0,14,68,0,82,87,0,87,169
02/24/2021,MMU,NJ,AEA,EN,Towers with Radar,0,33,49,0,82,0,2,70,0,72,0,35,119,0,154,212,0,212,366
02/25/2021,MMU,NJ,AEA,EN,Towers with Radar,0,25,41,0,66,0,1,61,0,62,0,26,102,0,128,82,0,82,210
02/26/2021,MMU,NJ,AEA,EN,Towers with Radar,0,18,44,2,64,0,0,61,0,61,0,18,105,2,125,146,0,146,271
02/27/2021,MMU,NJ,AEA,EN,Towers with Radar,0,27,28,0,55,0,0,2,0,2,0,27,30,0,57,4,0,4,61
02/28/2021,MMU,NJ,AEA,EN,Towers with Radar,0,37,44,0,81,0,0,28,0,28,0,37,72,0,109,130,0,130,239
03/01/2021,MMU,NJ,AEA,EN,Towers with Radar,0,31,26,0,57,0,0,13,0,13,0,31,39,0,70,14,0,14,84
03/02/2021,MMU,NJ,AEA,EN,Towers with Radar,0,27,20,0,47,0,0,33,0,33,0,27,53,0,80,74,0,74,154
03/03/2021,MMU,NJ,AEA,EN,Towers with Radar,0,26,46,0,72,0,0,102,0,102,0,26,148,0,174,239,0,239,413
03/04/2021,MMU,NJ,AEA,EN,Towers with Radar,0,32,49,0,81,0,2,32,0,34,0,34,81,0,115,88,0,88,203
03/05/2021,MMU,NJ,AEA,EN,Towers with Radar,0,29,50,0,79,0,3,24,0,27,0,32,74,0,106,20,0,20,126
03/06/2021,MMU,NJ,AEA,EN,Towers with Radar,0,42,24,0,66,0,0,82,0,82,0,42,106,0,148,214,0,214,362
03/07/2021,MMU,NJ,AEA,EN,Towers with Radar,0,33,47,0,80,0,0,164,0,164,0,33,211,0,244,263,0,263,507
03/08/2021,MMU,NJ,AEA,EN,Towers with Radar,0,26,33,0,59,0,0,77,0,77,0,26,110,0,136,123,0,123,259
03/09/2021,MMU,NJ,AEA,EN,Towers with Radar,0,20,40,2,62,0,0,78,0,78,0,20,118,2,140,194,0,194,334
03/10/2021,MMU,NJ,AEA,EN,Towers with Radar,0,42,49,0,91,0,2,93,0,95,0,44,142,0,186,300,0,300,486
03/11/2021,MMU,NJ,AEA,EN,Towers with Radar,0,28,43,0,71,0,0,91,0,91,0,28,134,0,162,256,0,256,418
03/12/2021,MMU,NJ,AEA,EN,Towers with Radar,0,29,42,0,71,0,1,71,0,72,0,30,113,0,143,158,0,158,301
03/13/2021,MMU,NJ,AEA,EN,Towers with Radar,0,33,34,0,67,0,0,69,0,69,0,33,103,0,136,198,0,198,334
03/14/2021,MMU,NJ,AEA,EN,Towers with Radar,0,40,33,0,73,0,2,32,0,34,0,42,65,0,107,79,0,79,186
03/15/2021,MMU,NJ,AEA,EN,Towers with Radar,0,24,28,0,52,0,2,45,0,47,0,26,73,0,99,123,0,123,222
03/16/2021,MMU,NJ,AEA,EN,Towers with Radar,0,13,32,0,45,0,1,49,0,50,0,14,81,0,95,330,0,330,425
03/17/2021,MMU,NJ,AEA,EN,Towers with Radar,0,29,53,0,82,0,2,3,0,5,0,31,56,0,87,126,0,126,213
03/18/2021,MMU,NJ,AEA,EN,Towers with Radar,0,12,35,0,47,0,0,0,0,0,0,12,35,0,47,0,0,0,47
03/19/2021,MMU,NJ,AEA,EN,Towers with Radar,0,24,23,0,47,0,3,35,0,38,0,27,58,0,85,52,0,52,137
03/20/2021,MMU,NJ,AEA,EN,Towers with Radar,0,34,43,0,77,0,1,123,0,124,0,35,166,0,201,263,0,263,464
03/21/2021,MMU,NJ,AEA,EN,Towers with Radar,0,53,55,0,108,0,1,152,0,153,0,54,207,0,261,267,0,267,528
03/22/2021,MMU,NJ,AEA,EN,Towers with Radar,0,17,35,0,52,0,0,94,0,94,0,17,129,0,146,258,0,258,404
03/23/2021,MMU,NJ,AEA,EN,Towers with Radar,0,25,44,1,70,0,1,97,0,98,0,26,141,1,168,196,6,202,370
03/24/2021,MMU,NJ,AEA,EN,Towers with Radar,0,31,56,0,87,0,0,0,0,0,0,31,56,0,87,0,0,0,87
03/25/2021,MMU,NJ,AEA,EN,Towers with Radar,0,35,62,0,97,0,0,18,0,18,0,35,80,0,115,83,0,83,198
03/26/2021,MMU,NJ,AEA,EN,Towers with Radar,0,42,42,0,84,0,0,12,0,12,0,42,54,0,96,2,0,2,98
03/27/2021,MMU,NJ,AEA,EN,Towers with Radar,0,27,36,0,63,0,0,115,0,115,0,27,151,0,178,218,0,218,396
03/28/2021,MMU,NJ,AEA,EN,Towers with Radar,0,32,34,0,66,0,0,4,0,4,0,32,38,0,70,6,0,6,76
03/29/2021,MMU,NJ,AEA,EN,Towers with Radar,0,28,44,0,72,0,0,26,0,26,0,28,70,0,98,59,0,59,157
03/30/2021,MMU,NJ,AEA,EN,Towers with Radar,0,42,54,0,96,0,0,126,0,126,0,42,180,0,222,227,0,227,449
03/31/2021,MMU,NJ,AEA,EN,Towers with Radar,0,33,53,0,86,0,0,19,0,19,0,33,72,0,105,172,0,172,277
04/01/2021,MMU,NJ,AEA,EN,Towers with Radar,0,38,60,0,98,0,6,20,0,26,0,44,80,0,124,42,0,42,166
04/02/2021,MMU,NJ,AEA,EN,Towers with Radar,0,31,18,0,49,0,0,46,0,46,0,31,64,0,95,111,0,111,206
04/03/2021,MMU,NJ,AEA,EN,Towers with Radar,0,28,25,0,53,0,1,129,0,130,0,29,154,0,183,285,0,285,468
04/04/2021,MMU,NJ,AEA,EN,Towers with Radar,0,28,33,0,61,0,1,53,0,54,0,29,86,0,115,246,0,246,361
04/05/2021,MMU,NJ,AEA,EN,Towers with Radar,0,46,52,0,98,0,0,49,0,49,0,46,101,0,147,76,0,76,223
04/06/2021,MMU,NJ,AEA,EN,Towers with Radar,0,45,39,0,84,0,0,108,0,108,0,45,147,0,192,153,0,153,345
04/07/2021,MMU,NJ,AEA,EN,Towers with Radar,0,40,52,2,94,0,0,137,0,137,0,40,189,2,231,236,0,236,467
04/08/2021,MMU,NJ,AEA,EN,Towers with Radar,0,33,44,2,79,0,0,115,0,115,0,33,159,2,194,190,0,190,384
04/09/2021,MMU,NJ,AEA,EN,Towers with Radar,0,38,60,0,98,0,0,44,0,44,0,38,104,0,142,158,0,158,300
04/10/2021,MMU,NJ,AEA,EN,Towers with Radar,0,34,44,0,78,0,0,14,0,14,0,34,58,0,92,137,0,137,229
04/11/2021,MMU,NJ,AEA,EN,Towers with Radar,0,29,54,0,83,0,0,0,0,0,0,29,54,0,83,0,0,0,83
04/12/2021,MMU,NJ,AEA,EN,Towers with Radar,0,33,52,0,85,0,0,7,2,9,0,33,59,2,94,63,5,68,162
04/13/2021,MMU,NJ,AEA,EN,Towers with Radar,0,17,32,0,49,0,0,108,0,108,0,17,140,0,157,267,0,267,424
04/14/2021,MMU,NJ,AEA,EN,Towers with Radar,0,35,52,0,87,0,0,73,0,73,0,35,125,0,160,212,0,212,372
04/15/2021,MMU,NJ,AEA,EN,Towers with Radar,0,25,53,0,78,0,0,0,0,0,0,25,53,0,78,0,0,0,78
04/16/2021,MMU,NJ,AEA,EN,Towers with Radar,0,26,25,2,53,0,1,56,0,57,0,27,81,2,110,97,0,97,207
04/17/2021,MMU,NJ,AEA,EN,Towers with Radar,0,30,17,0,47,0,0,100,0,100,0,30,117,0,147,263,0,263,410
04/18/2021,MMU,NJ,AEA,EN,Towers with Radar,0,45,44,0,89,0,0,197,0,197,0,45,241,0,286,236,0,236,522
04/19/2021,MMU,NJ,AEA,EN,Towers with Radar,0,35,49,0,84,0,1,70,0,71,0,36,119,0,155,180,0,180,335
04/20/2021,MMU,NJ,AEA,EN,Towers with Radar,0,31,39,0,70,0,1,82,0,83,0,32,121,0,153,149,0,149,302
04/21/2021,MMU,NJ,AEA,EN,Towers with Radar,0,21,31,0,52,0,0,21,0,21,0,21,52,0,73,44,0,44,117
04/22/2021,MMU,NJ,AEA,EN,Towers with Radar,0,26,47,0,73,0,1,30,0,31,0,27,77,0,104,36,0,36,140
04/23/2021,MMU,NJ,AEA,EN,Towers with Radar,0,36,50,0,86,0,0,56,0,56,0,36,106,0,142,41,0,41,183
04/24/2021,MMU,NJ,AEA,EN,Towers with Radar,0,22,27,0,49,0,0,167,0,167,0,22,194,0,216,228,0,228,444
04/25/2021,MMU,NJ,AEA,EN,Towers with Radar,0,44,52,0,96,0,0,28,0,28,0,44,80,0,124,59,0,59,183
04/26/2021,MMU,NJ,AEA,EN,Towers with Radar,0,22,39,0,61,0,0,46,0,46,0,22,85,0,107,34,0,34,141
04/27/2021,MMU,NJ,AEA,EN,Towers with Radar,0,25,44,0,69,0,0,136,0,136,0,25,180,0,205,140,0,140,345
04/28/2021,MMU,NJ,AEA,EN,Towers with Radar,0,39,42,2,83,0,0,117,0,117,0,39,159,2,200,163,0,163,363
04/29/2021,MMU,NJ,AEA,EN,Towers with Radar,0,30,63,0,93,0,0,38,0,38,0,30,101,0,131,91,0,91,222
04/30/2021,MMU,NJ,AEA,EN,Towers with Radar,0,34,35,0,69,0,0,11,0,11,0,34,46,0,80,0,0,0,80
05/01/2021,MMU,NJ,AEA,EN,Towers with Radar,0,32,33,0,65,0,0,46,0,46,0,32,79,0,111,70,0,70,181
05/02/2021,MMU,NJ,AEA,EN,Towers with Radar,0,31,48,0,79,0,1,80,0,81,0,32,128,0,160,146,0,146,306
05/03/2021,MMU,NJ,AEA,EN,Towers with Radar,0,29,50,0,79,0,0,54,0,54,0,29,104,0,133,89,0,89,222
05/04/2021,MMU,NJ,AEA,EN,Towers with Radar,0,23,56,0,79,0,0,18,0,18,0,23,74,0,97,167,0,167,264
05/05/2021,MMU,NJ,AEA,EN,Towers with Radar,0,37,66,0,103,0,0,1,0,1,0,37,67,0,104,1,0,1,105
05/06/2021,MMU,NJ,AEA,EN,Towers with Radar,0,47,67,1,115,0,0,93,0,93,0,47,160,1,208,133,0,133,341
05/07/2021,MMU,NJ,AEA,EN,Towers with Radar,0,34,38,0,72,0,3,120,0,123,0,37,158,0,195,203,0,203,398
05/08/2021,MMU,NJ,AEA,EN,Towers with Radar,0,42,26,0,68,0,0,21,0,21,0,42,47,0,89,61,0,61,150
05/09/2021,MMU,NJ,AEA,EN,Towers with Radar,0,47,42,0,89,0,1,74,0,75,0,48,116,0,164,250,0,250,414
05/10/2021,MMU,NJ,AEA,EN,Towers with Radar,0,32,50,0,82,0,1,48,0,49,0,33,98,0,131,202,0,202,333
05/11/2021,MMU,NJ,AEA,EN,Towers with Radar,0,31,54,1,86,0,0,93,0,93,0,31,147,1,179,67,0,67,246
05/12/2021,MMU,NJ,AEA,EN,Towers with Radar,0,30,47,0,77,0,0,87,0,87,0,30,134,0,164,119,0,119,283
05/13/2021,MMU,NJ,AEA,EN,Towers with Radar,0,31,62,0,93,0,0,223,0,223,0,31,285,0,316,232,0,232,548
05/14/2021,MMU,NJ,AEA,EN,Towers with Radar,0,30,38,0,68,0,4,133,0,137,0,34,171,0,205,186,0,186,391
05/15/2021,MMU,NJ,AEA,EN,Towers with Radar,0,25,31,0,56,0,0,108,0,108,0,25,139,0,164,186,0,186,350
05/16/2021,MMU,NJ,AEA,EN,Towers with Radar,0,55,51,0,106,0,0,87,0,87,0,55,138,0,193,175,0,175,368
05/17/2021,MMU,NJ,AEA,EN,Towers with Radar,0,45,48,0,93,0,0,67,0,67,0,45,115,0,160,162,0,162,322
05/18/2021,MMU,NJ,AEA,EN,Towers with Radar,0,31,51,0,82,0,1,98,0,99,0,32,149,0,181,151,0,151,332
05/19/2021,MMU,NJ,AEA,EN,Towers with Radar,0,45,57,0,102,0,1,132,0,133,0,46,189,0,235,184,0,184,419
05/20/2021,MMU,NJ,AEA,EN,Towers with Radar,0,33,42,0,75,0,0,91,0,91,0,33,133,0,166,132,0,132,298
05/21/2021,MMU,NJ,AEA,EN,Towers with Radar,0,39,56,1,96,0,1,85,0,86,0,40,141,1,182,133,0,133,315
05/22/2021,MMU,NJ,AEA,EN,Towers with Radar,0,25,42,0,67,0,1,92,0,93,0,26,134,0,160,130,0,130,290
05/23/2021,MMU,NJ,AEA,EN,Towers with Radar,0,29,50,0,79,0,1,136,0,137,0,30,186,0,216,170,0,170,386
05/24/2021,MMU,NJ,AEA,EN,Towers with Radar,0,30,49,0,79,0,2,117,0,119,0,32,166,0,198,186,0,186,384
05/25/2021,MMU,NJ,AEA,EN,Towers with Radar,0,37,37,2,76,0,0,126,2,128,0,37,163,4,204,176,0,176,380
05/26/2021,MMU,NJ,AEA,EN,Towers with Radar,0,33,71,0,104,0,0,65,0,65,0,33,136,0,169,80,0,80,249
05/27/2021,MMU,NJ,AEA,EN,Towers with Radar,0,51,57,2,110,0,3,121,0,124,0,54,178,2,234,173,0,173,407
05/28/2021,MMU,NJ,AEA,EN,Towers with Radar,0,35,57,0,92,0,0,50,0,50,0,35,107,0,142,90,0,90,232
05/29/2021,MMU,NJ,AEA,EN,Towers with Radar,0,15,33,0,48,0,0,2,0,2,0,15,35,0,50,14,0,14,64
05/30/2021,MMU,NJ,AEA,EN,Towers with Radar,0,17,25,0,42,0,0,0,0,0,0,17,25,0,42,0,0,0,42
05/31/2021,MMU,NJ,AEA,EN,Towers with Radar,0,38,51,0,89,0,0,78,0,78,0,38,129,0,167,236,0,236,403
06/01/2021,MMU,NJ,AEA,EN,Towers with Radar,0,23,59,0,82,0,2,113,0,115,0,25,172,0,197,161,0,161,358
06/02/2021,MMU,NJ,AEA,EN,Towers with Radar,0,30,44,0,74,0,0,124,0,124,0,30,168,0,198,125,0,125,323
06/03/2021,MMU,NJ,AEA,EN,Towers with Radar,0,42,37,0,79,0,0,0,0,0,0,42,37,0,79,8,0,8,87
06/04/2021,MMU,NJ,AEA,EN,Towers with Radar,0,28,32,0,60,0,0,27,0,27,0,28,59,0,87,87,0,87,174
06/05/2021,MMU,NJ,AEA,EN,Towers with Radar,0,36,30,0,66,0,0,106,0,106,0,36,136,0,172,167,0,167,339
06/06/2021,MMU,NJ,AEA,EN,Towers with Radar,0,39,41,0,80,0,0,116,1,117,0,39,157,1,197,214,0,214,411
06/07/2021,MMU,NJ,AEA,EN,Towers with Radar,0,32,44,0,76,0,0,66,0,66,0,32,110,0,142,175,0,175,317
06/08/2021,MMU,NJ,AEA,EN,Towers with Radar,0,30,44,0,74,0,1,40,0,41,0,31,84,0,115,41,0,41,156
06/09/2021,MMU,NJ,AEA,EN,Towers with Radar,0,26,60,0,86,0,0,72,0,72,0,26,132,0,158,158,0,158,316
06/10/2021,MMU,NJ,AEA,EN,Towers with Radar,0,37,57,0,94,0,0,130,0,130,0,37,187,0,224,125,0,125,349
06/11/2021,MMU,NJ,AEA,EN,Towers with Radar,0,37,67,0,104,0,0,73,0,73,0,37,140,0,177,84,0,84,261
06/12/2021,MMU,NJ,AEA,EN,Towers with Radar,0,33,44,0,77,0,0,44,0,44,0,33,88,0,121,127,0,127,248
06/13/2021,MMU,NJ,AEA,EN,Towers with Radar,0,50,47,0,97,0,0,98,0,98,0,50,145,0,195,177,0,177,372
06/14/2021,MMU,NJ,AEA,EN,Towers with Radar,0,31,61,0,92,0,0,25,0,25,0,31,86,0,117,76,0,76,193
06/15/2021,MMU,NJ,AEA,EN,Towers with Radar,0,30,42,0,72,0,0,98,0,98,0,30,140,0,170,220,0,220,390
06/16/2021,MMU,NJ,AEA,EN,Towers with Radar,0,28,74,0,102,0,1,125,0,126,0,29,199,0,228,232,0,232,460
06/17/2021,MMU,NJ,AEA,EN,Towers with Radar,0,35,52,0,87,0,0,123,0,123,0,35,175,0,210,232,0,232,442
06/18/2021,MMU,NJ,AEA,EN,Towers with Radar,0,25,61,0,86,0,1,114,0,115,0,26,175,0,201,140,0,140,341
06/19/2021,MMU,NJ,AEA,EN,Towers with Radar,0,42,26,0,68,0,1,82,0,83,0,43,108,0,151,254,0,254,405
06/20/2021,MMU,NJ,AEA,EN,Towers with Radar,0,34,32,0,66,0,0,118,0,118,0,34,150,0,184,163,0,163,347
06/21/2021,MMU,NJ,AEA,EN,Towers with Radar,0,30,75,0,105,0,0,26,0,26,0,30,101,0,131,58,0,58,189
06/22/2021,MMU,NJ,AEA,EN,Towers with Radar,0,30,63,0,93,0,0,40,0,40,0,30,103,0,133,105,0,105,238
06/23/2021,MMU,NJ,AEA,EN,Towers with Radar,0,38,65,0,103,0,2,135,0,137,0,40,200,0,240,185,0,185,425
06/24/2021,MMU,NJ,AEA,EN,Towers with Radar,0,36,63,0,99,0,2,97,0,99,0,38,160,0,198,141,0,141,339
06/25/2021,MMU,NJ,AEA,EN,Towers with Radar,0,35,76,0,111,0,1,101,0,102,0,36,177,0,213,232,0,232,445
06/26/2021,MMU,NJ,AEA,EN,Towers with Radar,0,34,49,0,83,0,0,30,0,30,0,34,79,0,113,77,0,77,190
06/27/2021,MMU,NJ,AEA,EN,Towers with Radar,1,42,58,0,101,0,1,69,0,70,1,43,127,0,171,155,0,155,326
06/28/2021,MMU,NJ,AEA,EN,Towers with Radar,0,24,62,0,86,0,0,113,0,113,0,24,175,0,199,107,0,107,306
06/29/2021,MMU,NJ,AEA,EN,Towers with Radar,0,19,62,0,81,0,0,91,1,92,0,19,153,1,173,116,0,116,289
06/30/2021,MMU,NJ,AEA,EN,Towers with Radar,0,41,45,0,86,0,1,106,0,107,0,42,151,0,193,128,0,128,321
07/01/2021,MMU,NJ,AEA,EN,Towers with Radar,0,34,51,0,85,0,0,33,0,33,0,34,84,0,118,112,0,112,230
07/02/2021,MMU,NJ,AEA,EN,Towers with Radar,0,39,53,0,92,0,1,39,0,40,0,40,92,0,132,104,0,104,236
07/03/2021,MMU,NJ,AEA,EN,Towers with Radar,0,24,40,0,64,0,0,3,0,3,0,24,43,0,67,0,0,0,67
07/04/2021,MMU,NJ,AEA,EN,Towers with Radar,0,4,17,1,22,0,0,73,0,73,0,4,90,1,95,176,0,176,271
07/05/2021,MMU,NJ,AEA,EN,Towers with Radar,0,27,67,0,94,0,1,106,0,107,0,28,173,0,201,130,0,130,331
07/06/2021,MMU,NJ,AEA,EN,Towers with Radar,0,33,59,1,93,0,1,69,1,71,0,34,128,2,164,103,0,103,267
07/07/2021,MMU,NJ,AEA,EN,Towers with Radar,0,19,51,0,70,0,1,118,1,120,0,20,169,1,190,167,0,167,357
07/08/2021,MMU,NJ,AEA,EN,Towers with Radar,0,44,57,0,101,0,0,39,0,39,0,44,96,0,140,197,0,197,337
07/09/2021,MMU,NJ,AEA,EN,Towers with Radar,0,26,39,0,65,0,0,43,0,43,0,26,82,0,108,83,0,83,191
07/10/2021,MMU,NJ,AEA,EN,Towers with Radar,0,38,48,0,86,0,0,123,0,123,0,38,171,0,209,147,0,147,356
07/11/2021,MMU,NJ,AEA,EN,Towers with Radar,1,44,85,0,130,0,1,16,0,17,1,45,101,0,147,21,0,21,168
07/12/2021,MMU,NJ,AEA,EN,Towers with Radar,0,35,66,0,101,0,0,18,0,18,0,35,84,0,119,108,0,108,227
07/13/2021,MMU,NJ,AEA,EN,Towers with Radar,0,34,72,0,106,0,0,2,0,2,0,34,74,0,108,0,0,0,108
07/14/2021,MMU,NJ,AEA,EN,Towers with Radar,0,31,70,0,101,0,0,47,0,47,0,31,117,0,148,177,0,177,325
07/15/2021,MMU,NJ,AEA,EN,Towers with Radar,0,36,61,0,97,0,0,144,0,144,0,36,205,0,241,202,0,202,443
07/16/2021,MMU,NJ,AEA,EN,Towers with Radar,0,29,56,0,85,0,1,106,0,107,0,30,162,0,192,169,0,169,361
07/17/2021,MMU,NJ,AEA,EN,Towers with Radar,0,24,36,0,60,0,1,67,0,68,0,25,103,0,128,197,0,197,325
07/18/2021,MMU,NJ,AEA,EN,Towers with Radar,0,32,75,0,107,0,0,38,0,38,0,32,113,0,145,128,0,128,273
07/19/2021,MMU,NJ,AEA,EN,Towers with Radar,0,34,71,0,105,0,0,123,0,123,0,34,194,0,228,199,0,199,427
07/20/2021,MMU,NJ,AEA,EN,Towers with Radar,0,19,87,0,106,0,0,82,0,82,0,19,169,0,188,225,0,225,413
07/21/2021,MMU,NJ,AEA,EN,Towers with Radar,0,39,70,0,109,0,0,110,0,110,0,39,180,0,219,154,0,154,373
07/22/2021,MMU,NJ,AEA,EN,Towers with Radar,0,33,57,0,90,0,1,164,0,165,0,34,221,0,255,229,0,229,484
07/23/2021,MMU,NJ,AEA,EN,Towers with Radar,0,30,64,0,94,0,0,222,0,222,0,30,286,0,316,147,0,147,463
07/24/2021,MMU,NJ,AEA,EN,Towers with Radar,0,13,29,0,42,0,0,106,0,106,0,13,135,0,148,186,0,186,334
07/25/2021,MMU,NJ,AEA,EN,Towers with Radar,0,41,57,0,98,0,0,29,0,29,0,41,86,0,127,73,0,73,200
07/26/2021,MMU,NJ,AEA,EN,Towers with Radar,0,33,46,0,79,0,1,101,0,102,0,34,147,0,181,273,0,273,454
07/27/2021,MMU,NJ,AEA,EN,Towers with Radar,0,24,55,0,79,0,1,108,0,109,0,25,163,0,188,211,0,211,399
07/28/2021,MMU,NJ,AEA,EN,Towers with Radar,0,37,39,0,76,0,0,127,0,127,0,37,166,0,203,262,0,262,465
07/29/2021,MMU,NJ,AEA,EN,Towers with Radar,0,23,54,0,77,0,0,17,0,17,0,23,71,0,94,68,0,68,162
07/30/2021,MMU,NJ,AEA,EN,Towers with Radar,0,49,73,0,122,0,3,91,0,94,0,52,164,0,216,119,0,119,335
07/31/2021,MMU,NJ,AEA,EN,Towers with Radar,0,31,22,0,53,0,0,140,0,140,0,31,162,0,193,186,0,186,379
08/01/2021,MMU,NJ,AEA,EN,Towers with Radar,0,35,50,1,86,0,1,58,0,59,0,36,108,1,145,191,0,191,336
08/02/2021,MMU,NJ,AEA,EN,Towers with Radar,0,41,49,1,91,0,0,124,0,124,0,41,173,1,215,111,0,111,326
08/03/2021,MMU,NJ,AEA,EN,Towers with Radar,0,39,40,0,79,0,0,140,0,140,0,39,180,0,219,248,0,248,467
08/04/2021,MMU,NJ,AEA,EN,Towers with Radar,0,36,59,0,95,0,0,113,0,113,0,36,172,0,208,196,0,196,404
08/05/2021,MMU,NJ,AEA,EN,Towers with Radar,0,42,59,0,101,0,1,117,0,118,0,43,176,0,219,96,0,96,315
08/06/2021,MMU,NJ,AEA,EN,Towers with Radar,0,31,43,0,74,0,3,103,0,106,0,34,146,0,180,117,1,118,298
08/07/2021,MMU,NJ,AEA,EN,Towers with Radar,0,13,14,0,27,0,0,107,0,107,0,13,121,0,134,167,0,167,301
08/08/2021,MMU,NJ,AEA,EN,Towers with Radar,0,13,33,0,46,0,0,76,0,76,0,13,109,0,122,53,0,53,175
08/09/2021,MMU,NJ,AEA,EN,Towers with Radar,0,31,53,0,84,0,0,84,0,84,0,31,137,0,168,182,0,182,350
08/10/2021,MMU,NJ,AEA,EN,Towers with Radar,0,33,60,0,93,0,0,22,2,24,0,33,82,2,117,78,0,78,195
08/11/2021,MMU,NJ,AEA,EN,Towers with Radar,0,37,42,0,79,0,0,74,0,74,0,37,116,0,153,84,0,84,237
08/12/2021,MMU,NJ,AEA,EN,Towers with Radar,0,31,53,0,84,0,3,86,1,90,0,34,139,1,174,99,0,99,273
08/13/2021,MMU,NJ,AEA,EN,Towers with Radar,0,38,34,0,72,0,0,71,2,73,0,38,105,2,145,95,0,95,240
08/14/2021,MMU,NJ,AEA,EN,Towers with Radar,0,21,28,0,49,0,0,74,0,74,0,21,102,0,123,87,0,87,210
08/15/2021,MMU,NJ,AEA,EN,Towers with Radar,0,49,38,0,87,0,0,141,0,141,0,49,179,0,228,115,0,115,343
08/16/2021,MMU,NJ,AEA,EN,Towers with Radar,0,36,52,0,88,0,0,101,0,101,0,36,153,0,189,137,0,137,326
08/17/2021,MMU,NJ,AEA,EN,Towers with Radar,0,38,49,0,87,0,0,76,0,76,0,38,125,0,163,181,0,181,344
08/18/2021,MMU,NJ,AEA,EN,Towers with Radar,0,40,80,0,120,0,0,20,0,20,0,40,100,0,140,21,0,21,161
08/19/2021,MMU,NJ,AEA,EN,Towers with Radar,0,45,57,0,102,0,0,69,0,69,0,45,126,0,171,98,0,98,269
08/20/2021,MMU,NJ,AEA,EN,Towers with Radar,0,44,54,0,98,0,1,101,0,102,0,45,155,0,200,173,0,173,373
08/21/2021,MMU,NJ,AEA,EN,Towers with Radar,0,45,50,0,95,0,0,50,0,50,0,45,100,0,145,98,0,98,243
08/22/2021,MMU,NJ,AEA,EN,Towers with Radar,0,31,17,0,48,0,0,2,0,2,0,31,19,0,50,12,0,12,62
08/23/2021,MMU,NJ,AEA,EN,Towers with Radar,0,42,44,2,88,0,0,19,0,19,0,42,63,2,107,74,0,74,181
08/24/2021,MMU,NJ,AEA,EN,Towers with Radar,0,28,53,0,81,0,0,157,0,157,0,28,210,0,238,148,0,148,386
08/25/2021,MMU,NJ,AEA,EN,Towers with Radar,0,37,55,0,92,0,1,124,0,125,0,38,179,0,217,256,0,256,473
08/26/2021,MMU,NJ,AEA,EN,Towers with Radar,0,29,62,0,91,0,0,139,0,139,0,29,201,0,230,200,0,200,430
08/27/2021,MMU,NJ,AEA,EN,Towers with Radar,0,40,38,0,78,0,1,90,0,91,0,41,128,0,169,219,0,219,388
08/28/2021,MMU,NJ,AEA,EN,Towers with Radar,0,39,43,0,82,0,0,22,0,22,0,39,65,0,104,106,0,106,210
08/29/2021,MMU,NJ,AEA,EN,Towers with Radar,0,41,64,0,105,0,0,5,0,5,0,41,69,0,110,44,0,44,154
08/30/2021,MMU,NJ,AEA,EN,Towers with Radar,0,34,54,0,88,0,0,29,0,29,0,34,83,0,117,126,0,126,243
08/31/2021,MMU,NJ,AEA,EN,Towers with Radar,0,31,58,0,89,0,2,116,0,118,0,33,174,0,207,202,0,202,409
09/01/2021,MMU,NJ,AEA,EN,Towers with Radar,0,30,36,0,66,0,0,2,0,2,0,30,38,0,68,9,0,9,77
09/02/2021,MMU,NJ,AEA,EN,Towers with Radar,0,72,92,0,164,0,1,68,1,70,0,73,160,1,234,44,0,44,278
09/03/2021,MMU,NJ,AEA,EN,Towers with Radar,0,52,67,0,119,0,11,109,0,120,0,63,176,0,239,81,0,81,320
09/04/2021,MMU,NJ,AEA,EN,Towers with Radar,0,16,34,0,50,0,2,134,3,139,0,18,168,3,189,166,0,166,355
09/05/2021,MMU,NJ,AEA,EN,Towers with Radar,0,14,32,0,46,0,0,65,0,65,0,14,97,0,111,193,0,193,304
09/06/2021,MMU,NJ,AEA,EN,Towers with Radar,0,36,48,0,84,0,2,103,0,105,0,38,151,0,189,149,0,149,338
09/07/2021,MMU,NJ,AEA,EN,Towers with Radar,0,32,59,0,91,0,0,67,0,67,0,32,126,0,158,42,0,42,200
09/08/2021,MMU,NJ,AEA,EN,Towers with Radar,0,32,45,0,77,0,2,66,0,68,0,34,111,0,145,206,0,206,351
09/09/2021,MMU,NJ,AEA,EN,Towers with Radar,0,30,68,0,98,0,1,30,0,31,0,31,98,0,129,80,0,80,209
09/10/2021,MMU,NJ,AEA,EN,Towers with Radar,0,32,52,2,86,0,0,74,0,74,0,32,126,2,160,21,0,21,181
09/11/2021,MMU,NJ,AEA,EN,Towers with Radar,0,21,37,0,58,0,0,97,0,97,0,21,134,0,155,68,0,68,223
09/12/2021,MMU,NJ,AEA,EN,Towers with Radar,0,46,51,0,97,0,3,122,0,125,0,49,173,0,222,186,0,186,408
09/13/2021,MMU,NJ,AEA,EN,Towers with Radar,0,43,39,0,82,0,2,114,0,116,0,45,153,0,198,249,0,249,447
09/14/2021,MMU,NJ,AEA,EN,Towers with Radar,0,26,53,0,79,0,1,86,0,87,0,27,139,0,166,248,0,248,414
09/15/2021,MMU,NJ,AEA,EN,Towers with Radar,0,33,46,0,79,0,0,52,0,52,0,33,98,0,131,168,0,168,299
09/16/2021,MMU,NJ,AEA,EN,Towers with Radar,0,39,65,0,104,0,2,46,0,48,0,41,111,0,152,212,0,212,364
09/17/2021,MMU,NJ,AEA,EN,Towers with Radar,0,46,79,0,125,0,0,1,0,1,0,46,80,0,126,140,0,140,266
09/18/2021,MMU,NJ,AEA,EN,Towers with Radar,0,17,40,0,57,0,1,89,0,90,0,18,129,0,147,242,0,242,389
09/19/2021,MMU,NJ,AEA,EN,Towers with Radar,0,38,56,0,94,0,2,146,0,148,0,40,202,0,242,234,0,234,476
09/20/2021,MMU,NJ,AEA,EN,Towers with Radar,0,46,45,0,91,0,1,92,0,93,0,47,137,0,184,154,0,154,338
09/21/2021,MMU,NJ,AEA,EN,Towers with Radar,0,24,52,0,76,0,0,40,0,40,0,24,92,0,116,126,0,126,242
09/22/2021,MMU,NJ,AEA,EN,Towers with Radar,0,47,51,1,99,0,1,29,0,30,0,48,80,1,129,73,0,73,202
09/23/2021,MMU,NJ,AEA,EN,Towers with Radar,0,31,32,0,63,0,0,12,0,12,0,31,44,0,75,32,0,32,107
09/24/2021,MMU,NJ,AEA,EN,Towers with Radar,0,50,65,1,116,0,0,127,1,128,0,50,192,2,244,203,0,203,447
09/25/2021,MMU,NJ,AEA,EN,Towers with Radar,0,31,44,0,75,0,1,141,0,142,0,32,185,0,217,266,0,266,483
09/26/2021,MMU,NJ,AEA,EN,Towers with Radar,0,44,50,0,94,0,0,91,1,92,0,44,141,1,186,206,0,206,392
09/27/2021,MMU,NJ,AEA,EN,Towers with Radar,0,23,56,0,79,0,0,116,0,116,0,23,172,0,195,218,0,218,413
09/28/2021,MMU,NJ,AEA,EN,Towers with Radar,0,18,38,1,57,0,0,56,0,56,0,18,94,1,113,167,0,167,280
09/29/2021,MMU,NJ,AEA,EN,Towers with Radar,0,48,53,1,102,0,4,97,0,101,0,52,150,1,203,71,0,71,274
09/30/2021,MMU,NJ,AEA,EN,Towers with Radar,0,53,52,0,105,0,0,119,0,119,0,53,171,0,224,202,0,202,426
10/01/2021,MMU,NJ,AEA,EN,Towers with Radar,0,50,56,0,106,0,3,113,0,116,0,53,169,0,222,234,0,234,456
10/02/2021,MMU,NJ,AEA,EN,Towers with Radar,0,34,25,0,59,0,1,120,0,121,0,35,145,0,180,122,0,122,302
10/03/2021,MMU,NJ,AEA,EN,Towers with Radar,0,59,65,0,124,0,2,120,0,122,0,61,185,0,246,276,0,276,522
10/04/2021,MMU,NJ,AEA,EN,Towers with Radar,0,30,78,0,108,0,0,0,0,0,0,30,78,0,108,0,0,0,108
10/05/2021,MMU,NJ,AEA,EN,Towers with Radar,0,39,78,0,117,0,0,4,0,4,0,39,82,0,121,0,0,0,121
10/06/2021,MMU,NJ,AEA,EN,Towers with Radar,0,42,86,0,128,0,0,30,0,30,0,42,116,0,158,265,0,265,423
10/07/2021,MMU,NJ,AEA,EN,Towers with Radar,0,34,63,0,97,0,0,69,0,69,0,34,132,0,166,239,0,239,405
10/08/2021,MMU,NJ,AEA,EN,Towers with Radar,0,39,61,0,100,0,0,102,0,102,0,39,163,0,202,223,0,223,425
10/09/2021,MMU,NJ,AEA,EN,Towers with Radar,0,32,57,0,89,0,0,18,0,18,0,32,75,0,107,156,0,156,263
10/10/2021,MMU,NJ,AEA,EN,Towers with Radar,0,32,68,0,100,0,0,0,0,0,0,32,68,0,100,0,0,0,100
10/11/2021,MMU,NJ,AEA,EN,Towers with Radar,0,35,70,0,105,0,0,78,0,78,0,35,148,0,183,301,0,301,484
10/12/2021,MMU,NJ,AEA,EN,Towers with Radar,0,41,54,2,97,0,0,92,0,92,0,41,146,2,189,203,0,203,392
10/13/2021,MMU,NJ,AEA,EN,Towers with Radar,0,42,72,0,114,0,0,42,0,42,0,42,114,0,156,316,0,316,472
10/14/2021,MMU,NJ,AEA,EN,Towers with Radar,0,44,52,0,96,0,0,140,0,140,0,44,192,0,236,145,0,145,381
10/15/2021,MMU,NJ,AEA,EN,Towers with Radar,0,40,74,0,114,0,1,130,0,131,0,41,204,0,245,110,0,110,355
10/16/2021,MMU,NJ,AEA,EN,Towers with Radar,0,21,31,0,52,0,1,48,0,49,0,22,79,0,101,155,0,155,256
10/17/2021,MMU,NJ,AEA,EN,Towers with Radar,0,39,62,0,101,0,0,74,0,74,0,39,136,0,175,56,0,56,231
10/18/2021,MMU,NJ,AEA,EN,Towers with Radar,0,24,58,0,82,0,1,49,0,50,0,25,107,0,132,41,0,41,173
10/19/2021,MMU,NJ,AEA,EN,Towers with Radar,0,20,47,0,67,0,1,94,1,96,0,21,141,1,163,120,0,120,283
10/20/2021,MMU,NJ,AEA,EN,Towers with Radar,0,46,72,0,118,0,1,121,0,122,0,47,193,0,240,241,0,241,481
10/21/2021,MMU,NJ,AEA,EN,Towers with Radar,0,56,43,0,99,0,0,91,0,91,0,56,134,0,190,316,0,316,506
10/22/2021,MMU,NJ,AEA,EN,Towers with Radar,0,37,66,0,103,0,0,121,0,121,0,37,187,0,224,222,0,222,446
10/23/2021,MMU,NJ,AEA,EN,Towers with Radar,0,23,29,0,52,0,0,124,0,124,0,23,153,0,176,239,0,239,415
10/24/2021,MMU,NJ,AEA,EN,Towers with Radar,0,50,58,0,108,0,1,130,0,131,0,51,188,0,239,233,0,233,472
10/25/2021,MMU,NJ,AEA,EN,Towers with Radar,0,31,58,0,89,0,0,26,0,26,0,31,84,0,115,114,0,114,229
10/26/2021,MMU,NJ,AEA,EN,Towers with Radar,0,27,45,0,72,0,0,0,0,0,0,27,45,0,72,12,0,12,84
10/27/2021,MMU,NJ,AEA,EN,Towers with Radar,0,22,49,0,71,0,2,46,1,49,0,24,95,1,120,57,0,57,177
10/28/2021,MMU,NJ,AEA,EN,Towers with Radar,0,30,76,1,107,0,0,100,1,101,0,30,176,2,208,228,0,228,436
10/29/2021,MMU,NJ,AEA,EN,Towers with Radar,0,46,73,1,120,0,1,35,0,36,0,47,108,1,156,116,0,116,272
10/30/2021,MMU,NJ,AEA,EN,Towers with Radar,0,29,48,0,77,0,1,25,1,27,0,30,73,1,104,54,0,54,158
10/31/2021,MMU,NJ,AEA,EN,Towers with Radar,0,45,58,0,103,0,0,43,0,43,0,45,101,0,146,126,0,126,272
11/01/2021,MMU,NJ,AEA,EN,Towers with Radar,0,38,39,1,78,0,1,116,0,117,0,39,155,1,195,234,0,234,429
11/02/2021,MMU,NJ,AEA,EN,Towers with Radar,0,20,44,0,64,0,2,89,0,91,0,22,133,0,155,319,0,319,474
11/03/2021,MMU,NJ,AEA,EN,Towers with Radar,0,48,61,0,109,0,3,124,0,127,0,51,185,0,236,100,0,100,336
11/04/2021,MMU,NJ,AEA,EN,Towers with Radar,0,49,62,0,111,0,0,117,2,119,0,49,179,2,230,178,0,178,408
11/05/2021,MMU,NJ,AEA,EN,Towers with Radar,1,38,60,1,100,0,1,102,1,104,1,39,162,2,204,168,0,168,372
11/06/2021,MMU,NJ,AEA,EN,Towers with Radar,0,8,24,0,32,0,0,100,1,101,0,8,124,1,133,119,0,119,252
11/07/2021,MMU,NJ,AEA,EN,Towers with Radar,0,21,40,0,61,0,1,132,0,133,0,22,172,0,194,100,0,100,294
11/08/2021,MMU,NJ,AEA,EN,Towers with Radar,0,31,44,0,75,0,1,114,0,115,0,32,158,0,190,166,0,166,356
11/09/2021,MMU,NJ,AEA,EN,Towers with Radar,0,33,54,0,87,0,0,91,0,91,0,33,145,0,178,167,0,167,345
11/10/2021,MMU,NJ,AEA,EN,Towers with Radar,0,27,71,0,98,0,0,99,0,99,0,27,170,0,197,102,0,102,299
11/11/2021,MMU,NJ,AEA,EN,Towers with Radar,0,36,63,0,99,0,0,115,0,115,0,36,178,0,214,205,0,205,419
11/12/2021,MMU,NJ,AEA,EN,Towers with Radar,0,32,68,0,100,0,0,19,0,19,0,32,87,0,119,94,0,94,213
11/13/2021,MMU,NJ,AEA,EN,Towers with Radar,0,29,42,0,71,0,0,42,0,42,0,29,84,0,113,75,0,75,188
11/14/2021,MMU,NJ,AEA,EN,Towers with Radar,0,29,58,0,87,0,0,114,2,116,0,29,172,2,203,283,0,283,486
11/15/2021,MMU,NJ,AEA,EN,Towers with Radar,0,33,43,0,76,0,0,40,0,40,0,33,83,0,116,115,0,115,231
11/16/2021,MMU,NJ,AEA,EN,Towers with Radar,0,22,47,0,69,0,3,82,1,86,0,25,129,1,155,226,0,226,381
11/17/2021,MMU,NJ,AEA,EN,Towers with Radar,0,37,59,0,96,0,0,93,4,97,0,37,152,4,193,262,0,262,455
11/18/2021,MMU,NJ,AEA,EN,Towers with Radar,1,28,48,0,77,0,0,100,0,100,1,28,148,0,177,229,0,229,406
11/19/2021,MMU,NJ,AEA,EN,Towers with Radar,0,46,55,0,101,0,0,45,0,45,0,46,100,0,146,56,0,56,202
11/20/2021,MMU,NJ,AEA,EN,Towers with Radar,0,38,55,0,93,0,0,110,0,110,0,38,165,0,203,197,0,197,400
11/21/2021,MMU,NJ,AEA,EN,Towers with Radar,0,40,40,0,80,0,1,117,0,118,0,41,157,0,198,154,0,154,352
11/22/2021,MMU,NJ,AEA,EN,Towers with Radar,0,38,43,0,81,0,0,61,0,61,0,38,104,0,142,169,0,169,311
11/23/2021,MMU,NJ,AEA,EN,Towers with Radar,1,54,61,0,116,0,0,67,0,67,1,54,128,0,183,41,0,41,224
11/24/2021,MMU,NJ,AEA,EN,Towers with Radar,0,41,65,0,106,0,0,100,0,100,0,41,165,0,206,133,0,133,339
11/25/2021,MMU,NJ,AEA,EN,Towers with Radar,0,13,26,0,39,0,0,34,0,34,0,13,60,0,73,26,0,26,99
11/26/2021,MMU,NJ,AEA,EN,Towers with Radar,0,19,30,0,49,0,0,9,0,9,0,19,39,0,58,52,0,52,110
11/27/2021,MMU,NJ,AEA,EN,Towers with Radar,0,49,43,0,92,0,1,38,0,39,0,50,81,0,131,43,0,43,174
11/28/2021,MMU,NJ,AEA,EN,Towers with Radar,0,64,97,1,162,0,1,61,0,62,0,65,158,1,224,107,0,107,331
11/29/2021,MMU,NJ,AEA,EN,Towers with Radar,0,31,64,1,96,0,1,73,0,74,0,32,137,1,170,136,0,136,306
11/30/2021,MMU,NJ,AEA,EN,Towers with Radar,0,18,70,0,88,0,1,75,0,76,0,19,145,0,164,100,0,100,264
12/01/2021,MMU,NJ,AEA,EN,Towers with Radar,0,41,55,0,96,0,3,109,0,112,0,44,164,0,208,175,0,175,383
12/02/2021,MMU,NJ,AEA,EN,Towers with Radar,0,23,67,0,90,0,2,69,0,71,0,25,136,0,161,131,0,131,292
12/03/2021,MMU,NJ,AEA,EN,Towers with Radar,0,22,49,0,71,0,0,61,0,61,0,22,110,0,132,44,0,44,176
12/04/2021,MMU,NJ,AEA,EN,Towers with Radar,0,21,27,0,48,0,0,89,0,89,0,21,116,0,137,234,0,234,371
12/05/2021,MMU,NJ,AEA,EN,Towers with Radar,0,43,63,0,106,0,1,140,0,141,0,44,203,0,247,138,0,138,385
12/06/2021,MMU,NJ,AEA,EN,Towers with Radar,0,17,56,0,73,0,1,10,0,11,0,18,66,0,84,21,0,21,105
12/07/2021,MMU,NJ,AEA,EN,Towers with Radar,0,21,65,0,86,0,0,110,0,110,0,21,175,0,196,223,0,223,419
12/08/2021,MMU,NJ,AEA,EN,Towers with Radar,0,37,56,0,93,0,0,74,0,74,0,37,130,0,167,154,0,154,321
12/09/2021,MMU,NJ,AEA,EN,Towers with Radar,0,33,69,0,102,0,0,117,0,117,0,33,186,0,219,139,0,139,358
12/10/2021,MMU,NJ,AEA,EN,Towers with Radar,0,29,60,0,89,0,0,102,0,102,0,29,162,0,191,164,0,164,355
12/11/2021,MMU,NJ,AEA,EN,Towers with Radar,0,14,19,0,33,0,0,0,0,0,0,14,19,0,33,2,0,2,35
12/12/2021,MMU,NJ,AEA,EN,Towers with Radar,0,23,40,0,63,0,0,75,0,75,0,23,115,0,138,115,0,115,253
12/13/2021,MMU,NJ,AEA,EN,Towers with Radar,0,33,46,0,79,0,0,88,0,88,0,33,134,0,167,117,0,117,284
12/14/2021,MMU,NJ,AEA,EN,Towers with Radar,0,31,56,1,88,0,4,91,0,95,0,35,147,1,183,135,0,135,318
12/15/2021,MMU,NJ,AEA,EN,Towers with Radar,0,36,64,0,100,0,0,101,0,101,0,36,165,0,201,133,0,133,334
12/16/2021,MMU,NJ,AEA,EN,Towers with Radar,0,57,45,0,102,0,0,88,0,88,0,57,133,0,190,141,0,141,331
12/17/2021,MMU,NJ,AEA,EN,Towers with Radar,0,32,60,0,92,0,2,100,0,102,0,34,160,0,194,87,0,87,281
12/18/2021,MMU,NJ,AEA,EN,Towers with Radar,0,28,40,0,68,0,0,0,0,0,0,28,40,0,68,36,0,36,104
12/19/2021,MMU,NJ,AEA,EN,Towers with Radar,0,45,52,0,97,0,0,43,0,43,0,45,95,0,140,8,0,8,148
12/20/2021,MMU,NJ,AEA,EN,Towers with Radar,0,35,51,0,86,0,0,87,0,87,0,35,138,0,173,171,0,171,344
12/21/2021,MMU,NJ,AEA,EN,Towers with Radar,0,21,34,0,55,0,2,95,0,97,0,23,129,0,152,137,0,137,289
12/22/2021,MMU,NJ,AEA,EN,Towers with Radar,0,37,41,0,78,0,0,53,0,53,0,37,94,0,131,27,0,27,158
12/23/2021,MMU,NJ,AEA,EN,Towers with Radar,0,24,54,0,78,0,0,108,0,108,0,24,162,0,186,186,0,186,372
12/24/2021,MMU,NJ,AEA,EN,Towers with Radar,0,25,24,0,49,0,0,17,0,17,0,25,41,0,66,13,0,13,79
12/25/2021,MMU,NJ,AEA,EN,Towers with Radar,0,32,22,0,54,0,0,2,0,2,0,32,24,0,56,2,0,2,58
12/26/2021,MMU,NJ,AEA,EN,Towers with Radar,0,58,71,0,129,0,0,76,0,76,0,58,147,0,205,41,0,41,246
12/27/2021,MMU,NJ,AEA,EN,Towers with Radar,0,41,64,0,105,0,1,64,2,67,0,42,128,2,172,86,0,86,258
12/28/2021,MMU,NJ,AEA,EN,Towers with Radar,0,33,53,0,86,0,0,76,0,76,0,33,129,0,162,119,0,119,281
12/29/2021,MMU,NJ,AEA,EN,Towers with Radar,0,43,44,0,87,0,0,0,0,0,0,43,44,0,87,0,0,0,87
12/30/2021,MMU,NJ,AEA,EN,Towers with Radar,0,26,39,0,65,0,0,0,0,0,0,26,39,0,65,17,0,17,82
12/31/2021,MMU,NJ,AEA,EN,Towers with Radar,0,21,34,0,55,0,0,0,0,0,0,21,34,0,55,0,0,0,55
01/01/2022,MMU,NJ,AEA,EN,Towers with Radar,0,26,21,0,47,0,0,0,0,0,0,26,21,0,47,0,0,0,47
01/02/2022,MMU,NJ,AEA,EN,Towers with Radar,0,53,69,0,122,0,0,13,0,13,0,53,82,0,135,23,0,23,158
01/03/2022,MMU,NJ,AEA,EN,Towers with Radar,0,39,67,0,106,0,0,47,0,47,0,39,114,0,153,74,0,74,227
01/04/2022,MMU,NJ,AEA,EN,Towers with Radar,0,42,49,0,91,0,1,103,0,104,0,43,152,0,195,124,0,124,319
01/05/2022,MMU,NJ,AEA,EN,Towers with Radar,0,24,31,0,55,0,0,6,0,6,0,24,37,0,61,40,0,40,101
01/06/2022,MMU,NJ,AEA,EN,Towers with Radar,0,23,39,0,62,0,0,99,0,99,0,23,138,0,161,159,0,159,320
01/07/2022,MMU,NJ,AEA,EN,Towers with Radar,0,29,31,0,60,0,0,26,0,26,0,29,57,0,86,29,0,29,115
01/08/2022,MMU,NJ,AEA,EN,Towers with Radar,0,31,40,0,71,0,0,108,0,108,0,31,148,0,179,133,0,133,312
01/09/2022,MMU,NJ,AEA,EN,Towers with Radar,0,34,32,0,66,0,0,6,0,6,0,34,38,0,72,8,0,8,80
01/10/2022,MMU,NJ,AEA,EN,Towers with Radar,0,36,46,0,82,0,38,21,0,59,0,74,67,0,141,79,0,79,220
01/11/2022,MMU,NJ,AEA,EN,Towers with Radar,0,20,31,0,51,0,0,74,0,74,0,20,105,0,125,104,0,104,229
01/12/2022,MMU,NJ,AEA,EN,Towers with Radar,0,24,38,0,62,0,0,77,0,77,0,24,115,0,139,104,0,104,243
01/13/2022,MMU,NJ,AEA,EN,Towers with Radar,0,33,55,0,88,0,2,112,0,114,0,35,167,0,202,145,0,145,347
01/14/2022,MMU,NJ,AEA,EN,Towers with Radar,0,40,48,0,88,0,2,65,0,67,0,42,113,0,155,78,0,78,233
01/15/2022,MMU,NJ,AEA,EN,Towers with Radar,0,27,32,0,59,0,1,79,0,80,0,28,111,0,139,122,0,122,261
01/16/2022,MMU,NJ,AEA,EN,Towers with Radar,0,18,18,0,36,0,1,62,0,63,0,19,80,0,99,233,0,233,332
01/17/2022,MMU,NJ,AEA,EN,Towers with Radar,0,28,39,0,67,0,0,3,0,3,0,28,42,0,70,41,0,41,111
01/18/2022,MMU,NJ,AEA,EN,Towers with Radar,0,33,36,0,69,0,2,41,1,44,0,35,77,1,113,64,0,64,177
01/19/2022,MMU,NJ,AEA,EN,Towers with Radar,0,37,43,0,80,0,0,100,0,100,0,37,143,0,180,142,0,142,322
01/20/2022,MMU,NJ,AEA,EN,Towers with Radar,0,28,31,0,59,0,0,28,0,28,0,28,59,0,87,69,0,69,156
01/21/2022,MMU,NJ,AEA,EN,Towers with Radar,0,37,41,0,78,0,0,90,0,90,0,37,131,0,168,164,0,164,332
01/22/2022,MMU,NJ,AEA,EN,Towers with Radar,0,25,30,0,55,0,0,117,0,117,0,25,147,0,172,190,0,190,362
01/23/2022,MMU,NJ,AEA,EN,Towers with Radar,0,23,44,0,67,0,0,105,0,105,0,23,149,0,172,154,0,154,326
01/24/2022,MMU,NJ,AEA,EN,Towers with Radar,0,22,41,0,63,0,0,82,1,83,0,22,123,1,146,210,3,213,359
01/25/2022,MMU,NJ,AEA,EN,Towers with Radar,0,18,25,0,43,0,0,151,0,151,0,18,176,0,194,181,0,181,375
01/26/2022,MMU,NJ,AEA,EN,Towers with Radar,0,37,58,0,95,0,2,85,0,87,0,39,143,0,182,249,0,249,431
01/27/2022,MMU,NJ,AEA,EN,Towers with Radar,0,31,52,0,83,0,3,94,0,97,0,34,146,0,180,221,0,221,401
01/28/2022,MMU,NJ,AEA,EN,Towers with Radar,0,40,37,0,77,0,0,0,0,0,0,40,37,0,77,8,0,8,85
01/29/2022,MMU,NJ,AEA,EN,Towers with Radar,0,4,0,0,4,0,0,0,0,0,0,4,0,0,4,0,0,0,4
01/30/2022,MMU,NJ,AEA,EN,Towers with Radar,0,40,53,0,93,0,1,64,0,65,0,41,117,0,158,133,0,133,291
01/31/2022,MMU,NJ,AEA,EN,Towers with Radar,0,27,43,0,70,0,1,92,0,93,0,28,135,0,163,224,0,224,387
02/01/2022,MMU,NJ,AEA,EN,Towers with Radar,0,23,34,0,57,0,1,114,0,115,0,24,148,0,172,304,0,304,476
02/02/2022,MMU,NJ,AEA,EN,Towers with Radar,0,32,50,0,82,0,0,8,0,8,0,32,58,0,90,218,0,218,308
02/03/2022,MMU,NJ,AEA,EN,Towers with Radar,0,25,42,0,67,0,0,0,0,0,0,25,42,0,67,0,0,0,67
02/04/2022,MMU,NJ,AEA,EN,Towers with Radar,0,29,16,0,45,0,0,0,0,0,0,29,16,0,45,0,0,0,45
02/05/2022,MMU,NJ,AEA,EN,Towers with Radar,0,27,33,1,61,0,0,97,0,97,0,27,130,1,158,47,0,47,205
02/06/2022,MMU,NJ,AEA,EN,Towers with Radar,0,42,49,0,91,0,2,121,0,123,0,44,170,0,214,222,0,222,436
02/07/2022,MMU,NJ,AEA,EN,Towers with Radar,0,29,52,0,81,0,0,0,0,0,0,29,52,0,81,0,0,0,81
02/08/2022,MMU,NJ,AEA,EN,Towers with Radar,0,21,42,0,63,0,0,102,0,102,0,21,144,0,165,203,0,203,368
02/09/2022,MMU,NJ,AEA,EN,Towers with Radar,0,24,59,0,83,0,0,150,0,150,0,24,209,0,233,218,0,218,451
02/10/2022,MMU,NJ,AEA,EN,Towers with Radar,0,21,45,0,66,0,2,82,0,84,0,23,127,0,150,175,0,175,325
02/11/2022,MMU,NJ,AEA,EN,Towers with Radar,0,23,53,1,77,0,0,98,0,98,0,23,151,1,175,189,0,189,364
02/12/2022,MMU,NJ,AEA,EN,Towers with Radar,0,42,33,0,75,0,0,87,0,87,0,42,120,0,162,126,0,126,288
02/13/2022,MMU,NJ,AEA,EN,Towers with Radar,0,35,32,0,67,0,0,3,0,3,0,35,35,0,70,34,0,34,104
02/14/2022,MMU,NJ,AEA,EN,Towers with Radar,0,37,49,0,86,0,1,43,0,44,0,38,92,0,130,58,0,58,188
02/15/2022,MMU,NJ,AEA,EN,Towers with Radar,0,29,50,0,79,0,1,131,0,132,0,30,181,0,211,201,0,201,412
02/16/2022,MMU,NJ,AEA,EN,Towers with Radar,0,39,58,0,97,0,0,106,1,107,0,39,164,1,204,218,0,218,422
02/17/2022,MMU,NJ,AEA,EN,Towers with Radar,0,41,88,0,129,0,1,34,0,35,0,42,122,0,164,67,1,68,232
02/18/2022,MMU,NJ,AEA,EN,Towers with Radar,0,38,46,0,84,0,0,26,0,26,0,38,72,0,110,15,0,15,125
02/19/2022,MMU,NJ,AEA,EN,Towers with Radar,0,25,18,0,43,0,1,32,0,33,0,26,50,0,76,41,0,41,117
02/20/2022,MMU,NJ,AEA,EN,Towers with Radar,0,23,42,0,65,0,0,101,0,101,0,23,143,0,166,161,0,161,327
02/21/2022,MMU,NJ,AEA,EN,Towers with Radar,0,36,68,0,104,0,1,147,0,148,0,37,215,0,252,202,0,202,454
02/22/2022,MMU,NJ,AEA,EN,Towers with Radar,0,55,58,0,113,0,0,1,0,1,0,55,59,0,114,0,0,0,114
02/23/2022,MMU,NJ,AEA,EN,Towers with Radar,0,40,58,0,98,0,1,56,0,57,0,41,114,0,155,99,0,99,254
02/24/2022,MMU,NJ,AEA,EN,Towers with Radar,0,41,51,0,92,0,1,82,0,83,0,42,133,0,175,190,0,190,365
02/25/2022,MMU,NJ,AEA,EN,Towers with Radar,0,29,26,0,55,0,0,4,0,4,0,29,30,0,59,12,0,12,71
02/26/2022,MMU,NJ,AEA,EN,Towers with Radar,0,23,49,0,72,0,2,74,0,76,0,25,123,0,148,112,0,112,260
02/27/2022,MMU,NJ,AEA,EN,Towers with Radar,0,51,54,0,105,0,0,40,0,40,0,51,94,0,145,114,0,114,259
02/28/2022,MMU,NJ,AEA,EN,Towers with Radar,0,43,57,0,100,0,2,72,0,74,0,45,129,0,174,155,0,155,329
03/01/2022,MMU,NJ,AEA,EN,Towers with Radar,0,31,47,0,78,0,0,85,0,85,0,31,132,0,163,179,0,179,342
03/02/2022,MMU,NJ,AEA,EN,Towers with Radar,0,28,44,0,72,0,0,95,0,95,0,28,139,0,167,205,0,205,372
03/03/2022,MMU,NJ,AEA,EN,Towers with Radar,0,29,46,0,75,0,1,73,0,74,0,30,119,0,149,93,0,93,242
03/04/2022,MMU,NJ,AEA,EN,Towers with Radar,0,34,50,0,84,1,0,92,0,93,1,34,142,0,177,204,0,204,381
03/05/2022,MMU,NJ,AEA,EN,Towers with Radar,0,29,37,0,66,0,0,145,0,145,0,29,182,0,211,268,0,268,479
03/06/2022,MMU,NJ,AEA,EN,Towers with Radar,0,41,65,0,106,0,2,13,0,15,0,43,78,0,121,14,0,14,135
03/07/2022,MMU,NJ,AEA,EN,Towers with Radar,0,30,47,0,77,0,0,38,0,38,0,30,85,0,115,132,0,132,247
03/08/2022,MMU,NJ,AEA,EN,Towers with Radar,0,28,33,0,61,0,0,81,0,81,0,28,114,0,142,157,0,157,299
03/09/2022,MMU,NJ,AEA,EN,Towers with Radar,0,31,33,0,64,0,0,0,0,0,0,31,33,0,64,6,0,6,70
03/10/2022,MMU,NJ,AEA,EN,Towers with Radar,0,34,59,0,93,0,0,106,0,106,0,34,165,0,199,185,0,185,384
03/11/2022,MMU,NJ,AEA,EN,Towers with Radar,0,41,61,0,102,0,0,116,0,116,0,41,177,0,218,150,0,150,368
03/12/2022,MMU,NJ,AEA,EN,Towers with Radar,0,20,25,0,45,0,0,0,0,0,0,20,25,0,45,0,0,0,45
03/13/2022,MMU,NJ,AEA,EN,Towers with Radar,0,44,66,0,110,0,1,63,0,64,0,45,129,0,174,39,0,39,213
03/14/2022,MMU,NJ,AEA,EN,Towers with Radar,0,31,50,0,81,0,1,98,0,99,0,32,148,0,180,147,0,147,327
03/15/2022,MMU,NJ,AEA,EN,Towers with Radar,0,25,43,0,68,0,0,108,0,108,0,25,151,0,176,247,0,247,423
03/16/2022,MMU,NJ,AEA,EN,Towers with Radar,0,24,63,0,87,0,0,149,0,149,0,24,212,0,236,225,0,225,461
03/17/2022,MMU,NJ,AEA,EN,Towers with Radar,0,46,88,0,134,0,0,0,0,0,0,46,88,0,134,0,0,0,134
03/18/2022,MMU,NJ,AEA,EN,Towers with Radar,0,35,65,2,102,0,0,86,1,87,0,35,151,3,189,208,0,208,397
03/19/2022,MMU,NJ,AEA,EN,Towers with Radar,0,24,24,0,48,0,0,13,0,13,0,24,37,0,61,164,0,164,225
03/20/2022,MMU,NJ,AEA,EN,Towers with Radar,0,46,51,0,97,0,0,96,0,96,0,46,147,0,193,268,0,268,461
03/21/2022,MMU,NJ,AEA,EN,Towers with Radar,0,28,62,0,90,0,4,76,0,80,0,32,138,0,170,224,0,224,394
03/22/2022,MMU,NJ,AEA,EN,Towers with Radar,0,33,48,0,81,0,0,101,0,101,0,33,149,0,182,240,0,240,422
03/23/2022,MMU,NJ,AEA,EN,Towers with Radar,0,27,53,0,80,0,0,85,0,85,0,27,138,0,165,333,0,333,498
03/24/2022,MMU,NJ,AEA,EN,Towers with Radar,1,18,40,0,59,0,0,0,0,0,1,18,40,0,59,0,0,0,59
03/25/2022,MMU,NJ,AEA,EN,Towers with Radar,0,42,61,0,103,0,0,110,0,110,0,42,171,0,213,359,0,359,572
03/26/2022,MMU,NJ,AEA,EN,Towers with Radar,0,23,48,0,71,0,1,69,0,70,0,24,117,0,141,229,0,229,370
03/27/2022,MMU,NJ,AEA,EN,Towers with Radar,0,42,50,0,92,0,0,58,0,58,0,42,108,0,150,120,0,120,270
03/28/2022,MMU,NJ,AEA,EN,Towers with Radar,0,22,25,0,47,0,0,29,0,29,0,22,54,0,76,25,0,25,101
03/29/2022,MMU,NJ,AEA,EN,Towers with Radar,0,28,34,0,62,0,0,95,0,95,0,28,129,0,157,72,0,72,229
03/30/2022,MMU,NJ,AEA,EN,Towers with Radar,0,26,61,0,87,0,0,117,0,117,0,26,178,0,204,392,0,392,596
03/31/2022,MMU,NJ,AEA,EN,Towers with Radar,0,22,42,0,64,0,0,6,0,6,0,22,48,0,70,21,0,21,91
04/01/2022,MMU,NJ,AEA,EN,Towers with Radar,0,35,57,2,94,0,0,47,0,47,0,35,104,2,141,94,0,94,235
04/02/2022,MMU,NJ,AEA,EN,Towers with Radar,0,6,19,0,25,0,0,37,0,37,0,6,56,0,62,56,0,56,118
04/03/2022,MMU,NJ,AEA,EN,Towers with Radar,0,24,42,0,66,0,0,13,0,13,0,24,55,0,79,92,0,92,171
04/04/2022,MMU,NJ,AEA,EN,Towers with Radar,0,33,59,0,92,0,87,25,3,115,0,120,84,3,207,305,0,305,512
04/05/2022,MMU,NJ,AEA,EN,Towers with Radar,0,24,49,0,73,0,0,97,0,97,0,24,146,0,170,271,0,271,441
04/06/2022,MMU,NJ,AEA,EN,Towers with Radar,0,32,46,0,78,0,0,0,0,0,0,32,46,0,78,0,0,0,78
04/07/2022,MMU,NJ,AEA,EN,Towers with Radar,0,45,46,0,91,0,0,0,0,0,0,45,46,0,91,0,0,0,91
04/08/2022,MMU,NJ,AEA,EN,Towers with Radar,0,55,73,0,128,0,0,110,0,110,0,55,183,0,238,336,0,336,574
04/09/2022,MMU,NJ,AEA,EN,Towers with Radar,0,30,38,0,68,0,0,49,0,49,0,30,87,0,117,182,0,182,299
04/10/2022,MMU,NJ,AEA,EN,Towers with Radar,0,31,52,1,84,0,0,58,0,58,0,31,110,1,142,95,0,95,237
04/11/2022,MMU,NJ,AEA,EN,Towers with Radar,1,33,53,0,87,0,1,127,1,129,1,34,180,1,216,254,0,254,470
04/12/2022,MMU,NJ,AEA,EN,Towers with Radar,0,43,48,2,93,0,42,49,0,91,0,85,97,2,184,319,0,319,503
04/13/2022,MMU,NJ,AEA,EN,Towers with Radar,0,37,61,0,98,0,5,117,0,122,0,42,178,0,220,401,0,401,621
04/14/2022,MMU,NJ,AEA,EN,Towers with Radar,0,50,64,0,114,0,4,58,0,62,0,54,122,0,176,179,0,179,355
04/15/2022,MMU,NJ,AEA,EN,Towers with Radar,0,45,39,1,85,0,0,100,0,100,0,45,139,1,185,145,0,145,330
04/16/2022,MMU,NJ,AEA,EN,Towers with Radar,0,24,45,0,69,0,0,75,0,75,0,24,120,0,144,196,0,196,340
04/17/2022,MMU,NJ,AEA,EN,Towers with Radar,0,38,43,0,81,0,61,0,0,61,0,99,43,0,142,71,0,71,213
04/18/2022,MMU,NJ,AEA,EN,Towers with Radar,0,36,70,0,106,0,39,34,0,73,0,75,104,0,179,191,0,191,370
04/19/2022,MMU,NJ,AEA,EN,Towers with Radar,0,38,66,0,104,0,2,15,0,17,0,40,81,0,121,18,0,18,139
04/20/2022,MMU,NJ,AEA,EN,Towers with Radar,0,40,39,0,79,0,2,93,0,95,0,42,132,0,174,216,0,216,390
04/21/2022,MMU,NJ,AEA,EN,Towers with Radar,0,32,49,0,81,0,2,99,0,101,0,34,148,0,182,196,0,196,378
04/22/2022,MMU,NJ,AEA,EN,Towers with Radar,0,30,61,0,91,0,1,80,0,81,0,31,141,0,172,219,0,219,391
04/23/2022,MMU,NJ,AEA,EN,Towers with Radar,0,23,46,0,69,0,3,121,0,124,0,26,167,0,193,271,0,271,464
04/24/2022,MMU,NJ,AEA,EN,Towers with Radar,0,31,83,0,114,0,1,130,0,131,0,32,213,0,245,181,0,181,426
04/25/2022,MMU,NJ,AEA,EN,Towers with Radar,0,29,47,0,76,0,1,66,0,67,0,30,113,0,143,178,0,178,321
04/26/2022,MMU,NJ,AEA,EN,Towers with Radar,0,23,52,0,75,0,0,9,0,9,0,23,61,0,84,155,0,155,239
04/27/2022,MMU,NJ,AEA,EN,Towers with Radar,0,32,60,0,92,0,0,42,0,42,0,32,102,0,134,35,0,35,169
04/28/2022,MMU,NJ,AEA,EN,Towers with Radar,0,39,48,0,87,0,0,46,0,46,0,39,94,0,133,8,0,8,141
04/29/2022,MMU,NJ,AEA,EN,Towers with Radar,0,49,45,0,94,0,3,43,0,46,0,52,88,0,140,12,0,12,152
04/30/2022,MMU,NJ,AEA,EN,Towers with Radar,0,35,35,1,71,0,2,121,0,123,0,37,156,1,194,203,0,203,397
05/01/2022,MMU,NJ,AEA,EN,Towers with Radar,0,45,34,0,79,0,0,143,0,143,0,45,177,0,222,270,0,270,492
05/02/2022,MMU,NJ,AEA,EN,Towers with Radar,0,23,44,0,67,0,0,0,0,0,0,23,44,0,67,0,0,0,67
05/03/2022,MMU,NJ,AEA,EN,Towers with Radar,0,31,54,2,87,0,0,87,0,87,0,31,141,2,174,234,0,234,408
05/04/2022,MMU,NJ,AEA,EN,Towers with Radar,0,37,54,2,93,0,0,7,0,7,0,37,61,2,100,73,0,73,173
05/05/2022,MMU,NJ,AEA,EN,Towers with Radar,0,35,59,0,94,0,6,137,1,144,0,41,196,1,238,220,0,220,458
05/06/2022,MMU,NJ,AEA,EN,Towers with Radar,0,49,80,0,129,0,0,5,0,5,0,49,85,0,134,54,0,54,188
05/07/2022,MMU,NJ,AEA,EN,Towers with Radar,0,26,23,0,49,0,0,2,0,2,0,26,25,0,51,0,0,0,51
05/08/2022,MMU,NJ,AEA,EN,Towers with Radar,0,45,47,0,92,0,0,47,0,47,0,45,94,0,139,102,0,102,241
05/09/2022,MMU,NJ,AEA,EN,Towers with Radar,0,33,65,0,98,0,0,72,0,72,0,33,137,0,170,49,0,49,219
05/10/2022,MMU,NJ,AEA,EN,Towers with Radar,0,31,60,0,91,0,2,109,0,111,0,33,169,0,202,142,0,142,344
05/11/2022,MMU,NJ,AEA,EN,Towers with Radar,0,34,71,0,105,0,3,130,0,133,0,37,201,0,238,166,0,166,404
05/12/2022,MMU,NJ,AEA,EN,Towers with Radar,0,52,66,0,118,0,0,53,0,53,0,52,119,0,171,291,0,291,462
05/13/2022,MMU,NJ,AEA,EN,Towers with Radar,0,36,78,0,114,0,0,8,0,8,0,36,86,0,122,58,0,58,180
05/14/2022,MMU,NJ,AEA,EN,Towers with Radar,0,18,32,0,50,0,0,0,0,0,0,18,32,0,50,0,0,0,50
05/15/2022,MMU,NJ,AEA,EN,Towers with Radar,0,36,58,0,94,0,0,81,0,81,0,36,139,0,175,267,0,267,442
05/16/2022,MMU,NJ,AEA,EN,Towers with Radar,0,46,42,0,88,0,0,9,0,9,0,46,51,0,97,106,0,106,203
05/17/2022,MMU,NJ,AEA,EN,Towers with Radar,0,40,55,0,95,0,46,29,3,78,0,86,84,3,173,114,0,114,287
05/18/2022,MMU,NJ,AEA,EN,Towers with Radar,0,35,60,0,95,0,0,143,0,143,0,35,203,0,238,346,0,346,584
05/19/2022,MMU,NJ,AEA,EN,Towers with Radar,0,47,90,0,137,0,0,24,0,24,0,47,114,0,161,97,0,97,258
05/20/2022,MMU,NJ,AEA,EN,Towers with Radar,0,46,55,0,101,0,3,52,0,55,0,49,107,0,156,95,0,95,251
05/21/2022,MMU,NJ,AEA,EN,Towers with Radar,0,29,37,0,66,0,0,91,0,91,0,29,128,0,157,168,0,168,325
05/22/2022,MMU,NJ,AEA,EN,Towers with Radar,0,44,43,0,87,0,0,106,0,106,0,44,149,0,193,178,0,178,371
05/23/2022,MMU,NJ,AEA,EN,Towers with Radar,0,53,59,0,112,0,1,112,0,113,0,54,171,0,225,260,0,260,485
05/24/2022,MMU,NJ,AEA,EN,Towers with Radar,0,28,49,0,77,0,0,120,0,120,0,28,169,0,197,222,0,222,419
05/25/2022,MMU,NJ,AEA,EN,Towers with Radar,0,29,74,0,103,0,3,126,1,130,0,32,200,1,233,298,0,298,531
05/26/2022,MMU,NJ,AEA,EN,Towers with Radar,0,24,73,0,97,0,2,102,0,104,0,26,175,0,201,267,0,267,468
05/27/2022,MMU,NJ,AEA,EN,Towers with Radar,0,38,51,0,89,0,0,12,0,12,0,38,63,0,101,63,0,63,164
05/28/2022,MMU,NJ,AEA,EN,Towers with Radar,0,18,25,0,43,0,0,16,0,16,0,18,41,0,59,59,0,59,118
05/29/2022,MMU,NJ,AEA,EN,Towers with Radar,0,18,33,0,51,0,0,133,0,133,0,18,166,0,184,166,0,166,350
05/30/2022,MMU,NJ,AEA,EN,Towers with Radar,0,25,43,0,68,0,2,113,0,115,0,27,156,0,183,151,0,151,334
05/31/2022,MMU,NJ,AEA,EN,Towers with Radar,0,33,53,0,86,0,1,118,0,119,0,34,171,0,205,113,0,113,318
06/01/2022,MMU,NJ,AEA,EN,Towers with Radar,0,43,54,0,97,0,0,23,0,23,0,43,77,0,120,201,0,201,321
06/02/2022,MMU,NJ,AEA,EN,Towers with Radar,0,35,64,0,99,0,0,20,0,20,0,35,84,0,119,147,0,147,266
06/03/2022,MMU,NJ,AEA,EN,Towers with Radar,0,41,53,0,94,0,0,107,0,107,0,41,160,0,201,191,0,191,392
06/04/2022,MMU,NJ,AEA,EN,Towers with Radar,0,19,24,0,43,0,1,147,0,148,0,20,171,0,191,136,0,136,327
06/05/2022,MMU,NJ,AEA,EN,Towers with Radar,0,29,43,0,72,0,0,146,0,146,0,29,189,0,218,204,0,204,422
06/06/2022,MMU,NJ,AEA,EN,Towers with Radar,0,28,49,0,77,0,2,125,0,127,0,30,174,0,204,246,0,246,450
06/07/2022,MMU,NJ,AEA,EN,Towers with Radar,0,35,54,0,89,0,1,87,0,88,0,36,141,0,177,176,0,176,353
06/08/2022,MMU,NJ,AEA,EN,Towers with Radar,0,25,58,0,83,0,0,115,0,115,0,25,173,0,198,303,0,303,501
06/09/2022,MMU,NJ,AEA,EN,Towers with Radar,0,36,55,0,91,0,0,59,0,59,0,36,114,0,150,42,0,42,192
06/10/2022,MMU,NJ,AEA,EN,Towers with Radar,0,48,55,0,103,0,4,138,0,142,0,52,193,0,245,209,0,209,454
06/11/2022,MMU,NJ,AEA,EN,Towers with Radar,0,28,26,0,54,0,0,106,0,106,0,28,132,0,160,252,0,252,412
06/12/2022,MMU,NJ,AEA,EN,Towers with Radar,0,34,58,0,92,0,0,11,0,11,0,34,69,0,103,30,0,30,133
06/13/2022,MMU,NJ,AEA,EN,Towers with Radar,0,29,63,0,92,0,2,55,0,57,0,31,118,0,149,103,0,103,252
06/14/2022,MMU,NJ,AEA,EN,Towers with Radar,0,32,50,0,82,0,1,133,0,134,0,33,183,0,216,234,0,234,450
06/15/2022,MMU,NJ,AEA,EN,Towers with Radar,0,38,62,0,100,0,2,144,0,146,0,40,206,0,246,222,0,222,468
06/16/2022,MMU,NJ,AEA,EN,Towers with Radar,0,49,65,0,114,0,0,26,0,26,0,49,91,0,140,145,0,145,285
06/17/2022,MMU,NJ,AEA,EN,Towers with Radar,0,44,65,0,109,0,0,77,0,77,0,44,142,0,186,82,0,82,268
06/18/2022,MMU,NJ,AEA,EN,Towers with Radar,0,21,31,0,52,0,0,55,0,55,0,21,86,0,107,29,0,29,136
06/19/2022,MMU,NJ,AEA,EN,Towers with Radar,0,36,46,0,82,0,2,72,0,74,0,38,118,0,156,84,0,84,240
06/20/2022,MMU,NJ,AEA,EN,Towers with Radar,0,30,50,0,80,0,0,162,0,162,0,30,212,0,242,197,0,197,439
06/21/2022,MMU,NJ,AEA,EN,Towers with Radar,0,20,49,0,69,0,0,119,0,119,0,20,168,0,188,227,0,227,415
06/22/2022,MMU,NJ,AEA,EN,Towers with Radar,0,34,83,0,117,0,0,3,0,3,0,34,86,0,120,41,0,41,161
06/23/2022,MMU,NJ,AEA,EN,Towers with Radar,0,37,84,0,121,0,0,46,0,46,0,37,130,0,167,216,0,216,383
06/24/2022,MMU,NJ,AEA,EN,Towers with Radar,0,33,70,0,103,0,0,112,0,112,0,33,182,0,215,150,0,150,365
06/25/2022,MMU,NJ,AEA,EN,Towers with Radar,0,24,40,0,64,0,1,148,0,149,0,25,188,0,213,189,0,189,402
06/26/2022,MMU,NJ,AEA,EN,Towers with Radar,0,49,36,0,85,0,0,114,0,114,0,49,150,0,199,227,0,227,426
06/27/2022,MMU,NJ,AEA,EN,Towers with Radar,0,43,50,0,93,0,1,41,0,42,0,44,91,0,135,139,0,139,274
06/28/2022,MMU,NJ,AEA,EN,Towers with Radar,0,30,50,0,80,0,2,140,0,142,0,32,190,0,222,192,0,192,414
06/29/2022,MMU,NJ,AEA,EN,Towers with Radar,0,41,54,0,95,0,1,128,0,129,0,42,182,0,224,199,0,199,423
06/30/2022,MMU,NJ,AEA,EN,Towers with Radar,0,50,70,0,120,0,0,133,0,133,0,50,203,0,253,213,0,213,466
07/01/2022,MMU,NJ,AEA,EN,Towers with Radar,0,44,55,0,99,0,2,156,0,158,0,46,211,0,257,253,0,253,510
07/02/2022,MMU,NJ,AEA,EN,Towers with Radar,0,25,27,0,52,0,0,58,0,58,0,25,85,0,110,64,0,64,174
07/03/2022,MMU,NJ,AEA,EN,Towers with Radar,0,16,22,0,38,0,1,90,0,91,0,17,112,0,129,188,0,188,317
07/04/2022,MMU,NJ,AEA,EN,Towers with Radar,0,20,25,0,45,0,4,106,0,110,0,24,131,0,155,165,0,165,320
07/05/2022,MMU,NJ,AEA,EN,Towers with Radar,0,33,43,0,76,0,0,55,0,55,0,33,98,0,131,191,0,191,322
07/06/2022,MMU,NJ,AEA,EN,Towers with Radar,0,41,47,0,88,0,2,118,0,120,0,43,165,0,208,191,0,191,399
07/07/2022,MMU,NJ,AEA,EN,Towers with Radar,0,22,65,0,87,0,5,89,0,94,0,27,154,0,181,180,0,180,361
07/08/2022,MMU,NJ,AEA,EN,Towers with Radar,0,35,54,0,89,0,0,83,0,83,0,35,137,0,172,155,0,155,327
07/09/2022,MMU,NJ,AEA,EN,Towers with Radar,0,6,19,0,25,0,0,106,0,106,0,6,125,0,131,37,0,37,168
07/10/2022,MMU,NJ,AEA,EN,Towers with Radar,0,7,25,0,32,0,2,138,0,140,0,9,163,0,172,30,0,30,202
07/11/2022,MMU,NJ,AEA,EN,Towers with Radar,0,39,40,0,79,0,2,127,0,129,0,41,167,0,208,96,0,96,304
07/12/2022,MMU,NJ,AEA,EN,Towers with Radar,0,56,33,0,89,0,0,55,1,56,0,56,88,1,145,94,0,94,239
07/13/2022,MMU,NJ,AEA,EN,Towers with Radar,0,29,41,0,70,0,2,139,0,141,0,31,180,0,211,254,0,254,465
07/14/2022,MMU,NJ,AEA,EN,Towers with Radar,0,47,55,0,102,0,1,134,0,135,0,48,189,0,237,140,0,140,377
07/15/2022,MMU,NJ,AEA,EN,Towers with Radar,0,35,45,0,80,0,0,133,0,133,0,35,178,0,213,206,0,206,419
07/16/2022,MMU,NJ,AEA,EN,Towers with Radar,0,35,38,0,73,0,0,76,0,76,0,35,114,0,149,276,0,276,425
07/17/2022,MMU,NJ,AEA,EN,Towers with Radar,0,41,52,0,93,0,5,94,0,99,0,46,146,0,192,279,0,279,471
07/18/2022,MMU,NJ,AEA,EN,Towers with Radar,0,41,25,0,66,0,0,4,0,4,0,41,29,0,70,20,0,20,90
07/19/2022,MMU,NJ,AEA,EN,Towers with Radar,0,32,49,0,81,0,0,115,0,115,0,32,164,0,196,176,0,176,372
07/20/2022,MMU,NJ,AEA,EN,Towers with Radar,0,26,59,0,85,0,0,128,0,128,0,26,187,0,213,239,0,239,452
07/21/2022,MMU,NJ,AEA,EN,Towers with Radar,0,22,37,0,59,0,0,110,0,110,0,22,147,0,169,129,0,129,298
07/22/2022,MMU,NJ,AEA,EN,Towers with Radar,0,20,37,0,57,0,2,130,0,132,0,22,167,0,189,242,0,242,431
07/23/2022,MMU,NJ,AEA,EN,Towers with Radar,0,28,36,0,64,0,0,115,0,115,0,28,151,0,179,205,0,205,384
07/24/2022,MMU,NJ,AEA,EN,Towers with Radar,0,47,52,0,99,0,3,103,0,106,0,50,155,0,205,182,0,182,387
07/25/2022,MMU,NJ,AEA,EN,Towers with Radar,0,34,43,0,77,0,1,44,0,45,0,35,87,0,122,92,0,92,214
07/26/2022,MMU,NJ,AEA,EN,Towers with Radar,0,44,53,0,97,0,2,133,0,135,0,46,186,0,232,197,0,197,429
07/27/2022,MMU,NJ,AEA,EN,Towers with Radar,0,47,40,0,87,0,1,151,0,152,0,48,191,0,239,232,0,232,471
07/28/2022,MMU,NJ,AEA,EN,Towers with Radar,0,29,55,0,84,0,2,45,0,47,0,31,100,0,131,184,0,184,315
07/29/2022,MMU,NJ,AEA,EN,Towers with Radar,0,43,57,0,100,0,0,132,0,132,0,43,189,0,232,211,0,211,443
07/30/2022,MMU,NJ,AEA,EN,Towers with Radar,0,38,51,0,89,0,3,125,0,128,0,41,176,0,217,115,0,115,332
07/31/2022,MMU,NJ,AEA,EN,Towers with Radar,0,54,52,0,106,0,0,113,0,113,0,54,165,0,219,142,0,142,361
08/01/2022,MMU,NJ,AEA,EN,Towers with Radar,0,29,76,0,105,0,0,22,0,22,0,29,98,0,127,36,0,36,163
08/02/2022,MMU,NJ,AEA,EN,Towers with Radar,0,29,45,0,74,0,2,104,0,106,0,31,149,0,180,219,0,219,399
08/03/2022,MMU,NJ,AEA,EN,Towers with Radar,0,31,44,0,75,0,0,137,0,137,0,31,181,0,212,130,0,130,342
08/04/2022,MMU,NJ,AEA,EN,Towers with Radar,0,28,33,0,61,0,0,116,0,116,0,28,149,0,177,143,0,143,320
08/05/2022,MMU,NJ,AEA,EN,Towers with Radar,0,41,45,0,86,0,0,72,0,72,0,41,117,0,158,126,0,126,284
08/06/2022,MMU,NJ,AEA,EN,Towers with Radar,0,32,36,0,68,0,0,86,0,86,0,32,122,0,154,98,0,98,252
08/07/2022,MMU,NJ,AEA,EN,Towers with Radar,0,37,72,0,109,0,0,79,0,79,0,37,151,0,188,49,0,49,237
08/08/2022,MMU,NJ,AEA,EN,Towers with Radar,0,31,64,0,95,0,2,97,0,99,0,33,161,0,194,281,0,281,475
08/09/2022,MMU,NJ,AEA,EN,Towers with Radar,0,32,42,0,74,0,0,72,0,72,0,32,114,0,146,139,0,139,285
08/10/2022,MMU,NJ,AEA,EN,Towers with Radar,0,28,52,0,80,0,0,113,0,113,0,28,165,0,193,247,0,247,440
08/11/2022,MMU,NJ,AEA,EN,Towers with Radar,0,55,42,0,97,0,3,108,0,111,0,58,150,0,208,153,0,153,361
08/12/2022,MMU,NJ,AEA,EN,Towers with Radar,0,55,51,1,107,0,0,131,0,131,0,55,182,1,238,218,0,218,456
08/13/2022,MMU,NJ,AEA,EN,Towers with Radar,0,48,45,0,93,0,0,117,0,117,0,48,162,0,210,154,0,154,364
08/14/2022,MMU,NJ,AEA,EN,Towers with Radar,0,43,42,2,87,0,1,124,0,125,0,44,166,2,212,169,0,169,381
08/15/2022,MMU,NJ,AEA,EN,Towers with Radar,0,33,46,0,79,0,3,106,0,109,0,36,152,0,188,156,0,156,344
08/16/2022,MMU,NJ,AEA,EN,Towers with Radar,0,26,45,0,71,0,2,74,0,76,0,28,119,0,147,171,0,171,318
08/17/2022,MMU,NJ,AEA,EN,Towers with Radar,0,43,50,0,93,0,4,105,0,109,0,47,155,0,202,159,0,159,361
08/18/2022,MMU,NJ,AEA,EN,Towers with Radar,0,23,58,0,81,0,0,117,0,117,0,23,175,0,198,241,0,241,439
08/19/2022,MMU,NJ,AEA,EN,Towers with Radar,0,41,50,0,91,0,0,105,0,105,0,41,155,0,196,196,0,196,392
08/20/2022,MMU,NJ,AEA,EN,Towers with Radar,0,48,48,0,96,0,1,85,0,86,0,49,133,0,182,114,0,114,296
08/21/2022,MMU,NJ,AEA,EN,Towers with Radar,0,49,51,0,100,0,0,91,0,91,0,49,142,0,191,183,0,183,374
08/22/2022,MMU,NJ,AEA,EN,Towers with Radar,0,38,34,0,72,0,0,4,0,4,0,38,38,0,76,32,0,32,108
08/23/2022,MMU,NJ,AEA,EN,Towers with Radar,0,31,49,2,82,0,0,45,0,45,0,31,94,2,127,144,0,144,271
08/24/2022,MMU,NJ,AEA,EN,Towers with Radar,0,31,41,0,72,0,0,114,0,114,0,31,155,0,186,200,0,200,386
08/25/2022,MMU,NJ,AEA,EN,Towers with Radar,0,39,50,1,90,0,4,123,0,127,0,43,173,1,217,248,0,248,465
08/26/2022,MMU,NJ,AEA,EN,Towers with Radar,0,49,43,0,92,0,0,89,0,89,0,49,132,0,181,174,0,174,355
08/27/2022,MMU,NJ,AEA,EN,Towers with Radar,0,36,37,0,73,0,0,104,0,104,0,36,141,0,177,110,0,110,287
08/28/2022,MMU,NJ,AEA,EN,Towers with Radar,0,31,79,0,110,0,1,106,0,107,0,32,185,0,217,220,0,220,437
08/29/2022,MMU,NJ,AEA,EN,Towers with Radar,0,19,63,0,82,0,0,66,0,66,0,19,129,0,148,154,0,154,302
08/30/2022,MMU,NJ,AEA,EN,Towers with Radar,0,27,49,0,76,0,0,54,0,54,0,27,103,0,130,154,0,154,284
08/31/2022,MMU,NJ,AEA,EN,Towers with Radar,0,33,59,0,92,0,2,78,0,80,0,35,137,0,172,117,0,117,289
09/01/2022,MMU,NJ,AEA,EN,Towers with Radar,0,34,43,0,77,0,0,122,0,122,0,34,165,0,199,132,0,132,331
09/02/2022,MMU,NJ,AEA,EN,Towers with Radar,0,43,45,0,88,0,0,117,0,117,0,43,162,0,205,277,0,277,482
09/03/2022,MMU,NJ,AEA,EN,Towers with Radar,0,11,25,0,36,0,3,101,0,104,0,14,126,0,140,247,0,247,387
09/04/2022,MMU,NJ,AEA,EN,Towers with Radar,0,17,14,0,31,0,2,72,0,74,0,19,86,0,105,111,0,111,216
09/05/2022,MMU,NJ,AEA,EN,Towers with Radar,0,35,47,0,82,0,1,58,0,59,0,36,105,0,141,153,0,153,294
09/06/2022,MMU,NJ,AEA,EN,Towers with Radar,0,34,43,0,77,0,0,2,0,2,0,34,45,0,79,0,0,0,79
09/07/2022,MMU,NJ,AEA,EN,Towers with Radar,0,31,61,0,92,0,0,3,0,3,0,31,64,0,95,191,0,191,286
09/08/2022,MMU,NJ,AEA,EN,Towers with Radar,0,36,36,0,72,0,2,109,0,111,0,38,145,0,183,348,0,348,531
09/09/2022,MMU,NJ,AEA,EN,Towers with Radar,0,40,60,0,100,0,2,182,0,184,0,42,242,0,284,203,0,203,487
09/10/2022,MMU,NJ,AEA,EN,Towers with Radar,0,21,35,0,56,0,0,145,0,145,0,21,180,0,201,151,0,151,352
09/11/2022,MMU,NJ,AEA,EN,Towers with Radar,0,42,66,0,108,0,0,26,0,26,0,42,92,0,134,83,0,83,217
09/12/2022,MMU,NJ,AEA,EN,Towers with Radar,0,33,54,0,87,0,0,30,0,30,0,33,84,0,117,166,0,166,283
09/13/2022,MMU,NJ,AEA,EN,Towers with Radar,0,28,62,0,90,0,0,45,3,48,0,28,107,3,138,100,0,100,238
09/14/2022,MMU,NJ,AEA,EN,Towers with Radar,0,25,58,0,83,0,0,122,0,122,0,25,180,0,205,221,0,221,426
09/15/2022,MMU,NJ,AEA,EN,Towers with Radar,0,41,57,0,98,0,0,126,0,126,0,41,183,0,224,170,0,170,394
09/16/2022,MMU,NJ,AEA,EN,Towers with Radar,0,45,45,0,90,0,0,145,0,145,0,45,190,0,235,201,0,201,436
09/17/2022,MMU,NJ,AEA,EN,Towers with Radar,0,20,27,0,47,0,1,106,0,107,0,21,133,0,154,208,0,208,362
09/18/2022,MMU,NJ,AEA,EN,Towers with Radar,0,40,45,0,85,0,0,142,0,142,0,40,187,0,227,177,0,177,404
09/19/2022,MMU,NJ,AEA,EN,Towers with Radar,0,29,47,0,76,0,0,64,0,64,0,29,111,0,140,124,0,124,264
09/20/2022,MMU,NJ,AEA,EN,Towers with Radar,0,31,51,0,82,0,0,94,0,94,0,31,145,0,176,85,0,85,261
09/21/2022,MMU,NJ,AEA,EN,Towers with Radar,0,22,52,0,74,0,0,63,0,63,0,22,115,0,137,0,0,0,137
09/22/2022,MMU,NJ,AEA,EN,Towers with Radar,0,33,50,0,83,0,0,20,0,20,0,33,70,0,103,0,0,0,103
09/23/2022,MMU,NJ,AEA,EN,Towers with Radar,0,60,53,2,115,0,0,58,0,58,0,60,111,2,173,30,0,30,203
09/24/2022,MMU,NJ,AEA,EN,Towers with Radar,0,21,29,1,51,0,2,113,0,115,0,23,142,1,166,105,0,105,271
09/25/2022,MMU,NJ,AEA,EN,Towers with Radar,0,44,42,0,86,0,0,78,0,78,0,44,120,0,164,173,0,173,337
09/26/2022,MMU,NJ,AEA,EN,Towers with Radar,0,40,47,0,87,0,1,95,0,96,0,41,142,0,183,199,0,199,382
09/27/2022,MMU,NJ,AEA,EN,Towers with Radar,0,35,51,0,86,0,0,107,0,107,0,35,158,0,193,269,0,269,462
09/28/2022,MMU,NJ,AEA,EN,Towers with Radar,0,24,48,0,72,0,0,110,0,110,0,24,158,0,182,243,0,243,425
09/29/2022,MMU,NJ,AEA,EN,Towers with Radar,0,52,63,0,115,0,3,106,0,109,0,55,169,0,224,177,0,177,401
09/30/2022,MMU,NJ,AEA,EN,Towers with Radar,0,27,61,0,88,0,1,117,0,118,0,28,178,0,206,310,0,310,516
10/01/2022,MMU,NJ,AEA,EN,Towers with Radar,0,27,27,0,54,0,0,1,0,1,0,27,28,0,55,13,0,13,68
10/02/2022,MMU,NJ,AEA,EN,Towers with Radar,0,21,28,0,49,0,1,12,0,13,0,22,40,0,62,8,0,8,70
10/03/2022,MMU,NJ,AEA,EN,Towers with Radar,0,20,28,0,48,0,3,45,0,48,0,23,73,0,96,80,0,80,176
10/04/2022,MMU,NJ,AEA,EN,Towers with Radar,0,25,39,0,64,0,0,1,0,1,0,25,40,0,65,0,0,0,65
10/05/2022,MMU,NJ,AEA,EN,Towers with Radar,0,26,48,0,74,0,0,2,0,2,0,26,50,0,76,0,0,0,76
10/06/2022,MMU,NJ,AEA,EN,Towers with Radar,0,36,54,0,90,0,0,97,0,97,0,36,151,0,187,210,0,210,397
10/07/2022,MMU,NJ,AEA,EN,Towers with Radar,0,37,48,0,85,0,3,98,0,101,0,40,146,0,186,159,0,159,345
10/08/2022,MMU,NJ,AEA,EN,Towers with Radar,0,11,15,0,26,0,0,98,0,98,0,11,113,0,124,175,0,175,299
10/09/2022,MMU,NJ,AEA,EN,Towers with Radar,0,26,44,0,70,0,2,113,0,115,0,28,157,0,185,135,0,135,320
10/10/2022,MMU,NJ,AEA,EN,Towers with Radar,0,26,65,0,91,0,2,139,0,141,0,28,204,0,232,241,0,241,473
10/11/2022,MMU,NJ,AEA,EN,Towers with Radar,0,32,44,0,76,0,2,114,0,116,0,34,158,0,192,305,0,305,497
10/12/2022,MMU,NJ,AEA,EN,Towers with Radar,0,40,61,0,101,0,13,157,0,170,0,53,218,0,271,301,0,301,572
10/13/2022,MMU,NJ,AEA,EN,Towers with Radar,0,28,46,0,74,0,0,16,0,16,0,28,62,0,90,180,0,180,270
10/14/2022,MMU,NJ,AEA,EN,Towers with Radar,0,60,53,0,113,0,0,89,0,89,0,60,142,0,202,258,0,258,460
10/15/2022,MMU,NJ,AEA,EN,Towers with Radar,0,40,39,0,79,0,1,87,0,88,0,41,126,0,167,356,0,356,523
10/16/2022,MMU,NJ,AEA,EN,Towers with Radar,0,53,57,0,110,0,2,107,0,109,0,55,164,0,219,226,0,226,445
10/17/2022,MMU,NJ,AEA,EN,Towers with Radar,0,33,61,0,94,0,1,20,0,21,0,34,81,0,115,294,0,294,409
10/18/2022,MMU,NJ,AEA,EN,Towers with Radar,0,29,59,0,88,0,2,140,0,142,0,31,199,0,230,300,0,300,530
10/19/2022,MMU,NJ,AEA,EN,Towers with Radar,0,41,48,0,89,0,1,90,0,91,0,42,138,0,180,212,0,212,392
10/20/2022,MMU,NJ,AEA,EN,Towers with Radar,0,26,57,2,85,0,1,103,0,104,0,27,160,2,189,177,0,177,366
10/21/2022,MMU,NJ,AEA,EN,Towers with Radar,0,31,42,2,75,0,1,147,0,148,0,32,189,2,223,292,0,292,515
10/22/2022,MMU,NJ,AEA,EN,Towers with Radar,0,30,26,0,56,0,0,109,0,109,0,30,135,0,165,164,0,164,329
10/23/2022,MMU,NJ,AEA,EN,Towers with Radar,0,39,39,0,78,0,0,83,0,83,0,39,122,0,161,264,0,264,425
10/24/2022,MMU,NJ,AEA,EN,Towers with Radar,0,12,34,1,47,0,0,0,0,0,0,12,34,1,47,0,0,0,47
10/25/2022,MMU,NJ,AEA,EN,Towers with Radar,0,24,48,0,72,0,0,5,0,5,0,24,53,0,77,0,0,0,77
10/26/2022,MMU,NJ,AEA,EN,Towers with Radar,0,27,63,0,90,0,0,7,0,7,0,27,70,0,97,91,0,91,188
10/27/2022,MMU,NJ,AEA,EN,Towers with Radar,0,35,50,1,86,0,0,129,0,129,0,35,179,1,215,67,0,67,282
10/28/2022,MMU,NJ,AEA,EN,Towers with Radar,0,31,43,0,74,0,0,125,0,125,0,31,168,0,199,200,0,200,399
10/29/2022,MMU,NJ,AEA,EN,Towers with Radar,0,31,20,0,51,0,2,115,0,117,0,33,135,0,168,284,0,284,452
10/30/2022,MMU,NJ,AEA,EN,Towers with Radar,0,36,28,0,64,0,1,108,0,109,0,37,136,0,173,190,0,190,363
10/31/2022,MMU,NJ,AEA,EN,Towers with Radar,0,21,53,0,74,0,0,30,0,30,0,21,83,0,104,143,0,143,247
11/01/2022,MMU,NJ,AEA,EN,Towers with Radar,0,25,60,0,85,0,0,25,0,25,0,25,85,0,110,78,0,78,188
11/02/2022,MMU,NJ,AEA,EN,Towers with Radar,0,28,56,0,84,0,1,112,0,113,0,29,168,0,197,297,0,297,494
11/03/2022,MMU,NJ,AEA,EN,Towers with Radar,0,43,61,0,104,0,1,122,0,123,0,44,183,0,227,281,0,281,508
11/04/2022,MMU,NJ,AEA,EN,Towers with Radar,0,61,30,0,91,0,1,117,0,118,0,62,147,0,209,241,0,241,450
11/05/2022,MMU,NJ,AEA,EN,Towers with Radar,0,24,32,0,56,0,0,113,0,113,0,24,145,0,169,206,0,206,375
11/06/2022,MMU,NJ,AEA,EN,Towers with Radar,0,45,69,0,114,0,1,58,0,59,0,46,127,0,173,200,0,200,373
11/07/2022,MMU,NJ,AEA,EN,Towers with Radar,0,31,41,0,72,0,0,106,0,106,0,31,147,0,178,227,0,227,405
11/08/2022,MMU,NJ,AEA,EN,Towers with Radar,0,29,56,0,85,0,3,96,0,99,0,32,152,0,184,88,0,88,272
11/09/2022,MMU,NJ,AEA,EN,Towers with Radar,0,28,42,0,70,0,0,94,0,94,0,28,136,0,164,266,0,266,430
11/10/2022,MMU,NJ,AEA,EN,Towers with Radar,0,26,45,0,71,0,0,119,0,119,0,26,164,0,190,284,0,284,474
11/11/2022,MMU,NJ,AEA,EN,Towers with Radar,0,45,45,0,90,0,0,13,0,13,0,45,58,0,103,54,0,54,157
11/12/2022,MMU,NJ,AEA,EN,Towers with Radar,0,20,25,0,45,0,1,46,0,47,0,21,71,0,92,55,0,55,147
11/13/2022,MMU,NJ,AEA,EN,Towers with Radar,0,47,58,0,105,0,1,61,0,62,0,48,119,0,167,87,0,87,254
11/14/2022,MMU,NJ,AEA,EN,Towers with Radar,0,34,45,0,79,0,4,107,0,111,0,38,152,0,190,153,0,153,343
11/15/2022,MMU,NJ,AEA,EN,Towers with Radar,0,23,40,0,63,0,0,71,0,71,0,23,111,0,134,248,0,248,382
11/16/2022,MMU,NJ,AEA,EN,Towers with Radar,0,26,40,0,66,0,0,36,0,36,0,26,76,0,102,26,0,26,128
11/17/2022,MMU,NJ,AEA,EN,Towers with Radar,0,45,43,0,88,0,2,87,0,89,0,47,130,0,177,98,0,98,275
11/18/2022,MMU,NJ,AEA,EN,Towers with Radar,0,43,47,0,90,0,0,79,0,79,0,43,126,0,169,136,0,136,305
11/19/2022,MMU,NJ,AEA,EN,Towers with Radar,0,28,44,0,72,0,2,113,0,115,0,30,157,0,187,194,0,194,381
11/20/2022,MMU,NJ,AEA,EN,Towers with Radar,0,35,29,0,64,0,2,24,0,26,0,37,53,0,90,0,0,0,90
11/21/2022,MMU,NJ,AEA,EN,Towers with Radar,0,32,37,0,69,0,0,93,0,93,0,32,130,0,162,306,0,306,468
11/22/2022,MMU,NJ,AEA,EN,Towers with Radar,0,48,63,0,111,0,2,133,0,135,0,50,196,0,246,240,0,240,486
11/23/2022,MMU,NJ,AEA,EN,Towers with Radar,0,29,32,0,61,0,0,157,0,157,0,29,189,0,218,196,0,196,414
11/24/2022,MMU,NJ,AEA,EN,Towers with Radar,0,14,14,0,28,0,0,34,0,34,0,14,48,0,62,48,0,48,110
11/25/2022,MMU,NJ,AEA,EN,Towers with Radar,0,37,23,0,60,0,0,9,0,9,0,37,32,0,69,37,0,37,106
11/26/2022,MMU,NJ,AEA,EN,Towers with Radar,0,33,38,0,71,0,0,107,0,107,0,33,145,0,178,145,0,145,323
11/27/2022,MMU,NJ,AEA,EN,Towers with Radar,0,50,60,0,110,0,2,38,0,40,0,52,98,0,150,191,0,191,341
11/28/2022,MMU,NJ,AEA,EN,Towers with Radar,0,35,57,0,92,0,0,57,0,57,0,35,114,0,149,26,0,26,175
11/29/2022,MMU,NJ,AEA,EN,Towers with Radar,0,28,48,0,76,0,5,93,0,98,0,33,141,0,174,234,0,234,408
11/30/2022,MMU,NJ,AEA,EN,Towers with Radar,0,30,35,0,65,0,0,3,0,3,0,30,38,0,68,8,0,8,76
12/01/2022,MMU,NJ,AEA,EN,Towers with Radar,0,49,58,0,107,0,0,44,0,44,0,49,102,0,151,54,0,54,205
12/02/2022,MMU,NJ,AEA,EN,Towers with Radar,0,43,59,0,102,0,0,125,0,125,0,43,184,0,227,234,0,234,461
12/03/2022,MMU,NJ,AEA,EN,Towers with Radar,0,25,23,0,48,0,0,3,0,3,0,25,26,0,51,0,0,0,51
12/04/2022,MMU,NJ,AEA,EN,Towers with Radar,0,46,47,0,93,0,2,123,0,125,0,48,170,0,218,188,0,188,406
12/05/2022,MMU,NJ,AEA,EN,Towers with Radar,0,46,52,0,98,0,1,91,0,92,0,47,143,0,190,236,0,236,426
12/06/2022,MMU,NJ,AEA,EN,Towers with Radar,0,32,43,0,75,0,0,0,0,0,0,32,43,0,75,0,0,0,75
12/07/2022,MMU,NJ,AEA,EN,Towers with Radar,0,40,54,0,94,0,0,0,0,0,0,40,54,0,94,0,0,0,94
12/08/2022,MMU,NJ,AEA,EN,Towers with Radar,0,55,69,0,124,0,1,83,0,84,0,56,152,0,208,172,0,172,380
12/09/2022,MMU,NJ,AEA,EN,Towers with Radar,0,40,41,0,81,0,1,114,0,115,0,41,155,0,196,198,0,198,394
12/10/2022,MMU,NJ,AEA,EN,Towers with Radar,0,30,29,0,59,0,0,122,0,122,0,30,151,0,181,286,0,286,467
12/11/2022,MMU,NJ,AEA,EN,Towers with Radar,0,30,47,0,77,0,0,0,0,0,0,30,47,0,77,0,0,0,77
12/12/2022,MMU,NJ,AEA,EN,Towers with Radar,0,30,39,0,69,0,1,29,0,30,0,31,68,0,99,203,0,203,302
12/13/2022,MMU,NJ,AEA,EN,Towers with Radar,0,34,38,0,72,0,1,117,0,118,0,35,155,0,190,181,0,181,371
12/14/2022,MMU,NJ,AEA,EN,Towers with Radar,0,28,49,0,77,0,42,100,0,142,0,70,149,0,219,223,0,223,442
12/15/2022,MMU,NJ,AEA,EN,Towers with Radar,0,25,27,0,52,0,0,16,0,16,0,25,43,0,68,142,0,142,210
12/16/2022,MMU,NJ,AEA,EN,Towers with Radar,0,43,36,0,79,0,0,0,0,0,0,43,36,0,79,0,0,0,79
12/17/2022,MMU,NJ,AEA,EN,Towers with Radar,0,26,35,0,61,0,0,94,0,94,0,26,129,0,155,210,0,210,365
12/18/2022,MMU,NJ,AEA,EN,Towers with Radar,0,34,37,0,71,0,0,85,0,85,0,34,122,0,156,271,0,271,427
12/19/2022,MMU,NJ,AEA,EN,Towers with Radar,0,28,37,0,65,0,1,61,0,62,0,29,98,0,127,108,0,108,235
12/20/2022,MMU,NJ,AEA,EN,Towers with Radar,0,30,25,0,55,0,0,95,0,95,0,30,120,0,150,244,0,244,394
12/21/2022,MMU,NJ,AEA,EN,Towers with Radar,0,51,44,0,95,0,3,101,0,104,0,54,145,0,199,361,0,361,560
12/22/2022,MMU,NJ,AEA,EN,Towers with Radar,0,39,27,0,66,0,0,17,0,17,0,39,44,0,83,60,0,60,143
12/23/2022,MMU,NJ,AEA,EN,Towers with Radar,0,21,11,0,32,0,0,0,0,0,0,21,11,0,32,0,0,0,32
12/24/2022,MMU,NJ,AEA,EN,Towers with Radar,0,32,20,0,52,0,1,11,0,12,0,33,31,0,64,0,0,0,64
12/25/2022,MMU,NJ,AEA,EN,Towers with Radar,0,48,8,0,56,0,0,9,0,9,0,48,17,0,65,10,0,10,75
12/26/2022,MMU,NJ,AEA,EN,Towers with Radar,0,68,60,0,128,0,4,82,0,86,0,72,142,0,214,124,0,124,338
12/27/2022,MMU,NJ,AEA,EN,Towers with Radar,0,44,53,0,97,0,0,84,0,84,0,44,137,0,181,200,0,200,381
12/28/2022,MMU,NJ,AEA,EN,Towers with Radar,0,41,25,0,66,0,1,89,0,90,0,42,114,0,156,240,0,240,396
12/29/2022,MMU,NJ,AEA,EN,Towers with Radar,0,38,26,0,64,0,1,106,0,107,0,39,132,0,171,208,0,208,379
12/30/2022,MMU,NJ,AEA,EN,Towers with Radar,0,30,26,0,56,0,0,94,0,94,0,30,120,0,150,158,0,158,308
12/31/2022,MMU,NJ,AEA,EN,Towers with Radar,0,12,7,0,19,0,0,0,0,0,0,12,7,0,19,0,0,0,19
01/01/2023,MMU,NJ,AEA,EN,Towers with Radar,0,41,43,0,84,0,1,43,0,44,0,42,86,0,128,52,0,52,180
01/02/2023,MMU,NJ,AEA,EN,Towers with Radar,0,46,88,0,134,0,0,97,0,97,0,46,185,0,231,214,0,214,445
01/03/2023,MMU,NJ,AEA,EN,Towers with Radar,0,38,28,0,66,0,0,0,0,0,0,38,28,0,66,0,0,0,66
01/04/2023,MMU,NJ,AEA,EN,Towers with Radar,0,37,51,0,88,0,0,51,0,51,0,37,102,0,139,205,0,205,344
01/05/2023,MMU,NJ,AEA,EN,Towers with Radar,0,28,34,0,62,0,0,0,0,0,0,28,34,0,62,0,0,0,62
01/06/2023,MMU,NJ,AEA,EN,Towers with Radar,0,37,18,0,55,0,0,24,0,24,0,37,42,0,79,205,0,205,284
01/07/2023,MMU,NJ,AEA,EN,Towers with Radar,0,27,23,0,50,0,0,116,0,116,0,27,139,0,166,258,0,258,424
01/08/2023,MMU,NJ,AEA,EN,Towers with Radar,0,24,33,0,57,0,0,109,0,109,0,24,142,0,166,256,0,256,422
01/09/2023,MMU,NJ,AEA,EN,Towers with Radar,0,31,30,0,61,0,1,64,0,65,0,32,94,0,126,289,0,289,415
01/10/2023,MMU,NJ,AEA,EN,Towers with Radar,0,26,26,0,52,0,2,96,0,98,0,28,122,0,150,211,0,211,361
01/11/2023,MMU,NJ,AEA,EN,Towers with Radar,0,28,30,0,58,0,0,95,0,95,0,28,125,0,153,212,0,212,365
01/12/2023,MMU,NJ,AEA,EN,Towers with Radar,0,46,35,0,81,0,0,0,0,0,0,46,35,0,81,0,0,0,81
01/13/2023,MMU,NJ,AEA,EN,Towers with Radar,0,41,51,0,92,0,0,20,0,20,0,41,71,0,112,124,0,124,236
01/14/2023,MMU,NJ,AEA,EN,Towers with Radar,0,22,14,0,36,0,0,64,0,64,0,22,78,0,100,180,0,180,280
01/15/2023,MMU,NJ,AEA,EN,Towers with Radar,0,31,20,0,51,0,2,90,0,92,0,33,110,0,143,129,0,129,272
01/16/2023,MMU,NJ,AEA,EN,Towers with Radar,0,38,43,0,81,0,0,116,0,116,0,38,159,0,197,169,0,169,366
01/17/2023,MMU,NJ,AEA,EN,Towers with Radar,0,29,33,0,62,0,1,77,0,78,0,30,110,0,140,266,0,266,406
01/18/2023,MMU,NJ,AEA,EN,Towers with Radar,0,30,48,0,78,0,1,83,2,86,0,31,131,2,164,108,0,108,272
01/19/2023,MMU,NJ,AEA,EN,Towers with Radar,0,27,46,0,73,0,0,1,0,1,0,27,47,0,74,70,0,70,144
01/20/2023,MMU,NJ,AEA,EN,Towers with Radar,0,34,40,0,74,0,0,51,0,51,0,34,91,0,125,52,0,52,177
01/21/2023,MMU,NJ,AEA,EN,Towers with Radar,0,20,25,0,45,0,0,119,0,119,0,20,144,0,164,245,0,245,409
01/22/2023,MMU,NJ,AEA,EN,Towers with Radar,0,35,25,0,60,0,0,73,0,73,0,35,98,0,133,223,0,223,356
01/23/2023,MMU,NJ,AEA,EN,Towers with Radar,0,14,20,0,34,0,0,14,0,14,0,14,34,0,48,17,0,17,65
01/24/2023,MMU,NJ,AEA,EN,Towers with Radar,0,32,42,0,74,0,0,76,0,76,0,32,118,0,150,164,0,164,314
01/25/2023,MMU,NJ,AEA,EN,Towers with Radar,0,31,33,0,64,0,0,30,0,30,0,31,63,0,94,111,0,111,205
01/26/2023,MMU,NJ,AEA,EN,Towers with Radar,0,37,41,0,78,0,0,44,0,44,0,37,85,0,122,19,0,19,141
01/27/2023,MMU,NJ,AEA,EN,Towers with Radar,0,33,29,0,62,0,0,110,0,110,0,33,139,0,172,176,0,176,348
01/28/2023,MMU,NJ,AEA,EN,Towers with Radar,0,31,24,0,55,0,0,105,0,105,0,31,129,0,160,180,0,180,340
01/29/2023,MMU,NJ,AEA,EN,Towers with Radar,0,37,18,0,55,0,2,108,0,110,0,39,126,0,165,223,0,223,388
01/30/2023,MMU,NJ,AEA,EN,Towers with Radar,0,28,43,0,71,0,2,94,0,96,0,30,137,0,167,211,0,211,378
01/31/2023,MMU,NJ,AEA,EN,Towers with Radar,0,44,32,0,76,0,0,35,0,35,0,44,67,0,111,98,0,98,209
02/01/2023,MMU,NJ,AEA,EN,Towers with Radar,0,34,41,4,79,0,0,110,0,110,0,34,151,4,189,200,0,200,389
02/02/2023,MMU,NJ,AEA,EN,Towers with Radar,0,34,37,0,71,0,0,79,2,81,0,34,116,2,152,220,0,220,372
02/03/2023,MMU,NJ,AEA,EN,Towers with Radar,0,29,28,0,57,0,0,35,0,35,0,29,63,0,92,6,0,6,98
02/04/2023,MMU,NJ,AEA,EN,Towers with Radar,0,20,16,0,36,0,0,85,0,85,0,20,101,0,121,160,0,160,281
02/05/2023,MMU,NJ,AEA,EN,Towers with Radar,0,25,35,0,60,0,0,93,0,93,0,25,128,0,153,201,0,201,354
02/06/2023,MMU,NJ,AEA,EN,Towers with Radar,0,31,28,0,59,0,0,79,0,79,0,31,107,0,138,120,0,120,258
02/07/2023,MMU,NJ,AEA,EN,Towers with Radar,0,39,23,0,62,0,1,104,0,105,0,40,127,0,167,176,0,176,343
02/08/2023,MMU,NJ,AEA,EN,Towers with Radar,0,38,42,0,80,0,0,115,0,115,0,38,157,0,195,151,0,151,346
02/09/2023,MMU,NJ,AEA,EN,Towers with Radar,0,31,43,0,74,0,1,76,0,77,0,32,119,0,151,167,0,167,318
02/10/2023,MMU,NJ,AEA,EN,Towers with Radar,0,37,48,0,85,0,0,55,0,55,0,37,103,0,140,17,0,17,157
02/11/2023,MMU,NJ,AEA,EN,Towers with Radar,0,20,30,0,50,0,0,126,0,126,0,20,156,0,176,126,0,126,302
02/12/2023,MMU,NJ,AEA,EN,Towers with Radar,0,23,29,0,52,0,0,131,0,131,0,23,160,0,183,188,0,188,371
02/13/2023,MMU,NJ,AEA,EN,Towers with Radar,0,28,31,0,59,0,0,97,0,97,0,28,128,0,156,175,0,175,331
02/14/2023,MMU,NJ,AEA,EN,Towers with Radar,0,27,23,0,50,0,0,92,0,92,0,27,115,0,142,125,0,125,267
02/15/2023,MMU,NJ,AEA,EN,Towers with Radar,0,40,50,0,90,0,0,83,0,83,0,40,133,0,173,136,0,136,309
02/16/2023,MMU,NJ,AEA,EN,Towers with Radar,0,50,59,0,109,0,0,66,0,66,0,50,125,0,175,168,0,168,343
02/17/2023,MMU,NJ,AEA,EN,Towers with Radar,0,17,54,1,72,0,1,12,0,13,0,18,66,1,85,6,0,6,91
02/18/2023,MMU,NJ,AEA,EN,Towers with Radar,0,22,30,0,52,0,1,122,0,123,0,23,152,0,175,217,0,217,392
02/19/2023,MMU,NJ,AEA,EN,Towers with Radar,0,24,25,0,49,0,0,94,0,94,0,24,119,0,143,139,0,139,282
02/20/2023,MMU,NJ,AEA,EN,Towers with Radar,0,48,66,2,116,0,0,123,0,123,0,48,189,2,239,181,0,181,420
02/21/2023,MMU,NJ,AEA,EN,Towers with Radar,0,39,21,0,60,0,0,6,0,6,0,39,27,0,66,15,0,15,81
02/22/2023,MMU,NJ,AEA,EN,Towers with Radar,0,28,38,0,66,0,2,39,0,41,0,30,77,0,107,102,0,102,209
02/23/2023,MMU,NJ,AEA,EN,Towers with Radar,0,39,49,0,88,0,0,1,0,1,0,39,50,0,89,0,0,0,89
02/24/2023,MMU,NJ,AEA,EN,Towers with Radar,0,41,34,0,75,0,0,44,0,44,0,41,78,0,119,21,0,21,140
02/25/2023,MMU,NJ,AEA,EN,Towers with Radar,0,34,19,0,53,0,0,82,0,82,0,34,101,0,135,208,0,208,343
02/26/2023,MMU,NJ,AEA,EN,Towers with Radar,0,54,32,0,86,0,6,31,0,37,0,60,63,0,123,46,0,46,169
02/27/2023,MMU,NJ,AEA,EN,Towers with Radar,0,34,35,0,69,0,0,103,0,103,0,34,138,0,172,182,0,182,354
02/28/2023,MMU,NJ,AEA,EN,Towers with Radar,0,32,25,0,57,0,0,0,0,0,0,32,25,0,57,0,0,0,57
03/01/2023,MMU,NJ,AEA,EN,Towers with Radar,0,41,46,0,87,0,0,99,0,99,0,41,145,0,186,313,0,313,499
03/02/2023,MMU,NJ,AEA,EN,Towers with Radar,0,38,45,0,83,0,0,39,0,39,0,38,84,0,122,74,0,74,196
03/03/2023,MMU,NJ,AEA,EN,Towers with Radar,0,30,30,0,60,0,0,90,0,90,0,30,120,0,150,243,0,243,393
03/04/2023,MMU,NJ,AEA,EN,Towers with Radar,0,27,18,0,45,0,0,25,0,25,0,27,43,0,70,151,0,151,221
03/05/2023,MMU,NJ,AEA,EN,Towers with Radar,0,35,33,0,68,0,0,89,0,89,0,35,122,0,157,218,0,218,375
03/06/2023,MMU,NJ,AEA,EN,Towers with Radar,0,41,36,0,77,0,0,105,0,105,0,41,141,0,182,204,0,204,386
03/07/2023,MMU,NJ,AEA,EN,Towers with Radar,0,29,44,0,73,0,0,35,3,38,0,29,79,3,111,25,0,25,136
03/08/2023,MMU,NJ,AEA,EN,Towers with Radar,0,31,39,0,70,0,0,56,0,56,0,31,95,0,126,28,0,28,154
03/09/2023,MMU,NJ,AEA,EN,Towers with Radar,0,31,47,0,78,0,3,100,0,103,0,34,147,0,181,149,0,149,330
03/10/2023,MMU,NJ,AEA,EN,Towers with Radar,0,35,40,0,75,0,0,63,0,63,0,35,103,0,138,284,0,284,422
03/11/2023,MMU,NJ,AEA,EN,Towers with Radar,0,19,20,0,39,0,8,4,0,12,0,27,24,0,51,94,0,94,145
03/12/2023,MMU,NJ,AEA,EN,Towers with Radar,0,34,54,0,88,0,1,161,0,162,0,35,215,0,250,230,0,230,480
03/13/2023,MMU,NJ,AEA,EN,Towers with Radar,0,25,23,0,48,0,0,0,0,0,0,25,23,0,48,0,0,0,48
03/14/2023,MMU,NJ,AEA,EN,Towers with Radar,0,15,16,0,31,0,0,1,0,1,0,15,17,0,32,0,0,0,32
03/15/2023,MMU,NJ,AEA,EN,Towers with Radar,0,35,26,0,61,0,0,14,0,14,0,35,40,0,75,0,0,0,75
03/16/2023,MMU,NJ,AEA,EN,Towers with Radar,0,43,51,0,94,0,0,114,0,114,0,43,165,0,208,238,0,238,446
03/17/2023,MMU,NJ,AEA,EN,Towers with Radar,0,36,39,0,75,0,0,98,0,98,0,36,137,0,173,213,0,213,386
03/18/2023,MMU,NJ,AEA,EN,Towers with Radar,0,28,27,0,55,0,0,100,0,100,0,28,127,0,155,198,0,198,353
03/19/2023,MMU,NJ,AEA,EN,Towers with Radar,0,44,31,0,75,0,0,60,0,60,0,44,91,0,135,47,0,47,182
03/20/2023,MMU,NJ,AEA,EN,Towers with Radar,0,32,33,0,65,0,0,84,0,84,0,32,117,0,149,165,0,165,314
03/21/2023,MMU,NJ,AEA,EN,Towers with Radar,0,23,36,0,59,0,0,85,0,85,0,23,121,0,144,240,0,240,384
03/22/2023,MMU,NJ,AEA,EN,Towers with Radar,0,30,52,0,82,0,0,92,0,92,0,30,144,0,174,159,0,159,333
03/23/2023,MMU,NJ,AEA,EN,Towers with Radar,0,30,56,0,86,0,0,17,0,17,0,30,73,0,103,28,0,28,131
03/24/2023,MMU,NJ,AEA,EN,Towers with Radar,0,38,34,0,72,0,0,98,0,98,0,38,132,0,170,264,0,264,434
03/25/2023,MMU,NJ,AEA,EN,Towers with Radar,0,22,32,0,54,0,1,14,0,15,0,23,46,0,69,19,0,19,88
03/26/2023,MMU,NJ,AEA,EN,Towers with Radar,0,38,39,0,77,0,0,106,0,106,0,38,145,0,183,103,0,103,286
03/27/2023,MMU,NJ,AEA,EN,Towers with Radar,0,30,35,0,65,0,0,76,0,76,0,30,111,0,141,99,0,99,240
03/28/2023,MMU,NJ,AEA,EN,Towers with Radar,0,32,34,0,66,0,0,75,0,75,0,32,109,0,141,237,0,237,378
03/29/2023,MMU,NJ,AEA,EN,Towers with Radar,1,24,31,0,56,0,0,101,0,101,1,24,132,0,157,213,0,213,370
03/30/2023,MMU,NJ,AEA,EN,Towers with Radar,0,30,41,0,71,0,0,116,0,116,0,30,157,0,187,115,0,115,302
03/31/2023,MMU,NJ,AEA,EN,Towers with Radar,0,42,50,0,92,0,0,88,0,88,0,42,138,0,180,269,0,269,449
04/01/2023,MMU,NJ,AEA,EN,Towers with Radar,0,23,26,0,49,0,1,7,0,8,0,24,33,0,57,12,0,12,69
04/02/2023,MMU,NJ,AEA,EN,Towers with Radar,0,35,38,0,73,0,0,68,0,68,0,35,106,0,141,90,0,90,231
04/03/2023,MMU,NJ,AEA,EN,Towers with Radar,0,34,39,0,73,0,0,90,0,90,0,34,129,0,163,146,0,146,309
04/04/2023,MMU,NJ,AEA,EN,Towers with Radar,0,43,26,0,69,0,0,129,0,129,0,43,155,0,198,224,0,224,422
04/05/2023,MMU,NJ,AEA,EN,Towers with Radar,1,48,44,0,93,0,0,0,0,0,1,48,44,0,93,0,0,0,93
04/06/2023,MMU,NJ,AEA,EN,Towers with Radar,0,49,51,0,100,0,0,59,0,59,0,49,110,0,159,54,0,54,213
04/07/2023,MMU,NJ,AEA,EN,Towers with Radar,0,32,41,0,73,0,0,148,0,148,0,32,189,0,221,141,0,141,362
04/08/2023,MMU,NJ,AEA,EN,Towers with Radar,0,35,24,0,59,0,0,131,0,131,0,35,155,0,190,178,0,178,368
04/09/2023,MMU,NJ,AEA,EN,Towers with Radar,0,36,16,0,52,0,0,97,0,97,0,36,113,0,149,138,0,138,287
04/10/2023,MMU,NJ,AEA,EN,Towers with Radar,0,45,43,0,88,0,1,96,0,97,0,46,139,0,185,185,0,185,370
04/11/2023,MMU,NJ,AEA,EN,Towers with Radar,0,33,32,0,65,0,0,88,2,90,0,33,120,2,155,101,0,101,256
04/12/2023,MMU,NJ,AEA,EN,Towers with Radar,0,39,31,0,70,0,0,116,0,116,0,39,147,0,186,97,0,97,283
04/13/2023,MMU,NJ,AEA,EN,Towers with Radar,0,33,41,1,75,0,0,100,0,100,0,33,141,1,175,138,0,138,313
04/14/2023,MMU,NJ,AEA,EN,Towers with Radar,0,36,32,1,69,0,0,115,0,115,0,36,147,1,184,211,0,211,395
04/15/2023,MMU,NJ,AEA,EN,Towers with Radar,0,31,26,0,57,0,0,6,5,11,0,31,32,5,68,28,0,28,96
04/16/2023,MMU,NJ,AEA,EN,Towers with Radar,0,51,51,0,102,0,0,10,0,10,0,51,61,0,112,195,0,195,307
04/17/2023,MMU,NJ,AEA,EN,Towers with Radar,0,43,37,0,80,0,1,36,0,37,0,44,73,0,117,57,0,57,174
04/18/2023,MMU,NJ,AEA,EN,Towers with Radar,0,24,23,0,47,0,0,57,1,58,0,24,80,1,105,26,0,26,131
04/19/2023,MMU,NJ,AEA,EN,Towers with Radar,0,36,38,0,74,0,0,106,0,106,0,36,144,0,180,225,0,225,405
04/20/2023,MMU,NJ,AEA,EN,Towers with Radar,0,41,40,0,81,0,0,127,0,127,0,41,167,0,208,345,0,345,553
04/21/2023,MMU,NJ,AEA,EN,Towers with Radar,0,48,52,0,100,0,0,104,0,104,0,48,156,0,204,207,0,207,411
04/22/2023,MMU,NJ,AEA,EN,Towers with Radar,0,31,20,0,51,0,0,39,0,39,0,31,59,0,90,69,0,69,159
04/23/2023,MMU,NJ,AEA,EN,Towers with Radar,0,47,33,0,80,0,0,85,0,85,0,47,118,0,165,192,0,192,357
04/24/2023,MMU,NJ,AEA,EN,Towers with Radar,0,33,34,0,67,0,0,120,0,120,0,33,154,0,187,260,0,260,447
04/25/2023,MMU,NJ,AEA,EN,Towers with Radar,0,39,41,0,80,0,0,113,0,113,0,39,154,0,193,199,0,199,392
04/26/2023,MMU,NJ,AEA,EN,Towers with Radar,0,41,31,0,72,0,0,103,0,103,0,41,134,0,175,190,0,190,365
04/27/2023,MMU,NJ,AEA,EN,Towers with Radar,0,38,45,0,83,0,0,87,0,87,0,38,132,0,170,211,0,211,381
04/28/2023,MMU,NJ,AEA,EN,Towers with Radar,0,36,44,0,80,0,0,41,0,41,0,36,85,0,121,217,0,217,338
04/29/2023,MMU,NJ,AEA,EN,Towers with Radar,0,29,21,0,50,0,0,0,0,0,0,29,21,0,50,0,0,0,50
04/30/2023,MMU,NJ,AEA,EN,Towers with Radar,0,38,30,0,68,0,0,0,0,0,0,38,30,0,68,0,0,0,68
05/01/2023,MMU,NJ,AEA,EN,Towers with Radar,0,25,57,0,82,0,0,79,0,79,0,25,136,0,161,87,0,87,248
05/02/2023,MMU,NJ,AEA,EN,Towers with Radar,0,40,34,0,74,0,0,70,0,70,0,40,104,0,144,145,0,145,289
05/03/2023,MMU,NJ,AEA,EN,Towers with Radar,0,37,51,0,88,0,0,103,0,103,0,37,154,0,191,259,0,259,450
05/04/2023,MMU,NJ,AEA,EN,Towers with Radar,0,33,56,0,89,0,1,40,0,41,0,34,96,0,130,271,0,271,401
05/05/2023,MMU,NJ,AEA,EN,Towers with Radar,0,38,45,0,83,0,0,103,0,103,0,38,148,0,186,237,0,237,423
05/06/2023,MMU,NJ,AEA,EN,Towers with Radar,0,33,12,0,45,0,0,115,0,115,0,33,127,0,160,161,0,161,321
05/07/2023,MMU,NJ,AEA,EN,Towers with Radar,0,42,46,0,88,0,0,127,0,127,0,42,173,0,215,160,0,160,375
05/08/2023,MMU,NJ,AEA,EN,Towers with Radar,0,45,43,0,88,0,0,101,0,101,0,45,144,0,189,175,0,175,364
05/09/2023,MMU,NJ,AEA,EN,Towers with Radar,0,49,39,0,88,0,0,122,0,122,0,49,161,0,210,213,0,213,423
05/10/2023,MMU,NJ,AEA,EN,Towers with Radar,0,48,67,0,115,0,0,54,0,54,0,48,121,0,169,148,0,148,317
05/11/2023,MMU,NJ,AEA,EN,Towers with Radar,0,42,51,0,93,0,0,141,0,141,0,42,192,0,234,230,0,230,464
05/12/2023,MMU,NJ,AEA,EN,Towers with Radar,0,34,41,0,75,0,0,141,0,141,0,34,182,0,216,165,0,165,381
05/13/2023,MMU,NJ,AEA,EN,Towers with Radar,0,15,22,0,37,0,0,120,0,120,0,15,142,0,157,221,0,221,378
05/14/2023,MMU,NJ,AEA,EN,Towers with Radar,0,35,30,0,65,0,1,114,0,115,0,36,144,0,180,190,0,190,370
05/15/2023,MMU,NJ,AEA,EN,Towers with Radar,0,38,50,0,88,0,1,98,0,99,0,39,148,0,187,174,0,174,361
05/16/2023,MMU,NJ,AEA,EN,Towers with Radar,0,43,45,0,88,0,3,81,0,84,0,46,126,0,172,178,0,178,350
05/17/2023,MMU,NJ,AEA,EN,Towers with Radar,0,31,46,0,77,0,0,53,0,53,0,31,99,0,130,22,0,22,152
05/18/2023,MMU,NJ,AEA,EN,Towers with Radar,0,46,52,0,98,0,1,103,0,104,0,47,155,0,202,151,0,151,353
05/19/2023,MMU,NJ,AEA,EN,Towers with Radar,0,35,45,0,80,0,0,125,0,125,0,35,170,0,205,118,0,118,323
05/20/2023,MMU,NJ,AEA,EN,Towers with Radar,0,20,22,0,42,0,0,0,0,0,0,20,22,0,42,0,0,0,42
05/21/2023,MMU,NJ,AEA,EN,Towers with Radar,0,35,52,0,87,0,1,106,0,107,0,36,158,0,194,79,0,79,273
05/22/2023,MMU,NJ,AEA,EN,Towers with Radar,0,37,44,0,81,0,0,120,0,120,0,37,164,0,201,276,0,276,477
05/23/2023,MMU,NJ,AEA,EN,Towers with Radar,0,36,34,0,70,0,0,105,0,105,0,36,139,0,175,219,0,219,394
05/24/2023,MMU,NJ,AEA,EN,Towers with Radar,0,48,44,0,92,0,0,119,0,119,0,48,163,0,211,124,0,124,335
05/25/2023,MMU,NJ,AEA,EN,Towers with Radar,0,50,50,0,100,0,3,90,0,93,0,53,140,0,193,201,0,201,394
05/26/2023,MMU,NJ,AEA,EN,Towers with Radar,0,43,29,0,72,0,0,83,0,83,0,43,112,0,155,75,0,75,230
05/27/2023,MMU,NJ,AEA,EN,Towers with Radar,0,20,7,0,27,0,0,110,0,110,0,20,117,0,137,191,0,191,328
05/28/2023,MMU,NJ,AEA,EN,Towers with Radar,0,18,20,0,38,0,0,85,0,85,0,18,105,0,123,130,0,130,253
05/29/2023,MMU,NJ,AEA,EN,Towers with Radar,0,36,37,0,73,0,2,74,0,76,0,38,111,0,149,116,0,116,265
05/30/2023,MMU,NJ,AEA,EN,Towers with Radar,0,42,34,0,76,0,0,84,0,84,0,42,118,0,160,183,0,183,343
05/31/2023,MMU,NJ,AEA,EN,Towers with Radar,0,35,45,0,80,0,0,107,0,107,0,35,152,0,187,201,0,201,388
06/01/2023,MMU,NJ,AEA,EN,Towers with Radar,0,35,34,0,69,0,0,139,0,139,0,35,173,0,208,344,0,344,552
06/02/2023,MMU,NJ,AEA,EN,Towers with Radar,0,43,29,0,72,0,0,89,0,89,0,43,118,0,161,156,0,156,317
06/03/2023,MMU,NJ,AEA,EN,Towers with Radar,0,33,26,0,59,0,0,29,0,29,0,33,55,0,88,169,0,169,257
06/04/2023,MMU,NJ,AEA,EN,Towers with Radar,0,34,41,0,75,0,0,69,0,69,0,34,110,0,144,122,0,122,266
06/05/2023,MMU,NJ,AEA,EN,Towers with Radar,1,47,46,0,94,0,0,98,0,98,1,47,144,0,192,192,0,192,384
06/06/2023,MMU,NJ,AEA,EN,Towers with Radar,1,41,39,0,81,0,0,54,0,54,1,41,93,0,135,147,0,147,282
06/07/2023,MMU,NJ,AEA,EN,Towers with Radar,0,37,65,0,102,0,0,5,0,5,0,37,70,0,107,100,0,100,207
06/08/2023,MMU,NJ,AEA,EN,Towers with Radar,0,50,70,0,120,0,0,13,0,13,0,50,83,0,133,122,0,122,255
06/09/2023,MMU,NJ,AEA,EN,Towers with Radar,0,28,71,0,99,0,0,68,0,68,0,28,139,0,167,190,0,190,357
06/10/2023,MMU,NJ,AEA,EN,Towers with Radar,0,20,26,0,46,0,0,113,0,113,0,20,139,0,159,163,0,163,322
06/11/2023,MMU,NJ,AEA,EN,Towers with Radar,0,38,39,0,77,0,0,125,0,125,0,38,164,0,202,200,0,200,402
06/12/2023,MMU,NJ,AEA,EN,Towers with Radar,0,33,59,0,92,0,0,13,0,13,0,33,72,0,105,131,0,131,236
06/13/2023,MMU,NJ,AEA,EN,Towers with Radar,0,48,49,0,97,0,2,126,0,128,0,50,175,0,225,166,0,166,391
06/14/2023,MMU,NJ,AEA,EN,Towers with Radar,0,48,56,0,104,0,1,47,0,48,0,49,103,0,152,103,0,103,255
06/15/2023,MMU,NJ,AEA,EN,Towers with Radar,0,51,64,0,115,0,2,130,0,132,0,53,194,0,247,229,0,229,476
06/16/2023,MMU,NJ,AEA,EN,Towers with Radar,0,51,48,0,99,0,0,42,0,42,0,51,90,0,141,150,0,150,291
06/17/2023,MMU,NJ,AEA,EN,Towers with Radar,0,37,23,0,60,0,0,51,0,51,0,37,74,0,111,77,0,77,188
06/18/2023,MMU,NJ,AEA,EN,Towers with Radar,0,28,30,0,58,0,0,144,0,144,0,28,174,0,202,256,0,256,458
06/19/2023,MMU,NJ,AEA,EN,Towers with Radar,0,37,40,0,77,0,3,131,0,134,0,40,171,0,211,208,0,208,419
06/20/2023,MMU,NJ,AEA,EN,Towers with Radar,0,58,34,0,92,0,0,86,0,86,0,58,120,0,178,238,0,238,416
06/21/2023,MMU,NJ,AEA,EN,Towers with Radar,0,52,40,0,92,0,0,93,0,93,0,52,133,0,185,169,0,169,354
06/22/2023,MMU,NJ,AEA,EN,Towers with Radar,0,32,61,0,93,0,0,10,0,10,0,32,71,0,103,156,0,156,259
06/23/2023,MMU,NJ,AEA,EN,Towers with Radar,0,43,59,0,102,0,0,0,0,0,0,43,59,0,102,0,0,0,102
06/24/2023,MMU,NJ,AEA,EN,Towers with Radar,0,30,48,0,78,0,0,9,0,9,0,30,57,0,87,30,0,30,117
06/25/2023,MMU,NJ,AEA,EN,Towers with Radar,0,48,53,0,101,0,0,55,0,55,0,48,108,0,156,156,0,156,312
06/26/2023,MMU,NJ,AEA,EN,Towers with Radar,0,26,23,0,49,0,0,4,0,4,0,26,27,0,53,28,0,28,81
06/27/2023,MMU,NJ,AEA,EN,Towers with Radar,0,45,47,0,92,0,0,7,0,7,0,45,54,0,99,45,0,45,144
06/28/2023,MMU,NJ,AEA,EN,Towers with Radar,0,64,47,0,111,0,0,81,0,81,0,64,128,0,192,190,0,190,382
06/29/2023,MMU,NJ,AEA,EN,Towers with Radar,0,61,73,0,134,0,0,43,0,43,0,61,116,0,177,124,0,124,301
06/30/2023,MMU,NJ,AEA,EN,Towers with Radar,0,69,69,0,138,0,1,27,0,28,0,70,96,0,166,188,0,188,354
07/01/2023,MMU,NJ,AEA,EN,Towers with Radar,0,26,44,0,70,0,0,88,0,88,0,26,132,0,158,290,0,290,448
07/02/2023,MMU,NJ,AEA,EN,Towers with Radar,0,22,25,0,47,0,0,23,0,23,0,22,48,0,70,100,0,100,170
07/03/2023,MMU,NJ,AEA,EN,Towers with Radar,0,15,16,0,31,0,1,86,0,87,0,16,102,0,118,230,0,230,348
07/04/2023,MMU,NJ,AEA,EN,Towers with Radar,0,20,16,0,36,0,0,51,0,51,0,20,67,0,87,99,0,99,186
07/05/2023,MMU,NJ,AEA,EN,Towers with Radar,0,35,35,0,70,0,1,108,0,109,0,36,143,0,179,226,0,226,405
07/06/2023,MMU,NJ,AEA,EN,Towers with Radar,0,39,31,0,70,0,1,136,0,137,0,40,167,0,207,231,0,231,438
07/07/2023,MMU,NJ,AEA,EN,Towers with Radar,0,30,39,0,69,0,0,69,0,69,0,30,108,0,138,261,0,261,399
07/08/2023,MMU,NJ,AEA,EN,Towers with Radar,0,35,19,0,54,0,0,73,0,73,0,35,92,0,127,245,0,245,372
07/09/2023,MMU,NJ,AEA,EN,Towers with Radar,0,24,40,0,64,0,0,4,0,4,0,24,44,0,68,81,0,81,149
07/10/2023,MMU,NJ,AEA,EN,Towers with Radar,0,38,59,0,97,0,0,67,0,67,0,38,126,0,164,175,0,175,339
07/11/2023,MMU,NJ,AEA,EN,Towers with Radar,0,26,49,2,77,0,0,140,0,140,0,26,189,2,217,222,0,222,439
07/12/2023,MMU,NJ,AEA,EN,Towers with Radar,0,10,22,0,32,0,1,132,1,134,0,11,154,1,166,103,0,103,269
07/13/2023,MMU,NJ,AEA,EN,Towers with Radar,0,17,13,0,30,0,0,114,0,114,0,17,127,0,144,145,0,145,289
07/14/2023,MMU,NJ,AEA,EN,Towers with Radar,0,7,14,0,21,0,0,66,0,66,0,7,80,0,87,172,0,172,259
07/15/2023,MMU,NJ,AEA,EN,Towers with Radar,0,10,21,0,31,0,1,45,0,46,0,11,66,0,77,201,0,201,278
07/16/2023,MMU,NJ,AEA,EN,Towers with Radar,0,7,12,0,19,0,0,1,0,1,0,7,13,0,20,6,0,6,26
07/17/2023,MMU,NJ,AEA,EN,Towers with Radar,0,12,26,0,38,0,0,86,0,86,0,12,112,0,124,265,0,265,389
07/18/2023,MMU,NJ,AEA,EN,Towers with Radar,0,5,18,0,23,0,0,62,0,62,0,5,80,0,85,264,0,264,349
07/19/2023,MMU,NJ,AEA,EN,Towers with Radar,0,10,16,0,26,0,1,68,0,69,0,11,84,0,95,288,0,288,383
07/20/2023,MMU,NJ,AEA,EN,Towers with Radar,0,19,27,0,46,0,0,142,0,142,0,19,169,0,188,207,0,207,395
07/21/2023,MMU,NJ,AEA,EN,Towers with Radar,0,11,9,0,20,0,0,61,0,61,0,11,70,0,81,109,0,109,190
07/22/2023,MMU,NJ,AEA,EN,Towers with Radar,0,22,8,0,30,0,0,148,2,150,0,22,156,2,180,224,0,224,404
07/23/2023,MMU,NJ,AEA,EN,Towers with Radar,0,11,22,0,33,0,0,110,0,110,0,11,132,0,143,242,0,242,385
07/24/2023,MMU,NJ,AEA,EN,Towers with Radar,0,8,10,0,18,0,0,94,0,94,0,8,104,0,112,98,0,98,210
07/25/2023,MMU,NJ,AEA,EN,Towers with Radar,0,9,15,0,24,0,0,62,0,62,0,9,77,0,86,189,0,189,275
07/26/2023,MMU,NJ,AEA,EN,Towers with Radar,0,12,16,0,28,0,0,96,0,96,0,12,112,0,124,232,0,232,356
07/27/2023,MMU,NJ,AEA,EN,Towers with Radar,0,20,30,0,50,0,0,56,0,56,0,20,86,0,106,38,0,38,144
07/28/2023,MMU,NJ,AEA,EN,Towers with Radar,0,11,19,0,30,0,0,130,0,130,0,11,149,0,160,229,0,229,389
07/29/2023,MMU,NJ,AEA,EN,Towers with Radar,0,4,8,0,12,0,0,60,0,60,0,4,68,0,72,199,0,199,271
07/30/2023,MMU,NJ,AEA,EN,Towers with Radar,0,9,15,0,24,0,0,126,0,126,0,9,141,0,150,136,0,136,286
07/31/2023,MMU,NJ,AEA,EN,Towers with Radar,1,14,17,0,32,0,0,101,0,101,1,14,118,0,133,66,0,66,199
08/01/2023,MMU,NJ,AEA,EN,Towers with Radar,0,8,9,0,17,0,0,112,0,112,0,8,121,0,129,6,0,6,135
08/02/2023,MMU,NJ,AEA,EN,Towers with Radar,0,16,14,0,30,0,0,104,0,104,0,16,118,0,134,64,0,64,198
08/03/2023,MMU,NJ,AEA,EN,Towers with Radar,0,13,14,0,27,0,0,88,0,88,0,13,102,0,115,98,0,98,213
08/04/2023,MMU,NJ,AEA,EN,Towers with Radar,0,12,12,0,24,0,0,36,0,36,0,12,48,0,60,175,0,175,235
08/05/2023,MMU,NJ,AEA,EN,Towers with Radar,0,9,9,0,18,0,0,109,0,109,0,9,118,0,127,256,0,256,383
08/06/2023,MMU,NJ,AEA,EN,Towers with Radar,0,14,13,0,27,0,0,99,0,99,0,14,112,0,126,161,0,161,287
08/07/2023,MMU,NJ,AEA,EN,Towers with Radar,0,12,26,0,38,0,0,6,0,6,0,12,32,0,44,34,0,34,78
08/08/2023,MMU,NJ,AEA,EN,Towers with Radar,0,26,35,0,61,0,1,21,0,22,0,27,56,0,83,24,0,24,107
08/09/2023,MMU,NJ,AEA,EN,Towers with Radar,0,28,43,0,71,0,0,113,0,113,0,28,156,0,184,128,0,128,312
08/10/2023,MMU,NJ,AEA,EN,Towers with Radar,0,35,36,0,71,0,1,51,0,52,0,36,87,0,123,167,0,167,290
08/11/2023,MMU,NJ,AEA,EN,Towers with Radar,0,49,34,0,83,0,1,147,0,148,0,50,181,0,231,208,0,208,439
08/12/2023,MMU,NJ,AEA,EN,Towers with Radar,0,25,23,0,48,0,0,88,0,88,0,25,111,0,136,206,0,206,342
08/13/2023,MMU,NJ,AEA,EN,Towers with Radar,1,50,52,0,103,0,3,109,0,112,1,53,161,0,215,159,0,159,374
08/14/2023,MMU,NJ,AEA,EN,Towers with Radar,0,34,34,0,68,0,0,87,0,87,0,34,121,0,155,184,0,184,339
08/15/2023,MMU,NJ,AEA,EN,Towers with Radar,0,32,48,0,80,0,0,14,0,14,0,32,62,0,94,79,0,79,173
08/16/2023,MMU,NJ,AEA,EN,Towers with Radar,0,37,55,0,92,0,0,64,0,64,0,37,119,0,156,107,0,107,263
08/17/2023,MMU,NJ,AEA,EN,Towers with Radar,0,45,69,0,114,0,0,55,0,55,0,45,124,0,169,104,0,104,273
08/18/2023,MMU,NJ,AEA,EN,Towers with Radar,0,33,36,0,69,0,0,106,0,106,0,33,142,0,175,101,0,101,276
08/19/2023,MMU,NJ,AEA,EN,Towers with Radar,0,25,20,0,45,0,0,110,0,110,0,25,130,0,155,117,0,117,272
08/20/2023,MMU,NJ,AEA,EN,Towers with Radar,0,30,34,0,64,0,1,132,0,133,0,31,166,0,197,131,0,131,328
08/21/2023,MMU,NJ,AEA,EN,Towers with Radar,1,31,33,1,66,0,0,110,0,110,1,31,143,1,176,208,0,208,384
08/22/2023,MMU,NJ,AEA,EN,Towers with Radar,0,39,24,0,63,0,0,108,0,108,0,39,132,0,171,241,0,241,412
08/23/2023,MMU,NJ,AEA,EN,Towers with Radar,0,34,50,2,86,0,0,114,0,114,0,34,164,2,200,174,0,174,374
08/24/2023,MMU,NJ,AEA,EN,Towers with Radar,0,29,58,0,87,0,0,80,0,80,0,29,138,0,167,224,0,224,391
08/25/2023,MMU,NJ,AEA,EN,Towers with Radar,0,31,37,0,68,0,0,15,0,15,0,31,52,0,83,73,0,73,156
08/26/2023,MMU,NJ,AEA,EN,Towers with Radar,0,36,32,0,68,0,0,88,0,88,0,36,120,0,156,137,0,137,293
08/27/2023,MMU,NJ,AEA,EN,Towers with Radar,0,46,29,0,75,0,1,115,0,116,0,47,144,0,191,156,0,156,347
08/28/2023,MMU,NJ,AEA,EN,Towers with Radar,0,37,53,0,90,0,0,47,0,47,0,37,100,0,137,246,0,246,383
08/29/2023,MMU,NJ,AEA,EN,Towers with Radar,0,39,40,0,79,0,0,25,0,25,0,39,65,0,104,195,0,195,299
08/30/2023,MMU,NJ,AEA,EN,Towers with Radar,0,39,43,0,82,0,0,82,0,82,0,39,125,0,164,105,0,105,269
08/31/2023,MMU,NJ,AEA,EN,Towers with Radar,0,35,37,0,72,0,0,124,0,124,0,35,161,0,196,110,0,110,306
