01/01/2000,MOB,AL,ASO,CE,Towers with Radar,9,8,12,1,30,22,7,14,0,43,31,15,26,1,73,10,0,10,83
01/02/2000,MOB,AL,ASO,CE,Towers with Radar,21,17,23,2,63,3,1,43,0,47,24,18,66,2,110,30,0,30,140
01/03/2000,MOB,AL,ASO,CE,Towers with Radar,26,19,28,69,142,1,0,1,12,14,27,19,29,81,156,4,56,60,216
01/04/2000,MOB,AL,ASO,CE,Towers with Radar,40,19,42,109,210,8,0,0,68,76,48,19,42,177,286,28,186,214,500
01/05/2000,MOB,AL,ASO,CE,Towers with Radar,32,23,40,96,191,0,0,58,7,65,32,23,98,103,256,82,196,278,534
01/06/2000,MOB,AL,ASO,CE,Towers with Radar,35,21,39,94,189,5,0,57,30,92,40,21,96,124,281,20,142,162,443
01/07/2000,MOB,AL,ASO,CE,Towers with Radar,25,21,44,105,195,0,0,40,28,68,25,21,84,133,263,46,102,148,411
01/08/2000,MOB,AL,ASO,CE,Towers with Radar,19,16,23,26,84,9,5,80,0,94,28,21,103,26,178,56,34,90,268
01/09/2000,MOB,AL,ASO,CE,Towers with Radar,16,12,19,1,48,12,7,15,0,34,28,19,34,1,82,0,0,0,82
01/10/2000,MOB,AL,ASO,CE,Towers with Radar,23,17,27,65,132,5,5,39,25,74,28,22,66,90,206,50,60,110,316
01/11/2000,MOB,AL,ASO,CE,Towers with Radar,30,26,43,107,206,0,0,27,85,112,30,26,70,192,318,92,258,350,668
01/12/2000,MOB,AL,ASO,CE,Towers with Radar,29,18,32,79,158,0,0,47,54,101,29,18,79,133,259,62,126,188,447
01/13/2000,MOB,AL,ASO,CE,Towers with Radar,27,24,35,87,173,0,1,57,34,92,27,25,92,121,265,14,138,152,417
01/14/2000,MOB,AL,ASO,CE,Towers with Radar,35,22,43,107,207,0,0,63,38,101,35,22,106,145,308,66,184,250,558
01/15/2000,MOB,AL,ASO,CE,Towers with Radar,18,13,20,14,65,12,9,93,0,114,30,22,113,14,179,50,2,52,231
01/16/2000,MOB,AL,ASO,CE,Towers with Radar,15,11,16,2,44,11,11,78,0,100,26,22,94,2,144,134,0,134,278
01/17/2000,MOB,AL,ASO,CE,Towers with Radar,18,13,19,6,56,8,8,21,0,37,26,21,40,6,93,40,46,86,179
01/18/2000,MOB,AL,ASO,CE,Towers with Radar,27,22,38,94,181,0,0,23,25,48,27,22,61,119,229,60,164,224,453
01/19/2000,MOB,AL,ASO,CE,Towers with Radar,29,28,45,85,187,0,0,33,0,33,29,28,78,85,220,48,184,232,452
01/20/2000,MOB,AL,ASO,CE,Towers with Radar,30,20,39,95,184,0,0,63,54,117,30,20,102,149,301,16,132,148,449
01/21/2000,MOB,AL,ASO,CE,Towers with Radar,28,21,50,123,222,0,0,61,42,103,28,21,111,165,325,82,188,270,595
01/22/2000,MOB,AL,ASO,CE,Towers with Radar,17,13,19,20,69,4,8,54,0,66,21,21,73,20,135,186,6,192,327
01/23/2000,MOB,AL,ASO,CE,Towers with Radar,18,13,21,31,83,5,6,15,0,26,23,19,36,31,109,32,10,42,151
01/24/2000,MOB,AL,ASO,CE,Towers with Radar,24,25,41,100,190,0,0,0,37,37,24,25,41,137,227,6,142,148,375
01/25/2000,MOB,AL,ASO,CE,Towers with Radar,38,24,42,101,205,4,0,60,48,112,42,24,102,149,317,42,192,234,551
01/26/2000,MOB,AL,ASO,CE,Towers with Radar,25,24,48,114,211,0,0,33,116,149,25,24,81,230,360,42,234,276,636
01/27/2000,MOB,AL,ASO,CE,Towers with Radar,25,19,38,90,172,0,0,25,76,101,25,19,63,166,273,36,128,164,437
01/28/2000,MOB,AL,ASO,CE,Towers with Radar,16,12,15,31,74,1,11,0,0,12,17,23,15,31,86,4,34,38,124
01/29/2000,MOB,AL,ASO,CE,Towers with Radar,9,6,10,0,25,5,12,12,0,29,14,18,22,0,54,0,0,0,54
01/30/2000,MOB,AL,ASO,CE,Towers with Radar,15,12,17,4,48,1,10,33,0,44,16,22,50,4,92,6,0,6,98
01/31/2000,MOB,AL,ASO,CE,Towers with Radar,31,17,38,90,176,0,0,13,119,132,31,17,51,209,308,46,238,284,592
02/01/2000,MOB,AL,ASO,CE,Towers with Radar,29,20,44,114,207,2,0,58,26,86,31,20,102,140,293,56,192,248,541
02/02/2000,MOB,AL,ASO,CE,Towers with Radar,29,22,40,107,198,0,0,15,38,53,29,22,55,145,251,2,298,300,551
02/03/2000,MOB,AL,ASO,CE,Towers with Radar,26,22,42,112,202,0,0,90,126,216,26,22,132,238,418,46,146,192,610
02/04/2000,MOB,AL,ASO,CE,Towers with Radar,27,19,45,121,212,0,0,53,51,104,27,19,98,172,316,16,98,114,430
02/05/2000,MOB,AL,ASO,CE,Towers with Radar,18,14,24,15,71,8,6,111,0,125,26,20,135,15,196,64,116,180,376
02/06/2000,MOB,AL,ASO,CE,Towers with Radar,14,11,18,24,67,11,10,92,0,113,25,21,110,24,180,84,0,84,264
02/07/2000,MOB,AL,ASO,CE,Towers with Radar,30,22,47,126,225,0,0,45,56,101,30,22,92,182,326,28,298,326,652
02/08/2000,MOB,AL,ASO,CE,Towers with Radar,28,27,54,144,253,0,0,32,43,75,28,27,86,187,328,40,348,388,716
02/09/2000,MOB,AL,ASO,CE,Towers with Radar,22,25,47,127,221,0,0,70,54,124,22,25,117,181,345,104,234,338,683
02/10/2000,MOB,AL,ASO,CE,Towers with Radar,25,26,44,118,213,0,1,50,37,88,25,27,94,155,301,52,144,196,497
02/11/2000,MOB,AL,ASO,CE,Towers with Radar,29,21,46,124,220,0,0,27,35,62,29,21,73,159,282,86,196,282,564
02/12/2000,MOB,AL,ASO,CE,Towers with Radar,14,10,18,2,44,10,9,24,0,43,24,19,42,2,87,118,0,118,205
02/13/2000,MOB,AL,ASO,CE,Towers with Radar,14,11,18,5,48,8,11,3,0,22,22,22,21,5,70,70,4,74,144
02/14/2000,MOB,AL,ASO,CE,Towers with Radar,31,22,46,123,222,0,0,48,18,66,31,22,94,141,288,52,230,282,570
02/15/2000,MOB,AL,ASO,CE,Towers with Radar,25,20,43,115,203,0,0,55,21,76,25,20,98,136,279,68,352,420,699
02/16/2000,MOB,AL,ASO,CE,Towers with Radar,23,30,60,160,273,0,0,50,42,92,23,30,110,202,365,56,224,280,645
02/17/2000,MOB,AL,ASO,CE,Towers with Radar,22,17,30,19,88,2,6,13,0,21,24,23,43,19,109,38,0,38,147
02/18/2000,MOB,AL,ASO,CE,Towers with Radar,32,26,46,112,216,1,2,13,0,16,33,28,59,112,232,46,178,224,456
02/19/2000,MOB,AL,ASO,CE,Towers with Radar,15,12,22,9,58,11,8,68,0,87,26,20,90,9,145,176,6,182,327
02/20/2000,MOB,AL,ASO,CE,Towers with Radar,14,11,21,10,56,15,8,84,0,107,29,19,105,10,163,94,14,108,271
02/21/2000,MOB,AL,ASO,CE,Towers with Radar,18,14,25,26,83,13,4,68,0,85,31,18,93,26,168,44,22,66,234
02/22/2000,MOB,AL,ASO,CE,Towers with Radar,28,28,50,130,236,0,2,47,44,93,28,30,97,174,329,76,210,286,615
02/23/2000,MOB,AL,ASO,CE,Towers with Radar,30,24,62,162,278,0,0,21,18,39,30,24,83,180,317,20,188,208,525
02/24/2000,MOB,AL,ASO,CE,Towers with Radar,26,25,54,141,246,0,0,23,70,93,26,25,77,211,339,52,244,296,635
02/25/2000,MOB,AL,ASO,CE,Towers with Radar,22,22,39,103,186,0,4,6,33,43,22,26,45,136,229,30,268,298,527
02/26/2000,MOB,AL,ASO,CE,Towers with Radar,13,11,20,19,63,30,8,19,0,57,43,19,39,19,120,34,26,60,180
02/27/2000,MOB,AL,ASO,CE,Towers with Radar,15,11,21,23,70,11,17,57,0,85,26,28,78,23,155,126,8,134,289
02/28/2000,MOB,AL,ASO,CE,Towers with Radar,30,21,47,123,221,0,0,42,30,72,30,21,89,153,293,76,312,388,681
02/29/2000,MOB,AL,ASO,CE,Towers with Radar,31,19,53,139,242,0,0,12,104,116,31,19,65,243,358,94,246,340,698
03/01/2000,MOB,AL,ASO,CE,Towers with Radar,26,25,38,13,102,0,0,14,0,14,26,25,52,13,116,20,108,128,244
03/02/2000,MOB,AL,ASO,CE,Towers with Radar,24,22,39,103,188,0,0,31,88,119,24,22,70,191,307,116,220,336,643
03/03/2000,MOB,AL,ASO,CE,Towers with Radar,21,23,32,25,101,0,2,31,0,33,21,25,63,25,134,6,60,66,200
03/04/2000,MOB,AL,ASO,CE,Towers with Radar,13,11,16,4,44,14,13,72,0,99,27,24,88,4,143,120,18,138,281
03/05/2000,MOB,AL,ASO,CE,Towers with Radar,18,14,22,14,68,10,8,84,0,102,28,22,106,14,170,172,22,194,364
03/06/2000,MOB,AL,ASO,CE,Towers with Radar,32,21,49,128,230,0,0,42,67,109,32,21,91,195,339,54,198,252,591
03/07/2000,MOB,AL,ASO,CE,Towers with Radar,24,23,37,99,183,0,0,60,20,80,24,23,97,119,263,20,218,238,501
03/08/2000,MOB,AL,ASO,CE,Towers with Radar,26,24,45,119,214,0,0,27,64,91,26,24,72,183,305,50,260,310,615
03/09/2000,MOB,AL,ASO,CE,Towers with Radar,43,18,48,122,231,2,0,17,0,19,45,18,65,122,250,58,182,240,490
03/10/2000,MOB,AL,ASO,CE,Towers with Radar,37,20,42,113,212,25,0,4,8,37,62,20,46,121,249,90,174,264,513
03/11/2000,MOB,AL,ASO,CE,Towers with Radar,15,13,17,5,50,10,10,36,0,56,25,23,53,5,106,68,10,78,184
03/12/2000,MOB,AL,ASO,CE,Towers with Radar,20,16,22,26,84,10,7,125,0,142,30,23,147,26,226,172,20,192,418
03/13/2000,MOB,AL,ASO,CE,Towers with Radar,33,20,39,104,196,0,0,40,66,106,33,20,79,170,302,54,162,216,518
03/14/2000,MOB,AL,ASO,CE,Towers with Radar,27,23,34,92,176,0,0,39,35,74,27,23,73,127,250,16,172,188,438
03/15/2000,MOB,AL,ASO,CE,Towers with Radar,26,20,29,63,138,0,0,17,0,17,26,20,46,63,155,6,38,44,199
03/16/2000,MOB,AL,ASO,CE,Towers with Radar,25,20,29,77,151,1,2,28,10,41,26,22,57,87,192,28,116,144,336
03/17/2000,MOB,AL,ASO,CE,Towers with Radar,27,22,31,12,92,0,0,41,0,41,27,22,72,12,133,60,184,244,377
03/18/2000,MOB,AL,ASO,CE,Towers with Radar,13,9,13,6,41,9,11,17,0,37,22,20,30,6,78,62,0,62,140
03/19/2000,MOB,AL,ASO,CE,Towers with Radar,14,11,15,0,40,8,13,19,0,40,22,24,34,0,80,0,0,0,80
03/20/2000,MOB,AL,ASO,CE,Towers with Radar,25,24,35,91,175,0,0,63,16,79,25,24,98,107,254,114,192,306,560
03/21/2000,MOB,AL,ASO,CE,Towers with Radar,31,19,43,112,205,0,0,26,106,132,31,19,69,218,337,66,272,338,675
03/22/2000,MOB,AL,ASO,CE,Towers with Radar,28,23,43,112,206,0,0,74,56,130,28,23,117,168,336,20,186,206,542
03/23/2000,MOB,AL,ASO,CE,Towers with Radar,24,25,42,109,200,0,0,40,33,73,24,25,82,142,273,46,214,260,533
03/24/2000,MOB,AL,ASO,CE,Towers with Radar,29,19,43,104,195,0,0,42,0,42,29,19,85,104,237,48,148,196,433
03/25/2000,MOB,AL,ASO,CE,Towers with Radar,19,15,22,7,63,13,2,66,0,81,32,17,88,7,144,152,32,184,328
03/26/2000,MOB,AL,ASO,CE,Towers with Radar,17,14,21,11,63,16,4,17,0,37,33,18,38,11,100,96,0,96,196
03/27/2000,MOB,AL,ASO,CE,Towers with Radar,33,18,40,103,194,0,0,32,25,57,33,18,72,128,251,16,212,228,479
03/28/2000,MOB,AL,ASO,CE,Towers with Radar,30,21,40,102,193,0,0,58,101,159,30,21,98,203,352,78,250,328,680
03/29/2000,MOB,AL,ASO,CE,Towers with Radar,26,21,31,74,152,4,4,22,0,30,30,25,53,74,182,24,110,134,316
03/30/2000,MOB,AL,ASO,CE,Towers with Radar,25,22,42,108,197,0,0,5,46,51,25,22,47,154,248,74,176,250,498
03/31/2000,MOB,AL,ASO,CE,Towers with Radar,29,15,40,102,186,0,0,14,0,14,29,15,54,102,200,116,190,306,506
04/01/2000,MOB,AL,ASO,CE,Towers with Radar,17,13,20,23,73,10,10,25,0,45,27,23,45,23,118,60,0,60,178
04/02/2000,MOB,AL,ASO,CE,Towers with Radar,20,15,23,12,70,10,6,14,0,30,30,21,37,12,100,26,4,30,130
04/03/2000,MOB,AL,ASO,CE,Towers with Radar,16,13,13,29,71,3,3,0,0,6,19,16,13,29,77,0,98,98,175
04/04/2000,MOB,AL,ASO,CE,Towers with Radar,23,18,40,92,173,0,0,40,50,90,23,18,80,142,263,12,214,226,489
04/05/2000,MOB,AL,ASO,CE,Towers with Radar,31,25,39,92,187,0,0,58,84,142,31,25,97,176,329,58,300,358,687
04/06/2000,MOB,AL,ASO,CE,Towers with Radar,28,21,35,82,166,0,0,57,8,65,28,21,92,90,231,20,68,88,319
04/07/2000,MOB,AL,ASO,CE,Towers with Radar,23,18,33,77,151,0,0,93,0,93,23,18,126,77,244,42,48,90,334
04/08/2000,MOB,AL,ASO,CE,Towers with Radar,16,11,17,4,48,10,11,42,0,63,26,22,59,4,111,34,0,34,145
04/09/2000,MOB,AL,ASO,CE,Towers with Radar,20,14,22,23,79,5,10,134,0,149,25,24,156,23,228,88,2,90,318
04/10/2000,MOB,AL,ASO,CE,Towers with Radar,29,22,45,105,201,0,0,29,91,120,29,22,74,196,321,32,236,268,589
04/11/2000,MOB,AL,ASO,CE,Towers with Radar,24,16,47,109,196,0,0,63,98,161,24,16,110,207,357,88,278,366,723
04/12/2000,MOB,AL,ASO,CE,Towers with Radar,32,17,36,86,171,0,0,33,47,80,32,17,69,133,251,46,184,230,481
04/13/2000,MOB,AL,ASO,CE,Towers with Radar,34,15,36,84,169,1,0,25,0,26,35,15,61,84,195,10,48,58,253
04/14/2000,MOB,AL,ASO,CE,Towers with Radar,24,16,26,45,111,2,2,8,0,12,26,18,34,45,123,10,30,40,163
04/15/2000,MOB,AL,ASO,CE,Towers with Radar,17,11,18,15,61,9,6,57,0,72,26,17,75,15,133,36,0,36,169
04/16/2000,MOB,AL,ASO,CE,Towers with Radar,21,14,22,10,67,8,4,102,0,114,29,18,124,10,181,116,12,128,309
04/17/2000,MOB,AL,ASO,CE,Towers with Radar,33,18,37,87,175,0,0,30,91,121,33,18,67,178,296,6,236,242,538
04/18/2000,MOB,AL,ASO,CE,Towers with Radar,29,17,40,93,179,0,0,79,67,146,29,17,119,160,325,80,140,220,545
04/19/2000,MOB,AL,ASO,CE,Towers with Radar,34,27,43,97,201,0,2,37,55,94,34,29,80,152,295,98,110,208,503
04/20/2000,MOB,AL,ASO,CE,Towers with Radar,27,19,40,90,176,0,0,40,94,134,27,19,80,184,310,52,66,118,428
04/21/2000,MOB,AL,ASO,CE,Towers with Radar,29,19,41,37,126,0,0,45,0,45,29,19,86,37,171,48,86,134,305
04/22/2000,MOB,AL,ASO,CE,Towers with Radar,15,10,17,4,46,15,4,57,0,76,30,14,74,4,122,170,0,170,292
04/23/2000,MOB,AL,ASO,CE,Towers with Radar,19,12,21,2,54,7,13,32,0,52,26,25,53,2,106,126,6,132,238
04/24/2000,MOB,AL,ASO,CE,Towers with Radar,27,19,31,70,147,6,1,23,41,71,33,20,54,111,218,46,68,114,332
04/25/2000,MOB,AL,ASO,CE,Towers with Radar,28,21,40,90,179,0,0,38,64,102,28,21,78,154,281,30,136,166,447
04/26/2000,MOB,AL,ASO,CE,Towers with Radar,30,21,35,78,164,1,0,40,70,111,31,21,75,148,275,18,108,126,401
04/27/2000,MOB,AL,ASO,CE,Towers with Radar,23,23,40,90,176,0,0,52,50,102,23,23,92,140,278,70,194,264,542
04/28/2000,MOB,AL,ASO,CE,Towers with Radar,32,21,44,99,196,0,0,24,27,51,32,21,68,126,247,40,188,228,475
04/29/2000,MOB,AL,ASO,CE,Towers with Radar,14,10,16,9,49,24,12,75,0,111,38,22,91,9,160,80,18,98,258
04/30/2000,MOB,AL,ASO,CE,Towers with Radar,19,14,21,24,78,9,7,49,0,65,28,21,70,24,143,44,2,46,189
05/01/2000,MOB,AL,ASO,CE,Towers with Radar,30,24,41,111,206,0,0,5,65,70,30,24,46,176,276,78,154,232,508
05/02/2000,MOB,AL,ASO,CE,Towers with Radar,32,18,38,104,192,0,0,28,35,63,32,18,66,139,255,52,154,206,461
05/03/2000,MOB,AL,ASO,CE,Towers with Radar,26,23,37,103,189,0,1,14,36,51,26,24,51,139,240,34,172,206,446
05/04/2000,MOB,AL,ASO,CE,Towers with Radar,22,24,42,120,208,0,0,28,33,61,22,24,70,153,269,84,270,354,623
05/05/2000,MOB,AL,ASO,CE,Towers with Radar,26,16,32,60,134,0,0,30,0,30,26,16,62,60,164,56,224,280,444
05/06/2000,MOB,AL,ASO,CE,Towers with Radar,20,15,22,36,93,14,6,34,0,54,34,21,56,36,147,90,54,144,291
05/07/2000,MOB,AL,ASO,CE,Towers with Radar,24,16,26,37,103,7,6,77,0,90,31,22,103,37,193,96,14,110,303
05/08/2000,MOB,AL,ASO,CE,Towers with Radar,28,23,38,107,196,0,0,16,21,37,28,23,54,128,233,32,238,270,503
05/09/2000,MOB,AL,ASO,CE,Towers with Radar,30,15,40,113,198,0,0,20,53,73,30,15,60,166,271,24,300,324,595
05/10/2000,MOB,AL,ASO,CE,Towers with Radar,26,20,34,96,176,0,0,51,9,60,26,20,85,105,236,78,134,212,448
05/11/2000,MOB,AL,ASO,CE,Towers with Radar,28,22,43,121,214,0,0,19,24,43,28,22,62,145,257,122,204,326,583
05/12/2000,MOB,AL,ASO,CE,Towers with Radar,29,15,41,116,201,0,0,32,12,44,29,15,73,128,245,36,186,222,467
05/13/2000,MOB,AL,ASO,CE,Towers with Radar,12,8,13,3,36,13,11,21,0,45,25,19,34,3,81,48,0,48,129
05/14/2000,MOB,AL,ASO,CE,Towers with Radar,16,10,17,18,61,17,12,72,0,101,33,22,89,18,162,60,0,60,222
05/15/2000,MOB,AL,ASO,CE,Towers with Radar,32,21,37,104,194,1,0,21,29,51,33,21,58,133,245,86,164,250,495
05/16/2000,MOB,AL,ASO,CE,Towers with Radar,28,16,37,105,186,0,0,36,48,84,28,16,73,153,270,8,210,218,488
05/17/2000,MOB,AL,ASO,CE,Towers with Radar,23,21,35,101,180,0,0,28,54,82,23,21,63,155,262,24,164,188,450
05/18/2000,MOB,AL,ASO,CE,Towers with Radar,24,24,45,127,220,0,0,48,4,52,24,24,93,131,272,18,180,198,470
05/19/2000,MOB,AL,ASO,CE,Towers with Radar,29,19,33,94,175,0,4,30,2,36,29,23,63,96,211,32,52,84,295
05/20/2000,MOB,AL,ASO,CE,Towers with Radar,15,10,17,22,64,6,10,31,0,47,21,20,48,22,111,100,38,138,249
05/21/2000,MOB,AL,ASO,CE,Towers with Radar,16,10,19,14,59,15,11,19,0,45,31,21,38,14,104,28,14,42,146
05/22/2000,MOB,AL,ASO,CE,Towers with Radar,32,16,41,112,201,0,0,2,33,35,32,16,43,145,236,56,252,308,544
05/23/2000,MOB,AL,ASO,CE,Towers with Radar,29,17,34,92,172,0,0,41,24,65,29,17,75,116,237,98,128,226,463
05/24/2000,MOB,AL,ASO,CE,Towers with Radar,26,18,41,114,199,0,0,42,45,87,26,18,83,159,286,4,180,184,470
05/25/2000,MOB,AL,ASO,CE,Towers with Radar,36,14,42,114,206,4,0,33,22,59,40,14,75,136,265,20,240,260,525
05/26/2000,MOB,AL,ASO,CE,Towers with Radar,27,20,35,39,121,0,2,18,0,20,27,22,53,39,141,34,66,100,241
05/27/2000,MOB,AL,ASO,CE,Towers with Radar,14,9,16,5,44,9,12,35,0,56,23,21,51,5,100,22,16,38,138
05/28/2000,MOB,AL,ASO,CE,Towers with Radar,12,8,14,13,47,19,3,26,0,48,31,11,40,13,95,4,12,16,111
05/29/2000,MOB,AL,ASO,CE,Towers with Radar,16,11,18,5,50,12,6,82,0,100,28,17,100,5,150,18,0,18,168
05/30/2000,MOB,AL,ASO,CE,Towers with Radar,29,18,36,100,183,0,0,31,68,99,29,18,67,168,282,6,210,216,498
05/31/2000,MOB,AL,ASO,CE,Towers with Radar,27,17,36,98,178,0,0,25,55,80,27,17,61,153,258,64,172,236,494
06/01/2000,MOB,AL,ASO,CE,Towers with Radar,32,20,45,115,212,0,0,41,47,88,32,20,86,162,300,24,108,132,432
06/02/2000,MOB,AL,ASO,CE,Towers with Radar,28,25,39,76,168,0,0,48,0,48,28,25,87,76,216,116,132,248,464
06/03/2000,MOB,AL,ASO,CE,Towers with Radar,20,16,23,25,84,8,6,53,0,67,28,22,76,25,151,86,26,112,263
06/04/2000,MOB,AL,ASO,CE,Towers with Radar,17,14,20,14,65,15,6,39,0,60,32,20,59,14,125,18,8,26,151
06/05/2000,MOB,AL,ASO,CE,Towers with Radar,19,17,23,58,117,9,3,22,0,34,28,20,45,58,151,2,62,64,215
06/06/2000,MOB,AL,ASO,CE,Towers with Radar,24,17,26,54,121,5,0,39,0,44,29,17,65,54,165,44,56,100,265
06/07/2000,MOB,AL,ASO,CE,Towers with Radar,41,28,67,174,310,0,0,39,53,92,41,28,106,227,402,86,262,348,750
06/08/2000,MOB,AL,ASO,CE,Towers with Radar,28,23,43,111,205,0,0,64,58,122,28,23,107,169,327,86,220,306,633
06/09/2000,MOB,AL,ASO,CE,Towers with Radar,28,19,37,62,146,0,0,25,0,25,28,19,62,62,171,34,72,106,277
06/10/2000,MOB,AL,ASO,CE,Towers with Radar,13,9,13,6,41,13,14,37,0,64,26,23,50,6,105,34,0,34,139
06/11/2000,MOB,AL,ASO,CE,Towers with Radar,15,11,16,5,47,11,12,56,0,79,26,23,72,5,126,84,8,92,218
06/12/2000,MOB,AL,ASO,CE,Towers with Radar,25,19,34,88,166,0,0,5,42,47,25,19,39,130,213,2,112,114,327
06/13/2000,MOB,AL,ASO,CE,Towers with Radar,27,25,37,99,188,0,0,8,77,85,27,25,45,176,273,14,130,144,417
06/14/2000,MOB,AL,ASO,CE,Towers with Radar,23,22,37,97,179,0,0,28,24,52,23,22,65,121,231,78,154,232,463
06/15/2000,MOB,AL,ASO,CE,Towers with Radar,24,18,25,45,112,4,7,11,0,22,28,25,36,45,134,32,36,68,202
06/16/2000,MOB,AL,ASO,CE,Towers with Radar,24,19,27,51,121,5,4,11,0,20,29,23,38,51,141,24,116,140,281
06/17/2000,MOB,AL,ASO,CE,Towers with Radar,12,9,12,0,33,14,10,16,0,40,26,19,28,0,73,42,0,42,115
06/18/2000,MOB,AL,ASO,CE,Towers with Radar,17,13,18,5,53,9,10,46,0,65,26,23,64,5,118,8,0,8,126
06/19/2000,MOB,AL,ASO,CE,Towers with Radar,29,19,35,89,172,0,0,39,49,88,29,19,74,138,260,32,226,258,518
06/20/2000,MOB,AL,ASO,CE,Towers with Radar,29,19,41,102,191,0,0,33,79,112,29,19,74,181,303,80,242,322,625
06/21/2000,MOB,AL,ASO,CE,Towers with Radar,28,26,45,113,212,0,0,21,93,114,28,26,66,206,326,56,294,350,676
06/22/2000,MOB,AL,ASO,CE,Towers with Radar,26,25,40,100,191,0,0,33,35,68,26,25,73,135,259,54,92,146,405
06/23/2000,MOB,AL,ASO,CE,Towers with Radar,25,24,34,63,146,0,0,35,0,35,25,24,69,63,181,76,52,128,309
06/24/2000,MOB,AL,ASO,CE,Towers with Radar,16,12,17,5,50,15,7,57,0,79,31,19,74,5,129,104,0,104,233
06/25/2000,MOB,AL,ASO,CE,Towers with Radar,17,12,18,3,50,11,11,48,0,70,28,23,66,3,120,52,0,52,172
06/26/2000,MOB,AL,ASO,CE,Towers with Radar,20,16,22,46,104,9,9,13,0,31,29,25,35,46,135,8,26,34,169
06/27/2000,MOB,AL,ASO,CE,Towers with Radar,23,23,36,91,173,0,0,10,44,54,23,23,46,135,227,116,104,220,447
06/28/2000,MOB,AL,ASO,CE,Towers with Radar,29,23,32,83,167,0,0,21,45,66,29,23,53,128,233,32,190,222,455
06/29/2000,MOB,AL,ASO,CE,Towers with Radar,27,21,30,63,141,2,2,41,0,45,29,23,71,63,186,30,154,184,370
06/30/2000,MOB,AL,ASO,CE,Towers with Radar,34,26,39,42,141,0,0,55,0,55,34,26,94,42,196,34,100,134,330
07/01/2000,MOB,AL,ASO,CE,Towers with Radar,15,13,14,12,54,14,8,60,0,82,29,21,74,12,136,62,4,66,202
07/02/2000,MOB,AL,ASO,CE,Towers with Radar,11,11,11,2,35,11,15,62,0,88,22,26,73,2,123,58,0,58,181
07/03/2000,MOB,AL,ASO,CE,Towers with Radar,16,14,16,45,91,4,0,23,0,27,20,14,39,45,118,26,102,128,246
07/04/2000,MOB,AL,ASO,CE,Towers with Radar,8,8,7,2,25,12,9,47,0,68,20,17,54,2,93,12,0,12,105
07/05/2000,MOB,AL,ASO,CE,Towers with Radar,27,23,35,96,181,0,0,31,30,61,27,23,66,126,242,20,176,196,438
07/06/2000,MOB,AL,ASO,CE,Towers with Radar,31,25,40,109,205,0,0,11,50,61,31,25,51,159,266,48,254,302,568
07/07/2000,MOB,AL,ASO,CE,Towers with Radar,33,18,35,97,183,0,0,20,15,35,33,18,55,112,218,44,194,238,456
07/08/2000,MOB,AL,ASO,CE,Towers with Radar,14,14,14,20,62,13,7,39,0,59,27,21,53,20,121,80,20,100,221
07/09/2000,MOB,AL,ASO,CE,Towers with Radar,17,17,17,16,67,11,9,52,0,72,28,26,69,16,139,44,4,48,187
07/10/2000,MOB,AL,ASO,CE,Towers with Radar,26,18,27,76,147,0,0,18,47,65,26,18,45,123,212,22,92,114,326
07/11/2000,MOB,AL,ASO,CE,Towers with Radar,27,20,28,78,153,0,0,24,32,56,27,20,52,110,209,18,116,134,343
07/12/2000,MOB,AL,ASO,CE,Towers with Radar,21,30,33,93,177,0,0,26,54,80,21,30,59,147,257,40,134,174,431
07/13/2000,MOB,AL,ASO,CE,Towers with Radar,24,26,29,81,160,0,9,25,40,74,24,35,54,121,234,30,108,138,372
07/14/2000,MOB,AL,ASO,CE,Towers with Radar,27,20,29,65,141,0,0,42,0,42,27,20,71,65,183,12,134,146,329
07/15/2000,MOB,AL,ASO,CE,Towers with Radar,16,15,18,25,74,9,12,61,0,82,25,27,79,25,156,70,44,114,270
07/16/2000,MOB,AL,ASO,CE,Towers with Radar,18,15,17,16,66,3,11,59,0,73,21,26,76,16,139,34,10,44,183
07/17/2000,MOB,AL,ASO,CE,Towers with Radar,28,20,26,72,146,8,0,30,1,39,36,20,56,73,185,60,24,84,269
07/18/2000,MOB,AL,ASO,CE,Towers with Radar,27,25,36,100,188,0,0,12,85,97,27,25,48,185,285,16,206,222,507
07/19/2000,MOB,AL,ASO,CE,Towers with Radar,27,23,28,79,157,0,3,30,16,49,27,26,58,95,206,44,82,126,332
07/20/2000,MOB,AL,ASO,CE,Towers with Radar,25,24,35,97,181,0,0,37,75,112,25,24,72,172,293,50,290,340,633
07/21/2000,MOB,AL,ASO,CE,Towers with Radar,29,19,27,51,126,2,0,33,0,35,31,19,60,51,161,40,100,140,301
07/22/2000,MOB,AL,ASO,CE,Towers with Radar,17,12,17,17,63,10,7,54,0,71,27,19,71,17,134,94,2,96,230
07/23/2000,MOB,AL,ASO,CE,Towers with Radar,16,12,15,5,48,9,8,50,0,67,25,20,65,5,115,46,12,58,173
07/24/2000,MOB,AL,ASO,CE,Towers with Radar,36,10,34,91,171,2,0,7,71,80,38,10,41,162,251,8,248,256,507
07/25/2000,MOB,AL,ASO,CE,Towers with Radar,30,23,33,90,176,0,0,21,59,80,30,23,54,149,256,80,252,332,588
07/26/2000,MOB,AL,ASO,CE,Towers with Radar,25,31,38,104,198,0,0,21,41,62,25,31,59,145,260,36,164,200,460
07/27/2000,MOB,AL,ASO,CE,Towers with Radar,28,24,37,99,188,0,0,47,37,84,28,24,84,136,272,32,174,206,478
07/28/2000,MOB,AL,ASO,CE,Towers with Radar,28,23,33,88,172,0,0,16,22,38,28,23,49,110,210,74,158,232,442
07/29/2000,MOB,AL,ASO,CE,Towers with Radar,20,14,19,16,69,2,12,66,0,80,22,26,85,16,149,38,36,74,223
07/30/2000,MOB,AL,ASO,CE,Towers with Radar,30,18,25,2,75,0,0,20,2,22,30,18,45,4,97,50,0,50,147
07/31/2000,MOB,AL,ASO,CE,Towers with Radar,29,20,27,74,150,2,0,20,17,39,31,20,47,91,189,50,86,136,325
08/01/2000,MOB,AL,ASO,CE,Towers with Radar,26,16,31,65,138,0,0,2,47,49,26,16,33,112,187,0,40,40,227
08/02/2000,MOB,AL,ASO,CE,Towers with Radar,32,22,26,55,135,10,38,45,105,198,42,60,71,160,333,17,0,17,350
08/03/2000,MOB,AL,ASO,CE,Towers with Radar,33,23,27,57,140,12,36,78,110,236,45,59,105,167,376,12,0,12,388
08/04/2000,MOB,AL,ASO,CE,Towers with Radar,27,18,21,46,112,14,83,95,177,369,41,101,116,223,481,35,0,35,516
08/05/2000,MOB,AL,ASO,CE,Towers with Radar,13,10,10,23,56,28,58,47,55,188,41,68,57,78,244,28,0,28,272
08/06/2000,MOB,AL,ASO,CE,Towers with Radar,18,13,15,30,76,28,52,43,54,177,46,65,58,84,253,35,0,35,288
08/07/2000,MOB,AL,ASO,CE,Towers with Radar,26,18,22,44,110,14,32,79,124,249,40,50,101,168,359,13,0,13,372
08/08/2000,MOB,AL,ASO,CE,Towers with Radar,33,23,28,56,140,10,48,90,124,272,43,71,118,180,412,34,0,34,446
08/09/2000,MOB,AL,ASO,CE,Towers with Radar,32,22,27,53,134,2,40,104,108,254,34,62,131,161,388,26,0,26,414
08/10/2000,MOB,AL,ASO,CE,Towers with Radar,26,17,22,43,108,19,34,92,116,261,45,51,114,159,369,30,0,30,399
08/11/2000,MOB,AL,ASO,CE,Towers with Radar,41,29,34,70,174,7,49,81,105,242,48,78,115,175,416,52,0,52,468
08/12/2000,MOB,AL,ASO,CE,Towers with Radar,20,15,17,34,86,12,48,43,32,135,32,63,60,66,221,34,0,34,255
08/13/2000,MOB,AL,ASO,CE,Towers with Radar,15,11,13,26,65,21,45,42,43,151,36,56,55,69,216,40,0,40,256
08/14/2000,MOB,AL,ASO,CE,Towers with Radar,36,25,30,61,152,7,36,64,108,215,43,61,94,169,367,33,0,33,400
08/15/2000,MOB,AL,ASO,CE,Towers with Radar,36,25,30,60,151,3,32,72,114,221,39,57,102,174,372,30,0,30,402
08/16/2000,MOB,AL,ASO,CE,Towers with Radar,36,23,29,58,146,5,19,77,129,230,41,42,106,187,376,20,0,20,396
08/17/2000,MOB,AL,ASO,CE,Towers with Radar,43,27,35,70,175,3,32,72,173,280,46,59,107,243,455,24,0,24,479
08/18/2000,MOB,AL,ASO,CE,Towers with Radar,31,20,25,51,127,16,56,71,132,275,47,76,96,183,402,31,0,31,433
08/19/2000,MOB,AL,ASO,CE,Towers with Radar,17,11,14,28,70,20,32,18,27,97,37,43,32,55,167,20,0,20,187
08/20/2000,MOB,AL,ASO,CE,Towers with Radar,11,7,9,17,44,29,68,32,73,202,40,75,41,90,246,22,0,22,268
08/21/2000,MOB,AL,ASO,CE,Towers with Radar,31,20,25,50,126,8,39,64,122,233,39,59,89,172,359,22,0,22,381
08/22/2000,MOB,AL,ASO,CE,Towers with Radar,31,20,25,51,127,23,27,67,86,203,54,47,92,137,330,25,0,25,355
08/23/2000,MOB,AL,ASO,CE,Towers with Radar,34,22,27,56,139,1,41,65,98,205,35,63,92,154,344,13,0,13,357
08/24/2000,MOB,AL,ASO,CE,Towers with Radar,35,28,34,70,167,0,35,56,110,201,35,63,90,180,368,19,0,19,387
08/25/2000,MOB,AL,ASO,CE,Towers with Radar,32,22,25,54,133,30,41,62,117,250,62,63,87,171,383,31,0,31,414
08/26/2000,MOB,AL,ASO,CE,Towers with Radar,12,9,9,20,50,22,41,30,24,117,34,50,39,44,167,29,0,29,196
08/27/2000,MOB,AL,ASO,CE,Towers with Radar,19,13,15,32,79,26,62,29,57,174,45,75,44,89,253,24,0,24,277
08/28/2000,MOB,AL,ASO,CE,Towers with Radar,39,25,30,64,158,2,21,82,96,201,41,46,112,160,359,23,0,23,382
08/29/2000,MOB,AL,ASO,CE,Towers with Radar,39,26,30,64,159,3,20,86,126,235,42,46,116,190,394,30,0,30,424
08/30/2000,MOB,AL,ASO,CE,Towers with Radar,36,29,35,74,174,0,45,64,155,264,36,74,99,229,438,21,0,21,459
08/31/2000,MOB,AL,ASO,CE,Towers with Radar,42,29,33,70,174,0,32,65,108,205,42,61,98,178,379,18,0,18,397
09/01/2000,MOB,AL,ASO,CE,Towers with Radar,31,19,31,50,131,1,0,33,0,34,32,19,64,50,165,6,16,22,187
09/02/2000,MOB,AL,ASO,CE,Towers with Radar,17,13,18,7,55,3,11,17,0,31,20,24,35,7,86,60,10,70,156
09/03/2000,MOB,AL,ASO,CE,Towers with Radar,13,10,13,6,42,16,8,28,0,52,29,18,41,6,94,52,0,52,146
09/04/2000,MOB,AL,ASO,CE,Towers with Radar,23,20,26,7,76,0,8,39,0,47,23,28,65,7,123,36,10,46,169
09/05/2000,MOB,AL,ASO,CE,Towers with Radar,33,23,32,61,149,0,0,0,51,51,33,23,32,112,200,0,138,138,338
09/06/2000,MOB,AL,ASO,CE,Towers with Radar,32,8,24,55,119,3,0,0,30,33,35,8,24,85,152,18,38,56,208
09/07/2000,MOB,AL,ASO,CE,Towers with Radar,28,22,31,54,135,0,4,19,3,26,28,26,50,57,161,6,34,40,201
09/08/2000,MOB,AL,ASO,CE,Towers with Radar,27,19,31,38,115,0,0,9,0,9,27,19,40,38,124,4,2,6,130
09/09/2000,MOB,AL,ASO,CE,Towers with Radar,15,10,16,9,50,10,12,21,0,43,25,22,37,9,93,34,4,38,131
09/10/2000,MOB,AL,ASO,CE,Towers with Radar,15,11,16,11,53,16,6,16,0,38,31,17,32,11,91,32,56,88,179
09/11/2000,MOB,AL,ASO,CE,Towers with Radar,29,22,39,69,159,0,0,19,85,104,29,22,58,154,263,72,146,218,481
09/12/2000,MOB,AL,ASO,CE,Towers with Radar,29,25,38,68,160,0,0,22,29,51,29,25,60,97,211,12,126,138,349
09/13/2000,MOB,AL,ASO,CE,Towers with Radar,28,22,33,58,141,0,0,15,23,38,28,22,48,81,179,18,162,180,359
09/14/2000,MOB,AL,ASO,CE,Towers with Radar,30,27,38,71,166,0,0,24,43,67,30,27,62,114,233,4,104,108,341
09/15/2000,MOB,AL,ASO,CE,Towers with Radar,28,21,29,53,131,0,0,20,4,24,28,21,49,57,155,42,54,96,251
09/16/2000,MOB,AL,ASO,CE,Towers with Radar,16,10,15,18,59,6,15,50,0,71,22,25,65,18,130,38,42,80,210
09/17/2000,MOB,AL,ASO,CE,Towers with Radar,21,14,19,4,58,13,15,21,0,49,34,29,40,4,107,34,0,34,141
09/18/2000,MOB,AL,ASO,CE,Towers with Radar,29,21,34,64,148,0,0,35,55,90,29,21,69,119,238,26,224,250,488
09/19/2000,MOB,AL,ASO,CE,Towers with Radar,32,15,35,63,145,0,0,18,85,103,32,15,53,148,248,4,148,152,400
09/20/2000,MOB,AL,ASO,CE,Towers with Radar,28,19,35,64,146,0,0,22,57,79,28,19,57,121,225,38,146,184,409
09/21/2000,MOB,AL,ASO,CE,Towers with Radar,30,17,28,51,126,1,0,13,6,20,31,17,41,57,146,4,92,96,242
09/22/2000,MOB,AL,ASO,CE,Towers with Radar,21,14,24,43,102,0,0,5,31,36,21,14,29,74,138,14,44,58,196
09/23/2000,MOB,AL,ASO,CE,Towers with Radar,19,12,17,16,64,15,9,42,0,66,34,21,59,16,130,14,0,14,144
09/24/2000,MOB,AL,ASO,CE,Towers with Radar,18,11,17,29,75,16,4,29,0,49,34,15,46,29,124,30,14,44,168
09/25/2000,MOB,AL,ASO,CE,Towers with Radar,30,24,42,74,170,0,0,34,50,84,30,24,76,124,254,66,106,172,426
09/26/2000,MOB,AL,ASO,CE,Towers with Radar,37,19,49,87,192,0,0,29,136,165,37,19,78,223,357,44,286,330,687
09/27/2000,MOB,AL,ASO,CE,Towers with Radar,28,22,34,59,143,0,0,55,51,106,28,22,89,110,249,18,68,86,335
09/28/2000,MOB,AL,ASO,CE,Towers with Radar,25,24,38,65,152,0,0,21,66,87,25,24,59,131,239,16,156,172,411
09/29/2000,MOB,AL,ASO,CE,Towers with Radar,28,13,27,47,115,7,0,57,3,67,35,13,84,50,182,62,16,78,260
09/30/2000,MOB,AL,ASO,CE,Towers with Radar,20,13,20,8,61,19,0,69,0,88,39,13,89,8,149,72,0,72,221
10/01/2000,MOB,AL,ASO,CE,Towers with Radar,21,14,21,19,75,13,0,58,0,71,34,14,79,19,146,44,10,54,200
10/02/2000,MOB,AL,ASO,CE,Towers with Radar,29,22,38,83,172,0,0,9,63,72,29,22,47,146,244,49,70,119,363
10/03/2000,MOB,AL,ASO,CE,Towers with Radar,41,18,41,89,189,0,0,48,49,97,41,18,89,138,286,38,158,196,482
10/04/2000,MOB,AL,ASO,CE,Towers with Radar,25,25,38,82,170,0,1,28,51,80,25,26,66,133,250,40,106,146,396
10/05/2000,MOB,AL,ASO,CE,Towers with Radar,36,18,34,75,163,2,0,21,20,43,38,18,55,95,206,42,66,108,314
10/06/2000,MOB,AL,ASO,CE,Towers with Radar,22,15,22,38,97,7,3,7,0,17,29,18,29,38,114,0,16,16,130
10/07/2000,MOB,AL,ASO,CE,Towers with Radar,18,13,18,11,60,8,6,24,0,38,26,19,42,11,98,54,2,56,154
10/08/2000,MOB,AL,ASO,CE,Towers with Radar,16,11,16,10,53,12,9,6,0,27,28,20,22,10,80,8,2,10,90
10/09/2000,MOB,AL,ASO,CE,Towers with Radar,20,14,19,12,65,7,6,28,0,41,27,20,47,12,106,14,21,35,141
10/10/2000,MOB,AL,ASO,CE,Towers with Radar,28,18,31,69,146,0,0,9,40,49,28,18,40,109,195,36,124,160,355
10/11/2000,MOB,AL,ASO,CE,Towers with Radar,33,25,40,88,186,0,0,34,28,62,33,25,74,116,248,30,126,156,404
10/12/2000,MOB,AL,ASO,CE,Towers with Radar,25,21,34,74,154,0,6,34,25,65,25,27,68,99,219,34,148,182,401
10/13/2000,MOB,AL,ASO,CE,Towers with Radar,30,17,29,64,140,2,0,40,24,66,32,17,69,88,206,6,60,66,272
10/14/2000,MOB,AL,ASO,CE,Towers with Radar,19,12,18,20,69,6,11,61,0,78,25,23,79,20,147,18,10,28,175
10/15/2000,MOB,AL,ASO,CE,Towers with Radar,23,14,23,21,81,2,14,29,0,45,25,28,52,21,126,70,22,92,218
10/16/2000,MOB,AL,ASO,CE,Towers with Radar,37,18,43,94,192,0,0,30,64,94,37,18,73,158,286,110,174,284,570
10/17/2000,MOB,AL,ASO,CE,Towers with Radar,34,16,32,71,153,1,0,20,67,88,35,16,52,138,241,10,220,230,471
10/18/2000,MOB,AL,ASO,CE,Towers with Radar,32,31,46,104,213,0,3,3,88,94,32,34,49,192,307,0,226,226,533
10/19/2000,MOB,AL,ASO,CE,Towers with Radar,28,26,40,91,185,0,2,26,65,93,28,28,66,156,278,6,122,128,406
10/20/2000,MOB,AL,ASO,CE,Towers with Radar,27,20,30,67,144,0,0,42,10,52,27,20,72,77,196,34,86,120,316
10/21/2000,MOB,AL,ASO,CE,Towers with Radar,18,10,16,8,52,10,7,45,0,62,28,17,61,8,114,66,0,66,180
10/22/2000,MOB,AL,ASO,CE,Towers with Radar,27,17,24,17,85,8,3,57,0,68,35,20,81,17,153,82,0,82,235
10/23/2000,MOB,AL,ASO,CE,Towers with Radar,37,15,35,82,169,0,0,21,92,113,37,15,56,174,282,16,126,142,424
10/24/2000,MOB,AL,ASO,CE,Towers with Radar,29,21,35,78,163,0,0,10,74,84,29,21,45,152,247,42,143,185,432
10/25/2000,MOB,AL,ASO,CE,Towers with Radar,25,20,34,77,156,0,0,29,45,74,25,20,63,122,230,36,190,226,456
10/26/2000,MOB,AL,ASO,CE,Towers with Radar,34,18,34,77,163,0,0,28,54,82,34,18,62,131,245,52,93,145,390
10/27/2000,MOB,AL,ASO,CE,Towers with Radar,37,15,33,76,161,1,0,26,40,67,38,15,59,116,228,8,75,83,311
10/28/2000,MOB,AL,ASO,CE,Towers with Radar,20,12,19,3,54,11,6,58,0,75,31,18,77,3,129,44,0,44,173
10/29/2000,MOB,AL,ASO,CE,Towers with Radar,26,15,24,19,84,25,9,34,0,68,51,24,58,19,152,76,0,76,228
10/30/2000,MOB,AL,ASO,CE,Towers with Radar,42,17,39,85,183,0,0,10,78,88,42,17,49,163,271,92,93,185,456
10/31/2000,MOB,AL,ASO,CE,Towers with Radar,31,7,23,63,124,14,0,0,41,55,45,7,23,104,179,90,87,177,356
11/01/2000,MOB,AL,ASO,CE,Towers with Radar,36,16,38,89,179,0,0,14,83,97,36,16,52,172,276,4,208,212,488
11/02/2000,MOB,AL,ASO,CE,Towers with Radar,24,21,37,88,170,0,0,16,55,71,24,21,53,143,241,38,104,142,383
11/03/2000,MOB,AL,ASO,CE,Towers with Radar,34,14,34,81,163,1,0,23,52,76,35,14,57,133,239,56,152,208,447
11/04/2000,MOB,AL,ASO,CE,Towers with Radar,16,11,15,20,62,14,6,32,0,52,30,17,47,20,114,40,6,46,160
11/05/2000,MOB,AL,ASO,CE,Towers with Radar,21,15,20,26,82,16,0,6,0,22,37,15,26,26,104,14,10,24,128
11/06/2000,MOB,AL,ASO,CE,Towers with Radar,20,11,13,47,91,15,0,0,10,25,35,11,13,57,116,52,12,64,180
11/07/2000,MOB,AL,ASO,CE,Towers with Radar,23,21,29,71,144,0,1,13,23,37,23,22,42,94,181,28,96,124,305
11/08/2000,MOB,AL,ASO,CE,Towers with Radar,20,15,21,41,97,1,6,3,0,10,21,21,24,41,107,0,28,28,135
11/09/2000,MOB,AL,ASO,CE,Towers with Radar,26,19,26,63,134,1,3,12,65,81,27,22,38,128,215,0,70,70,285
11/10/2000,MOB,AL,ASO,CE,Towers with Radar,20,15,21,10,66,8,2,46,0,56,28,17,67,10,122,28,16,44,166
11/11/2000,MOB,AL,ASO,CE,Towers with Radar,21,15,22,12,70,6,6,67,0,79,27,21,89,12,149,112,28,140,289
11/12/2000,MOB,AL,ASO,CE,Towers with Radar,17,12,18,8,55,8,14,42,0,64,25,26,60,8,119,24,2,26,145
11/13/2000,MOB,AL,ASO,CE,Towers with Radar,27,19,28,65,139,2,1,1,7,11,29,20,29,72,150,12,44,56,206
11/14/2000,MOB,AL,ASO,CE,Towers with Radar,28,20,41,96,185,0,0,15,63,78,28,20,56,159,263,36,88,124,387
11/15/2000,MOB,AL,ASO,CE,Towers with Radar,20,23,30,76,149,0,2,40,22,64,20,25,70,98,213,16,58,74,287
11/16/2000,MOB,AL,ASO,CE,Towers with Radar,27,19,31,74,151,0,0,8,47,55,27,19,39,121,206,0,56,56,262
11/17/2000,MOB,AL,ASO,CE,Towers with Radar,27,22,32,91,172,0,0,0,24,24,27,22,32,115,196,52,84,136,332
11/18/2000,MOB,AL,ASO,CE,Towers with Radar,15,11,15,4,45,10,8,12,0,30,25,19,27,4,75,0,0,0,75
11/19/2000,MOB,AL,ASO,CE,Towers with Radar,18,13,17,19,67,11,3,11,0,25,29,16,28,19,92,0,6,6,98
11/20/2000,MOB,AL,ASO,CE,Towers with Radar,29,21,32,75,157,0,0,21,38,59,29,21,53,113,216,0,102,102,318
11/21/2000,MOB,AL,ASO,CE,Towers with Radar,23,22,34,82,161,0,0,32,46,78,23,22,66,128,239,36,38,74,313
11/22/2000,MOB,AL,ASO,CE,Towers with Radar,33,11,33,76,153,4,0,23,42,69,37,11,56,118,222,22,66,88,310
11/23/2000,MOB,AL,ASO,CE,Towers with Radar,8,6,8,2,24,13,12,6,0,31,21,18,14,2,55,16,0,16,71
11/24/2000,MOB,AL,ASO,CE,Towers with Radar,12,9,4,5,30,5,16,0,0,21,17,25,4,5,51,0,4,4,55
11/25/2000,MOB,AL,ASO,CE,Towers with Radar,17,13,17,2,49,16,0,21,0,37,33,13,38,2,86,68,0,68,154
11/26/2000,MOB,AL,ASO,CE,Towers with Radar,22,15,21,8,66,2,10,37,0,49,24,25,58,8,115,46,0,46,161
11/27/2000,MOB,AL,ASO,CE,Towers with Radar,28,18,30,70,146,0,0,15,73,88,28,18,45,143,234,2,220,222,456
11/28/2000,MOB,AL,ASO,CE,Towers with Radar,26,24,40,95,185,0,0,0,128,128,26,24,40,223,313,26,142,168,481
11/29/2000,MOB,AL,ASO,CE,Towers with Radar,23,22,42,97,184,0,0,25,68,93,23,22,67,165,277,48,116,164,441
11/30/2000,MOB,AL,ASO,CE,Towers with Radar,27,29,41,94,191,0,0,20,65,85,27,29,61,159,276,12,250,262,538
12/01/2000,MOB,AL,ASO,CE,Towers with Radar,28,21,42,69,160,0,0,15,51,66,28,21,57,120,226,20,140,160,386
12/02/2000,MOB,AL,ASO,CE,Towers with Radar,23,19,26,31,99,3,4,14,0,21,26,23,40,31,120,90,44,134,254
12/03/2000,MOB,AL,ASO,CE,Towers with Radar,19,14,21,6,60,19,0,42,0,61,38,14,63,6,121,34,24,58,179
12/04/2000,MOB,AL,ASO,CE,Towers with Radar,30,19,44,75,168,0,0,0,131,131,30,19,44,206,299,14,202,216,515
12/05/2000,MOB,AL,ASO,CE,Towers with Radar,24,24,35,60,143,0,0,9,98,107,24,24,44,158,250,2,168,170,420
12/06/2000,MOB,AL,ASO,CE,Towers with Radar,35,18,38,65,156,0,0,22,95,117,35,18,60,160,273,30,106,136,409
12/07/2000,MOB,AL,ASO,CE,Towers with Radar,26,24,35,60,145,0,0,28,65,93,26,24,63,125,238,0,66,66,304
12/08/2000,MOB,AL,ASO,CE,Towers with Radar,25,22,35,60,142,0,0,4,49,53,25,22,39,109,195,28,58,86,281
12/09/2000,MOB,AL,ASO,CE,Towers with Radar,20,15,20,11,66,11,2,32,0,45,31,17,52,11,111,86,0,86,197
12/10/2000,MOB,AL,ASO,CE,Towers with Radar,22,16,22,11,71,5,5,29,0,39,27,21,51,11,110,10,16,26,136
12/11/2000,MOB,AL,ASO,CE,Towers with Radar,23,21,30,52,126,0,0,1,48,49,23,21,31,100,175,26,20,46,221
12/12/2000,MOB,AL,ASO,CE,Towers with Radar,27,21,33,56,137,0,0,6,82,88,27,21,39,138,225,8,132,140,365
12/13/2000,MOB,AL,ASO,CE,Towers with Radar,24,14,28,49,115,0,0,4,18,22,24,14,32,67,137,2,36,38,175
12/14/2000,MOB,AL,ASO,CE,Towers with Radar,23,21,36,47,127,0,0,4,0,4,23,21,40,47,131,0,24,24,155
12/15/2000,MOB,AL,ASO,CE,Towers with Radar,26,19,26,26,97,0,0,3,0,3,26,19,29,26,100,0,0,0,100
12/16/2000,MOB,AL,ASO,CE,Towers with Radar,11,8,11,4,34,4,8,13,0,25,15,16,24,4,59,0,0,0,59
12/17/2000,MOB,AL,ASO,CE,Towers with Radar,20,15,20,25,80,6,7,39,0,52,26,22,59,25,132,10,24,34,166
12/18/2000,MOB,AL,ASO,CE,Towers with Radar,27,15,33,54,129,0,0,28,23,51,27,15,61,77,180,0,72,72,252
12/19/2000,MOB,AL,ASO,CE,Towers with Radar,30,16,36,59,141,0,0,4,52,56,30,16,40,111,197,10,60,70,267
12/20/2000,MOB,AL,ASO,CE,Towers with Radar,31,21,35,58,145,0,0,21,29,50,31,21,56,87,195,32,12,44,239
12/21/2000,MOB,AL,ASO,CE,Towers with Radar,24,18,25,30,97,2,1,17,0,20,26,19,42,30,117,6,52,58,175
12/22/2000,MOB,AL,ASO,CE,Towers with Radar,22,17,23,36,98,5,3,25,0,33,27,20,48,36,131,4,26,30,161
12/23/2000,MOB,AL,ASO,CE,Towers with Radar,17,12,17,6,52,18,4,40,0,62,35,16,57,6,114,36,2,38,152
12/24/2000,MOB,AL,ASO,CE,Towers with Radar,8,6,10,0,24,8,15,20,0,43,16,21,30,0,67,4,0,4,71
12/25/2000,MOB,AL,ASO,CE,Towers with Radar,7,5,7,0,19,4,14,9,0,27,11,19,16,0,46,14,0,14,60
12/26/2000,MOB,AL,ASO,CE,Towers with Radar,22,16,23,18,79,1,4,11,0,16,23,20,34,18,95,0,0,0,95
12/27/2000,MOB,AL,ASO,CE,Towers with Radar,19,15,16,11,61,2,7,0,0,9,21,22,16,11,70,4,0,4,74
12/28/2000,MOB,AL,ASO,CE,Towers with Radar,19,13,20,5,57,7,6,8,0,21,26,19,28,5,78,0,0,0,78
12/29/2000,MOB,AL,ASO,CE,Towers with Radar,28,20,32,44,124,0,0,16,0,16,28,20,48,44,140,10,6,16,156
12/30/2000,MOB,AL,ASO,CE,Towers with Radar,16,11,16,7,50,8,8,23,0,39,24,19,39,7,89,64,4,68,157
12/31/2000,MOB,AL,ASO,CE,Towers with Radar,12,9,13,3,37,4,12,13,0,29,16,21,26,3,66,0,6,6,72
01/01/2001,MOB,AL,ASO,CE,Towers with Radar,14,11,13,4,42,9,6,11,0,26,23,17,24,4,68,28,0,28,96
01/02/2001,MOB,AL,ASO,CE,Towers with Radar,22,17,21,38,98,4,3,25,0,32,26,20,46,38,130,20,38,58,188
01/03/2001,MOB,AL,ASO,CE,Towers with Radar,31,24,33,68,156,0,0,20,31,51,31,24,53,99,207,4,78,82,289
01/04/2001,MOB,AL,ASO,CE,Towers with Radar,28,21,29,61,139,0,0,26,17,43,28,21,55,78,182,76,70,146,328
01/05/2001,MOB,AL,ASO,CE,Towers with Radar,27,26,34,70,157,0,1,27,30,58,27,27,61,100,215,58,192,250,465
01/06/2001,MOB,AL,ASO,CE,Towers with Radar,21,16,20,8,65,7,3,65,0,75,28,19,85,8,140,82,12,94,234
01/07/2001,MOB,AL,ASO,CE,Towers with Radar,17,12,17,4,50,9,15,27,0,51,26,27,44,4,101,84,0,84,185
01/08/2001,MOB,AL,ASO,CE,Towers with Radar,33,17,32,67,149,0,0,7,44,51,33,17,39,111,200,0,124,124,324
01/09/2001,MOB,AL,ASO,CE,Towers with Radar,28,21,32,69,150,0,0,6,71,77,28,21,38,140,227,0,98,98,325
01/10/2001,MOB,AL,ASO,CE,Towers with Radar,26,23,34,73,156,0,0,36,68,104,26,23,70,141,260,0,102,102,362
01/11/2001,MOB,AL,ASO,CE,Towers with Radar,27,21,33,69,150,0,0,8,7,15,27,21,41,76,165,4,0,4,169
01/12/2001,MOB,AL,ASO,CE,Towers with Radar,28,20,34,74,156,0,0,9,18,27,28,20,43,92,183,0,100,100,283
01/13/2001,MOB,AL,ASO,CE,Towers with Radar,17,13,16,15,61,7,9,30,0,46,24,22,46,15,107,86,66,152,259
01/14/2001,MOB,AL,ASO,CE,Towers with Radar,18,13,16,7,54,6,10,35,0,51,24,23,51,7,105,64,2,66,171
01/15/2001,MOB,AL,ASO,CE,Towers with Radar,18,13,16,8,55,12,11,4,0,27,30,24,20,8,82,0,0,0,82
01/16/2001,MOB,AL,ASO,CE,Towers with Radar,30,18,22,47,117,0,0,0,0,0,30,18,22,47,117,12,14,26,143
01/17/2001,MOB,AL,ASO,CE,Towers with Radar,27,26,20,73,146,0,2,0,55,57,27,28,20,128,203,32,72,104,307
01/18/2001,MOB,AL,ASO,CE,Towers with Radar,32,20,27,58,137,4,0,1,0,5,36,20,28,58,142,4,54,58,200
01/19/2001,MOB,AL,ASO,CE,Towers with Radar,17,11,13,6,47,7,11,2,0,20,24,22,15,6,67,0,0,0,67
01/20/2001,MOB,AL,ASO,CE,Towers with Radar,18,13,16,29,76,9,8,32,0,49,27,21,48,29,125,42,38,80,205
01/21/2001,MOB,AL,ASO,CE,Towers with Radar,23,16,20,42,101,8,4,41,29,82,31,20,61,71,183,28,26,54,237
01/22/2001,MOB,AL,ASO,CE,Towers with Radar,33,17,33,70,153,0,0,3,96,99,33,17,36,166,252,6,184,190,442
01/23/2001,MOB,AL,ASO,CE,Towers with Radar,40,16,36,75,167,0,0,25,80,105,40,16,61,155,272,2,144,146,418
01/24/2001,MOB,AL,ASO,CE,Towers with Radar,36,22,32,67,157,6,0,32,42,80,42,22,64,109,237,4,92,96,333
01/25/2001,MOB,AL,ASO,CE,Towers with Radar,23,24,32,66,145,0,1,29,32,62,23,25,61,98,207,32,40,72,279
01/26/2001,MOB,AL,ASO,CE,Towers with Radar,41,9,37,77,164,2,0,29,39,70,43,9,66,116,234,32,90,122,356
01/27/2001,MOB,AL,ASO,CE,Towers with Radar,21,14,19,12,66,9,2,15,0,26,30,16,34,12,92,20,4,24,116
01/28/2001,MOB,AL,ASO,CE,Towers with Radar,23,15,21,43,102,11,8,29,1,49,34,23,50,44,151,38,16,54,205
01/29/2001,MOB,AL,ASO,CE,Towers with Radar,25,17,22,46,110,4,2,1,1,8,29,19,23,47,118,20,46,66,184
01/30/2001,MOB,AL,ASO,CE,Towers with Radar,29,23,40,87,179,0,0,47,78,125,29,23,87,165,304,36,164,200,504
01/31/2001,MOB,AL,ASO,CE,Towers with Radar,23,22,33,69,147,0,0,16,88,104,23,22,49,157,251,6,138,144,395
02/01/2001,MOB,AL,ASO,CE,Towers with Radar,35,17,37,97,186,0,0,29,62,91,35,17,66,159,277,44,196,240,517
02/02/2001,MOB,AL,ASO,CE,Towers with Radar,33,20,37,96,186,0,0,20,10,30,33,20,57,106,216,28,104,132,348
02/03/2001,MOB,AL,ASO,CE,Towers with Radar,21,17,20,42,100,9,2,54,0,65,30,19,74,42,165,30,34,64,229
02/04/2001,MOB,AL,ASO,CE,Towers with Radar,19,15,18,25,77,20,16,30,0,66,39,31,48,25,143,72,14,86,229
02/05/2001,MOB,AL,ASO,CE,Towers with Radar,27,18,25,67,137,1,0,18,34,53,28,18,43,101,190,10,158,168,358
02/06/2001,MOB,AL,ASO,CE,Towers with Radar,34,21,39,101,195,0,0,40,46,86,34,21,79,147,281,118,296,414,695
02/07/2001,MOB,AL,ASO,CE,Towers with Radar,27,22,34,92,175,0,0,21,96,117,27,22,55,188,292,44,258,302,594
02/08/2001,MOB,AL,ASO,CE,Towers with Radar,31,26,37,95,189,0,0,30,88,118,31,26,67,183,307,96,308,404,711
02/09/2001,MOB,AL,ASO,CE,Towers with Radar,24,24,24,97,169,0,0,0,87,87,24,24,24,184,256,14,178,192,448
02/10/2001,MOB,AL,ASO,CE,Towers with Radar,17,13,17,7,54,12,5,31,0,48,29,18,48,7,102,68,0,68,170
02/11/2001,MOB,AL,ASO,CE,Towers with Radar,16,12,15,21,64,13,9,36,0,58,29,21,51,21,122,52,0,52,174
02/12/2001,MOB,AL,ASO,CE,Towers with Radar,30,19,27,75,151,0,0,0,46,46,30,19,27,121,197,16,154,170,367
02/13/2001,MOB,AL,ASO,CE,Towers with Radar,24,19,28,73,144,0,0,18,23,41,24,19,46,96,185,36,6,42,227
02/14/2001,MOB,AL,ASO,CE,Towers with Radar,23,16,20,18,77,1,4,3,0,8,24,20,23,18,85,2,6,8,93
02/15/2001,MOB,AL,ASO,CE,Towers with Radar,23,26,36,98,183,0,0,0,43,43,23,26,36,141,226,18,146,164,390
02/16/2001,MOB,AL,ASO,CE,Towers with Radar,29,22,27,75,153,0,2,11,41,54,29,24,38,116,207,6,144,150,357
02/17/2001,MOB,AL,ASO,CE,Towers with Radar,17,11,16,8,52,8,10,24,0,42,25,21,40,8,94,0,4,4,98
02/18/2001,MOB,AL,ASO,CE,Towers with Radar,18,12,16,10,56,18,9,58,0,85,36,21,74,10,141,6,34,40,181
02/19/2001,MOB,AL,ASO,CE,Towers with Radar,21,14,18,8,61,6,8,16,0,30,27,22,34,8,91,96,44,140,231
02/20/2001,MOB,AL,ASO,CE,Towers with Radar,29,24,34,87,174,0,0,37,59,96,29,24,71,146,270,122,202,324,594
02/21/2001,MOB,AL,ASO,CE,Towers with Radar,24,17,21,24,86,1,7,11,0,19,25,24,32,24,105,4,54,58,163
02/22/2001,MOB,AL,ASO,CE,Towers with Radar,29,23,32,82,166,0,0,24,50,74,29,23,56,132,240,20,194,214,454
02/23/2001,MOB,AL,ASO,CE,Towers with Radar,40,18,40,105,203,0,0,3,51,54,40,18,43,156,257,40,140,180,437
02/24/2001,MOB,AL,ASO,CE,Towers with Radar,16,11,14,20,61,14,8,0,0,22,30,19,14,20,83,2,0,2,85
02/25/2001,MOB,AL,ASO,CE,Towers with Radar,19,13,11,41,84,12,10,0,0,22,31,23,11,41,106,0,32,32,138
02/26/2001,MOB,AL,ASO,CE,Towers with Radar,26,24,34,91,175,0,0,20,53,73,26,24,54,144,248,28,192,220,468
02/27/2001,MOB,AL,ASO,CE,Towers with Radar,30,17,37,94,178,0,0,12,51,63,30,17,49,145,241,24,80,104,345
02/28/2001,MOB,AL,ASO,CE,Towers with Radar,28,23,27,75,153,0,0,0,4,4,28,23,27,79,157,12,50,62,219
03/01/2001,MOB,AL,ASO,CE,Towers with Radar,27,20,34,74,155,0,0,2,72,74,27,20,36,146,229,22,126,148,377
03/02/2001,MOB,AL,ASO,CE,Towers with Radar,24,23,26,54,127,0,8,3,50,61,24,31,29,104,188,38,74,112,300
03/03/2001,MOB,AL,ASO,CE,Towers with Radar,11,9,8,2,30,15,17,0,0,32,26,26,8,2,62,0,0,0,62
03/04/2001,MOB,AL,ASO,CE,Towers with Radar,20,18,19,26,83,6,7,41,0,54,26,25,60,26,137,4,8,12,149
03/05/2001,MOB,AL,ASO,CE,Towers with Radar,28,24,29,62,143,0,0,27,40,67,28,24,56,102,210,0,70,70,280
03/06/2001,MOB,AL,ASO,CE,Towers with Radar,25,25,36,75,161,0,0,19,144,163,25,25,55,219,324,40,242,282,606
03/07/2001,MOB,AL,ASO,CE,Towers with Radar,25,30,40,84,179,0,0,10,7,17,25,30,50,91,196,8,10,18,214
03/08/2001,MOB,AL,ASO,CE,Towers with Radar,28,24,32,65,149,0,0,39,39,78,28,24,71,104,227,16,66,82,309
03/09/2001,MOB,AL,ASO,CE,Towers with Radar,28,21,29,38,116,3,0,5,0,8,31,21,34,38,124,32,18,50,174
03/10/2001,MOB,AL,ASO,CE,Towers with Radar,16,14,17,11,58,11,8,43,0,62,27,22,60,11,120,6,4,10,130
03/11/2001,MOB,AL,ASO,CE,Towers with Radar,23,20,24,38,105,13,0,26,0,39,36,20,50,38,144,176,24,200,344
03/12/2001,MOB,AL,ASO,CE,Towers with Radar,13,11,11,12,47,8,10,0,0,18,21,21,11,12,65,0,0,0,65
03/13/2001,MOB,AL,ASO,CE,Towers with Radar,24,27,36,74,161,0,0,20,31,51,24,27,56,105,212,14,48,62,274
03/14/2001,MOB,AL,ASO,CE,Towers with Radar,27,19,28,57,131,4,0,11,30,45,31,19,39,87,176,16,66,82,258
03/15/2001,MOB,AL,ASO,CE,Towers with Radar,28,26,34,70,158,0,0,17,56,73,28,26,51,126,231,34,126,160,391
03/16/2001,MOB,AL,ASO,CE,Towers with Radar,24,24,35,74,157,0,0,16,12,28,24,24,51,86,185,48,42,90,275
03/17/2001,MOB,AL,ASO,CE,Towers with Radar,20,17,19,15,71,2,5,34,0,41,22,22,53,15,112,44,4,48,160
03/18/2001,MOB,AL,ASO,CE,Towers with Radar,22,18,21,24,85,4,9,39,0,52,26,27,60,24,137,28,6,34,171
03/19/2001,MOB,AL,ASO,CE,Towers with Radar,23,26,26,75,150,0,0,0,74,74,23,26,26,149,224,0,66,66,290
03/20/2001,MOB,AL,ASO,CE,Towers with Radar,20,21,24,52,117,0,9,16,8,33,20,30,40,60,150,0,2,2,152
03/21/2001,MOB,AL,ASO,CE,Towers with Radar,28,28,21,69,146,0,0,28,53,81,28,28,49,122,227,8,74,82,309
03/22/2001,MOB,AL,ASO,CE,Towers with Radar,24,28,35,78,165,0,0,27,77,104,24,28,62,155,269,0,62,62,331
03/23/2001,MOB,AL,ASO,CE,Towers with Radar,37,18,38,85,178,0,0,24,53,77,37,18,62,138,255,42,128,170,425
03/24/2001,MOB,AL,ASO,CE,Towers with Radar,16,14,16,7,53,18,3,19,0,40,34,17,35,7,93,40,40,80,173
03/25/2001,MOB,AL,ASO,CE,Towers with Radar,24,21,23,24,92,3,1,104,0,108,27,22,127,24,200,130,18,148,348
03/26/2001,MOB,AL,ASO,CE,Towers with Radar,22,22,33,89,166,0,0,30,18,48,22,22,63,107,214,66,52,118,332
03/27/2001,MOB,AL,ASO,CE,Towers with Radar,23,18,30,132,203,0,0,29,34,63,23,18,59,166,266,12,184,196,462
03/28/2001,MOB,AL,ASO,CE,Towers with Radar,27,19,27,60,133,0,0,15,3,18,27,19,42,63,151,28,38,66,217
03/29/2001,MOB,AL,ASO,CE,Towers with Radar,23,24,32,75,154,0,0,12,28,40,23,24,44,103,194,12,106,118,312
03/30/2001,MOB,AL,ASO,CE,Towers with Radar,25,17,23,72,137,0,0,33,21,54,25,17,56,93,191,58,38,96,287
03/31/2001,MOB,AL,ASO,CE,Towers with Radar,15,13,15,13,56,5,4,48,0,57,20,17,63,13,113,86,24,110,223
04/01/2001,MOB,AL,ASO,CE,Towers with Radar,24,20,25,45,114,1,0,33,6,40,25,20,58,51,154,46,20,66,220
04/02/2001,MOB,AL,ASO,CE,Towers with Radar,28,17,24,151,220,0,0,28,40,68,28,17,52,191,288,78,82,160,448
04/03/2001,MOB,AL,ASO,CE,Towers with Radar,23,21,24,86,154,0,0,0,52,52,23,21,24,138,206,70,82,152,358
04/04/2001,MOB,AL,ASO,CE,Towers with Radar,30,18,28,34,110,0,0,2,25,27,30,18,30,59,137,66,98,164,301
04/05/2001,MOB,AL,ASO,CE,Towers with Radar,24,20,37,91,172,0,0,34,49,83,24,20,71,140,255,36,138,174,429
04/06/2001,MOB,AL,ASO,CE,Towers with Radar,26,19,45,65,155,0,0,33,7,40,26,19,78,72,195,60,64,124,319
04/07/2001,MOB,AL,ASO,CE,Towers with Radar,28,12,29,5,74,0,0,22,12,34,28,12,51,17,108,44,36,80,188
04/08/2001,MOB,AL,ASO,CE,Towers with Radar,31,18,38,40,127,0,0,19,14,33,31,18,57,54,160,64,94,158,318
04/09/2001,MOB,AL,ASO,CE,Towers with Radar,28,22,38,96,184,0,0,20,49,69,28,22,58,145,253,24,156,180,433
04/10/2001,MOB,AL,ASO,CE,Towers with Radar,24,21,27,126,198,0,0,36,27,63,24,21,63,153,261,54,92,146,407
04/11/2001,MOB,AL,ASO,CE,Towers with Radar,22,21,28,122,193,0,0,24,40,64,22,21,52,162,257,0,174,174,431
04/12/2001,MOB,AL,ASO,CE,Towers with Radar,21,24,43,104,192,0,0,16,32,48,21,24,59,136,240,0,150,150,390
04/13/2001,MOB,AL,ASO,CE,Towers with Radar,28,14,28,73,143,2,0,34,2,38,30,14,62,75,181,6,28,34,215
04/14/2001,MOB,AL,ASO,CE,Towers with Radar,28,15,14,10,67,0,0,30,4,34,28,15,44,14,101,4,0,4,105
04/15/2001,MOB,AL,ASO,CE,Towers with Radar,16,11,16,12,55,14,8,17,0,39,30,19,33,12,94,0,0,0,94
04/16/2001,MOB,AL,ASO,CE,Towers with Radar,28,19,32,78,157,0,0,37,30,67,28,19,69,108,224,0,44,44,268
04/17/2001,MOB,AL,ASO,CE,Towers with Radar,27,15,28,97,167,0,0,36,19,55,27,15,64,116,222,42,110,152,374
04/18/2001,MOB,AL,ASO,CE,Towers with Radar,24,23,30,103,180,0,0,43,32,75,24,23,73,135,255,38,74,112,367
04/19/2001,MOB,AL,ASO,CE,Towers with Radar,24,22,29,100,175,0,0,32,27,59,24,22,61,127,234,54,62,116,350
04/20/2001,MOB,AL,ASO,CE,Towers with Radar,26,18,32,93,169,0,0,36,20,56,26,18,68,113,225,84,172,256,481
04/21/2001,MOB,AL,ASO,CE,Towers with Radar,26,17,19,46,108,1,0,37,16,54,27,17,56,62,162,86,60,146,308
04/22/2001,MOB,AL,ASO,CE,Towers with Radar,31,19,19,19,88,0,0,19,9,28,31,19,38,28,116,38,26,64,180
04/23/2001,MOB,AL,ASO,CE,Towers with Radar,26,21,33,79,159,0,0,6,45,51,26,21,39,124,210,0,58,58,268
04/24/2001,MOB,AL,ASO,CE,Towers with Radar,22,15,21,56,114,9,2,0,20,31,31,17,21,76,145,36,38,74,219
04/25/2001,MOB,AL,ASO,CE,Towers with Radar,29,25,51,65,170,0,0,32,21,53,29,25,83,86,223,30,96,126,349
04/26/2001,MOB,AL,ASO,CE,Towers with Radar,26,21,26,59,132,0,0,36,43,79,26,21,62,102,211,80,216,296,507
04/27/2001,MOB,AL,ASO,CE,Towers with Radar,33,18,35,83,169,6,0,25,2,33,39,18,60,85,202,38,34,72,274
04/28/2001,MOB,AL,ASO,CE,Towers with Radar,35,15,36,43,129,0,0,49,16,65,35,15,85,59,194,76,94,170,364
04/29/2001,MOB,AL,ASO,CE,Towers with Radar,19,12,21,26,78,15,10,44,0,69,34,22,65,26,147,68,6,74,221
04/30/2001,MOB,AL,ASO,CE,Towers with Radar,29,16,13,105,163,0,1,18,44,63,29,17,31,149,226,10,144,154,380
05/01/2001,MOB,AL,ASO,CE,Towers with Radar,27,19,32,92,170,0,0,26,27,53,27,19,58,119,223,60,80,140,363
05/02/2001,MOB,AL,ASO,CE,Towers with Radar,25,19,18,46,108,0,0,26,27,53,25,19,44,73,161,12,60,72,233
05/03/2001,MOB,AL,ASO,CE,Towers with Radar,24,23,24,58,129,0,0,38,27,65,24,23,62,85,194,18,170,188,382
05/04/2001,MOB,AL,ASO,CE,Towers with Radar,32,11,25,68,136,0,0,31,15,46,32,11,56,83,182,16,82,98,280
05/05/2001,MOB,AL,ASO,CE,Towers with Radar,35,9,55,1,100,0,1,41,7,49,35,10,96,8,149,26,4,30,179
05/06/2001,MOB,AL,ASO,CE,Towers with Radar,29,20,40,17,106,0,0,23,6,29,29,20,63,23,135,52,2,54,189
05/07/2001,MOB,AL,ASO,CE,Towers with Radar,32,15,10,83,140,0,0,19,33,52,32,15,29,116,192,64,176,240,432
05/08/2001,MOB,AL,ASO,CE,Towers with Radar,29,17,45,135,226,0,0,27,34,61,29,17,72,169,287,12,156,168,455
05/09/2001,MOB,AL,ASO,CE,Towers with Radar,22,24,22,106,174,0,0,13,34,47,22,24,35,140,221,8,122,130,351
05/10/2001,MOB,AL,ASO,CE,Towers with Radar,27,17,32,163,239,0,0,37,37,74,27,17,69,200,313,60,102,162,475
05/11/2001,MOB,AL,ASO,CE,Towers with Radar,32,18,25,94,169,0,0,32,20,52,32,18,57,114,221,44,104,148,369
05/12/2001,MOB,AL,ASO,CE,Towers with Radar,32,14,19,3,68,0,0,37,7,44,32,14,56,10,112,68,44,112,224
05/13/2001,MOB,AL,ASO,CE,Towers with Radar,14,10,15,11,50,14,5,42,0,61,28,15,57,11,111,4,4,8,119
05/14/2001,MOB,AL,ASO,CE,Towers with Radar,22,16,24,58,120,3,7,39,17,66,25,23,63,75,186,42,72,114,300
05/15/2001,MOB,AL,ASO,CE,Towers with Radar,26,17,34,85,162,0,0,25,61,86,26,17,59,146,248,30,152,182,430
05/16/2001,MOB,AL,ASO,CE,Towers with Radar,22,23,15,133,193,0,0,24,22,46,22,23,39,155,239,0,200,200,439
05/17/2001,MOB,AL,ASO,CE,Towers with Radar,29,16,33,93,171,0,0,37,39,76,29,16,70,132,247,28,200,228,475
05/18/2001,MOB,AL,ASO,CE,Towers with Radar,29,12,31,99,171,0,0,33,32,65,29,12,64,131,236,56,112,168,404
05/19/2001,MOB,AL,ASO,CE,Towers with Radar,29,14,23,17,83,0,1,29,7,37,29,15,52,24,120,70,70,140,260
05/20/2001,MOB,AL,ASO,CE,Towers with Radar,27,21,25,40,113,0,0,57,9,66,27,21,82,49,179,12,28,40,219
05/21/2001,MOB,AL,ASO,CE,Towers with Radar,22,22,18,109,171,0,1,17,36,54,22,23,35,145,225,30,192,222,447
05/22/2001,MOB,AL,ASO,CE,Towers with Radar,22,19,35,87,163,0,0,41,5,46,22,19,76,92,209,2,102,104,313
05/23/2001,MOB,AL,ASO,CE,Towers with Radar,27,23,23,92,165,0,0,35,44,79,27,23,58,136,244,22,166,188,432
05/24/2001,MOB,AL,ASO,CE,Towers with Radar,28,19,41,93,181,0,0,44,57,101,28,19,85,150,282,52,162,214,496
05/25/2001,MOB,AL,ASO,CE,Towers with Radar,36,14,32,70,152,0,0,36,23,59,36,14,68,93,211,70,36,106,317
05/26/2001,MOB,AL,ASO,CE,Towers with Radar,22,19,22,1,64,0,0,50,3,53,22,19,72,4,117,100,4,104,221
05/27/2001,MOB,AL,ASO,CE,Towers with Radar,12,8,12,9,41,8,11,20,0,39,20,19,32,9,80,32,0,32,112
05/28/2001,MOB,AL,ASO,CE,Towers with Radar,18,19,14,6,57,0,0,9,6,15,18,19,23,12,72,24,0,24,96
05/29/2001,MOB,AL,ASO,CE,Towers with Radar,21,21,46,131,219,0,1,26,31,58,21,22,72,162,277,24,190,214,491
05/30/2001,MOB,AL,ASO,CE,Towers with Radar,23,23,27,103,176,0,0,20,37,57,23,23,47,140,233,30,154,184,417
05/31/2001,MOB,AL,ASO,CE,Towers with Radar,28,19,23,99,169,0,0,15,11,26,28,19,38,110,195,0,128,128,323
06/01/2001,MOB,AL,ASO,CE,Towers with Radar,23,20,33,77,153,0,0,12,63,75,23,20,45,140,228,28,54,82,310
06/02/2001,MOB,AL,ASO,CE,Towers with Radar,19,22,5,12,58,0,0,31,7,38,19,22,36,19,96,20,16,36,132
06/03/2001,MOB,AL,ASO,CE,Towers with Radar,19,14,18,13,64,13,9,28,0,50,32,23,46,13,114,38,0,38,152
06/04/2001,MOB,AL,ASO,CE,Towers with Radar,24,18,32,76,150,0,0,31,24,55,24,18,63,100,205,34,110,144,349
06/05/2001,MOB,AL,ASO,CE,Towers with Radar,24,21,32,79,156,0,0,14,30,44,24,21,46,109,200,4,216,220,420
06/06/2001,MOB,AL,ASO,CE,Towers with Radar,17,22,21,103,163,0,0,16,39,55,17,22,37,142,218,44,194,238,456
06/07/2001,MOB,AL,ASO,CE,Towers with Radar,24,20,27,61,132,0,0,11,29,40,24,20,38,90,172,10,16,26,198
06/08/2001,MOB,AL,ASO,CE,Towers with Radar,25,11,25,56,117,7,0,14,9,30,32,11,39,65,147,8,108,116,263
06/09/2001,MOB,AL,ASO,CE,Towers with Radar,23,14,20,14,71,1,1,13,11,26,24,15,33,25,97,66,10,76,173
06/10/2001,MOB,AL,ASO,CE,Towers with Radar,29,19,25,7,80,0,0,4,2,6,29,19,29,9,86,12,0,12,98
06/11/2001,MOB,AL,ASO,CE,Towers with Radar,10,7,10,20,47,9,11,4,0,24,19,18,14,20,71,0,0,0,71
06/12/2001,MOB,AL,ASO,CE,Towers with Radar,25,16,33,134,208,0,0,33,34,67,25,16,66,168,275,76,180,256,531
06/13/2001,MOB,AL,ASO,CE,Towers with Radar,26,24,27,61,138,0,0,23,37,60,26,24,50,98,198,24,132,156,354
06/14/2001,MOB,AL,ASO,CE,Towers with Radar,22,19,27,82,150,0,0,11,44,55,22,19,38,126,205,46,130,176,381
06/15/2001,MOB,AL,ASO,CE,Towers with Radar,24,18,19,112,173,0,0,15,23,38,24,18,34,135,211,80,172,252,463
06/16/2001,MOB,AL,ASO,CE,Towers with Radar,15,12,15,15,57,15,3,34,0,52,30,15,49,15,109,56,14,70,179
06/17/2001,MOB,AL,ASO,CE,Towers with Radar,21,20,18,6,65,0,2,38,11,51,21,22,56,17,116,8,0,8,124
06/18/2001,MOB,AL,ASO,CE,Towers with Radar,26,16,35,89,166,0,1,31,38,70,26,17,66,127,236,42,184,226,462
06/19/2001,MOB,AL,ASO,CE,Towers with Radar,18,26,32,37,113,0,0,13,26,39,18,26,45,63,152,0,48,48,200
06/20/2001,MOB,AL,ASO,CE,Towers with Radar,18,23,29,67,137,0,1,13,88,102,18,24,42,155,239,74,76,150,389
06/21/2001,MOB,AL,ASO,CE,Towers with Radar,22,22,41,36,121,0,0,34,37,71,22,22,75,73,192,18,30,48,240
06/22/2001,MOB,AL,ASO,CE,Towers with Radar,22,22,24,36,104,0,0,12,42,54,22,22,36,78,158,14,30,44,202
06/23/2001,MOB,AL,ASO,CE,Towers with Radar,18,14,19,34,85,9,4,54,0,67,27,18,73,34,152,72,10,82,234
06/24/2001,MOB,AL,ASO,CE,Towers with Radar,25,19,35,15,94,0,0,37,9,46,25,19,72,24,140,22,8,30,170
06/25/2001,MOB,AL,ASO,CE,Towers with Radar,18,23,29,97,167,0,0,20,50,70,18,23,49,147,237,32,150,182,419
06/26/2001,MOB,AL,ASO,CE,Towers with Radar,20,22,30,153,225,0,0,26,41,67,20,22,56,194,292,72,230,302,594
06/27/2001,MOB,AL,ASO,CE,Towers with Radar,21,22,30,49,122,0,0,17,33,50,21,22,47,82,172,2,128,130,302
06/28/2001,MOB,AL,ASO,CE,Towers with Radar,17,24,21,58,120,0,0,20,36,56,17,24,41,94,176,10,90,100,276
06/29/2001,MOB,AL,ASO,CE,Towers with Radar,30,22,22,53,127,0,0,18,20,38,30,22,40,73,165,30,70,100,265
06/30/2001,MOB,AL,ASO,CE,Towers with Radar,32,14,18,9,73,0,1,8,1,10,32,15,26,10,83,0,2,2,85
07/01/2001,MOB,AL,ASO,CE,Towers with Radar,18,22,29,13,82,1,0,13,7,21,19,22,42,20,103,56,34,90,193
07/02/2001,MOB,AL,ASO,CE,Towers with Radar,20,20,27,64,131,1,0,11,33,45,21,20,38,97,176,32,232,264,440
07/03/2001,MOB,AL,ASO,CE,Towers with Radar,22,18,24,23,87,1,0,12,11,24,23,18,36,34,111,20,0,20,131
07/04/2001,MOB,AL,ASO,CE,Towers with Radar,23,13,13,0,49,1,0,17,3,21,24,13,30,3,70,0,0,0,70
07/05/2001,MOB,AL,ASO,CE,Towers with Radar,21,23,31,123,198,1,0,21,32,54,22,23,52,155,252,80,244,324,576
07/06/2001,MOB,AL,ASO,CE,Towers with Radar,24,15,26,56,121,3,0,21,46,70,27,15,47,102,191,86,98,184,375
07/07/2001,MOB,AL,ASO,CE,Towers with Radar,32,17,36,6,91,1,0,32,8,41,33,17,68,14,132,84,0,84,216
07/08/2001,MOB,AL,ASO,CE,Towers with Radar,27,22,33,2,84,1,0,23,4,28,28,22,56,6,112,50,6,56,168
07/09/2001,MOB,AL,ASO,CE,Towers with Radar,21,22,25,51,119,0,7,37,18,62,21,29,62,69,181,30,26,56,237
07/10/2001,MOB,AL,ASO,CE,Towers with Radar,33,15,18,92,158,1,0,19,27,47,34,15,37,119,205,8,142,150,355
07/11/2001,MOB,AL,ASO,CE,Towers with Radar,18,27,28,76,149,1,0,11,27,39,19,27,39,103,188,8,82,90,278
07/12/2001,MOB,AL,ASO,CE,Towers with Radar,24,25,29,60,138,0,0,19,22,41,24,25,48,82,179,2,202,204,383
07/13/2001,MOB,AL,ASO,CE,Towers with Radar,26,25,28,60,139,2,1,16,14,33,28,26,44,74,172,36,62,98,270
07/14/2001,MOB,AL,ASO,CE,Towers with Radar,16,15,16,33,80,3,17,52,0,72,19,32,68,33,152,40,4,44,196
07/15/2001,MOB,AL,ASO,CE,Towers with Radar,22,27,27,5,81,0,0,34,3,37,22,27,61,8,118,16,0,16,134
07/16/2001,MOB,AL,ASO,CE,Towers with Radar,26,24,25,62,137,0,0,23,21,44,26,24,48,83,181,48,46,94,275
07/17/2001,MOB,AL,ASO,CE,Towers with Radar,27,21,30,97,175,0,1,32,35,68,27,22,62,132,243,108,184,292,535
07/18/2001,MOB,AL,ASO,CE,Towers with Radar,24,31,34,135,224,0,0,32,45,77,24,31,66,180,301,76,126,202,503
07/19/2001,MOB,AL,ASO,CE,Towers with Radar,20,28,44,130,222,0,0,34,55,89,20,28,78,185,311,100,152,252,563
07/20/2001,MOB,AL,ASO,CE,Towers with Radar,19,26,35,74,154,0,0,1,66,67,19,26,36,140,221,60,104,164,385
07/21/2001,MOB,AL,ASO,CE,Towers with Radar,26,22,11,9,68,0,0,13,5,18,26,22,24,14,86,36,0,36,122
07/22/2001,MOB,AL,ASO,CE,Towers with Radar,16,31,21,11,79,0,0,28,5,33,16,31,49,16,112,46,30,76,188
07/23/2001,MOB,AL,ASO,CE,Towers with Radar,35,17,26,113,191,0,0,24,35,59,35,17,50,148,250,20,232,252,502
07/24/2001,MOB,AL,ASO,CE,Towers with Radar,26,24,26,99,175,0,0,24,25,49,26,24,50,124,224,28,78,106,330
07/25/2001,MOB,AL,ASO,CE,Towers with Radar,23,26,30,27,106,0,0,2,8,10,23,26,32,35,116,0,12,12,128
07/26/2001,MOB,AL,ASO,CE,Towers with Radar,22,28,17,33,100,0,0,1,16,17,22,28,18,49,117,32,16,48,165
07/27/2001,MOB,AL,ASO,CE,Towers with Radar,21,26,24,91,162,0,0,15,16,31,21,26,39,107,193,40,108,148,341
07/28/2001,MOB,AL,ASO,CE,Towers with Radar,25,24,15,14,78,0,0,26,10,36,25,24,41,24,114,14,38,52,166
07/29/2001,MOB,AL,ASO,CE,Towers with Radar,22,26,26,5,79,0,0,24,5,29,22,26,50,10,108,70,6,76,184
07/30/2001,MOB,AL,ASO,CE,Towers with Radar,20,24,30,85,159,0,0,19,24,43,20,24,49,109,202,66,42,108,310
07/31/2001,MOB,AL,ASO,CE,Towers with Radar,35,22,19,20,96,0,1,12,12,25,35,23,31,32,121,40,26,66,187
08/01/2001,MOB,AL,ASO,CE,Towers with Radar,20,30,34,147,231,1,1,32,36,70,21,31,66,183,301,88,270,358,659
08/02/2001,MOB,AL,ASO,CE,Towers with Radar,22,27,35,85,169,0,0,42,42,84,22,27,77,127,253,86,242,328,581
08/03/2001,MOB,AL,ASO,CE,Towers with Radar,23,22,20,67,132,0,1,32,26,59,23,23,52,93,191,8,78,86,277
08/04/2001,MOB,AL,ASO,CE,Towers with Radar,14,18,18,21,71,15,7,20,0,42,29,25,38,21,113,24,0,24,137
08/05/2001,MOB,AL,ASO,CE,Towers with Radar,21,20,11,4,56,0,1,4,1,6,21,21,15,5,62,0,0,0,62
08/06/2001,MOB,AL,ASO,CE,Towers with Radar,24,21,10,33,88,0,1,11,19,31,24,22,21,52,119,26,78,104,223
08/07/2001,MOB,AL,ASO,CE,Towers with Radar,29,18,47,69,163,0,1,11,36,48,29,19,58,105,211,78,210,288,499
08/08/2001,MOB,AL,ASO,CE,Towers with Radar,17,32,31,73,153,0,0,4,66,70,17,32,35,139,223,56,132,188,411
08/09/2001,MOB,AL,ASO,CE,Towers with Radar,18,34,20,54,126,0,1,13,36,50,18,35,33,90,176,12,82,94,270
08/10/2001,MOB,AL,ASO,CE,Towers with Radar,24,26,36,100,186,0,1,18,16,35,24,27,54,116,221,28,156,184,405
08/11/2001,MOB,AL,ASO,CE,Towers with Radar,19,24,17,6,66,1,4,4,0,9,20,28,21,6,75,20,40,60,135
08/12/2001,MOB,AL,ASO,CE,Towers with Radar,25,26,15,10,76,0,1,1,3,5,25,27,16,13,81,4,4,8,89
08/13/2001,MOB,AL,ASO,CE,Towers with Radar,20,32,16,81,149,0,1,9,25,35,20,33,25,106,184,0,36,36,220
08/14/2001,MOB,AL,ASO,CE,Towers with Radar,26,17,33,80,156,7,0,23,32,62,33,17,56,112,218,14,24,38,256
08/15/2001,MOB,AL,ASO,CE,Towers with Radar,20,35,38,91,184,0,0,34,78,112,20,35,72,169,296,84,138,222,518
08/16/2001,MOB,AL,ASO,CE,Towers with Radar,22,27,29,70,148,0,0,31,23,54,22,27,60,93,202,10,78,88,290
08/17/2001,MOB,AL,ASO,CE,Towers with Radar,18,40,21,42,121,1,1,11,26,39,19,41,32,68,160,10,44,54,214
08/18/2001,MOB,AL,ASO,CE,Towers with Radar,24,27,15,8,74,1,1,20,5,27,25,28,35,13,101,8,6,14,115
08/19/2001,MOB,AL,ASO,CE,Towers with Radar,18,33,36,37,124,1,1,17,6,25,19,34,53,43,149,34,10,44,193
08/20/2001,MOB,AL,ASO,CE,Towers with Radar,20,29,24,96,169,1,3,17,27,48,21,32,41,123,217,0,132,132,349
08/21/2001,MOB,AL,ASO,CE,Towers with Radar,18,28,45,103,194,1,2,24,37,64,19,30,69,140,258,28,138,166,424
08/22/2001,MOB,AL,ASO,CE,Towers with Radar,16,33,49,126,224,1,1,28,23,53,17,34,77,149,277,42,202,244,521
08/23/2001,MOB,AL,ASO,CE,Towers with Radar,21,30,20,96,167,0,1,18,49,68,21,31,38,145,235,54,188,242,477
08/24/2001,MOB,AL,ASO,CE,Towers with Radar,28,28,10,81,147,0,2,26,17,45,28,30,36,98,192,18,56,74,266
08/25/2001,MOB,AL,ASO,CE,Towers with Radar,16,33,19,11,79,0,1,29,9,39,16,34,48,20,118,44,76,120,238
08/26/2001,MOB,AL,ASO,CE,Towers with Radar,22,25,18,5,70,0,1,23,13,37,22,26,41,18,107,16,4,20,127
08/27/2001,MOB,AL,ASO,CE,Towers with Radar,26,21,10,53,110,0,1,9,21,31,26,22,19,74,141,36,24,60,201
08/28/2001,MOB,AL,ASO,CE,Towers with Radar,20,29,41,50,140,0,1,9,28,38,20,30,50,78,178,54,88,142,320
08/29/2001,MOB,AL,ASO,CE,Towers with Radar,20,31,29,72,152,0,6,18,19,43,20,37,47,91,195,14,72,86,281
08/30/2001,MOB,AL,ASO,CE,Towers with Radar,19,32,31,104,186,0,1,5,14,20,19,33,36,118,206,30,100,130,336
08/31/2001,MOB,AL,ASO,CE,Towers with Radar,17,26,23,77,143,0,1,19,10,30,17,27,42,87,173,16,44,60,233
09/01/2001,MOB,AL,ASO,CE,Towers with Radar,11,30,18,9,68,1,1,8,3,13,12,31,26,12,81,20,4,24,105
09/02/2001,MOB,AL,ASO,CE,Towers with Radar,16,32,2,7,57,0,1,13,0,14,16,33,15,7,71,82,8,90,161
09/03/2001,MOB,AL,ASO,CE,Towers with Radar,19,27,12,9,67,0,1,6,0,7,19,28,18,9,74,50,4,54,128
09/04/2001,MOB,AL,ASO,CE,Towers with Radar,13,30,20,58,121,5,5,4,1,15,18,35,24,59,136,62,34,96,232
09/05/2001,MOB,AL,ASO,CE,Towers with Radar,18,38,13,120,189,1,0,18,46,65,19,38,31,166,254,62,224,286,540
09/06/2001,MOB,AL,ASO,CE,Towers with Radar,19,34,22,106,181,1,1,28,44,74,20,35,50,150,255,84,168,252,507
09/07/2001,MOB,AL,ASO,CE,Towers with Radar,17,33,44,75,169,1,1,29,21,52,18,34,73,96,221,58,126,184,405
09/08/2001,MOB,AL,ASO,CE,Towers with Radar,15,35,23,11,84,1,1,12,3,17,16,36,35,14,101,28,0,28,129
09/09/2001,MOB,AL,ASO,CE,Towers with Radar,16,33,27,9,85,1,1,20,0,22,17,34,47,9,107,26,0,26,133
09/10/2001,MOB,AL,ASO,CE,Towers with Radar,16,37,24,89,166,1,2,16,34,53,17,39,40,123,219,42,94,136,355
09/11/2001,MOB,AL,ASO,CE,Towers with Radar,1,5,4,5,15,1,3,9,0,13,2,8,13,5,28,0,0,0,28
09/12/2001,MOB,AL,ASO,CE,Towers with Radar,0,0,0,3,3,3,1,1,0,5,3,1,1,3,8,0,0,0,8
09/13/2001,MOB,AL,ASO,CE,Towers with Radar,0,7,4,56,67,1,2,1,33,37,1,9,5,89,104,0,110,110,214
09/14/2001,MOB,AL,ASO,CE,Towers with Radar,10,31,10,162,213,0,2,2,23,27,10,33,12,185,240,0,118,118,358
09/15/2001,MOB,AL,ASO,CE,Towers with Radar,10,28,16,13,67,0,2,1,0,3,10,30,17,13,70,0,20,20,90
09/16/2001,MOB,AL,ASO,CE,Towers with Radar,9,18,11,21,59,7,19,0,0,26,16,37,11,21,85,0,4,4,89
09/17/2001,MOB,AL,ASO,CE,Towers with Radar,20,30,11,105,166,0,1,3,27,31,20,31,14,132,197,0,60,60,257
09/18/2001,MOB,AL,ASO,CE,Towers with Radar,22,28,19,91,160,0,0,0,116,116,22,28,19,207,276,4,228,232,508
09/19/2001,MOB,AL,ASO,CE,Towers with Radar,16,40,23,90,169,0,0,0,54,54,16,40,23,144,223,0,116,116,339
09/20/2001,MOB,AL,ASO,CE,Towers with Radar,15,36,30,118,199,0,1,15,23,39,15,37,45,141,238,0,28,28,266
09/21/2001,MOB,AL,ASO,CE,Towers with Radar,32,34,58,82,206,0,5,12,31,48,32,39,70,113,254,0,52,52,306
09/22/2001,MOB,AL,ASO,CE,Towers with Radar,16,30,29,18,93,0,1,22,0,23,16,31,51,18,116,4,4,8,124
09/23/2001,MOB,AL,ASO,CE,Towers with Radar,15,32,21,21,89,0,1,28,7,36,15,33,49,28,125,14,44,58,183
09/24/2001,MOB,AL,ASO,CE,Towers with Radar,16,35,19,96,166,0,1,5,26,32,16,36,24,122,198,28,78,106,304
09/25/2001,MOB,AL,ASO,CE,Towers with Radar,19,37,37,102,195,0,0,23,75,98,19,37,60,177,293,24,108,132,425
09/26/2001,MOB,AL,ASO,CE,Towers with Radar,13,40,31,87,171,0,0,21,44,65,13,40,52,131,236,10,68,78,314
09/27/2001,MOB,AL,ASO,CE,Towers with Radar,15,31,57,78,181,0,1,32,47,80,15,32,89,125,261,66,134,200,461
09/28/2001,MOB,AL,ASO,CE,Towers with Radar,16,27,24,65,132,2,0,23,0,25,18,27,47,65,157,8,26,34,191
09/29/2001,MOB,AL,ASO,CE,Towers with Radar,12,30,19,7,68,0,1,34,10,45,12,31,53,17,113,40,12,52,165
09/30/2001,MOB,AL,ASO,CE,Towers with Radar,17,24,24,13,78,0,2,38,4,44,17,26,62,17,122,24,16,40,162
10/01/2001,MOB,AL,ASO,CE,Towers with Radar,12,25,23,72,132,5,7,19,24,55,17,32,42,96,187,0,60,60,247
10/02/2001,MOB,AL,ASO,CE,Towers with Radar,16,27,37,109,189,0,0,24,76,100,16,27,61,185,289,68,168,236,525
10/03/2001,MOB,AL,ASO,CE,Towers with Radar,11,32,17,68,128,2,1,22,36,61,13,33,39,104,189,14,170,184,373
10/04/2001,MOB,AL,ASO,CE,Towers with Radar,17,27,36,90,170,1,2,35,29,67,18,29,71,119,237,28,122,150,387
10/05/2001,MOB,AL,ASO,CE,Towers with Radar,13,28,42,78,161,1,2,20,21,44,14,30,62,99,205,6,62,68,273
10/06/2001,MOB,AL,ASO,CE,Towers with Radar,11,29,24,4,68,1,2,0,0,3,12,31,24,4,71,18,0,18,89
10/07/2001,MOB,AL,ASO,CE,Towers with Radar,8,16,18,4,46,11,6,43,0,60,19,22,61,4,106,66,0,66,172
10/08/2001,MOB,AL,ASO,CE,Towers with Radar,13,30,28,29,100,1,2,15,5,23,14,32,43,34,123,20,4,24,147
10/09/2001,MOB,AL,ASO,CE,Towers with Radar,21,24,29,83,157,1,1,12,49,63,22,25,41,132,220,24,114,138,358
10/10/2001,MOB,AL,ASO,CE,Towers with Radar,16,26,29,88,159,1,2,14,9,26,17,28,43,97,185,24,182,206,391
10/11/2001,MOB,AL,ASO,CE,Towers with Radar,12,30,40,100,182,1,1,20,26,48,13,31,60,126,230,0,118,118,348
10/12/2001,MOB,AL,ASO,CE,Towers with Radar,18,29,35,89,171,1,0,6,0,7,19,29,41,89,178,6,42,48,226
10/13/2001,MOB,AL,ASO,CE,Towers with Radar,17,24,7,8,56,1,1,2,0,4,18,25,9,8,60,6,32,38,98
10/14/2001,MOB,AL,ASO,CE,Towers with Radar,14,26,36,14,90,0,6,34,0,40,14,32,70,14,130,24,6,30,160
10/15/2001,MOB,AL,ASO,CE,Towers with Radar,17,27,31,98,173,3,0,22,86,111,20,27,53,184,284,32,200,232,516
10/16/2001,MOB,AL,ASO,CE,Towers with Radar,13,30,30,97,170,0,0,16,82,98,13,30,46,179,268,18,144,162,430
10/17/2001,MOB,AL,ASO,CE,Towers with Radar,13,33,36,111,193,0,0,38,120,158,13,33,74,231,351,18,226,244,595
10/18/2001,MOB,AL,ASO,CE,Towers with Radar,12,31,43,128,214,0,1,33,33,67,12,32,76,161,281,44,162,206,487
10/19/2001,MOB,AL,ASO,CE,Towers with Radar,13,29,31,99,172,0,1,30,13,44,13,30,61,112,216,38,146,184,400
10/20/2001,MOB,AL,ASO,CE,Towers with Radar,13,22,17,12,64,0,1,28,0,29,13,23,45,12,93,36,0,36,129
10/21/2001,MOB,AL,ASO,CE,Towers with Radar,9,17,17,25,68,4,14,35,0,53,13,31,52,25,121,40,38,78,199
10/22/2001,MOB,AL,ASO,CE,Towers with Radar,13,29,45,131,218,0,0,7,138,145,13,29,52,269,363,20,300,320,683
10/23/2001,MOB,AL,ASO,CE,Towers with Radar,11,31,29,91,162,0,0,17,80,97,11,31,46,171,259,26,170,196,455
10/24/2001,MOB,AL,ASO,CE,Towers with Radar,12,30,33,98,173,0,0,16,62,78,12,30,49,160,251,22,196,218,469
10/25/2001,MOB,AL,ASO,CE,Towers with Radar,12,32,32,83,159,1,1,22,30,54,13,33,54,113,213,0,156,156,369
10/26/2001,MOB,AL,ASO,CE,Towers with Radar,17,26,31,66,140,0,1,20,23,44,17,27,51,89,184,46,20,66,250
10/27/2001,MOB,AL,ASO,CE,Towers with Radar,14,25,8,26,73,0,1,30,1,32,14,26,38,27,105,0,10,10,115
10/28/2001,MOB,AL,ASO,CE,Towers with Radar,20,20,28,30,98,0,1,26,0,27,20,21,54,30,125,8,30,38,163
10/29/2001,MOB,AL,ASO,CE,Towers with Radar,15,26,25,112,178,0,2,22,26,50,15,28,47,138,228,8,170,178,406
10/30/2001,MOB,AL,ASO,CE,Towers with Radar,21,24,23,123,191,0,1,25,29,55,21,25,48,152,246,40,188,228,474
10/31/2001,MOB,AL,ASO,CE,Towers with Radar,14,28,11,107,160,0,1,29,25,55,14,29,40,132,215,38,140,178,393
11/01/2001,MOB,AL,ASO,CE,Towers with Radar,12,32,24,61,129,0,1,16,37,54,12,33,40,98,183,22,98,120,303
11/02/2001,MOB,AL,ASO,CE,Towers with Radar,16,28,25,78,147,0,1,21,43,65,16,29,46,121,212,10,114,124,336
11/03/2001,MOB,AL,ASO,CE,Towers with Radar,19,19,26,16,80,0,1,14,11,26,19,20,40,27,106,38,60,98,204
11/04/2001,MOB,AL,ASO,CE,Towers with Radar,14,35,23,13,85,0,1,30,15,46,14,36,53,28,131,68,18,86,217
11/05/2001,MOB,AL,ASO,CE,Towers with Radar,14,31,26,81,152,0,1,32,44,77,14,32,58,125,229,38,106,144,373
11/06/2001,MOB,AL,ASO,CE,Towers with Radar,14,32,28,99,173,0,1,21,29,51,14,33,49,128,224,62,124,186,410
11/07/2001,MOB,AL,ASO,CE,Towers with Radar,14,31,34,76,155,0,0,31,56,87,14,31,65,132,242,38,108,146,388
11/08/2001,MOB,AL,ASO,CE,Towers with Radar,12,36,30,98,176,0,1,33,29,63,12,37,63,127,239,2,184,186,425
11/09/2001,MOB,AL,ASO,CE,Towers with Radar,14,40,39,85,178,0,0,17,17,34,14,40,56,102,212,12,120,132,344
11/10/2001,MOB,AL,ASO,CE,Towers with Radar,16,26,23,3,68,0,0,40,4,44,16,26,63,7,112,30,52,82,194
11/11/2001,MOB,AL,ASO,CE,Towers with Radar,15,30,50,21,116,0,0,32,11,43,15,30,82,32,159,54,0,54,213
11/12/2001,MOB,AL,ASO,CE,Towers with Radar,9,20,18,35,82,8,8,21,0,37,17,28,39,35,119,12,84,96,215
11/13/2001,MOB,AL,ASO,CE,Towers with Radar,15,28,32,63,138,0,0,23,31,54,15,28,55,94,192,64,154,218,410
11/14/2001,MOB,AL,ASO,CE,Towers with Radar,17,37,23,81,158,0,0,18,38,56,17,37,41,119,214,20,174,194,408
11/15/2001,MOB,AL,ASO,CE,Towers with Radar,13,33,31,115,192,0,0,25,34,59,13,33,56,149,251,34,106,140,391
11/16/2001,MOB,AL,ASO,CE,Towers with Radar,8,33,29,82,152,0,0,25,25,50,8,33,54,107,202,26,98,124,326
11/17/2001,MOB,AL,ASO,CE,Towers with Radar,11,23,21,13,68,0,0,20,9,29,11,23,41,22,97,34,36,70,167
11/18/2001,MOB,AL,ASO,CE,Towers with Radar,10,20,21,29,80,12,0,49,0,61,22,20,70,29,141,20,32,52,193
11/19/2001,MOB,AL,ASO,CE,Towers with Radar,16,33,19,74,142,0,0,18,42,60,16,33,37,116,202,58,164,222,424
11/20/2001,MOB,AL,ASO,CE,Towers with Radar,17,27,35,104,183,0,0,17,22,39,17,27,52,126,222,30,54,84,306
11/21/2001,MOB,AL,ASO,CE,Towers with Radar,11,32,36,78,157,0,0,39,32,71,11,32,75,110,228,36,132,168,396
11/22/2001,MOB,AL,ASO,CE,Towers with Radar,5,28,7,0,40,0,0,19,0,19,5,28,26,0,59,2,0,2,61
11/23/2001,MOB,AL,ASO,CE,Towers with Radar,10,18,24,6,58,0,0,16,16,32,10,18,40,22,90,46,84,130,220
11/24/2001,MOB,AL,ASO,CE,Towers with Radar,24,22,18,3,67,0,0,3,0,3,24,22,21,3,70,0,0,0,70
11/25/2001,MOB,AL,ASO,CE,Towers with Radar,21,23,41,11,96,1,2,30,5,38,22,25,71,16,134,20,36,56,190
11/26/2001,MOB,AL,ASO,CE,Towers with Radar,13,35,31,78,157,0,0,0,56,56,13,35,31,134,213,8,220,228,441
11/27/2001,MOB,AL,ASO,CE,Towers with Radar,14,24,27,61,126,2,0,7,57,66,16,24,34,118,192,20,140,160,352
11/28/2001,MOB,AL,ASO,CE,Towers with Radar,12,30,16,103,161,0,0,4,17,21,12,30,20,120,182,30,118,148,330
11/29/2001,MOB,AL,ASO,CE,Towers with Radar,12,25,24,50,111,4,6,4,0,14,16,31,28,50,125,2,48,50,175
11/30/2001,MOB,AL,ASO,CE,Towers with Radar,19,27,38,107,191,0,0,32,35,67,19,27,70,142,258,42,160,202,460
12/01/2001,MOB,AL,ASO,CE,Towers with Radar,10,18,25,31,84,5,10,47,0,62,15,28,72,31,146,66,48,114,260
12/02/2001,MOB,AL,ASO,CE,Towers with Radar,12,17,25,42,96,4,5,32,10,51,16,22,57,52,147,84,76,160,307
12/03/2001,MOB,AL,ASO,CE,Towers with Radar,16,20,33,151,220,0,1,15,30,46,16,21,48,181,266,12,210,222,488
12/04/2001,MOB,AL,ASO,CE,Towers with Radar,13,23,42,138,216,0,0,29,55,84,13,23,71,193,300,38,218,256,556
12/05/2001,MOB,AL,ASO,CE,Towers with Radar,12,24,46,115,197,0,0,10,36,46,12,24,56,151,243,32,126,158,401
12/06/2001,MOB,AL,ASO,CE,Towers with Radar,12,27,59,99,197,0,0,16,44,60,12,27,75,143,257,4,186,190,447
12/07/2001,MOB,AL,ASO,CE,Towers with Radar,17,22,38,62,139,0,0,13,15,28,17,22,51,77,167,0,152,152,319
12/08/2001,MOB,AL,ASO,CE,Towers with Radar,12,19,43,17,91,0,0,26,8,34,12,19,69,25,125,46,8,54,179
12/09/2001,MOB,AL,ASO,CE,Towers with Radar,16,28,33,20,97,0,0,10,8,18,16,28,43,28,115,98,24,122,237
12/10/2001,MOB,AL,ASO,CE,Towers with Radar,16,27,36,109,188,0,1,2,3,6,16,28,38,112,194,2,86,88,282
12/11/2001,MOB,AL,ASO,CE,Towers with Radar,17,22,57,90,186,0,0,1,66,67,17,22,58,156,253,0,60,60,313
12/12/2001,MOB,AL,ASO,CE,Towers with Radar,12,21,23,43,99,0,11,0,0,11,12,32,23,43,110,0,40,40,150
12/13/2001,MOB,AL,ASO,CE,Towers with Radar,16,23,28,61,128,5,0,0,34,39,21,23,28,95,167,0,110,110,277
12/14/2001,MOB,AL,ASO,CE,Towers with Radar,21,24,33,78,156,0,1,16,10,27,21,25,49,88,183,74,102,176,359
12/15/2001,MOB,AL,ASO,CE,Towers with Radar,14,23,49,24,110,0,1,32,4,37,14,24,81,28,147,76,24,100,247
12/16/2001,MOB,AL,ASO,CE,Towers with Radar,19,18,22,37,96,0,3,3,6,12,19,21,25,43,108,18,8,26,134
12/17/2001,MOB,AL,ASO,CE,Towers with Radar,17,22,23,39,101,0,1,2,9,12,17,23,25,48,113,0,0,0,113
12/18/2001,MOB,AL,ASO,CE,Towers with Radar,12,25,43,67,147,0,2,38,30,70,12,27,81,97,217,20,144,164,381
12/19/2001,MOB,AL,ASO,CE,Towers with Radar,15,26,32,67,140,0,1,14,25,40,15,27,46,92,180,4,62,66,246
12/20/2001,MOB,AL,ASO,CE,Towers with Radar,21,25,57,93,196,0,0,37,47,84,21,25,94,140,280,72,160,232,512
12/21/2001,MOB,AL,ASO,CE,Towers with Radar,11,27,32,81,151,0,1,32,13,46,11,28,64,94,197,12,54,66,263
12/22/2001,MOB,AL,ASO,CE,Towers with Radar,13,19,22,7,61,0,1,21,0,22,13,20,43,7,83,4,18,22,105
12/23/2001,MOB,AL,ASO,CE,Towers with Radar,19,20,19,6,64,0,1,4,1,6,19,21,23,7,70,0,2,2,72
12/24/2001,MOB,AL,ASO,CE,Towers with Radar,13,13,15,2,43,0,3,20,3,26,13,16,35,5,69,48,6,54,123
12/25/2001,MOB,AL,ASO,CE,Towers with Radar,6,21,12,0,39,0,1,16,0,17,6,22,28,0,56,8,0,8,64
12/26/2001,MOB,AL,ASO,CE,Towers with Radar,13,29,23,24,89,0,1,34,8,43,13,30,57,32,132,14,36,50,182
12/27/2001,MOB,AL,ASO,CE,Towers with Radar,9,24,31,37,101,0,1,26,10,37,9,25,57,47,138,4,78,82,220
12/28/2001,MOB,AL,ASO,CE,Towers with Radar,19,15,27,16,77,0,1,19,13,33,19,16,46,29,110,34,122,156,266
12/29/2001,MOB,AL,ASO,CE,Towers with Radar,15,21,40,9,85,0,1,27,8,36,15,22,67,17,121,50,80,130,251
12/30/2001,MOB,AL,ASO,CE,Towers with Radar,14,18,28,1,61,0,0,25,1,26,14,18,53,2,87,32,0,32,119
12/31/2001,MOB,AL,ASO,CE,Towers with Radar,16,25,18,26,85,0,0,18,9,27,16,25,36,35,112,42,86,128,240
01/01/2002,MOB,AL,ASO,CE,Towers with Radar,14,26,20,1,61,1,1,13,2,17,15,27,33,3,78,0,0,0,78
01/02/2002,MOB,AL,ASO,CE,Towers with Radar,6,23,9,32,70,0,0,0,4,4,6,23,9,36,74,0,32,32,106
01/03/2002,MOB,AL,ASO,CE,Towers with Radar,2,30,30,87,149,0,0,16,20,36,2,30,46,107,185,4,174,178,363
01/04/2002,MOB,AL,ASO,CE,Towers with Radar,14,26,31,74,145,4,0,22,31,57,18,26,53,105,202,42,146,188,390
01/05/2002,MOB,AL,ASO,CE,Towers with Radar,4,10,11,7,32,12,6,19,0,37,16,16,30,7,69,48,14,62,131
01/06/2002,MOB,AL,ASO,CE,Towers with Radar,15,28,35,8,86,0,0,6,6,12,15,28,41,14,98,56,134,190,288
01/07/2002,MOB,AL,ASO,CE,Towers with Radar,23,18,9,36,86,0,0,10,35,45,23,18,19,71,131,0,50,50,181
01/08/2002,MOB,AL,ASO,CE,Towers with Radar,14,28,37,174,253,0,0,24,42,66,14,28,61,216,319,14,236,250,569
01/09/2002,MOB,AL,ASO,CE,Towers with Radar,12,28,25,137,202,0,0,24,40,64,12,28,49,177,266,64,118,182,448
01/10/2002,MOB,AL,ASO,CE,Towers with Radar,17,22,47,111,197,0,0,31,33,64,17,22,78,144,261,70,106,176,437
01/11/2002,MOB,AL,ASO,CE,Towers with Radar,13,21,43,64,141,0,0,15,14,29,13,21,58,78,170,10,28,38,208
01/12/2002,MOB,AL,ASO,CE,Towers with Radar,7,17,15,12,51,6,3,19,0,28,13,20,34,12,79,0,50,50,129
01/13/2002,MOB,AL,ASO,CE,Towers with Radar,16,26,37,23,102,0,0,53,19,72,16,26,90,42,174,52,42,94,268
01/14/2002,MOB,AL,ASO,CE,Towers with Radar,14,31,24,66,135,0,0,1,3,4,14,31,25,69,139,0,0,0,139
01/15/2002,MOB,AL,ASO,CE,Towers with Radar,15,25,20,108,168,0,0,28,58,86,15,25,48,166,254,38,108,146,400
01/16/2002,MOB,AL,ASO,CE,Towers with Radar,12,28,37,99,176,0,0,0,106,106,12,28,37,205,282,16,172,188,470
01/17/2002,MOB,AL,ASO,CE,Towers with Radar,14,29,59,122,224,0,0,27,43,70,14,29,86,165,294,24,240,264,558
01/18/2002,MOB,AL,ASO,CE,Towers with Radar,17,24,37,63,141,0,0,10,12,22,17,24,47,75,163,16,48,64,227
01/19/2002,MOB,AL,ASO,CE,Towers with Radar,13,25,12,8,58,0,0,0,4,4,13,25,12,12,62,0,4,4,66
01/20/2002,MOB,AL,ASO,CE,Towers with Radar,12,21,23,12,68,0,27,28,0,55,12,48,51,12,123,98,0,98,221
01/21/2002,MOB,AL,ASO,CE,Towers with Radar,13,27,28,33,101,0,0,28,12,40,13,27,56,45,141,10,46,56,197
01/22/2002,MOB,AL,ASO,CE,Towers with Radar,14,26,43,90,173,0,0,9,13,22,14,26,52,103,195,12,72,84,279
01/23/2002,MOB,AL,ASO,CE,Towers with Radar,18,26,42,171,257,0,0,8,16,24,18,26,50,187,281,0,60,60,341
01/24/2002,MOB,AL,ASO,CE,Towers with Radar,19,31,41,133,224,0,0,6,12,18,19,31,47,145,242,42,82,124,366
01/25/2002,MOB,AL,ASO,CE,Towers with Radar,15,29,33,97,174,0,0,16,33,49,15,29,49,130,223,28,96,124,347
01/26/2002,MOB,AL,ASO,CE,Towers with Radar,13,22,19,16,70,0,1,44,16,61,13,23,63,32,131,64,50,114,245
01/27/2002,MOB,AL,ASO,CE,Towers with Radar,14,31,31,6,82,0,0,2,3,5,14,31,33,9,87,14,0,14,101
01/28/2002,MOB,AL,ASO,CE,Towers with Radar,12,25,18,71,126,0,0,2,11,13,12,25,20,82,139,32,28,60,199
01/29/2002,MOB,AL,ASO,CE,Towers with Radar,13,27,27,100,167,0,0,1,29,30,13,27,28,129,197,14,64,78,275
01/30/2002,MOB,AL,ASO,CE,Towers with Radar,18,24,34,167,243,0,0,4,21,25,18,24,38,188,268,30,122,152,420
01/31/2002,MOB,AL,ASO,CE,Towers with Radar,16,22,27,134,199,0,0,0,10,10,16,22,27,144,209,0,88,88,297
02/01/2002,MOB,AL,ASO,CE,Towers with Radar,34,17,30,123,204,1,0,36,36,73,35,17,66,159,277,44,196,240,517
02/02/2002,MOB,AL,ASO,CE,Towers with Radar,13,25,35,30,103,1,0,40,10,51,14,25,75,40,154,44,48,92,246
02/03/2002,MOB,AL,ASO,CE,Towers with Radar,19,22,37,10,88,1,0,18,16,35,20,22,55,26,123,92,18,110,233
02/04/2002,MOB,AL,ASO,CE,Towers with Radar,11,27,22,110,170,1,0,17,31,49,12,27,39,141,219,30,102,132,351
02/05/2002,MOB,AL,ASO,CE,Towers with Radar,12,25,29,56,122,1,0,10,21,32,13,25,39,77,154,22,78,100,254
02/06/2002,MOB,AL,ASO,CE,Towers with Radar,8,20,41,8,77,0,0,1,2,3,8,20,42,10,80,4,0,4,84
02/07/2002,MOB,AL,ASO,CE,Towers with Radar,16,24,39,112,191,0,0,15,38,53,16,24,54,150,244,40,110,150,394
02/08/2002,MOB,AL,ASO,CE,Towers with Radar,13,29,25,163,230,0,0,41,34,75,13,29,66,197,305,138,236,374,679
02/09/2002,MOB,AL,ASO,CE,Towers with Radar,15,20,32,5,72,0,0,38,7,45,15,20,70,12,117,18,22,40,157
02/10/2002,MOB,AL,ASO,CE,Towers with Radar,12,27,22,39,100,0,0,7,8,15,12,27,29,47,115,58,0,58,173
02/11/2002,MOB,AL,ASO,CE,Towers with Radar,18,21,38,154,231,0,0,26,33,59,18,21,64,187,290,68,294,362,652
02/12/2002,MOB,AL,ASO,CE,Towers with Radar,18,24,28,92,162,0,0,31,27,58,18,24,59,119,220,46,114,160,380
02/13/2002,MOB,AL,ASO,CE,Towers with Radar,13,28,27,112,180,0,1,13,46,60,13,29,40,158,240,30,158,188,428
02/14/2002,MOB,AL,ASO,CE,Towers with Radar,19,31,45,109,204,0,0,39,44,83,19,31,84,153,287,32,116,148,435
02/15/2002,MOB,AL,ASO,CE,Towers with Radar,15,30,45,52,142,0,0,12,14,26,15,30,57,66,168,4,104,108,276
02/16/2002,MOB,AL,ASO,CE,Towers with Radar,15,25,33,7,80,0,0,40,6,46,15,25,73,13,126,56,8,64,190
02/17/2002,MOB,AL,ASO,CE,Towers with Radar,11,27,37,1,76,0,0,35,7,42,11,27,72,8,118,52,2,54,172
02/18/2002,MOB,AL,ASO,CE,Towers with Radar,15,23,23,24,85,0,0,24,23,47,15,23,47,47,132,16,38,54,186
02/19/2002,MOB,AL,ASO,CE,Towers with Radar,15,23,26,120,184,0,2,10,52,64,15,25,36,172,248,28,134,162,410
02/20/2002,MOB,AL,ASO,CE,Towers with Radar,16,29,38,91,174,0,2,25,70,97,16,31,63,161,271,28,182,210,481
02/21/2002,MOB,AL,ASO,CE,Towers with Radar,13,28,32,114,187,0,0,36,45,81,13,28,68,159,268,2,218,220,488
02/22/2002,MOB,AL,ASO,CE,Towers with Radar,13,29,19,87,148,0,3,29,22,54,13,32,48,109,202,20,90,110,312
02/23/2002,MOB,AL,ASO,CE,Towers with Radar,11,18,24,40,93,1,8,29,0,38,12,26,53,40,131,62,26,88,219
02/24/2002,MOB,AL,ASO,CE,Towers with Radar,9,16,22,27,74,3,11,77,0,91,12,27,99,27,165,128,22,150,315
02/25/2002,MOB,AL,ASO,CE,Towers with Radar,17,24,45,106,192,0,0,28,37,65,17,24,73,143,257,24,168,192,449
02/26/2002,MOB,AL,ASO,CE,Towers with Radar,13,28,26,147,214,0,0,17,43,60,13,28,43,190,274,12,240,252,526
02/27/2002,MOB,AL,ASO,CE,Towers with Radar,19,23,33,131,206,0,0,22,43,65,19,23,55,174,271,10,198,208,479
02/28/2002,MOB,AL,ASO,CE,Towers with Radar,13,30,42,103,188,0,0,44,56,100,13,30,86,159,288,12,232,244,532
03/01/2002,MOB,AL,ASO,CE,Towers with Radar,32,27,36,80,175,2,0,14,33,49,34,27,50,113,224,20,178,198,422
03/02/2002,MOB,AL,ASO,CE,Towers with Radar,9,15,15,20,59,15,8,32,0,55,24,23,47,20,114,40,0,40,154
03/03/2002,MOB,AL,ASO,CE,Towers with Radar,12,30,20,36,98,0,0,8,9,17,12,30,28,45,115,0,22,22,137
03/04/2002,MOB,AL,ASO,CE,Towers with Radar,17,25,31,88,161,1,0,10,84,95,18,25,41,172,256,26,178,204,460
03/05/2002,MOB,AL,ASO,CE,Towers with Radar,14,30,44,156,244,0,0,55,56,111,14,30,99,212,355,46,166,212,567
03/06/2002,MOB,AL,ASO,CE,Towers with Radar,13,32,34,94,173,0,0,14,84,98,13,32,48,178,271,18,138,156,427
03/07/2002,MOB,AL,ASO,CE,Towers with Radar,12,30,35,95,172,0,0,25,41,66,12,30,60,136,238,18,98,116,354
03/08/2002,MOB,AL,ASO,CE,Towers with Radar,17,25,32,86,160,1,0,30,1,32,18,25,62,87,192,2,128,130,322
03/09/2002,MOB,AL,ASO,CE,Towers with Radar,16,25,29,2,72,0,0,9,0,9,16,25,38,2,81,4,2,6,87
03/10/2002,MOB,AL,ASO,CE,Towers with Radar,13,27,24,34,98,0,1,22,10,33,13,28,46,44,131,2,0,2,133
03/11/2002,MOB,AL,ASO,CE,Towers with Radar,22,20,17,40,99,0,1,18,35,54,22,21,35,75,153,10,98,108,261
03/12/2002,MOB,AL,ASO,CE,Towers with Radar,10,27,20,33,90,2,2,7,3,14,12,29,27,36,104,2,0,2,106
03/13/2002,MOB,AL,ASO,CE,Towers with Radar,16,32,36,97,181,0,1,8,54,63,16,33,44,151,244,42,128,170,414
03/14/2002,MOB,AL,ASO,CE,Towers with Radar,13,30,43,128,214,0,1,29,40,70,13,31,72,168,284,38,112,150,434
03/15/2002,MOB,AL,ASO,CE,Towers with Radar,25,34,26,130,215,0,1,1,0,2,25,35,27,130,217,20,44,64,281
03/16/2002,MOB,AL,ASO,CE,Towers with Radar,18,36,30,32,116,0,1,8,5,14,18,37,38,37,130,16,12,28,158
03/17/2002,MOB,AL,ASO,CE,Towers with Radar,15,28,16,38,97,0,1,10,3,14,15,29,26,41,111,10,4,14,125
03/18/2002,MOB,AL,ASO,CE,Towers with Radar,17,26,36,98,177,0,0,0,47,47,17,26,36,145,224,58,218,276,500
03/19/2002,MOB,AL,ASO,CE,Towers with Radar,17,27,33,226,303,0,1,15,32,48,17,28,48,258,351,0,262,262,613
03/20/2002,MOB,AL,ASO,CE,Towers with Radar,13,31,33,144,221,0,1,3,12,16,13,32,36,156,237,12,236,248,485
03/21/2002,MOB,AL,ASO,CE,Towers with Radar,14,31,56,127,228,0,1,27,45,73,14,32,83,172,301,16,108,124,425
03/22/2002,MOB,AL,ASO,CE,Towers with Radar,15,27,34,77,153,0,1,35,42,78,15,28,69,119,231,4,64,68,299
03/23/2002,MOB,AL,ASO,CE,Towers with Radar,15,21,36,6,78,0,1,34,9,44,15,22,70,15,122,48,20,68,190
03/24/2002,MOB,AL,ASO,CE,Towers with Radar,17,27,34,30,108,0,1,27,6,34,17,28,61,36,142,64,18,82,224
03/25/2002,MOB,AL,ASO,CE,Towers with Radar,19,26,42,134,221,0,1,12,9,22,19,27,54,143,243,20,96,116,359
03/26/2002,MOB,AL,ASO,CE,Towers with Radar,13,30,7,73,123,0,1,7,13,21,13,31,14,86,144,2,40,42,186
03/27/2002,MOB,AL,ASO,CE,Towers with Radar,17,25,31,85,158,0,0,26,34,60,17,25,57,119,218,36,126,162,380
03/28/2002,MOB,AL,ASO,CE,Towers with Radar,20,34,38,159,251,0,1,44,30,75,20,35,82,189,326,20,208,228,554
03/29/2002,MOB,AL,ASO,CE,Towers with Radar,12,25,48,66,151,0,1,25,19,45,12,26,73,85,196,22,88,110,306
03/30/2002,MOB,AL,ASO,CE,Towers with Radar,17,20,24,4,65,0,1,23,0,24,17,21,47,4,89,98,6,104,193
03/31/2002,MOB,AL,ASO,CE,Towers with Radar,16,22,17,8,63,0,0,4,0,4,16,22,21,8,67,22,0,22,89
04/01/2002,MOB,AL,ASO,CE,Towers with Radar,11,34,42,134,221,1,0,25,46,72,12,34,67,180,293,44,182,226,519
04/02/2002,MOB,AL,ASO,CE,Towers with Radar,15,27,39,104,185,0,0,18,40,58,15,27,57,144,243,60,270,330,573
04/03/2002,MOB,AL,ASO,CE,Towers with Radar,16,28,40,95,179,0,0,1,59,60,16,28,41,154,239,34,226,260,499
04/04/2002,MOB,AL,ASO,CE,Towers with Radar,18,29,35,149,231,1,0,26,25,52,19,29,61,174,283,30,202,232,515
04/05/2002,MOB,AL,ASO,CE,Towers with Radar,16,30,43,42,131,0,1,50,29,80,16,31,93,71,211,106,86,192,403
04/06/2002,MOB,AL,ASO,CE,Towers with Radar,12,25,38,19,94,0,2,52,9,63,12,27,90,28,157,14,36,50,207
04/07/2002,MOB,AL,ASO,CE,Towers with Radar,9,18,21,39,87,6,5,33,0,44,15,23,54,39,131,46,18,64,195
04/08/2002,MOB,AL,ASO,CE,Towers with Radar,16,25,22,36,99,1,1,5,3,10,17,26,27,39,109,0,0,0,109
04/09/2002,MOB,AL,ASO,CE,Towers with Radar,13,25,29,73,140,0,6,14,0,20,13,31,43,73,160,16,114,130,290
04/10/2002,MOB,AL,ASO,CE,Towers with Radar,14,33,50,119,216,0,0,35,52,87,14,33,85,171,303,2,162,164,467
04/11/2002,MOB,AL,ASO,CE,Towers with Radar,11,29,27,19,86,0,1,5,16,22,11,30,32,35,108,0,18,18,126
04/12/2002,MOB,AL,ASO,CE,Towers with Radar,14,29,17,51,111,0,1,3,2,6,14,30,20,53,117,38,4,42,159
04/13/2002,MOB,AL,ASO,CE,Towers with Radar,16,22,16,4,58,0,1,16,4,21,16,23,32,8,79,22,58,80,159
04/14/2002,MOB,AL,ASO,CE,Towers with Radar,18,25,25,19,87,0,1,20,6,27,18,26,45,25,114,18,0,18,132
04/15/2002,MOB,AL,ASO,CE,Towers with Radar,13,32,34,100,179,0,1,26,40,67,13,33,60,140,246,4,208,212,458
04/16/2002,MOB,AL,ASO,CE,Towers with Radar,14,28,28,161,231,0,1,39,43,83,14,29,67,204,314,78,322,400,714
04/17/2002,MOB,AL,ASO,CE,Towers with Radar,13,28,38,148,227,0,1,39,25,65,13,29,77,173,292,42,86,128,420
04/18/2002,MOB,AL,ASO,CE,Towers with Radar,13,31,38,106,188,0,1,46,32,79,13,32,84,138,267,20,176,196,463
04/19/2002,MOB,AL,ASO,CE,Towers with Radar,19,20,45,71,155,0,1,32,20,53,19,21,77,91,208,2,268,270,478
04/20/2002,MOB,AL,ASO,CE,Towers with Radar,17,18,25,18,78,0,1,22,9,32,17,19,47,27,110,86,42,128,238
04/21/2002,MOB,AL,ASO,CE,Towers with Radar,18,22,31,26,97,0,1,46,12,59,18,23,77,38,156,28,24,52,208
04/22/2002,MOB,AL,ASO,CE,Towers with Radar,16,27,40,94,177,0,0,8,50,58,16,27,48,144,235,32,312,344,579
04/23/2002,MOB,AL,ASO,CE,Towers with Radar,19,36,44,101,200,0,1,28,49,78,19,37,72,150,278,140,250,390,668
04/24/2002,MOB,AL,ASO,CE,Towers with Radar,14,28,38,130,210,0,1,29,38,68,14,29,67,168,278,68,138,206,484
04/25/2002,MOB,AL,ASO,CE,Towers with Radar,12,29,30,128,199,0,1,19,32,52,12,30,49,160,251,84,282,366,617
04/26/2002,MOB,AL,ASO,CE,Towers with Radar,16,27,46,62,151,0,0,25,16,41,16,27,71,78,192,6,98,104,296
04/27/2002,MOB,AL,ASO,CE,Towers with Radar,14,21,19,6,60,0,0,14,8,22,14,21,33,14,82,26,54,80,162
04/28/2002,MOB,AL,ASO,CE,Towers with Radar,11,20,23,35,89,8,2,18,0,28,19,22,41,35,117,62,118,180,297
04/29/2002,MOB,AL,ASO,CE,Towers with Radar,15,34,22,75,146,0,0,19,39,58,15,34,41,114,204,14,190,204,408
04/30/2002,MOB,AL,ASO,CE,Towers with Radar,16,27,38,90,171,0,0,20,68,88,16,27,58,158,259,44,176,220,479
05/01/2002,MOB,AL,ASO,CE,Towers with Radar,14,31,49,145,239,0,0,19,44,63,14,31,68,189,302,14,104,118,420
05/02/2002,MOB,AL,ASO,CE,Towers with Radar,13,39,26,36,114,0,0,12,34,46,13,39,38,70,160,12,110,122,282
05/03/2002,MOB,AL,ASO,CE,Towers with Radar,9,31,28,118,186,0,0,20,43,63,9,31,48,161,249,20,121,141,390
05/04/2002,MOB,AL,ASO,CE,Towers with Radar,20,18,22,7,67,0,0,23,6,29,20,18,45,13,96,28,30,58,154
05/05/2002,MOB,AL,ASO,CE,Towers with Radar,20,24,27,18,89,0,0,29,16,45,20,24,56,34,134,39,50,89,223
05/06/2002,MOB,AL,ASO,CE,Towers with Radar,19,25,35,78,157,2,0,3,42,47,21,25,38,120,204,10,84,94,298
05/07/2002,MOB,AL,ASO,CE,Towers with Radar,16,25,39,80,160,0,0,23,58,81,16,25,62,138,241,44,263,307,548
05/08/2002,MOB,AL,ASO,CE,Towers with Radar,10,32,36,96,174,0,0,19,44,63,10,32,55,140,237,25,113,138,375
05/09/2002,MOB,AL,ASO,CE,Towers with Radar,13,30,39,117,199,0,0,30,36,66,13,30,69,153,265,13,70,83,348
05/10/2002,MOB,AL,ASO,CE,Towers with Radar,13,28,32,69,142,0,0,18,23,41,13,28,50,92,183,51,138,189,372
05/11/2002,MOB,AL,ASO,CE,Towers with Radar,15,19,21,5,60,0,1,32,6,39,15,20,53,11,99,38,14,52,151
05/12/2002,MOB,AL,ASO,CE,Towers with Radar,9,16,17,22,64,8,1,30,0,39,17,17,47,22,103,22,16,38,141
05/13/2002,MOB,AL,ASO,CE,Towers with Radar,13,26,24,15,78,0,1,10,23,34,13,27,34,38,112,6,104,110,222
05/14/2002,MOB,AL,ASO,CE,Towers with Radar,13,29,13,101,156,0,0,36,25,61,13,29,49,126,217,42,148,190,407
05/15/2002,MOB,AL,ASO,CE,Towers with Radar,18,28,31,142,219,0,0,30,28,58,18,28,61,170,277,38,128,166,443
05/16/2002,MOB,AL,ASO,CE,Towers with Radar,16,30,32,92,170,0,0,46,37,83,16,30,78,129,253,124,208,332,585
05/17/2002,MOB,AL,ASO,CE,Towers with Radar,20,26,22,65,133,0,0,17,23,40,20,26,39,88,173,28,60,88,261
05/18/2002,MOB,AL,ASO,CE,Towers with Radar,14,22,20,4,60,0,1,5,6,12,14,23,25,10,72,0,0,0,72
05/19/2002,MOB,AL,ASO,CE,Towers with Radar,22,22,33,20,97,0,0,13,21,34,22,22,46,41,131,50,68,118,249
05/20/2002,MOB,AL,ASO,CE,Towers with Radar,18,31,34,72,155,0,0,17,52,69,18,31,51,124,224,36,190,226,450
05/21/2002,MOB,AL,ASO,CE,Towers with Radar,13,28,34,71,146,0,0,20,52,72,13,28,54,123,218,34,195,229,447
05/22/2002,MOB,AL,ASO,CE,Towers with Radar,12,31,24,101,168,0,0,18,36,54,12,31,42,137,222,18,198,216,438
05/23/2002,MOB,AL,ASO,CE,Towers with Radar,12,30,36,123,201,0,0,31,42,73,12,30,67,165,274,146,228,374,648
05/24/2002,MOB,AL,ASO,CE,Towers with Radar,17,27,49,24,117,0,0,37,27,64,17,27,86,51,181,34,10,44,225
05/25/2002,MOB,AL,ASO,CE,Towers with Radar,8,16,16,2,42,9,4,32,0,45,17,20,48,2,87,60,14,74,161
05/26/2002,MOB,AL,ASO,CE,Towers with Radar,16,23,34,10,83,0,0,21,6,27,16,23,55,16,110,70,30,100,210
05/27/2002,MOB,AL,ASO,CE,Towers with Radar,10,20,21,13,64,6,7,61,0,74,16,27,82,13,138,100,4,104,242
05/28/2002,MOB,AL,ASO,CE,Towers with Radar,11,34,31,99,175,0,0,25,36,61,11,34,56,135,236,38,118,156,392
05/29/2002,MOB,AL,ASO,CE,Towers with Radar,18,32,38,57,145,0,0,9,32,41,18,32,47,89,186,28,40,68,254
05/30/2002,MOB,AL,ASO,CE,Towers with Radar,12,29,20,73,134,0,0,13,24,37,12,29,33,97,171,8,82,90,261
05/31/2002,MOB,AL,ASO,CE,Towers with Radar,12,27,26,42,107,0,0,18,25,43,12,27,44,67,150,9,68,77,227
06/01/2002,MOB,AL,ASO,CE,Towers with Radar,15,22,14,4,55,1,1,13,8,23,16,23,27,12,78,6,18,24,102
06/02/2002,MOB,AL,ASO,CE,Towers with Radar,12,27,18,8,65,0,1,28,14,43,12,28,46,22,108,4,13,17,125
06/03/2002,MOB,AL,ASO,CE,Towers with Radar,12,32,29,87,160,0,0,10,61,71,12,32,39,148,231,108,122,230,461
06/04/2002,MOB,AL,ASO,CE,Towers with Radar,15,26,19,101,161,0,0,26,56,82,15,26,45,157,243,92,144,236,479
06/05/2002,MOB,AL,ASO,CE,Towers with Radar,15,29,31,86,161,0,0,23,59,82,15,29,54,145,243,28,126,154,397
06/06/2002,MOB,AL,ASO,CE,Towers with Radar,13,26,33,58,130,0,0,12,14,26,13,26,45,72,156,16,92,108,264
06/07/2002,MOB,AL,ASO,CE,Towers with Radar,20,24,23,41,108,0,0,19,23,42,20,24,42,64,150,63,51,114,264
06/08/2002,MOB,AL,ASO,CE,Towers with Radar,22,13,32,0,67,0,0,20,9,29,22,13,52,9,96,48,26,74,170
06/09/2002,MOB,AL,ASO,CE,Towers with Radar,14,25,25,22,86,1,3,18,0,22,15,28,43,22,108,8,14,22,130
06/10/2002,MOB,AL,ASO,CE,Towers with Radar,12,36,37,75,160,0,0,13,49,62,12,36,50,124,222,24,358,382,604
06/11/2002,MOB,AL,ASO,CE,Towers with Radar,15,31,19,111,176,0,0,22,54,76,15,31,41,165,252,63,214,277,529
06/12/2002,MOB,AL,ASO,CE,Towers with Radar,12,33,48,137,230,0,0,26,40,66,12,33,74,177,296,10,196,206,502
06/13/2002,MOB,AL,ASO,CE,Towers with Radar,14,34,30,86,164,0,0,22,43,65,14,34,52,129,229,40,184,224,453
06/14/2002,MOB,AL,ASO,CE,Towers with Radar,16,30,54,72,172,0,0,24,28,52,16,30,78,100,224,36,212,248,472
06/15/2002,MOB,AL,ASO,CE,Towers with Radar,25,17,34,13,89,3,0,34,9,46,28,17,68,22,135,87,6,93,228
06/16/2002,MOB,AL,ASO,CE,Towers with Radar,11,18,19,24,72,9,0,22,0,31,20,18,41,24,103,29,4,33,136
06/17/2002,MOB,AL,ASO,CE,Towers with Radar,14,35,22,62,133,0,0,10,32,42,14,35,32,94,175,50,198,248,423
06/18/2002,MOB,AL,ASO,CE,Towers with Radar,12,32,25,71,140,0,0,18,46,64,12,32,43,117,204,0,72,72,276
06/19/2002,MOB,AL,ASO,CE,Towers with Radar,13,30,36,27,106,0,0,13,36,49,13,30,49,63,155,8,98,106,261
06/20/2002,MOB,AL,ASO,CE,Towers with Radar,14,28,31,77,150,0,0,15,51,66,14,28,46,128,216,16,43,59,275
06/21/2002,MOB,AL,ASO,CE,Towers with Radar,17,32,31,59,139,0,0,21,37,58,17,32,52,96,197,54,242,296,493
06/22/2002,MOB,AL,ASO,CE,Towers with Radar,11,17,15,28,71,7,3,2,5,17,18,20,17,33,88,0,12,12,100
06/23/2002,MOB,AL,ASO,CE,Towers with Radar,12,20,20,9,61,11,6,22,0,39,23,26,42,9,100,20,4,24,124
06/24/2002,MOB,AL,ASO,CE,Towers with Radar,12,35,19,73,139,0,0,17,46,63,12,35,36,119,202,4,126,130,332
06/25/2002,MOB,AL,ASO,CE,Towers with Radar,14,29,28,38,109,0,2,11,35,48,14,31,39,73,157,8,48,56,213
06/26/2002,MOB,AL,ASO,CE,Towers with Radar,14,33,28,48,123,0,0,9,33,42,14,33,37,81,165,66,240,306,471
06/27/2002,MOB,AL,ASO,CE,Towers with Radar,14,33,27,92,166,0,0,4,38,42,14,33,31,130,208,54,220,274,482
06/28/2002,MOB,AL,ASO,CE,Towers with Radar,16,37,37,58,148,0,0,21,41,62,16,37,58,99,210,18,118,136,346
06/29/2002,MOB,AL,ASO,CE,Towers with Radar,11,18,18,9,56,9,1,37,0,47,20,19,55,9,103,26,34,60,163
06/30/2002,MOB,AL,ASO,CE,Towers with Radar,19,27,29,10,85,0,2,14,8,24,19,29,43,18,109,44,53,97,206
07/01/2002,MOB,AL,ASO,CE,Towers with Radar,12,35,17,69,133,0,1,11,15,27,12,36,28,84,160,12,146,158,318
07/02/2002,MOB,AL,ASO,CE,Towers with Radar,10,31,39,97,177,0,1,21,22,44,10,32,60,119,221,68,176,244,465
07/03/2002,MOB,AL,ASO,CE,Towers with Radar,14,33,34,97,178,0,0,23,32,55,14,33,57,129,233,24,84,108,341
07/04/2002,MOB,AL,ASO,CE,Towers with Radar,5,27,3,2,37,0,1,35,10,46,5,28,38,12,83,2,12,14,97
07/05/2002,MOB,AL,ASO,CE,Towers with Radar,13,25,12,12,62,0,1,18,15,34,13,26,30,27,96,4,36,40,136
07/06/2002,MOB,AL,ASO,CE,Towers with Radar,18,20,12,0,50,0,2,33,2,37,18,22,45,2,87,28,0,28,115
07/07/2002,MOB,AL,ASO,CE,Towers with Radar,12,21,16,10,59,2,1,21,0,24,14,22,37,10,83,0,0,0,83
07/08/2002,MOB,AL,ASO,CE,Towers with Radar,15,31,18,69,133,0,0,16,50,66,15,31,34,119,199,0,164,164,363
07/09/2002,MOB,AL,ASO,CE,Towers with Radar,12,35,30,142,219,0,0,17,33,50,12,35,47,175,269,24,144,168,437
07/10/2002,MOB,AL,ASO,CE,Towers with Radar,17,27,28,123,195,0,0,31,31,62,17,27,59,154,257,44,92,136,393
07/11/2002,MOB,AL,ASO,CE,Towers with Radar,12,28,27,77,144,0,0,27,40,67,12,28,54,117,211,52,86,138,349
07/12/2002,MOB,AL,ASO,CE,Towers with Radar,16,28,19,58,121,0,0,11,21,32,16,28,30,79,153,10,34,44,197
07/13/2002,MOB,AL,ASO,CE,Towers with Radar,8,17,13,9,47,7,6,14,0,27,15,23,27,9,74,0,10,10,84
07/14/2002,MOB,AL,ASO,CE,Towers with Radar,15,24,12,3,54,0,0,21,7,28,15,24,33,10,82,56,20,76,158
07/15/2002,MOB,AL,ASO,CE,Towers with Radar,13,36,39,63,151,0,1,16,33,50,13,37,55,96,201,42,116,158,359
07/16/2002,MOB,AL,ASO,CE,Towers with Radar,12,34,25,114,185,0,0,36,21,57,12,34,61,135,242,24,106,130,372
07/17/2002,MOB,AL,ASO,CE,Towers with Radar,15,31,33,80,159,0,0,1,69,70,15,31,34,149,229,27,163,190,419
07/18/2002,MOB,AL,ASO,CE,Towers with Radar,14,36,42,107,199,0,0,30,36,66,14,36,72,143,265,50,286,336,601
07/19/2002,MOB,AL,ASO,CE,Towers with Radar,14,31,36,62,143,0,2,25,20,47,14,33,61,82,190,38,58,96,286
07/20/2002,MOB,AL,ASO,CE,Towers with Radar,17,17,27,6,67,0,0,35,5,40,17,17,62,11,107,18,0,18,125
07/21/2002,MOB,AL,ASO,CE,Towers with Radar,18,26,45,18,107,0,2,15,3,20,18,28,60,21,127,36,18,54,181
07/22/2002,MOB,AL,ASO,CE,Towers with Radar,12,35,24,24,95,0,2,9,19,30,12,37,33,43,125,48,26,74,199
07/23/2002,MOB,AL,ASO,CE,Towers with Radar,10,33,38,75,156,0,0,17,47,64,10,33,55,122,220,64,167,231,451
07/24/2002,MOB,AL,ASO,CE,Towers with Radar,13,29,24,56,122,11,0,7,32,50,24,29,31,88,172,16,112,128,300
07/25/2002,MOB,AL,ASO,CE,Towers with Radar,12,36,38,93,179,0,0,2,27,29,12,36,40,120,208,26,111,137,345
07/26/2002,MOB,AL,ASO,CE,Towers with Radar,14,33,26,75,148,0,0,23,34,57,14,33,49,109,205,34,132,166,371
07/27/2002,MOB,AL,ASO,CE,Towers with Radar,13,25,8,6,52,0,2,24,5,31,13,27,32,11,83,26,25,51,134
07/28/2002,MOB,AL,ASO,CE,Towers with Radar,15,31,17,13,76,0,0,27,4,31,15,31,44,17,107,28,20,48,155
07/29/2002,MOB,AL,ASO,CE,Towers with Radar,17,31,19,55,122,0,0,22,35,57,17,31,41,90,179,0,58,58,237
07/30/2002,MOB,AL,ASO,CE,Towers with Radar,23,36,30,74,163,0,1,14,40,55,23,37,44,114,218,58,150,208,426
07/31/2002,MOB,AL,ASO,CE,Towers with Radar,27,26,26,112,191,0,1,22,45,68,27,27,48,157,259,156,248,404,663
08/01/2002,MOB,AL,ASO,CE,Towers with Radar,25,31,23,71,150,2,0,40,38,80,27,31,63,109,230,6,62,68,298
08/02/2002,MOB,AL,ASO,CE,Towers with Radar,14,31,34,31,110,1,0,19,21,41,15,31,53,52,151,26,6,32,183
08/03/2002,MOB,AL,ASO,CE,Towers with Radar,24,19,49,23,115,1,0,38,13,52,25,19,87,36,167,52,19,71,238
08/04/2002,MOB,AL,ASO,CE,Towers with Radar,14,26,26,1,67,1,0,22,5,28,15,26,48,6,95,2,3,5,100
08/05/2002,MOB,AL,ASO,CE,Towers with Radar,17,28,28,28,101,1,0,10,18,29,18,28,38,46,130,12,24,36,166
08/06/2002,MOB,AL,ASO,CE,Towers with Radar,17,29,23,73,142,1,0,14,19,34,18,29,37,92,176,6,80,86,262
08/07/2002,MOB,AL,ASO,CE,Towers with Radar,14,36,28,101,179,1,0,18,29,48,15,36,46,130,227,0,170,170,397
08/08/2002,MOB,AL,ASO,CE,Towers with Radar,10,33,25,68,136,1,0,18,38,57,11,33,43,106,193,36,62,98,291
08/09/2002,MOB,AL,ASO,CE,Towers with Radar,15,30,37,68,150,0,0,23,45,68,15,30,60,113,218,33,70,103,321
08/10/2002,MOB,AL,ASO,CE,Towers with Radar,10,21,21,17,69,3,12,35,0,50,13,33,56,17,119,18,8,26,145
08/11/2002,MOB,AL,ASO,CE,Towers with Radar,17,24,30,15,86,0,0,16,9,25,17,24,46,24,111,66,8,74,185
08/12/2002,MOB,AL,ASO,CE,Towers with Radar,14,34,16,52,116,0,0,11,36,47,14,34,27,88,163,32,70,102,265
08/13/2002,MOB,AL,ASO,CE,Towers with Radar,17,29,27,101,174,1,0,26,29,56,18,29,53,130,230,40,120,160,390
08/14/2002,MOB,AL,ASO,CE,Towers with Radar,15,33,41,77,166,0,0,7,70,77,15,33,48,147,243,14,112,126,369
08/15/2002,MOB,AL,ASO,CE,Towers with Radar,17,24,25,63,129,0,0,28,40,68,17,24,53,103,197,60,166,226,423
08/16/2002,MOB,AL,ASO,CE,Towers with Radar,13,33,35,65,146,0,5,9,14,28,13,38,44,79,174,4,36,40,214
08/17/2002,MOB,AL,ASO,CE,Towers with Radar,9,19,19,36,83,4,7,22,9,42,13,26,41,45,125,44,78,122,247
08/18/2002,MOB,AL,ASO,CE,Towers with Radar,15,26,31,9,81,0,0,29,5,34,15,26,60,14,115,32,14,46,161
08/19/2002,MOB,AL,ASO,CE,Towers with Radar,12,35,22,78,147,0,0,19,27,46,12,35,41,105,193,28,60,88,281
08/20/2002,MOB,AL,ASO,CE,Towers with Radar,16,29,37,95,177,0,1,27,43,71,16,30,64,138,248,42,82,124,372
08/21/2002,MOB,AL,ASO,CE,Towers with Radar,17,27,51,81,176,0,0,22,35,57,17,27,73,116,233,60,72,132,365
08/22/2002,MOB,AL,ASO,CE,Towers with Radar,14,32,26,33,105,0,0,22,34,56,14,32,48,67,161,42,48,90,251
08/23/2002,MOB,AL,ASO,CE,Towers with Radar,17,35,39,73,164,0,0,48,25,73,17,35,87,98,237,86,78,164,401
08/24/2002,MOB,AL,ASO,CE,Towers with Radar,17,25,31,18,91,0,0,37,5,42,17,25,68,23,133,36,12,48,181
08/25/2002,MOB,AL,ASO,CE,Towers with Radar,16,24,22,9,71,0,0,26,2,28,16,24,48,11,99,40,2,42,141
08/26/2002,MOB,AL,ASO,CE,Towers with Radar,16,33,48,129,226,0,0,23,49,72,16,33,71,178,298,102,144,246,544
08/27/2002,MOB,AL,ASO,CE,Towers with Radar,20,28,51,88,187,0,2,23,40,65,20,30,74,128,252,88,170,258,510
08/28/2002,MOB,AL,ASO,CE,Towers with Radar,16,31,40,73,160,0,0,37,56,93,16,31,77,129,253,82,222,304,557
08/29/2002,MOB,AL,ASO,CE,Towers with Radar,12,32,52,132,228,0,0,19,33,52,12,32,71,165,280,42,161,203,483
08/30/2002,MOB,AL,ASO,CE,Towers with Radar,21,33,41,84,179,0,3,38,16,57,21,36,79,100,236,16,16,32,268
08/31/2002,MOB,AL,ASO,CE,Towers with Radar,9,15,16,2,42,4,8,5,0,17,13,23,21,2,59,0,0,0,59
09/01/2002,MOB,AL,ASO,CE,Towers with Radar,50,0,17,16,83,2,0,23,0,25,52,0,40,16,108,15,2,17,125
09/02/2002,MOB,AL,ASO,CE,Towers with Radar,18,18,20,6,62,0,3,16,0,19,18,21,36,6,81,9,3,12,93
09/03/2002,MOB,AL,ASO,CE,Towers with Radar,17,28,49,97,191,0,0,32,111,143,17,28,81,208,334,62,144,206,540
09/04/2002,MOB,AL,ASO,CE,Towers with Radar,11,31,37,81,160,0,2,28,35,65,11,33,65,116,225,72,78,150,375
09/05/2002,MOB,AL,ASO,CE,Towers with Radar,11,27,49,129,216,0,2,29,45,76,11,29,78,174,292,60,264,324,616
09/06/2002,MOB,AL,ASO,CE,Towers with Radar,13,29,41,54,137,0,5,22,22,49,13,34,63,76,186,10,22,32,218
09/07/2002,MOB,AL,ASO,CE,Towers with Radar,10,21,17,6,54,2,2,5,0,9,12,23,22,6,63,14,0,14,77
09/08/2002,MOB,AL,ASO,CE,Towers with Radar,14,22,13,11,60,1,2,44,6,53,15,24,57,17,113,20,2,22,135
09/09/2002,MOB,AL,ASO,CE,Towers with Radar,11,31,34,106,182,1,4,12,38,55,12,35,46,144,237,40,156,196,433
09/10/2002,MOB,AL,ASO,CE,Towers with Radar,10,25,22,122,179,1,3,18,60,82,11,28,40,182,261,78,130,208,469
09/11/2002,MOB,AL,ASO,CE,Towers with Radar,4,25,30,127,186,1,3,16,42,62,5,28,46,169,248,8,184,192,440
09/12/2002,MOB,AL,ASO,CE,Towers with Radar,14,29,48,94,185,0,0,35,34,69,14,29,83,128,254,102,232,334,588
09/13/2002,MOB,AL,ASO,CE,Towers with Radar,14,38,32,21,105,1,1,10,12,24,15,39,42,33,129,0,40,40,169
09/14/2002,MOB,AL,ASO,CE,Towers with Radar,8,18,13,9,48,1,1,3,0,5,9,19,16,9,53,0,0,0,53
09/15/2002,MOB,AL,ASO,CE,Towers with Radar,10,27,35,22,94,1,1,25,0,27,11,28,60,22,121,16,0,16,137
09/16/2002,MOB,AL,ASO,CE,Towers with Radar,17,27,39,76,159,1,0,8,48,57,18,27,47,124,216,32,236,268,484
09/17/2002,MOB,AL,ASO,CE,Towers with Radar,12,26,39,113,190,1,1,11,39,52,13,27,50,152,242,42,130,172,414
09/18/2002,MOB,AL,ASO,CE,Towers with Radar,21,18,46,90,175,2,0,26,70,98,23,18,72,160,273,58,128,186,459
09/19/2002,MOB,AL,ASO,CE,Towers with Radar,10,34,49,159,252,1,1,48,49,99,11,35,97,208,351,62,260,322,673
09/20/2002,MOB,AL,ASO,CE,Towers with Radar,15,34,43,79,171,0,5,6,0,11,15,39,49,79,182,16,96,112,294
09/21/2002,MOB,AL,ASO,CE,Towers with Radar,9,25,34,24,92,1,1,25,3,30,10,26,59,27,122,74,103,177,299
09/22/2002,MOB,AL,ASO,CE,Towers with Radar,13,30,32,11,86,3,1,23,6,33,16,31,55,17,119,10,2,12,131
09/23/2002,MOB,AL,ASO,CE,Towers with Radar,19,29,24,73,145,0,1,23,38,62,19,30,47,111,207,20,230,250,457
09/24/2002,MOB,AL,ASO,CE,Towers with Radar,24,20,35,50,129,0,1,17,12,30,24,21,52,62,159,10,14,24,183
09/25/2002,MOB,AL,ASO,CE,Towers with Radar,2,3,1,0,6,1,5,0,0,6,3,8,1,0,12,0,0,0,12
09/26/2002,MOB,AL,ASO,CE,Towers with Radar,8,6,1,9,24,0,5,4,1,10,8,11,5,10,34,0,0,0,34
09/27/2002,MOB,AL,ASO,CE,Towers with Radar,12,26,40,49,127,0,1,26,14,41,12,27,66,63,168,52,21,73,241
09/28/2002,MOB,AL,ASO,CE,Towers with Radar,16,16,33,4,69,0,1,38,1,40,16,17,71,5,109,53,0,53,162
09/29/2002,MOB,AL,ASO,CE,Towers with Radar,18,26,23,20,87,0,1,42,5,48,18,27,65,25,135,100,0,100,235
09/30/2002,MOB,AL,ASO,CE,Towers with Radar,17,22,27,62,128,0,1,16,14,31,17,23,43,76,159,90,76,166,325
10/01/2002,MOB,AL,ASO,CE,Towers with Radar,9,30,24,88,151,1,0,35,36,72,10,30,59,124,223,74,172,246,469
10/02/2002,MOB,AL,ASO,CE,Towers with Radar,14,37,43,79,173,0,3,13,60,76,14,40,56,139,249,50,105,155,404
10/03/2002,MOB,AL,ASO,CE,Towers with Radar,13,14,13,20,60,0,14,3,24,41,13,28,16,44,101,0,31,31,132
10/04/2002,MOB,AL,ASO,CE,Towers with Radar,10,25,23,105,163,0,0,22,31,53,10,25,45,136,216,54,102,156,372
10/05/2002,MOB,AL,ASO,CE,Towers with Radar,8,26,32,0,66,1,0,16,10,27,9,26,48,10,93,16,10,26,119
10/06/2002,MOB,AL,ASO,CE,Towers with Radar,9,17,19,25,70,6,8,25,0,39,15,25,44,25,109,80,14,94,203
10/07/2002,MOB,AL,ASO,CE,Towers with Radar,19,24,33,105,181,0,0,14,38,52,19,24,47,143,233,20,212,232,465
10/08/2002,MOB,AL,ASO,CE,Towers with Radar,12,32,38,137,219,0,0,22,38,60,12,32,60,175,279,78,95,173,452
10/09/2002,MOB,AL,ASO,CE,Towers with Radar,13,30,39,78,160,0,0,24,26,50,13,30,63,104,210,54,112,166,376
10/10/2002,MOB,AL,ASO,CE,Towers with Radar,15,33,49,50,147,0,1,19,13,33,15,34,68,63,180,11,0,11,191
10/11/2002,MOB,AL,ASO,CE,Towers with Radar,11,29,40,39,119,0,0,22,40,62,11,29,62,79,181,46,8,54,235
10/12/2002,MOB,AL,ASO,CE,Towers with Radar,16,22,26,9,73,0,0,23,1,24,16,22,49,10,97,74,2,76,173
10/13/2002,MOB,AL,ASO,CE,Towers with Radar,13,32,30,5,80,0,2,21,3,26,13,34,51,8,106,26,48,74,180
10/14/2002,MOB,AL,ASO,CE,Towers with Radar,16,22,19,8,65,0,0,9,3,12,16,22,28,11,77,12,5,17,94
10/15/2002,MOB,AL,ASO,CE,Towers with Radar,14,24,46,92,176,0,0,2,9,11,14,24,48,101,187,0,44,44,231
10/16/2002,MOB,AL,ASO,CE,Towers with Radar,19,24,41,79,163,0,0,17,31,48,19,24,58,110,211,78,108,186,397
10/17/2002,MOB,AL,ASO,CE,Towers with Radar,19,30,44,111,204,0,0,36,38,74,19,30,80,149,278,89,158,247,525
10/18/2002,MOB,AL,ASO,CE,Towers with Radar,20,29,35,74,158,0,0,42,29,71,20,29,77,103,229,54,90,144,373
10/19/2002,MOB,AL,ASO,CE,Towers with Radar,12,25,29,3,69,0,0,35,10,45,12,25,64,13,114,36,4,40,154
10/20/2002,MOB,AL,ASO,CE,Towers with Radar,28,20,8,22,78,1,1,23,14,39,29,21,31,36,117,58,0,58,175
10/21/2002,MOB,AL,ASO,CE,Towers with Radar,21,29,25,135,210,0,0,7,37,44,21,29,32,172,254,44,254,298,552
10/22/2002,MOB,AL,ASO,CE,Towers with Radar,16,27,36,65,144,1,0,16,39,56,17,27,52,104,200,112,106,218,418
10/23/2002,MOB,AL,ASO,CE,Towers with Radar,12,32,40,87,171,0,0,3,12,15,12,32,43,99,186,2,30,32,218
10/24/2002,MOB,AL,ASO,CE,Towers with Radar,15,33,46,105,199,0,0,4,15,19,15,33,50,120,218,0,12,12,230
10/25/2002,MOB,AL,ASO,CE,Towers with Radar,12,32,37,76,157,0,0,8,24,32,12,32,45,100,189,68,88,156,345
10/26/2002,MOB,AL,ASO,CE,Towers with Radar,7,13,17,6,43,5,15,12,0,32,12,28,29,6,75,10,0,10,85
10/27/2002,MOB,AL,ASO,CE,Towers with Radar,20,20,54,14,108,0,0,0,1,1,20,20,54,15,109,14,6,20,129
10/28/2002,MOB,AL,ASO,CE,Towers with Radar,17,25,41,48,131,0,2,13,28,43,17,27,54,76,174,20,176,196,370
10/29/2002,MOB,AL,ASO,CE,Towers with Radar,15,25,14,30,84,0,0,5,11,16,15,25,19,41,100,1,14,15,115
10/30/2002,MOB,AL,ASO,CE,Towers with Radar,14,31,40,81,166,0,0,45,50,95,14,31,85,131,261,38,135,173,434
10/31/2002,MOB,AL,ASO,CE,Towers with Radar,12,33,30,68,143,0,0,18,29,47,12,33,48,97,190,11,127,138,328
11/01/2002,MOB,AL,ASO,CE,Towers with Radar,16,26,49,102,193,0,0,61,38,99,16,26,110,140,292,48,320,368,660
11/02/2002,MOB,AL,ASO,CE,Towers with Radar,10,14,17,22,63,4,10,48,0,62,14,24,65,22,125,72,30,102,227
11/03/2002,MOB,AL,ASO,CE,Towers with Radar,19,28,35,17,99,0,1,24,11,36,19,29,59,28,135,36,54,90,225
11/04/2002,MOB,AL,ASO,CE,Towers with Radar,16,23,31,72,142,0,0,0,26,26,16,23,31,98,168,8,96,104,272
11/05/2002,MOB,AL,ASO,CE,Towers with Radar,13,26,24,24,87,0,1,2,9,12,13,27,26,33,99,0,48,48,147
11/06/2002,MOB,AL,ASO,CE,Towers with Radar,14,27,35,88,164,0,1,27,49,77,14,28,62,137,241,18,112,130,371
11/07/2002,MOB,AL,ASO,CE,Towers with Radar,17,30,38,79,164,0,0,44,39,83,17,30,82,118,247,76,160,236,483
11/08/2002,MOB,AL,ASO,CE,Towers with Radar,13,27,28,36,104,0,1,28,15,44,13,28,56,51,148,20,18,38,186
11/09/2002,MOB,AL,ASO,CE,Towers with Radar,13,22,32,7,74,0,1,13,3,17,13,23,45,10,91,12,24,36,127
11/10/2002,MOB,AL,ASO,CE,Towers with Radar,14,23,16,5,58,0,1,6,1,8,14,24,22,6,66,2,1,3,69
11/11/2002,MOB,AL,ASO,CE,Towers with Radar,7,12,15,5,39,12,10,5,0,27,19,22,20,5,66,0,0,0,66
11/12/2002,MOB,AL,ASO,CE,Towers with Radar,12,25,37,79,153,0,0,20,80,100,12,25,57,159,253,28,368,396,649
11/13/2002,MOB,AL,ASO,CE,Towers with Radar,16,30,38,107,191,1,1,22,13,37,17,31,60,120,228,12,196,208,436
11/14/2002,MOB,AL,ASO,CE,Towers with Radar,17,33,50,144,244,0,1,25,31,57,17,34,75,175,301,64,138,202,503
11/15/2002,MOB,AL,ASO,CE,Towers with Radar,18,26,26,46,116,0,1,11,22,34,18,27,37,68,150,40,118,158,308
11/16/2002,MOB,AL,ASO,CE,Towers with Radar,9,16,20,39,84,17,3,11,0,31,26,19,31,39,115,56,100,156,271
11/17/2002,MOB,AL,ASO,CE,Towers with Radar,17,25,26,30,98,0,1,17,19,37,17,26,43,49,135,54,64,118,253
11/18/2002,MOB,AL,ASO,CE,Towers with Radar,21,21,38,109,189,0,1,32,41,74,21,22,70,150,263,30,184,214,477
11/19/2002,MOB,AL,ASO,CE,Towers with Radar,17,18,41,84,160,0,0,11,88,99,17,18,52,172,259,36,288,324,583
11/20/2002,MOB,AL,ASO,CE,Towers with Radar,12,26,28,111,177,0,1,4,23,28,12,27,32,134,205,74,82,156,361
11/21/2002,MOB,AL,ASO,CE,Towers with Radar,11,28,17,89,145,0,1,23,37,61,11,29,40,126,206,72,284,356,562
11/22/2002,MOB,AL,ASO,CE,Towers with Radar,11,26,21,72,130,0,1,26,46,73,11,27,47,118,203,22,84,106,309
11/23/2002,MOB,AL,ASO,CE,Towers with Radar,10,17,21,28,76,2,8,57,0,67,12,25,78,28,143,52,18,70,213
11/24/2002,MOB,AL,ASO,CE,Towers with Radar,11,20,25,51,107,4,3,44,17,68,15,23,69,68,175,38,190,228,403
11/25/2002,MOB,AL,ASO,CE,Towers with Radar,18,23,32,78,151,1,0,0,96,97,19,23,32,174,248,116,272,388,636
11/26/2002,MOB,AL,ASO,CE,Towers with Radar,15,26,40,103,184,0,1,41,46,88,15,27,81,149,272,59,310,369,641
11/27/2002,MOB,AL,ASO,CE,Towers with Radar,11,31,37,76,155,0,1,11,39,51,11,32,48,115,206,32,108,140,346
11/28/2002,MOB,AL,ASO,CE,Towers with Radar,9,19,18,1,47,0,1,19,3,23,9,20,37,4,70,4,0,4,74
11/29/2002,MOB,AL,ASO,CE,Towers with Radar,7,18,20,19,64,0,8,58,0,66,7,26,78,19,130,12,18,30,160
11/30/2002,MOB,AL,ASO,CE,Towers with Radar,6,24,36,9,75,0,0,23,1,24,6,24,59,10,99,18,4,22,121
12/01/2002,MOB,AL,ASO,CE,Towers with Radar,12,19,26,5,62,4,4,55,0,63,16,23,81,5,125,2,12,14,139
12/02/2002,MOB,AL,ASO,CE,Towers with Radar,18,25,34,59,136,1,2,11,42,56,19,27,45,101,192,40,160,200,392
12/03/2002,MOB,AL,ASO,CE,Towers with Radar,20,25,48,80,173,0,0,28,69,97,20,25,76,149,270,98,166,264,534
12/04/2002,MOB,AL,ASO,CE,Towers with Radar,12,30,43,73,158,0,0,13,136,149,12,30,56,209,307,22,222,244,551
12/05/2002,MOB,AL,ASO,CE,Towers with Radar,15,27,30,84,156,0,1,7,6,14,15,28,37,90,170,32,50,82,252
12/06/2002,MOB,AL,ASO,CE,Towers with Radar,20,22,43,56,141,0,1,47,34,82,20,23,90,90,223,49,76,125,348
12/07/2002,MOB,AL,ASO,CE,Towers with Radar,9,17,20,40,86,1,7,52,2,62,10,24,72,42,148,18,28,46,194
12/08/2002,MOB,AL,ASO,CE,Towers with Radar,11,19,24,26,80,11,1,37,0,49,22,20,61,26,129,18,48,66,195
12/09/2002,MOB,AL,ASO,CE,Towers with Radar,15,31,42,78,166,0,0,0,79,79,15,31,42,157,245,30,137,167,412
12/10/2002,MOB,AL,ASO,CE,Towers with Radar,8,32,35,62,137,1,1,2,0,4,9,33,37,62,141,0,0,0,141
12/11/2002,MOB,AL,ASO,CE,Towers with Radar,13,27,45,75,160,0,0,4,74,78,13,27,49,149,238,42,224,266,504
12/12/2002,MOB,AL,ASO,CE,Towers with Radar,12,26,35,64,137,1,1,9,11,22,13,27,44,75,159,0,52,52,211
12/13/2002,MOB,AL,ASO,CE,Towers with Radar,19,21,31,85,156,1,1,14,18,34,20,22,45,103,190,0,146,146,336
12/14/2002,MOB,AL,ASO,CE,Towers with Radar,11,26,15,12,64,0,2,18,7,27,11,28,33,19,91,66,12,78,169
12/15/2002,MOB,AL,ASO,CE,Towers with Radar,17,26,29,28,100,0,2,40,6,48,17,28,69,34,148,14,32,46,194
12/16/2002,MOB,AL,ASO,CE,Towers with Radar,19,31,52,85,187,0,0,54,46,100,19,31,106,131,287,38,223,261,548
12/17/2002,MOB,AL,ASO,CE,Towers with Radar,14,25,36,100,175,0,2,30,56,88,14,27,66,156,263,30,186,216,479
12/18/2002,MOB,AL,ASO,CE,Towers with Radar,22,29,43,80,174,0,0,0,95,95,22,29,43,175,269,8,156,164,433
12/19/2002,MOB,AL,ASO,CE,Towers with Radar,14,21,22,44,101,0,2,2,0,4,14,23,24,44,105,0,0,0,105
12/20/2002,MOB,AL,ASO,CE,Towers with Radar,19,27,46,58,150,0,2,28,18,48,19,29,74,76,198,28,36,64,262
12/21/2002,MOB,AL,ASO,CE,Towers with Radar,12,17,23,3,55,6,0,46,0,52,18,17,69,3,107,148,40,188,295
12/22/2002,MOB,AL,ASO,CE,Towers with Radar,21,23,51,9,104,0,3,32,0,35,21,26,83,9,139,86,4,90,229
12/23/2002,MOB,AL,ASO,CE,Towers with Radar,18,29,49,35,131,0,2,3,1,6,18,31,52,36,137,26,22,48,185
12/24/2002,MOB,AL,ASO,CE,Towers with Radar,9,31,22,2,64,0,1,7,0,8,9,32,29,2,72,0,0,0,72
12/25/2002,MOB,AL,ASO,CE,Towers with Radar,5,7,9,3,24,9,9,20,0,38,14,16,29,3,62,0,0,0,62
12/26/2002,MOB,AL,ASO,CE,Towers with Radar,7,26,32,7,72,0,1,31,0,32,7,27,63,7,104,34,26,60,164
12/27/2002,MOB,AL,ASO,CE,Towers with Radar,22,24,33,37,116,0,1,28,11,40,22,25,61,48,156,18,34,52,208
12/28/2002,MOB,AL,ASO,CE,Towers with Radar,17,23,20,5,65,0,1,41,0,42,17,24,61,5,107,122,0,122,229
12/29/2002,MOB,AL,ASO,CE,Towers with Radar,20,22,27,4,73,0,1,28,0,29,20,23,55,4,102,32,0,32,134
12/30/2002,MOB,AL,ASO,CE,Towers with Radar,22,23,40,64,149,0,1,31,7,39,22,24,71,71,188,70,56,126,314
12/31/2002,MOB,AL,ASO,CE,Towers with Radar,14,23,15,0,52,0,1,2,0,3,14,24,17,0,55,0,0,0,55
01/01/2003,MOB,AL,ASO,CE,Towers with Radar,9,24,16,6,55,1,0,6,1,8,10,24,22,7,63,0,0,0,63
01/02/2003,MOB,AL,ASO,CE,Towers with Radar,15,21,45,20,101,0,0,16,16,32,15,21,61,36,133,18,100,118,251
01/03/2003,MOB,AL,ASO,CE,Towers with Radar,19,28,34,34,115,0,0,17,18,35,19,28,51,52,150,38,16,54,204
01/04/2003,MOB,AL,ASO,CE,Towers with Radar,9,15,21,4,49,0,11,67,0,78,9,26,88,4,127,80,6,86,213
01/05/2003,MOB,AL,ASO,CE,Towers with Radar,16,25,20,0,61,0,0,45,3,48,16,25,65,3,109,104,0,104,213
01/06/2003,MOB,AL,ASO,CE,Towers with Radar,18,23,40,74,155,0,0,62,9,71,18,23,102,83,226,80,46,126,352
01/07/2003,MOB,AL,ASO,CE,Towers with Radar,15,27,39,107,188,1,0,28,24,53,16,27,67,131,241,100,162,262,503
01/08/2003,MOB,AL,ASO,CE,Towers with Radar,11,31,40,71,153,1,0,20,13,34,12,31,60,84,187,48,26,74,261
01/09/2003,MOB,AL,ASO,CE,Towers with Radar,13,28,36,70,147,1,0,9,21,31,14,28,45,91,178,0,102,102,280
01/10/2003,MOB,AL,ASO,CE,Towers with Radar,20,23,48,103,194,1,0,21,37,59,21,23,69,140,253,54,90,144,397
01/11/2003,MOB,AL,ASO,CE,Towers with Radar,14,15,28,53,110,0,0,22,18,40,14,15,50,71,150,12,104,116,266
01/12/2003,MOB,AL,ASO,CE,Towers with Radar,15,34,13,19,81,0,0,12,8,20,15,34,25,27,101,10,38,48,149
01/13/2003,MOB,AL,ASO,CE,Towers with Radar,21,26,30,97,174,0,0,20,33,53,21,26,50,130,227,44,120,164,391
01/14/2003,MOB,AL,ASO,CE,Towers with Radar,14,30,44,123,211,0,0,28,43,71,14,30,72,166,282,2,161,163,445
01/15/2003,MOB,AL,ASO,CE,Towers with Radar,12,30,46,86,174,0,0,11,87,98,12,30,57,173,272,6,202,208,480
01/16/2003,MOB,AL,ASO,CE,Towers with Radar,17,28,44,101,190,0,0,13,30,43,17,28,57,131,233,40,174,214,447
01/17/2003,MOB,AL,ASO,CE,Towers with Radar,15,33,32,74,154,0,2,18,27,47,15,35,50,101,201,14,66,80,281
01/18/2003,MOB,AL,ASO,CE,Towers with Radar,9,15,20,17,61,7,0,42,0,49,16,15,62,17,110,34,30,64,174
01/19/2003,MOB,AL,ASO,CE,Towers with Radar,17,22,24,13,76,0,1,27,8,36,17,23,51,21,112,15,32,47,159
01/20/2003,MOB,AL,ASO,CE,Towers with Radar,21,23,27,29,100,0,2,42,7,51,21,25,69,36,151,26,0,26,177
01/21/2003,MOB,AL,ASO,CE,Towers with Radar,14,25,35,86,160,0,2,2,16,20,14,27,37,102,180,6,126,132,312
01/22/2003,MOB,AL,ASO,CE,Towers with Radar,19,20,34,79,152,0,1,3,4,8,19,21,37,83,160,0,32,32,192
01/23/2003,MOB,AL,ASO,CE,Towers with Radar,15,26,36,66,143,0,2,3,61,66,15,28,39,127,209,24,154,178,387
01/24/2003,MOB,AL,ASO,CE,Towers with Radar,16,26,19,92,153,0,1,13,32,46,16,27,32,124,199,46,82,128,327
01/25/2003,MOB,AL,ASO,CE,Towers with Radar,13,28,37,40,118,0,0,24,19,43,13,28,61,59,161,68,102,170,331
01/26/2003,MOB,AL,ASO,CE,Towers with Radar,21,26,20,11,78,0,0,17,8,25,21,26,37,19,103,36,8,44,147
01/27/2003,MOB,AL,ASO,CE,Towers with Radar,23,21,28,83,155,0,3,19,30,52,23,24,47,113,207,101,130,231,438
01/28/2003,MOB,AL,ASO,CE,Towers with Radar,13,24,23,107,167,0,0,27,39,66,13,24,50,146,233,53,55,108,341
01/29/2003,MOB,AL,ASO,CE,Towers with Radar,13,27,29,45,114,0,0,12,39,51,13,27,41,84,165,14,48,62,227
01/30/2003,MOB,AL,ASO,CE,Towers with Radar,14,31,33,86,164,0,0,5,14,19,14,31,38,100,183,12,74,86,269
01/31/2003,MOB,AL,ASO,CE,Towers with Radar,22,29,36,88,175,0,0,3,9,12,22,29,39,97,187,22,28,50,237
02/01/2003,MOB,AL,ASO,CE,Towers with Radar,13,18,34,33,98,1,1,20,7,29,14,19,54,40,127,40,38,78,205
02/02/2003,MOB,AL,ASO,CE,Towers with Radar,23,17,37,23,100,2,1,41,1,45,25,18,78,24,145,48,2,50,195
02/03/2003,MOB,AL,ASO,CE,Towers with Radar,15,28,23,142,208,2,4,8,10,24,17,32,31,152,232,6,60,66,298
02/04/2003,MOB,AL,ASO,CE,Towers with Radar,15,30,44,125,214,0,0,21,122,143,15,30,65,247,357,36,198,234,591
02/05/2003,MOB,AL,ASO,CE,Towers with Radar,16,24,39,117,196,0,0,22,107,129,16,24,61,224,325,20,120,140,465
02/06/2003,MOB,AL,ASO,CE,Towers with Radar,7,31,25,75,138,2,0,3,17,22,9,31,28,92,160,2,104,106,266
02/07/2003,MOB,AL,ASO,CE,Towers with Radar,18,29,32,82,161,1,0,10,21,32,19,29,42,103,193,32,54,86,279
02/08/2003,MOB,AL,ASO,CE,Towers with Radar,10,17,17,19,63,5,13,23,0,41,15,30,40,19,104,64,34,98,202
02/09/2003,MOB,AL,ASO,CE,Towers with Radar,21,24,18,8,71,1,0,12,0,13,22,24,30,8,84,4,24,28,112
02/10/2003,MOB,AL,ASO,CE,Towers with Radar,13,26,12,92,143,1,0,15,37,53,14,26,27,129,196,30,42,72,268
02/11/2003,MOB,AL,ASO,CE,Towers with Radar,9,30,24,146,209,1,0,21,41,63,10,30,45,187,272,50,160,210,482
02/12/2003,MOB,AL,ASO,CE,Towers with Radar,17,27,32,76,152,1,0,19,18,38,18,27,51,94,190,18,80,98,288
02/13/2003,MOB,AL,ASO,CE,Towers with Radar,22,24,34,130,210,1,0,20,32,53,23,24,54,162,263,28,332,360,623
02/14/2003,MOB,AL,ASO,CE,Towers with Radar,13,32,19,77,141,1,3,12,22,38,14,35,31,99,179,44,90,134,313
02/15/2003,MOB,AL,ASO,CE,Towers with Radar,10,21,16,4,51,0,3,7,0,10,10,24,23,4,61,16,8,24,85
02/16/2003,MOB,AL,ASO,CE,Towers with Radar,13,27,26,2,68,0,1,4,0,5,13,28,30,2,73,2,0,2,75
02/17/2003,MOB,AL,ASO,CE,Towers with Radar,17,20,26,8,71,0,1,8,0,9,17,21,34,8,80,0,12,12,92
02/18/2003,MOB,AL,ASO,CE,Towers with Radar,14,28,34,99,175,0,4,25,68,97,14,32,59,167,272,15,116,131,403
02/19/2003,MOB,AL,ASO,CE,Towers with Radar,23,21,42,164,250,0,1,21,45,67,23,22,63,209,317,44,162,206,523
02/20/2003,MOB,AL,ASO,CE,Towers with Radar,19,23,35,101,178,0,0,15,33,48,19,23,50,134,226,42,196,238,464
02/21/2003,MOB,AL,ASO,CE,Towers with Radar,22,23,22,9,76,0,1,0,0,1,22,24,22,9,77,0,2,2,79
02/22/2003,MOB,AL,ASO,CE,Towers with Radar,14,23,33,21,91,0,1,5,7,13,14,24,38,28,104,0,30,30,134
02/23/2003,MOB,AL,ASO,CE,Towers with Radar,33,16,41,25,115,0,1,41,5,47,33,17,82,30,162,80,58,138,300
02/24/2003,MOB,AL,ASO,CE,Towers with Radar,19,30,22,109,180,0,1,19,50,70,19,31,41,159,250,16,168,184,434
02/25/2003,MOB,AL,ASO,CE,Towers with Radar,17,16,38,121,192,0,1,12,59,72,17,17,50,180,264,62,100,162,426
02/26/2003,MOB,AL,ASO,CE,Towers with Radar,11,25,25,40,101,0,2,5,5,12,11,27,30,45,113,0,16,16,129
02/27/2003,MOB,AL,ASO,CE,Towers with Radar,20,22,41,198,281,0,1,2,29,32,20,23,43,227,313,0,186,186,499
02/28/2003,MOB,AL,ASO,CE,Towers with Radar,20,23,32,175,250,0,1,6,4,11,20,24,38,179,261,20,102,122,383
03/01/2003,MOB,AL,ASO,CE,Towers with Radar,0,0,0,0,0,0,0,0,0,0,0,0,0,0,0,0,0,0,0
03/02/2003,MOB,AL,ASO,CE,Towers with Radar,10,18,21,15,64,0,11,19,0,30,10,29,40,15,94,0,0,0,94
03/03/2003,MOB,AL,ASO,CE,Towers with Radar,13,23,30,80,146,0,7,9,25,41,13,30,39,105,187,0,46,46,233
03/04/2003,MOB,AL,ASO,CE,Towers with Radar,17,14,10,9,50,1,1,0,0,2,18,15,10,9,52,0,0,0,52
03/05/2003,MOB,AL,ASO,CE,Towers with Radar,15,28,34,96,173,1,1,2,3,7,16,29,36,99,180,0,42,42,222
03/06/2003,MOB,AL,ASO,CE,Towers with Radar,13,27,45,101,186,1,1,6,16,24,14,28,51,117,210,18,127,145,355
03/07/2003,MOB,AL,ASO,CE,Towers with Radar,13,29,18,138,198,1,1,28,26,56,14,30,46,164,254,80,149,229,483
03/08/2003,MOB,AL,ASO,CE,Towers with Radar,13,29,46,27,115,1,1,0,0,2,14,30,46,27,117,0,4,4,121
03/09/2003,MOB,AL,ASO,CE,Towers with Radar,14,27,16,23,80,1,1,15,4,21,15,28,31,27,101,49,10,59,160
03/10/2003,MOB,AL,ASO,CE,Towers with Radar,20,31,46,122,219,0,0,13,106,119,20,31,59,228,338,0,214,214,552
03/11/2003,MOB,AL,ASO,CE,Towers with Radar,16,27,52,149,244,1,1,29,39,70,17,28,81,188,314,88,125,213,527
03/12/2003,MOB,AL,ASO,CE,Towers with Radar,15,36,39,46,136,2,1,17,2,22,17,37,56,48,158,0,48,48,206
03/13/2003,MOB,AL,ASO,CE,Towers with Radar,14,33,42,111,200,0,4,26,28,58,14,37,68,139,258,24,56,80,338
03/14/2003,MOB,AL,ASO,CE,Towers with Radar,29,24,41,79,173,1,1,14,33,49,30,25,55,112,222,44,76,120,342
03/15/2003,MOB,AL,ASO,CE,Towers with Radar,13,15,22,14,64,1,1,26,7,35,14,16,48,21,99,18,28,46,145
03/16/2003,MOB,AL,ASO,CE,Towers with Radar,11,18,24,39,92,8,10,10,0,28,19,28,34,39,120,10,3,13,133
03/17/2003,MOB,AL,ASO,CE,Towers with Radar,21,19,44,117,201,2,0,12,53,67,23,19,56,170,268,0,48,48,316
03/18/2003,MOB,AL,ASO,CE,Towers with Radar,21,28,45,118,212,1,0,12,94,107,22,28,57,212,319,26,178,204,523
03/19/2003,MOB,AL,ASO,CE,Towers with Radar,4,8,12,35,59,1,1,1,1,4,5,9,13,36,63,0,62,62,125
03/20/2003,MOB,AL,ASO,CE,Towers with Radar,14,29,42,112,197,0,0,31,38,69,14,29,73,150,266,54,139,193,459
03/21/2003,MOB,AL,ASO,CE,Towers with Radar,19,27,42,111,199,0,0,39,13,52,19,27,81,124,251,4,0,4,255
03/22/2003,MOB,AL,ASO,CE,Towers with Radar,10,22,11,11,54,1,1,26,1,29,11,23,37,12,83,34,40,74,157
03/23/2003,MOB,AL,ASO,CE,Towers with Radar,18,22,24,32,96,1,3,21,1,26,19,25,45,33,122,82,24,106,228
03/24/2003,MOB,AL,ASO,CE,Towers with Radar,18,23,14,98,153,1,1,18,58,78,19,24,32,156,231,12,108,120,351
03/25/2003,MOB,AL,ASO,CE,Towers with Radar,18,29,25,145,217,1,1,22,46,70,19,30,47,191,287,62,128,190,477
03/26/2003,MOB,AL,ASO,CE,Towers with Radar,21,29,25,133,208,1,1,13,41,56,22,30,38,174,264,80,219,299,563
03/27/2003,MOB,AL,ASO,CE,Towers with Radar,17,29,47,123,216,0,0,37,98,135,17,29,84,221,351,79,342,421,772
03/28/2003,MOB,AL,ASO,CE,Towers with Radar,19,21,55,136,231,0,2,36,32,70,19,23,91,168,301,120,126,246,547
03/29/2003,MOB,AL,ASO,CE,Towers with Radar,10,22,24,12,68,0,2,12,5,19,10,24,36,17,87,4,0,4,91
03/30/2003,MOB,AL,ASO,CE,Towers with Radar,18,21,24,20,83,0,2,33,9,44,18,23,57,29,127,30,12,42,169
03/31/2003,MOB,AL,ASO,CE,Towers with Radar,14,26,35,93,168,0,0,10,80,90,14,26,45,173,258,32,196,228,486
04/01/2003,MOB,AL,ASO,CE,Towers with Radar,13,34,21,125,193,0,0,23,56,79,13,34,44,181,272,104,148,252,524
04/02/2003,MOB,AL,ASO,CE,Towers with Radar,16,40,45,60,161,0,0,36,68,104,16,40,81,128,265,102,280,382,647
04/03/2003,MOB,AL,ASO,CE,Towers with Radar,12,32,36,88,168,0,1,13,72,86,12,33,49,160,254,36,202,238,492
04/04/2003,MOB,AL,ASO,CE,Towers with Radar,15,26,30,150,221,0,0,8,22,30,15,26,38,172,251,24,150,174,425
04/05/2003,MOB,AL,ASO,CE,Towers with Radar,11,23,31,20,85,0,0,22,18,40,11,23,53,38,125,54,36,90,215
04/06/2003,MOB,AL,ASO,CE,Towers with Radar,20,17,23,10,70,0,0,5,4,9,20,17,28,14,79,0,0,0,79
04/07/2003,MOB,AL,ASO,CE,Towers with Radar,22,34,34,52,142,0,0,7,12,19,22,34,41,64,161,24,62,86,247
04/08/2003,MOB,AL,ASO,CE,Towers with Radar,12,22,26,54,114,12,5,8,0,25,24,27,34,54,139,0,0,0,139
04/09/2003,MOB,AL,ASO,CE,Towers with Radar,18,16,34,147,215,0,0,3,43,46,18,16,37,190,261,2,106,108,369
04/10/2003,MOB,AL,ASO,CE,Towers with Radar,14,29,31,113,187,0,0,31,68,99,14,29,62,181,286,74,205,279,565
04/11/2003,MOB,AL,ASO,CE,Towers with Radar,14,28,37,87,166,0,0,19,36,55,14,28,56,123,221,50,166,216,437
04/12/2003,MOB,AL,ASO,CE,Towers with Radar,7,21,35,48,111,0,2,28,8,38,7,23,63,56,149,0,38,38,187
04/13/2003,MOB,AL,ASO,CE,Towers with Radar,13,31,30,12,86,0,0,37,12,49,13,31,67,24,135,56,2,58,193
04/14/2003,MOB,AL,ASO,CE,Towers with Radar,11,19,23,55,108,0,10,21,25,56,11,29,44,80,164,5,96,101,265
04/15/2003,MOB,AL,ASO,CE,Towers with Radar,15,23,29,46,113,0,0,30,43,73,15,23,59,89,186,24,106,130,316
04/16/2003,MOB,AL,ASO,CE,Towers with Radar,21,25,49,97,192,0,0,27,45,72,21,25,76,142,264,70,72,142,406
04/17/2003,MOB,AL,ASO,CE,Towers with Radar,12,27,48,158,245,0,0,28,43,71,12,27,76,201,316,0,98,98,414
04/18/2003,MOB,AL,ASO,CE,Towers with Radar,13,28,35,173,249,0,0,22,46,68,13,28,57,219,317,44,254,298,615
04/19/2003,MOB,AL,ASO,CE,Towers with Radar,9,25,16,0,50,0,1,8,9,18,9,26,24,9,68,24,4,28,96
04/20/2003,MOB,AL,ASO,CE,Towers with Radar,13,31,31,11,86,0,0,15,6,21,13,31,46,17,107,0,0,0,107
04/21/2003,MOB,AL,ASO,CE,Towers with Radar,10,19,22,31,82,4,8,11,0,23,14,27,33,31,105,4,88,92,197
04/22/2003,MOB,AL,ASO,CE,Towers with Radar,18,26,30,105,179,0,1,23,40,64,18,27,53,145,243,68,176,244,487
04/23/2003,MOB,AL,ASO,CE,Towers with Radar,15,31,42,91,179,0,0,26,45,71,15,31,68,136,250,78,182,260,510
04/24/2003,MOB,AL,ASO,CE,Towers with Radar,21,33,28,88,170,0,0,16,35,51,21,33,44,123,221,52,158,210,431
04/25/2003,MOB,AL,ASO,CE,Towers with Radar,18,35,26,56,135,0,0,17,38,55,18,35,43,94,190,20,38,58,248
04/26/2003,MOB,AL,ASO,CE,Towers with Radar,10,25,18,24,77,0,0,33,14,47,10,25,51,38,124,50,14,64,188
04/27/2003,MOB,AL,ASO,CE,Towers with Radar,16,23,34,53,126,5,0,40,0,45,21,23,74,53,171,18,70,88,259
04/28/2003,MOB,AL,ASO,CE,Towers with Radar,16,27,51,160,254,0,0,18,35,53,16,27,69,195,307,34,292,326,633
04/29/2003,MOB,AL,ASO,CE,Towers with Radar,13,24,17,119,173,0,0,19,45,64,13,24,36,164,237,18,260,278,515
04/30/2003,MOB,AL,ASO,CE,Towers with Radar,24,22,59,125,230,0,0,24,45,69,24,22,83,170,299,4,42,46,345
05/01/2003,MOB,AL,ASO,CE,Towers with Radar,21,27,29,100,177,0,0,12,31,43,21,27,41,131,220,4,67,71,291
05/02/2003,MOB,AL,ASO,CE,Towers with Radar,15,26,28,62,131,10,5,15,0,30,25,31,43,62,161,14,6,20,181
05/03/2003,MOB,AL,ASO,CE,Towers with Radar,10,22,26,24,82,0,0,20,13,33,10,22,46,37,115,26,33,59,174
05/04/2003,MOB,AL,ASO,CE,Towers with Radar,11,32,45,15,103,0,0,21,27,48,11,32,66,42,151,38,14,52,203
05/05/2003,MOB,AL,ASO,CE,Towers with Radar,14,28,19,113,174,0,0,9,33,42,14,28,28,146,216,12,104,116,332
05/06/2003,MOB,AL,ASO,CE,Towers with Radar,18,22,37,88,165,0,0,6,27,33,18,22,43,115,198,20,122,142,340
05/07/2003,MOB,AL,ASO,CE,Towers with Radar,13,27,37,89,166,0,0,24,57,81,13,27,61,146,247,14,116,130,377
05/08/2003,MOB,AL,ASO,CE,Towers with Radar,15,29,30,147,221,0,0,13,40,53,15,29,43,187,274,4,232,236,510
05/09/2003,MOB,AL,ASO,CE,Towers with Radar,14,29,33,114,190,0,5,22,38,65,14,34,55,152,255,14,50,64,319
05/10/2003,MOB,AL,ASO,CE,Towers with Radar,18,10,20,8,56,0,0,14,9,23,18,10,34,17,79,6,52,58,137
05/11/2003,MOB,AL,ASO,CE,Towers with Radar,9,19,20,13,61,2,10,26,0,38,11,29,46,13,99,56,6,62,161
05/12/2003,MOB,AL,ASO,CE,Towers with Radar,21,24,27,107,179,0,0,18,47,65,21,24,45,154,244,44,197,241,485
05/13/2003,MOB,AL,ASO,CE,Towers with Radar,12,28,57,89,186,0,0,32,47,79,12,28,89,136,265,26,74,100,365
05/14/2003,MOB,AL,ASO,CE,Towers with Radar,16,26,30,97,169,0,0,20,36,56,16,26,50,133,225,12,132,144,369
05/15/2003,MOB,AL,ASO,CE,Towers with Radar,13,30,34,56,133,0,0,17,62,79,13,30,51,118,212,0,50,50,262
05/16/2003,MOB,AL,ASO,CE,Towers with Radar,13,28,29,80,150,0,0,23,38,61,13,28,52,118,211,36,76,112,323
05/17/2003,MOB,AL,ASO,CE,Towers with Radar,3,22,23,17,65,0,0,11,12,23,3,22,34,29,88,0,14,14,102
05/18/2003,MOB,AL,ASO,CE,Towers with Radar,12,27,16,2,57,0,0,9,2,11,12,27,25,4,68,0,0,0,68
05/19/2003,MOB,AL,ASO,CE,Towers with Radar,21,19,19,32,91,0,0,16,22,38,21,19,35,54,129,12,146,158,287
05/20/2003,MOB,AL,ASO,CE,Towers with Radar,18,24,24,96,162,0,1,10,25,36,18,25,34,121,198,10,268,278,476
05/21/2003,MOB,AL,ASO,CE,Towers with Radar,11,21,25,50,107,8,5,22,0,35,19,26,47,50,142,0,26,26,168
05/22/2003,MOB,AL,ASO,CE,Towers with Radar,14,29,36,180,259,0,0,9,44,53,14,29,45,224,312,20,64,84,396
05/23/2003,MOB,AL,ASO,CE,Towers with Radar,10,29,35,86,160,0,0,0,15,15,10,29,35,101,175,8,20,28,203
05/24/2003,MOB,AL,ASO,CE,Towers with Radar,4,24,28,2,58,0,0,33,5,38,4,24,61,7,96,38,2,40,136
05/25/2003,MOB,AL,ASO,CE,Towers with Radar,7,13,15,6,41,6,10,28,0,44,13,23,43,6,85,8,2,10,95
05/26/2003,MOB,AL,ASO,CE,Towers with Radar,19,23,25,3,70,0,0,16,6,22,19,23,41,9,92,30,0,30,122
05/27/2003,MOB,AL,ASO,CE,Towers with Radar,19,27,23,147,216,0,0,22,45,67,19,27,45,192,283,14,192,206,489
05/28/2003,MOB,AL,ASO,CE,Towers with Radar,15,31,41,96,183,0,0,29,103,132,15,31,70,199,315,48,144,192,507
05/29/2003,MOB,AL,ASO,CE,Towers with Radar,10,34,41,98,183,0,0,6,105,111,10,34,47,203,294,6,120,126,420
05/30/2003,MOB,AL,ASO,CE,Towers with Radar,16,31,21,129,197,0,0,33,46,79,16,31,54,175,276,12,144,156,432
05/31/2003,MOB,AL,ASO,CE,Towers with Radar,13,17,45,23,98,0,2,31,8,41,13,19,76,31,139,56,0,56,195
06/01/2003,MOB,AL,ASO,CE,Towers with Radar,19,24,22,27,92,1,1,18,6,26,20,25,40,33,118,68,42,110,228
06/02/2003,MOB,AL,ASO,CE,Towers with Radar,15,30,21,111,177,0,3,9,62,74,15,33,30,173,251,8,194,202,453
06/03/2003,MOB,AL,ASO,CE,Towers with Radar,22,19,24,100,165,0,2,11,35,48,22,21,35,135,213,0,64,64,277
06/04/2003,MOB,AL,ASO,CE,Towers with Radar,12,35,34,125,206,0,2,16,50,68,12,37,50,175,274,16,113,129,403
06/05/2003,MOB,AL,ASO,CE,Towers with Radar,15,26,34,85,160,0,0,48,62,110,15,26,82,147,270,12,216,228,498
06/06/2003,MOB,AL,ASO,CE,Towers with Radar,19,22,15,6,62,0,2,0,0,2,19,24,15,6,64,0,52,52,116
06/07/2003,MOB,AL,ASO,CE,Towers with Radar,13,21,33,13,80,0,3,1,0,4,13,24,34,13,84,0,58,58,142
06/08/2003,MOB,AL,ASO,CE,Towers with Radar,23,18,33,35,109,0,2,17,10,29,23,20,50,45,138,96,30,126,264
06/09/2003,MOB,AL,ASO,CE,Towers with Radar,17,20,22,137,196,0,3,18,38,59,17,23,40,175,255,16,86,102,357
06/10/2003,MOB,AL,ASO,CE,Towers with Radar,22,26,25,134,207,0,2,17,54,73,22,28,42,188,280,29,182,211,491
06/11/2003,MOB,AL,ASO,CE,Towers with Radar,24,21,36,89,170,0,0,8,136,144,24,21,44,225,314,12,82,94,408
06/12/2003,MOB,AL,ASO,CE,Towers with Radar,12,27,20,42,101,0,6,5,45,56,12,33,25,87,157,2,86,88,245
06/13/2003,MOB,AL,ASO,CE,Towers with Radar,14,30,28,48,120,0,1,17,14,32,14,31,45,62,152,0,16,16,168
06/14/2003,MOB,AL,ASO,CE,Towers with Radar,9,14,16,11,50,16,2,16,0,34,25,16,32,11,84,34,2,36,120
06/15/2003,MOB,AL,ASO,CE,Towers with Radar,13,37,17,6,73,0,1,11,3,15,13,38,28,9,88,8,16,24,112
06/16/2003,MOB,AL,ASO,CE,Towers with Radar,22,20,26,66,134,1,1,3,42,47,23,21,29,108,181,17,82,99,280
06/17/2003,MOB,AL,ASO,CE,Towers with Radar,21,33,33,82,169,0,0,42,11,53,21,33,75,93,222,34,62,96,318
06/18/2003,MOB,AL,ASO,CE,Towers with Radar,16,34,31,93,174,0,0,0,109,109,16,34,31,202,283,0,98,98,381
06/19/2003,MOB,AL,ASO,CE,Towers with Radar,19,29,26,89,163,1,0,15,30,46,20,29,41,119,209,24,78,102,311
06/20/2003,MOB,AL,ASO,CE,Towers with Radar,17,29,32,47,125,1,0,7,20,28,18,29,39,67,153,16,26,42,195
06/21/2003,MOB,AL,ASO,CE,Towers with Radar,12,28,13,6,59,0,1,3,0,4,12,29,16,6,63,22,0,22,85
06/22/2003,MOB,AL,ASO,CE,Towers with Radar,16,27,15,9,67,0,1,10,0,11,16,28,25,9,78,16,20,36,114
06/23/2003,MOB,AL,ASO,CE,Towers with Radar,22,32,38,125,217,0,1,12,23,36,22,33,50,148,253,12,110,122,375
06/24/2003,MOB,AL,ASO,CE,Towers with Radar,21,29,29,73,152,1,0,22,27,50,22,29,51,100,202,58,50,108,310
06/25/2003,MOB,AL,ASO,CE,Towers with Radar,0,0,0,0,0,0,0,0,0,0,0,0,0,0,0,0,0,0,0
06/26/2003,MOB,AL,ASO,CE,Towers with Radar,21,30,34,118,203,0,1,24,44,69,21,31,58,162,272,12,168,180,452
06/27/2003,MOB,AL,ASO,CE,Towers with Radar,15,26,23,31,95,0,1,9,29,39,15,27,32,60,134,6,40,46,180
06/28/2003,MOB,AL,ASO,CE,Towers with Radar,25,26,12,8,71,0,1,28,0,29,25,27,40,8,100,56,20,76,176
06/29/2003,MOB,AL,ASO,CE,Towers with Radar,18,25,19,25,87,0,1,13,3,17,18,26,32,28,104,54,18,72,176
06/30/2003,MOB,AL,ASO,CE,Towers with Radar,15,13,9,2,39,0,1,0,0,1,15,14,9,2,40,0,0,0,40
07/01/2003,MOB,AL,ASO,CE,Towers with Radar,13,34,29,77,153,0,2,23,55,80,13,36,52,132,233,70,88,158,391
07/02/2003,MOB,AL,ASO,CE,Towers with Radar,10,32,24,147,213,0,1,23,47,71,10,33,47,194,284,42,148,190,474
07/03/2003,MOB,AL,ASO,CE,Towers with Radar,16,33,30,62,141,0,0,16,0,16,16,33,46,62,157,4,44,48,205
07/04/2003,MOB,AL,ASO,CE,Towers with Radar,11,22,5,0,38,0,1,11,3,15,11,23,16,3,53,30,0,30,83
07/05/2003,MOB,AL,ASO,CE,Towers with Radar,4,14,13,2,33,0,18,11,0,29,4,32,24,2,62,2,0,2,64
07/06/2003,MOB,AL,ASO,CE,Towers with Radar,12,30,21,7,70,0,1,27,3,31,12,31,48,10,101,66,10,76,177
07/07/2003,MOB,AL,ASO,CE,Towers with Radar,11,44,27,99,181,0,1,28,31,60,11,45,55,130,241,70,176,246,487
07/08/2003,MOB,AL,ASO,CE,Towers with Radar,13,34,17,124,188,0,1,21,30,52,13,35,38,154,240,70,172,242,482
07/09/2003,MOB,AL,ASO,CE,Towers with Radar,12,34,47,190,283,0,1,13,61,75,12,35,60,251,358,20,116,136,494
07/10/2003,MOB,AL,ASO,CE,Towers with Radar,12,30,39,178,259,0,1,34,42,77,12,31,73,220,336,32,80,112,448
07/11/2003,MOB,AL,ASO,CE,Towers with Radar,17,33,34,90,174,0,1,12,40,53,17,34,46,130,227,16,130,146,373
07/12/2003,MOB,AL,ASO,CE,Towers with Radar,9,27,20,4,60,0,1,20,7,28,9,28,40,11,88,2,0,2,90
07/13/2003,MOB,AL,ASO,CE,Towers with Radar,14,30,16,19,79,0,1,19,10,30,14,31,35,29,109,12,28,40,149
07/14/2003,MOB,AL,ASO,CE,Towers with Radar,11,38,27,44,120,0,1,10,35,46,11,39,37,79,166,16,222,238,404
07/15/2003,MOB,AL,ASO,CE,Towers with Radar,14,31,30,78,153,0,0,20,67,87,14,31,50,145,240,44,134,178,418
07/16/2003,MOB,AL,ASO,CE,Towers with Radar,12,33,22,68,135,0,1,13,41,55,12,34,35,109,190,44,54,98,288
07/17/2003,MOB,AL,ASO,CE,Towers with Radar,15,35,32,84,166,3,0,7,29,39,18,35,39,113,205,24,46,70,275
07/18/2003,MOB,AL,ASO,CE,Towers with Radar,12,39,28,88,167,0,0,13,61,74,12,39,41,149,241,0,102,102,343
07/19/2003,MOB,AL,ASO,CE,Towers with Radar,14,25,15,22,76,0,0,12,12,24,14,25,27,34,100,10,34,44,144
07/20/2003,MOB,AL,ASO,CE,Towers with Radar,21,24,18,32,95,0,0,23,9,32,21,24,41,41,127,10,8,18,145
07/21/2003,MOB,AL,ASO,CE,Towers with Radar,16,34,40,45,135,0,0,23,23,46,16,34,63,68,181,2,84,86,267
07/22/2003,MOB,AL,ASO,CE,Towers with Radar,12,26,25,66,129,3,0,10,46,59,15,26,35,112,188,0,44,44,232
07/23/2003,MOB,AL,ASO,CE,Towers with Radar,9,23,18,41,91,0,13,9,0,22,9,36,27,41,113,0,150,150,263
07/24/2003,MOB,AL,ASO,CE,Towers with Radar,11,37,40,107,195,0,0,30,33,63,11,37,70,140,258,10,176,186,444
07/25/2003,MOB,AL,ASO,CE,Towers with Radar,14,37,34,93,178,0,0,30,37,67,14,37,64,130,245,42,74,116,361
07/26/2003,MOB,AL,ASO,CE,Towers with Radar,5,14,13,5,37,6,10,22,0,38,11,24,35,5,75,16,27,43,118
07/27/2003,MOB,AL,ASO,CE,Towers with Radar,17,27,17,4,65,0,0,15,10,25,17,27,32,14,90,38,0,38,128
07/28/2003,MOB,AL,ASO,CE,Towers with Radar,19,27,20,123,189,0,1,19,56,76,19,28,39,179,265,4,138,142,407
07/29/2003,MOB,AL,ASO,CE,Towers with Radar,12,26,19,34,91,0,0,11,37,48,12,26,30,71,139,0,96,96,235
07/30/2003,MOB,AL,ASO,CE,Towers with Radar,17,23,33,91,164,6,0,14,69,89,23,23,47,160,253,60,210,270,523
07/31/2003,MOB,AL,ASO,CE,Towers with Radar,9,36,35,95,175,0,0,26,70,96,9,36,61,165,271,24,222,246,517
08/01/2003,MOB,AL,ASO,CE,Towers with Radar,27,32,15,67,141,1,0,12,9,22,28,32,27,76,163,4,56,60,223
08/02/2003,MOB,AL,ASO,CE,Towers with Radar,10,31,11,11,63,0,0,12,3,15,10,31,23,14,78,26,6,32,110
08/03/2003,MOB,AL,ASO,CE,Towers with Radar,15,29,15,13,72,0,0,10,11,21,15,29,25,24,93,2,12,14,107
08/04/2003,MOB,AL,ASO,CE,Towers with Radar,18,27,17,119,181,0,1,13,26,40,18,28,30,145,221,0,82,82,303
08/05/2003,MOB,AL,ASO,CE,Towers with Radar,15,27,26,78,146,3,0,15,45,63,18,27,41,123,209,32,124,156,365
08/06/2003,MOB,AL,ASO,CE,Towers with Radar,19,31,20,137,207,0,0,15,44,59,19,31,35,181,266,3,166,169,435
08/07/2003,MOB,AL,ASO,CE,Towers with Radar,16,32,30,91,169,0,0,4,46,50,16,32,34,137,219,4,182,186,405
08/08/2003,MOB,AL,ASO,CE,Towers with Radar,18,33,19,87,157,0,1,40,40,81,18,34,59,127,238,54,118,172,410
08/09/2003,MOB,AL,ASO,CE,Towers with Radar,16,28,33,47,124,0,1,31,11,43,16,29,64,58,167,64,56,120,287
08/10/2003,MOB,AL,ASO,CE,Towers with Radar,21,27,28,18,94,0,3,23,7,33,21,30,51,25,127,90,0,90,217
08/11/2003,MOB,AL,ASO,CE,Towers with Radar,17,33,33,99,182,0,0,1,115,116,17,33,34,214,298,4,112,116,414
08/12/2003,MOB,AL,ASO,CE,Towers with Radar,11,27,28,63,129,0,1,6,27,34,11,28,34,90,163,8,92,100,263
08/13/2003,MOB,AL,ASO,CE,Towers with Radar,14,34,27,71,146,0,1,16,31,48,14,35,43,102,194,20,36,56,250
08/14/2003,MOB,AL,ASO,CE,Towers with Radar,16,38,37,111,202,0,0,28,88,116,16,38,65,199,318,14,168,182,500
08/15/2003,MOB,AL,ASO,CE,Towers with Radar,12,29,25,78,144,0,5,25,11,41,12,34,50,89,185,22,90,112,297
08/16/2003,MOB,AL,ASO,CE,Towers with Radar,0,0,0,0,0,0,0,0,0,0,0,0,0,0,0,0,0,0,0
08/17/2003,MOB,AL,ASO,CE,Towers with Radar,22,23,30,55,130,0,1,30,8,39,22,24,60,63,169,110,82,192,361
08/18/2003,MOB,AL,ASO,CE,Towers with Radar,13,32,14,156,215,0,1,20,36,57,13,33,34,192,272,28,112,140,412
08/19/2003,MOB,AL,ASO,CE,Towers with Radar,11,37,23,117,188,0,2,14,43,59,11,39,37,160,247,46,156,202,449
08/20/2003,MOB,AL,ASO,CE,Towers with Radar,14,34,19,86,153,0,1,14,6,21,14,35,33,92,174,32,120,152,326
08/21/2003,MOB,AL,ASO,CE,Towers with Radar,10,35,31,120,196,0,1,16,55,72,10,36,47,175,268,48,172,220,488
08/22/2003,MOB,AL,ASO,CE,Towers with Radar,13,30,29,112,184,0,1,13,43,57,13,31,42,155,241,24,120,144,385
08/23/2003,MOB,AL,ASO,CE,Towers with Radar,12,26,37,14,89,0,0,30,5,35,12,26,67,19,124,68,30,98,222
08/24/2003,MOB,AL,ASO,CE,Towers with Radar,20,31,30,21,102,0,0,42,12,54,20,31,72,33,156,80,36,116,272
08/25/2003,MOB,AL,ASO,CE,Towers with Radar,13,32,12,83,140,0,0,21,51,72,13,32,33,134,212,12,274,286,498
08/26/2003,MOB,AL,ASO,CE,Towers with Radar,21,31,33,146,231,0,0,20,73,93,21,31,53,219,324,28,246,274,598
08/27/2003,MOB,AL,ASO,CE,Towers with Radar,12,38,34,141,225,0,0,27,66,93,12,38,61,207,318,40,248,288,606
08/28/2003,MOB,AL,ASO,CE,Towers with Radar,15,35,43,75,168,0,0,25,33,58,15,35,68,108,226,80,114,194,420
08/29/2003,MOB,AL,ASO,CE,Towers with Radar,10,36,37,47,130,0,0,25,23,48,10,36,62,70,178,22,20,42,220
08/30/2003,MOB,AL,ASO,CE,Towers with Radar,12,30,37,2,81,0,0,20,2,22,12,30,57,4,103,0,0,0,103
08/31/2003,MOB,AL,ASO,CE,Towers with Radar,7,17,12,12,48,13,3,22,0,38,20,20,34,12,86,26,30,56,142
09/01/2003,MOB,AL,ASO,CE,Towers with Radar,11,28,40,17,96,1,1,20,3,25,12,29,60,20,121,28,0,28,149
09/02/2003,MOB,AL,ASO,CE,Towers with Radar,20,36,33,136,225,0,1,40,56,97,20,37,73,192,322,70,185,255,577
09/03/2003,MOB,AL,ASO,CE,Towers with Radar,17,31,30,86,164,0,1,10,50,61,17,32,40,136,225,48,223,271,496
09/04/2003,MOB,AL,ASO,CE,Towers with Radar,12,36,33,106,187,1,0,18,33,52,13,36,51,139,239,70,192,262,501
09/05/2003,MOB,AL,ASO,CE,Towers with Radar,25,32,43,94,194,1,0,41,40,82,26,32,84,134,276,60,288,348,624
09/06/2003,MOB,AL,ASO,CE,Towers with Radar,11,32,62,45,150,1,0,23,6,30,12,32,85,51,180,46,26,72,252
09/07/2003,MOB,AL,ASO,CE,Towers with Radar,20,26,28,11,85,1,1,17,7,26,21,27,45,18,111,46,16,62,173
09/08/2003,MOB,AL,ASO,CE,Towers with Radar,9,35,34,127,205,2,2,20,47,71,11,37,54,174,276,28,222,250,526
09/09/2003,MOB,AL,ASO,CE,Towers with Radar,18,37,31,109,195,1,0,27,46,74,19,37,58,155,269,50,190,240,509
09/10/2003,MOB,AL,ASO,CE,Towers with Radar,16,28,31,133,208,1,1,23,50,75,17,29,54,183,283,82,162,244,527
09/11/2003,MOB,AL,ASO,CE,Towers with Radar,19,28,45,114,206,0,0,17,88,105,19,28,62,202,311,66,311,377,688
09/12/2003,MOB,AL,ASO,CE,Towers with Radar,12,26,30,73,141,2,5,32,21,60,14,31,62,94,201,66,105,171,372
09/13/2003,MOB,AL,ASO,CE,Towers with Radar,17,27,47,13,104,0,1,33,12,46,17,28,80,25,150,66,4,70,220
09/14/2003,MOB,AL,ASO,CE,Towers with Radar,23,31,28,12,94,0,1,26,14,41,23,32,54,26,135,40,22,62,197
09/15/2003,MOB,AL,ASO,CE,Towers with Radar,21,31,23,112,187,0,1,20,41,62,21,32,43,153,249,30,143,173,422
09/16/2003,MOB,AL,ASO,CE,Towers with Radar,12,40,34,183,269,0,1,46,57,104,12,41,80,240,373,40,312,352,725
09/17/2003,MOB,AL,ASO,CE,Towers with Radar,13,36,38,99,186,0,0,22,58,80,13,36,60,157,266,28,122,150,416
09/18/2003,MOB,AL,ASO,CE,Towers with Radar,13,36,41,201,291,0,1,40,59,100,13,37,81,260,391,110,222,332,723
09/19/2003,MOB,AL,ASO,CE,Towers with Radar,19,30,36,98,183,0,4,46,29,79,19,34,82,127,262,4,74,78,340
09/20/2003,MOB,AL,ASO,CE,Towers with Radar,11,22,15,11,59,0,1,30,5,36,11,23,45,16,95,6,0,6,101
09/21/2003,MOB,AL,ASO,CE,Towers with Radar,15,29,8,7,59,0,1,13,2,16,15,30,21,9,75,0,0,0,75
09/22/2003,MOB,AL,ASO,CE,Towers with Radar,21,34,23,24,102,0,1,12,11,24,21,35,35,35,126,0,14,14,140
09/23/2003,MOB,AL,ASO,CE,Towers with Radar,14,32,26,146,218,0,1,25,44,70,14,33,51,190,288,56,58,114,402
09/24/2003,MOB,AL,ASO,CE,Towers with Radar,13,31,42,225,311,0,5,30,57,92,13,36,72,282,403,40,172,212,615
09/25/2003,MOB,AL,ASO,CE,Towers with Radar,21,31,46,117,215,5,0,8,105,118,26,31,54,222,333,24,136,160,493
09/26/2003,MOB,AL,ASO,CE,Towers with Radar,16,45,49,85,195,0,1,24,18,43,16,46,73,103,238,48,68,116,354
09/27/2003,MOB,AL,ASO,CE,Towers with Radar,10,30,31,8,79,0,2,21,10,33,10,32,52,18,112,68,8,76,188
09/28/2003,MOB,AL,ASO,CE,Towers with Radar,0,0,0,0,0,0,0,0,0,0,0,0,0,0,0,0,0,0,0
09/29/2003,MOB,AL,ASO,CE,Towers with Radar,12,23,26,66,127,11,1,23,2,37,23,24,49,68,164,0,15,15,179
09/30/2003,MOB,AL,ASO,CE,Towers with Radar,22,32,23,44,121,0,1,24,31,56,22,33,47,75,177,39,76,115,292
10/01/2003,MOB,AL,ASO,CE,Towers with Radar,19,30,32,89,170,0,0,32,60,92,19,30,64,149,262,94,140,234,496
10/02/2003,MOB,AL,ASO,CE,Towers with Radar,20,37,36,100,193,0,0,14,80,94,20,37,50,180,287,60,158,218,505
10/03/2003,MOB,AL,ASO,CE,Towers with Radar,14,35,35,94,178,0,0,19,64,83,14,35,54,158,261,48,164,212,473
10/04/2003,MOB,AL,ASO,CE,Towers with Radar,9,14,14,18,55,3,9,40,0,52,12,23,54,18,107,30,14,44,151
10/05/2003,MOB,AL,ASO,CE,Towers with Radar,12,24,22,33,91,0,13,25,0,38,12,37,47,33,129,70,16,86,215
10/06/2003,MOB,AL,ASO,CE,Towers with Radar,13,32,30,80,155,0,5,20,65,90,13,37,50,145,245,30,120,150,395
10/07/2003,MOB,AL,ASO,CE,Towers with Radar,19,31,35,96,181,2,0,7,65,74,21,31,42,161,255,29,114,143,398
10/08/2003,MOB,AL,ASO,CE,Towers with Radar,14,29,26,72,141,2,1,5,44,52,16,30,31,116,193,40,110,150,343
10/09/2003,MOB,AL,ASO,CE,Towers with Radar,10,34,31,84,159,0,6,6,45,57,10,40,37,129,216,59,110,169,385
10/10/2003,MOB,AL,ASO,CE,Towers with Radar,17,34,31,87,169,0,0,0,20,20,17,34,31,107,189,26,86,112,301
10/11/2003,MOB,AL,ASO,CE,Towers with Radar,10,20,18,4,52,0,6,20,0,26,10,26,38,4,78,0,4,4,82
10/12/2003,MOB,AL,ASO,CE,Towers with Radar,13,24,23,23,83,3,10,38,0,51,16,34,61,23,134,16,10,26,160
10/13/2003,MOB,AL,ASO,CE,Towers with Radar,9,19,17,15,60,7,12,35,0,54,16,31,52,15,114,24,44,68,182
10/14/2003,MOB,AL,ASO,CE,Towers with Radar,19,24,32,90,165,3,0,8,69,80,22,24,40,159,245,10,92,102,347
10/15/2003,MOB,AL,ASO,CE,Towers with Radar,15,29,27,75,146,0,0,24,81,105,15,29,51,156,251,46,152,198,449
10/16/2003,MOB,AL,ASO,CE,Towers with Radar,19,28,34,94,175,3,0,18,63,84,22,28,52,157,259,134,230,364,623
10/17/2003,MOB,AL,ASO,CE,Towers with Radar,11,40,41,112,204,0,0,19,49,68,11,40,60,161,272,184,156,340,612
10/18/2003,MOB,AL,ASO,CE,Towers with Radar,8,17,14,17,56,9,11,27,0,47,17,28,41,17,103,28,0,28,131
10/19/2003,MOB,AL,ASO,CE,Towers with Radar,13,27,22,6,68,7,9,19,0,35,20,36,41,6,103,48,10,58,161
10/20/2003,MOB,AL,ASO,CE,Towers with Radar,13,32,28,78,151,0,3,8,63,74,13,35,36,141,225,26,144,170,395
10/21/2003,MOB,AL,ASO,CE,Towers with Radar,13,35,31,85,164,0,4,22,111,137,13,39,53,196,301,120,226,346,647
10/22/2003,MOB,AL,ASO,CE,Towers with Radar,15,35,31,83,164,0,0,21,63,84,15,35,52,146,248,46,174,220,468
10/23/2003,MOB,AL,ASO,CE,Towers with Radar,17,32,36,97,182,0,0,35,74,109,17,32,71,171,291,30,110,140,431
10/24/2003,MOB,AL,ASO,CE,Towers with Radar,17,34,30,56,137,4,3,27,0,34,21,37,57,56,171,84,78,162,333
10/25/2003,MOB,AL,ASO,CE,Towers with Radar,8,17,15,25,65,11,4,20,0,35,19,21,35,25,100,10,12,22,122
10/26/2003,MOB,AL,ASO,CE,Towers with Radar,9,19,16,11,55,9,13,14,0,36,18,32,30,11,91,22,0,22,113
10/27/2003,MOB,AL,ASO,CE,Towers with Radar,16,33,30,79,158,0,0,9,18,27,16,33,39,97,185,18,60,78,263
10/28/2003,MOB,AL,ASO,CE,Towers with Radar,19,30,40,107,196,0,0,2,95,97,19,30,42,202,293,35,264,299,592
10/29/2003,MOB,AL,ASO,CE,Towers with Radar,14,37,38,102,191,0,0,9,109,118,14,37,47,211,309,30,258,288,597
10/30/2003,MOB,AL,ASO,CE,Towers with Radar,19,30,39,104,192,0,0,36,65,101,19,30,75,169,293,18,223,241,534
10/31/2003,MOB,AL,ASO,CE,Towers with Radar,19,38,35,93,185,0,0,20,1,21,19,38,55,94,206,118,98,216,422
11/01/2003,MOB,AL,ASO,CE,Towers with Radar,14,21,23,41,99,1,4,42,0,47,15,25,65,41,146,47,16,63,209
11/02/2003,MOB,AL,ASO,CE,Towers with Radar,18,28,31,16,93,7,3,47,0,57,25,31,78,16,150,30,34,64,214
11/03/2003,MOB,AL,ASO,CE,Towers with Radar,23,38,51,105,217,0,0,12,94,106,23,38,63,199,323,87,212,299,622
11/04/2003,MOB,AL,ASO,CE,Towers with Radar,14,33,33,75,155,0,1,0,77,78,14,34,33,152,233,12,162,174,407
11/05/2003,MOB,AL,ASO,CE,Towers with Radar,19,30,34,71,154,5,0,11,17,33,24,30,45,88,187,48,112,160,347
11/06/2003,MOB,AL,ASO,CE,Towers with Radar,23,30,45,95,193,0,0,21,69,90,23,30,66,164,283,70,242,312,595
11/07/2003,MOB,AL,ASO,CE,Towers with Radar,12,34,37,77,160,0,8,2,19,29,12,42,39,96,189,28,21,49,238
11/08/2003,MOB,AL,ASO,CE,Towers with Radar,12,21,23,23,79,2,0,42,0,44,14,21,65,23,123,56,12,68,191
11/09/2003,MOB,AL,ASO,CE,Towers with Radar,17,32,35,33,117,0,1,10,0,11,17,33,45,33,128,34,0,34,162
11/10/2003,MOB,AL,ASO,CE,Towers with Radar,13,28,30,62,133,0,8,5,23,36,13,36,35,85,169,54,208,262,431
11/11/2003,MOB,AL,ASO,CE,Towers with Radar,10,19,21,9,59,4,14,35,0,53,14,33,56,9,112,36,18,54,166
11/12/2003,MOB,AL,ASO,CE,Towers with Radar,17,29,42,86,174,0,0,10,85,95,17,29,52,171,269,42,88,130,399
11/13/2003,MOB,AL,ASO,CE,Towers with Radar,16,33,49,103,201,0,0,8,85,93,16,33,57,188,294,0,102,102,396
11/14/2003,MOB,AL,ASO,CE,Towers with Radar,14,32,42,87,175,0,0,8,62,70,14,32,50,149,245,38,150,188,433
11/15/2003,MOB,AL,ASO,CE,Towers with Radar,12,22,22,38,94,1,5,37,0,43,13,27,59,38,137,22,51,73,210
11/16/2003,MOB,AL,ASO,CE,Towers with Radar,10,19,19,15,63,7,10,6,0,23,17,29,25,15,86,68,0,68,154
11/17/2003,MOB,AL,ASO,CE,Towers with Radar,19,25,21,76,141,7,0,0,70,77,26,25,21,146,218,10,262,272,490
11/18/2003,MOB,AL,ASO,CE,Towers with Radar,9,17,17,39,82,10,13,3,3,29,19,30,20,42,111,2,80,82,193
11/19/2003,MOB,AL,ASO,CE,Towers with Radar,17,30,46,99,192,0,0,19,113,132,17,30,65,212,324,32,208,240,564
11/20/2003,MOB,AL,ASO,CE,Towers with Radar,15,36,47,101,199,0,0,34,127,161,15,36,81,228,360,50,162,212,572
11/21/2003,MOB,AL,ASO,CE,Towers with Radar,15,33,39,83,170,0,0,30,32,62,15,33,69,115,232,22,140,162,394
11/22/2003,MOB,AL,ASO,CE,Towers with Radar,12,23,23,37,95,4,0,51,0,55,16,23,74,37,150,40,14,54,204
11/23/2003,MOB,AL,ASO,CE,Towers with Radar,9,16,16,5,46,12,10,22,0,44,21,26,38,5,90,94,0,94,184
11/24/2003,MOB,AL,ASO,CE,Towers with Radar,21,31,41,89,182,0,0,0,89,89,21,31,41,178,271,26,348,374,645
11/25/2003,MOB,AL,ASO,CE,Towers with Radar,18,31,45,96,190,0,0,27,77,104,18,31,72,173,294,50,292,342,636
11/26/2003,MOB,AL,ASO,CE,Towers with Radar,17,40,43,93,193,0,0,31,3,34,17,40,74,96,227,40,190,230,457
11/27/2003,MOB,AL,ASO,CE,Towers with Radar,4,6,4,3,17,5,22,0,0,27,9,28,4,3,44,0,0,0,44
11/28/2003,MOB,AL,ASO,CE,Towers with Radar,8,15,15,1,39,5,8,13,0,26,13,23,28,1,65,0,0,0,65
11/29/2003,MOB,AL,ASO,CE,Towers with Radar,10,17,17,4,48,10,2,44,0,56,20,19,61,4,104,22,0,22,126
11/30/2003,MOB,AL,ASO,CE,Towers with Radar,15,26,28,0,69,6,14,59,0,79,21,40,87,0,148,206,0,206,354
12/01/2003,MOB,AL,ASO,CE,Towers with Radar,12,35,35,84,166,0,0,5,111,116,12,35,40,195,282,54,264,318,600
12/02/2003,MOB,AL,ASO,CE,Towers with Radar,17,39,45,108,209,0,0,2,155,157,17,39,47,263,366,32,326,358,724
12/03/2003,MOB,AL,ASO,CE,Towers with Radar,13,34,37,90,174,0,0,9,39,48,13,34,46,129,222,0,158,158,380
12/04/2003,MOB,AL,ASO,CE,Towers with Radar,15,37,31,104,187,0,0,0,53,53,15,37,31,157,240,30,122,152,392
12/05/2003,MOB,AL,ASO,CE,Towers with Radar,11,38,36,87,172,0,1,24,17,42,11,39,60,104,214,16,54,70,284
12/06/2003,MOB,AL,ASO,CE,Towers with Radar,15,22,24,46,107,6,0,10,0,16,21,22,34,46,123,16,54,70,193
12/07/2003,MOB,AL,ASO,CE,Towers with Radar,13,21,21,26,81,10,4,31,0,45,23,25,52,26,126,24,18,42,168
12/08/2003,MOB,AL,ASO,CE,Towers with Radar,20,30,46,111,207,0,0,2,142,144,20,30,48,253,351,6,268,274,625
12/09/2003,MOB,AL,ASO,CE,Towers with Radar,15,28,31,73,147,0,0,1,51,52,15,28,32,124,199,40,128,168,367
12/10/2003,MOB,AL,ASO,CE,Towers with Radar,18,32,45,111,206,0,0,10,110,120,18,32,55,221,326,44,286,330,656
12/11/2003,MOB,AL,ASO,CE,Towers with Radar,21,33,34,83,171,10,0,17,33,60,31,33,51,116,231,42,110,152,383
12/12/2003,MOB,AL,ASO,CE,Towers with Radar,18,33,31,75,157,0,0,14,5,19,18,33,45,80,176,65,58,123,299
12/13/2003,MOB,AL,ASO,CE,Towers with Radar,8,15,12,6,41,18,9,0,0,27,26,24,12,6,68,0,0,0,68
12/14/2003,MOB,AL,ASO,CE,Towers with Radar,10,19,16,13,58,13,8,25,0,46,23,27,41,13,104,78,80,158,262
12/15/2003,MOB,AL,ASO,CE,Towers with Radar,20,33,31,79,163,0,0,12,78,90,20,33,43,157,253,74,95,169,422
12/16/2003,MOB,AL,ASO,CE,Towers with Radar,16,31,33,90,170,0,0,0,115,115,16,31,33,205,285,22,134,156,441
12/17/2003,MOB,AL,ASO,CE,Towers with Radar,14,33,36,86,169,0,0,6,89,95,14,33,42,175,264,62,123,185,449
12/18/2003,MOB,AL,ASO,CE,Towers with Radar,21,40,37,88,186,0,4,13,47,64,21,44,50,135,250,52,128,180,430
12/19/2003,MOB,AL,ASO,CE,Towers with Radar,21,37,36,87,181,0,0,17,6,23,21,37,53,93,204,34,32,66,270
12/20/2003,MOB,AL,ASO,CE,Towers with Radar,12,21,19,8,60,6,2,58,0,66,18,23,77,8,126,62,0,62,188
12/21/2003,MOB,AL,ASO,CE,Towers with Radar,9,18,16,13,56,2,18,37,0,57,11,36,53,13,113,114,14,128,241
12/22/2003,MOB,AL,ASO,CE,Towers with Radar,12,27,25,60,124,0,5,14,29,48,12,32,39,89,172,46,88,134,306
12/23/2003,MOB,AL,ASO,CE,Towers with Radar,16,27,25,60,128,2,2,2,8,14,18,29,27,68,142,0,24,24,166
12/24/2003,MOB,AL,ASO,CE,Towers with Radar,11,20,19,22,72,6,9,21,0,36,17,29,40,22,108,23,4,27,135
12/25/2003,MOB,AL,ASO,CE,Towers with Radar,5,10,9,2,26,8,12,16,0,36,13,22,25,2,62,8,0,8,70
12/26/2003,MOB,AL,ASO,CE,Towers with Radar,14,29,27,2,72,0,9,60,0,69,14,38,87,2,141,20,0,20,161
12/27/2003,MOB,AL,ASO,CE,Towers with Radar,13,23,21,3,60,8,1,54,0,63,21,24,75,3,123,84,6,90,213
12/28/2003,MOB,AL,ASO,CE,Towers with Radar,11,20,19,6,56,8,8,54,0,70,19,28,73,6,126,44,0,44,170
12/29/2003,MOB,AL,ASO,CE,Towers with Radar,16,28,25,47,116,9,2,0,0,11,25,30,25,47,127,0,24,24,151
12/30/2003,MOB,AL,ASO,CE,Towers with Radar,20,33,35,76,164,0,0,43,0,43,20,33,78,76,207,32,28,60,267
12/31/2003,MOB,AL,ASO,CE,Towers with Radar,12,21,20,18,71,0,6,19,0,25,12,27,39,18,96,14,8,22,118
01/01/2004,MOB,AL,ASO,CE,Towers with Radar,7,12,10,4,33,0,15,17,0,32,7,27,27,4,65,6,0,6,71
01/02/2004,MOB,AL,ASO,CE,Towers with Radar,5,20,19,10,54,0,20,10,0,30,5,40,29,10,84,20,0,20,104
01/03/2004,MOB,AL,ASO,CE,Towers with Radar,12,20,17,10,59,1,9,21,0,31,13,29,38,10,90,14,0,14,104
01/04/2004,MOB,AL,ASO,CE,Towers with Radar,9,15,14,6,44,14,11,20,0,45,23,26,34,6,89,8,8,16,105
01/05/2004,MOB,AL,ASO,CE,Towers with Radar,10,18,15,9,52,6,6,7,0,19,16,24,22,9,71,0,0,0,71
01/06/2004,MOB,AL,ASO,CE,Towers with Radar,17,30,35,82,164,0,0,10,57,67,17,30,45,139,231,56,132,188,419
01/07/2004,MOB,AL,ASO,CE,Towers with Radar,15,29,26,60,130,0,3,18,20,41,15,32,44,80,171,30,32,62,233
01/08/2004,MOB,AL,ASO,CE,Towers with Radar,11,22,20,48,101,0,8,8,11,27,11,30,28,59,128,12,54,66,194
01/09/2004,MOB,AL,ASO,CE,Towers with Radar,20,31,33,77,161,0,0,6,35,41,20,31,39,112,202,2,90,92,294
01/10/2004,MOB,AL,ASO,CE,Towers with Radar,14,26,23,35,98,4,3,29,0,36,18,29,52,35,134,32,114,146,280
01/11/2004,MOB,AL,ASO,CE,Towers with Radar,12,23,20,34,89,10,2,52,0,64,22,25,72,34,153,60,74,134,287
01/12/2004,MOB,AL,ASO,CE,Towers with Radar,15,30,30,70,145,0,0,4,48,52,15,30,34,118,197,18,120,138,335
01/13/2004,MOB,AL,ASO,CE,Towers with Radar,13,31,36,84,164,0,0,8,76,84,13,31,44,160,248,74,148,222,470
01/14/2004,MOB,AL,ASO,CE,Towers with Radar,9,32,33,78,152,0,0,5,63,68,9,32,38,141,220,52,104,156,376
01/15/2004,MOB,AL,ASO,CE,Towers with Radar,20,28,36,86,170,0,0,23,33,56,20,28,59,119,226,64,142,206,432
01/16/2004,MOB,AL,ASO,CE,Towers with Radar,18,33,35,85,171,0,0,35,51,86,18,33,70,136,257,102,171,273,530
01/17/2004,MOB,AL,ASO,CE,Towers with Radar,7,14,10,7,38,6,15,6,0,27,13,29,16,7,65,12,0,12,77
01/18/2004,MOB,AL,ASO,CE,Towers with Radar,10,19,16,10,55,11,14,7,0,32,21,33,23,10,87,12,6,18,105
01/19/2004,MOB,AL,ASO,CE,Towers with Radar,13,27,23,14,77,0,8,25,0,33,13,35,48,14,110,8,0,8,118
01/20/2004,MOB,AL,ASO,CE,Towers with Radar,20,32,32,72,156,0,0,13,69,82,20,32,45,141,238,20,168,188,426
01/21/2004,MOB,AL,ASO,CE,Towers with Radar,15,27,39,89,170,0,0,20,93,113,15,27,59,182,283,14,194,208,491
01/22/2004,MOB,AL,ASO,CE,Towers with Radar,19,37,43,98,197,0,0,23,66,89,19,37,66,164,286,54,150,204,490
01/23/2004,MOB,AL,ASO,CE,Towers with Radar,26,31,43,98,198,0,0,38,50,88,26,31,81,148,286,74,168,242,528
01/24/2004,MOB,AL,ASO,CE,Towers with Radar,9,18,15,19,61,14,6,28,0,48,23,24,43,19,109,28,0,28,137
01/25/2004,MOB,AL,ASO,CE,Towers with Radar,9,18,14,16,57,4,14,4,0,22,13,32,18,16,79,11,20,31,110
01/26/2004,MOB,AL,ASO,CE,Towers with Radar,11,24,13,47,95,0,8,0,25,33,11,32,13,72,128,0,52,52,180
01/27/2004,MOB,AL,ASO,CE,Towers with Radar,19,26,31,71,147,0,0,18,61,79,19,26,49,132,226,26,104,130,356
01/28/2004,MOB,AL,ASO,CE,Towers with Radar,15,30,29,65,139,0,0,18,48,66,15,30,47,113,205,8,190,198,403
01/29/2004,MOB,AL,ASO,CE,Towers with Radar,19,36,32,72,159,0,0,32,26,58,19,36,64,98,217,48,122,170,387
01/30/2004,MOB,AL,ASO,CE,Towers with Radar,15,31,26,76,148,0,0,0,8,8,15,31,26,84,156,16,19,35,191
01/31/2004,MOB,AL,ASO,CE,Towers with Radar,9,19,15,7,50,13,3,25,0,41,22,22,40,7,91,76,22,98,189
02/01/2004,MOB,AL,ASO,CE,Towers with Radar,12,19,20,17,68,19,0,3,0,22,31,19,23,17,90,2,2,4,94
02/02/2004,MOB,AL,ASO,CE,Towers with Radar,14,25,23,35,97,0,13,0,0,13,14,38,23,35,110,0,6,6,116
02/03/2004,MOB,AL,ASO,CE,Towers with Radar,9,32,22,68,131,0,0,0,48,48,9,32,22,116,179,28,148,176,355
02/04/2004,MOB,AL,ASO,CE,Towers with Radar,15,28,36,66,145,0,0,15,33,48,15,28,51,99,193,0,85,85,278
02/05/2004,MOB,AL,ASO,CE,Towers with Radar,12,26,25,39,102,0,9,4,0,13,12,35,29,39,115,0,16,16,131
02/06/2004,MOB,AL,ASO,CE,Towers with Radar,18,34,49,91,192,0,0,10,40,50,18,34,59,131,242,44,94,138,380
02/07/2004,MOB,AL,ASO,CE,Towers with Radar,12,15,20,38,85,15,0,36,6,57,27,15,56,44,142,122,48,170,312
02/08/2004,MOB,AL,ASO,CE,Towers with Radar,17,20,28,53,118,4,0,40,1,45,21,20,68,54,163,70,46,116,279
02/09/2004,MOB,AL,ASO,CE,Towers with Radar,16,33,44,82,175,0,0,7,106,113,16,33,51,188,288,32,256,288,576
02/10/2004,MOB,AL,ASO,CE,Towers with Radar,12,26,17,49,104,0,3,0,6,9,12,29,17,55,113,20,114,134,247
02/11/2004,MOB,AL,ASO,CE,Towers with Radar,17,29,28,28,102,0,7,3,0,10,17,36,31,28,112,0,0,0,112
02/12/2004,MOB,AL,ASO,CE,Towers with Radar,12,41,59,109,221,0,0,41,42,83,12,41,100,151,304,0,16,16,320
02/13/2004,MOB,AL,ASO,CE,Towers with Radar,18,34,35,65,152,0,1,7,39,47,18,35,42,104,199,2,152,154,353
02/14/2004,MOB,AL,ASO,CE,Towers with Radar,6,10,5,5,26,13,8,0,0,21,19,18,5,5,47,0,0,0,47
02/15/2004,MOB,AL,ASO,CE,Towers with Radar,12,23,22,15,72,7,5,36,0,48,19,28,58,15,120,26,4,30,150
02/16/2004,MOB,AL,ASO,CE,Towers with Radar,13,23,23,31,90,2,8,18,0,28,15,31,41,31,118,6,66,72,190
02/17/2004,MOB,AL,ASO,CE,Towers with Radar,15,31,35,63,144,0,0,6,75,81,15,31,41,138,225,8,294,302,527
02/18/2004,MOB,AL,ASO,CE,Towers with Radar,21,26,39,69,155,0,0,24,73,97,21,26,63,142,252,26,290,316,568
02/19/2004,MOB,AL,ASO,CE,Towers with Radar,14,33,46,84,177,0,0,29,87,116,14,33,75,171,293,74,312,386,679
02/20/2004,MOB,AL,ASO,CE,Towers with Radar,11,33,39,70,153,0,0,11,72,83,11,33,50,142,236,35,96,131,367
02/21/2004,MOB,AL,ASO,CE,Towers with Radar,9,17,18,28,72,9,9,29,0,47,18,26,47,28,119,54,46,100,219
02/22/2004,MOB,AL,ASO,CE,Towers with Radar,14,24,25,18,81,0,9,48,0,57,14,33,73,18,138,24,10,34,172
02/23/2004,MOB,AL,ASO,CE,Towers with Radar,9,16,9,5,39,10,12,0,0,22,19,28,9,5,61,0,42,42,103
02/24/2004,MOB,AL,ASO,CE,Towers with Radar,7,13,13,6,39,4,23,1,0,28,11,36,14,6,67,0,0,0,67
02/25/2004,MOB,AL,ASO,CE,Towers with Radar,9,17,9,21,56,8,16,0,0,24,17,33,9,21,80,0,22,22,102
02/26/2004,MOB,AL,ASO,CE,Towers with Radar,23,32,42,76,173,3,0,11,6,20,26,32,53,82,193,6,52,58,251
02/27/2004,MOB,AL,ASO,CE,Towers with Radar,15,34,51,92,192,0,0,36,92,128,15,34,87,184,320,126,366,492,812
02/28/2004,MOB,AL,ASO,CE,Towers with Radar,12,22,22,18,74,11,8,45,0,64,23,30,67,18,138,38,10,48,186
02/29/2004,MOB,AL,ASO,CE,Towers with Radar,15,26,27,40,108,8,6,34,0,48,23,32,61,40,156,32,12,44,200
03/01/2004,MOB,AL,ASO,CE,Towers with Radar,18,29,18,82,147,1,0,0,59,60,19,29,18,141,207,0,90,90,297
03/02/2004,MOB,AL,ASO,CE,Towers with Radar,16,29,28,81,154,0,3,1,64,68,16,32,29,145,222,20,250,270,492
03/03/2004,MOB,AL,ASO,CE,Towers with Radar,23,29,35,104,191,2,0,11,19,32,25,29,46,123,223,6,314,320,543
03/04/2004,MOB,AL,ASO,CE,Towers with Radar,13,34,37,114,198,0,0,0,111,111,13,34,37,225,309,20,154,174,483
03/05/2004,MOB,AL,ASO,CE,Towers with Radar,18,27,21,81,147,5,0,0,0,5,23,27,21,81,152,4,120,124,276
03/06/2004,MOB,AL,ASO,CE,Towers with Radar,11,17,16,24,68,14,4,24,0,42,25,21,40,24,110,22,10,32,142
03/07/2004,MOB,AL,ASO,CE,Towers with Radar,12,19,18,25,74,6,13,46,0,65,18,32,64,25,139,65,12,77,216
03/08/2004,MOB,AL,ASO,CE,Towers with Radar,16,29,29,86,160,0,0,13,37,50,16,29,42,123,210,22,206,228,438
03/09/2004,MOB,AL,ASO,CE,Towers with Radar,14,29,34,100,177,0,0,4,57,61,14,29,38,157,238,14,46,60,298
03/10/2004,MOB,AL,ASO,CE,Towers with Radar,13,32,32,92,169,0,1,15,31,47,13,33,47,123,216,64,192,256,472
03/11/2004,MOB,AL,ASO,CE,Towers with Radar,12,36,35,103,186,0,2,22,22,46,12,38,57,125,232,4,110,114,346
03/12/2004,MOB,AL,ASO,CE,Towers with Radar,20,29,35,102,186,0,0,40,3,43,20,29,75,105,229,38,64,102,331
03/13/2004,MOB,AL,ASO,CE,Towers with Radar,12,19,18,23,72,9,3,64,0,76,21,22,82,23,148,40,4,44,192
03/14/2004,MOB,AL,ASO,CE,Towers with Radar,17,28,26,20,91,6,0,38,0,44,23,28,64,20,135,30,2,32,167
03/15/2004,MOB,AL,ASO,CE,Towers with Radar,11,23,20,63,117,0,8,0,14,22,11,31,20,77,139,20,71,91,230
03/16/2004,MOB,AL,ASO,CE,Towers with Radar,20,30,32,98,180,7,0,10,48,65,27,30,42,146,245,8,186,194,439
03/17/2004,MOB,AL,ASO,CE,Towers with Radar,20,24,31,96,171,6,0,40,42,88,26,24,71,138,259,32,210,242,501
03/18/2004,MOB,AL,ASO,CE,Towers with Radar,17,36,36,108,197,0,0,13,37,50,17,36,49,145,247,50,226,276,523
03/19/2004,MOB,AL,ASO,CE,Towers with Radar,13,36,37,113,199,0,0,7,61,68,13,36,44,174,267,58,104,162,429
03/20/2004,MOB,AL,ASO,CE,Towers with Radar,11,15,17,28,71,15,0,41,0,56,26,15,58,28,127,28,0,28,155
03/21/2004,MOB,AL,ASO,CE,Towers with Radar,11,20,18,22,71,0,15,30,0,45,11,35,48,22,116,16,0,16,132
03/22/2004,MOB,AL,ASO,CE,Towers with Radar,16,27,25,75,143,3,2,11,18,34,19,29,36,93,177,42,134,176,353
03/23/2004,MOB,AL,ASO,CE,Towers with Radar,17,28,27,77,149,2,2,1,49,54,19,30,28,126,203,30,274,304,507
03/24/2004,MOB,AL,ASO,CE,Towers with Radar,18,33,32,91,174,0,2,10,53,65,18,35,42,144,239,22,260,282,521
03/25/2004,MOB,AL,ASO,CE,Towers with Radar,14,36,36,105,191,0,0,19,88,107,14,36,55,193,298,0,171,171,469
03/26/2004,MOB,AL,ASO,CE,Towers with Radar,21,28,38,110,197,0,0,32,29,61,21,28,70,139,258,48,248,296,554
03/27/2004,MOB,AL,ASO,CE,Towers with Radar,9,16,16,11,52,6,11,22,0,39,15,27,38,11,91,42,30,72,163
03/28/2004,MOB,AL,ASO,CE,Towers with Radar,14,24,23,58,119,3,7,32,0,42,17,31,55,58,161,52,40,92,253
03/29/2004,MOB,AL,ASO,CE,Towers with Radar,14,25,24,69,132,2,6,10,5,23,16,31,34,74,155,20,170,190,345
03/30/2004,MOB,AL,ASO,CE,Towers with Radar,17,28,30,85,160,0,0,6,60,66,17,28,36,145,226,100,140,240,466
03/31/2004,MOB,AL,ASO,CE,Towers with Radar,12,39,36,105,192,0,1,13,77,91,12,40,49,182,283,12,150,162,445
04/01/2004,MOB,AL,ASO,CE,Towers with Radar,12,32,32,74,150,0,4,20,61,85,12,36,52,135,235,4,58,62,297
04/02/2004,MOB,AL,ASO,CE,Towers with Radar,15,25,26,60,126,2,3,21,14,40,17,28,47,74,166,16,88,104,270
04/03/2004,MOB,AL,ASO,CE,Towers with Radar,13,22,22,39,96,4,15,48,0,67,17,37,70,39,163,24,18,42,205
04/04/2004,MOB,AL,ASO,CE,Towers with Radar,12,21,21,32,86,4,11,32,0,47,16,32,53,32,133,104,64,168,301
04/05/2004,MOB,AL,ASO,CE,Towers with Radar,17,29,29,69,144,0,4,2,66,72,17,33,31,135,216,19,132,151,367
04/06/2004,MOB,AL,ASO,CE,Towers with Radar,21,31,40,94,186,0,0,5,126,131,21,31,45,220,317,16,235,251,568
04/07/2004,MOB,AL,ASO,CE,Towers with Radar,14,25,24,58,121,0,11,19,26,56,14,36,43,84,177,14,129,143,320
04/08/2004,MOB,AL,ASO,CE,Towers with Radar,12,35,39,92,178,0,0,19,14,33,12,35,58,106,211,4,122,126,337
04/09/2004,MOB,AL,ASO,CE,Towers with Radar,15,32,32,76,155,0,4,44,30,78,15,36,76,106,233,44,124,168,401
04/10/2004,MOB,AL,ASO,CE,Towers with Radar,16,28,28,43,115,6,5,56,0,67,22,33,84,43,182,112,52,164,346
04/11/2004,MOB,AL,ASO,CE,Towers with Radar,9,15,16,5,45,15,10,5,0,30,24,25,21,5,75,0,0,0,75
04/12/2004,MOB,AL,ASO,CE,Towers with Radar,21,26,40,95,182,0,0,7,46,53,21,26,47,141,235,20,120,140,375
04/13/2004,MOB,AL,ASO,CE,Towers with Radar,17,33,38,91,179,0,0,16,51,67,17,33,54,142,246,10,314,324,570
04/14/2004,MOB,AL,ASO,CE,Towers with Radar,13,34,36,86,169,0,0,28,23,51,13,34,64,109,220,24,174,198,418
04/15/2004,MOB,AL,ASO,CE,Towers with Radar,24,40,44,107,215,0,0,11,79,90,24,40,55,186,305,66,295,361,666
04/16/2004,MOB,AL,ASO,CE,Towers with Radar,21,39,38,92,190,0,0,36,11,47,21,39,74,103,237,28,122,150,387
04/17/2004,MOB,AL,ASO,CE,Towers with Radar,11,20,19,15,65,12,2,41,0,55,23,22,60,15,120,38,22,60,180
04/18/2004,MOB,AL,ASO,CE,Towers with Radar,16,31,29,56,132,9,3,39,0,51,25,34,68,56,183,30,42,72,255
04/19/2004,MOB,AL,ASO,CE,Towers with Radar,18,29,32,79,158,1,0,12,51,64,19,29,44,130,222,36,238,274,496
04/20/2004,MOB,AL,ASO,CE,Towers with Radar,20,37,35,87,179,3,0,22,61,86,23,37,57,148,265,30,186,216,481
04/21/2004,MOB,AL,ASO,CE,Towers with Radar,13,34,32,80,159,0,13,22,28,63,13,47,54,108,222,24,126,150,372
04/22/2004,MOB,AL,ASO,CE,Towers with Radar,11,37,35,84,167,0,5,10,40,55,11,42,45,124,222,22,135,157,379
04/23/2004,MOB,AL,ASO,CE,Towers with Radar,14,39,37,92,182,0,0,0,40,40,14,39,37,132,222,56,84,140,362
04/24/2004,MOB,AL,ASO,CE,Towers with Radar,8,16,14,18,56,6,11,38,0,55,14,27,52,18,111,2,0,2,113
04/25/2004,MOB,AL,ASO,CE,Towers with Radar,13,25,25,31,94,13,8,46,0,67,26,33,71,31,161,46,50,96,257
04/26/2004,MOB,AL,ASO,CE,Towers with Radar,19,28,35,83,165,1,0,29,10,40,20,28,64,93,205,6,93,99,304
04/27/2004,MOB,AL,ASO,CE,Towers with Radar,22,26,41,98,187,0,0,20,64,84,22,26,61,162,271,90,211,301,572
04/28/2004,MOB,AL,ASO,CE,Towers with Radar,16,38,39,94,187,0,0,54,78,132,16,38,93,172,319,70,153,223,542
04/29/2004,MOB,AL,ASO,CE,Towers with Radar,10,31,30,71,142,0,7,10,46,63,10,38,40,117,205,0,32,32,237
04/30/2004,MOB,AL,ASO,CE,Towers with Radar,10,19,18,4,51,0,19,3,0,22,10,38,21,4,73,6,0,6,79
05/01/2004,MOB,AL,ASO,CE,Towers with Radar,12,20,18,22,72,4,11,37,0,52,16,31,55,22,124,4,0,4,128
05/02/2004,MOB,AL,ASO,CE,Towers with Radar,10,16,16,9,51,9,21,13,0,43,19,37,29,9,94,10,6,16,110
05/03/2004,MOB,AL,ASO,CE,Towers with Radar,25,34,39,86,184,2,0,19,73,94,27,34,58,159,278,86,134,220,498
05/04/2004,MOB,AL,ASO,CE,Towers with Radar,15,33,35,76,159,0,0,12,76,88,15,33,47,152,247,80,382,462,709
05/05/2004,MOB,AL,ASO,CE,Towers with Radar,11,34,31,68,144,0,7,44,65,116,11,41,75,133,260,10,224,234,494
05/06/2004,MOB,AL,ASO,CE,Towers with Radar,13,33,37,81,164,0,0,21,86,107,13,33,58,167,271,82,356,438,709
05/07/2004,MOB,AL,ASO,CE,Towers with Radar,16,32,29,64,141,0,14,30,9,53,16,46,59,73,194,22,70,92,286
05/08/2004,MOB,AL,ASO,CE,Towers with Radar,12,19,18,10,59,1,11,38,0,50,13,30,56,10,109,14,6,20,129
05/09/2004,MOB,AL,ASO,CE,Towers with Radar,17,31,28,29,105,1,9,44,0,54,18,40,72,29,159,30,10,40,199
05/10/2004,MOB,AL,ASO,CE,Towers with Radar,15,37,34,76,162,0,0,12,81,93,15,37,46,157,255,68,182,250,505
05/11/2004,MOB,AL,ASO,CE,Towers with Radar,16,29,28,61,134,1,0,10,25,36,17,29,38,86,170,50,156,206,376
05/12/2004,MOB,AL,ASO,CE,Towers with Radar,13,34,32,71,150,0,0,4,47,51,13,34,36,118,201,4,200,204,405
05/13/2004,MOB,AL,ASO,CE,Towers with Radar,2,4,4,0,10,4,0,2,0,6,6,4,6,0,16,0,0,0,16
05/14/2004,MOB,AL,ASO,CE,Towers with Radar,15,34,31,70,150,0,7,6,20,33,15,41,37,90,183,26,118,144,327
05/15/2004,MOB,AL,ASO,CE,Towers with Radar,8,14,13,12,47,7,15,13,0,35,15,29,26,12,82,14,6,20,102
05/16/2004,MOB,AL,ASO,CE,Towers with Radar,12,23,20,19,74,3,16,27,0,46,15,39,47,19,120,76,34,110,230
05/17/2004,MOB,AL,ASO,CE,Towers with Radar,16,29,20,58,123,4,0,0,36,40,20,29,20,94,163,50,256,306,469
05/18/2004,MOB,AL,ASO,CE,Towers with Radar,18,25,28,65,136,4,0,0,60,64,22,25,28,125,200,36,272,308,508
05/19/2004,MOB,AL,ASO,CE,Towers with Radar,12,36,31,71,150,0,7,14,28,49,12,43,45,99,199,58,204,262,461
05/20/2004,MOB,AL,ASO,CE,Towers with Radar,17,38,36,83,174,0,0,17,42,59,17,38,53,125,233,34,268,302,535
05/21/2004,MOB,AL,ASO,CE,Towers with Radar,16,34,32,73,155,0,0,32,3,35,16,34,64,76,190,24,76,100,290
05/22/2004,MOB,AL,ASO,CE,Towers with Radar,13,22,19,45,99,4,6,45,2,57,17,28,64,47,156,38,62,100,256
05/23/2004,MOB,AL,ASO,CE,Towers with Radar,13,25,22,13,73,6,6,23,0,35,19,31,45,13,108,42,30,72,180
05/24/2004,MOB,AL,ASO,CE,Towers with Radar,17,31,27,63,138,1,0,20,29,50,18,31,47,92,188,10,189,199,387
05/25/2004,MOB,AL,ASO,CE,Towers with Radar,21,37,35,76,169,0,0,17,59,76,21,37,52,135,245,18,142,160,405
05/26/2004,MOB,AL,ASO,CE,Towers with Radar,17,36,35,78,166,0,0,15,43,58,17,36,50,121,224,28,272,300,524
05/27/2004,MOB,AL,ASO,CE,Towers with Radar,13,38,44,96,191,0,0,23,64,87,13,38,67,160,278,28,196,224,502
05/28/2004,MOB,AL,ASO,CE,Towers with Radar,21,32,39,86,178,0,0,22,9,31,21,32,61,95,209,34,284,318,527
05/29/2004,MOB,AL,ASO,CE,Towers with Radar,10,20,17,19,66,10,1,39,0,50,20,21,56,19,116,0,0,0,116
05/30/2004,MOB,AL,ASO,CE,Towers with Radar,6,12,10,4,32,15,4,17,0,36,21,16,27,4,68,0,0,0,68
05/31/2004,MOB,AL,ASO,CE,Towers with Radar,9,17,15,5,46,8,11,17,0,36,17,28,32,5,82,0,0,0,82
06/01/2004,MOB,AL,ASO,CE,Towers with Radar,12,21,20,15,68,4,9,12,0,25,16,30,32,15,93,0,2,2,95
06/02/2004,MOB,AL,ASO,CE,Towers with Radar,14,22,22,36,94,9,4,30,12,55,23,26,52,48,149,4,136,140,289
06/03/2004,MOB,AL,ASO,CE,Towers with Radar,14,34,32,52,132,0,6,12,30,48,14,40,44,82,180,42,120,162,342
06/04/2004,MOB,AL,ASO,CE,Towers with Radar,19,38,36,59,152,0,2,17,60,79,19,40,53,119,231,14,76,90,321
06/05/2004,MOB,AL,ASO,CE,Towers with Radar,14,24,24,38,100,4,1,26,1,32,18,25,50,39,132,8,8,16,148
06/06/2004,MOB,AL,ASO,CE,Towers with Radar,9,15,14,9,47,5,22,13,0,40,14,37,27,9,87,0,0,0,87
06/07/2004,MOB,AL,ASO,CE,Towers with Radar,18,28,42,67,155,0,0,15,71,86,18,28,57,138,241,46,194,240,481
06/08/2004,MOB,AL,ASO,CE,Towers with Radar,22,24,45,72,163,0,0,32,97,129,22,24,77,169,292,92,270,362,654
06/09/2004,MOB,AL,ASO,CE,Towers with Radar,11,34,34,55,134,0,0,2,56,58,11,34,36,111,192,68,316,384,576
06/10/2004,MOB,AL,ASO,CE,Towers with Radar,19,33,40,64,156,0,0,5,23,28,19,33,45,87,184,2,86,88,272
06/11/2004,MOB,AL,ASO,CE,Towers with Radar,17,28,27,11,83,5,0,15,0,20,22,28,42,11,103,16,6,22,125
06/12/2004,MOB,AL,ASO,CE,Towers with Radar,8,15,14,2,39,15,8,18,0,41,23,23,32,2,80,0,0,0,80
06/13/2004,MOB,AL,ASO,CE,Towers with Radar,13,23,21,9,66,4,2,27,0,33,17,25,48,9,99,38,3,41,140
06/14/2004,MOB,AL,ASO,CE,Towers with Radar,9,16,14,25,64,5,11,5,9,30,14,27,19,34,94,0,10,10,104
06/15/2004,MOB,AL,ASO,CE,Towers with Radar,14,27,20,39,100,0,5,0,22,27,14,32,20,61,127,4,130,134,261
06/16/2004,MOB,AL,ASO,CE,Towers with Radar,16,33,47,75,171,0,0,3,119,122,16,33,50,194,293,14,128,142,435
06/17/2004,MOB,AL,ASO,CE,Towers with Radar,18,33,41,63,155,0,0,5,59,64,18,33,46,122,219,16,142,158,377
06/18/2004,MOB,AL,ASO,CE,Towers with Radar,14,32,36,57,139,0,0,18,31,49,14,32,54,88,188,18,99,117,305
06/19/2004,MOB,AL,ASO,CE,Towers with Radar,10,18,17,12,57,13,0,35,0,48,23,18,52,12,105,78,8,86,191
06/20/2004,MOB,AL,ASO,CE,Towers with Radar,12,23,22,19,76,0,7,21,0,28,12,30,43,19,104,72,8,80,184
06/21/2004,MOB,AL,ASO,CE,Towers with Radar,19,27,32,51,129,0,0,18,57,75,19,27,50,108,204,0,146,146,350
06/22/2004,MOB,AL,ASO,CE,Towers with Radar,13,23,21,35,92,6,8,17,6,37,19,31,38,41,129,0,114,114,243
06/23/2004,MOB,AL,ASO,CE,Towers with Radar,8,32,30,47,117,0,0,20,38,58,8,32,50,85,175,18,108,126,301
06/24/2004,MOB,AL,ASO,CE,Towers with Radar,12,27,26,40,105,0,10,16,27,53,12,37,42,67,158,12,36,48,206
06/25/2004,MOB,AL,ASO,CE,Towers with Radar,15,28,26,39,108,1,3,13,0,17,16,31,39,39,125,2,6,8,133
06/26/2004,MOB,AL,ASO,CE,Towers with Radar,11,20,19,26,76,5,7,9,0,21,16,27,28,26,97,30,20,50,147
06/27/2004,MOB,AL,ASO,CE,Towers with Radar,15,28,26,17,86,0,6,35,0,41,15,34,61,17,127,2,40,42,169
06/28/2004,MOB,AL,ASO,CE,Towers with Radar,14,25,24,37,100,1,0,12,9,22,15,25,36,46,122,0,50,50,172
06/29/2004,MOB,AL,ASO,CE,Towers with Radar,14,27,26,39,106,2,5,35,15,57,16,32,61,54,163,24,51,75,238
06/30/2004,MOB,AL,ASO,CE,Towers with Radar,11,32,30,48,121,0,2,15,43,60,11,34,45,91,181,20,24,44,225
07/01/2004,MOB,AL,ASO,CE,Towers with Radar,10,34,36,71,151,0,0,3,39,42,10,34,39,110,193,52,178,230,423
07/02/2004,MOB,AL,ASO,CE,Towers with Radar,15,25,27,33,100,0,8,18,0,26,15,33,45,33,126,0,4,4,130
07/03/2004,MOB,AL,ASO,CE,Towers with Radar,8,12,13,12,45,10,10,6,0,26,18,22,19,12,71,12,4,16,87
07/04/2004,MOB,AL,ASO,CE,Towers with Radar,9,14,15,28,66,11,15,37,0,63,20,29,52,28,129,8,4,12,141
07/05/2004,MOB,AL,ASO,CE,Towers with Radar,12,19,20,24,75,2,19,29,0,50,14,38,49,24,125,0,0,0,125
07/06/2004,MOB,AL,ASO,CE,Towers with Radar,14,30,30,62,136,0,3,15,49,67,14,33,45,111,203,6,126,132,335
07/07/2004,MOB,AL,ASO,CE,Towers with Radar,14,35,37,77,163,0,0,14,58,72,14,35,51,135,235,36,62,98,333
07/08/2004,MOB,AL,ASO,CE,Towers with Radar,16,30,30,62,138,0,1,0,47,48,16,31,30,109,186,50,224,274,460
07/09/2004,MOB,AL,ASO,CE,Towers with Radar,18,31,31,65,145,0,4,14,34,52,18,35,45,99,197,110,116,226,423
07/10/2004,MOB,AL,ASO,CE,Towers with Radar,10,15,16,34,75,6,7,28,0,41,16,22,44,34,116,10,18,28,144
07/11/2004,MOB,AL,ASO,CE,Towers with Radar,15,24,23,37,99,7,7,38,0,52,22,31,61,37,151,26,10,36,187
07/12/2004,MOB,AL,ASO,CE,Towers with Radar,14,35,34,72,155,0,3,13,56,72,14,38,47,128,227,26,136,162,389
07/13/2004,MOB,AL,ASO,CE,Towers with Radar,22,25,36,75,158,5,0,22,30,57,27,25,58,105,215,26,64,90,305
07/14/2004,MOB,AL,ASO,CE,Towers with Radar,15,26,26,54,121,0,1,20,3,24,15,27,46,57,145,12,77,89,234
07/15/2004,MOB,AL,ASO,CE,Towers with Radar,21,34,35,73,163,0,0,7,16,23,21,34,42,89,186,8,152,160,346
07/16/2004,MOB,AL,ASO,CE,Towers with Radar,14,27,26,55,122,0,3,9,5,17,14,30,35,60,139,16,144,160,299
07/17/2004,MOB,AL,ASO,CE,Towers with Radar,7,13,13,2,35,5,13,9,0,27,12,26,22,2,62,8,0,8,70
07/18/2004,MOB,AL,ASO,CE,Towers with Radar,14,24,24,33,95,2,1,38,0,41,16,25,62,33,136,44,22,66,202
07/19/2004,MOB,AL,ASO,CE,Towers with Radar,20,29,34,71,154,0,0,15,27,42,20,29,49,98,196,8,120,128,324
07/20/2004,MOB,AL,ASO,CE,Towers with Radar,17,39,43,90,189,0,0,28,65,93,17,39,71,155,282,40,176,216,498
07/21/2004,MOB,AL,ASO,CE,Towers with Radar,14,35,42,85,176,0,0,17,79,96,14,35,59,164,272,24,132,156,428
07/22/2004,MOB,AL,ASO,CE,Towers with Radar,23,20,41,82,166,6,0,23,105,134,29,20,64,187,300,2,178,180,480
07/23/2004,MOB,AL,ASO,CE,Towers with Radar,19,34,37,74,164,0,0,18,30,48,19,34,55,104,212,0,144,144,356
07/24/2004,MOB,AL,ASO,CE,Towers with Radar,9,17,17,34,77,6,9,41,2,58,15,26,58,36,135,30,32,62,197
07/25/2004,MOB,AL,ASO,CE,Towers with Radar,11,18,18,21,68,11,5,14,0,30,22,23,32,21,98,22,28,50,148
07/26/2004,MOB,AL,ASO,CE,Towers with Radar,15,25,25,50,115,1,7,14,21,43,16,32,39,71,158,34,122,156,314
07/27/2004,MOB,AL,ASO,CE,Towers with Radar,23,29,41,84,177,0,0,30,56,86,23,29,71,140,263,30,138,168,431
07/28/2004,MOB,AL,ASO,CE,Towers with Radar,13,40,40,81,174,0,3,31,51,85,13,43,71,132,259,92,162,254,513
07/29/2004,MOB,AL,ASO,CE,Towers with Radar,10,37,38,75,160,0,3,15,49,67,10,40,53,124,227,50,126,176,403
07/30/2004,MOB,AL,ASO,CE,Towers with Radar,17,29,30,59,135,2,7,6,10,25,19,36,36,69,160,28,84,112,272
07/31/2004,MOB,AL,ASO,CE,Towers with Radar,12,20,22,35,89,4,3,31,0,38,16,23,53,35,127,28,14,42,169
08/01/2004,MOB,AL,ASO,CE,Towers with Radar,23,22,16,10,71,0,0,10,2,12,23,22,26,12,83,16,28,44,127
08/02/2004,MOB,AL,ASO,CE,Towers with Radar,18,31,39,55,143,0,0,29,31,60,18,31,68,86,203,16,106,122,325
08/03/2004,MOB,AL,ASO,CE,Towers with Radar,15,25,32,85,157,0,1,8,26,35,15,26,40,111,192,16,102,118,310
08/04/2004,MOB,AL,ASO,CE,Towers with Radar,16,28,33,85,162,0,3,13,22,38,16,31,46,107,200,2,76,78,278
08/05/2004,MOB,AL,ASO,CE,Towers with Radar,12,32,13,60,117,0,1,20,26,47,12,33,33,86,164,75,132,207,371
08/06/2004,MOB,AL,ASO,CE,Towers with Radar,14,33,36,48,131,0,2,21,23,46,14,35,57,71,177,58,62,120,297
08/07/2004,MOB,AL,ASO,CE,Towers with Radar,18,21,28,1,68,0,5,19,8,32,18,26,47,9,100,18,30,48,148
08/08/2004,MOB,AL,ASO,CE,Towers with Radar,23,23,49,10,105,0,0,0,0,0,23,23,49,10,105,6,20,26,131
08/09/2004,MOB,AL,ASO,CE,Towers with Radar,16,36,32,56,140,0,0,0,0,0,16,36,32,56,140,8,62,70,210
08/10/2004,MOB,AL,ASO,CE,Towers with Radar,12,34,15,17,78,0,0,0,0,0,12,34,15,17,78,0,0,0,78
08/11/2004,MOB,AL,ASO,CE,Towers with Radar,19,25,17,30,91,0,0,3,13,16,19,25,20,43,107,0,36,36,143
08/12/2004,MOB,AL,ASO,CE,Towers with Radar,19,21,25,21,86,0,2,14,17,33,19,23,39,38,119,13,75,88,207
08/13/2004,MOB,AL,ASO,CE,Towers with Radar,15,36,23,30,104,0,11,29,8,48,15,47,52,38,152,18,74,92,244
08/14/2004,MOB,AL,ASO,CE,Towers with Radar,14,29,21,16,80,0,3,30,10,43,14,32,51,26,123,56,40,96,219
08/15/2004,MOB,AL,ASO,CE,Towers with Radar,20,24,12,24,80,0,2,24,6,32,20,26,36,30,112,12,32,44,156
08/16/2004,MOB,AL,ASO,CE,Towers with Radar,16,33,37,88,174,0,5,35,23,63,16,38,72,111,237,36,213,249,486
08/17/2004,MOB,AL,ASO,CE,Towers with Radar,24,33,46,103,206,0,4,25,28,57,24,37,71,131,263,24,184,208,471
08/18/2004,MOB,AL,ASO,CE,Towers with Radar,20,27,29,56,132,0,7,29,30,66,20,34,58,86,198,14,96,110,308
08/19/2004,MOB,AL,ASO,CE,Towers with Radar,15,34,41,129,219,0,5,23,27,55,15,39,64,156,274,20,160,180,454
08/20/2004,MOB,AL,ASO,CE,Towers with Radar,24,34,33,48,139,0,0,15,13,28,24,34,48,61,167,0,82,82,249
08/21/2004,MOB,AL,ASO,CE,Towers with Radar,14,23,27,20,84,0,0,21,9,30,14,23,48,29,114,6,10,16,130
08/22/2004,MOB,AL,ASO,CE,Towers with Radar,21,24,33,14,92,0,0,14,4,18,21,24,47,18,110,42,26,68,178
08/23/2004,MOB,AL,ASO,CE,Towers with Radar,20,29,9,33,91,0,4,8,22,34,20,33,17,55,125,22,22,44,169
08/24/2004,MOB,AL,ASO,CE,Towers with Radar,22,22,17,54,115,0,2,14,31,47,22,24,31,85,162,54,192,246,408
08/25/2004,MOB,AL,ASO,CE,Towers with Radar,20,32,32,50,134,0,0,19,31,50,20,32,51,81,184,62,202,264,448
08/26/2004,MOB,AL,ASO,CE,Towers with Radar,16,30,43,64,153,0,0,18,25,43,16,30,61,89,196,13,106,119,315
08/27/2004,MOB,AL,ASO,CE,Towers with Radar,17,32,34,100,183,0,5,16,16,37,17,37,50,116,220,15,192,207,427
08/28/2004,MOB,AL,ASO,CE,Towers with Radar,10,29,30,19,88,0,3,18,10,31,10,32,48,29,119,0,50,50,169
08/29/2004,MOB,AL,ASO,CE,Towers with Radar,22,21,42,27,112,0,0,30,13,43,22,21,72,40,155,40,62,102,257
08/30/2004,MOB,AL,ASO,CE,Towers with Radar,17,29,17,50,113,0,3,12,16,31,17,32,29,66,144,0,50,50,194
08/31/2004,MOB,AL,ASO,CE,Towers with Radar,17,24,25,57,123,0,1,5,32,38,17,25,30,89,161,0,76,76,237
09/01/2004,MOB,AL,ASO,CE,Towers with Radar,19,40,54,51,164,0,14,27,43,84,19,54,81,94,248,0,228,228,476
09/02/2004,MOB,AL,ASO,CE,Towers with Radar,18,39,56,53,166,0,0,15,57,72,18,39,71,110,238,10,136,146,384
09/03/2004,MOB,AL,ASO,CE,Towers with Radar,16,29,39,37,121,0,7,18,8,33,16,36,57,45,154,16,60,76,230
09/04/2004,MOB,AL,ASO,CE,Towers with Radar,11,16,22,4,53,1,17,38,0,56,12,33,60,4,109,30,14,44,153
09/05/2004,MOB,AL,ASO,CE,Towers with Radar,13,23,32,22,90,0,3,36,0,39,13,26,68,22,129,36,2,38,167
09/06/2004,MOB,AL,ASO,CE,Towers with Radar,12,17,23,12,64,9,15,15,0,39,21,32,38,12,103,0,0,0,103
09/07/2004,MOB,AL,ASO,CE,Towers with Radar,25,32,59,56,172,0,0,22,65,87,25,32,81,121,259,0,118,118,377
09/08/2004,MOB,AL,ASO,CE,Towers with Radar,22,34,55,56,167,0,0,0,53,53,22,34,55,109,220,22,136,158,378
09/09/2004,MOB,AL,ASO,CE,Towers with Radar,17,38,51,56,162,0,0,0,161,161,17,38,51,217,323,70,218,288,611
09/10/2004,MOB,AL,ASO,CE,Towers with Radar,13,36,46,46,141,0,6,0,70,76,13,42,46,116,217,24,182,206,423
09/11/2004,MOB,AL,ASO,CE,Towers with Radar,12,19,26,17,74,0,8,19,0,27,12,27,45,17,101,18,0,18,119
09/12/2004,MOB,AL,ASO,CE,Towers with Radar,17,29,39,34,119,0,4,44,0,48,17,33,83,34,167,74,22,96,263
09/13/2004,MOB,AL,ASO,CE,Towers with Radar,16,25,33,25,99,5,0,6,0,11,21,25,39,25,110,5,66,71,181
09/14/2004,MOB,AL,ASO,CE,Towers with Radar,7,9,13,7,36,2,0,0,0,2,9,9,13,7,38,0,0,0,38
09/15/2004,MOB,AL,ASO,CE,Towers with Radar,0,0,0,0,0,0,0,0,0,0,0,0,0,0,0,0,0,0,0
09/16/2004,MOB,AL,ASO,CE,Towers with Radar,0,0,0,0,0,0,0,0,0,0,0,0,0,0,0,0,0,0,0
09/17/2004,MOB,AL,ASO,CE,Towers with Radar,6,16,20,20,62,0,19,89,7,115,6,35,109,27,177,22,0,22,199
09/18/2004,MOB,AL,ASO,CE,Towers with Radar,12,21,26,26,85,7,5,77,39,128,19,26,103,65,213,0,0,0,213
09/19/2004,MOB,AL,ASO,CE,Towers with Radar,12,19,24,11,66,2,13,30,0,45,14,32,54,11,111,6,8,14,125
09/20/2004,MOB,AL,ASO,CE,Towers with Radar,16,25,35,34,110,13,0,27,2,42,29,25,62,36,152,0,8,8,160
09/21/2004,MOB,AL,ASO,CE,Towers with Radar,18,26,37,26,107,4,0,44,0,48,22,26,81,26,155,12,0,12,167
09/22/2004,MOB,AL,ASO,CE,Towers with Radar,16,22,34,34,106,5,0,52,7,64,21,22,86,41,170,28,111,139,309
09/23/2004,MOB,AL,ASO,CE,Towers with Radar,14,24,30,30,98,3,17,40,2,62,17,41,70,32,160,42,36,78,238
09/24/2004,MOB,AL,ASO,CE,Towers with Radar,16,29,37,37,119,0,18,29,11,58,16,47,66,48,177,18,20,38,215
09/25/2004,MOB,AL,ASO,CE,Towers with Radar,14,22,27,21,84,3,11,53,0,67,17,33,80,21,151,15,2,17,168
09/26/2004,MOB,AL,ASO,CE,Towers with Radar,10,16,20,9,55,9,10,14,0,33,19,26,34,9,88,4,0,4,92
09/27/2004,MOB,AL,ASO,CE,Towers with Radar,14,23,30,29,96,5,0,22,28,55,19,23,52,57,151,26,58,84,235
09/28/2004,MOB,AL,ASO,CE,Towers with Radar,20,24,42,39,125,2,0,26,12,40,22,24,68,51,165,24,68,92,257
09/29/2004,MOB,AL,ASO,CE,Towers with Radar,17,28,36,34,115,1,5,17,23,46,18,33,53,57,161,6,120,126,287
09/30/2004,MOB,AL,ASO,CE,Towers with Radar,18,38,53,50,159,0,0,36,70,106,18,38,89,120,265,100,40,140,405
10/01/2004,MOB,AL,ASO,CE,Combined TRACON& Tower with Radar,15,24,25,79,143,0,1,16,30,47,15,25,41,109,190,24,101,125,315
10/02/2004,MOB,AL,ASO,CE,Combined TRACON& Tower with Radar,14,19,18,8,59,0,10,19,11,40,14,29,37,19,99,0,0,0,99
10/03/2004,MOB,AL,ASO,CE,Combined TRACON& Tower with Radar,22,30,28,4,84,0,8,21,7,36,22,38,49,11,120,44,42,86,206
10/04/2004,MOB,AL,ASO,CE,Combined TRACON& Tower with Radar,22,29,12,63,126,0,3,27,25,55,22,32,39,88,181,8,62,70,251
10/05/2004,MOB,AL,ASO,CE,Combined TRACON& Tower with Radar,26,27,49,74,176,0,1,26,29,56,26,28,75,103,232,38,206,244,476
10/06/2004,MOB,AL,ASO,CE,Combined TRACON& Tower with Radar,19,27,45,95,186,0,4,17,27,48,19,31,62,122,234,12,136,148,382
10/07/2004,MOB,AL,ASO,CE,Combined TRACON& Tower with Radar,16,33,58,98,205,0,4,39,28,71,16,37,97,126,276,22,60,82,358
10/08/2004,MOB,AL,ASO,CE,Combined TRACON& Tower with Radar,14,32,38,54,138,0,2,16,29,47,14,34,54,83,185,6,48,54,239
10/09/2004,MOB,AL,ASO,CE,Combined TRACON& Tower with Radar,0,0,0,0,0,0,0,0,0,0,0,0,0,0,0,0,0,0,0
10/10/2004,MOB,AL,ASO,CE,Combined TRACON& Tower with Radar,18,21,6,4,49,0,0,0,0,0,18,21,6,4,49,0,0,0,49
10/11/2004,MOB,AL,ASO,CE,Combined TRACON& Tower with Radar,18,33,31,6,88,0,4,5,1,10,18,37,36,7,98,20,2,22,120
10/12/2004,MOB,AL,ASO,CE,Combined TRACON& Tower with Radar,25,29,42,120,216,0,1,14,24,39,25,30,56,144,255,4,181,185,440
10/13/2004,MOB,AL,ASO,CE,Combined TRACON& Tower with Radar,22,24,41,97,184,0,5,24,33,62,22,29,65,130,246,32,116,148,394
10/14/2004,MOB,AL,ASO,CE,Combined TRACON& Tower with Radar,17,37,40,54,148,0,0,19,32,51,17,37,59,86,199,14,102,116,315
10/15/2004,MOB,AL,ASO,CE,Combined TRACON& Tower with Radar,23,27,41,78,169,0,11,25,24,60,23,38,66,102,229,22,149,171,400
10/16/2004,MOB,AL,ASO,CE,Combined TRACON& Tower with Radar,17,27,39,28,111,0,6,33,10,49,17,33,72,38,160,60,18,78,238
10/17/2004,MOB,AL,ASO,CE,Combined TRACON& Tower with Radar,0,0,0,0,0,0,0,0,0,0,0,0,0,0,0,14,9,23,23
10/18/2004,MOB,AL,ASO,CE,Combined TRACON& Tower with Radar,22,25,20,97,164,0,0,0,0,0,22,25,20,97,164,400,146,546,710
10/19/2004,MOB,AL,ASO,CE,Combined TRACON& Tower with Radar,0,0,0,0,0,0,0,0,0,0,0,0,0,0,0,2,34,36,36
10/20/2004,MOB,AL,ASO,CE,Combined TRACON& Tower with Radar,24,38,44,98,204,0,4,17,31,52,24,42,61,129,256,86,142,228,484
10/21/2004,MOB,AL,ASO,CE,Combined TRACON& Tower with Radar,17,34,33,83,167,0,0,5,14,19,17,34,38,97,186,12,80,92,278
10/22/2004,MOB,AL,ASO,CE,Combined TRACON& Tower with Radar,0,0,0,0,0,0,0,0,0,0,0,0,0,0,0,18,128,146,146
10/23/2004,MOB,AL,ASO,CE,Combined TRACON& Tower with Radar,16,27,18,6,67,0,6,6,6,18,16,33,24,12,85,0,0,0,85
10/24/2004,MOB,AL,ASO,CE,Combined TRACON& Tower with Radar,21,24,23,14,82,0,2,11,3,16,21,26,34,17,98,9,11,20,118
10/25/2004,MOB,AL,ASO,CE,Combined TRACON& Tower with Radar,26,22,30,102,180,0,1,4,24,29,26,23,34,126,209,8,166,174,383
10/26/2004,MOB,AL,ASO,CE,Combined TRACON& Tower with Radar,25,20,39,129,213,0,3,16,16,35,25,23,55,145,248,12,64,76,324
10/27/2004,MOB,AL,ASO,CE,Combined TRACON& Tower with Radar,0,0,0,0,0,0,0,0,0,0,0,0,0,0,0,14,1180,1194,1194
10/28/2004,MOB,AL,ASO,CE,Combined TRACON& Tower with Radar,23,33,60,150,266,0,2,24,29,55,23,35,84,179,321,22,178,200,521
10/29/2004,MOB,AL,ASO,CE,Combined TRACON& Tower with Radar,13,33,47,81,174,0,4,24,27,55,13,37,71,108,229,44,134,178,407
10/30/2004,MOB,AL,ASO,CE,Combined TRACON& Tower with Radar,13,26,21,6,66,0,2,28,3,33,13,28,49,9,99,9,0,9,108
10/31/2004,MOB,AL,ASO,CE,Combined TRACON& Tower with Radar,21,24,36,8,89,0,4,21,11,36,21,28,57,19,125,12,8,20,145
11/01/2004,MOB,AL,ASO,CE,Combined TRACON& Tower with Radar,15,29,16,82,142,0,0,4,21,25,15,29,20,103,167,0,104,104,271
11/02/2004,MOB,AL,ASO,CE,Combined TRACON& Tower with Radar,20,22,39,21,102,0,0,4,26,30,20,22,43,47,132,0,24,24,156
11/03/2004,MOB,AL,ASO,CE,Combined TRACON& Tower with Radar,23,26,37,27,113,0,2,6,12,20,23,28,43,39,133,0,232,232,365
11/04/2004,MOB,AL,ASO,CE,Combined TRACON& Tower with Radar,17,27,32,77,153,0,2,9,37,48,17,29,41,114,201,58,108,166,367
11/05/2004,MOB,AL,ASO,CE,Combined TRACON& Tower with Radar,0,0,0,0,0,0,0,0,0,0,0,0,0,0,0,14,54,68,68
11/06/2004,MOB,AL,ASO,CE,Combined TRACON& Tower with Radar,13,22,39,6,80,0,7,19,8,34,13,29,58,14,114,16,0,16,130
11/07/2004,MOB,AL,ASO,CE,Combined TRACON& Tower with Radar,24,27,32,21,104,0,0,21,12,33,24,27,53,33,137,58,36,94,231
11/08/2004,MOB,AL,ASO,CE,Combined TRACON& Tower with Radar,13,28,14,84,139,0,1,15,38,54,13,29,29,122,193,34,254,288,481
11/09/2004,MOB,AL,ASO,CE,Combined TRACON& Tower with Radar,26,21,46,51,144,0,1,13,51,65,26,22,59,102,209,16,186,202,411
11/10/2004,MOB,AL,ASO,CE,Combined TRACON& Tower with Radar,21,31,57,103,212,1,0,26,31,58,22,31,83,134,270,60,266,326,596
11/11/2004,MOB,AL,ASO,CE,Combined TRACON& Tower with Radar,12,37,29,0,78,0,2,2,4,8,12,39,31,4,86,12,0,12,98
11/12/2004,MOB,AL,ASO,CE,Combined TRACON& Tower with Radar,0,0,0,0,0,0,0,0,0,0,0,0,0,0,0,4,52,56,56
11/13/2004,MOB,AL,ASO,CE,Combined TRACON& Tower with Radar,11,25,46,16,98,0,2,3,3,8,11,27,49,19,106,6,12,18,124
11/14/2004,MOB,AL,ASO,CE,Combined TRACON& Tower with Radar,18,32,18,15,83,0,2,11,4,17,18,34,29,19,100,26,10,36,136
11/15/2004,MOB,AL,ASO,CE,Combined TRACON& Tower with Radar,25,20,30,43,118,0,2,14,21,37,25,22,44,64,155,12,134,146,301
11/16/2004,MOB,AL,ASO,CE,Combined TRACON& Tower with Radar,22,24,38,87,171,0,0,17,39,56,22,24,55,126,227,14,124,138,365
11/17/2004,MOB,AL,ASO,CE,Combined TRACON& Tower with Radar,19,26,36,69,150,0,0,19,28,47,19,26,55,97,197,76,140,216,413
11/18/2004,MOB,AL,ASO,CE,Combined TRACON& Tower with Radar,17,36,55,79,187,0,1,26,35,62,17,37,81,114,249,38,86,124,373
11/19/2004,MOB,AL,ASO,CE,Combined TRACON& Tower with Radar,19,37,27,68,151,0,1,14,13,28,19,38,41,81,179,33,128,161,340
11/20/2004,MOB,AL,ASO,CE,Combined TRACON& Tower with Radar,13,20,6,22,61,0,2,0,4,6,13,22,6,26,67,0,0,0,67
11/21/2004,MOB,AL,ASO,CE,Combined TRACON& Tower with Radar,12,30,17,24,83,0,2,2,5,9,12,32,19,29,92,4,4,8,100
11/22/2004,MOB,AL,ASO,CE,Combined TRACON& Tower with Radar,17,31,18,82,148,0,1,7,20,28,17,32,25,102,176,0,50,50,226
11/23/2004,MOB,AL,ASO,CE,Combined TRACON& Tower with Radar,11,33,26,59,129,0,1,7,18,26,11,34,33,77,155,46,156,202,357
11/24/2004,MOB,AL,ASO,CE,Combined TRACON& Tower with Radar,15,34,13,0,62,0,0,3,2,5,15,34,16,2,67,0,4,4,71
11/25/2004,MOB,AL,ASO,CE,Combined TRACON& Tower with Radar,16,24,26,1,67,0,3,16,0,19,16,27,42,1,86,4,0,4,90
11/26/2004,MOB,AL,ASO,CE,Combined TRACON& Tower with Radar,0,0,0,0,0,0,0,0,0,0,0,0,0,0,0,42,0,42,42
11/27/2004,MOB,AL,ASO,CE,Combined TRACON& Tower with Radar,20,18,25,2,65,0,0,9,0,9,20,18,34,2,74,0,0,0,74
11/28/2004,MOB,AL,ASO,CE,Combined TRACON& Tower with Radar,26,18,22,9,75,0,3,32,3,38,26,21,54,12,113,4,5,9,122
11/29/2004,MOB,AL,ASO,CE,Combined TRACON& Tower with Radar,21,26,19,79,145,0,0,10,28,38,21,26,29,107,183,84,171,255,438
11/30/2004,MOB,AL,ASO,CE,Combined TRACON& Tower with Radar,22,30,35,155,242,0,0,18,27,45,22,30,53,182,287,32,276,308,595
12/01/2004,MOB,AL,ASO,CE,Combined TRACON& Tower with Radar,20,26,40,83,169,0,0,12,25,37,20,26,52,108,206,44,186,230,436
12/02/2004,MOB,AL,ASO,CE,Combined TRACON& Tower with Radar,0,0,0,0,0,0,0,0,0,0,0,0,0,0,0,2,214,216,216
12/03/2004,MOB,AL,ASO,CE,Combined TRACON& Tower with Radar,14,30,25,31,100,0,3,12,74,89,14,33,37,105,189,64,116,180,369
12/04/2004,MOB,AL,ASO,CE,Combined TRACON& Tower with Radar,15,20,29,12,76,1,2,12,0,15,16,22,41,12,91,96,8,104,195
12/05/2004,MOB,AL,ASO,CE,Combined TRACON& Tower with Radar,23,21,10,6,60,0,0,0,0,0,23,21,10,6,60,0,0,0,60
12/06/2004,MOB,AL,ASO,CE,Combined TRACON& Tower with Radar,18,21,22,105,166,0,0,1,9,10,18,21,23,114,176,26,192,218,394
12/07/2004,MOB,AL,ASO,CE,Combined TRACON& Tower with Radar,21,30,28,38,117,0,2,11,19,32,21,32,39,57,149,16,52,68,217
12/08/2004,MOB,AL,ASO,CE,Combined TRACON& Tower with Radar,15,26,32,104,177,0,0,15,31,46,15,26,47,135,223,32,56,88,311
12/09/2004,MOB,AL,ASO,CE,Combined TRACON& Tower with Radar,11,29,38,55,133,0,2,8,21,31,11,31,46,76,164,0,46,46,210
12/10/2004,MOB,AL,ASO,CE,Combined TRACON& Tower with Radar,24,44,37,55,160,0,0,26,25,51,24,44,63,80,211,46,98,144,355
12/11/2004,MOB,AL,ASO,CE,Combined TRACON& Tower with Radar,14,24,35,13,86,0,2,36,3,41,14,26,71,16,127,26,1,27,154
12/12/2004,MOB,AL,ASO,CE,Combined TRACON& Tower with Radar,0,0,0,0,0,0,0,0,0,0,0,0,0,0,0,30,0,30,30
12/13/2004,MOB,AL,ASO,CE,Combined TRACON& Tower with Radar,18,33,45,71,167,0,7,23,29,59,18,40,68,100,226,44,96,140,366
12/14/2004,MOB,AL,ASO,CE,Combined TRACON& Tower with Radar,21,35,29,71,156,0,2,18,25,45,21,37,47,96,201,32,58,90,291
12/15/2004,MOB,AL,ASO,CE,Combined TRACON& Tower with Radar,0,0,0,0,0,0,0,0,0,0,0,0,0,0,0,36,154,190,190
12/16/2004,MOB,AL,ASO,CE,Combined TRACON& Tower with Radar,13,34,19,65,131,0,1,13,13,27,13,35,32,78,158,34,119,153,311
12/17/2004,MOB,AL,ASO,CE,Combined TRACON& Tower with Radar,20,26,26,32,104,0,1,27,8,36,20,27,53,40,140,22,18,40,180
12/18/2004,MOB,AL,ASO,CE,Combined TRACON& Tower with Radar,19,19,30,4,72,0,1,36,4,41,19,20,66,8,113,54,0,54,167
12/19/2004,MOB,AL,ASO,CE,Combined TRACON& Tower with Radar,16,20,18,11,65,0,0,25,4,29,16,20,43,15,94,0,6,6,100
12/20/2004,MOB,AL,ASO,CE,Combined TRACON& Tower with Radar,25,26,34,44,129,0,1,30,12,43,25,27,64,56,172,24,66,90,262
12/21/2004,MOB,AL,ASO,CE,Combined TRACON& Tower with Radar,17,26,40,50,133,0,1,24,21,46,17,27,64,71,179,36,150,186,365
12/22/2004,MOB,AL,ASO,CE,Combined TRACON& Tower with Radar,14,29,15,1,59,0,0,0,0,0,14,29,15,1,59,12,0,12,71
12/23/2004,MOB,AL,ASO,CE,Combined TRACON& Tower with Radar,15,29,45,30,119,0,0,17,12,29,15,29,62,42,148,54,34,88,236
12/24/2004,MOB,AL,ASO,CE,Combined TRACON& Tower with Radar,15,19,23,0,57,0,1,18,1,20,15,20,41,1,77,0,0,0,77
12/25/2004,MOB,AL,ASO,CE,Combined TRACON& Tower with Radar,9,15,9,0,33,0,0,2,0,2,9,15,11,0,35,0,0,0,35
12/26/2004,MOB,AL,ASO,CE,Combined TRACON& Tower with Radar,21,16,31,0,68,0,4,26,2,32,21,20,57,2,100,16,0,16,116
12/27/2004,MOB,AL,ASO,CE,Combined TRACON& Tower with Radar,18,30,46,44,138,0,9,29,20,58,18,39,75,64,196,30,38,68,264
12/28/2004,MOB,AL,ASO,CE,Combined TRACON& Tower with Radar,19,25,27,24,95,0,1,25,9,35,19,26,52,33,130,0,42,42,172
12/29/2004,MOB,AL,ASO,CE,Combined TRACON& Tower with Radar,0,0,0,0,0,0,0,0,0,0,0,0,0,0,0,16,74,90,90
12/30/2004,MOB,AL,ASO,CE,Combined TRACON& Tower with Radar,18,30,38,33,119,0,3,25,427,455,18,33,63,460,574,2,38,40,614
12/31/2004,MOB,AL,ASO,CE,Combined TRACON& Tower with Radar,0,0,0,0,0,0,0,0,0,0,0,0,0,0,0,28,40,68,68
01/01/2005,MOB,AL,ASO,CE,Combined TRACON& Tower with Radar,11,17,24,1,53,0,4,19,1,24,11,21,43,2,77,4,0,4,81
01/02/2005,MOB,AL,ASO,CE,Combined TRACON& Tower with Radar,22,18,28,0,68,0,4,28,2,34,22,22,56,2,102,6,0,6,108
01/03/2005,MOB,AL,ASO,CE,Combined TRACON& Tower with Radar,22,22,28,29,101,0,3,21,13,37,22,25,49,42,138,10,22,32,170
01/04/2005,MOB,AL,ASO,CE,Combined TRACON& Tower with Radar,18,23,30,105,176,4,6,35,25,70,22,29,65,130,246,32,116,148,394
01/05/2005,MOB,AL,ASO,CE,Combined TRACON& Tower with Radar,16,26,32,91,165,0,0,8,4,12,16,26,40,95,177,4,52,56,233
01/06/2005,MOB,AL,ASO,CE,Combined TRACON& Tower with Radar,18,29,42,97,186,0,0,9,21,30,18,29,51,118,216,18,204,222,438
01/07/2005,MOB,AL,ASO,CE,Combined TRACON& Tower with Radar,16,32,30,47,125,0,0,0,4,4,16,32,30,51,129,2,68,70,199
01/08/2005,MOB,AL,ASO,CE,Combined TRACON& Tower with Radar,17,16,17,9,59,0,2,0,0,2,17,18,17,9,61,0,22,22,83
01/09/2005,MOB,AL,ASO,CE,Combined TRACON& Tower with Radar,28,19,21,10,78,0,0,0,0,0,28,19,21,10,78,30,14,44,122
01/10/2005,MOB,AL,ASO,CE,Combined TRACON& Tower with Radar,0,0,12,10,22,0,0,0,0,0,0,0,12,10,22,34,123,157,179
01/11/2005,MOB,AL,ASO,CE,Combined TRACON& Tower with Radar,18,29,47,75,169,0,2,17,14,33,18,31,64,89,202,24,114,138,340
01/12/2005,MOB,AL,ASO,CE,Combined TRACON& Tower with Radar,15,26,53,148,242,0,1,9,20,30,15,27,62,168,272,16,112,128,400
01/13/2005,MOB,AL,ASO,CE,Combined TRACON& Tower with Radar,21,22,22,13,78,0,1,6,9,16,21,23,28,22,94,6,0,6,100
01/14/2005,MOB,AL,ASO,CE,Combined TRACON& Tower with Radar,18,27,54,99,198,0,0,23,26,49,18,27,77,125,247,42,136,178,425
01/15/2005,MOB,AL,ASO,CE,Combined TRACON& Tower with Radar,16,15,27,20,78,0,0,16,12,28,16,15,43,32,106,30,50,80,186
01/16/2005,MOB,AL,ASO,CE,Combined TRACON& Tower with Radar,18,24,41,13,96,0,7,35,5,47,18,31,76,18,143,56,78,134,277
01/17/2005,MOB,AL,ASO,CE,Combined TRACON& Tower with Radar,20,26,40,31,117,0,2,15,3,20,20,28,55,34,137,14,14,28,165
01/18/2005,MOB,AL,ASO,CE,Combined TRACON& Tower with Radar,23,19,26,106,174,0,9,17,29,55,23,28,43,135,229,44,206,250,479
01/19/2005,MOB,AL,ASO,CE,Combined TRACON& Tower with Radar,16,25,33,140,214,2,3,26,33,64,18,28,59,173,278,22,268,290,568
01/20/2005,MOB,AL,ASO,CE,Combined TRACON& Tower with Radar,14,30,50,185,279,0,0,19,25,44,14,30,69,210,323,210,250,460,783
01/21/2005,MOB,AL,ASO,CE,Combined TRACON& Tower with Radar,16,27,27,116,186,0,2,35,19,56,16,29,62,135,242,24,166,190,432
01/22/2005,MOB,AL,ASO,CE,Combined TRACON& Tower with Radar,12,18,17,7,54,0,5,1,4,10,12,23,18,11,64,10,0,10,74
01/23/2005,MOB,AL,ASO,CE,Combined TRACON& Tower with Radar,21,21,25,2,69,0,219,20,9,248,21,240,45,11,317,12,30,42,359
01/24/2005,MOB,AL,ASO,CE,Combined TRACON& Tower with Radar,17,32,20,62,131,0,0,17,32,49,17,32,37,94,180,78,135,213,393
01/25/2005,MOB,AL,ASO,CE,Combined TRACON& Tower with Radar,24,25,30,78,157,0,5,22,31,58,24,30,52,109,215,62,141,203,418
01/26/2005,MOB,AL,ASO,CE,Combined TRACON& Tower with Radar,23,28,38,59,148,0,3,16,40,59,23,31,54,99,207,84,216,300,507
01/27/2005,MOB,AL,ASO,CE,Combined TRACON& Tower with Radar,18,29,22,110,179,0,2,15,36,53,18,31,37,146,232,14,160,174,406
01/28/2005,MOB,AL,ASO,CE,Combined TRACON& Tower with Radar,15,33,20,32,100,0,0,6,8,14,15,33,26,40,114,0,82,82,196
01/29/2005,MOB,AL,ASO,CE,Combined TRACON& Tower with Radar,3,14,23,4,44,0,0,0,0,0,3,14,23,4,44,0,0,0,44
01/30/2005,MOB,AL,ASO,CE,Combined TRACON& Tower with Radar,12,20,29,6,67,2,5,24,4,35,14,25,53,10,102,34,6,40,142
01/31/2005,MOB,AL,ASO,CE,Combined TRACON& Tower with Radar,15,27,28,66,136,0,1,3,5,9,15,28,31,71,145,36,86,122,267
02/01/2005,MOB,AL,ASO,CE,Combined TRACON& Tower with Radar,19,26,22,5,72,0,0,0,0,0,19,26,22,5,72,0,0,0,72
02/02/2005,MOB,AL,ASO,CE,Combined TRACON& Tower with Radar,11,31,19,6,67,0,0,0,0,0,11,31,19,6,67,0,0,0,67
02/03/2005,MOB,AL,ASO,CE,Combined TRACON& Tower with Radar,15,36,51,147,249,0,0,21,45,66,15,36,72,192,315,14,212,226,541
02/04/2005,MOB,AL,ASO,CE,Combined TRACON& Tower with Radar,25,36,25,90,176,0,6,23,21,50,25,42,48,111,226,28,120,148,374
02/05/2005,MOB,AL,ASO,CE,Combined TRACON& Tower with Radar,18,21,47,23,109,0,0,29,2,31,18,21,76,25,140,20,8,28,168
02/06/2005,MOB,AL,ASO,CE,Combined TRACON& Tower with Radar,20,19,15,5,59,0,5,11,5,21,20,24,26,10,80,18,2,20,100
02/07/2005,MOB,AL,ASO,CE,Combined TRACON& Tower with Radar,19,31,36,79,165,0,4,20,19,43,19,35,56,98,208,30,144,174,382
02/08/2005,MOB,AL,ASO,CE,Combined TRACON& Tower with Radar,14,30,21,88,153,0,0,13,7,20,14,30,34,95,173,42,222,264,437
02/09/2005,MOB,AL,ASO,CE,Combined TRACON& Tower with Radar,15,34,33,63,145,0,1,5,16,22,15,35,38,79,167,10,130,140,307
02/10/2005,MOB,AL,ASO,CE,Combined TRACON& Tower with Radar,17,27,35,143,222,0,0,16,33,49,17,27,51,176,271,2,81,83,354
02/11/2005,MOB,AL,ASO,CE,Combined TRACON& Tower with Radar,12,26,19,108,165,0,5,19,23,47,12,31,38,131,212,24,256,280,492
02/12/2005,MOB,AL,ASO,CE,Combined TRACON& Tower with Radar,22,29,44,25,120,0,0,48,8,56,22,29,92,33,176,128,18,146,322
02/13/2005,MOB,AL,ASO,CE,Combined TRACON& Tower with Radar,16,22,15,4,57,1,1,9,1,12,17,23,24,5,69,24,6,30,99
02/14/2005,MOB,AL,ASO,CE,Combined TRACON& Tower with Radar,17,27,12,112,168,0,7,9,31,47,17,34,21,143,215,1,224,225,440
02/15/2005,MOB,AL,ASO,CE,Combined TRACON& Tower with Radar,18,33,46,126,223,0,0,31,29,60,18,33,77,155,283,60,144,204,487
02/16/2005,MOB,AL,ASO,CE,Combined TRACON& Tower with Radar,23,27,44,114,208,0,2,20,35,57,23,29,64,149,265,8,153,161,426
02/17/2005,MOB,AL,ASO,CE,Combined TRACON& Tower with Radar,20,27,27,68,142,0,1,20,25,46,20,28,47,93,188,0,144,144,332
02/18/2005,MOB,AL,ASO,CE,Combined TRACON& Tower with Radar,17,33,54,65,169,0,5,14,24,43,17,38,68,89,212,36,92,128,340
02/19/2005,MOB,AL,ASO,CE,Combined TRACON& Tower with Radar,20,16,30,1,67,0,8,32,8,48,20,24,62,9,115,24,20,44,159
02/20/2005,MOB,AL,ASO,CE,Combined TRACON& Tower with Radar,25,13,25,5,68,0,4,5,4,13,25,17,30,9,81,0,0,0,81
02/21/2005,MOB,AL,ASO,CE,Combined TRACON& Tower with Radar,19,30,30,8,87,1,2,16,5,24,20,32,46,13,111,32,116,148,259
02/22/2005,MOB,AL,ASO,CE,Combined TRACON& Tower with Radar,13,24,26,43,106,0,2,17,14,33,13,26,43,57,139,10,58,68,207
02/23/2005,MOB,AL,ASO,CE,Combined TRACON& Tower with Radar,21,20,28,2,71,0,0,1,0,1,21,20,29,2,72,0,0,0,72
02/24/2005,MOB,AL,ASO,CE,Combined TRACON& Tower with Radar,19,28,34,100,181,0,0,1,20,21,19,28,35,120,202,0,194,194,396
02/25/2005,MOB,AL,ASO,CE,Combined TRACON& Tower with Radar,15,26,28,66,135,0,4,27,30,61,15,30,55,96,196,30,188,218,414
02/26/2005,MOB,AL,ASO,CE,Combined TRACON& Tower with Radar,18,14,20,14,66,0,3,67,3,73,18,17,87,17,139,30,0,30,169
02/27/2005,MOB,AL,ASO,CE,Combined TRACON& Tower with Radar,11,24,20,5,60,0,0,0,0,0,11,24,20,5,60,0,0,0,60
02/28/2005,MOB,AL,ASO,CE,Combined TRACON& Tower with Radar,21,32,29,88,170,0,0,23,37,60,21,32,52,125,230,22,94,116,346
03/01/2005,MOB,AL,ASO,CE,Combined TRACON& Tower with Radar,19,23,33,82,157,0,1,29,38,68,19,24,62,120,225,68,104,172,397
03/02/2005,MOB,AL,ASO,CE,Combined TRACON& Tower with Radar,10,34,49,167,260,0,4,9,21,34,10,38,58,188,294,0,294,294,588
03/03/2005,MOB,AL,ASO,CE,Combined TRACON& Tower with Radar,13,30,22,47,112,0,1,1,17,19,13,31,23,64,131,0,46,46,177
03/04/2005,MOB,AL,ASO,CE,Combined TRACON& Tower with Radar,15,30,32,159,236,0,1,22,24,47,15,31,54,183,283,4,182,186,469
03/05/2005,MOB,AL,ASO,CE,Combined TRACON& Tower with Radar,18,28,43,18,107,0,0,34,8,42,18,28,77,26,149,44,26,70,219
03/06/2005,MOB,AL,ASO,CE,Combined TRACON& Tower with Radar,18,31,35,22,106,0,5,33,9,47,18,36,68,31,153,52,24,76,229
03/07/2005,MOB,AL,ASO,CE,Combined TRACON& Tower with Radar,24,25,18,86,153,0,1,14,23,38,24,26,32,109,191,27,118,145,336
03/08/2005,MOB,AL,ASO,CE,Combined TRACON& Tower with Radar,12,29,27,77,145,0,6,24,43,73,12,35,51,120,218,14,132,146,364
03/09/2005,MOB,AL,ASO,CE,Combined TRACON& Tower with Radar,15,30,28,119,192,0,4,20,26,50,15,34,48,145,242,0,27,27,269
03/10/2005,MOB,AL,ASO,CE,Combined TRACON& Tower with Radar,17,32,34,94,177,0,5,26,25,56,17,37,60,119,233,9,96,105,338
03/11/2005,MOB,AL,ASO,CE,Combined TRACON& Tower with Radar,15,31,42,80,168,0,6,18,21,45,15,37,60,101,213,0,36,36,249
03/12/2005,MOB,AL,ASO,CE,Combined TRACON& Tower with Radar,16,21,36,4,77,0,6,29,9,44,16,27,65,13,121,32,18,50,171
03/13/2005,MOB,AL,ASO,CE,Combined TRACON& Tower with Radar,11,34,25,4,74,0,1,22,7,30,11,35,47,11,104,0,2,2,106
03/14/2005,MOB,AL,ASO,CE,Combined TRACON& Tower with Radar,30,30,46,82,188,0,5,18,22,45,30,35,64,104,233,38,192,230,463
03/15/2005,MOB,AL,ASO,CE,Combined TRACON& Tower with Radar,13,30,11,46,100,0,2,5,19,26,13,32,16,65,126,44,46,90,216
03/16/2005,MOB,AL,ASO,CE,Combined TRACON& Tower with Radar,11,28,33,35,107,0,0,0,0,0,11,28,33,35,107,0,0,0,107
03/17/2005,MOB,AL,ASO,CE,Combined TRACON& Tower with Radar,9,32,30,79,150,0,4,2,26,32,9,36,32,105,182,0,122,122,304
03/18/2005,MOB,AL,ASO,CE,Combined TRACON& Tower with Radar,21,32,44,90,187,0,2,25,26,53,21,34,69,116,240,12,138,150,390
03/19/2005,MOB,AL,ASO,CE,Combined TRACON& Tower with Radar,17,21,33,24,95,0,9,35,15,59,17,30,68,39,154,66,28,94,248
03/20/2005,MOB,AL,ASO,CE,Combined TRACON& Tower with Radar,14,31,36,36,117,0,0,21,5,26,14,31,57,41,143,39,6,45,188
03/21/2005,MOB,AL,ASO,CE,Combined TRACON& Tower with Radar,18,30,22,58,128,0,1,9,25,35,18,31,31,83,163,50,161,211,374
03/22/2005,MOB,AL,ASO,CE,Combined TRACON& Tower with Radar,17,23,20,55,115,0,2,12,20,34,17,25,32,75,149,10,6,16,165
03/23/2005,MOB,AL,ASO,CE,Combined TRACON& Tower with Radar,22,19,34,106,181,0,2,36,49,87,22,21,70,155,268,14,148,162,430
03/24/2005,MOB,AL,ASO,CE,Combined TRACON& Tower with Radar,15,34,42,123,214,0,3,22,49,74,15,37,64,172,288,10,206,216,504
03/25/2005,MOB,AL,ASO,CE,Combined TRACON& Tower with Radar,15,26,36,75,152,0,0,48,98,146,15,26,84,173,298,76,173,249,547
03/26/2005,MOB,AL,ASO,CE,Combined TRACON& Tower with Radar,20,17,26,3,66,0,2,8,2,12,20,19,34,5,78,6,0,6,84
03/27/2005,MOB,AL,ASO,CE,Combined TRACON& Tower with Radar,17,21,17,3,58,0,0,3,2,5,17,21,20,5,63,18,0,18,81
03/28/2005,MOB,AL,ASO,CE,Combined TRACON& Tower with Radar,24,29,21,119,193,0,4,8,27,39,24,33,29,146,232,0,80,80,312
03/29/2005,MOB,AL,ASO,CE,Combined TRACON& Tower with Radar,18,23,35,95,171,0,1,23,35,59,18,24,58,130,230,36,150,186,416
03/30/2005,MOB,AL,ASO,CE,Combined TRACON& Tower with Radar,17,27,27,83,154,0,0,11,26,37,17,27,38,109,191,8,57,65,256
03/31/2005,MOB,AL,ASO,CE,Combined TRACON& Tower with Radar,8,34,35,10,87,0,0,6,5,11,8,34,41,15,98,2,68,70,168
04/01/2005,MOB,AL,ASO,CE,Combined TRACON& Tower with Radar,17,29,37,9,92,0,0,17,18,35,17,29,54,27,127,26,12,38,165
04/02/2005,MOB,AL,ASO,CE,Combined TRACON& Tower with Radar,16,21,19,6,62,0,5,22,4,31,16,26,41,10,93,40,42,82,175
04/03/2005,MOB,AL,ASO,CE,Combined TRACON& Tower with Radar,11,11,31,0,53,0,0,33,7,40,11,11,64,7,93,48,8,56,149
04/04/2005,MOB,AL,ASO,CE,Combined TRACON& Tower with Radar,25,22,22,86,155,0,2,19,24,45,25,24,41,110,200,34,94,128,328
04/05/2005,MOB,AL,ASO,CE,Combined TRACON& Tower with Radar,18,29,36,74,157,0,1,17,23,41,18,30,53,97,198,20,142,162,360
04/06/2005,MOB,AL,ASO,CE,Combined TRACON& Tower with Radar,18,24,24,24,90,0,0,1,5,6,18,24,25,29,96,0,0,0,96
04/07/2005,MOB,AL,ASO,CE,Combined TRACON& Tower with Radar,18,36,40,134,228,0,2,33,45,80,18,38,73,179,308,0,93,93,401
04/08/2005,MOB,AL,ASO,CE,Combined TRACON& Tower with Radar,21,38,58,146,263,0,4,20,29,53,21,42,78,175,316,4,208,212,528
04/09/2005,MOB,AL,ASO,CE,Combined TRACON& Tower with Radar,14,29,46,18,107,0,6,40,9,55,14,35,86,27,162,54,56,110,272
04/10/2005,MOB,AL,ASO,CE,Combined TRACON& Tower with Radar,17,30,13,11,71,0,0,12,4,16,17,30,25,15,87,34,16,50,137
04/11/2005,MOB,AL,ASO,CE,Combined TRACON& Tower with Radar,19,28,38,37,122,0,2,10,23,35,19,30,48,60,157,8,36,44,201
04/12/2005,MOB,AL,ASO,CE,Combined TRACON& Tower with Radar,11,29,29,106,175,0,0,31,36,67,11,29,60,142,242,54,262,316,558
04/13/2005,MOB,AL,ASO,CE,Combined TRACON& Tower with Radar,19,31,45,75,170,0,2,40,38,80,19,33,85,113,250,0,94,94,344
04/14/2005,MOB,AL,ASO,CE,Combined TRACON& Tower with Radar,18,35,58,92,203,0,7,28,43,78,18,42,86,135,281,16,152,168,449
04/15/2005,MOB,AL,ASO,CE,Combined TRACON& Tower with Radar,23,27,38,86,174,0,1,32,24,57,23,28,70,110,231,0,172,172,403
04/16/2005,MOB,AL,ASO,CE,Combined TRACON& Tower with Radar,13,24,26,5,68,0,3,44,4,51,13,27,70,9,119,42,0,42,161
04/17/2005,MOB,AL,ASO,CE,Combined TRACON& Tower with Radar,15,28,19,23,85,0,6,45,3,54,15,34,64,26,139,106,14,120,259
04/18/2005,MOB,AL,ASO,CE,Combined TRACON& Tower with Radar,6,31,31,72,140,0,6,19,42,67,6,37,50,114,207,24,76,100,307
04/19/2005,MOB,AL,ASO,CE,Combined TRACON& Tower with Radar,18,27,24,76,145,0,5,34,26,65,18,32,58,102,210,40,53,93,303
04/20/2005,MOB,AL,ASO,CE,Combined TRACON& Tower with Radar,17,32,43,109,201,0,6,17,23,46,17,38,60,132,247,102,242,344,591
04/21/2005,MOB,AL,ASO,CE,Combined TRACON& Tower with Radar,20,28,36,64,148,0,2,16,27,45,20,30,52,91,193,14,80,94,287
04/22/2005,MOB,AL,ASO,CE,Combined TRACON& Tower with Radar,17,37,31,44,129,0,6,20,27,53,17,43,51,71,182,50,48,98,280
04/23/2005,MOB,AL,ASO,CE,Combined TRACON& Tower with Radar,19,16,17,2,54,0,8,19,1,28,19,24,36,3,82,8,0,8,90
04/24/2005,MOB,AL,ASO,CE,Combined TRACON& Tower with Radar,14,28,35,7,84,0,4,30,4,38,14,32,65,11,122,34,20,54,176
04/25/2005,MOB,AL,ASO,CE,Combined TRACON& Tower with Radar,25,17,8,75,125,0,5,8,30,43,25,22,16,105,168,0,175,175,343
04/26/2005,MOB,AL,ASO,CE,Combined TRACON& Tower with Radar,11,35,19,33,98,0,2,10,31,43,11,37,29,64,141,12,112,124,265
04/27/2005,MOB,AL,ASO,CE,Combined TRACON& Tower with Radar,13,26,35,104,178,0,3,31,31,65,13,29,66,135,243,11,14,25,268
04/28/2005,MOB,AL,ASO,CE,Combined TRACON& Tower with Radar,14,31,46,159,250,0,1,24,38,63,14,32,70,197,313,34,252,286,599
04/29/2005,MOB,AL,ASO,CE,Combined TRACON& Tower with Radar,15,29,30,75,149,0,0,17,14,31,15,29,47,89,180,22,68,90,270
04/30/2005,MOB,AL,ASO,CE,Combined TRACON& Tower with Radar,12,22,11,0,45,0,0,0,0,0,12,22,11,0,45,0,0,0,45
05/01/2005,MOB,AL,ASO,CE,Combined TRACON& Tower with Radar,14,28,19,2,63,0,4,13,0,17,14,32,32,2,80,0,0,0,80
05/02/2005,MOB,AL,ASO,CE,Combined TRACON& Tower with Radar,18,24,12,56,110,0,0,21,25,46,18,24,33,81,156,90,134,224,380
05/03/2005,MOB,AL,ASO,CE,Combined TRACON& Tower with Radar,17,27,22,102,168,0,2,23,35,60,17,29,45,137,228,38,119,157,385
05/04/2005,MOB,AL,ASO,CE,Combined TRACON& Tower with Radar,22,33,44,117,216,0,2,23,23,48,22,35,67,140,264,64,126,190,454
05/05/2005,MOB,AL,ASO,CE,Combined TRACON& Tower with Radar,23,36,61,124,244,0,1,28,29,58,23,37,89,153,302,0,118,118,420
05/06/2005,MOB,AL,ASO,CE,Combined TRACON& Tower with Radar,20,30,48,86,184,0,2,23,16,41,20,32,71,102,225,10,80,90,315
05/07/2005,MOB,AL,ASO,CE,Combined TRACON& Tower with Radar,12,24,33,27,96,0,3,29,10,42,12,27,62,37,138,24,22,46,184
05/08/2005,MOB,AL,ASO,CE,Combined TRACON& Tower with Radar,14,29,21,38,102,0,2,15,6,23,14,31,36,44,125,8,10,18,143
05/09/2005,MOB,AL,ASO,CE,Combined TRACON& Tower with Radar,17,30,22,57,126,0,2,14,24,40,17,32,36,81,166,46,118,164,330
05/10/2005,MOB,AL,ASO,CE,Combined TRACON& Tower with Radar,0,0,17,19,36,0,0,0,0,0,0,0,17,19,36,14,142,156,192
05/11/2005,MOB,AL,ASO,CE,Combined TRACON& Tower with Radar,18,26,40,42,126,0,3,18,19,40,18,29,58,61,166,40,42,82,248
05/12/2005,MOB,AL,ASO,CE,Combined TRACON& Tower with Radar,17,29,29,60,135,0,0,25,32,57,17,29,54,92,192,74,74,148,340
05/13/2005,MOB,AL,ASO,CE,Combined TRACON& Tower with Radar,18,33,39,77,167,0,6,20,20,46,18,39,59,97,213,49,55,104,317
05/14/2005,MOB,AL,ASO,CE,Combined TRACON& Tower with Radar,19,26,22,9,76,171,0,31,10,212,190,26,53,19,288,106,260,366,654
05/15/2005,MOB,AL,ASO,CE,Combined TRACON& Tower with Radar,16,29,14,11,70,0,3,15,3,21,16,32,29,14,91,58,2,60,151
05/16/2005,MOB,AL,ASO,CE,Combined TRACON& Tower with Radar,23,31,36,83,173,0,0,17,28,45,23,31,53,111,218,56,146,202,420
05/17/2005,MOB,AL,ASO,CE,Combined TRACON& Tower with Radar,12,29,25,79,145,0,2,22,36,60,12,31,47,115,205,26,107,133,338
05/18/2005,MOB,AL,ASO,CE,Combined TRACON& Tower with Radar,13,32,36,97,178,0,3,19,47,69,13,35,55,144,247,62,104,166,413
05/19/2005,MOB,AL,ASO,CE,Combined TRACON& Tower with Radar,20,31,47,153,251,0,4,24,37,65,20,35,71,190,316,125,178,303,619
05/20/2005,MOB,AL,ASO,CE,Combined TRACON& Tower with Radar,17,25,35,53,130,0,0,13,21,34,17,25,48,74,164,16,62,78,242
05/21/2005,MOB,AL,ASO,CE,Combined TRACON& Tower with Radar,12,19,23,3,57,0,0,18,4,22,12,19,41,7,79,14,2,16,95
05/22/2005,MOB,AL,ASO,CE,Combined TRACON& Tower with Radar,14,28,24,13,79,0,10,21,11,42,14,38,45,24,121,46,0,46,167
05/23/2005,MOB,AL,ASO,CE,Combined TRACON& Tower with Radar,18,28,26,72,144,0,4,13,28,45,18,32,39,100,189,28,78,106,295
05/24/2005,MOB,AL,ASO,CE,Combined TRACON& Tower with Radar,19,29,31,66,145,1,9,26,30,66,20,38,57,96,211,46,176,222,433
05/25/2005,MOB,AL,ASO,CE,Combined TRACON& Tower with Radar,12,31,40,80,163,0,6,29,26,61,12,37,69,106,224,28,146,174,398
05/26/2005,MOB,AL,ASO,CE,Combined TRACON& Tower with Radar,18,29,35,91,173,0,0,22,30,52,18,29,57,121,225,22,202,224,449
05/27/2005,MOB,AL,ASO,CE,Combined TRACON& Tower with Radar,23,22,32,33,110,0,1,21,25,47,23,23,53,58,157,16,162,178,335
05/28/2005,MOB,AL,ASO,CE,Combined TRACON& Tower with Radar,15,17,15,11,58,0,4,20,4,28,15,21,35,15,86,42,0,42,128
05/29/2005,MOB,AL,ASO,CE,Combined TRACON& Tower with Radar,25,13,8,2,48,0,0,1,1,2,25,13,9,3,50,0,0,0,50
05/30/2005,MOB,AL,ASO,CE,Combined TRACON& Tower with Radar,23,12,10,0,45,0,0,11,1,12,23,12,21,1,57,0,0,0,57
05/31/2005,MOB,AL,ASO,CE,Combined TRACON& Tower with Radar,17,28,19,8,72,0,0,2,27,29,17,28,21,35,101,0,54,54,155
06/01/2005,MOB,AL,ASO,CE,Combined TRACON& Tower with Radar,22,35,54,104,215,0,4,11,33,48,22,39,65,137,263,44,216,260,523
06/02/2005,MOB,AL,ASO,CE,Combined TRACON& Tower with Radar,27,20,27,69,143,0,1,20,32,53,27,21,47,101,196,10,38,48,244
06/03/2005,MOB,AL,ASO,CE,Combined TRACON& Tower with Radar,21,34,57,85,197,0,9,24,36,69,21,43,81,121,266,40,151,191,457
06/04/2005,MOB,AL,ASO,CE,Combined TRACON& Tower with Radar,15,23,10,4,52,0,3,17,15,35,15,26,27,19,87,0,4,4,91
06/05/2005,MOB,AL,ASO,CE,Combined TRACON& Tower with Radar,12,24,8,12,56,0,7,10,9,26,12,31,18,21,82,22,0,22,104
06/06/2005,MOB,AL,ASO,CE,Combined TRACON& Tower with Radar,11,27,12,7,57,0,4,8,3,15,11,31,20,10,72,0,0,0,72
06/07/2005,MOB,AL,ASO,CE,Combined TRACON& Tower with Radar,12,31,28,32,103,0,8,10,28,46,12,39,38,60,149,10,36,46,195
06/08/2005,MOB,AL,ASO,CE,Combined TRACON& Tower with Radar,20,21,28,70,139,0,4,16,24,44,20,25,44,94,183,32,82,114,297
06/09/2005,MOB,AL,ASO,CE,Combined TRACON& Tower with Radar,18,27,36,49,130,0,3,19,37,59,18,30,55,86,189,2,30,32,221
06/10/2005,MOB,AL,ASO,CE,Combined TRACON& Tower with Radar,18,29,28,35,110,0,5,10,18,33,18,34,38,53,143,40,0,40,183
06/11/2005,MOB,AL,ASO,CE,Combined TRACON& Tower with Radar,1,3,2,0,6,0,0,1,0,1,1,3,3,0,7,0,0,0,7
06/12/2005,MOB,AL,ASO,CE,Combined TRACON& Tower with Radar,15,29,14,4,62,1,4,28,1,34,16,33,42,5,96,41,12,53,149
06/13/2005,MOB,AL,ASO,CE,Combined TRACON& Tower with Radar,20,30,52,65,167,0,0,13,41,54,20,30,65,106,221,38,60,98,319
06/14/2005,MOB,AL,ASO,CE,Combined TRACON& Tower with Radar,14,37,22,79,152,0,1,20,30,51,14,38,42,109,203,120,124,244,447
06/15/2005,MOB,AL,ASO,CE,Combined TRACON& Tower with Radar,16,32,41,79,168,0,1,20,27,48,16,33,61,106,216,58,90,148,364
06/16/2005,MOB,AL,ASO,CE,Combined TRACON& Tower with Radar,20,33,47,88,188,0,3,39,41,83,20,36,86,129,271,90,183,273,544
06/17/2005,MOB,AL,ASO,CE,Combined TRACON& Tower with Radar,15,36,33,68,152,0,1,21,27,49,15,37,54,95,201,21,80,101,302
06/18/2005,MOB,AL,ASO,CE,Combined TRACON& Tower with Radar,12,26,21,12,71,0,0,21,6,27,12,26,42,18,98,0,0,0,98
06/19/2005,MOB,AL,ASO,CE,Combined TRACON& Tower with Radar,13,31,18,8,70,0,7,18,6,31,13,38,36,14,101,14,10,24,125
06/20/2005,MOB,AL,ASO,CE,Combined TRACON& Tower with Radar,14,35,33,64,146,0,3,20,36,59,14,38,53,100,205,72,198,270,475
06/21/2005,MOB,AL,ASO,CE,Combined TRACON& Tower with Radar,26,26,38,90,180,0,0,21,34,55,26,26,59,124,235,76,168,244,479
06/22/2005,MOB,AL,ASO,CE,Combined TRACON& Tower with Radar,23,27,51,63,164,0,9,30,22,61,23,36,81,85,225,42,112,154,379
06/23/2005,MOB,AL,ASO,CE,Combined TRACON& Tower with Radar,18,29,36,87,170,0,3,18,31,52,18,32,54,118,222,22,126,148,370
06/24/2005,MOB,AL,ASO,CE,Combined TRACON& Tower with Radar,18,34,51,46,149,0,8,23,23,54,18,42,74,69,203,16,60,76,279
06/25/2005,MOB,AL,ASO,CE,Combined TRACON& Tower with Radar,6,35,22,2,65,0,4,25,11,40,6,39,47,13,105,66,46,112,217
06/26/2005,MOB,AL,ASO,CE,Combined TRACON& Tower with Radar,17,26,20,14,77,0,6,13,12,31,17,32,33,26,108,8,58,66,174
06/27/2005,MOB,AL,ASO,CE,Combined TRACON& Tower with Radar,31,16,28,75,150,2,3,14,21,40,33,19,42,96,190,58,168,226,416
06/28/2005,MOB,AL,ASO,CE,Combined TRACON& Tower with Radar,18,28,21,53,120,0,3,14,23,40,18,31,35,76,160,54,166,220,380
06/29/2005,MOB,AL,ASO,CE,Combined TRACON& Tower with Radar,28,27,49,63,167,0,2,20,25,47,28,29,69,88,214,40,88,128,342
06/30/2005,MOB,AL,ASO,CE,Combined TRACON& Tower with Radar,20,29,32,72,153,2,5,23,16,46,22,34,55,88,199,40,106,146,345
07/01/2005,MOB,AL,ASO,CE,Combined TRACON& Tower with Radar,16,29,26,27,98,0,5,17,4,26,16,34,43,31,124,14,0,14,138
07/02/2005,MOB,AL,ASO,CE,Combined TRACON& Tower with Radar,15,27,25,4,71,1,6,24,3,34,16,33,49,7,105,1,0,1,106
07/03/2005,MOB,AL,ASO,CE,Combined TRACON& Tower with Radar,19,20,30,3,72,1,8,22,13,44,20,28,52,16,116,0,6,6,122
07/04/2005,MOB,AL,ASO,CE,Combined TRACON& Tower with Radar,20,25,24,1,70,0,10,10,4,24,20,35,34,5,94,4,8,12,106
07/05/2005,MOB,AL,ASO,CE,Combined TRACON& Tower with Radar,22,23,14,3,62,0,1,16,49,66,22,24,30,52,128,74,90,164,292
07/06/2005,MOB,AL,ASO,CE,Combined TRACON& Tower with Radar,9,24,5,4,42,0,1,9,12,22,9,25,14,16,64,0,20,20,84
07/07/2005,MOB,AL,ASO,CE,Combined TRACON& Tower with Radar,17,34,23,69,143,0,1,30,30,61,17,35,53,99,204,24,64,88,292
07/08/2005,MOB,AL,ASO,CE,Combined TRACON& Tower with Radar,15,35,50,4,104,0,2,28,9,39,15,37,78,13,143,0,4,4,147
07/09/2005,MOB,AL,ASO,CE,Combined TRACON& Tower with Radar,8,31,35,11,85,0,1,13,4,18,8,32,48,15,103,8,0,8,111
07/10/2005,MOB,AL,ASO,CE,Combined TRACON& Tower with Radar,0,0,0,0,0,0,0,0,0,0,0,0,0,0,0,0,0,0,0
07/11/2005,MOB,AL,ASO,CE,Combined TRACON& Tower with Radar,9,29,40,8,86,0,0,30,20,50,9,29,70,28,136,0,0,0,136
07/12/2005,MOB,AL,ASO,CE,Combined TRACON& Tower with Radar,25,24,21,5,75,0,4,20,9,33,25,28,41,14,108,2,6,8,116
07/13/2005,MOB,AL,ASO,CE,Combined TRACON& Tower with Radar,21,35,32,49,137,0,3,16,11,30,21,38,48,60,167,36,52,88,255
07/14/2005,MOB,AL,ASO,CE,Combined TRACON& Tower with Radar,17,26,30,43,116,0,0,17,34,51,17,26,47,77,167,0,142,142,309
07/15/2005,MOB,AL,ASO,CE,Combined TRACON& Tower with Radar,10,31,39,24,104,0,2,18,18,38,10,33,57,42,142,34,58,92,234
07/16/2005,MOB,AL,ASO,CE,Combined TRACON& Tower with Radar,6,33,19,10,68,0,3,12,5,20,6,36,31,15,88,24,7,31,119
07/17/2005,MOB,AL,ASO,CE,Combined TRACON& Tower with Radar,19,20,8,12,59,1,3,21,12,37,20,23,29,24,96,6,8,14,110
07/18/2005,MOB,AL,ASO,CE,Combined TRACON& Tower with Radar,30,15,12,60,117,0,0,15,30,45,30,15,27,90,162,12,144,156,318
07/19/2005,MOB,AL,ASO,CE,Combined TRACON& Tower with Radar,21,35,20,68,144,0,0,24,35,59,21,35,44,103,203,6,80,86,289
07/20/2005,MOB,AL,ASO,CE,Combined TRACON& Tower with Radar,10,37,28,63,138,0,0,15,35,50,10,37,43,98,188,0,186,186,374
07/21/2005,MOB,AL,ASO,CE,Combined TRACON& Tower with Radar,16,38,17,66,137,0,1,14,22,37,16,39,31,88,174,12,134,146,320
07/22/2005,MOB,AL,ASO,CE,Combined TRACON& Tower with Radar,16,29,17,86,148,0,6,15,16,37,16,35,32,102,185,34,48,82,267
07/23/2005,MOB,AL,ASO,CE,Combined TRACON& Tower with Radar,10,29,7,4,50,0,2,19,1,22,10,31,26,5,72,30,14,44,116
07/24/2005,MOB,AL,ASO,CE,Combined TRACON& Tower with Radar,12,32,17,9,70,1,9,21,2,33,13,41,38,11,103,0,0,0,103
07/25/2005,MOB,AL,ASO,CE,Combined TRACON& Tower with Radar,19,31,37,99,186,0,8,9,25,42,19,39,46,124,228,22,116,138,366
07/26/2005,MOB,AL,ASO,CE,Combined TRACON& Tower with Radar,19,29,24,67,139,0,0,18,15,33,19,29,42,82,172,18,128,146,318
07/27/2005,MOB,AL,ASO,CE,Combined TRACON& Tower with Radar,14,34,32,66,146,0,0,18,19,37,14,34,50,85,183,22,128,150,333
07/28/2005,MOB,AL,ASO,CE,Combined TRACON& Tower with Radar,16,33,39,98,186,1,0,9,23,33,17,33,48,121,219,36,176,212,431
07/29/2005,MOB,AL,ASO,CE,Combined TRACON& Tower with Radar,14,34,39,67,154,0,2,12,9,23,14,36,51,76,177,18,72,90,267
07/30/2005,MOB,AL,ASO,CE,Combined TRACON& Tower with Radar,14,29,25,0,68,0,8,14,3,25,14,37,39,3,93,18,2,20,113
07/31/2005,MOB,AL,ASO,CE,Combined TRACON& Tower with Radar,14,33,17,10,74,0,9,6,3,18,14,42,23,13,92,18,8,26,118
08/01/2005,MOB,AL,ASO,CE,Combined TRACON& Tower with Radar,13,37,26,34,110,0,0,5,12,17,13,37,31,46,127,0,80,80,207
08/02/2005,MOB,AL,ASO,CE,Combined TRACON& Tower with Radar,15,35,19,41,110,0,1,5,18,24,15,36,24,59,134,0,76,76,210
08/03/2005,MOB,AL,ASO,CE,Combined TRACON& Tower with Radar,13,48,31,75,167,0,2,13,24,39,13,50,44,99,206,10,26,36,242
08/04/2005,MOB,AL,ASO,CE,Combined TRACON& Tower with Radar,16,36,23,42,117,0,6,6,3,15,16,42,29,45,132,0,0,0,132
08/05/2005,MOB,AL,ASO,CE,Combined TRACON& Tower with Radar,19,42,37,85,183,0,1,12,20,33,19,43,49,105,216,12,106,118,334
08/06/2005,MOB,AL,ASO,CE,Combined TRACON& Tower with Radar,11,31,15,5,62,0,2,9,16,27,11,33,24,21,89,0,0,0,89
08/07/2005,MOB,AL,ASO,CE,Combined TRACON& Tower with Radar,14,33,35,24,106,0,8,19,9,36,14,41,54,33,142,42,8,50,192
08/08/2005,MOB,AL,ASO,CE,Combined TRACON& Tower with Radar,12,30,22,56,120,0,2,9,18,29,12,32,31,74,149,0,150,150,299
08/09/2005,MOB,AL,ASO,CE,Combined TRACON& Tower with Radar,8,31,24,94,157,0,0,18,34,52,8,31,42,128,209,32,268,300,509
08/10/2005,MOB,AL,ASO,CE,Combined TRACON& Tower with Radar,13,39,18,55,125,0,1,16,22,39,13,40,34,77,164,0,54,54,218
08/11/2005,MOB,AL,ASO,CE,Combined TRACON& Tower with Radar,19,27,18,58,122,0,0,16,19,35,19,27,34,77,157,18,84,102,259
08/12/2005,MOB,AL,ASO,CE,Combined TRACON& Tower with Radar,19,31,29,59,138,0,3,23,19,45,19,34,52,78,183,22,52,74,257
08/13/2005,MOB,AL,ASO,CE,Combined TRACON& Tower with Radar,17,24,15,11,67,1,5,15,2,23,18,29,30,13,90,10,14,24,114
08/14/2005,MOB,AL,ASO,CE,Combined TRACON& Tower with Radar,22,22,15,4,63,0,7,22,5,34,22,29,37,9,97,56,10,66,163
08/15/2005,MOB,AL,ASO,CE,Combined TRACON& Tower with Radar,13,34,12,36,95,0,0,6,25,31,13,34,18,61,126,0,12,12,138
08/16/2005,MOB,AL,ASO,CE,Combined TRACON& Tower with Radar,18,27,21,40,106,0,7,14,36,57,18,34,35,76,163,2,150,152,315
08/17/2005,MOB,AL,ASO,CE,Combined TRACON& Tower with Radar,12,37,28,50,127,0,1,13,41,55,12,38,41,91,182,10,69,79,261
08/18/2005,MOB,AL,ASO,CE,Combined TRACON& Tower with Radar,10,35,22,102,169,0,2,12,64,78,10,37,34,166,247,16,122,138,385
08/19/2005,MOB,AL,ASO,CE,Combined TRACON& Tower with Radar,18,41,26,65,150,0,3,24,13,40,18,44,50,78,190,42,32,74,264
08/20/2005,MOB,AL,ASO,CE,Combined TRACON& Tower with Radar,18,30,22,20,90,0,3,23,12,38,18,33,45,32,128,16,46,62,190
08/21/2005,MOB,AL,ASO,CE,Combined TRACON& Tower with Radar,20,24,13,11,68,0,2,15,2,19,20,26,28,13,87,34,0,34,121
08/22/2005,MOB,AL,ASO,CE,Combined TRACON& Tower with Radar,17,29,21,44,111,0,5,7,34,46,17,34,28,78,157,16,134,150,307
08/23/2005,MOB,AL,ASO,CE,Combined TRACON& Tower with Radar,12,36,11,64,123,0,1,6,18,25,12,37,17,82,148,10,82,92,240
08/24/2005,MOB,AL,ASO,CE,Combined TRACON& Tower with Radar,18,28,43,161,250,0,4,29,36,69,18,32,72,197,319,22,214,236,555
08/25/2005,MOB,AL,ASO,CE,Combined TRACON& Tower with Radar,25,25,26,82,158,0,4,7,34,45,25,29,33,116,203,48,52,100,303
08/26/2005,MOB,AL,ASO,CE,Combined TRACON& Tower with Radar,14,31,33,23,101,1,5,25,24,55,15,36,58,47,156,30,78,108,264
08/27/2005,MOB,AL,ASO,CE,Combined TRACON& Tower with Radar,14,30,26,2,72,0,2,25,4,31,14,32,51,6,103,60,0,60,163
08/28/2005,MOB,AL,ASO,CE,Combined TRACON& Tower with Radar,13,33,29,12,87,0,7,20,6,33,13,40,49,18,120,1,0,1,121
08/29/2005,MOB,AL,ASO,CE,Combined TRACON& Tower with Radar,0,0,0,0,0,0,0,0,0,0,0,0,0,0,0,0,0,0,0
08/30/2005,MOB,AL,ASO,CE,Combined TRACON& Tower with Radar,5,9,34,7,55,0,7,69,70,146,5,16,103,77,201,0,0,0,201
08/31/2005,MOB,AL,ASO,CE,Combined TRACON& Tower with Radar,10,22,56,17,105,0,9,98,88,195,10,31,154,105,300,0,5,5,305
09/01/2005,MOB,AL,ASO,CE,Combined TRACON& Tower with Radar,7,48,71,13,139,0,17,108,75,200,7,65,179,88,339,18,2,20,359
09/02/2005,MOB,AL,ASO,CE,Combined TRACON& Tower with Radar,17,47,94,19,177,0,36,114,117,267,17,83,208,136,444,42,20,62,506
09/03/2005,MOB,AL,ASO,CE,Combined TRACON& Tower with Radar,8,35,57,19,119,1,24,95,88,208,9,59,152,107,327,0,0,0,327
09/04/2005,MOB,AL,ASO,CE,Combined TRACON& Tower with Radar,18,30,57,21,126,0,7,117,99,223,18,37,174,120,349,16,0,16,365
09/05/2005,MOB,AL,ASO,CE,Combined TRACON& Tower with Radar,34,17,65,34,150,0,9,60,107,176,34,26,125,141,326,0,12,12,338
09/06/2005,MOB,AL,ASO,CE,Combined TRACON& Tower with Radar,24,34,71,24,153,0,9,63,88,160,24,43,134,112,313,2,2,4,317
09/07/2005,MOB,AL,ASO,CE,Combined TRACON& Tower with Radar,25,36,84,20,165,0,7,66,84,157,25,43,150,104,322,0,6,6,328
09/08/2005,MOB,AL,ASO,CE,Combined TRACON& Tower with Radar,5,43,67,17,132,0,5,46,68,119,5,48,113,85,251,10,16,26,277
09/09/2005,MOB,AL,ASO,CE,Combined TRACON& Tower with Radar,14,46,76,26,162,0,0,28,43,71,14,46,104,69,233,24,8,32,265
09/10/2005,MOB,AL,ASO,CE,Combined TRACON& Tower with Radar,11,38,31,17,97,0,3,28,50,81,11,41,59,67,178,0,0,0,178
09/11/2005,MOB,AL,ASO,CE,Combined TRACON& Tower with Radar,16,30,32,12,90,0,1,21,39,61,16,31,53,51,151,32,0,32,183
09/12/2005,MOB,AL,ASO,CE,Combined TRACON& Tower with Radar,13,40,50,15,118,0,6,29,31,66,13,46,79,46,184,0,0,0,184
09/13/2005,MOB,AL,ASO,CE,Combined TRACON& Tower with Radar,11,31,24,0,66,57,19,143,0,219,68,50,167,0,285,31,35,66,351
09/14/2005,MOB,AL,ASO,CE,Combined TRACON& Tower with Radar,12,29,48,28,117,0,6,25,28,59,12,35,73,56,176,2,40,42,218
09/15/2005,MOB,AL,ASO,CE,Combined TRACON& Tower with Radar,11,22,48,27,108,1,3,15,16,35,12,25,63,43,143,0,0,0,143
09/16/2005,MOB,AL,ASO,CE,Combined TRACON& Tower with Radar,16,39,52,14,121,0,1,19,19,39,16,40,71,33,160,4,0,4,164
09/17/2005,MOB,AL,ASO,CE,Combined TRACON& Tower with Radar,12,22,28,3,65,0,4,20,17,41,12,26,48,20,106,16,6,22,128
09/18/2005,MOB,AL,ASO,CE,Combined TRACON& Tower with Radar,17,16,24,11,68,0,3,29,12,44,17,19,53,23,112,24,6,30,142
09/19/2005,MOB,AL,ASO,CE,Combined TRACON& Tower with Radar,11,22,35,20,88,0,3,11,16,30,11,25,46,36,118,16,58,74,192
09/20/2005,MOB,AL,ASO,CE,Combined TRACON& Tower with Radar,11,28,38,32,109,0,8,38,25,71,11,36,76,57,180,20,70,90,270
09/21/2005,MOB,AL,ASO,CE,Combined TRACON& Tower with Radar,9,26,50,42,127,0,3,19,38,60,9,29,69,80,187,0,46,46,233
09/22/2005,MOB,AL,ASO,CE,Combined TRACON& Tower with Radar,14,19,59,14,106,0,4,20,39,63,14,23,79,53,169,0,14,14,183
09/23/2005,MOB,AL,ASO,CE,Combined TRACON& Tower with Radar,18,21,29,8,76,0,4,8,10,22,18,25,37,18,98,0,33,33,131
09/24/2005,MOB,AL,ASO,CE,Combined TRACON& Tower with Radar,8,14,7,12,41,0,4,5,14,23,8,18,12,26,64,0,0,0,64
09/25/2005,MOB,AL,ASO,CE,Combined TRACON& Tower with Radar,12,20,30,9,71,0,2,18,14,34,12,22,48,23,105,0,0,0,105
09/26/2005,MOB,AL,ASO,CE,Combined TRACON& Tower with Radar,15,31,15,43,104,0,11,7,21,39,15,42,22,64,143,0,0,0,143
09/27/2005,MOB,AL,ASO,CE,Combined TRACON& Tower with Radar,8,29,26,36,99,0,5,22,30,57,8,34,48,66,156,10,58,68,224
09/28/2005,MOB,AL,ASO,CE,Combined TRACON& Tower with Radar,0,1,22,19,42,0,0,0,0,0,0,1,22,19,42,0,74,74,116
09/29/2005,MOB,AL,ASO,CE,Combined TRACON& Tower with Radar,11,28,29,39,107,0,4,16,26,46,11,32,45,65,153,1,1,2,155
09/30/2005,MOB,AL,ASO,CE,Combined TRACON& Tower with Radar,7,36,44,27,114,0,0,47,27,74,7,36,91,54,188,20,31,51,239
10/01/2005,MOB,AL,ASO,CE,Combined TRACON& Tower with Radar,6,24,17,2,49,0,6,20,11,37,6,30,37,13,86,14,0,14,100
10/02/2005,MOB,AL,ASO,CE,Combined TRACON& Tower with Radar,16,21,27,1,65,0,3,30,12,45,16,24,57,13,110,3,4,7,117
10/03/2005,MOB,AL,ASO,CE,Combined TRACON& Tower with Radar,6,35,22,52,115,0,3,17,17,37,6,38,39,69,152,28,52,80,232
10/04/2005,MOB,AL,ASO,CE,Combined TRACON& Tower with Radar,8,26,29,63,126,0,2,16,24,42,8,28,45,87,168,0,0,0,168
10/05/2005,MOB,AL,ASO,CE,Combined TRACON& Tower with Radar,9,32,32,91,164,0,2,20,34,56,9,34,52,125,220,10,106,116,336
10/06/2005,MOB,AL,ASO,CE,Combined TRACON& Tower with Radar,8,30,34,77,149,0,1,22,19,42,8,31,56,96,191,2,123,125,316
10/07/2005,MOB,AL,ASO,CE,Combined TRACON& Tower with Radar,9,29,34,78,150,1,2,16,8,27,10,31,50,86,177,6,24,30,207
10/08/2005,MOB,AL,ASO,CE,Combined TRACON& Tower with Radar,10,34,45,0,89,0,4,32,5,41,10,38,77,5,130,6,0,6,136
10/09/2005,MOB,AL,ASO,CE,Combined TRACON& Tower with Radar,11,28,18,1,58,0,4,24,2,30,11,32,42,3,88,42,16,58,146
10/10/2005,MOB,AL,ASO,CE,Combined TRACON& Tower with Radar,11,33,23,3,70,0,2,25,5,32,11,35,48,8,102,0,10,10,112
10/11/2005,MOB,AL,ASO,CE,Combined TRACON& Tower with Radar,11,28,16,86,141,0,2,20,20,42,11,30,36,106,183,14,54,68,251
10/12/2005,MOB,AL,ASO,CE,Combined TRACON& Tower with Radar,12,28,24,58,122,0,1,9,19,29,12,29,33,77,151,12,58,70,221
10/13/2005,MOB,AL,ASO,CE,Combined TRACON& Tower with Radar,16,30,34,66,146,0,5,27,33,65,16,35,61,99,211,0,120,120,331
10/14/2005,MOB,AL,ASO,CE,Combined TRACON& Tower with Radar,11,26,31,62,130,0,3,32,24,59,11,29,63,86,189,3,183,186,375
10/15/2005,MOB,AL,ASO,CE,Combined TRACON& Tower with Radar,11,22,31,1,65,0,4,24,10,38,11,26,55,11,103,54,2,56,159
10/16/2005,MOB,AL,ASO,CE,Combined TRACON& Tower with Radar,15,28,34,9,86,0,2,29,7,38,15,30,63,16,124,8,0,8,132
10/17/2005,MOB,AL,ASO,CE,Combined TRACON& Tower with Radar,9,36,28,84,157,0,1,23,20,44,9,37,51,104,201,0,106,106,307
10/18/2005,MOB,AL,ASO,CE,Combined TRACON& Tower with Radar,9,35,35,84,163,2,0,23,30,55,11,35,58,114,218,0,146,146,364
10/19/2005,MOB,AL,ASO,CE,Combined TRACON& Tower with Radar,0,0,0,0,0,0,0,0,0,0,0,0,0,0,0,56,128,184,184
10/20/2005,MOB,AL,ASO,CE,Combined TRACON& Tower with Radar,16,32,57,78,183,0,0,20,34,54,16,32,77,112,237,56,114,170,407
10/21/2005,MOB,AL,ASO,CE,Combined TRACON& Tower with Radar,21,33,42,74,170,0,9,19,26,54,21,42,61,100,224,10,66,76,300
10/22/2005,MOB,AL,ASO,CE,Combined TRACON& Tower with Radar,6,29,22,15,72,0,0,19,5,24,6,29,41,20,96,120,16,136,232
10/23/2005,MOB,AL,ASO,CE,Combined TRACON& Tower with Radar,20,17,24,12,73,0,0,35,18,53,20,17,59,30,126,18,10,28,154
10/24/2005,MOB,AL,ASO,CE,Combined TRACON& Tower with Radar,22,22,27,54,125,0,2,18,27,47,22,24,45,81,172,0,136,136,308
10/25/2005,MOB,AL,ASO,CE,Combined TRACON& Tower with Radar,18,30,43,98,189,0,2,25,29,56,18,32,68,127,245,10,40,50,295
10/26/2005,MOB,AL,ASO,CE,Combined TRACON& Tower with Radar,7,34,34,111,186,0,1,11,23,35,7,35,45,134,221,27,155,182,403
10/27/2005,MOB,AL,ASO,CE,Combined TRACON& Tower with Radar,22,33,41,93,189,0,2,28,28,58,22,35,69,121,247,80,107,187,434
10/28/2005,MOB,AL,ASO,CE,Combined TRACON& Tower with Radar,7,37,47,50,141,0,0,15,22,37,7,37,62,72,178,4,50,54,232
10/29/2005,MOB,AL,ASO,CE,Combined TRACON& Tower with Radar,24,14,17,4,59,0,4,20,9,33,24,18,37,13,92,22,0,22,114
10/30/2005,MOB,AL,ASO,CE,Combined TRACON& Tower with Radar,15,23,38,13,89,0,3,38,5,46,15,26,76,18,135,46,10,56,191
10/31/2005,MOB,AL,ASO,CE,Combined TRACON& Tower with Radar,9,39,18,62,128,0,3,27,33,63,9,42,45,95,191,44,60,104,295
11/01/2005,MOB,AL,ASO,CE,Combined TRACON& Tower with Radar,10,33,26,39,108,0,0,6,25,31,10,33,32,64,139,18,44,62,201
11/02/2005,MOB,AL,ASO,CE,Combined TRACON& Tower with Radar,16,29,45,69,159,0,0,18,38,56,16,29,63,107,215,30,192,222,437
11/03/2005,MOB,AL,ASO,CE,Combined TRACON& Tower with Radar,13,30,31,68,142,0,5,15,37,57,13,35,46,105,199,14,166,180,379
11/04/2005,MOB,AL,ASO,CE,Combined TRACON& Tower with Radar,10,33,27,65,135,0,10,6,27,43,10,43,33,92,178,12,118,130,308
11/05/2005,MOB,AL,ASO,CE,Combined TRACON& Tower with Radar,13,25,25,19,82,0,7,11,7,25,13,32,36,26,107,28,16,44,151
11/06/2005,MOB,AL,ASO,CE,Combined TRACON& Tower with Radar,22,19,18,4,63,0,4,15,4,23,22,23,33,8,86,12,0,12,98
11/07/2005,MOB,AL,ASO,CE,Combined TRACON& Tower with Radar,17,31,30,35,113,0,3,7,24,34,17,34,37,59,147,12,105,117,264
11/08/2005,MOB,AL,ASO,CE,Combined TRACON& Tower with Radar,16,21,19,74,130,0,1,15,29,45,16,22,34,103,175,0,244,244,419
11/09/2005,MOB,AL,ASO,CE,Combined TRACON& Tower with Radar,11,35,50,60,156,0,3,20,16,39,11,38,70,76,195,0,98,98,293
11/10/2005,MOB,AL,ASO,CE,Combined TRACON& Tower with Radar,13,35,53,71,172,0,8,18,30,56,13,43,71,101,228,20,94,114,342
11/11/2005,MOB,AL,ASO,CE,Combined TRACON& Tower with Radar,21,29,36,10,96,0,5,32,12,49,21,34,68,22,145,44,14,58,203
11/12/2005,MOB,AL,ASO,CE,Combined TRACON& Tower with Radar,13,20,25,5,63,0,4,18,3,25,13,24,43,8,88,0,0,0,88
11/13/2005,MOB,AL,ASO,CE,Combined TRACON& Tower with Radar,12,37,20,30,99,0,4,19,3,26,12,41,39,33,125,22,26,48,173
11/14/2005,MOB,AL,ASO,CE,Combined TRACON& Tower with Radar,13,26,22,73,134,0,2,8,31,41,13,28,30,104,175,10,122,132,307
11/15/2005,MOB,AL,ASO,CE,Combined TRACON& Tower with Radar,10,33,19,74,136,0,1,1,30,32,10,34,20,104,168,17,149,166,334
11/16/2005,MOB,AL,ASO,CE,Combined TRACON& Tower with Radar,12,36,32,87,167,0,3,15,29,47,12,39,47,116,214,62,238,300,514
11/17/2005,MOB,AL,ASO,CE,Combined TRACON& Tower with Radar,15,32,31,48,126,0,3,16,35,54,15,35,47,83,180,54,102,156,336
11/18/2005,MOB,AL,ASO,CE,Combined TRACON& Tower with Radar,7,40,37,39,123,0,4,21,24,49,7,44,58,63,172,21,109,130,302
11/19/2005,MOB,AL,ASO,CE,Combined TRACON& Tower with Radar,10,23,25,6,64,0,6,10,17,33,10,29,35,23,97,76,20,96,193
11/20/2005,MOB,AL,ASO,CE,Combined TRACON& Tower with Radar,13,36,35,20,104,0,2,25,4,31,13,38,60,24,135,58,18,76,211
11/21/2005,MOB,AL,ASO,CE,Combined TRACON& Tower with Radar,11,25,22,35,93,0,0,3,21,24,11,25,25,56,117,0,168,168,285
11/22/2005,MOB,AL,ASO,CE,Combined TRACON& Tower with Radar,15,26,25,77,143,0,1,16,42,59,15,27,41,119,202,10,224,234,436
11/23/2005,MOB,AL,ASO,CE,Combined TRACON& Tower with Radar,9,32,38,29,108,0,2,15,11,28,9,34,53,40,136,3,64,67,203
11/24/2005,MOB,AL,ASO,CE,Combined TRACON& Tower with Radar,9,24,17,0,50,0,2,15,2,19,9,26,32,2,69,0,0,0,69
11/25/2005,MOB,AL,ASO,CE,Combined TRACON& Tower with Radar,16,18,24,1,59,0,1,35,9,45,16,19,59,10,104,10,0,10,114
11/26/2005,MOB,AL,ASO,CE,Combined TRACON& Tower with Radar,14,21,19,2,56,0,0,16,3,19,14,21,35,5,75,0,0,0,75
11/27/2005,MOB,AL,ASO,CE,Combined TRACON& Tower with Radar,14,25,30,2,71,0,3,14,5,22,14,28,44,7,93,1,0,1,94
11/28/2005,MOB,AL,ASO,CE,Combined TRACON& Tower with Radar,11,30,26,26,93,0,2,8,14,24,11,32,34,40,117,0,66,66,183
11/29/2005,MOB,AL,ASO,CE,Combined TRACON& Tower with Radar,12,28,34,107,181,0,1,20,25,46,12,29,54,132,227,6,316,322,549
11/30/2005,MOB,AL,ASO,CE,Combined TRACON& Tower with Radar,21,32,47,99,199,0,3,30,30,63,21,35,77,129,262,44,156,200,462
12/01/2005,MOB,AL,ASO,CE,Combined TRACON& Tower with Radar,14,29,35,126,204,0,1,22,50,73,14,30,57,176,277,7,75,82,359
12/02/2005,MOB,AL,ASO,CE,Combined TRACON& Tower with Radar,19,38,40,79,176,0,4,28,43,75,19,42,68,122,251,9,160,169,420
12/03/2005,MOB,AL,ASO,CE,Combined TRACON& Tower with Radar,14,23,11,21,69,0,4,8,19,31,14,27,19,40,100,4,72,76,176
12/04/2005,MOB,AL,ASO,CE,Combined TRACON& Tower with Radar,20,22,21,5,68,0,0,14,6,20,20,22,35,11,88,34,14,48,136
12/05/2005,MOB,AL,ASO,CE,Combined TRACON& Tower with Radar,13,28,21,46,108,0,0,2,6,8,13,28,23,52,116,0,76,76,192
12/06/2005,MOB,AL,ASO,CE,Combined TRACON& Tower with Radar,16,34,28,86,164,0,1,21,32,54,16,35,49,118,218,0,138,138,356
12/07/2005,MOB,AL,ASO,CE,Combined TRACON& Tower with Radar,13,27,24,74,138,0,2,8,29,39,13,29,32,103,177,0,142,142,319
12/08/2005,MOB,AL,ASO,CE,Combined TRACON& Tower with Radar,15,24,41,92,172,0,0,2,17,19,15,24,43,109,191,0,14,14,205
12/09/2005,MOB,AL,ASO,CE,Combined TRACON& Tower with Radar,13,30,28,71,142,0,1,20,29,50,13,31,48,100,192,8,108,116,308
12/10/2005,MOB,AL,ASO,CE,Combined TRACON& Tower with Radar,8,27,35,15,85,0,4,20,5,29,8,31,55,20,114,50,5,55,169
12/11/2005,MOB,AL,ASO,CE,Combined TRACON& Tower with Radar,18,21,44,23,106,0,5,29,8,42,18,26,73,31,148,54,22,76,224
12/12/2005,MOB,AL,ASO,CE,Combined TRACON& Tower with Radar,17,23,22,52,114,1,1,15,33,50,18,24,37,85,164,14,74,88,252
12/13/2005,MOB,AL,ASO,CE,Combined TRACON& Tower with Radar,10,29,26,35,100,0,5,14,42,61,10,34,40,77,161,14,70,84,245
12/14/2005,MOB,AL,ASO,CE,Combined TRACON& Tower with Radar,17,32,52,51,152,0,1,33,30,64,17,33,85,81,216,60,100,160,376
12/15/2005,MOB,AL,ASO,CE,Combined TRACON& Tower with Radar,14,32,60,114,220,0,2,16,29,47,14,34,76,143,267,28,114,142,409
12/16/2005,MOB,AL,ASO,CE,Combined TRACON& Tower with Radar,18,37,50,40,145,0,5,22,10,37,18,42,72,50,182,12,14,26,208
12/17/2005,MOB,AL,ASO,CE,Combined TRACON& Tower with Radar,14,23,19,5,61,0,1,5,2,8,14,24,24,7,69,0,2,2,71
12/18/2005,MOB,AL,ASO,CE,Combined TRACON& Tower with Radar,17,25,28,13,83,0,0,32,13,45,17,25,60,26,128,36,12,48,176
12/19/2005,MOB,AL,ASO,CE,Combined TRACON& Tower with Radar,14,35,34,45,128,0,2,15,24,41,14,37,49,69,169,12,38,50,219
12/20/2005,MOB,AL,ASO,CE,Combined TRACON& Tower with Radar,17,33,28,47,125,0,0,13,10,23,17,33,41,57,148,32,116,148,296
12/21/2005,MOB,AL,ASO,CE,Combined TRACON& Tower with Radar,11,35,28,64,138,0,5,22,13,40,11,40,50,77,178,4,100,104,282
12/22/2005,MOB,AL,ASO,CE,Combined TRACON& Tower with Radar,16,37,39,45,137,0,2,16,6,24,16,39,55,51,161,4,14,18,179
12/23/2005,MOB,AL,ASO,CE,Combined TRACON& Tower with Radar,14,27,44,20,105,0,8,22,4,34,14,35,66,24,139,62,34,96,235
12/24/2005,MOB,AL,ASO,CE,Combined TRACON& Tower with Radar,19,19,19,3,60,0,1,2,0,3,19,20,21,3,63,0,0,0,63
12/25/2005,MOB,AL,ASO,CE,Combined TRACON& Tower with Radar,17,17,9,0,43,0,3,17,0,20,17,20,26,0,63,0,0,0,63
12/26/2005,MOB,AL,ASO,CE,Combined TRACON& Tower with Radar,10,34,23,0,67,0,1,23,0,24,10,35,46,0,91,38,0,38,129
12/27/2005,MOB,AL,ASO,CE,Combined TRACON& Tower with Radar,16,31,34,28,109,0,6,21,3,30,16,37,55,31,139,4,4,8,147
12/28/2005,MOB,AL,ASO,CE,Combined TRACON& Tower with Radar,19,36,26,39,120,0,1,10,2,13,19,37,36,41,133,22,28,50,183
12/29/2005,MOB,AL,ASO,CE,Combined TRACON& Tower with Radar,19,37,42,14,112,0,5,30,9,44,19,42,72,23,156,8,20,28,184
12/30/2005,MOB,AL,ASO,CE,Combined TRACON& Tower with Radar,11,49,20,10,90,0,3,19,9,31,11,52,39,19,121,0,17,17,138
12/31/2005,MOB,AL,ASO,CE,Combined TRACON& Tower with Radar,13,31,13,2,59,0,0,3,0,3,13,31,16,2,62,8,16,24,86
01/01/2006,MOB,AL,ASO,CE,Combined TRACON& Tower with Radar,14,35,33,3,85,0,0,3,0,3,14,35,36,3,88,0,2,2,90
01/02/2006,MOB,AL,ASO,CE,Combined TRACON& Tower with Radar,11,39,28,1,79,0,4,12,5,21,11,43,40,6,100,0,22,22,122
01/03/2006,MOB,AL,ASO,CE,Combined TRACON& Tower with Radar,12,35,23,4,74,0,5,31,6,42,12,40,54,10,116,16,8,24,140
01/04/2006,MOB,AL,ASO,CE,Combined TRACON& Tower with Radar,16,29,30,97,172,0,4,24,2,30,16,33,54,99,202,2,95,97,299
01/05/2006,MOB,AL,ASO,CE,Combined TRACON& Tower with Radar,13,46,20,51,130,0,3,21,11,35,13,49,41,62,165,4,87,91,256
01/06/2006,MOB,AL,ASO,CE,Combined TRACON& Tower with Radar,17,38,30,77,162,0,6,13,19,38,17,44,43,96,200,6,144,150,350
01/07/2006,MOB,AL,ASO,CE,Combined TRACON& Tower with Radar,14,29,21,3,67,0,4,23,11,38,14,33,44,14,105,24,108,132,237
01/08/2006,MOB,AL,ASO,CE,Combined TRACON& Tower with Radar,21,25,27,8,81,0,3,28,8,39,21,28,55,16,120,24,16,40,160
01/09/2006,MOB,AL,ASO,CE,Combined TRACON& Tower with Radar,12,34,16,80,142,0,2,5,16,23,12,36,21,96,165,1,60,61,226
01/10/2006,MOB,AL,ASO,CE,Combined TRACON& Tower with Radar,18,31,21,69,139,0,0,2,15,17,18,31,23,84,156,0,80,80,236
01/11/2006,MOB,AL,ASO,CE,Combined TRACON& Tower with Radar,15,37,34,90,176,0,3,18,40,61,15,40,52,130,237,40,192,232,469
01/12/2006,MOB,AL,ASO,CE,Combined TRACON& Tower with Radar,21,37,31,87,176,0,3,9,24,36,21,40,40,111,212,6,162,168,380
01/13/2006,MOB,AL,ASO,CE,Combined TRACON& Tower with Radar,14,47,58,66,185,0,2,18,15,35,14,49,76,81,220,74,106,180,400
01/14/2006,MOB,AL,ASO,CE,Combined TRACON& Tower with Radar,14,28,15,10,67,0,0,15,11,26,14,28,30,21,93,10,0,10,103
01/15/2006,MOB,AL,ASO,CE,Combined TRACON& Tower with Radar,18,35,43,11,107,0,3,19,5,27,18,38,62,16,134,48,12,60,194
01/16/2006,MOB,AL,ASO,CE,Combined TRACON& Tower with Radar,19,28,21,14,82,0,2,14,3,19,19,30,35,17,101,0,10,10,111
01/17/2006,MOB,AL,ASO,CE,Combined TRACON& Tower with Radar,15,28,16,2,61,0,2,0,3,5,15,30,16,5,66,0,28,28,94
01/18/2006,MOB,AL,ASO,CE,Combined TRACON& Tower with Radar,13,38,28,153,232,0,8,29,37,74,13,46,57,190,306,46,130,176,482
01/19/2006,MOB,AL,ASO,CE,Combined TRACON& Tower with Radar,11,38,44,126,219,0,5,25,38,68,11,43,69,164,287,38,168,206,493
01/20/2006,MOB,AL,ASO,CE,Combined TRACON& Tower with Radar,16,35,27,106,184,0,2,9,13,24,16,37,36,119,208,18,110,128,336
01/21/2006,MOB,AL,ASO,CE,Combined TRACON& Tower with Radar,11,23,26,4,64,0,1,0,6,7,11,24,26,10,71,2,0,2,73
01/22/2006,MOB,AL,ASO,CE,Combined TRACON& Tower with Radar,12,35,13,8,68,0,3,4,1,8,12,38,17,9,76,0,0,0,76
01/23/2006,MOB,AL,ASO,CE,Combined TRACON& Tower with Radar,15,37,17,47,116,0,1,3,14,18,15,38,20,61,134,0,58,58,192
01/24/2006,MOB,AL,ASO,CE,Combined TRACON& Tower with Radar,20,39,33,101,193,0,4,11,20,35,20,43,44,121,228,0,70,70,298
01/25/2006,MOB,AL,ASO,CE,Combined TRACON& Tower with Radar,17,42,35,83,177,0,1,29,31,61,17,43,64,114,238,28,241,269,507
01/26/2006,MOB,AL,ASO,CE,Combined TRACON& Tower with Radar,14,47,49,103,213,0,3,14,27,44,14,50,63,130,257,10,126,136,393
01/27/2006,MOB,AL,ASO,CE,Combined TRACON& Tower with Radar,14,35,43,110,202,1,5,13,28,47,15,40,56,138,249,6,75,81,330
01/28/2006,MOB,AL,ASO,CE,Combined TRACON& Tower with Radar,25,24,31,17,97,0,0,22,7,29,25,24,53,24,126,6,34,40,166
01/29/2006,MOB,AL,ASO,CE,Combined TRACON& Tower with Radar,14,35,14,10,73,0,4,8,1,13,14,39,22,11,86,66,6,72,158
01/30/2006,MOB,AL,ASO,CE,Combined TRACON& Tower with Radar,11,43,21,73,148,0,1,2,6,9,11,44,23,79,157,18,98,116,273
01/31/2006,MOB,AL,ASO,CE,Combined TRACON& Tower with Radar,8,38,38,103,187,0,1,16,19,36,8,39,54,122,223,14,198,212,435
02/01/2006,MOB,AL,ASO,CE,Combined TRACON& Tower with Radar,22,38,54,166,280,0,2,24,22,48,22,40,78,188,328,68,180,248,576
02/02/2006,MOB,AL,ASO,CE,Combined TRACON& Tower with Radar,19,40,30,98,187,0,0,10,10,20,19,40,40,108,207,24,106,130,337
02/03/2006,MOB,AL,ASO,CE,Combined TRACON& Tower with Radar,22,49,48,93,212,0,2,14,8,24,22,51,62,101,236,0,14,14,250
02/04/2006,MOB,AL,ASO,CE,Combined TRACON& Tower with Radar,15,34,37,8,94,0,7,22,13,42,15,41,59,21,136,60,17,77,213
02/05/2006,MOB,AL,ASO,CE,Combined TRACON& Tower with Radar,28,32,44,11,115,0,1,34,7,42,28,33,78,18,157,56,28,84,241
02/06/2006,MOB,AL,ASO,CE,Combined TRACON& Tower with Radar,21,28,17,59,125,0,2,6,19,27,21,30,23,78,152,0,152,152,304
02/07/2006,MOB,AL,ASO,CE,Combined TRACON& Tower with Radar,22,28,24,112,186,0,3,21,34,58,22,31,45,146,244,58,200,258,502
02/08/2006,MOB,AL,ASO,CE,Combined TRACON& Tower with Radar,10,35,13,99,157,0,0,13,15,28,10,35,26,114,185,40,184,224,409
02/09/2006,MOB,AL,ASO,CE,Combined TRACON& Tower with Radar,27,30,43,130,230,0,1,33,32,66,27,31,76,162,296,38,168,206,502
02/10/2006,MOB,AL,ASO,CE,Combined TRACON& Tower with Radar,10,40,34,78,162,0,0,18,18,36,10,40,52,96,198,20,40,60,258
02/11/2006,MOB,AL,ASO,CE,Combined TRACON& Tower with Radar,9,32,27,8,76,0,2,11,3,16,9,34,38,11,92,10,8,18,110
02/12/2006,MOB,AL,ASO,CE,Combined TRACON& Tower with Radar,18,32,20,17,87,0,1,21,7,29,18,33,41,24,116,84,22,106,222
02/13/2006,MOB,AL,ASO,CE,Combined TRACON& Tower with Radar,13,37,30,52,132,0,2,21,21,44,13,39,51,73,176,30,112,142,318
02/14/2006,MOB,AL,ASO,CE,Combined TRACON& Tower with Radar,17,33,32,86,168,0,0,28,28,56,17,33,60,114,224,10,134,144,368
02/15/2006,MOB,AL,ASO,CE,Combined TRACON& Tower with Radar,18,33,42,87,180,0,4,13,28,45,18,37,55,115,225,12,144,156,381
02/16/2006,MOB,AL,ASO,CE,Combined TRACON& Tower with Radar,21,33,37,81,172,0,2,14,29,45,21,35,51,110,217,20,149,169,386
02/17/2006,MOB,AL,ASO,CE,Combined TRACON& Tower with Radar,15,33,41,41,130,0,7,8,13,28,15,40,49,54,158,15,80,95,253
02/18/2006,MOB,AL,ASO,CE,Combined TRACON& Tower with Radar,13,22,12,5,52,0,0,0,0,0,13,22,12,5,52,0,0,0,52
02/19/2006,MOB,AL,ASO,CE,Combined TRACON& Tower with Radar,14,28,22,6,70,0,3,22,3,28,14,31,44,9,98,2,6,8,106
02/20/2006,MOB,AL,ASO,CE,Combined TRACON& Tower with Radar,14,34,34,7,89,0,1,3,0,4,14,35,37,7,93,22,0,22,115
02/21/2006,MOB,AL,ASO,CE,Combined TRACON& Tower with Radar,9,37,29,35,110,0,0,1,11,12,9,37,30,46,122,26,104,130,252
02/22/2006,MOB,AL,ASO,CE,Combined TRACON& Tower with Radar,14,33,51,88,186,0,2,14,13,29,14,35,65,101,215,52,94,146,361
02/23/2006,MOB,AL,ASO,CE,Combined TRACON& Tower with Radar,14,37,53,85,189,0,1,19,27,47,14,38,72,112,236,47,182,229,465
02/24/2006,MOB,AL,ASO,CE,Combined TRACON& Tower with Radar,10,42,52,99,203,0,3,18,24,45,10,45,70,123,248,18,106,124,372
02/25/2006,MOB,AL,ASO,CE,Combined TRACON& Tower with Radar,12,27,8,0,47,0,0,0,0,0,12,27,8,0,47,0,0,0,47
02/26/2006,MOB,AL,ASO,CE,Combined TRACON& Tower with Radar,19,29,35,1,84,0,1,16,6,23,19,30,51,7,107,32,19,51,158
02/27/2006,MOB,AL,ASO,CE,Combined TRACON& Tower with Radar,15,30,24,52,121,0,2,24,26,52,15,32,48,78,173,28,124,152,325
02/28/2006,MOB,AL,ASO,CE,Combined TRACON& Tower with Radar,7,36,36,152,231,0,1,34,17,52,7,37,70,169,283,22,162,184,467
03/01/2006,MOB,AL,ASO,CE,Combined TRACON& Tower with Radar,20,27,39,107,193,0,3,24,27,54,20,30,63,134,247,32,90,122,369
03/02/2006,MOB,AL,ASO,CE,Combined TRACON& Tower with Radar,18,36,31,89,174,0,1,24,28,53,18,37,55,117,227,34,86,120,347
03/03/2006,MOB,AL,ASO,CE,Combined TRACON& Tower with Radar,6,42,28,69,145,0,9,12,27,48,6,51,40,96,193,36,66,102,295
03/04/2006,MOB,AL,ASO,CE,Combined TRACON& Tower with Radar,10,31,23,8,72,0,1,26,13,40,10,32,49,21,112,22,12,34,146
03/05/2006,MOB,AL,ASO,CE,Combined TRACON& Tower with Radar,17,26,29,8,80,0,2,20,6,28,17,28,49,14,108,4,22,26,134
03/06/2006,MOB,AL,ASO,CE,Combined TRACON& Tower with Radar,18,27,27,71,143,0,1,25,126,152,18,28,52,197,295,16,86,102,397
03/07/2006,MOB,AL,ASO,CE,Combined TRACON& Tower with Radar,12,32,35,60,139,0,6,17,39,62,12,38,52,99,201,20,156,176,377
03/08/2006,MOB,AL,ASO,CE,Combined TRACON& Tower with Radar,11,39,53,70,173,0,3,22,28,53,11,42,75,98,226,8,198,206,432
03/09/2006,MOB,AL,ASO,CE,Combined TRACON& Tower with Radar,18,26,26,34,104,0,3,7,9,19,18,29,33,43,123,0,68,68,191
03/10/2006,MOB,AL,ASO,CE,Combined TRACON& Tower with Radar,11,36,36,99,182,1,1,21,7,30,12,37,57,106,212,0,128,128,340
03/11/2006,MOB,AL,ASO,CE,Combined TRACON& Tower with Radar,9,31,30,0,70,0,1,10,5,16,9,32,40,5,86,42,6,48,134
03/12/2006,MOB,AL,ASO,CE,Combined TRACON& Tower with Radar,17,29,34,19,99,0,7,15,7,29,17,36,49,26,128,30,50,80,208
03/13/2006,MOB,AL,ASO,CE,Combined TRACON& Tower with Radar,22,32,37,79,170,0,2,4,3,9,22,34,41,82,179,0,108,108,287
03/14/2006,MOB,AL,ASO,CE,Combined TRACON& Tower with Radar,15,34,25,69,143,0,3,16,27,46,15,37,41,96,189,1,156,157,346
03/15/2006,MOB,AL,ASO,CE,Combined TRACON& Tower with Radar,9,41,54,74,178,0,4,23,18,45,9,45,77,92,223,46,78,124,347
03/16/2006,MOB,AL,ASO,CE,Combined TRACON& Tower with Radar,15,39,36,132,222,0,3,32,23,58,15,42,68,155,280,20,54,74,354
03/17/2006,MOB,AL,ASO,CE,Combined TRACON& Tower with Radar,12,37,44,46,139,0,2,24,11,37,12,39,68,57,176,27,130,157,333
03/18/2006,MOB,AL,ASO,CE,Combined TRACON& Tower with Radar,17,25,32,18,92,0,7,18,6,31,17,32,50,24,123,26,94,120,243
03/19/2006,MOB,AL,ASO,CE,Combined TRACON& Tower with Radar,17,32,26,29,104,0,0,9,2,11,17,32,35,31,115,4,17,21,136
03/20/2006,MOB,AL,ASO,CE,Combined TRACON& Tower with Radar,12,31,34,39,116,0,2,7,11,20,12,33,41,50,136,0,118,118,254
03/21/2006,MOB,AL,ASO,CE,Combined TRACON& Tower with Radar,14,42,38,87,181,1,3,30,34,68,15,45,68,121,249,6,112,118,367
03/22/2006,MOB,AL,ASO,CE,Combined TRACON& Tower with Radar,15,38,63,128,244,0,5,30,21,56,15,43,93,149,300,52,144,196,496
03/23/2006,MOB,AL,ASO,CE,Combined TRACON& Tower with Radar,11,39,29,133,212,0,1,23,20,44,11,40,52,153,256,32,110,142,398
03/24/2006,MOB,AL,ASO,CE,Combined TRACON& Tower with Radar,13,33,66,102,214,0,11,30,21,62,13,44,96,123,276,68,64,132,408
03/25/2006,MOB,AL,ASO,CE,Combined TRACON& Tower with Radar,10,27,53,21,111,0,4,27,3,34,10,31,80,24,145,68,12,80,225
03/26/2006,MOB,AL,ASO,CE,Combined TRACON& Tower with Radar,11,35,27,34,107,1,6,21,4,32,12,41,48,38,139,60,20,80,219
03/27/2006,MOB,AL,ASO,CE,Combined TRACON& Tower with Radar,17,36,28,65,146,0,1,21,22,44,17,37,49,87,190,31,114,145,335
03/28/2006,MOB,AL,ASO,CE,Combined TRACON& Tower with Radar,8,37,14,117,176,0,2,0,28,30,8,39,14,145,206,45,204,249,455
03/29/2006,MOB,AL,ASO,CE,Combined TRACON& Tower with Radar,14,33,32,58,137,0,3,18,9,30,14,36,50,67,167,52,72,124,291
03/30/2006,MOB,AL,ASO,CE,Combined TRACON& Tower with Radar,24,33,37,136,230,0,3,28,30,61,24,36,65,166,291,64,48,112,403
03/31/2006,MOB,AL,ASO,CE,Combined TRACON& Tower with Radar,13,43,34,62,152,0,1,25,16,42,13,44,59,78,194,78,66,144,338
04/01/2006,MOB,AL,ASO,CE,Combined TRACON& Tower with Radar,6,36,26,3,71,0,5,15,3,23,6,41,41,6,94,24,12,36,130
04/02/2006,MOB,AL,ASO,CE,Combined TRACON& Tower with Radar,15,31,34,31,111,1,2,32,7,42,16,33,66,38,153,17,16,33,186
04/03/2006,MOB,AL,ASO,CE,Combined TRACON& Tower with Radar,12,38,30,82,162,0,10,11,15,36,12,48,41,97,198,8,84,92,290
04/04/2006,MOB,AL,ASO,CE,Combined TRACON& Tower with Radar,12,37,34,72,155,0,0,19,35,54,12,37,53,107,209,30,148,178,387
04/05/2006,MOB,AL,ASO,CE,Combined TRACON& Tower with Radar,12,40,43,51,146,0,1,29,22,52,12,41,72,73,198,10,96,106,304
04/06/2006,MOB,AL,ASO,CE,Combined TRACON& Tower with Radar,10,43,24,83,160,0,1,18,36,55,10,44,42,119,215,6,185,191,406
04/07/2006,MOB,AL,ASO,CE,Combined TRACON& Tower with Radar,18,38,42,111,209,0,3,13,12,28,18,41,55,123,237,16,58,74,311
04/08/2006,MOB,AL,ASO,CE,Combined TRACON& Tower with Radar,8,37,34,7,86,0,0,20,2,22,8,37,54,9,108,18,0,18,126
04/09/2006,MOB,AL,ASO,CE,Combined TRACON& Tower with Radar,14,27,30,6,77,0,7,16,2,25,14,34,46,8,102,10,0,10,112
04/10/2006,MOB,AL,ASO,CE,Combined TRACON& Tower with Radar,11,33,16,66,126,0,10,19,14,43,11,43,35,80,169,34,160,194,363
04/11/2006,MOB,AL,ASO,CE,Combined TRACON& Tower with Radar,6,41,25,155,227,0,3,17,21,41,6,44,42,176,268,44,216,260,528
04/12/2006,MOB,AL,ASO,CE,Combined TRACON& Tower with Radar,23,34,34,74,165,0,1,27,20,48,23,35,61,94,213,1,96,97,310
04/13/2006,MOB,AL,ASO,CE,Combined TRACON& Tower with Radar,7,42,19,53,121,0,2,16,36,54,7,44,35,89,175,43,120,163,338
04/14/2006,MOB,AL,ASO,CE,Combined TRACON& Tower with Radar,7,41,21,39,108,0,1,19,22,42,7,42,40,61,150,14,182,196,346
04/15/2006,MOB,AL,ASO,CE,Combined TRACON& Tower with Radar,9,25,17,1,52,0,5,26,7,38,9,30,43,8,90,2,2,4,94
04/16/2006,MOB,AL,ASO,CE,Combined TRACON& Tower with Radar,14,32,17,5,68,0,0,14,3,17,14,32,31,8,85,0,0,0,85
04/17/2006,MOB,AL,ASO,CE,Combined TRACON& Tower with Radar,15,58,42,97,212,0,0,21,29,50,15,58,63,126,262,12,154,166,428
04/18/2006,MOB,AL,ASO,CE,Combined TRACON& Tower with Radar,8,38,31,108,185,0,2,11,31,44,8,40,42,139,229,14,102,116,345
04/19/2006,MOB,AL,ASO,CE,Combined TRACON& Tower with Radar,13,32,59,94,198,0,8,19,27,54,13,40,78,121,252,28,148,176,428
04/20/2006,MOB,AL,ASO,CE,Combined TRACON& Tower with Radar,10,38,44,101,193,0,2,20,28,50,10,40,64,129,243,38,76,114,357
04/21/2006,MOB,AL,ASO,CE,Combined TRACON& Tower with Radar,15,42,36,52,145,0,1,16,14,31,15,43,52,66,176,0,92,92,268
04/22/2006,MOB,AL,ASO,CE,Combined TRACON& Tower with Radar,8,36,51,18,113,0,0,32,6,38,8,36,83,24,151,12,4,16,167
04/23/2006,MOB,AL,ASO,CE,Combined TRACON& Tower with Radar,10,35,27,26,98,0,2,51,5,58,10,37,78,31,156,10,28,38,194
04/24/2006,MOB,AL,ASO,CE,Combined TRACON& Tower with Radar,16,31,23,127,197,0,5,17,24,46,16,36,40,151,243,36,250,286,529
04/25/2006,MOB,AL,ASO,CE,Combined TRACON& Tower with Radar,14,29,21,70,134,0,7,6,19,32,14,36,27,89,166,14,189,203,369
04/26/2006,MOB,AL,ASO,CE,Combined TRACON& Tower with Radar,20,39,15,46,120,0,0,6,15,21,20,39,21,61,141,16,4,20,161
04/27/2006,MOB,AL,ASO,CE,Combined TRACON& Tower with Radar,15,38,35,99,187,0,0,19,22,41,15,38,54,121,228,2,206,208,436
04/28/2006,MOB,AL,ASO,CE,Combined TRACON& Tower with Radar,9,47,51,96,203,0,5,31,14,50,9,52,82,110,253,122,71,193,446
04/29/2006,MOB,AL,ASO,CE,Combined TRACON& Tower with Radar,8,27,31,4,70,0,1,13,3,17,8,28,44,7,87,0,0,0,87
04/30/2006,MOB,AL,ASO,CE,Combined TRACON& Tower with Radar,10,34,11,3,58,0,0,1,2,3,10,34,12,5,61,0,0,0,61
05/01/2006,MOB,AL,ASO,CE,Combined TRACON& Tower with Radar,8,40,27,112,187,0,6,12,25,43,8,46,39,137,230,12,376,388,618
05/02/2006,MOB,AL,ASO,CE,Combined TRACON& Tower with Radar,17,35,37,173,262,0,2,19,22,43,17,37,56,195,305,20,258,278,583
05/03/2006,MOB,AL,ASO,CE,Combined TRACON& Tower with Radar,19,34,55,134,242,0,2,26,26,54,19,36,81,160,296,72,126,198,494
05/04/2006,MOB,AL,ASO,CE,Combined TRACON& Tower with Radar,17,34,51,142,244,0,2,21,26,49,17,36,72,168,293,24,272,296,589
05/05/2006,MOB,AL,ASO,CE,Combined TRACON& Tower with Radar,16,31,30,64,141,0,6,9,3,18,16,37,39,67,159,5,42,47,206
05/06/2006,MOB,AL,ASO,CE,Combined TRACON& Tower with Radar,8,27,17,0,52,0,4,32,2,38,8,31,49,2,90,0,0,0,90
05/07/2006,MOB,AL,ASO,CE,Combined TRACON& Tower with Radar,10,36,18,6,70,0,0,20,1,21,10,36,38,7,91,4,18,22,113
05/08/2006,MOB,AL,ASO,CE,Combined TRACON& Tower with Radar,22,27,20,50,119,0,2,11,20,33,22,29,31,70,152,10,208,218,370
05/09/2006,MOB,AL,ASO,CE,Combined TRACON& Tower with Radar,20,30,23,49,122,0,1,9,26,36,20,31,32,75,158,32,255,287,445
05/10/2006,MOB,AL,ASO,CE,Combined TRACON& Tower with Radar,10,53,47,47,157,0,1,20,17,38,10,54,67,64,195,0,175,175,370
05/11/2006,MOB,AL,ASO,CE,Combined TRACON& Tower with Radar,19,33,30,60,142,0,1,29,21,51,19,34,59,81,193,0,334,334,527
05/12/2006,MOB,AL,ASO,CE,Combined TRACON& Tower with Radar,23,34,58,77,192,0,3,26,13,42,23,37,84,90,234,36,38,74,308
05/13/2006,MOB,AL,ASO,CE,Combined TRACON& Tower with Radar,8,28,47,6,89,0,2,39,4,45,8,30,86,10,134,16,32,48,182
05/14/2006,MOB,AL,ASO,CE,Combined TRACON& Tower with Radar,12,32,31,14,89,0,1,15,8,24,12,33,46,22,113,12,8,20,133
05/15/2006,MOB,AL,ASO,CE,Combined TRACON& Tower with Radar,25,25,26,77,153,0,5,22,29,56,25,30,48,106,209,44,146,190,399
05/16/2006,MOB,AL,ASO,CE,Combined TRACON& Tower with Radar,10,33,27,41,111,0,4,14,31,49,10,37,41,72,160,0,178,178,338
05/17/2006,MOB,AL,ASO,CE,Combined TRACON& Tower with Radar,15,36,23,41,115,0,0,12,23,35,15,36,35,64,150,16,184,200,350
05/18/2006,MOB,AL,ASO,CE,Combined TRACON& Tower with Radar,16,36,28,44,124,0,2,21,27,50,16,38,49,71,174,38,216,254,428
05/19/2006,MOB,AL,ASO,CE,Combined TRACON& Tower with Radar,11,43,42,63,159,0,6,43,30,79,11,49,85,93,238,86,178,264,502
05/20/2006,MOB,AL,ASO,CE,Combined TRACON& Tower with Radar,8,25,20,9,62,0,1,25,15,41,8,26,45,24,103,108,6,114,217
05/21/2006,MOB,AL,ASO,CE,Combined TRACON& Tower with Radar,10,36,29,13,88,0,0,15,3,18,10,36,44,16,106,14,20,34,140
05/22/2006,MOB,AL,ASO,CE,Combined TRACON& Tower with Radar,10,40,22,65,137,0,1,16,19,36,10,41,38,84,173,36,80,116,289
05/23/2006,MOB,AL,ASO,CE,Combined TRACON& Tower with Radar,7,45,50,76,178,0,3,30,46,79,7,48,80,122,257,90,244,334,591
05/24/2006,MOB,AL,ASO,CE,Combined TRACON& Tower with Radar,15,38,48,56,157,0,1,26,25,52,15,39,74,81,209,102,112,214,423
05/25/2006,MOB,AL,ASO,CE,Combined TRACON& Tower with Radar,14,35,30,112,191,0,0,21,25,46,14,35,51,137,237,32,222,254,491
05/26/2006,MOB,AL,ASO,CE,Combined TRACON& Tower with Radar,5,52,27,37,121,0,8,18,27,53,5,60,45,64,174,24,102,126,300
05/27/2006,MOB,AL,ASO,CE,Combined TRACON& Tower with Radar,7,31,43,0,81,0,5,29,9,43,7,36,72,9,124,0,0,0,124
05/28/2006,MOB,AL,ASO,CE,Combined TRACON& Tower with Radar,17,29,25,4,75,0,1,9,2,12,17,30,34,6,87,4,0,4,91
05/29/2006,MOB,AL,ASO,CE,Combined TRACON& Tower with Radar,13,25,18,0,56,0,1,9,10,20,13,26,27,10,76,8,0,8,84
05/30/2006,MOB,AL,ASO,CE,Combined TRACON& Tower with Radar,9,31,23,55,118,2,1,19,29,51,11,32,42,84,169,32,127,159,328
05/31/2006,MOB,AL,ASO,CE,Combined TRACON& Tower with Radar,17,33,39,37,126,0,4,30,21,55,17,37,69,58,181,52,131,183,364
06/01/2006,MOB,AL,ASO,CE,Combined TRACON& Tower with Radar,17,33,35,59,144,0,1,17,21,39,17,34,52,80,183,26,63,89,272
06/02/2006,MOB,AL,ASO,CE,Combined TRACON& Tower with Radar,15,36,20,26,97,0,1,9,11,21,15,37,29,37,118,2,26,28,146
06/03/2006,MOB,AL,ASO,CE,Combined TRACON& Tower with Radar,9,34,57,15,115,0,3,33,12,48,9,37,90,27,163,32,116,148,311
06/04/2006,MOB,AL,ASO,CE,Combined TRACON& Tower with Radar,22,25,47,25,119,0,0,31,12,43,22,25,78,37,162,12,60,72,234
06/05/2006,MOB,AL,ASO,CE,Combined TRACON& Tower with Radar,17,31,29,41,118,0,1,21,16,38,17,32,50,57,156,40,146,186,342
06/06/2006,MOB,AL,ASO,CE,Combined TRACON& Tower with Radar,13,35,24,65,137,0,2,15,20,37,13,37,39,85,174,68,62,130,304
06/07/2006,MOB,AL,ASO,CE,Combined TRACON& Tower with Radar,12,45,49,90,196,0,3,25,31,59,12,48,74,121,255,16,100,116,371
06/08/2006,MOB,AL,ASO,CE,Combined TRACON& Tower with Radar,9,39,33,53,134,0,0,19,30,49,9,39,52,83,183,24,128,152,335
06/09/2006,MOB,AL,ASO,CE,Combined TRACON& Tower with Radar,12,38,54,78,182,0,2,23,25,50,12,40,77,103,232,16,108,124,356
06/10/2006,MOB,AL,ASO,CE,Combined TRACON& Tower with Radar,7,29,31,15,82,0,3,31,7,41,7,32,62,22,123,8,6,14,137
06/11/2006,MOB,AL,ASO,CE,Combined TRACON& Tower with Radar,8,35,39,16,98,0,4,16,4,24,8,39,55,20,122,14,8,22,144
06/12/2006,MOB,AL,ASO,CE,Combined TRACON& Tower with Radar,11,34,20,50,115,0,3,16,17,36,11,37,36,67,151,4,59,63,214
06/13/2006,MOB,AL,ASO,CE,Combined TRACON& Tower with Radar,10,33,25,33,101,0,7,19,29,55,10,40,44,62,156,0,108,108,264
06/14/2006,MOB,AL,ASO,CE,Combined TRACON& Tower with Radar,14,40,30,126,210,0,1,27,46,74,14,41,57,172,284,62,146,208,492
06/15/2006,MOB,AL,ASO,CE,Combined TRACON& Tower with Radar,9,42,36,45,132,0,1,15,23,39,9,43,51,68,171,22,114,136,307
06/16/2006,MOB,AL,ASO,CE,Combined TRACON& Tower with Radar,15,36,47,88,186,0,2,30,18,50,15,38,77,106,236,46,122,168,404
06/17/2006,MOB,AL,ASO,CE,Combined TRACON& Tower with Radar,4,37,40,13,94,0,4,20,6,30,4,41,60,19,124,56,18,74,198
06/18/2006,MOB,AL,ASO,CE,Combined TRACON& Tower with Radar,7,42,13,1,63,0,2,12,0,14,7,44,25,1,77,22,0,22,99
06/19/2006,MOB,AL,ASO,CE,Combined TRACON& Tower with Radar,8,36,23,81,148,0,3,13,24,40,8,39,36,105,188,56,226,282,470
06/20/2006,MOB,AL,ASO,CE,Combined TRACON& Tower with Radar,13,33,19,104,169,0,10,17,24,51,13,43,36,128,220,8,11,19,239
06/21/2006,MOB,AL,ASO,CE,Combined TRACON& Tower with Radar,17,37,43,72,169,0,4,30,23,57,17,41,73,95,226,52,100,152,378
06/22/2006,MOB,AL,ASO,CE,Combined TRACON& Tower with Radar,8,35,38,70,151,0,2,14,17,33,8,37,52,87,184,0,76,76,260
06/23/2006,MOB,AL,ASO,CE,Combined TRACON& Tower with Radar,9,34,23,22,88,0,8,14,24,46,9,42,37,46,134,2,10,12,146
06/24/2006,MOB,AL,ASO,CE,Combined TRACON& Tower with Radar,7,29,19,9,64,0,7,17,3,27,7,36,36,12,91,1120,2,1122,1213
06/25/2006,MOB,AL,ASO,CE,Combined TRACON& Tower with Radar,16,31,17,22,86,0,1,22,9,32,16,32,39,31,118,4,12,16,134
06/26/2006,MOB,AL,ASO,CE,Combined TRACON& Tower with Radar,9,35,24,26,94,1,3,10,24,38,10,38,34,50,132,0,147,147,279
06/27/2006,MOB,AL,ASO,CE,Combined TRACON& Tower with Radar,4,50,25,32,111,0,2,14,37,53,4,52,39,69,164,0,76,76,240
06/28/2006,MOB,AL,ASO,CE,Combined TRACON& Tower with Radar,16,42,61,121,240,0,1,29,53,83,16,43,90,174,323,66,138,204,527
06/29/2006,MOB,AL,ASO,CE,Combined TRACON& Tower with Radar,10,41,48,61,160,0,1,26,28,55,10,42,74,89,215,28,108,136,351
06/30/2006,MOB,AL,ASO,CE,Combined TRACON& Tower with Radar,11,40,48,31,130,0,5,36,22,63,11,45,84,53,193,31,76,107,300
07/01/2006,MOB,AL,ASO,CE,Combined TRACON& Tower with Radar,3,35,24,3,65,0,6,23,5,34,3,41,47,8,99,30,0,30,129
07/02/2006,MOB,AL,ASO,CE,Combined TRACON& Tower with Radar,8,36,21,7,72,0,3,9,2,14,8,39,30,9,86,0,4,4,90
07/03/2006,MOB,AL,ASO,CE,Combined TRACON& Tower with Radar,13,28,18,2,61,0,5,11,3,19,13,33,29,5,80,42,60,102,182
07/04/2006,MOB,AL,ASO,CE,Combined TRACON& Tower with Radar,10,31,14,0,55,0,3,13,3,19,10,34,27,3,74,48,0,48,122
07/05/2006,MOB,AL,ASO,CE,Combined TRACON& Tower with Radar,13,31,43,56,143,0,2,19,10,31,13,33,62,66,174,2,122,124,298
07/06/2006,MOB,AL,ASO,CE,Combined TRACON& Tower with Radar,7,36,30,28,101,0,7,10,4,21,7,43,40,32,122,28,154,182,304
07/07/2006,MOB,AL,ASO,CE,Combined TRACON& Tower with Radar,17,40,37,79,173,0,3,30,19,52,17,43,67,98,225,14,96,110,335
07/08/2006,MOB,AL,ASO,CE,Combined TRACON& Tower with Radar,10,32,17,9,68,0,2,24,9,35,10,34,41,18,103,38,7,45,148
07/09/2006,MOB,AL,ASO,CE,Combined TRACON& Tower with Radar,11,29,39,16,95,0,5,35,4,44,11,34,74,20,139,26,22,48,187
07/10/2006,MOB,AL,ASO,CE,Combined TRACON& Tower with Radar,8,39,24,78,149,0,5,19,20,44,8,44,43,98,193,14,120,134,327
07/11/2006,MOB,AL,ASO,CE,Combined TRACON& Tower with Radar,11,32,15,82,140,0,0,11,28,39,11,32,26,110,179,0,150,150,329
07/12/2006,MOB,AL,ASO,CE,Combined TRACON& Tower with Radar,14,37,44,90,185,0,2,26,30,58,14,39,70,120,243,20,182,202,445
07/13/2006,MOB,AL,ASO,CE,Combined TRACON& Tower with Radar,11,43,29,44,127,0,1,26,23,50,11,44,55,67,177,38,120,158,335
07/14/2006,MOB,AL,ASO,CE,Combined TRACON& Tower with Radar,21,38,24,71,154,0,5,16,27,48,21,43,40,98,202,24,130,154,356
07/15/2006,MOB,AL,ASO,CE,Combined TRACON& Tower with Radar,6,34,24,22,86,0,4,33,14,51,6,38,57,36,137,16,108,124,261
07/16/2006,MOB,AL,ASO,CE,Combined TRACON& Tower with Radar,11,41,39,0,91,0,3,28,5,36,11,44,67,5,127,16,6,22,149
07/17/2006,MOB,AL,ASO,CE,Combined TRACON& Tower with Radar,12,34,24,55,125,0,2,16,13,31,12,36,40,68,156,22,72,94,250
07/18/2006,MOB,AL,ASO,CE,Combined TRACON& Tower with Radar,15,40,19,80,154,0,0,21,27,48,15,40,40,107,202,34,190,224,426
07/19/2006,MOB,AL,ASO,CE,Combined TRACON& Tower with Radar,14,38,24,93,169,0,0,18,21,39,14,38,42,114,208,6,124,130,338
07/20/2006,MOB,AL,ASO,CE,Combined TRACON& Tower with Radar,9,36,22,82,149,0,0,8,27,35,9,36,30,109,184,12,190,202,386
07/21/2006,MOB,AL,ASO,CE,Combined TRACON& Tower with Radar,9,32,37,105,183,0,4,19,9,32,9,36,56,114,215,28,188,216,431
07/22/2006,MOB,AL,ASO,CE,Combined TRACON& Tower with Radar,7,31,30,0,68,0,2,20,4,26,7,33,50,4,94,8,0,8,102
07/23/2006,MOB,AL,ASO,CE,Combined TRACON& Tower with Radar,7,36,17,3,63,0,1,13,1,15,7,37,30,4,78,24,20,44,122
07/24/2006,MOB,AL,ASO,CE,Combined TRACON& Tower with Radar,9,39,21,11,80,0,4,7,14,25,9,43,28,25,105,16,72,88,193
07/25/2006,MOB,AL,ASO,CE,Combined TRACON& Tower with Radar,6,40,10,79,135,0,11,10,49,70,6,51,20,128,205,0,252,252,457
07/26/2006,MOB,AL,ASO,CE,Combined TRACON& Tower with Radar,10,42,53,136,241,0,6,21,32,59,10,48,74,168,300,46,174,220,520
07/27/2006,MOB,AL,ASO,CE,Combined TRACON& Tower with Radar,10,38,47,109,204,0,3,15,9,27,10,41,62,118,231,56,92,148,379
07/28/2006,MOB,AL,ASO,CE,Combined TRACON& Tower with Radar,15,30,35,57,137,0,3,27,20,50,15,33,62,77,187,12,152,164,351
07/29/2006,MOB,AL,ASO,CE,Combined TRACON& Tower with Radar,5,33,19,2,59,0,7,15,0,22,5,40,34,2,81,42,12,54,135
07/30/2006,MOB,AL,ASO,CE,Combined TRACON& Tower with Radar,10,34,45,6,95,0,9,20,11,40,10,43,65,17,135,18,0,18,153
07/31/2006,MOB,AL,ASO,CE,Combined TRACON& Tower with Radar,10,34,22,41,107,0,3,8,15,26,10,37,30,56,133,10,125,135,268
08/01/2006,MOB,AL,ASO,CE,Combined TRACON& Tower with Radar,11,37,25,68,141,0,2,9,15,26,11,39,34,83,167,100,146,246,413
08/02/2006,MOB,AL,ASO,CE,Combined TRACON& Tower with Radar,15,40,40,75,170,0,0,19,31,50,15,40,59,106,220,40,247,287,507
08/03/2006,MOB,AL,ASO,CE,Combined TRACON& Tower with Radar,21,29,35,89,174,0,0,18,15,33,21,29,53,104,207,26,202,228,435
08/04/2006,MOB,AL,ASO,CE,Combined TRACON& Tower with Radar,11,34,25,26,96,0,2,10,2,14,11,36,35,28,110,23,34,57,167
08/05/2006,MOB,AL,ASO,CE,Combined TRACON& Tower with Radar,8,29,39,35,111,0,6,22,11,39,8,35,61,46,150,48,10,58,208
08/06/2006,MOB,AL,ASO,CE,Combined TRACON& Tower with Radar,16,33,30,13,92,0,1,33,8,42,16,34,63,21,134,28,0,28,162
08/07/2006,MOB,AL,ASO,CE,Combined TRACON& Tower with Radar,12,34,19,34,99,0,4,15,20,39,12,38,34,54,138,20,168,188,326
08/08/2006,MOB,AL,ASO,CE,Combined TRACON& Tower with Radar,13,31,38,112,194,0,0,13,23,36,13,31,51,135,230,14,120,134,364
08/09/2006,MOB,AL,ASO,CE,Combined TRACON& Tower with Radar,20,38,28,55,141,0,0,19,24,43,20,38,47,79,184,14,210,224,408
08/10/2006,MOB,AL,ASO,CE,Combined TRACON& Tower with Radar,7,36,39,99,181,0,3,19,19,41,7,39,58,118,222,34,250,284,506
08/11/2006,MOB,AL,ASO,CE,Combined TRACON& Tower with Radar,14,33,23,105,175,0,2,12,18,32,14,35,35,123,207,6,130,136,343
08/12/2006,MOB,AL,ASO,CE,Combined TRACON& Tower with Radar,14,40,56,20,130,0,8,30,6,44,14,48,86,26,174,78,14,92,266
08/13/2006,MOB,AL,ASO,CE,Combined TRACON& Tower with Radar,12,39,17,66,134,0,1,22,11,34,12,40,39,77,168,16,50,66,234
08/14/2006,MOB,AL,ASO,CE,Combined TRACON& Tower with Radar,11,40,36,141,228,0,2,10,7,19,11,42,46,148,247,10,152,162,409
08/15/2006,MOB,AL,ASO,CE,Combined TRACON& Tower with Radar,8,34,24,81,147,0,2,8,25,35,8,36,32,106,182,2,64,66,248
08/16/2006,MOB,AL,ASO,CE,Combined TRACON& Tower with Radar,16,44,52,141,253,0,3,30,26,59,16,47,82,167,312,12,182,194,506
08/17/2006,MOB,AL,ASO,CE,Combined TRACON& Tower with Radar,18,42,42,137,239,0,2,23,20,45,18,44,65,157,284,54,262,316,600
08/18/2006,MOB,AL,ASO,CE,Combined TRACON& Tower with Radar,19,38,42,145,244,0,4,26,19,49,19,42,68,164,293,74,336,410,703
08/19/2006,MOB,AL,ASO,CE,Combined TRACON& Tower with Radar,8,37,55,43,143,0,4,32,6,42,8,41,87,49,185,72,58,130,315
08/20/2006,MOB,AL,ASO,CE,Combined TRACON& Tower with Radar,15,41,52,22,130,1,3,23,9,36,16,44,75,31,166,46,26,72,238
08/21/2006,MOB,AL,ASO,CE,Combined TRACON& Tower with Radar,14,36,15,66,131,0,5,10,18,33,14,41,25,84,164,2,214,216,380
08/22/2006,MOB,AL,ASO,CE,Combined TRACON& Tower with Radar,9,32,15,87,143,0,0,4,43,47,9,32,19,130,190,6,90,96,286
08/23/2006,MOB,AL,ASO,CE,Combined TRACON& Tower with Radar,11,42,58,108,219,0,4,14,31,49,11,46,72,139,268,14,222,236,504
08/24/2006,MOB,AL,ASO,CE,Combined TRACON& Tower with Radar,21,41,38,66,166,0,3,16,29,48,21,44,54,95,214,42,137,179,393
08/25/2006,MOB,AL,ASO,CE,Combined TRACON& Tower with Radar,10,38,31,62,141,0,14,6,14,34,10,52,37,76,175,36,136,172,347
08/26/2006,MOB,AL,ASO,CE,Combined TRACON& Tower with Radar,10,30,27,23,90,0,5,17,7,29,10,35,44,30,119,12,2,14,133
08/27/2006,MOB,AL,ASO,CE,Combined TRACON& Tower with Radar,20,33,24,24,101,0,0,24,11,35,20,33,48,35,136,28,48,76,212
08/28/2006,MOB,AL,ASO,CE,Combined TRACON& Tower with Radar,13,36,49,104,202,0,2,16,32,50,13,38,65,136,252,14,210,224,476
08/29/2006,MOB,AL,ASO,CE,Combined TRACON& Tower with Radar,6,12,4,53,75,0,31,51,0,82,6,43,55,53,157,18,96,114,271
08/30/2006,MOB,AL,ASO,CE,Combined TRACON& Tower with Radar,11,38,44,89,182,0,2,20,39,61,11,40,64,128,243,38,112,150,393
08/31/2006,MOB,AL,ASO,CE,Combined TRACON& Tower with Radar,16,40,46,147,249,0,2,21,33,56,16,42,67,180,305,26,186,212,517
09/01/2006,MOB,AL,ASO,CE,Combined TRACON& Tower with Radar,14,37,51,40,142,0,2,22,20,44,14,39,73,60,186,54,68,122,308
09/02/2006,MOB,AL,ASO,CE,Combined TRACON& Tower with Radar,11,38,32,5,86,0,3,31,1,35,11,41,63,6,121,22,8,30,151
09/03/2006,MOB,AL,ASO,CE,Combined TRACON& Tower with Radar,12,31,19,0,62,0,0,0,4,4,12,31,19,4,66,30,0,30,96
09/04/2006,MOB,AL,ASO,CE,Combined TRACON& Tower with Radar,13,43,18,3,77,0,2,25,1,28,13,45,43,4,105,14,16,30,135
09/05/2006,MOB,AL,ASO,CE,Combined TRACON& Tower with Radar,6,41,29,85,161,0,2,8,30,40,6,43,37,115,201,4,136,140,341
09/06/2006,MOB,AL,ASO,CE,Combined TRACON& Tower with Radar,12,39,49,113,213,1,2,22,21,46,13,41,71,134,259,28,96,124,383
09/07/2006,MOB,AL,ASO,CE,Combined TRACON& Tower with Radar,16,73,38,92,219,0,3,24,19,46,16,76,62,111,265,54,74,128,393
09/08/2006,MOB,AL,ASO,CE,Combined TRACON& Tower with Radar,11,56,25,33,125,0,5,27,8,40,11,61,52,41,165,38,22,60,225
09/09/2006,MOB,AL,ASO,CE,Combined TRACON& Tower with Radar,9,35,38,25,107,0,3,20,9,32,9,38,58,34,139,46,22,68,207
09/10/2006,MOB,AL,ASO,CE,Combined TRACON& Tower with Radar,8,45,28,16,97,0,0,17,0,17,8,45,45,16,114,14,58,72,186
09/11/2006,MOB,AL,ASO,CE,Combined TRACON& Tower with Radar,14,39,41,44,138,0,1,6,20,27,14,40,47,64,165,6,240,246,411
09/12/2006,MOB,AL,ASO,CE,Combined TRACON& Tower with Radar,12,38,22,48,120,0,0,7,17,24,12,38,29,65,144,28,150,178,322
09/13/2006,MOB,AL,ASO,CE,Combined TRACON& Tower with Radar,10,42,50,105,207,0,5,15,25,45,10,47,65,130,252,30,273,303,555
09/14/2006,MOB,AL,ASO,CE,Combined TRACON& Tower with Radar,15,43,52,76,186,0,2,32,33,67,15,45,84,109,253,39,175,214,467
09/15/2006,MOB,AL,ASO,CE,Combined TRACON& Tower with Radar,11,42,50,58,161,0,6,29,31,66,11,48,79,89,227,6,80,86,313
09/16/2006,MOB,AL,ASO,CE,Combined TRACON& Tower with Radar,6,34,24,13,77,0,5,21,6,32,6,39,45,19,109,24,8,32,141
09/17/2006,MOB,AL,ASO,CE,Combined TRACON& Tower with Radar,11,35,31,18,95,0,6,21,3,30,11,41,52,21,125,46,10,56,181
09/18/2006,MOB,AL,ASO,CE,Combined TRACON& Tower with Radar,16,36,23,30,105,0,0,6,15,21,16,36,29,45,126,0,128,128,254
09/19/2006,MOB,AL,ASO,CE,Combined TRACON& Tower with Radar,7,36,24,87,154,0,0,5,21,26,7,36,29,108,180,6,110,116,296
09/20/2006,MOB,AL,ASO,CE,Combined TRACON& Tower with Radar,19,35,25,152,231,0,3,18,23,44,19,38,43,175,275,18,190,208,483
09/21/2006,MOB,AL,ASO,CE,Combined TRACON& Tower with Radar,15,41,32,84,172,0,4,24,19,47,15,45,56,103,219,5,83,88,307
09/22/2006,MOB,AL,ASO,CE,Combined TRACON& Tower with Radar,15,39,30,8,92,0,0,14,10,24,15,39,44,18,116,12,168,180,296
09/23/2006,MOB,AL,ASO,CE,Combined TRACON& Tower with Radar,4,30,37,2,73,0,12,18,6,36,4,42,55,8,109,26,10,36,145
09/24/2006,MOB,AL,ASO,CE,Combined TRACON& Tower with Radar,12,42,25,4,83,0,9,21,1,31,12,51,46,5,114,4,11,15,129
09/25/2006,MOB,AL,ASO,CE,Combined TRACON& Tower with Radar,10,47,26,91,174,0,5,17,20,42,10,52,43,111,216,24,147,171,387
09/26/2006,MOB,AL,ASO,CE,Combined TRACON& Tower with Radar,11,43,45,105,204,0,3,24,21,48,11,46,69,126,252,22,336,358,610
09/27/2006,MOB,AL,ASO,CE,Combined TRACON& Tower with Radar,21,36,46,157,260,0,6,35,45,86,21,42,81,202,346,54,274,328,674
09/28/2006,MOB,AL,ASO,CE,Combined TRACON& Tower with Radar,13,43,43,102,201,0,6,21,28,55,13,49,64,130,256,84,110,194,450
09/29/2006,MOB,AL,ASO,CE,Combined TRACON& Tower with Radar,11,43,43,24,121,0,3,30,20,53,11,46,73,44,174,60,112,172,346
09/30/2006,MOB,AL,ASO,CE,Combined TRACON& Tower with Radar,1,3,19,0,23,0,46,0,5,51,1,49,19,5,74,2,2,4,78
10/01/2006,MOB,AL,ASO,CE,Combined TRACON& Tower with Radar,6,40,38,1,85,0,5,13,2,20,6,45,51,3,105,40,2,42,147
10/02/2006,MOB,AL,ASO,CE,Combined TRACON& Tower with Radar,20,40,49,179,288,0,4,19,25,48,20,44,68,204,336,20,346,366,702
10/03/2006,MOB,AL,ASO,CE,Combined TRACON& Tower with Radar,21,38,42,118,219,0,0,25,41,66,21,38,67,159,285,132,130,262,547
10/04/2006,MOB,AL,ASO,CE,Combined TRACON& Tower with Radar,11,49,35,152,247,0,2,22,37,61,11,51,57,189,308,60,256,316,624
10/05/2006,MOB,AL,ASO,CE,Combined TRACON& Tower with Radar,17,37,42,78,174,0,1,16,35,52,17,38,58,113,226,34,186,220,446
10/06/2006,MOB,AL,ASO,CE,Combined TRACON& Tower with Radar,9,45,48,108,210,0,5,27,27,59,9,50,75,135,269,22,114,136,405
10/07/2006,MOB,AL,ASO,CE,Combined TRACON& Tower with Radar,8,37,28,12,85,0,3,27,0,30,8,40,55,12,115,12,0,12,127
10/08/2006,MOB,AL,ASO,CE,Combined TRACON& Tower with Radar,9,40,39,11,99,0,1,32,2,35,9,41,71,13,134,55,13,68,202
10/09/2006,MOB,AL,ASO,CE,Combined TRACON& Tower with Radar,10,42,57,19,128,0,1,24,6,31,10,43,81,25,159,0,0,0,159
10/10/2006,MOB,AL,ASO,CE,Combined TRACON& Tower with Radar,19,31,35,117,202,0,1,27,31,59,19,32,62,148,261,86,208,294,555
10/11/2006,MOB,AL,ASO,CE,Combined TRACON& Tower with Radar,10,44,45,113,212,0,5,17,20,42,10,49,62,133,254,38,118,156,410
10/12/2006,MOB,AL,ASO,CE,Combined TRACON& Tower with Radar,33,45,45,98,221,0,9,35,32,76,33,54,80,130,297,10,214,224,521
10/13/2006,MOB,AL,ASO,CE,Combined TRACON& Tower with Radar,14,39,44,61,158,0,1,24,17,42,14,40,68,78,200,34,68,102,302
10/14/2006,MOB,AL,ASO,CE,Combined TRACON& Tower with Radar,8,38,33,19,98,0,5,30,3,38,8,43,63,22,136,28,18,46,182
10/15/2006,MOB,AL,ASO,CE,Combined TRACON& Tower with Radar,22,32,32,10,96,0,5,27,3,35,22,37,59,13,131,8,16,24,155
10/16/2006,MOB,AL,ASO,CE,Combined TRACON& Tower with Radar,9,34,27,7,77,0,0,1,0,1,9,34,28,7,78,0,34,34,112
10/17/2006,MOB,AL,ASO,CE,Combined TRACON& Tower with Radar,20,31,18,93,162,0,3,9,23,35,20,34,27,116,197,8,160,168,365
10/18/2006,MOB,AL,ASO,CE,Combined TRACON& Tower with Radar,16,59,47,199,321,0,4,10,25,39,16,63,57,224,360,62,296,358,718
10/19/2006,MOB,AL,ASO,CE,Combined TRACON& Tower with Radar,10,39,29,88,166,0,0,10,10,20,10,39,39,98,186,2,102,104,290
10/20/2006,MOB,AL,ASO,CE,Combined TRACON& Tower with Radar,15,41,45,72,173,0,3,20,22,45,15,44,65,94,218,6,186,192,410
10/21/2006,MOB,AL,ASO,CE,Combined TRACON& Tower with Radar,4,40,12,4,60,0,1,0,6,7,4,41,12,10,67,24,2,26,93
10/22/2006,MOB,AL,ASO,CE,Combined TRACON& Tower with Radar,12,37,17,14,80,0,2,9,6,17,12,39,26,20,97,7,8,15,112
10/23/2006,MOB,AL,ASO,CE,Combined TRACON& Tower with Radar,13,38,18,79,148,0,5,19,36,60,13,43,37,115,208,0,150,150,358
10/24/2006,MOB,AL,ASO,CE,Combined TRACON& Tower with Radar,8,37,27,76,148,0,1,11,32,44,8,38,38,108,192,20,264,284,476
10/25/2006,MOB,AL,ASO,CE,Combined TRACON& Tower with Radar,23,43,51,124,241,0,2,28,23,53,23,45,79,147,294,56,312,368,662
10/26/2006,MOB,AL,ASO,CE,Combined TRACON& Tower with Radar,13,35,35,80,163,0,1,14,7,22,13,36,49,87,185,10,48,58,243
10/27/2006,MOB,AL,ASO,CE,Combined TRACON& Tower with Radar,20,39,23,22,104,0,0,4,4,8,20,39,27,26,112,0,34,34,146
10/28/2006,MOB,AL,ASO,CE,Combined TRACON& Tower with Radar,10,29,29,17,85,0,8,26,8,42,10,37,55,25,127,18,0,18,145
10/29/2006,MOB,AL,ASO,CE,Combined TRACON& Tower with Radar,18,38,41,49,146,0,4,34,15,53,18,42,75,64,199,30,56,86,285
10/30/2006,MOB,AL,ASO,CE,Combined TRACON& Tower with Radar,15,39,25,48,127,0,5,13,21,39,15,44,38,69,166,44,154,198,364
10/31/2006,MOB,AL,ASO,CE,Combined TRACON& Tower with Radar,14,34,26,71,145,0,0,12,18,30,14,34,38,89,175,80,168,248,423
11/01/2006,MOB,AL,ASO,CE,Combined TRACON& Tower with Radar,19,38,47,89,193,0,3,23,17,43,19,41,70,106,236,62,234,296,532
11/02/2006,MOB,AL,ASO,CE,Combined TRACON& Tower with Radar,12,45,28,101,186,0,3,13,24,40,12,48,41,125,226,14,186,200,426
11/03/2006,MOB,AL,ASO,CE,Combined TRACON& Tower with Radar,14,43,22,68,147,0,6,25,24,55,14,49,47,92,202,45,134,179,381
11/04/2006,MOB,AL,ASO,CE,Combined TRACON& Tower with Radar,5,43,23,21,92,0,2,23,9,34,5,45,46,30,126,30,0,30,156
11/05/2006,MOB,AL,ASO,CE,Combined TRACON& Tower with Radar,15,38,36,42,131,0,6,33,6,45,15,44,69,48,176,20,52,72,248
11/06/2006,MOB,AL,ASO,CE,Combined TRACON& Tower with Radar,11,38,19,23,91,0,0,1,3,4,11,38,20,26,95,0,10,10,105
11/07/2006,MOB,AL,ASO,CE,Combined TRACON& Tower with Radar,11,34,14,16,75,0,4,4,76,84,11,38,18,92,159,18,134,152,311
11/08/2006,MOB,AL,ASO,CE,Combined TRACON& Tower with Radar,14,40,46,84,184,0,6,18,27,51,14,46,64,111,235,66,220,286,521
11/09/2006,MOB,AL,ASO,CE,Combined TRACON& Tower with Radar,18,36,38,68,160,0,5,22,21,48,18,41,60,89,208,42,154,196,404
11/10/2006,MOB,AL,ASO,CE,Combined TRACON& Tower with Radar,17,44,48,40,149,0,4,25,9,38,17,48,73,49,187,26,14,40,227
11/11/2006,MOB,AL,ASO,CE,Combined TRACON& Tower with Radar,7,36,25,40,108,0,1,13,5,19,7,37,38,45,127,16,1,17,144
11/12/2006,MOB,AL,ASO,CE,Combined TRACON& Tower with Radar,14,37,26,20,97,0,6,29,10,45,14,43,55,30,142,26,42,68,210
11/13/2006,MOB,AL,ASO,CE,Combined TRACON& Tower with Radar,18,41,60,86,205,0,2,17,32,51,18,43,77,118,256,38,272,310,566
11/14/2006,MOB,AL,ASO,CE,Combined TRACON& Tower with Radar,18,34,34,110,196,0,2,11,15,28,18,36,45,125,224,0,296,296,520
11/15/2006,MOB,AL,ASO,CE,Combined TRACON& Tower with Radar,6,35,25,31,97,0,3,6,5,14,6,38,31,36,111,0,142,142,253
11/16/2006,MOB,AL,ASO,CE,Combined TRACON& Tower with Radar,13,46,50,65,174,0,0,35,39,74,13,46,85,104,248,64,182,246,494
11/17/2006,MOB,AL,ASO,CE,Combined TRACON& Tower with Radar,17,55,43,92,207,0,5,28,27,60,17,60,71,119,267,18,52,70,337
11/18/2006,MOB,AL,ASO,CE,Combined TRACON& Tower with Radar,16,29,31,32,108,0,4,25,5,34,16,33,56,37,142,66,14,80,222
11/19/2006,MOB,AL,ASO,CE,Combined TRACON& Tower with Radar,18,37,29,17,101,0,3,23,9,35,18,40,52,26,136,56,6,62,198
11/20/2006,MOB,AL,ASO,CE,Combined TRACON& Tower with Radar,17,35,27,114,193,0,0,20,28,48,17,35,47,142,241,22,122,144,385
11/21/2006,MOB,AL,ASO,CE,Combined TRACON& Tower with Radar,19,40,38,68,165,0,1,12,28,41,19,41,50,96,206,12,177,189,395
11/22/2006,MOB,AL,ASO,CE,Combined TRACON& Tower with Radar,23,43,52,52,170,0,0,38,20,58,23,43,90,72,228,38,64,102,330
11/23/2006,MOB,AL,ASO,CE,Combined TRACON& Tower with Radar,10,33,16,0,59,0,2,17,2,21,10,35,33,2,80,12,0,12,92
11/24/2006,MOB,AL,ASO,CE,Combined TRACON& Tower with Radar,8,34,25,0,67,0,3,28,1,32,8,37,53,1,99,4,2,6,105
11/25/2006,MOB,AL,ASO,CE,Combined TRACON& Tower with Radar,10,36,41,6,93,0,0,22,2,24,10,36,63,8,117,18,0,18,135
11/26/2006,MOB,AL,ASO,CE,Combined TRACON& Tower with Radar,10,48,43,2,103,0,4,31,3,38,10,52,74,5,141,18,6,24,165
11/27/2006,MOB,AL,ASO,CE,Combined TRACON& Tower with Radar,14,38,52,98,202,0,4,21,18,43,14,42,73,116,245,28,190,218,463
11/28/2006,MOB,AL,ASO,CE,Combined TRACON& Tower with Radar,14,40,26,72,152,0,0,10,15,25,14,40,36,87,177,6,194,200,377
11/29/2006,MOB,AL,ASO,CE,Combined TRACON& Tower with Radar,21,35,46,58,160,0,0,12,10,22,21,35,58,68,182,6,95,101,283
11/30/2006,MOB,AL,ASO,CE,Combined TRACON& Tower with Radar,21,44,32,71,168,0,0,3,13,16,21,44,35,84,184,84,184,268,452
12/01/2006,MOB,AL,ASO,CE,Combined TRACON& Tower with Radar,11,43,24,43,121,0,2,14,29,45,11,45,38,72,166,0,64,64,230
12/02/2006,MOB,AL,ASO,CE,Combined TRACON& Tower with Radar,11,27,26,31,95,0,0,18,3,21,11,27,44,34,116,12,0,12,128
12/03/2006,MOB,AL,ASO,CE,Combined TRACON& Tower with Radar,7,36,17,18,78,0,0,19,8,27,7,36,36,26,105,46,4,50,155
12/04/2006,MOB,AL,ASO,CE,Combined TRACON& Tower with Radar,18,34,52,55,159,0,3,20,26,49,18,37,72,81,208,8,68,76,284
12/05/2006,MOB,AL,ASO,CE,Combined TRACON& Tower with Radar,18,29,36,84,167,0,4,14,16,34,18,33,50,100,201,16,242,258,459
12/06/2006,MOB,AL,ASO,CE,Combined TRACON& Tower with Radar,18,35,29,128,210,0,0,24,22,46,18,35,53,150,256,0,336,336,592
12/07/2006,MOB,AL,ASO,CE,Combined TRACON& Tower with Radar,12,45,37,96,190,0,0,19,19,38,12,45,56,115,228,52,230,282,510
12/08/2006,MOB,AL,ASO,CE,Combined TRACON& Tower with Radar,7,49,34,52,142,0,3,24,23,50,7,52,58,75,192,20,64,84,276
12/09/2006,MOB,AL,ASO,CE,Combined TRACON& Tower with Radar,13,31,30,14,88,0,6,25,5,36,13,37,55,19,124,12,0,12,136
12/10/2006,MOB,AL,ASO,CE,Combined TRACON& Tower with Radar,6,45,18,7,76,0,6,11,2,19,6,51,29,9,95,32,6,38,133
12/11/2006,MOB,AL,ASO,CE,Combined TRACON& Tower with Radar,19,38,22,76,155,0,1,14,29,44,19,39,36,105,199,10,124,134,333
12/12/2006,MOB,AL,ASO,CE,Combined TRACON& Tower with Radar,14,37,18,45,114,0,1,0,9,10,14,38,18,54,124,0,88,88,212
12/13/2006,MOB,AL,ASO,CE,Combined TRACON& Tower with Radar,6,52,32,69,159,0,0,0,8,8,6,52,32,77,167,22,78,100,267
12/14/2006,MOB,AL,ASO,CE,Combined TRACON& Tower with Radar,4,43,33,67,147,0,4,4,13,21,4,47,37,80,168,0,72,72,240
12/15/2006,MOB,AL,ASO,CE,Combined TRACON& Tower with Radar,9,40,33,51,133,0,1,9,5,15,9,41,42,56,148,0,26,26,174
12/16/2006,MOB,AL,ASO,CE,Combined TRACON& Tower with Radar,10,35,16,6,67,0,8,32,21,61,10,43,48,27,128,26,28,54,182
12/17/2006,MOB,AL,ASO,CE,Combined TRACON& Tower with Radar,10,40,35,20,105,0,2,20,15,37,10,42,55,35,142,38,40,78,220
12/18/2006,MOB,AL,ASO,CE,Combined TRACON& Tower with Radar,10,36,41,43,130,0,2,11,11,24,10,38,52,54,154,18,31,49,203
12/19/2006,MOB,AL,ASO,CE,Combined TRACON& Tower with Radar,8,39,33,58,138,0,9,11,9,29,8,48,44,67,167,28,116,144,311
12/20/2006,MOB,AL,ASO,CE,Combined TRACON& Tower with Radar,4,43,28,89,164,0,10,11,13,34,4,53,39,102,198,18,94,112,310
12/21/2006,MOB,AL,ASO,CE,Combined TRACON& Tower with Radar,12,34,26,10,82,0,0,0,2,2,12,34,26,12,84,0,22,22,106
12/22/2006,MOB,AL,ASO,CE,Combined TRACON& Tower with Radar,5,44,34,46,129,0,0,2,4,6,5,44,36,50,135,4,56,60,195
12/23/2006,MOB,AL,ASO,CE,Combined TRACON& Tower with Radar,4,32,33,0,69,0,3,13,3,19,4,35,46,3,88,20,2,22,110
12/24/2006,MOB,AL,ASO,CE,Combined TRACON& Tower with Radar,4,33,19,0,56,0,2,9,0,11,4,35,28,0,67,12,0,12,79
12/25/2006,MOB,AL,ASO,CE,Combined TRACON& Tower with Radar,5,31,7,0,43,0,0,2,0,2,5,31,9,0,45,0,0,0,45
12/26/2006,MOB,AL,ASO,CE,Combined TRACON& Tower with Radar,9,39,37,1,86,0,3,10,2,15,9,42,47,3,101,0,0,0,101
12/27/2006,MOB,AL,ASO,CE,Combined TRACON& Tower with Radar,5,39,29,13,86,0,2,27,5,34,5,41,56,18,120,48,66,114,234
12/28/2006,MOB,AL,ASO,CE,Combined TRACON& Tower with Radar,6,39,24,21,90,0,2,10,3,15,6,41,34,24,105,0,52,52,157
12/29/2006,MOB,AL,ASO,CE,Combined TRACON& Tower with Radar,4,37,26,7,74,0,2,16,8,26,4,39,42,15,100,6,80,86,186
12/30/2006,MOB,AL,ASO,CE,Combined TRACON& Tower with Radar,18,37,21,0,76,0,3,0,0,3,18,40,21,0,79,0,0,0,79
12/31/2006,MOB,AL,ASO,CE,Combined TRACON& Tower with Radar,5,37,13,0,55,0,2,6,0,8,5,39,19,0,63,0,0,0,63
01/01/2007,MOB,AL,ASO,CE,Combined TRACON& Tower with Radar,2,39,17,0,58,0,0,14,0,14,2,39,31,0,72,24,0,24,96
01/02/2007,MOB,AL,ASO,CE,Combined TRACON& Tower with Radar,9,41,20,0,70,0,2,12,2,16,9,43,32,2,86,0,0,0,86
01/03/2007,MOB,AL,ASO,CE,Combined TRACON& Tower with Radar,14,42,32,32,120,0,5,17,6,28,14,47,49,38,148,8,150,158,306
01/04/2007,MOB,AL,ASO,CE,Combined TRACON& Tower with Radar,8,38,9,4,59,0,0,0,0,0,8,38,9,4,59,0,0,0,59
01/05/2007,MOB,AL,ASO,CE,Combined TRACON& Tower with Radar,10,31,26,36,103,0,5,5,0,10,10,36,31,36,113,0,0,0,113
01/06/2007,MOB,AL,ASO,CE,Combined TRACON& Tower with Radar,6,48,25,8,87,0,3,4,0,7,6,51,29,8,94,14,16,30,124
01/07/2007,MOB,AL,ASO,CE,Combined TRACON& Tower with Radar,10,43,9,0,62,0,1,3,2,6,10,44,12,2,68,0,0,0,68
01/08/2007,MOB,AL,ASO,CE,Combined TRACON& Tower with Radar,11,40,26,44,121,0,8,15,31,54,11,48,41,75,175,14,80,94,269
01/09/2007,MOB,AL,ASO,CE,Combined TRACON& Tower with Radar,13,30,18,51,112,0,1,21,25,47,13,31,39,76,159,10,92,102,261
01/10/2007,MOB,AL,ASO,CE,Combined TRACON& Tower with Radar,11,37,42,57,147,0,1,20,26,47,11,38,62,83,194,18,46,64,258
01/11/2007,MOB,AL,ASO,CE,Combined TRACON& Tower with Radar,5,42,31,42,120,0,2,12,20,34,5,44,43,62,154,0,90,90,244
01/12/2007,MOB,AL,ASO,CE,Combined TRACON& Tower with Radar,6,35,16,67,124,0,1,10,18,29,6,36,26,85,153,6,62,68,221
01/13/2007,MOB,AL,ASO,CE,Combined TRACON& Tower with Radar,4,27,25,9,65,0,1,9,0,10,4,28,34,9,75,8,40,48,123
01/14/2007,MOB,AL,ASO,CE,Combined TRACON& Tower with Radar,6,38,10,4,58,0,5,14,1,20,6,43,24,5,78,8,0,8,86
01/15/2007,MOB,AL,ASO,CE,Combined TRACON& Tower with Radar,9,48,11,4,72,0,0,3,0,3,9,48,14,4,75,6,0,6,81
01/16/2007,MOB,AL,ASO,CE,Combined TRACON& Tower with Radar,8,41,26,22,97,0,2,4,16,22,8,43,30,38,119,0,72,72,191
01/17/2007,MOB,AL,ASO,CE,Combined TRACON& Tower with Radar,8,36,31,59,134,0,11,11,19,41,8,47,42,78,175,14,108,122,297
01/18/2007,MOB,AL,ASO,CE,Combined TRACON& Tower with Radar,6,36,31,100,173,0,1,5,15,21,6,37,36,115,194,20,68,88,282
01/19/2007,MOB,AL,ASO,CE,Combined TRACON& Tower with Radar,6,41,28,69,144,0,1,3,2,6,6,42,31,71,150,0,18,18,168
01/20/2007,MOB,AL,ASO,CE,Combined TRACON& Tower with Radar,5,32,30,14,81,0,20,13,1,34,5,52,43,15,115,62,4,66,181
01/21/2007,MOB,AL,ASO,CE,Combined TRACON& Tower with Radar,12,35,13,3,63,0,1,3,0,4,12,36,16,3,67,28,6,34,101
01/22/2007,MOB,AL,ASO,CE,Combined TRACON& Tower with Radar,3,45,27,27,102,0,7,1,10,18,3,52,28,37,120,7,1,8,128
01/23/2007,MOB,AL,ASO,CE,Combined TRACON& Tower with Radar,8,42,18,69,137,0,2,16,25,43,8,44,34,94,180,12,126,138,318
01/24/2007,MOB,AL,ASO,CE,Combined TRACON& Tower with Radar,8,41,30,113,192,0,1,17,19,37,8,42,47,132,229,24,170,194,423
01/25/2007,MOB,AL,ASO,CE,Combined TRACON& Tower with Radar,11,44,39,93,187,0,3,28,24,55,11,47,67,117,242,24,125,149,391
01/26/2007,MOB,AL,ASO,CE,Combined TRACON& Tower with Radar,7,39,30,70,146,0,1,33,15,49,7,40,63,85,195,18,68,86,281
01/27/2007,MOB,AL,ASO,CE,Combined TRACON& Tower with Radar,4,28,17,0,49,0,0,6,9,15,4,28,23,9,64,10,22,32,96
01/28/2007,MOB,AL,ASO,CE,Combined TRACON& Tower with Radar,4,35,12,22,73,0,1,12,7,20,4,36,24,29,93,16,22,38,131
01/29/2007,MOB,AL,ASO,CE,Combined TRACON& Tower with Radar,5,41,27,79,152,0,3,18,19,40,5,44,45,98,192,29,62,91,283
01/30/2007,MOB,AL,ASO,CE,Combined TRACON& Tower with Radar,8,38,25,72,143,0,2,21,21,44,8,40,46,93,187,0,96,96,283
01/31/2007,MOB,AL,ASO,CE,Combined TRACON& Tower with Radar,7,39,36,73,155,0,2,20,18,40,7,41,56,91,195,4,177,181,376
02/01/2007,MOB,AL,ASO,CE,Combined TRACON& Tower with Radar,10,33,18,4,65,0,0,0,0,0,10,33,18,4,65,0,0,0,65
02/02/2007,MOB,AL,ASO,CE,Combined TRACON& Tower with Radar,4,40,32,62,138,0,0,2,6,8,4,40,34,68,146,0,54,54,200
02/03/2007,MOB,AL,ASO,CE,Combined TRACON& Tower with Radar,7,35,35,15,92,0,10,22,4,36,7,45,57,19,128,50,30,80,208
02/04/2007,MOB,AL,ASO,CE,Combined TRACON& Tower with Radar,14,26,17,10,67,0,9,17,1,27,14,35,34,11,94,12,0,12,106
02/05/2007,MOB,AL,ASO,CE,Combined TRACON& Tower with Radar,2,41,18,82,143,0,1,15,21,37,2,42,33,103,180,16,242,258,438
02/06/2007,MOB,AL,ASO,CE,Combined TRACON& Tower with Radar,7,36,30,58,131,0,4,25,26,55,7,40,55,84,186,8,126,134,320
02/07/2007,MOB,AL,ASO,CE,Combined TRACON& Tower with Radar,6,42,20,26,94,0,3,22,0,25,6,45,42,26,119,26,226,252,371
02/08/2007,MOB,AL,ASO,CE,Combined TRACON& Tower with Radar,5,43,26,95,169,0,4,13,27,44,5,47,39,122,213,0,144,144,357
02/09/2007,MOB,AL,ASO,CE,Combined TRACON& Tower with Radar,4,42,44,41,131,0,2,20,21,43,4,44,64,62,174,12,42,54,228
02/10/2007,MOB,AL,ASO,CE,Combined TRACON& Tower with Radar,3,30,18,29,80,0,5,17,1,23,3,35,35,30,103,9,2,11,114
02/11/2007,MOB,AL,ASO,CE,Combined TRACON& Tower with Radar,3,29,25,4,61,0,4,20,3,27,3,33,45,7,88,22,21,43,131
02/12/2007,MOB,AL,ASO,CE,Combined TRACON& Tower with Radar,2,41,22,60,125,0,11,12,25,48,2,52,34,85,173,8,170,178,351
02/13/2007,MOB,AL,ASO,CE,Combined TRACON& Tower with Radar,2,38,16,88,144,0,4,6,19,29,2,42,22,107,173,4,44,48,221
02/14/2007,MOB,AL,ASO,CE,Combined TRACON& Tower with Radar,7,43,29,97,176,0,3,19,22,44,7,46,48,119,220,0,36,36,256
02/15/2007,MOB,AL,ASO,CE,Combined TRACON& Tower with Radar,8,37,24,77,146,0,5,13,26,44,8,42,37,103,190,10,105,115,305
02/16/2007,MOB,AL,ASO,CE,Combined TRACON& Tower with Radar,4,42,44,41,131,0,2,20,21,43,4,44,64,62,174,12,42,54,228
02/17/2007,MOB,AL,ASO,CE,Combined TRACON& Tower with Radar,8,27,28,10,73,0,4,16,5,25,8,31,44,15,98,30,12,42,140
02/18/2007,MOB,AL,ASO,CE,Combined TRACON& Tower with Radar,5,39,20,2,66,0,2,17,7,26,5,41,37,9,92,13,1,14,106
02/19/2007,MOB,AL,ASO,CE,Combined TRACON& Tower with Radar,10,40,21,5,76,0,6,19,2,27,10,46,40,7,103,0,6,6,109
02/20/2007,MOB,AL,ASO,CE,Combined TRACON& Tower with Radar,8,37,17,33,95,3,2,9,13,27,11,39,26,46,122,4,79,83,205
02/21/2007,MOB,AL,ASO,CE,Combined TRACON& Tower with Radar,9,42,15,64,130,0,0,5,28,33,9,42,20,92,163,8,157,165,328
02/22/2007,MOB,AL,ASO,CE,Combined TRACON& Tower with Radar,5,32,25,68,130,1,5,19,18,43,6,37,44,86,173,26,118,144,317
02/23/2007,MOB,AL,ASO,CE,Combined TRACON& Tower with Radar,5,41,32,49,127,0,4,16,17,37,5,45,48,66,164,14,35,49,213
02/24/2007,MOB,AL,ASO,CE,Combined TRACON& Tower with Radar,10,28,25,2,65,0,0,8,4,12,10,28,33,6,77,10,0,10,87
02/25/2007,MOB,AL,ASO,CE,Combined TRACON& Tower with Radar,13,37,23,16,89,0,6,21,8,35,13,43,44,24,124,26,4,30,154
02/26/2007,MOB,AL,ASO,CE,Combined TRACON& Tower with Radar,9,34,12,57,112,0,4,18,20,42,9,38,30,77,154,27,10,37,191
02/27/2007,MOB,AL,ASO,CE,Combined TRACON& Tower with Radar,13,36,26,87,162,0,0,9,18,27,13,36,35,105,189,36,252,288,477
02/28/2007,MOB,AL,ASO,CE,Combined TRACON& Tower with Radar,12,41,20,72,145,0,8,10,20,38,12,49,30,92,183,20,118,138,321
03/01/2007,MOB,AL,ASO,CE,Combined TRACON& Tower with Radar,7,36,18,6,67,0,0,0,0,0,7,36,18,6,67,2,0,2,69
03/02/2007,MOB,AL,ASO,CE,Combined TRACON& Tower with Radar,6,36,27,68,137,0,8,21,21,50,6,44,48,89,187,12,34,46,233
03/03/2007,MOB,AL,ASO,CE,Combined TRACON& Tower with Radar,10,30,20,26,86,0,3,26,2,31,10,33,46,28,117,26,8,34,151
03/04/2007,MOB,AL,ASO,CE,Combined TRACON& Tower with Radar,10,37,29,22,98,0,4,43,7,54,10,41,72,29,152,18,14,32,184
03/05/2007,MOB,AL,ASO,CE,Combined TRACON& Tower with Radar,6,39,30,66,141,0,2,15,19,36,6,41,45,85,177,16,208,224,401
03/06/2007,MOB,AL,ASO,CE,Combined TRACON& Tower with Radar,10,29,31,58,128,0,0,9,21,30,10,29,40,79,158,8,110,118,276
03/07/2007,MOB,AL,ASO,CE,Combined TRACON& Tower with Radar,13,31,13,71,128,0,2,22,19,43,13,33,35,90,171,8,92,100,271
03/08/2007,MOB,AL,ASO,CE,Combined TRACON& Tower with Radar,11,34,15,39,99,0,2,14,21,37,11,36,29,60,136,22,98,120,256
03/09/2007,MOB,AL,ASO,CE,Combined TRACON& Tower with Radar,13,34,34,64,145,0,2,17,7,26,13,36,51,71,171,6,96,102,273
03/10/2007,MOB,AL,ASO,CE,Combined TRACON& Tower with Radar,5,23,22,3,53,3,1,11,6,21,8,24,33,9,74,20,0,20,94
03/11/2007,MOB,AL,ASO,CE,Combined TRACON& Tower with Radar,11,30,25,14,80,0,3,25,1,29,11,33,50,15,109,24,0,24,133
03/12/2007,MOB,AL,ASO,CE,Combined TRACON& Tower with Radar,10,36,24,57,127,0,4,30,22,56,10,40,54,79,183,22,138,160,343
03/13/2007,MOB,AL,ASO,CE,Combined TRACON& Tower with Radar,20,37,34,138,229,0,3,16,27,46,20,40,50,165,275,24,160,184,459
03/14/2007,MOB,AL,ASO,CE,Combined TRACON& Tower with Radar,14,33,31,45,123,0,0,7,4,11,14,33,38,49,134,0,158,158,292
03/15/2007,MOB,AL,ASO,CE,Combined TRACON& Tower with Radar,12,43,25,61,141,0,0,6,17,23,12,43,31,78,164,0,80,80,244
03/16/2007,MOB,AL,ASO,CE,Combined TRACON& Tower with Radar,5,38,34,72,149,0,3,10,22,35,5,41,44,94,184,0,116,116,300
03/17/2007,MOB,AL,ASO,CE,Combined TRACON& Tower with Radar,6,30,17,0,53,0,8,17,4,29,6,38,34,4,82,24,8,32,114
03/18/2007,MOB,AL,ASO,CE,Combined TRACON& Tower with Radar,4,33,30,6,73,0,5,23,3,31,4,38,53,9,104,28,32,60,164
03/19/2007,MOB,AL,ASO,CE,Combined TRACON& Tower with Radar,9,39,21,90,159,0,2,12,24,38,9,41,33,114,197,0,102,102,299
03/20/2007,MOB,AL,ASO,CE,Combined TRACON& Tower with Radar,11,36,27,93,167,0,2,16,32,50,11,38,43,125,217,38,108,146,363
03/21/2007,MOB,AL,ASO,CE,Combined TRACON& Tower with Radar,8,40,30,94,172,0,3,20,13,36,8,43,50,107,208,26,108,134,342
03/22/2007,MOB,AL,ASO,CE,Combined TRACON& Tower with Radar,5,45,31,101,182,0,2,14,27,43,5,47,45,128,225,16,258,274,499
03/23/2007,MOB,AL,ASO,CE,Combined TRACON& Tower with Radar,8,34,18,55,115,0,7,17,23,47,8,41,35,78,162,44,98,142,304
03/24/2007,MOB,AL,ASO,CE,Combined TRACON& Tower with Radar,8,29,35,1,73,0,7,21,2,30,8,36,56,3,103,12,2,14,117
03/25/2007,MOB,AL,ASO,CE,Combined TRACON& Tower with Radar,10,39,31,14,94,0,4,28,11,43,10,43,59,25,137,82,36,118,255
03/26/2007,MOB,AL,ASO,CE,Combined TRACON& Tower with Radar,6,42,22,67,137,0,7,16,28,51,6,49,38,95,188,8,144,152,340
03/27/2007,MOB,AL,ASO,CE,Combined TRACON& Tower with Radar,8,38,29,125,200,0,2,7,28,37,8,40,36,153,237,0,266,266,503
03/28/2007,MOB,AL,ASO,CE,Combined TRACON& Tower with Radar,8,41,28,95,172,0,3,16,20,39,8,44,44,115,211,0,140,140,351
03/29/2007,MOB,AL,ASO,CE,Combined TRACON& Tower with Radar,8,44,25,88,165,0,2,26,20,48,8,46,51,108,213,40,181,221,434
03/30/2007,MOB,AL,ASO,CE,Combined TRACON& Tower with Radar,7,37,33,91,168,0,14,19,13,46,7,51,52,104,214,11,95,106,320
03/31/2007,MOB,AL,ASO,CE,Combined TRACON& Tower with Radar,3,28,18,4,53,0,1,3,1,5,3,29,21,5,58,12,38,50,108
04/01/2007,MOB,AL,ASO,CE,Combined TRACON& Tower with Radar,7,38,19,3,67,0,1,4,0,5,7,39,23,3,72,0,0,0,72
04/02/2007,MOB,AL,ASO,CE,Combined TRACON& Tower with Radar,10,39,26,77,152,0,3,14,20,37,10,42,40,97,189,28,202,230,419
04/03/2007,MOB,AL,ASO,CE,Combined TRACON& Tower with Radar,10,37,31,90,168,0,2,22,22,46,10,39,53,112,214,6,170,176,390
04/04/2007,MOB,AL,ASO,CE,Combined TRACON& Tower with Radar,8,45,33,75,161,0,5,13,26,44,8,50,46,101,205,14,162,176,381
04/05/2007,MOB,AL,ASO,CE,Combined TRACON& Tower with Radar,8,39,41,67,155,0,11,17,25,53,8,50,58,92,208,14,194,208,416
04/06/2007,MOB,AL,ASO,CE,Combined TRACON& Tower with Radar,5,42,27,66,140,0,6,28,24,58,5,48,55,90,198,34,92,126,324
04/07/2007,MOB,AL,ASO,CE,Combined TRACON& Tower with Radar,6,31,11,1,49,0,13,10,1,24,6,44,21,2,73,12,0,12,85
04/08/2007,MOB,AL,ASO,CE,Combined TRACON& Tower with Radar,5,34,11,0,50,0,4,18,1,23,5,38,29,1,73,22,0,22,95
04/09/2007,MOB,AL,ASO,CE,Combined TRACON& Tower with Radar,10,38,30,48,126,0,1,9,34,44,10,39,39,82,170,20,220,240,410
04/10/2007,MOB,AL,ASO,CE,Combined TRACON& Tower with Radar,13,36,22,49,120,0,0,7,13,20,13,36,29,62,140,2,98,100,240
04/11/2007,MOB,AL,ASO,CE,Combined TRACON& Tower with Radar,15,44,32,64,155,0,8,7,24,39,15,52,39,88,194,0,162,162,356
04/12/2007,MOB,AL,ASO,CE,Combined TRACON& Tower with Radar,10,48,36,83,177,0,4,16,19,39,10,52,52,102,216,46,82,128,344
04/13/2007,MOB,AL,ASO,CE,Combined TRACON& Tower with Radar,6,42,26,74,148,0,3,14,11,28,6,45,40,85,176,10,90,100,276
04/14/2007,MOB,AL,ASO,CE,Combined TRACON& Tower with Radar,11,40,16,0,67,0,0,1,0,1,11,40,17,0,68,5,0,5,73
04/15/2007,MOB,AL,ASO,CE,Combined TRACON& Tower with Radar,8,39,25,31,103,0,8,11,8,27,8,47,36,39,130,12,14,26,156
04/16/2007,MOB,AL,ASO,CE,Combined TRACON& Tower with Radar,6,41,18,101,166,0,5,27,21,53,6,46,45,122,219,12,148,160,379
04/17/2007,MOB,AL,ASO,CE,Combined TRACON& Tower with Radar,4,46,16,84,150,0,13,19,24,56,4,59,35,108,206,32,166,198,404
04/18/2007,MOB,AL,ASO,CE,Combined TRACON& Tower with Radar,3,44,21,80,148,0,4,19,19,42,3,48,40,99,190,46,216,262,452
04/19/2007,MOB,AL,ASO,CE,Combined TRACON& Tower with Radar,11,43,33,69,156,0,5,36,39,80,11,48,69,108,236,10,118,128,364
04/20/2007,MOB,AL,ASO,CE,Combined TRACON& Tower with Radar,8,43,39,58,148,0,2,31,27,60,8,45,70,85,208,24,92,116,324
04/21/2007,MOB,AL,ASO,CE,Combined TRACON& Tower with Radar,7,37,39,4,87,0,2,26,2,30,7,39,65,6,117,6,0,6,123
04/22/2007,MOB,AL,ASO,CE,Combined TRACON& Tower with Radar,7,38,36,27,108,0,9,31,3,43,7,47,67,30,151,18,34,52,203
04/23/2007,MOB,AL,ASO,CE,Combined TRACON& Tower with Radar,7,47,42,45,141,0,4,18,26,48,7,51,60,71,189,6,173,179,368
04/24/2007,MOB,AL,ASO,CE,Combined TRACON& Tower with Radar,10,38,43,92,183,0,12,20,38,70,10,50,63,130,253,22,216,238,491
04/25/2007,MOB,AL,ASO,CE,Combined TRACON& Tower with Radar,10,43,34,101,188,0,9,26,12,47,10,52,60,113,235,20,134,154,389
04/26/2007,MOB,AL,ASO,CE,Combined TRACON& Tower with Radar,4,45,21,40,110,0,1,5,15,21,4,46,26,55,131,0,18,18,149
04/27/2007,MOB,AL,ASO,CE,Combined TRACON& Tower with Radar,2,44,32,29,107,0,15,14,11,40,2,59,46,40,147,0,46,46,193
04/28/2007,MOB,AL,ASO,CE,Combined TRACON& Tower with Radar,3,37,16,15,71,0,18,22,4,44,3,55,38,19,115,0,76,76,191
04/29/2007,MOB,AL,ASO,CE,Combined TRACON& Tower with Radar,10,45,31,14,100,0,6,21,8,35,10,51,52,22,135,76,20,96,231
04/30/2007,MOB,AL,ASO,CE,Combined TRACON& Tower with Radar,4,49,23,50,126,0,9,16,27,52,4,58,39,77,178,4,164,168,346
05/01/2007,MOB,AL,ASO,CE,Combined TRACON& Tower with Radar,10,40,28,67,145,0,4,15,24,43,10,44,43,91,188,4,144,148,336
05/02/2007,MOB,AL,ASO,CE,Combined TRACON& Tower with Radar,1,43,32,79,155,6,7,15,33,61,7,50,47,112,216,2,182,184,400
05/03/2007,MOB,AL,ASO,CE,Combined TRACON& Tower with Radar,7,37,26,92,162,0,8,8,23,39,7,45,34,115,201,0,216,216,417
05/04/2007,MOB,AL,ASO,CE,Combined TRACON& Tower with Radar,5,43,19,14,81,0,5,5,21,31,5,48,24,35,112,0,78,78,190
05/05/2007,MOB,AL,ASO,CE,Combined TRACON& Tower with Radar,6,31,34,4,75,0,10,18,4,32,6,41,52,8,107,0,2,2,109
05/06/2007,MOB,AL,ASO,CE,Combined TRACON& Tower with Radar,8,43,33,21,105,0,5,21,5,31,8,48,54,26,136,50,16,66,202
05/07/2007,MOB,AL,ASO,CE,Combined TRACON& Tower with Radar,8,44,19,84,155,0,1,17,28,46,8,45,36,112,201,20,241,261,462
05/08/2007,MOB,AL,ASO,CE,Combined TRACON& Tower with Radar,5,45,32,93,175,0,6,12,28,46,5,51,44,121,221,12,126,138,359
05/09/2007,MOB,AL,ASO,CE,Combined TRACON& Tower with Radar,6,42,26,88,162,0,6,15,29,50,6,48,41,117,212,82,290,372,584
05/10/2007,MOB,AL,ASO,CE,Combined TRACON& Tower with Radar,7,45,34,90,176,0,14,20,23,57,7,59,54,113,233,6,178,184,417
05/11/2007,MOB,AL,ASO,CE,Combined TRACON& Tower with Radar,3,46,36,29,114,0,9,23,16,48,3,55,59,45,162,3,82,85,247
05/12/2007,MOB,AL,ASO,CE,Combined TRACON& Tower with Radar,7,38,35,5,85,0,6,27,1,34,7,44,62,6,119,42,0,42,161
05/13/2007,MOB,AL,ASO,CE,Combined TRACON& Tower with Radar,8,34,33,9,84,0,12,21,3,36,8,46,54,12,120,24,4,28,148
05/14/2007,MOB,AL,ASO,CE,Combined TRACON& Tower with Radar,2,43,24,57,126,0,6,12,19,37,2,49,36,76,163,18,66,84,247
05/15/2007,MOB,AL,ASO,CE,Combined TRACON& Tower with Radar,16,52,25,51,144,0,1,17,23,41,16,53,42,74,185,0,68,68,253
05/16/2007,MOB,AL,ASO,CE,Combined TRACON& Tower with Radar,11,48,39,52,150,0,3,17,19,39,11,51,56,71,189,0,50,50,239
05/17/2007,MOB,AL,ASO,CE,Combined TRACON& Tower with Radar,8,38,28,79,153,0,4,18,34,56,8,42,46,113,209,24,112,136,345
05/18/2007,MOB,AL,ASO,CE,Combined TRACON& Tower with Radar,5,48,34,29,116,0,5,25,17,47,5,53,59,46,163,4,82,86,249
05/19/2007,MOB,AL,ASO,CE,Combined TRACON& Tower with Radar,8,37,23,2,70,0,11,27,4,42,8,48,50,6,112,6,10,16,128
05/20/2007,MOB,AL,ASO,CE,Combined TRACON& Tower with Radar,10,41,17,6,74,0,3,28,9,40,10,44,45,15,114,2,14,16,130
05/21/2007,MOB,AL,ASO,CE,Combined TRACON& Tower with Radar,4,43,22,56,125,0,5,16,27,48,4,48,38,83,173,27,17,44,217
05/22/2007,MOB,AL,ASO,CE,Combined TRACON& Tower with Radar,10,37,22,90,159,0,4,16,28,48,10,41,38,118,207,30,180,210,417
05/23/2007,MOB,AL,ASO,CE,Combined TRACON& Tower with Radar,12,39,52,63,166,0,6,13,24,43,12,45,65,87,209,4,144,148,357
05/24/2007,MOB,AL,ASO,CE,Combined TRACON& Tower with Radar,10,38,28,73,149,0,4,20,32,56,10,42,48,105,205,0,134,134,339
05/25/2007,MOB,AL,ASO,CE,Combined TRACON& Tower with Radar,6,40,30,34,110,0,3,9,19,31,6,43,39,53,141,18,68,86,227
05/26/2007,MOB,AL,ASO,CE,Combined TRACON& Tower with Radar,7,34,24,11,76,0,3,29,3,35,7,37,53,14,111,6,18,24,135
05/27/2007,MOB,AL,ASO,CE,Combined TRACON& Tower with Radar,11,29,44,5,89,0,8,28,4,40,11,37,72,9,129,34,8,42,171
05/28/2007,MOB,AL,ASO,CE,Combined TRACON& Tower with Radar,5,34,26,0,65,0,3,12,0,15,5,37,38,0,80,8,0,8,88
05/29/2007,MOB,AL,ASO,CE,Combined TRACON& Tower with Radar,3,43,19,33,98,0,7,7,28,42,3,50,26,61,140,2,88,90,230
05/30/2007,MOB,AL,ASO,CE,Combined TRACON& Tower with Radar,11,47,28,58,144,0,2,11,21,34,11,49,39,79,178,30,100,130,308
05/31/2007,MOB,AL,ASO,CE,Combined TRACON& Tower with Radar,6,43,27,70,146,0,3,12,29,44,6,46,39,99,190,32,94,126,316
06/01/2007,MOB,AL,ASO,CE,Combined TRACON& Tower with Radar,9,44,37,40,130,0,9,17,33,59,9,53,54,73,189,28,50,78,267
06/02/2007,MOB,AL,ASO,CE,Combined TRACON& Tower with Radar,4,37,26,14,81,0,1,11,2,14,4,38,37,16,95,14,14,28,123
06/03/2007,MOB,AL,ASO,CE,Combined TRACON& Tower with Radar,15,38,16,12,81,0,10,10,2,22,15,48,26,14,103,26,22,48,151
06/04/2007,MOB,AL,ASO,CE,Combined TRACON& Tower with Radar,7,41,10,26,84,0,9,9,32,50,7,50,19,58,134,6,206,212,346
06/05/2007,MOB,AL,ASO,CE,Combined TRACON& Tower with Radar,12,38,25,121,196,0,6,11,35,52,12,44,36,156,248,0,140,140,388
06/06/2007,MOB,AL,ASO,CE,Combined TRACON& Tower with Radar,9,44,38,81,172,0,4,21,33,58,9,48,59,114,230,0,54,54,284
06/07/2007,MOB,AL,ASO,CE,Combined TRACON& Tower with Radar,10,42,26,80,158,0,2,9,25,36,10,44,35,105,194,1,126,127,321
06/08/2007,MOB,AL,ASO,CE,Combined TRACON& Tower with Radar,7,47,33,36,123,0,8,13,22,43,7,55,46,58,166,0,34,34,200
06/09/2007,MOB,AL,ASO,CE,Combined TRACON& Tower with Radar,8,32,32,12,84,0,12,22,2,36,8,44,54,14,120,22,14,36,156
06/10/2007,MOB,AL,ASO,CE,Combined TRACON& Tower with Radar,16,35,17,11,79,0,20,21,4,45,16,55,38,15,124,10,16,26,150
06/11/2007,MOB,AL,ASO,CE,Combined TRACON& Tower with Radar,3,42,26,50,121,0,4,17,23,44,3,46,43,73,165,4,62,66,231
06/12/2007,MOB,AL,ASO,CE,Combined TRACON& Tower with Radar,9,45,20,61,135,0,8,12,27,47,9,53,32,88,182,8,99,107,289
06/13/2007,MOB,AL,ASO,CE,Combined TRACON& Tower with Radar,8,43,45,111,207,0,2,17,35,54,8,45,62,146,261,1,114,115,376
06/14/2007,MOB,AL,ASO,CE,Combined TRACON& Tower with Radar,8,50,27,32,117,0,4,13,24,41,8,54,40,56,158,0,30,30,188
06/15/2007,MOB,AL,ASO,CE,Combined TRACON& Tower with Radar,6,45,25,51,127,0,3,20,16,39,6,48,45,67,166,14,34,48,214
06/16/2007,MOB,AL,ASO,CE,Combined TRACON& Tower with Radar,9,33,29,30,101,0,3,24,4,31,9,36,53,34,132,18,4,22,154
06/17/2007,MOB,AL,ASO,CE,Combined TRACON& Tower with Radar,10,40,26,10,86,0,6,21,4,31,10,46,47,14,117,48,0,48,165
06/18/2007,MOB,AL,ASO,CE,Combined TRACON& Tower with Radar,6,42,23,10,81,2,1,18,22,43,8,43,41,32,124,0,40,40,164
06/19/2007,MOB,AL,ASO,CE,Combined TRACON& Tower with Radar,11,44,19,18,92,0,1,1,23,25,11,45,20,41,117,0,50,50,167
06/20/2007,MOB,AL,ASO,CE,Combined TRACON& Tower with Radar,5,51,28,65,149,0,7,15,33,55,5,58,43,98,204,8,84,92,296
06/21/2007,MOB,AL,ASO,CE,Combined TRACON& Tower with Radar,9,46,34,38,127,0,0,21,26,47,9,46,55,64,174,2,191,193,367
06/22/2007,MOB,AL,ASO,CE,Combined TRACON& Tower with Radar,9,42,27,18,96,0,3,9,31,43,9,45,36,49,139,30,37,67,206
06/23/2007,MOB,AL,ASO,CE,Combined TRACON& Tower with Radar,6,34,14,1,55,0,49,15,1,65,6,83,29,2,120,20,14,34,154
06/24/2007,MOB,AL,ASO,CE,Combined TRACON& Tower with Radar,12,46,26,4,88,0,8,16,2,26,12,54,42,6,114,16,20,36,150
06/25/2007,MOB,AL,ASO,CE,Combined TRACON& Tower with Radar,5,40,21,20,86,0,4,14,20,38,5,44,35,40,124,0,58,58,182
06/26/2007,MOB,AL,ASO,CE,Combined TRACON& Tower with Radar,9,38,29,25,101,0,8,13,26,47,9,46,42,51,148,23,172,195,343
06/27/2007,MOB,AL,ASO,CE,Combined TRACON& Tower with Radar,8,40,23,29,100,0,0,10,22,32,8,40,33,51,132,10,20,30,162
06/28/2007,MOB,AL,ASO,CE,Combined TRACON& Tower with Radar,9,46,21,65,141,0,9,11,33,53,9,55,32,98,194,12,120,132,326
06/29/2007,MOB,AL,ASO,CE,Combined TRACON& Tower with Radar,10,37,31,26,104,0,12,17,14,43,10,49,48,40,147,16,8,24,171
06/30/2007,MOB,AL,ASO,CE,Combined TRACON& Tower with Radar,9,34,22,5,70,0,6,18,2,26,9,40,40,7,96,8,6,14,110
07/01/2007,MOB,AL,ASO,CE,Combined TRACON& Tower with Radar,6,38,17,4,65,0,6,10,1,17,6,44,27,5,82,10,4,14,96
07/02/2007,MOB,AL,ASO,CE,Combined TRACON& Tower with Radar,8,35,16,101,160,1,5,14,25,45,9,40,30,126,205,6,164,170,375
07/03/2007,MOB,AL,ASO,CE,Combined TRACON& Tower with Radar,8,39,8,28,83,0,2,5,15,22,8,41,13,43,105,0,42,42,147
07/04/2007,MOB,AL,ASO,CE,Combined TRACON& Tower with Radar,7,37,23,0,67,0,1,15,7,23,7,38,38,7,90,0,0,0,90
07/05/2007,MOB,AL,ASO,CE,Combined TRACON& Tower with Radar,6,40,31,22,99,0,1,7,18,26,6,41,38,40,125,0,70,70,195
07/06/2007,MOB,AL,ASO,CE,Combined TRACON& Tower with Radar,12,35,25,42,114,0,4,12,20,36,12,39,37,62,150,0,92,92,242
07/07/2007,MOB,AL,ASO,CE,Combined TRACON& Tower with Radar,4,43,22,9,78,0,5,16,2,23,4,48,38,11,101,0,0,0,101
07/08/2007,MOB,AL,ASO,CE,Combined TRACON& Tower with Radar,7,40,18,15,80,0,5,17,2,24,7,45,35,17,104,28,0,28,132
07/09/2007,MOB,AL,ASO,CE,Combined TRACON& Tower with Radar,11,43,27,84,165,0,4,15,31,50,11,47,42,115,215,50,222,272,487
07/10/2007,MOB,AL,ASO,CE,Combined TRACON& Tower with Radar,8,44,21,107,180,0,3,12,34,49,8,47,33,141,229,6,157,163,392
07/11/2007,MOB,AL,ASO,CE,Combined TRACON& Tower with Radar,11,44,32,71,158,2,3,11,33,49,13,47,43,104,207,8,130,138,345
07/12/2007,MOB,AL,ASO,CE,Combined TRACON& Tower with Radar,15,37,25,90,167,0,2,4,39,45,15,39,29,129,212,14,108,122,334
07/13/2007,MOB,AL,ASO,CE,Combined TRACON& Tower with Radar,11,44,23,46,124,0,8,10,14,32,11,52,33,60,156,0,10,10,166
07/14/2007,MOB,AL,ASO,CE,Combined TRACON& Tower with Radar,5,39,14,21,79,0,4,10,0,14,5,43,24,21,93,12,18,30,123
07/15/2007,MOB,AL,ASO,CE,Combined TRACON& Tower with Radar,8,45,27,0,80,0,5,2,0,7,8,50,29,0,87,0,0,0,87
07/16/2007,MOB,AL,ASO,CE,Combined TRACON& Tower with Radar,11,29,17,21,78,0,2,14,16,32,11,31,31,37,110,8,144,152,262
07/17/2007,MOB,AL,ASO,CE,Combined TRACON& Tower with Radar,8,40,30,58,136,0,6,24,33,63,8,46,54,91,199,12,142,154,353
07/18/2007,MOB,AL,ASO,CE,Combined TRACON& Tower with Radar,8,39,30,81,158,0,4,12,31,47,8,43,42,112,205,12,98,110,315
07/19/2007,MOB,AL,ASO,CE,Combined TRACON& Tower with Radar,6,34,19,65,124,0,6,25,42,73,6,40,44,107,197,8,96,104,301
07/20/2007,MOB,AL,ASO,CE,Combined TRACON& Tower with Radar,8,38,28,76,150,0,3,9,12,24,8,41,37,88,174,0,28,28,202
07/21/2007,MOB,AL,ASO,CE,Combined TRACON& Tower with Radar,4,38,10,0,52,0,7,18,2,27,4,45,28,2,79,24,0,24,103
07/22/2007,MOB,AL,ASO,CE,Combined TRACON& Tower with Radar,5,42,18,12,77,0,3,16,4,23,5,45,34,16,100,52,18,70,170
07/23/2007,MOB,AL,ASO,CE,Combined TRACON& Tower with Radar,14,40,17,43,114,0,10,10,30,50,14,50,27,73,164,6,242,248,412
07/24/2007,MOB,AL,ASO,CE,Combined TRACON& Tower with Radar,10,43,21,80,154,0,1,9,43,53,10,44,30,123,207,17,102,119,326
07/25/2007,MOB,AL,ASO,CE,Combined TRACON& Tower with Radar,9,46,41,60,156,0,5,18,45,68,9,51,59,105,224,26,90,116,340
07/26/2007,MOB,AL,ASO,CE,Combined TRACON& Tower with Radar,10,38,45,72,165,0,3,21,26,50,10,41,66,98,215,6,110,116,331
07/27/2007,MOB,AL,ASO,CE,Combined TRACON& Tower with Radar,7,41,34,61,143,0,15,18,8,41,7,56,52,69,184,0,46,46,230
07/28/2007,MOB,AL,ASO,CE,Combined TRACON& Tower with Radar,4,39,14,4,61,0,19,18,3,40,4,58,32,7,101,32,10,42,143
07/29/2007,MOB,AL,ASO,CE,Combined TRACON& Tower with Radar,11,41,23,11,86,0,5,21,7,33,11,46,44,18,119,50,28,78,197
07/30/2007,MOB,AL,ASO,CE,Combined TRACON& Tower with Radar,5,46,10,28,89,0,5,10,28,43,5,51,20,56,132,0,50,50,182
07/31/2007,MOB,AL,ASO,CE,Combined TRACON& Tower with Radar,15,38,23,59,135,1,6,9,29,45,16,44,32,88,180,8,60,68,248
08/01/2007,MOB,AL,ASO,CE,Combined TRACON& Tower with Radar,9,43,28,47,127,0,3,18,29,50,9,46,46,76,177,30,124,154,331
08/02/2007,MOB,AL,ASO,CE,Combined TRACON& Tower with Radar,8,39,23,25,95,0,2,16,13,31,8,41,39,38,126,16,117,133,259
08/03/2007,MOB,AL,ASO,CE,Combined TRACON& Tower with Radar,7,43,19,51,120,0,6,12,1,19,7,49,31,52,139,16,46,62,201
08/04/2007,MOB,AL,ASO,CE,Combined TRACON& Tower with Radar,10,36,29,4,79,0,9,23,3,35,10,45,52,7,114,32,0,32,146
08/05/2007,MOB,AL,ASO,CE,Combined TRACON& Tower with Radar,9,41,17,5,72,0,19,11,3,33,9,60,28,8,105,6,0,6,111
08/06/2007,MOB,AL,ASO,CE,Combined TRACON& Tower with Radar,12,37,20,43,112,0,10,10,32,52,12,47,30,75,164,5,92,97,261
08/07/2007,MOB,AL,ASO,CE,Combined TRACON& Tower with Radar,8,36,13,61,118,0,0,15,31,46,8,36,28,92,164,6,53,59,223
08/08/2007,MOB,AL,ASO,CE,Combined TRACON& Tower with Radar,10,41,23,69,143,0,1,13,31,45,10,42,36,100,188,0,94,94,282
08/09/2007,MOB,AL,ASO,CE,Combined TRACON& Tower with Radar,13,46,26,57,142,0,2,11,32,45,13,48,37,89,187,48,116,164,351
08/10/2007,MOB,AL,ASO,CE,Combined TRACON& Tower with Radar,7,36,29,58,130,0,9,15,25,49,7,45,44,83,179,2,106,108,287
08/11/2007,MOB,AL,ASO,CE,Combined TRACON& Tower with Radar,7,37,31,4,79,0,7,16,1,24,7,44,47,5,103,20,10,30,133
08/12/2007,MOB,AL,ASO,CE,Combined TRACON& Tower with Radar,12,41,23,15,91,0,6,11,4,21,12,47,34,19,112,66,8,74,186
08/13/2007,MOB,AL,ASO,CE,Combined TRACON& Tower with Radar,16,32,16,75,139,0,7,17,25,49,16,39,33,100,188,19,134,153,341
08/14/2007,MOB,AL,ASO,CE,Combined TRACON& Tower with Radar,8,42,17,35,102,0,10,7,26,43,8,52,24,61,145,32,122,154,299
08/15/2007,MOB,AL,ASO,CE,Combined TRACON& Tower with Radar,11,42,15,80,148,1,3,18,34,56,12,45,33,114,204,12,45,57,261
08/16/2007,MOB,AL,ASO,CE,Combined TRACON& Tower with Radar,9,36,16,106,167,0,10,12,16,38,9,46,28,122,205,14,158,172,377
08/17/2007,MOB,AL,ASO,CE,Combined TRACON& Tower with Radar,9,38,19,48,114,0,12,16,14,42,9,50,35,62,156,6,96,102,258
08/18/2007,MOB,AL,ASO,CE,Combined TRACON& Tower with Radar,10,44,16,26,96,0,14,14,0,28,10,58,30,26,124,32,40,72,196
08/19/2007,MOB,AL,ASO,CE,Combined TRACON& Tower with Radar,13,39,12,5,69,0,7,13,1,21,13,46,25,6,90,8,18,26,116
08/20/2007,MOB,AL,ASO,CE,Combined TRACON& Tower with Radar,13,39,19,117,188,0,5,12,54,71,13,44,31,171,259,74,106,180,439
08/21/2007,MOB,AL,ASO,CE,Combined TRACON& Tower with Radar,8,38,29,76,151,0,9,26,41,76,8,47,55,117,227,4,42,46,273
08/22/2007,MOB,AL,ASO,CE,Combined TRACON& Tower with Radar,9,39,17,89,154,0,5,12,32,49,9,44,29,121,203,14,163,177,380
08/23/2007,MOB,AL,ASO,CE,Combined TRACON& Tower with Radar,9,44,28,71,152,0,6,20,20,46,9,50,48,91,198,12,150,162,360
08/24/2007,MOB,AL,ASO,CE,Combined TRACON& Tower with Radar,9,40,34,25,108,0,5,20,23,48,9,45,54,48,156,37,104,141,297
08/25/2007,MOB,AL,ASO,CE,Combined TRACON& Tower with Radar,8,30,13,10,61,0,6,17,5,28,8,36,30,15,89,4,10,14,103
08/26/2007,MOB,AL,ASO,CE,Combined TRACON& Tower with Radar,9,41,19,8,77,0,9,22,2,33,9,50,41,10,110,66,24,90,200
08/27/2007,MOB,AL,ASO,CE,Combined TRACON& Tower with Radar,10,43,8,27,88,0,0,8,0,8,10,43,16,27,96,2,216,218,314
08/28/2007,MOB,AL,ASO,CE,Combined TRACON& Tower with Radar,9,35,17,29,90,0,7,5,14,26,9,42,22,43,116,4,74,78,194
08/29/2007,MOB,AL,ASO,CE,Combined TRACON& Tower with Radar,9,42,31,69,151,0,1,22,27,50,9,43,53,96,201,8,46,54,255
08/30/2007,MOB,AL,ASO,CE,Combined TRACON& Tower with Radar,10,40,19,27,96,0,6,9,11,26,10,46,28,38,122,4,107,111,233
08/31/2007,MOB,AL,ASO,CE,Combined TRACON& Tower with Radar,8,38,15,23,84,0,7,11,22,40,8,45,26,45,124,2,102,104,228
09/01/2007,MOB,AL,ASO,CE,Combined TRACON& Tower with Radar,15,36,17,0,68,0,6,10,0,16,15,42,27,0,84,29,0,29,113
09/02/2007,MOB,AL,ASO,CE,Combined TRACON& Tower with Radar,4,31,9,4,48,0,5,2,0,7,4,36,11,4,55,8,0,8,63
09/03/2007,MOB,AL,ASO,CE,Combined TRACON& Tower with Radar,6,38,22,2,68,0,10,7,5,22,6,48,29,7,90,4,2,6,96
09/04/2007,MOB,AL,ASO,CE,Combined TRACON& Tower with Radar,17,30,21,59,127,0,1,7,29,37,17,31,28,88,164,10,144,154,318
09/05/2007,MOB,AL,ASO,CE,Combined TRACON& Tower with Radar,8,39,13,64,124,0,1,12,25,38,8,40,25,89,162,36,44,80,242
09/06/2007,MOB,AL,ASO,CE,Combined TRACON& Tower with Radar,4,41,19,35,99,0,4,9,31,44,4,45,28,66,143,18,112,130,273
09/07/2007,MOB,AL,ASO,CE,Combined TRACON& Tower with Radar,6,45,25,49,125,0,9,11,17,37,6,54,36,66,162,29,29,58,220
09/08/2007,MOB,AL,ASO,CE,Combined TRACON& Tower with Radar,6,35,22,4,67,0,9,26,4,39,6,44,48,8,106,24,43,67,173
09/09/2007,MOB,AL,ASO,CE,Combined TRACON& Tower with Radar,16,44,33,26,119,0,6,17,5,28,16,50,50,31,147,52,0,52,199
09/10/2007,MOB,AL,ASO,CE,Combined TRACON& Tower with Radar,11,41,16,132,200,0,9,11,25,45,11,50,27,157,245,31,196,227,472
09/11/2007,MOB,AL,ASO,CE,Combined TRACON& Tower with Radar,9,42,28,91,170,0,6,19,25,50,9,48,47,116,220,16,224,240,460
09/12/2007,MOB,AL,ASO,CE,Combined TRACON& Tower with Radar,10,39,41,63,153,1,17,21,17,56,11,56,62,80,209,22,86,108,317
09/13/2007,MOB,AL,ASO,CE,Combined TRACON& Tower with Radar,6,39,25,22,92,0,2,7,4,13,6,41,32,26,105,0,16,16,121
09/14/2007,MOB,AL,ASO,CE,Combined TRACON& Tower with Radar,11,35,18,46,110,0,14,7,10,31,11,49,25,56,141,14,79,93,234
09/15/2007,MOB,AL,ASO,CE,Combined TRACON& Tower with Radar,9,27,17,0,53,0,8,24,8,40,9,35,41,8,93,12,12,24,117
09/16/2007,MOB,AL,ASO,CE,Combined TRACON& Tower with Radar,9,37,27,35,108,1,14,16,2,33,10,51,43,37,141,20,28,48,189
09/17/2007,MOB,AL,ASO,CE,Combined TRACON& Tower with Radar,9,38,19,58,124,0,6,12,39,57,9,44,31,97,181,18,58,76,257
09/18/2007,MOB,AL,ASO,CE,Combined TRACON& Tower with Radar,9,37,20,79,145,0,3,18,25,46,9,40,38,104,191,24,262,286,477
09/19/2007,MOB,AL,ASO,CE,Combined TRACON& Tower with Radar,5,43,31,81,160,0,14,7,21,42,5,57,38,102,202,8,84,92,294
09/20/2007,MOB,AL,ASO,CE,Combined TRACON& Tower with Radar,4,48,35,100,187,0,5,11,22,38,4,53,46,122,225,14,252,266,491
09/21/2007,MOB,AL,ASO,CE,Combined TRACON& Tower with Radar,5,42,23,11,81,0,9,10,20,39,5,51,33,31,120,0,8,8,128
09/22/2007,MOB,AL,ASO,CE,Combined TRACON& Tower with Radar,4,32,13,1,50,0,5,10,1,16,4,37,23,2,66,8,0,8,74
09/23/2007,MOB,AL,ASO,CE,Combined TRACON& Tower with Radar,5,43,5,7,60,0,1,4,2,7,5,44,9,9,67,0,0,0,67
09/24/2007,MOB,AL,ASO,CE,Combined TRACON& Tower with Radar,10,37,9,43,99,0,5,4,23,32,10,42,13,66,131,0,236,236,367
09/25/2007,MOB,AL,ASO,CE,Combined TRACON& Tower with Radar,9,35,27,83,154,0,17,14,21,52,9,52,41,104,206,0,132,132,338
09/26/2007,MOB,AL,ASO,CE,Combined TRACON& Tower with Radar,13,35,18,110,176,0,5,19,23,47,13,40,37,133,223,10,86,96,319
09/27/2007,MOB,AL,ASO,CE,Combined TRACON& Tower with Radar,9,42,30,102,183,0,6,4,19,29,9,48,34,121,212,6,156,162,374
09/28/2007,MOB,AL,ASO,CE,Combined TRACON& Tower with Radar,12,49,54,41,156,0,5,25,21,51,12,54,79,62,207,18,69,87,294
09/29/2007,MOB,AL,ASO,CE,Combined TRACON& Tower with Radar,6,27,26,2,61,0,7,31,5,43,6,34,57,7,104,48,10,58,162
09/30/2007,MOB,AL,ASO,CE,Combined TRACON& Tower with Radar,8,39,23,10,80,0,3,16,2,21,8,42,39,12,101,17,7,24,125
10/01/2007,MOB,AL,ASO,CE,Combined TRACON& Tower with Radar,8,42,25,113,188,1,6,13,26,46,9,48,38,139,234,19,14,33,267
10/02/2007,MOB,AL,ASO,CE,Combined TRACON& Tower with Radar,13,37,22,70,142,0,3,19,24,46,13,40,41,94,188,6,108,114,302
10/03/2007,MOB,AL,ASO,CE,Combined TRACON& Tower with Radar,11,38,21,76,146,0,4,5,17,26,11,42,26,93,172,48,105,153,325
10/04/2007,MOB,AL,ASO,CE,Combined TRACON& Tower with Radar,10,46,26,98,180,0,3,7,20,30,10,49,33,118,210,18,112,130,340
10/05/2007,MOB,AL,ASO,CE,Combined TRACON& Tower with Radar,9,44,28,102,183,0,8,7,16,31,9,52,35,118,214,0,104,104,318
10/06/2007,MOB,AL,ASO,CE,Combined TRACON& Tower with Radar,5,31,23,1,60,0,7,9,3,19,5,38,32,4,79,14,0,14,93
10/07/2007,MOB,AL,ASO,CE,Combined TRACON& Tower with Radar,5,42,19,6,72,0,8,11,6,25,5,50,30,12,97,6,54,60,157
10/08/2007,MOB,AL,ASO,CE,Combined TRACON& Tower with Radar,4,43,34,5,86,0,7,9,4,20,4,50,43,9,106,28,48,76,182
10/09/2007,MOB,AL,ASO,CE,Combined TRACON& Tower with Radar,8,38,13,116,175,0,9,5,30,44,8,47,18,146,219,18,12,30,249
10/10/2007,MOB,AL,ASO,CE,Combined TRACON& Tower with Radar,6,41,21,73,141,0,9,17,32,58,6,50,38,105,199,2,204,206,405
10/11/2007,MOB,AL,ASO,CE,Combined TRACON& Tower with Radar,5,47,39,83,174,0,1,10,27,38,5,48,49,110,212,2,136,138,350
10/12/2007,MOB,AL,ASO,CE,Combined TRACON& Tower with Radar,5,43,32,84,164,0,4,24,21,49,5,47,56,105,213,54,136,190,403
10/13/2007,MOB,AL,ASO,CE,Combined TRACON& Tower with Radar,7,27,22,5,61,0,9,24,3,36,7,36,46,8,97,18,8,26,123
10/14/2007,MOB,AL,ASO,CE,Combined TRACON& Tower with Radar,10,34,27,3,74,0,7,13,6,26,10,41,40,9,100,34,5,39,139
10/15/2007,MOB,AL,ASO,CE,Combined TRACON& Tower with Radar,11,34,12,70,127,0,8,2,22,32,11,42,14,92,159,8,101,109,268
10/16/2007,MOB,AL,ASO,CE,Combined TRACON& Tower with Radar,6,42,22,66,136,0,1,3,20,24,6,43,25,86,160,0,136,136,296
10/17/2007,MOB,AL,ASO,CE,Combined TRACON& Tower with Radar,2,42,35,35,114,3,6,2,21,32,5,48,37,56,146,2,102,104,250
10/18/2007,MOB,AL,ASO,CE,Combined TRACON& Tower with Radar,5,44,19,2,70,0,5,1,4,10,5,49,20,6,80,0,0,0,80
10/19/2007,MOB,AL,ASO,CE,Combined TRACON& Tower with Radar,6,42,21,53,122,0,6,15,22,43,6,48,36,75,165,0,58,58,223
10/20/2007,MOB,AL,ASO,CE,Combined TRACON& Tower with Radar,8,32,36,24,100,0,11,24,3,38,8,43,60,27,138,32,10,42,180
10/21/2007,MOB,AL,ASO,CE,Combined TRACON& Tower with Radar,10,39,24,22,95,0,6,16,0,22,10,45,40,22,117,52,32,84,201
10/22/2007,MOB,AL,ASO,CE,Combined TRACON& Tower with Radar,5,35,8,2,50,0,9,2,4,15,5,44,10,6,65,0,0,0,65
10/23/2007,MOB,AL,ASO,CE,Combined TRACON& Tower with Radar,7,41,19,103,170,0,7,3,6,16,7,48,22,109,186,8,90,98,284
10/24/2007,MOB,AL,ASO,CE,Combined TRACON& Tower with Radar,10,41,26,92,169,0,2,13,20,35,10,43,39,112,204,26,116,142,346
10/25/2007,MOB,AL,ASO,CE,Combined TRACON& Tower with Radar,7,41,21,130,199,0,12,14,48,74,7,53,35,178,273,15,104,119,392
10/26/2007,MOB,AL,ASO,CE,Combined TRACON& Tower with Radar,5,46,26,77,154,0,11,15,29,55,5,57,41,106,209,66,118,184,393
10/27/2007,MOB,AL,ASO,CE,Combined TRACON& Tower with Radar,4,32,11,3,50,0,1,21,2,24,4,33,32,5,74,22,10,32,106
10/28/2007,MOB,AL,ASO,CE,Combined TRACON& Tower with Radar,6,43,19,8,76,0,4,16,3,23,6,47,35,11,99,44,20,64,163
10/29/2007,MOB,AL,ASO,CE,Combined TRACON& Tower with Radar,4,46,18,73,141,0,8,9,44,61,4,54,27,117,202,29,111,140,342
10/30/2007,MOB,AL,ASO,CE,Combined TRACON& Tower with Radar,5,44,15,54,118,0,9,14,30,53,5,53,29,84,171,2,70,72,243
10/31/2007,MOB,AL,ASO,CE,Combined TRACON& Tower with Radar,5,43,15,38,101,0,13,14,23,50,5,56,29,61,151,4,114,118,269
11/01/2007,MOB,AL,ASO,CE,Combined TRACON& Tower with Radar,2,46,19,62,129,0,13,16,34,63,2,59,35,96,192,6,36,42,234
11/02/2007,MOB,AL,ASO,CE,Combined TRACON& Tower with Radar,7,47,19,31,104,0,8,17,26,51,7,55,36,57,155,28,110,138,293
11/03/2007,MOB,AL,ASO,CE,Combined TRACON& Tower with Radar,4,41,8,6,59,0,5,19,5,29,4,46,27,11,88,28,22,50,138
11/04/2007,MOB,AL,ASO,CE,Combined TRACON& Tower with Radar,1,6,2,0,9,0,3,2,0,5,1,9,4,0,14,12,0,12,26
11/05/2007,MOB,AL,ASO,CE,Combined TRACON& Tower with Radar,1,34,12,18,65,0,3,8,26,37,1,37,20,44,102,4,66,70,172
11/06/2007,MOB,AL,ASO,CE,Combined TRACON& Tower with Radar,2,50,34,49,135,0,9,15,27,51,2,59,49,76,186,16,146,162,348
11/07/2007,MOB,AL,ASO,CE,Combined TRACON& Tower with Radar,5,51,26,32,114,0,8,8,25,41,5,59,34,57,155,44,166,210,365
11/08/2007,MOB,AL,ASO,CE,Combined TRACON& Tower with Radar,4,46,18,42,110,0,7,24,29,60,4,53,42,71,170,16,74,90,260
11/09/2007,MOB,AL,ASO,CE,Combined TRACON& Tower with Radar,2,47,25,44,118,0,7,21,14,42,2,54,46,58,160,0,34,34,194
11/10/2007,MOB,AL,ASO,CE,Combined TRACON& Tower with Radar,5,33,11,1,50,0,4,22,1,27,5,37,33,2,77,22,0,22,99
11/11/2007,MOB,AL,ASO,CE,Combined TRACON& Tower with Radar,4,46,29,5,84,0,14,31,1,46,4,60,60,6,130,110,4,114,244
11/12/2007,MOB,AL,ASO,CE,Combined TRACON& Tower with Radar,4,44,23,3,74,0,8,14,4,26,4,52,37,7,100,6,2,8,108
11/13/2007,MOB,AL,ASO,CE,Combined TRACON& Tower with Radar,4,47,25,69,145,0,4,12,31,47,4,51,37,100,192,18,134,152,344
11/14/2007,MOB,AL,ASO,CE,Combined TRACON& Tower with Radar,2,53,30,63,148,0,2,8,20,30,2,55,38,83,178,18,60,78,256
11/15/2007,MOB,AL,ASO,CE,Combined TRACON& Tower with Radar,5,55,29,75,164,0,11,20,12,43,5,66,49,87,207,34,60,94,301
11/16/2007,MOB,AL,ASO,CE,Combined TRACON& Tower with Radar,3,53,32,44,132,0,13,16,24,53,3,66,48,68,185,10,66,76,261
11/17/2007,MOB,AL,ASO,CE,Combined TRACON& Tower with Radar,7,34,25,12,78,0,17,10,6,33,7,51,35,18,111,52,14,66,177
11/18/2007,MOB,AL,ASO,CE,Combined TRACON& Tower with Radar,7,48,15,5,75,0,19,7,7,33,7,67,22,12,108,32,0,32,140
11/19/2007,MOB,AL,ASO,CE,Combined TRACON& Tower with Radar,4,43,33,49,129,0,12,22,49,83,4,55,55,98,212,26,54,80,292
11/20/2007,MOB,AL,ASO,CE,Combined TRACON& Tower with Radar,2,51,22,74,149,0,7,19,19,45,2,58,41,93,194,28,53,81,275
11/21/2007,MOB,AL,ASO,CE,Combined TRACON& Tower with Radar,3,45,19,14,81,0,10,2,22,34,3,55,21,36,115,0,20,20,135
11/22/2007,MOB,AL,ASO,CE,Combined TRACON& Tower with Radar,2,28,6,0,36,0,4,0,0,4,2,32,6,0,40,18,1,19,59
11/23/2007,MOB,AL,ASO,CE,Combined TRACON& Tower with Radar,4,31,15,2,52,0,8,18,2,28,4,39,33,4,80,18,22,40,120
11/24/2007,MOB,AL,ASO,CE,Combined TRACON& Tower with Radar,8,31,18,3,60,0,6,17,2,25,8,37,35,5,85,18,8,26,111
11/25/2007,MOB,AL,ASO,CE,Combined TRACON& Tower with Radar,10,38,24,2,74,0,1,0,0,1,10,39,24,2,75,14,0,14,89
11/26/2007,MOB,AL,ASO,CE,Combined TRACON& Tower with Radar,2,50,25,63,140,0,4,13,25,42,2,54,38,88,182,37,56,93,275
11/27/2007,MOB,AL,ASO,CE,Combined TRACON& Tower with Radar,4,47,10,100,161,0,6,14,25,45,4,53,24,125,206,0,90,90,296
11/28/2007,MOB,AL,ASO,CE,Combined TRACON& Tower with Radar,4,44,25,110,183,0,0,27,16,43,4,44,52,126,226,30,184,214,440
11/29/2007,MOB,AL,ASO,CE,Combined TRACON& Tower with Radar,3,48,18,66,135,0,2,11,29,42,3,50,29,95,177,12,257,269,446
11/30/2007,MOB,AL,ASO,CE,Combined TRACON& Tower with Radar,6,48,17,44,115,0,3,14,18,35,6,51,31,62,150,20,30,50,200
12/01/2007,MOB,AL,ASO,CE,Combined TRACON& Tower with Radar,12,34,13,2,61,0,15,7,3,25,12,49,20,5,86,56,0,56,142
12/02/2007,MOB,AL,ASO,CE,Combined TRACON& Tower with Radar,5,43,23,4,75,3,9,5,0,17,8,52,28,4,92,12,0,12,104
12/03/2007,MOB,AL,ASO,CE,Combined TRACON& Tower with Radar,3,49,17,56,125,0,15,5,25,45,3,64,22,81,170,26,64,90,260
12/04/2007,MOB,AL,ASO,CE,Combined TRACON& Tower with Radar,5,44,31,86,166,0,10,14,23,47,5,54,45,109,213,6,150,156,369
12/05/2007,MOB,AL,ASO,CE,Combined TRACON& Tower with Radar,4,46,22,127,199,0,16,15,40,71,4,62,37,167,270,2,55,57,327
12/06/2007,MOB,AL,ASO,CE,Combined TRACON& Tower with Radar,5,49,24,77,155,0,8,18,38,64,5,57,42,115,219,24,144,168,387
12/07/2007,MOB,AL,ASO,CE,Combined TRACON& Tower with Radar,4,44,17,52,117,0,7,2,17,26,4,51,19,69,143,22,44,66,209
12/08/2007,MOB,AL,ASO,CE,Combined TRACON& Tower with Radar,6,35,16,3,60,0,5,3,1,9,6,40,19,4,69,22,6,28,97
12/09/2007,MOB,AL,ASO,CE,Combined TRACON& Tower with Radar,15,38,13,11,77,0,5,6,1,12,15,43,19,12,89,18,0,18,107
12/10/2007,MOB,AL,ASO,CE,Combined TRACON& Tower with Radar,8,48,26,78,160,0,8,8,26,42,8,56,34,104,202,0,260,260,462
12/11/2007,MOB,AL,ASO,CE,Combined TRACON& Tower with Radar,4,52,28,108,192,0,4,8,25,37,4,56,36,133,229,4,72,76,305
12/12/2007,MOB,AL,ASO,CE,Combined TRACON& Tower with Radar,5,42,24,61,132,0,8,5,20,33,5,50,29,81,165,14,60,74,239
12/13/2007,MOB,AL,ASO,CE,Combined TRACON& Tower with Radar,3,46,28,62,139,0,4,17,20,41,3,50,45,82,180,20,104,124,304
12/14/2007,MOB,AL,ASO,CE,Combined TRACON& Tower with Radar,1,51,31,31,114,0,9,26,8,43,1,60,57,39,157,0,4,4,161
12/15/2007,MOB,AL,ASO,CE,Combined TRACON& Tower with Radar,11,27,11,2,51,0,2,5,0,7,11,29,16,2,58,16,4,20,78
12/16/2007,MOB,AL,ASO,CE,Combined TRACON& Tower with Radar,1,43,26,17,87,0,6,13,9,28,1,49,39,26,115,40,18,58,173
12/17/2007,MOB,AL,ASO,CE,Combined TRACON& Tower with Radar,2,44,18,114,178,0,8,17,18,43,2,52,35,132,221,44,80,124,345
12/18/2007,MOB,AL,ASO,CE,Combined TRACON& Tower with Radar,9,40,26,105,180,0,12,24,11,47,9,52,50,116,227,10,120,130,357
12/19/2007,MOB,AL,ASO,CE,Combined TRACON& Tower with Radar,3,49,28,55,135,0,6,21,10,37,3,55,49,65,172,34,138,172,344
12/20/2007,MOB,AL,ASO,CE,Combined TRACON& Tower with Radar,4,39,12,8,63,0,3,5,6,14,4,42,17,14,77,0,52,52,129
12/21/2007,MOB,AL,ASO,CE,Combined TRACON& Tower with Radar,4,49,37,30,120,0,10,17,15,42,4,59,54,45,162,30,26,56,218
12/22/2007,MOB,AL,ASO,CE,Combined TRACON& Tower with Radar,5,32,22,5,64,0,15,3,0,18,5,47,25,5,82,14,0,14,96
12/23/2007,MOB,AL,ASO,CE,Combined TRACON& Tower with Radar,8,33,64,0,105,0,2,11,3,16,8,35,75,3,121,30,0,30,151
12/24/2007,MOB,AL,ASO,CE,Combined TRACON& Tower with Radar,5,27,10,0,42,0,6,10,0,16,5,33,20,0,58,0,0,0,58
12/25/2007,MOB,AL,ASO,CE,Combined TRACON& Tower with Radar,6,31,10,0,47,0,15,7,0,22,6,46,17,0,69,8,0,8,77
12/26/2007,MOB,AL,ASO,CE,Combined TRACON& Tower with Radar,6,21,30,77,134,0,26,0,2,28,6,47,30,79,162,38,30,68,230
12/27/2007,MOB,AL,ASO,CE,Combined TRACON& Tower with Radar,3,46,28,69,146,0,9,9,0,18,3,55,37,69,164,28,46,74,238
12/28/2007,MOB,AL,ASO,CE,Combined TRACON& Tower with Radar,2,48,12,2,64,0,6,4,1,11,2,54,16,3,75,8,0,8,83
12/29/2007,MOB,AL,ASO,CE,Combined TRACON& Tower with Radar,8,35,51,19,113,0,9,2,0,11,8,44,53,19,124,24,0,24,148
12/30/2007,MOB,AL,ASO,CE,Combined TRACON& Tower with Radar,5,39,16,5,65,0,17,1,0,18,5,56,17,5,83,35,0,35,118
12/31/2007,MOB,AL,ASO,CE,Combined TRACON& Tower with Radar,3,32,26,2,63,0,4,17,10,31,3,36,43,12,94,22,5,27,121
01/01/2008,MOB,AL,ASO,CE,Combined TRACON& Tower with Radar,5,34,12,0,51,0,3,7,0,10,5,37,19,0,61,8,4,12,73
01/02/2008,MOB,AL,ASO,CE,Combined TRACON& Tower with Radar,5,38,30,96,169,0,16,10,10,36,5,54,40,106,205,78,182,260,465
01/03/2008,MOB,AL,ASO,CE,Combined TRACON& Tower with Radar,8,50,33,140,231,0,8,26,15,49,8,58,59,155,280,90,98,188,468
01/04/2008,MOB,AL,ASO,CE,Combined TRACON& Tower with Radar,3,43,34,71,151,0,15,16,20,51,3,58,50,91,202,50,98,148,350
01/05/2008,MOB,AL,ASO,CE,Combined TRACON& Tower with Radar,7,25,47,13,92,0,14,14,3,31,7,39,61,16,123,50,12,62,185
01/06/2008,MOB,AL,ASO,CE,Combined TRACON& Tower with Radar,13,34,25,8,80,0,4,14,5,23,13,38,39,13,103,55,44,99,202
01/07/2008,MOB,AL,ASO,CE,Combined TRACON& Tower with Radar,13,45,28,15,101,0,8,8,1,17,13,53,36,16,118,34,44,78,196
01/08/2008,MOB,AL,ASO,CE,Combined TRACON& Tower with Radar,7,37,23,50,117,0,9,8,2,19,7,46,31,52,136,34,102,136,272
01/09/2008,MOB,AL,ASO,CE,Combined TRACON& Tower with Radar,8,41,31,127,207,0,2,13,26,41,8,43,44,153,248,36,170,206,454
01/10/2008,MOB,AL,ASO,CE,Combined TRACON& Tower with Radar,2,38,36,66,142,0,6,5,11,22,2,44,41,77,164,0,57,57,221
01/11/2008,MOB,AL,ASO,CE,Combined TRACON& Tower with Radar,6,43,98,81,228,0,9,27,24,60,6,52,125,105,288,50,46,96,384
01/12/2008,MOB,AL,ASO,CE,Combined TRACON& Tower with Radar,10,32,36,2,80,0,7,34,4,45,10,39,70,6,125,144,22,166,291
01/13/2008,MOB,AL,ASO,CE,Combined TRACON& Tower with Radar,17,38,44,30,129,0,18,21,3,42,17,56,65,33,171,30,21,51,222
01/14/2008,MOB,AL,ASO,CE,Combined TRACON& Tower with Radar,2,39,19,117,177,0,3,32,29,64,2,42,51,146,241,34,212,246,487
01/15/2008,MOB,AL,ASO,CE,Combined TRACON& Tower with Radar,7,36,27,114,184,0,12,31,32,75,7,48,58,146,259,130,232,362,621
01/16/2008,MOB,AL,ASO,CE,Combined TRACON& Tower with Radar,6,39,11,32,88,0,3,1,13,17,6,42,12,45,105,17,6,23,128
01/17/2008,MOB,AL,ASO,CE,Combined TRACON& Tower with Radar,5,50,52,176,283,0,2,16,23,41,5,52,68,199,324,17,221,238,562
01/18/2008,MOB,AL,ASO,CE,Combined TRACON& Tower with Radar,3,49,38,99,189,0,13,13,13,39,3,62,51,112,228,24,202,226,454
01/19/2008,MOB,AL,ASO,CE,Combined TRACON& Tower with Radar,11,34,15,0,60,0,5,0,3,8,11,39,15,3,68,0,0,0,68
01/20/2008,MOB,AL,ASO,CE,Combined TRACON& Tower with Radar,14,36,22,12,84,0,8,23,6,37,14,44,45,18,121,68,4,72,193
01/21/2008,MOB,AL,ASO,CE,Combined TRACON& Tower with Radar,8,42,21,27,98,0,18,38,3,59,8,60,59,30,157,74,20,94,251
01/22/2008,MOB,AL,ASO,CE,Combined TRACON& Tower with Radar,2,46,29,115,192,0,0,0,0,0,2,46,29,115,192,2,32,34,226
01/23/2008,MOB,AL,ASO,CE,Combined TRACON& Tower with Radar,6,51,37,96,190,0,8,5,31,44,6,59,42,127,234,34,64,98,332
01/24/2008,MOB,AL,ASO,CE,Combined TRACON& Tower with Radar,4,45,24,62,135,0,9,10,22,41,4,54,34,84,176,38,88,126,302
01/25/2008,MOB,AL,ASO,CE,Combined TRACON& Tower with Radar,4,34,25,48,111,0,0,15,16,31,4,34,40,64,142,72,75,147,289
01/26/2008,MOB,AL,ASO,CE,Combined TRACON& Tower with Radar,10,32,16,0,58,0,0,0,0,0,10,32,16,0,58,0,0,0,58
01/27/2008,MOB,AL,ASO,CE,Combined TRACON& Tower with Radar,9,39,21,61,130,0,11,21,6,38,9,50,42,67,168,54,114,168,336
01/28/2008,MOB,AL,ASO,CE,Combined TRACON& Tower with Radar,2,49,14,96,161,0,10,21,21,52,2,59,35,117,213,40,70,110,323
01/29/2008,MOB,AL,ASO,CE,Combined TRACON& Tower with Radar,2,40,30,144,216,0,6,11,28,45,2,46,41,172,261,42,90,132,393
01/30/2008,MOB,AL,ASO,CE,Combined TRACON& Tower with Radar,4,40,30,114,188,0,13,15,37,65,4,53,45,151,253,58,98,156,409
01/31/2008,MOB,AL,ASO,CE,Combined TRACON& Tower with Radar,2,42,26,44,114,0,4,1,7,12,2,46,27,51,126,20,62,82,208
02/01/2008,MOB,AL,ASO,CE,Combined TRACON& Tower with Radar,3,45,12,138,198,0,7,25,36,68,3,52,37,174,266,34,214,248,514
02/02/2008,MOB,AL,ASO,CE,Combined TRACON& Tower with Radar,16,28,31,27,102,0,6,17,16,39,16,34,48,43,141,64,118,182,323
02/03/2008,MOB,AL,ASO,CE,Combined TRACON& Tower with Radar,6,37,15,38,96,0,10,2,3,15,6,47,17,41,111,38,36,74,185
02/04/2008,MOB,AL,ASO,CE,Combined TRACON& Tower with Radar,7,46,13,102,168,0,4,11,15,30,7,50,24,117,198,18,116,134,332
02/05/2008,MOB,AL,ASO,CE,Combined TRACON& Tower with Radar,2,49,20,41,112,0,5,2,0,7,2,54,22,41,119,0,34,34,153
02/06/2008,MOB,AL,ASO,CE,Combined TRACON& Tower with Radar,4,39,20,96,159,0,7,20,24,51,4,46,40,120,210,54,134,188,398
02/07/2008,MOB,AL,ASO,CE,Combined TRACON& Tower with Radar,7,47,21,89,164,0,4,8,29,41,7,51,29,118,205,26,300,326,531
02/08/2008,MOB,AL,ASO,CE,Combined TRACON& Tower with Radar,7,38,24,72,141,0,10,16,28,54,7,48,40,100,195,4,88,92,287
02/09/2008,MOB,AL,ASO,CE,Combined TRACON& Tower with Radar,12,36,19,0,67,0,14,21,3,38,12,50,40,3,105,55,1,56,161
02/10/2008,MOB,AL,ASO,CE,Combined TRACON& Tower with Radar,4,40,14,28,86,0,10,26,5,41,4,50,40,33,127,14,86,100,227
02/11/2008,MOB,AL,ASO,CE,Combined TRACON& Tower with Radar,3,41,21,88,153,0,3,13,24,40,3,44,34,112,193,44,72,116,309
02/12/2008,MOB,AL,ASO,CE,Combined TRACON& Tower with Radar,12,33,13,30,88,0,3,8,13,24,12,36,21,43,112,0,48,48,160
02/13/2008,MOB,AL,ASO,CE,Combined TRACON& Tower with Radar,6,38,19,123,186,0,5,9,24,38,6,43,28,147,224,8,7,15,239
02/14/2008,MOB,AL,ASO,CE,Combined TRACON& Tower with Radar,4,46,22,79,151,0,21,10,31,62,4,67,32,110,213,42,71,113,326
02/15/2008,MOB,AL,ASO,CE,Combined TRACON& Tower with Radar,3,45,39,116,203,0,7,12,12,31,3,52,51,128,234,62,114,176,410
02/16/2008,MOB,AL,ASO,CE,Combined TRACON& Tower with Radar,7,32,18,14,71,0,8,18,1,27,7,40,36,15,98,94,0,94,192
02/17/2008,MOB,AL,ASO,CE,Combined TRACON& Tower with Radar,11,34,7,0,52,0,7,5,0,12,11,41,12,0,64,17,0,17,81
02/18/2008,MOB,AL,ASO,CE,Combined TRACON& Tower with Radar,4,40,19,13,76,0,3,14,3,20,4,43,33,16,96,20,31,51,147
02/19/2008,MOB,AL,ASO,CE,Combined TRACON& Tower with Radar,5,50,24,141,220,0,9,17,24,50,5,59,41,165,270,78,92,170,440
02/20/2008,MOB,AL,ASO,CE,Combined TRACON& Tower with Radar,2,50,35,121,208,0,10,13,34,57,2,60,48,155,265,70,133,203,468
02/21/2008,MOB,AL,ASO,CE,Combined TRACON& Tower with Radar,6,40,22,7,75,0,1,3,6,10,6,41,25,13,85,20,0,20,105
02/22/2008,MOB,AL,ASO,CE,Combined TRACON& Tower with Radar,5,43,8,7,63,0,5,0,0,5,5,48,8,7,68,0,0,0,68
02/23/2008,MOB,AL,ASO,CE,Combined TRACON& Tower with Radar,5,31,15,12,63,0,7,13,7,27,5,38,28,19,90,32,66,98,188
02/24/2008,MOB,AL,ASO,CE,Combined TRACON& Tower with Radar,9,38,30,30,107,0,18,14,1,33,9,56,44,31,140,54,38,92,232
02/25/2008,MOB,AL,ASO,CE,Combined TRACON& Tower with Radar,5,47,39,149,240,0,14,1,21,36,5,61,40,170,276,22,166,188,464
02/26/2008,MOB,AL,ASO,CE,Combined TRACON& Tower with Radar,4,39,32,107,182,0,12,7,36,55,4,51,39,143,237,12,248,260,497
02/27/2008,MOB,AL,ASO,CE,Combined TRACON& Tower with Radar,10,46,41,100,197,0,4,27,7,38,10,50,68,107,235,30,130,160,395
02/28/2008,MOB,AL,ASO,CE,Combined TRACON& Tower with Radar,2,47,29,86,164,0,13,35,30,78,2,60,64,116,242,52,103,155,397
02/29/2008,MOB,AL,ASO,CE,Combined TRACON& Tower with Radar,2,45,36,72,155,0,16,18,25,59,2,61,54,97,214,62,145,207,421
03/01/2008,MOB,AL,ASO,CE,Combined TRACON& Tower with Radar,5,37,14,3,59,0,18,20,5,43,5,55,34,8,102,30,16,46,148
03/02/2008,MOB,AL,ASO,CE,Combined TRACON& Tower with Radar,15,31,17,4,67,0,6,16,2,24,15,37,33,6,91,64,32,96,187
03/03/2008,MOB,AL,ASO,CE,Combined TRACON& Tower with Radar,3,43,14,42,102,0,3,5,19,27,3,46,19,61,129,7,156,163,292
03/04/2008,MOB,AL,ASO,CE,Combined TRACON& Tower with Radar,6,36,26,76,144,0,7,5,30,42,6,43,31,106,186,24,200,224,410
03/05/2008,MOB,AL,ASO,CE,Combined TRACON& Tower with Radar,7,39,40,104,190,0,0,21,24,45,7,39,61,128,235,94,158,252,487
03/06/2008,MOB,AL,ASO,CE,Combined TRACON& Tower with Radar,2,42,24,79,147,0,12,18,30,60,2,54,42,109,207,22,66,88,295
03/07/2008,MOB,AL,ASO,CE,Combined TRACON& Tower with Radar,6,34,19,66,125,0,13,7,16,36,6,47,26,82,161,29,137,166,327
03/08/2008,MOB,AL,ASO,CE,Combined TRACON& Tower with Radar,8,30,22,2,62,0,5,30,2,37,8,35,52,4,99,82,0,82,181
03/09/2008,MOB,AL,ASO,CE,Combined TRACON& Tower with Radar,7,38,34,13,92,0,12,28,9,49,7,50,62,22,141,106,26,132,273
03/10/2008,MOB,AL,ASO,CE,Combined TRACON& Tower with Radar,7,37,18,72,134,0,15,15,26,56,7,52,33,98,190,7,182,189,379
03/11/2008,MOB,AL,ASO,CE,Combined TRACON& Tower with Radar,6,37,22,54,119,0,4,13,20,37,6,41,35,74,156,20,158,178,334
03/12/2008,MOB,AL,ASO,CE,Combined TRACON& Tower with Radar,12,39,25,111,187,0,9,19,15,43,12,48,44,126,230,50,209,259,489
03/13/2008,MOB,AL,ASO,CE,Combined TRACON& Tower with Radar,4,47,36,85,172,0,7,19,25,51,4,54,55,110,223,34,116,150,373
03/14/2008,MOB,AL,ASO,CE,Combined TRACON& Tower with Radar,3,52,39,82,176,0,8,11,18,37,3,60,50,100,213,62,76,138,351
03/15/2008,MOB,AL,ASO,CE,Combined TRACON& Tower with Radar,10,32,9,1,52,0,6,5,3,14,10,38,14,4,66,30,0,30,96
03/16/2008,MOB,AL,ASO,CE,Combined TRACON& Tower with Radar,8,43,15,13,79,1,3,14,3,21,9,46,29,16,100,32,53,85,185
03/17/2008,MOB,AL,ASO,CE,Combined TRACON& Tower with Radar,9,42,24,55,130,0,3,6,27,36,9,45,30,82,166,18,290,308,474
03/18/2008,MOB,AL,ASO,CE,Combined TRACON& Tower with Radar,5,27,17,86,135,0,10,2,11,23,5,37,19,97,158,0,94,94,252
03/19/2008,MOB,AL,ASO,CE,Combined TRACON& Tower with Radar,3,39,29,37,108,0,3,8,7,18,3,42,37,44,126,46,78,124,250
03/20/2008,MOB,AL,ASO,CE,Combined TRACON& Tower with Radar,9,41,22,71,143,0,4,15,27,46,9,45,37,98,189,112,238,350,539
03/21/2008,MOB,AL,ASO,CE,Combined TRACON& Tower with Radar,4,41,30,73,148,0,11,18,17,46,4,52,48,90,194,70,48,118,312
03/22/2008,MOB,AL,ASO,CE,Combined TRACON& Tower with Radar,6,36,15,2,59,0,2,21,5,28,6,38,36,7,87,12,9,21,108
03/23/2008,MOB,AL,ASO,CE,Combined TRACON& Tower with Radar,8,36,21,2,67,0,5,8,2,15,8,41,29,4,82,82,2,84,166
03/24/2008,MOB,AL,ASO,CE,Combined TRACON& Tower with Radar,13,35,26,97,171,0,13,14,25,52,13,48,40,122,223,4,80,84,307
03/25/2008,MOB,AL,ASO,CE,Combined TRACON& Tower with Radar,7,43,21,158,229,0,4,8,31,43,7,47,29,189,272,30,296,326,598
03/26/2008,MOB,AL,ASO,CE,Combined TRACON& Tower with Radar,4,43,33,130,210,0,15,12,21,48,4,58,45,151,258,62,160,222,480
03/27/2008,MOB,AL,ASO,CE,Combined TRACON& Tower with Radar,11,43,15,58,127,0,15,9,47,71,11,58,24,105,198,0,48,48,246
03/28/2008,MOB,AL,ASO,CE,Combined TRACON& Tower with Radar,1,43,27,91,162,0,0,19,19,38,1,43,46,110,200,42,58,100,300
03/29/2008,MOB,AL,ASO,CE,Combined TRACON& Tower with Radar,6,33,15,7,61,1,8,6,3,18,7,41,21,10,79,8,32,40,119
03/30/2008,MOB,AL,ASO,CE,Combined TRACON& Tower with Radar,8,39,28,4,79,0,5,16,10,31,8,44,44,14,110,34,35,69,179
03/31/2008,MOB,AL,ASO,CE,Combined TRACON& Tower with Radar,4,49,23,90,166,0,8,3,2,13,4,57,26,92,179,18,16,34,213
04/01/2008,MOB,AL,ASO,CE,Combined TRACON& Tower with Radar,5,36,26,29,96,0,2,0,5,7,5,38,26,34,103,0,4,4,107
04/02/2008,MOB,AL,ASO,CE,Combined TRACON& Tower with Radar,5,48,25,31,109,0,5,2,0,7,5,53,27,31,116,10,172,182,298
04/03/2008,MOB,AL,ASO,CE,Combined TRACON& Tower with Radar,5,40,30,103,178,0,16,10,19,45,5,56,40,122,223,16,150,166,389
04/04/2008,MOB,AL,ASO,CE,Combined TRACON& Tower with Radar,1,40,10,34,85,0,8,2,16,26,1,48,12,50,111,48,60,108,219
04/05/2008,MOB,AL,ASO,CE,Combined TRACON& Tower with Radar,6,31,18,5,60,0,9,7,2,18,6,40,25,7,78,16,0,16,94
04/06/2008,MOB,AL,ASO,CE,Combined TRACON& Tower with Radar,4,45,33,11,93,0,12,10,2,24,4,57,43,13,117,28,19,47,164
04/07/2008,MOB,AL,ASO,CE,Combined TRACON& Tower with Radar,10,41,18,69,138,0,4,22,22,48,10,45,40,91,186,47,144,191,377
04/08/2008,MOB,AL,ASO,CE,Combined TRACON& Tower with Radar,4,44,33,124,205,0,11,9,20,40,4,55,42,144,245,66,170,236,481
04/09/2008,MOB,AL,ASO,CE,Combined TRACON& Tower with Radar,3,44,12,152,211,0,5,1,30,36,3,49,13,182,247,58,154,212,459
04/10/2008,MOB,AL,ASO,CE,Combined TRACON& Tower with Radar,6,40,30,110,186,0,11,4,34,49,6,51,34,144,235,8,175,183,418
04/11/2008,MOB,AL,ASO,CE,Combined TRACON& Tower with Radar,4,41,17,92,154,0,11,11,22,44,4,52,28,114,198,0,30,30,228
04/12/2008,MOB,AL,ASO,CE,Combined TRACON& Tower with Radar,9,25,9,13,56,0,1,20,6,27,9,26,29,19,83,26,16,42,125
04/13/2008,MOB,AL,ASO,CE,Combined TRACON& Tower with Radar,5,41,26,17,89,0,9,24,13,46,5,50,50,30,135,26,26,52,187
04/14/2008,MOB,AL,ASO,CE,Combined TRACON& Tower with Radar,5,43,21,89,158,0,6,20,26,52,5,49,41,115,210,0,80,80,290
04/15/2008,MOB,AL,ASO,CE,Combined TRACON& Tower with Radar,4,47,11,92,154,0,7,12,28,47,4,54,23,120,201,12,188,200,401
04/16/2008,MOB,AL,ASO,CE,Combined TRACON& Tower with Radar,3,48,25,91,167,0,5,30,31,66,3,53,55,122,233,33,120,153,386
04/17/2008,MOB,AL,ASO,CE,Combined TRACON& Tower with Radar,4,47,28,84,163,0,2,14,44,60,4,49,42,128,223,66,48,114,337
04/18/2008,MOB,AL,ASO,CE,Combined TRACON& Tower with Radar,5,42,15,50,112,0,0,12,29,41,5,42,27,79,153,27,76,103,256
04/19/2008,MOB,AL,ASO,CE,Combined TRACON& Tower with Radar,6,33,12,25,76,0,7,17,8,32,6,40,29,33,108,62,44,106,214
04/20/2008,MOB,AL,ASO,CE,Combined TRACON& Tower with Radar,4,41,31,28,104,0,14,17,8,39,4,55,48,36,143,24,77,101,244
04/21/2008,MOB,AL,ASO,CE,Combined TRACON& Tower with Radar,5,43,12,112,172,0,5,19,23,47,5,48,31,135,219,32,161,193,412
04/22/2008,MOB,AL,ASO,CE,Combined TRACON& Tower with Radar,4,41,31,95,171,0,18,10,33,61,4,59,41,128,232,22,229,251,483
04/23/2008,MOB,AL,ASO,CE,Combined TRACON& Tower with Radar,11,39,27,84,161,0,4,15,33,52,11,43,42,117,213,52,216,268,481
04/24/2008,MOB,AL,ASO,CE,Combined TRACON& Tower with Radar,4,55,13,70,142,0,19,11,28,58,4,74,24,98,200,20,89,109,309
04/25/2008,MOB,AL,ASO,CE,Combined TRACON& Tower with Radar,1,45,19,99,164,0,5,9,22,36,1,50,28,121,200,62,120,182,382
04/26/2008,MOB,AL,ASO,CE,Combined TRACON& Tower with Radar,2,32,19,1,54,0,9,5,1,15,2,41,24,2,69,22,2,24,93
04/27/2008,MOB,AL,ASO,CE,Combined TRACON& Tower with Radar,10,34,11,5,60,0,10,0,2,12,10,44,11,7,72,0,4,4,76
04/28/2008,MOB,AL,ASO,CE,Combined TRACON& Tower with Radar,3,45,19,55,122,0,7,19,20,46,3,52,38,75,168,22,168,190,358
04/29/2008,MOB,AL,ASO,CE,Combined TRACON& Tower with Radar,8,37,23,36,104,0,5,13,24,42,8,42,36,60,146,82,188,270,416
04/30/2008,MOB,AL,ASO,CE,Combined TRACON& Tower with Radar,4,45,39,47,135,0,10,23,19,52,4,55,62,66,187,24,119,143,330
05/01/2008,MOB,AL,ASO,CE,Combined TRACON& Tower with Radar,2,45,14,49,110,0,3,15,36,54,2,48,29,85,164,20,132,152,316
05/02/2008,MOB,AL,ASO,CE,Combined TRACON& Tower with Radar,6,44,11,42,103,0,9,1,20,30,6,53,12,62,133,3,43,46,179
05/03/2008,MOB,AL,ASO,CE,Combined TRACON& Tower with Radar,3,31,10,8,52,0,9,4,3,16,3,40,14,11,68,0,4,4,72
05/04/2008,MOB,AL,ASO,CE,Combined TRACON& Tower with Radar,15,36,39,12,102,0,10,27,5,42,15,46,66,17,144,68,166,234,378
05/05/2008,MOB,AL,ASO,CE,Combined TRACON& Tower with Radar,5,44,28,55,132,0,7,21,17,45,5,51,49,72,177,60,122,182,359
05/06/2008,MOB,AL,ASO,CE,Combined TRACON& Tower with Radar,2,43,22,99,166,0,6,15,35,56,2,49,37,134,222,46,234,280,502
05/07/2008,MOB,AL,ASO,CE,Combined TRACON& Tower with Radar,4,42,21,112,179,0,8,17,22,47,4,50,38,134,226,46,120,166,392
05/08/2008,MOB,AL,ASO,CE,Combined TRACON& Tower with Radar,4,43,26,76,149,0,12,9,17,38,4,55,35,93,187,2,40,42,229
05/09/2008,MOB,AL,ASO,CE,Combined TRACON& Tower with Radar,4,43,22,49,118,0,6,20,23,49,4,49,42,72,167,18,36,54,221
05/10/2008,MOB,AL,ASO,CE,Combined TRACON& Tower with Radar,8,34,12,5,59,0,4,2,6,12,8,38,14,11,71,50,16,66,137
05/11/2008,MOB,AL,ASO,CE,Combined TRACON& Tower with Radar,7,46,10,6,69,0,12,4,4,20,7,58,14,10,89,52,26,78,167
05/12/2008,MOB,AL,ASO,CE,Combined TRACON& Tower with Radar,4,44,23,77,148,0,9,22,54,85,4,53,45,131,233,44,148,192,425
05/13/2008,MOB,AL,ASO,CE,Combined TRACON& Tower with Radar,4,44,27,82,157,0,17,19,34,70,4,61,46,116,227,36,148,184,411
05/14/2008,MOB,AL,ASO,CE,Combined TRACON& Tower with Radar,4,39,32,90,165,0,5,14,26,45,4,44,46,116,210,8,146,154,364
05/15/2008,MOB,AL,ASO,CE,Combined TRACON& Tower with Radar,5,40,14,37,96,0,3,9,9,21,5,43,23,46,117,14,34,48,165
05/16/2008,MOB,AL,ASO,CE,Combined TRACON& Tower with Radar,4,45,14,18,81,0,1,2,5,8,4,46,16,23,89,12,42,54,143
05/17/2008,MOB,AL,ASO,CE,Combined TRACON& Tower with Radar,9,27,19,1,56,0,21,17,9,47,9,48,36,10,103,62,26,88,191
05/18/2008,MOB,AL,ASO,CE,Combined TRACON& Tower with Radar,7,40,20,28,95,0,17,15,7,39,7,57,35,35,134,42,28,70,204
05/19/2008,MOB,AL,ASO,CE,Combined TRACON& Tower with Radar,9,44,21,90,164,0,6,30,36,72,9,50,51,126,236,22,295,317,553
05/20/2008,MOB,AL,ASO,CE,Combined TRACON& Tower with Radar,2,44,15,64,125,0,6,22,37,65,2,50,37,101,190,76,128,204,394
05/21/2008,MOB,AL,ASO,CE,Combined TRACON& Tower with Radar,5,42,24,83,154,0,8,9,9,26,5,50,33,92,180,68,214,282,462
05/22/2008,MOB,AL,ASO,CE,Combined TRACON& Tower with Radar,6,46,24,45,121,7,13,13,31,64,13,59,37,76,185,8,58,66,251
05/23/2008,MOB,AL,ASO,CE,Combined TRACON& Tower with Radar,7,17,22,7,53,6,0,24,0,30,13,17,46,7,83,7,14,21,104
05/24/2008,MOB,AL,ASO,CE,Combined TRACON& Tower with Radar,5,30,12,13,60,0,12,13,7,32,5,42,25,20,92,42,0,42,134
05/25/2008,MOB,AL,ASO,CE,Combined TRACON& Tower with Radar,10,26,6,1,43,0,10,2,0,12,10,36,8,1,55,79,0,79,134
05/26/2008,MOB,AL,ASO,CE,Combined TRACON& Tower with Radar,5,38,17,7,67,0,7,5,1,13,5,45,22,8,80,0,0,0,80
05/27/2008,MOB,AL,ASO,CE,Combined TRACON& Tower with Radar,11,34,27,104,176,0,16,15,38,69,11,50,42,142,245,8,50,58,303
05/28/2008,MOB,AL,ASO,CE,Combined TRACON& Tower with Radar,10,36,22,94,162,0,15,8,34,57,10,51,30,128,219,16,220,236,455
05/29/2008,MOB,AL,ASO,CE,Combined TRACON& Tower with Radar,10,38,24,93,165,0,9,12,41,62,10,47,36,134,227,16,164,180,407
05/30/2008,MOB,AL,ASO,CE,Combined TRACON& Tower with Radar,5,44,28,55,132,0,21,23,18,62,5,65,51,73,194,64,112,176,370
05/31/2008,MOB,AL,ASO,CE,Combined TRACON& Tower with Radar,9,25,3,5,42,2,21,17,2,42,11,46,20,7,84,59,60,119,203
06/01/2008,MOB,AL,ASO,CE,Combined TRACON& Tower with Radar,6,40,25,10,81,0,4,13,8,25,6,44,38,18,106,36,20,56,162
06/02/2008,MOB,AL,ASO,CE,Combined TRACON& Tower with Radar,10,39,17,90,156,1,8,21,25,55,11,47,38,115,211,0,206,206,417
06/03/2008,MOB,AL,ASO,CE,Combined TRACON& Tower with Radar,9,44,25,88,166,0,9,18,41,68,9,53,43,129,234,54,188,242,476
06/04/2008,MOB,AL,ASO,CE,Combined TRACON& Tower with Radar,9,47,24,100,180,0,14,13,36,63,9,61,37,136,243,34,190,224,467
06/05/2008,MOB,AL,ASO,CE,Combined TRACON& Tower with Radar,8,43,15,89,155,0,9,24,32,65,8,52,39,121,220,62,142,204,424
06/06/2008,MOB,AL,ASO,CE,Combined TRACON& Tower with Radar,9,46,23,64,142,0,12,8,23,43,9,58,31,87,185,56,246,302,487
06/07/2008,MOB,AL,ASO,CE,Combined TRACON& Tower with Radar,9,29,17,1,56,0,7,10,3,20,9,36,27,4,76,46,42,88,164
06/08/2008,MOB,AL,ASO,CE,Combined TRACON& Tower with Radar,9,43,19,5,76,0,8,20,0,28,9,51,39,5,104,40,4,44,148
06/09/2008,MOB,AL,ASO,CE,Combined TRACON& Tower with Radar,6,49,28,51,134,0,2,23,30,55,6,51,51,81,189,19,12,31,220
06/10/2008,MOB,AL,ASO,CE,Combined TRACON& Tower with Radar,8,41,25,31,105,0,1,9,44,54,8,42,34,75,159,24,206,230,389
06/11/2008,MOB,AL,ASO,CE,Combined TRACON& Tower with Radar,10,46,24,32,112,0,9,5,35,49,10,55,29,67,161,60,234,294,455
06/12/2008,MOB,AL,ASO,CE,Combined TRACON& Tower with Radar,13,42,24,70,149,0,12,8,21,41,13,54,32,91,190,0,50,50,240
06/13/2008,MOB,AL,ASO,CE,Combined TRACON& Tower with Radar,9,47,4,68,128,0,4,14,8,26,9,51,18,76,154,26,29,55,209
06/14/2008,MOB,AL,ASO,CE,Combined TRACON& Tower with Radar,9,40,21,5,75,0,3,7,9,19,9,43,28,14,94,43,1,44,138
06/15/2008,MOB,AL,ASO,CE,Combined TRACON& Tower with Radar,8,45,10,33,96,0,13,5,5,23,8,58,15,38,119,18,38,56,175
06/16/2008,MOB,AL,ASO,CE,Combined TRACON& Tower with Radar,13,36,33,123,205,0,10,13,30,53,13,46,46,153,258,48,190,238,496
06/17/2008,MOB,AL,ASO,CE,Combined TRACON& Tower with Radar,6,45,24,50,125,0,1,21,55,77,6,46,45,105,202,78,182,260,462
06/18/2008,MOB,AL,ASO,CE,Combined TRACON& Tower with Radar,8,48,28,94,178,0,17,10,27,54,8,65,38,121,232,106,180,286,518
06/19/2008,MOB,AL,ASO,CE,Combined TRACON& Tower with Radar,8,47,41,97,193,0,23,18,37,78,8,70,59,134,271,60,118,178,449
06/20/2008,MOB,AL,ASO,CE,Combined TRACON& Tower with Radar,6,44,14,78,142,0,7,10,25,42,6,51,24,103,184,24,135,159,343
06/21/2008,MOB,AL,ASO,CE,Combined TRACON& Tower with Radar,7,34,12,17,70,0,9,8,6,23,7,43,20,23,93,70,52,122,215
06/22/2008,MOB,AL,ASO,CE,Combined TRACON& Tower with Radar,11,37,11,4,63,0,6,9,6,21,11,43,20,10,84,54,16,70,154
06/23/2008,MOB,AL,ASO,CE,Combined TRACON& Tower with Radar,9,44,17,90,160,0,18,17,36,71,9,62,34,126,231,46,148,194,425
06/24/2008,MOB,AL,ASO,CE,Combined TRACON& Tower with Radar,9,45,28,83,165,0,13,12,56,81,9,58,40,139,246,64,154,218,464
06/25/2008,MOB,AL,ASO,CE,Combined TRACON& Tower with Radar,11,44,28,15,98,0,7,9,25,41,11,51,37,40,139,90,160,250,389
06/26/2008,MOB,AL,ASO,CE,Combined TRACON& Tower with Radar,7,42,20,52,121,0,8,10,29,47,7,50,30,81,168,32,176,208,376
06/27/2008,MOB,AL,ASO,CE,Combined TRACON& Tower with Radar,9,40,20,49,118,0,5,23,22,50,9,45,43,71,168,80,84,164,332
06/28/2008,MOB,AL,ASO,CE,Combined TRACON& Tower with Radar,13,30,2,9,54,0,3,14,3,20,13,33,16,12,74,12,14,26,100
06/29/2008,MOB,AL,ASO,CE,Combined TRACON& Tower with Radar,12,37,8,3,60,0,7,9,1,17,12,44,17,4,77,6,0,6,83
06/30/2008,MOB,AL,ASO,CE,Combined TRACON& Tower with Radar,9,41,16,32,98,0,9,4,21,34,9,50,20,53,132,21,22,43,175
07/01/2008,MOB,AL,ASO,CE,Combined TRACON& Tower with Radar,6,46,18,159,229,0,9,20,43,72,6,55,38,202,301,32,190,222,523
07/02/2008,MOB,AL,ASO,CE,Combined TRACON& Tower with Radar,8,43,32,117,200,0,9,19,65,93,8,52,51,182,293,0,126,126,419
07/03/2008,MOB,AL,ASO,CE,Combined TRACON& Tower with Radar,7,43,18,90,158,1,9,13,18,41,8,52,31,108,199,28,64,92,291
07/04/2008,MOB,AL,ASO,CE,Combined TRACON& Tower with Radar,8,23,11,0,42,0,13,5,2,20,8,36,16,2,62,18,0,18,80
07/05/2008,MOB,AL,ASO,CE,Combined TRACON& Tower with Radar,11,38,4,0,53,0,10,13,0,23,11,48,17,0,76,20,4,24,100
07/06/2008,MOB,AL,ASO,CE,Combined TRACON& Tower with Radar,10,41,5,0,56,0,4,6,0,10,10,45,11,0,66,4,0,4,70
07/07/2008,MOB,AL,ASO,CE,Combined TRACON& Tower with Radar,11,38,20,126,195,0,9,19,45,73,11,47,39,171,268,14,177,191,459
07/08/2008,MOB,AL,ASO,CE,Combined TRACON& Tower with Radar,11,34,28,148,221,0,12,12,49,73,11,46,40,197,294,60,108,168,462
07/09/2008,MOB,AL,ASO,CE,Combined TRACON& Tower with Radar,8,38,16,118,180,0,8,14,26,48,8,46,30,144,228,58,182,240,468
07/10/2008,MOB,AL,ASO,CE,Combined TRACON& Tower with Radar,6,43,17,84,150,0,15,31,37,83,6,58,48,121,233,56,146,202,435
07/11/2008,MOB,AL,ASO,CE,Combined TRACON& Tower with Radar,11,38,11,47,107,0,2,27,35,64,11,40,38,82,171,54,184,238,409
07/12/2008,MOB,AL,ASO,CE,Combined TRACON& Tower with Radar,5,36,19,3,63,0,2,7,8,17,5,38,26,11,80,18,4,22,102
07/13/2008,MOB,AL,ASO,CE,Combined TRACON& Tower with Radar,15,32,21,22,90,0,10,11,13,34,15,42,32,35,124,14,14,28,152
07/14/2008,MOB,AL,ASO,CE,Combined TRACON& Tower with Radar,12,40,18,93,163,0,9,6,23,38,12,49,24,116,201,12,80,92,293
07/15/2008,MOB,AL,ASO,CE,Combined TRACON& Tower with Radar,14,32,90,227,363,1,15,30,69,115,15,47,120,296,478,44,238,282,760
07/16/2008,MOB,AL,ASO,CE,Combined TRACON& Tower with Radar,12,47,28,156,243,1,13,18,38,70,13,60,46,194,313,16,202,218,531
07/17/2008,MOB,AL,ASO,CE,Combined TRACON& Tower with Radar,8,42,25,228,303,1,13,16,28,58,9,55,41,256,361,19,292,311,672
07/18/2008,MOB,AL,ASO,CE,Combined TRACON& Tower with Radar,9,43,29,116,197,1,12,16,26,55,10,55,45,142,252,2,68,70,322
07/19/2008,MOB,AL,ASO,CE,Combined TRACON& Tower with Radar,12,28,17,33,90,3,16,13,3,35,15,44,30,36,125,54,10,64,189
07/20/2008,MOB,AL,ASO,CE,Combined TRACON& Tower with Radar,11,41,25,32,109,1,23,14,5,43,12,64,39,37,152,6,66,72,224
07/21/2008,MOB,AL,ASO,CE,Combined TRACON& Tower with Radar,13,35,16,133,197,3,15,11,41,70,16,50,27,174,267,78,250,328,595
07/22/2008,MOB,AL,ASO,CE,Combined TRACON& Tower with Radar,12,41,27,169,249,3,8,15,46,72,15,49,42,215,321,97,126,223,544
07/23/2008,MOB,AL,ASO,CE,Combined TRACON& Tower with Radar,12,44,26,110,192,0,7,12,33,52,12,51,38,143,244,16,290,306,550
07/24/2008,MOB,AL,ASO,CE,Combined TRACON& Tower with Radar,13,44,36,125,218,1,17,12,43,73,14,61,48,168,291,32,238,270,561
07/25/2008,MOB,AL,ASO,CE,Combined TRACON& Tower with Radar,13,44,8,82,147,1,9,20,22,52,14,53,28,104,199,54,166,220,419
07/26/2008,MOB,AL,ASO,CE,Combined TRACON& Tower with Radar,6,34,28,7,75,1,5,10,1,17,7,39,38,8,92,2,12,14,106
07/27/2008,MOB,AL,ASO,CE,Combined TRACON& Tower with Radar,7,42,9,52,110,1,14,12,9,36,8,56,21,61,146,62,28,90,236
07/28/2008,MOB,AL,ASO,CE,Combined TRACON& Tower with Radar,12,41,26,187,266,1,7,21,44,73,13,48,47,231,339,0,160,160,499
07/29/2008,MOB,AL,ASO,CE,Combined TRACON& Tower with Radar,11,45,21,221,298,2,14,14,53,83,13,59,35,274,381,64,246,310,691
07/30/2008,MOB,AL,ASO,CE,Combined TRACON& Tower with Radar,9,48,23,140,220,1,13,6,46,66,10,61,29,186,286,38,290,328,614
07/31/2008,MOB,AL,ASO,CE,Combined TRACON& Tower with Radar,6,39,17,61,123,1,0,16,23,40,7,39,33,84,163,0,156,156,319
08/01/2008,MOB,AL,ASO,CE,Combined TRACON& Tower with Radar,10,34,18,77,139,0,3,5,10,18,10,37,23,87,157,4,130,134,291
08/02/2008,MOB,AL,ASO,CE,Combined TRACON& Tower with Radar,11,36,16,22,85,1,10,15,6,32,12,46,31,28,117,46,40,86,203
08/03/2008,MOB,AL,ASO,CE,Combined TRACON& Tower with Radar,15,36,23,35,109,1,13,9,3,26,16,49,32,38,135,44,16,60,195
08/04/2008,MOB,AL,ASO,CE,Combined TRACON& Tower with Radar,12,36,32,54,134,1,3,12,12,28,13,39,44,66,162,24,84,108,270
08/05/2008,MOB,AL,ASO,CE,Combined TRACON& Tower with Radar,18,32,17,129,196,1,8,16,46,71,19,40,33,175,267,49,216,265,532
08/06/2008,MOB,AL,ASO,CE,Combined TRACON& Tower with Radar,8,45,29,194,276,1,14,27,42,84,9,59,56,236,360,30,348,378,738
08/07/2008,MOB,AL,ASO,CE,Combined TRACON& Tower with Radar,12,38,23,134,207,1,11,13,16,41,13,49,36,150,248,24,88,112,360
08/08/2008,MOB,AL,ASO,CE,Combined TRACON& Tower with Radar,7,45,22,171,245,1,9,11,21,42,8,54,33,192,287,46,140,186,473
08/09/2008,MOB,AL,ASO,CE,Combined TRACON& Tower with Radar,9,27,8,17,61,1,10,9,16,36,10,37,17,33,97,76,44,120,217
08/10/2008,MOB,AL,ASO,CE,Combined TRACON& Tower with Radar,15,43,24,23,105,1,20,9,7,37,16,63,33,30,142,24,74,98,240
08/11/2008,MOB,AL,ASO,CE,Combined TRACON& Tower with Radar,19,30,4,67,120,1,14,3,26,44,20,44,7,93,164,60,174,234,398
08/12/2008,MOB,AL,ASO,CE,Combined TRACON& Tower with Radar,9,44,11,16,80,1,3,4,27,35,10,47,15,43,115,16,42,58,173
08/13/2008,MOB,AL,ASO,CE,Combined TRACON& Tower with Radar,9,41,13,94,157,2,5,2,31,40,11,46,15,125,197,4,202,206,403
08/14/2008,MOB,AL,ASO,CE,Combined TRACON& Tower with Radar,11,42,28,158,239,1,7,13,40,61,12,49,41,198,300,10,200,210,510
08/15/2008,MOB,AL,ASO,CE,Combined TRACON& Tower with Radar,10,37,20,97,164,1,8,6,34,49,11,45,26,131,213,30,138,168,381
08/16/2008,MOB,AL,ASO,CE,Combined TRACON& Tower with Radar,9,34,16,0,59,1,0,5,1,7,10,34,21,1,66,23,0,23,89
08/17/2008,MOB,AL,ASO,CE,Combined TRACON& Tower with Radar,7,35,30,21,93,3,10,3,14,30,10,45,33,35,123,50,18,68,191
08/18/2008,MOB,AL,ASO,CE,Combined TRACON& Tower with Radar,8,46,11,137,202,1,9,7,26,43,9,55,18,163,245,6,188,194,439
08/19/2008,MOB,AL,ASO,CE,Combined TRACON& Tower with Radar,12,41,19,162,234,7,12,14,31,64,19,53,33,193,298,64,152,216,514
08/20/2008,MOB,AL,ASO,CE,Combined TRACON& Tower with Radar,7,45,25,139,216,1,18,16,36,71,8,63,41,175,287,54,170,224,511
08/21/2008,MOB,AL,ASO,CE,Combined TRACON& Tower with Radar,9,41,17,104,171,1,17,16,30,64,10,58,33,134,235,46,188,234,469
08/22/2008,MOB,AL,ASO,CE,Combined TRACON& Tower with Radar,11,46,27,84,168,1,6,17,10,34,12,52,44,94,202,12,20,32,234
08/23/2008,MOB,AL,ASO,CE,Combined TRACON& Tower with Radar,3,33,3,3,42,0,3,0,1,4,3,36,3,4,46,0,0,0,46
08/24/2008,MOB,AL,ASO,CE,Combined TRACON& Tower with Radar,4,28,20,8,60,1,2,2,3,8,5,30,22,11,68,0,0,0,68
08/25/2008,MOB,AL,ASO,CE,Combined TRACON& Tower with Radar,8,46,16,40,110,1,1,4,4,10,9,47,20,44,120,4,126,130,250
08/26/2008,MOB,AL,ASO,CE,Combined TRACON& Tower with Radar,6,42,34,185,267,0,8,14,35,57,6,50,48,220,324,21,114,135,459
08/27/2008,MOB,AL,ASO,CE,Combined TRACON& Tower with Radar,9,42,22,110,183,3,10,10,27,50,12,52,32,137,233,64,162,226,459
08/28/2008,MOB,AL,ASO,CE,Combined TRACON& Tower with Radar,5,43,23,151,222,1,9,18,29,57,6,52,41,180,279,34,110,144,423
08/29/2008,MOB,AL,ASO,CE,Combined TRACON& Tower with Radar,6,44,18,34,102,1,17,14,3,35,7,61,32,37,137,32,82,114,251
08/30/2008,MOB,AL,ASO,CE,Combined TRACON& Tower with Radar,4,31,8,4,47,0,10,9,5,24,4,41,17,9,71,52,0,52,123
08/31/2008,MOB,AL,ASO,CE,Combined TRACON& Tower with Radar,6,37,17,5,65,0,34,35,12,81,6,71,52,17,146,0,0,0,146
09/01/2008,MOB,AL,ASO,CE,Combined TRACON& Tower with Radar,0,0,0,0,0,0,0,0,0,0,0,0,0,0,0,0,0,0,0
09/02/2008,MOB,AL,ASO,CE,Combined TRACON& Tower with Radar,11,40,13,10,74,0,6,19,21,46,11,46,32,31,120,16,0,16,136
09/03/2008,MOB,AL,ASO,CE,Combined TRACON& Tower with Radar,6,52,21,44,123,1,11,15,16,43,7,63,36,60,166,28,40,68,234
09/04/2008,MOB,AL,ASO,CE,Combined TRACON& Tower with Radar,13,35,15,107,170,4,16,18,26,64,17,51,33,133,234,45,332,377,611
09/05/2008,MOB,AL,ASO,CE,Combined TRACON& Tower with Radar,10,42,13,68,133,1,8,16,8,33,11,50,29,76,166,42,52,94,260
09/06/2008,MOB,AL,ASO,CE,Combined TRACON& Tower with Radar,11,32,12,102,157,2,5,7,11,25,13,37,19,113,182,10,64,74,256
09/07/2008,MOB,AL,ASO,CE,Combined TRACON& Tower with Radar,9,38,23,64,134,2,8,12,3,25,11,46,35,67,159,44,108,152,311
09/08/2008,MOB,AL,ASO,CE,Combined TRACON& Tower with Radar,12,36,6,48,102,1,3,13,28,45,13,39,19,76,147,0,88,88,235
09/09/2008,MOB,AL,ASO,CE,Combined TRACON& Tower with Radar,17,36,24,136,213,3,7,12,35,57,20,43,36,171,270,0,218,218,488
09/10/2008,MOB,AL,ASO,CE,Combined TRACON& Tower with Radar,10,39,20,101,170,1,13,17,53,84,11,52,37,154,254,16,250,266,520
09/11/2008,MOB,AL,ASO,CE,Combined TRACON& Tower with Radar,11,40,16,79,146,1,9,4,42,56,12,49,20,121,202,12,190,202,404
09/12/2008,MOB,AL,ASO,CE,Combined TRACON& Tower with Radar,6,36,17,36,95,1,7,1,23,32,7,43,18,59,127,28,140,168,295
09/13/2008,MOB,AL,ASO,CE,Combined TRACON& Tower with Radar,7,19,22,35,83,2,5,2,10,19,9,24,24,45,102,20,22,42,144
09/14/2008,MOB,AL,ASO,CE,Combined TRACON& Tower with Radar,11,26,30,63,130,0,8,19,7,34,11,34,49,70,164,38,54,92,256
09/15/2008,MOB,AL,ASO,CE,Combined TRACON& Tower with Radar,9,39,18,138,204,1,6,17,29,53,10,45,35,167,257,28,74,102,359
09/16/2008,MOB,AL,ASO,CE,Combined TRACON& Tower with Radar,10,35,20,168,233,1,9,18,54,82,11,44,38,222,315,26,206,232,547
09/17/2008,MOB,AL,ASO,CE,Combined TRACON& Tower with Radar,13,39,26,220,298,1,8,21,46,76,14,47,47,266,374,0,222,222,596
09/18/2008,MOB,AL,ASO,CE,Combined TRACON& Tower with Radar,7,47,50,149,253,1,5,7,28,41,8,52,57,177,294,54,116,170,464
09/19/2008,MOB,AL,ASO,CE,Combined TRACON& Tower with Radar,6,42,8,40,96,1,0,10,1,12,7,42,18,41,108,50,84,134,242
09/20/2008,MOB,AL,ASO,CE,Combined TRACON& Tower with Radar,6,22,13,19,60,2,5,7,5,19,8,27,20,24,79,46,28,74,153
09/21/2008,MOB,AL,ASO,CE,Combined TRACON& Tower with Radar,12,40,24,96,172,0,1,24,7,32,12,41,48,103,204,40,138,178,382
09/22/2008,MOB,AL,ASO,CE,Combined TRACON& Tower with Radar,13,35,24,92,164,1,10,33,20,64,14,45,57,112,228,50,88,138,366
09/23/2008,MOB,AL,ASO,CE,Combined TRACON& Tower with Radar,12,31,56,86,185,1,10,24,31,66,13,41,80,117,251,30,150,180,431
09/24/2008,MOB,AL,ASO,CE,Combined TRACON& Tower with Radar,12,36,29,176,253,1,11,29,65,106,13,47,58,241,359,58,168,226,585
09/25/2008,MOB,AL,ASO,CE,Combined TRACON& Tower with Radar,7,43,26,166,242,1,11,18,57,87,8,54,44,223,329,78,318,396,725
09/26/2008,MOB,AL,ASO,CE,Combined TRACON& Tower with Radar,11,40,31,103,185,1,3,20,26,50,12,43,51,129,235,46,148,194,429
09/27/2008,MOB,AL,ASO,CE,Combined TRACON& Tower with Radar,2,33,22,28,85,2,17,15,15,49,4,50,37,43,134,42,22,64,198
09/28/2008,MOB,AL,ASO,CE,Combined TRACON& Tower with Radar,18,35,19,53,125,0,18,18,1,37,18,53,37,54,162,66,60,126,288
09/29/2008,MOB,AL,ASO,CE,Combined TRACON& Tower with Radar,9,39,28,135,211,1,4,10,30,45,10,43,38,165,256,24,124,148,404
09/30/2008,MOB,AL,ASO,CE,Combined TRACON& Tower with Radar,13,36,28,167,244,1,5,12,51,69,14,41,40,218,313,6,113,119,432
10/01/2008,MOB,AL,ASO,CE,Combined TRACON& Tower with Radar,14,46,19,236,315,0,8,20,71,99,14,54,39,307,414,52,172,224,638
10/02/2008,MOB,AL,ASO,CE,Combined TRACON& Tower with Radar,9,41,29,151,230,0,5,11,36,52,9,46,40,187,282,20,128,148,430
10/03/2008,MOB,AL,ASO,CE,Combined TRACON& Tower with Radar,16,43,31,122,212,3,1,18,30,52,19,44,49,152,264,46,246,292,556
10/04/2008,MOB,AL,ASO,CE,Combined TRACON& Tower with Radar,12,26,22,9,69,0,18,10,9,37,12,44,32,18,106,62,0,62,168
10/05/2008,MOB,AL,ASO,CE,Combined TRACON& Tower with Radar,11,22,28,42,103,3,3,23,0,29,14,25,51,42,132,94,106,200,332
10/06/2008,MOB,AL,ASO,CE,Combined TRACON& Tower with Radar,11,37,9,92,149,0,1,11,35,47,11,38,20,127,196,0,246,246,442
10/07/2008,MOB,AL,ASO,CE,Combined TRACON& Tower with Radar,11,36,19,111,177,0,9,9,26,44,11,45,28,137,221,12,92,104,325
10/08/2008,MOB,AL,ASO,CE,Combined TRACON& Tower with Radar,12,37,25,203,277,0,5,8,23,36,12,42,33,226,313,102,336,438,751
10/09/2008,MOB,AL,ASO,CE,Combined TRACON& Tower with Radar,12,59,17,140,228,0,2,8,26,36,12,61,25,166,264,16,112,128,392
10/10/2008,MOB,AL,ASO,CE,Combined TRACON& Tower with Radar,12,36,26,142,216,1,5,25,30,61,13,41,51,172,277,74,156,230,507
10/11/2008,MOB,AL,ASO,CE,Combined TRACON& Tower with Radar,10,26,22,9,67,2,6,11,10,29,12,32,33,19,96,50,0,50,146
10/12/2008,MOB,AL,ASO,CE,Combined TRACON& Tower with Radar,17,37,29,19,102,0,11,10,3,24,17,48,39,22,126,34,22,56,182
10/13/2008,MOB,AL,ASO,CE,Combined TRACON& Tower with Radar,10,37,15,21,83,0,10,9,4,23,10,47,24,25,106,4,20,24,130
10/14/2008,MOB,AL,ASO,CE,Combined TRACON& Tower with Radar,10,35,16,113,174,1,2,10,22,35,11,37,26,135,209,68,180,248,457
10/15/2008,MOB,AL,ASO,CE,Combined TRACON& Tower with Radar,11,42,24,106,183,3,6,11,47,67,14,48,35,153,250,82,254,336,586
10/16/2008,MOB,AL,ASO,CE,Combined TRACON& Tower with Radar,11,38,31,175,255,0,9,17,32,58,11,47,48,207,313,28,128,156,469
10/17/2008,MOB,AL,ASO,CE,Combined TRACON& Tower with Radar,8,38,34,77,157,0,3,3,22,28,8,41,37,99,185,0,66,66,251
10/18/2008,MOB,AL,ASO,CE,Combined TRACON& Tower with Radar,5,25,17,20,67,0,5,11,12,28,5,30,28,32,95,40,12,52,147
10/19/2008,MOB,AL,ASO,CE,Combined TRACON& Tower with Radar,10,40,17,47,114,1,0,19,8,28,11,40,36,55,142,92,108,200,342
10/20/2008,MOB,AL,ASO,CE,Combined TRACON& Tower with Radar,11,35,24,198,268,0,5,15,29,49,11,40,39,227,317,32,210,242,559
10/21/2008,MOB,AL,ASO,CE,Combined TRACON& Tower with Radar,10,38,29,127,204,1,6,12,39,58,11,44,41,166,262,54,182,236,498
10/22/2008,MOB,AL,ASO,CE,Combined TRACON& Tower with Radar,19,33,42,110,204,0,2,14,38,54,19,35,56,148,258,22,204,226,484
10/23/2008,MOB,AL,ASO,CE,Combined TRACON& Tower with Radar,14,37,38,63,152,0,4,4,16,24,14,41,42,79,176,16,42,58,234
10/24/2008,MOB,AL,ASO,CE,Combined TRACON& Tower with Radar,18,32,23,90,163,2,6,3,7,18,20,38,26,97,181,22,34,56,237
10/25/2008,MOB,AL,ASO,CE,Combined TRACON& Tower with Radar,12,23,25,35,95,1,9,19,7,36,13,32,44,42,131,76,70,146,277
10/26/2008,MOB,AL,ASO,CE,Combined TRACON& Tower with Radar,15,30,38,60,143,0,8,18,5,31,15,38,56,65,174,24,68,92,266
10/27/2008,MOB,AL,ASO,CE,Combined TRACON& Tower with Radar,12,37,27,147,223,1,5,7,34,47,13,42,34,181,270,12,146,158,428
10/28/2008,MOB,AL,ASO,CE,Combined TRACON& Tower with Radar,9,37,21,219,286,0,2,12,38,52,9,39,33,257,338,66,296,362,700
10/29/2008,MOB,AL,ASO,CE,Combined TRACON& Tower with Radar,11,36,17,224,288,1,9,16,28,54,12,45,33,252,342,25,292,317,659
10/30/2008,MOB,AL,ASO,CE,Combined TRACON& Tower with Radar,14,35,39,244,332,3,2,8,46,59,17,37,47,290,391,32,230,262,653
10/31/2008,MOB,AL,ASO,CE,Combined TRACON& Tower with Radar,9,43,14,74,140,2,11,16,41,70,11,54,30,115,210,42,76,118,328
11/01/2008,MOB,AL,ASO,CE,Combined TRACON& Tower with Radar,7,26,25,29,87,1,12,16,11,40,8,38,41,40,127,28,30,58,185
11/02/2008,MOB,AL,ASO,CE,Combined TRACON& Tower with Radar,10,30,27,32,99,1,5,17,5,28,11,35,44,37,127,12,50,62,189
11/03/2008,MOB,AL,ASO,CE,Combined TRACON& Tower with Radar,9,34,24,106,173,0,3,20,30,53,9,37,44,136,226,12,190,202,428
11/04/2008,MOB,AL,ASO,CE,Combined TRACON& Tower with Radar,6,39,23,138,206,0,6,14,24,44,6,45,37,162,250,30,110,140,390
11/05/2008,MOB,AL,ASO,CE,Combined TRACON& Tower with Radar,10,39,30,238,317,2,3,16,41,62,12,42,46,279,379,48,290,338,717
11/06/2008,MOB,AL,ASO,CE,Combined TRACON& Tower with Radar,8,42,17,195,262,0,6,13,40,59,8,48,30,235,321,2,116,118,439
11/07/2008,MOB,AL,ASO,CE,Combined TRACON& Tower with Radar,9,35,6,37,87,1,4,7,5,17,10,39,13,42,104,30,76,106,210
11/08/2008,MOB,AL,ASO,CE,Combined TRACON& Tower with Radar,11,23,27,25,86,1,16,15,8,40,12,39,42,33,126,80,10,90,216
11/09/2008,MOB,AL,ASO,CE,Combined TRACON& Tower with Radar,12,29,11,9,61,2,4,21,11,38,14,33,32,20,99,36,28,64,163
11/10/2008,MOB,AL,ASO,CE,Combined TRACON& Tower with Radar,7,42,22,167,238,0,5,19,37,61,7,47,41,204,299,40,206,246,545
11/11/2008,MOB,AL,ASO,CE,Combined TRACON& Tower with Radar,9,37,18,41,105,0,9,15,12,36,9,46,33,53,141,32,20,52,193
11/12/2008,MOB,AL,ASO,CE,Combined TRACON& Tower with Radar,13,34,20,67,134,1,0,3,6,10,14,34,23,73,144,0,99,99,243
11/13/2008,MOB,AL,ASO,CE,Combined TRACON& Tower with Radar,14,97,17,63,191,1,4,29,33,67,15,101,46,96,258,2,158,160,418
11/14/2008,MOB,AL,ASO,CE,Combined TRACON& Tower with Radar,11,43,7,65,126,1,6,11,23,41,12,49,18,88,167,0,146,146,313
11/15/2008,MOB,AL,ASO,CE,Combined TRACON& Tower with Radar,11,25,20,26,82,1,5,17,7,30,12,30,37,33,112,64,206,270,382
11/16/2008,MOB,AL,ASO,CE,Combined TRACON& Tower with Radar,13,35,30,10,88,1,8,13,14,36,14,43,43,24,124,24,120,144,268
11/17/2008,MOB,AL,ASO,CE,Combined TRACON& Tower with Radar,11,35,11,102,159,1,5,8,31,45,12,40,19,133,204,0,128,128,332
11/18/2008,MOB,AL,ASO,CE,Combined TRACON& Tower with Radar,15,30,16,130,191,1,5,10,24,40,16,35,26,154,231,6,0,6,237
11/19/2008,MOB,AL,ASO,CE,Combined TRACON& Tower with Radar,14,29,36,145,224,1,0,15,49,65,15,29,51,194,289,52,188,240,529
11/20/2008,MOB,AL,ASO,CE,Combined TRACON& Tower with Radar,6,38,9,189,242,0,7,7,67,81,6,45,16,256,323,60,214,274,597
11/21/2008,MOB,AL,ASO,CE,Combined TRACON& Tower with Radar,7,41,12,143,203,0,9,30,17,56,7,50,42,160,259,52,158,210,469
11/22/2008,MOB,AL,ASO,CE,Combined TRACON& Tower with Radar,5,13,17,15,50,0,2,19,10,31,5,15,36,25,81,32,50,82,163
11/23/2008,MOB,AL,ASO,CE,Combined TRACON& Tower with Radar,9,34,17,30,90,0,0,10,2,12,9,34,27,32,102,20,32,52,154
11/24/2008,MOB,AL,ASO,CE,Combined TRACON& Tower with Radar,10,37,15,140,202,0,5,3,24,32,10,42,18,164,234,24,176,200,434
11/25/2008,MOB,AL,ASO,CE,Combined TRACON& Tower with Radar,11,35,15,222,283,1,2,12,35,50,12,37,27,257,333,52,136,188,521
11/26/2008,MOB,AL,ASO,CE,Combined TRACON& Tower with Radar,10,35,20,60,125,2,4,16,35,57,12,39,36,95,182,62,140,202,384
11/27/2008,MOB,AL,ASO,CE,Combined TRACON& Tower with Radar,4,19,4,0,27,1,0,1,0,2,5,19,5,0,29,0,0,0,29
11/28/2008,MOB,AL,ASO,CE,Combined TRACON& Tower with Radar,5,28,7,7,47,0,3,2,2,7,5,31,9,9,54,0,0,0,54
11/29/2008,MOB,AL,ASO,CE,Combined TRACON& Tower with Radar,11,32,14,5,62,1,2,3,2,8,12,34,17,7,70,0,0,0,70
11/30/2008,MOB,AL,ASO,CE,Combined TRACON& Tower with Radar,18,43,22,0,83,2,9,8,9,28,20,52,30,9,111,14,28,42,153
12/01/2008,MOB,AL,ASO,CE,Combined TRACON& Tower with Radar,9,34,17,63,123,0,2,16,22,40,9,36,33,85,163,2,62,64,227
12/02/2008,MOB,AL,ASO,CE,Combined TRACON& Tower with Radar,8,41,21,166,236,0,10,6,34,50,8,51,27,200,286,32,310,342,628
12/03/2008,MOB,AL,ASO,CE,Combined TRACON& Tower with Radar,11,37,33,150,231,0,7,7,51,65,11,44,40,201,296,0,124,124,420
12/04/2008,MOB,AL,ASO,CE,Combined TRACON& Tower with Radar,8,36,15,72,131,0,0,3,18,21,8,36,18,90,152,0,163,163,315
12/05/2008,MOB,AL,ASO,CE,Combined TRACON& Tower with Radar,6,35,11,169,221,1,2,7,20,30,7,37,18,189,251,12,178,190,441
12/06/2008,MOB,AL,ASO,CE,Combined TRACON& Tower with Radar,9,22,8,57,96,1,8,15,16,40,10,30,23,73,136,4,29,33,169
12/07/2008,MOB,AL,ASO,CE,Combined TRACON& Tower with Radar,4,33,18,13,68,1,0,15,7,23,5,33,33,20,91,8,48,56,147
12/08/2008,MOB,AL,ASO,CE,Combined TRACON& Tower with Radar,7,38,12,146,203,0,0,11,25,36,7,38,23,171,239,20,146,166,405
12/09/2008,MOB,AL,ASO,CE,Combined TRACON& Tower with Radar,6,34,26,109,175,0,2,3,20,25,6,36,29,129,200,6,80,86,286
12/10/2008,MOB,AL,ASO,CE,Combined TRACON& Tower with Radar,10,32,7,13,62,0,0,0,1,1,10,32,7,14,63,0,0,0,63
12/11/2008,MOB,AL,ASO,CE,Combined TRACON& Tower with Radar,12,36,7,15,70,1,0,1,28,30,13,36,8,43,100,0,0,0,100
12/12/2008,MOB,AL,ASO,CE,Combined TRACON& Tower with Radar,10,39,16,210,275,0,4,25,32,61,10,43,41,242,336,74,248,322,658
12/13/2008,MOB,AL,ASO,CE,Combined TRACON& Tower with Radar,21,27,19,56,123,1,5,7,13,26,22,32,26,69,149,18,34,52,201
12/14/2008,MOB,AL,ASO,CE,Combined TRACON& Tower with Radar,8,33,14,58,113,0,0,5,6,11,8,33,19,64,124,0,66,66,190
12/15/2008,MOB,AL,ASO,CE,Combined TRACON& Tower with Radar,7,34,20,79,140,0,1,13,2,16,7,35,33,81,156,2,40,42,198
12/16/2008,MOB,AL,ASO,CE,Combined TRACON& Tower with Radar,12,44,20,25,101,1,0,1,5,7,13,44,21,30,108,0,42,42,150
12/17/2008,MOB,AL,ASO,CE,Combined TRACON& Tower with Radar,14,29,24,128,195,1,4,5,12,22,15,33,29,140,217,14,64,78,295
12/18/2008,MOB,AL,ASO,CE,Combined TRACON& Tower with Radar,7,27,26,33,93,0,3,20,18,41,7,30,46,51,134,4,22,26,160
12/19/2008,MOB,AL,ASO,CE,Combined TRACON& Tower with Radar,10,40,19,18,87,2,4,18,4,28,12,44,37,22,115,42,82,124,239
12/20/2008,MOB,AL,ASO,CE,Combined TRACON& Tower with Radar,11,33,11,33,88,1,8,11,2,22,12,41,22,35,110,44,16,60,170
12/21/2008,MOB,AL,ASO,CE,Combined TRACON& Tower with Radar,9,29,12,16,66,0,8,10,3,21,9,37,22,19,87,14,50,64,151
12/22/2008,MOB,AL,ASO,CE,Combined TRACON& Tower with Radar,6,29,14,45,94,0,0,10,12,22,6,29,24,57,116,0,36,36,152
12/23/2008,MOB,AL,ASO,CE,Combined TRACON& Tower with Radar,10,34,26,41,111,0,3,0,2,5,10,37,26,43,116,28,74,102,218
12/24/2008,MOB,AL,ASO,CE,Combined TRACON& Tower with Radar,10,15,17,3,45,2,2,2,2,8,12,17,19,5,53,0,2,2,55
12/25/2008,MOB,AL,ASO,CE,Combined TRACON& Tower with Radar,6,25,4,0,35,0,0,0,0,0,6,25,4,0,35,0,0,0,35
12/26/2008,MOB,AL,ASO,CE,Combined TRACON& Tower with Radar,7,35,15,8,65,0,2,4,1,7,7,37,19,9,72,0,0,0,72
12/27/2008,MOB,AL,ASO,CE,Combined TRACON& Tower with Radar,12,27,7,7,53,1,0,4,1,6,13,27,11,8,59,12,26,38,97
12/28/2008,MOB,AL,ASO,CE,Combined TRACON& Tower with Radar,12,33,15,0,60,1,0,4,0,5,13,33,19,0,65,24,48,72,137
12/29/2008,MOB,AL,ASO,CE,Combined TRACON& Tower with Radar,14,27,20,63,124,1,6,27,15,49,15,33,47,78,173,14,50,64,237
12/30/2008,MOB,AL,ASO,CE,Combined TRACON& Tower with Radar,7,36,30,96,169,1,2,21,15,39,8,38,51,111,208,16,100,116,324
12/31/2008,MOB,AL,ASO,CE,Combined TRACON& Tower with Radar,5,26,10,4,45,0,1,7,6,14,5,27,17,10,59,22,82,104,163
01/01/2009,MOB,AL,ASO,CE,Combined TRACON& Tower with Radar,7,29,6,0,42,0,3,4,0,7,7,32,10,0,49,0,10,10,59
01/02/2009,MOB,AL,ASO,CE,Combined TRACON& Tower with Radar,10,34,15,4,63,0,3,5,5,13,10,37,20,9,76,1,5,6,82
01/03/2009,MOB,AL,ASO,CE,Combined TRACON& Tower with Radar,7,30,9,0,46,1,0,2,0,3,8,30,11,0,49,0,0,0,49
01/04/2009,MOB,AL,ASO,CE,Combined TRACON& Tower with Radar,13,36,28,0,77,2,5,0,2,9,15,41,28,2,86,8,18,26,112
01/05/2009,MOB,AL,ASO,CE,Combined TRACON& Tower with Radar,12,42,13,40,107,0,0,1,0,1,12,42,14,40,108,0,28,28,136
01/06/2009,MOB,AL,ASO,CE,Combined TRACON& Tower with Radar,5,40,8,83,136,1,5,4,10,20,6,45,12,93,156,0,50,50,206
01/07/2009,MOB,AL,ASO,CE,Combined TRACON& Tower with Radar,11,35,21,210,277,2,0,5,25,32,13,35,26,235,309,20,149,169,478
01/08/2009,MOB,AL,ASO,CE,Combined TRACON& Tower with Radar,10,36,12,139,197,1,3,22,33,59,11,39,34,172,256,2,204,206,462
01/09/2009,MOB,AL,ASO,CE,Combined TRACON& Tower with Radar,8,39,18,131,196,0,0,24,42,66,8,39,42,173,262,88,266,354,616
01/10/2009,MOB,AL,ASO,CE,Combined TRACON& Tower with Radar,11,25,12,30,78,0,0,3,2,5,11,25,15,32,83,34,92,126,209
01/11/2009,MOB,AL,ASO,CE,Combined TRACON& Tower with Radar,6,40,4,58,108,1,7,13,4,25,7,47,17,62,133,0,110,110,243
01/12/2009,MOB,AL,ASO,CE,Combined TRACON& Tower with Radar,13,32,11,175,231,0,1,15,21,37,13,33,26,196,268,20,161,181,449
01/13/2009,MOB,AL,ASO,CE,Combined TRACON& Tower with Radar,12,30,49,183,274,3,6,17,26,52,15,36,66,209,326,38,190,228,554
01/14/2009,MOB,AL,ASO,CE,Combined TRACON& Tower with Radar,14,35,48,137,234,1,2,29,34,66,15,37,77,171,300,222,236,458,758
01/15/2009,MOB,AL,ASO,CE,Combined TRACON& Tower with Radar,10,43,33,199,285,1,3,25,22,51,11,46,58,221,336,54,206,260,596
01/16/2009,MOB,AL,ASO,CE,Combined TRACON& Tower with Radar,4,34,32,99,169,0,5,8,24,37,4,39,40,123,206,52,124,176,382
01/17/2009,MOB,AL,ASO,CE,Combined TRACON& Tower with Radar,5,19,15,79,118,1,0,20,5,26,6,19,35,84,144,28,56,84,228
01/18/2009,MOB,AL,ASO,CE,Combined TRACON& Tower with Radar,6,39,24,37,106,0,2,5,2,9,6,41,29,39,115,98,62,160,275
01/19/2009,MOB,AL,ASO,CE,Combined TRACON& Tower with Radar,14,27,24,0,65,0,1,7,3,11,14,28,31,3,76,0,0,0,76
01/20/2009,MOB,AL,ASO,CE,Combined TRACON& Tower with Radar,12,26,27,185,250,0,4,14,23,41,12,30,41,208,291,8,186,194,485
01/21/2009,MOB,AL,ASO,CE,Combined TRACON& Tower with Radar,12,31,26,209,278,2,4,9,36,51,14,35,35,245,329,2,174,176,505
01/22/2009,MOB,AL,ASO,CE,Combined TRACON& Tower with Radar,6,37,18,206,267,0,2,20,29,51,6,39,38,235,318,44,214,258,576
01/23/2009,MOB,AL,ASO,CE,Combined TRACON& Tower with Radar,17,28,14,144,203,5,1,16,35,57,22,29,30,179,260,54,174,228,488
01/24/2009,MOB,AL,ASO,CE,Combined TRACON& Tower with Radar,3,30,8,28,69,0,0,3,3,6,3,30,11,31,75,1,1,2,77
01/25/2009,MOB,AL,ASO,CE,Combined TRACON& Tower with Radar,7,36,13,12,68,1,1,4,0,6,8,37,17,12,74,42,0,42,116
01/26/2009,MOB,AL,ASO,CE,Combined TRACON& Tower with Radar,7,34,9,104,154,0,1,7,11,19,7,35,16,115,173,12,80,92,265
01/27/2009,MOB,AL,ASO,CE,Combined TRACON& Tower with Radar,17,31,30,175,253,3,2,12,24,41,20,33,42,199,294,70,126,196,490
01/28/2009,MOB,AL,ASO,CE,Combined TRACON& Tower with Radar,16,25,14,125,180,2,2,2,11,17,18,27,16,136,197,12,132,144,341
01/29/2009,MOB,AL,ASO,CE,Combined TRACON& Tower with Radar,6,37,10,126,179,1,2,21,34,58,7,39,31,160,237,74,175,249,486
01/30/2009,MOB,AL,ASO,CE,Combined TRACON& Tower with Radar,9,35,18,149,211,0,2,18,28,48,9,37,36,177,259,86,100,186,445
01/31/2009,MOB,AL,ASO,CE,Combined TRACON& Tower with Radar,6,27,33,8,74,0,4,23,6,33,6,31,56,14,107,0,0,0,107
02/01/2009,MOB,AL,ASO,CE,Combined TRACON& Tower with Radar,9,30,16,11,66,0,8,13,2,23,9,38,29,13,89,16,18,34,123
02/02/2009,MOB,AL,ASO,CE,Combined TRACON& Tower with Radar,12,31,6,62,111,0,2,4,12,18,12,33,10,74,129,0,54,54,183
02/03/2009,MOB,AL,ASO,CE,Combined TRACON& Tower with Radar,9,31,16,144,200,0,1,10,23,34,9,32,26,167,234,42,156,198,432
02/04/2009,MOB,AL,ASO,CE,Combined TRACON& Tower with Radar,11,38,15,149,213,1,0,9,39,49,12,38,24,188,262,46,168,214,476
02/05/2009,MOB,AL,ASO,CE,Combined TRACON& Tower with Radar,9,36,11,131,187,0,0,12,38,50,9,36,23,169,237,40,228,268,505
02/06/2009,MOB,AL,ASO,CE,Combined TRACON& Tower with Radar,8,34,27,77,146,1,2,19,22,44,9,36,46,99,190,64,221,285,475
02/07/2009,MOB,AL,ASO,CE,Combined TRACON& Tower with Radar,8,26,20,21,75,1,4,19,9,33,9,30,39,30,108,108,116,224,332
02/08/2009,MOB,AL,ASO,CE,Combined TRACON& Tower with Radar,12,28,17,28,85,0,2,11,16,29,12,30,28,44,114,26,76,102,216
02/09/2009,MOB,AL,ASO,CE,Combined TRACON& Tower with Radar,15,28,24,126,193,0,0,9,28,37,15,28,33,154,230,42,246,288,518
02/10/2009,MOB,AL,ASO,CE,Combined TRACON& Tower with Radar,9,29,48,137,223,0,0,8,35,43,9,29,56,172,266,58,168,226,492
02/11/2009,MOB,AL,ASO,CE,Combined TRACON& Tower with Radar,14,30,8,112,164,3,0,4,13,20,17,30,12,125,184,66,188,254,438
02/12/2009,MOB,AL,ASO,CE,Combined TRACON& Tower with Radar,8,45,27,183,263,1,5,11,30,47,9,50,38,213,310,36,234,270,580
02/13/2009,MOB,AL,ASO,CE,Combined TRACON& Tower with Radar,8,39,12,77,136,1,4,3,10,18,9,43,15,87,154,80,98,178,332
02/14/2009,MOB,AL,ASO,CE,Combined TRACON& Tower with Radar,7,23,3,0,33,1,0,0,0,1,8,23,3,0,34,0,0,0,34
02/15/2009,MOB,AL,ASO,CE,Combined TRACON& Tower with Radar,5,36,5,22,68,0,0,9,3,12,5,36,14,25,80,6,22,28,108
02/16/2009,MOB,AL,ASO,CE,Combined TRACON& Tower with Radar,5,39,13,0,57,0,2,12,4,18,5,41,25,4,75,4,4,8,83
02/17/2009,MOB,AL,ASO,CE,Combined TRACON& Tower with Radar,10,41,10,135,196,0,7,10,36,53,10,48,20,171,249,71,207,278,527
02/18/2009,MOB,AL,ASO,CE,Combined TRACON& Tower with Radar,7,34,12,114,167,1,0,3,20,24,8,34,15,134,191,22,88,110,301
02/19/2009,MOB,AL,ASO,CE,Combined TRACON& Tower with Radar,10,33,23,78,144,0,3,17,33,53,10,36,40,111,197,56,118,174,371
02/20/2009,MOB,AL,ASO,CE,Combined TRACON& Tower with Radar,4,42,22,173,241,0,3,9,42,54,4,45,31,215,295,74,112,186,481
02/21/2009,MOB,AL,ASO,CE,Combined TRACON& Tower with Radar,6,30,10,20,66,0,2,16,15,33,6,32,26,35,99,24,48,72,171
02/22/2009,MOB,AL,ASO,CE,Combined TRACON& Tower with Radar,9,32,19,32,92,0,5,9,16,30,9,37,28,48,122,24,128,152,274
02/23/2009,MOB,AL,ASO,CE,Combined TRACON& Tower with Radar,6,42,9,62,119,0,4,5,29,38,6,46,14,91,157,6,102,108,265
02/24/2009,MOB,AL,ASO,CE,Combined TRACON& Tower with Radar,7,32,23,55,117,0,5,22,5,32,7,37,45,60,149,44,138,182,331
02/25/2009,MOB,AL,ASO,CE,Combined TRACON& Tower with Radar,13,35,25,157,230,0,6,16,31,53,13,41,41,188,283,50,173,223,506
02/26/2009,MOB,AL,ASO,CE,Combined TRACON& Tower with Radar,11,39,18,82,150,0,0,14,29,43,11,39,32,111,193,54,274,328,521
02/27/2009,MOB,AL,ASO,CE,Combined TRACON& Tower with Radar,12,35,15,27,89,0,7,12,26,45,12,42,27,53,134,40,100,140,274
02/28/2009,MOB,AL,ASO,CE,Combined TRACON& Tower with Radar,6,34,23,7,70,1,5,2,1,9,7,39,25,8,79,0,0,0,79
03/01/2009,MOB,AL,ASO,CE,Combined TRACON& Tower with Radar,12,29,6,19,66,0,0,15,3,18,12,29,21,22,84,42,24,66,150
03/02/2009,MOB,AL,ASO,CE,Combined TRACON& Tower with Radar,7,32,4,64,107,0,1,19,42,62,7,33,23,106,169,40,205,245,414
03/03/2009,MOB,AL,ASO,CE,Combined TRACON& Tower with Radar,13,31,14,81,139,1,7,9,43,60,14,38,23,124,199,121,208,329,528
03/04/2009,MOB,AL,ASO,CE,Combined TRACON& Tower with Radar,11,30,20,76,137,0,1,10,31,42,11,31,30,107,179,36,202,238,417
03/05/2009,MOB,AL,ASO,CE,Combined TRACON& Tower with Radar,20,19,13,94,146,0,6,20,40,66,20,25,33,134,212,52,160,212,424
03/06/2009,MOB,AL,ASO,CE,Combined TRACON& Tower with Radar,4,41,9,73,127,0,10,23,30,63,4,51,32,103,190,88,200,288,478
03/07/2009,MOB,AL,ASO,CE,Combined TRACON& Tower with Radar,12,24,24,10,70,0,2,9,11,22,12,26,33,21,92,20,0,20,112
03/08/2009,MOB,AL,ASO,CE,Combined TRACON& Tower with Radar,13,31,25,18,87,0,7,20,17,44,13,38,45,35,131,70,80,150,281
03/09/2009,MOB,AL,ASO,CE,Combined TRACON& Tower with Radar,8,36,9,87,140,0,1,7,24,32,8,37,16,111,172,32,166,198,370
03/10/2009,MOB,AL,ASO,CE,Combined TRACON& Tower with Radar,13,33,18,119,183,0,2,23,26,51,13,35,41,145,234,50,110,160,394
03/11/2009,MOB,AL,ASO,CE,Combined TRACON& Tower with Radar,11,34,27,186,258,0,9,11,29,49,11,43,38,215,307,124,116,240,547
03/12/2009,MOB,AL,ASO,CE,Combined TRACON& Tower with Radar,9,43,39,216,307,0,7,20,37,64,9,50,59,253,371,46,176,222,593
03/13/2009,MOB,AL,ASO,CE,Combined TRACON& Tower with Radar,6,38,15,180,239,0,0,10,10,20,6,38,25,190,259,0,20,20,279
03/14/2009,MOB,AL,ASO,CE,Combined TRACON& Tower with Radar,7,21,8,15,51,0,2,4,1,7,7,23,12,16,58,0,2,2,60
03/15/2009,MOB,AL,ASO,CE,Combined TRACON& Tower with Radar,14,31,13,10,68,1,4,2,0,7,15,35,15,10,75,46,0,46,121
03/16/2009,MOB,AL,ASO,CE,Combined TRACON& Tower with Radar,8,32,13,19,72,0,0,2,7,9,8,32,15,26,81,0,0,0,81
03/17/2009,MOB,AL,ASO,CE,Combined TRACON& Tower with Radar,14,16,26,98,154,0,4,12,26,42,14,20,38,124,196,62,305,367,563
03/18/2009,MOB,AL,ASO,CE,Combined TRACON& Tower with Radar,7,32,35,139,213,0,7,7,35,49,7,39,42,174,262,48,162,210,472
03/19/2009,MOB,AL,ASO,CE,Combined TRACON& Tower with Radar,10,41,19,151,221,0,3,18,25,46,10,44,37,176,267,40,104,144,411
03/20/2009,MOB,AL,ASO,CE,Combined TRACON& Tower with Radar,7,37,16,60,120,0,0,16,26,42,7,37,32,86,162,56,140,196,358
03/21/2009,MOB,AL,ASO,CE,Combined TRACON& Tower with Radar,4,28,20,37,89,0,8,15,12,35,4,36,35,49,124,23,36,59,183
03/22/2009,MOB,AL,ASO,CE,Combined TRACON& Tower with Radar,19,28,19,18,84,0,7,24,11,42,19,35,43,29,126,76,120,196,322
03/23/2009,MOB,AL,ASO,CE,Combined TRACON& Tower with Radar,12,29,19,84,144,0,1,14,38,53,12,30,33,122,197,12,136,148,345
03/24/2009,MOB,AL,ASO,CE,Combined TRACON& Tower with Radar,11,38,16,91,156,0,11,7,44,62,11,49,23,135,218,20,76,96,314
03/25/2009,MOB,AL,ASO,CE,Combined TRACON& Tower with Radar,7,30,8,55,100,0,2,4,22,28,7,32,12,77,128,0,82,82,210
03/26/2009,MOB,AL,ASO,CE,Combined TRACON& Tower with Radar,3,42,12,35,92,0,3,0,17,20,3,45,12,52,112,4,70,74,186
03/27/2009,MOB,AL,ASO,CE,Combined TRACON& Tower with Radar,5,38,16,38,97,0,1,0,0,1,5,39,16,38,98,0,92,92,190
03/28/2009,MOB,AL,ASO,CE,Combined TRACON& Tower with Radar,7,24,6,6,43,0,4,7,6,17,7,28,13,12,60,0,0,0,60
03/29/2009,MOB,AL,ASO,CE,Combined TRACON& Tower with Radar,13,29,34,2,78,0,9,27,9,45,13,38,61,11,123,6,46,52,175
03/30/2009,MOB,AL,ASO,CE,Combined TRACON& Tower with Radar,7,34,13,107,161,0,3,21,61,85,7,37,34,168,246,66,240,306,552
03/31/2009,MOB,AL,ASO,CE,Combined TRACON& Tower with Radar,10,28,4,27,69,0,0,0,0,0,10,28,4,27,69,0,40,40,109
04/01/2009,MOB,AL,ASO,CE,Combined TRACON& Tower with Radar,11,32,11,52,106,0,3,2,25,30,11,35,13,77,136,0,88,88,224
04/02/2009,MOB,AL,ASO,CE,Combined TRACON& Tower with Radar,3,36,17,20,76,0,0,0,8,8,3,36,17,28,84,0,176,176,260
04/03/2009,MOB,AL,ASO,CE,Combined TRACON& Tower with Radar,2,39,13,127,181,0,4,21,31,56,2,43,34,158,237,2,56,58,295
04/04/2009,MOB,AL,ASO,CE,Combined TRACON& Tower with Radar,6,24,11,30,71,0,1,22,14,37,6,25,33,44,108,6,8,14,122
04/05/2009,MOB,AL,ASO,CE,Combined TRACON& Tower with Radar,17,34,10,43,104,0,0,5,4,9,17,34,15,47,113,48,102,150,263
04/06/2009,MOB,AL,ASO,CE,Combined TRACON& Tower with Radar,8,35,11,77,131,0,0,12,37,49,8,35,23,114,180,2,112,114,294
04/07/2009,MOB,AL,ASO,CE,Combined TRACON& Tower with Radar,7,31,18,57,113,0,1,15,41,57,7,32,33,98,170,0,118,118,288
04/08/2009,MOB,AL,ASO,CE,Combined TRACON& Tower with Radar,5,40,13,56,114,0,6,8,41,55,5,46,21,97,169,0,156,156,325
04/09/2009,MOB,AL,ASO,CE,Combined TRACON& Tower with Radar,11,38,18,115,182,0,0,2,34,36,11,38,20,149,218,2,190,192,410
04/10/2009,MOB,AL,ASO,CE,Combined TRACON& Tower with Radar,4,34,7,39,84,0,0,2,14,16,4,34,9,53,100,20,12,32,132
04/11/2009,MOB,AL,ASO,CE,Combined TRACON& Tower with Radar,8,16,10,9,43,0,4,9,3,16,8,20,19,12,59,0,4,4,63
04/12/2009,MOB,AL,ASO,CE,Combined TRACON& Tower with Radar,1,38,17,15,71,0,0,8,1,9,1,38,25,16,80,0,12,12,92
04/13/2009,MOB,AL,ASO,CE,Combined TRACON& Tower with Radar,7,30,9,50,96,0,0,2,13,15,7,30,11,63,111,0,80,80,191
04/14/2009,MOB,AL,ASO,CE,Combined TRACON& Tower with Radar,5,37,9,127,178,0,2,13,25,40,5,39,22,152,218,10,138,148,366
04/15/2009,MOB,AL,ASO,CE,Combined TRACON& Tower with Radar,6,33,10,129,178,0,2,11,23,36,6,35,21,152,214,16,74,90,304
04/16/2009,MOB,AL,ASO,CE,Combined TRACON& Tower with Radar,2,40,18,108,168,0,0,16,25,41,2,40,34,133,209,0,76,76,285
04/17/2009,MOB,AL,ASO,CE,Combined TRACON& Tower with Radar,6,30,9,83,128,0,1,7,24,32,6,31,16,107,160,28,114,142,302
04/18/2009,MOB,AL,ASO,CE,Combined TRACON& Tower with Radar,3,17,10,9,39,0,0,1,5,6,3,17,11,14,45,0,14,14,59
04/19/2009,MOB,AL,ASO,CE,Combined TRACON& Tower with Radar,3,37,11,16,67,0,5,7,2,14,3,42,18,18,81,0,2,2,83
04/20/2009,MOB,AL,ASO,CE,Combined TRACON& Tower with Radar,7,35,21,62,125,0,1,6,23,30,7,36,27,85,155,2,80,82,237
04/21/2009,MOB,AL,ASO,CE,Combined TRACON& Tower with Radar,2,12,4,18,36,0,0,6,8,14,2,12,10,26,50,10,254,264,314
04/22/2009,MOB,AL,ASO,CE,Combined TRACON& Tower with Radar,5,39,23,75,142,0,3,17,46,66,5,42,40,121,208,0,166,166,374
04/23/2009,MOB,AL,ASO,CE,Combined TRACON& Tower with Radar,3,38,27,52,120,0,1,11,36,48,3,39,38,88,168,0,72,72,240
04/24/2009,MOB,AL,ASO,CE,Combined TRACON& Tower with Radar,4,37,17,50,108,0,0,20,32,52,4,37,37,82,160,0,54,54,214
04/25/2009,MOB,AL,ASO,CE,Combined TRACON& Tower with Radar,2,24,12,8,46,0,6,12,3,21,2,30,24,11,67,28,8,36,103
04/26/2009,MOB,AL,ASO,CE,Combined TRACON& Tower with Radar,7,36,22,23,88,0,1,15,2,18,7,37,37,25,106,4,8,12,118
04/27/2009,MOB,AL,ASO,CE,Combined TRACON& Tower with Radar,4,38,12,51,105,0,3,3,17,23,4,41,15,68,128,6,84,90,218
04/28/2009,MOB,AL,ASO,CE,Combined TRACON& Tower with Radar,2,37,32,58,129,0,0,7,35,42,2,37,39,93,171,48,84,132,303
04/29/2009,MOB,AL,ASO,CE,Combined TRACON& Tower with Radar,4,32,14,97,147,0,0,5,45,50,4,32,19,142,197,25,120,145,342
04/30/2009,MOB,AL,ASO,CE,Combined TRACON& Tower with Radar,3,42,19,118,182,0,2,7,30,39,3,44,26,148,221,6,130,136,357
05/01/2009,MOB,AL,ASO,CE,Combined TRACON& Tower with Radar,3,42,9,42,96,0,0,9,30,39,3,42,18,72,135,28,48,76,211
05/02/2009,MOB,AL,ASO,CE,Combined TRACON& Tower with Radar,3,26,8,14,51,0,0,10,9,19,3,26,18,23,70,16,6,22,92
05/03/2009,MOB,AL,ASO,CE,Combined TRACON& Tower with Radar,5,36,25,11,77,0,0,1,8,9,5,36,26,19,86,4,6,10,96
05/04/2009,MOB,AL,ASO,CE,Combined TRACON& Tower with Radar,3,38,5,7,53,0,0,4,15,19,3,38,9,22,72,4,86,90,162
05/05/2009,MOB,AL,ASO,CE,Combined TRACON& Tower with Radar,8,37,18,65,128,0,0,7,27,34,8,37,25,92,162,12,154,166,328
05/06/2009,MOB,AL,ASO,CE,Combined TRACON& Tower with Radar,5,44,19,96,164,0,1,2,36,39,5,45,21,132,203,0,167,167,370
05/07/2009,MOB,AL,ASO,CE,Combined TRACON& Tower with Radar,3,48,26,126,203,0,0,13,41,54,3,48,39,167,257,4,246,250,507
05/08/2009,MOB,AL,ASO,CE,Combined TRACON& Tower with Radar,3,39,21,85,148,0,2,8,31,41,3,41,29,116,189,0,36,36,225
05/09/2009,MOB,AL,ASO,CE,Combined TRACON& Tower with Radar,1,25,11,0,37,0,0,21,2,23,1,25,32,2,60,22,18,40,100
05/10/2009,MOB,AL,ASO,CE,Combined TRACON& Tower with Radar,2,40,18,22,82,0,1,7,6,14,2,41,25,28,96,2,16,18,114
05/11/2009,MOB,AL,ASO,CE,Combined TRACON& Tower with Radar,3,43,14,35,95,0,1,2,17,20,3,44,16,52,115,0,118,118,233
05/12/2009,MOB,AL,ASO,CE,Combined TRACON& Tower with Radar,3,41,15,39,98,0,0,5,19,24,3,41,20,58,122,32,94,126,248
05/13/2009,MOB,AL,ASO,CE,Combined TRACON& Tower with Radar,5,37,21,54,117,0,1,6,24,31,5,38,27,78,148,10,104,114,262
05/14/2009,MOB,AL,ASO,CE,Combined TRACON& Tower with Radar,3,43,20,50,116,0,2,12,22,36,3,45,32,72,152,14,150,164,316
05/15/2009,MOB,AL,ASO,CE,Combined TRACON& Tower with Radar,3,38,24,28,93,0,0,6,21,27,3,38,30,49,120,36,86,122,242
05/16/2009,MOB,AL,ASO,CE,Combined TRACON& Tower with Radar,3,28,11,2,44,0,0,9,4,13,3,28,20,6,57,0,0,0,57
05/17/2009,MOB,AL,ASO,CE,Combined TRACON& Tower with Radar,5,39,16,20,80,0,0,0,2,2,5,39,16,22,82,2,52,54,136
05/18/2009,MOB,AL,ASO,CE,Combined TRACON& Tower with Radar,3,40,25,65,133,0,0,2,24,26,3,40,27,89,159,58,160,218,377
05/19/2009,MOB,AL,ASO,CE,Combined TRACON& Tower with Radar,5,40,16,79,140,0,3,10,30,43,5,43,26,109,183,36,180,216,399
05/20/2009,MOB,AL,ASO,CE,Combined TRACON& Tower with Radar,2,38,23,128,191,0,0,6,34,40,2,38,29,162,231,12,188,200,431
05/21/2009,MOB,AL,ASO,CE,Combined TRACON& Tower with Radar,3,40,16,45,104,0,0,3,25,28,3,40,19,70,132,0,122,122,254
05/22/2009,MOB,AL,ASO,CE,Combined TRACON& Tower with Radar,3,42,15,65,125,0,0,1,15,16,3,42,16,80,141,0,40,40,181
05/23/2009,MOB,AL,ASO,CE,Combined TRACON& Tower with Radar,3,23,5,10,41,0,0,0,1,1,3,23,5,11,42,0,13,13,55
05/24/2009,MOB,AL,ASO,CE,Combined TRACON& Tower with Radar,2,28,21,13,64,0,0,7,3,10,2,28,28,16,74,0,8,8,82
05/25/2009,MOB,AL,ASO,CE,Combined TRACON& Tower with Radar,5,35,9,0,49,0,0,2,2,4,5,35,11,2,53,0,0,0,53
05/26/2009,MOB,AL,ASO,CE,Combined TRACON& Tower with Radar,4,38,22,66,130,0,0,4,25,29,4,38,26,91,159,26,120,146,305
05/27/2009,MOB,AL,ASO,CE,Combined TRACON& Tower with Radar,3,41,19,54,117,0,0,7,44,51,3,41,26,98,168,42,156,198,366
05/28/2009,MOB,AL,ASO,CE,Combined TRACON& Tower with Radar,3,40,16,78,137,0,2,4,44,50,3,42,20,122,187,34,244,278,465
05/29/2009,MOB,AL,ASO,CE,Combined TRACON& Tower with Radar,3,39,9,41,92,0,0,18,11,29,3,39,27,52,121,4,62,66,187
05/30/2009,MOB,AL,ASO,CE,Combined TRACON& Tower with Radar,5,22,26,0,53,0,2,19,8,29,5,24,45,8,82,62,10,72,154
05/31/2009,MOB,AL,ASO,CE,Combined TRACON& Tower with Radar,3,40,18,18,79,0,2,15,3,20,3,42,33,21,99,2,0,2,101
06/01/2009,MOB,AL,ASO,CE,Combined TRACON& Tower with Radar,7,45,17,76,145,0,2,4,41,47,7,47,21,117,192,0,252,252,444
06/02/2009,MOB,AL,ASO,CE,Combined TRACON& Tower with Radar,3,35,11,82,131,0,0,12,37,49,3,35,23,119,180,24,182,206,386
06/03/2009,MOB,AL,ASO,CE,Combined TRACON& Tower with Radar,3,41,16,28,88,0,1,8,40,49,3,42,24,68,137,0,132,132,269
06/04/2009,MOB,AL,ASO,CE,Combined TRACON& Tower with Radar,4,45,12,28,89,0,2,2,19,23,4,47,14,47,112,0,64,64,176
06/05/2009,MOB,AL,ASO,CE,Combined TRACON& Tower with Radar,6,46,17,96,165,0,0,9,20,29,6,46,26,116,194,42,82,124,318
06/06/2009,MOB,AL,ASO,CE,Combined TRACON& Tower with Radar,2,30,17,33,82,0,0,7,13,20,2,30,24,46,102,44,14,58,160
06/07/2009,MOB,AL,ASO,CE,Combined TRACON& Tower with Radar,2,42,13,28,85,0,1,13,2,16,2,43,26,30,101,30,24,54,155
06/08/2009,MOB,AL,ASO,CE,Combined TRACON& Tower with Radar,4,41,7,75,127,0,0,13,58,71,4,41,20,133,198,10,104,114,312
06/09/2009,MOB,AL,ASO,CE,Combined TRACON& Tower with Radar,4,38,20,97,159,0,1,9,40,50,4,39,29,137,209,34,224,258,467
06/10/2009,MOB,AL,ASO,CE,Combined TRACON& Tower with Radar,4,40,25,53,122,0,2,12,38,52,4,42,37,91,174,28,186,214,388
06/11/2009,MOB,AL,ASO,CE,Combined TRACON& Tower with Radar,4,44,22,92,162,0,0,27,69,96,4,44,49,161,258,10,126,136,394
06/12/2009,MOB,AL,ASO,CE,Combined TRACON& Tower with Radar,4,43,10,74,131,0,0,15,32,47,4,43,25,106,178,26,80,106,284
06/13/2009,MOB,AL,ASO,CE,Combined TRACON& Tower with Radar,4,33,17,19,73,0,1,8,5,14,4,34,25,24,87,2,18,20,107
06/14/2009,MOB,AL,ASO,CE,Combined TRACON& Tower with Radar,2,45,15,63,125,0,0,9,5,14,2,45,24,68,139,20,70,90,229
06/15/2009,MOB,AL,ASO,CE,Combined TRACON& Tower with Radar,2,46,31,60,139,0,0,11,42,53,2,46,42,102,192,16,176,192,384
06/16/2009,MOB,AL,ASO,CE,Combined TRACON& Tower with Radar,4,47,27,66,144,0,6,2,29,37,4,53,29,95,181,32,282,314,495
06/17/2009,MOB,AL,ASO,CE,Combined TRACON& Tower with Radar,4,48,13,42,107,0,3,11,36,50,4,51,24,78,157,42,116,158,315
06/18/2009,MOB,AL,ASO,CE,Combined TRACON& Tower with Radar,2,47,21,60,130,0,0,9,28,37,2,47,30,88,167,18,186,204,371
06/19/2009,MOB,AL,ASO,CE,Combined TRACON& Tower with Radar,4,41,17,39,101,0,0,10,6,16,4,41,27,45,117,0,28,28,145
06/20/2009,MOB,AL,ASO,CE,Combined TRACON& Tower with Radar,2,33,14,6,55,0,1,7,5,13,2,34,21,11,68,28,22,50,118
06/21/2009,MOB,AL,ASO,CE,Combined TRACON& Tower with Radar,4,37,21,13,75,0,0,17,3,20,4,37,38,16,95,18,6,24,119
06/22/2009,MOB,AL,ASO,CE,Combined TRACON& Tower with Radar,4,44,6,63,117,0,3,6,25,34,4,47,12,88,151,22,126,148,299
06/23/2009,MOB,AL,ASO,CE,Combined TRACON& Tower with Radar,4,46,34,51,135,0,2,12,30,44,4,48,46,81,179,28,158,186,365
06/24/2009,MOB,AL,ASO,CE,Combined TRACON& Tower with Radar,4,44,17,32,97,0,0,9,32,41,4,44,26,64,138,18,175,193,331
06/25/2009,MOB,AL,ASO,CE,Combined TRACON& Tower with Radar,4,44,15,42,105,0,0,11,34,45,4,44,26,76,150,0,164,164,314
06/26/2009,MOB,AL,ASO,CE,Combined TRACON& Tower with Radar,6,45,22,38,111,0,2,13,20,35,6,47,35,58,146,44,60,104,250
06/27/2009,MOB,AL,ASO,CE,Combined TRACON& Tower with Radar,2,34,14,16,66,0,0,15,7,22,2,34,29,23,88,4,4,8,96
06/28/2009,MOB,AL,ASO,CE,Combined TRACON& Tower with Radar,4,40,10,18,72,0,0,10,6,16,4,40,20,24,88,46,90,136,224
06/29/2009,MOB,AL,ASO,CE,Combined TRACON& Tower with Radar,4,48,6,40,98,0,1,3,29,33,4,49,9,69,131,0,132,132,263
06/30/2009,MOB,AL,ASO,CE,Combined TRACON& Tower with Radar,4,41,15,56,116,0,0,8,36,44,4,41,23,92,160,30,200,230,390
07/01/2009,MOB,AL,ASO,CE,Combined TRACON& Tower with Radar,4,51,8,34,97,0,0,14,33,47,4,51,22,67,144,10,148,158,302
07/02/2009,MOB,AL,ASO,CE,Combined TRACON& Tower with Radar,6,45,17,47,115,0,1,9,26,36,6,46,26,73,151,22,106,128,279
07/03/2009,MOB,AL,ASO,CE,Combined TRACON& Tower with Radar,4,41,12,4,61,0,1,19,0,20,4,42,31,4,81,0,0,0,81
07/04/2009,MOB,AL,ASO,CE,Combined TRACON& Tower with Radar,2,32,7,1,42,0,0,11,1,12,2,32,18,2,54,68,2,70,124
07/05/2009,MOB,AL,ASO,CE,Combined TRACON& Tower with Radar,4,39,15,2,60,0,0,8,0,8,4,39,23,2,68,0,0,0,68
07/06/2009,MOB,AL,ASO,CE,Combined TRACON& Tower with Radar,4,43,10,38,95,0,0,2,28,30,4,43,12,66,125,0,164,164,289
07/07/2009,MOB,AL,ASO,CE,Combined TRACON& Tower with Radar,3,44,12,46,105,0,0,3,19,22,3,44,15,65,127,0,208,208,335
07/08/2009,MOB,AL,ASO,CE,Combined TRACON& Tower with Radar,4,44,19,105,172,0,2,3,42,47,4,46,22,147,219,30,186,216,435
07/09/2009,MOB,AL,ASO,CE,Combined TRACON& Tower with Radar,4,49,31,117,201,0,2,11,45,58,4,51,42,162,259,32,202,234,493
07/10/2009,MOB,AL,ASO,CE,Combined TRACON& Tower with Radar,8,43,18,33,102,0,0,8,13,21,8,43,26,46,123,36,110,146,269
07/11/2009,MOB,AL,ASO,CE,Combined TRACON& Tower with Radar,2,36,12,8,58,0,0,15,6,21,2,36,27,14,79,0,12,12,91
07/12/2009,MOB,AL,ASO,CE,Combined TRACON& Tower with Radar,4,42,22,10,78,0,0,14,5,19,4,42,36,15,97,0,6,6,103
07/13/2009,MOB,AL,ASO,CE,Combined TRACON& Tower with Radar,4,41,10,52,107,0,1,5,19,25,4,42,15,71,132,38,122,160,292
07/14/2009,MOB,AL,ASO,CE,Combined TRACON& Tower with Radar,4,41,15,80,140,0,4,5,26,35,4,45,20,106,175,22,140,162,337
07/15/2009,MOB,AL,ASO,CE,Combined TRACON& Tower with Radar,4,42,17,55,118,0,0,11,33,44,4,42,28,88,162,0,56,56,218
07/16/2009,MOB,AL,ASO,CE,Combined TRACON& Tower with Radar,6,47,20,52,125,0,0,21,17,38,6,47,41,69,163,2,116,118,281
07/17/2009,MOB,AL,ASO,CE,Combined TRACON& Tower with Radar,4,42,13,33,92,0,0,2,17,19,4,42,15,50,111,0,0,0,111
07/18/2009,MOB,AL,ASO,CE,Combined TRACON& Tower with Radar,2,37,7,13,59,0,2,8,8,18,2,39,15,21,77,0,0,0,77
07/19/2009,MOB,AL,ASO,CE,Combined TRACON& Tower with Radar,2,42,7,30,81,0,3,14,7,24,2,45,21,37,105,36,110,146,251
07/20/2009,MOB,AL,ASO,CE,Combined TRACON& Tower with Radar,5,40,5,70,120,0,2,4,43,49,5,42,9,113,169,56,132,188,357
07/21/2009,MOB,AL,ASO,CE,Combined TRACON& Tower with Radar,4,46,3,36,89,0,0,4,42,46,4,46,7,78,135,22,96,118,253
07/22/2009,MOB,AL,ASO,CE,Combined TRACON& Tower with Radar,10,50,20,58,138,0,0,11,28,39,10,50,31,86,177,1,126,127,304
07/23/2009,MOB,AL,ASO,CE,Combined TRACON& Tower with Radar,4,52,12,69,137,0,0,6,40,46,4,52,18,109,183,18,102,120,303
07/24/2009,MOB,AL,ASO,CE,Combined TRACON& Tower with Radar,6,44,9,34,93,0,0,15,34,49,6,44,24,68,142,36,78,114,256
07/25/2009,MOB,AL,ASO,CE,Combined TRACON& Tower with Radar,2,35,11,1,49,0,0,13,4,17,2,35,24,5,66,8,0,8,74
07/26/2009,MOB,AL,ASO,CE,Combined TRACON& Tower with Radar,2,42,10,10,64,0,0,7,0,7,2,42,17,10,71,32,4,36,107
07/27/2009,MOB,AL,ASO,CE,Combined TRACON& Tower with Radar,4,47,6,52,109,0,2,0,37,39,4,49,6,89,148,70,184,254,402
07/28/2009,MOB,AL,ASO,CE,Combined TRACON& Tower with Radar,4,44,12,32,92,0,1,1,23,25,4,45,13,55,117,48,144,192,309
07/29/2009,MOB,AL,ASO,CE,Combined TRACON& Tower with Radar,4,47,10,65,126,0,0,3,24,27,4,47,13,89,153,68,132,200,353
07/30/2009,MOB,AL,ASO,CE,Combined TRACON& Tower with Radar,4,39,11,55,109,0,1,7,32,40,4,40,18,87,149,0,132,132,281
07/31/2009,MOB,AL,ASO,CE,Combined TRACON& Tower with Radar,3,40,17,36,96,0,1,6,8,15,3,41,23,44,111,10,30,40,151
08/01/2009,MOB,AL,ASO,CE,Combined TRACON& Tower with Radar,2,37,10,1,50,0,0,6,2,8,2,37,16,3,58,34,28,62,120
08/02/2009,MOB,AL,ASO,CE,Combined TRACON& Tower with Radar,4,39,12,10,65,0,0,11,4,15,4,39,23,14,80,24,68,92,172
08/03/2009,MOB,AL,ASO,CE,Combined TRACON& Tower with Radar,4,45,11,37,97,0,1,6,5,12,4,46,17,42,109,20,56,76,185
08/04/2009,MOB,AL,ASO,CE,Combined TRACON& Tower with Radar,1,40,13,55,109,0,3,9,43,55,1,43,22,98,164,34,208,242,406
08/05/2009,MOB,AL,ASO,CE,Combined TRACON& Tower with Radar,4,47,14,41,106,0,1,8,56,65,4,48,22,97,171,0,182,182,353
08/06/2009,MOB,AL,ASO,CE,Combined TRACON& Tower with Radar,6,51,26,56,139,0,4,9,38,51,6,55,35,94,190,28,200,228,418
08/07/2009,MOB,AL,ASO,CE,Combined TRACON& Tower with Radar,4,46,18,52,120,0,0,21,27,48,4,46,39,79,168,80,186,266,434
08/08/2009,MOB,AL,ASO,CE,Combined TRACON& Tower with Radar,2,37,6,2,47,0,0,10,4,14,2,37,16,6,61,46,24,70,131
08/09/2009,MOB,AL,ASO,CE,Combined TRACON& Tower with Radar,4,43,11,7,65,0,1,8,1,10,4,44,19,8,75,26,66,92,167
08/10/2009,MOB,AL,ASO,CE,Combined TRACON& Tower with Radar,4,43,14,44,105,0,0,5,17,22,4,43,19,61,127,0,72,72,199
08/11/2009,MOB,AL,ASO,CE,Combined TRACON& Tower with Radar,4,45,18,93,160,0,0,5,38,43,4,45,23,131,203,38,242,280,483
08/12/2009,MOB,AL,ASO,CE,Combined TRACON& Tower with Radar,4,45,17,50,116,0,0,10,32,42,4,45,27,82,158,0,0,0,158
08/13/2009,MOB,AL,ASO,CE,Combined TRACON& Tower with Radar,6,49,16,59,130,0,0,13,39,52,6,49,29,98,182,8,68,76,258
08/14/2009,MOB,AL,ASO,CE,Combined TRACON& Tower with Radar,2,46,14,55,117,0,0,5,44,49,2,46,19,99,166,22,172,194,360
08/15/2009,MOB,AL,ASO,CE,Combined TRACON& Tower with Radar,2,37,11,16,66,0,1,5,5,11,2,38,16,21,77,0,0,0,77
08/16/2009,MOB,AL,ASO,CE,Combined TRACON& Tower with Radar,4,43,15,10,72,0,0,11,10,21,4,43,26,20,93,0,40,40,133
08/17/2009,MOB,AL,ASO,CE,Combined TRACON& Tower with Radar,6,43,27,45,121,0,0,2,18,20,6,43,29,63,141,0,0,0,141
08/18/2009,MOB,AL,ASO,CE,Combined TRACON& Tower with Radar,3,42,13,53,111,0,0,5,39,44,3,42,18,92,155,10,192,202,357
08/19/2009,MOB,AL,ASO,CE,Combined TRACON& Tower with Radar,5,44,8,17,74,0,0,7,20,27,5,44,15,37,101,0,0,0,101
08/20/2009,MOB,AL,ASO,CE,Combined TRACON& Tower with Radar,5,42,13,75,135,0,0,3,41,44,5,42,16,116,179,34,92,126,305
08/21/2009,MOB,AL,ASO,CE,Combined TRACON& Tower with Radar,5,43,16,19,83,0,0,4,19,23,5,43,20,38,106,0,0,0,106
08/22/2009,MOB,AL,ASO,CE,Combined TRACON& Tower with Radar,8,32,11,8,59,0,1,10,2,13,8,33,21,10,72,112,0,112,184
08/23/2009,MOB,AL,ASO,CE,Combined TRACON& Tower with Radar,4,39,17,18,78,0,1,19,2,22,4,40,36,20,100,72,144,216,316
08/24/2009,MOB,AL,ASO,CE,Combined TRACON& Tower with Radar,5,39,9,59,112,0,0,13,29,42,5,39,22,88,154,86,206,292,446
08/25/2009,MOB,AL,ASO,CE,Combined TRACON& Tower with Radar,5,45,27,52,129,0,1,17,26,44,5,46,44,78,173,92,206,298,471
08/26/2009,MOB,AL,ASO,CE,Combined TRACON& Tower with Radar,5,44,5,109,163,0,2,15,39,56,5,46,20,148,219,75,200,275,494
08/27/2009,MOB,AL,ASO,CE,Combined TRACON& Tower with Radar,5,46,13,15,79,0,1,14,19,34,5,47,27,34,113,2,296,298,411
08/28/2009,MOB,AL,ASO,CE,Combined TRACON& Tower with Radar,5,43,4,42,94,0,0,10,21,31,5,43,14,63,125,36,172,208,333
08/29/2009,MOB,AL,ASO,CE,Combined TRACON& Tower with Radar,4,33,19,3,59,0,1,25,3,29,4,34,44,6,88,50,62,112,200
08/30/2009,MOB,AL,ASO,CE,Combined TRACON& Tower with Radar,4,38,14,3,59,0,1,7,0,8,4,39,21,3,67,4,36,40,107
08/31/2009,MOB,AL,ASO,CE,Combined TRACON& Tower with Radar,5,49,14,72,140,0,2,11,19,32,5,51,25,91,172,119,124,243,415
09/01/2009,MOB,AL,ASO,CE,Combined TRACON& Tower with Radar,7,37,12,99,155,0,1,9,48,58,7,38,21,147,213,62,256,318,531
09/02/2009,MOB,AL,ASO,CE,Combined TRACON& Tower with Radar,7,49,16,104,176,0,2,6,34,42,7,51,22,138,218,21,188,209,427
09/03/2009,MOB,AL,ASO,CE,Combined TRACON& Tower with Radar,7,46,14,80,147,0,0,10,33,43,7,46,24,113,190,56,202,258,448
09/04/2009,MOB,AL,ASO,CE,Combined TRACON& Tower with Radar,6,43,21,25,95,0,0,13,14,27,6,43,34,39,122,40,218,258,380
09/05/2009,MOB,AL,ASO,CE,Combined TRACON& Tower with Radar,13,24,16,3,56,0,0,4,2,6,13,24,20,5,62,36,8,44,106
09/06/2009,MOB,AL,ASO,CE,Combined TRACON& Tower with Radar,8,32,7,9,56,0,1,0,3,4,8,33,7,12,60,46,112,158,218
09/07/2009,MOB,AL,ASO,CE,Combined TRACON& Tower with Radar,6,39,18,0,63,0,1,6,0,7,6,40,24,0,70,50,8,58,128
09/08/2009,MOB,AL,ASO,CE,Combined TRACON& Tower with Radar,9,46,17,70,142,0,0,7,30,37,9,46,24,100,179,94,442,536,715
09/09/2009,MOB,AL,ASO,CE,Combined TRACON& Tower with Radar,6,42,28,85,161,0,0,10,43,53,6,42,38,128,214,47,275,322,536
09/10/2009,MOB,AL,ASO,CE,Combined TRACON& Tower with Radar,9,41,24,58,132,0,0,6,43,49,9,41,30,101,181,37,220,257,438
09/11/2009,MOB,AL,ASO,CE,Combined TRACON& Tower with Radar,7,41,23,72,143,0,0,7,26,33,7,41,30,98,176,2,126,128,304
09/12/2009,MOB,AL,ASO,CE,Combined TRACON& Tower with Radar,8,24,12,8,52,0,0,0,2,2,8,24,12,10,54,0,0,0,54
09/13/2009,MOB,AL,ASO,CE,Combined TRACON& Tower with Radar,5,42,3,2,52,0,0,1,3,4,5,42,4,5,56,24,6,30,86
09/14/2009,MOB,AL,ASO,CE,Combined TRACON& Tower with Radar,7,38,8,21,74,0,3,4,28,35,7,41,12,49,109,74,212,286,395
09/15/2009,MOB,AL,ASO,CE,Combined TRACON& Tower with Radar,7,36,12,64,119,0,0,8,35,43,7,36,20,99,162,16,110,126,288
09/16/2009,MOB,AL,ASO,CE,Combined TRACON& Tower with Radar,9,40,32,109,190,0,1,4,33,38,9,41,36,142,228,38,244,282,510
09/17/2009,MOB,AL,ASO,CE,Combined TRACON& Tower with Radar,8,42,22,92,164,0,0,5,31,36,8,42,27,123,200,3,40,43,243
09/18/2009,MOB,AL,ASO,CE,Combined TRACON& Tower with Radar,5,43,8,41,97,0,1,2,20,23,5,44,10,61,120,14,150,164,284
09/19/2009,MOB,AL,ASO,CE,Combined TRACON& Tower with Radar,8,28,10,2,48,0,0,7,4,11,8,28,17,6,59,34,24,58,117
09/20/2009,MOB,AL,ASO,CE,Combined TRACON& Tower with Radar,7,35,18,17,77,0,0,4,3,7,7,35,22,20,84,4,30,34,118
09/21/2009,MOB,AL,ASO,CE,Combined TRACON& Tower with Radar,5,35,15,56,111,0,2,5,28,35,5,37,20,84,146,26,146,172,318
09/22/2009,MOB,AL,ASO,CE,Combined TRACON& Tower with Radar,15,37,18,55,125,0,0,3,29,32,15,37,21,84,157,36,260,296,453
09/23/2009,MOB,AL,ASO,CE,Combined TRACON& Tower with Radar,7,39,20,87,153,0,0,6,47,53,7,39,26,134,206,50,150,200,406
09/24/2009,MOB,AL,ASO,CE,Combined TRACON& Tower with Radar,9,48,22,68,147,0,3,13,46,62,9,51,35,114,209,10,306,316,525
09/25/2009,MOB,AL,ASO,CE,Combined TRACON& Tower with Radar,7,44,26,59,136,0,1,8,38,47,7,45,34,97,183,32,122,154,337
09/26/2009,MOB,AL,ASO,CE,Combined TRACON& Tower with Radar,10,26,15,6,57,0,1,6,2,9,10,27,21,8,66,0,0,0,66
09/27/2009,MOB,AL,ASO,CE,Combined TRACON& Tower with Radar,5,41,29,6,81,0,1,18,4,23,5,42,47,10,104,10,94,104,208
09/28/2009,MOB,AL,ASO,CE,Combined TRACON& Tower with Radar,11,37,4,117,169,0,2,10,33,45,11,39,14,150,214,54,212,266,480
09/29/2009,MOB,AL,ASO,CE,Combined TRACON& Tower with Radar,7,41,19,74,141,0,0,8,40,48,7,41,27,114,189,42,98,140,329
09/30/2009,MOB,AL,ASO,CE,Combined TRACON& Tower with Radar,7,43,17,42,109,0,0,21,41,62,7,43,38,83,171,42,144,186,357
10/01/2009,MOB,AL,ASO,CE,Combined TRACON& Tower with Radar,3,35,18,48,104,0,1,26,39,66,3,36,44,87,170,43,192,235,405
10/02/2009,MOB,AL,ASO,CE,Combined TRACON& Tower with Radar,3,25,14,25,67,0,0,2,26,28,3,25,16,51,95,12,162,174,269
10/03/2009,MOB,AL,ASO,CE,Combined TRACON& Tower with Radar,2,15,10,2,29,0,1,9,9,19,2,16,19,11,48,44,12,56,104
10/04/2009,MOB,AL,ASO,CE,Combined TRACON& Tower with Radar,2,31,8,2,43,0,0,3,3,6,2,31,11,5,49,0,0,0,49
10/05/2009,MOB,AL,ASO,CE,Combined TRACON& Tower with Radar,3,37,23,21,84,0,0,4,28,32,3,37,27,49,116,68,304,372,488
10/06/2009,MOB,AL,ASO,CE,Combined TRACON& Tower with Radar,3,40,10,67,120,0,1,7,28,36,3,41,17,95,156,42,448,490,646
10/07/2009,MOB,AL,ASO,CE,Combined TRACON& Tower with Radar,6,46,23,64,139,0,0,1,36,37,6,46,24,100,176,58,258,316,492
10/08/2009,MOB,AL,ASO,CE,Combined TRACON& Tower with Radar,4,48,27,68,147,0,2,8,37,47,4,50,35,105,194,8,79,87,281
10/09/2009,MOB,AL,ASO,CE,Combined TRACON& Tower with Radar,6,39,15,57,117,0,2,4,28,34,6,41,19,85,151,32,120,152,303
10/10/2009,MOB,AL,ASO,CE,Combined TRACON& Tower with Radar,4,28,10,6,48,0,1,6,6,13,4,29,16,12,61,13,102,115,176
10/11/2009,MOB,AL,ASO,CE,Combined TRACON& Tower with Radar,2,43,12,9,66,0,0,9,3,12,2,43,21,12,78,58,12,70,148
10/12/2009,MOB,AL,ASO,CE,Combined TRACON& Tower with Radar,6,42,10,4,62,0,0,4,4,8,6,42,14,8,70,30,0,30,100
10/13/2009,MOB,AL,ASO,CE,Combined TRACON& Tower with Radar,4,42,15,51,112,0,0,0,17,17,4,42,15,68,129,26,150,176,305
10/14/2009,MOB,AL,ASO,CE,Combined TRACON& Tower with Radar,4,47,12,91,154,0,0,1,35,36,4,47,13,126,190,40,244,284,474
10/15/2009,MOB,AL,ASO,CE,Combined TRACON& Tower with Radar,4,48,22,119,193,0,0,3,46,49,4,48,25,165,242,11,104,115,357
10/16/2009,MOB,AL,ASO,CE,Combined TRACON& Tower with Radar,4,50,14,66,134,0,0,10,30,40,4,50,24,96,174,28,76,104,278
10/17/2009,MOB,AL,ASO,CE,Combined TRACON& Tower with Radar,4,29,14,8,55,0,1,14,8,23,4,30,28,16,78,34,68,102,180
10/18/2009,MOB,AL,ASO,CE,Combined TRACON& Tower with Radar,2,46,17,8,73,0,0,11,10,21,2,46,28,18,94,28,120,148,242
10/19/2009,MOB,AL,ASO,CE,Combined TRACON& Tower with Radar,2,51,25,75,153,0,0,20,31,51,2,51,45,106,204,56,188,244,448
10/20/2009,MOB,AL,ASO,CE,Combined TRACON& Tower with Radar,4,47,18,54,123,0,4,19,49,72,4,51,37,103,195,20,106,126,321
10/21/2009,MOB,AL,ASO,CE,Combined TRACON& Tower with Radar,2,48,28,70,148,0,1,8,25,34,2,49,36,95,182,34,162,196,378
10/22/2009,MOB,AL,ASO,CE,Combined TRACON& Tower with Radar,4,45,17,58,124,0,0,3,18,21,4,45,20,76,145,10,93,103,248
10/23/2009,MOB,AL,ASO,CE,Combined TRACON& Tower with Radar,4,47,23,56,130,0,0,13,27,40,4,47,36,83,170,40,138,178,348
10/24/2009,MOB,AL,ASO,CE,Combined TRACON& Tower with Radar,4,28,21,10,63,0,2,14,2,18,4,30,35,12,81,12,122,134,215
10/25/2009,MOB,AL,ASO,CE,Combined TRACON& Tower with Radar,2,43,16,11,72,0,0,18,4,22,2,43,34,15,94,28,84,112,206
10/26/2009,MOB,AL,ASO,CE,Combined TRACON& Tower with Radar,3,41,19,80,143,0,1,7,32,40,3,42,26,112,183,66,438,504,687
10/27/2009,MOB,AL,ASO,CE,Combined TRACON& Tower with Radar,4,44,12,88,148,0,0,1,19,20,4,44,13,107,168,28,110,138,306
10/28/2009,MOB,AL,ASO,CE,Combined TRACON& Tower with Radar,4,47,24,81,156,0,0,19,44,63,4,47,43,125,219,29,343,372,591
10/29/2009,MOB,AL,ASO,CE,Combined TRACON& Tower with Radar,4,48,9,54,115,0,0,1,23,24,4,48,10,77,139,12,174,186,325
10/30/2009,MOB,AL,ASO,CE,Combined TRACON& Tower with Radar,4,45,15,33,97,0,0,0,9,9,4,45,15,42,106,4,194,198,304
10/31/2009,MOB,AL,ASO,CE,Combined TRACON& Tower with Radar,4,31,9,13,57,0,2,7,8,17,4,33,16,21,74,58,4,62,136
11/01/2009,MOB,AL,ASO,CE,Combined TRACON& Tower with Radar,2,41,18,20,81,0,1,15,10,26,2,42,33,30,107,56,94,150,257
11/02/2009,MOB,AL,ASO,CE,Combined TRACON& Tower with Radar,2,43,15,51,111,0,1,16,31,48,2,44,31,82,159,12,130,142,301
11/03/2009,MOB,AL,ASO,CE,Combined TRACON& Tower with Radar,2,45,22,61,130,0,1,20,48,69,2,46,42,109,199,46,208,254,453
11/04/2009,MOB,AL,ASO,CE,Combined TRACON& Tower with Radar,2,51,20,62,135,0,0,21,38,59,2,51,41,100,194,30,288,318,512
11/05/2009,MOB,AL,ASO,CE,Combined TRACON& Tower with Radar,2,46,25,97,170,0,2,22,43,67,2,48,47,140,237,0,314,314,551
11/06/2009,MOB,AL,ASO,CE,Combined TRACON& Tower with Radar,2,49,19,55,125,0,0,12,26,38,2,49,31,81,163,22,190,212,375
11/07/2009,MOB,AL,ASO,CE,Combined TRACON& Tower with Radar,2,32,19,6,59,0,1,22,2,25,2,33,41,8,84,86,52,138,222
11/08/2009,MOB,AL,ASO,CE,Combined TRACON& Tower with Radar,2,41,30,8,81,0,0,13,3,16,2,41,43,11,97,50,58,108,205
11/09/2009,MOB,AL,ASO,CE,Combined TRACON& Tower with Radar,1,29,7,1,38,0,1,2,8,11,1,30,9,9,49,4,14,18,67
11/10/2009,MOB,AL,ASO,CE,Combined TRACON& Tower with Radar,1,28,3,9,41,0,1,1,16,18,1,29,4,25,59,0,38,38,97
11/11/2009,MOB,AL,ASO,CE,Combined TRACON& Tower with Radar,2,46,8,15,71,0,0,10,4,14,2,46,18,19,85,20,34,54,139
11/12/2009,MOB,AL,ASO,CE,Combined TRACON& Tower with Radar,2,49,26,57,134,0,0,13,31,44,2,49,39,88,178,16,185,201,379
11/13/2009,MOB,AL,ASO,CE,Combined TRACON& Tower with Radar,2,45,12,37,96,0,0,9,41,50,2,45,21,78,146,34,140,174,320
11/14/2009,MOB,AL,ASO,CE,Combined TRACON& Tower with Radar,2,30,15,4,51,0,0,25,11,36,2,30,40,15,87,80,22,102,189
11/15/2009,MOB,AL,ASO,CE,Combined TRACON& Tower with Radar,2,41,47,17,107,0,0,51,16,67,2,41,98,33,174,46,88,134,308
11/16/2009,MOB,AL,ASO,CE,Combined TRACON& Tower with Radar,2,42,22,77,143,0,0,15,24,39,2,42,37,101,182,120,280,400,582
11/17/2009,MOB,AL,ASO,CE,Combined TRACON& Tower with Radar,2,42,14,78,136,0,3,10,30,43,2,45,24,108,179,62,214,276,455
11/18/2009,MOB,AL,ASO,CE,Combined TRACON& Tower with Radar,2,44,23,86,155,0,1,14,37,52,2,45,37,123,207,18,204,222,429
11/19/2009,MOB,AL,ASO,CE,Combined TRACON& Tower with Radar,2,48,18,55,123,0,3,12,46,61,2,51,30,101,184,4,162,166,350
11/20/2009,MOB,AL,ASO,CE,Combined TRACON& Tower with Radar,2,47,12,34,95,0,0,9,17,26,2,47,21,51,121,34,110,144,265
11/21/2009,MOB,AL,ASO,CE,Combined TRACON& Tower with Radar,12,32,6,5,55,0,0,2,1,3,12,32,8,6,58,30,0,30,88
11/22/2009,MOB,AL,ASO,CE,Combined TRACON& Tower with Radar,2,43,21,12,78,0,0,1,0,1,2,43,22,12,79,2,4,6,85
11/23/2009,MOB,AL,ASO,CE,Combined TRACON& Tower with Radar,2,39,14,55,110,0,0,6,21,27,2,39,20,76,137,88,268,356,493
11/24/2009,MOB,AL,ASO,CE,Combined TRACON& Tower with Radar,2,45,15,74,136,0,1,6,28,35,2,46,21,102,171,88,242,330,501
11/25/2009,MOB,AL,ASO,CE,Combined TRACON& Tower with Radar,2,46,10,33,91,0,0,17,19,36,2,46,27,52,127,84,246,330,457
11/26/2009,MOB,AL,ASO,CE,Combined TRACON& Tower with Radar,1,27,2,0,30,0,1,8,0,9,1,28,10,0,39,0,0,0,39
11/27/2009,MOB,AL,ASO,CE,Combined TRACON& Tower with Radar,1,30,10,2,43,0,0,12,9,21,1,30,22,11,64,30,12,42,106
11/28/2009,MOB,AL,ASO,CE,Combined TRACON& Tower with Radar,2,39,12,1,54,0,0,10,7,17,2,39,22,8,71,64,28,92,163
11/29/2009,MOB,AL,ASO,CE,Combined TRACON& Tower with Radar,2,43,18,0,63,0,0,10,4,14,2,43,28,4,77,74,62,136,213
11/30/2009,MOB,AL,ASO,CE,Combined TRACON& Tower with Radar,2,43,15,51,111,0,0,1,9,10,2,43,16,60,121,2,150,152,273
12/01/2009,MOB,AL,ASO,CE,Combined TRACON& Tower with Radar,2,39,11,34,86,0,0,2,16,18,2,39,13,50,104,20,54,74,178
12/02/2009,MOB,AL,ASO,CE,Combined TRACON& Tower with Radar,2,44,7,99,152,0,2,3,28,33,2,46,10,127,185,70,264,334,519
12/03/2009,MOB,AL,ASO,CE,Combined TRACON& Tower with Radar,2,47,19,102,170,0,1,6,24,31,2,48,25,126,201,60,236,296,497
12/04/2009,MOB,AL,ASO,CE,Combined TRACON& Tower with Radar,2,36,22,57,117,0,1,8,17,26,2,37,30,74,143,70,269,339,482
12/05/2009,MOB,AL,ASO,CE,Combined TRACON& Tower with Radar,2,30,19,22,73,0,0,17,6,23,2,30,36,28,96,28,4,32,128
12/06/2009,MOB,AL,ASO,CE,Combined TRACON& Tower with Radar,2,45,17,35,99,0,0,13,2,15,2,45,30,37,114,26,16,42,156
12/07/2009,MOB,AL,ASO,CE,Combined TRACON& Tower with Radar,2,44,9,50,105,0,0,9,25,34,2,44,18,75,139,88,212,300,439
12/08/2009,MOB,AL,ASO,CE,Combined TRACON& Tower with Radar,2,41,11,20,74,0,0,0,4,4,2,41,11,24,78,0,0,0,78
12/09/2009,MOB,AL,ASO,CE,Combined TRACON& Tower with Radar,2,44,22,93,161,0,1,9,47,57,2,45,31,140,218,40,304,344,562
12/10/2009,MOB,AL,ASO,CE,Combined TRACON& Tower with Radar,2,44,11,81,138,0,0,9,48,57,2,44,20,129,195,52,272,324,519
12/11/2009,MOB,AL,ASO,CE,Combined TRACON& Tower with Radar,2,46,15,77,140,0,3,6,31,40,2,49,21,108,180,14,90,104,284
12/12/2009,MOB,AL,ASO,CE,Combined TRACON& Tower with Radar,2,29,4,0,35,0,0,0,0,0,2,29,4,0,35,0,0,0,35
12/13/2009,MOB,AL,ASO,CE,Combined TRACON& Tower with Radar,3,37,10,17,67,0,0,1,0,1,3,37,11,17,68,6,14,20,88
12/14/2009,MOB,AL,ASO,CE,Combined TRACON& Tower with Radar,3,45,8,0,56,0,0,0,0,0,3,45,8,0,56,0,0,0,56
12/15/2009,MOB,AL,ASO,CE,Combined TRACON& Tower with Radar,6,42,18,75,141,0,0,0,4,4,6,42,18,79,145,0,0,0,145
12/16/2009,MOB,AL,ASO,CE,Combined TRACON& Tower with Radar,2,50,35,63,150,0,0,20,42,62,2,50,55,105,212,52,368,420,632
12/17/2009,MOB,AL,ASO,CE,Combined TRACON& Tower with Radar,2,45,17,4,68,0,0,2,9,11,2,45,19,13,79,0,0,0,79
12/18/2009,MOB,AL,ASO,CE,Combined TRACON& Tower with Radar,2,51,10,37,100,0,0,2,4,6,2,51,12,41,106,34,246,280,386
12/19/2009,MOB,AL,ASO,CE,Combined TRACON& Tower with Radar,2,34,10,10,56,0,0,10,3,13,2,34,20,13,69,24,0,24,93
12/20/2009,MOB,AL,ASO,CE,Combined TRACON& Tower with Radar,2,40,15,8,65,0,0,10,3,13,2,40,25,11,78,20,8,28,106
12/21/2009,MOB,AL,ASO,CE,Combined TRACON& Tower with Radar,2,43,24,29,98,0,0,14,22,36,2,43,38,51,134,190,232,422,556
12/22/2009,MOB,AL,ASO,CE,Combined TRACON& Tower with Radar,2,46,16,58,122,0,4,11,18,33,2,50,27,76,155,74,128,202,357
12/23/2009,MOB,AL,ASO,CE,Combined TRACON& Tower with Radar,2,46,27,36,111,0,0,5,6,11,2,46,32,42,122,94,238,332,454
12/24/2009,MOB,AL,ASO,CE,Combined TRACON& Tower with Radar,1,27,2,0,30,0,0,0,0,0,1,27,2,0,30,0,0,0,30
12/25/2009,MOB,AL,ASO,CE,Combined TRACON& Tower with Radar,1,28,2,0,31,0,0,2,1,3,1,28,4,1,34,0,0,0,34
12/26/2009,MOB,AL,ASO,CE,Combined TRACON& Tower with Radar,2,35,18,2,57,0,1,8,4,13,2,36,26,6,70,0,0,0,70
12/27/2009,MOB,AL,ASO,CE,Combined TRACON& Tower with Radar,2,44,20,5,71,0,0,3,3,6,2,44,23,8,77,36,28,64,141
12/28/2009,MOB,AL,ASO,CE,Combined TRACON& Tower with Radar,2,43,13,37,95,0,1,6,15,22,2,44,19,52,117,80,200,280,397
12/29/2009,MOB,AL,ASO,CE,Combined TRACON& Tower with Radar,2,39,18,42,101,0,3,8,9,20,2,42,26,51,121,124,168,292,413
12/30/2009,MOB,AL,ASO,CE,Combined TRACON& Tower with Radar,2,46,11,40,99,0,0,2,6,8,2,46,13,46,107,0,28,28,135
12/31/2009,MOB,AL,ASO,CE,Combined TRACON& Tower with Radar,1,34,10,22,67,0,1,5,8,14,1,35,15,30,81,33,136,169,250
01/01/2010,MOB,AL,ASO,CE,Combined TRACON& Tower with Radar,1,33,1,4,39,0,1,0,4,5,1,34,1,8,44,6,28,34,78
01/02/2010,MOB,AL,ASO,CE,Combined TRACON& Tower with Radar,2,38,13,12,65,0,0,9,2,11,2,38,22,14,76,110,40,150,226
01/03/2010,MOB,AL,ASO,CE,Combined TRACON& Tower with Radar,2,40,15,2,59,0,0,13,2,15,2,40,28,4,74,24,0,24,98
01/04/2010,MOB,AL,ASO,CE,Combined TRACON& Tower with Radar,1,50,10,39,100,0,4,4,9,17,1,54,14,48,117,130,204,334,451
01/05/2010,MOB,AL,ASO,CE,Combined TRACON& Tower with Radar,3,44,25,54,126,0,1,10,6,17,3,45,35,60,143,58,110,168,311
01/06/2010,MOB,AL,ASO,CE,Combined TRACON& Tower with Radar,2,45,16,93,156,1,1,19,17,38,3,46,35,110,194,83,192,275,469
01/07/2010,MOB,AL,ASO,CE,Combined TRACON& Tower with Radar,2,43,11,71,127,0,0,7,10,17,2,43,18,81,144,20,170,190,334
01/08/2010,MOB,AL,ASO,CE,Combined TRACON& Tower with Radar,2,45,9,91,147,0,2,11,37,50,2,47,20,128,197,42,142,184,381
01/09/2010,MOB,AL,ASO,CE,Combined TRACON& Tower with Radar,0,32,7,14,53,0,0,11,5,16,0,32,18,19,69,30,152,182,251
01/10/2010,MOB,AL,ASO,CE,Combined TRACON& Tower with Radar,0,46,11,2,59,0,3,9,5,17,0,49,20,7,76,14,146,160,236
01/11/2010,MOB,AL,ASO,CE,Combined TRACON& Tower with Radar,0,42,15,98,155,0,1,5,27,33,0,43,20,125,188,78,268,346,534
01/12/2010,MOB,AL,ASO,CE,Combined TRACON& Tower with Radar,0,45,22,81,148,0,1,21,39,61,0,46,43,120,209,57,383,440,649
01/13/2010,MOB,AL,ASO,CE,Combined TRACON& Tower with Radar,0,48,19,83,150,0,1,12,38,51,0,49,31,121,201,38,163,201,402
01/14/2010,MOB,AL,ASO,CE,Combined TRACON& Tower with Radar,0,54,24,84,162,0,2,13,42,57,0,56,37,126,219,63,202,265,484
01/15/2010,MOB,AL,ASO,CE,Combined TRACON& Tower with Radar,0,47,18,81,146,0,1,12,21,34,0,48,30,102,180,12,152,164,344
01/16/2010,MOB,AL,ASO,CE,Combined TRACON& Tower with Radar,0,29,2,0,31,0,0,0,0,0,0,29,2,0,31,0,0,0,31
01/17/2010,MOB,AL,ASO,CE,Combined TRACON& Tower with Radar,0,41,11,12,64,0,0,2,3,5,0,41,13,15,69,0,106,106,175
01/18/2010,MOB,AL,ASO,CE,Combined TRACON& Tower with Radar,0,43,11,15,69,0,0,42,3,45,0,43,53,18,114,54,222,276,390
01/19/2010,MOB,AL,ASO,CE,Combined TRACON& Tower with Radar,0,45,14,70,129,0,1,18,27,46,0,46,32,97,175,68,348,416,591
01/20/2010,MOB,AL,ASO,CE,Combined TRACON& Tower with Radar,0,45,19,28,92,0,0,3,5,8,0,45,22,33,100,32,88,120,220
01/21/2010,MOB,AL,ASO,CE,Combined TRACON& Tower with Radar,0,47,23,54,124,0,2,8,39,49,0,49,31,93,173,66,240,306,479
01/22/2010,MOB,AL,ASO,CE,Combined TRACON& Tower with Radar,0,46,12,94,152,0,0,18,39,57,0,46,30,133,209,74,246,320,529
01/23/2010,MOB,AL,ASO,CE,Combined TRACON& Tower with Radar,6,34,11,24,75,0,0,1,0,1,6,34,12,24,76,64,68,132,208
01/24/2010,MOB,AL,ASO,CE,Combined TRACON& Tower with Radar,0,47,11,3,61,0,1,1,3,5,0,48,12,6,66,40,110,150,216
01/25/2010,MOB,AL,ASO,CE,Combined TRACON& Tower with Radar,0,53,24,59,136,0,0,11,29,40,0,53,35,88,176,116,262,378,554
01/26/2010,MOB,AL,ASO,CE,Combined TRACON& Tower with Radar,0,43,23,94,160,0,6,12,32,50,0,49,35,126,210,34,346,380,590
01/27/2010,MOB,AL,ASO,CE,Combined TRACON& Tower with Radar,0,49,27,45,121,0,0,20,31,51,0,49,47,76,172,48,296,344,516
01/28/2010,MOB,AL,ASO,CE,Combined TRACON& Tower with Radar,0,45,13,82,140,0,0,12,26,38,0,45,25,108,178,32,238,270,448
01/29/2010,MOB,AL,ASO,CE,Combined TRACON& Tower with Radar,0,41,11,44,96,0,0,1,15,16,0,41,12,59,112,20,162,182,294
01/30/2010,MOB,AL,ASO,CE,Combined TRACON& Tower with Radar,0,31,15,4,50,0,0,3,1,4,0,31,18,5,54,76,14,90,144
01/31/2010,MOB,AL,ASO,CE,Combined TRACON& Tower with Radar,2,39,16,13,70,0,0,15,0,15,2,39,31,13,85,32,46,78,163
02/01/2010,MOB,AL,ASO,CE,Combined TRACON& Tower with Radar,0,46,7,32,85,0,3,3,30,36,0,49,10,62,121,10,138,148,269
02/02/2010,MOB,AL,ASO,CE,Combined TRACON& Tower with Radar,0,46,14,49,109,0,1,15,21,37,0,47,29,70,146,14,208,222,368
02/03/2010,MOB,AL,ASO,CE,Combined TRACON& Tower with Radar,0,53,10,65,128,0,2,7,45,54,0,55,17,110,182,40,346,386,568
02/04/2010,MOB,AL,ASO,CE,Combined TRACON& Tower with Radar,0,46,10,37,93,0,0,2,8,10,0,46,12,45,103,2,68,70,173
02/05/2010,MOB,AL,ASO,CE,Combined TRACON& Tower with Radar,0,48,13,80,141,0,0,2,22,24,0,48,15,102,165,14,86,100,265
02/06/2010,MOB,AL,ASO,CE,Combined TRACON& Tower with Radar,0,32,14,1,47,0,0,5,1,6,0,32,19,2,53,0,4,4,57
02/07/2010,MOB,AL,ASO,CE,Combined TRACON& Tower with Radar,0,45,18,12,75,0,3,7,6,16,0,48,25,18,91,0,0,0,91
02/08/2010,MOB,AL,ASO,CE,Combined TRACON& Tower with Radar,0,46,27,91,164,0,0,3,30,33,0,46,30,121,197,122,450,572,769
02/09/2010,MOB,AL,ASO,CE,Combined TRACON& Tower with Radar,0,42,19,91,152,0,0,1,22,23,0,42,20,113,175,46,150,196,371
02/10/2010,MOB,AL,ASO,CE,Combined TRACON& Tower with Radar,0,60,15,60,135,0,0,8,44,52,0,60,23,104,187,6,320,326,513
02/11/2010,MOB,AL,ASO,CE,Combined TRACON& Tower with Radar,0,39,20,60,119,0,1,3,32,36,0,40,23,92,155,8,152,160,315
02/12/2010,MOB,AL,ASO,CE,Combined TRACON& Tower with Radar,0,28,3,1,32,0,0,0,0,0,0,28,3,1,32,0,0,0,32
02/13/2010,MOB,AL,ASO,CE,Combined TRACON& Tower with Radar,0,24,18,2,44,0,1,8,2,11,0,25,26,4,55,70,44,114,169
02/14/2010,MOB,AL,ASO,CE,Combined TRACON& Tower with Radar,2,43,25,3,73,0,1,11,5,17,2,44,36,8,90,0,0,0,90
02/15/2010,MOB,AL,ASO,CE,Combined TRACON& Tower with Radar,0,40,19,5,64,0,0,1,2,3,0,40,20,7,67,200,0,200,267
02/16/2010,MOB,AL,ASO,CE,Combined TRACON& Tower with Radar,4,49,21,36,110,0,0,10,19,29,4,49,31,55,139,44,92,136,275
02/17/2010,MOB,AL,ASO,CE,Combined TRACON& Tower with Radar,0,48,25,90,163,0,1,14,43,58,0,49,39,133,221,32,154,186,407
02/18/2010,MOB,AL,ASO,CE,Combined TRACON& Tower with Radar,2,48,13,71,134,0,2,13,44,59,2,50,26,115,193,52,242,294,487
02/19/2010,MOB,AL,ASO,CE,Combined TRACON& Tower with Radar,0,48,23,42,113,0,1,12,41,54,0,49,35,83,167,0,42,42,209
02/20/2010,MOB,AL,ASO,CE,Combined TRACON& Tower with Radar,0,33,16,27,76,0,1,17,7,25,0,34,33,34,101,90,72,162,263
02/21/2010,MOB,AL,ASO,CE,Combined TRACON& Tower with Radar,0,47,20,5,72,0,0,7,3,10,0,47,27,8,82,0,0,0,82
02/22/2010,MOB,AL,ASO,CE,Combined TRACON& Tower with Radar,0,48,17,97,162,0,1,13,28,42,0,49,30,125,204,4,106,110,314
02/23/2010,MOB,AL,ASO,CE,Combined TRACON& Tower with Radar,0,49,28,52,129,0,0,14,26,40,0,49,42,78,169,76,194,270,439
02/24/2010,MOB,AL,ASO,CE,Combined TRACON& Tower with Radar,0,47,9,70,126,0,0,9,14,23,0,47,18,84,149,62,212,274,423
02/25/2010,MOB,AL,ASO,CE,Combined TRACON& Tower with Radar,0,54,18,44,116,0,3,15,38,56,0,57,33,82,172,74,318,392,564
02/26/2010,MOB,AL,ASO,CE,Combined TRACON& Tower with Radar,0,50,31,83,164,0,2,11,30,43,0,52,42,113,207,0,74,74,281
02/27/2010,MOB,AL,ASO,CE,Combined TRACON& Tower with Radar,0,33,7,13,53,0,1,7,6,14,0,34,14,19,67,50,54,104,171
02/28/2010,MOB,AL,ASO,CE,Combined TRACON& Tower with Radar,0,44,14,7,65,0,1,19,1,21,0,45,33,8,86,88,10,98,184
03/01/2010,MOB,AL,ASO,CE,Combined TRACON& Tower with Radar,2,47,14,67,130,0,0,4,14,18,2,47,18,81,148,142,216,358,506
03/02/2010,MOB,AL,ASO,CE,Combined TRACON& Tower with Radar,0,35,8,72,115,0,0,0,26,26,0,35,8,98,141,34,168,202,343
03/03/2010,MOB,AL,ASO,CE,Combined TRACON& Tower with Radar,0,53,13,111,177,0,5,8,32,45,0,58,21,143,222,38,380,418,640
03/04/2010,MOB,AL,ASO,CE,Combined TRACON& Tower with Radar,2,54,22,113,191,0,1,10,43,54,2,55,32,156,245,42,390,432,677
03/05/2010,MOB,AL,ASO,CE,Combined TRACON& Tower with Radar,0,46,23,65,134,0,2,14,19,35,0,48,37,84,169,44,108,152,321
03/06/2010,MOB,AL,ASO,CE,Combined TRACON& Tower with Radar,2,34,22,6,64,0,2,17,2,21,2,36,39,8,85,52,62,114,199
03/07/2010,MOB,AL,ASO,CE,Combined TRACON& Tower with Radar,0,44,11,0,55,0,2,21,2,25,0,46,32,2,80,66,38,104,184
03/08/2010,MOB,AL,ASO,CE,Combined TRACON& Tower with Radar,0,46,20,68,134,0,0,21,33,54,0,46,41,101,188,160,284,444,632
03/09/2010,MOB,AL,ASO,CE,Combined TRACON& Tower with Radar,0,43,21,66,130,0,0,6,19,25,0,43,27,85,155,50,150,200,355
03/10/2010,MOB,AL,ASO,CE,Combined TRACON& Tower with Radar,0,44,22,79,145,0,1,3,20,24,0,45,25,99,169,22,186,208,377
03/11/2010,MOB,AL,ASO,CE,Combined TRACON& Tower with Radar,0,56,41,84,181,0,0,10,53,63,0,56,51,137,244,2,230,232,476
03/12/2010,MOB,AL,ASO,CE,Combined TRACON& Tower with Radar,0,45,14,65,124,0,0,16,32,48,0,45,30,97,172,18,238,256,428
03/13/2010,MOB,AL,ASO,CE,Combined TRACON& Tower with Radar,0,35,11,9,55,0,1,15,11,27,0,36,26,20,82,44,56,100,182
03/14/2010,MOB,AL,ASO,CE,Combined TRACON& Tower with Radar,8,45,15,20,88,0,0,19,2,21,8,45,34,22,109,28,50,78,187
03/15/2010,MOB,AL,ASO,CE,Combined TRACON& Tower with Radar,0,49,7,81,137,0,4,6,28,38,0,53,13,109,175,14,200,214,389
03/16/2010,MOB,AL,ASO,CE,Combined TRACON& Tower with Radar,4,44,13,63,124,0,1,7,21,29,4,45,20,84,153,36,158,194,347
03/17/2010,MOB,AL,ASO,CE,Combined TRACON& Tower with Radar,0,42,4,105,151,0,0,4,31,35,0,42,8,136,186,36,278,314,500
03/18/2010,MOB,AL,ASO,CE,Combined TRACON& Tower with Radar,0,51,30,57,138,0,1,11,40,52,0,52,41,97,190,0,228,228,418
03/19/2010,MOB,AL,ASO,CE,Combined TRACON& Tower with Radar,0,44,21,50,115,0,1,18,33,52,0,45,39,83,167,18,78,96,263
03/20/2010,MOB,AL,ASO,CE,Combined TRACON& Tower with Radar,0,30,16,9,55,0,0,2,4,6,0,30,18,13,61,74,8,82,143
03/21/2010,MOB,AL,ASO,CE,Combined TRACON& Tower with Radar,0,46,8,20,74,0,0,3,3,6,0,46,11,23,80,12,10,22,102
03/22/2010,MOB,AL,ASO,CE,Combined TRACON& Tower with Radar,2,45,12,70,129,0,1,4,23,28,2,46,16,93,157,10,108,118,275
03/23/2010,MOB,AL,ASO,CE,Combined TRACON& Tower with Radar,0,42,26,75,143,0,0,27,44,71,0,42,53,119,214,40,166,206,420
03/24/2010,MOB,AL,ASO,CE,Combined TRACON& Tower with Radar,0,52,38,66,156,0,0,13,28,41,0,52,51,94,197,46,130,176,373
03/25/2010,MOB,AL,ASO,CE,Combined TRACON& Tower with Radar,0,47,5,50,102,0,1,0,5,6,0,48,5,55,108,0,10,10,118
03/26/2010,MOB,AL,ASO,CE,Combined TRACON& Tower with Radar,0,55,21,73,149,0,2,7,34,43,0,57,28,107,192,26,102,128,320
03/27/2010,MOB,AL,ASO,CE,Combined TRACON& Tower with Radar,0,37,25,12,74,0,1,11,9,21,0,38,36,21,95,0,0,0,95
03/28/2010,MOB,AL,ASO,CE,Combined TRACON& Tower with Radar,0,44,11,16,71,0,1,8,3,12,0,45,19,19,83,0,0,0,83
03/29/2010,MOB,AL,ASO,CE,Combined TRACON& Tower with Radar,0,48,16,50,114,0,1,5,21,27,0,49,21,71,141,112,410,522,663
03/30/2010,MOB,AL,ASO,CE,Combined TRACON& Tower with Radar,0,45,30,69,144,0,0,17,49,66,0,45,47,118,210,52,142,194,404
03/31/2010,MOB,AL,ASO,CE,Combined TRACON& Tower with Radar,4,44,16,90,154,0,0,13,44,57,4,44,29,134,211,44,648,692,903
04/01/2010,MOB,AL,ASO,CE,Combined TRACON& Tower with Radar,0,46,20,56,122,0,1,19,45,65,0,47,39,101,187,50,404,454,641
04/02/2010,MOB,AL,ASO,CE,Combined TRACON& Tower with Radar,4,49,19,86,158,0,1,11,29,41,4,50,30,115,199,2,128,130,329
04/03/2010,MOB,AL,ASO,CE,Combined TRACON& Tower with Radar,0,36,11,12,59,0,0,4,1,5,0,36,15,13,64,0,0,0,64
04/04/2010,MOB,AL,ASO,CE,Combined TRACON& Tower with Radar,3,45,13,21,82,0,0,8,1,9,3,45,21,22,91,66,14,80,171
04/05/2010,MOB,AL,ASO,CE,Combined TRACON& Tower with Radar,4,43,12,69,128,0,2,9,39,50,4,45,21,108,178,86,288,374,552
04/06/2010,MOB,AL,ASO,CE,Combined TRACON& Tower with Radar,4,36,19,67,126,0,2,10,34,46,4,38,29,101,172,86,270,356,528
04/07/2010,MOB,AL,ASO,CE,Combined TRACON& Tower with Radar,4,40,23,102,169,0,0,10,29,39,4,40,33,131,208,44,312,356,564
04/08/2010,MOB,AL,ASO,CE,Combined TRACON& Tower with Radar,3,38,15,76,132,0,1,8,28,37,3,39,23,104,169,14,150,164,333
04/09/2010,MOB,AL,ASO,CE,Combined TRACON& Tower with Radar,8,47,15,89,159,0,2,20,7,29,8,49,35,96,188,42,132,174,362
04/10/2010,MOB,AL,ASO,CE,Combined TRACON& Tower with Radar,10,27,10,4,51,0,0,31,9,40,10,27,41,13,91,52,0,52,143
04/11/2010,MOB,AL,ASO,CE,Combined TRACON& Tower with Radar,3,39,18,13,73,0,0,18,7,25,3,39,36,20,98,100,22,122,220
04/12/2010,MOB,AL,ASO,CE,Combined TRACON& Tower with Radar,8,42,17,81,148,0,4,11,27,42,8,46,28,108,190,56,182,238,428
04/13/2010,MOB,AL,ASO,CE,Combined TRACON& Tower with Radar,4,38,9,56,107,0,0,11,43,54,4,38,20,99,161,16,54,70,231
04/14/2010,MOB,AL,ASO,CE,Combined TRACON& Tower with Radar,5,45,24,76,150,0,4,11,32,47,5,49,35,108,197,180,474,654,851
04/15/2010,MOB,AL,ASO,CE,Combined TRACON& Tower with Radar,6,43,16,69,134,0,1,19,28,48,6,44,35,97,182,40,164,204,386
04/16/2010,MOB,AL,ASO,CE,Combined TRACON& Tower with Radar,6,39,15,102,162,0,3,8,21,32,6,42,23,123,194,20,164,184,378
04/17/2010,MOB,AL,ASO,CE,Combined TRACON& Tower with Radar,4,27,12,4,47,0,0,9,7,16,4,27,21,11,63,0,0,0,63
04/18/2010,MOB,AL,ASO,CE,Combined TRACON& Tower with Radar,4,40,18,23,85,0,0,4,5,9,4,40,22,28,94,18,42,60,154
04/19/2010,MOB,AL,ASO,CE,Combined TRACON& Tower with Radar,6,37,16,114,173,0,0,3,22,25,6,37,19,136,198,18,174,192,390
04/20/2010,MOB,AL,ASO,CE,Combined TRACON& Tower with Radar,5,44,19,97,165,0,0,11,44,55,5,44,30,141,220,16,388,404,624
04/21/2010,MOB,AL,ASO,CE,Combined TRACON& Tower with Radar,5,36,44,42,127,0,0,17,32,49,5,36,61,74,176,18,282,300,476
04/22/2010,MOB,AL,ASO,CE,Combined TRACON& Tower with Radar,4,44,31,91,170,0,1,14,38,53,4,45,45,129,223,10,324,334,557
04/23/2010,MOB,AL,ASO,CE,Combined TRACON& Tower with Radar,10,38,16,83,147,0,0,4,27,31,10,38,20,110,178,2,54,56,234
04/24/2010,MOB,AL,ASO,CE,Combined TRACON& Tower with Radar,6,27,5,1,39,0,0,0,1,1,6,27,5,2,40,0,0,0,40
04/25/2010,MOB,AL,ASO,CE,Combined TRACON& Tower with Radar,4,40,27,21,92,0,2,11,9,22,4,42,38,30,114,38,24,62,176
04/26/2010,MOB,AL,ASO,CE,Combined TRACON& Tower with Radar,5,37,13,71,126,0,1,10,41,52,5,38,23,112,178,186,502,688,866
04/27/2010,MOB,AL,ASO,CE,Combined TRACON& Tower with Radar,5,36,13,54,108,0,0,5,49,54,5,36,18,103,162,0,220,220,382
04/28/2010,MOB,AL,ASO,CE,Combined TRACON& Tower with Radar,5,37,30,95,167,0,0,13,58,71,5,37,43,153,238,40,164,204,442
04/29/2010,MOB,AL,ASO,CE,Combined TRACON& Tower with Radar,5,39,32,62,138,0,1,19,52,72,5,40,51,114,210,22,292,314,524
04/30/2010,MOB,AL,ASO,CE,Combined TRACON& Tower with Radar,4,42,26,32,104,0,0,1,11,12,4,42,27,43,116,10,62,72,188
05/01/2010,MOB,AL,ASO,CE,Combined TRACON& Tower with Radar,3,31,16,13,63,0,0,0,4,4,3,31,16,17,67,56,24,80,147
05/02/2010,MOB,AL,ASO,CE,Combined TRACON& Tower with Radar,3,44,25,7,79,0,0,1,4,5,3,44,26,11,84,36,0,36,120
05/03/2010,MOB,AL,ASO,CE,Combined TRACON& Tower with Radar,1,46,21,17,85,0,0,12,25,37,1,46,33,42,122,190,444,634,756
05/04/2010,MOB,AL,ASO,CE,Combined TRACON& Tower with Radar,2,40,33,79,154,0,0,12,44,56,2,40,45,123,210,16,118,134,344
05/05/2010,MOB,AL,ASO,CE,Combined TRACON& Tower with Radar,4,42,45,75,166,0,2,17,45,64,4,44,62,120,230,75,275,350,580
05/06/2010,MOB,AL,ASO,CE,Combined TRACON& Tower with Radar,4,57,31,104,196,0,2,8,48,58,4,59,39,152,254,60,220,280,534
05/07/2010,MOB,AL,ASO,CE,Combined TRACON& Tower with Radar,6,43,24,27,100,0,5,15,16,36,6,48,39,43,136,8,62,70,206
05/08/2010,MOB,AL,ASO,CE,Combined TRACON& Tower with Radar,4,31,23,7,65,0,1,9,5,15,4,32,32,12,80,0,0,0,80
05/09/2010,MOB,AL,ASO,CE,Combined TRACON& Tower with Radar,2,41,15,11,69,0,3,18,6,27,2,44,33,17,96,90,56,146,242
05/10/2010,MOB,AL,ASO,CE,Combined TRACON& Tower with Radar,2,45,20,55,122,0,1,14,30,45,2,46,34,85,167,12,118,130,297
05/11/2010,MOB,AL,ASO,CE,Combined TRACON& Tower with Radar,2,43,38,92,175,0,0,10,31,41,2,43,48,123,216,36,134,170,386
05/12/2010,MOB,AL,ASO,CE,Combined TRACON& Tower with Radar,5,48,49,78,180,0,4,12,44,60,5,52,61,122,240,38,362,400,640
05/13/2010,MOB,AL,ASO,CE,Combined TRACON& Tower with Radar,2,55,20,83,160,0,2,12,47,61,2,57,32,130,221,52,480,532,753
05/14/2010,MOB,AL,ASO,CE,Combined TRACON& Tower with Radar,1,39,28,54,122,0,2,10,32,44,1,41,38,86,166,8,252,260,426
05/15/2010,MOB,AL,ASO,CE,Combined TRACON& Tower with Radar,2,32,30,6,70,0,0,16,9,25,2,32,46,15,95,92,28,120,215
05/16/2010,MOB,AL,ASO,CE,Combined TRACON& Tower with Radar,1,43,19,0,63,0,0,7,4,11,1,43,26,4,74,0,0,0,74
05/17/2010,MOB,AL,ASO,CE,Combined TRACON& Tower with Radar,2,43,26,79,150,0,2,10,32,44,2,45,36,111,194,170,417,587,781
05/18/2010,MOB,AL,ASO,CE,Combined TRACON& Tower with Radar,2,39,36,21,98,0,0,5,22,27,2,39,41,43,125,16,64,80,205
05/19/2010,MOB,AL,ASO,CE,Combined TRACON& Tower with Radar,2,41,35,103,181,0,0,21,40,61,2,41,56,143,242,28,176,204,446
05/20/2010,MOB,AL,ASO,CE,Combined TRACON& Tower with Radar,2,53,23,60,138,0,7,10,31,48,2,60,33,91,186,44,382,426,612
05/21/2010,MOB,AL,ASO,CE,Combined TRACON& Tower with Radar,1,46,31,31,109,0,3,12,13,28,1,49,43,44,137,0,48,48,185
05/22/2010,MOB,AL,ASO,CE,Combined TRACON& Tower with Radar,2,31,19,25,77,0,1,13,17,31,2,32,32,42,108,20,12,32,140
05/23/2010,MOB,AL,ASO,CE,Combined TRACON& Tower with Radar,1,39,20,15,75,0,0,18,5,23,1,39,38,20,98,4,10,14,112
05/24/2010,MOB,AL,ASO,CE,Combined TRACON& Tower with Radar,2,53,22,79,156,0,9,16,24,49,2,62,38,103,205,206,552,758,963
05/25/2010,MOB,AL,ASO,CE,Combined TRACON& Tower with Radar,2,40,29,45,116,0,0,15,22,37,2,40,44,67,153,154,280,434,587
05/26/2010,MOB,AL,ASO,CE,Combined TRACON& Tower with Radar,2,43,34,48,127,0,1,12,56,69,2,44,46,104,196,84,373,457,653
05/27/2010,MOB,AL,ASO,CE,Combined TRACON& Tower with Radar,7,54,29,85,175,0,1,14,48,63,7,55,43,133,238,24,262,286,524
05/28/2010,MOB,AL,ASO,CE,Combined TRACON& Tower with Radar,6,42,12,25,85,0,1,15,19,35,6,43,27,44,120,4,14,18,138
05/29/2010,MOB,AL,ASO,CE,Combined TRACON& Tower with Radar,2,31,23,7,63,0,1,12,8,21,2,32,35,15,84,0,0,0,84
05/30/2010,MOB,AL,ASO,CE,Combined TRACON& Tower with Radar,2,29,16,2,49,0,0,4,6,10,2,29,20,8,59,58,174,232,291
05/31/2010,MOB,AL,ASO,CE,Combined TRACON& Tower with Radar,2,42,15,2,61,0,0,10,5,15,2,42,25,7,76,26,8,34,110
06/01/2010,MOB,AL,ASO,CE,Combined TRACON& Tower with Radar,1,42,15,39,97,0,0,2,34,36,1,42,17,73,133,0,94,94,227
06/02/2010,MOB,AL,ASO,CE,Combined TRACON& Tower with Radar,7,42,23,72,144,0,0,5,41,46,7,42,28,113,190,0,92,92,282
06/03/2010,MOB,AL,ASO,CE,Combined TRACON& Tower with Radar,2,48,37,53,140,0,0,4,31,35,2,48,41,84,175,10,268,278,453
06/04/2010,MOB,AL,ASO,CE,Combined TRACON& Tower with Radar,2,48,21,88,159,0,1,5,28,34,2,49,26,116,193,12,152,164,357
06/05/2010,MOB,AL,ASO,CE,Combined TRACON& Tower with Radar,4,32,22,11,69,0,0,6,17,23,4,32,28,28,92,0,0,0,92
06/06/2010,MOB,AL,ASO,CE,Combined TRACON& Tower with Radar,4,39,11,18,72,0,1,12,12,25,4,40,23,30,97,0,0,0,97
06/07/2010,MOB,AL,ASO,CE,Combined TRACON& Tower with Radar,2,45,33,63,143,0,5,12,45,62,2,50,45,108,205,0,0,0,205
06/08/2010,MOB,AL,ASO,CE,Combined TRACON& Tower with Radar,4,41,34,69,148,0,0,22,54,76,4,41,56,123,224,102,266,368,592
06/09/2010,MOB,AL,ASO,CE,Combined TRACON& Tower with Radar,6,43,27,129,205,0,0,6,49,55,6,43,33,178,260,82,230,312,572
06/10/2010,MOB,AL,ASO,CE,Combined TRACON& Tower with Radar,2,47,29,93,171,0,0,3,53,56,2,47,32,146,227,50,142,192,419
06/11/2010,MOB,AL,ASO,CE,Combined TRACON& Tower with Radar,3,44,20,75,142,1,1,16,35,53,4,45,36,110,195,20,82,102,297
06/12/2010,MOB,AL,ASO,CE,Combined TRACON& Tower with Radar,4,41,20,9,74,0,0,21,22,43,4,41,41,31,117,0,0,0,117
06/13/2010,MOB,AL,ASO,CE,Combined TRACON& Tower with Radar,6,36,26,20,88,0,0,20,21,41,6,36,46,41,129,12,4,16,145
06/14/2010,MOB,AL,ASO,CE,Combined TRACON& Tower with Radar,2,46,12,30,90,0,0,5,35,40,2,46,17,65,130,0,162,162,292
06/15/2010,MOB,AL,ASO,CE,Combined TRACON& Tower with Radar,4,48,23,27,102,0,0,7,35,42,4,48,30,62,144,76,216,292,436
06/16/2010,MOB,AL,ASO,CE,Combined TRACON& Tower with Radar,2,48,46,52,148,0,4,20,41,65,2,52,66,93,213,14,184,198,411
06/17/2010,MOB,AL,ASO,CE,Combined TRACON& Tower with Radar,2,50,26,59,137,0,1,13,37,51,2,51,39,96,188,10,371,381,569
06/18/2010,MOB,AL,ASO,CE,Combined TRACON& Tower with Radar,5,44,22,57,128,0,0,10,28,38,5,44,32,85,166,62,78,140,306
06/19/2010,MOB,AL,ASO,CE,Combined TRACON& Tower with Radar,3,39,28,7,77,0,3,17,14,34,3,42,45,21,111,0,0,0,111
06/20/2010,MOB,AL,ASO,CE,Combined TRACON& Tower with Radar,2,41,16,19,78,0,1,9,17,27,2,42,25,36,105,0,0,0,105
06/21/2010,MOB,AL,ASO,CE,Combined TRACON& Tower with Radar,2,50,14,45,111,0,1,6,36,43,2,51,20,81,154,13,174,187,341
06/22/2010,MOB,AL,ASO,CE,Combined TRACON& Tower with Radar,2,47,31,32,112,0,2,11,38,51,2,49,42,70,163,32,76,108,271
06/23/2010,MOB,AL,ASO,CE,Combined TRACON& Tower with Radar,4,50,31,81,166,0,5,11,58,74,4,55,42,139,240,28,348,376,616
06/24/2010,MOB,AL,ASO,CE,Combined TRACON& Tower with Radar,2,48,43,62,155,0,0,23,57,80,2,48,66,119,235,10,50,60,295
06/25/2010,MOB,AL,ASO,CE,Combined TRACON& Tower with Radar,4,46,16,60,126,0,0,25,54,79,4,46,41,114,205,0,0,0,205
06/26/2010,MOB,AL,ASO,CE,Combined TRACON& Tower with Radar,3,40,26,23,92,0,0,17,30,47,3,40,43,53,139,64,40,104,243
06/27/2010,MOB,AL,ASO,CE,Combined TRACON& Tower with Radar,2,41,21,47,111,0,0,20,27,47,2,41,41,74,158,50,124,174,332
06/28/2010,MOB,AL,ASO,CE,Combined TRACON& Tower with Radar,2,46,24,27,99,0,1,4,36,41,2,47,28,63,140,14,82,96,236
06/29/2010,MOB,AL,ASO,CE,Combined TRACON& Tower with Radar,2,43,32,63,140,0,0,7,35,42,2,43,39,98,182,24,144,168,350
06/30/2010,MOB,AL,ASO,CE,Combined TRACON& Tower with Radar,7,45,26,40,118,0,3,1,41,45,7,48,27,81,163,28,68,96,259
07/01/2010,MOB,AL,ASO,CE,Combined TRACON& Tower with Radar,2,47,19,31,99,0,2,4,6,12,2,49,23,37,111,10,58,68,179
07/02/2010,MOB,AL,ASO,CE,Combined TRACON& Tower with Radar,7,40,34,33,114,0,0,11,32,43,7,40,45,65,157,28,54,82,239
07/03/2010,MOB,AL,ASO,CE,Combined TRACON& Tower with Radar,4,40,12,4,60,0,6,11,24,41,4,46,23,28,101,0,0,0,101
07/04/2010,MOB,AL,ASO,CE,Combined TRACON& Tower with Radar,3,33,13,2,51,0,6,7,23,36,3,39,20,25,87,94,0,94,181
07/05/2010,MOB,AL,ASO,CE,Combined TRACON& Tower with Radar,2,44,18,3,67,0,4,4,18,26,2,48,22,21,93,0,10,10,103
07/06/2010,MOB,AL,ASO,CE,Combined TRACON& Tower with Radar,2,45,22,51,120,0,4,3,25,32,2,49,25,76,152,60,134,194,346
07/07/2010,MOB,AL,ASO,CE,Combined TRACON& Tower with Radar,4,52,36,69,161,0,3,24,41,68,4,55,60,110,229,70,206,276,505
07/08/2010,MOB,AL,ASO,CE,Combined TRACON& Tower with Radar,2,49,39,53,143,0,6,26,37,69,2,55,65,90,212,48,178,226,438
07/09/2010,MOB,AL,ASO,CE,Combined TRACON& Tower with Radar,3,48,20,61,132,0,1,15,47,63,3,49,35,108,195,46,144,190,385
07/10/2010,MOB,AL,ASO,CE,Combined TRACON& Tower with Radar,5,43,22,14,84,0,2,22,26,50,5,45,44,40,134,0,0,0,134
07/11/2010,MOB,AL,ASO,CE,Combined TRACON& Tower with Radar,2,40,24,18,84,0,2,12,28,42,2,42,36,46,126,0,0,0,126
07/12/2010,MOB,AL,ASO,CE,Combined TRACON& Tower with Radar,1,47,20,84,152,0,6,7,44,57,1,53,27,128,209,14,230,244,453
07/13/2010,MOB,AL,ASO,CE,Combined TRACON& Tower with Radar,2,46,32,116,196,0,7,16,51,74,2,53,48,167,270,34,174,208,478
07/14/2010,MOB,AL,ASO,CE,Combined TRACON& Tower with Radar,10,51,25,114,200,0,7,4,36,47,10,58,29,150,247,54,310,364,611
07/15/2010,MOB,AL,ASO,CE,Combined TRACON& Tower with Radar,2,50,30,34,116,0,0,5,41,46,2,50,35,75,162,20,150,170,332
07/16/2010,MOB,AL,ASO,CE,Combined TRACON& Tower with Radar,3,45,26,28,102,0,2,5,25,32,3,47,31,53,134,8,48,56,190
07/17/2010,MOB,AL,ASO,CE,Combined TRACON& Tower with Radar,3,39,10,10,62,0,3,5,22,30,3,42,15,32,92,0,0,0,92
07/18/2010,MOB,AL,ASO,CE,Combined TRACON& Tower with Radar,1,46,16,5,68,0,0,3,6,9,1,46,19,11,77,0,0,0,77
07/19/2010,MOB,AL,ASO,CE,Combined TRACON& Tower with Radar,1,49,17,99,166,0,3,5,38,46,1,52,22,137,212,54,268,322,534
07/20/2010,MOB,AL,ASO,CE,Combined TRACON& Tower with Radar,2,46,19,89,156,0,6,13,47,66,2,52,32,136,222,50,186,236,458
07/21/2010,MOB,AL,ASO,CE,Combined TRACON& Tower with Radar,4,47,24,109,184,0,7,12,47,66,4,54,36,156,250,24,348,372,622
07/22/2010,MOB,AL,ASO,CE,Combined TRACON& Tower with Radar,2,50,41,69,162,0,9,18,40,67,2,59,59,109,229,8,106,114,343
07/23/2010,MOB,AL,ASO,CE,Combined TRACON& Tower with Radar,3,45,19,72,139,0,4,15,42,61,3,49,34,114,200,4,158,162,362
07/24/2010,MOB,AL,ASO,CE,Combined TRACON& Tower with Radar,3,41,16,4,64,0,2,6,11,19,3,43,22,15,83,0,0,0,83
07/25/2010,MOB,AL,ASO,CE,Combined TRACON& Tower with Radar,0,5,0,0,5,0,0,0,0,0,0,5,0,0,5,0,0,0,5
07/26/2010,MOB,AL,ASO,CE,Combined TRACON& Tower with Radar,8,33,21,60,122,0,2,8,25,35,8,35,29,85,157,96,338,434,591
07/27/2010,MOB,AL,ASO,CE,Combined TRACON& Tower with Radar,1,51,23,75,150,0,6,16,39,61,1,57,39,114,211,50,144,194,405
07/28/2010,MOB,AL,ASO,CE,Combined TRACON& Tower with Radar,14,46,22,76,158,0,4,13,50,67,14,50,35,126,225,246,426,672,897
07/29/2010,MOB,AL,ASO,CE,Combined TRACON& Tower with Radar,2,57,28,80,167,0,12,10,41,63,2,69,38,121,230,10,162,172,402
07/30/2010,MOB,AL,ASO,CE,Combined TRACON& Tower with Radar,4,50,37,76,167,0,12,11,15,38,4,62,48,91,205,8,132,140,345
07/31/2010,MOB,AL,ASO,CE,Combined TRACON& Tower with Radar,3,40,23,17,83,0,4,10,10,24,3,44,33,27,107,0,0,0,107
08/01/2010,MOB,AL,ASO,CE,Combined TRACON& Tower with Radar,2,41,21,15,79,0,2,20,6,28,2,43,41,21,107,8,66,74,181
08/02/2010,MOB,AL,ASO,CE,Combined TRACON& Tower with Radar,2,45,18,38,103,0,2,4,18,24,2,47,22,56,127,22,170,192,319
08/03/2010,MOB,AL,ASO,CE,Combined TRACON& Tower with Radar,2,51,18,50,121,0,3,9,22,34,2,54,27,72,155,34,144,178,333
08/04/2010,MOB,AL,ASO,CE,Combined TRACON& Tower with Radar,4,46,20,48,118,0,1,10,9,20,4,47,30,57,138,8,44,52,190
08/05/2010,MOB,AL,ASO,CE,Combined TRACON& Tower with Radar,2,45,20,62,129,0,0,8,27,35,2,45,28,89,164,26,152,178,342
08/06/2010,MOB,AL,ASO,CE,Combined TRACON& Tower with Radar,2,55,32,45,134,0,4,7,34,45,2,59,39,79,179,6,172,178,357
08/07/2010,MOB,AL,ASO,CE,Combined TRACON& Tower with Radar,3,43,12,3,61,0,1,15,10,26,3,44,27,13,87,0,0,0,87
08/08/2010,MOB,AL,ASO,CE,Combined TRACON& Tower with Radar,2,42,21,20,85,0,0,5,4,9,2,42,26,24,94,0,0,0,94
08/09/2010,MOB,AL,ASO,CE,Combined TRACON& Tower with Radar,6,48,27,52,133,0,1,17,32,50,6,49,44,84,183,6,90,96,279
08/10/2010,MOB,AL,ASO,CE,Combined TRACON& Tower with Radar,2,50,28,60,140,0,3,21,33,57,2,53,49,93,197,10,96,106,303
08/11/2010,MOB,AL,ASO,CE,Combined TRACON& Tower with Radar,4,48,17,59,128,0,0,14,36,50,4,48,31,95,178,32,238,270,448
08/12/2010,MOB,AL,ASO,CE,Combined TRACON& Tower with Radar,2,50,24,38,114,0,0,2,22,24,2,50,26,60,138,6,98,104,242
08/13/2010,MOB,AL,ASO,CE,Combined TRACON& Tower with Radar,3,46,12,47,108,0,1,3,23,27,3,47,15,70,135,36,82,118,253
08/14/2010,MOB,AL,ASO,CE,Combined TRACON& Tower with Radar,3,39,16,10,68,0,0,0,3,3,3,39,16,13,71,0,0,0,71
08/15/2010,MOB,AL,ASO,CE,Combined TRACON& Tower with Radar,2,39,13,11,65,0,2,1,2,5,2,41,14,13,70,0,0,0,70
08/16/2010,MOB,AL,ASO,CE,Combined TRACON& Tower with Radar,2,49,19,76,146,0,3,4,19,26,2,52,23,95,172,12,190,202,374
08/17/2010,MOB,AL,ASO,CE,Combined TRACON& Tower with Radar,4,41,15,76,136,0,0,3,19,22,4,41,18,95,158,260,302,562,720
08/18/2010,MOB,AL,ASO,CE,Combined TRACON& Tower with Radar,8,41,33,119,201,0,2,6,26,34,8,43,39,145,235,34,394,428,663
08/19/2010,MOB,AL,ASO,CE,Combined TRACON& Tower with Radar,4,46,26,69,145,0,0,10,32,42,4,46,36,101,187,122,416,538,725
08/20/2010,MOB,AL,ASO,CE,Combined TRACON& Tower with Radar,6,35,41,62,144,0,0,7,38,45,6,35,48,100,189,0,0,0,189
08/21/2010,MOB,AL,ASO,CE,Combined TRACON& Tower with Radar,2,32,18,7,59,0,1,6,3,10,2,33,24,10,69,0,0,0,69
08/22/2010,MOB,AL,ASO,CE,Combined TRACON& Tower with Radar,4,33,11,9,57,0,0,2,8,10,4,33,13,17,67,22,12,34,101
08/23/2010,MOB,AL,ASO,CE,Combined TRACON& Tower with Radar,6,44,34,105,189,0,8,12,23,43,6,52,46,128,232,70,344,414,646
08/24/2010,MOB,AL,ASO,CE,Combined TRACON& Tower with Radar,6,39,41,73,159,0,0,12,30,42,6,39,53,103,201,62,302,364,565
08/25/2010,MOB,AL,ASO,CE,Combined TRACON& Tower with Radar,4,42,26,109,181,0,0,19,39,58,4,42,45,148,239,4,366,370,609
08/26/2010,MOB,AL,ASO,CE,Combined TRACON& Tower with Radar,4,49,24,92,169,0,0,12,32,44,4,49,36,124,213,2,90,92,305
08/27/2010,MOB,AL,ASO,CE,Combined TRACON& Tower with Radar,4,42,19,22,87,0,0,4,8,12,4,42,23,30,99,8,12,20,119
08/28/2010,MOB,AL,ASO,CE,Combined TRACON& Tower with Radar,2,32,10,4,48,0,0,0,0,0,2,32,10,4,48,0,0,0,48
08/29/2010,MOB,AL,ASO,CE,Combined TRACON& Tower with Radar,4,32,11,9,56,0,0,0,0,0,4,32,11,9,56,0,0,0,56
08/30/2010,MOB,AL,ASO,CE,Combined TRACON& Tower with Radar,4,39,15,35,93,0,0,1,22,23,4,39,16,57,116,0,42,42,158
08/31/2010,MOB,AL,ASO,CE,Combined TRACON& Tower with Radar,2,41,20,50,113,0,0,12,45,57,2,41,32,95,170,92,184,276,446
09/01/2010,MOB,AL,ASO,CE,Combined TRACON& Tower with Radar,4,45,26,87,162,0,0,19,30,49,4,45,45,117,211,36,286,322,533
09/02/2010,MOB,AL,ASO,CE,Combined TRACON& Tower with Radar,10,47,32,75,164,0,0,19,33,52,10,47,51,108,216,44,70,114,330
09/03/2010,MOB,AL,ASO,CE,Combined TRACON& Tower with Radar,4,39,26,19,88,0,1,13,18,32,4,40,39,37,120,76,268,344,464
09/04/2010,MOB,AL,ASO,CE,Combined TRACON& Tower with Radar,2,30,18,17,67,0,0,20,7,27,2,30,38,24,94,118,18,136,230
09/05/2010,MOB,AL,ASO,CE,Combined TRACON& Tower with Radar,2,28,18,19,67,0,1,13,3,17,2,29,31,22,84,0,0,0,84
09/06/2010,MOB,AL,ASO,CE,Combined TRACON& Tower with Radar,4,38,20,0,62,0,0,11,0,11,4,38,31,0,73,0,0,0,73
09/07/2010,MOB,AL,ASO,CE,Combined TRACON& Tower with Radar,2,47,32,84,165,0,0,7,41,48,2,47,39,125,213,16,94,110,323
09/08/2010,MOB,AL,ASO,CE,Combined TRACON& Tower with Radar,2,45,20,107,174,0,1,7,36,44,2,46,27,143,218,60,298,358,576
09/09/2010,MOB,AL,ASO,CE,Combined TRACON& Tower with Radar,2,47,23,111,183,0,1,9,37,47,2,48,32,148,230,50,160,210,440
09/10/2010,MOB,AL,ASO,CE,Combined TRACON& Tower with Radar,2,41,23,33,99,0,1,3,19,23,2,42,26,52,122,2,62,64,186
09/11/2010,MOB,AL,ASO,CE,Combined TRACON& Tower with Radar,2,28,19,17,66,0,0,12,9,21,2,28,31,26,87,0,0,0,87
09/12/2010,MOB,AL,ASO,CE,Combined TRACON& Tower with Radar,2,39,15,19,75,0,0,15,10,25,2,39,30,29,100,0,0,0,100
09/13/2010,MOB,AL,ASO,CE,Combined TRACON& Tower with Radar,2,43,21,76,142,0,4,19,35,58,2,47,40,111,200,12,124,136,336
09/14/2010,MOB,AL,ASO,CE,Combined TRACON& Tower with Radar,2,41,33,66,142,0,2,9,47,58,2,43,42,113,200,168,306,474,674
09/15/2010,MOB,AL,ASO,CE,Combined TRACON& Tower with Radar,2,44,22,83,151,0,0,12,26,38,2,44,34,109,189,18,204,222,411
09/16/2010,MOB,AL,ASO,CE,Combined TRACON& Tower with Radar,6,46,25,106,183,0,1,11,44,56,6,47,36,150,239,8,118,126,365
09/17/2010,MOB,AL,ASO,CE,Combined TRACON& Tower with Radar,2,39,22,52,115,0,1,9,14,24,2,40,31,66,139,40,62,102,241
09/18/2010,MOB,AL,ASO,CE,Combined TRACON& Tower with Radar,3,29,16,14,62,0,0,10,3,13,3,29,26,17,75,72,32,104,179
09/19/2010,MOB,AL,ASO,CE,Combined TRACON& Tower with Radar,3,39,21,25,88,0,0,22,8,30,3,39,43,33,118,152,60,212,330
09/20/2010,MOB,AL,ASO,CE,Combined TRACON& Tower with Radar,2,55,28,53,138,0,4,8,23,35,2,59,36,76,173,72,152,224,397
09/21/2010,MOB,AL,ASO,CE,Combined TRACON& Tower with Radar,2,45,24,99,170,0,1,7,34,42,2,46,31,133,212,66,182,248,460
09/22/2010,MOB,AL,ASO,CE,Combined TRACON& Tower with Radar,9,59,30,68,166,0,0,6,28,34,9,59,36,96,200,0,136,136,336
09/23/2010,MOB,AL,ASO,CE,Combined TRACON& Tower with Radar,2,44,31,81,158,0,0,18,37,55,2,44,49,118,213,12,202,214,427
09/24/2010,MOB,AL,ASO,CE,Combined TRACON& Tower with Radar,2,44,26,46,118,0,0,7,17,24,2,44,33,63,142,10,124,134,276
09/25/2010,MOB,AL,ASO,CE,Combined TRACON& Tower with Radar,2,30,29,6,67,0,0,8,4,12,2,30,37,10,79,0,0,0,79
09/26/2010,MOB,AL,ASO,CE,Combined TRACON& Tower with Radar,8,41,16,0,65,0,0,2,2,4,8,41,18,2,69,0,0,0,69
09/27/2010,MOB,AL,ASO,CE,Combined TRACON& Tower with Radar,2,41,21,79,143,0,0,8,32,40,2,41,29,111,183,116,394,510,693
09/28/2010,MOB,AL,ASO,CE,Combined TRACON& Tower with Radar,2,48,18,114,182,0,2,17,39,58,2,50,35,153,240,42,192,234,474
09/29/2010,MOB,AL,ASO,CE,Combined TRACON& Tower with Radar,2,41,34,111,188,0,0,17,26,43,2,41,51,137,231,104,158,262,493
09/30/2010,MOB,AL,ASO,CE,Combined TRACON& Tower with Radar,2,50,30,121,203,0,0,19,52,71,2,50,49,173,274,94,400,494,768
10/01/2010,MOB,AL,ASO,CE,Combined TRACON& Tower with Radar,2,44,31,79,156,0,0,21,46,67,2,44,52,125,223,26,380,406,629
10/02/2010,MOB,AL,ASO,CE,Combined TRACON& Tower with Radar,4,26,28,11,69,0,0,19,17,36,4,26,47,28,105,40,22,62,167
10/03/2010,MOB,AL,ASO,CE,Combined TRACON& Tower with Radar,4,40,20,22,86,0,2,16,5,23,4,42,36,27,109,6,82,88,197
10/04/2010,MOB,AL,ASO,CE,Combined TRACON& Tower with Radar,5,40,20,88,153,0,0,19,45,64,5,40,39,133,217,110,318,428,645
10/05/2010,MOB,AL,ASO,CE,Combined TRACON& Tower with Radar,5,38,37,129,209,0,0,16,45,61,5,38,53,174,270,50,250,300,570
10/06/2010,MOB,AL,ASO,CE,Combined TRACON& Tower with Radar,3,42,27,116,188,0,0,5,27,32,3,42,32,143,220,52,142,194,414
10/07/2010,MOB,AL,ASO,CE,Combined TRACON& Tower with Radar,4,41,17,51,113,0,0,16,38,54,4,41,33,89,167,16,162,178,345
10/08/2010,MOB,AL,ASO,CE,Combined TRACON& Tower with Radar,4,42,23,104,173,0,0,8,23,31,4,42,31,127,204,4,170,174,378
10/09/2010,MOB,AL,ASO,CE,Combined TRACON& Tower with Radar,4,28,17,6,55,0,2,13,4,19,4,30,30,10,74,36,28,64,138
10/10/2010,MOB,AL,ASO,CE,Combined TRACON& Tower with Radar,4,37,20,8,69,0,0,11,3,14,4,37,31,11,83,152,38,190,273
10/11/2010,MOB,AL,ASO,CE,Combined TRACON& Tower with Radar,4,44,11,4,63,0,0,4,1,5,4,44,15,5,68,130,302,432,500
10/12/2010,MOB,AL,ASO,CE,Combined TRACON& Tower with Radar,4,40,28,68,140,0,3,10,51,64,4,43,38,119,204,0,24,24,228
10/13/2010,MOB,AL,ASO,CE,Combined TRACON& Tower with Radar,2,45,19,92,158,0,3,6,40,49,2,48,25,132,207,30,75,105,312
10/14/2010,MOB,AL,ASO,CE,Combined TRACON& Tower with Radar,4,45,26,167,242,0,1,14,36,51,4,46,40,203,293,8,36,44,337
10/15/2010,MOB,AL,ASO,CE,Combined TRACON& Tower with Radar,5,43,23,74,145,0,1,19,31,51,5,44,42,105,196,8,144,152,348
10/16/2010,MOB,AL,ASO,CE,Combined TRACON& Tower with Radar,3,28,18,7,56,0,2,9,5,16,3,30,27,12,72,0,0,0,72
10/17/2010,MOB,AL,ASO,CE,Combined TRACON& Tower with Radar,4,37,23,8,72,0,0,19,3,22,4,37,42,11,94,6,0,6,100
10/18/2010,MOB,AL,ASO,CE,Combined TRACON& Tower with Radar,4,44,23,105,176,0,0,12,37,49,4,44,35,142,225,0,94,94,319
10/19/2010,MOB,AL,ASO,CE,Combined TRACON& Tower with Radar,4,46,14,95,159,0,0,4,47,51,4,46,18,142,210,16,170,186,396
10/20/2010,MOB,AL,ASO,CE,Combined TRACON& Tower with Radar,6,42,32,96,176,0,1,8,29,38,6,43,40,125,214,20,228,248,462
10/21/2010,MOB,AL,ASO,CE,Combined TRACON& Tower with Radar,4,43,35,106,188,0,0,11,36,47,4,43,46,142,235,8,180,188,423
10/22/2010,MOB,AL,ASO,CE,Combined TRACON& Tower with Radar,9,44,31,46,130,0,0,15,19,34,9,44,46,65,164,36,80,116,280
10/23/2010,MOB,AL,ASO,CE,Combined TRACON& Tower with Radar,3,31,20,24,78,0,0,1,4,5,3,31,21,28,83,36,18,54,137
10/24/2010,MOB,AL,ASO,CE,Combined TRACON& Tower with Radar,10,39,19,13,81,0,0,2,1,3,10,39,21,14,84,128,30,158,242
10/25/2010,MOB,AL,ASO,CE,Combined TRACON& Tower with Radar,4,44,13,75,136,0,0,1,13,14,4,44,14,88,150,94,376,470,620
10/26/2010,MOB,AL,ASO,CE,Combined TRACON& Tower with Radar,3,44,18,106,171,0,0,3,21,24,3,44,21,127,195,34,104,138,333
10/27/2010,MOB,AL,ASO,CE,Combined TRACON& Tower with Radar,2,36,18,88,144,0,0,0,14,14,2,36,18,102,158,18,172,190,348
10/28/2010,MOB,AL,ASO,CE,Combined TRACON& Tower with Radar,3,42,23,103,171,0,2,7,33,42,3,44,30,136,213,6,150,156,369
10/29/2010,MOB,AL,ASO,CE,Combined TRACON& Tower with Radar,1,45,19,90,155,0,1,14,21,36,1,46,33,111,191,52,206,258,449
10/30/2010,MOB,AL,ASO,CE,Combined TRACON& Tower with Radar,3,30,11,7,51,0,0,6,1,7,3,30,17,8,58,0,0,0,58
10/31/2010,MOB,AL,ASO,CE,Combined TRACON& Tower with Radar,3,37,19,20,79,0,1,28,4,33,3,38,47,24,112,0,0,0,112
11/01/2010,MOB,AL,ASO,CE,Combined TRACON& Tower with Radar,2,46,21,66,135,0,0,6,38,44,2,46,27,104,179,218,410,628,807
11/02/2010,MOB,AL,ASO,CE,Combined TRACON& Tower with Radar,2,40,32,31,105,0,0,5,19,24,2,40,37,50,129,0,0,0,129
11/03/2010,MOB,AL,ASO,CE,Combined TRACON& Tower with Radar,2,41,20,4,67,0,0,0,6,6,2,41,20,10,73,0,0,0,73
11/04/2010,MOB,AL,ASO,CE,Combined TRACON& Tower with Radar,2,52,28,94,176,0,1,4,43,48,2,53,32,137,224,4,215,219,443
11/05/2010,MOB,AL,ASO,CE,Combined TRACON& Tower with Radar,2,47,29,36,114,0,1,8,38,47,2,48,37,74,161,2,132,134,295
11/06/2010,MOB,AL,ASO,CE,Combined TRACON& Tower with Radar,0,31,20,10,61,0,1,17,8,26,0,32,37,18,87,0,0,0,87
11/07/2010,MOB,AL,ASO,CE,Combined TRACON& Tower with Radar,2,41,35,56,134,0,1,21,12,34,2,42,56,68,168,52,46,98,266
11/08/2010,MOB,AL,ASO,CE,Combined TRACON& Tower with Radar,2,46,16,99,163,0,1,22,34,57,2,47,38,133,220,26,184,210,430
11/09/2010,MOB,AL,ASO,CE,Combined TRACON& Tower with Radar,2,44,21,131,198,0,1,14,56,71,2,45,35,187,269,14,258,272,541
11/10/2010,MOB,AL,ASO,CE,Combined TRACON& Tower with Radar,6,46,20,69,141,0,0,23,49,72,6,46,43,118,213,20,122,142,355
11/11/2010,MOB,AL,ASO,CE,Combined TRACON& Tower with Radar,2,47,12,3,64,0,0,17,9,26,2,47,29,12,90,0,0,0,90
11/12/2010,MOB,AL,ASO,CE,Combined TRACON& Tower with Radar,8,45,20,66,139,0,1,24,17,42,8,46,44,83,181,12,112,124,305
11/13/2010,MOB,AL,ASO,CE,Combined TRACON& Tower with Radar,6,31,18,42,97,0,0,20,9,29,6,31,38,51,126,26,24,50,176
11/14/2010,MOB,AL,ASO,CE,Combined TRACON& Tower with Radar,2,42,37,26,107,0,0,16,5,21,2,42,53,31,128,94,18,112,240
11/15/2010,MOB,AL,ASO,CE,Combined TRACON& Tower with Radar,2,43,13,8,66,0,0,0,1,1,2,43,13,9,67,214,500,714,781
11/16/2010,MOB,AL,ASO,CE,Combined TRACON& Tower with Radar,0,42,27,90,159,0,0,4,28,32,0,42,31,118,191,14,166,180,371
11/17/2010,MOB,AL,ASO,CE,Combined TRACON& Tower with Radar,2,42,28,85,157,0,0,11,42,53,2,42,39,127,210,22,148,170,380
11/18/2010,MOB,AL,ASO,CE,Combined TRACON& Tower with Radar,2,44,26,110,182,0,1,13,36,50,2,45,39,146,232,2,206,208,440
11/19/2010,MOB,AL,ASO,CE,Combined TRACON& Tower with Radar,2,47,25,63,137,0,0,10,30,40,2,47,35,93,177,28,130,158,335
11/20/2010,MOB,AL,ASO,CE,Combined TRACON& Tower with Radar,0,32,20,25,77,0,0,14,7,21,0,32,34,32,98,0,0,0,98
11/21/2010,MOB,AL,ASO,CE,Combined TRACON& Tower with Radar,2,41,14,19,76,0,0,19,4,23,2,41,33,23,99,160,96,256,355
11/22/2010,MOB,AL,ASO,CE,Combined TRACON& Tower with Radar,2,42,14,33,91,0,1,2,16,19,2,43,16,49,110,4,8,12,122
11/23/2010,MOB,AL,ASO,CE,Combined TRACON& Tower with Radar,2,41,30,97,170,0,0,0,26,26,2,41,30,123,196,46,72,118,314
11/24/2010,MOB,AL,ASO,CE,Combined TRACON& Tower with Radar,2,47,22,31,102,0,0,8,10,18,2,47,30,41,120,4,74,78,198
11/25/2010,MOB,AL,ASO,CE,Combined TRACON& Tower with Radar,0,32,8,2,42,0,0,0,2,2,0,32,8,4,44,22,0,22,66
11/26/2010,MOB,AL,ASO,CE,Combined TRACON& Tower with Radar,0,36,15,2,53,0,0,0,0,0,0,36,15,2,53,0,0,0,53
11/27/2010,MOB,AL,ASO,CE,Combined TRACON& Tower with Radar,2,38,18,0,58,0,0,16,3,19,2,38,34,3,77,0,0,0,77
11/28/2010,MOB,AL,ASO,CE,Combined TRACON& Tower with Radar,2,53,18,4,77,0,0,17,2,19,2,53,35,6,96,0,0,0,96
11/29/2010,MOB,AL,ASO,CE,Combined TRACON& Tower with Radar,2,43,14,74,133,0,0,1,2,3,2,43,15,76,136,50,222,272,408
11/30/2010,MOB,AL,ASO,CE,Combined TRACON& Tower with Radar,2,35,5,17,59,0,1,0,6,7,2,36,5,23,66,0,54,54,120
12/01/2010,MOB,AL,ASO,CE,Combined TRACON& Tower with Radar,0,51,17,50,118,0,5,11,43,59,0,56,28,93,177,42,132,174,351
12/02/2010,MOB,AL,ASO,CE,Combined TRACON& Tower with Radar,2,62,29,59,152,0,1,15,67,83,2,63,44,126,235,66,190,256,491
12/03/2010,MOB,AL,ASO,CE,Combined TRACON& Tower with Radar,2,48,14,95,159,0,1,3,41,45,2,49,17,136,204,12,144,156,360
12/04/2010,MOB,AL,ASO,CE,Combined TRACON& Tower with Radar,0,35,8,53,96,0,0,3,6,9,0,35,11,59,105,0,40,40,145
12/05/2010,MOB,AL,ASO,CE,Combined TRACON& Tower with Radar,2,42,11,31,86,0,1,9,5,15,2,43,20,36,101,0,22,22,123
12/06/2010,MOB,AL,ASO,CE,Combined TRACON& Tower with Radar,2,51,16,99,168,0,2,3,51,56,2,53,19,150,224,0,165,165,389
12/07/2010,MOB,AL,ASO,CE,Combined TRACON& Tower with Radar,2,42,18,111,173,0,0,15,32,47,2,42,33,143,220,30,114,144,364
12/08/2010,MOB,AL,ASO,CE,Combined TRACON& Tower with Radar,4,40,28,68,140,0,3,2,37,42,4,43,30,105,182,6,234,240,422
12/09/2010,MOB,AL,ASO,CE,Combined TRACON& Tower with Radar,4,47,45,101,197,0,1,15,51,67,4,48,60,152,264,0,272,272,536
12/10/2010,MOB,AL,ASO,CE,Combined TRACON& Tower with Radar,2,45,25,62,134,0,0,5,17,22,2,45,30,79,156,2,122,124,280
12/11/2010,MOB,AL,ASO,CE,Combined TRACON& Tower with Radar,2,41,8,22,73,0,0,4,10,14,2,41,12,32,87,0,0,0,87
12/12/2010,MOB,AL,ASO,CE,Combined TRACON& Tower with Radar,2,37,5,7,51,0,0,1,3,4,2,37,6,10,55,0,0,0,55
12/13/2010,MOB,AL,ASO,CE,Combined TRACON& Tower with Radar,2,40,21,94,157,0,0,2,44,46,2,40,23,138,203,158,298,456,659
12/14/2010,MOB,AL,ASO,CE,Combined TRACON& Tower with Radar,0,46,11,133,190,0,0,6,34,40,0,46,17,167,230,68,174,242,472
12/15/2010,MOB,AL,ASO,CE,Combined TRACON& Tower with Radar,2,38,21,74,135,0,2,4,32,38,2,40,25,106,173,4,218,222,395
12/16/2010,MOB,AL,ASO,CE,Combined TRACON& Tower with Radar,3,38,20,115,176,0,0,3,24,27,3,38,23,139,203,40,208,248,451
12/17/2010,MOB,AL,ASO,CE,Combined TRACON& Tower with Radar,2,45,19,51,117,0,0,1,0,1,2,45,20,51,118,14,42,56,174
12/18/2010,MOB,AL,ASO,CE,Combined TRACON& Tower with Radar,0,35,15,15,65,0,0,3,1,4,0,35,18,16,69,0,0,0,69
12/19/2010,MOB,AL,ASO,CE,Combined TRACON& Tower with Radar,0,37,9,17,63,0,0,7,4,11,0,37,16,21,74,0,0,0,74
12/20/2010,MOB,AL,ASO,CE,Combined TRACON& Tower with Radar,0,42,15,101,158,0,0,8,21,29,0,42,23,122,187,206,286,492,679
12/21/2010,MOB,AL,ASO,CE,Combined TRACON& Tower with Radar,0,43,16,65,124,0,0,3,14,17,0,43,19,79,141,70,162,232,373
12/22/2010,MOB,AL,ASO,CE,Combined TRACON& Tower with Radar,0,45,19,80,144,0,0,4,9,13,0,45,23,89,157,24,40,64,221
12/23/2010,MOB,AL,ASO,CE,Combined TRACON& Tower with Radar,2,42,18,31,93,0,0,18,12,30,2,42,36,43,123,30,82,112,235
12/24/2010,MOB,AL,ASO,CE,Combined TRACON& Tower with Radar,0,34,4,2,40,0,1,1,1,3,0,35,5,3,43,0,0,0,43
12/25/2010,MOB,AL,ASO,CE,Combined TRACON& Tower with Radar,0,19,13,0,32,0,0,0,0,0,0,19,13,0,32,10,0,10,42
12/26/2010,MOB,AL,ASO,CE,Combined TRACON& Tower with Radar,0,33,13,0,46,0,0,5,4,9,0,33,18,4,55,0,16,16,71
12/27/2010,MOB,AL,ASO,CE,Combined TRACON& Tower with Radar,0,38,10,27,75,0,0,8,11,19,0,38,18,38,94,0,0,0,94
12/28/2010,MOB,AL,ASO,CE,Combined TRACON& Tower with Radar,0,49,19,16,84,0,4,14,11,29,0,53,33,27,113,196,342,538,651
12/29/2010,MOB,AL,ASO,CE,Combined TRACON& Tower with Radar,0,42,13,55,110,0,0,10,12,22,0,42,23,67,132,16,86,102,234
12/30/2010,MOB,AL,ASO,CE,Combined TRACON& Tower with Radar,4,39,17,19,79,0,0,1,4,5,4,39,18,23,84,0,0,0,84
12/31/2010,MOB,AL,ASO,CE,Combined TRACON& Tower with Radar,2,34,19,2,57,0,0,0,0,0,2,34,19,2,57,0,0,0,57
01/01/2011,MOB,AL,ASO,CE,Combined TRACON& Tower with Radar,0,33,3,0,36,0,0,0,0,0,0,33,3,0,36,0,0,0,36
01/02/2011,MOB,AL,ASO,CE,Combined TRACON& Tower with Radar,0,40,10,1,51,0,0,7,3,10,0,40,17,4,61,60,0,60,121
01/03/2011,MOB,AL,ASO,CE,Combined TRACON& Tower with Radar,0,44,9,45,98,0,1,7,19,27,0,45,16,64,125,160,324,484,609
01/04/2011,MOB,AL,ASO,CE,Combined TRACON& Tower with Radar,0,40,16,79,135,0,0,8,1,9,0,40,24,80,144,60,128,188,332
01/05/2011,MOB,AL,ASO,CE,Combined TRACON& Tower with Radar,0,40,23,84,147,0,0,4,7,11,0,40,27,91,158,34,174,208,366
01/06/2011,MOB,AL,ASO,CE,Combined TRACON& Tower with Radar,0,48,21,86,155,0,1,10,47,58,0,49,31,133,213,0,20,20,233
01/07/2011,MOB,AL,ASO,CE,Combined TRACON& Tower with Radar,0,46,15,99,160,0,0,7,29,36,0,46,22,128,196,16,172,188,384
01/08/2011,MOB,AL,ASO,CE,Combined TRACON& Tower with Radar,8,33,9,36,86,0,0,20,10,30,8,33,29,46,116,6,80,86,202
01/09/2011,MOB,AL,ASO,CE,Combined TRACON& Tower with Radar,0,37,11,6,54,0,0,0,2,2,0,37,11,8,56,92,0,92,148
01/10/2011,MOB,AL,ASO,CE,Combined TRACON& Tower with Radar,0,27,9,55,91,0,0,0,4,4,0,27,9,59,95,90,168,258,353
01/11/2011,MOB,AL,ASO,CE,Combined TRACON& Tower with Radar,7,31,19,103,160,0,5,5,28,38,7,36,24,131,198,16,68,84,282
01/12/2011,MOB,AL,ASO,CE,Combined TRACON& Tower with Radar,0,41,22,118,181,0,2,10,24,36,0,43,32,142,217,178,352,530,747
01/13/2011,MOB,AL,ASO,CE,Combined TRACON& Tower with Radar,1,45,30,112,188,0,0,13,43,56,1,45,43,155,244,54,276,330,574
01/14/2011,MOB,AL,ASO,CE,Combined TRACON& Tower with Radar,0,44,11,95,150,0,0,7,30,37,0,44,18,125,187,8,146,154,341
01/15/2011,MOB,AL,ASO,CE,Combined TRACON& Tower with Radar,0,33,10,8,51,0,0,11,5,16,0,33,21,13,67,44,60,104,171
01/16/2011,MOB,AL,ASO,CE,Combined TRACON& Tower with Radar,0,43,16,21,80,0,0,12,3,15,0,43,28,24,95,0,12,12,107
01/17/2011,MOB,AL,ASO,CE,Combined TRACON& Tower with Radar,0,45,11,19,75,0,2,8,4,14,0,47,19,23,89,0,0,0,89
01/18/2011,MOB,AL,ASO,CE,Combined TRACON& Tower with Radar,2,43,20,97,162,0,0,5,13,18,2,43,25,110,180,34,122,156,336
01/19/2011,MOB,AL,ASO,CE,Combined TRACON& Tower with Radar,0,47,16,110,173,0,4,8,33,45,0,51,24,143,218,14,112,126,344
01/20/2011,MOB,AL,ASO,CE,Combined TRACON& Tower with Radar,0,40,50,134,224,0,0,6,23,29,0,40,56,157,253,50,382,432,685
01/21/2011,MOB,AL,ASO,CE,Combined TRACON& Tower with Radar,0,43,11,95,149,0,1,4,25,30,0,44,15,120,179,14,286,300,479
01/22/2011,MOB,AL,ASO,CE,Combined TRACON& Tower with Radar,0,37,13,17,67,0,0,18,0,18,0,37,31,17,85,8,24,32,117
01/23/2011,MOB,AL,ASO,CE,Combined TRACON& Tower with Radar,0,40,23,37,100,0,1,23,2,26,0,41,46,39,126,64,40,104,230
01/24/2011,MOB,AL,ASO,CE,Combined TRACON& Tower with Radar,0,46,16,117,179,0,1,4,26,31,0,47,20,143,210,280,366,646,856
01/25/2011,MOB,AL,ASO,CE,Combined TRACON& Tower with Radar,0,36,9,113,158,0,0,0,11,11,0,36,9,124,169,22,122,144,313
01/26/2011,MOB,AL,ASO,CE,Combined TRACON& Tower with Radar,0,50,20,144,214,0,0,4,42,46,0,50,24,186,260,0,286,286,546
01/27/2011,MOB,AL,ASO,CE,Combined TRACON& Tower with Radar,4,47,19,176,246,0,0,15,36,51,4,47,34,212,297,16,196,212,509
01/28/2011,MOB,AL,ASO,CE,Combined TRACON& Tower with Radar,0,42,20,101,163,0,0,12,20,32,0,42,32,121,195,12,78,90,285
01/29/2011,MOB,AL,ASO,CE,Combined TRACON& Tower with Radar,0,38,12,32,82,0,0,15,9,24,0,38,27,41,106,0,74,74,180
01/30/2011,MOB,AL,ASO,CE,Combined TRACON& Tower with Radar,0,39,18,36,93,0,0,4,4,8,0,39,22,40,101,48,56,104,205
01/31/2011,MOB,AL,ASO,CE,Combined TRACON& Tower with Radar,0,53,12,139,204,0,0,0,2,2,0,53,12,141,206,2,58,60,266
02/01/2011,MOB,AL,ASO,CE,Combined TRACON& Tower with Radar,0,34,6,0,40,0,0,1,0,1,0,34,7,0,41,0,0,0,41
02/02/2011,MOB,AL,ASO,CE,Combined TRACON& Tower with Radar,0,34,12,69,115,0,0,3,21,24,0,34,15,90,139,2,86,88,227
02/03/2011,MOB,AL,ASO,CE,Combined TRACON& Tower with Radar,0,36,12,37,85,0,0,8,20,28,0,36,20,57,113,8,126,134,247
02/04/2011,MOB,AL,ASO,CE,Combined TRACON& Tower with Radar,0,28,7,1,36,0,0,0,0,0,0,28,7,1,36,0,0,0,36
02/05/2011,MOB,AL,ASO,CE,Combined TRACON& Tower with Radar,0,31,5,57,93,0,1,4,18,23,0,32,9,75,116,10,106,116,232
02/06/2011,MOB,AL,ASO,CE,Combined TRACON& Tower with Radar,0,41,22,59,122,0,2,14,9,25,0,43,36,68,147,58,72,130,277
02/07/2011,MOB,AL,ASO,CE,Combined TRACON& Tower with Radar,0,43,13,110,166,0,0,1,28,29,0,43,14,138,195,62,189,251,446
02/08/2011,MOB,AL,ASO,CE,Combined TRACON& Tower with Radar,0,41,22,116,179,0,1,5,38,44,0,42,27,154,223,32,86,118,341
02/09/2011,MOB,AL,ASO,CE,Combined TRACON& Tower with Radar,0,37,9,82,128,0,1,2,28,31,0,38,11,110,159,8,118,126,285
02/10/2011,MOB,AL,ASO,CE,Combined TRACON& Tower with Radar,0,45,10,60,115,0,1,1,38,40,0,46,11,98,155,12,150,162,317
02/11/2011,MOB,AL,ASO,CE,Combined TRACON& Tower with Radar,0,54,18,82,154,0,5,12,28,45,0,59,30,110,199,36,144,180,379
02/12/2011,MOB,AL,ASO,CE,Combined TRACON& Tower with Radar,0,33,11,29,73,0,0,19,6,25,0,33,30,35,98,80,118,198,296
02/13/2011,MOB,AL,ASO,CE,Combined TRACON& Tower with Radar,0,38,15,39,92,0,0,23,3,26,0,38,38,42,118,2,2,4,122
02/14/2011,MOB,AL,ASO,CE,Combined TRACON& Tower with Radar,0,45,34,147,226,0,0,19,24,43,0,45,53,171,269,119,404,523,792
02/15/2011,MOB,AL,ASO,CE,Combined TRACON& Tower with Radar,0,43,17,162,222,0,0,13,43,56,0,43,30,205,278,26,210,236,514
02/16/2011,MOB,AL,ASO,CE,Combined TRACON& Tower with Radar,0,39,30,166,235,0,1,11,29,41,0,40,41,195,276,30,262,292,568
02/17/2011,MOB,AL,ASO,CE,Combined TRACON& Tower with Radar,0,49,19,111,179,0,0,5,42,47,0,49,24,153,226,34,162,196,422
02/18/2011,MOB,AL,ASO,CE,Combined TRACON& Tower with Radar,0,52,19,58,129,0,2,9,26,37,0,54,28,84,166,14,58,72,238
02/19/2011,MOB,AL,ASO,CE,Combined TRACON& Tower with Radar,0,35,8,23,66,0,1,12,2,15,0,36,20,25,81,40,14,54,135
02/20/2011,MOB,AL,ASO,CE,Combined TRACON& Tower with Radar,0,40,9,23,72,0,0,8,0,8,0,40,17,23,80,64,8,72,152
02/21/2011,MOB,AL,ASO,CE,Combined TRACON& Tower with Radar,2,43,13,0,58,0,0,3,2,5,2,43,16,2,63,0,0,0,63
02/22/2011,MOB,AL,ASO,CE,Combined TRACON& Tower with Radar,4,45,24,104,177,0,0,7,28,35,4,45,31,132,212,26,100,126,338
02/23/2011,MOB,AL,ASO,CE,Combined TRACON& Tower with Radar,0,49,22,90,161,0,0,10,33,43,0,49,32,123,204,16,166,182,386
02/24/2011,MOB,AL,ASO,CE,Combined TRACON& Tower with Radar,0,56,23,55,134,0,0,0,0,0,0,56,23,55,134,0,86,86,220
02/25/2011,MOB,AL,ASO,CE,Combined TRACON& Tower with Radar,2,43,18,86,149,0,0,9,40,49,2,43,27,126,198,40,200,240,438
02/26/2011,MOB,AL,ASO,CE,Combined TRACON& Tower with Radar,0,37,18,17,72,0,2,10,4,16,0,39,28,21,88,30,32,62,150
02/27/2011,MOB,AL,ASO,CE,Combined TRACON& Tower with Radar,0,47,6,20,73,0,2,0,3,5,0,49,6,23,78,92,16,108,186
02/28/2011,MOB,AL,ASO,CE,Combined TRACON& Tower with Radar,2,40,11,65,118,0,0,0,12,12,2,40,11,77,130,0,10,10,140
03/01/2011,MOB,AL,ASO,CE,Combined TRACON& Tower with Radar,0,48,30,106,184,0,1,20,53,74,0,49,50,159,258,0,112,112,370
03/02/2011,MOB,AL,ASO,CE,Combined TRACON& Tower with Radar,0,43,27,102,172,0,0,8,46,54,0,43,35,148,226,18,108,126,352
03/03/2011,MOB,AL,ASO,CE,Combined TRACON& Tower with Radar,0,59,23,129,211,0,3,11,41,55,0,62,34,170,266,38,188,226,492
03/04/2011,MOB,AL,ASO,CE,Combined TRACON& Tower with Radar,0,49,23,87,159,0,0,1,28,29,0,49,24,115,188,14,128,142,330
03/05/2011,MOB,AL,ASO,CE,Combined TRACON& Tower with Radar,2,38,9,0,49,0,0,0,0,0,2,38,9,0,49,0,0,0,49
03/06/2011,MOB,AL,ASO,CE,Combined TRACON& Tower with Radar,0,46,23,32,101,0,0,7,6,13,0,46,30,38,114,104,0,104,218
03/07/2011,MOB,AL,ASO,CE,Combined TRACON& Tower with Radar,0,52,8,134,194,0,5,10,50,65,0,57,18,184,259,2,244,246,505
03/08/2011,MOB,AL,ASO,CE,Combined TRACON& Tower with Radar,0,44,12,78,134,0,0,4,1,5,0,44,16,79,139,30,82,112,251
03/09/2011,MOB,AL,ASO,CE,Combined TRACON& Tower with Radar,0,48,6,3,57,0,0,2,0,2,0,48,8,3,59,67,27,94,153
03/10/2011,MOB,AL,ASO,CE,Combined TRACON& Tower with Radar,0,48,21,153,222,0,0,22,42,64,0,48,43,195,286,132,298,430,716
03/11/2011,MOB,AL,ASO,CE,Combined TRACON& Tower with Radar,0,48,14,117,179,0,0,22,35,57,0,48,36,152,236,25,141,166,402
03/12/2011,MOB,AL,ASO,CE,Combined TRACON& Tower with Radar,0,39,17,9,65,0,1,15,4,20,0,40,32,13,85,0,0,0,85
03/13/2011,MOB,AL,ASO,CE,Combined TRACON& Tower with Radar,4,44,22,28,98,0,1,7,4,12,4,45,29,32,110,0,4,4,114
03/14/2011,MOB,AL,ASO,CE,Combined TRACON& Tower with Radar,0,58,13,107,178,0,5,7,24,36,0,63,20,131,214,12,124,136,350
03/15/2011,MOB,AL,ASO,CE,Combined TRACON& Tower with Radar,0,48,15,133,196,0,0,2,32,34,0,48,17,165,230,38,98,136,366
03/16/2011,MOB,AL,ASO,CE,Combined TRACON& Tower with Radar,0,51,20,109,180,0,0,23,46,69,0,51,43,155,249,44,162,206,455
03/17/2011,MOB,AL,ASO,CE,Combined TRACON& Tower with Radar,0,50,24,98,172,0,2,8,44,54,0,52,32,142,226,10,158,168,394
03/18/2011,MOB,AL,ASO,CE,Combined TRACON& Tower with Radar,0,53,29,113,195,0,0,14,29,43,0,53,43,142,238,20,164,184,422
03/19/2011,MOB,AL,ASO,CE,Combined TRACON& Tower with Radar,0,38,6,18,62,0,0,12,9,21,0,38,18,27,83,18,30,48,131
03/20/2011,MOB,AL,ASO,CE,Combined TRACON& Tower with Radar,0,43,7,14,64,0,0,8,5,13,0,43,15,19,77,104,26,130,207
03/21/2011,MOB,AL,ASO,CE,Combined TRACON& Tower with Radar,0,55,22,126,203,0,0,13,28,41,0,55,35,154,244,0,98,98,342
03/22/2011,MOB,AL,ASO,CE,Combined TRACON& Tower with Radar,0,53,15,112,180,0,4,4,32,40,0,57,19,144,220,44,156,200,420
03/23/2011,MOB,AL,ASO,CE,Combined TRACON& Tower with Radar,0,44,40,85,169,0,1,15,33,49,0,45,55,118,218,30,200,230,448
03/24/2011,MOB,AL,ASO,CE,Combined TRACON& Tower with Radar,0,48,41,108,197,0,1,12,43,56,0,49,53,151,253,20,126,146,399
03/25/2011,MOB,AL,ASO,CE,Combined TRACON& Tower with Radar,0,43,25,96,164,0,0,11,27,38,0,43,36,123,202,30,180,210,412
03/26/2011,MOB,AL,ASO,CE,Combined TRACON& Tower with Radar,0,42,10,49,101,0,0,3,3,6,0,42,13,52,107,0,100,100,207
03/27/2011,MOB,AL,ASO,CE,Combined TRACON& Tower with Radar,0,47,17,32,96,0,0,5,3,8,0,47,22,35,104,38,46,84,188
03/28/2011,MOB,AL,ASO,CE,Combined TRACON& Tower with Radar,0,47,24,104,175,0,0,2,22,24,0,47,26,126,199,0,95,95,294
03/29/2011,MOB,AL,ASO,CE,Combined TRACON& Tower with Radar,4,44,25,174,247,0,0,1,11,12,4,44,26,185,259,58,146,204,463
03/30/2011,MOB,AL,ASO,CE,Combined TRACON& Tower with Radar,0,44,13,102,159,0,0,0,18,18,0,44,13,120,177,40,124,164,341
03/31/2011,MOB,AL,ASO,CE,Combined TRACON& Tower with Radar,0,45,21,131,197,0,0,12,27,39,0,45,33,158,236,0,0,0,236
04/01/2011,MOB,AL,ASO,CE,Combined TRACON& Tower with Radar,4,51,17,107,179,0,7,13,27,47,4,58,30,134,226,54,166,220,446
04/02/2011,MOB,AL,ASO,CE,Combined TRACON& Tower with Radar,0,40,17,19,76,0,0,8,7,15,0,40,25,26,91,30,38,68,159
04/03/2011,MOB,AL,ASO,CE,Combined TRACON& Tower with Radar,2,42,12,30,86,0,0,1,9,10,2,42,13,39,96,46,74,120,216
04/04/2011,MOB,AL,ASO,CE,Combined TRACON& Tower with Radar,2,37,9,108,156,0,0,4,18,22,2,37,13,126,178,0,36,36,214
04/05/2011,MOB,AL,ASO,CE,Combined TRACON& Tower with Radar,2,41,19,77,139,0,1,11,36,48,2,42,30,113,187,44,148,192,379
04/06/2011,MOB,AL,ASO,CE,Combined TRACON& Tower with Radar,2,48,25,54,129,0,0,11,37,48,2,48,36,91,177,0,186,186,363
04/07/2011,MOB,AL,ASO,CE,Combined TRACON& Tower with Radar,4,50,24,116,194,0,0,5,12,17,4,50,29,128,211,6,38,44,255
04/08/2011,MOB,AL,ASO,CE,Combined TRACON& Tower with Radar,4,39,14,90,147,0,2,0,17,19,4,41,14,107,166,54,162,216,382
04/09/2011,MOB,AL,ASO,CE,Combined TRACON& Tower with Radar,0,34,11,20,65,0,1,8,1,10,0,35,19,21,75,40,42,82,157
04/10/2011,MOB,AL,ASO,CE,Combined TRACON& Tower with Radar,2,41,16,21,80,0,0,14,1,15,2,41,30,22,95,58,64,122,217
04/11/2011,MOB,AL,ASO,CE,Combined TRACON& Tower with Radar,2,42,13,133,190,0,0,5,22,27,2,42,18,155,217,8,58,66,283
04/12/2011,MOB,AL,ASO,CE,Combined TRACON& Tower with Radar,6,47,25,105,183,0,3,16,48,67,6,50,41,153,250,58,172,230,480
04/13/2011,MOB,AL,ASO,CE,Combined TRACON& Tower with Radar,4,53,24,143,224,0,3,16,37,56,4,56,40,180,280,30,172,202,482
04/14/2011,MOB,AL,ASO,CE,Combined TRACON& Tower with Radar,2,47,31,109,189,0,1,13,21,35,2,48,44,130,224,42,276,318,542
04/15/2011,MOB,AL,ASO,CE,Combined TRACON& Tower with Radar,1,46,15,88,150,0,0,2,7,9,1,46,17,95,159,0,96,96,255
04/16/2011,MOB,AL,ASO,CE,Combined TRACON& Tower with Radar,1,35,17,28,81,0,0,17,10,27,1,35,34,38,108,34,54,88,196
04/17/2011,MOB,AL,ASO,CE,Combined TRACON& Tower with Radar,0,40,20,24,84,0,0,8,3,11,0,40,28,27,95,0,0,0,95
04/18/2011,MOB,AL,ASO,CE,Combined TRACON& Tower with Radar,2,48,15,95,160,0,2,17,32,51,2,50,32,127,211,32,84,116,327
04/19/2011,MOB,AL,ASO,CE,Combined TRACON& Tower with Radar,2,43,25,154,224,0,0,6,14,20,2,43,31,168,244,40,196,236,480
04/20/2011,MOB,AL,ASO,CE,Combined TRACON& Tower with Radar,4,40,9,134,187,0,0,9,27,36,4,40,18,161,223,30,192,222,445
04/21/2011,MOB,AL,ASO,CE,Combined TRACON& Tower with Radar,2,52,18,76,148,0,0,4,15,19,2,52,22,91,167,14,316,330,497
04/22/2011,MOB,AL,ASO,CE,Combined TRACON& Tower with Radar,2,46,19,86,153,0,1,7,15,23,2,47,26,101,176,40,174,214,390
04/23/2011,MOB,AL,ASO,CE,Combined TRACON& Tower with Radar,0,35,18,12,65,0,1,7,2,10,0,36,25,14,75,70,8,78,153
04/24/2011,MOB,AL,ASO,CE,Combined TRACON& Tower with Radar,2,39,15,16,72,0,0,2,2,4,2,39,17,18,76,64,16,80,156
04/25/2011,MOB,AL,ASO,CE,Combined TRACON& Tower with Radar,2,42,26,132,202,0,0,1,15,16,2,42,27,147,218,0,208,208,426
04/26/2011,MOB,AL,ASO,CE,Combined TRACON& Tower with Radar,2,47,16,63,128,0,0,1,23,24,2,47,17,86,152,151,264,415,567
04/27/2011,MOB,AL,ASO,CE,Combined TRACON& Tower with Radar,0,51,15,42,108,0,0,0,13,13,0,51,15,55,121,2,36,38,159
04/28/2011,MOB,AL,ASO,CE,Combined TRACON& Tower with Radar,2,48,34,88,172,0,0,25,42,67,2,48,59,130,239,6,80,86,325
04/29/2011,MOB,AL,ASO,CE,Combined TRACON& Tower with Radar,2,46,25,180,253,0,1,21,30,52,2,47,46,210,305,22,188,210,515
04/30/2011,MOB,AL,ASO,CE,Combined TRACON& Tower with Radar,2,33,16,36,87,0,0,18,13,31,2,33,34,49,118,16,2,18,136
05/01/2011,MOB,AL,ASO,CE,Combined TRACON& Tower with Radar,2,39,19,26,86,0,0,7,3,10,2,39,26,29,96,18,28,46,142
05/02/2011,MOB,AL,ASO,CE,Combined TRACON& Tower with Radar,2,36,17,124,179,0,2,5,35,42,2,38,22,159,221,0,0,0,221
05/03/2011,MOB,AL,ASO,CE,Combined TRACON& Tower with Radar,2,43,10,66,121,0,0,1,10,11,2,43,11,76,132,75,193,268,400
05/04/2011,MOB,AL,ASO,CE,Combined TRACON& Tower with Radar,6,48,16,63,133,0,10,23,30,63,6,58,39,93,196,0,206,206,402
05/05/2011,MOB,AL,ASO,CE,Combined TRACON& Tower with Radar,2,44,32,114,192,0,2,14,34,50,2,46,46,148,242,18,152,170,412
05/06/2011,MOB,AL,ASO,CE,Combined TRACON& Tower with Radar,2,51,23,100,176,0,1,20,27,48,2,52,43,127,224,6,90,96,320
05/07/2011,MOB,AL,ASO,CE,Combined TRACON& Tower with Radar,0,31,12,7,50,0,0,26,3,29,0,31,38,10,79,0,0,0,79
05/08/2011,MOB,AL,ASO,CE,Combined TRACON& Tower with Radar,2,38,20,23,83,0,0,2,1,3,2,38,22,24,86,72,24,96,182
05/09/2011,MOB,AL,ASO,CE,Combined TRACON& Tower with Radar,2,44,16,113,175,0,1,1,32,34,2,45,17,145,209,0,0,0,209
05/10/2011,MOB,AL,ASO,CE,Combined TRACON& Tower with Radar,2,41,18,130,191,0,3,9,45,57,2,44,27,175,248,15,221,236,484
05/11/2011,MOB,AL,ASO,CE,Combined TRACON& Tower with Radar,2,44,23,120,189,0,2,22,35,59,2,46,45,155,248,25,316,341,589
05/12/2011,MOB,AL,ASO,CE,Combined TRACON& Tower with Radar,2,47,18,115,182,0,3,11,39,53,2,50,29,154,235,50,240,290,525
05/13/2011,MOB,AL,ASO,CE,Combined TRACON& Tower with Radar,2,42,17,93,154,0,0,8,10,18,2,42,25,103,172,0,90,90,262
05/14/2011,MOB,AL,ASO,CE,Combined TRACON& Tower with Radar,0,28,9,41,78,0,5,11,7,23,0,33,20,48,101,44,84,128,229
05/15/2011,MOB,AL,ASO,CE,Combined TRACON& Tower with Radar,2,41,11,8,62,0,2,17,5,24,2,43,28,13,86,0,0,0,86
05/16/2011,MOB,AL,ASO,CE,Combined TRACON& Tower with Radar,2,46,9,91,148,0,1,9,32,42,2,47,18,123,190,0,154,154,344
05/17/2011,MOB,AL,ASO,CE,Combined TRACON& Tower with Radar,2,48,16,115,181,0,1,9,30,40,2,49,25,145,221,22,210,232,453
05/18/2011,MOB,AL,ASO,CE,Combined TRACON& Tower with Radar,2,46,14,119,181,0,1,18,26,45,2,47,32,145,226,48,188,236,462
05/19/2011,MOB,AL,ASO,CE,Combined TRACON& Tower with Radar,10,45,30,81,166,0,0,18,36,54,10,45,48,117,220,19,174,193,413
05/20/2011,MOB,AL,ASO,CE,Combined TRACON& Tower with Radar,4,46,20,55,125,0,0,4,26,30,4,46,24,81,155,6,78,84,239
05/21/2011,MOB,AL,ASO,CE,Combined TRACON& Tower with Radar,4,31,13,23,71,0,0,9,1,10,4,31,22,24,81,42,84,126,207
05/22/2011,MOB,AL,ASO,CE,Combined TRACON& Tower with Radar,2,42,21,26,91,0,0,8,10,18,2,42,29,36,109,66,42,108,217
05/23/2011,MOB,AL,ASO,CE,Combined TRACON& Tower with Radar,8,44,22,50,124,0,0,6,30,36,8,44,28,80,160,0,48,48,208
05/24/2011,MOB,AL,ASO,CE,Combined TRACON& Tower with Radar,4,55,17,117,193,0,3,20,31,54,4,58,37,148,247,77,250,327,574
05/25/2011,MOB,AL,ASO,CE,Combined TRACON& Tower with Radar,2,41,27,107,177,0,1,5,22,28,2,42,32,129,205,8,150,158,363
05/26/2011,MOB,AL,ASO,CE,Combined TRACON& Tower with Radar,0,47,16,29,92,0,0,1,10,11,0,47,17,39,103,0,36,36,139
05/27/2011,MOB,AL,ASO,CE,Combined TRACON& Tower with Radar,2,46,7,45,100,0,0,7,11,18,2,46,14,56,118,34,146,180,298
05/28/2011,MOB,AL,ASO,CE,Combined TRACON& Tower with Radar,0,30,9,13,52,0,0,11,1,12,0,30,20,14,64,14,4,18,82
05/29/2011,MOB,AL,ASO,CE,Combined TRACON& Tower with Radar,0,28,13,5,46,0,0,7,1,8,0,28,20,6,54,38,0,38,92
05/30/2011,MOB,AL,ASO,CE,Combined TRACON& Tower with Radar,2,35,5,0,42,0,0,3,1,4,2,35,8,1,46,0,0,0,46
05/31/2011,MOB,AL,ASO,CE,Combined TRACON& Tower with Radar,2,45,16,97,160,0,2,9,25,36,2,47,25,122,196,92,242,334,530
06/01/2011,MOB,AL,ASO,CE,Combined TRACON& Tower with Radar,2,38,10,108,158,0,0,7,26,33,2,38,17,134,191,11,166,177,368
06/02/2011,MOB,AL,ASO,CE,Combined TRACON& Tower with Radar,2,44,13,120,179,0,0,19,42,61,2,44,32,162,240,6,88,94,334
06/03/2011,MOB,AL,ASO,CE,Combined TRACON& Tower with Radar,2,43,15,91,151,0,0,11,22,33,2,43,26,113,184,32,152,184,368
06/04/2011,MOB,AL,ASO,CE,Combined TRACON& Tower with Radar,0,31,5,22,58,0,0,2,4,6,0,31,7,26,64,78,40,118,182
06/05/2011,MOB,AL,ASO,CE,Combined TRACON& Tower with Radar,2,42,11,18,73,0,0,9,4,13,2,42,20,22,86,48,40,88,174
06/06/2011,MOB,AL,ASO,CE,Combined TRACON& Tower with Radar,2,44,22,67,135,0,2,12,16,30,2,46,34,83,165,60,124,184,349
06/07/2011,MOB,AL,ASO,CE,Combined TRACON& Tower with Radar,2,43,15,100,160,0,2,8,28,38,2,45,23,128,198,60,134,194,392
06/08/2011,MOB,AL,ASO,CE,Combined TRACON& Tower with Radar,2,49,17,102,170,0,1,10,25,36,2,50,27,127,206,42,166,208,414
06/09/2011,MOB,AL,ASO,CE,Combined TRACON& Tower with Radar,6,47,18,117,188,0,1,5,32,38,6,48,23,149,226,46,266,312,538
06/10/2011,MOB,AL,ASO,CE,Combined TRACON& Tower with Radar,4,38,24,83,149,0,0,11,25,36,4,38,35,108,185,31,114,145,330
06/11/2011,MOB,AL,ASO,CE,Combined TRACON& Tower with Radar,0,34,10,20,64,0,0,4,6,10,0,34,14,26,74,14,24,38,112
06/12/2011,MOB,AL,ASO,CE,Combined TRACON& Tower with Radar,4,38,12,27,81,0,0,16,2,18,4,38,28,29,99,88,32,120,219
06/13/2011,MOB,AL,ASO,CE,Combined TRACON& Tower with Radar,7,46,14,144,211,0,1,11,33,45,7,47,25,177,256,0,0,0,256
06/14/2011,MOB,AL,ASO,CE,Combined TRACON& Tower with Radar,5,43,16,152,216,0,2,20,37,59,5,45,36,189,275,42,195,237,512
06/15/2011,MOB,AL,ASO,CE,Combined TRACON& Tower with Radar,5,41,18,126,190,0,0,9,29,38,5,41,27,155,228,0,0,0,228
06/16/2011,MOB,AL,ASO,CE,Combined TRACON& Tower with Radar,2,46,15,72,135,0,0,4,25,29,2,46,19,97,164,10,78,88,252
06/17/2011,MOB,AL,ASO,CE,Combined TRACON& Tower with Radar,4,43,13,85,145,0,0,9,16,25,4,43,22,101,170,4,72,76,246
06/18/2011,MOB,AL,ASO,CE,Combined TRACON& Tower with Radar,8,37,15,2,62,0,0,8,2,10,8,37,23,4,72,92,30,122,194
06/19/2011,MOB,AL,ASO,CE,Combined TRACON& Tower with Radar,2,42,19,10,73,0,1,14,1,16,2,43,33,11,89,74,50,124,213
06/20/2011,MOB,AL,ASO,CE,Combined TRACON& Tower with Radar,4,44,8,77,133,0,2,11,21,34,4,46,19,98,167,34,56,90,257
06/21/2011,MOB,AL,ASO,CE,Combined TRACON& Tower with Radar,2,41,12,96,151,0,0,8,25,33,2,41,20,121,184,55,139,194,378
06/22/2011,MOB,AL,ASO,CE,Combined TRACON& Tower with Radar,3,48,13,76,140,0,0,2,21,23,3,48,15,97,163,32,181,213,376
06/23/2011,MOB,AL,ASO,CE,Combined TRACON& Tower with Radar,4,42,14,97,157,0,0,6,46,52,4,42,20,143,209,18,233,251,460
06/24/2011,MOB,AL,ASO,CE,Combined TRACON& Tower with Radar,6,50,14,75,145,0,3,10,25,38,6,53,24,100,183,54,218,272,455
06/25/2011,MOB,AL,ASO,CE,Combined TRACON& Tower with Radar,0,38,10,0,48,0,0,6,7,13,0,38,16,7,61,0,0,0,61
06/26/2011,MOB,AL,ASO,CE,Combined TRACON& Tower with Radar,4,38,10,27,79,0,2,4,8,14,4,40,14,35,93,100,22,122,215
06/27/2011,MOB,AL,ASO,CE,Combined TRACON& Tower with Radar,4,45,28,104,181,0,0,16,37,53,4,45,44,141,234,6,94,100,334
06/28/2011,MOB,AL,ASO,CE,Combined TRACON& Tower with Radar,2,44,6,51,103,0,1,6,29,36,2,45,12,80,139,38,162,200,339
06/29/2011,MOB,AL,ASO,CE,Combined TRACON& Tower with Radar,5,42,9,104,160,0,2,19,27,48,5,44,28,131,208,0,180,180,388
06/30/2011,MOB,AL,ASO,CE,Combined TRACON& Tower with Radar,6,40,27,97,170,0,1,15,20,36,6,41,42,117,206,29,182,211,417
07/01/2011,MOB,AL,ASO,CE,Combined TRACON& Tower with Radar,1,45,11,23,80,0,0,3,18,21,1,45,14,41,101,32,86,118,219
07/02/2011,MOB,AL,ASO,CE,Combined TRACON& Tower with Radar,1,37,7,0,45,0,0,5,0,5,1,37,12,0,50,0,0,0,50
07/03/2011,MOB,AL,ASO,CE,Combined TRACON& Tower with Radar,1,27,12,0,40,0,0,8,1,9,1,27,20,1,49,0,0,0,49
07/04/2011,MOB,AL,ASO,CE,Combined TRACON& Tower with Radar,1,33,7,2,43,0,0,8,1,9,1,33,15,3,52,0,0,0,52
07/05/2011,MOB,AL,ASO,CE,Combined TRACON& Tower with Radar,1,24,5,33,63,0,0,2,18,20,1,24,7,51,83,32,136,168,251
07/06/2011,MOB,AL,ASO,CE,Combined TRACON& Tower with Radar,2,48,16,78,144,0,0,8,39,47,2,48,24,117,191,22,198,220,411
07/07/2011,MOB,AL,ASO,CE,Combined TRACON& Tower with Radar,2,50,17,136,205,0,4,13,39,56,2,54,30,175,261,0,50,50,311
07/08/2011,MOB,AL,ASO,CE,Combined TRACON& Tower with Radar,2,44,12,67,125,0,1,5,16,22,2,45,17,83,147,20,116,136,283
07/09/2011,MOB,AL,ASO,CE,Combined TRACON& Tower with Radar,1,38,9,19,67,0,1,6,12,19,1,39,15,31,86,66,56,122,208
07/10/2011,MOB,AL,ASO,CE,Combined TRACON& Tower with Radar,1,39,9,13,62,0,2,11,3,16,1,41,20,16,78,56,36,92,170
07/11/2011,MOB,AL,ASO,CE,Combined TRACON& Tower with Radar,2,44,7,59,112,0,1,5,10,16,2,45,12,69,128,12,82,94,222
07/12/2011,MOB,AL,ASO,CE,Combined TRACON& Tower with Radar,1,54,21,74,150,0,2,12,37,51,1,56,33,111,201,40,164,204,405
07/13/2011,MOB,AL,ASO,CE,Combined TRACON& Tower with Radar,2,53,9,96,160,0,1,13,25,39,2,54,22,121,199,46,306,352,551
07/14/2011,MOB,AL,ASO,CE,Combined TRACON& Tower with Radar,1,46,9,44,100,0,0,7,18,25,1,46,16,62,125,36,174,210,335
07/15/2011,MOB,AL,ASO,CE,Combined TRACON& Tower with Radar,2,47,12,83,144,0,2,1,3,6,2,49,13,86,150,60,154,214,364
07/16/2011,MOB,AL,ASO,CE,Combined TRACON& Tower with Radar,1,37,5,9,52,0,0,2,1,3,1,37,7,10,55,0,0,0,55
07/17/2011,MOB,AL,ASO,CE,Combined TRACON& Tower with Radar,1,40,4,15,60,0,0,2,1,3,1,40,6,16,63,0,0,0,63
07/18/2011,MOB,AL,ASO,CE,Combined TRACON& Tower with Radar,2,44,12,67,125,0,1,4,31,36,2,45,16,98,161,14,118,132,293
07/19/2011,MOB,AL,ASO,CE,Combined TRACON& Tower with Radar,2,47,17,92,158,0,0,15,38,53,2,47,32,130,211,72,299,371,582
07/20/2011,MOB,AL,ASO,CE,Combined TRACON& Tower with Radar,2,48,16,143,209,0,0,11,44,55,2,48,27,187,264,76,182,258,522
07/21/2011,MOB,AL,ASO,CE,Combined TRACON& Tower with Radar,1,47,10,130,188,0,0,6,30,36,1,47,16,160,224,16,184,200,424
07/22/2011,MOB,AL,ASO,CE,Combined TRACON& Tower with Radar,1,45,13,15,74,0,0,6,19,25,1,45,19,34,99,10,144,154,253
07/23/2011,MOB,AL,ASO,CE,Combined TRACON& Tower with Radar,1,39,12,14,66,0,1,12,8,21,1,40,24,22,87,8,70,78,165
07/24/2011,MOB,AL,ASO,CE,Combined TRACON& Tower with Radar,1,37,4,8,50,0,0,5,0,5,1,37,9,8,55,56,20,76,131
07/25/2011,MOB,AL,ASO,CE,Combined TRACON& Tower with Radar,3,44,23,65,135,0,0,2,26,28,3,44,25,91,163,0,0,0,163
07/26/2011,MOB,AL,ASO,CE,Combined TRACON& Tower with Radar,1,45,9,75,130,0,6,7,12,25,1,51,16,87,155,66,150,216,371
07/27/2011,MOB,AL,ASO,CE,Combined TRACON& Tower with Radar,2,47,13,67,129,0,0,9,25,34,2,47,22,92,163,73,212,285,448
07/28/2011,MOB,AL,ASO,CE,Combined TRACON& Tower with Radar,2,54,15,48,119,0,0,2,10,12,2,54,17,58,131,0,32,32,163
07/29/2011,MOB,AL,ASO,CE,Combined TRACON& Tower with Radar,2,43,33,67,145,0,2,9,13,24,2,45,42,80,169,0,24,24,193
07/30/2011,MOB,AL,ASO,CE,Combined TRACON& Tower with Radar,1,37,8,6,52,0,2,18,0,20,1,39,26,6,72,44,0,44,116
07/31/2011,MOB,AL,ASO,CE,Combined TRACON& Tower with Radar,1,38,9,12,60,0,2,12,2,16,1,40,21,14,76,0,0,0,76
08/01/2011,MOB,AL,ASO,CE,Combined TRACON& Tower with Radar,2,48,9,39,98,0,0,10,22,32,2,48,19,61,130,0,100,100,230
08/02/2011,MOB,AL,ASO,CE,Combined TRACON& Tower with Radar,2,44,7,84,137,0,2,4,24,30,2,46,11,108,167,68,212,280,447
08/03/2011,MOB,AL,ASO,CE,Combined TRACON& Tower with Radar,2,49,8,111,170,0,1,5,24,30,2,50,13,135,200,6,36,42,242
08/04/2011,MOB,AL,ASO,CE,Combined TRACON& Tower with Radar,3,47,12,62,124,0,1,5,4,10,3,48,17,66,134,46,186,232,366
08/05/2011,MOB,AL,ASO,CE,Combined TRACON& Tower with Radar,1,43,9,36,89,0,0,12,29,41,1,43,21,65,130,30,124,154,284
08/06/2011,MOB,AL,ASO,CE,Combined TRACON& Tower with Radar,1,37,6,4,48,0,0,7,3,10,1,37,13,7,58,12,0,12,70
08/07/2011,MOB,AL,ASO,CE,Combined TRACON& Tower with Radar,1,39,9,21,70,0,0,4,5,9,1,39,13,26,79,28,70,98,177
08/08/2011,MOB,AL,ASO,CE,Combined TRACON& Tower with Radar,3,55,7,79,144,0,0,8,28,36,3,55,15,107,180,2,38,40,220
08/09/2011,MOB,AL,ASO,CE,Combined TRACON& Tower with Radar,2,44,7,107,160,0,1,6,23,30,2,45,13,130,190,61,215,276,466
08/10/2011,MOB,AL,ASO,CE,Combined TRACON& Tower with Radar,1,54,21,112,188,0,0,8,29,37,1,54,29,141,225,6,164,170,395
08/11/2011,MOB,AL,ASO,CE,Combined TRACON& Tower with Radar,2,48,21,108,179,0,1,10,47,58,2,49,31,155,237,2,150,152,389
08/12/2011,MOB,AL,ASO,CE,Combined TRACON& Tower with Radar,4,49,11,39,103,0,5,4,21,30,4,54,15,60,133,0,67,67,200
08/13/2011,MOB,AL,ASO,CE,Combined TRACON& Tower with Radar,1,35,5,1,42,0,0,4,4,8,1,35,9,5,50,0,67,67,117
08/14/2011,MOB,AL,ASO,CE,Combined TRACON& Tower with Radar,1,37,6,9,53,0,0,3,8,11,1,37,9,17,64,12,8,20,84
08/15/2011,MOB,AL,ASO,CE,Combined TRACON& Tower with Radar,2,49,15,77,143,0,1,4,38,43,2,50,19,115,186,24,126,150,336
08/16/2011,MOB,AL,ASO,CE,Combined TRACON& Tower with Radar,3,34,22,138,197,0,6,17,44,67,3,40,39,182,264,24,136,160,424
08/17/2011,MOB,AL,ASO,CE,Combined TRACON& Tower with Radar,4,33,14,100,151,0,1,15,39,55,4,34,29,139,206,34,232,266,472
08/18/2011,MOB,AL,ASO,CE,Combined TRACON& Tower with Radar,2,39,22,108,171,0,0,15,28,43,2,39,37,136,214,0,168,168,382
08/19/2011,MOB,AL,ASO,CE,Combined TRACON& Tower with Radar,2,37,26,71,136,0,0,11,27,38,2,37,37,98,174,0,68,68,242
08/20/2011,MOB,AL,ASO,CE,Combined TRACON& Tower with Radar,8,30,6,12,56,0,0,7,4,11,8,30,13,16,67,118,8,126,193
08/21/2011,MOB,AL,ASO,CE,Combined TRACON& Tower with Radar,7,35,14,12,68,0,1,8,6,15,7,36,22,18,83,94,18,112,195
08/22/2011,MOB,AL,ASO,CE,Combined TRACON& Tower with Radar,6,42,7,85,140,0,1,9,35,45,6,43,16,120,185,0,109,109,294
08/23/2011,MOB,AL,ASO,CE,Combined TRACON& Tower with Radar,4,37,16,105,162,0,0,6,32,38,4,37,22,137,200,10,54,64,264
08/24/2011,MOB,AL,ASO,CE,Combined TRACON& Tower with Radar,4,36,5,43,88,0,0,5,22,27,4,36,10,65,115,28,128,156,271
08/25/2011,MOB,AL,ASO,CE,Combined TRACON& Tower with Radar,4,37,15,116,172,0,1,13,39,53,4,38,28,155,225,4,90,94,319
08/26/2011,MOB,AL,ASO,CE,Combined TRACON& Tower with Radar,6,35,3,107,151,0,0,16,36,52,6,35,19,143,203,0,94,94,297
08/27/2011,MOB,AL,ASO,CE,Combined TRACON& Tower with Radar,4,47,7,44,102,0,0,9,11,20,4,47,16,55,122,0,130,130,252
08/28/2011,MOB,AL,ASO,CE,Combined TRACON& Tower with Radar,4,41,7,30,82,0,5,8,8,21,4,46,15,38,103,96,18,114,217
08/29/2011,MOB,AL,ASO,CE,Combined TRACON& Tower with Radar,4,37,11,146,198,0,0,8,39,47,4,37,19,185,245,4,252,256,501
08/30/2011,MOB,AL,ASO,CE,Combined TRACON& Tower with Radar,6,31,26,59,122,0,2,6,38,46,6,33,32,97,168,63,191,254,422
08/31/2011,MOB,AL,ASO,CE,Combined TRACON& Tower with Radar,4,37,17,89,147,0,1,22,47,70,4,38,39,136,217,0,144,144,361
09/01/2011,MOB,AL,ASO,CE,Combined TRACON& Tower with Radar,4,40,11,41,96,0,0,6,43,49,4,40,17,84,145,8,228,236,381
09/02/2011,MOB,AL,ASO,CE,Combined TRACON& Tower with Radar,4,36,18,4,62,0,0,8,11,19,4,36,26,15,81,0,0,0,81
09/03/2011,MOB,AL,ASO,CE,Combined TRACON& Tower with Radar,6,22,7,1,36,0,0,0,0,0,6,22,7,1,36,0,0,0,36
09/04/2011,MOB,AL,ASO,CE,Combined TRACON& Tower with Radar,4,24,2,0,30,0,0,0,6,6,4,24,2,6,36,0,0,0,36
09/05/2011,MOB,AL,ASO,CE,Combined TRACON& Tower with Radar,3,34,3,5,45,0,0,1,3,4,3,34,4,8,49,0,0,0,49
09/06/2011,MOB,AL,ASO,CE,Combined TRACON& Tower with Radar,4,34,11,87,136,0,0,6,29,35,4,34,17,116,171,36,118,154,325
09/07/2011,MOB,AL,ASO,CE,Combined TRACON& Tower with Radar,6,30,11,134,181,0,2,6,40,48,6,32,17,174,229,41,188,229,458
09/08/2011,MOB,AL,ASO,CE,Combined TRACON& Tower with Radar,6,43,8,163,220,0,1,2,31,34,6,44,10,194,254,10,68,78,332
09/09/2011,MOB,AL,ASO,CE,Combined TRACON& Tower with Radar,4,36,18,89,147,0,0,12,44,56,4,36,30,133,203,0,112,112,315
09/10/2011,MOB,AL,ASO,CE,Combined TRACON& Tower with Radar,5,21,3,5,34,0,0,7,6,13,5,21,10,11,47,90,28,118,165
09/11/2011,MOB,AL,ASO,CE,Combined TRACON& Tower with Radar,5,33,5,19,62,0,0,10,9,19,5,33,15,28,81,78,22,100,181
09/12/2011,MOB,AL,ASO,CE,Combined TRACON& Tower with Radar,6,34,15,136,191,0,1,8,50,59,6,35,23,186,250,0,108,108,358
09/13/2011,MOB,AL,ASO,CE,Combined TRACON& Tower with Radar,6,33,10,157,206,0,0,5,54,59,6,33,15,211,265,63,305,368,633
09/14/2011,MOB,AL,ASO,CE,Combined TRACON& Tower with Radar,6,32,15,99,152,0,0,12,55,67,6,32,27,154,219,66,287,353,572
09/15/2011,MOB,AL,ASO,CE,Combined TRACON& Tower with Radar,6,38,19,91,154,0,0,8,24,32,6,38,27,115,186,2,116,118,304
09/16/2011,MOB,AL,ASO,CE,Combined TRACON& Tower with Radar,4,38,24,67,133,0,1,10,16,27,4,39,34,83,160,2,108,110,270
09/17/2011,MOB,AL,ASO,CE,Combined TRACON& Tower with Radar,12,22,9,15,58,0,2,12,3,17,12,24,21,18,75,24,18,42,117
09/18/2011,MOB,AL,ASO,CE,Combined TRACON& Tower with Radar,6,30,14,10,60,0,0,4,1,5,6,30,18,11,65,0,0,0,65
09/19/2011,MOB,AL,ASO,CE,Combined TRACON& Tower with Radar,6,33,13,14,66,0,1,0,24,25,6,34,13,38,91,6,102,108,199
09/20/2011,MOB,AL,ASO,CE,Combined TRACON& Tower with Radar,6,35,5,80,126,0,0,5,22,27,6,35,10,102,153,12,82,94,247
09/21/2011,MOB,AL,ASO,CE,Combined TRACON& Tower with Radar,10,38,9,73,130,0,0,4,36,40,10,38,13,109,170,4,106,110,280
09/22/2011,MOB,AL,ASO,CE,Combined TRACON& Tower with Radar,6,33,23,65,127,0,0,3,24,27,6,33,26,89,154,0,30,30,184
09/23/2011,MOB,AL,ASO,CE,Combined TRACON& Tower with Radar,6,40,16,67,129,0,0,4,11,15,6,40,20,78,144,0,44,44,188
09/24/2011,MOB,AL,ASO,CE,Combined TRACON& Tower with Radar,5,25,16,10,56,0,0,12,7,19,5,25,28,17,75,82,38,120,195
09/25/2011,MOB,AL,ASO,CE,Combined TRACON& Tower with Radar,4,34,27,24,89,0,0,5,4,9,4,34,32,28,98,16,30,46,144
09/26/2011,MOB,AL,ASO,CE,Combined TRACON& Tower with Radar,5,35,21,111,172,0,0,11,23,34,5,35,32,134,206,0,0,0,206
09/27/2011,MOB,AL,ASO,CE,Combined TRACON& Tower with Radar,6,39,18,78,141,0,3,4,39,46,6,42,22,117,187,48,207,255,442
09/28/2011,MOB,AL,ASO,CE,Combined TRACON& Tower with Radar,6,34,13,17,70,0,0,0,12,12,6,34,13,29,82,0,60,60,142
09/29/2011,MOB,AL,ASO,CE,Combined TRACON& Tower with Radar,6,32,12,72,122,0,0,5,38,43,6,32,17,110,165,0,38,38,203
09/30/2011,MOB,AL,ASO,CE,Combined TRACON& Tower with Radar,2,38,14,80,134,0,4,5,35,44,2,42,19,115,178,12,46,58,236
10/01/2011,MOB,AL,ASO,CE,Combined TRACON& Tower with Radar,5,29,11,3,48,0,1,13,5,19,5,30,24,8,67,14,44,58,125
10/02/2011,MOB,AL,ASO,CE,Combined TRACON& Tower with Radar,6,26,12,2,46,0,1,6,4,11,6,27,18,6,57,122,40,162,219
10/03/2011,MOB,AL,ASO,CE,Combined TRACON& Tower with Radar,6,38,12,116,172,0,1,5,34,40,6,39,17,150,212,0,58,58,270
10/04/2011,MOB,AL,ASO,CE,Combined TRACON& Tower with Radar,4,38,11,102,155,0,0,5,44,49,4,38,16,146,204,20,66,86,290
10/05/2011,MOB,AL,ASO,CE,Combined TRACON& Tower with Radar,6,35,18,107,166,0,0,10,44,54,6,35,28,151,220,0,0,0,220
10/06/2011,MOB,AL,ASO,CE,Combined TRACON& Tower with Radar,4,40,31,154,229,0,0,8,30,38,4,40,39,184,267,8,116,124,391
10/07/2011,MOB,AL,ASO,CE,Combined TRACON& Tower with Radar,4,39,16,86,145,0,0,9,38,47,4,39,25,124,192,12,68,80,272
10/08/2011,MOB,AL,ASO,CE,Combined TRACON& Tower with Radar,5,23,15,0,43,0,0,0,2,2,5,23,15,2,45,58,48,106,151
10/09/2011,MOB,AL,ASO,CE,Combined TRACON& Tower with Radar,8,27,8,3,46,0,2,12,1,15,8,29,20,4,61,96,12,108,169
10/10/2011,MOB,AL,ASO,CE,Combined TRACON& Tower with Radar,7,33,12,4,56,0,0,11,4,15,7,33,23,8,71,0,0,0,71
10/11/2011,MOB,AL,ASO,CE,Combined TRACON& Tower with Radar,22,38,13,151,224,0,0,2,11,13,22,38,15,162,237,0,0,0,237
10/12/2011,MOB,AL,ASO,CE,Combined TRACON& Tower with Radar,6,35,16,156,213,0,0,4,17,21,6,35,20,173,234,0,94,94,328
10/13/2011,MOB,AL,ASO,CE,Combined TRACON& Tower with Radar,4,37,19,131,191,0,0,9,43,52,4,37,28,174,243,20,136,156,399
10/14/2011,MOB,AL,ASO,CE,Combined TRACON& Tower with Radar,4,35,16,58,113,0,0,8,36,44,4,35,24,94,157,4,60,64,221
10/15/2011,MOB,AL,ASO,CE,Combined TRACON& Tower with Radar,3,25,23,21,72,0,0,15,3,18,3,25,38,24,90,16,76,92,182
10/16/2011,MOB,AL,ASO,CE,Combined TRACON& Tower with Radar,5,30,24,22,81,0,0,15,10,25,5,30,39,32,106,0,0,0,106
10/17/2011,MOB,AL,ASO,CE,Combined TRACON& Tower with Radar,6,34,11,124,175,0,0,8,28,36,6,34,19,152,211,34,141,175,386
10/18/2011,MOB,AL,ASO,CE,Combined TRACON& Tower with Radar,3,36,14,96,149,0,0,3,25,28,3,36,17,121,177,38,126,164,341
10/19/2011,MOB,AL,ASO,CE,Combined TRACON& Tower with Radar,6,33,7,64,110,0,1,4,44,49,6,34,11,108,159,12,208,220,379
10/20/2011,MOB,AL,ASO,CE,Combined TRACON& Tower with Radar,6,36,16,54,112,0,0,14,35,49,6,36,30,89,161,10,130,140,301
10/21/2011,MOB,AL,ASO,CE,Combined TRACON& Tower with Radar,10,35,13,74,132,0,0,16,41,57,10,35,29,115,189,22,116,138,327
10/22/2011,MOB,AL,ASO,CE,Combined TRACON& Tower with Radar,4,25,19,6,54,0,0,6,7,13,4,25,25,13,67,56,72,128,195
10/23/2011,MOB,AL,ASO,CE,Combined TRACON& Tower with Radar,6,32,20,11,69,0,0,5,1,6,6,32,25,12,75,0,0,0,75
10/24/2011,MOB,AL,ASO,CE,Combined TRACON& Tower with Radar,6,32,13,83,134,0,0,15,27,42,6,32,28,110,176,0,34,34,210
10/25/2011,MOB,AL,ASO,CE,Combined TRACON& Tower with Radar,8,40,17,126,191,0,2,13,47,62,8,42,30,173,253,74,204,278,531
10/26/2011,MOB,AL,ASO,CE,Combined TRACON& Tower with Radar,8,38,16,85,147,0,1,18,46,65,8,39,34,131,212,38,126,164,376
10/27/2011,MOB,AL,ASO,CE,Combined TRACON& Tower with Radar,6,43,32,80,161,0,1,25,43,69,6,44,57,123,230,4,52,56,286
10/28/2011,MOB,AL,ASO,CE,Combined TRACON& Tower with Radar,4,35,10,108,157,0,1,1,22,24,4,36,11,130,181,4,38,42,223
10/29/2011,MOB,AL,ASO,CE,Combined TRACON& Tower with Radar,4,24,8,8,44,0,1,3,1,5,4,25,11,9,49,10,40,50,99
10/30/2011,MOB,AL,ASO,CE,Combined TRACON& Tower with Radar,4,34,13,8,59,0,0,20,11,31,4,34,33,19,90,58,50,108,198
10/31/2011,MOB,AL,ASO,CE,Combined TRACON& Tower with Radar,4,39,8,82,133,0,0,4,27,31,4,39,12,109,164,46,74,120,284
11/01/2011,MOB,AL,ASO,CE,Combined TRACON& Tower with Radar,4,38,20,119,181,0,2,17,39,58,4,40,37,158,239,0,192,192,431
11/02/2011,MOB,AL,ASO,CE,Combined TRACON& Tower with Radar,6,42,16,108,172,0,0,17,38,55,6,42,33,146,227,0,188,188,415
11/03/2011,MOB,AL,ASO,CE,Combined TRACON& Tower with Radar,6,43,21,95,165,0,0,4,17,21,6,43,25,112,186,2,34,36,222
11/04/2011,MOB,AL,ASO,CE,Combined TRACON& Tower with Radar,6,37,18,123,184,0,0,11,18,29,6,37,29,141,213,18,70,88,301
11/05/2011,MOB,AL,ASO,CE,Combined TRACON& Tower with Radar,5,23,7,4,39,0,1,9,5,15,5,24,16,9,54,2,32,34,88
11/06/2011,MOB,AL,ASO,CE,Combined TRACON& Tower with Radar,7,31,19,24,81,0,0,18,3,21,7,31,37,27,102,66,62,128,230
11/07/2011,MOB,AL,ASO,CE,Combined TRACON& Tower with Radar,6,36,21,126,189,0,0,1,29,30,6,36,22,155,219,54,52,106,325
11/08/2011,MOB,AL,ASO,CE,Combined TRACON& Tower with Radar,4,35,10,91,140,0,0,5,35,40,4,35,15,126,180,61,212,273,453
11/09/2011,MOB,AL,ASO,CE,Combined TRACON& Tower with Radar,8,36,19,89,152,0,0,1,17,18,8,36,20,106,170,8,36,44,214
11/10/2011,MOB,AL,ASO,CE,Combined TRACON& Tower with Radar,12,39,17,57,125,0,0,10,25,35,12,39,27,82,160,8,58,66,226
11/11/2011,MOB,AL,ASO,CE,Combined TRACON& Tower with Radar,4,37,21,25,87,0,0,9,2,11,4,37,30,27,98,0,0,0,98
11/12/2011,MOB,AL,ASO,CE,Combined TRACON& Tower with Radar,2,25,9,36,72,0,0,9,9,18,2,25,18,45,90,16,16,32,122
11/13/2011,MOB,AL,ASO,CE,Combined TRACON& Tower with Radar,4,33,13,36,86,0,1,2,2,5,4,34,15,38,91,0,0,0,91
11/14/2011,MOB,AL,ASO,CE,Combined TRACON& Tower with Radar,10,37,17,70,134,0,2,0,7,9,10,39,17,77,143,0,38,38,181
11/15/2011,MOB,AL,ASO,CE,Combined TRACON& Tower with Radar,4,45,16,148,213,0,0,1,13,14,4,45,17,161,227,56,228,284,511
11/16/2011,MOB,AL,ASO,CE,Combined TRACON& Tower with Radar,8,35,6,104,153,0,1,5,29,35,8,36,11,133,188,0,260,260,448
11/17/2011,MOB,AL,ASO,CE,Combined TRACON& Tower with Radar,6,39,26,97,168,0,0,17,43,60,6,39,43,140,228,6,292,298,526
11/18/2011,MOB,AL,ASO,CE,Combined TRACON& Tower with Radar,4,43,19,96,162,0,5,16,31,52,4,48,35,127,214,8,114,122,336
11/19/2011,MOB,AL,ASO,CE,Combined TRACON& Tower with Radar,3,26,8,41,78,0,0,0,2,2,3,26,8,43,80,0,0,0,80
11/20/2011,MOB,AL,ASO,CE,Combined TRACON& Tower with Radar,7,30,8,29,74,0,0,1,0,1,7,30,9,29,75,96,20,116,191
11/21/2011,MOB,AL,ASO,CE,Combined TRACON& Tower with Radar,6,29,21,65,121,0,0,8,17,25,6,29,29,82,146,54,158,212,358
11/22/2011,MOB,AL,ASO,CE,Combined TRACON& Tower with Radar,6,39,5,67,117,0,0,1,13,14,6,39,6,80,131,58,44,102,233
11/23/2011,MOB,AL,ASO,CE,Combined TRACON& Tower with Radar,7,40,24,95,166,0,0,7,21,28,7,40,31,116,194,12,78,90,284
11/24/2011,MOB,AL,ASO,CE,Combined TRACON& Tower with Radar,3,19,11,0,33,0,0,4,3,7,3,19,15,3,40,0,0,0,40
11/25/2011,MOB,AL,ASO,CE,Combined TRACON& Tower with Radar,6,22,14,2,44,0,0,7,3,10,6,22,21,5,54,0,0,0,54
11/26/2011,MOB,AL,ASO,CE,Combined TRACON& Tower with Radar,5,33,16,7,61,0,1,3,7,11,5,34,19,14,72,2,12,14,86
11/27/2011,MOB,AL,ASO,CE,Combined TRACON& Tower with Radar,8,34,21,2,65,0,0,1,0,1,8,34,22,2,66,0,0,0,66
11/28/2011,MOB,AL,ASO,CE,Combined TRACON& Tower with Radar,6,37,11,103,157,0,3,4,29,36,6,40,15,132,193,0,34,34,227
11/29/2011,MOB,AL,ASO,CE,Combined TRACON& Tower with Radar,7,32,11,60,110,0,3,7,36,46,7,35,18,96,156,68,269,337,493
11/30/2011,MOB,AL,ASO,CE,Combined TRACON& Tower with Radar,8,31,21,96,156,0,3,10,38,51,8,34,31,134,207,0,184,184,391
12/01/2011,MOB,AL,ASO,CE,Combined TRACON& Tower with Radar,6,38,32,44,120,0,2,27,40,69,6,40,59,84,189,0,320,320,509
12/02/2011,MOB,AL,ASO,CE,Combined TRACON& Tower with Radar,8,33,15,82,138,0,3,14,43,60,8,36,29,125,198,12,78,90,288
12/03/2011,MOB,AL,ASO,CE,Combined TRACON& Tower with Radar,2,25,10,7,44,0,2,11,3,16,2,27,21,10,60,10,22,32,92
12/04/2011,MOB,AL,ASO,CE,Combined TRACON& Tower with Radar,6,32,4,24,66,0,0,3,2,5,6,32,7,26,71,62,42,104,175
12/05/2011,MOB,AL,ASO,CE,Combined TRACON& Tower with Radar,6,39,8,84,137,0,0,0,8,8,6,39,8,92,145,0,40,40,185
12/06/2011,MOB,AL,ASO,CE,Combined TRACON& Tower with Radar,6,33,10,49,98,0,0,0,1,1,6,33,10,50,99,50,85,135,234
12/07/2011,MOB,AL,ASO,CE,Combined TRACON& Tower with Radar,8,34,12,100,154,0,2,0,28,30,8,36,12,128,184,2,28,30,214
12/08/2011,MOB,AL,ASO,CE,Combined TRACON& Tower with Radar,6,37,18,86,147,0,0,12,46,58,6,37,30,132,205,22,120,142,347
12/09/2011,MOB,AL,ASO,CE,Combined TRACON& Tower with Radar,6,35,32,80,153,0,0,10,32,42,6,35,42,112,195,10,58,68,263
12/10/2011,MOB,AL,ASO,CE,Combined TRACON& Tower with Radar,2,29,8,12,51,0,1,6,2,9,2,30,14,14,60,4,26,30,90
12/11/2011,MOB,AL,ASO,CE,Combined TRACON& Tower with Radar,6,32,9,39,86,0,0,3,1,4,6,32,12,40,90,0,0,0,90
12/12/2011,MOB,AL,ASO,CE,Combined TRACON& Tower with Radar,6,36,22,137,201,0,0,3,25,28,6,36,25,162,229,0,0,0,229
12/13/2011,MOB,AL,ASO,CE,Combined TRACON& Tower with Radar,6,36,19,47,108,0,0,3,3,6,6,36,22,50,114,71,114,185,299
12/14/2011,MOB,AL,ASO,CE,Combined TRACON& Tower with Radar,6,38,38,99,181,0,0,11,40,51,6,38,49,139,232,0,126,126,358
12/15/2011,MOB,AL,ASO,CE,Combined TRACON& Tower with Radar,6,39,22,81,148,0,0,6,22,28,6,39,28,103,176,4,72,76,252
12/16/2011,MOB,AL,ASO,CE,Combined TRACON& Tower with Radar,6,37,13,44,100,0,0,3,4,7,6,37,16,48,107,12,18,30,137
12/17/2011,MOB,AL,ASO,CE,Combined TRACON& Tower with Radar,4,30,32,16,82,0,0,6,2,8,4,30,38,18,90,16,32,48,138
12/18/2011,MOB,AL,ASO,CE,Combined TRACON& Tower with Radar,4,38,14,20,76,0,1,6,2,9,4,39,20,22,85,0,0,0,85
12/19/2011,MOB,AL,ASO,CE,Combined TRACON& Tower with Radar,2,43,10,113,168,0,0,10,5,15,2,43,20,118,183,0,0,0,183
12/20/2011,MOB,AL,ASO,CE,Combined TRACON& Tower with Radar,2,46,9,28,85,0,0,2,4,6,2,46,11,32,91,10,52,62,153
12/21/2011,MOB,AL,ASO,CE,Combined TRACON& Tower with Radar,4,38,18,70,130,0,0,3,3,6,4,38,21,73,136,22,63,85,221
12/22/2011,MOB,AL,ASO,CE,Combined TRACON& Tower with Radar,2,45,7,8,62,0,0,1,3,4,2,45,8,11,66,0,0,0,66
12/23/2011,MOB,AL,ASO,CE,Combined TRACON& Tower with Radar,3,40,11,38,92,0,0,1,0,1,3,40,12,38,93,0,0,0,93
12/24/2011,MOB,AL,ASO,CE,Combined TRACON& Tower with Radar,2,22,3,4,31,0,0,2,0,2,2,22,5,4,33,16,26,42,75
12/25/2011,MOB,AL,ASO,CE,Combined TRACON& Tower with Radar,3,23,4,0,30,0,0,0,0,0,3,23,4,0,30,0,0,0,30
12/26/2011,MOB,AL,ASO,CE,Combined TRACON& Tower with Radar,2,39,17,10,68,0,0,0,0,0,2,39,17,10,68,0,0,0,68
12/27/2011,MOB,AL,ASO,CE,Combined TRACON& Tower with Radar,2,40,14,51,107,0,0,5,11,16,2,40,19,62,123,24,26,50,173
12/28/2011,MOB,AL,ASO,CE,Combined TRACON& Tower with Radar,2,41,18,48,109,0,0,16,17,33,2,41,34,65,142,24,26,50,192
12/29/2011,MOB,AL,ASO,CE,Combined TRACON& Tower with Radar,2,38,7,54,101,0,0,2,16,18,2,38,9,70,119,0,0,0,119
12/30/2011,MOB,AL,ASO,CE,Combined TRACON& Tower with Radar,2,42,16,20,80,0,0,5,9,14,2,42,21,29,94,14,58,72,166
12/31/2011,MOB,AL,ASO,CE,Combined TRACON& Tower with Radar,3,24,7,1,35,0,0,5,1,6,3,24,12,2,41,0,0,0,41
01/01/2012,MOB,AL,ASO,CE,Combined TRACON& Tower with Radar,3,30,8,1,42,0,1,2,1,4,3,31,10,2,46,0,0,0,46
01/02/2012,MOB,AL,ASO,CE,Combined TRACON& Tower with Radar,2,38,8,4,52,0,3,4,2,9,2,41,12,6,61,22,20,42,103
01/03/2012,MOB,AL,ASO,CE,Combined TRACON& Tower with Radar,2,41,8,27,78,0,0,12,0,12,2,41,20,27,90,4,72,76,166
01/04/2012,MOB,AL,ASO,CE,Combined TRACON& Tower with Radar,4,32,4,70,110,0,0,3,20,23,4,32,7,90,133,24,114,138,271
01/05/2012,MOB,AL,ASO,CE,Combined TRACON& Tower with Radar,4,35,10,76,125,0,0,6,21,27,4,35,16,97,152,26,136,162,314
01/06/2012,MOB,AL,ASO,CE,Combined TRACON& Tower with Radar,4,39,17,66,126,0,1,8,15,24,4,40,25,81,150,6,110,116,266
01/07/2012,MOB,AL,ASO,CE,Combined TRACON& Tower with Radar,4,23,10,21,58,0,1,2,2,5,4,24,12,23,63,10,24,34,97
01/08/2012,MOB,AL,ASO,CE,Combined TRACON& Tower with Radar,4,26,16,31,77,0,0,11,7,18,4,26,27,38,95,20,50,70,165
01/09/2012,MOB,AL,ASO,CE,Combined TRACON& Tower with Radar,4,32,16,138,190,0,1,3,15,19,4,33,19,153,209,22,64,86,295
01/10/2012,MOB,AL,ASO,CE,Combined TRACON& Tower with Radar,4,35,8,23,70,0,0,0,10,10,4,35,8,33,80,0,26,26,106
01/11/2012,MOB,AL,ASO,CE,Combined TRACON& Tower with Radar,4,34,13,157,208,0,0,10,32,42,4,34,23,189,250,14,88,102,352
01/12/2012,MOB,AL,ASO,CE,Combined TRACON& Tower with Radar,4,36,12,165,217,0,0,10,32,42,4,36,22,197,259,0,94,94,353
01/13/2012,MOB,AL,ASO,CE,Combined TRACON& Tower with Radar,5,36,22,78,141,0,0,21,28,49,5,36,43,106,190,14,52,66,256
01/14/2012,MOB,AL,ASO,CE,Combined TRACON& Tower with Radar,6,18,7,15,46,0,0,3,11,14,6,18,10,26,60,6,30,36,96
01/15/2012,MOB,AL,ASO,CE,Combined TRACON& Tower with Radar,6,26,15,9,56,0,1,14,5,20,6,27,29,14,76,0,0,0,76
01/16/2012,MOB,AL,ASO,CE,Combined TRACON& Tower with Radar,5,32,12,1,50,0,0,7,1,8,5,32,19,2,58,0,0,0,58
01/17/2012,MOB,AL,ASO,CE,Combined TRACON& Tower with Radar,4,33,13,91,141,0,0,4,21,25,4,33,17,112,166,0,70,70,236
01/18/2012,MOB,AL,ASO,CE,Combined TRACON& Tower with Radar,2,39,0,70,111,0,4,6,42,52,2,43,6,112,163,18,118,136,299
01/19/2012,MOB,AL,ASO,CE,Combined TRACON& Tower with Radar,4,36,16,116,172,0,1,10,41,52,4,37,26,157,224,24,92,116,340
01/20/2012,MOB,AL,ASO,CE,Combined TRACON& Tower with Radar,7,30,11,127,175,0,0,4,13,17,7,30,15,140,192,0,66,66,258
01/21/2012,MOB,AL,ASO,CE,Combined TRACON& Tower with Radar,5,19,5,13,42,0,1,2,1,4,5,20,7,14,46,6,16,22,68
01/22/2012,MOB,AL,ASO,CE,Combined TRACON& Tower with Radar,8,27,12,20,67,0,0,3,0,3,8,27,15,20,70,0,0,0,70
01/23/2012,MOB,AL,ASO,CE,Combined TRACON& Tower with Radar,4,39,15,47,105,0,1,5,12,18,4,40,20,59,123,4,52,56,179
01/24/2012,MOB,AL,ASO,CE,Combined TRACON& Tower with Radar,4,34,19,84,141,0,0,3,31,34,4,34,22,115,175,4,88,92,267
01/25/2012,MOB,AL,ASO,CE,Combined TRACON& Tower with Radar,4,42,21,101,168,0,0,0,3,3,4,42,21,104,171,10,72,82,253
01/26/2012,MOB,AL,ASO,CE,Combined TRACON& Tower with Radar,4,36,12,39,91,0,0,0,7,7,4,36,12,46,98,0,12,12,110
01/27/2012,MOB,AL,ASO,CE,Combined TRACON& Tower with Radar,4,36,22,85,147,0,0,13,33,46,4,36,35,118,193,18,138,156,349
01/28/2012,MOB,AL,ASO,CE,Combined TRACON& Tower with Radar,2,29,14,17,62,0,0,17,6,23,2,29,31,23,85,30,24,54,139
01/29/2012,MOB,AL,ASO,CE,Combined TRACON& Tower with Radar,4,29,24,11,68,0,1,22,2,25,4,30,46,13,93,8,54,62,155
01/30/2012,MOB,AL,ASO,CE,Combined TRACON& Tower with Radar,4,32,33,72,141,0,1,19,40,60,4,33,52,112,201,12,126,138,339
01/31/2012,MOB,AL,ASO,CE,Combined TRACON& Tower with Radar,4,42,17,115,178,0,2,16,24,42,4,44,33,139,220,0,0,0,220
02/01/2012,MOB,AL,ASO,CE,Combined TRACON& Tower with Radar,4,32,11,5,52,0,0,0,3,3,4,32,11,8,55,4,34,38,93
02/02/2012,MOB,AL,ASO,CE,Combined TRACON& Tower with Radar,4,36,19,99,158,0,0,0,16,16,4,36,19,115,174,14,148,162,336
02/03/2012,MOB,AL,ASO,CE,Combined TRACON& Tower with Radar,4,38,10,104,156,0,0,6,12,18,4,38,16,116,174,28,72,100,274
02/04/2012,MOB,AL,ASO,CE,Combined TRACON& Tower with Radar,7,20,7,13,47,0,0,2,1,3,7,20,9,14,50,22,48,70,120
02/05/2012,MOB,AL,ASO,CE,Combined TRACON& Tower with Radar,4,29,21,10,64,0,0,2,0,2,4,29,23,10,66,94,50,144,210
02/06/2012,MOB,AL,ASO,CE,Combined TRACON& Tower with Radar,3,35,7,156,201,0,3,13,34,50,3,38,20,190,251,74,150,224,475
02/07/2012,MOB,AL,ASO,CE,Combined TRACON& Tower with Radar,4,30,15,106,155,0,1,22,37,60,4,31,37,143,215,0,102,102,317
02/08/2012,MOB,AL,ASO,CE,Combined TRACON& Tower with Radar,3,35,6,85,129,0,2,7,32,41,3,37,13,117,170,22,108,130,300
02/09/2012,MOB,AL,ASO,CE,Combined TRACON& Tower with Radar,3,39,16,83,141,0,3,8,22,33,3,42,24,105,174,0,62,62,236
02/10/2012,MOB,AL,ASO,CE,Combined TRACON& Tower with Radar,5,34,12,84,135,0,3,7,19,29,5,37,19,103,164,0,50,50,214
02/11/2012,MOB,AL,ASO,CE,Combined TRACON& Tower with Radar,5,20,14,21,60,0,0,5,12,17,5,20,19,33,77,22,18,40,117
02/12/2012,MOB,AL,ASO,CE,Combined TRACON& Tower with Radar,4,29,13,22,68,0,0,9,2,11,4,29,22,24,79,6,46,52,131
02/13/2012,MOB,AL,ASO,CE,Combined TRACON& Tower with Radar,4,31,11,22,68,0,0,3,19,22,4,31,14,41,90,0,36,36,126
02/14/2012,MOB,AL,ASO,CE,Combined TRACON& Tower with Radar,4,36,21,178,239,0,1,10,40,51,4,37,31,218,290,20,218,238,528
02/15/2012,MOB,AL,ASO,CE,Combined TRACON& Tower with Radar,4,41,16,107,168,0,0,1,6,7,4,41,17,113,175,14,76,90,265
02/16/2012,MOB,AL,ASO,CE,Combined TRACON& Tower with Radar,4,34,20,87,145,0,1,3,21,25,4,35,23,108,170,0,100,100,270
02/17/2012,MOB,AL,ASO,CE,Combined TRACON& Tower with Radar,4,36,18,84,142,0,1,11,22,34,4,37,29,106,176,6,28,34,210
02/18/2012,MOB,AL,ASO,CE,Combined TRACON& Tower with Radar,4,29,7,0,40,0,0,0,0,0,4,29,7,0,40,0,0,0,40
02/19/2012,MOB,AL,ASO,CE,Combined TRACON& Tower with Radar,4,31,14,39,88,0,2,7,4,13,4,33,21,43,101,18,36,54,155
02/20/2012,MOB,AL,ASO,CE,Combined TRACON& Tower with Radar,4,34,23,5,66,0,0,17,3,20,4,34,40,8,86,66,135,201,287
02/21/2012,MOB,AL,ASO,CE,Combined TRACON& Tower with Radar,7,36,13,64,120,0,0,11,7,18,7,36,24,71,138,10,72,82,220
02/22/2012,MOB,AL,ASO,CE,Combined TRACON& Tower with Radar,5,32,23,115,175,0,0,0,7,7,5,32,23,122,182,6,68,74,256
02/23/2012,MOB,AL,ASO,CE,Combined TRACON& Tower with Radar,4,35,22,51,112,0,1,4,6,11,4,36,26,57,123,0,26,26,149
02/24/2012,MOB,AL,ASO,CE,Combined TRACON& Tower with Radar,4,32,7,62,105,0,1,1,16,18,4,33,8,78,123,2,74,76,199
02/25/2012,MOB,AL,ASO,CE,Combined TRACON& Tower with Radar,2,29,17,13,61,0,0,19,7,26,2,29,36,20,87,40,34,74,161
02/26/2012,MOB,AL,ASO,CE,Combined TRACON& Tower with Radar,4,30,8,52,94,0,0,12,3,15,4,30,20,55,109,0,0,0,109
02/27/2012,MOB,AL,ASO,CE,Combined TRACON& Tower with Radar,24,33,10,18,85,0,0,0,0,0,24,33,10,18,85,75,82,157,242
02/28/2012,MOB,AL,ASO,CE,Combined TRACON& Tower with Radar,21,33,16,37,107,0,0,0,9,9,21,33,16,46,116,0,38,38,154
02/29/2012,MOB,AL,ASO,CE,Combined TRACON& Tower with Radar,3,37,12,81,133,0,0,4,9,13,3,37,16,90,146,4,104,108,254
03/01/2012,MOB,AL,ASO,CE,Combined TRACON& Tower with Radar,23,45,20,21,109,0,0,10,6,16,23,45,30,27,125,10,56,66,191
03/02/2012,MOB,AL,ASO,CE,Combined TRACON& Tower with Radar,6,30,16,20,72,0,0,2,2,4,6,30,18,22,76,4,46,50,126
03/03/2012,MOB,AL,ASO,CE,Combined TRACON& Tower with Radar,4,30,8,1,43,0,0,4,2,6,4,30,12,3,49,42,58,100,149
03/04/2012,MOB,AL,ASO,CE,Combined TRACON& Tower with Radar,6,29,9,34,78,0,2,12,6,20,6,31,21,40,98,20,138,158,256
03/05/2012,MOB,AL,ASO,CE,Combined TRACON& Tower with Radar,6,35,21,22,84,0,0,12,8,20,6,35,33,30,104,63,196,259,363
03/06/2012,MOB,AL,ASO,CE,Combined TRACON& Tower with Radar,6,41,20,99,166,0,2,10,8,20,6,43,30,107,186,34,98,132,318
03/07/2012,MOB,AL,ASO,CE,Combined TRACON& Tower with Radar,6,34,15,68,123,0,0,5,4,9,6,34,20,72,132,24,124,148,280
03/08/2012,MOB,AL,ASO,CE,Combined TRACON& Tower with Radar,6,35,17,68,126,0,2,2,11,15,6,37,19,79,141,2,0,2,143
03/09/2012,MOB,AL,ASO,CE,Combined TRACON& Tower with Radar,6,34,24,62,126,0,0,1,0,1,6,34,25,62,127,12,80,92,219
03/10/2012,MOB,AL,ASO,CE,Combined TRACON& Tower with Radar,6,26,9,4,45,0,1,11,5,17,6,27,20,9,62,24,112,136,198
03/11/2012,MOB,AL,ASO,CE,Combined TRACON& Tower with Radar,6,25,13,30,74,0,3,3,0,6,6,28,16,30,80,0,0,0,80
03/12/2012,MOB,AL,ASO,CE,Combined TRACON& Tower with Radar,6,31,6,44,87,0,0,1,0,1,6,31,7,44,88,18,132,150,238
03/13/2012,MOB,AL,ASO,CE,Combined TRACON& Tower with Radar,6,30,10,62,108,0,1,6,10,17,6,31,16,72,125,0,150,150,275
03/14/2012,MOB,AL,ASO,CE,Combined TRACON& Tower with Radar,6,37,22,95,160,0,1,15,22,38,6,38,37,117,198,10,139,149,347
03/15/2012,MOB,AL,ASO,CE,Combined TRACON& Tower with Radar,7,35,24,79,145,0,1,19,28,48,7,36,43,107,193,54,193,247,440
03/16/2012,MOB,AL,ASO,CE,Combined TRACON& Tower with Radar,8,34,10,67,119,0,0,10,23,33,8,34,20,90,152,48,182,230,382
03/17/2012,MOB,AL,ASO,CE,Combined TRACON& Tower with Radar,7,24,16,10,57,0,0,8,3,11,7,24,24,13,68,96,40,136,204
03/18/2012,MOB,AL,ASO,CE,Combined TRACON& Tower with Radar,8,32,21,30,91,0,0,7,6,13,8,32,28,36,104,16,46,62,166
03/19/2012,MOB,AL,ASO,CE,Combined TRACON& Tower with Radar,8,32,7,80,127,0,0,11,37,48,8,32,18,117,175,50,74,124,299
03/20/2012,MOB,AL,ASO,CE,Combined TRACON& Tower with Radar,6,32,14,114,166,0,0,6,25,31,6,32,20,139,197,2,98,100,297
03/21/2012,MOB,AL,ASO,CE,Combined TRACON& Tower with Radar,6,33,12,97,148,0,0,1,14,15,6,33,13,111,163,18,76,94,257
03/22/2012,MOB,AL,ASO,CE,Combined TRACON& Tower with Radar,7,30,11,0,48,0,0,1,0,1,7,30,12,0,49,0,90,90,139
03/23/2012,MOB,AL,ASO,CE,Combined TRACON& Tower with Radar,8,35,15,18,76,0,0,7,20,27,8,35,22,38,103,32,82,114,217
03/24/2012,MOB,AL,ASO,CE,Combined TRACON& Tower with Radar,7,24,12,21,64,0,1,16,4,21,7,25,28,25,85,74,20,94,179
03/25/2012,MOB,AL,ASO,CE,Combined TRACON& Tower with Radar,4,33,5,43,85,0,0,14,4,18,4,33,19,47,103,50,40,90,193
03/26/2012,MOB,AL,ASO,CE,Combined TRACON& Tower with Radar,3,36,11,65,115,0,1,18,40,59,3,37,29,105,174,42,94,136,310
03/27/2012,MOB,AL,ASO,CE,Combined TRACON& Tower with Radar,6,36,13,154,209,0,0,19,47,66,6,36,32,201,275,58,242,300,575
03/28/2012,MOB,AL,ASO,CE,Combined TRACON& Tower with Radar,4,37,21,93,155,0,1,14,37,52,4,38,35,130,207,0,117,117,324
03/29/2012,MOB,AL,ASO,CE,Combined TRACON& Tower with Radar,4,38,30,48,120,0,0,15,30,45,4,38,45,78,165,4,68,72,237
03/30/2012,MOB,AL,ASO,CE,Combined TRACON& Tower with Radar,8,35,15,60,118,0,0,2,15,17,8,35,17,75,135,0,38,38,173
03/31/2012,MOB,AL,ASO,CE,Combined TRACON& Tower with Radar,4,30,4,3,41,0,1,10,1,12,4,31,14,4,53,56,48,104,157
04/01/2012,MOB,AL,ASO,CE,Combined TRACON& Tower with Radar,4,34,14,7,59,0,1,14,3,18,4,35,28,10,77,72,22,94,171
04/02/2012,MOB,AL,ASO,CE,Combined TRACON& Tower with Radar,9,37,16,97,159,0,0,4,20,24,9,37,20,117,183,61,143,204,387
04/03/2012,MOB,AL,ASO,CE,Combined TRACON& Tower with Radar,12,35,21,117,185,0,1,12,28,41,12,36,33,145,226,14,248,262,488
04/04/2012,MOB,AL,ASO,CE,Combined TRACON& Tower with Radar,4,30,6,64,104,0,0,3,21,24,4,30,9,85,128,8,58,66,194
04/05/2012,MOB,AL,ASO,CE,Combined TRACON& Tower with Radar,4,36,19,41,100,0,0,13,35,48,4,36,32,76,148,44,216,260,408
04/06/2012,MOB,AL,ASO,CE,Combined TRACON& Tower with Radar,4,37,7,53,101,0,0,9,20,29,4,37,16,73,130,0,140,140,270
04/07/2012,MOB,AL,ASO,CE,Combined TRACON& Tower with Radar,4,26,9,7,46,0,0,10,5,15,4,26,19,12,61,52,34,86,147
04/08/2012,MOB,AL,ASO,CE,Combined TRACON& Tower with Radar,7,33,8,6,54,0,0,4,2,6,7,33,12,8,60,14,64,78,138
04/09/2012,MOB,AL,ASO,CE,Combined TRACON& Tower with Radar,9,40,23,93,165,0,2,14,31,47,9,42,37,124,212,28,54,82,294
04/10/2012,MOB,AL,ASO,CE,Combined TRACON& Tower with Radar,6,32,29,99,166,0,0,11,36,47,6,32,40,135,213,2,118,120,333
04/11/2012,MOB,AL,ASO,CE,Combined TRACON& Tower with Radar,8,33,26,99,166,0,1,14,39,54,8,34,40,138,220,40,64,104,324
04/12/2012,MOB,AL,ASO,CE,Combined TRACON& Tower with Radar,8,36,21,133,198,0,2,24,39,65,8,38,45,172,263,32,136,168,431
04/13/2012,MOB,AL,ASO,CE,Combined TRACON& Tower with Radar,8,36,21,78,143,0,2,16,29,47,8,38,37,107,190,27,280,307,497
04/14/2012,MOB,AL,ASO,CE,Combined TRACON& Tower with Radar,6,25,11,10,52,0,1,8,6,15,6,26,19,16,67,46,22,68,135
04/15/2012,MOB,AL,ASO,CE,Combined TRACON& Tower with Radar,8,26,17,52,103,0,0,6,1,7,8,26,23,53,110,0,0,0,110
04/16/2012,MOB,AL,ASO,CE,Combined TRACON& Tower with Radar,8,29,10,63,110,0,0,2,23,25,8,29,12,86,135,24,238,262,397
04/17/2012,MOB,AL,ASO,CE,Combined TRACON& Tower with Radar,8,36,14,22,80,0,1,4,21,26,8,37,18,43,106,0,80,80,186
04/18/2012,MOB,AL,ASO,CE,Combined TRACON& Tower with Radar,8,31,13,152,204,0,0,8,15,23,8,31,21,167,227,24,140,164,391
04/19/2012,MOB,AL,ASO,CE,Combined TRACON& Tower with Radar,8,34,17,80,139,0,0,26,35,61,8,34,43,115,200,16,44,60,260
04/20/2012,MOB,AL,ASO,CE,Combined TRACON& Tower with Radar,8,31,17,80,136,0,2,6,16,24,8,33,23,96,160,36,92,128,288
04/21/2012,MOB,AL,ASO,CE,Combined TRACON& Tower with Radar,6,24,8,0,38,0,0,0,4,4,6,24,8,4,42,36,8,44,86
04/22/2012,MOB,AL,ASO,CE,Combined TRACON& Tower with Radar,8,29,9,50,96,0,0,8,5,13,8,29,17,55,109,0,0,0,109
04/23/2012,MOB,AL,ASO,CE,Combined TRACON& Tower with Radar,6,38,10,63,117,0,3,6,34,43,6,41,16,97,160,8,94,102,262
04/24/2012,MOB,AL,ASO,CE,Combined TRACON& Tower with Radar,6,35,15,72,128,0,2,20,48,70,6,37,35,120,198,28,90,118,316
04/25/2012,MOB,AL,ASO,CE,Combined TRACON& Tower with Radar,6,33,20,145,204,0,1,13,41,55,6,34,33,186,259,0,168,168,427
04/26/2012,MOB,AL,ASO,CE,Combined TRACON& Tower with Radar,6,34,21,88,149,0,0,10,41,51,6,34,31,129,200,0,0,0,200
04/27/2012,MOB,AL,ASO,CE,Combined TRACON& Tower with Radar,6,33,20,63,122,0,0,5,22,27,6,33,25,85,149,35,119,154,303
04/28/2012,MOB,AL,ASO,CE,Combined TRACON& Tower with Radar,6,24,7,21,58,0,0,6,7,13,6,24,13,28,71,0,0,0,71
04/29/2012,MOB,AL,ASO,CE,Combined TRACON& Tower with Radar,6,32,21,14,73,0,1,13,3,17,6,33,34,17,90,22,14,36,126
04/30/2012,MOB,AL,ASO,CE,Combined TRACON& Tower with Radar,6,39,24,86,155,0,5,20,37,62,6,44,44,123,217,26,138,164,381
05/01/2012,MOB,AL,ASO,CE,Combined TRACON& Tower with Radar,6,44,11,78,139,0,0,12,18,30,6,44,23,96,169,26,132,158,327
05/02/2012,MOB,AL,ASO,CE,Combined TRACON& Tower with Radar,4,35,8,5,52,0,0,1,10,11,4,35,9,15,63,0,20,20,83
05/03/2012,MOB,AL,ASO,CE,Combined TRACON& Tower with Radar,6,38,18,38,100,0,1,13,32,46,6,39,31,70,146,0,56,56,202
05/04/2012,MOB,AL,ASO,CE,Combined TRACON& Tower with Radar,8,35,20,103,166,0,0,9,19,28,8,35,29,122,194,26,96,122,316
05/05/2012,MOB,AL,ASO,CE,Combined TRACON& Tower with Radar,4,30,7,11,52,0,0,6,4,10,4,30,13,15,62,0,0,0,62
05/06/2012,MOB,AL,ASO,CE,Combined TRACON& Tower with Radar,4,39,11,14,68,0,0,6,4,10,4,39,17,18,78,110,4,114,192
05/07/2012,MOB,AL,ASO,CE,Combined TRACON& Tower with Radar,5,37,14,74,130,0,0,7,35,42,5,37,21,109,172,32,130,162,334
05/08/2012,MOB,AL,ASO,CE,Combined TRACON& Tower with Radar,14,41,8,44,107,0,1,5,53,59,14,42,13,97,166,0,92,92,258
05/09/2012,MOB,AL,ASO,CE,Combined TRACON& Tower with Radar,8,36,19,75,138,0,1,2,32,35,8,37,21,107,173,36,98,134,307
05/10/2012,MOB,AL,ASO,CE,Combined TRACON& Tower with Radar,6,39,28,93,166,0,0,20,44,64,6,39,48,137,230,2,52,54,284
05/11/2012,MOB,AL,ASO,CE,Combined TRACON& Tower with Radar,6,36,15,54,111,0,0,12,35,47,6,36,27,89,158,22,56,78,236
05/12/2012,MOB,AL,ASO,CE,Combined TRACON& Tower with Radar,6,26,7,12,51,0,1,4,1,6,6,27,11,13,57,0,0,0,57
05/13/2012,MOB,AL,ASO,CE,Combined TRACON& Tower with Radar,4,35,8,33,80,0,0,3,1,4,4,35,11,34,84,16,62,78,162
05/14/2012,MOB,AL,ASO,CE,Combined TRACON& Tower with Radar,6,37,15,148,206,0,1,5,30,36,6,38,20,178,242,32,202,234,476
05/15/2012,MOB,AL,ASO,CE,Combined TRACON& Tower with Radar,6,33,9,112,160,0,0,7,40,47,6,33,16,152,207,24,112,136,343
05/16/2012,MOB,AL,ASO,CE,Combined TRACON& Tower with Radar,6,39,19,81,145,0,5,9,41,55,6,44,28,122,200,20,66,86,286
05/17/2012,MOB,AL,ASO,CE,Combined TRACON& Tower with Radar,6,40,24,123,193,0,1,19,32,52,6,41,43,155,245,16,258,274,519
05/18/2012,MOB,AL,ASO,CE,Combined TRACON& Tower with Radar,7,35,15,29,86,0,0,10,4,14,7,35,25,33,100,0,44,44,144
05/19/2012,MOB,AL,ASO,CE,Combined TRACON& Tower with Radar,9,26,10,18,63,0,2,2,6,10,9,28,12,24,73,86,28,114,187
05/20/2012,MOB,AL,ASO,CE,Combined TRACON& Tower with Radar,8,37,11,34,90,0,1,11,8,20,8,38,22,42,110,66,38,104,214
05/21/2012,MOB,AL,ASO,CE,Combined TRACON& Tower with Radar,6,35,4,103,148,0,0,6,29,35,6,35,10,132,183,40,244,284,467
05/22/2012,MOB,AL,ASO,CE,Combined TRACON& Tower with Radar,10,34,18,176,238,0,0,13,50,63,10,34,31,226,301,18,184,202,503
05/23/2012,MOB,AL,ASO,CE,Combined TRACON& Tower with Radar,6,36,29,136,207,0,1,21,30,52,6,37,50,166,259,8,158,166,425
05/24/2012,MOB,AL,ASO,CE,Combined TRACON& Tower with Radar,6,38,22,73,139,0,0,21,44,65,6,38,43,117,204,12,66,78,282
05/25/2012,MOB,AL,ASO,CE,Combined TRACON& Tower with Radar,6,35,23,34,98,0,0,16,15,31,6,35,39,49,129,24,136,160,289
05/26/2012,MOB,AL,ASO,CE,Combined TRACON& Tower with Radar,6,24,6,8,44,0,0,6,6,12,6,24,12,14,56,72,22,94,150
05/27/2012,MOB,AL,ASO,CE,Combined TRACON& Tower with Radar,7,23,13,22,65,0,3,11,10,24,7,26,24,32,89,14,88,102,191
05/28/2012,MOB,AL,ASO,CE,Combined TRACON& Tower with Radar,7,32,10,14,63,0,2,11,2,15,7,34,21,16,78,0,0,0,78
05/29/2012,MOB,AL,ASO,CE,Combined TRACON& Tower with Radar,8,31,27,104,170,0,0,22,43,65,8,31,49,147,235,60,120,180,415
05/30/2012,MOB,AL,ASO,CE,Combined TRACON& Tower with Radar,12,35,12,55,114,0,0,18,41,59,12,35,30,96,173,33,88,121,294
05/31/2012,MOB,AL,ASO,CE,Combined TRACON& Tower with Radar,6,35,20,122,183,0,2,11,34,47,6,37,31,156,230,4,144,148,378
06/01/2012,MOB,AL,ASO,CE,Combined TRACON& Tower with Radar,7,34,8,165,214,0,1,12,24,37,7,35,20,189,251,0,240,240,491
06/02/2012,MOB,AL,ASO,CE,Combined TRACON& Tower with Radar,16,24,14,13,67,0,0,10,6,16,16,24,24,19,83,34,20,54,137
06/03/2012,MOB,AL,ASO,CE,Combined TRACON& Tower with Radar,8,31,14,18,71,0,1,8,6,15,8,32,22,24,86,0,0,0,86
06/04/2012,MOB,AL,ASO,CE,Combined TRACON& Tower with Radar,8,36,18,122,184,0,0,5,27,32,8,36,23,149,216,2,90,92,308
06/05/2012,MOB,AL,ASO,CE,Combined TRACON& Tower with Radar,9,31,11,70,121,0,2,5,32,39,9,33,16,102,160,0,60,60,220
06/06/2012,MOB,AL,ASO,CE,Combined TRACON& Tower with Radar,8,30,26,93,157,0,0,5,29,34,8,30,31,122,191,0,60,60,251
06/07/2012,MOB,AL,ASO,CE,Combined TRACON& Tower with Radar,5,42,8,59,114,0,0,4,19,23,5,42,12,78,137,0,78,78,215
06/08/2012,MOB,AL,ASO,CE,Combined TRACON& Tower with Radar,4,40,20,42,106,0,0,7,6,13,4,40,27,48,119,30,64,94,213
06/09/2012,MOB,AL,ASO,CE,Combined TRACON& Tower with Radar,3,32,9,0,44,0,0,0,0,0,3,32,9,0,44,84,16,100,144
06/10/2012,MOB,AL,ASO,CE,Combined TRACON& Tower with Radar,2,38,7,1,48,0,0,1,1,2,2,38,8,2,50,0,4,4,54
06/11/2012,MOB,AL,ASO,CE,Combined TRACON& Tower with Radar,3,46,6,65,120,0,1,3,26,30,3,47,9,91,150,2,48,50,200
06/12/2012,MOB,AL,ASO,CE,Combined TRACON& Tower with Radar,9,40,10,151,210,0,0,11,50,61,9,40,21,201,271,96,78,174,445
06/13/2012,MOB,AL,ASO,CE,Combined TRACON& Tower with Radar,5,40,17,114,176,0,1,1,20,22,5,41,18,134,198,46,172,218,416
06/14/2012,MOB,AL,ASO,CE,Combined TRACON& Tower with Radar,8,41,15,97,161,0,2,3,49,54,8,43,18,146,215,32,80,112,327
06/15/2012,MOB,AL,ASO,CE,Combined TRACON& Tower with Radar,4,40,6,57,107,0,2,10,29,41,4,42,16,86,148,24,80,104,252
06/16/2012,MOB,AL,ASO,CE,Combined TRACON& Tower with Radar,2,30,7,24,63,0,0,6,3,9,2,30,13,27,72,30,66,96,168
06/17/2012,MOB,AL,ASO,CE,Combined TRACON& Tower with Radar,2,40,20,44,106,0,1,11,4,16,2,41,31,48,122,94,32,126,248
06/18/2012,MOB,AL,ASO,CE,Combined TRACON& Tower with Radar,4,44,18,142,208,0,1,4,34,39,4,45,22,176,247,20,194,214,461
06/19/2012,MOB,AL,ASO,CE,Combined TRACON& Tower with Radar,5,39,25,136,205,0,1,19,40,60,5,40,44,176,265,50,104,154,419
06/20/2012,MOB,AL,ASO,CE,Combined TRACON& Tower with Radar,9,35,20,94,158,0,0,16,41,57,9,35,36,135,215,16,96,112,327
06/21/2012,MOB,AL,ASO,CE,Combined TRACON& Tower with Radar,3,41,24,135,203,0,0,25,39,64,3,41,49,174,267,46,120,166,433
06/22/2012,MOB,AL,ASO,CE,Combined TRACON& Tower with Radar,4,42,17,113,176,0,1,17,27,45,4,43,34,140,221,34,76,110,331
06/23/2012,MOB,AL,ASO,CE,Combined TRACON& Tower with Radar,2,28,7,24,61,0,1,5,8,14,2,29,12,32,75,52,14,66,141
06/24/2012,MOB,AL,ASO,CE,Combined TRACON& Tower with Radar,4,37,9,4,54,0,0,1,2,3,4,37,10,6,57,116,2,118,175
06/25/2012,MOB,AL,ASO,CE,Combined TRACON& Tower with Radar,4,40,6,35,85,0,0,1,28,29,4,40,7,63,114,0,0,0,114
06/26/2012,MOB,AL,ASO,CE,Combined TRACON& Tower with Radar,5,37,24,169,235,0,1,15,48,64,5,38,39,217,299,24,164,188,487
06/27/2012,MOB,AL,ASO,CE,Combined TRACON& Tower with Radar,5,39,9,123,176,0,2,15,58,75,5,41,24,181,251,10,90,100,351
06/28/2012,MOB,AL,ASO,CE,Combined TRACON& Tower with Radar,3,40,8,107,158,0,0,3,36,39,3,40,11,143,197,20,148,168,365
06/29/2012,MOB,AL,ASO,CE,Combined TRACON& Tower with Radar,4,38,10,93,145,0,3,4,36,43,4,41,14,129,188,8,66,74,262
06/30/2012,MOB,AL,ASO,CE,Combined TRACON& Tower with Radar,2,28,7,3,40,0,0,17,9,26,2,28,24,12,66,24,44,68,134
07/01/2012,MOB,AL,ASO,CE,Combined TRACON& Tower with Radar,4,37,18,19,78,0,0,9,5,14,4,37,27,24,92,104,0,104,196
07/02/2012,MOB,AL,ASO,CE,Combined TRACON& Tower with Radar,4,35,15,64,118,0,1,7,20,28,4,36,22,84,146,0,0,0,146
07/03/2012,MOB,AL,ASO,CE,Combined TRACON& Tower with Radar,4,30,6,131,171,0,0,8,45,53,4,30,14,176,224,30,110,140,364
07/04/2012,MOB,AL,ASO,CE,Combined TRACON& Tower with Radar,3,23,3,1,30,0,0,3,2,5,3,23,6,3,35,0,0,0,35
07/05/2012,MOB,AL,ASO,CE,Combined TRACON& Tower with Radar,4,35,13,49,101,0,4,6,38,48,4,39,19,87,149,46,50,96,245
07/06/2012,MOB,AL,ASO,CE,Combined TRACON& Tower with Radar,8,36,14,7,65,0,1,5,17,23,8,37,19,24,88,37,40,77,165
07/07/2012,MOB,AL,ASO,CE,Combined TRACON& Tower with Radar,2,32,9,3,46,0,0,2,2,4,2,32,11,5,50,22,28,50,100
07/08/2012,MOB,AL,ASO,CE,Combined TRACON& Tower with Radar,2,38,4,2,46,0,0,6,0,6,2,38,10,2,52,0,0,0,52
07/09/2012,MOB,AL,ASO,CE,Combined TRACON& Tower with Radar,2,34,8,46,90,0,0,9,20,29,2,34,17,66,119,36,58,94,213
07/10/2012,MOB,AL,ASO,CE,Combined TRACON& Tower with Radar,4,38,12,35,89,0,0,3,16,19,4,38,15,51,108,62,72,134,242
07/11/2012,MOB,AL,ASO,CE,Combined TRACON& Tower with Radar,2,46,14,128,190,0,0,5,33,38,2,46,19,161,228,0,100,100,328
07/12/2012,MOB,AL,ASO,CE,Combined TRACON& Tower with Radar,2,42,19,54,117,0,0,4,37,41,2,42,23,91,158,44,156,200,358
07/13/2012,MOB,AL,ASO,CE,Combined TRACON& Tower with Radar,4,33,15,106,158,0,4,15,42,61,4,37,30,148,219,38,94,132,351
07/14/2012,MOB,AL,ASO,CE,Combined TRACON& Tower with Radar,4,34,5,10,53,0,1,2,0,3,4,35,7,10,56,42,46,88,144
07/15/2012,MOB,AL,ASO,CE,Combined TRACON& Tower with Radar,4,33,7,31,75,0,1,8,5,14,4,34,15,36,89,0,0,0,89
07/16/2012,MOB,AL,ASO,CE,Combined TRACON& Tower with Radar,4,40,10,130,184,0,0,8,37,45,4,40,18,167,229,16,158,174,403
07/17/2012,MOB,AL,ASO,CE,Combined TRACON& Tower with Radar,4,42,11,71,128,0,2,9,18,29,4,44,20,89,157,68,173,241,398
07/18/2012,MOB,AL,ASO,CE,Combined TRACON& Tower with Radar,2,40,13,60,115,0,4,4,20,28,2,44,17,80,143,36,86,122,265
07/19/2012,MOB,AL,ASO,CE,Combined TRACON& Tower with Radar,2,43,5,60,110,0,0,0,13,13,2,43,5,73,123,8,30,38,161
07/20/2012,MOB,AL,ASO,CE,Combined TRACON& Tower with Radar,6,37,13,60,116,0,0,5,17,22,6,37,18,77,138,42,52,94,232
07/21/2012,MOB,AL,ASO,CE,Combined TRACON& Tower with Radar,2,31,6,8,47,0,0,1,7,8,2,31,7,15,55,40,32,72,127
07/22/2012,MOB,AL,ASO,CE,Combined TRACON& Tower with Radar,3,32,4,12,51,0,0,7,5,12,3,32,11,17,63,0,0,0,63
07/23/2012,MOB,AL,ASO,CE,Combined TRACON& Tower with Radar,4,41,4,101,150,0,1,10,47,58,4,42,14,148,208,4,90,94,302
07/24/2012,MOB,AL,ASO,CE,Combined TRACON& Tower with Radar,2,47,16,116,181,0,6,10,58,74,2,53,26,174,255,62,168,230,485
07/25/2012,MOB,AL,ASO,CE,Combined TRACON& Tower with Radar,2,46,16,92,156,0,0,10,50,60,2,46,26,142,216,40,114,154,370
07/26/2012,MOB,AL,ASO,CE,Combined TRACON& Tower with Radar,4,39,20,80,143,0,0,12,40,52,4,39,32,120,195,0,36,36,231
07/27/2012,MOB,AL,ASO,CE,Combined TRACON& Tower with Radar,4,37,21,70,132,0,0,6,31,37,4,37,27,101,169,70,124,194,363
07/28/2012,MOB,AL,ASO,CE,Combined TRACON& Tower with Radar,2,29,13,9,53,0,0,12,7,19,2,29,25,16,72,92,106,198,270
07/29/2012,MOB,AL,ASO,CE,Combined TRACON& Tower with Radar,4,31,12,23,70,0,0,21,3,24,4,31,33,26,94,0,0,0,94
07/30/2012,MOB,AL,ASO,CE,Combined TRACON& Tower with Radar,4,42,25,85,156,0,1,9,35,45,4,43,34,120,201,0,58,58,259
07/31/2012,MOB,AL,ASO,CE,Combined TRACON& Tower with Radar,4,39,10,36,89,0,0,8,28,36,4,39,18,64,125,0,0,0,125
08/01/2012,MOB,AL,ASO,CE,Combined TRACON& Tower with Radar,10,41,29,136,216,0,7,17,37,61,10,48,46,173,277,12,128,140,417
08/02/2012,MOB,AL,ASO,CE,Combined TRACON& Tower with Radar,4,43,15,115,177,0,0,20,26,46,4,43,35,141,223,0,0,0,223
08/03/2012,MOB,AL,ASO,CE,Combined TRACON& Tower with Radar,4,38,13,48,103,0,0,7,6,13,4,38,20,54,116,2,42,44,160
08/04/2012,MOB,AL,ASO,CE,Combined TRACON& Tower with Radar,2,30,9,2,43,0,0,5,6,11,2,30,14,8,54,44,30,74,128
08/05/2012,MOB,AL,ASO,CE,Combined TRACON& Tower with Radar,4,31,5,33,73,0,0,3,5,8,4,31,8,38,81,0,0,0,81
08/06/2012,MOB,AL,ASO,CE,Combined TRACON& Tower with Radar,4,39,10,76,129,0,3,5,18,26,4,42,15,94,155,0,30,30,185
08/07/2012,MOB,AL,ASO,CE,Combined TRACON& Tower with Radar,4,36,14,213,267,0,2,11,34,47,4,38,25,247,314,64,124,188,502
08/08/2012,MOB,AL,ASO,CE,Combined TRACON& Tower with Radar,4,37,21,139,201,0,0,20,29,49,4,37,41,168,250,10,108,118,368
08/09/2012,MOB,AL,ASO,CE,Combined TRACON& Tower with Radar,4,45,10,59,118,0,0,5,10,15,4,45,15,69,133,0,0,0,133
08/10/2012,MOB,AL,ASO,CE,Combined TRACON& Tower with Radar,4,40,7,44,95,0,1,7,24,32,4,41,14,68,127,12,56,68,195
08/11/2012,MOB,AL,ASO,CE,Combined TRACON& Tower with Radar,2,32,13,15,62,0,2,4,3,9,2,34,17,18,71,8,82,90,161
08/12/2012,MOB,AL,ASO,CE,Combined TRACON& Tower with Radar,4,34,26,10,74,0,2,12,6,20,4,36,38,16,94,0,0,0,94
08/13/2012,MOB,AL,ASO,CE,Combined TRACON& Tower with Radar,4,39,16,93,152,0,0,9,40,49,4,39,25,133,201,34,88,122,323
08/14/2012,MOB,AL,ASO,CE,Combined TRACON& Tower with Radar,6,35,23,76,140,0,0,6,32,38,6,35,29,108,178,10,158,168,346
08/15/2012,MOB,AL,ASO,CE,Combined TRACON& Tower with Radar,6,32,16,71,125,0,0,4,36,40,6,32,20,107,165,0,56,56,221
08/16/2012,MOB,AL,ASO,CE,Combined TRACON& Tower with Radar,6,34,14,80,134,0,0,4,26,30,6,34,18,106,164,0,0,0,164
08/17/2012,MOB,AL,ASO,CE,Combined TRACON& Tower with Radar,4,38,9,72,123,0,0,7,13,20,4,38,16,85,143,4,86,90,233
08/18/2012,MOB,AL,ASO,CE,Combined TRACON& Tower with Radar,6,22,5,21,54,0,0,5,3,8,6,22,10,24,62,94,40,134,196
08/19/2012,MOB,AL,ASO,CE,Combined TRACON& Tower with Radar,2,34,16,36,88,0,0,5,0,5,2,34,21,36,93,0,0,0,93
08/20/2012,MOB,AL,ASO,CE,Combined TRACON& Tower with Radar,6,35,6,163,210,0,0,1,29,30,6,35,7,192,240,34,164,198,438
08/21/2012,MOB,AL,ASO,CE,Combined TRACON& Tower with Radar,6,31,15,148,200,0,0,10,32,42,6,31,25,180,242,0,0,0,242
08/22/2012,MOB,AL,ASO,CE,Combined TRACON& Tower with Radar,6,30,26,144,206,0,2,21,40,63,6,32,47,184,269,18,174,192,461
08/23/2012,MOB,AL,ASO,CE,Combined TRACON& Tower with Radar,2,37,19,53,111,0,2,20,31,53,2,39,39,84,164,0,0,0,164
08/24/2012,MOB,AL,ASO,CE,Combined TRACON& Tower with Radar,6,35,9,64,114,0,2,18,19,39,6,37,27,83,153,14,66,80,233
08/25/2012,MOB,AL,ASO,CE,Combined TRACON& Tower with Radar,6,30,9,22,67,0,1,11,1,13,6,31,20,23,80,34,42,76,156
08/26/2012,MOB,AL,ASO,CE,Combined TRACON& Tower with Radar,4,29,15,6,54,0,0,14,8,22,4,29,29,14,76,0,0,0,76
08/27/2012,MOB,AL,ASO,CE,Combined TRACON& Tower with Radar,4,43,12,5,64,0,3,2,9,14,4,46,14,14,78,0,0,0,78
08/28/2012,MOB,AL,ASO,CE,Combined TRACON& Tower with Radar,1,2,0,3,6,0,0,0,3,3,1,2,0,6,9,0,0,0,9
08/29/2012,MOB,AL,ASO,CE,Combined TRACON& Tower with Radar,3,0,1,2,6,0,0,0,4,4,3,0,1,6,10,0,0,0,10
08/30/2012,MOB,AL,ASO,CE,Combined TRACON& Tower with Radar,2,21,8,6,37,0,0,0,11,11,2,21,8,17,48,0,0,0,48
08/31/2012,MOB,AL,ASO,CE,Combined TRACON& Tower with Radar,6,32,13,10,61,0,1,5,13,19,6,33,18,23,80,0,0,0,80
09/01/2012,MOB,AL,ASO,CE,Combined TRACON& Tower with Radar,8,22,6,3,39,0,0,9,10,19,8,22,15,13,58,12,86,98,156
09/02/2012,MOB,AL,ASO,CE,Combined TRACON& Tower with Radar,2,20,12,5,39,0,0,5,5,10,2,20,17,10,49,0,0,0,49
09/03/2012,MOB,AL,ASO,CE,Combined TRACON& Tower with Radar,10,30,8,8,56,0,0,0,4,4,10,30,8,12,60,76,48,124,184
09/04/2012,MOB,AL,ASO,CE,Combined TRACON& Tower with Radar,6,33,15,67,121,0,0,2,27,29,6,33,17,94,150,22,72,94,244
09/05/2012,MOB,AL,ASO,CE,Combined TRACON& Tower with Radar,6,30,22,180,238,0,0,10,30,40,6,30,32,210,278,20,122,142,420
09/06/2012,MOB,AL,ASO,CE,Combined TRACON& Tower with Radar,6,32,38,162,238,0,0,15,33,48,6,32,53,195,286,0,0,0,286
09/07/2012,MOB,AL,ASO,CE,Combined TRACON& Tower with Radar,2,37,13,88,140,0,0,11,22,33,2,37,24,110,173,54,96,150,323
09/08/2012,MOB,AL,ASO,CE,Combined TRACON& Tower with Radar,6,21,12,87,126,0,0,6,8,14,6,21,18,95,140,40,132,172,312
09/09/2012,MOB,AL,ASO,CE,Combined TRACON& Tower with Radar,4,30,12,11,57,0,1,17,5,23,4,31,29,16,80,0,0,0,80
09/10/2012,MOB,AL,ASO,CE,Combined TRACON& Tower with Radar,6,33,12,124,175,0,0,19,27,46,6,33,31,151,221,19,77,96,317
09/11/2012,MOB,AL,ASO,CE,Combined TRACON& Tower with Radar,6,37,16,109,168,0,8,16,41,65,6,45,32,150,233,26,76,102,335
09/12/2012,MOB,AL,ASO,CE,Combined TRACON& Tower with Radar,6,41,17,93,157,0,1,13,32,46,6,42,30,125,203,20,188,208,411
09/13/2012,MOB,AL,ASO,CE,Combined TRACON& Tower with Radar,8,46,19,121,194,0,8,7,56,71,8,54,26,177,265,0,0,0,265
09/14/2012,MOB,AL,ASO,CE,Combined TRACON& Tower with Radar,4,35,19,73,131,0,0,11,30,41,4,35,30,103,172,10,86,96,268
09/15/2012,MOB,AL,ASO,CE,Combined TRACON& Tower with Radar,6,21,5,4,36,0,0,12,15,27,6,21,17,19,63,38,48,86,149
09/16/2012,MOB,AL,ASO,CE,Combined TRACON& Tower with Radar,6,27,10,23,66,0,0,1,5,6,6,27,11,28,72,118,50,168,240
09/17/2012,MOB,AL,ASO,CE,Combined TRACON& Tower with Radar,6,43,2,34,85,0,0,0,5,5,6,43,2,39,90,0,62,62,152
09/18/2012,MOB,AL,ASO,CE,Combined TRACON& Tower with Radar,6,34,12,179,231,0,0,0,41,41,6,34,12,220,272,4,62,66,338
09/19/2012,MOB,AL,ASO,CE,Combined TRACON& Tower with Radar,9,49,28,116,202,0,5,17,33,55,9,54,45,149,257,38,108,146,403
09/20/2012,MOB,AL,ASO,CE,Combined TRACON& Tower with Radar,6,40,14,72,132,0,4,14,46,64,6,44,28,118,196,0,0,0,196
09/21/2012,MOB,AL,ASO,CE,Combined TRACON& Tower with Radar,4,33,22,93,152,0,1,9,31,41,4,34,31,124,193,4,106,110,303
09/22/2012,MOB,AL,ASO,CE,Combined TRACON& Tower with Radar,6,21,9,17,53,0,0,3,7,10,6,21,12,24,63,8,108,116,179
09/23/2012,MOB,AL,ASO,CE,Combined TRACON& Tower with Radar,4,30,20,29,83,0,0,5,13,18,4,30,25,42,101,0,0,0,101
09/24/2012,MOB,AL,ASO,CE,Combined TRACON& Tower with Radar,4,37,9,119,169,0,2,12,48,62,4,39,21,167,231,54,182,236,467
09/25/2012,MOB,AL,ASO,CE,Combined TRACON& Tower with Radar,6,37,15,126,184,0,5,12,41,58,6,42,27,167,242,52,130,182,424
09/26/2012,MOB,AL,ASO,CE,Combined TRACON& Tower with Radar,6,47,15,118,186,0,6,7,38,51,6,53,22,156,237,18,20,38,275
09/27/2012,MOB,AL,ASO,CE,Combined TRACON& Tower with Radar,6,35,11,73,125,0,3,9,22,34,6,38,20,95,159,0,0,0,159
09/28/2012,MOB,AL,ASO,CE,Combined TRACON& Tower with Radar,6,45,18,125,194,0,9,8,23,40,6,54,26,148,234,22,74,96,330
09/29/2012,MOB,AL,ASO,CE,Combined TRACON& Tower with Radar,6,21,20,19,66,0,1,0,1,2,6,22,20,20,68,50,32,82,150
09/30/2012,MOB,AL,ASO,CE,Combined TRACON& Tower with Radar,6,29,9,6,50,0,0,2,1,3,6,29,11,7,53,0,0,0,53
10/01/2012,MOB,AL,ASO,CE,Combined TRACON& Tower with Radar,6,33,12,135,186,0,0,6,17,23,6,33,18,152,209,28,132,160,369
10/02/2012,MOB,AL,ASO,CE,Combined TRACON& Tower with Radar,6,40,15,172,233,0,4,10,28,42,6,44,25,200,275,50,144,194,469
10/03/2012,MOB,AL,ASO,CE,Combined TRACON& Tower with Radar,6,37,12,61,116,0,0,17,36,53,6,37,29,97,169,28,108,136,305
10/04/2012,MOB,AL,ASO,CE,Combined TRACON& Tower with Radar,8,36,19,58,121,0,0,7,34,41,8,36,26,92,162,28,108,136,298
10/05/2012,MOB,AL,ASO,CE,Combined TRACON& Tower with Radar,8,30,13,55,106,0,0,16,27,43,8,30,29,82,149,0,70,70,219
10/06/2012,MOB,AL,ASO,CE,Combined TRACON& Tower with Radar,6,20,12,13,51,0,1,9,7,17,6,21,21,20,68,0,96,96,164
10/07/2012,MOB,AL,ASO,CE,Combined TRACON& Tower with Radar,6,30,8,13,57,0,0,12,1,13,6,30,20,14,70,72,72,144,214
10/08/2012,MOB,AL,ASO,CE,Combined TRACON& Tower with Radar,6,33,14,0,53,0,2,11,3,16,6,35,25,3,69,60,0,60,129
10/09/2012,MOB,AL,ASO,CE,Combined TRACON& Tower with Radar,6,31,19,116,172,0,1,23,44,68,6,32,42,160,240,54,94,148,388
10/10/2012,MOB,AL,ASO,CE,Combined TRACON& Tower with Radar,5,34,21,90,150,0,1,14,51,66,5,35,35,141,216,42,72,114,330
10/11/2012,MOB,AL,ASO,CE,Combined TRACON& Tower with Radar,6,36,28,102,172,0,0,18,47,65,6,36,46,149,237,0,0,0,237
10/12/2012,MOB,AL,ASO,CE,Combined TRACON& Tower with Radar,4,35,11,70,120,0,0,6,28,34,4,35,17,98,154,0,98,98,252
10/13/2012,MOB,AL,ASO,CE,Combined TRACON& Tower with Radar,6,21,8,24,59,0,1,4,6,11,6,22,12,30,70,96,60,156,226
10/14/2012,MOB,AL,ASO,CE,Combined TRACON& Tower with Radar,6,25,8,12,51,0,0,5,7,12,6,25,13,19,63,0,0,0,63
10/15/2012,MOB,AL,ASO,CE,Combined TRACON& Tower with Radar,6,34,11,109,160,0,0,15,36,51,6,34,26,145,211,12,128,140,351
10/16/2012,MOB,AL,ASO,CE,Combined TRACON& Tower with Radar,4,33,8,93,138,0,0,12,38,50,4,33,20,131,188,0,0,0,188
10/17/2012,MOB,AL,ASO,CE,Combined TRACON& Tower with Radar,4,41,22,122,189,0,5,13,59,77,4,46,35,181,266,36,124,160,426
10/18/2012,MOB,AL,ASO,CE,Combined TRACON& Tower with Radar,6,36,18,44,104,0,0,1,32,33,6,36,19,76,137,6,140,146,283
10/19/2012,MOB,AL,ASO,CE,Combined TRACON& Tower with Radar,2,36,11,71,120,0,0,6,35,41,2,36,17,106,161,0,92,92,253
10/20/2012,MOB,AL,ASO,CE,Combined TRACON& Tower with Radar,6,21,6,19,52,0,2,9,4,15,6,23,15,23,67,44,105,149,216
10/21/2012,MOB,AL,ASO,CE,Combined TRACON& Tower with Radar,6,26,11,27,70,0,0,3,16,19,6,26,14,43,89,104,32,136,225
10/22/2012,MOB,AL,ASO,CE,Combined TRACON& Tower with Radar,8,38,23,150,219,0,6,14,44,64,8,44,37,194,283,72,142,214,497
10/23/2012,MOB,AL,ASO,CE,Combined TRACON& Tower with Radar,10,29,24,116,179,0,3,15,34,52,10,32,39,150,231,36,136,172,403
10/24/2012,MOB,AL,ASO,CE,Combined TRACON& Tower with Radar,6,31,28,86,151,0,0,18,47,65,6,31,46,133,216,8,58,66,282
10/25/2012,MOB,AL,ASO,CE,Combined TRACON& Tower with Radar,6,36,15,113,170,0,2,15,53,70,6,38,30,166,240,0,0,0,240
10/26/2012,MOB,AL,ASO,CE,Combined TRACON& Tower with Radar,6,34,22,105,167,0,4,13,39,56,6,38,35,144,223,12,180,192,415
10/27/2012,MOB,AL,ASO,CE,Combined TRACON& Tower with Radar,6,21,7,14,48,0,0,2,0,2,6,21,9,14,50,62,58,120,170
10/28/2012,MOB,AL,ASO,CE,Combined TRACON& Tower with Radar,6,30,14,12,62,0,3,4,5,12,6,33,18,17,74,0,0,0,74
10/29/2012,MOB,AL,ASO,CE,Combined TRACON& Tower with Radar,6,33,10,95,144,0,1,8,18,27,6,34,18,113,171,58,156,214,385
10/30/2012,MOB,AL,ASO,CE,Combined TRACON& Tower with Radar,6,32,19,119,176,0,0,23,38,61,6,32,42,157,237,36,274,310,547
10/31/2012,MOB,AL,ASO,CE,Combined TRACON& Tower with Radar,4,27,14,97,142,0,0,14,32,46,4,27,28,129,188,0,72,72,260
11/01/2012,MOB,AL,ASO,CE,Combined TRACON& Tower with Radar,6,37,42,117,202,0,3,27,45,75,6,40,69,162,277,20,156,176,453
11/02/2012,MOB,AL,ASO,CE,Combined TRACON& Tower with Radar,6,46,19,31,102,0,0,9,9,18,6,46,28,40,120,0,138,138,258
11/03/2012,MOB,AL,ASO,CE,Combined TRACON& Tower with Radar,6,21,11,20,58,0,1,5,7,13,6,22,16,27,71,40,66,106,177
11/04/2012,MOB,AL,ASO,CE,Combined TRACON& Tower with Radar,4,31,10,14,59,0,0,5,1,6,4,31,15,15,65,0,0,0,65
11/05/2012,MOB,AL,ASO,CE,Combined TRACON& Tower with Radar,6,39,12,62,119,0,2,13,28,43,6,41,25,90,162,60,144,204,366
11/06/2012,MOB,AL,ASO,CE,Combined TRACON& Tower with Radar,4,35,12,78,129,0,3,3,45,51,4,38,15,123,180,0,68,68,248
11/07/2012,MOB,AL,ASO,CE,Combined TRACON& Tower with Radar,4,34,21,99,158,0,0,16,37,53,4,34,37,136,211,28,84,112,323
11/08/2012,MOB,AL,ASO,CE,Combined TRACON& Tower with Radar,6,35,26,190,257,0,1,7,9,17,6,36,33,199,274,0,0,0,274
11/09/2012,MOB,AL,ASO,CE,Combined TRACON& Tower with Radar,2,39,29,75,145,0,3,22,49,74,2,42,51,124,219,0,70,70,289
11/10/2012,MOB,AL,ASO,CE,Combined TRACON& Tower with Radar,4,22,21,8,55,0,0,8,2,10,4,22,29,10,65,46,62,108,173
11/11/2012,MOB,AL,ASO,CE,Combined TRACON& Tower with Radar,6,29,18,9,62,0,1,11,6,18,6,30,29,15,80,98,0,98,178
11/12/2012,MOB,AL,ASO,CE,Combined TRACON& Tower with Radar,8,32,9,8,57,0,0,2,0,2,8,32,11,8,59,0,0,0,59
11/13/2012,MOB,AL,ASO,CE,Combined TRACON& Tower with Radar,4,34,9,115,162,0,0,6,41,47,4,34,15,156,209,38,146,184,393
11/14/2012,MOB,AL,ASO,CE,Combined TRACON& Tower with Radar,2,36,22,125,185,0,0,16,37,53,2,36,38,162,238,26,162,188,426
11/15/2012,MOB,AL,ASO,CE,Combined TRACON& Tower with Radar,6,38,15,59,118,0,0,18,156,174,6,38,33,215,292,0,0,0,292
11/16/2012,MOB,AL,ASO,CE,Combined TRACON& Tower with Radar,8,35,22,63,128,0,0,12,27,39,8,35,34,90,167,12,102,114,281
11/17/2012,MOB,AL,ASO,CE,Combined TRACON& Tower with Radar,8,21,12,9,50,0,2,4,6,12,8,23,16,15,62,30,172,202,264
11/18/2012,MOB,AL,ASO,CE,Combined TRACON& Tower with Radar,6,24,12,13,55,0,2,15,7,24,6,26,27,20,79,0,0,0,79
11/19/2012,MOB,AL,ASO,CE,Combined TRACON& Tower with Radar,6,30,19,121,176,0,1,11,44,56,6,31,30,165,232,0,52,52,284
11/20/2012,MOB,AL,ASO,CE,Combined TRACON& Tower with Radar,10,30,17,111,168,0,4,18,52,74,10,34,35,163,242,36,124,160,402
11/21/2012,MOB,AL,ASO,CE,Combined TRACON& Tower with Radar,4,40,14,23,81,0,2,8,4,14,4,42,22,27,95,0,10,10,105
11/22/2012,MOB,AL,ASO,CE,Combined TRACON& Tower with Radar,4,20,7,0,31,0,0,4,0,4,4,20,11,0,35,0,0,0,35
11/23/2012,MOB,AL,ASO,CE,Combined TRACON& Tower with Radar,4,20,5,2,31,0,0,7,3,10,4,20,12,5,41,38,18,56,97
11/24/2012,MOB,AL,ASO,CE,Combined TRACON& Tower with Radar,6,24,19,0,49,0,0,2,2,4,6,24,21,2,53,104,28,132,185
11/25/2012,MOB,AL,ASO,CE,Combined TRACON& Tower with Radar,8,28,17,0,53,0,0,7,2,9,8,28,24,2,62,0,0,0,62
11/26/2012,MOB,AL,ASO,CE,Combined TRACON& Tower with Radar,6,45,9,157,217,0,0,4,36,40,6,45,13,193,257,50,238,288,545
11/27/2012,MOB,AL,ASO,CE,Combined TRACON& Tower with Radar,8,30,17,63,118,0,0,0,1,1,8,30,17,64,119,0,82,82,201
11/28/2012,MOB,AL,ASO,CE,Combined TRACON& Tower with Radar,8,33,12,165,218,0,2,11,48,61,8,35,23,213,279,40,120,160,439
11/29/2012,MOB,AL,ASO,CE,Combined TRACON& Tower with Radar,10,36,19,136,201,0,1,11,44,56,10,37,30,180,257,0,44,44,301
11/30/2012,MOB,AL,ASO,CE,Combined TRACON& Tower with Radar,8,32,14,90,144,0,0,8,52,60,8,32,22,142,204,0,116,116,320
12/01/2012,MOB,AL,ASO,CE,Combined TRACON& Tower with Radar,7,23,15,25,70,0,0,3,9,12,7,23,18,34,82,30,198,228,310
12/02/2012,MOB,AL,ASO,CE,Combined TRACON& Tower with Radar,8,28,18,34,88,0,0,16,2,18,8,28,34,36,106,0,0,0,106
12/03/2012,MOB,AL,ASO,CE,Combined TRACON& Tower with Radar,10,36,16,97,159,0,3,7,36,46,10,39,23,133,205,10,76,86,291
12/04/2012,MOB,AL,ASO,CE,Combined TRACON& Tower with Radar,8,31,8,96,143,0,0,5,27,32,8,31,13,123,175,57,131,188,363
12/05/2012,MOB,AL,ASO,CE,Combined TRACON& Tower with Radar,4,39,17,114,174,0,0,8,43,51,4,39,25,157,225,0,106,106,331
12/06/2012,MOB,AL,ASO,CE,Combined TRACON& Tower with Radar,8,32,22,118,180,0,0,15,105,120,8,32,37,223,300,0,0,0,300
12/07/2012,MOB,AL,ASO,CE,Combined TRACON& Tower with Radar,6,33,6,65,110,0,0,0,4,4,6,33,6,69,114,36,112,148,262
12/08/2012,MOB,AL,ASO,CE,Combined TRACON& Tower with Radar,6,21,6,27,60,0,0,3,6,9,6,21,9,33,69,7,96,103,172
12/09/2012,MOB,AL,ASO,CE,Combined TRACON& Tower with Radar,10,26,20,25,81,0,0,2,1,3,10,26,22,26,84,0,0,0,84
12/10/2012,MOB,AL,ASO,CE,Combined TRACON& Tower with Radar,10,29,12,36,87,0,0,0,3,3,10,29,12,39,90,0,0,0,90
12/11/2012,MOB,AL,ASO,CE,Combined TRACON& Tower with Radar,8,35,21,223,287,0,5,7,42,54,8,40,28,265,341,42,152,194,535
12/12/2012,MOB,AL,ASO,CE,Combined TRACON& Tower with Radar,4,44,20,121,189,0,2,12,32,46,4,46,32,153,235,40,150,190,425
12/13/2012,MOB,AL,ASO,CE,Combined TRACON& Tower with Radar,10,31,19,153,213,0,0,13,46,59,10,31,32,199,272,0,64,64,336
12/14/2012,MOB,AL,ASO,CE,Combined TRACON& Tower with Radar,12,31,24,96,163,0,0,12,30,42,12,31,36,126,205,12,172,184,389
12/15/2012,MOB,AL,ASO,CE,Combined TRACON& Tower with Radar,3,24,18,10,55,0,0,12,6,18,3,24,30,16,73,18,144,162,235
12/16/2012,MOB,AL,ASO,CE,Combined TRACON& Tower with Radar,2,34,11,32,79,0,0,0,0,0,2,34,11,32,79,0,0,0,79
12/17/2012,MOB,AL,ASO,CE,Combined TRACON& Tower with Radar,2,43,8,105,158,0,0,0,1,1,2,43,8,106,159,0,20,20,179
12/18/2012,MOB,AL,ASO,CE,Combined TRACON& Tower with Radar,2,47,14,139,202,0,0,7,33,40,2,47,21,172,242,0,60,60,302
12/19/2012,MOB,AL,ASO,CE,Combined TRACON& Tower with Radar,2,37,12,84,135,0,0,10,6,16,2,37,22,90,151,0,130,130,281
12/20/2012,MOB,AL,ASO,CE,Combined TRACON& Tower with Radar,0,42,10,35,87,0,0,2,6,8,0,42,12,41,95,0,30,30,125
12/21/2012,MOB,AL,ASO,CE,Combined TRACON& Tower with Radar,2,39,16,27,84,0,0,8,11,19,2,39,24,38,103,6,38,44,147
12/22/2012,MOB,AL,ASO,CE,Combined TRACON& Tower with Radar,2,28,11,0,41,0,0,7,4,11,2,28,18,4,52,62,0,62,114
12/23/2012,MOB,AL,ASO,CE,Combined TRACON& Tower with Radar,0,32,11,2,45,0,1,3,2,6,0,33,14,4,51,0,0,0,51
12/24/2012,MOB,AL,ASO,CE,Combined TRACON& Tower with Radar,0,28,5,0,33,0,0,0,0,0,0,28,5,0,33,43,6,49,82
12/25/2012,MOB,AL,ASO,CE,Combined TRACON& Tower with Radar,2,22,1,0,25,0,0,1,0,1,2,22,2,0,26,8,0,8,34
12/26/2012,MOB,AL,ASO,CE,Combined TRACON& Tower with Radar,2,36,15,13,66,0,0,3,8,11,2,36,18,21,77,0,0,0,77
12/27/2012,MOB,AL,ASO,CE,Combined TRACON& Tower with Radar,0,38,12,9,59,0,1,13,10,24,0,39,25,19,83,0,60,60,143
12/28/2012,MOB,AL,ASO,CE,Combined TRACON& Tower with Radar,2,38,13,12,65,0,0,0,7,7,2,38,13,19,72,0,28,28,100
12/29/2012,MOB,AL,ASO,CE,Combined TRACON& Tower with Radar,2,29,14,2,47,0,2,2,0,4,2,31,16,2,51,0,0,0,51
12/30/2012,MOB,AL,ASO,CE,Combined TRACON& Tower with Radar,0,32,15,2,49,0,0,8,2,10,0,32,23,4,59,90,0,90,149
12/31/2012,MOB,AL,ASO,CE,Combined TRACON& Tower with Radar,0,32,6,3,41,0,1,3,6,10,0,33,9,9,51,0,0,0,51
01/01/2013,MOB,AL,ASO,CE,Combined TRACON& Tower with Radar,2,26,1,2,31,0,0,2,0,2,2,26,3,2,33,45,0,45,78
01/02/2013,MOB,AL,ASO,CE,Combined TRACON& Tower with Radar,2,37,10,58,107,0,0,4,2,6,2,37,14,60,113,0,94,94,207
01/03/2013,MOB,AL,ASO,CE,Combined TRACON& Tower with Radar,1,39,9,75,124,0,0,4,1,5,1,39,13,76,129,0,62,62,191
01/04/2013,MOB,AL,ASO,CE,Combined TRACON& Tower with Radar,2,45,12,62,121,0,5,13,20,38,2,50,25,82,159,32,72,104,263
01/05/2013,MOB,AL,ASO,CE,Combined TRACON& Tower with Radar,4,25,13,0,42,0,1,5,2,8,4,26,18,2,50,104,6,110,160
01/06/2013,MOB,AL,ASO,CE,Combined TRACON& Tower with Radar,2,29,9,5,45,0,0,3,3,6,2,29,12,8,51,0,0,0,51
01/07/2013,MOB,AL,ASO,CE,Combined TRACON& Tower with Radar,2,34,15,116,167,0,0,11,30,41,2,34,26,146,208,2,12,14,222
01/08/2013,MOB,AL,ASO,CE,Combined TRACON& Tower with Radar,4,34,29,152,219,0,0,7,26,33,4,34,36,178,252,4,46,50,302
01/09/2013,MOB,AL,ASO,CE,Combined TRACON& Tower with Radar,2,37,19,58,116,0,0,0,0,0,2,37,19,58,116,0,38,38,154
01/10/2013,MOB,AL,ASO,CE,Combined TRACON& Tower with Radar,4,41,12,7,64,0,0,0,0,0,4,41,12,7,64,140,0,140,204
01/11/2013,MOB,AL,ASO,CE,Combined TRACON& Tower with Radar,2,35,15,50,102,0,2,10,17,29,2,37,25,67,131,20,84,104,235
01/12/2013,MOB,AL,ASO,CE,Combined TRACON& Tower with Radar,2,25,9,28,64,0,1,2,2,5,2,26,11,30,69,42,48,90,159
01/13/2013,MOB,AL,ASO,CE,Combined TRACON& Tower with Radar,2,33,6,29,70,0,0,5,2,7,2,33,11,31,77,0,0,0,77
01/14/2013,MOB,AL,ASO,CE,Combined TRACON& Tower with Radar,2,40,11,15,68,0,0,0,0,0,2,40,11,15,68,0,0,0,68
01/15/2013,MOB,AL,ASO,CE,Combined TRACON& Tower with Radar,2,31,6,16,55,0,0,0,0,0,2,31,6,16,55,0,0,0,55
01/16/2013,MOB,AL,ASO,CE,Combined TRACON& Tower with Radar,2,35,9,72,118,0,0,0,0,0,2,35,9,72,118,0,0,0,118
01/17/2013,MOB,AL,ASO,CE,Combined TRACON& Tower with Radar,2,31,9,107,149,0,0,10,29,39,2,31,19,136,188,0,92,92,280
01/18/2013,MOB,AL,ASO,CE,Combined TRACON& Tower with Radar,2,38,9,80,129,0,6,13,23,42,2,44,22,103,171,34,124,158,329
01/19/2013,MOB,AL,ASO,CE,Combined TRACON& Tower with Radar,2,27,9,13,51,0,0,5,2,7,2,27,14,15,58,54,176,230,288
01/20/2013,MOB,AL,ASO,CE,Combined TRACON& Tower with Radar,2,25,15,18,60,0,1,12,6,19,2,26,27,24,79,0,0,0,79
01/21/2013,MOB,AL,ASO,CE,Combined TRACON& Tower with Radar,2,38,25,7,72,0,0,11,5,16,2,38,36,12,88,0,0,0,88
01/22/2013,MOB,AL,ASO,CE,Combined TRACON& Tower with Radar,2,39,11,98,150,0,0,10,37,47,2,39,21,135,197,0,0,0,197
01/23/2013,MOB,AL,ASO,CE,Combined TRACON& Tower with Radar,2,40,25,111,178,0,0,11,37,48,2,40,36,148,226,8,56,64,290
01/24/2013,MOB,AL,ASO,CE,Combined TRACON& Tower with Radar,2,47,23,101,173,0,1,10,42,53,2,48,33,143,226,0,0,0,226
01/25/2013,MOB,AL,ASO,CE,Combined TRACON& Tower with Radar,2,38,20,100,160,0,0,5,27,32,2,38,25,127,192,12,70,82,274
01/26/2013,MOB,AL,ASO,CE,Combined TRACON& Tower with Radar,2,25,7,14,48,0,0,1,5,6,2,25,8,19,54,36,22,58,112
01/27/2013,MOB,AL,ASO,CE,Combined TRACON& Tower with Radar,2,34,12,22,70,0,0,6,4,10,2,34,18,26,80,0,0,0,80
01/28/2013,MOB,AL,ASO,CE,Combined TRACON& Tower with Radar,2,39,16,128,185,0,0,1,37,38,2,39,17,165,223,0,112,112,335
01/29/2013,MOB,AL,ASO,CE,Combined TRACON& Tower with Radar,2,34,13,98,147,0,0,0,5,5,2,34,13,103,152,0,32,32,184
01/30/2013,MOB,AL,ASO,CE,Combined TRACON& Tower with Radar,2,34,10,25,71,0,0,1,24,25,2,34,11,49,96,0,106,106,202
01/31/2013,MOB,AL,ASO,CE,Combined TRACON& Tower with Radar,1,43,25,59,128,0,4,24,52,80,1,47,49,111,208,0,110,110,318
02/01/2013,MOB,AL,ASO,CE,Combined TRACON& Tower with Radar,2,45,8,125,180,0,0,10,44,54,2,45,18,169,234,0,110,110,344
02/02/2013,MOB,AL,ASO,CE,Combined TRACON& Tower with Radar,2,22,5,15,44,0,0,11,8,19,2,22,16,23,63,100,12,112,175
02/03/2013,MOB,AL,ASO,CE,Combined TRACON& Tower with Radar,2,30,11,17,60,0,1,17,5,23,2,31,28,22,83,0,0,0,83
02/04/2013,MOB,AL,ASO,CE,Combined TRACON& Tower with Radar,2,38,15,69,124,0,3,4,32,39,2,41,19,101,163,0,0,0,163
02/05/2013,MOB,AL,ASO,CE,Combined TRACON& Tower with Radar,2,36,12,122,172,0,2,3,23,28,2,38,15,145,200,34,96,130,330
02/06/2013,MOB,AL,ASO,CE,Combined TRACON& Tower with Radar,2,33,18,64,117,0,0,5,39,44,2,33,23,103,161,6,126,132,293
02/07/2013,MOB,AL,ASO,CE,Combined TRACON& Tower with Radar,3,38,8,70,119,0,0,5,38,43,3,38,13,108,162,0,52,52,214
02/08/2013,MOB,AL,ASO,CE,Combined TRACON& Tower with Radar,2,40,11,87,140,0,3,1,28,32,2,43,12,115,172,0,122,122,294
02/09/2013,MOB,AL,ASO,CE,Combined TRACON& Tower with Radar,2,27,16,13,58,0,0,12,3,15,2,27,28,16,73,20,112,132,205
02/10/2013,MOB,AL,ASO,CE,Combined TRACON& Tower with Radar,2,36,11,8,57,0,0,0,1,1,2,36,11,9,58,0,0,0,58
02/11/2013,MOB,AL,ASO,CE,Combined TRACON& Tower with Radar,2,34,9,0,45,0,0,0,0,0,2,34,9,0,45,0,0,0,45
02/12/2013,MOB,AL,ASO,CE,Combined TRACON& Tower with Radar,2,33,2,15,52,0,0,0,0,0,2,33,2,15,52,14,40,54,106
02/13/2013,MOB,AL,ASO,CE,Combined TRACON& Tower with Radar,2,37,26,118,183,0,0,7,32,39,2,37,33,150,222,30,136,166,388
02/14/2013,MOB,AL,ASO,CE,Combined TRACON& Tower with Radar,2,42,8,116,168,0,3,15,49,67,2,45,23,165,235,0,132,132,367
02/15/2013,MOB,AL,ASO,CE,Combined TRACON& Tower with Radar,2,41,18,94,155,0,2,9,38,49,2,43,27,132,204,8,114,122,326
02/16/2013,MOB,AL,ASO,CE,Combined TRACON& Tower with Radar,2,27,8,24,61,0,0,8,6,14,2,27,16,30,75,84,68,152,227
02/17/2013,MOB,AL,ASO,CE,Combined TRACON& Tower with Radar,2,37,13,20,72,0,12,13,6,31,2,49,26,26,103,0,0,0,103
02/18/2013,MOB,AL,ASO,CE,Combined TRACON& Tower with Radar,2,37,6,2,47,0,1,4,0,5,2,38,10,2,52,78,0,78,130
02/19/2013,MOB,AL,ASO,CE,Combined TRACON& Tower with Radar,2,37,14,165,218,0,0,6,45,51,2,37,20,210,269,28,176,204,473
02/20/2013,MOB,AL,ASO,CE,Combined TRACON& Tower with Radar,2,42,18,137,199,0,0,5,56,61,2,42,23,193,260,80,100,180,440
02/21/2013,MOB,AL,ASO,CE,Combined TRACON& Tower with Radar,2,35,16,78,131,0,0,2,18,20,2,35,18,96,151,0,16,16,167
02/22/2013,MOB,AL,ASO,CE,Combined TRACON& Tower with Radar,2,34,11,30,77,0,0,0,9,9,2,34,11,39,86,0,70,70,156
02/23/2013,MOB,AL,ASO,CE,Combined TRACON& Tower with Radar,2,26,3,2,33,0,0,0,0,0,2,26,3,2,33,32,34,66,99
02/24/2013,MOB,AL,ASO,CE,Combined TRACON& Tower with Radar,2,32,20,9,63,0,3,7,5,15,2,35,27,14,78,0,0,0,78
02/25/2013,MOB,AL,ASO,CE,Combined TRACON& Tower with Radar,2,33,7,4,46,0,0,0,0,0,2,33,7,4,46,0,0,0,46
02/26/2013,MOB,AL,ASO,CE,Combined TRACON& Tower with Radar,2,41,10,125,178,0,7,15,56,78,2,48,25,181,256,12,110,122,378
02/27/2013,MOB,AL,ASO,CE,Combined TRACON& Tower with Radar,2,39,15,137,193,0,6,13,60,79,2,45,28,197,272,32,104,136,408
02/28/2013,MOB,AL,ASO,CE,Combined TRACON& Tower with Radar,2,41,16,99,158,0,2,10,40,52,2,43,26,139,210,0,0,0,210
03/01/2013,MOB,AL,ASO,CE,Combined TRACON& Tower with Radar,2,44,18,85,149,0,3,8,22,33,2,47,26,107,182,0,32,32,214
03/02/2013,MOB,AL,ASO,CE,Combined TRACON& Tower with Radar,2,29,13,23,67,0,0,7,4,11,2,29,20,27,78,22,128,150,228
03/03/2013,MOB,AL,ASO,CE,Combined TRACON& Tower with Radar,2,34,7,24,67,0,4,5,4,13,2,38,12,28,80,0,0,0,80
03/04/2013,MOB,AL,ASO,CE,Combined TRACON& Tower with Radar,2,47,9,124,182,0,3,4,40,47,2,50,13,164,229,0,98,98,327
03/05/2013,MOB,AL,ASO,CE,Combined TRACON& Tower with Radar,2,33,17,114,166,0,0,12,40,52,2,33,29,154,218,54,142,196,414
03/06/2013,MOB,AL,ASO,CE,Combined TRACON& Tower with Radar,2,36,9,80,127,0,0,7,29,36,2,36,16,109,163,0,0,0,163
03/07/2013,MOB,AL,ASO,CE,Combined TRACON& Tower with Radar,2,40,22,64,128,0,2,16,47,65,2,42,38,111,193,4,78,82,275
03/08/2013,MOB,AL,ASO,CE,Combined TRACON& Tower with Radar,7,41,16,42,106,0,5,5,36,46,7,46,21,78,152,28,112,140,292
03/09/2013,MOB,AL,ASO,CE,Combined TRACON& Tower with Radar,7,31,16,8,62,0,0,16,2,18,7,31,32,10,80,36,56,92,172
03/10/2013,MOB,AL,ASO,CE,Combined TRACON& Tower with Radar,2,35,15,23,75,0,0,5,3,8,2,35,20,26,83,0,0,0,83
03/11/2013,MOB,AL,ASO,CE,Combined TRACON& Tower with Radar,2,38,6,31,77,0,0,2,18,20,2,38,8,49,97,30,146,176,273
03/12/2013,MOB,AL,ASO,CE,Combined TRACON& Tower with Radar,2,38,12,114,166,0,3,13,45,61,2,41,25,159,227,24,68,92,319
03/13/2013,MOB,AL,ASO,CE,Combined TRACON& Tower with Radar,2,39,6,114,161,0,0,9,36,45,2,39,15,150,206,32,152,184,390
03/14/2013,MOB,AL,ASO,CE,Combined TRACON& Tower with Radar,2,45,4,95,146,0,0,14,60,74,2,45,18,155,220,4,172,176,396
03/15/2013,MOB,AL,ASO,CE,Combined TRACON& Tower with Radar,1,40,10,66,117,0,0,9,38,47,1,40,19,104,164,11,176,187,351
03/16/2013,MOB,AL,ASO,CE,Combined TRACON& Tower with Radar,1,33,6,6,46,0,0,6,3,9,1,33,12,9,55,30,92,122,177
03/17/2013,MOB,AL,ASO,CE,Combined TRACON& Tower with Radar,2,34,10,9,55,0,0,7,1,8,2,34,17,10,63,0,0,0,63
03/18/2013,MOB,AL,ASO,CE,Combined TRACON& Tower with Radar,8,34,9,118,169,0,0,1,25,26,8,34,10,143,195,0,70,70,265
03/19/2013,MOB,AL,ASO,CE,Combined TRACON& Tower with Radar,1,38,14,133,186,0,0,10,19,29,1,38,24,152,215,0,132,132,347
03/20/2013,MOB,AL,ASO,CE,Combined TRACON& Tower with Radar,2,37,19,81,139,0,0,6,47,53,2,37,25,128,192,76,218,294,486
03/21/2013,MOB,AL,ASO,CE,Combined TRACON& Tower with Radar,2,44,14,73,133,0,1,12,10,23,2,45,26,83,156,0,16,16,172
03/22/2013,MOB,AL,ASO,CE,Combined TRACON& Tower with Radar,1,41,17,133,192,0,1,2,23,26,1,42,19,156,218,24,136,160,378
03/23/2013,MOB,AL,ASO,CE,Combined TRACON& Tower with Radar,1,28,3,1,33,0,0,0,0,0,1,28,3,1,33,16,70,86,119
03/24/2013,MOB,AL,ASO,CE,Combined TRACON& Tower with Radar,4,30,7,12,53,0,0,5,4,9,4,30,12,16,62,0,0,0,62
03/25/2013,MOB,AL,ASO,CE,Combined TRACON& Tower with Radar,2,38,11,126,177,0,4,7,46,57,2,42,18,172,234,0,0,0,234
03/26/2013,MOB,AL,ASO,CE,Combined TRACON& Tower with Radar,2,37,11,83,133,0,0,6,33,39,2,37,17,116,172,0,32,32,204
03/27/2013,MOB,AL,ASO,CE,Combined TRACON& Tower with Radar,2,36,26,109,173,0,2,20,44,66,2,38,46,153,239,0,72,72,311
03/28/2013,MOB,AL,ASO,CE,Combined TRACON& Tower with Radar,2,39,16,114,171,0,1,22,49,72,2,40,38,163,243,46,216,262,505
03/29/2013,MOB,AL,ASO,CE,Combined TRACON& Tower with Radar,1,38,13,89,141,0,1,16,22,39,1,39,29,111,180,0,0,0,180
03/30/2013,MOB,AL,ASO,CE,Combined TRACON& Tower with Radar,1,29,9,12,51,0,0,11,3,14,1,29,20,15,65,18,10,28,93
03/31/2013,MOB,AL,ASO,CE,Combined TRACON& Tower with Radar,4,28,5,12,49,0,0,2,2,4,4,28,7,14,53,44,0,44,97
04/01/2013,MOB,AL,ASO,CE,Combined TRACON& Tower with Radar,2,37,12,92,143,0,0,6,24,30,2,37,18,116,173,0,72,72,245
04/02/2013,MOB,AL,ASO,CE,Combined TRACON& Tower with Radar,2,36,7,128,173,0,0,5,48,53,2,36,12,176,226,26,150,176,402
04/03/2013,MOB,AL,ASO,CE,Combined TRACON& Tower with Radar,4,38,7,7,56,0,0,2,7,9,4,38,9,14,65,16,46,62,127
04/04/2013,MOB,AL,ASO,CE,Combined TRACON& Tower with Radar,2,40,9,95,146,0,0,1,0,1,2,40,10,95,147,0,24,24,171
04/05/2013,MOB,AL,ASO,CE,Combined TRACON& Tower with Radar,1,46,15,129,191,0,0,9,25,34,1,46,24,154,225,2,12,14,239
04/06/2013,MOB,AL,ASO,CE,Combined TRACON& Tower with Radar,1,33,9,17,60,0,0,14,5,19,1,33,23,22,79,6,82,88,167
04/07/2013,MOB,AL,ASO,CE,Combined TRACON& Tower with Radar,2,30,11,26,69,0,0,9,5,14,2,30,20,31,83,0,0,0,83
04/08/2013,MOB,AL,ASO,CE,Combined TRACON& Tower with Radar,2,44,4,104,154,0,3,8,37,48,2,47,12,141,202,0,0,0,202
04/09/2013,MOB,AL,ASO,CE,Combined TRACON& Tower with Radar,4,37,23,126,190,0,0,8,44,52,4,37,31,170,242,12,76,88,330
04/10/2013,MOB,AL,ASO,CE,Combined TRACON& Tower with Radar,2,40,10,133,185,0,0,1,16,17,2,40,11,149,202,0,182,182,384
04/11/2013,MOB,AL,ASO,CE,Combined TRACON& Tower with Radar,4,36,12,41,93,0,0,0,0,0,4,36,12,41,93,0,0,0,93
04/12/2013,MOB,AL,ASO,CE,Combined TRACON& Tower with Radar,4,41,6,89,140,0,0,7,35,42,4,41,13,124,182,8,186,194,376
04/13/2013,MOB,AL,ASO,CE,Combined TRACON& Tower with Radar,2,31,19,15,67,0,0,13,7,20,2,31,32,22,87,0,0,0,87
04/14/2013,MOB,AL,ASO,CE,Combined TRACON& Tower with Radar,2,34,10,8,54,0,0,0,0,0,2,34,10,8,54,0,0,0,54
04/15/2013,MOB,AL,ASO,CE,Combined TRACON& Tower with Radar,2,45,17,125,189,0,0,1,14,15,2,45,18,139,204,0,26,26,230
04/16/2013,MOB,AL,ASO,CE,Combined TRACON& Tower with Radar,4,35,14,174,227,0,1,5,32,38,4,36,19,206,265,0,6,6,271
04/17/2013,MOB,AL,ASO,CE,Combined TRACON& Tower with Radar,2,35,7,114,158,0,1,9,26,36,2,36,16,140,194,0,66,66,260
04/18/2013,MOB,AL,ASO,CE,Combined TRACON& Tower with Radar,2,35,8,144,189,0,1,1,19,21,2,36,9,163,210,0,82,82,292
04/19/2013,MOB,AL,ASO,CE,Combined TRACON& Tower with Radar,2,36,8,20,66,0,0,2,10,12,2,36,10,30,78,0,52,52,130
04/20/2013,MOB,AL,ASO,CE,Combined TRACON& Tower with Radar,2,32,2,28,64,0,0,12,6,18,2,32,14,34,82,6,80,86,168
04/21/2013,MOB,AL,ASO,CE,Combined TRACON& Tower with Radar,2,36,11,22,71,0,0,7,6,13,2,36,18,28,84,0,82,82,166
04/22/2013,MOB,AL,ASO,CE,Combined TRACON& Tower with Radar,2,42,19,143,206,0,3,2,41,46,2,45,21,184,252,4,106,110,362
04/23/2013,MOB,AL,ASO,CE,Combined TRACON& Tower with Radar,2,44,26,125,197,0,4,10,28,42,2,48,36,153,239,0,54,54,293
04/24/2013,MOB,AL,ASO,CE,Combined TRACON& Tower with Radar,2,36,17,63,118,0,1,0,27,28,2,37,17,90,146,0,62,62,208
04/25/2013,MOB,AL,ASO,CE,Combined TRACON& Tower with Radar,2,39,23,110,174,0,1,18,33,52,2,40,41,143,226,0,228,228,454
04/26/2013,MOB,AL,ASO,CE,Combined TRACON& Tower with Radar,2,42,7,66,117,0,1,13,31,45,2,43,20,97,162,20,162,182,344
04/27/2013,MOB,AL,ASO,CE,Combined TRACON& Tower with Radar,2,31,13,21,67,0,0,5,1,6,2,31,18,22,73,108,18,126,199
04/28/2013,MOB,AL,ASO,CE,Combined TRACON& Tower with Radar,2,35,8,20,65,0,0,1,2,3,2,35,9,22,68,106,26,132,200
04/29/2013,MOB,AL,ASO,CE,Combined TRACON& Tower with Radar,2,49,6,110,167,0,0,1,39,40,2,49,7,149,207,4,104,108,315
04/30/2013,MOB,AL,ASO,CE,Combined TRACON& Tower with Radar,2,43,12,38,95,0,0,0,21,21,2,43,12,59,116,0,64,64,180
05/01/2013,MOB,AL,ASO,CE,Combined TRACON& Tower with Radar,2,35,6,35,78,0,0,0,5,5,2,35,6,40,83,3,16,19,102
05/02/2013,MOB,AL,ASO,CE,Combined TRACON& Tower with Radar,2,38,11,36,87,0,0,0,7,7,2,38,11,43,94,0,12,12,106
05/03/2013,MOB,AL,ASO,CE,Combined TRACON& Tower with Radar,2,39,14,158,213,0,0,3,15,18,2,39,17,173,231,0,36,36,267
05/04/2013,MOB,AL,ASO,CE,Combined TRACON& Tower with Radar,2,31,9,15,57,0,0,6,5,11,2,31,15,20,68,4,94,98,166
05/05/2013,MOB,AL,ASO,CE,Combined TRACON& Tower with Radar,2,35,7,51,95,0,0,7,5,12,2,35,14,56,107,98,32,130,237
05/06/2013,MOB,AL,ASO,CE,Combined TRACON& Tower with Radar,2,43,23,164,232,0,2,11,40,53,2,45,34,204,285,16,44,60,345
05/07/2013,MOB,AL,ASO,CE,Combined TRACON& Tower with Radar,2,40,24,91,157,0,1,10,39,50,2,41,34,130,207,0,30,30,237
05/08/2013,MOB,AL,ASO,CE,Combined TRACON& Tower with Radar,6,45,15,112,178,0,4,18,31,53,6,49,33,143,231,6,82,88,319
05/09/2013,MOB,AL,ASO,CE,Combined TRACON& Tower with Radar,8,44,15,128,195,0,0,8,24,32,8,44,23,152,227,0,120,120,347
05/10/2013,MOB,AL,ASO,CE,Combined TRACON& Tower with Radar,2,39,7,47,95,0,0,3,11,14,2,39,10,58,109,0,0,0,109
05/11/2013,MOB,AL,ASO,CE,Combined TRACON& Tower with Radar,2,29,11,11,53,0,0,1,0,1,2,29,12,11,54,14,74,88,142
05/12/2013,MOB,AL,ASO,CE,Combined TRACON& Tower with Radar,2,36,2,22,62,0,1,3,4,8,2,37,5,26,70,0,0,0,70
05/13/2013,MOB,AL,ASO,CE,Combined TRACON& Tower with Radar,2,46,16,116,180,0,1,12,46,59,2,47,28,162,239,45,171,216,455
05/14/2013,MOB,AL,ASO,CE,Combined TRACON& Tower with Radar,2,48,23,142,215,0,1,22,38,61,2,49,45,180,276,24,70,94,370
05/15/2013,MOB,AL,ASO,CE,Combined TRACON& Tower with Radar,2,53,18,107,180,0,1,24,35,60,2,54,42,142,240,12,92,104,344
05/16/2013,MOB,AL,ASO,CE,Combined TRACON& Tower with Radar,6,42,24,113,185,0,0,7,36,43,6,42,31,149,228,18,20,38,266
05/17/2013,MOB,AL,ASO,CE,Combined TRACON& Tower with Radar,2,42,10,81,135,0,0,3,17,20,2,42,13,98,155,0,10,10,165
05/18/2013,MOB,AL,ASO,CE,Combined TRACON& Tower with Radar,2,32,4,29,67,0,0,3,4,7,2,32,7,33,74,26,60,86,160
05/19/2013,MOB,AL,ASO,CE,Combined TRACON& Tower with Radar,2,37,7,47,93,0,0,7,1,8,2,37,14,48,101,0,0,0,101
05/20/2013,MOB,AL,ASO,CE,Combined TRACON& Tower with Radar,2,43,17,121,183,0,3,12,40,55,2,46,29,161,238,2,104,106,344
05/21/2013,MOB,AL,ASO,CE,Combined TRACON& Tower with Radar,2,35,13,136,186,0,2,14,34,50,2,37,27,170,236,14,112,126,362
05/22/2013,MOB,AL,ASO,CE,Combined TRACON& Tower with Radar,2,46,16,112,176,0,2,6,26,34,2,48,22,138,210,24,122,146,356
05/23/2013,MOB,AL,ASO,CE,Combined TRACON& Tower with Radar,2,45,18,136,201,0,4,10,29,43,2,49,28,165,244,30,254,284,528
05/24/2013,MOB,AL,ASO,CE,Combined TRACON& Tower with Radar,2,40,10,53,105,0,0,4,29,33,2,40,14,82,138,0,58,58,196
05/25/2013,MOB,AL,ASO,CE,Combined TRACON& Tower with Radar,2,31,6,3,42,0,0,9,2,11,2,31,15,5,53,38,18,56,109
05/26/2013,MOB,AL,ASO,CE,Combined TRACON& Tower with Radar,1,29,7,1,38,0,0,10,6,16,1,29,17,7,54,0,0,0,54
05/27/2013,MOB,AL,ASO,CE,Combined TRACON& Tower with Radar,1,39,5,3,48,0,0,3,1,4,1,39,8,4,52,0,0,0,52
05/28/2013,MOB,AL,ASO,CE,Combined TRACON& Tower with Radar,2,41,14,107,164,0,0,6,29,35,2,41,20,136,199,0,0,0,199
05/29/2013,MOB,AL,ASO,CE,Combined TRACON& Tower with Radar,6,38,17,155,216,0,1,4,46,51,6,39,21,201,267,4,62,66,333
05/30/2013,MOB,AL,ASO,CE,Combined TRACON& Tower with Radar,2,48,26,97,173,0,4,2,23,29,2,52,28,120,202,6,162,168,370
05/31/2013,MOB,AL,ASO,CE,Combined TRACON& Tower with Radar,2,41,16,82,141,0,1,1,21,23,2,42,17,103,164,0,0,0,164
06/01/2013,MOB,AL,ASO,CE,Combined TRACON& Tower with Radar,2,28,13,26,69,0,0,3,3,6,2,28,16,29,75,34,44,78,153
06/02/2013,MOB,AL,ASO,CE,Combined TRACON& Tower with Radar,2,38,3,15,58,0,1,2,3,6,2,39,5,18,64,0,0,0,64
06/03/2013,MOB,AL,ASO,CE,Combined TRACON& Tower with Radar,2,41,7,55,105,0,0,6,18,24,2,41,13,73,129,0,0,0,129
06/04/2013,MOB,AL,ASO,CE,Combined TRACON& Tower with Radar,2,47,9,100,158,0,4,7,37,48,2,51,16,137,206,4,58,62,268
06/05/2013,MOB,AL,ASO,CE,Combined TRACON& Tower with Radar,1,40,17,103,161,0,0,4,29,33,1,40,21,132,194,0,0,0,194
06/06/2013,MOB,AL,ASO,CE,Combined TRACON& Tower with Radar,2,44,16,116,178,0,1,2,43,46,2,45,18,159,224,0,0,0,224
06/07/2013,MOB,AL,ASO,CE,Combined TRACON& Tower with Radar,2,43,6,98,149,0,0,0,31,31,2,43,6,129,180,34,72,106,286
06/08/2013,MOB,AL,ASO,CE,Combined TRACON& Tower with Radar,2,34,11,45,92,0,0,6,12,18,2,34,17,57,110,46,70,116,226
06/09/2013,MOB,AL,ASO,CE,Combined TRACON& Tower with Radar,2,29,7,2,40,0,0,2,6,8,2,29,9,8,48,110,14,124,172
06/10/2013,MOB,AL,ASO,CE,Combined TRACON& Tower with Radar,6,45,14,70,135,0,0,7,23,30,6,45,21,93,165,84,102,186,351
06/11/2013,MOB,AL,ASO,CE,Combined TRACON& Tower with Radar,6,37,10,105,158,0,0,2,34,36,6,37,12,139,194,66,86,152,346
06/12/2013,MOB,AL,ASO,CE,Combined TRACON& Tower with Radar,6,38,17,120,181,0,0,6,39,45,6,38,23,159,226,12,80,92,318
06/13/2013,MOB,AL,ASO,CE,Combined TRACON& Tower with Radar,1,44,11,112,168,0,2,19,32,53,1,46,30,144,221,14,200,214,435
06/14/2013,MOB,AL,ASO,CE,Combined TRACON& Tower with Radar,6,42,11,72,131,0,1,10,17,28,6,43,21,89,159,6,46,52,211
06/15/2013,MOB,AL,ASO,CE,Combined TRACON& Tower with Radar,2,38,4,0,44,0,0,8,5,13,2,38,12,5,57,0,0,0,57
06/16/2013,MOB,AL,ASO,CE,Combined TRACON& Tower with Radar,6,35,17,17,75,0,0,4,5,9,6,35,21,22,84,0,0,0,84
06/17/2013,MOB,AL,ASO,CE,Combined TRACON& Tower with Radar,4,43,12,136,195,0,0,5,30,35,4,43,17,166,230,0,52,52,282
06/18/2013,MOB,AL,ASO,CE,Combined TRACON& Tower with Radar,5,36,12,92,145,0,0,6,29,35,5,36,18,121,180,0,31,31,211
06/19/2013,MOB,AL,ASO,CE,Combined TRACON& Tower with Radar,4,43,15,126,188,0,0,1,29,30,4,43,16,155,218,20,140,160,378
06/20/2013,MOB,AL,ASO,CE,Combined TRACON& Tower with Radar,4,43,24,23,94,0,2,7,27,36,4,45,31,50,130,8,96,104,234
06/21/2013,MOB,AL,ASO,CE,Combined TRACON& Tower with Radar,6,40,9,75,130,0,0,9,22,31,6,40,18,97,161,26,184,210,371
06/22/2013,MOB,AL,ASO,CE,Combined TRACON& Tower with Radar,2,37,9,20,68,0,0,6,3,9,2,37,15,23,77,16,74,90,167
06/23/2013,MOB,AL,ASO,CE,Combined TRACON& Tower with Radar,2,39,2,1,44,0,0,7,2,9,2,39,9,3,53,0,0,0,53
06/24/2013,MOB,AL,ASO,CE,Combined TRACON& Tower with Radar,4,41,16,72,133,0,1,8,31,40,4,42,24,103,173,0,46,46,219
06/25/2013,MOB,AL,ASO,CE,Combined TRACON& Tower with Radar,4,38,16,94,152,0,1,4,35,40,4,39,20,129,192,0,44,44,236
06/26/2013,MOB,AL,ASO,CE,Combined TRACON& Tower with Radar,6,44,6,86,142,0,0,10,31,41,6,44,16,117,183,0,0,0,183
06/27/2013,MOB,AL,ASO,CE,Combined TRACON& Tower with Radar,4,47,17,124,192,0,0,13,32,45,4,47,30,156,237,8,116,124,361
06/28/2013,MOB,AL,ASO,CE,Combined TRACON& Tower with Radar,10,28,13,78,129,0,0,7,29,36,10,28,20,107,165,0,64,64,229
06/29/2013,MOB,AL,ASO,CE,Combined TRACON& Tower with Radar,2,34,4,16,56,0,0,5,1,6,2,34,9,17,62,10,78,88,150
06/30/2013,MOB,AL,ASO,CE,Combined TRACON& Tower with Radar,4,35,10,48,97,0,1,9,10,20,4,36,19,58,117,0,0,0,117
07/01/2013,MOB,AL,ASO,CE,Combined TRACON& Tower with Radar,6,40,6,111,163,0,1,14,32,47,6,41,20,143,210,44,172,216,426
07/02/2013,MOB,AL,ASO,CE,Combined TRACON& Tower with Radar,8,38,20,124,190,0,0,5,25,30,8,38,25,149,220,0,0,0,220
07/03/2013,MOB,AL,ASO,CE,Combined TRACON& Tower with Radar,6,38,18,52,114,0,0,1,13,14,6,38,19,65,128,0,0,0,128
07/04/2013,MOB,AL,ASO,CE,Combined TRACON& Tower with Radar,2,24,2,4,32,0,0,0,0,0,2,24,2,4,32,0,0,0,32
07/05/2013,MOB,AL,ASO,CE,Combined TRACON& Tower with Radar,6,31,5,2,44,0,0,2,1,3,6,31,7,3,47,0,0,0,47
07/06/2013,MOB,AL,ASO,CE,Combined TRACON& Tower with Radar,2,35,3,3,43,0,0,1,0,1,2,35,4,3,44,32,8,40,84
07/07/2013,MOB,AL,ASO,CE,Combined TRACON& Tower with Radar,4,31,10,3,48,0,1,3,0,4,4,32,13,3,52,0,0,0,52
07/08/2013,MOB,AL,ASO,CE,Combined TRACON& Tower with Radar,2,42,6,67,117,0,1,0,14,15,2,43,6,81,132,0,102,102,234
07/09/2013,MOB,AL,ASO,CE,Combined TRACON& Tower with Radar,6,40,7,158,211,0,2,4,28,34,6,42,11,186,245,28,128,156,401
07/10/2013,MOB,AL,ASO,CE,Combined TRACON& Tower with Radar,6,35,9,60,110,0,1,1,25,27,6,36,10,85,137,28,222,250,387
07/11/2013,MOB,AL,ASO,CE,Combined TRACON& Tower with Radar,4,38,15,22,79,0,0,0,12,12,4,38,15,34,91,6,86,92,183
07/12/2013,MOB,AL,ASO,CE,Combined TRACON& Tower with Radar,6,36,7,55,104,0,1,6,35,42,6,37,13,90,146,34,78,112,258
07/13/2013,MOB,AL,ASO,CE,Combined TRACON& Tower with Radar,2,36,8,23,69,0,0,2,10,12,2,36,10,33,81,8,132,140,221
07/14/2013,MOB,AL,ASO,CE,Combined TRACON& Tower with Radar,4,33,13,46,96,0,1,17,1,19,4,34,30,47,115,76,104,180,295
07/15/2013,MOB,AL,ASO,CE,Combined TRACON& Tower with Radar,6,39,16,102,163,0,2,5,33,40,6,41,21,135,203,4,40,44,247
07/16/2013,MOB,AL,ASO,CE,Combined TRACON& Tower with Radar,6,35,12,80,133,0,1,4,28,33,6,36,16,108,166,0,0,0,166
07/17/2013,MOB,AL,ASO,CE,Combined TRACON& Tower with Radar,9,36,15,112,172,0,4,8,43,55,9,40,23,155,227,18,148,166,393
07/18/2013,MOB,AL,ASO,CE,Combined TRACON& Tower with Radar,4,46,17,71,138,0,2,7,29,38,4,48,24,100,176,28,132,160,336
07/19/2013,MOB,AL,ASO,CE,Combined TRACON& Tower with Radar,6,37,16,41,100,0,1,8,23,32,6,38,24,64,132,0,0,0,132
07/20/2013,MOB,AL,ASO,CE,Combined TRACON& Tower with Radar,2,33,8,8,51,0,0,0,5,5,2,33,8,13,56,28,38,66,122
07/21/2013,MOB,AL,ASO,CE,Combined TRACON& Tower with Radar,4,33,13,26,76,0,0,5,5,10,4,33,18,31,86,0,0,0,86
07/22/2013,MOB,AL,ASO,CE,Combined TRACON& Tower with Radar,6,39,8,41,94,0,0,2,13,15,6,39,10,54,109,16,112,128,237
07/23/2013,MOB,AL,ASO,CE,Combined TRACON& Tower with Radar,6,40,3,52,101,0,0,0,35,35,6,40,3,87,136,28,120,148,284
07/24/2013,MOB,AL,ASO,CE,Combined TRACON& Tower with Radar,4,36,12,94,146,0,0,6,32,38,4,36,18,126,184,36,116,152,336
07/25/2013,MOB,AL,ASO,CE,Combined TRACON& Tower with Radar,4,41,19,122,186,0,0,17,42,59,4,41,36,164,245,12,150,162,407
07/26/2013,MOB,AL,ASO,CE,Combined TRACON& Tower with Radar,8,34,27,138,207,0,0,6,35,41,8,34,33,173,248,0,90,90,338
07/27/2013,MOB,AL,ASO,CE,Combined TRACON& Tower with Radar,2,35,8,12,57,0,0,8,0,8,2,35,16,12,65,34,46,80,145
07/28/2013,MOB,AL,ASO,CE,Combined TRACON& Tower with Radar,2,35,5,37,79,0,1,6,1,8,2,36,11,38,87,0,0,0,87
07/29/2013,MOB,AL,ASO,CE,Combined TRACON& Tower with Radar,4,40,19,96,159,0,0,3,28,31,4,40,22,124,190,0,0,0,190
07/30/2013,MOB,AL,ASO,CE,Combined TRACON& Tower with Radar,6,36,23,124,189,0,3,8,40,51,6,39,31,164,240,0,0,0,240
07/31/2013,MOB,AL,ASO,CE,Combined TRACON& Tower with Radar,4,36,16,70,126,0,1,7,41,49,4,37,23,111,175,10,94,104,279
08/01/2013,MOB,AL,ASO,CE,Combined TRACON& Tower with Radar,4,36,10,38,88,0,0,4,21,25,4,36,14,59,113,2,162,164,277
08/02/2013,MOB,AL,ASO,CE,Combined TRACON& Tower with Radar,6,41,10,66,123,0,3,6,11,20,6,44,16,77,143,0,0,0,143
08/03/2013,MOB,AL,ASO,CE,Combined TRACON& Tower with Radar,2,35,11,24,72,0,0,10,4,14,2,35,21,28,86,0,0,0,86
08/04/2013,MOB,AL,ASO,CE,Combined TRACON& Tower with Radar,4,33,12,18,67,0,0,8,6,14,4,33,20,24,81,0,0,0,81
08/05/2013,MOB,AL,ASO,CE,Combined TRACON& Tower with Radar,6,40,11,65,122,0,1,9,18,28,6,41,20,83,150,0,20,20,170
08/06/2013,MOB,AL,ASO,CE,Combined TRACON& Tower with Radar,6,35,11,64,116,0,2,5,17,24,6,37,16,81,140,12,30,42,182
08/07/2013,MOB,AL,ASO,CE,Combined TRACON& Tower with Radar,5,36,22,68,131,0,3,6,27,36,5,39,28,95,167,0,0,0,167
08/08/2013,MOB,AL,ASO,CE,Combined TRACON& Tower with Radar,6,41,18,97,162,0,0,9,31,40,6,41,27,128,202,0,71,71,273
08/09/2013,MOB,AL,ASO,CE,Combined TRACON& Tower with Radar,6,41,16,52,115,0,0,7,33,40,6,41,23,85,155,0,124,124,279
08/10/2013,MOB,AL,ASO,CE,Combined TRACON& Tower with Radar,2,36,12,1,51,0,0,3,4,7,2,36,15,5,58,0,60,60,118
08/11/2013,MOB,AL,ASO,CE,Combined TRACON& Tower with Radar,4,33,22,2,61,0,2,8,7,17,4,35,30,9,78,0,0,0,78
08/12/2013,MOB,AL,ASO,CE,Combined TRACON& Tower with Radar,6,34,8,62,110,0,1,5,17,23,6,35,13,79,133,0,0,0,133
08/13/2013,MOB,AL,ASO,CE,Combined TRACON& Tower with Radar,6,31,18,58,113,0,1,2,12,15,6,32,20,70,128,0,0,0,128
08/14/2013,MOB,AL,ASO,CE,Combined TRACON& Tower with Radar,6,37,42,165,250,0,0,10,35,45,6,37,52,200,295,10,100,110,405
08/15/2013,MOB,AL,ASO,CE,Combined TRACON& Tower with Radar,6,38,29,148,221,0,1,11,22,34,6,39,40,170,255,36,120,156,411
08/16/2013,MOB,AL,ASO,CE,Combined TRACON& Tower with Radar,6,33,23,109,171,0,0,2,25,27,6,33,25,134,198,0,246,246,444
08/17/2013,MOB,AL,ASO,CE,Combined TRACON& Tower with Radar,2,35,4,2,43,0,0,0,2,2,2,35,4,4,45,0,52,52,97
08/18/2013,MOB,AL,ASO,CE,Combined TRACON& Tower with Radar,6,30,1,4,41,0,0,0,0,0,6,30,1,4,41,0,0,0,41
08/19/2013,MOB,AL,ASO,CE,Combined TRACON& Tower with Radar,6,37,18,176,237,0,1,5,28,34,6,38,23,204,271,0,0,0,271
08/20/2013,MOB,AL,ASO,CE,Combined TRACON& Tower with Radar,6,35,6,74,121,0,2,14,30,46,6,37,20,104,167,0,0,0,167
08/21/2013,MOB,AL,ASO,CE,Combined TRACON& Tower with Radar,6,32,10,96,144,0,0,7,33,40,6,32,17,129,184,4,122,126,310
08/22/2013,MOB,AL,ASO,CE,Combined TRACON& Tower with Radar,6,35,21,126,188,0,1,14,42,57,6,36,35,168,245,6,184,190,435
08/23/2013,MOB,AL,ASO,CE,Combined TRACON& Tower with Radar,6,35,6,140,187,0,0,2,20,22,6,35,8,160,209,16,96,112,321
08/24/2013,MOB,AL,ASO,CE,Combined TRACON& Tower with Radar,4,32,8,22,66,0,0,0,2,2,4,32,8,24,68,18,122,140,208
08/25/2013,MOB,AL,ASO,CE,Combined TRACON& Tower with Radar,2,32,6,32,72,0,0,2,3,5,2,32,8,35,77,0,0,0,77
08/26/2013,MOB,AL,ASO,CE,Combined TRACON& Tower with Radar,6,42,9,162,219,0,2,11,58,71,6,44,20,220,290,4,178,182,472
08/27/2013,MOB,AL,ASO,CE,Combined TRACON& Tower with Radar,6,35,6,123,170,0,3,5,46,54,6,38,11,169,224,0,110,110,334
08/28/2013,MOB,AL,ASO,CE,Combined TRACON& Tower with Radar,6,38,20,184,248,0,0,7,42,49,6,38,27,226,297,10,296,306,603
08/29/2013,MOB,AL,ASO,CE,Combined TRACON& Tower with Radar,5,43,20,128,196,0,3,15,34,52,5,46,35,162,248,0,120,120,368
08/30/2013,MOB,AL,ASO,CE,Combined TRACON& Tower with Radar,4,35,7,54,100,0,0,8,29,37,4,35,15,83,137,8,96,104,241
08/31/2013,MOB,AL,ASO,CE,Combined TRACON& Tower with Radar,2,24,6,0,32,0,0,6,4,10,2,24,12,4,42,36,40,76,118
09/01/2013,MOB,AL,ASO,CE,Combined TRACON& Tower with Radar,4,26,1,2,33,0,0,2,3,5,4,26,3,5,38,22,0,22,60
09/02/2013,MOB,AL,ASO,CE,Combined TRACON& Tower with Radar,5,32,7,4,48,0,2,3,7,12,5,34,10,11,60,0,0,0,60
09/03/2013,MOB,AL,ASO,CE,Combined TRACON& Tower with Radar,4,39,18,113,174,0,0,10,35,45,4,39,28,148,219,28,156,184,403
09/04/2013,MOB,AL,ASO,CE,Combined TRACON& Tower with Radar,2,41,14,99,156,0,2,3,49,54,2,43,17,148,210,38,242,280,490
09/05/2013,MOB,AL,ASO,CE,Combined TRACON& Tower with Radar,4,37,22,88,151,0,0,10,30,40,4,37,32,118,191,2,158,160,351
09/06/2013,MOB,AL,ASO,CE,Combined TRACON& Tower with Radar,2,39,21,118,180,0,1,8,45,54,2,40,29,163,234,28,120,148,382
09/07/2013,MOB,AL,ASO,CE,Combined TRACON& Tower with Radar,2,28,6,14,50,0,1,7,11,19,2,29,13,25,69,24,38,62,131
09/08/2013,MOB,AL,ASO,CE,Combined TRACON& Tower with Radar,2,37,12,16,67,0,0,4,4,8,2,37,16,20,75,0,0,0,75
09/09/2013,MOB,AL,ASO,CE,Combined TRACON& Tower with Radar,2,43,11,153,209,0,3,6,43,52,2,46,17,196,261,0,74,74,335
09/10/2013,MOB,AL,ASO,CE,Combined TRACON& Tower with Radar,4,34,14,115,167,0,1,17,44,62,4,35,31,159,229,12,88,100,329
09/11/2013,MOB,AL,ASO,CE,Combined TRACON& Tower with Radar,4,42,12,161,219,0,4,8,47,59,4,46,20,208,278,6,222,228,506
09/12/2013,MOB,AL,ASO,CE,Combined TRACON& Tower with Radar,4,47,22,159,232,0,5,6,42,53,4,52,28,201,285,38,236,274,559
09/13/2013,MOB,AL,ASO,CE,Combined TRACON& Tower with Radar,6,37,18,116,177,0,0,13,41,54,6,37,31,157,231,0,96,96,327
09/14/2013,MOB,AL,ASO,CE,Combined TRACON& Tower with Radar,2,28,13,6,49,0,1,13,6,20,2,29,26,12,69,8,62,70,139
09/15/2013,MOB,AL,ASO,CE,Combined TRACON& Tower with Radar,4,37,15,75,131,0,0,11,8,19,4,37,26,83,150,0,0,0,150
09/16/2013,MOB,AL,ASO,CE,Combined TRACON& Tower with Radar,4,38,18,127,187,0,2,7,34,43,4,40,25,161,230,0,60,60,290
09/17/2013,MOB,AL,ASO,CE,Combined TRACON& Tower with Radar,4,35,34,87,160,0,1,12,35,48,4,36,46,122,208,60,168,228,436
09/18/2013,MOB,AL,ASO,CE,Combined TRACON& Tower with Radar,4,40,31,155,230,0,4,0,34,38,4,44,31,189,268,30,84,114,382
09/19/2013,MOB,AL,ASO,CE,Combined TRACON& Tower with Radar,4,38,41,148,231,0,0,12,32,44,4,38,53,180,275,22,236,258,533
09/20/2013,MOB,AL,ASO,CE,Combined TRACON& Tower with Radar,2,33,7,79,121,0,0,3,28,31,2,33,10,107,152,56,86,142,294
09/21/2013,MOB,AL,ASO,CE,Combined TRACON& Tower with Radar,2,25,3,1,31,0,0,0,0,0,2,25,3,1,31,0,0,0,31
09/22/2013,MOB,AL,ASO,CE,Combined TRACON& Tower with Radar,2,38,7,30,77,0,0,3,0,3,2,38,10,30,80,0,0,0,80
09/23/2013,MOB,AL,ASO,CE,Combined TRACON& Tower with Radar,4,40,20,96,160,0,2,7,46,55,4,42,27,142,215,0,172,172,387
09/24/2013,MOB,AL,ASO,CE,Combined TRACON& Tower with Radar,4,36,23,65,128,0,0,5,8,13,4,36,28,73,141,0,0,0,141
09/25/2013,MOB,AL,ASO,CE,Combined TRACON& Tower with Radar,4,38,8,97,147,0,1,2,33,36,4,39,10,130,183,14,250,264,447
09/26/2013,MOB,AL,ASO,CE,Combined TRACON& Tower with Radar,3,42,14,132,191,0,0,17,26,43,3,42,31,158,234,4,248,252,486
09/27/2013,MOB,AL,ASO,CE,Combined TRACON& Tower with Radar,2,39,17,71,129,0,0,15,38,53,2,39,32,109,182,36,126,162,344
09/28/2013,MOB,AL,ASO,CE,Combined TRACON& Tower with Radar,4,27,13,13,57,0,0,9,2,11,4,27,22,15,68,22,22,44,112
09/29/2013,MOB,AL,ASO,CE,Combined TRACON& Tower with Radar,2,41,10,49,102,0,0,14,2,16,2,41,24,51,118,0,0,0,118
09/30/2013,MOB,AL,ASO,CE,Combined TRACON& Tower with Radar,4,39,12,108,163,0,3,9,45,57,4,42,21,153,220,0,202,202,422
10/01/2013,MOB,AL,ASO,CE,Combined TRACON& Tower with Radar,2,35,29,24,90,0,2,24,24,50,2,37,53,48,140,42,202,244,384
10/02/2013,MOB,AL,ASO,CE,Combined TRACON& Tower with Radar,4,37,29,89,159,0,0,0,18,18,4,37,29,107,177,0,102,102,279
10/03/2013,MOB,AL,ASO,CE,Combined TRACON& Tower with Radar,2,40,10,57,109,0,2,9,8,19,2,42,19,65,128,24,58,82,210
10/04/2013,MOB,AL,ASO,CE,Combined TRACON& Tower with Radar,2,43,12,25,82,0,0,3,19,22,2,43,15,44,104,0,42,42,146
10/05/2013,MOB,AL,ASO,CE,Combined TRACON& Tower with Radar,2,25,3,1,31,0,0,2,1,3,2,25,5,2,34,2,6,8,42
10/06/2013,MOB,AL,ASO,CE,Combined TRACON& Tower with Radar,1,34,1,0,36,0,0,0,0,0,1,34,1,0,36,0,0,0,36
10/07/2013,MOB,AL,ASO,CE,Combined TRACON& Tower with Radar,2,43,10,44,99,0,0,11,41,52,2,43,21,85,151,20,156,176,327
10/08/2013,MOB,AL,ASO,CE,Combined TRACON& Tower with Radar,2,39,4,15,60,0,1,15,43,59,2,40,19,58,119,42,174,216,335
10/09/2013,MOB,AL,ASO,CE,Combined TRACON& Tower with Radar,4,40,16,67,127,0,0,7,34,41,4,40,23,101,168,7,70,77,245
10/10/2013,MOB,AL,ASO,CE,Combined TRACON& Tower with Radar,2,41,7,44,94,0,0,4,33,37,2,41,11,77,131,0,0,0,131
10/11/2013,MOB,AL,ASO,CE,Combined TRACON& Tower with Radar,2,39,15,52,108,0,2,5,35,42,2,41,20,87,150,0,102,102,252
10/12/2013,MOB,AL,ASO,CE,Combined TRACON& Tower with Radar,3,25,12,0,40,0,1,1,2,4,3,26,13,2,44,0,0,0,44
10/13/2013,MOB,AL,ASO,CE,Combined TRACON& Tower with Radar,3,39,14,1,57,0,0,10,1,11,3,39,24,2,68,0,0,0,68
10/14/2013,MOB,AL,ASO,CE,Combined TRACON& Tower with Radar,2,40,13,2,57,0,0,7,0,7,2,40,20,2,64,0,0,0,64
10/15/2013,MOB,AL,ASO,CE,Combined TRACON& Tower with Radar,2,37,17,51,107,0,0,9,50,59,2,37,26,101,166,36,88,124,290
10/16/2013,MOB,AL,ASO,CE,Combined TRACON& Tower with Radar,4,40,23,142,209,0,0,10,34,44,4,40,33,176,253,0,126,126,379
10/17/2013,MOB,AL,ASO,CE,Combined TRACON& Tower with Radar,2,41,16,78,137,0,0,8,23,31,2,41,24,101,168,0,98,98,266
10/18/2013,MOB,AL,ASO,CE,Combined TRACON& Tower with Radar,2,48,19,49,118,0,2,13,29,44,2,50,32,78,162,30,116,146,308
10/19/2013,MOB,AL,ASO,CE,Combined TRACON& Tower with Radar,2,26,11,28,67,0,0,0,2,2,2,26,11,30,69,6,80,86,155
10/20/2013,MOB,AL,ASO,CE,Combined TRACON& Tower with Radar,2,38,12,16,68,0,0,12,5,17,2,38,24,21,85,2,38,40,125
10/21/2013,MOB,AL,ASO,CE,Combined TRACON& Tower with Radar,2,42,10,76,130,0,0,6,47,53,2,42,16,123,183,0,25,25,208
10/22/2013,MOB,AL,ASO,CE,Combined TRACON& Tower with Radar,2,39,9,99,149,0,3,12,40,55,2,42,21,139,204,8,178,186,390
10/23/2013,MOB,AL,ASO,CE,Combined TRACON& Tower with Radar,4,35,6,40,85,0,1,9,19,29,4,36,15,59,114,8,124,132,246
10/24/2013,MOB,AL,ASO,CE,Combined TRACON& Tower with Radar,2,41,19,80,142,0,3,6,39,48,2,44,25,119,190,6,120,126,316
10/25/2013,MOB,AL,ASO,CE,Combined TRACON& Tower with Radar,2,39,8,54,103,0,0,3,20,23,2,39,11,74,126,0,0,0,126
10/26/2013,MOB,AL,ASO,CE,Combined TRACON& Tower with Radar,2,26,17,16,61,0,0,14,6,20,2,26,31,22,81,2,56,58,139
10/27/2013,MOB,AL,ASO,CE,Combined TRACON& Tower with Radar,2,41,17,33,93,0,0,9,0,9,2,41,26,33,102,0,0,0,102
10/28/2013,MOB,AL,ASO,CE,Combined TRACON& Tower with Radar,2,40,23,84,149,0,0,10,15,25,2,40,33,99,174,0,62,62,236
10/29/2013,MOB,AL,ASO,CE,Combined TRACON& Tower with Radar,2,38,25,100,165,0,0,13,35,48,2,38,38,135,213,0,154,154,367
10/30/2013,MOB,AL,ASO,CE,Combined TRACON& Tower with Radar,4,39,9,88,140,0,1,6,45,52,4,40,15,133,192,0,104,104,296
10/31/2013,MOB,AL,ASO,CE,Combined TRACON& Tower with Radar,6,44,13,103,166,0,0,4,33,37,6,44,17,136,203,0,0,0,203
11/01/2013,MOB,AL,ASO,CE,Combined TRACON& Tower with Radar,2,41,17,152,212,0,0,7,28,35,2,41,24,180,247,0,146,146,393
11/02/2013,MOB,AL,ASO,CE,Combined TRACON& Tower with Radar,2,30,6,18,56,0,1,15,7,23,2,31,21,25,79,34,186,220,299
11/03/2013,MOB,AL,ASO,CE,Combined TRACON& Tower with Radar,2,39,4,22,67,0,0,6,3,9,2,39,10,25,76,32,10,42,118
11/04/2013,MOB,AL,ASO,CE,Combined TRACON& Tower with Radar,4,39,15,85,143,0,1,8,31,40,4,40,23,116,183,100,178,278,461
11/05/2013,MOB,AL,ASO,CE,Combined TRACON& Tower with Radar,4,36,13,121,174,0,4,9,33,46,4,40,22,154,220,89,224,313,533
11/06/2013,MOB,AL,ASO,CE,Combined TRACON& Tower with Radar,2,41,27,122,192,0,3,5,27,35,2,44,32,149,227,0,90,90,317
11/07/2013,MOB,AL,ASO,CE,Combined TRACON& Tower with Radar,4,42,18,175,239,0,3,4,30,37,4,45,22,205,276,28,134,162,438
11/08/2013,MOB,AL,ASO,CE,Combined TRACON& Tower with Radar,6,39,11,65,121,0,2,13,39,54,6,41,24,104,175,4,82,86,261
11/09/2013,MOB,AL,ASO,CE,Combined TRACON& Tower with Radar,2,25,10,11,48,0,0,13,4,17,2,25,23,15,65,34,44,78,143
11/10/2013,MOB,AL,ASO,CE,Combined TRACON& Tower with Radar,2,39,15,13,69,0,0,13,2,15,2,39,28,15,84,0,26,26,110
11/11/2013,MOB,AL,ASO,CE,Combined TRACON& Tower with Radar,2,38,6,1,47,0,0,10,1,11,2,38,16,2,58,0,0,0,58
11/12/2013,MOB,AL,ASO,CE,Combined TRACON& Tower with Radar,4,37,19,90,150,0,0,5,38,43,4,37,24,128,193,2,120,122,315
11/13/2013,MOB,AL,ASO,CE,Combined TRACON& Tower with Radar,2,42,16,115,175,0,2,8,47,57,2,44,24,162,232,24,182,206,438
11/14/2013,MOB,AL,ASO,CE,Combined TRACON& Tower with Radar,4,47,14,156,221,0,3,14,50,67,4,50,28,206,288,0,248,248,536
11/15/2013,MOB,AL,ASO,CE,Combined TRACON& Tower with Radar,2,42,26,95,165,0,0,0,0,0,2,42,26,95,165,0,100,100,265
11/16/2013,MOB,AL,ASO,CE,Combined TRACON& Tower with Radar,2,26,2,25,55,0,0,0,0,0,2,26,2,25,55,0,24,24,79
11/17/2013,MOB,AL,ASO,CE,Combined TRACON& Tower with Radar,4,39,12,51,106,0,0,1,0,1,4,39,13,51,107,0,12,12,119
11/18/2013,MOB,AL,ASO,CE,Combined TRACON& Tower with Radar,6,33,16,129,184,0,0,10,36,46,6,33,26,165,230,0,116,116,346
11/19/2013,MOB,AL,ASO,CE,Combined TRACON& Tower with Radar,4,36,37,76,153,0,0,15,25,40,4,36,52,101,193,34,120,154,347
11/20/2013,MOB,AL,ASO,CE,Combined TRACON& Tower with Radar,4,44,13,143,204,0,4,12,35,51,4,48,25,178,255,30,188,218,473
11/21/2013,MOB,AL,ASO,CE,Combined TRACON& Tower with Radar,12,39,11,115,177,0,0,1,14,15,12,39,12,129,192,12,216,228,420
11/22/2013,MOB,AL,ASO,CE,Combined TRACON& Tower with Radar,6,31,13,83,133,0,0,1,17,18,6,31,14,100,151,0,146,146,297
11/23/2013,MOB,AL,ASO,CE,Combined TRACON& Tower with Radar,2,25,6,6,39,0,0,0,0,0,2,25,6,6,39,0,146,146,185
11/24/2013,MOB,AL,ASO,CE,Combined TRACON& Tower with Radar,4,30,2,15,51,0,0,3,7,10,4,30,5,22,61,60,98,158,219
11/25/2013,MOB,AL,ASO,CE,Combined TRACON& Tower with Radar,6,30,13,94,143,0,0,2,22,24,6,30,15,116,167,10,82,92,259
11/26/2013,MOB,AL,ASO,CE,Combined TRACON& Tower with Radar,6,37,6,70,119,0,0,0,8,8,6,37,6,78,127,0,54,54,181
11/27/2013,MOB,AL,ASO,CE,Combined TRACON& Tower with Radar,4,35,11,24,74,0,0,10,16,26,4,35,21,40,100,0,58,58,158
11/28/2013,MOB,AL,ASO,CE,Combined TRACON& Tower with Radar,3,23,6,0,32,0,0,2,0,2,3,23,8,0,34,10,0,10,44
11/29/2013,MOB,AL,ASO,CE,Combined TRACON& Tower with Radar,5,22,6,0,33,0,0,4,2,6,5,22,10,2,39,22,10,32,71
11/30/2013,MOB,AL,ASO,CE,Combined TRACON& Tower with Radar,2,34,7,0,43,0,0,10,2,12,2,34,17,2,55,0,0,0,55
12/01/2013,MOB,AL,ASO,CE,Combined TRACON& Tower with Radar,4,37,12,0,53,0,0,8,2,10,4,37,20,2,63,0,0,0,63
12/02/2013,MOB,AL,ASO,CE,Combined TRACON& Tower with Radar,4,42,10,62,118,0,0,10,38,48,4,42,20,100,166,0,48,48,214
12/03/2013,MOB,AL,ASO,CE,Combined TRACON& Tower with Radar,6,41,18,138,203,0,0,4,31,35,6,41,22,169,238,30,136,166,404
12/04/2013,MOB,AL,ASO,CE,Combined TRACON& Tower with Radar,10,39,23,157,229,0,0,1,11,12,10,39,24,168,241,0,46,46,287
12/05/2013,MOB,AL,ASO,CE,Combined TRACON& Tower with Radar,5,40,23,92,160,0,0,3,3,6,5,40,26,95,166,0,114,114,280
12/06/2013,MOB,AL,ASO,CE,Combined TRACON& Tower with Radar,6,37,14,109,166,0,0,0,6,6,6,37,14,115,172,16,136,152,324
12/07/2013,MOB,AL,ASO,CE,Combined TRACON& Tower with Radar,4,23,10,18,55,0,0,0,0,0,4,23,10,18,55,0,10,10,65
12/08/2013,MOB,AL,ASO,CE,Combined TRACON& Tower with Radar,3,34,7,12,56,0,0,2,0,2,3,34,9,12,58,0,0,0,58
12/09/2013,MOB,AL,ASO,CE,Combined TRACON& Tower with Radar,6,38,7,120,171,0,0,3,12,15,6,38,10,132,186,0,20,20,206
12/10/2013,MOB,AL,ASO,CE,Combined TRACON& Tower with Radar,6,36,2,133,177,0,0,1,31,32,6,36,3,164,209,26,160,186,395
12/11/2013,MOB,AL,ASO,CE,Combined TRACON& Tower with Radar,6,38,14,88,146,0,0,21,38,59,6,38,35,126,205,4,92,96,301
12/12/2013,MOB,AL,ASO,CE,Combined TRACON& Tower with Radar,4,47,18,117,186,0,3,20,33,56,4,50,38,150,242,4,146,150,392
12/13/2013,MOB,AL,ASO,CE,Combined TRACON& Tower with Radar,5,39,11,45,100,0,1,10,33,44,5,40,21,78,144,2,114,116,260
12/14/2013,MOB,AL,ASO,CE,Combined TRACON& Tower with Radar,4,23,6,20,53,0,0,2,2,4,4,23,8,22,57,0,88,88,145
12/15/2013,MOB,AL,ASO,CE,Combined TRACON& Tower with Radar,4,35,7,22,68,0,0,3,2,5,4,35,10,24,73,0,0,0,73
12/16/2013,MOB,AL,ASO,CE,Combined TRACON& Tower with Radar,6,36,15,111,168,0,0,10,32,42,6,36,25,143,210,0,170,170,380
12/17/2013,MOB,AL,ASO,CE,Combined TRACON& Tower with Radar,6,32,14,116,168,0,1,16,34,51,6,33,30,150,219,8,200,208,427
12/18/2013,MOB,AL,ASO,CE,Combined TRACON& Tower with Radar,6,37,21,84,148,0,3,12,15,30,6,40,33,99,178,8,36,44,222
12/19/2013,MOB,AL,ASO,CE,Combined TRACON& Tower with Radar,4,34,23,102,163,0,0,13,6,19,4,34,36,108,182,16,122,138,320
12/20/2013,MOB,AL,ASO,CE,Combined TRACON& Tower with Radar,4,34,11,121,170,0,1,9,7,17,4,35,20,128,187,0,94,94,281
12/21/2013,MOB,AL,ASO,CE,Combined TRACON& Tower with Radar,2,38,7,5,52,0,0,0,0,0,2,38,7,5,52,6,4,10,62
12/22/2013,MOB,AL,ASO,CE,Combined TRACON& Tower with Radar,4,28,3,0,35,0,0,1,0,1,4,28,4,0,36,0,0,0,36
12/23/2013,MOB,AL,ASO,CE,Combined TRACON& Tower with Radar,4,38,11,45,98,0,0,1,2,3,4,38,12,47,101,0,0,0,101
12/24/2013,MOB,AL,ASO,CE,Combined TRACON& Tower with Radar,2,29,1,0,32,0,0,3,2,5,2,29,4,2,37,0,0,0,37
12/25/2013,MOB,AL,ASO,CE,Combined TRACON& Tower with Radar,2,28,0,0,30,0,0,3,0,3,2,28,3,0,33,0,0,0,33
12/26/2013,MOB,AL,ASO,CE,Combined TRACON& Tower with Radar,4,36,9,36,85,0,0,8,21,29,4,36,17,57,114,0,38,38,152
12/27/2013,MOB,AL,ASO,CE,Combined TRACON& Tower with Radar,4,34,7,35,80,0,0,4,9,13,4,34,11,44,93,0,108,108,201
12/28/2013,MOB,AL,ASO,CE,Combined TRACON& Tower with Radar,2,28,2,0,32,0,0,0,0,0,2,28,2,0,32,14,12,26,58
12/29/2013,MOB,AL,ASO,CE,Combined TRACON& Tower with Radar,2,33,4,10,49,0,0,5,0,5,2,33,9,10,54,0,0,0,54
12/30/2013,MOB,AL,ASO,CE,Combined TRACON& Tower with Radar,4,34,12,45,95,0,1,5,11,17,4,35,17,56,112,14,14,28,140
12/31/2013,MOB,AL,ASO,CE,Combined TRACON& Tower with Radar,2,31,10,5,48,0,0,2,2,4,2,31,12,7,52,22,18,40,92
01/01/2014,MOB,AL,ASO,CE,Combined TRACON& Tower with Radar,2,28,4,0,34,0,0,0,0,0,2,28,4,0,34,0,0,0,34
01/02/2014,MOB,AL,ASO,CE,Combined TRACON& Tower with Radar,4,32,7,109,152,0,0,0,1,1,4,32,7,110,153,0,144,144,297
01/03/2014,MOB,AL,ASO,CE,Combined TRACON& Tower with Radar,5,34,11,27,77,0,0,11,6,17,5,34,22,33,94,34,62,96,190
01/04/2014,MOB,AL,ASO,CE,Combined TRACON& Tower with Radar,3,25,18,21,67,0,0,3,7,10,3,25,21,28,77,14,34,48,125
01/05/2014,MOB,AL,ASO,CE,Combined TRACON& Tower with Radar,4,28,5,25,62,0,0,7,1,8,4,28,12,26,70,28,36,64,134
01/06/2014,MOB,AL,ASO,CE,Combined TRACON& Tower with Radar,2,29,15,48,94,0,0,3,6,9,2,29,18,54,103,6,110,116,219
01/07/2014,MOB,AL,ASO,CE,Combined TRACON& Tower with Radar,4,38,18,164,224,0,1,11,27,39,4,39,29,191,263,24,252,276,539
01/08/2014,MOB,AL,ASO,CE,Combined TRACON& Tower with Radar,4,34,15,133,186,0,1,17,29,47,4,35,32,162,233,18,224,242,475
01/09/2014,MOB,AL,ASO,CE,Combined TRACON& Tower with Radar,4,44,10,121,179,0,1,5,37,43,4,45,15,158,222,12,112,124,346
01/10/2014,MOB,AL,ASO,CE,Combined TRACON& Tower with Radar,8,39,20,25,92,0,0,0,2,2,8,39,20,27,94,6,98,104,198
01/11/2014,MOB,AL,ASO,CE,Combined TRACON& Tower with Radar,4,25,4,40,73,0,0,1,5,6,4,25,5,45,79,8,62,70,149
01/12/2014,MOB,AL,ASO,CE,Combined TRACON& Tower with Radar,2,33,13,33,81,0,0,19,5,24,2,33,32,38,105,42,158,200,305
01/13/2014,MOB,AL,ASO,CE,Combined TRACON& Tower with Radar,6,43,11,20,80,0,0,0,4,4,6,43,11,24,84,0,142,142,226
01/14/2014,MOB,AL,ASO,CE,Combined TRACON& Tower with Radar,4,39,7,192,242,0,2,19,39,60,4,41,26,231,302,0,0,0,302
01/15/2014,MOB,AL,ASO,CE,Combined TRACON& Tower with Radar,4,35,11,193,243,0,0,7,43,50,4,35,18,236,293,0,170,170,463
01/16/2014,MOB,AL,ASO,CE,Combined TRACON& Tower with Radar,4,35,20,132,191,0,0,17,40,57,4,35,37,172,248,46,224,270,518
01/17/2014,MOB,AL,ASO,CE,Combined TRACON& Tower with Radar,3,44,17,66,130,0,4,9,40,53,3,48,26,106,183,16,240,256,439
01/18/2014,MOB,AL,ASO,CE,Combined TRACON& Tower with Radar,0,28,4,6,38,0,1,5,2,8,0,29,9,8,46,4,36,40,86
01/19/2014,MOB,AL,ASO,CE,Combined TRACON& Tower with Radar,1,42,4,9,56,0,0,3,7,10,1,42,7,16,66,12,116,128,194
01/20/2014,MOB,AL,ASO,CE,Combined TRACON& Tower with Radar,2,47,17,3,69,0,2,13,2,17,2,49,30,5,86,0,6,6,92
01/21/2014,MOB,AL,ASO,CE,Combined TRACON& Tower with Radar,4,53,11,115,183,0,0,4,28,32,4,53,15,143,215,0,20,20,235
01/22/2014,MOB,AL,ASO,CE,Combined TRACON& Tower with Radar,4,37,17,134,192,0,3,16,30,49,4,40,33,164,241,8,146,154,395
01/23/2014,MOB,AL,ASO,CE,Combined TRACON& Tower with Radar,4,37,17,107,165,0,2,14,38,54,4,39,31,145,219,0,380,380,599
01/24/2014,MOB,AL,ASO,CE,Combined TRACON& Tower with Radar,2,30,7,43,82,0,0,3,11,14,2,30,10,54,96,4,56,60,156
01/25/2014,MOB,AL,ASO,CE,Combined TRACON& Tower with Radar,4,19,5,18,46,0,0,4,4,8,4,19,9,22,54,8,14,22,76
01/26/2014,MOB,AL,ASO,CE,Combined TRACON& Tower with Radar,2,38,8,24,72,0,0,5,4,9,2,38,13,28,81,0,92,92,173
01/27/2014,MOB,AL,ASO,CE,Combined TRACON& Tower with Radar,3,38,18,111,170,0,0,0,19,19,3,38,18,130,189,0,104,104,293
01/28/2014,MOB,AL,ASO,CE,Combined TRACON& Tower with Radar,0,0,0,0,0,0,0,0,0,0,0,0,0,0,0,0,56,56,56
01/29/2014,MOB,AL,ASO,CE,Combined TRACON& Tower with Radar,0,0,0,0,0,0,0,0,0,0,0,0,0,0,0,14,0,14,14
01/30/2014,MOB,AL,ASO,CE,Combined TRACON& Tower with Radar,0,23,14,46,83,0,1,10,38,49,0,24,24,84,132,10,202,212,344
01/31/2014,MOB,AL,ASO,CE,Combined TRACON& Tower with Radar,3,36,11,40,90,0,0,6,34,40,3,36,17,74,130,4,236,240,370
02/01/2014,MOB,AL,ASO,CE,Combined TRACON& Tower with Radar,2,29,22,38,91,0,0,5,6,11,2,29,27,44,102,58,148,206,308
02/02/2014,MOB,AL,ASO,CE,Combined TRACON& Tower with Radar,4,23,6,9,42,0,0,0,0,0,4,23,6,9,42,0,0,0,42
02/03/2014,MOB,AL,ASO,CE,Combined TRACON& Tower with Radar,4,34,14,70,122,0,0,0,8,8,4,34,14,78,130,38,148,186,316
02/04/2014,MOB,AL,ASO,CE,Combined TRACON& Tower with Radar,8,39,7,10,64,0,0,1,0,1,8,39,8,10,65,0,0,0,65
02/05/2014,MOB,AL,ASO,CE,Combined TRACON& Tower with Radar,4,36,23,116,179,0,1,14,43,58,4,37,37,159,237,18,186,204,441
02/06/2014,MOB,AL,ASO,CE,Combined TRACON& Tower with Radar,4,31,14,42,91,0,0,9,27,36,4,31,23,69,127,16,98,114,241
02/07/2014,MOB,AL,ASO,CE,Combined TRACON& Tower with Radar,4,37,19,91,151,0,2,14,34,50,4,39,33,125,201,44,354,398,599
02/08/2014,MOB,AL,ASO,CE,Combined TRACON& Tower with Radar,2,22,20,17,61,0,0,6,3,9,2,22,26,20,70,74,152,226,296
02/09/2014,MOB,AL,ASO,CE,Combined TRACON& Tower with Radar,2,49,6,29,86,0,0,21,12,33,2,49,27,41,119,8,198,206,325
02/10/2014,MOB,AL,ASO,CE,Combined TRACON& Tower with Radar,4,37,15,114,170,0,0,0,7,7,4,37,15,121,177,0,34,34,211
02/11/2014,MOB,AL,ASO,CE,Combined TRACON& Tower with Radar,3,27,1,26,57,0,0,0,0,0,3,27,1,26,57,0,0,0,57
02/12/2014,MOB,AL,ASO,CE,Combined TRACON& Tower with Radar,0,16,11,52,79,0,0,0,0,0,0,16,11,52,79,0,18,18,97
02/13/2014,MOB,AL,ASO,CE,Combined TRACON& Tower with Radar,1,23,23,120,167,0,1,12,46,59,1,24,35,166,226,0,166,166,392
02/14/2014,MOB,AL,ASO,CE,Combined TRACON& Tower with Radar,2,38,22,73,135,0,1,16,36,53,2,39,38,109,188,0,0,0,188
02/15/2014,MOB,AL,ASO,CE,Combined TRACON& Tower with Radar,2,27,9,14,52,0,1,7,8,16,2,28,16,22,68,0,0,0,68
02/16/2014,MOB,AL,ASO,CE,Combined TRACON& Tower with Radar,2,34,10,24,70,0,0,9,7,16,2,34,19,31,86,0,128,128,214
02/17/2014,MOB,AL,ASO,CE,Combined TRACON& Tower with Radar,2,38,12,19,71,0,0,1,1,2,2,38,13,20,73,0,0,0,73
02/18/2014,MOB,AL,ASO,CE,Combined TRACON& Tower with Radar,2,46,12,153,213,0,0,0,9,9,2,46,12,162,222,0,92,92,314
02/19/2014,MOB,AL,ASO,CE,Combined TRACON& Tower with Radar,2,45,22,127,196,0,0,1,12,13,2,45,23,139,209,0,0,0,209
02/20/2014,MOB,AL,ASO,CE,Combined TRACON& Tower with Radar,2,45,18,144,209,0,0,0,4,4,2,45,18,148,213,0,128,128,341
02/21/2014,MOB,AL,ASO,CE,Combined TRACON& Tower with Radar,3,42,18,110,173,0,0,14,52,66,3,42,32,162,239,0,290,290,529
02/22/2014,MOB,AL,ASO,CE,Combined TRACON& Tower with Radar,3,24,13,26,66,0,0,15,12,27,3,24,28,38,93,10,172,182,275
02/23/2014,MOB,AL,ASO,CE,Combined TRACON& Tower with Radar,4,35,6,18,63,0,0,0,0,0,4,35,6,18,63,24,58,82,145
02/24/2014,MOB,AL,ASO,CE,Combined TRACON& Tower with Radar,2,37,26,140,205,0,0,8,37,45,2,37,34,177,250,62,320,382,632
02/25/2014,MOB,AL,ASO,CE,Combined TRACON& Tower with Radar,2,39,17,87,145,0,0,9,44,53,2,39,26,131,198,0,0,0,198
02/26/2014,MOB,AL,ASO,CE,Combined TRACON& Tower with Radar,2,42,10,93,147,0,0,2,23,25,2,42,12,116,172,0,120,120,292
02/27/2014,MOB,AL,ASO,CE,Combined TRACON& Tower with Radar,2,42,30,117,191,0,0,7,48,55,2,42,37,165,246,22,244,266,512
02/28/2014,MOB,AL,ASO,CE,Combined TRACON& Tower with Radar,2,43,14,102,161,0,0,9,47,56,2,43,23,149,217,10,386,396,613
03/01/2014,MOB,AL,ASO,CE,Combined TRACON& Tower with Radar,2,29,7,13,51,0,2,6,12,20,2,31,13,25,71,0,100,100,171
03/02/2014,MOB,AL,ASO,CE,Combined TRACON& Tower with Radar,2,32,8,12,54,0,1,4,1,6,2,33,12,13,60,24,38,62,122
03/03/2014,MOB,AL,ASO,CE,Combined TRACON& Tower with Radar,4,32,2,68,106,0,0,0,11,11,4,32,2,79,117,0,14,14,131
03/04/2014,MOB,AL,ASO,CE,Combined TRACON& Tower with Radar,2,35,8,8,53,0,0,0,0,0,2,35,8,8,53,0,0,0,53
03/05/2014,MOB,AL,ASO,CE,Combined TRACON& Tower with Radar,2,49,13,102,166,0,0,2,18,20,2,49,15,120,186,18,112,130,316
03/06/2014,MOB,AL,ASO,CE,Combined TRACON& Tower with Radar,2,34,11,47,94,0,0,0,0,0,2,34,11,47,94,0,32,32,126
03/07/2014,MOB,AL,ASO,CE,Combined TRACON& Tower with Radar,2,34,23,68,127,0,0,11,34,45,2,34,34,102,172,26,118,144,316
03/08/2014,MOB,AL,ASO,CE,Combined TRACON& Tower with Radar,2,29,10,10,51,0,0,2,3,5,2,29,12,13,56,0,0,0,56
03/09/2014,MOB,AL,ASO,CE,Combined TRACON& Tower with Radar,4,36,3,27,70,0,0,6,3,9,4,36,9,30,79,28,42,70,149
03/10/2014,MOB,AL,ASO,CE,Combined TRACON& Tower with Radar,4,47,22,82,155,0,3,23,34,60,4,50,45,116,215,0,70,70,285
03/11/2014,MOB,AL,ASO,CE,Combined TRACON& Tower with Radar,2,37,13,43,95,0,0,2,9,11,2,37,15,52,106,0,118,118,224
03/12/2014,MOB,AL,ASO,CE,Combined TRACON& Tower with Radar,2,41,14,123,180,0,0,1,32,33,2,41,15,155,213,16,164,180,393
03/13/2014,MOB,AL,ASO,CE,Combined TRACON& Tower with Radar,2,39,24,118,183,0,0,20,37,57,2,39,44,155,240,8,186,194,434
03/14/2014,MOB,AL,ASO,CE,Combined TRACON& Tower with Radar,2,39,13,135,189,0,0,16,35,51,2,39,29,170,240,0,226,226,466
03/15/2014,MOB,AL,ASO,CE,Combined TRACON& Tower with Radar,2,24,7,25,58,0,0,1,7,8,2,24,8,32,66,0,0,0,66
03/16/2014,MOB,AL,ASO,CE,Combined TRACON& Tower with Radar,2,34,3,6,45,0,0,1,0,1,2,34,4,6,46,0,0,0,46
03/17/2014,MOB,AL,ASO,CE,Combined TRACON& Tower with Radar,2,41,18,162,223,0,0,0,13,13,2,41,18,175,236,64,152,216,452
03/18/2014,MOB,AL,ASO,CE,Combined TRACON& Tower with Radar,2,39,22,147,210,0,0,15,33,48,2,39,37,180,258,0,156,156,414
03/19/2014,MOB,AL,ASO,CE,Combined TRACON& Tower with Radar,2,42,14,118,176,0,1,17,22,40,2,43,31,140,216,18,158,176,392
03/20/2014,MOB,AL,ASO,CE,Combined TRACON& Tower with Radar,2,38,15,140,195,0,6,21,40,67,2,44,36,180,262,8,188,196,458
03/21/2014,MOB,AL,ASO,CE,Combined TRACON& Tower with Radar,2,46,13,88,149,0,0,13,21,34,2,46,26,109,183,2,212,214,397
03/22/2014,MOB,AL,ASO,CE,Combined TRACON& Tower with Radar,2,26,2,22,52,0,0,8,2,10,2,26,10,24,62,0,0,0,62
03/23/2014,MOB,AL,ASO,CE,Combined TRACON& Tower with Radar,2,37,6,72,117,0,0,2,0,2,2,37,8,72,119,118,136,254,373
03/24/2014,MOB,AL,ASO,CE,Combined TRACON& Tower with Radar,2,39,18,98,157,0,3,10,33,46,2,42,28,131,203,32,166,198,401
03/25/2014,MOB,AL,ASO,CE,Combined TRACON& Tower with Radar,2,43,27,129,201,0,1,10,34,45,2,44,37,163,246,32,126,158,404
03/26/2014,MOB,AL,ASO,CE,Combined TRACON& Tower with Radar,2,41,11,103,157,0,0,24,43,67,2,41,35,146,224,24,138,162,386
03/27/2014,MOB,AL,ASO,CE,Combined TRACON& Tower with Radar,2,43,10,103,158,0,1,2,30,33,2,44,12,133,191,14,134,148,339
03/28/2014,MOB,AL,ASO,CE,Combined TRACON& Tower with Radar,2,35,6,3,46,0,0,0,0,0,2,35,6,3,46,0,0,0,46
03/29/2014,MOB,AL,ASO,CE,Combined TRACON& Tower with Radar,2,25,9,21,57,0,0,4,2,6,2,25,13,23,63,0,7,7,70
03/30/2014,MOB,AL,ASO,CE,Combined TRACON& Tower with Radar,2,36,11,22,71,0,0,14,6,20,2,36,25,28,91,0,90,90,181
03/31/2014,MOB,AL,ASO,CE,Combined TRACON& Tower with Radar,2,47,11,105,165,0,6,6,24,36,2,53,17,129,201,0,46,46,247
04/01/2014,MOB,AL,ASO,CE,Combined TRACON& Tower with Radar,8,29,25,58,120,0,5,24,34,63,8,34,49,92,183,40,132,172,355
04/02/2014,MOB,AL,ASO,CE,Combined TRACON& Tower with Radar,8,28,12,118,166,0,0,13,22,35,8,28,25,140,201,10,64,74,275
04/03/2014,MOB,AL,ASO,CE,Combined TRACON& Tower with Radar,7,34,14,89,144,0,0,3,7,10,7,34,17,96,154,0,0,0,154
04/04/2014,MOB,AL,ASO,CE,Combined TRACON& Tower with Radar,11,28,7,61,107,0,1,1,7,9,11,29,8,68,116,0,56,56,172
04/05/2014,MOB,AL,ASO,CE,Combined TRACON& Tower with Radar,6,17,2,34,59,0,0,6,3,9,6,17,8,37,68,0,0,0,68
04/06/2014,MOB,AL,ASO,CE,Combined TRACON& Tower with Radar,8,27,7,8,50,0,0,0,0,0,8,27,7,8,50,0,0,0,50
04/07/2014,MOB,AL,ASO,CE,Combined TRACON& Tower with Radar,8,29,7,124,168,0,1,0,28,29,8,30,7,152,197,10,88,98,295
04/08/2014,MOB,AL,ASO,CE,Combined TRACON& Tower with Radar,9,24,13,71,117,0,2,0,38,40,9,26,13,109,157,0,0,0,157
04/09/2014,MOB,AL,ASO,CE,Combined TRACON& Tower with Radar,8,27,14,173,222,0,0,19,42,61,8,27,33,215,283,0,84,84,367
04/10/2014,MOB,AL,ASO,CE,Combined TRACON& Tower with Radar,8,34,18,127,187,0,0,10,39,49,8,34,28,166,236,20,142,162,398
04/11/2014,MOB,AL,ASO,CE,Combined TRACON& Tower with Radar,8,32,12,86,138,0,0,4,37,41,8,32,16,123,179,0,0,0,179
04/12/2014,MOB,AL,ASO,CE,Combined TRACON& Tower with Radar,6,19,15,31,71,0,2,21,7,30,6,21,36,38,101,0,68,68,169
04/13/2014,MOB,AL,ASO,CE,Combined TRACON& Tower with Radar,4,30,12,15,61,0,3,10,2,15,4,33,22,17,76,38,108,146,222
04/14/2014,MOB,AL,ASO,CE,Combined TRACON& Tower with Radar,9,26,17,65,117,0,0,1,13,14,9,26,18,78,131,0,0,0,131
04/15/2014,MOB,AL,ASO,CE,Combined TRACON& Tower with Radar,11,25,19,120,175,0,3,5,29,37,11,28,24,149,212,0,252,252,464
04/16/2014,MOB,AL,ASO,CE,Combined TRACON& Tower with Radar,10,31,11,130,182,0,1,18,27,46,10,32,29,157,228,2,238,240,468
04/17/2014,MOB,AL,ASO,CE,Combined TRACON& Tower with Radar,8,42,10,123,183,0,0,5,21,26,8,42,15,144,209,0,0,0,209
04/18/2014,MOB,AL,ASO,CE,Combined TRACON& Tower with Radar,9,31,9,46,95,0,0,0,16,16,9,31,9,62,111,0,166,166,277
04/19/2014,MOB,AL,ASO,CE,Combined TRACON& Tower with Radar,4,19,17,59,99,0,0,6,5,11,4,19,23,64,110,0,36,36,146
04/20/2014,MOB,AL,ASO,CE,Combined TRACON& Tower with Radar,7,25,7,0,39,0,0,4,2,6,7,25,11,2,45,0,0,0,45
04/21/2014,MOB,AL,ASO,CE,Combined TRACON& Tower with Radar,10,32,39,104,185,0,0,12,40,52,10,32,51,144,237,0,0,0,237
04/22/2014,MOB,AL,ASO,CE,Combined TRACON& Tower with Radar,10,28,13,182,233,0,4,8,25,37,10,32,21,207,270,0,146,146,416
04/23/2014,MOB,AL,ASO,CE,Combined TRACON& Tower with Radar,9,25,16,160,210,0,0,15,45,60,9,25,31,205,270,0,230,230,500
04/24/2014,MOB,AL,ASO,CE,Combined TRACON& Tower with Radar,8,33,29,124,194,0,2,12,31,45,8,35,41,155,239,48,152,200,439
04/25/2014,MOB,AL,ASO,CE,Combined TRACON& Tower with Radar,10,25,14,136,185,0,0,13,35,48,10,25,27,171,233,0,0,0,233
04/26/2014,MOB,AL,ASO,CE,Combined TRACON& Tower with Radar,6,17,4,25,52,0,0,3,0,3,6,17,7,25,55,11,0,11,66
04/27/2014,MOB,AL,ASO,CE,Combined TRACON& Tower with Radar,6,29,14,48,97,0,0,4,0,4,6,29,18,48,101,0,0,0,101
04/28/2014,MOB,AL,ASO,CE,Combined TRACON& Tower with Radar,10,26,14,112,162,0,0,4,14,18,10,26,18,126,180,0,62,62,242
04/29/2014,MOB,AL,ASO,CE,Combined TRACON& Tower with Radar,9,17,8,12,46,0,0,2,13,15,9,17,10,25,61,0,0,0,61
04/30/2014,MOB,AL,ASO,CE,Combined TRACON& Tower with Radar,11,28,19,34,92,0,0,4,48,52,11,28,23,82,144,10,96,106,250
05/01/2014,MOB,AL,ASO,CE,Combined TRACON& Tower with Radar,8,32,20,106,166,0,0,8,53,61,8,32,28,159,227,0,132,132,359
05/02/2014,MOB,AL,ASO,CE,Combined TRACON& Tower with Radar,10,28,14,89,141,0,3,14,37,54,10,31,28,126,195,0,82,82,277
05/03/2014,MOB,AL,ASO,CE,Combined TRACON& Tower with Radar,8,22,28,26,84,0,0,24,8,32,8,22,52,34,116,4,34,38,154
05/04/2014,MOB,AL,ASO,CE,Combined TRACON& Tower with Radar,6,30,7,26,69,0,0,4,12,16,6,30,11,38,85,0,36,36,121
05/05/2014,MOB,AL,ASO,CE,Combined TRACON& Tower with Radar,5,11,11,39,66,0,2,8,20,30,5,13,19,59,96,40,166,206,302
05/06/2014,MOB,AL,ASO,CE,Combined TRACON& Tower with Radar,10,31,19,86,146,0,3,22,36,61,10,34,41,122,207,0,60,60,267
05/07/2014,MOB,AL,ASO,CE,Combined TRACON& Tower with Radar,10,27,17,136,190,0,3,1,33,37,10,30,18,169,227,4,118,122,349
05/08/2014,MOB,AL,ASO,CE,Combined TRACON& Tower with Radar,10,34,11,137,192,0,0,0,22,22,10,34,11,159,214,0,206,206,420
05/09/2014,MOB,AL,ASO,CE,Combined TRACON& Tower with Radar,10,27,12,16,65,0,0,1,8,9,10,27,13,24,74,0,46,46,120
05/10/2014,MOB,AL,ASO,CE,Combined TRACON& Tower with Radar,8,19,11,26,64,0,0,5,0,5,8,19,16,26,69,0,0,0,69
05/11/2014,MOB,AL,ASO,CE,Combined TRACON& Tower with Radar,8,28,6,36,78,0,0,4,1,5,8,28,10,37,83,0,0,0,83
05/12/2014,MOB,AL,ASO,CE,Combined TRACON& Tower with Radar,14,33,11,150,208,0,0,6,23,29,14,33,17,173,237,0,68,68,305
05/13/2014,MOB,AL,ASO,CE,Combined TRACON& Tower with Radar,10,27,9,153,199,0,0,9,36,45,10,27,18,189,244,0,0,0,244
05/14/2014,MOB,AL,ASO,CE,Combined TRACON& Tower with Radar,10,33,8,51,102,0,0,0,0,0,10,33,8,51,102,0,36,36,138
05/15/2014,MOB,AL,ASO,CE,Combined TRACON& Tower with Radar,8,34,14,121,177,0,0,5,44,49,8,34,19,165,226,0,0,0,226
05/16/2014,MOB,AL,ASO,CE,Combined TRACON& Tower with Radar,10,37,10,66,123,0,1,12,40,53,10,38,22,106,176,0,0,0,176
05/17/2014,MOB,AL,ASO,CE,Combined TRACON& Tower with Radar,12,21,10,8,51,0,0,13,3,16,12,21,23,11,67,0,0,0,67
05/18/2014,MOB,AL,ASO,CE,Combined TRACON& Tower with Radar,4,17,1,40,62,0,0,2,0,2,4,17,3,40,64,0,0,0,64
05/19/2014,MOB,AL,ASO,CE,Combined TRACON& Tower with Radar,8,33,9,73,123,0,0,7,33,40,8,33,16,106,163,0,0,0,163
05/20/2014,MOB,AL,ASO,CE,Combined TRACON& Tower with Radar,12,37,11,160,220,0,1,8,33,42,12,38,19,193,262,0,28,28,290
05/21/2014,MOB,AL,ASO,CE,Combined TRACON& Tower with Radar,10,45,21,185,261,0,4,19,34,57,10,49,40,219,318,68,182,250,568
05/22/2014,MOB,AL,ASO,CE,Combined TRACON& Tower with Radar,10,40,17,132,199,0,0,13,29,42,10,40,30,161,241,0,0,0,241
05/23/2014,MOB,AL,ASO,CE,Combined TRACON& Tower with Radar,10,30,10,44,94,0,0,9,34,43,10,30,19,78,137,0,92,92,229
05/24/2014,MOB,AL,ASO,CE,Combined TRACON& Tower with Radar,8,18,9,8,43,0,0,4,2,6,8,18,13,10,49,0,0,0,49
05/25/2014,MOB,AL,ASO,CE,Combined TRACON& Tower with Radar,8,18,10,0,36,0,0,17,4,21,8,18,27,4,57,0,0,0,57
05/26/2014,MOB,AL,ASO,CE,Combined TRACON& Tower with Radar,10,26,3,0,39,0,0,5,2,7,10,26,8,2,46,0,0,0,46
05/27/2014,MOB,AL,ASO,CE,Combined TRACON& Tower with Radar,10,31,8,156,205,0,1,9,47,57,10,32,17,203,262,8,92,100,362
05/28/2014,MOB,AL,ASO,CE,Combined TRACON& Tower with Radar,8,34,13,20,75,0,0,1,13,14,8,34,14,33,89,0,0,0,89
05/29/2014,MOB,AL,ASO,CE,Combined TRACON& Tower with Radar,10,31,15,78,134,0,0,4,17,21,10,31,19,95,155,0,192,192,347
05/30/2014,MOB,AL,ASO,CE,Combined TRACON& Tower with Radar,10,27,8,86,131,0,1,2,18,21,10,28,10,104,152,0,156,156,308
05/31/2014,MOB,AL,ASO,CE,Combined TRACON& Tower with Radar,8,20,6,20,54,0,0,4,0,4,8,20,10,20,58,12,0,12,70
06/01/2014,MOB,AL,ASO,CE,Combined TRACON& Tower with Radar,8,30,6,34,78,0,0,4,8,12,8,30,10,42,90,0,0,0,90
06/02/2014,MOB,AL,ASO,CE,Combined TRACON& Tower with Radar,10,36,15,92,153,0,2,1,27,30,10,38,16,119,183,0,0,0,183
06/03/2014,MOB,AL,ASO,CE,Combined TRACON& Tower with Radar,9,32,16,135,192,0,2,0,18,20,9,34,16,153,212,24,112,136,348
06/04/2014,MOB,AL,ASO,CE,Combined TRACON& Tower with Radar,16,29,21,174,240,0,4,15,48,67,16,33,36,222,307,0,0,0,307
06/05/2014,MOB,AL,ASO,CE,Combined TRACON& Tower with Radar,4,44,19,155,222,0,0,7,28,35,4,44,26,183,257,8,130,138,395
06/06/2014,MOB,AL,ASO,CE,Combined TRACON& Tower with Radar,6,37,23,124,190,0,0,16,21,37,6,37,39,145,227,0,0,0,227
06/07/2014,MOB,AL,ASO,CE,Combined TRACON& Tower with Radar,4,30,8,57,99,0,0,9,8,17,4,30,17,65,116,0,0,0,116
06/08/2014,MOB,AL,ASO,CE,Combined TRACON& Tower with Radar,6,32,6,58,102,0,1,5,7,13,6,33,11,65,115,122,16,138,253
06/09/2014,MOB,AL,ASO,CE,Combined TRACON& Tower with Radar,6,27,2,127,162,0,2,6,26,34,6,29,8,153,196,0,54,54,250
06/10/2014,MOB,AL,ASO,CE,Combined TRACON& Tower with Radar,5,29,14,36,84,0,0,2,13,15,5,29,16,49,99,0,58,58,157
06/11/2014,MOB,AL,ASO,CE,Combined TRACON& Tower with Radar,4,42,15,97,158,0,0,3,31,34,4,42,18,128,192,28,110,138,330
06/12/2014,MOB,AL,ASO,CE,Combined TRACON& Tower with Radar,4,35,28,124,191,0,0,6,23,29,4,35,34,147,220,0,46,46,266
06/13/2014,MOB,AL,ASO,CE,Combined TRACON& Tower with Radar,6,36,3,49,94,0,0,8,7,15,6,36,11,56,109,0,80,80,189
06/14/2014,MOB,AL,ASO,CE,Combined TRACON& Tower with Radar,4,28,4,2,38,0,0,3,3,6,4,28,7,5,44,24,34,58,102
06/15/2014,MOB,AL,ASO,CE,Combined TRACON& Tower with Radar,4,35,11,34,84,0,1,7,5,13,4,36,18,39,97,0,0,0,97
06/16/2014,MOB,AL,ASO,CE,Combined TRACON& Tower with Radar,6,31,19,125,181,0,1,14,32,47,6,32,33,157,228,0,32,32,260
06/17/2014,MOB,AL,ASO,CE,Combined TRACON& Tower with Radar,6,36,12,133,187,0,0,4,35,39,6,36,16,168,226,0,72,72,298
06/18/2014,MOB,AL,ASO,CE,Combined TRACON& Tower with Radar,4,33,10,45,92,0,1,5,41,47,4,34,15,86,139,12,140,152,291
06/19/2014,MOB,AL,ASO,CE,Combined TRACON& Tower with Radar,6,33,20,61,120,0,1,9,23,33,6,34,29,84,153,12,78,90,243
06/20/2014,MOB,AL,ASO,CE,Combined TRACON& Tower with Radar,5,34,11,63,113,0,1,7,23,31,5,35,18,86,144,14,94,108,252
06/21/2014,MOB,AL,ASO,CE,Combined TRACON& Tower with Radar,4,29,19,26,78,0,0,11,9,20,4,29,30,35,98,0,84,84,182
06/22/2014,MOB,AL,ASO,CE,Combined TRACON& Tower with Radar,6,32,20,21,79,0,0,9,15,24,6,32,29,36,103,0,0,0,103
06/23/2014,MOB,AL,ASO,CE,Combined TRACON& Tower with Radar,6,35,2,59,102,0,0,0,17,17,6,35,2,76,119,28,178,206,325
06/24/2014,MOB,AL,ASO,CE,Combined TRACON& Tower with Radar,8,40,24,109,181,0,2,3,27,32,8,42,27,136,213,0,40,40,253
06/25/2014,MOB,AL,ASO,CE,Combined TRACON& Tower with Radar,4,42,16,132,194,0,0,10,35,45,4,42,26,167,239,4,6,10,249
06/26/2014,MOB,AL,ASO,CE,Combined TRACON& Tower with Radar,12,31,5,70,118,0,0,0,26,26,12,31,5,96,144,0,0,0,144
06/27/2014,MOB,AL,ASO,CE,Combined TRACON& Tower with Radar,6,36,25,105,172,0,0,0,24,24,6,36,25,129,196,0,0,0,196
06/28/2014,MOB,AL,ASO,CE,Combined TRACON& Tower with Radar,10,27,3,18,58,0,0,7,2,9,10,27,10,20,67,0,0,0,67
06/29/2014,MOB,AL,ASO,CE,Combined TRACON& Tower with Radar,2,35,5,15,57,0,0,16,4,20,2,35,21,19,77,16,42,58,135
06/30/2014,MOB,AL,ASO,CE,Combined TRACON& Tower with Radar,6,45,3,164,218,0,0,8,22,30,6,45,11,186,248,58,274,332,580
07/01/2014,MOB,AL,ASO,CE,Combined TRACON& Tower with Radar,4,47,12,152,215,0,1,16,32,49,4,48,28,184,264,0,64,64,328
07/02/2014,MOB,AL,ASO,CE,Combined TRACON& Tower with Radar,6,37,14,170,227,0,0,13,22,35,6,37,27,192,262,28,72,100,362
07/03/2014,MOB,AL,ASO,CE,Combined TRACON& Tower with Radar,6,38,4,46,94,0,0,9,20,29,6,38,13,66,123,30,76,106,229
07/04/2014,MOB,AL,ASO,CE,Combined TRACON& Tower with Radar,2,25,1,0,28,0,0,5,2,7,2,25,6,2,35,0,0,0,35
07/05/2014,MOB,AL,ASO,CE,Combined TRACON& Tower with Radar,4,25,0,0,29,0,0,4,2,6,4,25,4,2,35,0,0,0,35
07/06/2014,MOB,AL,ASO,CE,Combined TRACON& Tower with Radar,6,34,4,0,44,0,0,17,2,19,6,34,21,2,63,0,0,0,63
07/07/2014,MOB,AL,ASO,CE,Combined TRACON& Tower with Radar,6,34,7,14,61,0,0,11,19,30,6,34,18,33,91,0,24,24,115
07/08/2014,MOB,AL,ASO,CE,Combined TRACON& Tower with Radar,6,38,10,17,71,0,0,23,32,55,6,38,33,49,126,10,28,38,164
07/09/2014,MOB,AL,ASO,CE,Combined TRACON& Tower with Radar,4,41,15,16,76,0,2,11,21,34,4,43,26,37,110,0,40,40,150
07/10/2014,MOB,AL,ASO,CE,Combined TRACON& Tower with Radar,6,39,5,43,93,0,2,6,34,42,6,41,11,77,135,0,110,110,245
07/11/2014,MOB,AL,ASO,CE,Combined TRACON& Tower with Radar,6,40,10,36,92,0,1,3,28,32,6,41,13,64,124,8,38,46,170
07/12/2014,MOB,AL,ASO,CE,Combined TRACON& Tower with Radar,4,25,6,27,62,0,0,4,7,11,4,25,10,34,73,14,62,76,149
07/13/2014,MOB,AL,ASO,CE,Combined TRACON& Tower with Radar,6,32,8,22,68,0,0,8,6,14,6,32,16,28,82,20,48,68,150
07/14/2014,MOB,AL,ASO,CE,Combined TRACON& Tower with Radar,6,31,18,95,150,0,0,2,40,42,6,31,20,135,192,38,322,360,552
07/15/2014,MOB,AL,ASO,CE,Combined TRACON& Tower with Radar,6,36,8,49,99,0,0,5,18,23,6,36,13,67,122,0,42,42,164
07/16/2014,MOB,AL,ASO,CE,Combined TRACON& Tower with Radar,4,37,17,64,122,0,0,13,28,41,4,37,30,92,163,2,26,28,191
07/17/2014,MOB,AL,ASO,CE,Combined TRACON& Tower with Radar,4,41,18,122,185,0,0,6,30,36,4,41,24,152,221,0,24,24,245
07/18/2014,MOB,AL,ASO,CE,Combined TRACON& Tower with Radar,6,35,9,6,56,0,0,0,12,12,6,35,9,18,68,12,112,124,192
07/19/2014,MOB,AL,ASO,CE,Combined TRACON& Tower with Radar,4,25,8,17,54,0,1,1,1,3,4,26,9,18,57,0,18,18,75
07/20/2014,MOB,AL,ASO,CE,Combined TRACON& Tower with Radar,6,30,6,18,60,0,0,4,0,4,6,30,10,18,64,14,0,14,78
07/21/2014,MOB,AL,ASO,CE,Combined TRACON& Tower with Radar,6,39,7,139,191,0,0,1,23,24,6,39,8,162,215,0,142,142,357
07/22/2014,MOB,AL,ASO,CE,Combined TRACON& Tower with Radar,4,36,8,41,89,0,1,5,19,25,4,37,13,60,114,0,36,36,150
07/23/2014,MOB,AL,ASO,CE,Combined TRACON& Tower with Radar,4,37,19,53,113,0,0,3,38,41,4,37,22,91,154,4,94,98,252
07/24/2014,MOB,AL,ASO,CE,Combined TRACON& Tower with Radar,4,37,14,152,207,0,0,3,25,28,4,37,17,177,235,4,180,184,419
07/25/2014,MOB,AL,ASO,CE,Combined TRACON& Tower with Radar,8,44,11,39,102,0,0,4,16,20,8,44,15,55,122,0,14,14,136
07/26/2014,MOB,AL,ASO,CE,Combined TRACON& Tower with Radar,4,26,1,12,43,0,0,12,2,14,4,26,13,14,57,0,20,20,77
07/27/2014,MOB,AL,ASO,CE,Combined TRACON& Tower with Radar,6,34,16,56,112,0,0,14,7,21,6,34,30,63,133,0,0,0,133
07/28/2014,MOB,AL,ASO,CE,Combined TRACON& Tower with Radar,6,34,9,95,144,0,0,7,19,26,6,34,16,114,170,42,196,238,408
07/29/2014,MOB,AL,ASO,CE,Combined TRACON& Tower with Radar,6,41,10,139,196,0,3,4,33,40,6,44,14,172,236,36,186,222,458
07/30/2014,MOB,AL,ASO,CE,Combined TRACON& Tower with Radar,4,39,6,111,160,0,5,5,32,42,4,44,11,143,202,0,90,90,292
07/31/2014,MOB,AL,ASO,CE,Combined TRACON& Tower with Radar,6,35,10,113,164,0,0,7,39,46,6,35,17,152,210,20,84,104,314
08/01/2014,MOB,AL,ASO,CE,Combined TRACON& Tower with Radar,6,34,5,83,128,0,1,6,37,44,6,35,11,120,172,34,132,166,338
08/02/2014,MOB,AL,ASO,CE,Combined TRACON& Tower with Radar,4,23,18,9,54,0,1,6,8,15,4,24,24,17,69,34,132,166,235
08/03/2014,MOB,AL,ASO,CE,Combined TRACON& Tower with Radar,6,34,3,0,43,0,0,2,2,4,6,34,5,2,47,20,52,72,119
08/04/2014,MOB,AL,ASO,CE,Combined TRACON& Tower with Radar,6,39,13,61,119,0,4,9,4,17,6,43,22,65,136,4,60,64,200
08/05/2014,MOB,AL,ASO,CE,Combined TRACON& Tower with Radar,6,35,15,116,172,0,1,16,30,47,6,36,31,146,219,0,68,68,287
08/06/2014,MOB,AL,ASO,CE,Combined TRACON& Tower with Radar,4,40,12,79,135,0,3,4,38,45,4,43,16,117,180,0,44,44,224
08/07/2014,MOB,AL,ASO,CE,Combined TRACON& Tower with Radar,6,39,15,84,144,0,2,1,29,32,6,41,16,113,176,0,76,76,252
08/08/2014,MOB,AL,ASO,CE,Combined TRACON& Tower with Radar,5,37,10,68,120,0,2,5,26,33,5,39,15,94,153,0,72,72,225
08/09/2014,MOB,AL,ASO,CE,Combined TRACON& Tower with Radar,4,22,12,13,51,0,0,3,5,8,4,22,15,18,59,0,0,0,59
08/10/2014,MOB,AL,ASO,CE,Combined TRACON& Tower with Radar,4,32,10,35,81,0,0,5,7,12,4,32,15,42,93,0,0,0,93
08/11/2014,MOB,AL,ASO,CE,Combined TRACON& Tower with Radar,6,38,10,116,170,0,0,1,39,40,6,38,11,155,210,0,64,64,274
08/12/2014,MOB,AL,ASO,CE,Combined TRACON& Tower with Radar,6,34,18,111,169,0,2,8,44,54,6,36,26,155,223,16,66,82,305
08/13/2014,MOB,AL,ASO,CE,Combined TRACON& Tower with Radar,4,43,13,152,212,0,3,7,18,28,4,46,20,170,240,4,110,114,354
08/14/2014,MOB,AL,ASO,CE,Combined TRACON& Tower with Radar,6,39,16,121,182,0,0,9,37,46,6,39,25,158,228,0,114,114,342
08/15/2014,MOB,AL,ASO,CE,Combined TRACON& Tower with Radar,6,44,18,129,197,0,4,18,24,46,6,48,36,153,243,10,108,118,361
08/16/2014,MOB,AL,ASO,CE,Combined TRACON& Tower with Radar,4,25,6,0,35,0,0,0,6,6,4,25,6,6,41,0,28,28,69
08/17/2014,MOB,AL,ASO,CE,Combined TRACON& Tower with Radar,4,29,8,22,63,0,2,4,7,13,4,31,12,29,76,0,0,0,76
08/18/2014,MOB,AL,ASO,CE,Combined TRACON& Tower with Radar,6,36,4,83,129,0,2,4,44,50,6,38,8,127,179,0,0,0,179
08/19/2014,MOB,AL,ASO,CE,Combined TRACON& Tower with Radar,13,34,17,65,129,0,2,11,28,41,13,36,28,93,170,70,58,128,298
08/20/2014,MOB,AL,ASO,CE,Combined TRACON& Tower with Radar,10,24,20,218,272,0,5,15,46,66,10,29,35,264,338,58,38,96,434
08/21/2014,MOB,AL,ASO,CE,Combined TRACON& Tower with Radar,12,30,13,144,199,0,0,3,42,45,12,30,16,186,244,26,24,50,294
08/22/2014,MOB,AL,ASO,CE,Combined TRACON& Tower with Radar,12,34,12,112,170,0,0,17,32,49,12,34,29,144,219,0,118,118,337
08/23/2014,MOB,AL,ASO,CE,Combined TRACON& Tower with Radar,9,24,6,22,61,0,0,3,9,12,9,24,9,31,73,9,0,9,82
08/24/2014,MOB,AL,ASO,CE,Combined TRACON& Tower with Radar,8,28,5,17,58,0,0,8,1,9,8,28,13,18,67,0,0,0,67
08/25/2014,MOB,AL,ASO,CE,Combined TRACON& Tower with Radar,13,35,8,60,116,0,0,7,36,43,13,35,15,96,159,0,0,0,159
08/26/2014,MOB,AL,ASO,CE,Combined TRACON& Tower with Radar,14,29,14,93,150,0,3,9,30,42,14,32,23,123,192,4,56,60,252
08/27/2014,MOB,AL,ASO,CE,Combined TRACON& Tower with Radar,10,31,6,80,127,0,0,9,36,45,10,31,15,116,172,4,44,48,220
08/28/2014,MOB,AL,ASO,CE,Combined TRACON& Tower with Radar,10,47,14,46,117,0,3,5,36,44,10,50,19,82,161,0,102,102,263
08/29/2014,MOB,AL,ASO,CE,Combined TRACON& Tower with Radar,13,29,20,30,92,0,1,6,14,21,13,30,26,44,113,48,164,212,325
08/30/2014,MOB,AL,ASO,CE,Combined TRACON& Tower with Radar,8,18,8,4,38,0,1,1,1,3,8,19,9,5,41,0,0,0,41
08/31/2014,MOB,AL,ASO,CE,Combined TRACON& Tower with Radar,10,18,5,0,33,0,2,1,2,5,10,20,6,2,38,0,0,0,38
09/01/2014,MOB,AL,ASO,CE,Combined TRACON& Tower with Radar,12,27,3,0,42,0,1,2,2,5,12,28,5,2,47,0,0,0,47
09/02/2014,MOB,AL,ASO,CE,Combined TRACON& Tower with Radar,9,39,11,51,110,0,0,4,25,29,9,39,15,76,139,10,64,74,213
09/03/2014,MOB,AL,ASO,CE,Combined TRACON& Tower with Radar,6,34,18,72,130,0,0,10,31,41,6,34,28,103,171,0,140,140,311
09/04/2014,MOB,AL,ASO,CE,Combined TRACON& Tower with Radar,6,35,25,67,133,0,1,7,32,40,6,36,32,99,173,2,60,62,235
09/05/2014,MOB,AL,ASO,CE,Combined TRACON& Tower with Radar,6,32,9,45,92,0,2,6,21,29,6,34,15,66,121,22,174,196,317
09/06/2014,MOB,AL,ASO,CE,Combined TRACON& Tower with Radar,11,20,9,31,71,0,0,3,7,10,11,20,12,38,81,0,0,0,81
09/07/2014,MOB,AL,ASO,CE,Combined TRACON& Tower with Radar,7,28,12,24,71,0,0,5,2,7,7,28,17,26,78,0,0,0,78
09/08/2014,MOB,AL,ASO,CE,Combined TRACON& Tower with Radar,6,36,7,91,140,0,0,10,19,29,6,36,17,110,169,40,172,212,381
09/09/2014,MOB,AL,ASO,CE,Combined TRACON& Tower with Radar,6,38,11,80,135,0,0,4,30,34,6,38,15,110,169,0,0,0,169
09/10/2014,MOB,AL,ASO,CE,Combined TRACON& Tower with Radar,8,37,31,126,202,0,2,12,39,53,8,39,43,165,255,0,187,187,442
09/11/2014,MOB,AL,ASO,CE,Combined TRACON& Tower with Radar,6,49,16,111,182,0,2,15,40,57,6,51,31,151,239,0,44,44,283
09/12/2014,MOB,AL,ASO,CE,Combined TRACON& Tower with Radar,4,41,26,85,156,0,0,3,29,32,4,41,29,114,188,17,84,101,289
09/13/2014,MOB,AL,ASO,CE,Combined TRACON& Tower with Radar,5,21,16,16,58,0,2,20,2,24,5,23,36,18,82,0,0,0,82
09/14/2014,MOB,AL,ASO,CE,Combined TRACON& Tower with Radar,3,42,21,34,100,0,0,13,5,18,3,42,34,39,118,10,44,54,172
09/15/2014,MOB,AL,ASO,CE,Combined TRACON& Tower with Radar,6,36,14,106,162,0,0,14,49,63,6,36,28,155,225,24,86,110,335
09/16/2014,MOB,AL,ASO,CE,Combined TRACON& Tower with Radar,6,31,6,60,103,0,0,3,18,21,6,31,9,78,124,0,0,0,124
09/17/2014,MOB,AL,ASO,CE,Combined TRACON& Tower with Radar,8,39,35,124,206,0,1,24,45,70,8,40,59,169,276,6,242,248,524
09/18/2014,MOB,AL,ASO,CE,Combined TRACON& Tower with Radar,4,38,17,61,120,0,0,9,33,42,4,38,26,94,162,0,0,0,162
09/19/2014,MOB,AL,ASO,CE,Combined TRACON& Tower with Radar,2,42,19,87,150,0,1,15,38,54,2,43,34,125,204,0,0,0,204
09/20/2014,MOB,AL,ASO,CE,Combined TRACON& Tower with Radar,5,19,11,24,59,0,0,7,3,10,5,19,18,27,69,0,0,0,69
09/21/2014,MOB,AL,ASO,CE,Combined TRACON& Tower with Radar,5,33,15,19,72,0,1,15,3,19,5,34,30,22,91,0,0,0,91
09/22/2014,MOB,AL,ASO,CE,Combined TRACON& Tower with Radar,6,36,16,152,210,0,2,23,25,50,6,38,39,177,260,6,114,120,380
09/23/2014,MOB,AL,ASO,CE,Combined TRACON& Tower with Radar,6,39,15,148,208,0,2,8,27,37,6,41,23,175,245,0,50,50,295
09/24/2014,MOB,AL,ASO,CE,Combined TRACON& Tower with Radar,8,32,26,118,184,0,0,17,21,38,8,32,43,139,222,14,82,96,318
09/25/2014,MOB,AL,ASO,CE,Combined TRACON& Tower with Radar,6,38,12,119,175,0,0,7,27,34,6,38,19,146,209,0,0,0,209
09/26/2014,MOB,AL,ASO,CE,Combined TRACON& Tower with Radar,2,40,19,133,194,0,4,14,19,37,2,44,33,152,231,12,114,126,357
09/27/2014,MOB,AL,ASO,CE,Combined TRACON& Tower with Radar,5,20,7,12,44,0,2,1,2,5,5,22,8,14,49,0,0,0,49
09/28/2014,MOB,AL,ASO,CE,Combined TRACON& Tower with Radar,5,33,0,21,59,0,0,0,0,0,5,33,0,21,59,0,0,0,59
09/29/2014,MOB,AL,ASO,CE,Combined TRACON& Tower with Radar,6,40,21,127,194,0,0,3,20,23,6,40,24,147,217,0,30,30,247
09/30/2014,MOB,AL,ASO,CE,Combined TRACON& Tower with Radar,6,38,12,79,135,0,0,2,16,18,6,38,14,95,153,0,82,82,235
10/01/2014,MOB,AL,ASO,CE,Combined TRACON& Tower with Radar,6,38,14,162,220,0,2,6,38,46,6,40,20,200,266,12,222,234,500
10/02/2014,MOB,AL,ASO,CE,Combined TRACON& Tower with Radar,4,33,9,44,90,0,0,4,4,8,4,33,13,48,98,4,54,58,156
10/03/2014,MOB,AL,ASO,CE,Combined TRACON& Tower with Radar,2,32,17,98,149,0,0,5,19,24,2,32,22,117,173,20,390,410,583
10/04/2014,MOB,AL,ASO,CE,Combined TRACON& Tower with Radar,4,21,18,57,100,0,0,15,7,22,4,21,33,64,122,0,0,0,122
10/05/2014,MOB,AL,ASO,CE,Combined TRACON& Tower with Radar,8,32,15,17,72,0,0,11,6,17,8,32,26,23,89,0,0,0,89
10/06/2014,MOB,AL,ASO,CE,Combined TRACON& Tower with Radar,6,35,30,180,251,0,2,20,35,57,6,37,50,215,308,6,56,62,370
10/07/2014,MOB,AL,ASO,CE,Combined TRACON& Tower with Radar,5,34,32,167,238,0,5,24,33,62,5,39,56,200,300,0,184,184,484
10/08/2014,MOB,AL,ASO,CE,Combined TRACON& Tower with Radar,6,41,13,158,218,0,0,8,32,40,6,41,21,190,258,18,30,48,306
10/09/2014,MOB,AL,ASO,CE,Combined TRACON& Tower with Radar,6,42,26,135,209,0,1,9,36,46,6,43,35,171,255,0,138,138,393
10/10/2014,MOB,AL,ASO,CE,Combined TRACON& Tower with Radar,2,41,8,129,180,0,1,11,26,38,2,42,19,155,218,4,128,132,350
10/11/2014,MOB,AL,ASO,CE,Combined TRACON& Tower with Radar,4,20,3,15,42,0,0,4,1,5,4,20,7,16,47,0,0,0,47
10/12/2014,MOB,AL,ASO,CE,Combined TRACON& Tower with Radar,10,31,15,6,62,0,0,3,3,6,10,31,18,9,68,0,0,0,68
10/13/2014,MOB,AL,ASO,CE,Combined TRACON& Tower with Radar,6,30,5,0,41,0,0,0,2,2,6,30,5,2,43,0,0,0,43
10/14/2014,MOB,AL,ASO,CE,Combined TRACON& Tower with Radar,6,40,11,144,201,0,0,16,27,43,6,40,27,171,244,0,56,56,300
10/15/2014,MOB,AL,ASO,CE,Combined TRACON& Tower with Radar,6,42,25,84,157,0,0,14,35,49,6,42,39,119,206,10,92,102,308
10/16/2014,MOB,AL,ASO,CE,Combined TRACON& Tower with Radar,6,39,20,116,181,0,1,10,34,45,6,40,30,150,226,26,90,116,342
10/17/2014,MOB,AL,ASO,CE,Combined TRACON& Tower with Radar,2,38,12,94,146,0,0,16,20,36,2,38,28,114,182,0,86,86,268
10/18/2014,MOB,AL,ASO,CE,Combined TRACON& Tower with Radar,4,21,9,38,72,0,0,10,12,22,4,21,19,50,94,0,0,0,94
10/19/2014,MOB,AL,ASO,CE,Combined TRACON& Tower with Radar,8,36,8,35,87,0,1,8,12,21,8,37,16,47,108,0,0,0,108
10/20/2014,MOB,AL,ASO,CE,Combined TRACON& Tower with Radar,8,44,11,160,223,0,8,13,27,48,8,52,24,187,271,50,128,178,449
10/21/2014,MOB,AL,ASO,CE,Combined TRACON& Tower with Radar,6,33,14,174,227,0,1,10,26,37,6,34,24,200,264,42,140,182,446
10/22/2014,MOB,AL,ASO,CE,Combined TRACON& Tower with Radar,6,35,13,124,178,0,0,7,51,58,6,35,20,175,236,6,22,28,264
10/23/2014,MOB,AL,ASO,CE,Combined TRACON& Tower with Radar,10,41,13,110,174,0,7,16,26,49,10,48,29,136,223,0,164,164,387
10/24/2014,MOB,AL,ASO,CE,Combined TRACON& Tower with Radar,4,36,16,63,119,0,1,6,29,36,4,37,22,92,155,0,74,74,229
10/25/2014,MOB,AL,ASO,CE,Combined TRACON& Tower with Radar,4,21,6,15,46,0,0,17,3,20,4,21,23,18,66,2,22,24,90
10/26/2014,MOB,AL,ASO,CE,Combined TRACON& Tower with Radar,6,32,7,42,87,0,1,9,2,12,6,33,16,44,99,0,0,0,99
10/27/2014,MOB,AL,ASO,CE,Combined TRACON& Tower with Radar,6,52,5,147,210,0,5,6,44,55,6,57,11,191,265,0,242,242,507
10/28/2014,MOB,AL,ASO,CE,Combined TRACON& Tower with Radar,5,38,11,154,208,0,3,8,31,42,5,41,19,185,250,4,224,228,478
10/29/2014,MOB,AL,ASO,CE,Combined TRACON& Tower with Radar,5,36,8,119,168,0,3,7,34,44,5,39,15,153,212,10,163,173,385
10/30/2014,MOB,AL,ASO,CE,Combined TRACON& Tower with Radar,8,39,16,78,141,0,3,16,27,46,8,42,32,105,187,0,208,208,395
10/31/2014,MOB,AL,ASO,CE,Combined TRACON& Tower with Radar,4,41,15,99,159,0,1,12,27,40,4,42,27,126,199,0,60,60,259
11/01/2014,MOB,AL,ASO,CE,Combined TRACON& Tower with Radar,4,23,13,16,56,0,1,10,21,32,4,24,23,37,88,8,72,80,168
11/02/2014,MOB,AL,ASO,CE,Combined TRACON& Tower with Radar,4,35,8,16,63,0,0,3,9,12,4,35,11,25,75,0,0,0,75
11/03/2014,MOB,AL,ASO,CE,Combined TRACON& Tower with Radar,6,37,10,91,144,0,0,9,44,53,6,37,19,135,197,4,60,64,261
11/04/2014,MOB,AL,ASO,CE,Combined TRACON& Tower with Radar,4,38,19,104,165,0,1,12,43,56,4,39,31,147,221,0,152,152,373
11/05/2014,MOB,AL,ASO,CE,Combined TRACON& Tower with Radar,4,35,9,181,229,0,0,9,32,41,4,35,18,213,270,0,214,214,484
11/06/2014,MOB,AL,ASO,CE,Combined TRACON& Tower with Radar,4,35,12,106,157,0,1,12,23,36,4,36,24,129,193,0,202,202,395
11/07/2014,MOB,AL,ASO,CE,Combined TRACON& Tower with Radar,4,35,18,85,142,0,2,11,36,49,4,37,29,121,191,6,16,22,213
11/08/2014,MOB,AL,ASO,CE,Combined TRACON& Tower with Radar,6,19,12,19,56,0,1,10,6,17,6,20,22,25,73,0,0,0,73
11/09/2014,MOB,AL,ASO,CE,Combined TRACON& Tower with Radar,4,33,9,27,73,0,2,18,4,24,4,35,27,31,97,0,0,0,97
11/10/2014,MOB,AL,ASO,CE,Combined TRACON& Tower with Radar,6,33,5,71,115,0,0,5,29,34,6,33,10,100,149,0,72,72,221
11/11/2014,MOB,AL,ASO,CE,Combined TRACON& Tower with Radar,4,37,0,1,42,0,1,1,2,4,4,38,1,3,46,0,0,0,46
11/12/2014,MOB,AL,ASO,CE,Combined TRACON& Tower with Radar,4,42,12,99,157,0,0,1,17,18,4,42,13,116,175,22,72,94,269
11/13/2014,MOB,AL,ASO,CE,Combined TRACON& Tower with Radar,4,40,6,47,97,0,0,2,24,26,4,40,8,71,123,16,52,68,191
11/14/2014,MOB,AL,ASO,CE,Combined TRACON& Tower with Radar,4,41,11,82,138,0,6,2,32,40,4,47,13,114,178,0,0,0,178
11/15/2014,MOB,AL,ASO,CE,Combined TRACON& Tower with Radar,6,20,12,30,68,0,0,7,10,17,6,20,19,40,85,0,0,0,85
11/16/2014,MOB,AL,ASO,CE,Combined TRACON& Tower with Radar,4,33,6,27,70,0,0,3,8,11,4,33,9,35,81,0,0,0,81
11/17/2014,MOB,AL,ASO,CE,Combined TRACON& Tower with Radar,6,33,9,164,212,0,0,4,26,30,6,33,13,190,242,54,164,218,460
11/18/2014,MOB,AL,ASO,CE,Combined TRACON& Tower with Radar,4,38,15,117,174,0,2,5,39,46,4,40,20,156,220,0,112,112,332
11/19/2014,MOB,AL,ASO,CE,Combined TRACON& Tower with Radar,4,42,22,118,186,0,3,6,43,52,4,45,28,161,238,26,110,136,374
11/20/2014,MOB,AL,ASO,CE,Combined TRACON& Tower with Radar,4,38,9,92,143,0,2,3,48,53,4,40,12,140,196,14,74,88,284
11/21/2014,MOB,AL,ASO,CE,Combined TRACON& Tower with Radar,4,35,15,151,205,0,2,7,43,52,4,37,22,194,257,2,158,160,417
11/22/2014,MOB,AL,ASO,CE,Combined TRACON& Tower with Radar,6,19,12,32,69,0,3,12,4,19,6,22,24,36,88,0,0,0,88
11/23/2014,MOB,AL,ASO,CE,Combined TRACON& Tower with Radar,4,32,4,15,55,0,0,3,0,3,4,32,7,15,58,0,0,0,58
11/24/2014,MOB,AL,ASO,CE,Combined TRACON& Tower with Radar,8,36,15,149,208,0,2,7,30,39,8,38,22,179,247,0,0,0,247
11/25/2014,MOB,AL,ASO,CE,Combined TRACON& Tower with Radar,4,37,14,153,208,0,12,6,27,45,4,49,20,180,253,0,0,0,253
11/26/2014,MOB,AL,ASO,CE,Combined TRACON& Tower with Radar,4,35,16,11,66,0,0,6,17,23,4,35,22,28,89,9,26,35,124
11/27/2014,MOB,AL,ASO,CE,Combined TRACON& Tower with Radar,2,20,0,0,22,0,0,3,0,3,2,20,3,0,25,9,0,9,34
11/28/2014,MOB,AL,ASO,CE,Combined TRACON& Tower with Radar,2,29,8,5,44,0,1,11,4,16,2,30,19,9,60,0,0,0,60
11/29/2014,MOB,AL,ASO,CE,Combined TRACON& Tower with Radar,4,31,9,0,44,0,0,7,3,10,4,31,16,3,54,0,0,0,54
11/30/2014,MOB,AL,ASO,CE,Combined TRACON& Tower with Radar,5,34,17,0,56,0,1,9,2,12,5,35,26,2,68,0,0,0,68
12/01/2014,MOB,AL,ASO,CE,Combined TRACON& Tower with Radar,6,35,24,168,233,0,0,15,39,54,6,35,39,207,287,0,50,50,337
12/02/2014,MOB,AL,ASO,CE,Combined TRACON& Tower with Radar,6,35,7,149,197,0,4,12,52,68,6,39,19,201,265,0,162,162,427
12/03/2014,MOB,AL,ASO,CE,Combined TRACON& Tower with Radar,6,29,12,129,176,0,0,4,30,34,6,29,16,159,210,24,94,118,328
12/04/2014,MOB,AL,ASO,CE,Combined TRACON& Tower with Radar,6,46,39,99,190,0,5,9,42,56,6,51,48,141,246,0,150,150,396
12/05/2014,MOB,AL,ASO,CE,Combined TRACON& Tower with Radar,8,35,9,85,137,0,0,3,28,31,8,35,12,113,168,0,0,0,168
12/06/2014,MOB,AL,ASO,CE,Combined TRACON& Tower with Radar,6,26,2,18,52,0,0,1,0,1,6,26,3,18,53,0,28,28,81
12/07/2014,MOB,AL,ASO,CE,Combined TRACON& Tower with Radar,4,37,6,11,58,0,0,6,5,11,4,37,12,16,69,0,0,0,69
12/08/2014,MOB,AL,ASO,CE,Combined TRACON& Tower with Radar,6,32,10,137,185,0,0,10,18,28,6,32,20,155,213,0,124,124,337
12/09/2014,MOB,AL,ASO,CE,Combined TRACON& Tower with Radar,6,28,20,174,228,0,1,20,39,60,6,29,40,213,288,0,0,0,288
12/10/2014,MOB,AL,ASO,CE,Combined TRACON& Tower with Radar,6,33,13,154,206,0,0,7,41,48,6,33,20,195,254,0,172,172,426
12/11/2014,MOB,AL,ASO,CE,Combined TRACON& Tower with Radar,6,35,20,163,224,0,4,16,46,66,6,39,36,209,290,0,172,172,462
12/12/2014,MOB,AL,ASO,CE,Combined TRACON& Tower with Radar,6,39,17,165,227,0,1,8,34,43,6,40,25,199,270,8,70,78,348
12/13/2014,MOB,AL,ASO,CE,Combined TRACON& Tower with Radar,4,23,12,17,56,0,5,30,7,42,4,28,42,24,98,40,4,44,142
12/14/2014,MOB,AL,ASO,CE,Combined TRACON& Tower with Radar,4,32,9,24,69,0,0,15,2,17,4,32,24,26,86,1,1,2,88
12/15/2014,MOB,AL,ASO,CE,Combined TRACON& Tower with Radar,6,36,14,139,195,0,0,4,39,43,6,36,18,178,238,0,72,72,310
12/16/2014,MOB,AL,ASO,CE,Combined TRACON& Tower with Radar,8,31,16,130,185,0,3,11,40,54,8,34,27,170,239,0,0,0,239
12/17/2014,MOB,AL,ASO,CE,Combined TRACON& Tower with Radar,6,31,32,126,195,0,1,4,33,38,6,32,36,159,233,13,99,112,345
12/18/2014,MOB,AL,ASO,CE,Combined TRACON& Tower with Radar,4,36,6,122,168,0,1,6,16,23,4,37,12,138,191,24,62,86,277
12/19/2014,MOB,AL,ASO,CE,Combined TRACON& Tower with Radar,6,34,8,40,88,0,0,1,0,1,6,34,9,40,89,0,0,0,89
12/20/2014,MOB,AL,ASO,CE,Combined TRACON& Tower with Radar,3,29,7,11,50,0,0,0,0,0,3,29,7,11,50,2,0,2,52
12/21/2014,MOB,AL,ASO,CE,Combined TRACON& Tower with Radar,6,29,9,23,67,0,0,0,1,1,6,29,9,24,68,14,52,66,134
12/22/2014,MOB,AL,ASO,CE,Combined TRACON& Tower with Radar,4,33,7,10,54,0,0,0,0,0,4,33,7,10,54,0,0,0,54
12/23/2014,MOB,AL,ASO,CE,Combined TRACON& Tower with Radar,4,29,7,0,40,0,0,0,0,0,4,29,7,0,40,0,0,0,40
12/24/2014,MOB,AL,ASO,CE,Combined TRACON& Tower with Radar,4,25,4,6,39,0,1,4,0,5,4,26,8,6,44,0,0,0,44
12/25/2014,MOB,AL,ASO,CE,Combined TRACON& Tower with Radar,4,26,2,0,32,0,0,7,0,7,4,26,9,0,39,0,0,0,39
12/26/2014,MOB,AL,ASO,CE,Combined TRACON& Tower with Radar,8,32,7,1,48,0,0,5,3,8,8,32,12,4,56,0,0,0,56
12/27/2014,MOB,AL,ASO,CE,Combined TRACON& Tower with Radar,5,24,6,1,36,0,0,0,1,1,5,24,6,2,37,0,10,10,47
12/28/2014,MOB,AL,ASO,CE,Combined TRACON& Tower with Radar,5,36,10,0,51,0,0,0,0,0,5,36,10,0,51,0,0,0,51
12/29/2014,MOB,AL,ASO,CE,Combined TRACON& Tower with Radar,4,37,7,111,159,0,0,0,3,3,4,37,7,114,162,0,10,10,172
12/30/2014,MOB,AL,ASO,CE,Combined TRACON& Tower with Radar,10,35,10,80,135,0,0,1,3,4,10,35,11,83,139,0,0,0,139
12/31/2014,MOB,AL,ASO,CE,Combined TRACON& Tower with Radar,4,25,21,44,94,0,0,3,2,5,4,25,24,46,99,0,0,0,99
01/01/2015,MOB,AL,ASO,CE,Combined TRACON& Tower with Radar,4,25,4,0,33,0,1,4,0,5,4,26,8,0,38,0,0,0,38
01/02/2015,MOB,AL,ASO,CE,Combined TRACON& Tower with Radar,4,33,11,7,55,0,0,0,8,8,4,33,11,15,63,0,0,0,63
01/03/2015,MOB,AL,ASO,CE,Combined TRACON& Tower with Radar,4,29,9,12,54,0,0,0,0,0,4,29,9,12,54,0,24,24,78
01/04/2015,MOB,AL,ASO,CE,Combined TRACON& Tower with Radar,6,31,6,4,47,0,0,2,1,3,6,31,8,5,50,36,0,36,86
01/05/2015,MOB,AL,ASO,CE,Combined TRACON& Tower with Radar,2,38,15,49,104,0,0,10,3,13,2,38,25,52,117,0,20,20,137
01/06/2015,MOB,AL,ASO,CE,Combined TRACON& Tower with Radar,2,33,16,92,143,0,0,13,11,24,2,33,29,103,167,0,0,0,167
01/07/2015,MOB,AL,ASO,CE,Combined TRACON& Tower with Radar,2,36,11,146,195,0,2,8,53,63,2,38,19,199,258,8,136,144,402
01/08/2015,MOB,AL,ASO,CE,Combined TRACON& Tower with Radar,3,36,11,174,224,0,0,7,36,43,3,36,18,210,267,0,190,190,457
01/09/2015,MOB,AL,ASO,CE,Combined TRACON& Tower with Radar,4,35,5,113,157,0,0,3,35,38,4,35,8,148,195,0,0,0,195
01/10/2015,MOB,AL,ASO,CE,Combined TRACON& Tower with Radar,4,18,4,14,40,0,1,12,9,22,4,19,16,23,62,0,0,0,62
01/11/2015,MOB,AL,ASO,CE,Combined TRACON& Tower with Radar,5,32,17,17,71,0,0,4,4,8,5,32,21,21,79,0,0,0,79
01/12/2015,MOB,AL,ASO,CE,Combined TRACON& Tower with Radar,4,41,10,129,184,0,0,0,26,26,4,41,10,155,210,0,80,80,290
01/13/2015,MOB,AL,ASO,CE,Combined TRACON& Tower with Radar,4,44,15,191,254,0,0,0,16,16,4,44,15,207,270,0,68,68,338
01/14/2015,MOB,AL,ASO,CE,Combined TRACON& Tower with Radar,6,44,14,97,161,0,0,0,8,8,6,44,14,105,169,0,136,136,305
01/15/2015,MOB,AL,ASO,CE,Combined TRACON& Tower with Radar,4,39,6,7,56,0,0,0,0,0,4,39,6,7,56,0,0,0,56
01/16/2015,MOB,AL,ASO,CE,Combined TRACON& Tower with Radar,4,35,18,80,137,0,1,14,30,45,4,36,32,110,182,10,204,214,396
01/17/2015,MOB,AL,ASO,CE,Combined TRACON& Tower with Radar,2,19,4,4,29,0,1,9,1,11,2,20,13,5,40,0,0,0,40
01/18/2015,MOB,AL,ASO,CE,Combined TRACON& Tower with Radar,4,32,8,3,47,0,0,8,5,13,4,32,16,8,60,20,10,30,90
01/19/2015,MOB,AL,ASO,CE,Combined TRACON& Tower with Radar,4,36,8,2,50,0,0,11,4,15,4,36,19,6,65,20,0,20,85
01/20/2015,MOB,AL,ASO,CE,Combined TRACON& Tower with Radar,4,39,30,65,138,0,0,12,31,43,4,39,42,96,181,0,0,0,181
01/21/2015,MOB,AL,ASO,CE,Combined TRACON& Tower with Radar,4,39,29,151,223,0,0,15,39,54,4,39,44,190,277,16,76,92,369
01/22/2015,MOB,AL,ASO,CE,Combined TRACON& Tower with Radar,4,38,10,116,168,0,0,11,38,49,4,38,21,154,217,10,106,116,333
01/23/2015,MOB,AL,ASO,CE,Combined TRACON& Tower with Radar,4,38,10,22,74,0,0,0,0,0,4,38,10,22,74,0,0,0,74
01/24/2015,MOB,AL,ASO,CE,Combined TRACON& Tower with Radar,3,20,12,21,56,0,1,15,9,25,3,21,27,30,81,0,0,0,81
01/25/2015,MOB,AL,ASO,CE,Combined TRACON& Tower with Radar,4,32,4,26,66,0,0,10,12,22,4,32,14,38,88,0,0,0,88
01/26/2015,MOB,AL,ASO,CE,Combined TRACON& Tower with Radar,4,36,15,157,212,0,0,8,44,52,4,36,23,201,264,14,74,88,352
01/27/2015,MOB,AL,ASO,CE,Combined TRACON& Tower with Radar,4,44,25,157,230,0,6,19,47,72,4,50,44,204,302,0,0,0,302
01/28/2015,MOB,AL,ASO,CE,Combined TRACON& Tower with Radar,4,39,17,105,165,0,1,14,37,52,4,40,31,142,217,0,0,0,217
01/29/2015,MOB,AL,ASO,CE,Combined TRACON& Tower with Radar,4,39,11,128,182,0,0,9,41,50,4,39,20,169,232,0,120,120,352
01/30/2015,MOB,AL,ASO,CE,Combined TRACON& Tower with Radar,6,32,12,63,113,0,2,10,24,36,6,34,22,87,149,0,96,96,245
01/31/2015,MOB,AL,ASO,CE,Combined TRACON& Tower with Radar,4,17,3,18,42,0,1,8,2,11,4,18,11,20,53,20,164,184,237
02/01/2015,MOB,AL,ASO,CE,Combined TRACON& Tower with Radar,4,22,7,3,36,0,0,0,1,1,4,22,7,4,37,46,42,88,125
02/02/2015,MOB,AL,ASO,CE,Combined TRACON& Tower with Radar,4,38,11,152,205,0,0,9,29,38,4,38,20,181,243,0,50,50,293
02/03/2015,MOB,AL,ASO,CE,Combined TRACON& Tower with Radar,6,33,10,102,151,0,1,11,35,47,6,34,21,137,198,8,48,56,254
02/04/2015,MOB,AL,ASO,CE,Combined TRACON& Tower with Radar,4,36,7,71,118,0,0,0,3,3,4,36,7,74,121,2,72,74,195
02/05/2015,MOB,AL,ASO,CE,Combined TRACON& Tower with Radar,4,39,18,130,191,0,1,10,51,62,4,40,28,181,253,0,108,108,361
02/06/2015,MOB,AL,ASO,CE,Combined TRACON& Tower with Radar,6,33,11,69,119,0,0,13,22,35,6,33,24,91,154,0,150,150,304
02/07/2015,MOB,AL,ASO,CE,Combined TRACON& Tower with Radar,6,17,3,7,33,0,0,13,7,20,6,17,16,14,53,0,0,0,53
02/08/2015,MOB,AL,ASO,CE,Combined TRACON& Tower with Radar,4,32,9,35,80,0,0,4,7,11,4,32,13,42,91,0,0,0,91
02/09/2015,MOB,AL,ASO,CE,Combined TRACON& Tower with Radar,4,34,23,129,190,0,0,11,41,52,4,34,34,170,242,12,126,138,380
02/10/2015,MOB,AL,ASO,CE,Combined TRACON& Tower with Radar,4,38,24,148,214,0,0,14,39,53,4,38,38,187,267,0,0,0,267
02/11/2015,MOB,AL,ASO,CE,Combined TRACON& Tower with Radar,4,36,14,118,172,0,0,7,49,56,4,36,21,167,228,9,240,249,477
02/12/2015,MOB,AL,ASO,CE,Combined TRACON& Tower with Radar,4,56,28,163,251,0,10,21,52,83,4,66,49,215,334,0,144,144,478
02/13/2015,MOB,AL,ASO,CE,Combined TRACON& Tower with Radar,8,35,19,105,167,0,1,12,30,43,8,36,31,135,210,0,50,50,260
02/14/2015,MOB,AL,ASO,CE,Combined TRACON& Tower with Radar,3,24,7,4,38,0,3,4,2,9,3,27,11,6,47,0,0,0,47
02/15/2015,MOB,AL,ASO,CE,Combined TRACON& Tower with Radar,5,32,7,4,48,0,2,6,3,11,5,34,13,7,59,0,0,0,59
02/16/2015,MOB,AL,ASO,CE,Combined TRACON& Tower with Radar,6,32,9,4,51,0,0,1,2,3,6,32,10,6,54,0,0,0,54
02/17/2015,MOB,AL,ASO,CE,Combined TRACON& Tower with Radar,8,43,12,76,139,0,1,4,5,10,8,44,16,81,149,0,0,0,149
02/18/2015,MOB,AL,ASO,CE,Combined TRACON& Tower with Radar,6,40,10,123,179,0,1,8,45,54,6,41,18,168,233,12,130,142,375
02/19/2015,MOB,AL,ASO,CE,Combined TRACON& Tower with Radar,7,33,19,100,159,0,1,13,40,54,7,34,32,140,213,27,232,259,472
02/20/2015,MOB,AL,ASO,CE,Combined TRACON& Tower with Radar,6,33,22,94,155,0,0,14,20,34,6,33,36,114,189,0,14,14,203
02/21/2015,MOB,AL,ASO,CE,Combined TRACON& Tower with Radar,4,27,6,11,48,0,0,0,3,3,4,27,6,14,51,0,0,0,51
02/22/2015,MOB,AL,ASO,CE,Combined TRACON& Tower with Radar,13,28,12,21,74,0,5,3,4,12,13,33,15,25,86,0,0,0,86
02/23/2015,MOB,AL,ASO,CE,Combined TRACON& Tower with Radar,6,27,3,107,143,0,0,0,9,9,6,27,3,116,152,0,48,48,200
02/24/2015,MOB,AL,ASO,CE,Combined TRACON& Tower with Radar,4,29,3,80,116,0,0,3,13,16,4,29,6,93,132,0,0,0,132
02/25/2015,MOB,AL,ASO,CE,Combined TRACON& Tower with Radar,7,35,3,0,45,0,0,0,0,0,7,35,3,0,45,0,22,22,67
02/26/2015,MOB,AL,ASO,CE,Combined TRACON& Tower with Radar,15,36,9,136,196,0,0,5,34,39,15,36,14,170,235,12,110,122,357
02/27/2015,MOB,AL,ASO,CE,Combined TRACON& Tower with Radar,6,32,25,152,215,0,4,5,13,22,6,36,30,165,237,0,98,98,335
02/28/2015,MOB,AL,ASO,CE,Combined TRACON& Tower with Radar,4,21,6,25,56,0,0,5,9,14,4,21,11,34,70,6,28,34,104
03/01/2015,MOB,AL,ASO,CE,Combined TRACON& Tower with Radar,6,28,4,10,48,0,0,0,0,0,6,28,4,10,48,0,0,0,48
03/02/2015,MOB,AL,ASO,CE,Combined TRACON& Tower with Radar,4,32,14,66,116,0,0,0,0,0,4,32,14,66,116,0,0,0,116
03/03/2015,MOB,AL,ASO,CE,Combined TRACON& Tower with Radar,4,26,20,77,127,0,0,0,11,11,4,26,20,88,138,0,0,0,138
03/04/2015,MOB,AL,ASO,CE,Combined TRACON& Tower with Radar,8,33,19,112,172,0,0,1,18,19,8,33,20,130,191,2,28,30,221
03/05/2015,MOB,AL,ASO,CE,Combined TRACON& Tower with Radar,6,28,16,84,134,0,1,1,24,26,6,29,17,108,160,0,36,36,196
03/06/2015,MOB,AL,ASO,CE,Combined TRACON& Tower with Radar,9,43,15,162,229,0,2,17,34,53,9,45,32,196,282,2,320,322,604
03/07/2015,MOB,AL,ASO,CE,Combined TRACON& Tower with Radar,4,29,8,12,53,0,1,10,10,21,4,30,18,22,74,0,0,0,74
03/08/2015,MOB,AL,ASO,CE,Combined TRACON& Tower with Radar,6,29,8,31,74,0,0,3,7,10,6,29,11,38,84,4,22,26,110
03/09/2015,MOB,AL,ASO,CE,Combined TRACON& Tower with Radar,4,36,15,104,159,0,0,0,7,7,4,36,15,111,166,0,0,0,166
03/10/2015,MOB,AL,ASO,CE,Combined TRACON& Tower with Radar,4,35,13,50,102,0,0,0,7,7,4,35,13,57,109,0,0,0,109
03/11/2015,MOB,AL,ASO,CE,Combined TRACON& Tower with Radar,6,48,15,49,118,0,0,2,6,8,6,48,17,55,126,0,0,0,126
03/12/2015,MOB,AL,ASO,CE,Combined TRACON& Tower with Radar,6,40,27,10,83,0,0,0,0,0,6,40,27,10,83,0,0,0,83
03/13/2015,MOB,AL,ASO,CE,Combined TRACON& Tower with Radar,6,35,11,37,89,0,0,0,0,0,6,35,11,37,89,1,6,7,96
03/14/2015,MOB,AL,ASO,CE,Combined TRACON& Tower with Radar,4,25,6,27,62,0,1,6,10,17,4,26,12,37,79,12,40,52,131
03/15/2015,MOB,AL,ASO,CE,Combined TRACON& Tower with Radar,6,31,12,47,96,0,0,14,10,24,6,31,26,57,120,0,12,12,132
03/16/2015,MOB,AL,ASO,CE,Combined TRACON& Tower with Radar,6,33,12,126,177,0,1,17,50,68,6,34,29,176,245,0,10,10,255
03/17/2015,MOB,AL,ASO,CE,Combined TRACON& Tower with Radar,4,33,14,150,201,0,1,14,50,65,4,34,28,200,266,0,0,0,266
03/18/2015,MOB,AL,ASO,CE,Combined TRACON& Tower with Radar,4,35,14,136,189,0,1,13,44,58,4,36,27,180,247,10,234,244,491
03/19/2015,MOB,AL,ASO,CE,Combined TRACON& Tower with Radar,6,38,19,214,277,0,0,5,44,49,6,38,24,258,326,16,154,170,496
03/20/2015,MOB,AL,ASO,CE,Combined TRACON& Tower with Radar,6,34,18,105,163,0,1,2,30,33,6,35,20,135,196,36,242,278,474
03/21/2015,MOB,AL,ASO,CE,Combined TRACON& Tower with Radar,4,27,10,7,48,0,0,18,3,21,4,27,28,10,69,0,0,0,69
03/22/2015,MOB,AL,ASO,CE,Combined TRACON& Tower with Radar,6,29,6,38,79,0,2,3,0,5,6,31,9,38,84,0,40,40,124
03/23/2015,MOB,AL,ASO,CE,Combined TRACON& Tower with Radar,6,35,19,213,273,0,0,3,24,27,6,35,22,237,300,14,28,42,342
03/24/2015,MOB,AL,ASO,CE,Combined TRACON& Tower with Radar,4,40,12,181,237,0,0,10,22,32,4,40,22,203,269,0,0,0,269
03/25/2015,MOB,AL,ASO,CE,Combined TRACON& Tower with Radar,6,37,38,111,192,0,0,12,48,60,6,37,50,159,252,5,236,241,493
03/26/2015,MOB,AL,ASO,CE,Combined TRACON& Tower with Radar,6,38,18,37,99,0,0,3,7,10,6,38,21,44,109,24,190,214,323
03/27/2015,MOB,AL,ASO,CE,Combined TRACON& Tower with Radar,6,35,23,100,164,0,0,10,31,41,6,35,33,131,205,0,278,278,483
03/28/2015,MOB,AL,ASO,CE,Combined TRACON& Tower with Radar,4,25,17,39,85,0,1,15,4,20,4,26,32,43,105,0,0,0,105
03/29/2015,MOB,AL,ASO,CE,Combined TRACON& Tower with Radar,6,30,8,74,118,0,0,7,3,10,6,30,15,77,128,2,18,20,148
03/30/2015,MOB,AL,ASO,CE,Combined TRACON& Tower with Radar,4,38,5,59,106,0,0,7,42,49,4,38,12,101,155,8,146,154,309
03/31/2015,MOB,AL,ASO,CE,Combined TRACON& Tower with Radar,4,32,5,106,147,0,1,10,47,58,4,33,15,153,205,0,0,0,205
04/01/2015,MOB,AL,ASO,CE,Combined TRACON& Tower with Radar,4,35,27,90,156,0,0,15,39,54,4,35,42,129,210,8,218,226,436
04/02/2015,MOB,AL,ASO,CE,Combined TRACON& Tower with Radar,4,39,21,136,200,0,3,3,38,44,4,42,24,174,244,8,260,268,512
04/03/2015,MOB,AL,ASO,CE,Combined TRACON& Tower with Radar,6,35,7,108,156,0,0,3,32,35,6,35,10,140,191,0,88,88,279
04/04/2015,MOB,AL,ASO,CE,Combined TRACON& Tower with Radar,7,21,17,15,60,0,2,10,2,14,7,23,27,17,74,0,0,0,74
04/05/2015,MOB,AL,ASO,CE,Combined TRACON& Tower with Radar,4,29,5,4,42,0,0,4,2,6,4,29,9,6,48,0,0,0,48
04/06/2015,MOB,AL,ASO,CE,Combined TRACON& Tower with Radar,4,36,8,104,152,0,0,0,12,12,4,36,8,116,164,10,120,130,294
04/07/2015,MOB,AL,ASO,CE,Combined TRACON& Tower with Radar,2,35,14,82,133,0,2,8,23,33,2,37,22,105,166,0,0,0,166
04/08/2015,MOB,AL,ASO,CE,Combined TRACON& Tower with Radar,2,41,10,91,144,0,0,7,28,35,2,41,17,119,179,26,78,104,283
04/09/2015,MOB,AL,ASO,CE,Combined TRACON& Tower with Radar,2,49,18,153,222,0,0,11,24,35,2,49,29,177,257,26,132,158,415
04/10/2015,MOB,AL,ASO,CE,Combined TRACON& Tower with Radar,1,36,20,27,84,0,0,1,16,17,1,36,21,43,101,0,120,120,221
04/11/2015,MOB,AL,ASO,CE,Combined TRACON& Tower with Radar,5,22,4,3,34,0,0,0,7,7,5,22,4,10,41,0,0,0,41
04/12/2015,MOB,AL,ASO,CE,Combined TRACON& Tower with Radar,6,34,11,11,62,0,0,0,0,0,6,34,11,11,62,0,0,0,62
04/13/2015,MOB,AL,ASO,CE,Combined TRACON& Tower with Radar,2,35,10,11,58,0,0,0,9,9,2,35,10,20,67,0,98,98,165
04/14/2015,MOB,AL,ASO,CE,Combined TRACON& Tower with Radar,2,38,2,12,54,0,0,1,4,5,2,38,3,16,59,0,0,0,59
04/15/2015,MOB,AL,ASO,CE,Combined TRACON& Tower with Radar,2,39,12,82,135,0,0,2,13,15,2,39,14,95,150,0,74,74,224
04/16/2015,MOB,AL,ASO,CE,Combined TRACON& Tower with Radar,2,52,15,137,206,0,7,1,31,39,2,59,16,168,245,0,34,34,279
04/17/2015,MOB,AL,ASO,CE,Combined TRACON& Tower with Radar,3,39,6,122,170,0,0,0,15,15,3,39,6,137,185,0,40,40,225
04/18/2015,MOB,AL,ASO,CE,Combined TRACON& Tower with Radar,5,23,1,5,34,0,0,2,0,2,5,23,3,5,36,0,22,22,58
04/19/2015,MOB,AL,ASO,CE,Combined TRACON& Tower with Radar,4,32,13,43,92,0,2,5,4,11,4,34,18,47,103,0,0,0,103
04/20/2015,MOB,AL,ASO,CE,Combined TRACON& Tower with Radar,2,42,14,124,182,0,2,29,36,67,2,44,43,160,249,38,74,112,361
04/21/2015,MOB,AL,ASO,CE,Combined TRACON& Tower with Radar,2,36,24,153,215,0,2,7,28,37,2,38,31,181,252,0,112,112,364
04/22/2015,MOB,AL,ASO,CE,Combined TRACON& Tower with Radar,4,38,18,149,209,0,1,23,33,57,4,39,41,182,266,21,226,247,513
04/23/2015,MOB,AL,ASO,CE,Combined TRACON& Tower with Radar,2,42,5,79,128,0,1,3,31,35,2,43,8,110,163,0,0,0,163
04/24/2015,MOB,AL,ASO,CE,Combined TRACON& Tower with Radar,4,35,15,104,158,0,0,4,36,40,4,35,19,140,198,0,318,318,516
04/25/2015,MOB,AL,ASO,CE,Combined TRACON& Tower with Radar,5,25,4,42,76,0,0,0,5,5,5,25,4,47,81,0,0,0,81
04/26/2015,MOB,AL,ASO,CE,Combined TRACON& Tower with Radar,6,32,8,33,79,0,1,5,16,22,6,33,13,49,101,0,0,0,101
04/27/2015,MOB,AL,ASO,CE,Combined TRACON& Tower with Radar,4,41,10,12,67,0,1,0,13,14,4,42,10,25,81,0,80,80,161
04/28/2015,MOB,AL,ASO,CE,Combined TRACON& Tower with Radar,2,34,14,129,179,0,0,5,32,37,2,34,19,161,216,0,0,0,216
04/29/2015,MOB,AL,ASO,CE,Combined TRACON& Tower with Radar,2,42,24,150,218,0,0,9,35,44,2,42,33,185,262,42,282,324,586
04/30/2015,MOB,AL,ASO,CE,Combined TRACON& Tower with Radar,2,39,16,109,166,0,0,17,39,56,2,39,33,148,222,0,166,166,388
05/01/2015,MOB,AL,ASO,CE,Combined TRACON& Tower with Radar,3,35,15,115,168,0,0,9,49,58,3,35,24,164,226,0,182,182,408
05/02/2015,MOB,AL,ASO,CE,Combined TRACON& Tower with Radar,14,19,3,30,66,0,0,8,11,19,14,19,11,41,85,56,214,270,355
05/03/2015,MOB,AL,ASO,CE,Combined TRACON& Tower with Radar,3,35,8,40,86,0,0,6,10,16,3,35,14,50,102,0,0,0,102
05/04/2015,MOB,AL,ASO,CE,Combined TRACON& Tower with Radar,2,44,2,114,162,0,0,9,33,42,2,44,11,147,204,24,110,134,338
05/05/2015,MOB,AL,ASO,CE,Combined TRACON& Tower with Radar,2,38,14,94,148,0,7,14,23,44,2,45,28,117,192,0,0,0,192
05/06/2015,MOB,AL,ASO,CE,Combined TRACON& Tower with Radar,4,47,15,106,172,0,3,9,40,52,4,50,24,146,224,4,22,26,250
05/07/2015,MOB,AL,ASO,CE,Combined TRACON& Tower with Radar,4,44,30,87,165,0,8,15,27,50,4,52,45,114,215,12,48,60,275
05/08/2015,MOB,AL,ASO,CE,Combined TRACON& Tower with Radar,4,37,15,84,140,0,2,10,34,46,4,39,25,118,186,0,36,36,222
05/09/2015,MOB,AL,ASO,CE,Combined TRACON& Tower with Radar,6,20,3,21,50,0,2,14,9,25,6,22,17,30,75,0,0,0,75
05/10/2015,MOB,AL,ASO,CE,Combined TRACON& Tower with Radar,3,28,13,26,70,0,1,5,8,14,3,29,18,34,84,4,6,10,94
05/11/2015,MOB,AL,ASO,CE,Combined TRACON& Tower with Radar,2,41,21,111,175,0,1,9,31,41,2,42,30,142,216,0,126,126,342
05/12/2015,MOB,AL,ASO,CE,Combined TRACON& Tower with Radar,2,36,14,116,168,0,0,4,14,18,2,36,18,130,186,0,0,0,186
05/13/2015,MOB,AL,ASO,CE,Combined TRACON& Tower with Radar,2,43,16,119,180,0,0,11,37,48,2,43,27,156,228,16,72,88,316
05/14/2015,MOB,AL,ASO,CE,Combined TRACON& Tower with Radar,2,46,18,85,151,0,4,16,15,35,2,50,34,100,186,20,126,146,332
05/15/2015,MOB,AL,ASO,CE,Combined TRACON& Tower with Radar,4,42,8,40,94,0,1,1,8,10,4,43,9,48,104,0,22,22,126
05/16/2015,MOB,AL,ASO,CE,Combined TRACON& Tower with Radar,8,24,1,0,33,0,0,0,2,2,8,24,1,2,35,0,0,0,35
05/17/2015,MOB,AL,ASO,CE,Combined TRACON& Tower with Radar,3,37,12,56,108,0,1,8,4,13,3,38,20,60,121,0,40,40,161
05/18/2015,MOB,AL,ASO,CE,Combined TRACON& Tower with Radar,2,43,12,91,148,0,0,3,22,25,2,43,15,113,173,0,24,24,197
05/19/2015,MOB,AL,ASO,CE,Combined TRACON& Tower with Radar,2,42,12,101,157,0,1,10,38,49,2,43,22,139,206,0,24,24,230
05/20/2015,MOB,AL,ASO,CE,Combined TRACON& Tower with Radar,2,39,14,109,164,0,3,8,43,54,2,42,22,152,218,14,142,156,374
05/21/2015,MOB,AL,ASO,CE,Combined TRACON& Tower with Radar,2,36,19,92,149,0,1,11,33,45,2,37,30,125,194,11,138,149,343
05/22/2015,MOB,AL,ASO,CE,Combined TRACON& Tower with Radar,9,36,10,47,102,0,5,13,33,51,9,41,23,80,153,0,64,64,217
05/23/2015,MOB,AL,ASO,CE,Combined TRACON& Tower with Radar,6,19,9,12,46,0,0,5,7,12,6,19,14,19,58,0,0,0,58
05/24/2015,MOB,AL,ASO,CE,Combined TRACON& Tower with Radar,4,29,5,4,42,0,0,0,3,3,4,29,5,7,45,0,0,0,45
05/25/2015,MOB,AL,ASO,CE,Combined TRACON& Tower with Radar,7,27,5,1,40,0,0,0,1,1,7,27,5,2,41,0,0,0,41
05/26/2015,MOB,AL,ASO,CE,Combined TRACON& Tower with Radar,7,24,6,85,122,0,0,6,29,35,7,24,12,114,157,0,0,0,157
05/27/2015,MOB,AL,ASO,CE,Combined TRACON& Tower with Radar,2,36,14,29,81,0,0,2,27,29,2,36,16,56,110,0,60,60,170
05/28/2015,MOB,AL,ASO,CE,Combined TRACON& Tower with Radar,6,46,12,54,118,0,0,3,25,28,6,46,15,79,146,0,30,30,176
05/29/2015,MOB,AL,ASO,CE,Combined TRACON& Tower with Radar,4,37,16,99,156,0,0,4,21,25,4,37,20,120,181,0,100,100,281
05/30/2015,MOB,AL,ASO,CE,Combined TRACON& Tower with Radar,8,20,9,32,69,0,2,6,12,20,8,22,15,44,89,0,0,0,89
05/31/2015,MOB,AL,ASO,CE,Combined TRACON& Tower with Radar,3,34,4,30,71,0,1,3,4,8,3,35,7,34,79,0,0,0,79
06/01/2015,MOB,AL,ASO,CE,Combined TRACON& Tower with Radar,2,37,12,19,70,0,0,2,8,10,2,37,14,27,80,14,16,30,110
06/02/2015,MOB,AL,ASO,CE,Combined TRACON& Tower with Radar,2,34,20,109,165,0,0,0,45,45,2,34,20,154,210,0,0,0,210
06/03/2015,MOB,AL,ASO,CE,Combined TRACON& Tower with Radar,2,37,19,102,160,0,0,17,36,53,2,37,36,138,213,34,88,122,335
06/04/2015,MOB,AL,ASO,CE,Combined TRACON& Tower with Radar,4,32,15,140,191,0,0,7,45,52,4,32,22,185,243,0,106,106,349
06/05/2015,MOB,AL,ASO,CE,Combined TRACON& Tower with Radar,6,39,16,158,219,0,4,6,35,45,6,43,22,193,264,0,268,268,532
06/06/2015,MOB,AL,ASO,CE,Combined TRACON& Tower with Radar,6,28,5,37,76,0,7,14,9,30,6,35,19,46,106,0,0,0,106
06/07/2015,MOB,AL,ASO,CE,Combined TRACON& Tower with Radar,5,30,9,44,88,0,1,6,12,19,5,31,15,56,107,0,0,0,107
06/08/2015,MOB,AL,ASO,CE,Combined TRACON& Tower with Radar,6,33,7,89,135,0,0,5,20,25,6,33,12,109,160,0,14,14,174
06/09/2015,MOB,AL,ASO,CE,Combined TRACON& Tower with Radar,4,33,9,75,121,0,0,2,26,28,4,33,11,101,149,0,0,0,149
06/10/2015,MOB,AL,ASO,CE,Combined TRACON& Tower with Radar,13,44,22,126,205,0,0,5,50,55,13,44,27,176,260,0,136,136,396
06/11/2015,MOB,AL,ASO,CE,Combined TRACON& Tower with Radar,5,39,14,72,130,0,1,6,30,37,5,40,20,102,167,0,30,30,197
06/12/2015,MOB,AL,ASO,CE,Combined TRACON& Tower with Radar,5,36,6,34,81,0,0,5,28,33,5,36,11,62,114,0,146,146,260
06/13/2015,MOB,AL,ASO,CE,Combined TRACON& Tower with Radar,6,24,8,4,42,0,0,4,6,10,6,24,12,10,52,22,10,32,84
06/14/2015,MOB,AL,ASO,CE,Combined TRACON& Tower with Radar,5,35,15,52,107,0,7,8,7,22,5,42,23,59,129,0,0,0,129
06/15/2015,MOB,AL,ASO,CE,Combined TRACON& Tower with Radar,7,36,16,131,190,0,4,10,31,45,7,40,26,162,235,0,16,16,251
06/16/2015,MOB,AL,ASO,CE,Combined TRACON& Tower with Radar,5,33,11,131,180,0,1,12,34,47,5,34,23,165,227,0,0,0,227
06/17/2015,MOB,AL,ASO,CE,Combined TRACON& Tower with Radar,5,45,15,137,202,0,19,18,51,88,5,64,33,188,290,0,78,78,368
06/18/2015,MOB,AL,ASO,CE,Combined TRACON& Tower with Radar,4,31,12,121,168,0,0,6,28,34,4,31,18,149,202,4,48,52,254
06/19/2015,MOB,AL,ASO,CE,Combined TRACON& Tower with Radar,5,36,15,130,186,0,2,10,40,52,5,38,25,170,238,22,372,394,632
06/20/2015,MOB,AL,ASO,CE,Combined TRACON& Tower with Radar,6,25,8,28,67,0,0,7,7,14,6,25,15,35,81,0,14,14,95
06/21/2015,MOB,AL,ASO,CE,Combined TRACON& Tower with Radar,5,33,9,44,91,0,0,6,7,13,5,33,15,51,104,0,20,20,124
06/22/2015,MOB,AL,ASO,CE,Combined TRACON& Tower with Radar,8,41,17,104,170,0,3,10,31,44,8,44,27,135,214,2,56,58,272
06/23/2015,MOB,AL,ASO,CE,Combined TRACON& Tower with Radar,6,28,22,61,117,0,2,12,20,34,6,30,34,81,151,0,0,0,151
06/24/2015,MOB,AL,ASO,CE,Combined TRACON& Tower with Radar,4,40,11,92,147,0,1,9,37,47,4,41,20,129,194,0,34,34,228
06/25/2015,MOB,AL,ASO,CE,Combined TRACON& Tower with Radar,8,43,14,85,150,0,3,8,27,38,8,46,22,112,188,0,0,0,188
06/26/2015,MOB,AL,ASO,CE,Combined TRACON& Tower with Radar,5,35,11,100,151,0,1,8,28,37,5,36,19,128,188,40,344,384,572
06/27/2015,MOB,AL,ASO,CE,Combined TRACON& Tower with Radar,6,24,4,25,59,0,0,5,2,7,6,24,9,27,66,0,0,0,66
06/28/2015,MOB,AL,ASO,CE,Combined TRACON& Tower with Radar,5,28,6,54,93,0,0,9,3,12,5,28,15,57,105,0,0,0,105
06/29/2015,MOB,AL,ASO,CE,Combined TRACON& Tower with Radar,7,39,13,108,167,0,1,7,19,27,7,40,20,127,194,0,36,36,230
06/30/2015,MOB,AL,ASO,CE,Combined TRACON& Tower with Radar,6,33,13,153,205,0,1,15,19,35,6,34,28,172,240,0,0,0,240
07/01/2015,MOB,AL,ASO,CE,Combined TRACON& Tower with Radar,4,33,18,67,122,0,0,16,30,46,4,33,34,97,168,12,196,208,376
07/02/2015,MOB,AL,ASO,CE,Combined TRACON& Tower with Radar,6,33,15,52,106,0,1,11,24,36,6,34,26,76,142,16,66,82,224
07/03/2015,MOB,AL,ASO,CE,Combined TRACON& Tower with Radar,4,28,11,2,45,0,0,11,0,11,4,28,22,2,56,52,272,324,380
07/04/2015,MOB,AL,ASO,CE,Combined TRACON& Tower with Radar,5,23,0,6,34,0,0,3,0,3,5,23,3,6,37,0,0,0,37
07/05/2015,MOB,AL,ASO,CE,Combined TRACON& Tower with Radar,4,32,10,2,48,0,0,0,0,0,4,32,10,2,48,0,0,0,48
07/06/2015,MOB,AL,ASO,CE,Combined TRACON& Tower with Radar,5,40,10,128,183,0,3,7,29,39,5,43,17,157,222,0,0,0,222
07/07/2015,MOB,AL,ASO,CE,Combined TRACON& Tower with Radar,6,27,18,202,253,0,1,11,40,52,6,28,29,242,305,0,0,0,305
07/08/2015,MOB,AL,ASO,CE,Combined TRACON& Tower with Radar,6,36,25,176,243,0,1,14,38,53,6,37,39,214,296,0,0,0,296
07/09/2015,MOB,AL,ASO,CE,Combined TRACON& Tower with Radar,5,35,23,125,188,0,0,14,29,43,5,35,37,154,231,0,0,0,231
07/10/2015,MOB,AL,ASO,CE,Combined TRACON& Tower with Radar,5,33,14,117,169,0,0,17,47,64,5,33,31,164,233,4,186,190,423
07/11/2015,MOB,AL,ASO,CE,Combined TRACON& Tower with Radar,5,23,13,7,48,0,0,17,8,25,5,23,30,15,73,0,0,0,73
07/12/2015,MOB,AL,ASO,CE,Combined TRACON& Tower with Radar,4,34,6,18,62,0,1,5,10,16,4,35,11,28,78,0,0,0,78
07/13/2015,MOB,AL,ASO,CE,Combined TRACON& Tower with Radar,5,35,17,125,182,0,1,15,42,58,5,36,32,167,240,0,72,72,312
07/14/2015,MOB,AL,ASO,CE,Combined TRACON& Tower with Radar,4,34,12,146,196,0,0,12,22,34,4,34,24,168,230,0,0,0,230
07/15/2015,MOB,AL,ASO,CE,Combined TRACON& Tower with Radar,5,38,10,206,259,0,1,7,47,55,5,39,17,253,314,4,48,52,366
07/16/2015,MOB,AL,ASO,CE,Combined TRACON& Tower with Radar,5,34,12,80,131,0,2,11,16,29,5,36,23,96,160,0,0,0,160
07/17/2015,MOB,AL,ASO,CE,Combined TRACON& Tower with Radar,5,33,10,61,109,0,1,11,18,30,5,34,21,79,139,0,26,26,165
07/18/2015,MOB,AL,ASO,CE,Combined TRACON& Tower with Radar,5,23,4,34,66,0,0,13,12,25,5,23,17,46,91,62,110,172,263
07/19/2015,MOB,AL,ASO,CE,Combined TRACON& Tower with Radar,4,34,17,32,87,0,0,6,14,20,4,34,23,46,107,0,0,0,107
07/20/2015,MOB,AL,ASO,CE,Combined TRACON& Tower with Radar,5,33,14,77,129,0,2,5,21,28,5,35,19,98,157,0,0,0,157
07/21/2015,MOB,AL,ASO,CE,Combined TRACON& Tower with Radar,5,32,23,92,152,0,0,10,14,24,5,32,33,106,176,0,0,0,176
07/22/2015,MOB,AL,ASO,CE,Combined TRACON& Tower with Radar,5,40,19,148,212,0,2,5,30,37,5,42,24,178,249,0,0,0,249
07/23/2015,MOB,AL,ASO,CE,Combined TRACON& Tower with Radar,7,36,18,191,252,0,1,13,45,59,7,37,31,236,311,2,208,210,521
07/24/2015,MOB,AL,ASO,CE,Combined TRACON& Tower with Radar,5,35,16,68,124,0,1,15,27,43,5,36,31,95,167,0,68,68,235
07/25/2015,MOB,AL,ASO,CE,Combined TRACON& Tower with Radar,5,28,3,25,61,0,0,10,2,12,5,28,13,27,73,0,0,0,73
07/26/2015,MOB,AL,ASO,CE,Combined TRACON& Tower with Radar,4,32,6,29,71,0,0,8,12,20,4,32,14,41,91,0,0,0,91
07/27/2015,MOB,AL,ASO,CE,Combined TRACON& Tower with Radar,5,39,26,111,181,0,1,14,25,40,5,40,40,136,221,0,16,16,237
07/28/2015,MOB,AL,ASO,CE,Combined TRACON& Tower with Radar,5,30,15,160,210,0,0,13,25,38,5,30,28,185,248,0,0,0,248
07/29/2015,MOB,AL,ASO,CE,Combined TRACON& Tower with Radar,5,32,4,52,93,0,1,8,29,38,5,33,12,81,131,0,0,0,131
07/30/2015,MOB,AL,ASO,CE,Combined TRACON& Tower with Radar,5,35,10,126,176,0,1,5,23,29,5,36,15,149,205,0,74,74,279
07/31/2015,MOB,AL,ASO,CE,Combined TRACON& Tower with Radar,4,37,7,72,120,0,0,5,32,37,4,37,12,104,157,22,2,24,181
08/01/2015,MOB,AL,ASO,CE,Combined TRACON& Tower with Radar,5,26,6,11,48,0,1,10,4,15,5,27,16,15,63,0,0,0,63
08/02/2015,MOB,AL,ASO,CE,Combined TRACON& Tower with Radar,4,32,10,42,88,0,0,10,12,22,4,32,20,54,110,0,62,62,172
08/03/2015,MOB,AL,ASO,CE,Combined TRACON& Tower with Radar,5,35,17,147,204,0,0,10,15,25,5,35,27,162,229,0,0,0,229
08/04/2015,MOB,AL,ASO,CE,Combined TRACON& Tower with Radar,5,35,14,148,202,0,1,19,34,54,5,36,33,182,256,0,0,0,256
08/05/2015,MOB,AL,ASO,CE,Combined TRACON& Tower with Radar,9,29,2,69,109,0,1,3,21,25,9,30,5,90,134,0,78,78,212
08/06/2015,MOB,AL,ASO,CE,Combined TRACON& Tower with Radar,5,42,14,75,136,0,0,6,39,45,5,42,20,114,181,0,0,0,181
08/07/2015,MOB,AL,ASO,CE,Combined TRACON& Tower with Radar,5,37,22,116,180,0,1,8,38,47,5,38,30,154,227,0,50,50,277
08/08/2015,MOB,AL,ASO,CE,Combined TRACON& Tower with Radar,5,25,4,11,45,0,2,10,3,15,5,27,14,14,60,24,262,286,346
08/09/2015,MOB,AL,ASO,CE,Combined TRACON& Tower with Radar,4,38,13,53,108,0,2,7,4,13,4,40,20,57,121,0,0,0,121
08/10/2015,MOB,AL,ASO,CE,Combined TRACON& Tower with Radar,4,34,22,150,210,0,0,17,28,45,4,34,39,178,255,0,88,88,343
08/11/2015,MOB,AL,ASO,CE,Combined TRACON& Tower with Radar,6,33,20,204,263,0,2,9,34,45,6,35,29,238,308,0,0,0,308
08/12/2015,MOB,AL,ASO,CE,Combined TRACON& Tower with Radar,8,40,21,129,198,0,0,10,37,47,8,40,31,166,245,0,214,214,459
08/13/2015,MOB,AL,ASO,CE,Combined TRACON& Tower with Radar,5,41,11,125,182,0,3,17,39,59,5,44,28,164,241,0,20,20,261
08/14/2015,MOB,AL,ASO,CE,Combined TRACON& Tower with Radar,5,37,12,147,201,0,1,4,48,53,5,38,16,195,254,34,222,256,510
08/15/2015,MOB,AL,ASO,CE,Combined TRACON& Tower with Radar,3,24,7,27,61,0,0,6,6,12,3,24,13,33,73,0,0,0,73
08/16/2015,MOB,AL,ASO,CE,Combined TRACON& Tower with Radar,4,32,5,32,73,0,0,2,1,3,4,32,7,33,76,38,42,80,156
08/17/2015,MOB,AL,ASO,CE,Combined TRACON& Tower with Radar,5,35,4,49,93,0,1,2,14,17,5,36,6,63,110,12,116,128,238
08/18/2015,MOB,AL,ASO,CE,Combined TRACON& Tower with Radar,6,42,6,152,206,0,3,4,39,46,6,45,10,191,252,0,0,0,252
08/19/2015,MOB,AL,ASO,CE,Combined TRACON& Tower with Radar,5,27,18,73,123,0,0,2,21,23,5,27,20,94,146,6,134,140,286
08/20/2015,MOB,AL,ASO,CE,Combined TRACON& Tower with Radar,5,27,9,72,113,0,0,6,28,34,5,27,15,100,147,0,86,86,233
08/21/2015,MOB,AL,ASO,CE,Combined TRACON& Tower with Radar,5,33,14,69,121,0,0,8,37,45,5,33,22,106,166,0,0,0,166
08/22/2015,MOB,AL,ASO,CE,Combined TRACON& Tower with Radar,5,19,6,45,75,0,0,3,6,9,5,19,9,51,84,0,0,0,84
08/23/2015,MOB,AL,ASO,CE,Combined TRACON& Tower with Radar,4,29,13,44,90,0,0,7,3,10,4,29,20,47,100,0,0,0,100
08/24/2015,MOB,AL,ASO,CE,Combined TRACON& Tower with Radar,5,36,6,177,224,0,0,9,30,39,5,36,15,207,263,0,73,73,336
08/25/2015,MOB,AL,ASO,CE,Combined TRACON& Tower with Radar,4,30,25,141,200,0,6,28,46,80,4,36,53,187,280,0,90,90,370
08/26/2015,MOB,AL,ASO,CE,Combined TRACON& Tower with Radar,5,38,13,177,233,0,2,16,50,68,5,40,29,227,301,0,0,0,301
08/27/2015,MOB,AL,ASO,CE,Combined TRACON& Tower with Radar,6,38,23,136,203,0,5,19,44,68,6,43,42,180,271,0,138,138,409
08/28/2015,MOB,AL,ASO,CE,Combined TRACON& Tower with Radar,6,34,18,123,181,0,2,16,46,64,6,36,34,169,245,0,90,90,335
08/29/2015,MOB,AL,ASO,CE,Combined TRACON& Tower with Radar,5,17,3,36,61,0,0,8,8,16,5,17,11,44,77,0,0,0,77
08/30/2015,MOB,AL,ASO,CE,Combined TRACON& Tower with Radar,4,31,7,89,131,0,2,12,9,23,4,33,19,98,154,0,0,0,154
08/31/2015,MOB,AL,ASO,CE,Combined TRACON& Tower with Radar,5,34,5,167,211,0,1,8,53,62,5,35,13,220,273,0,118,118,391
09/01/2015,MOB,AL,ASO,CE,Combined TRACON& Tower with Radar,7,31,3,182,223,0,2,5,41,48,7,33,8,223,271,0,0,0,271
09/02/2015,MOB,AL,ASO,CE,Combined TRACON& Tower with Radar,8,41,11,132,192,0,10,12,44,66,8,51,23,176,258,17,186,203,461
09/03/2015,MOB,AL,ASO,CE,Combined TRACON& Tower with Radar,7,32,8,205,252,0,1,12,47,60,7,33,20,252,312,40,188,228,540
09/04/2015,MOB,AL,ASO,CE,Combined TRACON& Tower with Radar,7,35,10,34,86,0,1,6,19,26,7,36,16,53,112,0,68,68,180
09/05/2015,MOB,AL,ASO,CE,Combined TRACON& Tower with Radar,6,16,3,9,34,0,0,9,7,16,6,16,12,16,50,0,30,30,80
09/06/2015,MOB,AL,ASO,CE,Combined TRACON& Tower with Radar,5,20,9,6,40,0,0,10,2,12,5,20,19,8,52,38,42,80,132
09/07/2015,MOB,AL,ASO,CE,Combined TRACON& Tower with Radar,4,33,12,6,55,0,0,14,0,14,4,33,26,6,69,0,0,0,69
09/08/2015,MOB,AL,ASO,CE,Combined TRACON& Tower with Radar,7,33,14,159,213,0,0,11,30,41,7,33,25,189,254,0,0,0,254
09/09/2015,MOB,AL,ASO,CE,Combined TRACON& Tower with Radar,7,39,31,207,284,0,3,18,39,60,7,42,49,246,344,18,88,106,450
09/10/2015,MOB,AL,ASO,CE,Combined TRACON& Tower with Radar,6,32,11,107,156,0,1,2,31,34,6,33,13,138,190,0,102,102,292
09/11/2015,MOB,AL,ASO,CE,Combined TRACON& Tower with Radar,7,29,14,88,138,0,3,2,36,41,7,32,16,124,179,4,162,166,345
09/12/2015,MOB,AL,ASO,CE,Combined TRACON& Tower with Radar,3,20,17,30,70,0,0,3,11,14,3,20,20,41,84,0,0,0,84
09/13/2015,MOB,AL,ASO,CE,Combined TRACON& Tower with Radar,4,30,14,44,92,0,2,9,17,28,4,32,23,61,120,0,0,0,120
09/14/2015,MOB,AL,ASO,CE,Combined TRACON& Tower with Radar,8,36,20,135,199,0,3,26,63,92,8,39,46,198,291,34,136,170,461
09/15/2015,MOB,AL,ASO,CE,Combined TRACON& Tower with Radar,7,31,9,142,189,0,2,9,35,46,7,33,18,177,235,0,110,110,345
09/16/2015,MOB,AL,ASO,CE,Combined TRACON& Tower with Radar,8,38,12,166,224,0,1,8,36,45,8,39,20,202,269,8,96,104,373
09/17/2015,MOB,AL,ASO,CE,Combined TRACON& Tower with Radar,6,34,24,158,222,0,1,5,37,43,6,35,29,195,265,0,0,0,265
09/18/2015,MOB,AL,ASO,CE,Combined TRACON& Tower with Radar,7,33,15,110,165,0,5,23,39,67,7,38,38,149,232,0,68,68,300
09/19/2015,MOB,AL,ASO,CE,Combined TRACON& Tower with Radar,3,23,13,23,62,0,0,14,6,20,3,23,27,29,82,0,0,0,82
09/20/2015,MOB,AL,ASO,CE,Combined TRACON& Tower with Radar,4,37,15,63,119,0,3,16,9,28,4,40,31,72,147,0,0,0,147
09/21/2015,MOB,AL,ASO,CE,Combined TRACON& Tower with Radar,7,35,8,93,143,0,0,2,12,14,7,35,10,105,157,0,0,0,157
09/22/2015,MOB,AL,ASO,CE,Combined TRACON& Tower with Radar,7,32,15,138,192,0,2,6,49,57,7,34,21,187,249,0,0,0,249
09/23/2015,MOB,AL,ASO,CE,Combined TRACON& Tower with Radar,8,34,16,131,189,0,1,5,35,41,8,35,21,166,230,26,80,106,336
09/24/2015,MOB,AL,ASO,CE,Combined TRACON& Tower with Radar,7,33,16,118,174,0,2,3,31,36,7,35,19,149,210,0,70,70,280
09/25/2015,MOB,AL,ASO,CE,Combined TRACON& Tower with Radar,7,31,17,97,152,0,1,11,23,35,7,32,28,120,187,0,76,76,263
09/26/2015,MOB,AL,ASO,CE,Combined TRACON& Tower with Radar,3,21,4,20,48,0,0,7,4,11,3,21,11,24,59,18,158,176,235
09/27/2015,MOB,AL,ASO,CE,Combined TRACON& Tower with Radar,4,28,9,17,58,0,0,0,3,3,4,28,9,20,61,0,14,14,75
09/28/2015,MOB,AL,ASO,CE,Combined TRACON& Tower with Radar,7,34,15,69,125,0,0,2,6,8,7,34,17,75,133,0,6,6,139
09/29/2015,MOB,AL,ASO,CE,Combined TRACON& Tower with Radar,7,32,32,149,220,0,2,0,19,21,7,34,32,168,241,0,0,0,241
09/30/2015,MOB,AL,ASO,CE,Combined TRACON& Tower with Radar,6,37,8,144,195,0,0,10,29,39,6,37,18,173,234,0,60,60,294
10/01/2015,MOB,AL,ASO,CE,Combined TRACON& Tower with Radar,4,36,28,142,210,0,2,6,19,27,4,38,34,161,237,24,56,80,317
10/02/2015,MOB,AL,ASO,CE,Combined TRACON& Tower with Radar,4,29,14,146,193,0,0,4,2,6,4,29,18,148,199,0,4,4,203
10/03/2015,MOB,AL,ASO,CE,Combined TRACON& Tower with Radar,4,18,17,37,76,0,0,1,2,3,4,18,18,39,79,0,0,0,79
10/04/2015,MOB,AL,ASO,CE,Combined TRACON& Tower with Radar,4,31,17,68,120,0,1,3,9,13,4,32,20,77,133,0,0,0,133
10/05/2015,MOB,AL,ASO,CE,Combined TRACON& Tower with Radar,4,35,21,94,154,0,0,2,20,22,4,35,23,114,176,0,0,0,176
10/06/2015,MOB,AL,ASO,CE,Combined TRACON& Tower with Radar,4,33,10,91,138,0,4,8,26,38,4,37,18,117,176,0,0,0,176
10/07/2015,MOB,AL,ASO,CE,Combined TRACON& Tower with Radar,4,40,12,119,175,0,6,9,40,55,4,46,21,159,230,15,79,94,324
10/08/2015,MOB,AL,ASO,CE,Combined TRACON& Tower with Radar,4,39,14,107,164,0,2,15,33,50,4,41,29,140,214,0,78,78,292
10/09/2015,MOB,AL,ASO,CE,Combined TRACON& Tower with Radar,4,35,13,90,142,0,1,11,18,30,4,36,24,108,172,58,274,332,504
10/10/2015,MOB,AL,ASO,CE,Combined TRACON& Tower with Radar,6,16,12,15,49,0,1,9,1,11,6,17,21,16,60,76,40,116,176
10/11/2015,MOB,AL,ASO,CE,Combined TRACON& Tower with Radar,4,29,24,4,61,0,0,25,5,30,4,29,49,9,91,0,0,0,91
10/12/2015,MOB,AL,ASO,CE,Combined TRACON& Tower with Radar,4,35,11,20,70,0,1,7,0,8,4,36,18,20,78,0,0,0,78
10/13/2015,MOB,AL,ASO,CE,Combined TRACON& Tower with Radar,4,30,13,185,232,0,0,8,29,37,4,30,21,214,269,0,0,0,269
10/14/2015,MOB,AL,ASO,CE,Combined TRACON& Tower with Radar,6,39,4,145,194,0,2,11,49,62,6,41,15,194,256,44,218,262,518
10/15/2015,MOB,AL,ASO,CE,Combined TRACON& Tower with Radar,4,38,21,123,186,0,1,16,54,71,4,39,37,177,257,0,98,98,355
10/16/2015,MOB,AL,ASO,CE,Combined TRACON& Tower with Radar,4,35,26,66,131,0,0,16,25,41,4,35,42,91,172,0,104,104,276
10/17/2015,MOB,AL,ASO,CE,Combined TRACON& Tower with Radar,6,16,8,27,57,0,0,2,14,16,6,16,10,41,73,6,22,28,101
10/18/2015,MOB,AL,ASO,CE,Combined TRACON& Tower with Radar,4,29,14,37,84,0,0,7,18,25,4,29,21,55,109,0,0,0,109
10/19/2015,MOB,AL,ASO,CE,Combined TRACON& Tower with Radar,4,40,12,98,154,0,5,5,47,57,4,45,17,145,211,0,44,44,255
10/20/2015,MOB,AL,ASO,CE,Combined TRACON& Tower with Radar,3,34,18,128,183,0,2,26,46,74,3,36,44,174,257,0,0,0,257
10/21/2015,MOB,AL,ASO,CE,Combined TRACON& Tower with Radar,7,40,15,118,180,0,1,6,34,41,7,41,21,152,221,0,88,88,309
10/22/2015,MOB,AL,ASO,CE,Combined TRACON& Tower with Radar,4,34,13,117,168,0,0,14,39,53,4,34,27,156,221,0,0,0,221
10/23/2015,MOB,AL,ASO,CE,Combined TRACON& Tower with Radar,4,31,19,71,125,0,0,1,29,30,4,31,20,100,155,26,274,300,455
10/24/2015,MOB,AL,ASO,CE,Combined TRACON& Tower with Radar,10,17,26,28,81,0,0,4,0,4,10,17,30,28,85,22,38,60,145
10/25/2015,MOB,AL,ASO,CE,Combined TRACON& Tower with Radar,4,30,9,52,95,0,1,1,0,2,4,31,10,52,97,0,0,0,97
10/26/2015,MOB,AL,ASO,CE,Combined TRACON& Tower with Radar,8,34,1,0,43,0,0,0,0,0,8,34,1,0,43,0,0,0,43
10/27/2015,MOB,AL,ASO,CE,Combined TRACON& Tower with Radar,8,26,6,139,179,0,0,0,15,15,8,26,6,154,194,0,0,0,194
10/28/2015,MOB,AL,ASO,CE,Combined TRACON& Tower with Radar,13,33,16,109,171,0,0,11,36,47,13,33,27,145,218,2,94,96,314
10/29/2015,MOB,AL,ASO,CE,Combined TRACON& Tower with Radar,4,44,12,113,173,0,7,5,44,56,4,51,17,157,229,0,92,92,321
10/30/2015,MOB,AL,ASO,CE,Combined TRACON& Tower with Radar,6,26,26,82,140,0,0,21,48,69,6,26,47,130,209,0,102,102,311
10/31/2015,MOB,AL,ASO,CE,Combined TRACON& Tower with Radar,6,20,3,28,57,0,0,3,4,7,6,20,6,32,64,72,16,88,152
11/01/2015,MOB,AL,ASO,CE,Combined TRACON& Tower with Radar,5,30,2,4,41,0,0,0,0,0,5,30,2,4,41,20,8,28,69
11/02/2015,MOB,AL,ASO,CE,Combined TRACON& Tower with Radar,4,42,9,175,230,0,0,1,22,23,4,42,10,197,253,0,0,0,253
11/03/2015,MOB,AL,ASO,CE,Combined TRACON& Tower with Radar,4,37,17,204,262,0,4,4,36,44,4,41,21,240,306,0,0,0,306
11/04/2015,MOB,AL,ASO,CE,Combined TRACON& Tower with Radar,5,35,29,107,176,0,1,10,33,44,5,36,39,140,220,0,0,0,220
11/05/2015,MOB,AL,ASO,CE,Combined TRACON& Tower with Radar,5,55,7,124,191,0,0,3,40,43,5,55,10,164,234,10,112,122,356
11/06/2015,MOB,AL,ASO,CE,Combined TRACON& Tower with Radar,5,34,15,91,145,0,0,2,30,32,5,34,17,121,177,0,68,68,245
11/07/2015,MOB,AL,ASO,CE,Combined TRACON& Tower with Radar,3,22,9,8,42,0,0,0,1,1,3,22,9,9,43,0,0,0,43
11/08/2015,MOB,AL,ASO,CE,Combined TRACON& Tower with Radar,4,36,8,10,58,0,0,0,0,0,4,36,8,10,58,0,0,0,58
11/09/2015,MOB,AL,ASO,CE,Combined TRACON& Tower with Radar,5,36,12,94,147,0,0,0,3,3,5,36,12,97,150,0,0,0,150
11/10/2015,MOB,AL,ASO,CE,Combined TRACON& Tower with Radar,3,38,11,75,127,0,0,1,16,17,3,38,12,91,144,0,0,0,144
11/11/2015,MOB,AL,ASO,CE,Combined TRACON& Tower with Radar,5,39,15,27,86,0,0,6,21,27,5,39,21,48,113,2,38,40,153
11/12/2015,MOB,AL,ASO,CE,Combined TRACON& Tower with Radar,5,39,8,109,161,0,0,1,29,30,5,39,9,138,191,14,136,150,341
11/13/2015,MOB,AL,ASO,CE,Combined TRACON& Tower with Radar,5,34,17,88,144,0,0,8,7,15,5,34,25,95,159,0,42,42,201
11/14/2015,MOB,AL,ASO,CE,Combined TRACON& Tower with Radar,2,24,8,18,52,0,0,7,4,11,2,24,15,22,63,0,0,0,63
11/15/2015,MOB,AL,ASO,CE,Combined TRACON& Tower with Radar,3,34,12,47,96,0,0,14,6,20,3,34,26,53,116,0,0,0,116
11/16/2015,MOB,AL,ASO,CE,Combined TRACON& Tower with Radar,5,40,33,96,174,0,1,9,26,36,5,41,42,122,210,0,74,74,284
11/17/2015,MOB,AL,ASO,CE,Combined TRACON& Tower with Radar,3,36,9,97,145,0,0,2,20,22,3,36,11,117,167,0,0,0,167
11/18/2015,MOB,AL,ASO,CE,Combined TRACON& Tower with Radar,5,37,5,20,67,0,0,0,0,0,5,37,5,20,67,0,0,0,67
11/19/2015,MOB,AL,ASO,CE,Combined TRACON& Tower with Radar,5,43,16,152,216,0,2,10,34,46,5,45,26,186,262,0,160,160,422
11/20/2015,MOB,AL,ASO,CE,Combined TRACON& Tower with Radar,5,34,18,92,149,0,3,7,51,61,5,37,25,143,210,2,102,104,314
11/21/2015,MOB,AL,ASO,CE,Combined TRACON& Tower with Radar,3,22,6,10,41,0,0,0,6,6,3,22,6,16,47,0,0,0,47
11/22/2015,MOB,AL,ASO,CE,Combined TRACON& Tower with Radar,3,29,12,45,89,0,0,9,14,23,3,29,21,59,112,0,0,0,112
11/23/2015,MOB,AL,ASO,CE,Combined TRACON& Tower with Radar,4,41,14,91,150,0,2,15,43,60,4,43,29,134,210,0,42,42,252
11/24/2015,MOB,AL,ASO,CE,Combined TRACON& Tower with Radar,5,41,15,117,178,0,0,6,44,50,5,41,21,161,228,0,0,0,228
11/25/2015,MOB,AL,ASO,CE,Combined TRACON& Tower with Radar,5,36,21,20,82,0,0,4,13,17,5,36,25,33,99,0,0,0,99
11/26/2015,MOB,AL,ASO,CE,Combined TRACON& Tower with Radar,4,18,2,4,28,0,0,0,4,4,4,18,2,8,32,0,0,0,32
11/27/2015,MOB,AL,ASO,CE,Combined TRACON& Tower with Radar,8,21,11,5,45,0,0,12,1,13,8,21,23,6,58,26,0,26,84
11/28/2015,MOB,AL,ASO,CE,Combined TRACON& Tower with Radar,3,34,7,2,46,0,0,2,2,4,3,34,9,4,50,70,0,70,120
11/29/2015,MOB,AL,ASO,CE,Combined TRACON& Tower with Radar,9,35,21,7,72,0,0,2,2,4,9,35,23,9,76,0,0,0,76
11/30/2015,MOB,AL,ASO,CE,Combined TRACON& Tower with Radar,5,43,13,118,179,0,2,8,35,45,5,45,21,153,224,0,82,82,306
12/01/2015,MOB,AL,ASO,CE,Combined TRACON& Tower with Radar,9,33,18,88,148,0,2,1,31,34,9,35,19,119,182,0,0,0,182
12/02/2015,MOB,AL,ASO,CE,Combined TRACON& Tower with Radar,5,33,17,125,180,0,6,4,46,56,5,39,21,171,236,2,96,98,334
12/03/2015,MOB,AL,ASO,CE,Combined TRACON& Tower with Radar,6,37,22,92,157,0,3,14,39,56,6,40,36,131,213,0,142,142,355
12/04/2015,MOB,AL,ASO,CE,Combined TRACON& Tower with Radar,5,43,11,69,128,0,2,6,32,40,5,45,17,101,168,2,48,50,218
12/05/2015,MOB,AL,ASO,CE,Combined TRACON& Tower with Radar,3,21,5,24,53,0,2,3,5,10,3,23,8,29,63,4,32,36,99
12/06/2015,MOB,AL,ASO,CE,Combined TRACON& Tower with Radar,4,30,18,35,87,0,1,17,6,24,4,31,35,41,111,0,0,0,111
12/07/2015,MOB,AL,ASO,CE,Combined TRACON& Tower with Radar,5,34,8,95,142,0,0,9,36,45,5,34,17,131,187,0,58,58,245
12/08/2015,MOB,AL,ASO,CE,Combined TRACON& Tower with Radar,5,37,16,105,163,0,5,5,44,54,5,42,21,149,217,0,0,0,217
12/09/2015,MOB,AL,ASO,CE,Combined TRACON& Tower with Radar,5,39,20,67,131,0,0,14,37,51,5,39,34,104,182,0,128,128,310
12/10/2015,MOB,AL,ASO,CE,Combined TRACON& Tower with Radar,5,40,15,84,144,0,2,9,36,47,5,42,24,120,191,2,30,32,223
12/11/2015,MOB,AL,ASO,CE,Combined TRACON& Tower with Radar,6,36,22,48,112,0,0,16,26,42,6,36,38,74,154,0,120,120,274
12/12/2015,MOB,AL,ASO,CE,Combined TRACON& Tower with Radar,3,21,10,13,47,0,0,4,5,9,3,21,14,18,56,0,0,0,56
12/13/2015,MOB,AL,ASO,CE,Combined TRACON& Tower with Radar,4,31,15,22,72,0,1,3,2,6,4,32,18,24,78,0,0,0,78
12/14/2015,MOB,AL,ASO,CE,Combined TRACON& Tower with Radar,5,37,13,58,113,0,2,2,23,27,5,39,15,81,140,0,72,72,212
12/15/2015,MOB,AL,ASO,CE,Combined TRACON& Tower with Radar,5,42,24,64,135,0,0,13,28,41,5,42,37,92,176,0,60,60,236
12/16/2015,MOB,AL,ASO,CE,Combined TRACON& Tower with Radar,5,39,10,48,102,0,0,0,3,3,5,39,10,51,105,2,1,3,108
12/17/2015,MOB,AL,ASO,CE,Combined TRACON& Tower with Radar,7,42,18,117,184,0,1,4,13,18,7,43,22,130,202,0,0,0,202
12/18/2015,MOB,AL,ASO,CE,Combined TRACON& Tower with Radar,4,38,28,76,146,0,0,18,23,41,4,38,46,99,187,64,168,232,419
12/19/2015,MOB,AL,ASO,CE,Combined TRACON& Tower with Radar,1,35,12,6,54,0,1,14,5,20,1,36,26,11,74,0,0,0,74
12/20/2015,MOB,AL,ASO,CE,Combined TRACON& Tower with Radar,4,31,11,18,64,0,1,9,5,15,4,32,20,23,79,0,0,0,79
12/21/2015,MOB,AL,ASO,CE,Combined TRACON& Tower with Radar,4,37,4,75,120,0,0,5,7,12,4,37,9,82,132,0,0,0,132
12/22/2015,MOB,AL,ASO,CE,Combined TRACON& Tower with Radar,2,40,5,0,47,0,0,0,0,0,2,40,5,0,47,0,0,0,47
12/23/2015,MOB,AL,ASO,CE,Combined TRACON& Tower with Radar,2,34,3,10,49,0,0,0,0,0,2,34,3,10,49,0,0,0,49
12/24/2015,MOB,AL,ASO,CE,Combined TRACON& Tower with Radar,0,21,4,0,25,0,0,0,0,0,0,21,4,0,25,0,0,0,25
12/25/2015,MOB,AL,ASO,CE,Combined TRACON& Tower with Radar,4,34,7,0,45,0,0,0,0,0,4,34,7,0,45,0,0,0,45
12/26/2015,MOB,AL,ASO,CE,Combined TRACON& Tower with Radar,0,35,20,4,59,0,0,0,0,0,0,35,20,4,59,0,0,0,59
12/27/2015,MOB,AL,ASO,CE,Combined TRACON& Tower with Radar,4,25,2,4,35,0,0,0,0,0,4,25,2,4,35,0,0,0,35
12/28/2015,MOB,AL,ASO,CE,Combined TRACON& Tower with Radar,4,36,6,12,58,0,0,0,0,0,4,36,6,12,58,0,0,0,58
12/29/2015,MOB,AL,ASO,CE,Combined TRACON& Tower with Radar,2,36,27,58,123,0,1,12,10,23,2,37,39,68,146,0,0,0,146
12/30/2015,MOB,AL,ASO,CE,Combined TRACON& Tower with Radar,2,35,8,2,47,0,0,0,0,0,2,35,8,2,47,0,0,0,47
12/31/2015,MOB,AL,ASO,CE,Combined TRACON& Tower with Radar,4,23,13,3,43,0,0,1,0,1,4,23,14,3,44,0,0,0,44
01/01/2016,MOB,AL,ASO,CE,Combined TRACON& Tower with Radar,0,37,3,1,41,0,1,0,0,1,0,38,3,1,42,26,0,26,68
01/02/2016,MOB,AL,ASO,CE,Combined TRACON& Tower with Radar,0,34,7,2,43,0,1,15,2,18,0,35,22,4,61,12,0,12,73
01/03/2016,MOB,AL,ASO,CE,Combined TRACON& Tower with Radar,2,35,5,2,44,0,2,11,0,13,2,37,16,2,57,0,0,0,57
01/04/2016,MOB,AL,ASO,CE,Combined TRACON& Tower with Radar,5,32,17,50,104,0,0,6,10,16,5,32,23,60,120,0,0,0,120
01/05/2016,MOB,AL,ASO,CE,Combined TRACON& Tower with Radar,4,37,10,100,151,0,9,6,14,29,4,46,16,114,180,0,0,0,180
01/06/2016,MOB,AL,ASO,CE,Combined TRACON& Tower with Radar,4,36,13,110,163,0,1,13,11,25,4,37,26,121,188,26,40,66,254
01/07/2016,MOB,AL,ASO,CE,Combined TRACON& Tower with Radar,4,34,15,89,142,0,5,10,30,45,4,39,25,119,187,5,104,109,296
01/08/2016,MOB,AL,ASO,CE,Combined TRACON& Tower with Radar,4,36,3,31,74,0,0,0,0,0,4,36,3,31,74,0,16,16,90
01/09/2016,MOB,AL,ASO,CE,Combined TRACON& Tower with Radar,4,24,2,39,69,0,0,4,6,10,4,24,6,45,79,0,44,44,123
01/10/2016,MOB,AL,ASO,CE,Combined TRACON& Tower with Radar,4,30,5,26,65,0,0,8,4,12,4,30,13,30,77,0,24,24,101
01/11/2016,MOB,AL,ASO,CE,Combined TRACON& Tower with Radar,6,31,14,96,147,0,0,12,33,45,6,31,26,129,192,4,8,12,204
01/12/2016,MOB,AL,ASO,CE,Combined TRACON& Tower with Radar,6,36,27,70,139,0,0,20,39,59,6,36,47,109,198,26,110,136,334
01/13/2016,MOB,AL,ASO,CE,Combined TRACON& Tower with Radar,4,37,8,79,128,0,1,9,36,46,4,38,17,115,174,0,42,42,216
01/14/2016,MOB,AL,ASO,CE,Combined TRACON& Tower with Radar,4,40,21,100,165,0,1,10,40,51,4,41,31,140,216,24,90,114,330
01/15/2016,MOB,AL,ASO,CE,Combined TRACON& Tower with Radar,3,38,18,31,90,0,1,0,16,17,3,39,18,47,107,0,12,12,119
01/16/2016,MOB,AL,ASO,CE,Combined TRACON& Tower with Radar,7,22,5,5,39,0,4,6,6,16,7,26,11,11,55,0,0,0,55
01/17/2016,MOB,AL,ASO,CE,Combined TRACON& Tower with Radar,1,31,3,16,51,0,0,13,6,19,1,31,16,22,70,0,10,10,80
01/18/2016,MOB,AL,ASO,CE,Combined TRACON& Tower with Radar,4,36,5,2,47,0,1,5,0,6,4,37,10,2,53,0,0,0,53
01/19/2016,MOB,AL,ASO,CE,Combined TRACON& Tower with Radar,4,34,9,56,103,0,2,5,42,49,4,36,14,98,152,0,26,26,178
01/20/2016,MOB,AL,ASO,CE,Combined TRACON& Tower with Radar,4,35,27,49,115,0,0,2,30,32,4,35,29,79,147,10,92,102,249
01/21/2016,MOB,AL,ASO,CE,Combined TRACON& Tower with Radar,4,35,7,23,69,0,0,0,7,7,4,35,7,30,76,8,6,14,90
01/22/2016,MOB,AL,ASO,CE,Combined TRACON& Tower with Radar,3,28,6,31,68,0,0,6,20,26,3,28,12,51,94,0,22,22,116
01/23/2016,MOB,AL,ASO,CE,Combined TRACON& Tower with Radar,2,18,10,13,43,0,0,4,7,11,2,18,14,20,54,0,0,0,54
01/24/2016,MOB,AL,ASO,CE,Combined TRACON& Tower with Radar,6,31,4,36,77,0,0,8,7,15,6,31,12,43,92,0,54,54,146
01/25/2016,MOB,AL,ASO,CE,Combined TRACON& Tower with Radar,6,49,25,94,174,0,9,10,29,48,6,58,35,123,222,0,0,0,222
01/26/2016,MOB,AL,ASO,CE,Combined TRACON& Tower with Radar,6,36,13,106,161,0,0,3,12,15,6,36,16,118,176,0,26,26,202
01/27/2016,MOB,AL,ASO,CE,Combined TRACON& Tower with Radar,4,38,9,37,88,0,0,3,5,8,4,38,12,42,96,38,98,136,232
01/28/2016,MOB,AL,ASO,CE,Combined TRACON& Tower with Radar,4,39,25,114,182,0,2,9,41,52,4,41,34,155,234,0,90,90,324
01/29/2016,MOB,AL,ASO,CE,Combined TRACON& Tower with Radar,4,37,11,105,157,0,1,6,35,42,4,38,17,140,199,35,46,81,280
01/30/2016,MOB,AL,ASO,CE,Combined TRACON& Tower with Radar,2,20,10,19,51,0,0,12,11,23,2,20,22,30,74,0,0,0,74
01/31/2016,MOB,AL,ASO,CE,Combined TRACON& Tower with Radar,4,32,13,29,78,0,0,3,0,3,4,32,16,29,81,2,4,6,87
02/01/2016,MOB,AL,ASO,CE,Combined TRACON& Tower with Radar,6,35,11,22,74,0,0,0,0,0,6,35,11,22,74,0,0,0,74
02/02/2016,MOB,AL,ASO,CE,Combined TRACON& Tower with Radar,4,24,1,0,29,0,0,0,0,0,4,24,1,0,29,0,0,0,29
02/03/2016,MOB,AL,ASO,CE,Combined TRACON& Tower with Radar,6,38,5,124,173,0,0,0,27,27,6,38,5,151,200,2,52,54,254
02/04/2016,MOB,AL,ASO,CE,Combined TRACON& Tower with Radar,4,41,12,97,154,0,9,19,51,79,4,50,31,148,233,0,56,56,289
02/05/2016,MOB,AL,ASO,CE,Combined TRACON& Tower with Radar,4,35,19,97,155,0,2,11,48,61,4,37,30,145,216,0,32,32,248
02/06/2016,MOB,AL,ASO,CE,Combined TRACON& Tower with Radar,2,24,9,17,52,0,0,9,6,15,2,24,18,23,67,0,0,0,67
02/07/2016,MOB,AL,ASO,CE,Combined TRACON& Tower with Radar,2,29,6,5,42,0,0,8,9,17,2,29,14,14,59,0,14,14,73
02/08/2016,MOB,AL,ASO,CE,Combined TRACON& Tower with Radar,4,35,12,102,153,0,0,12,45,57,4,35,24,147,210,0,36,36,246
02/09/2016,MOB,AL,ASO,CE,Combined TRACON& Tower with Radar,4,30,5,73,112,0,1,1,17,19,4,31,6,90,131,0,126,126,257
02/10/2016,MOB,AL,ASO,CE,Combined TRACON& Tower with Radar,4,37,14,101,156,0,1,8,39,48,4,38,22,140,204,2,26,28,232
02/11/2016,MOB,AL,ASO,CE,Combined TRACON& Tower with Radar,4,40,15,105,164,0,8,8,46,62,4,48,23,151,226,0,22,22,248
02/12/2016,MOB,AL,ASO,CE,Combined TRACON& Tower with Radar,3,35,17,78,133,0,1,10,36,47,3,36,27,114,180,0,18,18,198
02/13/2016,MOB,AL,ASO,CE,Combined TRACON& Tower with Radar,2,20,9,14,45,0,0,17,4,21,2,20,26,18,66,0,32,32,98
02/14/2016,MOB,AL,ASO,CE,Combined TRACON& Tower with Radar,2,25,13,21,61,0,0,2,3,5,2,25,15,24,66,0,8,8,74
02/15/2016,MOB,AL,ASO,CE,Combined TRACON& Tower with Radar,2,36,5,3,46,0,0,0,1,1,2,36,5,4,47,0,0,0,47
02/16/2016,MOB,AL,ASO,CE,Combined TRACON& Tower with Radar,3,33,18,74,128,0,0,15,41,56,3,33,33,115,184,0,6,6,190
02/17/2016,MOB,AL,ASO,CE,Combined TRACON& Tower with Radar,5,34,14,75,128,0,1,13,49,63,5,35,27,124,191,12,204,216,407
02/18/2016,MOB,AL,ASO,CE,Combined TRACON& Tower with Radar,3,33,14,76,126,0,0,18,31,49,3,33,32,107,175,0,20,20,195
02/19/2016,MOB,AL,ASO,CE,Combined TRACON& Tower with Radar,3,36,8,100,147,0,2,10,30,42,3,38,18,130,189,0,38,38,227
02/20/2016,MOB,AL,ASO,CE,Combined TRACON& Tower with Radar,2,25,18,7,52,0,0,6,3,9,2,25,24,10,61,0,0,0,61
02/21/2016,MOB,AL,ASO,CE,Combined TRACON& Tower with Radar,5,31,3,12,51,0,0,4,3,7,5,31,7,15,58,0,0,0,58
02/22/2016,MOB,AL,ASO,CE,Combined TRACON& Tower with Radar,4,34,7,33,78,0,1,1,16,18,4,35,8,49,96,0,0,0,96
02/23/2016,MOB,AL,ASO,CE,Combined TRACON& Tower with Radar,3,40,7,48,98,0,1,0,2,3,3,41,7,50,101,0,0,0,101
02/24/2016,MOB,AL,ASO,CE,Combined TRACON& Tower with Radar,5,36,11,85,137,0,1,4,32,37,5,37,15,117,174,0,0,0,174
02/25/2016,MOB,AL,ASO,CE,Combined TRACON& Tower with Radar,2,41,21,97,161,0,1,7,74,82,2,42,28,171,243,0,24,24,267
02/26/2016,MOB,AL,ASO,CE,Combined TRACON& Tower with Radar,3,36,15,60,114,0,0,11,21,32,3,36,26,81,146,0,0,0,146
02/27/2016,MOB,AL,ASO,CE,Combined TRACON& Tower with Radar,2,23,4,21,50,0,0,11,2,13,2,23,15,23,63,0,0,0,63
02/28/2016,MOB,AL,ASO,CE,Combined TRACON& Tower with Radar,4,30,6,17,57,0,0,2,3,5,4,30,8,20,62,0,0,0,62
02/29/2016,MOB,AL,ASO,CE,Combined TRACON& Tower with Radar,4,37,12,52,105,0,0,10,37,47,4,37,22,89,152,0,0,0,152
03/01/2016,MOB,AL,ASO,CE,Combined TRACON& Tower with Radar,3,39,4,123,169,0,3,4,27,34,3,42,8,150,203,0,40,40,243
03/02/2016,MOB,AL,ASO,CE,Combined TRACON& Tower with Radar,3,44,14,124,185,0,6,11,38,55,3,50,25,162,240,0,42,42,282
03/03/2016,MOB,AL,ASO,CE,Combined TRACON& Tower with Radar,3,32,23,66,124,0,1,3,17,21,3,33,26,83,145,0,30,30,175
03/04/2016,MOB,AL,ASO,CE,Combined TRACON& Tower with Radar,5,33,38,99,175,0,8,23,30,61,5,41,61,129,236,0,40,40,276
03/05/2016,MOB,AL,ASO,CE,Combined TRACON& Tower with Radar,1,22,10,34,67,0,0,8,5,13,1,22,18,39,80,0,8,8,88
03/06/2016,MOB,AL,ASO,CE,Combined TRACON& Tower with Radar,4,33,21,41,99,0,0,15,9,24,4,33,36,50,123,0,0,0,123
03/07/2016,MOB,AL,ASO,CE,Combined TRACON& Tower with Radar,6,32,18,114,170,0,0,9,23,32,6,32,27,137,202,0,10,10,212
03/08/2016,MOB,AL,ASO,CE,Combined TRACON& Tower with Radar,5,33,12,142,192,0,5,1,32,38,5,38,13,174,230,0,74,74,304
03/09/2016,MOB,AL,ASO,CE,Combined TRACON& Tower with Radar,5,33,10,98,146,0,0,0,26,26,5,33,10,124,172,0,10,10,182
03/10/2016,MOB,AL,ASO,CE,Combined TRACON& Tower with Radar,6,35,8,113,162,0,0,2,11,13,6,35,10,124,175,0,70,70,245
03/11/2016,MOB,AL,ASO,CE,Combined TRACON& Tower with Radar,5,31,7,2,45,0,0,0,0,0,5,31,7,2,45,0,0,0,45
03/12/2016,MOB,AL,ASO,CE,Combined TRACON& Tower with Radar,0,23,4,2,29,0,1,0,1,2,0,24,4,3,31,0,0,0,31
03/13/2016,MOB,AL,ASO,CE,Combined TRACON& Tower with Radar,3,33,18,16,70,0,0,14,1,15,3,33,32,17,85,0,0,0,85
03/14/2016,MOB,AL,ASO,CE,Combined TRACON& Tower with Radar,5,30,22,110,167,0,0,7,32,39,5,30,29,142,206,0,64,64,270
03/15/2016,MOB,AL,ASO,CE,Combined TRACON& Tower with Radar,6,37,19,183,245,0,2,5,38,45,6,39,24,221,290,0,120,120,410
03/16/2016,MOB,AL,ASO,CE,Combined TRACON& Tower with Radar,8,32,14,152,206,0,0,10,46,56,8,32,24,198,262,0,50,50,312
03/17/2016,MOB,AL,ASO,CE,Combined TRACON& Tower with Radar,9,33,13,47,102,0,0,0,0,0,9,33,13,47,102,0,20,20,122
03/18/2016,MOB,AL,ASO,CE,Combined TRACON& Tower with Radar,7,31,3,35,76,0,0,0,8,8,7,31,3,43,84,0,18,18,102
03/19/2016,MOB,AL,ASO,CE,Combined TRACON& Tower with Radar,1,23,5,59,88,0,1,0,0,1,1,24,5,59,89,0,6,6,95
03/20/2016,MOB,AL,ASO,CE,Combined TRACON& Tower with Radar,3,28,9,61,101,0,0,6,6,12,3,28,15,67,113,0,36,36,149
03/21/2016,MOB,AL,ASO,CE,Combined TRACON& Tower with Radar,5,34,14,84,137,0,4,19,61,84,5,38,33,145,221,0,36,36,257
03/22/2016,MOB,AL,ASO,CE,Combined TRACON& Tower with Radar,5,39,26,125,195,0,6,13,56,75,5,45,39,181,270,0,69,69,339
03/23/2016,MOB,AL,ASO,CE,Combined TRACON& Tower with Radar,5,39,14,107,165,0,4,9,40,53,5,43,23,147,218,0,36,36,254
03/24/2016,MOB,AL,ASO,CE,Combined TRACON& Tower with Radar,4,34,18,39,95,0,0,1,3,4,4,34,19,42,99,0,38,38,137
03/25/2016,MOB,AL,ASO,CE,Combined TRACON& Tower with Radar,7,42,12,251,312,0,5,8,24,37,7,47,20,275,349,8,60,68,417
03/26/2016,MOB,AL,ASO,CE,Combined TRACON& Tower with Radar,2,18,6,0,26,0,0,0,0,0,2,18,6,0,26,0,0,0,26
03/27/2016,MOB,AL,ASO,CE,Combined TRACON& Tower with Radar,3,29,3,1,36,0,0,0,0,0,3,29,3,1,36,0,0,0,36
03/28/2016,MOB,AL,ASO,CE,Combined TRACON& Tower with Radar,6,31,9,160,206,0,2,13,26,41,6,33,22,186,247,0,6,6,253
03/29/2016,MOB,AL,ASO,CE,Combined TRACON& Tower with Radar,5,30,21,103,159,0,1,4,29,34,5,31,25,132,193,0,28,28,221
03/30/2016,MOB,AL,ASO,CE,Combined TRACON& Tower with Radar,5,28,14,163,210,0,0,6,44,50,5,28,20,207,260,0,130,130,390
03/31/2016,MOB,AL,ASO,CE,Combined TRACON& Tower with Radar,5,29,10,48,92,0,0,0,10,10,5,29,10,58,102,0,54,54,156
04/01/2016,MOB,AL,ASO,CE,Combined TRACON& Tower with Radar,4,36,2,2,44,0,0,0,0,0,4,36,2,2,44,0,0,0,44
04/02/2016,MOB,AL,ASO,CE,Combined TRACON& Tower with Radar,0,22,11,51,84,0,0,6,13,19,0,22,17,64,103,0,0,0,103
04/03/2016,MOB,AL,ASO,CE,Combined TRACON& Tower with Radar,1,32,13,0,46,0,0,9,6,15,1,32,22,6,61,0,0,0,61
04/04/2016,MOB,AL,ASO,CE,Combined TRACON& Tower with Radar,2,34,17,121,174,0,1,20,51,72,2,35,37,172,246,0,56,56,302
04/05/2016,MOB,AL,ASO,CE,Combined TRACON& Tower with Radar,2,42,33,165,242,0,1,24,57,82,2,43,57,222,324,0,26,26,350
04/06/2016,MOB,AL,ASO,CE,Combined TRACON& Tower with Radar,2,43,22,116,183,0,1,10,57,68,2,44,32,173,251,32,76,108,359
04/07/2016,MOB,AL,ASO,CE,Combined TRACON& Tower with Radar,4,38,18,156,216,0,2,14,48,64,4,40,32,204,280,0,22,22,302
04/08/2016,MOB,AL,ASO,CE,Combined TRACON& Tower with Radar,4,35,38,99,176,0,0,18,47,65,4,35,56,146,241,30,144,174,415
04/09/2016,MOB,AL,ASO,CE,Combined TRACON& Tower with Radar,2,22,9,24,57,0,3,14,5,22,2,25,23,29,79,10,0,10,89
04/10/2016,MOB,AL,ASO,CE,Combined TRACON& Tower with Radar,2,33,15,49,99,0,1,17,5,23,2,34,32,54,122,0,0,0,122
04/11/2016,MOB,AL,ASO,CE,Combined TRACON& Tower with Radar,4,32,18,122,176,0,0,5,23,28,4,32,23,145,204,0,68,68,272
04/12/2016,MOB,AL,ASO,CE,Combined TRACON& Tower with Radar,4,33,14,135,186,0,2,0,26,28,4,35,14,161,214,0,52,52,266
04/13/2016,MOB,AL,ASO,CE,Combined TRACON& Tower with Radar,2,39,1,4,46,0,0,0,0,0,2,39,1,4,46,0,0,0,46
04/14/2016,MOB,AL,ASO,CE,Combined TRACON& Tower with Radar,4,37,8,97,146,0,2,0,21,23,4,39,8,118,169,0,58,58,227
04/15/2016,MOB,AL,ASO,CE,Combined TRACON& Tower with Radar,4,38,11,202,255,0,0,1,11,12,4,38,12,213,267,0,144,144,411
04/16/2016,MOB,AL,ASO,CE,Combined TRACON& Tower with Radar,2,24,10,78,114,0,4,6,1,11,2,28,16,79,125,0,0,0,125
04/17/2016,MOB,AL,ASO,CE,Combined TRACON& Tower with Radar,2,29,23,44,98,0,0,19,8,27,2,29,42,52,125,0,0,0,125
04/18/2016,MOB,AL,ASO,CE,Combined TRACON& Tower with Radar,4,25,16,147,192,0,1,9,54,64,4,26,25,201,256,0,144,144,400
04/19/2016,MOB,AL,ASO,CE,Combined TRACON& Tower with Radar,8,31,14,129,182,0,1,13,44,58,8,32,27,173,240,0,32,32,272
04/20/2016,MOB,AL,ASO,CE,Combined TRACON& Tower with Radar,2,39,14,134,189,0,3,9,33,45,2,42,23,167,234,0,70,70,304
04/21/2016,MOB,AL,ASO,CE,Combined TRACON& Tower with Radar,6,42,10,120,178,0,0,2,46,48,6,42,12,166,226,0,84,84,310
04/22/2016,MOB,AL,ASO,CE,Combined TRACON& Tower with Radar,4,38,19,169,230,0,0,10,27,37,4,38,29,196,267,0,72,72,339
04/23/2016,MOB,AL,ASO,CE,Combined TRACON& Tower with Radar,2,21,3,0,26,0,0,9,4,13,2,21,12,4,39,24,0,24,63
04/24/2016,MOB,AL,ASO,CE,Combined TRACON& Tower with Radar,2,34,7,39,82,0,0,4,9,13,2,34,11,48,95,0,0,0,95
04/25/2016,MOB,AL,ASO,CE,Combined TRACON& Tower with Radar,4,36,1,109,150,0,0,6,41,47,4,36,7,150,197,0,6,6,203
04/26/2016,MOB,AL,ASO,CE,Combined TRACON& Tower with Radar,4,34,21,93,152,0,0,6,36,42,4,34,27,129,194,0,20,20,214
04/27/2016,MOB,AL,ASO,CE,Combined TRACON& Tower with Radar,2,40,13,39,94,0,0,1,36,37,2,40,14,75,131,0,6,6,137
04/28/2016,MOB,AL,ASO,CE,Combined TRACON& Tower with Radar,4,38,11,62,115,0,2,13,31,46,4,40,24,93,161,0,38,38,199
04/29/2016,MOB,AL,ASO,CE,Combined TRACON& Tower with Radar,4,34,10,75,123,0,0,6,28,34,4,34,16,103,157,0,22,22,179
04/30/2016,MOB,AL,ASO,CE,Combined TRACON& Tower with Radar,2,23,7,16,48,0,0,1,3,4,2,23,8,19,52,0,0,0,52
05/01/2016,MOB,AL,ASO,CE,Combined TRACON& Tower with Radar,5,35,19,31,90,0,0,0,0,0,5,35,19,31,90,0,0,0,90
05/02/2016,MOB,AL,ASO,CE,Combined TRACON& Tower with Radar,4,35,7,81,127,0,0,2,13,15,4,35,9,94,142,0,0,0,142
05/03/2016,MOB,AL,ASO,CE,Combined TRACON& Tower with Radar,2,37,23,177,239,0,1,6,22,29,2,38,29,199,268,0,46,46,314
05/04/2016,MOB,AL,ASO,CE,Combined TRACON& Tower with Radar,4,40,21,201,266,0,4,9,34,47,4,44,30,235,313,0,64,64,377
05/05/2016,MOB,AL,ASO,CE,Combined TRACON& Tower with Radar,3,34,19,111,167,0,2,15,47,64,3,36,34,158,231,28,50,78,309
05/06/2016,MOB,AL,ASO,CE,Combined TRACON& Tower with Radar,5,33,10,107,155,0,0,10,43,53,5,33,20,150,208,2,34,36,244
05/07/2016,MOB,AL,ASO,CE,Combined TRACON& Tower with Radar,2,20,16,27,65,0,0,19,9,28,2,20,35,36,93,4,34,38,131
05/08/2016,MOB,AL,ASO,CE,Combined TRACON& Tower with Radar,4,31,12,16,63,0,0,9,18,27,4,31,21,34,90,0,0,0,90
05/09/2016,MOB,AL,ASO,CE,Combined TRACON& Tower with Radar,4,35,20,121,180,0,0,4,42,46,4,35,24,163,226,0,18,18,244
05/10/2016,MOB,AL,ASO,CE,Combined TRACON& Tower with Radar,5,36,20,150,211,0,0,11,27,38,5,36,31,177,249,0,32,32,281
05/11/2016,MOB,AL,ASO,CE,Combined TRACON& Tower with Radar,4,35,40,150,229,0,1,18,33,52,4,36,58,183,281,0,0,0,281
05/12/2016,MOB,AL,ASO,CE,Combined TRACON& Tower with Radar,4,40,12,121,177,0,2,10,20,32,4,42,22,141,209,0,0,0,209
05/13/2016,MOB,AL,ASO,CE,Combined TRACON& Tower with Radar,4,46,14,77,141,0,2,6,30,38,4,48,20,107,179,0,0,0,179
05/14/2016,MOB,AL,ASO,CE,Combined TRACON& Tower with Radar,4,21,7,15,47,0,1,5,20,26,4,22,12,35,73,0,0,0,73
05/15/2016,MOB,AL,ASO,CE,Combined TRACON& Tower with Radar,4,34,3,49,90,0,0,4,18,22,4,34,7,67,112,0,0,0,112
05/16/2016,MOB,AL,ASO,CE,Combined TRACON& Tower with Radar,8,48,8,97,161,0,2,5,34,41,8,50,13,131,202,0,38,38,240
05/17/2016,MOB,AL,ASO,CE,Combined TRACON& Tower with Radar,2,45,5,58,110,0,0,2,19,21,2,45,7,77,131,0,56,56,187
05/18/2016,MOB,AL,ASO,CE,Combined TRACON& Tower with Radar,4,41,4,162,211,0,0,4,13,17,4,41,8,175,228,14,136,150,378
05/19/2016,MOB,AL,ASO,CE,Combined TRACON& Tower with Radar,4,37,18,122,181,0,2,5,23,30,4,39,23,145,211,30,100,130,341
05/20/2016,MOB,AL,ASO,CE,Combined TRACON& Tower with Radar,4,35,1,70,110,0,0,4,6,10,4,35,5,76,120,0,0,0,120
05/21/2016,MOB,AL,ASO,CE,Combined TRACON& Tower with Radar,4,22,9,24,59,0,2,10,10,22,4,24,19,34,81,0,0,0,81
05/22/2016,MOB,AL,ASO,CE,Combined TRACON& Tower with Radar,4,32,14,28,78,0,0,10,11,21,4,32,24,39,99,0,0,0,99
05/23/2016,MOB,AL,ASO,CE,Combined TRACON& Tower with Radar,4,38,14,110,166,0,2,20,30,52,4,40,34,140,218,21,89,110,328
05/24/2016,MOB,AL,ASO,CE,Combined TRACON& Tower with Radar,2,39,5,138,184,0,2,8,48,58,2,41,13,186,242,0,29,29,271
05/25/2016,MOB,AL,ASO,CE,Combined TRACON& Tower with Radar,4,41,23,117,185,0,4,7,45,56,4,45,30,162,241,0,14,14,255
05/26/2016,MOB,AL,ASO,CE,Combined TRACON& Tower with Radar,4,38,24,137,203,0,1,7,41,49,4,39,31,178,252,0,30,30,282
05/27/2016,MOB,AL,ASO,CE,Combined TRACON& Tower with Radar,6,33,9,27,75,0,0,3,21,24,6,33,12,48,99,18,38,56,155
05/28/2016,MOB,AL,ASO,CE,Combined TRACON& Tower with Radar,4,21,5,11,41,0,0,5,4,9,4,21,10,15,50,0,0,0,50
05/29/2016,MOB,AL,ASO,CE,Combined TRACON& Tower with Radar,8,27,2,0,37,0,1,5,4,10,8,28,7,4,47,0,0,0,47
05/30/2016,MOB,AL,ASO,CE,Combined TRACON& Tower with Radar,5,32,2,3,42,0,0,5,6,11,5,32,7,9,53,0,0,0,53
05/31/2016,MOB,AL,ASO,CE,Combined TRACON& Tower with Radar,2,41,3,70,116,0,0,5,51,56,2,41,8,121,172,0,20,20,192
06/01/2016,MOB,AL,ASO,CE,Combined TRACON& Tower with Radar,4,41,21,81,147,0,0,4,48,52,4,41,25,129,199,0,140,140,339
06/02/2016,MOB,AL,ASO,CE,Combined TRACON& Tower with Radar,6,29,10,137,182,0,1,4,50,55,6,30,14,187,237,3,154,157,394
06/03/2016,MOB,AL,ASO,CE,Combined TRACON& Tower with Radar,2,39,4,63,108,0,0,4,29,33,2,39,8,92,141,0,32,32,173
06/04/2016,MOB,AL,ASO,CE,Combined TRACON& Tower with Radar,4,24,2,0,30,0,0,2,5,7,4,24,4,5,37,0,0,0,37
06/05/2016,MOB,AL,ASO,CE,Combined TRACON& Tower with Radar,2,36,8,79,125,0,1,1,6,8,2,37,9,85,133,0,0,0,133
06/06/2016,MOB,AL,ASO,CE,Combined TRACON& Tower with Radar,4,34,7,79,124,0,0,1,19,20,4,34,8,98,144,0,22,22,166
06/07/2016,MOB,AL,ASO,CE,Combined TRACON& Tower with Radar,2,35,12,100,149,0,1,10,41,52,2,36,22,141,201,0,44,44,245
06/08/2016,MOB,AL,ASO,CE,Combined TRACON& Tower with Radar,4,42,16,120,182,0,0,11,41,52,4,42,27,161,234,6,40,46,280
06/09/2016,MOB,AL,ASO,CE,Combined TRACON& Tower with Radar,12,34,12,96,154,0,0,6,49,55,12,34,18,145,209,0,42,42,251
06/10/2016,MOB,AL,ASO,CE,Combined TRACON& Tower with Radar,6,38,15,77,136,0,0,7,25,32,6,38,22,102,168,10,46,56,224
06/11/2016,MOB,AL,ASO,CE,Combined TRACON& Tower with Radar,2,27,7,12,48,0,0,5,4,9,2,27,12,16,57,10,10,20,77
06/12/2016,MOB,AL,ASO,CE,Combined TRACON& Tower with Radar,2,30,7,19,58,0,0,5,2,7,2,30,12,21,65,0,0,0,65
06/13/2016,MOB,AL,ASO,CE,Combined TRACON& Tower with Radar,4,37,7,90,138,0,0,3,31,34,4,37,10,121,172,0,0,0,172
06/14/2016,MOB,AL,ASO,CE,Combined TRACON& Tower with Radar,1,38,18,89,146,0,0,6,24,30,1,38,24,113,176,0,32,32,208
06/15/2016,MOB,AL,ASO,CE,Combined TRACON& Tower with Radar,4,38,28,90,160,0,1,3,26,30,4,39,31,116,190,0,45,45,235
06/16/2016,MOB,AL,ASO,CE,Combined TRACON& Tower with Radar,6,34,25,116,181,0,1,6,40,47,6,35,31,156,228,0,12,12,240
06/17/2016,MOB,AL,ASO,CE,Combined TRACON& Tower with Radar,6,28,27,106,167,0,0,16,26,42,6,28,43,132,209,0,70,70,279
06/18/2016,MOB,AL,ASO,CE,Combined TRACON& Tower with Radar,2,30,6,6,44,0,0,2,8,10,2,30,8,14,54,0,0,0,54
06/19/2016,MOB,AL,ASO,CE,Combined TRACON& Tower with Radar,4,33,12,9,58,0,0,3,0,3,4,33,15,9,61,0,0,0,61
06/20/2016,MOB,AL,ASO,CE,Combined TRACON& Tower with Radar,9,37,24,118,188,0,0,18,39,57,9,37,42,157,245,0,18,18,263
06/21/2016,MOB,AL,ASO,CE,Combined TRACON& Tower with Radar,4,40,22,121,187,0,5,20,41,66,4,45,42,162,253,10,30,40,293
06/22/2016,MOB,AL,ASO,CE,Combined TRACON& Tower with Radar,4,37,18,96,155,0,0,6,37,43,4,37,24,133,198,0,0,0,198
06/23/2016,MOB,AL,ASO,CE,Combined TRACON& Tower with Radar,5,38,17,100,160,0,1,21,32,54,5,39,38,132,214,0,110,110,324
06/24/2016,MOB,AL,ASO,CE,Combined TRACON& Tower with Radar,8,34,16,27,85,0,0,18,39,57,8,34,34,66,142,0,0,0,142
06/25/2016,MOB,AL,ASO,CE,Combined TRACON& Tower with Radar,6,28,9,6,49,0,0,10,4,14,6,28,19,10,63,4,10,14,77
06/26/2016,MOB,AL,ASO,CE,Combined TRACON& Tower with Radar,3,35,8,36,82,0,0,6,2,8,3,35,14,38,90,0,0,0,90
06/27/2016,MOB,AL,ASO,CE,Combined TRACON& Tower with Radar,5,35,5,74,119,0,2,8,34,44,5,37,13,108,163,0,0,0,163
06/28/2016,MOB,AL,ASO,CE,Combined TRACON& Tower with Radar,3,32,10,24,69,0,0,1,16,17,3,32,11,40,86,0,39,39,125
06/29/2016,MOB,AL,ASO,CE,Combined TRACON& Tower with Radar,4,36,20,60,120,0,2,3,25,30,4,38,23,85,150,0,13,13,163
06/30/2016,MOB,AL,ASO,CE,Combined TRACON& Tower with Radar,6,35,3,39,83,0,0,0,22,22,6,35,3,61,105,0,22,22,127
07/01/2016,MOB,AL,ASO,CE,Combined TRACON& Tower with Radar,4,40,14,21,79,0,0,9,15,24,4,40,23,36,103,0,84,84,187
07/02/2016,MOB,AL,ASO,CE,Combined TRACON& Tower with Radar,4,23,7,0,34,0,0,15,4,19,4,23,22,4,53,12,0,12,65
07/03/2016,MOB,AL,ASO,CE,Combined TRACON& Tower with Radar,3,25,3,3,34,0,0,7,3,10,3,25,10,6,44,0,0,0,44
07/04/2016,MOB,AL,ASO,CE,Combined TRACON& Tower with Radar,7,23,4,2,36,0,0,3,8,11,7,23,7,10,47,0,0,0,47
07/05/2016,MOB,AL,ASO,CE,Combined TRACON& Tower with Radar,3,35,9,86,133,0,1,6,34,41,3,36,15,120,174,12,186,198,372
07/06/2016,MOB,AL,ASO,CE,Combined TRACON& Tower with Radar,3,38,12,64,117,0,0,6,41,47,3,38,18,105,164,4,101,105,269
07/07/2016,MOB,AL,ASO,CE,Combined TRACON& Tower with Radar,4,34,19,140,197,0,3,19,31,53,4,37,38,171,250,8,82,90,340
07/08/2016,MOB,AL,ASO,CE,Combined TRACON& Tower with Radar,4,35,6,88,133,0,0,8,40,48,4,35,14,128,181,0,0,0,181
07/09/2016,MOB,AL,ASO,CE,Combined TRACON& Tower with Radar,4,22,4,7,37,0,2,1,13,16,4,24,5,20,53,4,34,38,91
07/10/2016,MOB,AL,ASO,CE,Combined TRACON& Tower with Radar,2,35,6,9,52,0,0,1,3,4,2,35,7,12,56,4,16,20,76
07/11/2016,MOB,AL,ASO,CE,Combined TRACON& Tower with Radar,6,40,14,62,122,0,0,9,27,36,6,40,23,89,158,5,36,41,199
07/12/2016,MOB,AL,ASO,CE,Combined TRACON& Tower with Radar,4,40,10,137,191,0,1,5,31,37,4,41,15,168,228,0,40,40,268
07/13/2016,MOB,AL,ASO,CE,Combined TRACON& Tower with Radar,4,36,17,116,173,0,3,8,47,58,4,39,25,163,231,0,8,8,239
07/14/2016,MOB,AL,ASO,CE,Combined TRACON& Tower with Radar,4,33,23,98,158,0,0,16,38,54,4,33,39,136,212,0,0,0,212
07/15/2016,MOB,AL,ASO,CE,Combined TRACON& Tower with Radar,8,38,21,67,134,0,1,6,28,35,8,39,27,95,169,0,14,14,183
07/16/2016,MOB,AL,ASO,CE,Combined TRACON& Tower with Radar,3,22,5,84,114,0,0,1,6,7,3,22,6,90,121,0,0,0,121
07/17/2016,MOB,AL,ASO,CE,Combined TRACON& Tower with Radar,3,34,6,26,69,0,0,10,4,14,3,34,16,30,83,0,0,0,83
07/18/2016,MOB,AL,ASO,CE,Combined TRACON& Tower with Radar,1,35,16,48,100,0,0,6,37,43,1,35,22,85,143,0,16,16,159
07/19/2016,MOB,AL,ASO,CE,Combined TRACON& Tower with Radar,4,35,7,164,210,0,1,5,58,64,4,36,12,222,274,0,54,54,328
07/20/2016,MOB,AL,ASO,CE,Combined TRACON& Tower with Radar,4,39,6,53,102,0,4,6,44,54,4,43,12,97,156,4,21,25,181
07/21/2016,MOB,AL,ASO,CE,Combined TRACON& Tower with Radar,3,34,12,59,108,0,6,8,37,51,3,40,20,96,159,2,76,78,237
07/22/2016,MOB,AL,ASO,CE,Combined TRACON& Tower with Radar,4,36,4,32,76,0,0,4,29,33,4,36,8,61,109,0,0,0,109
07/23/2016,MOB,AL,ASO,CE,Combined TRACON& Tower with Radar,4,28,0,27,59,0,0,9,8,17,4,28,9,35,76,12,12,24,100
07/24/2016,MOB,AL,ASO,CE,Combined TRACON& Tower with Radar,2,32,9,25,68,0,0,7,10,17,2,32,16,35,85,0,14,14,99
07/25/2016,MOB,AL,ASO,CE,Combined TRACON& Tower with Radar,3,31,14,163,211,0,1,11,31,43,3,32,25,194,254,0,6,6,260
07/26/2016,MOB,AL,ASO,CE,Combined TRACON& Tower with Radar,6,35,9,64,114,0,0,2,20,22,6,35,11,84,136,0,30,30,166
07/27/2016,MOB,AL,ASO,CE,Combined TRACON& Tower with Radar,4,29,17,163,213,0,0,3,37,40,4,29,20,200,253,0,40,40,293
07/28/2016,MOB,AL,ASO,CE,Combined TRACON& Tower with Radar,4,48,15,192,259,0,1,9,36,46,4,49,24,228,305,0,14,14,319
07/29/2016,MOB,AL,ASO,CE,Combined TRACON& Tower with Radar,4,34,6,74,118,0,3,12,34,49,4,37,18,108,167,0,22,22,189
07/30/2016,MOB,AL,ASO,CE,Combined TRACON& Tower with Radar,3,25,8,29,65,0,0,3,5,8,3,25,11,34,73,8,36,44,117
07/31/2016,MOB,AL,ASO,CE,Combined TRACON& Tower with Radar,2,33,10,31,76,0,0,11,11,22,2,33,21,42,98,0,14,14,112
08/01/2016,MOB,AL,ASO,CE,Combined TRACON& Tower with Radar,4,38,6,88,136,0,3,5,47,55,4,41,11,135,191,0,62,62,253
08/02/2016,MOB,AL,ASO,CE,Combined TRACON& Tower with Radar,3,34,12,62,111,0,0,5,44,49,3,34,17,106,160,0,0,0,160
08/03/2016,MOB,AL,ASO,CE,Combined TRACON& Tower with Radar,4,41,8,96,149,0,0,7,37,44,4,41,15,133,193,4,38,42,235
08/04/2016,MOB,AL,ASO,CE,Combined TRACON& Tower with Radar,4,39,8,41,92,0,2,2,22,26,4,41,10,63,118,0,58,58,176
08/05/2016,MOB,AL,ASO,CE,Combined TRACON& Tower with Radar,3,40,12,133,188,0,0,7,26,33,3,40,19,159,221,0,0,0,221
08/06/2016,MOB,AL,ASO,CE,Combined TRACON& Tower with Radar,1,29,2,41,73,0,0,2,8,10,1,29,4,49,83,0,34,34,117
08/07/2016,MOB,AL,ASO,CE,Combined TRACON& Tower with Radar,2,33,9,65,109,0,0,4,8,12,2,33,13,73,121,14,4,18,139
08/08/2016,MOB,AL,ASO,CE,Combined TRACON& Tower with Radar,3,37,8,27,75,0,0,5,28,33,3,37,13,55,108,0,0,0,108
08/09/2016,MOB,AL,ASO,CE,Combined TRACON& Tower with Radar,3,31,7,85,126,0,0,2,21,23,3,31,9,106,149,0,72,72,221
08/10/2016,MOB,AL,ASO,CE,Combined TRACON& Tower with Radar,2,36,9,26,73,0,0,0,4,4,2,36,9,30,77,0,46,46,123
08/11/2016,MOB,AL,ASO,CE,Combined TRACON& Tower with Radar,4,35,0,70,109,0,0,0,3,3,4,35,0,73,112,0,32,32,144
08/12/2016,MOB,AL,ASO,CE,Combined TRACON& Tower with Radar,4,29,4,83,120,0,0,0,2,2,4,29,4,85,122,0,10,10,132
08/13/2016,MOB,AL,ASO,CE,Combined TRACON& Tower with Radar,2,26,5,8,41,0,0,1,2,3,2,26,6,10,44,0,0,0,44
08/14/2016,MOB,AL,ASO,CE,Combined TRACON& Tower with Radar,2,38,5,26,71,0,1,3,7,11,2,39,8,33,82,0,0,0,82
08/15/2016,MOB,AL,ASO,CE,Combined TRACON& Tower with Radar,4,34,7,49,94,0,1,7,43,51,4,35,14,92,145,0,0,0,145
08/16/2016,MOB,AL,ASO,CE,Combined TRACON& Tower with Radar,4,34,4,124,166,0,1,9,31,41,4,35,13,155,207,0,28,28,235
08/17/2016,MOB,AL,ASO,CE,Combined TRACON& Tower with Radar,4,32,15,122,173,0,2,5,42,49,4,34,20,164,222,0,0,0,222
08/18/2016,MOB,AL,ASO,CE,Combined TRACON& Tower with Radar,4,33,15,53,105,0,1,7,32,40,4,34,22,85,145,12,54,66,211
08/19/2016,MOB,AL,ASO,CE,Combined TRACON& Tower with Radar,3,30,5,14,52,0,0,7,20,27,3,30,12,34,79,0,80,80,159
08/20/2016,MOB,AL,ASO,CE,Combined TRACON& Tower with Radar,3,20,6,0,29,0,0,3,6,9,3,20,9,6,38,0,0,0,38
08/21/2016,MOB,AL,ASO,CE,Combined TRACON& Tower with Radar,4,29,11,2,46,0,0,5,2,7,4,29,16,4,53,0,0,0,53
08/22/2016,MOB,AL,ASO,CE,Combined TRACON& Tower with Radar,7,28,12,41,88,0,1,2,25,28,7,29,14,66,116,0,76,76,192
08/23/2016,MOB,AL,ASO,CE,Combined TRACON& Tower with Radar,2,36,11,70,119,0,2,12,35,49,2,38,23,105,168,2,28,30,198
08/24/2016,MOB,AL,ASO,CE,Combined TRACON& Tower with Radar,4,36,6,82,128,0,0,4,28,32,4,36,10,110,160,0,6,6,166
08/25/2016,MOB,AL,ASO,CE,Combined TRACON& Tower with Radar,4,37,17,137,195,0,0,8,31,39,4,37,25,168,234,0,56,56,290
08/26/2016,MOB,AL,ASO,CE,Combined TRACON& Tower with Radar,6,34,11,99,150,0,0,16,40,56,6,34,27,139,206,2,56,58,264
08/27/2016,MOB,AL,ASO,CE,Combined TRACON& Tower with Radar,4,23,2,13,42,0,0,9,3,12,4,23,11,16,54,0,0,0,54
08/28/2016,MOB,AL,ASO,CE,Combined TRACON& Tower with Radar,4,29,2,32,67,0,0,0,1,1,4,29,2,33,68,0,0,0,68
08/29/2016,MOB,AL,ASO,CE,Combined TRACON& Tower with Radar,8,26,9,126,169,0,4,10,36,50,8,30,19,162,219,6,148,154,373
08/30/2016,MOB,AL,ASO,CE,Combined TRACON& Tower with Radar,8,26,13,99,146,0,1,14,48,63,8,27,27,147,209,20,20,40,249
08/31/2016,MOB,AL,ASO,CE,Combined TRACON& Tower with Radar,7,29,16,67,119,0,3,7,30,40,7,32,23,97,159,0,50,50,209
09/01/2016,MOB,AL,ASO,CE,Combined TRACON& Tower with Radar,5,37,8,54,104,0,2,8,26,36,5,39,16,80,140,0,72,72,212
09/02/2016,MOB,AL,ASO,CE,Combined TRACON& Tower with Radar,8,34,15,11,68,0,0,3,16,19,8,34,18,27,87,0,4,4,91
09/03/2016,MOB,AL,ASO,CE,Combined TRACON& Tower with Radar,3,21,2,2,28,0,0,0,0,0,3,21,2,2,28,0,0,0,28
09/04/2016,MOB,AL,ASO,CE,Combined TRACON& Tower with Radar,0,23,3,2,28,0,0,0,0,0,0,23,3,2,28,0,0,0,28
09/05/2016,MOB,AL,ASO,CE,Combined TRACON& Tower with Radar,1,35,6,2,44,0,0,1,0,1,1,35,7,2,45,0,0,0,45
09/06/2016,MOB,AL,ASO,CE,Combined TRACON& Tower with Radar,9,36,15,144,204,0,3,7,24,34,9,39,22,168,238,0,42,42,280
09/07/2016,MOB,AL,ASO,CE,Combined TRACON& Tower with Radar,6,30,19,174,229,0,1,14,45,60,6,31,33,219,289,6,98,104,393
09/08/2016,MOB,AL,ASO,CE,Combined TRACON& Tower with Radar,6,30,19,115,170,0,0,17,38,55,6,30,36,153,225,0,182,182,407
09/09/2016,MOB,AL,ASO,CE,Combined TRACON& Tower with Radar,6,32,17,110,165,0,0,4,24,28,6,32,21,134,193,0,0,0,193
09/10/2016,MOB,AL,ASO,CE,Combined TRACON& Tower with Radar,3,19,11,25,58,0,0,2,5,7,3,19,13,30,65,0,12,12,77
09/11/2016,MOB,AL,ASO,CE,Combined TRACON& Tower with Radar,3,33,12,13,61,0,0,3,3,6,3,33,15,16,67,0,16,16,83
09/12/2016,MOB,AL,ASO,CE,Combined TRACON& Tower with Radar,6,39,11,23,79,0,2,2,26,30,6,41,13,49,109,0,7,7,116
09/13/2016,MOB,AL,ASO,CE,Combined TRACON& Tower with Radar,3,45,6,33,87,0,1,5,32,38,3,46,11,65,125,0,42,42,167
09/14/2016,MOB,AL,ASO,CE,Combined TRACON& Tower with Radar,6,41,26,114,187,0,1,20,45,66,6,42,46,159,253,0,46,46,299
09/15/2016,MOB,AL,ASO,CE,Combined TRACON& Tower with Radar,8,36,21,117,182,0,2,10,41,53,8,38,31,158,235,0,0,0,235
09/16/2016,MOB,AL,ASO,CE,Combined TRACON& Tower with Radar,6,33,11,58,108,0,0,0,7,7,6,33,11,65,115,0,62,62,177
09/17/2016,MOB,AL,ASO,CE,Combined TRACON& Tower with Radar,4,24,9,22,59,0,0,0,3,3,4,24,9,25,62,0,0,0,62
09/18/2016,MOB,AL,ASO,CE,Combined TRACON& Tower with Radar,2,32,2,25,61,0,0,4,0,4,2,32,6,25,65,0,0,0,65
09/19/2016,MOB,AL,ASO,CE,Combined TRACON& Tower with Radar,6,38,11,87,142,0,1,7,29,37,6,39,18,116,179,0,30,30,209
09/20/2016,MOB,AL,ASO,CE,Combined TRACON& Tower with Radar,6,29,18,60,113,0,1,9,26,36,6,30,27,86,149,0,96,96,245
09/21/2016,MOB,AL,ASO,CE,Combined TRACON& Tower with Radar,6,35,9,83,133,0,1,8,35,44,6,36,17,118,177,0,42,42,219
09/22/2016,MOB,AL,ASO,CE,Combined TRACON& Tower with Radar,6,41,25,112,184,0,0,15,27,42,6,41,40,139,226,12,66,78,304
09/23/2016,MOB,AL,ASO,CE,Combined TRACON& Tower with Radar,8,36,14,51,109,0,0,14,39,53,8,36,28,90,162,0,58,58,220
09/24/2016,MOB,AL,ASO,CE,Combined TRACON& Tower with Radar,4,20,10,16,50,0,2,7,14,23,4,22,17,30,73,0,0,0,73
09/25/2016,MOB,AL,ASO,CE,Combined TRACON& Tower with Radar,2,32,7,12,53,0,0,5,7,12,2,32,12,19,65,0,0,0,65
09/26/2016,MOB,AL,ASO,CE,Combined TRACON& Tower with Radar,6,35,4,40,85,0,3,3,35,41,6,38,7,75,126,0,16,16,142
09/27/2016,MOB,AL,ASO,CE,Combined TRACON& Tower with Radar,8,31,10,117,166,0,0,1,28,29,8,31,11,145,195,0,70,70,265
09/28/2016,MOB,AL,ASO,CE,Combined TRACON& Tower with Radar,12,32,18,120,182,0,1,16,58,75,12,33,34,178,257,0,62,62,319
09/29/2016,MOB,AL,ASO,CE,Combined TRACON& Tower with Radar,8,39,21,139,207,0,2,6,48,56,8,41,27,187,263,0,15,15,278
09/30/2016,MOB,AL,ASO,CE,Combined TRACON& Tower with Radar,10,34,21,59,124,0,0,4,21,25,10,34,25,80,149,6,106,112,261
10/01/2016,MOB,AL,ASO,CE,Combined TRACON& Tower with Radar,5,21,8,8,42,0,0,5,4,9,5,21,13,12,51,0,0,0,51
10/02/2016,MOB,AL,ASO,CE,Combined TRACON& Tower with Radar,2,33,7,16,58,0,1,2,9,12,2,34,9,25,70,0,0,0,70
10/03/2016,MOB,AL,ASO,CE,Combined TRACON& Tower with Radar,3,38,17,84,142,0,2,15,64,81,3,40,32,148,223,0,80,80,303
10/04/2016,MOB,AL,ASO,CE,Combined TRACON& Tower with Radar,1,38,27,118,184,0,0,26,35,61,1,38,53,153,245,0,36,36,281
10/05/2016,MOB,AL,ASO,CE,Combined TRACON& Tower with Radar,5,40,16,91,152,0,1,12,49,62,5,41,28,140,214,4,62,66,280
10/06/2016,MOB,AL,ASO,CE,Combined TRACON& Tower with Radar,1,39,23,158,221,0,0,11,29,40,1,39,34,187,261,0,0,0,261
10/07/2016,MOB,AL,ASO,CE,Combined TRACON& Tower with Radar,1,38,17,70,126,0,1,14,20,35,1,39,31,90,161,0,16,16,177
10/08/2016,MOB,AL,ASO,CE,Combined TRACON& Tower with Radar,3,23,8,23,57,0,0,6,11,17,3,23,14,34,74,2,14,16,90
10/09/2016,MOB,AL,ASO,CE,Combined TRACON& Tower with Radar,4,33,8,31,76,0,0,11,7,18,4,33,19,38,94,0,10,10,104
10/10/2016,MOB,AL,ASO,CE,Combined TRACON& Tower with Radar,1,43,2,2,48,0,0,5,3,8,1,43,7,5,56,0,16,16,72
10/11/2016,MOB,AL,ASO,CE,Combined TRACON& Tower with Radar,5,37,11,98,151,0,1,18,30,49,5,38,29,128,200,0,0,0,200
10/12/2016,MOB,AL,ASO,CE,Combined TRACON& Tower with Radar,1,43,13,118,175,0,4,7,39,50,1,47,20,157,225,0,140,140,365
10/13/2016,MOB,AL,ASO,CE,Combined TRACON& Tower with Radar,1,41,18,88,148,0,1,9,49,59,1,42,27,137,207,0,0,0,207
10/14/2016,MOB,AL,ASO,CE,Combined TRACON& Tower with Radar,5,42,7,71,125,0,0,8,26,34,5,42,15,97,159,4,14,18,177
10/15/2016,MOB,AL,ASO,CE,Combined TRACON& Tower with Radar,3,24,6,29,62,0,0,11,8,19,3,24,17,37,81,0,4,4,85
10/16/2016,MOB,AL,ASO,CE,Combined TRACON& Tower with Radar,6,32,15,44,97,0,1,7,4,12,6,33,22,48,109,0,0,0,109
10/17/2016,MOB,AL,ASO,CE,Combined TRACON& Tower with Radar,2,39,15,129,185,0,0,8,38,46,2,39,23,167,231,0,80,80,311
10/18/2016,MOB,AL,ASO,CE,Combined TRACON& Tower with Radar,5,36,10,90,141,0,3,6,41,50,5,39,16,131,191,0,34,34,225
10/19/2016,MOB,AL,ASO,CE,Combined TRACON& Tower with Radar,5,37,18,86,146,0,0,11,36,47,5,37,29,122,193,8,42,50,243
10/20/2016,MOB,AL,ASO,CE,Combined TRACON& Tower with Radar,3,38,9,136,186,0,1,2,37,40,3,39,11,173,226,0,32,32,258
10/21/2016,MOB,AL,ASO,CE,Combined TRACON& Tower with Radar,1,38,16,99,154,0,1,16,39,56,1,39,32,138,210,0,18,18,228
10/22/2016,MOB,AL,ASO,CE,Combined TRACON& Tower with Radar,3,24,5,40,72,0,0,12,15,27,3,24,17,55,99,0,0,0,99
10/23/2016,MOB,AL,ASO,CE,Combined TRACON& Tower with Radar,6,27,21,33,87,0,2,16,7,25,6,29,37,40,112,0,0,0,112
10/24/2016,MOB,AL,ASO,CE,Combined TRACON& Tower with Radar,1,41,17,147,206,0,2,17,61,80,1,43,34,208,286,0,0,0,286
10/25/2016,MOB,AL,ASO,CE,Combined TRACON& Tower with Radar,2,39,19,119,179,0,5,9,38,52,2,44,28,157,231,44,154,198,429
10/26/2016,MOB,AL,ASO,CE,Combined TRACON& Tower with Radar,2,40,10,114,166,0,2,8,37,47,2,42,18,151,213,0,14,14,227
10/27/2016,MOB,AL,ASO,CE,Combined TRACON& Tower with Radar,0,44,18,133,195,0,2,15,33,50,0,46,33,166,245,46,100,146,391
10/28/2016,MOB,AL,ASO,CE,Combined TRACON& Tower with Radar,5,40,21,93,159,0,1,27,39,67,5,41,48,132,226,16,74,90,316
10/29/2016,MOB,AL,ASO,CE,Combined TRACON& Tower with Radar,2,21,15,7,45,0,0,11,2,13,2,21,26,9,58,0,0,0,58
10/30/2016,MOB,AL,ASO,CE,Combined TRACON& Tower with Radar,7,33,3,42,85,0,1,16,9,26,7,34,19,51,111,8,0,8,119
10/31/2016,MOB,AL,ASO,CE,Combined TRACON& Tower with Radar,2,33,11,73,119,0,0,9,39,48,2,33,20,112,167,0,96,96,263
11/01/2016,MOB,AL,ASO,CE,Combined TRACON& Tower with Radar,3,34,17,71,125,0,1,15,44,60,3,35,32,115,185,12,104,116,301
11/02/2016,MOB,AL,ASO,CE,Combined TRACON& Tower with Radar,3,37,9,36,85,0,0,6,52,58,3,37,15,88,143,0,184,184,327
11/03/2016,MOB,AL,ASO,CE,Combined TRACON& Tower with Radar,2,38,21,34,95,0,0,9,41,50,2,38,30,75,145,0,70,70,215
11/04/2016,MOB,AL,ASO,CE,Combined TRACON& Tower with Radar,3,42,18,77,140,0,0,9,27,36,3,42,27,104,176,0,42,42,218
11/05/2016,MOB,AL,ASO,CE,Combined TRACON& Tower with Radar,3,23,6,17,49,0,1,11,9,21,3,24,17,26,70,0,0,0,70
11/06/2016,MOB,AL,ASO,CE,Combined TRACON& Tower with Radar,8,27,12,18,65,0,0,17,6,23,8,27,29,24,88,0,0,0,88
11/07/2016,MOB,AL,ASO,CE,Combined TRACON& Tower with Radar,8,31,17,84,140,0,3,8,33,44,8,34,25,117,184,0,94,94,278
11/08/2016,MOB,AL,ASO,CE,Combined TRACON& Tower with Radar,7,31,15,111,164,0,2,4,28,34,7,33,19,139,198,12,90,102,300
11/09/2016,MOB,AL,ASO,CE,Combined TRACON& Tower with Radar,8,37,11,90,146,0,0,6,25,31,8,37,17,115,177,0,40,40,217
11/10/2016,MOB,AL,ASO,CE,Combined TRACON& Tower with Radar,11,37,21,87,156,0,3,10,35,48,11,40,31,122,204,0,64,64,268
11/11/2016,MOB,AL,ASO,CE,Combined TRACON& Tower with Radar,9,29,22,8,68,0,0,10,2,12,9,29,32,10,80,0,16,16,96
11/12/2016,MOB,AL,ASO,CE,Combined TRACON& Tower with Radar,8,20,15,9,52,0,0,9,13,22,8,20,24,22,74,0,0,0,74
11/13/2016,MOB,AL,ASO,CE,Combined TRACON& Tower with Radar,9,26,14,38,87,0,2,11,15,28,9,28,25,53,115,0,0,0,115
11/14/2016,MOB,AL,ASO,CE,Combined TRACON& Tower with Radar,10,31,10,116,167,0,3,6,34,43,10,34,16,150,210,0,0,0,210
11/15/2016,MOB,AL,ASO,CE,Combined TRACON& Tower with Radar,9,28,20,112,169,0,4,13,48,65,9,32,33,160,234,0,142,142,376
11/16/2016,MOB,AL,ASO,CE,Combined TRACON& Tower with Radar,11,36,11,107,165,0,3,15,43,61,11,39,26,150,226,14,148,162,388
11/17/2016,MOB,AL,ASO,CE,Combined TRACON& Tower with Radar,9,34,12,138,193,0,2,8,46,56,9,36,20,184,249,11,130,141,390
11/18/2016,MOB,AL,ASO,CE,Combined TRACON& Tower with Radar,9,29,12,57,107,0,0,14,24,38,9,29,26,81,145,6,14,20,165
11/19/2016,MOB,AL,ASO,CE,Combined TRACON& Tower with Radar,6,23,7,48,84,0,2,11,8,21,6,25,18,56,105,0,0,0,105
11/20/2016,MOB,AL,ASO,CE,Combined TRACON& Tower with Radar,12,28,7,52,99,0,0,18,10,28,12,28,25,62,127,0,0,0,127
11/21/2016,MOB,AL,ASO,CE,Combined TRACON& Tower with Radar,8,27,11,110,156,0,2,13,72,87,8,29,24,182,243,0,54,54,297
11/22/2016,MOB,AL,ASO,CE,Combined TRACON& Tower with Radar,9,37,14,121,181,0,2,11,45,58,9,39,25,166,239,18,122,140,379
11/23/2016,MOB,AL,ASO,CE,Combined TRACON& Tower with Radar,9,31,16,22,78,0,1,2,15,18,9,32,18,37,96,0,14,14,110
11/24/2016,MOB,AL,ASO,CE,Combined TRACON& Tower with Radar,5,17,5,0,27,0,0,2,2,4,5,17,7,2,31,0,0,0,31
11/25/2016,MOB,AL,ASO,CE,Combined TRACON& Tower with Radar,7,23,11,3,44,0,0,2,1,3,7,23,13,4,47,0,0,0,47
11/26/2016,MOB,AL,ASO,CE,Combined TRACON& Tower with Radar,13,31,10,0,54,0,0,5,3,8,13,31,15,3,62,0,0,0,62
11/27/2016,MOB,AL,ASO,CE,Combined TRACON& Tower with Radar,9,33,11,2,55,0,0,9,4,13,9,33,20,6,68,12,32,44,112
11/28/2016,MOB,AL,ASO,CE,Combined TRACON& Tower with Radar,9,35,9,120,173,0,0,1,33,34,9,35,10,153,207,0,48,48,255
11/29/2016,MOB,AL,ASO,CE,Combined TRACON& Tower with Radar,6,31,16,104,157,0,0,1,19,20,6,31,17,123,177,0,0,0,177
11/30/2016,MOB,AL,ASO,CE,Combined TRACON& Tower with Radar,5,40,15,79,139,0,0,2,20,22,5,40,17,99,161,0,0,0,161
12/01/2016,MOB,AL,ASO,CE,Combined TRACON& Tower with Radar,5,41,23,131,200,0,0,14,64,78,5,41,37,195,278,6,46,52,330
12/02/2016,MOB,AL,ASO,CE,Combined TRACON& Tower with Radar,5,37,6,119,167,0,1,10,56,67,5,38,16,175,234,12,142,154,388
12/03/2016,MOB,AL,ASO,CE,Combined TRACON& Tower with Radar,2,22,11,18,53,0,0,10,12,22,2,22,21,30,75,0,0,0,75
12/04/2016,MOB,AL,ASO,CE,Combined TRACON& Tower with Radar,5,33,10,1,49,0,0,0,0,0,5,33,10,1,49,0,0,0,49
12/05/2016,MOB,AL,ASO,CE,Combined TRACON& Tower with Radar,5,44,6,5,60,0,0,0,1,1,5,44,6,6,61,0,0,0,61
12/06/2016,MOB,AL,ASO,CE,Combined TRACON& Tower with Radar,9,34,29,242,314,0,0,2,36,38,9,34,31,278,352,0,96,96,448
12/07/2016,MOB,AL,ASO,CE,Combined TRACON& Tower with Radar,5,43,25,182,255,0,8,6,32,46,5,51,31,214,301,0,16,16,317
12/08/2016,MOB,AL,ASO,CE,Combined TRACON& Tower with Radar,5,38,17,124,184,0,2,7,44,53,5,40,24,168,237,0,56,56,293
12/09/2016,MOB,AL,ASO,CE,Combined TRACON& Tower with Radar,7,35,20,82,144,0,1,17,43,61,7,36,37,125,205,0,48,48,253
12/10/2016,MOB,AL,ASO,CE,Combined TRACON& Tower with Radar,6,22,2,50,80,0,0,2,9,11,6,22,4,59,91,0,16,16,107
12/11/2016,MOB,AL,ASO,CE,Combined TRACON& Tower with Radar,5,30,14,51,100,0,0,3,3,6,5,30,17,54,106,0,0,0,106
12/12/2016,MOB,AL,ASO,CE,Combined TRACON& Tower with Radar,5,44,24,101,174,0,3,2,28,33,5,47,26,129,207,0,41,41,248
12/13/2016,MOB,AL,ASO,CE,Combined TRACON& Tower with Radar,5,30,8,14,57,0,0,1,0,1,5,30,9,14,58,0,6,6,64
12/14/2016,MOB,AL,ASO,CE,Combined TRACON& Tower with Radar,5,33,12,34,84,0,0,0,0,0,5,33,12,34,84,0,0,0,84
12/15/2016,MOB,AL,ASO,CE,Combined TRACON& Tower with Radar,7,43,19,142,211,0,1,17,49,67,7,44,36,191,278,0,20,20,298
12/16/2016,MOB,AL,ASO,CE,Combined TRACON& Tower with Radar,3,37,13,29,82,0,0,16,6,22,3,37,29,35,104,0,2,2,106
12/17/2016,MOB,AL,ASO,CE,Combined TRACON& Tower with Radar,5,25,6,2,38,0,0,1,1,2,5,25,7,3,40,0,0,0,40
12/18/2016,MOB,AL,ASO,CE,Combined TRACON& Tower with Radar,2,29,2,15,48,0,0,0,1,1,2,29,2,16,49,0,0,0,49
12/19/2016,MOB,AL,ASO,CE,Combined TRACON& Tower with Radar,2,37,4,23,66,0,0,1,0,1,2,37,5,23,67,0,0,0,67
12/20/2016,MOB,AL,ASO,CE,Combined TRACON& Tower with Radar,2,33,5,91,131,0,0,0,0,0,2,33,5,91,131,2,14,16,147
12/21/2016,MOB,AL,ASO,CE,Combined TRACON& Tower with Radar,4,38,12,88,142,0,1,9,38,48,4,39,21,126,190,0,38,38,228
12/22/2016,MOB,AL,ASO,CE,Combined TRACON& Tower with Radar,2,32,22,37,93,0,0,3,6,9,2,32,25,43,102,2,10,12,114
12/23/2016,MOB,AL,ASO,CE,Combined TRACON& Tower with Radar,2,34,10,4,50,0,0,3,4,7,2,34,13,8,57,4,0,4,61
12/24/2016,MOB,AL,ASO,CE,Combined TRACON& Tower with Radar,2,17,5,1,25,0,0,4,1,5,2,17,9,2,30,4,0,4,34
12/25/2016,MOB,AL,ASO,CE,Combined TRACON& Tower with Radar,0,28,1,0,29,0,0,3,1,4,0,28,4,1,33,0,0,0,33
12/26/2016,MOB,AL,ASO,CE,Combined TRACON& Tower with Radar,0,34,8,2,44,0,0,0,0,0,0,34,8,2,44,0,0,0,44
12/27/2016,MOB,AL,ASO,CE,Combined TRACON& Tower with Radar,2,31,7,40,80,0,0,0,6,6,2,31,7,46,86,2,16,18,104
12/28/2016,MOB,AL,ASO,CE,Combined TRACON& Tower with Radar,2,50,9,38,99,0,0,0,2,2,2,50,9,40,101,4,71,75,176
12/29/2016,MOB,AL,ASO,CE,Combined TRACON& Tower with Radar,4,33,6,58,101,0,0,4,6,10,4,33,10,64,111,3,26,29,140
12/30/2016,MOB,AL,ASO,CE,Combined TRACON& Tower with Radar,2,31,9,6,48,0,2,10,4,16,2,33,19,10,64,10,2,12,76
12/31/2016,MOB,AL,ASO,CE,Combined TRACON& Tower with Radar,0,18,7,2,27,0,0,2,2,4,0,18,9,4,31,8,0,8,39
01/01/2017,MOB,AL,ASO,CE,Combined TRACON& Tower with Radar,2,26,1,0,29,0,0,0,0,0,2,26,1,0,29,0,0,0,29
01/02/2017,MOB,AL,ASO,CE,Combined TRACON& Tower with Radar,4,30,4,0,38,0,0,0,0,0,4,30,4,0,38,0,0,0,38
01/03/2017,MOB,AL,ASO,CE,Combined TRACON& Tower with Radar,2,37,6,58,103,0,5,11,18,34,2,42,17,76,137,62,72,134,271
01/04/2017,MOB,AL,ASO,CE,Combined TRACON& Tower with Radar,2,36,16,133,187,0,0,12,11,23,2,36,28,144,210,6,40,46,256
01/05/2017,MOB,AL,ASO,CE,Combined TRACON& Tower with Radar,2,34,14,132,182,0,1,8,17,26,2,35,22,149,208,16,74,90,298
01/06/2017,MOB,AL,ASO,CE,Combined TRACON& Tower with Radar,2,32,0,35,69,0,0,0,0,0,2,32,0,35,69,0,0,0,69
01/07/2017,MOB,AL,ASO,CE,Combined TRACON& Tower with Radar,3,22,5,18,48,0,0,0,10,10,3,22,5,28,58,0,75,75,133
01/08/2017,MOB,AL,ASO,CE,Combined TRACON& Tower with Radar,4,35,5,43,87,0,1,10,8,19,4,36,15,51,106,36,86,122,228
01/09/2017,MOB,AL,ASO,CE,Combined TRACON& Tower with Radar,4,44,8,161,217,0,6,5,47,58,4,50,13,208,275,52,218,270,545
01/10/2017,MOB,AL,ASO,CE,Combined TRACON& Tower with Radar,6,38,21,175,240,0,2,3,48,53,6,40,24,223,293,20,146,166,459
01/11/2017,MOB,AL,ASO,CE,Combined TRACON& Tower with Radar,4,39,26,114,183,0,0,9,30,39,4,39,35,144,222,21,168,189,411
01/12/2017,MOB,AL,ASO,CE,Combined TRACON& Tower with Radar,4,37,24,138,203,0,2,10,40,52,4,39,34,178,255,14,186,200,455
01/13/2017,MOB,AL,ASO,CE,Combined TRACON& Tower with Radar,6,41,19,140,206,0,5,16,40,61,6,46,35,180,267,10,148,158,425
01/14/2017,MOB,AL,ASO,CE,Combined TRACON& Tower with Radar,8,23,5,15,51,0,0,5,12,17,8,23,10,27,68,0,0,0,68
01/15/2017,MOB,AL,ASO,CE,Combined TRACON& Tower with Radar,4,29,5,31,69,0,0,7,4,11,4,29,12,35,80,0,44,44,124
01/16/2017,MOB,AL,ASO,CE,Combined TRACON& Tower with Radar,6,33,15,2,56,0,0,1,0,1,6,33,16,2,57,0,0,0,57
01/17/2017,MOB,AL,ASO,CE,Combined TRACON& Tower with Radar,7,37,16,133,193,0,1,6,12,19,7,38,22,145,212,8,96,104,316
01/18/2017,MOB,AL,ASO,CE,Combined TRACON& Tower with Radar,7,36,24,116,183,0,1,9,18,28,7,37,33,134,211,4,162,166,377
01/19/2017,MOB,AL,ASO,CE,Combined TRACON& Tower with Radar,6,44,4,34,88,0,0,0,3,3,6,44,4,37,91,0,150,150,241
01/20/2017,MOB,AL,ASO,CE,Combined TRACON& Tower with Radar,6,38,4,69,117,0,0,2,16,18,6,38,6,85,135,0,134,134,269
01/21/2017,MOB,AL,ASO,CE,Combined TRACON& Tower with Radar,2,20,3,2,27,0,0,0,0,0,2,20,3,2,27,2,0,2,29
01/22/2017,MOB,AL,ASO,CE,Combined TRACON& Tower with Radar,5,33,3,29,70,0,1,0,0,1,5,34,3,29,71,12,30,42,113
01/23/2017,MOB,AL,ASO,CE,Combined TRACON& Tower with Radar,3,33,15,90,141,0,0,12,44,56,3,33,27,134,197,8,131,139,336
01/24/2017,MOB,AL,ASO,CE,Combined TRACON& Tower with Radar,6,39,25,100,170,0,3,21,44,68,6,42,46,144,238,24,166,190,428
01/25/2017,MOB,AL,ASO,CE,Combined TRACON& Tower with Radar,4,39,13,83,139,0,1,4,27,32,4,40,17,110,171,0,39,39,210
01/26/2017,MOB,AL,ASO,CE,Combined TRACON& Tower with Radar,4,42,20,92,158,0,3,10,55,68,4,45,30,147,226,0,68,68,294
01/27/2017,MOB,AL,ASO,CE,Combined TRACON& Tower with Radar,4,38,19,119,180,0,1,15,46,62,4,39,34,165,242,8,124,132,374
01/28/2017,MOB,AL,ASO,CE,Combined TRACON& Tower with Radar,2,21,5,16,44,0,1,10,9,20,2,22,15,25,64,0,0,0,64
01/29/2017,MOB,AL,ASO,CE,Combined TRACON& Tower with Radar,3,33,17,30,83,0,1,1,12,14,3,34,18,42,97,0,0,0,97
01/30/2017,MOB,AL,ASO,CE,Combined TRACON& Tower with Radar,8,39,13,128,188,0,2,18,39,59,8,41,31,167,247,10,66,76,323
01/31/2017,MOB,AL,ASO,CE,Combined TRACON& Tower with Radar,4,34,4,142,184,0,0,2,43,45,4,34,6,185,229,4,51,55,284
02/01/2017,MOB,AL,ASO,CE,Combined TRACON& Tower with Radar,4,38,10,148,200,0,8,7,46,61,4,46,17,194,261,0,68,68,329
02/02/2017,MOB,AL,ASO,CE,Combined TRACON& Tower with Radar,4,39,16,91,150,0,1,9,56,66,4,40,25,147,216,22,160,182,398
02/03/2017,MOB,AL,ASO,CE,Combined TRACON& Tower with Radar,4,36,8,81,129,0,0,0,23,23,4,36,8,104,152,0,82,82,234
02/04/2017,MOB,AL,ASO,CE,Combined TRACON& Tower with Radar,2,21,9,11,43,0,0,13,13,26,2,21,22,24,69,0,0,0,69
02/05/2017,MOB,AL,ASO,CE,Combined TRACON& Tower with Radar,2,29,2,36,69,0,0,2,16,18,2,29,4,52,87,0,30,30,117
02/06/2017,MOB,AL,ASO,CE,Combined TRACON& Tower with Radar,8,40,15,99,162,0,1,3,48,52,8,41,18,147,214,8,112,120,334
02/07/2017,MOB,AL,ASO,CE,Combined TRACON& Tower with Radar,4,34,9,29,76,0,0,1,7,8,4,34,10,36,84,0,16,16,100
02/08/2017,MOB,AL,ASO,CE,Combined TRACON& Tower with Radar,4,38,4,112,158,0,0,0,2,2,4,38,4,114,160,0,10,10,170
02/09/2017,MOB,AL,ASO,CE,Combined TRACON& Tower with Radar,4,39,6,124,173,0,1,9,78,88,4,40,15,202,261,0,52,52,313
02/10/2017,MOB,AL,ASO,CE,Combined TRACON& Tower with Radar,4,39,11,129,183,0,1,15,56,72,4,40,26,185,255,8,70,78,333
02/11/2017,MOB,AL,ASO,CE,Combined TRACON& Tower with Radar,2,21,9,40,72,0,0,2,11,13,2,21,11,51,85,0,17,17,102
02/12/2017,MOB,AL,ASO,CE,Combined TRACON& Tower with Radar,4,36,17,37,94,0,0,0,9,9,4,36,17,46,103,0,26,26,129
02/13/2017,MOB,AL,ASO,CE,Combined TRACON& Tower with Radar,4,43,5,63,115,0,4,5,38,47,4,47,10,101,162,4,56,60,222
02/14/2017,MOB,AL,ASO,CE,Combined TRACON& Tower with Radar,8,29,12,81,130,0,0,5,27,32,8,29,17,108,162,0,114,114,276
02/15/2017,MOB,AL,ASO,CE,Combined TRACON& Tower with Radar,7,29,12,56,104,0,1,0,35,36,7,30,12,91,140,6,70,76,216
02/16/2017,MOB,AL,ASO,CE,Combined TRACON& Tower with Radar,12,32,16,104,164,0,0,7,53,60,12,32,23,157,224,0,54,54,278
02/17/2017,MOB,AL,ASO,CE,Combined TRACON& Tower with Radar,10,33,12,86,141,0,1,12,16,29,10,34,24,102,170,0,0,0,170
02/18/2017,MOB,AL,ASO,CE,Combined TRACON& Tower with Radar,6,21,15,13,55,0,0,6,7,13,6,21,21,20,68,0,0,0,68
02/19/2017,MOB,AL,ASO,CE,Combined TRACON& Tower with Radar,9,24,20,12,65,0,1,11,13,25,9,25,31,25,90,8,48,56,146
02/20/2017,MOB,AL,ASO,CE,Combined TRACON& Tower with Radar,8,31,7,3,49,0,0,8,1,9,8,31,15,4,58,0,0,0,58
02/21/2017,MOB,AL,ASO,CE,Combined TRACON& Tower with Radar,7,30,6,39,82,0,0,1,2,3,7,30,7,41,85,0,14,14,99
02/22/2017,MOB,AL,ASO,CE,Combined TRACON& Tower with Radar,8,34,8,173,223,0,0,0,30,30,8,34,8,203,253,0,56,56,309
02/23/2017,MOB,AL,ASO,CE,Combined TRACON& Tower with Radar,8,42,5,110,165,0,0,14,72,86,8,42,19,182,251,2,50,52,303
02/24/2017,MOB,AL,ASO,CE,Combined TRACON& Tower with Radar,12,31,9,98,150,0,1,4,12,17,12,32,13,110,167,0,28,28,195
02/25/2017,MOB,AL,ASO,CE,Combined TRACON& Tower with Radar,6,21,10,6,43,0,0,10,11,21,6,21,20,17,64,8,0,8,72
02/26/2017,MOB,AL,ASO,CE,Combined TRACON& Tower with Radar,8,24,11,27,70,0,0,16,8,24,8,24,27,35,94,0,0,0,94
02/27/2017,MOB,AL,ASO,CE,Combined TRACON& Tower with Radar,8,35,5,51,99,0,1,5,11,17,8,36,10,62,116,0,14,14,130
02/28/2017,MOB,AL,ASO,CE,Combined TRACON& Tower with Radar,8,28,11,71,118,0,1,3,1,5,8,29,14,72,123,0,0,0,123
03/01/2017,MOB,AL,ASO,CE,Combined TRACON& Tower with Radar,7,30,12,128,177,0,1,1,12,14,7,31,13,140,191,3,156,159,350
03/02/2017,MOB,AL,ASO,CE,Combined TRACON& Tower with Radar,8,33,8,80,129,0,3,12,57,72,8,36,20,137,201,7,186,193,394
03/03/2017,MOB,AL,ASO,CE,Combined TRACON& Tower with Radar,7,36,7,92,142,0,3,14,45,62,7,39,21,137,204,0,106,106,310
03/04/2017,MOB,AL,ASO,CE,Combined TRACON& Tower with Radar,6,23,8,7,44,0,0,13,11,24,6,23,21,18,68,0,0,0,68
03/05/2017,MOB,AL,ASO,CE,Combined TRACON& Tower with Radar,10,22,6,38,76,0,2,4,2,8,10,24,10,40,84,0,0,0,84
03/06/2017,MOB,AL,ASO,CE,Combined TRACON& Tower with Radar,12,31,5,86,134,0,1,4,18,23,12,32,9,104,157,0,0,0,157
03/07/2017,MOB,AL,ASO,CE,Combined TRACON& Tower with Radar,10,25,10,106,151,0,1,1,18,20,10,26,11,124,171,0,16,16,187
03/08/2017,MOB,AL,ASO,CE,Combined TRACON& Tower with Radar,8,38,7,97,150,0,1,4,42,47,8,39,11,139,197,0,6,6,203
03/09/2017,MOB,AL,ASO,CE,Combined TRACON& Tower with Radar,10,30,12,121,173,0,0,4,50,54,10,30,16,171,227,22,46,68,295
03/10/2017,MOB,AL,ASO,CE,Combined TRACON& Tower with Radar,12,35,10,98,155,0,1,4,12,17,12,36,14,110,172,0,12,12,184
03/11/2017,MOB,AL,ASO,CE,Combined TRACON& Tower with Radar,6,21,10,6,43,0,0,10,11,21,6,21,20,17,64,0,0,0,64
03/12/2017,MOB,AL,ASO,CE,Combined TRACON& Tower with Radar,8,24,11,27,70,0,0,16,7,23,8,24,27,34,93,0,0,0,93
03/13/2017,MOB,AL,ASO,CE,Combined TRACON& Tower with Radar,10,32,8,101,151,0,0,2,7,9,10,32,10,108,160,0,32,32,192
03/14/2017,MOB,AL,ASO,CE,Combined TRACON& Tower with Radar,8,32,4,143,187,0,0,1,48,49,8,32,5,191,236,0,52,52,288
03/15/2017,MOB,AL,ASO,CE,Combined TRACON& Tower with Radar,8,37,10,69,124,0,1,1,44,46,8,38,11,113,170,0,16,16,186
03/16/2017,MOB,AL,ASO,CE,Combined TRACON& Tower with Radar,12,32,11,123,178,0,8,5,45,58,12,40,16,168,236,0,14,14,250
03/17/2017,MOB,AL,ASO,CE,Combined TRACON& Tower with Radar,9,34,5,46,94,0,3,12,15,30,9,37,17,61,124,0,0,0,124
03/18/2017,MOB,AL,ASO,CE,Combined TRACON& Tower with Radar,5,19,4,9,37,0,2,10,8,20,5,21,14,17,57,0,0,0,57
03/19/2017,MOB,AL,ASO,CE,Combined TRACON& Tower with Radar,9,28,7,12,56,0,0,3,10,13,9,28,10,22,69,0,2,2,71
03/20/2017,MOB,AL,ASO,CE,Combined TRACON& Tower with Radar,10,36,6,121,173,0,4,9,50,63,10,40,15,171,236,8,44,52,288
03/21/2017,MOB,AL,ASO,CE,Combined TRACON& Tower with Radar,8,28,16,84,136,0,0,12,50,62,8,28,28,134,198,0,32,32,230
03/22/2017,MOB,AL,ASO,CE,Combined TRACON& Tower with Radar,7,30,8,134,179,0,0,3,61,64,7,30,11,195,243,4,131,135,378
03/23/2017,MOB,AL,ASO,CE,Combined TRACON& Tower with Radar,10,31,21,144,206,0,2,13,39,54,10,33,34,183,260,0,102,102,362
03/24/2017,MOB,AL,ASO,CE,Combined TRACON& Tower with Radar,10,29,8,85,132,0,1,0,33,34,10,30,8,118,166,0,76,76,242
03/25/2017,MOB,AL,ASO,CE,Combined TRACON& Tower with Radar,7,20,7,6,40,0,2,0,2,4,7,22,7,8,44,0,0,0,44
03/26/2017,MOB,AL,ASO,CE,Combined TRACON& Tower with Radar,8,24,6,37,75,0,0,1,8,9,8,24,7,45,84,0,0,0,84
03/27/2017,MOB,AL,ASO,CE,Combined TRACON& Tower with Radar,10,30,7,145,192,0,0,4,30,34,10,30,11,175,226,0,68,68,294
03/28/2017,MOB,AL,ASO,CE,Combined TRACON& Tower with Radar,13,28,9,113,163,0,2,2,38,42,13,30,11,151,205,0,126,126,331
03/29/2017,MOB,AL,ASO,CE,Combined TRACON& Tower with Radar,13,33,13,151,210,0,4,3,48,55,13,37,16,199,265,0,56,56,321
03/30/2017,MOB,AL,ASO,CE,Combined TRACON& Tower with Radar,10,27,10,44,91,0,2,0,17,19,10,29,10,61,110,0,46,46,156
03/31/2017,MOB,AL,ASO,CE,Combined TRACON& Tower with Radar,10,32,14,96,152,0,0,7,46,53,10,32,21,142,205,18,24,42,247
04/01/2017,MOB,AL,ASO,CE,Combined TRACON& Tower with Radar,6,24,9,16,55,0,0,14,14,28,6,24,23,30,83,0,0,0,83
04/02/2017,MOB,AL,ASO,CE,Combined TRACON& Tower with Radar,8,30,8,27,73,0,0,1,4,5,8,30,9,31,78,0,0,0,78
04/03/2017,MOB,AL,ASO,CE,Combined TRACON& Tower with Radar,9,30,3,13,55,0,0,1,10,11,9,30,4,23,66,0,24,24,90
04/04/2017,MOB,AL,ASO,CE,Combined TRACON& Tower with Radar,7,34,14,120,175,0,2,4,45,51,7,36,18,165,226,0,54,54,280
04/05/2017,MOB,AL,ASO,CE,Combined TRACON& Tower with Radar,5,27,10,13,55,0,0,1,15,16,5,27,11,28,71,4,48,52,123
04/06/2017,MOB,AL,ASO,CE,Combined TRACON& Tower with Radar,9,25,7,163,204,0,1,6,63,70,9,26,13,226,274,0,44,44,318
04/07/2017,MOB,AL,ASO,CE,Combined TRACON& Tower with Radar,8,32,9,124,173,0,2,15,36,53,8,34,24,160,226,6,84,90,316
04/08/2017,MOB,AL,ASO,CE,Combined TRACON& Tower with Radar,7,20,12,17,56,0,0,7,21,28,7,20,19,38,84,0,10,10,94
04/09/2017,MOB,AL,ASO,CE,Combined TRACON& Tower with Radar,12,26,11,27,76,0,0,13,15,28,12,26,24,42,104,0,0,0,104
04/10/2017,MOB,AL,ASO,CE,Combined TRACON& Tower with Radar,8,39,12,151,210,0,2,5,64,71,8,41,17,215,281,8,108,116,397
04/11/2017,MOB,AL,ASO,CE,Combined TRACON& Tower with Radar,10,32,13,171,226,0,0,4,45,49,10,32,17,216,275,0,70,70,345
04/12/2017,MOB,AL,ASO,CE,Combined TRACON& Tower with Radar,14,33,13,118,178,0,0,3,43,46,14,33,16,161,224,4,90,94,318
04/13/2017,MOB,AL,ASO,CE,Combined TRACON& Tower with Radar,12,30,16,132,190,0,1,9,61,71,12,31,25,193,261,0,22,22,283
04/14/2017,MOB,AL,ASO,CE,Combined TRACON& Tower with Radar,13,28,2,28,71,0,0,5,36,41,13,28,7,64,112,0,24,24,136
04/15/2017,MOB,AL,ASO,CE,Combined TRACON& Tower with Radar,8,16,7,6,37,0,0,5,2,7,8,16,12,8,44,0,20,20,64
04/16/2017,MOB,AL,ASO,CE,Combined TRACON& Tower with Radar,12,24,6,3,45,0,0,0,6,6,12,24,6,9,51,0,0,0,51
04/17/2017,MOB,AL,ASO,CE,Combined TRACON& Tower with Radar,8,33,4,122,167,0,1,5,34,40,8,34,9,156,207,0,124,124,331
04/18/2017,MOB,AL,ASO,CE,Combined TRACON& Tower with Radar,10,29,5,167,211,0,0,1,50,51,10,29,6,217,262,18,82,100,362
04/19/2017,MOB,AL,ASO,CE,Combined TRACON& Tower with Radar,14,31,7,136,188,0,0,4,45,49,14,31,11,181,237,0,93,93,330
04/20/2017,MOB,AL,ASO,CE,Combined TRACON& Tower with Radar,12,32,4,111,159,0,0,5,45,50,12,32,9,156,209,0,74,74,283
04/21/2017,MOB,AL,ASO,CE,Combined TRACON& Tower with Radar,12,29,12,71,124,0,1,6,45,52,12,30,18,116,176,0,142,142,318
04/22/2017,MOB,AL,ASO,CE,Combined TRACON& Tower with Radar,9,20,12,33,74,0,0,4,10,14,9,20,16,43,88,12,0,12,100
04/23/2017,MOB,AL,ASO,CE,Combined TRACON& Tower with Radar,12,30,6,45,93,0,1,2,15,18,12,31,8,60,111,0,12,12,123
04/24/2017,MOB,AL,ASO,CE,Combined TRACON& Tower with Radar,10,45,2,129,186,0,1,2,24,27,10,46,4,153,213,0,0,0,213
04/25/2017,MOB,AL,ASO,CE,Combined TRACON& Tower with Radar,10,32,14,74,130,0,1,8,45,54,10,33,22,119,184,0,112,112,296
04/26/2017,MOB,AL,ASO,CE,Combined TRACON& Tower with Radar,10,36,11,82,139,0,3,3,32,38,10,39,14,114,177,0,70,70,247
04/27/2017,MOB,AL,ASO,CE,Combined TRACON& Tower with Radar,11,28,6,99,144,0,0,0,25,25,11,28,6,124,169,0,94,94,263
04/28/2017,MOB,AL,ASO,CE,Combined TRACON& Tower with Radar,12,29,4,93,138,0,0,0,13,13,12,29,4,106,151,0,74,74,225
04/29/2017,MOB,AL,ASO,CE,Combined TRACON& Tower with Radar,11,20,6,7,44,0,0,0,0,0,11,20,6,7,44,0,0,0,44
04/30/2017,MOB,AL,ASO,CE,Combined TRACON& Tower with Radar,7,27,7,0,41,0,1,0,0,1,7,28,7,0,42,0,0,0,42
05/01/2017,MOB,AL,ASO,CE,Combined TRACON& Tower with Radar,9,30,17,92,148,0,0,5,40,45,9,30,22,132,193,0,18,18,211
05/02/2017,MOB,AL,ASO,CE,Combined TRACON& Tower with Radar,11,33,13,128,185,0,1,6,50,57,11,34,19,178,242,0,0,0,242
05/03/2017,MOB,AL,ASO,CE,Combined TRACON& Tower with Radar,10,37,12,65,124,0,1,6,31,38,10,38,18,96,162,0,88,88,250
05/04/2017,MOB,AL,ASO,CE,Combined TRACON& Tower with Radar,11,28,9,91,139,0,2,0,25,27,11,30,9,116,166,0,26,26,192
05/05/2017,MOB,AL,ASO,CE,Combined TRACON& Tower with Radar,10,32,4,89,135,0,0,5,20,25,10,32,9,109,160,0,86,86,246
05/06/2017,MOB,AL,ASO,CE,Combined TRACON& Tower with Radar,10,20,6,7,43,0,0,7,6,13,10,20,13,13,56,3,0,3,59
05/07/2017,MOB,AL,ASO,CE,Combined TRACON& Tower with Radar,12,25,4,15,56,0,0,8,13,21,12,25,12,28,77,0,0,0,77
05/08/2017,MOB,AL,ASO,CE,Combined TRACON& Tower with Radar,12,34,10,86,142,0,0,4,51,55,12,34,14,137,197,0,38,38,235
05/09/2017,MOB,AL,ASO,CE,Combined TRACON& Tower with Radar,10,32,8,103,153,0,1,9,57,67,10,33,17,160,220,18,70,88,308
05/10/2017,MOB,AL,ASO,CE,Combined TRACON& Tower with Radar,13,38,8,90,149,0,1,16,42,59,13,39,24,132,208,30,27,57,265
05/11/2017,MOB,AL,ASO,CE,Combined TRACON& Tower with Radar,11,30,32,136,209,0,1,2,38,41,11,31,34,174,250,8,102,110,360
05/12/2017,MOB,AL,ASO,CE,Combined TRACON& Tower with Radar,10,34,10,42,96,0,2,2,9,13,10,36,12,51,109,0,0,0,109
05/13/2017,MOB,AL,ASO,CE,Combined TRACON& Tower with Radar,9,20,4,34,67,0,0,1,2,3,9,20,5,36,70,0,0,0,70
05/14/2017,MOB,AL,ASO,CE,Combined TRACON& Tower with Radar,12,24,10,17,63,0,0,8,6,14,12,24,18,23,77,0,0,0,77
05/15/2017,MOB,AL,ASO,CE,Combined TRACON& Tower with Radar,11,28,12,80,131,0,0,4,40,44,11,28,16,120,175,0,50,50,225
05/16/2017,MOB,AL,ASO,CE,Combined TRACON& Tower with Radar,10,34,4,106,154,0,2,2,38,42,10,36,6,144,196,0,24,24,220
05/17/2017,MOB,AL,ASO,CE,Combined TRACON& Tower with Radar,9,33,11,153,206,0,0,5,48,53,9,33,16,201,259,5,50,55,314
05/18/2017,MOB,AL,ASO,CE,Combined TRACON& Tower with Radar,12,35,16,107,170,0,0,3,24,27,12,35,19,131,197,0,30,30,227
05/19/2017,MOB,AL,ASO,CE,Combined TRACON& Tower with Radar,12,29,10,83,134,0,1,2,22,25,12,30,12,105,159,0,28,28,187
05/20/2017,MOB,AL,ASO,CE,Combined TRACON& Tower with Radar,9,19,2,13,43,0,0,1,3,4,9,19,3,16,47,0,0,0,47
05/21/2017,MOB,AL,ASO,CE,Combined TRACON& Tower with Radar,11,31,2,18,62,0,2,1,0,3,11,33,3,18,65,0,0,0,65
05/22/2017,MOB,AL,ASO,CE,Combined TRACON& Tower with Radar,11,27,13,98,149,0,1,6,36,43,11,28,19,134,192,0,0,0,192
05/23/2017,MOB,AL,ASO,CE,Combined TRACON& Tower with Radar,9,30,6,83,128,0,0,1,27,28,9,30,7,110,156,0,68,68,224
05/24/2017,MOB,AL,ASO,CE,Combined TRACON& Tower with Radar,11,28,10,119,168,0,4,11,48,63,11,32,21,167,231,0,42,42,273
05/25/2017,MOB,AL,ASO,CE,Combined TRACON& Tower with Radar,13,37,20,98,168,0,4,17,57,78,13,41,37,155,246,26,86,112,358
05/26/2017,MOB,AL,ASO,CE,Combined TRACON& Tower with Radar,12,29,9,15,65,0,0,11,24,35,12,29,20,39,100,0,30,30,130
05/27/2017,MOB,AL,ASO,CE,Combined TRACON& Tower with Radar,14,17,2,4,37,0,0,6,1,7,14,17,8,5,44,4,0,4,48
05/28/2017,MOB,AL,ASO,CE,Combined TRACON& Tower with Radar,12,21,0,2,35,0,0,0,2,2,12,21,0,4,37,0,0,0,37
05/29/2017,MOB,AL,ASO,CE,Combined TRACON& Tower with Radar,12,26,1,2,41,0,0,0,0,0,12,26,1,2,41,0,0,0,41
05/30/2017,MOB,AL,ASO,CE,Combined TRACON& Tower with Radar,7,32,9,88,136,0,0,5,30,35,7,32,14,118,171,0,6,6,177
05/31/2017,MOB,AL,ASO,CE,Combined TRACON& Tower with Radar,6,33,3,36,78,0,0,0,27,27,6,33,3,63,105,0,48,48,153
06/01/2017,MOB,AL,ASO,CE,Combined TRACON& Tower with Radar,5,30,11,80,126,0,2,2,31,35,5,32,13,111,161,6,108,114,275
06/02/2017,MOB,AL,ASO,CE,Combined TRACON& Tower with Radar,9,38,9,147,203,0,0,6,27,33,9,38,15,174,236,0,4,4,240
06/03/2017,MOB,AL,ASO,CE,Combined TRACON& Tower with Radar,6,26,8,4,44,0,0,2,0,2,6,26,10,4,46,0,0,0,46
06/04/2017,MOB,AL,ASO,CE,Combined TRACON& Tower with Radar,5,31,10,15,61,0,0,4,1,5,5,31,14,16,66,0,0,0,66
06/05/2017,MOB,AL,ASO,CE,Combined TRACON& Tower with Radar,6,33,6,138,183,0,1,3,37,41,6,34,9,175,224,0,46,46,270
06/06/2017,MOB,AL,ASO,CE,Combined TRACON& Tower with Radar,4,36,4,27,71,0,0,2,13,15,4,36,6,40,86,0,22,22,108
06/07/2017,MOB,AL,ASO,CE,Combined TRACON& Tower with Radar,5,38,10,117,170,0,0,4,28,32,5,38,14,145,202,0,24,24,226
06/08/2017,MOB,AL,ASO,CE,Combined TRACON& Tower with Radar,9,37,15,102,163,0,3,9,56,68,9,40,24,158,231,14,44,58,289
06/09/2017,MOB,AL,ASO,CE,Combined TRACON& Tower with Radar,6,35,3,102,146,0,0,6,18,24,6,35,9,120,170,0,34,34,204
06/10/2017,MOB,AL,ASO,CE,Combined TRACON& Tower with Radar,6,27,7,11,51,0,0,6,7,13,6,27,13,18,64,0,0,0,64
06/11/2017,MOB,AL,ASO,CE,Combined TRACON& Tower with Radar,6,30,7,36,79,0,0,2,9,11,6,30,9,45,90,0,0,0,90
06/12/2017,MOB,AL,ASO,CE,Combined TRACON& Tower with Radar,6,39,4,32,81,0,0,5,20,25,6,39,9,52,106,2,44,46,152
06/13/2017,MOB,AL,ASO,CE,Combined TRACON& Tower with Radar,6,35,8,25,74,0,0,4,16,20,6,35,12,41,94,18,102,120,214
06/14/2017,MOB,AL,ASO,CE,Combined TRACON& Tower with Radar,6,40,12,93,151,0,0,3,32,35,6,40,15,125,186,2,8,10,196
06/15/2017,MOB,AL,ASO,CE,Combined TRACON& Tower with Radar,5,35,4,16,60,0,0,3,7,10,5,35,7,23,70,0,60,60,130
06/16/2017,MOB,AL,ASO,CE,Combined TRACON& Tower with Radar,6,36,3,84,129,0,1,2,35,38,6,37,5,119,167,0,58,58,225
06/17/2017,MOB,AL,ASO,CE,Combined TRACON& Tower with Radar,6,25,7,14,52,0,0,4,6,10,6,25,11,20,62,6,0,6,68
06/18/2017,MOB,AL,ASO,CE,Combined TRACON& Tower with Radar,6,29,5,42,82,0,1,1,5,7,6,30,6,47,89,0,0,0,89
06/19/2017,MOB,AL,ASO,CE,Combined TRACON& Tower with Radar,10,44,12,138,204,0,0,3,44,47,10,44,15,182,251,6,106,112,363
06/20/2017,MOB,AL,ASO,CE,Combined TRACON& Tower with Radar,6,36,10,84,136,0,1,0,6,7,6,37,10,90,143,0,0,0,143
06/21/2017,MOB,AL,ASO,CE,Combined TRACON& Tower with Radar,6,37,3,0,46,0,0,0,0,0,6,37,3,0,46,0,0,0,46
06/22/2017,MOB,AL,ASO,CE,Combined TRACON& Tower with Radar,6,39,5,2,52,0,0,0,5,5,6,39,5,7,57,0,56,56,113
06/23/2017,MOB,AL,ASO,CE,Combined TRACON& Tower with Radar,4,34,2,122,162,0,0,0,24,24,4,34,2,146,186,0,76,76,262
06/24/2017,MOB,AL,ASO,CE,Combined TRACON& Tower with Radar,9,22,5,25,61,0,2,3,6,11,9,24,8,31,72,0,0,0,72
06/25/2017,MOB,AL,ASO,CE,Combined TRACON& Tower with Radar,5,29,3,67,104,0,0,9,13,22,5,29,12,80,126,6,0,6,132
06/26/2017,MOB,AL,ASO,CE,Combined TRACON& Tower with Radar,6,39,2,128,175,0,1,8,56,65,6,40,10,184,240,2,106,108,348
06/27/2017,MOB,AL,ASO,CE,Combined TRACON& Tower with Radar,5,38,7,132,182,0,0,14,43,57,5,38,21,175,239,0,16,16,255
06/28/2017,MOB,AL,ASO,CE,Combined TRACON& Tower with Radar,8,35,9,50,102,0,0,4,33,37,8,35,13,83,139,6,82,88,227
06/29/2017,MOB,AL,ASO,CE,Combined TRACON& Tower with Radar,5,37,3,31,76,0,0,0,3,3,5,37,3,34,79,0,24,24,103
06/30/2017,MOB,AL,ASO,CE,Combined TRACON& Tower with Radar,6,35,13,55,109,0,1,1,5,7,6,36,14,60,116,0,4,4,120
07/01/2017,MOB,AL,ASO,CE,Combined TRACON& Tower with Radar,6,21,6,1,34,0,0,5,1,6,6,21,11,2,40,0,0,0,40
07/02/2017,MOB,AL,ASO,CE,Combined TRACON& Tower with Radar,6,27,5,9,47,0,0,13,1,14,6,27,18,10,61,0,0,0,61
07/03/2017,MOB,AL,ASO,CE,Combined TRACON& Tower with Radar,6,26,6,3,41,0,0,6,5,11,6,26,12,8,52,0,0,0,52
07/04/2017,MOB,AL,ASO,CE,Combined TRACON& Tower with Radar,10,24,4,0,38,0,0,4,2,6,10,24,8,2,44,0,0,0,44
07/05/2017,MOB,AL,ASO,CE,Combined TRACON& Tower with Radar,6,30,11,111,158,0,0,18,30,48,6,30,29,141,206,0,6,6,212
07/06/2017,MOB,AL,ASO,CE,Combined TRACON& Tower with Radar,6,32,4,125,167,0,2,9,41,52,6,34,13,166,219,33,70,103,322
07/07/2017,MOB,AL,ASO,CE,Combined TRACON& Tower with Radar,6,31,8,63,108,0,1,6,15,22,6,32,14,78,130,0,12,12,142
07/08/2017,MOB,AL,ASO,CE,Combined TRACON& Tower with Radar,6,23,5,13,47,0,0,14,10,24,6,23,19,23,71,18,2,20,91
07/09/2017,MOB,AL,ASO,CE,Combined TRACON& Tower with Radar,6,29,10,29,74,0,0,9,7,16,6,29,19,36,90,0,0,0,90
07/10/2017,MOB,AL,ASO,CE,Combined TRACON& Tower with Radar,7,38,11,115,171,0,0,16,40,56,7,38,27,155,227,4,32,36,263
07/11/2017,MOB,AL,ASO,CE,Combined TRACON& Tower with Radar,7,35,8,99,149,0,0,16,15,31,7,35,24,114,180,0,54,54,234
07/12/2017,MOB,AL,ASO,CE,Combined TRACON& Tower with Radar,8,36,14,95,153,0,1,13,32,46,8,37,27,127,199,26,10,36,235
07/13/2017,MOB,AL,ASO,CE,Combined TRACON& Tower with Radar,10,34,15,62,121,0,0,15,24,39,10,34,30,86,160,0,0,0,160
07/14/2017,MOB,AL,ASO,CE,Combined TRACON& Tower with Radar,5,36,5,16,62,0,1,6,13,20,5,37,11,29,82,12,0,12,94
07/15/2017,MOB,AL,ASO,CE,Combined TRACON& Tower with Radar,6,21,5,2,34,0,0,0,9,9,6,21,5,11,43,0,0,0,43
07/16/2017,MOB,AL,ASO,CE,Combined TRACON& Tower with Radar,7,27,6,30,70,0,0,7,9,16,7,27,13,39,86,0,0,0,86
07/17/2017,MOB,AL,ASO,CE,Combined TRACON& Tower with Radar,6,36,13,92,147,0,1,6,35,42,6,37,19,127,189,0,134,134,323
07/18/2017,MOB,AL,ASO,CE,Combined TRACON& Tower with Radar,6,34,3,72,115,0,0,9,51,60,6,34,12,123,175,12,26,38,213
07/19/2017,MOB,AL,ASO,CE,Combined TRACON& Tower with Radar,6,38,16,113,173,0,3,22,30,55,6,41,38,143,228,30,50,80,308
07/20/2017,MOB,AL,ASO,CE,Combined TRACON& Tower with Radar,10,36,10,122,178,0,1,38,33,72,10,37,48,155,250,0,62,62,312
07/21/2017,MOB,AL,ASO,CE,Combined TRACON& Tower with Radar,6,41,8,86,141,0,1,5,24,30,6,42,13,110,171,10,162,172,343
07/22/2017,MOB,AL,ASO,CE,Combined TRACON& Tower with Radar,6,24,5,3,38,0,0,10,5,15,6,24,15,8,53,0,0,0,53
07/23/2017,MOB,AL,ASO,CE,Combined TRACON& Tower with Radar,6,28,4,13,51,0,0,9,3,12,6,28,13,16,63,20,0,20,83
07/24/2017,MOB,AL,ASO,CE,Combined TRACON& Tower with Radar,6,30,5,50,91,0,0,0,10,10,6,30,5,60,101,0,42,42,143
07/25/2017,MOB,AL,ASO,CE,Combined TRACON& Tower with Radar,6,38,7,94,145,0,0,7,30,37,6,38,14,124,182,48,90,138,320
07/26/2017,MOB,AL,ASO,CE,Combined TRACON& Tower with Radar,6,34,9,116,165,0,0,16,43,59,6,34,25,159,224,26,148,174,398
07/27/2017,MOB,AL,ASO,CE,Combined TRACON& Tower with Radar,6,34,9,54,103,0,4,22,43,69,6,38,31,97,172,0,36,36,208
07/28/2017,MOB,AL,ASO,CE,Combined TRACON& Tower with Radar,6,39,25,111,181,0,0,9,50,59,6,39,34,161,240,6,58,64,304
07/29/2017,MOB,AL,ASO,CE,Combined TRACON& Tower with Radar,8,24,7,18,57,0,0,0,0,0,8,24,7,18,57,0,0,0,57
07/30/2017,MOB,AL,ASO,CE,Combined TRACON& Tower with Radar,6,32,2,17,57,0,0,12,3,15,6,32,14,20,72,4,0,4,76
07/31/2017,MOB,AL,ASO,CE,Combined TRACON& Tower with Radar,6,32,9,106,153,0,0,21,38,59,6,32,30,144,212,12,106,118,330
08/01/2017,MOB,AL,ASO,CE,Combined TRACON& Tower with Radar,6,35,15,81,137,0,2,16,48,66,6,37,31,129,203,16,70,86,289
08/02/2017,MOB,AL,ASO,CE,Combined TRACON& Tower with Radar,9,39,24,111,183,0,0,23,56,79,9,39,47,167,262,80,128,208,470
08/03/2017,MOB,AL,ASO,CE,Combined TRACON& Tower with Radar,5,36,5,23,69,0,0,0,19,19,5,36,5,42,88,20,182,202,290
08/04/2017,MOB,AL,ASO,CE,Combined TRACON& Tower with Radar,5,36,5,17,63,0,0,0,6,6,5,36,5,23,69,4,74,78,147
08/05/2017,MOB,AL,ASO,CE,Combined TRACON& Tower with Radar,6,25,12,15,58,0,0,2,9,11,6,25,14,24,69,20,0,20,89
08/06/2017,MOB,AL,ASO,CE,Combined TRACON& Tower with Radar,7,32,7,20,66,0,0,3,5,8,7,32,10,25,74,8,44,52,126
08/07/2017,MOB,AL,ASO,CE,Combined TRACON& Tower with Radar,6,38,17,147,208,0,0,12,25,37,6,38,29,172,245,8,114,122,367
08/08/2017,MOB,AL,ASO,CE,Combined TRACON& Tower with Radar,7,35,6,70,118,0,1,8,16,25,7,36,14,86,143,4,94,98,241
08/09/2017,MOB,AL,ASO,CE,Combined TRACON& Tower with Radar,6,36,10,94,146,0,0,14,18,32,6,36,24,112,178,36,70,106,284
08/10/2017,MOB,AL,ASO,CE,Combined TRACON& Tower with Radar,5,36,6,0,47,0,0,2,17,19,5,36,8,17,66,22,80,102,168
08/11/2017,MOB,AL,ASO,CE,Combined TRACON& Tower with Radar,5,33,4,59,101,0,0,1,41,42,5,33,5,100,143,2,102,104,247
08/12/2017,MOB,AL,ASO,CE,Combined TRACON& Tower with Radar,2,28,3,16,49,0,0,7,8,15,2,28,10,24,64,32,40,72,136
08/13/2017,MOB,AL,ASO,CE,Combined TRACON& Tower with Radar,6,33,5,38,82,0,0,11,14,25,6,33,16,52,107,8,0,8,115
08/14/2017,MOB,AL,ASO,CE,Combined TRACON& Tower with Radar,6,37,6,36,85,0,0,18,32,50,6,37,24,68,135,30,72,102,237
08/15/2017,MOB,AL,ASO,CE,Combined TRACON& Tower with Radar,5,30,14,62,111,0,0,4,32,36,5,30,18,94,147,0,79,79,226
08/16/2017,MOB,AL,ASO,CE,Combined TRACON& Tower with Radar,9,44,7,60,120,0,0,10,51,61,9,44,17,111,181,41,134,175,356
08/17/2017,MOB,AL,ASO,CE,Combined TRACON& Tower with Radar,6,37,18,139,200,0,1,10,78,89,6,38,28,217,289,38,158,196,485
08/18/2017,MOB,AL,ASO,CE,Combined TRACON& Tower with Radar,5,38,4,67,114,0,1,11,34,46,5,39,15,101,160,20,148,168,328
08/19/2017,MOB,AL,ASO,CE,Combined TRACON& Tower with Radar,5,23,3,7,38,0,2,8,8,18,5,25,11,15,56,0,10,10,66
08/20/2017,MOB,AL,ASO,CE,Combined TRACON& Tower with Radar,7,28,16,22,73,0,0,5,6,11,7,28,21,28,84,0,6,6,90
08/21/2017,MOB,AL,ASO,CE,Combined TRACON& Tower with Radar,7,38,5,40,90,0,1,11,29,41,7,39,16,69,131,0,44,44,175
08/22/2017,MOB,AL,ASO,CE,Combined TRACON& Tower with Radar,9,33,8,94,144,0,2,6,42,50,9,35,14,136,194,0,134,134,328
08/23/2017,MOB,AL,ASO,CE,Combined TRACON& Tower with Radar,9,38,13,59,119,0,0,17,22,39,9,38,30,81,158,18,98,116,274
08/24/2017,MOB,AL,ASO,CE,Combined TRACON& Tower with Radar,9,35,12,125,181,0,4,19,52,75,9,39,31,177,256,0,80,80,336
08/25/2017,MOB,AL,ASO,CE,Combined TRACON& Tower with Radar,10,34,7,88,139,0,0,11,32,43,10,34,18,120,182,18,86,104,286
08/26/2017,MOB,AL,ASO,CE,Combined TRACON& Tower with Radar,10,14,3,31,58,0,0,14,8,22,10,14,17,39,80,13,0,13,93
08/27/2017,MOB,AL,ASO,CE,Combined TRACON& Tower with Radar,9,13,3,38,63,0,0,0,8,8,9,13,3,46,71,18,4,22,93
08/28/2017,MOB,AL,ASO,CE,Combined TRACON& Tower with Radar,15,20,6,27,68,0,0,6,6,12,15,20,12,33,80,8,0,8,88
08/29/2017,MOB,AL,ASO,CE,Combined TRACON& Tower with Radar,10,17,0,11,38,0,1,0,9,10,10,18,0,20,48,0,26,26,74
08/30/2017,MOB,AL,ASO,CE,Combined TRACON& Tower with Radar,11,17,2,17,47,0,0,0,1,1,11,17,2,18,48,0,0,0,48
08/31/2017,MOB,AL,ASO,CE,Combined TRACON& Tower with Radar,11,17,8,80,116,0,0,3,13,16,11,17,11,93,132,2,8,10,142
09/01/2017,MOB,AL,ASO,CE,Combined TRACON& Tower with Radar,11,21,14,36,82,0,1,10,9,20,11,22,24,45,102,18,4,22,124
09/02/2017,MOB,AL,ASO,CE,Combined TRACON& Tower with Radar,8,15,9,29,61,0,0,19,15,34,8,15,28,44,95,24,0,24,119
09/03/2017,MOB,AL,ASO,CE,Combined TRACON& Tower with Radar,11,12,2,24,49,0,0,3,1,4,11,12,5,25,53,0,4,4,57
09/04/2017,MOB,AL,ASO,CE,Combined TRACON& Tower with Radar,11,24,4,1,40,0,4,4,5,13,11,28,8,6,53,0,4,4,57
09/05/2017,MOB,AL,ASO,CE,Combined TRACON& Tower with Radar,13,19,5,198,235,0,2,13,24,39,13,21,18,222,274,34,134,168,442
09/06/2017,MOB,AL,ASO,CE,Combined TRACON& Tower with Radar,13,20,13,159,205,0,1,14,19,34,13,21,27,178,239,23,280,303,542
09/07/2017,MOB,AL,ASO,CE,Combined TRACON& Tower with Radar,12,23,18,91,144,0,0,15,44,59,12,23,33,135,203,0,184,184,387
09/08/2017,MOB,AL,ASO,CE,Combined TRACON& Tower with Radar,13,26,13,133,185,0,0,15,37,52,13,26,28,170,237,0,106,106,343
09/09/2017,MOB,AL,ASO,CE,Combined TRACON& Tower with Radar,12,12,11,21,56,0,0,15,14,29,12,12,26,35,85,13,36,49,134
09/10/2017,MOB,AL,ASO,CE,Combined TRACON& Tower with Radar,13,23,3,10,49,0,1,4,2,7,13,24,7,12,56,8,0,8,64
09/11/2017,MOB,AL,ASO,CE,Combined TRACON& Tower with Radar,11,15,5,24,55,0,1,4,34,39,11,16,9,58,94,0,102,102,196
09/12/2017,MOB,AL,ASO,CE,Combined TRACON& Tower with Radar,11,30,13,117,171,0,8,42,41,91,11,38,55,158,262,0,104,104,366
09/13/2017,MOB,AL,ASO,CE,Combined TRACON& Tower with Radar,13,30,13,194,250,0,1,24,58,83,13,31,37,252,333,27,220,247,580
09/14/2017,MOB,AL,ASO,CE,Combined TRACON& Tower with Radar,11,29,8,144,192,0,4,21,30,55,11,33,29,174,247,38,42,80,327
09/15/2017,MOB,AL,ASO,CE,Combined TRACON& Tower with Radar,13,29,10,69,121,0,0,8,42,50,13,29,18,111,171,10,56,66,237
09/16/2017,MOB,AL,ASO,CE,Combined TRACON& Tower with Radar,12,13,6,30,61,0,2,10,14,26,12,15,16,44,87,0,0,0,87
09/17/2017,MOB,AL,ASO,CE,Combined TRACON& Tower with Radar,14,23,4,47,88,0,2,9,11,22,14,25,13,58,110,0,0,0,110
09/18/2017,MOB,AL,ASO,CE,Combined TRACON& Tower with Radar,13,27,3,109,152,0,2,4,40,46,13,29,7,149,198,2,86,88,286
09/19/2017,MOB,AL,ASO,CE,Combined TRACON& Tower with Radar,16,27,12,92,147,0,2,9,55,66,16,29,21,147,213,18,74,92,305
09/20/2017,MOB,AL,ASO,CE,Combined TRACON& Tower with Radar,14,25,14,128,181,0,0,5,42,47,14,25,19,170,228,4,100,104,332
09/21/2017,MOB,AL,ASO,CE,Combined TRACON& Tower with Radar,13,27,7,81,128,0,0,5,51,56,13,27,12,132,184,4,124,128,312
09/22/2017,MOB,AL,ASO,CE,Combined TRACON& Tower with Radar,13,32,6,70,121,0,1,1,43,45,13,33,7,113,166,0,51,51,217
09/23/2017,MOB,AL,ASO,CE,Combined TRACON& Tower with Radar,12,16,6,7,41,0,0,13,3,16,12,16,19,10,57,20,0,20,77
09/24/2017,MOB,AL,ASO,CE,Combined TRACON& Tower with Radar,15,21,11,28,75,0,0,5,2,7,15,21,16,30,82,0,0,0,82
09/25/2017,MOB,AL,ASO,CE,Combined TRACON& Tower with Radar,13,29,8,142,192,0,1,6,36,43,13,30,14,178,235,12,116,128,363
09/26/2017,MOB,AL,ASO,CE,Combined TRACON& Tower with Radar,13,28,14,108,163,0,1,6,51,58,13,29,20,159,221,0,132,132,353
09/27/2017,MOB,AL,ASO,CE,Combined TRACON& Tower with Radar,14,26,4,147,191,0,1,13,65,79,14,27,17,212,270,40,116,156,426
09/28/2017,MOB,AL,ASO,CE,Combined TRACON& Tower with Radar,17,30,8,84,139,0,3,7,47,57,17,33,15,131,196,46,140,186,382
09/29/2017,MOB,AL,ASO,CE,Combined TRACON& Tower with Radar,11,34,15,78,138,0,4,12,46,62,11,38,27,124,200,0,98,98,298
09/30/2017,MOB,AL,ASO,CE,Combined TRACON& Tower with Radar,13,16,11,17,57,0,0,9,1,10,13,16,20,18,67,12,14,26,93
10/01/2017,MOB,AL,ASO,CE,Combined TRACON& Tower with Radar,13,22,6,10,51,0,0,10,4,14,13,22,16,14,65,0,0,0,65
10/02/2017,MOB,AL,ASO,CE,Combined TRACON& Tower with Radar,12,27,15,94,148,0,0,5,30,35,12,27,20,124,183,18,68,86,269
10/03/2017,MOB,AL,ASO,CE,Combined TRACON& Tower with Radar,11,25,18,80,134,0,2,11,39,52,11,27,29,119,186,14,124,138,324
10/04/2017,MOB,AL,ASO,CE,Combined TRACON& Tower with Radar,12,24,14,75,125,0,0,14,35,49,12,24,28,110,174,24,164,188,362
10/05/2017,MOB,AL,ASO,CE,Combined TRACON& Tower with Radar,13,27,13,83,136,0,1,17,35,53,13,28,30,118,189,39,152,191,380
10/06/2017,MOB,AL,ASO,CE,Combined TRACON& Tower with Radar,13,27,10,4,54,0,0,9,8,17,13,27,19,12,71,4,6,10,81
10/07/2017,MOB,AL,ASO,CE,Combined TRACON& Tower with Radar,9,11,2,3,25,0,0,0,0,0,9,11,2,3,25,0,0,0,25
10/08/2017,MOB,AL,ASO,CE,Combined TRACON& Tower with Radar,8,18,4,2,32,0,0,3,5,8,8,18,7,7,40,0,0,0,40
10/09/2017,MOB,AL,ASO,CE,Combined TRACON& Tower with Radar,13,27,5,3,48,0,0,0,0,0,13,27,5,3,48,0,0,0,48
10/10/2017,MOB,AL,ASO,CE,Combined TRACON& Tower with Radar,13,23,6,45,87,0,0,2,8,10,13,23,8,53,97,0,4,4,101
10/11/2017,MOB,AL,ASO,CE,Combined TRACON& Tower with Radar,13,33,9,78,133,0,6,12,25,43,13,39,21,103,176,14,140,154,330
10/12/2017,MOB,AL,ASO,CE,Combined TRACON& Tower with Radar,13,27,10,129,179,0,0,28,78,106,13,27,38,207,285,24,136,160,445
10/13/2017,MOB,AL,ASO,CE,Combined TRACON& Tower with Radar,13,29,6,110,158,0,0,19,41,60,13,29,25,151,218,34,60,94,312
10/14/2017,MOB,AL,ASO,CE,Combined TRACON& Tower with Radar,12,14,4,34,64,0,1,19,9,29,12,15,23,43,93,36,10,46,139
10/15/2017,MOB,AL,ASO,CE,Combined TRACON& Tower with Radar,13,20,5,29,67,0,0,0,0,0,13,20,5,29,67,0,0,0,67
10/16/2017,MOB,AL,ASO,CE,Combined TRACON& Tower with Radar,13,31,12,127,183,0,2,3,39,44,13,33,15,166,227,12,76,88,315
10/17/2017,MOB,AL,ASO,CE,Combined TRACON& Tower with Radar,13,29,7,148,197,0,3,14,62,79,13,32,21,210,276,8,134,142,418
10/18/2017,MOB,AL,ASO,CE,Combined TRACON& Tower with Radar,13,30,10,192,245,0,6,25,55,86,13,36,35,247,331,10,130,140,471
10/19/2017,MOB,AL,ASO,CE,Combined TRACON& Tower with Radar,15,26,11,117,169,0,0,29,52,81,15,26,40,169,250,10,72,82,332
10/20/2017,MOB,AL,ASO,CE,Combined TRACON& Tower with Radar,13,26,9,107,155,0,0,20,52,72,13,26,29,159,227,70,32,102,329
10/21/2017,MOB,AL,ASO,CE,Combined TRACON& Tower with Radar,18,16,16,48,98,0,0,12,12,24,18,16,28,60,122,0,8,8,130
10/22/2017,MOB,AL,ASO,CE,Combined TRACON& Tower with Radar,13,20,4,1,38,0,0,0,0,0,13,20,4,1,38,0,0,0,38
10/23/2017,MOB,AL,ASO,CE,Combined TRACON& Tower with Radar,13,27,8,135,183,0,2,3,55,60,13,29,11,190,243,2,130,132,375
10/24/2017,MOB,AL,ASO,CE,Combined TRACON& Tower with Radar,12,27,12,104,155,0,2,12,65,79,12,29,24,169,234,10,110,120,354
10/25/2017,MOB,AL,ASO,CE,Combined TRACON& Tower with Radar,11,28,10,69,118,0,1,15,38,54,11,29,25,107,172,28,98,126,298
10/26/2017,MOB,AL,ASO,CE,Combined TRACON& Tower with Radar,17,31,15,115,178,0,3,16,59,78,17,34,31,174,256,24,203,227,483
10/27/2017,MOB,AL,ASO,CE,Combined TRACON& Tower with Radar,13,25,11,74,123,0,0,13,34,47,13,25,24,108,170,20,162,182,352
10/28/2017,MOB,AL,ASO,CE,Combined TRACON& Tower with Radar,12,16,3,4,35,0,0,0,0,0,12,16,3,4,35,0,0,0,35
10/29/2017,MOB,AL,ASO,CE,Combined TRACON& Tower with Radar,13,22,5,63,103,0,0,11,13,24,13,22,16,76,127,6,0,6,133
10/30/2017,MOB,AL,ASO,CE,Combined TRACON& Tower with Radar,14,22,8,130,174,0,0,8,68,76,14,22,16,198,250,0,86,86,336
10/31/2017,MOB,AL,ASO,CE,Combined TRACON& Tower with Radar,11,22,9,118,160,0,0,8,42,50,11,22,17,160,210,0,34,34,244
11/01/2017,MOB,AL,ASO,CE,Combined TRACON& Tower with Radar,15,21,11,142,189,0,0,13,52,65,15,21,24,194,254,32,164,196,450
11/02/2017,MOB,AL,ASO,CE,Combined TRACON& Tower with Radar,19,25,10,141,195,0,0,18,46,64,19,25,28,187,259,23,144,167,426
11/03/2017,MOB,AL,ASO,CE,Combined TRACON& Tower with Radar,15,24,12,94,145,0,2,18,38,58,15,26,30,132,203,8,118,126,329
11/04/2017,MOB,AL,ASO,CE,Combined TRACON& Tower with Radar,14,17,9,20,60,0,0,12,13,25,14,17,21,33,85,16,0,16,101
11/05/2017,MOB,AL,ASO,CE,Combined TRACON& Tower with Radar,16,19,12,35,82,0,1,10,10,21,16,20,22,45,103,8,0,8,111
11/06/2017,MOB,AL,ASO,CE,Combined TRACON& Tower with Radar,16,22,6,166,210,0,0,3,59,62,16,22,9,225,272,0,132,132,404
11/07/2017,MOB,AL,ASO,CE,Combined TRACON& Tower with Radar,16,20,7,130,173,0,0,5,30,35,16,20,12,160,208,0,124,124,332
11/08/2017,MOB,AL,ASO,CE,Combined TRACON& Tower with Radar,16,24,11,107,158,0,0,0,2,2,16,24,11,109,160,0,0,0,160
11/09/2017,MOB,AL,ASO,CE,Combined TRACON& Tower with Radar,15,23,8,113,159,0,0,2,6,8,15,23,10,119,167,22,46,68,235
11/10/2017,MOB,AL,ASO,CE,Combined TRACON& Tower with Radar,16,22,19,4,61,0,0,17,9,26,16,22,36,13,87,4,0,4,91
11/11/2017,MOB,AL,ASO,CE,Combined TRACON& Tower with Radar,13,17,6,22,58,0,0,23,3,26,13,17,29,25,84,4,0,4,88
11/12/2017,MOB,AL,ASO,CE,Combined TRACON& Tower with Radar,16,18,4,6,44,0,0,0,0,0,16,18,4,6,44,0,0,0,44
11/13/2017,MOB,AL,ASO,CE,Combined TRACON& Tower with Radar,15,22,5,70,112,0,2,7,43,52,15,24,12,113,164,0,60,60,224
11/14/2017,MOB,AL,ASO,CE,Combined TRACON& Tower with Radar,15,26,11,149,201,0,2,4,53,59,15,28,15,202,260,0,118,118,378
11/15/2017,MOB,AL,ASO,CE,Combined TRACON& Tower with Radar,17,26,18,159,220,0,1,7,78,86,17,27,25,237,306,29,232,261,567
11/16/2017,MOB,AL,ASO,CE,Combined TRACON& Tower with Radar,17,30,12,103,162,0,4,19,73,96,17,34,31,176,258,28,64,92,350
11/17/2017,MOB,AL,ASO,CE,Combined TRACON& Tower with Radar,18,21,6,89,134,0,0,16,46,62,18,21,22,135,196,18,12,30,226
11/18/2017,MOB,AL,ASO,CE,Combined TRACON& Tower with Radar,14,17,4,23,58,0,0,8,5,13,14,17,12,28,71,0,0,0,71
11/19/2017,MOB,AL,ASO,CE,Combined TRACON& Tower with Radar,14,17,7,32,70,0,1,10,8,19,14,18,17,40,89,0,14,14,103
11/20/2017,MOB,AL,ASO,CE,Combined TRACON& Tower with Radar,14,17,2,118,151,0,1,10,40,51,14,18,12,158,202,14,46,60,262
11/21/2017,MOB,AL,ASO,CE,Combined TRACON& Tower with Radar,19,24,8,97,148,0,2,15,54,71,19,26,23,151,219,30,88,118,337
11/22/2017,MOB,AL,ASO,CE,Combined TRACON& Tower with Radar,16,23,15,6,60,0,0,6,16,22,16,23,21,22,82,26,8,34,116
11/23/2017,MOB,AL,ASO,CE,Combined TRACON& Tower with Radar,10,7,4,0,21,0,0,7,2,9,10,7,11,2,30,0,0,0,30
11/24/2017,MOB,AL,ASO,CE,Combined TRACON& Tower with Radar,12,14,8,0,34,0,0,10,2,12,12,14,18,2,46,56,0,56,102
11/25/2017,MOB,AL,ASO,CE,Combined TRACON& Tower with Radar,13,23,7,1,44,0,0,2,2,4,13,23,9,3,48,32,0,32,80
11/26/2017,MOB,AL,ASO,CE,Combined TRACON& Tower with Radar,16,23,17,2,58,0,0,6,1,7,16,23,23,3,65,0,0,0,65
11/27/2017,MOB,AL,ASO,CE,Combined TRACON& Tower with Radar,14,29,3,127,173,0,0,12,62,74,14,29,15,189,247,0,62,62,309
11/28/2017,MOB,AL,ASO,CE,Combined TRACON& Tower with Radar,15,19,14,98,146,0,1,7,52,60,15,20,21,150,206,8,38,46,252
11/29/2017,MOB,AL,ASO,CE,Combined TRACON& Tower with Radar,17,26,10,165,218,0,0,10,42,52,17,26,20,207,270,40,60,100,370
11/30/2017,MOB,AL,ASO,CE,Combined TRACON& Tower with Radar,16,37,17,102,172,0,1,3,45,49,16,38,20,147,221,0,72,72,293
12/01/2017,MOB,AL,ASO,CE,Combined TRACON& Tower with Radar,15,28,6,81,130,0,1,0,8,9,15,29,6,89,139,4,4,8,147
12/02/2017,MOB,AL,ASO,CE,Combined TRACON& Tower with Radar,10,14,14,23,61,0,0,12,4,16,10,14,26,27,77,0,0,0,77
12/03/2017,MOB,AL,ASO,CE,Combined TRACON& Tower with Radar,15,19,4,20,58,0,0,2,4,6,15,19,6,24,64,0,0,0,64
12/04/2017,MOB,AL,ASO,CE,Combined TRACON& Tower with Radar,14,21,7,152,194,0,0,2,13,15,14,21,9,165,209,6,57,63,272
12/05/2017,MOB,AL,ASO,CE,Combined TRACON& Tower with Radar,14,22,13,148,197,0,0,2,20,22,14,22,15,168,219,0,8,8,227
12/06/2017,MOB,AL,ASO,CE,Combined TRACON& Tower with Radar,15,23,15,24,77,0,0,0,9,9,15,23,15,33,86,0,0,0,86
12/07/2017,MOB,AL,ASO,CE,Combined TRACON& Tower with Radar,15,24,4,84,127,0,0,1,39,40,15,24,5,123,167,0,0,0,167
12/08/2017,MOB,AL,ASO,CE,Combined TRACON& Tower with Radar,12,18,5,0,35,0,0,0,0,0,12,18,5,0,35,0,0,0,35
12/09/2017,MOB,AL,ASO,CE,Combined TRACON& Tower with Radar,7,13,7,25,52,0,0,8,9,17,7,13,15,34,69,20,6,26,95
12/10/2017,MOB,AL,ASO,CE,Combined TRACON& Tower with Radar,15,29,13,36,93,0,2,7,31,40,15,31,20,67,133,60,30,90,223
12/11/2017,MOB,AL,ASO,CE,Combined TRACON& Tower with Radar,14,22,3,135,174,0,1,7,67,75,14,23,10,202,249,0,4,4,253
12/12/2017,MOB,AL,ASO,CE,Combined TRACON& Tower with Radar,13,26,8,158,205,0,5,4,88,97,13,31,12,246,302,0,106,106,408
12/13/2017,MOB,AL,ASO,CE,Combined TRACON& Tower with Radar,17,27,11,157,212,0,0,25,74,99,17,27,36,231,311,22,196,218,529
12/14/2017,MOB,AL,ASO,CE,Combined TRACON& Tower with Radar,15,25,14,128,182,0,0,18,64,82,15,25,32,192,264,94,110,204,468
12/15/2017,MOB,AL,ASO,CE,Combined TRACON& Tower with Radar,14,26,9,38,87,0,1,5,20,26,14,27,14,58,113,14,40,54,167
12/16/2017,MOB,AL,ASO,CE,Combined TRACON& Tower with Radar,9,20,6,19,54,0,0,13,7,20,9,20,19,26,74,10,4,14,88
12/17/2017,MOB,AL,ASO,CE,Combined TRACON& Tower with Radar,8,13,4,3,28,0,0,0,1,1,8,13,4,4,29,0,0,0,29
12/18/2017,MOB,AL,ASO,CE,Combined TRACON& Tower with Radar,9,20,2,19,50,0,0,0,0,0,9,20,2,19,50,12,60,72,122
12/19/2017,MOB,AL,ASO,CE,Combined TRACON& Tower with Radar,14,27,8,76,125,0,0,0,0,0,14,27,8,76,125,10,60,70,195
12/20/2017,MOB,AL,ASO,CE,Combined TRACON& Tower with Radar,24,23,9,132,188,0,0,0,16,16,24,23,9,148,204,24,30,54,258
12/21/2017,MOB,AL,ASO,CE,Combined TRACON& Tower with Radar,14,28,11,127,180,0,2,10,43,55,14,30,21,170,235,0,24,24,259
12/22/2017,MOB,AL,ASO,CE,Combined TRACON& Tower with Radar,13,23,14,84,134,0,0,8,11,19,13,23,22,95,153,26,34,60,213
12/23/2017,MOB,AL,ASO,CE,Combined TRACON& Tower with Radar,9,28,6,5,48,0,0,0,2,2,9,28,6,7,50,0,2,2,52
12/24/2017,MOB,AL,ASO,CE,Combined TRACON& Tower with Radar,10,16,3,1,30,0,0,4,1,5,10,16,7,2,35,0,0,0,35
12/25/2017,MOB,AL,ASO,CE,Combined TRACON& Tower with Radar,12,18,4,1,35,0,0,0,2,2,12,18,4,3,37,0,0,0,37
12/26/2017,MOB,AL,ASO,CE,Combined TRACON& Tower with Radar,11,24,9,8,52,0,0,14,6,20,11,24,23,14,72,20,0,20,92
12/27/2017,MOB,AL,ASO,CE,Combined TRACON& Tower with Radar,12,23,7,19,61,0,0,0,0,0,12,23,7,19,61,0,0,0,61
12/28/2017,MOB,AL,ASO,CE,Combined TRACON& Tower with Radar,11,27,2,40,80,0,0,0,0,0,11,27,2,40,80,0,0,0,80
12/29/2017,MOB,AL,ASO,CE,Combined TRACON& Tower with Radar,11,26,9,46,92,0,0,13,26,39,11,26,22,72,131,8,0,8,139
12/30/2017,MOB,AL,ASO,CE,Combined TRACON& Tower with Radar,9,26,11,2,48,0,0,7,0,7,9,26,18,2,55,22,0,22,77
12/31/2017,MOB,AL,ASO,CE,Combined TRACON& Tower with Radar,7,16,2,0,25,0,0,0,0,0,7,16,2,0,25,0,0,0,25
01/01/2018,MOB,AL,ASO,CE,Combined TRACON& Tower with Radar,8,22,5,10,45,0,0,5,0,5,8,22,10,10,50,0,0,0,50
01/02/2018,MOB,AL,ASO,CE,Combined TRACON& Tower with Radar,11,23,7,6,47,0,0,14,1,15,11,23,21,7,62,22,0,22,84
01/03/2018,MOB,AL,ASO,CE,Combined TRACON& Tower with Radar,13,21,6,24,64,0,1,9,8,18,13,22,15,32,82,4,8,12,94
01/04/2018,MOB,AL,ASO,CE,Combined TRACON& Tower with Radar,13,24,15,135,187,0,3,9,16,28,13,27,24,151,215,8,10,18,233
01/05/2018,MOB,AL,ASO,CE,Combined TRACON& Tower with Radar,14,22,6,111,153,0,3,9,29,41,14,25,15,140,194,10,36,46,240
01/06/2018,MOB,AL,ASO,CE,Combined TRACON& Tower with Radar,12,20,14,34,80,0,0,23,10,33,12,20,37,44,113,0,10,10,123
01/07/2018,MOB,AL,ASO,CE,Combined TRACON& Tower with Radar,13,23,9,43,88,0,4,3,10,17,13,27,12,53,105,10,0,10,115
01/08/2018,MOB,AL,ASO,CE,Combined TRACON& Tower with Radar,9,31,9,23,72,0,0,0,0,0,9,31,9,23,72,0,0,0,72
01/09/2018,MOB,AL,ASO,CE,Combined TRACON& Tower with Radar,9,25,7,67,108,0,0,0,0,0,9,25,7,67,108,0,0,0,108
01/10/2018,MOB,AL,ASO,CE,Combined TRACON& Tower with Radar,15,31,11,172,229,0,1,1,5,7,15,32,12,177,236,0,0,0,236
01/11/2018,MOB,AL,ASO,CE,Combined TRACON& Tower with Radar,11,27,7,117,162,0,0,1,21,22,11,27,8,138,184,0,26,26,210
01/12/2018,MOB,AL,ASO,CE,Combined TRACON& Tower with Radar,11,32,11,80,134,0,0,0,14,14,11,32,11,94,148,0,48,48,196
01/13/2018,MOB,AL,ASO,CE,Combined TRACON& Tower with Radar,9,22,5,5,41,0,0,10,4,14,9,22,15,9,55,0,2,2,57
01/14/2018,MOB,AL,ASO,CE,Combined TRACON& Tower with Radar,9,20,6,47,82,0,1,14,13,28,9,21,20,60,110,4,20,24,134
01/15/2018,MOB,AL,ASO,CE,Combined TRACON& Tower with Radar,8,26,13,4,51,0,0,12,2,14,8,26,25,6,65,0,0,0,65
01/16/2018,MOB,AL,ASO,CE,Combined TRACON& Tower with Radar,7,16,19,29,71,0,1,3,20,24,7,17,22,49,95,0,36,36,131
01/17/2018,MOB,AL,ASO,CE,Combined TRACON& Tower with Radar,1,15,3,4,23,0,0,0,4,4,1,15,3,8,27,0,0,0,27
01/18/2018,MOB,AL,ASO,CE,Combined TRACON& Tower with Radar,10,24,8,85,127,0,1,14,30,45,10,25,22,115,172,0,0,0,172
01/19/2018,MOB,AL,ASO,CE,Combined TRACON& Tower with Radar,12,31,11,93,147,0,0,7,60,67,12,31,18,153,214,0,4,4,218
01/20/2018,MOB,AL,ASO,CE,Combined TRACON& Tower with Radar,8,21,6,3,38,0,0,13,8,21,8,21,19,11,59,0,0,0,59
01/21/2018,MOB,AL,ASO,CE,Combined TRACON& Tower with Radar,10,25,16,25,76,0,0,12,24,36,10,25,28,49,112,0,6,6,118
01/22/2018,MOB,AL,ASO,CE,Combined TRACON& Tower with Radar,11,31,5,96,143,0,0,2,15,17,11,31,7,111,160,0,8,8,168
01/23/2018,MOB,AL,ASO,CE,Combined TRACON& Tower with Radar,6,27,10,144,187,0,0,5,56,61,6,27,15,200,248,2,56,58,306
01/24/2018,MOB,AL,ASO,CE,Combined TRACON& Tower with Radar,11,31,12,123,177,0,1,8,46,55,11,32,20,169,232,22,142,164,396
01/25/2018,MOB,AL,ASO,CE,Combined TRACON& Tower with Radar,11,41,7,101,160,0,0,4,58,62,11,41,11,159,222,0,28,28,250
01/26/2018,MOB,AL,ASO,CE,Combined TRACON& Tower with Radar,11,27,12,145,195,0,0,5,50,55,11,27,17,195,250,0,14,14,264
01/27/2018,MOB,AL,ASO,CE,Combined TRACON& Tower with Radar,8,22,8,7,45,0,0,0,1,1,8,22,8,8,46,0,0,0,46
01/28/2018,MOB,AL,ASO,CE,Combined TRACON& Tower with Radar,11,25,3,79,118,0,0,0,0,0,11,25,3,79,118,0,0,0,118
01/29/2018,MOB,AL,ASO,CE,Combined TRACON& Tower with Radar,10,27,7,138,182,0,1,12,56,69,10,28,19,194,251,6,66,72,323
01/30/2018,MOB,AL,ASO,CE,Combined TRACON& Tower with Radar,8,29,8,151,196,0,4,7,64,75,8,33,15,215,271,0,20,20,291
01/31/2018,MOB,AL,ASO,CE,Combined TRACON& Tower with Radar,10,31,10,122,173,0,2,11,69,82,10,33,21,191,255,13,139,152,407
02/01/2018,MOB,AL,ASO,CE,Combined TRACON& Tower with Radar,11,29,9,172,221,0,0,4,49,53,11,29,13,221,274,4,10,14,288
02/02/2018,MOB,AL,ASO,CE,Combined TRACON& Tower with Radar,11,28,5,82,126,0,1,11,46,58,11,29,16,128,184,5,48,53,237
02/03/2018,MOB,AL,ASO,CE,Combined TRACON& Tower with Radar,7,22,10,13,52,0,0,16,11,27,7,22,26,24,79,0,0,0,79
02/04/2018,MOB,AL,ASO,CE,Combined TRACON& Tower with Radar,9,21,7,45,82,0,0,2,3,5,9,21,9,48,87,0,0,0,87
02/05/2018,MOB,AL,ASO,CE,Combined TRACON& Tower with Radar,10,29,6,83,128,0,0,16,51,67,10,29,22,134,195,28,10,38,233
02/06/2018,MOB,AL,ASO,CE,Combined TRACON& Tower with Radar,7,31,8,50,96,0,0,2,28,30,7,31,10,78,126,0,46,46,172
02/07/2018,MOB,AL,ASO,CE,Combined TRACON& Tower with Radar,10,27,7,27,71,0,0,0,9,9,10,27,7,36,80,0,0,0,80
02/08/2018,MOB,AL,ASO,CE,Combined TRACON& Tower with Radar,11,28,15,141,195,0,1,19,52,72,11,29,34,193,267,6,40,46,313
02/09/2018,MOB,AL,ASO,CE,Combined TRACON& Tower with Radar,11,24,8,171,214,0,1,0,27,28,11,25,8,198,242,0,0,0,242
02/10/2018,MOB,AL,ASO,CE,Combined TRACON& Tower with Radar,13,20,1,0,34,0,0,0,0,0,13,20,1,0,34,0,0,0,34
02/11/2018,MOB,AL,ASO,CE,Combined TRACON& Tower with Radar,10,26,3,2,41,0,0,0,0,0,10,26,3,2,41,0,0,0,41
02/12/2018,MOB,AL,ASO,CE,Combined TRACON& Tower with Radar,9,29,8,29,75,0,0,0,0,0,9,29,8,29,75,0,0,0,75
02/13/2018,MOB,AL,ASO,CE,Combined TRACON& Tower with Radar,8,27,8,142,185,0,0,6,45,51,8,27,14,187,236,7,104,111,347
02/14/2018,MOB,AL,ASO,CE,Combined TRACON& Tower with Radar,13,29,11,257,310,0,0,0,15,15,13,29,11,272,325,0,58,58,383
02/15/2018,MOB,AL,ASO,CE,Combined TRACON& Tower with Radar,8,23,15,182,228,0,4,3,33,40,8,27,18,215,268,0,0,0,268
02/16/2018,MOB,AL,ASO,CE,Combined TRACON& Tower with Radar,8,25,13,129,175,0,0,17,32,49,8,25,30,161,224,8,22,30,254
02/17/2018,MOB,AL,ASO,CE,Combined TRACON& Tower with Radar,9,21,8,16,54,0,0,13,11,24,9,21,21,27,78,0,0,0,78
02/18/2018,MOB,AL,ASO,CE,Combined TRACON& Tower with Radar,13,23,10,30,76,0,2,5,22,29,13,25,15,52,105,0,0,0,105
02/19/2018,MOB,AL,ASO,CE,Combined TRACON& Tower with Radar,9,22,12,18,61,0,0,10,3,13,9,22,22,21,74,56,0,56,130
02/20/2018,MOB,AL,ASO,CE,Combined TRACON& Tower with Radar,10,25,23,249,307,0,0,1,20,21,10,25,24,269,328,10,22,32,360
02/21/2018,MOB,AL,ASO,CE,Combined TRACON& Tower with Radar,7,21,7,171,206,0,0,4,29,33,7,21,11,200,239,62,44,106,345
02/22/2018,MOB,AL,ASO,CE,Combined TRACON& Tower with Radar,13,23,6,162,204,0,2,5,42,49,13,25,11,204,253,30,94,124,377
02/23/2018,MOB,AL,ASO,CE,Combined TRACON& Tower with Radar,15,23,9,75,122,0,3,0,23,26,15,26,9,98,148,0,22,22,170
02/24/2018,MOB,AL,ASO,CE,Combined TRACON& Tower with Radar,6,20,1,14,41,0,2,2,2,6,6,22,3,16,47,0,0,0,47
02/25/2018,MOB,AL,ASO,CE,Combined TRACON& Tower with Radar,11,25,9,63,108,0,1,3,3,7,11,26,12,66,115,0,0,0,115
02/26/2018,MOB,AL,ASO,CE,Combined TRACON& Tower with Radar,12,27,13,143,195,0,0,5,26,31,12,27,18,169,226,0,18,18,244
02/27/2018,MOB,AL,ASO,CE,Combined TRACON& Tower with Radar,7,11,8,104,130,0,2,8,32,42,7,13,16,136,172,6,4,10,182
02/28/2018,MOB,AL,ASO,CE,Combined TRACON& Tower with Radar,7,22,10,296,335,0,0,8,47,55,7,22,18,343,390,48,210,258,648
03/01/2018,MOB,AL,ASO,CE,Combined TRACON& Tower with Radar,10,32,5,146,193,0,0,3,43,46,10,32,8,189,239,0,16,16,255
03/02/2018,MOB,AL,ASO,CE,Combined TRACON& Tower with Radar,13,29,11,94,147,0,0,14,67,81,13,29,25,161,228,0,24,24,252
03/03/2018,MOB,AL,ASO,CE,Combined TRACON& Tower with Radar,9,22,10,25,66,0,4,23,7,34,9,26,33,32,100,10,12,22,122
03/04/2018,MOB,AL,ASO,CE,Combined TRACON& Tower with Radar,10,17,11,24,62,0,0,1,9,10,10,17,12,33,72,0,0,0,72
03/05/2018,MOB,AL,ASO,CE,Combined TRACON& Tower with Radar,15,18,13,121,167,0,2,8,43,53,15,20,21,164,220,2,0,2,222
03/06/2018,MOB,AL,ASO,CE,Combined TRACON& Tower with Radar,10,25,14,124,173,0,1,6,36,43,10,26,20,160,216,0,18,18,234
03/07/2018,MOB,AL,ASO,CE,Combined TRACON& Tower with Radar,11,34,15,144,204,0,2,11,69,82,11,36,26,213,286,26,196,222,508
03/08/2018,MOB,AL,ASO,CE,Combined TRACON& Tower with Radar,12,32,23,150,217,0,10,8,44,62,12,42,31,194,279,0,36,36,315
03/09/2018,MOB,AL,ASO,CE,Combined TRACON& Tower with Radar,14,18,15,149,196,0,6,24,44,74,14,24,39,193,270,0,75,75,345
03/10/2018,MOB,AL,ASO,CE,Combined TRACON& Tower with Radar,9,15,6,28,58,0,4,4,8,16,9,19,10,36,74,0,0,0,74
03/11/2018,MOB,AL,ASO,CE,Combined TRACON& Tower with Radar,10,25,3,16,54,0,0,0,1,1,10,25,3,17,55,0,0,0,55
03/12/2018,MOB,AL,ASO,CE,Combined TRACON& Tower with Radar,12,30,8,154,204,0,2,2,57,61,12,32,10,211,265,14,108,122,387
03/13/2018,MOB,AL,ASO,CE,Combined TRACON& Tower with Radar,12,29,13,183,237,0,0,27,56,83,12,29,40,239,320,0,22,22,342
03/14/2018,MOB,AL,ASO,CE,Combined TRACON& Tower with Radar,11,43,22,125,201,0,13,17,51,81,11,56,39,176,282,18,102,120,402
03/15/2018,MOB,AL,ASO,CE,Combined TRACON& Tower with Radar,17,20,8,184,229,0,0,18,47,65,17,20,26,231,294,8,74,82,376
03/16/2018,MOB,AL,ASO,CE,Combined TRACON& Tower with Radar,13,25,7,48,93,0,0,1,4,5,13,25,8,52,98,0,0,0,98
03/17/2018,MOB,AL,ASO,CE,Combined TRACON& Tower with Radar,9,16,7,14,46,0,1,2,6,9,9,17,9,20,55,0,0,0,55
03/18/2018,MOB,AL,ASO,CE,Combined TRACON& Tower with Radar,10,21,8,15,54,0,0,0,1,1,10,21,8,16,55,0,0,0,55
03/19/2018,MOB,AL,ASO,CE,Combined TRACON& Tower with Radar,9,22,27,34,92,0,0,5,12,17,9,22,32,46,109,0,12,12,121
03/20/2018,MOB,AL,ASO,CE,Combined TRACON& Tower with Radar,10,30,16,134,190,0,0,21,51,72,10,30,37,185,262,20,98,118,380
03/21/2018,MOB,AL,ASO,CE,Combined TRACON& Tower with Radar,12,33,19,121,185,0,6,20,55,81,12,39,39,176,266,18,25,43,309
03/22/2018,MOB,AL,ASO,CE,Combined TRACON& Tower with Radar,12,27,14,110,163,0,0,22,86,108,12,27,36,196,271,0,26,26,297
03/23/2018,MOB,AL,ASO,CE,Combined TRACON& Tower with Radar,12,23,15,120,170,0,4,24,63,91,12,27,39,183,261,0,14,14,275
03/24/2018,MOB,AL,ASO,CE,Combined TRACON& Tower with Radar,9,14,12,42,77,0,0,3,6,9,9,14,15,48,86,16,0,16,102
03/25/2018,MOB,AL,ASO,CE,Combined TRACON& Tower with Radar,12,25,14,27,78,0,6,7,1,14,12,31,21,28,92,0,0,0,92
03/26/2018,MOB,AL,ASO,CE,Combined TRACON& Tower with Radar,12,19,5,184,220,0,2,2,8,12,12,21,7,192,232,0,8,8,240
03/27/2018,MOB,AL,ASO,CE,Combined TRACON& Tower with Radar,12,16,10,223,261,0,0,1,11,12,12,16,11,234,273,0,0,0,273
03/28/2018,MOB,AL,ASO,CE,Combined TRACON& Tower with Radar,14,26,16,209,265,0,8,11,45,64,14,34,27,254,329,15,44,59,388
03/29/2018,MOB,AL,ASO,CE,Combined TRACON& Tower with Radar,16,17,4,48,85,0,0,1,12,13,16,17,5,60,98,0,98,98,196
03/30/2018,MOB,AL,ASO,CE,Combined TRACON& Tower with Radar,15,30,11,88,144,0,2,11,28,41,15,32,22,116,185,8,80,88,273
03/31/2018,MOB,AL,ASO,CE,Combined TRACON& Tower with Radar,8,12,10,12,42,0,0,18,4,22,8,12,28,16,64,0,0,0,64
04/01/2018,MOB,AL,ASO,CE,Combined TRACON& Tower with Radar,9,15,9,14,47,0,2,4,2,8,9,17,13,16,55,0,0,0,55
04/02/2018,MOB,AL,ASO,CE,Combined TRACON& Tower with Radar,14,24,24,169,231,0,5,16,25,46,14,29,40,194,277,0,50,50,327
04/03/2018,MOB,AL,ASO,CE,Combined TRACON& Tower with Radar,14,18,12,203,247,0,0,9,43,52,14,18,21,246,299,0,40,40,339
04/04/2018,MOB,AL,ASO,CE,Combined TRACON& Tower with Radar,15,25,6,128,174,0,0,10,48,58,15,25,16,176,232,0,0,0,232
04/05/2018,MOB,AL,ASO,CE,Combined TRACON& Tower with Radar,15,21,11,171,218,0,1,15,94,110,15,22,26,265,328,19,40,59,387
04/06/2018,MOB,AL,ASO,CE,Combined TRACON& Tower with Radar,12,21,12,105,150,0,2,10,46,58,12,23,22,151,208,14,52,66,274
04/07/2018,MOB,AL,ASO,CE,Combined TRACON& Tower with Radar,11,17,5,11,44,0,0,0,0,0,11,17,5,11,44,0,20,20,64
04/08/2018,MOB,AL,ASO,CE,Combined TRACON& Tower with Radar,15,22,11,56,104,0,0,14,12,26,15,22,25,68,130,0,0,0,130
04/09/2018,MOB,AL,ASO,CE,Combined TRACON& Tower with Radar,18,25,11,153,207,0,1,4,33,38,18,26,15,186,245,6,42,48,293
04/10/2018,MOB,AL,ASO,CE,Combined TRACON& Tower with Radar,19,22,11,177,229,0,5,12,47,64,19,27,23,224,293,24,12,36,329
04/11/2018,MOB,AL,ASO,CE,Combined TRACON& Tower with Radar,18,27,10,153,208,0,1,9,58,68,18,28,19,211,276,4,26,30,306
04/12/2018,MOB,AL,ASO,CE,Combined TRACON& Tower with Radar,24,15,18,234,291,0,8,18,58,84,24,23,36,292,375,0,29,29,404
04/13/2018,MOB,AL,ASO,CE,Combined TRACON& Tower with Radar,15,14,9,218,256,0,2,6,36,44,15,16,15,254,300,0,92,92,392
04/14/2018,MOB,AL,ASO,CE,Combined TRACON& Tower with Radar,11,16,0,4,31,0,1,0,0,1,11,17,0,4,32,0,0,0,32
04/15/2018,MOB,AL,ASO,CE,Combined TRACON& Tower with Radar,17,15,4,49,85,0,0,11,26,37,17,15,15,75,122,0,20,20,142
04/16/2018,MOB,AL,ASO,CE,Combined TRACON& Tower with Radar,20,21,11,159,211,0,0,15,43,58,20,21,26,202,269,0,8,8,277
04/17/2018,MOB,AL,ASO,CE,Combined TRACON& Tower with Radar,22,13,2,171,208,0,4,21,54,79,22,17,23,225,287,4,22,26,313
04/18/2018,MOB,AL,ASO,CE,Combined TRACON& Tower with Radar,14,23,9,216,262,0,1,35,72,108,14,24,44,288,370,0,16,16,386
04/19/2018,MOB,AL,ASO,CE,Combined TRACON& Tower with Radar,23,30,18,167,238,0,6,18,59,83,23,36,36,226,321,4,56,60,381
04/20/2018,MOB,AL,ASO,CE,Combined TRACON& Tower with Radar,23,24,9,75,131,0,2,13,36,51,23,26,22,111,182,6,14,20,202
04/21/2018,MOB,AL,ASO,CE,Combined TRACON& Tower with Radar,13,13,8,16,50,0,2,8,17,27,13,15,16,33,77,0,10,10,87
04/22/2018,MOB,AL,ASO,CE,Combined TRACON& Tower with Radar,21,16,5,28,70,0,0,0,0,0,21,16,5,28,70,0,0,0,70
04/23/2018,MOB,AL,ASO,CE,Combined TRACON& Tower with Radar,20,21,15,181,237,0,5,13,69,87,20,26,28,250,324,30,22,52,376
04/24/2018,MOB,AL,ASO,CE,Combined TRACON& Tower with Radar,19,26,12,212,269,0,10,13,69,92,19,36,25,281,361,18,52,70,431
04/25/2018,MOB,AL,ASO,CE,Combined TRACON& Tower with Radar,26,23,10,181,240,0,0,20,100,120,26,23,30,281,360,8,82,90,450
04/26/2018,MOB,AL,ASO,CE,Combined TRACON& Tower with Radar,20,24,12,121,177,0,0,6,46,52,20,24,18,167,229,0,0,0,229
04/27/2018,MOB,AL,ASO,CE,Combined TRACON& Tower with Radar,22,25,19,86,152,0,2,26,37,65,22,27,45,123,217,22,18,40,257
04/28/2018,MOB,AL,ASO,CE,Combined TRACON& Tower with Radar,13,17,3,13,46,0,2,25,6,33,13,19,28,19,79,0,0,0,79
04/29/2018,MOB,AL,ASO,CE,Combined TRACON& Tower with Radar,20,21,9,32,82,0,2,13,13,28,20,23,22,45,110,0,0,0,110
04/30/2018,MOB,AL,ASO,CE,Combined TRACON& Tower with Radar,15,16,14,127,172,0,7,11,53,71,15,23,25,180,243,0,10,10,253
05/01/2018,MOB,AL,ASO,CE,Combined TRACON& Tower with Radar,20,17,21,178,236,0,0,50,63,113,20,17,71,241,349,0,76,76,425
05/02/2018,MOB,AL,ASO,CE,Combined TRACON& Tower with Radar,22,17,10,130,179,0,2,140,41,183,22,19,150,171,362,0,144,144,506
05/03/2018,MOB,AL,ASO,CE,Combined TRACON& Tower with Radar,18,14,4,174,210,0,1,14,78,93,18,15,18,252,303,42,132,174,477
05/04/2018,MOB,AL,ASO,CE,Combined TRACON& Tower with Radar,23,21,15,165,224,0,6,17,37,60,23,27,32,202,284,13,46,59,343
05/05/2018,MOB,AL,ASO,CE,Combined TRACON& Tower with Radar,17,14,10,20,61,0,2,8,6,16,17,16,18,26,77,20,10,30,107
05/06/2018,MOB,AL,ASO,CE,Combined TRACON& Tower with Radar,20,18,2,20,60,0,5,64,21,90,20,23,66,41,150,0,0,0,150
05/07/2018,MOB,AL,ASO,CE,Combined TRACON& Tower with Radar,21,18,7,115,161,0,0,130,47,177,21,18,137,162,338,6,36,42,380
05/08/2018,MOB,AL,ASO,CE,Combined TRACON& Tower with Radar,22,22,8,153,205,0,6,29,69,104,22,28,37,222,309,0,0,0,309
05/09/2018,MOB,AL,ASO,CE,Combined TRACON& Tower with Radar,20,16,16,101,153,0,6,24,39,69,20,22,40,140,222,30,72,102,324
05/10/2018,MOB,AL,ASO,CE,Combined TRACON& Tower with Radar,18,22,15,128,183,0,9,16,45,70,18,31,31,173,253,44,66,110,363
05/11/2018,MOB,AL,ASO,CE,Combined TRACON& Tower with Radar,18,15,10,122,165,0,1,23,64,88,18,16,33,186,253,12,146,158,411
05/12/2018,MOB,AL,ASO,CE,Combined TRACON& Tower with Radar,20,11,7,8,46,0,0,20,7,27,20,11,27,15,73,0,0,0,73
05/13/2018,MOB,AL,ASO,CE,Combined TRACON& Tower with Radar,16,21,2,44,83,0,2,12,18,32,16,23,14,62,115,30,0,30,145
05/14/2018,MOB,AL,ASO,CE,Combined TRACON& Tower with Radar,19,18,12,62,111,0,0,22,26,48,19,18,34,88,159,0,14,14,173
05/15/2018,MOB,AL,ASO,CE,Combined TRACON& Tower with Radar,28,21,13,273,335,0,2,8,59,69,28,23,21,332,404,20,62,82,486
05/16/2018,MOB,AL,ASO,CE,Combined TRACON& Tower with Radar,20,19,5,48,92,0,2,4,20,26,20,21,9,68,118,0,0,0,118
05/17/2018,MOB,AL,ASO,CE,Combined TRACON& Tower with Radar,20,16,15,92,143,0,2,9,25,36,20,18,24,117,179,36,12,48,227
05/18/2018,MOB,AL,ASO,CE,Combined TRACON& Tower with Radar,22,23,10,68,123,0,4,16,34,54,22,27,26,102,177,48,16,64,241
05/19/2018,MOB,AL,ASO,CE,Combined TRACON& Tower with Radar,12,17,2,47,78,0,0,10,32,42,12,17,12,79,120,10,0,10,130
05/20/2018,MOB,AL,ASO,CE,Combined TRACON& Tower with Radar,16,14,8,21,59,0,0,2,11,13,16,14,10,32,72,0,8,8,80
05/21/2018,MOB,AL,ASO,CE,Combined TRACON& Tower with Radar,14,25,18,215,272,0,0,9,38,47,14,25,27,253,319,12,50,62,381
05/22/2018,MOB,AL,ASO,CE,Combined TRACON& Tower with Radar,18,25,9,102,154,0,1,5,50,56,18,26,14,152,210,21,28,49,259
05/23/2018,MOB,AL,ASO,CE,Combined TRACON& Tower with Radar,19,22,5,32,78,0,0,9,33,42,19,22,14,65,120,10,16,26,146
05/24/2018,MOB,AL,ASO,CE,Combined TRACON& Tower with Radar,18,21,6,103,148,0,0,4,55,59,18,21,10,158,207,21,70,91,298
05/25/2018,MOB,AL,ASO,CE,Combined TRACON& Tower with Radar,21,21,5,27,74,0,0,4,20,24,21,21,9,47,98,6,26,32,130
05/26/2018,MOB,AL,ASO,CE,Combined TRACON& Tower with Radar,15,15,2,3,35,0,1,4,2,7,15,16,6,5,42,54,6,60,102
05/27/2018,MOB,AL,ASO,CE,Combined TRACON& Tower with Radar,18,16,2,5,41,0,0,2,0,2,18,16,4,5,43,0,0,0,43
05/28/2018,MOB,AL,ASO,CE,Combined TRACON& Tower with Radar,19,17,3,3,42,0,1,0,2,3,19,18,3,5,45,0,0,0,45
05/29/2018,MOB,AL,ASO,CE,Combined TRACON& Tower with Radar,18,17,9,145,189,0,1,8,40,49,18,18,17,185,238,10,24,34,272
05/30/2018,MOB,AL,ASO,CE,Combined TRACON& Tower with Radar,18,20,15,91,144,0,1,13,35,49,18,21,28,126,193,0,102,102,295
05/31/2018,MOB,AL,ASO,CE,Combined TRACON& Tower with Radar,19,29,18,150,216,0,2,27,51,80,19,31,45,201,296,8,50,58,354
06/01/2018,MOB,AL,ASO,CE,Combined TRACON& Tower with Radar,17,18,13,114,162,0,0,16,37,53,17,18,29,151,215,0,16,16,231
06/02/2018,MOB,AL,ASO,CE,Combined TRACON& Tower with Radar,16,18,9,40,83,0,1,12,15,28,16,19,21,55,111,0,0,0,111
06/03/2018,MOB,AL,ASO,CE,Combined TRACON& Tower with Radar,17,19,2,74,112,0,0,5,5,10,17,19,7,79,122,0,8,8,130
06/04/2018,MOB,AL,ASO,CE,Combined TRACON& Tower with Radar,15,28,9,136,188,0,0,22,40,62,15,28,31,176,250,8,60,68,318
06/05/2018,MOB,AL,ASO,CE,Combined TRACON& Tower with Radar,18,18,4,36,76,0,1,0,12,13,18,19,4,48,89,0,20,20,109
06/06/2018,MOB,AL,ASO,CE,Combined TRACON& Tower with Radar,20,20,13,175,228,0,1,20,49,70,20,21,33,224,298,0,0,0,298
06/07/2018,MOB,AL,ASO,CE,Combined TRACON& Tower with Radar,12,34,9,121,176,0,3,17,56,76,12,37,26,177,252,2,34,36,288
06/08/2018,MOB,AL,ASO,CE,Combined TRACON& Tower with Radar,12,34,6,71,123,0,0,8,26,34,12,34,14,97,157,0,0,0,157
06/09/2018,MOB,AL,ASO,CE,Combined TRACON& Tower with Radar,10,21,5,16,52,0,0,3,10,13,10,21,8,26,65,0,0,0,65
06/10/2018,MOB,AL,ASO,CE,Combined TRACON& Tower with Radar,7,28,6,12,53,0,0,3,14,17,7,28,9,26,70,0,0,0,70
06/11/2018,MOB,AL,ASO,CE,Combined TRACON& Tower with Radar,9,33,6,35,83,0,0,0,26,26,9,33,6,61,109,26,8,34,143
06/12/2018,MOB,AL,ASO,CE,Combined TRACON& Tower with Radar,10,30,5,57,102,0,0,0,23,23,10,30,5,80,125,16,0,16,141
06/13/2018,MOB,AL,ASO,CE,Combined TRACON& Tower with Radar,10,31,9,52,102,0,1,9,43,53,10,32,18,95,155,18,14,32,187
06/14/2018,MOB,AL,ASO,CE,Combined TRACON& Tower with Radar,6,36,3,57,102,0,1,3,32,36,6,37,6,89,138,52,40,92,230
06/15/2018,MOB,AL,ASO,CE,Combined TRACON& Tower with Radar,12,27,4,13,56,0,0,4,24,28,12,27,8,37,84,24,0,24,108
06/16/2018,MOB,AL,ASO,CE,Combined TRACON& Tower with Radar,14,20,5,23,62,0,0,10,10,20,14,20,15,33,82,6,0,6,88
06/17/2018,MOB,AL,ASO,CE,Combined TRACON& Tower with Radar,8,21,1,41,71,0,1,8,6,15,8,22,9,47,86,12,4,16,102
06/18/2018,MOB,AL,ASO,CE,Combined TRACON& Tower with Radar,10,28,4,136,178,0,0,8,38,46,10,28,12,174,224,78,20,98,322
06/19/2018,MOB,AL,ASO,CE,Combined TRACON& Tower with Radar,10,28,6,120,164,0,4,12,64,80,10,32,18,184,244,10,88,98,342
06/20/2018,MOB,AL,ASO,CE,Combined TRACON& Tower with Radar,12,30,10,126,178,0,2,12,62,76,12,32,22,188,254,8,0,8,262
06/21/2018,MOB,AL,ASO,CE,Combined TRACON& Tower with Radar,10,35,6,103,154,0,0,6,57,63,10,35,12,160,217,0,50,50,267
06/22/2018,MOB,AL,ASO,CE,Combined TRACON& Tower with Radar,10,37,3,108,158,0,0,14,31,45,10,37,17,139,203,14,38,52,255
06/23/2018,MOB,AL,ASO,CE,Combined TRACON& Tower with Radar,10,21,4,28,63,0,0,1,9,10,10,21,5,37,73,18,2,20,93
06/24/2018,MOB,AL,ASO,CE,Combined TRACON& Tower with Radar,8,31,4,21,64,0,0,3,10,13,8,31,7,31,77,0,0,0,77
06/25/2018,MOB,AL,ASO,CE,Combined TRACON& Tower with Radar,12,37,2,81,132,0,4,11,57,72,12,41,13,138,204,0,6,6,210
06/26/2018,MOB,AL,ASO,CE,Combined TRACON& Tower with Radar,10,32,19,86,147,0,1,13,54,68,10,33,32,140,215,0,20,20,235
06/27/2018,MOB,AL,ASO,CE,Combined TRACON& Tower with Radar,10,34,5,64,113,0,1,14,49,64,10,35,19,113,177,2,18,20,197
06/28/2018,MOB,AL,ASO,CE,Combined TRACON& Tower with Radar,11,37,5,106,159,0,5,9,42,56,11,42,14,148,215,14,30,44,259
06/29/2018,MOB,AL,ASO,CE,Combined TRACON& Tower with Radar,10,36,7,78,131,0,3,7,36,46,10,39,14,114,177,16,32,48,225
06/30/2018,MOB,AL,ASO,CE,Combined TRACON& Tower with Radar,8,24,12,2,46,0,0,13,6,19,8,24,25,8,65,0,0,0,65
07/01/2018,MOB,AL,ASO,CE,Combined TRACON& Tower with Radar,6,26,11,24,67,0,0,4,13,17,6,26,15,37,84,0,0,0,84
07/02/2018,MOB,AL,ASO,CE,Combined TRACON& Tower with Radar,10,26,9,57,102,0,2,3,10,15,10,28,12,67,117,0,0,0,117
07/03/2018,MOB,AL,ASO,CE,Combined TRACON& Tower with Radar,7,21,6,47,81,0,2,3,22,27,7,23,9,69,108,0,12,12,120
07/04/2018,MOB,AL,ASO,CE,Combined TRACON& Tower with Radar,6,22,1,3,32,0,1,4,2,7,6,23,5,5,39,24,0,24,63
07/05/2018,MOB,AL,ASO,CE,Combined TRACON& Tower with Radar,9,26,10,77,122,0,0,14,37,51,9,26,24,114,173,0,46,46,219
07/06/2018,MOB,AL,ASO,CE,Combined TRACON& Tower with Radar,7,26,4,117,154,0,0,15,31,46,7,26,19,148,200,18,0,18,218
07/07/2018,MOB,AL,ASO,CE,Combined TRACON& Tower with Radar,8,22,2,7,39,0,0,11,10,21,8,22,13,17,60,0,0,0,60
07/08/2018,MOB,AL,ASO,CE,Combined TRACON& Tower with Radar,7,30,6,18,61,0,0,1,7,8,7,30,7,25,69,0,16,16,85
07/09/2018,MOB,AL,ASO,CE,Combined TRACON& Tower with Radar,13,34,5,183,235,0,0,13,33,46,13,34,18,216,281,0,0,0,281
07/10/2018,MOB,AL,ASO,CE,Combined TRACON& Tower with Radar,9,29,12,99,149,0,2,15,43,60,9,31,27,142,209,0,0,0,209
07/11/2018,MOB,AL,ASO,CE,Combined TRACON& Tower with Radar,17,37,7,104,165,0,5,8,45,58,17,42,15,149,223,2,50,52,275
07/12/2018,MOB,AL,ASO,CE,Combined TRACON& Tower with Radar,8,39,16,149,212,0,7,18,50,75,8,46,34,199,287,14,58,72,359
07/13/2018,MOB,AL,ASO,CE,Combined TRACON& Tower with Radar,13,32,11,103,159,0,2,6,43,51,13,34,17,146,210,28,34,62,272
07/14/2018,MOB,AL,ASO,CE,Combined TRACON& Tower with Radar,8,22,3,29,62,0,0,8,17,25,8,22,11,46,87,10,0,10,97
07/15/2018,MOB,AL,ASO,CE,Combined TRACON& Tower with Radar,9,30,3,44,86,0,0,2,8,10,9,30,5,52,96,0,0,0,96
07/16/2018,MOB,AL,ASO,CE,Combined TRACON& Tower with Radar,12,29,8,73,122,0,2,3,43,48,12,31,11,116,170,22,0,22,192
07/17/2018,MOB,AL,ASO,CE,Combined TRACON& Tower with Radar,12,35,6,55,108,0,0,0,16,16,12,35,6,71,124,0,46,46,170
07/18/2018,MOB,AL,ASO,CE,Combined TRACON& Tower with Radar,10,31,10,96,147,0,0,3,36,39,10,31,13,132,186,0,34,34,220
07/19/2018,MOB,AL,ASO,CE,Combined TRACON& Tower with Radar,10,34,11,157,212,0,1,12,58,71,10,35,23,215,283,4,76,80,363
07/20/2018,MOB,AL,ASO,CE,Combined TRACON& Tower with Radar,12,31,5,56,104,0,0,14,29,43,12,31,19,85,147,0,52,52,199
07/21/2018,MOB,AL,ASO,CE,Combined TRACON& Tower with Radar,11,18,14,33,76,0,0,12,9,21,11,18,26,42,97,0,0,0,97
07/22/2018,MOB,AL,ASO,CE,Combined TRACON& Tower with Radar,8,28,12,35,83,0,0,10,15,25,8,28,22,50,108,0,0,0,108
07/23/2018,MOB,AL,ASO,CE,Combined TRACON& Tower with Radar,10,29,14,194,247,0,0,4,49,53,10,29,18,243,300,10,32,42,342
07/24/2018,MOB,AL,ASO,CE,Combined TRACON& Tower with Radar,9,35,5,172,221,0,1,15,78,94,9,36,20,250,315,0,100,100,415
07/25/2018,MOB,AL,ASO,CE,Combined TRACON& Tower with Radar,10,35,11,159,215,0,2,18,52,72,10,37,29,211,287,4,40,44,331
07/26/2018,MOB,AL,ASO,CE,Combined TRACON& Tower with Radar,10,34,10,102,156,0,0,26,44,70,10,34,36,146,226,0,0,0,226
07/27/2018,MOB,AL,ASO,CE,Combined TRACON& Tower with Radar,10,31,11,104,156,0,0,11,38,49,10,31,22,142,205,14,52,66,271
07/28/2018,MOB,AL,ASO,CE,Combined TRACON& Tower with Radar,8,22,8,3,41,0,1,6,11,18,8,23,14,14,59,18,0,18,77
07/29/2018,MOB,AL,ASO,CE,Combined TRACON& Tower with Radar,8,29,5,13,55,0,1,2,9,12,8,30,7,22,67,0,0,0,67
07/30/2018,MOB,AL,ASO,CE,Combined TRACON& Tower with Radar,10,28,6,111,155,0,0,8,27,35,10,28,14,138,190,0,0,0,190
07/31/2018,MOB,AL,ASO,CE,Combined TRACON& Tower with Radar,9,25,4,37,75,0,0,2,14,16,9,25,6,51,91,0,22,22,113
08/01/2018,MOB,AL,ASO,CE,Combined TRACON& Tower with Radar,10,29,13,64,116,0,0,3,14,17,10,29,16,78,133,0,0,0,133
08/02/2018,MOB,AL,ASO,CE,Combined TRACON& Tower with Radar,10,33,6,184,233,0,1,3,14,18,10,34,9,198,251,20,10,30,281
08/03/2018,MOB,AL,ASO,CE,Combined TRACON& Tower with Radar,10,29,14,133,186,0,1,9,27,37,10,30,23,160,223,2,28,30,253
08/04/2018,MOB,AL,ASO,CE,Combined TRACON& Tower with Radar,8,25,9,8,50,0,1,5,4,10,8,26,14,12,60,16,0,16,76
08/05/2018,MOB,AL,ASO,CE,Combined TRACON& Tower with Radar,8,29,8,56,101,0,0,8,8,16,8,29,16,64,117,0,0,0,117
08/06/2018,MOB,AL,ASO,CE,Combined TRACON& Tower with Radar,16,29,6,64,115,0,0,20,49,69,16,29,26,113,184,0,0,0,184
08/07/2018,MOB,AL,ASO,CE,Combined TRACON& Tower with Radar,10,31,7,49,97,0,0,12,38,50,10,31,19,87,147,0,42,42,189
08/08/2018,MOB,AL,ASO,CE,Combined TRACON& Tower with Radar,10,31,8,116,165,0,4,10,56,70,10,35,18,172,235,0,14,14,249
08/09/2018,MOB,AL,ASO,CE,Combined TRACON& Tower with Radar,9,30,8,158,205,0,1,7,64,72,9,31,15,222,277,50,26,76,353
08/10/2018,MOB,AL,ASO,CE,Combined TRACON& Tower with Radar,10,31,11,52,104,0,0,5,31,36,10,31,16,83,140,0,0,0,140
08/11/2018,MOB,AL,ASO,CE,Combined TRACON& Tower with Radar,8,23,7,52,90,0,0,9,8,17,8,23,16,60,107,0,0,0,107
08/12/2018,MOB,AL,ASO,CE,Combined TRACON& Tower with Radar,5,29,10,67,111,0,0,7,29,36,5,29,17,96,147,0,0,0,147
08/13/2018,MOB,AL,ASO,CE,Combined TRACON& Tower with Radar,11,27,7,120,165,0,0,13,66,79,11,27,20,186,244,0,0,0,244
08/14/2018,MOB,AL,ASO,CE,Combined TRACON& Tower with Radar,13,27,8,139,187,0,1,8,68,77,13,28,16,207,264,12,72,84,348
08/15/2018,MOB,AL,ASO,CE,Combined TRACON& Tower with Radar,16,29,9,105,159,0,0,13,49,62,16,29,22,154,221,4,56,60,281
08/16/2018,MOB,AL,ASO,CE,Combined TRACON& Tower with Radar,14,32,4,78,128,0,0,4,39,43,14,32,8,117,171,14,84,98,269
08/17/2018,MOB,AL,ASO,CE,Combined TRACON& Tower with Radar,14,27,13,62,116,0,0,5,32,37,14,27,18,94,153,0,28,28,181
08/18/2018,MOB,AL,ASO,CE,Combined TRACON& Tower with Radar,9,25,1,5,40,0,0,1,1,2,9,25,2,6,42,0,0,0,42
08/19/2018,MOB,AL,ASO,CE,Combined TRACON& Tower with Radar,8,29,3,10,50,0,0,1,0,1,8,29,4,10,51,0,0,0,51
08/20/2018,MOB,AL,ASO,CE,Combined TRACON& Tower with Radar,16,25,8,116,165,0,0,3,43,46,16,25,11,159,211,0,16,16,227
08/21/2018,MOB,AL,ASO,CE,Combined TRACON& Tower with Radar,12,29,6,123,170,0,0,4,43,47,12,29,10,166,217,8,26,34,251
08/22/2018,MOB,AL,ASO,CE,Combined TRACON& Tower with Radar,12,30,10,145,197,0,0,12,49,61,12,30,22,194,258,2,82,84,342
08/23/2018,MOB,AL,ASO,CE,Combined TRACON& Tower with Radar,16,37,14,133,200,0,3,10,52,65,16,40,24,185,265,0,0,0,265
08/24/2018,MOB,AL,ASO,CE,Combined TRACON& Tower with Radar,16,34,18,133,201,0,1,19,50,70,16,35,37,183,271,0,0,0,271
08/25/2018,MOB,AL,ASO,CE,Combined TRACON& Tower with Radar,8,18,3,17,46,0,0,9,10,19,8,18,12,27,65,20,0,20,85
08/26/2018,MOB,AL,ASO,CE,Combined TRACON& Tower with Radar,12,27,10,30,79,0,0,3,8,11,12,27,13,38,90,6,4,10,100
08/27/2018,MOB,AL,ASO,CE,Combined TRACON& Tower with Radar,14,29,6,115,164,0,0,4,48,52,14,29,10,163,216,10,0,10,226
08/28/2018,MOB,AL,ASO,CE,Combined TRACON& Tower with Radar,18,25,10,70,123,0,0,7,49,56,18,25,17,119,179,0,0,0,179
08/29/2018,MOB,AL,ASO,CE,Combined TRACON& Tower with Radar,12,30,8,87,137,0,0,4,27,31,12,30,12,114,168,36,4,40,208
08/30/2018,MOB,AL,ASO,CE,Combined TRACON& Tower with Radar,12,32,5,164,213,0,0,10,47,57,12,32,15,211,270,6,10,16,286
08/31/2018,MOB,AL,ASO,CE,Combined TRACON& Tower with Radar,14,28,8,21,71,0,0,8,9,17,14,28,16,30,88,12,0,12,100
09/01/2018,MOB,AL,ASO,CE,Combined TRACON& Tower with Radar,7,20,5,2,34,0,0,0,0,0,7,20,5,2,34,0,0,0,34
09/02/2018,MOB,AL,ASO,CE,Combined TRACON& Tower with Radar,11,20,4,0,35,0,0,2,2,4,11,20,6,2,39,0,0,0,39
09/03/2018,MOB,AL,ASO,CE,Combined TRACON& Tower with Radar,9,25,4,3,41,0,1,2,0,3,9,26,6,3,44,0,0,0,44
09/04/2018,MOB,AL,ASO,CE,Combined TRACON& Tower with Radar,1,21,0,5,27,0,0,1,8,9,1,21,1,13,36,0,0,0,36
09/05/2018,MOB,AL,ASO,CE,Combined TRACON& Tower with Radar,14,27,3,2,46,0,1,3,8,12,14,28,6,10,58,0,0,0,58
09/06/2018,MOB,AL,ASO,CE,Combined TRACON& Tower with Radar,8,35,3,88,134,0,1,5,34,40,8,36,8,122,174,0,32,32,206
09/07/2018,MOB,AL,ASO,CE,Combined TRACON& Tower with Radar,8,31,20,118,177,0,1,21,45,67,8,32,41,163,244,6,44,50,294
09/08/2018,MOB,AL,ASO,CE,Combined TRACON& Tower with Radar,6,22,12,29,69,0,1,6,6,13,6,23,18,35,82,28,0,28,110
09/09/2018,MOB,AL,ASO,CE,Combined TRACON& Tower with Radar,12,23,10,60,105,0,0,14,10,24,12,23,24,70,129,0,0,0,129
09/10/2018,MOB,AL,ASO,CE,Combined TRACON& Tower with Radar,10,34,3,57,104,0,0,8,36,44,10,34,11,93,148,5,0,5,153
09/11/2018,MOB,AL,ASO,CE,Combined TRACON& Tower with Radar,11,27,3,50,91,0,1,11,41,53,11,28,14,91,144,16,14,30,174
09/12/2018,MOB,AL,ASO,CE,Combined TRACON& Tower with Radar,15,30,10,117,172,0,1,9,46,56,15,31,19,163,228,0,0,0,228
09/13/2018,MOB,AL,ASO,CE,Combined TRACON& Tower with Radar,9,29,7,71,116,0,1,16,46,63,9,30,23,117,179,0,0,0,179
09/14/2018,MOB,AL,ASO,CE,Combined TRACON& Tower with Radar,13,31,8,40,92,0,4,8,35,47,13,35,16,75,139,16,42,58,197
09/15/2018,MOB,AL,ASO,CE,Combined TRACON& Tower with Radar,6,17,4,16,43,0,1,19,17,37,6,18,23,33,80,20,0,20,100
09/16/2018,MOB,AL,ASO,CE,Combined TRACON& Tower with Radar,10,23,13,37,83,0,0,6,15,21,10,23,19,52,104,0,0,0,104
09/17/2018,MOB,AL,ASO,CE,Combined TRACON& Tower with Radar,12,27,5,127,171,0,2,6,61,69,12,29,11,188,240,0,52,52,292
09/18/2018,MOB,AL,ASO,CE,Combined TRACON& Tower with Radar,12,26,11,120,169,0,2,17,64,83,12,28,28,184,252,6,46,52,304
09/19/2018,MOB,AL,ASO,CE,Combined TRACON& Tower with Radar,12,28,12,108,160,0,0,6,49,55,12,28,18,157,215,0,0,0,215
09/20/2018,MOB,AL,ASO,CE,Combined TRACON& Tower with Radar,9,30,20,75,134,0,0,15,43,58,9,30,35,118,192,22,4,26,218
09/21/2018,MOB,AL,ASO,CE,Combined TRACON& Tower with Radar,8,34,15,37,94,0,2,16,31,49,8,36,31,68,143,0,0,0,143
09/22/2018,MOB,AL,ASO,CE,Combined TRACON& Tower with Radar,6,17,11,5,39,0,0,14,1,15,6,17,25,6,54,22,20,42,96
09/23/2018,MOB,AL,ASO,CE,Combined TRACON& Tower with Radar,8,28,7,14,57,0,1,3,10,14,8,29,10,24,71,0,0,0,71
09/24/2018,MOB,AL,ASO,CE,Combined TRACON& Tower with Radar,12,28,8,53,101,0,1,6,27,34,12,29,14,80,135,12,64,76,211
09/25/2018,MOB,AL,ASO,CE,Combined TRACON& Tower with Radar,10,32,3,119,164,0,2,5,42,49,10,34,8,161,213,0,0,0,213
09/26/2018,MOB,AL,ASO,CE,Combined TRACON& Tower with Radar,10,29,15,103,157,0,2,1,28,31,10,31,16,131,188,0,26,26,214
09/27/2018,MOB,AL,ASO,CE,Combined TRACON& Tower with Radar,19,25,3,76,123,0,0,4,31,35,19,25,7,107,158,14,0,14,172
09/28/2018,MOB,AL,ASO,CE,Combined TRACON& Tower with Radar,12,28,24,104,168,0,0,0,32,32,12,28,24,136,200,30,4,34,234
09/29/2018,MOB,AL,ASO,CE,Combined TRACON& Tower with Radar,6,21,10,8,45,0,0,6,0,6,6,21,16,8,51,0,0,0,51
09/30/2018,MOB,AL,ASO,CE,Combined TRACON& Tower with Radar,12,27,4,20,63,0,0,1,16,17,12,27,5,36,80,0,12,12,92
10/01/2018,MOB,AL,ASO,CE,Combined TRACON& Tower with Radar,8,31,24,91,154,0,1,11,44,56,8,32,35,135,210,22,48,70,280
10/02/2018,MOB,AL,ASO,CE,Combined TRACON& Tower with Radar,10,33,10,129,182,0,2,12,56,70,10,35,22,185,252,16,54,70,322
10/03/2018,MOB,AL,ASO,CE,Combined TRACON& Tower with Radar,8,32,9,124,173,0,1,13,62,76,8,33,22,186,249,12,34,46,295
10/04/2018,MOB,AL,ASO,CE,Combined TRACON& Tower with Radar,10,28,18,123,179,0,0,9,60,69,10,28,27,183,248,8,104,112,360
10/05/2018,MOB,AL,ASO,CE,Combined TRACON& Tower with Radar,9,28,7,103,147,0,1,12,48,61,9,29,19,151,208,28,82,110,318
10/06/2018,MOB,AL,ASO,CE,Combined TRACON& Tower with Radar,6,22,10,9,47,0,0,10,5,15,6,22,20,14,62,0,28,28,90
10/07/2018,MOB,AL,ASO,CE,Combined TRACON& Tower with Radar,10,25,8,21,64,0,1,12,10,23,10,26,20,31,87,0,0,0,87
10/08/2018,MOB,AL,ASO,CE,Combined TRACON& Tower with Radar,9,28,5,0,42,0,0,9,2,11,9,28,14,2,53,0,0,0,53
10/09/2018,MOB,AL,ASO,CE,Combined TRACON& Tower with Radar,7,29,7,2,45,0,0,1,15,16,7,29,8,17,61,0,0,0,61
10/10/2018,MOB,AL,ASO,CE,Combined TRACON& Tower with Radar,10,26,6,4,46,0,0,0,6,6,10,26,6,10,52,0,0,0,52
10/11/2018,MOB,AL,ASO,CE,Combined TRACON& Tower with Radar,10,30,12,22,74,0,0,16,25,41,10,30,28,47,115,38,0,38,153
10/12/2018,MOB,AL,ASO,CE,Combined TRACON& Tower with Radar,10,31,17,109,167,0,3,17,57,77,10,34,34,166,244,6,46,52,296
10/13/2018,MOB,AL,ASO,CE,Combined TRACON& Tower with Radar,7,17,6,16,46,0,0,12,12,24,7,17,18,28,70,0,0,0,70
10/14/2018,MOB,AL,ASO,CE,Combined TRACON& Tower with Radar,13,26,9,33,81,0,0,8,16,24,13,26,17,49,105,24,16,40,145
10/15/2018,MOB,AL,ASO,CE,Combined TRACON& Tower with Radar,12,30,4,124,170,0,1,11,52,64,12,31,15,176,234,0,36,36,270
10/16/2018,MOB,AL,ASO,CE,Combined TRACON& Tower with Radar,9,22,10,149,190,0,0,5,56,61,9,22,15,205,251,0,0,0,251
10/17/2018,MOB,AL,ASO,CE,Combined TRACON& Tower with Radar,9,34,11,134,188,0,0,8,24,32,9,34,19,158,220,20,10,30,250
10/18/2018,MOB,AL,ASO,CE,Combined TRACON& Tower with Radar,16,30,18,142,206,0,3,10,58,71,16,33,28,200,277,0,20,20,297
10/19/2018,MOB,AL,ASO,CE,Combined TRACON& Tower with Radar,10,31,8,111,160,0,1,11,47,59,10,32,19,158,219,0,4,4,223
10/20/2018,MOB,AL,ASO,CE,Combined TRACON& Tower with Radar,8,20,5,15,48,0,0,4,5,9,8,20,9,20,57,16,0,16,73
10/21/2018,MOB,AL,ASO,CE,Combined TRACON& Tower with Radar,10,28,8,48,94,0,0,9,15,24,10,28,17,63,118,0,8,8,126
10/22/2018,MOB,AL,ASO,CE,Combined TRACON& Tower with Radar,10,27,5,172,214,0,0,8,53,61,10,27,13,225,275,0,0,0,275
10/23/2018,MOB,AL,ASO,CE,Combined TRACON& Tower with Radar,9,31,3,139,182,0,5,6,31,42,9,36,9,170,224,0,0,0,224
10/24/2018,MOB,AL,ASO,CE,Combined TRACON& Tower with Radar,10,27,12,87,136,0,0,8,53,61,10,27,20,140,197,6,36,42,239
10/25/2018,MOB,AL,ASO,CE,Combined TRACON& Tower with Radar,10,46,10,40,106,0,0,0,0,0,10,46,10,40,106,0,0,0,106
10/26/2018,MOB,AL,ASO,CE,Combined TRACON& Tower with Radar,10,35,17,114,176,0,0,14,48,62,10,35,31,162,238,26,22,48,286
10/27/2018,MOB,AL,ASO,CE,Combined TRACON& Tower with Radar,8,19,9,17,53,0,0,19,10,29,8,19,28,27,82,0,0,0,82
10/28/2018,MOB,AL,ASO,CE,Combined TRACON& Tower with Radar,8,26,5,21,60,0,2,15,11,28,8,28,20,32,88,0,0,0,88
10/29/2018,MOB,AL,ASO,CE,Combined TRACON& Tower with Radar,13,27,8,147,195,0,0,13,62,75,13,27,21,209,270,8,44,52,322
10/30/2018,MOB,AL,ASO,CE,Combined TRACON& Tower with Radar,7,23,12,130,172,0,1,9,60,70,7,24,21,190,242,10,38,48,290
10/31/2018,MOB,AL,ASO,CE,Combined TRACON& Tower with Radar,7,21,4,83,115,0,0,15,53,68,7,21,19,136,183,0,0,0,183
11/01/2018,MOB,AL,ASO,CE,Combined TRACON& Tower with Radar,9,26,6,115,156,0,0,1,11,12,9,26,7,126,168,0,62,62,230
11/02/2018,MOB,AL,ASO,CE,Combined TRACON& Tower with Radar,12,27,14,69,122,0,0,17,51,68,12,27,31,120,190,20,88,108,298
11/03/2018,MOB,AL,ASO,CE,Combined TRACON& Tower with Radar,6,18,4,16,44,0,0,12,5,17,6,18,16,21,61,24,0,24,85
11/04/2018,MOB,AL,ASO,CE,Combined TRACON& Tower with Radar,8,27,12,46,93,0,0,5,6,11,8,27,17,52,104,0,0,0,104
11/05/2018,MOB,AL,ASO,CE,Combined TRACON& Tower with Radar,12,33,19,138,202,0,0,2,19,21,12,33,21,157,223,0,94,94,317
11/06/2018,MOB,AL,ASO,CE,Combined TRACON& Tower with Radar,7,30,13,122,172,0,1,0,30,31,7,31,13,152,203,0,118,118,321
11/07/2018,MOB,AL,ASO,CE,Combined TRACON& Tower with Radar,11,26,26,73,136,0,1,1,16,18,11,27,27,89,154,4,12,16,170
11/08/2018,MOB,AL,ASO,CE,Combined TRACON& Tower with Radar,11,31,12,37,91,0,2,0,8,10,11,33,12,45,101,0,0,0,101
11/09/2018,MOB,AL,ASO,CE,Combined TRACON& Tower with Radar,12,36,4,50,102,0,0,2,13,15,12,36,6,63,117,0,0,0,117
11/10/2018,MOB,AL,ASO,CE,Combined TRACON& Tower with Radar,8,21,15,31,75,0,1,21,16,38,8,22,36,47,113,0,12,12,125
11/11/2018,MOB,AL,ASO,CE,Combined TRACON& Tower with Radar,10,28,9,45,92,0,0,10,19,29,10,28,19,64,121,0,0,0,121
11/12/2018,MOB,AL,ASO,CE,Combined TRACON& Tower with Radar,14,34,5,0,53,0,0,0,0,0,14,34,5,0,53,0,0,0,53
11/13/2018,MOB,AL,ASO,CE,Combined TRACON& Tower with Radar,8,33,7,38,86,0,0,0,2,2,8,33,7,40,88,0,0,0,88
11/14/2018,MOB,AL,ASO,CE,Combined TRACON& Tower with Radar,14,31,15,42,102,0,0,0,0,0,14,31,15,42,102,0,0,0,102
11/15/2018,MOB,AL,ASO,CE,Combined TRACON& Tower with Radar,11,31,13,134,189,0,0,12,90,102,11,31,25,224,291,0,0,0,291
11/16/2018,MOB,AL,ASO,CE,Combined TRACON& Tower with Radar,17,26,13,121,177,0,0,17,69,86,17,26,30,190,263,4,104,108,371
11/17/2018,MOB,AL,ASO,CE,Combined TRACON& Tower with Radar,7,18,12,17,54,0,0,20,15,35,7,18,32,32,89,0,0,0,89
11/18/2018,MOB,AL,ASO,CE,Combined TRACON& Tower with Radar,10,27,15,16,68,0,1,24,14,39,10,28,39,30,107,12,28,40,147
11/19/2018,MOB,AL,ASO,CE,Combined TRACON& Tower with Radar,8,32,13,142,195,0,1,5,69,75,8,33,18,211,270,8,101,109,379
11/20/2018,MOB,AL,ASO,CE,Combined TRACON& Tower with Radar,8,35,22,161,226,0,0,2,48,50,8,35,24,209,276,0,94,94,370
11/21/2018,MOB,AL,ASO,CE,Combined TRACON& Tower with Radar,8,30,9,14,61,0,0,9,32,41,8,30,18,46,102,20,18,38,140
11/22/2018,MOB,AL,ASO,CE,Combined TRACON& Tower with Radar,4,22,3,0,29,0,0,2,2,4,4,22,5,2,33,0,0,0,33
11/23/2018,MOB,AL,ASO,CE,Combined TRACON& Tower with Radar,4,24,6,1,35,0,0,8,1,9,4,24,14,2,44,8,0,8,52
11/24/2018,MOB,AL,ASO,CE,Combined TRACON& Tower with Radar,8,31,15,2,56,0,0,3,0,3,8,31,18,2,59,18,0,18,77
11/25/2018,MOB,AL,ASO,CE,Combined TRACON& Tower with Radar,12,30,13,0,55,0,0,4,2,6,12,30,17,2,61,0,0,0,61
11/26/2018,MOB,AL,ASO,CE,Combined TRACON& Tower with Radar,7,33,16,123,179,0,1,3,52,56,7,34,19,175,235,0,0,0,235
11/27/2018,MOB,AL,ASO,CE,Combined TRACON& Tower with Radar,8,29,8,109,154,0,1,11,56,68,8,30,19,165,222,0,16,16,238
11/28/2018,MOB,AL,ASO,CE,Combined TRACON& Tower with Radar,10,26,8,88,132,0,3,10,58,71,10,29,18,146,203,0,16,16,219
11/29/2018,MOB,AL,ASO,CE,Combined TRACON& Tower with Radar,8,31,9,61,109,0,1,3,48,52,8,32,12,109,161,32,24,56,217
11/30/2018,MOB,AL,ASO,CE,Combined TRACON& Tower with Radar,7,30,13,82,132,0,0,6,38,44,7,30,19,120,176,16,44,60,236
12/01/2018,MOB,AL,ASO,CE,Combined TRACON& Tower with Radar,7,18,4,0,29,0,0,1,0,1,7,18,5,0,30,0,0,0,30
12/02/2018,MOB,AL,ASO,CE,Combined TRACON& Tower with Radar,8,26,7,56,97,0,1,13,16,30,8,27,20,72,127,0,0,0,127
12/03/2018,MOB,AL,ASO,CE,Combined TRACON& Tower with Radar,10,28,3,122,163,0,3,4,50,57,10,31,7,172,220,0,54,54,274
12/04/2018,MOB,AL,ASO,CE,Combined TRACON& Tower with Radar,9,29,13,140,191,0,4,11,54,69,9,33,24,194,260,0,88,88,348
12/05/2018,MOB,AL,ASO,CE,Combined TRACON& Tower with Radar,10,31,8,15,64,0,0,4,8,12,10,31,12,23,76,0,0,0,76
12/06/2018,MOB,AL,ASO,CE,Combined TRACON& Tower with Radar,13,27,12,93,145,1,0,9,39,49,14,27,21,132,194,0,34,34,228
12/07/2018,MOB,AL,ASO,CE,Combined TRACON& Tower with Radar,11,26,16,99,152,0,1,17,44,62,11,27,33,143,214,10,100,110,324
12/08/2018,MOB,AL,ASO,CE,Combined TRACON& Tower with Radar,11,13,1,0,25,0,0,0,2,2,11,13,1,2,27,0,0,0,27
12/09/2018,MOB,AL,ASO,CE,Combined TRACON& Tower with Radar,10,18,2,40,70,0,0,0,5,5,10,18,2,45,75,0,0,0,75
12/10/2018,MOB,AL,ASO,CE,Combined TRACON& Tower with Radar,11,24,12,114,161,0,3,3,28,34,11,27,15,142,195,0,12,12,207
12/11/2018,MOB,AL,ASO,CE,Combined TRACON& Tower with Radar,10,28,9,104,151,0,4,8,59,71,10,32,17,163,222,0,16,16,238
12/12/2018,MOB,AL,ASO,CE,Combined TRACON& Tower with Radar,12,33,12,88,145,0,6,2,49,57,12,39,14,137,202,0,22,22,224
12/13/2018,MOB,AL,ASO,CE,Combined TRACON& Tower with Radar,17,27,11,48,103,0,0,0,6,6,17,27,11,54,109,0,0,0,109
12/14/2018,MOB,AL,ASO,CE,Combined TRACON& Tower with Radar,16,26,6,46,94,0,0,1,11,12,16,26,7,57,106,0,6,6,112
12/15/2018,MOB,AL,ASO,CE,Combined TRACON& Tower with Radar,15,16,15,16,62,0,0,4,13,17,15,16,19,29,79,0,10,10,89
12/16/2018,MOB,AL,ASO,CE,Combined TRACON& Tower with Radar,15,23,9,67,114,0,2,6,17,25,15,25,15,84,139,0,8,8,147
12/17/2018,MOB,AL,ASO,CE,Combined TRACON& Tower with Radar,18,28,14,87,147,0,1,13,43,57,18,29,27,130,204,0,14,14,218
12/18/2018,MOB,AL,ASO,CE,Combined TRACON& Tower with Radar,14,23,11,101,149,0,1,20,49,70,14,24,31,150,219,30,0,30,249
12/19/2018,MOB,AL,ASO,CE,Combined TRACON& Tower with Radar,17,29,11,96,153,0,0,6,16,22,17,29,17,112,175,4,0,4,179
12/20/2018,MOB,AL,ASO,CE,Combined TRACON& Tower with Radar,9,32,6,18,65,0,0,0,0,0,9,32,6,18,65,0,12,12,77
12/21/2018,MOB,AL,ASO,CE,Combined TRACON& Tower with Radar,8,36,8,40,92,0,2,2,17,21,8,38,10,57,113,0,0,0,113
12/22/2018,MOB,AL,ASO,CE,Combined TRACON& Tower with Radar,10,24,5,2,41,0,0,7,0,7,10,24,12,2,48,0,0,0,48
12/23/2018,MOB,AL,ASO,CE,Combined TRACON& Tower with Radar,10,31,5,0,46,0,1,1,2,4,10,32,6,2,50,0,0,0,50
12/24/2018,MOB,AL,ASO,CE,Combined TRACON& Tower with Radar,4,22,4,0,30,0,0,11,0,11,4,22,15,0,41,0,0,0,41
12/25/2018,MOB,AL,ASO,CE,Combined TRACON& Tower with Radar,14,14,0,0,28,0,0,0,2,2,14,14,0,2,30,0,0,0,30
12/26/2018,MOB,AL,ASO,CE,Combined TRACON& Tower with Radar,3,26,8,23,60,0,0,8,16,24,3,26,16,39,84,0,0,0,84
12/27/2018,MOB,AL,ASO,CE,Combined TRACON& Tower with Radar,1,25,2,7,35,0,0,0,1,1,1,25,2,8,36,0,0,0,36
12/28/2018,MOB,AL,ASO,CE,Combined TRACON& Tower with Radar,10,25,3,12,50,0,0,0,0,0,10,25,3,12,50,0,0,0,50
12/29/2018,MOB,AL,ASO,CE,Combined TRACON& Tower with Radar,5,22,5,2,34,0,0,0,0,0,5,22,5,2,34,0,0,0,34
12/30/2018,MOB,AL,ASO,CE,Combined TRACON& Tower with Radar,8,24,4,0,36,0,0,1,0,1,8,24,5,0,37,0,0,0,37
12/31/2018,MOB,AL,ASO,CE,Combined TRACON& Tower with Radar,10,24,2,0,36,0,0,0,0,0,10,24,2,0,36,0,0,0,36
01/01/2019,MOB,AL,ASO,CE,Combined TRACON& Tower with Radar,8,19,6,0,33,0,0,1,0,1,8,19,7,0,34,0,0,0,34
01/02/2019,MOB,AL,ASO,CE,Combined TRACON& Tower with Radar,9,24,16,0,49,0,0,0,0,0,9,24,16,0,49,0,0,0,49
01/03/2019,MOB,AL,ASO,CE,Combined TRACON& Tower with Radar,10,29,4,89,132,0,0,0,9,9,10,29,4,98,141,0,0,0,141
01/04/2019,MOB,AL,ASO,CE,Combined TRACON& Tower with Radar,8,31,9,121,169,0,4,13,35,52,8,35,22,156,221,0,40,40,261
01/05/2019,MOB,AL,ASO,CE,Combined TRACON& Tower with Radar,8,23,3,32,66,0,0,10,30,40,8,23,13,62,106,12,0,12,118
01/06/2019,MOB,AL,ASO,CE,Combined TRACON& Tower with Radar,9,23,15,36,83,0,0,11,28,39,9,23,26,64,122,0,0,0,122
01/07/2019,MOB,AL,ASO,CE,Combined TRACON& Tower with Radar,10,29,9,69,117,0,0,1,37,38,10,29,10,106,155,0,0,0,155
01/08/2019,MOB,AL,ASO,CE,Combined TRACON& Tower with Radar,14,25,10,132,181,0,3,6,58,67,14,28,16,190,248,0,118,118,366
01/09/2019,MOB,AL,ASO,CE,Combined TRACON& Tower with Radar,10,31,10,126,177,0,1,6,59,66,10,32,16,185,243,0,86,86,329
01/10/2019,MOB,AL,ASO,CE,Combined TRACON& Tower with Radar,12,42,10,102,166,0,1,10,41,52,12,43,20,143,218,0,122,122,340
01/11/2019,MOB,AL,ASO,CE,Combined TRACON& Tower with Radar,10,34,7,29,80,0,0,8,19,27,10,34,15,48,107,30,16,46,153
01/12/2019,MOB,AL,ASO,CE,Combined TRACON& Tower with Radar,10,16,4,6,36,0,0,4,5,9,10,16,8,11,45,12,0,12,57
01/13/2019,MOB,AL,ASO,CE,Combined TRACON& Tower with Radar,16,25,12,33,86,0,0,6,11,17,16,25,18,44,103,0,24,24,127
01/14/2019,MOB,AL,ASO,CE,Combined TRACON& Tower with Radar,12,37,2,69,120,0,0,5,12,17,12,37,7,81,137,2,40,42,179
01/15/2019,MOB,AL,ASO,CE,Combined TRACON& Tower with Radar,13,23,17,90,143,0,0,9,50,59,13,23,26,140,202,12,100,112,314
01/16/2019,MOB,AL,ASO,CE,Combined TRACON& Tower with Radar,11,28,10,112,161,0,0,19,66,85,11,28,29,178,246,0,40,40,286
01/17/2019,MOB,AL,ASO,CE,Combined TRACON& Tower with Radar,7,31,2,79,119,0,1,3,26,30,7,32,5,105,149,0,16,16,165
01/18/2019,MOB,AL,ASO,CE,Combined TRACON& Tower with Radar,8,32,3,46,89,0,1,3,14,18,8,33,6,60,107,0,0,0,107
01/19/2019,MOB,AL,ASO,CE,Combined TRACON& Tower with Radar,11,15,0,0,26,0,0,0,0,0,11,15,0,0,26,0,0,0,26
01/20/2019,MOB,AL,ASO,CE,Combined TRACON& Tower with Radar,11,21,8,68,108,0,0,2,25,27,11,21,10,93,135,0,0,0,135
01/21/2019,MOB,AL,ASO,CE,Combined TRACON& Tower with Radar,8,35,10,0,53,0,0,13,2,15,8,35,23,2,68,0,0,0,68
01/22/2019,MOB,AL,ASO,CE,Combined TRACON& Tower with Radar,16,23,10,58,107,0,2,2,9,13,16,25,12,67,120,0,0,0,120
01/23/2019,MOB,AL,ASO,CE,Combined TRACON& Tower with Radar,11,30,6,0,47,0,0,0,0,0,11,30,6,0,47,0,40,40,87
01/24/2019,MOB,AL,ASO,CE,Combined TRACON& Tower with Radar,10,41,14,146,211,0,1,10,53,64,10,42,24,199,275,0,84,84,359
01/25/2019,MOB,AL,ASO,CE,Combined TRACON& Tower with Radar,7,37,9,83,136,0,5,21,13,39,7,42,30,96,175,0,8,8,183
01/26/2019,MOB,AL,ASO,CE,Combined TRACON& Tower with Radar,13,17,4,10,44,0,3,14,8,25,13,20,18,18,69,0,16,16,85
01/27/2019,MOB,AL,ASO,CE,Combined TRACON& Tower with Radar,13,27,8,17,65,0,2,5,7,14,13,29,13,24,79,6,2,8,87
01/28/2019,MOB,AL,ASO,CE,Combined TRACON& Tower with Radar,10,27,7,75,119,0,4,10,30,44,10,31,17,105,163,0,14,14,177
01/29/2019,MOB,AL,ASO,CE,Combined TRACON& Tower with Radar,14,15,5,70,104,0,2,5,30,37,14,17,10,100,141,4,40,44,185
01/30/2019,MOB,AL,ASO,CE,Combined TRACON& Tower with Radar,14,29,5,119,167,0,1,10,74,85,14,30,15,193,252,0,0,0,252
01/31/2019,MOB,AL,ASO,CE,Combined TRACON& Tower with Radar,12,33,17,55,117,0,0,7,43,50,12,33,24,98,167,8,82,90,257
02/01/2019,MOB,AL,ASO,CE,Combined TRACON& Tower with Radar,11,33,7,41,92,0,0,9,15,24,11,33,16,56,116,20,64,84,200
02/02/2019,MOB,AL,ASO,CE,Combined TRACON& Tower with Radar,6,13,0,5,24,0,0,2,0,2,6,13,2,5,26,0,0,0,26
02/03/2019,MOB,AL,ASO,CE,Combined TRACON& Tower with Radar,15,16,4,19,54,0,0,0,1,1,15,16,4,20,55,0,0,0,55
02/04/2019,MOB,AL,ASO,CE,Combined TRACON& Tower with Radar,10,29,8,58,105,0,0,0,3,3,10,29,8,61,108,0,122,122,230
02/05/2019,MOB,AL,ASO,CE,Combined TRACON& Tower with Radar,17,21,9,8,55,0,0,0,2,2,17,21,9,10,57,0,0,0,57
02/06/2019,MOB,AL,ASO,CE,Combined TRACON& Tower with Radar,9,26,14,40,89,0,0,2,2,4,9,26,16,42,93,0,76,76,169
02/07/2019,MOB,AL,ASO,CE,Combined TRACON& Tower with Radar,6,33,6,69,114,0,0,1,21,22,6,33,7,90,136,14,150,164,300
02/08/2019,MOB,AL,ASO,CE,Combined TRACON& Tower with Radar,7,33,8,89,137,0,5,4,49,58,7,38,12,138,195,0,28,28,223
02/09/2019,MOB,AL,ASO,CE,Combined TRACON& Tower with Radar,7,15,9,8,39,0,0,13,17,30,7,15,22,25,69,0,0,0,69
02/10/2019,MOB,AL,ASO,CE,Combined TRACON& Tower with Radar,13,22,9,17,61,0,0,0,7,7,13,22,9,24,68,0,14,14,82
02/11/2019,MOB,AL,ASO,CE,Combined TRACON& Tower with Radar,7,28,2,31,68,0,0,0,0,0,7,28,2,31,68,0,0,0,68
02/12/2019,MOB,AL,ASO,CE,Combined TRACON& Tower with Radar,10,24,7,76,117,0,0,0,32,32,10,24,7,108,149,0,36,36,185
02/13/2019,MOB,AL,ASO,CE,Combined TRACON& Tower with Radar,8,35,11,42,96,0,4,12,58,74,8,39,23,100,170,0,46,46,216
02/14/2019,MOB,AL,ASO,CE,Combined TRACON& Tower with Radar,10,29,7,32,78,0,0,7,33,40,10,29,14,65,118,0,22,22,140
02/15/2019,MOB,AL,ASO,CE,Combined TRACON& Tower with Radar,8,31,9,37,85,0,0,6,31,37,8,31,15,68,122,24,22,46,168
02/16/2019,MOB,AL,ASO,CE,Combined TRACON& Tower with Radar,12,16,6,20,54,0,0,10,1,11,12,16,16,21,65,24,0,24,89
02/17/2019,MOB,AL,ASO,CE,Combined TRACON& Tower with Radar,10,24,12,8,54,0,0,0,2,2,10,24,12,10,56,0,0,0,56
02/18/2019,MOB,AL,ASO,CE,Combined TRACON& Tower with Radar,8,27,7,2,44,0,0,1,0,1,8,27,8,2,45,0,0,0,45
02/19/2019,MOB,AL,ASO,CE,Combined TRACON& Tower with Radar,7,27,8,68,110,0,0,0,19,19,7,27,8,87,129,0,20,20,149
02/20/2019,MOB,AL,ASO,CE,Combined TRACON& Tower with Radar,4,31,2,6,43,0,0,0,0,0,4,31,2,6,43,0,0,0,43
02/21/2019,MOB,AL,ASO,CE,Combined TRACON& Tower with Radar,6,34,11,24,75,0,0,0,7,7,6,34,11,31,82,0,72,72,154
02/22/2019,MOB,AL,ASO,CE,Combined TRACON& Tower with Radar,4,27,1,21,53,0,0,0,0,0,4,27,1,21,53,0,0,0,53
02/23/2019,MOB,AL,ASO,CE,Combined TRACON& Tower with Radar,5,18,3,10,36,0,0,0,0,0,5,18,3,10,36,0,0,0,36
02/24/2019,MOB,AL,ASO,CE,Combined TRACON& Tower with Radar,11,25,8,22,66,0,2,8,33,43,11,27,16,55,109,8,12,20,129
02/25/2019,MOB,AL,ASO,CE,Combined TRACON& Tower with Radar,8,35,3,96,142,0,3,18,48,69,8,38,21,144,211,0,40,40,251
02/26/2019,MOB,AL,ASO,CE,Combined TRACON& Tower with Radar,5,27,13,71,116,0,0,1,41,42,5,27,14,112,158,6,6,12,170
02/27/2019,MOB,AL,ASO,CE,Combined TRACON& Tower with Radar,8,34,4,75,121,0,0,6,46,52,8,34,10,121,173,10,44,54,227
02/28/2019,MOB,AL,ASO,CE,Combined TRACON& Tower with Radar,7,41,10,52,110,0,1,0,25,26,7,42,10,77,136,0,52,52,188
03/01/2019,MOB,AL,ASO,CE,Combined TRACON& Tower with Radar,12,39,14,75,140,0,0,5,33,38,12,39,19,108,178,4,22,26,204
03/02/2019,MOB,AL,ASO,CE,Combined TRACON& Tower with Radar,6,19,6,28,59,0,0,1,2,3,6,19,7,30,62,12,0,12,74
03/03/2019,MOB,AL,ASO,CE,Combined TRACON& Tower with Radar,10,28,3,2,43,0,0,0,0,0,10,28,3,2,43,0,0,0,43
03/04/2019,MOB,AL,ASO,CE,Combined TRACON& Tower with Radar,8,32,2,88,130,0,0,6,35,41,8,32,8,123,171,6,74,80,251
03/05/2019,MOB,AL,ASO,CE,Combined TRACON& Tower with Radar,5,35,9,58,107,0,0,12,32,44,5,35,21,90,151,8,24,32,183
03/06/2019,MOB,AL,ASO,CE,Combined TRACON& Tower with Radar,8,32,9,73,122,0,1,11,60,72,8,33,20,133,194,20,60,80,274
03/07/2019,MOB,AL,ASO,CE,Combined TRACON& Tower with Radar,6,35,8,61,110,0,0,12,59,71,6,35,20,120,181,0,50,50,231
03/08/2019,MOB,AL,ASO,CE,Combined TRACON& Tower with Radar,16,32,15,52,115,0,1,13,23,37,16,33,28,75,152,12,52,64,216
03/09/2019,MOB,AL,ASO,CE,Combined TRACON& Tower with Radar,9,18,6,11,44,0,0,1,1,2,9,18,7,12,46,0,0,0,46
03/10/2019,MOB,AL,ASO,CE,Combined TRACON& Tower with Radar,11,26,7,14,58,0,0,3,8,11,11,26,10,22,69,0,0,0,69
03/11/2019,MOB,AL,ASO,CE,Combined TRACON& Tower with Radar,15,27,5,72,119,0,0,1,9,10,15,27,6,81,129,0,0,0,129
03/12/2019,MOB,AL,ASO,CE,Combined TRACON& Tower with Radar,11,26,13,85,135,0,0,25,33,58,11,26,38,118,193,0,76,76,269
03/13/2019,MOB,AL,ASO,CE,Combined TRACON& Tower with Radar,11,27,16,43,97,0,0,1,21,22,11,27,17,64,119,0,102,102,221
03/14/2019,MOB,AL,ASO,CE,Combined TRACON& Tower with Radar,12,36,6,52,106,0,0,0,6,6,12,36,6,58,112,0,0,0,112
03/15/2019,MOB,AL,ASO,CE,Combined TRACON& Tower with Radar,12,29,9,71,121,0,0,16,51,67,12,29,25,122,188,16,90,106,294
03/16/2019,MOB,AL,ASO,CE,Combined TRACON& Tower with Radar,10,20,9,19,58,0,0,17,4,21,10,20,26,23,79,20,10,30,109
03/17/2019,MOB,AL,ASO,CE,Combined TRACON& Tower with Radar,12,27,8,7,54,0,0,14,13,27,12,27,22,20,81,0,28,28,109
03/18/2019,MOB,AL,ASO,CE,Combined TRACON& Tower with Radar,12,27,9,91,139,0,0,10,29,39,12,27,19,120,178,28,80,108,286
03/19/2019,MOB,AL,ASO,CE,Combined TRACON& Tower with Radar,9,27,12,70,118,0,1,16,49,66,9,28,28,119,184,22,56,78,262
03/20/2019,MOB,AL,ASO,CE,Combined TRACON& Tower with Radar,12,27,9,76,124,0,0,15,37,52,12,27,24,113,176,0,78,78,254
03/21/2019,MOB,AL,ASO,CE,Combined TRACON& Tower with Radar,12,33,1,29,75,0,0,17,54,71,12,33,18,83,146,24,110,134,280
03/22/2019,MOB,AL,ASO,CE,Combined TRACON& Tower with Radar,12,29,21,26,88,0,1,25,42,68,12,30,46,68,156,4,24,28,184
03/23/2019,MOB,AL,ASO,CE,Combined TRACON& Tower with Radar,10,19,4,9,42,0,1,20,5,26,10,20,24,14,68,30,0,30,98
03/24/2019,MOB,AL,ASO,CE,Combined TRACON& Tower with Radar,14,26,10,7,57,0,0,18,7,25,14,26,28,14,82,0,0,0,82
03/25/2019,MOB,AL,ASO,CE,Combined TRACON& Tower with Radar,12,28,10,44,94,0,3,1,44,48,12,31,11,88,142,0,12,12,154
03/26/2019,MOB,AL,ASO,CE,Combined TRACON& Tower with Radar,9,26,12,45,92,0,1,16,50,67,9,27,28,95,159,0,40,40,199
03/27/2019,MOB,AL,ASO,CE,Combined TRACON& Tower with Radar,12,29,13,50,104,0,0,12,44,56,12,29,25,94,160,0,20,20,180
03/28/2019,MOB,AL,ASO,CE,Combined TRACON& Tower with Radar,12,35,11,43,101,0,3,13,61,77,12,38,24,104,178,0,76,76,254
03/29/2019,MOB,AL,ASO,CE,Combined TRACON& Tower with Radar,14,26,7,29,76,0,0,12,33,45,14,26,19,62,121,6,60,66,187
03/30/2019,MOB,AL,ASO,CE,Combined TRACON& Tower with Radar,10,17,2,16,45,0,0,11,14,25,10,17,13,30,70,4,40,44,114
03/31/2019,MOB,AL,ASO,CE,Combined TRACON& Tower with Radar,9,27,3,9,48,0,0,1,0,1,9,27,4,9,49,0,0,0,49
04/01/2019,MOB,AL,ASO,CE,Combined TRACON& Tower with Radar,10,27,10,45,92,0,0,9,44,53,10,27,19,89,145,0,0,0,145
04/02/2019,MOB,AL,ASO,CE,Combined TRACON& Tower with Radar,8,30,5,101,144,0,1,15,52,68,8,31,20,153,212,26,44,70,282
04/03/2019,MOB,AL,ASO,CE,Combined TRACON& Tower with Radar,12,34,10,68,124,0,2,7,38,47,12,36,17,106,171,0,20,20,191
04/04/2019,MOB,AL,ASO,CE,Combined TRACON& Tower with Radar,9,29,4,4,46,0,0,2,6,8,9,29,6,10,54,0,16,16,70
04/05/2019,MOB,AL,ASO,CE,Combined TRACON& Tower with Radar,9,32,6,16,63,0,0,0,7,7,9,32,6,23,70,0,0,0,70
04/06/2019,MOB,AL,ASO,CE,Combined TRACON& Tower with Radar,10,17,14,18,59,0,0,3,2,5,10,17,17,20,64,0,0,0,64
04/07/2019,MOB,AL,ASO,CE,Combined TRACON& Tower with Radar,8,26,10,17,61,0,0,2,2,4,8,26,12,19,65,0,28,28,93
04/08/2019,MOB,AL,ASO,CE,Combined TRACON& Tower with Radar,9,30,10,18,67,0,1,4,23,28,9,31,14,41,95,0,14,14,109
04/09/2019,MOB,AL,ASO,CE,Combined TRACON& Tower with Radar,7,25,8,88,128,0,3,5,45,53,7,28,13,133,181,0,38,38,219
04/10/2019,MOB,AL,ASO,CE,Combined TRACON& Tower with Radar,11,32,14,44,101,0,2,15,48,65,11,34,29,92,166,10,18,28,194
04/11/2019,MOB,AL,ASO,CE,Combined TRACON& Tower with Radar,9,30,15,33,87,0,1,8,46,55,9,31,23,79,142,14,24,38,180
04/12/2019,MOB,AL,ASO,CE,Combined TRACON& Tower with Radar,10,30,10,108,158,0,0,8,19,27,10,30,18,127,185,0,40,40,225
04/13/2019,MOB,AL,ASO,CE,Combined TRACON& Tower with Radar,10,14,8,18,50,0,0,0,5,5,10,14,8,23,55,0,2,2,57
04/14/2019,MOB,AL,ASO,CE,Combined TRACON& Tower with Radar,8,27,14,19,68,0,2,2,18,22,8,29,16,37,90,0,12,12,102
04/15/2019,MOB,AL,ASO,CE,Combined TRACON& Tower with Radar,10,24,9,74,117,0,0,6,43,49,10,24,15,117,166,2,8,10,176
04/16/2019,MOB,AL,ASO,CE,Combined TRACON& Tower with Radar,10,25,14,120,169,0,2,15,38,55,10,27,29,158,224,0,20,20,244
04/17/2019,MOB,AL,ASO,CE,Combined TRACON& Tower with Radar,11,26,14,88,139,0,1,12,47,60,11,27,26,135,199,14,42,56,255
04/18/2019,MOB,AL,ASO,CE,Combined TRACON& Tower with Radar,9,25,6,45,85,0,1,0,8,9,9,26,6,53,94,0,66,66,160
04/19/2019,MOB,AL,ASO,CE,Combined TRACON& Tower with Radar,9,24,10,13,56,0,1,1,21,23,9,25,11,34,79,0,6,6,85
04/20/2019,MOB,AL,ASO,CE,Combined TRACON& Tower with Radar,11,15,6,0,32,0,0,14,4,18,11,15,20,4,50,26,14,40,90
04/21/2019,MOB,AL,ASO,CE,Combined TRACON& Tower with Radar,9,24,7,2,42,0,0,14,2,16,9,24,21,4,58,12,0,12,70
04/22/2019,MOB,AL,ASO,CE,Combined TRACON& Tower with Radar,10,28,10,45,93,0,0,15,51,66,10,28,25,96,159,8,18,26,185
04/23/2019,MOB,AL,ASO,CE,Combined TRACON& Tower with Radar,7,27,11,90,135,0,1,12,63,76,7,28,23,153,211,0,26,26,237
04/24/2019,MOB,AL,ASO,CE,Combined TRACON& Tower with Radar,11,34,18,86,149,0,2,8,48,58,11,36,26,134,207,2,76,78,285
04/25/2019,MOB,AL,ASO,CE,Combined TRACON& Tower with Radar,10,24,7,17,58,0,0,1,27,28,10,24,8,44,86,0,58,58,144
04/26/2019,MOB,AL,ASO,CE,Combined TRACON& Tower with Radar,9,28,18,76,131,0,2,28,50,80,9,30,46,126,211,28,38,66,277
04/27/2019,MOB,AL,ASO,CE,Combined TRACON& Tower with Radar,11,13,3,7,34,0,0,20,2,22,11,13,23,9,56,10,0,10,66
04/28/2019,MOB,AL,ASO,CE,Combined TRACON& Tower with Radar,8,24,12,35,79,1,0,13,21,35,9,24,25,56,114,44,0,44,158
04/29/2019,MOB,AL,ASO,CE,Combined TRACON& Tower with Radar,10,26,10,88,134,0,0,12,70,82,10,26,22,158,216,0,70,70,286
04/30/2019,MOB,AL,ASO,CE,Combined TRACON& Tower with Radar,9,25,9,111,154,0,0,4,64,68,9,25,13,175,222,24,34,58,280
05/01/2019,MOB,AL,ASO,CE,Combined TRACON& Tower with Radar,10,28,10,129,177,0,0,8,58,66,10,28,18,187,243,8,78,86,329
05/02/2019,MOB,AL,ASO,CE,Combined TRACON& Tower with Radar,11,30,17,89,147,0,5,12,48,65,11,35,29,137,212,24,42,66,278
05/03/2019,MOB,AL,ASO,CE,Combined TRACON& Tower with Radar,13,33,16,106,168,0,1,13,40,54,13,34,29,146,222,18,62,80,302
05/04/2019,MOB,AL,ASO,CE,Combined TRACON& Tower with Radar,9,14,6,14,43,0,0,2,6,8,9,14,8,20,51,0,0,0,51
05/05/2019,MOB,AL,ASO,CE,Combined TRACON& Tower with Radar,13,23,13,30,79,0,0,7,7,14,13,23,20,37,93,48,26,74,167
05/06/2019,MOB,AL,ASO,CE,Combined TRACON& Tower with Radar,13,32,9,108,162,0,1,16,33,50,13,33,25,141,212,0,68,68,280
05/07/2019,MOB,AL,ASO,CE,Combined TRACON& Tower with Radar,12,34,5,150,201,0,0,16,58,74,12,34,21,208,275,27,26,53,328
05/08/2019,MOB,AL,ASO,CE,Combined TRACON& Tower with Radar,14,30,9,187,240,0,0,7,51,58,14,30,16,238,298,14,78,92,390
05/09/2019,MOB,AL,ASO,CE,Combined TRACON& Tower with Radar,11,25,8,55,99,0,1,0,17,18,11,26,8,72,117,0,30,30,147
05/10/2019,MOB,AL,ASO,CE,Combined TRACON& Tower with Radar,13,27,1,129,170,0,0,2,44,46,13,27,3,173,216,16,82,98,314
05/11/2019,MOB,AL,ASO,CE,Combined TRACON& Tower with Radar,10,15,4,5,34,0,2,0,2,4,10,17,4,7,38,0,0,0,38
05/12/2019,MOB,AL,ASO,CE,Combined TRACON& Tower with Radar,13,25,9,1,48,0,0,2,2,4,13,25,11,3,52,0,0,0,52
05/13/2019,MOB,AL,ASO,CE,Combined TRACON& Tower with Radar,13,34,10,120,177,0,1,12,36,49,13,35,22,156,226,10,70,80,306
05/14/2019,MOB,AL,ASO,CE,Combined TRACON& Tower with Radar,12,31,16,150,209,0,0,12,56,68,12,31,28,206,277,0,84,84,361
05/15/2019,MOB,AL,ASO,CE,Combined TRACON& Tower with Radar,13,33,18,73,137,0,0,19,66,85,13,33,37,139,222,4,72,76,298
05/16/2019,MOB,AL,ASO,CE,Combined TRACON& Tower with Radar,13,30,9,72,124,0,0,21,71,92,13,30,30,143,216,38,109,147,363
05/17/2019,MOB,AL,ASO,CE,Combined TRACON& Tower with Radar,13,29,9,20,71,0,0,15,37,52,13,29,24,57,123,18,60,78,201
05/18/2019,MOB,AL,ASO,CE,Combined TRACON& Tower with Radar,8,16,3,18,45,0,0,8,15,23,8,16,11,33,68,16,4,20,88
05/19/2019,MOB,AL,ASO,CE,Combined TRACON& Tower with Radar,13,28,9,3,53,0,0,3,3,6,13,28,12,6,59,0,0,0,59
05/20/2019,MOB,AL,ASO,CE,Combined TRACON& Tower with Radar,14,28,9,86,137,0,0,7,34,41,14,28,16,120,178,0,28,28,206
05/21/2019,MOB,AL,ASO,CE,Combined TRACON& Tower with Radar,13,31,9,79,132,0,0,10,46,56,13,31,19,125,188,0,66,66,254
05/22/2019,MOB,AL,ASO,CE,Combined TRACON& Tower with Radar,13,27,12,65,117,0,2,19,57,78,13,29,31,122,195,0,22,22,217
05/23/2019,MOB,AL,ASO,CE,Combined TRACON& Tower with Radar,14,29,6,66,115,0,0,23,39,62,14,29,29,105,177,26,22,48,225
05/24/2019,MOB,AL,ASO,CE,Combined TRACON& Tower with Radar,12,28,8,6,54,0,0,11,4,15,12,28,19,10,69,8,28,36,105
05/25/2019,MOB,AL,ASO,CE,Combined TRACON& Tower with Radar,14,12,5,0,31,0,0,14,0,14,14,12,19,0,45,42,0,42,87
05/26/2019,MOB,AL,ASO,CE,Combined TRACON& Tower with Radar,12,19,2,0,33,0,0,7,1,8,12,19,9,1,41,0,0,0,41
05/27/2019,MOB,AL,ASO,CE,Combined TRACON& Tower with Radar,13,27,5,1,46,0,0,3,0,3,13,27,8,1,49,0,0,0,49
05/28/2019,MOB,AL,ASO,CE,Combined TRACON& Tower with Radar,15,27,3,97,142,0,1,15,51,67,15,28,18,148,209,0,0,0,209
05/29/2019,MOB,AL,ASO,CE,Combined TRACON& Tower with Radar,15,33,9,139,196,0,2,8,50,60,15,35,17,189,256,2,16,18,274
05/30/2019,MOB,AL,ASO,CE,Combined TRACON& Tower with Radar,12,31,13,95,151,0,0,10,43,53,12,31,23,138,204,14,28,42,246
05/31/2019,MOB,AL,ASO,CE,Combined TRACON& Tower with Radar,13,25,11,98,147,0,0,21,28,49,13,25,32,126,196,16,80,96,292
06/01/2019,MOB,AL,ASO,CE,Combined TRACON& Tower with Radar,11,16,0,12,39,0,1,10,7,18,11,17,10,19,57,14,0,14,71
06/02/2019,MOB,AL,ASO,CE,Combined TRACON& Tower with Radar,13,23,6,42,84,0,1,13,8,22,13,24,19,50,106,8,6,14,120
06/03/2019,MOB,AL,ASO,CE,Combined TRACON& Tower with Radar,11,30,7,116,164,0,1,6,55,62,11,31,13,171,226,0,4,4,230
06/04/2019,MOB,AL,ASO,CE,Combined TRACON& Tower with Radar,13,35,13,104,165,0,3,14,36,53,13,38,27,140,218,14,32,46,264
06/05/2019,MOB,AL,ASO,CE,Combined TRACON& Tower with Radar,14,34,7,21,76,0,2,6,22,30,14,36,13,43,106,0,22,22,128
06/06/2019,MOB,AL,ASO,CE,Combined TRACON& Tower with Radar,17,25,6,55,103,0,0,0,11,11,17,25,6,66,114,0,20,20,134
06/07/2019,MOB,AL,ASO,CE,Combined TRACON& Tower with Radar,10,30,5,32,77,0,0,1,27,28,10,30,6,59,105,0,6,6,111
06/08/2019,MOB,AL,ASO,CE,Combined TRACON& Tower with Radar,5,22,5,12,44,0,0,7,8,15,5,22,12,20,59,0,0,0,59
06/09/2019,MOB,AL,ASO,CE,Combined TRACON& Tower with Radar,3,22,8,70,103,0,0,4,31,35,3,22,12,101,138,0,10,10,148
06/10/2019,MOB,AL,ASO,CE,Combined TRACON& Tower with Radar,10,30,11,136,187,0,0,6,49,55,10,30,17,185,242,0,66,66,308
06/11/2019,MOB,AL,ASO,CE,Combined TRACON& Tower with Radar,21,26,15,118,180,0,0,17,58,75,21,26,32,176,255,0,0,0,255
06/12/2019,MOB,AL,ASO,CE,Combined TRACON& Tower with Radar,12,26,17,111,166,0,0,14,60,74,12,26,31,171,240,18,142,160,400
06/13/2019,MOB,AL,ASO,CE,Combined TRACON& Tower with Radar,14,25,11,157,207,0,1,15,78,94,14,26,26,235,301,0,166,166,467
06/14/2019,MOB,AL,ASO,CE,Combined TRACON& Tower with Radar,12,26,11,124,173,0,0,19,41,60,12,26,30,165,233,0,58,58,291
06/15/2019,MOB,AL,ASO,CE,Combined TRACON& Tower with Radar,16,20,3,40,79,0,0,14,8,22,16,20,17,48,101,34,4,38,139
06/16/2019,MOB,AL,ASO,CE,Combined TRACON& Tower with Radar,8,20,10,5,43,0,0,9,3,12,8,20,19,8,55,14,0,14,69
06/17/2019,MOB,AL,ASO,CE,Combined TRACON& Tower with Radar,14,23,5,188,230,0,0,8,62,70,14,23,13,250,300,0,88,88,388
06/18/2019,MOB,AL,ASO,CE,Combined TRACON& Tower with Radar,16,26,4,24,70,0,0,0,23,23,16,26,4,47,93,14,4,18,111
06/19/2019,MOB,AL,ASO,CE,Combined TRACON& Tower with Radar,12,28,13,166,219,0,0,14,51,65,12,28,27,217,284,24,78,102,386
06/20/2019,MOB,AL,ASO,CE,Combined TRACON& Tower with Radar,12,25,5,59,101,0,0,5,29,34,12,25,10,88,135,26,24,50,185
06/21/2019,MOB,AL,ASO,CE,Combined TRACON& Tower with Radar,8,38,22,92,160,1,0,14,23,38,9,38,36,115,198,10,46,56,254
06/22/2019,MOB,AL,ASO,CE,Combined TRACON& Tower with Radar,8,22,13,8,51,0,0,20,6,26,8,22,33,14,77,22,12,34,111
06/23/2019,MOB,AL,ASO,CE,Combined TRACON& Tower with Radar,7,28,6,47,88,0,0,7,24,31,7,28,13,71,119,0,8,8,127
06/24/2019,MOB,AL,ASO,CE,Combined TRACON& Tower with Radar,11,32,5,116,164,0,2,6,41,49,11,34,11,157,213,0,86,86,299
06/25/2019,MOB,AL,ASO,CE,Combined TRACON& Tower with Radar,10,38,16,139,203,0,4,4,34,42,10,42,20,173,245,36,70,106,351
06/26/2019,MOB,AL,ASO,CE,Combined TRACON& Tower with Radar,10,36,14,173,233,0,0,14,60,74,10,36,28,233,307,56,85,141,448
06/27/2019,MOB,AL,ASO,CE,Combined TRACON& Tower with Radar,10,31,18,65,124,0,0,6,25,31,10,31,24,90,155,16,96,112,267
06/28/2019,MOB,AL,ASO,CE,Combined TRACON& Tower with Radar,10,32,9,55,106,0,0,5,39,44,10,32,14,94,150,0,80,80,230
06/29/2019,MOB,AL,ASO,CE,Combined TRACON& Tower with Radar,16,20,16,15,67,0,0,6,15,21,16,20,22,30,88,4,32,36,124
06/30/2019,MOB,AL,ASO,CE,Combined TRACON& Tower with Radar,8,22,12,25,67,0,0,5,17,22,8,22,17,42,89,14,4,18,107
07/01/2019,MOB,AL,ASO,CE,Combined TRACON& Tower with Radar,8,26,7,108,149,0,0,4,66,70,8,26,11,174,219,4,30,34,253
07/02/2019,MOB,AL,ASO,CE,Combined TRACON& Tower with Radar,9,22,10,87,128,0,5,9,46,60,9,27,19,133,188,26,42,68,256
07/03/2019,MOB,AL,ASO,CE,Combined TRACON& Tower with Radar,7,20,7,124,158,0,1,4,27,32,7,21,11,151,190,20,30,50,240
07/04/2019,MOB,AL,ASO,CE,Combined TRACON& Tower with Radar,8,16,6,0,30,0,0,12,3,15,8,16,18,3,45,6,0,6,51
07/05/2019,MOB,AL,ASO,CE,Combined TRACON& Tower with Radar,8,18,1,1,28,0,2,10,0,12,8,20,11,1,40,18,0,18,58
07/06/2019,MOB,AL,ASO,CE,Combined TRACON& Tower with Radar,7,22,5,0,34,0,3,17,0,20,7,25,22,0,54,4,0,4,58
07/07/2019,MOB,AL,ASO,CE,Combined TRACON& Tower with Radar,10,25,7,2,44,0,0,6,0,6,10,25,13,2,50,26,18,44,94
07/08/2019,MOB,AL,ASO,CE,Combined TRACON& Tower with Radar,9,30,9,141,189,0,0,12,46,58,9,30,21,187,247,14,80,94,341
07/09/2019,MOB,AL,ASO,CE,Combined TRACON& Tower with Radar,8,34,3,34,79,0,0,5,26,31,8,34,8,60,110,30,76,106,216
07/10/2019,MOB,AL,ASO,CE,Combined TRACON& Tower with Radar,5,33,14,97,149,0,0,6,25,31,5,33,20,122,180,42,58,100,280
07/11/2019,MOB,AL,ASO,CE,Combined TRACON& Tower with Radar,10,31,12,126,179,0,3,2,46,51,10,34,14,172,230,0,106,106,336
07/12/2019,MOB,AL,ASO,CE,Combined TRACON& Tower with Radar,9,27,3,91,130,0,0,0,18,18,9,27,3,109,148,0,106,106,254
07/13/2019,MOB,AL,ASO,CE,Combined TRACON& Tower with Radar,2,16,3,1,22,0,0,1,3,4,2,16,4,4,26,0,4,4,30
07/14/2019,MOB,AL,ASO,CE,Combined TRACON& Tower with Radar,9,22,3,10,44,0,0,0,7,7,9,22,3,17,51,0,16,16,67
07/15/2019,MOB,AL,ASO,CE,Combined TRACON& Tower with Radar,12,25,13,168,218,0,1,2,45,48,12,26,15,213,266,8,80,88,354
07/16/2019,MOB,AL,ASO,CE,Combined TRACON& Tower with Radar,12,29,6,162,209,0,3,9,73,85,12,32,15,235,294,50,140,190,484
07/17/2019,MOB,AL,ASO,CE,Combined TRACON& Tower with Radar,9,30,5,122,166,0,4,9,52,65,9,34,14,174,231,70,114,184,415
07/18/2019,MOB,AL,ASO,CE,Combined TRACON& Tower with Radar,10,28,9,135,182,0,0,8,65,73,10,28,17,200,255,22,30,52,307
07/19/2019,MOB,AL,ASO,CE,Combined TRACON& Tower with Radar,12,26,3,44,85,0,0,8,56,64,12,26,11,100,149,56,130,186,335
07/20/2019,MOB,AL,ASO,CE,Combined TRACON& Tower with Radar,8,21,10,33,72,0,0,3,10,13,8,21,13,43,85,5,16,21,106
07/21/2019,MOB,AL,ASO,CE,Combined TRACON& Tower with Radar,9,26,7,24,66,0,0,5,14,19,9,26,12,38,85,56,0,56,141
07/22/2019,MOB,AL,ASO,CE,Combined TRACON& Tower with Radar,9,26,5,60,100,0,1,3,51,55,9,27,8,111,155,4,104,108,263
07/23/2019,MOB,AL,ASO,CE,Combined TRACON& Tower with Radar,10,26,8,47,91,0,0,1,16,17,10,26,9,63,108,26,80,106,214
07/24/2019,MOB,AL,ASO,CE,Combined TRACON& Tower with Radar,10,31,7,81,129,0,0,20,68,88,10,31,27,149,217,10,112,122,339
07/25/2019,MOB,AL,ASO,CE,Combined TRACON& Tower with Radar,10,31,17,150,208,0,0,20,63,83,10,31,37,213,291,16,94,110,401
07/26/2019,MOB,AL,ASO,CE,Combined TRACON& Tower with Radar,9,32,7,118,166,0,0,18,52,70,9,32,25,170,236,4,80,84,320
07/27/2019,MOB,AL,ASO,CE,Combined TRACON& Tower with Radar,8,20,2,37,67,0,0,7,13,20,8,20,9,50,87,8,30,38,125
07/28/2019,MOB,AL,ASO,CE,Combined TRACON& Tower with Radar,11,27,2,39,79,0,0,13,11,24,11,27,15,50,103,34,0,34,137
07/29/2019,MOB,AL,ASO,CE,Combined TRACON& Tower with Radar,13,34,9,209,265,0,0,16,59,75,13,34,25,268,340,2,92,94,434
07/30/2019,MOB,AL,ASO,CE,Combined TRACON& Tower with Radar,12,26,6,150,194,0,4,5,60,69,12,30,11,210,263,0,126,126,389
07/31/2019,MOB,AL,ASO,CE,Combined TRACON& Tower with Radar,13,27,7,197,244,0,0,20,87,107,13,27,27,284,351,8,94,102,453
08/01/2019,MOB,AL,ASO,CE,Combined TRACON& Tower with Radar,10,25,11,65,111,0,0,5,35,40,10,25,16,100,151,27,78,105,256
08/02/2019,MOB,AL,ASO,CE,Combined TRACON& Tower with Radar,9,29,2,77,117,0,0,4,23,27,9,29,6,100,144,26,82,108,252
08/03/2019,MOB,AL,ASO,CE,Combined TRACON& Tower with Radar,10,20,8,34,72,0,0,20,15,35,10,20,28,49,107,40,0,40,147
08/04/2019,MOB,AL,ASO,CE,Combined TRACON& Tower with Radar,14,25,2,35,76,0,0,12,24,36,14,25,14,59,112,22,20,42,154
08/05/2019,MOB,AL,ASO,CE,Combined TRACON& Tower with Radar,19,30,9,126,184,0,1,4,64,69,19,31,13,190,253,16,94,110,363
08/06/2019,MOB,AL,ASO,CE,Combined TRACON& Tower with Radar,12,32,10,140,194,0,0,7,35,42,12,32,17,175,236,26,78,104,340
08/07/2019,MOB,AL,ASO,CE,Combined TRACON& Tower with Radar,13,31,16,110,170,0,0,8,31,39,13,31,24,141,209,32,131,163,372
08/08/2019,MOB,AL,ASO,CE,Combined TRACON& Tower with Radar,15,30,7,103,155,0,0,14,42,56,15,30,21,145,211,4,110,114,325
08/09/2019,MOB,AL,ASO,CE,Combined TRACON& Tower with Radar,16,30,14,46,106,0,1,9,41,51,16,31,23,87,157,40,96,136,293
08/10/2019,MOB,AL,ASO,CE,Combined TRACON& Tower with Radar,14,22,8,26,70,0,0,5,13,18,14,22,13,39,88,44,4,48,136
08/11/2019,MOB,AL,ASO,CE,Combined TRACON& Tower with Radar,16,25,7,16,64,0,0,0,12,12,16,25,7,28,76,0,0,0,76
08/12/2019,MOB,AL,ASO,CE,Combined TRACON& Tower with Radar,14,27,3,114,158,0,2,2,87,91,14,29,5,201,249,7,118,125,374
08/13/2019,MOB,AL,ASO,CE,Combined TRACON& Tower with Radar,10,26,10,125,171,0,0,11,87,98,10,26,21,212,269,18,120,138,407
08/14/2019,MOB,AL,ASO,CE,Combined TRACON& Tower with Radar,13,26,7,41,87,0,0,4,31,35,13,26,11,72,122,14,10,24,146
08/15/2019,MOB,AL,ASO,CE,Combined TRACON& Tower with Radar,12,28,6,103,149,0,0,4,53,57,12,28,10,156,206,44,58,102,308
08/16/2019,MOB,AL,ASO,CE,Combined TRACON& Tower with Radar,14,37,14,113,178,0,3,16,32,51,14,40,30,145,229,50,70,120,349
08/17/2019,MOB,AL,ASO,CE,Combined TRACON& Tower with Radar,13,19,7,12,51,0,0,11,12,23,13,19,18,24,74,32,0,32,106
08/18/2019,MOB,AL,ASO,CE,Combined TRACON& Tower with Radar,10,24,3,26,63,0,0,2,16,18,10,24,5,42,81,0,32,32,113
08/19/2019,MOB,AL,ASO,CE,Combined TRACON& Tower with Radar,12,26,4,105,147,0,1,2,29,32,12,27,6,134,179,0,52,52,231
08/20/2019,MOB,AL,ASO,CE,Combined TRACON& Tower with Radar,14,27,4,77,122,0,0,0,21,21,14,27,4,98,143,12,28,40,183
08/21/2019,MOB,AL,ASO,CE,Combined TRACON& Tower with Radar,16,25,3,119,163,0,1,4,49,54,16,26,7,168,217,46,86,132,349
08/22/2019,MOB,AL,ASO,CE,Combined TRACON& Tower with Radar,18,23,7,156,204,0,1,6,39,46,18,24,13,195,250,0,84,84,334
08/23/2019,MOB,AL,ASO,CE,Combined TRACON& Tower with Radar,20,20,5,67,112,0,0,8,31,39,20,20,13,98,151,20,120,140,291
08/24/2019,MOB,AL,ASO,CE,Combined TRACON& Tower with Radar,7,14,4,102,127,0,0,13,29,42,7,14,17,131,169,6,48,54,223
08/25/2019,MOB,AL,ASO,CE,Combined TRACON& Tower with Radar,13,20,3,17,53,0,0,3,5,8,13,20,6,22,61,8,0,8,69
08/26/2019,MOB,AL,ASO,CE,Combined TRACON& Tower with Radar,16,22,3,108,149,0,0,0,15,15,16,22,3,123,164,0,24,24,188
08/27/2019,MOB,AL,ASO,CE,Combined TRACON& Tower with Radar,16,25,5,118,164,0,0,11,70,81,16,25,16,188,245,18,122,140,385
08/28/2019,MOB,AL,ASO,CE,Combined TRACON& Tower with Radar,16,28,9,129,182,0,0,17,51,68,16,28,26,180,250,40,93,133,383
08/29/2019,MOB,AL,ASO,CE,Combined TRACON& Tower with Radar,16,25,14,81,136,0,0,25,49,74,16,25,39,130,210,20,46,66,276
08/30/2019,MOB,AL,ASO,CE,Combined TRACON& Tower with Radar,12,22,4,12,50,0,0,12,22,34,12,22,16,34,84,40,38,78,162
08/31/2019,MOB,AL,ASO,CE,Combined TRACON& Tower with Radar,10,13,11,0,34,0,0,18,2,20,10,13,29,2,54,32,0,32,86
09/01/2019,MOB,AL,ASO,CE,Combined TRACON& Tower with Radar,12,15,6,12,45,0,0,4,0,4,12,15,10,12,49,0,60,60,109
09/02/2019,MOB,AL,ASO,CE,Combined TRACON& Tower with Radar,12,24,8,2,46,0,0,8,7,15,12,24,16,9,61,44,40,84,145
09/03/2019,MOB,AL,ASO,CE,Combined TRACON& Tower with Radar,15,22,8,104,149,0,2,9,57,68,15,24,17,161,217,12,112,124,341
09/04/2019,MOB,AL,ASO,CE,Combined TRACON& Tower with Radar,11,30,7,119,167,0,0,16,67,83,11,30,23,186,250,12,120,132,382
09/05/2019,MOB,AL,ASO,CE,Combined TRACON& Tower with Radar,11,27,15,127,180,0,1,14,49,64,11,28,29,176,244,4,112,116,360
09/06/2019,MOB,AL,ASO,CE,Combined TRACON& Tower with Radar,10,29,3,124,166,0,3,19,45,67,10,32,22,169,233,0,148,148,381
09/07/2019,MOB,AL,ASO,CE,Combined TRACON& Tower with Radar,9,15,14,53,91,0,1,5,17,23,9,16,19,70,114,24,56,80,194
09/08/2019,MOB,AL,ASO,CE,Combined TRACON& Tower with Radar,11,26,11,45,93,0,0,22,15,37,11,26,33,60,130,0,0,0,130
09/09/2019,MOB,AL,ASO,CE,Combined TRACON& Tower with Radar,15,32,6,141,194,0,0,8,49,57,15,32,14,190,251,6,170,176,427
09/10/2019,MOB,AL,ASO,CE,Combined TRACON& Tower with Radar,14,24,11,146,195,0,1,22,66,89,14,25,33,212,284,12,92,104,388
09/11/2019,MOB,AL,ASO,CE,Combined TRACON& Tower with Radar,11,30,3,188,232,0,0,9,86,95,11,30,12,274,327,78,130,208,535
09/12/2019,MOB,AL,ASO,CE,Combined TRACON& Tower with Radar,11,28,15,171,225,0,2,16,73,91,11,30,31,244,316,58,72,130,446
09/13/2019,MOB,AL,ASO,CE,Combined TRACON& Tower with Radar,11,28,9,114,162,0,1,11,53,65,11,29,20,167,227,102,128,230,457
09/14/2019,MOB,AL,ASO,CE,Combined TRACON& Tower with Radar,10,16,3,28,57,0,0,8,20,28,10,16,11,48,85,36,12,48,133
09/15/2019,MOB,AL,ASO,CE,Combined TRACON& Tower with Radar,11,26,2,17,56,0,2,17,13,32,11,28,19,30,88,0,0,0,88
09/16/2019,MOB,AL,ASO,CE,Combined TRACON& Tower with Radar,15,28,8,152,203,0,0,13,45,58,15,28,21,197,261,44,134,178,439
09/17/2019,MOB,AL,ASO,CE,Combined TRACON& Tower with Radar,13,29,12,171,225,0,5,13,67,85,13,34,25,238,310,10,118,128,438
09/18/2019,MOB,AL,ASO,CE,Combined TRACON& Tower with Radar,11,31,8,155,205,0,1,10,62,73,11,32,18,217,278,16,134,150,428
09/19/2019,MOB,AL,ASO,CE,Combined TRACON& Tower with Radar,7,28,7,70,112,0,1,0,17,18,7,29,7,87,130,0,106,106,236
09/20/2019,MOB,AL,ASO,CE,Combined TRACON& Tower with Radar,10,30,7,93,140,0,0,20,50,70,10,30,27,143,210,18,112,130,340
09/21/2019,MOB,AL,ASO,CE,Combined TRACON& Tower with Radar,10,18,7,18,53,0,0,11,7,18,10,18,18,25,71,28,10,38,109
09/22/2019,MOB,AL,ASO,CE,Combined TRACON& Tower with Radar,10,26,11,18,65,0,2,16,21,39,10,28,27,39,104,4,20,24,128
09/23/2019,MOB,AL,ASO,CE,Combined TRACON& Tower with Radar,15,26,2,131,174,0,0,6,48,54,15,26,8,179,228,16,112,128,356
09/24/2019,MOB,AL,ASO,CE,Combined TRACON& Tower with Radar,11,26,10,157,204,0,0,10,47,57,11,26,20,204,261,24,78,102,363
09/25/2019,MOB,AL,ASO,CE,Combined TRACON& Tower with Radar,11,31,15,188,245,0,0,18,61,79,11,31,33,249,324,0,118,118,442
09/26/2019,MOB,AL,ASO,CE,Combined TRACON& Tower with Radar,11,29,17,88,145,0,0,15,47,62,11,29,32,135,207,54,128,182,389
09/27/2019,MOB,AL,ASO,CE,Combined TRACON& Tower with Radar,11,32,11,103,157,0,2,13,42,57,11,34,24,145,214,30,98,128,342
09/28/2019,MOB,AL,ASO,CE,Combined TRACON& Tower with Radar,12,15,13,16,56,0,1,17,7,25,12,16,30,23,81,14,0,14,95
09/29/2019,MOB,AL,ASO,CE,Combined TRACON& Tower with Radar,11,28,8,44,91,0,0,13,24,37,11,28,21,68,128,24,48,72,200
09/30/2019,MOB,AL,ASO,CE,Combined TRACON& Tower with Radar,11,31,8,103,153,0,1,7,31,39,11,32,15,134,192,18,38,56,248
10/01/2019,MOB,AL,ASO,CE,Combined TRACON& Tower with Radar,11,25,9,130,175,0,2,13,48,63,11,27,22,178,238,6,94,100,338
10/02/2019,MOB,AL,ASO,CE,Combined TRACON& Tower with Radar,11,30,14,118,173,0,0,8,56,64,11,30,22,174,237,10,88,98,335
10/03/2019,MOB,AL,ASO,CE,Combined TRACON& Tower with Radar,16,27,8,118,169,0,0,11,61,72,16,27,19,179,241,24,76,100,341
10/04/2019,MOB,AL,ASO,CE,Combined TRACON& Tower with Radar,13,27,11,79,130,0,0,13,49,62,13,27,24,128,192,28,84,112,304
10/05/2019,MOB,AL,ASO,CE,Combined TRACON& Tower with Radar,10,20,3,11,44,0,2,14,6,22,10,22,17,17,66,16,20,36,102
10/06/2019,MOB,AL,ASO,CE,Combined TRACON& Tower with Radar,16,24,4,9,53,0,0,7,15,22,16,24,11,24,75,0,0,0,75
10/07/2019,MOB,AL,ASO,CE,Combined TRACON& Tower with Radar,10,36,12,159,217,0,0,4,62,66,10,36,16,221,283,0,108,108,391
10/08/2019,MOB,AL,ASO,CE,Combined TRACON& Tower with Radar,15,25,4,127,171,0,1,12,42,55,15,26,16,169,226,40,56,96,322
10/09/2019,MOB,AL,ASO,CE,Combined TRACON& Tower with Radar,10,31,13,106,160,0,0,9,48,57,10,31,22,154,217,10,104,114,331
10/10/2019,MOB,AL,ASO,CE,Combined TRACON& Tower with Radar,14,31,17,99,161,0,1,21,33,55,14,32,38,132,216,54,64,118,334
10/11/2019,MOB,AL,ASO,CE,Combined TRACON& Tower with Radar,12,29,21,28,90,0,0,8,15,23,12,29,29,43,113,18,84,102,215
10/12/2019,MOB,AL,ASO,CE,Combined TRACON& Tower with Radar,12,19,5,0,36,0,0,0,0,0,12,19,5,0,36,20,0,20,56
10/13/2019,MOB,AL,ASO,CE,Combined TRACON& Tower with Radar,16,22,7,28,73,0,0,11,3,14,16,22,18,31,87,52,8,60,147
10/14/2019,MOB,AL,ASO,CE,Combined TRACON& Tower with Radar,12,30,9,1,52,0,0,7,1,8,12,30,16,2,60,6,122,128,188
10/15/2019,MOB,AL,ASO,CE,Combined TRACON& Tower with Radar,15,25,8,140,188,0,0,0,9,9,15,25,8,149,197,0,104,104,301
10/16/2019,MOB,AL,ASO,CE,Combined TRACON& Tower with Radar,14,24,12,181,231,0,0,4,7,11,14,24,16,188,242,44,32,76,318
10/17/2019,MOB,AL,ASO,CE,Combined TRACON& Tower with Radar,9,36,13,146,204,0,2,12,41,55,9,38,25,187,259,82,30,112,371
10/18/2019,MOB,AL,ASO,CE,Combined TRACON& Tower with Radar,12,28,7,49,96,0,0,4,18,22,12,28,11,67,118,28,76,104,222
10/19/2019,MOB,AL,ASO,CE,Combined TRACON& Tower with Radar,12,18,2,58,90,0,0,2,2,4,12,18,4,60,94,10,4,14,108
10/20/2019,MOB,AL,ASO,CE,Combined TRACON& Tower with Radar,16,24,10,56,106,0,1,12,43,56,16,25,22,99,162,0,0,0,162
10/21/2019,MOB,AL,ASO,CE,Combined TRACON& Tower with Radar,11,28,4,75,118,0,0,3,16,19,11,28,7,91,137,0,12,12,149
10/22/2019,MOB,AL,ASO,CE,Combined TRACON& Tower with Radar,17,23,5,165,210,0,2,12,46,60,17,25,17,211,270,54,110,164,434
10/23/2019,MOB,AL,ASO,CE,Combined TRACON& Tower with Radar,13,31,10,120,174,0,1,17,43,61,13,32,27,163,235,27,77,104,339
10/24/2019,MOB,AL,ASO,CE,Combined TRACON& Tower with Radar,15,24,14,108,161,0,0,5,28,33,15,24,19,136,194,12,68,80,274
10/25/2019,MOB,AL,ASO,CE,Combined TRACON& Tower with Radar,13,27,4,4,48,0,0,0,0,0,13,27,4,4,48,0,0,0,48
10/26/2019,MOB,AL,ASO,CE,Combined TRACON& Tower with Radar,16,16,10,0,42,0,0,2,0,2,16,16,12,0,44,0,0,0,44
10/27/2019,MOB,AL,ASO,CE,Combined TRACON& Tower with Radar,8,30,9,15,62,0,0,7,5,12,8,30,16,20,74,0,0,0,74
10/28/2019,MOB,AL,ASO,CE,Combined TRACON& Tower with Radar,7,34,18,173,232,0,1,13,71,85,7,35,31,244,317,8,64,72,389
10/29/2019,MOB,AL,ASO,CE,Combined TRACON& Tower with Radar,5,33,3,43,84,0,0,0,6,6,5,33,3,49,90,0,94,94,184
10/30/2019,MOB,AL,ASO,CE,Combined TRACON& Tower with Radar,6,30,5,16,57,0,0,1,6,7,6,30,6,22,64,1,95,96,160
10/31/2019,MOB,AL,ASO,CE,Combined TRACON& Tower with Radar,6,25,9,61,101,0,0,0,15,15,6,25,9,76,116,0,0,0,116
11/01/2019,MOB,AL,ASO,CE,Combined TRACON& Tower with Radar,9,40,10,114,173,0,13,13,34,60,9,53,23,148,233,12,8,20,253
11/02/2019,MOB,AL,ASO,CE,Combined TRACON& Tower with Radar,11,17,8,15,51,0,0,11,17,28,11,17,19,32,79,12,24,36,115
11/03/2019,MOB,AL,ASO,CE,Combined TRACON& Tower with Radar,8,37,6,22,73,0,0,17,16,33,8,37,23,38,106,0,0,0,106
11/04/2019,MOB,AL,ASO,CE,Combined TRACON& Tower with Radar,7,42,14,190,253,0,6,7,71,84,7,48,21,261,337,0,170,170,507
11/05/2019,MOB,AL,ASO,CE,Combined TRACON& Tower with Radar,5,41,6,169,221,0,0,3,65,68,5,41,9,234,289,34,162,196,485
11/06/2019,MOB,AL,ASO,CE,Combined TRACON& Tower with Radar,7,33,16,171,227,0,2,11,53,66,7,35,27,224,293,2,86,88,381
11/07/2019,MOB,AL,ASO,CE,Combined TRACON& Tower with Radar,9,39,8,66,122,0,1,2,20,23,9,40,10,86,145,0,54,54,199
11/08/2019,MOB,AL,ASO,CE,Combined TRACON& Tower with Radar,7,36,11,86,140,0,0,4,28,32,7,36,15,114,172,0,68,68,240
11/09/2019,MOB,AL,ASO,CE,Combined TRACON& Tower with Radar,10,23,11,33,77,0,0,14,15,29,10,23,25,48,106,50,4,54,160
11/10/2019,MOB,AL,ASO,CE,Combined TRACON& Tower with Radar,11,29,11,12,63,0,0,15,10,25,11,29,26,22,88,14,4,18,106
11/11/2019,MOB,AL,ASO,CE,Combined TRACON& Tower with Radar,7,36,14,1,58,0,0,4,2,6,7,36,18,3,64,0,0,0,64
11/12/2019,MOB,AL,ASO,CE,Combined TRACON& Tower with Radar,5,40,12,143,200,0,0,0,46,46,5,40,12,189,246,12,94,106,352
11/13/2019,MOB,AL,ASO,CE,Combined TRACON& Tower with Radar,6,35,6,142,189,0,0,9,96,105,6,35,15,238,294,0,87,87,381
11/14/2019,MOB,AL,ASO,CE,Combined TRACON& Tower with Radar,9,34,15,78,136,0,1,4,28,33,9,35,19,106,169,0,58,58,227
11/15/2019,MOB,AL,ASO,CE,Combined TRACON& Tower with Radar,7,41,9,155,212,0,5,16,65,86,7,46,25,220,298,2,106,108,406
11/16/2019,MOB,AL,ASO,CE,Combined TRACON& Tower with Radar,11,21,7,6,45,0,0,13,7,20,11,21,20,13,65,0,0,0,65
11/17/2019,MOB,AL,ASO,CE,Combined TRACON& Tower with Radar,8,33,7,46,94,0,1,2,20,23,8,34,9,66,117,0,28,28,145
11/18/2019,MOB,AL,ASO,CE,Combined TRACON& Tower with Radar,7,37,9,189,242,0,3,5,71,79,7,40,14,260,321,0,24,24,345
11/19/2019,MOB,AL,ASO,CE,Combined TRACON& Tower with Radar,5,38,6,185,234,0,0,7,96,103,5,38,13,281,337,32,146,178,515
11/20/2019,MOB,AL,ASO,CE,Combined TRACON& Tower with Radar,7,39,17,177,240,0,3,9,71,83,7,42,26,248,323,0,30,30,353
11/21/2019,MOB,AL,ASO,CE,Combined TRACON& Tower with Radar,11,37,11,120,179,0,0,15,73,88,11,37,26,193,267,0,125,125,392
11/22/2019,MOB,AL,ASO,CE,Combined TRACON& Tower with Radar,9,39,13,165,226,0,0,11,61,72,9,39,24,226,298,0,64,64,362
11/23/2019,MOB,AL,ASO,CE,Combined TRACON& Tower with Radar,9,26,4,41,80,0,0,2,3,5,9,26,6,44,85,0,22,22,107
11/24/2019,MOB,AL,ASO,CE,Combined TRACON& Tower with Radar,7,36,10,33,86,0,0,15,22,37,7,36,25,55,123,8,18,26,149
11/25/2019,MOB,AL,ASO,CE,Combined TRACON& Tower with Radar,9,37,12,103,161,0,0,7,57,64,9,37,19,160,225,8,16,24,249
11/26/2019,MOB,AL,ASO,CE,Combined TRACON& Tower with Radar,9,36,13,188,246,0,0,10,43,53,9,36,23,231,299,22,134,156,455
11/27/2019,MOB,AL,ASO,CE,Combined TRACON& Tower with Radar,8,35,13,16,72,0,1,4,2,7,8,36,17,18,79,18,0,18,97
11/28/2019,MOB,AL,ASO,CE,Combined TRACON& Tower with Radar,5,19,3,0,27,0,1,0,2,3,5,20,3,2,30,0,0,0,30
11/29/2019,MOB,AL,ASO,CE,Combined TRACON& Tower with Radar,9,24,16,0,49,0,2,14,4,20,9,26,30,4,69,14,0,14,83
11/30/2019,MOB,AL,ASO,CE,Combined TRACON& Tower with Radar,9,31,8,1,49,0,0,4,1,5,9,31,12,2,54,41,0,41,95
12/01/2019,MOB,AL,ASO,CE,Combined TRACON& Tower with Radar,7,35,7,2,51,0,0,10,0,10,7,35,17,2,61,0,0,0,61
12/02/2019,MOB,AL,ASO,CE,Combined TRACON& Tower with Radar,7,43,8,124,182,0,1,3,59,63,7,44,11,183,245,0,62,62,307
12/03/2019,MOB,AL,ASO,CE,Combined TRACON& Tower with Radar,11,48,6,130,195,0,2,12,57,71,11,50,18,187,266,48,136,184,450
12/04/2019,MOB,AL,ASO,CE,Combined TRACON& Tower with Radar,12,28,13,139,192,0,0,12,50,62,12,28,25,189,254,0,26,26,280
12/05/2019,MOB,AL,ASO,CE,Combined TRACON& Tower with Radar,12,29,14,126,181,0,1,16,81,98,12,30,30,207,279,42,30,72,351
12/06/2019,MOB,AL,ASO,CE,Combined TRACON& Tower with Radar,17,28,12,89,146,0,4,9,32,45,17,32,21,121,191,34,62,96,287
12/07/2019,MOB,AL,ASO,CE,Combined TRACON& Tower with Radar,12,13,5,47,77,0,0,2,3,5,12,13,7,50,82,14,6,20,102
12/08/2019,MOB,AL,ASO,CE,Combined TRACON& Tower with Radar,15,23,11,52,101,0,0,2,3,5,15,23,13,55,106,16,0,16,122
12/09/2019,MOB,AL,ASO,CE,Combined TRACON& Tower with Radar,12,34,9,183,238,0,0,5,17,22,12,34,14,200,260,10,82,92,352
12/10/2019,MOB,AL,ASO,CE,Combined TRACON& Tower with Radar,16,21,14,72,123,0,0,1,12,13,16,21,15,84,136,0,4,4,140
12/11/2019,MOB,AL,ASO,CE,Combined TRACON& Tower with Radar,11,32,7,90,140,0,0,1,39,40,11,32,8,129,180,22,2,24,204
12/12/2019,MOB,AL,ASO,CE,Combined TRACON& Tower with Radar,13,29,6,113,161,0,0,7,33,40,13,29,13,146,201,62,42,104,305
12/13/2019,MOB,AL,ASO,CE,Combined TRACON& Tower with Radar,14,29,11,3,57,0,0,0,2,2,14,29,11,5,59,0,16,16,75
12/14/2019,MOB,AL,ASO,CE,Combined TRACON& Tower with Radar,13,18,4,35,70,0,0,18,14,32,13,18,22,49,102,12,14,26,128
12/15/2019,MOB,AL,ASO,CE,Combined TRACON& Tower with Radar,13,26,12,39,90,0,0,15,11,26,13,26,27,50,116,44,0,44,160
12/16/2019,MOB,AL,ASO,CE,Combined TRACON& Tower with Radar,18,25,1,138,182,0,0,2,18,20,18,25,3,156,202,0,124,124,326
12/17/2019,MOB,AL,ASO,CE,Combined TRACON& Tower with Radar,12,25,5,186,228,0,0,0,34,34,12,25,5,220,262,0,44,44,306
12/18/2019,MOB,AL,ASO,CE,Combined TRACON& Tower with Radar,17,23,7,84,131,0,0,12,65,77,17,23,19,149,208,0,66,66,274
12/19/2019,MOB,AL,ASO,CE,Combined TRACON& Tower with Radar,10,29,7,84,130,0,3,22,49,74,10,32,29,133,204,24,34,58,262
12/20/2019,MOB,AL,ASO,CE,Combined TRACON& Tower with Radar,9,26,4,27,66,0,1,21,23,45,9,27,25,50,111,0,0,0,111
12/21/2019,MOB,AL,ASO,CE,Combined TRACON& Tower with Radar,11,19,3,7,40,0,0,0,1,1,11,19,3,8,41,0,0,0,41
12/22/2019,MOB,AL,ASO,CE,Combined TRACON& Tower with Radar,9,24,6,30,69,0,0,0,0,0,9,24,6,30,69,0,0,0,69
12/23/2019,MOB,AL,ASO,CE,Combined TRACON& Tower with Radar,7,33,13,58,111,0,0,2,3,5,7,33,15,61,116,0,0,0,116
12/24/2019,MOB,AL,ASO,CE,Combined TRACON& Tower with Radar,10,16,3,6,35,0,0,13,1,14,10,16,16,7,49,98,0,98,147
12/25/2019,MOB,AL,ASO,CE,Combined TRACON& Tower with Radar,7,16,2,0,25,0,0,0,0,0,7,16,2,0,25,0,0,0,25
12/26/2019,MOB,AL,ASO,CE,Combined TRACON& Tower with Radar,7,30,8,4,49,0,1,9,10,20,7,31,17,14,69,22,0,22,91
12/27/2019,MOB,AL,ASO,CE,Combined TRACON& Tower with Radar,7,28,11,43,89,0,0,0,3,3,7,28,11,46,92,0,0,0,92
12/28/2019,MOB,AL,ASO,CE,Combined TRACON& Tower with Radar,8,23,3,2,36,0,0,0,0,0,8,23,3,2,36,0,0,0,36
12/29/2019,MOB,AL,ASO,CE,Combined TRACON& Tower with Radar,11,23,3,0,37,0,0,0,0,0,11,23,3,0,37,0,0,0,37
12/30/2019,MOB,AL,ASO,CE,Combined TRACON& Tower with Radar,8,27,10,84,129,0,0,12,36,48,8,27,22,120,177,12,10,22,199
12/31/2019,MOB,AL,ASO,CE,Combined TRACON& Tower with Radar,12,17,4,4,37,0,0,13,1,14,12,17,17,5,51,0,0,0,51
01/01/2020,MOB,AL,ASO,CE,Combined TRACON& Tower with Radar,10,17,4,5,36,0,0,13,1,14,10,17,17,6,50,0,0,0,50
01/02/2020,MOB,AL,ASO,CE,Combined TRACON& Tower with Radar,7,30,16,16,69,0,0,0,0,0,7,30,16,16,69,0,20,20,89
01/03/2020,MOB,AL,ASO,CE,Combined TRACON& Tower with Radar,7,26,4,41,78,0,0,0,6,6,7,26,4,47,84,0,102,102,186
01/04/2020,MOB,AL,ASO,CE,Combined TRACON& Tower with Radar,7,31,5,22,65,0,0,6,26,32,7,31,11,48,97,6,50,56,153
01/05/2020,MOB,AL,ASO,CE,Combined TRACON& Tower with Radar,7,30,6,44,87,0,0,16,27,43,7,30,22,71,130,0,0,0,130
01/06/2020,MOB,AL,ASO,CE,Combined TRACON& Tower with Radar,11,29,7,120,167,0,0,22,19,41,11,29,29,139,208,8,114,122,330
01/07/2020,MOB,AL,ASO,CE,Combined TRACON& Tower with Radar,11,26,2,110,149,0,1,15,39,55,11,27,17,149,204,10,90,100,304
01/08/2020,MOB,AL,ASO,CE,Combined TRACON& Tower with Radar,11,33,6,63,113,0,2,19,64,85,11,35,25,127,198,38,76,114,312
01/09/2020,MOB,AL,ASO,CE,Combined TRACON& Tower with Radar,15,27,11,105,158,0,0,11,72,83,15,27,22,177,241,12,114,126,367
01/10/2020,MOB,AL,ASO,CE,Combined TRACON& Tower with Radar,15,26,8,35,84,0,1,0,12,13,15,27,8,47,97,24,84,108,205
01/11/2020,MOB,AL,ASO,CE,Combined TRACON& Tower with Radar,9,12,2,2,25,0,1,0,0,1,9,13,2,2,26,0,0,0,26
01/12/2020,MOB,AL,ASO,CE,Combined TRACON& Tower with Radar,14,24,7,22,67,0,0,6,3,9,14,24,13,25,76,32,18,50,126
01/13/2020,MOB,AL,ASO,CE,Combined TRACON& Tower with Radar,12,22,7,12,53,0,0,0,0,0,12,22,7,12,53,6,2,8,61
01/14/2020,MOB,AL,ASO,CE,Combined TRACON& Tower with Radar,11,26,15,104,156,0,0,1,12,13,11,26,16,116,169,14,114,128,297
01/15/2020,MOB,AL,ASO,CE,Combined TRACON& Tower with Radar,13,29,14,106,162,0,0,5,19,24,13,29,19,125,186,38,46,84,270
01/16/2020,MOB,AL,ASO,CE,Combined TRACON& Tower with Radar,13,25,5,181,224,0,0,0,14,14,13,25,5,195,238,8,94,102,340
01/17/2020,MOB,AL,ASO,CE,Combined TRACON& Tower with Radar,14,25,7,88,134,0,0,4,34,38,14,25,11,122,172,32,76,108,280
01/18/2020,MOB,AL,ASO,CE,Combined TRACON& Tower with Radar,12,12,3,4,31,0,0,0,0,0,12,12,3,4,31,0,0,0,31
01/19/2020,MOB,AL,ASO,CE,Combined TRACON& Tower with Radar,9,22,5,39,75,0,0,14,25,39,9,22,19,64,114,0,56,56,170
01/20/2020,MOB,AL,ASO,CE,Combined TRACON& Tower with Radar,18,26,2,2,48,0,0,11,2,13,18,26,13,4,61,0,0,0,61
01/21/2020,MOB,AL,ASO,CE,Combined TRACON& Tower with Radar,11,23,18,109,161,0,0,18,54,72,11,23,36,163,233,18,76,94,327
01/22/2020,MOB,AL,ASO,CE,Combined TRACON& Tower with Radar,10,29,12,159,210,0,0,13,62,75,10,29,25,221,285,52,128,180,465
01/23/2020,MOB,AL,ASO,CE,Combined TRACON& Tower with Radar,20,25,7,159,211,0,0,0,19,19,20,25,7,178,230,0,120,120,350
01/24/2020,MOB,AL,ASO,CE,Combined TRACON& Tower with Radar,15,27,4,98,144,0,1,3,36,40,15,28,7,134,184,0,96,96,280
01/25/2020,MOB,AL,ASO,CE,Combined TRACON& Tower with Radar,12,19,9,11,51,0,1,13,18,32,12,20,22,29,83,76,30,106,189
01/26/2020,MOB,AL,ASO,CE,Combined TRACON& Tower with Radar,12,22,7,17,58,0,0,2,5,7,12,22,9,22,65,28,22,50,115
01/27/2020,MOB,AL,ASO,CE,Combined TRACON& Tower with Radar,14,29,9,82,134,0,0,0,18,18,14,29,9,100,152,12,76,88,240
01/28/2020,MOB,AL,ASO,CE,Combined TRACON& Tower with Radar,11,24,6,129,170,0,0,14,64,78,11,24,20,193,248,10,68,78,326
01/29/2020,MOB,AL,ASO,CE,Combined TRACON& Tower with Radar,11,26,4,202,243,0,0,0,11,11,11,26,4,213,254,28,78,106,360
01/30/2020,MOB,AL,ASO,CE,Combined TRACON& Tower with Radar,14,26,7,87,134,0,0,12,52,64,14,26,19,139,198,14,96,110,308
01/31/2020,MOB,AL,ASO,CE,Combined TRACON& Tower with Radar,12,25,10,55,102,0,0,0,1,1,12,25,10,56,103,0,22,22,125
02/01/2020,MOB,AL,ASO,CE,Combined TRACON& Tower with Radar,12,13,5,40,70,0,0,7,5,12,12,13,12,45,82,8,0,8,90
02/02/2020,MOB,AL,ASO,CE,Combined TRACON& Tower with Radar,11,22,6,44,83,1,0,15,22,38,12,22,21,66,121,46,26,72,193
02/03/2020,MOB,AL,ASO,CE,Combined TRACON& Tower with Radar,14,31,9,179,233,0,0,20,80,100,14,31,29,259,333,20,72,92,425
02/04/2020,MOB,AL,ASO,CE,Combined TRACON& Tower with Radar,11,26,9,159,205,0,1,5,38,44,11,27,14,197,249,14,146,160,409
02/05/2020,MOB,AL,ASO,CE,Combined TRACON& Tower with Radar,11,30,1,17,59,0,0,0,5,5,11,30,1,22,64,8,100,108,172
02/06/2020,MOB,AL,ASO,CE,Combined TRACON& Tower with Radar,14,19,1,16,50,0,0,0,10,10,14,19,1,26,60,10,122,132,192
02/07/2020,MOB,AL,ASO,CE,Combined TRACON& Tower with Radar,14,29,7,114,164,0,3,17,63,83,14,32,24,177,247,0,116,116,363
02/08/2020,MOB,AL,ASO,CE,Combined TRACON& Tower with Radar,12,14,4,8,38,0,0,12,12,24,12,14,16,20,62,28,0,28,90
02/09/2020,MOB,AL,ASO,CE,Combined TRACON& Tower with Radar,13,24,4,92,133,0,0,13,29,42,13,24,17,121,175,10,0,10,185
02/10/2020,MOB,AL,ASO,CE,Combined TRACON& Tower with Radar,14,25,3,101,143,0,0,2,20,22,14,25,5,121,165,0,128,128,293
02/11/2020,MOB,AL,ASO,CE,Combined TRACON& Tower with Radar,14,28,2,90,134,0,0,2,6,8,14,28,4,96,142,54,130,184,326
02/12/2020,MOB,AL,ASO,CE,Combined TRACON& Tower with Radar,11,25,10,90,136,0,0,0,3,3,11,25,10,93,139,0,114,114,253
02/13/2020,MOB,AL,ASO,CE,Combined TRACON& Tower with Radar,9,32,14,156,211,0,0,6,53,59,9,32,20,209,270,40,82,122,392
02/14/2020,MOB,AL,ASO,CE,Combined TRACON& Tower with Radar,7,31,7,88,133,0,0,26,43,69,7,31,33,131,202,14,80,94,296
02/15/2020,MOB,AL,ASO,CE,Combined TRACON& Tower with Radar,8,19,9,9,45,0,0,19,9,28,8,19,28,18,73,22,4,26,99
02/16/2020,MOB,AL,ASO,CE,Combined TRACON& Tower with Radar,7,25,1,4,37,0,0,0,0,0,7,25,1,4,37,0,0,0,37
02/17/2020,MOB,AL,ASO,CE,Combined TRACON& Tower with Radar,8,38,19,3,68,0,0,6,0,6,8,38,25,3,74,26,0,26,100
02/18/2020,MOB,AL,ASO,CE,Combined TRACON& Tower with Radar,10,31,11,68,120,0,0,0,3,3,10,31,11,71,123,0,77,77,200
02/19/2020,MOB,AL,ASO,CE,Combined TRACON& Tower with Radar,8,33,18,93,152,0,0,4,19,23,8,33,22,112,175,18,74,92,267
02/20/2020,MOB,AL,ASO,CE,Combined TRACON& Tower with Radar,10,33,9,33,85,0,0,0,2,2,10,33,9,35,87,0,0,0,87
02/21/2020,MOB,AL,ASO,CE,Combined TRACON& Tower with Radar,8,34,7,141,190,0,0,12,61,73,8,34,19,202,263,2,109,111,374
02/22/2020,MOB,AL,ASO,CE,Combined TRACON& Tower with Radar,8,24,8,22,62,0,3,21,12,36,8,27,29,34,98,14,38,52,150
02/23/2020,MOB,AL,ASO,CE,Combined TRACON& Tower with Radar,8,35,6,47,96,0,1,16,44,61,8,36,22,91,157,10,14,24,181
02/24/2020,MOB,AL,ASO,CE,Combined TRACON& Tower with Radar,7,32,3,129,171,0,1,0,29,30,7,33,3,158,201,0,50,50,251
02/25/2020,MOB,AL,ASO,CE,Combined TRACON& Tower with Radar,8,33,9,87,137,0,1,4,18,23,8,34,13,105,160,12,52,64,224
02/26/2020,MOB,AL,ASO,CE,Combined TRACON& Tower with Radar,8,33,10,92,143,0,0,5,39,44,8,33,15,131,187,40,80,120,307
02/27/2020,MOB,AL,ASO,CE,Combined TRACON& Tower with Radar,7,41,22,81,151,0,0,9,60,69,7,41,31,141,220,48,70,118,338
02/28/2020,MOB,AL,ASO,CE,Combined TRACON& Tower with Radar,8,35,4,93,140,0,0,14,52,66,8,35,18,145,206,16,16,32,238
02/29/2020,MOB,AL,ASO,CE,Combined TRACON& Tower with Radar,8,19,2,17,46,0,0,22,11,33,8,19,24,28,79,16,0,16,95
03/01/2020,MOB,AL,ASO,CE,Combined TRACON& Tower with Radar,8,28,6,31,73,0,0,11,17,28,8,28,17,48,101,0,0,0,101
03/02/2020,MOB,AL,ASO,CE,Combined TRACON& Tower with Radar,8,31,3,91,133,0,1,1,42,44,8,32,4,133,177,20,84,104,281
03/03/2020,MOB,AL,ASO,CE,Combined TRACON& Tower with Radar,8,30,10,102,150,0,0,3,30,33,8,30,13,132,183,0,152,152,335
03/04/2020,MOB,AL,ASO,CE,Combined TRACON& Tower with Radar,8,29,2,0,39,0,0,0,0,0,8,29,2,0,39,0,0,0,39
03/05/2020,MOB,AL,ASO,CE,Combined TRACON& Tower with Radar,8,34,4,87,133,0,0,0,22,22,8,34,4,109,155,46,74,120,275
03/06/2020,MOB,AL,ASO,CE,Combined TRACON& Tower with Radar,7,29,10,126,172,0,0,20,88,108,7,29,30,214,280,26,124,150,430
03/07/2020,MOB,AL,ASO,CE,Combined TRACON& Tower with Radar,8,21,8,16,53,0,1,21,14,36,8,22,29,30,89,70,40,110,199
03/08/2020,MOB,AL,ASO,CE,Combined TRACON& Tower with Radar,8,29,13,25,75,0,1,14,16,31,8,30,27,41,106,0,0,0,106
03/09/2020,MOB,AL,ASO,CE,Combined TRACON& Tower with Radar,10,34,14,148,206,0,0,7,38,45,10,34,21,186,251,26,88,114,365
03/10/2020,MOB,AL,ASO,CE,Combined TRACON& Tower with Radar,8,33,10,188,239,0,1,2,43,46,8,34,12,231,285,4,132,136,421
03/11/2020,MOB,AL,ASO,CE,Combined TRACON& Tower with Radar,5,33,15,219,272,0,0,6,27,33,5,33,21,246,305,56,112,168,473
03/12/2020,MOB,AL,ASO,CE,Combined TRACON& Tower with Radar,10,29,12,101,152,0,0,8,58,66,10,29,20,159,218,36,108,144,362
03/13/2020,MOB,AL,ASO,CE,Combined TRACON& Tower with Radar,11,37,15,98,161,0,0,3,32,35,11,37,18,130,196,0,94,94,290
03/14/2020,MOB,AL,ASO,CE,Combined TRACON& Tower with Radar,10,28,6,17,61,0,0,11,14,25,10,28,17,31,86,0,0,0,86
03/15/2020,MOB,AL,ASO,CE,Combined TRACON& Tower with Radar,11,27,8,39,85,0,2,11,35,48,11,29,19,74,133,0,0,0,133
03/16/2020,MOB,AL,ASO,CE,Combined TRACON& Tower with Radar,12,28,15,106,161,0,0,3,31,34,12,28,18,137,195,0,0,0,195
03/17/2020,MOB,AL,ASO,CE,Combined TRACON& Tower with Radar,10,30,9,99,148,0,0,4,30,34,10,30,13,129,182,4,93,97,279
03/18/2020,MOB,AL,ASO,CE,Combined TRACON& Tower with Radar,8,31,2,158,199,0,0,7,28,35,8,31,9,186,234,34,58,92,326
03/19/2020,MOB,AL,ASO,CE,Combined TRACON& Tower with Radar,8,28,4,120,160,0,0,10,20,30,8,28,14,140,190,40,30,70,260
03/20/2020,MOB,AL,ASO,CE,Combined TRACON& Tower with Radar,8,25,6,152,191,0,0,9,27,36,8,25,15,179,227,0,20,20,247
03/21/2020,MOB,AL,ASO,CE,Combined TRACON& Tower with Radar,16,14,2,41,73,0,0,2,11,13,16,14,4,52,86,0,38,38,124
03/22/2020,MOB,AL,ASO,CE,Combined TRACON& Tower with Radar,12,19,4,60,95,0,0,3,26,29,12,19,7,86,124,0,20,20,144
03/23/2020,MOB,AL,ASO,CE,Combined TRACON& Tower with Radar,8,22,0,73,103,0,0,1,29,30,8,22,1,102,133,0,0,0,133
03/24/2020,MOB,AL,ASO,CE,Combined TRACON& Tower with Radar,7,17,5,77,106,0,0,3,25,28,7,17,8,102,134,20,66,86,220
03/25/2020,MOB,AL,ASO,CE,Combined TRACON& Tower with Radar,5,19,4,148,176,0,1,12,38,51,5,20,16,186,227,0,44,44,271
03/26/2020,MOB,AL,ASO,CE,Combined TRACON& Tower with Radar,6,13,6,121,146,0,0,9,33,42,6,13,15,154,188,0,90,90,278
03/27/2020,MOB,AL,ASO,CE,Combined TRACON& Tower with Radar,5,13,8,141,167,0,0,13,41,54,5,13,21,182,221,12,40,52,273
03/28/2020,MOB,AL,ASO,CE,Combined TRACON& Tower with Radar,10,13,6,32,61,0,0,6,26,32,10,13,12,58,93,26,46,72,165
03/29/2020,MOB,AL,ASO,CE,Combined TRACON& Tower with Radar,10,15,5,50,80,0,0,5,20,25,10,15,10,70,105,0,0,0,105
03/30/2020,MOB,AL,ASO,CE,Combined TRACON& Tower with Radar,7,18,4,90,119,0,0,8,47,55,7,18,12,137,174,9,16,25,199
03/31/2020,MOB,AL,ASO,CE,Combined TRACON& Tower with Radar,9,13,0,56,78,0,0,0,26,26,9,13,0,82,104,0,120,120,224
04/01/2020,MOB,AL,ASO,CE,Combined TRACON& Tower with Radar,7,15,3,65,90,0,0,14,34,48,7,15,17,99,138,38,68,106,244
04/02/2020,MOB,AL,ASO,CE,Combined TRACON& Tower with Radar,7,11,9,55,82,0,0,21,31,52,7,11,30,86,134,18,104,122,256
04/03/2020,MOB,AL,ASO,CE,Combined TRACON& Tower with Radar,7,13,6,72,98,0,1,11,30,42,7,14,17,102,140,10,106,116,256
04/04/2020,MOB,AL,ASO,CE,Combined TRACON& Tower with Radar,7,9,5,23,44,0,0,4,20,24,7,9,9,43,68,26,36,62,130
04/05/2020,MOB,AL,ASO,CE,Combined TRACON& Tower with Radar,10,9,4,23,46,0,0,6,35,41,10,9,10,58,87,0,56,56,143
04/06/2020,MOB,AL,ASO,CE,Combined TRACON& Tower with Radar,5,14,5,116,140,0,0,17,30,47,5,14,22,146,187,0,106,106,293
04/07/2020,MOB,AL,ASO,CE,Combined TRACON& Tower with Radar,7,11,5,138,161,0,1,4,15,20,7,12,9,153,181,12,142,154,335
04/08/2020,MOB,AL,ASO,CE,Combined TRACON& Tower with Radar,7,12,4,137,160,0,0,2,19,21,7,12,6,156,181,0,168,168,349
04/09/2020,MOB,AL,ASO,CE,Combined TRACON& Tower with Radar,8,13,10,114,145,0,1,8,35,44,8,14,18,149,189,6,92,98,287
04/10/2020,MOB,AL,ASO,CE,Combined TRACON& Tower with Radar,8,9,3,15,35,0,0,7,2,9,8,9,10,17,44,44,64,108,152
04/11/2020,MOB,AL,ASO,CE,Combined TRACON& Tower with Radar,7,8,1,4,20,0,0,6,1,7,7,8,7,5,27,26,0,26,53
04/12/2020,MOB,AL,ASO,CE,Combined TRACON& Tower with Radar,8,11,0,0,19,0,0,0,0,0,8,11,0,0,19,0,0,0,19
04/13/2020,MOB,AL,ASO,CE,Combined TRACON& Tower with Radar,6,9,6,102,123,0,0,12,39,51,6,9,18,141,174,20,82,102,276
04/14/2020,MOB,AL,ASO,CE,Combined TRACON& Tower with Radar,6,8,6,63,83,0,1,9,38,48,6,9,15,101,131,20,80,100,231
04/15/2020,MOB,AL,ASO,CE,Combined TRACON& Tower with Radar,4,9,5,126,144,0,0,4,53,57,4,9,9,179,201,22,76,98,299
04/16/2020,MOB,AL,ASO,CE,Combined TRACON& Tower with Radar,4,11,8,108,131,0,2,13,64,79,4,13,21,172,210,0,0,0,210
04/17/2020,MOB,AL,ASO,CE,Combined TRACON& Tower with Radar,5,7,6,93,111,0,0,7,33,40,5,7,13,126,151,0,82,82,233
04/18/2020,MOB,AL,ASO,CE,Combined TRACON& Tower with Radar,3,5,0,26,34,0,0,2,16,18,3,5,2,42,52,2,30,32,84
04/19/2020,MOB,AL,ASO,CE,Combined TRACON& Tower with Radar,4,7,0,20,31,0,0,0,12,12,4,7,0,32,43,0,0,0,43
04/20/2020,MOB,AL,ASO,CE,Combined TRACON& Tower with Radar,4,8,2,65,79,0,0,9,38,47,4,8,11,103,126,8,94,102,228
04/21/2020,MOB,AL,ASO,CE,Combined TRACON& Tower with Radar,3,6,2,72,83,0,0,21,45,66,3,6,23,117,149,14,94,108,257
04/22/2020,MOB,AL,ASO,CE,Combined TRACON& Tower with Radar,3,11,3,80,97,0,0,11,53,64,3,11,14,133,161,20,86,106,267
04/23/2020,MOB,AL,ASO,CE,Combined TRACON& Tower with Radar,4,5,2,5,16,0,0,0,6,6,4,5,2,11,22,18,94,112,134
04/24/2020,MOB,AL,ASO,CE,Combined TRACON& Tower with Radar,4,9,3,71,87,0,0,7,43,50,4,9,10,114,137,0,120,120,257
04/25/2020,MOB,AL,ASO,CE,Combined TRACON& Tower with Radar,1,7,0,50,58,0,1,15,48,64,1,8,15,98,122,0,0,0,122
04/26/2020,MOB,AL,ASO,CE,Combined TRACON& Tower with Radar,3,9,4,52,68,0,0,12,32,44,3,9,16,84,112,0,0,0,112
04/27/2020,MOB,AL,ASO,CE,Combined TRACON& Tower with Radar,4,10,6,103,123,0,2,10,36,48,4,12,16,139,171,0,104,104,275
04/28/2020,MOB,AL,ASO,CE,Combined TRACON& Tower with Radar,7,6,5,93,111,0,0,12,48,60,7,6,17,141,171,0,106,106,277
04/29/2020,MOB,AL,ASO,CE,Combined TRACON& Tower with Radar,3,7,0,93,103,0,0,0,17,17,3,7,0,110,120,0,134,134,254
04/30/2020,MOB,AL,ASO,CE,Combined TRACON& Tower with Radar,4,10,11,103,128,0,3,9,28,40,4,13,20,131,168,38,22,60,228
05/01/2020,MOB,AL,ASO,CE,Combined TRACON& Tower with Radar,4,14,3,97,118,0,2,6,48,56,4,16,9,145,174,56,14,70,244
05/02/2020,MOB,AL,ASO,CE,Combined TRACON& Tower with Radar,5,7,3,32,47,0,0,10,23,33,5,7,13,55,80,14,0,14,94
05/03/2020,MOB,AL,ASO,CE,Combined TRACON& Tower with Radar,6,9,10,34,59,0,0,12,28,40,6,9,22,62,99,8,22,30,129
05/04/2020,MOB,AL,ASO,CE,Combined TRACON& Tower with Radar,6,9,4,86,105,0,2,12,42,56,6,11,16,128,161,12,8,20,181
05/05/2020,MOB,AL,ASO,CE,Combined TRACON& Tower with Radar,5,11,9,162,187,0,1,11,54,66,5,12,20,216,253,0,62,62,315
05/06/2020,MOB,AL,ASO,CE,Combined TRACON& Tower with Radar,5,11,2,86,104,0,3,14,39,56,5,14,16,125,160,14,72,86,246
05/07/2020,MOB,AL,ASO,CE,Combined TRACON& Tower with Radar,3,14,11,188,216,0,1,18,62,81,3,15,29,250,297,0,0,0,297
05/08/2020,MOB,AL,ASO,CE,Combined TRACON& Tower with Radar,2,12,5,63,82,0,0,8,16,24,2,12,13,79,106,0,0,0,106
05/09/2020,MOB,AL,ASO,CE,Combined TRACON& Tower with Radar,2,10,2,86,100,0,0,4,33,37,2,10,6,119,137,0,0,0,137
05/10/2020,MOB,AL,ASO,CE,Combined TRACON& Tower with Radar,2,14,0,28,44,0,2,6,16,24,2,16,6,44,68,0,0,0,68
05/11/2020,MOB,AL,ASO,CE,Combined TRACON& Tower with Radar,2,11,8,122,143,0,1,15,36,52,2,12,23,158,195,12,2,14,209
05/12/2020,MOB,AL,ASO,CE,Combined TRACON& Tower with Radar,2,8,4,122,136,0,0,15,46,61,2,8,19,168,197,0,0,0,197
05/13/2020,MOB,AL,ASO,CE,Combined TRACON& Tower with Radar,2,10,11,132,155,0,1,11,41,53,2,11,22,173,208,0,0,0,208
05/14/2020,MOB,AL,ASO,CE,Combined TRACON& Tower with Radar,2,9,8,105,124,0,1,10,42,53,2,10,18,147,177,0,0,0,177
05/15/2020,MOB,AL,ASO,CE,Combined TRACON& Tower with Radar,2,10,6,145,163,0,2,4,35,41,2,12,10,180,204,0,0,0,204
05/16/2020,MOB,AL,ASO,CE,Combined TRACON& Tower with Radar,4,10,5,27,46,0,0,9,21,30,4,10,14,48,76,0,0,0,76
05/17/2020,MOB,AL,ASO,CE,Combined TRACON& Tower with Radar,2,12,6,45,65,0,0,3,9,12,2,12,9,54,77,0,0,0,77
05/18/2020,MOB,AL,ASO,CE,Combined TRACON& Tower with Radar,2,13,6,98,119,0,0,3,41,44,2,13,9,139,163,0,0,0,163
05/19/2020,MOB,AL,ASO,CE,Combined TRACON& Tower with Radar,2,10,12,124,148,0,2,8,34,44,2,12,20,158,192,18,64,82,274
05/20/2020,MOB,AL,ASO,CE,Combined TRACON& Tower with Radar,2,11,6,41,60,0,0,0,20,20,2,11,6,61,80,0,68,68,148
05/21/2020,MOB,AL,ASO,CE,Combined TRACON& Tower with Radar,2,12,7,55,76,0,0,14,26,40,2,12,21,81,116,0,0,0,116
05/22/2020,MOB,AL,ASO,CE,Combined TRACON& Tower with Radar,4,11,4,4,23,0,0,5,14,19,4,11,9,18,42,0,0,0,42
05/23/2020,MOB,AL,ASO,CE,Combined TRACON& Tower with Radar,2,10,4,2,18,0,0,1,4,5,2,10,5,6,23,0,0,0,23
05/24/2020,MOB,AL,ASO,CE,Combined TRACON& Tower with Radar,2,12,3,7,24,0,0,3,2,5,2,12,6,9,29,0,0,0,29
05/25/2020,MOB,AL,ASO,CE,Combined TRACON& Tower with Radar,2,11,5,0,18,0,0,1,6,7,2,11,6,6,25,0,0,0,25
05/26/2020,MOB,AL,ASO,CE,Combined TRACON& Tower with Radar,2,13,3,24,42,0,0,0,9,9,2,13,3,33,51,0,0,0,51
05/27/2020,MOB,AL,ASO,CE,Combined TRACON& Tower with Radar,2,11,11,53,77,0,0,1,24,25,2,11,12,77,102,0,0,0,102
05/28/2020,MOB,AL,ASO,CE,Combined TRACON& Tower with Radar,2,10,14,141,167,0,1,5,62,68,2,11,19,203,235,0,0,0,235
05/29/2020,MOB,AL,ASO,CE,Combined TRACON& Tower with Radar,2,10,16,117,145,0,1,9,26,36,2,11,25,143,181,0,0,0,181
05/30/2020,MOB,AL,ASO,CE,Combined TRACON& Tower with Radar,8,10,5,46,69,0,2,10,14,26,8,12,15,60,95,0,0,0,95
05/31/2020,MOB,AL,ASO,CE,Combined TRACON& Tower with Radar,2,11,6,54,73,0,0,17,29,46,2,11,23,83,119,14,12,26,145
06/01/2020,MOB,AL,ASO,CE,Combined TRACON& Tower with Radar,2,12,14,107,135,0,0,8,56,64,2,12,22,163,199,0,0,0,199
06/02/2020,MOB,AL,ASO,CE,Combined TRACON& Tower with Radar,3,10,2,38,53,0,0,2,20,22,3,10,4,58,75,0,12,12,87
06/03/2020,MOB,AL,ASO,CE,Combined TRACON& Tower with Radar,2,12,0,91,105,0,0,0,37,37,2,12,0,128,142,0,0,0,142
06/04/2020,MOB,AL,ASO,CE,Combined TRACON& Tower with Radar,2,10,2,63,77,0,0,7,42,49,2,10,9,105,126,0,0,0,126
06/05/2020,MOB,AL,ASO,CE,Combined TRACON& Tower with Radar,2,12,4,123,141,0,0,8,38,46,2,12,12,161,187,10,46,56,243
06/06/2020,MOB,AL,ASO,CE,Combined TRACON& Tower with Radar,2,10,5,10,27,0,0,2,3,5,2,10,7,13,32,0,0,0,32
06/07/2020,MOB,AL,ASO,CE,Combined TRACON& Tower with Radar,2,13,0,0,15,0,0,0,0,0,2,13,0,0,15,0,0,0,15
06/08/2020,MOB,AL,ASO,CE,Combined TRACON& Tower with Radar,2,11,1,8,22,0,0,2,5,7,2,11,3,13,29,0,0,0,29
06/09/2020,MOB,AL,ASO,CE,Combined TRACON& Tower with Radar,2,10,4,21,37,0,0,0,12,12,2,10,4,33,49,0,0,0,49
06/10/2020,MOB,AL,ASO,CE,Combined TRACON& Tower with Radar,2,11,9,130,152,0,0,8,29,37,2,11,17,159,189,0,0,0,189
06/11/2020,MOB,AL,ASO,CE,Combined TRACON& Tower with Radar,2,14,5,123,144,0,2,28,57,87,2,16,33,180,231,0,0,0,231
06/12/2020,MOB,AL,ASO,CE,Combined TRACON& Tower with Radar,2,10,4,138,154,0,0,16,51,67,2,10,20,189,221,0,0,0,221
06/13/2020,MOB,AL,ASO,CE,Combined TRACON& Tower with Radar,2,9,9,59,79,0,2,24,27,53,2,11,33,86,132,0,0,0,132
06/14/2020,MOB,AL,ASO,CE,Combined TRACON& Tower with Radar,2,11,7,43,63,0,1,20,33,54,2,12,27,76,117,0,0,0,117
06/15/2020,MOB,AL,ASO,CE,Combined TRACON& Tower with Radar,2,12,7,128,149,0,2,18,37,57,2,14,25,165,206,0,0,0,206
06/16/2020,MOB,AL,ASO,CE,Combined TRACON& Tower with Radar,2,10,8,143,163,0,0,19,51,70,2,10,27,194,233,0,0,0,233
06/17/2020,MOB,AL,ASO,CE,Combined TRACON& Tower with Radar,2,14,12,170,198,0,3,28,37,68,2,17,40,207,266,0,0,0,266
06/18/2020,MOB,AL,ASO,CE,Combined TRACON& Tower with Radar,2,10,13,90,115,0,0,11,34,45,2,10,24,124,160,0,16,16,176
06/19/2020,MOB,AL,ASO,CE,Combined TRACON& Tower with Radar,2,11,4,125,142,0,0,24,27,51,2,11,28,152,193,0,0,0,193
06/20/2020,MOB,AL,ASO,CE,Combined TRACON& Tower with Radar,2,8,7,13,30,0,0,15,12,27,2,8,22,25,57,10,0,10,67
06/21/2020,MOB,AL,ASO,CE,Combined TRACON& Tower with Radar,2,8,3,28,41,0,0,6,15,21,2,8,9,43,62,0,0,0,62
06/22/2020,MOB,AL,ASO,CE,Combined TRACON& Tower with Radar,2,10,8,86,106,0,0,4,26,30,2,10,12,112,136,0,0,0,136
06/23/2020,MOB,AL,ASO,CE,Combined TRACON& Tower with Radar,2,8,2,67,79,0,0,5,39,44,2,8,7,106,123,0,0,0,123
06/24/2020,MOB,AL,ASO,CE,Combined TRACON& Tower with Radar,2,10,5,96,113,0,0,3,29,32,2,10,8,125,145,0,0,0,145
06/25/2020,MOB,AL,ASO,CE,Combined TRACON& Tower with Radar,2,11,6,119,138,0,1,6,39,46,2,12,12,158,184,0,0,0,184
06/26/2020,MOB,AL,ASO,CE,Combined TRACON& Tower with Radar,2,10,7,118,137,0,0,20,36,56,2,10,27,154,193,0,0,0,193
06/27/2020,MOB,AL,ASO,CE,Combined TRACON& Tower with Radar,2,8,7,48,65,0,0,15,18,33,2,8,22,66,98,48,4,52,150
06/28/2020,MOB,AL,ASO,CE,Combined TRACON& Tower with Radar,2,13,3,76,94,0,3,15,17,35,2,16,18,93,129,0,0,0,129
06/29/2020,MOB,AL,ASO,CE,Combined TRACON& Tower with Radar,2,10,2,86,100,0,2,9,40,51,2,12,11,126,151,0,0,0,151
06/30/2020,MOB,AL,ASO,CE,Combined TRACON& Tower with Radar,2,9,6,30,47,0,0,13,24,37,2,9,19,54,84,10,14,24,108
07/01/2020,MOB,AL,ASO,CE,Combined TRACON& Tower with Radar,2,12,8,68,90,0,2,8,20,30,2,14,16,88,120,0,0,0,120
07/02/2020,MOB,AL,ASO,CE,Combined TRACON& Tower with Radar,4,10,9,51,74,0,0,9,25,34,4,10,18,76,108,0,0,0,108
07/03/2020,MOB,AL,ASO,CE,Combined TRACON& Tower with Radar,4,11,4,0,19,0,0,6,0,6,4,11,10,0,25,16,0,16,41
07/04/2020,MOB,AL,ASO,CE,Combined TRACON& Tower with Radar,4,10,1,2,17,0,0,1,2,3,4,10,2,4,20,0,0,0,20
07/05/2020,MOB,AL,ASO,CE,Combined TRACON& Tower with Radar,4,10,8,2,24,0,0,2,3,5,4,10,10,5,29,0,0,0,29
07/06/2020,MOB,AL,ASO,CE,Combined TRACON& Tower with Radar,6,13,4,17,40,0,0,0,21,21,6,13,4,38,61,0,0,0,61
07/07/2020,MOB,AL,ASO,CE,Combined TRACON& Tower with Radar,7,13,7,28,55,0,0,1,19,20,7,13,8,47,75,0,0,0,75
07/08/2020,MOB,AL,ASO,CE,Combined TRACON& Tower with Radar,8,14,6,74,102,0,0,3,23,26,8,14,9,97,128,0,0,0,128
07/09/2020,MOB,AL,ASO,CE,Combined TRACON& Tower with Radar,9,19,8,206,242,0,5,4,36,45,9,24,12,242,287,0,0,0,287
07/10/2020,MOB,AL,ASO,CE,Combined TRACON& Tower with Radar,9,14,6,96,125,0,0,6,54,60,9,14,12,150,185,0,0,0,185
07/11/2020,MOB,AL,ASO,CE,Combined TRACON& Tower with Radar,5,17,15,53,90,0,8,20,42,70,5,25,35,95,160,0,0,0,160
07/12/2020,MOB,AL,ASO,CE,Combined TRACON& Tower with Radar,8,18,7,53,86,0,4,11,26,41,8,22,18,79,127,0,0,0,127
07/13/2020,MOB,AL,ASO,CE,Combined TRACON& Tower with Radar,10,15,8,67,100,0,0,18,48,66,10,15,26,115,166,0,0,0,166
07/14/2020,MOB,AL,ASO,CE,Combined TRACON& Tower with Radar,8,14,10,47,79,0,0,11,21,32,8,14,21,68,111,0,0,0,111
07/15/2020,MOB,AL,ASO,CE,Combined TRACON& Tower with Radar,8,12,9,14,43,0,0,9,11,20,8,12,18,25,63,0,0,0,63
07/16/2020,MOB,AL,ASO,CE,Combined TRACON& Tower with Radar,8,14,9,93,124,0,0,14,33,47,8,14,23,126,171,0,0,0,171
07/17/2020,MOB,AL,ASO,CE,Combined TRACON& Tower with Radar,12,19,7,81,119,0,3,12,31,46,12,22,19,112,165,0,0,0,165
07/18/2020,MOB,AL,ASO,CE,Combined TRACON& Tower with Radar,6,15,4,44,69,0,0,16,31,47,6,15,20,75,116,0,74,74,190
07/19/2020,MOB,AL,ASO,CE,Combined TRACON& Tower with Radar,8,14,7,19,48,0,0,8,18,26,8,14,15,37,74,0,0,0,74
07/20/2020,MOB,AL,ASO,CE,Combined TRACON& Tower with Radar,8,14,18,114,154,0,0,14,50,64,8,14,32,164,218,0,54,54,272
07/21/2020,MOB,AL,ASO,CE,Combined TRACON& Tower with Radar,8,12,9,95,124,0,0,7,65,72,8,12,16,160,196,8,36,44,240
07/22/2020,MOB,AL,ASO,CE,Combined TRACON& Tower with Radar,8,12,11,80,111,0,0,7,35,42,8,12,18,115,153,0,0,0,153
07/23/2020,MOB,AL,ASO,CE,Combined TRACON& Tower with Radar,8,14,13,27,62,0,0,3,32,35,8,14,16,59,97,0,0,0,97
07/24/2020,MOB,AL,ASO,CE,Combined TRACON& Tower with Radar,13,14,4,12,43,0,0,1,10,11,13,14,5,22,54,0,0,0,54
07/25/2020,MOB,AL,ASO,CE,Combined TRACON& Tower with Radar,10,14,3,23,50,0,0,0,14,14,10,14,3,37,64,0,0,0,64
07/26/2020,MOB,AL,ASO,CE,Combined TRACON& Tower with Radar,10,14,5,19,48,0,0,4,10,14,10,14,9,29,62,0,0,0,62
07/27/2020,MOB,AL,ASO,CE,Combined TRACON& Tower with Radar,10,16,9,70,105,0,0,7,9,16,10,16,16,79,121,0,0,0,121
07/28/2020,MOB,AL,ASO,CE,Combined TRACON& Tower with Radar,12,14,6,50,82,0,0,3,15,18,12,14,9,65,100,0,20,20,120
07/29/2020,MOB,AL,ASO,CE,Combined TRACON& Tower with Radar,10,12,11,104,137,0,0,0,18,18,10,12,11,122,155,0,30,30,185
07/30/2020,MOB,AL,ASO,CE,Combined TRACON& Tower with Radar,9,15,4,175,203,0,2,7,37,46,9,17,11,212,249,24,10,34,283
07/31/2020,MOB,AL,ASO,CE,Combined TRACON& Tower with Radar,12,20,10,127,169,0,5,12,50,67,12,25,22,177,236,42,32,74,310
08/01/2020,MOB,AL,ASO,CE,Combined TRACON& Tower with Radar,12,16,8,20,56,0,1,14,23,38,12,17,22,43,94,0,0,0,94
08/02/2020,MOB,AL,ASO,CE,Combined TRACON& Tower with Radar,13,17,6,17,53,0,0,7,14,21,13,17,13,31,74,0,0,0,74
08/03/2020,MOB,AL,ASO,CE,Combined TRACON& Tower with Radar,18,15,8,129,170,0,3,9,35,47,18,18,17,164,217,0,0,0,217
08/04/2020,MOB,AL,ASO,CE,Combined TRACON& Tower with Radar,14,11,11,121,157,0,0,17,40,57,14,11,28,161,214,0,0,0,214
08/05/2020,MOB,AL,ASO,CE,Combined TRACON& Tower with Radar,15,21,7,105,148,0,4,7,42,53,15,25,14,147,201,0,0,0,201
08/06/2020,MOB,AL,ASO,CE,Combined TRACON& Tower with Radar,15,12,10,181,218,0,0,20,56,76,15,12,30,237,294,0,0,0,294
08/07/2020,MOB,AL,ASO,CE,Combined TRACON& Tower with Radar,14,20,8,145,187,0,3,9,60,72,14,23,17,205,259,0,6,6,265
08/08/2020,MOB,AL,ASO,CE,Combined TRACON& Tower with Radar,14,11,4,38,67,0,1,4,32,37,14,12,8,70,104,0,0,0,104
08/09/2020,MOB,AL,ASO,CE,Combined TRACON& Tower with Radar,15,12,2,52,81,0,0,10,37,47,15,12,12,89,128,0,0,0,128
08/10/2020,MOB,AL,ASO,CE,Combined TRACON& Tower with Radar,16,18,5,155,194,0,2,6,52,60,16,20,11,207,254,0,0,0,254
08/11/2020,MOB,AL,ASO,CE,Combined TRACON& Tower with Radar,14,10,11,102,137,0,0,22,34,56,14,10,33,136,193,0,0,0,193
08/12/2020,MOB,AL,ASO,CE,Combined TRACON& Tower with Radar,14,10,10,63,97,0,0,6,23,29,14,10,16,86,126,0,0,0,126
08/13/2020,MOB,AL,ASO,CE,Combined TRACON& Tower with Radar,13,13,5,77,108,0,1,5,46,52,13,14,10,123,160,0,0,0,160
08/14/2020,MOB,AL,ASO,CE,Combined TRACON& Tower with Radar,15,12,10,64,101,0,0,12,23,35,15,12,22,87,136,10,18,28,164
08/15/2020,MOB,AL,ASO,CE,Combined TRACON& Tower with Radar,15,10,3,54,82,0,0,4,31,35,15,10,7,85,117,0,0,0,117
08/16/2020,MOB,AL,ASO,CE,Combined TRACON& Tower with Radar,13,12,11,43,79,0,0,14,29,43,13,12,25,72,122,0,0,0,122
08/17/2020,MOB,AL,ASO,CE,Combined TRACON& Tower with Radar,14,16,5,85,120,0,3,3,47,53,14,19,8,132,173,0,0,0,173
08/18/2020,MOB,AL,ASO,CE,Combined TRACON& Tower with Radar,14,14,8,120,156,0,3,15,49,67,14,17,23,169,223,0,0,0,223
08/19/2020,MOB,AL,ASO,CE,Combined TRACON& Tower with Radar,15,11,6,119,151,0,2,6,28,36,15,13,12,147,187,0,4,4,191
08/20/2020,MOB,AL,ASO,CE,Combined TRACON& Tower with Radar,15,18,7,119,159,0,0,7,55,62,15,18,14,174,221,26,14,40,261
08/21/2020,MOB,AL,ASO,CE,Combined TRACON& Tower with Radar,15,19,3,78,115,0,0,8,35,43,15,19,11,113,158,0,0,0,158
08/22/2020,MOB,AL,ASO,CE,Combined TRACON& Tower with Radar,14,12,4,75,105,0,0,7,34,41,14,12,11,109,146,0,0,0,146
08/23/2020,MOB,AL,ASO,CE,Combined TRACON& Tower with Radar,14,12,9,4,39,0,0,3,6,9,14,12,12,10,48,0,0,0,48
08/24/2020,MOB,AL,ASO,CE,Combined TRACON& Tower with Radar,14,12,2,34,62,0,0,0,7,7,14,12,2,41,69,0,0,0,69
08/25/2020,MOB,AL,ASO,CE,Combined TRACON& Tower with Radar,14,9,3,39,65,0,0,0,20,20,14,9,3,59,85,0,0,0,85
08/26/2020,MOB,AL,ASO,CE,Combined TRACON& Tower with Radar,12,6,8,67,93,0,0,2,16,18,12,6,10,83,111,0,0,0,111
08/27/2020,MOB,AL,ASO,CE,Combined TRACON& Tower with Radar,14,9,10,44,77,0,0,5,21,26,14,9,15,65,103,0,0,0,103
08/28/2020,MOB,AL,ASO,CE,Combined TRACON& Tower with Radar,14,17,15,89,135,0,1,13,26,40,14,18,28,115,175,0,0,0,175
08/29/2020,MOB,AL,ASO,CE,Combined TRACON& Tower with Radar,14,12,15,26,67,0,0,6,29,35,14,12,21,55,102,0,0,0,102
08/30/2020,MOB,AL,ASO,CE,Combined TRACON& Tower with Radar,12,12,11,82,117,0,0,0,44,44,12,12,11,126,161,10,14,24,185
08/31/2020,MOB,AL,ASO,CE,Combined TRACON& Tower with Radar,14,14,10,111,149,0,0,5,39,44,14,14,15,150,193,0,0,0,193
09/01/2020,MOB,AL,ASO,CE,Combined TRACON& Tower with Radar,12,15,4,202,233,0,3,12,53,68,12,18,16,255,301,0,0,0,301
09/02/2020,MOB,AL,ASO,CE,Combined TRACON& Tower with Radar,12,15,7,198,232,0,2,14,59,75,12,17,21,257,307,0,0,0,307
09/03/2020,MOB,AL,ASO,CE,Combined TRACON& Tower with Radar,12,19,18,169,218,0,5,11,62,78,12,24,29,231,296,0,0,0,296
09/04/2020,MOB,AL,ASO,CE,Combined TRACON& Tower with Radar,12,14,9,8,43,0,0,16,20,36,12,14,25,28,79,0,0,0,79
09/05/2020,MOB,AL,ASO,CE,Combined TRACON& Tower with Radar,11,12,4,0,27,0,0,5,4,9,11,12,9,4,36,0,0,0,36
09/06/2020,MOB,AL,ASO,CE,Combined TRACON& Tower with Radar,13,10,3,1,27,0,0,10,1,11,13,10,13,2,38,0,0,0,38
09/07/2020,MOB,AL,ASO,CE,Combined TRACON& Tower with Radar,11,13,3,9,36,0,1,3,5,9,11,14,6,14,45,0,0,0,45
09/08/2020,MOB,AL,ASO,CE,Combined TRACON& Tower with Radar,16,13,9,133,171,0,0,12,55,67,16,13,21,188,238,10,60,70,308
09/09/2020,MOB,AL,ASO,CE,Combined TRACON& Tower with Radar,12,13,5,187,217,0,3,10,79,92,12,16,15,266,309,10,20,30,339
09/10/2020,MOB,AL,ASO,CE,Combined TRACON& Tower with Radar,12,14,4,116,146,0,0,18,50,68,12,14,22,166,214,0,0,0,214
09/11/2020,MOB,AL,ASO,CE,Combined TRACON& Tower with Radar,12,14,21,120,167,0,0,13,53,66,12,14,34,173,233,0,0,0,233
09/12/2020,MOB,AL,ASO,CE,Combined TRACON& Tower with Radar,12,13,5,55,85,0,1,4,16,21,12,14,9,71,106,0,0,0,106
09/13/2020,MOB,AL,ASO,CE,Combined TRACON& Tower with Radar,12,14,12,6,44,0,0,1,10,11,12,14,13,16,55,0,0,0,55
09/14/2020,MOB,AL,ASO,CE,Combined TRACON& Tower with Radar,8,8,3,1,20,0,0,0,3,3,8,8,3,4,23,0,0,0,23
09/16/2020,MOB,AL,ASO,CE,Combined TRACON& Tower with Radar,0,0,1,0,1,0,0,0,0,0,0,0,1,0,1,0,0,0,1
09/17/2020,MOB,AL,ASO,CE,Combined TRACON& Tower with Radar,9,4,8,23,44,0,0,15,13,28,9,4,23,36,72,0,0,0,72
09/18/2020,MOB,AL,ASO,CE,Combined TRACON& Tower with Radar,13,14,6,2,35,0,0,19,32,51,13,14,25,34,86,0,0,0,86
09/19/2020,MOB,AL,ASO,CE,Combined TRACON& Tower with Radar,13,13,1,12,39,0,0,0,0,0,13,13,1,12,39,0,0,0,39
09/20/2020,MOB,AL,ASO,CE,Combined TRACON& Tower with Radar,12,13,12,6,43,0,0,0,0,0,12,13,12,6,43,0,0,0,43
09/21/2020,MOB,AL,ASO,CE,Combined TRACON& Tower with Radar,12,14,4,19,49,0,0,2,21,23,12,14,6,40,72,0,0,0,72
09/22/2020,MOB,AL,ASO,CE,Combined TRACON& Tower with Radar,14,12,14,216,256,0,0,8,40,48,14,12,22,256,304,0,0,0,304
09/23/2020,MOB,AL,ASO,CE,Combined TRACON& Tower with Radar,12,12,17,127,168,0,1,3,26,30,12,13,20,153,198,0,0,0,198
09/24/2020,MOB,AL,ASO,CE,Combined TRACON& Tower with Radar,12,15,5,159,191,0,0,6,27,33,12,15,11,186,224,0,0,0,224
09/25/2020,MOB,AL,ASO,CE,Combined TRACON& Tower with Radar,12,13,11,204,240,0,2,21,47,70,12,15,32,251,310,0,0,0,310
09/26/2020,MOB,AL,ASO,CE,Combined TRACON& Tower with Radar,12,12,7,40,71,0,0,15,24,39,12,12,22,64,110,16,0,16,126
09/27/2020,MOB,AL,ASO,CE,Combined TRACON& Tower with Radar,12,13,7,34,66,0,0,4,18,22,12,13,11,52,88,0,0,0,88
09/28/2020,MOB,AL,ASO,CE,Combined TRACON& Tower with Radar,13,15,3,93,124,0,0,1,20,21,13,15,4,113,145,0,20,20,165
09/29/2020,MOB,AL,ASO,CE,Combined TRACON& Tower with Radar,13,16,7,161,197,0,6,4,68,78,13,22,11,229,275,10,20,30,305
09/30/2020,MOB,AL,ASO,CE,Combined TRACON& Tower with Radar,14,13,19,172,218,0,0,26,44,70,14,13,45,216,288,0,0,0,288
10/01/2020,MOB,AL,ASO,CE,Combined TRACON& Tower with Radar,14,12,7,137,170,0,0,12,34,46,14,12,19,171,216,0,0,0,216
10/02/2020,MOB,AL,ASO,CE,Combined TRACON& Tower with Radar,12,12,11,117,152,0,1,21,52,74,12,13,32,169,226,0,0,0,226
10/03/2020,MOB,AL,ASO,CE,Combined TRACON& Tower with Radar,12,16,3,25,56,0,4,23,8,35,12,20,26,33,91,0,0,0,91
10/04/2020,MOB,AL,ASO,CE,Combined TRACON& Tower with Radar,12,12,7,14,45,0,1,1,15,17,12,13,8,29,62,0,0,0,62
10/05/2020,MOB,AL,ASO,CE,Combined TRACON& Tower with Radar,14,13,9,129,165,0,0,10,56,66,14,13,19,185,231,0,0,0,231
10/06/2020,MOB,AL,ASO,CE,Combined TRACON& Tower with Radar,12,12,4,103,131,0,0,6,41,47,12,12,10,144,178,0,0,0,178
10/07/2020,MOB,AL,ASO,CE,Combined TRACON& Tower with Radar,10,13,5,30,58,0,3,17,32,52,10,16,22,62,110,0,0,0,110
10/08/2020,MOB,AL,ASO,CE,Combined TRACON& Tower with Radar,12,19,8,14,53,0,0,6,5,11,12,19,14,19,64,0,0,0,64
10/09/2020,MOB,AL,ASO,CE,Combined TRACON& Tower with Radar,12,14,3,3,32,0,0,0,4,4,12,14,3,7,36,0,0,0,36
10/10/2020,MOB,AL,ASO,CE,Combined TRACON& Tower with Radar,12,12,2,9,35,0,0,3,9,12,12,12,5,18,47,0,0,0,47
10/11/2020,MOB,AL,ASO,CE,Combined TRACON& Tower with Radar,12,16,12,5,45,0,0,12,5,17,12,16,24,10,62,0,0,0,62
10/12/2020,MOB,AL,ASO,CE,Combined TRACON& Tower with Radar,12,17,9,5,43,0,0,9,3,12,12,17,18,8,55,0,0,0,55
10/13/2020,MOB,AL,ASO,CE,Combined TRACON& Tower with Radar,10,11,19,153,193,0,4,20,66,90,10,15,39,219,283,0,0,0,283
10/14/2020,MOB,AL,ASO,CE,Combined TRACON& Tower with Radar,10,21,12,162,205,0,14,24,48,86,10,35,36,210,291,0,0,0,291
10/15/2020,MOB,AL,ASO,CE,Combined TRACON& Tower with Radar,12,13,7,155,187,0,2,16,46,64,12,15,23,201,251,0,0,0,251
10/16/2020,MOB,AL,ASO,CE,Combined TRACON& Tower with Radar,12,18,8,165,203,0,0,9,63,72,12,18,17,228,275,0,0,0,275
10/17/2020,MOB,AL,ASO,CE,Combined TRACON& Tower with Radar,12,12,13,13,50,0,0,15,23,38,12,12,28,36,88,0,0,0,88
10/18/2020,MOB,AL,ASO,CE,Combined TRACON& Tower with Radar,14,16,9,36,75,0,2,10,23,35,14,18,19,59,110,0,0,0,110
10/19/2020,MOB,AL,ASO,CE,Combined TRACON& Tower with Radar,12,22,6,158,198,0,3,14,40,57,12,25,20,198,255,0,0,0,255
10/20/2020,MOB,AL,ASO,CE,Combined TRACON& Tower with Radar,12,21,9,146,188,0,1,17,55,73,12,22,26,201,261,0,0,0,261
10/21/2020,MOB,AL,ASO,CE,Combined TRACON& Tower with Radar,10,16,11,122,159,0,3,12,40,55,10,19,23,162,214,0,0,0,214
10/22/2020,MOB,AL,ASO,CE,Combined TRACON& Tower with Radar,12,14,10,166,202,0,1,16,39,56,12,15,26,205,258,0,0,0,258
10/23/2020,MOB,AL,ASO,CE,Combined TRACON& Tower with Radar,12,16,11,104,143,0,0,5,30,35,12,16,16,134,178,0,34,34,212
10/24/2020,MOB,AL,ASO,CE,Combined TRACON& Tower with Radar,12,13,6,7,38,0,1,3,12,16,12,14,9,19,54,14,4,18,72
10/25/2020,MOB,AL,ASO,CE,Combined TRACON& Tower with Radar,12,30,3,19,64,0,0,2,1,3,12,30,5,20,67,16,0,16,83
10/26/2020,MOB,AL,ASO,CE,Combined TRACON& Tower with Radar,12,17,11,31,71,0,1,10,22,33,12,18,21,53,104,10,8,18,122
10/27/2020,MOB,AL,ASO,CE,Combined TRACON& Tower with Radar,10,13,5,19,47,0,0,0,7,7,10,13,5,26,54,0,22,22,76
10/28/2020,MOB,AL,ASO,CE,Combined TRACON& Tower with Radar,8,8,5,3,24,0,0,0,0,0,8,8,5,3,24,0,0,0,24
10/29/2020,MOB,AL,ASO,CE,Combined TRACON& Tower with Radar,10,13,7,16,46,0,1,6,12,19,10,14,13,28,65,0,12,12,77
10/30/2020,MOB,AL,ASO,CE,Combined TRACON& Tower with Radar,12,17,11,43,83,0,2,14,29,45,12,19,25,72,128,0,0,0,128
10/31/2020,MOB,AL,ASO,CE,Combined TRACON& Tower with Radar,12,10,4,7,33,0,0,17,13,30,12,10,21,20,63,0,0,0,63
11/01/2020,MOB,AL,ASO,CE,Combined TRACON& Tower with Radar,10,14,15,10,49,0,1,16,8,25,10,15,31,18,74,0,0,0,74
11/02/2020,MOB,AL,ASO,CE,Combined TRACON& Tower with Radar,10,14,9,82,115,0,0,10,19,29,10,14,19,101,144,32,46,78,222
11/03/2020,MOB,AL,ASO,CE,Combined TRACON& Tower with Radar,8,10,10,119,147,0,1,18,28,47,8,11,28,147,194,6,26,32,226
11/04/2020,MOB,AL,ASO,CE,Combined TRACON& Tower with Radar,7,13,12,136,168,0,0,29,32,61,7,13,41,168,229,6,12,18,247
11/05/2020,MOB,AL,ASO,CE,Combined TRACON& Tower with Radar,10,16,8,107,141,0,2,15,26,43,10,18,23,133,184,10,18,28,212
11/06/2020,MOB,AL,ASO,CE,Combined TRACON& Tower with Radar,10,16,7,136,169,0,1,17,45,63,10,17,24,181,232,12,46,58,290
11/07/2020,MOB,AL,ASO,CE,Combined TRACON& Tower with Radar,10,17,4,46,77,0,0,6,44,50,10,17,10,90,127,14,10,24,151
11/08/2020,MOB,AL,ASO,CE,Combined TRACON& Tower with Radar,10,17,7,48,82,0,2,6,27,35,10,19,13,75,117,6,38,44,161
11/09/2020,MOB,AL,ASO,CE,Combined TRACON& Tower with Radar,10,14,7,148,179,0,1,6,27,34,10,15,13,175,213,0,26,26,239
11/10/2020,MOB,AL,ASO,CE,Combined TRACON& Tower with Radar,8,13,14,237,272,0,0,1,18,19,8,13,15,255,291,0,0,0,291
11/11/2020,MOB,AL,ASO,CE,Combined TRACON& Tower with Radar,8,17,6,10,41,0,0,1,0,1,8,17,7,10,42,0,0,0,42
11/12/2020,MOB,AL,ASO,CE,Combined TRACON& Tower with Radar,10,14,11,129,164,0,0,20,37,57,10,14,31,166,221,0,0,0,221
11/13/2020,MOB,AL,ASO,CE,Combined TRACON& Tower with Radar,10,16,18,103,147,0,0,26,70,96,10,16,44,173,243,0,0,0,243
11/14/2020,MOB,AL,ASO,CE,Combined TRACON& Tower with Radar,10,16,8,37,71,0,0,33,32,65,10,16,41,69,136,54,12,66,202
11/15/2020,MOB,AL,ASO,CE,Combined TRACON& Tower with Radar,11,17,4,16,48,0,1,6,5,12,11,18,10,21,60,0,0,0,60
11/16/2020,MOB,AL,ASO,CE,Combined TRACON& Tower with Radar,10,17,8,217,252,0,4,13,66,83,10,21,21,283,335,0,78,78,413
11/17/2020,MOB,AL,ASO,CE,Combined TRACON& Tower with Radar,11,16,5,153,185,0,1,12,61,74,11,17,17,214,259,0,10,10,269
11/18/2020,MOB,AL,ASO,CE,Combined TRACON& Tower with Radar,10,19,17,174,220,0,0,12,61,73,10,19,29,235,293,0,0,0,293
11/19/2020,MOB,AL,ASO,CE,Combined TRACON& Tower with Radar,10,21,9,121,161,0,2,19,50,71,10,23,28,171,232,0,32,32,264
11/20/2020,MOB,AL,ASO,CE,Combined TRACON& Tower with Radar,12,18,12,107,149,0,0,18,54,72,12,18,30,161,221,0,0,0,221
11/21/2020,MOB,AL,ASO,CE,Combined TRACON& Tower with Radar,12,16,3,23,54,0,0,18,11,29,12,16,21,34,83,0,0,0,83
11/22/2020,MOB,AL,ASO,CE,Combined TRACON& Tower with Radar,12,19,6,28,65,0,0,15,16,31,12,19,21,44,96,0,0,0,96
11/23/2020,MOB,AL,ASO,CE,Combined TRACON& Tower with Radar,10,18,2,131,161,0,3,12,46,61,10,21,14,177,222,0,0,0,222
11/24/2020,MOB,AL,ASO,CE,Combined TRACON& Tower with Radar,12,20,19,150,201,0,1,19,59,79,12,21,38,209,280,0,34,34,314
11/25/2020,MOB,AL,ASO,CE,Combined TRACON& Tower with Radar,16,19,10,26,71,0,0,6,15,21,16,19,16,41,92,0,18,18,110
11/26/2020,MOB,AL,ASO,CE,Combined TRACON& Tower with Radar,7,6,0,2,15,0,0,0,0,0,7,6,0,2,15,0,0,0,15
11/27/2020,MOB,AL,ASO,CE,Combined TRACON& Tower with Radar,9,12,9,0,30,0,0,1,0,1,9,12,10,0,31,0,0,0,31
11/28/2020,MOB,AL,ASO,CE,Combined TRACON& Tower with Radar,12,17,9,2,40,0,2,0,0,2,12,19,9,2,42,0,0,0,42
11/29/2020,MOB,AL,ASO,CE,Combined TRACON& Tower with Radar,12,19,5,4,40,0,0,0,0,0,12,19,5,4,40,0,0,0,40
11/30/2020,MOB,AL,ASO,CE,Combined TRACON& Tower with Radar,12,18,3,193,226,0,1,10,54,65,12,19,13,247,291,0,0,0,291
12/01/2020,MOB,AL,ASO,CE,Combined TRACON& Tower with Radar,11,18,11,114,154,0,2,31,39,72,11,20,42,153,226,0,0,0,226
12/02/2020,MOB,AL,ASO,CE,Combined TRACON& Tower with Radar,12,19,9,150,190,0,7,17,53,77,12,26,26,203,267,0,92,92,359
12/03/2020,MOB,AL,ASO,CE,Combined TRACON& Tower with Radar,10,18,9,151,188,0,2,9,40,51,10,20,18,191,239,0,0,0,239
12/04/2020,MOB,AL,ASO,CE,Combined TRACON& Tower with Radar,10,18,11,106,145,0,1,4,43,48,10,19,15,149,193,16,24,40,233
12/05/2020,MOB,AL,ASO,CE,Combined TRACON& Tower with Radar,6,16,10,32,64,0,0,33,21,54,6,16,43,53,118,10,0,10,128
12/06/2020,MOB,AL,ASO,CE,Combined TRACON& Tower with Radar,10,19,6,54,89,0,0,12,27,39,10,19,18,81,128,38,52,90,218
12/07/2020,MOB,AL,ASO,CE,Combined TRACON& Tower with Radar,10,17,7,137,171,0,0,4,57,61,10,17,11,194,232,0,62,62,294
12/08/2020,MOB,AL,ASO,CE,Combined TRACON& Tower with Radar,8,16,15,103,142,0,2,17,54,73,8,18,32,157,215,22,42,64,279
12/09/2020,MOB,AL,ASO,CE,Combined TRACON& Tower with Radar,8,15,10,158,191,0,0,12,72,84,8,15,22,230,275,0,4,4,279
12/10/2020,MOB,AL,ASO,CE,Combined TRACON& Tower with Radar,10,16,10,142,178,0,2,21,67,90,10,18,31,209,268,8,42,50,318
12/11/2020,MOB,AL,ASO,CE,Combined TRACON& Tower with Radar,10,18,17,96,141,0,2,14,41,57,10,20,31,137,198,20,20,40,238
12/12/2020,MOB,AL,ASO,CE,Combined TRACON& Tower with Radar,7,13,9,26,55,0,0,5,12,17,7,13,14,38,72,0,0,0,72
12/13/2020,MOB,AL,ASO,CE,Combined TRACON& Tower with Radar,11,17,11,52,91,0,0,0,2,2,11,17,11,54,93,0,0,0,93
12/14/2020,MOB,AL,ASO,CE,Combined TRACON& Tower with Radar,10,18,18,190,236,0,4,6,34,44,10,22,24,224,280,4,78,82,362
12/15/2020,MOB,AL,ASO,CE,Combined TRACON& Tower with Radar,12,12,13,129,166,0,1,8,44,53,12,13,21,173,219,12,50,62,281
12/16/2020,MOB,AL,ASO,CE,Combined TRACON& Tower with Radar,8,17,10,75,110,0,0,3,14,17,8,17,13,89,127,0,12,12,139
12/17/2020,MOB,AL,ASO,CE,Combined TRACON& Tower with Radar,10,18,14,70,112,0,0,14,23,37,10,18,28,93,149,0,68,68,217
12/18/2020,MOB,AL,ASO,CE,Combined TRACON& Tower with Radar,10,20,8,115,153,0,3,17,39,59,10,23,25,154,212,0,4,4,216
12/19/2020,MOB,AL,ASO,CE,Combined TRACON& Tower with Radar,8,20,3,20,51,0,0,17,4,21,8,20,20,24,72,10,4,14,86
12/20/2020,MOB,AL,ASO,CE,Combined TRACON& Tower with Radar,10,16,10,41,77,0,0,0,3,3,10,16,10,44,80,0,0,0,80
12/21/2020,MOB,AL,ASO,CE,Combined TRACON& Tower with Radar,12,16,13,122,163,0,0,8,27,35,12,16,21,149,198,12,42,54,252
12/22/2020,MOB,AL,ASO,CE,Combined TRACON& Tower with Radar,10,16,11,128,165,0,1,21,49,71,10,17,32,177,236,10,22,32,268
12/23/2020,MOB,AL,ASO,CE,Combined TRACON& Tower with Radar,10,18,5,66,99,0,2,1,42,45,10,20,6,108,144,0,20,20,164
12/24/2020,MOB,AL,ASO,CE,Combined TRACON& Tower with Radar,6,15,2,2,25,0,0,1,0,1,6,15,3,2,26,0,0,0,26
12/25/2020,MOB,AL,ASO,CE,Combined TRACON& Tower with Radar,6,11,1,2,20,0,1,2,1,4,6,12,3,3,24,0,0,0,24
12/26/2020,MOB,AL,ASO,CE,Combined TRACON& Tower with Radar,8,20,7,3,38,0,0,18,2,20,8,20,25,5,58,12,0,12,70
12/27/2020,MOB,AL,ASO,CE,Combined TRACON& Tower with Radar,10,16,12,1,39,0,2,15,6,23,10,18,27,7,62,0,0,0,62
12/28/2020,MOB,AL,ASO,CE,Combined TRACON& Tower with Radar,10,16,9,40,75,0,0,24,13,37,10,16,33,53,112,8,0,8,120
12/29/2020,MOB,AL,ASO,CE,Combined TRACON& Tower with Radar,14,18,10,51,93,0,0,18,36,54,14,18,28,87,147,0,18,18,165
12/30/2020,MOB,AL,ASO,CE,Combined TRACON& Tower with Radar,10,15,5,95,125,0,4,4,19,27,10,19,9,114,152,0,0,0,152
12/31/2020,MOB,AL,ASO,CE,Combined TRACON& Tower with Radar,7,12,1,6,26,0,1,0,0,1,7,13,1,6,27,0,0,0,27
01/01/2021,MOB,AL,ASO,CE,Combined TRACON& Tower with Radar,7,13,9,2,31,0,0,3,0,3,7,13,12,2,34,18,0,18,52
01/02/2021,MOB,AL,ASO,CE,Combined TRACON& Tower with Radar,8,18,6,2,34,0,0,16,0,16,8,18,22,2,50,0,0,0,50
01/03/2021,MOB,AL,ASO,CE,Combined TRACON& Tower with Radar,10,16,16,1,43,0,1,15,1,17,10,17,31,2,60,14,4,18,78
01/04/2021,MOB,AL,ASO,CE,Combined TRACON& Tower with Radar,10,16,3,86,115,0,2,7,43,52,10,18,10,129,167,0,0,0,167
01/05/2021,MOB,AL,ASO,CE,Combined TRACON& Tower with Radar,8,14,13,122,157,0,0,13,69,82,8,14,26,191,239,10,26,36,275
01/06/2021,MOB,AL,ASO,CE,Combined TRACON& Tower with Radar,8,15,2,110,135,0,0,13,55,68,8,15,15,165,203,0,0,0,203
01/07/2021,MOB,AL,ASO,CE,Combined TRACON& Tower with Radar,8,18,3,108,137,0,0,0,27,27,8,18,3,135,164,0,85,85,249
01/08/2021,MOB,AL,ASO,CE,Combined TRACON& Tower with Radar,8,16,6,123,153,0,0,4,27,31,8,16,10,150,184,0,14,14,198
01/09/2021,MOB,AL,ASO,CE,Combined TRACON& Tower with Radar,5,12,4,38,59,0,0,19,24,43,5,12,23,62,102,2,0,2,104
01/10/2021,MOB,AL,ASO,CE,Combined TRACON& Tower with Radar,8,17,5,37,67,0,1,2,18,21,8,18,7,55,88,0,14,14,102
01/11/2021,MOB,AL,ASO,CE,Combined TRACON& Tower with Radar,8,16,1,16,41,0,0,0,0,0,8,16,1,16,41,0,0,0,41
01/12/2021,MOB,AL,ASO,CE,Combined TRACON& Tower with Radar,8,20,7,88,123,0,0,0,3,3,8,20,7,91,126,0,0,0,126
01/13/2021,MOB,AL,ASO,CE,Combined TRACON& Tower with Radar,8,21,11,158,198,0,5,21,56,82,8,26,32,214,280,8,66,74,354
01/14/2021,MOB,AL,ASO,CE,Combined TRACON& Tower with Radar,8,19,13,156,196,0,5,20,60,85,8,24,33,216,281,6,58,64,345
01/15/2021,MOB,AL,ASO,CE,Combined TRACON& Tower with Radar,8,22,15,90,135,0,1,11,41,53,8,23,26,131,188,6,6,12,200
01/16/2021,MOB,AL,ASO,CE,Combined TRACON& Tower with Radar,6,12,6,4,28,0,0,15,3,18,6,12,21,7,46,6,0,6,52
01/17/2021,MOB,AL,ASO,CE,Combined TRACON& Tower with Radar,6,17,7,1,31,0,0,12,2,14,6,17,19,3,45,0,0,0,45
01/18/2021,MOB,AL,ASO,CE,Combined TRACON& Tower with Radar,8,18,7,2,35,0,0,8,4,12,8,18,15,6,47,8,0,8,55
01/19/2021,MOB,AL,ASO,CE,Combined TRACON& Tower with Radar,8,16,4,125,153,0,1,17,55,73,8,17,21,180,226,8,60,68,294
01/20/2021,MOB,AL,ASO,CE,Combined TRACON& Tower with Radar,8,14,6,162,190,0,0,14,51,65,8,14,20,213,255,0,0,0,255
01/21/2021,MOB,AL,ASO,CE,Combined TRACON& Tower with Radar,12,15,11,146,184,0,0,1,18,19,12,15,12,164,203,0,0,0,203
01/22/2021,MOB,AL,ASO,CE,Combined TRACON& Tower with Radar,8,21,6,53,88,0,0,2,6,8,8,21,8,59,96,0,0,0,96
01/23/2021,MOB,AL,ASO,CE,Combined TRACON& Tower with Radar,6,13,9,56,84,0,0,16,16,32,6,13,25,72,116,38,18,56,172
01/24/2021,MOB,AL,ASO,CE,Combined TRACON& Tower with Radar,8,21,7,26,62,0,0,0,0,0,8,21,7,26,62,0,0,0,62
01/25/2021,MOB,AL,ASO,CE,Combined TRACON& Tower with Radar,9,18,10,141,178,0,0,1,16,17,9,18,11,157,195,0,0,0,195
01/26/2021,MOB,AL,ASO,CE,Combined TRACON& Tower with Radar,8,15,3,75,101,0,0,4,19,23,8,15,7,94,124,10,60,70,194
01/27/2021,MOB,AL,ASO,CE,Combined TRACON& Tower with Radar,8,17,13,139,177,0,2,3,33,38,8,19,16,172,215,0,0,0,215
01/28/2021,MOB,AL,ASO,CE,Combined TRACON& Tower with Radar,8,17,8,128,161,0,0,9,92,101,8,17,17,220,262,0,16,16,278
01/29/2021,MOB,AL,ASO,CE,Combined TRACON& Tower with Radar,8,20,9,178,215,0,2,19,56,77,8,22,28,234,292,14,0,14,306
01/30/2021,MOB,AL,ASO,CE,Combined TRACON& Tower with Radar,8,12,12,32,64,0,0,15,19,34,8,12,27,51,98,24,6,30,128
01/31/2021,MOB,AL,ASO,CE,Combined TRACON& Tower with Radar,8,19,6,74,107,0,0,7,12,19,8,19,13,86,126,0,0,0,126
02/01/2021,MOB,AL,ASO,CE,Combined TRACON& Tower with Radar,8,15,8,169,200,0,1,15,35,51,8,16,23,204,251,0,32,32,283
02/02/2021,MOB,AL,ASO,CE,Combined TRACON& Tower with Radar,8,16,8,140,172,0,0,19,58,77,8,16,27,198,249,4,54,58,307
02/03/2021,MOB,AL,ASO,CE,Combined TRACON& Tower with Radar,8,14,7,111,140,0,2,17,48,67,8,16,24,159,207,0,64,64,271
02/04/2021,MOB,AL,ASO,CE,Combined TRACON& Tower with Radar,8,18,6,168,200,0,1,14,65,80,8,19,20,233,280,8,44,52,332
02/05/2021,MOB,AL,ASO,CE,Combined TRACON& Tower with Radar,8,19,13,153,193,0,1,3,32,36,8,20,16,185,229,0,0,0,229
02/06/2021,MOB,AL,ASO,CE,Combined TRACON& Tower with Radar,6,12,4,2,24,0,0,0,0,0,6,12,4,2,24,0,0,0,24
02/07/2021,MOB,AL,ASO,CE,Combined TRACON& Tower with Radar,6,18,15,14,53,0,1,14,7,22,6,19,29,21,75,0,0,0,75
02/08/2021,MOB,AL,ASO,CE,Combined TRACON& Tower with Radar,10,17,8,54,89,0,0,7,27,34,10,17,15,81,123,0,6,6,129
02/09/2021,MOB,AL,ASO,CE,Combined TRACON& Tower with Radar,8,16,8,113,145,0,0,6,21,27,8,16,14,134,172,16,0,16,188
02/10/2021,MOB,AL,ASO,CE,Combined TRACON& Tower with Radar,8,16,4,16,44,0,0,0,0,0,8,16,4,16,44,0,6,6,50
02/11/2021,MOB,AL,ASO,CE,Combined TRACON& Tower with Radar,8,15,5,1,29,0,0,0,4,4,8,15,5,5,33,0,0,0,33
02/12/2021,MOB,AL,ASO,CE,Combined TRACON& Tower with Radar,8,19,6,11,44,0,0,0,1,1,8,19,6,12,45,0,0,0,45
02/13/2021,MOB,AL,ASO,CE,Combined TRACON& Tower with Radar,8,15,9,4,36,0,0,0,0,0,8,15,9,4,36,0,0,0,36
02/14/2021,MOB,AL,ASO,CE,Combined TRACON& Tower with Radar,6,13,10,26,55,0,0,2,0,2,6,13,12,26,57,0,0,0,57
02/15/2021,MOB,AL,ASO,CE,Combined TRACON& Tower with Radar,8,11,3,0,22,0,0,0,0,0,8,11,3,0,22,0,0,0,22
02/16/2021,MOB,AL,ASO,CE,Combined TRACON& Tower with Radar,8,12,6,72,98,0,1,16,41,58,8,13,22,113,156,0,0,0,156
02/17/2021,MOB,AL,ASO,CE,Combined TRACON& Tower with Radar,12,7,3,88,110,0,0,8,23,31,12,7,11,111,141,0,22,22,163
02/18/2021,MOB,AL,ASO,CE,Combined TRACON& Tower with Radar,8,10,5,147,170,0,0,0,8,8,8,10,5,155,178,0,36,36,214
02/19/2021,MOB,AL,ASO,CE,Combined TRACON& Tower with Radar,8,22,7,139,176,0,7,7,33,47,8,29,14,172,223,30,36,66,289
02/20/2021,MOB,AL,ASO,CE,Combined TRACON& Tower with Radar,6,19,9,30,64,0,8,40,16,64,6,27,49,46,128,0,0,0,128
02/21/2021,MOB,AL,ASO,CE,Combined TRACON& Tower with Radar,8,21,11,45,85,0,0,26,21,47,8,21,37,66,132,0,0,0,132
02/22/2021,MOB,AL,ASO,CE,Combined TRACON& Tower with Radar,8,17,6,202,233,0,0,16,40,56,8,17,22,242,289,0,45,45,334
02/23/2021,MOB,AL,ASO,CE,Combined TRACON& Tower with Radar,12,14,7,174,207,0,2,16,75,93,12,16,23,249,300,0,32,32,332
02/24/2021,MOB,AL,ASO,CE,Combined TRACON& Tower with Radar,10,18,16,123,167,0,3,20,43,66,10,21,36,166,233,2,60,62,295
02/25/2021,MOB,AL,ASO,CE,Combined TRACON& Tower with Radar,8,18,8,87,121,0,1,8,46,55,8,19,16,133,176,0,14,14,190
02/26/2021,MOB,AL,ASO,CE,Combined TRACON& Tower with Radar,8,20,19,129,176,0,1,4,35,40,8,21,23,164,216,0,88,88,304
02/27/2021,MOB,AL,ASO,CE,Combined TRACON& Tower with Radar,8,16,8,12,44,0,0,1,0,1,8,16,9,12,45,0,0,0,45
02/28/2021,MOB,AL,ASO,CE,Combined TRACON& Tower with Radar,8,22,4,15,49,0,0,7,8,15,8,22,11,23,64,22,12,34,98
03/01/2021,MOB,AL,ASO,CE,Combined TRACON& Tower with Radar,7,19,10,53,89,0,0,2,14,16,7,19,12,67,105,0,122,122,227
03/02/2021,MOB,AL,ASO,CE,Combined TRACON& Tower with Radar,6,14,5,42,67,0,0,0,2,2,6,14,5,44,69,60,60,120,189
03/03/2021,MOB,AL,ASO,CE,Combined TRACON& Tower with Radar,6,20,19,198,243,0,1,12,66,79,6,21,31,264,322,9,87,96,418
03/04/2021,MOB,AL,ASO,CE,Combined TRACON& Tower with Radar,10,23,12,98,143,0,4,25,55,84,10,27,37,153,227,22,86,108,335
03/05/2021,MOB,AL,ASO,CE,Combined TRACON& Tower with Radar,10,19,15,125,169,0,2,20,30,52,10,21,35,155,221,0,154,154,375
03/06/2021,MOB,AL,ASO,CE,Combined TRACON& Tower with Radar,6,19,10,48,83,0,0,15,18,33,6,19,25,66,116,0,0,0,116
03/07/2021,MOB,AL,ASO,CE,Combined TRACON& Tower with Radar,10,17,10,30,67,0,0,17,23,40,10,17,27,53,107,0,0,0,107
03/08/2021,MOB,AL,ASO,CE,Combined TRACON& Tower with Radar,12,17,8,116,153,0,0,20,42,62,12,17,28,158,215,30,96,126,341
03/09/2021,MOB,AL,ASO,CE,Combined TRACON& Tower with Radar,8,17,17,118,160,0,1,22,53,76,8,18,39,171,236,0,0,0,236
03/10/2021,MOB,AL,ASO,CE,Combined TRACON& Tower with Radar,10,22,29,142,203,0,4,23,46,73,10,26,52,188,276,78,36,114,390
03/11/2021,MOB,AL,ASO,CE,Combined TRACON& Tower with Radar,10,17,21,135,183,0,0,14,43,57,10,17,35,178,240,20,92,112,352
03/12/2021,MOB,AL,ASO,CE,Combined TRACON& Tower with Radar,10,17,25,101,153,0,0,22,32,54,10,17,47,133,207,10,116,126,333
03/13/2021,MOB,AL,ASO,CE,Combined TRACON& Tower with Radar,6,17,12,32,67,0,2,13,9,24,6,19,25,41,91,12,62,74,165
03/14/2021,MOB,AL,ASO,CE,Combined TRACON& Tower with Radar,12,20,9,54,95,0,0,13,7,20,12,20,22,61,115,0,4,4,119
03/15/2021,MOB,AL,ASO,CE,Combined TRACON& Tower with Radar,10,17,11,92,130,0,0,0,14,14,10,17,11,106,144,0,160,160,304
03/16/2021,MOB,AL,ASO,CE,Combined TRACON& Tower with Radar,8,15,13,223,259,0,0,2,34,36,8,15,15,257,295,4,118,122,417
03/17/2021,MOB,AL,ASO,CE,Combined TRACON& Tower with Radar,10,15,3,15,43,0,0,0,5,5,10,15,3,20,48,42,122,164,212
03/18/2021,MOB,AL,ASO,CE,Combined TRACON& Tower with Radar,10,22,17,76,125,0,3,15,54,72,10,25,32,130,197,8,112,120,317
03/19/2021,MOB,AL,ASO,CE,Combined TRACON& Tower with Radar,10,19,14,117,160,0,0,19,51,70,10,19,33,168,230,0,110,110,340
03/20/2021,MOB,AL,ASO,CE,Combined TRACON& Tower with Radar,6,17,6,39,68,0,0,13,10,23,6,17,19,49,91,32,6,38,129
03/21/2021,MOB,AL,ASO,CE,Combined TRACON& Tower with Radar,10,19,16,32,77,0,1,21,22,44,10,20,37,54,121,8,0,8,129
03/22/2021,MOB,AL,ASO,CE,Combined TRACON& Tower with Radar,10,17,12,132,171,0,0,17,36,53,10,17,29,168,224,32,102,134,358
03/23/2021,MOB,AL,ASO,CE,Combined TRACON& Tower with Radar,10,21,3,10,44,0,0,4,16,20,10,21,7,26,64,0,116,116,180
03/24/2021,MOB,AL,ASO,CE,Combined TRACON& Tower with Radar,11,21,3,102,137,0,0,3,30,33,11,21,6,132,170,4,74,78,248
03/25/2021,MOB,AL,ASO,CE,Combined TRACON& Tower with Radar,10,19,8,35,72,0,0,0,20,20,10,19,8,55,92,0,42,42,134
03/26/2021,MOB,AL,ASO,CE,Combined TRACON& Tower with Radar,13,18,12,101,144,0,0,4,4,8,13,18,16,105,152,10,16,26,178
03/27/2021,MOB,AL,ASO,CE,Combined TRACON& Tower with Radar,7,18,6,7,38,0,1,4,2,7,7,19,10,9,45,0,60,60,105
03/28/2021,MOB,AL,ASO,CE,Combined TRACON& Tower with Radar,10,19,3,29,61,0,0,2,13,15,10,19,5,42,76,0,32,32,108
03/29/2021,MOB,AL,ASO,CE,Combined TRACON& Tower with Radar,10,19,7,72,108,0,1,18,36,55,10,20,25,108,163,0,68,68,231
03/30/2021,MOB,AL,ASO,CE,Combined TRACON& Tower with Radar,8,19,13,98,138,0,1,6,13,20,8,20,19,111,158,2,72,74,232
03/31/2021,MOB,AL,ASO,CE,Combined TRACON& Tower with Radar,9,20,10,55,94,0,0,3,14,17,9,20,13,69,111,0,89,89,200
04/01/2021,MOB,AL,ASO,CE,Combined TRACON& Tower with Radar,10,22,7,89,128,0,0,10,53,63,10,22,17,142,191,0,150,150,341
04/02/2021,MOB,AL,ASO,CE,Combined TRACON& Tower with Radar,8,25,4,16,53,0,1,16,27,44,8,26,20,43,97,2,114,116,213
04/03/2021,MOB,AL,ASO,CE,Combined TRACON& Tower with Radar,7,19,8,0,34,0,1,15,4,20,7,20,23,4,54,26,14,40,94
04/04/2021,MOB,AL,ASO,CE,Combined TRACON& Tower with Radar,8,24,4,2,38,0,0,12,2,14,8,24,16,4,52,0,22,22,74
04/05/2021,MOB,AL,ASO,CE,Combined TRACON& Tower with Radar,8,23,11,148,190,0,0,21,60,81,8,23,32,208,271,2,172,174,445
04/06/2021,MOB,AL,ASO,CE,Combined TRACON& Tower with Radar,6,21,11,123,161,0,1,23,53,77,6,22,34,176,238,0,130,130,368
04/07/2021,MOB,AL,ASO,CE,Combined TRACON& Tower with Radar,8,21,22,140,191,0,1,10,48,59,8,22,32,188,250,26,108,134,384
04/08/2021,MOB,AL,ASO,CE,Combined TRACON& Tower with Radar,8,24,9,118,159,0,0,7,40,47,8,24,16,158,206,0,150,150,356
04/09/2021,MOB,AL,ASO,CE,Combined TRACON& Tower with Radar,8,26,11,40,85,0,0,4,14,18,8,26,15,54,103,30,124,154,257
04/10/2021,MOB,AL,ASO,CE,Combined TRACON& Tower with Radar,6,23,5,4,38,0,0,0,8,8,6,23,5,12,46,0,0,0,46
04/11/2021,MOB,AL,ASO,CE,Combined TRACON& Tower with Radar,8,23,3,9,43,0,0,11,19,30,8,23,14,28,73,10,4,14,87
04/12/2021,MOB,AL,ASO,CE,Combined TRACON& Tower with Radar,8,24,16,61,109,0,2,13,61,76,8,26,29,122,185,22,146,168,353
04/13/2021,MOB,AL,ASO,CE,Combined TRACON& Tower with Radar,12,25,14,52,103,0,2,13,28,43,12,27,27,80,146,14,96,110,256
04/14/2021,MOB,AL,ASO,CE,Combined TRACON& Tower with Radar,8,21,9,22,60,0,0,2,24,26,8,21,11,46,86,0,166,166,252
04/15/2021,MOB,AL,ASO,CE,Combined TRACON& Tower with Radar,9,21,9,104,143,0,0,0,17,17,9,21,9,121,160,0,166,166,326
04/16/2021,MOB,AL,ASO,CE,Combined TRACON& Tower with Radar,11,19,9,47,86,0,0,7,34,41,11,19,16,81,127,4,132,136,263
04/17/2021,MOB,AL,ASO,CE,Combined TRACON& Tower with Radar,8,24,3,5,40,0,0,0,0,0,8,24,3,5,40,0,0,0,40
04/18/2021,MOB,AL,ASO,CE,Combined TRACON& Tower with Radar,8,24,17,35,84,0,1,15,20,36,8,25,32,55,120,2,20,22,142
04/19/2021,MOB,AL,ASO,CE,Combined TRACON& Tower with Radar,8,23,14,182,227,0,0,26,50,76,8,23,40,232,303,4,206,210,513
04/20/2021,MOB,AL,ASO,CE,Combined TRACON& Tower with Radar,16,27,22,118,183,0,3,9,54,66,16,30,31,172,249,16,136,152,401
04/21/2021,MOB,AL,ASO,CE,Combined TRACON& Tower with Radar,8,20,10,183,221,0,1,24,59,84,8,21,34,242,305,42,172,214,519
04/22/2021,MOB,AL,ASO,CE,Combined TRACON& Tower with Radar,8,23,15,88,134,0,1,19,47,67,8,24,34,135,201,0,120,120,321
04/23/2021,MOB,AL,ASO,CE,Combined TRACON& Tower with Radar,8,26,8,115,157,0,3,18,45,66,8,29,26,160,223,26,222,248,471
04/24/2021,MOB,AL,ASO,CE,Combined TRACON& Tower with Radar,6,25,2,2,35,0,0,0,2,2,6,25,2,4,37,0,0,0,37
04/25/2021,MOB,AL,ASO,CE,Combined TRACON& Tower with Radar,8,25,23,10,66,0,0,11,10,21,8,25,34,20,87,52,38,90,177
04/26/2021,MOB,AL,ASO,CE,Combined TRACON& Tower with Radar,8,25,13,145,191,0,1,8,42,51,8,26,21,187,242,30,138,168,410
04/27/2021,MOB,AL,ASO,CE,Combined TRACON& Tower with Radar,8,28,13,140,189,0,3,18,43,64,8,31,31,183,253,66,220,286,539
04/28/2021,MOB,AL,ASO,CE,Combined TRACON& Tower with Radar,8,22,13,104,147,0,0,8,50,58,8,22,21,154,205,46,96,142,347
04/29/2021,MOB,AL,ASO,CE,Combined TRACON& Tower with Radar,10,26,22,145,203,0,0,14,51,65,10,26,36,196,268,36,106,142,410
04/30/2021,MOB,AL,ASO,CE,Combined TRACON& Tower with Radar,8,19,13,89,129,0,0,6,11,17,8,19,19,100,146,24,96,120,266
05/01/2021,MOB,AL,ASO,CE,Combined TRACON& Tower with Radar,6,21,9,7,43,0,0,17,9,26,6,21,26,16,69,86,0,86,155
05/02/2021,MOB,AL,ASO,CE,Combined TRACON& Tower with Radar,8,21,14,0,43,0,0,2,3,5,8,21,16,3,48,0,0,0,48
05/03/2021,MOB,AL,ASO,CE,Combined TRACON& Tower with Radar,7,21,14,81,123,0,0,3,9,12,7,21,17,90,135,46,120,166,301
05/04/2021,MOB,AL,ASO,CE,Combined TRACON& Tower with Radar,10,19,5,127,161,0,0,0,23,23,10,19,5,150,184,0,150,150,334
05/05/2021,MOB,AL,ASO,CE,Combined TRACON& Tower with Radar,8,20,14,95,137,0,1,2,4,7,8,21,16,99,144,14,108,122,266
05/06/2021,MOB,AL,ASO,CE,Combined TRACON& Tower with Radar,8,23,16,97,144,0,0,20,40,60,8,23,36,137,204,98,70,168,372
05/07/2021,MOB,AL,ASO,CE,Combined TRACON& Tower with Radar,12,25,6,82,125,0,1,31,45,77,12,26,37,127,202,38,90,128,330
05/08/2021,MOB,AL,ASO,CE,Combined TRACON& Tower with Radar,8,23,6,30,67,0,1,23,23,47,8,24,29,53,114,34,94,128,242
05/09/2021,MOB,AL,ASO,CE,Combined TRACON& Tower with Radar,10,24,18,15,67,0,0,6,5,11,10,24,24,20,78,2,2,4,82
05/10/2021,MOB,AL,ASO,CE,Combined TRACON& Tower with Radar,10,22,12,69,113,0,0,0,14,14,10,22,12,83,127,14,126,140,267
05/11/2021,MOB,AL,ASO,CE,Combined TRACON& Tower with Radar,10,18,8,90,126,0,0,2,28,30,10,18,10,118,156,36,96,132,288
05/12/2021,MOB,AL,ASO,CE,Combined TRACON& Tower with Radar,10,27,13,175,225,0,0,0,32,32,10,27,13,207,257,0,130,130,387
05/13/2021,MOB,AL,ASO,CE,Combined TRACON& Tower with Radar,11,23,16,155,205,0,1,12,49,62,11,24,28,204,267,24,126,150,417
05/14/2021,MOB,AL,ASO,CE,Combined TRACON& Tower with Radar,13,27,20,135,195,0,5,24,40,69,13,32,44,175,264,12,126,138,402
05/15/2021,MOB,AL,ASO,CE,Combined TRACON& Tower with Radar,8,23,8,30,69,0,1,22,39,62,8,24,30,69,131,42,60,102,233
05/16/2021,MOB,AL,ASO,CE,Combined TRACON& Tower with Radar,10,24,18,41,93,0,0,10,28,38,10,24,28,69,131,40,16,56,187
05/17/2021,MOB,AL,ASO,CE,Combined TRACON& Tower with Radar,12,27,5,148,192,0,3,8,44,55,12,30,13,192,247,0,110,110,357
05/18/2021,MOB,AL,ASO,CE,Combined TRACON& Tower with Radar,11,22,5,34,72,0,0,8,24,32,11,22,13,58,104,12,144,156,260
05/19/2021,MOB,AL,ASO,CE,Combined TRACON& Tower with Radar,10,23,12,24,69,0,0,7,19,26,10,23,19,43,95,28,96,124,219
05/20/2021,MOB,AL,ASO,CE,Combined TRACON& Tower with Radar,14,28,3,143,188,0,1,5,56,62,14,29,8,199,250,10,122,132,382
05/21/2021,MOB,AL,ASO,CE,Combined TRACON& Tower with Radar,10,37,9,209,265,0,1,13,59,73,10,38,22,268,338,12,104,116,454
05/22/2021,MOB,AL,ASO,CE,Combined TRACON& Tower with Radar,8,24,3,10,45,0,0,11,16,27,8,24,14,26,72,28,42,70,142
05/23/2021,MOB,AL,ASO,CE,Combined TRACON& Tower with Radar,10,24,10,77,121,0,2,28,29,59,10,26,38,106,180,26,10,36,216
05/24/2021,MOB,AL,ASO,CE,Combined TRACON& Tower with Radar,12,21,21,137,191,0,0,22,41,63,12,21,43,178,254,52,102,154,408
05/25/2021,MOB,AL,ASO,CE,Combined TRACON& Tower with Radar,10,29,9,171,219,0,5,12,40,57,10,34,21,211,276,30,122,152,428
05/26/2021,MOB,AL,ASO,CE,Combined TRACON& Tower with Radar,10,25,7,138,180,0,0,17,31,48,10,25,24,169,228,32,84,116,344
05/27/2021,MOB,AL,ASO,CE,Combined TRACON& Tower with Radar,10,29,11,160,210,0,4,17,67,88,10,33,28,227,298,10,146,156,454
05/28/2021,MOB,AL,ASO,CE,Combined TRACON& Tower with Radar,10,24,9,34,77,0,2,18,15,35,10,26,27,49,112,14,24,38,150
05/29/2021,MOB,AL,ASO,CE,Combined TRACON& Tower with Radar,8,23,12,0,43,0,0,16,4,20,8,23,28,4,63,28,6,34,97
05/30/2021,MOB,AL,ASO,CE,Combined TRACON& Tower with Radar,12,23,7,1,43,0,0,11,4,15,12,23,18,5,58,26,0,26,84
05/31/2021,MOB,AL,ASO,CE,Combined TRACON& Tower with Radar,10,21,20,9,60,0,3,6,2,11,10,24,26,11,71,2,110,112,183
06/01/2021,MOB,AL,ASO,CE,Combined TRACON& Tower with Radar,10,21,13,69,113,0,0,11,34,45,10,21,24,103,158,28,98,126,284
06/02/2021,MOB,AL,ASO,CE,Combined TRACON& Tower with Radar,17,26,10,95,148,0,2,9,55,66,17,28,19,150,214,54,140,194,408
06/03/2021,MOB,AL,ASO,CE,Combined TRACON& Tower with Radar,18,15,15,73,121,0,0,7,42,49,18,15,22,115,170,0,144,144,314
06/04/2021,MOB,AL,ASO,CE,Combined TRACON& Tower with Radar,20,14,8,59,101,0,0,4,26,30,20,14,12,85,131,42,124,166,297
06/05/2021,MOB,AL,ASO,CE,Combined TRACON& Tower with Radar,18,12,13,19,62,0,0,2,6,8,18,12,15,25,70,0,24,24,94
06/06/2021,MOB,AL,ASO,CE,Combined TRACON& Tower with Radar,15,14,6,29,64,0,0,5,2,7,15,14,11,31,71,0,0,0,71
06/07/2021,MOB,AL,ASO,CE,Combined TRACON& Tower with Radar,20,19,16,232,287,0,0,10,43,53,20,19,26,275,340,0,166,166,506
06/08/2021,MOB,AL,ASO,CE,Combined TRACON& Tower with Radar,18,29,12,111,170,0,0,2,21,23,18,29,14,132,193,18,148,166,359
06/09/2021,MOB,AL,ASO,CE,Combined TRACON& Tower with Radar,19,17,18,101,155,0,0,11,22,33,19,17,29,123,188,6,132,138,326
06/10/2021,MOB,AL,ASO,CE,Combined TRACON& Tower with Radar,22,15,19,105,161,0,0,16,59,75,22,15,35,164,236,24,30,54,290
06/11/2021,MOB,AL,ASO,CE,Combined TRACON& Tower with Radar,25,16,17,138,196,0,1,10,48,59,25,17,27,186,255,36,76,112,367
06/12/2021,MOB,AL,ASO,CE,Combined TRACON& Tower with Radar,20,13,9,24,66,0,2,18,14,34,20,15,27,38,100,52,132,184,284
06/13/2021,MOB,AL,ASO,CE,Combined TRACON& Tower with Radar,17,24,6,8,55,0,1,6,5,12,17,25,12,13,67,0,0,0,67
06/14/2021,MOB,AL,ASO,CE,Combined TRACON& Tower with Radar,17,16,15,116,164,0,0,8,65,73,17,16,23,181,237,0,112,112,349
06/15/2021,MOB,AL,ASO,CE,Combined TRACON& Tower with Radar,17,21,10,118,166,0,3,22,43,68,17,24,32,161,234,42,64,106,340
06/16/2021,MOB,AL,ASO,CE,Combined TRACON& Tower with Radar,22,21,19,155,217,0,2,14,39,55,22,23,33,194,272,24,116,140,412
06/17/2021,MOB,AL,ASO,CE,Combined TRACON& Tower with Radar,20,16,8,185,229,0,1,18,74,93,20,17,26,259,322,14,202,216,538
06/18/2021,MOB,AL,ASO,CE,Combined TRACON& Tower with Radar,18,14,6,20,58,0,0,3,5,8,18,14,9,25,66,0,30,30,96
06/19/2021,MOB,AL,ASO,CE,Combined TRACON& Tower with Radar,18,12,0,0,30,0,0,0,0,0,18,12,0,0,30,0,0,0,30
06/20/2021,MOB,AL,ASO,CE,Combined TRACON& Tower with Radar,18,16,2,8,44,0,0,5,2,7,18,16,7,10,51,0,0,0,51
06/21/2021,MOB,AL,ASO,CE,Combined TRACON& Tower with Radar,16,19,8,14,57,0,0,6,2,8,16,19,14,16,65,0,0,0,65
06/22/2021,MOB,AL,ASO,CE,Combined TRACON& Tower with Radar,18,17,4,110,149,0,1,0,20,21,18,18,4,130,170,0,60,60,230
06/23/2021,MOB,AL,ASO,CE,Combined TRACON& Tower with Radar,19,19,10,57,105,0,0,7,41,48,19,19,17,98,153,22,6,28,181
06/24/2021,MOB,AL,ASO,CE,Combined TRACON& Tower with Radar,18,18,17,89,142,0,0,15,46,61,18,18,32,135,203,6,18,24,227
06/25/2021,MOB,AL,ASO,CE,Combined TRACON& Tower with Radar,20,19,8,71,118,0,2,4,29,35,20,21,12,100,153,52,24,76,229
06/26/2021,MOB,AL,ASO,CE,Combined TRACON& Tower with Radar,18,12,0,34,64,0,0,14,21,35,18,12,14,55,99,36,58,94,193
06/27/2021,MOB,AL,ASO,CE,Combined TRACON& Tower with Radar,19,17,6,57,99,0,1,5,0,6,19,18,11,57,105,38,46,84,189
06/28/2021,MOB,AL,ASO,CE,Combined TRACON& Tower with Radar,21,15,6,114,156,0,0,10,51,61,21,15,16,165,217,28,84,112,329
06/29/2021,MOB,AL,ASO,CE,Combined TRACON& Tower with Radar,20,22,6,175,223,0,0,13,49,62,20,22,19,224,285,10,24,34,319
06/30/2021,MOB,AL,ASO,CE,Combined TRACON& Tower with Radar,18,16,12,112,158,0,3,3,40,46,18,19,15,152,204,6,90,96,300
07/01/2021,MOB,AL,ASO,CE,Combined TRACON& Tower with Radar,18,16,12,112,158,0,0,4,47,51,18,16,16,159,209,0,0,0,209
07/02/2021,MOB,AL,ASO,CE,Combined TRACON& Tower with Radar,14,16,6,1,37,0,0,7,3,10,14,16,13,4,47,16,0,16,63
07/03/2021,MOB,AL,ASO,CE,Combined TRACON& Tower with Radar,18,13,5,3,39,0,0,1,1,2,18,13,6,4,41,0,0,0,41
07/04/2021,MOB,AL,ASO,CE,Combined TRACON& Tower with Radar,16,9,2,2,29,0,0,3,0,3,16,9,5,2,32,44,0,44,76
07/05/2021,MOB,AL,ASO,CE,Combined TRACON& Tower with Radar,18,14,3,4,39,0,0,3,0,3,18,14,6,4,42,0,0,0,42
07/06/2021,MOB,AL,ASO,CE,Combined TRACON& Tower with Radar,18,21,5,69,113,0,0,1,14,15,18,21,6,83,128,34,108,142,270
07/07/2021,MOB,AL,ASO,CE,Combined TRACON& Tower with Radar,19,12,7,142,180,0,0,4,26,30,19,12,11,168,210,20,26,46,256
07/08/2021,MOB,AL,ASO,CE,Combined TRACON& Tower with Radar,16,22,12,116,166,0,5,16,59,80,16,27,28,175,246,46,182,228,474
07/09/2021,MOB,AL,ASO,CE,Combined TRACON& Tower with Radar,16,16,10,106,148,0,0,4,37,41,16,16,14,143,189,20,110,130,319
07/10/2021,MOB,AL,ASO,CE,Combined TRACON& Tower with Radar,16,14,5,23,58,0,0,5,21,26,16,14,10,44,84,32,10,42,126
07/11/2021,MOB,AL,ASO,CE,Combined TRACON& Tower with Radar,15,19,3,5,42,0,0,5,4,9,15,19,8,9,51,0,0,0,51
07/12/2021,MOB,AL,ASO,CE,Combined TRACON& Tower with Radar,16,19,8,46,89,0,0,9,20,29,16,19,17,66,118,0,164,164,282
07/13/2021,MOB,AL,ASO,CE,Combined TRACON& Tower with Radar,19,28,21,133,201,0,10,13,65,88,19,38,34,198,289,0,124,124,413
07/14/2021,MOB,AL,ASO,CE,Combined TRACON& Tower with Radar,20,23,8,185,236,0,5,26,64,95,20,28,34,249,331,18,92,110,441
07/15/2021,MOB,AL,ASO,CE,Combined TRACON& Tower with Radar,18,19,13,138,188,0,2,8,87,97,18,21,21,225,285,14,0,14,299
07/16/2021,MOB,AL,ASO,CE,Combined TRACON& Tower with Radar,18,19,11,53,101,0,0,8,31,39,18,19,19,84,140,20,110,130,270
07/17/2021,MOB,AL,ASO,CE,Combined TRACON& Tower with Radar,18,13,3,12,46,0,1,3,2,6,18,14,6,14,52,20,26,46,98
07/18/2021,MOB,AL,ASO,CE,Combined TRACON& Tower with Radar,19,17,16,37,89,0,0,3,17,20,19,17,19,54,109,0,14,14,123
07/19/2021,MOB,AL,ASO,CE,Combined TRACON& Tower with Radar,13,26,9,28,76,0,0,2,24,26,13,26,11,52,102,24,106,130,232
07/20/2021,MOB,AL,ASO,CE,Combined TRACON& Tower with Radar,11,25,15,80,131,0,0,3,46,49,11,25,18,126,180,0,165,165,345
07/21/2021,MOB,AL,ASO,CE,Combined TRACON& Tower with Radar,20,18,15,171,224,0,3,11,74,88,20,21,26,245,312,42,114,156,468
07/22/2021,MOB,AL,ASO,CE,Combined TRACON& Tower with Radar,18,23,10,196,247,0,4,29,56,89,18,27,39,252,336,6,88,94,430
07/23/2021,MOB,AL,ASO,CE,Combined TRACON& Tower with Radar,17,18,8,71,114,0,1,8,28,37,17,19,16,99,151,20,122,142,293
07/24/2021,MOB,AL,ASO,CE,Combined TRACON& Tower with Radar,19,15,11,10,55,0,2,15,6,23,19,17,26,16,78,70,98,168,246
07/25/2021,MOB,AL,ASO,CE,Combined TRACON& Tower with Radar,18,17,10,9,54,0,0,2,9,11,18,17,12,18,65,32,60,92,157
07/26/2021,MOB,AL,ASO,CE,Combined TRACON& Tower with Radar,19,26,3,165,213,0,1,15,42,58,19,27,18,207,271,10,108,118,389
07/27/2021,MOB,AL,ASO,CE,Combined TRACON& Tower with Radar,19,16,15,86,136,0,1,14,50,65,19,17,29,136,201,32,140,172,373
07/28/2021,MOB,AL,ASO,CE,Combined TRACON& Tower with Radar,19,20,3,105,147,0,2,7,36,45,19,22,10,141,192,0,88,88,280
07/29/2021,MOB,AL,ASO,CE,Combined TRACON& Tower with Radar,20,21,11,109,161,0,2,12,49,63,20,23,23,158,224,24,130,154,378
07/30/2021,MOB,AL,ASO,CE,Combined TRACON& Tower with Radar,23,20,11,97,151,0,0,18,44,62,23,20,29,141,213,22,110,132,345
07/31/2021,MOB,AL,ASO,CE,Combined TRACON& Tower with Radar,18,14,7,11,50,0,0,25,21,46,18,14,32,32,96,22,40,62,158
08/01/2021,MOB,AL,ASO,CE,Combined TRACON& Tower with Radar,14,17,12,30,73,0,0,7,18,25,14,17,19,48,98,6,4,10,108
08/02/2021,MOB,AL,ASO,CE,Combined TRACON& Tower with Radar,18,12,10,61,101,0,0,4,26,30,18,12,14,87,131,20,120,140,271
08/03/2021,MOB,AL,ASO,CE,Combined TRACON& Tower with Radar,21,16,4,204,245,0,0,3,38,41,21,16,7,242,286,40,132,172,458
08/04/2021,MOB,AL,ASO,CE,Combined TRACON& Tower with Radar,29,13,17,46,105,0,0,28,47,75,29,13,45,93,180,22,112,134,314
08/05/2021,MOB,AL,ASO,CE,Combined TRACON& Tower with Radar,18,18,11,126,173,0,0,10,36,46,18,18,21,162,219,4,74,78,297
08/06/2021,MOB,AL,ASO,CE,Combined TRACON& Tower with Radar,18,18,19,50,105,0,3,8,14,25,18,21,27,64,130,0,18,18,148
08/07/2021,MOB,AL,ASO,CE,Combined TRACON& Tower with Radar,19,12,13,16,60,0,1,13,15,29,19,13,26,31,89,48,138,186,275
08/08/2021,MOB,AL,ASO,CE,Combined TRACON& Tower with Radar,19,12,6,5,42,0,0,18,7,25,19,12,24,12,67,30,14,44,111
08/09/2021,MOB,AL,ASO,CE,Combined TRACON& Tower with Radar,20,12,9,41,82,0,0,5,24,29,20,12,14,65,111,0,0,0,111
08/10/2021,MOB,AL,ASO,CE,Combined TRACON& Tower with Radar,19,16,14,66,115,0,0,16,19,35,19,16,30,85,150,20,64,84,234
08/11/2021,MOB,AL,ASO,CE,Combined TRACON& Tower with Radar,19,20,12,95,146,0,1,15,52,68,19,21,27,147,214,0,252,252,466
08/12/2021,MOB,AL,ASO,CE,Combined TRACON& Tower with Radar,21,14,9,89,133,0,3,6,48,57,21,17,15,137,190,0,78,78,268
08/13/2021,MOB,AL,ASO,CE,Combined TRACON& Tower with Radar,23,17,17,98,155,0,0,17,31,48,23,17,34,129,203,6,34,40,243
08/14/2021,MOB,AL,ASO,CE,Combined TRACON& Tower with Radar,17,13,7,2,39,0,0,9,0,9,17,13,16,2,48,0,0,0,48
08/15/2021,MOB,AL,ASO,CE,Combined TRACON& Tower with Radar,18,12,7,18,55,0,0,3,16,19,18,12,10,34,74,6,24,30,104
08/16/2021,MOB,AL,ASO,CE,Combined TRACON& Tower with Radar,18,17,5,9,49,0,0,2,19,21,18,17,7,28,70,16,50,66,136
08/17/2021,MOB,AL,ASO,CE,Combined TRACON& Tower with Radar,20,11,6,96,133,0,1,13,50,64,20,12,19,146,197,0,24,24,221
08/18/2021,MOB,AL,ASO,CE,Combined TRACON& Tower with Radar,17,13,6,97,133,0,0,14,56,70,17,13,20,153,203,34,146,180,383
08/19/2021,MOB,AL,ASO,CE,Combined TRACON& Tower with Radar,16,12,18,89,135,0,0,12,64,76,16,12,30,153,211,26,68,94,305
08/20/2021,MOB,AL,ASO,CE,Combined TRACON& Tower with Radar,14,18,10,28,70,0,0,8,19,27,14,18,18,47,97,0,34,34,131
08/21/2021,MOB,AL,ASO,CE,Combined TRACON& Tower with Radar,17,13,9,19,58,0,1,22,21,44,17,14,31,40,102,22,68,90,192
08/22/2021,MOB,AL,ASO,CE,Combined TRACON& Tower with Radar,25,12,9,47,93,0,0,23,23,46,25,12,32,70,139,8,0,8,147
08/23/2021,MOB,AL,ASO,CE,Combined TRACON& Tower with Radar,20,12,13,103,148,0,0,7,55,62,20,12,20,158,210,20,138,158,368
08/24/2021,MOB,AL,ASO,CE,Combined TRACON& Tower with Radar,18,12,7,108,145,0,0,15,55,70,18,12,22,163,215,12,38,50,265
08/25/2021,MOB,AL,ASO,CE,Combined TRACON& Tower with Radar,19,15,13,97,144,0,0,15,48,63,19,15,28,145,207,56,100,156,363
08/26/2021,MOB,AL,ASO,CE,Combined TRACON& Tower with Radar,19,15,19,108,161,0,2,8,59,69,19,17,27,167,230,0,0,0,230
08/27/2021,MOB,AL,ASO,CE,Combined TRACON& Tower with Radar,18,14,32,39,103,0,0,12,36,48,18,14,44,75,151,0,0,0,151
08/28/2021,MOB,AL,ASO,CE,Combined TRACON& Tower with Radar,17,20,9,5,51,0,0,0,4,4,17,20,9,9,55,0,0,0,55
08/29/2021,MOB,AL,ASO,CE,Combined TRACON& Tower with Radar,3,0,0,1,4,0,0,0,0,0,3,0,0,1,4,0,0,0,4
08/30/2021,MOB,AL,ASO,CE,Combined TRACON& Tower with Radar,9,4,5,8,26,0,0,0,14,14,9,4,5,22,40,0,0,0,40
08/31/2021,MOB,AL,ASO,CE,Combined TRACON& Tower with Radar,19,19,10,143,191,0,2,8,30,40,19,21,18,173,231,0,0,0,231
09/01/2021,MOB,AL,ASO,CE,Combined TRACON& Tower with Radar,19,22,12,113,166,0,6,13,75,94,19,28,25,188,260,2,56,58,318
09/02/2021,MOB,AL,ASO,CE,Combined TRACON& Tower with Radar,19,16,13,91,139,0,1,20,55,76,19,17,33,146,215,6,116,122,337
09/03/2021,MOB,AL,ASO,CE,Combined TRACON& Tower with Radar,22,14,24,6,66,0,0,22,12,34,22,14,46,18,100,26,6,32,132
09/04/2021,MOB,AL,ASO,CE,Combined TRACON& Tower with Radar,18,11,10,2,41,0,0,25,3,28,18,11,35,5,69,38,0,38,107
09/05/2021,MOB,AL,ASO,CE,Combined TRACON& Tower with Radar,18,10,5,2,35,0,0,6,3,9,18,10,11,5,44,18,16,34,78
09/06/2021,MOB,AL,ASO,CE,Combined TRACON& Tower with Radar,16,15,13,2,46,0,2,2,4,8,16,17,15,6,54,0,0,0,54
09/07/2021,MOB,AL,ASO,CE,Combined TRACON& Tower with Radar,15,13,8,185,221,0,0,11,87,98,15,13,19,272,319,28,124,152,471
09/08/2021,MOB,AL,ASO,CE,Combined TRACON& Tower with Radar,16,21,20,114,171,0,0,2,47,49,16,21,22,161,220,0,36,36,256
09/09/2021,MOB,AL,ASO,CE,Combined TRACON& Tower with Radar,15,23,24,172,234,0,0,9,56,65,15,23,33,228,299,2,70,72,371
09/10/2021,MOB,AL,ASO,CE,Combined TRACON& Tower with Radar,13,19,6,205,243,0,2,20,56,78,13,21,26,261,321,52,144,196,517
09/11/2021,MOB,AL,ASO,CE,Combined TRACON& Tower with Radar,14,13,9,46,82,0,1,32,34,67,14,14,41,80,149,8,22,30,179
09/12/2021,MOB,AL,ASO,CE,Combined TRACON& Tower with Radar,14,19,16,28,77,0,0,16,22,38,14,19,32,50,115,8,10,18,133
09/13/2021,MOB,AL,ASO,CE,Combined TRACON& Tower with Radar,12,22,7,101,142,0,2,9,63,74,12,24,16,164,216,0,52,52,268
09/14/2021,MOB,AL,ASO,CE,Combined TRACON& Tower with Radar,14,11,10,98,133,0,0,1,35,36,14,11,11,133,169,0,50,50,219
09/15/2021,MOB,AL,ASO,CE,Combined TRACON& Tower with Radar,16,15,7,1,39,0,0,0,0,0,16,15,7,1,39,0,0,0,39
09/16/2021,MOB,AL,ASO,CE,Combined TRACON& Tower with Radar,14,24,12,81,131,0,1,2,25,28,14,25,14,106,159,0,134,134,293
09/17/2021,MOB,AL,ASO,CE,Combined TRACON& Tower with Radar,13,20,11,37,81,0,0,0,20,20,13,20,11,57,101,0,52,52,153
09/18/2021,MOB,AL,ASO,CE,Combined TRACON& Tower with Radar,12,11,6,44,73,0,0,0,26,26,12,11,6,70,99,0,56,56,155
09/19/2021,MOB,AL,ASO,CE,Combined TRACON& Tower with Radar,15,16,14,10,55,0,0,5,4,9,15,16,19,14,64,0,0,0,64
09/20/2021,MOB,AL,ASO,CE,Combined TRACON& Tower with Radar,16,22,10,58,106,0,1,7,34,42,16,23,17,92,148,0,80,80,228
09/21/2021,MOB,AL,ASO,CE,Combined TRACON& Tower with Radar,14,16,14,50,94,0,0,4,33,37,14,16,18,83,131,4,122,126,257
09/22/2021,MOB,AL,ASO,CE,Combined TRACON& Tower with Radar,16,12,22,112,162,0,0,18,42,60,16,12,40,154,222,0,144,144,366
09/23/2021,MOB,AL,ASO,CE,Combined TRACON& Tower with Radar,12,25,16,73,126,0,2,29,43,74,12,27,45,116,200,0,40,40,240
09/24/2021,MOB,AL,ASO,CE,Combined TRACON& Tower with Radar,17,22,15,109,163,0,1,19,63,83,17,23,34,172,246,0,94,94,340
09/25/2021,MOB,AL,ASO,CE,Combined TRACON& Tower with Radar,12,13,9,1,35,0,2,19,5,26,12,15,28,6,61,12,0,12,73
09/26/2021,MOB,AL,ASO,CE,Combined TRACON& Tower with Radar,13,24,10,1,48,0,0,18,1,19,13,24,28,2,67,8,0,8,75
09/27/2021,MOB,AL,ASO,CE,Combined TRACON& Tower with Radar,12,20,14,151,197,0,1,21,59,81,12,21,35,210,278,0,68,68,346
09/28/2021,MOB,AL,ASO,CE,Combined TRACON& Tower with Radar,14,12,12,14,52,0,0,6,31,37,14,12,18,45,89,4,124,128,217
09/29/2021,MOB,AL,ASO,CE,Combined TRACON& Tower with Radar,16,17,6,39,78,0,0,9,18,27,16,17,15,57,105,0,10,10,115
09/30/2021,MOB,AL,ASO,CE,Combined TRACON& Tower with Radar,15,22,12,107,156,0,0,1,55,56,15,22,13,162,212,0,76,76,288
10/01/2021,MOB,AL,ASO,CE,Combined TRACON& Tower with Radar,12,24,9,119,164,0,5,24,31,60,12,29,33,150,224,2,74,76,300
10/02/2021,MOB,AL,ASO,CE,Combined TRACON& Tower with Radar,14,14,17,29,74,0,0,12,9,21,14,14,29,38,95,0,0,0,95
10/03/2021,MOB,AL,ASO,CE,Combined TRACON& Tower with Radar,12,21,10,60,103,0,0,0,3,3,12,21,10,63,106,0,22,22,128
10/04/2021,MOB,AL,ASO,CE,Combined TRACON& Tower with Radar,12,19,8,80,119,0,0,4,15,19,12,19,12,95,138,8,36,44,182
10/05/2021,MOB,AL,ASO,CE,Combined TRACON& Tower with Radar,14,14,9,81,118,0,0,1,18,19,14,14,10,99,137,0,48,48,185
10/06/2021,MOB,AL,ASO,CE,Combined TRACON& Tower with Radar,18,16,7,167,208,0,0,8,31,39,18,16,15,198,247,0,44,44,291
10/07/2021,MOB,AL,ASO,CE,Combined TRACON& Tower with Radar,12,23,12,179,226,0,0,12,24,36,12,23,24,203,262,14,50,64,326
10/08/2021,MOB,AL,ASO,CE,Combined TRACON& Tower with Radar,12,25,20,152,209,0,0,21,35,56,12,25,41,187,265,0,22,22,287
10/09/2021,MOB,AL,ASO,CE,Combined TRACON& Tower with Radar,13,21,8,5,47,0,1,29,6,36,13,22,37,11,83,60,0,60,143
10/10/2021,MOB,AL,ASO,CE,Combined TRACON& Tower with Radar,9,21,10,2,42,0,0,24,2,26,9,21,34,4,68,12,0,12,80
10/11/2021,MOB,AL,ASO,CE,Combined TRACON& Tower with Radar,4,28,14,2,48,0,0,16,2,18,4,28,30,4,66,10,2,12,78
10/12/2021,MOB,AL,ASO,CE,Combined TRACON& Tower with Radar,6,25,18,186,235,0,1,27,47,75,6,26,45,233,310,6,62,68,378
10/13/2021,MOB,AL,ASO,CE,Combined TRACON& Tower with Radar,8,22,17,162,209,0,0,19,44,63,8,22,36,206,272,0,62,62,334
10/14/2021,MOB,AL,ASO,CE,Combined TRACON& Tower with Radar,8,33,25,183,249,0,0,13,65,78,8,33,38,248,327,0,20,20,347
10/15/2021,MOB,AL,ASO,CE,Combined TRACON& Tower with Radar,10,27,22,132,191,0,0,8,40,48,10,27,30,172,239,34,62,96,335
10/16/2021,MOB,AL,ASO,CE,Combined TRACON& Tower with Radar,7,21,8,39,75,0,2,4,34,40,7,23,12,73,115,0,82,82,197
10/17/2021,MOB,AL,ASO,CE,Combined TRACON& Tower with Radar,10,23,14,24,71,0,2,11,10,23,10,25,25,34,94,2,0,2,96
10/18/2021,MOB,AL,ASO,CE,Combined TRACON& Tower with Radar,6,31,13,170,220,0,0,3,48,51,6,31,16,218,271,0,48,48,319
10/19/2021,MOB,AL,ASO,CE,Combined TRACON& Tower with Radar,5,23,12,146,186,0,0,18,43,61,5,23,30,189,247,0,40,40,287
10/20/2021,MOB,AL,ASO,CE,Combined TRACON& Tower with Radar,9,29,9,105,152,0,0,14,26,40,9,29,23,131,192,0,0,0,192
10/21/2021,MOB,AL,ASO,CE,Combined TRACON& Tower with Radar,7,31,10,76,124,0,0,1,19,20,7,31,11,95,144,0,0,0,144
10/22/2021,MOB,AL,ASO,CE,Combined TRACON& Tower with Radar,7,25,12,142,186,0,0,8,48,56,7,25,20,190,242,0,80,80,322
10/23/2021,MOB,AL,ASO,CE,Combined TRACON& Tower with Radar,7,24,15,30,76,0,0,26,13,39,7,24,41,43,115,4,0,4,119
10/24/2021,MOB,AL,ASO,CE,Combined TRACON& Tower with Radar,8,21,13,30,72,0,0,17,10,27,8,21,30,40,99,0,0,0,99
10/25/2021,MOB,AL,ASO,CE,Combined TRACON& Tower with Radar,6,23,18,137,184,0,1,8,43,52,6,24,26,180,236,4,84,88,324
10/26/2021,MOB,AL,ASO,CE,Combined TRACON& Tower with Radar,5,21,22,109,157,0,0,19,47,66,5,21,41,156,223,18,102,120,343
10/27/2021,MOB,AL,ASO,CE,Combined TRACON& Tower with Radar,8,22,14,114,158,0,0,14,28,42,8,22,28,142,200,20,52,72,272
10/28/2021,MOB,AL,ASO,CE,Combined TRACON& Tower with Radar,9,28,16,141,194,0,0,5,48,53,9,28,21,189,247,0,0,0,247
10/29/2021,MOB,AL,ASO,CE,Combined TRACON& Tower with Radar,12,23,15,124,174,0,0,8,17,25,12,23,23,141,199,0,40,40,239
10/30/2021,MOB,AL,ASO,CE,Combined TRACON& Tower with Radar,7,23,16,56,102,0,0,12,11,23,7,23,28,67,125,20,0,20,145
10/31/2021,MOB,AL,ASO,CE,Combined TRACON& Tower with Radar,10,22,14,22,68,0,0,12,12,24,10,22,26,34,92,0,0,0,92
11/01/2021,MOB,AL,ASO,CE,Combined TRACON& Tower with Radar,5,25,17,107,154,0,0,23,56,79,5,25,40,163,233,0,96,96,329
11/02/2021,MOB,AL,ASO,CE,Combined TRACON& Tower with Radar,5,27,14,134,180,0,0,17,83,100,5,27,31,217,280,4,24,28,308
11/03/2021,MOB,AL,ASO,CE,Combined TRACON& Tower with Radar,5,30,11,136,182,0,1,16,54,71,5,31,27,190,253,40,94,134,387
11/04/2021,MOB,AL,ASO,CE,Combined TRACON& Tower with Radar,3,31,10,161,205,0,3,5,22,30,3,34,15,183,235,4,28,32,267
11/05/2021,MOB,AL,ASO,CE,Combined TRACON& Tower with Radar,4,29,13,168,214,0,0,9,38,47,4,29,22,206,261,0,98,98,359
11/06/2021,MOB,AL,ASO,CE,Combined TRACON& Tower with Radar,3,28,23,26,80,0,0,21,8,29,3,28,44,34,109,12,58,70,179
11/07/2021,MOB,AL,ASO,CE,Combined TRACON& Tower with Radar,12,21,18,37,88,0,0,18,18,36,12,21,36,55,124,8,40,48,172
11/08/2021,MOB,AL,ASO,CE,Combined TRACON& Tower with Radar,8,22,16,140,186,0,0,11,46,57,8,22,27,186,243,0,0,0,243
11/09/2021,MOB,AL,ASO,CE,Combined TRACON& Tower with Radar,10,20,10,126,166,0,1,9,61,71,10,21,19,187,237,0,94,94,331
11/10/2021,MOB,AL,ASO,CE,Combined TRACON& Tower with Radar,10,21,12,131,174,0,1,16,61,78,10,22,28,192,252,0,90,90,342
11/11/2021,MOB,AL,ASO,CE,Combined TRACON& Tower with Radar,11,22,17,0,50,0,0,5,4,9,11,22,22,4,59,0,0,0,59
11/12/2021,MOB,AL,ASO,CE,Combined TRACON& Tower with Radar,10,30,20,24,84,0,3,24,3,30,10,33,44,27,114,0,0,0,114
11/13/2021,MOB,AL,ASO,CE,Combined TRACON& Tower with Radar,8,25,2,33,68,0,0,16,5,21,8,25,18,38,89,8,72,80,169
11/14/2021,MOB,AL,ASO,CE,Combined TRACON& Tower with Radar,11,19,14,10,54,0,0,12,0,12,11,19,26,10,66,8,4,12,78
11/15/2021,MOB,AL,ASO,CE,Combined TRACON& Tower with Radar,8,27,13,155,203,0,2,11,58,71,8,29,24,213,274,0,126,126,400
11/16/2021,MOB,AL,ASO,CE,Combined TRACON& Tower with Radar,9,21,10,129,169,0,0,19,53,72,9,21,29,182,241,0,16,16,257
11/17/2021,MOB,AL,ASO,CE,Combined TRACON& Tower with Radar,11,26,15,159,211,0,0,17,53,70,11,26,32,212,281,4,46,50,331
11/18/2021,MOB,AL,ASO,CE,Combined TRACON& Tower with Radar,11,23,20,145,199,0,0,10,52,62,11,23,30,197,261,0,76,76,337
11/19/2021,MOB,AL,ASO,CE,Combined TRACON& Tower with Radar,11,23,18,92,144,0,1,7,57,65,11,24,25,149,209,0,92,92,301
11/20/2021,MOB,AL,ASO,CE,Combined TRACON& Tower with Radar,10,22,16,18,66,0,0,25,9,34,10,22,41,27,100,24,0,24,124
11/21/2021,MOB,AL,ASO,CE,Combined TRACON& Tower with Radar,8,23,10,35,76,0,0,10,19,29,8,23,20,54,105,10,66,76,181
11/22/2021,MOB,AL,ASO,CE,Combined TRACON& Tower with Radar,11,24,14,137,186,0,0,4,28,32,11,24,18,165,218,0,84,84,302
11/23/2021,MOB,AL,ASO,CE,Combined TRACON& Tower with Radar,14,23,9,134,180,0,0,15,38,53,14,23,24,172,233,0,56,56,289
11/24/2021,MOB,AL,ASO,CE,Combined TRACON& Tower with Radar,10,21,22,21,74,0,0,17,18,35,10,21,39,39,109,16,82,98,207
11/25/2021,MOB,AL,ASO,CE,Combined TRACON& Tower with Radar,6,14,3,1,24,0,0,2,2,4,6,14,5,3,28,0,0,0,28
11/26/2021,MOB,AL,ASO,CE,Combined TRACON& Tower with Radar,10,23,13,3,49,0,1,8,1,10,10,24,21,4,59,0,0,0,59
11/27/2021,MOB,AL,ASO,CE,Combined TRACON& Tower with Radar,11,21,7,1,40,0,0,10,2,12,11,21,17,3,52,14,0,14,66
11/28/2021,MOB,AL,ASO,CE,Combined TRACON& Tower with Radar,10,23,11,2,46,0,0,2,0,2,10,23,13,2,48,0,0,0,48
11/29/2021,MOB,AL,ASO,CE,Combined TRACON& Tower with Radar,12,22,18,126,178,0,4,12,48,64,12,26,30,174,242,0,0,0,242
11/30/2021,MOB,AL,ASO,CE,Combined TRACON& Tower with Radar,10,23,15,145,193,0,1,14,34,49,10,24,29,179,242,0,14,14,256
12/01/2021,MOB,AL,ASO,CE,Combined TRACON& Tower with Radar,10,21,18,131,180,0,1,12,51,64,10,22,30,182,244,0,34,34,278
12/02/2021,MOB,AL,ASO,CE,Combined TRACON& Tower with Radar,10,26,13,155,204,0,0,10,46,56,10,26,23,201,260,0,14,14,274
12/03/2021,MOB,AL,ASO,CE,Combined TRACON& Tower with Radar,10,29,15,101,155,0,0,12,40,52,10,29,27,141,207,32,58,90,297
12/04/2021,MOB,AL,ASO,CE,Combined TRACON& Tower with Radar,15,18,11,60,104,0,0,6,27,33,15,18,17,87,137,58,30,88,225
12/05/2021,MOB,AL,ASO,CE,Combined TRACON& Tower with Radar,10,18,14,67,109,0,0,10,22,32,10,18,24,89,141,16,8,24,165
12/06/2021,MOB,AL,ASO,CE,Combined TRACON& Tower with Radar,11,18,21,57,107,0,0,1,11,12,11,18,22,68,119,0,50,50,169
12/07/2021,MOB,AL,ASO,CE,Combined TRACON& Tower with Radar,9,16,15,101,141,0,0,0,2,2,9,16,15,103,143,0,0,0,143
12/08/2021,MOB,AL,ASO,CE,Combined TRACON& Tower with Radar,10,20,8,111,149,0,0,3,24,27,10,20,11,135,176,0,0,0,176
12/09/2021,MOB,AL,ASO,CE,Combined TRACON& Tower with Radar,9,20,15,147,191,0,0,1,18,19,9,20,16,165,210,0,10,10,220
12/10/2021,MOB,AL,ASO,CE,Combined TRACON& Tower with Radar,9,22,11,126,168,0,0,3,13,16,9,22,14,139,184,0,0,0,184
12/11/2021,MOB,AL,ASO,CE,Combined TRACON& Tower with Radar,10,14,11,9,44,0,0,3,9,12,10,14,14,18,56,0,0,0,56
12/12/2021,MOB,AL,ASO,CE,Combined TRACON& Tower with Radar,11,18,22,51,102,0,0,20,27,47,11,18,42,78,149,0,0,0,149
12/13/2021,MOB,AL,ASO,CE,Combined TRACON& Tower with Radar,10,14,16,192,232,0,1,17,50,68,10,15,33,242,300,4,10,14,314
12/14/2021,MOB,AL,ASO,CE,Combined TRACON& Tower with Radar,10,19,15,163,207,0,1,12,41,54,10,20,27,204,261,22,102,124,385
12/15/2021,MOB,AL,ASO,CE,Combined TRACON& Tower with Radar,9,21,27,215,272,0,0,7,28,35,9,21,34,243,307,32,46,78,385
12/16/2021,MOB,AL,ASO,CE,Combined TRACON& Tower with Radar,8,17,31,127,183,0,2,13,10,25,8,19,44,137,208,0,0,0,208
12/17/2021,MOB,AL,ASO,CE,Combined TRACON& Tower with Radar,10,16,13,50,89,0,0,0,0,0,10,16,13,50,89,0,0,0,89
12/18/2021,MOB,AL,ASO,CE,Combined TRACON& Tower with Radar,8,20,9,0,37,0,0,0,2,2,8,20,9,2,39,0,0,0,39
12/19/2021,MOB,AL,ASO,CE,Combined TRACON& Tower with Radar,5,18,8,22,53,0,0,4,0,4,5,18,12,22,57,6,0,6,63
12/20/2021,MOB,AL,ASO,CE,Combined TRACON& Tower with Radar,6,23,14,105,148,0,0,6,9,15,6,23,20,114,163,0,24,24,187
12/21/2021,MOB,AL,ASO,CE,Combined TRACON& Tower with Radar,4,21,10,128,163,0,0,1,11,12,4,21,11,139,175,0,0,0,175
12/22/2021,MOB,AL,ASO,CE,Combined TRACON& Tower with Radar,4,18,12,61,95,0,0,27,25,52,4,18,39,86,147,4,4,8,155
12/23/2021,MOB,AL,ASO,CE,Combined TRACON& Tower with Radar,6,18,9,12,45,0,0,13,9,22,6,18,22,21,67,20,0,20,87
12/24/2021,MOB,AL,ASO,CE,Combined TRACON& Tower with Radar,6,12,9,0,27,0,0,16,0,16,6,12,25,0,43,0,0,0,43
12/25/2021,MOB,AL,ASO,CE,Combined TRACON& Tower with Radar,5,19,2,0,26,0,0,6,0,6,5,19,8,0,32,0,0,0,32
12/26/2021,MOB,AL,ASO,CE,Combined TRACON& Tower with Radar,5,21,15,1,42,0,0,8,1,9,5,21,23,2,51,0,0,0,51
12/27/2021,MOB,AL,ASO,CE,Combined TRACON& Tower with Radar,6,21,13,59,99,0,0,1,17,18,6,21,14,76,117,0,14,14,131
12/28/2021,MOB,AL,ASO,CE,Combined TRACON& Tower with Radar,6,19,12,63,100,0,0,2,12,14,6,19,14,75,114,0,36,36,150
12/29/2021,MOB,AL,ASO,CE,Combined TRACON& Tower with Radar,6,20,16,76,118,0,0,1,5,6,6,20,17,81,124,0,0,0,124
12/30/2021,MOB,AL,ASO,CE,Combined TRACON& Tower with Radar,7,20,8,74,109,0,0,1,11,12,7,20,9,85,121,0,0,0,121
12/31/2021,MOB,AL,ASO,CE,Combined TRACON& Tower with Radar,4,14,12,12,42,0,0,1,0,1,4,14,13,12,43,10,0,10,53
01/01/2022,MOB,AL,ASO,CE,Combined TRACON& Tower with Radar,4,17,9,4,34,0,0,0,0,0,4,17,9,4,34,0,0,0,34
01/02/2022,MOB,AL,ASO,CE,Combined TRACON& Tower with Radar,6,20,3,0,29,0,0,0,0,0,6,20,3,0,29,0,0,0,29
01/03/2022,MOB,AL,ASO,CE,Combined TRACON& Tower with Radar,4,18,10,4,36,0,0,9,14,23,4,18,19,18,59,0,0,0,59
01/04/2022,MOB,AL,ASO,CE,Combined TRACON& Tower with Radar,6,18,8,70,102,0,1,18,11,30,6,19,26,81,132,12,0,12,144
01/05/2022,MOB,AL,ASO,CE,Combined TRACON& Tower with Radar,6,22,21,83,132,0,0,13,30,43,6,22,34,113,175,53,64,117,292
01/06/2022,MOB,AL,ASO,CE,Combined TRACON& Tower with Radar,6,27,9,182,224,0,0,0,26,26,6,27,9,208,250,14,56,70,320
01/07/2022,MOB,AL,ASO,CE,Combined TRACON& Tower with Radar,6,23,19,116,164,0,0,16,46,62,6,23,35,162,226,16,40,56,282
01/08/2022,MOB,AL,ASO,CE,Combined TRACON& Tower with Radar,6,18,7,6,37,0,0,6,12,18,6,18,13,18,55,0,0,0,55
01/09/2022,MOB,AL,ASO,CE,Combined TRACON& Tower with Radar,6,24,6,4,40,0,0,0,0,0,6,24,6,4,40,0,0,0,40
01/10/2022,MOB,AL,ASO,CE,Combined TRACON& Tower with Radar,5,23,18,90,136,0,1,7,40,48,5,24,25,130,184,14,74,88,272
01/11/2022,MOB,AL,ASO,CE,Combined TRACON& Tower with Radar,5,16,14,151,186,0,1,14,24,39,5,17,28,175,225,8,98,106,331
01/12/2022,MOB,AL,ASO,CE,Combined TRACON& Tower with Radar,6,24,19,163,212,0,2,20,54,76,6,26,39,217,288,4,34,38,326
01/13/2022,MOB,AL,ASO,CE,Combined TRACON& Tower with Radar,6,26,10,67,109,0,2,21,40,63,6,28,31,107,172,18,22,40,212
01/14/2022,MOB,AL,ASO,CE,Combined TRACON& Tower with Radar,6,32,11,136,185,0,0,6,31,37,6,32,17,167,222,34,72,106,328
01/15/2022,MOB,AL,ASO,CE,Combined TRACON& Tower with Radar,6,16,6,4,32,0,0,0,1,1,6,16,6,5,33,32,0,32,65
01/16/2022,MOB,AL,ASO,CE,Combined TRACON& Tower with Radar,6,14,6,21,47,0,0,3,7,10,6,14,9,28,57,0,0,0,57
01/17/2022,MOB,AL,ASO,CE,Combined TRACON& Tower with Radar,6,22,14,1,43,0,0,20,1,21,6,22,34,2,64,8,0,8,72
01/18/2022,MOB,AL,ASO,CE,Combined TRACON& Tower with Radar,6,18,11,69,104,0,0,39,51,90,6,18,50,120,194,14,48,62,256
01/19/2022,MOB,AL,ASO,CE,Combined TRACON& Tower with Radar,6,25,24,143,198,0,0,12,25,37,6,25,36,168,235,16,18,34,269
01/20/2022,MOB,AL,ASO,CE,Combined TRACON& Tower with Radar,6,35,8,26,75,0,0,0,1,1,6,35,8,27,76,0,0,0,76
01/21/2022,MOB,AL,ASO,CE,Combined TRACON& Tower with Radar,6,23,9,43,81,0,0,3,8,11,6,23,12,51,92,0,124,124,216
01/22/2022,MOB,AL,ASO,CE,Combined TRACON& Tower with Radar,6,20,13,25,64,0,0,31,7,38,6,20,44,32,102,18,20,38,140
01/23/2022,MOB,AL,ASO,CE,Combined TRACON& Tower with Radar,6,24,11,46,87,0,1,24,21,46,6,25,35,67,133,0,0,0,133
01/24/2022,MOB,AL,ASO,CE,Combined TRACON& Tower with Radar,6,29,12,119,166,0,5,18,50,73,6,34,30,169,239,0,0,0,239
01/25/2022,MOB,AL,ASO,CE,Combined TRACON& Tower with Radar,6,19,8,30,63,0,0,0,6,6,6,19,8,36,69,0,0,0,69
01/26/2022,MOB,AL,ASO,CE,Combined TRACON& Tower with Radar,6,25,14,169,214,0,0,21,39,60,6,25,35,208,274,6,0,6,280
01/27/2022,MOB,AL,ASO,CE,Combined TRACON& Tower with Radar,6,26,17,141,190,0,1,26,51,78,6,27,43,192,268,0,0,0,268
01/28/2022,MOB,AL,ASO,CE,Combined TRACON& Tower with Radar,5,22,15,119,161,0,0,17,45,62,5,22,32,164,223,16,34,50,273
01/29/2022,MOB,AL,ASO,CE,Combined TRACON& Tower with Radar,9,14,7,11,41,0,0,15,3,18,9,14,22,14,59,0,0,0,59
01/30/2022,MOB,AL,ASO,CE,Combined TRACON& Tower with Radar,5,29,11,15,60,0,0,22,5,27,5,29,33,20,87,0,0,0,87
01/31/2022,MOB,AL,ASO,CE,Combined TRACON& Tower with Radar,7,31,12,98,148,0,1,11,41,53,7,32,23,139,201,42,108,150,351
02/01/2022,MOB,AL,ASO,CE,Combined TRACON& Tower with Radar,6,31,37,147,221,0,0,13,49,62,6,31,50,196,283,10,46,56,339
02/02/2022,MOB,AL,ASO,CE,Combined TRACON& Tower with Radar,6,28,16,77,127,0,0,0,4,4,6,28,16,81,131,0,24,24,155
02/03/2022,MOB,AL,ASO,CE,Combined TRACON& Tower with Radar,6,21,11,14,52,0,0,0,0,0,6,21,11,14,52,0,0,0,52
02/04/2022,MOB,AL,ASO,CE,Combined TRACON& Tower with Radar,8,18,13,7,46,0,0,0,3,3,8,18,13,10,49,0,0,0,49
02/05/2022,MOB,AL,ASO,CE,Combined TRACON& Tower with Radar,10,18,7,12,47,0,0,7,19,26,10,18,14,31,73,6,30,36,109
02/06/2022,MOB,AL,ASO,CE,Combined TRACON& Tower with Radar,8,22,11,31,72,0,0,21,14,35,8,22,32,45,107,12,24,36,143
02/07/2022,MOB,AL,ASO,CE,Combined TRACON& Tower with Radar,8,22,8,44,82,0,2,8,28,38,8,24,16,72,120,15,61,76,196
02/08/2022,MOB,AL,ASO,CE,Combined TRACON& Tower with Radar,7,20,4,162,193,0,0,15,58,73,7,20,19,220,266,16,50,66,332
02/09/2022,MOB,AL,ASO,CE,Combined TRACON& Tower with Radar,6,22,22,106,156,0,1,35,62,98,6,23,57,168,254,0,0,0,254
02/10/2022,MOB,AL,ASO,CE,Combined TRACON& Tower with Radar,7,24,14,121,166,0,3,21,46,70,7,27,35,167,236,10,67,77,313
02/11/2022,MOB,AL,ASO,CE,Combined TRACON& Tower with Radar,6,22,15,109,152,0,0,14,28,42,6,22,29,137,194,0,0,0,194
02/12/2022,MOB,AL,ASO,CE,Combined TRACON& Tower with Radar,4,18,11,43,76,0,0,11,9,20,4,18,22,52,96,12,0,12,108
02/13/2022,MOB,AL,ASO,CE,Combined TRACON& Tower with Radar,7,22,11,15,55,0,0,11,12,23,7,22,22,27,78,14,72,86,164
02/14/2022,MOB,AL,ASO,CE,Combined TRACON& Tower with Radar,7,25,8,118,158,0,0,6,36,42,7,25,14,154,200,0,0,0,200
02/15/2022,MOB,AL,ASO,CE,Combined TRACON& Tower with Radar,7,25,15,159,206,0,0,21,52,73,7,25,36,211,279,8,108,116,395
02/16/2022,MOB,AL,ASO,CE,Combined TRACON& Tower with Radar,7,25,9,147,188,0,0,12,28,40,7,25,21,175,228,0,72,72,300
02/17/2022,MOB,AL,ASO,CE,Combined TRACON& Tower with Radar,6,22,9,61,98,0,0,2,5,7,6,22,11,66,105,12,51,63,168
02/18/2022,MOB,AL,ASO,CE,Combined TRACON& Tower with Radar,5,24,12,129,170,0,1,6,22,29,5,25,18,151,199,0,52,52,251
02/19/2022,MOB,AL,ASO,CE,Combined TRACON& Tower with Radar,5,20,6,16,47,0,1,13,16,30,5,21,19,32,77,14,20,34,111
02/20/2022,MOB,AL,ASO,CE,Combined TRACON& Tower with Radar,7,22,12,6,47,0,0,16,8,24,7,22,28,14,71,0,0,0,71
02/21/2022,MOB,AL,ASO,CE,Combined TRACON& Tower with Radar,7,23,13,9,52,0,0,4,1,5,7,23,17,10,57,2,0,2,59
02/22/2022,MOB,AL,ASO,CE,Combined TRACON& Tower with Radar,9,18,14,140,181,0,2,0,31,33,9,20,14,171,214,13,48,61,275
02/23/2022,MOB,AL,ASO,CE,Combined TRACON& Tower with Radar,6,20,10,126,162,0,0,14,29,43,6,20,24,155,205,8,132,140,345
02/24/2022,MOB,AL,ASO,CE,Combined TRACON& Tower with Radar,7,23,17,136,183,0,0,6,29,35,7,23,23,165,218,0,156,156,374
02/25/2022,MOB,AL,ASO,CE,Combined TRACON& Tower with Radar,8,27,21,130,186,0,0,6,25,31,8,27,27,155,217,15,63,78,295
02/26/2022,MOB,AL,ASO,CE,Combined TRACON& Tower with Radar,5,19,23,29,76,0,0,10,2,12,5,19,33,31,88,26,0,26,114
02/27/2022,MOB,AL,ASO,CE,Combined TRACON& Tower with Radar,7,22,14,31,74,0,2,0,1,3,7,24,14,32,77,0,12,12,89
02/28/2022,MOB,AL,ASO,CE,Combined TRACON& Tower with Radar,8,26,6,104,144,0,2,9,49,60,8,28,15,153,204,0,0,0,204
03/01/2022,MOB,AL,ASO,CE,Combined TRACON& Tower with Radar,9,17,13,132,171,0,0,27,45,72,9,17,40,177,243,36,64,100,343
03/02/2022,MOB,AL,ASO,CE,Combined TRACON& Tower with Radar,7,26,11,141,185,0,0,15,66,81,7,26,26,207,266,0,24,24,290
03/03/2022,MOB,AL,ASO,CE,Combined TRACON& Tower with Radar,10,24,16,91,141,0,0,20,51,71,10,24,36,142,212,2,46,48,260
03/04/2022,MOB,AL,ASO,CE,Combined TRACON& Tower with Radar,12,22,8,69,111,0,0,18,43,61,12,22,26,112,172,8,49,57,229
03/05/2022,MOB,AL,ASO,CE,Combined TRACON& Tower with Radar,13,19,21,8,61,0,1,11,6,18,13,20,32,14,79,16,8,24,103
03/06/2022,MOB,AL,ASO,CE,Combined TRACON& Tower with Radar,13,21,14,51,99,0,0,2,3,5,13,21,16,54,104,23,0,23,127
03/07/2022,MOB,AL,ASO,CE,Combined TRACON& Tower with Radar,11,23,9,107,150,0,0,3,23,26,11,23,12,130,176,0,26,26,202
03/08/2022,MOB,AL,ASO,CE,Combined TRACON& Tower with Radar,10,20,9,113,152,0,0,2,10,12,10,20,11,123,164,7,74,81,245
03/09/2022,MOB,AL,ASO,CE,Combined TRACON& Tower with Radar,10,16,13,60,99,0,0,2,17,19,10,16,15,77,118,0,28,28,146
03/10/2022,MOB,AL,ASO,CE,Combined TRACON& Tower with Radar,10,20,24,165,219,0,3,6,54,63,10,23,30,219,282,4,52,56,338
03/11/2022,MOB,AL,ASO,CE,Combined TRACON& Tower with Radar,11,20,11,63,105,0,0,0,8,8,11,20,11,71,113,0,56,56,169
03/12/2022,MOB,AL,ASO,CE,Combined TRACON& Tower with Radar,11,16,11,11,49,0,0,0,1,1,11,16,11,12,50,0,0,0,50
03/13/2022,MOB,AL,ASO,CE,Combined TRACON& Tower with Radar,12,20,18,38,88,0,0,19,8,27,12,20,37,46,115,0,0,0,115
03/14/2022,MOB,AL,ASO,CE,Combined TRACON& Tower with Radar,10,23,19,130,182,0,0,11,52,63,10,23,30,182,245,10,188,198,443
03/15/2022,MOB,AL,ASO,CE,Combined TRACON& Tower with Radar,10,17,4,62,93,0,1,2,40,43,10,18,6,102,136,0,110,110,246
03/16/2022,MOB,AL,ASO,CE,Combined TRACON& Tower with Radar,12,18,13,100,143,0,0,12,36,48,12,18,25,136,191,28,76,104,295
03/17/2022,MOB,AL,ASO,CE,Combined TRACON& Tower with Radar,11,24,34,90,159,0,0,29,72,101,11,24,63,162,260,0,46,46,306
03/18/2022,MOB,AL,ASO,CE,Combined TRACON& Tower with Radar,12,18,6,38,74,0,0,0,13,13,12,18,6,51,87,0,16,16,103
03/19/2022,MOB,AL,ASO,CE,Combined TRACON& Tower with Radar,12,16,5,29,62,0,0,19,6,25,12,16,24,35,87,24,0,24,111
03/20/2022,MOB,AL,ASO,CE,Combined TRACON& Tower with Radar,12,22,12,5,51,0,0,20,3,23,12,22,32,8,74,8,2,10,84
03/21/2022,MOB,AL,ASO,CE,Combined TRACON& Tower with Radar,11,18,9,98,136,0,2,7,55,64,11,20,16,153,200,8,28,36,236
03/22/2022,MOB,AL,ASO,CE,Combined TRACON& Tower with Radar,8,17,2,47,74,0,0,1,10,11,8,17,3,57,85,0,62,62,147
03/23/2022,MOB,AL,ASO,CE,Combined TRACON& Tower with Radar,11,21,14,108,154,0,0,3,58,61,11,21,17,166,215,0,28,28,243
03/24/2022,MOB,AL,ASO,CE,Combined TRACON& Tower with Radar,12,21,11,108,152,0,1,11,40,52,12,22,22,148,204,2,22,24,228
03/25/2022,MOB,AL,ASO,CE,Combined TRACON& Tower with Radar,13,24,11,98,146,0,3,13,60,76,13,27,24,158,222,0,32,32,254
03/26/2022,MOB,AL,ASO,CE,Combined TRACON& Tower with Radar,11,17,11,74,113,0,0,5,10,15,11,17,16,84,128,4,28,32,160
03/27/2022,MOB,AL,ASO,CE,Combined TRACON& Tower with Radar,12,22,7,52,93,0,0,9,23,32,12,22,16,75,125,0,32,32,157
03/28/2022,MOB,AL,ASO,CE,Combined TRACON& Tower with Radar,10,20,15,169,214,0,1,13,66,80,10,21,28,235,294,0,90,90,384
03/29/2022,MOB,AL,ASO,CE,Combined TRACON& Tower with Radar,8,17,14,154,193,0,1,5,38,44,8,18,19,192,237,0,78,78,315
03/30/2022,MOB,AL,ASO,CE,Combined TRACON& Tower with Radar,9,18,5,39,71,0,0,0,20,20,9,18,5,59,91,0,0,0,91
03/31/2022,MOB,AL,ASO,CE,Combined TRACON& Tower with Radar,13,19,14,75,121,0,1,8,55,64,13,20,22,130,185,0,20,20,205
04/01/2022,MOB,AL,ASO,CE,Combined TRACON& Tower with Radar,14,16,15,53,98,0,1,18,47,66,14,17,33,100,164,0,29,29,193
04/02/2022,MOB,AL,ASO,CE,Combined TRACON& Tower with Radar,14,14,3,2,33,0,0,8,12,20,14,14,11,14,53,0,0,0,53
04/03/2022,MOB,AL,ASO,CE,Combined TRACON& Tower with Radar,14,17,4,11,46,0,0,8,9,17,14,17,12,20,63,0,0,0,63
04/04/2022,MOB,AL,ASO,CE,Combined TRACON& Tower with Radar,11,18,9,85,123,0,1,14,18,33,11,19,23,103,156,0,20,20,176
04/05/2022,MOB,AL,ASO,CE,Combined TRACON& Tower with Radar,13,19,6,0,38,0,0,0,0,0,13,19,6,0,38,0,0,0,38
04/06/2022,MOB,AL,ASO,CE,Combined TRACON& Tower with Radar,12,18,12,151,193,0,0,0,34,34,12,18,12,185,227,0,32,32,259
04/07/2022,MOB,AL,ASO,CE,Combined TRACON& Tower with Radar,14,15,10,102,141,0,0,10,59,69,14,15,20,161,210,0,106,106,316
04/08/2022,MOB,AL,ASO,CE,Combined TRACON& Tower with Radar,15,18,12,55,100,0,0,5,44,49,15,18,17,99,149,0,62,62,211
04/09/2022,MOB,AL,ASO,CE,Combined TRACON& Tower with Radar,18,12,12,8,50,0,0,9,8,17,18,12,21,16,67,0,60,60,127
04/10/2022,MOB,AL,ASO,CE,Combined TRACON& Tower with Radar,14,12,17,45,88,0,0,14,7,21,14,12,31,52,109,0,64,64,173
04/11/2022,MOB,AL,ASO,CE,Combined TRACON& Tower with Radar,14,16,20,72,122,0,0,2,24,26,14,16,22,96,148,0,0,0,148
04/12/2022,MOB,AL,ASO,CE,Combined TRACON& Tower with Radar,13,17,24,148,202,0,0,4,52,56,13,17,28,200,258,0,102,102,360
04/13/2022,MOB,AL,ASO,CE,Combined TRACON& Tower with Radar,14,14,21,171,220,0,4,3,41,48,14,18,24,212,268,0,80,80,348
04/14/2022,MOB,AL,ASO,CE,Combined TRACON& Tower with Radar,13,16,13,123,165,0,0,1,30,31,13,16,14,153,196,0,36,36,232
04/15/2022,MOB,AL,ASO,CE,Combined TRACON& Tower with Radar,16,18,15,58,107,0,0,9,26,35,16,18,24,84,142,0,26,26,168
04/16/2022,MOB,AL,ASO,CE,Combined TRACON& Tower with Radar,14,15,8,5,42,0,0,1,3,4,14,15,9,8,46,0,0,0,46
04/17/2022,MOB,AL,ASO,CE,Combined TRACON& Tower with Radar,13,18,18,10,59,0,0,2,0,2,13,18,20,10,61,0,0,0,61
04/18/2022,MOB,AL,ASO,CE,Combined TRACON& Tower with Radar,15,17,19,118,169,0,0,7,35,42,15,17,26,153,211,0,22,22,233
04/19/2022,MOB,AL,ASO,CE,Combined TRACON& Tower with Radar,18,15,14,109,156,0,1,14,50,65,18,16,28,159,221,0,36,36,257
04/20/2022,MOB,AL,ASO,CE,Combined TRACON& Tower with Radar,14,20,13,164,211,0,1,2,54,57,14,21,15,218,268,0,100,100,368
04/21/2022,MOB,AL,ASO,CE,Combined TRACON& Tower with Radar,14,18,13,89,134,0,0,8,45,53,14,18,21,134,187,0,92,92,279
04/22/2022,MOB,AL,ASO,CE,Combined TRACON& Tower with Radar,16,17,12,73,118,0,0,14,38,52,16,17,26,111,170,0,56,56,226
04/23/2022,MOB,AL,ASO,CE,Combined TRACON& Tower with Radar,15,17,5,20,57,0,0,7,10,17,15,17,12,30,74,0,0,0,74
04/24/2022,MOB,AL,ASO,CE,Combined TRACON& Tower with Radar,13,19,15,30,77,0,0,4,10,14,13,19,19,40,91,0,0,0,91
04/25/2022,MOB,AL,ASO,CE,Combined TRACON& Tower with Radar,13,13,9,117,152,0,0,5,32,37,13,13,14,149,189,4,76,80,269
04/26/2022,MOB,AL,ASO,CE,Combined TRACON& Tower with Radar,13,16,19,252,300,0,0,2,39,41,13,16,21,291,341,18,152,170,511
04/27/2022,MOB,AL,ASO,CE,Combined TRACON& Tower with Radar,13,17,9,88,127,0,0,7,40,47,13,17,16,128,174,0,112,112,286
04/28/2022,MOB,AL,ASO,CE,Combined TRACON& Tower with Radar,13,18,14,133,178,0,0,15,33,48,13,18,29,166,226,0,88,88,314
04/29/2022,MOB,AL,ASO,CE,Combined TRACON& Tower with Radar,13,17,11,116,157,0,1,5,28,34,13,18,16,144,191,8,24,32,223
04/30/2022,MOB,AL,ASO,CE,Combined TRACON& Tower with Radar,14,17,7,12,50,0,0,2,9,11,14,17,9,21,61,0,0,0,61
05/01/2022,MOB,AL,ASO,CE,Combined TRACON& Tower with Radar,14,21,13,60,108,0,0,2,41,43,14,21,15,101,151,0,0,0,151
05/02/2022,MOB,AL,ASO,CE,Combined TRACON& Tower with Radar,15,24,10,138,187,0,0,10,33,43,15,24,20,171,230,12,76,88,318
05/03/2022,MOB,AL,ASO,CE,Combined TRACON& Tower with Radar,13,21,13,147,194,0,0,13,41,54,13,21,26,188,248,10,144,154,402
05/04/2022,MOB,AL,ASO,CE,Combined TRACON& Tower with Radar,14,17,15,143,189,0,0,7,43,50,14,17,22,186,239,0,118,118,357
05/05/2022,MOB,AL,ASO,CE,Combined TRACON& Tower with Radar,11,20,17,93,141,0,0,8,47,55,11,20,25,140,196,20,27,47,243
05/06/2022,MOB,AL,ASO,CE,Combined TRACON& Tower with Radar,17,11,6,80,114,0,0,3,30,33,17,11,9,110,147,0,52,52,199
05/07/2022,MOB,AL,ASO,CE,Combined TRACON& Tower with Radar,19,7,6,4,36,0,0,4,4,8,19,7,10,8,44,0,16,16,60
05/08/2022,MOB,AL,ASO,CE,Combined TRACON& Tower with Radar,16,11,4,18,49,0,0,22,8,30,16,11,26,26,79,0,10,10,89
05/09/2022,MOB,AL,ASO,CE,Combined TRACON& Tower with Radar,18,14,9,85,126,0,0,5,63,68,18,14,14,148,194,0,0,0,194
05/10/2022,MOB,AL,ASO,CE,Combined TRACON& Tower with Radar,20,7,16,69,112,0,0,12,39,51,20,7,28,108,163,0,16,16,179
05/11/2022,MOB,AL,ASO,CE,Combined TRACON& Tower with Radar,20,9,17,103,149,0,0,15,62,77,20,9,32,165,226,0,122,122,348
05/12/2022,MOB,AL,ASO,CE,Combined TRACON& Tower with Radar,18,9,16,97,140,0,0,13,44,57,18,9,29,141,197,14,76,90,287
05/13/2022,MOB,AL,ASO,CE,Combined TRACON& Tower with Radar,19,14,9,64,106,0,0,9,28,37,19,14,18,92,143,0,0,0,143
05/14/2022,MOB,AL,ASO,CE,Combined TRACON& Tower with Radar,19,6,17,20,62,0,0,8,17,25,19,6,25,37,87,0,4,4,91
05/15/2022,MOB,AL,ASO,CE,Combined TRACON& Tower with Radar,14,19,15,34,82,0,0,10,14,24,14,19,25,48,106,0,0,0,106
05/16/2022,MOB,AL,ASO,CE,Combined TRACON& Tower with Radar,18,10,10,124,162,0,1,20,55,76,18,11,30,179,238,6,36,42,280
05/17/2022,MOB,AL,ASO,CE,Combined TRACON& Tower with Radar,21,7,19,117,164,0,2,17,49,68,21,9,36,166,232,12,126,138,370
05/18/2022,MOB,AL,ASO,CE,Combined TRACON& Tower with Radar,20,6,8,222,256,0,1,9,33,43,20,7,17,255,299,0,0,0,299
05/19/2022,MOB,AL,ASO,CE,Combined TRACON& Tower with Radar,18,8,14,146,186,0,0,1,30,31,18,8,15,176,217,0,94,94,311
05/20/2022,MOB,AL,ASO,CE,Combined TRACON& Tower with Radar,18,8,18,95,139,0,1,8,44,53,18,9,26,139,192,2,22,24,216
05/21/2022,MOB,AL,ASO,CE,Combined TRACON& Tower with Radar,21,8,7,27,63,0,0,0,24,24,21,8,7,51,87,0,0,0,87
05/22/2022,MOB,AL,ASO,CE,Combined TRACON& Tower with Radar,16,13,7,17,53,0,0,1,0,1,16,13,8,17,54,0,0,0,54
05/23/2022,MOB,AL,ASO,CE,Combined TRACON& Tower with Radar,18,11,11,142,182,0,0,5,25,30,18,11,16,167,212,0,54,54,266
05/24/2022,MOB,AL,ASO,CE,Combined TRACON& Tower with Radar,17,8,17,59,101,0,0,2,24,26,17,8,19,83,127,0,116,116,243
05/25/2022,MOB,AL,ASO,CE,Combined TRACON& Tower with Radar,21,8,13,14,56,0,0,1,16,17,21,8,14,30,73,0,36,36,109
05/26/2022,MOB,AL,ASO,CE,Combined TRACON& Tower with Radar,23,10,8,60,101,0,0,8,28,36,23,10,16,88,137,0,56,56,193
05/27/2022,MOB,AL,ASO,CE,Combined TRACON& Tower with Radar,21,8,11,18,58,0,0,15,12,27,21,8,26,30,85,12,22,34,119
05/28/2022,MOB,AL,ASO,CE,Combined TRACON& Tower with Radar,21,6,8,2,37,0,2,10,5,17,21,8,18,7,54,0,0,0,54
05/29/2022,MOB,AL,ASO,CE,Combined TRACON& Tower with Radar,16,13,11,15,55,0,0,7,5,12,16,13,18,20,67,26,8,34,101
05/30/2022,MOB,AL,ASO,CE,Combined TRACON& Tower with Radar,18,11,13,0,42,0,1,12,0,13,18,12,25,0,55,0,0,0,55
05/31/2022,MOB,AL,ASO,CE,Combined TRACON& Tower with Radar,19,8,19,81,127,0,0,8,36,44,19,8,27,117,171,28,82,110,281
06/01/2022,MOB,AL,ASO,CE,Combined TRACON& Tower with Radar,17,8,10,76,111,0,0,10,38,48,17,8,20,114,159,4,64,68,227
06/02/2022,MOB,AL,ASO,CE,Combined TRACON& Tower with Radar,18,10,16,104,148,0,1,14,46,61,18,11,30,150,209,0,76,76,285
06/03/2022,MOB,AL,ASO,CE,Combined TRACON& Tower with Radar,14,17,25,68,124,0,0,9,41,50,14,17,34,109,174,4,130,134,308
06/04/2022,MOB,AL,ASO,CE,Combined TRACON& Tower with Radar,14,11,10,15,50,0,0,9,11,20,14,11,19,26,70,0,18,18,88
06/05/2022,MOB,AL,ASO,CE,Combined TRACON& Tower with Radar,13,19,14,31,77,0,0,4,29,33,13,19,18,60,110,0,8,8,118
06/06/2022,MOB,AL,ASO,CE,Combined TRACON& Tower with Radar,12,18,13,93,136,0,1,10,37,48,12,19,23,130,184,6,26,32,216
06/07/2022,MOB,AL,ASO,CE,Combined TRACON& Tower with Radar,10,18,26,92,146,0,0,15,37,52,10,18,41,129,198,4,124,128,326
06/08/2022,MOB,AL,ASO,CE,Combined TRACON& Tower with Radar,9,24,12,101,146,0,5,9,46,60,9,29,21,147,206,4,128,132,338
06/09/2022,MOB,AL,ASO,CE,Combined TRACON& Tower with Radar,12,16,5,49,82,0,0,14,29,43,12,16,19,78,125,24,84,108,233
06/10/2022,MOB,AL,ASO,CE,Combined TRACON& Tower with Radar,13,12,9,23,57,0,0,2,15,17,13,12,11,38,74,0,48,48,122
06/11/2022,MOB,AL,ASO,CE,Combined TRACON& Tower with Radar,11,13,5,20,49,0,0,7,10,17,11,13,12,30,66,8,12,20,86
06/12/2022,MOB,AL,ASO,CE,Combined TRACON& Tower with Radar,9,16,10,16,51,0,0,7,9,16,9,16,17,25,67,0,0,0,67
06/13/2022,MOB,AL,ASO,CE,Combined TRACON& Tower with Radar,11,20,11,29,71,0,1,4,21,26,11,21,15,50,97,0,108,108,205
06/14/2022,MOB,AL,ASO,CE,Combined TRACON& Tower with Radar,10,16,25,36,87,0,0,4,25,29,10,16,29,61,116,4,60,64,180
06/15/2022,MOB,AL,ASO,CE,Combined TRACON& Tower with Radar,9,14,9,112,144,0,1,6,72,79,9,15,15,184,223,6,92,98,321
06/16/2022,MOB,AL,ASO,CE,Combined TRACON& Tower with Radar,9,18,18,105,150,0,0,6,30,36,9,18,24,135,186,0,46,46,232
06/17/2022,MOB,AL,ASO,CE,Combined TRACON& Tower with Radar,9,17,12,52,90,0,0,5,14,19,9,17,17,66,109,4,28,32,141
06/18/2022,MOB,AL,ASO,CE,Combined TRACON& Tower with Radar,7,16,11,12,46,0,0,18,7,25,7,16,29,19,71,0,0,0,71
06/19/2022,MOB,AL,ASO,CE,Combined TRACON& Tower with Radar,9,17,6,6,38,0,1,11,6,18,9,18,17,12,56,10,0,10,66
06/20/2022,MOB,AL,ASO,CE,Combined TRACON& Tower with Radar,10,16,10,1,37,0,0,8,3,11,10,16,18,4,48,0,0,0,48
06/21/2022,MOB,AL,ASO,CE,Combined TRACON& Tower with Radar,9,16,9,42,76,0,1,10,28,39,9,17,19,70,115,24,44,68,183
06/22/2022,MOB,AL,ASO,CE,Combined TRACON& Tower with Radar,9,18,7,92,126,0,1,11,46,58,9,19,18,138,184,16,98,114,298
06/23/2022,MOB,AL,ASO,CE,Combined TRACON& Tower with Radar,10,16,12,136,174,0,0,7,39,46,10,16,19,175,220,0,22,22,242
06/24/2022,MOB,AL,ASO,CE,Combined TRACON& Tower with Radar,9,19,7,55,90,0,0,11,33,44,9,19,18,88,134,6,60,66,200
06/25/2022,MOB,AL,ASO,CE,Combined TRACON& Tower with Radar,12,10,8,3,33,0,0,7,11,18,12,10,15,14,51,0,0,0,51
06/26/2022,MOB,AL,ASO,CE,Combined TRACON& Tower with Radar,9,17,17,2,45,0,0,2,4,6,9,17,19,6,51,0,0,0,51
06/27/2022,MOB,AL,ASO,CE,Combined TRACON& Tower with Radar,10,19,18,43,90,0,0,9,32,41,10,19,27,75,131,0,84,84,215
06/28/2022,MOB,AL,ASO,CE,Combined TRACON& Tower with Radar,10,12,10,52,84,0,0,5,27,32,10,12,15,79,116,0,64,64,180
06/29/2022,MOB,AL,ASO,CE,Combined TRACON& Tower with Radar,10,15,13,42,80,0,0,7,39,46,10,15,20,81,126,16,128,144,270
06/30/2022,MOB,AL,ASO,CE,Combined TRACON& Tower with Radar,11,16,16,55,98,0,0,1,21,22,11,16,17,76,120,0,72,72,192
07/01/2022,MOB,AL,ASO,CE,Combined TRACON& Tower with Radar,11,14,4,5,34,0,0,0,5,5,11,14,4,10,39,0,0,0,39
07/02/2022,MOB,AL,ASO,CE,Combined TRACON& Tower with Radar,11,14,12,2,39,0,0,2,0,2,11,14,14,2,41,10,0,10,51
07/03/2022,MOB,AL,ASO,CE,Combined TRACON& Tower with Radar,9,14,10,2,35,0,0,1,1,2,9,14,11,3,37,0,0,0,37
07/04/2022,MOB,AL,ASO,CE,Combined TRACON& Tower with Radar,11,13,4,1,29,0,0,0,1,1,11,13,4,2,30,0,0,0,30
07/05/2022,MOB,AL,ASO,CE,Combined TRACON& Tower with Radar,8,15,11,14,48,0,0,2,20,22,8,15,13,34,70,0,0,0,70
07/06/2022,MOB,AL,ASO,CE,Combined TRACON& Tower with Radar,10,19,5,48,82,0,0,12,21,33,10,19,17,69,115,4,166,170,285
07/07/2022,MOB,AL,ASO,CE,Combined TRACON& Tower with Radar,11,14,15,47,87,0,0,20,30,50,11,14,35,77,137,0,34,34,171
07/08/2022,MOB,AL,ASO,CE,Combined TRACON& Tower with Radar,17,12,6,43,78,0,1,5,24,30,17,13,11,67,108,0,24,24,132
07/09/2022,MOB,AL,ASO,CE,Combined TRACON& Tower with Radar,9,14,4,10,37,0,0,3,4,7,9,14,7,14,44,0,0,0,44
07/10/2022,MOB,AL,ASO,CE,Combined TRACON& Tower with Radar,10,16,6,17,49,0,0,6,1,7,10,16,12,18,56,0,4,4,60
07/11/2022,MOB,AL,ASO,CE,Combined TRACON& Tower with Radar,10,16,14,33,73,0,1,8,16,25,10,17,22,49,98,0,106,106,204
07/12/2022,MOB,AL,ASO,CE,Combined TRACON& Tower with Radar,11,16,14,42,83,0,1,12,27,40,11,17,26,69,123,0,46,46,169
07/13/2022,MOB,AL,ASO,CE,Combined TRACON& Tower with Radar,11,16,14,46,87,0,0,1,33,34,11,16,15,79,121,0,90,90,211
07/14/2022,MOB,AL,ASO,CE,Combined TRACON& Tower with Radar,11,14,14,42,81,0,0,1,23,24,11,14,15,65,105,0,0,0,105
07/15/2022,MOB,AL,ASO,CE,Combined TRACON& Tower with Radar,11,14,6,49,80,0,0,3,32,35,11,14,9,81,115,0,0,0,115
07/16/2022,MOB,AL,ASO,CE,Combined TRACON& Tower with Radar,9,14,6,6,35,0,1,8,4,13,9,15,14,10,48,0,0,0,48
07/17/2022,MOB,AL,ASO,CE,Combined TRACON& Tower with Radar,12,14,14,11,51,0,0,14,8,22,12,14,28,19,73,19,33,52,125
07/18/2022,MOB,AL,ASO,CE,Combined TRACON& Tower with Radar,11,16,7,32,66,0,0,11,33,44,11,16,18,65,110,0,10,10,120
07/19/2022,MOB,AL,ASO,CE,Combined TRACON& Tower with Radar,11,14,15,62,102,0,0,10,45,55,11,14,25,107,157,0,96,96,253
07/20/2022,MOB,AL,ASO,CE,Combined TRACON& Tower with Radar,11,12,14,51,88,0,0,14,32,46,11,12,28,83,134,17,25,42,176
07/21/2022,MOB,AL,ASO,CE,Combined TRACON& Tower with Radar,12,16,16,53,97,0,0,15,48,63,12,16,31,101,160,0,14,14,174
07/22/2022,MOB,AL,ASO,CE,Combined TRACON& Tower with Radar,14,13,10,20,57,0,0,7,34,41,14,13,17,54,98,0,72,72,170
07/23/2022,MOB,AL,ASO,CE,Combined TRACON& Tower with Radar,8,15,6,5,34,0,1,12,16,29,8,16,18,21,63,0,0,0,63
07/24/2022,MOB,AL,ASO,CE,Combined TRACON& Tower with Radar,12,16,18,5,51,0,1,4,7,12,12,17,22,12,63,24,7,31,94
07/25/2022,MOB,AL,ASO,CE,Combined TRACON& Tower with Radar,12,14,7,18,51,0,0,4,27,31,12,14,11,45,82,18,130,148,230
07/26/2022,MOB,AL,ASO,CE,Combined TRACON& Tower with Radar,9,15,14,66,104,0,0,5,40,45,9,15,19,106,149,7,106,113,262
07/27/2022,MOB,AL,ASO,CE,Combined TRACON& Tower with Radar,9,16,10,72,107,0,0,16,29,45,9,16,26,101,152,0,56,56,208
07/28/2022,MOB,AL,ASO,CE,Combined TRACON& Tower with Radar,10,16,10,39,75,0,0,7,42,49,10,16,17,81,124,0,82,82,206
07/29/2022,MOB,AL,ASO,CE,Combined TRACON& Tower with Radar,11,15,12,63,101,0,0,10,31,41,11,15,22,94,142,0,0,0,142
07/30/2022,MOB,AL,ASO,CE,Combined TRACON& Tower with Radar,8,15,3,0,26,0,0,11,2,13,8,15,14,2,39,0,0,0,39
07/31/2022,MOB,AL,ASO,CE,Combined TRACON& Tower with Radar,11,18,9,10,48,0,0,10,6,16,11,18,19,16,64,13,0,13,77
08/01/2022,MOB,AL,ASO,CE,Combined TRACON& Tower with Radar,15,16,5,19,55,0,0,2,19,21,15,16,7,38,76,0,0,0,76
08/02/2022,MOB,AL,ASO,CE,Combined TRACON& Tower with Radar,13,20,6,33,72,0,0,7,38,45,13,20,13,71,117,0,50,50,167
08/03/2022,MOB,AL,ASO,CE,Combined TRACON& Tower with Radar,11,14,20,24,69,0,0,7,41,48,11,14,27,65,117,0,20,20,137
08/04/2022,MOB,AL,ASO,CE,Combined TRACON& Tower with Radar,14,14,11,45,84,0,0,9,33,42,14,14,20,78,126,0,98,98,224
08/05/2022,MOB,AL,ASO,CE,Combined TRACON& Tower with Radar,11,14,16,37,78,0,0,14,39,53,11,14,30,76,131,0,0,0,131
08/06/2022,MOB,AL,ASO,CE,Combined TRACON& Tower with Radar,9,12,6,11,38,0,0,2,5,7,9,12,8,16,45,0,0,0,45
08/07/2022,MOB,AL,ASO,CE,Combined TRACON& Tower with Radar,12,15,12,12,51,0,0,7,8,15,12,15,19,20,66,0,18,18,84
08/08/2022,MOB,AL,ASO,CE,Combined TRACON& Tower with Radar,12,15,13,25,65,0,0,3,25,28,12,15,16,50,93,0,16,16,109
08/09/2022,MOB,AL,ASO,CE,Combined TRACON& Tower with Radar,15,14,6,110,145,0,2,14,75,91,15,16,20,185,236,12,108,120,356
08/10/2022,MOB,AL,ASO,CE,Combined TRACON& Tower with Radar,10,18,7,50,85,0,0,3,44,47,10,18,10,94,132,0,56,56,188
08/11/2022,MOB,AL,ASO,CE,Combined TRACON& Tower with Radar,9,17,16,35,77,0,0,1,28,29,9,17,17,63,106,0,66,66,172
08/12/2022,MOB,AL,ASO,CE,Combined TRACON& Tower with Radar,10,16,3,61,90,0,0,8,40,48,10,16,11,101,138,8,46,54,192
08/13/2022,MOB,AL,ASO,CE,Combined TRACON& Tower with Radar,9,16,13,10,48,0,0,7,8,15,9,16,20,18,63,0,6,6,69
08/14/2022,MOB,AL,ASO,CE,Combined TRACON& Tower with Radar,10,16,7,10,43,0,2,13,14,29,10,18,20,24,72,0,0,0,72
08/15/2022,MOB,AL,ASO,CE,Combined TRACON& Tower with Radar,12,16,10,88,126,0,1,18,24,43,12,17,28,112,169,11,109,120,289
08/16/2022,MOB,AL,ASO,CE,Combined TRACON& Tower with Radar,9,19,9,36,73,0,0,11,22,33,9,19,20,58,106,8,147,155,261
08/17/2022,MOB,AL,ASO,CE,Combined TRACON& Tower with Radar,9,21,11,36,77,0,3,14,42,59,9,24,25,78,136,0,94,94,230
08/18/2022,MOB,AL,ASO,CE,Combined TRACON& Tower with Radar,8,14,21,49,92,0,0,1,36,37,8,14,22,85,129,0,108,108,237
08/19/2022,MOB,AL,ASO,CE,Combined TRACON& Tower with Radar,8,13,10,35,66,0,0,4,42,46,8,13,14,77,112,6,56,62,174
08/20/2022,MOB,AL,ASO,CE,Combined TRACON& Tower with Radar,10,12,6,0,28,0,0,0,4,4,10,12,6,4,32,22,2,24,56
08/21/2022,MOB,AL,ASO,CE,Combined TRACON& Tower with Radar,7,15,12,32,66,0,0,0,11,11,7,15,12,43,77,0,0,0,77
08/22/2022,MOB,AL,ASO,CE,Combined TRACON& Tower with Radar,7,14,11,44,76,0,0,4,44,48,7,14,15,88,124,0,178,178,302
08/23/2022,MOB,AL,ASO,CE,Combined TRACON& Tower with Radar,11,14,5,34,64,0,0,4,19,23,11,14,9,53,87,6,60,66,153
08/24/2022,MOB,AL,ASO,CE,Combined TRACON& Tower with Radar,10,14,8,25,57,0,0,2,9,11,10,14,10,34,68,0,0,0,68
08/25/2022,MOB,AL,ASO,CE,Combined TRACON& Tower with Radar,9,17,13,1,40,0,0,0,9,9,9,17,13,10,49,0,33,33,82
08/26/2022,MOB,AL,ASO,CE,Combined TRACON& Tower with Radar,9,15,15,34,73,0,0,6,28,34,9,15,21,62,107,8,168,176,283
08/27/2022,MOB,AL,ASO,CE,Combined TRACON& Tower with Radar,12,13,9,6,40,0,0,11,2,13,12,13,20,8,53,0,0,0,53
08/28/2022,MOB,AL,ASO,CE,Combined TRACON& Tower with Radar,10,12,6,1,29,0,0,2,4,6,10,12,8,5,35,0,0,0,35
08/29/2022,MOB,AL,ASO,CE,Combined TRACON& Tower with Radar,9,14,19,79,121,0,0,10,32,42,9,14,29,111,163,8,74,82,245
08/30/2022,MOB,AL,ASO,CE,Combined TRACON& Tower with Radar,11,12,14,51,88,0,0,14,33,47,11,12,28,84,135,0,74,74,209
08/31/2022,MOB,AL,ASO,CE,Combined TRACON& Tower with Radar,11,14,24,87,136,0,0,19,61,80,11,14,43,148,216,0,90,90,306
09/01/2022,MOB,AL,ASO,CE,Combined TRACON& Tower with Radar,10,12,17,54,93,0,0,11,25,36,10,12,28,79,129,0,10,10,139
09/02/2022,MOB,AL,ASO,CE,Combined TRACON& Tower with Radar,10,16,19,36,81,0,1,11,5,17,10,17,30,41,98,6,0,6,104
09/03/2022,MOB,AL,ASO,CE,Combined TRACON& Tower with Radar,8,11,7,9,35,0,0,9,3,12,8,11,16,12,47,0,0,0,47
09/04/2022,MOB,AL,ASO,CE,Combined TRACON& Tower with Radar,9,10,10,18,47,0,1,0,9,10,9,11,10,27,57,0,4,4,61
09/05/2022,MOB,AL,ASO,CE,Combined TRACON& Tower with Radar,9,14,4,0,27,0,0,13,2,15,9,14,17,2,42,0,0,0,42
09/06/2022,MOB,AL,ASO,CE,Combined TRACON& Tower with Radar,10,15,13,75,113,0,0,14,38,52,10,15,27,113,165,20,70,90,255
09/07/2022,MOB,AL,ASO,CE,Combined TRACON& Tower with Radar,11,13,16,109,149,0,1,10,59,70,11,14,26,168,219,0,100,100,319
09/08/2022,MOB,AL,ASO,CE,Combined TRACON& Tower with Radar,10,15,15,38,78,0,0,9,17,26,10,15,24,55,104,0,58,58,162
09/09/2022,MOB,AL,ASO,CE,Combined TRACON& Tower with Radar,12,12,12,64,100,0,0,6,21,27,12,12,18,85,127,0,8,8,135
09/10/2022,MOB,AL,ASO,CE,Combined TRACON& Tower with Radar,12,14,7,35,68,0,0,5,21,26,12,14,12,56,94,0,22,22,116
09/11/2022,MOB,AL,ASO,CE,Combined TRACON& Tower with Radar,9,18,10,13,50,0,0,8,5,13,9,18,18,18,63,0,0,0,63
09/12/2022,MOB,AL,ASO,CE,Combined TRACON& Tower with Radar,16,10,14,63,103,0,1,15,30,46,16,11,29,93,149,0,9,9,158
09/13/2022,MOB,AL,ASO,CE,Combined TRACON& Tower with Radar,18,14,10,91,133,0,3,21,60,84,18,17,31,151,217,34,74,108,325
09/14/2022,MOB,AL,ASO,CE,Combined TRACON& Tower with Radar,14,11,8,72,105,0,1,22,35,58,14,12,30,107,163,4,24,28,191
09/15/2022,MOB,AL,ASO,CE,Combined TRACON& Tower with Radar,17,10,18,45,90,0,0,16,22,38,17,10,34,67,128,0,8,8,136
09/16/2022,MOB,AL,ASO,CE,Combined TRACON& Tower with Radar,17,14,24,35,90,0,7,27,41,75,17,21,51,76,165,0,42,42,207
09/17/2022,MOB,AL,ASO,CE,Combined TRACON& Tower with Radar,14,10,14,9,47,0,1,20,11,32,14,11,34,20,79,8,12,20,99
09/18/2022,MOB,AL,ASO,CE,Combined TRACON& Tower with Radar,18,9,11,33,71,0,1,10,8,19,18,10,21,41,90,0,23,23,113
09/19/2022,MOB,AL,ASO,CE,Combined TRACON& Tower with Radar,10,16,14,41,81,0,3,12,27,42,10,19,26,68,123,0,0,0,123
09/20/2022,MOB,AL,ASO,CE,Combined TRACON& Tower with Radar,15,15,13,81,124,0,2,14,55,71,15,17,27,136,195,0,34,34,229
09/21/2022,MOB,AL,ASO,CE,Combined TRACON& Tower with Radar,16,14,13,104,147,0,1,13,38,52,16,15,26,142,199,0,82,82,281
09/22/2022,MOB,AL,ASO,CE,Combined TRACON& Tower with Radar,16,12,21,76,125,0,1,14,46,61,16,13,35,122,186,6,66,72,258
09/23/2022,MOB,AL,ASO,CE,Combined TRACON& Tower with Radar,14,12,13,62,101,0,0,18,37,55,14,12,31,99,156,0,16,16,172
09/24/2022,MOB,AL,ASO,CE,Combined TRACON& Tower with Radar,16,12,7,4,39,0,0,2,4,6,16,12,9,8,45,0,0,0,45
09/25/2022,MOB,AL,ASO,CE,Combined TRACON& Tower with Radar,18,8,15,18,59,0,0,9,20,29,18,8,24,38,88,0,12,12,100
09/26/2022,MOB,AL,ASO,CE,Combined TRACON& Tower with Radar,19,8,7,122,156,0,0,9,60,69,19,8,16,182,225,0,30,30,255
09/27/2022,MOB,AL,ASO,CE,Combined TRACON& Tower with Radar,14,13,18,54,99,0,1,25,43,69,14,14,43,97,168,0,4,4,172
09/28/2022,MOB,AL,ASO,CE,Combined TRACON& Tower with Radar,14,16,12,45,87,0,0,4,27,31,14,16,16,72,118,0,34,34,152
09/29/2022,MOB,AL,ASO,CE,Combined TRACON& Tower with Radar,14,10,5,62,91,0,0,11,13,24,14,10,16,75,115,0,0,0,115
09/30/2022,MOB,AL,ASO,CE,Combined TRACON& Tower with Radar,13,12,17,49,91,0,1,10,20,31,13,13,27,69,122,0,0,0,122
10/01/2022,MOB,AL,ASO,CE,Combined TRACON& Tower with Radar,13,10,14,5,42,0,0,14,6,20,13,10,28,11,62,15,3,18,80
10/02/2022,MOB,AL,ASO,CE,Combined TRACON& Tower with Radar,15,10,8,7,40,0,2,8,2,12,15,12,16,9,52,12,0,12,64
10/03/2022,MOB,AL,ASO,CE,Combined TRACON& Tower with Radar,15,12,11,83,121,0,0,12,24,36,15,12,23,107,157,0,76,76,233
10/04/2022,MOB,AL,ASO,CE,Combined TRACON& Tower with Radar,16,8,12,50,86,0,0,23,33,56,16,8,35,83,142,1,14,15,157
10/05/2022,MOB,AL,ASO,CE,Combined TRACON& Tower with Radar,16,9,17,106,148,0,0,6,28,34,16,9,23,134,182,0,46,46,228
10/06/2022,MOB,AL,ASO,CE,Combined TRACON& Tower with Radar,16,8,16,86,126,0,2,13,33,48,16,10,29,119,174,7,84,91,265
10/07/2022,MOB,AL,ASO,CE,Combined TRACON& Tower with Radar,16,6,14,51,87,0,1,14,23,38,16,7,28,74,125,0,16,16,141
10/08/2022,MOB,AL,ASO,CE,Combined TRACON& Tower with Radar,13,8,8,1,30,0,1,1,5,7,13,9,9,6,37,8,0,8,45
10/09/2022,MOB,AL,ASO,CE,Combined TRACON& Tower with Radar,16,6,17,2,41,0,0,8,4,12,16,6,25,6,53,0,0,0,53
10/10/2022,MOB,AL,ASO,CE,Combined TRACON& Tower with Radar,15,5,18,1,39,0,0,22,1,23,15,5,40,2,62,28,0,28,90
10/11/2022,MOB,AL,ASO,CE,Combined TRACON& Tower with Radar,15,7,17,55,94,0,0,6,18,24,15,7,23,73,118,14,84,98,216
10/12/2022,MOB,AL,ASO,CE,Combined TRACON& Tower with Radar,15,6,14,90,125,0,0,2,30,32,15,6,16,120,157,0,82,82,239
10/13/2022,MOB,AL,ASO,CE,Combined TRACON& Tower with Radar,16,9,22,62,109,0,0,13,38,51,16,9,35,100,160,0,60,60,220
10/14/2022,MOB,AL,ASO,CE,Combined TRACON& Tower with Radar,16,10,16,48,90,0,1,19,41,61,16,11,35,89,151,0,4,4,155
10/15/2022,MOB,AL,ASO,CE,Combined TRACON& Tower with Radar,13,6,6,12,37,0,1,19,12,32,13,7,25,24,69,23,15,38,107
10/16/2022,MOB,AL,ASO,CE,Combined TRACON& Tower with Radar,16,6,10,14,46,0,0,4,16,20,16,6,14,30,66,0,0,0,66
10/17/2022,MOB,AL,ASO,CE,Combined TRACON& Tower with Radar,13,6,17,56,92,0,0,10,17,27,13,6,27,73,119,0,60,60,179
10/18/2022,MOB,AL,ASO,CE,Combined TRACON& Tower with Radar,15,11,9,92,127,0,3,9,42,54,15,14,18,134,181,0,34,34,215
10/19/2022,MOB,AL,ASO,CE,Combined TRACON& Tower with Radar,15,7,17,62,101,0,0,12,35,47,15,7,29,97,148,0,178,178,326
10/20/2022,MOB,AL,ASO,CE,Combined TRACON& Tower with Radar,15,9,13,47,84,0,0,14,38,52,15,9,27,85,136,2,106,108,244
10/21/2022,MOB,AL,ASO,CE,Combined TRACON& Tower with Radar,16,8,25,37,86,0,0,21,39,60,16,8,46,76,146,6,42,48,194
10/22/2022,MOB,AL,ASO,CE,Combined TRACON& Tower with Radar,13,8,14,10,45,0,0,8,22,30,13,8,22,32,75,6,14,20,95
10/23/2022,MOB,AL,ASO,CE,Combined TRACON& Tower with Radar,16,7,21,23,67,0,0,12,28,40,16,7,33,51,107,0,14,14,121
10/24/2022,MOB,AL,ASO,CE,Combined TRACON& Tower with Radar,13,6,16,50,85,0,0,11,19,30,13,6,27,69,115,0,42,42,157
10/25/2022,MOB,AL,ASO,CE,Combined TRACON& Tower with Radar,14,6,19,32,71,0,0,2,16,18,14,6,21,48,89,0,10,10,99
10/26/2022,MOB,AL,ASO,CE,Combined TRACON& Tower with Radar,14,10,21,30,75,0,2,11,31,44,14,12,32,61,119,0,148,148,267
10/27/2022,MOB,AL,ASO,CE,Combined TRACON& Tower with Radar,15,11,24,43,93,0,2,32,22,56,15,13,56,65,149,4,100,104,253
10/28/2022,MOB,AL,ASO,CE,Combined TRACON& Tower with Radar,15,6,15,59,95,0,0,5,20,25,15,6,20,79,120,0,10,10,130
10/29/2022,MOB,AL,ASO,CE,Combined TRACON& Tower with Radar,11,6,8,2,27,0,0,0,0,0,11,6,8,2,27,0,0,0,27
10/30/2022,MOB,AL,ASO,CE,Combined TRACON& Tower with Radar,17,6,12,32,67,0,1,4,6,11,17,7,16,38,78,0,0,0,78
10/31/2022,MOB,AL,ASO,CE,Combined TRACON& Tower with Radar,12,6,14,113,145,0,2,16,38,56,12,8,30,151,201,0,150,150,351
11/01/2022,MOB,AL,ASO,CE,Combined TRACON& Tower with Radar,15,10,18,81,124,0,2,18,44,64,15,12,36,125,188,8,82,90,278
11/02/2022,MOB,AL,ASO,CE,Combined TRACON& Tower with Radar,17,6,16,42,81,0,3,18,50,71,17,9,34,92,152,8,102,110,262
11/03/2022,MOB,AL,ASO,CE,Combined TRACON& Tower with Radar,15,9,14,66,104,0,1,21,43,65,15,10,35,109,169,36,68,104,273
11/04/2022,MOB,AL,ASO,CE,Combined TRACON& Tower with Radar,12,8,16,38,74,0,2,9,28,39,12,10,25,66,113,0,28,28,141
11/05/2022,MOB,AL,ASO,CE,Combined TRACON& Tower with Radar,17,7,7,22,53,0,0,1,9,10,17,7,8,31,63,0,0,0,63
11/06/2022,MOB,AL,ASO,CE,Combined TRACON& Tower with Radar,16,11,17,16,60,0,0,23,4,27,16,11,40,20,87,0,0,0,87
11/07/2022,MOB,AL,ASO,CE,Combined TRACON& Tower with Radar,15,12,12,53,92,0,0,8,27,35,15,12,20,80,127,12,76,88,215
11/08/2022,MOB,AL,ASO,CE,Combined TRACON& Tower with Radar,15,8,18,60,101,0,0,35,36,71,15,8,53,96,172,26,78,104,276
11/09/2022,MOB,AL,ASO,CE,Combined TRACON& Tower with Radar,15,13,22,56,106,0,5,23,39,67,15,18,45,95,173,0,80,80,253
11/10/2022,MOB,AL,ASO,CE,Combined TRACON& Tower with Radar,15,11,20,65,111,0,3,19,32,54,15,14,39,97,165,0,174,174,339
11/11/2022,MOB,AL,ASO,CE,Combined TRACON& Tower with Radar,14,8,29,18,69,0,0,31,14,45,14,8,60,32,114,16,0,16,130
11/12/2022,MOB,AL,ASO,CE,Combined TRACON& Tower with Radar,15,10,13,5,43,0,0,4,3,7,15,10,17,8,50,0,0,0,50
11/13/2022,MOB,AL,ASO,CE,Combined TRACON& Tower with Radar,17,8,18,6,49,0,0,21,1,22,17,8,39,7,71,0,0,0,71
11/14/2022,MOB,AL,ASO,CE,Combined TRACON& Tower with Radar,14,11,16,58,99,0,2,16,45,63,14,13,32,103,162,0,80,80,242
11/15/2022,MOB,AL,ASO,CE,Combined TRACON& Tower with Radar,15,9,14,110,148,0,0,0,8,8,15,9,14,118,156,0,0,0,156
11/16/2022,MOB,AL,ASO,CE,Combined TRACON& Tower with Radar,15,10,17,83,125,0,0,13,38,51,15,10,30,121,176,0,106,106,282
11/17/2022,MOB,AL,ASO,CE,Combined TRACON& Tower with Radar,15,11,21,50,97,0,5,28,31,64,15,16,49,81,161,14,60,74,235
11/18/2022,MOB,AL,ASO,CE,Combined TRACON& Tower with Radar,15,8,24,59,106,0,0,19,35,54,15,8,43,94,160,0,22,22,182
11/19/2022,MOB,AL,ASO,CE,Combined TRACON& Tower with Radar,15,8,12,2,37,0,0,15,4,19,15,8,27,6,56,0,0,0,56
11/20/2022,MOB,AL,ASO,CE,Combined TRACON& Tower with Radar,17,9,16,27,69,0,0,9,15,24,17,9,25,42,93,0,18,18,111
11/21/2022,MOB,AL,ASO,CE,Combined TRACON& Tower with Radar,15,9,15,49,88,0,1,22,36,59,15,10,37,85,147,22,54,76,223
11/22/2022,MOB,AL,ASO,CE,Combined TRACON& Tower with Radar,14,11,28,82,135,0,11,10,29,50,14,22,38,111,185,16,41,57,242
11/23/2022,MOB,AL,ASO,CE,Combined TRACON& Tower with Radar,16,8,9,8,41,0,3,27,11,41,16,11,36,19,82,0,10,10,92
11/24/2022,MOB,AL,ASO,CE,Combined TRACON& Tower with Radar,11,7,3,4,25,0,0,0,0,0,11,7,3,4,25,0,0,0,25
11/25/2022,MOB,AL,ASO,CE,Combined TRACON& Tower with Radar,15,6,18,4,43,0,0,0,0,0,15,6,18,4,43,0,0,0,43
11/26/2022,MOB,AL,ASO,CE,Combined TRACON& Tower with Radar,19,13,12,2,46,0,0,0,0,0,19,13,12,2,46,0,0,0,46
11/27/2022,MOB,AL,ASO,CE,Combined TRACON& Tower with Radar,17,12,17,4,50,0,0,12,1,13,17,12,29,5,63,30,0,30,93
11/28/2022,MOB,AL,ASO,CE,Combined TRACON& Tower with Radar,15,10,14,60,99,0,0,12,35,47,15,10,26,95,146,18,66,84,230
11/29/2022,MOB,AL,ASO,CE,Combined TRACON& Tower with Radar,14,10,11,51,86,0,0,4,17,21,14,10,15,68,107,0,90,90,197
11/30/2022,MOB,AL,ASO,CE,Combined TRACON& Tower with Radar,17,6,17,88,128,0,0,6,36,42,17,6,23,124,170,0,42,42,212
12/01/2022,MOB,AL,ASO,CE,Combined TRACON& Tower with Radar,17,4,22,55,98,0,0,10,45,55,17,4,32,100,153,50,66,116,269
12/02/2022,MOB,AL,ASO,CE,Combined TRACON& Tower with Radar,16,4,8,71,99,0,2,2,18,22,16,6,10,89,121,0,98,98,219
12/03/2022,MOB,AL,ASO,CE,Combined TRACON& Tower with Radar,14,2,7,12,35,0,0,11,9,20,14,2,18,21,55,0,0,0,55
12/04/2022,MOB,AL,ASO,CE,Combined TRACON& Tower with Radar,19,4,8,24,55,0,0,10,1,11,19,4,18,25,66,22,0,22,88
12/05/2022,MOB,AL,ASO,CE,Combined TRACON& Tower with Radar,18,6,17,51,92,0,0,2,4,6,18,6,19,55,98,0,104,104,202
12/06/2022,MOB,AL,ASO,CE,Combined TRACON& Tower with Radar,17,6,20,98,141,0,0,8,29,37,17,6,28,127,178,0,62,62,240
12/07/2022,MOB,AL,ASO,CE,Combined TRACON& Tower with Radar,15,9,18,59,101,0,2,15,32,49,15,11,33,91,150,0,142,142,292
12/08/2022,MOB,AL,ASO,CE,Combined TRACON& Tower with Radar,16,7,23,89,135,0,0,12,31,43,16,7,35,120,178,46,152,198,376
12/09/2022,MOB,AL,ASO,CE,Combined TRACON& Tower with Radar,17,7,10,56,90,0,0,2,14,16,17,7,12,70,106,0,28,28,134
12/10/2022,MOB,AL,ASO,CE,Combined TRACON& Tower with Radar,12,4,8,4,28,0,0,1,0,1,12,4,9,4,29,12,0,12,41
12/11/2022,MOB,AL,ASO,CE,Combined TRACON& Tower with Radar,20,6,6,13,45,0,0,0,1,1,20,6,6,14,46,0,0,0,46
12/12/2022,MOB,AL,ASO,CE,Combined TRACON& Tower with Radar,17,6,7,81,111,0,0,1,18,19,17,6,8,99,130,24,36,60,190
12/13/2022,MOB,AL,ASO,CE,Combined TRACON& Tower with Radar,18,6,11,91,126,0,0,0,10,10,18,6,11,101,136,0,0,0,136
12/14/2022,MOB,AL,ASO,CE,Combined TRACON& Tower with Radar,14,8,7,22,51,0,0,0,7,7,14,8,7,29,58,0,16,16,74
12/15/2022,MOB,AL,ASO,CE,Combined TRACON& Tower with Radar,16,13,12,54,95,0,1,24,21,46,16,14,36,75,141,0,12,12,153
12/16/2022,MOB,AL,ASO,CE,Combined TRACON& Tower with Radar,14,15,9,63,101,0,1,32,35,68,14,16,41,98,169,8,26,34,203
12/17/2022,MOB,AL,ASO,CE,Combined TRACON& Tower with Radar,11,15,7,9,42,0,0,2,7,9,11,15,9,16,51,12,20,32,83
12/18/2022,MOB,AL,ASO,CE,Combined TRACON& Tower with Radar,10,14,10,30,64,0,0,22,13,35,10,14,32,43,99,18,0,18,117
12/19/2022,MOB,AL,ASO,CE,Combined TRACON& Tower with Radar,8,16,12,47,83,0,0,5,10,15,8,16,17,57,98,22,0,22,120
12/20/2022,MOB,AL,ASO,CE,Combined TRACON& Tower with Radar,8,17,13,20,58,0,0,0,0,0,8,17,13,20,58,0,0,0,58
12/21/2022,MOB,AL,ASO,CE,Combined TRACON& Tower with Radar,10,15,12,36,73,0,0,0,0,0,10,15,12,36,73,0,0,0,73
12/22/2022,MOB,AL,ASO,CE,Combined TRACON& Tower with Radar,8,13,13,91,125,0,1,0,1,2,8,14,13,92,127,0,0,0,127
12/23/2022,MOB,AL,ASO,CE,Combined TRACON& Tower with Radar,10,13,9,1,33,0,0,6,9,15,10,13,15,10,48,0,8,8,56
12/24/2022,MOB,AL,ASO,CE,Combined TRACON& Tower with Radar,8,10,6,0,24,0,0,13,3,16,8,10,19,3,40,0,0,0,40
12/25/2022,MOB,AL,ASO,CE,Combined TRACON& Tower with Radar,8,11,2,0,21,0,0,8,0,8,8,11,10,0,29,0,0,0,29
12/26/2022,MOB,AL,ASO,CE,Combined TRACON& Tower with Radar,10,18,15,0,43,0,0,10,2,12,10,18,25,2,55,0,0,0,55
12/27/2022,MOB,AL,ASO,CE,Combined TRACON& Tower with Radar,10,14,20,80,124,0,0,40,26,66,10,14,60,106,190,8,18,26,216
12/28/2022,MOB,AL,ASO,CE,Combined TRACON& Tower with Radar,10,20,11,41,82,0,0,15,15,30,10,20,26,56,112,0,0,0,112
12/29/2022,MOB,AL,ASO,CE,Combined TRACON& Tower with Radar,10,15,16,46,87,0,0,6,11,17,10,15,22,57,104,20,0,20,124
12/30/2022,MOB,AL,ASO,CE,Combined TRACON& Tower with Radar,10,15,3,0,28,0,0,0,0,0,10,15,3,0,28,0,0,0,28
12/31/2022,MOB,AL,ASO,CE,Combined TRACON& Tower with Radar,8,11,10,2,31,0,0,1,0,1,8,11,11,2,32,0,0,0,32
01/01/2023,MOB,AL,ASO,CE,Combined TRACON& Tower with Radar,12,13,8,0,33,0,0,7,0,7,12,13,15,0,40,36,14,50,90
01/02/2023,MOB,AL,ASO,CE,Combined TRACON& Tower with Radar,11,19,13,4,47,0,0,0,0,0,11,19,13,4,47,0,0,0,47
01/03/2023,MOB,AL,ASO,CE,Combined TRACON& Tower with Radar,7,15,9,18,49,0,0,0,2,2,7,15,9,20,51,0,0,0,51
01/04/2023,MOB,AL,ASO,CE,Combined TRACON& Tower with Radar,11,11,10,90,122,0,1,14,30,45,11,12,24,120,167,15,102,117,284
01/05/2023,MOB,AL,ASO,CE,Combined TRACON& Tower with Radar,10,10,12,71,103,0,0,18,16,34,10,10,30,87,137,0,40,40,177
01/06/2023,MOB,AL,ASO,CE,Combined TRACON& Tower with Radar,14,10,21,75,120,0,3,31,45,79,14,13,52,120,199,30,4,34,233
01/07/2023,MOB,AL,ASO,CE,Combined TRACON& Tower with Radar,12,9,13,13,47,0,0,32,13,45,12,9,45,26,92,4,0,4,96
01/08/2023,MOB,AL,ASO,CE,Combined TRACON& Tower with Radar,12,9,15,3,39,0,0,6,4,10,12,9,21,7,49,33,24,57,106
01/09/2023,MOB,AL,ASO,CE,Combined TRACON& Tower with Radar,16,7,17,62,102,0,1,7,44,52,16,8,24,106,154,0,20,20,174
01/10/2023,MOB,AL,ASO,CE,Combined TRACON& Tower with Radar,14,8,10,83,115,0,0,18,54,72,14,8,28,137,187,0,56,56,243
01/11/2023,MOB,AL,ASO,CE,Combined TRACON& Tower with Radar,15,12,12,136,175,0,2,3,18,23,15,14,15,154,198,0,48,48,246
01/12/2023,MOB,AL,ASO,CE,Combined TRACON& Tower with Radar,17,7,15,40,79,0,0,1,17,18,17,7,16,57,97,0,10,10,107
01/13/2023,MOB,AL,ASO,CE,Combined TRACON& Tower with Radar,16,8,10,65,99,0,1,13,19,33,16,9,23,84,132,8,98,106,238
01/14/2023,MOB,AL,ASO,CE,Combined TRACON& Tower with Radar,11,9,11,20,51,0,0,16,8,24,11,9,27,28,75,0,0,0,75
01/15/2023,MOB,AL,ASO,CE,Combined TRACON& Tower with Radar,14,8,7,19,48,0,0,17,13,30,14,8,24,32,78,0,0,0,78
01/16/2023,MOB,AL,ASO,CE,Combined TRACON& Tower with Radar,16,8,19,4,47,0,0,10,0,10,16,8,29,4,57,0,0,0,57
01/17/2023,MOB,AL,ASO,CE,Combined TRACON& Tower with Radar,14,9,13,61,97,0,0,5,30,35,14,9,18,91,132,0,12,12,144
01/18/2023,MOB,AL,ASO,CE,Combined TRACON& Tower with Radar,11,18,5,125,159,0,0,1,18,19,11,18,6,143,178,0,40,40,218
01/19/2023,MOB,AL,ASO,CE,Combined TRACON& Tower with Radar,16,10,20,85,131,0,3,21,18,42,16,13,41,103,173,0,22,22,195
01/20/2023,MOB,AL,ASO,CE,Combined TRACON& Tower with Radar,16,11,17,52,96,0,1,23,37,61,16,12,40,89,157,22,10,32,189
01/21/2023,MOB,AL,ASO,CE,Combined TRACON& Tower with Radar,11,8,9,20,48,0,0,2,2,4,11,8,11,22,52,0,0,0,52
01/22/2023,MOB,AL,ASO,CE,Combined TRACON& Tower with Radar,16,7,4,26,53,0,3,0,0,3,16,10,4,26,56,0,0,0,56
01/23/2023,MOB,AL,ASO,CE,Combined TRACON& Tower with Radar,13,9,19,72,113,0,0,15,20,35,13,9,34,92,148,0,0,0,148
01/24/2023,MOB,AL,ASO,CE,Combined TRACON& Tower with Radar,14,9,10,56,89,0,0,2,31,33,14,9,12,87,122,12,4,16,138
01/25/2023,MOB,AL,ASO,CE,Combined TRACON& Tower with Radar,14,10,9,59,92,0,0,3,24,27,14,10,12,83,119,0,68,68,187
01/26/2023,MOB,AL,ASO,CE,Combined TRACON& Tower with Radar,16,9,18,42,85,0,0,18,32,50,16,9,36,74,135,0,0,0,135
01/27/2023,MOB,AL,ASO,CE,Combined TRACON& Tower with Radar,20,9,13,38,80,0,0,24,15,39,20,9,37,53,119,0,0,0,119
01/28/2023,MOB,AL,ASO,CE,Combined TRACON& Tower with Radar,12,11,10,14,47,0,1,25,11,37,12,12,35,25,84,0,0,0,84
01/29/2023,MOB,AL,ASO,CE,Combined TRACON& Tower with Radar,15,11,8,4,38,0,0,0,0,0,15,11,8,4,38,0,0,0,38
01/30/2023,MOB,AL,ASO,CE,Combined TRACON& Tower with Radar,12,11,7,65,95,0,0,1,3,4,12,11,8,68,99,0,24,24,123
01/31/2023,MOB,AL,ASO,CE,Combined TRACON& Tower with Radar,14,15,32,98,159,0,0,4,9,13,14,15,36,107,172,0,70,70,242
02/01/2023,MOB,AL,ASO,CE,Combined TRACON& Tower with Radar,14,11,21,62,108,0,0,0,8,8,14,11,21,70,116,0,48,48,164
02/02/2023,MOB,AL,ASO,CE,Combined TRACON& Tower with Radar,16,11,9,54,90,0,0,0,0,0,16,11,9,54,90,0,0,0,90
02/03/2023,MOB,AL,ASO,CE,Combined TRACON& Tower with Radar,16,15,14,46,91,0,0,12,21,33,16,15,26,67,124,0,0,0,124
02/04/2023,MOB,AL,ASO,CE,Combined TRACON& Tower with Radar,14,8,15,2,39,0,0,19,16,35,14,8,34,18,74,14,8,22,96
02/05/2023,MOB,AL,ASO,CE,Combined TRACON& Tower with Radar,15,8,7,20,50,0,1,13,12,26,15,9,20,32,76,34,16,50,126
02/06/2023,MOB,AL,ASO,CE,Combined TRACON& Tower with Radar,16,10,18,104,148,0,1,28,31,60,16,11,46,135,208,10,32,42,250
02/07/2023,MOB,AL,ASO,CE,Combined TRACON& Tower with Radar,17,12,11,32,72,0,0,5,23,28,17,12,16,55,100,0,0,0,100
02/08/2023,MOB,AL,ASO,CE,Combined TRACON& Tower with Radar,16,12,16,39,83,0,0,0,13,13,16,12,16,52,96,0,46,46,142
02/09/2023,MOB,AL,ASO,CE,Combined TRACON& Tower with Radar,16,12,18,39,85,0,0,0,10,10,16,12,18,49,95,0,0,0,95
02/10/2023,MOB,AL,ASO,CE,Combined TRACON& Tower with Radar,16,17,9,27,69,0,0,0,17,17,16,17,9,44,86,0,54,54,140
02/11/2023,MOB,AL,ASO,CE,Combined TRACON& Tower with Radar,16,15,6,10,47,0,0,0,0,0,16,15,6,10,47,0,0,0,47
02/12/2023,MOB,AL,ASO,CE,Combined TRACON& Tower with Radar,14,10,13,23,60,0,0,10,12,22,14,10,23,35,82,90,20,110,192
02/13/2023,MOB,AL,ASO,CE,Combined TRACON& Tower with Radar,14,13,12,71,110,0,0,7,39,46,14,13,19,110,156,16,30,46,202
02/14/2023,MOB,AL,ASO,CE,Combined TRACON& Tower with Radar,16,10,19,50,95,0,1,12,18,31,16,11,31,68,126,0,0,0,126
02/15/2023,MOB,AL,ASO,CE,Combined TRACON& Tower with Radar,20,13,16,53,102,0,0,6,24,30,20,13,22,77,132,0,28,28,160
02/16/2023,MOB,AL,ASO,CE,Combined TRACON& Tower with Radar,17,12,10,32,71,0,0,0,19,19,17,12,10,51,90,0,110,110,200
02/17/2023,MOB,AL,ASO,CE,Combined TRACON& Tower with Radar,15,11,16,36,78,0,0,2,4,6,15,11,18,40,84,0,0,0,84
02/18/2023,MOB,AL,ASO,CE,Combined TRACON& Tower with Radar,16,11,13,18,58,0,0,22,11,33,16,11,35,29,91,4,0,4,95
02/19/2023,MOB,AL,ASO,CE,Combined TRACON& Tower with Radar,14,11,20,11,56,0,0,11,6,17,14,11,31,17,73,2,0,2,75
02/20/2023,MOB,AL,ASO,CE,Combined TRACON& Tower with Radar,15,11,10,2,38,0,0,5,2,7,15,11,15,4,45,26,0,26,71
02/21/2023,MOB,AL,ASO,CE,Combined TRACON& Tower with Radar,18,10,20,87,135,0,0,1,20,21,18,10,21,107,156,0,112,112,268
02/22/2023,MOB,AL,ASO,CE,Combined TRACON& Tower with Radar,18,14,7,81,120,0,0,2,19,21,18,14,9,100,141,6,118,124,265
02/23/2023,MOB,AL,ASO,CE,Combined TRACON& Tower with Radar,16,10,9,102,137,0,0,2,11,13,16,10,11,113,150,0,70,70,220
02/24/2023,MOB,AL,ASO,CE,Combined TRACON& Tower with Radar,16,12,19,81,128,0,0,3,27,30,16,12,22,108,158,18,88,106,264
02/25/2023,MOB,AL,ASO,CE,Combined TRACON& Tower with Radar,16,14,4,26,60,0,1,1,3,5,16,15,5,29,65,12,0,12,77
02/26/2023,MOB,AL,ASO,CE,Combined TRACON& Tower with Radar,14,13,27,24,78,0,0,10,16,26,14,13,37,40,104,22,0,22,126
02/27/2023,MOB,AL,ASO,CE,Combined TRACON& Tower with Radar,15,13,11,52,91,0,0,5,21,26,15,13,16,73,117,12,26,38,155
02/28/2023,MOB,AL,ASO,CE,Combined TRACON& Tower with Radar,16,15,18,97,146,0,0,13,25,38,16,15,31,122,184,74,200,274,458
03/01/2023,MOB,AL,ASO,CE,Combined TRACON& Tower with Radar,16,9,15,91,131,0,0,0,28,28,16,9,15,119,159,0,140,140,299
03/02/2023,MOB,AL,ASO,CE,Combined TRACON& Tower with Radar,13,20,22,82,137,0,0,3,22,25,13,20,25,104,162,0,212,212,374
03/03/2023,MOB,AL,ASO,CE,Combined TRACON& Tower with Radar,19,14,13,86,132,0,4,5,29,38,19,18,18,115,170,0,46,46,216
03/04/2023,MOB,AL,ASO,CE,Combined TRACON& Tower with Radar,16,12,12,4,44,0,3,31,8,42,16,15,43,12,86,22,8,30,116
03/05/2023,MOB,AL,ASO,CE,Combined TRACON& Tower with Radar,16,13,11,39,79,0,0,22,13,35,16,13,33,52,114,0,2,2,116
03/06/2023,MOB,AL,ASO,CE,Combined TRACON& Tower with Radar,16,13,9,79,117,0,0,7,18,25,16,13,16,97,142,0,124,124,266
03/07/2023,MOB,AL,ASO,CE,Combined TRACON& Tower with Radar,16,14,9,65,104,0,0,16,28,44,16,14,25,93,148,4,108,112,260
03/08/2023,MOB,AL,ASO,CE,Combined TRACON& Tower with Radar,16,15,16,57,104,0,0,11,19,30,16,15,27,76,134,34,52,86,220
03/09/2023,MOB,AL,ASO,CE,Combined TRACON& Tower with Radar,16,12,14,50,92,0,0,6,29,35,16,12,20,79,127,0,0,0,127
03/10/2023,MOB,AL,ASO,CE,Combined TRACON& Tower with Radar,16,11,8,61,96,0,0,9,29,38,16,11,17,90,134,0,54,54,188
03/11/2023,MOB,AL,ASO,CE,Combined TRACON& Tower with Radar,15,16,12,13,56,0,0,22,5,27,15,16,34,18,83,26,0,26,109
03/12/2023,MOB,AL,ASO,CE,Combined TRACON& Tower with Radar,16,11,10,4,41,0,0,0,1,1,16,11,10,5,42,0,0,0,42
03/13/2023,MOB,AL,ASO,CE,Combined TRACON& Tower with Radar,16,13,12,46,87,0,2,9,20,31,16,15,21,66,118,14,18,32,150
03/14/2023,MOB,AL,ASO,CE,Combined TRACON& Tower with Radar,16,16,9,72,113,0,0,24,34,58,16,16,33,106,171,0,22,22,193
03/15/2023,MOB,AL,ASO,CE,Combined TRACON& Tower with Radar,16,12,9,60,97,0,0,22,62,84,16,12,31,122,181,18,96,114,295
03/16/2023,MOB,AL,ASO,CE,Combined TRACON& Tower with Radar,15,12,10,93,130,0,0,10,45,55,15,12,20,138,185,34,90,124,309
03/17/2023,MOB,AL,ASO,CE,Combined TRACON& Tower with Radar,18,17,6,25,66,0,0,0,12,12,18,17,6,37,78,22,90,112,190
03/18/2023,MOB,AL,ASO,CE,Combined TRACON& Tower with Radar,18,12,2,6,38,0,0,13,10,23,18,12,15,16,61,24,0,24,85
03/19/2023,MOB,AL,ASO,CE,Combined TRACON& Tower with Radar,17,10,8,26,61,0,0,7,12,19,17,10,15,38,80,90,8,98,178
03/20/2023,MOB,AL,ASO,CE,Combined TRACON& Tower with Radar,18,12,11,41,82,0,0,16,36,52,18,12,27,77,134,8,4,12,146
03/21/2023,MOB,AL,ASO,CE,Combined TRACON& Tower with Radar,17,20,24,72,133,0,1,30,28,59,17,21,54,100,192,66,58,124,316
03/22/2023,MOB,AL,ASO,CE,Combined TRACON& Tower with Radar,15,12,15,47,89,0,0,27,40,67,15,12,42,87,156,12,282,294,450
03/23/2023,MOB,AL,ASO,CE,Combined TRACON& Tower with Radar,20,14,33,48,115,0,1,11,23,35,20,15,44,71,150,0,80,80,230
03/24/2023,MOB,AL,ASO,CE,Combined TRACON& Tower with Radar,16,12,14,55,97,0,0,5,9,14,16,12,19,64,111,0,0,0,111
03/25/2023,MOB,AL,ASO,CE,Combined TRACON& Tower with Radar,17,12,22,3,54,0,0,5,5,10,17,12,27,8,64,20,0,20,84
03/26/2023,MOB,AL,ASO,CE,Combined TRACON& Tower with Radar,13,10,9,2,34,0,0,0,1,1,13,10,9,3,35,0,0,0,35
03/27/2023,MOB,AL,ASO,CE,Combined TRACON& Tower with Radar,15,14,6,25,60,0,0,2,18,20,15,14,8,43,80,20,121,141,221
03/28/2023,MOB,AL,ASO,CE,Combined TRACON& Tower with Radar,16,14,11,32,73,0,0,5,19,24,16,14,16,51,97,26,8,34,131
03/29/2023,MOB,AL,ASO,CE,Combined TRACON& Tower with Radar,16,10,18,71,115,0,0,24,44,68,16,10,42,115,183,0,88,88,271
03/30/2023,MOB,AL,ASO,CE,Combined TRACON& Tower with Radar,16,10,14,45,85,0,0,16,29,45,16,10,30,74,130,0,16,16,146
03/31/2023,MOB,AL,ASO,CE,Combined TRACON& Tower with Radar,14,14,13,67,108,0,0,3,15,18,14,14,16,82,126,0,40,40,166
04/01/2023,MOB,AL,ASO,CE,Combined TRACON& Tower with Radar,15,16,15,8,54,0,0,2,15,17,15,16,17,23,71,0,30,30,101
04/02/2023,MOB,AL,ASO,CE,Combined TRACON& Tower with Radar,15,10,11,15,51,0,0,26,11,37,15,10,37,26,88,0,6,6,94
04/03/2023,MOB,AL,ASO,CE,Combined TRACON& Tower with Radar,16,12,11,78,117,0,1,1,10,12,16,13,12,88,129,12,76,88,217
04/04/2023,MOB,AL,ASO,CE,Combined TRACON& Tower with Radar,16,13,5,90,124,0,0,4,8,12,16,13,9,98,136,22,86,108,244
04/05/2023,MOB,AL,ASO,CE,Combined TRACON& Tower with Radar,13,11,20,61,105,0,0,3,12,15,13,11,23,73,120,0,16,16,136
04/06/2023,MOB,AL,ASO,CE,Combined TRACON& Tower with Radar,16,10,17,52,95,0,0,7,34,41,16,10,24,86,136,0,32,32,168
04/07/2023,MOB,AL,ASO,CE,Combined TRACON& Tower with Radar,16,11,5,21,53,0,0,1,6,7,16,11,6,27,60,0,0,0,60
04/08/2023,MOB,AL,ASO,CE,Combined TRACON& Tower with Radar,14,11,8,2,35,0,0,2,0,2,14,11,10,2,37,0,0,0,37
04/09/2023,MOB,AL,ASO,CE,Combined TRACON& Tower with Radar,16,11,5,0,32,0,0,1,1,2,16,11,6,1,34,0,0,0,34
04/10/2023,MOB,AL,ASO,CE,Combined TRACON& Tower with Radar,16,18,19,86,139,0,3,15,24,42,16,21,34,110,181,14,38,52,233
04/11/2023,MOB,AL,ASO,CE,Combined TRACON& Tower with Radar,15,12,10,86,123,0,0,20,37,57,15,12,30,123,180,0,86,86,266
04/12/2023,MOB,AL,ASO,CE,Combined TRACON& Tower with Radar,19,13,9,42,83,0,0,7,21,28,19,13,16,63,111,0,138,138,249
04/13/2023,MOB,AL,ASO,CE,Combined TRACON& Tower with Radar,15,12,16,31,74,0,0,7,14,21,15,12,23,45,95,0,0,0,95
04/14/2023,MOB,AL,ASO,CE,Combined TRACON& Tower with Radar,16,12,21,72,121,0,0,48,16,64,16,12,69,88,185,20,40,60,245
04/15/2023,MOB,AL,ASO,CE,Combined TRACON& Tower with Radar,15,10,8,1,34,0,0,3,4,7,15,10,11,5,41,16,28,44,85
04/16/2023,MOB,AL,ASO,CE,Combined TRACON& Tower with Radar,15,10,11,38,74,0,0,6,12,18,15,10,17,50,92,30,28,58,150
04/17/2023,MOB,AL,ASO,CE,Combined TRACON& Tower with Radar,16,12,13,55,96,0,1,17,17,35,16,13,30,72,131,16,12,28,159
04/18/2023,MOB,AL,ASO,CE,Combined TRACON& Tower with Radar,13,12,7,102,134,0,0,18,18,36,13,12,25,120,170,0,20,20,190
04/19/2023,MOB,AL,ASO,CE,Combined TRACON& Tower with Radar,16,18,11,56,101,0,4,25,35,64,16,22,36,91,165,14,40,54,219
04/20/2023,MOB,AL,ASO,CE,Combined TRACON& Tower with Radar,17,11,12,37,77,0,1,23,33,57,17,12,35,70,134,38,46,84,218
04/21/2023,MOB,AL,ASO,CE,Combined TRACON& Tower with Radar,16,11,11,63,101,0,1,11,24,36,16,12,22,87,137,32,16,48,185
04/22/2023,MOB,AL,ASO,CE,Combined TRACON& Tower with Radar,16,11,9,1,37,0,1,12,2,15,16,12,21,3,52,0,0,0,52
04/23/2023,MOB,AL,ASO,CE,Combined TRACON& Tower with Radar,15,12,17,10,54,0,0,31,7,38,15,12,48,17,92,62,24,86,178
04/24/2023,MOB,AL,ASO,CE,Combined TRACON& Tower with Radar,14,12,13,68,107,0,0,13,30,43,14,12,26,98,150,22,38,60,210
04/25/2023,MOB,AL,ASO,CE,Combined TRACON& Tower with Radar,13,16,20,95,144,0,2,16,37,55,13,18,36,132,199,2,4,6,205
04/26/2023,MOB,AL,ASO,CE,Combined TRACON& Tower with Radar,15,12,20,80,127,0,0,13,37,50,15,12,33,117,177,22,0,22,199
04/27/2023,MOB,AL,ASO,CE,Combined TRACON& Tower with Radar,15,10,6,7,38,0,0,0,12,12,15,10,6,19,50,0,86,86,136
04/28/2023,MOB,AL,ASO,CE,Combined TRACON& Tower with Radar,14,12,10,64,100,0,0,22,32,54,14,12,32,96,154,0,20,20,174
04/29/2023,MOB,AL,ASO,CE,Combined TRACON& Tower with Radar,16,18,3,6,43,0,0,0,5,5,16,18,3,11,48,0,0,0,48
04/30/2023,MOB,AL,ASO,CE,Combined TRACON& Tower with Radar,16,10,6,23,55,0,0,7,12,19,16,10,13,35,74,0,0,0,74
05/01/2023,MOB,AL,ASO,CE,Combined TRACON& Tower with Radar,16,10,10,48,84,0,0,15,34,49,16,10,25,82,133,0,0,0,133
05/02/2023,MOB,AL,ASO,CE,Combined TRACON& Tower with Radar,14,10,13,66,103,0,0,21,24,45,14,10,34,90,148,14,50,64,212
05/03/2023,MOB,AL,ASO,CE,Combined TRACON& Tower with Radar,15,15,13,89,132,0,0,23,33,56,15,15,36,122,188,10,14,24,212
05/04/2023,MOB,AL,ASO,CE,Combined TRACON& Tower with Radar,14,11,16,33,74,0,0,26,39,65,14,11,42,72,139,28,12,40,179
05/05/2023,MOB,AL,ASO,CE,Combined TRACON& Tower with Radar,16,14,10,34,74,0,0,2,9,11,16,14,12,43,85,0,30,30,115
05/06/2023,MOB,AL,ASO,CE,Combined TRACON& Tower with Radar,17,11,10,4,42,0,0,2,7,9,17,11,12,11,51,0,0,0,51
05/07/2023,MOB,AL,ASO,CE,Combined TRACON& Tower with Radar,20,11,18,41,90,0,0,6,7,13,20,11,24,48,103,22,0,22,125
05/08/2023,MOB,AL,ASO,CE,Combined TRACON& Tower with Radar,15,9,11,47,82,0,1,0,16,17,15,10,11,63,99,0,114,114,213
05/09/2023,MOB,AL,ASO,CE,Combined TRACON& Tower with Radar,14,9,12,43,78,0,0,4,26,30,14,9,16,69,108,0,58,58,166
05/10/2023,MOB,AL,ASO,CE,Combined TRACON& Tower with Radar,14,8,23,66,111,0,0,17,42,59,14,8,40,108,170,0,74,74,244
05/11/2023,MOB,AL,ASO,CE,Combined TRACON& Tower with Radar,17,10,11,53,91,0,0,6,35,41,17,10,17,88,132,0,44,44,176
05/12/2023,MOB,AL,ASO,CE,Combined TRACON& Tower with Radar,17,11,23,105,156,0,0,21,36,57,17,11,44,141,213,20,136,156,369
05/13/2023,MOB,AL,ASO,CE,Combined TRACON& Tower with Radar,16,10,7,13,46,0,0,23,15,38,16,10,30,28,84,0,26,26,110
05/14/2023,MOB,AL,ASO,CE,Combined TRACON& Tower with Radar,16,10,3,11,40,0,1,9,11,21,16,11,12,22,61,18,0,18,79
05/15/2023,MOB,AL,ASO,CE,Combined TRACON& Tower with Radar,16,11,13,48,88,0,0,9,49,58,16,11,22,97,146,0,162,162,308
05/16/2023,MOB,AL,ASO,CE,Combined TRACON& Tower with Radar,15,9,18,44,86,0,0,8,25,33,15,9,26,69,119,0,0,0,119
05/17/2023,MOB,AL,ASO,CE,Combined TRACON& Tower with Radar,15,10,8,36,69,0,0,2,23,25,15,10,10,59,94,0,48,48,142
05/18/2023,MOB,AL,ASO,CE,Combined TRACON& Tower with Radar,17,12,19,69,117,0,0,14,30,44,17,12,33,99,161,0,76,76,237
05/19/2023,MOB,AL,ASO,CE,Combined TRACON& Tower with Radar,13,13,26,24,76,0,1,14,30,45,13,14,40,54,121,0,8,8,129
05/20/2023,MOB,AL,ASO,CE,Combined TRACON& Tower with Radar,15,9,5,15,44,0,0,14,11,25,15,9,19,26,69,0,0,0,69
05/21/2023,MOB,AL,ASO,CE,Combined TRACON& Tower with Radar,17,14,12,53,96,0,0,4,35,39,17,14,16,88,135,56,26,82,217
05/22/2023,MOB,AL,ASO,CE,Combined TRACON& Tower with Radar,17,13,14,115,159,0,0,18,34,52,17,13,32,149,211,32,122,154,365
05/23/2023,MOB,AL,ASO,CE,Combined TRACON& Tower with Radar,15,10,13,64,102,0,0,9,30,39,15,10,22,94,141,4,0,4,145
05/24/2023,MOB,AL,ASO,CE,Combined TRACON& Tower with Radar,16,9,12,114,151,0,0,1,22,23,16,9,13,136,174,0,72,72,246
05/25/2023,MOB,AL,ASO,CE,Combined TRACON& Tower with Radar,17,18,18,72,125,0,0,19,41,60,17,18,37,113,185,24,18,42,227
05/26/2023,MOB,AL,ASO,CE,Combined TRACON& Tower with Radar,17,12,16,62,107,0,0,16,22,38,17,12,32,84,145,0,14,14,159
05/27/2023,MOB,AL,ASO,CE,Combined TRACON& Tower with Radar,14,9,7,18,48,0,0,8,2,10,14,9,15,20,58,0,12,12,70
05/28/2023,MOB,AL,ASO,CE,Combined TRACON& Tower with Radar,16,9,3,13,41,0,2,9,9,20,16,11,12,22,61,14,11,25,86
05/29/2023,MOB,AL,ASO,CE,Combined TRACON& Tower with Radar,14,8,8,0,30,0,0,8,2,10,14,8,16,2,40,16,0,16,56
05/30/2023,MOB,AL,ASO,CE,Combined TRACON& Tower with Radar,15,9,18,31,73,0,2,13,11,26,15,11,31,42,99,6,16,22,121
05/31/2023,MOB,AL,ASO,CE,Combined TRACON& Tower with Radar,16,10,12,145,183,0,0,11,40,51,16,10,23,185,234,8,42,50,284
06/01/2023,MOB,AL,ASO,CE,Combined TRACON& Tower with Radar,17,8,14,91,130,0,0,8,32,40,17,8,22,123,170,0,74,74,244
06/02/2023,MOB,AL,ASO,CE,Combined TRACON& Tower with Radar,17,7,18,67,109,0,0,5,26,31,17,7,23,93,140,0,0,0,140
06/03/2023,MOB,AL,ASO,CE,Combined TRACON& Tower with Radar,15,6,14,8,43,0,0,17,11,28,15,6,31,19,71,0,0,0,71
06/04/2023,MOB,AL,ASO,CE,Combined TRACON& Tower with Radar,16,8,9,14,47,0,0,8,5,13,16,8,17,19,60,6,30,36,96
06/05/2023,MOB,AL,ASO,CE,Combined TRACON& Tower with Radar,17,11,5,43,76,0,0,4,29,33,17,11,9,72,109,0,10,10,119
06/06/2023,MOB,AL,ASO,CE,Combined TRACON& Tower with Radar,13,16,21,128,178,0,0,6,52,58,13,16,27,180,236,0,110,110,346
06/07/2023,MOB,AL,ASO,CE,Combined TRACON& Tower with Radar,23,13,18,92,146,0,0,7,31,38,23,13,25,123,184,24,155,179,363
06/08/2023,MOB,AL,ASO,CE,Combined TRACON& Tower with Radar,26,6,9,58,99,0,0,11,49,60,26,6,20,107,159,48,138,186,345
06/09/2023,MOB,AL,ASO,CE,Combined TRACON& Tower with Radar,19,6,20,87,132,0,0,16,40,56,19,6,36,127,188,50,34,84,272
06/10/2023,MOB,AL,ASO,CE,Combined TRACON& Tower with Radar,13,5,5,12,35,0,0,5,10,15,13,5,10,22,50,0,6,6,56
06/11/2023,MOB,AL,ASO,CE,Combined TRACON& Tower with Radar,15,9,8,50,82,0,1,7,10,18,15,10,15,60,100,10,6,16,116
06/12/2023,MOB,AL,ASO,CE,Combined TRACON& Tower with Radar,17,10,5,70,102,0,0,7,23,30,17,10,12,93,132,0,44,44,176
06/13/2023,MOB,AL,ASO,CE,Combined TRACON& Tower with Radar,14,14,22,93,143,0,0,6,35,41,14,14,28,128,184,32,74,106,290
06/14/2023,MOB,AL,ASO,CE,Combined TRACON& Tower with Radar,17,8,9,147,181,0,0,7,30,37,17,8,16,177,218,10,106,116,334
06/15/2023,MOB,AL,ASO,CE,Combined TRACON& Tower with Radar,15,8,11,10,44,0,1,1,9,11,15,9,12,19,55,8,50,58,113
06/16/2023,MOB,AL,ASO,CE,Combined TRACON& Tower with Radar,26,8,17,33,84,0,0,3,14,17,26,8,20,47,101,0,14,14,115
06/17/2023,MOB,AL,ASO,CE,Combined TRACON& Tower with Radar,16,6,11,9,42,0,0,7,6,13,16,6,18,15,55,36,24,60,115
06/18/2023,MOB,AL,ASO,CE,Combined TRACON& Tower with Radar,16,9,5,0,30,0,0,2,2,4,16,9,7,2,34,0,0,0,34
06/19/2023,MOB,AL,ASO,CE,Combined TRACON& Tower with Radar,17,12,6,0,35,0,0,2,0,2,17,12,8,0,37,0,0,0,37
06/20/2023,MOB,AL,ASO,CE,Combined TRACON& Tower with Radar,15,10,10,59,94,0,0,11,37,48,15,10,21,96,142,30,20,50,192
06/21/2023,MOB,AL,ASO,CE,Combined TRACON& Tower with Radar,16,12,12,29,69,0,0,5,17,22,16,12,17,46,91,16,40,56,147
06/22/2023,MOB,AL,ASO,CE,Combined TRACON& Tower with Radar,19,9,11,126,165,0,1,16,49,66,19,10,27,175,231,0,50,50,281
06/23/2023,MOB,AL,ASO,CE,Combined TRACON& Tower with Radar,16,10,13,132,171,0,0,11,28,39,16,10,24,160,210,34,90,124,334
06/24/2023,MOB,AL,ASO,CE,Combined TRACON& Tower with Radar,15,5,24,45,89,0,0,26,23,49,15,5,50,68,138,0,22,22,160
06/25/2023,MOB,AL,ASO,CE,Combined TRACON& Tower with Radar,18,9,13,33,73,0,0,8,9,17,18,9,21,42,90,4,18,22,112
06/26/2023,MOB,AL,ASO,CE,Combined TRACON& Tower with Radar,17,10,9,94,130,0,0,19,42,61,17,10,28,136,191,42,40,82,273
06/27/2023,MOB,AL,ASO,CE,Combined TRACON& Tower with Radar,16,12,23,63,114,0,0,9,42,51,16,12,32,105,165,0,64,64,229
06/28/2023,MOB,AL,ASO,CE,Combined TRACON& Tower with Radar,18,9,9,112,148,0,2,22,35,59,18,11,31,147,207,22,20,42,249
06/29/2023,MOB,AL,ASO,CE,Combined TRACON& Tower with Radar,20,9,12,102,143,0,1,20,34,55,20,10,32,136,198,14,40,54,252
06/30/2023,MOB,AL,ASO,CE,Combined TRACON& Tower with Radar,20,8,20,86,134,0,0,25,18,43,20,8,45,104,177,16,42,58,235
07/01/2023,MOB,AL,ASO,CE,Combined TRACON& Tower with Radar,14,5,10,3,32,0,0,16,0,16,14,5,26,3,48,0,0,0,48
07/02/2023,MOB,AL,ASO,CE,Combined TRACON& Tower with Radar,15,6,8,4,33,0,0,6,7,13,15,6,14,11,46,14,0,14,60
07/03/2023,MOB,AL,ASO,CE,Combined TRACON& Tower with Radar,12,8,5,1,26,0,0,7,1,8,12,8,12,2,34,0,0,0,34
07/04/2023,MOB,AL,ASO,CE,Combined TRACON& Tower with Radar,15,6,9,1,31,0,0,2,1,3,15,6,11,2,34,0,0,0,34
07/05/2023,MOB,AL,ASO,CE,Combined TRACON& Tower with Radar,18,7,9,12,46,0,0,3,10,13,18,7,12,22,59,0,46,46,105
07/06/2023,MOB,AL,ASO,CE,Combined TRACON& Tower with Radar,14,6,9,49,78,0,0,11,29,40,14,6,20,78,118,0,58,58,176
07/07/2023,MOB,AL,ASO,CE,Combined TRACON& Tower with Radar,18,6,7,72,103,0,2,14,50,66,18,8,21,122,169,16,28,44,213
07/08/2023,MOB,AL,ASO,CE,Combined TRACON& Tower with Radar,16,6,10,18,50,0,0,11,7,18,16,6,21,25,68,0,18,18,86
07/09/2023,MOB,AL,ASO,CE,Combined TRACON& Tower with Radar,15,8,4,3,30,0,0,0,0,0,15,8,4,3,30,12,0,12,42
07/10/2023,MOB,AL,ASO,CE,Combined TRACON& Tower with Radar,17,7,9,6,39,0,0,3,7,10,17,7,12,13,49,0,80,80,129
07/11/2023,MOB,AL,ASO,CE,Combined TRACON& Tower with Radar,17,9,10,57,93,0,0,2,19,21,17,9,12,76,114,0,10,10,124
07/12/2023,MOB,AL,ASO,CE,Combined TRACON& Tower with Radar,18,6,11,47,82,0,0,6,30,36,18,6,17,77,118,0,70,70,188
07/13/2023,MOB,AL,ASO,CE,Combined TRACON& Tower with Radar,22,10,17,38,87,0,0,10,26,36,22,10,27,64,123,2,24,26,149
07/14/2023,MOB,AL,ASO,CE,Combined TRACON& Tower with Radar,19,11,14,32,76,0,4,12,48,64,19,15,26,80,140,0,74,74,214
07/15/2023,MOB,AL,ASO,CE,Combined TRACON& Tower with Radar,16,6,10,27,59,0,1,22,17,40,16,7,32,44,99,10,0,10,109
07/16/2023,MOB,AL,ASO,CE,Combined TRACON& Tower with Radar,16,7,16,21,60,0,0,7,26,33,16,7,23,47,93,0,10,10,103
07/17/2023,MOB,AL,ASO,CE,Combined TRACON& Tower with Radar,25,7,12,107,151,0,0,12,45,57,25,7,24,152,208,0,18,18,226
07/18/2023,MOB,AL,ASO,CE,Combined TRACON& Tower with Radar,15,10,15,95,135,0,1,9,35,45,15,11,24,130,180,10,16,26,206
07/19/2023,MOB,AL,ASO,CE,Combined TRACON& Tower with Radar,20,10,20,108,158,0,1,13,56,70,20,11,33,164,228,0,90,90,318
07/20/2023,MOB,AL,ASO,CE,Combined TRACON& Tower with Radar,20,6,15,42,83,0,0,21,45,66,20,6,36,87,149,0,78,78,227
07/21/2023,MOB,AL,ASO,CE,Combined TRACON& Tower with Radar,18,12,8,69,107,0,0,11,23,34,18,12,19,92,141,0,18,18,159
07/22/2023,MOB,AL,ASO,CE,Combined TRACON& Tower with Radar,16,6,6,9,37,0,0,4,5,9,16,6,10,14,46,0,0,0,46
07/23/2023,MOB,AL,ASO,CE,Combined TRACON& Tower with Radar,23,6,5,27,61,0,0,7,9,16,23,6,12,36,77,0,25,25,102
07/24/2023,MOB,AL,ASO,CE,Combined TRACON& Tower with Radar,20,9,12,44,85,0,0,10,30,40,20,9,22,74,125,6,42,48,173
07/25/2023,MOB,AL,ASO,CE,Combined TRACON& Tower with Radar,24,8,16,88,136,0,0,14,41,55,24,8,30,129,191,38,8,46,237
07/26/2023,MOB,AL,ASO,CE,Combined TRACON& Tower with Radar,22,7,11,50,90,0,0,18,35,53,22,7,29,85,143,4,82,86,229
07/27/2023,MOB,AL,ASO,CE,Combined TRACON& Tower with Radar,18,11,12,34,75,0,3,17,36,56,18,14,29,70,131,46,14,60,191
07/28/2023,MOB,AL,ASO,CE,Combined TRACON& Tower with Radar,17,8,16,124,165,0,0,8,34,42,17,8,24,158,207,12,48,60,267
07/29/2023,MOB,AL,ASO,CE,Combined TRACON& Tower with Radar,16,8,12,25,61,0,1,7,10,18,16,9,19,35,79,0,0,0,79
07/30/2023,MOB,AL,ASO,CE,Combined TRACON& Tower with Radar,22,9,9,20,60,0,0,4,8,12,22,9,13,28,72,0,0,0,72
07/31/2023,MOB,AL,ASO,CE,Combined TRACON& Tower with Radar,19,11,15,83,128,0,1,19,33,53,19,12,34,116,181,10,80,90,271
08/01/2023,MOB,AL,ASO,CE,Combined TRACON& Tower with Radar,27,11,13,84,135,0,1,7,54,62,27,12,20,138,197,6,10,16,213
08/02/2023,MOB,AL,ASO,CE,Combined TRACON& Tower with Radar,14,10,16,106,146,0,0,13,41,54,14,10,29,147,200,18,126,144,344
08/03/2023,MOB,AL,ASO,CE,Combined TRACON& Tower with Radar,18,9,11,73,111,0,0,16,45,61,18,9,27,118,172,0,66,66,238
08/04/2023,MOB,AL,ASO,CE,Combined TRACON& Tower with Radar,20,5,7,101,133,0,1,14,48,63,20,6,21,149,196,0,44,44,240
08/05/2023,MOB,AL,ASO,CE,Combined TRACON& Tower with Radar,14,13,6,4,37,0,0,4,13,17,14,13,10,17,54,0,18,18,72
08/06/2023,MOB,AL,ASO,CE,Combined TRACON& Tower with Radar,16,8,4,40,68,0,0,3,17,20,16,8,7,57,88,0,10,10,98
08/07/2023,MOB,AL,ASO,CE,Combined TRACON& Tower with Radar,12,9,12,84,117,0,0,9,39,48,12,9,21,123,165,0,22,22,187
08/08/2023,MOB,AL,ASO,CE,Combined TRACON& Tower with Radar,17,6,10,69,102,0,1,9,40,50,17,7,19,109,152,0,0,0,152
08/09/2023,MOB,AL,ASO,CE,Combined TRACON& Tower with Radar,16,8,18,99,141,0,0,6,41,47,16,8,24,140,188,0,14,14,202
08/10/2023,MOB,AL,ASO,CE,Combined TRACON& Tower with Radar,15,6,11,112,144,0,0,11,42,53,15,6,22,154,197,1,40,41,238
08/11/2023,MOB,AL,ASO,CE,Combined TRACON& Tower with Radar,16,6,12,66,100,0,1,12,38,51,16,7,24,104,151,0,36,36,187
08/12/2023,MOB,AL,ASO,CE,Combined TRACON& Tower with Radar,14,4,5,8,31,0,0,7,14,21,14,4,12,22,52,0,22,22,74
08/13/2023,MOB,AL,ASO,CE,Combined TRACON& Tower with Radar,19,6,8,32,65,0,0,4,11,15,19,6,12,43,80,0,28,28,108
08/14/2023,MOB,AL,ASO,CE,Combined TRACON& Tower with Radar,16,12,11,127,166,0,0,5,32,37,16,12,16,159,203,0,70,70,273
08/15/2023,MOB,AL,ASO,CE,Combined TRACON& Tower with Radar,19,5,7,56,87,0,0,6,37,43,19,5,13,93,130,8,10,18,148
08/16/2023,MOB,AL,ASO,CE,Combined TRACON& Tower with Radar,20,11,17,91,139,0,0,9,29,38,20,11,26,120,177,0,60,60,237
08/17/2023,MOB,AL,ASO,CE,Combined TRACON& Tower with Radar,19,8,8,67,102,0,0,17,38,55,19,8,25,105,157,4,20,24,181
08/18/2023,MOB,AL,ASO,CE,Combined TRACON& Tower with Radar,18,7,16,75,116,0,2,15,40,57,18,9,31,115,173,0,68,68,241
08/19/2023,MOB,AL,ASO,CE,Combined TRACON& Tower with Radar,14,11,6,12,43,0,2,13,10,25,14,13,19,22,68,0,22,22,90
08/20/2023,MOB,AL,ASO,CE,Combined TRACON& Tower with Radar,15,7,9,46,77,0,0,17,14,31,15,7,26,60,108,0,8,8,116
08/21/2023,MOB,AL,ASO,CE,Combined TRACON& Tower with Radar,18,8,13,92,131,0,0,12,38,50,18,8,25,130,181,0,48,48,229
08/22/2023,MOB,AL,ASO,CE,Combined TRACON& Tower with Radar,20,7,8,72,107,0,0,11,34,45,20,7,19,106,152,8,8,16,168
08/23/2023,MOB,AL,ASO,CE,Combined TRACON& Tower with Radar,16,6,10,78,110,0,0,22,36,58,16,6,32,114,168,22,88,110,278
08/24/2023,MOB,AL,ASO,CE,Combined TRACON& Tower with Radar,15,8,16,49,88,0,0,21,33,54,15,8,37,82,142,14,2,16,158
08/25/2023,MOB,AL,ASO,CE,Combined TRACON& Tower with Radar,16,9,16,75,116,0,1,18,32,51,16,10,34,107,167,26,4,30,197
08/26/2023,MOB,AL,ASO,CE,Combined TRACON& Tower with Radar,14,9,13,14,50,0,1,20,4,25,14,10,33,18,75,0,0,0,75
08/27/2023,MOB,AL,ASO,CE,Combined TRACON& Tower with Radar,16,5,19,28,68,0,0,13,14,27,16,5,32,42,95,6,0,6,101
08/28/2023,MOB,AL,ASO,CE,Combined TRACON& Tower with Radar,14,11,9,11,45,0,0,7,17,24,14,11,16,28,69,0,28,28,97
08/29/2023,MOB,AL,ASO,CE,Combined TRACON& Tower with Radar,15,7,11,39,72,0,0,6,33,39,15,7,17,72,111,28,18,46,157
08/30/2023,MOB,AL,ASO,CE,Combined TRACON& Tower with Radar,14,15,9,85,123,0,1,3,25,29,14,16,12,110,152,0,52,52,204
08/31/2023,MOB,AL,ASO,CE,Combined TRACON& Tower with Radar,19,6,22,75,122,0,0,19,31,50,19,6,41,106,172,10,16,26,198
